ELO:888
CE_PASSEDPAWNS:0.38624042213717336
CE_PAWNWEAKNESSES:0.4350110092646322
CE_PIECEACTIVITY:0.4432961166989194
CE_KINGPAWNSHIELD:0.4784159958268641
CE_PIECECOORDINATION:0.5131921574780474
CE_MATERIAL:0.5714531366636701
CE_KINGSAFETY:0.4566328154384979
C_PIECESQUARETABLES:0.417295179410972
C_MOBILITY:0.6267226690318316
C_KINGSAFETY:0.5449323618454688
C_PAWNSTRUCTURE:0.5126216484008103
C_PIECECOORDINATION:0.5649951215754448
C_ROOKANDPAWNMOVEMENT:0.5649951215754448
C_CENTERCONTROL:0.47633272817363864
C_DEVELOPPIECES:0.4627470635399856
C_MATERIAL:0.5359826925252638
