ELO:882
CE_PASSEDPAWNS:0.4210349872144553
CE_PAWNWEAKNESSES:0.49808547217211624
CE_PIECEACTIVITY:0.4981378873481687
CE_KINGPAWNSHIELD:0.6254433654845866
CE_PIECECOORDINATION:0.4849309518838439
CE_MATERIAL:0.5771011514588289
CE_KINGSAFETY:0.5879335494049672
C_PIECESQUARETABLES:0.5064778690973041
C_MOBILITY:0.6499014877352574
C_KINGSAFETY:0.34187228085568333
C_PAWNSTRUCTURE:0.5031428674035352
C_PIECECOORDINATION:0.5387233047307235
C_ROOKANDPAWNMOVEMENT:0.5387233047307235
C_CENTERCONTROL:0.41529039864803263
C_DEVELOPPIECES:0.5266457919078669
C_MATERIAL:0.46612847497458115
