ELO:890
CE_PASSEDPAWNS:0.5762874187975547
CE_PAWNWEAKNESSES:0.4641337028860058
CE_PIECEACTIVITY:0.4611319367688761
CE_KINGPAWNSHIELD:0.4442805701632195
CE_PIECECOORDINATION:0.45360677689057877
CE_MATERIAL:0.5906585593002972
CE_KINGSAFETY:0.4855145804493942
C_PIECESQUARETABLES:0.5034306192901126
C_MOBILITY:0.6918170161932563
C_KINGSAFETY:0.4716819983644533
C_PAWNSTRUCTURE:0.43602922852863873
C_PIECECOORDINATION:0.6114514819146781
C_ROOKANDPAWNMOVEMENT:0.6114514819146781
C_CENTERCONTROL:0.4681814777539773
C_DEVELOPPIECES:0.5003548629917052
C_MATERIAL:0.5039838241567088
