ELO:908
CE_PASSEDPAWNS:0.5598786543688441
CE_PAWNWEAKNESSES:0.40184183299056453
CE_PIECEACTIVITY:0.48993730434041044
CE_KINGPAWNSHIELD:0.4713777359788835
CE_PIECECOORDINATION:0.5972362302390536
CE_MATERIAL:0.37551350605182215
CE_KINGSAFETY:0.4827261789531478
C_PIECESQUARETABLES:0.5366295613938779
C_MOBILITY:0.374962608417125
C_KINGSAFETY:0.43739467081077943
C_PAWNSTRUCTURE:0.4365058377958631
C_PIECECOORDINATION:0.4509424042656806
C_ROOKANDPAWNMOVEMENT:0.4509424042656806
C_CENTERCONTROL:0.48932783110583944
C_DEVELOPPIECES:0.5941927943562237
C_MATERIAL:0.5391723833166003
