ELO:896
CE_PASSEDPAWNS:0.4958623291070819
CE_PAWNWEAKNESSES:0.5993425509771383
CE_PIECEACTIVITY:0.4319624708473478
CE_KINGPAWNSHIELD:0.5039405542879983
CE_PIECECOORDINATION:0.4413357882054671
CE_MATERIAL:0.5528598518196713
CE_KINGSAFETY:0.4842754538988288
C_PIECESQUARETABLES:0.4649501093990243
C_MOBILITY:0.37628948909858645
C_KINGSAFETY:0.468069890412564
C_PAWNSTRUCTURE:0.494770201064698
C_PIECECOORDINATION:0.4293655825462942
C_ROOKANDPAWNMOVEMENT:0.4293655825462942
C_CENTERCONTROL:0.40656419351761736
C_DEVELOPPIECES:0.5248997777498743
C_MATERIAL:0.43642242361960365
