ELO:908
CE_PASSEDPAWNS:0.5326094836655514
CE_PAWNWEAKNESSES:0.5559690242445539
CE_PIECEACTIVITY:0.5367125705454876
CE_KINGPAWNSHIELD:0.5305182587078842
CE_PIECECOORDINATION:0.3424227124429051
CE_MATERIAL:0.5039737886549799
CE_KINGSAFETY:0.5015031955989805
C_PIECESQUARETABLES:0.4896225861028651
C_MOBILITY:0.5526742490930784
C_KINGSAFETY:0.4497579720926376
C_PAWNSTRUCTURE:0.47414362683990496
C_PIECECOORDINATION:0.5647242779939482
C_ROOKANDPAWNMOVEMENT:0.5647242779939482
C_CENTERCONTROL:0.4471779823748742
C_DEVELOPPIECES:0.5651168228407452
C_MATERIAL:0.5283867882169276
