ELO:895
CE_PASSEDPAWNS:0.5323776581569731
CE_PAWNWEAKNESSES:0.4751272663549178
CE_PIECEACTIVITY:0.4887489042582936
CE_KINGPAWNSHIELD:0.5107167001415455
CE_PIECECOORDINATION:0.423982229919891
CE_MATERIAL:0.5931671624674095
CE_KINGSAFETY:0.4820645202490202
C_PIECESQUARETABLES:0.5090032287819639
C_MOBILITY:0.49269194665883176
C_KINGSAFETY:0.5068175786264235
C_PAWNSTRUCTURE:0.49530741105607196
C_PIECECOORDINATION:0.5569138975063783
C_ROOKANDPAWNMOVEMENT:0.5569138975063783
C_CENTERCONTROL:0.499736140340559
C_DEVELOPPIECES:0.45979182695678267
C_MATERIAL:0.6238424789871325
