ELO:915
CE_PASSEDPAWNS:0.4975052673941709
CE_PAWNWEAKNESSES:0.4246652167074811
CE_PIECEACTIVITY:0.4844874125043935
CE_KINGPAWNSHIELD:0.5303090752352452
CE_PIECECOORDINATION:0.39397624837557665
CE_MATERIAL:0.6190649888055069
CE_KINGSAFETY:0.45992547476084894
C_PIECESQUARETABLES:0.5191332428717276
C_MOBILITY:0.6662872841401717
C_KINGSAFETY:0.5432702086704013
C_PAWNSTRUCTURE:0.45497900498031174
C_PIECECOORDINATION:0.5569171342961322
C_ROOKANDPAWNMOVEMENT:0.5569171342961322
C_CENTERCONTROL:0.5041581510747065
C_DEVELOPPIECES:0.4644142274477068
C_MATERIAL:0.48095799019475555
