ELO:898
CE_PASSEDPAWNS:0.45708124417101526
CE_PAWNWEAKNESSES:0.5840454962426818
CE_PIECEACTIVITY:0.6074452304344791
CE_KINGPAWNSHIELD:0.4092559897386716
CE_PIECECOORDINATION:0.5089423179348802
CE_MATERIAL:0.5760830013908552
CE_KINGSAFETY:0.4856698721037967
C_PIECESQUARETABLES:0.505283018591597
C_MOBILITY:0.3637525265651969
C_KINGSAFETY:0.5507117509924722
C_PAWNSTRUCTURE:0.43589887096421426
C_PIECECOORDINATION:0.5773258594048215
C_ROOKANDPAWNMOVEMENT:0.5773258594048215
C_CENTERCONTROL:0.4835006647035912
C_DEVELOPPIECES:0.47465898913180293
C_MATERIAL:0.5036732659284601
