ELO:908
CE_PASSEDPAWNS:0.42279549546412815
CE_PAWNWEAKNESSES:0.45896050333638516
CE_PIECEACTIVITY:0.5442191430143009
CE_KINGPAWNSHIELD:0.46933743290976376
CE_PIECECOORDINATION:0.4467612298980817
CE_MATERIAL:0.4559373627258992
CE_KINGSAFETY:0.5385076387776078
C_PIECESQUARETABLES:0.4696518687552164
C_MOBILITY:0.47370470779411367
C_KINGSAFETY:0.5139492318371472
C_PAWNSTRUCTURE:0.4753774259428937
C_PIECECOORDINATION:0.5726283634460613
C_ROOKANDPAWNMOVEMENT:0.5726283634460613
C_CENTERCONTROL:0.4492410806054862
C_DEVELOPPIECES:0.44325856962442856
C_MATERIAL:0.5393979506590382
