ELO:917
CE_PASSEDPAWNS:0.5811188818964319
CE_PAWNWEAKNESSES:0.47706500331761076
CE_PIECEACTIVITY:0.47610376720645275
CE_KINGPAWNSHIELD:0.5493280766717409
CE_PIECECOORDINATION:0.5891024503297515
CE_MATERIAL:0.5043615974260034
CE_KINGSAFETY:0.4872742565301238
C_PIECESQUARETABLES:0.4708708831718443
C_MOBILITY:0.532927114290211
C_KINGSAFETY:0.516640418463884
C_PAWNSTRUCTURE:0.58881099675829
C_PIECECOORDINATION:0.5424699913731973
C_ROOKANDPAWNMOVEMENT:0.5424699913731973
C_CENTERCONTROL:0.47825224613444917
C_DEVELOPPIECES:0.4197485763473654
C_MATERIAL:0.49053591361391563
