ELO:890
CE_PASSEDPAWNS:0.621020994880845
CE_PAWNWEAKNESSES:0.537766562465619
CE_PIECEACTIVITY:0.4451147700633545
CE_KINGPAWNSHIELD:0.5115648096053895
CE_PIECECOORDINATION:0.38666552591255027
CE_MATERIAL:0.6236012564080519
CE_KINGSAFETY:0.5020960797835918
C_PIECESQUARETABLES:0.4988905936820844
C_MOBILITY:0.5887874800095516
C_KINGSAFETY:0.5381947488808174
C_PAWNSTRUCTURE:0.5754690782187053
C_PIECECOORDINATION:0.4879460023496718
C_ROOKANDPAWNMOVEMENT:0.4879460023496718
C_CENTERCONTROL:0.633179259990144
C_DEVELOPPIECES:0.5822964133936346
C_MATERIAL:0.45308326207725647
