ELO:915
CE_PASSEDPAWNS:0.4096379956938775
CE_PAWNWEAKNESSES:0.36095515063017625
CE_PIECEACTIVITY:0.5411620019809621
CE_KINGPAWNSHIELD:0.6079668850277584
CE_PIECECOORDINATION:0.4401035313761037
CE_MATERIAL:0.5419876277861243
CE_KINGSAFETY:0.49126333048178644
C_PIECESQUARETABLES:0.545057581373518
C_MOBILITY:0.48303816708641695
C_KINGSAFETY:0.5767542088992388
C_PAWNSTRUCTURE:0.4868828103243913
C_PIECECOORDINATION:0.556327402839216
C_ROOKANDPAWNMOVEMENT:0.556327402839216
C_CENTERCONTROL:0.4706722227893374
C_DEVELOPPIECES:0.49743120148828485
C_MATERIAL:0.5722906963655315
