ELO:908
CE_PASSEDPAWNS:0.526048794051958
CE_PAWNWEAKNESSES:0.5218452536486522
CE_PIECEACTIVITY:0.5890815529070846
CE_KINGPAWNSHIELD:0.4438663048107637
CE_PIECECOORDINATION:0.47372962995885753
CE_MATERIAL:0.5324822046838537
CE_KINGSAFETY:0.486517636395784
C_PIECESQUARETABLES:0.5740841290573577
C_MOBILITY:0.5188165861888819
C_KINGSAFETY:0.4730092161273073
C_PAWNSTRUCTURE:0.5012669094937454
C_PIECECOORDINATION:0.4671046839632057
C_ROOKANDPAWNMOVEMENT:0.4671046839632057
C_CENTERCONTROL:0.4774615967945535
C_DEVELOPPIECES:0.5766650217894426
C_MATERIAL:0.4704518516842997
