ELO:907
CE_PASSEDPAWNS:0.44754044264741394
CE_PAWNWEAKNESSES:0.43222782940015325
CE_PIECEACTIVITY:0.5277876045759631
CE_KINGPAWNSHIELD:0.4241757765686743
CE_PIECECOORDINATION:0.44676045270009895
CE_MATERIAL:0.5986387106391607
CE_KINGSAFETY:0.49646579812640873
C_PIECESQUARETABLES:0.5374422017407244
C_MOBILITY:0.46132030347182695
C_KINGSAFETY:0.5040006525497861
C_PAWNSTRUCTURE:0.49196903700042033
C_PIECECOORDINATION:0.559067766785864
C_ROOKANDPAWNMOVEMENT:0.559067766785864
C_CENTERCONTROL:0.5366386659438582
C_DEVELOPPIECES:0.5065717270091777
C_MATERIAL:0.42336021544225083
