ELO:940
CE_PASSEDPAWNS:0.45531337112313913
CE_PAWNWEAKNESSES:0.48840564274602255
CE_PIECEACTIVITY:0.6108835812418285
CE_KINGPAWNSHIELD:0.5208645715901574
CE_PIECECOORDINATION:0.5597097749230796
CE_MATERIAL:0.4242899889711743
CE_KINGSAFETY:0.5246808910256021
C_PIECESQUARETABLES:0.49886200427193106
C_MOBILITY:0.5491549899115358
C_KINGSAFETY:0.552744138731736
C_PAWNSTRUCTURE:0.4885856196739428
C_PIECECOORDINATION:0.5703364315903322
C_ROOKANDPAWNMOVEMENT:0.5703364315903322
C_CENTERCONTROL:0.5055502761454931
C_DEVELOPPIECES:0.5189776477502682
C_MATERIAL:0.5232302435049879
