ELO:906
CE_PASSEDPAWNS:0.48397076219727514
CE_PAWNWEAKNESSES:0.5892935074800372
CE_PIECEACTIVITY:0.48891174076988003
CE_KINGPAWNSHIELD:0.44760103615799574
CE_PIECECOORDINATION:0.5459645175746514
CE_MATERIAL:0.43622161724780195
CE_KINGSAFETY:0.5139206276496149
C_PIECESQUARETABLES:0.527590836453343
C_MOBILITY:0.3995454300536032
C_KINGSAFETY:0.45909191664050764
C_PAWNSTRUCTURE:0.5826516095327409
C_PIECECOORDINATION:0.5718517909376
C_ROOKANDPAWNMOVEMENT:0.5718517909376
C_CENTERCONTROL:0.4322459012010579
C_DEVELOPPIECES:0.5508910487070281
C_MATERIAL:0.4759741991380533
