ELO:905
CE_PASSEDPAWNS:0.5048027136753149
CE_PAWNWEAKNESSES:0.5004672205232827
CE_PIECEACTIVITY:0.6190980555858364
CE_KINGPAWNSHIELD:0.4600656574330917
CE_PIECECOORDINATION:0.4245170558520232
CE_MATERIAL:0.43638094169013014
CE_KINGSAFETY:0.5545682668041728
C_PIECESQUARETABLES:0.5271460877512899
C_MOBILITY:0.5372216596552093
C_KINGSAFETY:0.40922592978563743
C_PAWNSTRUCTURE:0.48391411976746046
C_PIECECOORDINATION:0.3761857825072198
C_ROOKANDPAWNMOVEMENT:0.3761857825072198
C_CENTERCONTROL:0.4557516075236792
C_DEVELOPPIECES:0.5976145816661462
C_MATERIAL:0.5179285105355003
