ELO:905
CE_PASSEDPAWNS:0.5525249380421782
CE_PAWNWEAKNESSES:0.5050637604837855
CE_PIECEACTIVITY:0.5724271958120288
CE_KINGPAWNSHIELD:0.5492270061111598
CE_PIECECOORDINATION:0.5013945362559822
CE_MATERIAL:0.44736483471081123
CE_KINGSAFETY:0.4385418204376054
C_PIECESQUARETABLES:0.5231768122396897
C_MOBILITY:0.3990489181151275
C_KINGSAFETY:0.46184954416358287
C_PAWNSTRUCTURE:0.46261764476353034
C_PIECECOORDINATION:0.5698743731123913
C_ROOKANDPAWNMOVEMENT:0.5698743731123913
C_CENTERCONTROL:0.45129469282483337
C_DEVELOPPIECES:0.603278883051707
C_MATERIAL:0.5844968155129338
