ELO:912
CE_PASSEDPAWNS:0.5243252013231853
CE_PAWNWEAKNESSES:0.572387187597194
CE_PIECEACTIVITY:0.4133681375124233
CE_KINGPAWNSHIELD:0.5185947343276085
CE_PIECECOORDINATION:0.47458102923131434
CE_MATERIAL:0.4950081976219739
CE_KINGSAFETY:0.544425852138427
C_PIECESQUARETABLES:0.5051156361336869
C_MOBILITY:0.5496900512811543
C_KINGSAFETY:0.45870652936156303
C_PAWNSTRUCTURE:0.4979635808087443
C_PIECECOORDINATION:0.6078623354724777
C_ROOKANDPAWNMOVEMENT:0.6078623354724777
C_CENTERCONTROL:0.5296249012763599
C_DEVELOPPIECES:0.36582787463027217
C_MATERIAL:0.44838082246922273
