ELO:884
CE_PASSEDPAWNS:0.48904421492916783
CE_PAWNWEAKNESSES:0.5644211715636523
CE_PIECEACTIVITY:0.5245405208789303
CE_KINGPAWNSHIELD:0.4692092451850226
CE_PIECECOORDINATION:0.5330746836475398
CE_MATERIAL:0.5391851884600901
CE_KINGSAFETY:0.4212528646779216
C_PIECESQUARETABLES:0.5243805132557777
C_MOBILITY:0.6063902796577861
C_KINGSAFETY:0.4287950848995242
C_PAWNSTRUCTURE:0.594973287893905
C_PIECECOORDINATION:0.4613590839593604
C_ROOKANDPAWNMOVEMENT:0.4613590839593604
C_CENTERCONTROL:0.5896750280213108
C_DEVELOPPIECES:0.47533843672331233
C_MATERIAL:0.4993833955554231
