ELO:897
CE_PASSEDPAWNS:0.3617508096265628
CE_PAWNWEAKNESSES:0.48041803113874765
CE_PIECEACTIVITY:0.580803524635888
CE_KINGPAWNSHIELD:0.5964784569995375
CE_PIECECOORDINATION:0.49471498153909454
CE_MATERIAL:0.5650801645659307
CE_KINGSAFETY:0.552341166083185
C_PIECESQUARETABLES:0.5046920437560586
C_MOBILITY:0.4519280587338608
C_KINGSAFETY:0.5579725212546972
C_PAWNSTRUCTURE:0.46449974023337576
C_PIECECOORDINATION:0.5344741991452632
C_ROOKANDPAWNMOVEMENT:0.5344741991452632
C_CENTERCONTROL:0.6069930254790433
C_DEVELOPPIECES:0.5804730429948369
C_MATERIAL:0.5094345036588981
