ELO:902
CE_PASSEDPAWNS:0.4787324730316559
CE_PAWNWEAKNESSES:0.42982683036416264
CE_PIECEACTIVITY:0.5288723642619652
CE_KINGPAWNSHIELD:0.4351184280744806
CE_PIECECOORDINATION:0.5723022863158584
CE_MATERIAL:0.4516032029273292
CE_KINGSAFETY:0.5516017543549904
C_PIECESQUARETABLES:0.5049311798510907
C_MOBILITY:0.5071158699702949
C_KINGSAFETY:0.48038989084172096
C_PAWNSTRUCTURE:0.48469817831664785
C_PIECECOORDINATION:0.5587825489134023
C_ROOKANDPAWNMOVEMENT:0.5587825489134023
C_CENTERCONTROL:0.5739670195907433
C_DEVELOPPIECES:0.520905046399385
C_MATERIAL:0.4937183379419068
