ELO:870
CE_PASSEDPAWNS:0.4653078317642731
CE_PAWNWEAKNESSES:0.43796780687062964
CE_PIECEACTIVITY:0.450616332833372
CE_KINGPAWNSHIELD:0.5060200278322318
CE_PIECECOORDINATION:0.4956942493927191
CE_MATERIAL:0.5739648307663353
CE_KINGSAFETY:0.5223969193991252
C_PIECESQUARETABLES:0.4407869400940939
C_MOBILITY:0.5900446014224531
C_KINGSAFETY:0.39245965123144305
C_PAWNSTRUCTURE:0.5553632937221807
C_PIECECOORDINATION:0.52784298270928
C_ROOKANDPAWNMOVEMENT:0.52784298270928
C_CENTERCONTROL:0.4869434029442275
C_DEVELOPPIECES:0.4999584946080508
C_MATERIAL:0.5020426309216813
