ELO:943
CE_PASSEDPAWNS:0.4133657809798724
CE_PAWNWEAKNESSES:0.5521886266135247
CE_PIECEACTIVITY:0.4837634075606129
CE_KINGPAWNSHIELD:0.559102689227092
CE_PIECECOORDINATION:0.47220575249871394
CE_MATERIAL:0.4051079250718374
CE_KINGSAFETY:0.4604456005304801
C_PIECESQUARETABLES:0.5338120505294971
C_MOBILITY:0.5666489759607902
C_KINGSAFETY:0.46036761728834685
C_PAWNSTRUCTURE:0.514590709481121
C_PIECECOORDINATION:0.5172963334736717
C_ROOKANDPAWNMOVEMENT:0.5172963334736717
C_CENTERCONTROL:0.40470331631643375
C_DEVELOPPIECES:0.5309589250590899
C_MATERIAL:0.500192991599123
