ELO:908
CE_PASSEDPAWNS:0.5610835282875072
CE_PAWNWEAKNESSES:0.519193403021852
CE_PIECEACTIVITY:0.5574336365743124
CE_KINGPAWNSHIELD:0.4021201808282094
CE_PIECECOORDINATION:0.5348673943640729
CE_MATERIAL:0.6458088556816689
CE_KINGSAFETY:0.5190422049364037
C_PIECESQUARETABLES:0.4887407326762739
C_MOBILITY:0.4360397301426767
C_KINGSAFETY:0.47797162933325016
C_PAWNSTRUCTURE:0.4867304087262046
C_PIECECOORDINATION:0.625064643644221
C_ROOKANDPAWNMOVEMENT:0.625064643644221
C_CENTERCONTROL:0.48189864850893566
C_DEVELOPPIECES:0.4958499840622368
C_MATERIAL:0.6719031066727916
