ELO:905
CE_PASSEDPAWNS:0.5844955782646725
CE_PAWNWEAKNESSES:0.62877572578183
CE_PIECEACTIVITY:0.4315134263070662
CE_KINGPAWNSHIELD:0.4375203912446096
CE_PIECECOORDINATION:0.6021850656692146
CE_MATERIAL:0.5369744572810314
CE_KINGSAFETY:0.4651266065048646
C_PIECESQUARETABLES:0.5437892121852465
C_MOBILITY:0.48214923327381914
C_KINGSAFETY:0.5279398280061703
C_PAWNSTRUCTURE:0.4072774486650134
C_PIECECOORDINATION:0.5407272525805888
C_ROOKANDPAWNMOVEMENT:0.5407272525805888
C_CENTERCONTROL:0.4388201318140096
C_DEVELOPPIECES:0.5355859318850207
C_MATERIAL:0.49731161008396446
