ELO:947
CE_PASSEDPAWNS:0.48486073520936335
CE_PAWNWEAKNESSES:0.5469116241202828
CE_PIECEACTIVITY:0.44952321800484824
CE_KINGPAWNSHIELD:0.5016085889872152
CE_PIECECOORDINATION:0.5210243500780386
CE_MATERIAL:0.5018783373546477
CE_KINGSAFETY:0.5471462672709214
C_PIECESQUARETABLES:0.49439541843202384
C_MOBILITY:0.591991116041763
C_KINGSAFETY:0.5047350819448378
C_PAWNSTRUCTURE:0.5556609559677734
C_PIECECOORDINATION:0.3875071254085756
C_ROOKANDPAWNMOVEMENT:0.3875071254085756
C_CENTERCONTROL:0.48048992767501625
C_DEVELOPPIECES:0.5935407663832507
C_MATERIAL:0.45893115533894807
