ELO:869
CE_PASSEDPAWNS:0.4278183166642765
CE_PAWNWEAKNESSES:0.5178779440787444
CE_PIECEACTIVITY:0.4944020861676266
CE_KINGPAWNSHIELD:0.51364527113947
CE_PIECECOORDINATION:0.41315898930690076
CE_MATERIAL:0.6068203902295022
CE_KINGSAFETY:0.4831318249224613
C_PIECESQUARETABLES:0.4433761656766683
C_MOBILITY:0.417555366805053
C_KINGSAFETY:0.4417489517376607
C_PAWNSTRUCTURE:0.4494651967466346
C_PIECECOORDINATION:0.5538783353795349
C_ROOKANDPAWNMOVEMENT:0.5538783353795349
C_CENTERCONTROL:0.45741323392629696
C_DEVELOPPIECES:0.446396891091635
C_MATERIAL:0.49324292622746857
