ELO:897
CE_PASSEDPAWNS:0.54886890795218
CE_PAWNWEAKNESSES:0.4415980884725709
CE_PIECEACTIVITY:0.4939366211282534
CE_KINGPAWNSHIELD:0.4828266295611643
CE_PIECECOORDINATION:0.5218471948321729
CE_MATERIAL:0.456335407196698
CE_KINGSAFETY:0.4980477268530948
C_PIECESQUARETABLES:0.5151975836099167
C_MOBILITY:0.5159499745119104
C_KINGSAFETY:0.48112674380717224
C_PAWNSTRUCTURE:0.5983774210171019
C_PIECECOORDINATION:0.5222483788747687
C_ROOKANDPAWNMOVEMENT:0.5222483788747687
C_CENTERCONTROL:0.4720448638131928
C_DEVELOPPIECES:0.5673760435849512
C_MATERIAL:0.5166116277368424
