ELO:872
CE_PASSEDPAWNS:0.4865599212989157
CE_PAWNWEAKNESSES:0.4996369357456629
CE_PIECEACTIVITY:0.610939758606565
CE_KINGPAWNSHIELD:0.4868253143853714
CE_PIECECOORDINATION:0.5065114058883784
CE_MATERIAL:0.3715181954098142
CE_KINGSAFETY:0.4989750175761961
C_PIECESQUARETABLES:0.5425732346085828
C_MOBILITY:0.48328289550055625
C_KINGSAFETY:0.5182834354554621
C_PAWNSTRUCTURE:0.4627379828182618
C_PIECECOORDINATION:0.5521614945371754
C_ROOKANDPAWNMOVEMENT:0.5521614945371754
C_CENTERCONTROL:0.5937821360498126
C_DEVELOPPIECES:0.40100734890455836
C_MATERIAL:0.6149426851861507
