ELO:830
CE_PASSEDPAWNS:0.4096271081414213
CE_PAWNWEAKNESSES:0.5239810099518508
CE_PIECEACTIVITY:0.5019746783688157
CE_KINGPAWNSHIELD:0.5164843633796444
CE_PIECECOORDINATION:0.5066791990404921
CE_MATERIAL:0.4427193248291195
CE_KINGSAFETY:0.49510917390489934
C_PIECESQUARETABLES:0.5070637988565143
C_MOBILITY:0.39542074740535754
C_KINGSAFETY:0.5629009467183013
C_PAWNSTRUCTURE:0.5011573554156011
C_PIECECOORDINATION:0.4272442950742457
C_ROOKANDPAWNMOVEMENT:0.4272442950742457
C_CENTERCONTROL:0.5825287376528768
C_DEVELOPPIECES:0.6016170461952174
C_MATERIAL:0.5498700946654205
