ELO:897
CE_PASSEDPAWNS:0.4531001618186999
CE_PAWNWEAKNESSES:0.4498898222301298
CE_PIECEACTIVITY:0.4101050728062525
CE_KINGPAWNSHIELD:0.44835972807758856
CE_PIECECOORDINATION:0.42578186790398703
CE_MATERIAL:0.4794953770197773
CE_KINGSAFETY:0.4998476408125347
C_PIECESQUARETABLES:0.5187721562151203
C_MOBILITY:0.47305068767212977
C_KINGSAFETY:0.4572479462591714
C_PAWNSTRUCTURE:0.5258182171165495
C_PIECECOORDINATION:0.4003012390474375
C_ROOKANDPAWNMOVEMENT:0.4003012390474375
C_CENTERCONTROL:0.5777432062440214
C_DEVELOPPIECES:0.2990095147494687
C_MATERIAL:0.5122615631471048
