ELO:887
CE_PASSEDPAWNS:0.4240251075513356
CE_PAWNWEAKNESSES:0.6275362222078438
CE_PIECEACTIVITY:0.6408399308530986
CE_KINGPAWNSHIELD:0.4783323235562833
CE_PIECECOORDINATION:0.5152856456466979
CE_MATERIAL:0.5640169972280441
CE_KINGSAFETY:0.4578834598956416
C_PIECESQUARETABLES:0.4614617189365242
C_MOBILITY:0.40232956073037807
C_KINGSAFETY:0.5938965130253497
C_PAWNSTRUCTURE:0.4472108133115661
C_PIECECOORDINATION:0.4755727816475127
C_ROOKANDPAWNMOVEMENT:0.4755727816475127
C_CENTERCONTROL:0.4395481420292646
C_DEVELOPPIECES:0.5366960752921568
C_MATERIAL:0.5343971270299132
