ELO:975
CE_PASSEDPAWNS:0.5124322559062637
CE_PAWNWEAKNESSES:0.3911991880084522
CE_PIECEACTIVITY:0.4462276284221818
CE_KINGPAWNSHIELD:0.452155661441642
CE_PIECECOORDINATION:0.48240186803069673
CE_MATERIAL:0.44075616519620275
CE_KINGSAFETY:0.45678929086750064
C_PIECESQUARETABLES:0.5014371072227853
C_MOBILITY:0.5278917013237518
C_KINGSAFETY:0.5669915444890133
C_PAWNSTRUCTURE:0.4393097398685495
C_PIECECOORDINATION:0.5116757524541541
C_ROOKANDPAWNMOVEMENT:0.5116757524541541
C_CENTERCONTROL:0.516887418676874
C_DEVELOPPIECES:0.49313040180876927
C_MATERIAL:0.5953531283961743
