ELO:896
CE_PASSEDPAWNS:0.5853338325056314
CE_PAWNWEAKNESSES:0.5424850117742492
CE_PIECEACTIVITY:0.5234852484539873
CE_KINGPAWNSHIELD:0.5035367890906015
CE_PIECECOORDINATION:0.3567315138276343
CE_MATERIAL:0.5078561133619256
CE_KINGSAFETY:0.520167798963424
C_PIECESQUARETABLES:0.4849679423129158
C_MOBILITY:0.38654523699905496
C_KINGSAFETY:0.4571415866269703
C_PAWNSTRUCTURE:0.5160220833674652
C_PIECECOORDINATION:0.5248723560093905
C_ROOKANDPAWNMOVEMENT:0.5248723560093905
C_CENTERCONTROL:0.5788552354265707
C_DEVELOPPIECES:0.44001419824526783
C_MATERIAL:0.4451279907390073
