ELO:898
CE_PASSEDPAWNS:0.48008363561658296
CE_PAWNWEAKNESSES:0.4782239253952407
CE_PIECEACTIVITY:0.5034335984800643
CE_KINGPAWNSHIELD:0.4770312004421476
CE_PIECECOORDINATION:0.5635452009115418
CE_MATERIAL:0.46174473476474676
CE_KINGSAFETY:0.4665798441673214
C_PIECESQUARETABLES:0.526304156048386
C_MOBILITY:0.5249440256585954
C_KINGSAFETY:0.4105730653662705
C_PAWNSTRUCTURE:0.42965296140584336
C_PIECECOORDINATION:0.585513465747368
C_ROOKANDPAWNMOVEMENT:0.585513465747368
C_CENTERCONTROL:0.5680259479679854
C_DEVELOPPIECES:0.6235679354070667
C_MATERIAL:0.5844832460539565
