ELO:1033
CE_PASSEDPAWNS:0.43825433598184893
CE_PAWNWEAKNESSES:0.518398466553891
CE_PIECEACTIVITY:0.4992822072446152
CE_KINGPAWNSHIELD:0.5162997968099955
CE_PIECECOORDINATION:0.4549540142243569
CE_MATERIAL:0.52025294453604
CE_KINGSAFETY:0.45063709170253957
C_PIECESQUARETABLES:0.5242506445655543
C_MOBILITY:0.4255580807754333
C_KINGSAFETY:0.5545891168207643
C_PAWNSTRUCTURE:0.42980908386456973
C_PIECECOORDINATION:0.4622137664692044
C_ROOKANDPAWNMOVEMENT:0.4622137664692044
C_CENTERCONTROL:0.4296477467830394
C_DEVELOPPIECES:0.5831717939952518
C_MATERIAL:0.36406694968000397
