ELO:905
CE_PASSEDPAWNS:0.6126536066793028
CE_PAWNWEAKNESSES:0.5485762599186021
CE_PIECEACTIVITY:0.5730251856922658
CE_KINGPAWNSHIELD:0.497116128099982
CE_PIECECOORDINATION:0.5389956068927286
CE_MATERIAL:0.5523277900782958
CE_KINGSAFETY:0.5373232026002931
C_PIECESQUARETABLES:0.43581804652750716
C_MOBILITY:0.540478974381986
C_KINGSAFETY:0.516101013016189
C_PAWNSTRUCTURE:0.460789485966677
C_PIECECOORDINATION:0.46717956935773697
C_ROOKANDPAWNMOVEMENT:0.46717956935773697
C_CENTERCONTROL:0.3923406746297632
C_DEVELOPPIECES:0.521709164817217
C_MATERIAL:0.5276207486787029
