ELO:945
CE_PASSEDPAWNS:0.41556263066018867
CE_PAWNWEAKNESSES:0.48659028733310805
CE_PIECEACTIVITY:0.5384208573699423
CE_KINGPAWNSHIELD:0.5462891191730785
CE_PIECECOORDINATION:0.5070659294281729
CE_MATERIAL:0.4637369637317531
CE_KINGSAFETY:0.4606397719931178
C_PIECESQUARETABLES:0.4679473384989779
C_MOBILITY:0.5673727051574173
C_KINGSAFETY:0.4891779205933723
C_PAWNSTRUCTURE:0.5330428065978081
C_PIECECOORDINATION:0.4748562313799982
C_ROOKANDPAWNMOVEMENT:0.4748562313799982
C_CENTERCONTROL:0.5240948473851634
C_DEVELOPPIECES:0.44647469438618903
C_MATERIAL:0.4157644571565982
