ELO:876
CE_PASSEDPAWNS:0.5487651190679987
CE_PAWNWEAKNESSES:0.3457732186352542
CE_PIECEACTIVITY:0.4243697449594002
CE_KINGPAWNSHIELD:0.389913028639389
CE_PIECECOORDINATION:0.5046982077803983
CE_MATERIAL:0.3338396782276355
CE_KINGSAFETY:0.4451970561128475
C_PIECESQUARETABLES:0.5025422728679834
C_MOBILITY:0.5496879819950112
C_KINGSAFETY:0.41866785379562554
C_PAWNSTRUCTURE:0.5056547921119006
C_PIECECOORDINATION:0.5713833104737068
C_ROOKANDPAWNMOVEMENT:0.5713833104737068
C_CENTERCONTROL:0.5672196305150441
C_DEVELOPPIECES:0.47635175620470943
C_MATERIAL:0.5388568677674634
