ELO:852
CE_PASSEDPAWNS:0.5200653954424053
CE_PAWNWEAKNESSES:0.52193911621545
CE_PIECEACTIVITY:0.47238596011925704
CE_KINGPAWNSHIELD:0.407824394943762
CE_PIECECOORDINATION:0.40989733805443046
CE_MATERIAL:0.4239099857907374
CE_KINGSAFETY:0.4894384471267956
C_PIECESQUARETABLES:0.5073138722324406
C_MOBILITY:0.3752226917446515
C_KINGSAFETY:0.4341513245222695
C_PAWNSTRUCTURE:0.5750697220131408
C_PIECECOORDINATION:0.4912191196859701
C_ROOKANDPAWNMOVEMENT:0.4912191196859701
C_CENTERCONTROL:0.47503781964481673
C_DEVELOPPIECES:0.4122462510494759
C_MATERIAL:0.43691219747119975
