ELO:831
CE_PASSEDPAWNS:0.47678101846402615
CE_PAWNWEAKNESSES:0.5231728936827332
CE_PIECEACTIVITY:0.438405748445823
CE_KINGPAWNSHIELD:0.4957537645802817
CE_PIECECOORDINATION:0.5755958403640531
CE_MATERIAL:0.4052118572241425
CE_KINGSAFETY:0.48377676414640286
C_PIECESQUARETABLES:0.49927820719502136
C_MOBILITY:0.4142015838221988
C_KINGSAFETY:0.518200725086256
C_PAWNSTRUCTURE:0.4845430269990119
C_PIECECOORDINATION:0.4106423704711225
C_ROOKANDPAWNMOVEMENT:0.4106423704711225
C_CENTERCONTROL:0.48201863114843263
C_DEVELOPPIECES:0.4243697091738945
C_MATERIAL:0.5739279845246733
