ELO:760
CE_PASSEDPAWNS:0.4902075645589344
CE_PAWNWEAKNESSES:0.3670329956770209
CE_PIECEACTIVITY:0.579551392766934
CE_KINGPAWNSHIELD:0.5542206065494424
CE_PIECECOORDINATION:0.6155905097231915
CE_MATERIAL:0.3844895146774135
CE_KINGSAFETY:0.48111422409584714
C_PIECESQUARETABLES:0.47530006285087506
C_MOBILITY:0.46391524366882153
C_KINGSAFETY:0.5042523639500998
C_PAWNSTRUCTURE:0.5856097518208807
C_PIECECOORDINATION:0.6535596685890918
C_ROOKANDPAWNMOVEMENT:0.6535596685890918
C_CENTERCONTROL:0.46995172466848095
C_DEVELOPPIECES:0.31399272039378673
C_MATERIAL:0.5184102969090196
