ELO:807
CE_PASSEDPAWNS:0.5943797112081193
CE_PAWNWEAKNESSES:0.42266763920558786
CE_PIECEACTIVITY:0.4825710070338932
CE_KINGPAWNSHIELD:0.47074268045384104
CE_PIECECOORDINATION:0.42196329536850113
CE_MATERIAL:0.6220457652120496
CE_KINGSAFETY:0.5026534722266081
C_PIECESQUARETABLES:0.4722453956569556
C_MOBILITY:0.45405863851252587
C_KINGSAFETY:0.43949625327391145
C_PAWNSTRUCTURE:0.43824046526250365
C_PIECECOORDINATION:0.5232304827115897
C_ROOKANDPAWNMOVEMENT:0.5232304827115897
C_CENTERCONTROL:0.4218840366286699
C_DEVELOPPIECES:0.5229214766295865
C_MATERIAL:0.4011053944826663
