ELO:835
CE_PASSEDPAWNS:0.48155237180680177
CE_PAWNWEAKNESSES:0.4083383969161981
CE_PIECEACTIVITY:0.3758341608848481
CE_KINGPAWNSHIELD:0.48227448806698836
CE_PIECECOORDINATION:0.5199443348510548
CE_MATERIAL:0.4459093679311148
CE_KINGSAFETY:0.5110773126561634
C_PIECESQUARETABLES:0.5003812264684265
C_MOBILITY:0.4929215104161721
C_KINGSAFETY:0.4246706019904671
C_PAWNSTRUCTURE:0.41647337455697836
C_PIECECOORDINATION:0.49052255210568907
C_ROOKANDPAWNMOVEMENT:0.49052255210568907
C_CENTERCONTROL:0.41925539787813704
C_DEVELOPPIECES:0.598825641420572
C_MATERIAL:0.376279308923358
