ELO:865
CE_PASSEDPAWNS:0.6103378254721866
CE_PAWNWEAKNESSES:0.4981068596847591
CE_PIECEACTIVITY:0.5700487141298707
CE_KINGPAWNSHIELD:0.45845718166584565
CE_PIECECOORDINATION:0.48438192449001055
CE_MATERIAL:0.42802846122424265
CE_KINGSAFETY:0.5050865332710512
C_PIECESQUARETABLES:0.5318216257994502
C_MOBILITY:0.47767829125973077
C_KINGSAFETY:0.3862306418559845
C_PAWNSTRUCTURE:0.543051098440882
C_PIECECOORDINATION:0.4852546154044338
C_ROOKANDPAWNMOVEMENT:0.4852546154044338
C_CENTERCONTROL:0.5444283566146445
C_DEVELOPPIECES:0.3619030993895147
C_MATERIAL:0.4446425845428538
