ELO:948
CE_PASSEDPAWNS:0.5460237759265371
CE_PAWNWEAKNESSES:0.4537581106052948
CE_PIECEACTIVITY:0.45035377469429155
CE_KINGPAWNSHIELD:0.37184093292361364
CE_PIECECOORDINATION:0.43430725317252494
CE_MATERIAL:0.4595447712461636
CE_KINGSAFETY:0.5
C_PIECESQUARETABLES:0.5
C_MOBILITY:0.5007699148585505
C_KINGSAFETY:0.5531600022564784
C_PAWNSTRUCTURE:0.46945146895506457
C_PIECECOORDINATION:0.46213648541896746
C_ROOKANDPAWNMOVEMENT:0.46213648541896746
C_CENTERCONTROL:0.5351259844178566
C_DEVELOPPIECES:0.6157295384807453
C_MATERIAL:0.6297152142643776
