ELO:871
CE_PASSEDPAWNS:0.5273239534773626
CE_PAWNWEAKNESSES:0.5664749786681182
CE_PIECEACTIVITY:0.6486469752621635
CE_KINGPAWNSHIELD:0.49797959346105725
CE_PIECECOORDINATION:0.506113746865518
CE_MATERIAL:0.4586307989452965
CE_KINGSAFETY:0.5079875254532861
C_PIECESQUARETABLES:0.47638775931793154
C_MOBILITY:0.4180673250546944
C_KINGSAFETY:0.4661365321322109
C_PAWNSTRUCTURE:0.47419149706500013
C_PIECECOORDINATION:0.3910300276021699
C_ROOKANDPAWNMOVEMENT:0.3910300276021699
C_CENTERCONTROL:0.6136108681059815
C_DEVELOPPIECES:0.5446484101805612
C_MATERIAL:0.38832554719994106
