ELO:857
CE_PASSEDPAWNS:0.5128490413580153
CE_PAWNWEAKNESSES:0.43176076620559345
CE_PIECEACTIVITY:0.46119560321933295
CE_KINGPAWNSHIELD:0.47639698625062676
CE_PIECECOORDINATION:0.49110747613929795
CE_MATERIAL:0.4224935982959991
CE_KINGSAFETY:0.4593505088330208
C_PIECESQUARETABLES:0.4886931549353975
C_MOBILITY:0.5385557244398297
C_KINGSAFETY:0.5255222398607984
C_PAWNSTRUCTURE:0.5750172009231131
C_PIECECOORDINATION:0.6387544207579874
C_ROOKANDPAWNMOVEMENT:0.6387544207579874
C_CENTERCONTROL:0.46512545356474716
C_DEVELOPPIECES:0.5469889671160604
C_MATERIAL:0.40477523561565554
