ELO:775
CE_PASSEDPAWNS:0.3710403711407928
CE_PAWNWEAKNESSES:0.492088702215065
CE_PIECEACTIVITY:0.4565313030872732
CE_KINGPAWNSHIELD:0.4903217059494065
CE_PIECECOORDINATION:0.5061097613558997
CE_MATERIAL:0.46452181080428084
CE_KINGSAFETY:0.5168635927384241
C_PIECESQUARETABLES:0.5204195901986716
C_MOBILITY:0.4029453606023051
C_KINGSAFETY:0.5422851499352602
C_PAWNSTRUCTURE:0.47232233401551255
C_PIECECOORDINATION:0.6107497813752653
C_ROOKANDPAWNMOVEMENT:0.6107497813752653
C_CENTERCONTROL:0.5198156216288686
C_DEVELOPPIECES:0.46755122023753454
C_MATERIAL:0.49065262371932333
