ELO:925
CE_PASSEDPAWNS:0.4575949883343276
CE_PAWNWEAKNESSES:0.4637395684071061
CE_PIECEACTIVITY:0.45833626651050524
CE_KINGPAWNSHIELD:0.4421222922629271
CE_PIECECOORDINATION:0.43697226921752214
CE_MATERIAL:0.5151404498514777
CE_KINGSAFETY:0.5
C_PIECESQUARETABLES:0.5
C_MOBILITY:0.43436347183104795
C_KINGSAFETY:0.48348798205560295
C_PAWNSTRUCTURE:0.5735423320120536
C_PIECECOORDINATION:0.5001594850432335
C_ROOKANDPAWNMOVEMENT:0.5001594850432335
C_CENTERCONTROL:0.5073625317908154
C_DEVELOPPIECES:0.33106749785909456
C_MATERIAL:0.622840321325036
