ELO:832
CE_PASSEDPAWNS:0.5014870577848128
CE_PAWNWEAKNESSES:0.3412909118064248
CE_PIECEACTIVITY:0.3607579260232253
CE_KINGPAWNSHIELD:0.531968888134773
CE_PIECECOORDINATION:0.4145812547713327
CE_MATERIAL:0.610447241738954
CE_KINGSAFETY:0.523912522107596
C_PIECESQUARETABLES:0.507693766796159
C_MOBILITY:0.46389763001354956
C_KINGSAFETY:0.422966168093358
C_PAWNSTRUCTURE:0.4547529588197206
C_PIECECOORDINATION:0.5404537425441114
C_ROOKANDPAWNMOVEMENT:0.5404537425441114
C_CENTERCONTROL:0.5253994598173441
C_DEVELOPPIECES:0.5386514654672185
C_MATERIAL:0.45918824813460957
