ELO:914
CE_PASSEDPAWNS:0.5033457438424169
CE_PAWNWEAKNESSES:0.609479638394591
CE_PIECEACTIVITY:0.35872522954516917
CE_KINGPAWNSHIELD:0.5210933632303186
CE_PIECECOORDINATION:0.44614987484424773
CE_MATERIAL:0.3864492021838943
CE_KINGSAFETY:0.5
C_PIECESQUARETABLES:0.5
C_MOBILITY:0.5651744947316868
C_KINGSAFETY:0.44749043912378983
C_PAWNSTRUCTURE:0.4221571969067852
C_PIECECOORDINATION:0.44495414112068443
C_ROOKANDPAWNMOVEMENT:0.44495414112068443
C_CENTERCONTROL:0.4888061078053967
C_DEVELOPPIECES:0.5996547496385679
C_MATERIAL:0.44743166147271846
