ELO:847
CE_PASSEDPAWNS:0.5303173873652545
CE_PAWNWEAKNESSES:0.49253564693154384
CE_PIECEACTIVITY:0.45283363235345553
CE_KINGPAWNSHIELD:0.5041849415252329
CE_PIECECOORDINATION:0.390627518037858
CE_MATERIAL:0.5341193645296681
CE_KINGSAFETY:0.47193214064147965
C_PIECESQUARETABLES:0.5120804569201669
C_MOBILITY:0.43703347488817434
C_KINGSAFETY:0.47426401014766345
C_PAWNSTRUCTURE:0.45363563394027406
C_PIECECOORDINATION:0.5325935029140404
C_ROOKANDPAWNMOVEMENT:0.5325935029140404
C_CENTERCONTROL:0.5887403814826099
C_DEVELOPPIECES:0.46255568640190226
C_MATERIAL:0.4998403987950639
