ELO:907
CE_PASSEDPAWNS:0.49447950308978017
CE_PAWNWEAKNESSES:0.467423818456729
CE_PIECEACTIVITY:0.4803360099944343
CE_KINGPAWNSHIELD:0.5458835186497949
CE_PIECECOORDINATION:0.5544485681599116
CE_MATERIAL:0.4361293678602134
CE_KINGSAFETY:0.5
C_PIECESQUARETABLES:0.5
C_MOBILITY:0.5027297382767125
C_KINGSAFETY:0.520878189293876
C_PAWNSTRUCTURE:0.4449332186028785
C_PIECECOORDINATION:0.4194247208049616
C_ROOKANDPAWNMOVEMENT:0.4194247208049616
C_CENTERCONTROL:0.7325998342881525
C_DEVELOPPIECES:0.4616370890572572
C_MATERIAL:0.6385064135175561
