ELO:885
CE_PASSEDPAWNS:0.4706152101018763
CE_PAWNWEAKNESSES:0.5445899122672786
CE_PIECEACTIVITY:0.4861136065164466
CE_KINGPAWNSHIELD:0.45490565325476184
CE_PIECECOORDINATION:0.47230908229086066
CE_MATERIAL:0.44209985240361055
CE_KINGSAFETY:0.5
C_PIECESQUARETABLES:0.5008800583609951
C_MOBILITY:0.5470740728625563
C_KINGSAFETY:0.5955044202535557
C_PAWNSTRUCTURE:0.5603713204785664
C_PIECECOORDINATION:0.5196998120912528
C_ROOKANDPAWNMOVEMENT:0.5196998120912528
C_CENTERCONTROL:0.49455419486237034
C_DEVELOPPIECES:0.4709474145277263
C_MATERIAL:0.5702584272636113
