ELO:769
CE_PASSEDPAWNS:0.29854080918256287
CE_PAWNWEAKNESSES:0.44364789064388216
CE_PIECEACTIVITY:0.524974270709955
CE_KINGPAWNSHIELD:0.4278919096443181
CE_PIECECOORDINATION:0.4615833045818442
CE_MATERIAL:0.640546764050075
CE_KINGSAFETY:0.5338937990517616
C_PIECESQUARETABLES:0.514640063037746
C_MOBILITY:0.39278475864526213
C_KINGSAFETY:0.4215679857846797
C_PAWNSTRUCTURE:0.5543092616121457
C_PIECECOORDINATION:0.4649835526966033
C_ROOKANDPAWNMOVEMENT:0.4649835526966033
C_CENTERCONTROL:0.5948837505436391
C_DEVELOPPIECES:0.5022017101099671
C_MATERIAL:0.469548611311795
