ELO:953
CE_PASSEDPAWNS:0.3486180920156173
CE_PAWNWEAKNESSES:0.4095200753004198
CE_PIECEACTIVITY:0.5317934677093066
CE_KINGPAWNSHIELD:0.5788093074229476
CE_PIECECOORDINATION:0.4578559185484865
CE_MATERIAL:0.5450224714102783
CE_KINGSAFETY:0.5
C_PIECESQUARETABLES:0.5
C_MOBILITY:0.5074497046734484
C_KINGSAFETY:0.5760229895615853
C_PAWNSTRUCTURE:0.6141365889097428
C_PIECECOORDINATION:0.4054602626293423
C_ROOKANDPAWNMOVEMENT:0.4054602626293423
C_CENTERCONTROL:0.49689184494824484
C_DEVELOPPIECES:0.4332909592322626
C_MATERIAL:0.6011383309266201
