ELO:832
CE_PASSEDPAWNS:0.5286394257647815
CE_PAWNWEAKNESSES:0.5711139857531771
CE_PIECEACTIVITY:0.4449151837690857
CE_KINGPAWNSHIELD:0.49257812819966523
CE_PIECECOORDINATION:0.6635176506943903
CE_MATERIAL:0.437925158002189
CE_KINGSAFETY:0.528046319175746
C_PIECESQUARETABLES:0.4867601507596839
C_MOBILITY:0.5309444383883836
C_KINGSAFETY:0.537923135401441
C_PAWNSTRUCTURE:0.5878921389704641
C_PIECECOORDINATION:0.5697819175950305
C_ROOKANDPAWNMOVEMENT:0.5697819175950305
C_CENTERCONTROL:0.49077751423735666
C_DEVELOPPIECES:0.5136859280061262
C_MATERIAL:0.535694217228194
