ELO:821
CE_PASSEDPAWNS:0.44968265775788646
CE_PAWNWEAKNESSES:0.5280170137780363
CE_PIECEACTIVITY:0.36738672030362207
CE_KINGPAWNSHIELD:0.5473318526303926
CE_PIECECOORDINATION:0.5935288997495826
CE_MATERIAL:0.5589472082430123
CE_KINGSAFETY:0.5051641186858765
C_PIECESQUARETABLES:0.5023240798020174
C_MOBILITY:0.39250323245233426
C_KINGSAFETY:0.4161575305085812
C_PAWNSTRUCTURE:0.4822133992077968
C_PIECECOORDINATION:0.34746935710919924
C_ROOKANDPAWNMOVEMENT:0.34746935710919924
C_CENTERCONTROL:0.5698543358316545
C_DEVELOPPIECES:0.4658278071292049
C_MATERIAL:0.3836806131332584
