ELO:820
CE_PASSEDPAWNS:0.45280669166750814
CE_PAWNWEAKNESSES:0.37012213019134316
CE_PIECEACTIVITY:0.5618272483818676
CE_KINGPAWNSHIELD:0.44749761264526045
CE_PIECECOORDINATION:0.5595985132846009
CE_MATERIAL:0.47349712821184275
CE_KINGSAFETY:0.469622257105038
C_PIECESQUARETABLES:0.4658192981687988
C_MOBILITY:0.4892070815928786
C_KINGSAFETY:0.39954734277433784
C_PAWNSTRUCTURE:0.48295739733660176
C_PIECECOORDINATION:0.4461204290215296
C_ROOKANDPAWNMOVEMENT:0.4461204290215296
C_CENTERCONTROL:0.34689544556291196
C_DEVELOPPIECES:0.5573065965694062
C_MATERIAL:0.4666486895521086
