ELO:924
CE_PASSEDPAWNS:0.4532695978471995
CE_PAWNWEAKNESSES:0.40074414379379897
CE_PIECEACTIVITY:0.5420593615453828
CE_KINGPAWNSHIELD:0.49138622779521224
CE_PIECECOORDINATION:0.49373767601810836
CE_MATERIAL:0.4870812493786158
CE_KINGSAFETY:0.5
C_PIECESQUARETABLES:0.5
C_MOBILITY:0.42707119650261405
C_KINGSAFETY:0.4127781793206238
C_PAWNSTRUCTURE:0.4853910737984602
C_PIECECOORDINATION:0.5483966181005732
C_ROOKANDPAWNMOVEMENT:0.5483966181005732
C_CENTERCONTROL:0.47299853747040504
C_DEVELOPPIECES:0.4725698550021297
C_MATERIAL:0.578519153624051
