ELO:757
CE_PASSEDPAWNS:0.45089006370799994
CE_PAWNWEAKNESSES:0.39770270990773354
CE_PIECEACTIVITY:0.41584089152440845
CE_KINGPAWNSHIELD:0.464030268351113
CE_PIECECOORDINATION:0.5037151247318383
CE_MATERIAL:0.4238924957091289
CE_KINGSAFETY:0.468646309189965
C_PIECESQUARETABLES:0.49780826055403776
C_MOBILITY:0.4341960843957289
C_KINGSAFETY:0.29735252363371933
C_PAWNSTRUCTURE:0.4800734377730469
C_PIECECOORDINATION:0.5618353766005074
C_ROOKANDPAWNMOVEMENT:0.5618353766005074
C_CENTERCONTROL:0.5464671161836799
C_DEVELOPPIECES:0.4027211032888097
C_MATERIAL:0.4092056265792976
