ELO:798
CE_PASSEDPAWNS:0.5386521006113641
CE_PAWNWEAKNESSES:0.4327571819977009
CE_PIECEACTIVITY:0.6052822799773825
CE_KINGPAWNSHIELD:0.6814907397528391
CE_PIECECOORDINATION:0.553826050458601
CE_MATERIAL:0.4676597851109494
CE_KINGSAFETY:0.5160605440847262
C_PIECESQUARETABLES:0.49534972388206316
C_MOBILITY:0.3315982443042887
C_KINGSAFETY:0.5031972450262512
C_PAWNSTRUCTURE:0.5996468517564034
C_PIECECOORDINATION:0.596239653532427
C_ROOKANDPAWNMOVEMENT:0.596239653532427
C_CENTERCONTROL:0.5133547752205887
C_DEVELOPPIECES:0.5250503213705919
C_MATERIAL:0.4850710392564408
