ELO:757
CE_PASSEDPAWNS:0.44842190042105834
CE_PAWNWEAKNESSES:0.44263485949108117
CE_PIECEACTIVITY:0.48788385002466855
CE_KINGPAWNSHIELD:0.4678878014999358
CE_PIECECOORDINATION:0.5178449392635331
CE_MATERIAL:0.5240772273145973
CE_KINGSAFETY:0.5100350667174557
C_PIECESQUARETABLES:0.5150037515495752
C_MOBILITY:0.40135691036779003
C_KINGSAFETY:0.5752273023530636
C_PAWNSTRUCTURE:0.4291619911342279
C_PIECECOORDINATION:0.6600350546996377
C_ROOKANDPAWNMOVEMENT:0.6600350546996377
C_CENTERCONTROL:0.6053869784547851
C_DEVELOPPIECES:0.5705731253681301
C_MATERIAL:0.5139103605795929
