ELO:829
CE_PASSEDPAWNS:0.43145140687498457
CE_PAWNWEAKNESSES:0.5552402643448985
CE_PIECEACTIVITY:0.4775060033520116
CE_KINGPAWNSHIELD:0.45744255722328736
CE_PIECECOORDINATION:0.43070629359337903
CE_MATERIAL:0.43036699963745273
CE_KINGSAFETY:0.5097079490765607
C_PIECESQUARETABLES:0.5149172602824946
C_MOBILITY:0.3966119913903393
C_KINGSAFETY:0.5085489206853264
C_PAWNSTRUCTURE:0.6143646419977296
C_PIECECOORDINATION:0.5521994837078393
C_ROOKANDPAWNMOVEMENT:0.5521994837078393
C_CENTERCONTROL:0.5184567020498873
C_DEVELOPPIECES:0.5066076428865292
C_MATERIAL:0.4878891765933768
