ELO:834
CE_PASSEDPAWNS:0.4941083864784798
CE_PAWNWEAKNESSES:0.5743073155505565
CE_PIECEACTIVITY:0.5307520554465899
CE_KINGPAWNSHIELD:0.5930818077291319
CE_PIECECOORDINATION:0.5837184013988992
CE_MATERIAL:0.5395936867275286
CE_KINGSAFETY:0.5314865259951099
C_PIECESQUARETABLES:0.5288533285602488
C_MOBILITY:0.45072849261707504
C_KINGSAFETY:0.5414686883217247
C_PAWNSTRUCTURE:0.5017058246484176
C_PIECECOORDINATION:0.48654138071478953
C_ROOKANDPAWNMOVEMENT:0.48654138071478953
C_CENTERCONTROL:0.5347624376566236
C_DEVELOPPIECES:0.48218228429865584
C_MATERIAL:0.5562156532345456
