ELO:819
CE_PASSEDPAWNS:0.46015647201901166
CE_PAWNWEAKNESSES:0.3983491802688031
CE_PIECEACTIVITY:0.5433144171696211
CE_KINGPAWNSHIELD:0.49836111275542183
CE_PIECECOORDINATION:0.596689718287779
CE_MATERIAL:0.5825989681711221
CE_KINGSAFETY:0.4849974430483473
C_PIECESQUARETABLES:0.49616461994441585
C_MOBILITY:0.47701301110895844
C_KINGSAFETY:0.5892821138419188
C_PAWNSTRUCTURE:0.5287287576728363
C_PIECECOORDINATION:0.6035285238270794
C_ROOKANDPAWNMOVEMENT:0.6035285238270794
C_CENTERCONTROL:0.5923718694099597
C_DEVELOPPIECES:0.3782229728733455
C_MATERIAL:0.5393403214692845
