ELO:931
CE_PASSEDPAWNS:0.4993687989065306
CE_PAWNWEAKNESSES:0.6090991825098246
CE_PIECEACTIVITY:0.5882094117581832
CE_KINGPAWNSHIELD:0.42213585849077867
CE_PIECECOORDINATION:0.565291485717999
CE_MATERIAL:0.44845541735606176
CE_KINGSAFETY:0.5
C_PIECESQUARETABLES:0.5
C_MOBILITY:0.5633056545718864
C_KINGSAFETY:0.5319032361745782
C_PAWNSTRUCTURE:0.4883738612050968
C_PIECECOORDINATION:0.5328033153408143
C_ROOKANDPAWNMOVEMENT:0.5328033153408143
C_CENTERCONTROL:0.5214707009552172
C_DEVELOPPIECES:0.5118674260868151
C_MATERIAL:0.4439891067027817
