ELO:928
CE_PASSEDPAWNS:0.4864104340365724
CE_PAWNWEAKNESSES:0.4485320282071057
CE_PIECEACTIVITY:0.5460625850162892
CE_KINGPAWNSHIELD:0.5044715708832901
CE_PIECECOORDINATION:0.5167629830623203
CE_MATERIAL:0.5182380063310312
CE_KINGSAFETY:0.5
C_PIECESQUARETABLES:0.5
C_MOBILITY:0.6622451054487631
C_KINGSAFETY:0.6258587810633238
C_PAWNSTRUCTURE:0.5499105473496562
C_PIECECOORDINATION:0.47662699125586877
C_ROOKANDPAWNMOVEMENT:0.47662699125586877
C_CENTERCONTROL:0.47715434924965905
C_DEVELOPPIECES:0.4386960566725044
C_MATERIAL:0.594777226758025
