ELO:821
CE_PASSEDPAWNS:0.4009645148822043
CE_PAWNWEAKNESSES:0.3390354549727776
CE_PIECEACTIVITY:0.7319454053983958
CE_KINGPAWNSHIELD:0.43484620715885863
CE_PIECECOORDINATION:0.4409932569834726
CE_MATERIAL:0.4069370606376193
CE_KINGSAFETY:0.4765184729445108
C_PIECESQUARETABLES:0.46494988141182014
C_MOBILITY:0.5627505640833806
C_KINGSAFETY:0.37287855782809937
C_PAWNSTRUCTURE:0.345418693458425
C_PIECECOORDINATION:0.41662191161225626
C_ROOKANDPAWNMOVEMENT:0.41662191161225626
C_CENTERCONTROL:0.5229745694452568
C_DEVELOPPIECES:0.43849742701644623
C_MATERIAL:0.499890871462386
