ELO:786
CE_PASSEDPAWNS:0.5990396090803053
CE_PAWNWEAKNESSES:0.4162327982874775
CE_PIECEACTIVITY:0.4990061376123578
CE_KINGPAWNSHIELD:0.40674901411586406
CE_PIECECOORDINATION:0.5330443202462013
CE_MATERIAL:0.415008502024732
CE_KINGSAFETY:0.5221896242092279
C_PIECESQUARETABLES:0.4899193427170906
C_MOBILITY:0.3045802374594583
C_KINGSAFETY:0.4631087616707245
C_PAWNSTRUCTURE:0.5582847634523963
C_PIECECOORDINATION:0.5100595954953877
C_ROOKANDPAWNMOVEMENT:0.5100595954953877
C_CENTERCONTROL:0.6082088849315372
C_DEVELOPPIECES:0.4209997290122218
C_MATERIAL:0.557206513141831
