ELO:844
CE_PASSEDPAWNS:0.4202920380902941
CE_PAWNWEAKNESSES:0.4286612943759634
CE_PIECEACTIVITY:0.5097347136369659
CE_KINGPAWNSHIELD:0.49884657642875524
CE_PIECECOORDINATION:0.45763430202029187
CE_MATERIAL:0.4445461309581301
CE_KINGSAFETY:0.48490642154421837
C_PIECESQUARETABLES:0.49970548934338366
C_MOBILITY:0.5043836600036271
C_KINGSAFETY:0.39560217617063875
C_PAWNSTRUCTURE:0.5246123435698055
C_PIECECOORDINATION:0.5984049828557105
C_ROOKANDPAWNMOVEMENT:0.5984049828557105
C_CENTERCONTROL:0.5257603051612566
C_DEVELOPPIECES:0.43898254359957817
C_MATERIAL:0.4892430637062803
