ELO:884
CE_PASSEDPAWNS:0.4265951743465568
CE_PAWNWEAKNESSES:0.4768202363508103
CE_PIECEACTIVITY:0.4143102507283393
CE_KINGPAWNSHIELD:0.5719095305338995
CE_PIECECOORDINATION:0.4464986215879357
CE_MATERIAL:0.29938909942756897
CE_KINGSAFETY:0.5221257135892847
C_PIECESQUARETABLES:0.510401354660482
C_MOBILITY:0.46874487652777386
C_KINGSAFETY:0.34881317673438433
C_PAWNSTRUCTURE:0.3459664875434978
C_PIECECOORDINATION:0.589815256960526
C_ROOKANDPAWNMOVEMENT:0.589815256960526
C_CENTERCONTROL:0.5750912335853168
C_DEVELOPPIECES:0.41543327561365195
C_MATERIAL:0.5619887504714101
