ELO:904
CE_PASSEDPAWNS:0.41695107174898083
CE_PAWNWEAKNESSES:0.4478369844114589
CE_PIECEACTIVITY:0.3790686452914799
CE_KINGPAWNSHIELD:0.4675483960701007
CE_PIECECOORDINATION:0.5313810220714018
CE_MATERIAL:0.5049031939818921
CE_KINGSAFETY:0.5
C_PIECESQUARETABLES:0.5
C_MOBILITY:0.5390030130138949
C_KINGSAFETY:0.4965851971537187
C_PAWNSTRUCTURE:0.4634964674108086
C_PIECECOORDINATION:0.4627790181487428
C_ROOKANDPAWNMOVEMENT:0.4627790181487428
C_CENTERCONTROL:0.5386185303387335
C_DEVELOPPIECES:0.47470233130265277
C_MATERIAL:0.383851122187757
