ELO:819
CE_PASSEDPAWNS:0.33094117761308667
CE_PAWNWEAKNESSES:0.46547417921711465
CE_PIECEACTIVITY:0.4545151490067346
CE_KINGPAWNSHIELD:0.4738114877955481
CE_PIECECOORDINATION:0.40306267122836803
CE_MATERIAL:0.468618133282388
CE_KINGSAFETY:0.5131197800586721
C_PIECESQUARETABLES:0.5721212585276494
C_MOBILITY:0.5812237211953483
C_KINGSAFETY:0.5770146767446174
C_PAWNSTRUCTURE:0.6545289810345213
C_PIECECOORDINATION:0.5923108595731882
C_ROOKANDPAWNMOVEMENT:0.5923108595731882
C_CENTERCONTROL:0.48115126712189843
C_DEVELOPPIECES:0.44906689211957485
C_MATERIAL:0.5360632785772534
