ELO:948
CE_PASSEDPAWNS:0.5774947590974144
CE_PAWNWEAKNESSES:0.4065200141141054
CE_PIECEACTIVITY:0.44572040359779835
CE_KINGPAWNSHIELD:0.4714356817491596
CE_PIECECOORDINATION:0.5957144604675697
CE_MATERIAL:0.4817250803289928
CE_KINGSAFETY:0.5
C_PIECESQUARETABLES:0.5
C_MOBILITY:0.4554796456425593
C_KINGSAFETY:0.49165360990924656
C_PAWNSTRUCTURE:0.44780112737445826
C_PIECECOORDINATION:0.5816814075860856
C_ROOKANDPAWNMOVEMENT:0.5816814075860856
C_CENTERCONTROL:0.42276661591454723
C_DEVELOPPIECES:0.5020277978786326
C_MATERIAL:0.5717591769535594
