ELO:962
CE_PASSEDPAWNS:0.48936087955615765
CE_PAWNWEAKNESSES:0.4003482449800057
CE_PIECEACTIVITY:0.6244233064881777
CE_KINGPAWNSHIELD:0.4859253128264291
CE_PIECECOORDINATION:0.6131677141979838
CE_MATERIAL:0.4990994058124339
CE_KINGSAFETY:0.5
C_PIECESQUARETABLES:0.5
C_MOBILITY:0.5712491500725911
C_KINGSAFETY:0.43429754420201305
C_PAWNSTRUCTURE:0.6779464715413029
C_PIECECOORDINATION:0.5447852188236804
C_ROOKANDPAWNMOVEMENT:0.5447852188236804
C_CENTERCONTROL:0.4541109919688242
C_DEVELOPPIECES:0.5528173797779841
C_MATERIAL:0.3164095278060213
