ELO:765
CE_PASSEDPAWNS:0.5161980408201673
CE_PAWNWEAKNESSES:0.4479957308913959
CE_PIECEACTIVITY:0.4188418737459139
CE_KINGPAWNSHIELD:0.5378883786850013
CE_PIECECOORDINATION:0.25982183749874105
CE_MATERIAL:0.46300342163372804
CE_KINGSAFETY:0.4964071930519418
C_PIECESQUARETABLES:0.5638497806050634
C_MOBILITY:0.4785041007291633
C_KINGSAFETY:0.4447304021851256
C_PAWNSTRUCTURE:0.4005905333683486
C_PIECECOORDINATION:0.4684605344460839
C_ROOKANDPAWNMOVEMENT:0.4684605344460839
C_CENTERCONTROL:0.5803771307815886
C_DEVELOPPIECES:0.405772515561258
C_MATERIAL:0.37724925431183787
