ELO:914
CE_PASSEDPAWNS:0.5112515190218462
CE_PAWNWEAKNESSES:0.5833548772467161
CE_PIECEACTIVITY:0.5095580708277507
CE_KINGPAWNSHIELD:0.6343921908993808
CE_PIECECOORDINATION:0.46649257272629047
CE_MATERIAL:0.5455417443761419
CE_KINGSAFETY:0.5
C_PIECESQUARETABLES:0.5
C_MOBILITY:0.4637101785975175
C_KINGSAFETY:0.41310081620943395
C_PAWNSTRUCTURE:0.5265605361002453
C_PIECECOORDINATION:0.42588810961815476
C_ROOKANDPAWNMOVEMENT:0.42588810961815476
C_CENTERCONTROL:0.5917255610074821
C_DEVELOPPIECES:0.5160903257193421
C_MATERIAL:0.5687464721451505
