ELO:895
CE_PASSEDPAWNS:0.49212805208927096
CE_PAWNWEAKNESSES:0.5303724485600938
CE_PIECEACTIVITY:0.38633958959583464
CE_KINGPAWNSHIELD:0.5192162110324411
CE_PIECECOORDINATION:0.5474816762245737
CE_MATERIAL:0.48411564331933127
CE_KINGSAFETY:0.529656790594242
C_PIECESQUARETABLES:0.49353099896309793
C_MOBILITY:0.4666604135415833
C_KINGSAFETY:0.5382246132462283
C_PAWNSTRUCTURE:0.42190031232590924
C_PIECECOORDINATION:0.6526988351779397
C_ROOKANDPAWNMOVEMENT:0.6526988351779397
C_CENTERCONTROL:0.4923494735705445
C_DEVELOPPIECES:0.4183757898825794
C_MATERIAL:0.43904951754532
