ELO:854
CE_PASSEDPAWNS:0.4564341496130849
CE_PAWNWEAKNESSES:0.43044404390240293
CE_PIECEACTIVITY:0.4144347698467962
CE_KINGPAWNSHIELD:0.40921384784458076
CE_PIECECOORDINATION:0.5350152062953863
CE_MATERIAL:0.38671974606747345
CE_KINGSAFETY:0.4736664663071161
C_PIECESQUARETABLES:0.5
C_MOBILITY:0.5361233264729433
C_KINGSAFETY:0.5924518181335017
C_PAWNSTRUCTURE:0.5034835068314495
C_PIECECOORDINATION:0.3875733159703246
C_ROOKANDPAWNMOVEMENT:0.3875733159703246
C_CENTERCONTROL:0.5082757028564198
C_DEVELOPPIECES:0.5366826556179545
C_MATERIAL:0.573180215566481
