ELO:944
CE_PASSEDPAWNS:0.44749870354253773
CE_PAWNWEAKNESSES:0.4681583008700798
CE_PIECEACTIVITY:0.42795353385783524
CE_KINGPAWNSHIELD:0.44600764767306644
CE_PIECECOORDINATION:0.43290339622417706
CE_MATERIAL:0.47142943546382343
CE_KINGSAFETY:0.5
C_PIECESQUARETABLES:0.5
C_MOBILITY:0.5880936838355311
C_KINGSAFETY:0.5508879045297981
C_PAWNSTRUCTURE:0.539013579041045
C_PIECECOORDINATION:0.43568837742801675
C_ROOKANDPAWNMOVEMENT:0.43568837742801675
C_CENTERCONTROL:0.5101968483946481
C_DEVELOPPIECES:0.4649814653477764
C_MATERIAL:0.44059289016399744
