ELO:774
CE_PASSEDPAWNS:0.5969682141616282
CE_PAWNWEAKNESSES:0.3710328169095118
CE_PIECEACTIVITY:0.46070993384450626
CE_KINGPAWNSHIELD:0.47153560268375216
CE_PIECECOORDINATION:0.4012598235859161
CE_MATERIAL:0.6491060359381552
CE_KINGSAFETY:0.46626495328136813
C_PIECESQUARETABLES:0.5228251094730846
C_MOBILITY:0.39298888292238815
C_KINGSAFETY:0.5675430755336799
C_PAWNSTRUCTURE:0.47437009705177685
C_PIECECOORDINATION:0.43209125084927436
C_ROOKANDPAWNMOVEMENT:0.43209125084927436
C_CENTERCONTROL:0.5802302772039305
C_DEVELOPPIECES:0.5024745271009481
C_MATERIAL:0.4768691905252209
