ELO:954
CE_PASSEDPAWNS:0.43998619370007874
CE_PAWNWEAKNESSES:0.5847803518347515
CE_PIECEACTIVITY:0.5206374458921995
CE_KINGPAWNSHIELD:0.4258418499925802
CE_PIECECOORDINATION:0.5153000011294302
CE_MATERIAL:0.548564368780168
CE_KINGSAFETY:0.5
C_PIECESQUARETABLES:0.5
C_MOBILITY:0.4085435941224075
C_KINGSAFETY:0.6040409684058549
C_PAWNSTRUCTURE:0.3519788038958173
C_PIECECOORDINATION:0.5732534165710654
C_ROOKANDPAWNMOVEMENT:0.5732534165710654
C_CENTERCONTROL:0.5319790877669808
C_DEVELOPPIECES:0.3660908132842717
C_MATERIAL:0.6850859057696043
