ELO:841
CE_PASSEDPAWNS:0.5738138514704119
CE_PAWNWEAKNESSES:0.4812297118380583
CE_PIECEACTIVITY:0.5151816948904564
CE_KINGPAWNSHIELD:0.5169656852609456
CE_PIECECOORDINATION:0.4822634379820935
CE_MATERIAL:0.44646346365210604
CE_KINGSAFETY:0.4978480978698362
C_PIECESQUARETABLES:0.4973236539718132
C_MOBILITY:0.5079728945035844
C_KINGSAFETY:0.5290711863605372
C_PAWNSTRUCTURE:0.4116810940461356
C_PIECECOORDINATION:0.44711688103872366
C_ROOKANDPAWNMOVEMENT:0.44711688103872366
C_CENTERCONTROL:0.4368417849781182
C_DEVELOPPIECES:0.5793461356709192
C_MATERIAL:0.5395431249747275
