ELO:897
CE_PASSEDPAWNS:0.4504467735819632
CE_PAWNWEAKNESSES:0.5268683264775879
CE_PIECEACTIVITY:0.41238663537867987
CE_KINGPAWNSHIELD:0.4675206517606437
CE_PIECECOORDINATION:0.613487722859294
CE_MATERIAL:0.40784913830957825
CE_KINGSAFETY:0.5108639321831305
C_PIECESQUARETABLES:0.5
C_MOBILITY:0.653537743927064
C_KINGSAFETY:0.5842008588199263
C_PAWNSTRUCTURE:0.5108626815711205
C_PIECECOORDINATION:0.6342405209949417
C_ROOKANDPAWNMOVEMENT:0.6342405209949417
C_CENTERCONTROL:0.6296973635835084
C_DEVELOPPIECES:0.5134082343248936
C_MATERIAL:0.5819743532275397
