ELO:809
CE_PASSEDPAWNS:0.3546008287538606
CE_PAWNWEAKNESSES:0.5887865932840076
CE_PIECEACTIVITY:0.36820137345371745
CE_KINGPAWNSHIELD:0.42703613977484955
CE_PIECECOORDINATION:0.4619553872415611
CE_MATERIAL:0.5601216323330511
CE_KINGSAFETY:0.4875272194702105
C_PIECESQUARETABLES:0.45514978865544
C_MOBILITY:0.5882870303497052
C_KINGSAFETY:0.6011326989515693
C_PAWNSTRUCTURE:0.509909072573616
C_PIECECOORDINATION:0.5926100613629453
C_ROOKANDPAWNMOVEMENT:0.5926100613629453
C_CENTERCONTROL:0.45072199993135037
C_DEVELOPPIECES:0.5207285632744713
C_MATERIAL:0.4879611526340865
