ELO:921
CE_PASSEDPAWNS:0.45987550026582263
CE_PAWNWEAKNESSES:0.4477663339015076
CE_PIECEACTIVITY:0.46358914486644226
CE_KINGPAWNSHIELD:0.4890557104347403
CE_PIECECOORDINATION:0.3909338180628902
CE_MATERIAL:0.4030799637729694
CE_KINGSAFETY:0.5
C_PIECESQUARETABLES:0.5
C_MOBILITY:0.5099172991867849
C_KINGSAFETY:0.4684456625758933
C_PAWNSTRUCTURE:0.46040180692848387
C_PIECECOORDINATION:0.3616423911982857
C_ROOKANDPAWNMOVEMENT:0.3616423911982857
C_CENTERCONTROL:0.5255474805494763
C_DEVELOPPIECES:0.49140861077725345
C_MATERIAL:0.6171449218795756
