ELO:834
CE_PASSEDPAWNS:0.5811504162003136
CE_PAWNWEAKNESSES:0.5343176164304029
CE_PIECEACTIVITY:0.4427042735602056
CE_KINGPAWNSHIELD:0.5181305222719751
CE_PIECECOORDINATION:0.5136148020408028
CE_MATERIAL:0.47827369534976594
CE_KINGSAFETY:0.5399709103705892
C_PIECESQUARETABLES:0.5136009282213264
C_MOBILITY:0.456719304491333
C_KINGSAFETY:0.5316902102877596
C_PAWNSTRUCTURE:0.4544348420538304
C_PIECECOORDINATION:0.58012230895872
C_ROOKANDPAWNMOVEMENT:0.58012230895872
C_CENTERCONTROL:0.5457494927091179
C_DEVELOPPIECES:0.5535563303428112
C_MATERIAL:0.5629340366171829
