ELO:805
CE_PASSEDPAWNS:0.5730988325201428
CE_PAWNWEAKNESSES:0.5475532286342173
CE_PIECEACTIVITY:0.3454632811450341
CE_KINGPAWNSHIELD:0.4972184992410833
CE_PIECECOORDINATION:0.4792480275735615
CE_MATERIAL:0.3841171129833478
CE_KINGSAFETY:0.4970047677874691
C_PIECESQUARETABLES:0.4712384550581657
C_MOBILITY:0.580808770423124
C_KINGSAFETY:0.3130833637213315
C_PAWNSTRUCTURE:0.49597039725609204
C_PIECECOORDINATION:0.46321509499860014
C_ROOKANDPAWNMOVEMENT:0.46321509499860014
C_CENTERCONTROL:0.5876081371437316
C_DEVELOPPIECES:0.5665989230118446
C_MATERIAL:0.49814672366937396
