ELO:835
CE_PASSEDPAWNS:0.5048358387704884
CE_PAWNWEAKNESSES:0.475536288333253
CE_PIECEACTIVITY:0.3190245710393089
CE_KINGPAWNSHIELD:0.42143641949137517
CE_PIECECOORDINATION:0.5039428428660065
CE_MATERIAL:0.48579671327333196
CE_KINGSAFETY:0.4516639294468967
C_PIECESQUARETABLES:0.5193595324591415
C_MOBILITY:0.4716772584624849
C_KINGSAFETY:0.4184975225832998
C_PAWNSTRUCTURE:0.49560354837350956
C_PIECECOORDINATION:0.4378657816996833
C_ROOKANDPAWNMOVEMENT:0.4378657816996833
C_CENTERCONTROL:0.48102079992761193
C_DEVELOPPIECES:0.45426524278899266
C_MATERIAL:0.45724507165854544
