ELO:769
CE_PASSEDPAWNS:0.5058540246846494
CE_PAWNWEAKNESSES:0.5266387122432519
CE_PIECEACTIVITY:0.5936348679094519
CE_KINGPAWNSHIELD:0.3894741844763499
CE_PIECECOORDINATION:0.5585917726915992
CE_MATERIAL:0.5522713045858659
CE_KINGSAFETY:0.49761187321735284
C_PIECESQUARETABLES:0.5064004428488035
C_MOBILITY:0.4291769693747992
C_KINGSAFETY:0.5142839039359888
C_PAWNSTRUCTURE:0.5376987152793855
C_PIECECOORDINATION:0.5837237996824928
C_ROOKANDPAWNMOVEMENT:0.5837237996824928
C_CENTERCONTROL:0.5629466618366934
C_DEVELOPPIECES:0.40920732803593884
C_MATERIAL:0.46963178107527337
