ELO:867
CE_PASSEDPAWNS:0.5567578360731166
CE_PAWNWEAKNESSES:0.49040079448813784
CE_PIECEACTIVITY:0.5072211498243814
CE_KINGPAWNSHIELD:0.5302318105127553
CE_PIECECOORDINATION:0.5820716237476303
CE_MATERIAL:0.42477250173912523
CE_KINGSAFETY:0.4798647537111796
C_PIECESQUARETABLES:0.49450024204514853
C_MOBILITY:0.4900291826999077
C_KINGSAFETY:0.405796365088627
C_PAWNSTRUCTURE:0.45118994519440203
C_PIECECOORDINATION:0.5947436421925268
C_ROOKANDPAWNMOVEMENT:0.5947436421925268
C_CENTERCONTROL:0.4958587551991115
C_DEVELOPPIECES:0.48592417110188
C_MATERIAL:0.430795518532575
