ELO:811
CE_PASSEDPAWNS:0.4571789279353336
CE_PAWNWEAKNESSES:0.44457054433965193
CE_PIECEACTIVITY:0.5000887528833167
CE_KINGPAWNSHIELD:0.34351514554776535
CE_PIECECOORDINATION:0.5969538059099653
CE_MATERIAL:0.46012642514282914
CE_KINGSAFETY:0.5106005918301494
C_PIECESQUARETABLES:0.5099556341063135
C_MOBILITY:0.40473218049437315
C_KINGSAFETY:0.4324647783098425
C_PAWNSTRUCTURE:0.5896734321273877
C_PIECECOORDINATION:0.51475084365771
C_ROOKANDPAWNMOVEMENT:0.51475084365771
C_CENTERCONTROL:0.5252443200401199
C_DEVELOPPIECES:0.5078026588194325
C_MATERIAL:0.5124285774657619
