ELO:853
CE_PASSEDPAWNS:0.5330030411149285
CE_PAWNWEAKNESSES:0.3878408753421771
CE_PIECEACTIVITY:0.46626850562118116
CE_KINGPAWNSHIELD:0.428721683303356
CE_PIECECOORDINATION:0.46470169355715607
CE_MATERIAL:0.49079572707121905
CE_KINGSAFETY:0.47102973547756494
C_PIECESQUARETABLES:0.4864363708507358
C_MOBILITY:0.4277082128137587
C_KINGSAFETY:0.39938750791062244
C_PAWNSTRUCTURE:0.46703154683039605
C_PIECECOORDINATION:0.5108949470001054
C_ROOKANDPAWNMOVEMENT:0.5108949470001054
C_CENTERCONTROL:0.45579072975714924
C_DEVELOPPIECES:0.5766633417008298
C_MATERIAL:0.541562707035176
