ELO:881
CE_PASSEDPAWNS:0.6002587647787444
CE_PAWNWEAKNESSES:0.4753152702609826
CE_PIECEACTIVITY:0.4177666247453366
CE_KINGPAWNSHIELD:0.5006804482660564
CE_PIECECOORDINATION:0.5939355933260542
CE_MATERIAL:0.4133326373955917
CE_KINGSAFETY:0.5003551657492477
C_PIECESQUARETABLES:0.49953034028646687
C_MOBILITY:0.5267639723903573
C_KINGSAFETY:0.48413230920596756
C_PAWNSTRUCTURE:0.5894871442757453
C_PIECECOORDINATION:0.6010857849079156
C_ROOKANDPAWNMOVEMENT:0.6010857849079156
C_CENTERCONTROL:0.5411038714387174
C_DEVELOPPIECES:0.5699897991759189
C_MATERIAL:0.5877307509283943
