ELO:894
CE_PASSEDPAWNS:0.5683615995625965
CE_PAWNWEAKNESSES:0.470730707224612
CE_PIECEACTIVITY:0.4167516972983441
CE_KINGPAWNSHIELD:0.5384149023705129
CE_PIECECOORDINATION:0.4734319081941474
CE_MATERIAL:0.5460740843080479
CE_KINGSAFETY:0.5
C_PIECESQUARETABLES:0.4695639188470428
C_MOBILITY:0.502099417165936
C_KINGSAFETY:0.37067086318412845
C_PAWNSTRUCTURE:0.5390511293005014
C_PIECECOORDINATION:0.41575948618156844
C_ROOKANDPAWNMOVEMENT:0.41575948618156844
C_CENTERCONTROL:0.4185756711050819
C_DEVELOPPIECES:0.42855153533639834
C_MATERIAL:0.4023400196991315
