ELO:828
CE_PASSEDPAWNS:0.44728646785875764
CE_PAWNWEAKNESSES:0.5282182208994033
CE_PIECEACTIVITY:0.4563281042705485
CE_KINGPAWNSHIELD:0.5450672319464883
CE_PIECECOORDINATION:0.32687252872619105
CE_MATERIAL:0.4320181441034539
CE_KINGSAFETY:0.49533810149028534
C_PIECESQUARETABLES:0.5344662824032963
C_MOBILITY:0.6262042410133114
C_KINGSAFETY:0.3814898657680655
C_PAWNSTRUCTURE:0.4144560924829595
C_PIECECOORDINATION:0.5390713914501061
C_ROOKANDPAWNMOVEMENT:0.5390713914501061
C_CENTERCONTROL:0.5526802377287028
C_DEVELOPPIECES:0.3820718282336084
C_MATERIAL:0.5712792115875956
