ELO:839
CE_PASSEDPAWNS:0.5740170097236695
CE_PAWNWEAKNESSES:0.4106406199128584
CE_PIECEACTIVITY:0.5971094991843885
CE_KINGPAWNSHIELD:0.6697554279341693
CE_PIECECOORDINATION:0.6429162825437774
CE_MATERIAL:0.39472460634851864
CE_KINGSAFETY:0.4802754739832454
C_PIECESQUARETABLES:0.5532107323517659
C_MOBILITY:0.5888444021749825
C_KINGSAFETY:0.540376743393245
C_PAWNSTRUCTURE:0.45578270891018186
C_PIECECOORDINATION:0.5421503338771106
C_ROOKANDPAWNMOVEMENT:0.5421503338771106
C_CENTERCONTROL:0.5113579173847896
C_DEVELOPPIECES:0.5208700052198698
C_MATERIAL:0.4998262458590895
