ELO:872
CE_PASSEDPAWNS:0.4532223188345293
CE_PAWNWEAKNESSES:0.534880104702943
CE_PIECEACTIVITY:0.5486815485717533
CE_KINGPAWNSHIELD:0.5825018839955718
CE_PIECECOORDINATION:0.6057573675359542
CE_MATERIAL:0.4280209545054332
CE_KINGSAFETY:0.47960618918116615
C_PIECESQUARETABLES:0.49750287096309637
C_MOBILITY:0.47312199850224496
C_KINGSAFETY:0.4610930110973461
C_PAWNSTRUCTURE:0.4272067098239923
C_PIECECOORDINATION:0.4713489019035084
C_ROOKANDPAWNMOVEMENT:0.4713489019035084
C_CENTERCONTROL:0.4178035590047355
C_DEVELOPPIECES:0.37579792842814685
C_MATERIAL:0.5634971563643433
