ELO:850
CE_PASSEDPAWNS:0.43629736732955277
CE_PAWNWEAKNESSES:0.5368631391237401
CE_PIECEACTIVITY:0.4881362380229717
CE_KINGPAWNSHIELD:0.48765573421023656
CE_PIECECOORDINATION:0.4621986942292643
CE_MATERIAL:0.43020417177171577
CE_KINGSAFETY:0.5353948366252225
C_PIECESQUARETABLES:0.5122827620302999
C_MOBILITY:0.33125865973461194
C_KINGSAFETY:0.48934455192988685
C_PAWNSTRUCTURE:0.4762283076630746
C_PIECECOORDINATION:0.5253521530677256
C_ROOKANDPAWNMOVEMENT:0.5253521530677256
C_CENTERCONTROL:0.5524433178403517
C_DEVELOPPIECES:0.4424271747019758
C_MATERIAL:0.39172683526740654
