ELO:836
CE_PASSEDPAWNS:0.5085505210807858
CE_PAWNWEAKNESSES:0.4204181302123012
CE_PIECEACTIVITY:0.5806170256615439
CE_KINGPAWNSHIELD:0.5836726995687553
CE_PIECECOORDINATION:0.5851127826321049
CE_MATERIAL:0.46162987990107235
CE_KINGSAFETY:0.49094966823919917
C_PIECESQUARETABLES:0.48689155290894626
C_MOBILITY:0.6023168246024508
C_KINGSAFETY:0.4846402037022638
C_PAWNSTRUCTURE:0.41377484493282907
C_PIECECOORDINATION:0.43793238341137236
C_ROOKANDPAWNMOVEMENT:0.43793238341137236
C_CENTERCONTROL:0.5952431257464612
C_DEVELOPPIECES:0.4713668616359806
C_MATERIAL:0.5711911549076351
