ELO:829
CE_PASSEDPAWNS:0.4616444221290012
CE_PAWNWEAKNESSES:0.49382005511201443
CE_PIECEACTIVITY:0.5606947725291787
CE_KINGPAWNSHIELD:0.5211300690618728
CE_PIECECOORDINATION:0.4777894482446044
CE_MATERIAL:0.6348518775441944
CE_KINGSAFETY:0.4889882418191963
C_PIECESQUARETABLES:0.5156826969472963
C_MOBILITY:0.5525227613052613
C_KINGSAFETY:0.42261899931050195
C_PAWNSTRUCTURE:0.4706428687758726
C_PIECECOORDINATION:0.3903672384052321
C_ROOKANDPAWNMOVEMENT:0.3903672384052321
C_CENTERCONTROL:0.4842732116726203
C_DEVELOPPIECES:0.5669596527228016
C_MATERIAL:0.37101074504462944
