ELO:876
CE_PASSEDPAWNS:0.42095509874187986
CE_PAWNWEAKNESSES:0.5378595418866783
CE_PIECEACTIVITY:0.4092482805989593
CE_KINGPAWNSHIELD:0.5213843271066146
CE_PIECECOORDINATION:0.5352270515639225
CE_MATERIAL:0.5884117833080164
CE_KINGSAFETY:0.5320692560083745
C_PIECESQUARETABLES:0.48868325019763975
C_MOBILITY:0.5184256130986814
C_KINGSAFETY:0.475748407029689
C_PAWNSTRUCTURE:0.5873512500652976
C_PIECECOORDINATION:0.49095161789091146
C_ROOKANDPAWNMOVEMENT:0.49095161789091146
C_CENTERCONTROL:0.39180861835903436
C_DEVELOPPIECES:0.5388258307947119
C_MATERIAL:0.49674267717208437
