ELO:823
CE_PASSEDPAWNS:0.3670810116192756
CE_PAWNWEAKNESSES:0.4531139204804555
CE_PIECEACTIVITY:0.5874478287491806
CE_KINGPAWNSHIELD:0.4993211351277116
CE_PIECECOORDINATION:0.3937766575836474
CE_MATERIAL:0.7574734334895977
CE_KINGSAFETY:0.4832920125253424
C_PIECESQUARETABLES:0.49586857710828697
C_MOBILITY:0.3918459929398746
C_KINGSAFETY:0.4325210874005729
C_PAWNSTRUCTURE:0.47669315209355817
C_PIECECOORDINATION:0.4052759678853705
C_ROOKANDPAWNMOVEMENT:0.4052759678853705
C_CENTERCONTROL:0.5319940184827598
C_DEVELOPPIECES:0.42732162978461263
C_MATERIAL:0.38760296745361944
