ELO:978
CE_PASSEDPAWNS:0.4910329061306591
CE_PAWNWEAKNESSES:0.4587279332565922
CE_PIECEACTIVITY:0.46141663230729874
CE_KINGPAWNSHIELD:0.47475437288721545
CE_PIECECOORDINATION:0.4657242205459179
CE_MATERIAL:0.45487970309941156
CE_KINGSAFETY:0.5
C_PIECESQUARETABLES:0.5
C_MOBILITY:0.5734065367475667
C_KINGSAFETY:0.4381987005232809
C_PAWNSTRUCTURE:0.49124294705892413
C_PIECECOORDINATION:0.5836305981213538
C_ROOKANDPAWNMOVEMENT:0.5836305981213538
C_CENTERCONTROL:0.43923677488585294
C_DEVELOPPIECES:0.42191628610639176
C_MATERIAL:0.6885751307122838
