ELO:912
CE_PASSEDPAWNS:0.4504341727783168
CE_PAWNWEAKNESSES:0.5199710664495459
CE_PIECEACTIVITY:0.5344929208527662
CE_KINGPAWNSHIELD:0.5011981444189209
CE_PIECECOORDINATION:0.48674816613011473
CE_MATERIAL:0.4915273373790222
CE_KINGSAFETY:0.5
C_PIECESQUARETABLES:0.5
C_MOBILITY:0.5233188203392287
C_KINGSAFETY:0.5795686130039571
C_PAWNSTRUCTURE:0.40774961479258204
C_PIECECOORDINATION:0.5531029961822923
C_ROOKANDPAWNMOVEMENT:0.5531029961822923
C_CENTERCONTROL:0.5008507699924684
C_DEVELOPPIECES:0.5201041420029603
C_MATERIAL:0.4071557162123518
