ELO:805
CE_PASSEDPAWNS:0.4215544029261636
CE_PAWNWEAKNESSES:0.5250220473061714
CE_PIECEACTIVITY:0.5126723968203614
CE_KINGPAWNSHIELD:0.42721504916700975
CE_PIECECOORDINATION:0.4808351938446557
CE_MATERIAL:0.4696138927009365
CE_KINGSAFETY:0.5071464326714814
C_PIECESQUARETABLES:0.5108666290157696
C_MOBILITY:0.4149051742105734
C_KINGSAFETY:0.6180718241212834
C_PAWNSTRUCTURE:0.41069460189610185
C_PIECECOORDINATION:0.5969497395602666
C_ROOKANDPAWNMOVEMENT:0.5969497395602666
C_CENTERCONTROL:0.4260453531075005
C_DEVELOPPIECES:0.4473478358955091
C_MATERIAL:0.5514241215060766
