ELO:867
CE_PASSEDPAWNS:0.5483002530777742
CE_PAWNWEAKNESSES:0.4732420607205613
CE_PIECEACTIVITY:0.5417660726957174
CE_KINGPAWNSHIELD:0.48351857722095676
CE_PIECECOORDINATION:0.4557242910869287
CE_MATERIAL:0.4612340302145444
CE_KINGSAFETY:0.5111451859777366
C_PIECESQUARETABLES:0.4946426928899241
C_MOBILITY:0.39980273360849433
C_KINGSAFETY:0.5491571838790624
C_PAWNSTRUCTURE:0.3536904722960426
C_PIECECOORDINATION:0.49903153573081904
C_ROOKANDPAWNMOVEMENT:0.49903153573081904
C_CENTERCONTROL:0.5893592133669014
C_DEVELOPPIECES:0.4502336902172432
C_MATERIAL:0.34099385454202835
