ELO:756
CE_PASSEDPAWNS:0.3652389904603744
CE_PAWNWEAKNESSES:0.44478038043639334
CE_PIECEACTIVITY:0.506831306977108
CE_KINGPAWNSHIELD:0.5212154302939448
CE_PIECECOORDINATION:0.3879669534936362
CE_MATERIAL:0.6359134349795764
CE_KINGSAFETY:0.45595711206706585
C_PIECESQUARETABLES:0.49054812258969643
C_MOBILITY:0.47200870931331484
C_KINGSAFETY:0.4671976943081221
C_PAWNSTRUCTURE:0.4810276341228236
C_PIECECOORDINATION:0.6306797827186265
C_ROOKANDPAWNMOVEMENT:0.6306797827186265
C_CENTERCONTROL:0.6494015491614958
C_DEVELOPPIECES:0.5617677268611216
C_MATERIAL:0.4578376218478162
