ELO:848
CE_PASSEDPAWNS:0.4076351882699108
CE_PAWNWEAKNESSES:0.47541078433047734
CE_PIECEACTIVITY:0.4711219106889532
CE_KINGPAWNSHIELD:0.5203998651324111
CE_PIECECOORDINATION:0.4898145043288082
CE_MATERIAL:0.42501379421527985
CE_KINGSAFETY:0.49624258370929336
C_PIECESQUARETABLES:0.5227271216866373
C_MOBILITY:0.3616366218274775
C_KINGSAFETY:0.500179172152847
C_PAWNSTRUCTURE:0.5269437909996976
C_PIECECOORDINATION:0.4734929335432059
C_ROOKANDPAWNMOVEMENT:0.4734929335432059
C_CENTERCONTROL:0.5484959732263315
C_DEVELOPPIECES:0.48717846354122984
C_MATERIAL:0.5558721443241629
