ELO:876
CE_PASSEDPAWNS:0.4871378736971723
CE_PAWNWEAKNESSES:0.5390338814898673
CE_PIECEACTIVITY:0.45051532437198577
CE_KINGPAWNSHIELD:0.5826816792999021
CE_PIECECOORDINATION:0.51164946337819
CE_MATERIAL:0.4992115801782481
CE_KINGSAFETY:0.5066618678543797
C_PIECESQUARETABLES:0.5030667055360036
C_MOBILITY:0.3627999363902139
C_KINGSAFETY:0.5275514812716123
C_PAWNSTRUCTURE:0.5102285155808046
C_PIECECOORDINATION:0.5366477313544743
C_ROOKANDPAWNMOVEMENT:0.5366477313544743
C_CENTERCONTROL:0.5656235989176287
C_DEVELOPPIECES:0.43352737089426424
C_MATERIAL:0.4775832673294918
