ELO:938
CE_PASSEDPAWNS:0.48248089370229
CE_PAWNWEAKNESSES:0.5096604931873571
CE_PIECEACTIVITY:0.5156590737302149
CE_KINGPAWNSHIELD:0.44992813898683515
CE_PIECECOORDINATION:0.39465689204288695
CE_MATERIAL:0.4414014899479571
CE_KINGSAFETY:0.5
C_PIECESQUARETABLES:0.5
C_MOBILITY:0.5162592144224107
C_KINGSAFETY:0.5233915518126556
C_PAWNSTRUCTURE:0.5233585227687203
C_PIECECOORDINATION:0.5309927134268232
C_ROOKANDPAWNMOVEMENT:0.5309927134268232
C_CENTERCONTROL:0.4319751600244121
C_DEVELOPPIECES:0.43315964958583353
C_MATERIAL:0.5856771209116564
