ELO:772
CE_PASSEDPAWNS:0.40174403609229065
CE_PAWNWEAKNESSES:0.4394899480610116
CE_PIECEACTIVITY:0.5311050196326682
CE_KINGPAWNSHIELD:0.5629519187476807
CE_PIECECOORDINATION:0.4691776632907906
CE_MATERIAL:0.6006704558789852
CE_KINGSAFETY:0.5302949026656609
C_PIECESQUARETABLES:0.4600879790055505
C_MOBILITY:0.4601156596912174
C_KINGSAFETY:0.6045519870005184
C_PAWNSTRUCTURE:0.5257489144093291
C_PIECECOORDINATION:0.48073064458923126
C_ROOKANDPAWNMOVEMENT:0.48073064458923126
C_CENTERCONTROL:0.5226039648719232
C_DEVELOPPIECES:0.4639427569476179
C_MATERIAL:0.4082304631056284
