ELO:930
CE_PASSEDPAWNS:0.4583694669925301
CE_PAWNWEAKNESSES:0.5241082019211586
CE_PIECEACTIVITY:0.5213558792924969
CE_KINGPAWNSHIELD:0.5764349476076254
CE_PIECECOORDINATION:0.5583262692339429
CE_MATERIAL:0.5042101211412722
CE_KINGSAFETY:0.5
C_PIECESQUARETABLES:0.5
C_MOBILITY:0.526916212096717
C_KINGSAFETY:0.4884829053383742
C_PAWNSTRUCTURE:0.4089704330370557
C_PIECECOORDINATION:0.43081647333421896
C_ROOKANDPAWNMOVEMENT:0.43081647333421896
C_CENTERCONTROL:0.443989311188162
C_DEVELOPPIECES:0.4338398722135887
C_MATERIAL:0.5888268321830078
