ELO:692
CE_PASSEDPAWNS:0.46512564638949877
CE_PAWNWEAKNESSES:0.4692062095839186
CE_PIECEACTIVITY:0.3961001608833756
CE_KINGPAWNSHIELD:0.4936679943373948
CE_PIECECOORDINATION:0.4887355038992035
CE_MATERIAL:0.4003460808841268
CE_KINGSAFETY:0.46177596248485336
C_PIECESQUARETABLES:0.525348287478948
C_MOBILITY:0.34279967105327663
C_KINGSAFETY:0.3839377901628524
C_PAWNSTRUCTURE:0.4013344536930556
C_PIECECOORDINATION:0.3564993051106507
C_ROOKANDPAWNMOVEMENT:0.3564993051106507
C_CENTERCONTROL:0.4188751547547538
C_DEVELOPPIECES:0.49085778390131574
C_MATERIAL:0.43464334900247426
