ELO:794
CE_PASSEDPAWNS:0.4722233402931762
CE_PAWNWEAKNESSES:0.5957448628622355
CE_PIECEACTIVITY:0.5652383145288624
CE_KINGPAWNSHIELD:0.4537745554203548
CE_PIECECOORDINATION:0.5422669240575693
CE_MATERIAL:0.6176487388893197
CE_KINGSAFETY:0.5427111871238187
C_PIECESQUARETABLES:0.47194081594434484
C_MOBILITY:0.5916375484017176
C_KINGSAFETY:0.5419045913626223
C_PAWNSTRUCTURE:0.36901590307047055
C_PIECECOORDINATION:0.5205847597337907
C_ROOKANDPAWNMOVEMENT:0.5205847597337907
C_CENTERCONTROL:0.6139764293650516
C_DEVELOPPIECES:0.411969313435452
C_MATERIAL:0.41806406625803477
