ELO:931
CE_PASSEDPAWNS:0.46385174179082916
CE_PAWNWEAKNESSES:0.5006104854064277
CE_PIECEACTIVITY:0.5409573553165711
CE_KINGPAWNSHIELD:0.5448356146172475
CE_PIECECOORDINATION:0.5413387408924575
CE_MATERIAL:0.45884646826273623
CE_KINGSAFETY:0.5
C_PIECESQUARETABLES:0.5
C_MOBILITY:0.40613123142479535
C_KINGSAFETY:0.5597649237207298
C_PAWNSTRUCTURE:0.4566220411980508
C_PIECECOORDINATION:0.3908988960461167
C_ROOKANDPAWNMOVEMENT:0.3908988960461167
C_CENTERCONTROL:0.5379770539866923
C_DEVELOPPIECES:0.45588024667206817
C_MATERIAL:0.40017608736438864
