ELO:915
CE_PASSEDPAWNS:0.621711941416036
CE_PAWNWEAKNESSES:0.5806288127287749
CE_PIECEACTIVITY:0.5094328783003679
CE_KINGPAWNSHIELD:0.46905015548196916
CE_PIECECOORDINATION:0.556355731597412
CE_MATERIAL:0.5630165450179484
CE_KINGSAFETY:0.5108103353877822
C_PIECESQUARETABLES:0.5
C_MOBILITY:0.48197557591254475
C_KINGSAFETY:0.6127096559615858
C_PAWNSTRUCTURE:0.5850499534865369
C_PIECECOORDINATION:0.49965533008073676
C_ROOKANDPAWNMOVEMENT:0.49965533008073676
C_CENTERCONTROL:0.41370969526568696
C_DEVELOPPIECES:0.4523629775926897
C_MATERIAL:0.38510013821430505
