ELO:807
CE_PASSEDPAWNS:0.5669387725420997
CE_PAWNWEAKNESSES:0.5713716364918857
CE_PIECEACTIVITY:0.351624684243495
CE_KINGPAWNSHIELD:0.3793875436909178
CE_PIECECOORDINATION:0.44322873371059784
CE_MATERIAL:0.4507326087976241
CE_KINGSAFETY:0.5011860800141535
C_PIECESQUARETABLES:0.5092423958183038
C_MOBILITY:0.5501143408841848
C_KINGSAFETY:0.577219880165801
C_PAWNSTRUCTURE:0.3705557752890723
C_PIECECOORDINATION:0.5949072438213491
C_ROOKANDPAWNMOVEMENT:0.5949072438213491
C_CENTERCONTROL:0.5364159991623442
C_DEVELOPPIECES:0.43532218832902136
C_MATERIAL:0.5288617882529704
