ELO:915
CE_PASSEDPAWNS:0.6066949994864951
CE_PAWNWEAKNESSES:0.3899747506393576
CE_PIECEACTIVITY:0.520269533894445
CE_KINGPAWNSHIELD:0.4061202540355586
CE_PIECECOORDINATION:0.42015052510937145
CE_MATERIAL:0.49790962154373225
CE_KINGSAFETY:0.5
C_PIECESQUARETABLES:0.49576714202653155
C_MOBILITY:0.44866454194579347
C_KINGSAFETY:0.5340574190127672
C_PAWNSTRUCTURE:0.3297074219954518
C_PIECECOORDINATION:0.3953706371373557
C_ROOKANDPAWNMOVEMENT:0.3953706371373557
C_CENTERCONTROL:0.5001175415094765
C_DEVELOPPIECES:0.4697340740970402
C_MATERIAL:0.5953643273040549
