ELO:940
CE_PASSEDPAWNS:0.5904858789180036
CE_PAWNWEAKNESSES:0.590261458922248
CE_PIECEACTIVITY:0.5827794003758104
CE_KINGPAWNSHIELD:0.611695343966418
CE_PIECECOORDINATION:0.4653878066514603
CE_MATERIAL:0.5713318508721865
CE_KINGSAFETY:0.5
C_PIECESQUARETABLES:0.5
C_MOBILITY:0.556957796546207
C_KINGSAFETY:0.5640037284657623
C_PAWNSTRUCTURE:0.4688276942979239
C_PIECECOORDINATION:0.5960146041974088
C_ROOKANDPAWNMOVEMENT:0.5960146041974088
C_CENTERCONTROL:0.5973424342054678
C_DEVELOPPIECES:0.36974464085118053
C_MATERIAL:0.5961630701883155
