ELO:894
CE_PASSEDPAWNS:0.49315861274273753
CE_PAWNWEAKNESSES:0.47532717006530273
CE_PIECEACTIVITY:0.37423140496173235
CE_KINGPAWNSHIELD:0.5286115745267844
CE_PIECECOORDINATION:0.4820770248627583
CE_MATERIAL:0.6051076500701217
CE_KINGSAFETY:0.5343796566793866
C_PIECESQUARETABLES:0.5
C_MOBILITY:0.5785136281883135
C_KINGSAFETY:0.5309824468848009
C_PAWNSTRUCTURE:0.5014397826031239
C_PIECECOORDINATION:0.6319946513373106
C_ROOKANDPAWNMOVEMENT:0.6319946513373106
C_CENTERCONTROL:0.5803744863093204
C_DEVELOPPIECES:0.5616788725683981
C_MATERIAL:0.41493741943622403
