ELO:883
CE_PASSEDPAWNS:0.41588582765393073
CE_PAWNWEAKNESSES:0.37748866719354945
CE_PIECEACTIVITY:0.5928204348954803
CE_KINGPAWNSHIELD:0.416225329474833
CE_PIECECOORDINATION:0.46982416039089164
CE_MATERIAL:0.46884906771564655
CE_KINGSAFETY:0.4886497650656382
C_PIECESQUARETABLES:0.51364289673351
C_MOBILITY:0.5106742107790239
C_KINGSAFETY:0.47789703643143744
C_PAWNSTRUCTURE:0.40563996337207037
C_PIECECOORDINATION:0.49657832103767324
C_ROOKANDPAWNMOVEMENT:0.49657832103767324
C_CENTERCONTROL:0.4686173673384442
C_DEVELOPPIECES:0.5388274356602549
C_MATERIAL:0.42095688432746475
