ELO:898
CE_PASSEDPAWNS:0.47261396785089166
CE_PAWNWEAKNESSES:0.40806780334463744
CE_PIECEACTIVITY:0.5392619398772848
CE_KINGPAWNSHIELD:0.5362464240533333
CE_PIECECOORDINATION:0.5222403743160662
CE_MATERIAL:0.5193066508340567
CE_KINGSAFETY:0.5094946059846065
C_PIECESQUARETABLES:0.5
C_MOBILITY:0.4566361016560576
C_KINGSAFETY:0.3564030501675685
C_PAWNSTRUCTURE:0.4187310472136068
C_PIECECOORDINATION:0.5302225239433405
C_ROOKANDPAWNMOVEMENT:0.5302225239433405
C_CENTERCONTROL:0.48972235919664175
C_DEVELOPPIECES:0.39595037543148975
C_MATERIAL:0.4753822368198368
