ELO:807
CE_PASSEDPAWNS:0.5290470559631401
CE_PAWNWEAKNESSES:0.3588082888149101
CE_PIECEACTIVITY:0.3327487731873152
CE_KINGPAWNSHIELD:0.4581156979912882
CE_PIECECOORDINATION:0.2376718573567218
CE_MATERIAL:0.539850282656932
CE_KINGSAFETY:0.5000490810933359
C_PIECESQUARETABLES:0.5270307547145197
C_MOBILITY:0.45348883499808373
C_KINGSAFETY:0.5600220481728281
C_PAWNSTRUCTURE:0.409969336877148
C_PIECECOORDINATION:0.6444377627005975
C_ROOKANDPAWNMOVEMENT:0.6444377627005975
C_CENTERCONTROL:0.445183094486296
C_DEVELOPPIECES:0.4047547321895129
C_MATERIAL:0.4890825358241938
