ELO:884
CE_PASSEDPAWNS:0.6914412005545016
CE_PAWNWEAKNESSES:0.46399402598051154
CE_PIECEACTIVITY:0.5771739554181188
CE_KINGPAWNSHIELD:0.5724961689865258
CE_PIECECOORDINATION:0.49020697568340266
CE_MATERIAL:0.48965915913480385
CE_KINGSAFETY:0.484015429410024
C_PIECESQUARETABLES:0.4964215538801564
C_MOBILITY:0.4153140908486505
C_KINGSAFETY:0.504823715784887
C_PAWNSTRUCTURE:0.39751159443378475
C_PIECECOORDINATION:0.5618692150757578
C_ROOKANDPAWNMOVEMENT:0.5618692150757578
C_CENTERCONTROL:0.6494141386113016
C_DEVELOPPIECES:0.43308301461592075
C_MATERIAL:0.4183652457944514
