ELO:938
CE_PASSEDPAWNS:0.3639203476648641
CE_PAWNWEAKNESSES:0.5067733744046712
CE_PIECEACTIVITY:0.43269501473301736
CE_KINGPAWNSHIELD:0.538443150969955
CE_PIECECOORDINATION:0.4334446069254965
CE_MATERIAL:0.48958436284271634
CE_KINGSAFETY:0.5
C_PIECESQUARETABLES:0.5
C_MOBILITY:0.44694877980489356
C_KINGSAFETY:0.6141612017190802
C_PAWNSTRUCTURE:0.5175705610005169
C_PIECECOORDINATION:0.5280342735497159
C_ROOKANDPAWNMOVEMENT:0.5280342735497159
C_CENTERCONTROL:0.4923794331110115
C_DEVELOPPIECES:0.49271680245207605
C_MATERIAL:0.41050707869333286
