ELO:780
CE_PASSEDPAWNS:0.6549584062211731
CE_PAWNWEAKNESSES:0.5114238655919318
CE_PIECEACTIVITY:0.46446245351863064
CE_KINGPAWNSHIELD:0.5595487248589585
CE_PIECECOORDINATION:0.5567017138037526
CE_MATERIAL:0.5762018413604802
CE_KINGSAFETY:0.5134174549448105
C_PIECESQUARETABLES:0.49038296748238996
C_MOBILITY:0.43866668816179466
C_KINGSAFETY:0.37911435371465957
C_PAWNSTRUCTURE:0.4418891048724051
C_PIECECOORDINATION:0.5646925536000121
C_ROOKANDPAWNMOVEMENT:0.5646925536000121
C_CENTERCONTROL:0.5695336471386567
C_DEVELOPPIECES:0.522779954199302
C_MATERIAL:0.4837214046814613
