ELO:796
CE_PASSEDPAWNS:0.5450502241450226
CE_PAWNWEAKNESSES:0.4495500317460794
CE_PIECEACTIVITY:0.48493125625123945
CE_KINGPAWNSHIELD:0.5244583339391452
CE_PIECECOORDINATION:0.46467210404328346
CE_MATERIAL:0.5459766067105415
CE_KINGSAFETY:0.5134181955865954
C_PIECESQUARETABLES:0.46112840361614144
C_MOBILITY:0.39645141474730017
C_KINGSAFETY:0.5493509683431025
C_PAWNSTRUCTURE:0.6218460090439161
C_PIECECOORDINATION:0.43891787460416093
C_ROOKANDPAWNMOVEMENT:0.43891787460416093
C_CENTERCONTROL:0.4980492657340874
C_DEVELOPPIECES:0.5443591607442773
C_MATERIAL:0.43532755090192016
