ELO:967
CE_PASSEDPAWNS:0.49419574123581633
CE_PAWNWEAKNESSES:0.45698687931067433
CE_PIECEACTIVITY:0.4595682633722793
CE_KINGPAWNSHIELD:0.613908416721253
CE_PIECECOORDINATION:0.49892967985177217
CE_MATERIAL:0.498316981915067
CE_KINGSAFETY:0.5
C_PIECESQUARETABLES:0.5
C_MOBILITY:0.5716664900448072
C_KINGSAFETY:0.5269004903038758
C_PAWNSTRUCTURE:0.46662491206209794
C_PIECECOORDINATION:0.556379022154654
C_ROOKANDPAWNMOVEMENT:0.556379022154654
C_CENTERCONTROL:0.44015294644827285
C_DEVELOPPIECES:0.5659557585650148
C_MATERIAL:0.6127785637759643
