ELO:850
CE_PASSEDPAWNS:0.6561618432448246
CE_PAWNWEAKNESSES:0.38702818844211745
CE_PIECEACTIVITY:0.5507362877715362
CE_KINGPAWNSHIELD:0.45644997160265466
CE_PIECECOORDINATION:0.4495072018789767
CE_MATERIAL:0.495345727851183
CE_KINGSAFETY:0.5169851351586516
C_PIECESQUARETABLES:0.5269436029237359
C_MOBILITY:0.2956654225367926
C_KINGSAFETY:0.4124629180705791
C_PAWNSTRUCTURE:0.526257832869751
C_PIECECOORDINATION:0.3962059647487109
C_ROOKANDPAWNMOVEMENT:0.3962059647487109
C_CENTERCONTROL:0.5887425653064888
C_DEVELOPPIECES:0.5276293980724811
C_MATERIAL:0.38935615519735656
