ELO:927
CE_PASSEDPAWNS:0.5537302054982414
CE_PAWNWEAKNESSES:0.34800456859790396
CE_PIECEACTIVITY:0.5919909397481395
CE_KINGPAWNSHIELD:0.4387281631826374
CE_PIECECOORDINATION:0.5134303947909039
CE_MATERIAL:0.4352983751919719
CE_KINGSAFETY:0.5
C_PIECESQUARETABLES:0.5
C_MOBILITY:0.4460556176764703
C_KINGSAFETY:0.48996784348874783
C_PAWNSTRUCTURE:0.5109805493040169
C_PIECECOORDINATION:0.42678408993939054
C_ROOKANDPAWNMOVEMENT:0.42678408993939054
C_CENTERCONTROL:0.4708519952170694
C_DEVELOPPIECES:0.5111288147144631
C_MATERIAL:0.6286229994350284
