ELO:855
CE_PASSEDPAWNS:0.42104557820492444
CE_PAWNWEAKNESSES:0.46224240682390405
CE_PIECEACTIVITY:0.3806761842670946
CE_KINGPAWNSHIELD:0.4269821912575651
CE_PIECECOORDINATION:0.5189481370735602
CE_MATERIAL:0.3412081578301652
CE_KINGSAFETY:0.5211412937236606
C_PIECESQUARETABLES:0.5233006763576906
C_MOBILITY:0.4884061990326422
C_KINGSAFETY:0.5102027218158616
C_PAWNSTRUCTURE:0.6100816380358248
C_PIECECOORDINATION:0.424418797894521
C_ROOKANDPAWNMOVEMENT:0.424418797894521
C_CENTERCONTROL:0.5121720431838682
C_DEVELOPPIECES:0.4770607654963338
C_MATERIAL:0.5471119055420792
