ELO:858
CE_PASSEDPAWNS:0.40328067005004414
CE_PAWNWEAKNESSES:0.5627236190329341
CE_PIECEACTIVITY:0.46844269126281374
CE_KINGPAWNSHIELD:0.4841591317819473
CE_PIECECOORDINATION:0.5029250874874781
CE_MATERIAL:0.5266863573817715
CE_KINGSAFETY:0.49875344269803384
C_PIECESQUARETABLES:0.4685284475477377
C_MOBILITY:0.5382791309760354
C_KINGSAFETY:0.5059025924379633
C_PAWNSTRUCTURE:0.5914384826689757
C_PIECECOORDINATION:0.4439309977131381
C_ROOKANDPAWNMOVEMENT:0.4439309977131381
C_CENTERCONTROL:0.44925311556720743
C_DEVELOPPIECES:0.5721749362540649
C_MATERIAL:0.41804404455326555
