ELO:858
CE_PASSEDPAWNS:0.42213313405319447
CE_PAWNWEAKNESSES:0.5827799853441936
CE_PIECEACTIVITY:0.35332879144817114
CE_KINGPAWNSHIELD:0.5668332084780808
CE_PIECECOORDINATION:0.4543174020605569
CE_MATERIAL:0.3359782648201439
CE_KINGSAFETY:0.49147788968847833
C_PIECESQUARETABLES:0.49135307770828024
C_MOBILITY:0.5692441804343786
C_KINGSAFETY:0.37482074391905457
C_PAWNSTRUCTURE:0.4178591612840222
C_PIECECOORDINATION:0.4418810612504371
C_ROOKANDPAWNMOVEMENT:0.4418810612504371
C_CENTERCONTROL:0.5812792021733291
C_DEVELOPPIECES:0.4968223948807898
C_MATERIAL:0.4589270292971844
