ELO:831
CE_PASSEDPAWNS:0.3538721839777794
CE_PAWNWEAKNESSES:0.5944923612974348
CE_PIECEACTIVITY:0.5581781986310543
CE_KINGPAWNSHIELD:0.3920079757326063
CE_PIECECOORDINATION:0.603136416641564
CE_MATERIAL:0.3626186051526248
CE_KINGSAFETY:0.46859398842419525
C_PIECESQUARETABLES:0.5207528356098543
C_MOBILITY:0.609381643316283
C_KINGSAFETY:0.5041455737880068
C_PAWNSTRUCTURE:0.3514600498979416
C_PIECECOORDINATION:0.49769631060305924
C_ROOKANDPAWNMOVEMENT:0.49769631060305924
C_CENTERCONTROL:0.47423936781467124
C_DEVELOPPIECES:0.7078401637476237
C_MATERIAL:0.5771910162493343
