ELO:922
CE_PASSEDPAWNS:0.48763608598760044
CE_PAWNWEAKNESSES:0.4812242460041382
CE_PIECEACTIVITY:0.611367738923932
CE_KINGPAWNSHIELD:0.4505262783639758
CE_PIECECOORDINATION:0.45176359429214186
CE_MATERIAL:0.5500666300984437
CE_KINGSAFETY:0.5
C_PIECESQUARETABLES:0.5
C_MOBILITY:0.5270298135627571
C_KINGSAFETY:0.4598050911355462
C_PAWNSTRUCTURE:0.45756555762036294
C_PIECECOORDINATION:0.4678565936458981
C_ROOKANDPAWNMOVEMENT:0.4678565936458981
C_CENTERCONTROL:0.6153422684249522
C_DEVELOPPIECES:0.5760011471346395
C_MATERIAL:0.6593688234110069
