ELO:794
CE_PASSEDPAWNS:0.5720700111383459
CE_PAWNWEAKNESSES:0.4759858658464666
CE_PIECEACTIVITY:0.6266441832027574
CE_KINGPAWNSHIELD:0.357825647140209
CE_PIECECOORDINATION:0.46194514217131694
CE_MATERIAL:0.29678717073359207
CE_KINGSAFETY:0.4811934931657307
C_PIECESQUARETABLES:0.48924579311634553
C_MOBILITY:0.4360504608757328
C_KINGSAFETY:0.4647790791332558
C_PAWNSTRUCTURE:0.5205492066266799
C_PIECECOORDINATION:0.5321790298666966
C_ROOKANDPAWNMOVEMENT:0.5321790298666966
C_CENTERCONTROL:0.48023667478882964
C_DEVELOPPIECES:0.49285572442763137
C_MATERIAL:0.5549018134181727
