ELO:829
CE_PASSEDPAWNS:0.4678348526005827
CE_PAWNWEAKNESSES:0.6056927178559361
CE_PIECEACTIVITY:0.36097876948724933
CE_KINGPAWNSHIELD:0.44432299191033126
CE_PIECECOORDINATION:0.5544064264819368
CE_MATERIAL:0.5339772512460152
CE_KINGSAFETY:0.5217744697697707
C_PIECESQUARETABLES:0.5245738309978324
C_MOBILITY:0.5378282059298933
C_KINGSAFETY:0.42986522726799237
C_PAWNSTRUCTURE:0.4835355590837655
C_PIECECOORDINATION:0.5321574032155709
C_ROOKANDPAWNMOVEMENT:0.5321574032155709
C_CENTERCONTROL:0.5142018618732546
C_DEVELOPPIECES:0.4410804395807013
C_MATERIAL:0.48208901441169333
