ELO:907
CE_PASSEDPAWNS:0.4558981024826039
CE_PAWNWEAKNESSES:0.5694051413985669
CE_PIECEACTIVITY:0.5276309816073529
CE_KINGPAWNSHIELD:0.541855420445219
CE_PIECECOORDINATION:0.5987799581846585
CE_MATERIAL:0.5120177391715964
CE_KINGSAFETY:0.5152576087826932
C_PIECESQUARETABLES:0.5
C_MOBILITY:0.6061106528860455
C_KINGSAFETY:0.6602968088724188
C_PAWNSTRUCTURE:0.48614844207725266
C_PIECECOORDINATION:0.531077863489561
C_ROOKANDPAWNMOVEMENT:0.531077863489561
C_CENTERCONTROL:0.5433950087535061
C_DEVELOPPIECES:0.45285830031271446
C_MATERIAL:0.5815513514263677
