ELO:833
CE_PASSEDPAWNS:0.39049017404687664
CE_PAWNWEAKNESSES:0.45550834124005224
CE_PIECEACTIVITY:0.5467945372510183
CE_KINGPAWNSHIELD:0.467760744592514
CE_PIECECOORDINATION:0.4385792997798186
CE_MATERIAL:0.5908896087396277
CE_KINGSAFETY:0.5184689855106098
C_PIECESQUARETABLES:0.4886360994455826
C_MOBILITY:0.5036700434418658
C_KINGSAFETY:0.34995501980457483
C_PAWNSTRUCTURE:0.5199529670113533
C_PIECECOORDINATION:0.5827089770798719
C_ROOKANDPAWNMOVEMENT:0.5827089770798719
C_CENTERCONTROL:0.47435507922034253
C_DEVELOPPIECES:0.5293437774529832
C_MATERIAL:0.41399007685868583
