ELO:898
CE_PASSEDPAWNS:0.4324932477092463
CE_PAWNWEAKNESSES:0.610886721533037
CE_PIECEACTIVITY:0.4623256526339482
CE_KINGPAWNSHIELD:0.43511607999522073
CE_PIECECOORDINATION:0.5161990167068586
CE_MATERIAL:0.46507335915856124
CE_KINGSAFETY:0.48121027623792045
C_PIECESQUARETABLES:0.5325007183963875
C_MOBILITY:0.44484856875425005
C_KINGSAFETY:0.5062524300612433
C_PAWNSTRUCTURE:0.6185498577941269
C_PIECECOORDINATION:0.4600227010433881
C_ROOKANDPAWNMOVEMENT:0.4600227010433881
C_CENTERCONTROL:0.39738487714418796
C_DEVELOPPIECES:0.3993167364209118
C_MATERIAL:0.49770433479773674
