ELO:1070
CE_PASSEDPAWNS:0.6400196638381801
CE_PAWNWEAKNESSES:0.49848376583579723
CE_PIECEACTIVITY:0.5643427991581322
CE_KINGPAWNSHIELD:0.47270845408826834
CE_PIECECOORDINATION:0.4637795333316152
CE_MATERIAL:0.45361773407535616
CE_KINGSAFETY:0.4857044947948742
C_PIECESQUARETABLES:0.4851096504278299
C_MOBILITY:0.6217442109496422
C_KINGSAFETY:0.514694010282775
C_PAWNSTRUCTURE:0.43022041723019305
C_PIECECOORDINATION:0.4975254614378413
C_ROOKANDPAWNMOVEMENT:0.4975254614378413
C_CENTERCONTROL:0.5838658642375331
C_DEVELOPPIECES:0.6066756790374447
C_MATERIAL:0.33301591913042117
