ELO:1039
CE_PASSEDPAWNS:0.4206150445297281
CE_PAWNWEAKNESSES:0.6118676375864667
CE_PIECEACTIVITY:0.5441808282861778
CE_KINGPAWNSHIELD:0.4467497567991595
CE_PIECECOORDINATION:0.5411440339610603
CE_MATERIAL:0.4756056813754474
CE_KINGSAFETY:0.4690414430179343
C_PIECESQUARETABLES:0.5
C_MOBILITY:0.5397636901310329
C_KINGSAFETY:0.4443902470832447
C_PAWNSTRUCTURE:0.4765831040074254
C_PIECECOORDINATION:0.5385264243339882
C_ROOKANDPAWNMOVEMENT:0.5385264243339882
C_CENTERCONTROL:0.4698807075773124
C_DEVELOPPIECES:0.4558360349969171
C_MATERIAL:0.5176201651983812
