ELO:1268
CE_PASSEDPAWNS:0.4382366343002822
CE_PAWNWEAKNESSES:0.5437963069793471
CE_PIECEACTIVITY:0.4576057145571814
CE_KINGPAWNSHIELD:0.4181592127423635
CE_PIECECOORDINATION:0.5138962178399454
CE_MATERIAL:0.5070396967693795
CE_KINGSAFETY:0.5
C_PIECESQUARETABLES:0.5
C_MOBILITY:0.3910770357088864
C_KINGSAFETY:0.35456652827360086
C_PAWNSTRUCTURE:0.6422891328495314
C_PIECECOORDINATION:0.5780803163293589
C_ROOKANDPAWNMOVEMENT:0.5780803163293589
C_CENTERCONTROL:0.47788920495943354
C_DEVELOPPIECES:0.5684118937704338
C_MATERIAL:0.6310644924673378
