ELO:987
CE_PASSEDPAWNS:0.5513713222856294
CE_PAWNWEAKNESSES:0.45897431154444235
CE_PIECEACTIVITY:0.545533675947258
CE_KINGPAWNSHIELD:0.4251607300400687
CE_PIECECOORDINATION:0.477133543316291
CE_MATERIAL:0.4651116914111297
CE_KINGSAFETY:0.4812666015542827
C_PIECESQUARETABLES:0.49978348088126995
C_MOBILITY:0.5316258871497365
C_KINGSAFETY:0.5285254148164406
C_PAWNSTRUCTURE:0.4490051270242627
C_PIECECOORDINATION:0.4792956106204132
C_ROOKANDPAWNMOVEMENT:0.4792956106204132
C_CENTERCONTROL:0.4314319264157631
C_DEVELOPPIECES:0.5127808055197868
C_MATERIAL:0.5283416403872088
