ELO:869
CE_PASSEDPAWNS:0.474906138314885
CE_PAWNWEAKNESSES:0.4751690171140273
CE_PIECEACTIVITY:0.483301804838686
CE_KINGPAWNSHIELD:0.47755903194849114
CE_PIECECOORDINATION:0.4135329594436594
CE_MATERIAL:0.4822598405965476
CE_KINGSAFETY:0.5064876040333656
C_PIECESQUARETABLES:0.4972492337986458
C_MOBILITY:0.4898886405482789
C_KINGSAFETY:0.4921281548418557
C_PAWNSTRUCTURE:0.44744452186684497
C_PIECECOORDINATION:0.49986348609260733
C_ROOKANDPAWNMOVEMENT:0.49986348609260733
C_CENTERCONTROL:0.5168714847161723
C_DEVELOPPIECES:0.5315777415538502
C_MATERIAL:0.5419090817781669
C_MOVECOUNT:0.5
