ELO:996
CE_PASSEDPAWNS:0.5399014236178613
CE_PAWNWEAKNESSES:0.4501361541398207
CE_PIECEACTIVITY:0.5205052593544794
CE_KINGPAWNSHIELD:0.42971805312933176
CE_PIECECOORDINATION:0.4993735591882039
CE_MATERIAL:0.4788377068417104
CE_KINGSAFETY:0.5082634530547772
C_PIECESQUARETABLES:0.4884265657471028
C_MOBILITY:0.5044048173696015
C_KINGSAFETY:0.5363322800078779
C_PAWNSTRUCTURE:0.42759647150765395
C_PIECECOORDINATION:0.4632864318699565
C_ROOKANDPAWNMOVEMENT:0.4632864318699565
C_CENTERCONTROL:0.4223263356255997
C_DEVELOPPIECES:0.5327288139597978
C_MATERIAL:0.5410303461331173
