ELO:993
CE_PASSEDPAWNS:0.5349674571988432
CE_PAWNWEAKNESSES:0.46849511681059436
CE_PIECEACTIVITY:0.5278167712744767
CE_KINGPAWNSHIELD:0.41119341262226344
CE_PIECECOORDINATION:0.44360333186868667
CE_MATERIAL:0.4828024889363288
CE_KINGSAFETY:0.4808572748674079
C_PIECESQUARETABLES:0.5493104999170014
C_MOBILITY:0.5210255898552317
C_KINGSAFETY:0.5073612382618957
C_PAWNSTRUCTURE:0.5066071122988288
C_PIECECOORDINATION:0.44665740311218727
C_ROOKANDPAWNMOVEMENT:0.44665740311218727
C_CENTERCONTROL:0.4521696505960645
C_DEVELOPPIECES:0.559957470933907
C_MATERIAL:0.5344942362673606
