ELO:726
CE_PASSEDPAWNS:0.49456537265602873
CE_PAWNWEAKNESSES:0.44306586750233734
CE_PIECEACTIVITY:0.43286071651317753
CE_KINGPAWNSHIELD:0.46131989139753515
CE_PIECECOORDINATION:0.441365091913755
CE_MATERIAL:0.3905668264203323
CE_KINGSAFETY:0.49271016086576885
C_PIECESQUARETABLES:0.5123603493957434
C_MOBILITY:0.5117859335191082
C_KINGSAFETY:0.46402899336440656
C_PAWNSTRUCTURE:0.41084534407868395
C_PIECECOORDINATION:0.44447592131596114
C_ROOKANDPAWNMOVEMENT:0.44447592131596114
C_CENTERCONTROL:0.4983870024419501
C_DEVELOPPIECES:0.46268957713637904
C_MATERIAL:0.5168729980662516
C_MOVECOUNT:0.5108233671291683
