ELO:1106
CE_PASSEDPAWNS:0.442778421640529
CE_PAWNWEAKNESSES:0.5049538678398092
CE_PIECEACTIVITY:0.5822554920959389
CE_KINGPAWNSHIELD:0.4774259118591802
CE_PIECECOORDINATION:0.5449900128502336
CE_MATERIAL:0.3963786524687434
CE_KINGSAFETY:0.49516417821962194
C_PIECESQUARETABLES:0.5
C_MOBILITY:0.5335361914694342
C_KINGSAFETY:0.6009543595079152
C_PAWNSTRUCTURE:0.41040599071577993
C_PIECECOORDINATION:0.4936625852172345
C_ROOKANDPAWNMOVEMENT:0.4936625852172345
C_CENTERCONTROL:0.5916556751746048
C_DEVELOPPIECES:0.5034004472324135
C_MATERIAL:0.4073474203952967
