ELO:996
CE_PASSEDPAWNS:0.49330939824855746
CE_PAWNWEAKNESSES:0.5
CE_PIECEACTIVITY:0.4937507977388631
CE_KINGPAWNSHIELD:0.5002451653045984
CE_PIECECOORDINATION:0.5071301609889052
CE_MATERIAL:0.4863175686763841
CE_KINGSAFETY:0.4957336820909243
C_PIECESQUARETABLES:0.49811783024909345
C_MOBILITY:0.50201423759024
C_KINGSAFETY:0.5173030799095919
C_PAWNSTRUCTURE:0.49590527506663595
C_PIECECOORDINATION:0.5253913285330846
C_ROOKANDPAWNMOVEMENT:0.5253913285330846
C_CENTERCONTROL:0.48992927642385337
C_DEVELOPPIECES:0.5
C_MATERIAL:0.5
C_MOVECOUNT:0.5
