ELO:996
CE_PASSEDPAWNS:0.5077565102770978
CE_PAWNWEAKNESSES:0.5
CE_PIECEACTIVITY:0.5014731341107387
CE_KINGPAWNSHIELD:0.49762225401108584
CE_PIECECOORDINATION:0.5
CE_MATERIAL:0.5076651027043615
CE_KINGSAFETY:0.497783007902638
C_PIECESQUARETABLES:0.5285101076345213
C_MOBILITY:0.5
C_KINGSAFETY:0.49446615300256713
C_PAWNSTRUCTURE:0.4857473256710049
C_PIECECOORDINATION:0.5001727454445469
C_ROOKANDPAWNMOVEMENT:0.5001727454445469
C_CENTERCONTROL:0.4863007523944428
C_DEVELOPPIECES:0.5
C_MATERIAL:0.5116716324866228
