ELO:736
CE_PASSEDPAWNS:0.4778905768371077
CE_PAWNWEAKNESSES:0.4449746071478064
CE_PIECEACTIVITY:0.41431031959689923
CE_KINGPAWNSHIELD:0.4602645553575625
CE_PIECECOORDINATION:0.45404849497912997
CE_MATERIAL:0.40782520747894485
CE_KINGSAFETY:0.4993593971451797
C_PIECESQUARETABLES:0.5249622023754364
C_MOBILITY:0.4973481517404286
C_KINGSAFETY:0.47584771401302345
C_PAWNSTRUCTURE:0.423742028671151
C_PIECECOORDINATION:0.436915850982431
C_ROOKANDPAWNMOVEMENT:0.436915850982431
C_CENTERCONTROL:0.4729175851632715
C_DEVELOPPIECES:0.4819073089083954
C_MATERIAL:0.5060840781004062
C_MOVECOUNT:0.4970014403288635
