ELO:854
CE_PASSEDPAWNS:0.5264925738446311
CE_PAWNWEAKNESSES:0.5254345101300625
CE_PIECEACTIVITY:0.4926478116973877
CE_KINGPAWNSHIELD:0.49736402929704865
CE_PIECECOORDINATION:0.5065963791890095
CE_MATERIAL:0.4662547751522717
CE_KINGSAFETY:0.5334256703895829
C_PIECESQUARETABLES:0.4999714834483874
C_MOBILITY:0.5001992294671418
C_KINGSAFETY:0.5145903681782868
C_PAWNSTRUCTURE:0.5219049906234278
C_PIECECOORDINATION:0.5195128945168402
C_ROOKANDPAWNMOVEMENT:0.5195128945168402
C_CENTERCONTROL:0.5246668497796544
C_DEVELOPPIECES:0.5363689979860221
C_MATERIAL:0.5114617776050572
C_MOVECOUNT:0.5
