ELO:976
CE_PASSEDPAWNS:0.4325821046297898
CE_PAWNWEAKNESSES:0.5894862581916952
CE_PIECEACTIVITY:0.5125933473509243
CE_KINGPAWNSHIELD:0.48700867862158803
CE_PIECECOORDINATION:0.5139499839873566
CE_MATERIAL:0.4499280120211792
CE_KINGSAFETY:0.48008438229290545
C_PIECESQUARETABLES:0.5052543591772262
C_MOBILITY:0.5080062918584144
C_KINGSAFETY:0.4972939097637922
C_PAWNSTRUCTURE:0.5676785544153606
C_PIECECOORDINATION:0.44835507541575154
C_ROOKANDPAWNMOVEMENT:0.44835507541575154
C_CENTERCONTROL:0.43133047199502206
C_DEVELOPPIECES:0.45329230841405777
C_MATERIAL:0.5263626390437167
