ELO:918
CE_PASSEDPAWNS:0.4287281369871026
CE_PAWNWEAKNESSES:0.5833548772467161
CE_PIECEACTIVITY:0.5344929208527662
CE_KINGPAWNSHIELD:0.47327359990946366
CE_PIECECOORDINATION:0.6245838342079391
CE_MATERIAL:0.44052666967947823
CE_KINGSAFETY:0.5
C_PIECESQUARETABLES:0.49230633904207083
C_MOBILITY:0.5536451948000349
C_KINGSAFETY:0.47773930796390207
C_PAWNSTRUCTURE:0.42848456610419056
C_PIECECOORDINATION:0.5139718158764118
C_ROOKANDPAWNMOVEMENT:0.5139718158764118
C_CENTERCONTROL:0.4888061078053967
C_DEVELOPPIECES:0.47736550545304096
C_MATERIAL:0.4564653321958061
