ELO:987
CE_PASSEDPAWNS:0.561749055607655
CE_PAWNWEAKNESSES:0.5044909367935135
CE_PIECEACTIVITY:0.5183293284775093
CE_KINGPAWNSHIELD:0.4364351415336126
CE_PIECECOORDINATION:0.4354032035851169
CE_MATERIAL:0.4705922947557871
CE_KINGSAFETY:0.46385406274084223
C_PIECESQUARETABLES:0.49857932395825943
C_MOBILITY:0.5162097039028067
C_KINGSAFETY:0.4986204419877723
C_PAWNSTRUCTURE:0.49712149139885586
C_PIECECOORDINATION:0.5033909927449274
C_ROOKANDPAWNMOVEMENT:0.5033909927449274
C_CENTERCONTROL:0.46875092982561856
C_DEVELOPPIECES:0.5469460174983385
C_MATERIAL:0.5264034950707639
