ELO:1054
CE_PASSEDPAWNS:0.4575949883343276
CE_PAWNWEAKNESSES:0.5363286875609813
CE_PIECEACTIVITY:0.5441808282861778
CE_KINGPAWNSHIELD:0.46865639744945076
CE_PIECECOORDINATION:0.44418606200567884
CE_MATERIAL:0.4728990250442952
CE_KINGSAFETY:0.5
C_PIECESQUARETABLES:0.5
C_MOBILITY:0.5649940699021165
C_KINGSAFETY:0.43413540679038304
C_PAWNSTRUCTURE:0.5268921990292897
C_PIECECOORDINATION:0.5630257093956104
C_ROOKANDPAWNMOVEMENT:0.5630257093956104
C_CENTERCONTROL:0.4598751032221581
C_DEVELOPPIECES:0.4609963570258212
C_MATERIAL:0.5176201651983812
