ELO:967
CE_PASSEDPAWNS:0.5330622718908287
CE_PAWNWEAKNESSES:0.528696805452044
CE_PIECEACTIVITY:0.4955435543752434
CE_KINGPAWNSHIELD:0.5044887666320478
CE_PIECECOORDINATION:0.49731392053357226
CE_MATERIAL:0.4855466208374563
CE_KINGSAFETY:0.5
C_PIECESQUARETABLES:0.5
C_MOBILITY:0.5401552560760017
C_KINGSAFETY:0.5272670109275192
C_PAWNSTRUCTURE:0.4850006768133047
C_PIECECOORDINATION:0.4804266696995474
C_ROOK:0.4643522204022843
CE_ROOK:0.492486160072811
C_CENTERCONTROL:0.49052767346585663
C_DEVELOPPIECES:0.5296862046774181
C_MATERIAL:0.5202354636755953
C_MOVECOUNT:0.5
C_PAWNMOVEMENT:0.5070467223043537
