ELO:985
CE_PASSEDPAWNS:0.5525691919839908
CE_PAWNWEAKNESSES:0.4795869966755009
CE_PIECEACTIVITY:0.5167059357627093
CE_KINGPAWNSHIELD:0.433038462316289
CE_PIECECOORDINATION:0.4430819192804461
CE_MATERIAL:0.47591990979502075
CE_KINGSAFETY:0.46385406274084223
C_PIECESQUARETABLES:0.5020227778005633
C_MOBILITY:0.5246984102503129
C_KINGSAFETY:0.4993096161410769
C_PAWNSTRUCTURE:0.5104657035336727
C_PIECECOORDINATION:0.4943762364062937
C_ROOKANDPAWNMOVEMENT:0.4943762364062937
C_CENTERCONTROL:0.44413757584937785
C_DEVELOPPIECES:0.5524567442956156
C_MATERIAL:0.5268164177184937
