ELO:996
CE_PASSEDPAWNS:0.5426269506094147
CE_PAWNWEAKNESSES:0.4559758600575607
CE_PIECEACTIVITY:0.5205052593544794
CE_KINGPAWNSHIELD:0.42971805312933176
CE_PIECECOORDINATION:0.4890561038453924
CE_MATERIAL:0.4788377068417104
CE_KINGSAFETY:0.5150668400823948
C_PIECESQUARETABLES:0.4911028483917143
C_MOBILITY:0.5154577472425984
C_KINGSAFETY:0.5423540929137425
C_PAWNSTRUCTURE:0.4312731685146765
C_PIECECOORDINATION:0.4526434770185552
C_ROOKANDPAWNMOVEMENT:0.4526434770185552
C_CENTERCONTROL:0.4223263356255997
C_DEVELOPPIECES:0.5219866698146962
C_MATERIAL:0.5519710941414444
