ELO:960
CE_PASSEDPAWNS:0.5361084125758475
CE_PAWNWEAKNESSES:0.5096604931873571
CE_PIECEACTIVITY:0.4167516972983441
CE_KINGPAWNSHIELD:0.48439228607680357
CE_PIECECOORDINATION:0.4004275743097485
CE_MATERIAL:0.5526429426407844
CE_KINGSAFETY:0.49468946149730214
C_PIECESQUARETABLES:0.46717968826894085
C_MOBILITY:0.4196416687004287
C_KINGSAFETY:0.3955834748169296
C_PAWNSTRUCTURE:0.48124424981117236
C_PIECECOORDINATION:0.44490335709363854
C_ROOKANDPAWNMOVEMENT:0.44490335709363854
C_CENTERCONTROL:0.5275852928841768
C_DEVELOPPIECES:0.5659557585650148
C_MATERIAL:0.5866536899795093
