ELO:865
CE_PASSEDPAWNS:0.5388149251042446
CE_PAWNWEAKNESSES:0.4953154779749459
CE_PIECEACTIVITY:0.49797335103090046
CE_KINGPAWNSHIELD:0.5317755487901031
CE_PIECECOORDINATION:0.44303136417297234
CE_MATERIAL:0.513686614031936
CE_KINGSAFETY:0.4934689382915113
C_PIECESQUARETABLES:0.48538443275188287
C_MOBILITY:0.44774005467807854
C_KINGSAFETY:0.5422846030839301
C_PAWNSTRUCTURE:0.5158521046696168
C_PIECECOORDINATION:0.509867258655013
C_ROOKANDPAWNMOVEMENT:0.509867258655013
C_CENTERCONTROL:0.5801607058263858
C_DEVELOPPIECES:0.5117947746883115
C_MATERIAL:0.48599510973076465
C_MOVECOUNT:0.5643680360218881
