ELO:937
CE_PASSEDPAWNS:0.39253939716230707
CE_PAWNWEAKNESSES:0.6114519357559527
CE_PIECEACTIVITY:0.4919002185610392
CE_KINGPAWNSHIELD:0.4541909042592081
CE_PIECECOORDINATION:0.5588661533068947
CE_MATERIAL:0.4878181006266033
CE_KINGSAFETY:0.4911133118939475
C_PIECESQUARETABLES:0.5116712287323159
C_MOBILITY:0.4985752097773885
C_KINGSAFETY:0.47284503707792425
C_PAWNSTRUCTURE:0.6062566047882986
C_PIECECOORDINATION:0.461362104572641
C_ROOKANDPAWNMOVEMENT:0.461362104572641
C_CENTERCONTROL:0.43179685918832444
C_DEVELOPPIECES:0.4145670548677847
C_MATERIAL:0.5146558841014508
