ELO:867
CE_PASSEDPAWNS:0.5458071104697834
CE_PAWNWEAKNESSES:0.4997705897609604
CE_PIECEACTIVITY:0.5076158848551313
CE_KINGPAWNSHIELD:0.5252902176061857
CE_PIECECOORDINATION:0.4552813411192422
CE_MATERIAL:0.5121724152049262
CE_KINGSAFETY:0.48525315867038854
C_PIECESQUARETABLES:0.49988542468204433
C_MOBILITY:0.47678425268617897
C_KINGSAFETY:0.5117016716015427
C_PAWNSTRUCTURE:0.5076641865047675
C_PIECECOORDINATION:0.47758911203284005
C_ROOKANDPAWNMOVEMENT:0.47758911203284005
C_CENTERCONTROL:0.5354404560048517
C_DEVELOPPIECES:0.4855049483641459
C_MATERIAL:0.47805252756111927
C_MOVECOUNT:0.5516935467512675
