ELO:993
CE_PASSEDPAWNS:0.4877910464420779
CE_PAWNWEAKNESSES:0.4966084900338982
CE_PIECEACTIVITY:0.47491812065578
CE_KINGPAWNSHIELD:0.5272050368281263
CE_PIECECOORDINATION:0.49795378107237265
CE_MATERIAL:0.5240102503876125
CE_KINGSAFETY:0.5
C_PIECESQUARETABLES:0.5
C_MOBILITY:0.5188596321346172
C_KINGSAFETY:0.525636592926838
C_PAWNSTRUCTURE:0.4844874444105306
C_PIECECOORDINATION:0.5102011275273238
C_ROOK:0.5118241185181365
CE_ROOK:0.48979823401855255
C_CENTERCONTROL:0.47762394428409743
C_DEVELOPPIECES:0.5170075800854395
C_MATERIAL:0.5140131477570344
C_MOVECOUNT:0.5227725104107783
C_PAWNMOVEMENT:0.5088884705480339
