ELO:968
CE_PASSEDPAWNS:0.5154099257299186
CE_PAWNWEAKNESSES:0.4777467178718828
CE_PIECEACTIVITY:0.48414780193397877
CE_KINGPAWNSHIELD:0.5065009781558387
CE_PIECECOORDINATION:0.5263804590171745
CE_MATERIAL:0.47822034037950384
CE_KINGSAFETY:0.4726771315847478
C_PIECESQUARETABLES:0.4866200130004378
C_MOBILITY:0.5216486141418212
C_KINGSAFETY:0.49192830671529303
C_PAWNSTRUCTURE:0.46376669257430875
C_PIECECOORDINATION:0.4754632937090122
C_ROOKANDPAWNMOVEMENT:0.4754632937090122
C_CENTERCONTROL:0.5009165725532057
C_DEVELOPPIECES:0.49906442348171715
C_MATERIAL:0.5005257029439162
C_MOVECOUNT:0.5124727680431297
