ELO:1000
CE_PASSEDPAWNS:0.5139599803397222
CE_PAWNWEAKNESSES:0.49021652993239617
CE_PIECEACTIVITY:0.505101997607104
CE_KINGPAWNSHIELD:0.46479781237769574
CE_PIECECOORDINATION:0.4519142222302276
CE_MATERIAL:0.4515591414406532
CE_KINGSAFETY:0.48997258331993243
C_PIECESQUARETABLES:0.4895518031997095
C_MOBILITY:0.49784392160195096
C_KINGSAFETY:0.48148674600401314
C_PAWNSTRUCTURE:0.4953547206536796
C_PIECECOORDINATION:0.515937435457249
C_ROOKANDPAWNMOVEMENT:0.515937435457249
C_CENTERCONTROL:0.4822884797687879
C_DEVELOPPIECES:0.538296044271686
C_MATERIAL:0.48138170011361103
