ELO:964
CE_PASSEDPAWNS:0.5157256787042914
CE_PAWNWEAKNESSES:0.4842846477794729
CE_PIECEACTIVITY:0.49705705815353285
CE_KINGPAWNSHIELD:0.49427506253728437
CE_PIECECOORDINATION:0.5208164909317979
CE_MATERIAL:0.4887728413002789
CE_KINGSAFETY:0.4930028355652454
C_PIECESQUARETABLES:0.5002381300148468
C_MOBILITY:0.5118071734940817
C_KINGSAFETY:0.49192830671529303
C_PAWNSTRUCTURE:0.48476867881540836
C_PIECECOORDINATION:0.48300898495037187
C_ROOKANDPAWNMOVEMENT:0.48300898495037187
C_CENTERCONTROL:0.4982652295603684
C_DEVELOPPIECES:0.5
C_MATERIAL:0.4836397036442029
C_MOVECOUNT:0.4962764164724986
