ELO:988
CE_PASSEDPAWNS:0.5
CE_PAWNWEAKNESSES:0.4978416026690974
CE_PIECEACTIVITY:0.5070867234612364
CE_KINGPAWNSHIELD:0.5
CE_PIECECOORDINATION:0.5120941858501858
CE_MATERIAL:0.5
CE_KINGSAFETY:0.5
C_PIECESQUARETABLES:0.4933090923499908
C_MOBILITY:0.494203304693272
C_KINGSAFETY:0.5098058233163804
C_PAWNSTRUCTURE:0.4957763586447499
C_PIECECOORDINATION:0.5
C_ROOK:0.4967125353835045
CE_ROOK:0.5
C_CENTERCONTROL:0.5097672588160408
C_DEVELOPPIECES:0.5
C_MATERIAL:0.5
C_MOVECOUNT:0.5
C_PAWNMOVEMENT:0.5
