ELO:941
CE_PASSEDPAWNS:0.4990098142350275
CE_PAWNWEAKNESSES:0.4934361219031446
CE_PIECEACTIVITY:0.4930824965009581
CE_KINGPAWNSHIELD:0.5157458854146062
CE_PIECECOORDINATION:0.49791628705604607
CE_MATERIAL:0.49842714165542856
CE_KINGSAFETY:0.5076117401080372
C_PIECESQUARETABLES:0.49734761826907353
C_MOBILITY:0.5260176197635311
C_KINGSAFETY:0.4982161091718843
C_PAWNSTRUCTURE:0.5064671739981419
C_PIECECOORDINATION:0.5344054313634856
C_ROOK:0.519460586963212
CE_ROOK:0.515583304429358
C_CENTERCONTROL:0.5147115135569434
C_DEVELOPPIECES:0.4761880927741554
C_MATERIAL:0.4404799956043975
C_MOVECOUNT:0.5227336664846741
C_PAWNMOVEMENT:0.4402967440854861
