ELO:658
CE_PASSEDPAWNS:0.4625712257726266
CE_PAWNWEAKNESSES:0.4287923234384476
CE_PIECEACTIVITY:0.4088930819331504
CE_KINGPAWNSHIELD:0.41991341831241036
CE_PIECECOORDINATION:0.5015870445473795
CE_MATERIAL:0.35505361092482707
CE_KINGSAFETY:0.5518234164155407
C_PIECESQUARETABLES:0.48521555631959595
C_MOBILITY:0.5335912100809245
C_KINGSAFETY:0.537823549108218
C_PAWNSTRUCTURE:0.43158673154733684
C_PIECECOORDINATION:0.4307739585227909
C_ROOKANDPAWNMOVEMENT:0.4307739585227909
C_CENTERCONTROL:0.45129645761776677
C_DEVELOPPIECES:0.49257647477044564
C_MATERIAL:0.5367377661075692
C_MOVECOUNT:0.48640251576596666
