ELO:1284
CE_PASSEDPAWNS:0.4271339491974158
CE_PAWNWEAKNESSES:0.4601095292981203
CE_PIECEACTIVITY:0.4428997381960304
CE_KINGPAWNSHIELD:0.45195813534504686
CE_PIECECOORDINATION:0.5456174014005164
CE_MATERIAL:0.4722256860686656
CE_KINGSAFETY:0.4989154101162278
C_PIECESQUARETABLES:0.499819076796358
C_MOBILITY:0.3528883718889461
C_KINGSAFETY:0.40537593797504984
C_PAWNSTRUCTURE:0.5565549327089838
C_PIECECOORDINATION:0.5824912919337145
C_ROOKANDPAWNMOVEMENT:0.5824912919337145
C_CENTERCONTROL:0.5074219612996926
C_DEVELOPPIECES:0.4318273846196261
C_MATERIAL:0.6310644924673378
