ELO:1018
CE_PASSEDPAWNS:0.5099096205326702
CE_PAWNWEAKNESSES:0.5166393381816807
CE_PIECEACTIVITY:0.48767491007436914
CE_KINGPAWNSHIELD:0.5175856785722265
CE_PIECECOORDINATION:0.5025756996373358
CE_MATERIAL:0.5039018535623319
CE_KINGSAFETY:0.5
C_PIECESQUARETABLES:0.5
C_MOBILITY:0.5111866866943879
C_KINGSAFETY:0.49132415876438457
C_PAWNSTRUCTURE:0.5
C_PIECECOORDINATION:0.5081067509295035
C_ROOKANDPAWNMOVEMENT:0.5081067509295035
C_CENTERCONTROL:0.4907161317278509
C_DEVELOPPIECES:0.48136503328781904
C_MATERIAL:0.5159713924265926
C_MOVECOUNT:0.5
