ELO:998
CE_PASSEDPAWNS:0.4929323822331432
CE_PAWNWEAKNESSES:0.49814083439782836
CE_PIECEACTIVITY:0.50082216174442
CE_KINGPAWNSHIELD:0.4736271800358568
CE_PIECECOORDINATION:0.4833400853011647
CE_MATERIAL:0.4734643387687892
CE_KINGSAFETY:0.5
C_PIECESQUARETABLES:0.5
C_MOBILITY:0.4916240773235261
C_KINGSAFETY:0.4827368995482793
C_PAWNSTRUCTURE:0.4868245673278993
C_PIECECOORDINATION:0.5196519012694956
C_ROOK:0.5159111284774139
CE_ROOK:0.48979823401855255
C_CENTERCONTROL:0.5041815488473346
C_DEVELOPPIECES:0.523430892255515
C_MATERIAL:0.5305410232742015
C_MOVECOUNT:0.49181151571208087
C_PAWNMOVEMENT:0.4936835636683631
