ELO:992
CE_PASSEDPAWNS:0.5277477357212967
CE_PAWNWEAKNESSES:0.46978136498301887
CE_PIECEACTIVITY:0.542599832363046
CE_KINGPAWNSHIELD:0.41882207470865557
CE_PIECECOORDINATION:0.43761041391277505
CE_MATERIAL:0.48477800867513293
CE_KINGSAFETY:0.4808572748674079
C_PIECESQUARETABLES:0.5493104999170014
C_MOBILITY:0.5290552812387752
C_KINGSAFETY:0.5217704869999682
C_PAWNSTRUCTURE:0.4891003254917552
C_PIECECOORDINATION:0.45710304308484323
C_ROOKANDPAWNMOVEMENT:0.45710304308484323
C_CENTERCONTROL:0.44681938528436094
C_DEVELOPPIECES:0.5613010603137566
C_MATERIAL:0.5417518057549745
