ELO:977
CE_PASSEDPAWNS:0.5080575760152862
CE_PAWNWEAKNESSES:0.5563243187620366
CE_PIECEACTIVITY:0.5030825516492831
CE_KINGPAWNSHIELD:0.47850440695093693
CE_PIECECOORDINATION:0.5
CE_MATERIAL:0.49116262983589076
CE_KINGSAFETY:0.4671973341029699
C_PIECESQUARETABLES:0.5
C_MOBILITY:0.5040787530700573
C_KINGSAFETY:0.4925938644120654
C_PAWNSTRUCTURE:0.49216490190322437
C_PIECECOORDINATION:0.5077462219203934
C_ROOKANDPAWNMOVEMENT:0.5077462219203934
C_CENTERCONTROL:0.4985720923790963
C_DEVELOPPIECES:0.5
C_MATERIAL:0.486538640181546
C_MOVECOUNT:0.5
