ELO:949
CE_PASSEDPAWNS:0.4733771898838535
CE_PAWNWEAKNESSES:0.44557351703652703
CE_PIECEACTIVITY:0.5268192834846261
CE_KINGPAWNSHIELD:0.5066560911280279
CE_PIECECOORDINATION:0.5022696245967427
CE_MATERIAL:0.47966983669273955
CE_KINGSAFETY:0.5350965768163708
C_PIECESQUARETABLES:0.5203415205632643
C_MOBILITY:0.4702411901129144
C_KINGSAFETY:0.49368004062738197
C_PAWNSTRUCTURE:0.5172190113856943
C_PIECECOORDINATION:0.49999183390534746
C_ROOKANDPAWNMOVEMENT:0.49999183390534746
C_CENTERCONTROL:0.4958187117052549
C_DEVELOPPIECES:0.4749292031069412
C_MATERIAL:0.5047013748455604
C_MOVECOUNT:0.5
