ELO:1244
CE_PASSEDPAWNS:0.45428934537258486
CE_PAWNWEAKNESSES:0.5751545130210531
CE_PIECEACTIVITY:0.4850501456012325
CE_KINGPAWNSHIELD:0.5272858644659351
CE_PIECECOORDINATION:0.5092207831411224
CE_MATERIAL:0.4243291042867296
CE_KINGSAFETY:0.5
C_PIECESQUARETABLES:0.5270021045805335
C_MOBILITY:0.4310359533673153
C_KINGSAFETY:0.37834255861645943
C_PAWNSTRUCTURE:0.6100650851732544
C_PIECECOORDINATION:0.5433385228594793
C_ROOKANDPAWNMOVEMENT:0.5433385228594793
C_CENTERCONTROL:0.4935680012286847
C_DEVELOPPIECES:0.44557988969169154
C_MATERIAL:0.5641691990694409
