ELO:960
CE_PASSEDPAWNS:0.5406269320785534
CE_PAWNWEAKNESSES:0.5116830180421408
CE_PIECEACTIVITY:0.48692382622667196
CE_KINGPAWNSHIELD:0.4836918708074917
CE_PIECECOORDINATION:0.44053966241663794
CE_MATERIAL:0.4775833931641905
CE_KINGSAFETY:0.5470483615758105
C_PIECESQUARETABLES:0.5154661682207781
C_MOBILITY:0.46749235073795936
C_KINGSAFETY:0.49455128981374774
C_PAWNSTRUCTURE:0.5311421431012615
C_PIECECOORDINATION:0.48367571875281146
C_ROOKANDPAWNMOVEMENT:0.48367571875281146
C_CENTERCONTROL:0.517361096444455
C_DEVELOPPIECES:0.4634917630593707
C_MATERIAL:0.4943678150476765
C_MOVECOUNT:0.5
