ELO:1155
CE_PASSEDPAWNS:0.43368864542482205
CE_PAWNWEAKNESSES:0.5795836939355303
CE_PIECEACTIVITY:0.39635184151541014
CE_KINGPAWNSHIELD:0.39452144957275465
CE_PIECECOORDINATION:0.5084715853159553
CE_MATERIAL:0.38609071767747405
CE_KINGSAFETY:0.5
C_PIECESQUARETABLES:0.5
C_MOBILITY:0.3728157766794673
C_KINGSAFETY:0.39018265585092654
C_PAWNSTRUCTURE:0.5213888758850086
C_PIECECOORDINATION:0.5947043002415764
C_ROOKANDPAWNMOVEMENT:0.5947043002415764
C_CENTERCONTROL:0.4995846817616017
C_DEVELOPPIECES:0.47008433718429665
C_MATERIAL:0.6828983766046607
