ELO:1113
CE_PASSEDPAWNS:0.47121509640258147
CE_PAWNWEAKNESSES:0.5437963069793471
CE_PIECEACTIVITY:0.4778019583750767
CE_KINGPAWNSHIELD:0.47007856838159223
CE_PIECECOORDINATION:0.5340596972439503
CE_MATERIAL:0.4818623963373173
CE_KINGSAFETY:0.5
C_PIECESQUARETABLES:0.5132828371529528
C_MOBILITY:0.5444983191960523
C_KINGSAFETY:0.45665526523176153
C_PAWNSTRUCTURE:0.5565549327089838
C_PIECECOORDINATION:0.5562674503149065
C_ROOKANDPAWNMOVEMENT:0.5562674503149065
C_CENTERCONTROL:0.5250617028753457
C_DEVELOPPIECES:0.43576792826051747
C_MATERIAL:0.6243603211084038
