ELO:993
CE_PASSEDPAWNS:0.5077356097723444
CE_PAWNWEAKNESSES:0.4966084900338982
CE_PIECEACTIVITY:0.510079925996977
CE_KINGPAWNSHIELD:0.49145047284638205
CE_PIECECOORDINATION:0.48328931603324177
CE_MATERIAL:0.48578632031450625
CE_KINGSAFETY:0.4779327388853781
C_PIECESQUARETABLES:0.4941135099798592
C_MOBILITY:0.5188596321346172
C_KINGSAFETY:0.482503523626669
C_PAWNSTRUCTURE:0.4844874444105306
C_PIECECOORDINATION:0.5102011275273238
C_ROOK:0.5118241185181365
CE_ROOK:0.48979823401855255
C_CENTERCONTROL:0.510000048524343
C_DEVELOPPIECES:0.5170075800854395
C_MATERIAL:0.5140131477570344
C_MOVECOUNT:0.5127399257314061
C_PAWNMOVEMENT:0.49282377727258386
