ELO:1066
CE_PASSEDPAWNS:0.6458204699670178
CE_PAWNWEAKNESSES:0.508362939932351
CE_PIECEACTIVITY:0.5580437576077251
CE_KINGPAWNSHIELD:0.4774259118591802
CE_PIECECOORDINATION:0.4548183153857121
CE_MATERIAL:0.4443466108538026
CE_KINGSAFETY:0.4977348618427345
C_PIECESQUARETABLES:0.4956447366934547
C_MOBILITY:0.6175750599065859
C_KINGSAFETY:0.514694010282775
C_PAWNSTRUCTURE:0.4417501100211813
C_PIECECOORDINATION:0.46933864646495455
C_ROOKANDPAWNMOVEMENT:0.46933864646495455
C_CENTERCONTROL:0.5924248208972173
C_DEVELOPPIECES:0.5984085965570164
C_MATERIAL:0.31731914239908554
