ELO:965
CE_PASSEDPAWNS:0.5178847297024035
CE_PAWNWEAKNESSES:0.5
CE_PIECEACTIVITY:0.5197109157333645
CE_KINGPAWNSHIELD:0.4996881665062468
CE_PIECECOORDINATION:0.5065918814633131
CE_MATERIAL:0.5085270125351448
CE_KINGSAFETY:0.4870694818150789
C_PIECESQUARETABLES:0.4994140408019004
C_MOBILITY:0.5041724063201769
C_KINGSAFETY:0.4884352373816782
C_PAWNSTRUCTURE:0.4890523535173306
C_PIECECOORDINATION:0.5323124885565438
C_ROOKANDPAWNMOVEMENT:0.5323124885565438
C_CENTERCONTROL:0.4984920700358516
C_DEVELOPPIECES:0.48814322054060966
C_MATERIAL:0.5249373760413129
