ELO:991
CE_PASSEDPAWNS:0.5500034315510345
CE_PAWNWEAKNESSES:0.4767833755776999
CE_PIECEACTIVITY:0.4906468102867477
CE_KINGPAWNSHIELD:0.4596052584950482
CE_PIECECOORDINATION:0.4893504058284727
CE_MATERIAL:0.5072523748275584
CE_KINGSAFETY:0.5
C_PIECESQUARETABLES:0.5
C_MOBILITY:0.5157476817594451
C_KINGSAFETY:0.4693255180713696
C_PAWNSTRUCTURE:0.5229952033914971
C_PIECECOORDINATION:0.4804266696995474
C_ROOK:0.5141506031753447
CE_ROOK:0.5145870859954939
C_CENTERCONTROL:0.49723960695279934
C_DEVELOPPIECES:0.47556151963497695
C_MATERIAL:0.5202354636755953
C_MOVECOUNT:0.4546882607223462
C_PAWNMOVEMENT:0.5410736285724573
