ELO:1038
CE_PASSEDPAWNS:0.414768507815632
CE_PAWNWEAKNESSES:0.6118676375864667
CE_PIECEACTIVITY:0.44527536166687953
CE_KINGPAWNSHIELD:0.4385485775007467
CE_PIECECOORDINATION:0.5094822262344411
CE_MATERIAL:0.47142943546382343
CE_KINGSAFETY:0.5
C_PIECESQUARETABLES:0.5
C_MOBILITY:0.38254123263739204
C_KINGSAFETY:0.39018265585092654
C_PAWNSTRUCTURE:0.507710736117852
C_PIECECOORDINATION:0.5757978186162018
C_ROOKANDPAWNMOVEMENT:0.5757978186162018
C_CENTERCONTROL:0.5046011361864366
C_DEVELOPPIECES:0.4824137655574824
C_MATERIAL:0.6480765086317845
