ELO:1073
CE_PASSEDPAWNS:0.405484255145064
CE_PAWNWEAKNESSES:0.46625261036440724
CE_PIECEACTIVITY:0.44561656406994316
CE_KINGPAWNSHIELD:0.39452144957275465
CE_PIECECOORDINATION:0.5245974958184386
CE_MATERIAL:0.48144944841874326
CE_KINGSAFETY:0.5
C_PIECESQUARETABLES:0.48755977538129314
C_MOBILITY:0.54585005835754
C_KINGSAFETY:0.38873024124434524
C_PAWNSTRUCTURE:0.5268921990292897
C_PIECECOORDINATION:0.6129865005840875
C_ROOKANDPAWNMOVEMENT:0.6129865005840875
C_CENTERCONTROL:0.48739540069920245
C_DEVELOPPIECES:0.5004134577692269
C_MATERIAL:0.622840321325036
