ELO:988
CE_PASSEDPAWNS:0.5457345729423272
CE_PAWNWEAKNESSES:0.49505576597509393
CE_PIECEACTIVITY:0.5256534381721791
CE_KINGPAWNSHIELD:0.4899863045809675
CE_PIECECOORDINATION:0.6200949853792302
CE_MATERIAL:0.5009559069361625
CE_KINGSAFETY:0.4921988186254542
C_PIECESQUARETABLES:0.5
C_MOBILITY:0.6106431556756368
C_KINGSAFETY:0.5594371967321389
C_PAWNSTRUCTURE:0.3974960377332616
C_PIECECOORDINATION:0.5562674503149065
C_ROOKANDPAWNMOVEMENT:0.5562674503149065
C_CENTERCONTROL:0.42894235410171383
C_DEVELOPPIECES:0.4807625850486678
C_MATERIAL:0.6201906658387899
