ELO:790
CE_PASSEDPAWNS:0.5018322094212724
CE_PAWNWEAKNESSES:0.4463383852417498
CE_PIECEACTIVITY:0.4327091692331891
CE_KINGPAWNSHIELD:0.4702872080242985
CE_PIECECOORDINATION:0.4051790405013913
CE_MATERIAL:0.4047308632306965
CE_KINGSAFETY:0.5388564417985486
C_PIECESQUARETABLES:0.4768561758176884
C_MOBILITY:0.4975339734046417
C_KINGSAFETY:0.4459679023649119
C_PAWNSTRUCTURE:0.41303226942385857
C_PIECECOORDINATION:0.4510659891326099
C_ROOKANDPAWNMOVEMENT:0.4510659891326099
C_CENTERCONTROL:0.5304117190447207
C_DEVELOPPIECES:0.5005276877203223
C_MATERIAL:0.5326355215963299
C_MOVECOUNT:0.5
