ELO:741
CE_PASSEDPAWNS:0.5154245697181166
CE_PAWNWEAKNESSES:0.43315605440950244
CE_PIECEACTIVITY:0.43413337460294443
CE_KINGPAWNSHIELD:0.47505987944124706
CE_PIECECOORDINATION:0.39550057072131006
CE_MATERIAL:0.4127615360947008
CE_KINGSAFETY:0.5063248219554458
C_PIECESQUARETABLES:0.4697046181501708
C_MOBILITY:0.4948063628632086
C_KINGSAFETY:0.45497322776460786
C_PAWNSTRUCTURE:0.4072067925876457
C_PIECECOORDINATION:0.44136661453784826
C_ROOKANDPAWNMOVEMENT:0.44136661453784826
C_CENTERCONTROL:0.5478914861888287
C_DEVELOPPIECES:0.496539630303419
C_MATERIAL:0.5466632192619357
C_MOVECOUNT:0.5
