ELO:988
CE_PASSEDPAWNS:0.5
CE_PAWNWEAKNESSES:0.5
CE_PIECEACTIVITY:0.5076204345883045
CE_KINGPAWNSHIELD:0.5070988564177163
CE_PIECECOORDINATION:0.5
CE_MATERIAL:0.48122748109588975
CE_KINGSAFETY:0.5
C_PIECESQUARETABLES:0.5
C_MOBILITY:0.5
C_KINGSAFETY:0.5
C_PAWNSTRUCTURE:0.5
C_PIECECOORDINATION:0.5
C_ROOKANDPAWNMOVEMENT:0.5
C_CENTERCONTROL:0.5
C_DEVELOPPIECES:0.5
C_MATERIAL:0.4954806903585771
C_MOVECOUNT:0.5036221598918176
