ELO:1027
CE_PASSEDPAWNS:0.5809909063820029
CE_PAWNWEAKNESSES:0.5219350989926019
CE_PIECEACTIVITY:0.5317934677093066
CE_KINGPAWNSHIELD:0.37184093292361364
CE_PIECECOORDINATION:0.47428544805430206
CE_MATERIAL:0.5699418530803207
CE_KINGSAFETY:0.5
C_PIECESQUARETABLES:0.5
C_MOBILITY:0.5444983191960523
C_KINGSAFETY:0.4598050911355462
C_PAWNSTRUCTURE:0.5433670847877784
C_PIECECOORDINATION:0.5127343133690373
C_ROOKANDPAWNMOVEMENT:0.5127343133690373
C_CENTERCONTROL:0.46899401965401094
C_DEVELOPPIECES:0.45588024667206817
C_MATERIAL:0.622840321325036
