ELO:1021
CE_PASSEDPAWNS:0.5
CE_PAWNWEAKNESSES:0.49862924336756514
CE_PIECEACTIVITY:0.49565986751649727
CE_KINGPAWNSHIELD:0.5
CE_PIECECOORDINATION:0.4877830249118702
CE_MATERIAL:0.5
CE_KINGSAFETY:0.5
C_PIECESQUARETABLES:0.5
C_MOBILITY:0.5
C_KINGSAFETY:0.5085950348234852
C_PAWNSTRUCTURE:0.5066008945906303
C_PIECECOORDINATION:0.5
C_ROOKANDPAWNMOVEMENT:0.5
C_CENTERCONTROL:0.5
C_DEVELOPPIECES:0.5
C_MATERIAL:0.48874187006905
C_MOVECOUNT:0.4882379291727249
