ELO:1051
CE_PASSEDPAWNS:0.48883456398268255
CE_PAWNWEAKNESSES:0.5045519761063899
CE_PIECEACTIVITY:0.5160617649307307
CE_KINGPAWNSHIELD:0.5
CE_PIECECOORDINATION:0.5
CE_MATERIAL:0.48295438255283263
CE_KINGSAFETY:0.48991794843178627
C_PIECESQUARETABLES:0.5
C_MOBILITY:0.4923572317048513
C_KINGSAFETY:0.4991475130376179
C_PAWNSTRUCTURE:0.49807994524855237
C_PIECECOORDINATION:0.48128021852507885
C_ROOKANDPAWNMOVEMENT:0.48128021852507885
C_CENTERCONTROL:0.4843171318288069
C_DEVELOPPIECES:0.5091519851903535
C_MATERIAL:0.5
C_MOVECOUNT:0.4853979687240767
