ELO:947
CE_PASSEDPAWNS:0.5686049008368074
CE_PAWNWEAKNESSES:0.4777794217500677
CE_PIECEACTIVITY:0.5625083234705865
CE_KINGPAWNSHIELD:0.5112933044990925
CE_PIECECOORDINATION:0.5277564099244295
CE_MATERIAL:0.4493289019617882
CE_KINGSAFETY:0.46340844548109883
C_PIECESQUARETABLES:0.48979667480023226
C_MOBILITY:0.4084316197713565
C_KINGSAFETY:0.4934830250493951
C_PAWNSTRUCTURE:0.4619233765187241
C_PIECECOORDINATION:0.508689267821439
C_ROOKANDPAWNMOVEMENT:0.508689267821439
C_CENTERCONTROL:0.5095135990805083
C_DEVELOPPIECES:0.5548434527619218
C_MATERIAL:0.5033221638694433
C_MOVECOUNT:0.5110839585829962
