ELO:1164
CE_PASSEDPAWNS:0.6070957688179138
CE_PAWNWEAKNESSES:0.4993950269752738
CE_PIECEACTIVITY:0.47707812532962285
CE_KINGPAWNSHIELD:0.5058689036104066
CE_PIECECOORDINATION:0.5707969823983154
CE_MATERIAL:0.3963786524687434
CE_KINGSAFETY:0.5
C_PIECESQUARETABLES:0.5
C_MOBILITY:0.4455170774255024
C_KINGSAFETY:0.30807903020254146
C_PAWNSTRUCTURE:0.4417501100211813
C_PIECECOORDINATION:0.47282754752846295
C_ROOKANDPAWNMOVEMENT:0.47282754752846295
C_CENTERCONTROL:0.5004457479521697
C_DEVELOPPIECES:0.5547449812774159
C_MATERIAL:0.4063918105112338
