ELO:810
CE_PASSEDPAWNS:0.4667855351698567
CE_PAWNWEAKNESSES:0.3547026346350598
CE_PIECEACTIVITY:0.618204107746451
CE_KINGPAWNSHIELD:0.4887335268631329
CE_PIECECOORDINATION:0.5083853891818804
CE_MATERIAL:0.6120793366782792
CE_KINGSAFETY:0.48191443875599427
C_PIECESQUARETABLES:0.5617861875557095
C_MOBILITY:0.3794481634915227
C_KINGSAFETY:0.5262668422328507
C_PAWNSTRUCTURE:0.63404724356072
C_PIECECOORDINATION:0.5251418959541518
C_ROOKANDPAWNMOVEMENT:0.5251418959541518
C_CENTERCONTROL:0.4560320901825561
C_DEVELOPPIECES:0.5661259002312156
C_MATERIAL:0.5738048951428938
