ELO:1022
CE_PASSEDPAWNS:0.45719122548292335
CE_PAWNWEAKNESSES:0.5200196128523064
CE_PIECEACTIVITY:0.5045744521137052
CE_KINGPAWNSHIELD:0.4996552307072707
CE_PIECECOORDINATION:0.5146556660273499
CE_MATERIAL:0.5199924482568558
CE_KINGSAFETY:0.5
C_PIECESQUARETABLES:0.5
C_MOBILITY:0.4933360089520684
C_KINGSAFETY:0.5036895625406393
C_PAWNSTRUCTURE:0.515615051151133
C_PIECECOORDINATION:0.5174257170603128
C_ROOK:0.5062863118625917
CE_ROOK:0.49050120432589694
C_CENTERCONTROL:0.4735829024802192
C_DEVELOPPIECES:0.5142867913900796
C_MATERIAL:0.49797995460073996
C_MOVECOUNT:0.49891662155735195
C_PAWNMOVEMENT:0.5400932642649898
