ELO:997
CE_PASSEDPAWNS:0.4859288329643769
CE_PAWNWEAKNESSES:0.39461098669358435
CE_PIECEACTIVITY:0.605681377291576
CE_KINGPAWNSHIELD:0.4830747887189051
CE_PIECECOORDINATION:0.49425485782353834
CE_MATERIAL:0.5123278848804034
CE_KINGSAFETY:0.4858179586934594
C_PIECESQUARETABLES:0.5055493682108195
C_MOBILITY:0.3939948226884961
C_KINGSAFETY:0.5415718746734489
C_PAWNSTRUCTURE:0.5713791299941774
C_PIECECOORDINATION:0.500853303897559
C_ROOKANDPAWNMOVEMENT:0.500853303897559
C_CENTERCONTROL:0.4705162729341502
C_DEVELOPPIECES:0.5292059291898058
C_MATERIAL:0.5501902737122384
