ELO:1012
CE_PASSEDPAWNS:0.4776198933504745
CE_PAWNWEAKNESSES:0.41300013490176923
CE_PIECEACTIVITY:0.5975521235201937
CE_KINGPAWNSHIELD:0.4723619471550099
CE_PIECECOORDINATION:0.495401509936207
CE_MATERIAL:0.5375256046183404
CE_KINGSAFETY:0.465243465771984
C_PIECESQUARETABLES:0.5517596114254948
C_MOBILITY:0.3939948226884961
C_KINGSAFETY:0.557659742441543
C_PAWNSTRUCTURE:0.5399835807953349
C_PIECECOORDINATION:0.4916446397497117
C_ROOKANDPAWNMOVEMENT:0.4916446397497117
C_CENTERCONTROL:0.4703838016811976
C_DEVELOPPIECES:0.5095245788163008
C_MATERIAL:0.5501902737122384
