ELO:1039
CE_PASSEDPAWNS:0.48928014119418894
CE_PAWNWEAKNESSES:0.49266386044737176
CE_PIECEACTIVITY:0.5543215688445811
CE_KINGPAWNSHIELD:0.5005863210459021
CE_PIECECOORDINATION:0.48425340724620375
CE_MATERIAL:0.4846019672748053
CE_KINGSAFETY:0.5
C_PIECESQUARETABLES:0.5
C_MOBILITY:0.46388225479942363
C_KINGSAFETY:0.5499126579532706
C_PAWNSTRUCTURE:0.4374273136453984
C_PIECECOORDINATION:0.4859048740406785
C_ROOKANDPAWNMOVEMENT:0.4859048740406785
C_CENTERCONTROL:0.45898287082601785
C_DEVELOPPIECES:0.5
C_MATERIAL:0.5608722598656009
C_MOVECOUNT:0.5
