ELO:1009
CE_PASSEDPAWNS:0.5
CE_PAWNWEAKNESSES:0.5094946092690459
CE_PIECEACTIVITY:0.4953626926644498
CE_KINGPAWNSHIELD:0.5
CE_PIECECOORDINATION:0.4932958609000073
CE_MATERIAL:0.5
CE_KINGSAFETY:0.5
C_PIECESQUARETABLES:0.5
C_MOBILITY:0.4993124418098899
C_KINGSAFETY:0.5
C_PAWNSTRUCTURE:0.496311272449345
C_PIECECOORDINATION:0.5112435986629029
C_ROOKANDPAWNMOVEMENT:0.5112435986629029
C_CENTERCONTROL:0.5
C_DEVELOPPIECES:0.5
C_MATERIAL:0.5011995838121505
C_MOVECOUNT:0.5
