ELO:991
CE_PASSEDPAWNS:0.48574486229112485
CE_PAWNWEAKNESSES:0.5084469879361767
CE_PIECEACTIVITY:0.5272660641145863
CE_KINGPAWNSHIELD:0.4896856458288903
CE_PIECECOORDINATION:0.5207082048196396
CE_MATERIAL:0.47801577535742124
CE_KINGSAFETY:0.5
C_PIECESQUARETABLES:0.5
C_MOBILITY:0.5046569031004563
C_KINGSAFETY:0.4974722975371893
C_PAWNSTRUCTURE:0.506257933981646
C_PIECECOORDINATION:0.5337452573437563
C_ROOK:0.5298247203457493
CE_ROOK:0.5156455379366026
C_CENTERCONTROL:0.5075897685907141
C_DEVELOPPIECES:0.4793160762924885
C_MATERIAL:0.510744599751835
C_MOVECOUNT:0.4804020707242641
C_PAWNMOVEMENT:0.5037223531226751
