ELO:1027
CE_PASSEDPAWNS:0.4762475120006371
CE_PAWNWEAKNESSES:0.423127719237664
CE_PIECEACTIVITY:0.4778019583750767
CE_KINGPAWNSHIELD:0.46457514495981544
CE_PIECECOORDINATION:0.504676505976036
CE_MATERIAL:0.48083401776169094
CE_KINGSAFETY:0.4953669897114846
C_PIECESQUARETABLES:0.5
C_MOBILITY:0.40970348574348925
C_KINGSAFETY:0.568088727857357
C_PAWNSTRUCTURE:0.5511810051279755
C_PIECECOORDINATION:0.4352045300875373
C_ROOKANDPAWNMOVEMENT:0.4352045300875373
C_CENTERCONTROL:0.4910158207041803
C_DEVELOPPIECES:0.5562804621942722
C_MATERIAL:0.5392796975785437
