ELO:998
CE_PASSEDPAWNS:0.5048256852410028
CE_PAWNWEAKNESSES:0.49381994455484535
CE_PIECEACTIVITY:0.5117825548934569
CE_KINGPAWNSHIELD:0.4944257476626236
CE_PIECECOORDINATION:0.48490501927469065
CE_MATERIAL:0.5075840071203327
CE_KINGSAFETY:0.4632581720507745
C_PIECESQUARETABLES:0.5126918687809513
C_MOBILITY:0.5029882227828041
C_KINGSAFETY:0.5109494644493647
C_PAWNSTRUCTURE:0.5198101227167002
C_PIECECOORDINATION:0.48430892327188335
C_ROOKANDPAWNMOVEMENT:0.48430892327188335
C_CENTERCONTROL:0.48877655708172296
C_DEVELOPPIECES:0.5120239070938835
C_MATERIAL:0.4984900644530451
