ELO:994
CE_PASSEDPAWNS:0.5
CE_PAWNWEAKNESSES:0.5054655487470973
CE_PIECEACTIVITY:0.5
CE_KINGPAWNSHIELD:0.5
CE_PIECECOORDINATION:0.505621880955702
CE_MATERIAL:0.4933479046581891
CE_KINGSAFETY:0.5
C_PIECESQUARETABLES:0.5
C_MOBILITY:0.5026611603704335
C_KINGSAFETY:0.509427940094867
C_PAWNSTRUCTURE:0.5063741048221523
C_PIECECOORDINATION:0.5
C_ROOKANDPAWNMOVEMENT:0.5
C_CENTERCONTROL:0.4881956013796851
C_DEVELOPPIECES:0.5
C_MATERIAL:0.49831507192468644
C_MOVECOUNT:0.5
