ELO:1000
CE_PASSEDPAWNS:0.52610301178927
CE_PAWNWEAKNESSES:0.5280319740138673
CE_PIECEACTIVITY:0.49497607942450367
CE_KINGPAWNSHIELD:0.4631767410592419
CE_PIECECOORDINATION:0.47214431389691236
CE_MATERIAL:0.530992427831755
CE_KINGSAFETY:0.4712203324816817
C_PIECESQUARETABLES:0.4463991082972714
C_MOBILITY:0.5348165964342699
C_KINGSAFETY:0.5082091055479838
C_PAWNSTRUCTURE:0.4782575948715669
C_PIECECOORDINATION:0.454765151694124
C_ROOKANDPAWNMOVEMENT:0.454765151694124
C_CENTERCONTROL:0.5018414475123228
C_DEVELOPPIECES:0.4410644198988674
C_MATERIAL:0.4830722883238755
