ELO:1027
CE_PASSEDPAWNS:0.48251415756701543
CE_PAWNWEAKNESSES:0.559350617286715
CE_PIECEACTIVITY:0.4867780773020429
CE_KINGPAWNSHIELD:0.49840361906040137
CE_PIECECOORDINATION:0.5092586297723338
CE_MATERIAL:0.4844637553774358
CE_KINGSAFETY:0.5226044469948141
C_PIECESQUARETABLES:0.4914839032466716
C_MOBILITY:0.5394350199659798
C_KINGSAFETY:0.6171931275401819
C_PAWNSTRUCTURE:0.4872208188495284
C_PIECECOORDINATION:0.4589945907957102
C_ROOKANDPAWNMOVEMENT:0.4589945907957102
C_CENTERCONTROL:0.49003312059094484
C_DEVELOPPIECES:0.5345159730310732
C_MATERIAL:0.4574627737590056
