ELO:1001
CE_PASSEDPAWNS:0.5
CE_PAWNWEAKNESSES:0.4925728821504513
CE_PIECEACTIVITY:0.470097217212332
CE_KINGPAWNSHIELD:0.5313482123318036
CE_PIECECOORDINATION:0.5
CE_MATERIAL:0.4978781506464017
CE_KINGSAFETY:0.5
C_PIECESQUARETABLES:0.5
C_MOBILITY:0.521148700820207
C_KINGSAFETY:0.4986287568156443
C_PAWNSTRUCTURE:0.5
C_PIECECOORDINATION:0.5049427015960619
C_ROOKANDPAWNMOVEMENT:0.5049427015960619
C_CENTERCONTROL:0.5036310280982298
C_DEVELOPPIECES:0.4874086001569269
C_MATERIAL:0.5066282593233931
C_MOVECOUNT:0.5
