ELO:950
CE_PASSEDPAWNS:0.4777791013991876
CE_PAWNWEAKNESSES:0.3567410042535925
CE_PIECEACTIVITY:0.5992548198981725
CE_KINGPAWNSHIELD:0.5097382620407849
CE_PIECECOORDINATION:0.4945509161084778
CE_MATERIAL:0.5449217566744502
CE_KINGSAFETY:0.502516944559482
C_PIECESQUARETABLES:0.49418505588895717
C_MOBILITY:0.4074468907611636
C_KINGSAFETY:0.5092747194635612
C_PAWNSTRUCTURE:0.5956545660294278
C_PIECECOORDINATION:0.5259888134601834
C_ROOKANDPAWNMOVEMENT:0.5259888134601834
C_CENTERCONTROL:0.4858395595400768
C_DEVELOPPIECES:0.520108572040175
C_MATERIAL:0.5308598940998253
