ELO:1142
CE_PASSEDPAWNS:0.5001626516234368
CE_PAWNWEAKNESSES:0.49361338677041
CE_PIECEACTIVITY:0.4901255804542996
CE_KINGPAWNSHIELD:0.4912031408551266
CE_PIECECOORDINATION:0.5044982868754488
CE_MATERIAL:0.4870316157511659
CE_KINGSAFETY:0.5
C_PIECESQUARETABLES:0.5
C_MOBILITY:0.5335361914694342
C_KINGSAFETY:0.6029393669027606
C_PAWNSTRUCTURE:0.47512040194241134
C_PIECECOORDINATION:0.524077738163501
C_ROOKANDPAWNMOVEMENT:0.524077738163501
C_CENTERCONTROL:0.4594265797022971
C_DEVELOPPIECES:0.49978973130654164
C_MATERIAL:0.49609867918652717
