ELO:988
CE_PASSEDPAWNS:0.49259026748013357
CE_PAWNWEAKNESSES:0.48877033466098124
CE_PIECEACTIVITY:0.5
CE_KINGPAWNSHIELD:0.5
CE_PIECECOORDINATION:0.5107665056929181
CE_MATERIAL:0.492928106903188
CE_KINGSAFETY:0.5063387475977674
C_PIECESQUARETABLES:0.5
C_MOBILITY:0.500245285409847
C_KINGSAFETY:0.5
C_PAWNSTRUCTURE:0.5075001990433916
C_PIECECOORDINATION:0.49388396523205014
C_ROOK:0.4876842167878597
CE_ROOK:0.49657879091054563
C_CENTERCONTROL:0.5197504514853348
C_DEVELOPPIECES:0.5
C_MATERIAL:0.50175779005773
C_MOVECOUNT:0.517657575340118
C_PAWNMOVEMENT:0.5025658762831117
