ELO:1201
CE_PASSEDPAWNS:0.40442257841419577
CE_PAWNWEAKNESSES:0.6023586080413907
CE_PIECEACTIVITY:0.44028113545774944
CE_KINGPAWNSHIELD:0.47007856838159223
CE_PIECECOORDINATION:0.5084715853159553
CE_MATERIAL:0.3542837688018669
CE_KINGSAFETY:0.5
C_PIECESQUARETABLES:0.5
C_MOBILITY:0.3910770357088864
C_KINGSAFETY:0.37767688935622257
C_PAWNSTRUCTURE:0.5565549327089838
C_PIECECOORDINATION:0.5842283600812508
C_ROOKANDPAWNMOVEMENT:0.5842283600812508
C_CENTERCONTROL:0.4995846817616017
C_DEVELOPPIECES:0.49052078031268176
C_MATERIAL:0.6285834285287608
