ELO:1164
CE_PASSEDPAWNS:0.4476416470436395
CE_PAWNWEAKNESSES:0.45753908675987287
CE_PIECEACTIVITY:0.4378818512389367
CE_KINGPAWNSHIELD:0.4181592127423635
CE_PIECECOORDINATION:0.5228665876218258
CE_MATERIAL:0.48144944841874326
CE_KINGSAFETY:0.5
C_PIECESQUARETABLES:0.5
C_MOBILITY:0.3910770357088864
C_KINGSAFETY:0.3612025180063923
C_PAWNSTRUCTURE:0.5140935344353591
C_PIECECOORDINATION:0.5408113181649312
C_ROOKANDPAWNMOVEMENT:0.5408113181649312
C_CENTERCONTROL:0.5452449990748603
C_DEVELOPPIECES:0.41887494399922753
C_MATERIAL:0.6249562774005232
