ELO:1011
CE_PASSEDPAWNS:0.49175375039936825
CE_PAWNWEAKNESSES:0.4924984909521727
CE_PIECEACTIVITY:0.5215070276564264
CE_KINGPAWNSHIELD:0.5035512736671928
CE_PIECECOORDINATION:0.48290020915197623
CE_MATERIAL:0.4783008706889524
CE_KINGSAFETY:0.492113664189894
C_PIECESQUARETABLES:0.485366412940931
C_MOBILITY:0.4916240773235261
C_KINGSAFETY:0.49710073663360144
C_PAWNSTRUCTURE:0.4752434061058694
C_PIECECOORDINATION:0.49816970246868275
C_ROOK:0.49634645325755944
CE_ROOK:0.4911014741168336
C_CENTERCONTROL:0.5047456699532995
C_DEVELOPPIECES:0.4952542647005594
C_MATERIAL:0.5151638479745364
C_MOVECOUNT:0.5158605809478398
C_PAWNMOVEMENT:0.48514324580937107
