ELO:1006
CE_PASSEDPAWNS:0.4835340017349414
CE_PAWNWEAKNESSES:0.5009028188943203
CE_PIECEACTIVITY:0.5
CE_KINGPAWNSHIELD:0.49325057364548064
CE_PIECECOORDINATION:0.45993713683808085
CE_MATERIAL:0.5
CE_KINGSAFETY:0.5136691575721427
C_PIECESQUARETABLES:0.5
C_MOBILITY:0.5226375102255715
C_KINGSAFETY:0.5
C_PAWNSTRUCTURE:0.45005138481709195
C_PIECECOORDINATION:0.4900079274485163
C_ROOKANDPAWNMOVEMENT:0.4900079274485163
C_CENTERCONTROL:0.4892159748478409
C_DEVELOPPIECES:0.5013391619851276
C_MATERIAL:0.549860488537753
C_MOVECOUNT:0.5
