ELO:1297
CE_PASSEDPAWNS:0.4454647089353462
CE_PAWNWEAKNESSES:0.5235582089320323
CE_PIECEACTIVITY:0.44409255989768454
CE_KINGPAWNSHIELD:0.5004205714665614
CE_PIECECOORDINATION:0.5467981625381695
CE_MATERIAL:0.41104856979392645
CE_KINGSAFETY:0.5
C_PIECESQUARETABLES:0.4688689917984839
C_MOBILITY:0.5034384879761444
C_KINGSAFETY:0.3990938095576568
C_PAWNSTRUCTURE:0.5369013113184196
C_PIECECOORDINATION:0.5831015132740967
C_ROOKANDPAWNMOVEMENT:0.5831015132740967
C_CENTERCONTROL:0.5306207969420864
C_DEVELOPPIECES:0.44751304855098756
C_MATERIAL:0.5555915312898784
