ELO:996
CE_PASSEDPAWNS:0.49827465922478037
CE_PAWNWEAKNESSES:0.5089050830315284
CE_PIECEACTIVITY:0.5066424980284666
CE_KINGPAWNSHIELD:0.5010680944367295
CE_PIECECOORDINATION:0.5341870813174088
CE_MATERIAL:0.47801577535742124
CE_KINGSAFETY:0.5
C_PIECESQUARETABLES:0.5
C_MOBILITY:0.5048934495966043
C_KINGSAFETY:0.5228183767396659
C_PAWNSTRUCTURE:0.4900577029284544
C_PIECECOORDINATION:0.4933292499088929
C_ROOK:0.4747726481560567
CE_ROOK:0.503452879469723
C_CENTERCONTROL:0.5254746114350954
C_DEVELOPPIECES:0.4758786389195161
C_MATERIAL:0.49836544858434173
C_MOVECOUNT:0.4840793943582954
C_PAWNMOVEMENT:0.4451262352644556
