ELO:884
CE_PASSEDPAWNS:0.4601947860415785
CE_PAWNWEAKNESSES:0.353043584073336
CE_PIECEACTIVITY:0.579231586444794
CE_KINGPAWNSHIELD:0.47886898429748076
CE_PIECECOORDINATION:0.5158542830330426
CE_MATERIAL:0.5791419348293426
CE_KINGSAFETY:0.4734428359250002
C_PIECESQUARETABLES:0.5673918769010577
C_MOBILITY:0.4049963877266614
C_KINGSAFETY:0.5285194241515448
C_PAWNSTRUCTURE:0.6361973322942166
C_PIECECOORDINATION:0.5368371460169449
C_ROOKANDPAWNMOVEMENT:0.5368371460169449
C_CENTERCONTROL:0.4587552898535219
C_DEVELOPPIECES:0.5766046673567438
C_MATERIAL:0.5507222843229086
