ELO:934
CE_PASSEDPAWNS:0.48508853161794335
CE_PAWNWEAKNESSES:0.4826032189136326
CE_PIECEACTIVITY:0.5021245968534953
CE_KINGPAWNSHIELD:0.5102074131266682
CE_PIECECOORDINATION:0.5289602233727131
CE_MATERIAL:0.5091500770172597
CE_KINGSAFETY:0.46763077277680604
C_PIECESQUARETABLES:0.5099831793217886
C_MOBILITY:0.5046781059167149
C_KINGSAFETY:0.5270155064707688
C_PAWNSTRUCTURE:0.4502095973637227
C_PIECECOORDINATION:0.49067107827466383
C_ROOKANDPAWNMOVEMENT:0.49067107827466383
C_CENTERCONTROL:0.44098740673710135
C_DEVELOPPIECES:0.5001236940620761
C_MATERIAL:0.5012351673625264
C_MOVECOUNT:0.5267483013074082
