ELO:949
CE_PASSEDPAWNS:0.5287860402230601
CE_PAWNWEAKNESSES:0.5066221632762675
CE_PIECEACTIVITY:0.4942642385459343
CE_KINGPAWNSHIELD:0.5365997647866616
CE_PIECECOORDINATION:0.49585313831122835
CE_MATERIAL:0.46492891849631474
CE_KINGSAFETY:0.5043242872206263
C_PIECESQUARETABLES:0.4990714144056068
C_MOBILITY:0.5137274184330997
C_KINGSAFETY:0.5514528306285812
C_PAWNSTRUCTURE:0.5100870628112414
C_PIECECOORDINATION:0.5131751377478838
C_ROOK:0.4981891586981202
CE_ROOK:0.5198120341149792
C_CENTERCONTROL:0.46162755091005353
C_DEVELOPPIECES:0.4812460220248964
C_MATERIAL:0.522569466259682
C_MOVECOUNT:0.5185950850051824
C_PAWNMOVEMENT:0.5231081503784527
