ELO:989
CE_PASSEDPAWNS:0.4930606491233163
CE_PAWNWEAKNESSES:0.5314262678886349
CE_PIECEACTIVITY:0.5184160729348016
CE_KINGPAWNSHIELD:0.5002787011936971
CE_PIECECOORDINATION:0.4982536304210974
CE_MATERIAL:0.532737070503067
CE_KINGSAFETY:0.5
C_PIECESQUARETABLES:0.5
C_MOBILITY:0.5346322662336985
C_KINGSAFETY:0.5138175720512391
C_PAWNSTRUCTURE:0.49277735736716133
C_PIECECOORDINATION:0.5010565797952407
C_ROOK:0.5018544731710882
CE_ROOK:0.5145870859954939
C_CENTERCONTROL:0.4962465463250829
C_DEVELOPPIECES:0.47770290067884724
C_MATERIAL:0.49077958618225426
C_MOVECOUNT:0.5338163376874483
C_PAWNMOVEMENT:0.48055442047374863
