ELO:1062
CE_PASSEDPAWNS:0.5772527796076409
CE_PAWNWEAKNESSES:0.5290426059079105
CE_PIECEACTIVITY:0.5686659566488337
CE_KINGPAWNSHIELD:0.5333017565545268
CE_PIECECOORDINATION:0.5124921528413401
CE_MATERIAL:0.4870316157511659
CE_KINGSAFETY:0.5
C_PIECESQUARETABLES:0.5
C_MOBILITY:0.5504373183683143
C_KINGSAFETY:0.4749734886846588
C_PAWNSTRUCTURE:0.527060557227316
C_PIECECOORDINATION:0.4467933985359308
C_ROOKANDPAWNMOVEMENT:0.4467933985359308
C_CENTERCONTROL:0.5014188595021803
C_DEVELOPPIECES:0.48982090958369834
C_MATERIAL:0.5041089656500961
