ELO:1003
CE_PASSEDPAWNS:0.5244423501098813
CE_PAWNWEAKNESSES:0.47944257202466556
CE_PIECEACTIVITY:0.4905183688531095
CE_KINGPAWNSHIELD:0.5249550835608966
CE_PIECECOORDINATION:0.5165284933189488
CE_MATERIAL:0.5129229041637896
CE_KINGSAFETY:0.4901820772080546
C_PIECESQUARETABLES:0.5069686502339508
C_MOBILITY:0.46989955101829395
C_KINGSAFETY:0.5068801504775801
C_PAWNSTRUCTURE:0.48167373120351514
C_PIECECOORDINATION:0.5350279220546716
C_ROOK:0.5087367697674797
CE_ROOK:0.4961064697153357
C_CENTERCONTROL:0.4925474243780922
C_DEVELOPPIECES:0.4940606971574632
C_MATERIAL:0.5160657216339215
C_MOVECOUNT:0.5140296520990059
C_PAWNMOVEMENT:0.4847236119643646
