ELO:914
CE_PASSEDPAWNS:0.4770909204325291
CE_PAWNWEAKNESSES:0.3475645152309575
CE_PIECEACTIVITY:0.5965075957822802
CE_KINGPAWNSHIELD:0.5163531420472357
CE_PIECECOORDINATION:0.5029746967167084
CE_MATERIAL:0.5747904625019621
CE_KINGSAFETY:0.4612994149575819
C_PIECESQUARETABLES:0.5229805092673737
C_MOBILITY:0.4391211912667303
C_KINGSAFETY:0.526078253579379
C_PAWNSTRUCTURE:0.5913904036865053
C_PIECECOORDINATION:0.5497086015468664
C_ROOKANDPAWNMOVEMENT:0.5497086015468664
C_CENTERCONTROL:0.49196291229639294
C_DEVELOPPIECES:0.5307746233604531
C_MATERIAL:0.5455418931004862
