ELO:1004
CE_PASSEDPAWNS:0.49827195436284993
CE_PAWNWEAKNESSES:0.5055538168750165
CE_PIECEACTIVITY:0.4992911433740201
CE_KINGPAWNSHIELD:0.5
CE_PIECECOORDINATION:0.5221362358807391
CE_MATERIAL:0.5039529270297982
CE_KINGSAFETY:0.5009193706639955
C_PIECESQUARETABLES:0.48878748708714587
C_MOBILITY:0.5030134071510917
C_KINGSAFETY:0.49617010023447844
C_PAWNSTRUCTURE:0.5
C_PIECECOORDINATION:0.5114484359260536
C_ROOKANDPAWNMOVEMENT:0.5114484359260536
C_CENTERCONTROL:0.49111005687193493
C_DEVELOPPIECES:0.5
C_MATERIAL:0.49990812313399413
C_MOVECOUNT:0.49346028656560104
