ELO:988
CE_PASSEDPAWNS:0.49259026748013357
CE_PAWNWEAKNESSES:0.493432803850762
CE_PIECEACTIVITY:0.5
CE_KINGPAWNSHIELD:0.5052884009178145
CE_PIECECOORDINATION:0.5053862162734188
CE_MATERIAL:0.48735943557661887
CE_KINGSAFETY:0.5063387475977674
C_PIECESQUARETABLES:0.5
C_MOBILITY:0.500245285409847
C_KINGSAFETY:0.5
C_PAWNSTRUCTURE:0.49517510391284236
C_PIECECOORDINATION:0.49388396523205014
C_ROOK:0.4876842167878597
CE_ROOK:0.49657879091054563
C_CENTERCONTROL:0.5197504514853348
C_DEVELOPPIECES:0.5018038119564826
C_MATERIAL:0.5064174455926406
C_MOVECOUNT:0.517657575340118
C_PAWNMOVEMENT:0.5124020230292565
