ELO:1042
CE_PASSEDPAWNS:0.44749870354253773
CE_PAWNWEAKNESSES:0.5219350989926019
CE_PIECEACTIVITY:0.49109967578081604
CE_KINGPAWNSHIELD:0.531446922349917
CE_PIECECOORDINATION:0.47428544805430206
CE_MATERIAL:0.48691058534142634
CE_KINGSAFETY:0.5
C_PIECESQUARETABLES:0.4827790365405988
C_MOBILITY:0.4851521291029621
C_KINGSAFETY:0.3948765310991503
C_PAWNSTRUCTURE:0.5269404566222538
C_PIECECOORDINATION:0.49350886085864354
C_ROOKANDPAWNMOVEMENT:0.49350886085864354
C_CENTERCONTROL:0.4910158207041803
C_DEVELOPPIECES:0.44786742023894355
C_MATERIAL:0.5368788541752777
