ELO:944
CE_PASSEDPAWNS:0.46205336469487335
CE_PAWNWEAKNESSES:0.43152712366367246
CE_PIECEACTIVITY:0.49599819320624305
CE_KINGPAWNSHIELD:0.4822748240815986
CE_PIECECOORDINATION:0.4969561927557415
CE_MATERIAL:0.4577360934394652
CE_KINGSAFETY:0.49531051802944104
C_PIECESQUARETABLES:0.5508297463308355
C_MOBILITY:0.5721790870231512
C_KINGSAFETY:0.5474834415933543
C_PAWNSTRUCTURE:0.5118703271823353
C_PIECECOORDINATION:0.4870535178909815
C_ROOKANDPAWNMOVEMENT:0.4870535178909815
C_CENTERCONTROL:0.5555068102448044
C_DEVELOPPIECES:0.4870742282972161
C_MATERIAL:0.45563087596076646
C_MOVECOUNT:0.4403313586934602
