ELO:853
CE_PASSEDPAWNS:0.4625526797289001
CE_PAWNWEAKNESSES:0.3492747059364934
CE_PIECEACTIVITY:0.6028459331008167
CE_KINGPAWNSHIELD:0.4956969046679853
CE_PIECECOORDINATION:0.5056367582161855
CE_MATERIAL:0.5928508881870589
CE_KINGSAFETY:0.47382867454054123
C_PIECESQUARETABLES:0.5889345368837927
C_MOBILITY:0.392710833940545
C_KINGSAFETY:0.5330771041607464
C_PAWNSTRUCTURE:0.6313497270115139
C_PIECECOORDINATION:0.5138106573596201
C_ROOKANDPAWNMOVEMENT:0.5138106573596201
C_CENTERCONTROL:0.44846764124025124
C_DEVELOPPIECES:0.5782942047023368
C_MATERIAL:0.5846712776105945
