ELO:987
CE_PASSEDPAWNS:0.5107668217359739
CE_PAWNWEAKNESSES:0.49381994455484535
CE_PIECEACTIVITY:0.5
CE_KINGPAWNSHIELD:0.4913036012240236
CE_PIECECOORDINATION:0.49721030131036764
CE_MATERIAL:0.5
CE_KINGSAFETY:0.4632581720507745
C_PIECESQUARETABLES:0.5126918687809513
C_MOBILITY:0.5029882227828041
C_KINGSAFETY:0.5059152108349542
C_PAWNSTRUCTURE:0.5124679943805178
C_PIECECOORDINATION:0.48430892327188335
C_ROOKANDPAWNMOVEMENT:0.48430892327188335
C_CENTERCONTROL:0.48877655708172296
C_DEVELOPPIECES:0.5
C_MATERIAL:0.5001358722315469
