ELO:1000
CE_PASSEDPAWNS:0.4961503465656835
CE_PAWNWEAKNESSES:0.5161298197494865
CE_PIECEACTIVITY:0.48672054447420954
CE_KINGPAWNSHIELD:0.49428002517218284
CE_PIECECOORDINATION:0.48233153118163696
CE_MATERIAL:0.5068352113496124
CE_KINGSAFETY:0.49724730309016996
C_PIECESQUARETABLES:0.47848421815131204
C_MOBILITY:0.5072898255869511
C_KINGSAFETY:0.5048625705522967
C_PAWNSTRUCTURE:0.4940389842557471
C_PIECECOORDINATION:0.48539312351630076
C_ROOKANDPAWNMOVEMENT:0.48539312351630076
C_CENTERCONTROL:0.48738876434026834
C_DEVELOPPIECES:0.47834972565396916
C_MATERIAL:0.4994419431933078
