ELO:1172
CE_PASSEDPAWNS:0.4505787743758804
CE_PAWNWEAKNESSES:0.5048360792400961
CE_PIECEACTIVITY:0.49646196212201105
CE_KINGPAWNSHIELD:0.5144957232136251
CE_PIECECOORDINATION:0.5044982868754488
CE_MATERIAL:0.46340849557297425
CE_KINGSAFETY:0.577894564632868
C_PIECESQUARETABLES:0.46253475639277647
C_MOBILITY:0.5301647071509601
C_KINGSAFETY:0.5780665687320793
C_PAWNSTRUCTURE:0.4690525301985081
C_PIECECOORDINATION:0.5126697644750108
C_ROOKANDPAWNMOVEMENT:0.5126697644750108
C_CENTERCONTROL:0.5406932725578059
C_DEVELOPPIECES:0.49639857605023474
C_MATERIAL:0.42702859979546354
