ELO:931
CE_PASSEDPAWNS:0.4856494613725101
CE_PAWNWEAKNESSES:0.3567410042535925
CE_PIECEACTIVITY:0.6042339044821115
CE_KINGPAWNSHIELD:0.5084798058812167
CE_PIECECOORDINATION:0.4945509161084778
CE_MATERIAL:0.5480488279358314
CE_KINGSAFETY:0.478456716060069
C_PIECESQUARETABLES:0.5125079445159013
C_MOBILITY:0.41692604124993604
C_KINGSAFETY:0.5109967248786536
C_PAWNSTRUCTURE:0.5956545660294278
C_PIECECOORDINATION:0.5372509405679095
C_ROOKANDPAWNMOVEMENT:0.5372509405679095
C_CENTERCONTROL:0.4883433996683123
C_DEVELOPPIECES:0.5245367281210459
C_MATERIAL:0.5282905996451521
