ELO:1006
CE_PASSEDPAWNS:0.4930606491233163
CE_PAWNWEAKNESSES:0.4949374420748937
CE_PIECEACTIVITY:0.5083828907924781
CE_KINGPAWNSHIELD:0.5142653329978302
CE_PIECECOORDINATION:0.5165284933189488
CE_MATERIAL:0.49434134690751447
CE_KINGSAFETY:0.5
C_PIECESQUARETABLES:0.5
C_MOBILITY:0.5044564496057101
C_KINGSAFETY:0.5240590034009495
C_PAWNSTRUCTURE:0.4991070109688661
C_PIECECOORDINATION:0.5212416632565356
C_ROOK:0.5007168017806173
CE_ROOK:0.5062798381842301
C_CENTERCONTROL:0.4925474243780922
C_DEVELOPPIECES:0.4827476482380969
C_MATERIAL:0.5177364255238226
C_MOVECOUNT:0.5032365966270125
C_PAWNMOVEMENT:0.48055442047374863
