ELO:1010
CE_PASSEDPAWNS:0.5
CE_PAWNWEAKNESSES:0.49862924336756514
CE_PIECEACTIVITY:0.49923668310218255
CE_KINGPAWNSHIELD:0.5
CE_PIECECOORDINATION:0.5
CE_MATERIAL:0.4899514917716041
CE_KINGSAFETY:0.5003111614956908
C_PIECESQUARETABLES:0.48323567538035483
C_MOBILITY:0.5
C_KINGSAFETY:0.5085950348234852
C_PAWNSTRUCTURE:0.5
C_PIECECOORDINATION:0.5
C_ROOKANDPAWNMOVEMENT:0.5
C_CENTERCONTROL:0.49877025168862327
C_DEVELOPPIECES:0.5019969838036137
C_MATERIAL:0.5041826710822785
C_MOVECOUNT:0.5
