ELO:999
CE_PASSEDPAWNS:0.4971957632967833
CE_PAWNWEAKNESSES:0.5073783996455112
CE_PIECEACTIVITY:0.513548150817312
CE_KINGPAWNSHIELD:0.4939347429406979
CE_PIECECOORDINATION:0.5207082048196396
CE_MATERIAL:0.48595362843010736
CE_KINGSAFETY:0.5
C_PIECESQUARETABLES:0.5
C_MOBILITY:0.49680657775462084
C_KINGSAFETY:0.5138175720512391
C_PAWNSTRUCTURE:0.49277735736716133
C_PIECECOORDINATION:0.487616982596901
C_ROOK:0.5018544731710882
CE_ROOK:0.5145870859954939
C_CENTERCONTROL:0.4962465463250829
C_DEVELOPPIECES:0.47770290067884724
C_MATERIAL:0.49469357712805306
C_MOVECOUNT:0.5040826182598588
C_PAWNMOVEMENT:0.5
