ELO:977
CE_PASSEDPAWNS:0.5170604873017042
CE_PAWNWEAKNESSES:0.48650640009220947
CE_PIECEACTIVITY:0.4681904802037517
CE_KINGPAWNSHIELD:0.4896856458288903
CE_PIECECOORDINATION:0.5434570833912383
CE_MATERIAL:0.47801577535742124
CE_KINGSAFETY:0.5
C_PIECESQUARETABLES:0.5
C_MOBILITY:0.5046569031004563
C_KINGSAFETY:0.494244186118567
C_PAWNSTRUCTURE:0.5077485754869963
C_PIECECOORDINATION:0.480677372078961
C_ROOK:0.4731768837174072
CE_ROOK:0.5180558978635147
C_CENTERCONTROL:0.5075897685907141
C_DEVELOPPIECES:0.48020853997039276
C_MATERIAL:0.4882969655538142
C_MOVECOUNT:0.48529952748015875
C_PAWNMOVEMENT:0.502808155716578
