ELO:978
CE_PASSEDPAWNS:0.47983400365226464
CE_PAWNWEAKNESSES:0.48082875144080905
CE_PIECEACTIVITY:0.5352512683266858
CE_KINGPAWNSHIELD:0.5132535811951585
CE_PIECECOORDINATION:0.5034193623877699
CE_MATERIAL:0.49629559560382625
CE_KINGSAFETY:0.5
C_PIECESQUARETABLES:0.4809618224627882
C_MOBILITY:0.516063630652985
C_KINGSAFETY:0.5037081210793933
C_PAWNSTRUCTURE:0.4804837528008742
C_PIECECOORDINATION:0.49303376250463576
C_ROOKANDPAWNMOVEMENT:0.49303376250463576
C_CENTERCONTROL:0.5408788536494507
C_DEVELOPPIECES:0.5119475370840663
C_MATERIAL:0.5110980722093239
C_MOVECOUNT:0.5
