ELO:917
CE_PASSEDPAWNS:0.5219071058937165
CE_PAWNWEAKNESSES:0.46755733658423115
CE_PIECEACTIVITY:0.5191049622594631
CE_KINGPAWNSHIELD:0.5122801452182593
CE_PIECECOORDINATION:0.5006400321535137
CE_MATERIAL:0.5408864402697356
CE_KINGSAFETY:0.4514535285808196
C_PIECESQUARETABLES:0.4473324597242461
C_MOBILITY:0.4717022007214105
C_KINGSAFETY:0.4974399505989915
C_PAWNSTRUCTURE:0.4427526937673335
C_PIECECOORDINATION:0.48745950584349895
C_ROOKANDPAWNMOVEMENT:0.48745950584349895
C_CENTERCONTROL:0.45555038672566206
C_DEVELOPPIECES:0.4812387178369325
C_MATERIAL:0.47717514149799806
C_MOVECOUNT:0.5170497442040362
