ELO:988
CE_PASSEDPAWNS:0.5170604873017042
CE_PAWNWEAKNESSES:0.5125627542928147
CE_PIECEACTIVITY:0.4853836144793422
CE_KINGPAWNSHIELD:0.4896856458288903
CE_PIECECOORDINATION:0.5434570833912383
CE_MATERIAL:0.47801577535742124
CE_KINGSAFETY:0.5
C_PIECESQUARETABLES:0.4915116406864803
C_MOBILITY:0.5046569031004563
C_KINGSAFETY:0.49106639765554444
C_PAWNSTRUCTURE:0.5077485754869963
C_PIECECOORDINATION:0.5200211482879018
C_ROOK:0.497186188253865
CE_ROOK:0.48625489621868667
C_CENTERCONTROL:0.49872734645623507
C_DEVELOPPIECES:0.48786143320810654
C_MATERIAL:0.5103871553166062
C_MOVECOUNT:0.4804020707242641
C_PAWNMOVEMENT:0.5107510682882381
