ELO:1031
CE_PASSEDPAWNS:0.5067220476838514
CE_PAWNWEAKNESSES:0.4677309096030002
CE_PIECEACTIVITY:0.5
CE_KINGPAWNSHIELD:0.5141352664604385
CE_PIECECOORDINATION:0.5095072935218928
CE_MATERIAL:0.5259701039103215
CE_KINGSAFETY:0.5
C_PIECESQUARETABLES:0.5
C_MOBILITY:0.5017863872172483
C_KINGSAFETY:0.5799361453212442
C_PAWNSTRUCTURE:0.5147852278909847
C_PIECECOORDINATION:0.44136564801930056
C_ROOKANDPAWNMOVEMENT:0.44136564801930056
C_CENTERCONTROL:0.4764889441820766
C_DEVELOPPIECES:0.4556127804314859
C_MATERIAL:0.48992419487483296
C_MOVECOUNT:0.5
