ELO:1029
CE_PASSEDPAWNS:0.4206150445297281
CE_PAWNWEAKNESSES:0.5237570698707816
CE_PIECEACTIVITY:0.4134837075561627
CE_KINGPAWNSHIELD:0.4602117740116486
CE_PIECECOORDINATION:0.504676505976036
CE_MATERIAL:0.5314539059142014
CE_KINGSAFETY:0.4707998497407646
C_PIECESQUARETABLES:0.5
C_MOBILITY:0.40970348574348925
C_KINGSAFETY:0.3948765310991503
C_PAWNSTRUCTURE:0.5511810051279755
C_PIECECOORDINATION:0.49350886085864354
C_ROOKANDPAWNMOVEMENT:0.49350886085864354
C_CENTERCONTROL:0.48248378381660795
C_DEVELOPPIECES:0.44484160398557765
C_MATERIAL:0.5392796975785437
