ELO:827
CE_PASSEDPAWNS:0.5281727412231462
CE_PAWNWEAKNESSES:0.5002030927924004
CE_PIECEACTIVITY:0.5139557587571887
CE_KINGPAWNSHIELD:0.5078172078553453
CE_PIECECOORDINATION:0.5078133850569052
CE_MATERIAL:0.5093903818186043
CE_KINGSAFETY:0.49661025019405797
C_PIECESQUARETABLES:0.4746935230201593
C_MOBILITY:0.4521576418765231
C_KINGSAFETY:0.4879228230751321
C_PAWNSTRUCTURE:0.5749764403379019
C_PIECECOORDINATION:0.5047975819045964
C_ROOKANDPAWNMOVEMENT:0.5047975819045964
C_CENTERCONTROL:0.4943449163444073
C_DEVELOPPIECES:0.5510360918743683
C_MATERIAL:0.4922408435753512
