ELO:936
CE_PASSEDPAWNS:0.5116766756550797
CE_PAWNWEAKNESSES:0.5149980909915681
CE_PIECEACTIVITY:0.49869370882836356
CE_KINGPAWNSHIELD:0.49342145797053716
CE_PIECECOORDINATION:0.48152823762341224
CE_MATERIAL:0.5068646692510869
CE_KINGSAFETY:0.4836411089315373
C_PIECESQUARETABLES:0.49729553196984394
C_MOBILITY:0.5169624973591976
C_KINGSAFETY:0.523272248424626
C_PAWNSTRUCTURE:0.5087733512674386
C_PIECECOORDINATION:0.5185701439879488
C_ROOKANDPAWNMOVEMENT:0.5185701439879488
C_CENTERCONTROL:0.4805327345752416
C_DEVELOPPIECES:0.5043277730992856
C_MATERIAL:0.4619592448812291
C_MOVECOUNT:0.5
