ELO:1240
CE_PASSEDPAWNS:0.46384144473395517
CE_PAWNWEAKNESSES:0.4257636240156315
CE_PIECEACTIVITY:0.6284494764969032
CE_KINGPAWNSHIELD:0.3458857118687571
CE_PIECECOORDINATION:0.5065160284750898
CE_MATERIAL:0.5018984364370889
CE_KINGSAFETY:0.5117740388171448
C_PIECESQUARETABLES:0.5192036650668564
C_MOBILITY:0.3966770036087629
C_KINGSAFETY:0.40563794219189653
C_PAWNSTRUCTURE:0.5248876232997277
C_PIECECOORDINATION:0.5273349070137523
C_ROOKANDPAWNMOVEMENT:0.5273349070137523
C_CENTERCONTROL:0.49705987055069717
C_DEVELOPPIECES:0.5377639416675671
C_MATERIAL:0.590828547302026
