ELO:991
CE_PASSEDPAWNS:0.49033845553134187
CE_PAWNWEAKNESSES:0.48066769076565374
CE_PIECEACTIVITY:0.48984178753720964
CE_KINGPAWNSHIELD:0.5121414772302385
CE_PIECECOORDINATION:0.49960243297101137
CE_MATERIAL:0.47407361738220544
CE_KINGSAFETY:0.49331161128896533
C_PIECESQUARETABLES:0.5030169696897175
C_MOBILITY:0.4693064498649468
C_KINGSAFETY:0.5055195656701353
C_PAWNSTRUCTURE:0.5268358085016747
C_PIECECOORDINATION:0.5070818569364007
C_ROOK:0.4718361783498288
CE_ROOK:0.494474223297646
C_CENTERCONTROL:0.4870646554471476
C_DEVELOPPIECES:0.5010084878437914
C_MATERIAL:0.5160911443487018
C_MOVECOUNT:0.49657736725502516
C_PAWNMOVEMENT:0.524452855348123
