ELO:947
CE_PASSEDPAWNS:0.5124605480075631
CE_PAWNWEAKNESSES:0.5235659917112928
CE_PIECEACTIVITY:0.4728524292011401
CE_KINGPAWNSHIELD:0.542405547779532
CE_PIECECOORDINATION:0.5087620856976243
CE_MATERIAL:0.48440814702784674
CE_KINGSAFETY:0.5
C_PIECESQUARETABLES:0.5
C_MOBILITY:0.46476083039597377
C_KINGSAFETY:0.5017701049430434
C_PAWNSTRUCTURE:0.4460790628568232
C_PIECECOORDINATION:0.49578980547590773
C_ROOK:0.4810355523642022
CE_ROOK:0.47702167493992265
C_CENTERCONTROL:0.5125823033736578
C_DEVELOPPIECES:0.4797633560573875
C_MATERIAL:0.49779971796614797
C_MOVECOUNT:0.5240296066358329
C_PAWNMOVEMENT:0.5096085719330717
