ELO:1013
CE_PASSEDPAWNS:0.49443775310209565
CE_PAWNWEAKNESSES:0.4997146322235092
CE_PIECEACTIVITY:0.5034683874290813
CE_KINGPAWNSHIELD:0.4973917718002567
CE_PIECECOORDINATION:0.47649555088981205
CE_MATERIAL:0.46061082776078976
CE_KINGSAFETY:0.5
C_PIECESQUARETABLES:0.5
C_MOBILITY:0.4639572610102994
C_KINGSAFETY:0.5028292516083968
C_PAWNSTRUCTURE:0.5158150803164551
C_PIECECOORDINATION:0.5133516354288787
C_ROOK:0.5009662701519307
CE_ROOK:0.4814625853181572
C_CENTERCONTROL:0.49513549206104046
C_DEVELOPPIECES:0.5254485109542685
C_MATERIAL:0.4907302443354715
C_MOVECOUNT:0.5063024472324568
C_PAWNMOVEMENT:0.44915453027720387
