ELO:897
CE_PASSEDPAWNS:0.5888131166207741
CE_PAWNWEAKNESSES:0.45959274276223977
CE_PIECEACTIVITY:0.4978365199101241
CE_KINGPAWNSHIELD:0.5365098685053543
CE_PIECECOORDINATION:0.4745082488208339
CE_MATERIAL:0.49113469104941876
CE_KINGSAFETY:0.5174071570890989
C_PIECESQUARETABLES:0.4813430388159658
C_MOBILITY:0.5568947869928006
C_KINGSAFETY:0.4996452469983929
C_PAWNSTRUCTURE:0.4738808440354683
C_PIECECOORDINATION:0.4937236048011767
C_ROOKANDPAWNMOVEMENT:0.4937236048011767
C_CENTERCONTROL:0.510579909873019
C_DEVELOPPIECES:0.458600304954244
C_MATERIAL:0.4699933232664456
C_MOVECOUNT:0.5
