ELO:929
CE_PASSEDPAWNS:0.5067581482915108
CE_PAWNWEAKNESSES:0.5154369000459817
CE_PIECEACTIVITY:0.5033294281322281
CE_KINGPAWNSHIELD:0.5456043886639229
CE_PIECECOORDINATION:0.5067138321621358
CE_MATERIAL:0.5126711961395696
CE_KINGSAFETY:0.48779770871565425
C_PIECESQUARETABLES:0.5
C_MOBILITY:0.4828324495573845
C_KINGSAFETY:0.5012145484421712
C_PAWNSTRUCTURE:0.46669952621929545
C_PIECECOORDINATION:0.4980912235029146
C_ROOK:0.48085976607484104
CE_ROOK:0.46769740822527955
C_CENTERCONTROL:0.5147264926301731
C_DEVELOPPIECES:0.46692075077235734
C_MATERIAL:0.5003498035491318
C_MOVECOUNT:0.5000451989061752
C_PAWNMOVEMENT:0.5154736650086859
