ELO:1129
CE_PASSEDPAWNS:0.442778421640529
CE_PAWNWEAKNESSES:0.5049538678398092
CE_PIECEACTIVITY:0.5822554920959389
CE_KINGPAWNSHIELD:0.6208131797722044
CE_PIECECOORDINATION:0.5707969823983154
CE_MATERIAL:0.39783305558335186
CE_KINGSAFETY:0.5
C_PIECESQUARETABLES:0.5
C_MOBILITY:0.4455170774255024
C_KINGSAFETY:0.6061835719447111
C_PAWNSTRUCTURE:0.41040599071577993
C_PIECECOORDINATION:0.36062421724656424
C_ROOKANDPAWNMOVEMENT:0.36062421724656424
C_CENTERCONTROL:0.5916556751746048
C_DEVELOPPIECES:0.5034004472324135
C_MATERIAL:0.4073474203952967
