ELO:1050
CE_PASSEDPAWNS:0.37833212186193865
CE_PAWNWEAKNESSES:0.5931133542075576
CE_PIECEACTIVITY:0.37019289160167584
CE_KINGPAWNSHIELD:0.41671805837235226
CE_PIECECOORDINATION:0.5152194334512855
CE_MATERIAL:0.4651130074756293
CE_KINGSAFETY:0.5125165330604406
C_PIECESQUARETABLES:0.4984846302016331
C_MOBILITY:0.49548566878376454
C_KINGSAFETY:0.42672656630259487
C_PAWNSTRUCTURE:0.6083146620876545
C_PIECECOORDINATION:0.5160221957605267
C_ROOKANDPAWNMOVEMENT:0.5160221957605267
C_CENTERCONTROL:0.5897321595042405
C_DEVELOPPIECES:0.4785563893677982
C_MATERIAL:0.6278229289073771
