ELO:984
CE_PASSEDPAWNS:0.504325305483805
CE_PAWNWEAKNESSES:0.5007383260718367
CE_PIECEACTIVITY:0.5098002163069221
CE_KINGPAWNSHIELD:0.5
CE_PIECECOORDINATION:0.49047315734326263
CE_MATERIAL:0.513403649289385
CE_KINGSAFETY:0.4923273971464393
C_PIECESQUARETABLES:0.5
C_MOBILITY:0.49274768956261067
C_KINGSAFETY:0.5
C_PAWNSTRUCTURE:0.5071074479331368
C_PIECECOORDINATION:0.49783317745945743
C_ROOKANDPAWNMOVEMENT:0.49783317745945743
C_CENTERCONTROL:0.49279225799250936
C_DEVELOPPIECES:0.4959563453670451
C_MATERIAL:0.5123520353131434
C_MOVECOUNT:0.5056839007419308
