ELO:981
CE_PASSEDPAWNS:0.4940018157151712
CE_PAWNWEAKNESSES:0.512102909685366
CE_PIECEACTIVITY:0.511487542468061
CE_KINGPAWNSHIELD:0.504035570680729
CE_PIECECOORDINATION:0.5176265564205077
CE_MATERIAL:0.4945725632402885
CE_KINGSAFETY:0.5
C_PIECESQUARETABLES:0.5
C_MOBILITY:0.5130932322465942
C_KINGSAFETY:0.502887358141681
C_PAWNSTRUCTURE:0.5117739684694225
C_PIECECOORDINATION:0.48997515968996125
C_ROOKANDPAWNMOVEMENT:0.48997515968996125
C_CENTERCONTROL:0.4985787730061052
C_DEVELOPPIECES:0.4814066075502257
C_MATERIAL:0.48037497747591323
C_MOVECOUNT:0.520601444778692
