ELO:1000
CE_PASSEDPAWNS:0.4182571192823097
CE_PAWNWEAKNESSES:0.43992588078227624
CE_PIECEACTIVITY:0.5115229847161461
CE_KINGPAWNSHIELD:0.5051864489421174
CE_PIECECOORDINATION:0.5787042848232803
CE_MATERIAL:0.5579716950248221
CE_KINGSAFETY:0.4800735777976936
C_PIECESQUARETABLES:0.4698802498025965
C_MOBILITY:0.5166869908201902
C_KINGSAFETY:0.5266288314678775
C_PAWNSTRUCTURE:0.479913898789712
C_PIECECOORDINATION:0.5320627917087805
C_ROOKANDPAWNMOVEMENT:0.5320627917087805
C_CENTERCONTROL:0.5114745968622839
C_DEVELOPPIECES:0.5047370392764066
C_MATERIAL:0.47592237829303147
