ELO:958
CE_PASSEDPAWNS:0.4775132147983737
CE_PAWNWEAKNESSES:0.5760566756074984
CE_PIECEACTIVITY:0.5039378260949656
CE_KINGPAWNSHIELD:0.39452144957275465
CE_PIECECOORDINATION:0.43923662339892955
CE_MATERIAL:0.44459720447907625
CE_KINGSAFETY:0.5226758930585798
C_PIECESQUARETABLES:0.47728416423752446
C_MOBILITY:0.4959798884308747
C_KINGSAFETY:0.5640037284657623
C_PAWNSTRUCTURE:0.4566220411980508
C_PIECECOORDINATION:0.4182910721288125
C_ROOKANDPAWNMOVEMENT:0.4182910721288125
C_CENTERCONTROL:0.5313068526543894
C_DEVELOPPIECES:0.4527294286727505
C_MATERIAL:0.3808395477090749
