ELO:1042
CE_PASSEDPAWNS:0.5470011076269593
CE_PAWNWEAKNESSES:0.5781724541871099
CE_PIECEACTIVITY:0.44143626326341584
CE_KINGPAWNSHIELD:0.3848860514968192
CE_PIECECOORDINATION:0.43539629222294773
CE_MATERIAL:0.3293521275436515
CE_KINGSAFETY:0.5364295582697715
C_PIECESQUARETABLES:0.4881657207054644
C_MOBILITY:0.37273065837304203
C_KINGSAFETY:0.4770558133250482
C_PAWNSTRUCTURE:0.5012841391210537
C_PIECECOORDINATION:0.5468393666234218
C_ROOKANDPAWNMOVEMENT:0.5468393666234218
C_CENTERCONTROL:0.5057112130143759
C_DEVELOPPIECES:0.493556460253626
C_MATERIAL:0.6641431982536982
