ELO:826
CE_PASSEDPAWNS:0.47283553027671144
CE_PAWNWEAKNESSES:0.5475576440730172
CE_PIECEACTIVITY:0.5184735408515111
CE_KINGPAWNSHIELD:0.41629974106706524
CE_PIECECOORDINATION:0.49618406244291363
CE_MATERIAL:0.5045256745625136
CE_KINGSAFETY:0.5
C_PIECESQUARETABLES:0.5
C_MOBILITY:0.5179418203749596
C_KINGSAFETY:0.49332000952748706
C_PAWNSTRUCTURE:0.39675761919693564
C_PIECECOORDINATION:0.5185831459827874
C_ROOKANDPAWNMOVEMENT:0.5185831459827874
C_CENTERCONTROL:0.5730862928262074
C_DEVELOPPIECES:0.5925245628541194
C_MATERIAL:0.46802135229456265
C_MOVECOUNT:0.5018968735007091
