ELO:972
CE_PASSEDPAWNS:0.42577316261446324
CE_PAWNWEAKNESSES:0.43938418678151214
CE_PIECEACTIVITY:0.5067534410495926
CE_KINGPAWNSHIELD:0.443117631006922
CE_PIECECOORDINATION:0.5410154016296008
CE_MATERIAL:0.5227286556349261
CE_KINGSAFETY:0.48754425091788506
C_PIECESQUARETABLES:0.5048619211899055
C_MOBILITY:0.5383070786948942
C_KINGSAFETY:0.5265322185636672
C_PAWNSTRUCTURE:0.46394298658009153
C_PIECECOORDINATION:0.5141751417727993
C_ROOKANDPAWNMOVEMENT:0.5141751417727993
C_CENTERCONTROL:0.47403920252940857
C_DEVELOPPIECES:0.5436735928390407
C_MATERIAL:0.49301022984233994
