ELO:984
CE_PASSEDPAWNS:0.5171179031377611
CE_PAWNWEAKNESSES:0.4960894956150016
CE_PIECEACTIVITY:0.5093750352564818
CE_KINGPAWNSHIELD:0.5024846046450566
CE_PIECECOORDINATION:0.5068844194149827
CE_MATERIAL:0.5107168111450335
CE_KINGSAFETY:0.5
C_PIECESQUARETABLES:0.5026964222927464
C_MOBILITY:0.47795247047943057
C_KINGSAFETY:0.4971560119972306
C_PAWNSTRUCTURE:0.49802089623710083
C_PIECECOORDINATION:0.4987892495348505
C_ROOKANDPAWNMOVEMENT:0.4987892495348505
C_CENTERCONTROL:0.4965259127895468
C_DEVELOPPIECES:0.5202430726606043
C_MATERIAL:0.49054229030245994
C_MOVECOUNT:0.5
