ELO:929
CE_PASSEDPAWNS:0.40957461856003613
CE_PAWNWEAKNESSES:0.3984666093116631
CE_PIECEACTIVITY:0.4987057667488911
CE_KINGPAWNSHIELD:0.40106486986355055
CE_PIECECOORDINATION:0.49371815362850513
CE_MATERIAL:0.5564285764293975
CE_KINGSAFETY:0.5407968613545734
C_PIECESQUARETABLES:0.44720355337149026
C_MOBILITY:0.5119094885044381
C_KINGSAFETY:0.5957746947468121
C_PAWNSTRUCTURE:0.4363555833235993
C_PIECECOORDINATION:0.5138090550630651
C_ROOKANDPAWNMOVEMENT:0.5138090550630651
C_CENTERCONTROL:0.43653122215816625
C_DEVELOPPIECES:0.5020545145527892
C_MATERIAL:0.5158711027791915
