ELO:1000
CE_PASSEDPAWNS:0.4462395221203369
CE_PAWNWEAKNESSES:0.4777151553551418
CE_PIECEACTIVITY:0.5010933720365294
CE_KINGPAWNSHIELD:0.5066918638095758
CE_PIECECOORDINATION:0.5722643858775589
CE_MATERIAL:0.5270054586764463
CE_KINGSAFETY:0.4762784141279244
C_PIECESQUARETABLES:0.481567160763493
C_MOBILITY:0.4914233935950839
C_KINGSAFETY:0.5411678571426949
C_PAWNSTRUCTURE:0.5058521019341468
C_PIECECOORDINATION:0.5244568642257548
C_ROOKANDPAWNMOVEMENT:0.5244568642257548
C_CENTERCONTROL:0.5236879576827023
C_DEVELOPPIECES:0.49686992843347266
C_MATERIAL:0.48806930335317006
