ELO:972
CE_PASSEDPAWNS:0.5295561454023324
CE_PAWNWEAKNESSES:0.48556775335648217
CE_PIECEACTIVITY:0.5111778538660599
CE_KINGPAWNSHIELD:0.46215872839697675
CE_PIECECOORDINATION:0.5084771201861861
CE_MATERIAL:0.496829124817079
CE_KINGSAFETY:0.5
C_PIECESQUARETABLES:0.5
C_MOBILITY:0.49633721046091545
C_KINGSAFETY:0.4837358638242074
C_PAWNSTRUCTURE:0.506257933981646
C_PIECECOORDINATION:0.508657632212155
C_ROOK:0.49337626036363696
CE_ROOK:0.49266408791332333
C_CENTERCONTROL:0.5075897685907141
C_DEVELOPPIECES:0.49007460443556417
C_MATERIAL:0.47893279485020873
C_MOVECOUNT:0.5227725104107783
C_PAWNMOVEMENT:0.5069949329040052
