ELO:897
CE_PASSEDPAWNS:0.3985218851175151
CE_PAWNWEAKNESSES:0.3886380822497848
CE_PIECEACTIVITY:0.4961945163621647
CE_KINGPAWNSHIELD:0.38993166827357134
CE_PIECECOORDINATION:0.4828631139867178
CE_MATERIAL:0.5646644105776925
CE_KINGSAFETY:0.5235197369623377
C_PIECESQUARETABLES:0.44640263415452497
C_MOBILITY:0.5148531238284669
C_KINGSAFETY:0.5968737245836369
C_PAWNSTRUCTURE:0.42732836167029187
C_PIECECOORDINATION:0.5128949699065971
C_ROOKANDPAWNMOVEMENT:0.5128949699065971
C_CENTERCONTROL:0.44173601367732723
C_DEVELOPPIECES:0.49228394281810056
C_MATERIAL:0.5130933902409102
