ELO:1066
CE_PASSEDPAWNS:0.39760808220457755
CE_PAWNWEAKNESSES:0.5583042232690997
CE_PIECEACTIVITY:0.39328526738002817
CE_KINGPAWNSHIELD:0.3775288243103192
CE_PIECECOORDINATION:0.5330839209571475
CE_MATERIAL:0.4958252735124981
CE_KINGSAFETY:0.4936949980534656
C_PIECESQUARETABLES:0.5010671859944908
C_MOBILITY:0.495399979109477
C_KINGSAFETY:0.43100497608881894
C_PAWNSTRUCTURE:0.6152965193458078
C_PIECECOORDINATION:0.5327293384323866
C_ROOKANDPAWNMOVEMENT:0.5327293384323866
C_CENTERCONTROL:0.5907122711662551
C_DEVELOPPIECES:0.4803954390173824
C_MATERIAL:0.6035733846588509
