ELO:907
CE_PASSEDPAWNS:0.5018612131259761
CE_PAWNWEAKNESSES:0.4945805927862055
CE_PIECEACTIVITY:0.4941808931151926
CE_KINGPAWNSHIELD:0.4738529626561662
CE_PIECECOORDINATION:0.4427057213586702
CE_MATERIAL:0.43671046263654295
CE_KINGSAFETY:0.519070037722588
C_PIECESQUARETABLES:0.5019425325568423
C_MOBILITY:0.4917134570885112
C_KINGSAFETY:0.49839557526823103
C_PAWNSTRUCTURE:0.5138956469203322
C_PIECECOORDINATION:0.41950349013479943
C_ROOKANDPAWNMOVEMENT:0.41950349013479943
C_CENTERCONTROL:0.5360978994607778
C_DEVELOPPIECES:0.5037832510930562
C_MATERIAL:0.5238486883571862
C_MOVECOUNT:0.5
