ELO:974
CE_PASSEDPAWNS:0.4195789011609007
CE_PAWNWEAKNESSES:0.4460450649347927
CE_PIECEACTIVITY:0.4996445503562885
CE_KINGPAWNSHIELD:0.44325674154020844
CE_PIECECOORDINATION:0.548158654786929
CE_MATERIAL:0.5322873360676483
CE_KINGSAFETY:0.49276058901004255
C_PIECESQUARETABLES:0.5190596178553878
C_MOBILITY:0.5369335031714041
C_KINGSAFETY:0.5001242914425233
C_PAWNSTRUCTURE:0.46394298658009153
C_PIECECOORDINATION:0.5116266627811233
C_ROOKANDPAWNMOVEMENT:0.5116266627811233
C_CENTERCONTROL:0.47441833817431855
C_DEVELOPPIECES:0.5574037830607255
C_MATERIAL:0.4889327599348312
