ELO:1002
CE_PASSEDPAWNS:0.5
CE_PAWNWEAKNESSES:0.49988650082231006
CE_PIECEACTIVITY:0.4878921476942805
CE_KINGPAWNSHIELD:0.5030233393637876
CE_PIECECOORDINATION:0.5036945335374678
CE_MATERIAL:0.4947878463002131
CE_KINGSAFETY:0.5
C_PIECESQUARETABLES:0.5
C_MOBILITY:0.49498764394984734
C_KINGSAFETY:0.5075584024959514
C_PAWNSTRUCTURE:0.5071074479331368
C_PIECECOORDINATION:0.5017827402355219
C_ROOKANDPAWNMOVEMENT:0.5017827402355219
C_CENTERCONTROL:0.5025503972731624
C_DEVELOPPIECES:0.5060965471215689
C_MATERIAL:0.5086965390215665
C_MOVECOUNT:0.48223069832354504
