ELO:996
CE_PASSEDPAWNS:0.4800231729710792
CE_PAWNWEAKNESSES:0.4901150874542358
CE_PIECEACTIVITY:0.4908669004032602
CE_KINGPAWNSHIELD:0.5080079147408497
CE_PIECECOORDINATION:0.492239616961051
CE_MATERIAL:0.5018682245969748
CE_KINGSAFETY:0.4890244159144283
C_PIECESQUARETABLES:0.5093364191277561
C_MOBILITY:0.4883862690151893
C_KINGSAFETY:0.4809527345240484
C_PAWNSTRUCTURE:0.5162407449713404
C_PIECECOORDINATION:0.499314078076426
C_ROOKANDPAWNMOVEMENT:0.499314078076426
C_CENTERCONTROL:0.49360742829278154
C_DEVELOPPIECES:0.49107021331748213
C_MATERIAL:0.50810846634484
C_MOVECOUNT:0.5
