ELO:979
CE_PASSEDPAWNS:0.40563189695258073
CE_PAWNWEAKNESSES:0.4397878139270228
CE_PIECEACTIVITY:0.4976530859777738
CE_KINGPAWNSHIELD:0.46519068267471697
CE_PIECECOORDINATION:0.5613133833645986
CE_MATERIAL:0.5401980309594562
CE_KINGSAFETY:0.4962541715235308
C_PIECESQUARETABLES:0.5019273788845745
C_MOBILITY:0.5260694092075919
C_KINGSAFETY:0.5453554795603243
C_PAWNSTRUCTURE:0.46254783893669316
C_PIECECOORDINATION:0.5355862909941503
C_ROOKANDPAWNMOVEMENT:0.5355862909941503
C_CENTERCONTROL:0.4377036229518435
C_DEVELOPPIECES:0.5450916659185998
C_MATERIAL:0.5160570385881079
