ELO:1022
CE_PASSEDPAWNS:0.5
CE_PAWNWEAKNESSES:0.4885928658219867
CE_PIECEACTIVITY:0.5000281782222658
CE_KINGPAWNSHIELD:0.4902633932932036
CE_PIECECOORDINATION:0.5088961037015689
CE_MATERIAL:0.5083704151890116
CE_KINGSAFETY:0.5012731526401657
C_PIECESQUARETABLES:0.4971732853358136
C_MOBILITY:0.5
C_KINGSAFETY:0.5
C_PAWNSTRUCTURE:0.497351998811893
C_PIECECOORDINATION:0.503824493170479
C_ROOKANDPAWNMOVEMENT:0.503824493170479
C_CENTERCONTROL:0.4805583964823246
C_DEVELOPPIECES:0.49135084863707934
C_MATERIAL:0.5
