ELO:936
CE_PASSEDPAWNS:0.42828284247976195
CE_PAWNWEAKNESSES:0.5961615724699044
CE_PIECEACTIVITY:0.3999242473925075
CE_KINGPAWNSHIELD:0.36423570581551523
CE_PIECECOORDINATION:0.5210148386245432
CE_MATERIAL:0.37407404020850854
CE_KINGSAFETY:0.4673342424827554
C_PIECESQUARETABLES:0.4785734342030039
C_MOBILITY:0.4618293380901582
C_KINGSAFETY:0.36791499504469727
C_PAWNSTRUCTURE:0.5530997913517325
C_PIECECOORDINATION:0.4974559865758075
C_ROOKANDPAWNMOVEMENT:0.4974559865758075
C_CENTERCONTROL:0.5844990769760069
C_DEVELOPPIECES:0.46183628852665526
C_MATERIAL:0.5787518659207053
