ELO:988
CE_PASSEDPAWNS:0.5
CE_PAWNWEAKNESSES:0.5012091890592295
CE_PIECEACTIVITY:0.4878921476942805
CE_KINGPAWNSHIELD:0.504167316648234
CE_PIECECOORDINATION:0.5036945335374678
CE_MATERIAL:0.4947878463002131
CE_KINGSAFETY:0.502384204052023
C_PIECESQUARETABLES:0.5133356569348286
C_MOBILITY:0.4935912429755288
C_KINGSAFETY:0.5077638107787412
C_PAWNSTRUCTURE:0.5071074479331368
C_PIECECOORDINATION:0.5017827402355219
C_ROOKANDPAWNMOVEMENT:0.5017827402355219
C_CENTERCONTROL:0.49445946452893264
C_DEVELOPPIECES:0.5130168685750575
C_MATERIAL:0.5087516772333713
C_MOVECOUNT:0.4855610161095072
