ELO:924
CE_PASSEDPAWNS:0.43277875974321994
CE_PAWNWEAKNESSES:0.591864989403357
CE_PIECEACTIVITY:0.36678495432413427
CE_KINGPAWNSHIELD:0.31328740545386524
CE_PIECECOORDINATION:0.5550521420857965
CE_MATERIAL:0.3764205823251349
CE_KINGSAFETY:0.5017711147887598
C_PIECESQUARETABLES:0.45280663565178453
C_MOBILITY:0.4574309192678312
C_KINGSAFETY:0.3857352365033629
C_PAWNSTRUCTURE:0.499629074475126
C_PIECECOORDINATION:0.5139718158764118
C_ROOKANDPAWNMOVEMENT:0.5139718158764118
C_CENTERCONTROL:0.6194276591064662
C_DEVELOPPIECES:0.46571331681958966
C_MATERIAL:0.5089921122538538
