ELO:864
CE_PASSEDPAWNS:0.505472523425824
CE_PAWNWEAKNESSES:0.4119883704417055
CE_PIECEACTIVITY:0.42676553345822393
CE_KINGPAWNSHIELD:0.5720672911743984
CE_PIECECOORDINATION:0.4219305829334545
CE_MATERIAL:0.5349376779119078
CE_KINGSAFETY:0.5050921857693828
C_PIECESQUARETABLES:0.5067290249581019
C_MOBILITY:0.5235760258870198
C_KINGSAFETY:0.41428972579986645
C_PAWNSTRUCTURE:0.4398839663845194
C_PIECECOORDINATION:0.5411378021653562
C_ROOKANDPAWNMOVEMENT:0.5411378021653562
C_CENTERCONTROL:0.4352320626141785
C_DEVELOPPIECES:0.5042996751465953
C_MATERIAL:0.5615469100563132
C_MOVECOUNT:0.5
