ELO:1094
CE_PASSEDPAWNS:0.3991971043895571
CE_PAWNWEAKNESSES:0.5602840341073697
CE_PIECEACTIVITY:0.39880824121707964
CE_KINGPAWNSHIELD:0.3927090789258446
CE_PIECECOORDINATION:0.5078680336520732
CE_MATERIAL:0.5244628119756342
CE_KINGSAFETY:0.5198184822325248
C_PIECESQUARETABLES:0.4859791586175919
C_MOBILITY:0.47833203937302576
C_KINGSAFETY:0.4503387443144993
C_PAWNSTRUCTURE:0.6175678052661996
C_PIECECOORDINATION:0.5093277946104213
C_ROOKANDPAWNMOVEMENT:0.5093277946104213
C_CENTERCONTROL:0.5867326557998854
C_DEVELOPPIECES:0.4849943479133215
C_MATERIAL:0.6269715113219513
