ELO:929
CE_PASSEDPAWNS:0.49386394765300234
CE_PAWNWEAKNESSES:0.49893070710791493
CE_PIECEACTIVITY:0.519223426770142
CE_KINGPAWNSHIELD:0.5219334334900114
CE_PIECECOORDINATION:0.5028742930300544
CE_MATERIAL:0.505930801756328
CE_KINGSAFETY:0.5
C_PIECESQUARETABLES:0.49981461843991004
C_MOBILITY:0.4679427610515518
C_KINGSAFETY:0.5214110052758144
C_PAWNSTRUCTURE:0.4326476904752159
C_PIECECOORDINATION:0.5041612668861816
C_ROOK:0.4858778025207944
CE_ROOK:0.4660499285558239
C_CENTERCONTROL:0.49886872653892483
C_DEVELOPPIECES:0.4590977650879795
C_MATERIAL:0.5241104662957811
C_MOVECOUNT:0.5007259911149716
C_PAWNMOVEMENT:0.5105508457461941
