ELO:971
CE_PASSEDPAWNS:0.4265868958347866
CE_PAWNWEAKNESSES:0.42529477680350114
CE_PIECEACTIVITY:0.5131507922019727
CE_KINGPAWNSHIELD:0.43408553251688814
CE_PIECECOORDINATION:0.5410154016296008
CE_MATERIAL:0.5486666739665176
CE_KINGSAFETY:0.4976799574533087
C_PIECESQUARETABLES:0.5273524411521557
C_MOBILITY:0.524494923322448
C_KINGSAFETY:0.5265322185636672
C_PAWNSTRUCTURE:0.46130983329263964
C_PIECECOORDINATION:0.5090759880154511
C_ROOKANDPAWNMOVEMENT:0.5090759880154511
C_CENTERCONTROL:0.47403920252940857
C_DEVELOPPIECES:0.5415582727443892
C_MATERIAL:0.5027903699185495
