ELO:1000
CE_PASSEDPAWNS:0.499059711714555
CE_PAWNWEAKNESSES:0.5124925213570389
CE_PIECEACTIVITY:0.5038747125367741
CE_KINGPAWNSHIELD:0.5078877338862825
CE_PIECECOORDINATION:0.5
CE_MATERIAL:0.5054734930030579
CE_KINGSAFETY:0.5043386567702095
C_PIECESQUARETABLES:0.5
C_MOBILITY:0.49141371168931725
C_KINGSAFETY:0.5
C_PAWNSTRUCTURE:0.499294508219774
C_PIECECOORDINATION:0.5
C_ROOKANDPAWNMOVEMENT:0.5
C_CENTERCONTROL:0.5
C_DEVELOPPIECES:0.5
C_MATERIAL:0.48787235296619635
C_MOVECOUNT:0.5
