ELO:977
CE_PASSEDPAWNS:0.5131896969230204
CE_PAWNWEAKNESSES:0.4881465961933876
CE_PIECEACTIVITY:0.49991753961873325
CE_KINGPAWNSHIELD:0.4579932573717711
CE_PIECECOORDINATION:0.48152823762341224
CE_MATERIAL:0.5232708644942681
CE_KINGSAFETY:0.5082693613940809
C_PIECESQUARETABLES:0.5
C_MOBILITY:0.49882578244408027
C_KINGSAFETY:0.49180206052607384
C_PAWNSTRUCTURE:0.4796144213942524
C_PIECECOORDINATION:0.5269807441303749
C_ROOKANDPAWNMOVEMENT:0.5269807441303749
C_CENTERCONTROL:0.5234913702405231
C_DEVELOPPIECES:0.5048618002427689
C_MATERIAL:0.45744823192635764
C_MOVECOUNT:0.5
