ELO:1081
CE_PASSEDPAWNS:0.3898992721560194
CE_PAWNWEAKNESSES:0.557999113437668
CE_PIECEACTIVITY:0.41806214500243855
CE_KINGPAWNSHIELD:0.401947599623856
CE_PIECECOORDINATION:0.49904783316985385
CE_MATERIAL:0.4895568314041043
CE_KINGSAFETY:0.49311931578090623
C_PIECESQUARETABLES:0.5378851437904989
C_MOBILITY:0.5065849593035099
C_KINGSAFETY:0.42520009530182373
C_PAWNSTRUCTURE:0.5819445371222153
C_PIECECOORDINATION:0.5595708253434647
C_ROOKANDPAWNMOVEMENT:0.5595708253434647
C_CENTERCONTROL:0.563693633952371
C_DEVELOPPIECES:0.4711296611281238
C_MATERIAL:0.5891860121025885
