ELO:974
CE_PASSEDPAWNS:0.41499225218398755
CE_PAWNWEAKNESSES:0.45435529719210543
CE_PIECEACTIVITY:0.5643668115633911
CE_KINGPAWNSHIELD:0.5974124423769138
CE_PIECECOORDINATION:0.49858750305281396
CE_MATERIAL:0.5470371607609741
CE_KINGSAFETY:0.5
C_PIECESQUARETABLES:0.5
C_MOBILITY:0.556957796546207
C_KINGSAFETY:0.4251032228605021
C_PAWNSTRUCTURE:0.5511810051279755
C_PIECECOORDINATION:0.5999716532573657
C_ROOKANDPAWNMOVEMENT:0.5999716532573657
C_CENTERCONTROL:0.40305700957598173
C_DEVELOPPIECES:0.49271680245207605
C_MATERIAL:0.5614597031303047
