ELO:1023
CE_PASSEDPAWNS:0.5103907014059215
CE_PAWNWEAKNESSES:0.5
CE_PIECEACTIVITY:0.4895805165681067
CE_KINGPAWNSHIELD:0.506403463367628
CE_PIECECOORDINATION:0.4900093907453584
CE_MATERIAL:0.5076341958169157
CE_KINGSAFETY:0.4984006587332709
C_PIECESQUARETABLES:0.5374954192318202
C_MOBILITY:0.5105187879707429
C_KINGSAFETY:0.488610728329067
C_PAWNSTRUCTURE:0.5
C_PIECECOORDINATION:0.5
C_ROOKANDPAWNMOVEMENT:0.5
C_CENTERCONTROL:0.5083648702201424
C_DEVELOPPIECES:0.5
C_MATERIAL:0.5068518743733311
