ELO:947
CE_PASSEDPAWNS:0.42946270668093167
CE_PAWNWEAKNESSES:0.5850167762773011
CE_PIECEACTIVITY:0.414771431225996
CE_KINGPAWNSHIELD:0.35120356766653066
CE_PIECECOORDINATION:0.535872712524193
CE_MATERIAL:0.3627138746168659
CE_KINGSAFETY:0.5000917535334131
C_PIECESQUARETABLES:0.4956540755020735
C_MOBILITY:0.4667391265840553
C_KINGSAFETY:0.3625889901713402
C_PAWNSTRUCTURE:0.5562483044320383
C_PIECECOORDINATION:0.4863761612445956
C_ROOKANDPAWNMOVEMENT:0.4863761612445956
C_CENTERCONTROL:0.6063094754278894
C_DEVELOPPIECES:0.44889630293901217
C_MATERIAL:0.5657662150331626
