ELO:1000
CE_PASSEDPAWNS:0.42298653645380596
CE_PAWNWEAKNESSES:0.46358463030552177
CE_PIECEACTIVITY:0.5080462131541742
CE_KINGPAWNSHIELD:0.5129148267031799
CE_PIECECOORDINATION:0.5684036654070345
CE_MATERIAL:0.555850455146365
CE_KINGSAFETY:0.4800735777976936
C_PIECESQUARETABLES:0.4669056453812182
C_MOBILITY:0.5166869908201902
C_KINGSAFETY:0.5147713395534801
C_PAWNSTRUCTURE:0.48627121337505014
C_PIECECOORDINATION:0.5233831381977101
C_ROOKANDPAWNMOVEMENT:0.5233831381977101
C_CENTERCONTROL:0.5001099131322498
C_DEVELOPPIECES:0.49912576419697047
C_MATERIAL:0.4828318150386583
