ELO:1000
CE_PASSEDPAWNS:0.4558914236091681
CE_PAWNWEAKNESSES:0.4978512893045251
CE_PIECEACTIVITY:0.5138180459863255
CE_KINGPAWNSHIELD:0.5024142939628712
CE_PIECECOORDINATION:0.5391387300766711
CE_MATERIAL:0.49911649436182015
CE_KINGSAFETY:0.5134218200676283
C_PIECESQUARETABLES:0.4816931058741255
C_MOBILITY:0.5054090379440701
C_KINGSAFETY:0.5389730550728792
C_PAWNSTRUCTURE:0.46717582900714466
C_PIECECOORDINATION:0.5028635584434491
C_ROOKANDPAWNMOVEMENT:0.5028635584434491
C_CENTERCONTROL:0.5118964962711695
C_DEVELOPPIECES:0.4758631227556608
C_MATERIAL:0.4842586503675114
