ELO:1000
CE_PASSEDPAWNS:0.49615330771654687
CE_PAWNWEAKNESSES:0.4968503592612664
CE_PIECEACTIVITY:0.5
CE_KINGPAWNSHIELD:0.5
CE_PIECECOORDINATION:0.5
CE_MATERIAL:0.5
CE_KINGSAFETY:0.4941072807191678
C_PIECESQUARETABLES:0.488893680941885
C_MOBILITY:0.5072230930974505
C_KINGSAFETY:0.5
C_PAWNSTRUCTURE:0.5
C_PIECECOORDINATION:0.5
C_ROOK:0.49353074400829094
CE_ROOK:0.5105569752485172
C_CENTERCONTROL:0.4888801218335178
C_DEVELOPPIECES:0.5
C_MATERIAL:0.49623577747445735
C_MOVECOUNT:0.5
C_PAWNMOVEMENT:0.5003553491719742
