ELO:1000
CE_PASSEDPAWNS:0.4558914236091681
CE_PAWNWEAKNESSES:0.49240421846971083
CE_PIECEACTIVITY:0.5043478558290588
CE_KINGPAWNSHIELD:0.5103264867367244
CE_PIECECOORDINATION:0.5459183234020106
CE_MATERIAL:0.5164866915960664
CE_KINGSAFETY:0.49902638500360574
C_PIECESQUARETABLES:0.481567160763493
C_MOBILITY:0.5054767757935732
C_KINGSAFETY:0.5389730550728792
C_PAWNSTRUCTURE:0.47672096031614564
C_PIECECOORDINATION:0.513457300970636
C_ROOKANDPAWNMOVEMENT:0.513457300970636
C_CENTERCONTROL:0.5118964962711695
C_DEVELOPPIECES:0.4860822103101693
C_MATERIAL:0.4920006492168702
