ELO:947
CE_PASSEDPAWNS:0.4399286408818429
CE_PAWNWEAKNESSES:0.5799081829735474
CE_PIECEACTIVITY:0.386660118378746
CE_KINGPAWNSHIELD:0.37341496337600866
CE_PIECECOORDINATION:0.5101523958106302
CE_MATERIAL:0.3946977903706984
CE_KINGSAFETY:0.505261022089656
C_PIECESQUARETABLES:0.49481128460728024
C_MOBILITY:0.43104533344135326
C_KINGSAFETY:0.35279595801270613
C_PAWNSTRUCTURE:0.5443906571962175
C_PIECECOORDINATION:0.49319235885708446
C_ROOKANDPAWNMOVEMENT:0.49319235885708446
C_CENTERCONTROL:0.5815044634911922
C_DEVELOPPIECES:0.48451280185540113
C_MATERIAL:0.5785051797806077
