ELO:928
CE_PASSEDPAWNS:0.413688589457427
CE_PAWNWEAKNESSES:0.3918466461232464
CE_PIECEACTIVITY:0.5096923667800891
CE_KINGPAWNSHIELD:0.387049008429812
CE_PIECECOORDINATION:0.4993650859662483
CE_MATERIAL:0.5667600939887355
CE_KINGSAFETY:0.5196217916385606
C_PIECESQUARETABLES:0.46849877361753506
C_MOBILITY:0.5003785949924988
C_KINGSAFETY:0.5783229986689953
C_PAWNSTRUCTURE:0.4493890457955055
C_PIECECOORDINATION:0.5020412676562996
C_ROOKANDPAWNMOVEMENT:0.5020412676562996
C_CENTERCONTROL:0.4343995374102872
C_DEVELOPPIECES:0.4989652655592362
C_MATERIAL:0.5208617545904233
