ELO:923
CE_PASSEDPAWNS:0.4885993645045051
CE_PAWNWEAKNESSES:0.5144839903321633
CE_PIECEACTIVITY:0.4956086242604988
CE_KINGPAWNSHIELD:0.5042618986938898
CE_PIECECOORDINATION:0.5004224036611918
CE_MATERIAL:0.4988051013207039
CE_KINGSAFETY:0.48616968773991265
C_PIECESQUARETABLES:0.5490326178799324
C_MOBILITY:0.5145575920159158
C_KINGSAFETY:0.5158234152419499
C_PAWNSTRUCTURE:0.4960925442993341
C_PIECECOORDINATION:0.45166476474986456
C_ROOKANDPAWNMOVEMENT:0.45166476474986456
C_CENTERCONTROL:0.5035197277533484
C_DEVELOPPIECES:0.4951441272501674
C_MATERIAL:0.5024583256353821
C_MOVECOUNT:0.49972435274733573
