ELO:1007
CE_PASSEDPAWNS:0.5
CE_PAWNWEAKNESSES:0.492139048902991
CE_PIECEACTIVITY:0.5
CE_KINGPAWNSHIELD:0.4968774807561835
CE_PIECECOORDINATION:0.49516939331908766
CE_MATERIAL:0.5
CE_KINGSAFETY:0.511349771176633
C_PIECESQUARETABLES:0.5019043485511294
C_MOBILITY:0.4909657867847959
C_KINGSAFETY:0.4931124720676772
C_PAWNSTRUCTURE:0.49003642898225014
C_PIECECOORDINATION:0.5202984714633524
C_ROOKANDPAWNMOVEMENT:0.5202984714633524
C_CENTERCONTROL:0.5163493287155948
C_DEVELOPPIECES:0.4977479225331315
C_MATERIAL:0.505418074447687
C_MOVECOUNT:0.508577417777584
