ELO:1000
CE_PASSEDPAWNS:0.49974058798429755
CE_PAWNWEAKNESSES:0.512102909685366
CE_PIECEACTIVITY:0.511487542468061
CE_KINGPAWNSHIELD:0.49599671277198415
CE_PIECECOORDINATION:0.4958294766117855
CE_MATERIAL:0.48603075190055883
CE_KINGSAFETY:0.5
C_PIECESQUARETABLES:0.5
C_MOBILITY:0.5054926115613504
C_KINGSAFETY:0.4807234559732595
C_PAWNSTRUCTURE:0.5107013458038431
C_PIECECOORDINATION:0.5
C_ROOKANDPAWNMOVEMENT:0.5
C_CENTERCONTROL:0.4802679305039462
C_DEVELOPPIECES:0.5
C_MATERIAL:0.5089225864929606
C_MOVECOUNT:0.4969453794775364
