ELO:951
CE_PASSEDPAWNS:0.48555631895530305
CE_PAWNWEAKNESSES:0.5
CE_PIECEACTIVITY:0.502786829034935
CE_KINGPAWNSHIELD:0.5114438041878646
CE_PIECECOORDINATION:0.5053275308789399
CE_MATERIAL:0.49801489077375394
CE_KINGSAFETY:0.498367226175764
C_PIECESQUARETABLES:0.5271510817789058
C_MOBILITY:0.49607772194954225
C_KINGSAFETY:0.5091993628225269
C_PAWNSTRUCTURE:0.49869980886247756
C_PIECECOORDINATION:0.4920514890470992
C_ROOKANDPAWNMOVEMENT:0.4920514890470992
C_CENTERCONTROL:0.5176358417000338
C_DEVELOPPIECES:0.500439005011945
C_MATERIAL:0.5047672412384473
C_MOVECOUNT:0.4832049380742736
