ELO:1000
CE_PASSEDPAWNS:0.443590699045148
CE_PAWNWEAKNESSES:0.46137129885528083
CE_PIECEACTIVITY:0.506852458890661
CE_KINGPAWNSHIELD:0.5162973609163971
CE_PIECECOORDINATION:0.5658844072450026
CE_MATERIAL:0.5482606771250172
CE_KINGSAFETY:0.48814048744381144
C_PIECESQUARETABLES:0.46718424308746853
C_MOBILITY:0.5024621631978263
C_KINGSAFETY:0.5444601850887391
C_PAWNSTRUCTURE:0.503989650277415
C_PIECECOORDINATION:0.5424337747503964
C_ROOKANDPAWNMOVEMENT:0.5424337747503964
C_CENTERCONTROL:0.5110578318441202
C_DEVELOPPIECES:0.5022972781457881
C_MATERIAL:0.5071141721821565
