ELO:948
CE_PASSEDPAWNS:0.5177238105702854
CE_PAWNWEAKNESSES:0.5235659917112928
CE_PIECEACTIVITY:0.4728524292011401
CE_KINGPAWNSHIELD:0.5337541087802465
CE_PIECECOORDINATION:0.5115634215747243
CE_MATERIAL:0.4868111739820051
CE_KINGSAFETY:0.4984489368763492
C_PIECESQUARETABLES:0.5008038076525191
C_MOBILITY:0.4727319037126021
C_KINGSAFETY:0.49915015698655646
C_PAWNSTRUCTURE:0.44674103044137603
C_PIECECOORDINATION:0.49578980547590773
C_ROOK:0.4810355523642022
CE_ROOK:0.47702167493992265
C_CENTERCONTROL:0.5125823033736578
C_DEVELOPPIECES:0.4797633560573875
C_MATERIAL:0.49779971796614797
C_MOVECOUNT:0.5240296066358329
C_PAWNMOVEMENT:0.5096085719330717
