ELO:986
CE_PASSEDPAWNS:0.508446774228312
CE_PAWNWEAKNESSES:0.5152159049751686
CE_PIECEACTIVITY:0.48591567333554914
CE_KINGPAWNSHIELD:0.49420206365711716
CE_PIECECOORDINATION:0.506944159410383
CE_MATERIAL:0.48401706878860484
CE_KINGSAFETY:0.5
C_PIECESQUARETABLES:0.5
C_MOBILITY:0.48196802437300984
C_KINGSAFETY:0.5066495983925626
C_PAWNSTRUCTURE:0.502932790819361
C_PIECECOORDINATION:0.48837452370711515
C_ROOK:0.5022062614197866
CE_ROOK:0.48881139727124817
C_CENTERCONTROL:0.48797376112897084
C_DEVELOPPIECES:0.466731763139218
C_MATERIAL:0.47542386456521446
C_MOVECOUNT:0.4173840928817699
C_PAWNMOVEMENT:0.5124955770113537
