ELO:1011
CE_PASSEDPAWNS:0.48241880653179736
CE_PAWNWEAKNESSES:0.4916221766043278
CE_PIECEACTIVITY:0.49839912256197433
CE_KINGPAWNSHIELD:0.5064060851060618
CE_PIECECOORDINATION:0.5176265564205077
CE_MATERIAL:0.4784009420084529
CE_KINGSAFETY:0.4938971450163659
C_PIECESQUARETABLES:0.5
C_MOBILITY:0.4991233593513794
C_KINGSAFETY:0.4967419006011262
C_PAWNSTRUCTURE:0.5138837885426465
C_PIECECOORDINATION:0.48997515968996125
C_ROOKANDPAWNMOVEMENT:0.48997515968996125
C_CENTERCONTROL:0.5071720510276275
C_DEVELOPPIECES:0.48076928298778887
C_MATERIAL:0.48037497747591323
C_MOVECOUNT:0.5038995063028369
