ELO:999
CE_PASSEDPAWNS:0.49913286006092844
CE_PAWNWEAKNESSES:0.48862919025931856
CE_PIECEACTIVITY:0.49580416551350703
CE_KINGPAWNSHIELD:0.49290884703350263
CE_PIECECOORDINATION:0.4992007638107029
CE_MATERIAL:0.508798004975944
CE_KINGSAFETY:0.5
C_PIECESQUARETABLES:0.5
C_MOBILITY:0.5013566042206623
C_KINGSAFETY:0.5294001844677743
C_PAWNSTRUCTURE:0.5056550876964464
C_PIECECOORDINATION:0.5110412557350577
C_ROOK:0.5124899745471879
CE_ROOK:0.47752862312895866
C_CENTERCONTROL:0.4968567373122191
C_DEVELOPPIECES:0.5070919579164921
C_MATERIAL:0.4877349526988812
C_MOVECOUNT:0.4971760944247381
C_PAWNMOVEMENT:0.49265270559929947
