ELO:1000
CE_PASSEDPAWNS:0.5405663525358984
CE_PAWNWEAKNESSES:0.5193203030307899
CE_PIECEACTIVITY:0.4750920762147171
CE_KINGPAWNSHIELD:0.4941198110407788
CE_PIECECOORDINATION:0.4483794182516126
CE_MATERIAL:0.5552152645987433
CE_KINGSAFETY:0.4806723832290152
C_PIECESQUARETABLES:0.5304551525759761
C_MOBILITY:0.5970943942711847
C_KINGSAFETY:0.5393830788584046
C_PAWNSTRUCTURE:0.4406745084510874
C_PIECECOORDINATION:0.47836162631768125
C_ROOKANDPAWNMOVEMENT:0.47836162631768125
C_CENTERCONTROL:0.504881267016645
C_DEVELOPPIECES:0.5514569300061453
C_MATERIAL:0.496781793826546
