ELO:885
CE_PASSEDPAWNS:0.49578878292490225
CE_PAWNWEAKNESSES:0.5547667638630788
CE_PIECEACTIVITY:0.4529312154043186
CE_KINGPAWNSHIELD:0.5718945687533955
CE_PIECECOORDINATION:0.4685262389590035
CE_MATERIAL:0.47790512950481606
CE_KINGSAFETY:0.5042828931187037
C_PIECESQUARETABLES:0.5196147373711968
C_MOBILITY:0.41573009390641924
C_KINGSAFETY:0.4834912863954868
C_PAWNSTRUCTURE:0.5033958413124107
C_PIECECOORDINATION:0.5246475539315799
C_ROOKANDPAWNMOVEMENT:0.5246475539315799
C_CENTERCONTROL:0.4907585021861286
C_DEVELOPPIECES:0.51889761147653
C_MATERIAL:0.5273576979650783
C_MOVECOUNT:0.5621824776848285
