ELO:845
CE_PASSEDPAWNS:0.5706203203428845
CE_PAWNWEAKNESSES:0.47613358282811014
CE_PIECEACTIVITY:0.4806712184115626
CE_KINGPAWNSHIELD:0.48416671397113914
CE_PIECECOORDINATION:0.43170538540739445
CE_MATERIAL:0.49436181172791804
CE_KINGSAFETY:0.4895324687411993
C_PIECESQUARETABLES:0.5112663458267248
C_MOBILITY:0.45018229418718175
C_KINGSAFETY:0.5599500545865689
C_PAWNSTRUCTURE:0.5235023972268393
C_PIECECOORDINATION:0.5307878079647889
C_ROOKANDPAWNMOVEMENT:0.5307878079647889
C_CENTERCONTROL:0.5456612602579386
C_DEVELOPPIECES:0.5057457303675205
C_MATERIAL:0.532032733725172
C_MOVECOUNT:0.5
