ELO:1031
CE_PASSEDPAWNS:0.5438429740743952
CE_PAWNWEAKNESSES:0.483415461790615
CE_PIECEACTIVITY:0.5012210520023992
CE_KINGPAWNSHIELD:0.4904458852724681
CE_PIECECOORDINATION:0.511440232155312
CE_MATERIAL:0.4908231845187665
CE_KINGSAFETY:0.5
C_PIECESQUARETABLES:0.5
C_MOBILITY:0.4879524060363921
C_KINGSAFETY:0.501760859317036
C_PAWNSTRUCTURE:0.4767873884047411
C_PIECECOORDINATION:0.5201670512737098
C_ROOK:0.5
CE_ROOK:0.5057558812501163
C_CENTERCONTROL:0.4907432133480504
C_DEVELOPPIECES:0.5066849647137149
C_MATERIAL:0.48217609310393933
C_MOVECOUNT:0.482048177781621
C_PAWNMOVEMENT:0.5029316072697483
