ELO:966
CE_PASSEDPAWNS:0.4894132586485824
CE_PAWNWEAKNESSES:0.5473816662873755
CE_PIECEACTIVITY:0.5039033172257195
CE_KINGPAWNSHIELD:0.4548693229005682
CE_PIECECOORDINATION:0.49122058609281477
CE_MATERIAL:0.5368325034924311
CE_KINGSAFETY:0.5207563147369494
C_PIECESQUARETABLES:0.46200698651950933
C_MOBILITY:0.4946574977419977
C_KINGSAFETY:0.49018806321528186
C_PAWNSTRUCTURE:0.5451546991369398
C_PIECECOORDINATION:0.5378487619021903
C_ROOKANDPAWNMOVEMENT:0.5378487619021903
C_CENTERCONTROL:0.4837485361173888
C_DEVELOPPIECES:0.48986459346162325
C_MATERIAL:0.48226565155238343
