ELO:892
CE_PASSEDPAWNS:0.5230899864921684
CE_PAWNWEAKNESSES:0.5183521182497207
CE_PIECEACTIVITY:0.5209994496916522
CE_KINGPAWNSHIELD:0.49153829566257096
CE_PIECECOORDINATION:0.49265335453348186
CE_MATERIAL:0.5047104157763097
CE_KINGSAFETY:0.5224329900746445
C_PIECESQUARETABLES:0.5241400085180284
C_MOBILITY:0.5518250639873413
C_KINGSAFETY:0.5009426414687976
C_PAWNSTRUCTURE:0.48931831114981744
C_PIECECOORDINATION:0.4951919152084776
C_ROOKANDPAWNMOVEMENT:0.4951919152084776
C_CENTERCONTROL:0.5633882283128219
C_DEVELOPPIECES:0.5335437201293521
C_MATERIAL:0.4925412652272002
C_MOVECOUNT:0.5177748442663488
