ELO:1000
CE_PASSEDPAWNS:0.5372207307693824
CE_PAWNWEAKNESSES:0.5332442049203502
CE_PIECEACTIVITY:0.48104936675468096
CE_KINGPAWNSHIELD:0.49233973067014836
CE_PIECECOORDINATION:0.44024394930003025
CE_MATERIAL:0.5595421009028667
CE_KINGSAFETY:0.4653882524749703
C_PIECESQUARETABLES:0.518206760974476
C_MOBILITY:0.6027946085766215
C_KINGSAFETY:0.5263053783108276
C_PAWNSTRUCTURE:0.43193482703184993
C_PIECECOORDINATION:0.49181956155470136
C_ROOKANDPAWNMOVEMENT:0.49181956155470136
C_CENTERCONTROL:0.5203912859207174
C_DEVELOPPIECES:0.5540646423384196
C_MATERIAL:0.4605353238234761
