ELO:984
CE_PASSEDPAWNS:0.4914714287391109
CE_PAWNWEAKNESSES:0.5
CE_PIECEACTIVITY:0.5
CE_KINGPAWNSHIELD:0.48785821152298725
CE_PIECECOORDINATION:0.4986934724799808
CE_MATERIAL:0.49638582820006677
CE_KINGSAFETY:0.5
C_PIECESQUARETABLES:0.5041981236430534
C_MOBILITY:0.49663627831569956
C_KINGSAFETY:0.5083587850142641
C_PAWNSTRUCTURE:0.5003511364489066
C_PIECECOORDINATION:0.483789410423461
C_ROOKANDPAWNMOVEMENT:0.483789410423461
C_CENTERCONTROL:0.5055578468760137
C_DEVELOPPIECES:0.47103455093714053
C_MATERIAL:0.4924782056805612
