ELO:1022
CE_PASSEDPAWNS:0.5
CE_PAWNWEAKNESSES:0.5163332193743423
CE_PIECEACTIVITY:0.523950262181744
CE_KINGPAWNSHIELD:0.4996356177504011
CE_PIECECOORDINATION:0.50234607234514
CE_MATERIAL:0.5646095539204561
CE_KINGSAFETY:0.5006933427050426
C_PIECESQUARETABLES:0.499646904956183
C_MOBILITY:0.5070281603327611
C_KINGSAFETY:0.48904427316671145
C_PAWNSTRUCTURE:0.5131366787561668
C_PIECECOORDINATION:0.5049700644413454
C_ROOKANDPAWNMOVEMENT:0.5049700644413454
C_CENTERCONTROL:0.5113709462272137
C_DEVELOPPIECES:0.5115483482048415
C_MATERIAL:0.48018656392014075
C_MOVECOUNT:0.5
