ELO:978
CE_PASSEDPAWNS:0.5058078282840387
CE_PAWNWEAKNESSES:0.4883428417659076
CE_PIECEACTIVITY:0.514441182493591
CE_KINGPAWNSHIELD:0.5208868702352752
CE_PIECECOORDINATION:0.4827103554072575
CE_MATERIAL:0.5016101721909854
CE_KINGSAFETY:0.4986363531414988
C_PIECESQUARETABLES:0.5072502676884103
C_MOBILITY:0.5047792322397132
C_KINGSAFETY:0.49882837996327184
C_PAWNSTRUCTURE:0.4903189758439744
C_PIECECOORDINATION:0.5
C_ROOKANDPAWNMOVEMENT:0.5
C_CENTERCONTROL:0.5098846440038717
C_DEVELOPPIECES:0.5
C_MATERIAL:0.501065371607073
C_MOVECOUNT:0.5206544687709506
