ELO:1000
CE_PASSEDPAWNS:0.49814725542327704
CE_PAWNWEAKNESSES:0.508319710858976
CE_PIECEACTIVITY:0.5021165956769557
CE_KINGPAWNSHIELD:0.4771017800477613
CE_PIECECOORDINATION:0.4879365424681443
CE_MATERIAL:0.5011882206862669
CE_KINGSAFETY:0.5106293719931492
C_PIECESQUARETABLES:0.5
C_MOBILITY:0.4655176992061931
C_KINGSAFETY:0.5515368395602082
C_PAWNSTRUCTURE:0.4504147507549285
C_PIECECOORDINATION:0.4487516779322136
C_ROOKANDPAWNMOVEMENT:0.4487516779322136
C_CENTERCONTROL:0.5953585017796564
C_DEVELOPPIECES:0.5082899603189234
C_MATERIAL:0.4778916391878081
C_MOVECOUNT:0.5
