ELO:954
CE_PASSEDPAWNS:0.5331382934665273
CE_PAWNWEAKNESSES:0.5597633680194488
CE_PIECEACTIVITY:0.47011202310625855
CE_KINGPAWNSHIELD:0.4670688738188238
CE_PIECECOORDINATION:0.5034830337460389
CE_MATERIAL:0.5361335662487993
CE_KINGSAFETY:0.5
C_PIECESQUARETABLES:0.5351228253246093
C_MOBILITY:0.4795201249153488
C_KINGSAFETY:0.5076337570851112
C_PAWNSTRUCTURE:0.5404949542850156
C_PIECECOORDINATION:0.5467904133669799
C_ROOKANDPAWNMOVEMENT:0.5467904133669799
C_CENTERCONTROL:0.5026542533664794
C_DEVELOPPIECES:0.4831746559844683
C_MATERIAL:0.47167289671047763
