ELO:958
CE_PASSEDPAWNS:0.5119861628921567
CE_PAWNWEAKNESSES:0.5592196262139018
CE_PIECEACTIVITY:0.49964395691662666
CE_KINGPAWNSHIELD:0.452306637424176
CE_PIECECOORDINATION:0.5038022987610322
CE_MATERIAL:0.5290724661827804
CE_KINGSAFETY:0.5
C_PIECESQUARETABLES:0.5058950705427887
C_MOBILITY:0.47190632779360514
C_KINGSAFETY:0.5030076490663791
C_PAWNSTRUCTURE:0.5394992044245285
C_PIECECOORDINATION:0.530415198178937
C_ROOKANDPAWNMOVEMENT:0.530415198178937
C_CENTERCONTROL:0.5091406269935261
C_DEVELOPPIECES:0.47881783657696037
C_MATERIAL:0.45934735236973173
