ELO:918
CE_PASSEDPAWNS:0.5344378011687246
CE_PAWNWEAKNESSES:0.5546595507201344
CE_PIECEACTIVITY:0.49597761135632806
CE_KINGPAWNSHIELD:0.5453138921775456
CE_PIECECOORDINATION:0.46245382721694883
CE_MATERIAL:0.5261688777890693
CE_KINGSAFETY:0.5
C_PIECESQUARETABLES:0.5
C_MOBILITY:0.5171381145979925
C_KINGSAFETY:0.6162516380773034
C_PAWNSTRUCTURE:0.4688245171482578
C_PIECECOORDINATION:0.5088564445761412
C_ROOKANDPAWNMOVEMENT:0.5088564445761412
C_CENTERCONTROL:0.5436394629977909
C_DEVELOPPIECES:0.5365823330083874
C_MATERIAL:0.5880362001444629
C_MOVECOUNT:0.5
