ELO:1005
CE_PASSEDPAWNS:0.5
CE_PAWNWEAKNESSES:0.5
CE_PIECEACTIVITY:0.5013287453633888
CE_KINGPAWNSHIELD:0.5047320749796208
CE_PIECECOORDINATION:0.5
CE_MATERIAL:0.5154985592831524
CE_KINGSAFETY:0.5374426713774647
C_PIECESQUARETABLES:0.5034129915953007
C_MOBILITY:0.5
C_KINGSAFETY:0.5027851276566405
C_PAWNSTRUCTURE:0.4892231671243149
C_PIECECOORDINATION:0.5
C_ROOKANDPAWNMOVEMENT:0.5
C_CENTERCONTROL:0.5034900685243772
C_DEVELOPPIECES:0.5111766406216924
C_MATERIAL:0.4888265964188156
