ELO:1000
CE_PASSEDPAWNS:0.5375061970229833
CE_PAWNWEAKNESSES:0.5193203030307899
CE_PIECEACTIVITY:0.4839704920548718
CE_KINGPAWNSHIELD:0.4920830332055242
CE_PIECECOORDINATION:0.44124742885091156
CE_MATERIAL:0.5542284027858972
CE_KINGSAFETY:0.4656728373057015
C_PIECESQUARETABLES:0.5457447855327138
C_MOBILITY:0.5852991059625214
C_KINGSAFETY:0.5240425095881879
C_PAWNSTRUCTURE:0.45118489801784745
C_PIECECOORDINATION:0.4802937538953641
C_ROOKANDPAWNMOVEMENT:0.4802937538953641
C_CENTERCONTROL:0.49721224235349754
C_DEVELOPPIECES:0.540992487112516
C_MATERIAL:0.4873537520279663
