ELO:1031
CE_PASSEDPAWNS:0.49446209465903734
CE_PAWNWEAKNESSES:0.5201033280014875
CE_PIECEACTIVITY:0.5093018100212628
CE_KINGPAWNSHIELD:0.46494469660027726
CE_PIECECOORDINATION:0.511440232155312
CE_MATERIAL:0.5042222192627882
CE_KINGSAFETY:0.5
C_PIECESQUARETABLES:0.5
C_MOBILITY:0.5449041839869
C_KINGSAFETY:0.5
C_PAWNSTRUCTURE:0.5
C_PIECECOORDINATION:0.5117530500500119
C_ROOK:0.5
CE_ROOK:0.49256612520847703
C_CENTERCONTROL:0.4852142059805234
C_DEVELOPPIECES:0.501679801712066
C_MATERIAL:0.5
C_MOVECOUNT:0.5063094172742422
C_PAWNMOVEMENT:0.4904676925178619
