ELO:909
CE_PASSEDPAWNS:0.525823468773025
CE_PAWNWEAKNESSES:0.595938430756066
CE_PIECEACTIVITY:0.5221408429900525
CE_KINGPAWNSHIELD:0.43181369181706813
CE_PIECECOORDINATION:0.5708583196095897
CE_MATERIAL:0.530814797271929
CE_KINGSAFETY:0.497670877626871
C_PIECESQUARETABLES:0.45310411059084515
C_MOBILITY:0.38725182482526055
C_KINGSAFETY:0.5166939118681224
C_PAWNSTRUCTURE:0.5858458034850672
C_PIECECOORDINATION:0.5681425358750682
C_ROOKANDPAWNMOVEMENT:0.5681425358750682
C_CENTERCONTROL:0.5138254665935094
C_DEVELOPPIECES:0.4623452472471886
C_MATERIAL:0.4457112412027759
