ELO:1041
CE_PASSEDPAWNS:0.49242581013645026
CE_PAWNWEAKNESSES:0.5144282406224909
CE_PIECEACTIVITY:0.5
CE_KINGPAWNSHIELD:0.5
CE_PIECECOORDINATION:0.47382130774679654
CE_MATERIAL:0.515041540469349
CE_KINGSAFETY:0.5
C_PIECESQUARETABLES:0.5
C_MOBILITY:0.5097156983564551
C_KINGSAFETY:0.5080210108582089
C_PAWNSTRUCTURE:0.5131077141534812
C_PIECECOORDINATION:0.5277443676529991
C_ROOK:0.487693347783809
CE_ROOK:0.4854361812081888
C_CENTERCONTROL:0.48695740813928995
C_DEVELOPPIECES:0.5126867402238015
C_MATERIAL:0.48436583696894464
C_MOVECOUNT:0.5040826182598588
C_PAWNMOVEMENT:0.48282298105511523
