ELO:1000
CE_PASSEDPAWNS:0.5330288136508453
CE_PAWNWEAKNESSES:0.5328214799296386
CE_PIECEACTIVITY:0.47287229065276987
CE_KINGPAWNSHIELD:0.5010471973289792
CE_PIECECOORDINATION:0.44024394930003025
CE_MATERIAL:0.5594459935347298
CE_KINGSAFETY:0.48846936090676135
C_PIECESQUARETABLES:0.5005238645295864
C_MOBILITY:0.5897826673207507
C_KINGSAFETY:0.5253893271992958
C_PAWNSTRUCTURE:0.4289301289249555
C_PIECECOORDINATION:0.4963420399061932
C_ROOKANDPAWNMOVEMENT:0.4963420399061932
C_CENTERCONTROL:0.5167409000502626
C_DEVELOPPIECES:0.5614077702369027
C_MATERIAL:0.4527065055727276
