ELO:991
CE_PASSEDPAWNS:0.4585672612440622
CE_PAWNWEAKNESSES:0.5022940984252625
CE_PIECEACTIVITY:0.49441869185896004
CE_KINGPAWNSHIELD:0.5031750223237406
CE_PIECECOORDINATION:0.5
CE_MATERIAL:0.45123514860353886
CE_KINGSAFETY:0.5053145027483295
C_PIECESQUARETABLES:0.5
C_MOBILITY:0.5160295201892989
C_KINGSAFETY:0.4962594707329172
C_PAWNSTRUCTURE:0.46447935333684687
C_PIECECOORDINATION:0.5094740301217937
C_ROOK:0.5534603778252365
CE_ROOK:0.514062584294319
C_CENTERCONTROL:0.48113747089455305
C_DEVELOPPIECES:0.5079276151367915
C_MATERIAL:0.482391188523246
C_MOVECOUNT:0.5249074339988392
C_PAWNMOVEMENT:0.5004570247684793
