ELO:994
CE_PASSEDPAWNS:0.5052343914607229
CE_PAWNWEAKNESSES:0.5082091199106347
CE_PIECEACTIVITY:0.5071731403900932
CE_KINGPAWNSHIELD:0.5171180012063518
CE_PIECECOORDINATION:0.5023212461776307
CE_MATERIAL:0.5123879459871776
CE_KINGSAFETY:0.5
C_PIECESQUARETABLES:0.5
C_MOBILITY:0.5010110139338757
C_KINGSAFETY:0.48790931007105265
C_PAWNSTRUCTURE:0.48588107622215815
C_PIECECOORDINATION:0.4836331697237667
C_ROOKANDPAWNMOVEMENT:0.4836331697237667
C_CENTERCONTROL:0.487318768356107
C_DEVELOPPIECES:0.4832785852583242
C_MATERIAL:0.5168777380447181
C_MOVECOUNT:0.4762840273477145
