ELO:982
CE_PASSEDPAWNS:0.4027272476893138
CE_PAWNWEAKNESSES:0.5692935887167168
CE_PIECEACTIVITY:0.37665411725788084
CE_KINGPAWNSHIELD:0.47633689553309255
CE_PIECECOORDINATION:0.48668264256729277
CE_MATERIAL:0.5214973722160471
CE_KINGSAFETY:0.4449227022114548
C_PIECESQUARETABLES:0.48253634675649293
C_MOBILITY:0.49208047327226345
C_KINGSAFETY:0.4908514073888004
C_PAWNSTRUCTURE:0.4468229638512859
C_PIECECOORDINATION:0.4803143270996098
C_ROOKANDPAWNMOVEMENT:0.4803143270996098
C_CENTERCONTROL:0.4695235325575804
C_DEVELOPPIECES:0.45792663716785603
C_MATERIAL:0.48811900406284436
