ELO:1000
CE_PASSEDPAWNS:0.5
CE_PAWNWEAKNESSES:0.5
CE_PIECEACTIVITY:0.5
CE_KINGPAWNSHIELD:0.5
CE_PIECECOORDINATION:0.5
CE_MATERIAL:0.49006348772434816
CE_KINGSAFETY:0.5081462939710685
C_PIECESQUARETABLES:0.5035608192662476
C_MOBILITY:0.5
C_KINGSAFETY:0.49370927205701265
C_PAWNSTRUCTURE:0.5
C_PIECECOORDINATION:0.5
C_ROOKANDPAWNMOVEMENT:0.5
C_CENTERCONTROL:0.5086708083229934
C_DEVELOPPIECES:0.4947407902726651
C_MATERIAL:0.5
C_MOVECOUNT:0.5089928252552371
