ELO:949
CE_PASSEDPAWNS:0.5248612146103746
CE_PAWNWEAKNESSES:0.5586692416271236
CE_PIECEACTIVITY:0.4902888687181201
CE_KINGPAWNSHIELD:0.4351713939215463
CE_PIECECOORDINATION:0.5438725043295578
CE_MATERIAL:0.5458032322917282
CE_KINGSAFETY:0.520962359762253
C_PIECESQUARETABLES:0.5035590264614295
C_MOBILITY:0.4667194757857881
C_KINGSAFETY:0.4777423898416392
C_PAWNSTRUCTURE:0.5773016505630572
C_PIECECOORDINATION:0.5442301237738615
C_ROOKANDPAWNMOVEMENT:0.5442301237738615
C_CENTERCONTROL:0.5223933315262973
C_DEVELOPPIECES:0.48286828707003676
C_MATERIAL:0.44217264736248735
