ELO:1006
CE_PASSEDPAWNS:0.512109626541672
CE_PAWNWEAKNESSES:0.47428595834480214
CE_PIECEACTIVITY:0.499727573960409
CE_KINGPAWNSHIELD:0.49315779753528277
CE_PIECECOORDINATION:0.5026234285496076
CE_MATERIAL:0.5145843747666258
CE_KINGSAFETY:0.5
C_PIECESQUARETABLES:0.510011764891797
C_MOBILITY:0.5251143213805427
C_KINGSAFETY:0.5428656191205705
C_PAWNSTRUCTURE:0.5074135238358252
C_PIECECOORDINATION:0.5103809915989065
C_ROOK:0.524028703005296
CE_ROOK:0.47455407013038486
C_CENTERCONTROL:0.4969546341942513
C_DEVELOPPIECES:0.48177125061747883
C_MATERIAL:0.46813238715532574
C_MOVECOUNT:0.4663501433013738
C_PAWNMOVEMENT:0.4940379108028462
