ELO:1028
CE_PASSEDPAWNS:0.5
CE_PAWNWEAKNESSES:0.5112804483978427
CE_PIECEACTIVITY:0.5081439519656143
CE_KINGPAWNSHIELD:0.507309607007652
CE_PIECECOORDINATION:0.4898931753301701
CE_MATERIAL:0.5019000053278772
CE_KINGSAFETY:0.4886740402557143
C_PIECESQUARETABLES:0.507740552043015
C_MOBILITY:0.5092489341314929
C_KINGSAFETY:0.4969403075025108
C_PAWNSTRUCTURE:0.5000575731272907
C_PIECECOORDINATION:0.4665922005310545
C_ROOKANDPAWNMOVEMENT:0.4665922005310545
C_CENTERCONTROL:0.49273409970374293
C_DEVELOPPIECES:0.4818089293695883
C_MATERIAL:0.49476787934666455
C_MOVECOUNT:0.5
