ELO:1005
CE_PASSEDPAWNS:0.49242581013645026
CE_PAWNWEAKNESSES:0.5144282406224909
CE_PIECEACTIVITY:0.4914718395505427
CE_KINGPAWNSHIELD:0.4963099288799084
CE_PIECECOORDINATION:0.5041373305259483
CE_MATERIAL:0.5090341444231582
CE_KINGSAFETY:0.5
C_PIECESQUARETABLES:0.5
C_MOBILITY:0.518517457226229
C_KINGSAFETY:0.4584437279346738
C_PAWNSTRUCTURE:0.4939354896132795
C_PIECECOORDINATION:0.5277443676529991
C_ROOK:0.5426734590129029
CE_ROOK:0.4854361812081888
C_CENTERCONTROL:0.5
C_DEVELOPPIECES:0.46975404843917756
C_MATERIAL:0.48436583696894464
C_MOVECOUNT:0.49937136281783495
C_PAWNMOVEMENT:0.4981881389400676
