ELO:1000
CE_PASSEDPAWNS:0.5
CE_PAWNWEAKNESSES:0.5
CE_PIECEACTIVITY:0.5
CE_KINGPAWNSHIELD:0.5092975492901604
CE_PIECECOORDINATION:0.5
CE_MATERIAL:0.49660803414340243
CE_KINGSAFETY:0.5
C_PIECESQUARETABLES:0.5
C_MOBILITY:0.5
C_KINGSAFETY:0.4938815192790208
C_PAWNSTRUCTURE:0.504003991390294
C_PIECECOORDINATION:0.4993667459524389
C_ROOKANDPAWNMOVEMENT:0.4993667459524389
C_CENTERCONTROL:0.5
C_DEVELOPPIECES:0.5062725358233428
C_MATERIAL:0.4993200378659563
C_MOVECOUNT:0.5
