ELO:981
CE_PASSEDPAWNS:0.467229139037946
CE_PAWNWEAKNESSES:0.5381031088221072
CE_PIECEACTIVITY:0.3808662140685492
CE_KINGPAWNSHIELD:0.44475929368568956
CE_PIECECOORDINATION:0.5091239295354748
CE_MATERIAL:0.5468341693991224
CE_KINGSAFETY:0.4506086360068882
C_PIECESQUARETABLES:0.4647434624789692
C_MOBILITY:0.5269364816638213
C_KINGSAFETY:0.4910943340489685
C_PAWNSTRUCTURE:0.4902189266749197
C_PIECECOORDINATION:0.4941196970392903
C_ROOKANDPAWNMOVEMENT:0.4941196970392903
C_CENTERCONTROL:0.48112806844632827
C_DEVELOPPIECES:0.49685191422607655
C_MATERIAL:0.5637418997766072
