ELO:953
CE_PASSEDPAWNS:0.36949079036311905
CE_PAWNWEAKNESSES:0.5175342140908492
CE_PIECEACTIVITY:0.42829575529350383
CE_KINGPAWNSHIELD:0.4576132371045239
CE_PIECECOORDINATION:0.5023657796193642
CE_MATERIAL:0.5309435907871459
CE_KINGSAFETY:0.5164965971913245
C_PIECESQUARETABLES:0.5056917477384139
C_MOBILITY:0.44784782006911156
C_KINGSAFETY:0.5075098998927804
C_PAWNSTRUCTURE:0.43701529477852613
C_PIECECOORDINATION:0.5284101339264836
C_ROOKANDPAWNMOVEMENT:0.5284101339264836
C_CENTERCONTROL:0.4786123065414193
C_DEVELOPPIECES:0.4139693303004408
C_MATERIAL:0.4917553531947593
