ELO:984
CE_PASSEDPAWNS:0.4282463435211055
CE_PAWNWEAKNESSES:0.5813271164998751
CE_PIECEACTIVITY:0.3630328690644307
CE_KINGPAWNSHIELD:0.4563448117111017
CE_PIECECOORDINATION:0.49748077499562676
CE_MATERIAL:0.5112977142420183
CE_KINGSAFETY:0.4487876262293405
C_PIECESQUARETABLES:0.47088809404745435
C_MOBILITY:0.4853083349276917
C_KINGSAFETY:0.48050413423685073
C_PAWNSTRUCTURE:0.4538033732514633
C_PIECECOORDINATION:0.47076763652880427
C_ROOKANDPAWNMOVEMENT:0.47076763652880427
C_CENTERCONTROL:0.46222719842561016
C_DEVELOPPIECES:0.4542886168091536
C_MATERIAL:0.5097914847808289
