ELO:999
CE_PASSEDPAWNS:0.5244332512797706
CE_PAWNWEAKNESSES:0.542468173637
CE_PIECEACTIVITY:0.5654482419747486
CE_KINGPAWNSHIELD:0.5195603197904886
CE_PIECECOORDINATION:0.43599256910866535
CE_MATERIAL:0.5310658905666655
CE_KINGSAFETY:0.5
C_PIECESQUARETABLES:0.5
C_MOBILITY:0.6387244674038992
C_KINGSAFETY:0.4759171535899082
C_PAWNSTRUCTURE:0.46559632330468387
C_PIECECOORDINATION:0.46568627056804884
C_ROOKANDPAWNMOVEMENT:0.46568627056804884
C_CENTERCONTROL:0.515776804400764
C_DEVELOPPIECES:0.5777227163754834
C_MATERIAL:0.46429134500090236
