ELO:999
CE_PASSEDPAWNS:0.5036031520480178
CE_PAWNWEAKNESSES:0.4838222447191422
CE_PIECEACTIVITY:0.4965692001193829
CE_KINGPAWNSHIELD:0.49217765697975935
CE_PIECECOORDINATION:0.5004590890404493
CE_MATERIAL:0.5145843747666258
CE_KINGSAFETY:0.5017004999982164
C_PIECESQUARETABLES:0.5217762174387723
C_MOBILITY:0.4975243437740207
C_KINGSAFETY:0.533935211328718
C_PAWNSTRUCTURE:0.5147024764719602
C_PIECECOORDINATION:0.4969888387544015
C_ROOK:0.5124174499814705
CE_ROOK:0.4711952597935656
C_CENTERCONTROL:0.4968567373122191
C_DEVELOPPIECES:0.49193783327795987
C_MATERIAL:0.48141639629539557
C_MOVECOUNT:0.4787084490290321
C_PAWNMOVEMENT:0.4965428120548262
