ELO:842
CE_PASSEDPAWNS:0.4944782955484404
CE_PAWNWEAKNESSES:0.5557452532538899
CE_PIECEACTIVITY:0.5173493245418158
CE_KINGPAWNSHIELD:0.5700464360607379
CE_PIECECOORDINATION:0.5555590626946195
CE_MATERIAL:0.46007353583363725
CE_KINGSAFETY:0.499291938535301
C_PIECESQUARETABLES:0.5
C_MOBILITY:0.47938200745788007
C_KINGSAFETY:0.5707140864683119
C_PAWNSTRUCTURE:0.4836596730165633
C_PIECECOORDINATION:0.45406270293541623
C_ROOKANDPAWNMOVEMENT:0.45406270293541623
C_CENTERCONTROL:0.49546902313878655
C_DEVELOPPIECES:0.439694387708118
C_MATERIAL:0.5
C_MOVECOUNT:0.5
