ELO:1001
CE_PASSEDPAWNS:0.5
CE_PAWNWEAKNESSES:0.4897651679560605
CE_PIECEACTIVITY:0.5309746171436114
CE_KINGPAWNSHIELD:0.4976716368216045
CE_PIECECOORDINATION:0.4968268795255067
CE_MATERIAL:0.4958215728186309
CE_KINGSAFETY:0.5056208342117615
C_PIECESQUARETABLES:0.4944377343016055
C_MOBILITY:0.5001688537281401
C_KINGSAFETY:0.5233427999977287
C_PAWNSTRUCTURE:0.46023590068568815
C_PIECECOORDINATION:0.4947072443453427
C_ROOKANDPAWNMOVEMENT:0.4947072443453427
C_CENTERCONTROL:0.4908997101271851
C_DEVELOPPIECES:0.4906236797412561
C_MATERIAL:0.49863821023844235
C_MOVECOUNT:0.5
