ELO:999
CE_PASSEDPAWNS:0.5270284318943671
CE_PAWNWEAKNESSES:0.542468173637
CE_PIECEACTIVITY:0.57492166001154
CE_KINGPAWNSHIELD:0.5071069459031969
CE_PIECECOORDINATION:0.4245019022201379
CE_MATERIAL:0.5422447633067544
CE_KINGSAFETY:0.4921231021514018
C_PIECESQUARETABLES:0.5025021402655504
C_MOBILITY:0.6316269562459104
C_KINGSAFETY:0.4803138722901854
C_PAWNSTRUCTURE:0.46559632330468387
C_PIECECOORDINATION:0.4609328879004055
C_ROOKANDPAWNMOVEMENT:0.4609328879004055
C_CENTERCONTROL:0.5217151606192916
C_DEVELOPPIECES:0.5777227163754834
C_MATERIAL:0.47167359486058685
