ELO:902
CE_PASSEDPAWNS:0.516529866648924
CE_PAWNWEAKNESSES:0.5
CE_PIECEACTIVITY:0.49853738797328256
CE_KINGPAWNSHIELD:0.49206404591472086
CE_PIECECOORDINATION:0.5489823704691442
CE_MATERIAL:0.5807520996021166
CE_KINGSAFETY:0.5
C_PIECESQUARETABLES:0.5
C_MOBILITY:0.5127880390997164
C_KINGSAFETY:0.5450637214925224
C_PAWNSTRUCTURE:0.5029407020473982
C_PIECECOORDINATION:0.509634045703733
C_ROOKANDPAWNMOVEMENT:0.509634045703733
C_CENTERCONTROL:0.48340834779349684
C_DEVELOPPIECES:0.5
C_MATERIAL:0.49580845244734567
C_MOVECOUNT:0.5
