ELO:973
CE_PASSEDPAWNS:0.5204033044651903
CE_PAWNWEAKNESSES:0.4820573605940695
CE_PIECEACTIVITY:0.5126465626156551
CE_KINGPAWNSHIELD:0.44934675453755907
CE_PIECECOORDINATION:0.5
CE_MATERIAL:0.49965872723411137
CE_KINGSAFETY:0.5077971377521014
C_PIECESQUARETABLES:0.4512634732795155
C_MOBILITY:0.4917281510682724
C_KINGSAFETY:0.5448260108788543
C_PAWNSTRUCTURE:0.515932249863852
C_PIECECOORDINATION:0.5059351364175447
C_ROOKANDPAWNMOVEMENT:0.5059351364175447
C_CENTERCONTROL:0.5061954180958997
C_DEVELOPPIECES:0.47953251112207684
C_MATERIAL:0.4856663342916833
