ELO:965
CE_PASSEDPAWNS:0.38956388965407496
CE_PAWNWEAKNESSES:0.5421029645780604
CE_PIECEACTIVITY:0.39349477724351933
CE_KINGPAWNSHIELD:0.4535056704723661
CE_PIECECOORDINATION:0.49303278882569895
CE_MATERIAL:0.5273585979463112
CE_KINGSAFETY:0.5
C_PIECESQUARETABLES:0.5
C_MOBILITY:0.4847026122197437
C_KINGSAFETY:0.5006071273134878
C_PAWNSTRUCTURE:0.4171337958592918
C_PIECECOORDINATION:0.5094241034941539
C_ROOKANDPAWNMOVEMENT:0.5094241034941539
C_CENTERCONTROL:0.4674762897010372
C_DEVELOPPIECES:0.4221015727293615
C_MATERIAL:0.4978518204435152
