ELO:999
CE_PASSEDPAWNS:0.5431073546300551
CE_PAWNWEAKNESSES:0.5486201308480197
CE_PIECEACTIVITY:0.5730973647210651
CE_KINGPAWNSHIELD:0.49981396688040447
CE_PIECECOORDINATION:0.4245019022201379
CE_MATERIAL:0.5403964549485741
CE_KINGSAFETY:0.4986471994564029
C_PIECESQUARETABLES:0.5141943817214625
C_MOBILITY:0.6392971838788603
C_KINGSAFETY:0.4893057862168056
C_PAWNSTRUCTURE:0.4394609364877552
C_PIECECOORDINATION:0.47085004749108794
C_ROOKANDPAWNMOVEMENT:0.47085004749108794
C_CENTERCONTROL:0.5203783848766974
C_DEVELOPPIECES:0.5584185297410511
C_MATERIAL:0.4623514502258018
