ELO:1020
CE_PASSEDPAWNS:0.5331141742555783
CE_PAWNWEAKNESSES:0.5163043396134022
CE_PIECEACTIVITY:0.4832769337496457
CE_KINGPAWNSHIELD:0.4899619522231121
CE_PIECECOORDINATION:0.5
CE_MATERIAL:0.49130699122501675
CE_KINGSAFETY:0.5
C_PIECESQUARETABLES:0.5
C_MOBILITY:0.49617054150946194
C_KINGSAFETY:0.5073744283588497
C_PAWNSTRUCTURE:0.499783538468481
C_PIECECOORDINATION:0.5121076075461656
C_ROOK:0.48168793802197885
CE_ROOK:0.489396336366713
C_CENTERCONTROL:0.5099348967727102
C_DEVELOPPIECES:0.5277752778422563
C_MATERIAL:0.49849828796241874
C_MOVECOUNT:0.5021343610710851
C_PAWNMOVEMENT:0.5104097384420568
