ELO:953
CE_PASSEDPAWNS:0.48563332378124
CE_PAWNWEAKNESSES:0.49735371791517036
CE_PIECEACTIVITY:0.4917966694339656
CE_KINGPAWNSHIELD:0.5190902842542734
CE_PIECECOORDINATION:0.5
CE_MATERIAL:0.5154717427719342
CE_KINGSAFETY:0.4813269460373928
C_PIECESQUARETABLES:0.5260865829334893
C_MOBILITY:0.5007525596180834
C_KINGSAFETY:0.49816507818991906
C_PAWNSTRUCTURE:0.5006033257455353
C_PIECECOORDINATION:0.5281636232458361
C_ROOKANDPAWNMOVEMENT:0.5281636232458361
C_CENTERCONTROL:0.5231695861171646
C_DEVELOPPIECES:0.5090207433291198
C_MATERIAL:0.5128688619132852
C_MOVECOUNT:0.5
