ELO:959
CE_PASSEDPAWNS:0.3726625052257032
CE_PAWNWEAKNESSES:0.4693286124718733
CE_PIECEACTIVITY:0.4708098031642169
CE_KINGPAWNSHIELD:0.41462208229116365
CE_PIECECOORDINATION:0.5038775913053674
CE_MATERIAL:0.5206348960850739
CE_KINGSAFETY:0.5106282024501527
C_PIECESQUARETABLES:0.49457617158744305
C_MOBILITY:0.4181928098380655
C_KINGSAFETY:0.4767720747739764
C_PAWNSTRUCTURE:0.40749980145046255
C_PIECECOORDINATION:0.5445820740353724
C_ROOKANDPAWNMOVEMENT:0.5445820740353724
C_CENTERCONTROL:0.45095311770748214
C_DEVELOPPIECES:0.35776143420003226
C_MATERIAL:0.4487248920900088
