ELO:984
CE_PASSEDPAWNS:0.48277574606987317
CE_PAWNWEAKNESSES:0.505532562030472
CE_PIECEACTIVITY:0.4866382852404687
CE_KINGPAWNSHIELD:0.4589046466339934
CE_PIECECOORDINATION:0.45901770424703825
CE_MATERIAL:0.5381564609335657
CE_KINGSAFETY:0.49632389960400586
C_PIECESQUARETABLES:0.5
C_MOBILITY:0.4780219099294025
C_KINGSAFETY:0.5130259295527491
C_PAWNSTRUCTURE:0.5452911748820017
C_PIECECOORDINATION:0.5356288463908013
C_ROOKANDPAWNMOVEMENT:0.5356288463908013
C_CENTERCONTROL:0.488671752311495
C_DEVELOPPIECES:0.5019366212176763
C_MATERIAL:0.4870869947627052
