ELO:952
CE_PASSEDPAWNS:0.3640765346169881
CE_PAWNWEAKNESSES:0.5044299315845711
CE_PIECEACTIVITY:0.44177216490789767
CE_KINGPAWNSHIELD:0.4417366919036496
CE_PIECECOORDINATION:0.49035708576774467
CE_MATERIAL:0.5265456633936418
CE_KINGSAFETY:0.5210476008994225
C_PIECESQUARETABLES:0.5069189403607637
C_MOBILITY:0.4350421189841836
C_KINGSAFETY:0.5133082430223259
C_PAWNSTRUCTURE:0.42352286299222475
C_PIECECOORDINATION:0.5295139139674087
C_ROOKANDPAWNMOVEMENT:0.5295139139674087
C_CENTERCONTROL:0.46660361983994003
C_DEVELOPPIECES:0.39801065795980745
C_MATERIAL:0.4936716876669452
