ELO:909
CE_PASSEDPAWNS:0.46975143389334906
CE_PAWNWEAKNESSES:0.5496214890796204
CE_PIECEACTIVITY:0.40547551742661875
CE_KINGPAWNSHIELD:0.47623244828831074
CE_PIECECOORDINATION:0.4895625754806853
CE_MATERIAL:0.46810170930869444
CE_KINGSAFETY:0.4981091318703133
C_PIECESQUARETABLES:0.500200494320376
C_MOBILITY:0.46249203275278183
C_KINGSAFETY:0.42640404092802614
C_PAWNSTRUCTURE:0.6269730780924282
C_PIECECOORDINATION:0.46359172857713205
C_ROOKANDPAWNMOVEMENT:0.46359172857713205
C_CENTERCONTROL:0.4979932412088788
C_DEVELOPPIECES:0.5360651476170001
C_MATERIAL:0.5011347820590365
