ELO:1000
CE_PASSEDPAWNS:0.4676855961634146
CE_PAWNWEAKNESSES:0.5126228186027674
CE_PIECEACTIVITY:0.5569684983221233
CE_KINGPAWNSHIELD:0.4722981663448002
CE_PIECECOORDINATION:0.48082181572128174
CE_MATERIAL:0.47264213337637007
CE_KINGSAFETY:0.48408191936140443
C_PIECESQUARETABLES:0.506929770495076
C_MOBILITY:0.50712839362617
C_KINGSAFETY:0.4836186591537676
C_PAWNSTRUCTURE:0.4861273429172755
C_PIECECOORDINATION:0.5258785502485451
C_ROOKANDPAWNMOVEMENT:0.5258785502485451
C_CENTERCONTROL:0.4876148144269454
C_DEVELOPPIECES:0.47157589842967473
C_MATERIAL:0.4896456697371198
