ELO:818
CE_PASSEDPAWNS:0.43290180544832774
CE_PAWNWEAKNESSES:0.47784886153490636
CE_PIECEACTIVITY:0.5225665317171049
CE_KINGPAWNSHIELD:0.5401367028589341
CE_PIECECOORDINATION:0.6027568723011766
CE_MATERIAL:0.5349929707842502
CE_KINGSAFETY:0.46699660131058485
C_PIECESQUARETABLES:0.5134505880569208
C_MOBILITY:0.5116101305085697
C_KINGSAFETY:0.4603312954017466
C_PAWNSTRUCTURE:0.5009262510808388
C_PIECECOORDINATION:0.5336085531587008
C_ROOKANDPAWNMOVEMENT:0.5336085531587008
C_CENTERCONTROL:0.5011435324104887
C_DEVELOPPIECES:0.5582450624401669
C_MATERIAL:0.4409996343163662
C_MOVECOUNT:0.5
