ELO:906
CE_PASSEDPAWNS:0.5060566175590989
CE_PAWNWEAKNESSES:0.5519697971686939
CE_PIECEACTIVITY:0.584369568749525
CE_KINGPAWNSHIELD:0.4617602285249821
CE_PIECECOORDINATION:0.40720403688598256
CE_MATERIAL:0.4531041218409616
CE_KINGSAFETY:0.517338338340082
C_PIECESQUARETABLES:0.45354698544931993
C_MOBILITY:0.46050033465711593
C_KINGSAFETY:0.5174669565977985
C_PAWNSTRUCTURE:0.48261098179190265
C_PIECECOORDINATION:0.5015968957810045
C_ROOKANDPAWNMOVEMENT:0.5015968957810045
C_CENTERCONTROL:0.5599955430304538
C_DEVELOPPIECES:0.4034232970859917
C_MATERIAL:0.4904782688021539
