ELO:866
CE_PASSEDPAWNS:0.4865508467162466
CE_PAWNWEAKNESSES:0.5276668319020928
CE_PIECEACTIVITY:0.3941535205958417
CE_KINGPAWNSHIELD:0.5103917599186774
CE_PIECECOORDINATION:0.4817924215491663
CE_MATERIAL:0.5090064357361117
CE_KINGSAFETY:0.5178621998245616
C_PIECESQUARETABLES:0.4542981061974657
C_MOBILITY:0.4989412624236372
C_KINGSAFETY:0.4613049304490247
C_PAWNSTRUCTURE:0.5553390473378191
C_PIECECOORDINATION:0.5158592813820346
C_ROOKANDPAWNMOVEMENT:0.5158592813820346
C_CENTERCONTROL:0.48423330429642686
C_DEVELOPPIECES:0.4696245747454444
C_MATERIAL:0.4492197071265107
C_MOVECOUNT:0.5256011794442728
