ELO:982
CE_PASSEDPAWNS:0.47590734393482925
CE_PAWNWEAKNESSES:0.5
CE_PIECEACTIVITY:0.5099501642304477
CE_KINGPAWNSHIELD:0.48751336647667365
CE_PIECECOORDINATION:0.5
CE_MATERIAL:0.4678624594993997
CE_KINGSAFETY:0.48634334895621983
C_PIECESQUARETABLES:0.5276981569980445
C_MOBILITY:0.5119777476462124
C_KINGSAFETY:0.5086574358016107
C_PAWNSTRUCTURE:0.49599070833573206
C_PIECECOORDINATION:0.49740202091257707
C_ROOKANDPAWNMOVEMENT:0.49740202091257707
C_CENTERCONTROL:0.49904386562332115
C_DEVELOPPIECES:0.5011173205163661
C_MATERIAL:0.43553416563675723
C_MOVECOUNT:0.5
