ELO:927
CE_PASSEDPAWNS:0.4795604118951795
CE_PAWNWEAKNESSES:0.4816389977767957
CE_PIECEACTIVITY:0.5031263286869068
CE_KINGPAWNSHIELD:0.5207312835502415
CE_PIECECOORDINATION:0.5176909902958675
CE_MATERIAL:0.5019800139895901
CE_KINGSAFETY:0.49144404981169604
C_PIECESQUARETABLES:0.5014714574192041
C_MOBILITY:0.4771933459636749
C_KINGSAFETY:0.4423128960951972
C_PAWNSTRUCTURE:0.48308667826254853
C_PIECECOORDINATION:0.4711720655261929
C_ROOKANDPAWNMOVEMENT:0.4711720655261929
C_CENTERCONTROL:0.4679841018427003
C_DEVELOPPIECES:0.4770236622551155
C_MATERIAL:0.4879290387172038
C_MOVECOUNT:0.5
