ELO:896
CE_PASSEDPAWNS:0.48918200583157645
CE_PAWNWEAKNESSES:0.5351779819495093
CE_PIECEACTIVITY:0.4111645851128276
CE_KINGPAWNSHIELD:0.4387844641289719
CE_PIECECOORDINATION:0.5144729446646695
CE_MATERIAL:0.449306956526827
CE_KINGSAFETY:0.5284644192877053
C_PIECESQUARETABLES:0.4728159521397196
C_MOBILITY:0.46159408205185554
C_KINGSAFETY:0.37786806717809057
C_PAWNSTRUCTURE:0.6470294775133977
C_PIECECOORDINATION:0.440689359494466
C_ROOKANDPAWNMOVEMENT:0.440689359494466
C_CENTERCONTROL:0.510453304444317
C_DEVELOPPIECES:0.6233805130490988
C_MATERIAL:0.4853027948073485
