ELO:930
CE_PASSEDPAWNS:0.4606460582583382
CE_PAWNWEAKNESSES:0.5775861466676951
CE_PIECEACTIVITY:0.40816573264809347
CE_KINGPAWNSHIELD:0.4803738923759781
CE_PIECECOORDINATION:0.4960801875697106
CE_MATERIAL:0.4566610072375114
CE_KINGSAFETY:0.5
C_PIECESQUARETABLES:0.4975102658775475
C_MOBILITY:0.4495009316902024
C_KINGSAFETY:0.41555302151758655
C_PAWNSTRUCTURE:0.6175283704472546
C_PIECECOORDINATION:0.4600332869274808
C_ROOKANDPAWNMOVEMENT:0.4600332869274808
C_CENTERCONTROL:0.5039087741002123
C_DEVELOPPIECES:0.5439619151703973
C_MATERIAL:0.5000714343249609
