ELO:1011
CE_PASSEDPAWNS:0.5
CE_PAWNWEAKNESSES:0.4974298451062241
CE_PIECEACTIVITY:0.48762767027954573
CE_KINGPAWNSHIELD:0.5
CE_PIECECOORDINATION:0.5061885497679982
CE_MATERIAL:0.509606543532526
CE_KINGSAFETY:0.5121999223032231
C_PIECESQUARETABLES:0.5
C_MOBILITY:0.509739379155854
C_KINGSAFETY:0.5110644406930029
C_PAWNSTRUCTURE:0.5028577173415326
C_PIECECOORDINATION:0.5
C_ROOKANDPAWNMOVEMENT:0.5
C_CENTERCONTROL:0.4803350076026154
C_DEVELOPPIECES:0.5019569867145538
C_MATERIAL:0.5008726142166315
