ELO:1000
CE_PASSEDPAWNS:0.47577372042256455
CE_PAWNWEAKNESSES:0.49486106522466733
CE_PIECEACTIVITY:0.5096356882326336
CE_KINGPAWNSHIELD:0.48597783725054994
CE_PIECECOORDINATION:0.48903525883108606
CE_MATERIAL:0.5193214445378614
CE_KINGSAFETY:0.476488899730157
C_PIECESQUARETABLES:0.5028832543626656
C_MOBILITY:0.5208565226708444
C_KINGSAFETY:0.47179924027513964
C_PAWNSTRUCTURE:0.5099887802127047
C_PIECECOORDINATION:0.4676211963113012
C_ROOKANDPAWNMOVEMENT:0.4676211963113012
C_CENTERCONTROL:0.47754693164838136
C_DEVELOPPIECES:0.4948790247455259
C_MATERIAL:0.521466077509067
