ELO:888
CE_PASSEDPAWNS:0.5143168957948641
CE_PAWNWEAKNESSES:0.502127246637525
CE_PIECEACTIVITY:0.5307897075826107
CE_KINGPAWNSHIELD:0.49145814416304384
CE_PIECECOORDINATION:0.515979489764534
CE_MATERIAL:0.5811472122661177
CE_KINGSAFETY:0.49978370534750965
C_PIECESQUARETABLES:0.484807807162595
C_MOBILITY:0.584063424262182
C_KINGSAFETY:0.5578665568968345
C_PAWNSTRUCTURE:0.5101713086140162
C_PIECECOORDINATION:0.5128538808736112
C_ROOKANDPAWNMOVEMENT:0.5128538808736112
C_CENTERCONTROL:0.5127431738261089
C_DEVELOPPIECES:0.5326551873113862
C_MATERIAL:0.43000898905012863
C_MOVECOUNT:0.5
