ELO:902
CE_PASSEDPAWNS:0.5309434417006937
CE_PAWNWEAKNESSES:0.5037183333298718
CE_PIECEACTIVITY:0.492992380385194
CE_KINGPAWNSHIELD:0.5117833161285117
CE_PIECECOORDINATION:0.45000878313914316
CE_MATERIAL:0.46288105155981085
CE_KINGSAFETY:0.5
C_PIECESQUARETABLES:0.5096121121299364
C_MOBILITY:0.5248849225847201
C_KINGSAFETY:0.4851260304262182
C_PAWNSTRUCTURE:0.44529051505557155
C_PIECECOORDINATION:0.4791722020824412
C_ROOK:0.4321610838232477
CE_ROOK:0.48383672239417114
C_CENTERCONTROL:0.5090310944551076
C_DEVELOPPIECES:0.5407598492097183
C_MATERIAL:0.5100455081654848
C_MOVECOUNT:0.5197987729864351
C_PAWNMOVEMENT:0.48849813171114087
