ELO:987
CE_PASSEDPAWNS:0.5457345729423272
CE_PAWNWEAKNESSES:0.4785733432495766
CE_PIECEACTIVITY:0.5975814565428466
CE_KINGPAWNSHIELD:0.542603462243025
CE_PIECECOORDINATION:0.5138962178399454
CE_MATERIAL:0.4618128218489263
CE_KINGSAFETY:0.4958271230225186
C_PIECESQUARETABLES:0.49744465209970073
C_MOBILITY:0.580479941274235
C_KINGSAFETY:0.5224078757218977
C_PAWNSTRUCTURE:0.6263873882017414
C_PIECECOORDINATION:0.49481266204964397
C_ROOKANDPAWNMOVEMENT:0.49481266204964397
C_CENTERCONTROL:0.3628208528192532
C_DEVELOPPIECES:0.4410905156332712
C_MATERIAL:0.6201906658387899
