ELO:945
CE_PASSEDPAWNS:0.5058930379192533
CE_PAWNWEAKNESSES:0.49626819784637544
CE_PIECEACTIVITY:0.5140542183667866
CE_KINGPAWNSHIELD:0.4812873778604
CE_PIECECOORDINATION:0.488476202367024
CE_MATERIAL:0.524407283856657
CE_KINGSAFETY:0.4981641675031357
C_PIECESQUARETABLES:0.5227484420074516
C_MOBILITY:0.49658038195539184
C_KINGSAFETY:0.4885944957182115
C_PAWNSTRUCTURE:0.48450834482644556
C_PIECECOORDINATION:0.5408217896087035
C_ROOK:0.4975216543356114
CE_ROOK:0.5210295397635082
C_CENTERCONTROL:0.5164525396202762
C_DEVELOPPIECES:0.48563110061786596
C_MATERIAL:0.532277142271693
C_MOVECOUNT:0.528404674897618
C_PAWNMOVEMENT:0.4932711176658629
