ELO:1020
CE_PASSEDPAWNS:0.4984997249495993
CE_PAWNWEAKNESSES:0.5089262315892731
CE_PIECEACTIVITY:0.49441869185896004
CE_KINGPAWNSHIELD:0.507416621757583
CE_PIECECOORDINATION:0.5
CE_MATERIAL:0.5113046221875883
CE_KINGSAFETY:0.5
C_PIECESQUARETABLES:0.5
C_MOBILITY:0.5080833711600587
C_KINGSAFETY:0.5012416641108047
C_PAWNSTRUCTURE:0.48658954673136806
C_PIECECOORDINATION:0.5
C_ROOK:0.5
CE_ROOK:0.5
C_CENTERCONTROL:0.5
C_DEVELOPPIECES:0.5050938281717093
C_MATERIAL:0.48490000541775624
C_MOVECOUNT:0.4936270663071781
C_PAWNMOVEMENT:0.5
