ELO:885
CE_PASSEDPAWNS:0.5078270134605125
CE_PAWNWEAKNESSES:0.5000225078214617
CE_PIECEACTIVITY:0.5350057481395676
CE_KINGPAWNSHIELD:0.4657653073749538
CE_PIECECOORDINATION:0.5014680283707531
CE_MATERIAL:0.5444430168639676
CE_KINGSAFETY:0.5067482989859793
C_PIECESQUARETABLES:0.5224567246462651
C_MOBILITY:0.5199309021043718
C_KINGSAFETY:0.5195775423213052
C_PAWNSTRUCTURE:0.5086024708857991
C_PIECECOORDINATION:0.5076861186928674
C_ROOKANDPAWNMOVEMENT:0.5076861186928674
C_CENTERCONTROL:0.5125669701230804
C_DEVELOPPIECES:0.5297543782720235
C_MATERIAL:0.48202251088446346
C_MOVECOUNT:0.5
