ELO:936
CE_PASSEDPAWNS:0.4828953582687981
CE_PAWNWEAKNESSES:0.501534204179885
CE_PIECEACTIVITY:0.4498795893621768
CE_KINGPAWNSHIELD:0.5105003063205861
CE_PIECECOORDINATION:0.48178634242636337
CE_MATERIAL:0.5029232385497989
CE_KINGSAFETY:0.4924865862285753
C_PIECESQUARETABLES:0.4827930508737365
C_MOBILITY:0.49069976480119754
C_KINGSAFETY:0.4555251502440498
C_PAWNSTRUCTURE:0.48431104750914317
C_PIECECOORDINATION:0.497393698502741
C_ROOKANDPAWNMOVEMENT:0.497393698502741
C_CENTERCONTROL:0.4670477938524664
C_DEVELOPPIECES:0.509020121666027
C_MATERIAL:0.481713378071642
C_MOVECOUNT:0.5
