ELO:1000
CE_PASSEDPAWNS:0.44351160905955794
CE_PAWNWEAKNESSES:0.48238968610366134
CE_PIECEACTIVITY:0.5270820891230099
CE_KINGPAWNSHIELD:0.48020989129075775
CE_PIECECOORDINATION:0.45350018969275085
CE_MATERIAL:0.4623931647720305
CE_KINGSAFETY:0.49576043318288515
C_PIECESQUARETABLES:0.48634253084091383
C_MOBILITY:0.479263621929055
C_KINGSAFETY:0.44013296019426384
C_PAWNSTRUCTURE:0.4669529354558781
C_PIECECOORDINATION:0.5122336337124588
C_ROOKANDPAWNMOVEMENT:0.5122336337124588
C_CENTERCONTROL:0.5224085574781658
C_DEVELOPPIECES:0.47118928344583016
C_MATERIAL:0.45345161416767177
