ELO:938
CE_PASSEDPAWNS:0.34865478513342524
CE_PAWNWEAKNESSES:0.46971817967637974
CE_PIECEACTIVITY:0.5543372668155409
CE_KINGPAWNSHIELD:0.43274412541138685
CE_PIECECOORDINATION:0.3921120836023389
CE_MATERIAL:0.44216042600664024
CE_KINGSAFETY:0.5147949798194628
C_PIECESQUARETABLES:0.5094049100261152
C_MOBILITY:0.5021573651083796
C_KINGSAFETY:0.4141611653540146
C_PAWNSTRUCTURE:0.3856258902132859
C_PIECECOORDINATION:0.524889657153125
C_ROOKANDPAWNMOVEMENT:0.524889657153125
C_CENTERCONTROL:0.5071789032494322
C_DEVELOPPIECES:0.58738542326972
C_MATERIAL:0.4099251112690468
