ELO:1013
CE_PASSEDPAWNS:0.5
CE_PAWNWEAKNESSES:0.4991377224527641
CE_PIECEACTIVITY:0.5310588986965643
CE_KINGPAWNSHIELD:0.5137848455294189
CE_PIECECOORDINATION:0.5080248208707482
CE_MATERIAL:0.5
CE_KINGSAFETY:0.4980576604413889
C_PIECESQUARETABLES:0.5
C_MOBILITY:0.5054585447749205
C_KINGSAFETY:0.500278208249404
C_PAWNSTRUCTURE:0.4924708474229369
C_PIECECOORDINATION:0.5
C_ROOKANDPAWNMOVEMENT:0.5
C_CENTERCONTROL:0.5
C_DEVELOPPIECES:0.4951509945159276
C_MATERIAL:0.5163258717147602
C_MOVECOUNT:0.48949228729439775
