ELO:1000
CE_PASSEDPAWNS:0.46228199369967127
CE_PAWNWEAKNESSES:0.4880716489815474
CE_PIECEACTIVITY:0.5385660168762137
CE_KINGPAWNSHIELD:0.5044283298958974
CE_PIECECOORDINATION:0.45350018969275085
CE_MATERIAL:0.4586898351225228
CE_KINGSAFETY:0.4705037117734528
C_PIECESQUARETABLES:0.48857712133925535
C_MOBILITY:0.4809475283153059
C_KINGSAFETY:0.4572024074905128
C_PAWNSTRUCTURE:0.4665450275996331
C_PIECECOORDINATION:0.5122336337124588
C_ROOKANDPAWNMOVEMENT:0.5122336337124588
C_CENTERCONTROL:0.5125704857058768
C_DEVELOPPIECES:0.47118928344583016
C_MATERIAL:0.46760778453207175
