ELO:957
CE_PASSEDPAWNS:0.3889757825469879
CE_PAWNWEAKNESSES:0.4645745789073195
CE_PIECEACTIVITY:0.5871850028432284
CE_KINGPAWNSHIELD:0.4393438450207511
CE_PIECECOORDINATION:0.39297674647072883
CE_MATERIAL:0.4503772817665348
CE_KINGSAFETY:0.46715477352773577
C_PIECESQUARETABLES:0.47474204994431857
C_MOBILITY:0.5039101379001476
C_KINGSAFETY:0.4623884959028902
C_PAWNSTRUCTURE:0.3764781690294203
C_PIECECOORDINATION:0.5268833281901061
C_ROOKANDPAWNMOVEMENT:0.5268833281901061
C_CENTERCONTROL:0.5276460412735785
C_DEVELOPPIECES:0.5241756788004782
C_MATERIAL:0.3794767816843025
