ELO:966
CE_PASSEDPAWNS:0.4659862361899614
CE_PAWNWEAKNESSES:0.542258732619516
CE_PIECEACTIVITY:0.4413698833196571
CE_KINGPAWNSHIELD:0.4947233332272454
CE_PIECECOORDINATION:0.5024240783036769
CE_MATERIAL:0.45139088879220796
CE_KINGSAFETY:0.48914190000667
C_PIECESQUARETABLES:0.5122815424894107
C_MOBILITY:0.4152711640138829
C_KINGSAFETY:0.4355648724467743
C_PAWNSTRUCTURE:0.5979780976061035
C_PIECECOORDINATION:0.4463920229693528
C_ROOKANDPAWNMOVEMENT:0.4463920229693528
C_CENTERCONTROL:0.5168350389429736
C_DEVELOPPIECES:0.5423887168827491
C_MATERIAL:0.4963262081105916
