ELO:846
CE_PASSEDPAWNS:0.5135169392617742
CE_PAWNWEAKNESSES:0.5086509657125642
CE_PIECEACTIVITY:0.5366392394166465
CE_KINGPAWNSHIELD:0.4890020182482203
CE_PIECECOORDINATION:0.5174009384997266
CE_MATERIAL:0.5681000498364667
CE_KINGSAFETY:0.4891091686274469
C_PIECESQUARETABLES:0.49000676583373104
C_MOBILITY:0.5437522891404771
C_KINGSAFETY:0.5436943014973802
C_PAWNSTRUCTURE:0.4941993231795662
C_PIECECOORDINATION:0.49819114330018677
C_ROOKANDPAWNMOVEMENT:0.49819114330018677
C_CENTERCONTROL:0.515154789936517
C_DEVELOPPIECES:0.5407343463286449
C_MATERIAL:0.44189693964406995
C_MOVECOUNT:0.5
