ELO:958
CE_PASSEDPAWNS:0.3732045518394072
CE_PAWNWEAKNESSES:0.44748488517271545
CE_PIECEACTIVITY:0.6014982208144138
CE_KINGPAWNSHIELD:0.4885631978986352
CE_PIECECOORDINATION:0.4161998822997168
CE_MATERIAL:0.46939961181968703
CE_KINGSAFETY:0.5075275552914413
C_PIECESQUARETABLES:0.4946830914744496
C_MOBILITY:0.5223855441918385
C_KINGSAFETY:0.4517190248883993
C_PAWNSTRUCTURE:0.4543581849685372
C_PIECECOORDINATION:0.5355045963954926
C_ROOKANDPAWNMOVEMENT:0.5355045963954926
C_CENTERCONTROL:0.5194319851466425
C_DEVELOPPIECES:0.506256734944182
C_MATERIAL:0.41419147792914845
