ELO:1012
CE_PASSEDPAWNS:0.5067212358489314
CE_PAWNWEAKNESSES:0.5
CE_PIECEACTIVITY:0.4986163519288796
CE_KINGPAWNSHIELD:0.5092371208598846
CE_PIECECOORDINATION:0.4950007300197845
CE_MATERIAL:0.4877936927601707
CE_KINGSAFETY:0.4998429376838987
C_PIECESQUARETABLES:0.507381620215087
C_MOBILITY:0.5
C_KINGSAFETY:0.49861860869754215
C_PAWNSTRUCTURE:0.48658954673136806
C_PIECECOORDINATION:0.5108897887253867
C_ROOK:0.5
CE_ROOK:0.49723982626595864
C_CENTERCONTROL:0.5
C_DEVELOPPIECES:0.5050938281717093
C_MATERIAL:0.48490000541775624
C_MOVECOUNT:0.5047292587509674
C_PAWNMOVEMENT:0.5
