ELO:988
CE_PASSEDPAWNS:0.4491357632303273
CE_PAWNWEAKNESSES:0.4827432701439316
CE_PIECEACTIVITY:0.4546974814295918
CE_KINGPAWNSHIELD:0.49946201810493196
CE_PIECECOORDINATION:0.5129381238947021
CE_MATERIAL:0.43943329057816893
CE_KINGSAFETY:0.5119164823499802
C_PIECESQUARETABLES:0.44888437872928016
C_MOBILITY:0.4208449762224851
C_KINGSAFETY:0.43208148326105267
C_PAWNSTRUCTURE:0.5687225546104544
C_PIECECOORDINATION:0.4648879957068591
C_ROOKANDPAWNMOVEMENT:0.4648879957068591
C_CENTERCONTROL:0.5080936506518564
C_DEVELOPPIECES:0.5510999756941348
C_MATERIAL:0.4682671036596147
