ELO:800
CE_PASSEDPAWNS:0.43392037511564285
CE_PAWNWEAKNESSES:0.489898345626153
CE_PIECEACTIVITY:0.5204764168120516
CE_KINGPAWNSHIELD:0.5439780202086977
CE_PIECECOORDINATION:0.5953505259213451
CE_MATERIAL:0.5171209233538344
CE_KINGSAFETY:0.48805546869989513
C_PIECESQUARETABLES:0.5240537797669276
C_MOBILITY:0.5116766758271447
C_KINGSAFETY:0.46080004705991995
C_PAWNSTRUCTURE:0.5087974622861444
C_PIECECOORDINATION:0.4979767739775699
C_ROOKANDPAWNMOVEMENT:0.4979767739775699
C_CENTERCONTROL:0.4983291453290381
C_DEVELOPPIECES:0.5517255602646228
C_MATERIAL:0.4121279476072437
C_MOVECOUNT:0.5
