ELO:1000
CE_PASSEDPAWNS:0.4909965852435336
CE_PAWNWEAKNESSES:0.48684523702577553
CE_PIECEACTIVITY:0.5037102749320727
CE_KINGPAWNSHIELD:0.503328909132277
CE_PIECECOORDINATION:0.48094083852495817
CE_MATERIAL:0.5129426500066497
CE_KINGSAFETY:0.48046593607374666
C_PIECESQUARETABLES:0.5020878500832253
C_MOBILITY:0.5147251144307363
C_KINGSAFETY:0.4874575143584461
C_PAWNSTRUCTURE:0.48297244771087783
C_PIECECOORDINATION:0.5040778601340578
C_ROOKANDPAWNMOVEMENT:0.5040778601340578
C_CENTERCONTROL:0.48500347050770926
C_DEVELOPPIECES:0.5081723556345262
C_MATERIAL:0.5213715074629149
