ELO:945
CE_PASSEDPAWNS:0.41164722261637854
CE_PAWNWEAKNESSES:0.4606277700097079
CE_PIECEACTIVITY:0.5857468689690869
CE_KINGPAWNSHIELD:0.4489894191129167
CE_PIECECOORDINATION:0.4060000051828875
CE_MATERIAL:0.4387600442498498
CE_KINGSAFETY:0.5489805020928334
C_PIECESQUARETABLES:0.5003617356648453
C_MOBILITY:0.5123148561791164
C_KINGSAFETY:0.47776144787252445
C_PAWNSTRUCTURE:0.40189794631536047
C_PIECECOORDINATION:0.5463897666051437
C_ROOKANDPAWNMOVEMENT:0.5463897666051437
C_CENTERCONTROL:0.5397461763042785
C_DEVELOPPIECES:0.5399780921452095
C_MATERIAL:0.3993156446595431
