ELO:999
CE_PASSEDPAWNS:0.5
CE_PAWNWEAKNESSES:0.4974298451062241
CE_PIECEACTIVITY:0.5111648077644578
CE_KINGPAWNSHIELD:0.4912462106579169
CE_PIECECOORDINATION:0.5061885497679982
CE_MATERIAL:0.5092556739514875
CE_KINGSAFETY:0.5078356797744874
C_PIECESQUARETABLES:0.4882225751184755
C_MOBILITY:0.5196555382080897
C_KINGSAFETY:0.5064327428357734
C_PAWNSTRUCTURE:0.5
C_PIECECOORDINATION:0.5300534061019054
C_ROOKANDPAWNMOVEMENT:0.5300534061019054
C_CENTERCONTROL:0.5074140833955749
C_DEVELOPPIECES:0.5072819517294754
C_MATERIAL:0.5008726142166315
