ELO:1000
CE_PASSEDPAWNS:0.5
CE_PAWNWEAKNESSES:0.5045693196245205
CE_PIECEACTIVITY:0.5088296862654684
CE_KINGPAWNSHIELD:0.5016691098740093
CE_PIECECOORDINATION:0.4929899504837696
CE_MATERIAL:0.48983934287026615
CE_KINGSAFETY:0.5
C_PIECESQUARETABLES:0.5014083033724429
C_MOBILITY:0.49209861219201656
C_KINGSAFETY:0.5091092829886452
C_PAWNSTRUCTURE:0.5
C_PIECECOORDINATION:0.5097763182142925
C_ROOKANDPAWNMOVEMENT:0.5097763182142925
C_CENTERCONTROL:0.5
C_DEVELOPPIECES:0.4948921340175593
C_MATERIAL:0.4946904559477947
