ELO:965
CE_PASSEDPAWNS:0.5174841805498872
CE_PAWNWEAKNESSES:0.5075342796607143
CE_PIECEACTIVITY:0.5262051930162811
CE_KINGPAWNSHIELD:0.49348520438542637
CE_PIECECOORDINATION:0.5109264646764146
CE_MATERIAL:0.5240578237961346
CE_KINGSAFETY:0.5101226727831738
C_PIECESQUARETABLES:0.5
C_MOBILITY:0.5124451905828348
C_KINGSAFETY:0.49294878600388947
C_PAWNSTRUCTURE:0.47618573465946173
C_PIECECOORDINATION:0.5303217713900028
C_ROOK:0.48571828864610883
CE_ROOK:0.5105922255685559
C_CENTERCONTROL:0.4757597690747762
C_DEVELOPPIECES:0.45579453243643764
C_MATERIAL:0.5246760502359338
C_MOVECOUNT:0.5182173522074957
C_PAWNMOVEMENT:0.48509033052751055
