ELO:1000
CE_PASSEDPAWNS:0.47985466239932145
CE_PAWNWEAKNESSES:0.49649120455549894
CE_PIECEACTIVITY:0.5134447706662324
CE_KINGPAWNSHIELD:0.4381841321389431
CE_PIECECOORDINATION:0.5704352729489918
CE_MATERIAL:0.5470748573030519
CE_KINGSAFETY:0.4605251687837761
C_PIECESQUARETABLES:0.5344164084327325
C_MOBILITY:0.5685113845811461
C_KINGSAFETY:0.46022476568964366
C_PAWNSTRUCTURE:0.5783319474605277
C_PIECECOORDINATION:0.40940904355694585
C_ROOKANDPAWNMOVEMENT:0.40940904355694585
C_CENTERCONTROL:0.44150890423583167
C_DEVELOPPIECES:0.4794576983167368
C_MATERIAL:0.533149680110354
