ELO:963
CE_PASSEDPAWNS:0.5280149442521471
CE_PAWNWEAKNESSES:0.5090916230655745
CE_PIECEACTIVITY:0.5378467446332724
CE_KINGPAWNSHIELD:0.49348520438542637
CE_PIECECOORDINATION:0.5150776076858385
CE_MATERIAL:0.5240578237961346
CE_KINGSAFETY:0.5101226727831738
C_PIECESQUARETABLES:0.49209783441418037
C_MOBILITY:0.5160295201892989
C_KINGSAFETY:0.4904830789910928
C_PAWNSTRUCTURE:0.46652535097057785
C_PIECECOORDINATION:0.5304147627511949
C_ROOK:0.47647006387239743
CE_ROOK:0.5105922255685559
C_CENTERCONTROL:0.469721936545056
C_DEVELOPPIECES:0.45579453243643764
C_MATERIAL:0.5081044061178691
C_MOVECOUNT:0.5182173522074957
C_PAWNMOVEMENT:0.48345276224517897
