ELO:878
CE_PASSEDPAWNS:0.4226061415887159
CE_PAWNWEAKNESSES:0.4551468085793501
CE_PIECEACTIVITY:0.544165582895994
CE_KINGPAWNSHIELD:0.5479378508147124
CE_PIECECOORDINATION:0.5799655788124983
CE_MATERIAL:0.5400786603515824
CE_KINGSAFETY:0.47844329944940905
C_PIECESQUARETABLES:0.5097161490389122
C_MOBILITY:0.5098049353177008
C_KINGSAFETY:0.46556180103538225
C_PAWNSTRUCTURE:0.5235782770039226
C_PIECECOORDINATION:0.5515196498737565
C_ROOKANDPAWNMOVEMENT:0.5515196498737565
C_CENTERCONTROL:0.5066779047722357
C_DEVELOPPIECES:0.56997677919866
C_MATERIAL:0.43548925575779424
C_MOVECOUNT:0.5
