ELO:932
CE_PASSEDPAWNS:0.5016973649358097
CE_PAWNWEAKNESSES:0.4940739216357189
CE_PIECEACTIVITY:0.4601949207325419
CE_KINGPAWNSHIELD:0.5030003418196574
CE_PIECECOORDINATION:0.46962356304862
CE_MATERIAL:0.4955846119969039
CE_KINGSAFETY:0.49826315205891836
C_PIECESQUARETABLES:0.48776689969686643
C_MOBILITY:0.5278854977703488
C_KINGSAFETY:0.4588695595238552
C_PAWNSTRUCTURE:0.5001325878590078
C_PIECECOORDINATION:0.5034482492507308
C_ROOKANDPAWNMOVEMENT:0.5034482492507308
C_CENTERCONTROL:0.46509410700481335
C_DEVELOPPIECES:0.5385826385681961
C_MATERIAL:0.48930086594608746
C_MOVECOUNT:0.5
