ELO:1009
CE_PASSEDPAWNS:0.5106861684178664
CE_PAWNWEAKNESSES:0.5
CE_PIECEACTIVITY:0.5006931768457504
CE_KINGPAWNSHIELD:0.5070113408955866
CE_PIECECOORDINATION:0.4923026213799102
CE_MATERIAL:0.5079103267080004
CE_KINGSAFETY:0.4984006587332709
C_PIECESQUARETABLES:0.5
C_MOBILITY:0.4836365496085491
C_KINGSAFETY:0.5002778535643954
C_PAWNSTRUCTURE:0.5
C_PIECECOORDINATION:0.485545478102463
C_ROOKANDPAWNMOVEMENT:0.485545478102463
C_CENTERCONTROL:0.4928882031570899
C_DEVELOPPIECES:0.4804967811963155
C_MATERIAL:0.510808466867538
