ELO:1022
CE_PASSEDPAWNS:0.5816898360092944
CE_PAWNWEAKNESSES:0.41449438190236887
CE_PIECEACTIVITY:0.464012256975221
CE_KINGPAWNSHIELD:0.5188338252445097
CE_PIECECOORDINATION:0.49083806659935797
CE_MATERIAL:0.45938978550217696
CE_KINGSAFETY:0.46443353568657336
C_PIECESQUARETABLES:0.49686280365094165
C_MOBILITY:0.40447083194377154
C_KINGSAFETY:0.4614450956532511
C_PAWNSTRUCTURE:0.579017932022159
C_PIECECOORDINATION:0.47399126051174195
C_ROOKANDPAWNMOVEMENT:0.47399126051174195
C_CENTERCONTROL:0.6286944307407252
C_DEVELOPPIECES:0.5037802571809753
C_MATERIAL:0.5093184883988199
