ELO:922
CE_PASSEDPAWNS:0.47135054884701116
CE_PAWNWEAKNESSES:0.5655391736554713
CE_PIECEACTIVITY:0.41622696335367304
CE_KINGPAWNSHIELD:0.4731273781734486
CE_PIECECOORDINATION:0.4855910338544456
CE_MATERIAL:0.46810170930869444
CE_KINGSAFETY:0.49947907761940225
C_PIECESQUARETABLES:0.500200494320376
C_MOBILITY:0.46249203275278183
C_KINGSAFETY:0.41576264870339724
C_PAWNSTRUCTURE:0.6269730780924282
C_PIECECOORDINATION:0.46368863734371885
C_ROOKANDPAWNMOVEMENT:0.46368863734371885
C_CENTERCONTROL:0.5076357565559642
C_DEVELOPPIECES:0.5360651476170001
C_MATERIAL:0.5011347820590365
