ELO:889
CE_PASSEDPAWNS:0.5
CE_PAWNWEAKNESSES:0.47163836536552806
CE_PIECEACTIVITY:0.5100080999523146
CE_KINGPAWNSHIELD:0.49207259177170526
CE_PIECECOORDINATION:0.5074020678914054
CE_MATERIAL:0.4749077520354609
CE_KINGSAFETY:0.5
C_PIECESQUARETABLES:0.5
C_MOBILITY:0.499221847668814
C_KINGSAFETY:0.49148091137625494
C_PAWNSTRUCTURE:0.5059282556495847
C_PIECECOORDINATION:0.4521346749816416
C_ROOKANDPAWNMOVEMENT:0.4521346749816416
C_CENTERCONTROL:0.42915530818560993
C_DEVELOPPIECES:0.540995000445538
C_MATERIAL:0.49410178299936836
C_MOVECOUNT:0.5
