ELO:1027
CE_PASSEDPAWNS:0.5055752404449525
CE_PAWNWEAKNESSES:0.5248598604031688
CE_PIECEACTIVITY:0.506346503157013
CE_KINGPAWNSHIELD:0.5136055679985644
CE_PIECECOORDINATION:0.4945324270760551
CE_MATERIAL:0.5022511018694458
CE_KINGSAFETY:0.5
C_PIECESQUARETABLES:0.5
C_MOBILITY:0.49946803260838796
C_KINGSAFETY:0.48690594252192454
C_PAWNSTRUCTURE:0.48932037955751756
C_PIECECOORDINATION:0.5183258390996296
C_ROOK:0.5040680513327354
CE_ROOK:0.5
C_CENTERCONTROL:0.49720697610925507
C_DEVELOPPIECES:0.4877931294293613
C_MATERIAL:0.5
C_MOVECOUNT:0.5082366783424531
C_PAWNMOVEMENT:0.5
