ELO:966
CE_PASSEDPAWNS:0.5296126817334676
CE_PAWNWEAKNESSES:0.4881807717281625
CE_PIECEACTIVITY:0.5083828907924781
CE_KINGPAWNSHIELD:0.5360863569922087
CE_PIECECOORDINATION:0.5135588099859814
CE_MATERIAL:0.46120726550479324
CE_KINGSAFETY:0.5
C_PIECESQUARETABLES:0.5
C_MOBILITY:0.48067093040471387
C_KINGSAFETY:0.4904830789910928
C_PAWNSTRUCTURE:0.4626078369797258
C_PIECECOORDINATION:0.48533537692967277
C_ROOK:0.493768372826866
CE_ROOK:0.5175355136483762
C_CENTERCONTROL:0.469721936545056
C_DEVELOPPIECES:0.4672520002949432
C_MATERIAL:0.5081044061178691
C_MOVECOUNT:0.5191405514693779
C_PAWNMOVEMENT:0.5177488574877056
