ELO:985
CE_PASSEDPAWNS:0.48928981175390884
CE_PAWNWEAKNESSES:0.5145469347621738
CE_PIECEACTIVITY:0.5281816178775043
CE_KINGPAWNSHIELD:0.4843997920551973
CE_PIECECOORDINATION:0.5050409932842509
CE_MATERIAL:0.49000412015249517
CE_KINGSAFETY:0.510904014839815
C_PIECESQUARETABLES:0.5177372773709232
C_MOBILITY:0.4785114773483666
C_KINGSAFETY:0.5112569999594444
C_PAWNSTRUCTURE:0.4969128771928022
C_PIECECOORDINATION:0.49764850737563576
C_ROOKANDPAWNMOVEMENT:0.49764850737563576
C_CENTERCONTROL:0.49430138653497524
C_DEVELOPPIECES:0.5024869157128273
C_MATERIAL:0.4934709051801184
C_MOVECOUNT:0.49401747255938294
