ELO:1042
CE_PASSEDPAWNS:0.5067606955311375
CE_PAWNWEAKNESSES:0.4951745637076463
CE_PIECEACTIVITY:0.493006536431506
CE_KINGPAWNSHIELD:0.5107714070863236
CE_PIECECOORDINATION:0.5197609347530578
CE_MATERIAL:0.4963332086602903
CE_KINGSAFETY:0.5
C_PIECESQUARETABLES:0.5
C_MOBILITY:0.48809863023922506
C_KINGSAFETY:0.5
C_PAWNSTRUCTURE:0.5241934706612111
C_PIECECOORDINATION:0.5196892275294726
C_ROOK:0.4890913295813163
CE_ROOK:0.48763154770178085
C_CENTERCONTROL:0.5074812663278238
C_DEVELOPPIECES:0.5000989285159063
C_MATERIAL:0.482047255442402
C_MOVECOUNT:0.5
C_PAWNMOVEMENT:0.49482089210243535
