ELO:1000
CE_PASSEDPAWNS:0.5085041054269194
CE_PAWNWEAKNESSES:0.4971547663312642
CE_PIECEACTIVITY:0.47981172895724106
CE_KINGPAWNSHIELD:0.5172872003252165
CE_PIECECOORDINATION:0.456825547916772
CE_MATERIAL:0.5372565580942051
CE_KINGSAFETY:0.4702517801272861
C_PIECESQUARETABLES:0.4987940766853061
C_MOBILITY:0.4934973059864798
C_KINGSAFETY:0.48531009430727445
C_PAWNSTRUCTURE:0.470795945852498
C_PIECECOORDINATION:0.5476507464974858
C_ROOKANDPAWNMOVEMENT:0.5476507464974858
C_CENTERCONTROL:0.4544505844520599
C_DEVELOPPIECES:0.5360564342710854
C_MATERIAL:0.5016912452313209
