ELO:960
CE_PASSEDPAWNS:0.4636744334040775
CE_PAWNWEAKNESSES:0.5236320542546214
CE_PIECEACTIVITY:0.4849748850580747
CE_KINGPAWNSHIELD:0.5066821358131278
CE_PIECECOORDINATION:0.49610283634751684
CE_MATERIAL:0.47054451593340735
CE_KINGSAFETY:0.4914991161562141
C_PIECESQUARETABLES:0.5217554529764258
C_MOBILITY:0.5239833542512414
C_KINGSAFETY:0.5131597083822781
C_PAWNSTRUCTURE:0.4849086404092492
C_PIECECOORDINATION:0.49607609004049463
C_ROOKANDPAWNMOVEMENT:0.49607609004049463
C_CENTERCONTROL:0.4674632341497677
C_DEVELOPPIECES:0.49132766399642697
C_MATERIAL:0.5029405425200661
