ELO:1050
CE_PASSEDPAWNS:0.5013787131414988
CE_PAWNWEAKNESSES:0.5018274149743518
CE_PIECEACTIVITY:0.4943332666907198
CE_KINGPAWNSHIELD:0.4909310683150645
CE_PIECECOORDINATION:0.5021572903359859
CE_MATERIAL:0.49140928926484095
CE_KINGSAFETY:0.5
C_PIECESQUARETABLES:0.5
C_MOBILITY:0.5039914218878431
C_KINGSAFETY:0.487536961408672
C_PAWNSTRUCTURE:0.4944988609796438
C_PIECECOORDINATION:0.5291701892332789
C_ROOK:0.496266584649756
CE_ROOK:0.5065841379310213
C_CENTERCONTROL:0.4810832353263226
C_DEVELOPPIECES:0.5006731434501108
C_MATERIAL:0.482047255442402
C_MOVECOUNT:0.5066957442885371
C_PAWNMOVEMENT:0.49482089210243535
