ELO:974
CE_PASSEDPAWNS:0.4794732948841848
CE_PAWNWEAKNESSES:0.46991271417744584
CE_PIECEACTIVITY:0.5120342215030279
CE_KINGPAWNSHIELD:0.5
CE_PIECECOORDINATION:0.5088885429659978
CE_MATERIAL:0.4966222728095442
CE_KINGSAFETY:0.48580385955468064
C_PIECESQUARETABLES:0.5
C_MOBILITY:0.5762229238663585
C_KINGSAFETY:0.5
C_PAWNSTRUCTURE:0.4790459994356022
C_PIECECOORDINATION:0.49845917780000204
C_ROOKANDPAWNMOVEMENT:0.49845917780000204
C_CENTERCONTROL:0.48736499658918014
C_DEVELOPPIECES:0.4975908912204784
C_MATERIAL:0.49665245099471
C_MOVECOUNT:0.5
