ELO:855
CE_PASSEDPAWNS:0.4865184506250803
CE_PAWNWEAKNESSES:0.4973066240420331
CE_PIECEACTIVITY:0.45467779174442374
CE_KINGPAWNSHIELD:0.48166554559776875
CE_PIECECOORDINATION:0.539648434216927
CE_MATERIAL:0.432658924644482
CE_KINGSAFETY:0.5101996317339181
C_PIECESQUARETABLES:0.5
C_MOBILITY:0.4952352527065514
C_KINGSAFETY:0.5592936925462394
C_PAWNSTRUCTURE:0.5000472854475159
C_PIECECOORDINATION:0.5
C_ROOKANDPAWNMOVEMENT:0.5
C_CENTERCONTROL:0.4815257481777513
C_DEVELOPPIECES:0.5183647910400874
C_MATERIAL:0.4928027062000042
C_MOVECOUNT:0.5
