ELO:1000
CE_PASSEDPAWNS:0.45894884329212743
CE_PAWNWEAKNESSES:0.5
CE_PIECEACTIVITY:0.5
CE_KINGPAWNSHIELD:0.48380008422840853
CE_PIECECOORDINATION:0.49813349069087315
CE_MATERIAL:0.4791956169575396
CE_KINGSAFETY:0.5
C_PIECESQUARETABLES:0.5
C_MOBILITY:0.508029888637604
C_KINGSAFETY:0.47853233524338373
C_PAWNSTRUCTURE:0.5010795333419974
C_PIECECOORDINATION:0.5005745061631568
C_ROOKANDPAWNMOVEMENT:0.5005745061631568
C_CENTERCONTROL:0.4894791766970122
C_DEVELOPPIECES:0.5
C_MATERIAL:0.47883907162818157
C_MOVECOUNT:0.5
