ELO:1013
CE_PASSEDPAWNS:0.5331141742555783
CE_PAWNWEAKNESSES:0.5128487088560789
CE_PIECEACTIVITY:0.5051662950335442
CE_KINGPAWNSHIELD:0.5023110307964399
CE_PIECECOORDINATION:0.49201615779300845
CE_MATERIAL:0.5270184250515543
CE_KINGSAFETY:0.4818640080398299
C_PIECESQUARETABLES:0.5
C_MOBILITY:0.502573773273927
C_KINGSAFETY:0.5046567771576902
C_PAWNSTRUCTURE:0.48878633853806785
C_PIECECOORDINATION:0.5078029895635641
C_ROOK:0.5415126425962393
CE_ROOK:0.5
C_CENTERCONTROL:0.49172731702394357
C_DEVELOPPIECES:0.5136122327187768
C_MATERIAL:0.49849828796241874
C_MOVECOUNT:0.5012790181746447
C_PAWNMOVEMENT:0.48444180846960017
