ELO:1000
CE_PASSEDPAWNS:0.5255893726783488
CE_PAWNWEAKNESSES:0.48475502339843207
CE_PIECEACTIVITY:0.47290036472443464
CE_KINGPAWNSHIELD:0.5199626822381903
CE_PIECECOORDINATION:0.4761909978006021
CE_MATERIAL:0.4771883430043496
CE_KINGSAFETY:0.5031298413621433
C_PIECESQUARETABLES:0.5082783203572202
C_MOBILITY:0.48136962248767534
C_KINGSAFETY:0.49683486028585394
C_PAWNSTRUCTURE:0.4787472370243957
C_PIECECOORDINATION:0.5238921272742386
C_ROOKANDPAWNMOVEMENT:0.5238921272742386
C_CENTERCONTROL:0.46467976951946804
C_DEVELOPPIECES:0.5005582193458393
C_MATERIAL:0.5393220868977391
