ELO:988
CE_PASSEDPAWNS:0.5047349779390623
CE_PAWNWEAKNESSES:0.499028823613761
CE_PIECEACTIVITY:0.49800552536491244
CE_KINGPAWNSHIELD:0.4965411004181712
CE_PIECECOORDINATION:0.5202076723841296
CE_MATERIAL:0.504957361265303
CE_KINGSAFETY:0.5040386877561656
C_PIECESQUARETABLES:0.5
C_MOBILITY:0.49915071459157945
C_KINGSAFETY:0.5075074522751464
C_PAWNSTRUCTURE:0.49124855238997733
C_PIECECOORDINATION:0.5051789679916654
C_ROOKANDPAWNMOVEMENT:0.5051789679916654
C_CENTERCONTROL:0.5010002391872291
C_DEVELOPPIECES:0.5029748558464427
C_MATERIAL:0.5014218095533763
C_MOVECOUNT:0.4899343868391185
