ELO:1004
CE_PASSEDPAWNS:0.49385764124978554
CE_PAWNWEAKNESSES:0.5279559417062814
CE_PIECEACTIVITY:0.43613081230080813
CE_KINGPAWNSHIELD:0.5007293698804464
CE_PIECECOORDINATION:0.5029992794663124
CE_MATERIAL:0.49920656129641783
CE_KINGSAFETY:0.5
C_PIECESQUARETABLES:0.5
C_MOBILITY:0.482850571533767
C_KINGSAFETY:0.4883157854316782
C_PAWNSTRUCTURE:0.511083623578016
C_PIECECOORDINATION:0.5
C_ROOKANDPAWNMOVEMENT:0.5
C_CENTERCONTROL:0.4657044299283035
C_DEVELOPPIECES:0.5065505398604103
C_MATERIAL:0.49621736433079994
C_MOVECOUNT:0.5
