ELO:1048
CE_PASSEDPAWNS:0.591965930822512
CE_PAWNWEAKNESSES:0.42476764324361327
CE_PIECEACTIVITY:0.5130336314844235
CE_KINGPAWNSHIELD:0.4950862563081322
CE_PIECECOORDINATION:0.42861686135157584
CE_MATERIAL:0.46045575938050787
CE_KINGSAFETY:0.4898525611000046
C_PIECESQUARETABLES:0.49076078289243424
C_MOBILITY:0.5812628898006071
C_KINGSAFETY:0.49794692003471835
C_PAWNSTRUCTURE:0.39101877434696547
C_PIECECOORDINATION:0.46322869633523045
C_ROOKANDPAWNMOVEMENT:0.46322869633523045
C_CENTERCONTROL:0.507263505557221
C_DEVELOPPIECES:0.5646645312125576
C_MATERIAL:0.441829297238068
