ELO:1081
CE_PASSEDPAWNS:0.44660144806578783
CE_PAWNWEAKNESSES:0.4654746982144424
CE_PIECEACTIVITY:0.5045014818948573
CE_KINGPAWNSHIELD:0.47548577921175295
CE_PIECECOORDINATION:0.47205743634832414
CE_MATERIAL:0.44981355095394654
CE_KINGSAFETY:0.5
C_PIECESQUARETABLES:0.5
C_MOBILITY:0.5107309047410132
C_KINGSAFETY:0.4931605702349664
C_PAWNSTRUCTURE:0.4495414103377703
C_PIECECOORDINATION:0.45156849829743717
C_ROOKANDPAWNMOVEMENT:0.45156849829743717
C_CENTERCONTROL:0.587938549542802
C_DEVELOPPIECES:0.5695738693071475
C_MATERIAL:0.4038603302938206
