ELO:1000
CE_PASSEDPAWNS:0.4829954056724859
CE_PAWNWEAKNESSES:0.4624210807418464
CE_PIECEACTIVITY:0.505931674340079
CE_KINGPAWNSHIELD:0.494423733553846
CE_PIECECOORDINATION:0.5
CE_MATERIAL:0.49720171554316855
CE_KINGSAFETY:0.5020674257339963
C_PIECESQUARETABLES:0.49457787314940393
C_MOBILITY:0.5081257780213618
C_KINGSAFETY:0.4882240437045124
C_PAWNSTRUCTURE:0.504830377515193
C_PIECECOORDINATION:0.49622660869166935
C_ROOKANDPAWNMOVEMENT:0.49622660869166935
C_CENTERCONTROL:0.4914114437771744
C_DEVELOPPIECES:0.5109414214966363
C_MATERIAL:0.5007196404136957
