ELO:1006
CE_PASSEDPAWNS:0.5134872338955512
CE_PAWNWEAKNESSES:0.4847656089200239
CE_PIECEACTIVITY:0.5
CE_KINGPAWNSHIELD:0.4933225775055479
CE_PIECECOORDINATION:0.4859026719940845
CE_MATERIAL:0.5375635725314469
CE_KINGSAFETY:0.5367148285592305
C_PIECESQUARETABLES:0.5455198326231492
C_MOBILITY:0.49896429214417504
C_KINGSAFETY:0.4829709514365087
C_PAWNSTRUCTURE:0.49155897086039896
C_PIECECOORDINATION:0.458035529680419
C_ROOKANDPAWNMOVEMENT:0.458035529680419
C_CENTERCONTROL:0.49104682053963716
C_DEVELOPPIECES:0.5041466958906371
C_MATERIAL:0.5428648742572767
C_MOVECOUNT:0.5
