ELO:1016
CE_PASSEDPAWNS:0.505005375118986
CE_PAWNWEAKNESSES:0.507318093643312
CE_PIECEACTIVITY:0.522472322551813
CE_KINGPAWNSHIELD:0.49655218645489724
CE_PIECECOORDINATION:0.5334832920374808
CE_MATERIAL:0.5007459510570645
CE_KINGSAFETY:0.5
C_PIECESQUARETABLES:0.5
C_MOBILITY:0.4330686462875857
C_KINGSAFETY:0.4991844272485667
C_PAWNSTRUCTURE:0.5
C_PIECECOORDINATION:0.4765832087227855
C_ROOK:0.5369059538193658
CE_ROOK:0.494003126079904
C_CENTERCONTROL:0.49566916445545905
C_DEVELOPPIECES:0.5393505470872896
C_MATERIAL:0.5367029516076394
C_MOVECOUNT:0.5237340254126772
C_PAWNMOVEMENT:0.4981881389400676
