ELO:973
CE_PASSEDPAWNS:0.47983400365226464
CE_PAWNWEAKNESSES:0.4486953794665965
CE_PIECEACTIVITY:0.541148549239684
CE_KINGPAWNSHIELD:0.5009581043557548
CE_PIECECOORDINATION:0.4968220738977996
CE_MATERIAL:0.4839441222758687
CE_KINGSAFETY:0.5
C_PIECESQUARETABLES:0.4901170648586767
C_MOBILITY:0.6167463494874952
C_KINGSAFETY:0.5472834012696451
C_PAWNSTRUCTURE:0.4922968390551592
C_PIECECOORDINATION:0.4829247280730019
C_ROOKANDPAWNMOVEMENT:0.4829247280730019
C_CENTERCONTROL:0.47224499501928
C_DEVELOPPIECES:0.5122957260073103
C_MATERIAL:0.4116621738102021
C_MOVECOUNT:0.5
