ELO:1034
CE_PASSEDPAWNS:0.49859022253120366
CE_PAWNWEAKNESSES:0.5
CE_PIECEACTIVITY:0.5226323954143927
CE_KINGPAWNSHIELD:0.5030571267066213
CE_PIECECOORDINATION:0.50234607234514
CE_MATERIAL:0.4886726032332666
CE_KINGSAFETY:0.5
C_PIECESQUARETABLES:0.502824327738029
C_MOBILITY:0.48967126929289767
C_KINGSAFETY:0.4981808457637568
C_PAWNSTRUCTURE:0.47216181878107977
C_PIECECOORDINATION:0.5253963484914375
C_ROOKANDPAWNMOVEMENT:0.5253963484914375
C_CENTERCONTROL:0.493188999076274
C_DEVELOPPIECES:0.5
C_MATERIAL:0.4928767956383494
C_MOVECOUNT:0.5
