ELO:919
CE_PASSEDPAWNS:0.5984250940026027
CE_PAWNWEAKNESSES:0.3908053438886515
CE_PIECEACTIVITY:0.47511423563248434
CE_KINGPAWNSHIELD:0.48647597157846684
CE_PIECECOORDINATION:0.41745719661408004
CE_MATERIAL:0.5036292411554422
CE_KINGSAFETY:0.5
C_PIECESQUARETABLES:0.5
C_MOBILITY:0.4763886742227888
C_KINGSAFETY:0.5341084379840678
C_PAWNSTRUCTURE:0.37054878735547075
C_PIECECOORDINATION:0.45716789910260763
C_ROOKANDPAWNMOVEMENT:0.45716789910260763
C_CENTERCONTROL:0.6438877093470208
C_DEVELOPPIECES:0.5
C_MATERIAL:0.388742234649079
C_MOVECOUNT:0.5
