ELO:986
CE_PASSEDPAWNS:0.5417603860215122
CE_PAWNWEAKNESSES:0.5008739135100082
CE_PIECEACTIVITY:0.43567843677714213
CE_KINGPAWNSHIELD:0.4126747984449946
CE_PIECECOORDINATION:0.551875008366126
CE_MATERIAL:0.554721894913924
CE_KINGSAFETY:0.5398158506810364
C_PIECESQUARETABLES:0.5065135259015756
C_MOBILITY:0.4920530495877191
C_KINGSAFETY:0.45570022677765354
C_PAWNSTRUCTURE:0.54365200061675
C_PIECECOORDINATION:0.49915981368701934
C_ROOKANDPAWNMOVEMENT:0.49915981368701934
C_CENTERCONTROL:0.5355185635276549
C_DEVELOPPIECES:0.399634648445503
C_MATERIAL:0.5221375820049288
