ELO:1030
CE_PASSEDPAWNS:0.5
CE_PAWNWEAKNESSES:0.5
CE_PIECEACTIVITY:0.5
CE_KINGPAWNSHIELD:0.5091963967684684
CE_PIECECOORDINATION:0.4887329435780519
CE_MATERIAL:0.5
CE_KINGSAFETY:0.5
C_PIECESQUARETABLES:0.5102425313042236
C_MOBILITY:0.5087293822378444
C_KINGSAFETY:0.5089937838071213
C_PAWNSTRUCTURE:0.5017979393937155
C_PIECECOORDINATION:0.4969500145011681
C_ROOKANDPAWNMOVEMENT:0.4969500145011681
C_CENTERCONTROL:0.5027312069800711
C_DEVELOPPIECES:0.5
C_MATERIAL:0.501432632003927
C_MOVECOUNT:0.5
