ELO:1000
CE_PASSEDPAWNS:0.4995499636015774
CE_PAWNWEAKNESSES:0.4768964046750993
CE_PIECEACTIVITY:0.45625864126480403
CE_KINGPAWNSHIELD:0.5690768190408328
CE_PIECECOORDINATION:0.4860651587605221
CE_MATERIAL:0.45495796241197156
CE_KINGSAFETY:0.4980314417511467
C_PIECESQUARETABLES:0.49049192265523084
C_MOBILITY:0.4917882240623099
C_KINGSAFETY:0.4498397850399582
C_PAWNSTRUCTURE:0.49566623026577844
C_PIECECOORDINATION:0.4900547194948738
C_ROOKANDPAWNMOVEMENT:0.4900547194948738
C_CENTERCONTROL:0.5676669400838495
C_DEVELOPPIECES:0.59930365585383
C_MATERIAL:0.5359514139496134
