ELO:999
CE_PASSEDPAWNS:0.495656146588489
CE_PAWNWEAKNESSES:0.49266386044737176
CE_PIECEACTIVITY:0.4732412639064044
CE_KINGPAWNSHIELD:0.5123115648212255
CE_PIECECOORDINATION:0.5192958251478754
CE_MATERIAL:0.5098803190765061
CE_KINGSAFETY:0.5
C_PIECESQUARETABLES:0.5
C_MOBILITY:0.5480432288699277
C_KINGSAFETY:0.5641394126616658
C_PAWNSTRUCTURE:0.43181647992441213
C_PIECECOORDINATION:0.5200378185094867
C_ROOKANDPAWNMOVEMENT:0.5200378185094867
C_CENTERCONTROL:0.6058544561749843
C_DEVELOPPIECES:0.5042619920747541
C_MATERIAL:0.5
C_MOVECOUNT:0.5
