ELO:989
CE_PASSEDPAWNS:0.5457345729423272
CE_PAWNWEAKNESSES:0.4747266971979074
CE_PIECEACTIVITY:0.52110372081263
CE_KINGPAWNSHIELD:0.5599465954910741
CE_PIECECOORDINATION:0.49414881183466436
CE_MATERIAL:0.4725899246073923
CE_KINGSAFETY:0.4945385321962494
C_PIECESQUARETABLES:0.4934146784810717
C_MOBILITY:0.580479941274235
C_KINGSAFETY:0.5250912115677565
C_PAWNSTRUCTURE:0.46054427260367564
C_PIECECOORDINATION:0.49481266204964397
C_ROOKANDPAWNMOVEMENT:0.49481266204964397
C_CENTERCONTROL:0.434675703844908
C_DEVELOPPIECES:0.44504282804102385
C_MATERIAL:0.6234991122067586
