ELO:948
CE_PASSEDPAWNS:0.4942552940046141
CE_PAWNWEAKNESSES:0.5040259087421258
CE_PIECEACTIVITY:0.49959760751897925
CE_KINGPAWNSHIELD:0.49379108112887343
CE_PIECECOORDINATION:0.5073018668823859
CE_MATERIAL:0.483727129581558
CE_KINGSAFETY:0.4894740670631593
C_PIECESQUARETABLES:0.5125068619795642
C_MOBILITY:0.5033921896587057
C_KINGSAFETY:0.5025441431768204
C_PAWNSTRUCTURE:0.5097474428716445
C_PIECECOORDINATION:0.4784675241016155
C_ROOK:0.5
CE_ROOK:0.5
C_CENTERCONTROL:0.4919838721808365
C_DEVELOPPIECES:0.49795800805320245
C_MATERIAL:0.4923982434488139
C_MOVECOUNT:0.47335715317655375
C_PAWNMOVEMENT:0.5
