ELO:981
CE_PASSEDPAWNS:0.5100648505870217
CE_PAWNWEAKNESSES:0.502644483390829
CE_PIECEACTIVITY:0.45250594559650686
CE_KINGPAWNSHIELD:0.4007793874121486
CE_PIECECOORDINATION:0.551875008366126
CE_MATERIAL:0.5674541791284986
CE_KINGSAFETY:0.527155355876335
C_PIECESQUARETABLES:0.5220432402434262
C_MOBILITY:0.48097242017922176
C_KINGSAFETY:0.4549216693203804
C_PAWNSTRUCTURE:0.5403392666220284
C_PIECECOORDINATION:0.4932350661116714
C_ROOKANDPAWNMOVEMENT:0.4932350661116714
C_CENTERCONTROL:0.540604641336452
C_DEVELOPPIECES:0.3839615306155819
C_MATERIAL:0.5227881954331082
