ELO:937
CE_PASSEDPAWNS:0.49983305858076743
CE_PAWNWEAKNESSES:0.44692851794865796
CE_PIECEACTIVITY:0.57925127623779
CE_KINGPAWNSHIELD:0.4649305519969675
CE_PIECECOORDINATION:0.43365440201257516
CE_MATERIAL:0.38739194389264997
CE_KINGSAFETY:0.5
C_PIECESQUARETABLES:0.5
C_MOBILITY:0.4591128167784079
C_KINGSAFETY:0.50538442676803
C_PAWNSTRUCTURE:0.5372386154872856
C_PIECECOORDINATION:0.439524606134099
C_ROOKANDPAWNMOVEMENT:0.439524606134099
C_CENTERCONTROL:0.5739870635977798
C_DEVELOPPIECES:0.5020983735151573
C_MATERIAL:0.4887024044767712
C_MOVECOUNT:0.5
