ELO:991
CE_PASSEDPAWNS:0.5277288571395565
CE_PAWNWEAKNESSES:0.4747266971979074
CE_PIECEACTIVITY:0.5337065927047403
CE_KINGPAWNSHIELD:0.542603462243025
CE_PIECECOORDINATION:0.47304336938833064
CE_MATERIAL:0.4694181679613265
CE_KINGSAFETY:0.49803622549370363
C_PIECESQUARETABLES:0.49253355170208335
C_MOBILITY:0.5836313903895851
C_KINGSAFETY:0.5403488003031836
C_PAWNSTRUCTURE:0.4517407120594745
C_PIECECOORDINATION:0.49481266204964397
C_ROOKANDPAWNMOVEMENT:0.49481266204964397
C_CENTERCONTROL:0.4167929364113666
C_DEVELOPPIECES:0.4354212939766876
C_MATERIAL:0.6234991122067586
