ELO:1021
CE_PASSEDPAWNS:0.5112815733326849
CE_PAWNWEAKNESSES:0.505888252246682
CE_PIECEACTIVITY:0.47720231126595597
CE_KINGPAWNSHIELD:0.5107714070863236
CE_PIECECOORDINATION:0.5076500950038051
CE_MATERIAL:0.5207631169085377
CE_KINGSAFETY:0.5089560675855442
C_PIECESQUARETABLES:0.5
C_MOBILITY:0.48369693685389525
C_KINGSAFETY:0.48751029456479994
C_PAWNSTRUCTURE:0.4914551013672238
C_PIECECOORDINATION:0.5218087821540097
C_ROOK:0.5097722339168105
CE_ROOK:0.488436761010283
C_CENTERCONTROL:0.5082215144446985
C_DEVELOPPIECES:0.520572714060846
C_MATERIAL:0.49696768843122674
C_MOVECOUNT:0.4898257745510507
C_PAWNMOVEMENT:0.5028529947868007
