ELO:1036
CE_PASSEDPAWNS:0.5034507561763385
CE_PAWNWEAKNESSES:0.5018274149743518
CE_PIECEACTIVITY:0.5062070219440435
CE_KINGPAWNSHIELD:0.4909310683150645
CE_PIECECOORDINATION:0.5330292707230271
CE_MATERIAL:0.49140928926484095
CE_KINGSAFETY:0.5
C_PIECESQUARETABLES:0.5037407542359194
C_MOBILITY:0.5039914218878431
C_KINGSAFETY:0.487536961408672
C_PAWNSTRUCTURE:0.5072601080814034
C_PIECECOORDINATION:0.5122583737649822
C_ROOK:0.5003972453986638
CE_ROOK:0.5065841379310213
C_CENTERCONTROL:0.5016333940623856
C_DEVELOPPIECES:0.5183309945605886
C_MATERIAL:0.482047255442402
C_MOVECOUNT:0.5066957442885371
C_PAWNMOVEMENT:0.5420365671892254
