ELO:1000
CE_PASSEDPAWNS:0.5181138114426781
CE_PAWNWEAKNESSES:0.4737291696859335
CE_PIECEACTIVITY:0.4827103619463244
CE_KINGPAWNSHIELD:0.5210003162597183
CE_PIECECOORDINATION:0.48574969102493276
CE_MATERIAL:0.551799221465312
CE_KINGSAFETY:0.5033988084907097
C_PIECESQUARETABLES:0.4966119764404312
C_MOBILITY:0.4992322186596226
C_KINGSAFETY:0.46870444646145976
C_PAWNSTRUCTURE:0.46635786913553856
C_PIECECOORDINATION:0.5312224263466172
C_ROOKANDPAWNMOVEMENT:0.5312224263466172
C_CENTERCONTROL:0.4564075827671513
C_DEVELOPPIECES:0.512999296338218
C_MATERIAL:0.5135076977468123
