ELO:954
CE_PASSEDPAWNS:0.4963986210644755
CE_PAWNWEAKNESSES:0.444285062924738
CE_PIECEACTIVITY:0.49314914602581517
CE_KINGPAWNSHIELD:0.4873690918765577
CE_PIECECOORDINATION:0.4842503380304819
CE_MATERIAL:0.5678020561369896
CE_KINGSAFETY:0.5123275852591991
C_PIECESQUARETABLES:0.4732032629120427
C_MOBILITY:0.5396736785885387
C_KINGSAFETY:0.4659900765092321
C_PAWNSTRUCTURE:0.4995236711089377
C_PIECECOORDINATION:0.5068577526859657
C_ROOKANDPAWNMOVEMENT:0.5068577526859657
C_CENTERCONTROL:0.46495672903280677
C_DEVELOPPIECES:0.5342803472807864
C_MATERIAL:0.49145365815489667
