ELO:1042
CE_PASSEDPAWNS:0.48944242815961686
CE_PAWNWEAKNESSES:0.47286425670431176
CE_PIECEACTIVITY:0.525892534061345
CE_KINGPAWNSHIELD:0.5
CE_PIECECOORDINATION:0.5035629193489104
CE_MATERIAL:0.4736485387625415
CE_KINGSAFETY:0.5
C_PIECESQUARETABLES:0.5
C_MOBILITY:0.49731990569851686
C_KINGSAFETY:0.4705933037692467
C_PAWNSTRUCTURE:0.524334623024627
C_PIECECOORDINATION:0.5027445464555604
C_ROOK:0.5061548351338214
CE_ROOK:0.49256612520847703
C_CENTERCONTROL:0.49731026246193105
C_DEVELOPPIECES:0.47926425733837474
C_MATERIAL:0.5067994727192402
C_MOVECOUNT:0.48163558042647137
C_PAWNMOVEMENT:0.5072186104954414
