ELO:895
CE_PASSEDPAWNS:0.5469406108354862
CE_PAWNWEAKNESSES:0.5298325494023464
CE_PIECEACTIVITY:0.40511287978875143
CE_KINGPAWNSHIELD:0.40930193827627825
CE_PIECECOORDINATION:0.590493827248153
CE_MATERIAL:0.5822913474384909
CE_KINGSAFETY:0.553204396875108
C_PIECESQUARETABLES:0.4648849267871073
C_MOBILITY:0.4571476618756357
C_KINGSAFETY:0.46032325342954733
C_PAWNSTRUCTURE:0.4811570442614172
C_PIECECOORDINATION:0.4836302961451228
C_ROOKANDPAWNMOVEMENT:0.4836302961451228
C_CENTERCONTROL:0.6356856648174133
C_DEVELOPPIECES:0.3519704031001369
C_MATERIAL:0.5380003212141277
