ELO:953
CE_PASSEDPAWNS:0.5231871622712118
CE_PAWNWEAKNESSES:0.5020777738234171
CE_PIECEACTIVITY:0.4219192422457226
CE_KINGPAWNSHIELD:0.4166714460543074
CE_PIECECOORDINATION:0.5479110346772609
CE_MATERIAL:0.5866445627253669
CE_KINGSAFETY:0.502312037767944
C_PIECESQUARETABLES:0.4935656155693654
C_MOBILITY:0.49136290110973874
C_KINGSAFETY:0.44275525494838025
C_PAWNSTRUCTURE:0.5146899509595021
C_PIECECOORDINATION:0.5109070042095044
C_ROOKANDPAWNMOVEMENT:0.5109070042095044
C_CENTERCONTROL:0.5381615486531943
C_DEVELOPPIECES:0.3813815131498661
C_MATERIAL:0.5178557705585127
