ELO:1021
CE_PASSEDPAWNS:0.5027230560981786
CE_PAWNWEAKNESSES:0.4951745637076463
CE_PIECEACTIVITY:0.49556685037013515
CE_KINGPAWNSHIELD:0.5107714070863236
CE_PIECECOORDINATION:0.5076500950038051
CE_MATERIAL:0.5000466357657618
CE_KINGSAFETY:0.5089560675855442
C_PIECESQUARETABLES:0.5
C_MOBILITY:0.49033265079144556
C_KINGSAFETY:0.49228112518646927
C_PAWNSTRUCTURE:0.5106926180995625
C_PIECECOORDINATION:0.5201670512737098
C_ROOK:0.5048071818876927
CE_ROOK:0.488436761010283
C_CENTERCONTROL:0.5082215144446985
C_DEVELOPPIECES:0.49194891943136915
C_MATERIAL:0.5083641418491158
C_MOVECOUNT:0.5010862674562695
C_PAWNMOVEMENT:0.5070979667087093
