ELO:982
CE_PASSEDPAWNS:0.47082339519137756
CE_PAWNWEAKNESSES:0.5214209375736893
CE_PIECEACTIVITY:0.4670941441844117
CE_KINGPAWNSHIELD:0.49513809327082337
CE_PIECECOORDINATION:0.5061110365331682
CE_MATERIAL:0.4396411808753862
CE_KINGSAFETY:0.4687788236380136
C_PIECESQUARETABLES:0.5154707926851001
C_MOBILITY:0.5318620988030641
C_KINGSAFETY:0.5131597083822781
C_PAWNSTRUCTURE:0.48676930059972245
C_PIECECOORDINATION:0.5083490895192438
C_ROOKANDPAWNMOVEMENT:0.5083490895192438
C_CENTERCONTROL:0.4374614197749743
C_DEVELOPPIECES:0.4950590320174982
C_MATERIAL:0.5029405425200661
