ELO:1000
CE_PASSEDPAWNS:0.513977447953472
CE_PAWNWEAKNESSES:0.479618913872575
CE_PIECEACTIVITY:0.46523341146216546
CE_KINGPAWNSHIELD:0.5732325767172495
CE_PIECECOORDINATION:0.5217116597914702
CE_MATERIAL:0.4639026605675423
CE_KINGSAFETY:0.4980314417511467
C_PIECESQUARETABLES:0.44759874144361295
C_MOBILITY:0.5037366996190398
C_KINGSAFETY:0.4603328672019111
C_PAWNSTRUCTURE:0.527990237706592
C_PIECECOORDINATION:0.5007204649368105
C_ROOKANDPAWNMOVEMENT:0.5007204649368105
C_CENTERCONTROL:0.5497257297944782
C_DEVELOPPIECES:0.6012245156287241
C_MATERIAL:0.5228334209602876
