ELO:1022
CE_PASSEDPAWNS:0.486346085631379
CE_PAWNWEAKNESSES:0.5090073923529249
CE_PIECEACTIVITY:0.5085548564614705
CE_KINGPAWNSHIELD:0.5089916107534054
CE_PIECECOORDINATION:0.4990128937947933
CE_MATERIAL:0.5010211814414373
CE_KINGSAFETY:0.5
C_PIECESQUARETABLES:0.5
C_MOBILITY:0.4883315461146327
C_KINGSAFETY:0.4795235616541757
C_PAWNSTRUCTURE:0.5
C_PIECECOORDINATION:0.5204537975749808
C_ROOK:0.5048441583325273
CE_ROOK:0.5033036089881361
C_CENTERCONTROL:0.5082215144446985
C_DEVELOPPIECES:0.5124844267830095
C_MATERIAL:0.48613876838746
C_MOVECOUNT:0.5038832775438904
C_PAWNMOVEMENT:0.5105671416101011
