ELO:957
CE_PASSEDPAWNS:0.49791189973150696
CE_PAWNWEAKNESSES:0.4995182143690345
CE_PIECEACTIVITY:0.5
CE_KINGPAWNSHIELD:0.4971688976283699
CE_PIECECOORDINATION:0.5032036449882975
CE_MATERIAL:0.5266774347925881
CE_KINGSAFETY:0.48943317924612606
C_PIECESQUARETABLES:0.5
C_MOBILITY:0.488516381414027
C_KINGSAFETY:0.4892429681713602
C_PAWNSTRUCTURE:0.5156463276643052
C_PIECECOORDINATION:0.5067674175313049
C_ROOKANDPAWNMOVEMENT:0.5067674175313049
C_CENTERCONTROL:0.5061229337897155
C_DEVELOPPIECES:0.5274088712891399
C_MATERIAL:0.4890352422076807
C_MOVECOUNT:0.5
