ELO:929
CE_PASSEDPAWNS:0.5375435591211345
CE_PAWNWEAKNESSES:0.5386202258961248
CE_PIECEACTIVITY:0.39685479215440295
CE_KINGPAWNSHIELD:0.4080659084370742
CE_PIECECOORDINATION:0.5614962375526417
CE_MATERIAL:0.54592334885882
CE_KINGSAFETY:0.543312830385537
C_PIECESQUARETABLES:0.4992445551043219
C_MOBILITY:0.463615947352032
C_KINGSAFETY:0.44822760432129244
C_PAWNSTRUCTURE:0.49564109082236374
C_PIECECOORDINATION:0.480591579005248
C_ROOKANDPAWNMOVEMENT:0.480591579005248
C_CENTERCONTROL:0.6085002821804952
C_DEVELOPPIECES:0.3451486618516041
C_MATERIAL:0.5172971345675247
