ELO:1000
CE_PASSEDPAWNS:0.529694466459359
CE_PAWNWEAKNESSES:0.48408036784453956
CE_PIECEACTIVITY:0.47351104554854895
CE_KINGPAWNSHIELD:0.5197621021919473
CE_PIECECOORDINATION:0.4958799442725876
CE_MATERIAL:0.518333320761529
CE_KINGSAFETY:0.5118544351735362
C_PIECESQUARETABLES:0.487111486041114
C_MOBILITY:0.49236275561578874
C_KINGSAFETY:0.47874065146699846
C_PAWNSTRUCTURE:0.45535222903115075
C_PIECECOORDINATION:0.5274409317505578
C_ROOKANDPAWNMOVEMENT:0.5274409317505578
C_CENTERCONTROL:0.46593727311004185
C_DEVELOPPIECES:0.49129458031954965
C_MATERIAL:0.5538502884337194
