ELO:1026
CE_PASSEDPAWNS:0.4850557424873098
CE_PAWNWEAKNESSES:0.458623202335436
CE_PIECEACTIVITY:0.5350474262973133
CE_KINGPAWNSHIELD:0.52592304186511
CE_PIECECOORDINATION:0.5573934354304043
CE_MATERIAL:0.48334981731956256
CE_KINGSAFETY:0.5
C_PIECESQUARETABLES:0.5
C_MOBILITY:0.49293119841657435
C_KINGSAFETY:0.5
C_PAWNSTRUCTURE:0.41192630111401113
C_PIECECOORDINATION:0.5399752995987395
C_ROOKANDPAWNMOVEMENT:0.5399752995987395
C_CENTERCONTROL:0.4599617598135209
C_DEVELOPPIECES:0.4732142786378269
C_MATERIAL:0.5
C_MOVECOUNT:0.5
