ELO:1000
CE_PASSEDPAWNS:0.5038346642684467
CE_PAWNWEAKNESSES:0.46296641268957783
CE_PIECEACTIVITY:0.4848485911459971
CE_KINGPAWNSHIELD:0.5146046435420606
CE_PIECECOORDINATION:0.48672039036506115
CE_MATERIAL:0.5503281588463949
CE_KINGSAFETY:0.5
C_PIECESQUARETABLES:0.4840847925879206
C_MOBILITY:0.49548216385543425
C_KINGSAFETY:0.45626509986124886
C_PAWNSTRUCTURE:0.47415659265359855
C_PIECECOORDINATION:0.5363768586132249
C_ROOKANDPAWNMOVEMENT:0.5363768586132249
C_CENTERCONTROL:0.44922206899647205
C_DEVELOPPIECES:0.49319070930563813
C_MATERIAL:0.5196875848087165
