ELO:906
CE_PASSEDPAWNS:0.5766699303670891
CE_PAWNWEAKNESSES:0.45630654605813165
CE_PIECEACTIVITY:0.5770667537125554
CE_KINGPAWNSHIELD:0.575937228079886
CE_PIECECOORDINATION:0.6555670392229823
CE_MATERIAL:0.419483232399103
CE_KINGSAFETY:0.4125979535921675
C_PIECESQUARETABLES:0.5349196658385561
C_MOBILITY:0.5521892273250458
C_KINGSAFETY:0.48225320216384454
C_PAWNSTRUCTURE:0.4927490091800193
C_PIECECOORDINATION:0.5669883035425112
C_ROOKANDPAWNMOVEMENT:0.5669883035425112
C_CENTERCONTROL:0.49292047047605736
C_DEVELOPPIECES:0.42855153533639834
C_MATERIAL:0.5654056953828603
