ELO:963
CE_PASSEDPAWNS:0.47126892335047427
CE_PAWNWEAKNESSES:0.48949162842464
CE_PIECEACTIVITY:0.5047923632824904
CE_KINGPAWNSHIELD:0.5004109776453382
CE_PIECECOORDINATION:0.49690145643728295
CE_MATERIAL:0.4960697653908187
CE_KINGSAFETY:0.5199161916439632
C_PIECESQUARETABLES:0.4791701408343528
C_MOBILITY:0.5334681839256653
C_KINGSAFETY:0.5339529134942432
C_PAWNSTRUCTURE:0.5281309608662426
C_PIECECOORDINATION:0.5595892687791842
C_ROOKANDPAWNMOVEMENT:0.5595892687791842
C_CENTERCONTROL:0.5560024590148359
C_DEVELOPPIECES:0.47358500644025975
C_MATERIAL:0.4902676625523553
C_MOVECOUNT:0.5040965130122675
