ELO:946
CE_PASSEDPAWNS:0.49940169821024755
CE_PAWNWEAKNESSES:0.4557694922795258
CE_PIECEACTIVITY:0.5039378260949656
CE_KINGPAWNSHIELD:0.5170196445194198
CE_PIECECOORDINATION:0.43633003843834145
CE_MATERIAL:0.5816769194115289
CE_KINGSAFETY:0.4996081520399001
C_PIECESQUARETABLES:0.4609329393074499
C_MOBILITY:0.5832482538777896
C_KINGSAFETY:0.5115460018816258
C_PAWNSTRUCTURE:0.5065665225928899
C_PIECECOORDINATION:0.5568496140050267
C_ROOKANDPAWNMOVEMENT:0.5568496140050267
C_CENTERCONTROL:0.46389437722012405
C_DEVELOPPIECES:0.44848887526053466
C_MATERIAL:0.4927142207116274
