ELO:1000
CE_PASSEDPAWNS:0.4960581231583429
CE_PAWNWEAKNESSES:0.498931076087608
CE_PIECEACTIVITY:0.48840847810412724
CE_KINGPAWNSHIELD:0.5253712049340116
CE_PIECECOORDINATION:0.5095525218537629
CE_MATERIAL:0.45756430699238143
CE_KINGSAFETY:0.48853429322318986
C_PIECESQUARETABLES:0.5397530392619064
C_MOBILITY:0.4990529815148501
C_KINGSAFETY:0.4815629404841132
C_PAWNSTRUCTURE:0.4717194777053735
C_PIECECOORDINATION:0.5100434576556464
C_ROOKANDPAWNMOVEMENT:0.5100434576556464
C_CENTERCONTROL:0.5530056810394094
C_DEVELOPPIECES:0.5410575767888139
C_MATERIAL:0.4898560067666911
