ELO:1007
CE_PASSEDPAWNS:0.5
CE_PAWNWEAKNESSES:0.5118178537334992
CE_PIECEACTIVITY:0.49641660098858187
CE_KINGPAWNSHIELD:0.5
CE_PIECECOORDINATION:0.4869274432426768
CE_MATERIAL:0.49851536882471287
CE_KINGSAFETY:0.49166630381975124
C_PIECESQUARETABLES:0.5
C_MOBILITY:0.47491011031015345
C_KINGSAFETY:0.4868748453316548
C_PAWNSTRUCTURE:0.4992448979233342
C_PIECECOORDINATION:0.5
C_ROOKANDPAWNMOVEMENT:0.5
C_CENTERCONTROL:0.4791104000155624
C_DEVELOPPIECES:0.49326462605287197
C_MATERIAL:0.5
C_MOVECOUNT:0.5
