ELO:982
CE_PASSEDPAWNS:0.4908204949993317
CE_PAWNWEAKNESSES:0.4613395285831158
CE_PIECEACTIVITY:0.5367417818292335
CE_KINGPAWNSHIELD:0.45744435013890045
CE_PIECECOORDINATION:0.5341352422328516
CE_MATERIAL:0.47226898004781376
CE_KINGSAFETY:0.5
C_PIECESQUARETABLES:0.5
C_MOBILITY:0.5205250168511806
C_KINGSAFETY:0.545450638944934
C_PAWNSTRUCTURE:0.5170801221220388
C_PIECECOORDINATION:0.4902060327981139
C_ROOKANDPAWNMOVEMENT:0.4902060327981139
C_CENTERCONTROL:0.43744573359951083
C_DEVELOPPIECES:0.4931124800397723
C_MATERIAL:0.42549653647861024
C_MOVECOUNT:0.5
