ELO:1005
CE_PASSEDPAWNS:0.49454321782476823
CE_PAWNWEAKNESSES:0.47151979393145466
CE_PIECEACTIVITY:0.5108093294342236
CE_KINGPAWNSHIELD:0.5168893629745961
CE_PIECECOORDINATION:0.5048881832377758
CE_MATERIAL:0.49142463569005956
CE_KINGSAFETY:0.5019574146789694
C_PIECESQUARETABLES:0.4840976908254884
C_MOBILITY:0.4986937504732124
C_KINGSAFETY:0.506378951611724
C_PAWNSTRUCTURE:0.49891319246257726
C_PIECECOORDINATION:0.48397115269794155
C_ROOK:0.5
CE_ROOK:0.5
C_CENTERCONTROL:0.5131220672797461
C_DEVELOPPIECES:0.49705332102431404
C_MATERIAL:0.5009605962268217
C_MOVECOUNT:0.4956961241270103
C_PAWNMOVEMENT:0.4883309925778076
