ELO:990
CE_PASSEDPAWNS:0.4086858995435001
CE_PAWNWEAKNESSES:0.4597162878655136
CE_PIECEACTIVITY:0.5309746171436114
CE_KINGPAWNSHIELD:0.44233351746850835
CE_PIECECOORDINATION:0.48204598505459884
CE_MATERIAL:0.48787532899215247
CE_KINGSAFETY:0.4690764919846393
C_PIECESQUARETABLES:0.5
C_MOBILITY:0.5065743824179656
C_KINGSAFETY:0.5828907576275434
C_PAWNSTRUCTURE:0.484513515856363
C_PIECECOORDINATION:0.4764066537320234
C_ROOKANDPAWNMOVEMENT:0.4764066537320234
C_CENTERCONTROL:0.4892159748478409
C_DEVELOPPIECES:0.43685562506617803
C_MATERIAL:0.4887024044767712
C_MOVECOUNT:0.5
