ELO:983
CE_PASSEDPAWNS:0.5153774541657379
CE_PAWNWEAKNESSES:0.48773074041446673
CE_PIECEACTIVITY:0.5008497136966302
CE_KINGPAWNSHIELD:0.49140782095879726
CE_PIECECOORDINATION:0.5052902663856081
CE_MATERIAL:0.5009804368214746
CE_KINGSAFETY:0.49316921267199465
C_PIECESQUARETABLES:0.5
C_MOBILITY:0.505253621864048
C_KINGSAFETY:0.47853233524338373
C_PAWNSTRUCTURE:0.5201568267717409
C_PIECECOORDINATION:0.47971649191562094
C_ROOKANDPAWNMOVEMENT:0.47971649191562094
C_CENTERCONTROL:0.5097430822245885
C_DEVELOPPIECES:0.5187396203224168
C_MATERIAL:0.4927650949711808
C_MOVECOUNT:0.5
