ELO:981
CE_PASSEDPAWNS:0.4999521386657575
CE_PAWNWEAKNESSES:0.46216781267953794
CE_PIECEACTIVITY:0.5561248494537153
CE_KINGPAWNSHIELD:0.5314863901948274
CE_PIECECOORDINATION:0.5799299858261368
CE_MATERIAL:0.4658003270669131
CE_KINGSAFETY:0.5
C_PIECESQUARETABLES:0.49986977205151073
C_MOBILITY:0.41035997592170237
C_KINGSAFETY:0.5124997314224595
C_PAWNSTRUCTURE:0.5669496475439684
C_PIECECOORDINATION:0.46378301122031973
C_ROOKANDPAWNMOVEMENT:0.46378301122031973
C_CENTERCONTROL:0.5068262729075514
C_DEVELOPPIECES:0.5095859875484684
C_MATERIAL:0.42532070039952524
