ELO:949
CE_PASSEDPAWNS:0.5307995406343606
CE_PAWNWEAKNESSES:0.38211000222521513
CE_PIECEACTIVITY:0.48857330139502636
CE_KINGPAWNSHIELD:0.6020741545363124
CE_PIECECOORDINATION:0.584600522936439
CE_MATERIAL:0.4697566587507512
CE_KINGSAFETY:0.4837615976039997
C_PIECESQUARETABLES:0.4642156080833832
C_MOBILITY:0.4126368996642664
C_KINGSAFETY:0.5029090825575371
C_PAWNSTRUCTURE:0.6284515294920501
C_PIECECOORDINATION:0.427385426534569
C_ROOKANDPAWNMOVEMENT:0.427385426534569
C_CENTERCONTROL:0.5219541871733288
C_DEVELOPPIECES:0.5531583296125322
C_MATERIAL:0.3993322054206486
