ELO:968
CE_PASSEDPAWNS:0.4984417782113531
CE_PAWNWEAKNESSES:0.44853792969692863
CE_PIECEACTIVITY:0.5381861929867432
CE_KINGPAWNSHIELD:0.5590243076724168
CE_PIECECOORDINATION:0.5705087636835653
CE_MATERIAL:0.46067616395002875
CE_KINGSAFETY:0.4896972952237844
C_PIECESQUARETABLES:0.5
C_MOBILITY:0.4020911324593202
C_KINGSAFETY:0.5089619454196156
C_PAWNSTRUCTURE:0.5627896907453256
C_PIECECOORDINATION:0.46378301122031973
C_ROOKANDPAWNMOVEMENT:0.46378301122031973
C_CENTERCONTROL:0.4909141478347223
C_DEVELOPPIECES:0.5293430570148596
C_MATERIAL:0.4275267178283344
