ELO:788
CE_PASSEDPAWNS:0.49982663811089595
CE_PAWNWEAKNESSES:0.49922380526977184
CE_PIECEACTIVITY:0.5179338570262111
CE_KINGPAWNSHIELD:0.5142146558339022
CE_PIECECOORDINATION:0.43653738178177554
CE_MATERIAL:0.5516966885066513
CE_KINGSAFETY:0.5136786766249478
C_PIECESQUARETABLES:0.5391365495959434
C_MOBILITY:0.5316453143755216
C_KINGSAFETY:0.4066762925143851
C_PAWNSTRUCTURE:0.44377206271682823
C_PIECECOORDINATION:0.5441800710641013
C_ROOKANDPAWNMOVEMENT:0.5441800710641013
C_CENTERCONTROL:0.49058727392228235
C_DEVELOPPIECES:0.43292399641877516
C_MATERIAL:0.42340190905441955
C_MOVECOUNT:0.5
