ELO:995
CE_PASSEDPAWNS:0.507265709906196
CE_PAWNWEAKNESSES:0.5042927865713323
CE_PIECEACTIVITY:0.4943019281043089
CE_KINGPAWNSHIELD:0.4795153792497253
CE_PIECECOORDINATION:0.504987083737468
CE_MATERIAL:0.5157313067794234
CE_KINGSAFETY:0.5
C_PIECESQUARETABLES:0.4984516994007882
C_MOBILITY:0.5012342844630524
C_KINGSAFETY:0.5050419062458532
C_PAWNSTRUCTURE:0.48588107622215815
C_PIECECOORDINATION:0.5111149495884642
C_ROOKANDPAWNMOVEMENT:0.5111149495884642
C_CENTERCONTROL:0.491752449482438
C_DEVELOPPIECES:0.5077994280014249
C_MATERIAL:0.5081844068793154
C_MOVECOUNT:0.4996662998449094
