ELO:954
CE_PASSEDPAWNS:0.5613689457329333
CE_PAWNWEAKNESSES:0.4661762794786402
CE_PIECEACTIVITY:0.5034939525992762
CE_KINGPAWNSHIELD:0.4854799433038853
CE_PIECECOORDINATION:0.4258383363992576
CE_MATERIAL:0.5654984162638698
CE_KINGSAFETY:0.5122587578028697
C_PIECESQUARETABLES:0.4932813628351357
C_MOBILITY:0.4905232342739637
C_KINGSAFETY:0.5087436204715088
C_PAWNSTRUCTURE:0.5084974539195658
C_PIECECOORDINATION:0.5416676955141063
C_ROOKANDPAWNMOVEMENT:0.5416676955141063
C_CENTERCONTROL:0.5018139237572029
C_DEVELOPPIECES:0.5366046753515069
C_MATERIAL:0.48332170922831524
