ELO:966
CE_PASSEDPAWNS:0.5534145763452699
CE_PAWNWEAKNESSES:0.4761316368903842
CE_PIECEACTIVITY:0.48612953598147274
CE_KINGPAWNSHIELD:0.5236929586393663
CE_PIECECOORDINATION:0.43907887736776746
CE_MATERIAL:0.5611465318970325
CE_KINGSAFETY:0.49822087180113617
C_PIECESQUARETABLES:0.5145729228221428
C_MOBILITY:0.49568900461456566
C_KINGSAFETY:0.5099835604341649
C_PAWNSTRUCTURE:0.50877971742335
C_PIECECOORDINATION:0.5150430526554398
C_ROOKANDPAWNMOVEMENT:0.5150430526554398
C_CENTERCONTROL:0.5123932408774895
C_DEVELOPPIECES:0.5048632251044137
C_MATERIAL:0.45572173874271704
