ELO:970
CE_PASSEDPAWNS:0.514142296133568
CE_PAWNWEAKNESSES:0.503463453968931
CE_PIECEACTIVITY:0.47902141514314206
CE_KINGPAWNSHIELD:0.4915725049214026
CE_PIECECOORDINATION:0.5307254748882628
CE_MATERIAL:0.515750332166783
CE_KINGSAFETY:0.4815063525028621
C_PIECESQUARETABLES:0.4961179728731655
C_MOBILITY:0.49535490516658975
C_KINGSAFETY:0.5101505109484898
C_PAWNSTRUCTURE:0.49619222226382764
C_PIECECOORDINATION:0.49087239249049325
C_ROOK:0.4757996914799367
CE_ROOK:0.5323790720266243
C_CENTERCONTROL:0.46502717695760615
C_DEVELOPPIECES:0.5208220933627076
C_MATERIAL:0.49386074331479785
C_MOVECOUNT:0.5067908947949513
C_PAWNMOVEMENT:0.4609723992669641
