ELO:1011
CE_PASSEDPAWNS:0.5
CE_PAWNWEAKNESSES:0.5
CE_PIECEACTIVITY:0.4965563982135521
CE_KINGPAWNSHIELD:0.5036251324737254
CE_PIECECOORDINATION:0.49141041909363503
CE_MATERIAL:0.4933064046873029
CE_KINGSAFETY:0.4963845763383474
C_PIECESQUARETABLES:0.5
C_MOBILITY:0.5117596815271033
C_KINGSAFETY:0.5
C_PAWNSTRUCTURE:0.5041346735103202
C_PIECECOORDINATION:0.5015068954823113
C_ROOK:0.5
CE_ROOK:0.47679446658886154
C_CENTERCONTROL:0.5252382925103042
C_DEVELOPPIECES:0.5016784508480543
C_MATERIAL:0.4947012877897544
C_MOVECOUNT:0.4950527838003674
C_PAWNMOVEMENT:0.49650614853977443
