ELO:938
CE_PASSEDPAWNS:0.541207853051087
CE_PAWNWEAKNESSES:0.4652476333788767
CE_PIECEACTIVITY:0.4936647618313898
CE_KINGPAWNSHIELD:0.5016986818839203
CE_PIECECOORDINATION:0.49266484586470705
CE_MATERIAL:0.5087504338738502
CE_KINGSAFETY:0.5008506407787645
C_PIECESQUARETABLES:0.49706267678304267
C_MOBILITY:0.5180033601878673
C_KINGSAFETY:0.5129810545641564
C_PAWNSTRUCTURE:0.5032476212472542
C_PIECECOORDINATION:0.4741291912639849
C_ROOKANDPAWNMOVEMENT:0.4741291912639849
C_CENTERCONTROL:0.5061647816723026
C_DEVELOPPIECES:0.5112588477892829
C_MATERIAL:0.4783493272747151
C_MOVECOUNT:0.5
