ELO:950
CE_PASSEDPAWNS:0.4723451264953782
CE_PAWNWEAKNESSES:0.44402394937185885
CE_PIECEACTIVITY:0.5594978002495871
CE_KINGPAWNSHIELD:0.5764037360819706
CE_PIECECOORDINATION:0.4974921076917287
CE_MATERIAL:0.5646348793924829
CE_KINGSAFETY:0.49319155796840747
C_PIECESQUARETABLES:0.49516326988236375
C_MOBILITY:0.3575820825095094
C_KINGSAFETY:0.4756976794785759
C_PAWNSTRUCTURE:0.43343341809219793
C_PIECECOORDINATION:0.4182910721288125
C_ROOKANDPAWNMOVEMENT:0.4182910721288125
C_CENTERCONTROL:0.5111488885130562
C_DEVELOPPIECES:0.4731858049272055
C_MATERIAL:0.6401978876595843
