ELO:1000
CE_PASSEDPAWNS:0.5003759404759768
CE_PAWNWEAKNESSES:0.5
CE_PIECEACTIVITY:0.5008972853698704
CE_KINGPAWNSHIELD:0.5
CE_PIECECOORDINATION:0.484404874639688
CE_MATERIAL:0.5217887907414953
CE_KINGSAFETY:0.49104139006048614
C_PIECESQUARETABLES:0.4877219068729314
C_MOBILITY:0.5092155929826211
C_KINGSAFETY:0.4913615593034142
C_PAWNSTRUCTURE:0.509557053997569
C_PIECECOORDINATION:0.5041869159468516
C_ROOKANDPAWNMOVEMENT:0.5041869159468516
C_CENTERCONTROL:0.5184819828578691
C_DEVELOPPIECES:0.5148711766189652
C_MATERIAL:0.5
