ELO:984
CE_PASSEDPAWNS:0.5076060775517678
CE_PAWNWEAKNESSES:0.49737224627756543
CE_PIECEACTIVITY:0.4909888104158695
CE_KINGPAWNSHIELD:0.4994957306728674
CE_PIECECOORDINATION:0.5099764579387409
CE_MATERIAL:0.5071802187755338
CE_KINGSAFETY:0.5
C_PIECESQUARETABLES:0.5
C_MOBILITY:0.4981065330888257
C_KINGSAFETY:0.4889220415396454
C_PAWNSTRUCTURE:0.5194691767568893
C_PIECECOORDINATION:0.47896491543441616
C_ROOK:0.5056500590093665
CE_ROOK:0.49511326316351256
C_CENTERCONTROL:0.4770757643932454
C_DEVELOPPIECES:0.5141338883134667
C_MATERIAL:0.5007668914213309
C_MOVECOUNT:0.493595440949629
C_PAWNMOVEMENT:0.46443779771980587
