ELO:740
CE_PASSEDPAWNS:0.4968145346430398
CE_PAWNWEAKNESSES:0.507853862738736
CE_PIECEACTIVITY:0.5213893022950418
CE_KINGPAWNSHIELD:0.5049411304557592
CE_PIECECOORDINATION:0.45344505462431073
CE_MATERIAL:0.5653314841588432
CE_KINGSAFETY:0.5049413739483729
C_PIECESQUARETABLES:0.5318404223010348
C_MOBILITY:0.5281313447324035
C_KINGSAFETY:0.4095099234832345
C_PAWNSTRUCTURE:0.42885118635370295
C_PIECECOORDINATION:0.5449556912556401
C_ROOKANDPAWNMOVEMENT:0.5449556912556401
C_CENTERCONTROL:0.48353883802099606
C_DEVELOPPIECES:0.42651186635510197
C_MATERIAL:0.42241827430013595
C_MOVECOUNT:0.5
