ELO:1041
CE_PASSEDPAWNS:0.4316707816668997
CE_PAWNWEAKNESSES:0.47286425670431176
CE_PIECEACTIVITY:0.5215070276564264
CE_KINGPAWNSHIELD:0.5436866878806508
CE_PIECECOORDINATION:0.5117626846070501
CE_MATERIAL:0.47801577535742124
CE_KINGSAFETY:0.5
C_PIECESQUARETABLES:0.5
C_MOBILITY:0.5209840840061878
C_KINGSAFETY:0.47906360941770565
C_PAWNSTRUCTURE:0.4991070109688661
C_PIECECOORDINATION:0.5204537975749808
C_ROOK:0.4820435025592838
CE_ROOK:0.48881139727124817
C_CENTERCONTROL:0.4823101694904601
C_DEVELOPPIECES:0.47413697981581215
C_MATERIAL:0.5244111220125648
C_MOVECOUNT:0.5433523217821613
C_PAWNMOVEMENT:0.4985402491232781
