ELO:795
CE_PASSEDPAWNS:0.5677738099358753
CE_PAWNWEAKNESSES:0.49735029829458915
CE_PIECEACTIVITY:0.4469918154133541
CE_KINGPAWNSHIELD:0.45175494218797957
CE_PIECECOORDINATION:0.5031610981431722
CE_MATERIAL:0.5819858533094593
CE_KINGSAFETY:0.5
C_PIECESQUARETABLES:0.4839602106816199
C_MOBILITY:0.42959727725468155
C_KINGSAFETY:0.4938308596580325
C_PAWNSTRUCTURE:0.47015590201288565
C_PIECECOORDINATION:0.5698639130587513
C_ROOKANDPAWNMOVEMENT:0.5698639130587513
C_CENTERCONTROL:0.5029488619610396
C_DEVELOPPIECES:0.4701111816825995
C_MATERIAL:0.4582453352368359
C_MOVECOUNT:0.4937189527322798
