ELO:926
CE_PASSEDPAWNS:0.5279292541337183
CE_PAWNWEAKNESSES:0.48584998843279814
CE_PIECEACTIVITY:0.49563909165534314
CE_KINGPAWNSHIELD:0.48795597858652284
CE_PIECECOORDINATION:0.4615199709653058
CE_MATERIAL:0.4909756593349415
CE_KINGSAFETY:0.49418917848753996
C_PIECESQUARETABLES:0.5266582609641343
C_MOBILITY:0.5188440353376808
C_KINGSAFETY:0.5136254255919346
C_PAWNSTRUCTURE:0.5154240674095608
C_PIECECOORDINATION:0.49170964064302175
C_ROOKANDPAWNMOVEMENT:0.49170964064302175
C_CENTERCONTROL:0.5301508946298173
C_DEVELOPPIECES:0.5013894901677293
C_MATERIAL:0.5004097914352862
C_MOVECOUNT:0.5
