ELO:1000
CE_PASSEDPAWNS:0.5149875710911553
CE_PAWNWEAKNESSES:0.4483071139437295
CE_PIECEACTIVITY:0.4862324064392926
CE_KINGPAWNSHIELD:0.5148344480993775
CE_PIECECOORDINATION:0.5392520054751118
CE_MATERIAL:0.47022654622600907
CE_KINGSAFETY:0.4983115140926
C_PIECESQUARETABLES:0.5062406726888361
C_MOBILITY:0.4554385877770519
C_KINGSAFETY:0.49835805775752484
C_PAWNSTRUCTURE:0.5035109739605886
C_PIECECOORDINATION:0.4704471772243296
C_ROOKANDPAWNMOVEMENT:0.4704471772243296
C_CENTERCONTROL:0.5152651251388704
C_DEVELOPPIECES:0.49660684991708304
C_MATERIAL:0.4801325560852124
