ELO:985
CE_PASSEDPAWNS:0.5239658408875605
CE_PAWNWEAKNESSES:0.4966276955379332
CE_PIECEACTIVITY:0.48880505995634643
CE_KINGPAWNSHIELD:0.5054157607081073
CE_PIECECOORDINATION:0.48932041053306485
CE_MATERIAL:0.521083973924478
CE_KINGSAFETY:0.48696797428424904
C_PIECESQUARETABLES:0.49207304573910365
C_MOBILITY:0.4837910819257005
C_KINGSAFETY:0.49927067297047106
C_PAWNSTRUCTURE:0.5143301910969305
C_PIECECOORDINATION:0.4999938645735221
C_ROOKANDPAWNMOVEMENT:0.4999938645735221
C_CENTERCONTROL:0.5048444956181835
C_DEVELOPPIECES:0.5106469056020831
C_MATERIAL:0.4973979574095198
C_MOVECOUNT:0.5107361581231755
