ELO:944
CE_PASSEDPAWNS:0.5778484155159336
CE_PAWNWEAKNESSES:0.43822391592851884
CE_PIECEACTIVITY:0.5146826035226331
CE_KINGPAWNSHIELD:0.4929913768605545
CE_PIECECOORDINATION:0.4225225298262724
CE_MATERIAL:0.5901664713219142
CE_KINGSAFETY:0.49911982036532965
C_PIECESQUARETABLES:0.4776091642259127
C_MOBILITY:0.4844944017465988
C_KINGSAFETY:0.5043287405124743
C_PAWNSTRUCTURE:0.5223556212602538
C_PIECECOORDINATION:0.5673389801399547
C_ROOKANDPAWNMOVEMENT:0.5673389801399547
C_CENTERCONTROL:0.5089575626909952
C_DEVELOPPIECES:0.5159681999409488
C_MATERIAL:0.46178802120169077
