ELO:800
CE_PASSEDPAWNS:0.4688518814402991
CE_PAWNWEAKNESSES:0.5579191943078603
CE_PIECEACTIVITY:0.5123660875850393
CE_KINGPAWNSHIELD:0.5263730831454425
CE_PIECECOORDINATION:0.44515243422114203
CE_MATERIAL:0.5133213251561771
CE_KINGSAFETY:0.5010574088451021
C_PIECESQUARETABLES:0.5622689157274642
C_MOBILITY:0.5337836200912855
C_KINGSAFETY:0.4118001757580883
C_PAWNSTRUCTURE:0.44555102701248067
C_PIECECOORDINATION:0.5442495216303641
C_ROOKANDPAWNMOVEMENT:0.5442495216303641
C_CENTERCONTROL:0.49523802057923777
C_DEVELOPPIECES:0.47815513684938393
C_MATERIAL:0.4524614218343324
C_MOVECOUNT:0.5
