ELO:1000
CE_PASSEDPAWNS:0.548919584546805
CE_PAWNWEAKNESSES:0.4778972547402183
CE_PIECEACTIVITY:0.5241192203775923
CE_KINGPAWNSHIELD:0.46577948106781536
CE_PIECECOORDINATION:0.4716012498456173
CE_MATERIAL:0.5130432830540934
CE_KINGSAFETY:0.43904837105459726
C_PIECESQUARETABLES:0.5127465059785998
C_MOBILITY:0.49062992416068935
C_KINGSAFETY:0.47409232620649666
C_PAWNSTRUCTURE:0.5312871264628547
C_PIECECOORDINATION:0.48815815678913055
C_ROOKANDPAWNMOVEMENT:0.48815815678913055
C_CENTERCONTROL:0.5375039674053979
C_DEVELOPPIECES:0.44565962446684576
C_MATERIAL:0.4669099936393985
