ELO:1000
CE_PASSEDPAWNS:0.5353109140425847
CE_PAWNWEAKNESSES:0.49574371507877185
CE_PIECEACTIVITY:0.5146581497690121
CE_KINGPAWNSHIELD:0.5073191444471359
CE_PIECECOORDINATION:0.45028540390955757
CE_MATERIAL:0.5422904942246174
CE_KINGSAFETY:0.47577471221649376
C_PIECESQUARETABLES:0.5478073856857112
C_MOBILITY:0.4917922725135995
C_KINGSAFETY:0.4494490378881024
C_PAWNSTRUCTURE:0.5111738907159363
C_PIECECOORDINATION:0.5063455731337714
C_ROOKANDPAWNMOVEMENT:0.5063455731337714
C_CENTERCONTROL:0.5008548161939044
C_DEVELOPPIECES:0.4695648117469645
C_MATERIAL:0.4930436826638045
