ELO:1000
CE_PASSEDPAWNS:0.4931920321378747
CE_PAWNWEAKNESSES:0.49831436721907785
CE_PIECEACTIVITY:0.5033266511279442
CE_KINGPAWNSHIELD:0.4998639646207682
CE_PIECECOORDINATION:0.5108165439628749
CE_MATERIAL:0.49837271154673607
CE_KINGSAFETY:0.49501733571348094
C_PIECESQUARETABLES:0.484411421682109
C_MOBILITY:0.4981065330888257
C_KINGSAFETY:0.5085237742222669
C_PAWNSTRUCTURE:0.5039134607134494
C_PIECECOORDINATION:0.49228231985250936
C_ROOK:0.49479853986682276
CE_ROOK:0.48713282187409496
C_CENTERCONTROL:0.49628992235474995
C_DEVELOPPIECES:0.5040785937207563
C_MATERIAL:0.5105244502057157
C_MOVECOUNT:0.5
C_PAWNMOVEMENT:0.48265047230651353
