ELO:1000
CE_PASSEDPAWNS:0.4936315483598118
CE_PAWNWEAKNESSES:0.48717961926461173
CE_PIECEACTIVITY:0.49178772303458196
CE_KINGPAWNSHIELD:0.4976592109037938
CE_PIECECOORDINATION:0.5108165439628749
CE_MATERIAL:0.5
CE_KINGSAFETY:0.5
C_PIECESQUARETABLES:0.4989688564320468
C_MOBILITY:0.4981065330888257
C_KINGSAFETY:0.50492820641381
C_PAWNSTRUCTURE:0.496632272629425
C_PIECECOORDINATION:0.49228231985250936
C_ROOK:0.49479853986682276
CE_ROOK:0.48713282187409496
C_CENTERCONTROL:0.49578963521079505
C_DEVELOPPIECES:0.49704812874411514
C_MATERIAL:0.5
C_MOVECOUNT:0.5
C_PAWNMOVEMENT:0.48603026657906995
