ELO:1000
CE_PASSEDPAWNS:0.5507549796998429
CE_PAWNWEAKNESSES:0.4754233154590955
CE_PIECEACTIVITY:0.5241192203775923
CE_KINGPAWNSHIELD:0.48369537901839615
CE_PIECECOORDINATION:0.4595788195318812
CE_MATERIAL:0.5304087329190504
CE_KINGSAFETY:0.44317198280742925
C_PIECESQUARETABLES:0.5045213695527643
C_MOBILITY:0.49265882823478774
C_KINGSAFETY:0.47409232620649666
C_PAWNSTRUCTURE:0.5277664431039172
C_PIECECOORDINATION:0.4891927589303863
C_ROOKANDPAWNMOVEMENT:0.4891927589303863
C_CENTERCONTROL:0.5339440271733529
C_DEVELOPPIECES:0.46946998787635863
C_MATERIAL:0.48330625755442796
