ELO:988
CE_PASSEDPAWNS:0.49146440589652507
CE_PAWNWEAKNESSES:0.45004476876314975
CE_PIECEACTIVITY:0.5576358690054407
CE_KINGPAWNSHIELD:0.5210434898858808
CE_PIECECOORDINATION:0.5593958567123073
CE_MATERIAL:0.48404937421539607
CE_KINGSAFETY:0.5699715321410727
C_PIECESQUARETABLES:0.5112400044987297
C_MOBILITY:0.4355150807562437
C_KINGSAFETY:0.516652183727095
C_PAWNSTRUCTURE:0.5820649078186457
C_PIECECOORDINATION:0.4734991124727028
C_ROOKANDPAWNMOVEMENT:0.4734991124727028
C_CENTERCONTROL:0.5234721357203622
C_DEVELOPPIECES:0.5049736891159463
C_MATERIAL:0.4306482380951077
