ELO:956
CE_PASSEDPAWNS:0.5621777686080637
CE_PAWNWEAKNESSES:0.46786902229588573
CE_PIECEACTIVITY:0.4992704683140585
CE_KINGPAWNSHIELD:0.47577685514233525
CE_PIECECOORDINATION:0.42431952858365707
CE_MATERIAL:0.5406370941129149
CE_KINGSAFETY:0.48692833343920167
C_PIECESQUARETABLES:0.49417013501700086
C_MOBILITY:0.5015582549192587
C_KINGSAFETY:0.523352779425521
C_PAWNSTRUCTURE:0.4982870778634051
C_PIECECOORDINATION:0.5416676955141063
C_ROOKANDPAWNMOVEMENT:0.5416676955141063
C_CENTERCONTROL:0.5013658835648888
C_DEVELOPPIECES:0.5513586492245753
C_MATERIAL:0.47636829298929273
