ELO:976
CE_PASSEDPAWNS:0.5060880566774448
CE_PAWNWEAKNESSES:0.49388160951276544
CE_PIECEACTIVITY:0.47902141514314206
CE_KINGPAWNSHIELD:0.4869981270699103
CE_PIECECOORDINATION:0.5208857978330207
CE_MATERIAL:0.5151664383096204
CE_KINGSAFETY:0.4870839743925194
C_PIECESQUARETABLES:0.5
C_MOBILITY:0.48115243619979536
C_KINGSAFETY:0.5064931420332283
C_PAWNSTRUCTURE:0.5039346282712911
C_PIECECOORDINATION:0.5029658309390754
C_ROOK:0.4940680623979546
CE_ROOK:0.5140699060519952
C_CENTERCONTROL:0.46502717695760615
C_DEVELOPPIECES:0.5105129854497666
C_MATERIAL:0.5029714832452046
C_MOVECOUNT:0.49693770210198535
C_PAWNMOVEMENT:0.4609723992669641
