ELO:967
CE_PASSEDPAWNS:0.5342577271313539
CE_PAWNWEAKNESSES:0.4881807717281625
CE_PIECEACTIVITY:0.5307260367377911
CE_KINGPAWNSHIELD:0.5411593456908269
CE_PIECECOORDINATION:0.5159496440302096
CE_MATERIAL:0.46120726550479324
CE_KINGSAFETY:0.5
C_PIECESQUARETABLES:0.5
C_MOBILITY:0.48067093040471387
C_KINGSAFETY:0.5186073860118167
C_PAWNSTRUCTURE:0.48606498919558555
C_PIECECOORDINATION:0.509803514540476
C_ROOK:0.493768372826866
CE_ROOK:0.5166363473588294
C_CENTERCONTROL:0.48062616958380644
C_DEVELOPPIECES:0.48976861333752186
C_MATERIAL:0.47542386456521446
C_MOVECOUNT:0.4983452634178509
C_PAWNMOVEMENT:0.48965076279003683
