ELO:873
CE_PASSEDPAWNS:0.6059343724801
CE_PAWNWEAKNESSES:0.40089373896542657
CE_PIECEACTIVITY:0.5012775176716221
CE_KINGPAWNSHIELD:0.5199582305819701
CE_PIECECOORDINATION:0.34008548312159265
CE_MATERIAL:0.6306809094052162
CE_KINGSAFETY:0.523512538430227
C_PIECESQUARETABLES:0.47022832874970083
C_MOBILITY:0.4990740715803278
C_KINGSAFETY:0.4369141066134056
C_PAWNSTRUCTURE:0.4583495035029895
C_PIECECOORDINATION:0.6096214723220527
C_ROOKANDPAWNMOVEMENT:0.6096214723220527
C_CENTERCONTROL:0.5501115915495992
C_DEVELOPPIECES:0.5360091555839523
C_MATERIAL:0.46689749662499486
