ELO:1034
CE_PASSEDPAWNS:0.47450298205620545
CE_PAWNWEAKNESSES:0.46526235889391143
CE_PIECEACTIVITY:0.5106700029888525
CE_KINGPAWNSHIELD:0.5223091071042263
CE_PIECECOORDINATION:0.5208433877884806
CE_MATERIAL:0.48739360941488546
CE_KINGSAFETY:0.5
C_PIECESQUARETABLES:0.5
C_MOBILITY:0.5242855971024735
C_KINGSAFETY:0.46402129971210204
C_PAWNSTRUCTURE:0.5197121028494018
C_PIECECOORDINATION:0.5088834782156937
C_ROOK:0.5722442042757939
CE_ROOK:0.4854361812081888
C_CENTERCONTROL:0.4810832353263226
C_DEVELOPPIECES:0.4870639169353607
C_MATERIAL:0.5079465964902403
C_MOVECOUNT:0.5014323903177648
C_PAWNMOVEMENT:0.4804229145699416
