ELO:987
CE_PASSEDPAWNS:0.5044980904028651
CE_PAWNWEAKNESSES:0.47346963732710723
CE_PIECEACTIVITY:0.5782644373468018
CE_KINGPAWNSHIELD:0.5085430197863048
CE_PIECECOORDINATION:0.5686246612099011
CE_MATERIAL:0.45762935326129456
CE_KINGSAFETY:0.5140444621438502
C_PIECESQUARETABLES:0.5
C_MOBILITY:0.4107497504765453
C_KINGSAFETY:0.516189148177038
C_PAWNSTRUCTURE:0.5680965121620143
C_PIECECOORDINATION:0.4895233818718644
C_ROOKANDPAWNMOVEMENT:0.4895233818718644
C_CENTERCONTROL:0.5002666605046906
C_DEVELOPPIECES:0.5095859875484684
C_MATERIAL:0.4225575429506676
