ELO:958
CE_PASSEDPAWNS:0.5081085853950534
CE_PAWNWEAKNESSES:0.4976599201000596
CE_PIECEACTIVITY:0.5037946131585604
CE_KINGPAWNSHIELD:0.5069969084069064
CE_PIECECOORDINATION:0.4983391172467965
CE_MATERIAL:0.47707111333131474
CE_KINGSAFETY:0.49407962575789194
C_PIECESQUARETABLES:0.5027020953867258
C_MOBILITY:0.489936720712593
C_KINGSAFETY:0.4920981101916362
C_PAWNSTRUCTURE:0.5081240697995413
C_PIECECOORDINATION:0.49822462554107044
C_ROOKANDPAWNMOVEMENT:0.49822462554107044
C_CENTERCONTROL:0.5040567982564033
C_DEVELOPPIECES:0.5079901931917066
C_MATERIAL:0.4950622894015078
