ELO:995
CE_PASSEDPAWNS:0.48883456398268255
CE_PAWNWEAKNESSES:0.5042927865713323
CE_PIECEACTIVITY:0.508968776705346
CE_KINGPAWNSHIELD:0.49263329355202407
CE_PIECECOORDINATION:0.5061895797775401
CE_MATERIAL:0.5154867987968426
CE_KINGSAFETY:0.4829357003949389
C_PIECESQUARETABLES:0.5024037938963938
C_MOBILITY:0.5012342844630524
C_KINGSAFETY:0.4982605839731944
C_PAWNSTRUCTURE:0.4954207802073303
C_PIECECOORDINATION:0.5074470465017487
C_ROOKANDPAWNMOVEMENT:0.5074470465017487
C_CENTERCONTROL:0.491752449482438
C_DEVELOPPIECES:0.5
C_MATERIAL:0.4966598896105228
C_MOVECOUNT:0.5078413618148263
