ELO:972
CE_PASSEDPAWNS:0.5523604077240667
CE_PAWNWEAKNESSES:0.4639046652044193
CE_PIECEACTIVITY:0.50199021306621
CE_KINGPAWNSHIELD:0.5407706543169557
CE_PIECECOORDINATION:0.43946534871411047
CE_MATERIAL:0.5467819486046679
CE_KINGSAFETY:0.5
C_PIECESQUARETABLES:0.4889426244292928
C_MOBILITY:0.48182766095070695
C_KINGSAFETY:0.5020347032219803
C_PAWNSTRUCTURE:0.5434908937906275
C_PIECECOORDINATION:0.5034674155219966
C_ROOKANDPAWNMOVEMENT:0.5034674155219966
C_CENTERCONTROL:0.5296233368122394
C_DEVELOPPIECES:0.4834511455670919
C_MATERIAL:0.4515791423011676
