ELO:988
CE_PASSEDPAWNS:0.5063692808177809
CE_PAWNWEAKNESSES:0.5019457289978981
CE_PIECEACTIVITY:0.49962370136328443
CE_KINGPAWNSHIELD:0.5
CE_PIECECOORDINATION:0.48932041053306485
CE_MATERIAL:0.5100369593681472
CE_KINGSAFETY:0.5
C_PIECESQUARETABLES:0.5
C_MOBILITY:0.5
C_KINGSAFETY:0.5020617523259849
C_PAWNSTRUCTURE:0.5
C_PIECECOORDINATION:0.48774629723844387
C_ROOKANDPAWNMOVEMENT:0.48774629723844387
C_CENTERCONTROL:0.5
C_DEVELOPPIECES:0.5082572358467099
C_MATERIAL:0.5022405598913918
C_MOVECOUNT:0.5
