ELO:904
CE_PASSEDPAWNS:0.5102685624525356
CE_PAWNWEAKNESSES:0.49024397338299264
CE_PIECEACTIVITY:0.4049705895363475
CE_KINGPAWNSHIELD:0.499489000603491
CE_PIECECOORDINATION:0.4211175731010703
CE_MATERIAL:0.4920867500388754
CE_KINGSAFETY:0.5076944332349547
C_PIECESQUARETABLES:0.4850603542350819
C_MOBILITY:0.5651744947316868
C_KINGSAFETY:0.487478806619327
C_PAWNSTRUCTURE:0.49689806067513864
C_PIECECOORDINATION:0.5921420166707065
C_ROOKANDPAWNMOVEMENT:0.5921420166707065
C_CENTERCONTROL:0.5783342785497125
C_DEVELOPPIECES:0.47262793217063315
C_MATERIAL:0.531125529062775
