ELO:998
CE_PASSEDPAWNS:0.49709284940223286
CE_PAWNWEAKNESSES:0.5179345407575462
CE_PIECEACTIVITY:0.5184160729348016
CE_KINGPAWNSHIELD:0.5411593456908269
CE_PIECECOORDINATION:0.5118594336930758
CE_MATERIAL:0.48910892379538506
CE_KINGSAFETY:0.5
C_PIECESQUARETABLES:0.5
C_MOBILITY:0.5160295201892989
C_KINGSAFETY:0.48911729326956044
C_PAWNSTRUCTURE:0.5002356191162017
C_PIECECOORDINATION:0.47186079018722366
C_ROOK:0.4928036586473775
CE_ROOK:0.5429856062923581
C_CENTERCONTROL:0.48604540223644294
C_DEVELOPPIECES:0.48976861333752186
C_MATERIAL:0.4787804120346306
C_MOVECOUNT:0.5281170534686258
C_PAWNMOVEMENT:0.5149167161705553
