ELO:996
CE_PASSEDPAWNS:0.49843320115812967
CE_PAWNWEAKNESSES:0.5073783996455112
CE_PIECEACTIVITY:0.5360850906915228
CE_KINGPAWNSHIELD:0.5114126583345032
CE_PIECECOORDINATION:0.5343324228066855
CE_MATERIAL:0.48786067287465257
CE_KINGSAFETY:0.5
C_PIECESQUARETABLES:0.5
C_MOBILITY:0.5
C_KINGSAFETY:0.5018360826401095
C_PAWNSTRUCTURE:0.501224790571876
C_PIECECOORDINATION:0.47186079018722366
C_ROOK:0.5363278611052644
CE_ROOK:0.5429856062923581
C_CENTERCONTROL:0.4914732669025888
C_DEVELOPPIECES:0.4727473771815632
C_MATERIAL:0.5115815093018656
C_MOVECOUNT:0.5063024472324568
C_PAWNMOVEMENT:0.5161582807808635
