ELO:795
CE_PASSEDPAWNS:0.5003653952989522
CE_PAWNWEAKNESSES:0.5268811695094778
CE_PIECEACTIVITY:0.49473002054976184
CE_KINGPAWNSHIELD:0.4700289560563339
CE_PIECECOORDINATION:0.49593497141159354
CE_MATERIAL:0.5271027845176413
CE_KINGSAFETY:0.4844834342335244
C_PIECESQUARETABLES:0.49132187355342116
C_MOBILITY:0.4805652904436095
C_KINGSAFETY:0.4927394015111607
C_PAWNSTRUCTURE:0.5850703834812238
C_PIECECOORDINATION:0.5160243752503804
C_ROOKANDPAWNMOVEMENT:0.5160243752503804
C_CENTERCONTROL:0.5196131017904105
C_DEVELOPPIECES:0.4419414292658384
C_MATERIAL:0.5217663386474225
C_MOVECOUNT:0.49851528962902025
