ELO:869
CE_PASSEDPAWNS:0.42518878802987403
CE_PAWNWEAKNESSES:0.5525013861435144
CE_PIECEACTIVITY:0.5283216030528822
CE_KINGPAWNSHIELD:0.5553614934268316
CE_PIECECOORDINATION:0.5168576575961442
CE_MATERIAL:0.5394749500887365
CE_KINGSAFETY:0.5103092045636223
C_PIECESQUARETABLES:0.45246866184904627
C_MOBILITY:0.5643225177862791
C_KINGSAFETY:0.46876399708434985
C_PAWNSTRUCTURE:0.445409724517434
C_PIECECOORDINATION:0.5306441587384498
C_ROOKANDPAWNMOVEMENT:0.5306441587384498
C_CENTERCONTROL:0.4451394049169967
C_DEVELOPPIECES:0.48002487367267876
C_MATERIAL:0.5344338082728488
C_MOVECOUNT:0.5155546301220888
