ELO:779
CE_PASSEDPAWNS:0.5098465219729872
CE_PAWNWEAKNESSES:0.5635570118166905
CE_PIECEACTIVITY:0.4699743373783042
CE_KINGPAWNSHIELD:0.5177565263304769
CE_PIECECOORDINATION:0.4368864492582233
CE_MATERIAL:0.5114141200568117
CE_KINGSAFETY:0.48961847339722103
C_PIECESQUARETABLES:0.5444194046641129
C_MOBILITY:0.5249539587925586
C_KINGSAFETY:0.41682731183522137
C_PAWNSTRUCTURE:0.46730291350696407
C_PIECECOORDINATION:0.5552871338089569
C_ROOKANDPAWNMOVEMENT:0.5552871338089569
C_CENTERCONTROL:0.4843829852485856
C_DEVELOPPIECES:0.4580163918332717
C_MATERIAL:0.47013220961052693
C_MOVECOUNT:0.5
