ELO:1016
CE_PASSEDPAWNS:0.5109883771654151
CE_PAWNWEAKNESSES:0.49613758235885475
CE_PIECEACTIVITY:0.5241675687754141
CE_KINGPAWNSHIELD:0.4968310764883916
CE_PIECECOORDINATION:0.4961217920211382
CE_MATERIAL:0.499865950127651
CE_KINGSAFETY:0.5
C_PIECESQUARETABLES:0.5
C_MOBILITY:0.5185010580710362
C_KINGSAFETY:0.4699788242076066
C_PAWNSTRUCTURE:0.4767873884047411
C_PIECECOORDINATION:0.5147520835346416
C_ROOK:0.5030933205222411
CE_ROOK:0.5051179985572594
C_CENTERCONTROL:0.4925474243780922
C_DEVELOPPIECES:0.4962220576212403
C_MATERIAL:0.42115728944774766
C_MOVECOUNT:0.4892403575327782
C_PAWNMOVEMENT:0.5271924546016467
