ELO:1028
CE_PASSEDPAWNS:0.5064818995535335
CE_PAWNWEAKNESSES:0.5007823580873638
CE_PIECEACTIVITY:0.47544844603174335
CE_KINGPAWNSHIELD:0.5046887473723781
CE_PIECECOORDINATION:0.5127208638421643
CE_MATERIAL:0.5098457914445861
CE_KINGSAFETY:0.5
C_PIECESQUARETABLES:0.5
C_MOBILITY:0.5001131143533629
C_KINGSAFETY:0.49578902679125975
C_PAWNSTRUCTURE:0.5144032954271751
C_PIECECOORDINATION:0.5323085629169703
C_ROOK:0.49977484436432357
CE_ROOK:0.5030727620260684
C_CENTERCONTROL:0.4678671090758215
C_DEVELOPPIECES:0.49914624624872594
C_MATERIAL:0.47294475406579567
C_MOVECOUNT:0.5243269316219629
C_PAWNMOVEMENT:0.5200483298857485
