ELO:994
CE_PASSEDPAWNS:0.4926214869805219
CE_PAWNWEAKNESSES:0.5011471728307907
CE_PIECEACTIVITY:0.5026681160254657
CE_KINGPAWNSHIELD:0.5003487467087145
CE_PIECECOORDINATION:0.5052902663856081
CE_MATERIAL:0.5
CE_KINGSAFETY:0.5
C_PIECESQUARETABLES:0.5
C_MOBILITY:0.4990196027339062
C_KINGSAFETY:0.5089001866778853
C_PAWNSTRUCTURE:0.5221278671695447
C_PIECECOORDINATION:0.4777138497090095
C_ROOKANDPAWNMOVEMENT:0.4777138497090095
C_CENTERCONTROL:0.5038455927629936
C_DEVELOPPIECES:0.5187396203224168
C_MATERIAL:0.5092959005522141
C_MOVECOUNT:0.5
