ELO:967
CE_PASSEDPAWNS:0.49861893598174023
CE_PAWNWEAKNESSES:0.49388160951276544
CE_PIECEACTIVITY:0.4909888104158695
CE_KINGPAWNSHIELD:0.49356064397405147
CE_PIECECOORDINATION:0.5070444202365247
CE_MATERIAL:0.5069812162755887
CE_KINGSAFETY:0.5148419946251294
C_PIECESQUARETABLES:0.5189437570328294
C_MOBILITY:0.490888003295271
C_KINGSAFETY:0.5022967018892879
C_PAWNSTRUCTURE:0.50947022208165
C_PIECECOORDINATION:0.49740186584978846
C_ROOK:0.4873358228690233
CE_ROOK:0.506746576997197
C_CENTERCONTROL:0.46502717695760615
C_DEVELOPPIECES:0.505213454037888
C_MATERIAL:0.5020013729400239
C_MOVECOUNT:0.5030177477368589
C_PAWNMOVEMENT:0.46440804578850997
