ELO:996
CE_PASSEDPAWNS:0.5097138613003892
CE_PAWNWEAKNESSES:0.5026760983496803
CE_PIECEACTIVITY:0.4878042194802173
CE_KINGPAWNSHIELD:0.4913496994448709
CE_PIECECOORDINATION:0.5034950203654597
CE_MATERIAL:0.5120361430194795
CE_KINGSAFETY:0.5
C_PIECESQUARETABLES:0.5
C_MOBILITY:0.5
C_KINGSAFETY:0.4796059267282655
C_PAWNSTRUCTURE:0.5067292046732081
C_PIECECOORDINATION:0.48881963867234346
C_ROOKANDPAWNMOVEMENT:0.48881963867234346
C_CENTERCONTROL:0.5009442323209226
C_DEVELOPPIECES:0.5
C_MATERIAL:0.5
C_MOVECOUNT:0.49858411344186276
