ELO:1012
CE_PASSEDPAWNS:0.5
CE_PAWNWEAKNESSES:0.48650605262321794
CE_PIECEACTIVITY:0.5
CE_KINGPAWNSHIELD:0.5
CE_PIECECOORDINATION:0.4986841522601669
CE_MATERIAL:0.5
CE_KINGSAFETY:0.49739986062510466
C_PIECESQUARETABLES:0.5
C_MOBILITY:0.5
C_KINGSAFETY:0.5
C_PAWNSTRUCTURE:0.4877353347944472
C_PIECECOORDINATION:0.5
C_ROOKANDPAWNMOVEMENT:0.5
C_CENTERCONTROL:0.5
C_DEVELOPPIECES:0.5
C_MATERIAL:0.5026089488463612
C_MOVECOUNT:0.5101387348359451
