ELO:851
CE_PASSEDPAWNS:0.5887078601564851
CE_PAWNWEAKNESSES:0.49357561747215856
CE_PIECEACTIVITY:0.474451375360425
CE_KINGPAWNSHIELD:0.5271351475121889
CE_PIECECOORDINATION:0.5125375775616582
CE_MATERIAL:0.4979717116889956
CE_KINGSAFETY:0.48907891841027173
C_PIECESQUARETABLES:0.46301397553899015
C_MOBILITY:0.4934959236184314
C_KINGSAFETY:0.4685289986698245
C_PAWNSTRUCTURE:0.4572102554454974
C_PIECECOORDINATION:0.5296779117222062
C_ROOKANDPAWNMOVEMENT:0.5296779117222062
C_CENTERCONTROL:0.5011440287918603
C_DEVELOPPIECES:0.4821755504035784
C_MATERIAL:0.4694599036690529
C_MOVECOUNT:0.5
