ELO:834
CE_PASSEDPAWNS:0.6086919882288081
CE_PAWNWEAKNESSES:0.49129665766975855
CE_PIECEACTIVITY:0.47366407861367515
CE_KINGPAWNSHIELD:0.5
CE_PIECECOORDINATION:0.5280875985012714
CE_MATERIAL:0.5107566723247682
CE_KINGSAFETY:0.4947147725920462
C_PIECESQUARETABLES:0.49057349088211766
C_MOBILITY:0.49036372480730334
C_KINGSAFETY:0.5441627608460082
C_PAWNSTRUCTURE:0.4671264321195587
C_PIECECOORDINATION:0.6142293295223946
C_ROOKANDPAWNMOVEMENT:0.6142293295223946
C_CENTERCONTROL:0.5883083849579406
C_DEVELOPPIECES:0.47647917712678567
C_MATERIAL:0.5157526245467071
C_MOVECOUNT:0.5122763055755608
