ELO:909
CE_PASSEDPAWNS:0.4568709433393568
CE_PAWNWEAKNESSES:0.52244252958122
CE_PIECEACTIVITY:0.5296532414493298
CE_KINGPAWNSHIELD:0.46297911568807204
CE_PIECECOORDINATION:0.51244554286182
CE_MATERIAL:0.5567041141881136
CE_KINGSAFETY:0.4164263091463934
C_PIECESQUARETABLES:0.5871241629821133
C_MOBILITY:0.6016054083112814
C_KINGSAFETY:0.4569609430034028
C_PAWNSTRUCTURE:0.600957222667336
C_PIECECOORDINATION:0.42448442809420506
C_ROOKANDPAWNMOVEMENT:0.42448442809420506
C_CENTERCONTROL:0.553972391509984
C_DEVELOPPIECES:0.5296038652064342
C_MATERIAL:0.5654085054252584
