ELO:990
CE_PASSEDPAWNS:0.5277288571395565
CE_PAWNWEAKNESSES:0.4747266971979074
CE_PIECEACTIVITY:0.5337065927047403
CE_KINGPAWNSHIELD:0.5353004206902734
CE_PIECECOORDINATION:0.4892220543941633
CE_MATERIAL:0.5030403841932721
CE_KINGSAFETY:0.5
C_PIECESQUARETABLES:0.4978830538861286
C_MOBILITY:0.580479941274235
C_KINGSAFETY:0.5277623875690237
C_PAWNSTRUCTURE:0.449698517872894
C_PIECECOORDINATION:0.5056901525869075
C_ROOKANDPAWNMOVEMENT:0.5056901525869075
C_CENTERCONTROL:0.44049679953934884
C_DEVELOPPIECES:0.5933423053266473
C_MATERIAL:0.6234991122067586
