ELO:1034
CE_PASSEDPAWNS:0.5380702369356082
CE_PAWNWEAKNESSES:0.4937083095604249
CE_PIECEACTIVITY:0.5044483528572965
CE_KINGPAWNSHIELD:0.4959310865024544
CE_PIECECOORDINATION:0.498980069241355
CE_MATERIAL:0.4908231845187665
CE_KINGSAFETY:0.5
C_PIECESQUARETABLES:0.5
C_MOBILITY:0.4841970299263169
C_KINGSAFETY:0.4833327887955052
C_PAWNSTRUCTURE:0.49845764810391235
C_PIECECOORDINATION:0.5204537975749808
C_ROOK:0.4863793706532083
CE_ROOK:0.47074760639015495
C_CENTERCONTROL:0.4925474243780922
C_DEVELOPPIECES:0.5036944895326616
C_MATERIAL:0.4982330058239078
C_MOVECOUNT:0.5227843074110082
C_PAWNMOVEMENT:0.511618917934365
