ELO:1000
CE_PASSEDPAWNS:0.5397413754913405
CE_PAWNWEAKNESSES:0.5252254197680305
CE_PIECEACTIVITY:0.510103600996506
CE_KINGPAWNSHIELD:0.5301772521171461
CE_PIECECOORDINATION:0.46738184436164254
CE_MATERIAL:0.5107706747303112
CE_KINGSAFETY:0.4791646624923127
C_PIECESQUARETABLES:0.45435887345084414
C_MOBILITY:0.5276662667760109
C_KINGSAFETY:0.4758791649120176
C_PAWNSTRUCTURE:0.4797240118615155
C_PIECECOORDINATION:0.4997373816345601
C_ROOKANDPAWNMOVEMENT:0.4997373816345601
C_CENTERCONTROL:0.5415928470824312
C_DEVELOPPIECES:0.511611430672438
C_MATERIAL:0.5132374310954566
