ELO:1000
CE_PASSEDPAWNS:0.5
CE_PAWNWEAKNESSES:0.5009302584609899
CE_PIECEACTIVITY:0.5
CE_KINGPAWNSHIELD:0.5
CE_PIECECOORDINATION:0.5
CE_MATERIAL:0.5
CE_KINGSAFETY:0.5095810688750456
C_PIECESQUARETABLES:0.4967661469001842
C_MOBILITY:0.5
C_KINGSAFETY:0.5
C_PAWNSTRUCTURE:0.492860431335401
C_PIECECOORDINATION:0.5
C_ROOK:0.492341382260139
CE_ROOK:0.5
C_CENTERCONTROL:0.5
C_DEVELOPPIECES:0.5
C_MATERIAL:0.5092685167058044
C_MOVECOUNT:0.5
C_PAWNMOVEMENT:0.5
