ELO:1001
CE_PASSEDPAWNS:0.5077771719130012
CE_PAWNWEAKNESSES:0.5117355801641874
CE_PIECEACTIVITY:0.4924775301694569
CE_KINGPAWNSHIELD:0.48801044114110864
CE_PIECECOORDINATION:0.4862675375342236
CE_MATERIAL:0.5203718755994604
CE_KINGSAFETY:0.5
C_PIECESQUARETABLES:0.49368820459608087
C_MOBILITY:0.5140483823372182
C_KINGSAFETY:0.5333822274361387
C_PAWNSTRUCTURE:0.49550460729111623
C_PIECECOORDINATION:0.5168420351434051
C_ROOK:0.4945387273641698
CE_ROOK:0.5221912629796174
C_CENTERCONTROL:0.47354014699641633
C_DEVELOPPIECES:0.5291596870592922
C_MATERIAL:0.4675345741313638
C_MOVECOUNT:0.4812667366879035
C_PAWNMOVEMENT:0.48906208460031614
