ELO:974
CE_PASSEDPAWNS:0.5192766053478659
CE_PAWNWEAKNESSES:0.49096351652580905
CE_PIECEACTIVITY:0.5377436125863652
CE_KINGPAWNSHIELD:0.4458571129980379
CE_PIECECOORDINATION:0.5372593480818942
CE_MATERIAL:0.553531042435569
CE_KINGSAFETY:0.47101508850116297
C_PIECESQUARETABLES:0.5010405355485809
C_MOBILITY:0.5495757364266071
C_KINGSAFETY:0.46456945290434015
C_PAWNSTRUCTURE:0.5379715634329068
C_PIECECOORDINATION:0.5310057632961657
C_ROOKANDPAWNMOVEMENT:0.5310057632961657
C_CENTERCONTROL:0.5056328676249806
C_DEVELOPPIECES:0.5319066466562129
C_MATERIAL:0.503749456070006
