ELO:1036
CE_PASSEDPAWNS:0.5470796044053742
CE_PAWNWEAKNESSES:0.43356589077689267
CE_PIECEACTIVITY:0.5061512893869018
CE_KINGPAWNSHIELD:0.5046887473723781
CE_PIECECOORDINATION:0.4821395130546438
CE_MATERIAL:0.5021127531781417
CE_KINGSAFETY:0.5
C_PIECESQUARETABLES:0.5
C_MOBILITY:0.5026332375267567
C_KINGSAFETY:0.48012539474343635
C_PAWNSTRUCTURE:0.5050995289795378
C_PIECECOORDINATION:0.5200822114595114
C_ROOK:0.5081075040794762
CE_ROOK:0.494003126079904
C_CENTERCONTROL:0.47088435232152626
C_DEVELOPPIECES:0.5136122327187768
C_MATERIAL:0.5195738996826621
C_MOVECOUNT:0.48857277644979424
C_PAWNMOVEMENT:0.48230781089295316
