ELO:985
CE_PASSEDPAWNS:0.4937463971108343
CE_PAWNWEAKNESSES:0.5003518309250368
CE_PIECEACTIVITY:0.49906374438571244
CE_KINGPAWNSHIELD:0.48641952861137105
CE_PIECECOORDINATION:0.5028719571417434
CE_MATERIAL:0.5235564237485055
CE_KINGSAFETY:0.5218416551433227
C_PIECESQUARETABLES:0.5
C_MOBILITY:0.5056191988662181
C_KINGSAFETY:0.5248659512019036
C_PAWNSTRUCTURE:0.4783965325333982
C_PIECECOORDINATION:0.49222968603359174
C_ROOK:0.486046706073135
CE_ROOK:0.5118043126172447
C_CENTERCONTROL:0.4951411462081941
C_DEVELOPPIECES:0.4999352790745311
C_MATERIAL:0.4932538886044745
C_MOVECOUNT:0.5052031164626315
C_PAWNMOVEMENT:0.4959075564788596
