ELO:961
CE_PASSEDPAWNS:0.5329022877827508
CE_PAWNWEAKNESSES:0.5162702441935096
CE_PIECEACTIVITY:0.5200389527901356
CE_KINGPAWNSHIELD:0.5
CE_PIECECOORDINATION:0.5133186776903714
CE_MATERIAL:0.5030802180348006
CE_KINGSAFETY:0.4834115467603947
C_PIECESQUARETABLES:0.531247856263607
C_MOBILITY:0.4893700003053771
C_KINGSAFETY:0.47405306428602184
C_PAWNSTRUCTURE:0.4826435507600164
C_PIECECOORDINATION:0.509662471574666
C_ROOKANDPAWNMOVEMENT:0.509662471574666
C_CENTERCONTROL:0.48657489687855743
C_DEVELOPPIECES:0.48721290494227437
C_MATERIAL:0.4903311350472598
C_MOVECOUNT:0.5
