ELO:987
CE_PASSEDPAWNS:0.5115873609532668
CE_PAWNWEAKNESSES:0.5491669109276403
CE_PIECEACTIVITY:0.5917866387587037
CE_KINGPAWNSHIELD:0.5576291175354502
CE_PIECECOORDINATION:0.46980368078252105
CE_MATERIAL:0.50515405192385
CE_KINGSAFETY:0.49872562485496735
C_PIECESQUARETABLES:0.48419905390128226
C_MOBILITY:0.5767716055871588
C_KINGSAFETY:0.501725276798887
C_PAWNSTRUCTURE:0.3985150927409523
C_PIECECOORDINATION:0.47427726096417977
C_ROOKANDPAWNMOVEMENT:0.47427726096417977
C_CENTERCONTROL:0.5212871852856982
C_DEVELOPPIECES:0.38352946086711664
C_MATERIAL:0.5762117803562146
