ELO:899
CE_PASSEDPAWNS:0.5002026350034185
CE_PAWNWEAKNESSES:0.5208656433600704
CE_PIECEACTIVITY:0.5921975625427888
CE_KINGPAWNSHIELD:0.5829415321146747
CE_PIECECOORDINATION:0.4420624614011111
CE_MATERIAL:0.42497487455681376
CE_KINGSAFETY:0.5251853296360158
C_PIECESQUARETABLES:0.5330242301988666
C_MOBILITY:0.49488905454460025
C_KINGSAFETY:0.4958369865197438
C_PAWNSTRUCTURE:0.3827232584975493
C_PIECECOORDINATION:0.4521344868950169
C_ROOKANDPAWNMOVEMENT:0.4521344868950169
C_CENTERCONTROL:0.4391856486243573
C_DEVELOPPIECES:0.4105663242176597
C_MATERIAL:0.552712119481022
