ELO:953
CE_PASSEDPAWNS:0.4834554046530318
CE_PAWNWEAKNESSES:0.5134319258854949
CE_PIECEACTIVITY:0.5461740017054191
CE_KINGPAWNSHIELD:0.4473028561088904
CE_PIECECOORDINATION:0.5469726782881533
CE_MATERIAL:0.5880293169487838
CE_KINGSAFETY:0.49464252871557896
C_PIECESQUARETABLES:0.507387524163564
C_MOBILITY:0.6007379714624377
C_KINGSAFETY:0.4276950027589259
C_PAWNSTRUCTURE:0.5666877442837825
C_PIECECOORDINATION:0.4851200626821753
C_ROOKANDPAWNMOVEMENT:0.4851200626821753
C_CENTERCONTROL:0.5208502915792563
C_DEVELOPPIECES:0.49032570784888113
C_MATERIAL:0.49831486868774444
