ELO:968
CE_PASSEDPAWNS:0.5415870395182126
CE_PAWNWEAKNESSES:0.5543059498035334
CE_PIECEACTIVITY:0.5705768395497232
CE_KINGPAWNSHIELD:0.5700776692640296
CE_PIECECOORDINATION:0.4604530403261007
CE_MATERIAL:0.4812608620986492
CE_KINGSAFETY:0.4979786565496299
C_PIECESQUARETABLES:0.5062479087045793
C_MOBILITY:0.5508653752679205
C_KINGSAFETY:0.49121702380210813
C_PAWNSTRUCTURE:0.4001209824446302
C_PIECECOORDINATION:0.47429984500990424
C_ROOKANDPAWNMOVEMENT:0.47429984500990424
C_CENTERCONTROL:0.4827102925717324
C_DEVELOPPIECES:0.416737628923087
C_MATERIAL:0.5536664269173115
