ELO:898
CE_PASSEDPAWNS:0.5052431025354626
CE_PAWNWEAKNESSES:0.540204179635482
CE_PIECEACTIVITY:0.5644485118600368
CE_KINGPAWNSHIELD:0.5770098174700747
CE_PIECECOORDINATION:0.43730524406640403
CE_MATERIAL:0.42406891163682015
CE_KINGSAFETY:0.5596553150740712
C_PIECESQUARETABLES:0.5330242301988666
C_MOBILITY:0.5007603818725821
C_KINGSAFETY:0.48950482738369583
C_PAWNSTRUCTURE:0.37194908122760784
C_PIECECOORDINATION:0.458640400770128
C_ROOKANDPAWNMOVEMENT:0.458640400770128
C_CENTERCONTROL:0.42912700307376606
C_DEVELOPPIECES:0.43259276700550675
C_MATERIAL:0.5583119846404369
