ELO:1001
CE_PASSEDPAWNS:0.4984222554924685
CE_PAWNWEAKNESSES:0.5079983045205414
CE_PIECEACTIVITY:0.5025162314165208
CE_KINGPAWNSHIELD:0.4873854832428632
CE_PIECECOORDINATION:0.4998183251728332
CE_MATERIAL:0.517956974992986
CE_KINGSAFETY:0.4899509165166958
C_PIECESQUARETABLES:0.49410632881885425
C_MOBILITY:0.5049295395696479
C_KINGSAFETY:0.5250732672250517
C_PAWNSTRUCTURE:0.49817219306845734
C_PIECECOORDINATION:0.5049678888347847
C_ROOK:0.4863224083948865
CE_ROOK:0.5162581420315628
C_CENTERCONTROL:0.48040826020328187
C_DEVELOPPIECES:0.5205397983329154
C_MATERIAL:0.4807198600950963
C_MOVECOUNT:0.485732246598638
C_PAWNMOVEMENT:0.4812002094042703
