ELO:1000
CE_PASSEDPAWNS:0.5324435391361728
CE_PAWNWEAKNESSES:0.5273633531527048
CE_PIECEACTIVITY:0.49638352085039417
CE_KINGPAWNSHIELD:0.539848629828637
CE_PIECECOORDINATION:0.4999041671621581
CE_MATERIAL:0.5077405411365293
CE_KINGSAFETY:0.4616090875446552
C_PIECESQUARETABLES:0.45809905764207437
C_MOBILITY:0.571987285487182
C_KINGSAFETY:0.4898969822477838
C_PAWNSTRUCTURE:0.46799694084471904
C_PIECECOORDINATION:0.47994734098090097
C_ROOKANDPAWNMOVEMENT:0.47994734098090097
C_CENTERCONTROL:0.5270309365884568
C_DEVELOPPIECES:0.538536471916288
C_MATERIAL:0.5149575174801848
