ELO:921
CE_PASSEDPAWNS:0.5418718652312902
CE_PAWNWEAKNESSES:0.6249740553852352
CE_PIECEACTIVITY:0.45833626651050524
CE_KINGPAWNSHIELD:0.46336628180083395
CE_PIECECOORDINATION:0.41047606295545924
CE_MATERIAL:0.4314140734448658
CE_KINGSAFETY:0.5135093001776565
C_PIECESQUARETABLES:0.5514967140469822
C_MOBILITY:0.47845349378808605
C_KINGSAFETY:0.5486604490439111
C_PAWNSTRUCTURE:0.5430107973851855
C_PIECECOORDINATION:0.5370524463484649
C_ROOKANDPAWNMOVEMENT:0.5370524463484649
C_CENTERCONTROL:0.4125095290637138
C_DEVELOPPIECES:0.41248197124308594
C_MATERIAL:0.5327839242306079
