ELO:986
CE_PASSEDPAWNS:0.5023873624880882
CE_PAWNWEAKNESSES:0.47042647778630153
CE_PIECEACTIVITY:0.48170807453660486
CE_KINGPAWNSHIELD:0.5107460630347562
CE_PIECECOORDINATION:0.4982536304210974
CE_MATERIAL:0.46551848662417816
CE_KINGSAFETY:0.5
C_PIECESQUARETABLES:0.5
C_MOBILITY:0.49516718915557645
C_KINGSAFETY:0.49277602918334745
C_PAWNSTRUCTURE:0.4698563697481923
C_PIECECOORDINATION:0.51695923734674
C_ROOK:0.5474117667738454
CE_ROOK:0.5105009364677732
C_CENTERCONTROL:0.45547399386637577
C_DEVELOPPIECES:0.48976861333752186
C_MATERIAL:0.46500655325353324
C_MOVECOUNT:0.49973279217850536
C_PAWNMOVEMENT:0.4630982685438506
