ELO:994
CE_PASSEDPAWNS:0.4972161918653795
CE_PAWNWEAKNESSES:0.5105713513823776
CE_PIECEACTIVITY:0.4696276154410246
CE_KINGPAWNSHIELD:0.506985643637494
CE_PIECECOORDINATION:0.5001148036816035
CE_MATERIAL:0.5120253357511108
CE_KINGSAFETY:0.5
C_PIECESQUARETABLES:0.5
C_MOBILITY:0.4986788651172561
C_KINGSAFETY:0.48876046220366187
C_PAWNSTRUCTURE:0.5
C_PIECECOORDINATION:0.482192738431991
C_ROOKANDPAWNMOVEMENT:0.482192738431991
C_CENTERCONTROL:0.5038455927629936
C_DEVELOPPIECES:0.4866588981184632
C_MATERIAL:0.5071264490751409
C_MOVECOUNT:0.5
