ELO:987
CE_PASSEDPAWNS:0.5077771719130012
CE_PAWNWEAKNESSES:0.5079983045205414
CE_PIECEACTIVITY:0.4924775301694569
CE_KINGPAWNSHIELD:0.4940760810437765
CE_PIECECOORDINATION:0.5000036467706537
CE_MATERIAL:0.5191142976794344
CE_KINGSAFETY:0.49809449899120595
C_PIECESQUARETABLES:0.5
C_MOBILITY:0.5140483823372182
C_KINGSAFETY:0.5342867182816993
C_PAWNSTRUCTURE:0.4914987943762162
C_PIECECOORDINATION:0.5049678888347847
C_ROOK:0.49646830233184114
CE_ROOK:0.5182076944249793
C_CENTERCONTROL:0.48132678741652235
C_DEVELOPPIECES:0.5247397543955706
C_MATERIAL:0.4749562119273433
C_MOVECOUNT:0.48162126604851124
C_PAWNMOVEMENT:0.48906208460031614
