ELO:861
CE_PASSEDPAWNS:0.530737649712406
CE_PAWNWEAKNESSES:0.5242725987705301
CE_PIECEACTIVITY:0.48145729902861734
CE_KINGPAWNSHIELD:0.513523463442242
CE_PIECECOORDINATION:0.4705765332270709
CE_MATERIAL:0.4594138628873311
CE_KINGSAFETY:0.5227351155063776
C_PIECESQUARETABLES:0.47459954390712894
C_MOBILITY:0.499394811860717
C_KINGSAFETY:0.4730464786110093
C_PAWNSTRUCTURE:0.490595056081942
C_PIECECOORDINATION:0.5096584634544177
C_ROOKANDPAWNMOVEMENT:0.5096584634544177
C_CENTERCONTROL:0.4943182017291894
C_DEVELOPPIECES:0.487698391818606
C_MATERIAL:0.4774319161865058
C_MOVECOUNT:0.5
