ELO:1000
CE_PASSEDPAWNS:0.5166437824291953
CE_PAWNWEAKNESSES:0.5227577966456517
CE_PIECEACTIVITY:0.3926283455565114
CE_KINGPAWNSHIELD:0.5019875824518529
CE_PIECECOORDINATION:0.4484184104049469
CE_MATERIAL:0.578447466633323
CE_KINGSAFETY:0.46926484307587035
C_PIECESQUARETABLES:0.4585902373055528
C_MOBILITY:0.568580046140977
C_KINGSAFETY:0.4587408150896772
C_PAWNSTRUCTURE:0.522663996426607
C_PIECECOORDINATION:0.45297745599136613
C_ROOKANDPAWNMOVEMENT:0.45297745599136613
C_CENTERCONTROL:0.5372891807903231
C_DEVELOPPIECES:0.44729339498775295
C_MATERIAL:0.4787457359025191
