ELO:1000
CE_PASSEDPAWNS:0.49978282111364714
CE_PAWNWEAKNESSES:0.4978473573629323
CE_PIECEACTIVITY:0.4874996318305276
CE_KINGPAWNSHIELD:0.5012555807780511
CE_PIECECOORDINATION:0.4612030995529027
CE_MATERIAL:0.513606906602521
CE_KINGSAFETY:0.49002119952766315
C_PIECESQUARETABLES:0.5095283845049187
C_MOBILITY:0.5440301004532061
C_KINGSAFETY:0.4544150733607367
C_PAWNSTRUCTURE:0.5355191278467626
C_PIECECOORDINATION:0.4736486714359534
C_ROOKANDPAWNMOVEMENT:0.4736486714359534
C_CENTERCONTROL:0.5006488612512967
C_DEVELOPPIECES:0.5056972244694519
C_MATERIAL:0.5267271707985826
