ELO:989
CE_PASSEDPAWNS:0.5277288571395565
CE_PAWNWEAKNESSES:0.5289691509270146
CE_PIECEACTIVITY:0.5256534381721791
CE_KINGPAWNSHIELD:0.5599465954910741
CE_PIECECOORDINATION:0.47304336938833064
CE_MATERIAL:0.46553459301501054
CE_KINGSAFETY:0.49497058124904636
C_PIECESQUARETABLES:0.5
C_MOBILITY:0.5836313903895851
C_KINGSAFETY:0.521591061673386
C_PAWNSTRUCTURE:0.449698517872894
C_PIECECOORDINATION:0.5001173021515241
C_ROOKANDPAWNMOVEMENT:0.5001173021515241
C_CENTERCONTROL:0.42894235410171383
C_DEVELOPPIECES:0.5067495606305472
C_MATERIAL:0.6230085682063815
