ELO:1000
CE_PASSEDPAWNS:0.4937463971108343
CE_PAWNWEAKNESSES:0.4885832273307745
CE_PIECEACTIVITY:0.497691946466139
CE_KINGPAWNSHIELD:0.4968347293746173
CE_PIECECOORDINATION:0.5
CE_MATERIAL:0.5117446140425774
CE_KINGSAFETY:0.4875074576611645
C_PIECESQUARETABLES:0.5104555038032524
C_MOBILITY:0.5009192283325897
C_KINGSAFETY:0.5110541665766974
C_PAWNSTRUCTURE:0.47736077834015067
C_PIECECOORDINATION:0.4886359813910918
C_ROOK:0.48592205351190537
CE_ROOK:0.5117372955535024
C_CENTERCONTROL:0.4951411462081941
C_DEVELOPPIECES:0.5085631476740988
C_MATERIAL:0.5092685167058044
C_MOVECOUNT:0.4978221844514812
C_PAWNMOVEMENT:0.4904215996962068
