ELO:986
CE_PASSEDPAWNS:0.493366406853043
CE_PAWNWEAKNESSES:0.4553008029673239
CE_PIECEACTIVITY:0.5037215909402065
CE_KINGPAWNSHIELD:0.4746274944582042
CE_PIECECOORDINATION:0.48666845138584114
CE_MATERIAL:0.4714238126210707
CE_KINGSAFETY:0.5
C_PIECESQUARETABLES:0.5
C_MOBILITY:0.5098813459429123
C_KINGSAFETY:0.5125258110192741
C_PAWNSTRUCTURE:0.4969564328498859
C_PIECECOORDINATION:0.5133172744940351
C_ROOK:0.5341828004218465
CE_ROOK:0.5035547391877903
C_CENTERCONTROL:0.49566916445545905
C_DEVELOPPIECES:0.5130285951388897
C_MATERIAL:0.5004624984874123
C_MOVECOUNT:0.47176601477213514
C_PAWNMOVEMENT:0.4832878211660598
