ELO:1000
CE_PASSEDPAWNS:0.46534725370162017
CE_PAWNWEAKNESSES:0.5205524891967882
CE_PIECEACTIVITY:0.5105661191078612
CE_KINGPAWNSHIELD:0.529987781027326
CE_PIECECOORDINATION:0.5155483570823606
CE_MATERIAL:0.48178900485606047
CE_KINGSAFETY:0.5041822882283776
C_PIECESQUARETABLES:0.4988666515139264
C_MOBILITY:0.5125708370587294
C_KINGSAFETY:0.5076287672923754
C_PAWNSTRUCTURE:0.4917830150259693
C_PIECECOORDINATION:0.49662066438326496
C_ROOKANDPAWNMOVEMENT:0.49662066438326496
C_CENTERCONTROL:0.496804602133252
C_DEVELOPPIECES:0.5195396801868984
C_MATERIAL:0.48966605233819194
