ELO:975
CE_PASSEDPAWNS:0.5140894266331925
CE_PAWNWEAKNESSES:0.490996908604374
CE_PIECEACTIVITY:0.5115616576017665
CE_KINGPAWNSHIELD:0.49945717824746183
CE_PIECECOORDINATION:0.4983703211074178
CE_MATERIAL:0.5053518385947482
CE_KINGSAFETY:0.5
C_PIECESQUARETABLES:0.4943141890154632
C_MOBILITY:0.4910579159811417
C_KINGSAFETY:0.4976268112052024
C_PAWNSTRUCTURE:0.4818565687029481
C_PIECECOORDINATION:0.5
C_ROOK:0.48922984456649726
CE_ROOK:0.5004140775223173
C_CENTERCONTROL:0.5024847284395542
C_DEVELOPPIECES:0.5131841056676869
C_MATERIAL:0.503660255239032
C_MOVECOUNT:0.48656289402355596
C_PAWNMOVEMENT:0.5011806374690817
