ELO:929
CE_PASSEDPAWNS:0.551740000009103
CE_PAWNWEAKNESSES:0.5038268635725649
CE_PIECEACTIVITY:0.5297209278281303
CE_KINGPAWNSHIELD:0.49155945388760325
CE_PIECECOORDINATION:0.4966823930826347
CE_MATERIAL:0.5038546949127435
CE_KINGSAFETY:0.42823081253857886
C_PIECESQUARETABLES:0.5146134949879159
C_MOBILITY:0.4851693635873136
C_KINGSAFETY:0.5007452841430046
C_PAWNSTRUCTURE:0.44252692557660855
C_PIECECOORDINATION:0.5259016098556517
C_ROOKANDPAWNMOVEMENT:0.5259016098556517
C_CENTERCONTROL:0.48299860544455864
C_DEVELOPPIECES:0.45159504937224987
C_MATERIAL:0.4882255914359936
C_MOVECOUNT:0.5
