ELO:1000
CE_PASSEDPAWNS:0.5
CE_PAWNWEAKNESSES:0.49242637008353357
CE_PIECEACTIVITY:0.5
CE_KINGPAWNSHIELD:0.5
CE_PIECECOORDINATION:0.5
CE_MATERIAL:0.5
CE_KINGSAFETY:0.5018403938582188
C_PIECESQUARETABLES:0.4967661469001842
C_MOBILITY:0.5103860920159713
C_KINGSAFETY:0.5110541665766974
C_PAWNSTRUCTURE:0.4857423171904415
C_PIECECOORDINATION:0.5
C_ROOK:0.492341382260139
CE_ROOK:0.5024209482169931
C_CENTERCONTROL:0.5
C_DEVELOPPIECES:0.506484582133075
C_MATERIAL:0.5092685167058044
C_MOVECOUNT:0.5
C_PAWNMOVEMENT:0.48437671270677357
