ELO:844
CE_PASSEDPAWNS:0.5705087148148922
CE_PAWNWEAKNESSES:0.4793697996237131
CE_PIECEACTIVITY:0.4966382355365215
CE_KINGPAWNSHIELD:0.5234385904033747
CE_PIECECOORDINATION:0.46730263244652764
CE_MATERIAL:0.48035451176050986
CE_KINGSAFETY:0.5349285251731176
C_PIECESQUARETABLES:0.4770260032105855
C_MOBILITY:0.5150983274898219
C_KINGSAFETY:0.4585476240669336
C_PAWNSTRUCTURE:0.4858259080858561
C_PIECECOORDINATION:0.4745074670627341
C_ROOKANDPAWNMOVEMENT:0.4745074670627341
C_CENTERCONTROL:0.4846057638001949
C_DEVELOPPIECES:0.49250969155525476
C_MATERIAL:0.3896723466799544
C_MOVECOUNT:0.5
