ELO:986
CE_PASSEDPAWNS:0.5107050814903005
CE_PAWNWEAKNESSES:0.5011496921625843
CE_PIECEACTIVITY:0.5020416614811565
CE_KINGPAWNSHIELD:0.4977431718958617
CE_PIECECOORDINATION:0.5
CE_MATERIAL:0.49879183408305333
CE_KINGSAFETY:0.49533107068120386
C_PIECESQUARETABLES:0.5075148213105091
C_MOBILITY:0.5025825833228458
C_KINGSAFETY:0.5
C_PAWNSTRUCTURE:0.5122851393527122
C_PIECECOORDINATION:0.49087364598933914
C_ROOKANDPAWNMOVEMENT:0.49087364598933914
C_CENTERCONTROL:0.4891205944405852
C_DEVELOPPIECES:0.5152664445335281
C_MATERIAL:0.5025839257044902
C_MOVECOUNT:0.5
