ELO:1002
CE_PASSEDPAWNS:0.502972138046628
CE_PAWNWEAKNESSES:0.4887632312779023
CE_PIECEACTIVITY:0.49408114630435573
CE_KINGPAWNSHIELD:0.5
CE_PIECECOORDINATION:0.5
CE_MATERIAL:0.500890800427888
CE_KINGSAFETY:0.4946728162303527
C_PIECESQUARETABLES:0.5092735296906522
C_MOBILITY:0.48811849674064817
C_KINGSAFETY:0.49573953041880375
C_PAWNSTRUCTURE:0.49220585522347804
C_PIECECOORDINATION:0.5042709330228043
C_ROOKANDPAWNMOVEMENT:0.5042709330228043
C_CENTERCONTROL:0.5176786738144883
C_DEVELOPPIECES:0.5119106161300131
C_MATERIAL:0.5027753249024663
C_MOVECOUNT:0.4921913976016769
