ELO:958
CE_PASSEDPAWNS:0.4975318501329814
CE_PAWNWEAKNESSES:0.543017771360866
CE_PIECEACTIVITY:0.5820638268601053
CE_KINGPAWNSHIELD:0.5769187262642888
CE_PIECECOORDINATION:0.46403258992575297
CE_MATERIAL:0.5367897516916549
CE_KINGSAFETY:0.46355004033727754
C_PIECESQUARETABLES:0.5622387883051903
C_MOBILITY:0.5779548579628891
C_KINGSAFETY:0.47146057062881624
C_PAWNSTRUCTURE:0.43615960907879614
C_PIECECOORDINATION:0.47040636920895856
C_ROOKANDPAWNMOVEMENT:0.47040636920895856
C_CENTERCONTROL:0.5128923148669304
C_DEVELOPPIECES:0.40258341914581036
C_MATERIAL:0.5731431993250625
