ELO:983
CE_PASSEDPAWNS:0.4991462472375258
CE_PAWNWEAKNESSES:0.5003518309250368
CE_PIECEACTIVITY:0.504892178627388
CE_KINGPAWNSHIELD:0.4968994970004719
CE_PIECECOORDINATION:0.5028719571417434
CE_MATERIAL:0.5210833291776973
CE_KINGSAFETY:0.5218416551433227
C_PIECESQUARETABLES:0.4906696282125759
C_MOBILITY:0.5056191988662181
C_KINGSAFETY:0.5174118181473909
C_PAWNSTRUCTURE:0.47922423697502364
C_PIECECOORDINATION:0.502219145047452
C_ROOK:0.4831146247321613
CE_ROOK:0.5162581420315628
C_CENTERCONTROL:0.4836626040470781
C_DEVELOPPIECES:0.5091067374773605
C_MATERIAL:0.4852636237399767
C_MOVECOUNT:0.5052031164626315
C_PAWNMOVEMENT:0.49532684856780185
