ELO:803
CE_PASSEDPAWNS:0.4917876027192099
CE_PAWNWEAKNESSES:0.5710957707674593
CE_PIECEACTIVITY:0.5536750032205747
CE_KINGPAWNSHIELD:0.4753623133997674
CE_PIECECOORDINATION:0.5240314294488069
CE_MATERIAL:0.6170195107462492
CE_KINGSAFETY:0.48279188374403315
C_PIECESQUARETABLES:0.5526036064151335
C_MOBILITY:0.4006790694795373
C_KINGSAFETY:0.45806485755242715
C_PAWNSTRUCTURE:0.4578428251155011
C_PIECECOORDINATION:0.5310335842418151
C_ROOKANDPAWNMOVEMENT:0.5310335842418151
C_CENTERCONTROL:0.42995639155554805
C_DEVELOPPIECES:0.4305848081685952
C_MATERIAL:0.5095331636341478
C_MOVECOUNT:0.5
