ELO:1045
CE_PASSEDPAWNS:0.5130955025364945
CE_PAWNWEAKNESSES:0.5112779314619631
CE_PIECEACTIVITY:0.5043163409532182
CE_KINGPAWNSHIELD:0.5051582057995394
CE_PIECECOORDINATION:0.5135191622050275
CE_MATERIAL:0.5517405154590023
CE_KINGSAFETY:0.5
C_PIECESQUARETABLES:0.5
C_MOBILITY:0.5167331414723906
C_KINGSAFETY:0.4894166856521529
C_PAWNSTRUCTURE:0.5
C_PIECECOORDINATION:0.5280390495162699
C_ROOK:0.5084696024925567
CE_ROOK:0.49552285313019595
C_CENTERCONTROL:0.4978469337789744
C_DEVELOPPIECES:0.5036944895326616
C_MATERIAL:0.48940688832066276
C_MOVECOUNT:0.514116766603907
C_PAWNMOVEMENT:0.5079621491419254
