ELO:941
CE_PASSEDPAWNS:0.4689172623053889
CE_PAWNWEAKNESSES:0.5782563888248877
CE_PIECEACTIVITY:0.5215106812050405
CE_KINGPAWNSHIELD:0.4064639090720606
CE_PIECECOORDINATION:0.399858046442635
CE_MATERIAL:0.5048930502408497
CE_KINGSAFETY:0.4887744994793798
C_PIECESQUARETABLES:0.4925067101888464
C_MOBILITY:0.5185445212428679
C_KINGSAFETY:0.5269082906411575
C_PAWNSTRUCTURE:0.5778588414017589
C_PIECECOORDINATION:0.5499422794661072
C_ROOKANDPAWNMOVEMENT:0.5499422794661072
C_CENTERCONTROL:0.45303232614545935
C_DEVELOPPIECES:0.3983987445587821
C_MATERIAL:0.5925752655624914
