ELO:982
CE_PASSEDPAWNS:0.4909066882239642
CE_PAWNWEAKNESSES:0.45790605896457093
CE_PIECEACTIVITY:0.4914952382561217
CE_KINGPAWNSHIELD:0.5
CE_PIECECOORDINATION:0.5292932210851071
CE_MATERIAL:0.49325287345724267
CE_KINGSAFETY:0.519508524731506
C_PIECESQUARETABLES:0.5
C_MOBILITY:0.492397308438456
C_KINGSAFETY:0.5212630770538783
C_PAWNSTRUCTURE:0.5207458072853128
C_PIECECOORDINATION:0.4867769574259361
C_ROOKANDPAWNMOVEMENT:0.4867769574259361
C_CENTERCONTROL:0.4910161050095366
C_DEVELOPPIECES:0.4775660709381547
C_MATERIAL:0.45880582442211904
C_MOVECOUNT:0.5
