ELO:1000
CE_PASSEDPAWNS:0.4893298658616984
CE_PAWNWEAKNESSES:0.5001301047784318
CE_PIECEACTIVITY:0.5081627074216579
CE_KINGPAWNSHIELD:0.5136618724099029
CE_PIECECOORDINATION:0.4952930050299171
CE_MATERIAL:0.4967314329546242
CE_KINGSAFETY:0.4825838984456199
C_PIECESQUARETABLES:0.5078672256304185
C_MOBILITY:0.4742561568129159
C_KINGSAFETY:0.5042212373297934
C_PAWNSTRUCTURE:0.5
C_PIECECOORDINATION:0.5045591798999023
C_ROOKANDPAWNMOVEMENT:0.5045591798999023
C_CENTERCONTROL:0.5
C_DEVELOPPIECES:0.5067085694900241
C_MATERIAL:0.5073872670873916
