ELO:988
CE_PASSEDPAWNS:0.5277288571395565
CE_PAWNWEAKNESSES:0.4747266971979074
CE_PIECEACTIVITY:0.5256534381721791
CE_KINGPAWNSHIELD:0.5305386228495435
CE_PIECECOORDINATION:0.4892220543941633
CE_MATERIAL:0.4608722836763472
CE_KINGSAFETY:0.5137994198667784
C_PIECESQUARETABLES:0.5
C_MOBILITY:0.5832913017091022
C_KINGSAFETY:0.5224078757218977
C_PAWNSTRUCTURE:0.46054427260367564
C_PIECECOORDINATION:0.49481266204964397
C_ROOKANDPAWNMOVEMENT:0.49481266204964397
C_CENTERCONTROL:0.4359925023884905
C_DEVELOPPIECES:0.4410905156332712
C_MATERIAL:0.6234991122067586
