ELO:963
CE_PASSEDPAWNS:0.5047915308454671
CE_PAWNWEAKNESSES:0.4892254380565239
CE_PIECEACTIVITY:0.49145608135224705
CE_KINGPAWNSHIELD:0.5092983741199008
CE_PIECECOORDINATION:0.5075543420010971
CE_MATERIAL:0.5108228139618209
CE_KINGSAFETY:0.4940918679218615
C_PIECESQUARETABLES:0.5012397813427676
C_MOBILITY:0.5
C_KINGSAFETY:0.5106870916224708
C_PAWNSTRUCTURE:0.5144364465340036
C_PIECECOORDINATION:0.4920648309062143
C_ROOKANDPAWNMOVEMENT:0.4920648309062143
C_CENTERCONTROL:0.5129140532274419
C_DEVELOPPIECES:0.4933297748232345
C_MATERIAL:0.5
