ELO:909
CE_PASSEDPAWNS:0.5162854728686451
CE_PAWNWEAKNESSES:0.40973590836145096
CE_PIECEACTIVITY:0.49698663142551175
CE_KINGPAWNSHIELD:0.598877968493015
CE_PIECECOORDINATION:0.4565594335815921
CE_MATERIAL:0.48465465294923754
CE_KINGSAFETY:0.4954539115328603
C_PIECESQUARETABLES:0.5085110302846036
C_MOBILITY:0.39982052140309804
C_KINGSAFETY:0.4519291279834134
C_PAWNSTRUCTURE:0.5332340545327808
C_PIECECOORDINATION:0.5793740233072986
C_ROOKANDPAWNMOVEMENT:0.5793740233072986
C_CENTERCONTROL:0.4889568423886392
C_DEVELOPPIECES:0.586040462982186
C_MATERIAL:0.45394559470630114
