ELO:909
CE_PASSEDPAWNS:0.5162854728686451
CE_PAWNWEAKNESSES:0.40973590836145096
CE_PIECEACTIVITY:0.48624060661390206
CE_KINGPAWNSHIELD:0.6086253184319064
CE_PIECECOORDINATION:0.4628476929441874
CE_MATERIAL:0.49848991620935323
CE_KINGSAFETY:0.48967557907931986
C_PIECESQUARETABLES:0.4981725167906049
C_MOBILITY:0.39982052140309804
C_KINGSAFETY:0.4519291279834134
C_PAWNSTRUCTURE:0.5384214481600061
C_PIECECOORDINATION:0.5793740233072986
C_ROOKANDPAWNMOVEMENT:0.5793740233072986
C_CENTERCONTROL:0.4845111653508549
C_DEVELOPPIECES:0.586040462982186
C_MATERIAL:0.4528546021079588
