ELO:948
CE_PASSEDPAWNS:0.4045269082051458
CE_PAWNWEAKNESSES:0.443164639781548
CE_PIECEACTIVITY:0.4777132818633726
CE_KINGPAWNSHIELD:0.4593213987530438
CE_PIECECOORDINATION:0.541911790997849
CE_MATERIAL:0.5157476932400211
CE_KINGSAFETY:0.5237568284380055
C_PIECESQUARETABLES:0.5
C_MOBILITY:0.4835164013050288
C_KINGSAFETY:0.5700665701284321
C_PAWNSTRUCTURE:0.5124255132059794
C_PIECECOORDINATION:0.48176757202357934
C_ROOKANDPAWNMOVEMENT:0.48176757202357934
C_CENTERCONTROL:0.44892916967200514
C_DEVELOPPIECES:0.5042619920747541
C_MATERIAL:0.47739137003555016
C_MOVECOUNT:0.5
