ELO:1010
CE_PASSEDPAWNS:0.5017170672741337
CE_PAWNWEAKNESSES:0.5158538814199061
CE_PIECEACTIVITY:0.5176415780810288
CE_KINGPAWNSHIELD:0.4803339191772181
CE_PIECECOORDINATION:0.48290020915197623
CE_MATERIAL:0.49072364012201547
CE_KINGSAFETY:0.5
C_PIECESQUARETABLES:0.5
C_MOBILITY:0.507569516094217
C_KINGSAFETY:0.5073744283588497
C_PAWNSTRUCTURE:0.5128039229412943
C_PIECECOORDINATION:0.502393833119759
C_ROOK:0.4928266083733946
CE_ROOK:0.5
C_CENTERCONTROL:0.4981043461682603
C_DEVELOPPIECES:0.4994361975862497
C_MATERIAL:0.4918570220241463
C_MOVECOUNT:0.5214743265417351
C_PAWNMOVEMENT:0.5054683034682986
