ELO:998
CE_PASSEDPAWNS:0.5024507994943174
CE_PAWNWEAKNESSES:0.4886516167740076
CE_PIECEACTIVITY:0.5
CE_KINGPAWNSHIELD:0.5
CE_PIECECOORDINATION:0.4891450672215388
CE_MATERIAL:0.49473273224702397
CE_KINGSAFETY:0.49979683296344257
C_PIECESQUARETABLES:0.500532615748426
C_MOBILITY:0.4924090940805993
C_KINGSAFETY:0.4940325328484254
C_PAWNSTRUCTURE:0.5
C_PIECECOORDINATION:0.4895322529532467
C_ROOKANDPAWNMOVEMENT:0.4895322529532467
C_CENTERCONTROL:0.5
C_DEVELOPPIECES:0.5126346444890421
C_MATERIAL:0.49067990565104086
C_MOVECOUNT:0.5
