ELO:982
CE_PASSEDPAWNS:0.4870907418335941
CE_PAWNWEAKNESSES:0.4906335671330514
CE_PIECEACTIVITY:0.4746796050357717
CE_KINGPAWNSHIELD:0.4818417581997747
CE_PIECECOORDINATION:0.4956719639981518
CE_MATERIAL:0.502518848093817
CE_KINGSAFETY:0.5129639345477384
C_PIECESQUARETABLES:0.5341185198969499
C_MOBILITY:0.46392169473447187
C_KINGSAFETY:0.4976397968177331
C_PAWNSTRUCTURE:0.48885227547926374
C_PIECECOORDINATION:0.47855302420337836
C_ROOKANDPAWNMOVEMENT:0.47855302420337836
C_CENTERCONTROL:0.4977310183530362
C_DEVELOPPIECES:0.5089188160560092
C_MATERIAL:0.500547527157792
C_MOVECOUNT:0.5
