ELO:978
CE_PASSEDPAWNS:0.5072413097701659
CE_PAWNWEAKNESSES:0.4730463167680982
CE_PIECEACTIVITY:0.5112601392244165
CE_KINGPAWNSHIELD:0.5236576530138782
CE_PIECECOORDINATION:0.5167286219372296
CE_MATERIAL:0.5156705599373373
CE_KINGSAFETY:0.4787369123997261
C_PIECESQUARETABLES:0.4914682168810706
C_MOBILITY:0.5045066503617069
C_KINGSAFETY:0.5007731227862017
C_PAWNSTRUCTURE:0.4903398241289484
C_PIECECOORDINATION:0.4869497807054165
C_ROOKANDPAWNMOVEMENT:0.4869497807054165
C_CENTERCONTROL:0.47188323835702517
C_DEVELOPPIECES:0.49326462605287197
C_MATERIAL:0.5132047946391627
C_MOVECOUNT:0.5
