ELO:1000
CE_PASSEDPAWNS:0.478834445363459
CE_PAWNWEAKNESSES:0.5345267635876908
CE_PIECEACTIVITY:0.5284666127827787
CE_KINGPAWNSHIELD:0.4588865047724245
CE_PIECECOORDINATION:0.5024241697172269
CE_MATERIAL:0.5158089331353675
CE_KINGSAFETY:0.5247984135901298
C_PIECESQUARETABLES:0.5208291864528174
C_MOBILITY:0.5283870957100449
C_KINGSAFETY:0.49122592771391865
C_PAWNSTRUCTURE:0.4697085813625015
C_PIECECOORDINATION:0.537507415476311
C_ROOKANDPAWNMOVEMENT:0.537507415476311
C_CENTERCONTROL:0.47829211394524995
C_DEVELOPPIECES:0.4811408989876361
C_MATERIAL:0.5375332903801476
