ELO:980
CE_PASSEDPAWNS:0.5
CE_PAWNWEAKNESSES:0.44095069192489034
CE_PIECEACTIVITY:0.5336369580264898
CE_KINGPAWNSHIELD:0.5143704068076096
CE_PIECECOORDINATION:0.5410376442856483
CE_MATERIAL:0.5
CE_KINGSAFETY:0.5205552903890324
C_PIECESQUARETABLES:0.4909996955264554
C_MOBILITY:0.4944352440750888
C_KINGSAFETY:0.5112319861542112
C_PAWNSTRUCTURE:0.5
C_PIECECOORDINATION:0.5072910941848724
C_ROOKANDPAWNMOVEMENT:0.5072910941848724
C_CENTERCONTROL:0.5198575665455137
C_DEVELOPPIECES:0.4952507527618157
C_MATERIAL:0.5
C_MOVECOUNT:0.5
