ELO:789
CE_PASSEDPAWNS:0.5523564134013969
CE_PAWNWEAKNESSES:0.4801254334620393
CE_PIECEACTIVITY:0.492848854363647
CE_KINGPAWNSHIELD:0.42969708715461874
CE_PIECECOORDINATION:0.499249760787092
CE_MATERIAL:0.4936096109266191
CE_KINGSAFETY:0.49688738892870893
C_PIECESQUARETABLES:0.5
C_MOBILITY:0.5398443724404098
C_KINGSAFETY:0.45387865740460376
C_PAWNSTRUCTURE:0.5209354552428432
C_PIECECOORDINATION:0.45426037195943836
C_ROOKANDPAWNMOVEMENT:0.45426037195943836
C_CENTERCONTROL:0.588881829625685
C_DEVELOPPIECES:0.5558374278781176
C_MATERIAL:0.5503647991945964
C_MOVECOUNT:0.5
