ELO:931
CE_PASSEDPAWNS:0.46967075666465097
CE_PAWNWEAKNESSES:0.5729069381831943
CE_PIECEACTIVITY:0.5148809375767817
CE_KINGPAWNSHIELD:0.40090790305689755
CE_PIECECOORDINATION:0.3983606518802317
CE_MATERIAL:0.5126434093126151
CE_KINGSAFETY:0.46505375784394654
C_PIECESQUARETABLES:0.4855473280771026
C_MOBILITY:0.5289394908958414
C_KINGSAFETY:0.5244248610004398
C_PAWNSTRUCTURE:0.5809523902107975
C_PIECECOORDINATION:0.5540258958490663
C_ROOKANDPAWNMOVEMENT:0.5540258958490663
C_CENTERCONTROL:0.4356112057527475
C_DEVELOPPIECES:0.42004663918851515
C_MATERIAL:0.6226510250072579
