ELO:909
CE_PASSEDPAWNS:0.5134379555390102
CE_PAWNWEAKNESSES:0.6080681804971652
CE_PIECEACTIVITY:0.5238412453515573
CE_KINGPAWNSHIELD:0.39778301033184604
CE_PIECECOORDINATION:0.38396059698575946
CE_MATERIAL:0.5147536803340526
CE_KINGSAFETY:0.4429481975813373
C_PIECESQUARETABLES:0.5239416137586828
C_MOBILITY:0.5457611901585682
C_KINGSAFETY:0.5322292079423208
C_PAWNSTRUCTURE:0.6049343099499919
C_PIECECOORDINATION:0.597773375116143
C_ROOKANDPAWNMOVEMENT:0.597773375116143
C_CENTERCONTROL:0.47276683236460787
C_DEVELOPPIECES:0.3889401811973573
C_MATERIAL:0.6731384561946853
