ELO:987
CE_PASSEDPAWNS:0.5052771420689808
CE_PAWNWEAKNESSES:0.4358969029300384
CE_PIECEACTIVITY:0.4730173691729698
CE_KINGPAWNSHIELD:0.5608948999473375
CE_PIECECOORDINATION:0.4607018496679768
CE_MATERIAL:0.5077418511986709
CE_KINGSAFETY:0.48835052022402337
C_PIECESQUARETABLES:0.5
C_MOBILITY:0.40807003494088984
C_KINGSAFETY:0.48949598174026504
C_PAWNSTRUCTURE:0.517532620846518
C_PIECECOORDINATION:0.5568468797904114
C_ROOKANDPAWNMOVEMENT:0.5568468797904114
C_CENTERCONTROL:0.5127121141370776
C_DEVELOPPIECES:0.5487673050408173
C_MATERIAL:0.4658679300100421
