ELO:855
CE_PASSEDPAWNS:0.5763577118091627
CE_PAWNWEAKNESSES:0.40697742067334314
CE_PIECEACTIVITY:0.48304813807200575
CE_KINGPAWNSHIELD:0.5414605124636505
CE_PIECECOORDINATION:0.4148800427975598
CE_MATERIAL:0.4616905988050824
CE_KINGSAFETY:0.49427132861258866
C_PIECESQUARETABLES:0.5080878699816174
C_MOBILITY:0.4617837553569273
C_KINGSAFETY:0.5494719895534903
C_PAWNSTRUCTURE:0.5499308840120553
C_PIECECOORDINATION:0.5399324023808094
C_ROOKANDPAWNMOVEMENT:0.5399324023808094
C_CENTERCONTROL:0.5569273078028791
C_DEVELOPPIECES:0.5864568718147624
C_MATERIAL:0.4912572866042947
