ELO:1000
CE_PASSEDPAWNS:0.4980097524975275
CE_PAWNWEAKNESSES:0.49829032615086793
CE_PIECEACTIVITY:0.5228294474830865
CE_KINGPAWNSHIELD:0.4656699583024384
CE_PIECECOORDINATION:0.5448358738974265
CE_MATERIAL:0.5254629721757882
CE_KINGSAFETY:0.5322342720738589
C_PIECESQUARETABLES:0.49829047001810595
C_MOBILITY:0.5192209801331819
C_KINGSAFETY:0.49571713915675375
C_PAWNSTRUCTURE:0.49059326984067136
C_PIECECOORDINATION:0.5023305152070221
C_ROOKANDPAWNMOVEMENT:0.5023305152070221
C_CENTERCONTROL:0.4896586756861394
C_DEVELOPPIECES:0.49426203623856413
C_MATERIAL:0.5113675046680377
