ELO:882
CE_PASSEDPAWNS:0.5654812124185024
CE_PAWNWEAKNESSES:0.40622416123907795
CE_PIECEACTIVITY:0.49868189826275156
CE_KINGPAWNSHIELD:0.533745124357417
CE_PIECECOORDINATION:0.3840885172753925
CE_MATERIAL:0.46019895977951114
CE_KINGSAFETY:0.5228759086741128
C_PIECESQUARETABLES:0.5019612176615527
C_MOBILITY:0.45058850374713355
C_KINGSAFETY:0.5500012915073619
C_PAWNSTRUCTURE:0.5565291770706983
C_PIECECOORDINATION:0.5307234569443314
C_ROOKANDPAWNMOVEMENT:0.5307234569443314
C_CENTERCONTROL:0.555093868932322
C_DEVELOPPIECES:0.6048214601358447
C_MATERIAL:0.47980106864271027
