ELO:972
CE_PASSEDPAWNS:0.4839183426464632
CE_PAWNWEAKNESSES:0.47498388282465814
CE_PIECEACTIVITY:0.5281816178775043
CE_KINGPAWNSHIELD:0.49598814828376636
CE_PIECECOORDINATION:0.49668118992939136
CE_MATERIAL:0.494917493466678
CE_KINGSAFETY:0.5088821318863129
C_PIECESQUARETABLES:0.4988960376883092
C_MOBILITY:0.4923507960736401
C_KINGSAFETY:0.49587064996825914
C_PAWNSTRUCTURE:0.4836515349329471
C_PIECECOORDINATION:0.49289785815352416
C_ROOKANDPAWNMOVEMENT:0.49289785815352416
C_CENTERCONTROL:0.49738710014840837
C_DEVELOPPIECES:0.513259260084774
C_MATERIAL:0.48123441175497694
C_MOVECOUNT:0.5146980316260369
