ELO:733
CE_PASSEDPAWNS:0.477636373744828
CE_PAWNWEAKNESSES:0.4832975408639948
CE_PIECEACTIVITY:0.5074317389014436
CE_KINGPAWNSHIELD:0.5147810194126239
CE_PIECECOORDINATION:0.5742169984289209
CE_MATERIAL:0.4946616248829206
CE_KINGSAFETY:0.5195630548818683
C_PIECESQUARETABLES:0.5492355576735655
C_MOBILITY:0.4347905287290574
C_KINGSAFETY:0.3850331481888454
C_PAWNSTRUCTURE:0.4774102434520082
C_PIECECOORDINATION:0.615436546915373
C_ROOKANDPAWNMOVEMENT:0.615436546915373
C_CENTERCONTROL:0.49291955934713455
C_DEVELOPPIECES:0.531911213202376
C_MATERIAL:0.36778044199889165
C_MOVECOUNT:0.5158753219676718
