ELO:1000
CE_PASSEDPAWNS:0.4922938426571337
CE_PAWNWEAKNESSES:0.4835778499411721
CE_PIECEACTIVITY:0.4883319895479245
CE_KINGPAWNSHIELD:0.48858465539988977
CE_PIECECOORDINATION:0.47787245301521325
CE_MATERIAL:0.5137282438388742
CE_KINGSAFETY:0.4947195527055244
C_PIECESQUARETABLES:0.5007656519124004
C_MOBILITY:0.43435076221252017
C_KINGSAFETY:0.5256743148211684
C_PAWNSTRUCTURE:0.5091434883502869
C_PIECECOORDINATION:0.5091624680263156
C_ROOKANDPAWNMOVEMENT:0.5091624680263156
C_CENTERCONTROL:0.4702467191759221
C_DEVELOPPIECES:0.5034267120196744
C_MATERIAL:0.5071800844901817
