ELO:871
CE_PASSEDPAWNS:0.5590839896374403
CE_PAWNWEAKNESSES:0.3894705206194998
CE_PIECEACTIVITY:0.5019512179084256
CE_KINGPAWNSHIELD:0.6391442610752183
CE_PIECECOORDINATION:0.43875165928602705
CE_MATERIAL:0.4719243876694402
CE_KINGSAFETY:0.5018389303764744
C_PIECESQUARETABLES:0.5776624982328448
C_MOBILITY:0.4052670237389562
C_KINGSAFETY:0.5525523019098278
C_PAWNSTRUCTURE:0.5251614934743919
C_PIECECOORDINATION:0.608125451411811
C_ROOKANDPAWNMOVEMENT:0.608125451411811
C_CENTERCONTROL:0.5363722458929975
C_DEVELOPPIECES:0.5974992770647667
C_MATERIAL:0.433443453861108
