ELO:984
CE_PASSEDPAWNS:0.5053169119398289
CE_PAWNWEAKNESSES:0.5564564832698676
CE_PIECEACTIVITY:0.4750203140226649
CE_KINGPAWNSHIELD:0.3606289087205466
CE_PIECECOORDINATION:0.4448914983854964
CE_MATERIAL:0.5042404447249347
CE_KINGSAFETY:0.49143371082915527
C_PIECESQUARETABLES:0.5263387878273341
C_MOBILITY:0.5451057758511905
C_KINGSAFETY:0.524199198856514
C_PAWNSTRUCTURE:0.551371427789875
C_PIECECOORDINATION:0.513812499357506
C_ROOKANDPAWNMOVEMENT:0.513812499357506
C_CENTERCONTROL:0.4592453734302835
C_DEVELOPPIECES:0.41974657732064274
C_MATERIAL:0.5968396771558301
