ELO:1005
CE_PASSEDPAWNS:0.5038474134245708
CE_PAWNWEAKNESSES:0.49060516395288717
CE_PIECEACTIVITY:0.511085000330611
CE_KINGPAWNSHIELD:0.4787050261905096
CE_PIECECOORDINATION:0.5082233858327451
CE_MATERIAL:0.46369109946441667
CE_KINGSAFETY:0.5
C_PIECESQUARETABLES:0.5
C_MOBILITY:0.4992145249763207
C_KINGSAFETY:0.5270202738512544
C_PAWNSTRUCTURE:0.4864624813451573
C_PIECECOORDINATION:0.49764850737563576
C_ROOKANDPAWNMOVEMENT:0.49764850737563576
C_CENTERCONTROL:0.47919806244689717
C_DEVELOPPIECES:0.5053663488913729
C_MATERIAL:0.5068270866241559
C_MOVECOUNT:0.5185912269528332
