ELO:997
CE_PASSEDPAWNS:0.4972323284482079
CE_PAWNWEAKNESSES:0.5034455905297756
CE_PIECEACTIVITY:0.5
CE_KINGPAWNSHIELD:0.5
CE_PIECECOORDINATION:0.49180694281043663
CE_MATERIAL:0.5580156684893838
CE_KINGSAFETY:0.5091674257880505
C_PIECESQUARETABLES:0.5
C_MOBILITY:0.5
C_KINGSAFETY:0.5034890719356305
C_PAWNSTRUCTURE:0.5
C_PIECECOORDINATION:0.5273983331336507
C_ROOKANDPAWNMOVEMENT:0.5273983331336507
C_CENTERCONTROL:0.4944377467212079
C_DEVELOPPIECES:0.4994996495580474
C_MATERIAL:0.5029529302698583
C_MOVECOUNT:0.5
