ELO:948
CE_PASSEDPAWNS:0.4718198468937788
CE_PAWNWEAKNESSES:0.4903462251491472
CE_PIECEACTIVITY:0.49145608135224705
CE_KINGPAWNSHIELD:0.5035238578812979
CE_PIECECOORDINATION:0.5131620829560036
CE_MATERIAL:0.48843785710206444
CE_KINGSAFETY:0.5015219507583031
C_PIECESQUARETABLES:0.4881999077512343
C_MOBILITY:0.5113908804043179
C_KINGSAFETY:0.48084002323394937
C_PAWNSTRUCTURE:0.5327564002259886
C_PIECECOORDINATION:0.49443798817587076
C_ROOKANDPAWNMOVEMENT:0.49443798817587076
C_CENTERCONTROL:0.531720453038162
C_DEVELOPPIECES:0.5032734348219589
C_MATERIAL:0.4987312650922199
