ELO:1000
CE_PASSEDPAWNS:0.5126032815982282
CE_PAWNWEAKNESSES:0.4932218202043487
CE_PIECEACTIVITY:0.506333437225035
CE_KINGPAWNSHIELD:0.5012647248356867
CE_PIECECOORDINATION:0.510582615327654
CE_MATERIAL:0.5001678807840554
CE_KINGSAFETY:0.5432450647227651
C_PIECESQUARETABLES:0.4961717070522199
C_MOBILITY:0.5182372329686408
C_KINGSAFETY:0.5060398318135406
C_PAWNSTRUCTURE:0.5114495100657483
C_PIECECOORDINATION:0.48597035084483836
C_ROOKANDPAWNMOVEMENT:0.48597035084483836
C_CENTERCONTROL:0.4979217966577803
C_DEVELOPPIECES:0.5124122905882885
C_MATERIAL:0.5056658531743883
