ELO:970
CE_PASSEDPAWNS:0.4860484391000618
CE_PAWNWEAKNESSES:0.5674162060931606
CE_PIECEACTIVITY:0.4964816339705195
CE_KINGPAWNSHIELD:0.36087701584122606
CE_PIECECOORDINATION:0.44111831020539455
CE_MATERIAL:0.5029032242126562
CE_KINGSAFETY:0.47345057972839666
C_PIECESQUARETABLES:0.5121930321032592
C_MOBILITY:0.5265200030064706
C_KINGSAFETY:0.5181578220673383
C_PAWNSTRUCTURE:0.56267108234195
C_PIECECOORDINATION:0.5760313142154602
C_ROOKANDPAWNMOVEMENT:0.5760313142154602
C_CENTERCONTROL:0.4628913646568992
C_DEVELOPPIECES:0.41897937456727147
C_MATERIAL:0.596121097850026
