ELO:991
CE_PASSEDPAWNS:0.5169633098882538
CE_PAWNWEAKNESSES:0.4747266971979074
CE_PIECEACTIVITY:0.5232632739277328
CE_KINGPAWNSHIELD:0.5353004206902734
CE_PIECECOORDINATION:0.4846973356516632
CE_MATERIAL:0.4694181679613265
CE_KINGSAFETY:0.4945385321962494
C_PIECESQUARETABLES:0.5077256617344854
C_MOBILITY:0.580479941274235
C_KINGSAFETY:0.5224078757218977
C_PAWNSTRUCTURE:0.46054427260367564
C_PIECECOORDINATION:0.49481266204964397
C_ROOKANDPAWNMOVEMENT:0.49481266204964397
C_CENTERCONTROL:0.41777370488890125
C_DEVELOPPIECES:0.42643806500518533
C_MATERIAL:0.6234991122067586
