ELO:1000
CE_PASSEDPAWNS:0.4832235560254861
CE_PAWNWEAKNESSES:0.48248763228824554
CE_PIECEACTIVITY:0.5005239633797394
CE_KINGPAWNSHIELD:0.4834159836132607
CE_PIECECOORDINATION:0.5056450118692286
CE_MATERIAL:0.49206716612257245
CE_KINGSAFETY:0.4926979066941051
C_PIECESQUARETABLES:0.5198953483354317
C_MOBILITY:0.41605326969167783
C_KINGSAFETY:0.5615191426338603
C_PAWNSTRUCTURE:0.5037960657555858
C_PIECECOORDINATION:0.503912300390145
C_ROOKANDPAWNMOVEMENT:0.503912300390145
C_CENTERCONTROL:0.5012485652017825
C_DEVELOPPIECES:0.49309344355388307
C_MATERIAL:0.49395723654286494
