ELO:996
CE_PASSEDPAWNS:0.5167757518953608
CE_PAWNWEAKNESSES:0.48947514128731423
CE_PIECEACTIVITY:0.502622628192557
CE_KINGPAWNSHIELD:0.4802567372980364
CE_PIECECOORDINATION:0.5085391303079783
CE_MATERIAL:0.5076868955306105
CE_KINGSAFETY:0.488031981279394
C_PIECESQUARETABLES:0.513963187164092
C_MOBILITY:0.4985795525295314
C_KINGSAFETY:0.5046925856827633
C_PAWNSTRUCTURE:0.5109863512895426
C_PIECECOORDINATION:0.5165430092066768
C_ROOK:0.5262193065348453
CE_ROOK:0.5031771375692617
C_CENTERCONTROL:0.49965162182313766
C_DEVELOPPIECES:0.4917681501612111
C_MATERIAL:0.49113757424660226
C_MOVECOUNT:0.4936009976699702
C_PAWNMOVEMENT:0.5135114286836031
