ELO:1019
CE_PASSEDPAWNS:0.47912806477801456
CE_PAWNWEAKNESSES:0.5018274149743518
CE_PIECEACTIVITY:0.4854613966948286
CE_KINGPAWNSHIELD:0.5411593456908269
CE_PIECECOORDINATION:0.5026234285496076
CE_MATERIAL:0.5127784846434584
CE_KINGSAFETY:0.5
C_PIECESQUARETABLES:0.5
C_MOBILITY:0.5260194635113078
C_KINGSAFETY:0.5142885120146999
C_PAWNSTRUCTURE:0.4951797095200419
C_PIECECOORDINATION:0.5121076075461656
C_ROOK:0.4972203104908796
CE_ROOK:0.4898928659705995
C_CENTERCONTROL:0.47972147466404774
C_DEVELOPPIECES:0.4701634492206863
C_MATERIAL:0.49949745051944733
C_MOVECOUNT:0.5021343610710851
C_PAWNMOVEMENT:0.5104097384420568
