ELO:976
CE_PASSEDPAWNS:0.5023254962176473
CE_PAWNWEAKNESSES:0.5125627542928147
CE_PIECEACTIVITY:0.5061695894163324
CE_KINGPAWNSHIELD:0.5089773417711996
CE_PIECECOORDINATION:0.5170239697434627
CE_MATERIAL:0.5335875216057041
CE_KINGSAFETY:0.5
C_PIECESQUARETABLES:0.5
C_MOBILITY:0.5274025128559238
C_KINGSAFETY:0.5466452714985792
C_PAWNSTRUCTURE:0.46692593618093314
C_PIECECOORDINATION:0.5090671864501586
C_ROOK:0.4993895138622664
CE_ROOK:0.5266651563434074
C_CENTERCONTROL:0.473060146432552
C_DEVELOPPIECES:0.5044471711289261
C_MATERIAL:0.49833557851311927
C_MOVECOUNT:0.5114060774088982
C_PAWNMOVEMENT:0.5070728644669963
