ELO:932
CE_PASSEDPAWNS:0.5316560691462652
CE_PAWNWEAKNESSES:0.4066485736573888
CE_PIECEACTIVITY:0.5317189651628055
CE_KINGPAWNSHIELD:0.6121341143525401
CE_PIECECOORDINATION:0.481306975217037
CE_MATERIAL:0.4751180328510816
CE_KINGSAFETY:0.5172067165425352
C_PIECESQUARETABLES:0.5380668900972259
C_MOBILITY:0.4015153912573838
C_KINGSAFETY:0.48968129232280716
C_PAWNSTRUCTURE:0.5370131076713783
C_PIECECOORDINATION:0.5937818542897623
C_ROOKANDPAWNMOVEMENT:0.5937818542897623
C_CENTERCONTROL:0.48827234211573506
C_DEVELOPPIECES:0.5707635374143133
C_MATERIAL:0.43876155666483574
