ELO:1069
CE_PASSEDPAWNS:0.4925151874281655
CE_PAWNWEAKNESSES:0.49552758885669784
CE_PIECEACTIVITY:0.5021535510357856
CE_KINGPAWNSHIELD:0.5089916107534054
CE_PIECECOORDINATION:0.5214771618589702
CE_MATERIAL:0.4955799859334924
CE_KINGSAFETY:0.5
C_PIECESQUARETABLES:0.5
C_MOBILITY:0.49731990569851686
C_KINGSAFETY:0.5084578881449698
C_PAWNSTRUCTURE:0.48981130424927877
C_PIECECOORDINATION:0.5
C_ROOK:0.5093155628967548
CE_ROOK:0.49552285313019595
C_CENTERCONTROL:0.5002605612675087
C_DEVELOPPIECES:0.49778111311249335
C_MATERIAL:0.5104270111795414
C_MOVECOUNT:0.5
C_PAWNMOVEMENT:0.5028529947868007
