ELO:979
CE_PASSEDPAWNS:0.5105049116569355
CE_PAWNWEAKNESSES:0.5061756796884485
CE_PIECEACTIVITY:0.5029400248075624
CE_KINGPAWNSHIELD:0.5187704413031933
CE_PIECECOORDINATION:0.48726361321423534
CE_MATERIAL:0.5
CE_KINGSAFETY:0.49223643816223633
C_PIECESQUARETABLES:0.5055212259017365
C_MOBILITY:0.5073145902096583
C_KINGSAFETY:0.48486705967525756
C_PAWNSTRUCTURE:0.5063499213819465
C_PIECECOORDINATION:0.5156207911731323
C_ROOKANDPAWNMOVEMENT:0.5156207911731323
C_CENTERCONTROL:0.45409143891838055
C_DEVELOPPIECES:0.5
C_MATERIAL:0.5102858255548351
C_MOVECOUNT:0.5
