ELO:1000
CE_PASSEDPAWNS:0.5118362967793244
CE_PAWNWEAKNESSES:0.4902113279563261
CE_PIECEACTIVITY:0.4982448628295366
CE_KINGPAWNSHIELD:0.48949802553583727
CE_PIECECOORDINATION:0.47426945233814427
CE_MATERIAL:0.5059094976461525
CE_KINGSAFETY:0.48457492124043555
C_PIECESQUARETABLES:0.5
C_MOBILITY:0.43977558131422717
C_KINGSAFETY:0.5517196296153156
C_PAWNSTRUCTURE:0.4816859615782825
C_PIECECOORDINATION:0.47866208574536573
C_ROOKANDPAWNMOVEMENT:0.47866208574536573
C_CENTERCONTROL:0.5095622246303751
C_DEVELOPPIECES:0.5259823142612543
C_MATERIAL:0.48861370791777564
