ELO:1001
CE_PASSEDPAWNS:0.48043613271603874
CE_PAWNWEAKNESSES:0.4734499689189188
CE_PIECEACTIVITY:0.5202418799877009
CE_KINGPAWNSHIELD:0.5365526431510694
CE_PIECECOORDINATION:0.4774810384392075
CE_MATERIAL:0.503650715257785
CE_KINGSAFETY:0.45302021087658606
C_PIECESQUARETABLES:0.5158546662605058
C_MOBILITY:0.4479210597060924
C_KINGSAFETY:0.4983855383809498
C_PAWNSTRUCTURE:0.4935630285323976
C_PIECECOORDINATION:0.5580662660158417
C_ROOKANDPAWNMOVEMENT:0.5580662660158417
C_CENTERCONTROL:0.5212676952126913
C_DEVELOPPIECES:0.540471539380827
C_MATERIAL:0.44079370840474236
