ELO:926
CE_PASSEDPAWNS:0.5238589818036898
CE_PAWNWEAKNESSES:0.43244813961982637
CE_PIECEACTIVITY:0.4917044702457353
CE_KINGPAWNSHIELD:0.578378825721478
CE_PIECECOORDINATION:0.4827209505446278
CE_MATERIAL:0.4912717990956261
CE_KINGSAFETY:0.5248592497106036
C_PIECESQUARETABLES:0.5241570433610078
C_MOBILITY:0.4013148152814234
C_KINGSAFETY:0.4545550178501849
C_PAWNSTRUCTURE:0.5318562749003589
C_PIECECOORDINATION:0.5737280782121095
C_ROOKANDPAWNMOVEMENT:0.5737280782121095
C_CENTERCONTROL:0.5107151642140725
C_DEVELOPPIECES:0.563023293479312
C_MATERIAL:0.456321897405114
