ELO:901
CE_PASSEDPAWNS:0.5004299507641616
CE_PAWNWEAKNESSES:0.4834685033086669
CE_PIECEACTIVITY:0.519669053412187
CE_KINGPAWNSHIELD:0.5406105473776119
CE_PIECECOORDINATION:0.49936394114773625
CE_MATERIAL:0.503266471174754
CE_KINGSAFETY:0.5
C_PIECESQUARETABLES:0.5
C_MOBILITY:0.493849778224248
C_KINGSAFETY:0.5122596151364848
C_PAWNSTRUCTURE:0.5006444267838963
C_PIECECOORDINATION:0.5507819693516918
C_ROOKANDPAWNMOVEMENT:0.5507819693516918
C_CENTERCONTROL:0.4664340880989496
C_DEVELOPPIECES:0.5269996740724339
C_MATERIAL:0.5411669897126935
C_MOVECOUNT:0.5
