ELO:921
CE_PASSEDPAWNS:0.47320890983215574
CE_PAWNWEAKNESSES:0.5977499963588855
CE_PIECEACTIVITY:0.5208386349122647
CE_KINGPAWNSHIELD:0.40465652334557806
CE_PIECECOORDINATION:0.3905870215965372
CE_MATERIAL:0.5033209229031734
CE_KINGSAFETY:0.45180803035408756
C_PIECESQUARETABLES:0.48902221001338597
C_MOBILITY:0.5292736820348668
C_KINGSAFETY:0.5307988230366609
C_PAWNSTRUCTURE:0.5614801824505313
C_PIECECOORDINATION:0.5671444185503465
C_ROOKANDPAWNMOVEMENT:0.5671444185503465
C_CENTERCONTROL:0.4329657095289637
C_DEVELOPPIECES:0.3776504311973583
C_MATERIAL:0.6685253676296294
