ELO:972
CE_PASSEDPAWNS:0.4788336978152528
CE_PAWNWEAKNESSES:0.4906335671330514
CE_PIECEACTIVITY:0.4746796050357717
CE_KINGPAWNSHIELD:0.47017353248856963
CE_PIECECOORDINATION:0.4956719639981518
CE_MATERIAL:0.5078168700860813
CE_KINGSAFETY:0.5033287339666379
C_PIECESQUARETABLES:0.5119609944721238
C_MOBILITY:0.4760548774424783
C_KINGSAFETY:0.5001654525504718
C_PAWNSTRUCTURE:0.48885227547926374
C_PIECECOORDINATION:0.48515454391231616
C_ROOKANDPAWNMOVEMENT:0.48515454391231616
C_CENTERCONTROL:0.5
C_DEVELOPPIECES:0.511837502683066
C_MATERIAL:0.49185703603346853
C_MOVECOUNT:0.5
