ELO:1026
CE_PASSEDPAWNS:0.48988584357042053
CE_PAWNWEAKNESSES:0.5020953993401601
CE_PIECEACTIVITY:0.5381708366227803
CE_KINGPAWNSHIELD:0.5107923567482057
CE_PIECECOORDINATION:0.519357377125772
CE_MATERIAL:0.5064661152402773
CE_KINGSAFETY:0.5
C_PIECESQUARETABLES:0.5
C_MOBILITY:0.5260194635113078
C_KINGSAFETY:0.45404139381650016
C_PAWNSTRUCTURE:0.5095644676388512
C_PIECECOORDINATION:0.5073957799051089
C_ROOK:0.4955225921970349
CE_ROOK:0.4942618233668955
C_CENTERCONTROL:0.47972147466404774
C_DEVELOPPIECES:0.49539531084576294
C_MATERIAL:0.48767837049896284
C_MOVECOUNT:0.5058958209786347
C_PAWNMOVEMENT:0.48888663680470384
