ELO:1000
CE_PASSEDPAWNS:0.48408346569297633
CE_PAWNWEAKNESSES:0.4867458003536509
CE_PIECEACTIVITY:0.4964363177127944
CE_KINGPAWNSHIELD:0.47744624458056184
CE_PIECECOORDINATION:0.4960267637241186
CE_MATERIAL:0.5078371860426076
CE_KINGSAFETY:0.4989692478930365
C_PIECESQUARETABLES:0.5029430206016416
C_MOBILITY:0.42345227490899917
C_KINGSAFETY:0.5161223739266855
C_PAWNSTRUCTURE:0.5085088650867391
C_PIECECOORDINATION:0.5032352943489886
C_ROOKANDPAWNMOVEMENT:0.5032352943489886
C_CENTERCONTROL:0.48478150197982556
C_DEVELOPPIECES:0.5056192674013912
C_MATERIAL:0.4859992360125202
