ELO:792
CE_PASSEDPAWNS:0.49556219055330886
CE_PAWNWEAKNESSES:0.5864206312946122
CE_PIECEACTIVITY:0.47700700412414654
CE_KINGPAWNSHIELD:0.4202367901990974
CE_PIECECOORDINATION:0.4329682079313608
CE_MATERIAL:0.5483939984895574
CE_KINGSAFETY:0.5
C_PIECESQUARETABLES:0.5
C_MOBILITY:0.5094459086135701
C_KINGSAFETY:0.42776230326962283
C_PAWNSTRUCTURE:0.5263636249697636
C_PIECECOORDINATION:0.5991126154727504
C_ROOKANDPAWNMOVEMENT:0.5991126154727504
C_CENTERCONTROL:0.5520822976052376
C_DEVELOPPIECES:0.5030239845802799
C_MATERIAL:0.3934362157749184
C_MOVECOUNT:0.5
