ELO:989
CE_PASSEDPAWNS:0.5277288571395565
CE_PAWNWEAKNESSES:0.4514416466186312
CE_PIECEACTIVITY:0.52110372081263
CE_KINGPAWNSHIELD:0.542603462243025
CE_PIECECOORDINATION:0.4846973356516632
CE_MATERIAL:0.4694181679613265
CE_KINGSAFETY:0.48823023424364287
C_PIECESQUARETABLES:0.5
C_MOBILITY:0.580479941274235
C_KINGSAFETY:0.5443053213577612
C_PAWNSTRUCTURE:0.44944298566242524
C_PIECECOORDINATION:0.5025144520835259
C_ROOKANDPAWNMOVEMENT:0.5025144520835259
C_CENTERCONTROL:0.43840515902317456
C_DEVELOPPIECES:0.42643806500518533
C_MATERIAL:0.6201906658387899
