ELO:999
CE_PASSEDPAWNS:0.4180757224349605
CE_PAWNWEAKNESSES:0.5229785603480751
CE_PIECEACTIVITY:0.4915183058580206
CE_KINGPAWNSHIELD:0.5122482513780943
CE_PIECECOORDINATION:0.49450172521703395
CE_MATERIAL:0.5222239013214969
CE_KINGSAFETY:0.5093983005745367
C_PIECESQUARETABLES:0.5139338628897322
C_MOBILITY:0.5267914476381346
C_KINGSAFETY:0.49538562553571686
C_PAWNSTRUCTURE:0.4649532272394428
C_PIECECOORDINATION:0.48457053160569047
C_ROOKANDPAWNMOVEMENT:0.48457053160569047
C_CENTERCONTROL:0.5378183976760141
C_DEVELOPPIECES:0.5589388880732974
C_MATERIAL:0.5160746424160898
