ELO:1000
CE_PASSEDPAWNS:0.5192934786123671
CE_PAWNWEAKNESSES:0.4958113905611957
CE_PIECEACTIVITY:0.5030538905942733
CE_KINGPAWNSHIELD:0.4717197220424043
CE_PIECECOORDINATION:0.5389595409454261
CE_MATERIAL:0.5375659571518167
CE_KINGSAFETY:0.53307968466939
C_PIECESQUARETABLES:0.49701074990117305
C_MOBILITY:0.5226830986877845
C_KINGSAFETY:0.5090332387738159
C_PAWNSTRUCTURE:0.48575720359639296
C_PIECECOORDINATION:0.4993222210889223
C_ROOKANDPAWNMOVEMENT:0.4993222210889223
C_CENTERCONTROL:0.500688978090279
C_DEVELOPPIECES:0.5047076855742256
C_MATERIAL:0.5017726884880515
