ELO:710
CE_PASSEDPAWNS:0.6704448203950549
CE_PAWNWEAKNESSES:0.5712202045093815
CE_PIECEACTIVITY:0.5231522826100907
CE_KINGPAWNSHIELD:0.5010826923668771
CE_PIECECOORDINATION:0.5811220203368938
CE_MATERIAL:0.5063057407784635
CE_KINGSAFETY:0.50122441925745
C_PIECESQUARETABLES:0.5166197305164786
C_MOBILITY:0.4047658891777511
C_KINGSAFETY:0.5404975394070447
C_PAWNSTRUCTURE:0.558635830235886
C_PIECECOORDINATION:0.5169021522416648
C_ROOKANDPAWNMOVEMENT:0.5169021522416648
C_CENTERCONTROL:0.48726488794164047
C_DEVELOPPIECES:0.5315702569116981
C_MATERIAL:0.4575231538030804
C_MOVECOUNT:0.4994343491792134
