ELO:946
CE_PASSEDPAWNS:0.47864331601074694
CE_PAWNWEAKNESSES:0.4809348464970584
CE_PIECEACTIVITY:0.5061169452339094
CE_KINGPAWNSHIELD:0.4551641135978707
CE_PIECECOORDINATION:0.5234301839269697
CE_MATERIAL:0.500932594386002
CE_KINGSAFETY:0.4923784139781264
C_PIECESQUARETABLES:0.4919225129495342
C_MOBILITY:0.5016402770579694
C_KINGSAFETY:0.4739672317364523
C_PAWNSTRUCTURE:0.46969964890405985
C_PIECECOORDINATION:0.4468085137076806
C_ROOK:0.5175704033766505
CE_ROOK:0.4807540610974716
C_CENTERCONTROL:0.46670831274618607
C_DEVELOPPIECES:0.49244955676216173
C_MATERIAL:0.500416373611019
C_MOVECOUNT:0.5396335346969624
C_PAWNMOVEMENT:0.4776257501634675
