ELO:1032
CE_PASSEDPAWNS:0.5012465273904346
CE_PAWNWEAKNESSES:0.5
CE_PIECEACTIVITY:0.5013656958901114
CE_KINGPAWNSHIELD:0.5062382328437601
CE_PIECECOORDINATION:0.5
CE_MATERIAL:0.49836508740799085
CE_KINGSAFETY:0.5
C_PIECESQUARETABLES:0.5
C_MOBILITY:0.4936512551597207
C_KINGSAFETY:0.490606529589838
C_PAWNSTRUCTURE:0.5024439568958764
C_PIECECOORDINATION:0.4991862703649332
C_ROOKANDPAWNMOVEMENT:0.4991862703649332
C_CENTERCONTROL:0.5113031606019813
C_DEVELOPPIECES:0.5069163143372825
C_MATERIAL:0.4920469871252361
C_MOVECOUNT:0.48369150782508535
