ELO:1000
CE_PASSEDPAWNS:0.5058695493330769
CE_PAWNWEAKNESSES:0.489005811018633
CE_PIECEACTIVITY:0.49877027457118145
CE_KINGPAWNSHIELD:0.45255229545388936
CE_PIECECOORDINATION:0.5269750833072148
CE_MATERIAL:0.5450425409999006
CE_KINGSAFETY:0.5
C_PIECESQUARETABLES:0.5
C_MOBILITY:0.5563957692313767
C_KINGSAFETY:0.4767073431331952
C_PAWNSTRUCTURE:0.4953770770080582
C_PIECECOORDINATION:0.4878398373780034
C_ROOKANDPAWNMOVEMENT:0.4878398373780034
C_CENTERCONTROL:0.5079487033932548
C_DEVELOPPIECES:0.49907278666245175
C_MATERIAL:0.5210628544209389
