ELO:1000
CE_PASSEDPAWNS:0.47726160955949215
CE_PAWNWEAKNESSES:0.4930906976779381
CE_PIECEACTIVITY:0.46816514958951316
CE_KINGPAWNSHIELD:0.445142607469807
CE_PIECECOORDINATION:0.4798385631572189
CE_MATERIAL:0.5278433384612291
CE_KINGSAFETY:0.5144926300975322
C_PIECESQUARETABLES:0.5170184951651069
C_MOBILITY:0.4619967296154264
C_KINGSAFETY:0.5071282036858292
C_PAWNSTRUCTURE:0.48606690436015454
C_PIECECOORDINATION:0.5080404010521449
C_ROOKANDPAWNMOVEMENT:0.5080404010521449
C_CENTERCONTROL:0.513056561484107
C_DEVELOPPIECES:0.5270397567119111
C_MATERIAL:0.4680914770824617
