ELO:912
CE_PASSEDPAWNS:0.5318642914359349
CE_PAWNWEAKNESSES:0.5111386133353015
CE_PIECEACTIVITY:0.46995525810799216
CE_KINGPAWNSHIELD:0.5016976637553311
CE_PIECECOORDINATION:0.45894903289955996
CE_MATERIAL:0.4744522520842007
CE_KINGSAFETY:0.485156595173134
C_PIECESQUARETABLES:0.5169787786677054
C_MOBILITY:0.4289032925899617
C_KINGSAFETY:0.501012810710578
C_PAWNSTRUCTURE:0.4721443682276042
C_PIECECOORDINATION:0.4539192106098848
C_ROOKANDPAWNMOVEMENT:0.4539192106098848
C_CENTERCONTROL:0.4954506493454595
C_DEVELOPPIECES:0.416532273645488
C_MATERIAL:0.5628773867181784
C_MOVECOUNT:0.47780477701907625
