ELO:899
CE_PASSEDPAWNS:0.553294092245268
CE_PAWNWEAKNESSES:0.5326022832924784
CE_PIECEACTIVITY:0.49866783334415526
CE_KINGPAWNSHIELD:0.5105377985586071
CE_PIECECOORDINATION:0.506604808259603
CE_MATERIAL:0.48799998187897425
CE_KINGSAFETY:0.48967378055334665
C_PIECESQUARETABLES:0.4911891128872997
C_MOBILITY:0.4654976722050049
C_KINGSAFETY:0.48708194448974007
C_PAWNSTRUCTURE:0.4655369279763154
C_PIECECOORDINATION:0.49630642412276743
C_ROOKANDPAWNMOVEMENT:0.49630642412276743
C_CENTERCONTROL:0.5057080999023764
C_DEVELOPPIECES:0.4684119936209254
C_MATERIAL:0.5362914400540708
C_MOVECOUNT:0.5029475964576071
