ELO:985
CE_PASSEDPAWNS:0.49988651825596786
CE_PAWNWEAKNESSES:0.5016399811433387
CE_PIECEACTIVITY:0.5019264379905176
CE_KINGPAWNSHIELD:0.4924636841489698
CE_PIECECOORDINATION:0.4939982231450241
CE_MATERIAL:0.5283630204502562
CE_KINGSAFETY:0.48446363301582596
C_PIECESQUARETABLES:0.4967302887208179
C_MOBILITY:0.5093557914058818
C_KINGSAFETY:0.5032272180085693
C_PAWNSTRUCTURE:0.50777362360534
C_PIECECOORDINATION:0.503706291891779
C_ROOK:0.5103163201476083
CE_ROOK:0.4818269882644215
C_CENTERCONTROL:0.5101919178522554
C_DEVELOPPIECES:0.49930618758742745
C_MATERIAL:0.49685787316934554
C_MOVECOUNT:0.5051345580162234
C_PAWNMOVEMENT:0.5100594197790471
