ELO:994
CE_PASSEDPAWNS:0.509712102587715
CE_PAWNWEAKNESSES:0.5
CE_PIECEACTIVITY:0.4941747989338856
CE_KINGPAWNSHIELD:0.49230723529736614
CE_PIECECOORDINATION:0.5051598770036992
CE_MATERIAL:0.5
CE_KINGSAFETY:0.49955215940735526
C_PIECESQUARETABLES:0.506164528765072
C_MOBILITY:0.49096476547564993
C_KINGSAFETY:0.4960338876737014
C_PAWNSTRUCTURE:0.49822972434710455
C_PIECECOORDINATION:0.5050758319927775
C_ROOKANDPAWNMOVEMENT:0.5050758319927775
C_CENTERCONTROL:0.4923438948885641
C_DEVELOPPIECES:0.4924285115785048
C_MATERIAL:0.5064328659880208
