ELO:974
CE_PASSEDPAWNS:0.5140388959014658
CE_PAWNWEAKNESSES:0.49329678461121707
CE_PIECEACTIVITY:0.489653808699853
CE_KINGPAWNSHIELD:0.5
CE_PIECECOORDINATION:0.4994140214721018
CE_MATERIAL:0.4980623157023894
CE_KINGSAFETY:0.5
C_PIECESQUARETABLES:0.5
C_MOBILITY:0.48467787526411343
C_KINGSAFETY:0.5305872818113766
C_PAWNSTRUCTURE:0.5
C_PIECECOORDINATION:0.5082408072657407
C_ROOKANDPAWNMOVEMENT:0.5082408072657407
C_CENTERCONTROL:0.48934882258024237
C_DEVELOPPIECES:0.49798105818866106
C_MATERIAL:0.49639579806675543
C_MOVECOUNT:0.5145865849339384
