ELO:1000
CE_PASSEDPAWNS:0.517711412706386
CE_PAWNWEAKNESSES:0.4915436474679426
CE_PIECEACTIVITY:0.5000481840648949
CE_KINGPAWNSHIELD:0.4938262075592775
CE_PIECECOORDINATION:0.5386551239548246
CE_MATERIAL:0.5113148539966007
CE_KINGSAFETY:0.572319391758878
C_PIECESQUARETABLES:0.527583615203389
C_MOBILITY:0.557401167904581
C_KINGSAFETY:0.5148294982411726
C_PAWNSTRUCTURE:0.4833994898451148
C_PIECECOORDINATION:0.5028436293251061
C_ROOKANDPAWNMOVEMENT:0.5028436293251061
C_CENTERCONTROL:0.49096887543348167
C_DEVELOPPIECES:0.5037791641242954
C_MATERIAL:0.511392425946212
