ELO:1000
CE_PASSEDPAWNS:0.5020470364204029
CE_PAWNWEAKNESSES:0.48745645273154903
CE_PIECEACTIVITY:0.5104654883122315
CE_KINGPAWNSHIELD:0.48799189533968645
CE_PIECECOORDINATION:0.48775641818916315
CE_MATERIAL:0.5132347929222804
CE_KINGSAFETY:0.5334536992678062
C_PIECESQUARETABLES:0.5177237115403613
C_MOBILITY:0.47375839863603125
C_KINGSAFETY:0.5
C_PAWNSTRUCTURE:0.4913313389469642
C_PIECECOORDINATION:0.5027546230955394
C_ROOKANDPAWNMOVEMENT:0.5027546230955394
C_CENTERCONTROL:0.519192594240065
C_DEVELOPPIECES:0.49897349488384424
C_MATERIAL:0.5056622200169929
