ELO:989
CE_PASSEDPAWNS:0.5258866662864138
CE_PAWNWEAKNESSES:0.4691623872571273
CE_PIECEACTIVITY:0.5314846804126845
CE_KINGPAWNSHIELD:0.542603462243025
CE_PIECECOORDINATION:0.48598326207694015
CE_MATERIAL:0.46640629252011867
CE_KINGSAFETY:0.49986595225782116
C_PIECESQUARETABLES:0.5
C_MOBILITY:0.593296249102254
C_KINGSAFETY:0.5277623875690237
C_PAWNSTRUCTURE:0.4517407120594745
C_PIECECOORDINATION:0.49973460393845
C_ROOKANDPAWNMOVEMENT:0.49973460393845
C_CENTERCONTROL:0.4060117631208773
C_DEVELOPPIECES:0.4354212939766876
C_MATERIAL:0.628197014426314
