ELO:967
CE_PASSEDPAWNS:0.4902477363730786
CE_PAWNWEAKNESSES:0.5227690269065759
CE_PIECEACTIVITY:0.508263702153814
CE_KINGPAWNSHIELD:0.4596300694798048
CE_PIECECOORDINATION:0.4469365802449689
CE_MATERIAL:0.51105565959332
CE_KINGSAFETY:0.5
C_PIECESQUARETABLES:0.5
C_MOBILITY:0.5045520258529795
C_KINGSAFETY:0.4985982911833924
C_PAWNSTRUCTURE:0.5124290486340484
C_PIECECOORDINATION:0.5199965648601096
C_ROOK:0.5231692396310137
CE_ROOK:0.48332193206982976
C_CENTERCONTROL:0.4868036746492816
C_DEVELOPPIECES:0.4905844883509176
C_MATERIAL:0.5097897457727936
C_MOVECOUNT:0.5488380861335334
C_PAWNMOVEMENT:0.5018048502023766
