ELO:975
CE_PASSEDPAWNS:0.4959409922846696
CE_PAWNWEAKNESSES:0.5126454265344239
CE_PIECEACTIVITY:0.4601503904458883
CE_KINGPAWNSHIELD:0.4172478210094439
CE_PIECECOORDINATION:0.5120446208799262
CE_MATERIAL:0.5700688289462811
CE_KINGSAFETY:0.5006714666734927
C_PIECESQUARETABLES:0.5
C_MOBILITY:0.5537205275946036
C_KINGSAFETY:0.4877942177727969
C_PAWNSTRUCTURE:0.5074514307823714
C_PIECECOORDINATION:0.4916639434346216
C_ROOKANDPAWNMOVEMENT:0.4916639434346216
C_CENTERCONTROL:0.4747609168454982
C_DEVELOPPIECES:0.5222394814541573
C_MATERIAL:0.5502045961038534
