ELO:991
CE_PASSEDPAWNS:0.5258866662864138
CE_PAWNWEAKNESSES:0.4747266971979074
CE_PIECEACTIVITY:0.5256534381721791
CE_KINGPAWNSHIELD:0.5327236232436963
CE_PIECECOORDINATION:0.47304336938833064
CE_MATERIAL:0.4694181679613265
CE_KINGSAFETY:0.5
C_PIECESQUARETABLES:0.49253355170208335
C_MOBILITY:0.5738856405828325
C_KINGSAFETY:0.5348484517666262
C_PAWNSTRUCTURE:0.44944298566242524
C_PIECECOORDINATION:0.5025144520835259
C_ROOKANDPAWNMOVEMENT:0.5025144520835259
C_CENTERCONTROL:0.43487118432277544
C_DEVELOPPIECES:0.4354212939766876
C_MATERIAL:0.628197014426314
