ELO:968
CE_PASSEDPAWNS:0.4935541849637254
CE_PAWNWEAKNESSES:0.4921515080896911
CE_PIECEACTIVITY:0.5154606973278177
CE_KINGPAWNSHIELD:0.47368727110303127
CE_PIECECOORDINATION:0.478330801553146
CE_MATERIAL:0.5201864715662812
CE_KINGSAFETY:0.5
C_PIECESQUARETABLES:0.4997530937410711
C_MOBILITY:0.5130409485630328
C_KINGSAFETY:0.4850408971658091
C_PAWNSTRUCTURE:0.5002483292903207
C_PIECECOORDINATION:0.5089113099591676
C_ROOK:0.5080702592442937
CE_ROOK:0.47896992413791445
C_CENTERCONTROL:0.4944428717618982
C_DEVELOPPIECES:0.4914633833613261
C_MATERIAL:0.5027038284289298
C_MOVECOUNT:0.5390073041495922
C_PAWNMOVEMENT:0.49187638240124554
