ELO:1001
CE_PASSEDPAWNS:0.489105361368111
CE_PAWNWEAKNESSES:0.5
CE_PIECEACTIVITY:0.4988401360142274
CE_KINGPAWNSHIELD:0.49560351575703604
CE_PIECECOORDINATION:0.5085388821866723
CE_MATERIAL:0.49836508740799085
CE_KINGSAFETY:0.5
C_PIECESQUARETABLES:0.5034576070102198
C_MOBILITY:0.49230568759344917
C_KINGSAFETY:0.5100976361969484
C_PAWNSTRUCTURE:0.5028760159198687
C_PIECECOORDINATION:0.5145484931384684
C_ROOKANDPAWNMOVEMENT:0.5145484931384684
C_CENTERCONTROL:0.5156678176722576
C_DEVELOPPIECES:0.5
C_MATERIAL:0.5004571430737955
C_MOVECOUNT:0.48369150782508535
