ELO:993
CE_PASSEDPAWNS:0.5005976292010338
CE_PAWNWEAKNESSES:0.490983097512816
CE_PIECEACTIVITY:0.5
CE_KINGPAWNSHIELD:0.49817696823670243
CE_PIECECOORDINATION:0.4892460260833649
CE_MATERIAL:0.4974266006424891
CE_KINGSAFETY:0.48835533909093004
C_PIECESQUARETABLES:0.4795871301336568
C_MOBILITY:0.5
C_KINGSAFETY:0.48935507241875964
C_PAWNSTRUCTURE:0.5104481422141958
C_PIECECOORDINATION:0.48939039119923944
C_ROOKANDPAWNMOVEMENT:0.48939039119923944
C_CENTERCONTROL:0.4996722879370537
C_DEVELOPPIECES:0.5
C_MATERIAL:0.5141409897316094
C_MOVECOUNT:0.5
