ELO:1000
CE_PASSEDPAWNS:0.5115641755138004
CE_PAWNWEAKNESSES:0.4972683794271085
CE_PIECEACTIVITY:0.49197192673653856
CE_KINGPAWNSHIELD:0.45337928851134934
CE_PIECECOORDINATION:0.5300776837291411
CE_MATERIAL:0.5549920521347063
CE_KINGSAFETY:0.5653005433999997
C_PIECESQUARETABLES:0.5037807147903702
C_MOBILITY:0.5572803203440926
C_KINGSAFETY:0.4750374253486519
C_PAWNSTRUCTURE:0.5058825437009061
C_PIECECOORDINATION:0.4812208120676562
C_ROOKANDPAWNMOVEMENT:0.4812208120676562
C_CENTERCONTROL:0.5181292845685652
C_DEVELOPPIECES:0.5096304834927562
C_MATERIAL:0.5424348409062633
