ELO:984
CE_PASSEDPAWNS:0.5044868376089051
CE_PAWNWEAKNESSES:0.5020525464502441
CE_PIECEACTIVITY:0.4767854202829702
CE_KINGPAWNSHIELD:0.4135238804337798
CE_PIECECOORDINATION:0.5209240244934978
CE_MATERIAL:0.5707047351861622
CE_KINGSAFETY:0.49553027057608723
C_PIECESQUARETABLES:0.48056505201387495
C_MOBILITY:0.5289052182878088
C_KINGSAFETY:0.4611576171873405
C_PAWNSTRUCTURE:0.4867918951994396
C_PIECECOORDINATION:0.4667112316856988
C_ROOKANDPAWNMOVEMENT:0.4667112316856988
C_CENTERCONTROL:0.4874234659324189
C_DEVELOPPIECES:0.5104952092114975
C_MATERIAL:0.5275672290070266
