ELO:778
CE_PASSEDPAWNS:0.5851699968048428
CE_PAWNWEAKNESSES:0.5150735702457513
CE_PIECEACTIVITY:0.45920917102630077
CE_KINGPAWNSHIELD:0.46098331523786296
CE_PIECECOORDINATION:0.4750471779315709
CE_MATERIAL:0.49710329150895277
CE_KINGSAFETY:0.451350025414813
C_PIECESQUARETABLES:0.5210716101099013
C_MOBILITY:0.48603746547696863
C_KINGSAFETY:0.49236995347612267
C_PAWNSTRUCTURE:0.5178582722810358
C_PIECECOORDINATION:0.5395071745939548
C_ROOKANDPAWNMOVEMENT:0.5395071745939548
C_CENTERCONTROL:0.459364847439387
C_DEVELOPPIECES:0.5016501617952158
C_MATERIAL:0.5196984885085045
C_MOVECOUNT:0.5
