ELO:1000
CE_PASSEDPAWNS:0.507077448291379
CE_PAWNWEAKNESSES:0.5016606262938532
CE_PIECEACTIVITY:0.5
CE_KINGPAWNSHIELD:0.49151162600549
CE_PIECECOORDINATION:0.4859601869667408
CE_MATERIAL:0.4925892722765426
CE_KINGSAFETY:0.5180332773530432
C_PIECESQUARETABLES:0.49643641665400895
C_MOBILITY:0.487689163799651
C_KINGSAFETY:0.5
C_PAWNSTRUCTURE:0.4829683535643026
C_PIECECOORDINATION:0.5116312513237686
C_ROOKANDPAWNMOVEMENT:0.5116312513237686
C_CENTERCONTROL:0.5085290087289479
C_DEVELOPPIECES:0.5058251760026766
C_MATERIAL:0.493783356657706
