ELO:963
CE_PASSEDPAWNS:0.5881926211565595
CE_PAWNWEAKNESSES:0.4855150979262545
CE_PIECEACTIVITY:0.5540462313462113
CE_KINGPAWNSHIELD:0.48748713488164774
CE_PIECECOORDINATION:0.42895446028215933
CE_MATERIAL:0.540383494701908
CE_KINGSAFETY:0.5
C_PIECESQUARETABLES:0.5
C_MOBILITY:0.5710803829492606
C_KINGSAFETY:0.5586736499195684
C_PAWNSTRUCTURE:0.5499105473496562
C_PIECECOORDINATION:0.49481266204964397
C_ROOKANDPAWNMOVEMENT:0.49481266204964397
C_CENTERCONTROL:0.5111488885130562
C_DEVELOPPIECES:0.451845902759554
C_MATERIAL:0.41050707869333286
