ELO:962
CE_PASSEDPAWNS:0.4276091845007922
CE_PAWNWEAKNESSES:0.40246085959939404
CE_PIECEACTIVITY:0.438668588885752
CE_KINGPAWNSHIELD:0.5340285905602284
CE_PIECECOORDINATION:0.459653494951514
CE_MATERIAL:0.5135658663371475
CE_KINGSAFETY:0.5002455759284771
C_PIECESQUARETABLES:0.5069228332073229
C_MOBILITY:0.4235101928047084
C_KINGSAFETY:0.476473849974926
C_PAWNSTRUCTURE:0.47672008407176647
C_PIECECOORDINATION:0.4825718461405502
C_ROOKANDPAWNMOVEMENT:0.4825718461405502
C_CENTERCONTROL:0.4519799283039211
C_DEVELOPPIECES:0.513642816035557
C_MATERIAL:0.5554890817677409
