ELO:989
CE_PASSEDPAWNS:0.5024177339867577
CE_PAWNWEAKNESSES:0.5313653737146832
CE_PIECEACTIVITY:0.5
CE_KINGPAWNSHIELD:0.47850440695093693
CE_PIECECOORDINATION:0.49540519075499356
CE_MATERIAL:0.5646095539204561
CE_KINGSAFETY:0.49240079192095065
C_PIECESQUARETABLES:0.5
C_MOBILITY:0.45272315397925716
C_KINGSAFETY:0.4938360992496625
C_PAWNSTRUCTURE:0.521886793117301
C_PIECECOORDINATION:0.4945233419604822
C_ROOKANDPAWNMOVEMENT:0.4945233419604822
C_CENTERCONTROL:0.5
C_DEVELOPPIECES:0.5349475057008997
C_MATERIAL:0.5008049834501753
C_MOVECOUNT:0.5
