ELO:618
CE_PASSEDPAWNS:0.643448484440349
CE_PAWNWEAKNESSES:0.569229805415095
CE_PIECEACTIVITY:0.48879238089626836
CE_KINGPAWNSHIELD:0.4915722816478727
CE_PIECECOORDINATION:0.5276936915268547
CE_MATERIAL:0.4942820043866173
CE_KINGSAFETY:0.5349782334320595
C_PIECESQUARETABLES:0.5082330405043924
C_MOBILITY:0.519837270056515
C_KINGSAFETY:0.4712423988674472
C_PAWNSTRUCTURE:0.5519632673944341
C_PIECECOORDINATION:0.4830527905565876
C_ROOKANDPAWNMOVEMENT:0.4830527905565876
C_CENTERCONTROL:0.46181821614692553
C_DEVELOPPIECES:0.5635105444131336
C_MATERIAL:0.5112453740899056
C_MOVECOUNT:0.5
