ELO:971
CE_PASSEDPAWNS:0.4902477363730786
CE_PAWNWEAKNESSES:0.5112892116132864
CE_PIECEACTIVITY:0.5210025227623091
CE_KINGPAWNSHIELD:0.4596300694798048
CE_PIECECOORDINATION:0.46108397779912075
CE_MATERIAL:0.5272198893191193
CE_KINGSAFETY:0.5163964535081704
C_PIECESQUARETABLES:0.5052236068690472
C_MOBILITY:0.5010914324413965
C_KINGSAFETY:0.5000138423670752
C_PAWNSTRUCTURE:0.5167134978746489
C_PIECECOORDINATION:0.5089113099591676
C_ROOK:0.5179622053901272
CE_ROOK:0.4875978579653656
C_CENTERCONTROL:0.48715968369325713
C_DEVELOPPIECES:0.4886572567065476
C_MATERIAL:0.49647665227655485
C_MOVECOUNT:0.5507158687847957
C_PAWNMOVEMENT:0.5091037706827348
