ELO:991
CE_PASSEDPAWNS:0.5277288571395565
CE_PAWNWEAKNESSES:0.48301444267997734
CE_PIECEACTIVITY:0.5252982806760821
CE_KINGPAWNSHIELD:0.5304458143947393
CE_PIECECOORDINATION:0.506155777181166
CE_MATERIAL:0.47435278414013243
CE_KINGSAFETY:0.5
C_PIECESQUARETABLES:0.5000685290701984
C_MOBILITY:0.5836313903895851
C_KINGSAFETY:0.521591061673386
C_PAWNSTRUCTURE:0.46054427260367564
C_PIECECOORDINATION:0.4853050344878306
C_ROOKANDPAWNMOVEMENT:0.4853050344878306
C_CENTERCONTROL:0.43840515902317456
C_DEVELOPPIECES:0.4410905156332712
C_MATERIAL:0.6234991122067586
