ELO:983
CE_PASSEDPAWNS:0.49017103109197796
CE_PAWNWEAKNESSES:0.4970690498865779
CE_PIECEACTIVITY:0.49808796184237514
CE_KINGPAWNSHIELD:0.4854689497317698
CE_PIECECOORDINATION:0.478330801553146
CE_MATERIAL:0.5247735754239615
CE_KINGSAFETY:0.48446363301582596
C_PIECESQUARETABLES:0.5019878953972857
C_MOBILITY:0.5066993284128359
C_KINGSAFETY:0.5032272180085693
C_PAWNSTRUCTURE:0.5093456830340367
C_PIECECOORDINATION:0.5089113099591676
C_ROOK:0.5103163201476083
CE_ROOK:0.47182451546243187
C_CENTERCONTROL:0.5027490637350199
C_DEVELOPPIECES:0.5069063683564385
C_MATERIAL:0.501862962880877
C_MOVECOUNT:0.5186911067843272
C_PAWNMOVEMENT:0.4989580007186964
