ELO:996
CE_PASSEDPAWNS:0.5088805622275672
CE_PAWNWEAKNESSES:0.49581232558267463
CE_PIECEACTIVITY:0.5017454051756376
CE_KINGPAWNSHIELD:0.5
CE_PIECECOORDINATION:0.4950040645402543
CE_MATERIAL:0.5096018150948165
CE_KINGSAFETY:0.5
C_PIECESQUARETABLES:0.5042227150611097
C_MOBILITY:0.49205449306703236
C_KINGSAFETY:0.5050171563254398
C_PAWNSTRUCTURE:0.4996229047049787
C_PIECECOORDINATION:0.5077675160846833
C_ROOKANDPAWNMOVEMENT:0.5077675160846833
C_CENTERCONTROL:0.5122254153087142
C_DEVELOPPIECES:0.4907315413868854
C_MATERIAL:0.5
C_MOVECOUNT:0.5104421429930673
