ELO:971
CE_PASSEDPAWNS:0.498385146567859
CE_PAWNWEAKNESSES:0.5068744348946899
CE_PIECEACTIVITY:0.46872183940908235
CE_KINGPAWNSHIELD:0.41946303034070537
CE_PIECECOORDINATION:0.49912390792325395
CE_MATERIAL:0.5644150109410899
CE_KINGSAFETY:0.5069368270082785
C_PIECESQUARETABLES:0.4708493062194738
C_MOBILITY:0.5545102018250269
C_KINGSAFETY:0.4877942177727969
C_PAWNSTRUCTURE:0.516981127147267
C_PIECECOORDINATION:0.4916639434346216
C_ROOKANDPAWNMOVEMENT:0.4916639434346216
C_CENTERCONTROL:0.4628703214393003
C_DEVELOPPIECES:0.5290615427027167
C_MATERIAL:0.54965664835349
