ELO:973
CE_PASSEDPAWNS:0.4979889475557956
CE_PAWNWEAKNESSES:0.5103201698186283
CE_PIECEACTIVITY:0.5073578779390198
CE_KINGPAWNSHIELD:0.5065157062260263
CE_PIECECOORDINATION:0.4970291705965348
CE_MATERIAL:0.48852452559561965
CE_KINGSAFETY:0.5
C_PIECESQUARETABLES:0.5
C_MOBILITY:0.5188596321346172
C_KINGSAFETY:0.492370915594997
C_PAWNSTRUCTURE:0.502385628220245
C_PIECECOORDINATION:0.5
C_ROOK:0.5315471885123773
CE_ROOK:0.5120211309700898
C_CENTERCONTROL:0.5053794469088625
C_DEVELOPPIECES:0.5077780893406347
C_MATERIAL:0.4828943820822669
C_MOVECOUNT:0.48419934771890216
C_PAWNMOVEMENT:0.4871926594612889
