ELO:1000
CE_PASSEDPAWNS:0.49343515738845684
CE_PAWNWEAKNESSES:0.4833887955893399
CE_PIECEACTIVITY:0.4547649158790693
CE_KINGPAWNSHIELD:0.45392560900982765
CE_PIECECOORDINATION:0.5020138966861089
CE_MATERIAL:0.5124712900202024
CE_KINGSAFETY:0.529215031922964
C_PIECESQUARETABLES:0.512444076077175
C_MOBILITY:0.43135816328263227
C_KINGSAFETY:0.46858855737566624
C_PAWNSTRUCTURE:0.48092430468768477
C_PIECECOORDINATION:0.5327170414431606
C_ROOKANDPAWNMOVEMENT:0.5327170414431606
C_CENTERCONTROL:0.4444865933356633
C_DEVELOPPIECES:0.6156562254323654
C_MATERIAL:0.4598828479992772
