ELO:939
CE_PASSEDPAWNS:0.5409088385062152
CE_PAWNWEAKNESSES:0.5698496610691723
CE_PIECEACTIVITY:0.44259589356669843
CE_KINGPAWNSHIELD:0.5359192248029969
CE_PIECECOORDINATION:0.4000339688605239
CE_MATERIAL:0.4414349948354172
CE_KINGSAFETY:0.5
C_PIECESQUARETABLES:0.5
C_MOBILITY:0.4540786934317962
C_KINGSAFETY:0.44946798725468745
C_PAWNSTRUCTURE:0.5640516645302034
C_PIECECOORDINATION:0.5481958731172828
C_ROOKANDPAWNMOVEMENT:0.5481958731172828
C_CENTERCONTROL:0.41800338903492656
C_DEVELOPPIECES:0.38486751856559076
C_MATERIAL:0.6137695582720679
