ELO:644
CE_PASSEDPAWNS:0.6347900545894426
CE_PAWNWEAKNESSES:0.5468306734352365
CE_PIECEACTIVITY:0.4976643342299466
CE_KINGPAWNSHIELD:0.4915722816478727
CE_PIECECOORDINATION:0.5437206485410961
CE_MATERIAL:0.5016685740486257
CE_KINGSAFETY:0.5441200070116421
C_PIECESQUARETABLES:0.5197159088725913
C_MOBILITY:0.5244232077719684
C_KINGSAFETY:0.4831711101810564
C_PAWNSTRUCTURE:0.5820807350110491
C_PIECECOORDINATION:0.4777307737372122
C_ROOKANDPAWNMOVEMENT:0.4777307737372122
C_CENTERCONTROL:0.45864193864371744
C_DEVELOPPIECES:0.577180423887499
C_MATERIAL:0.48854566931349436
C_MOVECOUNT:0.5
