ELO:936
CE_PASSEDPAWNS:0.4114524314014048
CE_PAWNWEAKNESSES:0.41682054126641066
CE_PIECEACTIVITY:0.43852222905372285
CE_KINGPAWNSHIELD:0.5579312228751585
CE_PIECECOORDINATION:0.444935970467445
CE_MATERIAL:0.5608622944938332
CE_KINGSAFETY:0.4967159364035214
C_PIECESQUARETABLES:0.4973010516458758
C_MOBILITY:0.43199562672646763
C_KINGSAFETY:0.4529718399837638
C_PAWNSTRUCTURE:0.48563750938921546
C_PIECECOORDINATION:0.4549904221354162
C_ROOKANDPAWNMOVEMENT:0.4549904221354162
C_CENTERCONTROL:0.44089426014854
C_DEVELOPPIECES:0.5080361153166187
C_MATERIAL:0.6103585733499586
