ELO:957
CE_PASSEDPAWNS:0.561227233223466
CE_PAWNWEAKNESSES:0.4391483354155107
CE_PIECEACTIVITY:0.5121295006325993
CE_KINGPAWNSHIELD:0.5099720694209421
CE_PIECECOORDINATION:0.5803729341393806
CE_MATERIAL:0.5055161923903652
CE_KINGSAFETY:0.5019449576680589
C_PIECESQUARETABLES:0.4715719794478149
C_MOBILITY:0.45172321622860223
C_KINGSAFETY:0.44010860456776973
C_PAWNSTRUCTURE:0.49328935077305763
C_PIECECOORDINATION:0.49481266204964397
C_ROOKANDPAWNMOVEMENT:0.49481266204964397
C_CENTERCONTROL:0.43558044865992185
C_DEVELOPPIECES:0.44317743198412174
C_MATERIAL:0.46938336165535566
