ELO:935
CE_PASSEDPAWNS:0.4250208701191043
CE_PAWNWEAKNESSES:0.4801542256045676
CE_PIECEACTIVITY:0.44074224611199736
CE_KINGPAWNSHIELD:0.4517515740087367
CE_PIECECOORDINATION:0.5269391797408439
CE_MATERIAL:0.5656968377732454
CE_KINGSAFETY:0.4635846156230729
C_PIECESQUARETABLES:0.4680263992439781
C_MOBILITY:0.6098691693644162
C_KINGSAFETY:0.5523546748101329
C_PAWNSTRUCTURE:0.537371548894288
C_PIECECOORDINATION:0.5674995844061343
C_ROOKANDPAWNMOVEMENT:0.5674995844061343
C_CENTERCONTROL:0.4496236324210474
C_DEVELOPPIECES:0.44938430456153544
C_MATERIAL:0.5572724974820115
