ELO:983
CE_PASSEDPAWNS:0.5090622683449318
CE_PAWNWEAKNESSES:0.5002961275184221
CE_PIECEACTIVITY:0.5
CE_KINGPAWNSHIELD:0.52059927947521
CE_PIECECOORDINATION:0.5046828764944739
CE_MATERIAL:0.5043762137973634
CE_KINGSAFETY:0.5569530576541827
C_PIECESQUARETABLES:0.5
C_MOBILITY:0.4957460536436518
C_KINGSAFETY:0.5064603717013944
C_PAWNSTRUCTURE:0.49026936325035814
C_PIECECOORDINATION:0.5054810332486355
C_ROOK:0.5262193065348453
CE_ROOK:0.5035726132689518
C_CENTERCONTROL:0.501166851599981
C_DEVELOPPIECES:0.5170436020769089
C_MATERIAL:0.5030936659777453
C_MOVECOUNT:0.49900492153099496
C_PAWNMOVEMENT:0.45998445150977596
