ELO:746
CE_PASSEDPAWNS:0.565595016841934
CE_PAWNWEAKNESSES:0.49480795809611117
CE_PIECEACTIVITY:0.47053600961155506
CE_KINGPAWNSHIELD:0.5278210939933257
CE_PIECECOORDINATION:0.4957408918941321
CE_MATERIAL:0.4589373659517349
CE_KINGSAFETY:0.4806232723086854
C_PIECESQUARETABLES:0.42640317316873083
C_MOBILITY:0.39184776934559545
C_KINGSAFETY:0.5182310488338081
C_PAWNSTRUCTURE:0.47007906631979285
C_PIECECOORDINATION:0.43479907413433827
C_ROOKANDPAWNMOVEMENT:0.43479907413433827
C_CENTERCONTROL:0.5560265236050133
C_DEVELOPPIECES:0.4439932772147898
C_MATERIAL:0.568128567716477
C_MOVECOUNT:0.46774250228226694
