ELO:1000
CE_PASSEDPAWNS:0.5169200254540656
CE_PAWNWEAKNESSES:0.4948352317301494
CE_PIECEACTIVITY:0.48634899507806006
CE_KINGPAWNSHIELD:0.43335101294394857
CE_PIECECOORDINATION:0.5269750833072148
CE_MATERIAL:0.5450425409999006
CE_KINGSAFETY:0.5
C_PIECESQUARETABLES:0.5
C_MOBILITY:0.5494041999119753
C_KINGSAFETY:0.46738170917652144
C_PAWNSTRUCTURE:0.49167922031402633
C_PIECECOORDINATION:0.4715822392494467
C_ROOKANDPAWNMOVEMENT:0.4715822392494467
C_CENTERCONTROL:0.505649833673356
C_DEVELOPPIECES:0.49907278666245175
C_MATERIAL:0.5159297395569932
