ELO:998
CE_PASSEDPAWNS:0.49605219078351126
CE_PAWNWEAKNESSES:0.4967281504898393
CE_PIECEACTIVITY:0.50648151718652
CE_KINGPAWNSHIELD:0.508172116777352
CE_PIECECOORDINATION:0.4997283189705087
CE_MATERIAL:0.491234385736144
CE_KINGSAFETY:0.49527734471168927
C_PIECESQUARETABLES:0.4973681665306971
C_MOBILITY:0.4867818703012102
C_KINGSAFETY:0.5008301793451808
C_PAWNSTRUCTURE:0.5052693736713835
C_PIECECOORDINATION:0.5019854846644088
C_ROOKANDPAWNMOVEMENT:0.5019854846644088
C_CENTERCONTROL:0.4971959992044528
C_DEVELOPPIECES:0.5004241092517838
C_MATERIAL:0.5009571518070148
