ELO:915
CE_PASSEDPAWNS:0.49951034499999175
CE_PAWNWEAKNESSES:0.4693455708228919
CE_PIECEACTIVITY:0.4402080838534709
CE_KINGPAWNSHIELD:0.3877086010844719
CE_PIECECOORDINATION:0.5315395486502231
CE_MATERIAL:0.6117466901458049
CE_KINGSAFETY:0.49482301425305664
C_PIECESQUARETABLES:0.4878115317708877
C_MOBILITY:0.5156506333865
C_KINGSAFETY:0.58341003596742
C_PAWNSTRUCTURE:0.5394252168396908
C_PIECECOORDINATION:0.4832229811952867
C_ROOKANDPAWNMOVEMENT:0.4832229811952867
C_CENTERCONTROL:0.5579079118396426
C_DEVELOPPIECES:0.6411173676731625
C_MATERIAL:0.4389061743037294
