ELO:1034
CE_PASSEDPAWNS:0.4967396397470185
CE_PAWNWEAKNESSES:0.5
CE_PIECEACTIVITY:0.5016175239855094
CE_KINGPAWNSHIELD:0.5026760606399796
CE_PIECECOORDINATION:0.506600964461738
CE_MATERIAL:0.5021842815674529
CE_KINGSAFETY:0.5032070473255932
C_PIECESQUARETABLES:0.49530838892021584
C_MOBILITY:0.48873906334183526
C_KINGSAFETY:0.4907057049364773
C_PAWNSTRUCTURE:0.507174343802419
C_PIECECOORDINATION:0.5
C_ROOKANDPAWNMOVEMENT:0.5
C_CENTERCONTROL:0.4877942177808272
C_DEVELOPPIECES:0.49710606925882456
C_MATERIAL:0.5
