ELO:994
CE_PASSEDPAWNS:0.49929551287318513
CE_PAWNWEAKNESSES:0.49399368397248544
CE_PIECEACTIVITY:0.5060555717547106
CE_KINGPAWNSHIELD:0.5
CE_PIECECOORDINATION:0.5
CE_MATERIAL:0.476574504108513
CE_KINGSAFETY:0.5
C_PIECESQUARETABLES:0.5
C_MOBILITY:0.5035316784138006
C_KINGSAFETY:0.4895723759717726
C_PAWNSTRUCTURE:0.48858316706662436
C_PIECECOORDINATION:0.49811265166956364
C_ROOKANDPAWNMOVEMENT:0.49811265166956364
C_CENTERCONTROL:0.513637866209621
C_DEVELOPPIECES:0.5
C_MATERIAL:0.5075107175349401
C_MOVECOUNT:0.501779554035215
