ELO:994
CE_PASSEDPAWNS:0.5429419402440617
CE_PAWNWEAKNESSES:0.44611668566087415
CE_PIECEACTIVITY:0.5493151216340173
CE_KINGPAWNSHIELD:0.5039154154294995
CE_PIECECOORDINATION:0.4616807173878586
CE_MATERIAL:0.5045113614393475
CE_KINGSAFETY:0.5089111733614904
C_PIECESQUARETABLES:0.45757765563836184
C_MOBILITY:0.5456464095197231
C_KINGSAFETY:0.4407015356221565
C_PAWNSTRUCTURE:0.43263237222254675
C_PIECECOORDINATION:0.4659065405277377
C_ROOKANDPAWNMOVEMENT:0.4659065405277377
C_CENTERCONTROL:0.4915162967335738
C_DEVELOPPIECES:0.46947440874336593
C_MATERIAL:0.5775081667330665
