ELO:982
CE_PASSEDPAWNS:0.5045911633581797
CE_PAWNWEAKNESSES:0.515874681936863
CE_PIECEACTIVITY:0.5141150066825917
CE_KINGPAWNSHIELD:0.5351713177309562
CE_PIECECOORDINATION:0.5161644647796138
CE_MATERIAL:0.4980078478532395
CE_KINGSAFETY:0.5107442680165869
C_PIECESQUARETABLES:0.502571225145436
C_MOBILITY:0.4871359421229215
C_KINGSAFETY:0.5060664612825111
C_PAWNSTRUCTURE:0.5097224149588138
C_PIECECOORDINATION:0.4928734391860204
C_ROOK:0.479162930601741
CE_ROOK:0.48689124226142905
C_CENTERCONTROL:0.5100138451577952
C_DEVELOPPIECES:0.47942009508674027
C_MATERIAL:0.5084541161815973
C_MOVECOUNT:0.5465099567574914
C_PAWNMOVEMENT:0.530217111824202
