ELO:1024
CE_PASSEDPAWNS:0.5
CE_PAWNWEAKNESSES:0.5045519761063899
CE_PIECEACTIVITY:0.4993271112682719
CE_KINGPAWNSHIELD:0.5
CE_PIECECOORDINATION:0.5
CE_MATERIAL:0.5
CE_KINGSAFETY:0.5
C_PIECESQUARETABLES:0.5
C_MOBILITY:0.5
C_KINGSAFETY:0.4923179941618344
C_PAWNSTRUCTURE:0.5
C_PIECECOORDINATION:0.5
C_ROOKANDPAWNMOVEMENT:0.5
C_CENTERCONTROL:0.5106497996814144
C_DEVELOPPIECES:0.5
C_MATERIAL:0.49295850808944364
C_MOVECOUNT:0.509003746873807
