ELO:1000
CE_PASSEDPAWNS:0.4959809112480505
CE_PAWNWEAKNESSES:0.5
CE_PIECEACTIVITY:0.5
CE_KINGPAWNSHIELD:0.5038108681254161
CE_PIECECOORDINATION:0.5
CE_MATERIAL:0.5
CE_KINGSAFETY:0.5021497766549323
C_PIECESQUARETABLES:0.5047795806137464
C_MOBILITY:0.5019306998160843
C_KINGSAFETY:0.4952033310272783
C_PAWNSTRUCTURE:0.5
C_PIECECOORDINATION:0.4951143116386446
C_ROOKANDPAWNMOVEMENT:0.4951143116386446
C_CENTERCONTROL:0.5
C_DEVELOPPIECES:0.5120225336404731
C_MATERIAL:0.5
