ELO:878
CE_PASSEDPAWNS:0.5251510122739096
CE_PAWNWEAKNESSES:0.46707222438934415
CE_PIECEACTIVITY:0.49517834046518416
CE_KINGPAWNSHIELD:0.5205093363367901
CE_PIECECOORDINATION:0.5468509531453972
CE_MATERIAL:0.5079173975170683
CE_KINGSAFETY:0.5121022365021414
C_PIECESQUARETABLES:0.49003222715991207
C_MOBILITY:0.4798634946283447
C_KINGSAFETY:0.5324786239756532
C_PAWNSTRUCTURE:0.45247428512670274
C_PIECECOORDINATION:0.4820720774614567
C_ROOKANDPAWNMOVEMENT:0.4820720774614567
C_CENTERCONTROL:0.4999797748040904
C_DEVELOPPIECES:0.343646577548527
C_MATERIAL:0.5092114071077092
C_MOVECOUNT:0.5
