ELO:957
CE_PASSEDPAWNS:0.5615849701405691
CE_PAWNWEAKNESSES:0.4835982334611517
CE_PIECEACTIVITY:0.49508097581439253
CE_KINGPAWNSHIELD:0.5329067793191741
CE_PIECECOORDINATION:0.4781367708387012
CE_MATERIAL:0.4524361369233356
CE_KINGSAFETY:0.5136295385494594
C_PIECESQUARETABLES:0.4954790857234484
C_MOBILITY:0.5566227583240924
C_KINGSAFETY:0.43147478119286153
C_PAWNSTRUCTURE:0.4541465801888441
C_PIECECOORDINATION:0.43305384777670924
C_ROOKANDPAWNMOVEMENT:0.43305384777670924
C_CENTERCONTROL:0.5130434376309638
C_DEVELOPPIECES:0.46295665722770385
C_MATERIAL:0.5613011073353963
