ELO:815
CE_PASSEDPAWNS:0.5340859519267401
CE_PAWNWEAKNESSES:0.47528305531509496
CE_PIECEACTIVITY:0.5288648029959159
CE_KINGPAWNSHIELD:0.5813722258275248
CE_PIECECOORDINATION:0.47118325154741286
CE_MATERIAL:0.5263760258116448
CE_KINGSAFETY:0.4904386502232307
C_PIECESQUARETABLES:0.4927082606707718
C_MOBILITY:0.4786913755901645
C_KINGSAFETY:0.5499410049624833
C_PAWNSTRUCTURE:0.4713146366596453
C_PIECECOORDINATION:0.49380544019794465
C_ROOKANDPAWNMOVEMENT:0.49380544019794465
C_CENTERCONTROL:0.44806598378238316
C_DEVELOPPIECES:0.40197774971963113
C_MATERIAL:0.4623111642153655
C_MOVECOUNT:0.5
