ELO:960
CE_PASSEDPAWNS:0.5156839845540195
CE_PAWNWEAKNESSES:0.46732166830022265
CE_PIECEACTIVITY:0.5968768872304111
CE_KINGPAWNSHIELD:0.5699973144658795
CE_PIECECOORDINATION:0.4627785591561998
CE_MATERIAL:0.5038410201622535
CE_KINGSAFETY:0.509636583715669
C_PIECESQUARETABLES:0.4745388639141386
C_MOBILITY:0.3234667458917483
C_KINGSAFETY:0.5300815519399241
C_PAWNSTRUCTURE:0.5097501237749517
C_PIECECOORDINATION:0.4586774600270761
C_ROOKANDPAWNMOVEMENT:0.4586774600270761
C_CENTERCONTROL:0.5254767451650398
C_DEVELOPPIECES:0.5105442679883355
C_MATERIAL:0.5452703749247122
