ELO:988
CE_PASSEDPAWNS:0.5
CE_PAWNWEAKNESSES:0.5
CE_PIECEACTIVITY:0.5
CE_KINGPAWNSHIELD:0.5224845336326205
CE_PIECECOORDINATION:0.5085046786827078
CE_MATERIAL:0.498527433562332
CE_KINGSAFETY:0.5070977375261906
C_PIECESQUARETABLES:0.5
C_MOBILITY:0.4903681431051489
C_KINGSAFETY:0.49787890726095363
C_PAWNSTRUCTURE:0.5
C_PIECECOORDINATION:0.4999775814041875
C_ROOK:0.5
CE_ROOK:0.5095709827692847
C_CENTERCONTROL:0.49860653981096503
C_DEVELOPPIECES:0.5034402199953578
C_MATERIAL:0.5045821643630533
C_MOVECOUNT:0.5011526975288484
C_PAWNMOVEMENT:0.5111912723610531
