ELO:918
CE_PASSEDPAWNS:0.5327260766659386
CE_PAWNWEAKNESSES:0.49487469680633284
CE_PIECEACTIVITY:0.4481512318141192
CE_KINGPAWNSHIELD:0.4076916286438214
CE_PIECECOORDINATION:0.5436970093903577
CE_MATERIAL:0.6122840824661789
CE_KINGSAFETY:0.5
C_PIECESQUARETABLES:0.4878932551786186
C_MOBILITY:0.5249192974225975
C_KINGSAFETY:0.5444571276519922
C_PAWNSTRUCTURE:0.5274260701869872
C_PIECECOORDINATION:0.44543076941271925
C_ROOKANDPAWNMOVEMENT:0.44543076941271925
C_CENTERCONTROL:0.5505549048292677
C_DEVELOPPIECES:0.6275556405202658
C_MATERIAL:0.4342840149008323
