ELO:1003
CE_PASSEDPAWNS:0.5094955231260627
CE_PAWNWEAKNESSES:0.41644950767297806
CE_PIECEACTIVITY:0.5617607143708772
CE_KINGPAWNSHIELD:0.5011322338289617
CE_PIECECOORDINATION:0.4526687603863777
CE_MATERIAL:0.516039946520765
CE_KINGSAFETY:0.4962488897655975
C_PIECESQUARETABLES:0.4513518732609915
C_MOBILITY:0.5455287508096004
C_KINGSAFETY:0.47695032466758164
C_PAWNSTRUCTURE:0.4510864959761561
C_PIECECOORDINATION:0.4744908218590087
C_ROOKANDPAWNMOVEMENT:0.4744908218590087
C_CENTERCONTROL:0.4887069090668986
C_DEVELOPPIECES:0.5026815638688386
C_MATERIAL:0.5345742149721993
