ELO:1017
CE_PASSEDPAWNS:0.4907411430035157
CE_PAWNWEAKNESSES:0.5
CE_PIECEACTIVITY:0.5
CE_KINGPAWNSHIELD:0.5
CE_PIECECOORDINATION:0.5
CE_MATERIAL:0.5
CE_KINGSAFETY:0.5
C_PIECESQUARETABLES:0.5
C_MOBILITY:0.5
C_KINGSAFETY:0.5
C_PAWNSTRUCTURE:0.4907192237001833
C_PIECECOORDINATION:0.4945974833860232
C_ROOKANDPAWNMOVEMENT:0.4945974833860232
C_CENTERCONTROL:0.5082263201147994
C_DEVELOPPIECES:0.5
C_MATERIAL:0.4967984459787995
C_MOVECOUNT:0.509003746873807
