ELO:961
CE_PASSEDPAWNS:0.5070792948783749
CE_PAWNWEAKNESSES:0.475657072359582
CE_PIECEACTIVITY:0.4933101684070467
CE_KINGPAWNSHIELD:0.4812208368306336
CE_PIECECOORDINATION:0.46717874848985785
CE_MATERIAL:0.49405540653020785
CE_KINGSAFETY:0.4920622505331772
C_PIECESQUARETABLES:0.5257551575426793
C_MOBILITY:0.5107171365679193
C_KINGSAFETY:0.496071202180735
C_PAWNSTRUCTURE:0.5092313763952557
C_PIECECOORDINATION:0.5002301939888547
C_ROOKANDPAWNMOVEMENT:0.5002301939888547
C_CENTERCONTROL:0.5071603409847351
C_DEVELOPPIECES:0.5165996903738305
C_MATERIAL:0.49103852059686776
C_MOVECOUNT:0.5041939167463793
