ELO:791
CE_PASSEDPAWNS:0.5268254093825362
CE_PAWNWEAKNESSES:0.48555529772921385
CE_PIECEACTIVITY:0.5113464097153436
CE_KINGPAWNSHIELD:0.4931591186324976
CE_PIECECOORDINATION:0.5765852153306938
CE_MATERIAL:0.46954355910369805
CE_KINGSAFETY:0.4979986676905162
C_PIECESQUARETABLES:0.4710705644356194
C_MOBILITY:0.488416916456578
C_KINGSAFETY:0.5803805032648747
C_PAWNSTRUCTURE:0.4814261507147218
C_PIECECOORDINATION:0.5342838105855456
C_ROOKANDPAWNMOVEMENT:0.5342838105855456
C_CENTERCONTROL:0.5359823243200865
C_DEVELOPPIECES:0.5520005369704123
C_MATERIAL:0.6033785688123551
C_MOVECOUNT:0.5155194209913269
