ELO:1000
CE_PASSEDPAWNS:0.49789627120154695
CE_PAWNWEAKNESSES:0.5032184992793308
CE_PIECEACTIVITY:0.5061398229298708
CE_KINGPAWNSHIELD:0.5107400305457265
CE_PIECECOORDINATION:0.49970186030993236
CE_MATERIAL:0.491271007854001
CE_KINGSAFETY:0.4927232124039342
C_PIECESQUARETABLES:0.4818869203940034
C_MOBILITY:0.4926462193279367
C_KINGSAFETY:0.47944438369085646
C_PAWNSTRUCTURE:0.5
C_PIECECOORDINATION:0.49418238393716574
C_ROOKANDPAWNMOVEMENT:0.49418238393716574
C_CENTERCONTROL:0.499209803778333
C_DEVELOPPIECES:0.512594843145377
C_MATERIAL:0.4985861934244919
