ELO:988
CE_PASSEDPAWNS:0.5277288571395565
CE_PAWNWEAKNESSES:0.4747266971979074
CE_PIECEACTIVITY:0.514252359466571
CE_KINGPAWNSHIELD:0.542603462243025
CE_PIECECOORDINATION:0.4846973356516632
CE_MATERIAL:0.4694181679613265
CE_KINGSAFETY:0.5
C_PIECESQUARETABLES:0.5
C_MOBILITY:0.580479941274235
C_KINGSAFETY:0.5348484517666262
C_PAWNSTRUCTURE:0.45841026116959394
C_PIECECOORDINATION:0.5025144520835259
C_ROOKANDPAWNMOVEMENT:0.5025144520835259
C_CENTERCONTROL:0.42894235410171383
C_DEVELOPPIECES:0.4377110103735634
C_MATERIAL:0.6320917428743025
