ELO:914
CE_PASSEDPAWNS:0.5200767019874635
CE_PAWNWEAKNESSES:0.5014177380118043
CE_PIECEACTIVITY:0.439877684291383
CE_KINGPAWNSHIELD:0.39243445829955526
CE_PIECECOORDINATION:0.536499225771002
CE_MATERIAL:0.6192341397421048
CE_KINGSAFETY:0.5001336797505702
C_PIECESQUARETABLES:0.5167297521291542
C_MOBILITY:0.523707363886794
C_KINGSAFETY:0.5471123622527791
C_PAWNSTRUCTURE:0.5300504388243957
C_PIECECOORDINATION:0.48351057788052026
C_ROOKANDPAWNMOVEMENT:0.48351057788052026
C_CENTERCONTROL:0.556968737486361
C_DEVELOPPIECES:0.6463474436403791
C_MATERIAL:0.4341138417440815
