ELO:802
CE_PASSEDPAWNS:0.5544882025903823
CE_PAWNWEAKNESSES:0.4395615339677979
CE_PIECEACTIVITY:0.43675061486417815
CE_KINGPAWNSHIELD:0.5241786144270814
CE_PIECECOORDINATION:0.6167499207680649
CE_MATERIAL:0.5333124026806574
CE_KINGSAFETY:0.4907823170366371
C_PIECESQUARETABLES:0.4955523820239273
C_MOBILITY:0.492397308438456
C_KINGSAFETY:0.4720005434502013
C_PAWNSTRUCTURE:0.5004476389017388
C_PIECECOORDINATION:0.5476328157082614
C_ROOKANDPAWNMOVEMENT:0.5476328157082614
C_CENTERCONTROL:0.5295610525095603
C_DEVELOPPIECES:0.5183647910400874
C_MATERIAL:0.45540228867995175
C_MOVECOUNT:0.45925744350035363
