ELO:1006
CE_PASSEDPAWNS:0.5012747272526614
CE_PAWNWEAKNESSES:0.5088826730417979
CE_PIECEACTIVITY:0.4911113354821155
CE_KINGPAWNSHIELD:0.5
CE_PIECECOORDINATION:0.5223350749400739
CE_MATERIAL:0.5000707881140443
CE_KINGSAFETY:0.49387181299631916
C_PIECESQUARETABLES:0.4884260792038211
C_MOBILITY:0.5
C_KINGSAFETY:0.49470225400497864
C_PAWNSTRUCTURE:0.5
C_PIECECOORDINATION:0.49812835657378957
C_ROOKANDPAWNMOVEMENT:0.49812835657378957
C_CENTERCONTROL:0.5007830910307653
C_DEVELOPPIECES:0.5
C_MATERIAL:0.5
