ELO:1000
CE_PASSEDPAWNS:0.4954062493756318
CE_PAWNWEAKNESSES:0.5142489015020272
CE_PIECEACTIVITY:0.49501100646813356
CE_KINGPAWNSHIELD:0.4399586847480242
CE_PIECECOORDINATION:0.5416343608574551
CE_MATERIAL:0.5607288581008919
CE_KINGSAFETY:0.501962005762018
C_PIECESQUARETABLES:0.5075969940587491
C_MOBILITY:0.530871341012113
C_KINGSAFETY:0.5209494202273262
C_PAWNSTRUCTURE:0.47606408494157765
C_PIECECOORDINATION:0.48362052659697263
C_ROOKANDPAWNMOVEMENT:0.48362052659697263
C_CENTERCONTROL:0.5142152349166782
C_DEVELOPPIECES:0.606838747886129
C_MATERIAL:0.49819358015109605
