ELO:808
CE_PASSEDPAWNS:0.4496467247426689
CE_PAWNWEAKNESSES:0.4177777244227745
CE_PIECEACTIVITY:0.5248547528705142
CE_KINGPAWNSHIELD:0.5272717116966665
CE_PIECECOORDINATION:0.4856901599448738
CE_MATERIAL:0.5190961987590375
CE_KINGSAFETY:0.5
C_PIECESQUARETABLES:0.5
C_MOBILITY:0.43767986198963865
C_KINGSAFETY:0.5050056580312101
C_PAWNSTRUCTURE:0.42741492178277984
C_PIECECOORDINATION:0.44790607530683735
C_ROOKANDPAWNMOVEMENT:0.44790607530683735
C_CENTERCONTROL:0.5009404561745242
C_DEVELOPPIECES:0.363745464729437
C_MATERIAL:0.4895527884276333
