ELO:1003
CE_PASSEDPAWNS:0.5
CE_PAWNWEAKNESSES:0.49968198118357815
CE_PIECEACTIVITY:0.48066936032992646
CE_KINGPAWNSHIELD:0.4958939672006035
CE_PIECECOORDINATION:0.4820142707095978
CE_MATERIAL:0.5116555712735497
CE_KINGSAFETY:0.5029298190220074
C_PIECESQUARETABLES:0.5273051961099557
C_MOBILITY:0.5031775877449034
C_KINGSAFETY:0.527287549481569
C_PAWNSTRUCTURE:0.4943624044978838
C_PIECECOORDINATION:0.5097753764586161
C_ROOKANDPAWNMOVEMENT:0.5097753764586161
C_CENTERCONTROL:0.4677490909094454
C_DEVELOPPIECES:0.5
C_MATERIAL:0.48953247792163535
