ELO:1000
CE_PASSEDPAWNS:0.49976975329375667
CE_PAWNWEAKNESSES:0.43968304695259325
CE_PIECEACTIVITY:0.5442570433332498
CE_KINGPAWNSHIELD:0.5119959169894701
CE_PIECECOORDINATION:0.4935864484565522
CE_MATERIAL:0.4897893819478662
CE_KINGSAFETY:0.47748776017406436
C_PIECESQUARETABLES:0.4698625221373221
C_MOBILITY:0.55010426343807
C_KINGSAFETY:0.4851282500573186
C_PAWNSTRUCTURE:0.4733364652049935
C_PIECECOORDINATION:0.44215194223286813
C_ROOKANDPAWNMOVEMENT:0.44215194223286813
C_CENTERCONTROL:0.498132973844891
C_DEVELOPPIECES:0.5150957954489042
C_MATERIAL:0.5373540457878835
