ELO:916
CE_PASSEDPAWNS:0.46171732445153435
CE_PAWNWEAKNESSES:0.4978668347111512
CE_PIECEACTIVITY:0.5289442808888762
CE_KINGPAWNSHIELD:0.4920839687321358
CE_PIECECOORDINATION:0.5039029752128525
CE_MATERIAL:0.5537166575663154
CE_KINGSAFETY:0.48882894068956767
C_PIECESQUARETABLES:0.5
C_MOBILITY:0.5142546233640225
C_KINGSAFETY:0.5278102250079605
C_PAWNSTRUCTURE:0.5493456675100598
C_PIECECOORDINATION:0.4681589268989142
C_ROOKANDPAWNMOVEMENT:0.4681589268989142
C_CENTERCONTROL:0.4813612197902274
C_DEVELOPPIECES:0.4914942823640918
C_MATERIAL:0.5118480245388339
C_MOVECOUNT:0.5
