ELO:1000
CE_PASSEDPAWNS:0.4959809112480505
CE_PAWNWEAKNESSES:0.5
CE_PIECEACTIVITY:0.48863317640457493
CE_KINGPAWNSHIELD:0.5038108681254161
CE_PIECECOORDINATION:0.48929889511898667
CE_MATERIAL:0.5
CE_KINGSAFETY:0.5021497766549323
C_PIECESQUARETABLES:0.5077519803786545
C_MOBILITY:0.5019306998160843
C_KINGSAFETY:0.49660419834679786
C_PAWNSTRUCTURE:0.5010752107445398
C_PIECECOORDINATION:0.4951143116386446
C_ROOKANDPAWNMOVEMENT:0.4951143116386446
C_CENTERCONTROL:0.5
C_DEVELOPPIECES:0.5106599421842685
C_MATERIAL:0.4998412749516587
