ELO:1032
CE_PASSEDPAWNS:0.5019896061856246
CE_PAWNWEAKNESSES:0.49399368397248544
CE_PIECEACTIVITY:0.5214975956571369
CE_KINGPAWNSHIELD:0.5
CE_PIECECOORDINATION:0.5
CE_MATERIAL:0.5044835512512673
CE_KINGSAFETY:0.5
C_PIECESQUARETABLES:0.5053630638361314
C_MOBILITY:0.5
C_KINGSAFETY:0.5011969068567659
C_PAWNSTRUCTURE:0.5
C_PIECECOORDINATION:0.49811265166956364
C_ROOKANDPAWNMOVEMENT:0.49811265166956364
C_CENTERCONTROL:0.5
C_DEVELOPPIECES:0.5047723266429872
C_MATERIAL:0.5009489901793601
C_MOVECOUNT:0.501779554035215
