ELO:1086
CE_PASSEDPAWNS:0.5
CE_PAWNWEAKNESSES:0.4892926816716441
CE_PIECEACTIVITY:0.4846295378443273
CE_KINGPAWNSHIELD:0.4523522721163376
CE_PIECECOORDINATION:0.5
CE_MATERIAL:0.4884001920647264
CE_KINGSAFETY:0.5
C_PIECESQUARETABLES:0.5
C_MOBILITY:0.5160267506570322
C_KINGSAFETY:0.49613389779815836
C_PAWNSTRUCTURE:0.5402429035349409
C_PIECECOORDINATION:0.44147470148018286
C_ROOKANDPAWNMOVEMENT:0.44147470148018286
C_CENTERCONTROL:0.5064163566707021
C_DEVELOPPIECES:0.5165913202693749
C_MATERIAL:0.5
C_MOVECOUNT:0.5
