ELO:957
CE_PASSEDPAWNS:0.5156950778944178
CE_PAWNWEAKNESSES:0.5177613341696471
CE_PIECEACTIVITY:0.498427712454219
CE_KINGPAWNSHIELD:0.4923150323179894
CE_PIECECOORDINATION:0.5351038653379665
CE_MATERIAL:0.5044592693068906
CE_KINGSAFETY:0.5216155628296927
C_PIECESQUARETABLES:0.5
C_MOBILITY:0.5006004559763213
C_KINGSAFETY:0.49049574391727835
C_PAWNSTRUCTURE:0.49969253440041606
C_PIECECOORDINATION:0.4970892474541861
C_ROOK:0.4517189638961474
CE_ROOK:0.5038254929635242
C_CENTERCONTROL:0.5140612723833589
C_DEVELOPPIECES:0.5341498794054298
C_MATERIAL:0.47500151773639193
C_MOVECOUNT:0.560459297976279
C_PAWNMOVEMENT:0.5642901611295612
