ELO:950
CE_PASSEDPAWNS:0.5528265213364649
CE_PAWNWEAKNESSES:0.4734765095928179
CE_PIECEACTIVITY:0.46037035591073716
CE_KINGPAWNSHIELD:0.563444309284576
CE_PIECECOORDINATION:0.4909741629761419
CE_MATERIAL:0.47498571169841564
CE_KINGSAFETY:0.4816293007066628
C_PIECESQUARETABLES:0.5135875650055527
C_MOBILITY:0.5479437615830327
C_KINGSAFETY:0.4498883529011633
C_PAWNSTRUCTURE:0.41328840355542174
C_PIECECOORDINATION:0.43030203347494783
C_ROOKANDPAWNMOVEMENT:0.43030203347494783
C_CENTERCONTROL:0.5054539758055674
C_DEVELOPPIECES:0.4658799168936757
C_MATERIAL:0.5618061814690779
