ELO:945
CE_PASSEDPAWNS:0.5136352380352127
CE_PAWNWEAKNESSES:0.5176058112360643
CE_PIECEACTIVITY:0.5024859410750824
CE_KINGPAWNSHIELD:0.5119232391374685
CE_PIECECOORDINATION:0.5243563663186341
CE_MATERIAL:0.5054365097825027
CE_KINGSAFETY:0.49026544656438814
C_PIECESQUARETABLES:0.5002007541321829
C_MOBILITY:0.4958108157856536
C_KINGSAFETY:0.49007096630393476
C_PAWNSTRUCTURE:0.5080488278821192
C_PIECECOORDINATION:0.486450166790124
C_ROOK:0.4424892259617432
CE_ROOK:0.5013535141372748
C_CENTERCONTROL:0.5241475949413164
C_DEVELOPPIECES:0.549744869522008
C_MATERIAL:0.48060118331914403
C_MOVECOUNT:0.5502860970096205
C_PAWNMOVEMENT:0.5446453523107317
