ELO:1003
CE_PASSEDPAWNS:0.48330885562625453
CE_PAWNWEAKNESSES:0.5126643933401821
CE_PIECEACTIVITY:0.4995837144561262
CE_KINGPAWNSHIELD:0.49481339179427575
CE_PIECECOORDINATION:0.50779366971585
CE_MATERIAL:0.44658210106264806
CE_KINGSAFETY:0.5
C_PIECESQUARETABLES:0.4742406015366489
C_MOBILITY:0.5356869463075623
C_KINGSAFETY:0.5252171715570149
C_PAWNSTRUCTURE:0.37054878735547075
C_PIECECOORDINATION:0.49571414326198293
C_ROOKANDPAWNMOVEMENT:0.49571414326198293
C_CENTERCONTROL:0.43744573359951083
C_DEVELOPPIECES:0.47503012232711017
C_MATERIAL:0.48432526604357806
C_MOVECOUNT:0.5
