ELO:1082
CE_PASSEDPAWNS:0.50768008603403
CE_PAWNWEAKNESSES:0.5167044139976172
CE_PIECEACTIVITY:0.4578510036333676
CE_KINGPAWNSHIELD:0.5
CE_PIECECOORDINATION:0.5066264648136295
CE_MATERIAL:0.5580156684893838
CE_KINGSAFETY:0.5
C_PIECESQUARETABLES:0.5
C_MOBILITY:0.5
C_KINGSAFETY:0.5406822512391317
C_PAWNSTRUCTURE:0.42983448870858987
C_PIECECOORDINATION:0.48825994617718416
C_ROOKANDPAWNMOVEMENT:0.48825994617718416
C_CENTERCONTROL:0.48378495871307964
C_DEVELOPPIECES:0.5
C_MATERIAL:0.45744823192635764
C_MOVECOUNT:0.5
