ELO:1000
CE_PASSEDPAWNS:0.49465138398596326
CE_PAWNWEAKNESSES:0.4371209629990268
CE_PIECEACTIVITY:0.5356010800352992
CE_KINGPAWNSHIELD:0.5146325908446757
CE_PIECECOORDINATION:0.4589841914777323
CE_MATERIAL:0.5038970283187365
CE_KINGSAFETY:0.48967048488569975
C_PIECESQUARETABLES:0.466498727674216
C_MOBILITY:0.5413677637884672
C_KINGSAFETY:0.4703436521497558
C_PAWNSTRUCTURE:0.4507726677795871
C_PIECECOORDINATION:0.4644570069701288
C_ROOKANDPAWNMOVEMENT:0.4644570069701288
C_CENTERCONTROL:0.49430380724061945
C_DEVELOPPIECES:0.5091579812636647
C_MATERIAL:0.5306998815972632
