ELO:953
CE_PASSEDPAWNS:0.543910320428177
CE_PAWNWEAKNESSES:0.4835982334611517
CE_PIECEACTIVITY:0.4917127559195057
CE_KINGPAWNSHIELD:0.5329067793191741
CE_PIECECOORDINATION:0.4781367708387012
CE_MATERIAL:0.4524361369233356
CE_KINGSAFETY:0.5136295385494594
C_PIECESQUARETABLES:0.4877276618506803
C_MOBILITY:0.5617273387909388
C_KINGSAFETY:0.44325019979521446
C_PAWNSTRUCTURE:0.4511459326596758
C_PIECECOORDINATION:0.4284854499101803
C_ROOKANDPAWNMOVEMENT:0.4284854499101803
C_CENTERCONTROL:0.5130434376309638
C_DEVELOPPIECES:0.46295665722770385
C_MATERIAL:0.5653064800776213
