ELO:892
CE_PASSEDPAWNS:0.5291097781661768
CE_PAWNWEAKNESSES:0.5137217785767146
CE_PIECEACTIVITY:0.5144327625642605
CE_KINGPAWNSHIELD:0.4900567185331521
CE_PIECECOORDINATION:0.5260118437715325
CE_MATERIAL:0.48780305919707634
CE_KINGSAFETY:0.4879996173139926
C_PIECESQUARETABLES:0.5
C_MOBILITY:0.4849464018642522
C_KINGSAFETY:0.48123672770678366
C_PAWNSTRUCTURE:0.5001120325284287
C_PIECECOORDINATION:0.5036815234051022
C_ROOK:0.45255615845699304
CE_ROOK:0.4889358621412827
C_CENTERCONTROL:0.5137490390844711
C_DEVELOPPIECES:0.5370233200606025
C_MATERIAL:0.48004352379117626
C_MOVECOUNT:0.5621707132337269
C_PAWNMOVEMENT:0.5676855622018113
