ELO:1000
CE_PASSEDPAWNS:0.4768754206650847
CE_PAWNWEAKNESSES:0.4934129924748834
CE_PIECEACTIVITY:0.4860258525770045
CE_KINGPAWNSHIELD:0.5162448406258511
CE_PIECECOORDINATION:0.49602349584728544
CE_MATERIAL:0.49909361481037495
CE_KINGSAFETY:0.49428347043508114
C_PIECESQUARETABLES:0.47960108012138586
C_MOBILITY:0.4939914088854405
C_KINGSAFETY:0.47129637587386247
C_PAWNSTRUCTURE:0.5121324956627389
C_PIECECOORDINATION:0.48366946954354867
C_ROOKANDPAWNMOVEMENT:0.48366946954354867
C_CENTERCONTROL:0.5082132357780346
C_DEVELOPPIECES:0.5383226141597265
C_MATERIAL:0.5141965459103021
