ELO:891
CE_PASSEDPAWNS:0.5279983140233145
CE_PAWNWEAKNESSES:0.5055823078344204
CE_PIECEACTIVITY:0.4978714494439467
CE_KINGPAWNSHIELD:0.49735599891505716
CE_PIECECOORDINATION:0.5230054370306465
CE_MATERIAL:0.4995657914055257
CE_KINGSAFETY:0.5
C_PIECESQUARETABLES:0.5078706096133231
C_MOBILITY:0.48011563274697844
C_KINGSAFETY:0.4746688929356118
C_PAWNSTRUCTURE:0.5263269697780795
C_PIECECOORDINATION:0.4872230714183966
C_ROOK:0.4281466555529708
CE_ROOK:0.4683297700677732
C_CENTERCONTROL:0.5422250558828116
C_DEVELOPPIECES:0.5432980512158901
C_MATERIAL:0.4717007401633492
C_MOVECOUNT:0.5860610996572592
C_PAWNMOVEMENT:0.5436773443489402
