ELO:974
CE_PASSEDPAWNS:0.5467688718447669
CE_PAWNWEAKNESSES:0.45266028695031946
CE_PIECEACTIVITY:0.4832910560257862
CE_KINGPAWNSHIELD:0.5044485542882868
CE_PIECECOORDINATION:0.4657031652084181
CE_MATERIAL:0.5412900800512849
CE_KINGSAFETY:0.5025805279049761
C_PIECESQUARETABLES:0.45997591028346424
C_MOBILITY:0.5327838105984503
C_KINGSAFETY:0.47052819236119275
C_PAWNSTRUCTURE:0.42446479917809854
C_PIECECOORDINATION:0.4391189779069328
C_ROOKANDPAWNMOVEMENT:0.4391189779069328
C_CENTERCONTROL:0.47785960623972945
C_DEVELOPPIECES:0.4729154436656484
C_MATERIAL:0.5695339414812697
