ELO:988
CE_PASSEDPAWNS:0.509326569398382
CE_PAWNWEAKNESSES:0.5395052303700534
CE_PIECEACTIVITY:0.5182632702665423
CE_KINGPAWNSHIELD:0.4930162514638377
CE_PIECECOORDINATION:0.5218795856988858
CE_MATERIAL:0.5028498704040527
CE_KINGSAFETY:0.5
C_PIECESQUARETABLES:0.5013741035604202
C_MOBILITY:0.4930474897631401
C_KINGSAFETY:0.49789716705159176
C_PAWNSTRUCTURE:0.49348125812656896
C_PIECECOORDINATION:0.5028764685389334
C_ROOKANDPAWNMOVEMENT:0.5028764685389334
C_CENTERCONTROL:0.4970019321308657
C_DEVELOPPIECES:0.5023949631370324
C_MATERIAL:0.484603288911827
C_MOVECOUNT:0.5057492310181771
