ELO:885
CE_PASSEDPAWNS:0.5286364820997764
CE_PAWNWEAKNESSES:0.5055823078344204
CE_PIECEACTIVITY:0.5015173070555604
CE_KINGPAWNSHIELD:0.49735599891505716
CE_PIECECOORDINATION:0.525490942199878
CE_MATERIAL:0.4997329378137738
CE_KINGSAFETY:0.5
C_PIECESQUARETABLES:0.49995158354383773
C_MOBILITY:0.4750747672678434
C_KINGSAFETY:0.4809023363753918
C_PAWNSTRUCTURE:0.514991554648513
C_PIECECOORDINATION:0.4913110917576078
C_ROOK:0.44505555758723975
CE_ROOK:0.47634148889850103
C_CENTERCONTROL:0.5422250558828116
C_DEVELOPPIECES:0.5512217772465459
C_MATERIAL:0.46593289450813435
C_MOVECOUNT:0.583150706657494
C_PAWNMOVEMENT:0.5436773443489402
