ELO:924
CE_PASSEDPAWNS:0.525901675859197
CE_PAWNWEAKNESSES:0.5177613341696471
CE_PIECEACTIVITY:0.5009669784650965
CE_KINGPAWNSHIELD:0.49764699683954816
CE_PIECECOORDINATION:0.5371760907740645
CE_MATERIAL:0.48780305919707634
CE_KINGSAFETY:0.5044334589746466
C_PIECESQUARETABLES:0.5199790673617473
C_MOBILITY:0.4844321209546586
C_KINGSAFETY:0.4893552084397643
C_PAWNSTRUCTURE:0.5055052581493625
C_PIECECOORDINATION:0.5123964389815667
C_ROOK:0.4466677573162661
CE_ROOK:0.5155071294810544
C_CENTERCONTROL:0.5140612723833589
C_DEVELOPPIECES:0.5417551178334606
C_MATERIAL:0.48004352379117626
C_MOVECOUNT:0.5611594100118433
C_PAWNMOVEMENT:0.5762659777580499
