ELO:1000
CE_PASSEDPAWNS:0.4812843649166651
CE_PAWNWEAKNESSES:0.5301555364019922
CE_PIECEACTIVITY:0.4786090050415509
CE_KINGPAWNSHIELD:0.48694002654096274
CE_PIECECOORDINATION:0.5257076134150448
CE_MATERIAL:0.5603364476545641
CE_KINGSAFETY:0.5
C_PIECESQUARETABLES:0.4908718632796256
C_MOBILITY:0.5294361747932026
C_KINGSAFETY:0.46441011088725104
C_PAWNSTRUCTURE:0.5359345201489892
C_PIECECOORDINATION:0.35399059841613634
C_ROOKANDPAWNMOVEMENT:0.35399059841613634
C_CENTERCONTROL:0.4787511695537616
C_DEVELOPPIECES:0.5204088954959553
C_MATERIAL:0.433645784537076
