ELO:999
CE_PASSEDPAWNS:0.4742359387664838
CE_PAWNWEAKNESSES:0.5090465698061684
CE_PIECEACTIVITY:0.49849800870573285
CE_KINGPAWNSHIELD:0.4708477667457656
CE_PIECECOORDINATION:0.5786858591763453
CE_MATERIAL:0.5776793156407269
CE_KINGSAFETY:0.513942767179097
C_PIECESQUARETABLES:0.4863467676362065
C_MOBILITY:0.5073094758346448
C_KINGSAFETY:0.46367860252956444
C_PAWNSTRUCTURE:0.5150112633946482
C_PIECECOORDINATION:0.35862036213153475
C_ROOKANDPAWNMOVEMENT:0.35862036213153475
C_CENTERCONTROL:0.5298982045052019
C_DEVELOPPIECES:0.48651469230900246
C_MATERIAL:0.40494855550425274
