ELO:1000
CE_PASSEDPAWNS:0.5179684240431511
CE_PAWNWEAKNESSES:0.49522767930555606
CE_PIECEACTIVITY:0.5477492702892117
CE_KINGPAWNSHIELD:0.48291051487100756
CE_PIECECOORDINATION:0.42960181004976233
CE_MATERIAL:0.4634741872893036
CE_KINGSAFETY:0.5536107114068782
C_PIECESQUARETABLES:0.5032224790619458
C_MOBILITY:0.5511437649469039
C_KINGSAFETY:0.49681959048096647
C_PAWNSTRUCTURE:0.515438710644843
C_PIECECOORDINATION:0.5436013874761715
C_ROOKANDPAWNMOVEMENT:0.5436013874761715
C_CENTERCONTROL:0.5060880122608968
C_DEVELOPPIECES:0.4377014630533731
C_MATERIAL:0.5727251978175844
