ELO:1000
CE_PASSEDPAWNS:0.5246298478882022
CE_PAWNWEAKNESSES:0.5038638802381101
CE_PIECEACTIVITY:0.5150785344770619
CE_KINGPAWNSHIELD:0.4942100527763679
CE_PIECECOORDINATION:0.4975668735399076
CE_MATERIAL:0.49152228347508065
CE_KINGSAFETY:0.5295841974886695
C_PIECESQUARETABLES:0.495608952034973
C_MOBILITY:0.5060801819654601
C_KINGSAFETY:0.515957194078362
C_PAWNSTRUCTURE:0.5200446309763924
C_PIECECOORDINATION:0.519375684171614
C_ROOKANDPAWNMOVEMENT:0.519375684171614
C_CENTERCONTROL:0.5085833252182401
C_DEVELOPPIECES:0.4673095034738339
C_MATERIAL:0.5420414033830305
