ELO:1000
CE_PASSEDPAWNS:0.5256819610412914
CE_PAWNWEAKNESSES:0.5186152256373913
CE_PIECEACTIVITY:0.5401947533886605
CE_KINGPAWNSHIELD:0.47121638259490845
CE_PIECECOORDINATION:0.4685361568812382
CE_MATERIAL:0.4746605109193148
CE_KINGSAFETY:0.493260710761943
C_PIECESQUARETABLES:0.49433391835243684
C_MOBILITY:0.5720169430767886
C_KINGSAFETY:0.49736840302607055
C_PAWNSTRUCTURE:0.4774015530956965
C_PIECECOORDINATION:0.5806728556770613
C_ROOKANDPAWNMOVEMENT:0.5806728556770613
C_CENTERCONTROL:0.5295894155946734
C_DEVELOPPIECES:0.49013426331537663
C_MATERIAL:0.5834549964065593
