ELO:913
CE_PASSEDPAWNS:0.5431720855109256
CE_PAWNWEAKNESSES:0.4865606121736062
CE_PIECEACTIVITY:0.4331588608090194
CE_KINGPAWNSHIELD:0.5362034212848273
CE_PIECECOORDINATION:0.5022540041270915
CE_MATERIAL:0.5008671132206427
CE_KINGSAFETY:0.504846475175723
C_PIECESQUARETABLES:0.5089917586975952
C_MOBILITY:0.5387015776009547
C_KINGSAFETY:0.5070014947768221
C_PAWNSTRUCTURE:0.5322783919338477
C_PIECECOORDINATION:0.4824059247781953
C_ROOK:0.4797615671176237
CE_ROOK:0.5170731184189046
C_CENTERCONTROL:0.4660197664235928
C_DEVELOPPIECES:0.45632672103641997
C_MATERIAL:0.491926176012634
C_MOVECOUNT:0.5112545361786022
C_PAWNMOVEMENT:0.5320769300037658
