ELO:970
CE_PASSEDPAWNS:0.49319640272392923
CE_PAWNWEAKNESSES:0.5223813103245837
CE_PIECEACTIVITY:0.5011413201839477
CE_KINGPAWNSHIELD:0.5084191917300471
CE_PIECECOORDINATION:0.5029075475939715
CE_MATERIAL:0.49129063815708895
CE_KINGSAFETY:0.49050575723992934
C_PIECESQUARETABLES:0.5178524888764471
C_MOBILITY:0.4995239547963112
C_KINGSAFETY:0.5055652881315552
C_PAWNSTRUCTURE:0.47912102699071185
C_PIECECOORDINATION:0.5069841059374208
C_ROOKANDPAWNMOVEMENT:0.5069841059374208
C_CENTERCONTROL:0.5086545899919359
C_DEVELOPPIECES:0.4893439839396186
C_MATERIAL:0.496409786702087
C_MOVECOUNT:0.4870685500797992
