ELO:969
CE_PASSEDPAWNS:0.5
CE_PAWNWEAKNESSES:0.482688408693396
CE_PIECEACTIVITY:0.5221678199059865
CE_KINGPAWNSHIELD:0.5007300628660027
CE_PIECECOORDINATION:0.4905493695971063
CE_MATERIAL:0.501248136361616
CE_KINGSAFETY:0.4986622290633271
C_PIECESQUARETABLES:0.5
C_MOBILITY:0.4893358451824148
C_KINGSAFETY:0.5045023025970388
C_PAWNSTRUCTURE:0.4871065359470696
C_PIECECOORDINATION:0.5
C_ROOKANDPAWNMOVEMENT:0.5
C_CENTERCONTROL:0.5117240657075784
C_DEVELOPPIECES:0.5067545883217376
C_MATERIAL:0.500591300768071
C_MOVECOUNT:0.5
