ELO:1000
CE_PASSEDPAWNS:0.4914766765271601
CE_PAWNWEAKNESSES:0.4893530615949744
CE_PIECEACTIVITY:0.51181350238479
CE_KINGPAWNSHIELD:0.5004599183236341
CE_PIECECOORDINATION:0.5115311145247452
CE_MATERIAL:0.508379607732912
CE_KINGSAFETY:0.4865407809313966
C_PIECESQUARETABLES:0.5041020828632963
C_MOBILITY:0.5122716717883411
C_KINGSAFETY:0.4975429915680981
C_PAWNSTRUCTURE:0.49707311798960435
C_PIECECOORDINATION:0.49583254734267984
C_ROOKANDPAWNMOVEMENT:0.49583254734267984
C_CENTERCONTROL:0.49408518143280217
C_DEVELOPPIECES:0.49834699419997885
C_MATERIAL:0.491358323038834
