ELO:1080
CE_PASSEDPAWNS:0.4429794934141122
CE_PAWNWEAKNESSES:0.49244185018210224
CE_PIECEACTIVITY:0.49115167259697
CE_KINGPAWNSHIELD:0.49786731881905305
CE_PIECECOORDINATION:0.4500543768237493
CE_MATERIAL:0.41639255963672855
CE_KINGSAFETY:0.4941649021454149
C_PIECESQUARETABLES:0.5050566855525516
C_MOBILITY:0.4480734110010039
C_KINGSAFETY:0.6398465604098966
C_PAWNSTRUCTURE:0.4158168274646934
C_PIECECOORDINATION:0.36062421724656424
C_ROOKANDPAWNMOVEMENT:0.36062421724656424
C_CENTERCONTROL:0.5808559160361556
C_DEVELOPPIECES:0.464302331748555
C_MATERIAL:0.3983075348350546
