ELO:1000
CE_PASSEDPAWNS:0.5288478257173135
CE_PAWNWEAKNESSES:0.49255151171556083
CE_PIECEACTIVITY:0.5599921843175553
CE_KINGPAWNSHIELD:0.4788429421369083
CE_PIECECOORDINATION:0.42660768267257343
CE_MATERIAL:0.47795950334022674
CE_KINGSAFETY:0.5589742842391039
C_PIECESQUARETABLES:0.4974539182975296
C_MOBILITY:0.5589864775888661
C_KINGSAFETY:0.486584760550157
C_PAWNSTRUCTURE:0.4957297089316645
C_PIECECOORDINATION:0.549602773187761
C_ROOKANDPAWNMOVEMENT:0.549602773187761
C_CENTERCONTROL:0.5155396971254425
C_DEVELOPPIECES:0.44291997122467125
C_MATERIAL:0.5763025923448666
