ELO:1000
CE_PASSEDPAWNS:0.5288018367547742
CE_PAWNWEAKNESSES:0.502700943552765
CE_PIECEACTIVITY:0.5414703737211668
CE_KINGPAWNSHIELD:0.48528583954040333
CE_PIECECOORDINATION:0.465050654166324
CE_MATERIAL:0.4941752258625503
CE_KINGSAFETY:0.5355877619781633
C_PIECESQUARETABLES:0.48051579163103364
C_MOBILITY:0.4898114114456549
C_KINGSAFETY:0.5108240559336661
C_PAWNSTRUCTURE:0.5170653287381182
C_PIECECOORDINATION:0.5214274730332134
C_ROOKANDPAWNMOVEMENT:0.5214274730332134
C_CENTERCONTROL:0.5074976865972805
C_DEVELOPPIECES:0.4798630552805574
C_MATERIAL:0.5541128460099723
