ELO:988
CE_PASSEDPAWNS:0.504086532442662
CE_PAWNWEAKNESSES:0.5
CE_PIECEACTIVITY:0.48125871684524085
CE_KINGPAWNSHIELD:0.48535095254667615
CE_PIECECOORDINATION:0.4782954179923788
CE_MATERIAL:0.49325460565462614
CE_KINGSAFETY:0.5
C_PIECESQUARETABLES:0.4976846180042652
C_MOBILITY:0.505664344679786
C_KINGSAFETY:0.4703885067894018
C_PAWNSTRUCTURE:0.4866846769875702
C_PIECECOORDINATION:0.5060306665254837
C_ROOKANDPAWNMOVEMENT:0.5060306665254837
C_CENTERCONTROL:0.4839877174051897
C_DEVELOPPIECES:0.5272486612883251
C_MATERIAL:0.48206961638916795
C_MOVECOUNT:0.5076157398436156
