ELO:923
CE_PASSEDPAWNS:0.4242657150934631
CE_PAWNWEAKNESSES:0.6146748159320949
CE_PIECEACTIVITY:0.5836463235594674
CE_KINGPAWNSHIELD:0.46767271454603654
CE_PIECECOORDINATION:0.4591142658048256
CE_MATERIAL:0.4634998421417519
CE_KINGSAFETY:0.5049478998033539
C_PIECESQUARETABLES:0.508399167128411
C_MOBILITY:0.6738709610905453
C_KINGSAFETY:0.5701718320133513
C_PAWNSTRUCTURE:0.40315630890455506
C_PIECECOORDINATION:0.6093467104183165
C_ROOKANDPAWNMOVEMENT:0.6093467104183165
C_CENTERCONTROL:0.5065478937931861
C_DEVELOPPIECES:0.46871717949258895
C_MATERIAL:0.6485828798366559
