ELO:1000
CE_PASSEDPAWNS:0.5052404068551372
CE_PAWNWEAKNESSES:0.5044691800701611
CE_PIECEACTIVITY:0.5151950470223872
CE_KINGPAWNSHIELD:0.5075644904162862
CE_PIECECOORDINATION:0.4975668735399076
CE_MATERIAL:0.4836586157147096
CE_KINGSAFETY:0.5114201977932331
C_PIECESQUARETABLES:0.4881837539195074
C_MOBILITY:0.499001446220039
C_KINGSAFETY:0.5062804583042
C_PAWNSTRUCTURE:0.5211725774902397
C_PIECECOORDINATION:0.519375684171614
C_ROOKANDPAWNMOVEMENT:0.519375684171614
C_CENTERCONTROL:0.5058024745236364
C_DEVELOPPIECES:0.47046128781530944
C_MATERIAL:0.5420414033830305
