ELO:935
CE_PASSEDPAWNS:0.50668870141891
CE_PAWNWEAKNESSES:0.5162830897671123
CE_PIECEACTIVITY:0.4984947976169001
CE_KINGPAWNSHIELD:0.4795999501671444
CE_PIECECOORDINATION:0.5224854164773562
CE_MATERIAL:0.5129548568445359
CE_KINGSAFETY:0.50057385634134
C_PIECESQUARETABLES:0.5027849070625604
C_MOBILITY:0.5000652787498958
C_KINGSAFETY:0.49408336303321604
C_PAWNSTRUCTURE:0.48976644244783396
C_PIECECOORDINATION:0.5045487814285614
C_ROOKANDPAWNMOVEMENT:0.5045487814285614
C_CENTERCONTROL:0.5442606672164233
C_DEVELOPPIECES:0.48398325226972577
C_MATERIAL:0.4844417746201442
C_MOVECOUNT:0.5
