ELO:885
CE_PASSEDPAWNS:0.5477679129090753
CE_PAWNWEAKNESSES:0.5114781674613351
CE_PIECEACTIVITY:0.5107472035815455
CE_KINGPAWNSHIELD:0.49853151066531176
CE_PIECECOORDINATION:0.4486342287029846
CE_MATERIAL:0.5714904508464391
CE_KINGSAFETY:0.4388564492643457
C_PIECESQUARETABLES:0.5084310398634488
C_MOBILITY:0.47549217686319406
C_KINGSAFETY:0.5047968472951889
C_PAWNSTRUCTURE:0.4882957822652034
C_PIECECOORDINATION:0.4779852380666603
C_ROOKANDPAWNMOVEMENT:0.4779852380666603
C_CENTERCONTROL:0.4863124045398505
C_DEVELOPPIECES:0.49815449320250343
C_MATERIAL:0.5326546715490187
C_MOVECOUNT:0.5
