ELO:950
CE_PASSEDPAWNS:0.4818518854450063
CE_PAWNWEAKNESSES:0.4835246785839238
CE_PIECEACTIVITY:0.45220322129680024
CE_KINGPAWNSHIELD:0.5023378875192586
CE_PIECECOORDINATION:0.4823884414434799
CE_MATERIAL:0.4712264456539716
CE_KINGSAFETY:0.5340354798421186
C_PIECESQUARETABLES:0.5274948765112407
C_MOBILITY:0.5073324357557322
C_KINGSAFETY:0.48837345038841506
C_PAWNSTRUCTURE:0.48346366265979357
C_PIECECOORDINATION:0.5036371358376329
C_ROOKANDPAWNMOVEMENT:0.5036371358376329
C_CENTERCONTROL:0.5118712828386857
C_DEVELOPPIECES:0.5093911997914228
C_MATERIAL:0.4634734113262691
C_MOVECOUNT:0.5
