ELO:1000
CE_PASSEDPAWNS:0.5256352999622892
CE_PAWNWEAKNESSES:0.5203533374921225
CE_PIECEACTIVITY:0.5400579322439847
CE_KINGPAWNSHIELD:0.4745138857680449
CE_PIECECOORDINATION:0.45176763163635253
CE_MATERIAL:0.47005902213438516
CE_KINGSAFETY:0.5390198632790097
C_PIECESQUARETABLES:0.500880156600131
C_MOBILITY:0.5620187438931505
C_KINGSAFETY:0.49315056267575164
C_PAWNSTRUCTURE:0.4910827792953622
C_PIECECOORDINATION:0.5684021659813651
C_ROOKANDPAWNMOVEMENT:0.5684021659813651
C_CENTERCONTROL:0.524920471731719
C_DEVELOPPIECES:0.46769763782669893
C_MATERIAL:0.5838451972123032
