ELO:1000
CE_PASSEDPAWNS:0.48569959749684005
CE_PAWNWEAKNESSES:0.5336876172593045
CE_PIECEACTIVITY:0.49321198611399675
CE_KINGPAWNSHIELD:0.5055333722982217
CE_PIECECOORDINATION:0.5328064261890102
CE_MATERIAL:0.5499145972336905
CE_KINGSAFETY:0.5258450967588403
C_PIECESQUARETABLES:0.4855180863595606
C_MOBILITY:0.5195920260279535
C_KINGSAFETY:0.46467001106467576
C_PAWNSTRUCTURE:0.56084085029178
C_PIECECOORDINATION:0.3753190609906413
C_ROOKANDPAWNMOVEMENT:0.3753190609906413
C_CENTERCONTROL:0.5123249928127873
C_DEVELOPPIECES:0.5301925438585707
C_MATERIAL:0.4425600085290772
