ELO:1000
CE_PASSEDPAWNS:0.48994211552986666
CE_PAWNWEAKNESSES:0.4808520081328654
CE_PIECEACTIVITY:0.49055850484035357
CE_KINGPAWNSHIELD:0.4896818645336927
CE_PIECECOORDINATION:0.5116547130038138
CE_MATERIAL:0.5
CE_KINGSAFETY:0.5
C_PIECESQUARETABLES:0.4963986264310918
C_MOBILITY:0.5061982183385784
C_KINGSAFETY:0.514784978227002
C_PAWNSTRUCTURE:0.5
C_PIECECOORDINATION:0.5
C_ROOK:0.4970278460020082
CE_ROOK:0.5
C_CENTERCONTROL:0.5041936021263249
C_DEVELOPPIECES:0.502343782643806
C_MATERIAL:0.49100566809907753
C_MOVECOUNT:0.4985653095979802
C_PAWNMOVEMENT:0.5151073384114524
