ELO:881
CE_PASSEDPAWNS:0.43095406363247835
CE_PAWNWEAKNESSES:0.5936476439564067
CE_PIECEACTIVITY:0.43785831406551196
CE_KINGPAWNSHIELD:0.41432649322960063
CE_PIECECOORDINATION:0.6221979069227755
CE_MATERIAL:0.5072745118775631
CE_KINGSAFETY:0.5033778755134177
C_PIECESQUARETABLES:0.4996423516073599
C_MOBILITY:0.490079446083796
C_KINGSAFETY:0.5092822637509412
C_PAWNSTRUCTURE:0.5242510660075782
C_PIECECOORDINATION:0.5557217155829209
C_ROOKANDPAWNMOVEMENT:0.5557217155829209
C_CENTERCONTROL:0.6414762408585585
C_DEVELOPPIECES:0.4921130324976765
C_MATERIAL:0.5143500187461767
