ELO:998
CE_PASSEDPAWNS:0.4774046940151884
CE_PAWNWEAKNESSES:0.50177554023238
CE_PIECEACTIVITY:0.5
CE_KINGPAWNSHIELD:0.4978056460304911
CE_PIECECOORDINATION:0.4950040645402543
CE_MATERIAL:0.5
CE_KINGSAFETY:0.5
C_PIECESQUARETABLES:0.5
C_MOBILITY:0.492499769937203
C_KINGSAFETY:0.49955015396301927
C_PAWNSTRUCTURE:0.5080573609860584
C_PIECECOORDINATION:0.49762671759744764
C_ROOKANDPAWNMOVEMENT:0.49762671759744764
C_CENTERCONTROL:0.5078246328247658
C_DEVELOPPIECES:0.4740735507864219
C_MATERIAL:0.5191814379288364
C_MOVECOUNT:0.49952398721588476
