ELO:917
CE_PASSEDPAWNS:0.5
CE_PAWNWEAKNESSES:0.41225234461400745
CE_PIECEACTIVITY:0.5
CE_KINGPAWNSHIELD:0.46633580628319055
CE_PIECECOORDINATION:0.4472585413594817
CE_MATERIAL:0.4842243280398608
CE_KINGSAFETY:0.5
C_PIECESQUARETABLES:0.5
C_MOBILITY:0.4808889521956203
C_KINGSAFETY:0.36282407149110646
C_PAWNSTRUCTURE:0.5096963768626865
C_PIECECOORDINATION:0.5092211678005004
C_ROOKANDPAWNMOVEMENT:0.5092211678005004
C_CENTERCONTROL:0.7077552726956953
C_DEVELOPPIECES:0.4643106376537587
C_MATERIAL:0.4293592815805449
C_MOVECOUNT:0.5
