ELO:979
CE_PASSEDPAWNS:0.5138941491554128
CE_PAWNWEAKNESSES:0.4989743826476497
CE_PIECEACTIVITY:0.49882589777991626
CE_KINGPAWNSHIELD:0.49831966790523047
CE_PIECECOORDINATION:0.5
CE_MATERIAL:0.5310962002451038
CE_KINGSAFETY:0.5
C_PIECESQUARETABLES:0.5
C_MOBILITY:0.48906804098171075
C_KINGSAFETY:0.5
C_PAWNSTRUCTURE:0.47399971388114903
C_PIECECOORDINATION:0.5
C_ROOKANDPAWNMOVEMENT:0.5
C_CENTERCONTROL:0.48560860488198965
C_DEVELOPPIECES:0.439694387708118
C_MATERIAL:0.45604406672230097
C_MOVECOUNT:0.5
