ELO:932
CE_PASSEDPAWNS:0.4714954386770777
CE_PAWNWEAKNESSES:0.5562037611454849
CE_PIECEACTIVITY:0.5395432677961955
CE_KINGPAWNSHIELD:0.46862538105201385
CE_PIECECOORDINATION:0.608945402050888
CE_MATERIAL:0.5978375666862447
CE_KINGSAFETY:0.5145975657191466
C_PIECESQUARETABLES:0.5023584380595818
C_MOBILITY:0.5780730346758332
C_KINGSAFETY:0.43052667177805565
C_PAWNSTRUCTURE:0.5187526661868801
C_PIECECOORDINATION:0.37871553583304135
C_ROOKANDPAWNMOVEMENT:0.37871553583304135
C_CENTERCONTROL:0.5501816611776982
C_DEVELOPPIECES:0.5523828506612583
C_MATERIAL:0.4238823130657948
