ELO:923
CE_PASSEDPAWNS:0.47101940022721817
CE_PAWNWEAKNESSES:0.5330725752738701
CE_PIECEACTIVITY:0.4886157845266663
CE_KINGPAWNSHIELD:0.5288417060201218
CE_PIECECOORDINATION:0.5043265401991749
CE_MATERIAL:0.4864394637277475
CE_KINGSAFETY:0.5211497978244806
C_PIECESQUARETABLES:0.5121406019681773
C_MOBILITY:0.5176798226537093
C_KINGSAFETY:0.46344404000184575
C_PAWNSTRUCTURE:0.5363042865768393
C_PIECECOORDINATION:0.44743076901138007
C_ROOKANDPAWNMOVEMENT:0.44743076901138007
C_CENTERCONTROL:0.49532240268591454
C_DEVELOPPIECES:0.5038621900969952
C_MATERIAL:0.4810422702605631
C_MOVECOUNT:0.5486053274636387
