ELO:965
CE_PASSEDPAWNS:0.4909488375509054
CE_PAWNWEAKNESSES:0.530370405647275
CE_PIECEACTIVITY:0.489653808699853
CE_KINGPAWNSHIELD:0.5085270618254314
CE_PIECECOORDINATION:0.5149246871594239
CE_MATERIAL:0.46888044621085284
CE_KINGSAFETY:0.4883038345562659
C_PIECESQUARETABLES:0.5206557990158787
C_MOBILITY:0.4972185959834025
C_KINGSAFETY:0.5002353719209385
C_PAWNSTRUCTURE:0.47668732627931887
C_PIECECOORDINATION:0.5348194348579168
C_ROOKANDPAWNMOVEMENT:0.5348194348579168
C_CENTERCONTROL:0.5202746718998913
C_DEVELOPPIECES:0.49199415029519583
C_MATERIAL:0.500986371641903
C_MOVECOUNT:0.49700408900939147
