ELO:957
CE_PASSEDPAWNS:0.4469949308394379
CE_PAWNWEAKNESSES:0.5994620869708591
CE_PIECEACTIVITY:0.5351262886715641
CE_KINGPAWNSHIELD:0.4772275832768965
CE_PIECECOORDINATION:0.4801097036313897
CE_MATERIAL:0.46382375383351054
CE_KINGSAFETY:0.4549591677133382
C_PIECESQUARETABLES:0.48723042636987696
C_MOBILITY:0.6448407408058063
C_KINGSAFETY:0.6013818772587084
C_PAWNSTRUCTURE:0.4372198340824003
C_PIECECOORDINATION:0.6264330096925538
C_ROOKANDPAWNMOVEMENT:0.6264330096925538
C_CENTERCONTROL:0.5432758551258927
C_DEVELOPPIECES:0.4957821475986226
C_MATERIAL:0.587447330025269
