ELO:934
CE_PASSEDPAWNS:0.47140785361118387
CE_PAWNWEAKNESSES:0.5674952475302348
CE_PIECEACTIVITY:0.5404857372854434
CE_KINGPAWNSHIELD:0.46171014094588997
CE_PIECECOORDINATION:0.608945402050888
CE_MATERIAL:0.5975557896520116
CE_KINGSAFETY:0.503102113416713
C_PIECESQUARETABLES:0.5020622409375303
C_MOBILITY:0.5780730346758332
C_KINGSAFETY:0.43772905021595415
C_PAWNSTRUCTURE:0.517573780266301
C_PIECECOORDINATION:0.35762062928815913
C_ROOKANDPAWNMOVEMENT:0.35762062928815913
C_CENTERCONTROL:0.5619616063851214
C_DEVELOPPIECES:0.5690692503088368
C_MATERIAL:0.4192479441939285
