ELO:999
CE_PASSEDPAWNS:0.4953380758013374
CE_PAWNWEAKNESSES:0.5
CE_PIECEACTIVITY:0.4936140433306858
CE_KINGPAWNSHIELD:0.5
CE_PIECECOORDINATION:0.5
CE_MATERIAL:0.5304461286191864
CE_KINGSAFETY:0.4925562293893731
C_PIECESQUARETABLES:0.5
C_MOBILITY:0.5050614773590231
C_KINGSAFETY:0.5103515745613108
C_PAWNSTRUCTURE:0.4980166955612101
C_PIECECOORDINATION:0.4976234534502717
C_ROOKANDPAWNMOVEMENT:0.4976234534502717
C_CENTERCONTROL:0.4845568320440864
C_DEVELOPPIECES:0.4835257761304596
C_MATERIAL:0.4946036005870746
C_MOVECOUNT:0.520601444778692
