ELO:1115
CE_PASSEDPAWNS:0.442778421640529
CE_PAWNWEAKNESSES:0.5280942920207605
CE_PIECEACTIVITY:0.4836122635039518
CE_KINGPAWNSHIELD:0.41370898907848513
CE_PIECECOORDINATION:0.5680589064498994
CE_MATERIAL:0.39783305558335186
CE_KINGSAFETY:0.5
C_PIECESQUARETABLES:0.5
C_MOBILITY:0.4319113179434875
C_KINGSAFETY:0.4932165246173426
C_PAWNSTRUCTURE:0.41965311528272264
C_PIECECOORDINATION:0.48430233874975176
C_ROOKANDPAWNMOVEMENT:0.48430233874975176
C_CENTERCONTROL:0.5916556751746048
C_DEVELOPPIECES:0.5034004472324135
C_MATERIAL:0.3610425006515148
