ELO:1002
CE_PASSEDPAWNS:0.5045792991142279
CE_PAWNWEAKNESSES:0.5
CE_PIECEACTIVITY:0.49357115558839193
CE_KINGPAWNSHIELD:0.492895373440154
CE_PIECECOORDINATION:0.4782954179923788
CE_MATERIAL:0.48992261012307403
CE_KINGSAFETY:0.504723371300638
C_PIECESQUARETABLES:0.49129569464569145
C_MOBILITY:0.49492219758644723
C_KINGSAFETY:0.4789915078769057
C_PAWNSTRUCTURE:0.4965214267783041
C_PIECECOORDINATION:0.503150674410833
C_ROOKANDPAWNMOVEMENT:0.503150674410833
C_CENTERCONTROL:0.48889891416080355
C_DEVELOPPIECES:0.5158679549616458
C_MATERIAL:0.49074361477035927
C_MOVECOUNT:0.5007443283091066
