ELO:993
CE_PASSEDPAWNS:0.49791189973150696
CE_PAWNWEAKNESSES:0.49986892124500254
CE_PIECEACTIVITY:0.5
CE_KINGPAWNSHIELD:0.5248969442999537
CE_PIECECOORDINATION:0.4958427580617732
CE_MATERIAL:0.5039126338041164
CE_KINGSAFETY:0.5
C_PIECESQUARETABLES:0.5
C_MOBILITY:0.4915432548303064
C_KINGSAFETY:0.48213598215196707
C_PAWNSTRUCTURE:0.4949426740064285
C_PIECECOORDINATION:0.5104019544487555
C_ROOKANDPAWNMOVEMENT:0.5104019544487555
C_CENTERCONTROL:0.5110594242978586
C_DEVELOPPIECES:0.5
C_MATERIAL:0.5114888847142021
C_MOVECOUNT:0.5
