ELO:934
CE_PASSEDPAWNS:0.46353093341079477
CE_PAWNWEAKNESSES:0.5651679773075714
CE_PIECEACTIVITY:0.5321580223030324
CE_KINGPAWNSHIELD:0.4513615816110773
CE_PIECECOORDINATION:0.6100472262584278
CE_MATERIAL:0.5945114936874547
CE_KINGSAFETY:0.49353695052867347
C_PIECESQUARETABLES:0.4959253162545403
C_MOBILITY:0.5703404722497314
C_KINGSAFETY:0.44007181124750944
C_PAWNSTRUCTURE:0.5069572653173083
C_PIECECOORDINATION:0.34348778248438394
C_ROOKANDPAWNMOVEMENT:0.34348778248438394
C_CENTERCONTROL:0.5688479442466826
C_DEVELOPPIECES:0.525912827547659
C_MATERIAL:0.3896880971894273
