ELO:973
CE_PASSEDPAWNS:0.47270548603691803
CE_PAWNWEAKNESSES:0.4798882075015447
CE_PIECEACTIVITY:0.4943756461257113
CE_KINGPAWNSHIELD:0.5134159392636591
CE_PIECECOORDINATION:0.5298456315285097
CE_MATERIAL:0.4877159356896001
CE_KINGSAFETY:0.5115355596268049
C_PIECESQUARETABLES:0.509231257954853
C_MOBILITY:0.5205417863169345
C_KINGSAFETY:0.5232519161279608
C_PAWNSTRUCTURE:0.49673280944970577
C_PIECECOORDINATION:0.4862207500690713
C_ROOK:0.5176917753414422
CE_ROOK:0.5
C_CENTERCONTROL:0.5137374437937406
C_DEVELOPPIECES:0.5245910698745501
C_MATERIAL:0.48788061055089416
C_MOVECOUNT:0.4950434448899348
C_PAWNMOVEMENT:0.531311590686777
