ELO:941
CE_PASSEDPAWNS:0.42685133505239936
CE_PAWNWEAKNESSES:0.6090667114428899
CE_PIECEACTIVITY:0.5522466318677147
CE_KINGPAWNSHIELD:0.4571975190607104
CE_PIECECOORDINATION:0.46882031202744684
CE_MATERIAL:0.46686580940336764
CE_KINGSAFETY:0.4790587333754806
C_PIECESQUARETABLES:0.5041349928901974
C_MOBILITY:0.6730293842932988
C_KINGSAFETY:0.5897343825161351
C_PAWNSTRUCTURE:0.40688350438221255
C_PIECECOORDINATION:0.6053363103079428
C_ROOKANDPAWNMOVEMENT:0.6053363103079428
C_CENTERCONTROL:0.49742282433537616
C_DEVELOPPIECES:0.49696679295869345
C_MATERIAL:0.6210535045228386
