ELO:913
CE_PASSEDPAWNS:0.5431720855109256
CE_PAWNWEAKNESSES:0.4865606121736062
CE_PIECEACTIVITY:0.4331588608090194
CE_KINGPAWNSHIELD:0.529590890233449
CE_PIECECOORDINATION:0.5095066949128533
CE_MATERIAL:0.4977327769609996
CE_KINGSAFETY:0.5139069252058551
C_PIECESQUARETABLES:0.5047972208146484
C_MOBILITY:0.5442243693761819
C_KINGSAFETY:0.5028785552469323
C_PAWNSTRUCTURE:0.5322783919338477
C_PIECECOORDINATION:0.4824059247781953
C_ROOK:0.4767479738021736
CE_ROOK:0.5170731184189046
C_CENTERCONTROL:0.4660197664235928
C_DEVELOPPIECES:0.45632672103641997
C_MATERIAL:0.491926176012634
C_MOVECOUNT:0.516186435528634
C_PAWNMOVEMENT:0.5320769300037658
