ELO:926
CE_PASSEDPAWNS:0.4405970538457466
CE_PAWNWEAKNESSES:0.6138831242754044
CE_PIECEACTIVITY:0.5700275727319639
CE_KINGPAWNSHIELD:0.4545802993691118
CE_PIECECOORDINATION:0.43729219592691504
CE_MATERIAL:0.4736478998677941
CE_KINGSAFETY:0.5627029444774647
C_PIECESQUARETABLES:0.5148938549850722
C_MOBILITY:0.7026152012080277
C_KINGSAFETY:0.5265110214142128
C_PAWNSTRUCTURE:0.4292355864407492
C_PIECECOORDINATION:0.609728447110231
C_ROOKANDPAWNMOVEMENT:0.609728447110231
C_CENTERCONTROL:0.4994808812150744
C_DEVELOPPIECES:0.4734829621901531
C_MATERIAL:0.6562205915760797
