ELO:1000
CE_PASSEDPAWNS:0.5
CE_PAWNWEAKNESSES:0.4917810227893673
CE_PIECEACTIVITY:0.4957511183098869
CE_KINGPAWNSHIELD:0.4896818645336927
CE_PIECECOORDINATION:0.5116547130038138
CE_MATERIAL:0.5
CE_KINGSAFETY:0.5
C_PIECESQUARETABLES:0.5
C_MOBILITY:0.502644428933644
C_KINGSAFETY:0.514784978227002
C_PAWNSTRUCTURE:0.5
C_PIECECOORDINATION:0.5
C_ROOK:0.5
CE_ROOK:0.5
C_CENTERCONTROL:0.5
C_DEVELOPPIECES:0.5
C_MATERIAL:0.5071430923397094
C_MOVECOUNT:0.508385754323161
C_PAWNMOVEMENT:0.5077575935737485
