ELO:970
CE_PASSEDPAWNS:0.47636828586746294
CE_PAWNWEAKNESSES:0.49005694778079295
CE_PIECEACTIVITY:0.48493838824362
CE_KINGPAWNSHIELD:0.5132249908815807
CE_PIECECOORDINATION:0.5436842216266625
CE_MATERIAL:0.47131995585338
CE_KINGSAFETY:0.49559203852591427
C_PIECESQUARETABLES:0.5287213715082236
C_MOBILITY:0.5182833334384084
C_KINGSAFETY:0.5369242034347559
C_PAWNSTRUCTURE:0.49257507391283906
C_PIECECOORDINATION:0.49650829926759754
C_ROOK:0.5007869249118221
CE_ROOK:0.5051940562598335
C_CENTERCONTROL:0.5299667434296835
C_DEVELOPPIECES:0.520211598638063
C_MATERIAL:0.48538369693188377
C_MOVECOUNT:0.4781633543689942
C_PAWNMOVEMENT:0.5440376719249213
