ELO:983
CE_PASSEDPAWNS:0.4881094169588061
CE_PAWNWEAKNESSES:0.5223813103245837
CE_PIECEACTIVITY:0.5011413201839477
CE_KINGPAWNSHIELD:0.5129251045133392
CE_PIECECOORDINATION:0.4994875065526798
CE_MATERIAL:0.49129063815708895
CE_KINGSAFETY:0.49050575723992934
C_PIECESQUARETABLES:0.5101623235005996
C_MOBILITY:0.4995239547963112
C_KINGSAFETY:0.5135998419320221
C_PAWNSTRUCTURE:0.484487382702075
C_PIECECOORDINATION:0.5069841059374208
C_ROOKANDPAWNMOVEMENT:0.5069841059374208
C_CENTERCONTROL:0.5080293199313076
C_DEVELOPPIECES:0.4893439839396186
C_MATERIAL:0.496409786702087
C_MOVECOUNT:0.4906593447802162
