ELO:995
CE_PASSEDPAWNS:0.5012891149791388
CE_PAWNWEAKNESSES:0.5240349771383002
CE_PIECEACTIVITY:0.5018856626069899
CE_KINGPAWNSHIELD:0.43010213648348056
CE_PIECECOORDINATION:0.47912918554010364
CE_MATERIAL:0.5352841177753933
CE_KINGSAFETY:0.5
C_PIECESQUARETABLES:0.5
C_MOBILITY:0.4890938223623777
C_KINGSAFETY:0.5113068247406816
C_PAWNSTRUCTURE:0.44673867448395055
C_PIECECOORDINATION:0.49555290686992914
C_ROOKANDPAWNMOVEMENT:0.49555290686992914
C_CENTERCONTROL:0.5443941878645888
C_DEVELOPPIECES:0.4852233528132614
C_MATERIAL:0.4813910197699353
C_MOVECOUNT:0.45740117943581515
