ELO:1000
CE_PASSEDPAWNS:0.5251504704430234
CE_PAWNWEAKNESSES:0.5022523507042891
CE_PIECEACTIVITY:0.5595898698660975
CE_KINGPAWNSHIELD:0.4796094744577025
CE_PIECECOORDINATION:0.437228495810737
CE_MATERIAL:0.47556091334674716
CE_KINGSAFETY:0.5589742842391039
C_PIECESQUARETABLES:0.49585350870927725
C_MOBILITY:0.5738766755699217
C_KINGSAFETY:0.4783171009440674
C_PAWNSTRUCTURE:0.4848824078530473
C_PIECECOORDINATION:0.549602773187761
C_ROOKANDPAWNMOVEMENT:0.549602773187761
C_CENTERCONTROL:0.5221578806713107
C_DEVELOPPIECES:0.45540710188822586
C_MATERIAL:0.5767357066473267
