ELO:920
CE_PASSEDPAWNS:0.48368815337440385
CE_PAWNWEAKNESSES:0.5300753860251424
CE_PIECEACTIVITY:0.455537959969902
CE_KINGPAWNSHIELD:0.5050873441351803
CE_PIECECOORDINATION:0.5154232535315706
CE_MATERIAL:0.5049515030117779
CE_KINGSAFETY:0.5232714177810255
C_PIECESQUARETABLES:0.4805372771335988
C_MOBILITY:0.5084297019463097
C_KINGSAFETY:0.4647920554397003
C_PAWNSTRUCTURE:0.564052602659498
C_PIECECOORDINATION:0.46360078464518595
C_ROOKANDPAWNMOVEMENT:0.46360078464518595
C_CENTERCONTROL:0.5001228417049125
C_DEVELOPPIECES:0.5147293336273083
C_MATERIAL:0.4533486273093955
C_MOVECOUNT:0.5392444920533632
