ELO:988
CE_PASSEDPAWNS:0.5
CE_PAWNWEAKNESSES:0.5118164235611563
CE_PIECEACTIVITY:0.4980807142770467
CE_KINGPAWNSHIELD:0.5
CE_PIECECOORDINATION:0.5031800324820089
CE_MATERIAL:0.5020635042452822
CE_KINGSAFETY:0.5
C_PIECESQUARETABLES:0.5
C_MOBILITY:0.5
C_KINGSAFETY:0.5
C_PAWNSTRUCTURE:0.49567212005728195
C_PIECECOORDINATION:0.5028126783901792
C_ROOKANDPAWNMOVEMENT:0.5028126783901792
C_CENTERCONTROL:0.5109924447425122
C_DEVELOPPIECES:0.5
C_MATERIAL:0.488065685315369
C_MOVECOUNT:0.5012231395420176
