ELO:933
CE_PASSEDPAWNS:0.4803097522961964
CE_PAWNWEAKNESSES:0.5541840897103464
CE_PIECEACTIVITY:0.49642484076668936
CE_KINGPAWNSHIELD:0.48198610219025667
CE_PIECECOORDINATION:0.49331818196568916
CE_MATERIAL:0.4910414906163844
CE_KINGSAFETY:0.4956284255506485
C_PIECESQUARETABLES:0.5024415860373146
C_MOBILITY:0.5161217003970361
C_KINGSAFETY:0.507779276671569
C_PAWNSTRUCTURE:0.5014348691347414
C_PIECECOORDINATION:0.4894763666481394
C_ROOKANDPAWNMOVEMENT:0.4894763666481394
C_CENTERCONTROL:0.5176084211268372
C_DEVELOPPIECES:0.5016172731778232
C_MATERIAL:0.48001529123828157
C_MOVECOUNT:0.5
