ELO:967
CE_PASSEDPAWNS:0.4775121173764611
CE_PAWNWEAKNESSES:0.5762937376494276
CE_PIECEACTIVITY:0.4970804550711548
CE_KINGPAWNSHIELD:0.45257602264846686
CE_PIECECOORDINATION:0.5843243557531014
CE_MATERIAL:0.5935510216490814
CE_KINGSAFETY:0.4826464573664604
C_PIECESQUARETABLES:0.5014768245603058
C_MOBILITY:0.5822960456240052
C_KINGSAFETY:0.4290507753428126
C_PAWNSTRUCTURE:0.4950588992654133
C_PIECECOORDINATION:0.36529715243547006
C_ROOKANDPAWNMOVEMENT:0.36529715243547006
C_CENTERCONTROL:0.5058508574322671
C_DEVELOPPIECES:0.4900696387454183
C_MATERIAL:0.42704073161110007
