ELO:918
CE_PASSEDPAWNS:0.4359237486891229
CE_PAWNWEAKNESSES:0.6274255220927624
CE_PIECEACTIVITY:0.5631520429573956
CE_KINGPAWNSHIELD:0.46485527803270027
CE_PIECECOORDINATION:0.4592622686014037
CE_MATERIAL:0.4737963191859694
CE_KINGSAFETY:0.5165346456464637
C_PIECESQUARETABLES:0.5148938549850722
C_MOBILITY:0.7090641646958745
C_KINGSAFETY:0.5484710495329338
C_PAWNSTRUCTURE:0.42583765870815427
C_PIECECOORDINATION:0.6107565920406047
C_ROOKANDPAWNMOVEMENT:0.6107565920406047
C_CENTERCONTROL:0.49772000207823497
C_DEVELOPPIECES:0.47754182628253833
C_MATERIAL:0.6514120951759642
