ELO:926
CE_PASSEDPAWNS:0.5348016034187834
CE_PAWNWEAKNESSES:0.5162338985658914
CE_PIECEACTIVITY:0.44039308875417893
CE_KINGPAWNSHIELD:0.4800874838264454
CE_PIECECOORDINATION:0.4700048170241026
CE_MATERIAL:0.5041886356201183
CE_KINGSAFETY:0.5059886548157575
C_PIECESQUARETABLES:0.4911551642521658
C_MOBILITY:0.4860010970344183
C_KINGSAFETY:0.564498187307134
C_PAWNSTRUCTURE:0.5546550027505951
C_PIECECOORDINATION:0.49144135957577634
C_ROOK:0.4883203962901394
CE_ROOK:0.5071803264759833
C_CENTERCONTROL:0.5039992081871604
C_DEVELOPPIECES:0.4921644931763534
C_MATERIAL:0.49293456161726296
C_MOVECOUNT:0.4445017032727164
C_PAWNMOVEMENT:0.5348538486498866
