ELO:983
CE_PASSEDPAWNS:0.49449903160423014
CE_PAWNWEAKNESSES:0.49862139196719835
CE_PIECEACTIVITY:0.43604026521977857
CE_KINGPAWNSHIELD:0.5197642785251333
CE_PIECECOORDINATION:0.48182682196724796
CE_MATERIAL:0.48750175755363345
CE_KINGSAFETY:0.5
C_PIECESQUARETABLES:0.4952323920265064
C_MOBILITY:0.5162680292747731
C_KINGSAFETY:0.5456629952004649
C_PAWNSTRUCTURE:0.48980655768268294
C_PIECECOORDINATION:0.48463529188325377
C_ROOK:0.481524646528935
CE_ROOK:0.49565526880060223
C_CENTERCONTROL:0.5103220579964176
C_DEVELOPPIECES:0.4827911715855333
C_MATERIAL:0.5327405086261663
C_MOVECOUNT:0.4713129414508764
C_PAWNMOVEMENT:0.5271115721213651
