ELO:1000
CE_PASSEDPAWNS:0.4800718515938842
CE_PAWNWEAKNESSES:0.44569253661136266
CE_PIECEACTIVITY:0.5180011616340982
CE_KINGPAWNSHIELD:0.5714584002635901
CE_PIECECOORDINATION:0.46063232876878374
CE_MATERIAL:0.5196971338945348
CE_KINGSAFETY:0.5005937792415172
C_PIECESQUARETABLES:0.4892293864193985
C_MOBILITY:0.44465005320182227
C_KINGSAFETY:0.502359382875046
C_PAWNSTRUCTURE:0.44597939704132084
C_PIECECOORDINATION:0.5041931582469826
C_ROOKANDPAWNMOVEMENT:0.5041931582469826
C_CENTERCONTROL:0.4946289909443327
C_DEVELOPPIECES:0.5534253498015289
C_MATERIAL:0.4101864267903635
