ELO:1015
CE_PASSEDPAWNS:0.5
CE_PAWNWEAKNESSES:0.5
CE_PIECEACTIVITY:0.5
CE_KINGPAWNSHIELD:0.5
CE_PIECECOORDINATION:0.5097269414023637
CE_MATERIAL:0.495816290525052
CE_KINGSAFETY:0.5
C_PIECESQUARETABLES:0.5
C_MOBILITY:0.4951433976966723
C_KINGSAFETY:0.49462480660132874
C_PAWNSTRUCTURE:0.49743879793430223
C_PIECECOORDINATION:0.5
C_ROOKANDPAWNMOVEMENT:0.5
C_CENTERCONTROL:0.5053367536923593
C_DEVELOPPIECES:0.5
C_MATERIAL:0.5146780710460334
C_MOVECOUNT:0.5
