ELO:873
CE_PASSEDPAWNS:0.5012933629694751
CE_PAWNWEAKNESSES:0.5071803093291759
CE_PIECEACTIVITY:0.49774528197449275
CE_KINGPAWNSHIELD:0.4650841272761975
CE_PIECECOORDINATION:0.5987055283707393
CE_MATERIAL:0.5324762103143175
CE_KINGSAFETY:0.5
C_PIECESQUARETABLES:0.5
C_MOBILITY:0.5437879872485302
C_KINGSAFETY:0.49203836047719135
C_PAWNSTRUCTURE:0.5030847678665024
C_PIECECOORDINATION:0.6202766811846793
C_ROOKANDPAWNMOVEMENT:0.6202766811846793
C_CENTERCONTROL:0.5777763816673134
C_DEVELOPPIECES:0.48366529511932843
C_MATERIAL:0.5421236356813443
C_MOVECOUNT:0.5
