ELO:987
CE_PASSEDPAWNS:0.5
CE_PAWNWEAKNESSES:0.490541306738278
CE_PIECEACTIVITY:0.4896422869710888
CE_KINGPAWNSHIELD:0.5
CE_PIECECOORDINATION:0.5
CE_MATERIAL:0.5
CE_KINGSAFETY:0.4932112051151012
C_PIECESQUARETABLES:0.5
C_MOBILITY:0.4932687632396765
C_KINGSAFETY:0.5
C_PAWNSTRUCTURE:0.49113297529755207
C_PIECECOORDINATION:0.5
C_ROOKANDPAWNMOVEMENT:0.5
C_CENTERCONTROL:0.5
C_DEVELOPPIECES:0.49060865371460965
C_MATERIAL:0.5
