ELO:1017
CE_PASSEDPAWNS:0.5097138613003892
CE_PAWNWEAKNESSES:0.4840364531842115
CE_PIECEACTIVITY:0.5043570167373893
CE_KINGPAWNSHIELD:0.4896721594899304
CE_PIECECOORDINATION:0.5123757422885727
CE_MATERIAL:0.5
CE_KINGSAFETY:0.5
C_PIECESQUARETABLES:0.5
C_MOBILITY:0.4969407453162884
C_KINGSAFETY:0.5006633870482766
C_PAWNSTRUCTURE:0.5032262000495097
C_PIECECOORDINATION:0.5056532366019062
C_ROOKANDPAWNMOVEMENT:0.5056532366019062
C_CENTERCONTROL:0.4960396254332801
C_DEVELOPPIECES:0.5
C_MATERIAL:0.4966598896105228
C_MOVECOUNT:0.48777373039802385
