ELO:988
CE_PASSEDPAWNS:0.4902495614111457
CE_PAWNWEAKNESSES:0.5071586012438157
CE_PIECEACTIVITY:0.5118990729441188
CE_KINGPAWNSHIELD:0.4894028564352338
CE_PIECECOORDINATION:0.5062002682627654
CE_MATERIAL:0.5
CE_KINGSAFETY:0.5
C_PIECESQUARETABLES:0.5
C_MOBILITY:0.49627523288674463
C_KINGSAFETY:0.49025356981014456
C_PAWNSTRUCTURE:0.5049527528780591
C_PIECECOORDINATION:0.5
C_ROOKANDPAWNMOVEMENT:0.5
C_CENTERCONTROL:0.5040983277327203
C_DEVELOPPIECES:0.4956547356393681
C_MATERIAL:0.5278954288219844
C_MOVECOUNT:0.5375307221104265
