ELO:944
CE_PASSEDPAWNS:0.5033682872319675
CE_PAWNWEAKNESSES:0.5039033853888425
CE_PIECEACTIVITY:0.43604026521977857
CE_KINGPAWNSHIELD:0.517370137772541
CE_PIECECOORDINATION:0.4727170009273643
CE_MATERIAL:0.4968948773225306
CE_KINGSAFETY:0.4916770128638645
C_PIECESQUARETABLES:0.48492361762645125
C_MOBILITY:0.486849135305898
C_KINGSAFETY:0.5445910267274584
C_PAWNSTRUCTURE:0.49466487444659707
C_PIECECOORDINATION:0.4897922560840042
C_ROOK:0.48442871483373157
CE_ROOK:0.4942918259171616
C_CENTERCONTROL:0.5103220579964176
C_DEVELOPPIECES:0.4742971996657431
C_MATERIAL:0.5351290233366309
C_MOVECOUNT:0.46285357617414974
C_PAWNMOVEMENT:0.5271115721213651
