ELO:792
CE_PASSEDPAWNS:0.4817941375399297
CE_PAWNWEAKNESSES:0.5121525424370906
CE_PIECEACTIVITY:0.5565095324981194
CE_KINGPAWNSHIELD:0.48830966961221056
CE_PIECECOORDINATION:0.47011081301891955
CE_MATERIAL:0.41987451523253233
CE_KINGSAFETY:0.5619702287823011
C_PIECESQUARETABLES:0.5290130687527974
C_MOBILITY:0.43777483044598936
C_KINGSAFETY:0.5095262861670624
C_PAWNSTRUCTURE:0.5165840505838198
C_PIECECOORDINATION:0.47406448663368855
C_ROOKANDPAWNMOVEMENT:0.47406448663368855
C_CENTERCONTROL:0.5463414034911518
C_DEVELOPPIECES:0.4727681042936749
C_MATERIAL:0.4893992646780208
C_MOVECOUNT:0.4350826492556117
