ELO:878
CE_PASSEDPAWNS:0.4867417637400184
CE_PAWNWEAKNESSES:0.5476309612572722
CE_PIECEACTIVITY:0.5170872315552998
CE_KINGPAWNSHIELD:0.49701430808254665
CE_PIECECOORDINATION:0.46906457513670424
CE_MATERIAL:0.462857772391273
CE_KINGSAFETY:0.4686963660081064
C_PIECESQUARETABLES:0.5086333493340002
C_MOBILITY:0.4491807157721244
C_KINGSAFETY:0.4915954492495312
C_PAWNSTRUCTURE:0.5196802753689916
C_PIECECOORDINATION:0.46728320566465065
C_ROOKANDPAWNMOVEMENT:0.46728320566465065
C_CENTERCONTROL:0.5012678591750167
C_DEVELOPPIECES:0.4721063390263819
C_MATERIAL:0.5038664099175734
C_MOVECOUNT:0.5
