ELO:991
CE_PASSEDPAWNS:0.5277288571395565
CE_PAWNWEAKNESSES:0.4747266971979074
CE_PIECEACTIVITY:0.5256534381721791
CE_KINGPAWNSHIELD:0.5528882574260608
CE_PIECECOORDINATION:0.4846973356516632
CE_MATERIAL:0.4694181679613265
CE_KINGSAFETY:0.5013255379671433
C_PIECESQUARETABLES:0.5087440747115767
C_MOBILITY:0.5836313903895851
C_KINGSAFETY:0.5443053213577612
C_PAWNSTRUCTURE:0.46054427260367564
C_PIECECOORDINATION:0.5025144520835259
C_ROOKANDPAWNMOVEMENT:0.5025144520835259
C_CENTERCONTROL:0.44049679953934884
C_DEVELOPPIECES:0.43715433426480615
C_MATERIAL:0.6234991122067586
