ELO:1000
CE_PASSEDPAWNS:0.4526448212368272
CE_PAWNWEAKNESSES:0.4537581106052948
CE_PIECEACTIVITY:0.5317934677093066
CE_KINGPAWNSHIELD:0.4675483960701007
CE_PIECECOORDINATION:0.5062093759261084
CE_MATERIAL:0.48958436284271634
CE_KINGSAFETY:0.5
C_PIECESQUARETABLES:0.5
C_MOBILITY:0.6076327737009805
C_KINGSAFETY:0.4258746242255982
C_PAWNSTRUCTURE:0.4919821571418584
C_PIECECOORDINATION:0.5686614356759275
C_ROOKANDPAWNMOVEMENT:0.5686614356759275
C_CENTERCONTROL:0.5232826369555287
C_DEVELOPPIECES:0.4354212939766876
C_MATERIAL:0.6135951093758658
