ELO:961
CE_PASSEDPAWNS:0.4782760267258697
CE_PAWNWEAKNESSES:0.4343166732264409
CE_PIECEACTIVITY:0.4914971212321257
CE_KINGPAWNSHIELD:0.4968536769977279
CE_PIECECOORDINATION:0.5835417756040938
CE_MATERIAL:0.5237492496440328
CE_KINGSAFETY:0.5
C_PIECESQUARETABLES:0.5027984774692557
C_MOBILITY:0.46380449771025806
C_KINGSAFETY:0.4540336572087858
C_PAWNSTRUCTURE:0.49910055136128856
C_PIECECOORDINATION:0.5197431844125263
C_ROOKANDPAWNMOVEMENT:0.5197431844125263
C_CENTERCONTROL:0.5288200808521794
C_DEVELOPPIECES:0.5225160879163088
C_MATERIAL:0.44588036000798476
