ELO:1000
CE_PASSEDPAWNS:0.4840246247413061
CE_PAWNWEAKNESSES:0.4934583954552126
CE_PIECEACTIVITY:0.4968285044980326
CE_KINGPAWNSHIELD:0.4826509120268291
CE_PIECECOORDINATION:0.5129937011385791
CE_MATERIAL:0.5108747186101001
CE_KINGSAFETY:0.48630867758598434
C_PIECESQUARETABLES:0.5080294531481209
C_MOBILITY:0.49702162884054985
C_KINGSAFETY:0.49118073319206673
C_PAWNSTRUCTURE:0.48930138807392026
C_PIECECOORDINATION:0.5055526921289427
C_ROOKANDPAWNMOVEMENT:0.5055526921289427
C_CENTERCONTROL:0.5055789120802426
C_DEVELOPPIECES:0.49007757461887236
C_MATERIAL:0.5040512057167489
