ELO:1003
CE_PASSEDPAWNS:0.4766886125984905
CE_PAWNWEAKNESSES:0.4865904422073656
CE_PIECEACTIVITY:0.5104302959817154
CE_KINGPAWNSHIELD:0.6079466519622179
CE_PIECECOORDINATION:0.5474042473272152
CE_MATERIAL:0.48536732311495867
CE_KINGSAFETY:0.4959367937854944
C_PIECESQUARETABLES:0.507090784708944
C_MOBILITY:0.46713752680463766
C_KINGSAFETY:0.4797870839157807
C_PAWNSTRUCTURE:0.49999149801789916
C_PIECECOORDINATION:0.5018073549501177
C_ROOKANDPAWNMOVEMENT:0.5018073549501177
C_CENTERCONTROL:0.4894838242199065
C_DEVELOPPIECES:0.4865228436513038
C_MATERIAL:0.4595654454413478
