ELO:989
CE_PASSEDPAWNS:0.4998112062800333
CE_PAWNWEAKNESSES:0.5062440662535775
CE_PIECEACTIVITY:0.48179218048706074
CE_KINGPAWNSHIELD:0.4966934445856597
CE_PIECECOORDINATION:0.49306157152542357
CE_MATERIAL:0.5061604090545747
CE_KINGSAFETY:0.48140777648846267
C_PIECESQUARETABLES:0.5149484419882873
C_MOBILITY:0.48783320171636413
C_KINGSAFETY:0.49153907148120884
C_PAWNSTRUCTURE:0.48122294588513176
C_PIECECOORDINATION:0.48119653139318214
C_ROOKANDPAWNMOVEMENT:0.48119653139318214
C_CENTERCONTROL:0.5
C_DEVELOPPIECES:0.4895767497389805
C_MATERIAL:0.5097329052353122
