ELO:999
CE_PASSEDPAWNS:0.46601006761977376
CE_PAWNWEAKNESSES:0.4772725741280878
CE_PIECEACTIVITY:0.5069005670190416
CE_KINGPAWNSHIELD:0.5890745045314189
CE_PIECECOORDINATION:0.43716709054404235
CE_MATERIAL:0.5057459867008685
CE_KINGSAFETY:0.4963892415038914
C_PIECESQUARETABLES:0.4880433817792328
C_MOBILITY:0.4079583105403329
C_KINGSAFETY:0.5241824070007877
C_PAWNSTRUCTURE:0.4842536226814713
C_PIECECOORDINATION:0.4772366785591852
C_ROOKANDPAWNMOVEMENT:0.4772366785591852
C_CENTERCONTROL:0.4422956438194097
C_DEVELOPPIECES:0.5372063158365811
C_MATERIAL:0.4256829077505835
