ELO:984
CE_PASSEDPAWNS:0.4854195750163382
CE_PAWNWEAKNESSES:0.5009589686571638
CE_PIECEACTIVITY:0.43352216120455866
CE_KINGPAWNSHIELD:0.5029571645908237
CE_PIECECOORDINATION:0.47988670905808944
CE_MATERIAL:0.48750175755363345
CE_KINGSAFETY:0.48214660182465985
C_PIECESQUARETABLES:0.4716560144048115
C_MOBILITY:0.5162680292747731
C_KINGSAFETY:0.5438676830245937
C_PAWNSTRUCTURE:0.48980655768268294
C_PIECECOORDINATION:0.48463529188325377
C_ROOK:0.4751862366474236
CE_ROOK:0.5016426883498099
C_CENTERCONTROL:0.5103220579964176
C_DEVELOPPIECES:0.4827911715855333
C_MATERIAL:0.530994517615546
C_MOVECOUNT:0.4580450894288733
C_PAWNMOVEMENT:0.5209663221221905
