ELO:859
CE_PASSEDPAWNS:0.5486936988542256
CE_PAWNWEAKNESSES:0.5155311525216901
CE_PIECEACTIVITY:0.4602211330717012
CE_KINGPAWNSHIELD:0.4883457108007929
CE_PIECECOORDINATION:0.5098290600850136
CE_MATERIAL:0.5107188820067832
CE_KINGSAFETY:0.49265745674606226
C_PIECESQUARETABLES:0.5009427800765257
C_MOBILITY:0.5048710836740823
C_KINGSAFETY:0.4885347230803824
C_PAWNSTRUCTURE:0.4668858879441203
C_PIECECOORDINATION:0.48898697980267414
C_ROOKANDPAWNMOVEMENT:0.48898697980267414
C_CENTERCONTROL:0.549687945125697
C_DEVELOPPIECES:0.5028802163570384
C_MATERIAL:0.5040289891530415
C_MOVECOUNT:0.5
