ELO:978
CE_PASSEDPAWNS:0.4880947505051469
CE_PAWNWEAKNESSES:0.48897561424979463
CE_PIECEACTIVITY:0.5
CE_KINGPAWNSHIELD:0.49730658974111147
CE_PIECECOORDINATION:0.5059160351680154
CE_MATERIAL:0.528356817429849
CE_KINGSAFETY:0.495981193579152
C_PIECESQUARETABLES:0.5198695009024445
C_MOBILITY:0.5030878985496495
C_KINGSAFETY:0.4985805638510388
C_PAWNSTRUCTURE:0.49896364204988586
C_PIECECOORDINATION:0.476609837104663
C_ROOKANDPAWNMOVEMENT:0.476609837104663
C_CENTERCONTROL:0.5
C_DEVELOPPIECES:0.49149840239338216
C_MATERIAL:0.48088315312077223
C_MOVECOUNT:0.49450064498305346
