ELO:942
CE_PASSEDPAWNS:0.5156369970073438
CE_PAWNWEAKNESSES:0.5127906342050245
CE_PIECEACTIVITY:0.4421186270111584
CE_KINGPAWNSHIELD:0.5128653600645721
CE_PIECECOORDINATION:0.4615314660983116
CE_MATERIAL:0.5020643091678343
CE_KINGSAFETY:0.5088761830586436
C_PIECESQUARETABLES:0.5
C_MOBILITY:0.48395539914815117
C_KINGSAFETY:0.5498913019142118
C_PAWNSTRUCTURE:0.49815080927017996
C_PIECECOORDINATION:0.4754767286088154
C_ROOK:0.48442871483373157
CE_ROOK:0.4986746299380829
C_CENTERCONTROL:0.5097359912980641
C_DEVELOPPIECES:0.48695582814755317
C_MATERIAL:0.5312247292121655
C_MOVECOUNT:0.4620167765425315
C_PAWNMOVEMENT:0.5324775791931811
