ELO:975
CE_PASSEDPAWNS:0.46635422635453877
CE_PAWNWEAKNESSES:0.4587841860892044
CE_PIECEACTIVITY:0.508069765873955
CE_KINGPAWNSHIELD:0.5588141694227656
CE_PIECECOORDINATION:0.5298050099824577
CE_MATERIAL:0.5327844933920141
CE_KINGSAFETY:0.5
C_PIECESQUARETABLES:0.491298231696523
C_MOBILITY:0.4628456420456354
C_KINGSAFETY:0.5188646263328107
C_PAWNSTRUCTURE:0.5014532062987227
C_PIECECOORDINATION:0.5142080152317101
C_ROOKANDPAWNMOVEMENT:0.5142080152317101
C_CENTERCONTROL:0.534604871935104
C_DEVELOPPIECES:0.5459635729210368
C_MATERIAL:0.4648867742374187
