ELO:1006
CE_PASSEDPAWNS:0.5
CE_PAWNWEAKNESSES:0.5001857553550787
CE_PIECEACTIVITY:0.5195563597021743
CE_KINGPAWNSHIELD:0.5231417193795945
CE_PIECECOORDINATION:0.48664335245159185
CE_MATERIAL:0.4996957266396662
CE_KINGSAFETY:0.5
C_PIECESQUARETABLES:0.5
C_MOBILITY:0.5108787543445213
C_KINGSAFETY:0.5428374402028009
C_PAWNSTRUCTURE:0.5000709597687572
C_PIECECOORDINATION:0.49741906873205954
C_ROOKANDPAWNMOVEMENT:0.49741906873205954
C_CENTERCONTROL:0.4991554456452198
C_DEVELOPPIECES:0.5077994280014249
C_MATERIAL:0.4999150774143201
C_MOVECOUNT:0.5233378026051638
