ELO:914
CE_PASSEDPAWNS:0.5049893348996434
CE_PAWNWEAKNESSES:0.6280897585540749
CE_PIECEACTIVITY:0.524321218664385
CE_KINGPAWNSHIELD:0.642292043582024
CE_PIECECOORDINATION:0.5019667408883945
CE_MATERIAL:0.5234573836008904
CE_KINGSAFETY:0.5032081394398907
C_PIECESQUARETABLES:0.48320113795977077
C_MOBILITY:0.4439714947644264
C_KINGSAFETY:0.5445934323306226
C_PAWNSTRUCTURE:0.5290571057184535
C_PIECECOORDINATION:0.4569892771598961
C_ROOKANDPAWNMOVEMENT:0.4569892771598961
C_CENTERCONTROL:0.5288980355892275
C_DEVELOPPIECES:0.43997611748959875
C_MATERIAL:0.4880693448408378
