ELO:1000
CE_PASSEDPAWNS:0.5122915370615748
CE_PAWNWEAKNESSES:0.47127747291001293
CE_PIECEACTIVITY:0.4979800869989043
CE_KINGPAWNSHIELD:0.5279452713943382
CE_PIECECOORDINATION:0.48115080071889205
CE_MATERIAL:0.5005262592873256
CE_KINGSAFETY:0.48212855735813026
C_PIECESQUARETABLES:0.5156980436343164
C_MOBILITY:0.4824630855955807
C_KINGSAFETY:0.48806478962650185
C_PAWNSTRUCTURE:0.4399405516966729
C_PIECECOORDINATION:0.5153248685414914
C_ROOKANDPAWNMOVEMENT:0.5153248685414914
C_CENTERCONTROL:0.49919748722257595
C_DEVELOPPIECES:0.5204190640415731
C_MATERIAL:0.4344153184436855
