ELO:1000
CE_PASSEDPAWNS:0.5
CE_PAWNWEAKNESSES:0.5
CE_PIECEACTIVITY:0.5
CE_KINGPAWNSHIELD:0.5
CE_PIECECOORDINATION:0.4905882404435996
CE_MATERIAL:0.511767916870525
CE_KINGSAFETY:0.4880665609530709
C_PIECESQUARETABLES:0.4987753366623418
C_MOBILITY:0.5
C_KINGSAFETY:0.5016263148530045
C_PAWNSTRUCTURE:0.5036422424707352
C_PIECECOORDINATION:0.51230567645642
C_ROOK:0.49927130449644685
CE_ROOK:0.5018129572674017
C_CENTERCONTROL:0.4995380049314017
C_DEVELOPPIECES:0.49476682137369243
C_MATERIAL:0.5
C_MOVECOUNT:0.5
C_PAWNMOVEMENT:0.4885604050652911
