ELO:889
CE_PASSEDPAWNS:0.5139958236776241
CE_PAWNWEAKNESSES:0.49626245918876605
CE_PIECEACTIVITY:0.4451603939870495
CE_KINGPAWNSHIELD:0.47098698242404946
CE_PIECECOORDINATION:0.4783413831666299
CE_MATERIAL:0.5209964023488759
CE_KINGSAFETY:0.5054369079305995
C_PIECESQUARETABLES:0.4867678219749617
C_MOBILITY:0.4692801402611186
C_KINGSAFETY:0.5478376998300994
C_PAWNSTRUCTURE:0.530261175709285
C_PIECECOORDINATION:0.4790168522490067
C_ROOK:0.48469995073143424
CE_ROOK:0.5228859697071837
C_CENTERCONTROL:0.5027262954106804
C_DEVELOPPIECES:0.482114114850925
C_MATERIAL:0.5061054365077318
C_MOVECOUNT:0.4451153935662516
C_PAWNMOVEMENT:0.529639815539977
