ELO:986
CE_PASSEDPAWNS:0.49753176387703213
CE_PAWNWEAKNESSES:0.490541306738278
CE_PIECEACTIVITY:0.4877679329757792
CE_KINGPAWNSHIELD:0.49205313700403913
CE_PIECECOORDINATION:0.5
CE_MATERIAL:0.49018084670892786
CE_KINGSAFETY:0.5003278029779035
C_PIECESQUARETABLES:0.5
C_MOBILITY:0.49084385269295533
C_KINGSAFETY:0.5
C_PAWNSTRUCTURE:0.5032443385513614
C_PIECECOORDINATION:0.5106892886851653
C_ROOKANDPAWNMOVEMENT:0.5106892886851653
C_CENTERCONTROL:0.5
C_DEVELOPPIECES:0.492236090744673
C_MATERIAL:0.49724451638542205
