ELO:1000
CE_PASSEDPAWNS:0.5011108157909748
CE_PAWNWEAKNESSES:0.4935199792121129
CE_PIECEACTIVITY:0.48976197782235986
CE_KINGPAWNSHIELD:0.48351509297481376
CE_PIECECOORDINATION:0.5091891383591405
CE_MATERIAL:0.5195218035654193
CE_KINGSAFETY:0.49771476203376674
C_PIECESQUARETABLES:0.5018553926725395
C_MOBILITY:0.4990641161168851
C_KINGSAFETY:0.4957613529160531
C_PAWNSTRUCTURE:0.48893032140215875
C_PIECECOORDINATION:0.4977499977254368
C_ROOKANDPAWNMOVEMENT:0.4977499977254368
C_CENTERCONTROL:0.5141648537233012
C_DEVELOPPIECES:0.48041447424209044
C_MATERIAL:0.4938805587740235
