ELO:925
CE_PASSEDPAWNS:0.4779272966397117
CE_PAWNWEAKNESSES:0.6140465466928045
CE_PIECEACTIVITY:0.5232331165606244
CE_KINGPAWNSHIELD:0.6311234246475813
CE_PIECECOORDINATION:0.4897924216944724
CE_MATERIAL:0.5205434495612461
CE_KINGSAFETY:0.5091856449734062
C_PIECESQUARETABLES:0.49200506987053383
C_MOBILITY:0.43032050830004887
C_KINGSAFETY:0.5502990132288084
C_PAWNSTRUCTURE:0.5208851370464035
C_PIECECOORDINATION:0.4583591468860721
C_ROOKANDPAWNMOVEMENT:0.4583591468860721
C_CENTERCONTROL:0.5341825077458802
C_DEVELOPPIECES:0.44442263151926975
C_MATERIAL:0.5037993141131124
