ELO:1004
CE_PASSEDPAWNS:0.4717764207383809
CE_PAWNWEAKNESSES:0.49496301382609315
CE_PIECEACTIVITY:0.5216246289158488
CE_KINGPAWNSHIELD:0.6247527156800258
CE_PIECECOORDINATION:0.5359614227329866
CE_MATERIAL:0.5007335077766367
CE_KINGSAFETY:0.4939486239471218
C_PIECESQUARETABLES:0.5195979056517569
C_MOBILITY:0.4572873945301588
C_KINGSAFETY:0.47975555591319896
C_PAWNSTRUCTURE:0.5234970323638803
C_PIECECOORDINATION:0.5005841412975197
C_ROOKANDPAWNMOVEMENT:0.5005841412975197
C_CENTERCONTROL:0.502929653918769
C_DEVELOPPIECES:0.48249242784819907
C_MATERIAL:0.4734049269879811
