ELO:897
CE_PASSEDPAWNS:0.5389965652008462
CE_PAWNWEAKNESSES:0.6612162355787913
CE_PIECEACTIVITY:0.5336350844709363
CE_KINGPAWNSHIELD:0.6348393249560427
CE_PIECECOORDINATION:0.4946036213383029
CE_MATERIAL:0.5064695240168576
CE_KINGSAFETY:0.47123608901185265
C_PIECESQUARETABLES:0.45804456411103756
C_MOBILITY:0.45700177760564
C_KINGSAFETY:0.5397556816640833
C_PAWNSTRUCTURE:0.495214328763634
C_PIECECOORDINATION:0.45911501175813996
C_ROOKANDPAWNMOVEMENT:0.45911501175813996
C_CENTERCONTROL:0.5090501746974743
C_DEVELOPPIECES:0.4164673594962532
C_MATERIAL:0.4938607866299847
