ELO:986
CE_PASSEDPAWNS:0.4875895733102376
CE_PAWNWEAKNESSES:0.4895799189820762
CE_PIECEACTIVITY:0.4960641123217066
CE_KINGPAWNSHIELD:0.47788882449650977
CE_PIECECOORDINATION:0.4948444492205709
CE_MATERIAL:0.4789435973802592
CE_KINGSAFETY:0.5045682109022454
C_PIECESQUARETABLES:0.5107016021732914
C_MOBILITY:0.4999762391618765
C_KINGSAFETY:0.4918965750504071
C_PAWNSTRUCTURE:0.5092302238121259
C_PIECECOORDINATION:0.5102720907096427
C_ROOKANDPAWNMOVEMENT:0.5102720907096427
C_CENTERCONTROL:0.5087304693381998
C_DEVELOPPIECES:0.4908144155354236
C_MATERIAL:0.5
C_MOVECOUNT:0.5042776774653293
