ELO:1000
CE_PASSEDPAWNS:0.5012697621222866
CE_PAWNWEAKNESSES:0.4724795003064614
CE_PIECEACTIVITY:0.5314107992441909
CE_KINGPAWNSHIELD:0.49903973887625913
CE_PIECECOORDINATION:0.5094989745136396
CE_MATERIAL:0.5053820354219373
CE_KINGSAFETY:0.5008245898667663
C_PIECESQUARETABLES:0.4655868786493892
C_MOBILITY:0.4724700345127759
C_KINGSAFETY:0.5101847751262427
C_PAWNSTRUCTURE:0.4828499377079199
C_PIECECOORDINATION:0.5026568306296006
C_ROOKANDPAWNMOVEMENT:0.5026568306296006
C_CENTERCONTROL:0.5359331084347204
C_DEVELOPPIECES:0.4416270010129093
C_MATERIAL:0.5098887988609551
