ELO:983
CE_PASSEDPAWNS:0.49261179930709503
CE_PAWNWEAKNESSES:0.5089677504347053
CE_PIECEACTIVITY:0.4693392714449049
CE_KINGPAWNSHIELD:0.5141085550003824
CE_PIECECOORDINATION:0.5036815105097244
CE_MATERIAL:0.49111671291147546
CE_KINGSAFETY:0.4712475092416452
C_PIECESQUARETABLES:0.5108929213579461
C_MOBILITY:0.45949406403243515
C_KINGSAFETY:0.5156943759060754
C_PAWNSTRUCTURE:0.5059643465567325
C_PIECECOORDINATION:0.49365742640251287
C_ROOKANDPAWNMOVEMENT:0.49365742640251287
C_CENTERCONTROL:0.49930802671033875
C_DEVELOPPIECES:0.4826387066549032
C_MATERIAL:0.49944860960294163
