ELO:1007
CE_PASSEDPAWNS:0.49401130510203756
CE_PAWNWEAKNESSES:0.40528030205463933
CE_PIECEACTIVITY:0.5461217497574483
CE_KINGPAWNSHIELD:0.49138622779521224
CE_PIECECOORDINATION:0.5138962178399454
CE_MATERIAL:0.396596065925367
CE_KINGSAFETY:0.5
C_PIECESQUARETABLES:0.5
C_MOBILITY:0.5765547724517667
C_KINGSAFETY:0.4598050911355462
C_PAWNSTRUCTURE:0.5268921990292897
C_PIECECOORDINATION:0.5447852188236804
C_ROOKANDPAWNMOVEMENT:0.5447852188236804
C_CENTERCONTROL:0.443989311188162
C_DEVELOPPIECES:0.49271680245207605
C_MATERIAL:0.5866536899795093
