ELO:877
CE_PASSEDPAWNS:0.4646579339259287
CE_PAWNWEAKNESSES:0.4644780566464513
CE_PIECEACTIVITY:0.4995837144561262
CE_KINGPAWNSHIELD:0.5628096483420836
CE_PIECECOORDINATION:0.5028849426942911
CE_MATERIAL:0.49535823774280735
CE_KINGSAFETY:0.5
C_PIECESQUARETABLES:0.5
C_MOBILITY:0.4988300746459919
C_KINGSAFETY:0.5584474014202582
C_PAWNSTRUCTURE:0.5251450179093355
C_PIECECOORDINATION:0.5124531786913318
C_ROOKANDPAWNMOVEMENT:0.5124531786913318
C_CENTERCONTROL:0.5423914947877003
C_DEVELOPPIECES:0.49982562540799813
C_MATERIAL:0.4586043215833094
C_MOVECOUNT:0.5
