ELO:1004
CE_PASSEDPAWNS:0.4771139270929803
CE_PAWNWEAKNESSES:0.500557390278776
CE_PIECEACTIVITY:0.5089820439532758
CE_KINGPAWNSHIELD:0.6139772749792933
CE_PIECECOORDINATION:0.5380787141541344
CE_MATERIAL:0.49791555871562676
CE_KINGSAFETY:0.5442872558463429
C_PIECESQUARETABLES:0.5378590331236826
C_MOBILITY:0.46302837628578036
C_KINGSAFETY:0.49053086976974425
C_PAWNSTRUCTURE:0.5076952797086531
C_PIECECOORDINATION:0.5035115192641506
C_ROOKANDPAWNMOVEMENT:0.5035115192641506
C_CENTERCONTROL:0.501986021497382
C_DEVELOPPIECES:0.4462416185756377
C_MATERIAL:0.4947749495727471
