ELO:925
CE_PASSEDPAWNS:0.48602140066368815
CE_PAWNWEAKNESSES:0.49823248572903567
CE_PIECEACTIVITY:0.5309746171436114
CE_KINGPAWNSHIELD:0.45744435013890045
CE_PIECECOORDINATION:0.4971931556700441
CE_MATERIAL:0.5438119782970425
CE_KINGSAFETY:0.5799341162601518
C_PIECESQUARETABLES:0.5
C_MOBILITY:0.4808889521956203
C_KINGSAFETY:0.6182887098607327
C_PAWNSTRUCTURE:0.484513515856363
C_PIECECOORDINATION:0.45949267628865725
C_ROOKANDPAWNMOVEMENT:0.45949267628865725
C_CENTERCONTROL:0.40737265873548006
C_DEVELOPPIECES:0.4996641255213233
C_MATERIAL:0.5309388772442225
C_MOVECOUNT:0.5
