ELO:1009
CE_PASSEDPAWNS:0.48956526602910716
CE_PAWNWEAKNESSES:0.5
CE_PIECEACTIVITY:0.4769369798295863
CE_KINGPAWNSHIELD:0.5053153281787779
CE_PIECECOORDINATION:0.4905882404435996
CE_MATERIAL:0.49193688995978857
CE_KINGSAFETY:0.5
C_PIECESQUARETABLES:0.5
C_MOBILITY:0.49908787838193697
C_KINGSAFETY:0.5103358208847767
C_PAWNSTRUCTURE:0.47570168280691855
C_PIECECOORDINATION:0.5005433196688082
C_ROOK:0.48949509088385235
CE_ROOK:0.5018129572674017
C_CENTERCONTROL:0.5098837144028519
C_DEVELOPPIECES:0.48024458304892975
C_MATERIAL:0.511730711780985
C_MOVECOUNT:0.46536836008756516
C_PAWNMOVEMENT:0.5007576285731691
