ELO:812
CE_PASSEDPAWNS:0.46254912129289594
CE_PAWNWEAKNESSES:0.5017752319025626
CE_PIECEACTIVITY:0.5374054580186884
CE_KINGPAWNSHIELD:0.4456916125823681
CE_PIECECOORDINATION:0.4688980483255544
CE_MATERIAL:0.3923562000326676
CE_KINGSAFETY:0.5861359719864025
C_PIECESQUARETABLES:0.5391712436213126
C_MOBILITY:0.39850104781149587
C_KINGSAFETY:0.4854827181576376
C_PAWNSTRUCTURE:0.49195730852304737
C_PIECECOORDINATION:0.4815864791802576
C_ROOKANDPAWNMOVEMENT:0.4815864791802576
C_CENTERCONTROL:0.5667345066130517
C_DEVELOPPIECES:0.4825812979198281
C_MATERIAL:0.500120189500241
C_MOVECOUNT:0.4157561444180627
