ELO:941
CE_PASSEDPAWNS:0.4761604126102728
CE_PAWNWEAKNESSES:0.4647714230195191
CE_PIECEACTIVITY:0.4909838143970239
CE_KINGPAWNSHIELD:0.5014867526522431
CE_PIECECOORDINATION:0.5710522006763298
CE_MATERIAL:0.5395187767514346
CE_KINGSAFETY:0.5274336812624113
C_PIECESQUARETABLES:0.47725164188560854
C_MOBILITY:0.4860104565428158
C_KINGSAFETY:0.5010357352575003
C_PAWNSTRUCTURE:0.5034928409624108
C_PIECECOORDINATION:0.5313913328756497
C_ROOKANDPAWNMOVEMENT:0.5313913328756497
C_CENTERCONTROL:0.5292151219134428
C_DEVELOPPIECES:0.5220034587184561
C_MATERIAL:0.46344338272300384
