ELO:956
CE_PASSEDPAWNS:0.4791578977817562
CE_PAWNWEAKNESSES:0.5178009280850816
CE_PIECEACTIVITY:0.46311224239470217
CE_KINGPAWNSHIELD:0.5059484523729285
CE_PIECECOORDINATION:0.49819689065293066
CE_MATERIAL:0.4850813174663252
CE_KINGSAFETY:0.44611520876382443
C_PIECESQUARETABLES:0.5306167667888461
C_MOBILITY:0.47475012419450846
C_KINGSAFETY:0.5067492183509401
C_PAWNSTRUCTURE:0.47914314301809313
C_PIECECOORDINATION:0.4889639305066061
C_ROOKANDPAWNMOVEMENT:0.4889639305066061
C_CENTERCONTROL:0.4931794525809117
C_DEVELOPPIECES:0.5085761287715004
C_MATERIAL:0.4900266693481703
