ELO:970
CE_PASSEDPAWNS:0.5012663420335851
CE_PAWNWEAKNESSES:0.5096577570426472
CE_PIECEACTIVITY:0.43604026521977857
CE_KINGPAWNSHIELD:0.5197642785251333
CE_PIECECOORDINATION:0.4727170009273643
CE_MATERIAL:0.4863460476797453
CE_KINGSAFETY:0.5
C_PIECESQUARETABLES:0.4952323920265064
C_MOBILITY:0.5068957864425386
C_KINGSAFETY:0.5456629952004649
C_PAWNSTRUCTURE:0.48980655768268294
C_PIECECOORDINATION:0.48463529188325377
C_ROOK:0.481524646528935
CE_ROOK:0.49565526880060223
C_CENTERCONTROL:0.5103220579964176
C_DEVELOPPIECES:0.4827911715855333
C_MATERIAL:0.5327405086261663
C_MOVECOUNT:0.46285357617414974
C_PAWNMOVEMENT:0.5271115721213651
