ELO:920
CE_PASSEDPAWNS:0.49209323817542744
CE_PAWNWEAKNESSES:0.5048955438261592
CE_PIECEACTIVITY:0.5234946734838622
CE_KINGPAWNSHIELD:0.5393651581430925
CE_PIECECOORDINATION:0.48934780908426617
CE_MATERIAL:0.5321092961583382
CE_KINGSAFETY:0.5127258965524238
C_PIECESQUARETABLES:0.5034315290907783
C_MOBILITY:0.5123333378162194
C_KINGSAFETY:0.5256168036905776
C_PAWNSTRUCTURE:0.5028033095529838
C_PIECECOORDINATION:0.5053277234971502
C_ROOK:0.5014563377638864
CE_ROOK:0.48419679036783114
C_CENTERCONTROL:0.5005893923105322
C_DEVELOPPIECES:0.5297173079100266
C_MATERIAL:0.5017451403562959
C_MOVECOUNT:0.5072313272280602
C_PAWNMOVEMENT:0.5359960913784195
