ELO:988
CE_PASSEDPAWNS:0.5037537646743024
CE_PAWNWEAKNESSES:0.5
CE_PIECEACTIVITY:0.49995363588594977
CE_KINGPAWNSHIELD:0.4990152525810501
CE_PIECECOORDINATION:0.5045808737526183
CE_MATERIAL:0.5000681605711824
CE_KINGSAFETY:0.5
C_PIECESQUARETABLES:0.5
C_MOBILITY:0.49230568759344917
C_KINGSAFETY:0.4939981419210036
C_PAWNSTRUCTURE:0.5032262000495097
C_PIECECOORDINATION:0.5056532366019062
C_ROOKANDPAWNMOVEMENT:0.5056532366019062
C_CENTERCONTROL:0.515239290890045
C_DEVELOPPIECES:0.48852401324369304
C_MATERIAL:0.4946708221924562
C_MOVECOUNT:0.5060223829578342
