ELO:933
CE_PASSEDPAWNS:0.4858005049685394
CE_PAWNWEAKNESSES:0.4766805583158795
CE_PIECEACTIVITY:0.5069377983950017
CE_KINGPAWNSHIELD:0.4600344875771165
CE_PIECECOORDINATION:0.4948052646844194
CE_MATERIAL:0.5096153033825208
CE_KINGSAFETY:0.5014778142437364
C_PIECESQUARETABLES:0.496455956765803
C_MOBILITY:0.46563035841786543
C_KINGSAFETY:0.47636896221452696
C_PAWNSTRUCTURE:0.4878540895086374
C_PIECECOORDINATION:0.486488932925112
C_ROOKANDPAWNMOVEMENT:0.486488932925112
C_CENTERCONTROL:0.5144124732625771
C_DEVELOPPIECES:0.5
C_MATERIAL:0.4960141244978077
C_MOVECOUNT:0.4889066159307945
