ELO:789
CE_PASSEDPAWNS:0.51286382240879
CE_PAWNWEAKNESSES:0.4702752995203047
CE_PIECEACTIVITY:0.47434842975421226
CE_KINGPAWNSHIELD:0.4894876045432534
CE_PIECECOORDINATION:0.49446363490975603
CE_MATERIAL:0.4908375580845918
CE_KINGSAFETY:0.48987222609499975
C_PIECESQUARETABLES:0.5156134706285294
C_MOBILITY:0.5619998383078962
C_KINGSAFETY:0.47909690694527574
C_PAWNSTRUCTURE:0.4615294597281201
C_PIECECOORDINATION:0.6190041713911169
C_ROOKANDPAWNMOVEMENT:0.6190041713911169
C_CENTERCONTROL:0.49738622376689745
C_DEVELOPPIECES:0.479799842089922
C_MATERIAL:0.4449523865775986
C_MOVECOUNT:0.5
