ELO:842
CE_PASSEDPAWNS:0.4787010675406823
CE_PAWNWEAKNESSES:0.5706855653206849
CE_PIECEACTIVITY:0.3964623852947278
CE_KINGPAWNSHIELD:0.41303360315477894
CE_PIECECOORDINATION:0.5235178930327306
CE_MATERIAL:0.5277326886171362
CE_KINGSAFETY:0.485806257937051
C_PIECESQUARETABLES:0.5295421103668463
C_MOBILITY:0.4599559977842909
C_KINGSAFETY:0.388281742966752
C_PAWNSTRUCTURE:0.5084621786939638
C_PIECECOORDINATION:0.5400717563365751
C_ROOKANDPAWNMOVEMENT:0.5400717563365751
C_CENTERCONTROL:0.47548407416413035
C_DEVELOPPIECES:0.4440132495028116
C_MATERIAL:0.42420049600134485
