ELO:1129
CE_PASSEDPAWNS:0.405484255145064
CE_PAWNWEAKNESSES:0.5203184438790958
CE_PIECEACTIVITY:0.43844923946753683
CE_KINGPAWNSHIELD:0.46457514495981544
CE_PIECECOORDINATION:0.5266964941375797
CE_MATERIAL:0.49159087814525143
CE_KINGSAFETY:0.5
C_PIECESQUARETABLES:0.5
C_MOBILITY:0.3960018217790863
C_KINGSAFETY:0.37980997626220936
C_PAWNSTRUCTURE:0.5265436601396568
C_PIECECOORDINATION:0.5447852188236804
C_ROOKANDPAWNMOVEMENT:0.5447852188236804
C_CENTERCONTROL:0.5367343276119302
C_DEVELOPPIECES:0.5659557585650148
C_MATERIAL:0.6480765086317845
