ELO:988
CE_PASSEDPAWNS:0.5231770440007963
CE_PAWNWEAKNESSES:0.5557452532538899
CE_PIECEACTIVITY:0.5204836863865644
CE_KINGPAWNSHIELD:0.465781535557176
CE_PIECECOORDINATION:0.5596212806240942
CE_MATERIAL:0.562317376963309
CE_KINGSAFETY:0.5
C_PIECESQUARETABLES:0.5
C_MOBILITY:0.5215978225331698
C_KINGSAFETY:0.5252171715570149
C_PAWNSTRUCTURE:0.5
C_PIECECOORDINATION:0.48422896979280705
C_ROOKANDPAWNMOVEMENT:0.48422896979280705
C_CENTERCONTROL:0.43744573359951083
C_DEVELOPPIECES:0.4634175958668163
C_MATERIAL:0.5159713924265926
C_MOVECOUNT:0.5
