ELO:964
CE_PASSEDPAWNS:0.4942528623741039
CE_PAWNWEAKNESSES:0.49214120914383563
CE_PIECEACTIVITY:0.5098812774939059
CE_KINGPAWNSHIELD:0.4834443630573314
CE_PIECECOORDINATION:0.4989773598925569
CE_MATERIAL:0.4981879572219111
CE_KINGSAFETY:0.49315206707159387
C_PIECESQUARETABLES:0.5
C_MOBILITY:0.507943817906174
C_KINGSAFETY:0.4986991721600864
C_PAWNSTRUCTURE:0.4823198601891197
C_PIECECOORDINATION:0.4738905461753741
C_ROOKANDPAWNMOVEMENT:0.4738905461753741
C_CENTERCONTROL:0.5115698338120377
C_DEVELOPPIECES:0.48944283453577037
C_MATERIAL:0.505932861028808
C_MOVECOUNT:0.5013412234682284
