ELO:978
CE_PASSEDPAWNS:0.4890061134484314
CE_PAWNWEAKNESSES:0.4860842784422737
CE_PIECEACTIVITY:0.5035684858818766
CE_KINGPAWNSHIELD:0.49532825216966814
CE_PIECECOORDINATION:0.4911454315367116
CE_MATERIAL:0.5072419896428001
CE_KINGSAFETY:0.5071258258037441
C_PIECESQUARETABLES:0.5
C_MOBILITY:0.5091683661874958
C_KINGSAFETY:0.5
C_PAWNSTRUCTURE:0.5
C_PIECECOORDINATION:0.49803236086575725
C_ROOKANDPAWNMOVEMENT:0.49803236086575725
C_CENTERCONTROL:0.4866334125553828
C_DEVELOPPIECES:0.4947888966397184
C_MATERIAL:0.5103586157394064
C_MOVECOUNT:0.5
