ELO:1261
CE_PASSEDPAWNS:0.4015345199837102
CE_PAWNWEAKNESSES:0.45753908675987287
CE_PIECEACTIVITY:0.4336294063280298
CE_KINGPAWNSHIELD:0.37295618858058843
CE_PIECECOORDINATION:0.5228665876218258
CE_MATERIAL:0.4818623963373173
CE_KINGSAFETY:0.5
C_PIECESQUARETABLES:0.5
C_MOBILITY:0.3976216888052514
C_KINGSAFETY:0.3960437240447382
C_PAWNSTRUCTURE:0.5461055495356145
C_PIECECOORDINATION:0.5757978186162018
C_ROOKANDPAWNMOVEMENT:0.5757978186162018
C_CENTERCONTROL:0.5141888635703844
C_DEVELOPPIECES:0.4593697475404217
C_MATERIAL:0.6285834285287608
