ELO:1004
CE_PASSEDPAWNS:0.5
CE_PAWNWEAKNESSES:0.48833014587079315
CE_PIECEACTIVITY:0.5
CE_KINGPAWNSHIELD:0.504035570680729
CE_PIECECOORDINATION:0.5056803076159943
CE_MATERIAL:0.5016779640562258
CE_KINGSAFETY:0.5119748021768695
C_PIECESQUARETABLES:0.5
C_MOBILITY:0.5
C_KINGSAFETY:0.49605629641542076
C_PAWNSTRUCTURE:0.5
C_PIECECOORDINATION:0.5
C_ROOKANDPAWNMOVEMENT:0.5
C_CENTERCONTROL:0.5018443805813212
C_DEVELOPPIECES:0.5
C_MATERIAL:0.503629910601707
C_MOVECOUNT:0.5004658166321272
