ELO:961
CE_PASSEDPAWNS:0.5001963217934352
CE_PAWNWEAKNESSES:0.5089393094808237
CE_PIECEACTIVITY:0.5039043115495921
CE_KINGPAWNSHIELD:0.5239579402703334
CE_PIECECOORDINATION:0.49461063376140363
CE_MATERIAL:0.51358486125374
CE_KINGSAFETY:0.4975991354573564
C_PIECESQUARETABLES:0.529745201041663
C_MOBILITY:0.5046425103556998
C_KINGSAFETY:0.5004980570433588
C_PAWNSTRUCTURE:0.5095165499197449
C_PIECECOORDINATION:0.49014823707140504
C_ROOKANDPAWNMOVEMENT:0.49014823707140504
C_CENTERCONTROL:0.4991723923752026
C_DEVELOPPIECES:0.49669277646267096
C_MATERIAL:0.5036387772506481
