ELO:1017
CE_PASSEDPAWNS:0.5
CE_PAWNWEAKNESSES:0.510948607562347
CE_PIECEACTIVITY:0.5061678211637165
CE_KINGPAWNSHIELD:0.4851547861617948
CE_PIECECOORDINATION:0.5
CE_MATERIAL:0.4938144320304941
CE_KINGSAFETY:0.5
C_PIECESQUARETABLES:0.5
C_MOBILITY:0.491191987159196
C_KINGSAFETY:0.5144133679387982
C_PAWNSTRUCTURE:0.5048577938894521
C_PIECECOORDINATION:0.5111824093189278
C_ROOK:0.489354156870857
CE_ROOK:0.5107487211414243
C_CENTERCONTROL:0.5
C_DEVELOPPIECES:0.5040691033502154
C_MATERIAL:0.4910421538075635
C_MOVECOUNT:0.5
C_PAWNMOVEMENT:0.5236806383329404
