ELO:1017
CE_PASSEDPAWNS:0.4782439222271057
CE_PAWNWEAKNESSES:0.4289032182761711
CE_PIECEACTIVITY:0.40238200111158556
CE_KINGPAWNSHIELD:0.42467045142781573
CE_PIECECOORDINATION:0.4447853819475618
CE_MATERIAL:0.5245713840008366
CE_KINGSAFETY:0.4910435849229274
C_PIECESQUARETABLES:0.5124009794022107
C_MOBILITY:0.3898597073285458
C_KINGSAFETY:0.5345195155596468
C_PAWNSTRUCTURE:0.5165002358008741
C_PIECECOORDINATION:0.4521186795149101
C_ROOKANDPAWNMOVEMENT:0.4521186795149101
C_CENTERCONTROL:0.443765165372254
C_DEVELOPPIECES:0.45116178612032803
C_MATERIAL:0.6387171984980823
