ELO:1274
CE_PASSEDPAWNS:0.4476416470436395
CE_PAWNWEAKNESSES:0.5117030443247212
CE_PIECEACTIVITY:0.44631838776408517
CE_KINGPAWNSHIELD:0.4019001517373595
CE_PIECECOORDINATION:0.5243871740157307
CE_MATERIAL:0.35825092053010643
CE_KINGSAFETY:0.5
C_PIECESQUARETABLES:0.5154460821519253
C_MOBILITY:0.453954316499357
C_KINGSAFETY:0.35557480878985126
C_PAWNSTRUCTURE:0.6422891328495314
C_PIECECOORDINATION:0.5774318079240505
C_ROOKANDPAWNMOVEMENT:0.5774318079240505
C_CENTERCONTROL:0.5250617028753457
C_DEVELOPPIECES:0.45363199793504844
C_MATERIAL:0.6243603211084038
