ELO:884
CE_PASSEDPAWNS:0.5655585847569402
CE_PAWNWEAKNESSES:0.34110357357544163
CE_PIECEACTIVITY:0.6006338341568868
CE_KINGPAWNSHIELD:0.4635830698540449
CE_PIECECOORDINATION:0.35246746246097876
CE_MATERIAL:0.4397089407858414
CE_KINGSAFETY:0.5047063075940134
C_PIECESQUARETABLES:0.5078201082132924
C_MOBILITY:0.4268537045238249
C_KINGSAFETY:0.39102007800108446
C_PAWNSTRUCTURE:0.4260778222788773
C_PIECECOORDINATION:0.4491199899366617
C_ROOKANDPAWNMOVEMENT:0.4491199899366617
C_CENTERCONTROL:0.5260010295101702
C_DEVELOPPIECES:0.40162739294367444
C_MATERIAL:0.41492955604474496
