ELO:985
CE_PASSEDPAWNS:0.5103732673306413
CE_PAWNWEAKNESSES:0.48980452886477255
CE_PIECEACTIVITY:0.4869079420425813
CE_KINGPAWNSHIELD:0.5106778068944751
CE_PIECECOORDINATION:0.5330292707230271
CE_MATERIAL:0.5113268074886459
CE_KINGSAFETY:0.5
C_PIECESQUARETABLES:0.5
C_MOBILITY:0.4947157515746167
C_KINGSAFETY:0.5266958467722223
C_PAWNSTRUCTURE:0.5223063244860757
C_PIECECOORDINATION:0.48439582311866247
C_ROOK:0.47941427590146174
CE_ROOK:0.4788438337428083
C_CENTERCONTROL:0.48298417479182476
C_DEVELOPPIECES:0.4848943518283027
C_MATERIAL:0.45184424152703795
C_MOVECOUNT:0.5485830532492629
C_PAWNMOVEMENT:0.5547513576792956
