ELO:997
CE_PASSEDPAWNS:0.5126328202423559
CE_PAWNWEAKNESSES:0.4437804029668917
CE_PIECEACTIVITY:0.4834215129880338
CE_KINGPAWNSHIELD:0.4571732222501304
CE_PIECECOORDINATION:0.49876058134191564
CE_MATERIAL:0.5574251047161932
CE_KINGSAFETY:0.5068016896533608
C_PIECESQUARETABLES:0.4895426219677989
C_MOBILITY:0.46247103810434725
C_KINGSAFETY:0.5257564841465824
C_PAWNSTRUCTURE:0.5716770393899823
C_PIECECOORDINATION:0.512971315122898
C_ROOKANDPAWNMOVEMENT:0.512971315122898
C_CENTERCONTROL:0.5490443506776528
C_DEVELOPPIECES:0.4328825655221217
C_MATERIAL:0.4693747743445371
