ELO:1051
CE_PASSEDPAWNS:0.4948357643847652
CE_PAWNWEAKNESSES:0.4951745637076463
CE_PIECEACTIVITY:0.5180690068294841
CE_KINGPAWNSHIELD:0.4934832073901321
CE_PIECECOORDINATION:0.49067908115444525
CE_MATERIAL:0.49873528204923373
CE_KINGSAFETY:0.5
C_PIECESQUARETABLES:0.5
C_MOBILITY:0.49505961881672944
C_KINGSAFETY:0.4957159129901899
C_PAWNSTRUCTURE:0.49872624054051096
C_PIECECOORDINATION:0.5146752819947217
C_ROOK:0.4925649765274797
CE_ROOK:0.4992885448329656
C_CENTERCONTROL:0.5016333940623856
C_DEVELOPPIECES:0.4961452687840419
C_MATERIAL:0.4995791646442188
C_MOVECOUNT:0.5083426054011211
C_PAWNMOVEMENT:0.48514905918960954
