ELO:997
CE_PASSEDPAWNS:0.4782439222271057
CE_PAWNWEAKNESSES:0.4289032182761711
CE_PIECEACTIVITY:0.42582756652460996
CE_KINGPAWNSHIELD:0.42467045142781573
CE_PIECECOORDINATION:0.44657652420232147
CE_MATERIAL:0.5308891524353931
CE_KINGSAFETY:0.4902026517591412
C_PIECESQUARETABLES:0.4998876381400921
C_MOBILITY:0.39036704105637354
C_KINGSAFETY:0.5320792627349599
C_PAWNSTRUCTURE:0.5157467430856243
C_PIECECOORDINATION:0.43920238091594854
C_ROOKANDPAWNMOVEMENT:0.43920238091594854
C_CENTERCONTROL:0.4542372576105411
C_DEVELOPPIECES:0.4677188607499247
C_MATERIAL:0.6280083824594114
