ELO:1008
CE_PASSEDPAWNS:0.49518063601007006
CE_PAWNWEAKNESSES:0.507200827146412
CE_PIECEACTIVITY:0.49803176931619997
CE_KINGPAWNSHIELD:0.5
CE_PIECECOORDINATION:0.5
CE_MATERIAL:0.5029623148047692
CE_KINGSAFETY:0.5
C_PIECESQUARETABLES:0.5
C_MOBILITY:0.5
C_KINGSAFETY:0.48286781859317374
C_PAWNSTRUCTURE:0.5105114688474576
C_PIECECOORDINATION:0.49587936980344083
C_ROOKANDPAWNMOVEMENT:0.49587936980344083
C_CENTERCONTROL:0.5071913708958968
C_DEVELOPPIECES:0.5216595842338235
C_MATERIAL:0.4912765378276028
C_MOVECOUNT:0.5
