ELO:988
CE_PASSEDPAWNS:0.5131823677625268
CE_PAWNWEAKNESSES:0.4985527432636916
CE_PIECEACTIVITY:0.4683067415203498
CE_KINGPAWNSHIELD:0.5
CE_PIECECOORDINATION:0.508432463828009
CE_MATERIAL:0.4814544752779676
CE_KINGSAFETY:0.5
C_PIECESQUARETABLES:0.5
C_MOBILITY:0.5061937079313069
C_KINGSAFETY:0.5070181181011658
C_PAWNSTRUCTURE:0.5042427799827693
C_PIECECOORDINATION:0.48840609124720336
C_ROOKANDPAWNMOVEMENT:0.48840609124720336
C_CENTERCONTROL:0.5079732468778578
C_DEVELOPPIECES:0.500333684732236
C_MATERIAL:0.4921459191225181
C_MOVECOUNT:0.5
