ELO:952
CE_PASSEDPAWNS:0.5053787693493742
CE_PAWNWEAKNESSES:0.49214120914383563
CE_PIECEACTIVITY:0.5012553209102669
CE_KINGPAWNSHIELD:0.4879291895389087
CE_PIECECOORDINATION:0.5138460824230365
CE_MATERIAL:0.4981879572219111
CE_KINGSAFETY:0.498812993897437
C_PIECESQUARETABLES:0.5
C_MOBILITY:0.507943817906174
C_KINGSAFETY:0.4986991721600864
C_PAWNSTRUCTURE:0.4846137101998944
C_PIECECOORDINATION:0.4886583306910922
C_ROOKANDPAWNMOVEMENT:0.4886583306910922
C_CENTERCONTROL:0.5115698338120377
C_DEVELOPPIECES:0.4912850402442029
C_MATERIAL:0.5095896700924124
C_MOVECOUNT:0.5013412234682284
