ELO:1261
CE_PASSEDPAWNS:0.414768507815632
CE_PAWNWEAKNESSES:0.45753908675987287
CE_PIECEACTIVITY:0.4318476424852504
CE_KINGPAWNSHIELD:0.4628065437446107
CE_PIECECOORDINATION:0.5228665876218258
CE_MATERIAL:0.35943910720682276
CE_KINGSAFETY:0.5
C_PIECESQUARETABLES:0.5
C_MOBILITY:0.3528883718889461
C_KINGSAFETY:0.36910277290662097
C_PAWNSTRUCTURE:0.6059616060781821
C_PIECECOORDINATION:0.5703658203001278
C_ROOKANDPAWNMOVEMENT:0.5703658203001278
C_CENTERCONTROL:0.5141888635703844
C_DEVELOPPIECES:0.5528173797779841
C_MATERIAL:0.622840321325036
