ELO:1012
CE_PASSEDPAWNS:0.5001627123762505
CE_PAWNWEAKNESSES:0.4814907870789716
CE_PIECEACTIVITY:0.5012593221806272
CE_KINGPAWNSHIELD:0.4963099288799084
CE_PIECECOORDINATION:0.5097066680735108
CE_MATERIAL:0.5182042103753748
CE_KINGSAFETY:0.5
C_PIECESQUARETABLES:0.5
C_MOBILITY:0.47615720180078913
C_KINGSAFETY:0.43682526189989257
C_PAWNSTRUCTURE:0.4939354896132795
C_PIECECOORDINATION:0.5116698693111267
C_ROOK:0.48972282289415386
CE_ROOK:0.5166990486561499
C_CENTERCONTROL:0.5365423263588198
C_DEVELOPPIECES:0.4847586220875942
C_MATERIAL:0.5082397144231021
C_MOVECOUNT:0.5010024275466542
C_PAWNMOVEMENT:0.501825826357947
