ELO:957
CE_PASSEDPAWNS:0.4982030202560988
CE_PAWNWEAKNESSES:0.5244725226061783
CE_PIECEACTIVITY:0.4791765687718441
CE_KINGPAWNSHIELD:0.5438506239585716
CE_PIECECOORDINATION:0.559520437497361
CE_MATERIAL:0.49122965898728216
CE_KINGSAFETY:0.5268731255550733
C_PIECESQUARETABLES:0.5280763502729428
C_MOBILITY:0.49770359358301886
C_KINGSAFETY:0.5410902261379371
C_PAWNSTRUCTURE:0.5092240599768963
C_PIECECOORDINATION:0.5443261295221087
C_ROOKANDPAWNMOVEMENT:0.5443261295221087
C_CENTERCONTROL:0.49446297731309913
C_DEVELOPPIECES:0.5302793193993912
C_MATERIAL:0.5583592245085426
