ELO:805
CE_PASSEDPAWNS:0.5165635943447837
CE_PAWNWEAKNESSES:0.477227632412945
CE_PIECEACTIVITY:0.46955339239677873
CE_KINGPAWNSHIELD:0.48707385397675756
CE_PIECECOORDINATION:0.5089894336017758
CE_MATERIAL:0.464335065388915
CE_KINGSAFETY:0.5045587733985838
C_PIECESQUARETABLES:0.5075203449225113
C_MOBILITY:0.5453788835296333
C_KINGSAFETY:0.4593586452885984
C_PAWNSTRUCTURE:0.45249011093931396
C_PIECECOORDINATION:0.6339210520738924
C_ROOKANDPAWNMOVEMENT:0.6339210520738924
C_CENTERCONTROL:0.49738622376689745
C_DEVELOPPIECES:0.49362621251634303
C_MATERIAL:0.467205574716304
C_MOVECOUNT:0.5
