ELO:1014
CE_PASSEDPAWNS:0.4897576265537747
CE_PAWNWEAKNESSES:0.5257918337975694
CE_PIECEACTIVITY:0.5061678211637165
CE_KINGPAWNSHIELD:0.4909310683150645
CE_PIECECOORDINATION:0.5035989858122678
CE_MATERIAL:0.5132863014861472
CE_KINGSAFETY:0.5053813197824502
C_PIECESQUARETABLES:0.5
C_MOBILITY:0.4958575839663233
C_KINGSAFETY:0.49611494117793764
C_PAWNSTRUCTURE:0.5035991788885813
C_PIECECOORDINATION:0.5111824093189278
C_ROOK:0.489354156870857
CE_ROOK:0.5032317218143227
C_CENTERCONTROL:0.5
C_DEVELOPPIECES:0.5014852847581153
C_MATERIAL:0.4893926640072716
C_MOVECOUNT:0.5
C_PAWNMOVEMENT:0.5217328143537251
