ELO:1055
CE_PASSEDPAWNS:0.4782439222271057
CE_PAWNWEAKNESSES:0.46625261036440724
CE_PIECEACTIVITY:0.42931222046788853
CE_KINGPAWNSHIELD:0.4019001517373595
CE_PIECECOORDINATION:0.4873020158659769
CE_MATERIAL:0.38609071767747405
CE_KINGSAFETY:0.5
C_PIECESQUARETABLES:0.5
C_MOBILITY:0.3528883718889461
C_KINGSAFETY:0.38873024124434524
C_PAWNSTRUCTURE:0.4765831040074254
C_PIECECOORDINATION:0.5703658203001278
C_ROOKANDPAWNMOVEMENT:0.5703658203001278
C_CENTERCONTROL:0.4770636599416912
C_DEVELOPPIECES:0.5659090897749514
C_MATERIAL:0.4867135906972538
