ELO:998
CE_PASSEDPAWNS:0.48245101445970706
CE_PAWNWEAKNESSES:0.501462727666726
CE_PIECEACTIVITY:0.5
CE_KINGPAWNSHIELD:0.5
CE_PIECECOORDINATION:0.49029501441610857
CE_MATERIAL:0.47427458700943026
CE_KINGSAFETY:0.4868984882417231
C_PIECESQUARETABLES:0.49503901763512576
C_MOBILITY:0.49173786066817526
C_KINGSAFETY:0.5098572494377253
C_PAWNSTRUCTURE:0.5100569226917794
C_PIECECOORDINATION:0.49943213389028157
C_ROOKANDPAWNMOVEMENT:0.49943213389028157
C_CENTERCONTROL:0.5
C_DEVELOPPIECES:0.5205747657003181
C_MATERIAL:0.5126500943105304
C_MOVECOUNT:0.4942506590887826
