ELO:841
CE_PASSEDPAWNS:0.527608649959185
CE_PAWNWEAKNESSES:0.5077762387832798
CE_PIECEACTIVITY:0.48225942172055997
CE_KINGPAWNSHIELD:0.48516067017393755
CE_PIECECOORDINATION:0.5011654993239355
CE_MATERIAL:0.47927666666096924
CE_KINGSAFETY:0.4839372614393199
C_PIECESQUARETABLES:0.4785506089825309
C_MOBILITY:0.5378643778273126
C_KINGSAFETY:0.4742468399184223
C_PAWNSTRUCTURE:0.47489966176704257
C_PIECECOORDINATION:0.6446587920794961
C_ROOKANDPAWNMOVEMENT:0.6446587920794961
C_CENTERCONTROL:0.505277574117501
C_DEVELOPPIECES:0.5040241862221752
C_MATERIAL:0.47953373467280186
C_MOVECOUNT:0.5
