ELO:997
CE_PASSEDPAWNS:0.4574139111265993
CE_PAWNWEAKNESSES:0.475843219734477
CE_PIECEACTIVITY:0.49146354939351844
CE_KINGPAWNSHIELD:0.5157189354468834
CE_PIECECOORDINATION:0.478846138696751
CE_MATERIAL:0.5
CE_KINGSAFETY:0.5
C_PIECESQUARETABLES:0.4844118716355408
C_MOBILITY:0.4278827248727847
C_KINGSAFETY:0.4975648031187291
C_PAWNSTRUCTURE:0.5232874588095847
C_PIECECOORDINATION:0.5185831459827874
C_ROOKANDPAWNMOVEMENT:0.5185831459827874
C_CENTERCONTROL:0.5038952010367849
C_DEVELOPPIECES:0.5196881175414929
C_MATERIAL:0.45744823192635764
C_MOVECOUNT:0.5
