ELO:977
CE_PASSEDPAWNS:0.5556828437272541
CE_PAWNWEAKNESSES:0.548098542634651
CE_PIECEACTIVITY:0.4586146952829816
CE_KINGPAWNSHIELD:0.44876806663443364
CE_PIECECOORDINATION:0.517165937394996
CE_MATERIAL:0.5296641616690362
CE_KINGSAFETY:0.5184594574969832
C_PIECESQUARETABLES:0.4724609997980536
C_MOBILITY:0.4843482103197143
C_KINGSAFETY:0.52635957625529
C_PAWNSTRUCTURE:0.5187595498808493
C_PIECECOORDINATION:0.5536959638327685
C_ROOKANDPAWNMOVEMENT:0.5536959638327685
C_CENTERCONTROL:0.47984442740200467
C_DEVELOPPIECES:0.49824211721360717
C_MATERIAL:0.48512325192911454
C_MOVECOUNT:0.5
