ELO:923
CE_PASSEDPAWNS:0.4810430890281804
CE_PAWNWEAKNESSES:0.4408195389138978
CE_PIECEACTIVITY:0.5045048497066542
CE_KINGPAWNSHIELD:0.49706239185892126
CE_PIECECOORDINATION:0.47356271906952085
CE_MATERIAL:0.47606254251122704
CE_KINGSAFETY:0.49561602898001905
C_PIECESQUARETABLES:0.48640072646582905
C_MOBILITY:0.47443629699780165
C_KINGSAFETY:0.44772874903279986
C_PAWNSTRUCTURE:0.5150856300108057
C_PIECECOORDINATION:0.47384153740910856
C_ROOK:0.472738929030473
CE_ROOK:0.4814144048254516
C_CENTERCONTROL:0.49709158141777177
C_DEVELOPPIECES:0.5208232496774391
C_MATERIAL:0.5116052584951397
C_MOVECOUNT:0.4891329732465261
C_PAWNMOVEMENT:0.5036661748115463
