ELO:939
CE_PASSEDPAWNS:0.5991106747104846
CE_PAWNWEAKNESSES:0.42717555552035813
CE_PIECEACTIVITY:0.5065092450277249
CE_KINGPAWNSHIELD:0.45081156124982547
CE_PIECECOORDINATION:0.5038854349237587
CE_MATERIAL:0.4076031963111637
CE_KINGSAFETY:0.5207665940164123
C_PIECESQUARETABLES:0.48005743341113777
C_MOBILITY:0.36371342550658703
C_KINGSAFETY:0.4383527811258391
C_PAWNSTRUCTURE:0.48856658785255197
C_PIECECOORDINATION:0.4712714665239229
C_ROOKANDPAWNMOVEMENT:0.4712714665239229
C_CENTERCONTROL:0.5398481334152542
C_DEVELOPPIECES:0.5355615956144627
C_MATERIAL:0.5593266017443645
