ELO:926
CE_PASSEDPAWNS:0.4902620691300497
CE_PAWNWEAKNESSES:0.46932712989429304
CE_PIECEACTIVITY:0.5101943662575663
CE_KINGPAWNSHIELD:0.49478390468632877
CE_PIECECOORDINATION:0.49434840501960803
CE_MATERIAL:0.49457710030190205
CE_KINGSAFETY:0.4987979170885927
C_PIECESQUARETABLES:0.5086675250660261
C_MOBILITY:0.47091092685100444
C_KINGSAFETY:0.47789433077860377
C_PAWNSTRUCTURE:0.5483860745013693
C_PIECECOORDINATION:0.4983191566458153
C_ROOK:0.48860423552612575
CE_ROOK:0.5104846302507143
C_CENTERCONTROL:0.4875614977291417
C_DEVELOPPIECES:0.4970474168225901
C_MATERIAL:0.5051993300229296
C_MOVECOUNT:0.5032803704514152
C_PAWNMOVEMENT:0.48782079212037316
