ELO:931
CE_PASSEDPAWNS:0.40923867034309686
CE_PAWNWEAKNESSES:0.48176119382764193
CE_PIECEACTIVITY:0.5281590879201914
CE_KINGPAWNSHIELD:0.6409394022703331
CE_PIECECOORDINATION:0.4497381105180487
CE_MATERIAL:0.5726598192501756
CE_KINGSAFETY:0.5291012662010617
C_PIECESQUARETABLES:0.5063781445432373
C_MOBILITY:0.6106888267436779
C_KINGSAFETY:0.41371706929617397
C_PAWNSTRUCTURE:0.463423305027414
C_PIECECOORDINATION:0.5529064963256214
C_ROOKANDPAWNMOVEMENT:0.5529064963256214
C_CENTERCONTROL:0.45919744131578516
C_DEVELOPPIECES:0.5739931211878799
C_MATERIAL:0.5082333120549906
