ELO:947
CE_PASSEDPAWNS:0.47714227760537525
CE_PAWNWEAKNESSES:0.5450153942708813
CE_PIECEACTIVITY:0.49396512537463233
CE_KINGPAWNSHIELD:0.49941036610993966
CE_PIECECOORDINATION:0.5354698389982264
CE_MATERIAL:0.511282617344672
CE_KINGSAFETY:0.5
C_PIECESQUARETABLES:0.5
C_MOBILITY:0.43600022639213976
C_KINGSAFETY:0.545450638944934
C_PAWNSTRUCTURE:0.5288475062069774
C_PIECECOORDINATION:0.4917384671623644
C_ROOKANDPAWNMOVEMENT:0.4917384671623644
C_CENTERCONTROL:0.5345665601982963
C_DEVELOPPIECES:0.4890721728504396
C_MATERIAL:0.5091945255688596
C_MOVECOUNT:0.5
