ELO:1007
CE_PASSEDPAWNS:0.5
CE_PAWNWEAKNESSES:0.5012016313671733
CE_PIECEACTIVITY:0.5
CE_KINGPAWNSHIELD:0.5
CE_PIECECOORDINATION:0.5112615422841783
CE_MATERIAL:0.5053499384789238
CE_KINGSAFETY:0.5056054479614728
C_PIECESQUARETABLES:0.5
C_MOBILITY:0.5
C_KINGSAFETY:0.5092669095458857
C_PAWNSTRUCTURE:0.49041655743834134
C_PIECECOORDINATION:0.49748800016648426
C_ROOKANDPAWNMOVEMENT:0.49748800016648426
C_CENTERCONTROL:0.5
C_DEVELOPPIECES:0.5064254035021817
C_MATERIAL:0.48758531902426633
C_MOVECOUNT:0.5
