ELO:991
CE_PASSEDPAWNS:0.5277288571395565
CE_PAWNWEAKNESSES:0.4831495517461268
CE_PIECEACTIVITY:0.5423380285535441
CE_KINGPAWNSHIELD:0.542603462243025
CE_PIECECOORDINATION:0.4961255798594137
CE_MATERIAL:0.4725899246073923
CE_KINGSAFETY:0.49497058124904636
C_PIECESQUARETABLES:0.4931091696079126
C_MOBILITY:0.5852316028002298
C_KINGSAFETY:0.5158723478637096
C_PAWNSTRUCTURE:0.449698517872894
C_PIECECOORDINATION:0.49481266204964397
C_ROOKANDPAWNMOVEMENT:0.49481266204964397
C_CENTERCONTROL:0.42894235410171383
C_DEVELOPPIECES:0.43715433426480615
C_MATERIAL:0.6234991122067586
