ELO:982
CE_PASSEDPAWNS:0.49926103631174135
CE_PAWNWEAKNESSES:0.5138801975042889
CE_PIECEACTIVITY:0.4958368756718361
CE_KINGPAWNSHIELD:0.4942502919368468
CE_PIECECOORDINATION:0.514830383371659
CE_MATERIAL:0.5
CE_KINGSAFETY:0.5175818324377367
C_PIECESQUARETABLES:0.5
C_MOBILITY:0.5
C_KINGSAFETY:0.49943770659589076
C_PAWNSTRUCTURE:0.4906782010258148
C_PIECECOORDINATION:0.47636624306628256
C_ROOKANDPAWNMOVEMENT:0.47636624306628256
C_CENTERCONTROL:0.5182258609313362
C_DEVELOPPIECES:0.5020983735151573
C_MATERIAL:0.5
C_MOVECOUNT:0.5
