ELO:1000
CE_PASSEDPAWNS:0.4825726421236928
CE_PAWNWEAKNESSES:0.46931222436614034
CE_PIECEACTIVITY:0.5087660482499845
CE_KINGPAWNSHIELD:0.5011077499524279
CE_PIECECOORDINATION:0.4852370708491969
CE_MATERIAL:0.5365134783715713
CE_KINGSAFETY:0.48832469698721037
C_PIECESQUARETABLES:0.5009180233877386
C_MOBILITY:0.5072513145443966
C_KINGSAFETY:0.5033770569822219
C_PAWNSTRUCTURE:0.5124719000878132
C_PIECECOORDINATION:0.503155943647871
C_ROOKANDPAWNMOVEMENT:0.503155943647871
C_CENTERCONTROL:0.5059819118365334
C_DEVELOPPIECES:0.49995190769963527
C_MATERIAL:0.4925253947722103
