ELO:987
CE_PASSEDPAWNS:0.42638190253880265
CE_PAWNWEAKNESSES:0.5032814809871264
CE_PIECEACTIVITY:0.5128569013744338
CE_KINGPAWNSHIELD:0.5724684553613104
CE_PIECECOORDINATION:0.4616394693940389
CE_MATERIAL:0.5506998498187717
CE_KINGSAFETY:0.4733533499300809
C_PIECESQUARETABLES:0.5372489568041622
C_MOBILITY:0.5332168411011966
C_KINGSAFETY:0.5221007510939912
C_PAWNSTRUCTURE:0.49431835986145845
C_PIECECOORDINATION:0.5230199433801017
C_ROOKANDPAWNMOVEMENT:0.5230199433801017
C_CENTERCONTROL:0.43812359080627716
C_DEVELOPPIECES:0.506228489381095
C_MATERIAL:0.44761901359171297
