ELO:1000
CE_PASSEDPAWNS:0.5013524429822623
CE_PAWNWEAKNESSES:0.49877410305602876
CE_PIECEACTIVITY:0.4844664271711355
CE_KINGPAWNSHIELD:0.453255208908439
CE_PIECECOORDINATION:0.4845788266670484
CE_MATERIAL:0.5039247656548014
CE_KINGSAFETY:0.5016885928457366
C_PIECESQUARETABLES:0.5141866891816254
C_MOBILITY:0.5248429946606384
C_KINGSAFETY:0.45363419515317793
C_PAWNSTRUCTURE:0.5141672814507201
C_PIECECOORDINATION:0.5381356728073311
C_ROOKANDPAWNMOVEMENT:0.5381356728073311
C_CENTERCONTROL:0.4556591941848501
C_DEVELOPPIECES:0.4794992561456639
C_MATERIAL:0.5251312466545114
