ELO:954
CE_PASSEDPAWNS:0.5091849712565439
CE_PAWNWEAKNESSES:0.5009028188943203
CE_PIECEACTIVITY:0.4967062738321226
CE_KINGPAWNSHIELD:0.49892155755068107
CE_PIECECOORDINATION:0.5029888331603619
CE_MATERIAL:0.4754397733398762
CE_KINGSAFETY:0.5
C_PIECESQUARETABLES:0.5093530141208789
C_MOBILITY:0.5252476497432513
C_KINGSAFETY:0.4918883355282557
C_PAWNSTRUCTURE:0.5080150992151394
C_PIECECOORDINATION:0.4735141388030254
C_ROOKANDPAWNMOVEMENT:0.4735141388030254
C_CENTERCONTROL:0.4238806704231783
C_DEVELOPPIECES:0.5022185945276402
C_MATERIAL:0.5
C_MOVECOUNT:0.5
