ELO:951
CE_PASSEDPAWNS:0.4998579046260626
CE_PAWNWEAKNESSES:0.48997323879568727
CE_PIECEACTIVITY:0.47135180250441105
CE_KINGPAWNSHIELD:0.6358586098141105
CE_PIECECOORDINATION:0.5616272223158809
CE_MATERIAL:0.4630712091323371
CE_KINGSAFETY:0.509735329423931
C_PIECESQUARETABLES:0.526708089252241
C_MOBILITY:0.5165270534966863
C_KINGSAFETY:0.4836791584374866
C_PAWNSTRUCTURE:0.54612479618046
C_PIECECOORDINATION:0.38960883203462315
C_ROOKANDPAWNMOVEMENT:0.38960883203462315
C_CENTERCONTROL:0.5563574245170932
C_DEVELOPPIECES:0.41541948701155906
C_MATERIAL:0.5662707290747718
