ELO:1011
CE_PASSEDPAWNS:0.4977510027718353
CE_PAWNWEAKNESSES:0.5
CE_PIECEACTIVITY:0.5
CE_KINGPAWNSHIELD:0.5
CE_PIECECOORDINATION:0.5
CE_MATERIAL:0.5
CE_KINGSAFETY:0.5
C_PIECESQUARETABLES:0.5072256898950122
C_MOBILITY:0.5
C_KINGSAFETY:0.5
C_PAWNSTRUCTURE:0.49385764955188377
C_PIECECOORDINATION:0.494406382381793
C_ROOKANDPAWNMOVEMENT:0.494406382381793
C_CENTERCONTROL:0.5
C_DEVELOPPIECES:0.5
C_MATERIAL:0.4887610835883327
C_MOVECOUNT:0.4945933660311482
