ELO:1078
CE_PASSEDPAWNS:0.6050684151325434
CE_PAWNWEAKNESSES:0.5315707190950536
CE_PIECEACTIVITY:0.49075463946949927
CE_KINGPAWNSHIELD:0.4698261013325534
CE_PIECECOORDINATION:0.4116374233815265
CE_MATERIAL:0.4010206351855278
CE_KINGSAFETY:0.5
C_PIECESQUARETABLES:0.50380262341627
C_MOBILITY:0.4345370760155616
C_KINGSAFETY:0.5200234759434027
C_PAWNSTRUCTURE:0.45451904074853583
C_PIECECOORDINATION:0.4801453716636775
C_ROOKANDPAWNMOVEMENT:0.4801453716636775
C_CENTERCONTROL:0.5915618659393851
C_DEVELOPPIECES:0.4921662920367423
C_MATERIAL:0.3794061078931702
