ELO:988
CE_PASSEDPAWNS:0.5277288571395565
CE_PAWNWEAKNESSES:0.4747266971979074
CE_PIECEACTIVITY:0.5423380285535441
CE_KINGPAWNSHIELD:0.5599465954910741
CE_PIECECOORDINATION:0.47304336938833064
CE_MATERIAL:0.4775168418108928
CE_KINGSAFETY:0.5
C_PIECESQUARETABLES:0.4922711167512189
C_MOBILITY:0.5836313903895851
C_KINGSAFETY:0.5158723478637096
C_PAWNSTRUCTURE:0.46054427260367564
C_PIECECOORDINATION:0.49481266204964397
C_ROOKANDPAWNMOVEMENT:0.49481266204964397
C_CENTERCONTROL:0.43840515902317456
C_DEVELOPPIECES:0.5016047032296439
C_MATERIAL:0.6234991122067586
