ELO:971
CE_PASSEDPAWNS:0.5105806516207337
CE_PAWNWEAKNESSES:0.5125331701883203
CE_PIECEACTIVITY:0.5119102287514802
CE_KINGPAWNSHIELD:0.5
CE_PIECECOORDINATION:0.5052902663856081
CE_MATERIAL:0.5169640652102018
CE_KINGSAFETY:0.5
C_PIECESQUARETABLES:0.5049070115639678
C_MOBILITY:0.5
C_KINGSAFETY:0.49141479951764416
C_PAWNSTRUCTURE:0.4906782010258148
C_PIECECOORDINATION:0.4533405153212133
C_ROOKANDPAWNMOVEMENT:0.4533405153212133
C_CENTERCONTROL:0.503576663059351
C_DEVELOPPIECES:0.49432221747971156
C_MATERIAL:0.4979920370599838
C_MOVECOUNT:0.5
