ELO:821
CE_PASSEDPAWNS:0.5876084949993831
CE_PAWNWEAKNESSES:0.42585615290752926
CE_PIECEACTIVITY:0.5166610179329276
CE_KINGPAWNSHIELD:0.4589729637617535
CE_PIECECOORDINATION:0.5935704512765543
CE_MATERIAL:0.5174035424442691
CE_KINGSAFETY:0.526731662883128
C_PIECESQUARETABLES:0.44253101209401774
C_MOBILITY:0.5457355425280129
C_KINGSAFETY:0.49890436138492533
C_PAWNSTRUCTURE:0.43036531269776823
C_PIECECOORDINATION:0.5519246954723891
C_ROOKANDPAWNMOVEMENT:0.5519246954723891
C_CENTERCONTROL:0.5179228122175423
C_DEVELOPPIECES:0.5292590584185273
C_MATERIAL:0.4321892189859396
C_MOVECOUNT:0.4982554915611049
