ELO:1006
CE_PASSEDPAWNS:0.5104905832362157
CE_PAWNWEAKNESSES:0.5
CE_PIECEACTIVITY:0.5053949970882669
CE_KINGPAWNSHIELD:0.5017584704988018
CE_PIECECOORDINATION:0.4980363928210406
CE_MATERIAL:0.5073899340605328
CE_KINGSAFETY:0.5056054479614728
C_PIECESQUARETABLES:0.5
C_MOBILITY:0.5033758403215992
C_KINGSAFETY:0.5095296266170088
C_PAWNSTRUCTURE:0.5101339590815239
C_PIECECOORDINATION:0.5194760211535047
C_ROOKANDPAWNMOVEMENT:0.5194760211535047
C_CENTERCONTROL:0.5
C_DEVELOPPIECES:0.5148783606130006
C_MATERIAL:0.48758531902426633
C_MOVECOUNT:0.5067886844278336
