ELO:999
CE_PASSEDPAWNS:0.5945779022075514
CE_PAWNWEAKNESSES:0.48423505062356154
CE_PIECEACTIVITY:0.45344783597664157
CE_KINGPAWNSHIELD:0.44878982164177633
CE_PIECECOORDINATION:0.479929430061036
CE_MATERIAL:0.43194912699336807
CE_KINGSAFETY:0.4535953281173616
C_PIECESQUARETABLES:0.48719676621611097
C_MOBILITY:0.36091114327240886
C_KINGSAFETY:0.436372349650349
C_PAWNSTRUCTURE:0.5113707448748476
C_PIECECOORDINATION:0.4830533757143921
C_ROOKANDPAWNMOVEMENT:0.4830533757143921
C_CENTERCONTROL:0.5162599859028196
C_DEVELOPPIECES:0.5157731131716742
C_MATERIAL:0.6144885253054537
