ELO:981
CE_PASSEDPAWNS:0.504551539872729
CE_PAWNWEAKNESSES:0.4964841569154598
CE_PIECEACTIVITY:0.4911654758351682
CE_KINGPAWNSHIELD:0.47425571681069356
CE_PIECECOORDINATION:0.5007480274951905
CE_MATERIAL:0.5
CE_KINGSAFETY:0.5080679610527152
C_PIECESQUARETABLES:0.5164788613752825
C_MOBILITY:0.49860188304982406
C_KINGSAFETY:0.5156712514364606
C_PAWNSTRUCTURE:0.4770607287156955
C_PIECECOORDINATION:0.48360871969674485
C_ROOKANDPAWNMOVEMENT:0.48360871969674485
C_CENTERCONTROL:0.5
C_DEVELOPPIECES:0.484322932281493
C_MATERIAL:0.4808856073982881
C_MOVECOUNT:0.5
