ELO:1000
CE_PASSEDPAWNS:0.4889388592517531
CE_PAWNWEAKNESSES:0.49454314696358165
CE_PIECEACTIVITY:0.502658185661898
CE_KINGPAWNSHIELD:0.49679604944938255
CE_PIECECOORDINATION:0.5
CE_MATERIAL:0.5114230225665125
CE_KINGSAFETY:0.5
C_PIECESQUARETABLES:0.51176761158629
C_MOBILITY:0.5040102803999269
C_KINGSAFETY:0.5046277998658893
C_PAWNSTRUCTURE:0.5
C_PIECECOORDINATION:0.5
C_ROOKANDPAWNMOVEMENT:0.5
C_CENTERCONTROL:0.5
C_DEVELOPPIECES:0.5
C_MATERIAL:0.5004128224389319
