ELO:961
CE_PASSEDPAWNS:0.5136967775720834
CE_PAWNWEAKNESSES:0.5101115473964829
CE_PIECEACTIVITY:0.5093322655815368
CE_KINGPAWNSHIELD:0.493931744955472
CE_PIECECOORDINATION:0.5295327053571245
CE_MATERIAL:0.4852735485266818
CE_KINGSAFETY:0.4647064297304105
C_PIECESQUARETABLES:0.48080528138744477
C_MOBILITY:0.503741745579845
C_KINGSAFETY:0.5263137501895286
C_PAWNSTRUCTURE:0.5054376466080692
C_PIECECOORDINATION:0.513383579384671
C_ROOKANDPAWNMOVEMENT:0.513383579384671
C_CENTERCONTROL:0.5105531875833279
C_DEVELOPPIECES:0.5184153296937541
C_MATERIAL:0.5041336795286461
