ELO:953
CE_PASSEDPAWNS:0.44784646942472184
CE_PAWNWEAKNESSES:0.5283634052124978
CE_PIECEACTIVITY:0.4971238905035533
CE_KINGPAWNSHIELD:0.6171333355512659
CE_PIECECOORDINATION:0.45406182582888266
CE_MATERIAL:0.5493110324787458
CE_KINGSAFETY:0.5
C_PIECESQUARETABLES:0.4981569293971148
C_MOBILITY:0.5778583332438146
C_KINGSAFETY:0.44606808140663906
C_PAWNSTRUCTURE:0.4688731352876617
C_PIECECOORDINATION:0.5426830663703666
C_ROOKANDPAWNMOVEMENT:0.5426830663703666
C_CENTERCONTROL:0.4464095391261898
C_DEVELOPPIECES:0.5431520601133226
C_MATERIAL:0.5116092226276057
