ELO:947
CE_PASSEDPAWNS:0.5069581549205094
CE_PAWNWEAKNESSES:0.5053418122922636
CE_PIECEACTIVITY:0.5109812273605907
CE_KINGPAWNSHIELD:0.49207637985009334
CE_PIECECOORDINATION:0.5204302432659177
CE_MATERIAL:0.525869264009987
CE_KINGSAFETY:0.5283584988615498
C_PIECESQUARETABLES:0.4919151235615291
C_MOBILITY:0.5112779871110367
C_KINGSAFETY:0.532730110352471
C_PAWNSTRUCTURE:0.5319771015154918
C_PIECECOORDINATION:0.5060164742919845
C_ROOK:0.5077738843438971
CE_ROOK:0.4936413691103988
C_CENTERCONTROL:0.4853485394290324
C_DEVELOPPIECES:0.48294199606690935
C_MATERIAL:0.5013599990258567
C_MOVECOUNT:0.46353458883566534
C_PAWNMOVEMENT:0.4973556799027544
