ELO:942
CE_PASSEDPAWNS:0.4803340001568521
CE_PAWNWEAKNESSES:0.4241276142523755
CE_PIECEACTIVITY:0.49515543135231527
CE_KINGPAWNSHIELD:0.4876559116114947
CE_PIECECOORDINATION:0.47455005019427865
CE_MATERIAL:0.5097040707324267
CE_KINGSAFETY:0.4906232770381214
C_PIECESQUARETABLES:0.5366114285668172
C_MOBILITY:0.45310916104906396
C_KINGSAFETY:0.4567550286985017
C_PAWNSTRUCTURE:0.5182453125715635
C_PIECECOORDINATION:0.5151226229305088
C_ROOK:0.49827746521672794
CE_ROOK:0.46144364432900364
C_CENTERCONTROL:0.4662212701148272
C_DEVELOPPIECES:0.5638250442102972
C_MATERIAL:0.5129671462981727
C_MOVECOUNT:0.4733496813267083
C_PAWNMOVEMENT:0.5255516362205116
