ELO:939
CE_PASSEDPAWNS:0.4799881493745263
CE_PAWNWEAKNESSES:0.5179255411629059
CE_PIECEACTIVITY:0.4315174056042562
CE_KINGPAWNSHIELD:0.4700775042002906
CE_PIECECOORDINATION:0.44471220282254054
CE_MATERIAL:0.4839272484620134
CE_KINGSAFETY:0.5
C_PIECESQUARETABLES:0.500706402380197
C_MOBILITY:0.4965268577430581
C_KINGSAFETY:0.48236427858169123
C_PAWNSTRUCTURE:0.45585284701971995
C_PIECECOORDINATION:0.485022102876758
C_ROOKANDPAWNMOVEMENT:0.485022102876758
C_CENTERCONTROL:0.5773739832547063
C_DEVELOPPIECES:0.4684385670810184
C_MATERIAL:0.45734702312569486
C_MOVECOUNT:0.5
