ELO:1000
CE_PASSEDPAWNS:0.45718695823895067
CE_PAWNWEAKNESSES:0.4940077734337424
CE_PIECEACTIVITY:0.5238791555448398
CE_KINGPAWNSHIELD:0.5282133794880778
CE_PIECECOORDINATION:0.4751722738792043
CE_MATERIAL:0.5562732953418905
CE_KINGSAFETY:0.45438977699301974
C_PIECESQUARETABLES:0.5053867862525248
C_MOBILITY:0.5220879678354294
C_KINGSAFETY:0.506305924995637
C_PAWNSTRUCTURE:0.5301710797852565
C_PIECECOORDINATION:0.5054044114109392
C_ROOKANDPAWNMOVEMENT:0.5054044114109392
C_CENTERCONTROL:0.4723769941604368
C_DEVELOPPIECES:0.5100907111673403
C_MATERIAL:0.4528979644201276
