ELO:910
CE_PASSEDPAWNS:0.4823677897954939
CE_PAWNWEAKNESSES:0.4241276142523755
CE_PIECEACTIVITY:0.4874705697155827
CE_KINGPAWNSHIELD:0.48081871202463994
CE_PIECECOORDINATION:0.4667351155471423
CE_MATERIAL:0.5204895556009108
CE_KINGSAFETY:0.4982632710686583
C_PIECESQUARETABLES:0.5293678148346427
C_MOBILITY:0.4579201367300006
C_KINGSAFETY:0.4414382205859126
C_PAWNSTRUCTURE:0.5198811955616569
C_PIECECOORDINATION:0.5113078426809384
C_ROOK:0.49200691904176785
CE_ROOK:0.46428191889273046
C_CENTERCONTROL:0.46792570212293644
C_DEVELOPPIECES:0.5638250442102972
C_MATERIAL:0.5200816294321775
C_MOVECOUNT:0.47959215345850514
C_PAWNMOVEMENT:0.5255516362205116
