ELO:939
CE_PASSEDPAWNS:0.4687804866913704
CE_PAWNWEAKNESSES:0.5012576437321917
CE_PIECEACTIVITY:0.5168486230645639
CE_KINGPAWNSHIELD:0.50093268130252
CE_PIECECOORDINATION:0.5366726763582887
CE_MATERIAL:0.4901082167089116
CE_KINGSAFETY:0.5
C_PIECESQUARETABLES:0.5
C_MOBILITY:0.5090428569928326
C_KINGSAFETY:0.4998486566130445
C_PAWNSTRUCTURE:0.5320672397272905
C_PIECECOORDINATION:0.4872749895627366
C_ROOKANDPAWNMOVEMENT:0.4872749895627366
C_CENTERCONTROL:0.5124644017253579
C_DEVELOPPIECES:0.4539560933288462
C_MATERIAL:0.48983448058781154
C_MOVECOUNT:0.5
