ELO:919
CE_PASSEDPAWNS:0.536124183132786
CE_PAWNWEAKNESSES:0.48234113747585294
CE_PIECEACTIVITY:0.5287388154948307
CE_KINGPAWNSHIELD:0.472349616153739
CE_PIECECOORDINATION:0.5984671323763827
CE_MATERIAL:0.4228081263262098
CE_KINGSAFETY:0.5020935891061962
C_PIECESQUARETABLES:0.4811716510261616
C_MOBILITY:0.4538579259079781
C_KINGSAFETY:0.5086536023521291
C_PAWNSTRUCTURE:0.47765279022725476
C_PIECECOORDINATION:0.4827660390501174
C_ROOKANDPAWNMOVEMENT:0.4827660390501174
C_CENTERCONTROL:0.554364016605765
C_DEVELOPPIECES:0.42605701451901457
C_MATERIAL:0.5302622147620512
C_MOVECOUNT:0.5
