ELO:878
CE_PASSEDPAWNS:0.49782727704779434
CE_PAWNWEAKNESSES:0.48984191415523787
CE_PIECEACTIVITY:0.5554605534445045
CE_KINGPAWNSHIELD:0.50456379223954
CE_PIECECOORDINATION:0.48817338643023683
CE_MATERIAL:0.4586737870788257
CE_KINGSAFETY:0.4958016804323674
C_PIECESQUARETABLES:0.44221624760588024
C_MOBILITY:0.5502621713422421
C_KINGSAFETY:0.4794400215655474
C_PAWNSTRUCTURE:0.46272340978309767
C_PIECECOORDINATION:0.5141001380073572
C_ROOKANDPAWNMOVEMENT:0.5141001380073572
C_CENTERCONTROL:0.5117339210275988
C_DEVELOPPIECES:0.5035738223552472
C_MATERIAL:0.49749781200585314
C_MOVECOUNT:0.5
