ELO:1011
CE_PASSEDPAWNS:0.5104905832362157
CE_PAWNWEAKNESSES:0.5020790263390938
CE_PIECEACTIVITY:0.5094832681531765
CE_KINGPAWNSHIELD:0.5036763675755741
CE_PIECECOORDINATION:0.5054713545030066
CE_MATERIAL:0.4912356351181324
CE_KINGSAFETY:0.5
C_PIECESQUARETABLES:0.5
C_MOBILITY:0.4959603258275659
C_KINGSAFETY:0.4928087570357138
C_PAWNSTRUCTURE:0.5
C_PIECECOORDINATION:0.5
C_ROOKANDPAWNMOVEMENT:0.5
C_CENTERCONTROL:0.5
C_DEVELOPPIECES:0.507767673381435
C_MATERIAL:0.5142186068388682
C_MOVECOUNT:0.5038995063028369
