ELO:1006
CE_PASSEDPAWNS:0.5909118932816805
CE_PAWNWEAKNESSES:0.4621362620935002
CE_PIECEACTIVITY:0.4428997381960304
CE_KINGPAWNSHIELD:0.4349543804574982
CE_PIECECOORDINATION:0.49627033900872275
CE_MATERIAL:0.43580797858622417
CE_KINGSAFETY:0.45647664004986427
C_PIECESQUARETABLES:0.4877058878989522
C_MOBILITY:0.36091114327240886
C_KINGSAFETY:0.436372349650349
C_PAWNSTRUCTURE:0.5128008315034039
C_PIECECOORDINATION:0.5068511675183334
C_ROOKANDPAWNMOVEMENT:0.5068511675183334
C_CENTERCONTROL:0.5089883462781549
C_DEVELOPPIECES:0.5177960004469608
C_MATERIAL:0.6115842027147232
