ELO:1000
CE_PASSEDPAWNS:0.4910233440493304
CE_PAWNWEAKNESSES:0.4995977128103342
CE_PIECEACTIVITY:0.4884714560298522
CE_KINGPAWNSHIELD:0.4902929433073247
CE_PIECECOORDINATION:0.4863127006043461
CE_MATERIAL:0.5107004971494654
CE_KINGSAFETY:0.5011473067782548
C_PIECESQUARETABLES:0.5
C_MOBILITY:0.5024910995779757
C_KINGSAFETY:0.49223695525628136
C_PAWNSTRUCTURE:0.5170856853829973
C_PIECECOORDINATION:0.5117569916530785
C_ROOKANDPAWNMOVEMENT:0.5117569916530785
C_CENTERCONTROL:0.4900599981874621
C_DEVELOPPIECES:0.4990231544629142
C_MATERIAL:0.49584619092863924
