ELO:973
CE_PASSEDPAWNS:0.5011167119052714
CE_PAWNWEAKNESSES:0.5105394307094786
CE_PIECEACTIVITY:0.5112112529423919
CE_KINGPAWNSHIELD:0.4832406370636849
CE_PIECECOORDINATION:0.49969885853736506
CE_MATERIAL:0.5042896119940194
CE_KINGSAFETY:0.4751610895839287
C_PIECESQUARETABLES:0.5245232838097178
C_MOBILITY:0.5066360191233175
C_KINGSAFETY:0.4862871177185061
C_PAWNSTRUCTURE:0.4801932387185825
C_PIECECOORDINATION:0.4984620673393032
C_ROOKANDPAWNMOVEMENT:0.4984620673393032
C_CENTERCONTROL:0.5593183044796737
C_DEVELOPPIECES:0.4932682552089267
C_MATERIAL:0.4842700822110806
C_MOVECOUNT:0.5
