ELO:933
CE_PASSEDPAWNS:0.41428592256719576
CE_PAWNWEAKNESSES:0.4795399639878771
CE_PIECEACTIVITY:0.5177272701838592
CE_KINGPAWNSHIELD:0.6396771003792735
CE_PIECECOORDINATION:0.473434893885267
CE_MATERIAL:0.5652027843794226
CE_KINGSAFETY:0.5282657764682269
C_PIECESQUARETABLES:0.5193171782204836
C_MOBILITY:0.6060173318427949
C_KINGSAFETY:0.4248815677408852
C_PAWNSTRUCTURE:0.45843579679382696
C_PIECECOORDINATION:0.5543680298550909
C_ROOKANDPAWNMOVEMENT:0.5543680298550909
C_CENTERCONTROL:0.4540166946397091
C_DEVELOPPIECES:0.5572446915451285
C_MATERIAL:0.49678344632766547
