ELO:935
CE_PASSEDPAWNS:0.5034296184258371
CE_PAWNWEAKNESSES:0.4929686655354702
CE_PIECEACTIVITY:0.52746199998415
CE_KINGPAWNSHIELD:0.5162610628797581
CE_PIECECOORDINATION:0.47719263361451386
CE_MATERIAL:0.48167440899282143
CE_KINGSAFETY:0.4918587453220862
C_PIECESQUARETABLES:0.4943071640885933
C_MOBILITY:0.48738934606765183
C_KINGSAFETY:0.466272416819044
C_PAWNSTRUCTURE:0.5194271249009698
C_PIECECOORDINATION:0.5430898643932228
C_ROOKANDPAWNMOVEMENT:0.5430898643932228
C_CENTERCONTROL:0.5280329459787441
C_DEVELOPPIECES:0.5002961336284522
C_MATERIAL:0.48224685028319786
C_MOVECOUNT:0.46986349779765835
