ELO:1037
CE_PASSEDPAWNS:0.4744698623488406
CE_PAWNWEAKNESSES:0.5091595287360776
CE_PIECEACTIVITY:0.4830882278654471
CE_KINGPAWNSHIELD:0.4820195234142932
CE_PIECECOORDINATION:0.4853691515938279
CE_MATERIAL:0.5258987122033775
CE_KINGSAFETY:0.4973700869806292
C_PIECESQUARETABLES:0.5321459570816803
C_MOBILITY:0.45841959125197307
C_KINGSAFETY:0.4217628420708884
C_PAWNSTRUCTURE:0.49958399601574566
C_PIECECOORDINATION:0.5606820780552085
C_ROOKANDPAWNMOVEMENT:0.5606820780552085
C_CENTERCONTROL:0.44271038604533924
C_DEVELOPPIECES:0.47841237913551715
C_MATERIAL:0.4847541599232448
