ELO:901
CE_PASSEDPAWNS:0.4722730329926914
CE_PAWNWEAKNESSES:0.4443212464767882
CE_PIECEACTIVITY:0.4989050899764462
CE_KINGPAWNSHIELD:0.4890164031263636
CE_PIECECOORDINATION:0.4719968159952509
CE_MATERIAL:0.48426476682719694
CE_KINGSAFETY:0.49653512601426225
C_PIECESQUARETABLES:0.5
C_MOBILITY:0.4804002298941915
C_KINGSAFETY:0.44017879718162134
C_PAWNSTRUCTURE:0.5077565288570561
C_PIECECOORDINATION:0.48883053203287424
C_ROOK:0.472738929030473
CE_ROOK:0.47527051936119563
C_CENTERCONTROL:0.49709158141777177
C_DEVELOPPIECES:0.5172998892008965
C_MATERIAL:0.5031365478808217
C_MOVECOUNT:0.48463967009495457
C_PAWNMOVEMENT:0.5111400232549764
