ELO:938
CE_PASSEDPAWNS:0.4988975749669771
CE_PAWNWEAKNESSES:0.467311075024655
CE_PIECEACTIVITY:0.4991004002556886
CE_KINGPAWNSHIELD:0.4952383623935011
CE_PIECECOORDINATION:0.49434840501960803
CE_MATERIAL:0.5026780019730458
CE_KINGSAFETY:0.5
C_PIECESQUARETABLES:0.5086675250660261
C_MOBILITY:0.4724696584813866
C_KINGSAFETY:0.47789433077860377
C_PAWNSTRUCTURE:0.5483860745013693
C_PIECECOORDINATION:0.4983191566458153
C_ROOK:0.49585946593738756
CE_ROOK:0.5104846302507143
C_CENTERCONTROL:0.4875614977291417
C_DEVELOPPIECES:0.49930169356948567
C_MATERIAL:0.5051993300229296
C_MOVECOUNT:0.5032803704514152
C_PAWNMOVEMENT:0.493170158369391
