ELO:887
CE_PASSEDPAWNS:0.4228519060622706
CE_PAWNWEAKNESSES:0.4797669416433875
CE_PIECEACTIVITY:0.5118647925307735
CE_KINGPAWNSHIELD:0.6221538144866231
CE_PIECECOORDINATION:0.4943209196643333
CE_MATERIAL:0.5842547902442111
CE_KINGSAFETY:0.5708186476565023
C_PIECESQUARETABLES:0.4990921032046165
C_MOBILITY:0.6236175560180313
C_KINGSAFETY:0.3446741014437008
C_PAWNSTRUCTURE:0.48764666793779915
C_PIECECOORDINATION:0.5434034276282197
C_ROOKANDPAWNMOVEMENT:0.5434034276282197
C_CENTERCONTROL:0.4401381067896579
C_DEVELOPPIECES:0.5345908727884773
C_MATERIAL:0.4555657511384959
