ELO:1034
CE_PASSEDPAWNS:0.5
CE_PAWNWEAKNESSES:0.5
CE_PIECEACTIVITY:0.5
CE_KINGPAWNSHIELD:0.5
CE_PIECECOORDINATION:0.47884052095422663
CE_MATERIAL:0.49214005385569687
CE_KINGSAFETY:0.5
C_PIECESQUARETABLES:0.5
C_MOBILITY:0.5379993452059275
C_KINGSAFETY:0.48592022344600583
C_PAWNSTRUCTURE:0.5031150270891477
C_PIECECOORDINATION:0.501239818232287
C_ROOKANDPAWNMOVEMENT:0.501239818232287
C_CENTERCONTROL:0.5
C_DEVELOPPIECES:0.5072312057411327
C_MATERIAL:0.511389438991455
C_MOVECOUNT:0.5
