ELO:866
CE_PASSEDPAWNS:0.5165351415678308
CE_PAWNWEAKNESSES:0.509738033260167
CE_PIECEACTIVITY:0.5169858639433708
CE_KINGPAWNSHIELD:0.5098809374640572
CE_PIECECOORDINATION:0.5159053264881159
CE_MATERIAL:0.44261179638234693
CE_KINGSAFETY:0.4827773609942311
C_PIECESQUARETABLES:0.4903313471742389
C_MOBILITY:0.4783941045010534
C_KINGSAFETY:0.49761188288418234
C_PAWNSTRUCTURE:0.49818365648816093
C_PIECECOORDINATION:0.49750178031497005
C_ROOKANDPAWNMOVEMENT:0.49750178031497005
C_CENTERCONTROL:0.5425925683543947
C_DEVELOPPIECES:0.5153723040968771
C_MATERIAL:0.476529701318763
C_MOVECOUNT:0.5
