ELO:995
CE_PASSEDPAWNS:0.48020636756293233
CE_PAWNWEAKNESSES:0.5
CE_PIECEACTIVITY:0.5
CE_KINGPAWNSHIELD:0.5123799189490063
CE_PIECECOORDINATION:0.49813349069087315
CE_MATERIAL:0.49470374597194006
CE_KINGSAFETY:0.5
C_PIECESQUARETABLES:0.5
C_MOBILITY:0.490140067890074
C_KINGSAFETY:0.4900103777839744
C_PAWNSTRUCTURE:0.49920564344192836
C_PIECECOORDINATION:0.49654970355114814
C_ROOKANDPAWNMOVEMENT:0.49654970355114814
C_CENTERCONTROL:0.5181880591358231
C_DEVELOPPIECES:0.5013214866368728
C_MATERIAL:0.49563550226476005
C_MOVECOUNT:0.5
