ELO:1000
CE_PASSEDPAWNS:0.4521517417711257
CE_PAWNWEAKNESSES:0.4990837024931656
CE_PIECEACTIVITY:0.5313606935823759
CE_KINGPAWNSHIELD:0.5357008733519808
CE_PIECECOORDINATION:0.46082466819778134
CE_MATERIAL:0.5450870726441757
CE_KINGSAFETY:0.4469477687357765
C_PIECESQUARETABLES:0.5218709009101881
C_MOBILITY:0.51511765454279
C_KINGSAFETY:0.5067111263138073
C_PAWNSTRUCTURE:0.5456831006743948
C_PIECECOORDINATION:0.49752251308437145
C_ROOKANDPAWNMOVEMENT:0.49752251308437145
C_CENTERCONTROL:0.45165869491628613
C_DEVELOPPIECES:0.5220575508696135
C_MATERIAL:0.4622782008608902
