ELO:998
CE_PASSEDPAWNS:0.5002471624299238
CE_PAWNWEAKNESSES:0.5051455329456677
CE_PIECEACTIVITY:0.48753092453407876
CE_KINGPAWNSHIELD:0.5
CE_PIECECOORDINATION:0.5
CE_MATERIAL:0.5
CE_KINGSAFETY:0.5
C_PIECESQUARETABLES:0.49720435591049555
C_MOBILITY:0.5
C_KINGSAFETY:0.5
C_PAWNSTRUCTURE:0.5
C_PIECECOORDINATION:0.492387083433154
C_ROOK:0.5
CE_ROOK:0.5
C_CENTERCONTROL:0.4951632295539005
C_DEVELOPPIECES:0.5
C_MATERIAL:0.5060564995599107
C_MOVECOUNT:0.4902114721302132
C_PAWNMOVEMENT:0.5
