ELO:952
CE_PASSEDPAWNS:0.4902620691300497
CE_PAWNWEAKNESSES:0.4612305022957874
CE_PIECEACTIVITY:0.5223997716292005
CE_KINGPAWNSHIELD:0.49478390468632877
CE_PIECECOORDINATION:0.49401148254365057
CE_MATERIAL:0.48918131967914635
CE_KINGSAFETY:0.5201347533887197
C_PIECESQUARETABLES:0.5
C_MOBILITY:0.47681357075866815
C_KINGSAFETY:0.4628057354584827
C_PAWNSTRUCTURE:0.545512658583558
C_PIECECOORDINATION:0.48292328872849555
C_ROOK:0.47218327688824563
CE_ROOK:0.5096987339402925
C_CENTERCONTROL:0.4990241490989917
C_DEVELOPPIECES:0.5229301788887055
C_MATERIAL:0.5026008393576046
C_MOVECOUNT:0.5036485081791034
C_PAWNMOVEMENT:0.48047184530201853
