ELO:962
CE_PASSEDPAWNS:0.5096078234736807
CE_PAWNWEAKNESSES:0.4742722178438344
CE_PIECEACTIVITY:0.49230219869657876
CE_KINGPAWNSHIELD:0.489930298353015
CE_PIECECOORDINATION:0.49169472588444063
CE_MATERIAL:0.5026780019730458
CE_KINGSAFETY:0.5
C_PIECESQUARETABLES:0.4968386299418595
C_MOBILITY:0.4724696584813866
C_KINGSAFETY:0.4743510480995156
C_PAWNSTRUCTURE:0.5369471562497683
C_PIECECOORDINATION:0.488894181413933
C_ROOK:0.5015113028783147
CE_ROOK:0.5042816023491254
C_CENTERCONTROL:0.4875614977291417
C_DEVELOPPIECES:0.49930169356948567
C_MATERIAL:0.5108390540930797
C_MOVECOUNT:0.5032803704514152
C_PAWNMOVEMENT:0.4920900859320455
