ELO:953
CE_PASSEDPAWNS:0.47187252882277286
CE_PAWNWEAKNESSES:0.467719911761062
CE_PIECEACTIVITY:0.5130837191857531
CE_KINGPAWNSHIELD:0.5421960200994501
CE_PIECECOORDINATION:0.556414429787631
CE_MATERIAL:0.442937163314305
CE_KINGSAFETY:0.5193925357802734
C_PIECESQUARETABLES:0.5330426279735052
C_MOBILITY:0.48257200453213384
C_KINGSAFETY:0.49107704090387455
C_PAWNSTRUCTURE:0.5145697793726198
C_PIECECOORDINATION:0.5590029929649886
C_ROOKANDPAWNMOVEMENT:0.5590029929649886
C_CENTERCONTROL:0.44220929135643533
C_DEVELOPPIECES:0.4792423858451152
C_MATERIAL:0.4870963643719472
C_MOVECOUNT:0.4947712379494951
