ELO:1016
CE_PASSEDPAWNS:0.483930631665907
CE_PAWNWEAKNESSES:0.49762611613988467
CE_PIECEACTIVITY:0.4960788651580652
CE_KINGPAWNSHIELD:0.4943817830274692
CE_PIECECOORDINATION:0.5032814251321929
CE_MATERIAL:0.5164801937928755
CE_KINGSAFETY:0.5
C_PIECESQUARETABLES:0.5
C_MOBILITY:0.49183841794236666
C_KINGSAFETY:0.48303551289591057
C_PAWNSTRUCTURE:0.4905691566036508
C_PIECECOORDINATION:0.520225539343415
C_ROOK:0.4791789732824061
CE_ROOK:0.5124951312198234
C_CENTERCONTROL:0.5179945593874921
C_DEVELOPPIECES:0.503684020494158
C_MATERIAL:0.4988378352629031
C_MOVECOUNT:0.5171362341437916
C_PAWNMOVEMENT:0.4948483816113565
