ELO:1015
CE_PASSEDPAWNS:0.5094135357455077
CE_PAWNWEAKNESSES:0.490528264246406
CE_PIECEACTIVITY:0.5048578815321755
CE_KINGPAWNSHIELD:0.512078097597571
CE_PIECECOORDINATION:0.5
CE_MATERIAL:0.494917493466678
CE_KINGSAFETY:0.5
C_PIECESQUARETABLES:0.5003698261707283
C_MOBILITY:0.5035029958831969
C_KINGSAFETY:0.5013034547560824
C_PAWNSTRUCTURE:0.4985932247109539
C_PIECECOORDINATION:0.5018413085545026
C_ROOKANDPAWNMOVEMENT:0.5018413085545026
C_CENTERCONTROL:0.5
C_DEVELOPPIECES:0.515485056871182
C_MATERIAL:0.4854232848871525
C_MOVECOUNT:0.5166713663190483
