ELO:969
CE_PASSEDPAWNS:0.5069734377087639
CE_PAWNWEAKNESSES:0.5362371235584719
CE_PIECEACTIVITY:0.5037340241536332
CE_KINGPAWNSHIELD:0.5037277814641021
CE_PIECECOORDINATION:0.5148977442840666
CE_MATERIAL:0.5094912927686456
CE_KINGSAFETY:0.4965812148868811
C_PIECESQUARETABLES:0.5006990529884537
C_MOBILITY:0.5144329583385002
C_KINGSAFETY:0.510058406084856
C_PAWNSTRUCTURE:0.4944502210260067
C_PIECECOORDINATION:0.5029636222942983
C_ROOKANDPAWNMOVEMENT:0.5029636222942983
C_CENTERCONTROL:0.49553335836837276
C_DEVELOPPIECES:0.4908012437171983
C_MATERIAL:0.4997579900179041
C_MOVECOUNT:0.5134676772451917
