ELO:1045
CE_PASSEDPAWNS:0.5
CE_PAWNWEAKNESSES:0.4975223358919643
CE_PIECEACTIVITY:0.5
CE_KINGPAWNSHIELD:0.5115384850874811
CE_PIECECOORDINATION:0.5
CE_MATERIAL:0.5069585791226916
CE_KINGSAFETY:0.5
C_PIECESQUARETABLES:0.5
C_MOBILITY:0.5
C_KINGSAFETY:0.4926674065750558
C_PAWNSTRUCTURE:0.5
C_PIECECOORDINATION:0.4976630651414237
C_ROOKANDPAWNMOVEMENT:0.4976630651414237
C_CENTERCONTROL:0.5
C_DEVELOPPIECES:0.520991867455096
C_MATERIAL:0.5
C_MOVECOUNT:0.5
