ELO:984
CE_PASSEDPAWNS:0.49478554681723025
CE_PAWNWEAKNESSES:0.47414908134225575
CE_PIECEACTIVITY:0.48871181750787335
CE_KINGPAWNSHIELD:0.5077654629556893
CE_PIECECOORDINATION:0.4555370116957363
CE_MATERIAL:0.48815671855277143
CE_KINGSAFETY:0.5091557181956368
C_PIECESQUARETABLES:0.4932794738179687
C_MOBILITY:0.4966454144418425
C_KINGSAFETY:0.4640453749134447
C_PAWNSTRUCTURE:0.5003278468867557
C_PIECECOORDINATION:0.48772331166409993
C_ROOKANDPAWNMOVEMENT:0.48772331166409993
C_CENTERCONTROL:0.5136815230114326
C_DEVELOPPIECES:0.4895767497389805
C_MATERIAL:0.4878285751009265
