ELO:987
CE_PASSEDPAWNS:0.5605630990638752
CE_PAWNWEAKNESSES:0.5070891600802334
CE_PIECEACTIVITY:0.5588121889712045
CE_KINGPAWNSHIELD:0.48880429264001557
CE_PIECECOORDINATION:0.46890153059224915
CE_MATERIAL:0.5463646770500262
CE_KINGSAFETY:0.49489062741473244
C_PIECESQUARETABLES:0.5
C_MOBILITY:0.4474071687649944
C_KINGSAFETY:0.48728762812336995
C_PAWNSTRUCTURE:0.5526124305309644
C_PIECECOORDINATION:0.5763451573855315
C_ROOKANDPAWNMOVEMENT:0.5763451573855315
C_CENTERCONTROL:0.5032540654662975
C_DEVELOPPIECES:0.5883906670345138
C_MATERIAL:0.5189018773079499
