ELO:1000
CE_PASSEDPAWNS:0.5
CE_PAWNWEAKNESSES:0.5
CE_PIECEACTIVITY:0.5
CE_KINGPAWNSHIELD:0.5
CE_PIECECOORDINATION:0.49801777343866777
CE_MATERIAL:0.4874794636476345
CE_KINGSAFETY:0.5
C_PIECESQUARETABLES:0.5
C_MOBILITY:0.5
C_KINGSAFETY:0.4994242277327999
C_PAWNSTRUCTURE:0.5018004528462204
C_PIECECOORDINATION:0.5122640588415251
C_ROOKANDPAWNMOVEMENT:0.5122640588415251
C_CENTERCONTROL:0.5
C_DEVELOPPIECES:0.5
C_MATERIAL:0.49217052537892403
C_MOVECOUNT:0.4917185458135491
