ELO:1019
CE_PASSEDPAWNS:0.494486903214714
CE_PAWNWEAKNESSES:0.5049397428049875
CE_PIECEACTIVITY:0.5
CE_KINGPAWNSHIELD:0.5236576530138782
CE_PIECECOORDINATION:0.5
CE_MATERIAL:0.49507645590262955
CE_KINGSAFETY:0.49258523014101196
C_PIECESQUARETABLES:0.5
C_MOBILITY:0.5156130831738904
C_KINGSAFETY:0.5155139420884274
C_PAWNSTRUCTURE:0.5058369720554797
C_PIECECOORDINATION:0.5
C_ROOKANDPAWNMOVEMENT:0.5
C_CENTERCONTROL:0.49565912804797535
C_DEVELOPPIECES:0.46831755653945245
C_MATERIAL:0.49813165013223415
C_MOVECOUNT:0.5
