ELO:983
CE_PASSEDPAWNS:0.49306050257626594
CE_PAWNWEAKNESSES:0.5142026379657121
CE_PIECEACTIVITY:0.5
CE_KINGPAWNSHIELD:0.4936718639956631
CE_PIECECOORDINATION:0.500726784476926
CE_MATERIAL:0.5080609653025102
CE_KINGSAFETY:0.5
C_PIECESQUARETABLES:0.4877882503739919
C_MOBILITY:0.5018643905709577
C_KINGSAFETY:0.49749680537085056
C_PAWNSTRUCTURE:0.4921331417282092
C_PIECECOORDINATION:0.5160725811151596
C_ROOKANDPAWNMOVEMENT:0.5160725811151596
C_CENTERCONTROL:0.5133369555019474
C_DEVELOPPIECES:0.4916520986527145
C_MATERIAL:0.5037541357681399
C_MOVECOUNT:0.49085348482450475
