ELO:905
CE_PASSEDPAWNS:0.47768141924833013
CE_PAWNWEAKNESSES:0.4785588525554754
CE_PIECEACTIVITY:0.5421976996718794
CE_KINGPAWNSHIELD:0.53975249634601
CE_PIECECOORDINATION:0.5600540752536669
CE_MATERIAL:0.4636809893508319
CE_KINGSAFETY:0.5109471404332793
C_PIECESQUARETABLES:0.5334781572586876
C_MOBILITY:0.42636809628902755
C_KINGSAFETY:0.4755372228157168
C_PAWNSTRUCTURE:0.520870191050089
C_PIECECOORDINATION:0.45151563828968916
C_ROOKANDPAWNMOVEMENT:0.45151563828968916
C_CENTERCONTROL:0.5424333243377878
C_DEVELOPPIECES:0.43990759838853893
C_MATERIAL:0.5526423629749451
