ELO:1000
CE_PASSEDPAWNS:0.5098324681711455
CE_PAWNWEAKNESSES:0.5305203214728978
CE_PIECEACTIVITY:0.5367172708879798
CE_KINGPAWNSHIELD:0.4743837853256487
CE_PIECECOORDINATION:0.5138092550458295
CE_MATERIAL:0.49119304998856905
CE_KINGSAFETY:0.5
C_PIECESQUARETABLES:0.5004742567172948
C_MOBILITY:0.5416046903820286
C_KINGSAFETY:0.5012949301812102
C_PAWNSTRUCTURE:0.3996893329923242
C_PIECECOORDINATION:0.48151892627204756
C_ROOKANDPAWNMOVEMENT:0.48151892627204756
C_CENTERCONTROL:0.5099919543737057
C_DEVELOPPIECES:0.537065315130572
C_MATERIAL:0.4714124249835806
