ELO:777
CE_PASSEDPAWNS:0.5179343813558868
CE_PAWNWEAKNESSES:0.538846918409972
CE_PIECEACTIVITY:0.3160743487407768
CE_KINGPAWNSHIELD:0.599628599176706
CE_PIECECOORDINATION:0.4633937792210232
CE_MATERIAL:0.47869047603785464
CE_KINGSAFETY:0.5194229899407907
C_PIECESQUARETABLES:0.47637191052091327
C_MOBILITY:0.4705817198619509
C_KINGSAFETY:0.5098521742731987
C_PAWNSTRUCTURE:0.5480533309234579
C_PIECECOORDINATION:0.5593867257705931
C_ROOKANDPAWNMOVEMENT:0.5593867257705931
C_CENTERCONTROL:0.4473488341543683
C_DEVELOPPIECES:0.5591197874213829
C_MATERIAL:0.4765359152948215
C_MOVECOUNT:0.5
