ELO:906
CE_PASSEDPAWNS:0.527684785600388
CE_PAWNWEAKNESSES:0.5015791050221737
CE_PIECEACTIVITY:0.4096317186910633
CE_KINGPAWNSHIELD:0.5379045629180402
CE_PIECECOORDINATION:0.5228275839214741
CE_MATERIAL:0.4702571182370209
CE_KINGSAFETY:0.4643959539434438
C_PIECESQUARETABLES:0.5132708211502878
C_MOBILITY:0.5484376944774008
C_KINGSAFETY:0.39201600287910743
C_PAWNSTRUCTURE:0.4592291751127494
C_PIECECOORDINATION:0.539250487702621
C_ROOKANDPAWNMOVEMENT:0.539250487702621
C_CENTERCONTROL:0.4461059851479198
C_DEVELOPPIECES:0.5339019334532075
C_MATERIAL:0.5175746725977062
