ELO:1000
CE_PASSEDPAWNS:0.5021578264717526
CE_PAWNWEAKNESSES:0.4908772300730546
CE_PIECEACTIVITY:0.5106352838470767
CE_KINGPAWNSHIELD:0.4900173479317437
CE_PIECECOORDINATION:0.5124425509858431
CE_MATERIAL:0.5072927703669592
CE_KINGSAFETY:0.5041580430420834
C_PIECESQUARETABLES:0.4889076903257976
C_MOBILITY:0.5011745585145637
C_KINGSAFETY:0.5
C_PAWNSTRUCTURE:0.49000958517138266
C_PIECECOORDINATION:0.5
C_ROOK:0.4783440362807841
CE_ROOK:0.4946031065187488
C_CENTERCONTROL:0.5105616993853247
C_DEVELOPPIECES:0.5087808272083533
C_MATERIAL:0.5056101699462634
C_MOVECOUNT:0.5071200025224312
C_PAWNMOVEMENT:0.5109467305734924
