ELO:936
CE_PASSEDPAWNS:0.5671433082569303
CE_PAWNWEAKNESSES:0.5050880135236326
CE_PIECEACTIVITY:0.4585697061969072
CE_KINGPAWNSHIELD:0.52770394038215
CE_PIECECOORDINATION:0.5137334772437584
CE_MATERIAL:0.4523263822940467
CE_KINGSAFETY:0.5
C_PIECESQUARETABLES:0.5050510165164553
C_MOBILITY:0.5485067697222618
C_KINGSAFETY:0.3941429549824932
C_PAWNSTRUCTURE:0.4518096598012179
C_PIECECOORDINATION:0.5314311196618888
C_ROOKANDPAWNMOVEMENT:0.5314311196618888
C_CENTERCONTROL:0.45465762779940094
C_DEVELOPPIECES:0.5190617186555093
C_MATERIAL:0.48971245653077444
