ELO:1100
CE_PASSEDPAWNS:0.44936899962105237
CE_PAWNWEAKNESSES:0.4897886499242233
CE_PIECEACTIVITY:0.5822554920959389
CE_KINGPAWNSHIELD:0.4774259118591802
CE_PIECECOORDINATION:0.4740445867024571
CE_MATERIAL:0.3963786524687434
CE_KINGSAFETY:0.5059461976058403
C_PIECESQUARETABLES:0.5
C_MOBILITY:0.4205820835115995
C_KINGSAFETY:0.5122110193792271
C_PAWNSTRUCTURE:0.4339906015907538
C_PIECECOORDINATION:0.4794552000719628
C_ROOKANDPAWNMOVEMENT:0.4794552000719628
C_CENTERCONTROL:0.4951469385497064
C_DEVELOPPIECES:0.5819312794465084
C_MATERIAL:0.4085247105058814
