ELO:1005
CE_PASSEDPAWNS:0.5105969375391699
CE_PAWNWEAKNESSES:0.49612795975404883
CE_PIECEACTIVITY:0.4960788651580652
CE_KINGPAWNSHIELD:0.4943817830274692
CE_PIECECOORDINATION:0.4915367186084338
CE_MATERIAL:0.5164801937928755
CE_KINGSAFETY:0.49886908576628836
C_PIECESQUARETABLES:0.5093854203014836
C_MOBILITY:0.49336417264336485
C_KINGSAFETY:0.48303551289591057
C_PAWNSTRUCTURE:0.5318860680906836
C_PIECECOORDINATION:0.5157819802642334
C_ROOK:0.5015334043637832
CE_ROOK:0.5124951312198234
C_CENTERCONTROL:0.5100548205135506
C_DEVELOPPIECES:0.5029466121533533
C_MATERIAL:0.48454601604724745
C_MOVECOUNT:0.5171362341437916
C_PAWNMOVEMENT:0.5057871283681042
