ELO:951
CE_PASSEDPAWNS:0.5447807816958133
CE_PAWNWEAKNESSES:0.4990618503194372
CE_PIECEACTIVITY:0.5257268936074947
CE_KINGPAWNSHIELD:0.4569900859461754
CE_PIECECOORDINATION:0.48972391612205896
CE_MATERIAL:0.5063241896276767
CE_KINGSAFETY:0.5
C_PIECESQUARETABLES:0.4871050920162928
C_MOBILITY:0.43309100345478974
C_KINGSAFETY:0.5193675049841066
C_PAWNSTRUCTURE:0.49182857188355344
C_PIECECOORDINATION:0.5742869144285383
C_ROOKANDPAWNMOVEMENT:0.5742869144285383
C_CENTERCONTROL:0.4967296387423953
C_DEVELOPPIECES:0.5015951585230645
C_MATERIAL:0.4689499428405632
C_MOVECOUNT:0.47879521892431615
