ELO:996
CE_PASSEDPAWNS:0.49306050257626594
CE_PAWNWEAKNESSES:0.5142026379657121
CE_PIECEACTIVITY:0.49218309096185725
CE_KINGPAWNSHIELD:0.4936718639956631
CE_PIECECOORDINATION:0.4874624394267769
CE_MATERIAL:0.5080609653025102
CE_KINGSAFETY:0.5021153213842772
C_PIECESQUARETABLES:0.4877882503739919
C_MOBILITY:0.5018643905709577
C_KINGSAFETY:0.49749680537085056
C_PAWNSTRUCTURE:0.5013681422450642
C_PIECECOORDINATION:0.5160725811151596
C_ROOKANDPAWNMOVEMENT:0.5160725811151596
C_CENTERCONTROL:0.5217967952322035
C_DEVELOPPIECES:0.5205747657003181
C_MATERIAL:0.5037541357681399
C_MOVECOUNT:0.5
