ELO:1023
CE_PASSEDPAWNS:0.5101918637393328
CE_PAWNWEAKNESSES:0.4840104548018427
CE_PIECEACTIVITY:0.5034683874290813
CE_KINGPAWNSHIELD:0.5
CE_PIECECOORDINATION:0.5238094004842603
CE_MATERIAL:0.5061820749371356
CE_KINGSAFETY:0.5
C_PIECESQUARETABLES:0.5
C_MOBILITY:0.5175450428029121
C_KINGSAFETY:0.4925469210949234
C_PAWNSTRUCTURE:0.5025755205481844
C_PIECECOORDINATION:0.5212416632565356
C_ROOK:0.5
CE_ROOK:0.5184709806234532
C_CENTERCONTROL:0.47943340078692964
C_DEVELOPPIECES:0.5062075946069686
C_MATERIAL:0.48767837049896284
C_MOVECOUNT:0.4701640049785616
C_PAWNMOVEMENT:0.5015296326728886
