ELO:994
CE_PASSEDPAWNS:0.5021079758038245
CE_PAWNWEAKNESSES:0.48017983155770344
CE_PIECEACTIVITY:0.515406744203148
CE_KINGPAWNSHIELD:0.49463211003944874
CE_PIECECOORDINATION:0.4985000793705205
CE_MATERIAL:0.5103356977943679
CE_KINGSAFETY:0.5072320292394826
C_PIECESQUARETABLES:0.4932624450808441
C_MOBILITY:0.5104476449062311
C_KINGSAFETY:0.49636935709361746
C_PAWNSTRUCTURE:0.4981037799994174
C_PIECECOORDINATION:0.506496369415393
C_ROOKANDPAWNMOVEMENT:0.506496369415393
C_CENTERCONTROL:0.5
C_DEVELOPPIECES:0.5
C_MATERIAL:0.4995447074250442
C_MOVECOUNT:0.4849457619490587
