ELO:1000
CE_PASSEDPAWNS:0.5125901706451577
CE_PAWNWEAKNESSES:0.49511378235652737
CE_PIECEACTIVITY:0.5536839448459978
CE_KINGPAWNSHIELD:0.5419262463120449
CE_PIECECOORDINATION:0.5441164115521492
CE_MATERIAL:0.47948734079913086
CE_KINGSAFETY:0.5026199980897388
C_PIECESQUARETABLES:0.491803247762425
C_MOBILITY:0.47131343725792935
C_KINGSAFETY:0.48949886692346756
C_PAWNSTRUCTURE:0.5062700055443948
C_PIECECOORDINATION:0.5741425777158066
C_ROOKANDPAWNMOVEMENT:0.5741425777158066
C_CENTERCONTROL:0.5550421384389513
C_DEVELOPPIECES:0.5260630198520888
C_MATERIAL:0.5263119983163004
