ELO:975
CE_PASSEDPAWNS:0.5198992792300097
CE_PAWNWEAKNESSES:0.4837232143168497
CE_PIECEACTIVITY:0.4610359134024178
CE_KINGPAWNSHIELD:0.517022388719673
CE_PIECECOORDINATION:0.525769262474898
CE_MATERIAL:0.5128327585890465
CE_KINGSAFETY:0.4826401049353199
C_PIECESQUARETABLES:0.4754035821877575
C_MOBILITY:0.5567178706467572
C_KINGSAFETY:0.457010513441433
C_PAWNSTRUCTURE:0.479757639928876
C_PIECECOORDINATION:0.5602278219262183
C_ROOKANDPAWNMOVEMENT:0.5602278219262183
C_CENTERCONTROL:0.4050011019800406
C_DEVELOPPIECES:0.5255093000146472
C_MATERIAL:0.4876017878646129
