ELO:818
CE_PASSEDPAWNS:0.4988194299422054
CE_PAWNWEAKNESSES:0.5039941820119688
CE_PIECEACTIVITY:0.33522630056196207
CE_KINGPAWNSHIELD:0.575541397485197
CE_PIECECOORDINATION:0.471949590496189
CE_MATERIAL:0.47346978832274705
CE_KINGSAFETY:0.5159823151855162
C_PIECESQUARETABLES:0.49130153406294536
C_MOBILITY:0.47537630311783746
C_KINGSAFETY:0.4952641511069538
C_PAWNSTRUCTURE:0.5395238189894309
C_PIECECOORDINATION:0.5715650781140602
C_ROOKANDPAWNMOVEMENT:0.5715650781140602
C_CENTERCONTROL:0.4587994230203992
C_DEVELOPPIECES:0.5403995372991034
C_MATERIAL:0.45585000296149164
C_MOVECOUNT:0.5
