ELO:992
CE_PASSEDPAWNS:0.5148404733444615
CE_PAWNWEAKNESSES:0.499335902467868
CE_PIECEACTIVITY:0.5080750564598339
CE_KINGPAWNSHIELD:0.4600101646173656
CE_PIECECOORDINATION:0.5094759636848368
CE_MATERIAL:0.4948670507837942
CE_KINGSAFETY:0.5085084318771236
C_PIECESQUARETABLES:0.4891640500560377
C_MOBILITY:0.5
C_KINGSAFETY:0.49276281561694624
C_PAWNSTRUCTURE:0.51281133440543
C_PIECECOORDINATION:0.47404070564085776
C_ROOKANDPAWNMOVEMENT:0.47404070564085776
C_CENTERCONTROL:0.5
C_DEVELOPPIECES:0.5116157997619466
C_MATERIAL:0.5208180133645115
C_MOVECOUNT:0.5
