ELO:1000
CE_PASSEDPAWNS:0.5180902351929028
CE_PAWNWEAKNESSES:0.5134935259806059
CE_PIECEACTIVITY:0.5136577961974013
CE_KINGPAWNSHIELD:0.5058897227628568
CE_PIECECOORDINATION:0.5111162877217451
CE_MATERIAL:0.5010532437121948
CE_KINGSAFETY:0.5075015064322128
C_PIECESQUARETABLES:0.49500601707056163
C_MOBILITY:0.48952460151394206
C_KINGSAFETY:0.4940137958484768
C_PAWNSTRUCTURE:0.4903440659523598
C_PIECECOORDINATION:0.48186038857592733
C_ROOKANDPAWNMOVEMENT:0.48186038857592733
C_CENTERCONTROL:0.48892612578626965
C_DEVELOPPIECES:0.5064426161624186
C_MATERIAL:0.5096644562220483
