ELO:1000
CE_PASSEDPAWNS:0.4853786544669864
CE_PAWNWEAKNESSES:0.4815304033139668
CE_PIECEACTIVITY:0.5096372061173495
CE_KINGPAWNSHIELD:0.5424376545279317
CE_PIECECOORDINATION:0.5042931015240453
CE_MATERIAL:0.48613429812754483
CE_KINGSAFETY:0.5149882182027525
C_PIECESQUARETABLES:0.505568098678426
C_MOBILITY:0.46684971731711566
C_KINGSAFETY:0.5015881752195795
C_PAWNSTRUCTURE:0.4766659051694671
C_PIECECOORDINATION:0.5187558486049865
C_ROOKANDPAWNMOVEMENT:0.5187558486049865
C_CENTERCONTROL:0.539546006585128
C_DEVELOPPIECES:0.5072991936569999
C_MATERIAL:0.4894749819033838
