ELO:858
CE_PASSEDPAWNS:0.5254814540566344
CE_PAWNWEAKNESSES:0.5203529242918228
CE_PIECEACTIVITY:0.46896953735619523
CE_KINGPAWNSHIELD:0.4885599760474891
CE_PIECECOORDINATION:0.5101309293733136
CE_MATERIAL:0.518770930801813
CE_KINGSAFETY:0.4230612092658528
C_PIECESQUARETABLES:0.5185054651202944
C_MOBILITY:0.4868981457706055
C_KINGSAFETY:0.48505915599754457
C_PAWNSTRUCTURE:0.5209485506384216
C_PIECECOORDINATION:0.5282812590658101
C_ROOKANDPAWNMOVEMENT:0.5282812590658101
C_CENTERCONTROL:0.45483371872124256
C_DEVELOPPIECES:0.42021552761944664
C_MATERIAL:0.5195967107193143
C_MOVECOUNT:0.533563617986596
