ELO:942
CE_PASSEDPAWNS:0.47964121058095316
CE_PAWNWEAKNESSES:0.5135247493028923
CE_PIECEACTIVITY:0.4971113053586013
CE_KINGPAWNSHIELD:0.4735940747842018
CE_PIECECOORDINATION:0.5178269133696288
CE_MATERIAL:0.4564085873013083
CE_KINGSAFETY:0.48635963920254077
C_PIECESQUARETABLES:0.4938823284079212
C_MOBILITY:0.4784693281271816
C_KINGSAFETY:0.5175400367175097
C_PAWNSTRUCTURE:0.4914674127921431
C_PIECECOORDINATION:0.4968685753968983
C_ROOKANDPAWNMOVEMENT:0.4968685753968983
C_CENTERCONTROL:0.5183116812258537
C_DEVELOPPIECES:0.47394902084342466
C_MATERIAL:0.518978516975235
C_MOVECOUNT:0.4911469606043911
