ELO:989
CE_PASSEDPAWNS:0.523400787471105
CE_PAWNWEAKNESSES:0.4723957908759863
CE_PIECEACTIVITY:0.5252982806760821
CE_KINGPAWNSHIELD:0.5458132978295098
CE_PIECECOORDINATION:0.48598326207694015
CE_MATERIAL:0.4608722836763472
CE_KINGSAFETY:0.49497058124904636
C_PIECESQUARETABLES:0.4931091696079126
C_MOBILITY:0.5832913017091022
C_KINGSAFETY:0.5252133716383561
C_PAWNSTRUCTURE:0.3974960377332616
C_PIECECOORDINATION:0.49481266204964397
C_ROOKANDPAWNMOVEMENT:0.49481266204964397
C_CENTERCONTROL:0.3628208528192532
C_DEVELOPPIECES:0.4349677249468998
C_MATERIAL:0.6234991122067586
