ELO:1013
CE_PASSEDPAWNS:0.5110196372096623
CE_PAWNWEAKNESSES:0.48396006495068156
CE_PIECEACTIVITY:0.49558962566582854
CE_KINGPAWNSHIELD:0.4956692092250099
CE_PIECECOORDINATION:0.47649555088981205
CE_MATERIAL:0.5097811921191853
CE_KINGSAFETY:0.5
C_PIECESQUARETABLES:0.5
C_MOBILITY:0.48880449444570667
C_KINGSAFETY:0.5170180512813435
C_PAWNSTRUCTURE:0.5125440906912597
C_PIECECOORDINATION:0.5080987145855469
C_ROOK:0.5182859008400511
CE_ROOK:0.518072906126279
C_CENTERCONTROL:0.5201308160764048
C_DEVELOPPIECES:0.5070915713908951
C_MATERIAL:0.5126455007579979
C_MOVECOUNT:0.5114060774088982
C_PAWNMOVEMENT:0.47099577499993855
