ELO:991
CE_PASSEDPAWNS:0.523400787471105
CE_PAWNWEAKNESSES:0.4831495517461268
CE_PIECEACTIVITY:0.5227951816602238
CE_KINGPAWNSHIELD:0.542603462243025
CE_PIECECOORDINATION:0.4846973356516632
CE_MATERIAL:0.4608722836763472
CE_KINGSAFETY:0.5013255379671433
C_PIECESQUARETABLES:0.4931091696079126
C_MOBILITY:0.5772136356856138
C_KINGSAFETY:0.5250912115677565
C_PAWNSTRUCTURE:0.46054427260367564
C_PIECECOORDINATION:0.5025144520835259
C_ROOKANDPAWNMOVEMENT:0.5025144520835259
C_CENTERCONTROL:0.4207838553429403
C_DEVELOPPIECES:0.4349677249468998
C_MATERIAL:0.6234991122067586
