ELO:1021
CE_PASSEDPAWNS:0.49046495284590524
CE_PAWNWEAKNESSES:0.490528264246406
CE_PIECEACTIVITY:0.5
CE_KINGPAWNSHIELD:0.5047246334682637
CE_PIECECOORDINATION:0.49031310952803
CE_MATERIAL:0.48404909501543314
CE_KINGSAFETY:0.5
C_PIECESQUARETABLES:0.5
C_MOBILITY:0.5
C_KINGSAFETY:0.48291548632495457
C_PAWNSTRUCTURE:0.5245121808813848
C_PIECECOORDINATION:0.47101168221032813
C_ROOKANDPAWNMOVEMENT:0.47101168221032813
C_CENTERCONTROL:0.5
C_DEVELOPPIECES:0.515485056871182
C_MATERIAL:0.5025273148322343
C_MOVECOUNT:0.5146920319769093
