ELO:916
CE_PASSEDPAWNS:0.5564099558866717
CE_PAWNWEAKNESSES:0.4849922143028498
CE_PIECEACTIVITY:0.4248938890010014
CE_KINGPAWNSHIELD:0.535259227131874
CE_PIECECOORDINATION:0.5237156477811665
CE_MATERIAL:0.44712334695857603
CE_KINGSAFETY:0.4896906571427569
C_PIECESQUARETABLES:0.5119130207807132
C_MOBILITY:0.5698982586513888
C_KINGSAFETY:0.4003419230094214
C_PAWNSTRUCTURE:0.4320339111246312
C_PIECECOORDINATION:0.5275536985631379
C_ROOKANDPAWNMOVEMENT:0.5275536985631379
C_CENTERCONTROL:0.4572090231402167
C_DEVELOPPIECES:0.5257180521368385
C_MATERIAL:0.49806574573713197
