ELO:950
CE_PASSEDPAWNS:0.46875438326400315
CE_PAWNWEAKNESSES:0.5035314053591091
CE_PIECEACTIVITY:0.533517539416581
CE_KINGPAWNSHIELD:0.4993458868833808
CE_PIECECOORDINATION:0.4989965019517038
CE_MATERIAL:0.5
CE_KINGSAFETY:0.49262034296848983
C_PIECESQUARETABLES:0.48270572162720343
C_MOBILITY:0.4689169408189431
C_KINGSAFETY:0.48630610628492027
C_PAWNSTRUCTURE:0.4960611753733666
C_PIECECOORDINATION:0.5074112101914483
C_ROOK:0.5071367176532315
CE_ROOK:0.5214439183148878
C_CENTERCONTROL:0.5203135674718836
C_DEVELOPPIECES:0.5160454409224271
C_MATERIAL:0.5046641690653731
C_MOVECOUNT:0.5032630079213282
C_PAWNMOVEMENT:0.49151463955350805
