ELO:946
CE_PASSEDPAWNS:0.6319612584684966
CE_PAWNWEAKNESSES:0.5560288255387156
CE_PIECEACTIVITY:0.5103107106061043
CE_KINGPAWNSHIELD:0.5003100047125113
CE_PIECECOORDINATION:0.43686621638926315
CE_MATERIAL:0.5514867701931178
CE_KINGSAFETY:0.5077339019386028
C_PIECESQUARETABLES:0.5038433938089721
C_MOBILITY:0.41510397849293573
C_KINGSAFETY:0.5159311857552797
C_PAWNSTRUCTURE:0.5114430589878665
C_PIECECOORDINATION:0.5609459581293289
C_ROOKANDPAWNMOVEMENT:0.5609459581293289
C_CENTERCONTROL:0.5365887720362272
C_DEVELOPPIECES:0.6056409000846219
C_MATERIAL:0.5581872290622215
