ELO:916
CE_PASSEDPAWNS:0.5196161989215788
CE_PAWNWEAKNESSES:0.4743623771680734
CE_PIECEACTIVITY:0.4956291972093069
CE_KINGPAWNSHIELD:0.5002815956513723
CE_PIECECOORDINATION:0.5206257982963576
CE_MATERIAL:0.5059005580470399
CE_KINGSAFETY:0.501278881157107
C_PIECESQUARETABLES:0.4730566733386962
C_MOBILITY:0.5240749199133745
C_KINGSAFETY:0.5396270806961009
C_PAWNSTRUCTURE:0.5352470055387141
C_PIECECOORDINATION:0.4745427932214648
C_ROOK:0.514424559357325
CE_ROOK:0.4959073930533012
C_CENTERCONTROL:0.4909705008849829
C_DEVELOPPIECES:0.500074034214949
C_MATERIAL:0.51555124908084
C_MOVECOUNT:0.45399945928435104
C_PAWNMOVEMENT:0.5158612600544011
