ELO:576
CE_PASSEDPAWNS:0.42423224693772627
CE_PAWNWEAKNESSES:0.5874985129877213
CE_PIECEACTIVITY:0.2962812956447481
CE_KINGPAWNSHIELD:0.5181497647318076
CE_PIECECOORDINATION:0.48987424922126005
CE_MATERIAL:0.36781773131690176
CE_KINGSAFETY:0.5
C_PIECESQUARETABLES:0.4973096775561879
C_MOBILITY:0.43622503770166837
C_KINGSAFETY:0.444521471857185
C_PAWNSTRUCTURE:0.5287686152802273
C_PIECECOORDINATION:0.504940894716115
C_ROOKANDPAWNMOVEMENT:0.504940894716115
C_CENTERCONTROL:0.41821291451131626
C_DEVELOPPIECES:0.5173185755556654
C_MATERIAL:0.5005919018984912
C_MOVECOUNT:0.5
