ELO:827
CE_PASSEDPAWNS:0.5452581867495673
CE_PAWNWEAKNESSES:0.4995257884581744
CE_PIECEACTIVITY:0.4502178556129327
CE_KINGPAWNSHIELD:0.4714551497721681
CE_PIECECOORDINATION:0.5337402913451532
CE_MATERIAL:0.5363217729702484
CE_KINGSAFETY:0.43461848074043213
C_PIECESQUARETABLES:0.5115008200979624
C_MOBILITY:0.47895172732326596
C_KINGSAFETY:0.5097912564050575
C_PAWNSTRUCTURE:0.567150326949093
C_PIECECOORDINATION:0.5467971302049136
C_ROOKANDPAWNMOVEMENT:0.5467971302049136
C_CENTERCONTROL:0.44702431503067935
C_DEVELOPPIECES:0.41368248444484296
C_MATERIAL:0.5066164523585561
C_MOVECOUNT:0.5371474590236949
