ELO:944
CE_PASSEDPAWNS:0.619398307202573
CE_PAWNWEAKNESSES:0.5486955217070776
CE_PIECEACTIVITY:0.49074719629269836
CE_KINGPAWNSHIELD:0.4629981972174867
CE_PIECECOORDINATION:0.4558707231397413
CE_MATERIAL:0.5540571501649064
CE_KINGSAFETY:0.4949664642687614
C_PIECESQUARETABLES:0.4836455432853013
C_MOBILITY:0.4245639702001423
C_KINGSAFETY:0.4778919729874472
C_PAWNSTRUCTURE:0.5067786415967716
C_PIECECOORDINATION:0.5560270684306039
C_ROOKANDPAWNMOVEMENT:0.5560270684306039
C_CENTERCONTROL:0.5121960478970847
C_DEVELOPPIECES:0.6015592882367519
C_MATERIAL:0.5300841970137459
