ELO:816
CE_PASSEDPAWNS:0.47568717232027613
CE_PAWNWEAKNESSES:0.47983161435385924
CE_PIECEACTIVITY:0.4693483986316972
CE_KINGPAWNSHIELD:0.5737782178203171
CE_PIECECOORDINATION:0.5518068463352365
CE_MATERIAL:0.4973983201671193
CE_KINGSAFETY:0.5030219276108963
C_PIECESQUARETABLES:0.5
C_MOBILITY:0.5018980721155145
C_KINGSAFETY:0.5086727828536303
C_PAWNSTRUCTURE:0.43313900010392864
C_PIECECOORDINATION:0.4146327350944811
C_ROOKANDPAWNMOVEMENT:0.4146327350944811
C_CENTERCONTROL:0.47502646815822686
C_DEVELOPPIECES:0.5875382345164749
C_MATERIAL:0.46976986379767866
C_MOVECOUNT:0.4852379040709513
