ELO:954
CE_PASSEDPAWNS:0.49178700562465355
CE_PAWNWEAKNESSES:0.5134611186140742
CE_PIECEACTIVITY:0.507567505350781
CE_KINGPAWNSHIELD:0.5015504971456373
CE_PIECECOORDINATION:0.4775524235410569
CE_MATERIAL:0.5229944710409365
CE_KINGSAFETY:0.4923704882630206
C_PIECESQUARETABLES:0.49250269237285604
C_MOBILITY:0.5016777626976427
C_KINGSAFETY:0.519492784606729
C_PAWNSTRUCTURE:0.5036317981279447
C_PIECECOORDINATION:0.5056357011810961
C_ROOKANDPAWNMOVEMENT:0.5056357011810961
C_CENTERCONTROL:0.5132594869272167
C_DEVELOPPIECES:0.4998024448922086
C_MATERIAL:0.46561405082456286
C_MOVECOUNT:0.5074485912942667
