ELO:1035
CE_PASSEDPAWNS:0.5
CE_PAWNWEAKNESSES:0.5188655731458138
CE_PIECEACTIVITY:0.5101882212790882
CE_KINGPAWNSHIELD:0.5054386618545429
CE_PIECECOORDINATION:0.4959022151667902
CE_MATERIAL:0.49553746853649316
CE_KINGSAFETY:0.48935422004279067
C_PIECESQUARETABLES:0.49066998351054486
C_MOBILITY:0.5
C_KINGSAFETY:0.5025630153020332
C_PAWNSTRUCTURE:0.5
C_PIECECOORDINATION:0.5045694697530221
C_ROOKANDPAWNMOVEMENT:0.5045694697530221
C_CENTERCONTROL:0.5
C_DEVELOPPIECES:0.5
C_MATERIAL:0.4892779066874848
C_MOVECOUNT:0.5
