ELO:961
CE_PASSEDPAWNS:0.3949774387621399
CE_PAWNWEAKNESSES:0.44711947042161737
CE_PIECEACTIVITY:0.5263884882871381
CE_KINGPAWNSHIELD:0.43723498080387624
CE_PIECECOORDINATION:0.49923414519378656
CE_MATERIAL:0.577535066673005
CE_KINGSAFETY:0.5434894502904322
C_PIECESQUARETABLES:0.5078059204862885
C_MOBILITY:0.593750954819969
C_KINGSAFETY:0.5680195411705875
C_PAWNSTRUCTURE:0.38962200504011085
C_PIECECOORDINATION:0.5341538512453804
C_ROOKANDPAWNMOVEMENT:0.5341538512453804
C_CENTERCONTROL:0.32286264997760783
C_DEVELOPPIECES:0.4414497426236937
C_MATERIAL:0.4988099919968012
