ELO:920
CE_PASSEDPAWNS:0.4768318281265714
CE_PAWNWEAKNESSES:0.49142726735049147
CE_PIECEACTIVITY:0.5148312186807462
CE_KINGPAWNSHIELD:0.5326909939216025
CE_PIECECOORDINATION:0.48598384646529763
CE_MATERIAL:0.44026699027308314
CE_KINGSAFETY:0.5214935319338228
C_PIECESQUARETABLES:0.5042298773629461
C_MOBILITY:0.46753252122242495
C_KINGSAFETY:0.46922965263091926
C_PAWNSTRUCTURE:0.4262267552550761
C_PIECECOORDINATION:0.4831331977741778
C_ROOKANDPAWNMOVEMENT:0.4831331977741778
C_CENTERCONTROL:0.5015311301599218
C_DEVELOPPIECES:0.5217147307820961
C_MATERIAL:0.49136072778192835
C_MOVECOUNT:0.5
