ELO:839
CE_PASSEDPAWNS:0.4908204949993317
CE_PAWNWEAKNESSES:0.5345828242167433
CE_PIECEACTIVITY:0.49517834046518416
CE_KINGPAWNSHIELD:0.5898294885915838
CE_PIECECOORDINATION:0.5425986788407883
CE_MATERIAL:0.487749639694192
CE_KINGSAFETY:0.5533701019231458
C_PIECESQUARETABLES:0.5
C_MOBILITY:0.5575171737037803
C_KINGSAFETY:0.5562802157609781
C_PAWNSTRUCTURE:0.4504147507549285
C_PIECECOORDINATION:0.44758219917815356
C_ROOKANDPAWNMOVEMENT:0.44758219917815356
C_CENTERCONTROL:0.42833399457374915
C_DEVELOPPIECES:0.5087359041418192
C_MATERIAL:0.5222519657452552
C_MOVECOUNT:0.4892750130211073
