ELO:938
CE_PASSEDPAWNS:0.3921078423651735
CE_PAWNWEAKNESSES:0.4529393596176021
CE_PIECEACTIVITY:0.44268772048665395
CE_KINGPAWNSHIELD:0.5162318266326817
CE_PIECECOORDINATION:0.4490977763212325
CE_MATERIAL:0.5043605592441341
CE_KINGSAFETY:0.502589578234532
C_PIECESQUARETABLES:0.5368637867492877
C_MOBILITY:0.2863278664322678
C_KINGSAFETY:0.4647192866006666
C_PAWNSTRUCTURE:0.4893742593600382
C_PIECECOORDINATION:0.4498156714776141
C_ROOKANDPAWNMOVEMENT:0.4498156714776141
C_CENTERCONTROL:0.5279388739007311
C_DEVELOPPIECES:0.48823737684097235
C_MATERIAL:0.514689894344447
