ELO:905
CE_PASSEDPAWNS:0.5436987546590629
CE_PAWNWEAKNESSES:0.4551511138071845
CE_PIECEACTIVITY:0.41436056655022663
CE_KINGPAWNSHIELD:0.43214451608117377
CE_PIECECOORDINATION:0.45074956550011097
CE_MATERIAL:0.45380299516398775
CE_KINGSAFETY:0.5241453208174818
C_PIECESQUARETABLES:0.5448597045430669
C_MOBILITY:0.35176514263570335
C_KINGSAFETY:0.5550634520700972
C_PAWNSTRUCTURE:0.496135178468192
C_PIECECOORDINATION:0.4935629267238054
C_ROOKANDPAWNMOVEMENT:0.4935629267238054
C_CENTERCONTROL:0.4688437523009809
C_DEVELOPPIECES:0.32844388453681833
C_MATERIAL:0.6020973635547919
