ELO:945
CE_PASSEDPAWNS:0.40287200420187896
CE_PAWNWEAKNESSES:0.4699577378178296
CE_PIECEACTIVITY:0.4943098843977992
CE_KINGPAWNSHIELD:0.4441154690319923
CE_PIECECOORDINATION:0.4943592517460906
CE_MATERIAL:0.5917114211838778
CE_KINGSAFETY:0.5308203500942692
C_PIECESQUARETABLES:0.4890175075165753
C_MOBILITY:0.6013200497879684
C_KINGSAFETY:0.5514640965475508
C_PAWNSTRUCTURE:0.3854811007016484
C_PIECECOORDINATION:0.5395308829655701
C_ROOKANDPAWNMOVEMENT:0.5395308829655701
C_CENTERCONTROL:0.3245026035918576
C_DEVELOPPIECES:0.4250788091097339
C_MATERIAL:0.5021424331943652
