ELO:1010
CE_PASSEDPAWNS:0.5589511515540476
CE_PAWNWEAKNESSES:0.5166360239782043
CE_PIECEACTIVITY:0.47338493263003095
CE_KINGPAWNSHIELD:0.5543464222971837
CE_PIECECOORDINATION:0.5326332101940666
CE_MATERIAL:0.4843526877014101
CE_KINGSAFETY:0.5083411674570167
C_PIECESQUARETABLES:0.4996619995449729
C_MOBILITY:0.5695514990019762
C_KINGSAFETY:0.6276170929045072
C_PAWNSTRUCTURE:0.5597246486530943
C_PIECECOORDINATION:0.563269255563339
C_ROOKANDPAWNMOVEMENT:0.563269255563339
C_CENTERCONTROL:0.48768030085057196
C_DEVELOPPIECES:0.5050699274589564
C_MATERIAL:0.6038129590319162
