ELO:918
CE_PASSEDPAWNS:0.5606747600915634
CE_PAWNWEAKNESSES:0.48345186834949
CE_PIECEACTIVITY:0.4851776647372024
CE_KINGPAWNSHIELD:0.5041979178860734
CE_PIECECOORDINATION:0.49973649402736997
CE_MATERIAL:0.5328103121204601
CE_KINGSAFETY:0.49440702267986125
C_PIECESQUARETABLES:0.5
C_MOBILITY:0.49706708029580665
C_KINGSAFETY:0.5307448505066908
C_PAWNSTRUCTURE:0.4793604276996922
C_PIECECOORDINATION:0.5011047813612307
C_ROOK:0.5146740298545112
CE_ROOK:0.5024309325305952
C_CENTERCONTROL:0.5044643874545423
C_DEVELOPPIECES:0.4770331317908496
C_MATERIAL:0.5002008066953386
C_MOVECOUNT:0.49687260701545277
C_PAWNMOVEMENT:0.5153645177483084
