ELO:964
CE_PASSEDPAWNS:0.49178700562465355
CE_PAWNWEAKNESSES:0.5039620800929437
CE_PIECEACTIVITY:0.5
CE_KINGPAWNSHIELD:0.5073409853554257
CE_PIECECOORDINATION:0.4775524235410569
CE_MATERIAL:0.5079482849033577
CE_KINGSAFETY:0.5058231208552421
C_PIECESQUARETABLES:0.48976120050262745
C_MOBILITY:0.5
C_KINGSAFETY:0.5147068791872431
C_PAWNSTRUCTURE:0.5042033688124633
C_PIECECOORDINATION:0.5000396483918185
C_ROOKANDPAWNMOVEMENT:0.5000396483918185
C_CENTERCONTROL:0.5041820586569086
C_DEVELOPPIECES:0.5020315417022309
C_MATERIAL:0.48889218299687653
C_MOVECOUNT:0.5093509007679439
