ELO:1000
CE_PASSEDPAWNS:0.44840998976133234
CE_PAWNWEAKNESSES:0.4727752954327528
CE_PIECEACTIVITY:0.4448142277886004
CE_KINGPAWNSHIELD:0.46914165284435166
CE_PIECECOORDINATION:0.5247392716203686
CE_MATERIAL:0.4480668330356768
CE_KINGSAFETY:0.4589296537408099
C_PIECESQUARETABLES:0.4515904643967859
C_MOBILITY:0.4886392211295546
C_KINGSAFETY:0.48451513554753967
C_PAWNSTRUCTURE:0.41912674978136477
C_PIECECOORDINATION:0.48498575097951757
C_ROOKANDPAWNMOVEMENT:0.48498575097951757
C_CENTERCONTROL:0.5036316898735914
C_DEVELOPPIECES:0.4807690232050559
C_MATERIAL:0.4746180679821149
