ELO:971
CE_PASSEDPAWNS:0.4955217753451676
CE_PAWNWEAKNESSES:0.4862318061899212
CE_PIECEACTIVITY:0.4915691392214618
CE_KINGPAWNSHIELD:0.5
CE_PIECECOORDINATION:0.5155217155892152
CE_MATERIAL:0.5019493203835735
CE_KINGSAFETY:0.5072688801990808
C_PIECESQUARETABLES:0.486766551009596
C_MOBILITY:0.49195667711308905
C_KINGSAFETY:0.5091599680562153
C_PAWNSTRUCTURE:0.5027934927829981
C_PIECECOORDINATION:0.5035849926290118
C_ROOKANDPAWNMOVEMENT:0.5035849926290118
C_CENTERCONTROL:0.5048312810771781
C_DEVELOPPIECES:0.50373154046452
C_MATERIAL:0.5068228969834179
C_MOVECOUNT:0.4878159104334917
