ELO:908
CE_PASSEDPAWNS:0.5533669133150407
CE_PAWNWEAKNESSES:0.4609985026748382
CE_PIECEACTIVITY:0.4689610325074881
CE_KINGPAWNSHIELD:0.4249639327751923
CE_PIECECOORDINATION:0.43935042368167837
CE_MATERIAL:0.47677109220282504
CE_KINGSAFETY:0.4864388060040432
C_PIECESQUARETABLES:0.5294358692230863
C_MOBILITY:0.4701120859966266
C_KINGSAFETY:0.6578431439234695
C_PAWNSTRUCTURE:0.4650884135565346
C_PIECECOORDINATION:0.4845505548215313
C_ROOKANDPAWNMOVEMENT:0.4845505548215313
C_CENTERCONTROL:0.4991352159052112
C_DEVELOPPIECES:0.32080055891140136
C_MATERIAL:0.6187231383626597
