ELO:811
CE_PASSEDPAWNS:0.50512349511355
CE_PAWNWEAKNESSES:0.3649504369616987
CE_PIECEACTIVITY:0.5922088141543117
CE_KINGPAWNSHIELD:0.5397544094012778
CE_PIECECOORDINATION:0.5962107513247227
CE_MATERIAL:0.40352867804263165
CE_KINGSAFETY:0.4788184466263848
C_PIECESQUARETABLES:0.4989934977444741
C_MOBILITY:0.46856612253829305
C_KINGSAFETY:0.5408694712355925
C_PAWNSTRUCTURE:0.6064975776706699
C_PIECECOORDINATION:0.6469902520330463
C_ROOKANDPAWNMOVEMENT:0.6469902520330463
C_CENTERCONTROL:0.4741300201320799
C_DEVELOPPIECES:0.31043256208509784
C_MATERIAL:0.5113248541125092
