ELO:1000
CE_PASSEDPAWNS:0.4993133675697122
CE_PAWNWEAKNESSES:0.5227401219984658
CE_PIECEACTIVITY:0.5068633442054746
CE_KINGPAWNSHIELD:0.5198894121244181
CE_PIECECOORDINATION:0.4541346895611377
CE_MATERIAL:0.44375333662774125
CE_KINGSAFETY:0.4944379855238988
C_PIECESQUARETABLES:0.5101914361071859
C_MOBILITY:0.4889773888534377
C_KINGSAFETY:0.5189759294470859
C_PAWNSTRUCTURE:0.45491317458623903
C_PIECECOORDINATION:0.5153821898806827
C_ROOKANDPAWNMOVEMENT:0.5153821898806827
C_CENTERCONTROL:0.49602645423787806
C_DEVELOPPIECES:0.5031532399088569
C_MATERIAL:0.4585200009972334
