ELO:920
CE_PASSEDPAWNS:0.4829025789951339
CE_PAWNWEAKNESSES:0.45816319740323536
CE_PIECEACTIVITY:0.48279077713092416
CE_KINGPAWNSHIELD:0.5027926986410918
CE_PIECECOORDINATION:0.5216812203249248
CE_MATERIAL:0.5126019704225766
CE_KINGSAFETY:0.49019814611920637
C_PIECESQUARETABLES:0.48473055760056233
C_MOBILITY:0.48964725628429684
C_KINGSAFETY:0.5028392583920438
C_PAWNSTRUCTURE:0.49419864557449755
C_PIECECOORDINATION:0.5038510541051473
C_ROOKANDPAWNMOVEMENT:0.5038510541051473
C_CENTERCONTROL:0.49864718709410677
C_DEVELOPPIECES:0.4938469256655552
C_MATERIAL:0.5235602176712717
C_MOVECOUNT:0.47965521918848736
