ELO:949
CE_PASSEDPAWNS:0.5725171022465102
CE_PAWNWEAKNESSES:0.5062119873220379
CE_PIECEACTIVITY:0.47208077336815857
CE_KINGPAWNSHIELD:0.5039120879902532
CE_PIECECOORDINATION:0.49969928106343503
CE_MATERIAL:0.526384234308591
CE_KINGSAFETY:0.5
C_PIECESQUARETABLES:0.5
C_MOBILITY:0.47699712059323157
C_KINGSAFETY:0.536186144254091
C_PAWNSTRUCTURE:0.460831433979083
C_PIECECOORDINATION:0.5233899653508389
C_ROOK:0.4819296995633342
CE_ROOK:0.49166499597296937
C_CENTERCONTROL:0.4896773817113864
C_DEVELOPPIECES:0.4740544593100852
C_MATERIAL:0.4747614567862181
C_MOVECOUNT:0.4687059033500088
C_PAWNMOVEMENT:0.5005667371448447
