ELO:997
CE_PASSEDPAWNS:0.3795905577836642
CE_PAWNWEAKNESSES:0.5290222337209137
CE_PIECEACTIVITY:0.4758594713382593
CE_KINGPAWNSHIELD:0.5601716986771548
CE_PIECECOORDINATION:0.47665586867394083
CE_MATERIAL:0.555990606270224
CE_KINGSAFETY:0.529887183033524
C_PIECESQUARETABLES:0.4538107073771818
C_MOBILITY:0.3796487449651553
C_KINGSAFETY:0.47958396847433654
C_PAWNSTRUCTURE:0.42542125600018116
C_PIECECOORDINATION:0.48175190708536814
C_ROOKANDPAWNMOVEMENT:0.48175190708536814
C_CENTERCONTROL:0.4930575117967625
C_DEVELOPPIECES:0.45535319603053825
C_MATERIAL:0.5203474852446447
