ELO:1020
CE_PASSEDPAWNS:0.5
CE_PAWNWEAKNESSES:0.5188655731458138
CE_PIECEACTIVITY:0.5101882212790882
CE_KINGPAWNSHIELD:0.5054386618545429
CE_PIECECOORDINATION:0.49066594856274937
CE_MATERIAL:0.49760586661600825
CE_KINGSAFETY:0.5
C_PIECESQUARETABLES:0.5138582465783336
C_MOBILITY:0.5
C_KINGSAFETY:0.5067148539507026
C_PAWNSTRUCTURE:0.5
C_PIECECOORDINATION:0.5045694697530221
C_ROOKANDPAWNMOVEMENT:0.5045694697530221
C_CENTERCONTROL:0.5084510391466848
C_DEVELOPPIECES:0.5
C_MATERIAL:0.5194368050395568
C_MOVECOUNT:0.5
