ELO:968
CE_PASSEDPAWNS:0.35002469413114895
CE_PAWNWEAKNESSES:0.49732915081755935
CE_PIECEACTIVITY:0.4349827808319115
CE_KINGPAWNSHIELD:0.5593432175850539
CE_PIECECOORDINATION:0.4556031335449985
CE_MATERIAL:0.5041687180866241
CE_KINGSAFETY:0.49246714990877527
C_PIECESQUARETABLES:0.5181502023881346
C_MOBILITY:0.3485167764645504
C_KINGSAFETY:0.4799100192397368
C_PAWNSTRUCTURE:0.48023398142651574
C_PIECECOORDINATION:0.44314944787892985
C_ROOKANDPAWNMOVEMENT:0.44314944787892985
C_CENTERCONTROL:0.5044183002502725
C_DEVELOPPIECES:0.49268466057417076
C_MATERIAL:0.4917726419503791
