ELO:932
CE_PASSEDPAWNS:0.5608680269406016
CE_PAWNWEAKNESSES:0.4731620848739827
CE_PIECEACTIVITY:0.4912267456229402
CE_KINGPAWNSHIELD:0.4971464040869245
CE_PIECECOORDINATION:0.5032758524879095
CE_MATERIAL:0.49027530086854154
CE_KINGSAFETY:0.5262694109192374
C_PIECESQUARETABLES:0.5013750874318191
C_MOBILITY:0.5029918861171081
C_KINGSAFETY:0.49630806398480076
C_PAWNSTRUCTURE:0.5367287570182203
C_PIECECOORDINATION:0.4851217113820276
C_ROOKANDPAWNMOVEMENT:0.4851217113820276
C_CENTERCONTROL:0.49820386190678173
C_DEVELOPPIECES:0.47100683534800714
C_MATERIAL:0.5093376587325374
C_MOVECOUNT:0.5
