ELO:988
CE_PASSEDPAWNS:0.5003372831868801
CE_PAWNWEAKNESSES:0.4924261789747746
CE_PIECEACTIVITY:0.5000348071972845
CE_KINGPAWNSHIELD:0.4927883827542704
CE_PIECECOORDINATION:0.4951463251568933
CE_MATERIAL:0.4978699410152482
CE_KINGSAFETY:0.511698338209048
C_PIECESQUARETABLES:0.5
C_MOBILITY:0.5
C_KINGSAFETY:0.5098042518062481
C_PAWNSTRUCTURE:0.49629582538187617
C_PIECECOORDINATION:0.5042746881129393
C_ROOK:0.4932524814876038
CE_ROOK:0.5093750785528031
C_CENTERCONTROL:0.47506839643396154
C_DEVELOPPIECES:0.5187950637041298
C_MATERIAL:0.5089217930750553
C_MOVECOUNT:0.5137123588652217
C_PAWNMOVEMENT:0.5038383931263845
