ELO:1000
CE_PASSEDPAWNS:0.4449840379113408
CE_PAWNWEAKNESSES:0.49270749336545594
CE_PIECEACTIVITY:0.4344896223744804
CE_KINGPAWNSHIELD:0.4845811183999034
CE_PIECECOORDINATION:0.5349244149637833
CE_MATERIAL:0.47891126855923594
CE_KINGSAFETY:0.46026695451382255
C_PIECESQUARETABLES:0.45157533784510945
C_MOBILITY:0.4866033941879267
C_KINGSAFETY:0.4825292231288545
C_PAWNSTRUCTURE:0.42960982444894863
C_PIECECOORDINATION:0.46601478495542753
C_ROOKANDPAWNMOVEMENT:0.46601478495542753
C_CENTERCONTROL:0.49781922565054776
C_DEVELOPPIECES:0.48059150063929684
C_MATERIAL:0.49549491731164663
