ELO:988
CE_PASSEDPAWNS:0.5277288571395565
CE_PAWNWEAKNESSES:0.4817709026216047
CE_PIECEACTIVITY:0.514252359466571
CE_KINGPAWNSHIELD:0.5423014866892268
CE_PIECECOORDINATION:0.4846973356516632
CE_MATERIAL:0.47435278414013243
CE_KINGSAFETY:0.5
C_PIECESQUARETABLES:0.4931091696079126
C_MOBILITY:0.5836313903895851
C_KINGSAFETY:0.5250912115677565
C_PAWNSTRUCTURE:0.46969329156212397
C_PIECECOORDINATION:0.49481266204964397
C_ROOKANDPAWNMOVEMENT:0.49481266204964397
C_CENTERCONTROL:0.3628208528192532
C_DEVELOPPIECES:0.4297002400872821
C_MATERIAL:0.6252418844601293
