ELO:1000
CE_PASSEDPAWNS:0.5338661618679816
CE_PAWNWEAKNESSES:0.5217271251440412
CE_PIECEACTIVITY:0.5076834509449358
CE_KINGPAWNSHIELD:0.5499359195946633
CE_PIECECOORDINATION:0.493837530618011
CE_MATERIAL:0.43879112941441156
CE_KINGSAFETY:0.5196882563744181
C_PIECESQUARETABLES:0.5081773627531158
C_MOBILITY:0.5639727944620133
C_KINGSAFETY:0.5047556905705691
C_PAWNSTRUCTURE:0.4681466075102948
C_PIECECOORDINATION:0.5186534180637999
C_ROOKANDPAWNMOVEMENT:0.5186534180637999
C_CENTERCONTROL:0.4927388104742177
C_DEVELOPPIECES:0.5003421517523209
C_MATERIAL:0.46399502566140244
