ELO:1000
CE_PASSEDPAWNS:0.4553005424323068
CE_PAWNWEAKNESSES:0.4847673038797785
CE_PIECEACTIVITY:0.45017647574358366
CE_KINGPAWNSHIELD:0.477833055923986
CE_PIECECOORDINATION:0.5185050899927981
CE_MATERIAL:0.45321638172376927
CE_KINGSAFETY:0.4589296537408099
C_PIECESQUARETABLES:0.4515904643967859
C_MOBILITY:0.4886392211295546
C_KINGSAFETY:0.48451513554753967
C_PAWNSTRUCTURE:0.4129412009838712
C_PIECECOORDINATION:0.49291466921643123
C_ROOKANDPAWNMOVEMENT:0.49291466921643123
C_CENTERCONTROL:0.5090984177149295
C_DEVELOPPIECES:0.4867365498842753
C_MATERIAL:0.48762005430614797
