ELO:828
CE_PASSEDPAWNS:0.4584043994186681
CE_PAWNWEAKNESSES:0.5317986974817839
CE_PIECEACTIVITY:0.47269188031330817
CE_KINGPAWNSHIELD:0.47677086652851064
CE_PIECECOORDINATION:0.4257377128520419
CE_MATERIAL:0.6562992536148716
CE_KINGSAFETY:0.4978553410016402
C_PIECESQUARETABLES:0.40460006834272955
C_MOBILITY:0.3012449087320599
C_KINGSAFETY:0.501854571625736
C_PAWNSTRUCTURE:0.4559375191143156
C_PIECECOORDINATION:0.5034227127024957
C_ROOKANDPAWNMOVEMENT:0.5034227127024957
C_CENTERCONTROL:0.47970125890036464
C_DEVELOPPIECES:0.525926215597436
C_MATERIAL:0.5329611875296076
C_MOVECOUNT:0.5
