ELO:955
CE_PASSEDPAWNS:0.57677525384409
CE_PAWNWEAKNESSES:0.5028474388838589
CE_PIECEACTIVITY:0.47208077336815857
CE_KINGPAWNSHIELD:0.5055829633245145
CE_PIECECOORDINATION:0.4978522689391636
CE_MATERIAL:0.5256366684926874
CE_KINGSAFETY:0.48139348437631024
C_PIECESQUARETABLES:0.5
C_MOBILITY:0.4791336712075592
C_KINGSAFETY:0.5153199133512577
C_PAWNSTRUCTURE:0.47106318907420913
C_PIECECOORDINATION:0.5156424066826624
C_ROOK:0.4915524782836583
CE_ROOK:0.5067179625687268
C_CENTERCONTROL:0.4896773817113864
C_DEVELOPPIECES:0.4864314843440686
C_MATERIAL:0.49752163456044374
C_MOVECOUNT:0.4670387494736779
C_PAWNMOVEMENT:0.5211060104246489
