ELO:922
CE_PASSEDPAWNS:0.43704842264151783
CE_PAWNWEAKNESSES:0.46987946326867647
CE_PIECEACTIVITY:0.5086508246237649
CE_KINGPAWNSHIELD:0.504720798141013
CE_PIECECOORDINATION:0.480258943295949
CE_MATERIAL:0.47652289678218934
CE_KINGSAFETY:0.4924045637107541
C_PIECESQUARETABLES:0.5176588049057972
C_MOBILITY:0.49097646860178246
C_KINGSAFETY:0.48374687021969776
C_PAWNSTRUCTURE:0.5117869688742958
C_PIECECOORDINATION:0.5068573642900424
C_ROOKANDPAWNMOVEMENT:0.5068573642900424
C_CENTERCONTROL:0.5442427103545434
C_DEVELOPPIECES:0.5290725055221668
C_MATERIAL:0.4892515050432994
