ELO:915
CE_PASSEDPAWNS:0.5699967209506606
CE_PAWNWEAKNESSES:0.47502804694316236
CE_PIECEACTIVITY:0.4666553126847294
CE_KINGPAWNSHIELD:0.48303475169475296
CE_PIECECOORDINATION:0.49969928106343503
CE_MATERIAL:0.5290858653068135
CE_KINGSAFETY:0.5118514906016456
C_PIECESQUARETABLES:0.5
C_MOBILITY:0.48266230426312123
C_KINGSAFETY:0.5360192394595666
C_PAWNSTRUCTURE:0.4793604276996922
C_PIECECOORDINATION:0.5242015567800138
C_ROOK:0.5034923432822682
CE_ROOK:0.5103771897463063
C_CENTERCONTROL:0.496420468985454
C_DEVELOPPIECES:0.4823741366022066
C_MATERIAL:0.4977401190724052
C_MOVECOUNT:0.4962682201126694
C_PAWNMOVEMENT:0.5127136530883207
