ELO:967
CE_PASSEDPAWNS:0.4927434795211267
CE_PAWNWEAKNESSES:0.5106418379017259
CE_PIECEACTIVITY:0.5353333216981853
CE_KINGPAWNSHIELD:0.5029948018805446
CE_PIECECOORDINATION:0.49305748750364287
CE_MATERIAL:0.5229944710409365
CE_KINGSAFETY:0.4912784864224259
C_PIECESQUARETABLES:0.4915691228164164
C_MOBILITY:0.5016777626976427
C_KINGSAFETY:0.525840147419208
C_PAWNSTRUCTURE:0.5138306939267588
C_PIECECOORDINATION:0.5064388865338594
C_ROOKANDPAWNMOVEMENT:0.5064388865338594
C_CENTERCONTROL:0.5132594869272167
C_DEVELOPPIECES:0.5092878917518819
C_MATERIAL:0.4592446099958975
C_MOVECOUNT:0.5129918436788495
