ELO:942
CE_PASSEDPAWNS:0.39141210227746387
CE_PAWNWEAKNESSES:0.46307139612654225
CE_PIECEACTIVITY:0.5112071919975978
CE_KINGPAWNSHIELD:0.45236035862671553
CE_PIECECOORDINATION:0.4951830036183494
CE_MATERIAL:0.5966643644642499
CE_KINGSAFETY:0.5308203500942692
C_PIECESQUARETABLES:0.5018518907718431
C_MOBILITY:0.6129584459292999
C_KINGSAFETY:0.5598520461485347
C_PAWNSTRUCTURE:0.37082744814125296
C_PIECECOORDINATION:0.5262598509854851
C_ROOKANDPAWNMOVEMENT:0.5262598509854851
C_CENTERCONTROL:0.3059445177256843
C_DEVELOPPIECES:0.4388751854245918
C_MATERIAL:0.49839427295786465
