ELO:1000
CE_PASSEDPAWNS:0.5334925895652234
CE_PAWNWEAKNESSES:0.5374505460307046
CE_PIECEACTIVITY:0.5027405532181988
CE_KINGPAWNSHIELD:0.5256338308388439
CE_PIECECOORDINATION:0.42642353368788016
CE_MATERIAL:0.4728707503523573
CE_KINGSAFETY:0.4964650452804146
C_PIECESQUARETABLES:0.5338085411471647
C_MOBILITY:0.48980498272359013
C_KINGSAFETY:0.5100170372821671
C_PAWNSTRUCTURE:0.42421380273789955
C_PIECECOORDINATION:0.47926197632441037
C_ROOKANDPAWNMOVEMENT:0.47926197632441037
C_CENTERCONTROL:0.4551022077526748
C_DEVELOPPIECES:0.46524303964616814
C_MATERIAL:0.4940927143587157
