ELO:992
CE_PASSEDPAWNS:0.4927434795211267
CE_PAWNWEAKNESSES:0.5189232140068318
CE_PIECEACTIVITY:0.5053949970882669
CE_KINGPAWNSHIELD:0.49599671277198415
CE_PIECECOORDINATION:0.5174701733723941
CE_MATERIAL:0.5229464751461254
CE_KINGSAFETY:0.4918755936812983
C_PIECESQUARETABLES:0.5
C_MOBILITY:0.48533285022509604
C_KINGSAFETY:0.5250614693510639
C_PAWNSTRUCTURE:0.5025109469777247
C_PIECECOORDINATION:0.506144355433841
C_ROOKANDPAWNMOVEMENT:0.506144355433841
C_CENTERCONTROL:0.5002898755979526
C_DEVELOPPIECES:0.5176501144880629
C_MATERIAL:0.49726656630063204
C_MOVECOUNT:0.4969453794775364
