ELO:1000
CE_PASSEDPAWNS:0.5099466872565396
CE_PAWNWEAKNESSES:0.4997376997951607
CE_PIECEACTIVITY:0.4879248336769967
CE_KINGPAWNSHIELD:0.47915505341334896
CE_PIECECOORDINATION:0.49423654880335766
CE_MATERIAL:0.49288906397099347
CE_KINGSAFETY:0.4477947044702101
C_PIECESQUARETABLES:0.5019589212023655
C_MOBILITY:0.5138384593645972
C_KINGSAFETY:0.48968973712417074
C_PAWNSTRUCTURE:0.4886495661357571
C_PIECECOORDINATION:0.48232157313420043
C_ROOKANDPAWNMOVEMENT:0.48232157313420043
C_CENTERCONTROL:0.5231154583396508
C_DEVELOPPIECES:0.5298350585283276
C_MATERIAL:0.487467535229573
