ELO:960
CE_PASSEDPAWNS:0.3934217649952162
CE_PAWNWEAKNESSES:0.48197281933633584
CE_PIECEACTIVITY:0.5280965767830071
CE_KINGPAWNSHIELD:0.4225151507281627
CE_PIECECOORDINATION:0.5044395295741754
CE_MATERIAL:0.6005145068990911
CE_KINGSAFETY:0.49862858793066184
C_PIECESQUARETABLES:0.48776935515491887
C_MOBILITY:0.5724040611567287
C_KINGSAFETY:0.5820583675068505
C_PAWNSTRUCTURE:0.3924628034708924
C_PIECECOORDINATION:0.545020673204937
C_ROOKANDPAWNMOVEMENT:0.545020673204937
C_CENTERCONTROL:0.326433949756095
C_DEVELOPPIECES:0.49036109862276767
C_MATERIAL:0.47843931310629584
