ELO:1024
CE_PASSEDPAWNS:0.46611279914224313
CE_PAWNWEAKNESSES:0.5101687513418249
CE_PIECEACTIVITY:0.5224383998030141
CE_KINGPAWNSHIELD:0.5077731326609959
CE_PIECECOORDINATION:0.471519832921901
CE_MATERIAL:0.46253512536551805
CE_KINGSAFETY:0.5
C_PIECESQUARETABLES:0.5384026822878192
C_MOBILITY:0.5445590994465752
C_KINGSAFETY:0.6276170929045072
C_PAWNSTRUCTURE:0.5497176690619987
C_PIECECOORDINATION:0.4538900953872619
C_ROOKANDPAWNMOVEMENT:0.4538900953872619
C_CENTERCONTROL:0.4435891923093387
C_DEVELOPPIECES:0.5200913753367232
C_MATERIAL:0.45491673905306207
