ELO:991
CE_PASSEDPAWNS:0.5277288571395565
CE_PAWNWEAKNESSES:0.4691623872571273
CE_PIECEACTIVITY:0.5423380285535441
CE_KINGPAWNSHIELD:0.5355643028961974
CE_PIECECOORDINATION:0.4863168563952228
CE_MATERIAL:0.46553459301501054
CE_KINGSAFETY:0.5
C_PIECESQUARETABLES:0.4922711167512189
C_MOBILITY:0.5769713684554597
C_KINGSAFETY:0.5158723478637096
C_PAWNSTRUCTURE:0.46054427260367564
C_PIECECOORDINATION:0.5001173021515241
C_ROOKANDPAWNMOVEMENT:0.5001173021515241
C_CENTERCONTROL:0.4207838553429403
C_DEVELOPPIECES:0.4354212939766876
C_MATERIAL:0.6234991122067586
