ELO:1000
CE_PASSEDPAWNS:0.47053063876183443
CE_PAWNWEAKNESSES:0.44685032850314643
CE_PIECEACTIVITY:0.4152059293287558
CE_KINGPAWNSHIELD:0.4471318792101322
CE_PIECECOORDINATION:0.5217754286942234
CE_MATERIAL:0.44693045060370884
CE_KINGSAFETY:0.5073721466766814
C_PIECESQUARETABLES:0.5114863907447191
C_MOBILITY:0.5302355112517946
C_KINGSAFETY:0.5051498696981207
C_PAWNSTRUCTURE:0.4039713331901919
C_PIECECOORDINATION:0.5053383911279352
C_ROOKANDPAWNMOVEMENT:0.5053383911279352
C_CENTERCONTROL:0.49076783525816287
C_DEVELOPPIECES:0.5042154241330526
C_MATERIAL:0.4459242424874754
