ELO:992
CE_PASSEDPAWNS:0.4888749446358555
CE_PAWNWEAKNESSES:0.4983382968642874
CE_PIECEACTIVITY:0.522472322551813
CE_KINGPAWNSHIELD:0.5109506032946379
CE_PIECECOORDINATION:0.4899103651352972
CE_MATERIAL:0.4925691126498613
CE_KINGSAFETY:0.5
C_PIECESQUARETABLES:0.5
C_MOBILITY:0.5001073997266288
C_KINGSAFETY:0.4305557542206885
C_PAWNSTRUCTURE:0.5284387406760419
C_PIECECOORDINATION:0.5024118398707236
C_ROOK:0.49361738851163545
CE_ROOK:0.5021450198159964
C_CENTERCONTROL:0.4929101502010343
C_DEVELOPPIECES:0.49283485368857105
C_MATERIAL:0.4919401372919477
C_MOVECOUNT:0.515182979208826
C_PAWNMOVEMENT:0.4568825578925338
