ELO:1000
CE_PASSEDPAWNS:0.5218649274220184
CE_PAWNWEAKNESSES:0.5446336111528248
CE_PIECEACTIVITY:0.5027405532181988
CE_KINGPAWNSHIELD:0.5366755365497702
CE_PIECECOORDINATION:0.42810613107031387
CE_MATERIAL:0.4606690130744356
CE_KINGSAFETY:0.5161808048190397
C_PIECESQUARETABLES:0.5459906339881045
C_MOBILITY:0.47614178947920566
C_KINGSAFETY:0.5139270215207723
C_PAWNSTRUCTURE:0.4242743050339428
C_PIECECOORDINATION:0.47218100192860246
C_ROOKANDPAWNMOVEMENT:0.47218100192860246
C_CENTERCONTROL:0.46595239372527936
C_DEVELOPPIECES:0.4728385850034723
C_MATERIAL:0.5028355682488668
