ELO:1060
CE_PASSEDPAWNS:0.49814725542327704
CE_PAWNWEAKNESSES:0.4989743826476497
CE_PIECEACTIVITY:0.49801539204177525
CE_KINGPAWNSHIELD:0.509674270312367
CE_PIECECOORDINATION:0.5101977157863997
CE_MATERIAL:0.5072677713112468
CE_KINGSAFETY:0.4973649927298087
C_PIECESQUARETABLES:0.5
C_MOBILITY:0.4960834876060091
C_KINGSAFETY:0.5613252402995778
C_PAWNSTRUCTURE:0.5
C_PIECECOORDINATION:0.5192033257800368
C_ROOKANDPAWNMOVEMENT:0.5192033257800368
C_CENTERCONTROL:0.4907161317278509
C_DEVELOPPIECES:0.5231669919039045
C_MATERIAL:0.4894550182675427
C_MOVECOUNT:0.5
