ELO:991
CE_PASSEDPAWNS:0.5277288571395565
CE_PAWNWEAKNESSES:0.4747266971979074
CE_PIECEACTIVITY:0.5227951816602238
CE_KINGPAWNSHIELD:0.5458132978295098
CE_PIECECOORDINATION:0.506155777181166
CE_MATERIAL:0.48497814168990355
CE_KINGSAFETY:0.5
C_PIECESQUARETABLES:0.4922711167512189
C_MOBILITY:0.5769713684554597
C_KINGSAFETY:0.5252133716383561
C_PAWNSTRUCTURE:0.46054427260367564
C_PIECECOORDINATION:0.49973460393845
C_ROOKANDPAWNMOVEMENT:0.49973460393845
C_CENTERCONTROL:0.42894235410171383
C_DEVELOPPIECES:0.4410905156332712
C_MATERIAL:0.6252418844601293
