ELO:1000
CE_PASSEDPAWNS:0.4907811615314728
CE_PAWNWEAKNESSES:0.4836276633716341
CE_PIECEACTIVITY:0.5395068693133875
CE_KINGPAWNSHIELD:0.4858946961606772
CE_PIECECOORDINATION:0.5502297071414997
CE_MATERIAL:0.4652019246078359
CE_KINGSAFETY:0.5977473338781077
C_PIECESQUARETABLES:0.4739178408978998
C_MOBILITY:0.5356897867836676
C_KINGSAFETY:0.4690478135742171
C_PAWNSTRUCTURE:0.5250284773954966
C_PIECECOORDINATION:0.46369122886586794
C_ROOKANDPAWNMOVEMENT:0.46369122886586794
C_CENTERCONTROL:0.4993730872498718
C_DEVELOPPIECES:0.46935170654177083
C_MATERIAL:0.4809189588516203
