ELO:867
CE_PASSEDPAWNS:0.521497714567457
CE_PAWNWEAKNESSES:0.5383344554287999
CE_PIECEACTIVITY:0.498601887329841
CE_KINGPAWNSHIELD:0.5076968367812091
CE_PIECECOORDINATION:0.5135498639212353
CE_MATERIAL:0.48680024058131766
CE_KINGSAFETY:0.5344002009938372
C_PIECESQUARETABLES:0.5558107249702068
C_MOBILITY:0.45918753928299666
C_KINGSAFETY:0.5152992753513944
C_PAWNSTRUCTURE:0.4845930083134631
C_PIECECOORDINATION:0.5387437796565678
C_ROOKANDPAWNMOVEMENT:0.5387437796565678
C_CENTERCONTROL:0.588571449067885
C_DEVELOPPIECES:0.4232496180361002
C_MATERIAL:0.508482431158773
C_MOVECOUNT:0.5
