ELO:743
CE_PASSEDPAWNS:0.5215413464419212
CE_PAWNWEAKNESSES:0.4482327607767963
CE_PIECEACTIVITY:0.48635770096363845
CE_KINGPAWNSHIELD:0.4991803055183075
CE_PIECECOORDINATION:0.4575683203462615
CE_MATERIAL:0.4789265549321767
CE_KINGSAFETY:0.45853161858761615
C_PIECESQUARETABLES:0.5399631795848293
C_MOBILITY:0.5171248466295192
C_KINGSAFETY:0.4648795829682322
C_PAWNSTRUCTURE:0.5453216114888162
C_PIECECOORDINATION:0.5827069776340906
C_ROOKANDPAWNMOVEMENT:0.5827069776340906
C_CENTERCONTROL:0.47935578796510225
C_DEVELOPPIECES:0.5159543588311585
C_MATERIAL:0.4974326725953475
C_MOVECOUNT:0.4552020829730989
