ELO:995
CE_PASSEDPAWNS:0.4778775246407327
CE_PAWNWEAKNESSES:0.5139428463767269
CE_PIECEACTIVITY:0.540039635994262
CE_KINGPAWNSHIELD:0.49403016667108346
CE_PIECECOORDINATION:0.5200796441329423
CE_MATERIAL:0.5060931186886353
CE_KINGSAFETY:0.4954421546792382
C_PIECESQUARETABLES:0.4855511291756339
C_MOBILITY:0.5157476817594451
C_KINGSAFETY:0.46309462416217834
C_PAWNSTRUCTURE:0.502385628220245
C_PIECECOORDINATION:0.49459161903314725
C_ROOK:0.4803719269115621
CE_ROOK:0.5133019470923462
C_CENTERCONTROL:0.5117842844770017
C_DEVELOPPIECES:0.49176792047165824
C_MATERIAL:0.5202354636755953
C_MOVECOUNT:0.5249548896683783
C_PAWNMOVEMENT:0.5226916199539013
