ELO:984
CE_PASSEDPAWNS:0.5177238105702854
CE_PAWNWEAKNESSES:0.4813982325044888
CE_PIECEACTIVITY:0.5398276605856084
CE_KINGPAWNSHIELD:0.46130209181087306
CE_PIECECOORDINATION:0.5119096130754166
CE_MATERIAL:0.46291525622249563
CE_KINGSAFETY:0.5
C_PIECESQUARETABLES:0.5
C_MOBILITY:0.48504306482356774
C_KINGSAFETY:0.49552767218887184
C_PAWNSTRUCTURE:0.5477370734400202
C_PIECECOORDINATION:0.542564799350327
C_ROOK:0.47230525478027563
CE_ROOK:0.4789525736193594
C_CENTERCONTROL:0.4902871206227205
C_DEVELOPPIECES:0.5332997504176217
C_MATERIAL:0.5088278698750699
C_MOVECOUNT:0.4986445121917264
C_PAWNMOVEMENT:0.5419227151550994
