ELO:1038
CE_PASSEDPAWNS:0.4875142720850526
CE_PAWNWEAKNESSES:0.4823540561167955
CE_PIECEACTIVITY:0.4934662949674358
CE_KINGPAWNSHIELD:0.5043419831840018
CE_PIECECOORDINATION:0.5
CE_MATERIAL:0.4951557508689399
CE_KINGSAFETY:0.4961539219039724
C_PIECESQUARETABLES:0.5162547107917086
C_MOBILITY:0.511125080876594
C_KINGSAFETY:0.5
C_PAWNSTRUCTURE:0.5403205223885474
C_PIECECOORDINATION:0.5431709459123982
C_ROOKANDPAWNMOVEMENT:0.5431709459123982
C_CENTERCONTROL:0.5097089286759533
C_DEVELOPPIECES:0.5
C_MATERIAL:0.4907114723985799
C_MOVECOUNT:0.5
