ELO:987
CE_PASSEDPAWNS:0.48382239520640064
CE_PAWNWEAKNESSES:0.49540449452318164
CE_PIECEACTIVITY:0.507290441682004
CE_KINGPAWNSHIELD:0.5326337784762618
CE_PIECECOORDINATION:0.5166000284283684
CE_MATERIAL:0.5310962002451038
CE_KINGSAFETY:0.5131408513778518
C_PIECESQUARETABLES:0.49574379078582675
C_MOBILITY:0.5
C_KINGSAFETY:0.5093330100497577
C_PAWNSTRUCTURE:0.5040466583913675
C_PIECECOORDINATION:0.48946031910543464
C_ROOKANDPAWNMOVEMENT:0.48946031910543464
C_CENTERCONTROL:0.49067004848377405
C_DEVELOPPIECES:0.49815972417540944
C_MATERIAL:0.5
C_MOVECOUNT:0.5
