ELO:1042
CE_PASSEDPAWNS:0.5442972870325427
CE_PAWNWEAKNESSES:0.49165479466598694
CE_PIECEACTIVITY:0.45575388108941184
CE_KINGPAWNSHIELD:0.5036131754061384
CE_PIECECOORDINATION:0.4757147014732117
CE_MATERIAL:0.5234841020629898
CE_KINGSAFETY:0.513458747949027
C_PIECESQUARETABLES:0.548291948520861
C_MOBILITY:0.651793576435184
C_KINGSAFETY:0.5724169691155075
C_PAWNSTRUCTURE:0.5340103577239486
C_PIECECOORDINATION:0.44105158347036927
C_ROOKANDPAWNMOVEMENT:0.44105158347036927
C_CENTERCONTROL:0.4650641737921429
C_DEVELOPPIECES:0.45395208682938054
C_MATERIAL:0.4061041291561883
