ELO:830
CE_PASSEDPAWNS:0.4803484788290261
CE_PAWNWEAKNESSES:0.5204962562952766
CE_PIECEACTIVITY:0.47239752589402273
CE_KINGPAWNSHIELD:0.5210803505656799
CE_PIECECOORDINATION:0.5391321034832856
CE_MATERIAL:0.5521362333941379
CE_KINGSAFETY:0.5125663081562541
C_PIECESQUARETABLES:0.5661311537956649
C_MOBILITY:0.45141182828051807
C_KINGSAFETY:0.5173797017138319
C_PAWNSTRUCTURE:0.5741630189039046
C_PIECECOORDINATION:0.5366030408659116
C_ROOKANDPAWNMOVEMENT:0.5366030408659116
C_CENTERCONTROL:0.4827278917905958
C_DEVELOPPIECES:0.5554271517045543
C_MATERIAL:0.486589179119005
C_MOVECOUNT:0.513118954856419
