ELO:954
CE_PASSEDPAWNS:0.43809981193196246
CE_PAWNWEAKNESSES:0.6238600792447402
CE_PIECEACTIVITY:0.5644079481523995
CE_KINGPAWNSHIELD:0.4714271909710287
CE_PIECECOORDINATION:0.42905950280918576
CE_MATERIAL:0.630815810276769
CE_KINGSAFETY:0.4901532092506416
C_PIECESQUARETABLES:0.49304527489357824
C_MOBILITY:0.5533031515241025
C_KINGSAFETY:0.5400598001869179
C_PAWNSTRUCTURE:0.5306889020401455
C_PIECECOORDINATION:0.4463489167037079
C_ROOKANDPAWNMOVEMENT:0.4463489167037079
C_CENTERCONTROL:0.5040360396472318
C_DEVELOPPIECES:0.4588525194854231
C_MATERIAL:0.5784854350233339
