ELO:964
CE_PASSEDPAWNS:0.4777387386174605
CE_PAWNWEAKNESSES:0.49493987797646644
CE_PIECEACTIVITY:0.5229301560719457
CE_KINGPAWNSHIELD:0.5
CE_PIECECOORDINATION:0.491166671728962
CE_MATERIAL:0.46144641990871865
CE_KINGSAFETY:0.5
C_PIECESQUARETABLES:0.5
C_MOBILITY:0.49158750604604934
C_KINGSAFETY:0.5043667402927142
C_PAWNSTRUCTURE:0.5341154715234775
C_PIECECOORDINATION:0.5072538994606206
C_ROOKANDPAWNMOVEMENT:0.5072538994606206
C_CENTERCONTROL:0.5217716223121447
C_DEVELOPPIECES:0.5088412223232816
C_MATERIAL:0.49129329068789135
C_MOVECOUNT:0.4641865082746293
