ELO:994
CE_PASSEDPAWNS:0.49700948008074863
CE_PAWNWEAKNESSES:0.5082269530225234
CE_PIECEACTIVITY:0.5120024715775209
CE_KINGPAWNSHIELD:0.5011768378674027
CE_PIECECOORDINATION:0.49191093936539976
CE_MATERIAL:0.47938634165323646
CE_KINGSAFETY:0.507367775490518
C_PIECESQUARETABLES:0.5039512132916295
C_MOBILITY:0.4991319624566806
C_KINGSAFETY:0.48409979090616156
C_PAWNSTRUCTURE:0.5092253061127816
C_PIECECOORDINATION:0.4920020031089843
C_ROOKANDPAWNMOVEMENT:0.4920020031089843
C_CENTERCONTROL:0.5068462271827895
C_DEVELOPPIECES:0.5047208489812541
C_MATERIAL:0.49239543818561726
C_MOVECOUNT:0.5
