ELO:743
CE_PASSEDPAWNS:0.5405414832624941
CE_PAWNWEAKNESSES:0.4925022662792436
CE_PIECEACTIVITY:0.4105967041915901
CE_KINGPAWNSHIELD:0.5029901759680689
CE_PIECECOORDINATION:0.5519606105770735
CE_MATERIAL:0.48957522429814687
CE_KINGSAFETY:0.4970634629630816
C_PIECESQUARETABLES:0.5
C_MOBILITY:0.5525469209296183
C_KINGSAFETY:0.46080790673750044
C_PAWNSTRUCTURE:0.5247216116485364
C_PIECECOORDINATION:0.49710037941291274
C_ROOKANDPAWNMOVEMENT:0.49710037941291274
C_CENTERCONTROL:0.5000993830206347
C_DEVELOPPIECES:0.4269073459503354
C_MATERIAL:0.5688124335385625
C_MOVECOUNT:0.5
