ELO:991
CE_PASSEDPAWNS:0.5096960147045378
CE_PAWNWEAKNESSES:0.5078128488422025
CE_PIECEACTIVITY:0.4991350235058395
CE_KINGPAWNSHIELD:0.4991632262258986
CE_PIECECOORDINATION:0.5
CE_MATERIAL:0.4947099481675315
CE_KINGSAFETY:0.5006113506964924
C_PIECESQUARETABLES:0.5
C_MOBILITY:0.4833502376334878
C_KINGSAFETY:0.4973165223275002
C_PAWNSTRUCTURE:0.49913049474260685
C_PIECECOORDINATION:0.477045033575103
C_ROOKANDPAWNMOVEMENT:0.477045033575103
C_CENTERCONTROL:0.5016551891089585
C_DEVELOPPIECES:0.4967182338981766
C_MATERIAL:0.48926081613991
C_MOVECOUNT:0.494586390904701
