ELO:998
CE_PASSEDPAWNS:0.5003821498868922
CE_PAWNWEAKNESSES:0.4957334852473088
CE_PIECEACTIVITY:0.5055760493317135
CE_KINGPAWNSHIELD:0.49375675257118135
CE_PIECECOORDINATION:0.5340202729597895
CE_MATERIAL:0.4869460166933852
CE_KINGSAFETY:0.5070353780355242
C_PIECESQUARETABLES:0.481520937999928
C_MOBILITY:0.520870732291011
C_KINGSAFETY:0.5118881781935045
C_PAWNSTRUCTURE:0.5097223761542166
C_PIECECOORDINATION:0.5038070326118097
C_ROOK:0.4709591458645379
CE_ROOK:0.4953992906112654
C_CENTERCONTROL:0.5071740956108216
C_DEVELOPPIECES:0.4975085932854084
C_MATERIAL:0.5077656765847927
C_MOVECOUNT:0.483436553059036
C_PAWNMOVEMENT:0.5240179755288775
