ELO:1000
CE_PASSEDPAWNS:0.5005117169647239
CE_PAWNWEAKNESSES:0.47549925586062863
CE_PIECEACTIVITY:0.4828997229731345
CE_KINGPAWNSHIELD:0.47702077352177896
CE_PIECECOORDINATION:0.5757399857212494
CE_MATERIAL:0.42657049607584063
CE_KINGSAFETY:0.49009280829701424
C_PIECESQUARETABLES:0.4868287867431594
C_MOBILITY:0.5157507405020352
C_KINGSAFETY:0.4712961959138186
C_PAWNSTRUCTURE:0.5268552232666519
C_PIECECOORDINATION:0.5050790579412604
C_ROOKANDPAWNMOVEMENT:0.5050790579412604
C_CENTERCONTROL:0.5119266515525968
C_DEVELOPPIECES:0.46454259702749023
C_MATERIAL:0.480505243173812
