ELO:969
CE_PASSEDPAWNS:0.5040280258682724
CE_PAWNWEAKNESSES:0.48646595240927154
CE_PIECEACTIVITY:0.46348803453735865
CE_KINGPAWNSHIELD:0.5026954930301479
CE_PIECECOORDINATION:0.5698022648972525
CE_MATERIAL:0.34175103399263423
CE_KINGSAFETY:0.5028057795474212
C_PIECESQUARETABLES:0.5767355361289452
C_MOBILITY:0.5203340128979363
C_KINGSAFETY:0.47243089392943816
C_PAWNSTRUCTURE:0.5356531411565428
C_PIECECOORDINATION:0.4261132097045602
C_ROOKANDPAWNMOVEMENT:0.4261132097045602
C_CENTERCONTROL:0.5339807353477375
C_DEVELOPPIECES:0.4541609206418295
C_MATERIAL:0.43632689236711947
