ELO:748
CE_PASSEDPAWNS:0.5070209502520313
CE_PAWNWEAKNESSES:0.4758298851982086
CE_PIECEACTIVITY:0.49939612556268764
CE_KINGPAWNSHIELD:0.5226022717485973
CE_PIECECOORDINATION:0.4660339875986684
CE_MATERIAL:0.4873338807266495
CE_KINGSAFETY:0.4650396946892296
C_PIECESQUARETABLES:0.5156152780651191
C_MOBILITY:0.5133059834124326
C_KINGSAFETY:0.47452052992023225
C_PAWNSTRUCTURE:0.5224378178683501
C_PIECECOORDINATION:0.583571328039346
C_ROOKANDPAWNMOVEMENT:0.583571328039346
C_CENTERCONTROL:0.4710809311788135
C_DEVELOPPIECES:0.5163642654843529
C_MATERIAL:0.49187196745777073
C_MOVECOUNT:0.49029527809761325
