ELO:1000
CE_PASSEDPAWNS:0.4890667027193352
CE_PAWNWEAKNESSES:0.5
CE_PIECEACTIVITY:0.5108120415462267
CE_KINGPAWNSHIELD:0.5
CE_PIECECOORDINATION:0.5231395214126084
CE_MATERIAL:0.5022950577051098
CE_KINGSAFETY:0.5081469975618657
C_PIECESQUARETABLES:0.48855297608485615
C_MOBILITY:0.520405849241723
C_KINGSAFETY:0.5096806072077534
C_PAWNSTRUCTURE:0.5064060241123828
C_PIECECOORDINATION:0.49982689924232476
C_ROOK:0.481448618936759
CE_ROOK:0.5067243635665571
C_CENTERCONTROL:0.5
C_DEVELOPPIECES:0.4975085932854084
C_MATERIAL:0.5012810970824815
C_MOVECOUNT:0.4964127020610481
C_PAWNMOVEMENT:0.5157977081832007
