ELO:979
CE_PASSEDPAWNS:0.495146066444712
CE_PAWNWEAKNESSES:0.48918064739446165
CE_PIECEACTIVITY:0.46383085504144156
CE_KINGPAWNSHIELD:0.47542818611239107
CE_PIECECOORDINATION:0.5715753543956826
CE_MATERIAL:0.35597297772972186
CE_KINGSAFETY:0.5
C_PIECESQUARETABLES:0.49447127383753714
C_MOBILITY:0.5607585501662746
C_KINGSAFETY:0.45991315692450985
C_PAWNSTRUCTURE:0.5540021993575978
C_PIECECOORDINATION:0.45694650018840177
C_ROOKANDPAWNMOVEMENT:0.45694650018840177
C_CENTERCONTROL:0.5151897994801402
C_DEVELOPPIECES:0.48412340168974777
C_MATERIAL:0.4544413759464573
