ELO:987
CE_PASSEDPAWNS:0.4581613649052818
CE_PAWNWEAKNESSES:0.5921040785799387
CE_PIECEACTIVITY:0.5255659494466643
CE_KINGPAWNSHIELD:0.49119602343428115
CE_PIECECOORDINATION:0.440968825297976
CE_MATERIAL:0.6902132881713442
CE_KINGSAFETY:0.43675593033954124
C_PIECESQUARETABLES:0.4984812177711348
C_MOBILITY:0.5297299889354591
C_KINGSAFETY:0.5089135431018541
C_PAWNSTRUCTURE:0.5160146246178724
C_PIECECOORDINATION:0.44874605180858224
C_ROOKANDPAWNMOVEMENT:0.44874605180858224
C_CENTERCONTROL:0.4870197335843519
C_DEVELOPPIECES:0.4958745851357001
C_MATERIAL:0.5807383234927305
