ELO:986
CE_PASSEDPAWNS:0.5158475457616614
CE_PAWNWEAKNESSES:0.5017599731658561
CE_PIECEACTIVITY:0.49697312891021084
CE_KINGPAWNSHIELD:0.5
CE_PIECECOORDINATION:0.5141567443323551
CE_MATERIAL:0.5049431625515991
CE_KINGSAFETY:0.5
C_PIECESQUARETABLES:0.5096255888975095
C_MOBILITY:0.4949541577695115
C_KINGSAFETY:0.4879680231022103
C_PAWNSTRUCTURE:0.5001448635497001
C_PIECECOORDINATION:0.5
C_ROOKANDPAWNMOVEMENT:0.5
C_CENTERCONTROL:0.5096047847853664
C_DEVELOPPIECES:0.5063775221457717
C_MATERIAL:0.5012256456349239
C_MOVECOUNT:0.48657016276856513
