ELO:951
CE_PASSEDPAWNS:0.36014023119219996
CE_PAWNWEAKNESSES:0.6463378212060026
CE_PIECEACTIVITY:0.5128741059293789
CE_KINGPAWNSHIELD:0.5076873914410359
CE_PIECECOORDINATION:0.45168623973685507
CE_MATERIAL:0.5757595523550807
CE_KINGSAFETY:0.4831270558851415
C_PIECESQUARETABLES:0.4806312356370759
C_MOBILITY:0.5063423955730142
C_KINGSAFETY:0.543343183944003
C_PAWNSTRUCTURE:0.5052810981327192
C_PIECECOORDINATION:0.4903639476038368
C_ROOKANDPAWNMOVEMENT:0.4903639476038368
C_CENTERCONTROL:0.46889506659623775
C_DEVELOPPIECES:0.4894846700619717
C_MATERIAL:0.5865727183846225
