ELO:977
CE_PASSEDPAWNS:0.495146066444712
CE_PAWNWEAKNESSES:0.4941495996990165
CE_PIECEACTIVITY:0.4753881254411282
CE_KINGPAWNSHIELD:0.4666786484564282
CE_PIECECOORDINATION:0.5639529423188404
CE_MATERIAL:0.35597297772972186
CE_KINGSAFETY:0.49362178328338147
C_PIECESQUARETABLES:0.49447127383753714
C_MOBILITY:0.5549740837408115
C_KINGSAFETY:0.45991315692450985
C_PAWNSTRUCTURE:0.5540021993575978
C_PIECECOORDINATION:0.45068183786869637
C_ROOKANDPAWNMOVEMENT:0.45068183786869637
C_CENTERCONTROL:0.5151897994801402
C_DEVELOPPIECES:0.4763272401740468
C_MATERIAL:0.4544413759464573
