ELO:1000
CE_PASSEDPAWNS:0.4948582349412289
CE_PAWNWEAKNESSES:0.49904669784457023
CE_PIECEACTIVITY:0.5232865642286465
CE_KINGPAWNSHIELD:0.4714274776678379
CE_PIECECOORDINATION:0.46918959734738497
CE_MATERIAL:0.5726282157859333
CE_KINGSAFETY:0.5064238885075713
C_PIECESQUARETABLES:0.48691573785046965
C_MOBILITY:0.5181307622412551
C_KINGSAFETY:0.47767622402215987
C_PAWNSTRUCTURE:0.5098546737828837
C_PIECECOORDINATION:0.4954635934162011
C_ROOKANDPAWNMOVEMENT:0.4954635934162011
C_CENTERCONTROL:0.5348319695984768
C_DEVELOPPIECES:0.5159046455357725
C_MATERIAL:0.4953882992050514
