ELO:987
CE_PASSEDPAWNS:0.4581613649052818
CE_PAWNWEAKNESSES:0.5779055622738218
CE_PIECEACTIVITY:0.5219843700729722
CE_KINGPAWNSHIELD:0.5116598318863338
CE_PIECECOORDINATION:0.4207133440526313
CE_MATERIAL:0.6869036204737945
CE_KINGSAFETY:0.45061633852077143
C_PIECESQUARETABLES:0.4984812177711348
C_MOBILITY:0.5191007844344179
C_KINGSAFETY:0.49798614135657104
C_PAWNSTRUCTURE:0.5036669418370894
C_PIECECOORDINATION:0.4454843801717252
C_ROOKANDPAWNMOVEMENT:0.4454843801717252
C_CENTERCONTROL:0.4822774591873719
C_DEVELOPPIECES:0.49151610918462474
C_MATERIAL:0.5853693682964952
