ELO:887
CE_PASSEDPAWNS:0.494972878341759
CE_PAWNWEAKNESSES:0.5436924084975522
CE_PIECEACTIVITY:0.4888716597034178
CE_KINGPAWNSHIELD:0.5042996957550165
CE_PIECECOORDINATION:0.49352274659848366
CE_MATERIAL:0.43636814143605757
CE_KINGSAFETY:0.4666311507792205
C_PIECESQUARETABLES:0.4433973269384619
C_MOBILITY:0.5514405343319154
C_KINGSAFETY:0.504005222070619
C_PAWNSTRUCTURE:0.5432508481659543
C_PIECECOORDINATION:0.5201974594296125
C_ROOKANDPAWNMOVEMENT:0.5201974594296125
C_CENTERCONTROL:0.5215494510936467
C_DEVELOPPIECES:0.5234551069844506
C_MATERIAL:0.4912001619053185
