ELO:828
CE_PASSEDPAWNS:0.5390690258562955
CE_PAWNWEAKNESSES:0.4403661682438931
CE_PIECEACTIVITY:0.5621325570724065
CE_KINGPAWNSHIELD:0.536843352908628
CE_PIECECOORDINATION:0.5689980624091302
CE_MATERIAL:0.5091400057210679
CE_KINGSAFETY:0.5
C_PIECESQUARETABLES:0.5
C_MOBILITY:0.5033163707236605
C_KINGSAFETY:0.40920521381276964
C_PAWNSTRUCTURE:0.5628417437109398
C_PIECECOORDINATION:0.6004252743522658
C_ROOKANDPAWNMOVEMENT:0.6004252743522658
C_CENTERCONTROL:0.5647926134301804
C_DEVELOPPIECES:0.4725120302496516
C_MATERIAL:0.40782420869184255
