ELO:799
CE_PASSEDPAWNS:0.49997341466949696
CE_PAWNWEAKNESSES:0.5222951137581525
CE_PIECEACTIVITY:0.4704147101725464
CE_KINGPAWNSHIELD:0.5777157680916641
CE_PIECECOORDINATION:0.5830060427231947
CE_MATERIAL:0.5478361132988823
CE_KINGSAFETY:0.5269283342322403
C_PIECESQUARETABLES:0.5612028601277698
C_MOBILITY:0.4236769942489331
C_KINGSAFETY:0.5211546451241259
C_PAWNSTRUCTURE:0.5982287460462485
C_PIECECOORDINATION:0.5481258985837778
C_ROOKANDPAWNMOVEMENT:0.5481258985837778
C_CENTERCONTROL:0.5072332027475722
C_DEVELOPPIECES:0.5345547862383169
C_MATERIAL:0.4435693532702202
C_MOVECOUNT:0.5459790826649074
