ELO:950
CE_PASSEDPAWNS:0.3674677313388816
CE_PAWNWEAKNESSES:0.6463378212060026
CE_PIECEACTIVITY:0.523091425126691
CE_KINGPAWNSHIELD:0.5031255509686026
CE_PIECECOORDINATION:0.45168623973685507
CE_MATERIAL:0.5950958618830502
CE_KINGSAFETY:0.4782603065105076
C_PIECESQUARETABLES:0.4806312356370759
C_MOBILITY:0.5228487771138114
C_KINGSAFETY:0.5382620609001805
C_PAWNSTRUCTURE:0.5052810981327192
C_PIECECOORDINATION:0.4577751246582569
C_ROOKANDPAWNMOVEMENT:0.4577751246582569
C_CENTERCONTROL:0.4811400242437676
C_DEVELOPPIECES:0.4894846700619717
C_MATERIAL:0.5804198800254717
