ELO:696
CE_PASSEDPAWNS:0.5308139702403638
CE_PAWNWEAKNESSES:0.5031502970213223
CE_PIECEACTIVITY:0.39868093354641937
CE_KINGPAWNSHIELD:0.4973022264126486
CE_PIECECOORDINATION:0.5493162202199016
CE_MATERIAL:0.500985234482156
CE_KINGSAFETY:0.482638265363071
C_PIECESQUARETABLES:0.5840882928109475
C_MOBILITY:0.5686681092859763
C_KINGSAFETY:0.46621674766269766
C_PAWNSTRUCTURE:0.5058690690317963
C_PIECECOORDINATION:0.5052971687109742
C_ROOKANDPAWNMOVEMENT:0.5052971687109742
C_CENTERCONTROL:0.5041014692870605
C_DEVELOPPIECES:0.429702844758036
C_MATERIAL:0.5632255286804814
C_MOVECOUNT:0.5
