ELO:928
CE_PASSEDPAWNS:0.4696207541502879
CE_PAWNWEAKNESSES:0.49205349452330616
CE_PIECEACTIVITY:0.5069255041572889
CE_KINGPAWNSHIELD:0.4890474365467569
CE_PIECECOORDINATION:0.5056633704784529
CE_MATERIAL:0.4863700891710445
CE_KINGSAFETY:0.49940996688371503
C_PIECESQUARETABLES:0.5
C_MOBILITY:0.4937711150668434
C_KINGSAFETY:0.515561360015432
C_PAWNSTRUCTURE:0.5150276162334545
C_PIECECOORDINATION:0.4685575106676218
C_ROOK:0.47493924179683555
CE_ROOK:0.506378768532935
C_CENTERCONTROL:0.43782628557687253
C_DEVELOPPIECES:0.5404971136003636
C_MATERIAL:0.5107518602210934
C_MOVECOUNT:0.5428799947117301
C_PAWNMOVEMENT:0.5086350187413299
