ELO:920
CE_PASSEDPAWNS:0.5532410292643009
CE_PAWNWEAKNESSES:0.44561134640589967
CE_PIECEACTIVITY:0.5680126441083859
CE_KINGPAWNSHIELD:0.5229795893522421
CE_PIECECOORDINATION:0.5314960896656187
CE_MATERIAL:0.4950183686234413
CE_KINGSAFETY:0.4694738782995174
C_PIECESQUARETABLES:0.4520184662574241
C_MOBILITY:0.5590498907582374
C_KINGSAFETY:0.4027719750241357
C_PAWNSTRUCTURE:0.5540227531464232
C_PIECECOORDINATION:0.5911454694183625
C_ROOKANDPAWNMOVEMENT:0.5911454694183625
C_CENTERCONTROL:0.522132415760344
C_DEVELOPPIECES:0.47422219611814265
C_MATERIAL:0.41202396698724425
