ELO:998
CE_PASSEDPAWNS:0.5014787382376038
CE_PAWNWEAKNESSES:0.5017599731658561
CE_PIECEACTIVITY:0.4968947087672556
CE_KINGPAWNSHIELD:0.5115058076535832
CE_PIECECOORDINATION:0.5141567443323551
CE_MATERIAL:0.4985115408590303
CE_KINGSAFETY:0.5022474981284613
C_PIECESQUARETABLES:0.5
C_MOBILITY:0.4896267395546811
C_KINGSAFETY:0.5059535897394123
C_PAWNSTRUCTURE:0.5001448635497001
C_PIECECOORDINATION:0.49748800016648426
C_ROOKANDPAWNMOVEMENT:0.49748800016648426
C_CENTERCONTROL:0.52154186379287
C_DEVELOPPIECES:0.5098730536290247
C_MATERIAL:0.5012256456349239
C_MOVECOUNT:0.5
