ELO:1017
CE_PASSEDPAWNS:0.5181275482846059
CE_PAWNWEAKNESSES:0.5042919847240356
CE_PIECEACTIVITY:0.5084342764729411
CE_KINGPAWNSHIELD:0.5047496003074887
CE_PIECECOORDINATION:0.5059391305617968
CE_MATERIAL:0.5000442581340255
CE_KINGSAFETY:0.5
C_PIECESQUARETABLES:0.5
C_MOBILITY:0.5025889089784693
C_KINGSAFETY:0.49087688242138694
C_PAWNSTRUCTURE:0.5
C_PIECECOORDINATION:0.5
C_ROOKANDPAWNMOVEMENT:0.5
C_CENTERCONTROL:0.5
C_DEVELOPPIECES:0.49741400985545453
C_MATERIAL:0.5
C_MOVECOUNT:0.5047576906842085
