ELO:999
CE_PASSEDPAWNS:0.48715157963415806
CE_PAWNWEAKNESSES:0.4723937621161102
CE_PIECEACTIVITY:0.5009191335917517
CE_KINGPAWNSHIELD:0.48020142741329813
CE_PIECECOORDINATION:0.5200796441329423
CE_MATERIAL:0.5009162432623727
CE_KINGSAFETY:0.5
C_PIECESQUARETABLES:0.5
C_MOBILITY:0.49543050106932035
C_KINGSAFETY:0.46200285986768486
C_PAWNSTRUCTURE:0.4842878731346009
C_PIECECOORDINATION:0.4939065445797985
C_ROOK:0.48132789799166953
CE_ROOK:0.5133019470923462
C_CENTERCONTROL:0.4987911974060962
C_DEVELOPPIECES:0.49176792047165824
C_MATERIAL:0.5202354636755953
C_MOVECOUNT:0.5032365966270125
C_PAWNMOVEMENT:0.4578632382303157
