ELO:991
CE_PASSEDPAWNS:0.5169633098882538
CE_PAWNWEAKNESSES:0.4747266971979074
CE_PIECEACTIVITY:0.5423380285535441
CE_KINGPAWNSHIELD:0.5411190971282965
CE_PIECECOORDINATION:0.4793807353386744
CE_MATERIAL:0.46553459301501054
CE_KINGSAFETY:0.5
C_PIECESQUARETABLES:0.4978830538861286
C_MOBILITY:0.5886611331655867
C_KINGSAFETY:0.5276343458277487
C_PAWNSTRUCTURE:0.45841026116959394
C_PIECECOORDINATION:0.48674524969958644
C_ROOKANDPAWNMOVEMENT:0.48674524969958644
C_CENTERCONTROL:0.4234913215287387
C_DEVELOPPIECES:0.4354212939766876
C_MATERIAL:0.6234991122067586
