ELO:985
CE_PASSEDPAWNS:0.5028711143451535
CE_PAWNWEAKNESSES:0.4792975627288578
CE_PIECEACTIVITY:0.5025520061296506
CE_KINGPAWNSHIELD:0.49929648184855335
CE_PIECECOORDINATION:0.5048915610075603
CE_MATERIAL:0.4863400416644804
CE_KINGSAFETY:0.49771834888945904
C_PIECESQUARETABLES:0.5182442918498661
C_MOBILITY:0.4768651929628263
C_KINGSAFETY:0.506521701161887
C_PAWNSTRUCTURE:0.506695797212727
C_PIECECOORDINATION:0.4898188540444103
C_ROOKANDPAWNMOVEMENT:0.4898188540444103
C_CENTERCONTROL:0.5093830128494745
C_DEVELOPPIECES:0.5
C_MATERIAL:0.4895694985040139
C_MOVECOUNT:0.5
