ELO:985
CE_PASSEDPAWNS:0.5011454221029321
CE_PAWNWEAKNESSES:0.499174857916098
CE_PIECEACTIVITY:0.471573611292731
CE_KINGPAWNSHIELD:0.47542818611239107
CE_PIECECOORDINATION:0.5715753543956826
CE_MATERIAL:0.39173448102048813
CE_KINGSAFETY:0.5
C_PIECESQUARETABLES:0.5
C_MOBILITY:0.5446707556614914
C_KINGSAFETY:0.46041308415776383
C_PAWNSTRUCTURE:0.546245747871647
C_PIECECOORDINATION:0.4664652535232667
C_ROOKANDPAWNMOVEMENT:0.4664652535232667
C_CENTERCONTROL:0.5065139921843886
C_DEVELOPPIECES:0.49269644257075185
C_MATERIAL:0.45421070903086935
