ELO:987
CE_PASSEDPAWNS:0.5117764704604134
CE_PAWNWEAKNESSES:0.5017291792596547
CE_PIECEACTIVITY:0.5141766736968921
CE_KINGPAWNSHIELD:0.49375675257118135
CE_PIECECOORDINATION:0.5393206479124673
CE_MATERIAL:0.49528512074198117
CE_KINGSAFETY:0.5082434750199497
C_PIECESQUARETABLES:0.4885127843649085
C_MOBILITY:0.520870732291011
C_KINGSAFETY:0.5175917934553103
C_PAWNSTRUCTURE:0.5022434739363874
C_PIECECOORDINATION:0.5038070326118097
C_ROOK:0.47606045699352606
CE_ROOK:0.501349093283426
C_CENTERCONTROL:0.4967138491441435
C_DEVELOPPIECES:0.4975085932854084
C_MATERIAL:0.49607669348708167
C_MOVECOUNT:0.483436553059036
C_PAWNMOVEMENT:0.5240179755288775
