ELO:1000
CE_PASSEDPAWNS:0.5006965923057403
CE_PAWNWEAKNESSES:0.4677762403476821
CE_PIECEACTIVITY:0.43899754481160896
CE_KINGPAWNSHIELD:0.4879497193760818
CE_PIECECOORDINATION:0.4972211739398723
CE_MATERIAL:0.5358886057414909
CE_KINGSAFETY:0.5165211032696162
C_PIECESQUARETABLES:0.525827784420361
C_MOBILITY:0.5038553764351915
C_KINGSAFETY:0.5349253670469684
C_PAWNSTRUCTURE:0.5070321754771729
C_PIECECOORDINATION:0.5262663661520913
C_ROOKANDPAWNMOVEMENT:0.5262663661520913
C_CENTERCONTROL:0.4799753987132852
C_DEVELOPPIECES:0.48374806650462204
C_MATERIAL:0.46033541671964145
