ELO:1000
CE_PASSEDPAWNS:0.5355904619912586
CE_PAWNWEAKNESSES:0.5091982810824923
CE_PIECEACTIVITY:0.46700068299831826
CE_KINGPAWNSHIELD:0.47464236372515706
CE_PIECECOORDINATION:0.5093910205327793
CE_MATERIAL:0.5339371405359647
CE_KINGSAFETY:0.48771484939873505
C_PIECESQUARETABLES:0.536596940806653
C_MOBILITY:0.470652564599193
C_KINGSAFETY:0.5339698424361022
C_PAWNSTRUCTURE:0.4874698789225295
C_PIECECOORDINATION:0.5130074602777388
C_ROOKANDPAWNMOVEMENT:0.5130074602777388
C_CENTERCONTROL:0.5061598992018768
C_DEVELOPPIECES:0.5006725115380398
C_MATERIAL:0.456806858674125
