ELO:931
CE_PASSEDPAWNS:0.535484915515923
CE_PAWNWEAKNESSES:0.5277566590705784
CE_PIECEACTIVITY:0.45386872693496644
CE_KINGPAWNSHIELD:0.4948670920739462
CE_PIECECOORDINATION:0.5474202584061697
CE_MATERIAL:0.5318953514098745
CE_KINGSAFETY:0.502553489474717
C_PIECESQUARETABLES:0.5167649386330653
C_MOBILITY:0.5080401981607693
C_KINGSAFETY:0.5081741790000595
C_PAWNSTRUCTURE:0.46712588531153587
C_PIECECOORDINATION:0.5268289412681239
C_ROOKANDPAWNMOVEMENT:0.5268289412681239
C_CENTERCONTROL:0.4897685006325463
C_DEVELOPPIECES:0.5340955858549254
C_MATERIAL:0.4917967943437387
C_MOVECOUNT:0.43456253939819134
