ELO:953
CE_PASSEDPAWNS:0.5118255909645131
CE_PAWNWEAKNESSES:0.505479014687563
CE_PIECEACTIVITY:0.5051031719034241
CE_KINGPAWNSHIELD:0.47202079542904823
CE_PIECECOORDINATION:0.5255562084028428
CE_MATERIAL:0.5054839086601526
CE_KINGSAFETY:0.4878596247460269
C_PIECESQUARETABLES:0.5169055764051368
C_MOBILITY:0.5004407469695542
C_KINGSAFETY:0.4784713062871201
C_PAWNSTRUCTURE:0.5067088325461228
C_PIECECOORDINATION:0.45573848505280257
C_ROOKANDPAWNMOVEMENT:0.45573848505280257
C_CENTERCONTROL:0.5153867399401305
C_DEVELOPPIECES:0.4908484326767002
C_MATERIAL:0.48660478638521965
C_MOVECOUNT:0.5
