ELO:959
CE_PASSEDPAWNS:0.4998899684462035
CE_PAWNWEAKNESSES:0.499714839470609
CE_PIECEACTIVITY:0.5
CE_KINGPAWNSHIELD:0.49184635512538094
CE_PIECECOORDINATION:0.508349257355291
CE_MATERIAL:0.4913043816731665
CE_KINGSAFETY:0.5881230956696782
C_PIECESQUARETABLES:0.5021088021355314
C_MOBILITY:0.500079040989931
C_KINGSAFETY:0.4769903494913331
C_PAWNSTRUCTURE:0.5345430958609999
C_PIECECOORDINATION:0.4793999810958442
C_ROOKANDPAWNMOVEMENT:0.4793999810958442
C_CENTERCONTROL:0.49409741241533517
C_DEVELOPPIECES:0.5060039657316744
C_MATERIAL:0.4798802880432657
C_MOVECOUNT:0.5
