ELO:1011
CE_PASSEDPAWNS:0.5044408935140072
CE_PAWNWEAKNESSES:0.4833849124604321
CE_PIECEACTIVITY:0.48726221127239905
CE_KINGPAWNSHIELD:0.4734118353039964
CE_PIECECOORDINATION:0.4955139355610761
CE_MATERIAL:0.5
CE_KINGSAFETY:0.5
C_PIECESQUARETABLES:0.49412566859098095
C_MOBILITY:0.48811328067503074
C_KINGSAFETY:0.5
C_PAWNSTRUCTURE:0.49437167797046
C_PIECECOORDINATION:0.5004817281301904
C_ROOKANDPAWNMOVEMENT:0.5004817281301904
C_CENTERCONTROL:0.5113791251791949
C_DEVELOPPIECES:0.5
C_MATERIAL:0.5020860062285267
