ELO:984
CE_PASSEDPAWNS:0.5101524114153346
CE_PAWNWEAKNESSES:0.4773835223673384
CE_PIECEACTIVITY:0.48574549542092427
CE_KINGPAWNSHIELD:0.5067441729843638
CE_PIECECOORDINATION:0.5056077819667133
CE_MATERIAL:0.5044835512512673
CE_KINGSAFETY:0.5
C_PIECESQUARETABLES:0.5
C_MOBILITY:0.5
C_KINGSAFETY:0.5048534777457209
C_PAWNSTRUCTURE:0.5033980664703515
C_PIECECOORDINATION:0.49908990188308267
C_ROOKANDPAWNMOVEMENT:0.49908990188308267
C_CENTERCONTROL:0.5116818360756971
C_DEVELOPPIECES:0.48506227824081477
C_MATERIAL:0.5096011067097793
C_MOVECOUNT:0.4969587857191836
