ELO:948
CE_PASSEDPAWNS:0.45663992410776255
CE_PAWNWEAKNESSES:0.43963162783136156
CE_PIECEACTIVITY:0.47025990008822643
CE_KINGPAWNSHIELD:0.48525103072840725
CE_PIECECOORDINATION:0.47277621849635787
CE_MATERIAL:0.5570412689511304
CE_KINGSAFETY:0.48580550827399255
C_PIECESQUARETABLES:0.5023351143998593
C_MOBILITY:0.5058337985162482
C_KINGSAFETY:0.5156647999914169
C_PAWNSTRUCTURE:0.5203883864984368
C_PIECECOORDINATION:0.5810230150768672
C_ROOKANDPAWNMOVEMENT:0.5810230150768672
C_CENTERCONTROL:0.42419579091131243
C_DEVELOPPIECES:0.5100215163488602
C_MATERIAL:0.4951693631224643
