ELO:975
CE_PASSEDPAWNS:0.5107265343689035
CE_PAWNWEAKNESSES:0.4780013850723216
CE_PIECEACTIVITY:0.5146289026195107
CE_KINGPAWNSHIELD:0.5005921827394578
CE_PIECECOORDINATION:0.5075592858420325
CE_MATERIAL:0.49938779438087877
CE_KINGSAFETY:0.48935735618177584
C_PIECESQUARETABLES:0.5
C_MOBILITY:0.48879934713192996
C_KINGSAFETY:0.46139702005189204
C_PAWNSTRUCTURE:0.530998849561345
C_PIECECOORDINATION:0.5137606326940909
C_ROOKANDPAWNMOVEMENT:0.5137606326940909
C_CENTERCONTROL:0.46940975124882706
C_DEVELOPPIECES:0.46410194577673874
C_MATERIAL:0.5025744888091842
C_MOVECOUNT:0.4969587857191836
