ELO:1000
CE_PASSEDPAWNS:0.4929337977373086
CE_PAWNWEAKNESSES:0.5207873077543002
CE_PIECEACTIVITY:0.49335058112505326
CE_KINGPAWNSHIELD:0.48323879329255187
CE_PIECECOORDINATION:0.5067545523824958
CE_MATERIAL:0.5417410589246673
CE_KINGSAFETY:0.5123113995493611
C_PIECESQUARETABLES:0.47201781289497713
C_MOBILITY:0.49646440275154746
C_KINGSAFETY:0.4972606284700956
C_PAWNSTRUCTURE:0.5125655919646714
C_PIECECOORDINATION:0.5269384320044448
C_ROOKANDPAWNMOVEMENT:0.5269384320044448
C_CENTERCONTROL:0.5316550943127538
C_DEVELOPPIECES:0.49677273688512524
C_MATERIAL:0.4756151335160847
