ELO:953
CE_PASSEDPAWNS:0.487835280064832
CE_PAWNWEAKNESSES:0.4496829905116831
CE_PIECEACTIVITY:0.5276269912139346
CE_KINGPAWNSHIELD:0.5172682260328034
CE_PIECECOORDINATION:0.5034964079122703
CE_MATERIAL:0.4491278422320052
CE_KINGSAFETY:0.492871198089061
C_PIECESQUARETABLES:0.5099037622260191
C_MOBILITY:0.4852479884281009
C_KINGSAFETY:0.5059156998846628
C_PAWNSTRUCTURE:0.4617680942984478
C_PIECECOORDINATION:0.5649012783708501
C_ROOKANDPAWNMOVEMENT:0.5649012783708501
C_CENTERCONTROL:0.44846858530988226
C_DEVELOPPIECES:0.4193102084560866
C_MATERIAL:0.47279430019519925
