ELO:1030
CE_PASSEDPAWNS:0.5139189512348041
CE_PAWNWEAKNESSES:0.5
CE_PIECEACTIVITY:0.4910786160395941
CE_KINGPAWNSHIELD:0.5040274551025535
CE_PIECECOORDINATION:0.5055932104780272
CE_MATERIAL:0.5
CE_KINGSAFETY:0.5032070473255932
C_PIECESQUARETABLES:0.49812977611835046
C_MOBILITY:0.5026561051039794
C_KINGSAFETY:0.4924923731448463
C_PAWNSTRUCTURE:0.49919505074068293
C_PIECECOORDINATION:0.5
C_ROOKANDPAWNMOVEMENT:0.5
C_CENTERCONTROL:0.4877942177808272
C_DEVELOPPIECES:0.48845114573364
C_MATERIAL:0.4936052536328636
