ELO:991
CE_PASSEDPAWNS:0.5277288571395565
CE_PAWNWEAKNESSES:0.4785733432495766
CE_PIECEACTIVITY:0.514252359466571
CE_KINGPAWNSHIELD:0.5429896193395859
CE_PIECECOORDINATION:0.506155777181166
CE_MATERIAL:0.4694181679613265
CE_KINGSAFETY:0.498638547178038
C_PIECESQUARETABLES:0.5
C_MOBILITY:0.5836313903895851
C_KINGSAFETY:0.5252133716383561
C_PAWNSTRUCTURE:0.46054427260367564
C_PIECECOORDINATION:0.49481266204964397
C_ROOKANDPAWNMOVEMENT:0.49481266204964397
C_CENTERCONTROL:0.4359925023884905
C_DEVELOPPIECES:0.4354212939766876
C_MATERIAL:0.6252418844601293
