ELO:1006
CE_PASSEDPAWNS:0.501675470687437
CE_PAWNWEAKNESSES:0.5044824562278408
CE_PIECEACTIVITY:0.5158778187945382
CE_KINGPAWNSHIELD:0.48769566800576974
CE_PIECECOORDINATION:0.4854544856948419
CE_MATERIAL:0.5
CE_KINGSAFETY:0.4995243847342935
C_PIECESQUARETABLES:0.4907324302242983
C_MOBILITY:0.5
C_KINGSAFETY:0.5
C_PAWNSTRUCTURE:0.4891768417163274
C_PIECECOORDINATION:0.485541513039562
C_ROOK:0.5253025954033299
CE_ROOK:0.5283860097767745
C_CENTERCONTROL:0.503372240712637
C_DEVELOPPIECES:0.48849705156390594
C_MATERIAL:0.5060947383078638
C_MOVECOUNT:0.5
C_PAWNMOVEMENT:0.5037448771268747
