ELO:999
CE_PASSEDPAWNS:0.4965220501010613
CE_PAWNWEAKNESSES:0.5376172113041806
CE_PIECEACTIVITY:0.482845952647465
CE_KINGPAWNSHIELD:0.5077079074328205
CE_PIECECOORDINATION:0.49923563421786116
CE_MATERIAL:0.48806950396266136
CE_KINGSAFETY:0.48767583777062434
C_PIECESQUARETABLES:0.5
C_MOBILITY:0.5123967390399697
C_KINGSAFETY:0.5105322443836278
C_PAWNSTRUCTURE:0.5096302948166065
C_PIECECOORDINATION:0.45862895085354105
C_ROOK:0.4809338396282576
CE_ROOK:0.4852556313963365
C_CENTERCONTROL:0.49680946509354146
C_DEVELOPPIECES:0.523430892255515
C_MATERIAL:0.4892994733759271
C_MOVECOUNT:0.4700617227822978
C_PAWNMOVEMENT:0.4742968814515062
