ELO:870
CE_PASSEDPAWNS:0.4151548956147267
CE_PAWNWEAKNESSES:0.47213033434136975
CE_PIECEACTIVITY:0.46982893633653683
CE_KINGPAWNSHIELD:0.47105455731906176
CE_PIECECOORDINATION:0.4662413612381295
CE_MATERIAL:0.5703877938195369
CE_KINGSAFETY:0.48383058859985606
C_PIECESQUARETABLES:0.47745904540811
C_MOBILITY:0.4795703134239853
C_KINGSAFETY:0.565690777653779
C_PAWNSTRUCTURE:0.48981127916624956
C_PIECECOORDINATION:0.5806261166759655
C_ROOKANDPAWNMOVEMENT:0.5806261166759655
C_CENTERCONTROL:0.3950351520900991
C_DEVELOPPIECES:0.5338447286927268
C_MATERIAL:0.47277033016121306
