ELO:1021
CE_PASSEDPAWNS:0.5097001003551059
CE_PAWNWEAKNESSES:0.5018338197580466
CE_PIECEACTIVITY:0.5104142391076493
CE_KINGPAWNSHIELD:0.4972091573360086
CE_PIECECOORDINATION:0.5
CE_MATERIAL:0.5
CE_KINGSAFETY:0.49571426048472295
C_PIECESQUARETABLES:0.5113017264965952
C_MOBILITY:0.5075205515145172
C_KINGSAFETY:0.4945743034798974
C_PAWNSTRUCTURE:0.49397729112133215
C_PIECECOORDINATION:0.48510361319355877
C_ROOK:0.5
CE_ROOK:0.5
C_CENTERCONTROL:0.5100346831540628
C_DEVELOPPIECES:0.5
C_MATERIAL:0.5
C_MOVECOUNT:0.48993992321798907
C_PAWNMOVEMENT:0.5
