ELO:1000
CE_PASSEDPAWNS:0.5
CE_PAWNWEAKNESSES:0.5
CE_PIECEACTIVITY:0.48949555502390724
CE_KINGPAWNSHIELD:0.5021902283136767
CE_PIECECOORDINATION:0.5
CE_MATERIAL:0.4928472016640081
CE_KINGSAFETY:0.5
C_PIECESQUARETABLES:0.5
C_MOBILITY:0.49620133369475705
C_KINGSAFETY:0.5
C_PAWNSTRUCTURE:0.5
C_PIECECOORDINATION:0.5104905421146833
C_ROOK:0.4938960277953108
CE_ROOK:0.5
C_CENTERCONTROL:0.5
C_DEVELOPPIECES:0.5
C_MATERIAL:0.5079785947700526
C_MOVECOUNT:0.5
C_PAWNMOVEMENT:0.5
