ELO:962
CE_PASSEDPAWNS:0.4890928825888616
CE_PAWNWEAKNESSES:0.49379765385043867
CE_PIECEACTIVITY:0.48605759897275286
CE_KINGPAWNSHIELD:0.4775419456171467
CE_PIECECOORDINATION:0.5069197608722552
CE_MATERIAL:0.4975686280337686
CE_KINGSAFETY:0.5003114395656002
C_PIECESQUARETABLES:0.48268179422814933
C_MOBILITY:0.49434336990143374
C_KINGSAFETY:0.4835812127944382
C_PAWNSTRUCTURE:0.5028072640395885
C_PIECECOORDINATION:0.48541543169257817
C_ROOKANDPAWNMOVEMENT:0.48541543169257817
C_CENTERCONTROL:0.4578461234888354
C_DEVELOPPIECES:0.49151735516514344
C_MATERIAL:0.48681612917462114
C_MOVECOUNT:0.504895783189166
