ELO:996
CE_PASSEDPAWNS:0.49004328877726516
CE_PAWNWEAKNESSES:0.4773835223673384
CE_PIECEACTIVITY:0.48574549542092427
CE_KINGPAWNSHIELD:0.5138155788568479
CE_PIECECOORDINATION:0.4889818745567154
CE_MATERIAL:0.5007087655225223
CE_KINGSAFETY:0.5
C_PIECESQUARETABLES:0.5
C_MOBILITY:0.5
C_KINGSAFETY:0.5239140772455146
C_PAWNSTRUCTURE:0.5033980664703515
C_PIECECOORDINATION:0.49908990188308267
C_ROOKANDPAWNMOVEMENT:0.49908990188308267
C_CENTERCONTROL:0.5116818360756971
C_DEVELOPPIECES:0.5089513454094832
C_MATERIAL:0.4940539673458397
C_MOVECOUNT:0.4969587857191836
