ELO:987
CE_PASSEDPAWNS:0.49021054367801353
CE_PAWNWEAKNESSES:0.5
CE_PIECEACTIVITY:0.5
CE_KINGPAWNSHIELD:0.5086230846489318
CE_PIECECOORDINATION:0.5003766135257066
CE_MATERIAL:0.5
CE_KINGSAFETY:0.505093865284886
C_PIECESQUARETABLES:0.49673603961596685
C_MOBILITY:0.5053481851968699
C_KINGSAFETY:0.5
C_PAWNSTRUCTURE:0.4950095908227513
C_PIECECOORDINATION:0.4987043443909672
C_ROOK:0.5167366936547483
CE_ROOK:0.5070356933128608
C_CENTERCONTROL:0.5152562021494597
C_DEVELOPPIECES:0.49827305126186033
C_MATERIAL:0.5
C_MOVECOUNT:0.48901257574960405
C_PAWNMOVEMENT:0.4982729439215884
