ELO:959
CE_PASSEDPAWNS:0.5087722202846156
CE_PAWNWEAKNESSES:0.45606455045335226
CE_PIECEACTIVITY:0.5271256021750049
CE_KINGPAWNSHIELD:0.5337477566544868
CE_PIECECOORDINATION:0.4985676620044219
CE_MATERIAL:0.4528762891709649
CE_KINGSAFETY:0.49364183820726026
C_PIECESQUARETABLES:0.5
C_MOBILITY:0.47615348685455744
C_KINGSAFETY:0.5159278411912134
C_PAWNSTRUCTURE:0.44880885626027894
C_PIECECOORDINATION:0.5762418921969487
C_ROOKANDPAWNMOVEMENT:0.5762418921969487
C_CENTERCONTROL:0.47797997311534646
C_DEVELOPPIECES:0.43667108955621536
C_MATERIAL:0.47112776196073186
