ELO:1000
CE_PASSEDPAWNS:0.5108291589792641
CE_PAWNWEAKNESSES:0.46434039913243025
CE_PIECEACTIVITY:0.43807351129972777
CE_KINGPAWNSHIELD:0.4764842469650351
CE_PIECECOORDINATION:0.4969785674516277
CE_MATERIAL:0.5390205780549553
CE_KINGSAFETY:0.513010100661407
C_PIECESQUARETABLES:0.5262305867298034
C_MOBILITY:0.503384513563327
C_KINGSAFETY:0.5356851168459849
C_PAWNSTRUCTURE:0.5203500807682417
C_PIECECOORDINATION:0.5179358936439558
C_ROOKANDPAWNMOVEMENT:0.5179358936439558
C_CENTERCONTROL:0.500804271764874
C_DEVELOPPIECES:0.48268285795426313
C_MATERIAL:0.44860583692570494
