ELO:974
CE_PASSEDPAWNS:0.49646530927611415
CE_PAWNWEAKNESSES:0.5054381195270293
CE_PIECEACTIVITY:0.49288467894398724
CE_KINGPAWNSHIELD:0.5269800494089463
CE_PIECECOORDINATION:0.5021930330279427
CE_MATERIAL:0.49704065311508616
CE_KINGSAFETY:0.5
C_PIECESQUARETABLES:0.5
C_MOBILITY:0.5006233269742291
C_KINGSAFETY:0.5037500065835778
C_PAWNSTRUCTURE:0.498359521454544
C_PIECECOORDINATION:0.46025217221471965
C_ROOK:0.48740745665285545
CE_ROOK:0.4961024390995174
C_CENTERCONTROL:0.49680946509354146
C_DEVELOPPIECES:0.5019112551394636
C_MATERIAL:0.4807570501704355
C_MOVECOUNT:0.4793438424927567
C_PAWNMOVEMENT:0.47649032202556535
