ELO:857
CE_PASSEDPAWNS:0.45825349617316397
CE_PAWNWEAKNESSES:0.4629027725918574
CE_PIECEACTIVITY:0.5775885401076698
CE_KINGPAWNSHIELD:0.5616406127593826
CE_PIECECOORDINATION:0.5017089057390868
CE_MATERIAL:0.43905623294021084
CE_KINGSAFETY:0.5032359921067537
C_PIECESQUARETABLES:0.5097094448616315
C_MOBILITY:0.4767407128479147
C_KINGSAFETY:0.4668630498156007
C_PAWNSTRUCTURE:0.48989654321932
C_PIECECOORDINATION:0.6341767326612006
C_ROOKANDPAWNMOVEMENT:0.6341767326612006
C_CENTERCONTROL:0.47436168894351916
C_DEVELOPPIECES:0.5729719348167893
C_MATERIAL:0.4941083229656347
