ELO:898
CE_PASSEDPAWNS:0.467445817790747
CE_PAWNWEAKNESSES:0.5146651543336991
CE_PIECEACTIVITY:0.47844291816636975
CE_KINGPAWNSHIELD:0.4890080230303438
CE_PIECECOORDINATION:0.4700459374675577
CE_MATERIAL:0.46260411018176706
CE_KINGSAFETY:0.49801316232938564
C_PIECESQUARETABLES:0.4952971668798792
C_MOBILITY:0.5301221454023262
C_KINGSAFETY:0.5391240745232928
C_PAWNSTRUCTURE:0.4483946142179079
C_PIECECOORDINATION:0.5080674159857455
C_ROOK:0.47892831611389164
CE_ROOK:0.4610696968469729
C_CENTERCONTROL:0.5077701745511127
C_DEVELOPPIECES:0.5083979595437292
C_MATERIAL:0.47349746666309334
C_MOVECOUNT:0.4760898673209683
C_PAWNMOVEMENT:0.4893747594787596
