ELO:867
CE_PASSEDPAWNS:0.4124360258200625
CE_PAWNWEAKNESSES:0.49043742224205156
CE_PIECEACTIVITY:0.4669254733086956
CE_KINGPAWNSHIELD:0.49901298201591054
CE_PIECECOORDINATION:0.4492683393553333
CE_MATERIAL:0.5703877938195369
CE_KINGSAFETY:0.49944161960159456
C_PIECESQUARETABLES:0.4910771164524594
C_MOBILITY:0.4796832776641706
C_KINGSAFETY:0.5785712175807118
C_PAWNSTRUCTURE:0.5476085498274714
C_PIECECOORDINATION:0.5817101240757483
C_ROOKANDPAWNMOVEMENT:0.5817101240757483
C_CENTERCONTROL:0.3824538267551994
C_DEVELOPPIECES:0.5480171901311647
C_MATERIAL:0.4593619900258907
