ELO:809
CE_PASSEDPAWNS:0.5510902836452461
CE_PAWNWEAKNESSES:0.5164244226309745
CE_PIECEACTIVITY:0.47880016575136397
CE_KINGPAWNSHIELD:0.4726796555491817
CE_PIECECOORDINATION:0.5246703056036001
CE_MATERIAL:0.5119880022682431
CE_KINGSAFETY:0.528805226004495
C_PIECESQUARETABLES:0.5139249592502159
C_MOBILITY:0.5255114534189397
C_KINGSAFETY:0.4583222036332155
C_PAWNSTRUCTURE:0.4363436924930343
C_PIECECOORDINATION:0.5411931297321932
C_ROOKANDPAWNMOVEMENT:0.5411931297321932
C_CENTERCONTROL:0.5427296019266804
C_DEVELOPPIECES:0.5353455391870207
C_MATERIAL:0.5007848811277393
C_MOVECOUNT:0.39030971506376444
