ELO:1014
CE_PASSEDPAWNS:0.48152937654177397
CE_PAWNWEAKNESSES:0.5
CE_PIECEACTIVITY:0.5
CE_KINGPAWNSHIELD:0.5
CE_PIECECOORDINATION:0.5083841870195765
CE_MATERIAL:0.5
CE_KINGSAFETY:0.5
C_PIECESQUARETABLES:0.5
C_MOBILITY:0.5
C_KINGSAFETY:0.496958995750764
C_PAWNSTRUCTURE:0.49776975596795314
C_PIECECOORDINATION:0.4886938418041639
C_ROOKANDPAWNMOVEMENT:0.4886938418041639
C_CENTERCONTROL:0.5
C_DEVELOPPIECES:0.5
C_MATERIAL:0.4779603472729251
C_MOVECOUNT:0.5
