ELO:834
CE_PASSEDPAWNS:0.40908757798862616
CE_PAWNWEAKNESSES:0.4500964425365303
CE_PIECEACTIVITY:0.4312829882253749
CE_KINGPAWNSHIELD:0.542103425869031
CE_PIECECOORDINATION:0.43049945920846366
CE_MATERIAL:0.5540344671702584
CE_KINGSAFETY:0.48849565288180796
C_PIECESQUARETABLES:0.5000399881686218
C_MOBILITY:0.4765782058742259
C_KINGSAFETY:0.5992553038871771
C_PAWNSTRUCTURE:0.5089966754328229
C_PIECECOORDINATION:0.6286365309855408
C_ROOKANDPAWNMOVEMENT:0.6286365309855408
C_CENTERCONTROL:0.3941271026071842
C_DEVELOPPIECES:0.5523740374347506
C_MATERIAL:0.43318690940261395
