ELO:946
CE_PASSEDPAWNS:0.5003723519653595
CE_PAWNWEAKNESSES:0.41408093951883734
CE_PIECEACTIVITY:0.5851502257097936
CE_KINGPAWNSHIELD:0.5316101634837064
CE_PIECECOORDINATION:0.47773677721053603
CE_MATERIAL:0.4411276312042894
CE_KINGSAFETY:0.4606919386836149
C_PIECESQUARETABLES:0.5277557383834561
C_MOBILITY:0.49270979227111333
C_KINGSAFETY:0.4989376363578464
C_PAWNSTRUCTURE:0.4980972663118962
C_PIECECOORDINATION:0.5953895307270735
C_ROOKANDPAWNMOVEMENT:0.5953895307270735
C_CENTERCONTROL:0.46759961356490487
C_DEVELOPPIECES:0.39844401319218137
C_MATERIAL:0.46194435737168255
