ELO:948
CE_PASSEDPAWNS:0.4663136304272746
CE_PAWNWEAKNESSES:0.4573515497019284
CE_PIECEACTIVITY:0.4686801717202465
CE_KINGPAWNSHIELD:0.4759060380711699
CE_PIECECOORDINATION:0.4616249912400181
CE_MATERIAL:0.5444762888980216
CE_KINGSAFETY:0.4829272123628394
C_PIECESQUARETABLES:0.498298640457034
C_MOBILITY:0.4836584966623768
C_KINGSAFETY:0.5259930413282836
C_PAWNSTRUCTURE:0.5364638139438246
C_PIECECOORDINATION:0.5819058055904729
C_ROOKANDPAWNMOVEMENT:0.5819058055904729
C_CENTERCONTROL:0.42560397201611255
C_DEVELOPPIECES:0.504705239655194
C_MATERIAL:0.4850966143447676
