ELO:1000
CE_PASSEDPAWNS:0.4883727490993744
CE_PAWNWEAKNESSES:0.48772681254826955
CE_PIECEACTIVITY:0.4976736148433642
CE_KINGPAWNSHIELD:0.5438434731219879
CE_PIECECOORDINATION:0.49727165302433357
CE_MATERIAL:0.45755043583942984
CE_KINGSAFETY:0.5189822138893141
C_PIECESQUARETABLES:0.4980583340627682
C_MOBILITY:0.5148072513082365
C_KINGSAFETY:0.5279104406250716
C_PAWNSTRUCTURE:0.5075640865728216
C_PIECECOORDINATION:0.522210458206571
C_ROOKANDPAWNMOVEMENT:0.522210458206571
C_CENTERCONTROL:0.5101914859027867
C_DEVELOPPIECES:0.48395583436387146
C_MATERIAL:0.48487012632403326
