ELO:973
CE_PASSEDPAWNS:0.49646530927611415
CE_PAWNWEAKNESSES:0.49513015256694876
CE_PIECEACTIVITY:0.49814657421366715
CE_KINGPAWNSHIELD:0.527989267159666
CE_PIECECOORDINATION:0.5021930330279427
CE_MATERIAL:0.5082099046247426
CE_KINGSAFETY:0.5
C_PIECESQUARETABLES:0.49445760627036206
C_MOBILITY:0.5006233269742291
C_KINGSAFETY:0.513132037500872
C_PAWNSTRUCTURE:0.49389186470207175
C_PIECECOORDINATION:0.4650619853103031
C_ROOK:0.48090125256569194
CE_ROOK:0.5003719917873615
C_CENTERCONTROL:0.49680946509354146
C_DEVELOPPIECES:0.5019112551394636
C_MATERIAL:0.48660900322104766
C_MOVECOUNT:0.47017363135458257
C_PAWNMOVEMENT:0.47315826444644987
