ELO:950
CE_PASSEDPAWNS:0.4455951491948851
CE_PAWNWEAKNESSES:0.4917957896520379
CE_PIECEACTIVITY:0.5188644662918646
CE_KINGPAWNSHIELD:0.5280431302484418
CE_PIECECOORDINATION:0.5430754026193302
CE_MATERIAL:0.5226507357618804
CE_KINGSAFETY:0.5
C_PIECESQUARETABLES:0.524187330797459
C_MOBILITY:0.5033282596496715
C_KINGSAFETY:0.4951263170858854
C_PAWNSTRUCTURE:0.49790324450998785
C_PIECECOORDINATION:0.5409181366269603
C_ROOKANDPAWNMOVEMENT:0.5409181366269603
C_CENTERCONTROL:0.5189867611657387
C_DEVELOPPIECES:0.44222288798357295
C_MATERIAL:0.4848452805207792
C_MOVECOUNT:0.4619888730814479
