ELO:889
CE_PASSEDPAWNS:0.5410276493607539
CE_PAWNWEAKNESSES:0.5170954563493614
CE_PIECEACTIVITY:0.47335271850133254
CE_KINGPAWNSHIELD:0.4583966283229443
CE_PIECECOORDINATION:0.5249678136620102
CE_MATERIAL:0.4955639463269997
CE_KINGSAFETY:0.5214939509206887
C_PIECESQUARETABLES:0.4994143917627717
C_MOBILITY:0.5441084976873386
C_KINGSAFETY:0.4475236107235662
C_PAWNSTRUCTURE:0.44799072174550214
C_PIECECOORDINATION:0.5408993878412466
C_ROOKANDPAWNMOVEMENT:0.5408993878412466
C_CENTERCONTROL:0.5427296019266804
C_DEVELOPPIECES:0.5211503818999424
C_MATERIAL:0.4968575828324865
C_MOVECOUNT:0.3930209721422313
