ELO:972
CE_PASSEDPAWNS:0.48654036440841236
CE_PAWNWEAKNESSES:0.49513015256694876
CE_PIECEACTIVITY:0.502389419065152
CE_KINGPAWNSHIELD:0.527989267159666
CE_PIECECOORDINATION:0.4976965279960765
CE_MATERIAL:0.5139343387697204
CE_KINGSAFETY:0.486481122149948
C_PIECESQUARETABLES:0.4858782157251842
C_MOBILITY:0.5083354767221948
C_KINGSAFETY:0.516419096815387
C_PAWNSTRUCTURE:0.505077299689025
C_PIECECOORDINATION:0.4627839143927947
C_ROOK:0.48090125256569194
CE_ROOK:0.4889132901849879
C_CENTERCONTROL:0.48540044127406023
C_DEVELOPPIECES:0.5117171575303008
C_MATERIAL:0.48659571833906906
C_MOVECOUNT:0.47017363135458257
C_PAWNMOVEMENT:0.4742067265170127
