ELO:898
CE_PASSEDPAWNS:0.48852455467842304
CE_PAWNWEAKNESSES:0.5110236066288528
CE_PIECEACTIVITY:0.476440241358954
CE_KINGPAWNSHIELD:0.5071183715552713
CE_PIECECOORDINATION:0.47039512646063636
CE_MATERIAL:0.46203496272550065
CE_KINGSAFETY:0.49100761992204467
C_PIECESQUARETABLES:0.49621634324808894
C_MOBILITY:0.5293289168281218
C_KINGSAFETY:0.5373413186771643
C_PAWNSTRUCTURE:0.4558394029286461
C_PIECECOORDINATION:0.5035079584959842
C_ROOK:0.4892981412287054
CE_ROOK:0.4671829784595094
C_CENTERCONTROL:0.5147222577674676
C_DEVELOPPIECES:0.5189496324951111
C_MATERIAL:0.4665962853255453
C_MOVECOUNT:0.4851061855576035
C_PAWNMOVEMENT:0.47998431515474954
