ELO:939
CE_PASSEDPAWNS:0.5120958141430733
CE_PAWNWEAKNESSES:0.4405458049964645
CE_PIECEACTIVITY:0.5849055062489248
CE_KINGPAWNSHIELD:0.5333804319104014
CE_PIECECOORDINATION:0.4823603315219499
CE_MATERIAL:0.4269752819845201
CE_KINGSAFETY:0.5069348333036582
C_PIECESQUARETABLES:0.492585514396358
C_MOBILITY:0.47497362357215206
C_KINGSAFETY:0.4892617383520235
C_PAWNSTRUCTURE:0.5381847470567214
C_PIECECOORDINATION:0.6257074313093364
C_ROOKANDPAWNMOVEMENT:0.6257074313093364
C_CENTERCONTROL:0.4700705461845735
C_DEVELOPPIECES:0.39343870588509944
C_MATERIAL:0.4552356447350968
