ELO:1019
CE_PASSEDPAWNS:0.5044225532983945
CE_PAWNWEAKNESSES:0.5016084704257094
CE_PIECEACTIVITY:0.48767941496226697
CE_KINGPAWNSHIELD:0.5008809519743683
CE_PIECECOORDINATION:0.4907600042221711
CE_MATERIAL:0.49496768588211704
CE_KINGSAFETY:0.48545984344660836
C_PIECESQUARETABLES:0.4909818942486301
C_MOBILITY:0.4836365496085491
C_KINGSAFETY:0.5192164082547261
C_PAWNSTRUCTURE:0.5041576872102567
C_PIECECOORDINATION:0.5
C_ROOKANDPAWNMOVEMENT:0.5
C_CENTERCONTROL:0.5139790835108712
C_DEVELOPPIECES:0.49420223067428154
C_MATERIAL:0.5229170754409548
