ELO:941
CE_PASSEDPAWNS:0.5199236484302366
CE_PAWNWEAKNESSES:0.4925958291837081
CE_PIECEACTIVITY:0.5858356188314371
CE_KINGPAWNSHIELD:0.4610635068232089
CE_PIECECOORDINATION:0.547158311874506
CE_MATERIAL:0.3601151240725505
CE_KINGSAFETY:0.4649412141671266
C_PIECESQUARETABLES:0.5329330328976072
C_MOBILITY:0.46837178119980616
C_KINGSAFETY:0.4925959037089525
C_PAWNSTRUCTURE:0.5893934903316674
C_PIECECOORDINATION:0.624832823629008
C_ROOKANDPAWNMOVEMENT:0.624832823629008
C_CENTERCONTROL:0.4509383411442854
C_DEVELOPPIECES:0.3212361878852253
C_MATERIAL:0.3632220580785911
