ELO:988
CE_PASSEDPAWNS:0.4980822874647298
CE_PAWNWEAKNESSES:0.5
CE_PIECEACTIVITY:0.49038986718166655
CE_KINGPAWNSHIELD:0.48505924884663104
CE_PIECECOORDINATION:0.4992880339534738
CE_MATERIAL:0.4992646303569465
CE_KINGSAFETY:0.5077549450209851
C_PIECESQUARETABLES:0.5006589501428335
C_MOBILITY:0.49698836773206667
C_KINGSAFETY:0.4823044684464141
C_PAWNSTRUCTURE:0.5143275396931589
C_PIECECOORDINATION:0.49589520267393733
C_ROOKANDPAWNMOVEMENT:0.49589520267393733
C_CENTERCONTROL:0.48846260328397473
C_DEVELOPPIECES:0.49151735516514344
C_MATERIAL:0.48681612917462114
C_MOVECOUNT:0.49691240420050914
