ELO:986
CE_PASSEDPAWNS:0.4961535083901585
CE_PAWNWEAKNESSES:0.5263139236888827
CE_PIECEACTIVITY:0.482845952647465
CE_KINGPAWNSHIELD:0.5051662040405757
CE_PIECECOORDINATION:0.5004929543641274
CE_MATERIAL:0.48806950396266136
CE_KINGSAFETY:0.5
C_PIECESQUARETABLES:0.5
C_MOBILITY:0.5123967390399697
C_KINGSAFETY:0.5105322443836278
C_PAWNSTRUCTURE:0.4972503692860104
C_PIECECOORDINATION:0.45862895085354105
C_ROOK:0.49298220187646696
CE_ROOK:0.48722869876701236
C_CENTERCONTROL:0.49680946509354146
C_DEVELOPPIECES:0.511738482754756
C_MATERIAL:0.4892994733759271
C_MOVECOUNT:0.47308590634793407
C_PAWNMOVEMENT:0.4742968814515062
