ELO:948
CE_PASSEDPAWNS:0.5071426414706698
CE_PAWNWEAKNESSES:0.4957735711524375
CE_PIECEACTIVITY:0.5099812547586751
CE_KINGPAWNSHIELD:0.47763651343630736
CE_PIECECOORDINATION:0.5011364497774053
CE_MATERIAL:0.4886842084872953
CE_KINGSAFETY:0.5
C_PIECESQUARETABLES:0.503331699363242
C_MOBILITY:0.4941608515485919
C_KINGSAFETY:0.4784924505258632
C_PAWNSTRUCTURE:0.4971566490854971
C_PIECECOORDINATION:0.5111142104152346
C_ROOKANDPAWNMOVEMENT:0.5111142104152346
C_CENTERCONTROL:0.47941536995794554
C_DEVELOPPIECES:0.4646748545383553
C_MATERIAL:0.4929601062681435
C_MOVECOUNT:0.5039812427441229
