ELO:1016
CE_PASSEDPAWNS:0.5
CE_PAWNWEAKNESSES:0.5180159334124627
CE_PIECEACTIVITY:0.484508659155886
CE_KINGPAWNSHIELD:0.5173856730413928
CE_PIECECOORDINATION:0.49507032002706736
CE_MATERIAL:0.4859495234312422
CE_KINGSAFETY:0.49445921910119595
C_PIECESQUARETABLES:0.4992496304413791
C_MOBILITY:0.5063812016429402
C_KINGSAFETY:0.4908372989742058
C_PAWNSTRUCTURE:0.49679556918287426
C_PIECECOORDINATION:0.5182515999081287
C_ROOK:0.493374313320691
CE_ROOK:0.4859493146957757
C_CENTERCONTROL:0.514686348894898
C_DEVELOPPIECES:0.4884485719707265
C_MATERIAL:0.5318638971272301
C_MOVECOUNT:0.481951072709354
C_PAWNMOVEMENT:0.48097894232409133
