ELO:1018
CE_PASSEDPAWNS:0.4771113138280787
CE_PAWNWEAKNESSES:0.5
CE_PIECEACTIVITY:0.5079022296463703
CE_KINGPAWNSHIELD:0.5144742708260118
CE_PIECECOORDINATION:0.5
CE_MATERIAL:0.5
CE_KINGSAFETY:0.5
C_PIECESQUARETABLES:0.5
C_MOBILITY:0.515740792262742
C_KINGSAFETY:0.48599598606445255
C_PAWNSTRUCTURE:0.5209696503481401
C_PIECECOORDINATION:0.49546644005081236
C_ROOK:0.48984826937780357
CE_ROOK:0.5
C_CENTERCONTROL:0.4852462189647706
C_DEVELOPPIECES:0.47496646509485185
C_MATERIAL:0.47833634068176073
C_MOVECOUNT:0.5141204263753295
C_PAWNMOVEMENT:0.5
