ELO:905
CE_PASSEDPAWNS:0.45888811637634913
CE_PAWNWEAKNESSES:0.4851526387664695
CE_PIECEACTIVITY:0.5022668008897937
CE_KINGPAWNSHIELD:0.5063039956226674
CE_PIECECOORDINATION:0.49261840933261014
CE_MATERIAL:0.520149153308259
CE_KINGSAFETY:0.47106474255172703
C_PIECESQUARETABLES:0.4934574523157808
C_MOBILITY:0.49447581014154884
C_KINGSAFETY:0.5491946475586508
C_PAWNSTRUCTURE:0.49460412329556386
C_PIECECOORDINATION:0.5315796832436201
C_ROOKANDPAWNMOVEMENT:0.5315796832436201
C_CENTERCONTROL:0.50592021224828
C_DEVELOPPIECES:0.4949134247539537
C_MATERIAL:0.5054524073427665
C_MOVECOUNT:0.5
