ELO:976
CE_PASSEDPAWNS:0.5270997357899317
CE_PAWNWEAKNESSES:0.4547591795976999
CE_PIECEACTIVITY:0.4573881070746764
CE_KINGPAWNSHIELD:0.49628048676446673
CE_PIECECOORDINATION:0.4561499254974537
CE_MATERIAL:0.5465626996199837
CE_KINGSAFETY:0.5877679530758187
C_PIECESQUARETABLES:0.520525081380865
C_MOBILITY:0.5579690375263344
C_KINGSAFETY:0.4922394483400005
C_PAWNSTRUCTURE:0.5125105636679007
C_PIECECOORDINATION:0.5216989018455929
C_ROOKANDPAWNMOVEMENT:0.5216989018455929
C_CENTERCONTROL:0.4544022312814808
C_DEVELOPPIECES:0.49241240760101196
C_MATERIAL:0.46823934678808
