ELO:934
CE_PASSEDPAWNS:0.509608252859684
CE_PAWNWEAKNESSES:0.5656641669230252
CE_PIECEACTIVITY:0.5268796053877052
CE_KINGPAWNSHIELD:0.4836038039142032
CE_PIECECOORDINATION:0.43243094016949507
CE_MATERIAL:0.5203108676008479
CE_KINGSAFETY:0.5
C_PIECESQUARETABLES:0.5
C_MOBILITY:0.4511148358923017
C_KINGSAFETY:0.5096714895139338
C_PAWNSTRUCTURE:0.5340833201903585
C_PIECECOORDINATION:0.5
C_ROOKANDPAWNMOVEMENT:0.5
C_CENTERCONTROL:0.5593183044796737
C_DEVELOPPIECES:0.47292663757419795
C_MATERIAL:0.4708611042762181
C_MOVECOUNT:0.5
