ELO:936
CE_PASSEDPAWNS:0.4691482765084362
CE_PAWNWEAKNESSES:0.47771612057628116
CE_PIECEACTIVITY:0.49725388019728733
CE_KINGPAWNSHIELD:0.4718680128792779
CE_PIECECOORDINATION:0.5311980700822941
CE_MATERIAL:0.48891230398453556
CE_KINGSAFETY:0.48756530382147995
C_PIECESQUARETABLES:0.49852961650691796
C_MOBILITY:0.4823504066440303
C_KINGSAFETY:0.5431620617073932
C_PAWNSTRUCTURE:0.5349137487907388
C_PIECECOORDINATION:0.4965443098581011
C_ROOKANDPAWNMOVEMENT:0.4965443098581011
C_CENTERCONTROL:0.4441518334648346
C_DEVELOPPIECES:0.47828293259720284
C_MATERIAL:0.4730109307954042
