ELO:963
CE_PASSEDPAWNS:0.4796821384059756
CE_PAWNWEAKNESSES:0.49848762376073846
CE_PIECEACTIVITY:0.4709547035547363
CE_KINGPAWNSHIELD:0.497147241712378
CE_PIECECOORDINATION:0.5209806095860022
CE_MATERIAL:0.48018118755195593
CE_KINGSAFETY:0.4894901817843167
C_PIECESQUARETABLES:0.4850461640687314
C_MOBILITY:0.5225618486177961
C_KINGSAFETY:0.5066574087462098
C_PAWNSTRUCTURE:0.48362694965712044
C_PIECECOORDINATION:0.4890164371698547
C_ROOKANDPAWNMOVEMENT:0.4890164371698547
C_CENTERCONTROL:0.5061511962762585
C_DEVELOPPIECES:0.4704758724556662
C_MATERIAL:0.47144333148126977
C_MOVECOUNT:0.5
