ELO:958
CE_PASSEDPAWNS:0.48970911422344293
CE_PAWNWEAKNESSES:0.5093199312513944
CE_PIECEACTIVITY:0.48743191582783957
CE_KINGPAWNSHIELD:0.4800432830141437
CE_PIECECOORDINATION:0.5013984460225192
CE_MATERIAL:0.5001734175825434
CE_KINGSAFETY:0.5532520134991747
C_PIECESQUARETABLES:0.4975378479870522
C_MOBILITY:0.47726806220332385
C_KINGSAFETY:0.49673971904803543
C_PAWNSTRUCTURE:0.5037206999661639
C_PIECECOORDINATION:0.5215640215185364
C_ROOKANDPAWNMOVEMENT:0.5215640215185364
C_CENTERCONTROL:0.5368537363010604
C_DEVELOPPIECES:0.4964469994573067
C_MATERIAL:0.46455823406220137
C_MOVECOUNT:0.536894797688981
