ELO:1000
CE_PASSEDPAWNS:0.48077276426574966
CE_PAWNWEAKNESSES:0.44030174658085736
CE_PIECEACTIVITY:0.5376749177366326
CE_KINGPAWNSHIELD:0.4317376881271937
CE_PIECECOORDINATION:0.47857187475017887
CE_MATERIAL:0.5044916891099673
CE_KINGSAFETY:0.523979470876378
C_PIECESQUARETABLES:0.5226156309021572
C_MOBILITY:0.5162847922621997
C_KINGSAFETY:0.4928782638222396
C_PAWNSTRUCTURE:0.49106535210411095
C_PIECECOORDINATION:0.44884301210742616
C_ROOKANDPAWNMOVEMENT:0.44884301210742616
C_CENTERCONTROL:0.45021130661669423
C_DEVELOPPIECES:0.5050445434584638
C_MATERIAL:0.5981136994719176
