ELO:964
CE_PASSEDPAWNS:0.458885849908084
CE_PAWNWEAKNESSES:0.5063651070633061
CE_PIECEACTIVITY:0.49798980994503406
CE_KINGPAWNSHIELD:0.4822453889343655
CE_PIECECOORDINATION:0.5042843349449436
CE_MATERIAL:0.4849350926010293
CE_KINGSAFETY:0.507616631374734
C_PIECESQUARETABLES:0.5
C_MOBILITY:0.5077676702324232
C_KINGSAFETY:0.5026556151056779
C_PAWNSTRUCTURE:0.4969807198871715
C_PIECECOORDINATION:0.45874322339624213
C_ROOK:0.4714869309771254
CE_ROOK:0.5298608327995107
C_CENTERCONTROL:0.48465747896853234
C_DEVELOPPIECES:0.4944652958730235
C_MATERIAL:0.5200880607867443
C_MOVECOUNT:0.4777708933069145
C_PAWNMOVEMENT:0.4951861732806744
