ELO:845
CE_PASSEDPAWNS:0.44577393463827486
CE_PAWNWEAKNESSES:0.585873857073111
CE_PIECEACTIVITY:0.5809295365419256
CE_KINGPAWNSHIELD:0.3740270815614735
CE_PIECECOORDINATION:0.5049718528622754
CE_MATERIAL:0.5211185663027756
CE_KINGSAFETY:0.5054317268011773
C_PIECESQUARETABLES:0.4795908818644531
C_MOBILITY:0.5081413973440124
C_KINGSAFETY:0.4902154815797332
C_PAWNSTRUCTURE:0.5069146630081841
C_PIECECOORDINATION:0.4844893133148581
C_ROOKANDPAWNMOVEMENT:0.4844893133148581
C_CENTERCONTROL:0.5022646346224764
C_DEVELOPPIECES:0.4834049321331716
C_MATERIAL:0.5590401737762198
C_MOVECOUNT:0.5
