ELO:1020
CE_PASSEDPAWNS:0.47198440453607754
CE_PAWNWEAKNESSES:0.5023671154484513
CE_PIECEACTIVITY:0.5064717264688003
CE_KINGPAWNSHIELD:0.4695425906478662
CE_PIECECOORDINATION:0.5043901861355996
CE_MATERIAL:0.5177029599918084
CE_KINGSAFETY:0.5
C_PIECESQUARETABLES:0.5
C_MOBILITY:0.5212935053933127
C_KINGSAFETY:0.43682526189989257
C_PAWNSTRUCTURE:0.5468610927676897
C_PIECECOORDINATION:0.5123774048573894
C_ROOK:0.5415126425962393
CE_ROOK:0.5065067117715811
C_CENTERCONTROL:0.5
C_DEVELOPPIECES:0.4874532957104763
C_MATERIAL:0.5201168843147016
C_MOVECOUNT:0.488103641577443
C_PAWNMOVEMENT:0.4890726682780991
