ELO:994
CE_PASSEDPAWNS:0.5527547121034277
CE_PAWNWEAKNESSES:0.5557702350581607
CE_PIECEACTIVITY:0.5081663398432757
CE_KINGPAWNSHIELD:0.5071048308902217
CE_PIECECOORDINATION:0.48369614497111474
CE_MATERIAL:0.5333664685475544
CE_KINGSAFETY:0.5163724789707771
C_PIECESQUARETABLES:0.4964418076446049
C_MOBILITY:0.5004918356463247
C_KINGSAFETY:0.46288321058272514
C_PAWNSTRUCTURE:0.5487557662644261
C_PIECECOORDINATION:0.484632067848026
C_ROOKANDPAWNMOVEMENT:0.484632067848026
C_CENTERCONTROL:0.5400578531900054
C_DEVELOPPIECES:0.4620299132683963
C_MATERIAL:0.5405174043574167
