ELO:1000
CE_PASSEDPAWNS:0.4745476898406568
CE_PAWNWEAKNESSES:0.5173662034777073
CE_PIECEACTIVITY:0.48125793670199746
CE_KINGPAWNSHIELD:0.4951377707020473
CE_PIECECOORDINATION:0.4871345921928612
CE_MATERIAL:0.49249929653358115
CE_KINGSAFETY:0.5066995311675065
C_PIECESQUARETABLES:0.4981108085083664
C_MOBILITY:0.5396660106642311
C_KINGSAFETY:0.5321512343652365
C_PAWNSTRUCTURE:0.5025967413362251
C_PIECECOORDINATION:0.4268341723435945
C_ROOKANDPAWNMOVEMENT:0.4268341723435945
C_CENTERCONTROL:0.4946363217395899
C_DEVELOPPIECES:0.44850305882180325
C_MATERIAL:0.5011431282156051
