ELO:961
CE_PASSEDPAWNS:0.48092633325798395
CE_PAWNWEAKNESSES:0.5091175752623671
CE_PIECEACTIVITY:0.5006158813149071
CE_KINGPAWNSHIELD:0.5099169153387734
CE_PIECECOORDINATION:0.5064311035402278
CE_MATERIAL:0.515414493053384
CE_KINGSAFETY:0.49668486544192203
C_PIECESQUARETABLES:0.5052477408956373
C_MOBILITY:0.4716978507910055
C_KINGSAFETY:0.484344779527458
C_PAWNSTRUCTURE:0.49007447022093703
C_PIECECOORDINATION:0.48420680038227504
C_ROOKANDPAWNMOVEMENT:0.48420680038227504
C_CENTERCONTROL:0.4942295385394256
C_DEVELOPPIECES:0.5067279693488521
C_MATERIAL:0.49617890761324585
C_MOVECOUNT:0.48596729365892566
