ELO:1023
CE_PASSEDPAWNS:0.4743134560211359
CE_PAWNWEAKNESSES:0.5284100280721816
CE_PIECEACTIVITY:0.509603858541549
CE_KINGPAWNSHIELD:0.5068540187535086
CE_PIECECOORDINATION:0.48223038506638427
CE_MATERIAL:0.5006403452704119
CE_KINGSAFETY:0.5
C_PIECESQUARETABLES:0.5
C_MOBILITY:0.5028170813085642
C_KINGSAFETY:0.47374175066440066
C_PAWNSTRUCTURE:0.5014195538812061
C_PIECECOORDINATION:0.5179891344063673
C_ROOK:0.5057630929773514
CE_ROOK:0.4879694313909562
C_CENTERCONTROL:0.5044795965366173
C_DEVELOPPIECES:0.49539531084576294
C_MATERIAL:0.5177977038124614
C_MOVECOUNT:0.4733766181712077
C_PAWNMOVEMENT:0.4761727696428061
