ELO:980
CE_PASSEDPAWNS:0.4909935278659388
CE_PAWNWEAKNESSES:0.5067520324176105
CE_PIECEACTIVITY:0.4760755425720941
CE_KINGPAWNSHIELD:0.5189926836431367
CE_PIECECOORDINATION:0.4785872319797925
CE_MATERIAL:0.5011948496990495
CE_KINGSAFETY:0.5089846598538152
C_PIECESQUARETABLES:0.5
C_MOBILITY:0.4883021449658885
C_KINGSAFETY:0.476995731403918
C_PAWNSTRUCTURE:0.5103321187238941
C_PIECECOORDINATION:0.49744315396289734
C_ROOKANDPAWNMOVEMENT:0.49744315396289734
C_CENTERCONTROL:0.49221741295244176
C_DEVELOPPIECES:0.48277846267308483
C_MATERIAL:0.49981931597894763
C_MOVECOUNT:0.520823105778567
