ELO:991
CE_PASSEDPAWNS:0.47512473678766215
CE_PAWNWEAKNESSES:0.515077090788954
CE_PIECEACTIVITY:0.5192985876188512
CE_KINGPAWNSHIELD:0.48862039646021854
CE_PIECECOORDINATION:0.5188505810714696
CE_MATERIAL:0.5100031120823827
CE_KINGSAFETY:0.5304840579608207
C_PIECESQUARETABLES:0.4867277207089227
C_MOBILITY:0.5241185320261431
C_KINGSAFETY:0.5178662158182475
C_PAWNSTRUCTURE:0.48547609286768695
C_PIECECOORDINATION:0.4440773957141142
C_ROOKANDPAWNMOVEMENT:0.4440773957141142
C_CENTERCONTROL:0.4622681806276327
C_DEVELOPPIECES:0.45902460521852195
C_MATERIAL:0.5263536761366518
