ELO:609
CE_PASSEDPAWNS:0.45885644049310453
CE_PAWNWEAKNESSES:0.5889426406632147
CE_PIECEACTIVITY:0.5874695600164649
CE_KINGPAWNSHIELD:0.35810042624933536
CE_PIECECOORDINATION:0.3993417839358958
CE_MATERIAL:0.5261443189307164
CE_KINGSAFETY:0.4905516320360091
C_PIECESQUARETABLES:0.47758221278713686
C_MOBILITY:0.5166690432559229
C_KINGSAFETY:0.39992513632605725
C_PAWNSTRUCTURE:0.5152855974196826
C_PIECECOORDINATION:0.4667727822707939
C_ROOKANDPAWNMOVEMENT:0.4667727822707939
C_CENTERCONTROL:0.509807967061296
C_DEVELOPPIECES:0.46540195918741545
C_MATERIAL:0.5672996887845192
C_MOVECOUNT:0.5530574493083136
