ELO:988
CE_PASSEDPAWNS:0.49097719522331656
CE_PAWNWEAKNESSES:0.4908256813841781
CE_PIECEACTIVITY:0.5168486230645639
CE_KINGPAWNSHIELD:0.5
CE_PIECECOORDINATION:0.5
CE_MATERIAL:0.5
CE_KINGSAFETY:0.4990392370013299
C_PIECESQUARETABLES:0.5
C_MOBILITY:0.5
C_KINGSAFETY:0.5
C_PAWNSTRUCTURE:0.49028685572846387
C_PIECECOORDINATION:0.5
C_ROOKANDPAWNMOVEMENT:0.5
C_CENTERCONTROL:0.5
C_DEVELOPPIECES:0.4906060042296005
C_MATERIAL:0.49710607253449196
C_MOVECOUNT:0.5
