ELO:987
CE_PASSEDPAWNS:0.48039827440382127
CE_PAWNWEAKNESSES:0.5282038739637706
CE_PIECEACTIVITY:0.5116012802998904
CE_KINGPAWNSHIELD:0.4721028048952197
CE_PIECECOORDINATION:0.496142025562204
CE_MATERIAL:0.5111354229456306
CE_KINGSAFETY:0.537706712711184
C_PIECESQUARETABLES:0.521598241133939
C_MOBILITY:0.5154819755322253
C_KINGSAFETY:0.5375105527621871
C_PAWNSTRUCTURE:0.4994391987434333
C_PIECECOORDINATION:0.45970733061399677
C_ROOKANDPAWNMOVEMENT:0.45970733061399677
C_CENTERCONTROL:0.46538071935175074
C_DEVELOPPIECES:0.45856322598920446
C_MATERIAL:0.48508330195305743
