ELO:1044
CE_PASSEDPAWNS:0.5066270449685104
CE_PAWNWEAKNESSES:0.5
CE_PIECEACTIVITY:0.5044483528572965
CE_KINGPAWNSHIELD:0.5120062770961185
CE_PIECECOORDINATION:0.4959057709071751
CE_MATERIAL:0.4913272283403476
CE_KINGSAFETY:0.5
C_PIECESQUARETABLES:0.5
C_MOBILITY:0.5
C_KINGSAFETY:0.4795235616541757
C_PAWNSTRUCTURE:0.5047636744040566
C_PIECECOORDINATION:0.5172284595140588
C_ROOK:0.5099060923727498
CE_ROOK:0.4955141820428924
C_CENTERCONTROL:0.5055156476960524
C_DEVELOPPIECES:0.4925283032106535
C_MATERIAL:0.48940688832066276
C_MOVECOUNT:0.4839318357483658
C_PAWNMOVEMENT:0.48657398600930984
