ELO:924
CE_PASSEDPAWNS:0.4639158500411633
CE_PAWNWEAKNESSES:0.49632457556152876
CE_PIECEACTIVITY:0.5047635475760799
CE_KINGPAWNSHIELD:0.47644086733414104
CE_PIECECOORDINATION:0.5141105366202077
CE_MATERIAL:0.4880802804084921
CE_KINGSAFETY:0.5102900201620976
C_PIECESQUARETABLES:0.4938209764452146
C_MOBILITY:0.5125300281158179
C_KINGSAFETY:0.47170556944645586
C_PAWNSTRUCTURE:0.5397458747009402
C_PIECECOORDINATION:0.4648540426249827
C_ROOK:0.4732982688454702
CE_ROOK:0.5212122593746872
C_CENTERCONTROL:0.4824853158150728
C_DEVELOPPIECES:0.48319366502300554
C_MATERIAL:0.5137361534940205
C_MOVECOUNT:0.49484437337653936
C_PAWNMOVEMENT:0.4957039403944797
