ELO:985
CE_PASSEDPAWNS:0.49620908514195006
CE_PAWNWEAKNESSES:0.5111113709883387
CE_PIECEACTIVITY:0.5062462386253304
CE_KINGPAWNSHIELD:0.49203085551907155
CE_PIECECOORDINATION:0.4782290365586633
CE_MATERIAL:0.5025593423684278
CE_KINGSAFETY:0.5089846598538152
C_PIECESQUARETABLES:0.486748627390602
C_MOBILITY:0.5113404940683384
C_KINGSAFETY:0.48011708125821756
C_PAWNSTRUCTURE:0.5003389682765692
C_PIECECOORDINATION:0.5295550763062966
C_ROOKANDPAWNMOVEMENT:0.5295550763062966
C_CENTERCONTROL:0.49617339922586046
C_DEVELOPPIECES:0.49876311522757766
C_MATERIAL:0.5047559009667429
C_MOVECOUNT:0.5024313570703066
