ELO:996
CE_PASSEDPAWNS:0.582499067370722
CE_PAWNWEAKNESSES:0.5407301439128792
CE_PIECEACTIVITY:0.49806785201333464
CE_KINGPAWNSHIELD:0.5245959331186446
CE_PIECECOORDINATION:0.496837885225691
CE_MATERIAL:0.530160465165744
CE_KINGSAFETY:0.4925687972426518
C_PIECESQUARETABLES:0.5101733522408056
C_MOBILITY:0.5022385189753776
C_KINGSAFETY:0.47877328728617796
C_PAWNSTRUCTURE:0.543725616524741
C_PIECECOORDINATION:0.49726834257179114
C_ROOKANDPAWNMOVEMENT:0.49726834257179114
C_CENTERCONTROL:0.5326175897560275
C_DEVELOPPIECES:0.45745810891485705
C_MATERIAL:0.521237175642166
