ELO:1010
CE_PASSEDPAWNS:0.48163961866793603
CE_PAWNWEAKNESSES:0.4929376644494447
CE_PIECEACTIVITY:0.5
CE_KINGPAWNSHIELD:0.4950276983027523
CE_PIECECOORDINATION:0.5075811608406738
CE_MATERIAL:0.4951669405459582
CE_KINGSAFETY:0.5
C_PIECESQUARETABLES:0.5
C_MOBILITY:0.5111025207003025
C_KINGSAFETY:0.4839569016244925
C_PAWNSTRUCTURE:0.49398693976363667
C_PIECECOORDINATION:0.5
C_ROOKANDPAWNMOVEMENT:0.5
C_CENTERCONTROL:0.5057051896692689
C_DEVELOPPIECES:0.5
C_MATERIAL:0.5
C_MOVECOUNT:0.5
