ELO:989
CE_PASSEDPAWNS:0.5277288571395565
CE_PAWNWEAKNESSES:0.4817709026216047
CE_PIECEACTIVITY:0.5309195424048528
CE_KINGPAWNSHIELD:0.542603462243025
CE_PIECECOORDINATION:0.4885979046656315
CE_MATERIAL:0.4694181679613265
CE_KINGSAFETY:0.5
C_PIECESQUARETABLES:0.5000685290701984
C_MOBILITY:0.5836313903895851
C_KINGSAFETY:0.5124506716145727
C_PAWNSTRUCTURE:0.46054427260367564
C_PIECECOORDINATION:0.49481266204964397
C_ROOKANDPAWNMOVEMENT:0.49481266204964397
C_CENTERCONTROL:0.43786699508158566
C_DEVELOPPIECES:0.41795622774552454
C_MATERIAL:0.6252418844601293
