ELO:987
CE_PASSEDPAWNS:0.5066848035856059
CE_PAWNWEAKNESSES:0.49545623671567823
CE_PIECEACTIVITY:0.4954148228441474
CE_KINGPAWNSHIELD:0.4825203585786106
CE_PIECECOORDINATION:0.5
CE_MATERIAL:0.49093456605631103
CE_KINGSAFETY:0.5109594327919115
C_PIECESQUARETABLES:0.4924196219041076
C_MOBILITY:0.5182313637105729
C_KINGSAFETY:0.4817177862514885
C_PAWNSTRUCTURE:0.5
C_PIECECOORDINATION:0.4798646553214418
C_ROOK:0.47669756201066926
CE_ROOK:0.5290431927032095
C_CENTERCONTROL:0.5093809347306254
C_DEVELOPPIECES:0.5025615305495752
C_MATERIAL:0.5
C_MOVECOUNT:0.5
C_PAWNMOVEMENT:0.5087550299702303
