ELO:947
CE_PASSEDPAWNS:0.45623731069972967
CE_PAWNWEAKNESSES:0.49859232983007956
CE_PIECEACTIVITY:0.5264621640940835
CE_KINGPAWNSHIELD:0.4583952072726948
CE_PIECECOORDINATION:0.49090094782113775
CE_MATERIAL:0.5051714636151227
CE_KINGSAFETY:0.5610696689199463
C_PIECESQUARETABLES:0.46541326816244444
C_MOBILITY:0.48636081339401743
C_KINGSAFETY:0.5199096569334692
C_PAWNSTRUCTURE:0.5405776296324616
C_PIECECOORDINATION:0.4595269795784069
C_ROOKANDPAWNMOVEMENT:0.4595269795784069
C_CENTERCONTROL:0.45180634738468584
C_DEVELOPPIECES:0.4642533218329539
C_MATERIAL:0.482120473701569
