ELO:934
CE_PASSEDPAWNS:0.4723205206146915
CE_PAWNWEAKNESSES:0.4736135244518577
CE_PIECEACTIVITY:0.49725388019728733
CE_KINGPAWNSHIELD:0.4599411507638455
CE_PIECECOORDINATION:0.5208571956926699
CE_MATERIAL:0.48891230398453556
CE_KINGSAFETY:0.48756530382147995
C_PIECESQUARETABLES:0.5097231150682957
C_MOBILITY:0.48773180389671394
C_KINGSAFETY:0.5344064264446093
C_PAWNSTRUCTURE:0.5349137487907388
C_PIECECOORDINATION:0.4965443098581011
C_ROOKANDPAWNMOVEMENT:0.4965443098581011
C_CENTERCONTROL:0.4441518334648346
C_DEVELOPPIECES:0.4841635792085247
C_MATERIAL:0.4730109307954042
