ELO:980
CE_PASSEDPAWNS:0.6049667041067706
CE_PAWNWEAKNESSES:0.4547954664430153
CE_PIECEACTIVITY:0.4367546471856764
CE_KINGPAWNSHIELD:0.47115836105437847
CE_PIECECOORDINATION:0.4703824044367178
CE_MATERIAL:0.47837637958177465
CE_KINGSAFETY:0.5067037781247501
C_PIECESQUARETABLES:0.4995817325373005
C_MOBILITY:0.5886481465042499
C_KINGSAFETY:0.45407842698490625
C_PAWNSTRUCTURE:0.45302470228541014
C_PIECECOORDINATION:0.41765388561246963
C_ROOKANDPAWNMOVEMENT:0.41765388561246963
C_CENTERCONTROL:0.4925357193345385
C_DEVELOPPIECES:0.49387979314091024
C_MATERIAL:0.3683209182409427
