ELO:1000
CE_PASSEDPAWNS:0.47562527654352504
CE_PAWNWEAKNESSES:0.5280513848881596
CE_PIECEACTIVITY:0.502543683078257
CE_KINGPAWNSHIELD:0.5075964773140137
CE_PIECECOORDINATION:0.48825694008717774
CE_MATERIAL:0.49370953326777567
CE_KINGSAFETY:0.5188527320474313
C_PIECESQUARETABLES:0.5019424975865332
C_MOBILITY:0.5033631613328687
C_KINGSAFETY:0.5180818716101816
C_PAWNSTRUCTURE:0.4966290891912058
C_PIECECOORDINATION:0.4752111504225757
C_ROOKANDPAWNMOVEMENT:0.4752111504225757
C_CENTERCONTROL:0.5165685861135407
C_DEVELOPPIECES:0.4884531707146057
C_MATERIAL:0.478305648482981
