ELO:696
CE_PASSEDPAWNS:0.4465935062619156
CE_PAWNWEAKNESSES:0.6065817158482791
CE_PIECEACTIVITY:0.5555912397643967
CE_KINGPAWNSHIELD:0.3260470405349052
CE_PIECECOORDINATION:0.42416531499476795
CE_MATERIAL:0.5354902308955521
CE_KINGSAFETY:0.5287175525398946
C_PIECESQUARETABLES:0.49249988156985225
C_MOBILITY:0.5404858644946925
C_KINGSAFETY:0.4240040623966963
C_PAWNSTRUCTURE:0.5181577614159517
C_PIECECOORDINATION:0.4884277682600017
C_ROOKANDPAWNMOVEMENT:0.4884277682600017
C_CENTERCONTROL:0.5268396144297851
C_DEVELOPPIECES:0.4813132140459083
C_MATERIAL:0.5650168695408312
C_MOVECOUNT:0.5061721689551295
