ELO:991
CE_PASSEDPAWNS:0.5277288571395565
CE_PAWNWEAKNESSES:0.4747266971979074
CE_PIECEACTIVITY:0.5227951816602238
CE_KINGPAWNSHIELD:0.542603462243025
CE_PIECECOORDINATION:0.4846973356516632
CE_MATERIAL:0.48497814168990355
CE_KINGSAFETY:0.5124931987559274
C_PIECESQUARETABLES:0.5
C_MOBILITY:0.5772136356856138
C_KINGSAFETY:0.5306229923032763
C_PAWNSTRUCTURE:0.4487760652929295
C_PIECECOORDINATION:0.5001173021515241
C_ROOKANDPAWNMOVEMENT:0.5001173021515241
C_CENTERCONTROL:0.4359925023884905
C_DEVELOPPIECES:0.44743003410566484
C_MATERIAL:0.6153015734472432
