ELO:1006
CE_PASSEDPAWNS:0.4604436130034457
CE_PAWNWEAKNESSES:0.5017816973487914
CE_PIECEACTIVITY:0.5002903469794394
CE_KINGPAWNSHIELD:0.5008336068766597
CE_PIECECOORDINATION:0.4993272688350316
CE_MATERIAL:0.4896147970458804
CE_KINGSAFETY:0.4854553959221911
C_PIECESQUARETABLES:0.5
C_MOBILITY:0.5065276034026169
C_KINGSAFETY:0.5
C_PAWNSTRUCTURE:0.5
C_PIECECOORDINATION:0.4897983168761211
C_ROOKANDPAWNMOVEMENT:0.4897983168761211
C_CENTERCONTROL:0.5052993277377514
C_DEVELOPPIECES:0.49854133113615795
C_MATERIAL:0.4945722645767011
C_MOVECOUNT:0.5
