ELO:1000
CE_PASSEDPAWNS:0.49372663636545805
CE_PAWNWEAKNESSES:0.4687807926984394
CE_PIECEACTIVITY:0.4930596293993479
CE_KINGPAWNSHIELD:0.47029126994592385
CE_PIECECOORDINATION:0.48402351874428584
CE_MATERIAL:0.5092526864416705
CE_KINGSAFETY:0.5354159659274639
C_PIECESQUARETABLES:0.5305205426008499
C_MOBILITY:0.5324767268836886
C_KINGSAFETY:0.4958225281596451
C_PAWNSTRUCTURE:0.5117407842936719
C_PIECECOORDINATION:0.4502949613324593
C_ROOKANDPAWNMOVEMENT:0.4502949613324593
C_CENTERCONTROL:0.42928958931203076
C_DEVELOPPIECES:0.5089561517437269
C_MATERIAL:0.5492240341006976
