ELO:1000
CE_PASSEDPAWNS:0.48714016483049416
CE_PAWNWEAKNESSES:0.5259645793022418
CE_PIECEACTIVITY:0.5026514268924684
CE_KINGPAWNSHIELD:0.5035658999517838
CE_PIECECOORDINATION:0.5211671027799277
CE_MATERIAL:0.5030745627336584
CE_KINGSAFETY:0.5140318129396173
C_PIECESQUARETABLES:0.5012129665787661
C_MOBILITY:0.5510617571437703
C_KINGSAFETY:0.5228563792585368
C_PAWNSTRUCTURE:0.48185714401411495
C_PIECECOORDINATION:0.429428159468031
C_ROOKANDPAWNMOVEMENT:0.429428159468031
C_CENTERCONTROL:0.5006092666831313
C_DEVELOPPIECES:0.4524224115975152
C_MATERIAL:0.4953858619519689
