ELO:912
CE_PASSEDPAWNS:0.44577756952960984
CE_PAWNWEAKNESSES:0.5077779311853349
CE_PIECEACTIVITY:0.5283010005783823
CE_KINGPAWNSHIELD:0.5671076714650879
CE_PIECECOORDINATION:0.4798661665579162
CE_MATERIAL:0.4428704207935917
CE_KINGSAFETY:0.46734108680861214
C_PIECESQUARETABLES:0.4939873588828893
C_MOBILITY:0.5031742468449645
C_KINGSAFETY:0.47005947856822394
C_PAWNSTRUCTURE:0.5034669112122475
C_PIECECOORDINATION:0.48170410384981593
C_ROOKANDPAWNMOVEMENT:0.48170410384981593
C_CENTERCONTROL:0.5753392154058034
C_DEVELOPPIECES:0.4728590443238252
C_MATERIAL:0.5012169743754616
C_MOVECOUNT:0.45282022291243224
