ELO:787
CE_PASSEDPAWNS:0.4241827737728218
CE_PAWNWEAKNESSES:0.5466923494210567
CE_PIECEACTIVITY:0.5403557936884569
CE_KINGPAWNSHIELD:0.5550577284462677
CE_PIECECOORDINATION:0.5053344033446646
CE_MATERIAL:0.44781286304879775
CE_KINGSAFETY:0.4569382130200129
C_PIECESQUARETABLES:0.5037812315550845
C_MOBILITY:0.5035139165110252
C_KINGSAFETY:0.48878262451047044
C_PAWNSTRUCTURE:0.4964667489047031
C_PIECECOORDINATION:0.46947732550182414
C_ROOKANDPAWNMOVEMENT:0.46947732550182414
C_CENTERCONTROL:0.5975462923954176
C_DEVELOPPIECES:0.44993656052701425
C_MATERIAL:0.4789120479614094
C_MOVECOUNT:0.45051417098026547
