ELO:1024
CE_PASSEDPAWNS:0.47198440453607754
CE_PAWNWEAKNESSES:0.4814907870789716
CE_PIECEACTIVITY:0.5291606471575581
CE_KINGPAWNSHIELD:0.5107923567482057
CE_PIECECOORDINATION:0.5043901861355996
CE_MATERIAL:0.5127784846434584
CE_KINGSAFETY:0.5
C_PIECESQUARETABLES:0.5
C_MOBILITY:0.5028170813085642
C_KINGSAFETY:0.4890094461229128
C_PAWNSTRUCTURE:0.5468610927676897
C_PIECECOORDINATION:0.5123774048573894
C_ROOK:0.5
CE_ROOK:0.46918049438940834
C_CENTERCONTROL:0.5
C_DEVELOPPIECES:0.5152693387844893
C_MATERIAL:0.5001935997123281
C_MOVECOUNT:0.5140296520990059
C_PAWNMOVEMENT:0.49912436464649584
