ELO:809
CE_PASSEDPAWNS:0.4351860677898872
CE_PAWNWEAKNESSES:0.5995719320547578
CE_PIECEACTIVITY:0.5558019808653097
CE_KINGPAWNSHIELD:0.35790747588149113
CE_PIECECOORDINATION:0.47424061380941107
CE_MATERIAL:0.5396961800589279
CE_KINGSAFETY:0.480661311653508
C_PIECESQUARETABLES:0.4824358971940902
C_MOBILITY:0.5516514627755482
C_KINGSAFETY:0.4697035882367932
C_PAWNSTRUCTURE:0.530121824015035
C_PIECECOORDINATION:0.48445344551330904
C_ROOKANDPAWNMOVEMENT:0.48445344551330904
C_CENTERCONTROL:0.5127643844255705
C_DEVELOPPIECES:0.5087756544497336
C_MATERIAL:0.5785088344872678
C_MOVECOUNT:0.5
