ELO:1032
CE_PASSEDPAWNS:0.5112815733326849
CE_PAWNWEAKNESSES:0.5284100280721816
CE_PIECEACTIVITY:0.5093018100212628
CE_KINGPAWNSHIELD:0.46494469660027726
CE_PIECECOORDINATION:0.48223038506638427
CE_MATERIAL:0.5
CE_KINGSAFETY:0.5
C_PIECESQUARETABLES:0.5
C_MOBILITY:0.5028170813085642
C_KINGSAFETY:0.47374175066440066
C_PAWNSTRUCTURE:0.4870973044084296
C_PIECECOORDINATION:0.5179891344063673
C_ROOK:0.5057630929773514
CE_ROOK:0.4879694313909562
C_CENTERCONTROL:0.5201308160764048
C_DEVELOPPIECES:0.49539531084576294
C_MATERIAL:0.4837412608299341
C_MOVECOUNT:0.4733766181712077
C_PAWNMOVEMENT:0.5130604514977438
