ELO:1000
CE_PASSEDPAWNS:0.45079041551254234
CE_PAWNWEAKNESSES:0.5338085669785503
CE_PIECEACTIVITY:0.4919196380809139
CE_KINGPAWNSHIELD:0.4987141431945157
CE_PIECECOORDINATION:0.4939214292426939
CE_MATERIAL:0.46940292860629024
CE_KINGSAFETY:0.48540155799939005
C_PIECESQUARETABLES:0.5130237115971552
C_MOBILITY:0.5144883974682843
C_KINGSAFETY:0.5100068447109631
C_PAWNSTRUCTURE:0.47458360339018013
C_PIECECOORDINATION:0.45470980107394254
C_ROOKANDPAWNMOVEMENT:0.45470980107394254
C_CENTERCONTROL:0.5298266377350395
C_DEVELOPPIECES:0.4753241479630751
C_MATERIAL:0.4905338712854057
