ELO:1013
CE_PASSEDPAWNS:0.5
CE_PAWNWEAKNESSES:0.5
CE_PIECEACTIVITY:0.494137744173739
CE_KINGPAWNSHIELD:0.4971985744176982
CE_PIECECOORDINATION:0.5589633624146851
CE_MATERIAL:0.4610430865243625
CE_KINGSAFETY:0.5140359586772771
C_PIECESQUARETABLES:0.5059071674516192
C_MOBILITY:0.502087754310483
C_KINGSAFETY:0.47982534285681305
C_PAWNSTRUCTURE:0.5059159637712662
C_PIECECOORDINATION:0.5456534663182618
C_ROOKANDPAWNMOVEMENT:0.5456534663182618
C_CENTERCONTROL:0.4978460659064961
C_DEVELOPPIECES:0.49839452087986597
C_MATERIAL:0.49645351461636955
C_MOVECOUNT:0.5
