ELO:972
CE_PASSEDPAWNS:0.5373261854512291
CE_PAWNWEAKNESSES:0.667529591505593
CE_PIECEACTIVITY:0.4595682633722793
CE_KINGPAWNSHIELD:0.4714356817491596
CE_PIECECOORDINATION:0.49343270260481586
CE_MATERIAL:0.5233726682997726
CE_KINGSAFETY:0.4996327138662367
C_PIECESQUARETABLES:0.476970331085449
C_MOBILITY:0.5716664900448072
C_KINGSAFETY:0.44080338398234337
C_PAWNSTRUCTURE:0.32659486032772983
C_PIECECOORDINATION:0.4065568246499328
C_ROOKANDPAWNMOVEMENT:0.4065568246499328
C_CENTERCONTROL:0.4626689110516123
C_DEVELOPPIECES:0.4702007724155815
C_MATERIAL:0.5888268321830078
