ELO:806
CE_PASSEDPAWNS:0.4345395753579476
CE_PAWNWEAKNESSES:0.5958640060323387
CE_PIECEACTIVITY:0.5679629937119944
CE_KINGPAWNSHIELD:0.37294787351356473
CE_PIECECOORDINATION:0.48420799698162525
CE_MATERIAL:0.5449775076929568
CE_KINGSAFETY:0.4944857071057662
C_PIECESQUARETABLES:0.48355946434511715
C_MOBILITY:0.5064413566929302
C_KINGSAFETY:0.464642285590166
C_PAWNSTRUCTURE:0.5233172883001141
C_PIECECOORDINATION:0.4813188125307061
C_ROOKANDPAWNMOVEMENT:0.4813188125307061
C_CENTERCONTROL:0.5188198982370146
C_DEVELOPPIECES:0.5087756544497336
C_MATERIAL:0.5617490234759296
C_MOVECOUNT:0.5
