ELO:997
CE_PASSEDPAWNS:0.4898611130745318
CE_PAWNWEAKNESSES:0.5036340228062586
CE_PIECEACTIVITY:0.4891913170597965
CE_KINGPAWNSHIELD:0.5187948089121232
CE_PIECECOORDINATION:0.49946274534300084
CE_MATERIAL:0.4970883793261517
CE_KINGSAFETY:0.5
C_PIECESQUARETABLES:0.5014020830209177
C_MOBILITY:0.49655233939353
C_KINGSAFETY:0.4732396573005004
C_PAWNSTRUCTURE:0.4943901741808194
C_PIECECOORDINATION:0.5105962421467635
C_ROOKANDPAWNMOVEMENT:0.5105962421467635
C_CENTERCONTROL:0.4862110678130886
C_DEVELOPPIECES:0.5072124370178982
C_MATERIAL:0.48627963752803366
C_MOVECOUNT:0.5298154789498684
