ELO:980
CE_PASSEDPAWNS:0.6138101131817755
CE_PAWNWEAKNESSES:0.4547954664430153
CE_PIECEACTIVITY:0.4367546471856764
CE_KINGPAWNSHIELD:0.47115836105437847
CE_PIECECOORDINATION:0.46979079743349683
CE_MATERIAL:0.4695978960560073
CE_KINGSAFETY:0.5067037781247501
C_PIECESQUARETABLES:0.5106343944420105
C_MOBILITY:0.5886481465042499
C_KINGSAFETY:0.4511560790680007
C_PAWNSTRUCTURE:0.45302470228541014
C_PIECECOORDINATION:0.4132482837693212
C_ROOKANDPAWNMOVEMENT:0.4132482837693212
C_CENTERCONTROL:0.49900670770155026
C_DEVELOPPIECES:0.5025092085417527
C_MATERIAL:0.37798935540109935
