ELO:954
CE_PASSEDPAWNS:0.47104113253842245
CE_PAWNWEAKNESSES:0.5039135193347755
CE_PIECEACTIVITY:0.526617679559501
CE_KINGPAWNSHIELD:0.4670567519744402
CE_PIECECOORDINATION:0.4905095841333264
CE_MATERIAL:0.5084211284327498
CE_KINGSAFETY:0.5252543630287477
C_PIECESQUARETABLES:0.47348742868425336
C_MOBILITY:0.48086073891945913
C_KINGSAFETY:0.5388665263410941
C_PAWNSTRUCTURE:0.547942594535268
C_PIECECOORDINATION:0.4890572234214921
C_ROOKANDPAWNMOVEMENT:0.4890572234214921
C_CENTERCONTROL:0.46847292695956455
C_DEVELOPPIECES:0.4506063632747213
C_MATERIAL:0.4902623460906835
