ELO:988
CE_PASSEDPAWNS:0.47512473678766215
CE_PAWNWEAKNESSES:0.5210692320508431
CE_PIECEACTIVITY:0.528890294597762
CE_KINGPAWNSHIELD:0.46914016106503975
CE_PIECECOORDINATION:0.5170948845440205
CE_MATERIAL:0.5172314199325392
CE_KINGSAFETY:0.5405517895965266
C_PIECESQUARETABLES:0.5046464639016565
C_MOBILITY:0.5158191680189339
C_KINGSAFETY:0.5110921037422405
C_PAWNSTRUCTURE:0.4958535056103917
C_PIECECOORDINATION:0.44833210377446164
C_ROOKANDPAWNMOVEMENT:0.44833210377446164
C_CENTERCONTROL:0.45376144434832827
C_DEVELOPPIECES:0.4875959064099954
C_MATERIAL:0.5022589002001884
