ELO:952
CE_PASSEDPAWNS:0.5530668096088941
CE_PAWNWEAKNESSES:0.4681928557176913
CE_PIECEACTIVITY:0.5319327831652064
CE_KINGPAWNSHIELD:0.49194000307252184
CE_PIECECOORDINATION:0.5210363746578611
CE_MATERIAL:0.45998753921877167
CE_KINGSAFETY:0.4839707694819663
C_PIECESQUARETABLES:0.5203408547506712
C_MOBILITY:0.4786488055204141
C_KINGSAFETY:0.43923663777356703
C_PAWNSTRUCTURE:0.4893019602794368
C_PIECECOORDINATION:0.4762536890129402
C_ROOKANDPAWNMOVEMENT:0.4762536890129402
C_CENTERCONTROL:0.5595826445019045
C_DEVELOPPIECES:0.5430922397291594
C_MATERIAL:0.4963895197034307
