ELO:881
CE_PASSEDPAWNS:0.4169282073648613
CE_PAWNWEAKNESSES:0.5324284886152613
CE_PIECEACTIVITY:0.4793699376695341
CE_KINGPAWNSHIELD:0.4532602290185154
CE_PIECECOORDINATION:0.4832048575785147
CE_MATERIAL:0.4436852564876128
CE_KINGSAFETY:0.5123782455366844
C_PIECESQUARETABLES:0.4897080516188954
C_MOBILITY:0.5098133184134372
C_KINGSAFETY:0.5684937575699178
C_PAWNSTRUCTURE:0.4938305425167778
C_PIECECOORDINATION:0.550312465050235
C_ROOK:0.5050781496966442
CE_ROOK:0.4603624582950912
C_CENTERCONTROL:0.5369583909808343
C_DEVELOPPIECES:0.4627962798572858
C_MATERIAL:0.5265143930194551
C_MOVECOUNT:0.4808091161074175
C_PAWNMOVEMENT:0.5066255270843153
