ELO:986
CE_PASSEDPAWNS:0.4680683205438143
CE_PAWNWEAKNESSES:0.42248843093249705
CE_PIECEACTIVITY:0.5128571896670916
CE_KINGPAWNSHIELD:0.4279598781755189
CE_PIECECOORDINATION:0.5037274428069276
CE_MATERIAL:0.5654241586109859
CE_KINGSAFETY:0.5
C_PIECESQUARETABLES:0.5100775522352324
C_MOBILITY:0.561842015379107
C_KINGSAFETY:0.6039581795612557
C_PAWNSTRUCTURE:0.5524043351762774
C_PIECECOORDINATION:0.5327475363733332
C_ROOKANDPAWNMOVEMENT:0.5327475363733332
C_CENTERCONTROL:0.5070016724675526
C_DEVELOPPIECES:0.4356845285752327
C_MATERIAL:0.5865669993366205
