ELO:919
CE_PASSEDPAWNS:0.47593077515385807
CE_PAWNWEAKNESSES:0.5352210798950985
CE_PIECEACTIVITY:0.497083704624399
CE_KINGPAWNSHIELD:0.5025904583178241
CE_PIECECOORDINATION:0.5059387534877371
CE_MATERIAL:0.476151595713356
CE_KINGSAFETY:0.5314822501594416
C_PIECESQUARETABLES:0.4926936049532288
C_MOBILITY:0.49546525727887464
C_KINGSAFETY:0.4890685231723462
C_PAWNSTRUCTURE:0.5157207414501991
C_PIECECOORDINATION:0.49431542941029993
C_ROOKANDPAWNMOVEMENT:0.49431542941029993
C_CENTERCONTROL:0.48771454522615554
C_DEVELOPPIECES:0.45676394266727777
C_MATERIAL:0.5022771674459593
C_MOVECOUNT:0.49314765998468985
