ELO:1000
CE_PASSEDPAWNS:0.5025492256768385
CE_PAWNWEAKNESSES:0.4532690223382125
CE_PIECEACTIVITY:0.5056728822263066
CE_KINGPAWNSHIELD:0.5229386242016766
CE_PIECECOORDINATION:0.5109506939114994
CE_MATERIAL:0.5121380516707912
CE_KINGSAFETY:0.5235784355197853
C_PIECESQUARETABLES:0.49157183224829915
C_MOBILITY:0.5129151643469405
C_KINGSAFETY:0.5280346665930772
C_PAWNSTRUCTURE:0.4967870226031377
C_PIECECOORDINATION:0.5579228373694288
C_ROOKANDPAWNMOVEMENT:0.5579228373694288
C_CENTERCONTROL:0.45268974265741413
C_DEVELOPPIECES:0.46409438971055955
C_MATERIAL:0.537798150637177
