ELO:1000
CE_PASSEDPAWNS:0.4943374571545417
CE_PAWNWEAKNESSES:0.47758264309892534
CE_PIECEACTIVITY:0.5009231739245754
CE_KINGPAWNSHIELD:0.5211066492953462
CE_PIECECOORDINATION:0.49466573762972094
CE_MATERIAL:0.5012221616950082
CE_KINGSAFETY:0.44896180527967333
C_PIECESQUARETABLES:0.5076773698347727
C_MOBILITY:0.509414569988221
C_KINGSAFETY:0.517386809516264
C_PAWNSTRUCTURE:0.5002400607730906
C_PIECECOORDINATION:0.5235282503134306
C_ROOKANDPAWNMOVEMENT:0.5235282503134306
C_CENTERCONTROL:0.44933614437712016
C_DEVELOPPIECES:0.47425767661136836
C_MATERIAL:0.547271580966245
