ELO:984
CE_PASSEDPAWNS:0.5100615103657709
CE_PAWNWEAKNESSES:0.4954764608152721
CE_PIECEACTIVITY:0.5073220430097741
CE_KINGPAWNSHIELD:0.5138155788568479
CE_PIECECOORDINATION:0.4889818745567154
CE_MATERIAL:0.5007087655225223
CE_KINGSAFETY:0.5
C_PIECESQUARETABLES:0.5
C_MOBILITY:0.5008537713996452
C_KINGSAFETY:0.4868986361374145
C_PAWNSTRUCTURE:0.49696599351043286
C_PIECECOORDINATION:0.5021470694986049
C_ROOKANDPAWNMOVEMENT:0.5021470694986049
C_CENTERCONTROL:0.489376290519556
C_DEVELOPPIECES:0.5089513454094832
C_MATERIAL:0.5205587335040083
C_MOVECOUNT:0.5085659595933758
