ELO:807
CE_PASSEDPAWNS:0.36818442737947316
CE_PAWNWEAKNESSES:0.6489697384558946
CE_PIECEACTIVITY:0.6452321044577438
CE_KINGPAWNSHIELD:0.46595138147869697
CE_PIECECOORDINATION:0.3684669393214128
CE_MATERIAL:0.4903226249328835
CE_KINGSAFETY:0.4244067641435873
C_PIECESQUARETABLES:0.49945984966886603
C_MOBILITY:0.551064046330171
C_KINGSAFETY:0.58171581299068
C_PAWNSTRUCTURE:0.5565000037589298
C_PIECECOORDINATION:0.4883291244823521
C_ROOKANDPAWNMOVEMENT:0.4883291244823521
C_CENTERCONTROL:0.4246206520050702
C_DEVELOPPIECES:0.5054868217647206
C_MATERIAL:0.5262874579896696
C_MOVECOUNT:0.5
