ELO:1000
CE_PASSEDPAWNS:0.5282458666059235
CE_PAWNWEAKNESSES:0.42905191717472085
CE_PIECEACTIVITY:0.5015500030974889
CE_KINGPAWNSHIELD:0.5177236392508934
CE_PIECECOORDINATION:0.5244485937619745
CE_MATERIAL:0.449301671780227
CE_KINGSAFETY:0.4927604621606616
C_PIECESQUARETABLES:0.5117698246897066
C_MOBILITY:0.4884860873405049
C_KINGSAFETY:0.4208829235744746
C_PAWNSTRUCTURE:0.46941665446043324
C_PIECECOORDINATION:0.5473381162370876
C_ROOKANDPAWNMOVEMENT:0.5473381162370876
C_CENTERCONTROL:0.5384377032632589
C_DEVELOPPIECES:0.5376223808050696
C_MATERIAL:0.49135802838795006
