ELO:1013
CE_PASSEDPAWNS:0.48398860387919546
CE_PAWNWEAKNESSES:0.5
CE_PIECEACTIVITY:0.5200587540315664
CE_KINGPAWNSHIELD:0.506053026615023
CE_PIECECOORDINATION:0.5137592112046714
CE_MATERIAL:0.5
CE_KINGSAFETY:0.5
C_PIECESQUARETABLES:0.49652958702096545
C_MOBILITY:0.49951501728213965
C_KINGSAFETY:0.49429612165498066
C_PAWNSTRUCTURE:0.4929265351862823
C_PIECECOORDINATION:0.5193081233280975
C_ROOKANDPAWNMOVEMENT:0.5193081233280975
C_CENTERCONTROL:0.49598138266359465
C_DEVELOPPIECES:0.4764948757976499
C_MATERIAL:0.49413351506983216
C_MOVECOUNT:0.5
