ELO:1000
CE_PASSEDPAWNS:0.49503034878649804
CE_PAWNWEAKNESSES:0.4307092657732335
CE_PIECEACTIVITY:0.5719702919539142
CE_KINGPAWNSHIELD:0.5279316592136106
CE_PIECECOORDINATION:0.4710578334270307
CE_MATERIAL:0.49025242586942824
CE_KINGSAFETY:0.4688353201175538
C_PIECESQUARETABLES:0.4928809721599493
C_MOBILITY:0.489428912670995
C_KINGSAFETY:0.5193781992437289
C_PAWNSTRUCTURE:0.5012295317332348
C_PIECECOORDINATION:0.5340650510023011
C_ROOKANDPAWNMOVEMENT:0.5340650510023011
C_CENTERCONTROL:0.5057346013729631
C_DEVELOPPIECES:0.47281884532948487
C_MATERIAL:0.5566230375297554
