ELO:965
CE_PASSEDPAWNS:0.503795326353719
CE_PAWNWEAKNESSES:0.4770116680324867
CE_PIECEACTIVITY:0.5508539973883197
CE_KINGPAWNSHIELD:0.47764651838224714
CE_PIECECOORDINATION:0.531725001942804
CE_MATERIAL:0.49531470615678763
CE_KINGSAFETY:0.5
C_PIECESQUARETABLES:0.5
C_MOBILITY:0.4851506781773012
C_KINGSAFETY:0.39407366802240773
C_PAWNSTRUCTURE:0.5220280880601482
C_PIECECOORDINATION:0.48582207675487693
C_ROOKANDPAWNMOVEMENT:0.48582207675487693
C_CENTERCONTROL:0.5338217820101243
C_DEVELOPPIECES:0.5206226776754732
C_MATERIAL:0.4825593021445472
