ELO:933
CE_PASSEDPAWNS:0.5311459027867534
CE_PAWNWEAKNESSES:0.494172051729455
CE_PIECEACTIVITY:0.5174431247323346
CE_KINGPAWNSHIELD:0.49663884534824787
CE_PIECECOORDINATION:0.5456654359707096
CE_MATERIAL:0.4419311491081787
CE_KINGSAFETY:0.4766218646409652
C_PIECESQUARETABLES:0.47340522552221237
C_MOBILITY:0.479354398339847
C_KINGSAFETY:0.43751346934233953
C_PAWNSTRUCTURE:0.4936634022506023
C_PIECECOORDINATION:0.5014187263546205
C_ROOKANDPAWNMOVEMENT:0.5014187263546205
C_CENTERCONTROL:0.5605597934646488
C_DEVELOPPIECES:0.5832897716107319
C_MATERIAL:0.38040284634449373
