ELO:947
CE_PASSEDPAWNS:0.5409714654666007
CE_PAWNWEAKNESSES:0.5129182682707788
CE_PIECEACTIVITY:0.5256749245771052
CE_KINGPAWNSHIELD:0.5089692715596624
CE_PIECECOORDINATION:0.5109227513286695
CE_MATERIAL:0.46407920196549995
CE_KINGSAFETY:0.4918446775641376
C_PIECESQUARETABLES:0.536349866796782
C_MOBILITY:0.4603251372348722
C_KINGSAFETY:0.43674097429493647
C_PAWNSTRUCTURE:0.502317548494174
C_PIECECOORDINATION:0.4799789509260217
C_ROOKANDPAWNMOVEMENT:0.4799789509260217
C_CENTERCONTROL:0.5696679894423771
C_DEVELOPPIECES:0.5726393140404432
C_MATERIAL:0.4694419003916096
