ELO:901
CE_PASSEDPAWNS:0.4439744642485843
CE_PAWNWEAKNESSES:0.5268956570958548
CE_PIECEACTIVITY:0.47968176915047167
CE_KINGPAWNSHIELD:0.4572727995661397
CE_PIECECOORDINATION:0.4828611700467902
CE_MATERIAL:0.45506461236804246
CE_KINGSAFETY:0.5
C_PIECESQUARETABLES:0.4960564689697918
C_MOBILITY:0.5006383667733848
C_KINGSAFETY:0.5492624174963214
C_PAWNSTRUCTURE:0.5040923223615963
C_PIECECOORDINATION:0.5396775039657007
C_ROOK:0.5173709743372265
CE_ROOK:0.46215536316142564
C_CENTERCONTROL:0.5378651668601301
C_DEVELOPPIECES:0.4727098732972018
C_MATERIAL:0.535008249874936
C_MOVECOUNT:0.49879920622153817
C_PAWNMOVEMENT:0.48874412092937375
