ELO:1000
CE_PASSEDPAWNS:0.5270806887019756
CE_PAWNWEAKNESSES:0.42905191717472085
CE_PIECEACTIVITY:0.49219259941534094
CE_KINGPAWNSHIELD:0.5079288332533535
CE_PIECECOORDINATION:0.5325650126081538
CE_MATERIAL:0.45865955253975016
CE_KINGSAFETY:0.49524106575603505
C_PIECESQUARETABLES:0.4972491055052164
C_MOBILITY:0.4971852954370703
C_KINGSAFETY:0.4244524055711594
C_PAWNSTRUCTURE:0.47326455548690244
C_PIECECOORDINATION:0.5269353368347184
C_ROOKANDPAWNMOVEMENT:0.5269353368347184
C_CENTERCONTROL:0.5488001560959622
C_DEVELOPPIECES:0.5488857110932679
C_MATERIAL:0.4897118558053759
