ELO:966
CE_PASSEDPAWNS:0.49604418676063916
CE_PAWNWEAKNESSES:0.4813698928188483
CE_PIECEACTIVITY:0.49527738717391445
CE_KINGPAWNSHIELD:0.5179988310275051
CE_PIECECOORDINATION:0.5039654629427117
CE_MATERIAL:0.5051869285725347
CE_KINGSAFETY:0.5
C_PIECESQUARETABLES:0.5
C_MOBILITY:0.5
C_KINGSAFETY:0.49894524010035574
C_PAWNSTRUCTURE:0.4892766916119039
C_PIECECOORDINATION:0.5073585035824093
C_ROOKANDPAWNMOVEMENT:0.5073585035824093
C_CENTERCONTROL:0.5091848909606138
C_DEVELOPPIECES:0.5073859376045806
C_MATERIAL:0.5162640207285765
C_MOVECOUNT:0.5089685657663111
