ELO:965
CE_PASSEDPAWNS:0.49957559351273656
CE_PAWNWEAKNESSES:0.4818181368577847
CE_PIECEACTIVITY:0.5051666328217582
CE_KINGPAWNSHIELD:0.5084399110809872
CE_PIECECOORDINATION:0.4831131913078844
CE_MATERIAL:0.4742869798704045
CE_KINGSAFETY:0.503256055959556
C_PIECESQUARETABLES:0.4802466587549443
C_MOBILITY:0.5023658236529857
C_KINGSAFETY:0.5307428911698202
C_PAWNSTRUCTURE:0.49219986164886265
C_PIECECOORDINATION:0.484873555817254
C_ROOKANDPAWNMOVEMENT:0.484873555817254
C_CENTERCONTROL:0.46460717926006656
C_DEVELOPPIECES:0.5215527965461035
C_MATERIAL:0.48805841751680534
