ELO:968
CE_PASSEDPAWNS:0.5043920586839843
CE_PAWNWEAKNESSES:0.4791674219241045
CE_PIECEACTIVITY:0.5508539973883197
CE_KINGPAWNSHIELD:0.48548846387702893
CE_PIECECOORDINATION:0.5392351101532128
CE_MATERIAL:0.4831927453732923
CE_KINGSAFETY:0.4880131929191463
C_PIECESQUARETABLES:0.5222705224285462
C_MOBILITY:0.47551346567569036
C_KINGSAFETY:0.39750000936351715
C_PAWNSTRUCTURE:0.5315639770384047
C_PIECECOORDINATION:0.48582207675487693
C_ROOKANDPAWNMOVEMENT:0.48582207675487693
C_CENTERCONTROL:0.5264066332811171
C_DEVELOPPIECES:0.5173943580191298
C_MATERIAL:0.4825593021445472
