ELO:882
CE_PASSEDPAWNS:0.5114235500081066
CE_PAWNWEAKNESSES:0.6648778173285552
CE_PIECEACTIVITY:0.3902054148111018
CE_KINGPAWNSHIELD:0.6080253596682965
CE_PIECECOORDINATION:0.4898608499219069
CE_MATERIAL:0.4783745559612686
CE_KINGSAFETY:0.45606997418191925
C_PIECESQUARETABLES:0.5373634890864847
C_MOBILITY:0.5459159438457065
C_KINGSAFETY:0.42727777226623886
C_PAWNSTRUCTURE:0.6162917340904103
C_PIECECOORDINATION:0.48131299767686003
C_ROOKANDPAWNMOVEMENT:0.48131299767686003
C_CENTERCONTROL:0.5000484538440515
C_DEVELOPPIECES:0.488710411083814
C_MATERIAL:0.5664317778326906
