ELO:1007
CE_PASSEDPAWNS:0.5124450653419338
CE_PAWNWEAKNESSES:0.5124828904968598
CE_PIECEACTIVITY:0.4945637623907638
CE_KINGPAWNSHIELD:0.509289187983207
CE_PIECECOORDINATION:0.5065857341208359
CE_MATERIAL:0.5010575058753527
CE_KINGSAFETY:0.503900516596002
C_PIECESQUARETABLES:0.5165175837877375
C_MOBILITY:0.5051626154467438
C_KINGSAFETY:0.48829655137868155
C_PAWNSTRUCTURE:0.5171520904277253
C_PIECECOORDINATION:0.4913053896469653
C_ROOKANDPAWNMOVEMENT:0.4913053896469653
C_CENTERCONTROL:0.5
C_DEVELOPPIECES:0.5014397992691776
C_MATERIAL:0.49261712083230136
C_MOVECOUNT:0.49944665027231017
