ELO:976
CE_PASSEDPAWNS:0.4738678353594299
CE_PAWNWEAKNESSES:0.417875790076131
CE_PIECEACTIVITY:0.5176689148017878
CE_KINGPAWNSHIELD:0.4463624609677445
CE_PIECECOORDINATION:0.5102254660802396
CE_MATERIAL:0.5800042657350511
CE_KINGSAFETY:0.5
C_PIECESQUARETABLES:0.496495735504506
C_MOBILITY:0.5641605344453903
C_KINGSAFETY:0.5886507305937635
C_PAWNSTRUCTURE:0.5464483883117062
C_PIECECOORDINATION:0.5229863656579635
C_ROOKANDPAWNMOVEMENT:0.5229863656579635
C_CENTERCONTROL:0.5232145975972192
C_DEVELOPPIECES:0.4408468604884538
C_MATERIAL:0.5904984634143912
