ELO:821
CE_PASSEDPAWNS:0.48877556028878194
CE_PAWNWEAKNESSES:0.4996120087454561
CE_PIECEACTIVITY:0.4797562628162011
CE_KINGPAWNSHIELD:0.4598431420698793
CE_PIECECOORDINATION:0.4862203091766503
CE_MATERIAL:0.45780850682026414
CE_KINGSAFETY:0.5023100157327294
C_PIECESQUARETABLES:0.49366065167665046
C_MOBILITY:0.47919227607234854
C_KINGSAFETY:0.4990162599448529
C_PAWNSTRUCTURE:0.4688611190311001
C_PIECECOORDINATION:0.6343213318637346
C_ROOKANDPAWNMOVEMENT:0.6343213318637346
C_CENTERCONTROL:0.4562355789039853
C_DEVELOPPIECES:0.43969925479378175
C_MATERIAL:0.5079816793904227
C_MOVECOUNT:0.45785215767635634
