ELO:696
CE_PASSEDPAWNS:0.4683336613767897
CE_PAWNWEAKNESSES:0.4717589215663237
CE_PIECEACTIVITY:0.5316476510146942
CE_KINGPAWNSHIELD:0.49396987997730174
CE_PIECECOORDINATION:0.5496128116275234
CE_MATERIAL:0.3648272996580553
CE_KINGSAFETY:0.5187431779134365
C_PIECESQUARETABLES:0.4881817396791994
C_MOBILITY:0.5941502116205399
C_KINGSAFETY:0.49644750862054865
C_PAWNSTRUCTURE:0.5230585123629917
C_PIECECOORDINATION:0.5847254798008324
C_ROOKANDPAWNMOVEMENT:0.5847254798008324
C_CENTERCONTROL:0.3939911115752692
C_DEVELOPPIECES:0.567725279055497
C_MATERIAL:0.4875997673472693
C_MOVECOUNT:0.4777972506588979
