ELO:1004
CE_PASSEDPAWNS:0.504086532442662
CE_PAWNWEAKNESSES:0.5098552961408056
CE_PIECEACTIVITY:0.48947970728003
CE_KINGPAWNSHIELD:0.4951222972559722
CE_PIECECOORDINATION:0.508562479634645
CE_MATERIAL:0.529194063512401
CE_KINGSAFETY:0.5
C_PIECESQUARETABLES:0.5
C_MOBILITY:0.480361129785071
C_KINGSAFETY:0.5
C_PAWNSTRUCTURE:0.4938574104008021
C_PIECECOORDINATION:0.5318899006481137
C_ROOKANDPAWNMOVEMENT:0.5318899006481137
C_CENTERCONTROL:0.504960633422569
C_DEVELOPPIECES:0.47086856808984645
C_MATERIAL:0.4740993959080324
C_MOVECOUNT:0.49692580242649614
