ELO:920
CE_PASSEDPAWNS:0.48152852473573254
CE_PAWNWEAKNESSES:0.5471116981492787
CE_PIECEACTIVITY:0.5427179209612307
CE_KINGPAWNSHIELD:0.513997433894374
CE_PIECECOORDINATION:0.4950543065526819
CE_MATERIAL:0.4461874000235742
CE_KINGSAFETY:0.5022806743479906
C_PIECESQUARETABLES:0.44991027356372393
C_MOBILITY:0.5230464296705817
C_KINGSAFETY:0.49961819874378116
C_PAWNSTRUCTURE:0.5469146392775165
C_PIECECOORDINATION:0.4626923205317623
C_ROOKANDPAWNMOVEMENT:0.4626923205317623
C_CENTERCONTROL:0.4735523549949527
C_DEVELOPPIECES:0.4814706991954125
C_MATERIAL:0.5247166889298948
C_MOVECOUNT:0.5
