ELO:954
CE_PASSEDPAWNS:0.45047145949304374
CE_PAWNWEAKNESSES:0.5341675015061393
CE_PIECEACTIVITY:0.4967115011064977
CE_KINGPAWNSHIELD:0.47910865499024463
CE_PIECECOORDINATION:0.5069923302603095
CE_MATERIAL:0.48922354141177987
CE_KINGSAFETY:0.5
C_PIECESQUARETABLES:0.5
C_MOBILITY:0.47344085600903646
C_KINGSAFETY:0.4760113520994132
C_PAWNSTRUCTURE:0.4698563697481923
C_PIECECOORDINATION:0.5323936799151541
C_ROOK:0.47497424039613684
CE_ROOK:0.4754182943397892
C_CENTERCONTROL:0.4995086811044334
C_DEVELOPPIECES:0.4702642257837032
C_MATERIAL:0.5143379012941094
C_MOVECOUNT:0.48077047236576254
C_PAWNMOVEMENT:0.5001024543797028
