ELO:1000
CE_PASSEDPAWNS:0.49946212563980685
CE_PAWNWEAKNESSES:0.510714561255461
CE_PIECEACTIVITY:0.503711569535888
CE_KINGPAWNSHIELD:0.47665365466634935
CE_PIECECOORDINATION:0.5094723870539557
CE_MATERIAL:0.5007478185832528
CE_KINGSAFETY:0.5327425708183987
C_PIECESQUARETABLES:0.5218025866616843
C_MOBILITY:0.5249315488859346
C_KINGSAFETY:0.4882158888314668
C_PAWNSTRUCTURE:0.4978120212729307
C_PIECECOORDINATION:0.5287353824202131
C_ROOKANDPAWNMOVEMENT:0.5287353824202131
C_CENTERCONTROL:0.4806445727432627
C_DEVELOPPIECES:0.4803488879460482
C_MATERIAL:0.5442213133925153
