ELO:1001
CE_PASSEDPAWNS:0.5234132753114955
CE_PAWNWEAKNESSES:0.4262455174902693
CE_PIECEACTIVITY:0.508577943156738
CE_KINGPAWNSHIELD:0.4955874192180434
CE_PIECECOORDINATION:0.5545126526538058
CE_MATERIAL:0.47669915460395507
CE_KINGSAFETY:0.4907972132593605
C_PIECESQUARETABLES:0.5008261304498376
C_MOBILITY:0.48190152798652713
C_KINGSAFETY:0.42497816230947905
C_PAWNSTRUCTURE:0.48519587773141115
C_PIECECOORDINATION:0.5175105143761078
C_ROOKANDPAWNMOVEMENT:0.5175105143761078
C_CENTERCONTROL:0.5243807054745799
C_DEVELOPPIECES:0.5352241111421884
C_MATERIAL:0.47834133135425194
