ELO:735
CE_PASSEDPAWNS:0.5188142451694524
CE_PAWNWEAKNESSES:0.5798200596193052
CE_PIECEACTIVITY:0.5192760285278616
CE_KINGPAWNSHIELD:0.5472662710815581
CE_PIECECOORDINATION:0.44535105505439676
CE_MATERIAL:0.4505167637847615
CE_KINGSAFETY:0.5163777667400431
C_PIECESQUARETABLES:0.49630288880140594
C_MOBILITY:0.5122203179229761
C_KINGSAFETY:0.4597779063333608
C_PAWNSTRUCTURE:0.5570660514018485
C_PIECECOORDINATION:0.4830135193279396
C_ROOKANDPAWNMOVEMENT:0.4830135193279396
C_CENTERCONTROL:0.44319774660137784
C_DEVELOPPIECES:0.45159116996650955
C_MATERIAL:0.46442673990761546
C_MOVECOUNT:0.5
