ELO:973
CE_PASSEDPAWNS:0.5230973885377979
CE_PAWNWEAKNESSES:0.49194763351543236
CE_PIECEACTIVITY:0.4904446267480014
CE_KINGPAWNSHIELD:0.5002532881024889
CE_PIECECOORDINATION:0.49703636466757906
CE_MATERIAL:0.4957942349417227
CE_KINGSAFETY:0.5064315331975624
C_PIECESQUARETABLES:0.5041142938969632
C_MOBILITY:0.4954323444968337
C_KINGSAFETY:0.4932161522906359
C_PAWNSTRUCTURE:0.4997989762149559
C_PIECECOORDINATION:0.4696419516566606
C_ROOKANDPAWNMOVEMENT:0.4696419516566606
C_CENTERCONTROL:0.5182129393863832
C_DEVELOPPIECES:0.5
C_MATERIAL:0.5175054540288611
C_MOVECOUNT:0.4871131282620246
