ELO:960
CE_PASSEDPAWNS:0.4827945407974614
CE_PAWNWEAKNESSES:0.5041442575033842
CE_PIECEACTIVITY:0.488136737769417
CE_KINGPAWNSHIELD:0.5032326719931622
CE_PIECECOORDINATION:0.5026780349620659
CE_MATERIAL:0.4932853419964579
CE_KINGSAFETY:0.4926414806792321
C_PIECESQUARETABLES:0.5124846588708878
C_MOBILITY:0.4984762003847682
C_KINGSAFETY:0.4925990230559559
C_PAWNSTRUCTURE:0.5025666624131444
C_PIECECOORDINATION:0.509155405296191
C_ROOK:0.512579525905535
CE_ROOK:0.4937940235948988
C_CENTERCONTROL:0.49346101892940186
C_DEVELOPPIECES:0.5020318022380038
C_MATERIAL:0.5138486382970294
C_MOVECOUNT:0.5110180293730563
C_PAWNMOVEMENT:0.49747107079492653
