ELO:937
CE_PASSEDPAWNS:0.5954985004774889
CE_PAWNWEAKNESSES:0.44420870176084454
CE_PIECEACTIVITY:0.5162800472335846
CE_KINGPAWNSHIELD:0.5606009522503806
CE_PIECECOORDINATION:0.4360269087496288
CE_MATERIAL:0.5125916341642207
CE_KINGSAFETY:0.49319155796840747
C_PIECESQUARETABLES:0.5391500476103326
C_MOBILITY:0.5102613678260687
C_KINGSAFETY:0.5011277239072527
C_PAWNSTRUCTURE:0.516733008335623
C_PIECECOORDINATION:0.5440271357231268
C_ROOKANDPAWNMOVEMENT:0.5440271357231268
C_CENTERCONTROL:0.433922768900577
C_DEVELOPPIECES:0.5326619865845895
C_MATERIAL:0.6385064135175561
