ELO:808
CE_PASSEDPAWNS:0.501373910899775
CE_PAWNWEAKNESSES:0.5617898140244434
CE_PIECEACTIVITY:0.5737554650203072
CE_KINGPAWNSHIELD:0.5020240069491003
CE_PIECECOORDINATION:0.47293194578712316
CE_MATERIAL:0.4725176232235266
CE_KINGSAFETY:0.5011749059834669
C_PIECESQUARETABLES:0.4934404294296661
C_MOBILITY:0.5112692682435906
C_KINGSAFETY:0.43994876186555426
C_PAWNSTRUCTURE:0.5368714139738515
C_PIECECOORDINATION:0.4719294597608432
C_ROOKANDPAWNMOVEMENT:0.4719294597608432
C_CENTERCONTROL:0.4396991520684097
C_DEVELOPPIECES:0.4566698478857309
C_MATERIAL:0.48721494564427265
C_MOVECOUNT:0.5
