ELO:976
CE_PASSEDPAWNS:0.47999777588452414
CE_PAWNWEAKNESSES:0.411241849987322
CE_PIECEACTIVITY:0.5377355873175554
CE_KINGPAWNSHIELD:0.44054998547466934
CE_PIECECOORDINATION:0.4994059379139523
CE_MATERIAL:0.5493328105199544
CE_KINGSAFETY:0.4812618055428184
C_PIECESQUARETABLES:0.5195710195352927
C_MOBILITY:0.5560906211595992
C_KINGSAFETY:0.5784871838116967
C_PAWNSTRUCTURE:0.5693144893083127
C_PIECECOORDINATION:0.5249737436679216
C_ROOKANDPAWNMOVEMENT:0.5249737436679216
C_CENTERCONTROL:0.5161825243544129
C_DEVELOPPIECES:0.43244222826627343
C_MATERIAL:0.6094912356199056
