ELO:881
CE_PASSEDPAWNS:0.41985972134303035
CE_PAWNWEAKNESSES:0.5324284886152613
CE_PIECEACTIVITY:0.48681888793542605
CE_KINGPAWNSHIELD:0.4563003969587127
CE_PIECECOORDINATION:0.48469841925427726
CE_MATERIAL:0.4465394141754487
CE_KINGSAFETY:0.5
C_PIECESQUARETABLES:0.5
C_MOBILITY:0.5108723082218385
C_KINGSAFETY:0.5639587452737614
C_PAWNSTRUCTURE:0.4894512998844752
C_PIECECOORDINATION:0.5405551907139542
C_ROOK:0.4929105274982328
CE_ROOK:0.47559529084405255
C_CENTERCONTROL:0.5202398452974709
C_DEVELOPPIECES:0.4630907138087349
C_MATERIAL:0.5331817506686762
C_MOVECOUNT:0.4808091161074175
C_PAWNMOVEMENT:0.5076044792544041
