ELO:960
CE_PASSEDPAWNS:0.6565574904447253
CE_PAWNWEAKNESSES:0.5268683264775879
CE_PIECEACTIVITY:0.48791127468125467
CE_KINGPAWNSHIELD:0.47993003087265235
CE_PIECECOORDINATION:0.5292496332461534
CE_MATERIAL:0.34241782537614696
CE_KINGSAFETY:0.4799654544888579
C_PIECESQUARETABLES:0.5205347577511706
C_MOBILITY:0.5102613678260687
C_KINGSAFETY:0.5206547286654283
C_PAWNSTRUCTURE:0.47555065210691755
C_PIECECOORDINATION:0.4811596643169537
C_ROOKANDPAWNMOVEMENT:0.4811596643169537
C_CENTERCONTROL:0.47029972479187926
C_DEVELOPPIECES:0.5502433772782193
C_MATERIAL:0.6109595182192638
