ELO:823
CE_PASSEDPAWNS:0.3662717924212685
CE_PAWNWEAKNESSES:0.6643590897087798
CE_PIECEACTIVITY:0.6732596876434022
CE_KINGPAWNSHIELD:0.4816299385063669
CE_PIECECOORDINATION:0.3578231175116233
CE_MATERIAL:0.5043766335540097
CE_KINGSAFETY:0.5092959068983542
C_PIECESQUARETABLES:0.5011423002403862
C_MOBILITY:0.5505784098557224
C_KINGSAFETY:0.5885866208803279
C_PAWNSTRUCTURE:0.5577275534360296
C_PIECECOORDINATION:0.49384666738814065
C_ROOKANDPAWNMOVEMENT:0.49384666738814065
C_CENTERCONTROL:0.4146157731728194
C_DEVELOPPIECES:0.5185881110592823
C_MATERIAL:0.5180616417613938
C_MOVECOUNT:0.4901104930417487
