ELO:893
CE_PASSEDPAWNS:0.41985972134303035
CE_PAWNWEAKNESSES:0.5324284886152613
CE_PIECEACTIVITY:0.48681888793542605
CE_KINGPAWNSHIELD:0.46861387169147806
CE_PIECECOORDINATION:0.49173480714904444
CE_MATERIAL:0.446589467782863
CE_KINGSAFETY:0.5
C_PIECESQUARETABLES:0.5
C_MOBILITY:0.5082579189069777
C_KINGSAFETY:0.5511302991239819
C_PAWNSTRUCTURE:0.4796762726312555
C_PIECECOORDINATION:0.5405551907139542
C_ROOK:0.49614125760009764
CE_ROOK:0.47177606523529314
C_CENTERCONTROL:0.5072296016106388
C_DEVELOPPIECES:0.47646567872154016
C_MATERIAL:0.5427650643949964
C_MOVECOUNT:0.48970171277278374
C_PAWNMOVEMENT:0.5075334306704518
