ELO:940
CE_PASSEDPAWNS:0.4686904195177518
CE_PAWNWEAKNESSES:0.50925106200026
CE_PIECEACTIVITY:0.4911512847331921
CE_KINGPAWNSHIELD:0.4938885537243968
CE_PIECECOORDINATION:0.5039528966294773
CE_MATERIAL:0.4946431380972977
CE_KINGSAFETY:0.5234200253892406
C_PIECESQUARETABLES:0.5
C_MOBILITY:0.4984762003847682
C_KINGSAFETY:0.4837358636775894
C_PAWNSTRUCTURE:0.5107348748546733
C_PIECECOORDINATION:0.5121532540945214
C_ROOK:0.49294088952216625
CE_ROOK:0.49685927577301675
C_CENTERCONTROL:0.49117692456198736
C_DEVELOPPIECES:0.4915015101463313
C_MATERIAL:0.5172007804093938
C_MOVECOUNT:0.5110180293730563
C_PAWNMOVEMENT:0.5087324899306851
