ELO:939
CE_PASSEDPAWNS:0.5195249662644114
CE_PAWNWEAKNESSES:0.5206748033103986
CE_PIECEACTIVITY:0.49984960530300127
CE_KINGPAWNSHIELD:0.5017262595175794
CE_PIECECOORDINATION:0.5483445889759255
CE_MATERIAL:0.48321536338420806
CE_KINGSAFETY:0.48400054928707875
C_PIECESQUARETABLES:0.5259813633168298
C_MOBILITY:0.4836545085008802
C_KINGSAFETY:0.4261134870873402
C_PAWNSTRUCTURE:0.5193744759263313
C_PIECECOORDINATION:0.48763519300339375
C_ROOKANDPAWNMOVEMENT:0.48763519300339375
C_CENTERCONTROL:0.5492196707485124
C_DEVELOPPIECES:0.5879989697657009
C_MATERIAL:0.47413774451701307
