ELO:958
CE_PASSEDPAWNS:0.42508773758530877
CE_PAWNWEAKNESSES:0.37710022165264534
CE_PIECEACTIVITY:0.5323089822195353
CE_KINGPAWNSHIELD:0.45424637619526237
CE_PIECECOORDINATION:0.6131677141979838
CE_MATERIAL:0.5585232320221117
CE_KINGSAFETY:0.49676912037551885
C_PIECESQUARETABLES:0.5193545097610666
C_MOBILITY:0.49332429992192595
C_KINGSAFETY:0.6258587810633238
C_PAWNSTRUCTURE:0.621640091808808
C_PIECECOORDINATION:0.4972853641564811
C_ROOKANDPAWNMOVEMENT:0.4972853641564811
C_CENTERCONTROL:0.4578896250603605
C_DEVELOPPIECES:0.4600934404516593
C_MATERIAL:0.6089980681523623
