ELO:873
CE_PASSEDPAWNS:0.5041629164336698
CE_PAWNWEAKNESSES:0.6590958103119086
CE_PIECEACTIVITY:0.39635732090418385
CE_KINGPAWNSHIELD:0.6039456920090329
CE_PIECECOORDINATION:0.4917370036962053
CE_MATERIAL:0.5010384746736698
CE_KINGSAFETY:0.5104706215382475
C_PIECESQUARETABLES:0.5060070360194917
C_MOBILITY:0.5669419753430918
C_KINGSAFETY:0.4290673707312495
C_PAWNSTRUCTURE:0.5919594099188615
C_PIECECOORDINATION:0.47497794120066406
C_ROOKANDPAWNMOVEMENT:0.47497794120066406
C_CENTERCONTROL:0.47769576336378167
C_DEVELOPPIECES:0.4697340740970402
C_MATERIAL:0.5990092658930977
