ELO:902
CE_PASSEDPAWNS:0.4339416821021756
CE_PAWNWEAKNESSES:0.5301092044497289
CE_PIECEACTIVITY:0.4880433760464932
CE_KINGPAWNSHIELD:0.4532602290185154
CE_PIECECOORDINATION:0.4725957348772667
CE_MATERIAL:0.4429560391089826
CE_KINGSAFETY:0.4900168661911627
C_PIECESQUARETABLES:0.5063328483287552
C_MOBILITY:0.4985156672807281
C_KINGSAFETY:0.5492624174963214
C_PAWNSTRUCTURE:0.4999123760604168
C_PIECECOORDINATION:0.5553449979154733
C_ROOK:0.5050781496966442
CE_ROOK:0.47046958186778703
C_CENTERCONTROL:0.5372803233517381
C_DEVELOPPIECES:0.4727098732972018
C_MATERIAL:0.5337379797627453
C_MOVECOUNT:0.49092009542083836
C_PAWNMOVEMENT:0.4968069837389187
