ELO:936
CE_PASSEDPAWNS:0.4432461470315006
CE_PAWNWEAKNESSES:0.4056858704550126
CE_PIECEACTIVITY:0.5306005968504669
CE_KINGPAWNSHIELD:0.46789733346485723
CE_PIECECOORDINATION:0.4787676289110079
CE_MATERIAL:0.5428160469943925
CE_KINGSAFETY:0.4733727553777828
C_PIECESQUARETABLES:0.5194755492358674
C_MOBILITY:0.5314347730922762
C_KINGSAFETY:0.5841290359205599
C_PAWNSTRUCTURE:0.5803697161614209
C_PIECECOORDINATION:0.540850515433338
C_ROOKANDPAWNMOVEMENT:0.540850515433338
C_CENTERCONTROL:0.5355840007761599
C_DEVELOPPIECES:0.40714933339432346
C_MATERIAL:0.6297713960511538
