ELO:893
CE_PASSEDPAWNS:0.46902398698979275
CE_PAWNWEAKNESSES:0.5064254709816787
CE_PIECEACTIVITY:0.5252878059215546
CE_KINGPAWNSHIELD:0.4440797516855684
CE_PIECECOORDINATION:0.5119070901661821
CE_MATERIAL:0.43609561959852383
CE_KINGSAFETY:0.518384419356055
C_PIECESQUARETABLES:0.4773564271452685
C_MOBILITY:0.4797794163130845
C_KINGSAFETY:0.5179611956290096
C_PAWNSTRUCTURE:0.45833366742052517
C_PIECECOORDINATION:0.6112283976504991
C_ROOKANDPAWNMOVEMENT:0.6112283976504991
C_CENTERCONTROL:0.4614173218108299
C_DEVELOPPIECES:0.42597688240069626
C_MATERIAL:0.5257272655418334
C_MOVECOUNT:0.4976202912488521
