ELO:959
CE_PASSEDPAWNS:0.5747757057655958
CE_PAWNWEAKNESSES:0.4679852114459072
CE_PIECEACTIVITY:0.3729411209896735
CE_KINGPAWNSHIELD:0.44879109542615203
CE_PIECECOORDINATION:0.5359363537378022
CE_MATERIAL:0.3227323767965078
CE_KINGSAFETY:0.4774326253222533
C_PIECESQUARETABLES:0.49423280134456843
C_MOBILITY:0.5683873517041729
C_KINGSAFETY:0.5532641069667968
C_PAWNSTRUCTURE:0.4688276942979239
C_PIECECOORDINATION:0.43304279175309607
C_ROOKANDPAWNMOVEMENT:0.43304279175309607
C_CENTERCONTROL:0.5077008205989392
C_DEVELOPPIECES:0.46350184848953824
C_MATERIAL:0.4112541498065556
