ELO:919
CE_PASSEDPAWNS:0.4862097445407466
CE_PAWNWEAKNESSES:0.5170548609011028
CE_PIECEACTIVITY:0.5
CE_KINGPAWNSHIELD:0.5090478194667217
CE_PIECECOORDINATION:0.5021751196951958
CE_MATERIAL:0.4850134419769895
CE_KINGSAFETY:0.5015605658152993
C_PIECESQUARETABLES:0.47372984029073023
C_MOBILITY:0.5451752067272543
C_KINGSAFETY:0.485316317019616
C_PAWNSTRUCTURE:0.5066022114034532
C_PIECECOORDINATION:0.4765209585637549
C_ROOKANDPAWNMOVEMENT:0.4765209585637549
C_CENTERCONTROL:0.5222684460674282
C_DEVELOPPIECES:0.5053895699138831
C_MATERIAL:0.46525829834760224
C_MOVECOUNT:0.5
