ELO:1000
CE_PASSEDPAWNS:0.5244388172032188
CE_PAWNWEAKNESSES:0.4765487784111015
CE_PIECEACTIVITY:0.5066572807517277
CE_KINGPAWNSHIELD:0.4996635528299518
CE_PIECECOORDINATION:0.5301888139742651
CE_MATERIAL:0.4926799772054908
CE_KINGSAFETY:0.516420542460193
C_PIECESQUARETABLES:0.4792424450216105
C_MOBILITY:0.4740051991157984
C_KINGSAFETY:0.5055890082826716
C_PAWNSTRUCTURE:0.49140155515805656
C_PIECECOORDINATION:0.5040081218910657
C_ROOKANDPAWNMOVEMENT:0.5040081218910657
C_CENTERCONTROL:0.5078254747543429
C_DEVELOPPIECES:0.5098582779952675
C_MATERIAL:0.4865188076388493
