ELO:888
CE_PASSEDPAWNS:0.5736792859500459
CE_PAWNWEAKNESSES:0.5973662611234021
CE_PIECEACTIVITY:0.6186748918070248
CE_KINGPAWNSHIELD:0.48386404279373074
CE_PIECECOORDINATION:0.5132648389005301
CE_MATERIAL:0.5175393659480761
CE_KINGSAFETY:0.5356288821912573
C_PIECESQUARETABLES:0.5165930328975332
C_MOBILITY:0.4524474847686653
C_KINGSAFETY:0.44848290191796647
C_PAWNSTRUCTURE:0.551188895033938
C_PIECECOORDINATION:0.4533333560534135
C_ROOKANDPAWNMOVEMENT:0.4533333560534135
C_CENTERCONTROL:0.43310003491118665
C_DEVELOPPIECES:0.47871268507880244
C_MATERIAL:0.4370826774965342
C_MOVECOUNT:0.5
