ELO:1006
CE_PASSEDPAWNS:0.5
CE_PAWNWEAKNESSES:0.5009637908186014
CE_PIECEACTIVITY:0.5071479599982461
CE_KINGPAWNSHIELD:0.48257047117420265
CE_PIECECOORDINATION:0.4978735845526992
CE_MATERIAL:0.5
CE_KINGSAFETY:0.5248769442767061
C_PIECESQUARETABLES:0.49936576412188227
C_MOBILITY:0.4989415797679996
C_KINGSAFETY:0.49819697853633765
C_PAWNSTRUCTURE:0.49437167797046
C_PIECECOORDINATION:0.5070497114587348
C_ROOKANDPAWNMOVEMENT:0.5070497114587348
C_CENTERCONTROL:0.4906216464649779
C_DEVELOPPIECES:0.5090375390746386
C_MATERIAL:0.5
