ELO:959
CE_PASSEDPAWNS:0.4602622671550914
CE_PAWNWEAKNESSES:0.4984761684755485
CE_PIECEACTIVITY:0.49195182810576
CE_KINGPAWNSHIELD:0.479538082953715
CE_PIECECOORDINATION:0.5106113578249506
CE_MATERIAL:0.4926683531943798
CE_KINGSAFETY:0.4915775127125019
C_PIECESQUARETABLES:0.5
C_MOBILITY:0.4806106670988493
C_KINGSAFETY:0.45596786546491547
C_PAWNSTRUCTURE:0.471895483940099
C_PIECECOORDINATION:0.5260787625528586
C_ROOK:0.48937187268681814
CE_ROOK:0.4826945593082875
C_CENTERCONTROL:0.5059761577746006
C_DEVELOPPIECES:0.47819703003574726
C_MATERIAL:0.5171898230687304
C_MOVECOUNT:0.49775143003626515
C_PAWNMOVEMENT:0.49875630608832155
