ELO:1000
CE_PASSEDPAWNS:0.49573178312501115
CE_PAWNWEAKNESSES:0.5222524296681016
CE_PIECEACTIVITY:0.4976245371338613
CE_KINGPAWNSHIELD:0.499365521862215
CE_PIECECOORDINATION:0.4866688422793366
CE_MATERIAL:0.501273909525859
CE_KINGSAFETY:0.47895086770700224
C_PIECESQUARETABLES:0.5110448425192491
C_MOBILITY:0.520215167272991
C_KINGSAFETY:0.5177949311339446
C_PAWNSTRUCTURE:0.5088666457437813
C_PIECECOORDINATION:0.5330149769843257
C_ROOKANDPAWNMOVEMENT:0.5330149769843257
C_CENTERCONTROL:0.457748873417027
C_DEVELOPPIECES:0.4753820129150241
C_MATERIAL:0.5563791810156403
