ELO:1000
CE_PASSEDPAWNS:0.49926291047481575
CE_PAWNWEAKNESSES:0.41891152027648587
CE_PIECEACTIVITY:0.5803719984027432
CE_KINGPAWNSHIELD:0.5379925791097487
CE_PIECECOORDINATION:0.4690045241476726
CE_MATERIAL:0.49025242586942824
CE_KINGSAFETY:0.47687830948818405
C_PIECESQUARETABLES:0.48556697068133037
C_MOBILITY:0.469272039575056
C_KINGSAFETY:0.5027411293297354
C_PAWNSTRUCTURE:0.5012295317332348
C_PIECECOORDINATION:0.5267287789934836
C_ROOKANDPAWNMOVEMENT:0.5267287789934836
C_CENTERCONTROL:0.5103939528584506
C_DEVELOPPIECES:0.4656586869934493
C_MATERIAL:0.5718745007609713
