ELO:1000
CE_PASSEDPAWNS:0.5331867931113795
CE_PAWNWEAKNESSES:0.458421526227685
CE_PIECEACTIVITY:0.46371784305772606
CE_KINGPAWNSHIELD:0.49270986233779623
CE_PIECECOORDINATION:0.5075642806357913
CE_MATERIAL:0.45590193098481246
CE_KINGSAFETY:0.4958611917498941
C_PIECESQUARETABLES:0.493561077118902
C_MOBILITY:0.5033084248292385
C_KINGSAFETY:0.46747732815580395
C_PAWNSTRUCTURE:0.4758733572211862
C_PIECECOORDINATION:0.5390458130922298
C_ROOKANDPAWNMOVEMENT:0.5390458130922298
C_CENTERCONTROL:0.5339443791571842
C_DEVELOPPIECES:0.5278808081336379
C_MATERIAL:0.49986915163986095
