ELO:869
CE_PASSEDPAWNS:0.5042123672414462
CE_PAWNWEAKNESSES:0.6780310141859266
CE_PIECEACTIVITY:0.39704156808701274
CE_KINGPAWNSHIELD:0.5981321459552242
CE_PIECECOORDINATION:0.4970687025240662
CE_MATERIAL:0.4848666266485423
CE_KINGSAFETY:0.4599609483133243
C_PIECESQUARETABLES:0.5374814919066095
C_MOBILITY:0.5690923847641269
C_KINGSAFETY:0.4160216604072645
C_PAWNSTRUCTURE:0.6115788465480761
C_PIECECOORDINATION:0.47313583270377324
C_ROOKANDPAWNMOVEMENT:0.47313583270377324
C_CENTERCONTROL:0.47251677283433485
C_DEVELOPPIECES:0.47752638056108776
C_MATERIAL:0.5949467973704727
