ELO:1000
CE_PASSEDPAWNS:0.5254369770608006
CE_PAWNWEAKNESSES:0.47324904591365363
CE_PIECEACTIVITY:0.4631010102420055
CE_KINGPAWNSHIELD:0.4971347373921856
CE_PIECECOORDINATION:0.5075642806357913
CE_MATERIAL:0.4675464741630824
CE_KINGSAFETY:0.4958611917498941
C_PIECESQUARETABLES:0.4793785052457649
C_MOBILITY:0.5189228278927975
C_KINGSAFETY:0.46150141863914773
C_PAWNSTRUCTURE:0.47188893876527815
C_PIECECOORDINATION:0.5276149173305107
C_ROOKANDPAWNMOVEMENT:0.5276149173305107
C_CENTERCONTROL:0.5330771060408958
C_DEVELOPPIECES:0.5240429068152915
C_MATERIAL:0.5062003209220238
