ELO:1000
CE_PASSEDPAWNS:0.5
CE_PAWNWEAKNESSES:0.502004383795988
CE_PIECEACTIVITY:0.5
CE_KINGPAWNSHIELD:0.5018523816921957
CE_PIECECOORDINATION:0.5
CE_MATERIAL:0.5
CE_KINGSAFETY:0.502205730104319
C_PIECESQUARETABLES:0.4872671911968042
C_MOBILITY:0.4912735087531355
C_KINGSAFETY:0.5
C_PAWNSTRUCTURE:0.5049665317185771
C_PIECECOORDINATION:0.5
C_ROOK:0.5
CE_ROOK:0.5
C_CENTERCONTROL:0.49081854321059915
C_DEVELOPPIECES:0.49596168434137916
C_MATERIAL:0.506666215920432
C_MOVECOUNT:0.4940104359874306
C_PAWNMOVEMENT:0.49810091788610594
