ELO:932
CE_PASSEDPAWNS:0.5171840389805986
CE_PAWNWEAKNESSES:0.491427318458626
CE_PIECEACTIVITY:0.519094032049621
CE_KINGPAWNSHIELD:0.49991035737075673
CE_PIECECOORDINATION:0.5273712462963159
CE_MATERIAL:0.4438748623957424
CE_KINGSAFETY:0.4491522911252821
C_PIECESQUARETABLES:0.47615966034235996
C_MOBILITY:0.47380955252711626
C_KINGSAFETY:0.4329370240843516
C_PAWNSTRUCTURE:0.4986975964759998
C_PIECECOORDINATION:0.5123516492558398
C_ROOKANDPAWNMOVEMENT:0.5123516492558398
C_CENTERCONTROL:0.5718008895408586
C_DEVELOPPIECES:0.5813791832717919
C_MATERIAL:0.39611886853017453
