ELO:696
CE_PASSEDPAWNS:0.45828333385563336
CE_PAWNWEAKNESSES:0.6185153215552808
CE_PIECEACTIVITY:0.41009276987322757
CE_KINGPAWNSHIELD:0.5560226730943295
CE_PIECECOORDINATION:0.5268475355816675
CE_MATERIAL:0.4385834287029907
CE_KINGSAFETY:0.4601405184550666
C_PIECESQUARETABLES:0.5092851375909629
C_MOBILITY:0.5234091274147427
C_KINGSAFETY:0.4170076581267638
C_PAWNSTRUCTURE:0.5343416093740468
C_PIECECOORDINATION:0.6650723759722943
C_ROOKANDPAWNMOVEMENT:0.6650723759722943
C_CENTERCONTROL:0.5290276281619314
C_DEVELOPPIECES:0.526297992890656
C_MATERIAL:0.4746229879098473
C_MOVECOUNT:0.5
