ELO:976
CE_PASSEDPAWNS:0.5193760839304329
CE_PAWNWEAKNESSES:0.4257636342237489
CE_PIECEACTIVITY:0.5256405961013161
CE_KINGPAWNSHIELD:0.5540646545457477
CE_PIECECOORDINATION:0.49715745647889653
CE_MATERIAL:0.520428135319447
CE_KINGSAFETY:0.5076858353046959
C_PIECESQUARETABLES:0.5037456910191968
C_MOBILITY:0.4728778719590431
C_KINGSAFETY:0.4926149136682339
C_PAWNSTRUCTURE:0.5800332452325919
C_PIECECOORDINATION:0.5276460806488726
C_ROOKANDPAWNMOVEMENT:0.5276460806488726
C_CENTERCONTROL:0.5013410689872542
C_DEVELOPPIECES:0.47536253491339214
C_MATERIAL:0.44765515074057527
