ELO:1000
CE_PASSEDPAWNS:0.49954572525727176
CE_PAWNWEAKNESSES:0.47079742441227207
CE_PIECEACTIVITY:0.47615625951604473
CE_KINGPAWNSHIELD:0.5015730866407336
CE_PIECECOORDINATION:0.49522931166189393
CE_MATERIAL:0.5286818986993501
CE_KINGSAFETY:0.5034282527034117
C_PIECESQUARETABLES:0.5233783385261631
C_MOBILITY:0.49263788519439417
C_KINGSAFETY:0.558020466270157
C_PAWNSTRUCTURE:0.4675289253110517
C_PIECECOORDINATION:0.4987023434773476
C_ROOKANDPAWNMOVEMENT:0.4987023434773476
C_CENTERCONTROL:0.4763079498917992
C_DEVELOPPIECES:0.44287358530592114
C_MATERIAL:0.48819400267193375
