ELO:1008
CE_PASSEDPAWNS:0.5033787814033059
CE_PAWNWEAKNESSES:0.4942067676529717
CE_PIECEACTIVITY:0.5
CE_KINGPAWNSHIELD:0.5132473760548909
CE_PIECECOORDINATION:0.5
CE_MATERIAL:0.5059978198183946
CE_KINGSAFETY:0.5
C_PIECESQUARETABLES:0.5017307272994795
C_MOBILITY:0.5
C_KINGSAFETY:0.5
C_PAWNSTRUCTURE:0.5048125299871041
C_PIECECOORDINATION:0.5002840162073027
C_ROOKANDPAWNMOVEMENT:0.5002840162073027
C_CENTERCONTROL:0.5
C_DEVELOPPIECES:0.49301316858092603
C_MATERIAL:0.5077745227710876
