ELO:1000
CE_PASSEDPAWNS:0.5207634721340741
CE_PAWNWEAKNESSES:0.5141895097055812
CE_PIECEACTIVITY:0.5044824809887238
CE_KINGPAWNSHIELD:0.5538749724548018
CE_PIECECOORDINATION:0.5298649385409924
CE_MATERIAL:0.4361548690248889
CE_KINGSAFETY:0.4989246893576196
C_PIECESQUARETABLES:0.4887390780868386
C_MOBILITY:0.4792081617272372
C_KINGSAFETY:0.5129112401314749
C_PAWNSTRUCTURE:0.4740687123305314
C_PIECECOORDINATION:0.5104361277747355
C_ROOKANDPAWNMOVEMENT:0.5104361277747355
C_CENTERCONTROL:0.4512279198832119
C_DEVELOPPIECES:0.5045866980605724
C_MATERIAL:0.5060976463739795
