ELO:866
CE_PASSEDPAWNS:0.5341218493733925
CE_PAWNWEAKNESSES:0.45119853543288213
CE_PIECEACTIVITY:0.46574826382818546
CE_KINGPAWNSHIELD:0.5039710051380119
CE_PIECECOORDINATION:0.5040484916444014
CE_MATERIAL:0.47781077988502446
CE_KINGSAFETY:0.4551902396565134
C_PIECESQUARETABLES:0.48715451557032097
C_MOBILITY:0.5214189511685761
C_KINGSAFETY:0.48160289614037316
C_PAWNSTRUCTURE:0.5150350894282668
C_PIECECOORDINATION:0.5112625067011177
C_ROOK:0.47225908780707276
CE_ROOK:0.518415868691009
C_CENTERCONTROL:0.4409208813375681
C_DEVELOPPIECES:0.5213311757546935
C_MATERIAL:0.5094669201475953
C_MOVECOUNT:0.5007135207139033
C_PAWNMOVEMENT:0.5396956968746119
