ELO:952
CE_PASSEDPAWNS:0.5226487214578246
CE_PAWNWEAKNESSES:0.41253375055787034
CE_PIECEACTIVITY:0.5005728539839887
CE_KINGPAWNSHIELD:0.5334979363965212
CE_PIECECOORDINATION:0.5247677896011222
CE_MATERIAL:0.47346709109284246
CE_KINGSAFETY:0.49485514649837864
C_PIECESQUARETABLES:0.49262080065551844
C_MOBILITY:0.4934105486389154
C_KINGSAFETY:0.5391948071085318
C_PAWNSTRUCTURE:0.5587932572216688
C_PIECECOORDINATION:0.5585952578848014
C_ROOKANDPAWNMOVEMENT:0.5585952578848014
C_CENTERCONTROL:0.5279849819783198
C_DEVELOPPIECES:0.42153157700794225
C_MATERIAL:0.4140457726064636
