ELO:909
CE_PASSEDPAWNS:0.5140706698579931
CE_PAWNWEAKNESSES:0.4842668989510516
CE_PIECEACTIVITY:0.5759615634917746
CE_KINGPAWNSHIELD:0.5581421515075414
CE_PIECECOORDINATION:0.5561599220932345
CE_MATERIAL:0.5349266569544918
CE_KINGSAFETY:0.5088898446886091
C_PIECESQUARETABLES:0.4852463299978534
C_MOBILITY:0.40060126770373905
C_KINGSAFETY:0.45933051374695655
C_PAWNSTRUCTURE:0.401363974071209
C_PIECECOORDINATION:0.5603798368815782
C_ROOKANDPAWNMOVEMENT:0.5603798368815782
C_CENTERCONTROL:0.4461216940744098
C_DEVELOPPIECES:0.45162620823431404
C_MATERIAL:0.5016467335823802
