ELO:1000
CE_PASSEDPAWNS:0.5
CE_PAWNWEAKNESSES:0.49917349351332824
CE_PIECEACTIVITY:0.5
CE_KINGPAWNSHIELD:0.5
CE_PIECECOORDINATION:0.47891609600337787
CE_MATERIAL:0.48855005296797394
CE_KINGSAFETY:0.5
C_PIECESQUARETABLES:0.5
C_MOBILITY:0.500930229856075
C_KINGSAFETY:0.5
C_PAWNSTRUCTURE:0.5014790028996037
C_PIECECOORDINATION:0.49793042419073524
C_ROOKANDPAWNMOVEMENT:0.49793042419073524
C_CENTERCONTROL:0.4809612546385086
C_DEVELOPPIECES:0.5
C_MATERIAL:0.48122854218999755
