ELO:784
CE_PASSEDPAWNS:0.3787836388280541
CE_PAWNWEAKNESSES:0.52478374213415
CE_PIECEACTIVITY:0.6737359878968802
CE_KINGPAWNSHIELD:0.5245459189974261
CE_PIECECOORDINATION:0.5325146395020708
CE_MATERIAL:0.5485410539130449
CE_KINGSAFETY:0.4805503124787588
C_PIECESQUARETABLES:0.4279340734024375
C_MOBILITY:0.5974005899840413
C_KINGSAFETY:0.5532354874575055
C_PAWNSTRUCTURE:0.4575535461660464
C_PIECECOORDINATION:0.5416291586044994
C_ROOKANDPAWNMOVEMENT:0.5416291586044994
C_CENTERCONTROL:0.5888239771616459
C_DEVELOPPIECES:0.46763959048522247
C_MATERIAL:0.3946745020186308
