ELO:987
CE_PASSEDPAWNS:0.5041994482430779
CE_PAWNWEAKNESSES:0.5034387403738435
CE_PIECEACTIVITY:0.50571769681071
CE_KINGPAWNSHIELD:0.5
CE_PIECECOORDINATION:0.4996416392786762
CE_MATERIAL:0.5
CE_KINGSAFETY:0.5
C_PIECESQUARETABLES:0.5032386325345022
C_MOBILITY:0.5
C_KINGSAFETY:0.49335010537982266
C_PAWNSTRUCTURE:0.5
C_PIECECOORDINATION:0.4879073660629629
C_ROOKANDPAWNMOVEMENT:0.4879073660629629
C_CENTERCONTROL:0.5
C_DEVELOPPIECES:0.5
C_MATERIAL:0.5082201368575207
C_MOVECOUNT:0.5
