ELO:1000
CE_PASSEDPAWNS:0.499241053199937
CE_PAWNWEAKNESSES:0.48514906510240974
CE_PIECEACTIVITY:0.4926874457393301
CE_KINGPAWNSHIELD:0.4921917395264703
CE_PIECECOORDINATION:0.48591693000555725
CE_MATERIAL:0.5219375645683427
CE_KINGSAFETY:0.5079760770322934
C_PIECESQUARETABLES:0.5052694347056436
C_MOBILITY:0.5138994767897583
C_KINGSAFETY:0.5374117605544225
C_PAWNSTRUCTURE:0.4831217507419521
C_PIECECOORDINATION:0.5185339029302707
C_ROOKANDPAWNMOVEMENT:0.5185339029302707
C_CENTERCONTROL:0.5039525549913344
C_DEVELOPPIECES:0.4820820154830306
C_MATERIAL:0.5154414443289047
