ELO:999
CE_PASSEDPAWNS:0.4970341292571718
CE_PAWNWEAKNESSES:0.5056426913080255
CE_PIECEACTIVITY:0.5005103573763128
CE_KINGPAWNSHIELD:0.4899900303211372
CE_PIECECOORDINATION:0.4982119612950736
CE_MATERIAL:0.5004436076976876
CE_KINGSAFETY:0.5
C_PIECESQUARETABLES:0.5048907136141018
C_MOBILITY:0.48768308349733
C_KINGSAFETY:0.5119399094199163
C_PAWNSTRUCTURE:0.5084916016918042
C_PIECECOORDINATION:0.49491592453589356
C_ROOKANDPAWNMOVEMENT:0.49491592453589356
C_CENTERCONTROL:0.5109055246083933
C_DEVELOPPIECES:0.5107100407298081
C_MATERIAL:0.5023480464389116
C_MOVECOUNT:0.5
