ELO:910
CE_PASSEDPAWNS:0.5117221869542309
CE_PAWNWEAKNESSES:0.47941339083957984
CE_PIECEACTIVITY:0.5733488979829551
CE_KINGPAWNSHIELD:0.563763750211947
CE_PIECECOORDINATION:0.5524029728097445
CE_MATERIAL:0.5355830269969957
CE_KINGSAFETY:0.5022908037715006
C_PIECESQUARETABLES:0.46287134911881334
C_MOBILITY:0.4099526115025481
C_KINGSAFETY:0.452587828528495
C_PAWNSTRUCTURE:0.4065108550671652
C_PIECECOORDINATION:0.5682797179935523
C_ROOKANDPAWNMOVEMENT:0.5682797179935523
C_CENTERCONTROL:0.44529266122459343
C_DEVELOPPIECES:0.45632117167907765
C_MATERIAL:0.5065045418596646
