ELO:853
CE_PASSEDPAWNS:0.5204737966665935
CE_PAWNWEAKNESSES:0.44565358038567865
CE_PIECEACTIVITY:0.4613532133235728
CE_KINGPAWNSHIELD:0.5039710051380119
CE_PIECECOORDINATION:0.5232684110294789
CE_MATERIAL:0.4688826333877462
CE_KINGSAFETY:0.45307181181232475
C_PIECESQUARETABLES:0.48565969793515706
C_MOBILITY:0.5133821463531446
C_KINGSAFETY:0.48160289614037316
C_PAWNSTRUCTURE:0.5150350894282668
C_PIECECOORDINATION:0.49705787006587454
C_ROOK:0.46924044710850554
CE_ROOK:0.5128372622199354
C_CENTERCONTROL:0.4387989912024704
C_DEVELOPPIECES:0.5106664319808456
C_MATERIAL:0.4999682373329414
C_MOVECOUNT:0.4950902436801317
C_PAWNMOVEMENT:0.5257852176483372
