ELO:1000
CE_PASSEDPAWNS:0.4789772964917907
CE_PAWNWEAKNESSES:0.4606255558073256
CE_PIECEACTIVITY:0.4755917741910852
CE_KINGPAWNSHIELD:0.5413178866275712
CE_PIECECOORDINATION:0.4857556008942486
CE_MATERIAL:0.530948387989465
CE_KINGSAFETY:0.5183147633782734
C_PIECESQUARETABLES:0.5159619627788766
C_MOBILITY:0.5211356216723598
C_KINGSAFETY:0.4910428260873721
C_PAWNSTRUCTURE:0.5409057292611023
C_PIECECOORDINATION:0.552917527398668
C_ROOKANDPAWNMOVEMENT:0.552917527398668
C_CENTERCONTROL:0.4736814385699328
C_DEVELOPPIECES:0.5058619237547982
C_MATERIAL:0.5181625477073083
