ELO:939
CE_PASSEDPAWNS:0.4961732499792457
CE_PAWNWEAKNESSES:0.47806834555678857
CE_PIECEACTIVITY:0.4763676241893202
CE_KINGPAWNSHIELD:0.49076539924054924
CE_PIECECOORDINATION:0.4823810711832049
CE_MATERIAL:0.5355710084583823
CE_KINGSAFETY:0.5100732274295724
C_PIECESQUARETABLES:0.4920051588695712
C_MOBILITY:0.5036797431025783
C_KINGSAFETY:0.4775797143090292
C_PAWNSTRUCTURE:0.5327754365631678
C_PIECECOORDINATION:0.4971915024084469
C_ROOK:0.492976327317194
CE_ROOK:0.44955619543310077
C_CENTERCONTROL:0.4970611899982571
C_DEVELOPPIECES:0.49753723041952397
C_MATERIAL:0.4585391131200085
C_MOVECOUNT:0.5247774200850884
C_PAWNMOVEMENT:0.499423363874643
