ELO:1000
CE_PASSEDPAWNS:0.4936236534180808
CE_PAWNWEAKNESSES:0.4731439110016877
CE_PIECEACTIVITY:0.49679717953632435
CE_KINGPAWNSHIELD:0.5480639027121814
CE_PIECECOORDINATION:0.48352688653742837
CE_MATERIAL:0.5173713021810705
CE_KINGSAFETY:0.5314699405685928
C_PIECESQUARETABLES:0.5126165744730881
C_MOBILITY:0.5173786386871165
C_KINGSAFETY:0.5067402115018255
C_PAWNSTRUCTURE:0.530271366247315
C_PIECECOORDINATION:0.5565074027067809
C_ROOKANDPAWNMOVEMENT:0.5565074027067809
C_CENTERCONTROL:0.47227194830917446
C_DEVELOPPIECES:0.4964652307630082
C_MATERIAL:0.49485855881837404
