ELO:549
CE_PASSEDPAWNS:0.477478678247601
CE_PAWNWEAKNESSES:0.5956058160159068
CE_PIECEACTIVITY:0.433939767141139
CE_KINGPAWNSHIELD:0.568397670255999
CE_PIECECOORDINATION:0.5480296703338682
CE_MATERIAL:0.47714500921231423
CE_KINGSAFETY:0.4678778930651252
C_PIECESQUARETABLES:0.5086425945283259
C_MOBILITY:0.5376502648796524
C_KINGSAFETY:0.40752758492345137
C_PAWNSTRUCTURE:0.5239944574837241
C_PIECECOORDINATION:0.6360889426125159
C_ROOKANDPAWNMOVEMENT:0.6360889426125159
C_CENTERCONTROL:0.5160758455907624
C_DEVELOPPIECES:0.5250651247093172
C_MATERIAL:0.4440497837922866
C_MOVECOUNT:0.4942317174869645
