ELO:854
CE_PASSEDPAWNS:0.4532303666772853
CE_PAWNWEAKNESSES:0.47184998360634095
CE_PIECEACTIVITY:0.47880334906324795
CE_KINGPAWNSHIELD:0.49695705959131603
CE_PIECECOORDINATION:0.5149181349261233
CE_MATERIAL:0.4786678732639112
CE_KINGSAFETY:0.49935163717184844
C_PIECESQUARETABLES:0.5037106621535632
C_MOBILITY:0.5067322734465698
C_KINGSAFETY:0.4753350618060587
C_PAWNSTRUCTURE:0.5150618635945904
C_PIECECOORDINATION:0.5024541340680315
C_ROOKANDPAWNMOVEMENT:0.5024541340680315
C_CENTERCONTROL:0.48763937046327993
C_DEVELOPPIECES:0.5024701906146247
C_MATERIAL:0.4872314703438869
