ELO:998
CE_PASSEDPAWNS:0.5072198836893993
CE_PAWNWEAKNESSES:0.4676925378942637
CE_PIECEACTIVITY:0.5152692462754197
CE_KINGPAWNSHIELD:0.5497284438041339
CE_PIECECOORDINATION:0.5596217085800553
CE_MATERIAL:0.43807071917038365
CE_KINGSAFETY:0.5
C_PIECESQUARETABLES:0.5
C_MOBILITY:0.4519870132976996
C_KINGSAFETY:0.5339953589448827
C_PAWNSTRUCTURE:0.5291191561296973
C_PIECECOORDINATION:0.50716119087811
C_ROOKANDPAWNMOVEMENT:0.50716119087811
C_CENTERCONTROL:0.42646409644368183
C_DEVELOPPIECES:0.5522808575131672
C_MATERIAL:0.4895718557352094
