ELO:968
CE_PASSEDPAWNS:0.5200925511372206
CE_PAWNWEAKNESSES:0.5059187470702282
CE_PIECEACTIVITY:0.5046510417421199
CE_KINGPAWNSHIELD:0.5060437354328258
CE_PIECECOORDINATION:0.5067990115524561
CE_MATERIAL:0.49421232419210126
CE_KINGSAFETY:0.5
C_PIECESQUARETABLES:0.5
C_MOBILITY:0.4981650218679333
C_KINGSAFETY:0.5049666718256157
C_PAWNSTRUCTURE:0.4944205775536194
C_PIECECOORDINATION:0.5182626891961574
C_ROOKANDPAWNMOVEMENT:0.5182626891961574
C_CENTERCONTROL:0.5
C_DEVELOPPIECES:0.5116805135071946
C_MATERIAL:0.5048438670088545
C_MOVECOUNT:0.4762840273477145
