ELO:998
CE_PASSEDPAWNS:0.5157614287088548
CE_PAWNWEAKNESSES:0.4676925378942637
CE_PIECEACTIVITY:0.5187825346673566
CE_KINGPAWNSHIELD:0.5571733871810407
CE_PIECECOORDINATION:0.5453635720676439
CE_MATERIAL:0.4448400914759297
CE_KINGSAFETY:0.5023054972039878
C_PIECESQUARETABLES:0.5061569205239204
C_MOBILITY:0.4638163873142168
C_KINGSAFETY:0.5339953589448827
C_PAWNSTRUCTURE:0.538698026586553
C_PIECECOORDINATION:0.4844986533139639
C_ROOKANDPAWNMOVEMENT:0.4844986533139639
C_CENTERCONTROL:0.42045996281270814
C_DEVELOPPIECES:0.5613480534255989
C_MATERIAL:0.4800011520954416
