ELO:955
CE_PASSEDPAWNS:0.5088156940576116
CE_PAWNWEAKNESSES:0.5556613933669821
CE_PIECEACTIVITY:0.48558256566089003
CE_KINGPAWNSHIELD:0.4999297792664129
CE_PIECECOORDINATION:0.5567982311434915
CE_MATERIAL:0.4765045356931129
CE_KINGSAFETY:0.4961712928512088
C_PIECESQUARETABLES:0.5011753517660651
C_MOBILITY:0.5020950239462049
C_KINGSAFETY:0.4860013839609078
C_PAWNSTRUCTURE:0.5305879182116072
C_PIECECOORDINATION:0.47072511505999326
C_ROOK:0.48636631961905585
CE_ROOK:0.5153753822969134
C_CENTERCONTROL:0.4953518289603111
C_DEVELOPPIECES:0.5227514823428893
C_MATERIAL:0.4879527456155258
C_MOVECOUNT:0.44350368633388804
C_PAWNMOVEMENT:0.45006134713261775
