ELO:1022
CE_PASSEDPAWNS:0.49046495284590524
CE_PAWNWEAKNESSES:0.49684843635728887
CE_PIECEACTIVITY:0.5113667425140144
CE_KINGPAWNSHIELD:0.5
CE_PIECECOORDINATION:0.48709501177220876
CE_MATERIAL:0.49600660670884483
CE_KINGSAFETY:0.49374528154540526
C_PIECESQUARETABLES:0.5
C_MOBILITY:0.5200717828291445
C_KINGSAFETY:0.4973165223275002
C_PAWNSTRUCTURE:0.5
C_PIECECOORDINATION:0.5
C_ROOKANDPAWNMOVEMENT:0.5
C_CENTERCONTROL:0.48934882258024237
C_DEVELOPPIECES:0.5113253474916062
C_MATERIAL:0.5027969421592168
C_MOVECOUNT:0.5166713663190483
