ELO:1000
CE_PASSEDPAWNS:0.5321784564131625
CE_PAWNWEAKNESSES:0.5390475921015441
CE_PIECEACTIVITY:0.47875584381808445
CE_KINGPAWNSHIELD:0.5604776120063546
CE_PIECECOORDINATION:0.5010495859253535
CE_MATERIAL:0.45027198724550277
CE_KINGSAFETY:0.5
C_PIECESQUARETABLES:0.5
C_MOBILITY:0.4734307966114984
C_KINGSAFETY:0.4837470591948647
C_PAWNSTRUCTURE:0.4811976252043264
C_PIECECOORDINATION:0.518686867357548
C_ROOKANDPAWNMOVEMENT:0.518686867357548
C_CENTERCONTROL:0.4460171400625238
C_DEVELOPPIECES:0.5016598945465753
C_MATERIAL:0.5105936296742795
