ELO:988
CE_PASSEDPAWNS:0.5048183923815333
CE_PAWNWEAKNESSES:0.4996844427627857
CE_PIECEACTIVITY:0.5033576254189089
CE_KINGPAWNSHIELD:0.48956797762615467
CE_PIECECOORDINATION:0.5072620966029384
CE_MATERIAL:0.4910921257266724
CE_KINGSAFETY:0.5
C_PIECESQUARETABLES:0.5
C_MOBILITY:0.49243329510657335
C_KINGSAFETY:0.5137911788767902
C_PAWNSTRUCTURE:0.5
C_PIECECOORDINATION:0.493988616845921
C_ROOK:0.4938947184796947
CE_ROOK:0.49923459837783535
C_CENTERCONTROL:0.4831926297375631
C_DEVELOPPIECES:0.5
C_MATERIAL:0.49543490733027723
C_MOVECOUNT:0.5014814864190965
C_PAWNMOVEMENT:0.5114551715453428
