ELO:963
CE_PASSEDPAWNS:0.5422765665699387
CE_PAWNWEAKNESSES:0.5243773375560262
CE_PIECEACTIVITY:0.5062786672822017
CE_KINGPAWNSHIELD:0.48014558745851416
CE_PIECECOORDINATION:0.5337639257077091
CE_MATERIAL:0.5036743184556487
CE_KINGSAFETY:0.5040257228864072
C_PIECESQUARETABLES:0.5144770565877568
C_MOBILITY:0.48974249546992304
C_KINGSAFETY:0.4667811998752371
C_PAWNSTRUCTURE:0.5047550324687728
C_PIECECOORDINATION:0.5034767370486607
C_ROOKANDPAWNMOVEMENT:0.5034767370486607
C_CENTERCONTROL:0.4952999111135605
C_DEVELOPPIECES:0.5070281128329855
C_MATERIAL:0.5159548117701365
C_MOVECOUNT:0.5
