ELO:1000
CE_PASSEDPAWNS:0.5351702007904895
CE_PAWNWEAKNESSES:0.5311223054423381
CE_PIECEACTIVITY:0.48205881908615783
CE_KINGPAWNSHIELD:0.5485770314156846
CE_PIECECOORDINATION:0.5010495859253535
CE_MATERIAL:0.46516902817587286
CE_KINGSAFETY:0.4908005688708091
C_PIECESQUARETABLES:0.4886922701151861
C_MOBILITY:0.4649565824197768
C_KINGSAFETY:0.4837470591948647
C_PAWNSTRUCTURE:0.4811976252043264
C_PIECECOORDINATION:0.5317782642369551
C_ROOKANDPAWNMOVEMENT:0.5317782642369551
C_CENTERCONTROL:0.4492997437433549
C_DEVELOPPIECES:0.5019399799721415
C_MATERIAL:0.5105936296742795
