ELO:943
CE_PASSEDPAWNS:0.4729760683916298
CE_PAWNWEAKNESSES:0.4644780566464513
CE_PIECEACTIVITY:0.5551817062967661
CE_KINGPAWNSHIELD:0.47986465835233705
CE_PIECECOORDINATION:0.5450850960686698
CE_MATERIAL:0.5
CE_KINGSAFETY:0.5049461763611239
C_PIECESQUARETABLES:0.4629951136533105
C_MOBILITY:0.5126009955443368
C_KINGSAFETY:0.532869572220588
C_PAWNSTRUCTURE:0.4991484865277956
C_PIECECOORDINATION:0.49710664568970103
C_ROOKANDPAWNMOVEMENT:0.49710664568970103
C_CENTERCONTROL:0.5
C_DEVELOPPIECES:0.4923284771447378
C_MATERIAL:0.48729265928102894
C_MOVECOUNT:0.5
