ELO:998
CE_PASSEDPAWNS:0.5118437949885535
CE_PAWNWEAKNESSES:0.49262332582209517
CE_PIECEACTIVITY:0.4980983911153279
CE_KINGPAWNSHIELD:0.5171180012063518
CE_PIECECOORDINATION:0.5097189454528199
CE_MATERIAL:0.5080609653025102
CE_KINGSAFETY:0.5
C_PIECESQUARETABLES:0.4971736541950277
C_MOBILITY:0.5054926115613504
C_KINGSAFETY:0.4898115156910853
C_PAWNSTRUCTURE:0.5114934764494863
C_PIECECOORDINATION:0.5
C_ROOKANDPAWNMOVEMENT:0.5
C_CENTERCONTROL:0.5
C_DEVELOPPIECES:0.5
C_MATERIAL:0.5
C_MOVECOUNT:0.5
