ELO:991
CE_PASSEDPAWNS:0.4966096982740628
CE_PAWNWEAKNESSES:0.43794391446363873
CE_PIECEACTIVITY:0.4940530509954181
CE_KINGPAWNSHIELD:0.5463197624304524
CE_PIECECOORDINATION:0.44081898710526085
CE_MATERIAL:0.5109824773691457
CE_KINGSAFETY:0.4868143122059792
C_PIECESQUARETABLES:0.46114470474555835
C_MOBILITY:0.489563466550927
C_KINGSAFETY:0.5145509414816135
C_PAWNSTRUCTURE:0.53723261848778
C_PIECECOORDINATION:0.49075841199078574
C_ROOKANDPAWNMOVEMENT:0.49075841199078574
C_CENTERCONTROL:0.5071333827361398
C_DEVELOPPIECES:0.44360828308718014
C_MATERIAL:0.44014493194020743
