ELO:988
CE_PASSEDPAWNS:0.51291332963543
CE_PAWNWEAKNESSES:0.43768569401007046
CE_PIECEACTIVITY:0.4999379276922544
CE_KINGPAWNSHIELD:0.5537623176395521
CE_PIECECOORDINATION:0.4394516774854557
CE_MATERIAL:0.4981528762779796
CE_KINGSAFETY:0.4828661323734755
C_PIECESQUARETABLES:0.4690483163819556
C_MOBILITY:0.5028632666179986
C_KINGSAFETY:0.5240532025968571
C_PAWNSTRUCTURE:0.5437410056409602
C_PIECECOORDINATION:0.4988832209786491
C_ROOKANDPAWNMOVEMENT:0.4988832209786491
C_CENTERCONTROL:0.5166525386698937
C_DEVELOPPIECES:0.4559612108475707
C_MATERIAL:0.44876090379017686
