ELO:1000
CE_PASSEDPAWNS:0.5072517677501951
CE_PAWNWEAKNESSES:0.4817240413856077
CE_PIECEACTIVITY:0.47615625951604473
CE_KINGPAWNSHIELD:0.5050135825096508
CE_PIECECOORDINATION:0.4803667315902827
CE_MATERIAL:0.5385071475382365
CE_KINGSAFETY:0.5034282527034117
C_PIECESQUARETABLES:0.4964670127589423
C_MOBILITY:0.4847889611708725
C_KINGSAFETY:0.548556429495961
C_PAWNSTRUCTURE:0.47174061431292685
C_PIECECOORDINATION:0.50727386825884
C_ROOKANDPAWNMOVEMENT:0.50727386825884
C_CENTERCONTROL:0.48748011352970594
C_DEVELOPPIECES:0.46242620008736834
C_MATERIAL:0.5099128998569304
