ELO:948
CE_PASSEDPAWNS:0.502216618141491
CE_PAWNWEAKNESSES:0.5556613933669821
CE_PIECEACTIVITY:0.5076510143263333
CE_KINGPAWNSHIELD:0.4999297792664129
CE_PIECECOORDINATION:0.5439733378721792
CE_MATERIAL:0.4765045356931129
CE_KINGSAFETY:0.4939716147021117
C_PIECESQUARETABLES:0.48960280287424707
C_MOBILITY:0.5020950239462049
C_KINGSAFETY:0.4860013839609078
C_PAWNSTRUCTURE:0.5393929611330541
C_PIECECOORDINATION:0.47317439235992287
C_ROOK:0.4832371380707406
CE_ROOK:0.5152284807805753
C_CENTERCONTROL:0.503627123361123
C_DEVELOPPIECES:0.5227514823428893
C_MATERIAL:0.48005601253640184
C_MOVECOUNT:0.44350368633388804
C_PAWNMOVEMENT:0.4555679654750636
