ELO:949
CE_PASSEDPAWNS:0.49587472799072096
CE_PAWNWEAKNESSES:0.4494754537721821
CE_PIECEACTIVITY:0.5231875127679775
CE_KINGPAWNSHIELD:0.5458120159625938
CE_PIECECOORDINATION:0.5652274813101715
CE_MATERIAL:0.5879263088232186
CE_KINGSAFETY:0.471787504794302
C_PIECESQUARETABLES:0.46301642302765217
C_MOBILITY:0.4656508750996598
C_KINGSAFETY:0.467876271515208
C_PAWNSTRUCTURE:0.44411547243585914
C_PIECECOORDINATION:0.5931959361677506
C_ROOKANDPAWNMOVEMENT:0.5931959361677506
C_CENTERCONTROL:0.4476968814270637
C_DEVELOPPIECES:0.48952266979282527
C_MATERIAL:0.5273082483048809
