ELO:634
CE_PASSEDPAWNS:0.4793715061906424
CE_PAWNWEAKNESSES:0.6049325726157805
CE_PIECEACTIVITY:0.4596373080586783
CE_KINGPAWNSHIELD:0.5656688765670241
CE_PIECECOORDINATION:0.5352994381328704
CE_MATERIAL:0.46999030984293894
CE_KINGSAFETY:0.4879641313943027
C_PIECESQUARETABLES:0.4912623232278751
C_MOBILITY:0.5322885208457091
C_KINGSAFETY:0.40456808677999007
C_PAWNSTRUCTURE:0.5295399621260225
C_PIECECOORDINATION:0.6386101609236522
C_ROOKANDPAWNMOVEMENT:0.6386101609236522
C_CENTERCONTROL:0.49818236967482843
C_DEVELOPPIECES:0.5367768695193001
C_MATERIAL:0.44842407266994866
C_MOVECOUNT:0.44194142833001276
