ELO:551
CE_PASSEDPAWNS:0.4858650657824359
CE_PAWNWEAKNESSES:0.5797256062693436
CE_PIECEACTIVITY:0.4196736142227015
CE_KINGPAWNSHIELD:0.5803217643785741
CE_PIECECOORDINATION:0.5263142655100088
CE_MATERIAL:0.4462066394699146
CE_KINGSAFETY:0.4901475148398098
C_PIECESQUARETABLES:0.5034681525362708
C_MOBILITY:0.5086665716609147
C_KINGSAFETY:0.4193311598884503
C_PAWNSTRUCTURE:0.5546387343356033
C_PIECECOORDINATION:0.6651410820632727
C_ROOKANDPAWNMOVEMENT:0.6651410820632727
C_CENTERCONTROL:0.5282913629803887
C_DEVELOPPIECES:0.5210208991603834
C_MATERIAL:0.4352110060621303
C_MOVECOUNT:0.4891614069273698
