ELO:850
CE_PASSEDPAWNS:0.47593596686878636
CE_PAWNWEAKNESSES:0.4948907762222385
CE_PIECEACTIVITY:0.45001818977379987
CE_KINGPAWNSHIELD:0.4989035111517837
CE_PIECECOORDINATION:0.5312137106170629
CE_MATERIAL:0.47524002944252197
CE_KINGSAFETY:0.4821816235028587
C_PIECESQUARETABLES:0.5184918560661217
C_MOBILITY:0.49104939595087915
C_KINGSAFETY:0.5421565688748189
C_PAWNSTRUCTURE:0.5126158283543998
C_PIECECOORDINATION:0.48021102028833673
C_ROOKANDPAWNMOVEMENT:0.48021102028833673
C_CENTERCONTROL:0.4722365118372177
C_DEVELOPPIECES:0.5310184487198469
C_MATERIAL:0.47740789093026476
C_MOVECOUNT:0.553493670083633
