ELO:929
CE_PASSEDPAWNS:0.5052819987659419
CE_PAWNWEAKNESSES:0.5445487678966568
CE_PIECEACTIVITY:0.47674604796629483
CE_KINGPAWNSHIELD:0.4941567623183613
CE_PIECECOORDINATION:0.5425341830856204
CE_MATERIAL:0.47782698762518444
CE_KINGSAFETY:0.5
C_PIECESQUARETABLES:0.5092431571780001
C_MOBILITY:0.49865360017624616
C_KINGSAFETY:0.4819232049898185
C_PAWNSTRUCTURE:0.5261030155779289
C_PIECECOORDINATION:0.4769911061723027
C_ROOK:0.48372202530277314
CE_ROOK:0.5125390741523873
C_CENTERCONTROL:0.48764053893141235
C_DEVELOPPIECES:0.5048660002810158
C_MATERIAL:0.5027311687284571
C_MOVECOUNT:0.4736321646264559
C_PAWNMOVEMENT:0.4441422366665433
