ELO:966
CE_PASSEDPAWNS:0.5311719436605927
CE_PAWNWEAKNESSES:0.4508794727809298
CE_PIECEACTIVITY:0.5125824040628785
CE_KINGPAWNSHIELD:0.5511139172577769
CE_PIECECOORDINATION:0.5574739385150396
CE_MATERIAL:0.6030490106835845
CE_KINGSAFETY:0.4759284923854578
C_PIECESQUARETABLES:0.4912570697953111
C_MOBILITY:0.46223104425038847
C_KINGSAFETY:0.47971546976614354
C_PAWNSTRUCTURE:0.44411547243585914
C_PIECECOORDINATION:0.5773978002216874
C_ROOKANDPAWNMOVEMENT:0.5773978002216874
C_CENTERCONTROL:0.4315226609341991
C_DEVELOPPIECES:0.4987350284589135
C_MATERIAL:0.5177669508249944
