ELO:914
CE_PASSEDPAWNS:0.5034991656173198
CE_PAWNWEAKNESSES:0.48382663730789405
CE_PIECEACTIVITY:0.5358483899005398
CE_KINGPAWNSHIELD:0.4821050955716936
CE_PIECECOORDINATION:0.4967739263685895
CE_MATERIAL:0.47051124430103675
CE_KINGSAFETY:0.49522421773425485
C_PIECESQUARETABLES:0.5076223974290646
C_MOBILITY:0.5206590638606596
C_KINGSAFETY:0.5017717077393605
C_PAWNSTRUCTURE:0.5373346757802119
C_PIECECOORDINATION:0.4927940590195505
C_ROOK:0.4991386207782321
CE_ROOK:0.5042618086208183
C_CENTERCONTROL:0.4638678888285332
C_DEVELOPPIECES:0.47941218430401644
C_MATERIAL:0.4630463264718429
C_MOVECOUNT:0.48645232914433545
C_PAWNMOVEMENT:0.5877049106660442
