ELO:1000
CE_PASSEDPAWNS:0.5126398202533118
CE_PAWNWEAKNESSES:0.4879019375700565
CE_PIECEACTIVITY:0.5013831416071229
CE_KINGPAWNSHIELD:0.49298728446908263
CE_PIECECOORDINATION:0.497957972967177
CE_MATERIAL:0.5
CE_KINGSAFETY:0.5
C_PIECESQUARETABLES:0.5
C_MOBILITY:0.5
C_KINGSAFETY:0.5
C_PAWNSTRUCTURE:0.494274125208048
C_PIECECOORDINATION:0.4919603198108313
C_ROOKANDPAWNMOVEMENT:0.4919603198108313
C_CENTERCONTROL:0.5
C_DEVELOPPIECES:0.5
C_MATERIAL:0.5050010935308801
