ELO:825
CE_PASSEDPAWNS:0.44716443481854384
CE_PAWNWEAKNESSES:0.5108446582475378
CE_PIECEACTIVITY:0.45177256502966034
CE_KINGPAWNSHIELD:0.4884743222517875
CE_PIECECOORDINATION:0.47184736743183703
CE_MATERIAL:0.5524325799048826
CE_KINGSAFETY:0.49079045127848475
C_PIECESQUARETABLES:0.495314628207938
C_MOBILITY:0.5811469636251173
C_KINGSAFETY:0.4545441612171765
C_PAWNSTRUCTURE:0.47811203910170236
C_PIECECOORDINATION:0.53724001596107
C_ROOKANDPAWNMOVEMENT:0.53724001596107
C_CENTERCONTROL:0.4677841418676095
C_DEVELOPPIECES:0.4962889452011512
C_MATERIAL:0.47262025931167884
C_MOVECOUNT:0.5
