ELO:904
CE_PASSEDPAWNS:0.5273772379332546
CE_PAWNWEAKNESSES:0.4761331977729363
CE_PIECEACTIVITY:0.46212429679398603
CE_KINGPAWNSHIELD:0.48257401201033273
CE_PIECECOORDINATION:0.39842842070480183
CE_MATERIAL:0.5755694116162068
CE_KINGSAFETY:0.48402024748616157
C_PIECESQUARETABLES:0.4897128476463739
C_MOBILITY:0.6688438310627739
C_KINGSAFETY:0.46615375767356576
C_PAWNSTRUCTURE:0.4265820712605854
C_PIECECOORDINATION:0.6127307673580055
C_ROOKANDPAWNMOVEMENT:0.6127307673580055
C_CENTERCONTROL:0.4741756382512346
C_DEVELOPPIECES:0.5094735833590677
C_MATERIAL:0.5203604640396255
