ELO:914
CE_PASSEDPAWNS:0.49317299668742975
CE_PAWNWEAKNESSES:0.4827706299204742
CE_PIECEACTIVITY:0.5358483899005398
CE_KINGPAWNSHIELD:0.4821050955716936
CE_PIECECOORDINATION:0.5058127186832666
CE_MATERIAL:0.47706837800271656
CE_KINGSAFETY:0.5
C_PIECESQUARETABLES:0.5076223974290646
C_MOBILITY:0.5206590638606596
C_KINGSAFETY:0.5017717077393605
C_PAWNSTRUCTURE:0.5373346757802119
C_PIECECOORDINATION:0.4927940590195505
C_ROOK:0.5001775061635807
CE_ROOK:0.5088731929812598
C_CENTERCONTROL:0.4638678888285332
C_DEVELOPPIECES:0.47941218430401644
C_MATERIAL:0.4738878217413136
C_MOVECOUNT:0.48645232914433545
C_PAWNMOVEMENT:0.5825434682391887
