ELO:934
CE_PASSEDPAWNS:0.5428696850529919
CE_PAWNWEAKNESSES:0.47472276712693784
CE_PIECEACTIVITY:0.4619936312787783
CE_KINGPAWNSHIELD:0.4799379895902492
CE_PIECECOORDINATION:0.41045235525031476
CE_MATERIAL:0.5588955316217175
CE_KINGSAFETY:0.5018670874985439
C_PIECESQUARETABLES:0.4943892701221607
C_MOBILITY:0.6435490948474163
C_KINGSAFETY:0.42833519634585754
C_PAWNSTRUCTURE:0.4245023309762189
C_PIECECOORDINATION:0.6075660562952723
C_ROOKANDPAWNMOVEMENT:0.6075660562952723
C_CENTERCONTROL:0.5120860670002578
C_DEVELOPPIECES:0.541270638768101
C_MATERIAL:0.5321025462472192
