ELO:1000
CE_PASSEDPAWNS:0.5302368590428391
CE_PAWNWEAKNESSES:0.5274853935503876
CE_PIECEACTIVITY:0.4829648816944172
CE_KINGPAWNSHIELD:0.4709858935213868
CE_PIECECOORDINATION:0.5112985959100288
CE_MATERIAL:0.5314416948924477
CE_KINGSAFETY:0.4519773323454635
C_PIECESQUARETABLES:0.5056989167934639
C_MOBILITY:0.5259021952951716
C_KINGSAFETY:0.5415966453567013
C_PAWNSTRUCTURE:0.5347589472068854
C_PIECECOORDINATION:0.5042334777931867
C_ROOKANDPAWNMOVEMENT:0.5042334777931867
C_CENTERCONTROL:0.4817976414910212
C_DEVELOPPIECES:0.5173264618596715
C_MATERIAL:0.5388441754786923
