ELO:1020
CE_PASSEDPAWNS:0.49431460073492195
CE_PAWNWEAKNESSES:0.5059525159266661
CE_PIECEACTIVITY:0.5076223210835036
CE_KINGPAWNSHIELD:0.49959333238038367
CE_PIECECOORDINATION:0.47811150615804904
CE_MATERIAL:0.5005682646232779
CE_KINGSAFETY:0.5
C_PIECESQUARETABLES:0.5
C_MOBILITY:0.5009763774372408
C_KINGSAFETY:0.47965848252462173
C_PAWNSTRUCTURE:0.5094822088479286
C_PIECECOORDINATION:0.49312548669272555
C_ROOKANDPAWNMOVEMENT:0.49312548669272555
C_CENTERCONTROL:0.5103357732978583
C_DEVELOPPIECES:0.519359195132222
C_MATERIAL:0.48402269654992197
C_MOVECOUNT:0.4866253876723575
