ELO:929
CE_PASSEDPAWNS:0.536590478442642
CE_PAWNWEAKNESSES:0.5016105814642303
CE_PIECEACTIVITY:0.5110274269030669
CE_KINGPAWNSHIELD:0.5509658457087315
CE_PIECECOORDINATION:0.5214793142176362
CE_MATERIAL:0.5019209646928131
CE_KINGSAFETY:0.5141927530518007
C_PIECESQUARETABLES:0.5584976428058067
C_MOBILITY:0.5237211381409556
C_KINGSAFETY:0.5601591897040815
C_PAWNSTRUCTURE:0.41190428469584245
C_PIECECOORDINATION:0.5281123869923042
C_ROOKANDPAWNMOVEMENT:0.5281123869923042
C_CENTERCONTROL:0.48686434234235665
C_DEVELOPPIECES:0.5436504839465921
C_MATERIAL:0.5482020295360029
C_MOVECOUNT:0.5
