ELO:1000
CE_PASSEDPAWNS:0.536643370456207
CE_PAWNWEAKNESSES:0.47759699907495884
CE_PIECEACTIVITY:0.5060113682989101
CE_KINGPAWNSHIELD:0.44141556343928445
CE_PIECECOORDINATION:0.4965007202508183
CE_MATERIAL:0.5237104092625706
CE_KINGSAFETY:0.45276226704149536
C_PIECESQUARETABLES:0.5079330267761727
C_MOBILITY:0.5240453281055161
C_KINGSAFETY:0.4936631205694287
C_PAWNSTRUCTURE:0.5197459008175151
C_PIECECOORDINATION:0.5178420173814823
C_ROOKANDPAWNMOVEMENT:0.5178420173814823
C_CENTERCONTROL:0.515592762947084
C_DEVELOPPIECES:0.5178340433754045
C_MATERIAL:0.5463741306390402
