ELO:917
CE_PASSEDPAWNS:0.5199782484350627
CE_PAWNWEAKNESSES:0.47867549251114533
CE_PIECEACTIVITY:0.5139445951263697
CE_KINGPAWNSHIELD:0.47883764957460223
CE_PIECECOORDINATION:0.3486165666839757
CE_MATERIAL:0.6567484861897885
CE_KINGSAFETY:0.4768942029994479
C_PIECESQUARETABLES:0.5065220903273048
C_MOBILITY:0.44304343453488626
C_KINGSAFETY:0.4463701960422807
C_PAWNSTRUCTURE:0.46529330528469776
C_PIECECOORDINATION:0.5020384053962071
C_ROOKANDPAWNMOVEMENT:0.5020384053962071
C_CENTERCONTROL:0.6328382272414753
C_DEVELOPPIECES:0.52676787570281
C_MATERIAL:0.511511995446436
