ELO:1000
CE_PASSEDPAWNS:0.5721629490013284
CE_PAWNWEAKNESSES:0.5063825532210658
CE_PIECEACTIVITY:0.5120615772208268
CE_KINGPAWNSHIELD:0.5836940631743471
CE_PIECECOORDINATION:0.39620142085275906
CE_MATERIAL:0.5475442978987499
CE_KINGSAFETY:0.5278678613909267
C_PIECESQUARETABLES:0.521652036161813
C_MOBILITY:0.49359135702640855
C_KINGSAFETY:0.4465042067136166
C_PAWNSTRUCTURE:0.4831304462992889
C_PIECECOORDINATION:0.5108131490812754
C_ROOKANDPAWNMOVEMENT:0.5108131490812754
C_CENTERCONTROL:0.6014037348487636
C_DEVELOPPIECES:0.5462179582797019
C_MATERIAL:0.4962903983620981
