ELO:976
CE_PASSEDPAWNS:0.4876024630122165
CE_PAWNWEAKNESSES:0.4933734959982951
CE_PIECEACTIVITY:0.5061638666650006
CE_KINGPAWNSHIELD:0.43194394371010153
CE_PIECECOORDINATION:0.5612265503227527
CE_MATERIAL:0.47343824230506437
CE_KINGSAFETY:0.48597884532155927
C_PIECESQUARETABLES:0.5264273901548779
C_MOBILITY:0.5227024231046322
C_KINGSAFETY:0.5604289733224118
C_PAWNSTRUCTURE:0.5228955768309556
C_PIECECOORDINATION:0.5280435137943076
C_ROOKANDPAWNMOVEMENT:0.5280435137943076
C_CENTERCONTROL:0.49236195809042677
C_DEVELOPPIECES:0.47109995702295
C_MATERIAL:0.512829600338006
