ELO:830
CE_PASSEDPAWNS:0.4873199985646077
CE_PAWNWEAKNESSES:0.4775738027901663
CE_PIECEACTIVITY:0.4975961341006644
CE_KINGPAWNSHIELD:0.5001912837840988
CE_PIECECOORDINATION:0.48564063279836545
CE_MATERIAL:0.48837616301404113
CE_KINGSAFETY:0.5
C_PIECESQUARETABLES:0.48025613503992315
C_MOBILITY:0.4591896228053532
C_KINGSAFETY:0.4758666038417484
C_PAWNSTRUCTURE:0.5577275534360296
C_PIECECOORDINATION:0.44556977995785674
C_ROOKANDPAWNMOVEMENT:0.44556977995785674
C_CENTERCONTROL:0.4280414140023147
C_DEVELOPPIECES:0.4989171667513537
C_MATERIAL:0.42737654527086133
C_MOVECOUNT:0.5087219439762537
