ELO:768
CE_PASSEDPAWNS:0.4448253646503529
CE_PAWNWEAKNESSES:0.5296631472259274
CE_PIECEACTIVITY:0.4765245483837801
CE_KINGPAWNSHIELD:0.454614582743644
CE_PIECECOORDINATION:0.5028290815381794
CE_MATERIAL:0.5387624010305947
CE_KINGSAFETY:0.5208481376381127
C_PIECESQUARETABLES:0.47452247365585093
C_MOBILITY:0.5973779869014275
C_KINGSAFETY:0.3835134835957038
C_PAWNSTRUCTURE:0.47738097111899513
C_PIECECOORDINATION:0.5864886870340507
C_ROOKANDPAWNMOVEMENT:0.5864886870340507
C_CENTERCONTROL:0.48891667852549986
C_DEVELOPPIECES:0.5310195648932086
C_MATERIAL:0.5012802922963386
C_MOVECOUNT:0.5
