ELO:1000
CE_PASSEDPAWNS:0.518478914630346
CE_PAWNWEAKNESSES:0.4773928199149462
CE_PIECEACTIVITY:0.5090611091756764
CE_KINGPAWNSHIELD:0.464185280335402
CE_PIECECOORDINATION:0.4892418360655305
CE_MATERIAL:0.5119535791450117
CE_KINGSAFETY:0.4403491027933044
C_PIECESQUARETABLES:0.4984703436960284
C_MOBILITY:0.5253781376365002
C_KINGSAFETY:0.502907875071116
C_PAWNSTRUCTURE:0.5189863405212892
C_PIECECOORDINATION:0.5168888730626782
C_ROOKANDPAWNMOVEMENT:0.5168888730626782
C_CENTERCONTROL:0.5218852118145083
C_DEVELOPPIECES:0.5360763571437869
C_MATERIAL:0.5330316879468004
