ELO:927
CE_PASSEDPAWNS:0.50525828445151
CE_PAWNWEAKNESSES:0.4746741802561521
CE_PIECEACTIVITY:0.5330926534651821
CE_KINGPAWNSHIELD:0.46633212047214617
CE_PIECECOORDINATION:0.3652205229578886
CE_MATERIAL:0.6417549882395993
CE_KINGSAFETY:0.4886700347078475
C_PIECESQUARETABLES:0.5040247251071809
C_MOBILITY:0.4429007135822168
C_KINGSAFETY:0.44212210045540795
C_PAWNSTRUCTURE:0.44872354563703326
C_PIECECOORDINATION:0.49583263317140613
C_ROOKANDPAWNMOVEMENT:0.49583263317140613
C_CENTERCONTROL:0.6147494820606585
C_DEVELOPPIECES:0.5451070366708135
C_MATERIAL:0.5153814734966699
