ELO:788
CE_PASSEDPAWNS:0.4935431696317262
CE_PAWNWEAKNESSES:0.5557452532538899
CE_PIECEACTIVITY:0.46870681612152687
CE_KINGPAWNSHIELD:0.5707730237824612
CE_PIECECOORDINATION:0.5370667628141524
CE_MATERIAL:0.39418069240089937
CE_KINGSAFETY:0.4994033036544032
C_PIECESQUARETABLES:0.49231776580503345
C_MOBILITY:0.4779486189377016
C_KINGSAFETY:0.4612335117364329
C_PAWNSTRUCTURE:0.42249824600122443
C_PIECECOORDINATION:0.4524737215267371
C_ROOKANDPAWNMOVEMENT:0.4524737215267371
C_CENTERCONTROL:0.47653873845018613
C_DEVELOPPIECES:0.5755662773844565
C_MATERIAL:0.5464588730985794
C_MOVECOUNT:0.49577144228535125
