ELO:948
CE_PASSEDPAWNS:0.4909066882239642
CE_PAWNWEAKNESSES:0.49323631930242356
CE_PIECEACTIVITY:0.48879551659157294
CE_KINGPAWNSHIELD:0.5059748253043274
CE_PIECECOORDINATION:0.5149918520774651
CE_MATERIAL:0.48278712721993206
CE_KINGSAFETY:0.51416770836675
C_PIECESQUARETABLES:0.46841197392283596
C_MOBILITY:0.5083736881492281
C_KINGSAFETY:0.5
C_PAWNSTRUCTURE:0.4770983776307259
C_PIECECOORDINATION:0.4869405894438509
C_ROOKANDPAWNMOVEMENT:0.4869405894438509
C_CENTERCONTROL:0.48844363900176696
C_DEVELOPPIECES:0.5
C_MATERIAL:0.5164954107796017
C_MOVECOUNT:0.5
