ELO:1000
CE_PASSEDPAWNS:0.4932711560084558
CE_PAWNWEAKNESSES:0.5380572289886776
CE_PIECEACTIVITY:0.47874692117416573
CE_KINGPAWNSHIELD:0.45454383372289925
CE_PIECECOORDINATION:0.4939321572478588
CE_MATERIAL:0.548721615451269
CE_KINGSAFETY:0.4882122125449315
C_PIECESQUARETABLES:0.5276746874453889
C_MOBILITY:0.53030384992792
C_KINGSAFETY:0.5515405039495049
C_PAWNSTRUCTURE:0.5044841640246657
C_PIECECOORDINATION:0.4882237630384061
C_ROOKANDPAWNMOVEMENT:0.4882237630384061
C_CENTERCONTROL:0.4507853475522974
C_DEVELOPPIECES:0.5244632876482441
C_MATERIAL:0.5133088723126542
