ELO:818
CE_PASSEDPAWNS:0.45086592059534075
CE_PAWNWEAKNESSES:0.5214939330264651
CE_PIECEACTIVITY:0.49242320150825397
CE_KINGPAWNSHIELD:0.47820682827571404
CE_PIECECOORDINATION:0.5066662840186956
CE_MATERIAL:0.5397836436024472
CE_KINGSAFETY:0.5150990725070586
C_PIECESQUARETABLES:0.500485915710956
C_MOBILITY:0.6077004627346004
C_KINGSAFETY:0.4072665855161218
C_PAWNSTRUCTURE:0.4769179586251202
C_PIECECOORDINATION:0.5384786799863508
C_ROOKANDPAWNMOVEMENT:0.5384786799863508
C_CENTERCONTROL:0.4872209655166718
C_DEVELOPPIECES:0.5176972285591921
C_MATERIAL:0.5129808447867945
C_MOVECOUNT:0.5
