ELO:1000
CE_PASSEDPAWNS:0.5471982847185469
CE_PAWNWEAKNESSES:0.5064825274554151
CE_PIECEACTIVITY:0.4898281419191586
CE_KINGPAWNSHIELD:0.5053477602451066
CE_PIECECOORDINATION:0.5024030811954472
CE_MATERIAL:0.4977148654991877
CE_KINGSAFETY:0.48221293232232054
C_PIECESQUARETABLES:0.5278937851297494
C_MOBILITY:0.4772887126236155
C_KINGSAFETY:0.4842176817729598
C_PAWNSTRUCTURE:0.49143009491822903
C_PIECECOORDINATION:0.5023914289119367
C_ROOKANDPAWNMOVEMENT:0.5023914289119367
C_CENTERCONTROL:0.4968613499957816
C_DEVELOPPIECES:0.5094906097258358
C_MATERIAL:0.48818921999316467
