ELO:982
CE_PASSEDPAWNS:0.5009283487861858
CE_PAWNWEAKNESSES:0.4952196957969328
CE_PIECEACTIVITY:0.4724087949607748
CE_KINGPAWNSHIELD:0.5060236225520011
CE_PIECECOORDINATION:0.4892971381150214
CE_MATERIAL:0.4832064934326828
CE_KINGSAFETY:0.4987179182380936
C_PIECESQUARETABLES:0.4951940764500552
C_MOBILITY:0.487365442019185
C_KINGSAFETY:0.4817768315458467
C_PAWNSTRUCTURE:0.48567686491126444
C_PIECECOORDINATION:0.4877224911825404
C_ROOKANDPAWNMOVEMENT:0.4877224911825404
C_CENTERCONTROL:0.5375828051717857
C_DEVELOPPIECES:0.5040036087896883
C_MATERIAL:0.5056574743650193
