ELO:995
CE_PASSEDPAWNS:0.48765903687558926
CE_PAWNWEAKNESSES:0.49713680224695095
CE_PIECEACTIVITY:0.48901498962296636
CE_KINGPAWNSHIELD:0.49137761557219994
CE_PIECECOORDINATION:0.5094365961132539
CE_MATERIAL:0.5
CE_KINGSAFETY:0.4985340227613584
C_PIECESQUARETABLES:0.5000925627554493
C_MOBILITY:0.5
C_KINGSAFETY:0.5
C_PAWNSTRUCTURE:0.49593264127277026
C_PIECECOORDINATION:0.4887597753808611
C_ROOKANDPAWNMOVEMENT:0.4887597753808611
C_CENTERCONTROL:0.5005223802560629
C_DEVELOPPIECES:0.5
C_MATERIAL:0.5091840597112123
C_MOVECOUNT:0.5
