ELO:898
CE_PASSEDPAWNS:0.5442138993032268
CE_PAWNWEAKNESSES:0.47472276712693784
CE_PIECEACTIVITY:0.4730259275389473
CE_KINGPAWNSHIELD:0.4767109002783172
CE_PIECECOORDINATION:0.42997080709156565
CE_MATERIAL:0.5587481487152163
CE_KINGSAFETY:0.4755581022722708
C_PIECESQUARETABLES:0.4821884180686437
C_MOBILITY:0.6978169482071515
C_KINGSAFETY:0.4481411431019946
C_PAWNSTRUCTURE:0.4185059647178701
C_PIECECOORDINATION:0.6108358697644137
C_ROOKANDPAWNMOVEMENT:0.6108358697644137
C_CENTERCONTROL:0.50449011078634
C_DEVELOPPIECES:0.49253201585605483
C_MATERIAL:0.5173547418167466
