ELO:996
CE_PASSEDPAWNS:0.5
CE_PAWNWEAKNESSES:0.47187052870240737
CE_PIECEACTIVITY:0.5114696867843068
CE_KINGPAWNSHIELD:0.5031990945309004
CE_PIECECOORDINATION:0.48833789941825373
CE_MATERIAL:0.5026917304692867
CE_KINGSAFETY:0.5
C_PIECESQUARETABLES:0.5
C_MOBILITY:0.5328184386073921
C_KINGSAFETY:0.48753055249926613
C_PAWNSTRUCTURE:0.5103092413305446
C_PIECECOORDINATION:0.506144355433841
C_ROOKANDPAWNMOVEMENT:0.506144355433841
C_CENTERCONTROL:0.4919730216523486
C_DEVELOPPIECES:0.50477193836485
C_MATERIAL:0.48795013660828
C_MOVECOUNT:0.5053397693849176
