ELO:1000
CE_PASSEDPAWNS:0.5206290749720855
CE_PAWNWEAKNESSES:0.5429760322431799
CE_PIECEACTIVITY:0.472669327143592
CE_KINGPAWNSHIELD:0.4680001492526831
CE_PIECECOORDINATION:0.49710685415627387
CE_MATERIAL:0.53817484527879
CE_KINGSAFETY:0.4224582599676827
C_PIECESQUARETABLES:0.5131371627607999
C_MOBILITY:0.5412410045744688
C_KINGSAFETY:0.5388931885334228
C_PAWNSTRUCTURE:0.5317876162266684
C_PIECECOORDINATION:0.5042334777931867
C_ROOKANDPAWNMOVEMENT:0.5042334777931867
C_CENTERCONTROL:0.45534889643795334
C_DEVELOPPIECES:0.5406807039617251
C_MATERIAL:0.5473101265235575
