ELO:850
CE_PASSEDPAWNS:0.42882123728710714
CE_PAWNWEAKNESSES:0.5324792391252469
CE_PIECEACTIVITY:0.49643393803976554
CE_KINGPAWNSHIELD:0.5335050728417727
CE_PIECECOORDINATION:0.47452666817956496
CE_MATERIAL:0.4975415084823823
CE_KINGSAFETY:0.5079356410569702
C_PIECESQUARETABLES:0.5426495808634425
C_MOBILITY:0.4342561620803801
C_KINGSAFETY:0.5358364050939859
C_PAWNSTRUCTURE:0.4450866201431887
C_PIECECOORDINATION:0.5678607430122923
C_ROOKANDPAWNMOVEMENT:0.5678607430122923
C_CENTERCONTROL:0.48875769147126236
C_DEVELOPPIECES:0.504087529650112
C_MATERIAL:0.48583346315111947
C_MOVECOUNT:0.5642815603584551
