ELO:933
CE_PASSEDPAWNS:0.5428696850529919
CE_PAWNWEAKNESSES:0.47472276712693784
CE_PIECEACTIVITY:0.4619936312787783
CE_KINGPAWNSHIELD:0.4787054010568325
CE_PIECECOORDINATION:0.41370234406740114
CE_MATERIAL:0.5589872442663035
CE_KINGSAFETY:0.4984049773389608
C_PIECESQUARETABLES:0.4875218746791895
C_MOBILITY:0.6587566852889181
C_KINGSAFETY:0.439254475716093
C_PAWNSTRUCTURE:0.4230527976138793
C_PIECECOORDINATION:0.6105788500327486
C_ROOKANDPAWNMOVEMENT:0.6105788500327486
C_CENTERCONTROL:0.5020021040952926
C_DEVELOPPIECES:0.5312670852784321
C_MATERIAL:0.5283351789123387
