ELO:867
CE_PASSEDPAWNS:0.41770674790947104
CE_PAWNWEAKNESSES:0.5259795697377171
CE_PIECEACTIVITY:0.47294424557249465
CE_KINGPAWNSHIELD:0.5467236949430561
CE_PIECECOORDINATION:0.47128811235190765
CE_MATERIAL:0.4926358524293504
CE_KINGSAFETY:0.503433505107655
C_PIECESQUARETABLES:0.5055552248435199
C_MOBILITY:0.44845837201455435
C_KINGSAFETY:0.5142900950931338
C_PAWNSTRUCTURE:0.455176814354179
C_PIECECOORDINATION:0.563385307685634
C_ROOKANDPAWNMOVEMENT:0.563385307685634
C_CENTERCONTROL:0.4691823274135395
C_DEVELOPPIECES:0.5285253958587547
C_MATERIAL:0.4753782036814237
C_MOVECOUNT:0.5589291857376576
