ELO:1019
CE_PASSEDPAWNS:0.5358841866129849
CE_PAWNWEAKNESSES:0.5101687513418249
CE_PIECEACTIVITY:0.4901255804542996
CE_KINGPAWNSHIELD:0.4888774821619666
CE_PIECECOORDINATION:0.5505261515832398
CE_MATERIAL:0.41840940203625315
CE_KINGSAFETY:0.5124604489137565
C_PIECESQUARETABLES:0.5384026822878192
C_MOBILITY:0.5445590994465752
C_KINGSAFETY:0.4759171535899082
C_PAWNSTRUCTURE:0.5399858069601278
C_PIECECOORDINATION:0.570280862874615
C_ROOKANDPAWNMOVEMENT:0.570280862874615
C_CENTERCONTROL:0.493930236444862
C_DEVELOPPIECES:0.5274099586942904
C_MATERIAL:0.4736267139196181
