ELO:846
CE_PASSEDPAWNS:0.43627585341163133
CE_PAWNWEAKNESSES:0.49848554939980255
CE_PIECEACTIVITY:0.4651417177991079
CE_KINGPAWNSHIELD:0.49334633576787607
CE_PIECECOORDINATION:0.4758833400483316
CE_MATERIAL:0.5275851126794154
CE_KINGSAFETY:0.5102019279438389
C_PIECESQUARETABLES:0.5247209578863374
C_MOBILITY:0.5731604285569011
C_KINGSAFETY:0.4613046874023725
C_PAWNSTRUCTURE:0.4794705951727673
C_PIECECOORDINATION:0.5207526702875228
C_ROOKANDPAWNMOVEMENT:0.5207526702875228
C_CENTERCONTROL:0.48690003232891166
C_DEVELOPPIECES:0.4992341065765641
C_MATERIAL:0.49962861510421086
C_MOVECOUNT:0.5
