ELO:942
CE_PASSEDPAWNS:0.4687951192805374
CE_PAWNWEAKNESSES:0.5144849498479133
CE_PIECEACTIVITY:0.5044419801319674
CE_KINGPAWNSHIELD:0.49832443221578665
CE_PIECECOORDINATION:0.4668074579464635
CE_MATERIAL:0.46086223422641703
CE_KINGSAFETY:0.5
C_PIECESQUARETABLES:0.5
C_MOBILITY:0.5383778901957766
C_KINGSAFETY:0.5051042748977143
C_PAWNSTRUCTURE:0.4799407372078983
C_PIECECOORDINATION:0.5
C_ROOKANDPAWNMOVEMENT:0.5
C_CENTERCONTROL:0.49190090260039115
C_DEVELOPPIECES:0.496738599198061
C_MATERIAL:0.5088922065323263
C_MOVECOUNT:0.5
