ELO:986
CE_PASSEDPAWNS:0.49598506127462577
CE_PAWNWEAKNESSES:0.51023171604493
CE_PIECEACTIVITY:0.5121556849500514
CE_KINGPAWNSHIELD:0.5091423567219805
CE_PIECECOORDINATION:0.4746616209125868
CE_MATERIAL:0.4923331938552464
CE_KINGSAFETY:0.49780461567873296
C_PIECESQUARETABLES:0.5108613946466972
C_MOBILITY:0.49930621652202994
C_KINGSAFETY:0.5077981728695808
C_PAWNSTRUCTURE:0.500579122964579
C_PIECECOORDINATION:0.5044091835900654
C_ROOK:0.5
CE_ROOK:0.5
C_CENTERCONTROL:0.48690334426468274
C_DEVELOPPIECES:0.4830644022319505
C_MATERIAL:0.465850143756645
C_MOVECOUNT:0.48903680601254523
C_PAWNMOVEMENT:0.5
