ELO:988
CE_PASSEDPAWNS:0.5164148743992883
CE_PAWNWEAKNESSES:0.5171093322662089
CE_PIECEACTIVITY:0.5289114567294626
CE_KINGPAWNSHIELD:0.49233214679023385
CE_PIECECOORDINATION:0.4915617711487215
CE_MATERIAL:0.4966029517740056
CE_KINGSAFETY:0.5089683423510102
C_PIECESQUARETABLES:0.48983664121177994
C_MOBILITY:0.5014022202490618
C_KINGSAFETY:0.491973223171916
C_PAWNSTRUCTURE:0.5201197176122956
C_PIECECOORDINATION:0.4936725443745249
C_ROOKANDPAWNMOVEMENT:0.4936725443745249
C_CENTERCONTROL:0.5103357732978583
C_DEVELOPPIECES:0.5176247298013377
C_MATERIAL:0.5104180930953575
C_MOVECOUNT:0.5121501835574274
