ELO:964
CE_PASSEDPAWNS:0.5234950343631017
CE_PAWNWEAKNESSES:0.5163884492515101
CE_PIECEACTIVITY:0.5007212655003046
CE_KINGPAWNSHIELD:0.4896867534166997
CE_PIECECOORDINATION:0.5203606616340475
CE_MATERIAL:0.5014002220946343
CE_KINGSAFETY:0.4877567657955326
C_PIECESQUARETABLES:0.48344124077760753
C_MOBILITY:0.49138882649971466
C_KINGSAFETY:0.522259089901373
C_PAWNSTRUCTURE:0.500966685784819
C_PIECECOORDINATION:0.5163647230410091
C_ROOKANDPAWNMOVEMENT:0.5163647230410091
C_CENTERCONTROL:0.5034162578901734
C_DEVELOPPIECES:0.5061838459730461
C_MATERIAL:0.5072398177356967
C_MOVECOUNT:0.5029461893764984
