ELO:898
CE_PASSEDPAWNS:0.5346294888161269
CE_PAWNWEAKNESSES:0.4893636216992347
CE_PIECEACTIVITY:0.46180305017131246
CE_KINGPAWNSHIELD:0.496912450046151
CE_PIECECOORDINATION:0.40038881640332163
CE_MATERIAL:0.5833141780668992
CE_KINGSAFETY:0.48839059299067966
C_PIECESQUARETABLES:0.4908952204156372
C_MOBILITY:0.6658313446070354
C_KINGSAFETY:0.4719150428647851
C_PAWNSTRUCTURE:0.4386137434329628
C_PIECECOORDINATION:0.6144953142277102
C_ROOKANDPAWNMOVEMENT:0.6144953142277102
C_CENTERCONTROL:0.47489847697605975
C_DEVELOPPIECES:0.5213827362036186
C_MATERIAL:0.5208141813439517
