ELO:995
CE_PASSEDPAWNS:0.5195495228323003
CE_PAWNWEAKNESSES:0.5098349986319857
CE_PIECEACTIVITY:0.5048902319875307
CE_KINGPAWNSHIELD:0.5825219564848926
CE_PIECECOORDINATION:0.4076419213344234
CE_MATERIAL:0.5685248692465954
CE_KINGSAFETY:0.5283210981528454
C_PIECESQUARETABLES:0.481966786241256
C_MOBILITY:0.46002085382572655
C_KINGSAFETY:0.40137398855962936
C_PAWNSTRUCTURE:0.4551319604682491
C_PIECECOORDINATION:0.4761275109786549
C_ROOKANDPAWNMOVEMENT:0.4761275109786549
C_CENTERCONTROL:0.6203848494548175
C_DEVELOPPIECES:0.5348592174580014
C_MATERIAL:0.5014103335806175
