ELO:1009
CE_PASSEDPAWNS:0.5118807638046152
CE_PAWNWEAKNESSES:0.5014217600749834
CE_PIECEACTIVITY:0.49776668747032143
CE_KINGPAWNSHIELD:0.47400129228946675
CE_PIECECOORDINATION:0.5105324250561856
CE_MATERIAL:0.48710053307481527
CE_KINGSAFETY:0.49122239047828153
C_PIECESQUARETABLES:0.5
C_MOBILITY:0.5142385771490692
C_KINGSAFETY:0.5178064158755457
C_PAWNSTRUCTURE:0.517349959958457
C_PIECECOORDINATION:0.5202016377875539
C_ROOK:0.5043638128619459
CE_ROOK:0.49875457226792164
C_CENTERCONTROL:0.502515447239754
C_DEVELOPPIECES:0.49810285261916937
C_MATERIAL:0.5004594754187831
C_MOVECOUNT:0.5208419732465971
C_PAWNMOVEMENT:0.5083519622723722
