ELO:999
CE_PASSEDPAWNS:0.4772558349680632
CE_PAWNWEAKNESSES:0.5585156947054996
CE_PIECEACTIVITY:0.4856874108890247
CE_KINGPAWNSHIELD:0.4684093730821093
CE_PIECECOORDINATION:0.5427956763354551
CE_MATERIAL:0.48998237656313703
CE_KINGSAFETY:0.533391340626802
C_PIECESQUARETABLES:0.49637176117134213
C_MOBILITY:0.529017145854313
C_KINGSAFETY:0.5303383772923586
C_PAWNSTRUCTURE:0.40814550735329924
C_PIECECOORDINATION:0.5222801717845803
C_ROOKANDPAWNMOVEMENT:0.5222801717845803
C_CENTERCONTROL:0.5237047443807645
C_DEVELOPPIECES:0.5369205883993222
C_MATERIAL:0.48029018181946836
