ELO:1017
CE_PASSEDPAWNS:0.49431460073492195
CE_PAWNWEAKNESSES:0.513454063791021
CE_PIECEACTIVITY:0.5
CE_KINGPAWNSHIELD:0.52058562773721
CE_PIECECOORDINATION:0.5
CE_MATERIAL:0.48631203931989647
CE_KINGSAFETY:0.5
C_PIECESQUARETABLES:0.5
C_MOBILITY:0.5004063146844976
C_KINGSAFETY:0.5011969068567659
C_PAWNSTRUCTURE:0.5139027283282201
C_PIECECOORDINATION:0.5
C_ROOKANDPAWNMOVEMENT:0.5
C_CENTERCONTROL:0.5
C_DEVELOPPIECES:0.5018809598080259
C_MATERIAL:0.4959106287410889
C_MOVECOUNT:0.48326295454470547
