ELO:1000
CE_PASSEDPAWNS:0.5206290749720855
CE_PAWNWEAKNESSES:0.5618953814830733
CE_PIECEACTIVITY:0.472669327143592
CE_KINGPAWNSHIELD:0.4803051359537671
CE_PIECECOORDINATION:0.5140271738328376
CE_MATERIAL:0.53817484527879
CE_KINGSAFETY:0.4224582599676827
C_PIECESQUARETABLES:0.500980338935183
C_MOBILITY:0.5370940418710894
C_KINGSAFETY:0.5369507529587355
C_PAWNSTRUCTURE:0.5297883609446352
C_PIECECOORDINATION:0.4991098250133386
C_ROOKANDPAWNMOVEMENT:0.4991098250133386
C_CENTERCONTROL:0.4485628061272534
C_DEVELOPPIECES:0.5323294798562218
C_MATERIAL:0.5454917079908738
