ELO:999
CE_PASSEDPAWNS:0.5126796668951034
CE_PAWNWEAKNESSES:0.48949005493791825
CE_PIECEACTIVITY:0.49795173283366356
CE_KINGPAWNSHIELD:0.47613414924275516
CE_PIECECOORDINATION:0.5260879516046577
CE_MATERIAL:0.4952332694911835
CE_KINGSAFETY:0.49122239047828153
C_PIECESQUARETABLES:0.5
C_MOBILITY:0.5142385771490692
C_KINGSAFETY:0.5200286982340773
C_PAWNSTRUCTURE:0.5235185579100599
C_PIECECOORDINATION:0.5235156858243171
C_ROOK:0.5008800378907091
CE_ROOK:0.5087234764716523
C_CENTERCONTROL:0.502515447239754
C_DEVELOPPIECES:0.49810285261916937
C_MATERIAL:0.48935174184273544
C_MOVECOUNT:0.5236394394080258
C_PAWNMOVEMENT:0.5196032493045913
