ELO:987
CE_PASSEDPAWNS:0.5050729290883084
CE_PAWNWEAKNESSES:0.5080018042389282
CE_PIECEACTIVITY:0.5
CE_KINGPAWNSHIELD:0.485133530559863
CE_PIECECOORDINATION:0.5105324250561856
CE_MATERIAL:0.49523846143440475
CE_KINGSAFETY:0.5118213381282853
C_PIECESQUARETABLES:0.5087616741603491
C_MOBILITY:0.5
C_KINGSAFETY:0.5097583766551734
C_PAWNSTRUCTURE:0.5
C_PIECECOORDINATION:0.5041321662863713
C_ROOK:0.5043638128619459
CE_ROOK:0.49875457226792164
C_CENTERCONTROL:0.5
C_DEVELOPPIECES:0.49515766180684795
C_MATERIAL:0.5096893500467033
C_MOVECOUNT:0.5183313618315027
C_PAWNMOVEMENT:0.5080702937735224
