ELO:908
CE_PASSEDPAWNS:0.4946554496425884
CE_PAWNWEAKNESSES:0.5182480562196012
CE_PIECEACTIVITY:0.5083639786990842
CE_KINGPAWNSHIELD:0.4721892802612205
CE_PIECECOORDINATION:0.5007283375507035
CE_MATERIAL:0.48647180887975444
CE_KINGSAFETY:0.4610304085365822
C_PIECESQUARETABLES:0.4901549565757084
C_MOBILITY:0.49237318734775154
C_KINGSAFETY:0.4455151764147372
C_PAWNSTRUCTURE:0.5040003586571553
C_PIECECOORDINATION:0.5131703538506844
C_ROOKANDPAWNMOVEMENT:0.5131703538506844
C_CENTERCONTROL:0.5082849208194521
C_DEVELOPPIECES:0.4271901817865235
C_MATERIAL:0.46103613518934045
C_MOVECOUNT:0.5
