ELO:926
CE_PASSEDPAWNS:0.49519465864721113
CE_PAWNWEAKNESSES:0.48260703404027394
CE_PIECEACTIVITY:0.5369174361829298
CE_KINGPAWNSHIELD:0.4621171128143622
CE_PIECECOORDINATION:0.3723756020095135
CE_MATERIAL:0.6639426704684634
CE_KINGSAFETY:0.47046913102387683
C_PIECESQUARETABLES:0.4898193612767133
C_MOBILITY:0.43336794440188414
C_KINGSAFETY:0.42971554091695857
C_PAWNSTRUCTURE:0.47218437672600205
C_PIECECOORDINATION:0.5254796136949884
C_ROOKANDPAWNMOVEMENT:0.5254796136949884
C_CENTERCONTROL:0.6575083023399703
C_DEVELOPPIECES:0.5947638912594618
C_MATERIAL:0.5079748252868002
