ELO:969
CE_PASSEDPAWNS:0.5234585636214
CE_PAWNWEAKNESSES:0.5058387675120865
CE_PIECEACTIVITY:0.4515287412233561
CE_KINGPAWNSHIELD:0.4671102889848265
CE_PIECECOORDINATION:0.4308124901284011
CE_MATERIAL:0.5659271464746296
CE_KINGSAFETY:0.5084870407041506
C_PIECESQUARETABLES:0.5134051980533307
C_MOBILITY:0.6341775306368067
C_KINGSAFETY:0.433754149535515
C_PAWNSTRUCTURE:0.43378515495126285
C_PIECECOORDINATION:0.5997253114312215
C_ROOKANDPAWNMOVEMENT:0.5997253114312215
C_CENTERCONTROL:0.48407249170598443
C_DEVELOPPIECES:0.5070023887499161
C_MATERIAL:0.49830504361353867
