ELO:995
CE_PASSEDPAWNS:0.5098834906940458
CE_PAWNWEAKNESSES:0.5076970113859282
CE_PIECEACTIVITY:0.5089111854577785
CE_KINGPAWNSHIELD:0.49115393344137687
CE_PIECECOORDINATION:0.5108605662500373
CE_MATERIAL:0.503210170131935
CE_KINGSAFETY:0.49910771902657175
C_PIECESQUARETABLES:0.5039512132916295
C_MOBILITY:0.47858064834852737
C_KINGSAFETY:0.50445600602634
C_PAWNSTRUCTURE:0.4848240605995555
C_PIECECOORDINATION:0.4993080011162548
C_ROOKANDPAWNMOVEMENT:0.4993080011162548
C_CENTERCONTROL:0.4905957829383906
C_DEVELOPPIECES:0.5
C_MATERIAL:0.4911589126306264
C_MOVECOUNT:0.5
