ELO:1023
CE_PASSEDPAWNS:0.5007373898084715
CE_PAWNWEAKNESSES:0.5039983563645511
CE_PIECEACTIVITY:0.5160617649307307
CE_KINGPAWNSHIELD:0.5
CE_PIECECOORDINATION:0.5
CE_MATERIAL:0.5
CE_KINGSAFETY:0.5
C_PIECESQUARETABLES:0.5
C_MOBILITY:0.498630434312592
C_KINGSAFETY:0.4969029073648663
C_PAWNSTRUCTURE:0.4884448929891958
C_PIECECOORDINATION:0.49923174483358074
C_ROOKANDPAWNMOVEMENT:0.49923174483358074
C_CENTERCONTROL:0.5
C_DEVELOPPIECES:0.4889521522540667
C_MATERIAL:0.5140351660890985
C_MOVECOUNT:0.5043620796680527
