ELO:997
CE_PASSEDPAWNS:0.5088367525044115
CE_PAWNWEAKNESSES:0.44542974891888637
CE_PIECEACTIVITY:0.5274584936509001
CE_KINGPAWNSHIELD:0.4040597990172042
CE_PIECECOORDINATION:0.44273604222750196
CE_MATERIAL:0.4189870611658924
CE_KINGSAFETY:0.4916285554177308
C_PIECESQUARETABLES:0.48806617161185156
C_MOBILITY:0.49721034588350044
C_KINGSAFETY:0.5742475742575268
C_PAWNSTRUCTURE:0.3974960377332616
C_PIECECOORDINATION:0.5562674503149065
C_ROOKANDPAWNMOVEMENT:0.5562674503149065
C_CENTERCONTROL:0.35488331713916
C_DEVELOPPIECES:0.5157200029418945
C_MATERIAL:0.679281754922533
