ELO:1030
CE_PASSEDPAWNS:0.4420174570003926
CE_PAWNWEAKNESSES:0.47279872287809627
CE_PIECEACTIVITY:0.5446899856078751
CE_KINGPAWNSHIELD:0.5002203396989134
CE_PIECECOORDINATION:0.5244926473096423
CE_MATERIAL:0.5460730187093078
CE_KINGSAFETY:0.5
C_PIECESQUARETABLES:0.5
C_MOBILITY:0.48706636251068786
C_KINGSAFETY:0.4287534281903031
C_PAWNSTRUCTURE:0.5268921990292897
C_PIECECOORDINATION:0.4853533535040618
C_ROOKANDPAWNMOVEMENT:0.4853533535040618
C_CENTERCONTROL:0.5223404285056508
C_DEVELOPPIECES:0.43077745955565666
C_MATERIAL:0.619817240506904
