ELO:969
CE_PASSEDPAWNS:0.5356519231828482
CE_PAWNWEAKNESSES:0.468236247151788
CE_PIECEACTIVITY:0.4802332773547294
CE_KINGPAWNSHIELD:0.4692030081477032
CE_PIECECOORDINATION:0.4588043188103085
CE_MATERIAL:0.4838438850484152
CE_KINGSAFETY:0.5
C_PIECESQUARETABLES:0.5013562550585792
C_MOBILITY:0.49809527618650323
C_KINGSAFETY:0.5316137494079872
C_PAWNSTRUCTURE:0.5617445288230484
C_PIECECOORDINATION:0.5403530436011309
C_ROOK:0.4891401309093542
CE_ROOK:0.4688826666276183
C_CENTERCONTROL:0.4966853808054438
C_DEVELOPPIECES:0.5135854666727734
C_MATERIAL:0.5120735013131952
C_MOVECOUNT:0.4815710890002079
C_PAWNMOVEMENT:0.5046638550152324
