ELO:960
CE_PASSEDPAWNS:0.5231770440007963
CE_PAWNWEAKNESSES:0.4735691418571427
CE_PIECEACTIVITY:0.45385369140292847
CE_KINGPAWNSHIELD:0.49481339179427575
CE_PIECECOORDINATION:0.5101977157863997
CE_MATERIAL:0.4866595897103244
CE_KINGSAFETY:0.5
C_PIECESQUARETABLES:0.5
C_MOBILITY:0.46984450886973544
C_KINGSAFETY:0.5497061745547859
C_PAWNSTRUCTURE:0.5093122671439013
C_PIECECOORDINATION:0.4752642104033801
C_ROOKANDPAWNMOVEMENT:0.4752642104033801
C_CENTERCONTROL:0.42833399457374915
C_DEVELOPPIECES:0.4976746320734282
C_MATERIAL:0.47000530886640185
C_MOVECOUNT:0.5
