ELO:919
CE_PASSEDPAWNS:0.4856579850610107
CE_PAWNWEAKNESSES:0.4781306704948432
CE_PIECEACTIVITY:0.5073738551104968
CE_KINGPAWNSHIELD:0.5342941244210528
CE_PIECECOORDINATION:0.5441071031666872
CE_MATERIAL:0.49792304808846455
CE_KINGSAFETY:0.5
C_PIECESQUARETABLES:0.5
C_MOBILITY:0.5223640021412559
C_KINGSAFETY:0.48092689300859454
C_PAWNSTRUCTURE:0.5354344958018262
C_PIECECOORDINATION:0.47574670891749654
C_ROOK:0.5242463160103444
CE_ROOK:0.492862413521507
C_CENTERCONTROL:0.4997273462468906
C_DEVELOPPIECES:0.49914637362190145
C_MATERIAL:0.47765317845247524
C_MOVECOUNT:0.4897187187027116
C_PAWNMOVEMENT:0.518416386477706
