ELO:900
CE_PASSEDPAWNS:0.5129004117648972
CE_PAWNWEAKNESSES:0.4591079765523548
CE_PIECEACTIVITY:0.4879208654993983
CE_KINGPAWNSHIELD:0.4618773328348936
CE_PIECECOORDINATION:0.4659472344589398
CE_MATERIAL:0.4938409641166888
CE_KINGSAFETY:0.5726051306157635
C_PIECESQUARETABLES:0.5305525125247544
C_MOBILITY:0.4271630713642823
C_KINGSAFETY:0.5159141566142857
C_PAWNSTRUCTURE:0.5388981814989067
C_PIECECOORDINATION:0.4613904515647126
C_ROOKANDPAWNMOVEMENT:0.4613904515647126
C_CENTERCONTROL:0.5137565653098676
C_DEVELOPPIECES:0.5158161693323469
C_MATERIAL:0.49679706600099116
C_MOVECOUNT:0.5
