ELO:1000
CE_PASSEDPAWNS:0.5
CE_PAWNWEAKNESSES:0.49276528697023736
CE_PIECEACTIVITY:0.5
CE_KINGPAWNSHIELD:0.5
CE_PIECECOORDINATION:0.48232503667274995
CE_MATERIAL:0.4909706662281216
CE_KINGSAFETY:0.5
C_PIECESQUARETABLES:0.5117098215558851
C_MOBILITY:0.5
C_KINGSAFETY:0.5
C_PAWNSTRUCTURE:0.5
C_PIECECOORDINATION:0.5079739406209325
C_ROOK:0.5
CE_ROOK:0.49373121161367456
C_CENTERCONTROL:0.5
C_DEVELOPPIECES:0.4893628993925735
C_MATERIAL:0.5143606944849543
C_MOVECOUNT:0.5
C_PAWNMOVEMENT:0.4983653163177714
