ELO:1043
CE_PASSEDPAWNS:0.5111205199287276
CE_PAWNWEAKNESSES:0.4411132576103295
CE_PIECEACTIVITY:0.500570440588215
CE_KINGPAWNSHIELD:0.45129349255670376
CE_PIECECOORDINATION:0.5095072935218928
CE_MATERIAL:0.5036292411554422
CE_KINGSAFETY:0.5
C_PIECESQUARETABLES:0.5
C_MOBILITY:0.5
C_KINGSAFETY:0.5641394126616658
C_PAWNSTRUCTURE:0.48919823805117074
C_PIECECOORDINATION:0.4246886015949632
C_ROOKANDPAWNMOVEMENT:0.4246886015949632
C_CENTERCONTROL:0.41688153893991153
C_DEVELOPPIECES:0.46589676979905364
C_MATERIAL:0.45880582442211904
C_MOVECOUNT:0.5
