ELO:1052
CE_PASSEDPAWNS:0.5207781198568497
CE_PAWNWEAKNESSES:0.5450153942708813
CE_PIECEACTIVITY:0.61135351880436
CE_KINGPAWNSHIELD:0.5248969442999537
CE_PIECECOORDINATION:0.5192958251478754
CE_MATERIAL:0.4866595897103244
CE_KINGSAFETY:0.5
C_PIECESQUARETABLES:0.48665362932866896
C_MOBILITY:0.5116623085970322
C_KINGSAFETY:0.5645170203509092
C_PAWNSTRUCTURE:0.49821317396912257
C_PIECECOORDINATION:0.4918440919668022
C_ROOKANDPAWNMOVEMENT:0.4918440919668022
C_CENTERCONTROL:0.49854421344443844
C_DEVELOPPIECES:0.47647917712678567
C_MATERIAL:0.4288870887686325
C_MOVECOUNT:0.5
