ELO:1053
CE_PASSEDPAWNS:0.4948427292618502
CE_PAWNWEAKNESSES:0.45970070309526584
CE_PIECEACTIVITY:0.5099979087104214
CE_KINGPAWNSHIELD:0.45129349255670376
CE_PIECECOORDINATION:0.5282234385141286
CE_MATERIAL:0.5016942396269547
CE_KINGSAFETY:0.5
C_PIECESQUARETABLES:0.5
C_MOBILITY:0.5090428569928326
C_KINGSAFETY:0.5539471764017733
C_PAWNSTRUCTURE:0.5093122671439013
C_PIECECOORDINATION:0.4383496978922531
C_ROOKANDPAWNMOVEMENT:0.4383496978922531
C_CENTERCONTROL:0.4168979065152894
C_DEVELOPPIECES:0.4561110614391536
C_MATERIAL:0.48266945098455977
C_MOVECOUNT:0.5
