ELO:1006
CE_PASSEDPAWNS:0.5090080353321961
CE_PAWNWEAKNESSES:0.49364019102124257
CE_PIECEACTIVITY:0.4578510036333676
CE_KINGPAWNSHIELD:0.509720439033926
CE_PIECECOORDINATION:0.5064148456189895
CE_MATERIAL:0.49464478177997334
CE_KINGSAFETY:0.5425670958197395
C_PIECESQUARETABLES:0.5110515283031756
C_MOBILITY:0.5091683661874958
C_KINGSAFETY:0.48404629419374173
C_PAWNSTRUCTURE:0.4957537450899923
C_PIECECOORDINATION:0.5
C_ROOKANDPAWNMOVEMENT:0.5
C_CENTERCONTROL:0.5023432112420843
C_DEVELOPPIECES:0.4947888966397184
C_MATERIAL:0.5068698115320655
C_MOVECOUNT:0.5
