ELO:980
CE_PASSEDPAWNS:0.5265050284138625
CE_PAWNWEAKNESSES:0.4565510696416432
CE_PIECEACTIVITY:0.47930811268258816
CE_KINGPAWNSHIELD:0.44233351746850835
CE_PIECECOORDINATION:0.5141024848542131
CE_MATERIAL:0.5017858053125347
CE_KINGSAFETY:0.5
C_PIECESQUARETABLES:0.5
C_MOBILITY:0.4808889521956203
C_KINGSAFETY:0.5678743419962452
C_PAWNSTRUCTURE:0.5093122671439013
C_PIECECOORDINATION:0.5092211678005004
C_ROOKANDPAWNMOVEMENT:0.5092211678005004
C_CENTERCONTROL:0.43744573359951083
C_DEVELOPPIECES:0.467851394839735
C_MATERIAL:0.49789447213421595
C_MOVECOUNT:0.5
