ELO:997
CE_PASSEDPAWNS:0.50138330268671
CE_PAWNWEAKNESSES:0.4449176979510626
CE_PIECEACTIVITY:0.5115517959390631
CE_KINGPAWNSHIELD:0.4040597990172042
CE_PIECECOORDINATION:0.44538019471221774
CE_MATERIAL:0.5494374673169167
CE_KINGSAFETY:0.5
C_PIECESQUARETABLES:0.4895068029411608
C_MOBILITY:0.6106431556756368
C_KINGSAFETY:0.5742475742575268
C_PAWNSTRUCTURE:0.46054427260367564
C_PIECECOORDINATION:0.6139593890922694
C_ROOKANDPAWNMOVEMENT:0.6139593890922694
C_CENTERCONTROL:0.42894235410171383
C_DEVELOPPIECES:0.5030842455588501
C_MATERIAL:0.5898880492169927
