ELO:1017
CE_PASSEDPAWNS:0.5044261743665919
CE_PAWNWEAKNESSES:0.48501549785183723
CE_PIECEACTIVITY:0.5077312330497874
CE_KINGPAWNSHIELD:0.503313268196719
CE_PIECECOORDINATION:0.48870129655709765
CE_MATERIAL:0.5031057475759783
CE_KINGSAFETY:0.5
C_PIECESQUARETABLES:0.4919995617713679
C_MOBILITY:0.49510407645803683
C_KINGSAFETY:0.4862871177185061
C_PAWNSTRUCTURE:0.5076679485543145
C_PIECECOORDINATION:0.5431709459123982
C_ROOKANDPAWNMOVEMENT:0.5431709459123982
C_CENTERCONTROL:0.5
C_DEVELOPPIECES:0.4724452103704066
C_MATERIAL:0.5572043265684483
C_MOVECOUNT:0.5
