ELO:988
CE_PASSEDPAWNS:0.5604598819489687
CE_PAWNWEAKNESSES:0.566094002198007
CE_PIECEACTIVITY:0.5159527416010914
CE_KINGPAWNSHIELD:0.514744128967913
CE_PIECECOORDINATION:0.5074329641694972
CE_MATERIAL:0.5209798882350298
CE_KINGSAFETY:0.4760770629311305
C_PIECESQUARETABLES:0.48744021611965993
C_MOBILITY:0.4559043364259783
C_KINGSAFETY:0.43679695795496815
C_PAWNSTRUCTURE:0.4835995934884719
C_PIECECOORDINATION:0.5561862439720066
C_ROOKANDPAWNMOVEMENT:0.5561862439720066
C_CENTERCONTROL:0.5129339940841676
C_DEVELOPPIECES:0.4676122553449513
C_MATERIAL:0.5113955023172585
