ELO:979
CE_PASSEDPAWNS:0.5609907598473245
CE_PAWNWEAKNESSES:0.5009414969503232
CE_PIECEACTIVITY:0.5147381796217485
CE_KINGPAWNSHIELD:0.4956624536754076
CE_PIECECOORDINATION:0.5135751377741117
CE_MATERIAL:0.5521622414650221
CE_KINGSAFETY:0.4916455980537763
C_PIECESQUARETABLES:0.5048447221058135
C_MOBILITY:0.4597883697116178
C_KINGSAFETY:0.43240302767223815
C_PAWNSTRUCTURE:0.4780944187403926
C_PIECECOORDINATION:0.5233804427624318
C_ROOKANDPAWNMOVEMENT:0.5233804427624318
C_CENTERCONTROL:0.5203711322934254
C_DEVELOPPIECES:0.4814795338159087
C_MATERIAL:0.5170860157791148
