ELO:969
CE_PASSEDPAWNS:0.5254800757549246
CE_PAWNWEAKNESSES:0.48772621571020885
CE_PIECEACTIVITY:0.48630034270320643
CE_KINGPAWNSHIELD:0.4810209098424376
CE_PIECECOORDINATION:0.4722404925529092
CE_MATERIAL:0.47766028531488947
CE_KINGSAFETY:0.5003998565740742
C_PIECESQUARETABLES:0.5
C_MOBILITY:0.5134563310704693
C_KINGSAFETY:0.4883688106020289
C_PAWNSTRUCTURE:0.5547023404490884
C_PIECECOORDINATION:0.5288765358416408
C_ROOK:0.47364292245565254
CE_ROOK:0.4874569880892497
C_CENTERCONTROL:0.5152427803111492
C_DEVELOPPIECES:0.5034240291407821
C_MATERIAL:0.5185277606815651
C_MOVECOUNT:0.4950056292835939
C_PAWNMOVEMENT:0.5125829012756143
