ELO:943
CE_PASSEDPAWNS:0.45820476067390625
CE_PAWNWEAKNESSES:0.4834913119871732
CE_PIECEACTIVITY:0.5501854071181232
CE_KINGPAWNSHIELD:0.5616390512219204
CE_PIECECOORDINATION:0.6457955884527982
CE_MATERIAL:0.44933760387732924
CE_KINGSAFETY:0.554434108993403
C_PIECESQUARETABLES:0.4638437218963244
C_MOBILITY:0.542196794022649
C_KINGSAFETY:0.5507218533160165
C_PAWNSTRUCTURE:0.4204493808543832
C_PIECECOORDINATION:0.6002516740409366
C_ROOKANDPAWNMOVEMENT:0.6002516740409366
C_CENTERCONTROL:0.458712930319632
C_DEVELOPPIECES:0.4711432127736379
C_MATERIAL:0.4610305704864555
