ELO:1000
CE_PASSEDPAWNS:0.5585405700298467
CE_PAWNWEAKNESSES:0.5373266503697991
CE_PIECEACTIVITY:0.5381087803267566
CE_KINGPAWNSHIELD:0.48008169529106365
CE_PIECECOORDINATION:0.4741209183610644
CE_MATERIAL:0.5132966702447502
CE_KINGSAFETY:0.4962080241534446
C_PIECESQUARETABLES:0.5
C_MOBILITY:0.5330504848009899
C_KINGSAFETY:0.4738828832329815
C_PAWNSTRUCTURE:0.5671768961268289
C_PIECECOORDINATION:0.5133281774702674
C_ROOKANDPAWNMOVEMENT:0.5133281774702674
C_CENTERCONTROL:0.5320110132975343
C_DEVELOPPIECES:0.4521964740975301
C_MATERIAL:0.5058093111150056
