ELO:986
CE_PASSEDPAWNS:0.41809053460773854
CE_PAWNWEAKNESSES:0.479384992535945
CE_PIECEACTIVITY:0.5393711622645601
CE_KINGPAWNSHIELD:0.5204396958207073
CE_PIECECOORDINATION:0.6154498181310065
CE_MATERIAL:0.49982692494177833
CE_KINGSAFETY:0.5051937125848367
C_PIECESQUARETABLES:0.47634639505267173
C_MOBILITY:0.4990201366470393
C_KINGSAFETY:0.5269112379827444
C_PAWNSTRUCTURE:0.44743524941582385
C_PIECECOORDINATION:0.5534326394985248
C_ROOKANDPAWNMOVEMENT:0.5534326394985248
C_CENTERCONTROL:0.5271422373220065
C_DEVELOPPIECES:0.49742591232713673
C_MATERIAL:0.4961418589331815
