ELO:1039
CE_PASSEDPAWNS:0.5097138613003892
CE_PAWNWEAKNESSES:0.4960525042674549
CE_PIECEACTIVITY:0.5021759717637411
CE_KINGPAWNSHIELD:0.5
CE_PIECECOORDINATION:0.5059391305617968
CE_MATERIAL:0.5107941233118481
CE_KINGSAFETY:0.5
C_PIECESQUARETABLES:0.5
C_MOBILITY:0.5
C_KINGSAFETY:0.4969029073648663
C_PAWNSTRUCTURE:0.4880071162107068
C_PIECECOORDINATION:0.4949860906898488
C_ROOKANDPAWNMOVEMENT:0.4949860906898488
C_CENTERCONTROL:0.5
C_DEVELOPPIECES:0.5039971691730288
C_MATERIAL:0.49999580745566313
C_MOVECOUNT:0.4787956126943333
