ELO:1079
CE_PASSEDPAWNS:0.4908204949993317
CE_PAWNWEAKNESSES:0.4415637372644996
CE_PIECEACTIVITY:0.5265740213369621
CE_KINGPAWNSHIELD:0.5309905097531878
CE_PIECECOORDINATION:0.4952789023956629
CE_MATERIAL:0.4888614351493812
CE_KINGSAFETY:0.5
C_PIECESQUARETABLES:0.5
C_MOBILITY:0.5
C_KINGSAFETY:0.54442275391403
C_PAWNSTRUCTURE:0.37054878735547075
C_PIECECOORDINATION:0.5
C_ROOKANDPAWNMOVEMENT:0.5
C_CENTERCONTROL:0.5722287111439939
C_DEVELOPPIECES:0.5057422700273289
C_MATERIAL:0.48735774361741313
C_MOVECOUNT:0.5
