ELO:938
CE_PASSEDPAWNS:0.4876328089839925
CE_PAWNWEAKNESSES:0.47118140043557954
CE_PIECEACTIVITY:0.502973847549959
CE_KINGPAWNSHIELD:0.5342941244210528
CE_PIECECOORDINATION:0.5485995176328818
CE_MATERIAL:0.5065247935657263
CE_KINGSAFETY:0.5071168330679974
C_PIECESQUARETABLES:0.5345239217181916
C_MOBILITY:0.5375799473470867
C_KINGSAFETY:0.48301511111470485
C_PAWNSTRUCTURE:0.5251451252647606
C_PIECECOORDINATION:0.48099241745002463
C_ROOK:0.5259736106771447
CE_ROOK:0.492862413521507
C_CENTERCONTROL:0.5180804016236441
C_DEVELOPPIECES:0.49360342338672347
C_MATERIAL:0.48378900439977474
C_MOVECOUNT:0.4829384371327908
C_PAWNMOVEMENT:0.5289393445598625
