ELO:935
CE_PASSEDPAWNS:0.48075386615931337
CE_PAWNWEAKNESSES:0.4781306704948432
CE_PIECEACTIVITY:0.5073738551104968
CE_KINGPAWNSHIELD:0.5342941244210528
CE_PIECECOORDINATION:0.5441071031666872
CE_MATERIAL:0.49276268879868856
CE_KINGSAFETY:0.5131069843502837
C_PIECESQUARETABLES:0.5
C_MOBILITY:0.5223640021412559
C_KINGSAFETY:0.4908463715323075
C_PAWNSTRUCTURE:0.5257000632103015
C_PIECECOORDINATION:0.48817171254786756
C_ROOK:0.5242463160103444
CE_ROOK:0.492862413521507
C_CENTERCONTROL:0.4990999055250982
C_DEVELOPPIECES:0.48879291435184496
C_MATERIAL:0.4685317688628983
C_MOVECOUNT:0.4839255101367623
C_PAWNMOVEMENT:0.5099040379021811
