ELO:1000
CE_PASSEDPAWNS:0.5230973885377979
CE_PAWNWEAKNESSES:0.5187943815883153
CE_PIECEACTIVITY:0.5
CE_KINGPAWNSHIELD:0.5
CE_PIECECOORDINATION:0.5065857341208359
CE_MATERIAL:0.49910319349396143
CE_KINGSAFETY:0.4782615958024283
C_PIECESQUARETABLES:0.5002202684081745
C_MOBILITY:0.4741812568778767
C_KINGSAFETY:0.4906747788559687
C_PAWNSTRUCTURE:0.5118476863476981
C_PIECECOORDINATION:0.4838976599166956
C_ROOKANDPAWNMOVEMENT:0.4838976599166956
C_CENTERCONTROL:0.49559958911996554
C_DEVELOPPIECES:0.5
C_MATERIAL:0.499610838678386
C_MOVECOUNT:0.5231136650747984
