ELO:1011
CE_PASSEDPAWNS:0.5
CE_PAWNWEAKNESSES:0.5
CE_PIECEACTIVITY:0.4916650772282355
CE_KINGPAWNSHIELD:0.5
CE_PIECECOORDINATION:0.5
CE_MATERIAL:0.5
CE_KINGSAFETY:0.5024585318604182
C_PIECESQUARETABLES:0.49242245624769115
C_MOBILITY:0.5115023106231782
C_KINGSAFETY:0.5
C_PAWNSTRUCTURE:0.5
C_PIECECOORDINATION:0.5071308200154621
C_ROOKANDPAWNMOVEMENT:0.5071308200154621
C_CENTERCONTROL:0.5
C_DEVELOPPIECES:0.5089899721122022
C_MATERIAL:0.5
C_MOVECOUNT:0.5
