ELO:984
CE_PASSEDPAWNS:0.5254800757549246
CE_PAWNWEAKNESSES:0.49158818876675914
CE_PIECEACTIVITY:0.4985852742407037
CE_KINGPAWNSHIELD:0.4950910136164618
CE_PIECECOORDINATION:0.4837715130448871
CE_MATERIAL:0.48438771232334427
CE_KINGSAFETY:0.5120227300988268
C_PIECESQUARETABLES:0.5181577900344384
C_MOBILITY:0.5006972364096403
C_KINGSAFETY:0.4883688106020289
C_PAWNSTRUCTURE:0.5641820731576084
C_PIECECOORDINATION:0.5308471622991067
C_ROOK:0.4844301498418185
CE_ROOK:0.494123147878464
C_CENTERCONTROL:0.5149703051716825
C_DEVELOPPIECES:0.4960123518778284
C_MATERIAL:0.5191998652952132
C_MOVECOUNT:0.5021804665606121
C_PAWNMOVEMENT:0.5145061229389006
