ELO:1060
CE_PASSEDPAWNS:0.47058017775505445
CE_PAWNWEAKNESSES:0.48534665037628444
CE_PIECEACTIVITY:0.5093833470198572
CE_KINGPAWNSHIELD:0.5100944285194166
CE_PIECECOORDINATION:0.5031163349370524
CE_MATERIAL:0.5027906780355499
CE_KINGSAFETY:0.5337779757726689
C_PIECESQUARETABLES:0.5
C_MOBILITY:0.4936655387905322
C_KINGSAFETY:0.5
C_PAWNSTRUCTURE:0.5091220547528964
C_PIECECOORDINATION:0.5240553831216296
C_ROOKANDPAWNMOVEMENT:0.5240553831216296
C_CENTERCONTROL:0.4794698204199635
C_DEVELOPPIECES:0.5273153480590492
C_MATERIAL:0.49789447213421595
C_MOVECOUNT:0.5
