ELO:1010
CE_PASSEDPAWNS:0.49591354553052447
CE_PAWNWEAKNESSES:0.5163735522045293
CE_PIECEACTIVITY:0.5
CE_KINGPAWNSHIELD:0.4836616658231262
CE_PIECECOORDINATION:0.5
CE_MATERIAL:0.5277002450169894
CE_KINGSAFETY:0.49230185293036205
C_PIECESQUARETABLES:0.5022890764764277
C_MOBILITY:0.49209829159483953
C_KINGSAFETY:0.49567317643349923
C_PAWNSTRUCTURE:0.5163117701183846
C_PIECECOORDINATION:0.514981841354382
C_ROOKANDPAWNMOVEMENT:0.514981841354382
C_CENTERCONTROL:0.4937778543690527
C_DEVELOPPIECES:0.5214833401332132
C_MATERIAL:0.4567325204793124
