ELO:1027
CE_PASSEDPAWNS:0.47409280248458885
CE_PAWNWEAKNESSES:0.5
CE_PIECEACTIVITY:0.5020782346576764
CE_KINGPAWNSHIELD:0.5
CE_PIECECOORDINATION:0.40080577634416203
CE_MATERIAL:0.511282617344672
CE_KINGSAFETY:0.5408009059881639
C_PIECESQUARETABLES:0.47238539532026624
C_MOBILITY:0.48849179437500384
C_KINGSAFETY:0.5
C_PAWNSTRUCTURE:0.5041511092947907
C_PIECECOORDINATION:0.4861249601969648
C_ROOKANDPAWNMOVEMENT:0.4861249601969648
C_CENTERCONTROL:0.5023432112420843
C_DEVELOPPIECES:0.5108152459390728
C_MATERIAL:0.4894552241907365
C_MOVECOUNT:0.5
