ELO:974
CE_PASSEDPAWNS:0.49794160998379916
CE_PAWNWEAKNESSES:0.5
CE_PIECEACTIVITY:0.4920064744650949
CE_KINGPAWNSHIELD:0.510639402841418
CE_PIECECOORDINATION:0.5061954096596933
CE_MATERIAL:0.511642455154173
CE_KINGSAFETY:0.5
C_PIECESQUARETABLES:0.493348197084385
C_MOBILITY:0.5035268367642002
C_KINGSAFETY:0.5168627400384415
C_PAWNSTRUCTURE:0.48803032446524647
C_PIECECOORDINATION:0.5246567252267801
C_ROOKANDPAWNMOVEMENT:0.5246567252267801
C_CENTERCONTROL:0.5080297779187596
C_DEVELOPPIECES:0.5007327316643154
C_MATERIAL:0.5058162701441778
C_MOVECOUNT:0.5
