ELO:1026
CE_PASSEDPAWNS:0.5097138613003892
CE_PAWNWEAKNESSES:0.5077133635864166
CE_PIECEACTIVITY:0.5160617649307307
CE_KINGPAWNSHIELD:0.5
CE_PIECECOORDINATION:0.5059391305617968
CE_MATERIAL:0.48295438255283263
CE_KINGSAFETY:0.5
C_PIECESQUARETABLES:0.49969185240253366
C_MOBILITY:0.5
C_KINGSAFETY:0.4969029073648663
C_PAWNSTRUCTURE:0.4880071162107068
C_PIECECOORDINATION:0.5
C_ROOKANDPAWNMOVEMENT:0.5
C_CENTERCONTROL:0.4843171318288069
C_DEVELOPPIECES:0.5
C_MATERIAL:0.49999580745566313
C_MOVECOUNT:0.4981329850804791
