ELO:968
CE_PASSEDPAWNS:0.4827301865591992
CE_PAWNWEAKNESSES:0.4851691878698221
CE_PIECEACTIVITY:0.5187820106057874
CE_KINGPAWNSHIELD:0.5342941244210528
CE_PIECECOORDINATION:0.5463164792779305
CE_MATERIAL:0.48595362843010736
CE_KINGSAFETY:0.5
C_PIECESQUARETABLES:0.5
C_MOBILITY:0.5150201374215654
C_KINGSAFETY:0.4831773562974001
C_PAWNSTRUCTURE:0.5155186391075134
C_PIECECOORDINATION:0.4902737060666395
C_ROOK:0.5262966666848177
CE_ROOK:0.4911874285297802
C_CENTERCONTROL:0.4952660107007111
C_DEVELOPPIECES:0.4786169769470885
C_MATERIAL:0.4840162761466999
C_MOVECOUNT:0.4963239473344246
C_PAWNMOVEMENT:0.49901579756180786
