ELO:937
CE_PASSEDPAWNS:0.45596845002853387
CE_PAWNWEAKNESSES:0.5220802813424289
CE_PIECEACTIVITY:0.544867301381614
CE_KINGPAWNSHIELD:0.5551883324214015
CE_PIECECOORDINATION:0.6538876716078068
CE_MATERIAL:0.4401165157879199
CE_KINGSAFETY:0.5097255129223919
C_PIECESQUARETABLES:0.5194586120125768
C_MOBILITY:0.4929823337315103
C_KINGSAFETY:0.5495667885172268
C_PAWNSTRUCTURE:0.4592898777086856
C_PIECECOORDINATION:0.5772450949016185
C_ROOKANDPAWNMOVEMENT:0.5772450949016185
C_CENTERCONTROL:0.5537116660075424
C_DEVELOPPIECES:0.4721456194470195
C_MATERIAL:0.4713865284947089
