ELO:1012
CE_PASSEDPAWNS:0.5
CE_PAWNWEAKNESSES:0.49262332582209517
CE_PIECEACTIVITY:0.5
CE_KINGPAWNSHIELD:0.5
CE_PIECECOORDINATION:0.5
CE_MATERIAL:0.5
CE_KINGSAFETY:0.5
C_PIECESQUARETABLES:0.5
C_MOBILITY:0.5067359650694945
C_KINGSAFETY:0.5
C_PAWNSTRUCTURE:0.4922500689721215
C_PIECECOORDINATION:0.4962827703078512
C_ROOKANDPAWNMOVEMENT:0.4962827703078512
C_CENTERCONTROL:0.5122254153087142
C_DEVELOPPIECES:0.5
C_MATERIAL:0.5
C_MOVECOUNT:0.5
