ELO:957
CE_PASSEDPAWNS:0.47050387398736243
CE_PAWNWEAKNESSES:0.5107909266908497
CE_PIECEACTIVITY:0.5939452116350814
CE_KINGPAWNSHIELD:0.5221036406786266
CE_PIECECOORDINATION:0.5130731141240966
CE_MATERIAL:0.5418540474175627
CE_KINGSAFETY:0.4701851952612724
C_PIECESQUARETABLES:0.4955126494372774
C_MOBILITY:0.471926833800634
C_KINGSAFETY:0.6118985725562452
C_PAWNSTRUCTURE:0.5300402730189409
C_PIECECOORDINATION:0.5720720473621881
C_ROOKANDPAWNMOVEMENT:0.5720720473621881
C_CENTERCONTROL:0.5051879197207285
C_DEVELOPPIECES:0.49820524785258286
C_MATERIAL:0.45465614436871965
