ELO:974
CE_PASSEDPAWNS:0.4970452412333378
CE_PAWNWEAKNESSES:0.45046761445385636
CE_PIECEACTIVITY:0.4443930350792139
CE_KINGPAWNSHIELD:0.5342941244210528
CE_PIECECOORDINATION:0.5100659317703014
CE_MATERIAL:0.48578632031450625
CE_KINGSAFETY:0.5
C_PIECESQUARETABLES:0.5
C_MOBILITY:0.5190232168449326
C_KINGSAFETY:0.492370915594997
C_PAWNSTRUCTURE:0.49019539388341193
C_PIECECOORDINATION:0.5086778310267411
C_ROOK:0.5262966666848177
CE_ROOK:0.5292476418616322
C_CENTERCONTROL:0.521052619977016
C_DEVELOPPIECES:0.4941493299577897
C_MATERIAL:0.5406644746234553
C_MOVECOUNT:0.49365857020253057
C_PAWNMOVEMENT:0.5383502774046154
