ELO:950
CE_PASSEDPAWNS:0.48075386615931337
CE_PAWNWEAKNESSES:0.4892979559978745
CE_PIECEACTIVITY:0.5187820106057874
CE_KINGPAWNSHIELD:0.5342941244210528
CE_PIECECOORDINATION:0.5441071031666872
CE_MATERIAL:0.4926008034212327
CE_KINGSAFETY:0.5131069843502837
C_PIECESQUARETABLES:0.5
C_MOBILITY:0.5150201374215654
C_KINGSAFETY:0.49466836563190664
C_PAWNSTRUCTURE:0.5257000632103015
C_PIECECOORDINATION:0.4902737060666395
C_ROOK:0.5242463160103444
CE_ROOK:0.492862413521507
C_CENTERCONTROL:0.5068153824327882
C_DEVELOPPIECES:0.4786169769470885
C_MATERIAL:0.4840162761466999
C_MOVECOUNT:0.4963239473344246
C_PAWNMOVEMENT:0.5099040379021811
