ELO:1046
CE_PASSEDPAWNS:0.5
CE_PAWNWEAKNESSES:0.5
CE_PIECEACTIVITY:0.49251584980219987
CE_KINGPAWNSHIELD:0.5124622808614187
CE_PIECECOORDINATION:0.4921380839886062
CE_MATERIAL:0.5045488034194998
CE_KINGSAFETY:0.49816409805771916
C_PIECESQUARETABLES:0.5025810286608534
C_MOBILITY:0.5006680791659711
C_KINGSAFETY:0.5064516227624811
C_PAWNSTRUCTURE:0.5259772975099546
C_PIECECOORDINATION:0.5
C_ROOK:0.5
CE_ROOK:0.5
C_CENTERCONTROL:0.5
C_DEVELOPPIECES:0.4934544554419847
C_MATERIAL:0.5
C_MOVECOUNT:0.5
C_PAWNMOVEMENT:0.5
