ELO:997
CE_PASSEDPAWNS:0.4420236136046741
CE_PAWNWEAKNESSES:0.4349599795207266
CE_PIECEACTIVITY:0.4804037490929361
CE_KINGPAWNSHIELD:0.4401987963222505
CE_PIECECOORDINATION:0.5068515554980917
CE_MATERIAL:0.4524288516266867
CE_KINGSAFETY:0.5094533665358261
C_PIECESQUARETABLES:0.47845398471110323
C_MOBILITY:0.3784172987263547
C_KINGSAFETY:0.5278585116689152
C_PAWNSTRUCTURE:0.5368647140119996
C_PIECECOORDINATION:0.5002590564577095
C_ROOKANDPAWNMOVEMENT:0.5002590564577095
C_CENTERCONTROL:0.5490443506776528
C_DEVELOPPIECES:0.5578930664191811
C_MATERIAL:0.47925329921352616
