ELO:1000
CE_PASSEDPAWNS:0.47662417979217064
CE_PAWNWEAKNESSES:0.5353923472133896
CE_PIECEACTIVITY:0.531752779907491
CE_KINGPAWNSHIELD:0.49951768826239207
CE_PIECECOORDINATION:0.43221453830651835
CE_MATERIAL:0.48075778029275773
CE_KINGSAFETY:0.509176961547081
C_PIECESQUARETABLES:0.5
C_MOBILITY:0.4761644047142778
C_KINGSAFETY:0.5140339780534594
C_PAWNSTRUCTURE:0.5435464166551197
C_PIECECOORDINATION:0.5258669448834591
C_ROOKANDPAWNMOVEMENT:0.5258669448834591
C_CENTERCONTROL:0.5284112751337293
C_DEVELOPPIECES:0.5120253668784941
C_MATERIAL:0.4497441070109175
