ELO:992
CE_PASSEDPAWNS:0.4954060947711782
CE_PAWNWEAKNESSES:0.5032530526116626
CE_PIECEACTIVITY:0.5079562177092062
CE_KINGPAWNSHIELD:0.5037285308596987
CE_PIECECOORDINATION:0.4962681150532865
CE_MATERIAL:0.4842990169633367
CE_KINGSAFETY:0.5019608644664653
C_PIECESQUARETABLES:0.5083684078652577
C_MOBILITY:0.5140785441065971
C_KINGSAFETY:0.4930021939812419
C_PAWNSTRUCTURE:0.4905808115357967
C_PIECECOORDINATION:0.48722286904521905
C_ROOKANDPAWNMOVEMENT:0.48722286904521905
C_CENTERCONTROL:0.4957760713897563
C_DEVELOPPIECES:0.5231380368297336
C_MATERIAL:0.4900705081872415
