ELO:909
CE_PASSEDPAWNS:0.4431070507534584
CE_PAWNWEAKNESSES:0.5631190817399457
CE_PIECEACTIVITY:0.45601070361824203
CE_KINGPAWNSHIELD:0.553811294216489
CE_PIECECOORDINATION:0.48069954711619234
CE_MATERIAL:0.49096832028337345
CE_KINGSAFETY:0.4727817143759753
C_PIECESQUARETABLES:0.5045160812404843
C_MOBILITY:0.5427919562512883
C_KINGSAFETY:0.5192136827759377
C_PAWNSTRUCTURE:0.49297289539673844
C_PIECECOORDINATION:0.5360732441668908
C_ROOKANDPAWNMOVEMENT:0.5360732441668908
C_CENTERCONTROL:0.48480509683781153
C_DEVELOPPIECES:0.5712573935417959
C_MATERIAL:0.5372555792670576
C_MOVECOUNT:0.5267350877339908
