ELO:1007
CE_PASSEDPAWNS:0.4876117957669888
CE_PAWNWEAKNESSES:0.4889849450573984
CE_PIECEACTIVITY:0.505381718558542
CE_KINGPAWNSHIELD:0.5001856570596688
CE_PIECECOORDINATION:0.4916725676665357
CE_MATERIAL:0.5
CE_KINGSAFETY:0.5
C_PIECESQUARETABLES:0.5
C_MOBILITY:0.5076252376534001
C_KINGSAFETY:0.5
C_PAWNSTRUCTURE:0.5
C_PIECECOORDINATION:0.5026723811453876
C_ROOKANDPAWNMOVEMENT:0.5026723811453876
C_CENTERCONTROL:0.497588677694462
C_DEVELOPPIECES:0.5
C_MATERIAL:0.5030269041825611
C_MOVECOUNT:0.5
