ELO:1052
CE_PASSEDPAWNS:0.5298472059103132
CE_PAWNWEAKNESSES:0.5195845780122825
CE_PIECEACTIVITY:0.4318476424852504
CE_KINGPAWNSHIELD:0.39452144957275465
CE_PIECECOORDINATION:0.5633060168617502
CE_MATERIAL:0.4728990250442952
CE_KINGSAFETY:0.4953669897114846
C_PIECESQUARETABLES:0.4229937307992362
C_MOBILITY:0.3976216888052514
C_KINGSAFETY:0.39018265585092654
C_PAWNSTRUCTURE:0.6107924151544044
C_PIECECOORDINATION:0.5356562264780069
C_ROOKANDPAWNMOVEMENT:0.5356562264780069
C_CENTERCONTROL:0.5482880801453185
C_DEVELOPPIECES:0.44786742023894355
C_MATERIAL:0.521886899231323
