ELO:974
CE_PASSEDPAWNS:0.49922401868966926
CE_PAWNWEAKNESSES:0.494810974930305
CE_PIECEACTIVITY:0.5300552599706275
CE_KINGPAWNSHIELD:0.5076391999444796
CE_PIECECOORDINATION:0.4943154008038849
CE_MATERIAL:0.48182985920001337
CE_KINGSAFETY:0.5210566813975411
C_PIECESQUARETABLES:0.4827502791247658
C_MOBILITY:0.4890924731317003
C_KINGSAFETY:0.4951864411646577
C_PAWNSTRUCTURE:0.47627860821973556
C_PIECECOORDINATION:0.4778030395014325
C_ROOK:0.48666268998570383
CE_ROOK:0.5201178740083103
C_CENTERCONTROL:0.4987837494201935
C_DEVELOPPIECES:0.49411024295981565
C_MATERIAL:0.5219909807267741
C_MOVECOUNT:0.5082354346540517
C_PAWNMOVEMENT:0.534492008106142
