ELO:1055
CE_PASSEDPAWNS:0.5
CE_PAWNWEAKNESSES:0.5
CE_PIECEACTIVITY:0.5140951626628013
CE_KINGPAWNSHIELD:0.5085950124198791
CE_PIECECOORDINATION:0.48934928464960353
CE_MATERIAL:0.5045997554276782
CE_KINGSAFETY:0.5114217270486295
C_PIECESQUARETABLES:0.492655120697483
C_MOBILITY:0.5
C_KINGSAFETY:0.5112569999594444
C_PAWNSTRUCTURE:0.5038266290864318
C_PIECECOORDINATION:0.5088793290958188
C_ROOKANDPAWNMOVEMENT:0.5088793290958188
C_CENTERCONTROL:0.5044246248458171
C_DEVELOPPIECES:0.5113253474916062
C_MATERIAL:0.5027969421592168
C_MOVECOUNT:0.4974783423989626
