ELO:1000
CE_PASSEDPAWNS:0.5084447148636394
CE_PAWNWEAKNESSES:0.5
CE_PIECEACTIVITY:0.5035099944306057
CE_KINGPAWNSHIELD:0.5
CE_PIECECOORDINATION:0.5
CE_MATERIAL:0.5
CE_KINGSAFETY:0.5
C_PIECESQUARETABLES:0.4995722491822831
C_MOBILITY:0.49329323032576844
C_KINGSAFETY:0.5021731417071275
C_PAWNSTRUCTURE:0.5
C_PIECECOORDINATION:0.5
C_ROOKANDPAWNMOVEMENT:0.5
C_CENTERCONTROL:0.49593652532853716
C_DEVELOPPIECES:0.4967381288905834
C_MATERIAL:0.487725220189505
