ELO:886
CE_PASSEDPAWNS:0.4016607880733278
CE_PAWNWEAKNESSES:0.5874907998820238
CE_PIECEACTIVITY:0.6028983638561121
CE_KINGPAWNSHIELD:0.4700446424088658
CE_PIECECOORDINATION:0.4741016670237643
CE_MATERIAL:0.5239640325399569
CE_KINGSAFETY:0.5443031691167513
C_PIECESQUARETABLES:0.45396969493608463
C_MOBILITY:0.6299522204669658
C_KINGSAFETY:0.49772839159995214
C_PAWNSTRUCTURE:0.5669466255579725
C_PIECECOORDINATION:0.5759533369194889
C_ROOKANDPAWNMOVEMENT:0.5759533369194889
C_CENTERCONTROL:0.3963936405908536
C_DEVELOPPIECES:0.4924193007763534
C_MATERIAL:0.4390463854634003
