ELO:990
CE_PASSEDPAWNS:0.4310236545355259
CE_PAWNWEAKNESSES:0.499644305463667
CE_PIECEACTIVITY:0.5970758244782366
CE_KINGPAWNSHIELD:0.44151735975269274
CE_PIECECOORDINATION:0.4865413820620021
CE_MATERIAL:0.46440316640615853
CE_KINGSAFETY:0.49368076477212736
C_PIECESQUARETABLES:0.46831999498790994
C_MOBILITY:0.5772708294488734
C_KINGSAFETY:0.5311722281515795
C_PAWNSTRUCTURE:0.513839725404355
C_PIECECOORDINATION:0.5148716679657207
C_ROOKANDPAWNMOVEMENT:0.5148716679657207
C_CENTERCONTROL:0.4564926452702145
C_DEVELOPPIECES:0.49490673873865365
C_MATERIAL:0.46307222549129157
