ELO:1000
CE_PASSEDPAWNS:0.4556315261574927
CE_PAWNWEAKNESSES:0.5180549649462128
CE_PIECEACTIVITY:0.5262643676500453
CE_KINGPAWNSHIELD:0.49916617836284144
CE_PIECECOORDINATION:0.43314255883692054
CE_MATERIAL:0.47389209326524223
CE_KINGSAFETY:0.495880832122441
C_PIECESQUARETABLES:0.5097321422942384
C_MOBILITY:0.4507889989907987
C_KINGSAFETY:0.49472644818827255
C_PAWNSTRUCTURE:0.5506582039626052
C_PIECECOORDINATION:0.5136128103941972
C_ROOKANDPAWNMOVEMENT:0.5136128103941972
C_CENTERCONTROL:0.5305703278850303
C_DEVELOPPIECES:0.5042195135614673
C_MATERIAL:0.46218880654488825
