ELO:988
CE_PASSEDPAWNS:0.4946410825613733
CE_PAWNWEAKNESSES:0.5
CE_PIECEACTIVITY:0.5078828585006047
CE_KINGPAWNSHIELD:0.5033039789666645
CE_PIECECOORDINATION:0.5024405448313553
CE_MATERIAL:0.5
CE_KINGSAFETY:0.5
C_PIECESQUARETABLES:0.5001569685609183
C_MOBILITY:0.5
C_KINGSAFETY:0.5
C_PAWNSTRUCTURE:0.5
C_PIECECOORDINATION:0.5
C_ROOKANDPAWNMOVEMENT:0.5
C_CENTERCONTROL:0.4988134350303104
C_DEVELOPPIECES:0.5
C_MATERIAL:0.48944680551974706
C_MOVECOUNT:0.5062419300911619
