ELO:959
CE_PASSEDPAWNS:0.4638086680868322
CE_PAWNWEAKNESSES:0.4919625586042486
CE_PIECEACTIVITY:0.517829293057129
CE_KINGPAWNSHIELD:0.5347909934105585
CE_PIECECOORDINATION:0.4833807582859866
CE_MATERIAL:0.5
CE_KINGSAFETY:0.5
C_PIECESQUARETABLES:0.4803828710184438
C_MOBILITY:0.5181892312449183
C_KINGSAFETY:0.5140127296015474
C_PAWNSTRUCTURE:0.5
C_PIECECOORDINATION:0.5187634675791208
C_ROOKANDPAWNMOVEMENT:0.5187634675791208
C_CENTERCONTROL:0.4442468366082446
C_DEVELOPPIECES:0.5082874331583349
C_MATERIAL:0.48956743365247574
C_MOVECOUNT:0.5
