ELO:791
CE_PASSEDPAWNS:0.5240782447039048
CE_PAWNWEAKNESSES:0.4289775789378074
CE_PIECEACTIVITY:0.4107032453223607
CE_KINGPAWNSHIELD:0.385590733405876
CE_PIECECOORDINATION:0.47103455243942877
CE_MATERIAL:0.49499592645556684
CE_KINGSAFETY:0.4658919584032355
C_PIECESQUARETABLES:0.49679537810692204
C_MOBILITY:0.46477262496117117
C_KINGSAFETY:0.543480233002841
C_PAWNSTRUCTURE:0.4327307503851238
C_PIECECOORDINATION:0.5351937812028467
C_ROOKANDPAWNMOVEMENT:0.5351937812028467
C_CENTERCONTROL:0.5382619958104162
C_DEVELOPPIECES:0.5112269228995587
C_MATERIAL:0.43376549481598264
