ELO:1005
CE_PASSEDPAWNS:0.4919620609660159
CE_PAWNWEAKNESSES:0.5
CE_PIECEACTIVITY:0.5
CE_KINGPAWNSHIELD:0.49680224552320507
CE_PIECECOORDINATION:0.5067990115524561
CE_MATERIAL:0.4885660849031097
CE_KINGSAFETY:0.5127055038096932
C_PIECESQUARETABLES:0.500467481499467
C_MOBILITY:0.5
C_KINGSAFETY:0.5
C_PAWNSTRUCTURE:0.5076178606403114
C_PIECECOORDINATION:0.49909435943095715
C_ROOKANDPAWNMOVEMENT:0.49909435943095715
C_CENTERCONTROL:0.5045872686869837
C_DEVELOPPIECES:0.5
C_MATERIAL:0.4917857136690368
C_MOVECOUNT:0.4935701734475257
