ELO:906
CE_PASSEDPAWNS:0.48743348848614293
CE_PAWNWEAKNESSES:0.4957368706855634
CE_PIECEACTIVITY:0.48979291186453106
CE_KINGPAWNSHIELD:0.5186407101974724
CE_PIECECOORDINATION:0.5505181593765119
CE_MATERIAL:0.5101612011872527
CE_KINGSAFETY:0.49443355215402346
C_PIECESQUARETABLES:0.4945682899017137
C_MOBILITY:0.48900966979246163
C_KINGSAFETY:0.5177868381674562
C_PAWNSTRUCTURE:0.4994563027737981
C_PIECECOORDINATION:0.4675357159389181
C_ROOKANDPAWNMOVEMENT:0.4675357159389181
C_CENTERCONTROL:0.49449639994731615
C_DEVELOPPIECES:0.4968904168423825
C_MATERIAL:0.5154436408641437
C_MOVECOUNT:0.5
