ELO:1000
CE_PASSEDPAWNS:0.44957901693976277
CE_PAWNWEAKNESSES:0.5169934434043854
CE_PIECEACTIVITY:0.5460401405634162
CE_KINGPAWNSHIELD:0.505789604956401
CE_PIECECOORDINATION:0.4432685494424916
CE_MATERIAL:0.47389209326524223
CE_KINGSAFETY:0.48399329729327795
C_PIECESQUARETABLES:0.5002760212906716
C_MOBILITY:0.4555708708760997
C_KINGSAFETY:0.45602702019530805
C_PAWNSTRUCTURE:0.5436225063887286
C_PIECECOORDINATION:0.5248296917151963
C_ROOKANDPAWNMOVEMENT:0.5248296917151963
C_CENTERCONTROL:0.5639817497085361
C_DEVELOPPIECES:0.5054244247919937
C_MATERIAL:0.4899650641638969
