ELO:1036
CE_PASSEDPAWNS:0.503008398271709
CE_PAWNWEAKNESSES:0.5219350989926019
CE_PIECEACTIVITY:0.44561656406994316
CE_KINGPAWNSHIELD:0.4258418499925802
CE_PIECECOORDINATION:0.4687120784050399
CE_MATERIAL:0.4731674931632686
CE_KINGSAFETY:0.5
C_PIECESQUARETABLES:0.5
C_MOBILITY:0.5912581686972292
C_KINGSAFETY:0.38314749704455164
C_PAWNSTRUCTURE:0.6086893908681681
C_PIECECOORDINATION:0.4943414174720862
C_ROOKANDPAWNMOVEMENT:0.4943414174720862
C_CENTERCONTROL:0.5181035627279621
C_DEVELOPPIECES:0.5004134577692269
C_MATERIAL:0.4389663764820451
