ELO:866
CE_PASSEDPAWNS:0.41480029668646007
CE_PAWNWEAKNESSES:0.5404338015441174
CE_PIECEACTIVITY:0.4607453447087238
CE_KINGPAWNSHIELD:0.5989624553016942
CE_PIECECOORDINATION:0.5921871084751839
CE_MATERIAL:0.4144065192663003
CE_KINGSAFETY:0.532248585920074
C_PIECESQUARETABLES:0.4913006783982002
C_MOBILITY:0.47496780595554183
C_KINGSAFETY:0.4439791513292617
C_PAWNSTRUCTURE:0.483325572324317
C_PIECECOORDINATION:0.5277042837891559
C_ROOKANDPAWNMOVEMENT:0.5277042837891559
C_CENTERCONTROL:0.5267572666866815
C_DEVELOPPIECES:0.49210817068252094
C_MATERIAL:0.5001044837286842
C_MOVECOUNT:0.5
