ELO:872
CE_PASSEDPAWNS:0.39887278693534145
CE_PAWNWEAKNESSES:0.5925216187506308
CE_PIECEACTIVITY:0.6137883373785822
CE_KINGPAWNSHIELD:0.4777861915129629
CE_PIECECOORDINATION:0.47768835247464586
CE_MATERIAL:0.5258330824702511
CE_KINGSAFETY:0.5460898329784357
C_PIECESQUARETABLES:0.4526553220065764
C_MOBILITY:0.6354560636983992
C_KINGSAFETY:0.47891505609378066
C_PAWNSTRUCTURE:0.567848723255603
C_PIECECOORDINATION:0.5818686469184768
C_ROOKANDPAWNMOVEMENT:0.5818686469184768
C_CENTERCONTROL:0.40763260327847983
C_DEVELOPPIECES:0.47129121803130525
C_MATERIAL:0.4390463854634003
