ELO:973
CE_PASSEDPAWNS:0.49668889374318337
CE_PAWNWEAKNESSES:0.5167730874789891
CE_PIECEACTIVITY:0.49720926055068465
CE_KINGPAWNSHIELD:0.4289530537782111
CE_PIECECOORDINATION:0.4938817269497161
CE_MATERIAL:0.5347499280976318
CE_KINGSAFETY:0.4983292024263109
C_PIECESQUARETABLES:0.4905867284827182
C_MOBILITY:0.49573599330573437
C_KINGSAFETY:0.5
C_PAWNSTRUCTURE:0.516384219560296
C_PIECECOORDINATION:0.5040855568164389
C_ROOKANDPAWNMOVEMENT:0.5040855568164389
C_CENTERCONTROL:0.48174113502494414
C_DEVELOPPIECES:0.5033291993582589
C_MATERIAL:0.486538640181546
C_MOVECOUNT:0.5
