ELO:932
CE_PASSEDPAWNS:0.4186216360857475
CE_PAWNWEAKNESSES:0.5771054117506768
CE_PIECEACTIVITY:0.576599283976956
CE_KINGPAWNSHIELD:0.4476616227808995
CE_PIECECOORDINATION:0.47633010150387695
CE_MATERIAL:0.5103907986485458
CE_KINGSAFETY:0.5155120213676091
C_PIECESQUARETABLES:0.48144373277915953
C_MOBILITY:0.5982652936379886
C_KINGSAFETY:0.49745655774762176
C_PAWNSTRUCTURE:0.5105388721166478
C_PIECECOORDINATION:0.5718148727278841
C_ROOKANDPAWNMOVEMENT:0.5718148727278841
C_CENTERCONTROL:0.40309785016991684
C_DEVELOPPIECES:0.48779601988560184
C_MATERIAL:0.43954953663173413
