ELO:999
CE_PASSEDPAWNS:0.5064710788684352
CE_PAWNWEAKNESSES:0.5028764747868905
CE_PIECEACTIVITY:0.4800580699152834
CE_KINGPAWNSHIELD:0.507035938467401
CE_PIECECOORDINATION:0.5051764862732517
CE_MATERIAL:0.49474405797008236
CE_KINGSAFETY:0.5
C_PIECESQUARETABLES:0.5
C_MOBILITY:0.5109849094959465
C_KINGSAFETY:0.5
C_PAWNSTRUCTURE:0.5025858469211308
C_PIECECOORDINATION:0.49744315396289734
C_ROOKANDPAWNMOVEMENT:0.49744315396289734
C_CENTERCONTROL:0.5
C_DEVELOPPIECES:0.5072594174386702
C_MATERIAL:0.5036479853400242
C_MOVECOUNT:0.5
