ELO:947
CE_PASSEDPAWNS:0.5113252393331242
CE_PAWNWEAKNESSES:0.500246967795142
CE_PIECEACTIVITY:0.545312867114382
CE_KINGPAWNSHIELD:0.5353312061957225
CE_PIECECOORDINATION:0.4935824850235963
CE_MATERIAL:0.4702693737004827
CE_KINGSAFETY:0.5
C_PIECESQUARETABLES:0.49296793297268465
C_MOBILITY:0.48765611374041806
C_KINGSAFETY:0.4942219041210765
C_PAWNSTRUCTURE:0.4721536919770817
C_PIECECOORDINATION:0.47110189395102026
C_ROOK:0.4579937915593579
CE_ROOK:0.5404810231138668
C_CENTERCONTROL:0.4820145556885898
C_DEVELOPPIECES:0.5085695173356125
C_MATERIAL:0.5133453486740458
C_MOVECOUNT:0.5019132524600023
C_PAWNMOVEMENT:0.5391894155595147
