ELO:928
CE_PASSEDPAWNS:0.5139659505483978
CE_PAWNWEAKNESSES:0.5066973684871618
CE_PIECEACTIVITY:0.5351668186000111
CE_KINGPAWNSHIELD:0.5278564021932326
CE_PIECECOORDINATION:0.5025158828695568
CE_MATERIAL:0.46341958199984207
CE_KINGSAFETY:0.49928175158069293
C_PIECESQUARETABLES:0.5040619129435301
C_MOBILITY:0.44498123763725395
C_KINGSAFETY:0.4835232266337273
C_PAWNSTRUCTURE:0.464852469235989
C_PIECECOORDINATION:0.4678909851429991
C_ROOK:0.4640731202469839
CE_ROOK:0.5290004744016534
C_CENTERCONTROL:0.4857978603390506
C_DEVELOPPIECES:0.5000006015140772
C_MATERIAL:0.514291291671126
C_MOVECOUNT:0.5016960418229834
C_PAWNMOVEMENT:0.54218257671975
