ELO:1003
CE_PASSEDPAWNS:0.4930178020876624
CE_PAWNWEAKNESSES:0.49533101367476196
CE_PIECEACTIVITY:0.5101882212790882
CE_KINGPAWNSHIELD:0.4852710393083075
CE_PIECECOORDINATION:0.5030202920465112
CE_MATERIAL:0.5262644990721882
CE_KINGSAFETY:0.4785608791300201
C_PIECESQUARETABLES:0.4957005556483435
C_MOBILITY:0.49573599330573437
C_KINGSAFETY:0.5
C_PAWNSTRUCTURE:0.5486485498791827
C_PIECECOORDINATION:0.509820063894075
C_ROOKANDPAWNMOVEMENT:0.509820063894075
C_CENTERCONTROL:0.49237392389876977
C_DEVELOPPIECES:0.5074732449187329
C_MATERIAL:0.5036247757180645
C_MOVECOUNT:0.5
