ELO:1000
CE_PASSEDPAWNS:0.5
CE_PAWNWEAKNESSES:0.4641021468075304
CE_PIECEACTIVITY:0.491355587244187
CE_KINGPAWNSHIELD:0.5
CE_PIECECOORDINATION:0.5112194759192592
CE_MATERIAL:0.433258840335918
CE_KINGSAFETY:0.5303482992401085
C_PIECESQUARETABLES:0.48429444880365435
C_MOBILITY:0.4919424491567227
C_KINGSAFETY:0.5295418629011529
C_PAWNSTRUCTURE:0.5005691598084547
C_PIECECOORDINATION:0.4646600127190287
C_ROOKANDPAWNMOVEMENT:0.4646600127190287
C_CENTERCONTROL:0.4238806704231783
C_DEVELOPPIECES:0.48948064753392145
C_MATERIAL:0.5046670993782884
C_MOVECOUNT:0.5
