ELO:1248
CE_PASSEDPAWNS:0.4066854739430405
CE_PAWNWEAKNESSES:0.5918317009246495
CE_PIECEACTIVITY:0.4268297285407068
CE_KINGPAWNSHIELD:0.46865639744945076
CE_PIECECOORDINATION:0.49864366603685284
CE_MATERIAL:0.49159087814525143
CE_KINGSAFETY:0.5
C_PIECESQUARETABLES:0.5
C_MOBILITY:0.4014604210707106
C_KINGSAFETY:0.3964010340134416
C_PAWNSTRUCTURE:0.5447474740515015
C_PIECECOORDINATION:0.5447852188236804
C_ROOKANDPAWNMOVEMENT:0.5447852188236804
C_CENTERCONTROL:0.47463163103333544
C_DEVELOPPIECES:0.5562804621942722
C_MATERIAL:0.6249562774005232
