ELO:851
CE_PASSEDPAWNS:0.4337751092625231
CE_PAWNWEAKNESSES:0.6012984502909535
CE_PIECEACTIVITY:0.47299313693002043
CE_KINGPAWNSHIELD:0.6077936660212853
CE_PIECECOORDINATION:0.6311559494702633
CE_MATERIAL:0.37539111389650964
CE_KINGSAFETY:0.45048617998075363
C_PIECESQUARETABLES:0.427638910066023
C_MOBILITY:0.48654959751060783
C_KINGSAFETY:0.4871558370254664
C_PAWNSTRUCTURE:0.5256922851192312
C_PIECECOORDINATION:0.5312832950693529
C_ROOKANDPAWNMOVEMENT:0.5312832950693529
C_CENTERCONTROL:0.47814291146520094
C_DEVELOPPIECES:0.4596932241851266
C_MATERIAL:0.5051633373861192
C_MOVECOUNT:0.5
