ELO:960
CE_PASSEDPAWNS:0.49922401868966926
CE_PAWNWEAKNESSES:0.494810974930305
CE_PIECEACTIVITY:0.5300552599706275
CE_KINGPAWNSHIELD:0.5076391999444796
CE_PIECECOORDINATION:0.4943154008038849
CE_MATERIAL:0.4736711542820547
CE_KINGSAFETY:0.4923886626220792
C_PIECESQUARETABLES:0.49434654935084704
C_MOBILITY:0.4831978324886284
C_KINGSAFETY:0.48473234067201043
C_PAWNSTRUCTURE:0.47627860821973556
C_PIECECOORDINATION:0.4738815982246246
C_ROOK:0.4709120619298987
CE_ROOK:0.5201178740083103
C_CENTERCONTROL:0.4987837494201935
C_DEVELOPPIECES:0.4878851114157026
C_MATERIAL:0.5185900230086852
C_MOVECOUNT:0.5082354346540517
C_PAWNMOVEMENT:0.534492008106142
