ELO:844
CE_PASSEDPAWNS:0.399729802494145
CE_PAWNWEAKNESSES:0.5963529162511869
CE_PIECEACTIVITY:0.6216498200049603
CE_KINGPAWNSHIELD:0.50728176823598
CE_PIECECOORDINATION:0.4700429077294236
CE_MATERIAL:0.5217127883944026
CE_KINGSAFETY:0.5338241838876623
C_PIECESQUARETABLES:0.43728226073646514
C_MOBILITY:0.6415256666318429
C_KINGSAFETY:0.49407819103591777
C_PAWNSTRUCTURE:0.5522190471139519
C_PIECECOORDINATION:0.5789477250643839
C_ROOKANDPAWNMOVEMENT:0.5789477250643839
C_CENTERCONTROL:0.3884928968523414
C_DEVELOPPIECES:0.46256064809240216
C_MATERIAL:0.426574255389607
