ELO:917
CE_PASSEDPAWNS:0.4855842633049218
CE_PAWNWEAKNESSES:0.506233600462057
CE_PIECEACTIVITY:0.5336325034532635
CE_KINGPAWNSHIELD:0.5262729601683948
CE_PIECECOORDINATION:0.5172549285069882
CE_MATERIAL:0.4644594278489829
CE_KINGSAFETY:0.5046651420271485
C_PIECESQUARETABLES:0.48030124344158226
C_MOBILITY:0.4329957572507761
C_KINGSAFETY:0.46267216560429836
C_PAWNSTRUCTURE:0.4591448161644673
C_PIECECOORDINATION:0.46741917937619315
C_ROOK:0.47090872654885946
CE_ROOK:0.5286907073763539
C_CENTERCONTROL:0.4747486822809131
C_DEVELOPPIECES:0.5068003610488897
C_MATERIAL:0.48898081990748204
C_MOVECOUNT:0.510028123203697
C_PAWNMOVEMENT:0.5308943631678994
