ELO:986
CE_PASSEDPAWNS:0.5149316902103556
CE_PAWNWEAKNESSES:0.49220794355362457
CE_PIECEACTIVITY:0.5424227379035286
CE_KINGPAWNSHIELD:0.5070113408955866
CE_PIECECOORDINATION:0.4843530547455487
CE_MATERIAL:0.5060704331396524
CE_KINGSAFETY:0.5
C_PIECESQUARETABLES:0.49128159619626954
C_MOBILITY:0.4965481620323037
C_KINGSAFETY:0.4899233388474808
C_PAWNSTRUCTURE:0.5108991388142785
C_PIECECOORDINATION:0.4602686145774502
C_ROOKANDPAWNMOVEMENT:0.4602686145774502
C_CENTERCONTROL:0.5341460569115006
C_DEVELOPPIECES:0.496098574369187
C_MATERIAL:0.47887628921889686
