ELO:928
CE_PASSEDPAWNS:0.5139659505483978
CE_PAWNWEAKNESSES:0.4848086093289894
CE_PIECEACTIVITY:0.5351668186000111
CE_KINGPAWNSHIELD:0.5382391653613156
CE_PIECECOORDINATION:0.4963540035132553
CE_MATERIAL:0.4684521875491227
CE_KINGSAFETY:0.4944819484859918
C_PIECESQUARETABLES:0.5021339435505114
C_MOBILITY:0.44498123763725395
C_KINGSAFETY:0.46489730629948933
C_PAWNSTRUCTURE:0.4604947767695605
C_PIECECOORDINATION:0.47962564943409214
C_ROOK:0.4812499293150232
CE_ROOK:0.5283241313852174
C_CENTERCONTROL:0.46700028100550833
C_DEVELOPPIECES:0.5090698253568552
C_MATERIAL:0.5065322893674636
C_MOVECOUNT:0.4965455432107356
C_PAWNMOVEMENT:0.5380672880465647
