ELO:1000
CE_PASSEDPAWNS:0.5087121369736861
CE_PAWNWEAKNESSES:0.5040527761102039
CE_PIECEACTIVITY:0.5050162737268832
CE_KINGPAWNSHIELD:0.501280372560204
CE_PIECECOORDINATION:0.4797389913946717
CE_MATERIAL:0.4932889097543329
CE_KINGSAFETY:0.5111180939908779
C_PIECESQUARETABLES:0.5035343983276526
C_MOBILITY:0.4652073521367533
C_KINGSAFETY:0.4972574681959667
C_PAWNSTRUCTURE:0.5070813280351882
C_PIECECOORDINATION:0.49939527675592993
C_ROOKANDPAWNMOVEMENT:0.49939527675592993
C_CENTERCONTROL:0.49676904643873593
C_DEVELOPPIECES:0.5150388647722468
C_MATERIAL:0.45663044334878894
