ELO:935
CE_PASSEDPAWNS:0.511606216953852
CE_PAWNWEAKNESSES:0.500246967795142
CE_PIECEACTIVITY:0.5440046103538251
CE_KINGPAWNSHIELD:0.5325147765550391
CE_PIECECOORDINATION:0.5099789314051083
CE_MATERIAL:0.4702693737004827
CE_KINGSAFETY:0.5
C_PIECESQUARETABLES:0.486940337012921
C_MOBILITY:0.4785578025291877
C_KINGSAFETY:0.4815678517636981
C_PAWNSTRUCTURE:0.46316119434728514
C_PIECECOORDINATION:0.4722365239924141
C_ROOK:0.46510390063198137
CE_ROOK:0.5313370801058265
C_CENTERCONTROL:0.4910555304360751
C_DEVELOPPIECES:0.5071670214988385
C_MATERIAL:0.5165080609648659
C_MOVECOUNT:0.49529826740465493
C_PAWNMOVEMENT:0.5369232816966515
