ELO:868
CE_PASSEDPAWNS:0.399520182318018
CE_PAWNWEAKNESSES:0.6033960005491557
CE_PIECEACTIVITY:0.6111530535728992
CE_KINGPAWNSHIELD:0.49282485429278977
CE_PIECECOORDINATION:0.4854644633912221
CE_MATERIAL:0.5513845383567553
CE_KINGSAFETY:0.5241697947178933
C_PIECESQUARETABLES:0.4624609535318282
C_MOBILITY:0.6560755622482094
C_KINGSAFETY:0.48010195211686313
C_PAWNSTRUCTURE:0.5675739244759529
C_PIECECOORDINATION:0.5745580282697875
C_ROOKANDPAWNMOVEMENT:0.5745580282697875
C_CENTERCONTROL:0.3880436964338699
C_DEVELOPPIECES:0.45524971688857635
C_MATERIAL:0.42803002763169834
