ELO:930
CE_PASSEDPAWNS:0.513484939385634
CE_PAWNWEAKNESSES:0.5101173876637232
CE_PIECEACTIVITY:0.4987611838397438
CE_KINGPAWNSHIELD:0.5153275145116243
CE_PIECECOORDINATION:0.5393886619237466
CE_MATERIAL:0.505630802068179
CE_KINGSAFETY:0.4960641624617565
C_PIECESQUARETABLES:0.49096788269483427
C_MOBILITY:0.5
C_KINGSAFETY:0.5
C_PAWNSTRUCTURE:0.5153782079914527
C_PIECECOORDINATION:0.47940093768654063
C_ROOKANDPAWNMOVEMENT:0.47940093768654063
C_CENTERCONTROL:0.5036070893681499
C_DEVELOPPIECES:0.5122777068123237
C_MATERIAL:0.5035541873888717
C_MOVECOUNT:0.5
