ELO:1000
CE_PASSEDPAWNS:0.5220641716719613
CE_PAWNWEAKNESSES:0.5130966459230448
CE_PIECEACTIVITY:0.5120180263122254
CE_KINGPAWNSHIELD:0.48822776373981797
CE_PIECECOORDINATION:0.4697833510535691
CE_MATERIAL:0.49696234406446593
CE_KINGSAFETY:0.5114178507988602
C_PIECESQUARETABLES:0.5100197119705515
C_MOBILITY:0.45812214665862055
C_KINGSAFETY:0.5120693791349851
C_PAWNSTRUCTURE:0.5226175750937793
C_PIECECOORDINATION:0.5221907642590352
C_ROOKANDPAWNMOVEMENT:0.5221907642590352
C_CENTERCONTROL:0.49520818935161803
C_DEVELOPPIECES:0.4990441900096745
C_MATERIAL:0.4672499351161145
