ELO:936
CE_PASSEDPAWNS:0.4186216360857475
CE_PAWNWEAKNESSES:0.5771054117506768
CE_PIECEACTIVITY:0.5965148923865013
CE_KINGPAWNSHIELD:0.45414608431516035
CE_PIECECOORDINATION:0.476831288265257
CE_MATERIAL:0.5069101191745494
CE_KINGSAFETY:0.5201747840276887
C_PIECESQUARETABLES:0.48144373277915953
C_MOBILITY:0.5982652936379886
C_KINGSAFETY:0.49745655774762176
C_PAWNSTRUCTURE:0.5105388721166478
C_PIECECOORDINATION:0.5718148727278841
C_ROOKANDPAWNMOVEMENT:0.5718148727278841
C_CENTERCONTROL:0.42012999268502743
C_DEVELOPPIECES:0.49828452595879164
C_MATERIAL:0.4430175921953095
