ELO:1001
CE_PASSEDPAWNS:0.4890496999189199
CE_PAWNWEAKNESSES:0.49459889245149036
CE_PIECEACTIVITY:0.49870922544533236
CE_KINGPAWNSHIELD:0.5144876805865543
CE_PIECECOORDINATION:0.49139348049805165
CE_MATERIAL:0.5
CE_KINGSAFETY:0.5
C_PIECESQUARETABLES:0.5
C_MOBILITY:0.5023778513992793
C_KINGSAFETY:0.4843255764391748
C_PAWNSTRUCTURE:0.5028196516276866
C_PIECECOORDINATION:0.5
C_ROOKANDPAWNMOVEMENT:0.5
C_CENTERCONTROL:0.4855886812266236
C_DEVELOPPIECES:0.5014826909462189
C_MATERIAL:0.5083075605025468
C_MOVECOUNT:0.5
