ELO:911
CE_PASSEDPAWNS:0.5127877000965959
CE_PAWNWEAKNESSES:0.52942747619039
CE_PIECEACTIVITY:0.5367324523122896
CE_KINGPAWNSHIELD:0.6045674170078288
CE_PIECECOORDINATION:0.6194180418578035
CE_MATERIAL:0.4029728932290864
CE_KINGSAFETY:0.5095123343869252
C_PIECESQUARETABLES:0.5079214882187869
C_MOBILITY:0.3850154503627142
C_KINGSAFETY:0.5490619343903065
C_PAWNSTRUCTURE:0.4536212305177348
C_PIECECOORDINATION:0.5157998334520136
C_ROOKANDPAWNMOVEMENT:0.5157998334520136
C_CENTERCONTROL:0.56230536653403
C_DEVELOPPIECES:0.47940985564597993
C_MATERIAL:0.5196349700917519
