ELO:903
CE_PASSEDPAWNS:0.4788858752299803
CE_PAWNWEAKNESSES:0.4341330928900811
CE_PIECEACTIVITY:0.5064673876417835
CE_KINGPAWNSHIELD:0.5149438093995421
CE_PIECECOORDINATION:0.5663469750880195
CE_MATERIAL:0.47146567373028736
CE_KINGSAFETY:0.48209717736400426
C_PIECESQUARETABLES:0.5060970819310856
C_MOBILITY:0.5633638210689886
C_KINGSAFETY:0.5163148288173388
C_PAWNSTRUCTURE:0.4952238059316632
C_PIECECOORDINATION:0.5010458052217246
C_ROOKANDPAWNMOVEMENT:0.5010458052217246
C_CENTERCONTROL:0.43256871491128407
C_DEVELOPPIECES:0.4408264372420541
C_MATERIAL:0.4956596132050537
C_MOVECOUNT:0.5
