ELO:967
CE_PASSEDPAWNS:0.5096554006898935
CE_PAWNWEAKNESSES:0.4503503065468019
CE_PIECEACTIVITY:0.5077804611794859
CE_KINGPAWNSHIELD:0.5572003795764335
CE_PIECECOORDINATION:0.5151040227649788
CE_MATERIAL:0.4997672739678931
CE_KINGSAFETY:0.5036916096510021
C_PIECESQUARETABLES:0.5
C_MOBILITY:0.508700127730493
C_KINGSAFETY:0.49884497236933223
C_PAWNSTRUCTURE:0.49836487302046095
C_PIECECOORDINATION:0.5073366034478431
C_ROOK:0.49297212485092995
CE_ROOK:0.4704406858050803
C_CENTERCONTROL:0.49108735534032993
C_DEVELOPPIECES:0.5262181293694237
C_MATERIAL:0.4574653260814897
C_MOVECOUNT:0.5096042046251089
C_PAWNMOVEMENT:0.5070467223043537
