ELO:1035
CE_PASSEDPAWNS:0.5043971454661136
CE_PAWNWEAKNESSES:0.4912871199833471
CE_PIECEACTIVITY:0.5
CE_KINGPAWNSHIELD:0.505554087713803
CE_PIECECOORDINATION:0.5106827953178035
CE_MATERIAL:0.5115781595640657
CE_KINGSAFETY:0.49660191408052695
C_PIECESQUARETABLES:0.49578859449398555
C_MOBILITY:0.5100270534271034
C_KINGSAFETY:0.5
C_PAWNSTRUCTURE:0.4983716484458686
C_PIECECOORDINATION:0.5070464187228407
C_ROOKANDPAWNMOVEMENT:0.5070464187228407
C_CENTERCONTROL:0.4910044445806746
C_DEVELOPPIECES:0.5
C_MATERIAL:0.4886840559980117
