ELO:911
CE_PASSEDPAWNS:0.5944626643712486
CE_PAWNWEAKNESSES:0.39425835350738353
CE_PIECEACTIVITY:0.6113236657128217
CE_KINGPAWNSHIELD:0.4522229112349366
CE_PIECECOORDINATION:0.43048603620005094
CE_MATERIAL:0.5636865183762149
CE_KINGSAFETY:0.5283464083053123
C_PIECESQUARETABLES:0.4978134953963387
C_MOBILITY:0.4976491047552013
C_KINGSAFETY:0.4688272988458252
C_PAWNSTRUCTURE:0.3664472610201471
C_PIECECOORDINATION:0.51565886203046
C_ROOKANDPAWNMOVEMENT:0.51565886203046
C_CENTERCONTROL:0.4159091070389772
C_DEVELOPPIECES:0.5513718320379456
C_MATERIAL:0.42659312585582676
