ELO:960
CE_PASSEDPAWNS:0.5185355171877403
CE_PAWNWEAKNESSES:0.5073814550175872
CE_PIECEACTIVITY:0.48422586044269894
CE_KINGPAWNSHIELD:0.49835086096265024
CE_PIECECOORDINATION:0.5010651884979507
CE_MATERIAL:0.48448258505301994
CE_KINGSAFETY:0.5007650872076476
C_PIECESQUARETABLES:0.48809436122326494
C_MOBILITY:0.5
C_KINGSAFETY:0.49625642584210783
C_PAWNSTRUCTURE:0.5083948790107037
C_PIECECOORDINATION:0.5029888920870943
C_ROOK:0.5
CE_ROOK:0.5
C_CENTERCONTROL:0.5095170885571416
C_DEVELOPPIECES:0.5044514272466594
C_MATERIAL:0.49092611454817364
C_MOVECOUNT:0.4804484834235615
C_PAWNMOVEMENT:0.5
