ELO:965
CE_PASSEDPAWNS:0.4910329061306591
CE_PAWNWEAKNESSES:0.5498641436434257
CE_PIECEACTIVITY:0.5517763535553065
CE_KINGPAWNSHIELD:0.5354841158893201
CE_PIECECOORDINATION:0.5608493714117594
CE_MATERIAL:0.4451095607368949
CE_KINGSAFETY:0.5192921806752978
C_PIECESQUARETABLES:0.5070122040702896
C_MOBILITY:0.5079461730100377
C_KINGSAFETY:0.5470496865196502
C_PAWNSTRUCTURE:0.46054427260367564
C_PIECECOORDINATION:0.5676055679618414
C_ROOKANDPAWNMOVEMENT:0.5676055679618414
C_CENTERCONTROL:0.5379770539866923
C_DEVELOPPIECES:0.38486751856559076
C_MATERIAL:0.5757204950520236
