ELO:1000
CE_PASSEDPAWNS:0.5164148743992883
CE_PAWNWEAKNESSES:0.5171093322662089
CE_PIECEACTIVITY:0.49697312891021084
CE_KINGPAWNSHIELD:0.48753219746941684
CE_PIECECOORDINATION:0.5222194720040109
CE_MATERIAL:0.4966029517740056
CE_KINGSAFETY:0.5089683423510102
C_PIECESQUARETABLES:0.5054549880601431
C_MOBILITY:0.5024721963723562
C_KINGSAFETY:0.47965848252462173
C_PAWNSTRUCTURE:0.5201197176122956
C_PIECECOORDINATION:0.5068092223821622
C_ROOKANDPAWNMOVEMENT:0.5068092223821622
C_CENTERCONTROL:0.497894932759365
C_DEVELOPPIECES:0.49897587368334356
C_MATERIAL:0.5104180930953575
C_MOVECOUNT:0.49735711319942333
