ELO:1003
CE_PASSEDPAWNS:0.47391601771006325
CE_PAWNWEAKNESSES:0.4944155772920567
CE_PIECEACTIVITY:0.49888501129208906
CE_KINGPAWNSHIELD:0.47035427114508144
CE_PIECECOORDINATION:0.5150442304159467
CE_MATERIAL:0.5236304055132962
CE_KINGSAFETY:0.5
C_PIECESQUARETABLES:0.5
C_MOBILITY:0.526203782170374
C_KINGSAFETY:0.48134692463070256
C_PAWNSTRUCTURE:0.48611940130445935
C_PIECECOORDINATION:0.49436539360922677
C_ROOK:0.5362745065726938
CE_ROOK:0.4916578152683325
C_CENTERCONTROL:0.4978469337789744
C_DEVELOPPIECES:0.48352193214347655
C_MATERIAL:0.5024675932608175
C_MOVECOUNT:0.45993138121384947
C_PAWNMOVEMENT:0.46990389709928526
