ELO:1119
CE_PASSEDPAWNS:0.6341698765345446
CE_PAWNWEAKNESSES:0.5072218307442357
CE_PIECEACTIVITY:0.47355699086403114
CE_KINGPAWNSHIELD:0.6208131797722044
CE_PIECECOORDINATION:0.5707969823983154
CE_MATERIAL:0.44171717842229286
CE_KINGSAFETY:0.5
C_PIECESQUARETABLES:0.5
C_MOBILITY:0.4455170774255024
C_KINGSAFETY:0.49409689329199485
C_PAWNSTRUCTURE:0.41040599071577993
C_PIECECOORDINATION:0.4736513938244403
C_ROOKANDPAWNMOVEMENT:0.4736513938244403
C_CENTERCONTROL:0.48579773875923155
C_DEVELOPPIECES:0.464302331748555
C_MATERIAL:0.4063918105112338
