ELO:1000
CE_PASSEDPAWNS:0.5239524071895205
CE_PAWNWEAKNESSES:0.5199045545962541
CE_PIECEACTIVITY:0.5105280983646238
CE_KINGPAWNSHIELD:0.5274438000637135
CE_PIECECOORDINATION:0.554459720301194
CE_MATERIAL:0.4942427065123674
CE_KINGSAFETY:0.5405958909848659
C_PIECESQUARETABLES:0.505840961006694
C_MOBILITY:0.46733211495789423
C_KINGSAFETY:0.45710355066043223
C_PAWNSTRUCTURE:0.45649510290997947
C_PIECECOORDINATION:0.49561076072491117
C_ROOKANDPAWNMOVEMENT:0.49561076072491117
C_CENTERCONTROL:0.5131958588017562
C_DEVELOPPIECES:0.5312489184063227
C_MATERIAL:0.47849585099174036
