ELO:986
CE_PASSEDPAWNS:0.46947458937939984
CE_PAWNWEAKNESSES:0.49109171763040305
CE_PIECEACTIVITY:0.523481631638497
CE_KINGPAWNSHIELD:0.5199992361215705
CE_PIECECOORDINATION:0.4943146719410239
CE_MATERIAL:0.47961734440290227
CE_KINGSAFETY:0.49794827253816026
C_PIECESQUARETABLES:0.5029629025598858
C_MOBILITY:0.4998057374966513
C_KINGSAFETY:0.4865122863195932
C_PAWNSTRUCTURE:0.5031337132194852
C_PIECECOORDINATION:0.4883158373772397
C_ROOK:0.4966712389813435
CE_ROOK:0.5029900000683722
C_CENTERCONTROL:0.48117267803440733
C_DEVELOPPIECES:0.4898677612788253
C_MATERIAL:0.4970400288148616
C_MOVECOUNT:0.4946262411379418
C_PAWNMOVEMENT:0.5007345139998723
