ELO:856
CE_PASSEDPAWNS:0.5195124271309494
CE_PAWNWEAKNESSES:0.5116627581718236
CE_PIECEACTIVITY:0.5303929357944998
CE_KINGPAWNSHIELD:0.4581969618142881
CE_PIECECOORDINATION:0.4854780029178902
CE_MATERIAL:0.5374381505186144
CE_KINGSAFETY:0.4874383772526724
C_PIECESQUARETABLES:0.5
C_MOBILITY:0.39698554990370943
C_KINGSAFETY:0.5525107294483064
C_PAWNSTRUCTURE:0.5207458072853128
C_PIECECOORDINATION:0.5153847977266536
C_ROOKANDPAWNMOVEMENT:0.5153847977266536
C_CENTERCONTROL:0.5988664572225119
C_DEVELOPPIECES:0.45917114825593214
C_MATERIAL:0.46843468502658675
C_MOVECOUNT:0.5237629977167696
