ELO:1003
CE_PASSEDPAWNS:0.5102138582923686
CE_PAWNWEAKNESSES:0.4919223096499191
CE_PIECEACTIVITY:0.5
CE_KINGPAWNSHIELD:0.5001435463187696
CE_PIECECOORDINATION:0.4965143443457355
CE_MATERIAL:0.5038932937738736
CE_KINGSAFETY:0.5071258258037441
C_PIECESQUARETABLES:0.5
C_MOBILITY:0.4947886505081461
C_KINGSAFETY:0.4902328696954263
C_PAWNSTRUCTURE:0.5040466583913675
C_PIECECOORDINATION:0.5
C_ROOKANDPAWNMOVEMENT:0.5
C_CENTERCONTROL:0.5
C_DEVELOPPIECES:0.4994754722079785
C_MATERIAL:0.4973028221340581
C_MOVECOUNT:0.5
