ELO:956
CE_PASSEDPAWNS:0.46947458937939984
CE_PAWNWEAKNESSES:0.4660617691816596
CE_PIECEACTIVITY:0.5252071966859124
CE_KINGPAWNSHIELD:0.5435570699718423
CE_PIECECOORDINATION:0.4720869686026874
CE_MATERIAL:0.5010480713978905
CE_KINGSAFETY:0.5113577996489822
C_PIECESQUARETABLES:0.502043199788312
C_MOBILITY:0.49268779050871625
C_KINGSAFETY:0.5028575209694761
C_PAWNSTRUCTURE:0.4875959432307467
C_PIECECOORDINATION:0.47393567461160424
C_ROOK:0.491258926471107
CE_ROOK:0.49169531179181875
C_CENTERCONTROL:0.4842504845223201
C_DEVELOPPIECES:0.4835109219005725
C_MATERIAL:0.4915014572797324
C_MOVECOUNT:0.48947604540220635
C_PAWNMOVEMENT:0.48863837604475235
