ELO:967
CE_PASSEDPAWNS:0.46947458937939984
CE_PAWNWEAKNESSES:0.45589301410253386
CE_PIECEACTIVITY:0.5150830404864081
CE_KINGPAWNSHIELD:0.5450273214256423
CE_PIECECOORDINATION:0.47805993900868254
CE_MATERIAL:0.5035168385328899
CE_KINGSAFETY:0.5
C_PIECESQUARETABLES:0.4918901135015851
C_MOBILITY:0.5123916700315287
C_KINGSAFETY:0.4960192786701027
C_PAWNSTRUCTURE:0.4858320551434003
C_PIECECOORDINATION:0.47393567461160424
C_ROOK:0.5060160428869749
CE_ROOK:0.49169531179181875
C_CENTERCONTROL:0.4753580083303041
C_DEVELOPPIECES:0.4730448496082533
C_MATERIAL:0.47478501433711895
C_MOVECOUNT:0.4957027339226983
C_PAWNMOVEMENT:0.4779926543646966
