ELO:999
CE_PASSEDPAWNS:0.5261301334615538
CE_PAWNWEAKNESSES:0.5006358478396588
CE_PIECEACTIVITY:0.4856238290748543
CE_KINGPAWNSHIELD:0.4990152525810501
CE_PIECECOORDINATION:0.48842212747245634
CE_MATERIAL:0.5084997514937688
CE_KINGSAFETY:0.5041179464314004
C_PIECESQUARETABLES:0.5
C_MOBILITY:0.49322115012982237
C_KINGSAFETY:0.5003494523120425
C_PAWNSTRUCTURE:0.5285106787155639
C_PIECECOORDINATION:0.5273372340021613
C_ROOKANDPAWNMOVEMENT:0.5273372340021613
C_CENTERCONTROL:0.519818291329724
C_DEVELOPPIECES:0.4853773719051638
C_MATERIAL:0.5154870154207359
C_MOVECOUNT:0.48910057381025596
