ELO:989
CE_PASSEDPAWNS:0.46727693989758634
CE_PAWNWEAKNESSES:0.4758549934309976
CE_PIECEACTIVITY:0.5172188845870642
CE_KINGPAWNSHIELD:0.4957803202885925
CE_PIECECOORDINATION:0.6064216326931062
CE_MATERIAL:0.533732465446487
CE_KINGSAFETY:0.5
C_PIECESQUARETABLES:0.5
C_MOBILITY:0.5054917583631313
C_KINGSAFETY:0.5054302180823947
C_PAWNSTRUCTURE:0.5420386690241356
C_PIECECOORDINATION:0.5266591127413877
C_ROOK:0.5
CE_ROOK:0.5186176752041565
C_CENTERCONTROL:0.46805458764724367
C_DEVELOPPIECES:0.5228130600638412
C_MATERIAL:0.49192735574117236
C_MOVECOUNT:0.46189020469144204
C_PAWNMOVEMENT:0.5296747992354722
