ELO:942
CE_PASSEDPAWNS:0.5784434065993226
CE_PAWNWEAKNESSES:0.40907494063642197
CE_PIECEACTIVITY:0.628506839706066
CE_KINGPAWNSHIELD:0.450483617803921
CE_PIECECOORDINATION:0.4270969413486171
CE_MATERIAL:0.5382086795593313
CE_KINGSAFETY:0.5364354547361073
C_PIECESQUARETABLES:0.4959555096214488
C_MOBILITY:0.4820728304740201
C_KINGSAFETY:0.455194668979542
C_PAWNSTRUCTURE:0.3803607567271991
C_PIECECOORDINATION:0.5296046148091987
C_ROOKANDPAWNMOVEMENT:0.5296046148091987
C_CENTERCONTROL:0.41510012386433254
C_DEVELOPPIECES:0.5033943474453099
C_MATERIAL:0.4411443979010338
