ELO:986
CE_PASSEDPAWNS:0.5048898120295305
CE_PAWNWEAKNESSES:0.5
CE_PIECEACTIVITY:0.5082456892812458
CE_KINGPAWNSHIELD:0.49844893629157094
CE_PIECECOORDINATION:0.502422079127405
CE_MATERIAL:0.4806025544472945
CE_KINGSAFETY:0.5038662465202751
C_PIECESQUARETABLES:0.5100943289064376
C_MOBILITY:0.5
C_KINGSAFETY:0.47997547768768045
C_PAWNSTRUCTURE:0.5013178073761781
C_PIECECOORDINATION:0.5039338140224238
C_ROOKANDPAWNMOVEMENT:0.5039338140224238
C_CENTERCONTROL:0.5171571309265591
C_DEVELOPPIECES:0.49793196967851244
C_MATERIAL:0.5021559789364268
C_MOVECOUNT:0.5
