ELO:937
CE_PASSEDPAWNS:0.5098121976279034
CE_PAWNWEAKNESSES:0.5580733844630724
CE_PIECEACTIVITY:0.5399548283267187
CE_KINGPAWNSHIELD:0.6091560548287511
CE_PIECECOORDINATION:0.6192827866412387
CE_MATERIAL:0.38280258180576615
CE_KINGSAFETY:0.5159167430156006
C_PIECESQUARETABLES:0.528861265632178
C_MOBILITY:0.3791287490405829
C_KINGSAFETY:0.5524820716970721
C_PAWNSTRUCTURE:0.47860413464520374
C_PIECECOORDINATION:0.532910946231465
C_ROOKANDPAWNMOVEMENT:0.532910946231465
C_CENTERCONTROL:0.5836141792542004
C_DEVELOPPIECES:0.48847174670074534
C_MATERIAL:0.5136207902702187
