ELO:811
CE_PASSEDPAWNS:0.46155830777490103
CE_PAWNWEAKNESSES:0.48763502620180477
CE_PIECEACTIVITY:0.5167068960748223
CE_KINGPAWNSHIELD:0.5241786144270814
CE_PIECECOORDINATION:0.5071698749675098
CE_MATERIAL:0.48469697346957563
CE_KINGSAFETY:0.5
C_PIECESQUARETABLES:0.5113965002615118
C_MOBILITY:0.5356623114018985
C_KINGSAFETY:0.49664811685949656
C_PAWNSTRUCTURE:0.4836596730165633
C_PIECECOORDINATION:0.5219551438773498
C_ROOKANDPAWNMOVEMENT:0.5219551438773498
C_CENTERCONTROL:0.47502646815822686
C_DEVELOPPIECES:0.5889903826375784
C_MATERIAL:0.5105020024611128
C_MOVECOUNT:0.5114892641901032
