ELO:1000
CE_PASSEDPAWNS:0.49883964620864435
CE_PAWNWEAKNESSES:0.449861944217497
CE_PIECEACTIVITY:0.4434929387948377
CE_KINGPAWNSHIELD:0.46459134536931357
CE_PIECECOORDINATION:0.47216462124123276
CE_MATERIAL:0.44339198005318975
CE_KINGSAFETY:0.5568061023869997
C_PIECESQUARETABLES:0.4849312290185992
C_MOBILITY:0.4777979004670849
C_KINGSAFETY:0.48702633299254183
C_PAWNSTRUCTURE:0.5127761082075633
C_PIECECOORDINATION:0.5215206815878459
C_ROOKANDPAWNMOVEMENT:0.5215206815878459
C_CENTERCONTROL:0.5463388886444901
C_DEVELOPPIECES:0.5021337346632178
C_MATERIAL:0.4807049772047117
