ELO:890
CE_PASSEDPAWNS:0.49153274893669163
CE_PAWNWEAKNESSES:0.4704759036095129
CE_PIECEACTIVITY:0.5141201050425191
CE_KINGPAWNSHIELD:0.5013410914042382
CE_PIECECOORDINATION:0.5674738414990899
CE_MATERIAL:0.5072963283411738
CE_KINGSAFETY:0.4841856231267054
C_PIECESQUARETABLES:0.5196307607744465
C_MOBILITY:0.5300673987171912
C_KINGSAFETY:0.5010527542385055
C_PAWNSTRUCTURE:0.4969554536909834
C_PIECECOORDINATION:0.5247863202901063
C_ROOKANDPAWNMOVEMENT:0.5247863202901063
C_CENTERCONTROL:0.4463863156590982
C_DEVELOPPIECES:0.47324951828607903
C_MATERIAL:0.5019000052254418
C_MOVECOUNT:0.5
