ELO:1005
CE_PASSEDPAWNS:0.503400773597093
CE_PAWNWEAKNESSES:0.48335710037868446
CE_PIECEACTIVITY:0.4968696297557622
CE_KINGPAWNSHIELD:0.5074771681507183
CE_PIECECOORDINATION:0.5024452296180759
CE_MATERIAL:0.5202475577131204
CE_KINGSAFETY:0.5223221887880346
C_PIECESQUARETABLES:0.5160409820055891
C_MOBILITY:0.4928606886996962
C_KINGSAFETY:0.49133242234223873
C_PAWNSTRUCTURE:0.5
C_PIECECOORDINATION:0.5195910852607821
C_ROOKANDPAWNMOVEMENT:0.5195910852607821
C_CENTERCONTROL:0.49681087177803296
C_DEVELOPPIECES:0.5293406778056661
C_MATERIAL:0.5
C_MOVECOUNT:0.5
