ELO:919
CE_PASSEDPAWNS:0.5197614373679668
CE_PAWNWEAKNESSES:0.5201236082157544
CE_PIECEACTIVITY:0.5243798317518245
CE_KINGPAWNSHIELD:0.6243237413666197
CE_PIECECOORDINATION:0.6070081372891776
CE_MATERIAL:0.39647062676946604
CE_KINGSAFETY:0.49108917087013687
C_PIECESQUARETABLES:0.5069338007474008
C_MOBILITY:0.39102707517568636
C_KINGSAFETY:0.5578428510624706
C_PAWNSTRUCTURE:0.45953272821066293
C_PIECECOORDINATION:0.5297679167326387
C_ROOKANDPAWNMOVEMENT:0.5297679167326387
C_CENTERCONTROL:0.5501930503574662
C_DEVELOPPIECES:0.4637528612986255
C_MATERIAL:0.5183254143981141
