ELO:1002
CE_PASSEDPAWNS:0.5059391516368017
CE_PAWNWEAKNESSES:0.5096281224457462
CE_PIECEACTIVITY:0.49249103898528274
CE_KINGPAWNSHIELD:0.48863544927142216
CE_PIECECOORDINATION:0.4994278019304306
CE_MATERIAL:0.478443675181644
CE_KINGSAFETY:0.5076754683790444
C_PIECESQUARETABLES:0.49779208229408434
C_MOBILITY:0.4907949673592618
C_KINGSAFETY:0.5
C_PAWNSTRUCTURE:0.5
C_PIECECOORDINATION:0.5
C_ROOKANDPAWNMOVEMENT:0.5
C_CENTERCONTROL:0.4837227014997184
C_DEVELOPPIECES:0.505974095108538
C_MATERIAL:0.5129844326685912
C_MOVECOUNT:0.509702965007893
