ELO:989
CE_PASSEDPAWNS:0.4898450814439101
CE_PAWNWEAKNESSES:0.5039489905751104
CE_PIECEACTIVITY:0.500798753920888
CE_KINGPAWNSHIELD:0.5746927046002712
CE_PIECECOORDINATION:0.5631855173739309
CE_MATERIAL:0.4586002539433568
CE_KINGSAFETY:0.5207874986390132
C_PIECESQUARETABLES:0.551233132892015
C_MOBILITY:0.43784608278647624
C_KINGSAFETY:0.5139159430057153
C_PAWNSTRUCTURE:0.4491267132711005
C_PIECECOORDINATION:0.5129144655968538
C_ROOKANDPAWNMOVEMENT:0.5129144655968538
C_CENTERCONTROL:0.560684885221135
C_DEVELOPPIECES:0.4956837484990865
C_MATERIAL:0.5292447155083374
