ELO:1005
CE_PASSEDPAWNS:0.48795670447629463
CE_PAWNWEAKNESSES:0.4893393186104261
CE_PIECEACTIVITY:0.5168486230645639
CE_KINGPAWNSHIELD:0.49532825216966814
CE_PIECECOORDINATION:0.5118899588125145
CE_MATERIAL:0.4944252960233041
CE_KINGSAFETY:0.5
C_PIECESQUARETABLES:0.5
C_MOBILITY:0.5133945074135239
C_KINGSAFETY:0.49560193455526014
C_PAWNSTRUCTURE:0.5024028899882942
C_PIECECOORDINATION:0.48946031910543464
C_ROOKANDPAWNMOVEMENT:0.48946031910543464
C_CENTERCONTROL:0.5076617448710945
C_DEVELOPPIECES:0.5221733252402069
C_MATERIAL:0.5
C_MOVECOUNT:0.5
