ELO:927
CE_PASSEDPAWNS:0.5382718653527919
CE_PAWNWEAKNESSES:0.5251091725555355
CE_PIECEACTIVITY:0.4839255151070721
CE_KINGPAWNSHIELD:0.4988214126077176
CE_PIECECOORDINATION:0.5055808827252487
CE_MATERIAL:0.5060598185209635
CE_KINGSAFETY:0.4881643276086246
C_PIECESQUARETABLES:0.5132009370660655
C_MOBILITY:0.43157049191519553
C_KINGSAFETY:0.47926579194077523
C_PAWNSTRUCTURE:0.4807565020838638
C_PIECECOORDINATION:0.4600504074491027
C_ROOKANDPAWNMOVEMENT:0.4600504074491027
C_CENTERCONTROL:0.5404231747432511
C_DEVELOPPIECES:0.4333739420536389
C_MATERIAL:0.5444291668058348
C_MOVECOUNT:0.5266889200357958
