ELO:989
CE_PASSEDPAWNS:0.5436196377958513
CE_PAWNWEAKNESSES:0.4561623317872832
CE_PIECEACTIVITY:0.5916636852094038
CE_KINGPAWNSHIELD:0.41347246232042745
CE_PIECECOORDINATION:0.46461983234680354
CE_MATERIAL:0.5518236198727224
CE_KINGSAFETY:0.5633032989164337
C_PIECESQUARETABLES:0.5173197490735899
C_MOBILITY:0.48414091627897604
C_KINGSAFETY:0.420394851667695
C_PAWNSTRUCTURE:0.393762327092642
C_PIECECOORDINATION:0.514382357358792
C_ROOKANDPAWNMOVEMENT:0.514382357358792
C_CENTERCONTROL:0.4134197019866112
C_DEVELOPPIECES:0.5824336402888327
C_MATERIAL:0.4591058222920784
