ELO:1000
CE_PASSEDPAWNS:0.5093312125878157
CE_PAWNWEAKNESSES:0.4751233413975919
CE_PIECEACTIVITY:0.46703386869223124
CE_KINGPAWNSHIELD:0.4943254887721005
CE_PIECECOORDINATION:0.4619469590455086
CE_MATERIAL:0.4601822347891946
CE_KINGSAFETY:0.552822614051901
C_PIECESQUARETABLES:0.5029597180379567
C_MOBILITY:0.49750580739367684
C_KINGSAFETY:0.5033938812271854
C_PAWNSTRUCTURE:0.49762418788629137
C_PIECECOORDINATION:0.5117671059110237
C_ROOKANDPAWNMOVEMENT:0.5117671059110237
C_CENTERCONTROL:0.4885996370000982
C_DEVELOPPIECES:0.5018958423587065
C_MATERIAL:0.46663220659460825
