ELO:984
CE_PASSEDPAWNS:0.4871437921074297
CE_PAWNWEAKNESSES:0.4800489530787197
CE_PIECEACTIVITY:0.49182945275259693
CE_KINGPAWNSHIELD:0.5322206202424562
CE_PIECECOORDINATION:0.5383228628308073
CE_MATERIAL:0.504957361265303
CE_KINGSAFETY:0.5
C_PIECESQUARETABLES:0.5
C_MOBILITY:0.49364525819531174
C_KINGSAFETY:0.5075074522751464
C_PAWNSTRUCTURE:0.5134242908051264
C_PIECECOORDINATION:0.5
C_ROOKANDPAWNMOVEMENT:0.5
C_CENTERCONTROL:0.48583206458451594
C_DEVELOPPIECES:0.4836010868411453
C_MATERIAL:0.49849448604061014
C_MOVECOUNT:0.4833802118878399
