ELO:928
CE_PASSEDPAWNS:0.49802563090192414
CE_PAWNWEAKNESSES:0.4862601929426719
CE_PIECEACTIVITY:0.5144414602870985
CE_KINGPAWNSHIELD:0.4847250215871581
CE_PIECECOORDINATION:0.562587500358711
CE_MATERIAL:0.4927468585588402
CE_KINGSAFETY:0.4799722533913638
C_PIECESQUARETABLES:0.5524883036801815
C_MOBILITY:0.5266376989825102
C_KINGSAFETY:0.48670648262610355
C_PAWNSTRUCTURE:0.49947285013425086
C_PIECECOORDINATION:0.5383589710118953
C_ROOKANDPAWNMOVEMENT:0.5383589710118953
C_CENTERCONTROL:0.4409362098051354
C_DEVELOPPIECES:0.4509335187511735
C_MATERIAL:0.4925435334675724
C_MOVECOUNT:0.5
