ELO:952
CE_PASSEDPAWNS:0.5218750530086691
CE_PAWNWEAKNESSES:0.4956682814733905
CE_PIECEACTIVITY:0.5181485184023894
CE_KINGPAWNSHIELD:0.6250643927188294
CE_PIECECOORDINATION:0.5925186605694757
CE_MATERIAL:0.4054262412455927
CE_KINGSAFETY:0.531454873867009
C_PIECESQUARETABLES:0.4991115994974335
C_MOBILITY:0.39141503952277135
C_KINGSAFETY:0.5452862254305235
C_PAWNSTRUCTURE:0.4643504079057428
C_PIECECOORDINATION:0.5295209335206928
C_ROOKANDPAWNMOVEMENT:0.5295209335206928
C_CENTERCONTROL:0.5746409276787215
C_DEVELOPPIECES:0.4679721645570804
C_MATERIAL:0.5479886392095261
