ELO:1000
CE_PASSEDPAWNS:0.5023078664239308
CE_PAWNWEAKNESSES:0.46666055359964886
CE_PIECEACTIVITY:0.46703666091847423
CE_KINGPAWNSHIELD:0.46459134536931357
CE_PIECECOORDINATION:0.47342578552362186
CE_MATERIAL:0.4513477706609117
CE_KINGSAFETY:0.5434903398390841
C_PIECESQUARETABLES:0.5036368770878186
C_MOBILITY:0.49750580739367684
C_KINGSAFETY:0.49792024474408425
C_PAWNSTRUCTURE:0.5018271408006514
C_PIECECOORDINATION:0.5143182425824991
C_ROOKANDPAWNMOVEMENT:0.5143182425824991
C_CENTERCONTROL:0.5203621416212943
C_DEVELOPPIECES:0.5018958423587065
C_MATERIAL:0.4445211496029783
