ELO:1000
CE_PASSEDPAWNS:0.495984994320356
CE_PAWNWEAKNESSES:0.5254582272641102
CE_PIECEACTIVITY:0.48816092498023594
CE_KINGPAWNSHIELD:0.5276642726117424
CE_PIECECOORDINATION:0.521985826395079
CE_MATERIAL:0.5024062451625512
CE_KINGSAFETY:0.5073604954054888
C_PIECESQUARETABLES:0.5318054890103046
C_MOBILITY:0.48847439430117323
C_KINGSAFETY:0.4762187390925187
C_PAWNSTRUCTURE:0.49269838005211214
C_PIECECOORDINATION:0.47917170241599505
C_ROOKANDPAWNMOVEMENT:0.47917170241599505
C_CENTERCONTROL:0.4962805267979809
C_DEVELOPPIECES:0.5033720461197652
C_MATERIAL:0.4876848281966099
