ELO:1000
CE_PASSEDPAWNS:0.4982410371289068
CE_PAWNWEAKNESSES:0.5206412344631107
CE_PIECEACTIVITY:0.5015911286686567
CE_KINGPAWNSHIELD:0.5231334264865056
CE_PIECECOORDINATION:0.5129121571121806
CE_MATERIAL:0.5191002076927923
CE_KINGSAFETY:0.5430968509123273
C_PIECESQUARETABLES:0.5203818533041807
C_MOBILITY:0.47486947559458476
C_KINGSAFETY:0.4580912361711061
C_PAWNSTRUCTURE:0.46279921856691564
C_PIECECOORDINATION:0.5019965294505329
C_ROOKANDPAWNMOVEMENT:0.5019965294505329
C_CENTERCONTROL:0.4828682216519498
C_DEVELOPPIECES:0.5124643232686776
C_MATERIAL:0.47832496161443855
