ELO:1000
CE_PASSEDPAWNS:0.5286815640183413
CE_PAWNWEAKNESSES:0.4204425062422395
CE_PIECEACTIVITY:0.5258550182224452
CE_KINGPAWNSHIELD:0.4718437626399657
CE_PIECECOORDINATION:0.5346201133261106
CE_MATERIAL:0.53530039419469
CE_KINGSAFETY:0.4773571404468878
C_PIECESQUARETABLES:0.45567944662310994
C_MOBILITY:0.4940033929928091
C_KINGSAFETY:0.5175132961412008
C_PAWNSTRUCTURE:0.4998133286548372
C_PIECECOORDINATION:0.496677793937584
C_ROOKANDPAWNMOVEMENT:0.496677793937584
C_CENTERCONTROL:0.4380290403514074
C_DEVELOPPIECES:0.4888185679072167
C_MATERIAL:0.49990632187735334
