ELO:937
CE_PASSEDPAWNS:0.49007070705829414
CE_PAWNWEAKNESSES:0.5309527171103735
CE_PIECEACTIVITY:0.5148769242318991
CE_KINGPAWNSHIELD:0.4793965260259257
CE_PIECECOORDINATION:0.5156925013368416
CE_MATERIAL:0.4731792976242999
CE_KINGSAFETY:0.5253519749725534
C_PIECESQUARETABLES:0.5109796597944977
C_MOBILITY:0.46807991584116654
C_KINGSAFETY:0.49746384019738904
C_PAWNSTRUCTURE:0.5175108940747106
C_PIECECOORDINATION:0.5150922392892997
C_ROOKANDPAWNMOVEMENT:0.5150922392892997
C_CENTERCONTROL:0.5108518587360166
C_DEVELOPPIECES:0.49621815731300234
C_MATERIAL:0.49520163535576034
C_MOVECOUNT:0.5
