ELO:970
CE_PASSEDPAWNS:0.49866279174002576
CE_PAWNWEAKNESSES:0.4967050857439611
CE_PIECEACTIVITY:0.4994497267948467
CE_KINGPAWNSHIELD:0.5130587856035516
CE_PIECECOORDINATION:0.5
CE_MATERIAL:0.5114204562304185
CE_KINGSAFETY:0.5
C_PIECESQUARETABLES:0.48519691826151756
C_MOBILITY:0.4991341628136339
C_KINGSAFETY:0.499725137686613
C_PAWNSTRUCTURE:0.4999576816296674
C_PIECECOORDINATION:0.5051075490785257
C_ROOKANDPAWNMOVEMENT:0.5051075490785257
C_CENTERCONTROL:0.5117240657075784
C_DEVELOPPIECES:0.46272320689591145
C_MATERIAL:0.5
C_MOVECOUNT:0.5
