ELO:969
CE_PASSEDPAWNS:0.46947458937939984
CE_PAWNWEAKNESSES:0.4660617691816596
CE_PIECEACTIVITY:0.5304962901551044
CE_KINGPAWNSHIELD:0.5435570699718423
CE_PIECECOORDINATION:0.471463942378209
CE_MATERIAL:0.5010480713978905
CE_KINGSAFETY:0.5033376115037815
C_PIECESQUARETABLES:0.4994551765576301
C_MOBILITY:0.4916555928999226
C_KINGSAFETY:0.5029180768624703
C_PAWNSTRUCTURE:0.48093125674112425
C_PIECECOORDINATION:0.47393567461160424
C_ROOK:0.491258926471107
CE_ROOK:0.5029900000683722
C_CENTERCONTROL:0.4958160987392539
C_DEVELOPPIECES:0.4835109219005725
C_MATERIAL:0.4915014572797324
C_MOVECOUNT:0.48947604540220635
C_PAWNMOVEMENT:0.48863837604475235
