ELO:987
CE_PASSEDPAWNS:0.47322606288376606
CE_PAWNWEAKNESSES:0.49109171763040305
CE_PIECEACTIVITY:0.523481631638497
CE_KINGPAWNSHIELD:0.5199992361215705
CE_PIECECOORDINATION:0.5031814423499783
CE_MATERIAL:0.4850471280134857
CE_KINGSAFETY:0.5076886424297046
C_PIECESQUARETABLES:0.5
C_MOBILITY:0.5036397633649896
C_KINGSAFETY:0.4923213763110297
C_PAWNSTRUCTURE:0.5114722369465455
C_PIECECOORDINATION:0.4878854910880141
C_ROOK:0.4973196318896856
CE_ROOK:0.5120963823670032
C_CENTERCONTROL:0.4769709002459807
C_DEVELOPPIECES:0.5073837464882996
C_MATERIAL:0.5057684681359376
C_MOVECOUNT:0.4929614262461382
C_PAWNMOVEMENT:0.5030095166472269
