ELO:971
CE_PASSEDPAWNS:0.4706332815834023
CE_PAWNWEAKNESSES:0.5855804607997607
CE_PIECEACTIVITY:0.4660832899935044
CE_KINGPAWNSHIELD:0.512302746561194
CE_PIECECOORDINATION:0.4435935296533707
CE_MATERIAL:0.45991123034235976
CE_KINGSAFETY:0.5498969917064436
C_PIECESQUARETABLES:0.47411963574268157
C_MOBILITY:0.5453311846749311
C_KINGSAFETY:0.447316846857216
C_PAWNSTRUCTURE:0.5552899854533977
C_PIECECOORDINATION:0.4714004734779139
C_ROOKANDPAWNMOVEMENT:0.4714004734779139
C_CENTERCONTROL:0.5024492088204917
C_DEVELOPPIECES:0.5419137831922454
C_MATERIAL:0.5249835184456535
