ELO:922
CE_PASSEDPAWNS:0.46793042398882023
CE_PAWNWEAKNESSES:0.535191932893223
CE_PIECEACTIVITY:0.5274978411698624
CE_KINGPAWNSHIELD:0.48987894933683857
CE_PIECECOORDINATION:0.5374763787588938
CE_MATERIAL:0.5432792516416503
CE_KINGSAFETY:0.5121413096946161
C_PIECESQUARETABLES:0.5090751837779558
C_MOBILITY:0.47324895058810146
C_KINGSAFETY:0.5134687879050092
C_PAWNSTRUCTURE:0.5237253651545708
C_PIECECOORDINATION:0.45666114253382484
C_ROOK:0.5423674067644713
CE_ROOK:0.5008074190930748
C_CENTERCONTROL:0.48751134590765494
C_DEVELOPPIECES:0.5080560727378732
C_MATERIAL:0.48847504025909316
C_MOVECOUNT:0.4927436670251494
C_PAWNMOVEMENT:0.546946780610488
