ELO:955
CE_PASSEDPAWNS:0.4986845528723166
CE_PAWNWEAKNESSES:0.6191587216579035
CE_PIECEACTIVITY:0.5244435007054696
CE_KINGPAWNSHIELD:0.48880518478088975
CE_PIECECOORDINATION:0.4765008346713168
CE_MATERIAL:0.4656456936176108
CE_KINGSAFETY:0.4811891505352809
C_PIECESQUARETABLES:0.5095697471493151
C_MOBILITY:0.5318844199969375
C_KINGSAFETY:0.4420867586117134
C_PAWNSTRUCTURE:0.5665044180907712
C_PIECECOORDINATION:0.49783639028947274
C_ROOKANDPAWNMOVEMENT:0.49783639028947274
C_CENTERCONTROL:0.4714414867521325
C_DEVELOPPIECES:0.520234995133526
C_MATERIAL:0.5537783782943004
