ELO:973
CE_PASSEDPAWNS:0.494387778051523
CE_PAWNWEAKNESSES:0.5053515437211651
CE_PIECEACTIVITY:0.4842409477899553
CE_KINGPAWNSHIELD:0.5085173751245884
CE_PIECECOORDINATION:0.48863134218430904
CE_MATERIAL:0.5099493343926433
CE_KINGSAFETY:0.5
C_PIECESQUARETABLES:0.5134321736018492
C_MOBILITY:0.4945382406989136
C_KINGSAFETY:0.4963104431833223
C_PAWNSTRUCTURE:0.4766371700105728
C_PIECECOORDINATION:0.503855754248055
C_ROOK:0.519419555054112
CE_ROOK:0.4914568896784584
C_CENTERCONTROL:0.4753727210071046
C_DEVELOPPIECES:0.468365786906846
C_MATERIAL:0.49855175730691265
C_MOVECOUNT:0.5059531942528932
C_PAWNMOVEMENT:0.5102155451960295
