ELO:990
CE_PASSEDPAWNS:0.44306896003666996
CE_PAWNWEAKNESSES:0.5695183397093413
CE_PIECEACTIVITY:0.44860936876538815
CE_KINGPAWNSHIELD:0.5080571222962075
CE_PIECECOORDINATION:0.451434411118722
CE_MATERIAL:0.4810480879590887
CE_KINGSAFETY:0.5350811027230844
C_PIECESQUARETABLES:0.47679559975702934
C_MOBILITY:0.5344018299461466
C_KINGSAFETY:0.4148774895396891
C_PAWNSTRUCTURE:0.5745644785062763
C_PIECECOORDINATION:0.4572936853952187
C_ROOKANDPAWNMOVEMENT:0.4572936853952187
C_CENTERCONTROL:0.5176788699898299
C_DEVELOPPIECES:0.5415348444581282
C_MATERIAL:0.5504174159878049
