ELO:1115
CE_PASSEDPAWNS:0.5094595835636113
CE_PAWNWEAKNESSES:0.44852801764021716
CE_PIECEACTIVITY:0.5140013796464538
CE_KINGPAWNSHIELD:0.44731962251588964
CE_PIECECOORDINATION:0.4868673388183917
CE_MATERIAL:0.5055460193386794
CE_KINGSAFETY:0.5
C_PIECESQUARETABLES:0.5
C_MOBILITY:0.5118440828964529
C_KINGSAFETY:0.5539471764017733
C_PAWNSTRUCTURE:0.5157973747084403
C_PIECECOORDINATION:0.4752642104033801
C_ROOKANDPAWNMOVEMENT:0.4752642104033801
C_CENTERCONTROL:0.4730445304158097
C_DEVELOPPIECES:0.5167504656915132
C_MATERIAL:0.49586788881372007
C_MOVECOUNT:0.5
