ELO:936
CE_PASSEDPAWNS:0.49133234926451835
CE_PAWNWEAKNESSES:0.45945149500875987
CE_PIECEACTIVITY:0.5100993946060751
CE_KINGPAWNSHIELD:0.4613681909369834
CE_PIECECOORDINATION:0.5112308550557223
CE_MATERIAL:0.49267891125636715
CE_KINGSAFETY:0.49680055689040337
C_PIECESQUARETABLES:0.4896637104427075
C_MOBILITY:0.5062310339550262
C_KINGSAFETY:0.49520800081399896
C_PAWNSTRUCTURE:0.4879157230991576
C_PIECECOORDINATION:0.4579627743774901
C_ROOKANDPAWNMOVEMENT:0.4579627743774901
C_CENTERCONTROL:0.4800589607434917
C_DEVELOPPIECES:0.5097534437566308
C_MATERIAL:0.47651147712177033
C_MOVECOUNT:0.5
