ELO:1007
CE_PASSEDPAWNS:0.4958477888119237
CE_PAWNWEAKNESSES:0.5215480994958523
CE_PIECEACTIVITY:0.5
CE_KINGPAWNSHIELD:0.48995045252719244
CE_PIECECOORDINATION:0.4775247459921857
CE_MATERIAL:0.5125682763658146
CE_KINGSAFETY:0.49664004168863074
C_PIECESQUARETABLES:0.4977009630738679
C_MOBILITY:0.5
C_KINGSAFETY:0.49025356981014456
C_PAWNSTRUCTURE:0.5244673960751933
C_PIECECOORDINATION:0.47893136729321323
C_ROOKANDPAWNMOVEMENT:0.47893136729321323
C_CENTERCONTROL:0.4935973999322644
C_DEVELOPPIECES:0.5
C_MATERIAL:0.5037012668691937
C_MOVECOUNT:0.5
