ELO:1000
CE_PASSEDPAWNS:0.4924188366136164
CE_PAWNWEAKNESSES:0.5111588879499113
CE_PIECEACTIVITY:0.4968233837495
CE_KINGPAWNSHIELD:0.5042289423755744
CE_PIECECOORDINATION:0.49506884952524577
CE_MATERIAL:0.4935327162624659
CE_KINGSAFETY:0.507194267110071
C_PIECESQUARETABLES:0.5005729332414195
C_MOBILITY:0.5211022795141523
C_KINGSAFETY:0.4862156922491428
C_PAWNSTRUCTURE:0.5101568912219123
C_PIECECOORDINATION:0.5154579386893355
C_ROOKANDPAWNMOVEMENT:0.5154579386893355
C_CENTERCONTROL:0.5
C_DEVELOPPIECES:0.4867804139265104
C_MATERIAL:0.498194896924415
