ELO:1005
CE_PASSEDPAWNS:0.5106875221937323
CE_PAWNWEAKNESSES:0.5
CE_PIECEACTIVITY:0.5018371288259593
CE_KINGPAWNSHIELD:0.5
CE_PIECECOORDINATION:0.5
CE_MATERIAL:0.509605576101168
CE_KINGSAFETY:0.5
C_PIECESQUARETABLES:0.48821312740792727
C_MOBILITY:0.5138600025146381
C_KINGSAFETY:0.5
C_PAWNSTRUCTURE:0.5030913598682448
C_PIECECOORDINATION:0.4854513223120983
C_ROOKANDPAWNMOVEMENT:0.4854513223120983
C_CENTERCONTROL:0.5278514654389634
C_DEVELOPPIECES:0.5181181923699284
C_MATERIAL:0.5053504753230864
C_MOVECOUNT:0.4859133363926072
