ELO:870
CE_PASSEDPAWNS:0.49390114979131516
CE_PAWNWEAKNESSES:0.46010405463215553
CE_PIECEACTIVITY:0.5274943597902392
CE_KINGPAWNSHIELD:0.4557854069363861
CE_PIECECOORDINATION:0.5163819401813055
CE_MATERIAL:0.45817316918377815
CE_KINGSAFETY:0.4927705099949542
C_PIECESQUARETABLES:0.5719571210959166
C_MOBILITY:0.5152453544211585
C_KINGSAFETY:0.4998007976539714
C_PAWNSTRUCTURE:0.5288849341913264
C_PIECECOORDINATION:0.4950708921423914
C_ROOKANDPAWNMOVEMENT:0.4950708921423914
C_CENTERCONTROL:0.4582960104516075
C_DEVELOPPIECES:0.5335487585091707
C_MATERIAL:0.4790464319038935
C_MOVECOUNT:0.5133256694170624
