ELO:1120
CE_PASSEDPAWNS:0.46151486781473544
CE_PAWNWEAKNESSES:0.4490389138433556
CE_PIECEACTIVITY:0.4942451485575602
CE_KINGPAWNSHIELD:0.5
CE_PIECECOORDINATION:0.49618406244291363
CE_MATERIAL:0.5055460193386794
CE_KINGSAFETY:0.5
C_PIECESQUARETABLES:0.5020266069316285
C_MOBILITY:0.5118440828964529
C_KINGSAFETY:0.5613252402995778
C_PAWNSTRUCTURE:0.5
C_PIECECOORDINATION:0.4709911097455654
C_ROOKANDPAWNMOVEMENT:0.4709911097455654
C_CENTERCONTROL:0.4674888041735489
C_DEVELOPPIECES:0.5
C_MATERIAL:0.5003704629571398
C_MOVECOUNT:0.5
