ELO:1000
CE_PASSEDPAWNS:0.5028711143451535
CE_PAWNWEAKNESSES:0.49617704639523796
CE_PIECEACTIVITY:0.4962519089157812
CE_KINGPAWNSHIELD:0.4993619833171489
CE_PIECECOORDINATION:0.5
CE_MATERIAL:0.5
CE_KINGSAFETY:0.5
C_PIECESQUARETABLES:0.5105999531545826
C_MOBILITY:0.5
C_KINGSAFETY:0.49302270975364
C_PAWNSTRUCTURE:0.4976161516828669
C_PIECECOORDINATION:0.5
C_ROOKANDPAWNMOVEMENT:0.5
C_CENTERCONTROL:0.5
C_DEVELOPPIECES:0.4914971173386275
C_MATERIAL:0.48778786025750775
C_MOVECOUNT:0.4999908005416809
