ELO:1000
CE_PASSEDPAWNS:0.5
CE_PAWNWEAKNESSES:0.4812302280819562
CE_PIECEACTIVITY:0.5077854154909214
CE_KINGPAWNSHIELD:0.4845807733733143
CE_PIECECOORDINATION:0.5
CE_MATERIAL:0.5114163310291521
CE_KINGSAFETY:0.49262906097665704
C_PIECESQUARETABLES:0.5233377696237279
C_MOBILITY:0.4837863862181222
C_KINGSAFETY:0.4744632713173108
C_PAWNSTRUCTURE:0.48560581009429976
C_PIECECOORDINATION:0.5129883175573725
C_ROOKANDPAWNMOVEMENT:0.5129883175573725
C_CENTERCONTROL:0.49338874051763665
C_DEVELOPPIECES:0.4586324276541235
C_MATERIAL:0.5016772794017166
