ELO:930
CE_PASSEDPAWNS:0.46570685634647774
CE_PAWNWEAKNESSES:0.5276101400740143
CE_PIECEACTIVITY:0.5354045431809155
CE_KINGPAWNSHIELD:0.4996802561838897
CE_PIECECOORDINATION:0.5393729712048495
CE_MATERIAL:0.5399747635818842
CE_KINGSAFETY:0.5033268973161836
C_PIECESQUARETABLES:0.49527279711061595
C_MOBILITY:0.4977368512999797
C_KINGSAFETY:0.5097329767475133
C_PAWNSTRUCTURE:0.5237253651545708
C_PIECECOORDINATION:0.464509278614167
C_ROOK:0.5326098795654203
CE_ROOK:0.5087583881644563
C_CENTERCONTROL:0.49298151009578156
C_DEVELOPPIECES:0.5003484320443499
C_MATERIAL:0.47840689167544115
C_MOVECOUNT:0.4950133259348114
C_PAWNMOVEMENT:0.536961206344258
