ELO:984
CE_PASSEDPAWNS:0.5038514896071488
CE_PAWNWEAKNESSES:0.5141319895214482
CE_PIECEACTIVITY:0.4741007886287548
CE_KINGPAWNSHIELD:0.5116425828277918
CE_PIECECOORDINATION:0.494262612358775
CE_MATERIAL:0.4977305500960013
CE_KINGSAFETY:0.5
C_PIECESQUARETABLES:0.5000823053489502
C_MOBILITY:0.4965435174115366
C_KINGSAFETY:0.4963104431833223
C_PAWNSTRUCTURE:0.49770041626067785
C_PIECECOORDINATION:0.5094636327395393
C_ROOK:0.5162298131230826
CE_ROOK:0.4914568896784584
C_CENTERCONTROL:0.4709158455482645
C_DEVELOPPIECES:0.4646370585038065
C_MATERIAL:0.4913281153923542
C_MOVECOUNT:0.4996222730003931
C_PAWNMOVEMENT:0.5241113161645825
