ELO:993
CE_PASSEDPAWNS:0.5086348875354553
CE_PAWNWEAKNESSES:0.5011465682329012
CE_PIECEACTIVITY:0.5121195786355279
CE_KINGPAWNSHIELD:0.5034754309803767
CE_PIECECOORDINATION:0.5
CE_MATERIAL:0.48900059058204454
CE_KINGSAFETY:0.5
C_PIECESQUARETABLES:0.5
C_MOBILITY:0.5035316784138006
C_KINGSAFETY:0.4701006807404875
C_PAWNSTRUCTURE:0.4837383007394563
C_PIECECOORDINATION:0.4854513223120983
C_ROOKANDPAWNMOVEMENT:0.4854513223120983
C_CENTERCONTROL:0.49582365494440744
C_DEVELOPPIECES:0.5181181923699284
C_MATERIAL:0.5165832009604113
C_MOVECOUNT:0.5008418803110584
