ELO:941
CE_PASSEDPAWNS:0.5039107989855032
CE_PAWNWEAKNESSES:0.6089763696052388
CE_PIECEACTIVITY:0.5268012582328716
CE_KINGPAWNSHIELD:0.4906794631690944
CE_PIECECOORDINATION:0.4860291003828911
CE_MATERIAL:0.4651045877094646
CE_KINGSAFETY:0.4838964715026036
C_PIECESQUARETABLES:0.5263968083701216
C_MOBILITY:0.5311155788138007
C_KINGSAFETY:0.4530113563116168
C_PAWNSTRUCTURE:0.5683137015450592
C_PIECECOORDINATION:0.49763289618416723
C_ROOKANDPAWNMOVEMENT:0.49763289618416723
C_CENTERCONTROL:0.4859474261156377
C_DEVELOPPIECES:0.5451829833192198
C_MATERIAL:0.5656801130755705
