ELO:1097
CE_PASSEDPAWNS:0.5065790784845459
CE_PAWNWEAKNESSES:0.4567712415624773
CE_PIECEACTIVITY:0.49517834046518416
CE_KINGPAWNSHIELD:0.5
CE_PIECECOORDINATION:0.5101977157863997
CE_MATERIAL:0.4973983201671193
CE_KINGSAFETY:0.5
C_PIECESQUARETABLES:0.5
C_MOBILITY:0.4816150952492944
C_KINGSAFETY:0.54442275391403
C_PAWNSTRUCTURE:0.45005138481709195
C_PIECECOORDINATION:0.5
C_ROOKANDPAWNMOVEMENT:0.5
C_CENTERCONTROL:0.46604785226289636
C_DEVELOPPIECES:0.47647917712678567
C_MATERIAL:0.5
C_MOVECOUNT:0.5
