ELO:988
CE_PASSEDPAWNS:0.5330608732678442
CE_PAWNWEAKNESSES:0.4747266971979074
CE_PIECEACTIVITY:0.5309195424048528
CE_KINGPAWNSHIELD:0.5612474580254401
CE_PIECECOORDINATION:0.4958190587141578
CE_MATERIAL:0.47207316459622783
CE_KINGSAFETY:0.5
C_PIECESQUARETABLES:0.5
C_MOBILITY:0.580479941274235
C_KINGSAFETY:0.5443053213577612
C_PAWNSTRUCTURE:0.4487760652929295
C_PIECECOORDINATION:0.49481266204964397
C_ROOKANDPAWNMOVEMENT:0.49481266204964397
C_CENTERCONTROL:0.41804643445631
C_DEVELOPPIECES:0.5024705731747423
C_MATERIAL:0.616845189259686
