ELO:945
CE_PASSEDPAWNS:0.48974450380878687
CE_PAWNWEAKNESSES:0.4874811303183753
CE_PIECEACTIVITY:0.4898081872737619
CE_KINGPAWNSHIELD:0.4842260568515008
CE_PIECECOORDINATION:0.5094868761875144
CE_MATERIAL:0.4989890301595672
CE_KINGSAFETY:0.5237433781033146
C_PIECESQUARETABLES:0.4958466417278347
C_MOBILITY:0.4959078941124238
C_KINGSAFETY:0.4847203114798434
C_PAWNSTRUCTURE:0.47891694794565
C_PIECECOORDINATION:0.494458444484958
C_ROOKANDPAWNMOVEMENT:0.494458444484958
C_CENTERCONTROL:0.4829669901461668
C_DEVELOPPIECES:0.5121153102352309
C_MATERIAL:0.4850718400953668
C_MOVECOUNT:0.5
