ELO:970
CE_PASSEDPAWNS:0.46932987502156986
CE_PAWNWEAKNESSES:0.5773496018521249
CE_PIECEACTIVITY:0.46599978501946127
CE_KINGPAWNSHIELD:0.5045020292141581
CE_PIECECOORDINATION:0.453567754961402
CE_MATERIAL:0.44668154036113267
CE_KINGSAFETY:0.547541671865997
C_PIECESQUARETABLES:0.47411963574268157
C_MOBILITY:0.5559415773032341
C_KINGSAFETY:0.44842620622222623
C_PAWNSTRUCTURE:0.5445964559810645
C_PIECECOORDINATION:0.4758412553370573
C_ROOKANDPAWNMOVEMENT:0.4758412553370573
C_CENTERCONTROL:0.513098212233067
C_DEVELOPPIECES:0.5629357569530332
C_MATERIAL:0.5167319197292902
