ELO:910
CE_PASSEDPAWNS:0.4927337853270552
CE_PAWNWEAKNESSES:0.5206604438956707
CE_PIECEACTIVITY:0.4482438719259493
CE_KINGPAWNSHIELD:0.4426852194253435
CE_PIECECOORDINATION:0.45775466051170777
CE_MATERIAL:0.5395261481632462
CE_KINGSAFETY:0.5068856786348827
C_PIECESQUARETABLES:0.5105391010279109
C_MOBILITY:0.4934938443830727
C_KINGSAFETY:0.4932691408026666
C_PAWNSTRUCTURE:0.49623614126510335
C_PIECECOORDINATION:0.4739914938211789
C_ROOKANDPAWNMOVEMENT:0.4739914938211789
C_CENTERCONTROL:0.45820578301442333
C_DEVELOPPIECES:0.4956315082858372
C_MATERIAL:0.4981483475001235
C_MOVECOUNT:0.5333443892214283
