ELO:944
CE_PASSEDPAWNS:0.4873800217716758
CE_PAWNWEAKNESSES:0.5208915915895632
CE_PIECEACTIVITY:0.5060826434396034
CE_KINGPAWNSHIELD:0.5089142893148877
CE_PIECECOORDINATION:0.49681058056389693
CE_MATERIAL:0.5051343183746172
CE_KINGSAFETY:0.49398259720158005
C_PIECESQUARETABLES:0.5
C_MOBILITY:0.4961539912287846
C_KINGSAFETY:0.5050240563020243
C_PAWNSTRUCTURE:0.5005721948720201
C_PIECECOORDINATION:0.48603102107435797
C_ROOK:0.5306310334438465
CE_ROOK:0.4970186272530064
C_CENTERCONTROL:0.47567839293533576
C_DEVELOPPIECES:0.4736042831412766
C_MATERIAL:0.4773185422972277
C_MOVECOUNT:0.5073475294439801
C_PAWNMOVEMENT:0.5309038712242662
