ELO:1009
CE_PASSEDPAWNS:0.5008089623762625
CE_PAWNWEAKNESSES:0.5
CE_PIECEACTIVITY:0.5
CE_KINGPAWNSHIELD:0.49445290630600086
CE_PIECECOORDINATION:0.5065479181805363
CE_MATERIAL:0.5062887292268264
CE_KINGSAFETY:0.5056054479614728
C_PIECESQUARETABLES:0.5
C_MOBILITY:0.4940133154259423
C_KINGSAFETY:0.5025815411578843
C_PAWNSTRUCTURE:0.49041655743834134
C_PIECECOORDINATION:0.5228167171248392
C_ROOKANDPAWNMOVEMENT:0.5228167171248392
C_CENTERCONTROL:0.5019371944357609
C_DEVELOPPIECES:0.5104337655063711
C_MATERIAL:0.5
C_MOVECOUNT:0.5111928097946487
