ELO:948
CE_PASSEDPAWNS:0.47215647323362975
CE_PAWNWEAKNESSES:0.5327058892854102
CE_PIECEACTIVITY:0.5339314203611589
CE_KINGPAWNSHIELD:0.49084524191539164
CE_PIECECOORDINATION:0.5278981637433683
CE_MATERIAL:0.5169911238375663
CE_KINGSAFETY:0.500215219832884
C_PIECESQUARETABLES:0.48810467066203883
C_MOBILITY:0.5014504693244181
C_KINGSAFETY:0.5170107772318585
C_PAWNSTRUCTURE:0.5136385946720724
C_PIECECOORDINATION:0.4837199671657792
C_ROOK:0.5326098795654203
CE_ROOK:0.510845846714514
C_CENTERCONTROL:0.48534711435326416
C_DEVELOPPIECES:0.4969847618482309
C_MATERIAL:0.4753520463144098
C_MOVECOUNT:0.4972457191925965
C_PAWNMOVEMENT:0.5395045140800061
