ELO:1022
CE_PASSEDPAWNS:0.5067147994371136
CE_PAWNWEAKNESSES:0.5
CE_PIECEACTIVITY:0.4944124844709686
CE_KINGPAWNSHIELD:0.5040274551025535
CE_PIECECOORDINATION:0.5
CE_MATERIAL:0.5
CE_KINGSAFETY:0.4935158752038457
C_PIECESQUARETABLES:0.5208183844992832
C_MOBILITY:0.5098157911667237
C_KINGSAFETY:0.505378918965399
C_PAWNSTRUCTURE:0.4434302725391862
C_PIECECOORDINATION:0.5
C_ROOKANDPAWNMOVEMENT:0.5
C_CENTERCONTROL:0.4848481907369157
C_DEVELOPPIECES:0.500551570163137
C_MATERIAL:0.5020176478844665
