ELO:1126
CE_PASSEDPAWNS:0.46151486781473544
CE_PAWNWEAKNESSES:0.436106372196819
CE_PIECEACTIVITY:0.5
CE_KINGPAWNSHIELD:0.44163490662974564
CE_PIECECOORDINATION:0.4952789023956629
CE_MATERIAL:0.4699618592494867
CE_KINGSAFETY:0.5
C_PIECESQUARETABLES:0.5020266069316285
C_MOBILITY:0.4850244591829032
C_KINGSAFETY:0.5212630770538783
C_PAWNSTRUCTURE:0.5157973747084403
C_PIECECOORDINATION:0.5115480512040098
C_ROOKANDPAWNMOVEMENT:0.5115480512040098
C_CENTERCONTROL:0.4674888041735489
C_DEVELOPPIECES:0.43338132774258387
C_MATERIAL:0.48735774361741313
C_MOVECOUNT:0.5
