ELO:903
CE_PASSEDPAWNS:0.5259786487726932
CE_PAWNWEAKNESSES:0.5924748797998569
CE_PIECEACTIVITY:0.5071117481142514
CE_KINGPAWNSHIELD:0.5103808164183766
CE_PIECECOORDINATION:0.4881015312435944
CE_MATERIAL:0.5046604177777918
CE_KINGSAFETY:0.5222291689631536
C_PIECESQUARETABLES:0.5335180431898467
C_MOBILITY:0.5198063585482465
C_KINGSAFETY:0.45747533466852736
C_PAWNSTRUCTURE:0.553363666505096
C_PIECECOORDINATION:0.5027598221673635
C_ROOKANDPAWNMOVEMENT:0.5027598221673635
C_CENTERCONTROL:0.49968154002609166
C_DEVELOPPIECES:0.5296183653469574
C_MATERIAL:0.5620321395971098
