ELO:991
CE_PASSEDPAWNS:0.5277288571395565
CE_PAWNWEAKNESSES:0.47115762646232223
CE_PIECEACTIVITY:0.5230025916784156
CE_KINGPAWNSHIELD:0.5388461624781888
CE_PIECECOORDINATION:0.4742094053856796
CE_MATERIAL:0.4577831443380698
CE_KINGSAFETY:0.5
C_PIECESQUARETABLES:0.498695039956016
C_MOBILITY:0.5836313903895851
C_KINGSAFETY:0.5250912115677565
C_PAWNSTRUCTURE:0.46998262001773405
C_PIECECOORDINATION:0.4888056701911612
C_ROOKANDPAWNMOVEMENT:0.4888056701911612
C_CENTERCONTROL:0.4331372251680511
C_DEVELOPPIECES:0.42457442911236015
C_MATERIAL:0.6279396346000636
