ELO:1000
CE_PASSEDPAWNS:0.4990092327181006
CE_PAWNWEAKNESSES:0.5
CE_PIECEACTIVITY:0.5119102287514802
CE_KINGPAWNSHIELD:0.5
CE_PIECECOORDINATION:0.5
CE_MATERIAL:0.48789865278535377
CE_KINGSAFETY:0.508063280914418
C_PIECESQUARETABLES:0.5
C_MOBILITY:0.5009225876123464
C_KINGSAFETY:0.4878636866432816
C_PAWNSTRUCTURE:0.5
C_PIECECOORDINATION:0.5
C_ROOKANDPAWNMOVEMENT:0.5
C_CENTERCONTROL:0.5029826782704568
C_DEVELOPPIECES:0.5
C_MATERIAL:0.5061211431600545
C_MOVECOUNT:0.5
