ELO:954
CE_PASSEDPAWNS:0.4781655475225291
CE_PAWNWEAKNESSES:0.5287925307672057
CE_PIECEACTIVITY:0.5131566048780045
CE_KINGPAWNSHIELD:0.5138731611256235
CE_PIECECOORDINATION:0.5178581094402622
CE_MATERIAL:0.5078813082634674
CE_KINGSAFETY:0.5
C_PIECESQUARETABLES:0.4974149979975695
C_MOBILITY:0.491245768170634
C_KINGSAFETY:0.5272739504817877
C_PAWNSTRUCTURE:0.5072170283218499
C_PIECECOORDINATION:0.4926961154613379
C_ROOK:0.5306310334438465
CE_ROOK:0.5201028576103437
C_CENTERCONTROL:0.4824148280053914
C_DEVELOPPIECES:0.4764998052261237
C_MATERIAL:0.4683543578041328
C_MOVECOUNT:0.519142795056488
C_PAWNMOVEMENT:0.52705914844464
