ELO:971
CE_PASSEDPAWNS:0.45166782799216265
CE_PAWNWEAKNESSES:0.5799470507425553
CE_PIECEACTIVITY:0.4716100340572371
CE_KINGPAWNSHIELD:0.5026611670849015
CE_PIECECOORDINATION:0.43787103279811673
CE_MATERIAL:0.45512128859930207
CE_KINGSAFETY:0.5517940132037867
C_PIECESQUARETABLES:0.4834390368651704
C_MOBILITY:0.5494038346615215
C_KINGSAFETY:0.42966463886933776
C_PAWNSTRUCTURE:0.5495289242690565
C_PIECECOORDINATION:0.4611743820166107
C_ROOKANDPAWNMOVEMENT:0.4611743820166107
C_CENTERCONTROL:0.49551441211143826
C_DEVELOPPIECES:0.5483931699700446
C_MATERIAL:0.526769372244712
