ELO:926
CE_PASSEDPAWNS:0.49098697998963126
CE_PAWNWEAKNESSES:0.49667767014814745
CE_PIECEACTIVITY:0.521946278355262
CE_KINGPAWNSHIELD:0.495136655851544
CE_PIECECOORDINATION:0.560385563032259
CE_MATERIAL:0.5320181740103128
CE_KINGSAFETY:0.5
C_PIECESQUARETABLES:0.4927938257340022
C_MOBILITY:0.46069173401673513
C_KINGSAFETY:0.5059648290539217
C_PAWNSTRUCTURE:0.5271758871344736
C_PIECECOORDINATION:0.42771451270719735
C_ROOK:0.5435736795669277
CE_ROOK:0.5055290576584226
C_CENTERCONTROL:0.47868618567999005
C_DEVELOPPIECES:0.4944122908810843
C_MATERIAL:0.510382852830657
C_MOVECOUNT:0.4865789087019642
C_PAWNMOVEMENT:0.5417217288868833
