ELO:1106
CE_PASSEDPAWNS:0.4980445582674632
CE_PAWNWEAKNESSES:0.458504668987023
CE_PIECEACTIVITY:0.4892622587797301
CE_KINGPAWNSHIELD:0.465781535557176
CE_PIECECOORDINATION:0.48870129655709765
CE_MATERIAL:0.562317376963309
CE_KINGSAFETY:0.5
C_PIECESQUARETABLES:0.5
C_MOBILITY:0.5114156134937939
C_KINGSAFETY:0.5219717141548147
C_PAWNSTRUCTURE:0.5115051296064201
C_PIECECOORDINATION:0.4918440919668022
C_ROOKANDPAWNMOVEMENT:0.4918440919668022
C_CENTERCONTROL:0.4784761308218375
C_DEVELOPPIECES:0.41673393355495664
C_MATERIAL:0.5232909034287989
C_MOVECOUNT:0.5
