ELO:731
CE_PASSEDPAWNS:0.5591780060847122
CE_PAWNWEAKNESSES:0.49175678000323575
CE_PIECEACTIVITY:0.4844927665284382
CE_KINGPAWNSHIELD:0.4730711247939686
CE_PIECECOORDINATION:0.6036816541128108
CE_MATERIAL:0.5109091580476205
CE_KINGSAFETY:0.5197839859961301
C_PIECESQUARETABLES:0.48190845320476045
C_MOBILITY:0.43425416970234737
C_KINGSAFETY:0.48686401251178024
C_PAWNSTRUCTURE:0.48362903740689367
C_PIECECOORDINATION:0.4743431289411792
C_ROOKANDPAWNMOVEMENT:0.4743431289411792
C_CENTERCONTROL:0.4840663591338389
C_DEVELOPPIECES:0.519291722842196
C_MATERIAL:0.502529407582276
C_MOVECOUNT:0.47904172440774434
