ELO:990
CE_PASSEDPAWNS:0.48153261554222554
CE_PAWNWEAKNESSES:0.5137485822232578
CE_PIECEACTIVITY:0.516090751590109
CE_KINGPAWNSHIELD:0.5058149863424103
CE_PIECECOORDINATION:0.4966203222250738
CE_MATERIAL:0.5051260030130796
CE_KINGSAFETY:0.4973809919558081
C_PIECESQUARETABLES:0.5
C_MOBILITY:0.4971834324443981
C_KINGSAFETY:0.5091003653079531
C_PAWNSTRUCTURE:0.5029706097044807
C_PIECECOORDINATION:0.50649462370417
C_ROOKANDPAWNMOVEMENT:0.50649462370417
C_CENTERCONTROL:0.5123292743874719
C_DEVELOPPIECES:0.503261316906188
C_MATERIAL:0.5004177425788948
C_MOVECOUNT:0.4912411397474791
