ELO:982
CE_PASSEDPAWNS:0.49804911146250125
CE_PAWNWEAKNESSES:0.5180449792648614
CE_PIECEACTIVITY:0.49588713414710667
CE_KINGPAWNSHIELD:0.511292313286882
CE_PIECECOORDINATION:0.49681058056389693
CE_MATERIAL:0.5000031081479328
CE_KINGSAFETY:0.5140379363363143
C_PIECESQUARETABLES:0.4976918113080558
C_MOBILITY:0.4961539912287846
C_KINGSAFETY:0.4963104431833223
C_PAWNSTRUCTURE:0.49039497651777286
C_PIECECOORDINATION:0.4883997264141357
C_ROOK:0.5233508977769693
CE_ROOK:0.4970186272530064
C_CENTERCONTROL:0.47567839293533576
C_DEVELOPPIECES:0.46244385231347773
C_MATERIAL:0.46965401518824135
C_MOVECOUNT:0.5073475294439801
C_PAWNMOVEMENT:0.5309038712242662
