ELO:991
CE_PASSEDPAWNS:0.5355794277170989
CE_PAWNWEAKNESSES:0.4747266971979074
CE_PIECEACTIVITY:0.5230025916784156
CE_KINGPAWNSHIELD:0.5364690073705956
CE_PIECECOORDINATION:0.4846973356516632
CE_MATERIAL:0.4775168418108928
CE_KINGSAFETY:0.5
C_PIECESQUARETABLES:0.5
C_MOBILITY:0.5836313903895851
C_KINGSAFETY:0.5250912115677565
C_PAWNSTRUCTURE:0.46998262001773405
C_PIECECOORDINATION:0.4857340987292026
C_ROOKANDPAWNMOVEMENT:0.4857340987292026
C_CENTERCONTROL:0.4296930855406164
C_DEVELOPPIECES:0.44743003410566484
C_MATERIAL:0.6341849429695088
