ELO:975
CE_PASSEDPAWNS:0.49302827727542775
CE_PAWNWEAKNESSES:0.4976865745490964
CE_PIECEACTIVITY:0.4842409477899553
CE_KINGPAWNSHIELD:0.4999297695756725
CE_PIECECOORDINATION:0.48570119124406025
CE_MATERIAL:0.5099493343926433
CE_KINGSAFETY:0.5
C_PIECESQUARETABLES:0.5
C_MOBILITY:0.5017588449057135
C_KINGSAFETY:0.5
C_PAWNSTRUCTURE:0.47830260891243526
C_PIECECOORDINATION:0.49966601403088967
C_ROOK:0.5097749781071985
CE_ROOK:0.4914568896784584
C_CENTERCONTROL:0.4814522991790653
C_DEVELOPPIECES:0.47940644632708446
C_MATERIAL:0.5097352278308398
C_MOVECOUNT:0.5010116339414942
C_PAWNMOVEMENT:0.49867798363804416
