ELO:1030
CE_PASSEDPAWNS:0.503276625338917
CE_PAWNWEAKNESSES:0.49690389381834926
CE_PIECEACTIVITY:0.5043334687407629
CE_KINGPAWNSHIELD:0.5019352757697886
CE_PIECECOORDINATION:0.5097196379456022
CE_MATERIAL:0.518177048060177
CE_KINGSAFETY:0.5
C_PIECESQUARETABLES:0.5
C_MOBILITY:0.48467787526411343
C_KINGSAFETY:0.49790338231022097
C_PAWNSTRUCTURE:0.5114677520311677
C_PIECECOORDINATION:0.4796547257130288
C_ROOKANDPAWNMOVEMENT:0.4796547257130288
C_CENTERCONTROL:0.5183673560058659
C_DEVELOPPIECES:0.506404295770259
C_MATERIAL:0.504356288007506
C_MOVECOUNT:0.4883152271086555
