ELO:1113
CE_PASSEDPAWNS:0.5955037066111589
CE_PAWNWEAKNESSES:0.41194681300472785
CE_PIECEACTIVITY:0.47707812532962285
CE_KINGPAWNSHIELD:0.4843289128908717
CE_PIECECOORDINATION:0.5409173939107582
CE_MATERIAL:0.44883205230976236
CE_KINGSAFETY:0.5
C_PIECESQUARETABLES:0.5
C_MOBILITY:0.5362122098744282
C_KINGSAFETY:0.5237377078314667
C_PAWNSTRUCTURE:0.4167989285815666
C_PIECECOORDINATION:0.497653155818779
C_ROOKANDPAWNMOVEMENT:0.497653155818779
C_CENTERCONTROL:0.5023126035907096
C_DEVELOPPIECES:0.46554463691449943
C_MATERIAL:0.36592566939290083
