ELO:958
CE_PASSEDPAWNS:0.5099696224539302
CE_PAWNWEAKNESSES:0.42745127806220934
CE_PIECEACTIVITY:0.44518439945730515
CE_KINGPAWNSHIELD:0.36997170623068776
CE_PIECECOORDINATION:0.45488427941339027
CE_MATERIAL:0.49804202460888203
CE_KINGSAFETY:0.4948433336827912
C_PIECESQUARETABLES:0.49810293554377383
C_MOBILITY:0.5754253513581219
C_KINGSAFETY:0.4148637530193669
C_PAWNSTRUCTURE:0.4431733226488325
C_PIECECOORDINATION:0.516333085141168
C_ROOKANDPAWNMOVEMENT:0.516333085141168
C_CENTERCONTROL:0.47730634425548063
C_DEVELOPPIECES:0.4431738420766765
C_MATERIAL:0.4553247393248491
