ELO:798
CE_PASSEDPAWNS:0.5118004481076768
CE_PAWNWEAKNESSES:0.5309024749148973
CE_PIECEACTIVITY:0.4599540054913319
CE_KINGPAWNSHIELD:0.4664747775658255
CE_PIECECOORDINATION:0.46003032337204874
CE_MATERIAL:0.5403697799889574
CE_KINGSAFETY:0.5048746676599156
C_PIECESQUARETABLES:0.5191954144508227
C_MOBILITY:0.49736741739397444
C_KINGSAFETY:0.48168748739875455
C_PAWNSTRUCTURE:0.5159083741946769
C_PIECECOORDINATION:0.49332041488200457
C_ROOKANDPAWNMOVEMENT:0.49332041488200457
C_CENTERCONTROL:0.4605236902003438
C_DEVELOPPIECES:0.5096439080746659
C_MATERIAL:0.4788234996808958
C_MOVECOUNT:0.5088098717808504
