ELO:971
CE_PASSEDPAWNS:0.493582765945306
CE_PAWNWEAKNESSES:0.50204566947104
CE_PIECEACTIVITY:0.47748340593116534
CE_KINGPAWNSHIELD:0.48924470301737866
CE_PIECECOORDINATION:0.5057665718414334
CE_MATERIAL:0.4989890301595672
CE_KINGSAFETY:0.5103139531692642
C_PIECESQUARETABLES:0.4958466417278347
C_MOBILITY:0.49525058065412186
C_KINGSAFETY:0.47871547022454924
C_PAWNSTRUCTURE:0.4872207843062424
C_PIECECOORDINATION:0.4954372347019786
C_ROOKANDPAWNMOVEMENT:0.4954372347019786
C_CENTERCONTROL:0.49497946035284357
C_DEVELOPPIECES:0.5018150960571296
C_MATERIAL:0.4954345014201923
C_MOVECOUNT:0.5
