ELO:1092
CE_PASSEDPAWNS:0.43801148699597614
CE_PAWNWEAKNESSES:0.49481282832824036
CE_PIECEACTIVITY:0.42714976221870127
CE_KINGPAWNSHIELD:0.47671724138894306
CE_PIECECOORDINATION:0.5420872004143581
CE_MATERIAL:0.5220718397230506
CE_KINGSAFETY:0.47492572105707526
C_PIECESQUARETABLES:0.503059077595316
C_MOBILITY:0.5444983191960523
C_KINGSAFETY:0.4285319813895721
C_PAWNSTRUCTURE:0.45584520364673686
C_PIECECOORDINATION:0.5671842699021935
C_ROOKANDPAWNMOVEMENT:0.5671842699021935
C_CENTERCONTROL:0.538114412081976
C_DEVELOPPIECES:0.5178269945138945
C_MATERIAL:0.6260860233246613
