ELO:1112
CE_PASSEDPAWNS:0.45064882304647513
CE_PAWNWEAKNESSES:0.47303473627852105
CE_PIECEACTIVITY:0.5068676328250458
CE_KINGPAWNSHIELD:0.41847335849207595
CE_PIECECOORDINATION:0.4722282227113067
CE_MATERIAL:0.3980085920595677
CE_KINGSAFETY:0.4738477049567877
C_PIECESQUARETABLES:0.5038876099098023
C_MOBILITY:0.45296563584118293
C_KINGSAFETY:0.5191248500645294
C_PAWNSTRUCTURE:0.4481156450119136
C_PIECECOORDINATION:0.48430233874975176
C_ROOKANDPAWNMOVEMENT:0.48430233874975176
C_CENTERCONTROL:0.5822840956843284
C_DEVELOPPIECES:0.5965816383515513
C_MATERIAL:0.4024580154862536
