ELO:1000
CE_PASSEDPAWNS:0.5141329757169341
CE_PAWNWEAKNESSES:0.4682866471968505
CE_PIECEACTIVITY:0.507355086339922
CE_KINGPAWNSHIELD:0.48823413278193556
CE_PIECECOORDINATION:0.48237383246491633
CE_MATERIAL:0.5315021276729736
CE_KINGSAFETY:0.49512002886875855
C_PIECESQUARETABLES:0.5309926187951941
C_MOBILITY:0.49620061671756394
C_KINGSAFETY:0.49114058672385646
C_PAWNSTRUCTURE:0.464548052876042
C_PIECECOORDINATION:0.5581723052873193
C_ROOKANDPAWNMOVEMENT:0.5581723052873193
C_CENTERCONTROL:0.4865207096938681
C_DEVELOPPIECES:0.44960676283341194
C_MATERIAL:0.4553760974663005
