ELO:963
CE_PASSEDPAWNS:0.506519554368299
CE_PAWNWEAKNESSES:0.4109431107129782
CE_PIECEACTIVITY:0.4520960719527567
CE_KINGPAWNSHIELD:0.38847528420571276
CE_PIECECOORDINATION:0.4334150226035165
CE_MATERIAL:0.4847821412712756
CE_KINGSAFETY:0.5022132474644475
C_PIECESQUARETABLES:0.5070755567628359
C_MOBILITY:0.5347984645671999
C_KINGSAFETY:0.44596446967718767
C_PAWNSTRUCTURE:0.46566247800534194
C_PIECECOORDINATION:0.5126113609226485
C_ROOKANDPAWNMOVEMENT:0.5126113609226485
C_CENTERCONTROL:0.475296545793569
C_DEVELOPPIECES:0.43283046090388144
C_MATERIAL:0.48436624466661216
