ELO:1036
CE_PASSEDPAWNS:0.5444107300869243
CE_PAWNWEAKNESSES:0.5461413496980785
CE_PIECEACTIVITY:0.4597727512571816
CE_KINGPAWNSHIELD:0.41505723254315
CE_PIECECOORDINATION:0.48807036429395373
CE_MATERIAL:0.4941240483178428
CE_KINGSAFETY:0.488603535072825
C_PIECESQUARETABLES:0.48290745656094836
C_MOBILITY:0.5553610498581137
C_KINGSAFETY:0.42893701931119516
C_PAWNSTRUCTURE:0.5150099261590099
C_PIECECOORDINATION:0.5999716532573657
C_ROOKANDPAWNMOVEMENT:0.5999716532573657
C_CENTERCONTROL:0.5311425446167705
C_DEVELOPPIECES:0.5342178717781433
C_MATERIAL:0.4370531178041899
