ELO:1007
CE_PASSEDPAWNS:0.48676328378700356
CE_PAWNWEAKNESSES:0.5046892844997577
CE_PIECEACTIVITY:0.49193657849789807
CE_KINGPAWNSHIELD:0.5033526065838545
CE_PIECECOORDINATION:0.5081688498745777
CE_MATERIAL:0.490801257299428
CE_KINGSAFETY:0.4897455706364902
C_PIECESQUARETABLES:0.5
C_MOBILITY:0.5138600025146381
C_KINGSAFETY:0.4963348266197027
C_PAWNSTRUCTURE:0.5
C_PIECECOORDINATION:0.5
C_ROOKANDPAWNMOVEMENT:0.5
C_CENTERCONTROL:0.5122227775196365
C_DEVELOPPIECES:0.4948811046432658
C_MATERIAL:0.48619597329407255
C_MOVECOUNT:0.5
