ELO:1000
CE_PASSEDPAWNS:0.49601873403379865
CE_PAWNWEAKNESSES:0.5026442696112212
CE_PIECEACTIVITY:0.5
CE_KINGPAWNSHIELD:0.49565822692563904
CE_PIECECOORDINATION:0.5014158191608568
CE_MATERIAL:0.49865789981781616
CE_KINGSAFETY:0.5
C_PIECESQUARETABLES:0.5118756160109342
C_MOBILITY:0.5211022795141523
C_KINGSAFETY:0.4862156922491428
C_PAWNSTRUCTURE:0.5082428372888818
C_PIECECOORDINATION:0.5154579386893355
C_ROOKANDPAWNMOVEMENT:0.5154579386893355
C_CENTERCONTROL:0.5
C_DEVELOPPIECES:0.4966235292878354
C_MATERIAL:0.498194896924415
