ELO:1000
CE_PASSEDPAWNS:0.5
CE_PAWNWEAKNESSES:0.4895227923310084
CE_PIECEACTIVITY:0.5077854154909214
CE_KINGPAWNSHIELD:0.4906798162649384
CE_PIECECOORDINATION:0.5
CE_MATERIAL:0.5096435396473952
CE_KINGSAFETY:0.4928773505873157
C_PIECESQUARETABLES:0.511541213475506
C_MOBILITY:0.4837863862181222
C_KINGSAFETY:0.48726078368402237
C_PAWNSTRUCTURE:0.5
C_PIECECOORDINATION:0.5099976629667632
C_ROOKANDPAWNMOVEMENT:0.5099976629667632
C_CENTERCONTROL:0.5008371201975215
C_DEVELOPPIECES:0.4706462343637184
C_MATERIAL:0.5054223613769664
