ELO:914
CE_PASSEDPAWNS:0.47493611630534127
CE_PAWNWEAKNESSES:0.5146100050722405
CE_PIECEACTIVITY:0.5398975085080882
CE_KINGPAWNSHIELD:0.4982839202686712
CE_PIECECOORDINATION:0.5374505649818533
CE_MATERIAL:0.5111961211363117
CE_KINGSAFETY:0.5058890417538903
C_PIECESQUARETABLES:0.47313792399653604
C_MOBILITY:0.4637797563373078
C_KINGSAFETY:0.4738958608534517
C_PAWNSTRUCTURE:0.5088047700953534
C_PIECECOORDINATION:0.4699240433031422
C_ROOKANDPAWNMOVEMENT:0.4699240433031422
C_CENTERCONTROL:0.5112590203962136
C_DEVELOPPIECES:0.5319175223639475
C_MATERIAL:0.4927065574462639
C_MOVECOUNT:0.5
