ELO:1024
CE_PASSEDPAWNS:0.503276625338917
CE_PAWNWEAKNESSES:0.48807111483303395
CE_PIECEACTIVITY:0.49621071539631173
CE_KINGPAWNSHIELD:0.5105029182146517
CE_PIECECOORDINATION:0.5077023166078048
CE_MATERIAL:0.4880606848403743
CE_KINGSAFETY:0.49674941343482726
C_PIECESQUARETABLES:0.49010969352130457
C_MOBILITY:0.4912011505443242
C_KINGSAFETY:0.5079032428676635
C_PAWNSTRUCTURE:0.5
C_PIECECOORDINATION:0.49947315915240403
C_ROOKANDPAWNMOVEMENT:0.49947315915240403
C_CENTERCONTROL:0.5
C_DEVELOPPIECES:0.5
C_MATERIAL:0.5
C_MOVECOUNT:0.5
