ELO:966
CE_PASSEDPAWNS:0.5171584575693923
CE_PAWNWEAKNESSES:0.4100702461171797
CE_PIECEACTIVITY:0.4422114691407479
CE_KINGPAWNSHIELD:0.3884020436486209
CE_PIECECOORDINATION:0.440087066226635
CE_MATERIAL:0.48817302204623686
CE_KINGSAFETY:0.5032319665798457
C_PIECESQUARETABLES:0.5138626279630134
C_MOBILITY:0.5253818952043561
C_KINGSAFETY:0.42557817919719704
C_PAWNSTRUCTURE:0.46029867434089305
C_PIECECOORDINATION:0.5139918310645454
C_ROOKANDPAWNMOVEMENT:0.5139918310645454
C_CENTERCONTROL:0.48495085343035305
C_DEVELOPPIECES:0.44106252962530396
C_MATERIAL:0.5047743448276528
