ELO:900
CE_PASSEDPAWNS:0.4714421371399883
CE_PAWNWEAKNESSES:0.5566036860831747
CE_PIECEACTIVITY:0.47730743876348547
CE_KINGPAWNSHIELD:0.4784302114945462
CE_PIECECOORDINATION:0.46394702236096513
CE_MATERIAL:0.5020267969302712
CE_KINGSAFETY:0.5011299235512789
C_PIECESQUARETABLES:0.5032795404915339
C_MOBILITY:0.47151094346920014
C_KINGSAFETY:0.49088906214730843
C_PAWNSTRUCTURE:0.576663489094388
C_PIECECOORDINATION:0.49428848136365233
C_ROOK:0.5180880493089965
CE_ROOK:0.4948443795019328
C_CENTERCONTROL:0.5194350992533052
C_DEVELOPPIECES:0.5476857064869355
C_MATERIAL:0.5436811961195723
C_MOVECOUNT:0.5435712185212235
C_PAWNMOVEMENT:0.5116724593527959
