ELO:991
CE_PASSEDPAWNS:0.5370052306153505
CE_PAWNWEAKNESSES:0.4747266971979074
CE_PIECEACTIVITY:0.5145480321704077
CE_KINGPAWNSHIELD:0.5364690073705956
CE_PIECECOORDINATION:0.4846973356516632
CE_MATERIAL:0.47207316459622783
CE_KINGSAFETY:0.5
C_PIECESQUARETABLES:0.5
C_MOBILITY:0.5836313903895851
C_KINGSAFETY:0.5270174312425839
C_PAWNSTRUCTURE:0.46054427260367564
C_PIECECOORDINATION:0.49481266204964397
C_ROOKANDPAWNMOVEMENT:0.49481266204964397
C_CENTERCONTROL:0.42894235410171383
C_DEVELOPPIECES:0.4354212939766876
C_MATERIAL:0.6234991122067586
