ELO:984
CE_PASSEDPAWNS:0.4703572454420296
CE_PAWNWEAKNESSES:0.502103604721248
CE_PIECEACTIVITY:0.5012661920305873
CE_KINGPAWNSHIELD:0.4808776238394091
CE_PIECECOORDINATION:0.5147028427886794
CE_MATERIAL:0.4940690714230797
CE_KINGSAFETY:0.5004802831602312
C_PIECESQUARETABLES:0.5063120343257633
C_MOBILITY:0.4796608469090657
C_KINGSAFETY:0.4767585481208603
C_PAWNSTRUCTURE:0.5193314858676418
C_PIECECOORDINATION:0.4942499023185448
C_ROOK:0.5169408673037248
CE_ROOK:0.4907200840942083
C_CENTERCONTROL:0.5052087907098464
C_DEVELOPPIECES:0.5081461972836666
C_MATERIAL:0.5087338928017301
C_MOVECOUNT:0.5050920154267003
C_PAWNMOVEMENT:0.47920151579082354
