ELO:1029
CE_PASSEDPAWNS:0.48676328378700356
CE_PAWNWEAKNESSES:0.4705705225330216
CE_PIECEACTIVITY:0.4912943929066737
CE_KINGPAWNSHIELD:0.5
CE_PIECECOORDINATION:0.4967721459606035
CE_MATERIAL:0.49134085203932026
CE_KINGSAFETY:0.5
C_PIECESQUARETABLES:0.5
C_MOBILITY:0.5221734837971591
C_KINGSAFETY:0.5
C_PAWNSTRUCTURE:0.5023704306786287
C_PIECECOORDINATION:0.5
C_ROOKANDPAWNMOVEMENT:0.5
C_CENTERCONTROL:0.49932644595200454
C_DEVELOPPIECES:0.5063925784826925
C_MATERIAL:0.4732409768886831
C_MOVECOUNT:0.5
