ELO:971
CE_PASSEDPAWNS:0.4979378670741691
CE_PAWNWEAKNESSES:0.5272256973839383
CE_PIECEACTIVITY:0.51268909838422
CE_KINGPAWNSHIELD:0.5144370357271891
CE_PIECECOORDINATION:0.488112843016149
CE_MATERIAL:0.5300650111980431
CE_KINGSAFETY:0.4753721059989478
C_PIECESQUARETABLES:0.49827765848734884
C_MOBILITY:0.49540885319171973
C_KINGSAFETY:0.5056803748718556
C_PAWNSTRUCTURE:0.4818066320407256
C_PIECECOORDINATION:0.5038351235662923
C_ROOK:0.5102515167252286
CE_ROOK:0.5094257226084469
C_CENTERCONTROL:0.48579591631149827
C_DEVELOPPIECES:0.5335358486929739
C_MATERIAL:0.46303905219685915
C_MOVECOUNT:0.47220904511130835
C_PAWNMOVEMENT:0.5333558800363096
