ELO:991
CE_PASSEDPAWNS:0.5278963789902437
CE_PAWNWEAKNESSES:0.4747266971979074
CE_PIECEACTIVITY:0.5290710301437745
CE_KINGPAWNSHIELD:0.5388461624781888
CE_PIECECOORDINATION:0.4846973356516632
CE_MATERIAL:0.4694181679613265
CE_KINGSAFETY:0.5124931987559274
C_PIECESQUARETABLES:0.5075080391365834
C_MOBILITY:0.5836313903895851
C_KINGSAFETY:0.5250912115677565
C_PAWNSTRUCTURE:0.4487760652929295
C_PIECECOORDINATION:0.49481266204964397
C_ROOKANDPAWNMOVEMENT:0.49481266204964397
C_CENTERCONTROL:0.4296930855406164
C_DEVELOPPIECES:0.44504282804102385
C_MATERIAL:0.6234991122067586
