ELO:931
CE_PASSEDPAWNS:0.48179017065708946
CE_PAWNWEAKNESSES:0.530278399415528
CE_PIECEACTIVITY:0.5003951956515367
CE_KINGPAWNSHIELD:0.4880832361579202
CE_PIECECOORDINATION:0.4927804826203767
CE_MATERIAL:0.47822199457510495
CE_KINGSAFETY:0.49976148031146844
C_PIECESQUARETABLES:0.5123093234372031
C_MOBILITY:0.4777855783686965
C_KINGSAFETY:0.49461934011497044
C_PAWNSTRUCTURE:0.5564116197867823
C_PIECECOORDINATION:0.49896361293263514
C_ROOK:0.5141160707406847
CE_ROOK:0.5028298608504681
C_CENTERCONTROL:0.5029760095545386
C_DEVELOPPIECES:0.5173759614965424
C_MATERIAL:0.5149909831374042
C_MOVECOUNT:0.5142588676862375
C_PAWNMOVEMENT:0.5017703688642751
