ELO:909
CE_PASSEDPAWNS:0.47194637909644677
CE_PAWNWEAKNESSES:0.5259614055495142
CE_PIECEACTIVITY:0.4950061833806558
CE_KINGPAWNSHIELD:0.4880832361579202
CE_PIECECOORDINATION:0.4927804826203767
CE_MATERIAL:0.48311064674238047
CE_KINGSAFETY:0.5
C_PIECESQUARETABLES:0.5097217677050516
C_MOBILITY:0.4777855783686965
C_KINGSAFETY:0.49461934011497044
C_PAWNSTRUCTURE:0.5564116197867823
C_PIECECOORDINATION:0.49896361293263514
C_ROOK:0.5141160707406847
CE_ROOK:0.5028298608504681
C_CENTERCONTROL:0.49118843826371394
C_DEVELOPPIECES:0.5173759614965424
C_MATERIAL:0.5111060167442848
C_MOVECOUNT:0.5197050276165596
C_PAWNMOVEMENT:0.4905497725546091
