ELO:872
CE_PASSEDPAWNS:0.4340990433186121
CE_PAWNWEAKNESSES:0.42734346829103526
CE_PIECEACTIVITY:0.39666205954667955
CE_KINGPAWNSHIELD:0.4863809255156383
CE_PIECECOORDINATION:0.4997338236582788
CE_MATERIAL:0.38695277806306616
CE_KINGSAFETY:0.5067216392842667
C_PIECESQUARETABLES:0.49110232910304635
C_MOBILITY:0.4693197205118657
C_KINGSAFETY:0.4260354702977303
C_PAWNSTRUCTURE:0.4858420344305494
C_PIECECOORDINATION:0.44818695623545
C_ROOKANDPAWNMOVEMENT:0.44818695623545
C_CENTERCONTROL:0.612701128455487
C_DEVELOPPIECES:0.4923371544352571
C_MATERIAL:0.5106768894640337
