ELO:1001
CE_PASSEDPAWNS:0.5534525701089442
CE_PAWNWEAKNESSES:0.5
CE_PIECEACTIVITY:0.49357150996274374
CE_KINGPAWNSHIELD:0.5
CE_PIECECOORDINATION:0.48204598505459884
CE_MATERIAL:0.482158172900639
CE_KINGSAFETY:0.5
C_PIECESQUARETABLES:0.5
C_MOBILITY:0.4808889521956203
C_KINGSAFETY:0.545450638944934
C_PAWNSTRUCTURE:0.45005138481709195
C_PIECECOORDINATION:0.41887958169099804
C_ROOKANDPAWNMOVEMENT:0.41887958169099804
C_CENTERCONTROL:0.44106787365781297
C_DEVELOPPIECES:0.47503012232711017
C_MATERIAL:0.5290947028085552
C_MOVECOUNT:0.5
