ELO:925
CE_PASSEDPAWNS:0.4687360806759292
CE_PAWNWEAKNESSES:0.5523878375052831
CE_PIECEACTIVITY:0.4507241569074419
CE_KINGPAWNSHIELD:0.46564074547195106
CE_PIECECOORDINATION:0.45689518331025125
CE_MATERIAL:0.5172293254644562
CE_KINGSAFETY:0.5091500794720536
C_PIECESQUARETABLES:0.5065181261788496
C_MOBILITY:0.4435436470855259
C_KINGSAFETY:0.470314949257706
C_PAWNSTRUCTURE:0.6112792559559862
C_PIECECOORDINATION:0.5141638671931742
C_ROOK:0.5206356050973984
CE_ROOK:0.474207354417503
C_CENTERCONTROL:0.5246368343537003
C_DEVELOPPIECES:0.565677146991669
C_MATERIAL:0.5475060481626801
C_MOVECOUNT:0.5290594360413058
C_PAWNMOVEMENT:0.5060887051024594
