ELO:988
CE_PASSEDPAWNS:0.5278963789902437
CE_PAWNWEAKNESSES:0.47115762646232223
CE_PIECEACTIVITY:0.5709619750911208
CE_KINGPAWNSHIELD:0.542603462243025
CE_PIECECOORDINATION:0.4846973356516632
CE_MATERIAL:0.5030403841932721
CE_KINGSAFETY:0.5
C_PIECESQUARETABLES:0.5
C_MOBILITY:0.5836313903895851
C_KINGSAFETY:0.5443053213577612
C_PAWNSTRUCTURE:0.46998262001773405
C_PIECECOORDINATION:0.4857340987292026
C_ROOKANDPAWNMOVEMENT:0.4857340987292026
C_CENTERCONTROL:0.42894235410171383
C_DEVELOPPIECES:0.4380926200533109
C_MATERIAL:0.6279396346000636
