ELO:974
CE_PASSEDPAWNS:0.4902606906821886
CE_PAWNWEAKNESSES:0.4441703674420071
CE_PIECEACTIVITY:0.47368970879642175
CE_KINGPAWNSHIELD:0.5046365358113142
CE_PIECECOORDINATION:0.5074507257929213
CE_MATERIAL:0.4852821827993843
CE_KINGSAFETY:0.49019921454525794
C_PIECESQUARETABLES:0.4856985180544435
C_MOBILITY:0.5185247897121245
C_KINGSAFETY:0.4980006258693695
C_PAWNSTRUCTURE:0.4767062133327787
C_PIECECOORDINATION:0.5147019975382571
C_ROOKANDPAWNMOVEMENT:0.5147019975382571
C_CENTERCONTROL:0.5501061494928996
C_DEVELOPPIECES:0.49839452087986597
C_MATERIAL:0.4811207292736577
C_MOVECOUNT:0.5
