ELO:1000
CE_PASSEDPAWNS:0.4955971821216409
CE_PAWNWEAKNESSES:0.46657047299657456
CE_PIECEACTIVITY:0.5689479995779179
CE_KINGPAWNSHIELD:0.45561133060444
CE_PIECECOORDINATION:0.516749071141819
CE_MATERIAL:0.5008039923476588
CE_KINGSAFETY:0.4866127618898208
C_PIECESQUARETABLES:0.5228449872649887
C_MOBILITY:0.5504868819209942
C_KINGSAFETY:0.465976018691302
C_PAWNSTRUCTURE:0.4222895220655061
C_PIECECOORDINATION:0.4513253344946707
C_ROOKANDPAWNMOVEMENT:0.4513253344946707
C_CENTERCONTROL:0.4630163015594001
C_DEVELOPPIECES:0.5079046982475922
C_MATERIAL:0.460592130831867
