ELO:943
CE_PASSEDPAWNS:0.4818518425878936
CE_PAWNWEAKNESSES:0.5057028131660161
CE_PIECEACTIVITY:0.5102410953720281
CE_KINGPAWNSHIELD:0.5139445157674263
CE_PIECECOORDINATION:0.4950961404119145
CE_MATERIAL:0.5059701539096821
CE_KINGSAFETY:0.4991461075016161
C_PIECESQUARETABLES:0.5118234275672212
C_MOBILITY:0.5406689678584171
C_KINGSAFETY:0.4635577522427019
C_PAWNSTRUCTURE:0.45363675150204574
C_PIECECOORDINATION:0.48522830316597704
C_ROOKANDPAWNMOVEMENT:0.48522830316597704
C_CENTERCONTROL:0.44033958887646607
C_DEVELOPPIECES:0.5174175258874848
C_MATERIAL:0.49569902356204265
C_MOVECOUNT:0.5
