ELO:995
CE_PASSEDPAWNS:0.4964635790274733
CE_PAWNWEAKNESSES:0.5217376626701514
CE_PIECEACTIVITY:0.5
CE_KINGPAWNSHIELD:0.5001797115980232
CE_PIECECOORDINATION:0.47716659820051427
CE_MATERIAL:0.5104677112039829
CE_KINGSAFETY:0.5039946264251534
C_PIECESQUARETABLES:0.5
C_MOBILITY:0.5135925304323539
C_KINGSAFETY:0.49458084479236664
C_PAWNSTRUCTURE:0.48660357322850273
C_PIECECOORDINATION:0.5209118258721893
C_ROOKANDPAWNMOVEMENT:0.5209118258721893
C_CENTERCONTROL:0.4886670441482143
C_DEVELOPPIECES:0.49296065170434844
C_MATERIAL:0.4913870519250235
C_MOVECOUNT:0.5
