ELO:972
CE_PASSEDPAWNS:0.4898221031725538
CE_PAWNWEAKNESSES:0.49855253491783175
CE_PIECEACTIVITY:0.4722174652671975
CE_KINGPAWNSHIELD:0.49035066149014667
CE_PIECECOORDINATION:0.4937287492202127
CE_MATERIAL:0.5123365268648663
CE_KINGSAFETY:0.5
C_PIECESQUARETABLES:0.5
C_MOBILITY:0.488455949731044
C_KINGSAFETY:0.5
C_PAWNSTRUCTURE:0.5
C_PIECECOORDINATION:0.4948100068627169
C_ROOKANDPAWNMOVEMENT:0.4948100068627169
C_CENTERCONTROL:0.5119819401321137
C_DEVELOPPIECES:0.4862021499401753
C_MATERIAL:0.5105516741599727
C_MOVECOUNT:0.5
