ELO:1007
CE_PASSEDPAWNS:0.476633965220459
CE_PAWNWEAKNESSES:0.5
CE_PIECEACTIVITY:0.4888698109161371
CE_KINGPAWNSHIELD:0.4991584371538405
CE_PIECECOORDINATION:0.5
CE_MATERIAL:0.5
CE_KINGSAFETY:0.48986530128891853
C_PIECESQUARETABLES:0.5027702283727716
C_MOBILITY:0.5
C_KINGSAFETY:0.4918965750504071
C_PAWNSTRUCTURE:0.4886440258088531
C_PIECECOORDINATION:0.50992299246383
C_ROOKANDPAWNMOVEMENT:0.50992299246383
C_CENTERCONTROL:0.4915318417526674
C_DEVELOPPIECES:0.5121198286650579
C_MATERIAL:0.5082201368575207
C_MOVECOUNT:0.5
