ELO:986
CE_PASSEDPAWNS:0.4879076934359484
CE_PAWNWEAKNESSES:0.4809536450640638
CE_PIECEACTIVITY:0.46703297169453684
CE_KINGPAWNSHIELD:0.49430993952235996
CE_PIECECOORDINATION:0.5044710982095492
CE_MATERIAL:0.4832977288487992
CE_KINGSAFETY:0.501022887157163
C_PIECESQUARETABLES:0.5173804714210561
C_MOBILITY:0.38082455438423385
C_KINGSAFETY:0.5094123486799115
C_PAWNSTRUCTURE:0.5382993024107832
C_PIECECOORDINATION:0.4941792321448471
C_ROOKANDPAWNMOVEMENT:0.4941792321448471
C_CENTERCONTROL:0.5983412601697427
C_DEVELOPPIECES:0.592772274436941
C_MATERIAL:0.5511427527591112
