ELO:985
CE_PASSEDPAWNS:0.5059037140359424
CE_PAWNWEAKNESSES:0.49323631930242356
CE_PIECEACTIVITY:0.4343101114874594
CE_KINGPAWNSHIELD:0.49948760083564153
CE_PIECECOORDINATION:0.5024664189293215
CE_MATERIAL:0.4785376211180258
CE_KINGSAFETY:0.5123365782179717
C_PIECESQUARETABLES:0.4909367775215842
C_MOBILITY:0.5624248161058126
C_KINGSAFETY:0.5051686446110306
C_PAWNSTRUCTURE:0.5
C_PIECECOORDINATION:0.4945540127441381
C_ROOKANDPAWNMOVEMENT:0.4945540127441381
C_CENTERCONTROL:0.4764859242209556
C_DEVELOPPIECES:0.5022495976457022
C_MATERIAL:0.42736518590569555
C_MOVECOUNT:0.5
