ELO:938
CE_PASSEDPAWNS:0.48967577083298136
CE_PAWNWEAKNESSES:0.49779265484499136
CE_PIECEACTIVITY:0.5224885070190336
CE_KINGPAWNSHIELD:0.5039788490311689
CE_PIECECOORDINATION:0.49744218941194757
CE_MATERIAL:0.5090149421718457
CE_KINGSAFETY:0.48961505073216693
C_PIECESQUARETABLES:0.5262555447656275
C_MOBILITY:0.491089418392812
C_KINGSAFETY:0.4886189313419015
C_PAWNSTRUCTURE:0.5094146910128261
C_PIECECOORDINATION:0.5016348716285256
C_ROOKANDPAWNMOVEMENT:0.5016348716285256
C_CENTERCONTROL:0.4898255283189367
C_DEVELOPPIECES:0.5
C_MATERIAL:0.5102665153600795
