ELO:968
CE_PASSEDPAWNS:0.4761111057041227
CE_PAWNWEAKNESSES:0.5123359807149355
CE_PIECEACTIVITY:0.49624257743112715
CE_KINGPAWNSHIELD:0.4808776238394091
CE_PIECECOORDINATION:0.5022590546074811
CE_MATERIAL:0.48941503978841905
CE_KINGSAFETY:0.5003881337224203
C_PIECESQUARETABLES:0.5097821489449861
C_MOBILITY:0.48794590022388434
C_KINGSAFETY:0.4915203765839892
C_PAWNSTRUCTURE:0.5152168050787499
C_PIECECOORDINATION:0.4942499023185448
C_ROOK:0.5291495351287593
CE_ROOK:0.5028298608504681
C_CENTERCONTROL:0.5052087907098464
C_DEVELOPPIECES:0.5173759614965424
C_MATERIAL:0.5195884363696431
C_MOVECOUNT:0.5166074169207154
C_PAWNMOVEMENT:0.484929725047237
