ELO:997
CE_PASSEDPAWNS:0.39015916333876777
CE_PAWNWEAKNESSES:0.44443296816184324
CE_PIECEACTIVITY:0.5668761610221127
CE_KINGPAWNSHIELD:0.49143282675314715
CE_PIECECOORDINATION:0.5000654176006081
CE_MATERIAL:0.4771089079028797
CE_KINGSAFETY:0.47114066694769174
C_PIECESQUARETABLES:0.4640220536552065
C_MOBILITY:0.509804294087122
C_KINGSAFETY:0.5567735325908547
C_PAWNSTRUCTURE:0.5204613603197298
C_PIECECOORDINATION:0.44014446146032027
C_ROOKANDPAWNMOVEMENT:0.44014446146032027
C_CENTERCONTROL:0.503799558515168
C_DEVELOPPIECES:0.4930108724003409
C_MATERIAL:0.46432459186322206
