ELO:1045
CE_PASSEDPAWNS:0.5118932808384188
CE_PAWNWEAKNESSES:0.5019991851941059
CE_PIECEACTIVITY:0.4912943929066737
CE_KINGPAWNSHIELD:0.5075817799269566
CE_PIECECOORDINATION:0.5
CE_MATERIAL:0.49279674784590377
CE_KINGSAFETY:0.5
C_PIECESQUARETABLES:0.5
C_MOBILITY:0.5
C_KINGSAFETY:0.5
C_PAWNSTRUCTURE:0.5
C_PIECECOORDINATION:0.4904458600200605
C_ROOKANDPAWNMOVEMENT:0.4904458600200605
C_CENTERCONTROL:0.506734056407956
C_DEVELOPPIECES:0.5064254035021817
C_MATERIAL:0.49923350388631776
C_MOVECOUNT:0.5163595836432773
