ELO:955
CE_PASSEDPAWNS:0.4837998270086835
CE_PAWNWEAKNESSES:0.5228615450634992
CE_PIECEACTIVITY:0.49624257743112715
CE_KINGPAWNSHIELD:0.48398392948387936
CE_PIECECOORDINATION:0.4927804826203767
CE_MATERIAL:0.4836298197047057
CE_KINGSAFETY:0.5003881337224203
C_PIECESQUARETABLES:0.5097821489449861
C_MOBILITY:0.48794590022388434
C_KINGSAFETY:0.4930452902630943
C_PAWNSTRUCTURE:0.5321905737974202
C_PIECECOORDINATION:0.4942499023185448
C_ROOK:0.5291495351287593
CE_ROOK:0.5028298608504681
C_CENTERCONTROL:0.5052087907098464
C_DEVELOPPIECES:0.5173759614965424
C_MATERIAL:0.5195884363696431
C_MOVECOUNT:0.521627881877791
C_PAWNMOVEMENT:0.4906164609435653
