ELO:867
CE_PASSEDPAWNS:0.42614026770032615
CE_PAWNWEAKNESSES:0.43655264544091077
CE_PIECEACTIVITY:0.4085784491153088
CE_KINGPAWNSHIELD:0.5055448140506864
CE_PIECECOORDINATION:0.5110264069712039
CE_MATERIAL:0.3971432674598671
CE_KINGSAFETY:0.5067216392842667
C_PIECESQUARETABLES:0.49110232910304635
C_MOBILITY:0.4631511101486603
C_KINGSAFETY:0.412493386912158
C_PAWNSTRUCTURE:0.4978009011996235
C_PIECECOORDINATION:0.4569480723395011
C_ROOKANDPAWNMOVEMENT:0.4569480723395011
C_CENTERCONTROL:0.611388318713572
C_DEVELOPPIECES:0.5109927008848427
C_MATERIAL:0.4794193098882801
