ELO:1000
CE_PASSEDPAWNS:0.49791278847226894
CE_PAWNWEAKNESSES:0.5289295912568317
CE_PIECEACTIVITY:0.4908106579394869
CE_KINGPAWNSHIELD:0.5199898331093105
CE_PIECECOORDINATION:0.5127226881472983
CE_MATERIAL:0.49979105782773625
CE_KINGSAFETY:0.49895504082840153
C_PIECESQUARETABLES:0.49898634235836403
C_MOBILITY:0.5201289824553492
C_KINGSAFETY:0.5059413938679796
C_PAWNSTRUCTURE:0.4793770071380847
C_PIECECOORDINATION:0.5169714896177862
C_ROOKANDPAWNMOVEMENT:0.5169714896177862
C_CENTERCONTROL:0.4911790777270755
C_DEVELOPPIECES:0.5056385028970188
C_MATERIAL:0.5013177188233191
