ELO:975
CE_PASSEDPAWNS:0.3937981052876049
CE_PAWNWEAKNESSES:0.46624973730873676
CE_PIECEACTIVITY:0.5757892251777285
CE_KINGPAWNSHIELD:0.47844933684753016
CE_PIECECOORDINATION:0.5083053459272604
CE_MATERIAL:0.4884449473228692
CE_KINGSAFETY:0.4880638789621191
C_PIECESQUARETABLES:0.4863069290366088
C_MOBILITY:0.5111379694017715
C_KINGSAFETY:0.5287684814133411
C_PAWNSTRUCTURE:0.5325939017283116
C_PIECECOORDINATION:0.42937570170124756
C_ROOKANDPAWNMOVEMENT:0.42937570170124756
C_CENTERCONTROL:0.48355745066398975
C_DEVELOPPIECES:0.49011144841149307
C_MATERIAL:0.48254314399730946
