ELO:719
CE_PASSEDPAWNS:0.6180053456419015
CE_PAWNWEAKNESSES:0.4698887786541989
CE_PIECEACTIVITY:0.5453731501975521
CE_KINGPAWNSHIELD:0.5388875790328612
CE_PIECECOORDINATION:0.5418657947638688
CE_MATERIAL:0.5072378072822121
CE_KINGSAFETY:0.49887638678224266
C_PIECESQUARETABLES:0.5793289177177506
C_MOBILITY:0.4501040972349039
C_KINGSAFETY:0.40735211800645554
C_PAWNSTRUCTURE:0.5181217588042089
C_PIECECOORDINATION:0.5598438121617374
C_ROOKANDPAWNMOVEMENT:0.5598438121617374
C_CENTERCONTROL:0.5753918226870621
C_DEVELOPPIECES:0.47416834637323757
C_MATERIAL:0.4633617159301838
C_MOVECOUNT:0.4964508464025191
