ELO:974
CE_PASSEDPAWNS:0.5108673328035185
CE_PAWNWEAKNESSES:0.5
CE_PIECEACTIVITY:0.4857936858138194
CE_KINGPAWNSHIELD:0.47515976161444934
CE_PIECECOORDINATION:0.48977769480101874
CE_MATERIAL:0.5079384584847063
CE_KINGSAFETY:0.5007740827011308
C_PIECESQUARETABLES:0.5001394012533505
C_MOBILITY:0.5057786961546527
C_KINGSAFETY:0.48732187731721577
C_PAWNSTRUCTURE:0.5021025786709206
C_PIECECOORDINATION:0.5
C_ROOKANDPAWNMOVEMENT:0.5
C_CENTERCONTROL:0.5079523503463627
C_DEVELOPPIECES:0.5
C_MATERIAL:0.5070603160251259
C_MOVECOUNT:0.5
