ELO:1006
CE_PASSEDPAWNS:0.39527951406557665
CE_PAWNWEAKNESSES:0.45431377450399435
CE_PIECEACTIVITY:0.5637544869747997
CE_KINGPAWNSHIELD:0.5004232625672648
CE_PIECECOORDINATION:0.500476596274046
CE_MATERIAL:0.4883512035417208
CE_KINGSAFETY:0.4699275829029625
C_PIECESQUARETABLES:0.45811261418405874
C_MOBILITY:0.4839322356618461
C_KINGSAFETY:0.5414186313268683
C_PAWNSTRUCTURE:0.5376330966029299
C_PIECECOORDINATION:0.4407404783365172
C_ROOKANDPAWNMOVEMENT:0.4407404783365172
C_CENTERCONTROL:0.5164429127216957
C_DEVELOPPIECES:0.47468105483505185
C_MATERIAL:0.4573601342449996
