ELO:887
CE_PASSEDPAWNS:0.5141642260753225
CE_PAWNWEAKNESSES:0.5182304976766685
CE_PIECEACTIVITY:0.4856045854884749
CE_KINGPAWNSHIELD:0.4793753666410746
CE_PIECECOORDINATION:0.5138459482123431
CE_MATERIAL:0.5207022305355652
CE_KINGSAFETY:0.48021000142057635
C_PIECESQUARETABLES:0.5177721264874611
C_MOBILITY:0.45426614112286345
C_KINGSAFETY:0.47010643146376935
C_PAWNSTRUCTURE:0.476427475652615
C_PIECECOORDINATION:0.4835654119846193
C_ROOKANDPAWNMOVEMENT:0.4835654119846193
C_CENTERCONTROL:0.5075097123194983
C_DEVELOPPIECES:0.4988846592851896
C_MATERIAL:0.5115856412531977
C_MOVECOUNT:0.5
