ELO:904
CE_PASSEDPAWNS:0.5302283367884714
CE_PAWNWEAKNESSES:0.45836561786041047
CE_PIECEACTIVITY:0.49184787819487735
CE_KINGPAWNSHIELD:0.5750570803550256
CE_PIECECOORDINATION:0.4908806695056276
CE_MATERIAL:0.4668689629207185
CE_KINGSAFETY:0.5000297322829554
C_PIECESQUARETABLES:0.5054850712234478
C_MOBILITY:0.5115819586015565
C_KINGSAFETY:0.5235098785932051
C_PAWNSTRUCTURE:0.4921418193992727
C_PIECECOORDINATION:0.4463119599640037
C_ROOKANDPAWNMOVEMENT:0.4463119599640037
C_CENTERCONTROL:0.5419867973287613
C_DEVELOPPIECES:0.5066830207407806
C_MATERIAL:0.4550716433683213
C_MOVECOUNT:0.5
