ELO:722
CE_PASSEDPAWNS:0.6165034988287704
CE_PAWNWEAKNESSES:0.45999690462775383
CE_PIECEACTIVITY:0.5400584003503738
CE_KINGPAWNSHIELD:0.5473103017037779
CE_PIECECOORDINATION:0.5547962570289205
CE_MATERIAL:0.5159230274766982
CE_KINGSAFETY:0.48042516213733616
C_PIECESQUARETABLES:0.5813987053190691
C_MOBILITY:0.4709688512063505
C_KINGSAFETY:0.4075041824938576
C_PAWNSTRUCTURE:0.5353151261205061
C_PIECECOORDINATION:0.5639502611649466
C_ROOKANDPAWNMOVEMENT:0.5639502611649466
C_CENTERCONTROL:0.5871078084731833
C_DEVELOPPIECES:0.4871452890910167
C_MATERIAL:0.4828873242313802
C_MOVECOUNT:0.48774778475922453
