ELO:923
CE_PASSEDPAWNS:0.47194637909644677
CE_PAWNWEAKNESSES:0.5259614055495142
CE_PIECEACTIVITY:0.49367881815912046
CE_KINGPAWNSHIELD:0.4880832361579202
CE_PIECECOORDINATION:0.4927804826203767
CE_MATERIAL:0.47822199457510495
CE_KINGSAFETY:0.5
C_PIECESQUARETABLES:0.5
C_MOBILITY:0.4777855783686965
C_KINGSAFETY:0.49461934011497044
C_PAWNSTRUCTURE:0.5564116197867823
C_PIECECOORDINATION:0.49896361293263514
C_ROOK:0.5141160707406847
CE_ROOK:0.5028298608504681
C_CENTERCONTROL:0.49118843826371394
C_DEVELOPPIECES:0.5173759614965424
C_MATERIAL:0.5111060167442848
C_MOVECOUNT:0.520278954784042
C_PAWNMOVEMENT:0.5017703688642751
