ELO:1000
CE_PASSEDPAWNS:0.5074459146527804
CE_PAWNWEAKNESSES:0.49169307597754086
CE_PIECEACTIVITY:0.5035711217684748
CE_KINGPAWNSHIELD:0.4736866758325637
CE_PIECECOORDINATION:0.48659407809254923
CE_MATERIAL:0.5109818332198716
CE_KINGSAFETY:0.4941106472362004
C_PIECESQUARETABLES:0.49427931500082084
C_MOBILITY:0.47911324269511035
C_KINGSAFETY:0.4863678787349834
C_PAWNSTRUCTURE:0.4441918963907369
C_PIECECOORDINATION:0.48719811253691125
C_ROOKANDPAWNMOVEMENT:0.48719811253691125
C_CENTERCONTROL:0.4939586674069799
C_DEVELOPPIECES:0.495944215191005
C_MATERIAL:0.45645452779454837
