ELO:1000
CE_PASSEDPAWNS:0.5020211955310538
CE_PAWNWEAKNESSES:0.451033663470957
CE_PIECEACTIVITY:0.5482953122194514
CE_KINGPAWNSHIELD:0.4529323804079294
CE_PIECECOORDINATION:0.5200414271228734
CE_MATERIAL:0.49060951081319354
CE_KINGSAFETY:0.5217052573538399
C_PIECESQUARETABLES:0.52574021653493
C_MOBILITY:0.5372788219185162
C_KINGSAFETY:0.47812227710379385
C_PAWNSTRUCTURE:0.4305339968523092
C_PIECECOORDINATION:0.44665900074075005
C_ROOKANDPAWNMOVEMENT:0.44665900074075005
C_CENTERCONTROL:0.47154599847772233
C_DEVELOPPIECES:0.5015054468401028
C_MATERIAL:0.460866250795361
