ELO:988
CE_PASSEDPAWNS:0.5
CE_PAWNWEAKNESSES:0.5032738223034849
CE_PIECEACTIVITY:0.4959281709989093
CE_KINGPAWNSHIELD:0.4693662743771445
CE_PIECECOORDINATION:0.5
CE_MATERIAL:0.49843307302527484
CE_KINGSAFETY:0.5
C_PIECESQUARETABLES:0.5
C_MOBILITY:0.49163056911132247
C_KINGSAFETY:0.49949457519003165
C_PAWNSTRUCTURE:0.502906710785137
C_PIECECOORDINATION:0.49375486429961873
C_ROOK:0.5199165514486231
CE_ROOK:0.4884532577812661
C_CENTERCONTROL:0.49995822998903505
C_DEVELOPPIECES:0.5054360157021768
C_MATERIAL:0.5227645682731715
C_MOVECOUNT:0.49491026317622083
C_PAWNMOVEMENT:0.4873212254401456
