ELO:1000
CE_PASSEDPAWNS:0.5192462070857279
CE_PAWNWEAKNESSES:0.46418214342030845
CE_PIECEACTIVITY:0.5625577769742839
CE_KINGPAWNSHIELD:0.4502217126022991
CE_PIECECOORDINATION:0.5226636108336122
CE_MATERIAL:0.507228891742925
CE_KINGSAFETY:0.5184284833294274
C_PIECESQUARETABLES:0.5376910219957336
C_MOBILITY:0.5484266470174326
C_KINGSAFETY:0.4856952690493546
C_PAWNSTRUCTURE:0.4397524586985883
C_PIECECOORDINATION:0.4589890812773718
C_ROOKANDPAWNMOVEMENT:0.4589890812773718
C_CENTERCONTROL:0.4630163015594001
C_DEVELOPPIECES:0.49851540469018896
C_MATERIAL:0.46723255902054567
