ELO:1000
CE_PASSEDPAWNS:0.4985830481880978
CE_PAWNWEAKNESSES:0.4680251287709186
CE_PIECEACTIVITY:0.5169962722048338
CE_KINGPAWNSHIELD:0.45511792332880596
CE_PIECECOORDINATION:0.4826846820526374
CE_MATERIAL:0.48478832794159515
CE_KINGSAFETY:0.5228368805357214
C_PIECESQUARETABLES:0.5104772970469682
C_MOBILITY:0.5128749285592561
C_KINGSAFETY:0.4986797535070078
C_PAWNSTRUCTURE:0.45203361698443834
C_PIECECOORDINATION:0.4790747699741015
C_ROOKANDPAWNMOVEMENT:0.4790747699741015
C_CENTERCONTROL:0.4999467679988863
C_DEVELOPPIECES:0.5069193347712179
C_MATERIAL:0.46036338136436267
