ELO:900
CE_PASSEDPAWNS:0.4714421371399883
CE_PAWNWEAKNESSES:0.5348746410061036
CE_PIECEACTIVITY:0.47730743876348547
CE_KINGPAWNSHIELD:0.49620255905356303
CE_PIECECOORDINATION:0.46394702236096513
CE_MATERIAL:0.5020267969302712
CE_KINGSAFETY:0.49749581278159705
C_PIECESQUARETABLES:0.5089653276218372
C_MOBILITY:0.46885250503748876
C_KINGSAFETY:0.4879642882458553
C_PAWNSTRUCTURE:0.5717099416015629
C_PIECECOORDINATION:0.4891081242149348
C_ROOK:0.5180880493089965
CE_ROOK:0.5039926681450576
C_CENTERCONTROL:0.5194350992533052
C_DEVELOPPIECES:0.5413517400999538
C_MATERIAL:0.5510612340393013
C_MOVECOUNT:0.5435712185212235
C_PAWNMOVEMENT:0.507778614079308
