ELO:966
CE_PASSEDPAWNS:0.47370953510501707
CE_PAWNWEAKNESSES:0.5022644475307606
CE_PIECEACTIVITY:0.5198525369415565
CE_KINGPAWNSHIELD:0.5027836521724542
CE_PIECECOORDINATION:0.5106046011803445
CE_MATERIAL:0.5133813258959701
CE_KINGSAFETY:0.5
C_PIECESQUARETABLES:0.47814977251263646
C_MOBILITY:0.5327423262957707
C_KINGSAFETY:0.4973296089940047
C_PAWNSTRUCTURE:0.502087067993171
C_PIECECOORDINATION:0.49117612336858085
C_ROOKANDPAWNMOVEMENT:0.49117612336858085
C_CENTERCONTROL:0.513968009172386
C_DEVELOPPIECES:0.4945988522172075
C_MATERIAL:0.5154870154207359
C_MOVECOUNT:0.48793087004310637
