ELO:996
CE_PASSEDPAWNS:0.4900211938466232
CE_PAWNWEAKNESSES:0.5
CE_PIECEACTIVITY:0.5068648559354175
CE_KINGPAWNSHIELD:0.5033228334225499
CE_PIECECOORDINATION:0.5137137070141857
CE_MATERIAL:0.4970439559245752
CE_KINGSAFETY:0.4951035818033766
C_PIECESQUARETABLES:0.5072723731951552
C_MOBILITY:0.5
C_KINGSAFETY:0.5067877524005546
C_PAWNSTRUCTURE:0.5
C_PIECECOORDINATION:0.49275290593534427
C_ROOKANDPAWNMOVEMENT:0.49275290593534427
C_CENTERCONTROL:0.5
C_DEVELOPPIECES:0.49782688410781045
C_MATERIAL:0.501065371607073
C_MOVECOUNT:0.4896467876283961
