ELO:1000
CE_PASSEDPAWNS:0.5064182176154154
CE_PAWNWEAKNESSES:0.4799598634490552
CE_PIECEACTIVITY:0.5609751508719253
CE_KINGPAWNSHIELD:0.5557309549393198
CE_PIECECOORDINATION:0.5891267170842525
CE_MATERIAL:0.491502282477823
CE_KINGSAFETY:0.551975855923864
C_PIECESQUARETABLES:0.47264902133042147
C_MOBILITY:0.4638531071622723
C_KINGSAFETY:0.4774160743911034
C_PAWNSTRUCTURE:0.5202215362673734
C_PIECECOORDINATION:0.4426770628545086
C_ROOKANDPAWNMOVEMENT:0.4426770628545086
C_CENTERCONTROL:0.6107801377479544
C_DEVELOPPIECES:0.5802900468569747
C_MATERIAL:0.5096246245818191
