ELO:910
CE_PASSEDPAWNS:0.5064726114280906
CE_PAWNWEAKNESSES:0.5091324629236218
CE_PIECEACTIVITY:0.49801329050986215
CE_KINGPAWNSHIELD:0.5250973297793665
CE_PIECECOORDINATION:0.4802636686885865
CE_MATERIAL:0.5036165223772381
CE_KINGSAFETY:0.5278441418775021
C_PIECESQUARETABLES:0.49520863047164154
C_MOBILITY:0.4916773960878648
C_KINGSAFETY:0.5432716586691415
C_PAWNSTRUCTURE:0.5256625651844061
C_PIECECOORDINATION:0.47174243253113735
C_ROOKANDPAWNMOVEMENT:0.47174243253113735
C_CENTERCONTROL:0.5230800188366231
C_DEVELOPPIECES:0.522564611114092
C_MATERIAL:0.5152704206830608
C_MOVECOUNT:0.5
