ELO:925
CE_PASSEDPAWNS:0.5009257962998037
CE_PAWNWEAKNESSES:0.4856106049063795
CE_PIECEACTIVITY:0.5202913997721086
CE_KINGPAWNSHIELD:0.4878857265629304
CE_PIECECOORDINATION:0.4871165761816035
CE_MATERIAL:0.5230516822895633
CE_KINGSAFETY:0.5137967530545833
C_PIECESQUARETABLES:0.49247549092414317
C_MOBILITY:0.49081365794579396
C_KINGSAFETY:0.5359862750047721
C_PAWNSTRUCTURE:0.4697649873598602
C_PIECECOORDINATION:0.5189807439095211
C_ROOK:0.5282221249516568
CE_ROOK:0.47453251118971007
C_CENTERCONTROL:0.5060393198716573
C_DEVELOPPIECES:0.5643876463632211
C_MATERIAL:0.4965253119899084
C_MOVECOUNT:0.5185822475700715
C_PAWNMOVEMENT:0.4748441141329315
