ELO:991
CE_PASSEDPAWNS:0.4861763585603362
CE_PAWNWEAKNESSES:0.4346890035116968
CE_PIECEACTIVITY:0.5722911042830686
CE_KINGPAWNSHIELD:0.5310366977452194
CE_PIECECOORDINATION:0.5806306826990044
CE_MATERIAL:0.487007970631797
CE_KINGSAFETY:0.5526238106178581
C_PIECESQUARETABLES:0.4707191759931035
C_MOBILITY:0.5222466565695557
C_KINGSAFETY:0.479981267727231
C_PAWNSTRUCTURE:0.5335648723502653
C_PIECECOORDINATION:0.4312751099264924
C_ROOKANDPAWNMOVEMENT:0.4312751099264924
C_CENTERCONTROL:0.6206663430352616
C_DEVELOPPIECES:0.566267974824143
C_MATERIAL:0.48146862379657
