ELO:1000
CE_PASSEDPAWNS:0.5175214397849425
CE_PAWNWEAKNESSES:0.44362032990794015
CE_PIECEACTIVITY:0.5528801964288886
CE_KINGPAWNSHIELD:0.4887442127825262
CE_PIECECOORDINATION:0.46668279878822333
CE_MATERIAL:0.5037320387314117
CE_KINGSAFETY:0.5154408792151421
C_PIECESQUARETABLES:0.49301266955061807
C_MOBILITY:0.443669311432214
C_KINGSAFETY:0.4767181740023944
C_PAWNSTRUCTURE:0.5001228909817056
C_PIECECOORDINATION:0.4638916984698416
C_ROOKANDPAWNMOVEMENT:0.4638916984698416
C_CENTERCONTROL:0.490712107708924
C_DEVELOPPIECES:0.48993483200122584
C_MATERIAL:0.5014267673618547
