ELO:825
CE_PASSEDPAWNS:0.4904651234096458
CE_PAWNWEAKNESSES:0.46737717131596973
CE_PIECEACTIVITY:0.45024917450816093
CE_KINGPAWNSHIELD:0.43797373303580267
CE_PIECECOORDINATION:0.4073110856112453
CE_MATERIAL:0.5093167148567246
CE_KINGSAFETY:0.49128752923130575
C_PIECESQUARETABLES:0.5
C_MOBILITY:0.42587666901800236
C_KINGSAFETY:0.5035598922716827
C_PAWNSTRUCTURE:0.43875219299416357
C_PIECECOORDINATION:0.508628332669686
C_ROOKANDPAWNMOVEMENT:0.508628332669686
C_CENTERCONTROL:0.4596725681501041
C_DEVELOPPIECES:0.5073450749500233
C_MATERIAL:0.4707199686635749
