ELO:835
CE_PASSEDPAWNS:0.48906166334706075
CE_PAWNWEAKNESSES:0.45267021953732794
CE_PIECEACTIVITY:0.48104553737531536
CE_KINGPAWNSHIELD:0.5001491422279857
CE_PIECECOORDINATION:0.5187476466012083
CE_MATERIAL:0.5244407141768255
CE_KINGSAFETY:0.4702088061358041
C_PIECESQUARETABLES:0.4488714484744297
C_MOBILITY:0.46795457970339843
C_KINGSAFETY:0.5506454091395653
C_PAWNSTRUCTURE:0.4833549899255876
C_PIECECOORDINATION:0.4922224605533366
C_ROOKANDPAWNMOVEMENT:0.4922224605533366
C_CENTERCONTROL:0.5457031881480808
C_DEVELOPPIECES:0.5378824677036211
C_MATERIAL:0.428185131458328
C_MOVECOUNT:0.5
