ELO:1008
CE_PASSEDPAWNS:0.49222550166567397
CE_PAWNWEAKNESSES:0.5
CE_PIECEACTIVITY:0.4920573762197772
CE_KINGPAWNSHIELD:0.5069420566908653
CE_PIECECOORDINATION:0.48854735703536917
CE_MATERIAL:0.5
CE_KINGSAFETY:0.5097159467713969
C_PIECESQUARETABLES:0.49662348315665894
C_MOBILITY:0.5
C_KINGSAFETY:0.4905669579360725
C_PAWNSTRUCTURE:0.5
C_PIECECOORDINATION:0.504121418867541
C_ROOKANDPAWNMOVEMENT:0.504121418867541
C_CENTERCONTROL:0.48256811897566
C_DEVELOPPIECES:0.5054001938544059
C_MATERIAL:0.5114472595225684
