ELO:1000
CE_PASSEDPAWNS:0.5064182176154154
CE_PAWNWEAKNESSES:0.477107761589735
CE_PIECEACTIVITY:0.5611636397470484
CE_KINGPAWNSHIELD:0.5437323488026004
CE_PIECECOORDINATION:0.5906568180184462
CE_MATERIAL:0.4953347347626953
CE_KINGSAFETY:0.5412000859642384
C_PIECESQUARETABLES:0.4851292687031352
C_MOBILITY:0.4832225433120822
C_KINGSAFETY:0.46994083009921667
C_PAWNSTRUCTURE:0.5148804600703628
C_PIECECOORDINATION:0.4342301516467586
C_ROOKANDPAWNMOVEMENT:0.4342301516467586
C_CENTERCONTROL:0.6018261191050962
C_DEVELOPPIECES:0.5774481163593689
C_MATERIAL:0.47748119212626977
