ELO:1000
CE_PASSEDPAWNS:0.5121845201095543
CE_PAWNWEAKNESSES:0.4956839683662362
CE_PIECEACTIVITY:0.5513460255007091
CE_KINGPAWNSHIELD:0.5396133531137589
CE_PIECECOORDINATION:0.540501937223034
CE_MATERIAL:0.5123056540303024
CE_KINGSAFETY:0.5129700885992265
C_PIECESQUARETABLES:0.5044497264954914
C_MOBILITY:0.45955069694484035
C_KINGSAFETY:0.47436954609314336
C_PAWNSTRUCTURE:0.5130290119008297
C_PIECECOORDINATION:0.482643025765816
C_ROOKANDPAWNMOVEMENT:0.482643025765816
C_CENTERCONTROL:0.5723875421009074
C_DEVELOPPIECES:0.5835825549311661
C_MATERIAL:0.47911433452916724
