ELO:1007
CE_PASSEDPAWNS:0.4991476105102762
CE_PAWNWEAKNESSES:0.5
CE_PIECEACTIVITY:0.49757212537587486
CE_KINGPAWNSHIELD:0.5017584704988018
CE_PIECECOORDINATION:0.5
CE_MATERIAL:0.49564169359092103
CE_KINGSAFETY:0.5
C_PIECESQUARETABLES:0.4985496716895773
C_MOBILITY:0.5033758403215992
C_KINGSAFETY:0.5034417335087394
C_PAWNSTRUCTURE:0.5101339590815239
C_PIECECOORDINATION:0.5194760211535047
C_ROOKANDPAWNMOVEMENT:0.5194760211535047
C_CENTERCONTROL:0.5
C_DEVELOPPIECES:0.5148783606130006
C_MATERIAL:0.5
C_MOVECOUNT:0.5230524357427133
