ELO:987
CE_PASSEDPAWNS:0.5108778484189693
CE_PAWNWEAKNESSES:0.500919592389728
CE_PIECEACTIVITY:0.49447307624788034
CE_KINGPAWNSHIELD:0.5
CE_PIECECOORDINATION:0.4975138880933907
CE_MATERIAL:0.5288768302025191
CE_KINGSAFETY:0.5
C_PIECESQUARETABLES:0.5
C_MOBILITY:0.4942618492409613
C_KINGSAFETY:0.4869901268274159
C_PAWNSTRUCTURE:0.4853616633268516
C_PIECECOORDINATION:0.49709645180029044
C_ROOK:0.5166341200924564
CE_ROOK:0.5
C_CENTERCONTROL:0.49972342907413775
C_DEVELOPPIECES:0.5121092952211974
C_MATERIAL:0.5063389490642747
C_MOVECOUNT:0.5140557640086679
C_PAWNMOVEMENT:0.5
