ELO:891
CE_PASSEDPAWNS:0.4886582701273478
CE_PAWNWEAKNESSES:0.4982584531476658
CE_PIECEACTIVITY:0.507643174789537
CE_KINGPAWNSHIELD:0.5226941881130351
CE_PIECECOORDINATION:0.4921155164503076
CE_MATERIAL:0.48995517586344606
CE_KINGSAFETY:0.5521770189257416
C_PIECESQUARETABLES:0.4990435084739566
C_MOBILITY:0.48223369696864665
C_KINGSAFETY:0.512882192007284
C_PAWNSTRUCTURE:0.5109716310617958
C_PIECECOORDINATION:0.4976971431475727
C_ROOK:0.49720062568858153
CE_ROOK:0.4669869164169952
C_CENTERCONTROL:0.5141374202112405
C_DEVELOPPIECES:0.4923417082629896
C_MATERIAL:0.48092766359916267
C_MOVECOUNT:0.47749817197574645
C_PAWNMOVEMENT:0.5101572053211131
