ELO:968
CE_PASSEDPAWNS:0.46280183192167584
CE_PAWNWEAKNESSES:0.3868600559077585
CE_PIECEACTIVITY:0.599845529178499
CE_KINGPAWNSHIELD:0.5339574052158138
CE_PIECECOORDINATION:0.608269340030057
CE_MATERIAL:0.48422721128511
CE_KINGSAFETY:0.4983199209394694
C_PIECESQUARETABLES:0.49726621430245616
C_MOBILITY:0.49295752837577117
C_KINGSAFETY:0.5279120018258545
C_PAWNSTRUCTURE:0.5127730967159176
C_PIECECOORDINATION:0.44646276380761585
C_ROOKANDPAWNMOVEMENT:0.44646276380761585
C_CENTERCONTROL:0.5762991015596615
C_DEVELOPPIECES:0.5920709239029885
C_MATERIAL:0.46454075117126886
