ELO:973
CE_PASSEDPAWNS:0.5127496034315236
CE_PAWNWEAKNESSES:0.4885839190609496
CE_PIECEACTIVITY:0.49105380089271367
CE_KINGPAWNSHIELD:0.497075400020754
CE_PIECECOORDINATION:0.4952059299485845
CE_MATERIAL:0.5288768302025191
CE_KINGSAFETY:0.4993407104713103
C_PIECESQUARETABLES:0.4955203663640986
C_MOBILITY:0.5017891831684155
C_KINGSAFETY:0.5210197547957731
C_PAWNSTRUCTURE:0.48597918749915536
C_PIECECOORDINATION:0.5077863858913503
C_ROOK:0.5225837420636427
CE_ROOK:0.5083581071414974
C_CENTERCONTROL:0.5020840045730846
C_DEVELOPPIECES:0.5178071548620049
C_MATERIAL:0.5045046006875131
C_MOVECOUNT:0.5040927959970343
C_PAWNMOVEMENT:0.5002234764216259
