ELO:906
CE_PASSEDPAWNS:0.46715969544836305
CE_PAWNWEAKNESSES:0.40466880887462076
CE_PIECEACTIVITY:0.6015003076333436
CE_KINGPAWNSHIELD:0.5355250335396805
CE_PIECECOORDINATION:0.45937889896093953
CE_MATERIAL:0.4281955839169255
CE_KINGSAFETY:0.49700291982347466
C_PIECESQUARETABLES:0.4683282853250503
C_MOBILITY:0.5463274410310175
C_KINGSAFETY:0.46274887080304117
C_PAWNSTRUCTURE:0.5137321021579049
C_PIECECOORDINATION:0.40460995921865406
C_ROOKANDPAWNMOVEMENT:0.40460995921865406
C_CENTERCONTROL:0.5015835677436953
C_DEVELOPPIECES:0.46917031054623626
C_MATERIAL:0.4843299936546944
