ELO:1015
CE_PASSEDPAWNS:0.5198953570732054
CE_PAWNWEAKNESSES:0.5059799179655586
CE_PIECEACTIVITY:0.5147222263282064
CE_KINGPAWNSHIELD:0.5
CE_PIECECOORDINATION:0.5027210901724889
CE_MATERIAL:0.4973572683438121
CE_KINGSAFETY:0.478743953457564
C_PIECESQUARETABLES:0.4979320263488103
C_MOBILITY:0.4875178847599225
C_KINGSAFETY:0.4847704287345095
C_PAWNSTRUCTURE:0.5
C_PIECECOORDINATION:0.5038053473999178
C_ROOKANDPAWNMOVEMENT:0.5038053473999178
C_CENTERCONTROL:0.49049849994004585
C_DEVELOPPIECES:0.5
C_MATERIAL:0.49893430299614316
C_MOVECOUNT:0.5
