ELO:975
CE_PASSEDPAWNS:0.4764606890299105
CE_PAWNWEAKNESSES:0.40282257833717966
CE_PIECEACTIVITY:0.5944990169937356
CE_KINGPAWNSHIELD:0.5267011511370921
CE_PIECECOORDINATION:0.594889824528108
CE_MATERIAL:0.4971645754948878
CE_KINGSAFETY:0.5737411591661832
C_PIECESQUARETABLES:0.4593516605168592
C_MOBILITY:0.5296853119672945
C_KINGSAFETY:0.514175089398792
C_PAWNSTRUCTURE:0.5396372486917926
C_PIECECOORDINATION:0.455243871151286
C_ROOKANDPAWNMOVEMENT:0.455243871151286
C_CENTERCONTROL:0.609254082401882
C_DEVELOPPIECES:0.5694897933457694
C_MATERIAL:0.45135645549279424
