ELO:1000
CE_PASSEDPAWNS:0.5055671194876745
CE_PAWNWEAKNESSES:0.46597738527343635
CE_PIECEACTIVITY:0.549445179810859
CE_KINGPAWNSHIELD:0.527163699824587
CE_PIECECOORDINATION:0.5759384708981177
CE_MATERIAL:0.5106600595138316
CE_KINGSAFETY:0.5182822702286608
C_PIECESQUARETABLES:0.4799873244478699
C_MOBILITY:0.46237809805186775
C_KINGSAFETY:0.4914550458402405
C_PAWNSTRUCTURE:0.5132975559313326
C_PIECECOORDINATION:0.46317565499075547
C_ROOKANDPAWNMOVEMENT:0.46317565499075547
C_CENTERCONTROL:0.6141171834535653
C_DEVELOPPIECES:0.5937058570347038
C_MATERIAL:0.5098493833107136
