ELO:933
CE_PASSEDPAWNS:0.5130595431761986
CE_PAWNWEAKNESSES:0.46145153968702024
CE_PIECEACTIVITY:0.5115207171644606
CE_KINGPAWNSHIELD:0.5219558351631455
CE_PIECECOORDINATION:0.4931238253899765
CE_MATERIAL:0.44308460568688457
CE_KINGSAFETY:0.4761601396277829
C_PIECESQUARETABLES:0.5
C_MOBILITY:0.46531075773695
C_KINGSAFETY:0.4956216777220613
C_PAWNSTRUCTURE:0.48444101262564176
C_PIECECOORDINATION:0.47408806453400715
C_ROOKANDPAWNMOVEMENT:0.47408806453400715
C_CENTERCONTROL:0.49177283634720664
C_DEVELOPPIECES:0.5029362738448985
C_MATERIAL:0.5232531013398614
C_MOVECOUNT:0.5047125559447544
