ELO:951
CE_PASSEDPAWNS:0.3875767797222349
CE_PAWNWEAKNESSES:0.3913259075683465
CE_PIECEACTIVITY:0.5820304805465502
CE_KINGPAWNSHIELD:0.5298315485357223
CE_PIECECOORDINATION:0.61028776171942
CE_MATERIAL:0.45105745547113696
CE_KINGSAFETY:0.5
C_PIECESQUARETABLES:0.5084937640319589
C_MOBILITY:0.5144389230073251
C_KINGSAFETY:0.5098851584141463
C_PAWNSTRUCTURE:0.5050843457318824
C_PIECECOORDINATION:0.44108750109153966
C_ROOKANDPAWNMOVEMENT:0.44108750109153966
C_CENTERCONTROL:0.5590419587394312
C_DEVELOPPIECES:0.6008627017249595
C_MATERIAL:0.47706238368092446
