ELO:914
CE_PASSEDPAWNS:0.5163644598833479
CE_PAWNWEAKNESSES:0.4812050554431784
CE_PIECEACTIVITY:0.5205003077188236
CE_KINGPAWNSHIELD:0.48987861289572204
CE_PIECECOORDINATION:0.501946042439556
CE_MATERIAL:0.5582453935746147
CE_KINGSAFETY:0.494890125529913
C_PIECESQUARETABLES:0.5
C_MOBILITY:0.4844717523619207
C_KINGSAFETY:0.5281766801968777
C_PAWNSTRUCTURE:0.4643303669588212
C_PIECECOORDINATION:0.49843406151835834
C_ROOK:0.516614515705105
CE_ROOK:0.4723433277087005
C_CENTERCONTROL:0.5077231975182149
C_DEVELOPPIECES:0.572533016859428
C_MATERIAL:0.4913275672835896
C_MOVECOUNT:0.5243592073809892
C_PAWNMOVEMENT:0.451723304298015
