ELO:1000
CE_PASSEDPAWNS:0.502049401334383
CE_PAWNWEAKNESSES:0.49900708314370856
CE_PIECEACTIVITY:0.4905854089488444
CE_KINGPAWNSHIELD:0.5325370310933396
CE_PIECECOORDINATION:0.5086929027910388
CE_MATERIAL:0.5083731310790216
CE_KINGSAFETY:0.4872141668851758
C_PIECESQUARETABLES:0.5239162049822396
C_MOBILITY:0.4865435283408567
C_KINGSAFETY:0.48000705178748343
C_PAWNSTRUCTURE:0.4958505633283297
C_PIECECOORDINATION:0.5142531214807492
C_ROOKANDPAWNMOVEMENT:0.5142531214807492
C_CENTERCONTROL:0.5704002671498297
C_DEVELOPPIECES:0.509786173244339
C_MATERIAL:0.5015674712750804
