ELO:945
CE_PASSEDPAWNS:0.4717170405819601
CE_PAWNWEAKNESSES:0.47140019121859883
CE_PIECEACTIVITY:0.5437525705524892
CE_KINGPAWNSHIELD:0.4838453525984421
CE_PIECECOORDINATION:0.5297467635633546
CE_MATERIAL:0.4934810218576731
CE_KINGSAFETY:0.47037513099656336
C_PIECESQUARETABLES:0.5
C_MOBILITY:0.47161828676742795
C_KINGSAFETY:0.5386617051747968
C_PAWNSTRUCTURE:0.4905302692854897
C_PIECECOORDINATION:0.5173565072813352
C_ROOKANDPAWNMOVEMENT:0.5173565072813352
C_CENTERCONTROL:0.5
C_DEVELOPPIECES:0.513531738918338
C_MATERIAL:0.4199313647768621
C_MOVECOUNT:0.5
