ELO:935
CE_PASSEDPAWNS:0.5042430533090765
CE_PAWNWEAKNESSES:0.500062297000941
CE_PIECEACTIVITY:0.5015640577388873
CE_KINGPAWNSHIELD:0.5075713208438157
CE_PIECECOORDINATION:0.49875024129251233
CE_MATERIAL:0.4961693594945376
CE_KINGSAFETY:0.4965143754378644
C_PIECESQUARETABLES:0.48985588614363296
C_MOBILITY:0.48786243374331506
C_KINGSAFETY:0.5261950808731783
C_PAWNSTRUCTURE:0.5133115938687238
C_PIECECOORDINATION:0.47291040579418187
C_ROOKANDPAWNMOVEMENT:0.47291040579418187
C_CENTERCONTROL:0.5169417162803781
C_DEVELOPPIECES:0.507893173602946
C_MATERIAL:0.5036605652428735
C_MOVECOUNT:0.5
