ELO:947
CE_PASSEDPAWNS:0.44201430942950815
CE_PAWNWEAKNESSES:0.3967570358787663
CE_PIECEACTIVITY:0.5910402480996942
CE_KINGPAWNSHIELD:0.5307703178074439
CE_PIECECOORDINATION:0.6028990442748436
CE_MATERIAL:0.4656052970229955
CE_KINGSAFETY:0.4776954947687074
C_PIECESQUARETABLES:0.507782776296627
C_MOBILITY:0.5021712188882492
C_KINGSAFETY:0.5395867432927295
C_PAWNSTRUCTURE:0.5043393891873013
C_PIECECOORDINATION:0.4476529551795769
C_ROOKANDPAWNMOVEMENT:0.4476529551795769
C_CENTERCONTROL:0.5765296499526191
C_DEVELOPPIECES:0.6012987957103394
C_MATERIAL:0.4551134177175421
