ELO:1005
CE_PASSEDPAWNS:0.4991476105102762
CE_PAWNWEAKNESSES:0.4974517147353695
CE_PIECEACTIVITY:0.49880838960266144
CE_KINGPAWNSHIELD:0.5105586467950172
CE_PIECECOORDINATION:0.5
CE_MATERIAL:0.5
CE_KINGSAFETY:0.5021372530408671
C_PIECESQUARETABLES:0.5
C_MOBILITY:0.5074524975887976
C_KINGSAFETY:0.49370927205701265
C_PAWNSTRUCTURE:0.49041655743834134
C_PIECECOORDINATION:0.4717437241314243
C_ROOKANDPAWNMOVEMENT:0.4717437241314243
C_CENTERCONTROL:0.5132798452143453
C_DEVELOPPIECES:0.50936700808155
C_MATERIAL:0.48758531902426633
C_MOVECOUNT:0.49992898146062864
