ELO:935
CE_PASSEDPAWNS:0.5097735609918086
CE_PAWNWEAKNESSES:0.50606052127729
CE_PIECEACTIVITY:0.5079095164347474
CE_KINGPAWNSHIELD:0.5118783747212393
CE_PIECECOORDINATION:0.490716918587156
CE_MATERIAL:0.49521106816723703
CE_KINGSAFETY:0.4965143754378644
C_PIECESQUARETABLES:0.4879583314111283
C_MOBILITY:0.48774408543335646
C_KINGSAFETY:0.5149114110856841
C_PAWNSTRUCTURE:0.5180462129971424
C_PIECECOORDINATION:0.47545354728885786
C_ROOKANDPAWNMOVEMENT:0.47545354728885786
C_CENTERCONTROL:0.5169417162803781
C_DEVELOPPIECES:0.507893173602946
C_MATERIAL:0.5036605652428735
C_MOVECOUNT:0.5
