ELO:1000
CE_PASSEDPAWNS:0.5200607966854722
CE_PAWNWEAKNESSES:0.43753444226352456
CE_PIECEACTIVITY:0.560558816211456
CE_KINGPAWNSHIELD:0.4887442127825262
CE_PIECECOORDINATION:0.46442258611903176
CE_MATERIAL:0.4928931783812995
CE_KINGSAFETY:0.5160160781968688
C_PIECESQUARETABLES:0.5011828704345598
C_MOBILITY:0.4348038680802232
C_KINGSAFETY:0.48796447980759394
C_PAWNSTRUCTURE:0.505043920833953
C_PIECECOORDINATION:0.4757971652007381
C_ROOKANDPAWNMOVEMENT:0.4757971652007381
C_CENTERCONTROL:0.4808321385136658
C_DEVELOPPIECES:0.496188412319309
C_MATERIAL:0.5006269534946441
