ELO:1103
CE_PASSEDPAWNS:0.442778421640529
CE_PAWNWEAKNESSES:0.5942385255537602
CE_PIECEACTIVITY:0.46332431393839474
CE_KINGPAWNSHIELD:0.6208131797722044
CE_PIECECOORDINATION:0.5680589064498994
CE_MATERIAL:0.3980085920595677
CE_KINGSAFETY:0.5
C_PIECESQUARETABLES:0.5
C_MOBILITY:0.415242949788139
C_KINGSAFETY:0.6130846864399009
C_PAWNSTRUCTURE:0.4417501100211813
C_PIECECOORDINATION:0.48430233874975176
C_ROOKANDPAWNMOVEMENT:0.48430233874975176
C_CENTERCONTROL:0.5909654687773026
C_DEVELOPPIECES:0.5036709358508517
C_MATERIAL:0.4049426374840338
