ELO:979
CE_PASSEDPAWNS:0.4696026251701083
CE_PAWNWEAKNESSES:0.40925354012220255
CE_PIECEACTIVITY:0.5754864941477483
CE_KINGPAWNSHIELD:0.5368524541370168
CE_PIECECOORDINATION:0.5772098035779342
CE_MATERIAL:0.4836038426358438
CE_KINGSAFETY:0.5569273321932681
C_PIECESQUARETABLES:0.4681795071621604
C_MOBILITY:0.5089367955410965
C_KINGSAFETY:0.5070263291653182
C_PAWNSTRUCTURE:0.5349005882165527
C_PIECECOORDINATION:0.4449357378940305
C_ROOKANDPAWNMOVEMENT:0.4449357378940305
C_CENTERCONTROL:0.6050632347308518
C_DEVELOPPIECES:0.5618390594373388
C_MATERIAL:0.4560094784693882
