ELO:991
CE_PASSEDPAWNS:0.5277288571395565
CE_PAWNWEAKNESSES:0.48136761683946744
CE_PIECEACTIVITY:0.5290710301437745
CE_KINGPAWNSHIELD:0.5352067398675147
CE_PIECECOORDINATION:0.4846973356516632
CE_MATERIAL:0.48210312489203583
CE_KINGSAFETY:0.5016575688658993
C_PIECESQUARETABLES:0.5075080391365834
C_MOBILITY:0.5775286774619922
C_KINGSAFETY:0.5250912115677565
C_PAWNSTRUCTURE:0.46054427260367564
C_PIECECOORDINATION:0.49481266204964397
C_ROOKANDPAWNMOVEMENT:0.49481266204964397
C_CENTERCONTROL:0.4331372251680511
C_DEVELOPPIECES:0.4450274108214812
C_MATERIAL:0.6235069011494492
