ELO:1000
CE_PASSEDPAWNS:0.5005003844495571
CE_PAWNWEAKNESSES:0.4942889204564533
CE_PIECEACTIVITY:0.4709997811990642
CE_KINGPAWNSHIELD:0.515960245907174
CE_PIECECOORDINATION:0.512822684191415
CE_MATERIAL:0.49139152594599017
CE_KINGSAFETY:0.5291844759482258
C_PIECESQUARETABLES:0.4905880397439749
C_MOBILITY:0.5069655045678951
C_KINGSAFETY:0.47506715505634667
C_PAWNSTRUCTURE:0.5108266009198859
C_PIECECOORDINATION:0.49499898491290256
C_ROOKANDPAWNMOVEMENT:0.49499898491290256
C_CENTERCONTROL:0.5176947149454624
C_DEVELOPPIECES:0.5225434841970883
C_MATERIAL:0.4990046895815835
