ELO:1009
CE_PASSEDPAWNS:0.506266497139185
CE_PAWNWEAKNESSES:0.5148230837923092
CE_PIECEACTIVITY:0.4928040503754208
CE_KINGPAWNSHIELD:0.5047421774235824
CE_PIECECOORDINATION:0.5071105434559564
CE_MATERIAL:0.49539724529991863
CE_KINGSAFETY:0.4943074508668399
C_PIECESQUARETABLES:0.499892136544185
C_MOBILITY:0.5026359523931632
C_KINGSAFETY:0.5090604986768512
C_PAWNSTRUCTURE:0.4992230955574208
C_PIECECOORDINATION:0.5007739669727548
C_ROOKANDPAWNMOVEMENT:0.5007739669727548
C_CENTERCONTROL:0.5106497996814144
C_DEVELOPPIECES:0.49790952323396204
C_MATERIAL:0.507068788288795
C_MOVECOUNT:0.4919336953014716
