ELO:1000
CE_PASSEDPAWNS:0.5
CE_PAWNWEAKNESSES:0.5085544288993624
CE_PIECEACTIVITY:0.5075872972036702
CE_KINGPAWNSHIELD:0.5
CE_PIECECOORDINATION:0.4901994915753292
CE_MATERIAL:0.5
CE_KINGSAFETY:0.5
C_PIECESQUARETABLES:0.5044597891432809
C_MOBILITY:0.5
C_KINGSAFETY:0.4993728190763838
C_PAWNSTRUCTURE:0.49765860619056246
C_PIECECOORDINATION:0.49595357674814405
C_ROOK:0.5
CE_ROOK:0.5
C_CENTERCONTROL:0.5
C_DEVELOPPIECES:0.5
C_MATERIAL:0.4959078638071722
C_MOVECOUNT:0.5
C_PAWNMOVEMENT:0.5
