ELO:1000
CE_PASSEDPAWNS:0.4970553268139208
CE_PAWNWEAKNESSES:0.4941564378357508
CE_PIECEACTIVITY:0.4824439298391422
CE_KINGPAWNSHIELD:0.5114241584318179
CE_PIECECOORDINATION:0.5031565894294561
CE_MATERIAL:0.5
CE_KINGSAFETY:0.5169479943290826
C_PIECESQUARETABLES:0.48932119233552945
C_MOBILITY:0.510092708838887
C_KINGSAFETY:0.48677236049778555
C_PAWNSTRUCTURE:0.5087667811052176
C_PIECECOORDINATION:0.4990543795027935
C_ROOKANDPAWNMOVEMENT:0.4990543795027935
C_CENTERCONTROL:0.49104413152809395
C_DEVELOPPIECES:0.5152682829554762
C_MATERIAL:0.5153316837977967
