ELO:1008
CE_PASSEDPAWNS:0.4907747876136412
CE_PAWNWEAKNESSES:0.5
CE_PIECEACTIVITY:0.46670335263241525
CE_KINGPAWNSHIELD:0.49968201457383116
CE_PIECECOORDINATION:0.5
CE_MATERIAL:0.5038341019849145
CE_KINGSAFETY:0.4932745758412032
C_PIECESQUARETABLES:0.4971732853358136
C_MOBILITY:0.5
C_KINGSAFETY:0.5045742530999676
C_PAWNSTRUCTURE:0.4856444915557166
C_PIECECOORDINATION:0.5165613163426703
C_ROOKANDPAWNMOVEMENT:0.5165613163426703
C_CENTERCONTROL:0.4958131037998597
C_DEVELOPPIECES:0.5191328082771474
C_MATERIAL:0.5123852629134564
