ELO:1114
CE_PASSEDPAWNS:0.442778421640529
CE_PAWNWEAKNESSES:0.5942385255537602
CE_PIECEACTIVITY:0.47707812532962285
CE_KINGPAWNSHIELD:0.6208131797722044
CE_PIECECOORDINATION:0.5707969823983154
CE_MATERIAL:0.4503496125027798
CE_KINGSAFETY:0.5187515780330673
C_PIECESQUARETABLES:0.5206212374257764
C_MOBILITY:0.41291449778773903
C_KINGSAFETY:0.5063581229590798
C_PAWNSTRUCTURE:0.40447063245465203
C_PIECECOORDINATION:0.36062421724656424
C_ROOKANDPAWNMOVEMENT:0.36062421724656424
C_CENTERCONTROL:0.5916556751746048
C_DEVELOPPIECES:0.5535657758301646
C_MATERIAL:0.39510637177569813
