ELO:1142
CE_PASSEDPAWNS:0.5955037066111589
CE_PAWNWEAKNESSES:0.5942385255537602
CE_PIECEACTIVITY:0.47707812532962285
CE_KINGPAWNSHIELD:0.6208131797722044
CE_PIECECOORDINATION:0.5449900128502336
CE_MATERIAL:0.3963786524687434
CE_KINGSAFETY:0.5234196496444796
C_PIECESQUARETABLES:0.5
C_MOBILITY:0.4455170774255024
C_KINGSAFETY:0.30807903020254146
C_PAWNSTRUCTURE:0.44050031837997644
C_PIECECOORDINATION:0.502687399878401
C_ROOKANDPAWNMOVEMENT:0.502687399878401
C_CENTERCONTROL:0.4971758326519334
C_DEVELOPPIECES:0.5034004472324135
C_MATERIAL:0.4073474203952967
