ELO:1011
CE_PASSEDPAWNS:0.5
CE_PAWNWEAKNESSES:0.49066442743691413
CE_PIECEACTIVITY:0.5051993136157764
CE_KINGPAWNSHIELD:0.5
CE_PIECECOORDINATION:0.4911011380412289
CE_MATERIAL:0.5
CE_KINGSAFETY:0.5
C_PIECESQUARETABLES:0.5
C_MOBILITY:0.5
C_KINGSAFETY:0.5
C_PAWNSTRUCTURE:0.5
C_PIECECOORDINATION:0.5
C_ROOKANDPAWNMOVEMENT:0.5
C_CENTERCONTROL:0.49664487737751556
C_DEVELOPPIECES:0.5
C_MATERIAL:0.5081395459883339
C_MOVECOUNT:0.5
