ELO:1009
CE_PASSEDPAWNS:0.5173468329958807
CE_PAWNWEAKNESSES:0.49361338677041
CE_PIECEACTIVITY:0.3944205364301738
CE_KINGPAWNSHIELD:0.48324419786544953
CE_PIECECOORDINATION:0.5088571603783693
CE_MATERIAL:0.44395047154114464
CE_KINGSAFETY:0.5124604489137565
C_PIECESQUARETABLES:0.5
C_MOBILITY:0.5513817705454067
C_KINGSAFETY:0.565113777307442
C_PAWNSTRUCTURE:0.5023005767817207
C_PIECECOORDINATION:0.4655453320406311
C_ROOKANDPAWNMOVEMENT:0.4655453320406311
C_CENTERCONTROL:0.5610712915380479
C_DEVELOPPIECES:0.5274099586942904
C_MATERIAL:0.4736267139196181
