ELO:979
CE_PASSEDPAWNS:0.5213626171807506
CE_PAWNWEAKNESSES:0.4645107542895235
CE_PIECEACTIVITY:0.4053126602827432
CE_KINGPAWNSHIELD:0.46476418593240615
CE_PIECECOORDINATION:0.5061811117299281
CE_MATERIAL:0.4985749804778323
CE_KINGSAFETY:0.4890425258400641
C_PIECESQUARETABLES:0.5075519699880815
C_MOBILITY:0.5187034805924878
C_KINGSAFETY:0.519443983037788
C_PAWNSTRUCTURE:0.4925848297687757
C_PIECECOORDINATION:0.5021885255500862
C_ROOKANDPAWNMOVEMENT:0.5021885255500862
C_CENTERCONTROL:0.4963658808149362
C_DEVELOPPIECES:0.43216437827030746
C_MATERIAL:0.49812867572271324
