ELO:975
CE_PASSEDPAWNS:0.4877408273005088
CE_PAWNWEAKNESSES:0.5
CE_PIECEACTIVITY:0.4951373420431426
CE_KINGPAWNSHIELD:0.47674455885832834
CE_PIECECOORDINATION:0.5154191634936927
CE_MATERIAL:0.5086370594398545
CE_KINGSAFETY:0.5116141450160921
C_PIECESQUARETABLES:0.513847251751644
C_MOBILITY:0.5065037558772072
C_KINGSAFETY:0.49327602630298456
C_PAWNSTRUCTURE:0.4944281232488804
C_PIECECOORDINATION:0.5
C_ROOK:0.48905101857875133
CE_ROOK:0.514201806833191
C_CENTERCONTROL:0.4987860160794346
C_DEVELOPPIECES:0.4998247693694406
C_MATERIAL:0.5
C_MOVECOUNT:0.5
C_PAWNMOVEMENT:0.49188376217078694
