ELO:1013
CE_PASSEDPAWNS:0.5
CE_PAWNWEAKNESSES:0.5085481820449189
CE_PIECEACTIVITY:0.5105691633699476
CE_KINGPAWNSHIELD:0.5010699103992144
CE_PIECECOORDINATION:0.492394006924876
CE_MATERIAL:0.4861521084035543
CE_KINGSAFETY:0.5053913946038875
C_PIECESQUARETABLES:0.5
C_MOBILITY:0.5
C_KINGSAFETY:0.48925506416686493
C_PAWNSTRUCTURE:0.4904166257886511
C_PIECECOORDINATION:0.5044527522789677
C_ROOKANDPAWNMOVEMENT:0.5044527522789677
C_CENTERCONTROL:0.491221883349188
C_DEVELOPPIECES:0.5002486704509299
C_MATERIAL:0.5
C_MOVECOUNT:0.4988765914144693
