ELO:988
CE_PASSEDPAWNS:0.5117448506194657
CE_PAWNWEAKNESSES:0.492905416439266
CE_PIECEACTIVITY:0.5058563691394793
CE_KINGPAWNSHIELD:0.5203429990565476
CE_PIECECOORDINATION:0.49100376853931693
CE_MATERIAL:0.5003181131762262
CE_KINGSAFETY:0.47669539955137735
C_PIECESQUARETABLES:0.517850153000409
C_MOBILITY:0.5017601940503872
C_KINGSAFETY:0.4972604193918045
C_PAWNSTRUCTURE:0.5068559687757149
C_PIECECOORDINATION:0.4934529315875406
C_ROOK:0.5158308410887372
CE_ROOK:0.49656216638614536
C_CENTERCONTROL:0.47258682245465705
C_DEVELOPPIECES:0.5083387911963844
C_MATERIAL:0.4936965271181049
C_MOVECOUNT:0.4997599065644895
C_PAWNMOVEMENT:0.49514012336546054
