ELO:892
CE_PASSEDPAWNS:0.5506237235148284
CE_PAWNWEAKNESSES:0.3880848442982283
CE_PIECEACTIVITY:0.44752629749746786
CE_KINGPAWNSHIELD:0.500110325454522
CE_PIECECOORDINATION:0.5203872612664309
CE_MATERIAL:0.5092049301108574
CE_KINGSAFETY:0.5806766268471728
C_PIECESQUARETABLES:0.5029675180438974
C_MOBILITY:0.5246096476271785
C_KINGSAFETY:0.512555301561604
C_PAWNSTRUCTURE:0.47187826766376184
C_PIECECOORDINATION:0.518643555830049
C_ROOKANDPAWNMOVEMENT:0.518643555830049
C_CENTERCONTROL:0.5608423381811583
C_DEVELOPPIECES:0.38805425282058503
C_MATERIAL:0.5183993327106899
