ELO:984
CE_PASSEDPAWNS:0.5094595835636113
CE_PAWNWEAKNESSES:0.5252323056826317
CE_PIECEACTIVITY:0.5036067361858263
CE_KINGPAWNSHIELD:0.5036713055085817
CE_PIECECOORDINATION:0.4884135043742909
CE_MATERIAL:0.5
CE_KINGSAFETY:0.47206689955421083
C_PIECESQUARETABLES:0.4876647025732514
C_MOBILITY:0.5
C_KINGSAFETY:0.5137666865904426
C_PAWNSTRUCTURE:0.4367697885814147
C_PIECECOORDINATION:0.4878472512954559
C_ROOKANDPAWNMOVEMENT:0.4878472512954559
C_CENTERCONTROL:0.49509704156241113
C_DEVELOPPIECES:0.5
C_MATERIAL:0.5330502147255831
C_MOVECOUNT:0.5
