ELO:991
CE_PASSEDPAWNS:0.5529668375723824
CE_PAWNWEAKNESSES:0.4793920143843502
CE_PIECEACTIVITY:0.5300010013490751
CE_KINGPAWNSHIELD:0.542603462243025
CE_PIECECOORDINATION:0.4951378054163991
CE_MATERIAL:0.4775168418108928
CE_KINGSAFETY:0.5093095416482273
C_PIECESQUARETABLES:0.49179388611488567
C_MOBILITY:0.5836313903895851
C_KINGSAFETY:0.5242353615804886
C_PAWNSTRUCTURE:0.46054427260367564
C_PIECECOORDINATION:0.5034949501714628
C_ROOKANDPAWNMOVEMENT:0.5034949501714628
C_CENTERCONTROL:0.4308781997989762
C_DEVELOPPIECES:0.42457442911236015
C_MATERIAL:0.6235069011494492
