ELO:782
CE_PASSEDPAWNS:0.556298104285111
CE_PAWNWEAKNESSES:0.5902272500149236
CE_PIECEACTIVITY:0.5545007822294027
CE_KINGPAWNSHIELD:0.49588842711597325
CE_PIECECOORDINATION:0.5263194793152339
CE_MATERIAL:0.48641512322858216
CE_KINGSAFETY:0.5138344897327903
C_PIECESQUARETABLES:0.5887019258969225
C_MOBILITY:0.6479138052135593
C_KINGSAFETY:0.45069868349784076
C_PAWNSTRUCTURE:0.45443532404789394
C_PIECECOORDINATION:0.5765747983427736
C_ROOKANDPAWNMOVEMENT:0.5765747983427736
C_CENTERCONTROL:0.4490390405865615
C_DEVELOPPIECES:0.48507442856327543
C_MATERIAL:0.4548470608908526
C_MOVECOUNT:0.5
