ELO:973
CE_PASSEDPAWNS:0.5130966543356563
CE_PAWNWEAKNESSES:0.49117732582555307
CE_PIECEACTIVITY:0.4949201263013776
CE_KINGPAWNSHIELD:0.4968654349896106
CE_PIECECOORDINATION:0.49356949543217604
CE_MATERIAL:0.5010296860249398
CE_KINGSAFETY:0.5077782411631133
C_PIECESQUARETABLES:0.5051529038081315
C_MOBILITY:0.4880474316784181
C_KINGSAFETY:0.5112441534051405
C_PAWNSTRUCTURE:0.5075569073059075
C_PIECECOORDINATION:0.504839486057793
C_ROOKANDPAWNMOVEMENT:0.504839486057793
C_CENTERCONTROL:0.4990900934162054
C_DEVELOPPIECES:0.5131553109178663
C_MATERIAL:0.47987902226845236
