ELO:1042
CE_PASSEDPAWNS:0.5
CE_PAWNWEAKNESSES:0.49812568016392245
CE_PIECEACTIVITY:0.5
CE_KINGPAWNSHIELD:0.5169519993172216
CE_PIECECOORDINATION:0.5105961207291952
CE_MATERIAL:0.5122262965668583
CE_KINGSAFETY:0.5
C_PIECESQUARETABLES:0.5
C_MOBILITY:0.49481967650168285
C_KINGSAFETY:0.5083003683945351
C_PAWNSTRUCTURE:0.4954633400629177
C_PIECECOORDINATION:0.5040071386027235
C_ROOKANDPAWNMOVEMENT:0.5040071386027235
C_CENTERCONTROL:0.49441941493671626
C_DEVELOPPIECES:0.5
C_MATERIAL:0.5
C_MOVECOUNT:0.5111396762360922
