ELO:795
CE_PASSEDPAWNS:0.5823700375397367
CE_PAWNWEAKNESSES:0.41619983187994475
CE_PIECEACTIVITY:0.4366289874343139
CE_KINGPAWNSHIELD:0.46723133357674707
CE_PIECECOORDINATION:0.3989074862014775
CE_MATERIAL:0.45175688837272143
CE_KINGSAFETY:0.4963084744070538
C_PIECESQUARETABLES:0.5045337828764929
C_MOBILITY:0.6283005913460247
C_KINGSAFETY:0.4260099486054431
C_PAWNSTRUCTURE:0.45864376192224393
C_PIECECOORDINATION:0.573867414722109
C_ROOKANDPAWNMOVEMENT:0.573867414722109
C_CENTERCONTROL:0.4980592393868175
C_DEVELOPPIECES:0.6585925760847239
C_MATERIAL:0.5503392559445659
C_MOVECOUNT:0.494167786847589
