ELO:987
CE_PASSEDPAWNS:0.5016251067727837
CE_PAWNWEAKNESSES:0.47741933923278823
CE_PIECEACTIVITY:0.49586296614040065
CE_KINGPAWNSHIELD:0.5255258928338638
CE_PIECECOORDINATION:0.4880861894831575
CE_MATERIAL:0.5003181131762262
CE_KINGSAFETY:0.47894446521006
C_PIECESQUARETABLES:0.52949020864618
C_MOBILITY:0.5334803822462163
C_KINGSAFETY:0.49047951845285703
C_PAWNSTRUCTURE:0.4958622552947574
C_PIECECOORDINATION:0.48157795348339616
C_ROOK:0.5280047461429119
CE_ROOK:0.4947514980667883
C_CENTERCONTROL:0.4915356603526027
C_DEVELOPPIECES:0.5087184778607855
C_MATERIAL:0.4931000220323907
C_MOVECOUNT:0.5027698997844671
C_PAWNMOVEMENT:0.49514012336546054
