ELO:734
CE_PASSEDPAWNS:0.48442252109754497
CE_PAWNWEAKNESSES:0.4282211009718274
CE_PIECEACTIVITY:0.5229776324796321
CE_KINGPAWNSHIELD:0.4932247568740064
CE_PIECECOORDINATION:0.44296694222713817
CE_MATERIAL:0.46557181533602365
CE_KINGSAFETY:0.4948356949727346
C_PIECESQUARETABLES:0.509609746285952
C_MOBILITY:0.5282352426831395
C_KINGSAFETY:0.4431265895956143
C_PAWNSTRUCTURE:0.4293776317574235
C_PIECECOORDINATION:0.5056830005368887
C_ROOKANDPAWNMOVEMENT:0.5056830005368887
C_CENTERCONTROL:0.5109356364976797
C_DEVELOPPIECES:0.5082685363871602
C_MATERIAL:0.5278887693561861
C_MOVECOUNT:0.5012815576343552
