ELO:1001
CE_PASSEDPAWNS:0.4759577161609423
CE_PAWNWEAKNESSES:0.5396574240734847
CE_PIECEACTIVITY:0.506213592456273
CE_KINGPAWNSHIELD:0.45586249200403095
CE_PIECECOORDINATION:0.5159505491453478
CE_MATERIAL:0.5262754945889391
CE_KINGSAFETY:0.4909540418059825
C_PIECESQUARETABLES:0.5111127104214533
C_MOBILITY:0.5242098951907026
C_KINGSAFETY:0.46046927878906263
C_PAWNSTRUCTURE:0.5366480514499651
C_PIECECOORDINATION:0.474721932813124
C_ROOK:0.4826055649049862
CE_ROOK:0.504697666291535
C_CENTERCONTROL:0.4665315161117822
C_DEVELOPPIECES:0.4994361975862497
C_MATERIAL:0.49816118069663184
C_MOVECOUNT:0.4896010107965215
C_PAWNMOVEMENT:0.4962677545256915
