ELO:956
CE_PASSEDPAWNS:0.4998216844361852
CE_PAWNWEAKNESSES:0.4933326071379667
CE_PIECEACTIVITY:0.5
CE_KINGPAWNSHIELD:0.5098324977956329
CE_PIECECOORDINATION:0.509322632788116
CE_MATERIAL:0.49132659987890626
CE_KINGSAFETY:0.5055589118780021
C_PIECESQUARETABLES:0.5
C_MOBILITY:0.49577120857706164
C_KINGSAFETY:0.501103301942584
C_PAWNSTRUCTURE:0.5
C_PIECECOORDINATION:0.4730064329447264
C_ROOKANDPAWNMOVEMENT:0.4730064329447264
C_CENTERCONTROL:0.5395713855477366
C_DEVELOPPIECES:0.46916780791928464
C_MATERIAL:0.4817193056796904
C_MOVECOUNT:0.48664280253232733
