ELO:1037
CE_PASSEDPAWNS:0.5031549763987471
CE_PAWNWEAKNESSES:0.5019991851941059
CE_PIECEACTIVITY:0.5084342764729411
CE_KINGPAWNSHIELD:0.4898992165438916
CE_PIECECOORDINATION:0.5113126027643237
CE_MATERIAL:0.4970883793261517
CE_KINGSAFETY:0.4869368458228007
C_PIECESQUARETABLES:0.497530682843057
C_MOBILITY:0.4977284500979592
C_KINGSAFETY:0.5
C_PAWNSTRUCTURE:0.5
C_PIECECOORDINATION:0.5136329017704235
C_ROOKANDPAWNMOVEMENT:0.5136329017704235
C_CENTERCONTROL:0.5018969843623715
C_DEVELOPPIECES:0.4924132587187512
C_MATERIAL:0.502661953557657
C_MOVECOUNT:0.46617986345828466
