ELO:979
CE_PASSEDPAWNS:0.49911103911186666
CE_PAWNWEAKNESSES:0.5027469525593339
CE_PIECEACTIVITY:0.49567604793079917
CE_KINGPAWNSHIELD:0.5
CE_PIECECOORDINATION:0.5
CE_MATERIAL:0.5032240183683663
CE_KINGSAFETY:0.5
C_PIECESQUARETABLES:0.49066985222298976
C_MOBILITY:0.5
C_KINGSAFETY:0.49287599062833265
C_PAWNSTRUCTURE:0.4773611895471978
C_PIECECOORDINATION:0.4958826213278968
C_ROOKANDPAWNMOVEMENT:0.4958826213278968
C_CENTERCONTROL:0.4972525139758864
C_DEVELOPPIECES:0.48428643209447725
C_MATERIAL:0.5098313076412525
C_MOVECOUNT:0.5546623547835902
