ELO:1012
CE_PASSEDPAWNS:0.5440732528581025
CE_PAWNWEAKNESSES:0.46859820693713217
CE_PIECEACTIVITY:0.5074955193910428
CE_KINGPAWNSHIELD:0.4684239640166569
CE_PIECECOORDINATION:0.48449440631539403
CE_MATERIAL:0.5132067850166201
CE_KINGSAFETY:0.5
C_PIECESQUARETABLES:0.5
C_MOBILITY:0.5025304564808301
C_KINGSAFETY:0.5226750220094558
C_PAWNSTRUCTURE:0.5126668487354136
C_PIECECOORDINATION:0.5113338472141999
C_ROOK:0.5041519753694378
CE_ROOK:0.4946989556359861
C_CENTERCONTROL:0.4744785666193554
C_DEVELOPPIECES:0.49173558182974186
C_MATERIAL:0.4960886216407111
C_MOVECOUNT:0.5077527861775265
C_PAWNMOVEMENT:0.5
