ELO:1000
CE_PASSEDPAWNS:0.5148448824960102
CE_PAWNWEAKNESSES:0.45833540335008177
CE_PIECEACTIVITY:0.4825875505156786
CE_KINGPAWNSHIELD:0.5603749744789028
CE_PIECECOORDINATION:0.5315897519444858
CE_MATERIAL:0.4609185026596507
CE_KINGSAFETY:0.5045175726938407
C_PIECESQUARETABLES:0.503709600447865
C_MOBILITY:0.4895993974935934
C_KINGSAFETY:0.47948058243513786
C_PAWNSTRUCTURE:0.4809890279478405
C_PIECECOORDINATION:0.4904588301232701
C_ROOKANDPAWNMOVEMENT:0.4904588301232701
C_CENTERCONTROL:0.44794552051619024
C_DEVELOPPIECES:0.4404821399254845
C_MATERIAL:0.49480541785822724
