ELO:712
CE_PASSEDPAWNS:0.5856316683854252
CE_PAWNWEAKNESSES:0.5982361733899577
CE_PIECEACTIVITY:0.5286545691295395
CE_KINGPAWNSHIELD:0.4639313418735731
CE_PIECECOORDINATION:0.5604833263704952
CE_MATERIAL:0.4395461327085959
CE_KINGSAFETY:0.49120869142580165
C_PIECESQUARETABLES:0.5
C_MOBILITY:0.6057470248054925
C_KINGSAFETY:0.42888436850503153
C_PAWNSTRUCTURE:0.41059997710634827
C_PIECECOORDINATION:0.5577988454771768
C_ROOKANDPAWNMOVEMENT:0.5577988454771768
C_CENTERCONTROL:0.4617466978198408
C_DEVELOPPIECES:0.5015082649728068
C_MATERIAL:0.5116543937200465
C_MOVECOUNT:0.5
