ELO:1000
CE_PASSEDPAWNS:0.467391769124004
CE_PAWNWEAKNESSES:0.5396574240734847
CE_PIECEACTIVITY:0.5120251511063144
CE_KINGPAWNSHIELD:0.45586249200403095
CE_PIECECOORDINATION:0.5030087640499926
CE_MATERIAL:0.5262754945889391
CE_KINGSAFETY:0.5029781721113202
C_PIECESQUARETABLES:0.5081225387902979
C_MOBILITY:0.4932047823658854
C_KINGSAFETY:0.49930664095009764
C_PAWNSTRUCTURE:0.5264866366915569
C_PIECECOORDINATION:0.5179105035451986
C_ROOK:0.4826055649049862
CE_ROOK:0.4769516228493322
C_CENTERCONTROL:0.4665315161117822
C_DEVELOPPIECES:0.46329247459338097
C_MATERIAL:0.46617544868510247
C_MOVECOUNT:0.4781126926424103
C_PAWNMOVEMENT:0.4962677545256915
