ELO:990
CE_PASSEDPAWNS:0.5277288571395565
CE_PAWNWEAKNESSES:0.4379709278037451
CE_PIECEACTIVITY:0.5256534381721791
CE_KINGPAWNSHIELD:0.542603462243025
CE_PIECECOORDINATION:0.4846973356516632
CE_MATERIAL:0.4592514718715698
CE_KINGSAFETY:0.49699687371956475
C_PIECESQUARETABLES:0.49657100210073446
C_MOBILITY:0.5836313903895851
C_KINGSAFETY:0.5250912115677565
C_PAWNSTRUCTURE:0.34508530850046265
C_PIECECOORDINATION:0.49481266204964397
C_ROOKANDPAWNMOVEMENT:0.49481266204964397
C_CENTERCONTROL:0.4308781997989762
C_DEVELOPPIECES:0.442656059245402
C_MATERIAL:0.6044532339891191
