ELO:1000
CE_PASSEDPAWNS:0.4938829409789258
CE_PAWNWEAKNESSES:0.4571614729607787
CE_PIECEACTIVITY:0.478899398088635
CE_KINGPAWNSHIELD:0.5152812506308757
CE_PIECECOORDINATION:0.5112986277602908
CE_MATERIAL:0.4851077924875406
CE_KINGSAFETY:0.5153731005895311
C_PIECESQUARETABLES:0.4950408811997285
C_MOBILITY:0.4925134613495277
C_KINGSAFETY:0.48922022058752274
C_PAWNSTRUCTURE:0.4877583387527231
C_PIECECOORDINATION:0.48986105595844565
C_ROOKANDPAWNMOVEMENT:0.48986105595844565
C_CENTERCONTROL:0.46813299469412417
C_DEVELOPPIECES:0.4781660129965244
C_MATERIAL:0.48289180447930635
