ELO:953
CE_PASSEDPAWNS:0.48889333893512965
CE_PAWNWEAKNESSES:0.528296155148977
CE_PIECEACTIVITY:0.4685876547418568
CE_KINGPAWNSHIELD:0.5053194051459357
CE_PIECECOORDINATION:0.5596326204019608
CE_MATERIAL:0.5706363929430572
CE_KINGSAFETY:0.5097096458933562
C_PIECESQUARETABLES:0.4880554588343736
C_MOBILITY:0.3746133684537547
C_KINGSAFETY:0.4164223767461742
C_PAWNSTRUCTURE:0.4756616050573995
C_PIECECOORDINATION:0.5038104531980859
C_ROOKANDPAWNMOVEMENT:0.5038104531980859
C_CENTERCONTROL:0.5505989668200758
C_DEVELOPPIECES:0.4994560872656418
C_MATERIAL:0.5370972906766115
