ELO:893
CE_PASSEDPAWNS:0.5606577712870435
CE_PAWNWEAKNESSES:0.39207049465351285
CE_PIECEACTIVITY:0.442793983573707
CE_KINGPAWNSHIELD:0.503526945743776
CE_PIECECOORDINATION:0.5283371725765127
CE_MATERIAL:0.5179655264372585
CE_KINGSAFETY:0.5686441273040206
C_PIECESQUARETABLES:0.4958762781691976
C_MOBILITY:0.5311108531919754
C_KINGSAFETY:0.512555301561604
C_PAWNSTRUCTURE:0.47445266341406733
C_PIECECOORDINATION:0.5215794356249149
C_ROOKANDPAWNMOVEMENT:0.5215794356249149
C_CENTERCONTROL:0.5591980968569843
C_DEVELOPPIECES:0.40408748756442686
C_MATERIAL:0.5103340579986596
