ELO:966
CE_PASSEDPAWNS:0.4865676295420392
CE_PAWNWEAKNESSES:0.45743555179261286
CE_PIECEACTIVITY:0.5220306632386942
CE_KINGPAWNSHIELD:0.48441323650695167
CE_PIECECOORDINATION:0.4714727288196666
CE_MATERIAL:0.5309908777584422
CE_KINGSAFETY:0.4779612639797594
C_PIECESQUARETABLES:0.4975169659715405
C_MOBILITY:0.4941634234457814
C_KINGSAFETY:0.5645170203509092
C_PAWNSTRUCTURE:0.49344895362988744
C_PIECECOORDINATION:0.5178845119206233
C_ROOKANDPAWNMOVEMENT:0.5178845119206233
C_CENTERCONTROL:0.46916395731635635
C_DEVELOPPIECES:0.5143269644844258
C_MATERIAL:0.48992419487483296
C_MOVECOUNT:0.5
