ELO:1000
CE_PASSEDPAWNS:0.5586123140524276
CE_PAWNWEAKNESSES:0.45611401524377393
CE_PIECEACTIVITY:0.4414311271155765
CE_KINGPAWNSHIELD:0.5805229363302734
CE_PIECECOORDINATION:0.5109778417607618
CE_MATERIAL:0.4634278622090663
CE_KINGSAFETY:0.4638806434436108
C_PIECESQUARETABLES:0.5078513964904198
C_MOBILITY:0.5200765613043978
C_KINGSAFETY:0.4828142597800764
C_PAWNSTRUCTURE:0.4861683589312963
C_PIECECOORDINATION:0.5304934795517597
C_ROOKANDPAWNMOVEMENT:0.5304934795517597
C_CENTERCONTROL:0.4066614928446346
C_DEVELOPPIECES:0.4554546292502636
C_MATERIAL:0.4713672892791076
