ELO:915
CE_PASSEDPAWNS:0.47454477753295227
CE_PAWNWEAKNESSES:0.4728820235405461
CE_PIECEACTIVITY:0.4714253506504654
CE_KINGPAWNSHIELD:0.4703470706555759
CE_PIECECOORDINATION:0.4588206569881069
CE_MATERIAL:0.462584612856381
CE_KINGSAFETY:0.5058894973783357
C_PIECESQUARETABLES:0.5030051029097603
C_MOBILITY:0.4746448485652395
C_KINGSAFETY:0.48789319994004265
C_PAWNSTRUCTURE:0.4578798207201721
C_PIECECOORDINATION:0.4726062821779891
C_ROOKANDPAWNMOVEMENT:0.4726062821779891
C_CENTERCONTROL:0.47576758452526896
C_DEVELOPPIECES:0.5227341594333503
C_MATERIAL:0.5594771588021392
C_MOVECOUNT:0.5
