ELO:990
CE_PASSEDPAWNS:0.5170793952302366
CE_PAWNWEAKNESSES:0.44870892559401937
CE_PIECEACTIVITY:0.403989495158745
CE_KINGPAWNSHIELD:0.4886573111342858
CE_PIECECOORDINATION:0.5023859962013345
CE_MATERIAL:0.5012019806747136
CE_KINGSAFETY:0.4804027438658313
C_PIECESQUARETABLES:0.4769560262798116
C_MOBILITY:0.5338647901027189
C_KINGSAFETY:0.5170602333548967
C_PAWNSTRUCTURE:0.4968562189611947
C_PIECECOORDINATION:0.5085510544729123
C_ROOKANDPAWNMOVEMENT:0.5085510544729123
C_CENTERCONTROL:0.5115628499088724
C_DEVELOPPIECES:0.4296092848694122
C_MATERIAL:0.4879607713092521
