ELO:1000
CE_PASSEDPAWNS:0.4632553827494533
CE_PAWNWEAKNESSES:0.5396574240734847
CE_PIECEACTIVITY:0.5054269034939335
CE_KINGPAWNSHIELD:0.5224832526377359
CE_PIECECOORDINATION:0.4930723245334506
CE_MATERIAL:0.4887157009083188
CE_KINGSAFETY:0.5029781721113202
C_PIECESQUARETABLES:0.5
C_MOBILITY:0.4932047823658854
C_KINGSAFETY:0.49930664095009764
C_PAWNSTRUCTURE:0.5175700024782027
C_PIECECOORDINATION:0.5
C_ROOK:0.5099748085010218
CE_ROOK:0.489396336366713
C_CENTERCONTROL:0.4905504487350714
C_DEVELOPPIECES:0.47782947764943645
C_MATERIAL:0.5302928021425948
C_MOVECOUNT:0.5012790181746447
C_PAWNMOVEMENT:0.4962677545256915
