ELO:815
CE_PASSEDPAWNS:0.510489041194268
CE_PAWNWEAKNESSES:0.4240260398754959
CE_PIECEACTIVITY:0.38361336000240454
CE_KINGPAWNSHIELD:0.5392744241076807
CE_PIECECOORDINATION:0.5410728583089291
CE_MATERIAL:0.4602710990881265
CE_KINGSAFETY:0.5
C_PIECESQUARETABLES:0.5
C_MOBILITY:0.5054315634812774
C_KINGSAFETY:0.579971848777565
C_PAWNSTRUCTURE:0.4453031848118471
C_PIECECOORDINATION:0.45406270293541623
C_ROOKANDPAWNMOVEMENT:0.45406270293541623
C_CENTERCONTROL:0.5757308845719771
C_DEVELOPPIECES:0.42854098382785977
C_MATERIAL:0.46445803622698534
C_MOVECOUNT:0.5
