ELO:1000
CE_PASSEDPAWNS:0.5144680260680117
CE_PAWNWEAKNESSES:0.4607330052802382
CE_PIECEACTIVITY:0.48908548404342467
CE_KINGPAWNSHIELD:0.5482273533340477
CE_PIECECOORDINATION:0.5224901591224799
CE_MATERIAL:0.472917135667277
CE_KINGSAFETY:0.5003993660875781
C_PIECESQUARETABLES:0.49869685133244035
C_MOBILITY:0.49743514188035187
C_KINGSAFETY:0.48922022058752274
C_PAWNSTRUCTURE:0.486232717665289
C_PIECECOORDINATION:0.48887308539560664
C_ROOKANDPAWNMOVEMENT:0.48887308539560664
C_CENTERCONTROL:0.45240008406367255
C_DEVELOPPIECES:0.46343514508163874
C_MATERIAL:0.49452291091518397
