ELO:956
CE_PASSEDPAWNS:0.4929462158267304
CE_PAWNWEAKNESSES:0.4743462005329287
CE_PIECEACTIVITY:0.5290175811933845
CE_KINGPAWNSHIELD:0.5121422844052881
CE_PIECECOORDINATION:0.4885861311432311
CE_MATERIAL:0.48452606150425626
CE_KINGSAFETY:0.5130059286849531
C_PIECESQUARETABLES:0.5146450177655272
C_MOBILITY:0.5110816560709042
C_KINGSAFETY:0.48107885672949274
C_PAWNSTRUCTURE:0.5129584774136904
C_PIECECOORDINATION:0.5082728504920011
C_ROOKANDPAWNMOVEMENT:0.5082728504920011
C_CENTERCONTROL:0.5130307742929903
C_DEVELOPPIECES:0.525901484241682
C_MATERIAL:0.5125547284212241
C_MOVECOUNT:0.5
