ELO:994
CE_PASSEDPAWNS:0.5082145256075562
CE_PAWNWEAKNESSES:0.5071437791457901
CE_PIECEACTIVITY:0.49188113085006496
CE_KINGPAWNSHIELD:0.49376463418724564
CE_PIECECOORDINATION:0.5153648230434406
CE_MATERIAL:0.5093415470890768
CE_KINGSAFETY:0.5008180886491426
C_PIECESQUARETABLES:0.49290157836908854
C_MOBILITY:0.4903452542376645
C_KINGSAFETY:0.49405616285306364
C_PAWNSTRUCTURE:0.4909377391393996
C_PIECECOORDINATION:0.502578647114216
C_ROOKANDPAWNMOVEMENT:0.502578647114216
C_CENTERCONTROL:0.5084902486454547
C_DEVELOPPIECES:0.4809778173972927
C_MATERIAL:0.4954372803650608
C_MOVECOUNT:0.5016804529137626
