ELO:1000
CE_PASSEDPAWNS:0.49728411353670104
CE_PAWNWEAKNESSES:0.5
CE_PIECEACTIVITY:0.5
CE_KINGPAWNSHIELD:0.5
CE_PIECECOORDINATION:0.4907761932153756
CE_MATERIAL:0.509891802337128
CE_KINGSAFETY:0.5010494649554139
C_PIECESQUARETABLES:0.4988515755846328
C_MOBILITY:0.5055577373888894
C_KINGSAFETY:0.4977971486155778
C_PAWNSTRUCTURE:0.5068559687757149
C_PIECECOORDINATION:0.5
C_ROOK:0.5051698006556026
CE_ROOK:0.4974310225501677
C_CENTERCONTROL:0.4901952455347877
C_DEVELOPPIECES:0.5045175546056186
C_MATERIAL:0.5
C_MOVECOUNT:0.5
C_PAWNMOVEMENT:0.5
