ELO:996
CE_PASSEDPAWNS:0.5081704547205501
CE_PAWNWEAKNESSES:0.5
CE_PIECEACTIVITY:0.48791766882087817
CE_KINGPAWNSHIELD:0.49699781287615336
CE_PIECECOORDINATION:0.4799181145568555
CE_MATERIAL:0.5076966361089562
CE_KINGSAFETY:0.493580758238544
C_PIECESQUARETABLES:0.4681799246887269
C_MOBILITY:0.47975878488955737
C_KINGSAFETY:0.5
C_PAWNSTRUCTURE:0.5124605419383919
C_PIECECOORDINATION:0.505555840256109
C_ROOKANDPAWNMOVEMENT:0.505555840256109
C_CENTERCONTROL:0.4917438343859341
C_DEVELOPPIECES:0.5046060813677019
C_MATERIAL:0.5
C_MOVECOUNT:0.5014717861231297
