ELO:878
CE_PASSEDPAWNS:0.5663780888750375
CE_PAWNWEAKNESSES:0.5035008852679175
CE_PIECEACTIVITY:0.5027345837024887
CE_KINGPAWNSHIELD:0.4795134123227491
CE_PIECECOORDINATION:0.48524368040027543
CE_MATERIAL:0.557500010844674
CE_KINGSAFETY:0.5051314364613895
C_PIECESQUARETABLES:0.5022256675154751
C_MOBILITY:0.5090195630814516
C_KINGSAFETY:0.5363106674415447
C_PAWNSTRUCTURE:0.5102098669782567
C_PIECECOORDINATION:0.5359673284973053
C_ROOKANDPAWNMOVEMENT:0.5359673284973053
C_CENTERCONTROL:0.495241266569284
C_DEVELOPPIECES:0.5545365318375515
C_MATERIAL:0.5449355963615177
C_MOVECOUNT:0.47208136312050375
