ELO:1012
CE_PASSEDPAWNS:0.5026822638532017
CE_PAWNWEAKNESSES:0.4949374420748937
CE_PIECEACTIVITY:0.5479704419316539
CE_KINGPAWNSHIELD:0.5117731163288274
CE_PIECECOORDINATION:0.4930723245334506
CE_MATERIAL:0.4982601138615107
CE_KINGSAFETY:0.5
C_PIECESQUARETABLES:0.5
C_MOBILITY:0.48432008977448454
C_KINGSAFETY:0.4896636760931384
C_PAWNSTRUCTURE:0.47960076828113696
C_PIECECOORDINATION:0.5003514978240702
C_ROOK:0.49634645325755944
CE_ROOK:0.48573123569766186
C_CENTERCONTROL:0.4993969985565872
C_DEVELOPPIECES:0.4964410949605239
C_MATERIAL:0.4995665681598798
C_MOVECOUNT:0.48529952748015875
C_PAWNMOVEMENT:0.4956368333243179
