ELO:1000
CE_PASSEDPAWNS:0.5087762528105868
CE_PAWNWEAKNESSES:0.48927157968094265
CE_PIECEACTIVITY:0.49750071574766436
CE_KINGPAWNSHIELD:0.5047771856066425
CE_PIECECOORDINATION:0.5
CE_MATERIAL:0.4997663548338041
CE_KINGSAFETY:0.4906203278901651
C_PIECESQUARETABLES:0.5
C_MOBILITY:0.49123185842861966
C_KINGSAFETY:0.5166809386158694
C_PAWNSTRUCTURE:0.48127889062380064
C_PIECECOORDINATION:0.496800306916248
C_ROOKANDPAWNMOVEMENT:0.496800306916248
C_CENTERCONTROL:0.4893098698942862
C_DEVELOPPIECES:0.4829410083944907
C_MATERIAL:0.5122914406163821
