ELO:744
CE_PASSEDPAWNS:0.41349765729177335
CE_PAWNWEAKNESSES:0.4204518039496981
CE_PIECEACTIVITY:0.5039003439859701
CE_KINGPAWNSHIELD:0.49807084277303654
CE_PIECECOORDINATION:0.43068441804949303
CE_MATERIAL:0.45557726233070145
CE_KINGSAFETY:0.49167555399758345
C_PIECESQUARETABLES:0.5122293774644481
C_MOBILITY:0.5272438940419079
C_KINGSAFETY:0.4474600431492068
C_PAWNSTRUCTURE:0.4671477642570064
C_PIECECOORDINATION:0.5056830005368887
C_ROOKANDPAWNMOVEMENT:0.5056830005368887
C_CENTERCONTROL:0.5006942486677913
C_DEVELOPPIECES:0.44267719277668804
C_MATERIAL:0.5349033595058489
C_MOVECOUNT:0.485178296446504
