ELO:940
CE_PASSEDPAWNS:0.5811004126875156
CE_PAWNWEAKNESSES:0.49309401320181595
CE_PIECEACTIVITY:0.4974371350449181
CE_KINGPAWNSHIELD:0.5402212520013852
CE_PIECECOORDINATION:0.48721787070896355
CE_MATERIAL:0.4985535220401757
CE_KINGSAFETY:0.4941226354115408
C_PIECESQUARETABLES:0.5125269357548874
C_MOBILITY:0.5
C_KINGSAFETY:0.5146192020730211
C_PAWNSTRUCTURE:0.5054826362849068
C_PIECECOORDINATION:0.4922151329169469
C_ROOKANDPAWNMOVEMENT:0.4922151329169469
C_CENTERCONTROL:0.5004683824775065
C_DEVELOPPIECES:0.49556524204169744
C_MATERIAL:0.5198532187520709
C_MOVECOUNT:0.5403825329535106
