ELO:979
CE_PASSEDPAWNS:0.41499225218398755
CE_PAWNWEAKNESSES:0.48020261060034836
CE_PIECEACTIVITY:0.45322997768147555
CE_KINGPAWNSHIELD:0.538443150969955
CE_PIECECOORDINATION:0.49525090608611594
CE_MATERIAL:0.5361079312501847
CE_KINGSAFETY:0.5111894979184392
C_PIECESQUARETABLES:0.49423280134456843
C_MOBILITY:0.6266307597813231
C_KINGSAFETY:0.4978900644780365
C_PAWNSTRUCTURE:0.48406596644317
C_PIECECOORDINATION:0.5446725740142739
C_ROOKANDPAWNMOVEMENT:0.5446725740142739
C_CENTERCONTROL:0.4943250257524477
C_DEVELOPPIECES:0.4923320693428989
C_MATERIAL:0.6496526267751441
