ELO:983
CE_PASSEDPAWNS:0.5392274871250968
CE_PAWNWEAKNESSES:0.49571417997400985
CE_PIECEACTIVITY:0.4905389888274695
CE_KINGPAWNSHIELD:0.4879915791937442
CE_PIECECOORDINATION:0.5198822946638508
CE_MATERIAL:0.48260139623651527
CE_KINGSAFETY:0.5196424157062296
C_PIECESQUARETABLES:0.5040217916100167
C_MOBILITY:0.5165008805252842
C_KINGSAFETY:0.4963844977942473
C_PAWNSTRUCTURE:0.45732216337437687
C_PIECECOORDINATION:0.4832751608344795
C_ROOKANDPAWNMOVEMENT:0.4832751608344795
C_CENTERCONTROL:0.4985990741672993
C_DEVELOPPIECES:0.48058149134457967
C_MATERIAL:0.4604312606729353
