ELO:833
CE_PASSEDPAWNS:0.4641941702848642
CE_PAWNWEAKNESSES:0.498576789709187
CE_PIECEACTIVITY:0.5307758250519873
CE_KINGPAWNSHIELD:0.48207618104606337
CE_PIECECOORDINATION:0.5093674562110051
CE_MATERIAL:0.45806104793659885
CE_KINGSAFETY:0.4991276042115426
C_PIECESQUARETABLES:0.4933549928529537
C_MOBILITY:0.6120381100443867
C_KINGSAFETY:0.4844248576792791
C_PAWNSTRUCTURE:0.4638974197946727
C_PIECECOORDINATION:0.5837767380237329
C_ROOKANDPAWNMOVEMENT:0.5837767380237329
C_CENTERCONTROL:0.4828069507425144
C_DEVELOPPIECES:0.4802123865853423
C_MATERIAL:0.4822659838060499
C_MOVECOUNT:0.5
