ELO:1057
CE_PASSEDPAWNS:0.49648233565320143
CE_PAWNWEAKNESSES:0.5
CE_PIECEACTIVITY:0.5
CE_KINGPAWNSHIELD:0.5169519993172216
CE_PIECECOORDINATION:0.5105961207291952
CE_MATERIAL:0.5122262965668583
CE_KINGSAFETY:0.5
C_PIECESQUARETABLES:0.5
C_MOBILITY:0.5120336028767595
C_KINGSAFETY:0.4809672756756484
C_PAWNSTRUCTURE:0.4954633400629177
C_PIECECOORDINATION:0.4922331304350956
C_ROOKANDPAWNMOVEMENT:0.4922331304350956
C_CENTERCONTROL:0.49441941493671626
C_DEVELOPPIECES:0.5
C_MATERIAL:0.5
C_MOVECOUNT:0.5111396762360922
