ELO:891
CE_PASSEDPAWNS:0.4892663641269535
CE_PAWNWEAKNESSES:0.5101033407782085
CE_PIECEACTIVITY:0.48289874539262606
CE_KINGPAWNSHIELD:0.49878747284723557
CE_PIECECOORDINATION:0.5274365243031677
CE_MATERIAL:0.4657213250022995
CE_KINGSAFETY:0.4678687672362497
C_PIECESQUARETABLES:0.5015065318310261
C_MOBILITY:0.5113326780955793
C_KINGSAFETY:0.5545334619782933
C_PAWNSTRUCTURE:0.43466025982791895
C_PIECECOORDINATION:0.49884843212718516
C_ROOKANDPAWNMOVEMENT:0.49884843212718516
C_CENTERCONTROL:0.5188315426714332
C_DEVELOPPIECES:0.5139482916721252
C_MATERIAL:0.49011895245333414
C_MOVECOUNT:0.5
