ELO:932
CE_PASSEDPAWNS:0.5283065535450776
CE_PAWNWEAKNESSES:0.5096628396678038
CE_PIECEACTIVITY:0.4838589689852953
CE_KINGPAWNSHIELD:0.5586775414234302
CE_PIECECOORDINATION:0.5981231450094221
CE_MATERIAL:0.4843741260598892
CE_KINGSAFETY:0.49215617419277913
C_PIECESQUARETABLES:0.48150373780912115
C_MOBILITY:0.4103620266647797
C_KINGSAFETY:0.462142436914614
C_PAWNSTRUCTURE:0.4846058435338372
C_PIECECOORDINATION:0.44534961777716264
C_ROOKANDPAWNMOVEMENT:0.44534961777716264
C_CENTERCONTROL:0.48033167644532493
C_DEVELOPPIECES:0.5254022753924659
C_MATERIAL:0.6487012259429356
