ELO:1000
CE_PASSEDPAWNS:0.4908959235891336
CE_PAWNWEAKNESSES:0.4946271210098116
CE_PIECEACTIVITY:0.5556877590484137
CE_KINGPAWNSHIELD:0.5164947152192101
CE_PIECECOORDINATION:0.5003512025903113
CE_MATERIAL:0.5060785823380997
CE_KINGSAFETY:0.47577885312841944
C_PIECESQUARETABLES:0.5134521478745694
C_MOBILITY:0.43694350448429
C_KINGSAFETY:0.4669773344927801
C_PAWNSTRUCTURE:0.4549968401365156
C_PIECECOORDINATION:0.4995212355190164
C_ROOKANDPAWNMOVEMENT:0.4995212355190164
C_CENTERCONTROL:0.5105195196265333
C_DEVELOPPIECES:0.49223003442141483
C_MATERIAL:0.4982396857257103
