ELO:1051
CE_PASSEDPAWNS:0.4841365630586232
CE_PAWNWEAKNESSES:0.5024279463138361
CE_PIECEACTIVITY:0.5028714250063373
CE_KINGPAWNSHIELD:0.5
CE_PIECECOORDINATION:0.5
CE_MATERIAL:0.4935909975243069
CE_KINGSAFETY:0.5023434049391985
C_PIECESQUARETABLES:0.5
C_MOBILITY:0.5068244847742637
C_KINGSAFETY:0.5027851276566405
C_PAWNSTRUCTURE:0.493354890253882
C_PIECECOORDINATION:0.5070497114587348
C_ROOKANDPAWNMOVEMENT:0.5070497114587348
C_CENTERCONTROL:0.5
C_DEVELOPPIECES:0.5120933822216392
C_MATERIAL:0.49556515119231276
