ELO:1000
CE_PASSEDPAWNS:0.46535626993986867
CE_PAWNWEAKNESSES:0.48251073617744805
CE_PIECEACTIVITY:0.5449908398906023
CE_KINGPAWNSHIELD:0.43593791243244245
CE_PIECECOORDINATION:0.5327602279780856
CE_MATERIAL:0.5006009904840609
CE_KINGSAFETY:0.48525991274341856
C_PIECESQUARETABLES:0.5574509301337514
C_MOBILITY:0.49146741032435554
C_KINGSAFETY:0.41863459089332505
C_PAWNSTRUCTURE:0.5107639263365832
C_PIECECOORDINATION:0.4874378003727244
C_ROOKANDPAWNMOVEMENT:0.4874378003727244
C_CENTERCONTROL:0.4850262660959138
C_DEVELOPPIECES:0.49520943380268106
C_MATERIAL:0.46769523309117006
