ELO:987
CE_PASSEDPAWNS:0.5102075851819978
CE_PAWNWEAKNESSES:0.510133481183698
CE_PIECEACTIVITY:0.4713132835098783
CE_KINGPAWNSHIELD:0.47449862722782016
CE_PIECECOORDINATION:0.5083010695065701
CE_MATERIAL:0.48069477997887516
CE_KINGSAFETY:0.4618720977531653
C_PIECESQUARETABLES:0.5133098748490764
C_MOBILITY:0.49291248646602864
C_KINGSAFETY:0.5078596506502993
C_PAWNSTRUCTURE:0.5200420853728918
C_PIECECOORDINATION:0.49988490097662786
C_ROOKANDPAWNMOVEMENT:0.49988490097662786
C_CENTERCONTROL:0.5175400752243118
C_DEVELOPPIECES:0.5
C_MATERIAL:0.5370549228190806
C_MOVECOUNT:0.5
