ELO:1021
CE_PASSEDPAWNS:0.5099475568232564
CE_PAWNWEAKNESSES:0.5027490589406856
CE_PIECEACTIVITY:0.46643840863768105
CE_KINGPAWNSHIELD:0.48725932707037345
CE_PIECECOORDINATION:0.5
CE_MATERIAL:0.5050723813107091
CE_KINGSAFETY:0.5
C_PIECESQUARETABLES:0.5
C_MOBILITY:0.5036917756145998
C_KINGSAFETY:0.4902825132381505
C_PAWNSTRUCTURE:0.4911711362617171
C_PIECECOORDINATION:0.5
C_ROOK:0.5099060923727498
CE_ROOK:0.5108056098386401
C_CENTERCONTROL:0.5002605612675087
C_DEVELOPPIECES:0.4791488199427637
C_MATERIAL:0.49669873393668007
C_MOVECOUNT:0.5097475948095455
C_PAWNMOVEMENT:0.5050222089845539
