ELO:847
CE_PASSEDPAWNS:0.5682490034937816
CE_PAWNWEAKNESSES:0.5554253918395176
CE_PIECEACTIVITY:0.6074148250419383
CE_KINGPAWNSHIELD:0.37646825001669026
CE_PIECECOORDINATION:0.4467143219526153
CE_MATERIAL:0.6880907580596083
CE_KINGSAFETY:0.46020848988569485
C_PIECESQUARETABLES:0.5115018085784103
C_MOBILITY:0.49087170265755015
C_KINGSAFETY:0.39582980673587875
C_PAWNSTRUCTURE:0.6994483418979932
C_PIECECOORDINATION:0.5249469187363051
C_ROOKANDPAWNMOVEMENT:0.5249469187363051
C_CENTERCONTROL:0.46233866008584007
C_DEVELOPPIECES:0.5037943301659344
C_MATERIAL:0.4465913994292916
