ELO:1020
CE_PASSEDPAWNS:0.4859401613552304
CE_PAWNWEAKNESSES:0.5072048795471492
CE_PIECEACTIVITY:0.49978264229982444
CE_KINGPAWNSHIELD:0.4867528857181191
CE_PIECECOORDINATION:0.5252347465999906
CE_MATERIAL:0.4952332694911835
CE_KINGSAFETY:0.5
C_PIECESQUARETABLES:0.4907802570370066
C_MOBILITY:0.48552213159070967
C_KINGSAFETY:0.4622977460116538
C_PAWNSTRUCTURE:0.5173756872893983
C_PIECECOORDINATION:0.534155015582187
C_ROOK:0.5097722339168105
CE_ROOK:0.4961560574989253
C_CENTERCONTROL:0.5030476537102214
C_DEVELOPPIECES:0.4847586220875942
C_MATERIAL:0.5044215888116722
C_MOVECOUNT:0.47802042898757824
C_PAWNMOVEMENT:0.5329256816135376
