ELO:692
CE_PASSEDPAWNS:0.6312895006885949
CE_PAWNWEAKNESSES:0.4691602288272731
CE_PIECEACTIVITY:0.4279673376379436
CE_KINGPAWNSHIELD:0.38509910271446285
CE_PIECECOORDINATION:0.4521893377886258
CE_MATERIAL:0.5388886866023678
CE_KINGSAFETY:0.5256965209351974
C_PIECESQUARETABLES:0.5219696630103469
C_MOBILITY:0.4817121693595806
C_KINGSAFETY:0.4642523128987324
C_PAWNSTRUCTURE:0.41961432776198127
C_PIECECOORDINATION:0.49054051668425425
C_ROOKANDPAWNMOVEMENT:0.49054051668425425
C_CENTERCONTROL:0.48185019434225934
C_DEVELOPPIECES:0.4923446948562647
C_MATERIAL:0.5290397236726175
C_MOVECOUNT:0.5112783264282416
