ELO:1057
CE_PASSEDPAWNS:0.5086078626992011
CE_PAWNWEAKNESSES:0.5484297974944855
CE_PIECEACTIVITY:0.4801370515053688
CE_KINGPAWNSHIELD:0.4805823021636995
CE_PIECECOORDINATION:0.5033685964549143
CE_MATERIAL:0.5164801937928755
CE_KINGSAFETY:0.5
C_PIECESQUARETABLES:0.5
C_MOBILITY:0.5070454903558789
C_KINGSAFETY:0.47906360941770565
C_PAWNSTRUCTURE:0.5140965380153382
C_PIECECOORDINATION:0.5201670512737098
C_ROOK:0.4822609402452527
CE_ROOK:0.5423243905442681
C_CENTERCONTROL:0.4964877457508239
C_DEVELOPPIECES:0.5277752778422563
C_MATERIAL:0.4733690730580908
C_MOVECOUNT:0.48230721617460937
C_PAWNMOVEMENT:0.4992795389654028
