ELO:1011
CE_PASSEDPAWNS:0.4954060947711782
CE_PAWNWEAKNESSES:0.4820573605940695
CE_PIECEACTIVITY:0.5
CE_KINGPAWNSHIELD:0.4926658048249367
CE_PIECECOORDINATION:0.5
CE_MATERIAL:0.5
CE_KINGSAFETY:0.5041565235478472
C_PIECESQUARETABLES:0.5
C_MOBILITY:0.5
C_KINGSAFETY:0.5145586182416806
C_PAWNSTRUCTURE:0.505505556764818
C_PIECECOORDINATION:0.5
C_ROOKANDPAWNMOVEMENT:0.5
C_CENTERCONTROL:0.5160797727007526
C_DEVELOPPIECES:0.500551570163137
C_MATERIAL:0.5016518585331037
