ELO:1011
CE_PASSEDPAWNS:0.48302929238486947
CE_PAWNWEAKNESSES:0.510749612113233
CE_PIECEACTIVITY:0.500113336584728
CE_KINGPAWNSHIELD:0.4855567023778074
CE_PIECECOORDINATION:0.4952220125849118
CE_MATERIAL:0.5172689700649563
CE_KINGSAFETY:0.4937808441370728
C_PIECESQUARETABLES:0.5114066358380326
C_MOBILITY:0.4776585041944293
C_KINGSAFETY:0.5
C_PAWNSTRUCTURE:0.5002356191162017
C_PIECECOORDINATION:0.5079180652024708
C_ROOK:0.5164644578820308
CE_ROOK:0.5042958272255978
C_CENTERCONTROL:0.48929246104148905
C_DEVELOPPIECES:0.5
C_MATERIAL:0.4839782322109361
C_MOVECOUNT:0.49891662155735195
C_PAWNMOVEMENT:0.5049255284258698
