ELO:978
CE_PASSEDPAWNS:0.5071483746741875
CE_PAWNWEAKNESSES:0.4813884586270577
CE_PIECEACTIVITY:0.504395683974057
CE_KINGPAWNSHIELD:0.5094204882235956
CE_PIECECOORDINATION:0.49101898071618744
CE_MATERIAL:0.5150381214137906
CE_KINGSAFETY:0.5
C_PIECESQUARETABLES:0.5182319387214229
C_MOBILITY:0.5221438911697514
C_KINGSAFETY:0.5128694243523666
C_PAWNSTRUCTURE:0.5169993655134268
C_PIECECOORDINATION:0.48674296798196154
C_ROOKANDPAWNMOVEMENT:0.48674296798196154
C_CENTERCONTROL:0.5550213601710717
C_DEVELOPPIECES:0.5
C_MATERIAL:0.5056711814350806
C_MOVECOUNT:0.5376129657218518
