ELO:974
CE_PASSEDPAWNS:0.4914059593128627
CE_PAWNWEAKNESSES:0.5025142739520462
CE_PIECEACTIVITY:0.5068013334921322
CE_KINGPAWNSHIELD:0.509623075714553
CE_PIECECOORDINATION:0.48459808182406655
CE_MATERIAL:0.4713987140640992
CE_KINGSAFETY:0.504448022998311
C_PIECESQUARETABLES:0.496069593003857
C_MOBILITY:0.5043917132718827
C_KINGSAFETY:0.5149610369609005
C_PAWNSTRUCTURE:0.5083940910566432
C_PIECECOORDINATION:0.4962972827324714
C_ROOKANDPAWNMOVEMENT:0.4962972827324714
C_CENTERCONTROL:0.46271472647048134
C_DEVELOPPIECES:0.5
C_MATERIAL:0.5217304781499215
C_MOVECOUNT:0.5024583497364064
