ELO:927
CE_PASSEDPAWNS:0.46511962067137735
CE_PAWNWEAKNESSES:0.5166144188839645
CE_PIECEACTIVITY:0.455484119907683
CE_KINGPAWNSHIELD:0.5111436769598859
CE_PIECECOORDINATION:0.5405177919278792
CE_MATERIAL:0.4719677559086475
CE_KINGSAFETY:0.5034217512900193
C_PIECESQUARETABLES:0.5140928371883449
C_MOBILITY:0.5090432378615988
C_KINGSAFETY:0.4560264665557334
C_PAWNSTRUCTURE:0.4418288462729535
C_PIECECOORDINATION:0.44727850715539424
C_ROOKANDPAWNMOVEMENT:0.44727850715539424
C_CENTERCONTROL:0.5186192154796698
C_DEVELOPPIECES:0.5170369752321321
C_MATERIAL:0.5231977296731222
C_MOVECOUNT:0.5
