ELO:1000
CE_PASSEDPAWNS:0.5048348404866593
CE_PAWNWEAKNESSES:0.5053390165198038
CE_PIECEACTIVITY:0.5164527700417296
CE_KINGPAWNSHIELD:0.5336089149394184
CE_PIECECOORDINATION:0.5090130335948824
CE_MATERIAL:0.5132293342053149
CE_KINGSAFETY:0.4927541802027997
C_PIECESQUARETABLES:0.49335876041390464
C_MOBILITY:0.48466052865516823
C_KINGSAFETY:0.47788862878980426
C_PAWNSTRUCTURE:0.47572495244422575
C_PIECECOORDINATION:0.4902713815432171
C_ROOKANDPAWNMOVEMENT:0.4902713815432171
C_CENTERCONTROL:0.49491313311035867
C_DEVELOPPIECES:0.499506853641946
C_MATERIAL:0.49460512976272425
