ELO:1028
CE_PASSEDPAWNS:0.5014383419152028
CE_PAWNWEAKNESSES:0.5023437365738528
CE_PIECEACTIVITY:0.49978264229982444
CE_KINGPAWNSHIELD:0.5
CE_PIECECOORDINATION:0.5054150739868447
CE_MATERIAL:0.49772630847706006
CE_KINGSAFETY:0.5
C_PIECESQUARETABLES:0.5
C_MOBILITY:0.49617054150946194
C_KINGSAFETY:0.49120596857507026
C_PAWNSTRUCTURE:0.4914551013672238
C_PIECECOORDINATION:0.502393833119759
C_ROOK:0.511476189943598
CE_ROOK:0.5115540037442572
C_CENTERCONTROL:0.4828520891331137
C_DEVELOPPIECES:0.5026729740278436
C_MATERIAL:0.5095960540356872
C_MOVECOUNT:0.47689845474745257
C_PAWNMOVEMENT:0.4896660707013053
