ELO:946
CE_PASSEDPAWNS:0.4861105597140783
CE_PAWNWEAKNESSES:0.5092665291874237
CE_PIECEACTIVITY:0.4927910527091556
CE_KINGPAWNSHIELD:0.5072884582178873
CE_PIECECOORDINATION:0.4836387715719655
CE_MATERIAL:0.4792300342952122
CE_KINGSAFETY:0.5003195355492619
C_PIECESQUARETABLES:0.49940217092277434
C_MOBILITY:0.47517080670445544
C_KINGSAFETY:0.5067477759771454
C_PAWNSTRUCTURE:0.44550979817016023
C_PIECECOORDINATION:0.5076854583256687
C_ROOKANDPAWNMOVEMENT:0.5076854583256687
C_CENTERCONTROL:0.5123122849974052
C_DEVELOPPIECES:0.5047737971331889
C_MATERIAL:0.512395244024961
C_MOVECOUNT:0.5061374195180454
