ELO:914
CE_PASSEDPAWNS:0.4955013670387835
CE_PAWNWEAKNESSES:0.38832367733697304
CE_PIECEACTIVITY:0.48716528114094654
CE_KINGPAWNSHIELD:0.4271123126793953
CE_PIECECOORDINATION:0.5619486191111088
CE_MATERIAL:0.36644281024645387
CE_KINGSAFETY:0.4496407087643175
C_PIECESQUARETABLES:0.5227047259303181
C_MOBILITY:0.4282812216830671
C_KINGSAFETY:0.44184348869624096
C_PAWNSTRUCTURE:0.43304531372953226
C_PIECECOORDINATION:0.42595979703360703
C_ROOKANDPAWNMOVEMENT:0.42595979703360703
C_CENTERCONTROL:0.42839894709387344
C_DEVELOPPIECES:0.5418717043074165
C_MATERIAL:0.5328730850629007
