ELO:1024
CE_PASSEDPAWNS:0.5073274378676906
CE_PAWNWEAKNESSES:0.5104946737042139
CE_PIECEACTIVITY:0.49513918347293695
CE_KINGPAWNSHIELD:0.47489526672792565
CE_PIECECOORDINATION:0.48290020915197623
CE_MATERIAL:0.4793827020707696
CE_KINGSAFETY:0.5
C_PIECESQUARETABLES:0.4965544671422409
C_MOBILITY:0.49381577644724023
C_KINGSAFETY:0.49646121310738495
C_PAWNSTRUCTURE:0.4914551013672238
C_PIECECOORDINATION:0.502393833119759
C_ROOK:0.511476189943598
CE_ROOK:0.4879694313909562
C_CENTERCONTROL:0.4828520891331137
C_DEVELOPPIECES:0.4952542647005594
C_MATERIAL:0.49706480786024376
C_MOVECOUNT:0.5013699718586283
C_PAWNMOVEMENT:0.5124955770113537
