ELO:984
CE_PASSEDPAWNS:0.45000909764668046
CE_PAWNWEAKNESSES:0.4395318008527586
CE_PIECEACTIVITY:0.5401255670050904
CE_KINGPAWNSHIELD:0.3880230142601941
CE_PIECECOORDINATION:0.5448185845611295
CE_MATERIAL:0.3747938476851107
CE_KINGSAFETY:0.5024780160488814
C_PIECESQUARETABLES:0.5059990634344275
C_MOBILITY:0.49637064268185743
C_KINGSAFETY:0.42679355246508927
C_PAWNSTRUCTURE:0.46011067273296424
C_PIECECOORDINATION:0.4158495649649037
C_ROOKANDPAWNMOVEMENT:0.4158495649649037
C_CENTERCONTROL:0.45674994872599073
C_DEVELOPPIECES:0.5339671796892247
C_MATERIAL:0.4905825030093425
