ELO:1013
CE_PASSEDPAWNS:0.48432574673130596
CE_PAWNWEAKNESSES:0.48586349155810005
CE_PIECEACTIVITY:0.5207299092689729
CE_KINGPAWNSHIELD:0.5377994068347833
CE_PIECECOORDINATION:0.5165875885347805
CE_MATERIAL:0.4975902733901933
CE_KINGSAFETY:0.4818640080398299
C_PIECESQUARETABLES:0.5069686502339508
C_MOBILITY:0.48432008977448454
C_KINGSAFETY:0.5020406001877096
C_PAWNSTRUCTURE:0.47123736318600723
C_PIECECOORDINATION:0.5003514978240702
C_ROOK:0.49146130700416774
CE_ROOK:0.4671050931683059
C_CENTERCONTROL:0.5332833892693716
C_DEVELOPPIECES:0.5257609700317444
C_MATERIAL:0.4898058172239515
C_MOVECOUNT:0.514552001777853
C_PAWNMOVEMENT:0.49855817301213
