ELO:822
CE_PASSEDPAWNS:0.5874407694486111
CE_PAWNWEAKNESSES:0.4604469216929226
CE_PIECEACTIVITY:0.5170255172267996
CE_KINGPAWNSHIELD:0.4620573489065924
CE_PIECECOORDINATION:0.47018114362823116
CE_MATERIAL:0.5286500834458892
CE_KINGSAFETY:0.5193283422829449
C_PIECESQUARETABLES:0.5113826023460656
C_MOBILITY:0.4810588522553794
C_KINGSAFETY:0.4693001138246848
C_PAWNSTRUCTURE:0.5119775482536559
C_PIECECOORDINATION:0.536894400477585
C_ROOKANDPAWNMOVEMENT:0.536894400477585
C_CENTERCONTROL:0.5319142835552428
C_DEVELOPPIECES:0.5975351085035162
C_MATERIAL:0.5036114440626523
C_MOVECOUNT:0.5
