ELO:1021
CE_PASSEDPAWNS:0.5073274378676906
CE_PAWNWEAKNESSES:0.4908273960924968
CE_PIECEACTIVITY:0.5116046402440652
CE_KINGPAWNSHIELD:0.46001628338248474
CE_PIECECOORDINATION:0.4820318374666213
CE_MATERIAL:0.47009670564468714
CE_KINGSAFETY:0.5
C_PIECESQUARETABLES:0.5052751908942409
C_MOBILITY:0.48432008977448454
C_KINGSAFETY:0.49944257939496456
C_PAWNSTRUCTURE:0.4914551013672238
C_PIECECOORDINATION:0.5129760080816925
C_ROOK:0.511476189943598
CE_ROOK:0.5050457711902858
C_CENTERCONTROL:0.4993969985565872
C_DEVELOPPIECES:0.5416454889175935
C_MATERIAL:0.5063430896814836
C_MOVECOUNT:0.5013699718586283
C_PAWNMOVEMENT:0.511227907276006
