ELO:916
CE_PASSEDPAWNS:0.4736120075490677
CE_PAWNWEAKNESSES:0.40397564115061907
CE_PIECEACTIVITY:0.5240293260103422
CE_KINGPAWNSHIELD:0.48733889684251647
CE_PIECECOORDINATION:0.471734906041944
CE_MATERIAL:0.6067073515407445
CE_KINGSAFETY:0.5159828579847194
C_PIECESQUARETABLES:0.5032949017887217
C_MOBILITY:0.48930456634184133
C_KINGSAFETY:0.5497061745547859
C_PAWNSTRUCTURE:0.5
C_PIECECOORDINATION:0.44070156408331496
C_ROOKANDPAWNMOVEMENT:0.44070156408331496
C_CENTERCONTROL:0.5257203605371341
C_DEVELOPPIECES:0.5348586318597841
C_MATERIAL:0.46134419294666634
C_MOVECOUNT:0.5
