ELO:937
CE_PASSEDPAWNS:0.5263979257347003
CE_PAWNWEAKNESSES:0.5172233979160102
CE_PIECEACTIVITY:0.47853864821794106
CE_KINGPAWNSHIELD:0.5723791648358613
CE_PIECECOORDINATION:0.5777511055534692
CE_MATERIAL:0.508905220185558
CE_KINGSAFETY:0.5146062283210036
C_PIECESQUARETABLES:0.4858442085193737
C_MOBILITY:0.41481388386366874
C_KINGSAFETY:0.4418012270944876
C_PAWNSTRUCTURE:0.5112033395476482
C_PIECECOORDINATION:0.4545475930145054
C_ROOKANDPAWNMOVEMENT:0.4545475930145054
C_CENTERCONTROL:0.48691139733691485
C_DEVELOPPIECES:0.5412502797847695
C_MATERIAL:0.662347045446759
