ELO:839
CE_PASSEDPAWNS:0.4512179733766884
CE_PAWNWEAKNESSES:0.47343744228166446
CE_PIECEACTIVITY:0.5053358412039439
CE_KINGPAWNSHIELD:0.5879387675718066
CE_PIECECOORDINATION:0.4773046158580829
CE_MATERIAL:0.5103009822733233
CE_KINGSAFETY:0.48115515457025254
C_PIECESQUARETABLES:0.4863377510820876
C_MOBILITY:0.48625214679637796
C_KINGSAFETY:0.48383313575775344
C_PAWNSTRUCTURE:0.48984398804478496
C_PIECECOORDINATION:0.5064556872704955
C_ROOKANDPAWNMOVEMENT:0.5064556872704955
C_CENTERCONTROL:0.4885296745694769
C_DEVELOPPIECES:0.4934002865114798
C_MATERIAL:0.5612711011486202
C_MOVECOUNT:0.45683950521853073
