ELO:980
CE_PASSEDPAWNS:0.5193055275695466
CE_PAWNWEAKNESSES:0.47657741260996916
CE_PIECEACTIVITY:0.5083828907924781
CE_KINGPAWNSHIELD:0.5360863569922087
CE_PIECECOORDINATION:0.5135588099859814
CE_MATERIAL:0.48578632031450625
CE_KINGSAFETY:0.5
C_PIECESQUARETABLES:0.5
C_MOBILITY:0.5254157885094161
C_KINGSAFETY:0.47681562583476905
C_PAWNSTRUCTURE:0.5467275735719819
C_PIECECOORDINATION:0.5109883289375442
C_ROOK:0.49370938956906674
CE_ROOK:0.5072539569565422
C_CENTERCONTROL:0.491963323473188
C_DEVELOPPIECES:0.49116337192227344
C_MATERIAL:0.5406644746234553
C_MOVECOUNT:0.5317895256243793
C_PAWNMOVEMENT:0.5177488574877056
