ELO:965
CE_PASSEDPAWNS:0.497066561089975
CE_PAWNWEAKNESSES:0.5557452532538899
CE_PIECEACTIVITY:0.5198282669020579
CE_KINGPAWNSHIELD:0.465781535557176
CE_PIECECOORDINATION:0.4977081295468796
CE_MATERIAL:0.4655798843340633
CE_KINGSAFETY:0.5
C_PIECESQUARETABLES:0.5
C_MOBILITY:0.5
C_KINGSAFETY:0.5
C_PAWNSTRUCTURE:0.5073667370258602
C_PIECECOORDINATION:0.45942972324450854
C_ROOKANDPAWNMOVEMENT:0.45942972324450854
C_CENTERCONTROL:0.5381864437113257
C_DEVELOPPIECES:0.5030467271287148
C_MATERIAL:0.42549653647861024
C_MOVECOUNT:0.5
