ELO:991
CE_PASSEDPAWNS:0.5529668375723824
CE_PAWNWEAKNESSES:0.45189581660366845
CE_PIECEACTIVITY:0.5283100005987322
CE_KINGPAWNSHIELD:0.5612474580254401
CE_PIECECOORDINATION:0.4846973356516632
CE_MATERIAL:0.4775168418108928
CE_KINGSAFETY:0.48878733359707827
C_PIECESQUARETABLES:0.5
C_MOBILITY:0.5836313903895851
C_KINGSAFETY:0.5250912115677565
C_PAWNSTRUCTURE:0.44867043150588604
C_PIECECOORDINATION:0.49481266204964397
C_ROOKANDPAWNMOVEMENT:0.49481266204964397
C_CENTERCONTROL:0.42894235410171383
C_DEVELOPPIECES:0.4297002400872821
C_MATERIAL:0.6252493704204162
