ELO:969
CE_PASSEDPAWNS:0.5
CE_PAWNWEAKNESSES:0.5161660629474264
CE_PIECEACTIVITY:0.5
CE_KINGPAWNSHIELD:0.5
CE_PIECECOORDINATION:0.5
CE_MATERIAL:0.5
CE_KINGSAFETY:0.5
C_PIECESQUARETABLES:0.5
C_MOBILITY:0.4886884579520102
C_KINGSAFETY:0.5024743332019836
C_PAWNSTRUCTURE:0.4608742593936221
C_PIECECOORDINATION:0.5172758243691715
C_ROOKANDPAWNMOVEMENT:0.5172758243691715
C_CENTERCONTROL:0.5
C_DEVELOPPIECES:0.4989497966064113
C_MATERIAL:0.5089086568461155
C_MOVECOUNT:0.509021703513378
