ELO:995
CE_PASSEDPAWNS:0.5123831151769884
CE_PAWNWEAKNESSES:0.5199226229815731
CE_PIECEACTIVITY:0.5400810963754095
CE_KINGPAWNSHIELD:0.5385554458703806
CE_PIECECOORDINATION:0.5066232075357641
CE_MATERIAL:0.49833302690317116
CE_KINGSAFETY:0.5
C_PIECESQUARETABLES:0.5
C_MOBILITY:0.507569516094217
C_KINGSAFETY:0.49633639915486416
C_PAWNSTRUCTURE:0.48981130424927877
C_PIECECOORDINATION:0.5160096086242401
C_ROOK:0.4680978352988821
CE_ROOK:0.4932727104297994
C_CENTERCONTROL:0.4779227380787176
C_DEVELOPPIECES:0.48976861333752186
C_MATERIAL:0.5086945022978877
C_MOVECOUNT:0.5237340254126772
C_PAWNMOVEMENT:0.4959987243568744
