ELO:918
CE_PASSEDPAWNS:0.4913891934080367
CE_PAWNWEAKNESSES:0.40689060672733424
CE_PIECEACTIVITY:0.5002443241065149
CE_KINGPAWNSHIELD:0.42456040790325855
CE_PIECECOORDINATION:0.5772440921671954
CE_MATERIAL:0.3613842255735094
CE_KINGSAFETY:0.47369424885911604
C_PIECESQUARETABLES:0.5059489681463936
C_MOBILITY:0.44852642078341926
C_KINGSAFETY:0.4530155973923499
C_PAWNSTRUCTURE:0.43779465526662786
C_PIECECOORDINATION:0.42144250929029864
C_ROOKANDPAWNMOVEMENT:0.42144250929029864
C_CENTERCONTROL:0.41802049949515646
C_DEVELOPPIECES:0.5510835445656029
C_MATERIAL:0.5436305573860056
