ELO:961
CE_PASSEDPAWNS:0.439286066617414
CE_PAWNWEAKNESSES:0.4382805884709753
CE_PIECEACTIVITY:0.5526075938311289
CE_KINGPAWNSHIELD:0.4065367820356177
CE_PIECECOORDINATION:0.5449209758806226
CE_MATERIAL:0.36239795925816454
CE_KINGSAFETY:0.5126316137905167
C_PIECESQUARETABLES:0.49021483898226387
C_MOBILITY:0.4921234981833604
C_KINGSAFETY:0.41730945808546704
C_PAWNSTRUCTURE:0.4412120242325178
C_PIECECOORDINATION:0.40819953751757104
C_ROOKANDPAWNMOVEMENT:0.40819953751757104
C_CENTERCONTROL:0.441241834925813
C_DEVELOPPIECES:0.5278256696146385
C_MATERIAL:0.5106220833763786
