ELO:950
CE_PASSEDPAWNS:0.47726510835516545
CE_PAWNWEAKNESSES:0.4522494810386186
CE_PIECEACTIVITY:0.5403589187150891
CE_KINGPAWNSHIELD:0.4843253591809201
CE_PIECECOORDINATION:0.5024542746371494
CE_MATERIAL:0.478166438258691
CE_KINGSAFETY:0.5211201795333174
C_PIECESQUARETABLES:0.5129568649759954
C_MOBILITY:0.5334959054257902
C_KINGSAFETY:0.5020426064541496
C_PAWNSTRUCTURE:0.5093326696712613
C_PIECECOORDINATION:0.5049742456117896
C_ROOKANDPAWNMOVEMENT:0.5049742456117896
C_CENTERCONTROL:0.4996103847479366
C_DEVELOPPIECES:0.5218245930329135
C_MATERIAL:0.538492848592651
C_MOVECOUNT:0.5
