ELO:989
CE_PASSEDPAWNS:0.5270477127670523
CE_PAWNWEAKNESSES:0.4982012549082165
CE_PIECEACTIVITY:0.5291425665938995
CE_KINGPAWNSHIELD:0.5299081331657858
CE_PIECECOORDINATION:0.5533707496947844
CE_MATERIAL:0.5476772440927975
CE_KINGSAFETY:0.40470784750208333
C_PIECESQUARETABLES:0.49343203780556394
C_MOBILITY:0.4174332147939397
C_KINGSAFETY:0.490617859266735
C_PAWNSTRUCTURE:0.4582447484624109
C_PIECECOORDINATION:0.4921598325378081
C_ROOKANDPAWNMOVEMENT:0.4921598325378081
C_CENTERCONTROL:0.46754387979307144
C_DEVELOPPIECES:0.5172194136207053
C_MATERIAL:0.5756729202340954
