ELO:971
CE_PASSEDPAWNS:0.509334979918129
CE_PAWNWEAKNESSES:0.510836143909731
CE_PIECEACTIVITY:0.4903195891141171
CE_KINGPAWNSHIELD:0.5293187056777238
CE_PIECECOORDINATION:0.6026848473012439
CE_MATERIAL:0.48265666857221146
CE_KINGSAFETY:0.49330384654365034
C_PIECESQUARETABLES:0.5406970027727216
C_MOBILITY:0.462795014211028
C_KINGSAFETY:0.4725035847848302
C_PAWNSTRUCTURE:0.4663795877414895
C_PIECECOORDINATION:0.46104035502198754
C_ROOKANDPAWNMOVEMENT:0.46104035502198754
C_CENTERCONTROL:0.47192483765584226
C_DEVELOPPIECES:0.49456803128743354
C_MATERIAL:0.630129608416103
