ELO:1002
CE_PASSEDPAWNS:0.5207781198568497
CE_PAWNWEAKNESSES:0.47080899038537255
CE_PIECEACTIVITY:0.4942451485575602
CE_KINGPAWNSHIELD:0.4649305519969675
CE_PIECECOORDINATION:0.520512080371879
CE_MATERIAL:0.46295221950949766
CE_KINGSAFETY:0.5
C_PIECESQUARETABLES:0.5
C_MOBILITY:0.5
C_KINGSAFETY:0.5
C_PAWNSTRUCTURE:0.4804837528008742
C_PIECECOORDINATION:0.48422896979280705
C_ROOKANDPAWNMOVEMENT:0.48422896979280705
C_CENTERCONTROL:0.4764889441820766
C_DEVELOPPIECES:0.4996557203086149
C_MATERIAL:0.47949549471433384
C_MOVECOUNT:0.5
