ELO:948
CE_PASSEDPAWNS:0.4835966867411598
CE_PAWNWEAKNESSES:0.4946741963097828
CE_PIECEACTIVITY:0.47908685702153353
CE_KINGPAWNSHIELD:0.5031678218050089
CE_PIECECOORDINATION:0.49142092826841477
CE_MATERIAL:0.48597819719760765
CE_KINGSAFETY:0.4958530740938846
C_PIECESQUARETABLES:0.5012642748522101
C_MOBILITY:0.4840695111817498
C_KINGSAFETY:0.5299022117732994
C_PAWNSTRUCTURE:0.5130369462537361
C_PIECECOORDINATION:0.4829846361103118
C_ROOKANDPAWNMOVEMENT:0.4829846361103118
C_CENTERCONTROL:0.47843344147181743
C_DEVELOPPIECES:0.5337293898206511
C_MATERIAL:0.49434454975477593
C_MOVECOUNT:0.5
