ELO:988
CE_PASSEDPAWNS:0.5277288571395565
CE_PAWNWEAKNESSES:0.4631550380739519
CE_PIECEACTIVITY:0.5290710301437745
CE_KINGPAWNSHIELD:0.542603462243025
CE_PIECECOORDINATION:0.4846973356516632
CE_MATERIAL:0.4676476618076107
CE_KINGSAFETY:0.5
C_PIECESQUARETABLES:0.5
C_MOBILITY:0.5836313903895851
C_KINGSAFETY:0.5250912115677565
C_PAWNSTRUCTURE:0.46054427260367564
C_PIECECOORDINATION:0.4857340987292026
C_ROOKANDPAWNMOVEMENT:0.4857340987292026
C_CENTERCONTROL:0.42413715802041185
C_DEVELOPPIECES:0.4346222908442985
C_MATERIAL:0.6234991122067586
