ELO:1045
CE_PASSEDPAWNS:0.5
CE_PAWNWEAKNESSES:0.4886613312201642
CE_PIECEACTIVITY:0.5177562700862198
CE_KINGPAWNSHIELD:0.5
CE_PIECECOORDINATION:0.5
CE_MATERIAL:0.5
CE_KINGSAFETY:0.5068154365121473
C_PIECESQUARETABLES:0.48879186284069115
C_MOBILITY:0.5060566931789632
C_KINGSAFETY:0.5
C_PAWNSTRUCTURE:0.4875902748924902
C_PIECECOORDINATION:0.4923960423809674
C_ROOK:0.4909731921936058
CE_ROOK:0.521358368245346
C_CENTERCONTROL:0.5
C_DEVELOPPIECES:0.49732890433852384
C_MATERIAL:0.49173883175879074
C_MOVECOUNT:0.5132932441329593
C_PAWNMOVEMENT:0.5
