ELO:779
CE_PASSEDPAWNS:0.5648268730922331
CE_PAWNWEAKNESSES:0.5905446905033194
CE_PIECEACTIVITY:0.4894842731482465
CE_KINGPAWNSHIELD:0.5518458089812031
CE_PIECECOORDINATION:0.45722687530377637
CE_MATERIAL:0.5033450200909773
CE_KINGSAFETY:0.5023193431779915
C_PIECESQUARETABLES:0.5121321300831932
C_MOBILITY:0.5087153187779128
C_KINGSAFETY:0.4976142750412945
C_PAWNSTRUCTURE:0.5805259415981031
C_PIECECOORDINATION:0.5189192528416711
C_ROOKANDPAWNMOVEMENT:0.5189192528416711
C_CENTERCONTROL:0.4432561344525263
C_DEVELOPPIECES:0.49800117124155147
C_MATERIAL:0.4941844596705028
C_MOVECOUNT:0.502872451349782
