ELO:1000
CE_PASSEDPAWNS:0.4974118446734868
CE_PAWNWEAKNESSES:0.49539622258357097
CE_PIECEACTIVITY:0.5180770778351937
CE_KINGPAWNSHIELD:0.4910765478059426
CE_PIECECOORDINATION:0.5007619387040021
CE_MATERIAL:0.49409990912827484
CE_KINGSAFETY:0.4872368903670085
C_PIECESQUARETABLES:0.5110168102242527
C_MOBILITY:0.4931133295198339
C_KINGSAFETY:0.4878627819677823
C_PAWNSTRUCTURE:0.5095353537543323
C_PIECECOORDINATION:0.4903927542658686
C_ROOKANDPAWNMOVEMENT:0.4903927542658686
C_CENTERCONTROL:0.501271627909768
C_DEVELOPPIECES:0.4860608534253196
C_MATERIAL:0.49756514649315703
