ELO:937
CE_PASSEDPAWNS:0.48471041513052615
CE_PAWNWEAKNESSES:0.48924019452608597
CE_PIECEACTIVITY:0.5486290401355947
CE_KINGPAWNSHIELD:0.4743399029823194
CE_PIECECOORDINATION:0.5277910791525199
CE_MATERIAL:0.4832764272738817
CE_KINGSAFETY:0.5
C_PIECESQUARETABLES:0.5
C_MOBILITY:0.4941634234457814
C_KINGSAFETY:0.5414301144465846
C_PAWNSTRUCTURE:0.48418409463271117
C_PIECECOORDINATION:0.5376618651037446
C_ROOKANDPAWNMOVEMENT:0.5376618651037446
C_CENTERCONTROL:0.540001378120153
C_DEVELOPPIECES:0.5209447385403095
C_MATERIAL:0.47717473481676975
C_MOVECOUNT:0.5
