ELO:923
CE_PASSEDPAWNS:0.47379120105902095
CE_PAWNWEAKNESSES:0.419946380206331
CE_PIECEACTIVITY:0.5134340484647879
CE_KINGPAWNSHIELD:0.41527812612359905
CE_PIECECOORDINATION:0.5702936558127336
CE_MATERIAL:0.35290722155018317
CE_KINGSAFETY:0.49058544179918356
C_PIECESQUARETABLES:0.5101014217595742
C_MOBILITY:0.44199210900913416
C_KINGSAFETY:0.440163529227404
C_PAWNSTRUCTURE:0.4462847021311769
C_PIECECOORDINATION:0.40381994336252863
C_ROOKANDPAWNMOVEMENT:0.40381994336252863
C_CENTERCONTROL:0.4233969850409223
C_DEVELOPPIECES:0.5287314810666721
C_MATERIAL:0.5693291416496846
