ELO:1022
CE_PASSEDPAWNS:0.4704764653041662
CE_PAWNWEAKNESSES:0.5128487088560789
CE_PIECEACTIVITY:0.5045744521137052
CE_KINGPAWNSHIELD:0.4747047381787908
CE_PIECECOORDINATION:0.5170688577303671
CE_MATERIAL:0.5
CE_KINGSAFETY:0.5
C_PIECESQUARETABLES:0.5
C_MOBILITY:0.48432008977448454
C_KINGSAFETY:0.5138175720512391
C_PAWNSTRUCTURE:0.4804053736929924
C_PIECECOORDINATION:0.5003514978240702
C_ROOK:0.5415126425962393
CE_ROOK:0.4916578152683325
C_CENTERCONTROL:0.5
C_DEVELOPPIECES:0.5416454889175935
C_MATERIAL:0.4899455021876946
C_MOVECOUNT:0.5032365966270125
C_PAWNMOVEMENT:0.5083217540250716
