ELO:974
CE_PASSEDPAWNS:0.5084473104751409
CE_PAWNWEAKNESSES:0.5094946092690459
CE_PIECEACTIVITY:0.5256538788167867
CE_KINGPAWNSHIELD:0.48739088266926023
CE_PIECECOORDINATION:0.5097269414023637
CE_MATERIAL:0.48965596704008996
CE_KINGSAFETY:0.5
C_PIECESQUARETABLES:0.4919867327710603
C_MOBILITY:0.45608788267396305
C_KINGSAFETY:0.5
C_PAWNSTRUCTURE:0.47141506397907734
C_PIECECOORDINATION:0.4982851810597811
C_ROOKANDPAWNMOVEMENT:0.4982851810597811
C_CENTERCONTROL:0.47892552026770974
C_DEVELOPPIECES:0.46832378424478754
C_MATERIAL:0.492898480860518
C_MOVECOUNT:0.5
