ELO:1098
CE_PASSEDPAWNS:0.519079221481032
CE_PAWNWEAKNESSES:0.4842631040916708
CE_PIECEACTIVITY:0.5047139984031866
CE_KINGPAWNSHIELD:0.4957494380202444
CE_PIECECOORDINATION:0.5273503149869337
CE_MATERIAL:0.5169957844604913
CE_KINGSAFETY:0.5
C_PIECESQUARETABLES:0.5
C_MOBILITY:0.4934559673954489
C_KINGSAFETY:0.48955206063519147
C_PAWNSTRUCTURE:0.49886089381198834
C_PIECECOORDINATION:0.5210789240236054
C_ROOK:0.49529154829690436
CE_ROOK:0.512999247859989
C_CENTERCONTROL:0.5108722889636409
C_DEVELOPPIECES:0.4451163445770102
C_MATERIAL:0.5227870579764127
C_MOVECOUNT:0.48987931154882625
C_PAWNMOVEMENT:0.5068568556343356
