ELO:916
CE_PASSEDPAWNS:0.48244652619655765
CE_PAWNWEAKNESSES:0.47676772443408416
CE_PIECEACTIVITY:0.5145044197192423
CE_KINGPAWNSHIELD:0.5194042981744159
CE_PIECECOORDINATION:0.5013383277572869
CE_MATERIAL:0.5552331458264771
CE_KINGSAFETY:0.4696887224427434
C_PIECESQUARETABLES:0.43501794964800666
C_MOBILITY:0.5102083490718433
C_KINGSAFETY:0.5094967292909746
C_PAWNSTRUCTURE:0.5166957837115816
C_PIECECOORDINATION:0.5129848873008569
C_ROOKANDPAWNMOVEMENT:0.5129848873008569
C_CENTERCONTROL:0.5166236037365699
C_DEVELOPPIECES:0.4655087056732038
C_MATERIAL:0.5059109460897336
C_MOVECOUNT:0.5
