ELO:956
CE_PASSEDPAWNS:0.5010792215095673
CE_PAWNWEAKNESSES:0.4978736549096806
CE_PIECEACTIVITY:0.4458004545607375
CE_KINGPAWNSHIELD:0.5388799158576087
CE_PIECECOORDINATION:0.45789097808359835
CE_MATERIAL:0.5116498872838424
CE_KINGSAFETY:0.5225664139336376
C_PIECESQUARETABLES:0.4659526678895575
C_MOBILITY:0.5604511364579511
C_KINGSAFETY:0.5012630658317098
C_PAWNSTRUCTURE:0.4738808440354683
C_PIECECOORDINATION:0.5085162485868641
C_ROOKANDPAWNMOVEMENT:0.5085162485868641
C_CENTERCONTROL:0.46879452692525725
C_DEVELOPPIECES:0.46922167397332293
C_MATERIAL:0.5440058946349359
C_MOVECOUNT:0.5
