ELO:914
CE_PASSEDPAWNS:0.45417390462784546
CE_PAWNWEAKNESSES:0.45816605668154936
CE_PIECEACTIVITY:0.5274056819280052
CE_KINGPAWNSHIELD:0.5162341710532555
CE_PIECECOORDINATION:0.48334145616902086
CE_MATERIAL:0.5794922105986061
CE_KINGSAFETY:0.473875152668023
C_PIECESQUARETABLES:0.42709233494531895
C_MOBILITY:0.6191350847749967
C_KINGSAFETY:0.4548871809081948
C_PAWNSTRUCTURE:0.44898503653365335
C_PIECECOORDINATION:0.44506594272144434
C_ROOKANDPAWNMOVEMENT:0.44506594272144434
C_CENTERCONTROL:0.41204131977252184
C_DEVELOPPIECES:0.5254058503564091
C_MATERIAL:0.38134313709186973
