ELO:982
CE_PASSEDPAWNS:0.4971055140714599
CE_PAWNWEAKNESSES:0.4657625482671363
CE_PIECEACTIVITY:0.4973141783169221
CE_KINGPAWNSHIELD:0.500862015587062
CE_PIECECOORDINATION:0.4989967088379042
CE_MATERIAL:0.5036659095031035
CE_KINGSAFETY:0.49558924471913834
C_PIECESQUARETABLES:0.4970037328708069
C_MOBILITY:0.47405875718704316
C_KINGSAFETY:0.4963129957963143
C_PAWNSTRUCTURE:0.49005081685899005
C_PIECECOORDINATION:0.4844768687690875
C_ROOKANDPAWNMOVEMENT:0.4844768687690875
C_CENTERCONTROL:0.5099577278840841
C_DEVELOPPIECES:0.500293367257654
C_MATERIAL:0.493000442015738
