ELO:1009
CE_PASSEDPAWNS:0.5072948868350334
CE_PAWNWEAKNESSES:0.4908273960924968
CE_PIECEACTIVITY:0.48192327502881066
CE_KINGPAWNSHIELD:0.4955419174468468
CE_PIECECOORDINATION:0.5009427473807805
CE_MATERIAL:0.5175743768444376
CE_KINGSAFETY:0.5
C_PIECESQUARETABLES:0.5
C_MOBILITY:0.5000273697006792
C_KINGSAFETY:0.4734040342428972
C_PAWNSTRUCTURE:0.4991070109688661
C_PIECECOORDINATION:0.509803514540476
C_ROOK:0.49398444940472735
CE_ROOK:0.49444675838088514
C_CENTERCONTROL:0.5096254495975724
C_DEVELOPPIECES:0.5126867402238015
C_MATERIAL:0.4837412608299341
C_MOVECOUNT:0.4634250635145664
C_PAWNMOVEMENT:0.5072186104954414
