ELO:1009
CE_PASSEDPAWNS:0.5073274378676906
CE_PAWNWEAKNESSES:0.5018759020046714
CE_PIECEACTIVITY:0.4854613966948286
CE_KINGPAWNSHIELD:0.4905748598831768
CE_PIECECOORDINATION:0.48621996643472815
CE_MATERIAL:0.5428991659799375
CE_KINGSAFETY:0.5
C_PIECESQUARETABLES:0.5
C_MOBILITY:0.5162049255942576
C_KINGSAFETY:0.4705933037692467
C_PAWNSTRUCTURE:0.49351718152888674
C_PIECECOORDINATION:0.5073957799051089
C_ROOK:0.48168793802197885
CE_ROOK:0.5348033858438919
C_CENTERCONTROL:0.5181664927584207
C_DEVELOPPIECES:0.5249502262436926
C_MATERIAL:0.5244111220125648
C_MOVECOUNT:0.492103632470198
C_PAWNMOVEMENT:0.48890777999213453
