ELO:1144
CE_PASSEDPAWNS:0.4959867848425562
CE_PAWNWEAKNESSES:0.436106372196819
CE_PIECEACTIVITY:0.500570440588215
CE_KINGPAWNSHIELD:0.44731962251588964
CE_PIECECOORDINATION:0.5
CE_MATERIAL:0.4699618592494867
CE_KINGSAFETY:0.5
C_PIECESQUARETABLES:0.5
C_MOBILITY:0.5080443031900151
C_KINGSAFETY:0.5163408411796008
C_PAWNSTRUCTURE:0.5
C_PIECECOORDINATION:0.4951108031370971
C_ROOKANDPAWNMOVEMENT:0.4951108031370971
C_CENTERCONTROL:0.5561952750621797
C_DEVELOPPIECES:0.5179150819011946
C_MATERIAL:0.5
C_MOVECOUNT:0.5
