ELO:1061
CE_PASSEDPAWNS:0.5162594116160073
CE_PAWNWEAKNESSES:0.5010545511483503
CE_PIECEACTIVITY:0.4966933354429096
CE_KINGPAWNSHIELD:0.5169115832150883
CE_PIECECOORDINATION:0.5076942440388684
CE_MATERIAL:0.5
CE_KINGSAFETY:0.5
C_PIECESQUARETABLES:0.5
C_MOBILITY:0.5
C_KINGSAFETY:0.5
C_PAWNSTRUCTURE:0.5025858469211308
C_PIECECOORDINATION:0.48225505676134506
C_ROOKANDPAWNMOVEMENT:0.48225505676134506
C_CENTERCONTROL:0.5
C_DEVELOPPIECES:0.5
C_MATERIAL:0.4803492742920708
C_MOVECOUNT:0.4903770416810901
