ELO:1048
CE_PASSEDPAWNS:0.5
CE_PAWNWEAKNESSES:0.5
CE_PIECEACTIVITY:0.4988401360142274
CE_KINGPAWNSHIELD:0.5090381676146823
CE_PIECECOORDINATION:0.49823271744045844
CE_MATERIAL:0.5040725345893093
CE_KINGSAFETY:0.5
C_PIECESQUARETABLES:0.5
C_MOBILITY:0.5066540375879506
C_KINGSAFETY:0.49369748272931663
C_PAWNSTRUCTURE:0.5062333264723871
C_PIECECOORDINATION:0.4904152896518162
C_ROOKANDPAWNMOVEMENT:0.4904152896518162
C_CENTERCONTROL:0.5
C_DEVELOPPIECES:0.514758518718268
C_MATERIAL:0.4880403172404028
C_MOVECOUNT:0.5
