ELO:1018
CE_PASSEDPAWNS:0.4838517114520818
CE_PAWNWEAKNESSES:0.519791023702967
CE_PIECEACTIVITY:0.49419176223945055
CE_KINGPAWNSHIELD:0.5024837139228125
CE_PIECECOORDINATION:0.5062596673662701
CE_MATERIAL:0.4714238126210707
CE_KINGSAFETY:0.49617103016673403
C_PIECESQUARETABLES:0.5
C_MOBILITY:0.4934559673954489
C_KINGSAFETY:0.49120596857507026
C_PAWNSTRUCTURE:0.5094806339754532
C_PIECECOORDINATION:0.5010565797952407
C_ROOK:0.48972282289415386
CE_ROOK:0.5044407932551206
C_CENTERCONTROL:0.5125522377303235
C_DEVELOPPIECES:0.4916948392912236
C_MATERIAL:0.5177364255238226
C_MOVECOUNT:0.4857960302611659
C_PAWNMOVEMENT:0.5029970259935058
