ELO:1000
CE_PASSEDPAWNS:0.548706618841319
CE_PAWNWEAKNESSES:0.4849280905017794
CE_PIECEACTIVITY:0.47370450675824
CE_KINGPAWNSHIELD:0.44308603716360623
CE_PIECECOORDINATION:0.49583290721577045
CE_MATERIAL:0.4929551632066513
CE_KINGSAFETY:0.5492179059507989
C_PIECESQUARETABLES:0.5016548889803373
C_MOBILITY:0.5121332910071233
C_KINGSAFETY:0.4367967647304049
C_PAWNSTRUCTURE:0.455350284904689
C_PIECECOORDINATION:0.5550717325435229
C_ROOKANDPAWNMOVEMENT:0.5550717325435229
C_CENTERCONTROL:0.5601229565314081
C_DEVELOPPIECES:0.5119655303208787
C_MATERIAL:0.4656565145759425
