ELO:948
CE_PASSEDPAWNS:0.4755237833787465
CE_PAWNWEAKNESSES:0.5329190666534169
CE_PIECEACTIVITY:0.5537466296612987
CE_KINGPAWNSHIELD:0.4562133245702541
CE_PIECECOORDINATION:0.47436178177015115
CE_MATERIAL:0.4739939973138243
CE_KINGSAFETY:0.5108939247166315
C_PIECESQUARETABLES:0.5378510143137238
C_MOBILITY:0.5631236939241198
C_KINGSAFETY:0.4968256751474941
C_PAWNSTRUCTURE:0.4745417854590754
C_PIECECOORDINATION:0.4371084344993929
C_ROOKANDPAWNMOVEMENT:0.4371084344993929
C_CENTERCONTROL:0.4919385751890451
C_DEVELOPPIECES:0.47015480364797063
C_MATERIAL:0.525660416843535
C_MOVECOUNT:0.5549831898762132
