ELO:1000
CE_PASSEDPAWNS:0.525047350337076
CE_PAWNWEAKNESSES:0.5193940725721661
CE_PIECEACTIVITY:0.5014862820163425
CE_KINGPAWNSHIELD:0.5244404072477874
CE_PIECECOORDINATION:0.46352824338364595
CE_MATERIAL:0.4868675329588313
CE_KINGSAFETY:0.493871709538562
C_PIECESQUARETABLES:0.5056092816650885
C_MOBILITY:0.5304300275000213
C_KINGSAFETY:0.4886911587159861
C_PAWNSTRUCTURE:0.476804416876255
C_PIECECOORDINATION:0.5114983945413227
C_ROOKANDPAWNMOVEMENT:0.5114983945413227
C_CENTERCONTROL:0.4967079962299816
C_DEVELOPPIECES:0.48715787047882186
C_MATERIAL:0.48022109179122663
