ELO:1013
CE_PASSEDPAWNS:0.47741788547918584
CE_PAWNWEAKNESSES:0.5
CE_PIECEACTIVITY:0.5017454051756376
CE_KINGPAWNSHIELD:0.49306027686282305
CE_PIECECOORDINATION:0.508453843355885
CE_MATERIAL:0.5046283055686838
CE_KINGSAFETY:0.4880294670115303
C_PIECESQUARETABLES:0.5
C_MOBILITY:0.4936512551597207
C_KINGSAFETY:0.48941417470218174
C_PAWNSTRUCTURE:0.5068952753206588
C_PIECECOORDINATION:0.502707721105963
C_ROOKANDPAWNMOVEMENT:0.502707721105963
C_CENTERCONTROL:0.5
C_DEVELOPPIECES:0.5
C_MATERIAL:0.5004571430737955
C_MOVECOUNT:0.49617049408750574
