ELO:1091
CE_PASSEDPAWNS:0.5265050284138625
CE_PAWNWEAKNESSES:0.4892926816716441
CE_PIECEACTIVITY:0.5
CE_KINGPAWNSHIELD:0.5028713823921754
CE_PIECECOORDINATION:0.5066264648136295
CE_MATERIAL:0.44658210106264806
CE_KINGSAFETY:0.5
C_PIECESQUARETABLES:0.5
C_MOBILITY:0.46984450886973544
C_KINGSAFETY:0.5499126579532706
C_PAWNSTRUCTURE:0.5
C_PIECECOORDINATION:0.439524606134099
C_ROOKANDPAWNMOVEMENT:0.439524606134099
C_CENTERCONTROL:0.5090048804564443
C_DEVELOPPIECES:0.45278271750991633
C_MATERIAL:0.46970726098076754
C_MOVECOUNT:0.5
