ELO:1000
CE_PASSEDPAWNS:0.5
CE_PAWNWEAKNESSES:0.5
CE_PIECEACTIVITY:0.5
CE_KINGPAWNSHIELD:0.5118444578440766
CE_PIECECOORDINATION:0.5
CE_MATERIAL:0.4905026735466704
CE_KINGSAFETY:0.4925296946764187
C_PIECESQUARETABLES:0.5
C_MOBILITY:0.49929862734780334
C_KINGSAFETY:0.5
C_PAWNSTRUCTURE:0.5
C_PIECECOORDINATION:0.5034837152417078
C_ROOKANDPAWNMOVEMENT:0.5034837152417078
C_CENTERCONTROL:0.5098555758707835
C_DEVELOPPIECES:0.5099163273820331
C_MATERIAL:0.5
