ELO:927
CE_PASSEDPAWNS:0.4887802934101245
CE_PAWNWEAKNESSES:0.45693019003178154
CE_PIECEACTIVITY:0.5185146103055249
CE_KINGPAWNSHIELD:0.5857236726813081
CE_PIECECOORDINATION:0.5007120790964492
CE_MATERIAL:0.49418763777064934
CE_KINGSAFETY:0.49439036082927135
C_PIECESQUARETABLES:0.4664672649231777
C_MOBILITY:0.4823815107169286
C_KINGSAFETY:0.5115566352766635
C_PAWNSTRUCTURE:0.5033719990292219
C_PIECECOORDINATION:0.447830612482916
C_ROOKANDPAWNMOVEMENT:0.447830612482916
C_CENTERCONTROL:0.5325597063611537
C_DEVELOPPIECES:0.29824687282275686
C_MATERIAL:0.5046555080634558
C_MOVECOUNT:0.5565767095979341
