ELO:1005
CE_PASSEDPAWNS:0.489105361368111
CE_PAWNWEAKNESSES:0.4900177938829809
CE_PIECEACTIVITY:0.4928040503754208
CE_KINGPAWNSHIELD:0.4913496994448709
CE_PIECECOORDINATION:0.48033090901545056
CE_MATERIAL:0.503997729061811
CE_KINGSAFETY:0.5
C_PIECESQUARETABLES:0.5
C_MOBILITY:0.4936512551597207
C_KINGSAFETY:0.5
C_PAWNSTRUCTURE:0.4766940043066936
C_PIECECOORDINATION:0.48881963867234346
C_ROOKANDPAWNMOVEMENT:0.48881963867234346
C_CENTERCONTROL:0.5122254153087142
C_DEVELOPPIECES:0.5038376298043344
C_MATERIAL:0.5140351660890985
C_MOVECOUNT:0.4963032494895782
