ELO:1026
CE_PASSEDPAWNS:0.510624593523751
CE_PAWNWEAKNESSES:0.4987759338864189
CE_PIECEACTIVITY:0.47225465398940075
CE_KINGPAWNSHIELD:0.5158028199227129
CE_PIECECOORDINATION:0.5125035609083783
CE_MATERIAL:0.5091267526583342
CE_KINGSAFETY:0.5
C_PIECESQUARETABLES:0.5
C_MOBILITY:0.5304724231943106
C_KINGSAFETY:0.5224757601071585
C_PAWNSTRUCTURE:0.5160681873060388
C_PIECECOORDINATION:0.5102011275273238
C_ROOK:0.5024273132563338
CE_ROOK:0.48332193206982976
C_CENTERCONTROL:0.46628470950357387
C_DEVELOPPIECES:0.4964410949605239
C_MATERIAL:0.4856453541341074
C_MOVECOUNT:0.4985606941527816
C_PAWNMOVEMENT:0.5166132914539359
