ELO:975
CE_PASSEDPAWNS:0.4970356611608932
CE_PAWNWEAKNESSES:0.4919562611994452
CE_PIECEACTIVITY:0.48843485580825224
CE_KINGPAWNSHIELD:0.49043115686443395
CE_PIECECOORDINATION:0.5036066916608193
CE_MATERIAL:0.49127512260580264
CE_KINGSAFETY:0.4925143398606595
C_PIECESQUARETABLES:0.5122101832022089
C_MOBILITY:0.49154514096302326
C_KINGSAFETY:0.5159952933745334
C_PAWNSTRUCTURE:0.49469893480691507
C_PIECECOORDINATION:0.49661071680565205
C_ROOKANDPAWNMOVEMENT:0.49661071680565205
C_CENTERCONTROL:0.509418924709617
C_DEVELOPPIECES:0.5
C_MATERIAL:0.50680709617569
