ELO:1000
CE_PASSEDPAWNS:0.4964681754740289
CE_PAWNWEAKNESSES:0.5044573366192413
CE_PIECEACTIVITY:0.5076790135985223
CE_KINGPAWNSHIELD:0.5316023606417786
CE_PIECECOORDINATION:0.46540215273743574
CE_MATERIAL:0.5471326989128354
CE_KINGSAFETY:0.5358564064502654
C_PIECESQUARETABLES:0.4992009561487351
C_MOBILITY:0.5226478594656413
C_KINGSAFETY:0.5415906408537117
C_PAWNSTRUCTURE:0.45567780773810634
C_PIECECOORDINATION:0.4869462730715774
C_ROOKANDPAWNMOVEMENT:0.4869462730715774
C_CENTERCONTROL:0.5055453235130751
C_DEVELOPPIECES:0.5126771668859156
C_MATERIAL:0.5059258964837937
