ELO:1000
CE_PASSEDPAWNS:0.5317418878567435
CE_PAWNWEAKNESSES:0.508940055122321
CE_PIECEACTIVITY:0.4977061674298181
CE_KINGPAWNSHIELD:0.4766327223388227
CE_PIECECOORDINATION:0.5228575699705269
CE_MATERIAL:0.4629080089007868
CE_KINGSAFETY:0.5
C_PIECESQUARETABLES:0.5
C_MOBILITY:0.5141168210640847
C_KINGSAFETY:0.49055939913311014
C_PAWNSTRUCTURE:0.45878174377734415
C_PIECECOORDINATION:0.5393299985835299
C_ROOKANDPAWNMOVEMENT:0.5393299985835299
C_CENTERCONTROL:0.5286802456984817
C_DEVELOPPIECES:0.5218335653224626
C_MATERIAL:0.4686901265800782
