ELO:989
CE_PASSEDPAWNS:0.4966141709604007
CE_PAWNWEAKNESSES:0.5231895786914873
CE_PIECEACTIVITY:0.5533521696184573
CE_KINGPAWNSHIELD:0.4867099623919837
CE_PIECECOORDINATION:0.4761826560251623
CE_MATERIAL:0.5904661630039804
CE_KINGSAFETY:0.4934162330563828
C_PIECESQUARETABLES:0.5260658022485821
C_MOBILITY:0.4304735950631881
C_KINGSAFETY:0.44236174347416696
C_PAWNSTRUCTURE:0.5382963778974676
C_PIECECOORDINATION:0.5082442336131041
C_ROOKANDPAWNMOVEMENT:0.5082442336131041
C_CENTERCONTROL:0.48935878813682254
C_DEVELOPPIECES:0.5215160213154942
C_MATERIAL:0.38187557360648694
