ELO:1206
CE_PASSEDPAWNS:0.4948427292618502
CE_PAWNWEAKNESSES:0.49266386044737176
CE_PIECEACTIVITY:0.5099979087104214
CE_KINGPAWNSHIELD:0.5028713823921754
CE_PIECECOORDINATION:0.5045457043630838
CE_MATERIAL:0.49735430658636265
CE_KINGSAFETY:0.5
C_PIECESQUARETABLES:0.5
C_MOBILITY:0.4071152366177097
C_KINGSAFETY:0.5493057075191667
C_PAWNSTRUCTURE:0.4804837528008742
C_PIECECOORDINATION:0.4516818661677615
C_ROOKANDPAWNMOVEMENT:0.4516818661677615
C_CENTERCONTROL:0.6459532553886155
C_DEVELOPPIECES:0.5
C_MATERIAL:0.46970726098076754
C_MOVECOUNT:0.5
