ELO:1009
CE_PASSEDPAWNS:0.467391769124004
CE_PAWNWEAKNESSES:0.5112779314619631
CE_PIECEACTIVITY:0.48312591596718785
CE_KINGPAWNSHIELD:0.5223091071042263
CE_PIECECOORDINATION:0.48621996643472815
CE_MATERIAL:0.5428991659799375
CE_KINGSAFETY:0.5
C_PIECESQUARETABLES:0.5
C_MOBILITY:0.5162049255942576
C_KINGSAFETY:0.4705933037692467
C_PAWNSTRUCTURE:0.49351718152888674
C_PIECECOORDINATION:0.5073957799051089
C_ROOK:0.4886227711790178
CE_ROOK:0.4946989556359861
C_CENTERCONTROL:0.5043067833774971
C_DEVELOPPIECES:0.4727473771815632
C_MATERIAL:0.5244111220125648
C_MOVECOUNT:0.492103632470198
C_PAWNMOVEMENT:0.48890777999213453
