ELO:1000
CE_PASSEDPAWNS:0.540668160926987
CE_PAWNWEAKNESSES:0.5110598061912601
CE_PIECEACTIVITY:0.5155633416203278
CE_KINGPAWNSHIELD:0.5378254007297951
CE_PIECECOORDINATION:0.45729915111018754
CE_MATERIAL:0.5042243662096395
CE_KINGSAFETY:0.5490729666333446
C_PIECESQUARETABLES:0.4936793830450364
C_MOBILITY:0.4910374767049924
C_KINGSAFETY:0.5138956159004696
C_PAWNSTRUCTURE:0.46796792565295625
C_PIECECOORDINATION:0.5008754011757507
C_ROOKANDPAWNMOVEMENT:0.5008754011757507
C_CENTERCONTROL:0.5098293371548044
C_DEVELOPPIECES:0.49197820142372173
C_MATERIAL:0.4889024199701793
