ELO:1043
CE_PASSEDPAWNS:0.47058017775505445
CE_PAWNWEAKNESSES:0.5
CE_PIECEACTIVITY:0.5581693132593651
CE_KINGPAWNSHIELD:0.49239483193018807
CE_PIECECOORDINATION:0.4896548176615932
CE_MATERIAL:0.5704177698227011
CE_KINGSAFETY:0.5
C_PIECESQUARETABLES:0.5
C_MOBILITY:0.4886089924435106
C_KINGSAFETY:0.5349446824469897
C_PAWNSTRUCTURE:0.4264791442429882
C_PIECECOORDINATION:0.49303376250463576
C_ROOKANDPAWNMOVEMENT:0.49303376250463576
C_CENTERCONTROL:0.4786515411120672
C_DEVELOPPIECES:0.5
C_MATERIAL:0.5003704629571398
C_MOVECOUNT:0.5
