ELO:1009
CE_PASSEDPAWNS:0.5270003856948134
CE_PAWNWEAKNESSES:0.4908273960924968
CE_PIECEACTIVITY:0.5061695894163324
CE_KINGPAWNSHIELD:0.4892652713571424
CE_PIECECOORDINATION:0.4820318374666213
CE_MATERIAL:0.5
CE_KINGSAFETY:0.5
C_PIECESQUARETABLES:0.5
C_MOBILITY:0.4927072540120888
C_KINGSAFETY:0.4866629361882198
C_PAWNSTRUCTURE:0.4634524577861632
C_PIECECOORDINATION:0.5147520835346416
C_ROOK:0.48168793802197885
CE_ROOK:0.49444675838088514
C_CENTERCONTROL:0.5051137245676748
C_DEVELOPPIECES:0.5001636855728272
C_MATERIAL:0.5131654886357258
C_MOVECOUNT:0.4634250635145664
C_PAWNMOVEMENT:0.5072186104954414
