ELO:995
CE_PASSEDPAWNS:0.4838517114520818
CE_PAWNWEAKNESSES:0.504884135264197
CE_PIECEACTIVITY:0.49419176223945055
CE_KINGPAWNSHIELD:0.4954925285978325
CE_PIECECOORDINATION:0.5029084943262581
CE_MATERIAL:0.5240102503876125
CE_KINGSAFETY:0.4999727031180665
C_PIECESQUARETABLES:0.504134009264923
C_MOBILITY:0.5056104242348377
C_KINGSAFETY:0.4830260188598463
C_PAWNSTRUCTURE:0.47565438663730514
C_PIECECOORDINATION:0.5010565797952407
C_ROOK:0.4962057312857581
CE_ROOK:0.5044407932551206
C_CENTERCONTROL:0.5125522377303235
C_DEVELOPPIECES:0.4916948392912236
C_MATERIAL:0.5177364255238226
C_MOVECOUNT:0.4857960302611659
C_PAWNMOVEMENT:0.49641057079470124
