ELO:992
CE_PASSEDPAWNS:0.4729314156851419
CE_PAWNWEAKNESSES:0.5123765531477057
CE_PIECEACTIVITY:0.5510102793598609
CE_KINGPAWNSHIELD:0.45852709168573724
CE_PIECECOORDINATION:0.49350452816004003
CE_MATERIAL:0.5152997342983969
CE_KINGSAFETY:0.4928653193045663
C_PIECESQUARETABLES:0.5
C_MOBILITY:0.5025165859349583
C_KINGSAFETY:0.5
C_PAWNSTRUCTURE:0.49474513666963427
C_PIECECOORDINATION:0.5068216461044039
C_ROOKANDPAWNMOVEMENT:0.5068216461044039
C_CENTERCONTROL:0.5265168515675874
C_DEVELOPPIECES:0.4899956349115579
C_MATERIAL:0.504356288007506
C_MOVECOUNT:0.5030479832717563
