ELO:1000
CE_PASSEDPAWNS:0.5173249553677866
CE_PAWNWEAKNESSES:0.5007935765076038
CE_PIECEACTIVITY:0.49990512072770216
CE_KINGPAWNSHIELD:0.5021079331660243
CE_PIECECOORDINATION:0.5032657759551739
CE_MATERIAL:0.4914179894267686
CE_KINGSAFETY:0.5095588282343201
C_PIECESQUARETABLES:0.5
C_MOBILITY:0.49708082641039025
C_KINGSAFETY:0.5169747222339348
C_PAWNSTRUCTURE:0.5025414093754306
C_PIECECOORDINATION:0.5160264164417089
C_ROOK:0.5143233086405861
CE_ROOK:0.505978780587357
C_CENTERCONTROL:0.490618622463271
C_DEVELOPPIECES:0.48426718264066376
C_MATERIAL:0.4881815596966179
C_MOVECOUNT:0.508717985431626
C_PAWNMOVEMENT:0.47865529037957505
