ELO:969
CE_PASSEDPAWNS:0.5109371266884783
CE_PAWNWEAKNESSES:0.5316020832747422
CE_PIECEACTIVITY:0.568935811127476
CE_KINGPAWNSHIELD:0.47802440803701807
CE_PIECECOORDINATION:0.47082109357012714
CE_MATERIAL:0.5720004394383493
CE_KINGSAFETY:0.5000792746786709
C_PIECESQUARETABLES:0.47627000049313817
C_MOBILITY:0.45363264135356307
C_KINGSAFETY:0.49321903493948505
C_PAWNSTRUCTURE:0.4833324519398387
C_PIECECOORDINATION:0.5164665624456695
C_ROOKANDPAWNMOVEMENT:0.5164665624456695
C_CENTERCONTROL:0.49853770871594594
C_DEVELOPPIECES:0.5429902348717401
C_MATERIAL:0.4673290993867075
