ELO:1078
CE_PASSEDPAWNS:0.6424035900613192
CE_PAWNWEAKNESSES:0.4846621610877924
CE_PIECEACTIVITY:0.4872329092604055
CE_KINGPAWNSHIELD:0.3876309567739671
CE_PIECECOORDINATION:0.5378380142373523
CE_MATERIAL:0.4025689241552795
CE_KINGSAFETY:0.4773325654498701
C_PIECESQUARETABLES:0.5
C_MOBILITY:0.45030783122660095
C_KINGSAFETY:0.5068869598271988
C_PAWNSTRUCTURE:0.4123802952918619
C_PIECECOORDINATION:0.48101003867587605
C_ROOKANDPAWNMOVEMENT:0.48101003867587605
C_CENTERCONTROL:0.5209388322568259
C_DEVELOPPIECES:0.49663796728599574
C_MATERIAL:0.4058227725617484
