ELO:984
CE_PASSEDPAWNS:0.5360297477900052
CE_PAWNWEAKNESSES:0.5115491743357499
CE_PIECEACTIVITY:0.5436077062844077
CE_KINGPAWNSHIELD:0.49104116722873226
CE_PIECECOORDINATION:0.5100874290398348
CE_MATERIAL:0.5510767102751711
CE_KINGSAFETY:0.4926113674959178
C_PIECESQUARETABLES:0.49535613985746224
C_MOBILITY:0.45241946304183334
C_KINGSAFETY:0.5037812801480901
C_PAWNSTRUCTURE:0.4589228535982514
C_PIECECOORDINATION:0.5122825323221154
C_ROOKANDPAWNMOVEMENT:0.5122825323221154
C_CENTERCONTROL:0.5032278566276756
C_DEVELOPPIECES:0.5506758827936715
C_MATERIAL:0.492649792683144
