ELO:1123
CE_PASSEDPAWNS:0.43708844973804234
CE_PAWNWEAKNESSES:0.4595802216704261
CE_PIECEACTIVITY:0.483205347589334
CE_KINGPAWNSHIELD:0.6208131797722044
CE_PIECECOORDINATION:0.4727703890077164
CE_MATERIAL:0.3742289583787709
CE_KINGSAFETY:0.5048450077717334
C_PIECESQUARETABLES:0.5079205399080977
C_MOBILITY:0.5406335117864806
C_KINGSAFETY:0.6009543595079152
C_PAWNSTRUCTURE:0.4399367689409609
C_PIECECOORDINATION:0.36062421724656424
C_ROOKANDPAWNMOVEMENT:0.36062421724656424
C_CENTERCONTROL:0.4971758326519334
C_DEVELOPPIECES:0.586295695497469
C_MATERIAL:0.40317100364090824
