ELO:939
CE_PASSEDPAWNS:0.5075600716703044
CE_PAWNWEAKNESSES:0.5321592719076478
CE_PIECEACTIVITY:0.5338644983529479
CE_KINGPAWNSHIELD:0.5840397404635111
CE_PIECECOORDINATION:0.4881674892221775
CE_MATERIAL:0.48964222438237104
CE_KINGSAFETY:0.4606015978923001
C_PIECESQUARETABLES:0.4578897802682555
C_MOBILITY:0.4793153124235206
C_KINGSAFETY:0.47819259201881426
C_PAWNSTRUCTURE:0.5209838326837292
C_PIECECOORDINATION:0.5102837352905331
C_ROOKANDPAWNMOVEMENT:0.5102837352905331
C_CENTERCONTROL:0.5555068102448044
C_DEVELOPPIECES:0.4929536290198138
C_MATERIAL:0.49659089841840864
C_MOVECOUNT:0.5286464291015036
