ELO:996
CE_PASSEDPAWNS:0.5
CE_PAWNWEAKNESSES:0.5053483548265357
CE_PIECEACTIVITY:0.536126537828116
CE_KINGPAWNSHIELD:0.49807651971733835
CE_PIECECOORDINATION:0.4916788822004804
CE_MATERIAL:0.488559468207438
CE_KINGSAFETY:0.49688378992965027
C_PIECESQUARETABLES:0.49463369328056855
C_MOBILITY:0.5021941160797283
C_KINGSAFETY:0.5216170198228596
C_PAWNSTRUCTURE:0.5174016282924144
C_PIECECOORDINATION:0.5105861516439676
C_ROOK:0.4899130177073807
CE_ROOK:0.502713721417586
C_CENTERCONTROL:0.5125522377303235
C_DEVELOPPIECES:0.4822480739987355
C_MATERIAL:0.5054126570540478
C_MOVECOUNT:0.49485885017409076
C_PAWNMOVEMENT:0.5029970259935058
