ELO:1000
CE_PASSEDPAWNS:0.5080230077835638
CE_PAWNWEAKNESSES:0.5068084860534711
CE_PIECEACTIVITY:0.500507372732371
CE_KINGPAWNSHIELD:0.515320872706931
CE_PIECECOORDINATION:0.4768201083981317
CE_MATERIAL:0.4975744361219591
CE_KINGSAFETY:0.4926842626580551
C_PIECESQUARETABLES:0.5191910907290415
C_MOBILITY:0.5117902881745137
C_KINGSAFETY:0.4914014025312803
C_PAWNSTRUCTURE:0.5106516942849222
C_PIECECOORDINATION:0.49445221021462166
C_ROOKANDPAWNMOVEMENT:0.49445221021462166
C_CENTERCONTROL:0.5144169899875665
C_DEVELOPPIECES:0.5029009808122907
C_MATERIAL:0.4982579566607285
