ELO:1000
CE_PASSEDPAWNS:0.511255279023576
CE_PAWNWEAKNESSES:0.4959420871032022
CE_PIECEACTIVITY:0.5
CE_KINGPAWNSHIELD:0.5
CE_PIECECOORDINATION:0.4902245214260325
CE_MATERIAL:0.5
CE_KINGSAFETY:0.4975683935543489
C_PIECESQUARETABLES:0.5082696934681024
C_MOBILITY:0.5002133479274281
C_KINGSAFETY:0.5075620466618895
C_PAWNSTRUCTURE:0.5
C_PIECECOORDINATION:0.5010709218136221
C_ROOK:0.5143233086405861
CE_ROOK:0.5012298198995943
C_CENTERCONTROL:0.4946650759646272
C_DEVELOPPIECES:0.49229356070057884
C_MATERIAL:0.5
C_MOVECOUNT:0.5
C_PAWNMOVEMENT:0.5
