ELO:1000
CE_PASSEDPAWNS:0.5110279907302011
CE_PAWNWEAKNESSES:0.5193940725721661
CE_PIECEACTIVITY:0.49718550454262483
CE_KINGPAWNSHIELD:0.5283339281372846
CE_PIECECOORDINATION:0.45503073232575614
CE_MATERIAL:0.4887555944837584
CE_KINGSAFETY:0.4912833417551846
C_PIECESQUARETABLES:0.5259375879221944
C_MOBILITY:0.5227286233220829
C_KINGSAFETY:0.47476222239617766
C_PAWNSTRUCTURE:0.49783911076850285
C_PIECECOORDINATION:0.4932554594084843
C_ROOKANDPAWNMOVEMENT:0.4932554594084843
C_CENTERCONTROL:0.5048216929356296
C_DEVELOPPIECES:0.510597805127153
C_MATERIAL:0.47767229355826674
