ELO:972
CE_PASSEDPAWNS:0.4877276300063776
CE_PAWNWEAKNESSES:0.5061095337882043
CE_PIECEACTIVITY:0.48273259309025285
CE_KINGPAWNSHIELD:0.5115848461008371
CE_PIECECOORDINATION:0.5056054355609019
CE_MATERIAL:0.47437409593564955
CE_KINGSAFETY:0.4739276361600946
C_PIECESQUARETABLES:0.522535691308732
C_MOBILITY:0.5161724907866037
C_KINGSAFETY:0.5027502951913341
C_PAWNSTRUCTURE:0.5
C_PIECECOORDINATION:0.4975000885210375
C_ROOKANDPAWNMOVEMENT:0.4975000885210375
C_CENTERCONTROL:0.4982393237573468
C_DEVELOPPIECES:0.50445529908993
C_MATERIAL:0.4744015234024039
C_MOVECOUNT:0.5
