ELO:987
CE_PASSEDPAWNS:0.5121367410192696
CE_PAWNWEAKNESSES:0.5
CE_PIECEACTIVITY:0.48817728226053875
CE_KINGPAWNSHIELD:0.49603390255767715
CE_PIECECOORDINATION:0.5081789482896383
CE_MATERIAL:0.48203210691339576
CE_KINGSAFETY:0.4898492427420004
C_PIECESQUARETABLES:0.49153863030144085
C_MOBILITY:0.4840394344248542
C_KINGSAFETY:0.4975902711198732
C_PAWNSTRUCTURE:0.4947961956743477
C_PIECECOORDINATION:0.502225599310901
C_ROOK:0.4942269602019977
CE_ROOK:0.48364691090086137
C_CENTERCONTROL:0.4845516864387066
C_DEVELOPPIECES:0.4869131322863772
C_MATERIAL:0.4851988240245493
C_MOVECOUNT:0.5
C_PAWNMOVEMENT:0.48642072163419664
