ELO:975
CE_PASSEDPAWNS:0.5224724636887904
CE_PAWNWEAKNESSES:0.5188018444656971
CE_PIECEACTIVITY:0.44020916986844805
CE_KINGPAWNSHIELD:0.45267605477124007
CE_PIECECOORDINATION:0.514969266010898
CE_MATERIAL:0.48847172354786056
CE_KINGSAFETY:0.5080294267947394
C_PIECESQUARETABLES:0.47840141110868806
C_MOBILITY:0.5337351655217959
C_KINGSAFETY:0.4530068970408242
C_PAWNSTRUCTURE:0.4504292965674282
C_PIECECOORDINATION:0.5649761565740815
C_ROOKANDPAWNMOVEMENT:0.5649761565740815
C_CENTERCONTROL:0.5282793869859481
C_DEVELOPPIECES:0.521810806355703
C_MATERIAL:0.4330668788123285
