ELO:944
CE_PASSEDPAWNS:0.4782291147991367
CE_PAWNWEAKNESSES:0.49389537720903315
CE_PIECEACTIVITY:0.4771610489500099
CE_KINGPAWNSHIELD:0.5073231397249471
CE_PIECECOORDINATION:0.5101732497199172
CE_MATERIAL:0.48194645099124295
CE_KINGSAFETY:0.5
C_PIECESQUARETABLES:0.5
C_MOBILITY:0.49119678930417643
C_KINGSAFETY:0.5083141423138104
C_PAWNSTRUCTURE:0.4743683928633827
C_PIECECOORDINATION:0.5283751060574513
C_ROOKANDPAWNMOVEMENT:0.5283751060574513
C_CENTERCONTROL:0.5036421971975245
C_DEVELOPPIECES:0.4995128177061027
C_MATERIAL:0.45970110832496885
C_MOVECOUNT:0.5004726143369095
