ELO:951
CE_PASSEDPAWNS:0.4665603419204261
CE_PAWNWEAKNESSES:0.4841019335036734
CE_PIECEACTIVITY:0.5071227705011501
CE_KINGPAWNSHIELD:0.5376770276354744
CE_PIECECOORDINATION:0.4451569454320706
CE_MATERIAL:0.5017496507308069
CE_KINGSAFETY:0.4978795230135204
C_PIECESQUARETABLES:0.48891726794921964
C_MOBILITY:0.41731986324737014
C_KINGSAFETY:0.5264040177766949
C_PAWNSTRUCTURE:0.5892482301705368
C_PIECECOORDINATION:0.5248632601526271
C_ROOKANDPAWNMOVEMENT:0.5248632601526271
C_CENTERCONTROL:0.4282177614094584
C_DEVELOPPIECES:0.49515939939185455
C_MATERIAL:0.5593908096972762
