ELO:920
CE_PASSEDPAWNS:0.4362243046977724
CE_PAWNWEAKNESSES:0.4823011418188408
CE_PIECEACTIVITY:0.4666460407686018
CE_KINGPAWNSHIELD:0.5175790481096019
CE_PIECECOORDINATION:0.5143801711140835
CE_MATERIAL:0.49126243029839556
CE_KINGSAFETY:0.5252938959775877
C_PIECESQUARETABLES:0.524765611949157
C_MOBILITY:0.5027646285350345
C_KINGSAFETY:0.5077860543173602
C_PAWNSTRUCTURE:0.5438590374849696
C_PIECECOORDINATION:0.4715191335672816
C_ROOKANDPAWNMOVEMENT:0.4715191335672816
C_CENTERCONTROL:0.4956734483538166
C_DEVELOPPIECES:0.4988989667616884
C_MATERIAL:0.48707479999450204
C_MOVECOUNT:0.4855832933588598
