ELO:1006
CE_PASSEDPAWNS:0.516347831881872
CE_PAWNWEAKNESSES:0.46129675913143625
CE_PIECEACTIVITY:0.4951980415304216
CE_KINGPAWNSHIELD:0.5442262193853323
CE_PIECECOORDINATION:0.4427807682644724
CE_MATERIAL:0.49745470672607056
CE_KINGSAFETY:0.5115058724401467
C_PIECESQUARETABLES:0.43758388819599753
C_MOBILITY:0.5575766238371862
C_KINGSAFETY:0.4681924415540049
C_PAWNSTRUCTURE:0.5321643422912449
C_PIECECOORDINATION:0.37070432260576935
C_ROOKANDPAWNMOVEMENT:0.37070432260576935
C_CENTERCONTROL:0.47796594177151935
C_DEVELOPPIECES:0.46374660579623955
C_MATERIAL:0.4661972897005916
