ELO:948
CE_PASSEDPAWNS:0.5080018527904846
CE_PAWNWEAKNESSES:0.4388569646060121
CE_PIECEACTIVITY:0.429219982595755
CE_KINGPAWNSHIELD:0.509083367235355
CE_PIECECOORDINATION:0.5286627673620415
CE_MATERIAL:0.5104283276002806
CE_KINGSAFETY:0.5
C_PIECESQUARETABLES:0.5027397683436663
C_MOBILITY:0.5287359453668031
C_KINGSAFETY:0.5386215359103034
C_PAWNSTRUCTURE:0.5106067879196242
C_PIECECOORDINATION:0.539165674795941
C_ROOK:0.46246065523306873
CE_ROOK:0.489756722974106
C_CENTERCONTROL:0.48961360716016933
C_DEVELOPPIECES:0.4734844517197579
C_MATERIAL:0.4800142123270805
C_MOVECOUNT:0.574753250311966
C_PAWNMOVEMENT:0.5194704816714659
