ELO:914
CE_PASSEDPAWNS:0.43309932828900943
CE_PAWNWEAKNESSES:0.4941459771822848
CE_PIECEACTIVITY:0.41903521912128067
CE_KINGPAWNSHIELD:0.5433978718586825
CE_PIECECOORDINATION:0.49733353217067244
CE_MATERIAL:0.5137948163756666
CE_KINGSAFETY:0.52831873920067
C_PIECESQUARETABLES:0.5388498084434883
C_MOBILITY:0.5014511141736572
C_KINGSAFETY:0.5159621184285532
C_PAWNSTRUCTURE:0.4862729543002328
C_PIECECOORDINATION:0.45752990729863624
C_ROOKANDPAWNMOVEMENT:0.45752990729863624
C_CENTERCONTROL:0.48825725968271894
C_DEVELOPPIECES:0.5495768633949544
C_MATERIAL:0.5005785270528339
C_MOVECOUNT:0.4888845079782343
