ELO:900
CE_PASSEDPAWNS:0.5129675678121158
CE_PAWNWEAKNESSES:0.4654538396042044
CE_PIECEACTIVITY:0.48523469006994885
CE_KINGPAWNSHIELD:0.48071108460877987
CE_PIECECOORDINATION:0.43686384018568264
CE_MATERIAL:0.5344878324412915
CE_KINGSAFETY:0.49841455182689665
C_PIECESQUARETABLES:0.5334043548565002
C_MOBILITY:0.4627403932418152
C_KINGSAFETY:0.5249027528122127
C_PAWNSTRUCTURE:0.5665075642308123
C_PIECECOORDINATION:0.4861426005114149
C_ROOKANDPAWNMOVEMENT:0.4861426005114149
C_CENTERCONTROL:0.4203711222663863
C_DEVELOPPIECES:0.49154686707364453
C_MATERIAL:0.5349903970268586
