ELO:922
CE_PASSEDPAWNS:0.5078436220318644
CE_PAWNWEAKNESSES:0.4706410669198688
CE_PIECEACTIVITY:0.44539290714322394
CE_KINGPAWNSHIELD:0.5016273660305295
CE_PIECECOORDINATION:0.5069287085328509
CE_MATERIAL:0.5133999363306414
CE_KINGSAFETY:0.4989400132927374
C_PIECESQUARETABLES:0.49307596166441303
C_MOBILITY:0.5192775789884735
C_KINGSAFETY:0.538175370194202
C_PAWNSTRUCTURE:0.5067784715676799
C_PIECECOORDINATION:0.5065259540902981
C_ROOK:0.4629103815178135
CE_ROOK:0.4703462064089107
C_CENTERCONTROL:0.5065306218254993
C_DEVELOPPIECES:0.4942786917676631
C_MATERIAL:0.4893351132959692
C_MOVECOUNT:0.5587660148846598
C_PAWNMOVEMENT:0.5293927250688768
