ELO:958
CE_PASSEDPAWNS:0.46576122679587584
CE_PAWNWEAKNESSES:0.5016547296964805
CE_PIECEACTIVITY:0.5054451954567438
CE_KINGPAWNSHIELD:0.5405804929804818
CE_PIECECOORDINATION:0.4504614588266447
CE_MATERIAL:0.4917275339117148
CE_KINGSAFETY:0.4898256332584335
C_PIECESQUARETABLES:0.49775870588455934
C_MOBILITY:0.4206298897007802
C_KINGSAFETY:0.5379178638026187
C_PAWNSTRUCTURE:0.5859675132175926
C_PIECECOORDINATION:0.5145683816637822
C_ROOKANDPAWNMOVEMENT:0.5145683816637822
C_CENTERCONTROL:0.4203126672766732
C_DEVELOPPIECES:0.5049502918507007
C_MATERIAL:0.5729730195198871
