ELO:999
CE_PASSEDPAWNS:0.3987732837066021
CE_PAWNWEAKNESSES:0.4589312859242562
CE_PIECEACTIVITY:0.4556346830560135
CE_KINGPAWNSHIELD:0.5884104576782592
CE_PIECECOORDINATION:0.5278332324878258
CE_MATERIAL:0.44673146342860925
CE_KINGSAFETY:0.5233227858340098
C_PIECESQUARETABLES:0.4935912015321927
C_MOBILITY:0.5240195598786317
C_KINGSAFETY:0.3904299493940944
C_PAWNSTRUCTURE:0.5086236605121504
C_PIECECOORDINATION:0.37052540279443436
C_ROOKANDPAWNMOVEMENT:0.37052540279443436
C_CENTERCONTROL:0.45631018999715217
C_DEVELOPPIECES:0.361728206453242
C_MATERIAL:0.5709113104331699
