ELO:782
CE_PASSEDPAWNS:0.5740405241900869
CE_PAWNWEAKNESSES:0.4129980173214182
CE_PIECEACTIVITY:0.5593048637845414
CE_KINGPAWNSHIELD:0.5293313165273643
CE_PIECECOORDINATION:0.5326179578073861
CE_MATERIAL:0.485444487648182
CE_KINGSAFETY:0.5181065556323788
C_PIECESQUARETABLES:0.4905612411720323
C_MOBILITY:0.5432103251091104
C_KINGSAFETY:0.5741672795427535
C_PAWNSTRUCTURE:0.48197846495469
C_PIECECOORDINATION:0.5399303918648742
C_ROOKANDPAWNMOVEMENT:0.5399303918648742
C_CENTERCONTROL:0.39698505172053034
C_DEVELOPPIECES:0.4798656518911679
C_MATERIAL:0.5173855568411803
