ELO:802
CE_PASSEDPAWNS:0.45255051049726347
CE_PAWNWEAKNESSES:0.530885895298221
CE_PIECEACTIVITY:0.41545025042448774
CE_KINGPAWNSHIELD:0.4044557079393993
CE_PIECECOORDINATION:0.4890263146826969
CE_MATERIAL:0.47539909059970903
CE_KINGSAFETY:0.499028270840877
C_PIECESQUARETABLES:0.49931113888989825
C_MOBILITY:0.47938200745788007
C_KINGSAFETY:0.4942176311550248
C_PAWNSTRUCTURE:0.4768498379721589
C_PIECECOORDINATION:0.5698852393821803
C_ROOKANDPAWNMOVEMENT:0.5698852393821803
C_CENTERCONTROL:0.45069792421177135
C_DEVELOPPIECES:0.654459307951336
C_MATERIAL:0.5157526245467071
C_MOVECOUNT:0.4913773824099648
