ELO:1000
CE_PASSEDPAWNS:0.5166132571801033
CE_PAWNWEAKNESSES:0.4527296061180446
CE_PIECEACTIVITY:0.5474164123903703
CE_KINGPAWNSHIELD:0.5138418012678038
CE_PIECECOORDINATION:0.49845368974630866
CE_MATERIAL:0.5584799524923558
CE_KINGSAFETY:0.492968082476178
C_PIECESQUARETABLES:0.5132447939544673
C_MOBILITY:0.6060319255888974
C_KINGSAFETY:0.49567780406793804
C_PAWNSTRUCTURE:0.5308992397004507
C_PIECECOORDINATION:0.4410044052176488
C_ROOKANDPAWNMOVEMENT:0.4410044052176488
C_CENTERCONTROL:0.5040082583010954
C_DEVELOPPIECES:0.4852915361386006
C_MATERIAL:0.5050060155191208
