ELO:917
CE_PASSEDPAWNS:0.5052691122664317
CE_PAWNWEAKNESSES:0.47118695124564847
CE_PIECEACTIVITY:0.4596610565680442
CE_KINGPAWNSHIELD:0.488037861425163
CE_PIECECOORDINATION:0.5065174793861378
CE_MATERIAL:0.5092218685477888
CE_KINGSAFETY:0.49508854026578003
C_PIECESQUARETABLES:0.4861249586245746
C_MOBILITY:0.5192360476386985
C_KINGSAFETY:0.5415166888390053
C_PAWNSTRUCTURE:0.5056355151651327
C_PIECECOORDINATION:0.4891998533726288
C_ROOK:0.47747068213923555
CE_ROOK:0.483617500782978
C_CENTERCONTROL:0.4910284219324374
C_DEVELOPPIECES:0.5264217497693099
C_MATERIAL:0.4967547243528714
C_MOVECOUNT:0.5484166096029116
C_PAWNMOVEMENT:0.5125393126964469
