ELO:1000
CE_PASSEDPAWNS:0.4981350425765481
CE_PAWNWEAKNESSES:0.4995031214908727
CE_PIECEACTIVITY:0.5106416274560992
CE_KINGPAWNSHIELD:0.49861123932964235
CE_PIECECOORDINATION:0.5218795856988858
CE_MATERIAL:0.5028498704040527
CE_KINGSAFETY:0.5
C_PIECESQUARETABLES:0.5
C_MOBILITY:0.5
C_KINGSAFETY:0.5142339469559267
C_PAWNSTRUCTURE:0.5061825760920239
C_PIECECOORDINATION:0.5028764685389334
C_ROOKANDPAWNMOVEMENT:0.5028764685389334
C_CENTERCONTROL:0.47962721092035876
C_DEVELOPPIECES:0.4979063179264674
C_MATERIAL:0.4732409768886831
C_MOVECOUNT:0.5034418364855369
