ELO:991
CE_PASSEDPAWNS:0.5529668375723824
CE_PAWNWEAKNESSES:0.4631550380739519
CE_PIECEACTIVITY:0.5283100005987322
CE_KINGPAWNSHIELD:0.5612474580254401
CE_PIECECOORDINATION:0.4846973356516632
CE_MATERIAL:0.4694181679613265
CE_KINGSAFETY:0.5
C_PIECESQUARETABLES:0.49657100210073446
C_MOBILITY:0.5836313903895851
C_KINGSAFETY:0.5261589518893803
C_PAWNSTRUCTURE:0.44867043150588604
C_PIECECOORDINATION:0.49408414500368575
C_ROOKANDPAWNMOVEMENT:0.49408414500368575
C_CENTERCONTROL:0.42249109052902467
C_DEVELOPPIECES:0.4297002400872821
C_MATERIAL:0.6235069011494492
