ELO:807
CE_PASSEDPAWNS:0.5243969141009777
CE_PAWNWEAKNESSES:0.5284619369851612
CE_PIECEACTIVITY:0.4884064238319155
CE_KINGPAWNSHIELD:0.4508794270030629
CE_PIECECOORDINATION:0.4690429632838589
CE_MATERIAL:0.5622562383528841
CE_KINGSAFETY:0.5241472558419215
C_PIECESQUARETABLES:0.5219443062218655
C_MOBILITY:0.4843266584803063
C_KINGSAFETY:0.5062389037767857
C_PAWNSTRUCTURE:0.5223094665832059
C_PIECECOORDINATION:0.39976837619072075
C_ROOKANDPAWNMOVEMENT:0.39976837619072075
C_CENTERCONTROL:0.5419048313977596
C_DEVELOPPIECES:0.5006531411520107
C_MATERIAL:0.4291897891577558
C_MOVECOUNT:0.5
