ELO:949
CE_PASSEDPAWNS:0.4676045264876161
CE_PAWNWEAKNESSES:0.4971240061306525
CE_PIECEACTIVITY:0.5033287550910335
CE_KINGPAWNSHIELD:0.5351957874406541
CE_PIECECOORDINATION:0.4451569454320706
CE_MATERIAL:0.502314950800217
CE_KINGSAFETY:0.501170011991867
C_PIECESQUARETABLES:0.5042151773343307
C_MOBILITY:0.43946013568061604
C_KINGSAFETY:0.5300681832237573
C_PAWNSTRUCTURE:0.5892482301705368
C_PIECECOORDINATION:0.5247829011827992
C_ROOKANDPAWNMOVEMENT:0.5247829011827992
C_CENTERCONTROL:0.4282177614094584
C_DEVELOPPIECES:0.506107053211003
C_MATERIAL:0.55510673859687
