ELO:987
CE_PASSEDPAWNS:0.39418060057955756
CE_PAWNWEAKNESSES:0.47546170504179563
CE_PIECEACTIVITY:0.4626220956675046
CE_KINGPAWNSHIELD:0.5769428049341919
CE_PIECECOORDINATION:0.5116914162224653
CE_MATERIAL:0.4623633959750744
CE_KINGSAFETY:0.5080981598002716
C_PIECESQUARETABLES:0.5063158002207712
C_MOBILITY:0.5287172610363728
C_KINGSAFETY:0.4148256234831396
C_PAWNSTRUCTURE:0.5376567646657026
C_PIECECOORDINATION:0.3744406559938448
C_ROOKANDPAWNMOVEMENT:0.3744406559938448
C_CENTERCONTROL:0.4456565713219815
C_DEVELOPPIECES:0.36433302358433456
C_MATERIAL:0.5969345401620436
