ELO:919
CE_PASSEDPAWNS:0.5023893266701538
CE_PAWNWEAKNESSES:0.4949349480737428
CE_PIECEACTIVITY:0.48861054425320394
CE_KINGPAWNSHIELD:0.5085721758782933
CE_PIECECOORDINATION:0.42321030772296236
CE_MATERIAL:0.5089279636787367
CE_KINGSAFETY:0.5234681560511008
C_PIECESQUARETABLES:0.5144831512764231
C_MOBILITY:0.3996344319360856
C_KINGSAFETY:0.5149288928538279
C_PAWNSTRUCTURE:0.5634116918556895
C_PIECECOORDINATION:0.5048842913883423
C_ROOKANDPAWNMOVEMENT:0.5048842913883423
C_CENTERCONTROL:0.39824538946344484
C_DEVELOPPIECES:0.49792732373759585
C_MATERIAL:0.5296788483942183
