ELO:1000
CE_PASSEDPAWNS:0.48919648439880575
CE_PAWNWEAKNESSES:0.4669887024022518
CE_PIECEACTIVITY:0.5428496820312544
CE_KINGPAWNSHIELD:0.5056112908072515
CE_PIECECOORDINATION:0.49481562989111705
CE_MATERIAL:0.5524199740743169
CE_KINGSAFETY:0.5232648002433906
C_PIECESQUARETABLES:0.5262743644645165
C_MOBILITY:0.5645936580856661
C_KINGSAFETY:0.5217531345699681
C_PAWNSTRUCTURE:0.5084980745577181
C_PIECECOORDINATION:0.4592707000608619
C_ROOKANDPAWNMOVEMENT:0.4592707000608619
C_CENTERCONTROL:0.5118238841485728
C_DEVELOPPIECES:0.4739735807098032
C_MATERIAL:0.5080644741462725
