ELO:917
CE_PASSEDPAWNS:0.5026172182309548
CE_PAWNWEAKNESSES:0.4706410669198688
CE_PIECEACTIVITY:0.4546197560096271
CE_KINGPAWNSHIELD:0.4893510103274535
CE_PIECECOORDINATION:0.5127768136224556
CE_MATERIAL:0.505370631872656
CE_KINGSAFETY:0.5
C_PIECESQUARETABLES:0.5
C_MOBILITY:0.5149045280315505
C_KINGSAFETY:0.538175370194202
C_PAWNSTRUCTURE:0.5067784715676799
C_PIECECOORDINATION:0.5008639196255347
C_ROOK:0.4806327542072482
CE_ROOK:0.473686793408538
C_CENTERCONTROL:0.5022021927354705
C_DEVELOPPIECES:0.5214296406155935
C_MATERIAL:0.48673916236013937
C_MOVECOUNT:0.5536352814996789
C_PAWNMOVEMENT:0.5126639359656431
