ELO:971
CE_PASSEDPAWNS:0.5051202464090077
CE_PAWNWEAKNESSES:0.43356589077689267
CE_PIECEACTIVITY:0.4327985871987998
CE_KINGPAWNSHIELD:0.509083367235355
CE_PIECECOORDINATION:0.5386221401816086
CE_MATERIAL:0.5104283276002806
CE_KINGSAFETY:0.5
C_PIECESQUARETABLES:0.5
C_MOBILITY:0.5321490208161852
C_KINGSAFETY:0.5386215359103034
C_PAWNSTRUCTURE:0.5203183461126947
C_PIECECOORDINATION:0.5388420617207017
C_ROOK:0.449277549904446
CE_ROOK:0.4833014883714807
C_CENTERCONTROL:0.4819172275026692
C_DEVELOPPIECES:0.4634100428116912
C_MATERIAL:0.45875343361461324
C_MOVECOUNT:0.574753250311966
C_PAWNMOVEMENT:0.5194704816714659
