ELO:1023
CE_PASSEDPAWNS:0.5295327005102906
CE_PAWNWEAKNESSES:0.45170566955866565
CE_PIECEACTIVITY:0.5369391277859886
CE_KINGPAWNSHIELD:0.49842259669984357
CE_PIECECOORDINATION:0.5126599967205184
CE_MATERIAL:0.533970159418988
CE_KINGSAFETY:0.490336459511309
C_PIECESQUARETABLES:0.5235285736839568
C_MOBILITY:0.6076327737009805
C_KINGSAFETY:0.49139413597642495
C_PAWNSTRUCTURE:0.537626335320871
C_PIECECOORDINATION:0.3967729175687921
C_ROOKANDPAWNMOVEMENT:0.3967729175687921
C_CENTERCONTROL:0.5091521196384065
C_DEVELOPPIECES:0.4567979229497106
C_MATERIAL:0.49195635829475637
