ELO:785
CE_PASSEDPAWNS:0.5196751375583541
CE_PAWNWEAKNESSES:0.5100191299020462
CE_PIECEACTIVITY:0.46918623324794234
CE_KINGPAWNSHIELD:0.43846013960023855
CE_PIECECOORDINATION:0.43884495643938076
CE_MATERIAL:0.5870373545660461
CE_KINGSAFETY:0.5209659790458285
C_PIECESQUARETABLES:0.518888952671413
C_MOBILITY:0.5126582337754259
C_KINGSAFETY:0.5045463772292762
C_PAWNSTRUCTURE:0.5166394666421559
C_PIECECOORDINATION:0.38227220333045514
C_ROOKANDPAWNMOVEMENT:0.38227220333045514
C_CENTERCONTROL:0.5630298223927938
C_DEVELOPPIECES:0.49627155102166315
C_MATERIAL:0.4049635436347835
C_MOVECOUNT:0.5
