ELO:918
CE_PASSEDPAWNS:0.5058898668628947
CE_PAWNWEAKNESSES:0.4706410669198688
CE_PIECEACTIVITY:0.45317988879629034
CE_KINGPAWNSHIELD:0.5016273660305295
CE_PIECECOORDINATION:0.5069287085328509
CE_MATERIAL:0.5015864174555104
CE_KINGSAFETY:0.4989400132927374
C_PIECESQUARETABLES:0.48139464491614525
C_MOBILITY:0.5286139938500384
C_KINGSAFETY:0.54502838717374
C_PAWNSTRUCTURE:0.5076566805109748
C_PIECECOORDINATION:0.5162044294177591
C_ROOK:0.4629103815178135
CE_ROOK:0.4739612811770015
C_CENTERCONTROL:0.5143826236517037
C_DEVELOPPIECES:0.4974920836499826
C_MATERIAL:0.48361224482606846
C_MOVECOUNT:0.5587660148846598
C_PAWNMOVEMENT:0.5290146035187325
