ELO:1001
CE_PASSEDPAWNS:0.5065566009868718
CE_PAWNWEAKNESSES:0.5395052303700534
CE_PIECEACTIVITY:0.5182632702665423
CE_KINGPAWNSHIELD:0.4930162514638377
CE_PIECECOORDINATION:0.5
CE_MATERIAL:0.5016055182069986
CE_KINGSAFETY:0.501646051559761
C_PIECESQUARETABLES:0.5
C_MOBILITY:0.4930474897631401
C_KINGSAFETY:0.48621549957893617
C_PAWNSTRUCTURE:0.5
C_PIECECOORDINATION:0.5095854167215581
C_ROOKANDPAWNMOVEMENT:0.5095854167215581
C_CENTERCONTROL:0.5012975700933522
C_DEVELOPPIECES:0.5077835446029438
C_MATERIAL:0.5055741794890074
C_MOVECOUNT:0.5015277249003964
