ELO:1000
CE_PASSEDPAWNS:0.4962911869087516
CE_PAWNWEAKNESSES:0.5
CE_PIECEACTIVITY:0.5
CE_KINGPAWNSHIELD:0.5059282934375067
CE_PIECECOORDINATION:0.5118899588125145
CE_MATERIAL:0.5
CE_KINGSAFETY:0.5
C_PIECESQUARETABLES:0.5
C_MOBILITY:0.5
C_KINGSAFETY:0.49894879543182313
C_PAWNSTRUCTURE:0.5
C_PIECECOORDINATION:0.5
C_ROOKANDPAWNMOVEMENT:0.5
C_CENTERCONTROL:0.5
C_DEVELOPPIECES:0.5009413298759918
C_MATERIAL:0.5087391530414104
C_MOVECOUNT:0.5
