ELO:970
CE_PASSEDPAWNS:0.4634390270620086
CE_PAWNWEAKNESSES:0.494977034019015
CE_PIECEACTIVITY:0.5133774243467206
CE_KINGPAWNSHIELD:0.5117986043572458
CE_PIECECOORDINATION:0.461714542548782
CE_MATERIAL:0.4622786518488991
CE_KINGSAFETY:0.48737210101476386
C_PIECESQUARETABLES:0.4901102622119615
C_MOBILITY:0.4421171794209689
C_KINGSAFETY:0.5190104293848719
C_PAWNSTRUCTURE:0.5717764772029359
C_PIECECOORDINATION:0.47057077326836483
C_ROOKANDPAWNMOVEMENT:0.47057077326836483
C_CENTERCONTROL:0.39633282990904933
C_DEVELOPPIECES:0.5084755304072186
C_MATERIAL:0.49889989480860025
