ELO:933
CE_PASSEDPAWNS:0.48294211810899845
CE_PAWNWEAKNESSES:0.4986162194126421
CE_PIECEACTIVITY:0.494641126742233
CE_KINGPAWNSHIELD:0.5326307746116834
CE_PIECECOORDINATION:0.4617827520348528
CE_MATERIAL:0.4850055700289992
CE_KINGSAFETY:0.5103065741765477
C_PIECESQUARETABLES:0.5003089198716266
C_MOBILITY:0.41698046156689883
C_KINGSAFETY:0.5176094104859876
C_PAWNSTRUCTURE:0.5923405277051162
C_PIECECOORDINATION:0.5116792107915294
C_ROOKANDPAWNMOVEMENT:0.5116792107915294
C_CENTERCONTROL:0.4030459861247705
C_DEVELOPPIECES:0.5006104715376254
C_MATERIAL:0.560790122724674
