ELO:1059
CE_PASSEDPAWNS:0.5123521526191792
CE_PAWNWEAKNESSES:0.49942487397334195
CE_PIECEACTIVITY:0.4975003602093718
CE_KINGPAWNSHIELD:0.49034908376364683
CE_PIECECOORDINATION:0.48788032493758643
CE_MATERIAL:0.519385051143042
CE_KINGSAFETY:0.5049798441438035
C_PIECESQUARETABLES:0.5
C_MOBILITY:0.5
C_KINGSAFETY:0.488610728329067
C_PAWNSTRUCTURE:0.4883440052180401
C_PIECECOORDINATION:0.5
C_ROOKANDPAWNMOVEMENT:0.5
C_CENTERCONTROL:0.5240943648486506
C_DEVELOPPIECES:0.5115810308299086
C_MATERIAL:0.5192049265940221
