ELO:856
CE_PASSEDPAWNS:0.4196434480706119
CE_PAWNWEAKNESSES:0.49369571090992265
CE_PIECEACTIVITY:0.4406535313980788
CE_KINGPAWNSHIELD:0.5221809989701357
CE_PIECECOORDINATION:0.4746446259614503
CE_MATERIAL:0.4996169412016415
CE_KINGSAFETY:0.5224246260021413
C_PIECESQUARETABLES:0.5489764713873432
C_MOBILITY:0.5331134867895371
C_KINGSAFETY:0.5202594915416476
C_PAWNSTRUCTURE:0.47819196292452015
C_PIECECOORDINATION:0.4533669830390553
C_ROOKANDPAWNMOVEMENT:0.4533669830390553
C_CENTERCONTROL:0.524657269932465
C_DEVELOPPIECES:0.5273854554585281
C_MATERIAL:0.5137503987900623
C_MOVECOUNT:0.5119833786178021
