ELO:970
CE_PASSEDPAWNS:0.5215236749148132
CE_PAWNWEAKNESSES:0.4449176979510626
CE_PIECEACTIVITY:0.5125279226261237
CE_KINGPAWNSHIELD:0.5099720694209421
CE_PIECECOORDINATION:0.504667305393143
CE_MATERIAL:0.5631949839602789
CE_KINGSAFETY:0.5230605159780171
C_PIECESQUARETABLES:0.47728416423752446
C_MOBILITY:0.5246029521044926
C_KINGSAFETY:0.43723310088656636
C_PAWNSTRUCTURE:0.4089704330370557
C_PIECECOORDINATION:0.4964732360568068
C_ROOKANDPAWNMOVEMENT:0.4964732360568068
C_CENTERCONTROL:0.4620541730020188
C_DEVELOPPIECES:0.5528173797779841
C_MATERIAL:0.4311152454957015
