ELO:966
CE_PASSEDPAWNS:0.4567075664701367
CE_PAWNWEAKNESSES:0.4915214570565492
CE_PIECEACTIVITY:0.5114253809954398
CE_KINGPAWNSHIELD:0.5173885382408234
CE_PIECECOORDINATION:0.4655957136889401
CE_MATERIAL:0.47454814349974056
CE_KINGSAFETY:0.4817290105002028
C_PIECESQUARETABLES:0.49688535569307823
C_MOBILITY:0.4488784648425061
C_KINGSAFETY:0.49677442673031386
C_PAWNSTRUCTURE:0.5632880453074779
C_PIECECOORDINATION:0.49981170145500897
C_ROOKANDPAWNMOVEMENT:0.49981170145500897
C_CENTERCONTROL:0.4153538628582865
C_DEVELOPPIECES:0.5084755304072186
C_MATERIAL:0.4970798059135787
