ELO:982
CE_PASSEDPAWNS:0.48003461255892116
CE_PAWNWEAKNESSES:0.5
CE_PIECEACTIVITY:0.5
CE_KINGPAWNSHIELD:0.5101796330562813
CE_PIECECOORDINATION:0.5
CE_MATERIAL:0.5000987639404147
CE_KINGSAFETY:0.5
C_PIECESQUARETABLES:0.5
C_MOBILITY:0.4785396404197558
C_KINGSAFETY:0.549090814316327
C_PAWNSTRUCTURE:0.5
C_PIECECOORDINATION:0.524863937731698
C_ROOKANDPAWNMOVEMENT:0.524863937731698
C_CENTERCONTROL:0.4791270465653426
C_DEVELOPPIECES:0.5109431975755678
C_MATERIAL:0.49328465473487854
C_MOVECOUNT:0.5
