ELO:989
CE_PASSEDPAWNS:0.4200196710455058
CE_PAWNWEAKNESSES:0.4589312859242562
CE_PIECEACTIVITY:0.4441438249753232
CE_KINGPAWNSHIELD:0.5852495139074034
CE_PIECECOORDINATION:0.5220278567758911
CE_MATERIAL:0.46786924393475865
CE_KINGSAFETY:0.5287233043295239
C_PIECESQUARETABLES:0.5002488447735339
C_MOBILITY:0.5374638201253786
C_KINGSAFETY:0.3882247999186618
C_PAWNSTRUCTURE:0.5192615386348025
C_PIECECOORDINATION:0.38072806147805077
C_ROOKANDPAWNMOVEMENT:0.38072806147805077
C_CENTERCONTROL:0.46850315153029276
C_DEVELOPPIECES:0.3500029118748543
C_MATERIAL:0.5875757432531933
