ELO:1000
CE_PASSEDPAWNS:0.5081114877670178
CE_PAWNWEAKNESSES:0.49230169649975647
CE_PIECEACTIVITY:0.4910414190872463
CE_KINGPAWNSHIELD:0.5116749109579478
CE_PIECECOORDINATION:0.4899165504826762
CE_MATERIAL:0.5043722952663591
CE_KINGSAFETY:0.4729430126309561
C_PIECESQUARETABLES:0.5241671482382955
C_MOBILITY:0.5004691369144095
C_KINGSAFETY:0.4868899805997127
C_PAWNSTRUCTURE:0.5593349744256335
C_PIECECOORDINATION:0.48720464920555534
C_ROOKANDPAWNMOVEMENT:0.48720464920555534
C_CENTERCONTROL:0.4709450401525757
C_DEVELOPPIECES:0.4532962417637701
C_MATERIAL:0.5144009261554549
