ELO:1008
CE_PASSEDPAWNS:0.5008686140549624
CE_PAWNWEAKNESSES:0.5
CE_PIECEACTIVITY:0.5
CE_KINGPAWNSHIELD:0.5034800289334563
CE_PIECECOORDINATION:0.4931849060518501
CE_MATERIAL:0.5015212620927254
CE_KINGSAFETY:0.5
C_PIECESQUARETABLES:0.49196134849322287
C_MOBILITY:0.5108356296928617
C_KINGSAFETY:0.49593515139099664
C_PAWNSTRUCTURE:0.5
C_PIECECOORDINATION:0.5
C_ROOKANDPAWNMOVEMENT:0.5
C_CENTERCONTROL:0.4923438948885641
C_DEVELOPPIECES:0.49097001216966507
C_MATERIAL:0.5
