ELO:943
CE_PASSEDPAWNS:0.5145309395624201
CE_PAWNWEAKNESSES:0.4656625980217367
CE_PIECEACTIVITY:0.4649756907292422
CE_KINGPAWNSHIELD:0.4780561246662065
CE_PIECECOORDINATION:0.49878329214159217
CE_MATERIAL:0.4942490639813449
CE_KINGSAFETY:0.5100716507503127
C_PIECESQUARETABLES:0.5
C_MOBILITY:0.518404693399044
C_KINGSAFETY:0.5376998884058106
C_PAWNSTRUCTURE:0.5041453778661805
C_PIECECOORDINATION:0.49268581672494083
C_ROOK:0.47098160979695614
CE_ROOK:0.4949171539769167
C_CENTERCONTROL:0.4867503449727197
C_DEVELOPPIECES:0.512300244665217
C_MATERIAL:0.49671639405126
C_MOVECOUNT:0.5404636809676847
C_PAWNMOVEMENT:0.5047072503713321
