ELO:988
CE_PASSEDPAWNS:0.5
CE_PAWNWEAKNESSES:0.5137251543894771
CE_PIECEACTIVITY:0.5047614644436577
CE_KINGPAWNSHIELD:0.4812598602219554
CE_PIECECOORDINATION:0.4992806993776616
CE_MATERIAL:0.499121784285329
CE_KINGSAFETY:0.5
C_PIECESQUARETABLES:0.5
C_MOBILITY:0.4982033956726748
C_KINGSAFETY:0.48714047718630304
C_PAWNSTRUCTURE:0.49124855238997733
C_PIECECOORDINATION:0.5
C_ROOKANDPAWNMOVEMENT:0.5
C_CENTERCONTROL:0.4687412022763932
C_DEVELOPPIECES:0.5111721876263658
C_MATERIAL:0.5029317313884135
C_MOVECOUNT:0.48108570932952854
