ELO:1007
CE_PASSEDPAWNS:0.5121492585288835
CE_PAWNWEAKNESSES:0.50119129480261
CE_PIECEACTIVITY:0.5094691378780123
CE_KINGPAWNSHIELD:0.4908922749908397
CE_PIECECOORDINATION:0.5
CE_MATERIAL:0.48678631233039643
CE_KINGSAFETY:0.5070432155224157
C_PIECESQUARETABLES:0.4958868591500965
C_MOBILITY:0.4928102763121447
C_KINGSAFETY:0.49806920208908656
C_PAWNSTRUCTURE:0.5
C_PIECECOORDINATION:0.5177536026582946
C_ROOK:0.5
CE_ROOK:0.5
C_CENTERCONTROL:0.5214000746422013
C_DEVELOPPIECES:0.4983379933964361
C_MATERIAL:0.4904953864368674
C_MOVECOUNT:0.47925136127892237
C_PAWNMOVEMENT:0.5
