ELO:1000
CE_PASSEDPAWNS:0.48938538404069104
CE_PAWNWEAKNESSES:0.5303430615776987
CE_PIECEACTIVITY:0.4656844586345702
CE_KINGPAWNSHIELD:0.507256016039189
CE_PIECECOORDINATION:0.4851468833616048
CE_MATERIAL:0.49240994924559617
CE_KINGSAFETY:0.4948791173761662
C_PIECESQUARETABLES:0.5546242249634628
C_MOBILITY:0.5493037870619484
C_KINGSAFETY:0.4977183077426612
C_PAWNSTRUCTURE:0.5612605132793306
C_PIECECOORDINATION:0.4649088622228754
C_ROOKANDPAWNMOVEMENT:0.4649088622228754
C_CENTERCONTROL:0.48956633604646915
C_DEVELOPPIECES:0.5066066637840199
C_MATERIAL:0.5022892961338185
