ELO:952
CE_PASSEDPAWNS:0.4990436108312589
CE_PAWNWEAKNESSES:0.5133194019609595
CE_PIECEACTIVITY:0.4953626926644498
CE_KINGPAWNSHIELD:0.5050514093312942
CE_PIECECOORDINATION:0.4968268795255067
CE_MATERIAL:0.49588470800617557
CE_KINGSAFETY:0.48093123799917215
C_PIECESQUARETABLES:0.49582276691974525
C_MOBILITY:0.513107416360282
C_KINGSAFETY:0.5093929253080816
C_PAWNSTRUCTURE:0.5109894441245407
C_PIECECOORDINATION:0.5
C_ROOKANDPAWNMOVEMENT:0.5
C_CENTERCONTROL:0.5059528734536347
C_DEVELOPPIECES:0.5059604693109068
C_MATERIAL:0.4834054504232113
C_MOVECOUNT:0.5
