ELO:1089
CE_PASSEDPAWNS:0.5
CE_PAWNWEAKNESSES:0.45790605896457093
CE_PIECEACTIVITY:0.49517834046518416
CE_KINGPAWNSHIELD:0.5309905097531878
CE_PIECECOORDINATION:0.5023583150149774
CE_MATERIAL:0.5045394290582833
CE_KINGSAFETY:0.5
C_PIECESQUARETABLES:0.5
C_MOBILITY:0.4816150952492944
C_KINGSAFETY:0.5
C_PAWNSTRUCTURE:0.5
C_PIECECOORDINATION:0.4383496978922531
C_ROOKANDPAWNMOVEMENT:0.4383496978922531
C_CENTERCONTROL:0.4515917889911812
C_DEVELOPPIECES:0.4977406316012114
C_MATERIAL:0.5135972032803453
C_MOVECOUNT:0.5
