ELO:1000
CE_PASSEDPAWNS:0.5342500607095548
CE_PAWNWEAKNESSES:0.4858791378272142
CE_PIECEACTIVITY:0.5012951616002399
CE_KINGPAWNSHIELD:0.5490208280797322
CE_PIECECOORDINATION:0.4765236246543242
CE_MATERIAL:0.6295324530432994
CE_KINGSAFETY:0.4939840259416825
C_PIECESQUARETABLES:0.4850223045693393
C_MOBILITY:0.536059034357375
C_KINGSAFETY:0.4544644295946281
C_PAWNSTRUCTURE:0.5794695597792854
C_PIECECOORDINATION:0.5048705220699337
C_ROOKANDPAWNMOVEMENT:0.5048705220699337
C_CENTERCONTROL:0.5027076510197107
C_DEVELOPPIECES:0.5785238425822516
C_MATERIAL:0.5707066783130338
