ELO:1000
CE_PASSEDPAWNS:0.509997734612578
CE_PAWNWEAKNESSES:0.49624633059088663
CE_PIECEACTIVITY:0.47990081621109476
CE_KINGPAWNSHIELD:0.49910613881250876
CE_PIECECOORDINATION:0.4928775033852712
CE_MATERIAL:0.5063931552546858
CE_KINGSAFETY:0.5053030053545602
C_PIECESQUARETABLES:0.4999869824568378
C_MOBILITY:0.5
C_KINGSAFETY:0.49765889514003264
C_PAWNSTRUCTURE:0.4990669589957905
C_PIECECOORDINATION:0.5057512733284496
C_ROOKANDPAWNMOVEMENT:0.5057512733284496
C_CENTERCONTROL:0.5105860555634575
C_DEVELOPPIECES:0.4749744039518813
C_MATERIAL:0.49586467081723296
