ELO:984
CE_PASSEDPAWNS:0.5065193328742665
CE_PAWNWEAKNESSES:0.5165229990697944
CE_PIECEACTIVITY:0.4858709359645371
CE_KINGPAWNSHIELD:0.4801659988086606
CE_PIECECOORDINATION:0.5
CE_MATERIAL:0.5
CE_KINGSAFETY:0.49024405217409134
C_PIECESQUARETABLES:0.49700861674872543
C_MOBILITY:0.4876924149759409
C_KINGSAFETY:0.511831688687441
C_PAWNSTRUCTURE:0.4923243882964675
C_PIECECOORDINATION:0.5024382420412111
C_ROOKANDPAWNMOVEMENT:0.5024382420412111
C_CENTERCONTROL:0.5103919084221302
C_DEVELOPPIECES:0.5
C_MATERIAL:0.5212826466556417
