ELO:1100
CE_PASSEDPAWNS:0.4638158431990729
CE_PAWNWEAKNESSES:0.44670110902297383
CE_PIECEACTIVITY:0.47440528261088416
CE_KINGPAWNSHIELD:0.5050702567302116
CE_PIECECOORDINATION:0.4689209404343766
CE_MATERIAL:0.48566544892300423
CE_KINGSAFETY:0.5249558710360879
C_PIECESQUARETABLES:0.5045765845579996
C_MOBILITY:0.4168378705538197
C_KINGSAFETY:0.6342764110155712
C_PAWNSTRUCTURE:0.4378083786208223
C_PIECECOORDINATION:0.4886580873218714
C_ROOKANDPAWNMOVEMENT:0.4886580873218714
C_CENTERCONTROL:0.5549627994507571
C_DEVELOPPIECES:0.5034004472324135
C_MATERIAL:0.4063918105112338
