ELO:1000
CE_PASSEDPAWNS:0.5163561851132754
CE_PAWNWEAKNESSES:0.5020252325889711
CE_PIECEACTIVITY:0.4910047389971203
CE_KINGPAWNSHIELD:0.5095496059030576
CE_PIECECOORDINATION:0.48309139253063577
CE_MATERIAL:0.5063931552546858
CE_KINGSAFETY:0.5059374518188026
C_PIECESQUARETABLES:0.49171114789251136
C_MOBILITY:0.4929894511200461
C_KINGSAFETY:0.4994795106082144
C_PAWNSTRUCTURE:0.4992982992399541
C_PIECECOORDINATION:0.48998996234187797
C_ROOKANDPAWNMOVEMENT:0.48998996234187797
C_CENTERCONTROL:0.5334372011827462
C_DEVELOPPIECES:0.4724406124938317
C_MATERIAL:0.48670052818777515
