ELO:1051
CE_PASSEDPAWNS:0.5533569778854517
CE_PAWNWEAKNESSES:0.458623202335436
CE_PIECEACTIVITY:0.5
CE_KINGPAWNSHIELD:0.4896031994051882
CE_PIECECOORDINATION:0.5033727516818475
CE_MATERIAL:0.49735430658636265
CE_KINGSAFETY:0.5
C_PIECESQUARETABLES:0.5
C_MOBILITY:0.46632866318994604
C_KINGSAFETY:0.6170932784112692
C_PAWNSTRUCTURE:0.4882333791664807
C_PIECECOORDINATION:0.466788837795545
C_ROOKANDPAWNMOVEMENT:0.466788837795545
C_CENTERCONTROL:0.4794698204199635
C_DEVELOPPIECES:0.4732142786378269
C_MATERIAL:0.5025020938627188
C_MOVECOUNT:0.5
