ELO:975
CE_PASSEDPAWNS:0.508760458694502
CE_PAWNWEAKNESSES:0.5228017215392852
CE_PIECEACTIVITY:0.511526169371273
CE_KINGPAWNSHIELD:0.5110495557865398
CE_PIECECOORDINATION:0.5053686829168053
CE_MATERIAL:0.5
CE_KINGSAFETY:0.499677652295464
C_PIECESQUARETABLES:0.5
C_MOBILITY:0.5004145709375855
C_KINGSAFETY:0.5099525995016716
C_PAWNSTRUCTURE:0.48880352797068954
C_PIECECOORDINATION:0.49828956517821466
C_ROOKANDPAWNMOVEMENT:0.49828956517821466
C_CENTERCONTROL:0.5093135494377187
C_DEVELOPPIECES:0.5006298869629235
C_MATERIAL:0.5096024531321254
