ELO:1000
CE_PASSEDPAWNS:0.5492702367385273
CE_PAWNWEAKNESSES:0.5088044753568646
CE_PIECEACTIVITY:0.476910183590373
CE_KINGPAWNSHIELD:0.5327166831034048
CE_PIECECOORDINATION:0.4311839124181796
CE_MATERIAL:0.6414374152699751
CE_KINGSAFETY:0.49233742842577904
C_PIECESQUARETABLES:0.4913072090114206
C_MOBILITY:0.5360889770773788
C_KINGSAFETY:0.480944234929184
C_PAWNSTRUCTURE:0.5796138043233753
C_PIECECOORDINATION:0.4984264315353692
C_ROOKANDPAWNMOVEMENT:0.4984264315353692
C_CENTERCONTROL:0.5283128459193763
C_DEVELOPPIECES:0.5739138652816115
C_MATERIAL:0.5413954466154351
