ELO:955
CE_PASSEDPAWNS:0.46170726982952076
CE_PAWNWEAKNESSES:0.4884289796100305
CE_PIECEACTIVITY:0.5086749350748685
CE_KINGPAWNSHIELD:0.5098165899547666
CE_PIECECOORDINATION:0.5267055612716237
CE_MATERIAL:0.5056826498345438
CE_KINGSAFETY:0.5118914210187256
C_PIECESQUARETABLES:0.5
C_MOBILITY:0.5259320839457273
C_KINGSAFETY:0.47499483609132304
C_PAWNSTRUCTURE:0.4784442675077222
C_PIECECOORDINATION:0.49564350679539665
C_ROOK:0.4928502440496552
CE_ROOK:0.4596981929256418
C_CENTERCONTROL:0.4389858993133355
C_DEVELOPPIECES:0.48073335889906077
C_MATERIAL:0.4971105111315385
C_MOVECOUNT:0.4629312267134093
C_PAWNMOVEMENT:0.5145505893558615
