ELO:879
CE_PASSEDPAWNS:0.5079652618933963
CE_PAWNWEAKNESSES:0.49492088518976723
CE_PIECEACTIVITY:0.5363438264021637
CE_KINGPAWNSHIELD:0.5375258227183616
CE_PIECECOORDINATION:0.5841854246598306
CE_MATERIAL:0.5397585795666269
CE_KINGSAFETY:0.5231077292198442
C_PIECESQUARETABLES:0.4892268946565802
C_MOBILITY:0.4950586038300961
C_KINGSAFETY:0.4881593142807124
C_PAWNSTRUCTURE:0.5040754358179194
C_PIECECOORDINATION:0.5428966278055114
C_ROOKANDPAWNMOVEMENT:0.5428966278055114
C_CENTERCONTROL:0.4891916116717322
C_DEVELOPPIECES:0.6136415198432419
C_MATERIAL:0.4893571593481798
C_MOVECOUNT:0.5020629333321884
