ELO:1000
CE_PASSEDPAWNS:0.5692125252801524
CE_PAWNWEAKNESSES:0.550067144136721
CE_PIECEACTIVITY:0.5076840641281192
CE_KINGPAWNSHIELD:0.5270554948943287
CE_PIECECOORDINATION:0.47453171665451205
CE_MATERIAL:0.44587121039182015
CE_KINGSAFETY:0.49282879695415976
C_PIECESQUARETABLES:0.5093449769965699
C_MOBILITY:0.41858280188247177
C_KINGSAFETY:0.5516354597495642
C_PAWNSTRUCTURE:0.4840939844058383
C_PIECECOORDINATION:0.5357019073266408
C_ROOKANDPAWNMOVEMENT:0.5357019073266408
C_CENTERCONTROL:0.49833790077063556
C_DEVELOPPIECES:0.46961311980501685
C_MATERIAL:0.5244262951308575
