ELO:958
CE_PASSEDPAWNS:0.4884329465413175
CE_PAWNWEAKNESSES:0.4885924400608251
CE_PIECEACTIVITY:0.5344861929030611
CE_KINGPAWNSHIELD:0.437137501257026
CE_PIECECOORDINATION:0.48870129655709765
CE_MATERIAL:0.46024995710068145
CE_KINGSAFETY:0.5
C_PIECESQUARETABLES:0.5
C_MOBILITY:0.40453635553011624
C_KINGSAFETY:0.5650158113542884
C_PAWNSTRUCTURE:0.5
C_PIECECOORDINATION:0.4765812126214846
C_ROOKANDPAWNMOVEMENT:0.4765812126214846
C_CENTERCONTROL:0.40737265873548006
C_DEVELOPPIECES:0.4977406316012114
C_MATERIAL:0.47858476818011725
C_MOVECOUNT:0.4937491545461586
