ELO:1000
CE_PASSEDPAWNS:0.569151867650194
CE_PAWNWEAKNESSES:0.538105783365634
CE_PIECEACTIVITY:0.5162787517326297
CE_KINGPAWNSHIELD:0.5021041877957501
CE_PIECECOORDINATION:0.4789473502263318
CE_MATERIAL:0.4824513709912408
CE_KINGSAFETY:0.49230850194241604
C_PIECESQUARETABLES:0.47828307438368267
C_MOBILITY:0.45380859173870247
C_KINGSAFETY:0.519103689858263
C_PAWNSTRUCTURE:0.482384934360799
C_PIECECOORDINATION:0.5268548583386856
C_ROOKANDPAWNMOVEMENT:0.5268548583386856
C_CENTERCONTROL:0.5075185483698504
C_DEVELOPPIECES:0.47965322214143724
C_MATERIAL:0.5192908915415179
