ELO:846
CE_PASSEDPAWNS:0.44906273663554086
CE_PAWNWEAKNESSES:0.5627929055055791
CE_PIECEACTIVITY:0.5313250775447954
CE_KINGPAWNSHIELD:0.547170081941685
CE_PIECECOORDINATION:0.565433310744633
CE_MATERIAL:0.44801086430192305
CE_KINGSAFETY:0.5067072596072756
C_PIECESQUARETABLES:0.4635858484347509
C_MOBILITY:0.43798061513865866
C_KINGSAFETY:0.4645171554751255
C_PAWNSTRUCTURE:0.5544784368034542
C_PIECECOORDINATION:0.4538576602803899
C_ROOKANDPAWNMOVEMENT:0.4538576602803899
C_CENTERCONTROL:0.45862301524104054
C_DEVELOPPIECES:0.5093286311230268
C_MATERIAL:0.4707597715736018
C_MOVECOUNT:0.5
