ELO:943
CE_PASSEDPAWNS:0.5076969794422681
CE_PAWNWEAKNESSES:0.5438771053478896
CE_PIECEACTIVITY:0.5410822689820733
CE_KINGPAWNSHIELD:0.4975720074375946
CE_PIECECOORDINATION:0.5604915294777215
CE_MATERIAL:0.47969329056445037
CE_KINGSAFETY:0.5210225929103232
C_PIECESQUARETABLES:0.47475544518045093
C_MOBILITY:0.45919688327714975
C_KINGSAFETY:0.5260025238804247
C_PAWNSTRUCTURE:0.46106253467556735
C_PIECECOORDINATION:0.515543710336617
C_ROOKANDPAWNMOVEMENT:0.515543710336617
C_CENTERCONTROL:0.4764168880850313
C_DEVELOPPIECES:0.4750520181593066
C_MATERIAL:0.4340450121257516
C_MOVECOUNT:0.5
