ELO:959
CE_PASSEDPAWNS:0.5
CE_PAWNWEAKNESSES:0.508843181942781
CE_PIECEACTIVITY:0.5083086646943425
CE_KINGPAWNSHIELD:0.5
CE_PIECECOORDINATION:0.5001459691410004
CE_MATERIAL:0.5037402942045479
CE_KINGSAFETY:0.5
C_PIECESQUARETABLES:0.5
C_MOBILITY:0.4767182249954556
C_KINGSAFETY:0.49206085029215396
C_PAWNSTRUCTURE:0.4420334383018156
C_PIECECOORDINATION:0.496243194041132
C_ROOKANDPAWNMOVEMENT:0.496243194041132
C_CENTERCONTROL:0.4895573471890655
C_DEVELOPPIECES:0.4942067585669736
C_MATERIAL:0.47931317834585113
C_MOVECOUNT:0.5092203802972292
