ELO:825
CE_PASSEDPAWNS:0.5293227902195998
CE_PAWNWEAKNESSES:0.5198801400292459
CE_PIECEACTIVITY:0.5384536750461973
CE_KINGPAWNSHIELD:0.5369981372156224
CE_PIECECOORDINATION:0.5594050487996891
CE_MATERIAL:0.5674986181274403
CE_KINGSAFETY:0.5249665552261027
C_PIECESQUARETABLES:0.4674754755945935
C_MOBILITY:0.48647963240501474
C_KINGSAFETY:0.4813113181905515
C_PAWNSTRUCTURE:0.5171064075194768
C_PIECECOORDINATION:0.5444212679452528
C_ROOKANDPAWNMOVEMENT:0.5444212679452528
C_CENTERCONTROL:0.5232939776094762
C_DEVELOPPIECES:0.601878382689377
C_MATERIAL:0.4830718821104967
C_MOVECOUNT:0.5440489923563441
