ELO:807
CE_PASSEDPAWNS:0.5132425171802008
CE_PAWNWEAKNESSES:0.5125832365477817
CE_PIECEACTIVITY:0.5104127716753334
CE_KINGPAWNSHIELD:0.5534452349715429
CE_PIECECOORDINATION:0.5527606061085232
CE_MATERIAL:0.5530641478017241
CE_KINGSAFETY:0.5395164795152189
C_PIECESQUARETABLES:0.48286362848693376
C_MOBILITY:0.4869275700844903
C_KINGSAFETY:0.4713999138261518
C_PAWNSTRUCTURE:0.5132321947393232
C_PIECECOORDINATION:0.5257108857441316
C_ROOKANDPAWNMOVEMENT:0.5257108857441316
C_CENTERCONTROL:0.495531868021703
C_DEVELOPPIECES:0.6102946753434284
C_MATERIAL:0.49022585007304864
C_MOVECOUNT:0.5135194201351423
