ELO:1020
CE_PASSEDPAWNS:0.49814725542327704
CE_PAWNWEAKNESSES:0.5
CE_PIECEACTIVITY:0.4942451485575602
CE_KINGPAWNSHIELD:0.4820862293330612
CE_PIECECOORDINATION:0.4946902206637202
CE_MATERIAL:0.4893915985208783
CE_KINGSAFETY:0.5
C_PIECESQUARETABLES:0.5
C_MOBILITY:0.5
C_KINGSAFETY:0.5
C_PAWNSTRUCTURE:0.5099399411777752
C_PIECECOORDINATION:0.4667301468068255
C_ROOKANDPAWNMOVEMENT:0.4667301468068255
C_CENTERCONTROL:0.44184066897319596
C_DEVELOPPIECES:0.48258997994755465
C_MATERIAL:0.4766508741121137
C_MOVECOUNT:0.5
