ELO:852
CE_PASSEDPAWNS:0.5027513591115924
CE_PAWNWEAKNESSES:0.528427646510676
CE_PIECEACTIVITY:0.5412480466957017
CE_KINGPAWNSHIELD:0.5214911950371091
CE_PIECECOORDINATION:0.543353519411945
CE_MATERIAL:0.5602428682005558
CE_KINGSAFETY:0.5194104615948532
C_PIECESQUARETABLES:0.4780370859083719
C_MOBILITY:0.4866471418816724
C_KINGSAFETY:0.4794209254562858
C_PAWNSTRUCTURE:0.49358116600917545
C_PIECECOORDINATION:0.5520305794689575
C_ROOKANDPAWNMOVEMENT:0.5520305794689575
C_CENTERCONTROL:0.5272873467011356
C_DEVELOPPIECES:0.590849125823154
C_MATERIAL:0.4848606324018487
C_MOVECOUNT:0.5394645453450644
