ELO:969
CE_PASSEDPAWNS:0.4672830619702464
CE_PAWNWEAKNESSES:0.4960102348932603
CE_PIECEACTIVITY:0.48704345222749695
CE_KINGPAWNSHIELD:0.5094452482140465
CE_PIECECOORDINATION:0.5174215665922582
CE_MATERIAL:0.5036390702603901
CE_KINGSAFETY:0.5
C_PIECESQUARETABLES:0.507806279038582
C_MOBILITY:0.5222598792202439
C_KINGSAFETY:0.47499483609132304
C_PAWNSTRUCTURE:0.4850006768133047
C_PIECECOORDINATION:0.501635877557535
C_ROOK:0.497186188253865
CE_ROOK:0.4699253908331813
C_CENTERCONTROL:0.47546309063142794
C_DEVELOPPIECES:0.48635257878872057
C_MATERIAL:0.488787710576998
C_MOVECOUNT:0.4740560963350432
C_PAWNMOVEMENT:0.5135689778782629
