ELO:945
CE_PASSEDPAWNS:0.5107506435144274
CE_PAWNWEAKNESSES:0.598799987326565
CE_PIECEACTIVITY:0.5155120952869223
CE_KINGPAWNSHIELD:0.5533903094656083
CE_PIECECOORDINATION:0.5296684832236032
CE_MATERIAL:0.4471554337948961
CE_KINGSAFETY:0.527393827017656
C_PIECESQUARETABLES:0.5164581669720664
C_MOBILITY:0.4527369513539216
C_KINGSAFETY:0.4658608616510095
C_PAWNSTRUCTURE:0.535509995370749
C_PIECECOORDINATION:0.48843173590633415
C_ROOKANDPAWNMOVEMENT:0.48843173590633415
C_CENTERCONTROL:0.456341364576303
C_DEVELOPPIECES:0.5256255717238119
C_MATERIAL:0.4605302157033456
