ELO:1000
CE_PASSEDPAWNS:0.509997734612578
CE_PAWNWEAKNESSES:0.49624633059088663
CE_PIECEACTIVITY:0.49541687690926584
CE_KINGPAWNSHIELD:0.5
CE_PIECECOORDINATION:0.49963386689299055
CE_MATERIAL:0.5059172457225786
CE_KINGSAFETY:0.5053030053545602
C_PIECESQUARETABLES:0.4999869824568378
C_MOBILITY:0.5
C_KINGSAFETY:0.5
C_PAWNSTRUCTURE:0.4990669589957905
C_PIECECOORDINATION:0.5000687610332537
C_ROOKANDPAWNMOVEMENT:0.5000687610332537
C_CENTERCONTROL:0.5
C_DEVELOPPIECES:0.4957326016706241
C_MATERIAL:0.5
