ELO:988
CE_PASSEDPAWNS:0.5155397546390376
CE_PAWNWEAKNESSES:0.544110837413351
CE_PIECEACTIVITY:0.4438700309789192
CE_KINGPAWNSHIELD:0.5569002039483113
CE_PIECECOORDINATION:0.36684456992598713
CE_MATERIAL:0.6683604103687529
CE_KINGSAFETY:0.43034864075666857
C_PIECESQUARETABLES:0.4759371643784893
C_MOBILITY:0.5225788851489076
C_KINGSAFETY:0.4627473166552794
C_PAWNSTRUCTURE:0.5431369533082288
C_PIECECOORDINATION:0.4787138997792012
C_ROOKANDPAWNMOVEMENT:0.4787138997792012
C_CENTERCONTROL:0.5296692609707467
C_DEVELOPPIECES:0.590024883550987
C_MATERIAL:0.5272893529873681
