ELO:923
CE_PASSEDPAWNS:0.4825120090331465
CE_PAWNWEAKNESSES:0.6417723390385279
CE_PIECEACTIVITY:0.4992735062682018
CE_KINGPAWNSHIELD:0.5426583539522205
CE_PIECECOORDINATION:0.5362878892364038
CE_MATERIAL:0.49331585892687907
CE_KINGSAFETY:0.5063700006631757
C_PIECESQUARETABLES:0.5145312195963991
C_MOBILITY:0.45374992757571864
C_KINGSAFETY:0.5030076425338705
C_PAWNSTRUCTURE:0.503901332713373
C_PIECECOORDINATION:0.4591191957289263
C_ROOKANDPAWNMOVEMENT:0.4591191957289263
C_CENTERCONTROL:0.44087832018479445
C_DEVELOPPIECES:0.5152543556867195
C_MATERIAL:0.45632209832487775
