ELO:974
CE_PASSEDPAWNS:0.4928694115684862
CE_PAWNWEAKNESSES:0.5257828959330836
CE_PIECEACTIVITY:0.5130741335584017
CE_KINGPAWNSHIELD:0.5066692807478272
CE_PIECECOORDINATION:0.484810276437666
CE_MATERIAL:0.4969688376785282
CE_KINGSAFETY:0.501725243241072
C_PIECESQUARETABLES:0.5081951169833203
C_MOBILITY:0.4648262961990462
C_KINGSAFETY:0.4919311456999992
C_PAWNSTRUCTURE:0.5061764669108306
C_PIECECOORDINATION:0.5207193644541999
C_ROOKANDPAWNMOVEMENT:0.5207193644541999
C_CENTERCONTROL:0.5472134986035083
C_DEVELOPPIECES:0.4948496373725292
C_MATERIAL:0.5097600359240849
C_MOVECOUNT:0.47953930994205385
