ELO:896
CE_PASSEDPAWNS:0.48763772211202855
CE_PAWNWEAKNESSES:0.5755746009621628
CE_PIECEACTIVITY:0.3870290782911163
CE_KINGPAWNSHIELD:0.5456225111266777
CE_PIECECOORDINATION:0.4734319081941474
CE_MATERIAL:0.44209985240361055
CE_KINGSAFETY:0.50558790772712
C_PIECESQUARETABLES:0.5
C_MOBILITY:0.46489902978920705
C_KINGSAFETY:0.4246706019904671
C_PAWNSTRUCTURE:0.4140149237375222
C_PIECECOORDINATION:0.48265324506025026
C_ROOKANDPAWNMOVEMENT:0.48265324506025026
C_CENTERCONTROL:0.3999922699800039
C_DEVELOPPIECES:0.5812368464994094
C_MATERIAL:0.36306877735348553
