ELO:999
CE_PASSEDPAWNS:0.45988004516546754
CE_PAWNWEAKNESSES:0.458623202335436
CE_PIECEACTIVITY:0.5021165956769557
CE_KINGPAWNSHIELD:0.539380338680297
CE_PIECECOORDINATION:0.5282234385141286
CE_MATERIAL:0.5376942071714466
CE_KINGSAFETY:0.5
C_PIECESQUARETABLES:0.5
C_MOBILITY:0.4494825325847286
C_KINGSAFETY:0.5731047208553322
C_PAWNSTRUCTURE:0.4882333791664807
C_PIECECOORDINATION:0.4383496978922531
C_ROOKANDPAWNMOVEMENT:0.4383496978922531
C_CENTERCONTROL:0.4436718902494277
C_DEVELOPPIECES:0.47991129559973267
C_MATERIAL:0.5
C_MOVECOUNT:0.5
