ELO:953
CE_PASSEDPAWNS:0.5156256492891209
CE_PAWNWEAKNESSES:0.5037972464883196
CE_PIECEACTIVITY:0.49996136305865735
CE_KINGPAWNSHIELD:0.5314226398529641
CE_PIECECOORDINATION:0.5012133093898455
CE_MATERIAL:0.5229984431627156
CE_KINGSAFETY:0.48613457791395004
C_PIECESQUARETABLES:0.48600360712623214
C_MOBILITY:0.5006802441073658
C_KINGSAFETY:0.5042547408919489
C_PAWNSTRUCTURE:0.472825576722853
C_PIECECOORDINATION:0.48157823426714075
C_ROOKANDPAWNMOVEMENT:0.48157823426714075
C_CENTERCONTROL:0.5000337600172874
C_DEVELOPPIECES:0.4831079621604791
C_MATERIAL:0.5038907457172822
