ELO:995
CE_PASSEDPAWNS:0.4809023901986171
CE_PAWNWEAKNESSES:0.5068192375180701
CE_PIECEACTIVITY:0.5228543692741636
CE_KINGPAWNSHIELD:0.5157082718388741
CE_PIECECOORDINATION:0.48997651500295153
CE_MATERIAL:0.5121840873437818
CE_KINGSAFETY:0.48836799912515483
C_PIECESQUARETABLES:0.5
C_MOBILITY:0.5094802634477589
C_KINGSAFETY:0.4841968641726845
C_PAWNSTRUCTURE:0.4816159399128594
C_PIECECOORDINATION:0.4888722098488724
C_ROOK:0.4581268531038786
CE_ROOK:0.5056061474884115
C_CENTERCONTROL:0.49172731702394357
C_DEVELOPPIECES:0.522421585183199
C_MATERIAL:0.49833557851311927
C_MOVECOUNT:0.49809069453910215
C_PAWNMOVEMENT:0.48841185831615463
