ELO:1000
CE_PASSEDPAWNS:0.5044159764199584
CE_PAWNWEAKNESSES:0.4633548238268596
CE_PIECEACTIVITY:0.490830210116093
CE_KINGPAWNSHIELD:0.5212362895207288
CE_PIECECOORDINATION:0.4632043100331381
CE_MATERIAL:0.5650426979739533
CE_KINGSAFETY:0.5
C_PIECESQUARETABLES:0.5
C_MOBILITY:0.4947425861479274
C_KINGSAFETY:0.42843675918298185
C_PAWNSTRUCTURE:0.5762611481065789
C_PIECECOORDINATION:0.494008601493742
C_ROOKANDPAWNMOVEMENT:0.494008601493742
C_CENTERCONTROL:0.495120732858573
C_DEVELOPPIECES:0.5350626135360189
C_MATERIAL:0.5610040138291436
