ELO:849
CE_PASSEDPAWNS:0.5251613832729674
CE_PAWNWEAKNESSES:0.508198121551763
CE_PIECEACTIVITY:0.5389191350173377
CE_KINGPAWNSHIELD:0.5522618293185232
CE_PIECECOORDINATION:0.5662397981512785
CE_MATERIAL:0.5322690880985413
CE_KINGSAFETY:0.5322921161105381
C_PIECESQUARETABLES:0.48740950518237247
C_MOBILITY:0.49970244412581905
C_KINGSAFETY:0.48830466511459586
C_PAWNSTRUCTURE:0.5118592052032682
C_PIECECOORDINATION:0.5325966509163054
C_ROOKANDPAWNMOVEMENT:0.5325966509163054
C_CENTERCONTROL:0.4832094123145368
C_DEVELOPPIECES:0.6238615802330191
C_MATERIAL:0.49177284224748574
C_MOVECOUNT:0.5038266907103764
