ELO:936
CE_PASSEDPAWNS:0.451985862873586
CE_PAWNWEAKNESSES:0.4859023993969431
CE_PIECEACTIVITY:0.5133069524549483
CE_KINGPAWNSHIELD:0.5011679170495057
CE_PIECECOORDINATION:0.5707069145022846
CE_MATERIAL:0.5134633182931101
CE_KINGSAFETY:0.5
C_PIECESQUARETABLES:0.5
C_MOBILITY:0.4657701853725948
C_KINGSAFETY:0.579971848777565
C_PAWNSTRUCTURE:0.49332883325593424
C_PIECECOORDINATION:0.5200378185094867
C_ROOKANDPAWNMOVEMENT:0.5200378185094867
C_CENTERCONTROL:0.6024256087000447
C_DEVELOPPIECES:0.49526610626094875
C_MATERIAL:0.4869974467888816
C_MOVECOUNT:0.5
