ELO:1000
CE_PASSEDPAWNS:0.5005569619622178
CE_PAWNWEAKNESSES:0.4860332312982106
CE_PIECEACTIVITY:0.4978002910565623
CE_KINGPAWNSHIELD:0.5298260961315688
CE_PIECECOORDINATION:0.47431307960257507
CE_MATERIAL:0.5495854301997377
CE_KINGSAFETY:0.5120129208799825
C_PIECESQUARETABLES:0.4821477309968306
C_MOBILITY:0.4854003110208515
C_KINGSAFETY:0.4588364491929773
C_PAWNSTRUCTURE:0.546065392859013
C_PIECECOORDINATION:0.4958697288477842
C_ROOKANDPAWNMOVEMENT:0.4958697288477842
C_CENTERCONTROL:0.48323560946992145
C_DEVELOPPIECES:0.5018052345691189
C_MATERIAL:0.52752381992483
