ELO:989
CE_PASSEDPAWNS:0.49424108628794977
CE_PAWNWEAKNESSES:0.5166355066295696
CE_PIECEACTIVITY:0.4681904802037517
CE_KINGPAWNSHIELD:0.5121598557673049
CE_PIECECOORDINATION:0.4818804435125756
CE_MATERIAL:0.49091134820534305
CE_KINGSAFETY:0.5
C_PIECESQUARETABLES:0.5
C_MOBILITY:0.4838322175608395
C_KINGSAFETY:0.5531839621394655
C_PAWNSTRUCTURE:0.47229996450026107
C_PIECECOORDINATION:0.5332602377457692
C_ROOK:0.502507174286498
CE_ROOK:0.498203700551621
C_CENTERCONTROL:0.47088435232152626
C_DEVELOPPIECES:0.48020853997039276
C_MATERIAL:0.4686796593215735
C_MOVECOUNT:0.5099912586874193
C_PAWNMOVEMENT:0.502808155716578
