ELO:1003
CE_PASSEDPAWNS:0.48685676487215884
CE_PAWNWEAKNESSES:0.5
CE_PIECEACTIVITY:0.49733231679523277
CE_KINGPAWNSHIELD:0.5031750223237406
CE_PIECECOORDINATION:0.4893278807960446
CE_MATERIAL:0.4696064997264755
CE_KINGSAFETY:0.5
C_PIECESQUARETABLES:0.5
C_MOBILITY:0.5270512486739621
C_KINGSAFETY:0.48962993206593186
C_PAWNSTRUCTURE:0.4991070109688661
C_PIECECOORDINATION:0.5008776898473115
C_ROOK:0.46687634147408036
CE_ROOK:0.4939924255204084
C_CENTERCONTROL:0.49073439917082484
C_DEVELOPPIECES:0.4870639169353607
C_MATERIAL:0.4796912385728734
C_MOVECOUNT:0.5158813356519456
C_PAWNMOVEMENT:0.5010670319710887
