ELO:1000
CE_PASSEDPAWNS:0.4941281468372499
CE_PAWNWEAKNESSES:0.5125413943868049
CE_PIECEACTIVITY:0.5123497113027474
CE_KINGPAWNSHIELD:0.5
CE_PIECECOORDINATION:0.512378262379758
CE_MATERIAL:0.48571876618270676
CE_KINGSAFETY:0.5006538216854054
C_PIECESQUARETABLES:0.5
C_MOBILITY:0.4968790221038978
C_KINGSAFETY:0.5
C_PAWNSTRUCTURE:0.5
C_PIECECOORDINATION:0.5
C_ROOK:0.4805149503990443
CE_ROOK:0.5021831353688491
C_CENTERCONTROL:0.5066416367976605
C_DEVELOPPIECES:0.5
C_MATERIAL:0.49965409955891144
C_MOVECOUNT:0.5042911607389736
C_PAWNMOVEMENT:0.4997411088963023
