ELO:936
CE_PASSEDPAWNS:0.5054952324997637
CE_PAWNWEAKNESSES:0.6166726581305035
CE_PIECEACTIVITY:0.4978751570590542
CE_KINGPAWNSHIELD:0.5429390801314536
CE_PIECECOORDINATION:0.547376387498352
CE_MATERIAL:0.4564043183672149
CE_KINGSAFETY:0.48951326281014196
C_PIECESQUARETABLES:0.48763688586265325
C_MOBILITY:0.4270196063390489
C_KINGSAFETY:0.47638464634681105
C_PAWNSTRUCTURE:0.5115438953141579
C_PIECECOORDINATION:0.5046580946582325
C_ROOKANDPAWNMOVEMENT:0.5046580946582325
C_CENTERCONTROL:0.4348577613261
C_DEVELOPPIECES:0.5328716484802343
C_MATERIAL:0.4680243397142405
