ELO:945
CE_PASSEDPAWNS:0.4969201659513824
CE_PAWNWEAKNESSES:0.5458981119556311
CE_PIECEACTIVITY:0.53110949513162
CE_KINGPAWNSHIELD:0.5344865607045335
CE_PIECECOORDINATION:0.5549795308677763
CE_MATERIAL:0.538595645996524
CE_KINGSAFETY:0.4900205062261532
C_PIECESQUARETABLES:0.5041032357863782
C_MOBILITY:0.473550304247092
C_KINGSAFETY:0.5217907105004971
C_PAWNSTRUCTURE:0.501526367505237
C_PIECECOORDINATION:0.5283413676660832
C_ROOKANDPAWNMOVEMENT:0.5283413676660832
C_CENTERCONTROL:0.48704905104671437
C_DEVELOPPIECES:0.5649445293077706
C_MATERIAL:0.489036963419047
C_MOVECOUNT:0.5034981067427657
