ELO:872
CE_PASSEDPAWNS:0.40902464993323473
CE_PAWNWEAKNESSES:0.5055947730650044
CE_PIECEACTIVITY:0.5402341641584277
CE_KINGPAWNSHIELD:0.49097314262724445
CE_PIECECOORDINATION:0.49150072591555294
CE_MATERIAL:0.5096253414670944
CE_KINGSAFETY:0.5115523966728203
C_PIECESQUARETABLES:0.5283814142987433
C_MOBILITY:0.47017342875617685
C_KINGSAFETY:0.5149320522550007
C_PAWNSTRUCTURE:0.4508967612153249
C_PIECECOORDINATION:0.4676046449342435
C_ROOKANDPAWNMOVEMENT:0.4676046449342435
C_CENTERCONTROL:0.48715901403434686
C_DEVELOPPIECES:0.510036777123113
C_MATERIAL:0.4948779330682736
C_MOVECOUNT:0.5
