ELO:1000
CE_PASSEDPAWNS:0.5161084007963761
CE_PAWNWEAKNESSES:0.5017390115957117
CE_PIECEACTIVITY:0.5096492887150645
CE_KINGPAWNSHIELD:0.5135678335279329
CE_PIECECOORDINATION:0.46641424261208797
CE_MATERIAL:0.49304048640793563
CE_KINGSAFETY:0.4819123560948368
C_PIECESQUARETABLES:0.5044564824992825
C_MOBILITY:0.4957596876699919
C_KINGSAFETY:0.5309595956648763
C_PAWNSTRUCTURE:0.4969688524274786
C_PIECECOORDINATION:0.5115944170616171
C_ROOKANDPAWNMOVEMENT:0.5115944170616171
C_CENTERCONTROL:0.5240914342936436
C_DEVELOPPIECES:0.49748279089414466
C_MATERIAL:0.5064042082916681
