ELO:989
CE_PASSEDPAWNS:0.489719252963312
CE_PAWNWEAKNESSES:0.5171093322662089
CE_PIECEACTIVITY:0.49697312891021084
CE_KINGPAWNSHIELD:0.5060944394117001
CE_PIECECOORDINATION:0.49632887185076086
CE_MATERIAL:0.5
CE_KINGSAFETY:0.5121333934380685
C_PIECESQUARETABLES:0.48118952716860036
C_MOBILITY:0.5040979213308607
C_KINGSAFETY:0.5
C_PAWNSTRUCTURE:0.5
C_PIECECOORDINATION:0.502467258482659
C_ROOKANDPAWNMOVEMENT:0.502467258482659
C_CENTERCONTROL:0.5
C_DEVELOPPIECES:0.5
C_MATERIAL:0.4968198149592319
C_MOVECOUNT:0.5121501835574274
