ELO:1098
CE_PASSEDPAWNS:0.45308560972418577
CE_PAWNWEAKNESSES:0.5049538678398092
CE_PIECEACTIVITY:0.4753771107594986
CE_KINGPAWNSHIELD:0.5208398274218301
CE_PIECECOORDINATION:0.5378380142373523
CE_MATERIAL:0.4094938062763091
CE_KINGSAFETY:0.5
C_PIECESQUARETABLES:0.5
C_MOBILITY:0.42913380782578725
C_KINGSAFETY:0.6009543595079152
C_PAWNSTRUCTURE:0.41423909969925343
C_PIECECOORDINATION:0.46372372439877885
C_ROOKANDPAWNMOVEMENT:0.46372372439877885
C_CENTERCONTROL:0.5277634042862543
C_DEVELOPPIECES:0.4822577968886462
C_MATERIAL:0.4038014280893462
