ELO:863
CE_PASSEDPAWNS:0.473073961003226
CE_PAWNWEAKNESSES:0.522054177480349
CE_PIECEACTIVITY:0.5356936936131392
CE_KINGPAWNSHIELD:0.4997422454181241
CE_PIECECOORDINATION:0.5478607113496258
CE_MATERIAL:0.5442800294088479
CE_KINGSAFETY:0.5123014359273399
C_PIECESQUARETABLES:0.4599145065439324
C_MOBILITY:0.4881041498871317
C_KINGSAFETY:0.4903209417355067
C_PAWNSTRUCTURE:0.5145472761723584
C_PIECECOORDINATION:0.5486912036241368
C_ROOKANDPAWNMOVEMENT:0.5486912036241368
C_CENTERCONTROL:0.5057229332692935
C_DEVELOPPIECES:0.573636454339148
C_MATERIAL:0.49108790613613307
C_MOVECOUNT:0.5255018292064352
