ELO:974
CE_PASSEDPAWNS:0.4327293741919548
CE_PAWNWEAKNESSES:0.4550471235541949
CE_PIECEACTIVITY:0.524081405885641
CE_KINGPAWNSHIELD:0.4895890878173963
CE_PIECECOORDINATION:0.4736563273287245
CE_MATERIAL:0.5305379884245591
CE_KINGSAFETY:0.5043860181312522
C_PIECESQUARETABLES:0.5378194951347073
C_MOBILITY:0.4657097044606911
C_KINGSAFETY:0.5482996995178866
C_PAWNSTRUCTURE:0.6037963923507252
C_PIECECOORDINATION:0.4452192026356322
C_ROOKANDPAWNMOVEMENT:0.4452192026356322
C_CENTERCONTROL:0.5054061823365221
C_DEVELOPPIECES:0.5238065546240256
C_MATERIAL:0.47565771935962764
