ELO:976
CE_PASSEDPAWNS:0.49044359777232516
CE_PAWNWEAKNESSES:0.5085785419981663
CE_PIECEACTIVITY:0.4857993187240841
CE_KINGPAWNSHIELD:0.48289092637946635
CE_PIECECOORDINATION:0.49066094637775476
CE_MATERIAL:0.4806200476213219
CE_KINGSAFETY:0.5064740234293017
C_PIECESQUARETABLES:0.5099416773883708
C_MOBILITY:0.5
C_KINGSAFETY:0.5
C_PAWNSTRUCTURE:0.518920057678257
C_PIECECOORDINATION:0.5165927182781908
C_ROOKANDPAWNMOVEMENT:0.5165927182781908
C_CENTERCONTROL:0.5127467886680224
C_DEVELOPPIECES:0.5118073093501736
C_MATERIAL:0.49652255759641906
C_MOVECOUNT:0.5
