ELO:973
CE_PASSEDPAWNS:0.4517427397799018
CE_PAWNWEAKNESSES:0.4564412170539244
CE_PIECEACTIVITY:0.5340656683497376
CE_KINGPAWNSHIELD:0.46728419828727563
CE_PIECECOORDINATION:0.48336908900674774
CE_MATERIAL:0.5289023737386526
CE_KINGSAFETY:0.5001845415034794
C_PIECESQUARETABLES:0.5317314513644148
C_MOBILITY:0.4648694640204065
C_KINGSAFETY:0.5521696778857833
C_PAWNSTRUCTURE:0.5951916678138919
C_PIECECOORDINATION:0.44707384883439377
C_ROOKANDPAWNMOVEMENT:0.44707384883439377
C_CENTERCONTROL:0.5153098361004128
C_DEVELOPPIECES:0.5210682959641325
C_MATERIAL:0.4657767379208236
