ELO:1006
CE_PASSEDPAWNS:0.4899548770034578
CE_PAWNWEAKNESSES:0.48738464807572546
CE_PIECEACTIVITY:0.4911152688951174
CE_KINGPAWNSHIELD:0.48389895656018317
CE_PIECECOORDINATION:0.5086007616267747
CE_MATERIAL:0.5001395457923948
CE_KINGSAFETY:0.5
C_PIECESQUARETABLES:0.4886511014529451
C_MOBILITY:0.49057286144221063
C_KINGSAFETY:0.5030148760589958
C_PAWNSTRUCTURE:0.5139555243370186
C_PIECECOORDINATION:0.5154351616334257
C_ROOK:0.48647969930313817
CE_ROOK:0.5
C_CENTERCONTROL:0.48858221340162344
C_DEVELOPPIECES:0.49224300431925777
C_MATERIAL:0.47933559538431464
C_MOVECOUNT:0.4877181227571576
C_PAWNMOVEMENT:0.5033146514761775
