ELO:1045
CE_PASSEDPAWNS:0.503341552644952
CE_PAWNWEAKNESSES:0.4972065024037839
CE_PIECEACTIVITY:0.509603858541549
CE_KINGPAWNSHIELD:0.48494180170640855
CE_PIECECOORDINATION:0.5197609347530578
CE_MATERIAL:0.5
CE_KINGSAFETY:0.5
C_PIECESQUARETABLES:0.5
C_MOBILITY:0.5167331414723906
C_KINGSAFETY:0.5073744283588497
C_PAWNSTRUCTURE:0.5123668856146419
C_PIECECOORDINATION:0.5129933973770763
C_ROOK:0.5118138365292105
CE_ROOK:0.512999247859989
C_CENTERCONTROL:0.5044795965366173
C_DEVELOPPIECES:0.5006731434501108
C_MATERIAL:0.46758995477125365
C_MOVECOUNT:0.482048177781621
C_PAWNMOVEMENT:0.4992136450606166
