ELO:931
CE_PASSEDPAWNS:0.5112515190218462
CE_PAWNWEAKNESSES:0.4860619887188758
CE_PIECEACTIVITY:0.5919909397481395
CE_KINGPAWNSHIELD:0.4285653979351239
CE_PIECECOORDINATION:0.42015052510937145
CE_MATERIAL:0.3864492021838943
CE_KINGSAFETY:0.5
C_PIECESQUARETABLES:0.5
C_MOBILITY:0.5765547724517667
C_KINGSAFETY:0.4566997121178608
C_PAWNSTRUCTURE:0.5348732639120478
C_PIECECOORDINATION:0.410858803097617
C_ROOKANDPAWNMOVEMENT:0.410858803097617
C_CENTERCONTROL:0.41370969526568696
C_DEVELOPPIECES:0.4725698550021297
C_MATERIAL:0.5915415245147436
