ELO:969
CE_PASSEDPAWNS:0.4359268052840881
CE_PAWNWEAKNESSES:0.44715239823778036
CE_PIECEACTIVITY:0.5235730403360439
CE_KINGPAWNSHIELD:0.4346163324311408
CE_PIECECOORDINATION:0.4811200215758035
CE_MATERIAL:0.525508930673913
CE_KINGSAFETY:0.5076954571421479
C_PIECESQUARETABLES:0.540940208022607
C_MOBILITY:0.46057422717535873
C_KINGSAFETY:0.5400972019992127
C_PAWNSTRUCTURE:0.5996793888744207
C_PIECECOORDINATION:0.4514217431874474
C_ROOKANDPAWNMOVEMENT:0.4514217431874474
C_CENTERCONTROL:0.5031034548013238
C_DEVELOPPIECES:0.5452358054118316
C_MATERIAL:0.4558799076155524
