ELO:1002
CE_PASSEDPAWNS:0.4964629731648812
CE_PAWNWEAKNESSES:0.49477168907037333
CE_PIECEACTIVITY:0.5211952872596886
CE_KINGPAWNSHIELD:0.4994495475674252
CE_PIECECOORDINATION:0.48001556343077595
CE_MATERIAL:0.4624500202581989
CE_KINGSAFETY:0.4906862114271405
C_PIECESQUARETABLES:0.5012544070601941
C_MOBILITY:0.5393924075844034
C_KINGSAFETY:0.46290577468998567
C_PAWNSTRUCTURE:0.5466918860117039
C_PIECECOORDINATION:0.4931785946775001
C_ROOKANDPAWNMOVEMENT:0.4931785946775001
C_CENTERCONTROL:0.4599076072790381
C_DEVELOPPIECES:0.48342885253129797
C_MATERIAL:0.5359901486904322
