ELO:1000
CE_PASSEDPAWNS:0.4205637939636769
CE_PAWNWEAKNESSES:0.43820877161428085
CE_PIECEACTIVITY:0.48981028834818474
CE_KINGPAWNSHIELD:0.4845314510557481
CE_PIECECOORDINATION:0.4928328387186911
CE_MATERIAL:0.5279048105595056
CE_KINGSAFETY:0.46674362443085426
C_PIECESQUARETABLES:0.4952672646079463
C_MOBILITY:0.48952024812861245
C_KINGSAFETY:0.5131865976990262
C_PAWNSTRUCTURE:0.5620847033327262
C_PIECECOORDINATION:0.5559658171938918
C_ROOKANDPAWNMOVEMENT:0.5559658171938918
C_CENTERCONTROL:0.5090049518664251
C_DEVELOPPIECES:0.4487277654647386
C_MATERIAL:0.5169796321194021
