ELO:833
CE_PASSEDPAWNS:0.5535222618915401
CE_PAWNWEAKNESSES:0.5433146156449552
CE_PIECEACTIVITY:0.4993186141610784
CE_KINGPAWNSHIELD:0.5779917867366748
CE_PIECECOORDINATION:0.4558842321678717
CE_MATERIAL:0.4588295646153723
CE_KINGSAFETY:0.4738084554527457
C_PIECESQUARETABLES:0.5051889328088868
C_MOBILITY:0.5147342425441968
C_KINGSAFETY:0.4651832182006276
C_PAWNSTRUCTURE:0.4620897052012813
C_PIECECOORDINATION:0.5029885526842638
C_ROOKANDPAWNMOVEMENT:0.5029885526842638
C_CENTERCONTROL:0.4700066464256578
C_DEVELOPPIECES:0.45960454678468404
C_MATERIAL:0.5848603460454628
C_MOVECOUNT:0.502170165005937
