ELO:1000
CE_PASSEDPAWNS:0.532606298509391
CE_PAWNWEAKNESSES:0.45853348466873245
CE_PIECEACTIVITY:0.5156020134173217
CE_KINGPAWNSHIELD:0.4832319030373007
CE_PIECECOORDINATION:0.46899630496962863
CE_MATERIAL:0.4631743947657015
CE_KINGSAFETY:0.49563497771818615
C_PIECESQUARETABLES:0.5037833609908473
C_MOBILITY:0.537616111548805
C_KINGSAFETY:0.5011653227774452
C_PAWNSTRUCTURE:0.5429518020000433
C_PIECECOORDINATION:0.4529101963098038
C_ROOKANDPAWNMOVEMENT:0.4529101963098038
C_CENTERCONTROL:0.48797420419632137
C_DEVELOPPIECES:0.5337495186850485
C_MATERIAL:0.47928370442610935
