ELO:790
CE_PASSEDPAWNS:0.4240058905446368
CE_PAWNWEAKNESSES:0.5401545073480039
CE_PIECEACTIVITY:0.5196486557263936
CE_KINGPAWNSHIELD:0.5591365710313009
CE_PIECECOORDINATION:0.3708353922077089
CE_MATERIAL:0.4367712999758269
CE_KINGSAFETY:0.47851342807070446
C_PIECESQUARETABLES:0.48017482803500355
C_MOBILITY:0.5076463967812346
C_KINGSAFETY:0.5184915427716139
C_PAWNSTRUCTURE:0.5477366128504491
C_PIECECOORDINATION:0.5079732305300002
C_ROOKANDPAWNMOVEMENT:0.5079732305300002
C_CENTERCONTROL:0.47822322845563675
C_DEVELOPPIECES:0.5239855263084424
C_MATERIAL:0.5468489928296961
C_MOVECOUNT:0.5
