ELO:985
CE_PASSEDPAWNS:0.5199777843315686
CE_PAWNWEAKNESSES:0.5066329445774254
CE_PIECEACTIVITY:0.5135257339009993
CE_KINGPAWNSHIELD:0.5151298102118733
CE_PIECECOORDINATION:0.46440914398362604
CE_MATERIAL:0.48489890037842914
CE_KINGSAFETY:0.5041539016894762
C_PIECESQUARETABLES:0.5097780669355572
C_MOBILITY:0.514752031145234
C_KINGSAFETY:0.495083327767672
C_PAWNSTRUCTURE:0.47376673343402664
C_PIECECOORDINATION:0.5174201854863174
C_ROOKANDPAWNMOVEMENT:0.5174201854863174
C_CENTERCONTROL:0.5179834336183452
C_DEVELOPPIECES:0.49413696607712526
C_MATERIAL:0.5085338929971334
C_MOVECOUNT:0.49130979030672706
