ELO:946
CE_PASSEDPAWNS:0.4421733156361982
CE_PAWNWEAKNESSES:0.42802720322723375
CE_PIECEACTIVITY:0.5720571339318239
CE_KINGPAWNSHIELD:0.4627043486765982
CE_PIECECOORDINATION:0.45697481447771066
CE_MATERIAL:0.5125365236871728
CE_KINGSAFETY:0.48120587877818033
C_PIECESQUARETABLES:0.4856200746619456
C_MOBILITY:0.48636707231634896
C_KINGSAFETY:0.5504630348322289
C_PAWNSTRUCTURE:0.6242574223843375
C_PIECECOORDINATION:0.4747292000042814
C_ROOKANDPAWNMOVEMENT:0.4747292000042814
C_CENTERCONTROL:0.487067663577573
C_DEVELOPPIECES:0.5351949884724326
C_MATERIAL:0.4558735178037096
