ELO:951
CE_PASSEDPAWNS:0.4461388843511486
CE_PAWNWEAKNESSES:0.43558547852291757
CE_PIECEACTIVITY:0.5578963653259638
CE_KINGPAWNSHIELD:0.45655954266064047
CE_PIECECOORDINATION:0.45441638359719055
CE_MATERIAL:0.5248377280559078
CE_KINGSAFETY:0.4941821149103204
C_PIECESQUARETABLES:0.4907697375863598
C_MOBILITY:0.4762067700866218
C_KINGSAFETY:0.5571459817952816
C_PAWNSTRUCTURE:0.6167997448332045
C_PIECECOORDINATION:0.47285944860410684
C_ROOKANDPAWNMOVEMENT:0.47285944860410684
C_CENTERCONTROL:0.47899625391024986
C_DEVELOPPIECES:0.538312755615116
C_MATERIAL:0.4448904426100305
