ELO:802
CE_PASSEDPAWNS:0.5139405147972858
CE_PAWNWEAKNESSES:0.5174258882682404
CE_PIECEACTIVITY:0.4991158929360893
CE_KINGPAWNSHIELD:0.5710575682569046
CE_PIECECOORDINATION:0.4376863954708214
CE_MATERIAL:0.44073903805149334
CE_KINGSAFETY:0.4834473662593948
C_PIECESQUARETABLES:0.48266702153289337
C_MOBILITY:0.5129348897216031
C_KINGSAFETY:0.4761239893398556
C_PAWNSTRUCTURE:0.44019092072614696
C_PIECECOORDINATION:0.5004929911675072
C_ROOKANDPAWNMOVEMENT:0.5004929911675072
C_CENTERCONTROL:0.47792631798763346
C_DEVELOPPIECES:0.456297538060805
C_MATERIAL:0.5229594694203532
C_MOVECOUNT:0.47918434259528603
