ELO:1018
CE_PASSEDPAWNS:0.4888749446358555
CE_PAWNWEAKNESSES:0.4949374420748937
CE_PIECEACTIVITY:0.5012593221806272
CE_KINGPAWNSHIELD:0.4919456870708667
CE_PIECECOORDINATION:0.5097066680735108
CE_MATERIAL:0.5234377286736973
CE_KINGSAFETY:0.5
C_PIECESQUARETABLES:0.5
C_MOBILITY:0.5185010580710362
C_KINGSAFETY:0.47374175066440066
C_PAWNSTRUCTURE:0.5068332941276955
C_PIECECOORDINATION:0.5120673871422329
C_ROOK:0.5
CE_ROOK:0.4700809998501912
C_CENTERCONTROL:0.5201308160764048
C_DEVELOPPIECES:0.4882055847756648
C_MATERIAL:0.49669873393668007
C_MOVECOUNT:0.4570559319599199
C_PAWNMOVEMENT:0.49521221761728357
