ELO:987
CE_PASSEDPAWNS:0.5
CE_PAWNWEAKNESSES:0.5087460309486898
CE_PIECEACTIVITY:0.48527912562237185
CE_KINGPAWNSHIELD:0.49013657413110484
CE_PIECECOORDINATION:0.4887422539341828
CE_MATERIAL:0.5
CE_KINGSAFETY:0.5048640456357393
C_PIECESQUARETABLES:0.5169443981456182
C_MOBILITY:0.5300852781493065
C_KINGSAFETY:0.5199069825644369
C_PAWNSTRUCTURE:0.486892320035123
C_PIECECOORDINATION:0.49507073126728635
C_ROOKANDPAWNMOVEMENT:0.49507073126728635
C_CENTERCONTROL:0.5025103617189148
C_DEVELOPPIECES:0.4834214982910222
C_MATERIAL:0.5
