ELO:981
CE_PASSEDPAWNS:0.49401130510203756
CE_PAWNWEAKNESSES:0.6281389854785631
CE_PIECEACTIVITY:0.42931222046788853
CE_KINGPAWNSHIELD:0.5893179788779342
CE_PIECECOORDINATION:0.4391177584321445
CE_MATERIAL:0.41655452857298075
CE_KINGSAFETY:0.4907791502337429
C_PIECESQUARETABLES:0.4887794654893284
C_MOBILITY:0.5001465408952577
C_KINGSAFETY:0.5594239720260957
C_PAWNSTRUCTURE:0.49124294705892413
C_PIECECOORDINATION:0.5947067428619455
C_ROOKANDPAWNMOVEMENT:0.5947067428619455
C_CENTERCONTROL:0.39633320841414743
C_DEVELOPPIECES:0.5420222824319375
C_MATERIAL:0.5961630701883155
