ELO:954
CE_PASSEDPAWNS:0.448361191896801
CE_PAWNWEAKNESSES:0.43558547852291757
CE_PIECEACTIVITY:0.5505603988910881
CE_KINGPAWNSHIELD:0.45863713711270204
CE_PIECECOORDINATION:0.45441638359719055
CE_MATERIAL:0.5248377280559078
CE_KINGSAFETY:0.511728964908582
C_PIECESQUARETABLES:0.4963050911977489
C_MOBILITY:0.4678601010190902
C_KINGSAFETY:0.5382996151030466
C_PAWNSTRUCTURE:0.6167997448332045
C_PIECECOORDINATION:0.4642913278563041
C_ROOKANDPAWNMOVEMENT:0.4642913278563041
C_CENTERCONTROL:0.47899625391024986
C_DEVELOPPIECES:0.5444692406279339
C_MATERIAL:0.4448904426100305
