ELO:977
CE_PASSEDPAWNS:0.5077771719130012
CE_PAWNWEAKNESSES:0.4969312710424084
CE_PIECEACTIVITY:0.5188552826231779
CE_KINGPAWNSHIELD:0.4800348700179175
CE_PIECECOORDINATION:0.5636899066244102
CE_MATERIAL:0.5470901024711449
CE_KINGSAFETY:0.5
C_PIECESQUARETABLES:0.5
C_MOBILITY:0.4789805629868753
C_KINGSAFETY:0.494244186118567
C_PAWNSTRUCTURE:0.5008865193623283
C_PIECECOORDINATION:0.5136715978989935
C_ROOK:0.5021610458470172
CE_ROOK:0.5184133480084185
C_CENTERCONTROL:0.509300796509758
C_DEVELOPPIECES:0.5456388349025609
C_MATERIAL:0.4551780578880434
C_MOVECOUNT:0.5030960188704372
C_PAWNMOVEMENT:0.5248083707293063
