ELO:1041
CE_PASSEDPAWNS:0.4902550476904165
CE_PAWNWEAKNESSES:0.505888252246682
CE_PIECEACTIVITY:0.47907011340525874
CE_KINGPAWNSHIELD:0.49593712777323334
CE_PIECECOORDINATION:0.49890875767298865
CE_MATERIAL:0.49181775090965224
CE_KINGSAFETY:0.5
C_PIECESQUARETABLES:0.5104323675586371
C_MOBILITY:0.5
C_KINGSAFETY:0.48387421786891405
C_PAWNSTRUCTURE:0.5020962607104891
C_PIECECOORDINATION:0.5108319644292111
C_ROOK:0.5
CE_ROOK:0.4941331280785939
C_CENTERCONTROL:0.475723447149842
C_DEVELOPPIECES:0.5
C_MATERIAL:0.5051611236867987
C_MOVECOUNT:0.4722447649162971
C_PAWNMOVEMENT:0.48185640040674094
