ELO:1000
CE_PASSEDPAWNS:0.45286517267892257
CE_PAWNWEAKNESSES:0.46918881716516386
CE_PIECEACTIVITY:0.4981034557450003
CE_KINGPAWNSHIELD:0.4920886909687081
CE_PIECECOORDINATION:0.5043673949678155
CE_MATERIAL:0.5190967986856938
CE_KINGSAFETY:0.5086588543587277
C_PIECESQUARETABLES:0.4808512260724403
C_MOBILITY:0.4907366534375537
C_KINGSAFETY:0.5024098167165958
C_PAWNSTRUCTURE:0.5453483063402844
C_PIECECOORDINATION:0.512695698014259
C_ROOKANDPAWNMOVEMENT:0.512695698014259
C_CENTERCONTROL:0.5102574026471592
C_DEVELOPPIECES:0.5066112541922384
C_MATERIAL:0.5055878359974811
