ELO:947
CE_PASSEDPAWNS:0.5067102052356357
CE_PAWNWEAKNESSES:0.5150834897503974
CE_PIECEACTIVITY:0.5162371382393641
CE_KINGPAWNSHIELD:0.5124268371549691
CE_PIECECOORDINATION:0.4794391961111192
CE_MATERIAL:0.4753190133846914
CE_KINGSAFETY:0.5052137124356366
C_PIECESQUARETABLES:0.49781542227571685
C_MOBILITY:0.4917061180484999
C_KINGSAFETY:0.49479726085550746
C_PAWNSTRUCTURE:0.472941133342097
C_PIECECOORDINATION:0.5100085021561251
C_ROOKANDPAWNMOVEMENT:0.5100085021561251
C_CENTERCONTROL:0.5347326154151462
C_DEVELOPPIECES:0.4795840421264883
C_MATERIAL:0.5104753901835195
C_MOVECOUNT:0.48122992186661345
