ELO:644
CE_PASSEDPAWNS:0.36737596982761256
CE_PAWNWEAKNESSES:0.515890546625349
CE_PIECEACTIVITY:0.5667701379540391
CE_KINGPAWNSHIELD:0.5188970207223479
CE_PIECECOORDINATION:0.37777231017995166
CE_MATERIAL:0.4575904214670091
CE_KINGSAFETY:0.49215433013191434
C_PIECESQUARETABLES:0.5267713710347814
C_MOBILITY:0.4778674177503276
C_KINGSAFETY:0.48020674820034576
C_PAWNSTRUCTURE:0.5069749931244449
C_PIECECOORDINATION:0.539963129948856
C_ROOKANDPAWNMOVEMENT:0.539963129948856
C_CENTERCONTROL:0.5092431582330192
C_DEVELOPPIECES:0.5140383750901848
C_MATERIAL:0.5931628557769538
C_MOVECOUNT:0.4610525179133866
