ELO:969
CE_PASSEDPAWNS:0.4391689242894915
CE_PAWNWEAKNESSES:0.43558547852291757
CE_PIECEACTIVITY:0.5507087650377882
CE_KINGPAWNSHIELD:0.44615779216486123
CE_PIECECOORDINATION:0.4580016802767215
CE_MATERIAL:0.5169515868757156
CE_KINGSAFETY:0.48856331281253446
C_PIECESQUARETABLES:0.5
C_MOBILITY:0.46518412468894627
C_KINGSAFETY:0.5322089055341666
C_PAWNSTRUCTURE:0.605267093548138
C_PIECECOORDINATION:0.4615834515341398
C_ROOKANDPAWNMOVEMENT:0.4615834515341398
C_CENTERCONTROL:0.4922091303367732
C_DEVELOPPIECES:0.5444692406279339
C_MATERIAL:0.4367552387415248
