ELO:1012
CE_PASSEDPAWNS:0.5043261339312866
CE_PAWNWEAKNESSES:0.49002722870627474
CE_PIECEACTIVITY:0.4906019486981697
CE_KINGPAWNSHIELD:0.5053153281787779
CE_PIECECOORDINATION:0.5086007616267747
CE_MATERIAL:0.5024488066052314
CE_KINGSAFETY:0.505733933650349
C_PIECESQUARETABLES:0.49809137021122246
C_MOBILITY:0.49535696311128596
C_KINGSAFETY:0.5
C_PAWNSTRUCTURE:0.5
C_PIECECOORDINATION:0.5154351616334257
C_ROOK:0.49193005638218357
CE_ROOK:0.5105260679165217
C_CENTERCONTROL:0.5098837144028519
C_DEVELOPPIECES:0.4905920193900401
C_MATERIAL:0.4944083430716137
C_MOVECOUNT:0.5
C_PAWNMOVEMENT:0.4988450104448152
