ELO:1039
CE_PASSEDPAWNS:0.49318009983413225
CE_PAWNWEAKNESSES:0.4886838477797177
CE_PIECEACTIVITY:0.530070633116429
CE_KINGPAWNSHIELD:0.5061944852608466
CE_PIECECOORDINATION:0.487870152432313
CE_MATERIAL:0.4775750740388604
CE_KINGSAFETY:0.5
C_PIECESQUARETABLES:0.5
C_MOBILITY:0.4933360089520684
C_KINGSAFETY:0.49114415449624815
C_PAWNSTRUCTURE:0.5
C_PIECECOORDINATION:0.5110920784006526
C_ROOK:0.523495605081365
CE_ROOK:0.5308422506177983
C_CENTERCONTROL:0.4852142059805234
C_DEVELOPPIECES:0.5277752778422563
C_MATERIAL:0.45230360181182927
C_MOVECOUNT:0.5074212407980186
C_PAWNMOVEMENT:0.5158275755625826
