ELO:1022
CE_PASSEDPAWNS:0.5165401952833226
CE_PAWNWEAKNESSES:0.4957004956992261
CE_PIECEACTIVITY:0.5950740917037964
CE_KINGPAWNSHIELD:0.5051582057995394
CE_PIECECOORDINATION:0.5199192506510432
CE_MATERIAL:0.509773033062491
CE_KINGSAFETY:0.5
C_PIECESQUARETABLES:0.5
C_MOBILITY:0.5242855971024735
C_KINGSAFETY:0.4584437279346738
C_PAWNSTRUCTURE:0.5223063244860757
C_PIECECOORDINATION:0.5064126572242699
C_ROOK:0.512917027754194
CE_ROOK:0.5057558812501163
C_CENTERCONTROL:0.5010596837802753
C_DEVELOPPIECES:0.4672520002949432
C_MATERIAL:0.4926603257831227
C_MOVECOUNT:0.5113318730333895
C_PAWNMOVEMENT:0.517665448424873
