ELO:1015
CE_PASSEDPAWNS:0.4935415713966914
CE_PAWNWEAKNESSES:0.5
CE_PIECEACTIVITY:0.5
CE_KINGPAWNSHIELD:0.5008007171587995
CE_PIECECOORDINATION:0.5
CE_MATERIAL:0.5058225693504869
CE_KINGSAFETY:0.5
C_PIECESQUARETABLES:0.5
C_MOBILITY:0.4942104270074097
C_KINGSAFETY:0.4973490727075305
C_PAWNSTRUCTURE:0.48588107622215815
C_PIECECOORDINATION:0.4836331697237667
C_ROOKANDPAWNMOVEMENT:0.4836331697237667
C_CENTERCONTROL:0.4919730216523486
C_DEVELOPPIECES:0.5077994280014249
C_MATERIAL:0.5024006834891593
C_MOVECOUNT:0.5056045255069099
