ELO:1000
CE_PASSEDPAWNS:0.5114192587257161
CE_PAWNWEAKNESSES:0.4904590367744833
CE_PIECEACTIVITY:0.5091465774702876
CE_KINGPAWNSHIELD:0.4991389764886027
CE_PIECECOORDINATION:0.4710583596033596
CE_MATERIAL:0.4276793683678742
CE_KINGSAFETY:0.48900104980561243
C_PIECESQUARETABLES:0.5214365960080389
C_MOBILITY:0.5428615293578049
C_KINGSAFETY:0.4930668773181599
C_PAWNSTRUCTURE:0.5237868251292978
C_PIECECOORDINATION:0.46320324041955147
C_ROOKANDPAWNMOVEMENT:0.46320324041955147
C_CENTERCONTROL:0.4653881936125822
C_DEVELOPPIECES:0.5059283503317084
C_MATERIAL:0.48132392146861513
