ELO:986
CE_PASSEDPAWNS:0.408617179341634
CE_PAWNWEAKNESSES:0.4291317441154607
CE_PIECEACTIVITY:0.5130228274527885
CE_KINGPAWNSHIELD:0.49964821907374435
CE_PIECECOORDINATION:0.48636543279602346
CE_MATERIAL:0.4950298223563043
CE_KINGSAFETY:0.46764734087792825
C_PIECESQUARETABLES:0.48554585624158636
C_MOBILITY:0.4950400797993246
C_KINGSAFETY:0.5186773221496827
C_PAWNSTRUCTURE:0.5607541715959675
C_PIECECOORDINATION:0.48309735548067917
C_ROOKANDPAWNMOVEMENT:0.48309735548067917
C_CENTERCONTROL:0.5180749180194045
C_DEVELOPPIECES:0.47629546907841147
C_MATERIAL:0.4981554889731345
