ELO:725
CE_PASSEDPAWNS:0.3816900585352543
CE_PAWNWEAKNESSES:0.517906293096029
CE_PIECEACTIVITY:0.5554891086846578
CE_KINGPAWNSHIELD:0.5540377728985242
CE_PIECECOORDINATION:0.37146013360875857
CE_MATERIAL:0.4438040295560482
CE_KINGSAFETY:0.49652758424294086
C_PIECESQUARETABLES:0.51418197154942
C_MOBILITY:0.4566710290996766
C_KINGSAFETY:0.5261585906676903
C_PAWNSTRUCTURE:0.5302137948637138
C_PIECECOORDINATION:0.5410694037777474
C_ROOKANDPAWNMOVEMENT:0.5410694037777474
C_CENTERCONTROL:0.49080434493220243
C_DEVELOPPIECES:0.5155752497221888
C_MATERIAL:0.586460690946918
C_MOVECOUNT:0.5189076952140761
