ELO:1009
CE_PASSEDPAWNS:0.5043261339312866
CE_PAWNWEAKNESSES:0.49893072934324995
CE_PIECEACTIVITY:0.5045941913233776
CE_KINGPAWNSHIELD:0.48842272281902926
CE_PIECECOORDINATION:0.5086007616267747
CE_MATERIAL:0.5024488066052314
CE_KINGSAFETY:0.49210839791628314
C_PIECESQUARETABLES:0.5
C_MOBILITY:0.49535696311128596
C_KINGSAFETY:0.5030148760589958
C_PAWNSTRUCTURE:0.508989763759254
C_PIECECOORDINATION:0.5154351616334257
C_ROOK:0.49193005638218357
CE_ROOK:0.5
C_CENTERCONTROL:0.48858221340162344
C_DEVELOPPIECES:0.49476682137369243
C_MATERIAL:0.4829838562200037
C_MOVECOUNT:0.5
C_PAWNMOVEMENT:0.5033146514761775
