ELO:1003
CE_PASSEDPAWNS:0.4935415713966914
CE_PAWNWEAKNESSES:0.5
CE_PIECEACTIVITY:0.5
CE_KINGPAWNSHIELD:0.5008007171587995
CE_PIECECOORDINATION:0.5
CE_MATERIAL:0.5
CE_KINGSAFETY:0.5
C_PIECESQUARETABLES:0.49649923090601233
C_MOBILITY:0.4896267395546811
C_KINGSAFETY:0.5
C_PAWNSTRUCTURE:0.5
C_PIECECOORDINATION:0.4980178944083901
C_ROOKANDPAWNMOVEMENT:0.4980178944083901
C_CENTERCONTROL:0.4919730216523486
C_DEVELOPPIECES:0.5046686489427933
C_MATERIAL:0.5112086098940876
C_MOVECOUNT:0.5056045255069099
