ELO:946
CE_PASSEDPAWNS:0.46264713174062955
CE_PAWNWEAKNESSES:0.4572812060613141
CE_PIECEACTIVITY:0.5095936206703107
CE_KINGPAWNSHIELD:0.5907751557455889
CE_PIECECOORDINATION:0.5252616964741308
CE_MATERIAL:0.5276874963142177
CE_KINGSAFETY:0.49705355006164215
C_PIECESQUARETABLES:0.5517887267805239
C_MOBILITY:0.47391381000298843
C_KINGSAFETY:0.4945586675461192
C_PAWNSTRUCTURE:0.4770502218479335
C_PIECECOORDINATION:0.5715360878187947
C_ROOKANDPAWNMOVEMENT:0.5715360878187947
C_CENTERCONTROL:0.45579061981010127
C_DEVELOPPIECES:0.5006458145196678
C_MATERIAL:0.4900918915520091
C_MOVECOUNT:0.5
