ELO:971
CE_PASSEDPAWNS:0.4473547682248687
CE_PAWNWEAKNESSES:0.4136399737196476
CE_PIECEACTIVITY:0.5165367510581386
CE_KINGPAWNSHIELD:0.5006117456997088
CE_PIECECOORDINATION:0.45403066401351777
CE_MATERIAL:0.3835204094353726
CE_KINGSAFETY:0.5061498180225169
C_PIECESQUARETABLES:0.49548498882966424
C_MOBILITY:0.4657518456396502
C_KINGSAFETY:0.5133827866175604
C_PAWNSTRUCTURE:0.5345325819676745
C_PIECECOORDINATION:0.5001455923926618
C_ROOKANDPAWNMOVEMENT:0.5001455923926618
C_CENTERCONTROL:0.4421869705650387
C_DEVELOPPIECES:0.4656233184830285
C_MATERIAL:0.5021083661834319
