ELO:948
CE_PASSEDPAWNS:0.4807761180276742
CE_PAWNWEAKNESSES:0.5264705111745046
CE_PIECEACTIVITY:0.5162823028303868
CE_KINGPAWNSHIELD:0.47571834486756626
CE_PIECECOORDINATION:0.5090324667552159
CE_MATERIAL:0.5106029479779064
CE_KINGSAFETY:0.5170773032069478
C_PIECESQUARETABLES:0.5195235397072064
C_MOBILITY:0.49752071427282796
C_KINGSAFETY:0.5085379084024445
C_PAWNSTRUCTURE:0.5291732068996117
C_PIECECOORDINATION:0.49071085053100755
C_ROOKANDPAWNMOVEMENT:0.49071085053100755
C_CENTERCONTROL:0.5119467143474213
C_DEVELOPPIECES:0.48257564149344323
C_MATERIAL:0.49502956132315473
C_MOVECOUNT:0.5
