ELO:951
CE_PASSEDPAWNS:0.41822047685582214
CE_PAWNWEAKNESSES:0.4472525848853222
CE_PIECEACTIVITY:0.6031685933174961
CE_KINGPAWNSHIELD:0.49141974311866665
CE_PIECECOORDINATION:0.4482655388926267
CE_MATERIAL:0.3733832599481179
CE_KINGSAFETY:0.4879116227094333
C_PIECESQUARETABLES:0.5080487508834414
C_MOBILITY:0.45114383204579983
C_KINGSAFETY:0.5045379432570286
C_PAWNSTRUCTURE:0.5725255465687742
C_PIECECOORDINATION:0.5119845961465532
C_ROOKANDPAWNMOVEMENT:0.5119845961465532
C_CENTERCONTROL:0.42171190754764015
C_DEVELOPPIECES:0.4471893021006637
C_MATERIAL:0.48923232428360436
