ELO:1060
CE_PASSEDPAWNS:0.49665471019196156
CE_PAWNWEAKNESSES:0.5
CE_PIECEACTIVITY:0.5
CE_KINGPAWNSHIELD:0.5093482941268347
CE_PIECECOORDINATION:0.5053223456183804
CE_MATERIAL:0.5163929973762303
CE_KINGSAFETY:0.5
C_PIECESQUARETABLES:0.5059465496766234
C_MOBILITY:0.5
C_KINGSAFETY:0.48071666629756693
C_PAWNSTRUCTURE:0.4810397474137898
C_PIECECOORDINATION:0.5201670512737098
C_ROOK:0.49956361153595036
CE_ROOK:0.49134650467698565
C_CENTERCONTROL:0.49731026246193105
C_DEVELOPPIECES:0.49283485368857105
C_MATERIAL:0.5083641418491158
C_MOVECOUNT:0.5
C_PAWNMOVEMENT:0.48657398600930984
