ELO:988
CE_PASSEDPAWNS:0.42073392760166833
CE_PAWNWEAKNESSES:0.42500955729757955
CE_PIECEACTIVITY:0.4992604241289867
CE_KINGPAWNSHIELD:0.494974998694597
CE_PIECECOORDINATION:0.4642776744289762
CE_MATERIAL:0.4269738982806449
CE_KINGSAFETY:0.4978477030026652
C_PIECESQUARETABLES:0.5381962550818535
C_MOBILITY:0.46305613100454757
C_KINGSAFETY:0.49016921464301827
C_PAWNSTRUCTURE:0.5145114649817442
C_PIECECOORDINATION:0.5556340700363165
C_ROOKANDPAWNMOVEMENT:0.5556340700363165
C_CENTERCONTROL:0.486337415016726
C_DEVELOPPIECES:0.4603329436119844
C_MATERIAL:0.5360125186049077
