ELO:991
CE_PASSEDPAWNS:0.5253877423674246
CE_PAWNWEAKNESSES:0.4747266971979074
CE_PIECEACTIVITY:0.5256534381721791
CE_KINGPAWNSHIELD:0.542603462243025
CE_PIECECOORDINATION:0.4911184605218088
CE_MATERIAL:0.4633397916673294
CE_KINGSAFETY:0.49699687371956475
C_PIECESQUARETABLES:0.5073060390463446
C_MOBILITY:0.5836313903895851
C_KINGSAFETY:0.5250912115677565
C_PAWNSTRUCTURE:0.46054427260367564
C_PIECECOORDINATION:0.49481266204964397
C_ROOKANDPAWNMOVEMENT:0.49481266204964397
C_CENTERCONTROL:0.42894235410171383
C_DEVELOPPIECES:0.4458058948942252
C_MATERIAL:0.6235069011494492
