ELO:939
CE_PASSEDPAWNS:0.4930411525734898
CE_PAWNWEAKNESSES:0.4520471845581299
CE_PIECEACTIVITY:0.4868659463847222
CE_KINGPAWNSHIELD:0.5454049114032745
CE_PIECECOORDINATION:0.4776262096475388
CE_MATERIAL:0.4915847422393882
CE_KINGSAFETY:0.4878981976035613
C_PIECESQUARETABLES:0.5452862261523738
C_MOBILITY:0.4598289609809814
C_KINGSAFETY:0.5618332737597327
C_PAWNSTRUCTURE:0.49053606041710696
C_PIECECOORDINATION:0.47719629792886703
C_ROOKANDPAWNMOVEMENT:0.47719629792886703
C_CENTERCONTROL:0.5259546025633071
C_DEVELOPPIECES:0.5162716788823852
C_MATERIAL:0.5006867891237957
C_MOVECOUNT:0.5
