ELO:1009
CE_PASSEDPAWNS:0.4958662281063476
CE_PAWNWEAKNESSES:0.49684026511337964
CE_PIECEACTIVITY:0.5
CE_KINGPAWNSHIELD:0.4983758713222311
CE_PIECECOORDINATION:0.49873854789698574
CE_MATERIAL:0.4904497133768877
CE_KINGSAFETY:0.5
C_PIECESQUARETABLES:0.5
C_MOBILITY:0.49351711146634036
C_KINGSAFETY:0.5025815411578843
C_PAWNSTRUCTURE:0.5078121635142162
C_PIECECOORDINATION:0.5194760211535047
C_ROOKANDPAWNMOVEMENT:0.5194760211535047
C_CENTERCONTROL:0.5027207050599509
C_DEVELOPPIECES:0.5104337655063711
C_MATERIAL:0.5012329552298053
C_MOVECOUNT:0.49085348482450475
