ELO:995
CE_PASSEDPAWNS:0.4995785186913413
CE_PAWNWEAKNESSES:0.5144299217541604
CE_PIECEACTIVITY:0.5016651841734834
CE_KINGPAWNSHIELD:0.5072868041119571
CE_PIECECOORDINATION:0.48057449394068535
CE_MATERIAL:0.5194996112264925
CE_KINGSAFETY:0.469925121934811
C_PIECESQUARETABLES:0.48801462349051156
C_MOBILITY:0.48585428547257775
C_KINGSAFETY:0.4959579169763214
C_PAWNSTRUCTURE:0.49724099321832166
C_PIECECOORDINATION:0.4920893757624087
C_ROOKANDPAWNMOVEMENT:0.4920893757624087
C_CENTERCONTROL:0.5040477922842227
C_DEVELOPPIECES:0.5170822792298346
C_MATERIAL:0.5154870929767192
C_MOVECOUNT:0.5
