ELO:977
CE_PASSEDPAWNS:0.421866990294124
CE_PAWNWEAKNESSES:0.5105394307094786
CE_PIECEACTIVITY:0.5460960940988434
CE_KINGPAWNSHIELD:0.49853151066531176
CE_PIECECOORDINATION:0.5032772495703688
CE_MATERIAL:0.5334749518040921
CE_KINGSAFETY:0.4920962240529616
C_PIECESQUARETABLES:0.5
C_MOBILITY:0.49860310079977727
C_KINGSAFETY:0.5155162278840324
C_PAWNSTRUCTURE:0.5221543894551163
C_PIECECOORDINATION:0.5178845119206233
C_ROOKANDPAWNMOVEMENT:0.5178845119206233
C_CENTERCONTROL:0.5097089286759533
C_DEVELOPPIECES:0.5
C_MATERIAL:0.4992997349998976
C_MOVECOUNT:0.5
