ELO:1000
CE_PASSEDPAWNS:0.5346316168379724
CE_PAWNWEAKNESSES:0.512467268900895
CE_PIECEACTIVITY:0.49341912927072396
CE_KINGPAWNSHIELD:0.5309728272264448
CE_PIECECOORDINATION:0.5163886153884947
CE_MATERIAL:0.5007634461523408
CE_KINGSAFETY:0.48579689309423896
C_PIECESQUARETABLES:0.4853534045349413
C_MOBILITY:0.4924405640759755
C_KINGSAFETY:0.4924188474414828
C_PAWNSTRUCTURE:0.4764620641616107
C_PIECECOORDINATION:0.4757885823612083
C_ROOKANDPAWNMOVEMENT:0.4757885823612083
C_CENTERCONTROL:0.5155143078414848
C_DEVELOPPIECES:0.49762859476674015
C_MATERIAL:0.46066679160123314
