ELO:953
CE_PASSEDPAWNS:0.42558919174278936
CE_PAWNWEAKNESSES:0.5183799106555421
CE_PIECEACTIVITY:0.48519131366930934
CE_KINGPAWNSHIELD:0.4915467075536097
CE_PIECECOORDINATION:0.5037744621352461
CE_MATERIAL:0.518233135680245
CE_KINGSAFETY:0.5035355930427813
C_PIECESQUARETABLES:0.4974573583877765
C_MOBILITY:0.5896183032695658
C_KINGSAFETY:0.6284416098548157
C_PAWNSTRUCTURE:0.42491863716177924
C_PIECECOORDINATION:0.5109992522618357
C_ROOKANDPAWNMOVEMENT:0.5109992522618357
C_CENTERCONTROL:0.4702451010931362
C_DEVELOPPIECES:0.570038361123969
C_MATERIAL:0.5043406125091953
