ELO:667
CE_PASSEDPAWNS:0.5975375503785679
CE_PAWNWEAKNESSES:0.5718208096362759
CE_PIECEACTIVITY:0.5779932634796181
CE_KINGPAWNSHIELD:0.5242621739689538
CE_PIECECOORDINATION:0.46404412345372553
CE_MATERIAL:0.4748145238815087
CE_KINGSAFETY:0.4499046557115216
C_PIECESQUARETABLES:0.5693191491112095
C_MOBILITY:0.46639520172103366
C_KINGSAFETY:0.5193401287348027
C_PAWNSTRUCTURE:0.5280028471593194
C_PIECECOORDINATION:0.4908582574219343
C_ROOKANDPAWNMOVEMENT:0.4908582574219343
C_CENTERCONTROL:0.4936096076283941
C_DEVELOPPIECES:0.4317058891855753
C_MATERIAL:0.5192590686402485
C_MOVECOUNT:0.46143023296233987
