ELO:998
CE_PASSEDPAWNS:0.5347088842841368
CE_PAWNWEAKNESSES:0.5015270155036967
CE_PIECEACTIVITY:0.3970213769252858
CE_KINGPAWNSHIELD:0.5187670214506178
CE_PIECECOORDINATION:0.5282023270927461
CE_MATERIAL:0.42765559395896935
CE_KINGSAFETY:0.47072798346053496
C_PIECESQUARETABLES:0.4959892427812037
C_MOBILITY:0.5227865559287425
C_KINGSAFETY:0.48503561247397237
C_PAWNSTRUCTURE:0.46784833101917295
C_PIECECOORDINATION:0.5695183831512062
C_ROOKANDPAWNMOVEMENT:0.5695183831512062
C_CENTERCONTROL:0.4696653658667174
C_DEVELOPPIECES:0.4597477062043734
C_MATERIAL:0.4628664590649602
