ELO:999
CE_PASSEDPAWNS:0.5419292703514921
CE_PAWNWEAKNESSES:0.5128400356807078
CE_PIECEACTIVITY:0.390051899143162
CE_KINGPAWNSHIELD:0.5015909087480822
CE_PIECECOORDINATION:0.5315777301423844
CE_MATERIAL:0.4238481590261329
CE_KINGSAFETY:0.5
C_PIECESQUARETABLES:0.488763462696204
C_MOBILITY:0.5067902695304739
C_KINGSAFETY:0.5046732030933754
C_PAWNSTRUCTURE:0.4230648025285467
C_PIECECOORDINATION:0.5140172882551068
C_ROOKANDPAWNMOVEMENT:0.5140172882551068
C_CENTERCONTROL:0.4974925043054309
C_DEVELOPPIECES:0.47157082376668197
C_MATERIAL:0.4684394315603428
