ELO:949
CE_PASSEDPAWNS:0.508081329886324
CE_PAWNWEAKNESSES:0.4735354537779157
CE_PIECEACTIVITY:0.4938197818753574
CE_KINGPAWNSHIELD:0.5051183109239622
CE_PIECECOORDINATION:0.5
CE_MATERIAL:0.5016471678781425
CE_KINGSAFETY:0.48582078113266347
C_PIECESQUARETABLES:0.506990470270166
C_MOBILITY:0.47742086323956073
C_KINGSAFETY:0.5273978974834485
C_PAWNSTRUCTURE:0.5095131344510413
C_PIECECOORDINATION:0.49471008090412383
C_ROOKANDPAWNMOVEMENT:0.49471008090412383
C_CENTERCONTROL:0.5004598979842929
C_DEVELOPPIECES:0.49161248597844454
C_MATERIAL:0.529958066532509
C_MOVECOUNT:0.5
