ELO:1014
CE_PASSEDPAWNS:0.5
CE_PAWNWEAKNESSES:0.516665553560306
CE_PIECEACTIVITY:0.4991645784679515
CE_KINGPAWNSHIELD:0.497338835077447
CE_PIECECOORDINATION:0.5065703288435095
CE_MATERIAL:0.5024843489334169
CE_KINGSAFETY:0.4805801292813241
C_PIECESQUARETABLES:0.5
C_MOBILITY:0.4846565382441782
C_KINGSAFETY:0.4974109112635032
C_PAWNSTRUCTURE:0.5058192631223846
C_PIECECOORDINATION:0.5036097950614675
C_ROOKANDPAWNMOVEMENT:0.5036097950614675
C_CENTERCONTROL:0.5044534489822123
C_DEVELOPPIECES:0.4804967811963155
C_MATERIAL:0.48906366186096784
