ELO:1000
CE_PASSEDPAWNS:0.5083354440321538
CE_PAWNWEAKNESSES:0.5
CE_PIECEACTIVITY:0.5
CE_KINGPAWNSHIELD:0.4970867743192017
CE_PIECECOORDINATION:0.5
CE_MATERIAL:0.5012969149830638
CE_KINGSAFETY:0.48968420668160906
C_PIECESQUARETABLES:0.5059742710677463
C_MOBILITY:0.5069783072997707
C_KINGSAFETY:0.5024563031306517
C_PAWNSTRUCTURE:0.5
C_PIECECOORDINATION:0.5104288600789462
C_ROOKANDPAWNMOVEMENT:0.5104288600789462
C_CENTERCONTROL:0.5
C_DEVELOPPIECES:0.47941384691872235
C_MATERIAL:0.4908347171609023
C_MOVECOUNT:0.5
