ELO:1020
CE_PASSEDPAWNS:0.48432574673130596
CE_PAWNWEAKNESSES:0.4758549934309976
CE_PIECEACTIVITY:0.5207299092689729
CE_KINGPAWNSHIELD:0.4698284432665263
CE_PIECECOORDINATION:0.5125035609083783
CE_MATERIAL:0.49130699122501675
CE_KINGSAFETY:0.5
C_PIECESQUARETABLES:0.5
C_MOBILITY:0.4937456117851953
C_KINGSAFETY:0.5073744283588497
C_PAWNSTRUCTURE:0.5125440906912597
C_PIECECOORDINATION:0.5363186862243169
C_ROOK:0.4948082457351587
CE_ROOK:0.4671050931683059
C_CENTERCONTROL:0.48513109523155706
C_DEVELOPPIECES:0.5149028448848842
C_MATERIAL:0.4918570220241463
C_MOVECOUNT:0.5138152306010111
C_PAWNMOVEMENT:0.502808155716578
