ELO:1228
CE_PASSEDPAWNS:0.4382366343002822
CE_PAWNWEAKNESSES:0.5587060085543466
CE_PIECEACTIVITY:0.5522746466820494
CE_KINGPAWNSHIELD:0.4192008746090767
CE_PIECECOORDINATION:0.4873024344899622
CE_MATERIAL:0.4243291042867296
CE_KINGSAFETY:0.5032111149155277
C_PIECESQUARETABLES:0.48682959587113367
C_MOBILITY:0.42574982091327285
C_KINGSAFETY:0.4380514071991285
C_PAWNSTRUCTURE:0.5323826675533602
C_PIECECOORDINATION:0.5166291186583384
C_ROOKANDPAWNMOVEMENT:0.5166291186583384
C_CENTERCONTROL:0.5617370007991924
C_DEVELOPPIECES:0.4768833993769815
C_MATERIAL:0.6207155360252895
