ELO:1098
CE_PASSEDPAWNS:0.398140655493675
CE_PAWNWEAKNESSES:0.5149139510370832
CE_PIECEACTIVITY:0.44028113545774944
CE_KINGPAWNSHIELD:0.4385485775007467
CE_PIECECOORDINATION:0.4832835859844739
CE_MATERIAL:0.47991007566097194
CE_KINGSAFETY:0.5
C_PIECESQUARETABLES:0.5
C_MOBILITY:0.46767742123060746
C_KINGSAFETY:0.35557480878985126
C_PAWNSTRUCTURE:0.6038857786206357
C_PIECECOORDINATION:0.5774318079240505
C_ROOKANDPAWNMOVEMENT:0.5774318079240505
C_CENTERCONTROL:0.45834753030025016
C_DEVELOPPIECES:0.48129453728084487
C_MATERIAL:0.5636378109575684
