ELO:953
CE_PASSEDPAWNS:0.43566595299630456
CE_PAWNWEAKNESSES:0.5226629884406665
CE_PIECEACTIVITY:0.48222169433971107
CE_KINGPAWNSHIELD:0.48760693331496036
CE_PIECECOORDINATION:0.5112022974165233
CE_MATERIAL:0.5358253544660836
CE_KINGSAFETY:0.4971745290991364
C_PIECESQUARETABLES:0.4869789131549444
C_MOBILITY:0.5781227341125272
C_KINGSAFETY:0.6230643924374843
C_PAWNSTRUCTURE:0.4256880794780517
C_PIECECOORDINATION:0.5016219054159325
C_ROOKANDPAWNMOVEMENT:0.5016219054159325
C_CENTERCONTROL:0.4702451010931362
C_DEVELOPPIECES:0.5834331260291372
C_MATERIAL:0.5043406125091953
