ELO:1052
CE_PASSEDPAWNS:0.4686641297881342
CE_PAWNWEAKNESSES:0.49518387285247856
CE_PIECEACTIVITY:0.5420593615453828
CE_KINGPAWNSHIELD:0.48619113301681083
CE_PIECECOORDINATION:0.46544225017118723
CE_MATERIAL:0.32825532516451483
CE_KINGSAFETY:0.47216895786555185
C_PIECESQUARETABLES:0.5
C_MOBILITY:0.3494544413743564
C_KINGSAFETY:0.4224016425187497
C_PAWNSTRUCTURE:0.5235930949696724
C_PIECECOORDINATION:0.4494020261664966
C_ROOKANDPAWNMOVEMENT:0.4494020261664966
C_CENTERCONTROL:0.439623262352501
C_DEVELOPPIECES:0.5096501860729029
C_MATERIAL:0.5183123789618234
