ELO:1006
CE_PASSEDPAWNS:0.5
CE_PAWNWEAKNESSES:0.5
CE_PIECEACTIVITY:0.5
CE_KINGPAWNSHIELD:0.493704561333774
CE_PIECECOORDINATION:0.4955918969048152
CE_MATERIAL:0.4992162715614622
CE_KINGSAFETY:0.507294787754042
C_PIECESQUARETABLES:0.5056445201793089
C_MOBILITY:0.5020226472215311
C_KINGSAFETY:0.5045389568668314
C_PAWNSTRUCTURE:0.4997800201012472
C_PIECECOORDINATION:0.5
C_ROOKANDPAWNMOVEMENT:0.5
C_CENTERCONTROL:0.5054761108141245
C_DEVELOPPIECES:0.49871905631038715
C_MATERIAL:0.48862767242513433
