ELO:973
CE_PASSEDPAWNS:0.5467953775668972
CE_PAWNWEAKNESSES:0.5
CE_PIECEACTIVITY:0.5173613475769865
CE_KINGPAWNSHIELD:0.4877635630582925
CE_PIECECOORDINATION:0.5466120727829046
CE_MATERIAL:0.5115925755377865
CE_KINGSAFETY:0.5006390939930903
C_PIECESQUARETABLES:0.48583410603797733
C_MOBILITY:0.44609642294100854
C_KINGSAFETY:0.4984178197499629
C_PAWNSTRUCTURE:0.4637404480517205
C_PIECECOORDINATION:0.4840943794637862
C_ROOKANDPAWNMOVEMENT:0.4840943794637862
C_CENTERCONTROL:0.48632642383630886
C_DEVELOPPIECES:0.5118379218180764
C_MATERIAL:0.5021015338322824
C_MOVECOUNT:0.5
