ELO:833
CE_PASSEDPAWNS:0.5973910287700548
CE_PAWNWEAKNESSES:0.46179041434538
CE_PIECEACTIVITY:0.5085753440712344
CE_KINGPAWNSHIELD:0.5297394781950194
CE_PIECECOORDINATION:0.5066291457358033
CE_MATERIAL:0.5185822082839853
CE_KINGSAFETY:0.4729804223798275
C_PIECESQUARETABLES:0.5261969351099481
C_MOBILITY:0.4917910093839652
C_KINGSAFETY:0.5125610970442683
C_PAWNSTRUCTURE:0.5060010282498411
C_PIECECOORDINATION:0.5297976553870678
C_ROOKANDPAWNMOVEMENT:0.5297976553870678
C_CENTERCONTROL:0.49875081758556444
C_DEVELOPPIECES:0.4947476803186779
C_MATERIAL:0.5090692190179948
C_MOVECOUNT:0.4627472628823357
