ELO:955
CE_PASSEDPAWNS:0.4763895689165624
CE_PAWNWEAKNESSES:0.4871207369913077
CE_PIECEACTIVITY:0.5249075605974268
CE_KINGPAWNSHIELD:0.5204591321635045
CE_PIECECOORDINATION:0.49223003390966963
CE_MATERIAL:0.49610834812513765
CE_KINGSAFETY:0.5
C_PIECESQUARETABLES:0.5
C_MOBILITY:0.5067914805658985
C_KINGSAFETY:0.5010187222908866
C_PAWNSTRUCTURE:0.5
C_PIECECOORDINATION:0.5025759154981908
C_ROOKANDPAWNMOVEMENT:0.5025759154981908
C_CENTERCONTROL:0.5177401854251251
C_DEVELOPPIECES:0.4944785761930439
C_MATERIAL:0.4991477140736271
C_MOVECOUNT:0.5
