ELO:901
CE_PASSEDPAWNS:0.5098854220695205
CE_PAWNWEAKNESSES:0.4856012258408667
CE_PIECEACTIVITY:0.5134542297468428
CE_KINGPAWNSHIELD:0.4960264747473825
CE_PIECECOORDINATION:0.5150006591052401
CE_MATERIAL:0.5201231269249912
CE_KINGSAFETY:0.5313630054581806
C_PIECESQUARETABLES:0.5226014816967629
C_MOBILITY:0.4805406070668337
C_KINGSAFETY:0.4889206258978558
C_PAWNSTRUCTURE:0.5418583908273595
C_PIECECOORDINATION:0.5053510340734162
C_ROOKANDPAWNMOVEMENT:0.5053510340734162
C_CENTERCONTROL:0.48862076932931414
C_DEVELOPPIECES:0.5312487708053744
C_MATERIAL:0.49530971832579906
C_MOVECOUNT:0.46651852002947874
