ELO:1268
CE_PASSEDPAWNS:0.4575949883343276
CE_PAWNWEAKNESSES:0.44542974891888637
CE_PIECEACTIVITY:0.4378818512389367
CE_KINGPAWNSHIELD:0.46848208291007115
CE_PIECECOORDINATION:0.5186002697884646
CE_MATERIAL:0.46500596851515397
CE_KINGSAFETY:0.5
C_PIECESQUARETABLES:0.5
C_MOBILITY:0.4775985995231743
C_KINGSAFETY:0.35557480878985126
C_PAWNSTRUCTURE:0.5669648723719483
C_PIECECOORDINATION:0.5824912919337145
C_ROOKANDPAWNMOVEMENT:0.5824912919337145
C_CENTERCONTROL:0.5482880801453185
C_DEVELOPPIECES:0.4366559082705016
C_MATERIAL:0.5636378109575684
