ELO:1011
CE_PASSEDPAWNS:0.49617318844310465
CE_PAWNWEAKNESSES:0.5
CE_PIECEACTIVITY:0.5011370556210296
CE_KINGPAWNSHIELD:0.4852929831378324
CE_PIECECOORDINATION:0.48823403607620225
CE_MATERIAL:0.5
CE_KINGSAFETY:0.5031802304457487
C_PIECESQUARETABLES:0.5092231451986663
C_MOBILITY:0.5
C_KINGSAFETY:0.4992530704627697
C_PAWNSTRUCTURE:0.5123810667074609
C_PIECECOORDINATION:0.5116183021966884
C_ROOKANDPAWNMOVEMENT:0.5116183021966884
C_CENTERCONTROL:0.5
C_DEVELOPPIECES:0.5080115214581438
C_MATERIAL:0.49314999238705004
C_MOVECOUNT:0.5065648576180756
