ELO:1012
CE_PASSEDPAWNS:0.48648259105472186
CE_PAWNWEAKNESSES:0.46438951102857134
CE_PIECEACTIVITY:0.4854613966948286
CE_KINGPAWNSHIELD:0.4698284432665263
CE_PIECECOORDINATION:0.545778122978973
CE_MATERIAL:0.5168195112840839
CE_KINGSAFETY:0.5104964106836474
C_PIECESQUARETABLES:0.5078691913601301
C_MOBILITY:0.4937456117851953
C_KINGSAFETY:0.4804921954308127
C_PAWNSTRUCTURE:0.48559524386073044
C_PIECECOORDINATION:0.5164964441641188
C_ROOK:0.5467857582005999
CE_ROOK:0.5258252519866008
C_CENTERCONTROL:0.47546309063142794
C_DEVELOPPIECES:0.5175817372905877
C_MATERIAL:0.4883292142315665
C_MOVECOUNT:0.514552001777853
C_PAWNMOVEMENT:0.4867948927946166
