ELO:891
CE_PASSEDPAWNS:0.5212700835443915
CE_PAWNWEAKNESSES:0.45718671410093376
CE_PIECEACTIVITY:0.46645449343476103
CE_KINGPAWNSHIELD:0.4864681874545983
CE_PIECECOORDINATION:0.48532040849744074
CE_MATERIAL:0.5233932778075703
CE_KINGSAFETY:0.49034864745024614
C_PIECESQUARETABLES:0.5195575058492989
C_MOBILITY:0.49703330833369874
C_KINGSAFETY:0.4941022244820958
C_PAWNSTRUCTURE:0.4609169103062615
C_PIECECOORDINATION:0.4814708765137243
C_ROOK:0.4813428139698454
CE_ROOK:0.5040816425121541
C_CENTERCONTROL:0.49287875481088056
C_DEVELOPPIECES:0.55467347340885
C_MATERIAL:0.49943287991216595
C_MOVECOUNT:0.49974050766092754
C_PAWNMOVEMENT:0.47735023088146106
