ELO:991
CE_PASSEDPAWNS:0.5057834810191204
CE_PAWNWEAKNESSES:0.48933276674165144
CE_PIECEACTIVITY:0.493999400065287
CE_KINGPAWNSHIELD:0.5
CE_PIECECOORDINATION:0.5032130862791409
CE_MATERIAL:0.5004101417262363
CE_KINGSAFETY:0.5
C_PIECESQUARETABLES:0.4953281518010447
C_MOBILITY:0.5005124092841016
C_KINGSAFETY:0.49320098498692155
C_PAWNSTRUCTURE:0.5037912252872175
C_PIECECOORDINATION:0.5201816382609504
C_ROOKANDPAWNMOVEMENT:0.5201816382609504
C_CENTERCONTROL:0.5017046843167315
C_DEVELOPPIECES:0.5201624369371033
C_MATERIAL:0.5106889371295583
C_MOVECOUNT:0.49402032781578775
