ELO:971
CE_PASSEDPAWNS:0.5017170672741337
CE_PAWNWEAKNESSES:0.49980589606097403
CE_PIECEACTIVITY:0.5025516426062608
CE_KINGPAWNSHIELD:0.5005311397137886
CE_PIECECOORDINATION:0.48369931721270354
CE_MATERIAL:0.49826675981698254
CE_KINGSAFETY:0.5
C_PIECESQUARETABLES:0.5
C_MOBILITY:0.490971264576086
C_KINGSAFETY:0.4837358638242074
C_PAWNSTRUCTURE:0.4925946136719331
C_PIECECOORDINATION:0.4993868674905577
C_ROOK:0.4882906831944199
CE_ROOK:0.49860481575564164
C_CENTERCONTROL:0.5122596979888903
C_DEVELOPPIECES:0.527339437508028
C_MATERIAL:0.49870141964144243
C_MOVECOUNT:0.5005629513508492
C_PAWNMOVEMENT:0.5004772319789158
