ELO:532
CE_PASSEDPAWNS:0.47498923361443496
CE_PAWNWEAKNESSES:0.4437654328812493
CE_PIECEACTIVITY:0.4446242361997848
CE_KINGPAWNSHIELD:0.5052892327561757
CE_PIECECOORDINATION:0.45062581659318857
CE_MATERIAL:0.5658444621299177
CE_KINGSAFETY:0.5373244562468756
C_PIECESQUARETABLES:0.5818425742784821
C_MOBILITY:0.6172166693955943
C_KINGSAFETY:0.43862575618465766
C_PAWNSTRUCTURE:0.43589327521046867
C_PIECECOORDINATION:0.5751627623256236
C_ROOKANDPAWNMOVEMENT:0.5751627623256236
C_CENTERCONTROL:0.5562125226379729
C_DEVELOPPIECES:0.5312534075089935
C_MATERIAL:0.5147641994900487
C_MOVECOUNT:0.5
