ELO:991
CE_PASSEDPAWNS:0.44862629287358907
CE_PAWNWEAKNESSES:0.6096399271284101
CE_PIECEACTIVITY:0.5170325858592104
CE_KINGPAWNSHIELD:0.46813845558373357
CE_PIECECOORDINATION:0.5353976823124726
CE_MATERIAL:0.39104502808480684
CE_KINGSAFETY:0.5036298992357996
C_PIECESQUARETABLES:0.49245120561250494
C_MOBILITY:0.5531821123664862
C_KINGSAFETY:0.3446241740766833
C_PAWNSTRUCTURE:0.4748769304493732
C_PIECECOORDINATION:0.5457148205971487
C_ROOKANDPAWNMOVEMENT:0.5457148205971487
C_CENTERCONTROL:0.5663823715426605
C_DEVELOPPIECES:0.45347581956187877
C_MATERIAL:0.48576292531289056
