ELO:1029
CE_PASSEDPAWNS:0.4644068839875412
CE_PAWNWEAKNESSES:0.4380679284868972
CE_PIECEACTIVITY:0.5441808282861778
CE_KINGPAWNSHIELD:0.4870015035711748
CE_PIECECOORDINATION:0.5258129137782541
CE_MATERIAL:0.502964011992078
CE_KINGSAFETY:0.47687409147850235
C_PIECESQUARETABLES:0.5013021931659628
C_MOBILITY:0.5467137362291017
C_KINGSAFETY:0.4115852631132864
C_PAWNSTRUCTURE:0.5269404566222538
C_PIECECOORDINATION:0.5356562264780069
C_ROOKANDPAWNMOVEMENT:0.5356562264780069
C_CENTERCONTROL:0.43066777505037235
C_DEVELOPPIECES:0.5641067386467536
C_MATERIAL:0.6477653485198398
