ELO:993
CE_PASSEDPAWNS:0.501573030139073
CE_PAWNWEAKNESSES:0.5069894194012635
CE_PIECEACTIVITY:0.5
CE_KINGPAWNSHIELD:0.5
CE_PIECECOORDINATION:0.49191093936539976
CE_MATERIAL:0.49463864926729806
CE_KINGSAFETY:0.48770729293880083
C_PIECESQUARETABLES:0.5118499410381363
C_MOBILITY:0.5040787530700573
C_KINGSAFETY:0.50700845573482
C_PAWNSTRUCTURE:0.49096604947871186
C_PIECECOORDINATION:0.4928048012694883
C_ROOKANDPAWNMOVEMENT:0.4928048012694883
C_CENTERCONTROL:0.48832718475450737
C_DEVELOPPIECES:0.48924492360649724
C_MATERIAL:0.5051501722437082
C_MOVECOUNT:0.5
