ELO:1000
CE_PASSEDPAWNS:0.5172593533092668
CE_PAWNWEAKNESSES:0.5213604362673241
CE_PIECEACTIVITY:0.49341912927072396
CE_KINGPAWNSHIELD:0.516228480663664
CE_PIECECOORDINATION:0.5256433842026227
CE_MATERIAL:0.5022425732231176
CE_KINGSAFETY:0.4847259768305486
C_PIECESQUARETABLES:0.4951984216089095
C_MOBILITY:0.490641414755966
C_KINGSAFETY:0.49105851500998837
C_PAWNSTRUCTURE:0.47759885230787397
C_PIECECOORDINATION:0.4756524310952165
C_ROOKANDPAWNMOVEMENT:0.4756524310952165
C_CENTERCONTROL:0.5185183869058567
C_DEVELOPPIECES:0.48075407851461877
C_MATERIAL:0.4521919328929807
