ELO:1013
CE_PASSEDPAWNS:0.49028050173795196
CE_PAWNWEAKNESSES:0.5058600453412452
CE_PIECEACTIVITY:0.5066424980284666
CE_KINGPAWNSHIELD:0.5377994068347833
CE_PIECECOORDINATION:0.5054984900123752
CE_MATERIAL:0.5445469493693262
CE_KINGSAFETY:0.5
C_PIECESQUARETABLES:0.5
C_MOBILITY:0.4961589988435747
C_KINGSAFETY:0.49861860869754215
C_PAWNSTRUCTURE:0.5038146513846126
C_PIECECOORDINATION:0.5256317355684392
C_ROOK:0.4952948093751176
CE_ROOK:0.4788438337428083
C_CENTERCONTROL:0.48100842722397014
C_DEVELOPPIECES:0.5136122327187768
C_MATERIAL:0.49849828796241874
C_MOVECOUNT:0.5138152306010111
C_PAWNMOVEMENT:0.4761727696428061
