ELO:1268
CE_PASSEDPAWNS:0.4271339491974158
CE_PAWNWEAKNESSES:0.5915994779852465
CE_PIECEACTIVITY:0.4576057145571814
CE_KINGPAWNSHIELD:0.4621800518492834
CE_PIECECOORDINATION:0.5186002697884646
CE_MATERIAL:0.4879868932312145
CE_KINGSAFETY:0.5
C_PIECESQUARETABLES:0.5
C_MOBILITY:0.36925351823095254
C_KINGSAFETY:0.39963621770432795
C_PAWNSTRUCTURE:0.5565549327089838
C_PIECECOORDINATION:0.5774318079240505
C_ROOKANDPAWNMOVEMENT:0.5774318079240505
C_CENTERCONTROL:0.46964910462107323
C_DEVELOPPIECES:0.5684118937704338
C_MATERIAL:0.5627418685303461
