ELO:1240
CE_PASSEDPAWNS:0.5316774334477373
CE_PAWNWEAKNESSES:0.46412013160657944
CE_PIECEACTIVITY:0.5602580437132482
CE_KINGPAWNSHIELD:0.4865580759825473
CE_PIECECOORDINATION:0.46625420215041063
CE_MATERIAL:0.48351512915756834
CE_KINGSAFETY:0.4979940340181113
C_PIECESQUARETABLES:0.4999464690667987
C_MOBILITY:0.46261598003579885
C_KINGSAFETY:0.413327142784105
C_PAWNSTRUCTURE:0.5854761076582531
C_PIECECOORDINATION:0.569191935982238
C_ROOKANDPAWNMOVEMENT:0.569191935982238
C_CENTERCONTROL:0.5310609292704748
C_DEVELOPPIECES:0.522277324323065
C_MATERIAL:0.5852273520815372
