ELO:1268
CE_PASSEDPAWNS:0.4575949883343276
CE_PAWNWEAKNESSES:0.5915994779852465
CE_PIECEACTIVITY:0.4378818512389367
CE_KINGPAWNSHIELD:0.45195813534504686
CE_PIECECOORDINATION:0.5138962178399454
CE_MATERIAL:0.4879868932312145
CE_KINGSAFETY:0.5
C_PIECESQUARETABLES:0.5
C_MOBILITY:0.4575944242744406
C_KINGSAFETY:0.35456652827360086
C_PAWNSTRUCTURE:0.48831902165202895
C_PIECECOORDINATION:0.5824912919337145
C_ROOKANDPAWNMOVEMENT:0.5824912919337145
C_CENTERCONTROL:0.5482880801453185
C_DEVELOPPIECES:0.47008433718429665
C_MATERIAL:0.5636378109575684
