ELO:986
CE_PASSEDPAWNS:0.5183454936388641
CE_PAWNWEAKNESSES:0.5003832115082663
CE_PIECEACTIVITY:0.4989327028024408
CE_KINGPAWNSHIELD:0.5126054886740042
CE_PIECECOORDINATION:0.4943957177175353
CE_MATERIAL:0.5005915077904791
CE_KINGSAFETY:0.5
C_PIECESQUARETABLES:0.496960254222449
C_MOBILITY:0.5040710800883257
C_KINGSAFETY:0.4771211634484618
C_PAWNSTRUCTURE:0.5129287606136734
C_PIECECOORDINATION:0.5204661855986982
C_ROOKANDPAWNMOVEMENT:0.5204661855986982
C_CENTERCONTROL:0.5169336954800383
C_DEVELOPPIECES:0.5062291590240421
C_MATERIAL:0.4807631144534342
C_MOVECOUNT:0.5394185778761772
