ELO:934
CE_PASSEDPAWNS:0.46879427345527014
CE_PAWNWEAKNESSES:0.6462791055891429
CE_PIECEACTIVITY:0.5388093001243511
CE_KINGPAWNSHIELD:0.47370550673608575
CE_PIECECOORDINATION:0.5721038871084628
CE_MATERIAL:0.4010942851756981
CE_KINGSAFETY:0.5194878204851981
C_PIECESQUARETABLES:0.5181164155428362
C_MOBILITY:0.5345082181362145
C_KINGSAFETY:0.3941029024106786
C_PAWNSTRUCTURE:0.52958743661185
C_PIECECOORDINATION:0.5643785036396671
C_ROOKANDPAWNMOVEMENT:0.5643785036396671
C_CENTERCONTROL:0.5494578094501
C_DEVELOPPIECES:0.48626885850993545
C_MATERIAL:0.5233403183584404
