ELO:1160
CE_PASSEDPAWNS:0.5955037066111589
CE_PAWNWEAKNESSES:0.43696633587038325
CE_PIECEACTIVITY:0.5938762578515472
CE_KINGPAWNSHIELD:0.6208131797722044
CE_PIECECOORDINATION:0.5449900128502336
CE_MATERIAL:0.39783305558335186
CE_KINGSAFETY:0.5
C_PIECESQUARETABLES:0.5
C_MOBILITY:0.4455170774255024
C_KINGSAFETY:0.30807903020254146
C_PAWNSTRUCTURE:0.4417501100211813
C_PIECECOORDINATION:0.36062421724656424
C_ROOKANDPAWNMOVEMENT:0.36062421724656424
C_CENTERCONTROL:0.4971758326519334
C_DEVELOPPIECES:0.464302331748555
C_MATERIAL:0.4073474203952967
