ELO:1008
CE_PASSEDPAWNS:0.49515139050039503
CE_PAWNWEAKNESSES:0.5
CE_PIECEACTIVITY:0.5
CE_KINGPAWNSHIELD:0.5
CE_PIECECOORDINATION:0.49961348198612343
CE_MATERIAL:0.5
CE_KINGSAFETY:0.5
C_PIECESQUARETABLES:0.5081695945730959
C_MOBILITY:0.5
C_KINGSAFETY:0.4897030630478843
C_PAWNSTRUCTURE:0.4982620291128113
C_PIECECOORDINATION:0.5
C_ROOKANDPAWNMOVEMENT:0.5
C_CENTERCONTROL:0.5054761108141245
C_DEVELOPPIECES:0.5
C_MATERIAL:0.49685031216377606
