ELO:799
CE_PASSEDPAWNS:0.6210366860718735
CE_PAWNWEAKNESSES:0.5427716910663529
CE_PIECEACTIVITY:0.5251337363932465
CE_KINGPAWNSHIELD:0.5059896524945139
CE_PIECECOORDINATION:0.4944345717877958
CE_MATERIAL:0.48755359460760894
CE_KINGSAFETY:0.4718376610117207
C_PIECESQUARETABLES:0.5171519814788971
C_MOBILITY:0.5074206405604191
C_KINGSAFETY:0.5628525532827701
C_PAWNSTRUCTURE:0.5127143598462577
C_PIECECOORDINATION:0.5090787706867865
C_ROOKANDPAWNMOVEMENT:0.5090787706867865
C_CENTERCONTROL:0.501767096027452
C_DEVELOPPIECES:0.4885083951114332
C_MATERIAL:0.5169347637168263
C_MOVECOUNT:0.45451307237383787
