ELO:999
CE_PASSEDPAWNS:0.5412894883414604
CE_PAWNWEAKNESSES:0.51435720526681
CE_PIECEACTIVITY:0.39210312396043234
CE_KINGPAWNSHIELD:0.5243414520841958
CE_PIECECOORDINATION:0.5299306015349365
CE_MATERIAL:0.42459104987203206
CE_KINGSAFETY:0.5008763683149121
C_PIECESQUARETABLES:0.5127198376666334
C_MOBILITY:0.5199440774919123
C_KINGSAFETY:0.4914776627884413
C_PAWNSTRUCTURE:0.4300179166346555
C_PIECECOORDINATION:0.543500510316496
C_ROOKANDPAWNMOVEMENT:0.543500510316496
C_CENTERCONTROL:0.4987076341007657
C_DEVELOPPIECES:0.4734051977284135
C_MATERIAL:0.4601830602221824
