ELO:885
CE_PASSEDPAWNS:0.5207621777572786
CE_PAWNWEAKNESSES:0.45718671410093376
CE_PIECEACTIVITY:0.4701007327791279
CE_KINGPAWNSHIELD:0.4864681874545983
CE_PIECECOORDINATION:0.48532040849744074
CE_MATERIAL:0.5118831715051961
CE_KINGSAFETY:0.5
C_PIECESQUARETABLES:0.5
C_MOBILITY:0.5022928042558332
C_KINGSAFETY:0.4819474067064363
C_PAWNSTRUCTURE:0.4662542853308335
C_PIECECOORDINATION:0.47896230814144397
C_ROOK:0.48056957203986084
CE_ROOK:0.5163285787326553
C_CENTERCONTROL:0.4918808416173918
C_DEVELOPPIECES:0.5658551501030975
C_MATERIAL:0.5028910570888584
C_MOVECOUNT:0.4929295044673758
C_PAWNMOVEMENT:0.47735023088146106
