ELO:981
CE_PASSEDPAWNS:0.48648259105472186
CE_PAWNWEAKNESSES:0.47712442260627624
CE_PIECEACTIVITY:0.48045254920976554
CE_KINGPAWNSHIELD:0.4698284432665263
CE_PIECECOORDINATION:0.5414519926589668
CE_MATERIAL:0.5120522981033615
CE_KINGSAFETY:0.5
C_PIECESQUARETABLES:0.49759630575975766
C_MOBILITY:0.49218574721861663
C_KINGSAFETY:0.4839863616891635
C_PAWNSTRUCTURE:0.4878587108475219
C_PIECECOORDINATION:0.5128678681288806
C_ROOK:0.5467857582005999
CE_ROOK:0.5258252519866008
C_CENTERCONTROL:0.48337805270955686
C_DEVELOPPIECES:0.5070647715184469
C_MATERIAL:0.49865224333261166
C_MOVECOUNT:0.5132053882329161
C_PAWNMOVEMENT:0.49740804981127923
