ELO:944
CE_PASSEDPAWNS:0.5080095705965677
CE_PAWNWEAKNESSES:0.4620764608382348
CE_PIECEACTIVITY:0.5029108962875708
CE_KINGPAWNSHIELD:0.4985795554356752
CE_PIECECOORDINATION:0.48566143455712185
CE_MATERIAL:0.5205591626240756
CE_KINGSAFETY:0.49101073893446584
C_PIECESQUARETABLES:0.5
C_MOBILITY:0.49400979880430046
C_KINGSAFETY:0.4871221479005098
C_PAWNSTRUCTURE:0.4726908753786145
C_PIECECOORDINATION:0.49444170453790875
C_ROOK:0.4882906831944199
CE_ROOK:0.49860481575564164
C_CENTERCONTROL:0.5062885216768194
C_DEVELOPPIECES:0.5524992047670703
C_MATERIAL:0.49025521719243487
C_MOVECOUNT:0.5038637247921879
C_PAWNMOVEMENT:0.48223636833303474
