ELO:998
CE_PASSEDPAWNS:0.467391769124004
CE_PAWNWEAKNESSES:0.4723937621161102
CE_PIECEACTIVITY:0.5400810963754095
CE_KINGPAWNSHIELD:0.4728408608719225
CE_PIECECOORDINATION:0.5054984900123752
CE_MATERIAL:0.4857179863277638
CE_KINGSAFETY:0.5
C_PIECESQUARETABLES:0.5
C_MOBILITY:0.547303826863206
C_KINGSAFETY:0.5109145841018762
C_PAWNSTRUCTURE:0.5008865193623283
C_PIECECOORDINATION:0.5045243275686544
C_ROOK:0.49768246399853294
CE_ROOK:0.5
C_CENTERCONTROL:0.5049846699557144
C_DEVELOPPIECES:0.4727473771815632
C_MATERIAL:0.5177364255238226
C_MOVECOUNT:0.44207782153567204
C_PAWNMOVEMENT:0.49164695402432995
