ELO:961
CE_PASSEDPAWNS:0.5107129100337469
CE_PAWNWEAKNESSES:0.4965496563749177
CE_PIECEACTIVITY:0.5327106707219542
CE_KINGPAWNSHIELD:0.49876694231256735
CE_PIECECOORDINATION:0.5144586815386111
CE_MATERIAL:0.5010077141150499
CE_KINGSAFETY:0.5063211809961051
C_PIECESQUARETABLES:0.5268922767206025
C_MOBILITY:0.46946038183483363
C_KINGSAFETY:0.4949561558614288
C_PAWNSTRUCTURE:0.5258863225209269
C_PIECECOORDINATION:0.5443681089805686
C_ROOKANDPAWNMOVEMENT:0.5443681089805686
C_CENTERCONTROL:0.5113323190369059
C_DEVELOPPIECES:0.5290994405341695
C_MATERIAL:0.4942574562464234
C_MOVECOUNT:0.5
