ELO:1047
CE_PASSEDPAWNS:0.526407086161331
CE_PAWNWEAKNESSES:0.5028249348478312
CE_PIECEACTIVITY:0.5
CE_KINGPAWNSHIELD:0.5
CE_PIECECOORDINATION:0.5
CE_MATERIAL:0.5098819705407869
CE_KINGSAFETY:0.5158210973630337
C_PIECESQUARETABLES:0.4988742571563167
C_MOBILITY:0.505232959458698
C_KINGSAFETY:0.5095775259439442
C_PAWNSTRUCTURE:0.4868123955981288
C_PIECECOORDINATION:0.5069795774787085
C_ROOKANDPAWNMOVEMENT:0.5069795774787085
C_CENTERCONTROL:0.4990082722140956
C_DEVELOPPIECES:0.5
C_MATERIAL:0.5
