ELO:991
CE_PASSEDPAWNS:0.5251139959662563
CE_PAWNWEAKNESSES:0.4747266971979074
CE_PIECEACTIVITY:0.5256534381721791
CE_KINGPAWNSHIELD:0.542603462243025
CE_PIECECOORDINATION:0.4935688531222735
CE_MATERIAL:0.4633397916673294
CE_KINGSAFETY:0.5
C_PIECESQUARETABLES:0.48952726577860195
C_MOBILITY:0.5836313903895851
C_KINGSAFETY:0.5250912115677565
C_PAWNSTRUCTURE:0.4643626812585818
C_PIECECOORDINATION:0.4857340987292026
C_ROOKANDPAWNMOVEMENT:0.4857340987292026
C_CENTERCONTROL:0.42894235410171383
C_DEVELOPPIECES:0.4458058948942252
C_MATERIAL:0.6191868400929444
