ELO:993
CE_PASSEDPAWNS:0.5188923363487334
CE_PAWNWEAKNESSES:0.5174949246967849
CE_PIECEACTIVITY:0.4908729986845387
CE_KINGPAWNSHIELD:0.5347657983055248
CE_PIECECOORDINATION:0.5003385330916528
CE_MATERIAL:0.512387760954681
CE_KINGSAFETY:0.4932519325990248
C_PIECESQUARETABLES:0.5116056462879518
C_MOBILITY:0.5
C_KINGSAFETY:0.5098039201953399
C_PAWNSTRUCTURE:0.5012310710726642
C_PIECECOORDINATION:0.5054765730055399
C_ROOKANDPAWNMOVEMENT:0.5054765730055399
C_CENTERCONTROL:0.49693543690446673
C_DEVELOPPIECES:0.4920436292306539
C_MATERIAL:0.4945722645767011
C_MOVECOUNT:0.5
