ELO:1000
CE_PASSEDPAWNS:0.4983842581334756
CE_PAWNWEAKNESSES:0.5228543122424177
CE_PIECEACTIVITY:0.5182961629195878
CE_KINGPAWNSHIELD:0.5482481690927192
CE_PIECECOORDINATION:0.5078580204037706
CE_MATERIAL:0.5014784870364195
CE_KINGSAFETY:0.4688008353622433
C_PIECESQUARETABLES:0.5066485836747544
C_MOBILITY:0.46645883354285034
C_KINGSAFETY:0.5479481718261556
C_PAWNSTRUCTURE:0.5160308221300663
C_PIECECOORDINATION:0.463229669579043
C_ROOKANDPAWNMOVEMENT:0.463229669579043
C_CENTERCONTROL:0.5182804823872497
C_DEVELOPPIECES:0.47049368169724065
C_MATERIAL:0.503376088188311
