ELO:947
CE_PASSEDPAWNS:0.5019244553284697
CE_PAWNWEAKNESSES:0.5054245951371855
CE_PIECEACTIVITY:0.5172022189429047
CE_KINGPAWNSHIELD:0.49190819742098696
CE_PIECECOORDINATION:0.5165197586312565
CE_MATERIAL:0.473124187629208
CE_KINGSAFETY:0.4863671783902815
C_PIECESQUARETABLES:0.4959302545224983
C_MOBILITY:0.5379504774908006
C_KINGSAFETY:0.5193177353380869
C_PAWNSTRUCTURE:0.4875094724546624
C_PIECECOORDINATION:0.5089923563980683
C_ROOK:0.44279381132258844
CE_ROOK:0.5088165157536205
C_CENTERCONTROL:0.5221606690166056
C_DEVELOPPIECES:0.5023849206201171
C_MATERIAL:0.48422015139975
C_MOVECOUNT:0.4922092754343248
C_PAWNMOVEMENT:0.4899944934996787
