ELO:1014
CE_PASSEDPAWNS:0.5727841708647823
CE_PAWNWEAKNESSES:0.44006560882656465
CE_PIECEACTIVITY:0.4439512038151558
CE_KINGPAWNSHIELD:0.4967277491245609
CE_PIECECOORDINATION:0.48550841850067933
CE_MATERIAL:0.5135249576427623
CE_KINGSAFETY:0.573024639127708
C_PIECESQUARETABLES:0.5164660815829882
C_MOBILITY:0.5640773611020223
C_KINGSAFETY:0.52411444353769
C_PAWNSTRUCTURE:0.5598498810284037
C_PIECECOORDINATION:0.49645967190932466
C_ROOKANDPAWNMOVEMENT:0.49645967190932466
C_CENTERCONTROL:0.438939473451523
C_DEVELOPPIECES:0.5094141592705312
C_MATERIAL:0.42779495314799004
