ELO:910
CE_PASSEDPAWNS:0.49745482308602085
CE_PAWNWEAKNESSES:0.47939239805545864
CE_PIECEACTIVITY:0.5197007494274651
CE_KINGPAWNSHIELD:0.5107360869762341
CE_PIECECOORDINATION:0.44192891681051066
CE_MATERIAL:0.5361305448909659
CE_KINGSAFETY:0.4767818614042423
C_PIECESQUARETABLES:0.49525926405148657
C_MOBILITY:0.526825958153621
C_KINGSAFETY:0.4867387449708155
C_PAWNSTRUCTURE:0.4618130138902766
C_PIECECOORDINATION:0.46497399550863555
C_ROOKANDPAWNMOVEMENT:0.46497399550863555
C_CENTERCONTROL:0.4458260519150888
C_DEVELOPPIECES:0.4888828873658896
C_MATERIAL:0.53523498064601
