ELO:1006
CE_PASSEDPAWNS:0.5097304382015837
CE_PAWNWEAKNESSES:0.5092396604510371
CE_PIECEACTIVITY:0.5037910304469981
CE_KINGPAWNSHIELD:0.49462077094146
CE_PIECECOORDINATION:0.48927167370381364
CE_MATERIAL:0.5034477680352165
CE_KINGSAFETY:0.5
C_PIECESQUARETABLES:0.5
C_MOBILITY:0.4829660860667013
C_KINGSAFETY:0.5
C_PAWNSTRUCTURE:0.5
C_PIECECOORDINATION:0.49676887761191607
C_ROOKANDPAWNMOVEMENT:0.49676887761191607
C_CENTERCONTROL:0.5144114752665477
C_DEVELOPPIECES:0.5088601181018423
C_MATERIAL:0.4993831436503458
C_MOVECOUNT:0.48705357222468376
