ELO:737
CE_PASSEDPAWNS:0.5504049287307808
CE_PAWNWEAKNESSES:0.5231656765995454
CE_PIECEACTIVITY:0.49145388051032557
CE_KINGPAWNSHIELD:0.5642423760335723
CE_PIECECOORDINATION:0.48620132309358877
CE_MATERIAL:0.6452801282056804
CE_KINGSAFETY:0.46212600601166165
C_PIECESQUARETABLES:0.4908614003987713
C_MOBILITY:0.5289587605675091
C_KINGSAFETY:0.5777988807038851
C_PAWNSTRUCTURE:0.4431430221425891
C_PIECECOORDINATION:0.5437892856470709
C_ROOKANDPAWNMOVEMENT:0.5437892856470709
C_CENTERCONTROL:0.4546741858782866
C_DEVELOPPIECES:0.6563610100289843
C_MATERIAL:0.4418461937580287
C_MOVECOUNT:0.5
