ELO:1003
CE_PASSEDPAWNS:0.5177035911213168
CE_PAWNWEAKNESSES:0.4984923023179281
CE_PIECEACTIVITY:0.48551569403945766
CE_KINGPAWNSHIELD:0.623784711659802
CE_PIECECOORDINATION:0.5379647710196503
CE_MATERIAL:0.4469379556227082
CE_KINGSAFETY:0.5020561211510669
C_PIECESQUARETABLES:0.49527252499117536
C_MOBILITY:0.6600031849707065
C_KINGSAFETY:0.5611096034455942
C_PAWNSTRUCTURE:0.4360661720831301
C_PIECECOORDINATION:0.511647813499466
C_ROOKANDPAWNMOVEMENT:0.511647813499466
C_CENTERCONTROL:0.4420922984852257
C_DEVELOPPIECES:0.48836053776505167
C_MATERIAL:0.4974956692173799
