ELO:973
CE_PASSEDPAWNS:0.5215634604229183
CE_PAWNWEAKNESSES:0.5149656588427398
CE_PIECEACTIVITY:0.4642642415467999
CE_KINGPAWNSHIELD:0.5286975668394736
CE_PIECECOORDINATION:0.537183364261677
CE_MATERIAL:0.5313452705311853
CE_KINGSAFETY:0.5
C_PIECESQUARETABLES:0.5157741100570795
C_MOBILITY:0.4839658077485559
C_KINGSAFETY:0.4908155419613566
C_PAWNSTRUCTURE:0.5043049945115081
C_PIECECOORDINATION:0.5034529882807594
C_ROOKANDPAWNMOVEMENT:0.5034529882807594
C_CENTERCONTROL:0.46438699563732755
C_DEVELOPPIECES:0.5
C_MATERIAL:0.5147057439714368
C_MOVECOUNT:0.4962280164568039
