ELO:998
CE_PASSEDPAWNS:0.5250315322901491
CE_PAWNWEAKNESSES:0.4928968949317312
CE_PIECEACTIVITY:0.5015823090672975
CE_KINGPAWNSHIELD:0.6175820464343672
CE_PIECECOORDINATION:0.5357078775404872
CE_MATERIAL:0.45384083644381945
CE_KINGSAFETY:0.5107557384812865
C_PIECESQUARETABLES:0.5127278319785944
C_MOBILITY:0.6353531990852814
C_KINGSAFETY:0.5461653202751225
C_PAWNSTRUCTURE:0.4604518394764016
C_PIECECOORDINATION:0.5241570890390557
C_ROOKANDPAWNMOVEMENT:0.5241570890390557
C_CENTERCONTROL:0.4395633908632565
C_DEVELOPPIECES:0.4962289298643391
C_MATERIAL:0.5070569698623552
