ELO:947
CE_PASSEDPAWNS:0.5306687005053357
CE_PAWNWEAKNESSES:0.5061301778544555
CE_PIECEACTIVITY:0.5008299753584348
CE_KINGPAWNSHIELD:0.5216859152824739
CE_PIECECOORDINATION:0.5031360595054423
CE_MATERIAL:0.4945753765187355
CE_KINGSAFETY:0.49612820729159307
C_PIECESQUARETABLES:0.5048326913743211
C_MOBILITY:0.5048089750830707
C_KINGSAFETY:0.5204369865482524
C_PAWNSTRUCTURE:0.5227557075208025
C_PIECECOORDINATION:0.5078924511468562
C_ROOKANDPAWNMOVEMENT:0.5078924511468562
C_CENTERCONTROL:0.5105380068350369
C_DEVELOPPIECES:0.49786005548691714
C_MATERIAL:0.4926806953921903
C_MOVECOUNT:0.5
