ELO:768
CE_PASSEDPAWNS:0.5666570049670429
CE_PAWNWEAKNESSES:0.506407441814588
CE_PIECEACTIVITY:0.5106045702970697
CE_KINGPAWNSHIELD:0.580519076672851
CE_PIECECOORDINATION:0.49734035954347244
CE_MATERIAL:0.6435720093802222
CE_KINGSAFETY:0.47368741869851777
C_PIECESQUARETABLES:0.49054538108832924
C_MOBILITY:0.4952307135885338
C_KINGSAFETY:0.6020836011787271
C_PAWNSTRUCTURE:0.4945575355908016
C_PIECECOORDINATION:0.5239937313531011
C_ROOKANDPAWNMOVEMENT:0.5239937313531011
C_CENTERCONTROL:0.4501775310101072
C_DEVELOPPIECES:0.6778318136186458
C_MATERIAL:0.4301703425642621
C_MOVECOUNT:0.5
