ELO:967
CE_PASSEDPAWNS:0.5151876267247362
CE_PAWNWEAKNESSES:0.46061327099874316
CE_PIECEACTIVITY:0.5131179033742107
CE_KINGPAWNSHIELD:0.5350172605259306
CE_PIECECOORDINATION:0.5254876211922052
CE_MATERIAL:0.4684263541358451
CE_KINGSAFETY:0.48796887874579237
C_PIECESQUARETABLES:0.4417520249387916
C_MOBILITY:0.5737266293501229
C_KINGSAFETY:0.5011735949450373
C_PAWNSTRUCTURE:0.4989243874395599
C_PIECECOORDINATION:0.6204757122504387
C_ROOKANDPAWNMOVEMENT:0.6204757122504387
C_CENTERCONTROL:0.4909716574187708
C_DEVELOPPIECES:0.4773278130333274
C_MATERIAL:0.4515407091650637
