ELO:947
CE_PASSEDPAWNS:0.49822194165500067
CE_PAWNWEAKNESSES:0.5054245951371855
CE_PIECEACTIVITY:0.5110560743706573
CE_KINGPAWNSHIELD:0.49930874204065717
CE_PIECECOORDINATION:0.5190160589892012
CE_MATERIAL:0.46738402756698916
CE_KINGSAFETY:0.4863671783902815
C_PIECESQUARETABLES:0.4959302545224983
C_MOBILITY:0.5379504774908006
C_KINGSAFETY:0.5169202757975269
C_PAWNSTRUCTURE:0.4875094724546624
C_PIECECOORDINATION:0.5089923563980683
C_ROOK:0.44279381132258844
CE_ROOK:0.5088165157536205
C_CENTERCONTROL:0.5221606690166056
C_DEVELOPPIECES:0.5023849206201171
C_MATERIAL:0.49586820413905475
C_MOVECOUNT:0.49531155967914764
C_PAWNMOVEMENT:0.4899944934996787
