ELO:705
CE_PASSEDPAWNS:0.5587519785131895
CE_PAWNWEAKNESSES:0.5298114338182398
CE_PIECEACTIVITY:0.47281696109180715
CE_KINGPAWNSHIELD:0.5797186787232316
CE_PIECECOORDINATION:0.47337823646804245
CE_MATERIAL:0.6361752368909985
CE_KINGSAFETY:0.4679824023110976
C_PIECESQUARETABLES:0.4828088480455992
C_MOBILITY:0.5212714596713778
C_KINGSAFETY:0.5859431577322497
C_PAWNSTRUCTURE:0.4530031827356518
C_PIECECOORDINATION:0.5277312719177842
C_ROOKANDPAWNMOVEMENT:0.5277312719177842
C_CENTERCONTROL:0.443369040940916
C_DEVELOPPIECES:0.6598547151421026
C_MATERIAL:0.4292743591565489
C_MOVECOUNT:0.5
