ELO:940
CE_PASSEDPAWNS:0.4982996801031409
CE_PAWNWEAKNESSES:0.48156925472636675
CE_PIECEACTIVITY:0.554097739951616
CE_KINGPAWNSHIELD:0.4783702255253528
CE_PIECECOORDINATION:0.5038159359304591
CE_MATERIAL:0.48173766641005294
CE_KINGSAFETY:0.5006668165398712
C_PIECESQUARETABLES:0.5016678455353789
C_MOBILITY:0.5337349774566718
C_KINGSAFETY:0.5283398901717378
C_PAWNSTRUCTURE:0.4661797526581294
C_PIECECOORDINATION:0.5219305847658761
C_ROOK:0.44579174178408215
CE_ROOK:0.49329456955549905
C_CENTERCONTROL:0.5086366826965171
C_DEVELOPPIECES:0.4983099021696087
C_MATERIAL:0.5104271227323349
C_MOVECOUNT:0.46750484248048857
C_PAWNMOVEMENT:0.48090530897944517
