ELO:1140
CE_PASSEDPAWNS:0.6248087121168682
CE_PAWNWEAKNESSES:0.4881442385235226
CE_PIECEACTIVITY:0.4822074309260166
CE_KINGPAWNSHIELD:0.6208131797722044
CE_PIECECOORDINATION:0.5449900128502336
CE_MATERIAL:0.3963786524687434
CE_KINGSAFETY:0.5
C_PIECESQUARETABLES:0.5
C_MOBILITY:0.41296021213628326
C_KINGSAFETY:0.30807903020254146
C_PAWNSTRUCTURE:0.41040599071577993
C_PIECECOORDINATION:0.36062421724656424
C_ROOKANDPAWNMOVEMENT:0.36062421724656424
C_CENTERCONTROL:0.5916556751746048
C_DEVELOPPIECES:0.5069085577455196
C_MATERIAL:0.4010987035543061
