ELO:820
CE_PASSEDPAWNS:0.49379006486201316
CE_PAWNWEAKNESSES:0.40947338165383357
CE_PIECEACTIVITY:0.47380064328181776
CE_KINGPAWNSHIELD:0.45595207335798493
CE_PIECECOORDINATION:0.49918231594758194
CE_MATERIAL:0.4743315365312548
CE_KINGSAFETY:0.4944445937231687
C_PIECESQUARETABLES:0.5
C_MOBILITY:0.37663954300942876
C_KINGSAFETY:0.4735464686275419
C_PAWNSTRUCTURE:0.46804474360674647
C_PIECECOORDINATION:0.5506273420609176
C_ROOKANDPAWNMOVEMENT:0.5506273420609176
C_CENTERCONTROL:0.5846947911076641
C_DEVELOPPIECES:0.5176841653698002
C_MATERIAL:0.47511753115332794
C_MOVECOUNT:0.4813625283728056
