ELO:894
CE_PASSEDPAWNS:0.520409188095434
CE_PAWNWEAKNESSES:0.5459474490335359
CE_PIECEACTIVITY:0.5648167917579129
CE_KINGPAWNSHIELD:0.5500693740556
CE_PIECECOORDINATION:0.44917361036269005
CE_MATERIAL:0.4745250737907946
CE_KINGSAFETY:0.5681640165020561
C_PIECESQUARETABLES:0.49810363156692794
C_MOBILITY:0.37049673032921404
C_KINGSAFETY:0.459375404678109
C_PAWNSTRUCTURE:0.537194242746279
C_PIECECOORDINATION:0.5177889942355774
C_ROOKANDPAWNMOVEMENT:0.5177889942355774
C_CENTERCONTROL:0.5235677011126042
C_DEVELOPPIECES:0.49227506627428896
C_MATERIAL:0.5004062260454848
