ELO:939
CE_PASSEDPAWNS:0.4887615219409122
CE_PAWNWEAKNESSES:0.4998595598269824
CE_PIECEACTIVITY:0.5244601122988151
CE_KINGPAWNSHIELD:0.48014892908227863
CE_PIECECOORDINATION:0.522891136201635
CE_MATERIAL:0.4770101184323946
CE_KINGSAFETY:0.5
C_PIECESQUARETABLES:0.5053709149764545
C_MOBILITY:0.5236267873306031
C_KINGSAFETY:0.52240847240056
C_PAWNSTRUCTURE:0.47628549956232524
C_PIECECOORDINATION:0.5089923563980683
C_ROOK:0.4537036641976333
CE_ROOK:0.498470806029819
C_CENTERCONTROL:0.525443573754923
C_DEVELOPPIECES:0.5119181211326778
C_MATERIAL:0.5074649837515228
C_MOVECOUNT:0.4586530704977548
C_PAWNMOVEMENT:0.4885696595094639
