ELO:962
CE_PASSEDPAWNS:0.49563122164268525
CE_PAWNWEAKNESSES:0.5134256711916985
CE_PIECEACTIVITY:0.5092989462438933
CE_KINGPAWNSHIELD:0.48435949402967854
CE_PIECECOORDINATION:0.5379993944759115
CE_MATERIAL:0.4855899050272208
CE_KINGSAFETY:0.48867576757555753
C_PIECESQUARETABLES:0.4871722762815619
C_MOBILITY:0.516472246055294
C_KINGSAFETY:0.528694851704264
C_PAWNSTRUCTURE:0.49864060882818717
C_PIECECOORDINATION:0.4937915621001538
C_ROOK:0.4522534471334031
CE_ROOK:0.5215416667086481
C_CENTERCONTROL:0.5182754666511215
C_DEVELOPPIECES:0.5083140466992392
C_MATERIAL:0.47713532571674777
C_MOVECOUNT:0.49403183304660414
C_PAWNMOVEMENT:0.49101533447272794
