ELO:941
CE_PASSEDPAWNS:0.49334974612971066
CE_PAWNWEAKNESSES:0.5115519100473421
CE_PIECEACTIVITY:0.5140982195926292
CE_KINGPAWNSHIELD:0.4877610226336647
CE_PIECECOORDINATION:0.518326989368091
CE_MATERIAL:0.4788100502038064
CE_KINGSAFETY:0.5
C_PIECESQUARETABLES:0.5
C_MOBILITY:0.5348124245249172
C_KINGSAFETY:0.52240847240056
C_PAWNSTRUCTURE:0.4960743019268476
C_PIECECOORDINATION:0.5089923563980683
C_ROOK:0.44279381132258844
CE_ROOK:0.5088165157536205
C_CENTERCONTROL:0.525443573754923
C_DEVELOPPIECES:0.5050611816830105
C_MATERIAL:0.5132958456063949
C_MOVECOUNT:0.4789641990494404
C_PAWNMOVEMENT:0.4899944934996787
