ELO:987
CE_PASSEDPAWNS:0.48893276242396067
CE_PAWNWEAKNESSES:0.4854565949620608
CE_PIECEACTIVITY:0.509038047965876
CE_KINGPAWNSHIELD:0.5
CE_PIECECOORDINATION:0.48927167370381364
CE_MATERIAL:0.517597753742518
CE_KINGSAFETY:0.5
C_PIECESQUARETABLES:0.516438815188509
C_MOBILITY:0.4903775676229626
C_KINGSAFETY:0.4703885067894018
C_PAWNSTRUCTURE:0.5
C_PIECECOORDINATION:0.48974693765000243
C_ROOKANDPAWNMOVEMENT:0.48974693765000243
C_CENTERCONTROL:0.49145018063305274
C_DEVELOPPIECES:0.5055810819768815
C_MATERIAL:0.5012256456349239
C_MOVECOUNT:0.5029427304730147
