ELO:1022
CE_PASSEDPAWNS:0.48735319267785604
CE_PAWNWEAKNESSES:0.5000504132638743
CE_PIECEACTIVITY:0.5
CE_KINGPAWNSHIELD:0.5027307491935564
CE_PIECECOORDINATION:0.49618041353538245
CE_MATERIAL:0.5049024293638609
CE_KINGSAFETY:0.5
C_PIECESQUARETABLES:0.5
C_MOBILITY:0.5055325925363513
C_KINGSAFETY:0.4917128149413164
C_PAWNSTRUCTURE:0.502135752319767
C_PIECECOORDINATION:0.48778236985221257
C_ROOKANDPAWNMOVEMENT:0.48778236985221257
C_CENTERCONTROL:0.5
C_DEVELOPPIECES:0.5028407752810493
C_MATERIAL:0.5
C_MOVECOUNT:0.5
