ELO:797
CE_PASSEDPAWNS:0.5695226552027475
CE_PAWNWEAKNESSES:0.5077076705130976
CE_PIECEACTIVITY:0.514950480857378
CE_KINGPAWNSHIELD:0.5737782178203171
CE_PIECECOORDINATION:0.5029163896179661
CE_MATERIAL:0.6377729142968168
CE_KINGSAFETY:0.5074763615625129
C_PIECESQUARETABLES:0.5
C_MOBILITY:0.5032937262745492
C_KINGSAFETY:0.6020836011787271
C_PAWNSTRUCTURE:0.4753568763542208
C_PIECECOORDINATION:0.5168422065812245
C_ROOKANDPAWNMOVEMENT:0.5168422065812245
C_CENTERCONTROL:0.4487711876348244
C_DEVELOPPIECES:0.6630429217274678
C_MATERIAL:0.44501884542482273
C_MOVECOUNT:0.5
