ELO:1034
CE_PASSEDPAWNS:0.5254370289161664
CE_PAWNWEAKNESSES:0.5006669745517196
CE_PIECEACTIVITY:0.5153797878105484
CE_KINGPAWNSHIELD:0.6176638861622454
CE_PIECECOORDINATION:0.5421819567886006
CE_MATERIAL:0.4474816369963705
CE_KINGSAFETY:0.4995652219541352
C_PIECESQUARETABLES:0.49527252499117536
C_MOBILITY:0.6496385371725755
C_KINGSAFETY:0.5641516513872185
C_PAWNSTRUCTURE:0.4360661720831301
C_PIECECOORDINATION:0.5183121214993462
C_ROOKANDPAWNMOVEMENT:0.5183121214993462
C_CENTERCONTROL:0.4298129543979838
C_DEVELOPPIECES:0.5007414523607766
C_MATERIAL:0.5074479827560797
