ELO:769
CE_PASSEDPAWNS:0.5489340707590677
CE_PAWNWEAKNESSES:0.5274745491127956
CE_PIECEACTIVITY:0.45561471093161976
CE_KINGPAWNSHIELD:0.5654855681697935
CE_PIECECOORDINATION:0.458743071828514
CE_MATERIAL:0.5944483405665683
CE_KINGSAFETY:0.47383772753497
C_PIECESQUARETABLES:0.4964360357177041
C_MOBILITY:0.5255598452804522
C_KINGSAFETY:0.5911470766644538
C_PAWNSTRUCTURE:0.4803492464334829
C_PIECECOORDINATION:0.4742684236693891
C_ROOKANDPAWNMOVEMENT:0.4742684236693891
C_CENTERCONTROL:0.4296317103292841
C_DEVELOPPIECES:0.63192789187719
C_MATERIAL:0.4027220272559804
C_MOVECOUNT:0.5
