ELO:949
CE_PASSEDPAWNS:0.5019244553284697
CE_PAWNWEAKNESSES:0.4989124289885446
CE_PIECEACTIVITY:0.5241619204794653
CE_KINGPAWNSHIELD:0.49041902094376233
CE_PIECECOORDINATION:0.5227900619341478
CE_MATERIAL:0.473124187629208
CE_KINGSAFETY:0.5004524968897249
C_PIECESQUARETABLES:0.49683621237455367
C_MOBILITY:0.5231306288994723
C_KINGSAFETY:0.5193177353380869
C_PAWNSTRUCTURE:0.4837811718933
C_PIECECOORDINATION:0.5065267880009694
C_ROOK:0.44099491569024185
CE_ROOK:0.5215416667086481
C_CENTERCONTROL:0.516046481178532
C_DEVELOPPIECES:0.5065473553227148
C_MATERIAL:0.4910553521750473
C_MOVECOUNT:0.494750166463916
C_PAWNMOVEMENT:0.48391811961968756
