ELO:967
CE_PASSEDPAWNS:0.5028824547585077
CE_PAWNWEAKNESSES:0.467133858955184
CE_PIECEACTIVITY:0.5131179033742107
CE_KINGPAWNSHIELD:0.5456701783965212
CE_PIECECOORDINATION:0.5168860731343672
CE_MATERIAL:0.4613660606941136
CE_KINGSAFETY:0.5096711370182463
C_PIECESQUARETABLES:0.4333836020989499
C_MOBILITY:0.5737266293501229
C_KINGSAFETY:0.49540590139746604
C_PAWNSTRUCTURE:0.5091640437217945
C_PIECECOORDINATION:0.6020072636465038
C_ROOKANDPAWNMOVEMENT:0.6020072636465038
C_CENTERCONTROL:0.48423679621156895
C_DEVELOPPIECES:0.4771117534319058
C_MATERIAL:0.4515407091650637
