ELO:831
CE_PASSEDPAWNS:0.543072727004601
CE_PAWNWEAKNESSES:0.5040424330692038
CE_PIECEACTIVITY:0.48266599243922004
CE_KINGPAWNSHIELD:0.5246634778269187
CE_PIECECOORDINATION:0.4847274858234582
CE_MATERIAL:0.4863016260170181
CE_KINGSAFETY:0.5218151386183838
C_PIECESQUARETABLES:0.5217477134118652
C_MOBILITY:0.4954728460285373
C_KINGSAFETY:0.5706088272717511
C_PAWNSTRUCTURE:0.5456924439475968
C_PIECECOORDINATION:0.5256267476547689
C_ROOKANDPAWNMOVEMENT:0.5256267476547689
C_CENTERCONTROL:0.5219525712685382
C_DEVELOPPIECES:0.5594199910501776
C_MATERIAL:0.5173105714367238
C_MOVECOUNT:0.5
