ELO:1000
CE_PASSEDPAWNS:0.4604651942746453
CE_PAWNWEAKNESSES:0.5069737433368616
CE_PIECEACTIVITY:0.5684318783946946
CE_KINGPAWNSHIELD:0.5220783020875903
CE_PIECECOORDINATION:0.5320760420055356
CE_MATERIAL:0.567532911943234
CE_KINGSAFETY:0.5
C_PIECESQUARETABLES:0.5089529501204141
C_MOBILITY:0.45914335007598583
C_KINGSAFETY:0.6017607077538304
C_PAWNSTRUCTURE:0.5506748563383436
C_PIECECOORDINATION:0.4510060360319427
C_ROOKANDPAWNMOVEMENT:0.4510060360319427
C_CENTERCONTROL:0.5189131087738174
C_DEVELOPPIECES:0.45635854162431255
C_MATERIAL:0.4567629182176537
