ELO:928
CE_PASSEDPAWNS:0.5076397288067431
CE_PAWNWEAKNESSES:0.48156925472636675
CE_PIECEACTIVITY:0.554097739951616
CE_KINGPAWNSHIELD:0.4783702255253528
CE_PIECECOORDINATION:0.5038159359304591
CE_MATERIAL:0.4875091127455937
CE_KINGSAFETY:0.5
C_PIECESQUARETABLES:0.5
C_MOBILITY:0.5337349774566718
C_KINGSAFETY:0.5283398901717378
C_PAWNSTRUCTURE:0.469586382191897
C_PIECECOORDINATION:0.5219305847658761
C_ROOK:0.4552996510795748
CE_ROOK:0.4760326586709815
C_CENTERCONTROL:0.5086302316033113
C_DEVELOPPIECES:0.4983099021696087
C_MATERIAL:0.4992549855913584
C_MOVECOUNT:0.46750484248048857
C_PAWNMOVEMENT:0.48090530897944517
