ELO:972
CE_PASSEDPAWNS:0.5052032865410127
CE_PAWNWEAKNESSES:0.49345056999096554
CE_PIECEACTIVITY:0.503154030265973
CE_KINGPAWNSHIELD:0.48489252051212145
CE_PIECECOORDINATION:0.5
CE_MATERIAL:0.49553630950811467
CE_KINGSAFETY:0.5322054788911327
C_PIECESQUARETABLES:0.5046213656039947
C_MOBILITY:0.4905574235718247
C_KINGSAFETY:0.5032907864219365
C_PAWNSTRUCTURE:0.49851092101814637
C_PIECECOORDINATION:0.5
C_ROOKANDPAWNMOVEMENT:0.5
C_CENTERCONTROL:0.505434702333029
C_DEVELOPPIECES:0.4928542322455033
C_MATERIAL:0.49136009385277457
