ELO:904
CE_PASSEDPAWNS:0.49779018112472706
CE_PAWNWEAKNESSES:0.47374686023973633
CE_PIECEACTIVITY:0.5519400118706521
CE_KINGPAWNSHIELD:0.4783702255253528
CE_PIECECOORDINATION:0.5038886088582751
CE_MATERIAL:0.4875091127455937
CE_KINGSAFETY:0.5115117800565343
C_PIECESQUARETABLES:0.5148023974861345
C_MOBILITY:0.5352915277992464
C_KINGSAFETY:0.5390658833913311
C_PAWNSTRUCTURE:0.46504968674527214
C_PIECECOORDINATION:0.5154141593114616
C_ROOK:0.44437776769109016
CE_ROOK:0.4760326586709815
C_CENTERCONTROL:0.4983849224363991
C_DEVELOPPIECES:0.5063669137937347
C_MATERIAL:0.4992549855913584
C_MOVECOUNT:0.46750484248048857
C_PAWNMOVEMENT:0.4794732697923814
