ELO:851
CE_PASSEDPAWNS:0.5125890453177233
CE_PAWNWEAKNESSES:0.5361590841209846
CE_PIECEACTIVITY:0.48474145663855683
CE_KINGPAWNSHIELD:0.48590865411839107
CE_PIECECOORDINATION:0.5224487891172491
CE_MATERIAL:0.4474759083050346
CE_KINGSAFETY:0.5495879122690494
C_PIECESQUARETABLES:0.5451146473028727
C_MOBILITY:0.5382124985665053
C_KINGSAFETY:0.5003136950713101
C_PAWNSTRUCTURE:0.4983919401322055
C_PIECECOORDINATION:0.5295819523590454
C_ROOKANDPAWNMOVEMENT:0.5295819523590454
C_CENTERCONTROL:0.5451588152379903
C_DEVELOPPIECES:0.5187704278948064
C_MATERIAL:0.4749202674222842
C_MOVECOUNT:0.48632865050920765
