ELO:1008
CE_PASSEDPAWNS:0.5085806514754583
CE_PAWNWEAKNESSES:0.5014132413998859
CE_PIECEACTIVITY:0.4907992318563813
CE_KINGPAWNSHIELD:0.5020701710308705
CE_PIECECOORDINATION:0.507741709966173
CE_MATERIAL:0.4902600321706347
CE_KINGSAFETY:0.5111448410600384
C_PIECESQUARETABLES:0.4920968375479648
C_MOBILITY:0.5154267288997083
C_KINGSAFETY:0.5046189209750715
C_PAWNSTRUCTURE:0.5114223369258506
C_PIECECOORDINATION:0.5147024594436803
C_ROOK:0.49911917470279044
CE_ROOK:0.49684390422521363
C_CENTERCONTROL:0.49879483053829826
C_DEVELOPPIECES:0.4957087753535702
C_MATERIAL:0.48675176035534373
C_MOVECOUNT:0.49313957823087273
C_PAWNMOVEMENT:0.522440376765386
