ELO:1000
CE_PASSEDPAWNS:0.4893187377448697
CE_PAWNWEAKNESSES:0.5349974053748379
CE_PIECEACTIVITY:0.5145801249273979
CE_KINGPAWNSHIELD:0.5355401865130217
CE_PIECECOORDINATION:0.5152557472836322
CE_MATERIAL:0.5128651710739429
CE_KINGSAFETY:0.49219617566077234
C_PIECESQUARETABLES:0.530343238219967
C_MOBILITY:0.46767198110713815
C_KINGSAFETY:0.537625903572202
C_PAWNSTRUCTURE:0.48790185594019797
C_PIECECOORDINATION:0.4578705292643045
C_ROOKANDPAWNMOVEMENT:0.4578705292643045
C_CENTERCONTROL:0.5212171612016444
C_DEVELOPPIECES:0.46866800411258186
C_MATERIAL:0.5095703944871776
