ELO:832
CE_PASSEDPAWNS:0.5047626126182252
CE_PAWNWEAKNESSES:0.5277379906509804
CE_PIECEACTIVITY:0.46559610504042453
CE_KINGPAWNSHIELD:0.5585553864650737
CE_PIECECOORDINATION:0.4462993699710254
CE_MATERIAL:0.5193569665255565
CE_KINGSAFETY:0.506170812893145
C_PIECESQUARETABLES:0.5148669716832347
C_MOBILITY:0.5051064911267729
C_KINGSAFETY:0.5865471795761827
C_PAWNSTRUCTURE:0.5642540296608958
C_PIECECOORDINATION:0.48704495854596297
C_ROOKANDPAWNMOVEMENT:0.48704495854596297
C_CENTERCONTROL:0.4737357142348195
C_DEVELOPPIECES:0.6078931001311597
C_MATERIAL:0.4868351336201124
C_MOVECOUNT:0.5
