ELO:924
CE_PASSEDPAWNS:0.5502528825064132
CE_PAWNWEAKNESSES:0.49529790847654376
CE_PIECEACTIVITY:0.48266599243922004
CE_KINGPAWNSHIELD:0.5226065867611165
CE_PIECECOORDINATION:0.484756246063832
CE_MATERIAL:0.4809853125558323
CE_KINGSAFETY:0.5202314227311089
C_PIECESQUARETABLES:0.515129733801614
C_MOBILITY:0.49739354440719524
C_KINGSAFETY:0.5622314925124469
C_PAWNSTRUCTURE:0.5456924439475968
C_PIECECOORDINATION:0.5266222368468674
C_ROOKANDPAWNMOVEMENT:0.5266222368468674
C_CENTERCONTROL:0.5166398043616492
C_DEVELOPPIECES:0.5255336270266664
C_MATERIAL:0.5169666093119925
C_MOVECOUNT:0.5
