ELO:999
CE_PASSEDPAWNS:0.46152513128718115
CE_PAWNWEAKNESSES:0.5071257927159504
CE_PIECEACTIVITY:0.4753467928359801
CE_KINGPAWNSHIELD:0.5084230678374934
CE_PIECECOORDINATION:0.4686422091082294
CE_MATERIAL:0.5895584945962844
CE_KINGSAFETY:0.4942130381712887
C_PIECESQUARETABLES:0.4914254977080467
C_MOBILITY:0.44838849436525263
C_KINGSAFETY:0.618521403228822
C_PAWNSTRUCTURE:0.48019635746077016
C_PIECECOORDINATION:0.4669062299103469
C_ROOKANDPAWNMOVEMENT:0.4669062299103469
C_CENTERCONTROL:0.4970200636617182
C_DEVELOPPIECES:0.44454273501109265
C_MATERIAL:0.4158995153425651
