ELO:972
CE_PASSEDPAWNS:0.5440285419278432
CE_PAWNWEAKNESSES:0.5035405283181875
CE_PIECEACTIVITY:0.48521841750379335
CE_KINGPAWNSHIELD:0.5360910299182794
CE_PIECECOORDINATION:0.4656604579151595
CE_MATERIAL:0.4639063933940068
CE_KINGSAFETY:0.49018437017327116
C_PIECESQUARETABLES:0.4731984001676667
C_MOBILITY:0.5172715925385357
C_KINGSAFETY:0.532125088490958
C_PAWNSTRUCTURE:0.5067068053136305
C_PIECECOORDINATION:0.6138557407125604
C_ROOKANDPAWNMOVEMENT:0.6138557407125604
C_CENTERCONTROL:0.46886699778102875
C_DEVELOPPIECES:0.4641416546026273
C_MATERIAL:0.47871113129729226
