ELO:800
CE_PASSEDPAWNS:0.500345164410205
CE_PAWNWEAKNESSES:0.550612485748353
CE_PIECEACTIVITY:0.4623479256999304
CE_KINGPAWNSHIELD:0.5626282142836027
CE_PIECECOORDINATION:0.45180256534723384
CE_MATERIAL:0.5307641353470554
CE_KINGSAFETY:0.49963418222952255
C_PIECESQUARETABLES:0.5068819173406411
C_MOBILITY:0.5025742135835718
C_KINGSAFETY:0.59312933874715
C_PAWNSTRUCTURE:0.5629466790734696
C_PIECECOORDINATION:0.48231387828262007
C_ROOKANDPAWNMOVEMENT:0.48231387828262007
C_CENTERCONTROL:0.4591891427542011
C_DEVELOPPIECES:0.5940403611427902
C_MATERIAL:0.4985032688904377
C_MOVECOUNT:0.5
