ELO:960
CE_PASSEDPAWNS:0.49563122164268525
CE_PAWNWEAKNESSES:0.5134256711916985
CE_PIECEACTIVITY:0.5092989462438933
CE_KINGPAWNSHIELD:0.48435949402967854
CE_PIECECOORDINATION:0.5301044568761434
CE_MATERIAL:0.473124187629208
CE_KINGSAFETY:0.48867576757555753
C_PIECESQUARETABLES:0.47860255139115376
C_MOBILITY:0.516472246055294
C_KINGSAFETY:0.528694851704264
C_PAWNSTRUCTURE:0.49864060882818717
C_PIECECOORDINATION:0.4872092631764431
C_ROOK:0.4522534471334031
CE_ROOK:0.5215416667086481
C_CENTERCONTROL:0.5182754666511215
C_DEVELOPPIECES:0.5065473553227148
C_MATERIAL:0.47713532571674777
C_MOVECOUNT:0.494750166463916
C_PAWNMOVEMENT:0.49014480163676927
