ELO:918
CE_PASSEDPAWNS:0.5312036736829727
CE_PAWNWEAKNESSES:0.4753559640325727
CE_PIECEACTIVITY:0.477971681394127
CE_KINGPAWNSHIELD:0.5309188423814203
CE_PIECECOORDINATION:0.5248041083610497
CE_MATERIAL:0.4393302410906865
CE_KINGSAFETY:0.5008140815209621
C_PIECESQUARETABLES:0.5325679123391619
C_MOBILITY:0.5375752447218448
C_KINGSAFETY:0.49256043266790217
C_PAWNSTRUCTURE:0.49969557821609045
C_PIECECOORDINATION:0.6445167666874578
C_ROOKANDPAWNMOVEMENT:0.6445167666874578
C_CENTERCONTROL:0.44960543850901014
C_DEVELOPPIECES:0.4910853494523121
C_MATERIAL:0.4764816654395573
