ELO:1000
CE_PASSEDPAWNS:0.4698079729340138
CE_PAWNWEAKNESSES:0.4908048956206022
CE_PIECEACTIVITY:0.48671201845124806
CE_KINGPAWNSHIELD:0.5163067479068375
CE_PIECECOORDINATION:0.4775084949869306
CE_MATERIAL:0.5914037332621329
CE_KINGSAFETY:0.49548241657940734
C_PIECESQUARETABLES:0.5074309262286838
C_MOBILITY:0.4538433619233928
C_KINGSAFETY:0.6115943826105
C_PAWNSTRUCTURE:0.47940402847659824
C_PIECECOORDINATION:0.4613119634700007
C_ROOKANDPAWNMOVEMENT:0.4613119634700007
C_CENTERCONTROL:0.5002872685790827
C_DEVELOPPIECES:0.4437103875002855
C_MATERIAL:0.4358059286679978
