ELO:972
CE_PASSEDPAWNS:0.49841225144206946
CE_PAWNWEAKNESSES:0.4806739109725993
CE_PIECEACTIVITY:0.4944909327456567
CE_KINGPAWNSHIELD:0.4991290113741106
CE_PIECECOORDINATION:0.4685078049676298
CE_MATERIAL:0.4950841542121381
CE_KINGSAFETY:0.48960191420584187
C_PIECESQUARETABLES:0.5176748865480777
C_MOBILITY:0.49991856367212567
C_KINGSAFETY:0.5172270499912203
C_PAWNSTRUCTURE:0.485483521552892
C_PIECECOORDINATION:0.5060703522721934
C_ROOK:0.5009761318440906
CE_ROOK:0.5096929912813559
C_CENTERCONTROL:0.46971762970613795
C_DEVELOPPIECES:0.5166668613147127
C_MATERIAL:0.4833130658940007
C_MOVECOUNT:0.5198845274146078
C_PAWNMOVEMENT:0.5004403256373865
