ELO:951
CE_PASSEDPAWNS:0.4893625628909846
CE_PAWNWEAKNESSES:0.5275618889511055
CE_PIECEACTIVITY:0.4315174056042562
CE_KINGPAWNSHIELD:0.4982181199421234
CE_PIECECOORDINATION:0.568937933131225
CE_MATERIAL:0.5147507315432769
CE_KINGSAFETY:0.5098896282297466
C_PIECESQUARETABLES:0.5129568649759954
C_MOBILITY:0.48849179437500384
C_KINGSAFETY:0.4829709514365087
C_PAWNSTRUCTURE:0.520833416592837
C_PIECECOORDINATION:0.48598486866631835
C_ROOKANDPAWNMOVEMENT:0.48598486866631835
C_CENTERCONTROL:0.5395103088403883
C_DEVELOPPIECES:0.5
C_MATERIAL:0.5110980722093239
C_MOVECOUNT:0.5
