ELO:974
CE_PASSEDPAWNS:0.4908756969983204
CE_PAWNWEAKNESSES:0.5036651563374147
CE_PIECEACTIVITY:0.4965743513682004
CE_KINGPAWNSHIELD:0.4879121567983455
CE_PIECECOORDINATION:0.49501977156333804
CE_MATERIAL:0.5100995163786131
CE_KINGSAFETY:0.5131674927849187
C_PIECESQUARETABLES:0.49509290174261433
C_MOBILITY:0.49844959973395436
C_KINGSAFETY:0.5011599109646626
C_PAWNSTRUCTURE:0.5002587882955685
C_PIECECOORDINATION:0.5164920185694862
C_ROOKANDPAWNMOVEMENT:0.5164920185694862
C_CENTERCONTROL:0.4963968431231409
C_DEVELOPPIECES:0.49154145934472215
C_MATERIAL:0.506940555041483
