ELO:933
CE_PASSEDPAWNS:0.4596737183363688
CE_PAWNWEAKNESSES:0.5931829071276203
CE_PIECEACTIVITY:0.5140891793470701
CE_KINGPAWNSHIELD:0.46834778013290684
CE_PIECECOORDINATION:0.45059401558668966
CE_MATERIAL:0.5135264969691521
CE_KINGSAFETY:0.4949239429155569
C_PIECESQUARETABLES:0.5011636866631523
C_MOBILITY:0.47051963866868257
C_KINGSAFETY:0.43810053822341344
C_PAWNSTRUCTURE:0.5561396950596673
C_PIECECOORDINATION:0.4983002012449955
C_ROOKANDPAWNMOVEMENT:0.4983002012449955
C_CENTERCONTROL:0.5872249827931699
C_DEVELOPPIECES:0.4250738150591094
C_MATERIAL:0.4826658164331887
