ELO:862
CE_PASSEDPAWNS:0.50147218214091
CE_PAWNWEAKNESSES:0.5556541446884242
CE_PIECEACTIVITY:0.5761614822423518
CE_KINGPAWNSHIELD:0.3890879528349581
CE_PIECECOORDINATION:0.5343216359048918
CE_MATERIAL:0.4969814485878814
CE_KINGSAFETY:0.46978753886156877
C_PIECESQUARETABLES:0.4967236285548041
C_MOBILITY:0.5740631666810755
C_KINGSAFETY:0.44871057522468816
C_PAWNSTRUCTURE:0.5936557296458593
C_PIECECOORDINATION:0.4731182017082257
C_ROOKANDPAWNMOVEMENT:0.4731182017082257
C_CENTERCONTROL:0.4850298148068999
C_DEVELOPPIECES:0.3900965004522955
C_MATERIAL:0.5538823653823443
