ELO:1004
CE_PASSEDPAWNS:0.49695324919108114
CE_PAWNWEAKNESSES:0.4810266418466315
CE_PIECEACTIVITY:0.5053949970882669
CE_KINGPAWNSHIELD:0.49053392261605044
CE_PIECECOORDINATION:0.48149417164911185
CE_MATERIAL:0.5
CE_KINGSAFETY:0.5
C_PIECESQUARETABLES:0.5
C_MOBILITY:0.5060703903867524
C_KINGSAFETY:0.49955015396301927
C_PAWNSTRUCTURE:0.5064484903030275
C_PIECECOORDINATION:0.5070062935259071
C_ROOKANDPAWNMOVEMENT:0.5070062935259071
C_CENTERCONTROL:0.5
C_DEVELOPPIECES:0.5148783606130006
C_MATERIAL:0.5015590907352333
C_MOVECOUNT:0.5
