ELO:829
CE_PASSEDPAWNS:0.4968728959595306
CE_PAWNWEAKNESSES:0.4215714782827674
CE_PIECEACTIVITY:0.4727539632745889
CE_KINGPAWNSHIELD:0.5159088726980745
CE_PIECECOORDINATION:0.44780319781460093
CE_MATERIAL:0.4870210061488756
CE_KINGSAFETY:0.4725459222094844
C_PIECESQUARETABLES:0.49348339571319033
C_MOBILITY:0.5145622060853234
C_KINGSAFETY:0.4986551568915698
C_PAWNSTRUCTURE:0.4784566692626298
C_PIECECOORDINATION:0.5375489024171474
C_ROOK:0.5107013526627731
CE_ROOK:0.5263201531281114
C_CENTERCONTROL:0.514829375832271
C_DEVELOPPIECES:0.5165648710543077
C_MATERIAL:0.47602512487768234
C_MOVECOUNT:0.5106030658985753
C_PAWNMOVEMENT:0.4614082399327764
