ELO:970
CE_PASSEDPAWNS:0.49841225144206946
CE_PAWNWEAKNESSES:0.46827925281807925
CE_PIECEACTIVITY:0.494443403947782
CE_KINGPAWNSHIELD:0.5027349225361696
CE_PIECECOORDINATION:0.4668278927005916
CE_MATERIAL:0.4967456451837684
CE_KINGSAFETY:0.48983189449848386
C_PIECESQUARETABLES:0.49847375008162786
C_MOBILITY:0.48654679451696586
C_KINGSAFETY:0.5091907378242739
C_PAWNSTRUCTURE:0.49885582187992067
C_PIECECOORDINATION:0.4831732990686483
C_ROOK:0.4992980747838972
CE_ROOK:0.5096929912813559
C_CENTERCONTROL:0.47090654302056945
C_DEVELOPPIECES:0.5166668613147127
C_MATERIAL:0.47491948040984383
C_MOVECOUNT:0.5360742808374168
C_PAWNMOVEMENT:0.486126131041002
