ELO:1002
CE_PASSEDPAWNS:0.4903954151594732
CE_PAWNWEAKNESSES:0.46827925281807925
CE_PIECEACTIVITY:0.4865867537856948
CE_KINGPAWNSHIELD:0.5076295008745803
CE_PIECECOORDINATION:0.4553516194724665
CE_MATERIAL:0.48991725384160406
CE_KINGSAFETY:0.498803429048204
C_PIECESQUARETABLES:0.5032857568374337
C_MOBILITY:0.4964291240671757
C_KINGSAFETY:0.5091907378242739
C_PAWNSTRUCTURE:0.5012345801468246
C_PIECECOORDINATION:0.4828930764324511
C_ROOK:0.4911357590164217
CE_ROOK:0.4926677403442209
C_CENTERCONTROL:0.47497869813603344
C_DEVELOPPIECES:0.5239226844391607
C_MATERIAL:0.48424613746512407
C_MOVECOUNT:0.5446237556985952
C_PAWNMOVEMENT:0.4660851640990792
