ELO:1000
CE_PASSEDPAWNS:0.4844483849729193
CE_PAWNWEAKNESSES:0.5231945946635714
CE_PIECEACTIVITY:0.4825115443708973
CE_KINGPAWNSHIELD:0.5014730475404101
CE_PIECECOORDINATION:0.46264777886796976
CE_MATERIAL:0.5099606230559298
CE_KINGSAFETY:0.5015420555742165
C_PIECESQUARETABLES:0.487108228552483
C_MOBILITY:0.48593069936696753
C_KINGSAFETY:0.49331090577210984
C_PAWNSTRUCTURE:0.5054774413730496
C_PIECECOORDINATION:0.5037348951272947
C_ROOKANDPAWNMOVEMENT:0.5037348951272947
C_CENTERCONTROL:0.5072570306296657
C_DEVELOPPIECES:0.49113860748442534
C_MATERIAL:0.4901469047714288
