ELO:951
CE_PASSEDPAWNS:0.49782727704779434
CE_PAWNWEAKNESSES:0.5
CE_PIECEACTIVITY:0.5460013470050755
CE_KINGPAWNSHIELD:0.5059748253043274
CE_PIECECOORDINATION:0.4539746954680025
CE_MATERIAL:0.5779062559528938
CE_KINGSAFETY:0.5
C_PIECESQUARETABLES:0.5
C_MOBILITY:0.48526123344429195
C_KINGSAFETY:0.5032201681511563
C_PAWNSTRUCTURE:0.4683193385594059
C_PIECECOORDINATION:0.5585006332719209
C_ROOKANDPAWNMOVEMENT:0.5585006332719209
C_CENTERCONTROL:0.5
C_DEVELOPPIECES:0.515930609696307
C_MATERIAL:0.551192277368626
C_MOVECOUNT:0.5
