ELO:994
CE_PASSEDPAWNS:0.4903954151594732
CE_PAWNWEAKNESSES:0.46827925281807925
CE_PIECEACTIVITY:0.4865867537856948
CE_KINGPAWNSHIELD:0.4867243807081417
CE_PIECECOORDINATION:0.4680662336443768
CE_MATERIAL:0.4967456451837684
CE_KINGSAFETY:0.48382317228735894
C_PIECESQUARETABLES:0.5105911036360296
C_MOBILITY:0.4964291240671757
C_KINGSAFETY:0.5091907378242739
C_PAWNSTRUCTURE:0.5012345801468246
C_PIECECOORDINATION:0.4839868239000599
C_ROOK:0.4992980747838972
CE_ROOK:0.5029394815333403
C_CENTERCONTROL:0.48089550137806897
C_DEVELOPPIECES:0.5239226844391607
C_MATERIAL:0.48424613746512407
C_MOVECOUNT:0.5360742808374168
C_PAWNMOVEMENT:0.4660851640990792
