ELO:1018
CE_PASSEDPAWNS:0.4879916884969286
CE_PAWNWEAKNESSES:0.5045519761063899
CE_PIECEACTIVITY:0.5059767389474146
CE_KINGPAWNSHIELD:0.4943401215131926
CE_PIECECOORDINATION:0.4816832260514155
CE_MATERIAL:0.5
CE_KINGSAFETY:0.5
C_PIECESQUARETABLES:0.5024037938963938
C_MOBILITY:0.5
C_KINGSAFETY:0.4928766333925145
C_PAWNSTRUCTURE:0.49941788660009245
C_PIECECOORDINATION:0.4853159175097035
C_ROOKANDPAWNMOVEMENT:0.4853159175097035
C_CENTERCONTROL:0.5105940586105634
C_DEVELOPPIECES:0.4967089684769039
C_MATERIAL:0.4920748987676254
C_MOVECOUNT:0.5161760850187019
