ELO:829
CE_PASSEDPAWNS:0.4968728959595306
CE_PAWNWEAKNESSES:0.41477045459003464
CE_PIECEACTIVITY:0.4727539632745889
CE_KINGPAWNSHIELD:0.5226443001111402
CE_PIECECOORDINATION:0.4428385758348043
CE_MATERIAL:0.4870210061488756
CE_KINGSAFETY:0.502705344560546
C_PIECESQUARETABLES:0.49391504700226985
C_MOBILITY:0.5192713715263353
C_KINGSAFETY:0.5037399924103504
C_PAWNSTRUCTURE:0.4782490290176462
C_PIECECOORDINATION:0.5375489024171474
C_ROOK:0.5108690077533724
CE_ROOK:0.5239985322680327
C_CENTERCONTROL:0.5119840498610866
C_DEVELOPPIECES:0.5258294150203492
C_MATERIAL:0.48655763932412993
C_MOVECOUNT:0.48048758883486425
C_PAWNMOVEMENT:0.4540868038277742
