ELO:812
CE_PASSEDPAWNS:0.47233710615104096
CE_PAWNWEAKNESSES:0.5090160601163279
CE_PIECEACTIVITY:0.575614930384137
CE_KINGPAWNSHIELD:0.5460544852086912
CE_PIECECOORDINATION:0.39799301597622566
CE_MATERIAL:0.5959659971641029
CE_KINGSAFETY:0.5
C_PIECESQUARETABLES:0.5004811418420074
C_MOBILITY:0.5386346910203519
C_KINGSAFETY:0.549090814316327
C_PAWNSTRUCTURE:0.5192439154308415
C_PIECECOORDINATION:0.40729891974951327
C_ROOKANDPAWNMOVEMENT:0.40729891974951327
C_CENTERCONTROL:0.41688153893991153
C_DEVELOPPIECES:0.5688192205446008
C_MATERIAL:0.4942992162137521
C_MOVECOUNT:0.4865773141396593
