ELO:1000
CE_PASSEDPAWNS:0.5
CE_PAWNWEAKNESSES:0.5087078392284428
CE_PIECEACTIVITY:0.5068416134464955
CE_KINGPAWNSHIELD:0.5
CE_PIECECOORDINATION:0.5
CE_MATERIAL:0.5
CE_KINGSAFETY:0.5
C_PIECESQUARETABLES:0.5036140975270816
C_MOBILITY:0.5075428102488426
C_KINGSAFETY:0.5
C_PAWNSTRUCTURE:0.5
C_PIECECOORDINATION:0.5
C_ROOKANDPAWNMOVEMENT:0.5
C_CENTERCONTROL:0.5054766296897828
C_DEVELOPPIECES:0.4922721051883767
C_MATERIAL:0.4996076381778581
C_MOVECOUNT:0.5
