ELO:1027
CE_PASSEDPAWNS:0.5
CE_PAWNWEAKNESSES:0.5
CE_PIECEACTIVITY:0.5
CE_KINGPAWNSHIELD:0.5170071531871097
CE_PIECECOORDINATION:0.500674893114705
CE_MATERIAL:0.5078068646755894
CE_KINGSAFETY:0.49299394446811073
C_PIECESQUARETABLES:0.5029624666192882
C_MOBILITY:0.5039985947592284
C_KINGSAFETY:0.4878412720272418
C_PAWNSTRUCTURE:0.5
C_PIECECOORDINATION:0.4995496576095303
C_ROOKANDPAWNMOVEMENT:0.4995496576095303
C_CENTERCONTROL:0.49865651524563215
C_DEVELOPPIECES:0.5
C_MATERIAL:0.49547368259088104
C_MOVECOUNT:0.5027247734177293
