ELO:994
CE_PASSEDPAWNS:0.49407344573899487
CE_PAWNWEAKNESSES:0.48961675061649346
CE_PIECEACTIVITY:0.47805892541928385
CE_KINGPAWNSHIELD:0.5098958726401472
CE_PIECECOORDINATION:0.48664335245159185
CE_MATERIAL:0.4945725632402885
CE_KINGSAFETY:0.521899358506205
C_PIECESQUARETABLES:0.5
C_MOBILITY:0.5108787543445213
C_KINGSAFETY:0.5077544115402496
C_PAWNSTRUCTURE:0.4989226778081962
C_PIECECOORDINATION:0.48574219199059615
C_ROOKANDPAWNMOVEMENT:0.48574219199059615
C_CENTERCONTROL:0.5171821207071163
C_DEVELOPPIECES:0.5026871552732594
C_MATERIAL:0.4999150774143201
C_MOVECOUNT:0.48817307432039436
