ELO:1057
CE_PASSEDPAWNS:0.5081261528642467
CE_PAWNWEAKNESSES:0.45937556678395663
CE_PIECEACTIVITY:0.5253121527731114
CE_KINGPAWNSHIELD:0.5
CE_PIECECOORDINATION:0.4856452388433947
CE_MATERIAL:0.47844282608064803
CE_KINGSAFETY:0.5248097158774031
C_PIECESQUARETABLES:0.5296919178205357
C_MOBILITY:0.510068351876117
C_KINGSAFETY:0.4910465737165832
C_PAWNSTRUCTURE:0.4743111660778652
C_PIECECOORDINATION:0.5167264156963651
C_ROOKANDPAWNMOVEMENT:0.5167264156963651
C_CENTERCONTROL:0.5
C_DEVELOPPIECES:0.47293828828532425
C_MATERIAL:0.5237221416867223
C_MOVECOUNT:0.5
