ELO:1070
CE_PASSEDPAWNS:0.4980445582674632
CE_PAWNWEAKNESSES:0.458504668987023
CE_PIECEACTIVITY:0.5045273297886825
CE_KINGPAWNSHIELD:0.5
CE_PIECECOORDINATION:0.5
CE_MATERIAL:0.5031413412348756
CE_KINGSAFETY:0.5
C_PIECESQUARETABLES:0.5
C_MOBILITY:0.5344379135745885
C_KINGSAFETY:0.49352347097133753
C_PAWNSTRUCTURE:0.5147192945931431
C_PIECECOORDINATION:0.5
C_ROOKANDPAWNMOVEMENT:0.5
C_CENTERCONTROL:0.5095551461057751
C_DEVELOPPIECES:0.48872829184308847
C_MATERIAL:0.48289425943929704
C_MOVECOUNT:0.5
