ELO:1008
CE_PASSEDPAWNS:0.5015067798729177
CE_PAWNWEAKNESSES:0.5027574638606079
CE_PIECEACTIVITY:0.5029880785516531
CE_KINGPAWNSHIELD:0.5
CE_PIECECOORDINATION:0.4887002385013721
CE_MATERIAL:0.5
CE_KINGSAFETY:0.49358925302067336
C_PIECESQUARETABLES:0.5034928473997785
C_MOBILITY:0.5066597810548348
C_KINGSAFETY:0.5037030961785346
C_PAWNSTRUCTURE:0.5
C_PIECECOORDINATION:0.5001595251386513
C_ROOKANDPAWNMOVEMENT:0.5001595251386513
C_CENTERCONTROL:0.5086931213411666
C_DEVELOPPIECES:0.4958185017401709
C_MATERIAL:0.5
