ELO:1017
CE_PASSEDPAWNS:0.43161355752778946
CE_PAWNWEAKNESSES:0.5420946033149274
CE_PIECEACTIVITY:0.44662183241637116
CE_KINGPAWNSHIELD:0.4859262165573209
CE_PIECECOORDINATION:0.449744708755161
CE_MATERIAL:0.46876384754381495
CE_KINGSAFETY:0.5038274676504048
C_PIECESQUARETABLES:0.5125781417727221
C_MOBILITY:0.5403398855293908
C_KINGSAFETY:0.5629614545500093
C_PAWNSTRUCTURE:0.416034824079212
C_PIECECOORDINATION:0.5667406073116825
C_ROOKANDPAWNMOVEMENT:0.5667406073116825
C_CENTERCONTROL:0.5970162641972561
C_DEVELOPPIECES:0.5551306020042444
C_MATERIAL:0.3466145806941345
