ELO:973
CE_PASSEDPAWNS:0.5230882664041497
CE_PAWNWEAKNESSES:0.49721974132523994
CE_PIECEACTIVITY:0.49691096697606746
CE_KINGPAWNSHIELD:0.4600101646173656
CE_PIECECOORDINATION:0.5
CE_MATERIAL:0.501642833756904
CE_KINGSAFETY:0.4854879041171048
C_PIECESQUARETABLES:0.5
C_MOBILITY:0.47390659227371607
C_KINGSAFETY:0.5063042209414963
C_PAWNSTRUCTURE:0.5
C_PIECECOORDINATION:0.5195910852607821
C_ROOKANDPAWNMOVEMENT:0.5195910852607821
C_CENTERCONTROL:0.4925727225152406
C_DEVELOPPIECES:0.44158125415068766
C_MATERIAL:0.5263834078376773
C_MOVECOUNT:0.5
