ELO:847
CE_PASSEDPAWNS:0.47233710615104096
CE_PAWNWEAKNESSES:0.39333555938510384
CE_PIECEACTIVITY:0.6230576986485417
CE_KINGPAWNSHIELD:0.554514754351988
CE_PIECECOORDINATION:0.5749544075029634
CE_MATERIAL:0.536482443604285
CE_KINGSAFETY:0.5
C_PIECESQUARETABLES:0.5
C_MOBILITY:0.47938200745788007
C_KINGSAFETY:0.45449494550552716
C_PAWNSTRUCTURE:0.5147852278909847
C_PIECECOORDINATION:0.3700029558353325
C_ROOKANDPAWNMOVEMENT:0.3700029558353325
C_CENTERCONTROL:0.4257167221189581
C_DEVELOPPIECES:0.4074678023305206
C_MATERIAL:0.5438443276708387
C_MOVECOUNT:0.5
