ELO:959
CE_PASSEDPAWNS:0.48884235029815654
CE_PAWNWEAKNESSES:0.46827925281807925
CE_PIECEACTIVITY:0.4664960665050055
CE_KINGPAWNSHIELD:0.5021106772871365
CE_PIECECOORDINATION:0.45377294228261567
CE_MATERIAL:0.48991725384160406
CE_KINGSAFETY:0.4900527697874396
C_PIECESQUARETABLES:0.49981001361199934
C_MOBILITY:0.5070031687333308
C_KINGSAFETY:0.5207054968093654
C_PAWNSTRUCTURE:0.4946583743492006
C_PIECECOORDINATION:0.4857002849869982
C_ROOK:0.4911357590164217
CE_ROOK:0.4936553441099028
C_CENTERCONTROL:0.4743984329870575
C_DEVELOPPIECES:0.520200567479501
C_MATERIAL:0.48999909386518964
C_MOVECOUNT:0.5383347042405812
C_PAWNMOVEMENT:0.45196243277397363
