ELO:1000
CE_PASSEDPAWNS:0.5081560437631548
CE_PAWNWEAKNESSES:0.5593446971568087
CE_PIECEACTIVITY:0.4848919104149997
CE_KINGPAWNSHIELD:0.5080387233023044
CE_PIECECOORDINATION:0.475685628581505
CE_MATERIAL:0.549406440184294
CE_KINGSAFETY:0.48436908121164746
C_PIECESQUARETABLES:0.49270431984495305
C_MOBILITY:0.48074779276240415
C_KINGSAFETY:0.5076618041260171
C_PAWNSTRUCTURE:0.48911476549156646
C_PIECECOORDINATION:0.5350769208179217
C_ROOKANDPAWNMOVEMENT:0.5350769208179217
C_CENTERCONTROL:0.5432990090909752
C_DEVELOPPIECES:0.49740924687178134
C_MATERIAL:0.4948808542789197
