ELO:967
CE_PASSEDPAWNS:0.48896042891669306
CE_PAWNWEAKNESSES:0.4870230254592212
CE_PIECEACTIVITY:0.4742309594915071
CE_KINGPAWNSHIELD:0.5134818481975189
CE_PIECECOORDINATION:0.498834668502224
CE_MATERIAL:0.5132219908983674
CE_KINGSAFETY:0.5
C_PIECESQUARETABLES:0.5166224156061826
C_MOBILITY:0.5271253380636166
C_KINGSAFETY:0.5038443416376426
C_PAWNSTRUCTURE:0.5039748362106944
C_PIECECOORDINATION:0.48865407637192737
C_ROOKANDPAWNMOVEMENT:0.48865407637192737
C_CENTERCONTROL:0.4810765955153231
C_DEVELOPPIECES:0.46899999526841396
C_MATERIAL:0.5139799908460349
C_MOVECOUNT:0.5222638385452694
