ELO:1024
CE_PASSEDPAWNS:0.5
CE_PAWNWEAKNESSES:0.5
CE_PIECEACTIVITY:0.5120047643867492
CE_KINGPAWNSHIELD:0.5
CE_PIECECOORDINATION:0.49121898933006675
CE_MATERIAL:0.4767390555840135
CE_KINGSAFETY:0.5
C_PIECESQUARETABLES:0.5
C_MOBILITY:0.5
C_KINGSAFETY:0.4923969495752254
C_PAWNSTRUCTURE:0.5
C_PIECECOORDINATION:0.4872749895627366
C_ROOKANDPAWNMOVEMENT:0.4872749895627366
C_CENTERCONTROL:0.49104682053963716
C_DEVELOPPIECES:0.5213895992831947
C_MATERIAL:0.48122316415777827
C_MOVECOUNT:0.5
