ELO:920
CE_PASSEDPAWNS:0.49721027435340887
CE_PAWNWEAKNESSES:0.48970095019273086
CE_PIECEACTIVITY:0.4777132818633726
CE_KINGPAWNSHIELD:0.47847475945392937
CE_PIECECOORDINATION:0.4996037919456436
CE_MATERIAL:0.43227243302134255
CE_KINGSAFETY:0.5
C_PIECESQUARETABLES:0.5
C_MOBILITY:0.48849179437500384
C_KINGSAFETY:0.532869572220588
C_PAWNSTRUCTURE:0.49809952477576797
C_PIECECOORDINATION:0.48522830316597704
C_ROOKANDPAWNMOVEMENT:0.48522830316597704
C_CENTERCONTROL:0.5444454020512147
C_DEVELOPPIECES:0.5025208875105633
C_MATERIAL:0.509948143377787
C_MOVECOUNT:0.5
