ELO:928
CE_PASSEDPAWNS:0.5270209698285199
CE_PAWNWEAKNESSES:0.5161987231451418
CE_PIECEACTIVITY:0.49638532996829743
CE_KINGPAWNSHIELD:0.5299839544921779
CE_PIECECOORDINATION:0.498761888024141
CE_MATERIAL:0.49596923350988276
CE_KINGSAFETY:0.5124387399432987
C_PIECESQUARETABLES:0.49926550460833663
C_MOBILITY:0.5165008805252842
C_KINGSAFETY:0.5136464081814786
C_PAWNSTRUCTURE:0.4619038174045992
C_PIECECOORDINATION:0.4813525504962017
C_ROOKANDPAWNMOVEMENT:0.4813525504962017
C_CENTERCONTROL:0.46027578546666537
C_DEVELOPPIECES:0.46993243742163837
C_MATERIAL:0.47052923263220436
