ELO:973
CE_PASSEDPAWNS:0.4336536233003967
CE_PAWNWEAKNESSES:0.5920988087624467
CE_PIECEACTIVITY:0.48843002397141827
CE_KINGPAWNSHIELD:0.5244213438255922
CE_PIECECOORDINATION:0.4681296785289601
CE_MATERIAL:0.4976638953329651
CE_KINGSAFETY:0.5207215151011333
C_PIECESQUARETABLES:0.5517364843994145
C_MOBILITY:0.44334003180747433
C_KINGSAFETY:0.4872947520512954
C_PAWNSTRUCTURE:0.49724331276342226
C_PIECECOORDINATION:0.4937294203948731
C_ROOKANDPAWNMOVEMENT:0.4937294203948731
C_CENTERCONTROL:0.5498093890461677
C_DEVELOPPIECES:0.47984792839723894
C_MATERIAL:0.5169974791850623
