ELO:914
CE_PASSEDPAWNS:0.48905604051630425
CE_PAWNWEAKNESSES:0.47025550057297993
CE_PIECEACTIVITY:0.4722659546943836
CE_KINGPAWNSHIELD:0.5263457246807813
CE_PIECECOORDINATION:0.45628805166642283
CE_MATERIAL:0.48607325421775033
CE_KINGSAFETY:0.5076464958105799
C_PIECESQUARETABLES:0.5
C_MOBILITY:0.5075683634315897
C_KINGSAFETY:0.5291024193280257
C_PAWNSTRUCTURE:0.48734395239729034
C_PIECECOORDINATION:0.49892539920371837
C_ROOK:0.49987619717459436
CE_ROOK:0.48839547480639894
C_CENTERCONTROL:0.47302214743270077
C_DEVELOPPIECES:0.5142997487070218
C_MATERIAL:0.47902974387366093
C_MOVECOUNT:0.5532551064935516
C_PAWNMOVEMENT:0.45852561854529456
