ELO:971
CE_PASSEDPAWNS:0.44203089874962415
CE_PAWNWEAKNESSES:0.6074596725386356
CE_PIECEACTIVITY:0.5152200808212222
CE_KINGPAWNSHIELD:0.5199527499120832
CE_PIECECOORDINATION:0.4965596566177603
CE_MATERIAL:0.5198192673777143
CE_KINGSAFETY:0.5393468761422678
C_PIECESQUARETABLES:0.5516365942709546
C_MOBILITY:0.4187365949987219
C_KINGSAFETY:0.462255350484049
C_PAWNSTRUCTURE:0.4921376184063741
C_PIECECOORDINATION:0.4698511633482083
C_ROOKANDPAWNMOVEMENT:0.4698511633482083
C_CENTERCONTROL:0.5607604789844622
C_DEVELOPPIECES:0.4850678245457579
C_MATERIAL:0.5068517184393466
