ELO:1051
CE_PASSEDPAWNS:0.4386298445823092
CE_PAWNWEAKNESSES:0.5321166846805312
CE_PIECEACTIVITY:0.4501681393259636
CE_KINGPAWNSHIELD:0.4902086881315914
CE_PIECECOORDINATION:0.4677024365539066
CE_MATERIAL:0.45387900250878077
CE_KINGSAFETY:0.5095403641525704
C_PIECESQUARETABLES:0.49905014224332916
C_MOBILITY:0.5403398855293908
C_KINGSAFETY:0.5816084555402423
C_PAWNSTRUCTURE:0.407823471022498
C_PIECECOORDINATION:0.5485372774456613
C_ROOKANDPAWNMOVEMENT:0.5485372774456613
C_CENTERCONTROL:0.6016533476755791
C_DEVELOPPIECES:0.5515327707735656
C_MATERIAL:0.35641944278758647
