ELO:983
CE_PASSEDPAWNS:0.4906422249322565
CE_PAWNWEAKNESSES:0.4924515532069819
CE_PIECEACTIVITY:0.48240057956806215
CE_KINGPAWNSHIELD:0.4879121567983455
CE_PIECECOORDINATION:0.5074927628635509
CE_MATERIAL:0.5263409498265756
CE_KINGSAFETY:0.5157567738512112
C_PIECESQUARETABLES:0.4978298300748804
C_MOBILITY:0.504545019737454
C_KINGSAFETY:0.5043507334081638
C_PAWNSTRUCTURE:0.5101162903848478
C_PIECECOORDINATION:0.506883909720162
C_ROOKANDPAWNMOVEMENT:0.506883909720162
C_CENTERCONTROL:0.5012692459121458
C_DEVELOPPIECES:0.4799725391394741
C_MATERIAL:0.5119703076093038
