ELO:822
CE_PASSEDPAWNS:0.48931979133281417
CE_PAWNWEAKNESSES:0.4345493429339204
CE_PIECEACTIVITY:0.4623263315850922
CE_KINGPAWNSHIELD:0.5192014891837767
CE_PIECECOORDINATION:0.4552529374845415
CE_MATERIAL:0.4814222269510903
CE_KINGSAFETY:0.4898579396116054
C_PIECESQUARETABLES:0.5083243818591949
C_MOBILITY:0.5169108464100094
C_KINGSAFETY:0.4948043941358437
C_PAWNSTRUCTURE:0.4633038419165687
C_PIECECOORDINATION:0.5231010231869296
C_ROOK:0.5137196586013362
CE_ROOK:0.5387483996043305
C_CENTERCONTROL:0.5183826864491469
C_DEVELOPPIECES:0.5345006922056903
C_MATERIAL:0.4825557471117168
C_MOVECOUNT:0.5298685987367712
C_PAWNMOVEMENT:0.4471693885105875
