ELO:1000
CE_PASSEDPAWNS:0.46557538111271896
CE_PAWNWEAKNESSES:0.5170411028117295
CE_PIECEACTIVITY:0.5019717691490292
CE_KINGPAWNSHIELD:0.494203359245926
CE_PIECECOORDINATION:0.5129407453690825
CE_MATERIAL:0.48989737219559215
CE_KINGSAFETY:0.49547047664853666
C_PIECESQUARETABLES:0.5101153102060639
C_MOBILITY:0.5177713668373566
C_KINGSAFETY:0.5130862551194996
C_PAWNSTRUCTURE:0.5078935069657384
C_PIECECOORDINATION:0.48991906419622633
C_ROOKANDPAWNMOVEMENT:0.48991906419622633
C_CENTERCONTROL:0.5133623278605588
C_DEVELOPPIECES:0.4821505426404509
C_MATERIAL:0.48141979173882415
