ELO:1126
CE_PASSEDPAWNS:0.43861587604040125
CE_PAWNWEAKNESSES:0.5942385255537602
CE_PIECEACTIVITY:0.47707812532962285
CE_KINGPAWNSHIELD:0.6208131797722044
CE_PIECECOORDINATION:0.5707969823983154
CE_MATERIAL:0.45800920682154733
CE_KINGSAFETY:0.4933202435948884
C_PIECESQUARETABLES:0.5081591438505152
C_MOBILITY:0.4069926351060713
C_KINGSAFETY:0.30807903020254146
C_PAWNSTRUCTURE:0.4417854149681585
C_PIECECOORDINATION:0.4963234777472151
C_ROOKANDPAWNMOVEMENT:0.4963234777472151
C_CENTERCONTROL:0.5916556751746048
C_DEVELOPPIECES:0.5798105074634312
C_MATERIAL:0.3736476872074502
