ELO:1000
CE_PASSEDPAWNS:0.47572545664730365
CE_PAWNWEAKNESSES:0.564899331037473
CE_PIECEACTIVITY:0.4780121660205287
CE_KINGPAWNSHIELD:0.5003453939777228
CE_PIECECOORDINATION:0.4977186874859221
CE_MATERIAL:0.5647259722775814
CE_KINGSAFETY:0.51052789746693
C_PIECESQUARETABLES:0.5111285451574904
C_MOBILITY:0.4946672190685263
C_KINGSAFETY:0.503949323078919
C_PAWNSTRUCTURE:0.4798528802589239
C_PIECECOORDINATION:0.5368888820609999
C_ROOKANDPAWNMOVEMENT:0.5368888820609999
C_CENTERCONTROL:0.553029567407813
C_DEVELOPPIECES:0.4959593150409789
C_MATERIAL:0.4956247537189958
