ELO:972
CE_PASSEDPAWNS:0.49841225144206946
CE_PAWNWEAKNESSES:0.4721286663511015
CE_PIECEACTIVITY:0.494443403947782
CE_KINGPAWNSHIELD:0.4983385417741555
CE_PIECECOORDINATION:0.47831807360227235
CE_MATERIAL:0.49894833959637397
CE_KINGSAFETY:0.4878713083048248
C_PIECESQUARETABLES:0.5273073493746285
C_MOBILITY:0.48525924511480867
C_KINGSAFETY:0.5218676817372719
C_PAWNSTRUCTURE:0.4865477528347429
C_PIECECOORDINATION:0.49879369894209213
C_ROOK:0.4999995146342465
CE_ROOK:0.5096929912813559
C_CENTERCONTROL:0.4669369965344848
C_DEVELOPPIECES:0.5166668613147127
C_MATERIAL:0.486651859181436
C_MOVECOUNT:0.5319024987806333
C_PAWNMOVEMENT:0.5007958540142987
