ELO:1015
CE_PASSEDPAWNS:0.49810166840508324
CE_PAWNWEAKNESSES:0.49978487906956265
CE_PIECEACTIVITY:0.5014047190776292
CE_KINGPAWNSHIELD:0.4832034166929166
CE_PIECECOORDINATION:0.5147710415160389
CE_MATERIAL:0.5131141241715397
CE_KINGSAFETY:0.5
C_PIECESQUARETABLES:0.4441272465722445
C_MOBILITY:0.5124811185199357
C_KINGSAFETY:0.525094461919448
C_PAWNSTRUCTURE:0.5166512446204499
C_PIECECOORDINATION:0.5062307901687119
C_ROOKANDPAWNMOVEMENT:0.5062307901687119
C_CENTERCONTROL:0.49649418434852305
C_DEVELOPPIECES:0.5148591742560191
C_MATERIAL:0.4898324942704768
C_MOVECOUNT:0.5045827812539575
