ELO:1037
CE_PASSEDPAWNS:0.48883456398268255
CE_PAWNWEAKNESSES:0.5
CE_PIECEACTIVITY:0.509891946592569
CE_KINGPAWNSHIELD:0.48856740315627617
CE_PIECECOORDINATION:0.4981964499600441
CE_MATERIAL:0.49279674784590377
CE_KINGSAFETY:0.48991794843178627
C_PIECESQUARETABLES:0.5024037938963938
C_MOBILITY:0.5
C_KINGSAFETY:0.4975196854312097
C_PAWNSTRUCTURE:0.49807994524855237
C_PIECECOORDINATION:0.48128021852507885
C_ROOKANDPAWNMOVEMENT:0.48128021852507885
C_CENTERCONTROL:0.5
C_DEVELOPPIECES:0.5091519851903535
C_MATERIAL:0.5095681166683946
C_MOVECOUNT:0.4870414635382563
