ELO:1045
CE_PASSEDPAWNS:0.4395632973710158
CE_PAWNWEAKNESSES:0.5383530610456966
CE_PIECEACTIVITY:0.44099467252424773
CE_KINGPAWNSHIELD:0.4902086881315914
CE_PIECECOORDINATION:0.47767491561362213
CE_MATERIAL:0.45387900250878077
CE_KINGSAFETY:0.47573841668694306
C_PIECESQUARETABLES:0.4995901346484002
C_MOBILITY:0.5365470831581447
C_KINGSAFETY:0.5808374850642763
C_PAWNSTRUCTURE:0.3962622502558894
C_PIECECOORDINATION:0.5374558990502304
C_ROOKANDPAWNMOVEMENT:0.5374558990502304
C_CENTERCONTROL:0.6087929836526237
C_DEVELOPPIECES:0.5583688971952865
C_MATERIAL:0.3620515893343699
