ELO:876
CE_PASSEDPAWNS:0.4964836924360539
CE_PAWNWEAKNESSES:0.6044887781143393
CE_PIECEACTIVITY:0.4639092656266776
CE_KINGPAWNSHIELD:0.4565033460982057
CE_PIECECOORDINATION:0.44119153139954714
CE_MATERIAL:0.525125650864742
CE_KINGSAFETY:0.43211522687326076
C_PIECESQUARETABLES:0.5004068993023606
C_MOBILITY:0.44630285060109226
C_KINGSAFETY:0.4274663056759824
C_PAWNSTRUCTURE:0.560933936088319
C_PIECECOORDINATION:0.4948135532127034
C_ROOKANDPAWNMOVEMENT:0.4948135532127034
C_CENTERCONTROL:0.6008839919041395
C_DEVELOPPIECES:0.4247296853832931
C_MATERIAL:0.5246421598017561
