ELO:960
CE_PASSEDPAWNS:0.49841225144206946
CE_PAWNWEAKNESSES:0.4721286663511015
CE_PIECEACTIVITY:0.494443403947782
CE_KINGPAWNSHIELD:0.4983385417741555
CE_PIECECOORDINATION:0.47831807360227235
CE_MATERIAL:0.49894833959637397
CE_KINGSAFETY:0.5
C_PIECESQUARETABLES:0.5
C_MOBILITY:0.48525924511480867
C_KINGSAFETY:0.5193300239039803
C_PAWNSTRUCTURE:0.4865477528347429
C_PIECECOORDINATION:0.4923411972295737
C_ROOK:0.4999995146342465
CE_ROOK:0.5096929912813559
C_CENTERCONTROL:0.4669369965344848
C_DEVELOPPIECES:0.5166668613147127
C_MATERIAL:0.486651859181436
C_MOVECOUNT:0.5319024987806333
C_PAWNMOVEMENT:0.4950072948731357
