ELO:904
CE_PASSEDPAWNS:0.5853940675750865
CE_PAWNWEAKNESSES:0.5585730826885129
CE_PIECEACTIVITY:0.567141198270329
CE_KINGPAWNSHIELD:0.566879932796272
CE_PIECECOORDINATION:0.5952723757132464
CE_MATERIAL:0.5347824149165971
CE_KINGSAFETY:0.4897201347445805
C_PIECESQUARETABLES:0.4778578908598846
C_MOBILITY:0.5094676970291154
C_KINGSAFETY:0.513667682344436
C_PAWNSTRUCTURE:0.6169454245122582
C_PIECECOORDINATION:0.5369971043216597
C_ROOKANDPAWNMOVEMENT:0.5369971043216597
C_CENTERCONTROL:0.479694675381873
C_DEVELOPPIECES:0.43127447857106954
C_MATERIAL:0.4712357473184194
