ELO:1006
CE_PASSEDPAWNS:0.5140024224448466
CE_PAWNWEAKNESSES:0.4955256155299253
CE_PIECEACTIVITY:0.5110273299206138
CE_KINGPAWNSHIELD:0.49781576428642127
CE_PIECECOORDINATION:0.5
CE_MATERIAL:0.48900059058204454
CE_KINGSAFETY:0.49523135435173377
C_PIECESQUARETABLES:0.5
C_MOBILITY:0.4998122967323919
C_KINGSAFETY:0.5
C_PAWNSTRUCTURE:0.49514523667882787
C_PIECECOORDINATION:0.5021681237368382
C_ROOKANDPAWNMOVEMENT:0.5021681237368382
C_CENTERCONTROL:0.49582365494440744
C_DEVELOPPIECES:0.4902029699399005
C_MATERIAL:0.48413610632280385
C_MOVECOUNT:0.5044677218167735
