ELO:997
CE_PASSEDPAWNS:0.4781847448563697
CE_PAWNWEAKNESSES:0.4820688647752715
CE_PIECEACTIVITY:0.4710767557738062
CE_KINGPAWNSHIELD:0.5
CE_PIECECOORDINATION:0.5135375309207808
CE_MATERIAL:0.5
CE_KINGSAFETY:0.5
C_PIECESQUARETABLES:0.5050463815737563
C_MOBILITY:0.480361129785071
C_KINGSAFETY:0.5036022845535623
C_PAWNSTRUCTURE:0.49627515546400713
C_PIECECOORDINATION:0.49124272970438887
C_ROOKANDPAWNMOVEMENT:0.49124272970438887
C_CENTERCONTROL:0.4946902873465336
C_DEVELOPPIECES:0.5079361249810004
C_MATERIAL:0.5070290084854356
C_MOVECOUNT:0.4979600943794145
