ELO:991
CE_PASSEDPAWNS:0.5277288571395565
CE_PAWNWEAKNESSES:0.4747266971979074
CE_PIECEACTIVITY:0.5158729760087164
CE_KINGPAWNSHIELD:0.5325350678434254
CE_PIECECOORDINATION:0.4762273537440215
CE_MATERIAL:0.4694181679613265
CE_KINGSAFETY:0.5
C_PIECESQUARETABLES:0.48952726577860195
C_MOBILITY:0.5836313903895851
C_KINGSAFETY:0.5250912115677565
C_PAWNSTRUCTURE:0.4643626812585818
C_PIECECOORDINATION:0.5034949501714628
C_ROOKANDPAWNMOVEMENT:0.5034949501714628
C_CENTERCONTROL:0.42894235410171383
C_DEVELOPPIECES:0.4318764392398064
C_MATERIAL:0.6122952139921382
