ELO:1004
CE_PASSEDPAWNS:0.6361946972856186
CE_PAWNWEAKNESSES:0.5043749091886552
CE_PIECEACTIVITY:0.37924767183143643
CE_KINGPAWNSHIELD:0.43833334397701496
CE_PIECECOORDINATION:0.42295012120820286
CE_MATERIAL:0.47329052598471877
CE_KINGSAFETY:0.5097130464367402
C_PIECESQUARETABLES:0.5
C_MOBILITY:0.5491528366657289
C_KINGSAFETY:0.4466403609108385
C_PAWNSTRUCTURE:0.5087899842654315
C_PIECECOORDINATION:0.4128800955783201
C_ROOKANDPAWNMOVEMENT:0.4128800955783201
C_CENTERCONTROL:0.3858802321900443
C_DEVELOPPIECES:0.3809394699007912
C_MATERIAL:0.5811455363613861
