ELO:795
CE_PASSEDPAWNS:0.6331347590704711
CE_PAWNWEAKNESSES:0.4941970525539558
CE_PIECEACTIVITY:0.4178956105262815
CE_KINGPAWNSHIELD:0.42610549141291165
CE_PIECECOORDINATION:0.514122882362188
CE_MATERIAL:0.5721365242408543
CE_KINGSAFETY:0.44241832819224264
C_PIECESQUARETABLES:0.5574970421181781
C_MOBILITY:0.5251641758404055
C_KINGSAFETY:0.5080055339301528
C_PAWNSTRUCTURE:0.4798994826136713
C_PIECECOORDINATION:0.45109427944218
C_ROOKANDPAWNMOVEMENT:0.45109427944218
C_CENTERCONTROL:0.4258709243748947
C_DEVELOPPIECES:0.5021860161048837
C_MATERIAL:0.5422037980149872
C_MOVECOUNT:0.5
