ELO:1000
CE_PASSEDPAWNS:0.5447166895930045
CE_PAWNWEAKNESSES:0.47391620200099316
CE_PIECEACTIVITY:0.5070707230477909
CE_KINGPAWNSHIELD:0.516195397293055
CE_PIECECOORDINATION:0.5186361397083498
CE_MATERIAL:0.5488998427780473
CE_KINGSAFETY:0.5080278456806122
C_PIECESQUARETABLES:0.5280864848459447
C_MOBILITY:0.5025373306282369
C_KINGSAFETY:0.49980298175215915
C_PAWNSTRUCTURE:0.5159473541136856
C_PIECECOORDINATION:0.5177570446624674
C_ROOKANDPAWNMOVEMENT:0.5177570446624674
C_CENTERCONTROL:0.5300009485169438
C_DEVELOPPIECES:0.4781762429469872
C_MATERIAL:0.5254278026060172
