ELO:1000
CE_PASSEDPAWNS:0.4768851359010216
CE_PAWNWEAKNESSES:0.5205051063173883
CE_PIECEACTIVITY:0.6280952440463101
CE_KINGPAWNSHIELD:0.5336416005091984
CE_PIECECOORDINATION:0.5692296215972087
CE_MATERIAL:0.42678957767321524
CE_KINGSAFETY:0.5152613742793443
C_PIECESQUARETABLES:0.5227827468358198
C_MOBILITY:0.488052750781282
C_KINGSAFETY:0.48111813891971644
C_PAWNSTRUCTURE:0.547097771975475
C_PIECECOORDINATION:0.4902921826192017
C_ROOKANDPAWNMOVEMENT:0.4902921826192017
C_CENTERCONTROL:0.517236164163816
C_DEVELOPPIECES:0.5338846201824753
C_MATERIAL:0.45334633656303513
