ELO:945
CE_PASSEDPAWNS:0.6441458353825259
CE_PAWNWEAKNESSES:0.4632598072919276
CE_PIECEACTIVITY:0.3518461150788451
CE_KINGPAWNSHIELD:0.4528124831360977
CE_PIECECOORDINATION:0.40970194292168644
CE_MATERIAL:0.41413583408867455
CE_KINGSAFETY:0.5028358574630929
C_PIECESQUARETABLES:0.5161618761709523
C_MOBILITY:0.5224870105007435
C_KINGSAFETY:0.4774560194354942
C_PAWNSTRUCTURE:0.5635871375724827
C_PIECECOORDINATION:0.3892640342723052
C_ROOKANDPAWNMOVEMENT:0.3892640342723052
C_CENTERCONTROL:0.36508240979646117
C_DEVELOPPIECES:0.3697204461908232
C_MATERIAL:0.5856313567203777
