ELO:998
CE_PASSEDPAWNS:0.6256679360127765
CE_PAWNWEAKNESSES:0.5343193517467033
CE_PIECEACTIVITY:0.506688145251904
CE_KINGPAWNSHIELD:0.5314264500030694
CE_PIECECOORDINATION:0.5168180823003868
CE_MATERIAL:0.5357173173879665
CE_KINGSAFETY:0.4903927264673686
C_PIECESQUARETABLES:0.4806651794442132
C_MOBILITY:0.47389716629382767
C_KINGSAFETY:0.4833351809663116
C_PAWNSTRUCTURE:0.47812891434689236
C_PIECECOORDINATION:0.5905555438159407
C_ROOKANDPAWNMOVEMENT:0.5905555438159407
C_CENTERCONTROL:0.5097658109948842
C_DEVELOPPIECES:0.375192448048551
C_MATERIAL:0.5097250540526018
