ELO:808
CE_PASSEDPAWNS:0.5488863275651742
CE_PAWNWEAKNESSES:0.5031692316820675
CE_PIECEACTIVITY:0.42183681289772956
CE_KINGPAWNSHIELD:0.4834662661956944
CE_PIECECOORDINATION:0.4750114708156169
CE_MATERIAL:0.5373272320160365
CE_KINGSAFETY:0.45858179890819906
C_PIECESQUARETABLES:0.5224806519458292
C_MOBILITY:0.5339245158376246
C_KINGSAFETY:0.48942885820817644
C_PAWNSTRUCTURE:0.48421161262904283
C_PIECECOORDINATION:0.5019119784298008
C_ROOKANDPAWNMOVEMENT:0.5019119784298008
C_CENTERCONTROL:0.4783171566337897
C_DEVELOPPIECES:0.4857435618346793
C_MATERIAL:0.5048352534319723
C_MOVECOUNT:0.5
