ELO:988
CE_PASSEDPAWNS:0.4989787666108701
CE_PAWNWEAKNESSES:0.4833330460989036
CE_PIECEACTIVITY:0.5459475848527194
CE_KINGPAWNSHIELD:0.47761402029040523
CE_PIECECOORDINATION:0.4974802587081401
CE_MATERIAL:0.5261499474528792
CE_KINGSAFETY:0.5093953704403145
C_PIECESQUARETABLES:0.4845739965979665
C_MOBILITY:0.4970217982093295
C_KINGSAFETY:0.4879222511946675
C_PAWNSTRUCTURE:0.48676930059972245
C_PIECECOORDINATION:0.5131753436739163
C_ROOKANDPAWNMOVEMENT:0.5131753436739163
C_CENTERCONTROL:0.5000648769077726
C_DEVELOPPIECES:0.5221489258319395
C_MATERIAL:0.4695280966316976
