ELO:914
CE_PASSEDPAWNS:0.5901216613019905
CE_PAWNWEAKNESSES:0.5558847580241422
CE_PIECEACTIVITY:0.5775083458189558
CE_KINGPAWNSHIELD:0.5358194542301429
CE_PIECECOORDINATION:0.5812880164987014
CE_MATERIAL:0.5412224255793252
CE_KINGSAFETY:0.47304984999591143
C_PIECESQUARETABLES:0.48182658867943023
C_MOBILITY:0.5055275054107915
C_KINGSAFETY:0.5115333175167073
C_PAWNSTRUCTURE:0.6246975083458932
C_PIECECOORDINATION:0.5324306936633315
C_ROOKANDPAWNMOVEMENT:0.5324306936633315
C_CENTERCONTROL:0.47703248739308024
C_DEVELOPPIECES:0.4442265387627859
C_MATERIAL:0.45627840342572457
