ELO:980
CE_PASSEDPAWNS:0.5855354095278181
CE_PAWNWEAKNESSES:0.5433094481883802
CE_PIECEACTIVITY:0.563313488107477
CE_KINGPAWNSHIELD:0.5099332788119926
CE_PIECECOORDINATION:0.5448255223032386
CE_MATERIAL:0.5194519742553493
CE_KINGSAFETY:0.4744913408532437
C_PIECESQUARETABLES:0.4777994751979247
C_MOBILITY:0.5138995106959321
C_KINGSAFETY:0.5139495702614288
C_PAWNSTRUCTURE:0.6034510443179436
C_PIECECOORDINATION:0.5285571932346051
C_ROOKANDPAWNMOVEMENT:0.5285571932346051
C_CENTERCONTROL:0.5022135836187388
C_DEVELOPPIECES:0.49224900782249087
C_MATERIAL:0.4430586569716626
