ELO:924
CE_PASSEDPAWNS:0.5335149292833022
CE_PAWNWEAKNESSES:0.5042317501340956
CE_PIECEACTIVITY:0.4984572192382969
CE_KINGPAWNSHIELD:0.5050875649378785
CE_PIECECOORDINATION:0.5048733004458142
CE_MATERIAL:0.5199441300448437
CE_KINGSAFETY:0.47860162134795997
C_PIECESQUARETABLES:0.5039509245779215
C_MOBILITY:0.5074635403701705
C_KINGSAFETY:0.5252830165417788
C_PAWNSTRUCTURE:0.5033691198875488
C_PIECECOORDINATION:0.4924438835019189
C_ROOKANDPAWNMOVEMENT:0.4924438835019189
C_CENTERCONTROL:0.5630074976259681
C_DEVELOPPIECES:0.49290235496382273
C_MATERIAL:0.5488991798739695
C_MOVECOUNT:0.4647791373440355
