ELO:962
CE_PASSEDPAWNS:0.6546778633779067
CE_PAWNWEAKNESSES:0.4838234063159151
CE_PIECEACTIVITY:0.374944872278947
CE_KINGPAWNSHIELD:0.43126706090082534
CE_PIECECOORDINATION:0.41591517109785403
CE_MATERIAL:0.4415257900081637
CE_KINGSAFETY:0.5019111241105932
C_PIECESQUARETABLES:0.4942152847208015
C_MOBILITY:0.5231219442914796
C_KINGSAFETY:0.4301274197634854
C_PAWNSTRUCTURE:0.5523290108363881
C_PIECECOORDINATION:0.37470409767686147
C_ROOKANDPAWNMOVEMENT:0.37470409767686147
C_CENTERCONTROL:0.36120426472318734
C_DEVELOPPIECES:0.3703457438858252
C_MATERIAL:0.5871859812955279
