ELO:935
CE_PASSEDPAWNS:0.5989738091951321
CE_PAWNWEAKNESSES:0.562177013710766
CE_PIECEACTIVITY:0.5863787941427329
CE_KINGPAWNSHIELD:0.549929871560875
CE_PIECECOORDINATION:0.5849047329481348
CE_MATERIAL:0.5216421851876007
CE_KINGSAFETY:0.4829934196193586
C_PIECESQUARETABLES:0.46466309277549916
C_MOBILITY:0.5072528661451512
C_KINGSAFETY:0.5030647748421307
C_PAWNSTRUCTURE:0.6047252385446215
C_PIECECOORDINATION:0.5255760803848358
C_ROOKANDPAWNMOVEMENT:0.5255760803848358
C_CENTERCONTROL:0.4750746841839898
C_DEVELOPPIECES:0.4456998296842681
C_MATERIAL:0.4470311682033296
