ELO:1000
CE_PASSEDPAWNS:0.4672388641075721
CE_PAWNWEAKNESSES:0.511862295595793
CE_PIECEACTIVITY:0.6391044511751969
CE_KINGPAWNSHIELD:0.514167552786239
CE_PIECECOORDINATION:0.5894670165596292
CE_MATERIAL:0.4141013841204947
CE_KINGSAFETY:0.5202235380353596
C_PIECESQUARETABLES:0.5226244503716775
C_MOBILITY:0.4997187265587559
C_KINGSAFETY:0.4711246302540723
C_PAWNSTRUCTURE:0.5464651852901093
C_PIECECOORDINATION:0.47911164500989323
C_ROOKANDPAWNMOVEMENT:0.47911164500989323
C_CENTERCONTROL:0.5109959470551632
C_DEVELOPPIECES:0.5214125187605773
C_MATERIAL:0.42685083095521925
