ELO:856
CE_PASSEDPAWNS:0.502728348808999
CE_PAWNWEAKNESSES:0.466986833032548
CE_PIECEACTIVITY:0.5040651529745982
CE_KINGPAWNSHIELD:0.45924098840770217
CE_PIECECOORDINATION:0.47501946942809303
CE_MATERIAL:0.5131898962071061
CE_KINGSAFETY:0.5102006214200846
C_PIECESQUARETABLES:0.4882082139933376
C_MOBILITY:0.5366732782747947
C_KINGSAFETY:0.5269921989349885
C_PAWNSTRUCTURE:0.502581837001216
C_PIECECOORDINATION:0.5084870033220354
C_ROOK:0.5052755518372269
CE_ROOK:0.5313395149352544
C_CENTERCONTROL:0.5763418494636504
C_DEVELOPPIECES:0.5248816883023856
C_MATERIAL:0.474471874554582
C_MOVECOUNT:0.4956578866670479
C_PAWNMOVEMENT:0.5091091805456521
