ELO:1008
CE_PASSEDPAWNS:0.5173778595731868
CE_PAWNWEAKNESSES:0.49881850143873957
CE_PIECEACTIVITY:0.50709152057394
CE_KINGPAWNSHIELD:0.47098093628505394
CE_PIECECOORDINATION:0.4805807749779057
CE_MATERIAL:0.4968339615520746
CE_KINGSAFETY:0.5
C_PIECESQUARETABLES:0.5118907115559291
C_MOBILITY:0.49063938167367394
C_KINGSAFETY:0.4954625497641407
C_PAWNSTRUCTURE:0.487949940770548
C_PIECECOORDINATION:0.5082389348399977
C_ROOK:0.5042396672911159
CE_ROOK:0.4905894602561884
C_CENTERCONTROL:0.49647893940114507
C_DEVELOPPIECES:0.5052125529074402
C_MATERIAL:0.5075666624958339
C_MOVECOUNT:0.5
C_PAWNMOVEMENT:0.5028387946432405
