ELO:774
CE_PASSEDPAWNS:0.6010965847089634
CE_PAWNWEAKNESSES:0.49267437579365475
CE_PIECEACTIVITY:0.4191364206550384
CE_KINGPAWNSHIELD:0.4328369414961096
CE_PIECECOORDINATION:0.4804027957731182
CE_MATERIAL:0.5331846821865721
CE_KINGSAFETY:0.4488643885453542
C_PIECESQUARETABLES:0.5272408812794166
C_MOBILITY:0.5365011631495008
C_KINGSAFETY:0.5024606100493089
C_PAWNSTRUCTURE:0.4670066173124929
C_PIECECOORDINATION:0.47643556641088514
C_ROOKANDPAWNMOVEMENT:0.47643556641088514
C_CENTERCONTROL:0.44118884931709995
C_DEVELOPPIECES:0.46727280259152554
C_MATERIAL:0.504260605517784
C_MOVECOUNT:0.5
