ELO:678
CE_PASSEDPAWNS:0.7135738367098643
CE_PAWNWEAKNESSES:0.5325025088978881
CE_PIECEACTIVITY:0.42749104175384706
CE_KINGPAWNSHIELD:0.3879307535636401
CE_PIECECOORDINATION:0.4981993055339886
CE_MATERIAL:0.49512221818443836
CE_KINGSAFETY:0.4798284842025142
C_PIECESQUARETABLES:0.4983133026292657
C_MOBILITY:0.4990090757259139
C_KINGSAFETY:0.48773655306557034
C_PAWNSTRUCTURE:0.523390084768149
C_PIECECOORDINATION:0.41723711130426117
C_ROOKANDPAWNMOVEMENT:0.41723711130426117
C_CENTERCONTROL:0.4238926902484702
C_DEVELOPPIECES:0.45840707979664697
C_MATERIAL:0.5143076207056464
C_MOVECOUNT:0.4774020891955934
