ELO:526
CE_PASSEDPAWNS:0.7119982845697262
CE_PAWNWEAKNESSES:0.497078975759589
CE_PIECEACTIVITY:0.3890701241746065
CE_KINGPAWNSHIELD:0.38974204432837184
CE_PIECECOORDINATION:0.5005615651700536
CE_MATERIAL:0.5320079138358429
CE_KINGSAFETY:0.5215662549146244
C_PIECESQUARETABLES:0.5112371357130493
C_MOBILITY:0.4952877303328494
C_KINGSAFETY:0.49416558326727805
C_PAWNSTRUCTURE:0.5257163004824645
C_PIECECOORDINATION:0.3836888645954489
C_ROOKANDPAWNMOVEMENT:0.3836888645954489
C_CENTERCONTROL:0.4015291766159216
C_DEVELOPPIECES:0.4931496608576661
C_MATERIAL:0.5275978019307037
C_MOVECOUNT:0.541364808491373
