ELO:1000
CE_PASSEDPAWNS:0.48857580036143217
CE_PAWNWEAKNESSES:0.488188249231173
CE_PIECEACTIVITY:0.4804014063053891
CE_KINGPAWNSHIELD:0.4862557889657422
CE_PIECECOORDINATION:0.5088797576504447
CE_MATERIAL:0.49843448065405666
CE_KINGSAFETY:0.47388961747058805
C_PIECESQUARETABLES:0.5193235685420737
C_MOBILITY:0.4798395667161906
C_KINGSAFETY:0.48834496298235275
C_PAWNSTRUCTURE:0.5072537029303428
C_PIECECOORDINATION:0.49463889424713703
C_ROOKANDPAWNMOVEMENT:0.49463889424713703
C_CENTERCONTROL:0.506041523171932
C_DEVELOPPIECES:0.48917359427918616
C_MATERIAL:0.49985071440131607
