ELO:896
CE_PASSEDPAWNS:0.5782320436409327
CE_PAWNWEAKNESSES:0.5475251559965856
CE_PIECEACTIVITY:0.5852770830195615
CE_KINGPAWNSHIELD:0.5599911902424183
CE_PIECECOORDINATION:0.6181738143632028
CE_MATERIAL:0.518106184630712
CE_KINGSAFETY:0.4956968045393354
C_PIECESQUARETABLES:0.4756741311619275
C_MOBILITY:0.5078916396626899
C_KINGSAFETY:0.515080378752568
C_PAWNSTRUCTURE:0.6175352434198382
C_PIECECOORDINATION:0.5438691764711429
C_ROOKANDPAWNMOVEMENT:0.5438691764711429
C_CENTERCONTROL:0.47836795599552134
C_DEVELOPPIECES:0.40159331443049157
C_MATERIAL:0.5021051498687868
