ELO:976
CE_PASSEDPAWNS:0.5075793635120222
CE_PAWNWEAKNESSES:0.49488707490431066
CE_PIECEACTIVITY:0.5161162662589804
CE_KINGPAWNSHIELD:0.49283309078700127
CE_PIECECOORDINATION:0.48182584622775393
CE_MATERIAL:0.5104073946850057
CE_KINGSAFETY:0.4965274006542194
C_PIECESQUARETABLES:0.5
C_MOBILITY:0.5382189115599024
C_KINGSAFETY:0.5122318642235105
C_PAWNSTRUCTURE:0.4905994616851034
C_PIECECOORDINATION:0.507328791769553
C_ROOKANDPAWNMOVEMENT:0.507328791769553
C_CENTERCONTROL:0.49115825600591
C_DEVELOPPIECES:0.4911230242286923
C_MATERIAL:0.49519526601651553
C_MOVECOUNT:0.5
