ELO:1010
CE_PASSEDPAWNS:0.5211356675062251
CE_PAWNWEAKNESSES:0.5079049937065752
CE_PIECEACTIVITY:0.5
CE_KINGPAWNSHIELD:0.5179883651661399
CE_PIECECOORDINATION:0.5076500950038051
CE_MATERIAL:0.4968339615520746
CE_KINGSAFETY:0.5
C_PIECESQUARETABLES:0.5
C_MOBILITY:0.49063938167367394
C_KINGSAFETY:0.48933139120265184
C_PAWNSTRUCTURE:0.487949940770548
C_PIECECOORDINATION:0.5082389348399977
C_ROOK:0.5135636464547232
CE_ROOK:0.4957669600006969
C_CENTERCONTROL:0.4793060624995957
C_DEVELOPPIECES:0.5052125529074402
C_MATERIAL:0.5095479436640956
C_MOVECOUNT:0.5
C_PAWNMOVEMENT:0.5028387946432405
