ELO:590
CE_PASSEDPAWNS:0.7068827294872532
CE_PAWNWEAKNESSES:0.49905260036597454
CE_PIECEACTIVITY:0.4238736129279853
CE_KINGPAWNSHIELD:0.38545972838036846
CE_PIECECOORDINATION:0.4944546138740718
CE_MATERIAL:0.5129607520085384
CE_KINGSAFETY:0.4895541771704641
C_PIECESQUARETABLES:0.4983972897032576
C_MOBILITY:0.4765855614076743
C_KINGSAFETY:0.4826594052554493
C_PAWNSTRUCTURE:0.52678502695926
C_PIECECOORDINATION:0.43125319691405317
C_ROOKANDPAWNMOVEMENT:0.43125319691405317
C_CENTERCONTROL:0.41941879041573216
C_DEVELOPPIECES:0.4790114179853817
C_MATERIAL:0.5204224449207199
C_MOVECOUNT:0.5090971220646339
