ELO:988
CE_PASSEDPAWNS:0.499176139430094
CE_PAWNWEAKNESSES:0.4955256155299253
CE_PIECEACTIVITY:0.5094867476859541
CE_KINGPAWNSHIELD:0.5
CE_PIECECOORDINATION:0.5135375309207808
CE_MATERIAL:0.4986443331435658
CE_KINGSAFETY:0.5123879180203357
C_PIECESQUARETABLES:0.516438815188509
C_MOBILITY:0.4989328799055695
C_KINGSAFETY:0.49814167522025954
C_PAWNSTRUCTURE:0.4984345841875829
C_PIECECOORDINATION:0.5198681234286895
C_ROOKANDPAWNMOVEMENT:0.5198681234286895
C_CENTERCONTROL:0.4945793400398059
C_DEVELOPPIECES:0.5
C_MATERIAL:0.5104510247354327
C_MOVECOUNT:0.513165404146982
