ELO:919
CE_PASSEDPAWNS:0.5075290022564227
CE_PAWNWEAKNESSES:0.4778637586402783
CE_PIECEACTIVITY:0.517131861497105
CE_KINGPAWNSHIELD:0.4833969685859761
CE_PIECECOORDINATION:0.5061275027474494
CE_MATERIAL:0.4984620321169797
CE_KINGSAFETY:0.48585308519745496
C_PIECESQUARETABLES:0.5000920532775438
C_MOBILITY:0.5069278080154821
C_KINGSAFETY:0.4774012414936418
C_PAWNSTRUCTURE:0.47672660840296305
C_PIECECOORDINATION:0.47173278070133307
C_ROOK:0.5198365820314022
CE_ROOK:0.5151273159388963
C_CENTERCONTROL:0.5224620890743237
C_DEVELOPPIECES:0.5215029972073958
C_MATERIAL:0.5056917920404773
C_MOVECOUNT:0.48676743232543873
C_PAWNMOVEMENT:0.5059526258183021
