ELO:768
CE_PASSEDPAWNS:0.6293974259239601
CE_PAWNWEAKNESSES:0.504431650237198
CE_PIECEACTIVITY:0.41810579151989247
CE_KINGPAWNSHIELD:0.4380334756402425
CE_PIECECOORDINATION:0.49045471223092646
CE_MATERIAL:0.5466592334272128
CE_KINGSAFETY:0.4408109645332729
C_PIECESQUARETABLES:0.5435402385286732
C_MOBILITY:0.5344357615987803
C_KINGSAFETY:0.5176008170228904
C_PAWNSTRUCTURE:0.4793397384146158
C_PIECECOORDINATION:0.46460004605524136
C_ROOKANDPAWNMOVEMENT:0.46460004605524136
C_CENTERCONTROL:0.4317460580534454
C_DEVELOPPIECES:0.5055501893198041
C_MATERIAL:0.540626661836835
C_MOVECOUNT:0.5
