ELO:1000
CE_PASSEDPAWNS:0.4797052041297425
CE_PAWNWEAKNESSES:0.511862295595793
CE_PIECEACTIVITY:0.6273615082630213
CE_KINGPAWNSHIELD:0.5165930825959337
CE_PIECECOORDINATION:0.5640037692074137
CE_MATERIAL:0.4124889592252394
CE_KINGSAFETY:0.513081679810442
C_PIECESQUARETABLES:0.5160855785691333
C_MOBILITY:0.47838630105335567
C_KINGSAFETY:0.48778719476655796
C_PAWNSTRUCTURE:0.553837051835162
C_PIECECOORDINATION:0.48076971057846685
C_ROOKANDPAWNMOVEMENT:0.48076971057846685
C_CENTERCONTROL:0.517236164163816
C_DEVELOPPIECES:0.5263960618613591
C_MATERIAL:0.4365539390269607
