ELO:1000
CE_PASSEDPAWNS:0.5504447575254509
CE_PAWNWEAKNESSES:0.49357852675692065
CE_PIECEACTIVITY:0.5123475995798086
CE_KINGPAWNSHIELD:0.5192801164989207
CE_PIECECOORDINATION:0.5108266967904557
CE_MATERIAL:0.554176119078109
CE_KINGSAFETY:0.5
C_PIECESQUARETABLES:0.5
C_MOBILITY:0.5078717583361755
C_KINGSAFETY:0.5039642934241658
C_PAWNSTRUCTURE:0.5219223942907752
C_PIECECOORDINATION:0.5312174075747685
C_ROOKANDPAWNMOVEMENT:0.5312174075747685
C_CENTERCONTROL:0.526420101860997
C_DEVELOPPIECES:0.4641806328587798
C_MATERIAL:0.5254278026060172
