ELO:987
CE_PASSEDPAWNS:0.4956871646506178
CE_PAWNWEAKNESSES:0.4926650295372894
CE_PIECEACTIVITY:0.49849091622003766
CE_KINGPAWNSHIELD:0.502647472977001
CE_PIECECOORDINATION:0.5
CE_MATERIAL:0.4862628712297174
CE_KINGSAFETY:0.5149183396213661
C_PIECESQUARETABLES:0.5020554864273448
C_MOBILITY:0.49725039142067695
C_KINGSAFETY:0.4935109229626944
C_PAWNSTRUCTURE:0.4935118195802602
C_PIECECOORDINATION:0.49540371071262634
C_ROOK:0.48325548163357923
CE_ROOK:0.4995075576788332
C_CENTERCONTROL:0.5
C_DEVELOPPIECES:0.4952377136214309
C_MATERIAL:0.5295984005478664
C_MOVECOUNT:0.5
C_PAWNMOVEMENT:0.5094273478966035
