ELO:999
CE_PASSEDPAWNS:0.5211356675062251
CE_PAWNWEAKNESSES:0.497659800685266
CE_PIECEACTIVITY:0.5
CE_KINGPAWNSHIELD:0.48792765656882275
CE_PIECECOORDINATION:0.5104278836793662
CE_MATERIAL:0.4941110223435805
CE_KINGSAFETY:0.50886577843254
C_PIECESQUARETABLES:0.5148331455147301
C_MOBILITY:0.4889660171998497
C_KINGSAFETY:0.48933139120265184
C_PAWNSTRUCTURE:0.4938617587719438
C_PIECECOORDINATION:0.5082389348399977
C_ROOK:0.49238294686198847
CE_ROOK:0.5
C_CENTERCONTROL:0.49832707592707876
C_DEVELOPPIECES:0.4948853545101651
C_MATERIAL:0.5031856719619923
C_MOVECOUNT:0.5
C_PAWNMOVEMENT:0.4932726632509693
