ELO:601
CE_PASSEDPAWNS:0.677301187272826
CE_PAWNWEAKNESSES:0.5035161043306625
CE_PIECEACTIVITY:0.4112661402181585
CE_KINGPAWNSHIELD:0.4284352801889699
CE_PIECECOORDINATION:0.5130365637465343
CE_MATERIAL:0.561375655557091
CE_KINGSAFETY:0.4856213766307675
C_PIECESQUARETABLES:0.48704692806384386
C_MOBILITY:0.557077390436467
C_KINGSAFETY:0.49538188672270733
C_PAWNSTRUCTURE:0.5133358314050993
C_PIECECOORDINATION:0.49503659490315965
C_ROOKANDPAWNMOVEMENT:0.49503659490315965
C_CENTERCONTROL:0.4059775576670515
C_DEVELOPPIECES:0.4375379229558055
C_MATERIAL:0.5124412511019283
C_MOVECOUNT:0.5
