ELO:668
CE_PASSEDPAWNS:0.540779713268615
CE_PAWNWEAKNESSES:0.5078478358197311
CE_PIECEACTIVITY:0.53383089547759
CE_KINGPAWNSHIELD:0.49690837072582345
CE_PIECECOORDINATION:0.5700391580953944
CE_MATERIAL:0.5905317526735631
CE_KINGSAFETY:0.4588794555549754
C_PIECESQUARETABLES:0.47053540731331694
C_MOBILITY:0.567657651181056
C_KINGSAFETY:0.542650906623042
C_PAWNSTRUCTURE:0.5169847877839457
C_PIECECOORDINATION:0.49959885862329745
C_ROOKANDPAWNMOVEMENT:0.49959885862329745
C_CENTERCONTROL:0.519266402554319
C_DEVELOPPIECES:0.4521766830363215
C_MATERIAL:0.6178712831021267
C_MOVECOUNT:0.4235813325946851
