ELO:986
CE_PASSEDPAWNS:0.5064238972473976
CE_PAWNWEAKNESSES:0.49484942579783
CE_PIECEACTIVITY:0.5136192750413416
CE_KINGPAWNSHIELD:0.48199008142125205
CE_PIECECOORDINATION:0.47079892147946195
CE_MATERIAL:0.5015994544917624
CE_KINGSAFETY:0.49212980010276947
C_PIECESQUARETABLES:0.49546203780855996
C_MOBILITY:0.508186094596426
C_KINGSAFETY:0.48442433020525466
C_PAWNSTRUCTURE:0.49001323552755105
C_PIECECOORDINATION:0.47250906041709106
C_ROOK:0.49864748331157965
CE_ROOK:0.5067404802403553
C_CENTERCONTROL:0.521456750368652
C_DEVELOPPIECES:0.5061598641246896
C_MATERIAL:0.5192571387008258
C_MOVECOUNT:0.4953240426943036
C_PAWNMOVEMENT:0.5094213444668734
