ELO:898
CE_PASSEDPAWNS:0.5144657745139526
CE_PAWNWEAKNESSES:0.5094045001440548
CE_PIECEACTIVITY:0.49842328966924465
CE_KINGPAWNSHIELD:0.466327825078607
CE_PIECECOORDINATION:0.49555488928714986
CE_MATERIAL:0.5146322309775586
CE_KINGSAFETY:0.49926233912330265
C_PIECESQUARETABLES:0.5034163740574821
C_MOBILITY:0.4897392082658475
C_KINGSAFETY:0.5068045566777155
C_PAWNSTRUCTURE:0.47923710059281804
C_PIECECOORDINATION:0.4756701427583573
C_ROOKANDPAWNMOVEMENT:0.4756701427583573
C_CENTERCONTROL:0.49347476413577673
C_DEVELOPPIECES:0.5126671728187667
C_MATERIAL:0.5255805900260568
C_MOVECOUNT:0.5059676550038473
