ELO:975
CE_PASSEDPAWNS:0.4977829219568239
CE_PAWNWEAKNESSES:0.5013047379801159
CE_PIECEACTIVITY:0.5046904582853121
CE_KINGPAWNSHIELD:0.47856647631993576
CE_PIECECOORDINATION:0.4912440038273397
CE_MATERIAL:0.5208485871188666
CE_KINGSAFETY:0.5067715569809581
C_PIECESQUARETABLES:0.4951874196048094
C_MOBILITY:0.490607989755927
C_KINGSAFETY:0.5115940753159045
C_PAWNSTRUCTURE:0.5083469958928452
C_PIECECOORDINATION:0.4928644738467894
C_ROOKANDPAWNMOVEMENT:0.4928644738467894
C_CENTERCONTROL:0.5036433712086089
C_DEVELOPPIECES:0.5024397266302382
C_MATERIAL:0.5161849141548062
C_MOVECOUNT:0.5
