ELO:915
CE_PASSEDPAWNS:0.6503888703553932
CE_PAWNWEAKNESSES:0.46791952120260766
CE_PIECEACTIVITY:0.35760718109060785
CE_KINGPAWNSHIELD:0.4516173638596334
CE_PIECECOORDINATION:0.42977364093719267
CE_MATERIAL:0.42814150764492903
CE_KINGSAFETY:0.48635417321562713
C_PIECESQUARETABLES:0.5241698339855475
C_MOBILITY:0.49907772207695894
C_KINGSAFETY:0.4848819840797409
C_PAWNSTRUCTURE:0.5713383091165581
C_PIECECOORDINATION:0.4056216290148344
C_ROOKANDPAWNMOVEMENT:0.4056216290148344
C_CENTERCONTROL:0.35754128764391413
C_DEVELOPPIECES:0.3665086214973793
C_MATERIAL:0.5915449783789012
