ELO:920
CE_PASSEDPAWNS:0.5004098583793462
CE_PAWNWEAKNESSES:0.5422255367074515
CE_PIECEACTIVITY:0.4976764458420914
CE_KINGPAWNSHIELD:0.4642759944955942
CE_PIECECOORDINATION:0.5160310427321851
CE_MATERIAL:0.5492163546032331
CE_KINGSAFETY:0.49811388785931404
C_PIECESQUARETABLES:0.4889374872704625
C_MOBILITY:0.5070135444446796
C_KINGSAFETY:0.504412812986691
C_PAWNSTRUCTURE:0.46841067605431463
C_PIECECOORDINATION:0.477885698878202
C_ROOKANDPAWNMOVEMENT:0.477885698878202
C_CENTERCONTROL:0.5155518017866424
C_DEVELOPPIECES:0.49644513276589053
C_MATERIAL:0.505505258945104
C_MOVECOUNT:0.5130890266714138
