ELO:1000
CE_PASSEDPAWNS:0.5416264443249383
CE_PAWNWEAKNESSES:0.49848019113986247
CE_PIECEACTIVITY:0.48902495561353376
CE_KINGPAWNSHIELD:0.49141320325642196
CE_PIECECOORDINATION:0.5131507320423355
CE_MATERIAL:0.538515199960172
CE_KINGSAFETY:0.5004230398422415
C_PIECESQUARETABLES:0.5300316953647697
C_MOBILITY:0.5381777374574224
C_KINGSAFETY:0.49980298175215915
C_PAWNSTRUCTURE:0.5063604993916824
C_PIECECOORDINATION:0.5098062867740724
C_ROOKANDPAWNMOVEMENT:0.5098062867740724
C_CENTERCONTROL:0.5356276368262819
C_DEVELOPPIECES:0.4724666246731473
C_MATERIAL:0.5018277863129799
