ELO:999
CE_PASSEDPAWNS:0.6103534169237543
CE_PAWNWEAKNESSES:0.487737595198015
CE_PIECEACTIVITY:0.518637332102198
CE_KINGPAWNSHIELD:0.5552202439315885
CE_PIECECOORDINATION:0.514599377250172
CE_MATERIAL:0.5442286181276574
CE_KINGSAFETY:0.4503046931433746
C_PIECESQUARETABLES:0.5486231736013755
C_MOBILITY:0.453229658558695
C_KINGSAFETY:0.49492025356885605
C_PAWNSTRUCTURE:0.5031761964379382
C_PIECECOORDINATION:0.6291913885353232
C_ROOKANDPAWNMOVEMENT:0.6291913885353232
C_CENTERCONTROL:0.5424976355600186
C_DEVELOPPIECES:0.39457142398205497
C_MATERIAL:0.5112549608189219
