ELO:958
CE_PASSEDPAWNS:0.48779178688478936
CE_PAWNWEAKNESSES:0.458654570718444
CE_PIECEACTIVITY:0.5388064859906638
CE_KINGPAWNSHIELD:0.49531239615068506
CE_PIECECOORDINATION:0.5014731099135135
CE_MATERIAL:0.5124719075948325
CE_KINGSAFETY:0.5250721910026215
C_PIECESQUARETABLES:0.49913664293673093
C_MOBILITY:0.49127715474250955
C_KINGSAFETY:0.5024156315615512
C_PAWNSTRUCTURE:0.48557387627170423
C_PIECECOORDINATION:0.4788765088911716
C_ROOKANDPAWNMOVEMENT:0.4788765088911716
C_CENTERCONTROL:0.49503201738237174
C_DEVELOPPIECES:0.5450340475134886
C_MATERIAL:0.4887122923127445
