ELO:640
CE_PASSEDPAWNS:0.53940686955446
CE_PAWNWEAKNESSES:0.5064407538057265
CE_PIECEACTIVITY:0.5057512478502401
CE_KINGPAWNSHIELD:0.5064342005945573
CE_PIECECOORDINATION:0.5812311675949108
CE_MATERIAL:0.5639806676461147
CE_KINGSAFETY:0.4721220416593921
C_PIECESQUARETABLES:0.49429105461268996
C_MOBILITY:0.5657224202602882
C_KINGSAFETY:0.5576524567185841
C_PAWNSTRUCTURE:0.5019079398809495
C_PIECECOORDINATION:0.5069470729189811
C_ROOKANDPAWNMOVEMENT:0.5069470729189811
C_CENTERCONTROL:0.5301360937932035
C_DEVELOPPIECES:0.443286197458726
C_MATERIAL:0.6011611624493822
C_MOVECOUNT:0.4326986858680391
