ELO:933
CE_PASSEDPAWNS:0.500140651248709
CE_PAWNWEAKNESSES:0.4788505659113637
CE_PIECEACTIVITY:0.5187227200229505
CE_KINGPAWNSHIELD:0.4717192919344322
CE_PIECECOORDINATION:0.516288851767682
CE_MATERIAL:0.48980576605680987
CE_KINGSAFETY:0.4829474864592196
C_PIECESQUARETABLES:0.515874320366539
C_MOBILITY:0.5261814150578105
C_KINGSAFETY:0.48669601181457445
C_PAWNSTRUCTURE:0.47672660840296305
C_PIECECOORDINATION:0.49144982136760107
C_ROOK:0.5125972340347466
CE_ROOK:0.5356901632004684
C_CENTERCONTROL:0.5224620890743237
C_DEVELOPPIECES:0.5217718543017763
C_MATERIAL:0.503213710978807
C_MOVECOUNT:0.4953306768443486
C_PAWNMOVEMENT:0.5179445434404254
