ELO:917
CE_PASSEDPAWNS:0.5075290022564227
CE_PAWNWEAKNESSES:0.4907418846122929
CE_PIECEACTIVITY:0.5123369889965117
CE_KINGPAWNSHIELD:0.4871744736875949
CE_PIECECOORDINATION:0.4937292298064684
CE_MATERIAL:0.4897351714170506
CE_KINGSAFETY:0.4875145613329532
C_PIECESQUARETABLES:0.5
C_MOBILITY:0.506209484384578
C_KINGSAFETY:0.4818791970098137
C_PAWNSTRUCTURE:0.47152576043619776
C_PIECECOORDINATION:0.4700472279275235
C_ROOK:0.5198365820314022
CE_ROOK:0.506428552599501
C_CENTERCONTROL:0.5224620890743237
C_DEVELOPPIECES:0.5239281020613495
C_MATERIAL:0.5117743347504593
C_MOVECOUNT:0.5020658947583334
C_PAWNMOVEMENT:0.508727958084052
