ELO:994
CE_PASSEDPAWNS:0.6030656537269798
CE_PAWNWEAKNESSES:0.5027796880939677
CE_PIECEACTIVITY:0.5026162283327679
CE_KINGPAWNSHIELD:0.5453506218322604
CE_PIECECOORDINATION:0.4982052793938226
CE_MATERIAL:0.5450914582099818
CE_KINGSAFETY:0.43569211018010223
C_PIECESQUARETABLES:0.5476027840277098
C_MOBILITY:0.45446298551652065
C_KINGSAFETY:0.4910361012790734
C_PAWNSTRUCTURE:0.48659643671573244
C_PIECECOORDINATION:0.6310034098847815
C_ROOKANDPAWNMOVEMENT:0.6310034098847815
C_CENTERCONTROL:0.5294487964888623
C_DEVELOPPIECES:0.3814375123036418
C_MATERIAL:0.48537623601777463
