ELO:945
CE_PASSEDPAWNS:0.49499573218720067
CE_PAWNWEAKNESSES:0.47753822521489947
CE_PIECEACTIVITY:0.4816814141933695
CE_KINGPAWNSHIELD:0.48015425395543815
CE_PIECECOORDINATION:0.4661983595804041
CE_MATERIAL:0.4471714473311137
CE_KINGSAFETY:0.47183343830038255
C_PIECESQUARETABLES:0.49733997297895893
C_MOBILITY:0.48139769989308356
C_KINGSAFETY:0.5263371314439986
C_PAWNSTRUCTURE:0.4988798894420005
C_PIECECOORDINATION:0.464954631693079
C_ROOKANDPAWNMOVEMENT:0.464954631693079
C_CENTERCONTROL:0.44990962188943673
C_DEVELOPPIECES:0.46782168638333754
C_MATERIAL:0.48391437014903904
C_MOVECOUNT:0.5
