ELO:872
CE_PASSEDPAWNS:0.5047557327779899
CE_PAWNWEAKNESSES:0.5112760549272923
CE_PIECEACTIVITY:0.5096022171158302
CE_KINGPAWNSHIELD:0.4704228481985447
CE_PIECECOORDINATION:0.49359852809485755
CE_MATERIAL:0.5078530163835518
CE_KINGSAFETY:0.4936038436088474
C_PIECESQUARETABLES:0.4961760277801325
C_MOBILITY:0.49391669872020494
C_KINGSAFETY:0.49622139774358637
C_PAWNSTRUCTURE:0.4735360055721509
C_PIECECOORDINATION:0.4665236448032426
C_ROOKANDPAWNMOVEMENT:0.4665236448032426
C_CENTERCONTROL:0.4975372674753803
C_DEVELOPPIECES:0.5077490024627728
C_MATERIAL:0.5255805900260568
C_MOVECOUNT:0.500366206313772
