ELO:851
CE_PASSEDPAWNS:0.5371528711986066
CE_PAWNWEAKNESSES:0.4996832089080027
CE_PIECEACTIVITY:0.4981563069192774
CE_KINGPAWNSHIELD:0.5092523249198012
CE_PIECECOORDINATION:0.5129925997940686
CE_MATERIAL:0.5265498445425547
CE_KINGSAFETY:0.4841154756632234
C_PIECESQUARETABLES:0.5079873686647987
C_MOBILITY:0.513442454479435
C_KINGSAFETY:0.5273482833852858
C_PAWNSTRUCTURE:0.49799739097594525
C_PIECECOORDINATION:0.47450286227308247
C_ROOKANDPAWNMOVEMENT:0.47450286227308247
C_CENTERCONTROL:0.5425883562127625
C_DEVELOPPIECES:0.45968702451157895
C_MATERIAL:0.5638813183083207
C_MOVECOUNT:0.44952073146536176
