ELO:1020
CE_PASSEDPAWNS:0.49938886043514236
CE_PAWNWEAKNESSES:0.5059321803980413
CE_PIECEACTIVITY:0.5349051127043944
CE_KINGPAWNSHIELD:0.4226404375162372
CE_PIECECOORDINATION:0.45346255641579297
CE_MATERIAL:0.46298716745697355
CE_KINGSAFETY:0.5
C_PIECESQUARETABLES:0.5
C_MOBILITY:0.5087946777901977
C_KINGSAFETY:0.38486313208502515
C_PAWNSTRUCTURE:0.4718850764133669
C_PIECECOORDINATION:0.4035444535074218
C_ROOKANDPAWNMOVEMENT:0.4035444535074218
C_CENTERCONTROL:0.5182062486222906
C_DEVELOPPIECES:0.3923312826239638
C_MATERIAL:0.5534768753017619
