ELO:1000
CE_PASSEDPAWNS:0.5119704858072326
CE_PAWNWEAKNESSES:0.497659800685266
CE_PIECEACTIVITY:0.5
CE_KINGPAWNSHIELD:0.48792765656882275
CE_PIECECOORDINATION:0.5106941039431253
CE_MATERIAL:0.4941110223435805
CE_KINGSAFETY:0.50886577843254
C_PIECESQUARETABLES:0.5045618729771622
C_MOBILITY:0.5104413717894642
C_KINGSAFETY:0.490867497873568
C_PAWNSTRUCTURE:0.5
C_PIECECOORDINATION:0.5
C_ROOK:0.49238294686198847
CE_ROOK:0.5
C_CENTERCONTROL:0.5020685941070537
C_DEVELOPPIECES:0.4948853545101651
C_MATERIAL:0.4974428498378994
C_MOVECOUNT:0.5
C_PAWNMOVEMENT:0.4942690026081789
