ELO:1000
CE_PASSEDPAWNS:0.5079067627870331
CE_PAWNWEAKNESSES:0.5355450291765801
CE_PIECEACTIVITY:0.5024700299518443
CE_KINGPAWNSHIELD:0.4892428474698556
CE_PIECECOORDINATION:0.4701700430855063
CE_MATERIAL:0.5135540529357896
CE_KINGSAFETY:0.5
C_PIECESQUARETABLES:0.512243602882942
C_MOBILITY:0.5395494988653312
C_KINGSAFETY:0.5301552625606778
C_PAWNSTRUCTURE:0.49611177198142214
C_PIECECOORDINATION:0.5021027643556657
C_ROOKANDPAWNMOVEMENT:0.5021027643556657
C_CENTERCONTROL:0.5079977349000392
C_DEVELOPPIECES:0.5036146825296428
C_MATERIAL:0.4734154953438241
