ELO:799
CE_PASSEDPAWNS:0.48616624227942334
CE_PAWNWEAKNESSES:0.5227278019796529
CE_PIECEACTIVITY:0.4824860601682675
CE_KINGPAWNSHIELD:0.49935923482835204
CE_PIECECOORDINATION:0.5362724086160202
CE_MATERIAL:0.37376317440607226
CE_KINGSAFETY:0.47649380277223896
C_PIECESQUARETABLES:0.4906595789417443
C_MOBILITY:0.4969317242307321
C_KINGSAFETY:0.4311248047469229
C_PAWNSTRUCTURE:0.4983348284834959
C_PIECECOORDINATION:0.5231623496480975
C_ROOKANDPAWNMOVEMENT:0.5231623496480975
C_CENTERCONTROL:0.4911091049874572
C_DEVELOPPIECES:0.5492969746967088
C_MATERIAL:0.49080800149136067
C_MOVECOUNT:0.5
