ELO:945
CE_PASSEDPAWNS:0.5071521463523314
CE_PAWNWEAKNESSES:0.5151091022870067
CE_PIECEACTIVITY:0.5409312729874507
CE_KINGPAWNSHIELD:0.5365165170506234
CE_PIECECOORDINATION:0.5149888823676827
CE_MATERIAL:0.510919119337726
CE_KINGSAFETY:0.515662793424039
C_PIECESQUARETABLES:0.5685111375469258
C_MOBILITY:0.47194493336085225
C_KINGSAFETY:0.5368942230449403
C_PAWNSTRUCTURE:0.4750106243008515
C_PIECECOORDINATION:0.4847462454662347
C_ROOKANDPAWNMOVEMENT:0.4847462454662347
C_CENTERCONTROL:0.5200823695330952
C_DEVELOPPIECES:0.5098559525412015
C_MATERIAL:0.48874381243865256
C_MOVECOUNT:0.5
