ELO:961
CE_PASSEDPAWNS:0.4982284524090676
CE_PAWNWEAKNESSES:0.4953037375535454
CE_PIECEACTIVITY:0.5020671227412637
CE_KINGPAWNSHIELD:0.5250259257330072
CE_PIECECOORDINATION:0.4998817361282063
CE_MATERIAL:0.503232639455134
CE_KINGSAFETY:0.5
C_PIECESQUARETABLES:0.5
C_MOBILITY:0.5160773859606153
C_KINGSAFETY:0.5103476725196632
C_PAWNSTRUCTURE:0.4980236568297401
C_PIECECOORDINATION:0.5100874791831623
C_ROOK:0.5084575942363856
CE_ROOK:0.5002532238370613
C_CENTERCONTROL:0.4938788742654136
C_DEVELOPPIECES:0.49626503472769107
C_MATERIAL:0.5304933888702649
C_MOVECOUNT:0.4938249803980978
C_PAWNMOVEMENT:0.5108015276002671
