ELO:994
CE_PASSEDPAWNS:0.4495249011034333
CE_PAWNWEAKNESSES:0.54945631574197
CE_PIECEACTIVITY:0.4806612649019982
CE_KINGPAWNSHIELD:0.6268951409362666
CE_PIECECOORDINATION:0.40229792319535
CE_MATERIAL:0.4869387416366785
CE_KINGSAFETY:0.40990509996393615
C_PIECESQUARETABLES:0.5288005662910911
C_MOBILITY:0.5391899191038544
C_KINGSAFETY:0.3733835024321403
C_PAWNSTRUCTURE:0.5816122094926383
C_PIECECOORDINATION:0.4651459014907367
C_ROOKANDPAWNMOVEMENT:0.4651459014907367
C_CENTERCONTROL:0.6144072396555946
C_DEVELOPPIECES:0.4971867806165588
C_MATERIAL:0.5254358570639696
