ELO:888
CE_PASSEDPAWNS:0.47298137835382453
CE_PAWNWEAKNESSES:0.5164221848858086
CE_PIECEACTIVITY:0.49656847258892134
CE_KINGPAWNSHIELD:0.49875143281759815
CE_PIECECOORDINATION:0.52919619341388
CE_MATERIAL:0.4826927586056503
CE_KINGSAFETY:0.5094860797505157
C_PIECESQUARETABLES:0.49589452760825115
C_MOBILITY:0.49500695828249053
C_KINGSAFETY:0.5353458339581207
C_PAWNSTRUCTURE:0.5194420132852976
C_PIECECOORDINATION:0.5899243147633247
C_ROOKANDPAWNMOVEMENT:0.5899243147633247
C_CENTERCONTROL:0.5131121271670409
C_DEVELOPPIECES:0.4785211686355394
C_MATERIAL:0.5573030045348303
C_MOVECOUNT:0.5192642707335025
