ELO:961
CE_PASSEDPAWNS:0.4949805736852573
CE_PAWNWEAKNESSES:0.48024508260971727
CE_PIECEACTIVITY:0.5334195892499617
CE_KINGPAWNSHIELD:0.5274866586846079
CE_PIECECOORDINATION:0.5471753905761308
CE_MATERIAL:0.5058163105213871
CE_KINGSAFETY:0.5
C_PIECESQUARETABLES:0.5007589793577149
C_MOBILITY:0.49627766361336045
C_KINGSAFETY:0.5051000290159406
C_PAWNSTRUCTURE:0.5071709177208119
C_PIECECOORDINATION:0.5117672705713481
C_ROOK:0.5182441917924656
CE_ROOK:0.48909746789432756
C_CENTERCONTROL:0.5114651589284737
C_DEVELOPPIECES:0.4873737150890552
C_MATERIAL:0.4967960847279863
C_MOVECOUNT:0.5295537403071847
C_PAWNMOVEMENT:0.5244509321252737
