ELO:1000
CE_PASSEDPAWNS:0.5096236569889184
CE_PAWNWEAKNESSES:0.5282737361218919
CE_PIECEACTIVITY:0.5172588104247253
CE_KINGPAWNSHIELD:0.5177661434750407
CE_PIECECOORDINATION:0.5035494461855261
CE_MATERIAL:0.4749332278844396
CE_KINGSAFETY:0.49028862720788496
C_PIECESQUARETABLES:0.5184911274958559
C_MOBILITY:0.4983077387271954
C_KINGSAFETY:0.48567998479751373
C_PAWNSTRUCTURE:0.5083598825642869
C_PIECECOORDINATION:0.5213284982778694
C_ROOKANDPAWNMOVEMENT:0.5213284982778694
C_CENTERCONTROL:0.5083261341208987
C_DEVELOPPIECES:0.4834979345474027
C_MATERIAL:0.5364044592558426
