ELO:960
CE_PASSEDPAWNS:0.5038204521109497
CE_PAWNWEAKNESSES:0.5064457437304251
CE_PIECEACTIVITY:0.4988710933033285
CE_KINGPAWNSHIELD:0.5157811283179774
CE_PIECECOORDINATION:0.49391345139543674
CE_MATERIAL:0.5005654086257526
CE_KINGSAFETY:0.5
C_PIECESQUARETABLES:0.48782096222523275
C_MOBILITY:0.5121844160089889
C_KINGSAFETY:0.4922606212894879
C_PAWNSTRUCTURE:0.5080614690975165
C_PIECECOORDINATION:0.5093132773893337
C_ROOK:0.5121527006702981
CE_ROOK:0.48569764027970447
C_CENTERCONTROL:0.4875638396924523
C_DEVELOPPIECES:0.5009638150444207
C_MATERIAL:0.532445123961019
C_MOVECOUNT:0.5165725480130768
C_PAWNMOVEMENT:0.5120414662653853
