ELO:1000
CE_PASSEDPAWNS:0.494424932459159
CE_PAWNWEAKNESSES:0.4842965400762527
CE_PIECEACTIVITY:0.49613413348123653
CE_KINGPAWNSHIELD:0.4890783981101637
CE_PIECECOORDINATION:0.49778269364712335
CE_MATERIAL:0.48753047680931805
CE_KINGSAFETY:0.5124062172938819
C_PIECESQUARETABLES:0.5418752220842623
C_MOBILITY:0.5282279394626437
C_KINGSAFETY:0.5173335386984436
C_PAWNSTRUCTURE:0.4815981005795239
C_PIECECOORDINATION:0.4443594479950751
C_ROOKANDPAWNMOVEMENT:0.4443594479950751
C_CENTERCONTROL:0.5027960612668516
C_DEVELOPPIECES:0.4736122178607568
C_MATERIAL:0.49293259294789443
