ELO:989
CE_PASSEDPAWNS:0.5330608732678442
CE_PAWNWEAKNESSES:0.45189581660366845
CE_PIECEACTIVITY:0.5343529427064104
CE_KINGPAWNSHIELD:0.5599465954910741
CE_PIECECOORDINATION:0.4846973356516632
CE_MATERIAL:0.4694181679613265
CE_KINGSAFETY:0.49699687371956475
C_PIECESQUARETABLES:0.5
C_MOBILITY:0.5836313903895851
C_KINGSAFETY:0.5341561771027596
C_PAWNSTRUCTURE:0.33432163645053287
C_PIECECOORDINATION:0.49342513498565377
C_ROOKANDPAWNMOVEMENT:0.49342513498565377
C_CENTERCONTROL:0.42894235410171383
C_DEVELOPPIECES:0.4354212939766876
C_MATERIAL:0.622595428262237
