ELO:978
CE_PASSEDPAWNS:0.44092806798824175
CE_PAWNWEAKNESSES:0.5488152533663762
CE_PIECEACTIVITY:0.4762136869820497
CE_KINGPAWNSHIELD:0.6155705946749012
CE_PIECECOORDINATION:0.39013850191316923
CE_MATERIAL:0.48239945456124056
CE_KINGSAFETY:0.5048021802027471
C_PIECESQUARETABLES:0.509074211204143
C_MOBILITY:0.5126002191202538
C_KINGSAFETY:0.36274525301698424
C_PAWNSTRUCTURE:0.5709191144513959
C_PIECECOORDINATION:0.4720501931104008
C_ROOKANDPAWNMOVEMENT:0.4720501931104008
C_CENTERCONTROL:0.6423145744102046
C_DEVELOPPIECES:0.47129095609752025
C_MATERIAL:0.5335244590864758
