ELO:629
CE_PASSEDPAWNS:0.5140557677048638
CE_PAWNWEAKNESSES:0.5280300683899177
CE_PIECEACTIVITY:0.42266182799059043
CE_KINGPAWNSHIELD:0.5168310535718118
CE_PIECECOORDINATION:0.46111626464795075
CE_MATERIAL:0.39585309375332917
CE_KINGSAFETY:0.4946556925353451
C_PIECESQUARETABLES:0.4899781155640032
C_MOBILITY:0.4378099864976683
C_KINGSAFETY:0.3938652287363403
C_PAWNSTRUCTURE:0.48242937312013623
C_PIECECOORDINATION:0.5606537452952053
C_ROOKANDPAWNMOVEMENT:0.5606537452952053
C_CENTERCONTROL:0.46912680581683075
C_DEVELOPPIECES:0.5518174879952408
C_MATERIAL:0.4591968863557367
C_MOVECOUNT:0.5247467655857175
