ELO:870
CE_PASSEDPAWNS:0.5371952898219875
CE_PAWNWEAKNESSES:0.5019644622162205
CE_PIECEACTIVITY:0.4611116570630932
CE_KINGPAWNSHIELD:0.46651541229714877
CE_PIECECOORDINATION:0.525611095687447
CE_MATERIAL:0.4454767496464131
CE_KINGSAFETY:0.5072124379558471
C_PIECESQUARETABLES:0.5039346210995341
C_MOBILITY:0.4758883957211527
C_KINGSAFETY:0.5175336536531352
C_PAWNSTRUCTURE:0.5103099206166624
C_PIECECOORDINATION:0.48883607836604714
C_ROOKANDPAWNMOVEMENT:0.48883607836604714
C_CENTERCONTROL:0.48367799613192836
C_DEVELOPPIECES:0.5305151482380688
C_MATERIAL:0.4902826072357881
C_MOVECOUNT:0.5
