ELO:925
CE_PASSEDPAWNS:0.5290629028768675
CE_PAWNWEAKNESSES:0.4870854752145388
CE_PIECEACTIVITY:0.5416956930218145
CE_KINGPAWNSHIELD:0.49123591742975703
CE_PIECECOORDINATION:0.5339392151017394
CE_MATERIAL:0.5271618629984061
CE_KINGSAFETY:0.4942936010791119
C_PIECESQUARETABLES:0.5090736002483605
C_MOBILITY:0.5413650153950246
C_KINGSAFETY:0.5181560051606796
C_PAWNSTRUCTURE:0.5347744706174405
C_PIECECOORDINATION:0.5177452774567747
C_ROOK:0.5124783299152307
CE_ROOK:0.4617238321451928
C_CENTERCONTROL:0.5434783863453911
C_DEVELOPPIECES:0.47606623475958415
C_MATERIAL:0.5142736877401983
C_MOVECOUNT:0.5073371742502428
C_PAWNMOVEMENT:0.5425197540682041
