ELO:997
CE_PASSEDPAWNS:0.4745071452297856
CE_PAWNWEAKNESSES:0.5050649334223392
CE_PIECEACTIVITY:0.5336817896285039
CE_KINGPAWNSHIELD:0.5312463476027255
CE_PIECECOORDINATION:0.46932707015249103
CE_MATERIAL:0.5317792515367801
CE_KINGSAFETY:0.48783603659297
C_PIECESQUARETABLES:0.4840924346406854
C_MOBILITY:0.5184698403397006
C_KINGSAFETY:0.5993255653973576
C_PAWNSTRUCTURE:0.5493276098682802
C_PIECECOORDINATION:0.5104649695240905
C_ROOKANDPAWNMOVEMENT:0.5104649695240905
C_CENTERCONTROL:0.5720758867118747
C_DEVELOPPIECES:0.49940613882587137
C_MATERIAL:0.5355411020237367
