ELO:1174
CE_PASSEDPAWNS:0.442778421640529
CE_PAWNWEAKNESSES:0.5942385255537602
CE_PIECEACTIVITY:0.478852776729916
CE_KINGPAWNSHIELD:0.4993548112288417
CE_PIECECOORDINATION:0.5449900128502336
CE_MATERIAL:0.39783305558335186
CE_KINGSAFETY:0.5
C_PIECESQUARETABLES:0.5
C_MOBILITY:0.4455170774255024
C_KINGSAFETY:0.30807903020254146
C_PAWNSTRUCTURE:0.4417501100211813
C_PIECECOORDINATION:0.46888671445077085
C_ROOKANDPAWNMOVEMENT:0.46888671445077085
C_CENTERCONTROL:0.5435725741076133
C_DEVELOPPIECES:0.464302331748555
C_MATERIAL:0.4063918105112338
