ELO:846
CE_PASSEDPAWNS:0.46965004104107544
CE_PAWNWEAKNESSES:0.5219901309413061
CE_PIECEACTIVITY:0.493664005160294
CE_KINGPAWNSHIELD:0.5401801883752289
CE_PIECECOORDINATION:0.5094254437465435
CE_MATERIAL:0.5497280418748581
CE_KINGSAFETY:0.49816632084695023
C_PIECESQUARETABLES:0.5126624001509921
C_MOBILITY:0.48651936212400143
C_KINGSAFETY:0.48419293943907415
C_PAWNSTRUCTURE:0.5463189848570589
C_PIECECOORDINATION:0.5264864086426247
C_ROOKANDPAWNMOVEMENT:0.5264864086426247
C_CENTERCONTROL:0.4513850191114701
C_DEVELOPPIECES:0.466451275629159
C_MATERIAL:0.5728984315963404
C_MOVECOUNT:0.5
