ELO:1000
CE_PASSEDPAWNS:0.5096236569889184
CE_PAWNWEAKNESSES:0.5079631743859419
CE_PIECEACTIVITY:0.5024704520966592
CE_KINGPAWNSHIELD:0.517351445607169
CE_PIECECOORDINATION:0.5008214421854951
CE_MATERIAL:0.48103153487984684
CE_KINGSAFETY:0.4975802223710087
C_PIECESQUARETABLES:0.5414723681164072
C_MOBILITY:0.5185302601971215
C_KINGSAFETY:0.4855247995401008
C_PAWNSTRUCTURE:0.5016422276990131
C_PIECECOORDINATION:0.5131628719832402
C_ROOKANDPAWNMOVEMENT:0.5131628719832402
C_CENTERCONTROL:0.5285627212024455
C_DEVELOPPIECES:0.4738890083569512
C_MATERIAL:0.5432171670603105
