ELO:989
CE_PASSEDPAWNS:0.5071803673477031
CE_PAWNWEAKNESSES:0.5
CE_PIECEACTIVITY:0.5084342764729411
CE_KINGPAWNSHIELD:0.49861123932964235
CE_PIECECOORDINATION:0.5296114762007456
CE_MATERIAL:0.48995141594504366
CE_KINGSAFETY:0.5
C_PIECESQUARETABLES:0.49783512621984494
C_MOBILITY:0.49212784292846895
C_KINGSAFETY:0.5098897337119507
C_PAWNSTRUCTURE:0.4980222738517495
C_PIECECOORDINATION:0.49591832279317827
C_ROOKANDPAWNMOVEMENT:0.49591832279317827
C_CENTERCONTROL:0.48678470914271965
C_DEVELOPPIECES:0.4979063179264674
C_MATERIAL:0.5054446217150789
C_MOVECOUNT:0.5158274077456414
