ELO:1137
CE_PASSEDPAWNS:0.6248087121168682
CE_PAWNWEAKNESSES:0.5942385255537602
CE_PIECEACTIVITY:0.47707812532962285
CE_KINGPAWNSHIELD:0.43455109944097603
CE_PIECECOORDINATION:0.5707969823983154
CE_MATERIAL:0.4356811896372352
CE_KINGSAFETY:0.5
C_PIECESQUARETABLES:0.5
C_MOBILITY:0.5335361914694342
C_KINGSAFETY:0.30807903020254146
C_PAWNSTRUCTURE:0.4343380494500468
C_PIECECOORDINATION:0.47140912229974424
C_ROOKANDPAWNMOVEMENT:0.47140912229974424
C_CENTERCONTROL:0.4916671771682519
C_DEVELOPPIECES:0.464302331748555
C_MATERIAL:0.3847798461631917
