ELO:1000
CE_PASSEDPAWNS:0.4988819767347326
CE_PAWNWEAKNESSES:0.5355450291765801
CE_PIECEACTIVITY:0.49525519560290754
CE_KINGPAWNSHIELD:0.47738056657587397
CE_PIECECOORDINATION:0.46698205140313426
CE_MATERIAL:0.5056705301357599
CE_KINGSAFETY:0.5125369548405383
C_PIECESQUARETABLES:0.5466559827136862
C_MOBILITY:0.5395494988653312
C_KINGSAFETY:0.5182646356114005
C_PAWNSTRUCTURE:0.49611177198142214
C_PIECECOORDINATION:0.49331297608442093
C_ROOKANDPAWNMOVEMENT:0.49331297608442093
C_CENTERCONTROL:0.507204020653622
C_DEVELOPPIECES:0.508694092728328
C_MATERIAL:0.48104206086742596
