ELO:1000
CE_PASSEDPAWNS:0.49985161041083276
CE_PAWNWEAKNESSES:0.4985536644043794
CE_PIECEACTIVITY:0.5002517063683571
CE_KINGPAWNSHIELD:0.5
CE_PIECECOORDINATION:0.5
CE_MATERIAL:0.4922050731176617
CE_KINGSAFETY:0.5
C_PIECESQUARETABLES:0.5
C_MOBILITY:0.4900476122798335
C_KINGSAFETY:0.5046823674994988
C_PAWNSTRUCTURE:0.5022659612063687
C_PIECECOORDINATION:0.5016423880595794
C_ROOKANDPAWNMOVEMENT:0.5016423880595794
C_CENTERCONTROL:0.5218081275691323
C_DEVELOPPIECES:0.5178673633207358
C_MATERIAL:0.5090269243882612
C_MOVECOUNT:0.488657140547839
