ELO:1001
CE_PASSEDPAWNS:0.5206596514088965
CE_PAWNWEAKNESSES:0.512211579667035
CE_PIECEACTIVITY:0.5
CE_KINGPAWNSHIELD:0.49861123932964235
CE_PIECECOORDINATION:0.4871777555647295
CE_MATERIAL:0.48995141594504366
CE_KINGSAFETY:0.5
C_PIECESQUARETABLES:0.5
C_MOBILITY:0.5213028839726864
C_KINGSAFETY:0.5098897337119507
C_PAWNSTRUCTURE:0.4980222738517495
C_PIECECOORDINATION:0.5
C_ROOKANDPAWNMOVEMENT:0.5
C_CENTERCONTROL:0.5102744709430047
C_DEVELOPPIECES:0.4979063179264674
C_MATERIAL:0.5054446217150789
C_MOVECOUNT:0.5158274077456414
