ELO:922
CE_PASSEDPAWNS:0.4665410423103643
CE_PAWNWEAKNESSES:0.5577826593138384
CE_PIECEACTIVITY:0.4631752311763633
CE_KINGPAWNSHIELD:0.5980600557857705
CE_PIECECOORDINATION:0.4157332453434817
CE_MATERIAL:0.47497988747313025
CE_KINGSAFETY:0.5006074778629722
C_PIECESQUARETABLES:0.5038759872040939
C_MOBILITY:0.4957587252452541
C_KINGSAFETY:0.3825178295374564
C_PAWNSTRUCTURE:0.546641102043116
C_PIECECOORDINATION:0.517398287731588
C_ROOKANDPAWNMOVEMENT:0.517398287731588
C_CENTERCONTROL:0.6561026128718831
C_DEVELOPPIECES:0.4366119911452404
C_MATERIAL:0.50268352730683
