ELO:993
CE_PASSEDPAWNS:0.4508673515878838
CE_PAWNWEAKNESSES:0.5435386015087359
CE_PIECEACTIVITY:0.493535929767848
CE_KINGPAWNSHIELD:0.6268951409362666
CE_PIECECOORDINATION:0.39371360266730615
CE_MATERIAL:0.501676991685342
CE_KINGSAFETY:0.4191166360795291
C_PIECESQUARETABLES:0.5199682924053898
C_MOBILITY:0.5278153514736956
C_KINGSAFETY:0.36364777175692037
C_PAWNSTRUCTURE:0.5709191144513959
C_PIECECOORDINATION:0.48156145913644166
C_ROOKANDPAWNMOVEMENT:0.48156145913644166
C_CENTERCONTROL:0.6254167937657669
C_DEVELOPPIECES:0.4943135168068514
C_MATERIAL:0.5362187061697155
