ELO:925
CE_PASSEDPAWNS:0.5291167478298773
CE_PAWNWEAKNESSES:0.48049183949627394
CE_PIECEACTIVITY:0.5396776646668506
CE_KINGPAWNSHIELD:0.503132555095957
CE_PIECECOORDINATION:0.5437191451462046
CE_MATERIAL:0.5271618629984061
CE_KINGSAFETY:0.508862829616411
C_PIECESQUARETABLES:0.5
C_MOBILITY:0.5334560262223004
C_KINGSAFETY:0.521077073771572
C_PAWNSTRUCTURE:0.5347744706174405
C_PIECECOORDINATION:0.5116956445862717
C_ROOK:0.5027360521633005
CE_ROOK:0.4680544387644818
C_CENTERCONTROL:0.5317457252845693
C_DEVELOPPIECES:0.49347415227826474
C_MATERIAL:0.5090970304621177
C_MOVECOUNT:0.5086401129084059
C_PAWNMOVEMENT:0.5349802324817069
