ELO:989
CE_PASSEDPAWNS:0.5
CE_PAWNWEAKNESSES:0.5
CE_PIECEACTIVITY:0.5073698461943228
CE_KINGPAWNSHIELD:0.5
CE_PIECECOORDINATION:0.5218795856988858
CE_MATERIAL:0.5084815746744571
CE_KINGSAFETY:0.5
C_PIECESQUARETABLES:0.5
C_MOBILITY:0.49625046055050864
C_KINGSAFETY:0.4818181639838893
C_PAWNSTRUCTURE:0.4947636140465434
C_PIECECOORDINATION:0.4972224600922539
C_ROOKANDPAWNMOVEMENT:0.4972224600922539
C_CENTERCONTROL:0.4891689956289236
C_DEVELOPPIECES:0.5023949631370324
C_MATERIAL:0.49585166031986205
C_MOVECOUNT:0.488657140547839
