ELO:1000
CE_PASSEDPAWNS:0.4951918962811484
CE_PAWNWEAKNESSES:0.4766190829556771
CE_PIECEACTIVITY:0.4792127486554736
CE_KINGPAWNSHIELD:0.48787739690648707
CE_PIECECOORDINATION:0.47862063199412774
CE_MATERIAL:0.4948176890460102
CE_KINGSAFETY:0.5192467688254461
C_PIECESQUARETABLES:0.5373848085976642
C_MOBILITY:0.517202342585575
C_KINGSAFETY:0.5249293231183033
C_PAWNSTRUCTURE:0.4786006463464437
C_PIECECOORDINATION:0.46313054193727604
C_ROOKANDPAWNMOVEMENT:0.46313054193727604
C_CENTERCONTROL:0.5155390650123829
C_DEVELOPPIECES:0.4901200792839056
C_MATERIAL:0.4902366872571029
