ELO:956
CE_PASSEDPAWNS:0.48524100582099944
CE_PAWNWEAKNESSES:0.4692372412306502
CE_PIECEACTIVITY:0.5301899583447305
CE_KINGPAWNSHIELD:0.5070184138315315
CE_PIECECOORDINATION:0.5471753905761308
CE_MATERIAL:0.513596228928711
CE_KINGSAFETY:0.5034725711112996
C_PIECESQUARETABLES:0.5
C_MOBILITY:0.500508093774051
C_KINGSAFETY:0.5120308067304052
C_PAWNSTRUCTURE:0.5153807549974307
C_PIECECOORDINATION:0.5063866546248883
C_ROOK:0.5160332627011489
CE_ROOK:0.48938708331673175
C_CENTERCONTROL:0.5066106568087585
C_DEVELOPPIECES:0.4811338764987082
C_MATERIAL:0.5067626346615938
C_MOVECOUNT:0.5286202094274757
C_PAWNMOVEMENT:0.5295472734363721
