ELO:922
CE_PASSEDPAWNS:0.43800250397625895
CE_PAWNWEAKNESSES:0.4719501603786852
CE_PIECEACTIVITY:0.5534358369957069
CE_KINGPAWNSHIELD:0.4891945064554179
CE_PIECECOORDINATION:0.5143583211207106
CE_MATERIAL:0.5030956974992427
CE_KINGSAFETY:0.5078651916029507
C_PIECESQUARETABLES:0.5031368288991417
C_MOBILITY:0.5083669622390288
C_KINGSAFETY:0.5362388976336162
C_PAWNSTRUCTURE:0.39658662406128914
C_PIECECOORDINATION:0.44680191130455515
C_ROOKANDPAWNMOVEMENT:0.44680191130455515
C_CENTERCONTROL:0.4948588683656644
C_DEVELOPPIECES:0.5094513224783773
C_MATERIAL:0.5245309821924674
