ELO:1005
CE_PASSEDPAWNS:0.4918668874380703
CE_PAWNWEAKNESSES:0.5077028171848459
CE_PIECEACTIVITY:0.506173269901068
CE_KINGPAWNSHIELD:0.4923162833745859
CE_PIECECOORDINATION:0.49589796257738183
CE_MATERIAL:0.5062950043329838
CE_KINGSAFETY:0.5
C_PIECESQUARETABLES:0.5092735296906522
C_MOBILITY:0.48444753785313716
C_KINGSAFETY:0.49819257453156063
C_PAWNSTRUCTURE:0.5067292046732081
C_PIECECOORDINATION:0.4942448139434606
C_ROOKANDPAWNMOVEMENT:0.4942448139434606
C_CENTERCONTROL:0.5176786738144883
C_DEVELOPPIECES:0.5
C_MATERIAL:0.4922342484940415
C_MOVECOUNT:0.4870414635382563
