ELO:974
CE_PASSEDPAWNS:0.48329005234673766
CE_PAWNWEAKNESSES:0.4963569523068669
CE_PIECEACTIVITY:0.5251791708974402
CE_KINGPAWNSHIELD:0.5317347820412187
CE_PIECECOORDINATION:0.5196390855682776
CE_MATERIAL:0.5238581498379886
CE_KINGSAFETY:0.4870839406297167
C_PIECESQUARETABLES:0.500694849452147
C_MOBILITY:0.5242219828453083
C_KINGSAFETY:0.5110783830234693
C_PAWNSTRUCTURE:0.5159949434597954
C_PIECECOORDINATION:0.5061105097329494
C_ROOK:0.49784531912917496
CE_ROOK:0.495563487739246
C_CENTERCONTROL:0.5035694289677707
C_DEVELOPPIECES:0.48864248920279685
C_MATERIAL:0.5517179749817581
C_MOVECOUNT:0.5391283490946728
C_PAWNMOVEMENT:0.5203268175538814
