ELO:748
CE_PASSEDPAWNS:0.4173258679115674
CE_PAWNWEAKNESSES:0.5419934859081864
CE_PIECEACTIVITY:0.4582261326107335
CE_KINGPAWNSHIELD:0.5675715123023464
CE_PIECECOORDINATION:0.5669818771557161
CE_MATERIAL:0.544698148112639
CE_KINGSAFETY:0.504180710190573
C_PIECESQUARETABLES:0.5088434164376916
C_MOBILITY:0.4689934689600969
C_KINGSAFETY:0.47465050167042033
C_PAWNSTRUCTURE:0.5521295169524191
C_PIECECOORDINATION:0.47538251671162596
C_ROOKANDPAWNMOVEMENT:0.47538251671162596
C_CENTERCONTROL:0.5142467625199575
C_DEVELOPPIECES:0.44152753872055184
C_MATERIAL:0.5649385356153394
C_MOVECOUNT:0.5
