ELO:1000
CE_PASSEDPAWNS:0.5304040359564995
CE_PAWNWEAKNESSES:0.49577233069041193
CE_PIECEACTIVITY:0.5219887315546559
CE_KINGPAWNSHIELD:0.5351571849489635
CE_PIECECOORDINATION:0.4898169044305273
CE_MATERIAL:0.47548479936234195
CE_KINGSAFETY:0.4983636809332584
C_PIECESQUARETABLES:0.5114327854782473
C_MOBILITY:0.5385099898029415
C_KINGSAFETY:0.4614624714431034
C_PAWNSTRUCTURE:0.5341526249883586
C_PIECECOORDINATION:0.5017116783199486
C_ROOKANDPAWNMOVEMENT:0.5017116783199486
C_CENTERCONTROL:0.505159339106341
C_DEVELOPPIECES:0.5127707628218175
C_MATERIAL:0.5511148382697604
