ELO:954
CE_PASSEDPAWNS:0.48609736072952214
CE_PAWNWEAKNESSES:0.49075465045508565
CE_PIECEACTIVITY:0.5334195892499617
CE_KINGPAWNSHIELD:0.5274866586846079
CE_PIECECOORDINATION:0.509540288115211
CE_MATERIAL:0.5255824741295896
CE_KINGSAFETY:0.4939515218775231
C_PIECESQUARETABLES:0.5097491188853386
C_MOBILITY:0.5034206445144548
C_KINGSAFETY:0.5012851185550325
C_PAWNSTRUCTURE:0.5071709177208119
C_PIECECOORDINATION:0.5117672705713481
C_ROOK:0.47313275349426187
CE_ROOK:0.495563487739246
C_CENTERCONTROL:0.5114651589284737
C_DEVELOPPIECES:0.4787814374761488
C_MATERIAL:0.5338917659277589
C_MOVECOUNT:0.5275880367349324
C_PAWNMOVEMENT:0.5099394755985707
