ELO:982
CE_PASSEDPAWNS:0.49117994220064454
CE_PAWNWEAKNESSES:0.4946392604088891
CE_PIECEACTIVITY:0.5240076154690436
CE_KINGPAWNSHIELD:0.5221893576751635
CE_PIECECOORDINATION:0.4987485914951053
CE_MATERIAL:0.5206433288479496
CE_KINGSAFETY:0.5
C_PIECESQUARETABLES:0.5
C_MOBILITY:0.495113652881585
C_KINGSAFETY:0.5020446028529341
C_PAWNSTRUCTURE:0.510385734555715
C_PIECECOORDINATION:0.5093132773893337
C_ROOK:0.5100793059139535
CE_ROOK:0.4916547876242904
C_CENTERCONTROL:0.5103973200785675
C_DEVELOPPIECES:0.5009638150444207
C_MATERIAL:0.5558218138929923
C_MOVECOUNT:0.5272100876838197
C_PAWNMOVEMENT:0.5127059154082272
