ELO:1000
CE_PASSEDPAWNS:0.4970341820225804
CE_PAWNWEAKNESSES:0.48137039514118024
CE_PIECEACTIVITY:0.4752235223302932
CE_KINGPAWNSHIELD:0.48787739690648707
CE_PIECECOORDINATION:0.47009872174911865
CE_MATERIAL:0.4819863275296319
CE_KINGSAFETY:0.5214882280853738
C_PIECESQUARETABLES:0.5241519779747542
C_MOBILITY:0.5390944922846262
C_KINGSAFETY:0.532500412145193
C_PAWNSTRUCTURE:0.4953043748737508
C_PIECECOORDINATION:0.47076444018501984
C_ROOKANDPAWNMOVEMENT:0.47076444018501984
C_CENTERCONTROL:0.5178377362570844
C_DEVELOPPIECES:0.4948749787275519
C_MATERIAL:0.5036236393580359
