ELO:1000
CE_PASSEDPAWNS:0.5121930665528542
CE_PAWNWEAKNESSES:0.5
CE_PIECEACTIVITY:0.49389638253860224
CE_KINGPAWNSHIELD:0.5
CE_PIECECOORDINATION:0.5
CE_MATERIAL:0.5013529726286483
CE_KINGSAFETY:0.5064976397624349
C_PIECESQUARETABLES:0.5
C_MOBILITY:0.5
C_KINGSAFETY:0.49709464331059594
C_PAWNSTRUCTURE:0.5093038460624125
C_PIECECOORDINATION:0.5037996630864293
C_ROOKANDPAWNMOVEMENT:0.5037996630864293
C_CENTERCONTROL:0.5
C_DEVELOPPIECES:0.5
C_MATERIAL:0.506556080824609
