ELO:967
CE_PASSEDPAWNS:0.44262962385059196
CE_PAWNWEAKNESSES:0.5294730998454773
CE_PIECEACTIVITY:0.4670776410048218
CE_KINGPAWNSHIELD:0.6034434752046258
CE_PIECECOORDINATION:0.39013850191316923
CE_MATERIAL:0.4918313417596246
CE_KINGSAFETY:0.5
C_PIECESQUARETABLES:0.5077169473484812
C_MOBILITY:0.5282982210044513
C_KINGSAFETY:0.3811661313244146
C_PAWNSTRUCTURE:0.546693494189615
C_PIECECOORDINATION:0.4689461007222858
C_ROOKANDPAWNMOVEMENT:0.4689461007222858
C_CENTERCONTROL:0.6461055495958772
C_DEVELOPPIECES:0.4613560537017373
C_MATERIAL:0.5360244923229253
