ELO:999
CE_PASSEDPAWNS:0.5
CE_PAWNWEAKNESSES:0.49063174316579555
CE_PIECEACTIVITY:0.5051938243472791
CE_KINGPAWNSHIELD:0.4934874124436274
CE_PIECECOORDINATION:0.5
CE_MATERIAL:0.5
CE_KINGSAFETY:0.4954171648701824
C_PIECESQUARETABLES:0.4992996478186399
C_MOBILITY:0.5
C_KINGSAFETY:0.4996283547256796
C_PAWNSTRUCTURE:0.5
C_PIECECOORDINATION:0.5
C_ROOKANDPAWNMOVEMENT:0.5
C_CENTERCONTROL:0.5
C_DEVELOPPIECES:0.5
C_MATERIAL:0.4985210119806206
C_MOVECOUNT:0.5
