ELO:783
CE_PASSEDPAWNS:0.4551483846172403
CE_PAWNWEAKNESSES:0.5198236940201182
CE_PIECEACTIVITY:0.4997731830479313
CE_KINGPAWNSHIELD:0.4069575151645872
CE_PIECECOORDINATION:0.41970132367595414
CE_MATERIAL:0.4534028695832521
CE_KINGSAFETY:0.47965941073448126
C_PIECESQUARETABLES:0.4556435024490378
C_MOBILITY:0.5422466236172945
C_KINGSAFETY:0.5732165923178513
C_PAWNSTRUCTURE:0.6755557700993747
C_PIECECOORDINATION:0.5570196412667356
C_ROOKANDPAWNMOVEMENT:0.5570196412667356
C_CENTERCONTROL:0.461837109520835
C_DEVELOPPIECES:0.5021292079224887
C_MATERIAL:0.44349241286266505
