ELO:875
CE_PASSEDPAWNS:0.4217306374916395
CE_PAWNWEAKNESSES:0.48532598240694846
CE_PIECEACTIVITY:0.46303704833868486
CE_KINGPAWNSHIELD:0.5989624553016942
CE_PIECECOORDINATION:0.571464358211903
CE_MATERIAL:0.564381405839263
CE_KINGSAFETY:0.5022100009780975
C_PIECESQUARETABLES:0.49887596343182694
C_MOBILITY:0.5240386174370573
C_KINGSAFETY:0.5052483017641395
C_PAWNSTRUCTURE:0.5352180376366136
C_PIECECOORDINATION:0.47760892889641227
C_ROOKANDPAWNMOVEMENT:0.47760892889641227
C_CENTERCONTROL:0.5033554712933631
C_DEVELOPPIECES:0.5086871397934584
C_MATERIAL:0.5692886293420782
C_MOVECOUNT:0.5
