ELO:637
CE_PASSEDPAWNS:0.5140557677048638
CE_PAWNWEAKNESSES:0.5104426132443926
CE_PIECEACTIVITY:0.423487476338507
CE_KINGPAWNSHIELD:0.5104815662986179
CE_PIECECOORDINATION:0.49502286441656856
CE_MATERIAL:0.3962134774236669
CE_KINGSAFETY:0.5011454460302099
C_PIECESQUARETABLES:0.5086783918733779
C_MOBILITY:0.4117440902518138
C_KINGSAFETY:0.39759042443640863
C_PAWNSTRUCTURE:0.4768256672432794
C_PIECECOORDINATION:0.5648810023656877
C_ROOKANDPAWNMOVEMENT:0.5648810023656877
C_CENTERCONTROL:0.48251370145816747
C_DEVELOPPIECES:0.543418667036493
C_MATERIAL:0.46030865437236973
C_MOVECOUNT:0.5209785504658462
