ELO:762
CE_PASSEDPAWNS:0.48258668824914364
CE_PAWNWEAKNESSES:0.5285775766000421
CE_PIECEACTIVITY:0.45190600528462604
CE_KINGPAWNSHIELD:0.5047557948548679
CE_PIECECOORDINATION:0.503137421437006
CE_MATERIAL:0.3813321935870267
CE_KINGSAFETY:0.4678313590287232
C_PIECESQUARETABLES:0.5095188072949319
C_MOBILITY:0.4129374125717507
C_KINGSAFETY:0.41197577782528133
C_PAWNSTRUCTURE:0.48412879032928885
C_PIECECOORDINATION:0.537891113279982
C_ROOKANDPAWNMOVEMENT:0.537891113279982
C_CENTERCONTROL:0.4729042655290756
C_DEVELOPPIECES:0.5350975411455814
C_MATERIAL:0.4547813000309689
C_MOVECOUNT:0.5
