ELO:1000
CE_PASSEDPAWNS:0.5306386766202341
CE_PAWNWEAKNESSES:0.5071764840856107
CE_PIECEACTIVITY:0.4974720181032529
CE_KINGPAWNSHIELD:0.49513809327082337
CE_PIECECOORDINATION:0.48982554319464555
CE_MATERIAL:0.5
CE_KINGSAFETY:0.5151336823609253
C_PIECESQUARETABLES:0.49791641643224366
C_MOBILITY:0.5014871129440401
C_KINGSAFETY:0.4928630398116267
C_PAWNSTRUCTURE:0.4538572361022205
C_PIECECOORDINATION:0.5
C_ROOKANDPAWNMOVEMENT:0.5
C_CENTERCONTROL:0.49552884975672756
C_DEVELOPPIECES:0.5
C_MATERIAL:0.4969642203064165
