ELO:1000
CE_PASSEDPAWNS:0.4982284524090676
CE_PAWNWEAKNESSES:0.4968597215862772
CE_PIECEACTIVITY:0.5020671227412637
CE_KINGPAWNSHIELD:0.5123103249761882
CE_PIECECOORDINATION:0.4948407404134548
CE_MATERIAL:0.5
CE_KINGSAFETY:0.4967488937933602
C_PIECESQUARETABLES:0.49292209557068617
C_MOBILITY:0.511825059968066
C_KINGSAFETY:0.5025804960073154
C_PAWNSTRUCTURE:0.49562838108334084
C_PIECECOORDINATION:0.5
C_ROOK:0.49925528203239544
CE_ROOK:0.4949442091429156
C_CENTERCONTROL:0.49577876600693416
C_DEVELOPPIECES:0.4990909559744238
C_MATERIAL:0.5193355861752492
C_MOVECOUNT:0.4991303453844722
C_PAWNMOVEMENT:0.5
