ELO:927
CE_PASSEDPAWNS:0.47285463179862924
CE_PAWNWEAKNESSES:0.4899989028711422
CE_PIECEACTIVITY:0.4811884838359726
CE_KINGPAWNSHIELD:0.48965448604090017
CE_PIECECOORDINATION:0.5022898664147393
CE_MATERIAL:0.5234111226197318
CE_KINGSAFETY:0.5
C_PIECESQUARETABLES:0.5
C_MOBILITY:0.4758217832697693
C_KINGSAFETY:0.4507884836746525
C_PAWNSTRUCTURE:0.4479887918587882
C_PIECECOORDINATION:0.45942972324450854
C_ROOKANDPAWNMOVEMENT:0.45942972324450854
C_CENTERCONTROL:0.4791085278693179
C_DEVELOPPIECES:0.4449635647868771
C_MATERIAL:0.4917971718529505
C_MOVECOUNT:0.5
