ELO:967
CE_PASSEDPAWNS:0.4546206507941756
CE_PAWNWEAKNESSES:0.5090294293117373
CE_PIECEACTIVITY:0.47437440083146665
CE_KINGPAWNSHIELD:0.4480386407248011
CE_PIECECOORDINATION:0.4787540237372221
CE_MATERIAL:0.5499151632135106
CE_KINGSAFETY:0.4762963972024313
C_PIECESQUARETABLES:0.5074914274160672
C_MOBILITY:0.5344328515198927
C_KINGSAFETY:0.4818574583540121
C_PAWNSTRUCTURE:0.4991531313433686
C_PIECECOORDINATION:0.47729887887116046
C_ROOKANDPAWNMOVEMENT:0.47729887887116046
C_CENTERCONTROL:0.38374101603760763
C_DEVELOPPIECES:0.5642510778770505
C_MATERIAL:0.4914386929448269
