ELO:1000
CE_PASSEDPAWNS:0.5149334916196351
CE_PAWNWEAKNESSES:0.49296767935440305
CE_PIECEACTIVITY:0.5010527505977027
CE_KINGPAWNSHIELD:0.5
CE_PIECECOORDINATION:0.5072401615749863
CE_MATERIAL:0.48783368475834527
CE_KINGSAFETY:0.50019763451499
C_PIECESQUARETABLES:0.5076979107501272
C_MOBILITY:0.5
C_KINGSAFETY:0.5091791423084985
C_PAWNSTRUCTURE:0.49951814520761983
C_PIECECOORDINATION:0.5
C_ROOK:0.501976179443262
CE_ROOK:0.5077457576147297
C_CENTERCONTROL:0.5
C_DEVELOPPIECES:0.5
C_MATERIAL:0.5
C_MOVECOUNT:0.48832122174463166
C_PAWNMOVEMENT:0.5
