ELO:925
CE_PASSEDPAWNS:0.5303326049100789
CE_PAWNWEAKNESSES:0.490427083146222
CE_PIECEACTIVITY:0.5037273947068021
CE_KINGPAWNSHIELD:0.585725121372212
CE_PIECECOORDINATION:0.4539746954680025
CE_MATERIAL:0.4839441222758687
CE_KINGSAFETY:0.5
C_PIECESQUARETABLES:0.5
C_MOBILITY:0.49036372480730334
C_KINGSAFETY:0.49751253518485766
C_PAWNSTRUCTURE:0.4504147507549285
C_PIECECOORDINATION:0.4752408495261718
C_ROOKANDPAWNMOVEMENT:0.4752408495261718
C_CENTERCONTROL:0.46774112989864
C_DEVELOPPIECES:0.5087359041418192
C_MATERIAL:0.5578282451119543
C_MOVECOUNT:0.5
