ELO:919
CE_PASSEDPAWNS:0.404618864310274
CE_PAWNWEAKNESSES:0.48656096090827644
CE_PIECEACTIVITY:0.4649883139005204
CE_KINGPAWNSHIELD:0.4808090430205121
CE_PIECECOORDINATION:0.5153118877526978
CE_MATERIAL:0.5195880762865939
CE_KINGSAFETY:0.5644217709726984
C_PIECESQUARETABLES:0.43149328682246657
C_MOBILITY:0.4746156855200813
C_KINGSAFETY:0.45187546076731544
C_PAWNSTRUCTURE:0.4978239282137552
C_PIECECOORDINATION:0.43460748408665406
C_ROOKANDPAWNMOVEMENT:0.43460748408665406
C_CENTERCONTROL:0.3888932388868109
C_DEVELOPPIECES:0.580461318665189
C_MATERIAL:0.4557952634306655
