ELO:987
CE_PASSEDPAWNS:0.5546746427167322
CE_PAWNWEAKNESSES:0.45998551404873766
CE_PIECEACTIVITY:0.5096751905091116
CE_KINGPAWNSHIELD:0.4769414116665576
CE_PIECECOORDINATION:0.4912393934584954
CE_MATERIAL:0.5310752986766782
CE_KINGSAFETY:0.5
C_PIECESQUARETABLES:0.5
C_MOBILITY:0.54387804628315
C_KINGSAFETY:0.49578902679125975
C_PAWNSTRUCTURE:0.5155186391075134
C_PIECECOORDINATION:0.4995535951524792
C_ROOK:0.49768246399853294
CE_ROOK:0.5021706814473671
C_CENTERCONTROL:0.503935985226219
C_DEVELOPPIECES:0.4546247288975435
C_MATERIAL:0.5142731199693436
C_MOVECOUNT:0.4945223149625236
C_PAWNMOVEMENT:0.5159787311400577
