ELO:990
CE_PASSEDPAWNS:0.5136193771060434
CE_PAWNWEAKNESSES:0.48718895243017013
CE_PIECEACTIVITY:0.5160238323379038
CE_KINGPAWNSHIELD:0.4923190441085312
CE_PIECECOORDINATION:0.5211085394522081
CE_MATERIAL:0.4841477637981128
CE_KINGSAFETY:0.5
C_PIECESQUARETABLES:0.5
C_MOBILITY:0.48196802437300984
C_KINGSAFETY:0.533032803772401
C_PAWNSTRUCTURE:0.5317751083230225
C_PIECECOORDINATION:0.48697856237265197
C_ROOK:0.543391209800386
CE_ROOK:0.5072048613698792
C_CENTERCONTROL:0.49239010266003097
C_DEVELOPPIECES:0.5270659762327758
C_MATERIAL:0.5069351187759874
C_MOVECOUNT:0.4588455306798316
C_PAWNMOVEMENT:0.501311348976229
