ELO:952
CE_PASSEDPAWNS:0.5
CE_PAWNWEAKNESSES:0.5125066551230631
CE_PIECEACTIVITY:0.5
CE_KINGPAWNSHIELD:0.4877635630582925
CE_PIECECOORDINATION:0.5410728583089291
CE_MATERIAL:0.47623674395074067
CE_KINGSAFETY:0.5029709921200324
C_PIECESQUARETABLES:0.5550202428499008
C_MOBILITY:0.5141183410801594
C_KINGSAFETY:0.5168215146311326
C_PAWNSTRUCTURE:0.5253811727057178
C_PIECECOORDINATION:0.5000587288640648
C_ROOKANDPAWNMOVEMENT:0.5000587288640648
C_CENTERCONTROL:0.43923814272060535
C_DEVELOPPIECES:0.46879947066441074
C_MATERIAL:0.5
C_MOVECOUNT:0.5
