ELO:837
CE_PASSEDPAWNS:0.4033149407627392
CE_PAWNWEAKNESSES:0.4452781501028834
CE_PIECEACTIVITY:0.5141582780087762
CE_KINGPAWNSHIELD:0.4914131534453166
CE_PIECECOORDINATION:0.5333524034336329
CE_MATERIAL:0.5524408746462551
CE_KINGSAFETY:0.5
C_PIECESQUARETABLES:0.5
C_MOBILITY:0.48359956867802156
C_KINGSAFETY:0.40094931039968007
C_PAWNSTRUCTURE:0.4913698029230118
C_PIECECOORDINATION:0.4973220791464405
C_ROOKANDPAWNMOVEMENT:0.4973220791464405
C_CENTERCONTROL:0.45604979588250216
C_DEVELOPPIECES:0.5419711319523808
C_MATERIAL:0.511953441228821
C_MOVECOUNT:0.49989058305100176
