ELO:1000
CE_PASSEDPAWNS:0.4942952744440556
CE_PAWNWEAKNESSES:0.5391475956479025
CE_PIECEACTIVITY:0.45288206597631414
CE_KINGPAWNSHIELD:0.550820128055685
CE_PIECECOORDINATION:0.5166391316614175
CE_MATERIAL:0.5424071082821359
CE_KINGSAFETY:0.4820184339188668
C_PIECESQUARETABLES:0.5096737040758401
C_MOBILITY:0.5071279573305705
C_KINGSAFETY:0.5231783396636455
C_PAWNSTRUCTURE:0.534084443593019
C_PIECECOORDINATION:0.5343131933855643
C_ROOKANDPAWNMOVEMENT:0.5343131933855643
C_CENTERCONTROL:0.49848695309753316
C_DEVELOPPIECES:0.4696222089086107
C_MATERIAL:0.48844392744176063
