ELO:952
CE_PASSEDPAWNS:0.5265510052359658
CE_PAWNWEAKNESSES:0.5334549914105627
CE_PIECEACTIVITY:0.5057748941133592
CE_KINGPAWNSHIELD:0.5802827640067469
CE_PIECECOORDINATION:0.4442316453031929
CE_MATERIAL:0.5198768873262665
CE_KINGSAFETY:0.48902133633543104
C_PIECESQUARETABLES:0.506216939843926
C_MOBILITY:0.5002840094229152
C_KINGSAFETY:0.527439288384174
C_PAWNSTRUCTURE:0.5055424376247103
C_PIECECOORDINATION:0.5988497411357668
C_ROOKANDPAWNMOVEMENT:0.5988497411357668
C_CENTERCONTROL:0.4475647252901544
C_DEVELOPPIECES:0.49604424901194405
C_MATERIAL:0.5114748839692628
