ELO:1000
CE_PASSEDPAWNS:0.5083898653056784
CE_PAWNWEAKNESSES:0.5022243739442745
CE_PIECEACTIVITY:0.49474590436639615
CE_KINGPAWNSHIELD:0.5
CE_PIECECOORDINATION:0.5209649024530714
CE_MATERIAL:0.5
CE_KINGSAFETY:0.5
C_PIECESQUARETABLES:0.5
C_MOBILITY:0.5
C_KINGSAFETY:0.5
C_PAWNSTRUCTURE:0.5
C_PIECECOORDINATION:0.5075884273212252
C_ROOKANDPAWNMOVEMENT:0.5075884273212252
C_CENTERCONTROL:0.5
C_DEVELOPPIECES:0.508950243544513
C_MATERIAL:0.5
