ELO:916
CE_PASSEDPAWNS:0.574511434564696
CE_PAWNWEAKNESSES:0.5517788290515545
CE_PIECEACTIVITY:0.4904955853792392
CE_KINGPAWNSHIELD:0.5882986127129207
CE_PIECECOORDINATION:0.4232061446127576
CE_MATERIAL:0.5166265711899476
CE_KINGSAFETY:0.5021613476963962
C_PIECESQUARETABLES:0.5140702363509453
C_MOBILITY:0.4796297237084732
C_KINGSAFETY:0.5545691153426159
C_PAWNSTRUCTURE:0.4483118842549954
C_PIECECOORDINATION:0.5704132578990777
C_ROOKANDPAWNMOVEMENT:0.5704132578990777
C_CENTERCONTROL:0.40964453455450733
C_DEVELOPPIECES:0.4839243628212242
C_MATERIAL:0.4690936197602146
