ELO:975
CE_PASSEDPAWNS:0.4533814074450195
CE_PAWNWEAKNESSES:0.5
CE_PIECEACTIVITY:0.5071382570163774
CE_KINGPAWNSHIELD:0.5
CE_PIECECOORDINATION:0.6018572924856701
CE_MATERIAL:0.5206118900911
CE_KINGSAFETY:0.47196352449037376
C_PIECESQUARETABLES:0.5058770704440151
C_MOBILITY:0.485495776670846
C_KINGSAFETY:0.5122272534514335
C_PAWNSTRUCTURE:0.5043727440653022
C_PIECECOORDINATION:0.5052269750668488
C_ROOKANDPAWNMOVEMENT:0.5052269750668488
C_CENTERCONTROL:0.48686434234235665
C_DEVELOPPIECES:0.5273153480590492
C_MATERIAL:0.4900918915520091
C_MOVECOUNT:0.5
