ELO:936
CE_PASSEDPAWNS:0.49990222045204424
CE_PAWNWEAKNESSES:0.5025932636714048
CE_PIECEACTIVITY:0.4989849491081731
CE_KINGPAWNSHIELD:0.4891240368433775
CE_PIECECOORDINATION:0.4576345527158099
CE_MATERIAL:0.5114253492145497
CE_KINGSAFETY:0.46409255440092617
C_PIECESQUARETABLES:0.4815015551252938
C_MOBILITY:0.4908846267978107
C_KINGSAFETY:0.4793924168674758
C_PAWNSTRUCTURE:0.5522673898006885
C_PIECECOORDINATION:0.5256720085681363
C_ROOKANDPAWNMOVEMENT:0.5256720085681363
C_CENTERCONTROL:0.4699385034431854
C_DEVELOPPIECES:0.48344166957114315
C_MATERIAL:0.44414628505715575
