ELO:1011
CE_PASSEDPAWNS:0.49519757172869217
CE_PAWNWEAKNESSES:0.5012529430188206
CE_PIECEACTIVITY:0.49657382880839696
CE_KINGPAWNSHIELD:0.5092266144124342
CE_PIECECOORDINATION:0.5
CE_MATERIAL:0.5
CE_KINGSAFETY:0.5024070407722211
C_PIECESQUARETABLES:0.4932624450808441
C_MOBILITY:0.5
C_KINGSAFETY:0.49876822731002296
C_PAWNSTRUCTURE:0.488059985975898
C_PIECECOORDINATION:0.5
C_ROOKANDPAWNMOVEMENT:0.5
C_CENTERCONTROL:0.5018163528179863
C_DEVELOPPIECES:0.4799487017602996
C_MATERIAL:0.4891023282062727
C_MOVECOUNT:0.5067811629662807
