ELO:998
CE_PASSEDPAWNS:0.530148811333795
CE_PAWNWEAKNESSES:0.5110240671954497
CE_PIECEACTIVITY:0.512648932492464
CE_KINGPAWNSHIELD:0.5101872607784119
CE_PIECECOORDINATION:0.5501273240035695
CE_MATERIAL:0.4988351060183714
CE_KINGSAFETY:0.5226560948444592
C_PIECESQUARETABLES:0.4901630806024459
C_MOBILITY:0.4891945090359331
C_KINGSAFETY:0.5177997639473758
C_PAWNSTRUCTURE:0.49886901156678143
C_PIECECOORDINATION:0.5060164742919845
C_ROOK:0.5268205941399806
CE_ROOK:0.5184192981704322
C_CENTERCONTROL:0.5
C_DEVELOPPIECES:0.5
C_MATERIAL:0.4950533637370855
C_MOVECOUNT:0.4702486803637773
C_PAWNMOVEMENT:0.4952338162439082
