ELO:999
CE_PASSEDPAWNS:0.5069368664001812
CE_PAWNWEAKNESSES:0.5039888440055406
CE_PIECEACTIVITY:0.5086648405462091
CE_KINGPAWNSHIELD:0.4799542970360557
CE_PIECECOORDINATION:0.5093666570654702
CE_MATERIAL:0.49923586851897056
CE_KINGSAFETY:0.486193300138126
C_PIECESQUARETABLES:0.48750472751042073
C_MOBILITY:0.49458407811076266
C_KINGSAFETY:0.4976792685548729
C_PAWNSTRUCTURE:0.5036610088344613
C_PIECECOORDINATION:0.48482783801155277
C_ROOKANDPAWNMOVEMENT:0.48482783801155277
C_CENTERCONTROL:0.5
C_DEVELOPPIECES:0.5076049842487477
C_MATERIAL:0.5032982263073775
