ELO:967
CE_PASSEDPAWNS:0.5407130748995815
CE_PAWNWEAKNESSES:0.4934831246800354
CE_PIECEACTIVITY:0.5168941579599969
CE_KINGPAWNSHIELD:0.5011155764534003
CE_PIECECOORDINATION:0.5112924288020304
CE_MATERIAL:0.48821318319573115
CE_KINGSAFETY:0.490166060219857
C_PIECESQUARETABLES:0.5
C_MOBILITY:0.48882637495318293
C_KINGSAFETY:0.5425438809277204
C_PAWNSTRUCTURE:0.524862924016396
C_PIECECOORDINATION:0.49392314850978686
C_ROOK:0.5285764281111353
CE_ROOK:0.4979101544732981
C_CENTERCONTROL:0.49239010266003097
C_DEVELOPPIECES:0.501582993468177
C_MATERIAL:0.4950124929144691
C_MOVECOUNT:0.4846470435016528
C_PAWNMOVEMENT:0.5052653604158183
