ELO:1033
CE_PASSEDPAWNS:0.5104905832362157
CE_PAWNWEAKNESSES:0.4992471952888891
CE_PIECEACTIVITY:0.5
CE_KINGPAWNSHIELD:0.48801267794621417
CE_PIECECOORDINATION:0.5096731799647222
CE_MATERIAL:0.5069626410716678
CE_KINGSAFETY:0.5
C_PIECESQUARETABLES:0.5
C_MOBILITY:0.5
C_KINGSAFETY:0.47636972803011535
C_PAWNSTRUCTURE:0.49182387030073926
C_PIECECOORDINATION:0.48965389006807003
C_ROOKANDPAWNMOVEMENT:0.48965389006807003
C_CENTERCONTROL:0.5038554170303029
C_DEVELOPPIECES:0.5153977266959486
C_MATERIAL:0.5032189914455285
C_MOVECOUNT:0.5
