ELO:993
CE_PASSEDPAWNS:0.5
CE_PAWNWEAKNESSES:0.39252326647094454
CE_PIECEACTIVITY:0.4956907168664551
CE_KINGPAWNSHIELD:0.5083986575117891
CE_PIECECOORDINATION:0.5009220643244031
CE_MATERIAL:0.5170193478624969
CE_KINGSAFETY:0.5
C_PIECESQUARETABLES:0.5
C_MOBILITY:0.5227632607881241
C_KINGSAFETY:0.511991037314945
C_PAWNSTRUCTURE:0.4504147507549285
C_PIECECOORDINATION:0.4777978670065777
C_ROOKANDPAWNMOVEMENT:0.4777978670065777
C_CENTERCONTROL:0.4054756888600244
C_DEVELOPPIECES:0.5037832510930562
C_MATERIAL:0.4869974467888816
C_MOVECOUNT:0.5
