ELO:997
CE_PASSEDPAWNS:0.5027885654044989
CE_PAWNWEAKNESSES:0.5217797710586144
CE_PIECEACTIVITY:0.50497685986324
CE_KINGPAWNSHIELD:0.5089849341898938
CE_PIECECOORDINATION:0.47628966069134077
CE_MATERIAL:0.5091497262333498
CE_KINGSAFETY:0.5
C_PIECESQUARETABLES:0.5
C_MOBILITY:0.5105194183332942
C_KINGSAFETY:0.49527636712596834
C_PAWNSTRUCTURE:0.5141366111532795
C_PIECECOORDINATION:0.5073957799051089
C_ROOK:0.48473326904920266
CE_ROOK:0.5211191153185273
C_CENTERCONTROL:0.4377749792900855
C_DEVELOPPIECES:0.49778111311249335
C_MATERIAL:0.5320176452794948
C_MOVECOUNT:0.5
C_PAWNMOVEMENT:0.48707699168824364
