ELO:950
CE_PASSEDPAWNS:0.5156501779909171
CE_PAWNWEAKNESSES:0.5063772823914978
CE_PIECEACTIVITY:0.5177998069891934
CE_KINGPAWNSHIELD:0.505901491180477
CE_PIECECOORDINATION:0.45736281979756216
CE_MATERIAL:0.5097826085277758
CE_KINGSAFETY:0.47631296388612543
C_PIECESQUARETABLES:0.49190282478131697
C_MOBILITY:0.5156919833482734
C_KINGSAFETY:0.4896051401436993
C_PAWNSTRUCTURE:0.5395891952777059
C_PIECECOORDINATION:0.5301249360674283
C_ROOKANDPAWNMOVEMENT:0.5301249360674283
C_CENTERCONTROL:0.4887408369319317
C_DEVELOPPIECES:0.5143904391309774
C_MATERIAL:0.46953188389492645
