ELO:989
CE_PASSEDPAWNS:0.524785115172001
CE_PAWNWEAKNESSES:0.4800949766011621
CE_PIECEACTIVITY:0.5256534381721791
CE_KINGPAWNSHIELD:0.5486210933290487
CE_PIECECOORDINATION:0.4762273537440215
CE_MATERIAL:0.4694181679613265
CE_KINGSAFETY:0.4985397617486694
C_PIECESQUARETABLES:0.4950376849776454
C_MOBILITY:0.591488096980863
C_KINGSAFETY:0.5250912115677565
C_PAWNSTRUCTURE:0.46054427260367564
C_PIECECOORDINATION:0.49481266204964397
C_ROOKANDPAWNMOVEMENT:0.49481266204964397
C_CENTERCONTROL:0.4284784727536737
C_DEVELOPPIECES:0.4296969396436275
C_MATERIAL:0.6234991122067586
