ELO:979
CE_PASSEDPAWNS:0.5261764559726596
CE_PAWNWEAKNESSES:0.5421147153029517
CE_PIECEACTIVITY:0.4983271473071004
CE_KINGPAWNSHIELD:0.5750303751806464
CE_PIECECOORDINATION:0.5045049863200056
CE_MATERIAL:0.5534277466771963
CE_KINGSAFETY:0.4123874487500288
C_PIECESQUARETABLES:0.5390707505429777
C_MOBILITY:0.5100482390459606
C_KINGSAFETY:0.5367898463466947
C_PAWNSTRUCTURE:0.5160963626227818
C_PIECECOORDINATION:0.5711417133534114
C_ROOKANDPAWNMOVEMENT:0.5711417133534114
C_CENTERCONTROL:0.4726244795663429
C_DEVELOPPIECES:0.475058626245873
C_MATERIAL:0.48462016743077124
