ELO:1000
CE_PASSEDPAWNS:0.4942952744440556
CE_PAWNWEAKNESSES:0.5497210174654991
CE_PIECEACTIVITY:0.48178775963011544
CE_KINGPAWNSHIELD:0.574712473049064
CE_PIECECOORDINATION:0.523130657844246
CE_MATERIAL:0.5357228806124046
CE_KINGSAFETY:0.4800186067098891
C_PIECESQUARETABLES:0.4986984966777099
C_MOBILITY:0.5197085666042841
C_KINGSAFETY:0.5177731754518711
C_PAWNSTRUCTURE:0.5294151380256275
C_PIECECOORDINATION:0.546474913411889
C_ROOKANDPAWNMOVEMENT:0.546474913411889
C_CENTERCONTROL:0.49848695309753316
C_DEVELOPPIECES:0.461010440268938
C_MATERIAL:0.49198615029536186
