ELO:999
CE_PASSEDPAWNS:0.519491804661038
CE_PAWNWEAKNESSES:0.4807937595554918
CE_PIECEACTIVITY:0.5213783093009869
CE_KINGPAWNSHIELD:0.5
CE_PIECECOORDINATION:0.5070761107935201
CE_MATERIAL:0.5021127531781417
CE_KINGSAFETY:0.5
C_PIECESQUARETABLES:0.5
C_MOBILITY:0.5014640266235872
C_KINGSAFETY:0.4736079089103129
C_PAWNSTRUCTURE:0.4801854738210639
C_PIECECOORDINATION:0.5105061402536476
C_ROOK:0.4462540991636439
CE_ROOK:0.5
C_CENTERCONTROL:0.46054959780480975
C_DEVELOPPIECES:0.5183881668673112
C_MATERIAL:0.432519110041858
C_MOVECOUNT:0.48073797513413424
C_PAWNMOVEMENT:0.5315511231117096
