ELO:989
CE_PASSEDPAWNS:0.4871190065347181
CE_PAWNWEAKNESSES:0.4972619648203543
CE_PIECEACTIVITY:0.4890692955137927
CE_KINGPAWNSHIELD:0.5083396482771246
CE_PIECECOORDINATION:0.5081518723721452
CE_MATERIAL:0.476574504108513
CE_KINGSAFETY:0.5042632840179936
C_PIECESQUARETABLES:0.4902260623200592
C_MOBILITY:0.5025608050957395
C_KINGSAFETY:0.4934894115765639
C_PAWNSTRUCTURE:0.49627515546400713
C_PIECECOORDINATION:0.4855017408839946
C_ROOKANDPAWNMOVEMENT:0.4855017408839946
C_CENTERCONTROL:0.5050939233250221
C_DEVELOPPIECES:0.5088447585934314
C_MATERIAL:0.49508136945820147
C_MOVECOUNT:0.4924075739872662
