ELO:979
CE_PASSEDPAWNS:0.5278626273911003
CE_PAWNWEAKNESSES:0.4716944065715745
CE_PIECEACTIVITY:0.5165618500824338
CE_KINGPAWNSHIELD:0.4922931722546586
CE_PIECECOORDINATION:0.5131619487964316
CE_MATERIAL:0.48821318319573115
CE_KINGSAFETY:0.4931410009172013
C_PIECESQUARETABLES:0.5
C_MOBILITY:0.4852990295872189
C_KINGSAFETY:0.5481708685236931
C_PAWNSTRUCTURE:0.524862924016396
C_PIECECOORDINATION:0.5040774389964384
C_ROOK:0.570366783993253
CE_ROOK:0.4964256085955665
C_CENTERCONTROL:0.49239010266003097
C_DEVELOPPIECES:0.5232294128031445
C_MATERIAL:0.4950124929144691
C_MOVECOUNT:0.47468376856230415
C_PAWNMOVEMENT:0.5068008419137373
