ELO:992
CE_PASSEDPAWNS:0.49409758456521097
CE_PAWNWEAKNESSES:0.5031766755586772
CE_PIECEACTIVITY:0.4903848859583408
CE_KINGPAWNSHIELD:0.5091110605841124
CE_PIECECOORDINATION:0.49252368800908747
CE_MATERIAL:0.5
CE_KINGSAFETY:0.5
C_PIECESQUARETABLES:0.508738006114339
C_MOBILITY:0.5533309910040495
C_KINGSAFETY:0.5
C_PAWNSTRUCTURE:0.5047712469793356
C_PIECECOORDINATION:0.5
C_ROOKANDPAWNMOVEMENT:0.5
C_CENTERCONTROL:0.5
C_DEVELOPPIECES:0.46896009526277177
C_MATERIAL:0.4751114859836836
C_MOVECOUNT:0.5
