ELO:956
CE_PASSEDPAWNS:0.48330885562625453
CE_PAWNWEAKNESSES:0.4520405078003075
CE_PIECEACTIVITY:0.5033950908044756
CE_KINGPAWNSHIELD:0.5
CE_PIECECOORDINATION:0.49257642280129504
CE_MATERIAL:0.4998328650420772
CE_KINGSAFETY:0.5
C_PIECESQUARETABLES:0.5
C_MOBILITY:0.40560055319796234
C_KINGSAFETY:0.5723643422751289
C_PAWNSTRUCTURE:0.4894819432726565
C_PIECECOORDINATION:0.4516818661677615
C_ROOKANDPAWNMOVEMENT:0.4516818661677615
C_CENTERCONTROL:0.5922155454852495
C_DEVELOPPIECES:0.5020983735151573
C_MATERIAL:0.5025020938627188
C_MOVECOUNT:0.5
