ELO:1054
CE_PASSEDPAWNS:0.5265050284138625
CE_PAWNWEAKNESSES:0.4390725085333269
CE_PIECEACTIVITY:0.5293945123132778
CE_KINGPAWNSHIELD:0.5
CE_PIECECOORDINATION:0.49845514478123043
CE_MATERIAL:0.5347047193315649
CE_KINGSAFETY:0.5
C_PIECESQUARETABLES:0.5
C_MOBILITY:0.5480432288699277
C_KINGSAFETY:0.5492955281175484
C_PAWNSTRUCTURE:0.4972323081345645
C_PIECECOORDINATION:0.5200378185094867
C_ROOKANDPAWNMOVEMENT:0.5200378185094867
C_CENTERCONTROL:0.41688153893991153
C_DEVELOPPIECES:0.5087359041418192
C_MATERIAL:0.48714922162095964
C_MOVECOUNT:0.5
