ELO:892
CE_PASSEDPAWNS:0.48633398522415977
CE_PAWNWEAKNESSES:0.5037767851223985
CE_PIECEACTIVITY:0.5137194667387263
CE_KINGPAWNSHIELD:0.4649305519969675
CE_PIECECOORDINATION:0.49021638133981066
CE_MATERIAL:0.5887222903034675
CE_KINGSAFETY:0.5
C_PIECESQUARETABLES:0.5151801130953495
C_MOBILITY:0.4988297089837916
C_KINGSAFETY:0.496879447392279
C_PAWNSTRUCTURE:0.4989260943635633
C_PIECECOORDINATION:0.5896344125301393
C_ROOKANDPAWNMOVEMENT:0.5896344125301393
C_CENTERCONTROL:0.5264422152324554
C_DEVELOPPIECES:0.5033602081306519
C_MATERIAL:0.4674294906115621
C_MOVECOUNT:0.5
