ELO:992
CE_PASSEDPAWNS:0.5226369832486845
CE_PAWNWEAKNESSES:0.5069694384406686
CE_PIECEACTIVITY:0.5014815030692048
CE_KINGPAWNSHIELD:0.479591796608878
CE_PIECECOORDINATION:0.48892721110004655
CE_MATERIAL:0.49966627532602936
CE_KINGSAFETY:0.48484277235739504
C_PIECESQUARETABLES:0.5090849641457658
C_MOBILITY:0.49436729530419427
C_KINGSAFETY:0.4954911206493808
C_PAWNSTRUCTURE:0.4898119579047687
C_PIECECOORDINATION:0.5013615576610606
C_ROOKANDPAWNMOVEMENT:0.5013615576610606
C_CENTERCONTROL:0.5008684875609406
C_DEVELOPPIECES:0.5076049842487477
C_MATERIAL:0.5107394984995125
