ELO:1000
CE_PASSEDPAWNS:0.5568669533608588
CE_PAWNWEAKNESSES:0.5500279303706134
CE_PIECEACTIVITY:0.4695226105198724
CE_KINGPAWNSHIELD:0.5119595374519216
CE_PIECECOORDINATION:0.5039604856798858
CE_MATERIAL:0.5220350529848095
CE_KINGSAFETY:0.519237224154307
C_PIECESQUARETABLES:0.4390155719665783
C_MOBILITY:0.48213158962674213
C_KINGSAFETY:0.4871018296540694
C_PAWNSTRUCTURE:0.5144463615575022
C_PIECECOORDINATION:0.49332953526424866
C_ROOKANDPAWNMOVEMENT:0.49332953526424866
C_CENTERCONTROL:0.48733541527731916
C_DEVELOPPIECES:0.5771951188965134
C_MATERIAL:0.4859383202850089
