ELO:979
CE_PASSEDPAWNS:0.5261764559726596
CE_PAWNWEAKNESSES:0.5421147153029517
CE_PIECEACTIVITY:0.4983271473071004
CE_KINGPAWNSHIELD:0.5750303751806464
CE_PIECECOORDINATION:0.5034315778114143
CE_MATERIAL:0.5534277466771963
CE_KINGSAFETY:0.40285605132499397
C_PIECESQUARETABLES:0.5491221824988192
C_MOBILITY:0.518505352310496
C_KINGSAFETY:0.5439688244096398
C_PAWNSTRUCTURE:0.5208681099373794
C_PIECECOORDINATION:0.5812843787132409
C_ROOKANDPAWNMOVEMENT:0.5812843787132409
C_CENTERCONTROL:0.47394206172812814
C_DEVELOPPIECES:0.475058626245873
C_MATERIAL:0.48462016743077124
