ELO:988
CE_PASSEDPAWNS:0.49998537282627664
CE_PAWNWEAKNESSES:0.48917071945373714
CE_PIECEACTIVITY:0.5213783093009869
CE_KINGPAWNSHIELD:0.4916820697650932
CE_PIECECOORDINATION:0.5026234285496076
CE_MATERIAL:0.47924107681583267
CE_KINGSAFETY:0.5
C_PIECESQUARETABLES:0.5
C_MOBILITY:0.4887849075224211
C_KINGSAFETY:0.5042073236741071
C_PAWNSTRUCTURE:0.5229952033914971
C_PIECECOORDINATION:0.5092644959623427
C_ROOK:0.48739593457030234
CE_ROOK:0.5055496848482567
C_CENTERCONTROL:0.48604540223644294
C_DEVELOPPIECES:0.528163268022905
C_MATERIAL:0.5259117974519621
C_MOVECOUNT:0.45645335474774623
C_PAWNMOVEMENT:0.511618917934365
