ELO:960
CE_PASSEDPAWNS:0.488795338607274
CE_PAWNWEAKNESSES:0.5050309597869376
CE_PIECEACTIVITY:0.5105960983219778
CE_KINGPAWNSHIELD:0.5053168456325059
CE_PIECECOORDINATION:0.5456808217946737
CE_MATERIAL:0.49005774975414657
CE_KINGSAFETY:0.523322601543142
C_PIECESQUARETABLES:0.500346795695041
C_MOBILITY:0.506767796663473
C_KINGSAFETY:0.49575022178942535
C_PAWNSTRUCTURE:0.4918268437612272
C_PIECECOORDINATION:0.5024057561781354
C_ROOKANDPAWNMOVEMENT:0.5024057561781354
C_CENTERCONTROL:0.4957248243820055
C_DEVELOPPIECES:0.49516455307228135
C_MATERIAL:0.4861659888360049
C_MOVECOUNT:0.5105166322530461
