ELO:998
CE_PASSEDPAWNS:0.5143191722516393
CE_PAWNWEAKNESSES:0.5347113640625577
CE_PIECEACTIVITY:0.43336911069591055
CE_KINGPAWNSHIELD:0.4947120553785316
CE_PIECECOORDINATION:0.5165216311132089
CE_MATERIAL:0.5334566409664616
CE_KINGSAFETY:0.5082003908401367
C_PIECESQUARETABLES:0.5081940909343606
C_MOBILITY:0.4940184662367858
C_KINGSAFETY:0.47802163491953803
C_PAWNSTRUCTURE:0.5195125865935724
C_PIECECOORDINATION:0.4436097921658323
C_ROOKANDPAWNMOVEMENT:0.4436097921658323
C_CENTERCONTROL:0.46198541311710495
C_DEVELOPPIECES:0.5839016119543821
C_MATERIAL:0.4472393059105458
