ELO:979
CE_PASSEDPAWNS:0.5047511612579889
CE_PAWNWEAKNESSES:0.5013687339099834
CE_PIECEACTIVITY:0.5
CE_KINGPAWNSHIELD:0.5092878330827633
CE_PIECECOORDINATION:0.5071177658345473
CE_MATERIAL:0.4922991408277367
CE_KINGSAFETY:0.5
C_PIECESQUARETABLES:0.5
C_MOBILITY:0.5093585714695656
C_KINGSAFETY:0.48069759627310465
C_PAWNSTRUCTURE:0.48293117626771026
C_PIECECOORDINATION:0.48598286249276484
C_ROOKANDPAWNMOVEMENT:0.48598286249276484
C_CENTERCONTROL:0.5069109720244711
C_DEVELOPPIECES:0.47587083900407623
C_MATERIAL:0.4835853555152068
C_MOVECOUNT:0.5192106321174459
