ELO:991
CE_PASSEDPAWNS:0.5213164266256178
CE_PAWNWEAKNESSES:0.47052726519091426
CE_PIECEACTIVITY:0.5256534381721791
CE_KINGPAWNSHIELD:0.5325350678434254
CE_PIECECOORDINATION:0.4846973356516632
CE_MATERIAL:0.4694181679613265
CE_KINGSAFETY:0.5
C_PIECESQUARETABLES:0.4888239046945027
C_MOBILITY:0.5836313903895851
C_KINGSAFETY:0.5252737042996628
C_PAWNSTRUCTURE:0.46969329156212397
C_PIECECOORDINATION:0.49481266204964397
C_ROOKANDPAWNMOVEMENT:0.49481266204964397
C_CENTERCONTROL:0.4284784727536737
C_DEVELOPPIECES:0.4354212939766876
C_MATERIAL:0.6234991122067586
