ELO:999
CE_PASSEDPAWNS:0.5143868200533395
CE_PAWNWEAKNESSES:0.5520178829467411
CE_PIECEACTIVITY:0.5052920436962062
CE_KINGPAWNSHIELD:0.5781828928433626
CE_PIECECOORDINATION:0.5018427302648196
CE_MATERIAL:0.5510468142881138
CE_KINGSAFETY:0.425924990826168
C_PIECESQUARETABLES:0.512080110401486
C_MOBILITY:0.5149922473727078
C_KINGSAFETY:0.5254530439169172
C_PAWNSTRUCTURE:0.5071465570845674
C_PIECECOORDINATION:0.565154106777535
C_ROOKANDPAWNMOVEMENT:0.565154106777535
C_CENTERCONTROL:0.4878846361009215
C_DEVELOPPIECES:0.4516594937611283
C_MATERIAL:0.48579596109228157
