ELO:1004
CE_PASSEDPAWNS:0.4913720806831321
CE_PAWNWEAKNESSES:0.5093900130276765
CE_PIECEACTIVITY:0.501925526966411
CE_KINGPAWNSHIELD:0.4836461599680079
CE_PIECECOORDINATION:0.519646597826759
CE_MATERIAL:0.504609872110685
CE_KINGSAFETY:0.49270641280940664
C_PIECESQUARETABLES:0.48885793792738563
C_MOBILITY:0.5
C_KINGSAFETY:0.5113329650839918
C_PAWNSTRUCTURE:0.5320306609405451
C_PIECECOORDINATION:0.5
C_ROOKANDPAWNMOVEMENT:0.5
C_CENTERCONTROL:0.48157046577476703
C_DEVELOPPIECES:0.5
C_MATERIAL:0.5002313364556941
C_MOVECOUNT:0.4956538396338901
