ELO:936
CE_PASSEDPAWNS:0.602916545997353
CE_PAWNWEAKNESSES:0.5405541111848519
CE_PIECEACTIVITY:0.5097644044302208
CE_KINGPAWNSHIELD:0.5818819006724023
CE_PIECECOORDINATION:0.41498932211298445
CE_MATERIAL:0.5175216483841111
CE_KINGSAFETY:0.47661224415374887
C_PIECESQUARETABLES:0.48259260628512884
C_MOBILITY:0.45815602901668917
C_KINGSAFETY:0.5967990791546384
C_PAWNSTRUCTURE:0.40724908191391634
C_PIECECOORDINATION:0.6005590157098903
C_ROOKANDPAWNMOVEMENT:0.6005590157098903
C_CENTERCONTROL:0.41558771060892385
C_DEVELOPPIECES:0.4788710731686943
C_MATERIAL:0.415247154973177
