ELO:908
CE_PASSEDPAWNS:0.39108778294819907
CE_PAWNWEAKNESSES:0.4619668433511298
CE_PIECEACTIVITY:0.43361922369124767
CE_KINGPAWNSHIELD:0.5179745043932751
CE_PIECECOORDINATION:0.5090609389446117
CE_MATERIAL:0.5353493234963325
CE_KINGSAFETY:0.541206588340321
C_PIECESQUARETABLES:0.4412970982182725
C_MOBILITY:0.505919937611762
C_KINGSAFETY:0.42225162772137026
C_PAWNSTRUCTURE:0.5138730220022677
C_PIECECOORDINATION:0.48030520190751724
C_ROOKANDPAWNMOVEMENT:0.48030520190751724
C_CENTERCONTROL:0.3930498298847344
C_DEVELOPPIECES:0.5677048850103038
C_MATERIAL:0.471976402943282
