ELO:988
CE_PASSEDPAWNS:0.5
CE_PAWNWEAKNESSES:0.5
CE_PIECEACTIVITY:0.5
CE_KINGPAWNSHIELD:0.5083396482771246
CE_PIECECOORDINATION:0.5081518723721452
CE_MATERIAL:0.5
CE_KINGSAFETY:0.5
C_PIECESQUARETABLES:0.49726479270762175
C_MOBILITY:0.5
C_KINGSAFETY:0.4934894115765639
C_PAWNSTRUCTURE:0.5001498412233076
C_PIECECOORDINATION:0.5
C_ROOKANDPAWNMOVEMENT:0.5
C_CENTERCONTROL:0.5
C_DEVELOPPIECES:0.5088447585934314
C_MATERIAL:0.5028595274283849
C_MOVECOUNT:0.5
