ELO:938
CE_PASSEDPAWNS:0.4641555415231479
CE_PAWNWEAKNESSES:0.5451269021167815
CE_PIECEACTIVITY:0.5582613826357289
CE_KINGPAWNSHIELD:0.43205435498557426
CE_PIECECOORDINATION:0.49343270260481586
CE_MATERIAL:0.5073271390126296
CE_KINGSAFETY:0.5552273935077282
C_PIECESQUARETABLES:0.5668997934362252
C_MOBILITY:0.4953843601602064
C_KINGSAFETY:0.4227594818793533
C_PAWNSTRUCTURE:0.5075407916195405
C_PIECECOORDINATION:0.4956272287206431
C_ROOKANDPAWNMOVEMENT:0.4956272287206431
C_CENTERCONTROL:0.6029403863213715
C_DEVELOPPIECES:0.5290467613143717
C_MATERIAL:0.4774961361335422
