ELO:880
CE_PASSEDPAWNS:0.47898301312131786
CE_PAWNWEAKNESSES:0.5159367452266869
CE_PIECEACTIVITY:0.42724484986739936
CE_KINGPAWNSHIELD:0.5065394230784104
CE_PIECECOORDINATION:0.526008641288428
CE_MATERIAL:0.50038683003206
CE_KINGSAFETY:0.5444403939499538
C_PIECESQUARETABLES:0.5452691854516432
C_MOBILITY:0.47004221753284
C_KINGSAFETY:0.5195527639992196
C_PAWNSTRUCTURE:0.4468078741578755
C_PIECECOORDINATION:0.5193214788972476
C_ROOKANDPAWNMOVEMENT:0.5193214788972476
C_CENTERCONTROL:0.5053905994177245
C_DEVELOPPIECES:0.48777568413853895
C_MATERIAL:0.4964523669872235
C_MOVECOUNT:0.5
