ELO:944
CE_PASSEDPAWNS:0.49469225268562145
CE_PAWNWEAKNESSES:0.5184834786525435
CE_PIECEACTIVITY:0.5279517133203445
CE_KINGPAWNSHIELD:0.5192616372240788
CE_PIECECOORDINATION:0.49803547497948963
CE_MATERIAL:0.4534832859977168
CE_KINGSAFETY:0.4724092645707598
C_PIECESQUARETABLES:0.49666890295898447
C_MOBILITY:0.49820123428650903
C_KINGSAFETY:0.5446907911704689
C_PAWNSTRUCTURE:0.4631153761476538
C_PIECECOORDINATION:0.49727441972739356
C_ROOKANDPAWNMOVEMENT:0.49727441972739356
C_CENTERCONTROL:0.4480810935901006
C_DEVELOPPIECES:0.4984810921216078
C_MATERIAL:0.48099503607144156
C_MOVECOUNT:0.43358022434357196
