ELO:952
CE_PASSEDPAWNS:0.5474854656646095
CE_PAWNWEAKNESSES:0.5924407781567427
CE_PIECEACTIVITY:0.39116332970522816
CE_KINGPAWNSHIELD:0.5163009518662559
CE_PIECECOORDINATION:0.48778813507041846
CE_MATERIAL:0.541011106034836
CE_KINGSAFETY:0.5046419838394456
C_PIECESQUARETABLES:0.4962890091987891
C_MOBILITY:0.4173772257720922
C_KINGSAFETY:0.5130000939607204
C_PAWNSTRUCTURE:0.46069246226355093
C_PIECECOORDINATION:0.4243883945711806
C_ROOKANDPAWNMOVEMENT:0.4243883945711806
C_CENTERCONTROL:0.4209076030831964
C_DEVELOPPIECES:0.4823806541212802
C_MATERIAL:0.5104043141466766
