ELO:964
CE_PASSEDPAWNS:0.49728338951350687
CE_PAWNWEAKNESSES:0.44109396901042786
CE_PIECEACTIVITY:0.472536847201292
CE_KINGPAWNSHIELD:0.5064157843850271
CE_PIECECOORDINATION:0.5029828704285763
CE_MATERIAL:0.47477676895382565
CE_KINGSAFETY:0.4878013121013199
C_PIECESQUARETABLES:0.494489738419002
C_MOBILITY:0.5184305902825
C_KINGSAFETY:0.48901805109175933
C_PAWNSTRUCTURE:0.5356367756818395
C_PIECECOORDINATION:0.4948926724302081
C_ROOK:0.5023035660491414
CE_ROOK:0.5379233236886878
C_CENTERCONTROL:0.5081523280667302
C_DEVELOPPIECES:0.5038713126539542
C_MATERIAL:0.4872483154638725
C_MOVECOUNT:0.5251138620982169
C_PAWNMOVEMENT:0.47036082603126994
