ELO:903
CE_PASSEDPAWNS:0.517047532335551
CE_PAWNWEAKNESSES:0.593935575122128
CE_PIECEACTIVITY:0.43240073451648353
CE_KINGPAWNSHIELD:0.4995207342752912
CE_PIECECOORDINATION:0.42833270354378156
CE_MATERIAL:0.5483195537487445
CE_KINGSAFETY:0.4965961288151326
C_PIECESQUARETABLES:0.47333437302023784
C_MOBILITY:0.3655068316866281
C_KINGSAFETY:0.4648156688424919
C_PAWNSTRUCTURE:0.4731718351104895
C_PIECECOORDINATION:0.420152408625197
C_ROOKANDPAWNMOVEMENT:0.420152408625197
C_CENTERCONTROL:0.4014985744674247
C_DEVELOPPIECES:0.49347862569264417
C_MATERIAL:0.45450064752964914
