ELO:941
CE_PASSEDPAWNS:0.4962300208960596
CE_PAWNWEAKNESSES:0.498459871487954
CE_PIECEACTIVITY:0.4841934324717029
CE_KINGPAWNSHIELD:0.5056591638240899
CE_PIECECOORDINATION:0.5104294414610198
CE_MATERIAL:0.4961677044142441
CE_KINGSAFETY:0.4949993938739081
C_PIECESQUARETABLES:0.5094461038816258
C_MOBILITY:0.4931962861671868
C_KINGSAFETY:0.48956269619168397
C_PAWNSTRUCTURE:0.5202643247053934
C_PIECECOORDINATION:0.5190911412130964
C_ROOKANDPAWNMOVEMENT:0.5190911412130964
C_CENTERCONTROL:0.5052749969657709
C_DEVELOPPIECES:0.47100683534800714
C_MATERIAL:0.5039863969576917
C_MOVECOUNT:0.5
