ELO:856
CE_PASSEDPAWNS:0.5990908108541223
CE_PAWNWEAKNESSES:0.6679361047173283
CE_PIECEACTIVITY:0.5220173341749001
CE_KINGPAWNSHIELD:0.5600451948451896
CE_PIECECOORDINATION:0.4559075015685225
CE_MATERIAL:0.38997382633682437
CE_KINGSAFETY:0.48758922286850426
C_PIECESQUARETABLES:0.4900669868781941
C_MOBILITY:0.45721369772867165
C_KINGSAFETY:0.45120961332528914
C_PAWNSTRUCTURE:0.5637253173223149
C_PIECECOORDINATION:0.47895056551567217
C_ROOKANDPAWNMOVEMENT:0.47895056551567217
C_CENTERCONTROL:0.4812671834851884
C_DEVELOPPIECES:0.4561094124542185
C_MATERIAL:0.5825036079907701
