ELO:986
CE_PASSEDPAWNS:0.4874408744925952
CE_PAWNWEAKNESSES:0.5583670990910862
CE_PIECEACTIVITY:0.5211025709392995
CE_KINGPAWNSHIELD:0.4437291316451775
CE_PIECECOORDINATION:0.4865106390494397
CE_MATERIAL:0.49823836327444937
CE_KINGSAFETY:0.49823251280447256
C_PIECESQUARETABLES:0.5141753274758273
C_MOBILITY:0.49169239022103783
C_KINGSAFETY:0.6077853872579577
C_PAWNSTRUCTURE:0.58232887935372
C_PIECECOORDINATION:0.5418182828033772
C_ROOKANDPAWNMOVEMENT:0.5418182828033772
C_CENTERCONTROL:0.42929334528184604
C_DEVELOPPIECES:0.4991478406836162
C_MATERIAL:0.5158828839270355
