ELO:1000
CE_PASSEDPAWNS:0.4927944640342904
CE_PAWNWEAKNESSES:0.5187775828853489
CE_PIECEACTIVITY:0.4816165101839128
CE_KINGPAWNSHIELD:0.47741547588865996
CE_PIECECOORDINATION:0.4821995547522892
CE_MATERIAL:0.4834442772122028
CE_KINGSAFETY:0.4693418407081083
C_PIECESQUARETABLES:0.49796228691367606
C_MOBILITY:0.48978628484377323
C_KINGSAFETY:0.49732893268419237
C_PAWNSTRUCTURE:0.5083839072309665
C_PIECECOORDINATION:0.5292594334395955
C_ROOKANDPAWNMOVEMENT:0.5292594334395955
C_CENTERCONTROL:0.4946284010181298
C_DEVELOPPIECES:0.49523334565571914
C_MATERIAL:0.4892294980309555
