ELO:1000
CE_PASSEDPAWNS:0.5180072956319794
CE_PAWNWEAKNESSES:0.5156426676280377
CE_PIECEACTIVITY:0.48143595106218834
CE_KINGPAWNSHIELD:0.4715389610423565
CE_PIECECOORDINATION:0.46968580234193313
CE_MATERIAL:0.4852553180786603
CE_KINGSAFETY:0.5077936548299964
C_PIECESQUARETABLES:0.485037701168155
C_MOBILITY:0.4954942929110543
C_KINGSAFETY:0.4938945067736282
C_PAWNSTRUCTURE:0.5107311966285215
C_PIECECOORDINATION:0.5393108577832828
C_ROOKANDPAWNMOVEMENT:0.5393108577832828
C_CENTERCONTROL:0.5060208142107898
C_DEVELOPPIECES:0.48168838231591926
C_MATERIAL:0.46725276918416214
