ELO:996
CE_PASSEDPAWNS:0.500018720919629
CE_PAWNWEAKNESSES:0.5523539516316383
CE_PIECEACTIVITY:0.5327681304392211
CE_KINGPAWNSHIELD:0.4387767248417433
CE_PIECECOORDINATION:0.47068189894165285
CE_MATERIAL:0.49661429649348776
CE_KINGSAFETY:0.5321082247512993
C_PIECESQUARETABLES:0.5448346959248165
C_MOBILITY:0.4824963550422143
C_KINGSAFETY:0.6116946272501649
C_PAWNSTRUCTURE:0.5771331599197523
C_PIECECOORDINATION:0.5418182828033772
C_ROOKANDPAWNMOVEMENT:0.5418182828033772
C_CENTERCONTROL:0.4532193092948501
C_DEVELOPPIECES:0.4991478406836162
C_MATERIAL:0.506494186798039
