ELO:947
CE_PASSEDPAWNS:0.5358794814627277
CE_PAWNWEAKNESSES:0.5924407781567427
CE_PIECEACTIVITY:0.38179979753421733
CE_KINGPAWNSHIELD:0.5101074061929162
CE_PIECECOORDINATION:0.48925654262963375
CE_MATERIAL:0.5453078501698252
CE_KINGSAFETY:0.4884218074031554
C_PIECESQUARETABLES:0.5133108861422617
C_MOBILITY:0.40727231164202415
C_KINGSAFETY:0.5082988177376886
C_PAWNSTRUCTURE:0.46069246226355093
C_PIECECOORDINATION:0.43463191486629316
C_ROOKANDPAWNMOVEMENT:0.43463191486629316
C_CENTERCONTROL:0.4348093979948133
C_DEVELOPPIECES:0.4823806541212802
C_MATERIAL:0.5182735297417812
