ELO:978
CE_PASSEDPAWNS:0.5630840928083974
CE_PAWNWEAKNESSES:0.5574118094884652
CE_PIECEACTIVITY:0.4668162360522838
CE_KINGPAWNSHIELD:0.5535492879201369
CE_PIECECOORDINATION:0.5171478298194954
CE_MATERIAL:0.5319993912481918
CE_KINGSAFETY:0.5011229893707276
C_PIECESQUARETABLES:0.4831365310217826
C_MOBILITY:0.4201237618925935
C_KINGSAFETY:0.5227480935958543
C_PAWNSTRUCTURE:0.4628326900554811
C_PIECECOORDINATION:0.47903041124844237
C_ROOKANDPAWNMOVEMENT:0.47903041124844237
C_CENTERCONTROL:0.44899761835264496
C_DEVELOPPIECES:0.49343878663153373
C_MATERIAL:0.5175261364755613
