ELO:1008
CE_PASSEDPAWNS:0.5082135900783006
CE_PAWNWEAKNESSES:0.5056609046396695
CE_PIECEACTIVITY:0.5117166980187612
CE_KINGPAWNSHIELD:0.5201576867186702
CE_PIECECOORDINATION:0.5030934518164056
CE_MATERIAL:0.5
CE_KINGSAFETY:0.5097268149350431
C_PIECESQUARETABLES:0.5
C_MOBILITY:0.5115660137455333
C_KINGSAFETY:0.5121105302232966
C_PAWNSTRUCTURE:0.5
C_PIECECOORDINATION:0.5
C_ROOKANDPAWNMOVEMENT:0.5
C_CENTERCONTROL:0.499187506288456
C_DEVELOPPIECES:0.4949110101617013
C_MATERIAL:0.4883212242843386
