ELO:936
CE_PASSEDPAWNS:0.5534525701089442
CE_PAWNWEAKNESSES:0.443164639781548
CE_PIECEACTIVITY:0.5
CE_KINGPAWNSHIELD:0.4650841272761975
CE_PIECECOORDINATION:0.48133289922894645
CE_MATERIAL:0.48787532899215247
CE_KINGSAFETY:0.5083422908615622
C_PIECESQUARETABLES:0.5
C_MOBILITY:0.5002540796803222
C_KINGSAFETY:0.4984178197499629
C_PAWNSTRUCTURE:0.5270135706454578
C_PIECECOORDINATION:0.5097905976848707
C_ROOKANDPAWNMOVEMENT:0.5097905976848707
C_CENTERCONTROL:0.4832107348764437
C_DEVELOPPIECES:0.5151164389932109
C_MATERIAL:0.47858476818011725
C_MOVECOUNT:0.5
