ELO:952
CE_PASSEDPAWNS:0.49086740812206453
CE_PAWNWEAKNESSES:0.5023735119130326
CE_PIECEACTIVITY:0.4620061241454455
CE_KINGPAWNSHIELD:0.503037887817335
CE_PIECECOORDINATION:0.5659379387762725
CE_MATERIAL:0.5263555494371844
CE_KINGSAFETY:0.5118449531599923
C_PIECESQUARETABLES:0.4668093040263156
C_MOBILITY:0.4957232756103209
C_KINGSAFETY:0.4905231445987637
C_PAWNSTRUCTURE:0.5625477814276553
C_PIECECOORDINATION:0.4933288475221559
C_ROOKANDPAWNMOVEMENT:0.4933288475221559
C_CENTERCONTROL:0.5027312069800711
C_DEVELOPPIECES:0.4898803871279878
C_MATERIAL:0.5246114298553168
C_MOVECOUNT:0.5019086417496029
