ELO:1000
CE_PASSEDPAWNS:0.5324005547598909
CE_PAWNWEAKNESSES:0.5170006170369668
CE_PIECEACTIVITY:0.510744883834791
CE_KINGPAWNSHIELD:0.4841046286270977
CE_PIECECOORDINATION:0.47613191537086236
CE_MATERIAL:0.4694771723025517
CE_KINGSAFETY:0.5091686944437123
C_PIECESQUARETABLES:0.49942108290798665
C_MOBILITY:0.5001539510773688
C_KINGSAFETY:0.5016560760742682
C_PAWNSTRUCTURE:0.530239733619707
C_PIECECOORDINATION:0.5319707270599738
C_ROOKANDPAWNMOVEMENT:0.5319707270599738
C_CENTERCONTROL:0.5194421875724232
C_DEVELOPPIECES:0.4776560298703051
C_MATERIAL:0.44090490034657226
