ELO:916
CE_PASSEDPAWNS:0.5219976597135607
CE_PAWNWEAKNESSES:0.5006636097828353
CE_PIECEACTIVITY:0.5084932305220362
CE_KINGPAWNSHIELD:0.5187446730253615
CE_PIECECOORDINATION:0.5280010771418415
CE_MATERIAL:0.5297949346505038
CE_KINGSAFETY:0.49328611906673614
C_PIECESQUARETABLES:0.5219225763076822
C_MOBILITY:0.5129257353591471
C_KINGSAFETY:0.4848137892508631
C_PAWNSTRUCTURE:0.465533666712863
C_PIECECOORDINATION:0.4505930880129438
C_ROOKANDPAWNMOVEMENT:0.4505930880129438
C_CENTERCONTROL:0.4790371863056024
C_DEVELOPPIECES:0.5431881963467974
C_MATERIAL:0.4923286793350385
C_MOVECOUNT:0.5
