ELO:1022
CE_PASSEDPAWNS:0.5081867759347783
CE_PAWNWEAKNESSES:0.5104460806466942
CE_PIECEACTIVITY:0.5027624550127104
CE_KINGPAWNSHIELD:0.48506484844744835
CE_PIECECOORDINATION:0.5
CE_MATERIAL:0.4929115151339916
CE_KINGSAFETY:0.5
C_PIECESQUARETABLES:0.5
C_MOBILITY:0.5037829781351686
C_KINGSAFETY:0.48866814504154515
C_PAWNSTRUCTURE:0.5
C_PIECECOORDINATION:0.5
C_ROOKANDPAWNMOVEMENT:0.5
C_CENTERCONTROL:0.5041029572963673
C_DEVELOPPIECES:0.49734833036166376
C_MATERIAL:0.5
C_MOVECOUNT:0.5039156597486877
