ELO:935
CE_PASSEDPAWNS:0.49819063856109186
CE_PAWNWEAKNESSES:0.44149942356104294
CE_PIECEACTIVITY:0.4851819160780841
CE_KINGPAWNSHIELD:0.5038815205503286
CE_PIECECOORDINATION:0.4542692981086683
CE_MATERIAL:0.5278238425965245
CE_KINGSAFETY:0.5
C_PIECESQUARETABLES:0.5
C_MOBILITY:0.4755054752658101
C_KINGSAFETY:0.4875620351273004
C_PAWNSTRUCTURE:0.5155812381667998
C_PIECECOORDINATION:0.4976026227303856
C_ROOK:0.5004694262752548
CE_ROOK:0.5098637317684587
C_CENTERCONTROL:0.5050568119784616
C_DEVELOPPIECES:0.5105293891424153
C_MATERIAL:0.47493280413465966
C_MOVECOUNT:0.5706123946216772
C_PAWNMOVEMENT:0.4679286490703404
