ELO:975
CE_PASSEDPAWNS:0.500079446446848
CE_PAWNWEAKNESSES:0.48767511930622187
CE_PIECEACTIVITY:0.5004335498083371
CE_KINGPAWNSHIELD:0.4893050599479099
CE_PIECECOORDINATION:0.4960299657070109
CE_MATERIAL:0.5002033924979734
CE_KINGSAFETY:0.49784486457368204
C_PIECESQUARETABLES:0.5052700925013921
C_MOBILITY:0.5147690565876515
C_KINGSAFETY:0.5113265042754771
C_PAWNSTRUCTURE:0.5
C_PIECECOORDINATION:0.5062196599115868
C_ROOKANDPAWNMOVEMENT:0.5062196599115868
C_CENTERCONTROL:0.5028676698710893
C_DEVELOPPIECES:0.5
C_MATERIAL:0.49795936335973323
