ELO:991
CE_PASSEDPAWNS:0.549353331640703
CE_PAWNWEAKNESSES:0.5528747253125044
CE_PIECEACTIVITY:0.4645963720200953
CE_KINGPAWNSHIELD:0.558054394819776
CE_PIECECOORDINATION:0.5171478298194954
CE_MATERIAL:0.5379741270523478
CE_KINGSAFETY:0.5112629542735528
C_PIECESQUARETABLES:0.4962115413649511
C_MOBILITY:0.42139009644588116
C_KINGSAFETY:0.5119906232992741
C_PAWNSTRUCTURE:0.47451139237411727
C_PIECECOORDINATION:0.48268865518165993
C_ROOKANDPAWNMOVEMENT:0.48268865518165993
C_CENTERCONTROL:0.4467061824096856
C_DEVELOPPIECES:0.47719200298946396
C_MATERIAL:0.5124020566185327
