ELO:889
CE_PASSEDPAWNS:0.49037116160022776
CE_PAWNWEAKNESSES:0.4773369661065171
CE_PIECEACTIVITY:0.5026943512687712
CE_KINGPAWNSHIELD:0.5197902100486156
CE_PIECECOORDINATION:0.569487192539287
CE_MATERIAL:0.5192271247534269
CE_KINGSAFETY:0.4678606974115569
C_PIECESQUARETABLES:0.5336486448625891
C_MOBILITY:0.45361863474921466
C_KINGSAFETY:0.5130956976280593
C_PAWNSTRUCTURE:0.48507091310542305
C_PIECECOORDINATION:0.5379433562202535
C_ROOKANDPAWNMOVEMENT:0.5379433562202535
C_CENTERCONTROL:0.5331386486816663
C_DEVELOPPIECES:0.5106505792328433
C_MATERIAL:0.4470422505373512
C_MOVECOUNT:0.5055548198820474
