ELO:856
CE_PASSEDPAWNS:0.49804249062796907
CE_PAWNWEAKNESSES:0.4279319233678049
CE_PIECEACTIVITY:0.4801191545944212
CE_KINGPAWNSHIELD:0.49413326229111476
CE_PIECECOORDINATION:0.4299118954352048
CE_MATERIAL:0.5349047644338735
CE_KINGSAFETY:0.5004742837389127
C_PIECESQUARETABLES:0.4969340380485027
C_MOBILITY:0.4841799328043004
C_KINGSAFETY:0.5063723032387957
C_PAWNSTRUCTURE:0.5046986568585201
C_PIECECOORDINATION:0.5688021939467035
C_ROOK:0.5009471383915052
CE_ROOK:0.5386886240339204
C_CENTERCONTROL:0.5124897228256996
C_DEVELOPPIECES:0.5050389014953173
C_MATERIAL:0.477928570314582
C_MOVECOUNT:0.5547370924247054
C_PAWNMOVEMENT:0.5060963466972165
