ELO:860
CE_PASSEDPAWNS:0.6085719150242754
CE_PAWNWEAKNESSES:0.6617113164745385
CE_PIECEACTIVITY:0.5183701641057089
CE_KINGPAWNSHIELD:0.5562824200057953
CE_PIECECOORDINATION:0.44685353499267494
CE_MATERIAL:0.3870177596334905
CE_KINGSAFETY:0.5042105709203398
C_PIECESQUARETABLES:0.5056279968320829
C_MOBILITY:0.45655481743852144
C_KINGSAFETY:0.4539354901819109
C_PAWNSTRUCTURE:0.569853070673165
C_PIECECOORDINATION:0.4783337681701058
C_ROOKANDPAWNMOVEMENT:0.4783337681701058
C_CENTERCONTROL:0.46122569577653155
C_DEVELOPPIECES:0.4484476587953549
C_MATERIAL:0.5768759101992182
