ELO:1000
CE_PASSEDPAWNS:0.5
CE_PAWNWEAKNESSES:0.5
CE_PIECEACTIVITY:0.5
CE_KINGPAWNSHIELD:0.5
CE_PIECECOORDINATION:0.5
CE_MATERIAL:0.4952613170521924
CE_KINGSAFETY:0.4885925023579968
C_PIECESQUARETABLES:0.5
C_MOBILITY:0.5112918569817041
C_KINGSAFETY:0.4940770385842537
C_PAWNSTRUCTURE:0.49416970743020616
C_PIECECOORDINATION:0.49334385571510986
C_ROOK:0.5095955787271286
CE_ROOK:0.49891112727802633
C_CENTERCONTROL:0.5090602528970206
C_DEVELOPPIECES:0.5
C_MATERIAL:0.5
C_MOVECOUNT:0.5
C_PAWNMOVEMENT:0.5
