ELO:960
CE_PASSEDPAWNS:0.4648863111890167
CE_PAWNWEAKNESSES:0.587122439219424
CE_PIECEACTIVITY:0.5146833111984697
CE_KINGPAWNSHIELD:0.43075616373860864
CE_PIECECOORDINATION:0.4430315329363482
CE_MATERIAL:0.4747866064642168
CE_KINGSAFETY:0.507334830937177
C_PIECESQUARETABLES:0.48724933924281055
C_MOBILITY:0.4831524852894266
C_KINGSAFETY:0.6022651213589282
C_PAWNSTRUCTURE:0.563449892713531
C_PIECECOORDINATION:0.5263059356626907
C_ROOKANDPAWNMOVEMENT:0.5263059356626907
C_CENTERCONTROL:0.46546273886000894
C_DEVELOPPIECES:0.4994210713733036
C_MATERIAL:0.567425682248116
