ELO:927
CE_PASSEDPAWNS:0.5069959024690293
CE_PAWNWEAKNESSES:0.5432023655727627
CE_PIECEACTIVITY:0.4659041897873032
CE_KINGPAWNSHIELD:0.5060376563054733
CE_PIECECOORDINATION:0.49018470432406164
CE_MATERIAL:0.49467589493994996
CE_KINGSAFETY:0.5390008398955499
C_PIECESQUARETABLES:0.4956352849038256
C_MOBILITY:0.43604489619785797
C_KINGSAFETY:0.5325314762360812
C_PAWNSTRUCTURE:0.5223989863383232
C_PIECECOORDINATION:0.5320475912260846
C_ROOKANDPAWNMOVEMENT:0.5320475912260846
C_CENTERCONTROL:0.5139840830243305
C_DEVELOPPIECES:0.5105318818802593
C_MATERIAL:0.5378675646709432
C_MOVECOUNT:0.5
