ELO:991
CE_PASSEDPAWNS:0.5277288571395565
CE_PAWNWEAKNESSES:0.4747266971979074
CE_PIECEACTIVITY:0.528441752456059
CE_KINGPAWNSHIELD:0.530685515198958
CE_PIECECOORDINATION:0.48006194414056524
CE_MATERIAL:0.48096836756991274
CE_KINGSAFETY:0.5
C_PIECESQUARETABLES:0.5
C_MOBILITY:0.5894975945278892
C_KINGSAFETY:0.5252737042996628
C_PAWNSTRUCTURE:0.46054427260367564
C_PIECECOORDINATION:0.49481266204964397
C_ROOKANDPAWNMOVEMENT:0.49481266204964397
C_CENTERCONTROL:0.42413715802041185
C_DEVELOPPIECES:0.4354212939766876
C_MATERIAL:0.6262309969883861
