ELO:796
CE_PASSEDPAWNS:0.5551174555772971
CE_PAWNWEAKNESSES:0.4967077975099896
CE_PIECEACTIVITY:0.4952198402687343
CE_KINGPAWNSHIELD:0.5373287797773688
CE_PIECECOORDINATION:0.5615910337438574
CE_MATERIAL:0.47152163166470346
CE_KINGSAFETY:0.5032818650726594
C_PIECESQUARETABLES:0.5
C_MOBILITY:0.4266524928943237
C_KINGSAFETY:0.5717359093464797
C_PAWNSTRUCTURE:0.5144762907534141
C_PIECECOORDINATION:0.5200563631793566
C_ROOKANDPAWNMOVEMENT:0.5200563631793566
C_CENTERCONTROL:0.5649563060976482
C_DEVELOPPIECES:0.4567998855079647
C_MATERIAL:0.446412509814372
C_MOVECOUNT:0.5077254656805694
