ELO:905
CE_PASSEDPAWNS:0.49362778931743595
CE_PAWNWEAKNESSES:0.5451569613303476
CE_PIECEACTIVITY:0.4659041897873032
CE_KINGPAWNSHIELD:0.5348024095535908
CE_PIECECOORDINATION:0.4729785452761161
CE_MATERIAL:0.49467589493994996
CE_KINGSAFETY:0.5422459955325356
C_PIECESQUARETABLES:0.4773490411745018
C_MOBILITY:0.42866999502666825
C_KINGSAFETY:0.5198503231795425
C_PAWNSTRUCTURE:0.5331402565045272
C_PIECECOORDINATION:0.5089830356626676
C_ROOKANDPAWNMOVEMENT:0.5089830356626676
C_CENTERCONTROL:0.5111211569287542
C_DEVELOPPIECES:0.4841804532406207
C_MATERIAL:0.5380616091427951
C_MOVECOUNT:0.5
