ELO:986
CE_PASSEDPAWNS:0.49027279454404377
CE_PAWNWEAKNESSES:0.48767511930622187
CE_PIECEACTIVITY:0.49706480517761087
CE_KINGPAWNSHIELD:0.4893050599479099
CE_PIECECOORDINATION:0.4934333204059938
CE_MATERIAL:0.49240896858780175
CE_KINGSAFETY:0.49784486457368204
C_PIECESQUARETABLES:0.5032149019939713
C_MOBILITY:0.5134376044840336
C_KINGSAFETY:0.5115660014997081
C_PAWNSTRUCTURE:0.5
C_PIECECOORDINATION:0.5062196599115868
C_ROOKANDPAWNMOVEMENT:0.5062196599115868
C_CENTERCONTROL:0.5028676698710893
C_DEVELOPPIECES:0.5
C_MATERIAL:0.49915702816541124
