ELO:972
CE_PASSEDPAWNS:0.4881186322035414
CE_PAWNWEAKNESSES:0.5042199725955842
CE_PIECEACTIVITY:0.4984643574373718
CE_KINGPAWNSHIELD:0.515231838828182
CE_PIECECOORDINATION:0.48402440641764916
CE_MATERIAL:0.49261092315756955
CE_KINGSAFETY:0.5203154973975406
C_PIECESQUARETABLES:0.5018245447268619
C_MOBILITY:0.5020886793747679
C_KINGSAFETY:0.47945583601757824
C_PAWNSTRUCTURE:0.5101733889275611
C_PIECECOORDINATION:0.489967016145133
C_ROOKANDPAWNMOVEMENT:0.489967016145133
C_CENTERCONTROL:0.5279199436358771
C_DEVELOPPIECES:0.5084868451163548
C_MATERIAL:0.5182657883698293
C_MOVECOUNT:0.4763954101131613
