ELO:810
CE_PASSEDPAWNS:0.515661916418777
CE_PAWNWEAKNESSES:0.5045617788175762
CE_PIECEACTIVITY:0.521772419006398
CE_KINGPAWNSHIELD:0.4958109541358715
CE_PIECECOORDINATION:0.5338455101028788
CE_MATERIAL:0.522750928479376
CE_KINGSAFETY:0.46877548485155274
C_PIECESQUARETABLES:0.5185085037941434
C_MOBILITY:0.45107590083731147
C_KINGSAFETY:0.518629596035916
C_PAWNSTRUCTURE:0.5117315581350601
C_PIECECOORDINATION:0.5230822289086858
C_ROOKANDPAWNMOVEMENT:0.5230822289086858
C_CENTERCONTROL:0.5623160215445706
C_DEVELOPPIECES:0.5269723997088926
C_MATERIAL:0.444842830426724
C_MOVECOUNT:0.5
