ELO:990
CE_PASSEDPAWNS:0.5457345729423272
CE_PAWNWEAKNESSES:0.44542974891888637
CE_PIECEACTIVITY:0.5115517959390631
CE_KINGPAWNSHIELD:0.530685515198958
CE_PIECECOORDINATION:0.44538019471221774
CE_MATERIAL:0.5030403841932721
CE_KINGSAFETY:0.4922544743720017
C_PIECESQUARETABLES:0.48793435862227086
C_MOBILITY:0.5836313903895851
C_KINGSAFETY:0.5555396845641076
C_PAWNSTRUCTURE:0.3974960377332616
C_PIECECOORDINATION:0.49481266204964397
C_ROOKANDPAWNMOVEMENT:0.49481266204964397
C_CENTERCONTROL:0.3989330345211654
C_DEVELOPPIECES:0.5933423053266473
C_MATERIAL:0.5926707967519061
