ELO:1000
CE_PASSEDPAWNS:0.5116051484862402
CE_PAWNWEAKNESSES:0.5100348520223031
CE_PIECEACTIVITY:0.5436541360798665
CE_KINGPAWNSHIELD:0.5081233623982062
CE_PIECECOORDINATION:0.4792570731179086
CE_MATERIAL:0.4485504041146729
CE_KINGSAFETY:0.49675294702717926
C_PIECESQUARETABLES:0.5075148122617293
C_MOBILITY:0.522539045149584
C_KINGSAFETY:0.5504820753143993
C_PAWNSTRUCTURE:0.5316786676742917
C_PIECECOORDINATION:0.512801428054112
C_ROOKANDPAWNMOVEMENT:0.512801428054112
C_CENTERCONTROL:0.5194305714137688
C_DEVELOPPIECES:0.4731375481299733
C_MATERIAL:0.4784435756001543
