ELO:918
CE_PASSEDPAWNS:0.4989925108324186
CE_PAWNWEAKNESSES:0.49133636195225905
CE_PIECEACTIVITY:0.5221843466800938
CE_KINGPAWNSHIELD:0.4892543892746647
CE_PIECECOORDINATION:0.5278727503854361
CE_MATERIAL:0.5038391141531613
CE_KINGSAFETY:0.4930005396354206
C_PIECESQUARETABLES:0.5
C_MOBILITY:0.4991748800863923
C_KINGSAFETY:0.5264325922754175
C_PAWNSTRUCTURE:0.4863631739368572
C_PIECECOORDINATION:0.5231666602222288
C_ROOKANDPAWNMOVEMENT:0.5231666602222288
C_CENTERCONTROL:0.5304085896882851
C_DEVELOPPIECES:0.4975293883143248
C_MATERIAL:0.48591716458688095
C_MOVECOUNT:0.4979488816506424
