ELO:997
CE_PASSEDPAWNS:0.4899099996468147
CE_PAWNWEAKNESSES:0.4941104741030607
CE_PIECEACTIVITY:0.49882011930588754
CE_KINGPAWNSHIELD:0.5036056767679618
CE_PIECECOORDINATION:0.5045390288079443
CE_MATERIAL:0.4883516071577533
CE_KINGSAFETY:0.5200545323976759
C_PIECESQUARETABLES:0.5164339541331621
C_MOBILITY:0.4836561531490946
C_KINGSAFETY:0.514505609813639
C_PAWNSTRUCTURE:0.5109314106729986
C_PIECECOORDINATION:0.5009000379883689
C_ROOKANDPAWNMOVEMENT:0.5009000379883689
C_CENTERCONTROL:0.5
C_DEVELOPPIECES:0.5
C_MATERIAL:0.48475356056654706
C_MOVECOUNT:0.5065835868999252
