ELO:1000
CE_PASSEDPAWNS:0.48535159055914395
CE_PAWNWEAKNESSES:0.48474217789438795
CE_PIECEACTIVITY:0.5265929845629034
CE_KINGPAWNSHIELD:0.4916035072477644
CE_PIECECOORDINATION:0.48347778576177963
CE_MATERIAL:0.49187067542679286
CE_KINGSAFETY:0.5411376089234345
C_PIECESQUARETABLES:0.4923225988124504
C_MOBILITY:0.5232974038397408
C_KINGSAFETY:0.5609758727548794
C_PAWNSTRUCTURE:0.5214844971330621
C_PIECECOORDINATION:0.5110526953786787
C_ROOKANDPAWNMOVEMENT:0.5110526953786787
C_CENTERCONTROL:0.5050011241547475
C_DEVELOPPIECES:0.4858897437445107
C_MATERIAL:0.4742497302807589
