ELO:653
CE_PASSEDPAWNS:0.4423002445126231
CE_PAWNWEAKNESSES:0.5686762828032995
CE_PIECEACTIVITY:0.5616771117482157
CE_KINGPAWNSHIELD:0.5171963140774869
CE_PIECECOORDINATION:0.5686237454463707
CE_MATERIAL:0.46310600738969276
CE_KINGSAFETY:0.5178365621918076
C_PIECESQUARETABLES:0.5401402930073016
C_MOBILITY:0.5926334197390212
C_KINGSAFETY:0.37588922066883573
C_PAWNSTRUCTURE:0.531035235799698
C_PIECECOORDINATION:0.517013845639027
C_ROOKANDPAWNMOVEMENT:0.517013845639027
C_CENTERCONTROL:0.5974788059290549
C_DEVELOPPIECES:0.5892114092767234
C_MATERIAL:0.5072816372060762
C_MOVECOUNT:0.49356307567203644
