ELO:978
CE_PASSEDPAWNS:0.4840845770276861
CE_PAWNWEAKNESSES:0.5975540645283273
CE_PIECEACTIVITY:0.5390138681622999
CE_KINGPAWNSHIELD:0.41662060281092855
CE_PIECECOORDINATION:0.4331365522054255
CE_MATERIAL:0.45357852777152863
CE_KINGSAFETY:0.47995916992230414
C_PIECESQUARETABLES:0.5
C_MOBILITY:0.4795798177290637
C_KINGSAFETY:0.6176511279780202
C_PAWNSTRUCTURE:0.5695114234457321
C_PIECECOORDINATION:0.523095369344733
C_ROOKANDPAWNMOVEMENT:0.523095369344733
C_CENTERCONTROL:0.4834633680562641
C_DEVELOPPIECES:0.5229750105451123
C_MATERIAL:0.6010384886735388
