ELO:950
CE_PASSEDPAWNS:0.5088805622275672
CE_PAWNWEAKNESSES:0.5091234997708254
CE_PIECEACTIVITY:0.47261516748037136
CE_KINGPAWNSHIELD:0.49397202254606215
CE_PIECECOORDINATION:0.5018223565184329
CE_MATERIAL:0.49251484089887854
CE_KINGSAFETY:0.49319525853142715
C_PIECESQUARETABLES:0.5
C_MOBILITY:0.5068497332124519
C_KINGSAFETY:0.4712444216156971
C_PAWNSTRUCTURE:0.49849699669798897
C_PIECECOORDINATION:0.4918973980452422
C_ROOKANDPAWNMOVEMENT:0.4918973980452422
C_CENTERCONTROL:0.547299768233624
C_DEVELOPPIECES:0.5148783606130006
C_MATERIAL:0.49152762530458427
C_MOVECOUNT:0.510446103948757
