ELO:840
CE_PASSEDPAWNS:0.5192578837267783
CE_PAWNWEAKNESSES:0.46290267439034083
CE_PIECEACTIVITY:0.5520272953189628
CE_KINGPAWNSHIELD:0.5245062124555031
CE_PIECECOORDINATION:0.521649271857237
CE_MATERIAL:0.49877122644946503
CE_KINGSAFETY:0.474338704386295
C_PIECESQUARETABLES:0.5108542122230547
C_MOBILITY:0.49615415250891803
C_KINGSAFETY:0.4904425036999054
C_PAWNSTRUCTURE:0.5074019733100538
C_PIECECOORDINATION:0.4451730495405994
C_ROOKANDPAWNMOVEMENT:0.4451730495405994
C_CENTERCONTROL:0.4840314679529107
C_DEVELOPPIECES:0.5398839504740074
C_MATERIAL:0.48048939754118675
C_MOVECOUNT:0.5
