ELO:982
CE_PASSEDPAWNS:0.491063205143807
CE_PAWNWEAKNESSES:0.4618129125132794
CE_PIECEACTIVITY:0.47669071704282256
CE_KINGPAWNSHIELD:0.514508415611363
CE_PIECECOORDINATION:0.5195179964322889
CE_MATERIAL:0.48329271513214433
CE_KINGSAFETY:0.5052092976030259
C_PIECESQUARETABLES:0.49334438625197036
C_MOBILITY:0.515534177448179
C_KINGSAFETY:0.4943248249999308
C_PAWNSTRUCTURE:0.5294800853920647
C_PIECECOORDINATION:0.49117064584151393
C_ROOK:0.4983789498676544
CE_ROOK:0.5225540516653876
C_CENTERCONTROL:0.5271123038602087
C_DEVELOPPIECES:0.5011262991756784
C_MATERIAL:0.49915355052721944
C_MOVECOUNT:0.5213504531686989
C_PAWNMOVEMENT:0.4822741909837875
