ELO:867
CE_PASSEDPAWNS:0.4863219711358461
CE_PAWNWEAKNESSES:0.5713721472369662
CE_PIECEACTIVITY:0.47975005505211454
CE_KINGPAWNSHIELD:0.5296758917096978
CE_PIECECOORDINATION:0.5021633340389019
CE_MATERIAL:0.48721908350692084
CE_KINGSAFETY:0.49817576228109606
C_PIECESQUARETABLES:0.5
C_MOBILITY:0.5148256443364951
C_KINGSAFETY:0.49732708776514556
C_PAWNSTRUCTURE:0.4913782418838363
C_PIECECOORDINATION:0.5321446458634054
C_ROOKANDPAWNMOVEMENT:0.5321446458634054
C_CENTERCONTROL:0.5069450330743577
C_DEVELOPPIECES:0.5360477132035564
C_MATERIAL:0.5128538738560223
C_MOVECOUNT:0.5
