ELO:928
CE_PASSEDPAWNS:0.4957855484631519
CE_PAWNWEAKNESSES:0.4550080431963471
CE_PIECEACTIVITY:0.4851819160780841
CE_KINGPAWNSHIELD:0.5084366808698996
CE_PIECECOORDINATION:0.4706080147595639
CE_MATERIAL:0.522813411268378
CE_KINGSAFETY:0.4801403491842459
C_PIECESQUARETABLES:0.49522594345235565
C_MOBILITY:0.4755054752658101
C_KINGSAFETY:0.47933136050072384
C_PAWNSTRUCTURE:0.5155812381667998
C_PIECECOORDINATION:0.4976026227303856
C_ROOK:0.5222987202411432
CE_ROOK:0.5064194762686012
C_CENTERCONTROL:0.5050568119784616
C_DEVELOPPIECES:0.5088145087888256
C_MATERIAL:0.474907174892906
C_MOVECOUNT:0.560720553034379
C_PAWNMOVEMENT:0.4689369669943351
