ELO:987
CE_PASSEDPAWNS:0.4881186322035414
CE_PAWNWEAKNESSES:0.50280997112524
CE_PIECEACTIVITY:0.5096759316072432
CE_KINGPAWNSHIELD:0.5021547431660979
CE_PIECECOORDINATION:0.49633194578831175
CE_MATERIAL:0.4994470908027659
CE_KINGSAFETY:0.5
C_PIECESQUARETABLES:0.48543026849066917
C_MOBILITY:0.5048562254958975
C_KINGSAFETY:0.47945583601757824
C_PAWNSTRUCTURE:0.5200024041416579
C_PIECECOORDINATION:0.4904283512824306
C_ROOKANDPAWNMOVEMENT:0.4904283512824306
C_CENTERCONTROL:0.5186931586446762
C_DEVELOPPIECES:0.518417890476084
C_MATERIAL:0.5187469825183987
C_MOVECOUNT:0.46946552327885804
