ELO:918
CE_PASSEDPAWNS:0.4856611737382395
CE_PAWNWEAKNESSES:0.4732136063923872
CE_PIECEACTIVITY:0.5420926135939566
CE_KINGPAWNSHIELD:0.46563422680402977
CE_PIECECOORDINATION:0.5376979924171795
CE_MATERIAL:0.436034699247513
CE_KINGSAFETY:0.4918644103696289
C_PIECESQUARETABLES:0.5075153218693468
C_MOBILITY:0.6022501390950459
C_KINGSAFETY:0.4412781743472751
C_PAWNSTRUCTURE:0.5094837552442356
C_PIECECOORDINATION:0.5118612693700952
C_ROOKANDPAWNMOVEMENT:0.5118612693700952
C_CENTERCONTROL:0.5052676916066766
C_DEVELOPPIECES:0.5218746376876214
C_MATERIAL:0.5179690564550788
C_MOVECOUNT:0.5065307881978067
