ELO:1009
CE_PASSEDPAWNS:0.5081867759347783
CE_PAWNWEAKNESSES:0.5104460806466942
CE_PIECEACTIVITY:0.5027624550127104
CE_KINGPAWNSHIELD:0.4976823723409721
CE_PIECECOORDINATION:0.5
CE_MATERIAL:0.5
CE_KINGSAFETY:0.504266779159026
C_PIECESQUARETABLES:0.5
C_MOBILITY:0.5037829781351686
C_KINGSAFETY:0.5097183781155149
C_PAWNSTRUCTURE:0.5
C_PIECECOORDINATION:0.49363444779407756
C_ROOKANDPAWNMOVEMENT:0.49363444779407756
C_CENTERCONTROL:0.5041029572963673
C_DEVELOPPIECES:0.49734833036166376
C_MATERIAL:0.5
C_MOVECOUNT:0.49111054035471163
