ELO:1000
CE_PASSEDPAWNS:0.5214611509343277
CE_PAWNWEAKNESSES:0.49598192262934687
CE_PIECEACTIVITY:0.49870005812373375
CE_KINGPAWNSHIELD:0.4642871342754373
CE_PIECECOORDINATION:0.5374963264675235
CE_MATERIAL:0.5292805004118066
CE_KINGSAFETY:0.47607834405868643
C_PIECESQUARETABLES:0.5167515767142143
C_MOBILITY:0.5680556398334972
C_KINGSAFETY:0.45768088132401424
C_PAWNSTRUCTURE:0.49964403128633683
C_PIECECOORDINATION:0.4295925209180044
C_ROOKANDPAWNMOVEMENT:0.4295925209180044
C_CENTERCONTROL:0.49019651391496005
C_DEVELOPPIECES:0.523859403113964
C_MATERIAL:0.5178653459267362
