ELO:1000
CE_PASSEDPAWNS:0.48366163369374965
CE_PAWNWEAKNESSES:0.5120349011225995
CE_PIECEACTIVITY:0.4948444762003945
CE_KINGPAWNSHIELD:0.4953251451639403
CE_PIECECOORDINATION:0.5225317056600792
CE_MATERIAL:0.47092232791999855
CE_KINGSAFETY:0.4628487038310414
C_PIECESQUARETABLES:0.4586897682456918
C_MOBILITY:0.4884086978660942
C_KINGSAFETY:0.5162122663795639
C_PAWNSTRUCTURE:0.48139512589058686
C_PIECECOORDINATION:0.4910930269592594
C_ROOKANDPAWNMOVEMENT:0.4910930269592594
C_CENTERCONTROL:0.46003701305878764
C_DEVELOPPIECES:0.5114616048500572
C_MATERIAL:0.4902131714359767
