ELO:1000
CE_PASSEDPAWNS:0.4860199367977351
CE_PAWNWEAKNESSES:0.5122866346848861
CE_PIECEACTIVITY:0.4925680074524943
CE_KINGPAWNSHIELD:0.4875428989588151
CE_PIECECOORDINATION:0.4963877739457067
CE_MATERIAL:0.4959338402271096
CE_KINGSAFETY:0.48657216849453383
C_PIECESQUARETABLES:0.4954065291211415
C_MOBILITY:0.5
C_KINGSAFETY:0.5
C_PAWNSTRUCTURE:0.49273809058319423
C_PIECECOORDINATION:0.510968061012802
C_ROOKANDPAWNMOVEMENT:0.510968061012802
C_CENTERCONTROL:0.4954511450768971
C_DEVELOPPIECES:0.5
C_MATERIAL:0.500140538206685
