ELO:1000
CE_PASSEDPAWNS:0.47420424039605247
CE_PAWNWEAKNESSES:0.5375912318925727
CE_PIECEACTIVITY:0.49509732025602116
CE_KINGPAWNSHIELD:0.4945870555181999
CE_PIECECOORDINATION:0.5107364715970586
CE_MATERIAL:0.4735863961351127
CE_KINGSAFETY:0.4673048836697624
C_PIECESQUARETABLES:0.4447867467843162
C_MOBILITY:0.4665333154080014
C_KINGSAFETY:0.51800410241469
C_PAWNSTRUCTURE:0.45625726772235575
C_PIECECOORDINATION:0.4878738153360593
C_ROOKANDPAWNMOVEMENT:0.4878738153360593
C_CENTERCONTROL:0.4813950494010212
C_DEVELOPPIECES:0.5341068672376398
C_MATERIAL:0.48659222060492496
