ELO:943
CE_PASSEDPAWNS:0.4572852262746702
CE_PAWNWEAKNESSES:0.6322152340909463
CE_PIECEACTIVITY:0.5313142132040813
CE_KINGPAWNSHIELD:0.40840533248204497
CE_PIECECOORDINATION:0.4227127469117724
CE_MATERIAL:0.4406351892669318
CE_KINGSAFETY:0.4748672148986126
C_PIECESQUARETABLES:0.4438718075493844
C_MOBILITY:0.4814104067030915
C_KINGSAFETY:0.6404822361286092
C_PAWNSTRUCTURE:0.6016000639350696
C_PIECECOORDINATION:0.5174313768760933
C_ROOKANDPAWNMOVEMENT:0.5174313768760933
C_CENTERCONTROL:0.5171993236106246
C_DEVELOPPIECES:0.5162996139823772
C_MATERIAL:0.5678401227430172
