ELO:942
CE_PASSEDPAWNS:0.4957855484631519
CE_PAWNWEAKNESSES:0.4503679469895761
CE_PIECEACTIVITY:0.4741606596245457
CE_KINGPAWNSHIELD:0.5101868742994373
CE_PIECECOORDINATION:0.4739790856928833
CE_MATERIAL:0.522813411268378
CE_KINGSAFETY:0.487311574824626
C_PIECESQUARETABLES:0.49034528521452897
C_MOBILITY:0.4755054752658101
C_KINGSAFETY:0.47933136050072384
C_PAWNSTRUCTURE:0.5155812381667998
C_PIECECOORDINATION:0.5002190570055993
C_ROOK:0.5231194163931797
CE_ROOK:0.5038363510741564
C_CENTERCONTROL:0.5023106099920568
C_DEVELOPPIECES:0.5098979571039945
C_MATERIAL:0.474907174892906
C_MOVECOUNT:0.560720553034379
C_PAWNMOVEMENT:0.4689369669943351
