ELO:970
CE_PASSEDPAWNS:0.491063205143807
CE_PAWNWEAKNESSES:0.4693858080383997
CE_PIECEACTIVITY:0.47462070963953384
CE_KINGPAWNSHIELD:0.514508415611363
CE_PIECECOORDINATION:0.5195179964322889
CE_MATERIAL:0.48329271513214433
CE_KINGSAFETY:0.49853703737669897
C_PIECESQUARETABLES:0.49199177746606193
C_MOBILITY:0.5035316951127087
C_KINGSAFETY:0.48547529411505386
C_PAWNSTRUCTURE:0.5239828975703779
C_PIECECOORDINATION:0.49117064584151393
C_ROOK:0.4983789498676544
CE_ROOK:0.5225540516653876
C_CENTERCONTROL:0.5271123038602087
C_DEVELOPPIECES:0.5068402523916431
C_MATERIAL:0.49915355052721944
C_MOVECOUNT:0.5150969859750004
C_PAWNMOVEMENT:0.48018194758527893
