ELO:1000
CE_PASSEDPAWNS:0.5234691052763608
CE_PAWNWEAKNESSES:0.5019899576879496
CE_PIECEACTIVITY:0.47910432332348707
CE_KINGPAWNSHIELD:0.46567659959520885
CE_PIECECOORDINATION:0.5473495355298548
CE_MATERIAL:0.5084094472167932
CE_KINGSAFETY:0.4949806379904021
C_PIECESQUARETABLES:0.5026890696649475
C_MOBILITY:0.5676648909400813
C_KINGSAFETY:0.4958183826434526
C_PAWNSTRUCTURE:0.48554843516180773
C_PIECECOORDINATION:0.4406729410838261
C_ROOKANDPAWNMOVEMENT:0.4406729410838261
C_CENTERCONTROL:0.494522103449651
C_DEVELOPPIECES:0.5165154747282099
C_MATERIAL:0.5047948266549875
