ELO:1000
CE_PASSEDPAWNS:0.5234691052763608
CE_PAWNWEAKNESSES:0.49814282993430414
CE_PIECEACTIVITY:0.46287898958806867
CE_KINGPAWNSHIELD:0.47058005932785857
CE_PIECECOORDINATION:0.5371236567434968
CE_MATERIAL:0.5124664222932869
CE_KINGSAFETY:0.41326900472898775
C_PIECESQUARETABLES:0.5149563375396313
C_MOBILITY:0.5106772008806582
C_KINGSAFETY:0.4952987406199025
C_PAWNSTRUCTURE:0.4814880656429697
C_PIECECOORDINATION:0.4609011458611064
C_ROOKANDPAWNMOVEMENT:0.4609011458611064
C_CENTERCONTROL:0.482378655107326
C_DEVELOPPIECES:0.5284907538409953
C_MATERIAL:0.5090577374017248
