ELO:951
CE_PASSEDPAWNS:0.5050699568337472
CE_PAWNWEAKNESSES:0.4503679469895761
CE_PIECEACTIVITY:0.47278211334063325
CE_KINGPAWNSHIELD:0.5101868742994373
CE_PIECECOORDINATION:0.5129900651816361
CE_MATERIAL:0.4735858139962168
CE_KINGSAFETY:0.4886574059500952
C_PIECESQUARETABLES:0.5
C_MOBILITY:0.47739108631427557
C_KINGSAFETY:0.47933136050072384
C_PAWNSTRUCTURE:0.5263766161083524
C_PIECECOORDINATION:0.5002190570055993
C_ROOK:0.5170858237160756
CE_ROOK:0.5441510386870934
C_CENTERCONTROL:0.4931872571203957
C_DEVELOPPIECES:0.5098979571039945
C_MATERIAL:0.474907174892906
C_MOVECOUNT:0.5529260959691694
C_PAWNMOVEMENT:0.46576394091064494
