ELO:958
CE_PASSEDPAWNS:0.521037848873954
CE_PAWNWEAKNESSES:0.4475108844833455
CE_PIECEACTIVITY:0.4654567484061589
CE_KINGPAWNSHIELD:0.5384607033103415
CE_PIECECOORDINATION:0.41898709537114054
CE_MATERIAL:0.5085280548710113
CE_KINGSAFETY:0.4915259032286246
C_PIECESQUARETABLES:0.48943930738050045
C_MOBILITY:0.44490216753809514
C_KINGSAFETY:0.45315050633726356
C_PAWNSTRUCTURE:0.4930343732059975
C_PIECECOORDINATION:0.61052977690591
C_ROOKANDPAWNMOVEMENT:0.61052977690591
C_CENTERCONTROL:0.5326020521015041
C_DEVELOPPIECES:0.46719433226650986
C_MATERIAL:0.48145567947943435
