ELO:765
CE_PASSEDPAWNS:0.3772949950238693
CE_PAWNWEAKNESSES:0.5161468220227051
CE_PIECEACTIVITY:0.47504981240721483
CE_KINGPAWNSHIELD:0.45663787072159007
CE_PIECECOORDINATION:0.5320000341387541
CE_MATERIAL:0.5208550291343063
CE_KINGSAFETY:0.530160218685834
C_PIECESQUARETABLES:0.4780014937920953
C_MOBILITY:0.46113520200706887
C_KINGSAFETY:0.48211943099641125
C_PAWNSTRUCTURE:0.5149046770491091
C_PIECECOORDINATION:0.5024337569122558
C_ROOKANDPAWNMOVEMENT:0.5024337569122558
C_CENTERCONTROL:0.5245532438849065
C_DEVELOPPIECES:0.5248875917468947
C_MATERIAL:0.3628575185759222
C_MOVECOUNT:0.5
