ELO:1012
CE_PASSEDPAWNS:0.5211503159869919
CE_PAWNWEAKNESSES:0.4859951877004072
CE_PIECEACTIVITY:0.4928040503754208
CE_KINGPAWNSHIELD:0.49971881721655487
CE_PIECECOORDINATION:0.48221875907286704
CE_MATERIAL:0.5
CE_KINGSAFETY:0.5
C_PIECESQUARETABLES:0.5
C_MOBILITY:0.5057183330436802
C_KINGSAFETY:0.5043413541502637
C_PAWNSTRUCTURE:0.5079355960698139
C_PIECECOORDINATION:0.5097452558420773
C_ROOKANDPAWNMOVEMENT:0.5097452558420773
C_CENTERCONTROL:0.5
C_DEVELOPPIECES:0.5
C_MATERIAL:0.5030070819304009
C_MOVECOUNT:0.4842465588258102
