ELO:991
CE_PASSEDPAWNS:0.5041761850189078
CE_PAWNWEAKNESSES:0.4746590817395932
CE_PIECEACTIVITY:0.5281816178775043
CE_KINGPAWNSHIELD:0.49895008631484505
CE_PIECECOORDINATION:0.5114664345765811
CE_MATERIAL:0.5072641955266524
CE_KINGSAFETY:0.524913904701611
C_PIECESQUARETABLES:0.5
C_MOBILITY:0.5054585447749205
C_KINGSAFETY:0.5307199271362666
C_PAWNSTRUCTURE:0.5040615951793224
C_PIECECOORDINATION:0.49083829364150156
C_ROOKANDPAWNMOVEMENT:0.49083829364150156
C_CENTERCONTROL:0.5024996744427909
C_DEVELOPPIECES:0.5254327811347018
C_MATERIAL:0.5042103235809855
C_MOVECOUNT:0.4883152271086555
