ELO:1000
CE_PASSEDPAWNS:0.5207328528964219
CE_PAWNWEAKNESSES:0.4631808512994938
CE_PIECEACTIVITY:0.46017910089541797
CE_KINGPAWNSHIELD:0.5200699231417083
CE_PIECECOORDINATION:0.48055903801047123
CE_MATERIAL:0.5293321307092036
CE_KINGSAFETY:0.4798097739089376
C_PIECESQUARETABLES:0.4996276713405188
C_MOBILITY:0.4660938474003832
C_KINGSAFETY:0.48736831486288157
C_PAWNSTRUCTURE:0.5657490306424328
C_PIECECOORDINATION:0.535297784976821
C_ROOKANDPAWNMOVEMENT:0.535297784976821
C_CENTERCONTROL:0.5213968507850429
C_DEVELOPPIECES:0.4686814772854444
C_MATERIAL:0.5006683047938788
