ELO:1079
CE_PASSEDPAWNS:0.6195272642201289
CE_PAWNWEAKNESSES:0.5942385255537602
CE_PIECEACTIVITY:0.46466909626575026
CE_KINGPAWNSHIELD:0.48839840045626687
CE_PIECECOORDINATION:0.5400044314085105
CE_MATERIAL:0.43222048344819447
CE_KINGSAFETY:0.5083095217489141
C_PIECESQUARETABLES:0.4984585361498603
C_MOBILITY:0.44768856103321525
C_KINGSAFETY:0.600794469635734
C_PAWNSTRUCTURE:0.4123434428267987
C_PIECECOORDINATION:0.5082432411081755
C_ROOKANDPAWNMOVEMENT:0.5082432411081755
C_CENTERCONTROL:0.6064267534494089
C_DEVELOPPIECES:0.5572411507906491
C_MATERIAL:0.39001737872443265
