ELO:955
CE_PASSEDPAWNS:0.49801151470376265
CE_PAWNWEAKNESSES:0.5012555678164632
CE_PIECEACTIVITY:0.4664140969379499
CE_KINGPAWNSHIELD:0.5067413787053581
CE_PIECECOORDINATION:0.48396000328633215
CE_MATERIAL:0.48846854845890747
CE_KINGSAFETY:0.48531965027959045
C_PIECESQUARETABLES:0.49565079590793576
C_MOBILITY:0.501993966141918
C_KINGSAFETY:0.5209545772411708
C_PAWNSTRUCTURE:0.49783483994773703
C_PIECECOORDINATION:0.5086692414053652
C_ROOK:0.5
CE_ROOK:0.4768181398287081
C_CENTERCONTROL:0.48589441720885207
C_DEVELOPPIECES:0.4972876573147131
C_MATERIAL:0.49282907957899574
C_MOVECOUNT:0.5113283240073119
C_PAWNMOVEMENT:0.47951942195120095
