ELO:1071
CE_PASSEDPAWNS:0.4908930861495655
CE_PAWNWEAKNESSES:0.42192523370146445
CE_PIECEACTIVITY:0.47158836226410866
CE_KINGPAWNSHIELD:0.491490276632038
CE_PIECECOORDINATION:0.5596212806240942
CE_MATERIAL:0.5027906780355499
CE_KINGSAFETY:0.5
C_PIECESQUARETABLES:0.526210094650427
C_MOBILITY:0.4071152366177097
C_KINGSAFETY:0.4926674065750558
C_PAWNSTRUCTURE:0.528271485515296
C_PIECECOORDINATION:0.5
C_ROOKANDPAWNMOVEMENT:0.5
C_CENTERCONTROL:0.46563888912951384
C_DEVELOPPIECES:0.5244042797997907
C_MATERIAL:0.549860488537753
C_MOVECOUNT:0.5
