ELO:943
CE_PASSEDPAWNS:0.49916613291332984
CE_PAWNWEAKNESSES:0.48873720608150256
CE_PIECEACTIVITY:0.49450018095679316
CE_KINGPAWNSHIELD:0.4924894510806277
CE_PIECECOORDINATION:0.49905240962603786
CE_MATERIAL:0.4874165201202735
CE_KINGSAFETY:0.5
C_PIECESQUARETABLES:0.5
C_MOBILITY:0.5003966569553807
C_KINGSAFETY:0.49883024229458733
C_PAWNSTRUCTURE:0.4508912845592562
C_PIECECOORDINATION:0.5090106488948299
C_ROOK:0.48639577519714694
CE_ROOK:0.5149091386655594
C_CENTERCONTROL:0.5159406633275955
C_DEVELOPPIECES:0.5181749709315142
C_MATERIAL:0.5150481946242104
C_MOVECOUNT:0.5122433691777203
C_PAWNMOVEMENT:0.49167473426911185
