ELO:975
CE_PASSEDPAWNS:0.4918132940522675
CE_PAWNWEAKNESSES:0.5073014879360703
CE_PIECEACTIVITY:0.49433945322227507
CE_KINGPAWNSHIELD:0.49411588164918707
CE_PIECECOORDINATION:0.5016297939323073
CE_MATERIAL:0.49029266182848597
CE_KINGSAFETY:0.4889992165659584
C_PIECESQUARETABLES:0.5
C_MOBILITY:0.5111896266814792
C_KINGSAFETY:0.5226941963251314
C_PAWNSTRUCTURE:0.4672457495560364
C_PIECECOORDINATION:0.5160010922805778
C_ROOK:0.48639577519714694
CE_ROOK:0.5056192554423461
C_CENTERCONTROL:0.5202649038163388
C_DEVELOPPIECES:0.5066383236586807
C_MATERIAL:0.5088446255306995
C_MOVECOUNT:0.4995729310246139
C_PAWNMOVEMENT:0.49167473426911185
