ELO:929
CE_PASSEDPAWNS:0.44940290434569974
CE_PAWNWEAKNESSES:0.4564761219483864
CE_PIECEACTIVITY:0.5159912515774809
CE_KINGPAWNSHIELD:0.5109829357672337
CE_PIECECOORDINATION:0.5088113723663175
CE_MATERIAL:0.5120469145759801
CE_KINGSAFETY:0.5465111337947522
C_PIECESQUARETABLES:0.4842754152520287
C_MOBILITY:0.5279382231679384
C_KINGSAFETY:0.4577867870376683
C_PAWNSTRUCTURE:0.4263614264446474
C_PIECECOORDINATION:0.433879387942647
C_ROOKANDPAWNMOVEMENT:0.433879387942647
C_CENTERCONTROL:0.42746891079889215
C_DEVELOPPIECES:0.447778017022133
C_MATERIAL:0.5093523261183592
