ELO:998
CE_PASSEDPAWNS:0.5573993957043696
CE_PAWNWEAKNESSES:0.5306955050639333
CE_PIECEACTIVITY:0.3939528252519885
CE_KINGPAWNSHIELD:0.5589025453854456
CE_PIECECOORDINATION:0.467728678189728
CE_MATERIAL:0.46684424851968925
CE_KINGSAFETY:0.5
C_PIECESQUARETABLES:0.4953456079705659
C_MOBILITY:0.4169756094456609
C_KINGSAFETY:0.5422467642931388
C_PAWNSTRUCTURE:0.4712037423543475
C_PIECECOORDINATION:0.5441557369409262
C_ROOKANDPAWNMOVEMENT:0.5441557369409262
C_CENTERCONTROL:0.5087801328607441
C_DEVELOPPIECES:0.4900354627926201
C_MATERIAL:0.5823852520611214
