ELO:994
CE_PASSEDPAWNS:0.5501786748348347
CE_PAWNWEAKNESSES:0.5195432609687264
CE_PIECEACTIVITY:0.3954809478491842
CE_KINGPAWNSHIELD:0.558054394819776
CE_PIECECOORDINATION:0.4625364288554421
CE_MATERIAL:0.48731638167891667
CE_KINGSAFETY:0.5032246188899215
C_PIECESQUARETABLES:0.4847111211216634
C_MOBILITY:0.4169756094456609
C_KINGSAFETY:0.5422467642931388
C_PAWNSTRUCTURE:0.48234212140351856
C_PIECECOORDINATION:0.5375723967828228
C_ROOKANDPAWNMOVEMENT:0.5375723967828228
C_CENTERCONTROL:0.51547865876729
C_DEVELOPPIECES:0.49573829484463533
C_MATERIAL:0.6017412724694778
