ELO:986
CE_PASSEDPAWNS:0.44009375045497423
CE_PAWNWEAKNESSES:0.5147660740788558
CE_PIECEACTIVITY:0.4073795121183816
CE_KINGPAWNSHIELD:0.476528311662682
CE_PIECECOORDINATION:0.4720846826823173
CE_MATERIAL:0.5350783664373338
CE_KINGSAFETY:0.5114228363950283
C_PIECESQUARETABLES:0.48653327991877476
C_MOBILITY:0.4873715956953872
C_KINGSAFETY:0.5510966162297887
C_PAWNSTRUCTURE:0.542678633833862
C_PIECECOORDINATION:0.46991454659035514
C_ROOKANDPAWNMOVEMENT:0.46991454659035514
C_CENTERCONTROL:0.38778358739619934
C_DEVELOPPIECES:0.47479436083729387
C_MATERIAL:0.597662641662275
