ELO:933
CE_PASSEDPAWNS:0.40297187575190196
CE_PAWNWEAKNESSES:0.5228809729399823
CE_PIECEACTIVITY:0.3725402469345043
CE_KINGPAWNSHIELD:0.49111274255645293
CE_PIECECOORDINATION:0.4902380582241688
CE_MATERIAL:0.5372038941562713
CE_KINGSAFETY:0.5067843234153645
C_PIECESQUARETABLES:0.4487915180892745
C_MOBILITY:0.5098949684103684
C_KINGSAFETY:0.549930194158564
C_PAWNSTRUCTURE:0.5237708840649394
C_PIECECOORDINATION:0.44710211069739664
C_ROOKANDPAWNMOVEMENT:0.44710211069739664
C_CENTERCONTROL:0.41566288281421454
C_DEVELOPPIECES:0.45193517458851085
C_MATERIAL:0.5544184210387817
