ELO:990
CE_PASSEDPAWNS:0.5277288571395565
CE_PAWNWEAKNESSES:0.4747266971979074
CE_PIECEACTIVITY:0.5256534381721791
CE_KINGPAWNSHIELD:0.542603462243025
CE_PIECECOORDINATION:0.48006194414056524
CE_MATERIAL:0.4694181679613265
CE_KINGSAFETY:0.5205635683073153
C_PIECESQUARETABLES:0.48952726577860195
C_MOBILITY:0.5894975945278892
C_KINGSAFETY:0.5250912115677565
C_PAWNSTRUCTURE:0.46404807736973913
C_PIECECOORDINATION:0.487824137413133
C_ROOKANDPAWNMOVEMENT:0.487824137413133
C_CENTERCONTROL:0.4223588989462065
C_DEVELOPPIECES:0.4354212939766876
C_MATERIAL:0.6262309969883861
