ELO:913
CE_PASSEDPAWNS:0.4879039320274702
CE_PAWNWEAKNESSES:0.4847072796586837
CE_PIECEACTIVITY:0.5087754684750232
CE_KINGPAWNSHIELD:0.522332454441265
CE_PIECECOORDINATION:0.49851904278041076
CE_MATERIAL:0.4691924340344861
CE_KINGSAFETY:0.5091003288096609
C_PIECESQUARETABLES:0.509170819207224
C_MOBILITY:0.4755230077967613
C_KINGSAFETY:0.48865144597001386
C_PAWNSTRUCTURE:0.4706264788688682
C_PIECECOORDINATION:0.5829021329711951
C_ROOKANDPAWNMOVEMENT:0.5829021329711951
C_CENTERCONTROL:0.5298369538369283
C_DEVELOPPIECES:0.371175572852974
C_MATERIAL:0.5267667418294038
C_MOVECOUNT:0.48971538654689206
