ELO:1039
CE_PASSEDPAWNS:0.49354816430329385
CE_PAWNWEAKNESSES:0.48534665037628444
CE_PIECEACTIVITY:0.5268429594071298
CE_KINGPAWNSHIELD:0.5
CE_PIECECOORDINATION:0.5045457043630838
CE_MATERIAL:0.5036292411554422
CE_KINGSAFETY:0.5
C_PIECESQUARETABLES:0.5
C_MOBILITY:0.5032531709036056
C_KINGSAFETY:0.5678743419962452
C_PAWNSTRUCTURE:0.5
C_PIECECOORDINATION:0.4383496978922531
C_ROOKANDPAWNMOVEMENT:0.4383496978922531
C_CENTERCONTROL:0.42273101846889327
C_DEVELOPPIECES:0.5
C_MATERIAL:0.4784760195289673
C_MOVECOUNT:0.5
