ELO:909
CE_PASSEDPAWNS:0.3814098001914287
CE_PAWNWEAKNESSES:0.519518272826299
CE_PIECEACTIVITY:0.4079378621472821
CE_KINGPAWNSHIELD:0.5106723297192969
CE_PIECECOORDINATION:0.5235921552357261
CE_MATERIAL:0.5075833636370964
CE_KINGSAFETY:0.5074944921269168
C_PIECESQUARETABLES:0.4358074461295827
C_MOBILITY:0.5156181668522329
C_KINGSAFETY:0.5147439001246512
C_PAWNSTRUCTURE:0.514114362543531
C_PIECECOORDINATION:0.4602816332252567
C_ROOKANDPAWNMOVEMENT:0.4602816332252567
C_CENTERCONTROL:0.38292989845270337
C_DEVELOPPIECES:0.4795395870278181
C_MATERIAL:0.5620639342510759
