ELO:915
CE_PASSEDPAWNS:0.37321276083579724
CE_PAWNWEAKNESSES:0.609479638394591
CE_PIECEACTIVITY:0.5091144986165193
CE_KINGPAWNSHIELD:0.5011981444189209
CE_PIECECOORDINATION:0.5229656855996634
CE_MATERIAL:0.5073271390126296
CE_KINGSAFETY:0.5
C_PIECESQUARETABLES:0.5
C_MOBILITY:0.4287686441599347
C_KINGSAFETY:0.37341184887688533
C_PAWNSTRUCTURE:0.5990456848842554
C_PIECECOORDINATION:0.2627013720692688
C_ROOKANDPAWNMOVEMENT:0.2627013720692688
C_CENTERCONTROL:0.5001175415094765
C_DEVELOPPIECES:0.4462340604418756
C_MATERIAL:0.5624736283104875
