ELO:1000
CE_PASSEDPAWNS:0.5190456246700103
CE_PAWNWEAKNESSES:0.5236836400063963
CE_PIECEACTIVITY:0.4991915671645944
CE_KINGPAWNSHIELD:0.5348578505351638
CE_PIECECOORDINATION:0.495010117079004
CE_MATERIAL:0.5246830652473599
CE_KINGSAFETY:0.46309785410772764
C_PIECESQUARETABLES:0.5609461516433122
C_MOBILITY:0.5265868470007803
C_KINGSAFETY:0.5157019820741168
C_PAWNSTRUCTURE:0.5237730006004665
C_PIECECOORDINATION:0.5267665040098187
C_ROOKANDPAWNMOVEMENT:0.5267665040098187
C_CENTERCONTROL:0.4939922462651513
C_DEVELOPPIECES:0.492149783824639
C_MATERIAL:0.4604097211846504
