ELO:1089
CE_PASSEDPAWNS:0.4479118898388148
CE_PAWNWEAKNESSES:0.5068819506027539
CE_PIECEACTIVITY:0.4715471902458248
CE_KINGPAWNSHIELD:0.41972620925425397
CE_PIECECOORDINATION:0.5896365057326348
CE_MATERIAL:0.405344375571563
CE_KINGSAFETY:0.5
C_PIECESQUARETABLES:0.5
C_MOBILITY:0.38351686851601097
C_KINGSAFETY:0.5895010478718661
C_PAWNSTRUCTURE:0.42207094423013497
C_PIECECOORDINATION:0.48430233874975176
C_ROOKANDPAWNMOVEMENT:0.48430233874975176
C_CENTERCONTROL:0.5700820580862103
C_DEVELOPPIECES:0.5114087356142714
C_MATERIAL:0.4251971801660099
