ELO:1000
CE_PASSEDPAWNS:0.49632109808957703
CE_PAWNWEAKNESSES:0.49545412914527226
CE_PIECEACTIVITY:0.5005090282308354
CE_KINGPAWNSHIELD:0.512917156993611
CE_PIECECOORDINATION:0.47177156225508377
CE_MATERIAL:0.5088054352007851
CE_KINGSAFETY:0.4998279173172453
C_PIECESQUARETABLES:0.5206563934999717
C_MOBILITY:0.5020417612492358
C_KINGSAFETY:0.4956053775133488
C_PAWNSTRUCTURE:0.5159445045439501
C_PIECECOORDINATION:0.49620100237958614
C_ROOKANDPAWNMOVEMENT:0.49620100237958614
C_CENTERCONTROL:0.5116715265164595
C_DEVELOPPIECES:0.4993321248323349
C_MATERIAL:0.4886656579911981
