ELO:987
CE_PASSEDPAWNS:0.49561867380118474
CE_PAWNWEAKNESSES:0.48670941044842464
CE_PIECEACTIVITY:0.528350272934443
CE_KINGPAWNSHIELD:0.4896856458288903
CE_PIECECOORDINATION:0.544843345677933
CE_MATERIAL:0.5234843884097562
CE_KINGSAFETY:0.5
C_PIECESQUARETABLES:0.5024414563048294
C_MOBILITY:0.4700984686095595
C_KINGSAFETY:0.5194032047383864
C_PAWNSTRUCTURE:0.5131685097921278
C_PIECECOORDINATION:0.5226155178413658
C_ROOK:0.5078995000913102
CE_ROOK:0.5299403047761517
C_CENTERCONTROL:0.4806457853106606
C_DEVELOPPIECES:0.4811649262622389
C_MATERIAL:0.5103871553166062
C_MOVECOUNT:0.5034724299144714
C_PAWNMOVEMENT:0.48230781089295316
