ELO:971
CE_PASSEDPAWNS:0.5208983828987226
CE_PAWNWEAKNESSES:0.4387340377023551
CE_PIECEACTIVITY:0.4698604696844972
CE_KINGPAWNSHIELD:0.5390492121469473
CE_PIECECOORDINATION:0.4292621960612752
CE_MATERIAL:0.5150536735434074
CE_KINGSAFETY:0.5040744641121111
C_PIECESQUARETABLES:0.5123027312061468
C_MOBILITY:0.4545447724083355
C_KINGSAFETY:0.4586379417689549
C_PAWNSTRUCTURE:0.5103499243645901
C_PIECECOORDINATION:0.6138311168008723
C_ROOKANDPAWNMOVEMENT:0.6138311168008723
C_CENTERCONTROL:0.5184909329910666
C_DEVELOPPIECES:0.4576722354450019
C_MATERIAL:0.4843266475179517
