ELO:960
CE_PASSEDPAWNS:0.5167784248247823
CE_PAWNWEAKNESSES:0.5217797710586144
CE_PIECEACTIVITY:0.5451250645379543
CE_KINGPAWNSHIELD:0.4665444241718406
CE_PIECECOORDINATION:0.5066232075357641
CE_MATERIAL:0.5256690483606171
CE_KINGSAFETY:0.5
C_PIECESQUARETABLES:0.5058195261261167
C_MOBILITY:0.5056394905803248
C_KINGSAFETY:0.5018360826401095
C_PAWNSTRUCTURE:0.5050119559736997
C_PIECECOORDINATION:0.5185126645912487
C_ROOK:0.5114631119881095
CE_ROOK:0.5070534004196269
C_CENTERCONTROL:0.46549514397354136
C_DEVELOPPIECES:0.5369346940779678
C_MATERIAL:0.48436583696894464
C_MOVECOUNT:0.48434888115352515
C_PAWNMOVEMENT:0.5149167161705553
