ELO:999
CE_PASSEDPAWNS:0.5
CE_PAWNWEAKNESSES:0.5
CE_PIECEACTIVITY:0.5
CE_KINGPAWNSHIELD:0.5
CE_PIECECOORDINATION:0.4988506586711329
CE_MATERIAL:0.5022542765285066
CE_KINGSAFETY:0.5
C_PIECESQUARETABLES:0.5
C_MOBILITY:0.5106137487371024
C_KINGSAFETY:0.5
C_PAWNSTRUCTURE:0.5
C_PIECECOORDINATION:0.4982307138206927
C_ROOKANDPAWNMOVEMENT:0.4982307138206927
C_CENTERCONTROL:0.5
C_DEVELOPPIECES:0.48840772772011715
C_MATERIAL:0.5056610791247438
