ELO:990
CE_PASSEDPAWNS:0.5277288571395565
CE_PAWNWEAKNESSES:0.4927595886048233
CE_PIECEACTIVITY:0.5343529427064104
CE_KINGPAWNSHIELD:0.542603462243025
CE_PIECECOORDINATION:0.4846973356516632
CE_MATERIAL:0.4672615846789846
CE_KINGSAFETY:0.5128888283422784
C_PIECESQUARETABLES:0.4950376849776454
C_MOBILITY:0.5836313903895851
C_KINGSAFETY:0.5341561771027596
C_PAWNSTRUCTURE:0.33432163645053287
C_PIECECOORDINATION:0.5034949501714628
C_ROOKANDPAWNMOVEMENT:0.5034949501714628
C_CENTERCONTROL:0.42894235410171383
C_DEVELOPPIECES:0.4354212939766876
C_MATERIAL:0.6234991122067586
