ELO:1059
CE_PASSEDPAWNS:0.5
CE_PAWNWEAKNESSES:0.5
CE_PIECEACTIVITY:0.5063456654993154
CE_KINGPAWNSHIELD:0.501206109410603
CE_PIECECOORDINATION:0.5065321676466905
CE_MATERIAL:0.48467621321530047
CE_KINGSAFETY:0.5
C_PIECESQUARETABLES:0.5
C_MOBILITY:0.5000841407832756
C_KINGSAFETY:0.4956446088611064
C_PAWNSTRUCTURE:0.5102014651160843
C_PIECECOORDINATION:0.5
C_ROOKANDPAWNMOVEMENT:0.5
C_CENTERCONTROL:0.5
C_DEVELOPPIECES:0.5109832976940124
C_MATERIAL:0.4815245080156408
C_MOVECOUNT:0.5
