ELO:956
CE_PASSEDPAWNS:0.4426980236270098
CE_PAWNWEAKNESSES:0.5211519551126813
CE_PIECEACTIVITY:0.37454298305823763
CE_KINGPAWNSHIELD:0.4962618271068192
CE_PIECECOORDINATION:0.499222159611309
CE_MATERIAL:0.5207577473367918
CE_KINGSAFETY:0.5072766426471067
C_PIECESQUARETABLES:0.46963893135965895
C_MOBILITY:0.48430525113717104
C_KINGSAFETY:0.5599868098103056
C_PAWNSTRUCTURE:0.5428706971574633
C_PIECECOORDINATION:0.44279045097535785
C_ROOKANDPAWNMOVEMENT:0.44279045097535785
C_CENTERCONTROL:0.4182869730982328
C_DEVELOPPIECES:0.43605222211723904
C_MATERIAL:0.5753726895930122
