ELO:949
CE_PASSEDPAWNS:0.4869314124465876
CE_PAWNWEAKNESSES:0.5028684476470405
CE_PIECEACTIVITY:0.5036150845483657
CE_KINGPAWNSHIELD:0.5080784957934825
CE_PIECECOORDINATION:0.49193214016215614
CE_MATERIAL:0.49250152502012007
CE_KINGSAFETY:0.523713409218219
C_PIECESQUARETABLES:0.5140278140857444
C_MOBILITY:0.4844582788592984
C_KINGSAFETY:0.48878348350026796
C_PAWNSTRUCTURE:0.4706264788688682
C_PIECECOORDINATION:0.5594882959392847
C_ROOKANDPAWNMOVEMENT:0.5594882959392847
C_CENTERCONTROL:0.5182977493427051
C_DEVELOPPIECES:0.38675259483162244
C_MATERIAL:0.5246875125885849
C_MOVECOUNT:0.49260353899333137
