ELO:1030
CE_PASSEDPAWNS:0.5131572615411851
CE_PAWNWEAKNESSES:0.49012937825039965
CE_PIECEACTIVITY:0.5140013796464538
CE_KINGPAWNSHIELD:0.5
CE_PIECECOORDINATION:0.5078812182030955
CE_MATERIAL:0.5
CE_KINGSAFETY:0.5
C_PIECESQUARETABLES:0.5
C_MOBILITY:0.5
C_KINGSAFETY:0.5
C_PAWNSTRUCTURE:0.5028196516276866
C_PIECECOORDINATION:0.5089953060096392
C_ROOKANDPAWNMOVEMENT:0.5089953060096392
C_CENTERCONTROL:0.4892443194795003
C_DEVELOPPIECES:0.5087359041418192
C_MATERIAL:0.5
C_MOVECOUNT:0.5
