ELO:942
CE_PASSEDPAWNS:0.5052567968914892
CE_PAWNWEAKNESSES:0.5156320146758812
CE_PIECEACTIVITY:0.478510095324104
CE_KINGPAWNSHIELD:0.49580549498951365
CE_PIECECOORDINATION:0.49881521230215103
CE_MATERIAL:0.49779425785846365
CE_KINGSAFETY:0.5
C_PIECESQUARETABLES:0.5
C_MOBILITY:0.5098445203802786
C_KINGSAFETY:0.5121130031184019
C_PAWNSTRUCTURE:0.46163869761537846
C_PIECECOORDINATION:0.49483486102010815
C_ROOK:0.48570714622363687
CE_ROOK:0.5169089452697067
C_CENTERCONTROL:0.4824561001805422
C_DEVELOPPIECES:0.5125787721784385
C_MATERIAL:0.5222192982620816
C_MOVECOUNT:0.506607323406029
C_PAWNMOVEMENT:0.48703625073786844
