ELO:1089
CE_PASSEDPAWNS:0.4687804866913704
CE_PAWNWEAKNESSES:0.39252326647094454
CE_PIECEACTIVITY:0.4896930497988849
CE_KINGPAWNSHIELD:0.491490276632038
CE_PIECECOORDINATION:0.4696724593437243
CE_MATERIAL:0.4708817634487504
CE_KINGSAFETY:0.508600883991528
C_PIECESQUARETABLES:0.5
C_MOBILITY:0.5101968912770709
C_KINGSAFETY:0.5
C_PAWNSTRUCTURE:0.5
C_PIECECOORDINATION:0.4902060327981139
C_ROOKANDPAWNMOVEMENT:0.4902060327981139
C_CENTERCONTROL:0.5011764541295259
C_DEVELOPPIECES:0.5273153480590492
C_MATERIAL:0.549860488537753
C_MOVECOUNT:0.5
