ELO:1002
CE_PASSEDPAWNS:0.5010005396274663
CE_PAWNWEAKNESSES:0.5017301075941661
CE_PIECEACTIVITY:0.5
CE_KINGPAWNSHIELD:0.5005916617865205
CE_PIECECOORDINATION:0.5
CE_MATERIAL:0.5090906323459515
CE_KINGSAFETY:0.5
C_PIECESQUARETABLES:0.4926358139256382
C_MOBILITY:0.4936785808452463
C_KINGSAFETY:0.5074034999470726
C_PAWNSTRUCTURE:0.5143755341682541
C_PIECECOORDINATION:0.4987486293173346
C_ROOKANDPAWNMOVEMENT:0.4987486293173346
C_CENTERCONTROL:0.464894556107714
C_DEVELOPPIECES:0.509088514134899
C_MATERIAL:0.48845372866770553
C_MOVECOUNT:0.5090216821126825
