ELO:976
CE_PASSEDPAWNS:0.48893276242396067
CE_PAWNWEAKNESSES:0.5017301075941661
CE_PIECEACTIVITY:0.4950092922197359
CE_KINGPAWNSHIELD:0.49072745994004247
CE_PIECECOORDINATION:0.5273976073517895
CE_MATERIAL:0.5256404150885073
CE_KINGSAFETY:0.5
C_PIECESQUARETABLES:0.508558699596223
C_MOBILITY:0.4936785808452463
C_KINGSAFETY:0.5030239905854651
C_PAWNSTRUCTURE:0.47723796643497574
C_PIECECOORDINATION:0.509314935184933
C_ROOKANDPAWNMOVEMENT:0.509314935184933
C_CENTERCONTROL:0.5078246328247658
C_DEVELOPPIECES:0.5168807287816504
C_MATERIAL:0.48845372866770553
C_MOVECOUNT:0.5098690983122173
