ELO:550
CE_PASSEDPAWNS:0.3325391192527282
CE_PAWNWEAKNESSES:0.48966928879963656
CE_PIECEACTIVITY:0.42634788095532183
CE_KINGPAWNSHIELD:0.4071360823246622
CE_PIECECOORDINATION:0.566151502230719
CE_MATERIAL:0.5593369033959834
CE_KINGSAFETY:0.544398955894415
C_PIECESQUARETABLES:0.49807419097670597
C_MOBILITY:0.4229116617177409
C_KINGSAFETY:0.4795072062202407
C_PAWNSTRUCTURE:0.5508506681378611
C_PIECECOORDINATION:0.5216848388729328
C_ROOKANDPAWNMOVEMENT:0.5216848388729328
C_CENTERCONTROL:0.5595563762554426
C_DEVELOPPIECES:0.5024659835199264
C_MATERIAL:0.4414926222785134
C_MOVECOUNT:0.4496154459140786
