ELO:1041
CE_PASSEDPAWNS:0.4843381753860903
CE_PAWNWEAKNESSES:0.48978305043708176
CE_PIECEACTIVITY:0.5002237842841685
CE_KINGPAWNSHIELD:0.5028713141570286
CE_PIECECOORDINATION:0.5
CE_MATERIAL:0.49760586661600825
CE_KINGSAFETY:0.4684722822210651
C_PIECESQUARETABLES:0.4979320263488103
C_MOBILITY:0.504133277417917
C_KINGSAFETY:0.4998548630673308
C_PAWNSTRUCTURE:0.5
C_PIECECOORDINATION:0.5021493180049906
C_ROOKANDPAWNMOVEMENT:0.5021493180049906
C_CENTERCONTROL:0.4893387143984824
C_DEVELOPPIECES:0.5073119659243794
C_MATERIAL:0.48805060696079455
C_MOVECOUNT:0.5
