ELO:1006
CE_PASSEDPAWNS:0.5279435937549486
CE_PAWNWEAKNESSES:0.5417026890194996
CE_PIECEACTIVITY:0.4230494833501922
CE_KINGPAWNSHIELD:0.5486822815785012
CE_PIECECOORDINATION:0.4593592240268963
CE_MATERIAL:0.4868123085316544
CE_KINGSAFETY:0.47653926581631595
C_PIECESQUARETABLES:0.4724398028637987
C_MOBILITY:0.5181631308070006
C_KINGSAFETY:0.5492494849024621
C_PAWNSTRUCTURE:0.4556348031468931
C_PIECECOORDINATION:0.5530617567045193
C_ROOKANDPAWNMOVEMENT:0.5530617567045193
C_CENTERCONTROL:0.4763380100838821
C_DEVELOPPIECES:0.5075685434779037
C_MATERIAL:0.6058302351902549
