ELO:1008
CE_PASSEDPAWNS:0.491871514834429
CE_PAWNWEAKNESSES:0.5
CE_PIECEACTIVITY:0.494533736603784
CE_KINGPAWNSHIELD:0.508615086729788
CE_PIECECOORDINATION:0.49484177101976035
CE_MATERIAL:0.5092882956024711
CE_KINGSAFETY:0.5
C_PIECESQUARETABLES:0.5021478746690393
C_MOBILITY:0.5046013529478788
C_KINGSAFETY:0.457997346091711
C_PAWNSTRUCTURE:0.486892320035123
C_PIECECOORDINATION:0.5002803612543767
C_ROOKANDPAWNMOVEMENT:0.5002803612543767
C_CENTERCONTROL:0.5238970674076261
C_DEVELOPPIECES:0.5042456559205235
C_MATERIAL:0.5
