ELO:907
CE_PASSEDPAWNS:0.4864849051554544
CE_PAWNWEAKNESSES:0.5055048777887017
CE_PIECEACTIVITY:0.5031326280812272
CE_KINGPAWNSHIELD:0.4670971086313487
CE_PIECECOORDINATION:0.4275255345062821
CE_MATERIAL:0.5319650160206723
CE_KINGSAFETY:0.5062808638310422
C_PIECESQUARETABLES:0.5
C_MOBILITY:0.4499200141873048
C_KINGSAFETY:0.473472170784497
C_PAWNSTRUCTURE:0.5202114308396575
C_PIECECOORDINATION:0.5047751328764609
C_ROOKANDPAWNMOVEMENT:0.5047751328764609
C_CENTERCONTROL:0.4498623388159271
C_DEVELOPPIECES:0.5313659466144482
C_MATERIAL:0.5118480245388339
C_MOVECOUNT:0.5
