ELO:999
CE_PASSEDPAWNS:0.5602664762769856
CE_PAWNWEAKNESSES:0.540848103684562
CE_PIECEACTIVITY:0.3940906061437804
CE_KINGPAWNSHIELD:0.5603523804442884
CE_PIECECOORDINATION:0.4731298792412742
CE_MATERIAL:0.47725368199410934
CE_KINGSAFETY:0.49065828535390466
C_PIECESQUARETABLES:0.49725896072518816
C_MOBILITY:0.41000033048504997
C_KINGSAFETY:0.5402510941005835
C_PAWNSTRUCTURE:0.4621455687607647
C_PIECECOORDINATION:0.5550991392627698
C_ROOKANDPAWNMOVEMENT:0.5550991392627698
C_CENTERCONTROL:0.5042618250374168
C_DEVELOPPIECES:0.4900354627926201
C_MATERIAL:0.5851817734604869
