ELO:960
CE_PASSEDPAWNS:0.4426980236270098
CE_PAWNWEAKNESSES:0.5364089420689585
CE_PIECEACTIVITY:0.38756082524860447
CE_KINGPAWNSHIELD:0.4849413901824304
CE_PIECECOORDINATION:0.5100147587264926
CE_MATERIAL:0.5168353125678344
CE_KINGSAFETY:0.5100890296070278
C_PIECESQUARETABLES:0.5162852506025419
C_MOBILITY:0.4852157874625956
C_KINGSAFETY:0.5539093961018302
C_PAWNSTRUCTURE:0.5335622544452822
C_PIECECOORDINATION:0.4260423325465519
C_ROOKANDPAWNMOVEMENT:0.4260423325465519
C_CENTERCONTROL:0.3987713122712748
C_DEVELOPPIECES:0.44591315847618584
C_MATERIAL:0.5753726895930122
