ELO:1012
CE_PASSEDPAWNS:0.4868133377374834
CE_PAWNWEAKNESSES:0.5150469489840799
CE_PIECEACTIVITY:0.5668147847980765
CE_KINGPAWNSHIELD:0.48663327338075896
CE_PIECECOORDINATION:0.5094721242810414
CE_MATERIAL:0.5382563943200762
CE_KINGSAFETY:0.43900015120022584
C_PIECESQUARETABLES:0.5271979265303707
C_MOBILITY:0.5307651702037282
C_KINGSAFETY:0.4760320127262657
C_PAWNSTRUCTURE:0.517914727952449
C_PIECECOORDINATION:0.5433982408859496
C_ROOKANDPAWNMOVEMENT:0.5433982408859496
C_CENTERCONTROL:0.4374838984763772
C_DEVELOPPIECES:0.5416841356191086
C_MATERIAL:0.4982978531496857
