ELO:1000
CE_PASSEDPAWNS:0.5154210364518225
CE_PAWNWEAKNESSES:0.4657131818740071
CE_PIECEACTIVITY:0.46017910089541797
CE_KINGPAWNSHIELD:0.5200699231417083
CE_PIECECOORDINATION:0.4697110150603838
CE_MATERIAL:0.5293321307092036
CE_KINGSAFETY:0.49214988830862133
C_PIECESQUARETABLES:0.4996276713405188
C_MOBILITY:0.4660938474003832
C_KINGSAFETY:0.4780208394788348
C_PAWNSTRUCTURE:0.5657490306424328
C_PIECECOORDINATION:0.535297784976821
C_ROOKANDPAWNMOVEMENT:0.535297784976821
C_CENTERCONTROL:0.5338450871345143
C_DEVELOPPIECES:0.4686814772854444
C_MATERIAL:0.5006683047938788
