ELO:981
CE_PASSEDPAWNS:0.4921075749491513
CE_PAWNWEAKNESSES:0.4973267837640929
CE_PIECEACTIVITY:0.5214975956571369
CE_KINGPAWNSHIELD:0.46845131362268183
CE_PIECECOORDINATION:0.5154884511424875
CE_MATERIAL:0.5112520951306656
CE_KINGSAFETY:0.4986873876578311
C_PIECESQUARETABLES:0.5067696356418175
C_MOBILITY:0.5061253283438792
C_KINGSAFETY:0.47906331375668815
C_PAWNSTRUCTURE:0.5227467605135212
C_PIECECOORDINATION:0.5172221776347751
C_ROOKANDPAWNMOVEMENT:0.5172221776347751
C_CENTERCONTROL:0.5072070209533227
C_DEVELOPPIECES:0.5124391785179667
C_MATERIAL:0.5153256865735674
C_MOVECOUNT:0.4598138237854376
