ELO:952
CE_PASSEDPAWNS:0.5304573286038609
CE_PAWNWEAKNESSES:0.4874858743257922
CE_PIECEACTIVITY:0.5016058308325902
CE_KINGPAWNSHIELD:0.48052822504644227
CE_PIECECOORDINATION:0.5335156557106475
CE_MATERIAL:0.5058948520427341
CE_KINGSAFETY:0.5
C_PIECESQUARETABLES:0.5088828035341211
C_MOBILITY:0.47820614543033435
C_KINGSAFETY:0.4916952326246727
C_PAWNSTRUCTURE:0.500530205481091
C_PIECECOORDINATION:0.47547900449259434
C_ROOK:0.49324681562603306
CE_ROOK:0.5076526709318795
C_CENTERCONTROL:0.47208438377084494
C_DEVELOPPIECES:0.4501561283709531
C_MATERIAL:0.48613366343412984
C_MOVECOUNT:0.49982942822995796
C_PAWNMOVEMENT:0.5115966481833726
