ELO:999
CE_PASSEDPAWNS:0.5038560775253509
CE_PAWNWEAKNESSES:0.5155003395588348
CE_PIECEACTIVITY:0.5107725537937795
CE_KINGPAWNSHIELD:0.4855716789677413
CE_PIECECOORDINATION:0.5106873255602098
CE_MATERIAL:0.48402722721265307
CE_KINGSAFETY:0.49006785435159744
C_PIECESQUARETABLES:0.49796228492542544
C_MOBILITY:0.499435934805995
C_KINGSAFETY:0.49069983321808963
C_PAWNSTRUCTURE:0.4764157402556156
C_PIECECOORDINATION:0.48428875561307244
C_ROOK:0.4917576467695698
CE_ROOK:0.5043618015180006
C_CENTERCONTROL:0.5044019846180183
C_DEVELOPPIECES:0.49573712744366927
C_MATERIAL:0.48910933915105853
C_MOVECOUNT:0.5089799438479449
C_PAWNMOVEMENT:0.49137805193772666
