ELO:569
CE_PASSEDPAWNS:0.5904607178103215
CE_PAWNWEAKNESSES:0.4475094728783408
CE_PIECEACTIVITY:0.4205632383756566
CE_KINGPAWNSHIELD:0.4432064844180655
CE_PIECECOORDINATION:0.517110996059398
CE_MATERIAL:0.41392255781751397
CE_KINGSAFETY:0.4795127842639907
C_PIECESQUARETABLES:0.4729944166406515
C_MOBILITY:0.5204249761704911
C_KINGSAFETY:0.41020457775154706
C_PAWNSTRUCTURE:0.43258983075219837
C_PIECECOORDINATION:0.4506404508887186
C_ROOKANDPAWNMOVEMENT:0.4506404508887186
C_CENTERCONTROL:0.5273342181143172
C_DEVELOPPIECES:0.6025720209816547
C_MATERIAL:0.5562781707930595
C_MOVECOUNT:0.4672885569814832
