ELO:1016
CE_PASSEDPAWNS:0.5040063033210993
CE_PAWNWEAKNESSES:0.4992698066081498
CE_PIECEACTIVITY:0.5017046582793059
CE_KINGPAWNSHIELD:0.501541880791279
CE_PIECECOORDINATION:0.5
CE_MATERIAL:0.5
CE_KINGSAFETY:0.48838116398836157
C_PIECESQUARETABLES:0.5001028597888981
C_MOBILITY:0.5096523529635382
C_KINGSAFETY:0.49730735858806346
C_PAWNSTRUCTURE:0.49479021843701837
C_PIECECOORDINATION:0.5039594863264492
C_ROOKANDPAWNMOVEMENT:0.5039594863264492
C_CENTERCONTROL:0.4884686700298677
C_DEVELOPPIECES:0.5294277825403253
C_MATERIAL:0.4928767956383494
C_MOVECOUNT:0.5
