ELO:1007
CE_PASSEDPAWNS:0.494486903214714
CE_PAWNWEAKNESSES:0.5049397428049875
CE_PIECEACTIVITY:0.5
CE_KINGPAWNSHIELD:0.5236576530138782
CE_PIECECOORDINATION:0.5
CE_MATERIAL:0.5
CE_KINGSAFETY:0.49733527734660793
C_PIECESQUARETABLES:0.5097700213381035
C_MOBILITY:0.5123190959584488
C_KINGSAFETY:0.5
C_PAWNSTRUCTURE:0.5
C_PIECECOORDINATION:0.4910887673142234
C_ROOKANDPAWNMOVEMENT:0.4910887673142234
C_CENTERCONTROL:0.495104081148326
C_DEVELOPPIECES:0.519912702678704
C_MATERIAL:0.5
C_MOVECOUNT:0.5
