ELO:1000
CE_PASSEDPAWNS:0.52321988256418
CE_PAWNWEAKNESSES:0.48662844062531607
CE_PIECEACTIVITY:0.5105676236130781
CE_KINGPAWNSHIELD:0.4797510999274227
CE_PIECECOORDINATION:0.5336857296249334
CE_MATERIAL:0.5151877797361535
CE_KINGSAFETY:0.4839003417399186
C_PIECESQUARETABLES:0.5130725363558705
C_MOBILITY:0.47645043403582815
C_KINGSAFETY:0.5098080665333538
C_PAWNSTRUCTURE:0.4953145790065633
C_PIECECOORDINATION:0.49129911828098
C_ROOKANDPAWNMOVEMENT:0.49129911828098
C_CENTERCONTROL:0.47504751481625257
C_DEVELOPPIECES:0.5242567487559503
C_MATERIAL:0.5148379859212938
