ELO:1000
CE_PASSEDPAWNS:0.5072062015743746
CE_PAWNWEAKNESSES:0.5038764462395515
CE_PIECEACTIVITY:0.5107121567642555
CE_KINGPAWNSHIELD:0.49333802188769466
CE_PIECECOORDINATION:0.49255037082675673
CE_MATERIAL:0.49476972299763944
CE_KINGSAFETY:0.5
C_PIECESQUARETABLES:0.4954949368280935
C_MOBILITY:0.4991809512632606
C_KINGSAFETY:0.4965375062960096
C_PAWNSTRUCTURE:0.4889525352547174
C_PIECECOORDINATION:0.49674162290447044
C_ROOKANDPAWNMOVEMENT:0.49674162290447044
C_CENTERCONTROL:0.4801469595731724
C_DEVELOPPIECES:0.5081479422115023
C_MATERIAL:0.49345853898011566
