ELO:988
CE_PASSEDPAWNS:0.49175375039936825
CE_PAWNWEAKNESSES:0.4886547461374075
CE_PIECEACTIVITY:0.5042311385962628
CE_KINGPAWNSHIELD:0.4916820697650932
CE_PIECECOORDINATION:0.5244619258590283
CE_MATERIAL:0.48564872966116657
CE_KINGSAFETY:0.5
C_PIECESQUARETABLES:0.5
C_MOBILITY:0.5098813459429123
C_KINGSAFETY:0.4730541082214185
C_PAWNSTRUCTURE:0.5147963454189276
C_PIECECOORDINATION:0.5133172744940351
C_ROOK:0.47230525478027563
CE_ROOK:0.5133696208021866
C_CENTERCONTROL:0.48026751089024694
C_DEVELOPPIECES:0.539108871080059
C_MATERIAL:0.48734904163133397
C_MOVECOUNT:0.45240802467202296
C_PAWNMOVEMENT:0.5419227151550994
