ELO:1000
CE_PASSEDPAWNS:0.5227176396793405
CE_PAWNWEAKNESSES:0.5117936386427145
CE_PIECEACTIVITY:0.5074860132971095
CE_KINGPAWNSHIELD:0.5077186736866776
CE_PIECECOORDINATION:0.502146381047097
CE_MATERIAL:0.49378883778552357
CE_KINGSAFETY:0.5221097007337293
C_PIECESQUARETABLES:0.4939919962622702
C_MOBILITY:0.4749933125326667
C_KINGSAFETY:0.49666436639543354
C_PAWNSTRUCTURE:0.46398316672948126
C_PIECECOORDINATION:0.4745327716614584
C_ROOKANDPAWNMOVEMENT:0.4745327716614584
C_CENTERCONTROL:0.47088418337445875
C_DEVELOPPIECES:0.5019717444615414
C_MATERIAL:0.5069139383314576
