ELO:957
CE_PASSEDPAWNS:0.535861743976593
CE_PAWNWEAKNESSES:0.49698423312229456
CE_PIECEACTIVITY:0.5025032515362439
CE_KINGPAWNSHIELD:0.4662530060069815
CE_PIECECOORDINATION:0.518015784338934
CE_MATERIAL:0.49548846725697215
CE_KINGSAFETY:0.5086112707253512
C_PIECESQUARETABLES:0.5014511817143865
C_MOBILITY:0.49843165419206387
C_KINGSAFETY:0.48606587429745013
C_PAWNSTRUCTURE:0.4965655429738565
C_PIECECOORDINATION:0.47547900449259434
C_ROOK:0.5005184598136786
CE_ROOK:0.5051086636016394
C_CENTERCONTROL:0.4906344356035983
C_DEVELOPPIECES:0.47020443405525164
C_MATERIAL:0.4864037373682498
C_MOVECOUNT:0.48783633087316536
C_PAWNMOVEMENT:0.48689092118397936
