ELO:857
CE_PASSEDPAWNS:0.5152649224593069
CE_PAWNWEAKNESSES:0.426506641873071
CE_PIECEACTIVITY:0.5223417369131639
CE_KINGPAWNSHIELD:0.5158639280995077
CE_PIECECOORDINATION:0.46308225251879487
CE_MATERIAL:0.5155111833922784
CE_KINGSAFETY:0.4579621932647738
C_PIECESQUARETABLES:0.49310199361569734
C_MOBILITY:0.5886195647473962
C_KINGSAFETY:0.5126995331501992
C_PAWNSTRUCTURE:0.45969122041453325
C_PIECECOORDINATION:0.5101795820504764
C_ROOKANDPAWNMOVEMENT:0.5101795820504764
C_CENTERCONTROL:0.44011654551962986
C_DEVELOPPIECES:0.5051638087204082
C_MATERIAL:0.46751185040791643
C_MOVECOUNT:0.5
