ELO:990
CE_PASSEDPAWNS:0.4729314156851419
CE_PAWNWEAKNESSES:0.45228031101388005
CE_PIECEACTIVITY:0.5160141572765174
CE_KINGPAWNSHIELD:0.5164423974761777
CE_PIECECOORDINATION:0.5329183838058527
CE_MATERIAL:0.5158234526683703
CE_KINGSAFETY:0.5193555578558932
C_PIECESQUARETABLES:0.4976412313456129
C_MOBILITY:0.48464277971968794
C_KINGSAFETY:0.525094461919448
C_PAWNSTRUCTURE:0.527171937599224
C_PIECECOORDINATION:0.5011510003636197
C_ROOKANDPAWNMOVEMENT:0.5011510003636197
C_CENTERCONTROL:0.48431328534869905
C_DEVELOPPIECES:0.4948997784957856
C_MATERIAL:0.5
C_MOVECOUNT:0.5044931925733199
