ELO:1039
CE_PASSEDPAWNS:0.5
CE_PAWNWEAKNESSES:0.4683494819470367
CE_PIECEACTIVITY:0.556297007387126
CE_KINGPAWNSHIELD:0.4958173069689556
CE_PIECECOORDINATION:0.4973284726220225
CE_MATERIAL:0.49575611885237164
CE_KINGSAFETY:0.5
C_PIECESQUARETABLES:0.5
C_MOBILITY:0.48464277971968794
C_KINGSAFETY:0.5680554524854615
C_PAWNSTRUCTURE:0.48441085114102267
C_PIECECOORDINATION:0.5018413085545026
C_ROOKANDPAWNMOVEMENT:0.5018413085545026
C_CENTERCONTROL:0.4810765955153231
C_DEVELOPPIECES:0.4874837477805532
C_MATERIAL:0.500758320581277
C_MOVECOUNT:0.514566782606185
