ELO:1019
CE_PASSEDPAWNS:0.5
CE_PAWNWEAKNESSES:0.5221116227024541
CE_PIECEACTIVITY:0.5077010764371415
CE_KINGPAWNSHIELD:0.5
CE_PIECECOORDINATION:0.5
CE_MATERIAL:0.5
CE_KINGSAFETY:0.5161256171676403
C_PIECESQUARETABLES:0.5
C_MOBILITY:0.4842570072904459
C_KINGSAFETY:0.5013580911140901
C_PAWNSTRUCTURE:0.5
C_PIECECOORDINATION:0.49338046466824836
C_ROOKANDPAWNMOVEMENT:0.49338046466824836
C_CENTERCONTROL:0.495104081148326
C_DEVELOPPIECES:0.488433120046108
C_MATERIAL:0.485596203003938
C_MOVECOUNT:0.5
