ELO:740
CE_PASSEDPAWNS:0.5689270462045752
CE_PAWNWEAKNESSES:0.4170339401194632
CE_PIECEACTIVITY:0.42109988132860654
CE_KINGPAWNSHIELD:0.495581542936034
CE_PIECECOORDINATION:0.5244558074001526
CE_MATERIAL:0.4558953692697644
CE_KINGSAFETY:0.44889942423429985
C_PIECESQUARETABLES:0.471635061934016
C_MOBILITY:0.5543808228669731
C_KINGSAFETY:0.45062531123135546
C_PAWNSTRUCTURE:0.4440974013084841
C_PIECECOORDINATION:0.471810538470521
C_ROOKANDPAWNMOVEMENT:0.471810538470521
C_CENTERCONTROL:0.48912980392223826
C_DEVELOPPIECES:0.5648108368141816
C_MATERIAL:0.5475207151204443
C_MOVECOUNT:0.5
