ELO:1000
CE_PASSEDPAWNS:0.5022900668673088
CE_PAWNWEAKNESSES:0.5
CE_PIECEACTIVITY:0.5096108671734905
CE_KINGPAWNSHIELD:0.49814283731315817
CE_PIECECOORDINATION:0.5
CE_MATERIAL:0.5
CE_KINGSAFETY:0.4881339024291036
C_PIECESQUARETABLES:0.4881492770757115
C_MOBILITY:0.4921286761514935
C_KINGSAFETY:0.4804566701811481
C_PAWNSTRUCTURE:0.5002037260365167
C_PIECECOORDINATION:0.5
C_ROOKANDPAWNMOVEMENT:0.5
C_CENTERCONTROL:0.5197206772515497
C_DEVELOPPIECES:0.5026030988345715
C_MATERIAL:0.5061908000931791
