ELO:983
CE_PASSEDPAWNS:0.5000039126078231
CE_PAWNWEAKNESSES:0.49254179530161346
CE_PIECEACTIVITY:0.48304219835081835
CE_KINGPAWNSHIELD:0.500459853643959
CE_PIECECOORDINATION:0.5102349051834966
CE_MATERIAL:0.4890172635869009
CE_KINGSAFETY:0.47617163640712484
C_PIECESQUARETABLES:0.504670435093198
C_MOBILITY:0.4850574626233457
C_KINGSAFETY:0.510120817023556
C_PAWNSTRUCTURE:0.500616157988728
C_PIECECOORDINATION:0.4828539543539031
C_ROOKANDPAWNMOVEMENT:0.4828539543539031
C_CENTERCONTROL:0.5407254649788266
C_DEVELOPPIECES:0.47953251112207684
C_MATERIAL:0.5063051207554032
