ELO:967
CE_PASSEDPAWNS:0.5056615962126316
CE_PAWNWEAKNESSES:0.5011465682329012
CE_PIECEACTIVITY:0.4991781133697049
CE_KINGPAWNSHIELD:0.4830603956651374
CE_PIECECOORDINATION:0.5019103703682247
CE_MATERIAL:0.5028252584651047
CE_KINGSAFETY:0.5
C_PIECESQUARETABLES:0.4910545819531133
C_MOBILITY:0.513222593061717
C_KINGSAFETY:0.49201747480280406
C_PAWNSTRUCTURE:0.5227467605135212
C_PIECECOORDINATION:0.49623727408041773
C_ROOKANDPAWNMOVEMENT:0.49623727408041773
C_CENTERCONTROL:0.5077570911911893
C_DEVELOPPIECES:0.4898665766996021
C_MATERIAL:0.5083734376151903
C_MOVECOUNT:0.46000268084781065
