ELO:1021
CE_PASSEDPAWNS:0.5056630203091187
CE_PAWNWEAKNESSES:0.4643043718153176
CE_PIECEACTIVITY:0.5233595219125085
CE_KINGPAWNSHIELD:0.48886516663488894
CE_PIECECOORDINATION:0.5326037592562186
CE_MATERIAL:0.5072286608005417
CE_KINGSAFETY:0.5340561917623237
C_PIECESQUARETABLES:0.47017887844627215
C_MOBILITY:0.4596048028888691
C_KINGSAFETY:0.5633100318204572
C_PAWNSTRUCTURE:0.45938080355514493
C_PIECECOORDINATION:0.5028757123319082
C_ROOKANDPAWNMOVEMENT:0.5028757123319082
C_CENTERCONTROL:0.45587093052965383
C_DEVELOPPIECES:0.5
C_MATERIAL:0.48501531366920864
C_MOVECOUNT:0.5164220602623089
