ELO:568
CE_PASSEDPAWNS:0.5782137261180541
CE_PAWNWEAKNESSES:0.41847845691283986
CE_PIECEACTIVITY:0.431763315187683
CE_KINGPAWNSHIELD:0.4490469061626984
CE_PIECECOORDINATION:0.5209857171125375
CE_MATERIAL:0.4240150596898915
CE_KINGSAFETY:0.5003429424809694
C_PIECESQUARETABLES:0.4819132947995618
C_MOBILITY:0.5361387954289486
C_KINGSAFETY:0.4254916003402907
C_PAWNSTRUCTURE:0.4609568059226541
C_PIECECOORDINATION:0.4457832898961204
C_ROOKANDPAWNMOVEMENT:0.4457832898961204
C_CENTERCONTROL:0.5287793458267785
C_DEVELOPPIECES:0.5987296281557916
C_MATERIAL:0.5463445240456204
C_MOVECOUNT:0.4656310348069172
