ELO:1022
CE_PASSEDPAWNS:0.4938368935589593
CE_PAWNWEAKNESSES:0.5093533291589549
CE_PIECEACTIVITY:0.502688680156369
CE_KINGPAWNSHIELD:0.5226990856176207
CE_PIECECOORDINATION:0.5009371117703055
CE_MATERIAL:0.49806689240881213
CE_KINGSAFETY:0.4882524681028112
C_PIECESQUARETABLES:0.4912901314298103
C_MOBILITY:0.4975787110217883
C_KINGSAFETY:0.4931622217291123
C_PAWNSTRUCTURE:0.5140225276092489
C_PIECECOORDINATION:0.5037122068769387
C_ROOKANDPAWNMOVEMENT:0.5037122068769387
C_CENTERCONTROL:0.5259042344117802
C_DEVELOPPIECES:0.47268724656800903
C_MATERIAL:0.5
C_MOVECOUNT:0.5
