ELO:990
CE_PASSEDPAWNS:0.5160136297331351
CE_PAWNWEAKNESSES:0.5786461540683562
CE_PIECEACTIVITY:0.5076863265214014
CE_KINGPAWNSHIELD:0.5017480475754269
CE_PIECECOORDINATION:0.5370904339039664
CE_MATERIAL:0.5369644808005481
CE_KINGSAFETY:0.47765807541686084
C_PIECESQUARETABLES:0.5009388237850543
C_MOBILITY:0.5893983925294609
C_KINGSAFETY:0.4921568442973193
C_PAWNSTRUCTURE:0.546211164520373
C_PIECECOORDINATION:0.4214364060971192
C_ROOKANDPAWNMOVEMENT:0.4214364060971192
C_CENTERCONTROL:0.4751777397623238
C_DEVELOPPIECES:0.5150711229330824
C_MATERIAL:0.47324713354227815
