ELO:1000
CE_PASSEDPAWNS:0.512116808796625
CE_PAWNWEAKNESSES:0.5023848170968481
CE_PIECEACTIVITY:0.5280546743578389
CE_KINGPAWNSHIELD:0.4931650856557252
CE_PIECECOORDINATION:0.49885824194414946
CE_MATERIAL:0.5085342755667251
CE_KINGSAFETY:0.46628788886560085
C_PIECESQUARETABLES:0.4850049095634269
C_MOBILITY:0.5139750569503255
C_KINGSAFETY:0.48828228344521507
C_PAWNSTRUCTURE:0.5002037260365167
C_PIECECOORDINATION:0.5004851797988853
C_ROOKANDPAWNMOVEMENT:0.5004851797988853
C_CENTERCONTROL:0.5366320971629562
C_DEVELOPPIECES:0.4969806969182237
C_MATERIAL:0.5335515272687965
