ELO:1000
CE_PASSEDPAWNS:0.5227176396793405
CE_PAWNWEAKNESSES:0.5050184143617773
CE_PIECEACTIVITY:0.5074860132971095
CE_KINGPAWNSHIELD:0.5134809303460829
CE_PIECECOORDINATION:0.502146381047097
CE_MATERIAL:0.4984159841142605
CE_KINGSAFETY:0.5390854781852181
C_PIECESQUARETABLES:0.4816114871121327
C_MOBILITY:0.4749933125326667
C_KINGSAFETY:0.49666436639543354
C_PAWNSTRUCTURE:0.47129860789467004
C_PIECECOORDINATION:0.4745327716614584
C_ROOKANDPAWNMOVEMENT:0.4745327716614584
C_CENTERCONTROL:0.4780753068948389
C_DEVELOPPIECES:0.5019717444615414
C_MATERIAL:0.5083674993067778
