ELO:679
CE_PASSEDPAWNS:0.5672232315825192
CE_PAWNWEAKNESSES:0.45574927747047117
CE_PIECEACTIVITY:0.42234796580073913
CE_KINGPAWNSHIELD:0.4884051536725191
CE_PIECECOORDINATION:0.5407348248716258
CE_MATERIAL:0.4460532352363464
CE_KINGSAFETY:0.48002363777253215
C_PIECESQUARETABLES:0.5030617793721961
C_MOBILITY:0.5446204378552614
C_KINGSAFETY:0.4271616187685019
C_PAWNSTRUCTURE:0.4645767753999287
C_PIECECOORDINATION:0.4715635749417267
C_ROOKANDPAWNMOVEMENT:0.4715635749417267
C_CENTERCONTROL:0.5392328349750669
C_DEVELOPPIECES:0.594557548718521
C_MATERIAL:0.5548466773128845
C_MOVECOUNT:0.4912979965846959
