ELO:977
CE_PASSEDPAWNS:0.5085078451759919
CE_PAWNWEAKNESSES:0.49845165246474454
CE_PIECEACTIVITY:0.5011233760452686
CE_KINGPAWNSHIELD:0.4800348700179175
CE_PIECECOORDINATION:0.5170239697434627
CE_MATERIAL:0.5151934391529479
CE_KINGSAFETY:0.503724146178956
C_PIECESQUARETABLES:0.5096978361641792
C_MOBILITY:0.49562310380688734
C_KINGSAFETY:0.5145737793552795
C_PAWNSTRUCTURE:0.4877613039023498
C_PIECECOORDINATION:0.48037175399685506
C_ROOK:0.49324681562603306
CE_ROOK:0.5192054473264199
C_CENTERCONTROL:0.47119182499310586
C_DEVELOPPIECES:0.4577796204883438
C_MATERIAL:0.4903203727261738
C_MOVECOUNT:0.5030960188704372
C_PAWNMOVEMENT:0.5157535493192258
