ELO:985
CE_PASSEDPAWNS:0.5131262957990969
CE_PAWNWEAKNESSES:0.5147778285611
CE_PIECEACTIVITY:0.513067757281153
CE_KINGPAWNSHIELD:0.4844213110708253
CE_PIECECOORDINATION:0.5173630459839098
CE_MATERIAL:0.48402722721265307
CE_KINGSAFETY:0.49717745553000947
C_PIECESQUARETABLES:0.5086952021662852
C_MOBILITY:0.499435934805995
C_KINGSAFETY:0.4899449252554476
C_PAWNSTRUCTURE:0.49602519138818674
C_PIECECOORDINATION:0.48428875561307244
C_ROOK:0.4887287805438827
CE_ROOK:0.5112019845876702
C_CENTERCONTROL:0.5068292723603771
C_DEVELOPPIECES:0.49532057819160374
C_MATERIAL:0.48910933915105853
C_MOVECOUNT:0.5036703521485576
C_PAWNMOVEMENT:0.48973960485285206
