ELO:948
CE_PASSEDPAWNS:0.6501729944975648
CE_PAWNWEAKNESSES:0.4312134272515117
CE_PIECEACTIVITY:0.5342248468018056
CE_KINGPAWNSHIELD:0.5371271846708359
CE_PIECECOORDINATION:0.5801704474435079
CE_MATERIAL:0.5546316561752642
CE_KINGSAFETY:0.49585603812874
C_PIECESQUARETABLES:0.4887794654893284
C_MOBILITY:0.4280615521954766
C_KINGSAFETY:0.5097369750056276
C_PAWNSTRUCTURE:0.5231429839481045
C_PIECECOORDINATION:0.4475246019229256
C_ROOKANDPAWNMOVEMENT:0.4475246019229256
C_CENTERCONTROL:0.5853740817256594
C_DEVELOPPIECES:0.5417662842295299
C_MATERIAL:0.5632549241966907
