ELO:558
CE_PASSEDPAWNS:0.5839913406830932
CE_PAWNWEAKNESSES:0.4444695903285057
CE_PIECEACTIVITY:0.3903497162863671
CE_KINGPAWNSHIELD:0.46538123544289967
CE_PIECECOORDINATION:0.530591668533979
CE_MATERIAL:0.4230154809873695
CE_KINGSAFETY:0.46631270879199616
C_PIECESQUARETABLES:0.49630434506308124
C_MOBILITY:0.524860076161338
C_KINGSAFETY:0.42139262371205755
C_PAWNSTRUCTURE:0.42600198736195827
C_PIECECOORDINATION:0.4663912650361622
C_ROOKANDPAWNMOVEMENT:0.4663912650361622
C_CENTERCONTROL:0.5155654833829438
C_DEVELOPPIECES:0.6032697209589051
C_MATERIAL:0.5583485506878882
C_MOVECOUNT:0.5022273622151093
