ELO:924
CE_PASSEDPAWNS:0.5084637840290049
CE_PAWNWEAKNESSES:0.5687527509931416
CE_PIECEACTIVITY:0.4984143464290705
CE_KINGPAWNSHIELD:0.5220355829211365
CE_PIECECOORDINATION:0.5143279709202419
CE_MATERIAL:0.550863634512586
CE_KINGSAFETY:0.5051067118645843
C_PIECESQUARETABLES:0.4753866821189422
C_MOBILITY:0.5984124597047685
C_KINGSAFETY:0.49063494048434314
C_PAWNSTRUCTURE:0.5190133649650094
C_PIECECOORDINATION:0.42048123756963174
C_ROOKANDPAWNMOVEMENT:0.42048123756963174
C_CENTERCONTROL:0.535609193187982
C_DEVELOPPIECES:0.572008054727254
C_MATERIAL:0.5117325226323667
