ELO:816
CE_PASSEDPAWNS:0.5475565744730855
CE_PAWNWEAKNESSES:0.46912177477939637
CE_PIECEACTIVITY:0.4243873321373327
CE_KINGPAWNSHIELD:0.4970786355070685
CE_PIECECOORDINATION:0.5098341936733312
CE_MATERIAL:0.48263101544100034
CE_KINGSAFETY:0.5227372080690897
C_PIECESQUARETABLES:0.4485193296102647
C_MOBILITY:0.5582019254401904
C_KINGSAFETY:0.4843897497656271
C_PAWNSTRUCTURE:0.4487310247823835
C_PIECECOORDINATION:0.5154679958853893
C_ROOKANDPAWNMOVEMENT:0.5154679958853893
C_CENTERCONTROL:0.47855220179483043
C_DEVELOPPIECES:0.5022876479483829
C_MATERIAL:0.48911315144695827
C_MOVECOUNT:0.5
