ELO:1068
CE_PASSEDPAWNS:0.5013787131414988
CE_PAWNWEAKNESSES:0.4842631040916708
CE_PIECEACTIVITY:0.5093018100212628
CE_KINGPAWNSHIELD:0.5015344094069454
CE_PIECECOORDINATION:0.5083436765879812
CE_MATERIAL:0.5234377286736973
CE_KINGSAFETY:0.5
C_PIECESQUARETABLES:0.5
C_MOBILITY:0.5187970841356156
C_KINGSAFETY:0.510903434954333
C_PAWNSTRUCTURE:0.500906228312213
C_PIECECOORDINATION:0.5010565797952407
C_ROOK:0.5082618200115928
CE_ROOK:0.4988252103537147
C_CENTERCONTROL:0.5
C_DEVELOPPIECES:0.4961452687840419
C_MATERIAL:0.48217609310393933
C_MOVECOUNT:0.49117731403886083
C_PAWNMOVEMENT:0.5008857778906792
