ELO:910
CE_PASSEDPAWNS:0.5015305627651602
CE_PAWNWEAKNESSES:0.5707719351055429
CE_PIECEACTIVITY:0.49794425473543047
CE_KINGPAWNSHIELD:0.5471756301587952
CE_PIECECOORDINATION:0.5176986009631994
CE_MATERIAL:0.5317289748772787
CE_KINGSAFETY:0.5332070745784179
C_PIECESQUARETABLES:0.4705357440980737
C_MOBILITY:0.6109395583262937
C_KINGSAFETY:0.519209465590769
C_PAWNSTRUCTURE:0.4797718091223404
C_PIECECOORDINATION:0.45704019355865416
C_ROOKANDPAWNMOVEMENT:0.45704019355865416
C_CENTERCONTROL:0.5062492137675179
C_DEVELOPPIECES:0.5845806488733184
C_MATERIAL:0.5169779864788598
