ELO:1000
CE_PASSEDPAWNS:0.5016849183115161
CE_PAWNWEAKNESSES:0.463986782095705
CE_PIECEACTIVITY:0.4992329012011523
CE_KINGPAWNSHIELD:0.4348349550906148
CE_PIECECOORDINATION:0.5250548723339511
CE_MATERIAL:0.5670395601596329
CE_KINGSAFETY:0.47759555457583386
C_PIECESQUARETABLES:0.4816882179820591
C_MOBILITY:0.49224829772802703
C_KINGSAFETY:0.5048925960201154
C_PAWNSTRUCTURE:0.49829322025917255
C_PIECECOORDINATION:0.48238749088683486
C_ROOKANDPAWNMOVEMENT:0.48238749088683486
C_CENTERCONTROL:0.5116688338194596
C_DEVELOPPIECES:0.5209450554633596
C_MATERIAL:0.5507723176234572
