ELO:1000
CE_PASSEDPAWNS:0.5024382518409948
CE_PAWNWEAKNESSES:0.5091712574998621
CE_PIECEACTIVITY:0.5
CE_KINGPAWNSHIELD:0.5
CE_PIECECOORDINATION:0.5
CE_MATERIAL:0.49343512078721674
CE_KINGSAFETY:0.5121643157292367
C_PIECESQUARETABLES:0.5
C_MOBILITY:0.49938657533589825
C_KINGSAFETY:0.5
C_PAWNSTRUCTURE:0.5
C_PIECECOORDINATION:0.4882743207011252
C_ROOK:0.5
CE_ROOK:0.5
C_CENTERCONTROL:0.5
C_DEVELOPPIECES:0.49620961524751755
C_MATERIAL:0.5
C_MOVECOUNT:0.5032117927730658
C_PAWNMOVEMENT:0.48869583085072066
