ELO:1017
CE_PASSEDPAWNS:0.5050399512264145
CE_PAWNWEAKNESSES:0.4931381677018394
CE_PIECEACTIVITY:0.5
CE_KINGPAWNSHIELD:0.5
CE_PIECECOORDINATION:0.5097269414023637
CE_MATERIAL:0.5
CE_KINGSAFETY:0.5
C_PIECESQUARETABLES:0.5
C_MOBILITY:0.5
C_KINGSAFETY:0.5078945973437474
C_PAWNSTRUCTURE:0.5115051296064201
C_PIECECOORDINATION:0.48825994617718416
C_ROOKANDPAWNMOVEMENT:0.48825994617718416
C_CENTERCONTROL:0.48822102147458
C_DEVELOPPIECES:0.5068393462825627
C_MATERIAL:0.48712627834233796
C_MOVECOUNT:0.5
