ELO:1000
CE_PASSEDPAWNS:0.5331536596603718
CE_PAWNWEAKNESSES:0.46802529484695704
CE_PIECEACTIVITY:0.49895960541249446
CE_KINGPAWNSHIELD:0.43258828116794223
CE_PIECECOORDINATION:0.5585108277947524
CE_MATERIAL:0.5607095300596724
CE_KINGSAFETY:0.4764272157838156
C_PIECESQUARETABLES:0.4735090467016325
C_MOBILITY:0.5156599365945315
C_KINGSAFETY:0.48931896725409624
C_PAWNSTRUCTURE:0.491166931694001
C_PIECECOORDINATION:0.49733988383134276
C_ROOKANDPAWNMOVEMENT:0.49733988383134276
C_CENTERCONTROL:0.5062419774545908
C_DEVELOPPIECES:0.537285292521484
C_MATERIAL:0.547760554070709
