ELO:1000
CE_PASSEDPAWNS:0.5274416148532668
CE_PAWNWEAKNESSES:0.4621190759362892
CE_PIECEACTIVITY:0.5106254678902957
CE_KINGPAWNSHIELD:0.43305715007810003
CE_PIECECOORDINATION:0.5561091956188318
CE_MATERIAL:0.5435356311120201
CE_KINGSAFETY:0.453587420887948
C_PIECESQUARETABLES:0.48290483822314806
C_MOBILITY:0.4946124398767091
C_KINGSAFETY:0.5005516455315475
C_PAWNSTRUCTURE:0.4813364394779853
C_PIECECOORDINATION:0.49376524892156937
C_ROOKANDPAWNMOVEMENT:0.49376524892156937
C_CENTERCONTROL:0.5415432217629992
C_DEVELOPPIECES:0.5391564989545871
C_MATERIAL:0.5728159419822862
