ELO:989
CE_PASSEDPAWNS:0.39792981371987557
CE_PAWNWEAKNESSES:0.4747266971979074
CE_PIECEACTIVITY:0.4990363227000234
CE_KINGPAWNSHIELD:0.542603462243025
CE_PIECECOORDINATION:0.46842657173084346
CE_MATERIAL:0.41304097986232186
CE_KINGSAFETY:0.5205635683073153
C_PIECESQUARETABLES:0.4951979630588719
C_MOBILITY:0.5886611331655867
C_KINGSAFETY:0.5677350770636194
C_PAWNSTRUCTURE:0.3974960377332616
C_PIECECOORDINATION:0.49481266204964397
C_ROOKANDPAWNMOVEMENT:0.49481266204964397
C_CENTERCONTROL:0.4218771817633053
C_DEVELOPPIECES:0.4354212939766876
C_MATERIAL:0.6201906658387899
