ELO:925
CE_PASSEDPAWNS:0.4790687827383598
CE_PAWNWEAKNESSES:0.5055608510882463
CE_PIECEACTIVITY:0.4997924054679403
CE_KINGPAWNSHIELD:0.49097814449825694
CE_PIECECOORDINATION:0.45450477828374564
CE_MATERIAL:0.5546794774347503
CE_KINGSAFETY:0.4947109006249031
C_PIECESQUARETABLES:0.5
C_MOBILITY:0.49964319656617856
C_KINGSAFETY:0.5034951423483064
C_PAWNSTRUCTURE:0.5277360513414227
C_PIECECOORDINATION:0.5026157661268338
C_ROOK:0.4968777362275069
CE_ROOK:0.5042710121275117
C_CENTERCONTROL:0.5347362994189407
C_DEVELOPPIECES:0.4538280528312566
C_MATERIAL:0.5427582306471586
C_MOVECOUNT:0.5331940709115456
C_PAWNMOVEMENT:0.4617272001856719
