ELO:999
CE_PASSEDPAWNS:0.5130017093216032
CE_PAWNWEAKNESSES:0.4946095407812456
CE_PIECEACTIVITY:0.41970917393082663
CE_KINGPAWNSHIELD:0.6000860652676094
CE_PIECECOORDINATION:0.48936795565078683
CE_MATERIAL:0.5511250336553005
CE_KINGSAFETY:0.43912850279022086
C_PIECESQUARETABLES:0.5386694920796858
C_MOBILITY:0.47332907915793065
C_KINGSAFETY:0.4877207568524411
C_PAWNSTRUCTURE:0.4779279406710477
C_PIECECOORDINATION:0.49357266172791553
C_ROOKANDPAWNMOVEMENT:0.49357266172791553
C_CENTERCONTROL:0.318993343374651
C_DEVELOPPIECES:0.47851374695537163
C_MATERIAL:0.5590761687494851
