ELO:825
CE_PASSEDPAWNS:0.5765074617694123
CE_PAWNWEAKNESSES:0.4669763383341709
CE_PIECEACTIVITY:0.48117783066861775
CE_KINGPAWNSHIELD:0.4496096398722584
CE_PIECECOORDINATION:0.38482649296584387
CE_MATERIAL:0.4837775801085734
CE_KINGSAFETY:0.4558973313047974
C_PIECESQUARETABLES:0.519545718399166
C_MOBILITY:0.4859742759944834
C_KINGSAFETY:0.4235454887789803
C_PAWNSTRUCTURE:0.4502333479531313
C_PIECECOORDINATION:0.5520543385647301
C_ROOKANDPAWNMOVEMENT:0.5520543385647301
C_CENTERCONTROL:0.4810713321359287
C_DEVELOPPIECES:0.6306453754048429
C_MATERIAL:0.40069246482292825
C_MOVECOUNT:0.5
