ELO:999
CE_PASSEDPAWNS:0.5088598880259698
CE_PAWNWEAKNESSES:0.5523776347171475
CE_PIECEACTIVITY:0.5368944198294162
CE_KINGPAWNSHIELD:0.548011877877747
CE_PIECECOORDINATION:0.43233754069737973
CE_MATERIAL:0.4082612720740282
CE_KINGSAFETY:0.5032606136931671
C_PIECESQUARETABLES:0.5120098508337183
C_MOBILITY:0.5493809726075207
C_KINGSAFETY:0.4859891825752926
C_PAWNSTRUCTURE:0.5207416143836097
C_PIECECOORDINATION:0.5035452453610507
C_ROOKANDPAWNMOVEMENT:0.5035452453610507
C_CENTERCONTROL:0.4739608740463981
C_DEVELOPPIECES:0.41547914934130326
C_MATERIAL:0.5311697041297835
