ELO:911
CE_PASSEDPAWNS:0.5647807668925522
CE_PAWNWEAKNESSES:0.5364696149756423
CE_PIECEACTIVITY:0.527123692903697
CE_KINGPAWNSHIELD:0.45676463085558067
CE_PIECECOORDINATION:0.4123638706755911
CE_MATERIAL:0.524263622567644
CE_KINGSAFETY:0.5164701378157776
C_PIECESQUARETABLES:0.5233486848264728
C_MOBILITY:0.5335126954639561
C_KINGSAFETY:0.3920383674233612
C_PAWNSTRUCTURE:0.557021048839154
C_PIECECOORDINATION:0.4741446260797834
C_ROOKANDPAWNMOVEMENT:0.4741446260797834
C_CENTERCONTROL:0.41554089367936436
C_DEVELOPPIECES:0.4704562863981972
C_MATERIAL:0.47769811049919664
