ELO:1008
CE_PASSEDPAWNS:0.505927542114652
CE_PAWNWEAKNESSES:0.5053483548265357
CE_PIECEACTIVITY:0.5178296754668931
CE_KINGPAWNSHIELD:0.47553279694052375
CE_PIECECOORDINATION:0.4678256715271652
CE_MATERIAL:0.44719657426106574
CE_KINGSAFETY:0.49688378992965027
C_PIECESQUARETABLES:0.5044791134830084
C_MOBILITY:0.5031991615199891
C_KINGSAFETY:0.5179467027894521
C_PAWNSTRUCTURE:0.502950029213245
C_PIECECOORDINATION:0.5105861516439676
C_ROOK:0.5229160053090129
CE_ROOK:0.47129454399006177
C_CENTERCONTROL:0.5040391577102734
C_DEVELOPPIECES:0.4822480739987355
C_MATERIAL:0.5054126570540478
C_MOVECOUNT:0.5108156706145338
C_PAWNMOVEMENT:0.4959050116001013
