ELO:870
CE_PASSEDPAWNS:0.48305411190498027
CE_PAWNWEAKNESSES:0.45619028497035896
CE_PIECEACTIVITY:0.34968048502256865
CE_KINGPAWNSHIELD:0.5498767246539876
CE_PIECECOORDINATION:0.6379616790065574
CE_MATERIAL:0.5040635304559221
CE_KINGSAFETY:0.4549767630740505
C_PIECESQUARETABLES:0.5336301990869233
C_MOBILITY:0.33213912289741776
C_KINGSAFETY:0.34803658710322405
C_PAWNSTRUCTURE:0.4645584302482402
C_PIECECOORDINATION:0.5775378469648998
C_ROOKANDPAWNMOVEMENT:0.5775378469648998
C_CENTERCONTROL:0.45830617109285454
C_DEVELOPPIECES:0.43121113144089745
C_MATERIAL:0.5492728754375481
