ELO:998
CE_PASSEDPAWNS:0.5
CE_PAWNWEAKNESSES:0.5
CE_PIECEACTIVITY:0.5
CE_KINGPAWNSHIELD:0.4888552229124482
CE_PIECECOORDINATION:0.5075811608406738
CE_MATERIAL:0.49538787197835166
CE_KINGSAFETY:0.5
C_PIECESQUARETABLES:0.5035559192591003
C_MOBILITY:0.49862255490059176
C_KINGSAFETY:0.5
C_PAWNSTRUCTURE:0.5
C_PIECECOORDINATION:0.5035170507983603
C_ROOKANDPAWNMOVEMENT:0.5035170507983603
C_CENTERCONTROL:0.5
C_DEVELOPPIECES:0.4969600403757378
C_MATERIAL:0.4878964410204243
C_MOVECOUNT:0.5
