ELO:751
CE_PASSEDPAWNS:0.5707455599907462
CE_PAWNWEAKNESSES:0.4462553448975856
CE_PIECEACTIVITY:0.4666658659046989
CE_KINGPAWNSHIELD:0.4814430741462087
CE_PIECECOORDINATION:0.47417761410622894
CE_MATERIAL:0.4829611245111945
CE_KINGSAFETY:0.4731940544038383
C_PIECESQUARETABLES:0.5072873078187341
C_MOBILITY:0.5097572708190365
C_KINGSAFETY:0.42565911726444056
C_PAWNSTRUCTURE:0.46251314790476983
C_PIECECOORDINATION:0.5609943761634748
C_ROOKANDPAWNMOVEMENT:0.5609943761634748
C_CENTERCONTROL:0.4928299107005076
C_DEVELOPPIECES:0.5572307255428849
C_MATERIAL:0.4063909611967109
C_MOVECOUNT:0.5
