ELO:1000
CE_PASSEDPAWNS:0.48975812528292434
CE_PAWNWEAKNESSES:0.4481292963443085
CE_PIECEACTIVITY:0.4471738562270356
CE_KINGPAWNSHIELD:0.537737502912379
CE_PIECECOORDINATION:0.46363219778912423
CE_MATERIAL:0.5787765097463665
CE_KINGSAFETY:0.5
C_PIECESQUARETABLES:0.5
C_MOBILITY:0.522049334645782
C_KINGSAFETY:0.49342807235877895
C_PAWNSTRUCTURE:0.4821534527561431
C_PIECECOORDINATION:0.5049380164835023
C_ROOKANDPAWNMOVEMENT:0.5049380164835023
C_CENTERCONTROL:0.39864566664539897
C_DEVELOPPIECES:0.44694862267031144
C_MATERIAL:0.5546322799097828
