ELO:984
CE_PASSEDPAWNS:0.504570328583806
CE_PAWNWEAKNESSES:0.4888598891657482
CE_PIECEACTIVITY:0.5043344801900072
CE_KINGPAWNSHIELD:0.5104778419572825
CE_PIECECOORDINATION:0.4987392673543305
CE_MATERIAL:0.5198873956208637
CE_KINGSAFETY:0.505680124218894
C_PIECESQUARETABLES:0.48996919153293234
C_MOBILITY:0.5038783248901555
C_KINGSAFETY:0.49875453367869477
C_PAWNSTRUCTURE:0.49617657063798215
C_PIECECOORDINATION:0.48982887777878614
C_ROOKANDPAWNMOVEMENT:0.48982887777878614
C_CENTERCONTROL:0.5273854030968828
C_DEVELOPPIECES:0.49480098072409895
C_MATERIAL:0.5
