ELO:990
CE_PASSEDPAWNS:0.4261611351373619
CE_PAWNWEAKNESSES:0.5111384615865583
CE_PIECEACTIVITY:0.5115051373312263
CE_KINGPAWNSHIELD:0.5143401918626521
CE_PIECECOORDINATION:0.47089093686852895
CE_MATERIAL:0.5248484576866559
CE_KINGSAFETY:0.5
C_PIECESQUARETABLES:0.5
C_MOBILITY:0.54387804628315
C_KINGSAFETY:0.5130426352739833
C_PAWNSTRUCTURE:0.5247840182821865
C_PIECECOORDINATION:0.5024118398707236
C_ROOK:0.5362745065726938
CE_ROOK:0.5181306469396002
C_CENTERCONTROL:0.4739102795453157
C_DEVELOPPIECES:0.5181817617670785
C_MATERIAL:0.5227870579764127
C_MOVECOUNT:0.4945223149625236
C_PAWNMOVEMENT:0.5076795956610483
