ELO:942
CE_PASSEDPAWNS:0.4789719228558408
CE_PAWNWEAKNESSES:0.49973714709706024
CE_PIECEACTIVITY:0.5048141383973703
CE_KINGPAWNSHIELD:0.49926244346849913
CE_PIECECOORDINATION:0.4803662653168557
CE_MATERIAL:0.5422731221893287
CE_KINGSAFETY:0.5
C_PIECESQUARETABLES:0.4913627669251592
C_MOBILITY:0.5236601658845146
C_KINGSAFETY:0.5014747794893152
C_PAWNSTRUCTURE:0.5225527191030738
C_PIECECOORDINATION:0.5132408956315433
C_ROOK:0.5062764557156016
CE_ROOK:0.510583072716536
C_CENTERCONTROL:0.5276373186682012
C_DEVELOPPIECES:0.47752936126525725
C_MATERIAL:0.5330329406175016
C_MOVECOUNT:0.5223655766872342
C_PAWNMOVEMENT:0.4686878753800141
