ELO:990
CE_PASSEDPAWNS:0.4261611351373619
CE_PAWNWEAKNESSES:0.5111384615865583
CE_PIECEACTIVITY:0.49933356348204583
CE_KINGPAWNSHIELD:0.5107460630347562
CE_PIECECOORDINATION:0.5158409534061823
CE_MATERIAL:0.48841163043833513
CE_KINGSAFETY:0.5
C_PIECESQUARETABLES:0.5
C_MOBILITY:0.5336001281886635
C_KINGSAFETY:0.5130426352739833
C_PAWNSTRUCTURE:0.5366480514499651
C_PIECECOORDINATION:0.5024118398707236
C_ROOK:0.5362745065726938
CE_ROOK:0.5181306469396002
C_CENTERCONTROL:0.5272542418426562
C_DEVELOPPIECES:0.5181817617670785
C_MATERIAL:0.5227870579764127
C_MOVECOUNT:0.525297700067282
C_PAWNMOVEMENT:0.5076795956610483
