ELO:1000
CE_PASSEDPAWNS:0.48332493097098855
CE_PAWNWEAKNESSES:0.4565271941605248
CE_PIECEACTIVITY:0.4494830550379295
CE_KINGPAWNSHIELD:0.5316884340696931
CE_PIECECOORDINATION:0.47425196985896906
CE_MATERIAL:0.5772188700157385
CE_KINGSAFETY:0.4770950992852196
C_PIECESQUARETABLES:0.5198535336378324
C_MOBILITY:0.5267499172821047
C_KINGSAFETY:0.49342807235877895
C_PAWNSTRUCTURE:0.4644602225541511
C_PIECECOORDINATION:0.4975121623981794
C_ROOKANDPAWNMOVEMENT:0.4975121623981794
C_CENTERCONTROL:0.41927876797930297
C_DEVELOPPIECES:0.45281535595053696
C_MATERIAL:0.5354379068108629
