ELO:968
CE_PASSEDPAWNS:0.5102409788718083
CE_PAWNWEAKNESSES:0.5048625145763512
CE_PIECEACTIVITY:0.41033254808332476
CE_KINGPAWNSHIELD:0.5887240628174957
CE_PIECECOORDINATION:0.46457302940397716
CE_MATERIAL:0.5474311659105721
CE_KINGSAFETY:0.5
C_PIECESQUARETABLES:0.4947297086392097
C_MOBILITY:0.489388677010153
C_KINGSAFETY:0.5110951329137703
C_PAWNSTRUCTURE:0.48929343553707444
C_PIECECOORDINATION:0.4944258602911636
C_ROOKANDPAWNMOVEMENT:0.4944258602911636
C_CENTERCONTROL:0.3159086184881098
C_DEVELOPPIECES:0.4733849897020153
C_MATERIAL:0.5458531432970751
