ELO:988
CE_PASSEDPAWNS:0.5130926400308716
CE_PAWNWEAKNESSES:0.4995962018853847
CE_PIECEACTIVITY:0.5240450968133293
CE_KINGPAWNSHIELD:0.484833339378664
CE_PIECECOORDINATION:0.47812128892141986
CE_MATERIAL:0.46803157230115394
CE_KINGSAFETY:0.5
C_PIECESQUARETABLES:0.5
C_MOBILITY:0.5031991615199891
C_KINGSAFETY:0.5
C_PAWNSTRUCTURE:0.49798445352074217
C_PIECECOORDINATION:0.49213818004039844
C_ROOK:0.5131875487073708
CE_ROOK:0.49233334109640914
C_CENTERCONTROL:0.49396590349793246
C_DEVELOPPIECES:0.48429114844497295
C_MATERIAL:0.5054126570540478
C_MOVECOUNT:0.5056009048139524
C_PAWNMOVEMENT:0.48376009968347117
