ELO:998
CE_PASSEDPAWNS:0.5076578925071689
CE_PAWNWEAKNESSES:0.48453275656108463
CE_PIECEACTIVITY:0.5267978480436295
CE_KINGPAWNSHIELD:0.4695886852796971
CE_PIECECOORDINATION:0.466614955225896
CE_MATERIAL:0.4569696066674392
CE_KINGSAFETY:0.49688378992965027
C_PIECESQUARETABLES:0.5
C_MOBILITY:0.5031991615199891
C_KINGSAFETY:0.5018953407063508
C_PAWNSTRUCTURE:0.49256819828626264
C_PIECECOORDINATION:0.5105861516439676
C_ROOK:0.5120515421612041
CE_ROOK:0.48227638776462284
C_CENTERCONTROL:0.49396590349793246
C_DEVELOPPIECES:0.475969577610877
C_MATERIAL:0.5054126570540478
C_MOVECOUNT:0.5056615730115048
C_PAWNMOVEMENT:0.48975962180919635
