ELO:993
CE_PASSEDPAWNS:0.495313353015724
CE_PAWNWEAKNESSES:0.5036571382799526
CE_PIECEACTIVITY:0.5339774213566344
CE_KINGPAWNSHIELD:0.4845308396920178
CE_PIECECOORDINATION:0.4982414244634889
CE_MATERIAL:0.4793827020707696
CE_KINGSAFETY:0.4880089121748282
C_PIECESQUARETABLES:0.5
C_MOBILITY:0.5250004940088076
C_KINGSAFETY:0.4730541082214185
C_PAWNSTRUCTURE:0.5022688232315998
C_PIECECOORDINATION:0.5147284480544078
C_ROOK:0.5292325478637756
CE_ROOK:0.5359012912276366
C_CENTERCONTROL:0.5071629518990035
C_DEVELOPPIECES:0.48588261246303927
C_MATERIAL:0.5234081299456297
C_MOVECOUNT:0.5136514208453076
C_PAWNMOVEMENT:0.4811626861283964
