ELO:890
CE_PASSEDPAWNS:0.44416587046256883
CE_PAWNWEAKNESSES:0.46199377622176446
CE_PIECEACTIVITY:0.46030821753437806
CE_KINGPAWNSHIELD:0.6037899609436903
CE_PIECECOORDINATION:0.5196604419223854
CE_MATERIAL:0.5452705522695112
CE_KINGSAFETY:0.5078564044945819
C_PIECESQUARETABLES:0.45975557653434973
C_MOBILITY:0.46653778289605286
C_KINGSAFETY:0.48299068880126916
C_PAWNSTRUCTURE:0.467894180825029
C_PIECECOORDINATION:0.45773603435064647
C_ROOKANDPAWNMOVEMENT:0.45773603435064647
C_CENTERCONTROL:0.5239580261139417
C_DEVELOPPIECES:0.6054533886812836
C_MATERIAL:0.5478015834516089
