ELO:987
CE_PASSEDPAWNS:0.4773425800689529
CE_PAWNWEAKNESSES:0.4992981251283923
CE_PIECEACTIVITY:0.525596714665424
CE_KINGPAWNSHIELD:0.5116504383841021
CE_PIECECOORDINATION:0.5222880068199103
CE_MATERIAL:0.5011140975443203
CE_KINGSAFETY:0.5241455098834928
C_PIECESQUARETABLES:0.48606046522147245
C_MOBILITY:0.43460126215424233
C_KINGSAFETY:0.5219046488274653
C_PAWNSTRUCTURE:0.5211189514656516
C_PIECECOORDINATION:0.4603213451516021
C_ROOKANDPAWNMOVEMENT:0.4603213451516021
C_CENTERCONTROL:0.5653996400084723
C_DEVELOPPIECES:0.5268595032270119
C_MATERIAL:0.5030047025729638
