ELO:999
CE_PASSEDPAWNS:0.512699116509727
CE_PAWNWEAKNESSES:0.48794596949959346
CE_PIECEACTIVITY:0.4239287010066226
CE_KINGPAWNSHIELD:0.5928619190245406
CE_PIECECOORDINATION:0.47748227767425405
CE_MATERIAL:0.5418332394974502
CE_KINGSAFETY:0.43912850279022086
C_PIECESQUARETABLES:0.5231270697189953
C_MOBILITY:0.4813072836840634
C_KINGSAFETY:0.47182880991351495
C_PAWNSTRUCTURE:0.4812975431468099
C_PIECECOORDINATION:0.497362493752151
C_ROOKANDPAWNMOVEMENT:0.497362493752151
C_CENTERCONTROL:0.33452962118213175
C_DEVELOPPIECES:0.4724135917519252
C_MATERIAL:0.5582624381797309
