ELO:1001
CE_PASSEDPAWNS:0.5
CE_PAWNWEAKNESSES:0.5
CE_PIECEACTIVITY:0.5
CE_KINGPAWNSHIELD:0.4873520932732913
CE_PIECECOORDINATION:0.5
CE_MATERIAL:0.5019514884407734
CE_KINGSAFETY:0.4983292024263109
C_PIECESQUARETABLES:0.5020589838974877
C_MOBILITY:0.5088039402339295
C_KINGSAFETY:0.4925335466015448
C_PAWNSTRUCTURE:0.5310768004353464
C_PIECECOORDINATION:0.4920198082915448
C_ROOKANDPAWNMOVEMENT:0.4920198082915448
C_CENTERCONTROL:0.4735589544201826
C_DEVELOPPIECES:0.4857604431998669
C_MATERIAL:0.49884177978079974
C_MOVECOUNT:0.5
