ELO:925
CE_PASSEDPAWNS:0.504775536655701
CE_PAWNWEAKNESSES:0.5246266582398388
CE_PIECEACTIVITY:0.5335510024227569
CE_KINGPAWNSHIELD:0.5073504477746602
CE_PIECECOORDINATION:0.5176995710323873
CE_MATERIAL:0.4973767649562078
CE_KINGSAFETY:0.4680844963439805
C_PIECESQUARETABLES:0.5241852325263875
C_MOBILITY:0.5206788351368347
C_KINGSAFETY:0.5134818418168036
C_PAWNSTRUCTURE:0.5292962600746233
C_PIECECOORDINATION:0.484485991724297
C_ROOKANDPAWNMOVEMENT:0.484485991724297
C_CENTERCONTROL:0.47408577090842297
C_DEVELOPPIECES:0.4995574985485836
C_MATERIAL:0.4701584728431196
C_MOVECOUNT:0.5
