ELO:952
CE_PASSEDPAWNS:0.6037758684857358
CE_PAWNWEAKNESSES:0.5023380718610208
CE_PIECEACTIVITY:0.44529439000258786
CE_KINGPAWNSHIELD:0.61474042758957
CE_PIECECOORDINATION:0.4617774844701825
CE_MATERIAL:0.5462369398723785
CE_KINGSAFETY:0.46057718401014697
C_PIECESQUARETABLES:0.5074022046357705
C_MOBILITY:0.540963460904776
C_KINGSAFETY:0.4508192143548954
C_PAWNSTRUCTURE:0.4878047315312912
C_PIECECOORDINATION:0.49136707762622134
C_ROOKANDPAWNMOVEMENT:0.49136707762622134
C_CENTERCONTROL:0.24271462690769852
C_DEVELOPPIECES:0.5307735769494029
C_MATERIAL:0.52954479170786
