ELO:810
CE_PASSEDPAWNS:0.495234608746128
CE_PAWNWEAKNESSES:0.3991207857024956
CE_PIECEACTIVITY:0.35369777110849887
CE_KINGPAWNSHIELD:0.6472641725835738
CE_PIECECOORDINATION:0.627514466633744
CE_MATERIAL:0.6575635268714147
CE_KINGSAFETY:0.5109893916051423
C_PIECESQUARETABLES:0.489755293842293
C_MOBILITY:0.3340861983815056
C_KINGSAFETY:0.3611693500172202
C_PAWNSTRUCTURE:0.4482073786462172
C_PIECECOORDINATION:0.5758098165534482
C_ROOKANDPAWNMOVEMENT:0.5758098165534482
C_CENTERCONTROL:0.433614327771535
C_DEVELOPPIECES:0.4420116978074106
C_MATERIAL:0.4502969863313452
