ELO:987
CE_PASSEDPAWNS:0.5021881913984096
CE_PAWNWEAKNESSES:0.4920471773297235
CE_PIECEACTIVITY:0.5240450968133293
CE_KINGPAWNSHIELD:0.4918751862906637
CE_PIECECOORDINATION:0.47812128892141986
CE_MATERIAL:0.4569696066674392
CE_KINGSAFETY:0.49117615910271706
C_PIECESQUARETABLES:0.5
C_MOBILITY:0.5031991615199891
C_KINGSAFETY:0.5
C_PAWNSTRUCTURE:0.5036317485556965
C_PIECECOORDINATION:0.5029185643646665
C_ROOK:0.5120515421612041
CE_ROOK:0.48227638776462284
C_CENTERCONTROL:0.49396590349793246
C_DEVELOPPIECES:0.48429114844497295
C_MATERIAL:0.5054126570540478
C_MOVECOUNT:0.5056615730115048
C_PAWNMOVEMENT:0.48975962180919635
