ELO:776
CE_PASSEDPAWNS:0.5567190868303865
CE_PAWNWEAKNESSES:0.44440351940444783
CE_PIECEACTIVITY:0.4289408613218093
CE_KINGPAWNSHIELD:0.467257238552261
CE_PIECECOORDINATION:0.48648312753124184
CE_MATERIAL:0.4905500156052033
CE_KINGSAFETY:0.45712306525587376
C_PIECESQUARETABLES:0.47055148335980335
C_MOBILITY:0.47580647305638135
C_KINGSAFETY:0.44243562862662655
C_PAWNSTRUCTURE:0.46303023735453996
C_PIECECOORDINATION:0.5265715721893736
C_ROOKANDPAWNMOVEMENT:0.5265715721893736
C_CENTERCONTROL:0.4955706533973861
C_DEVELOPPIECES:0.541295757894324
C_MATERIAL:0.4483342131397833
C_MOVECOUNT:0.5
