ELO:986
CE_PASSEDPAWNS:0.4511733787463338
CE_PAWNWEAKNESSES:0.5099837260492335
CE_PIECEACTIVITY:0.5271569763202837
CE_KINGPAWNSHIELD:0.5116504383841021
CE_PIECECOORDINATION:0.5195216073956279
CE_MATERIAL:0.5064409387366496
CE_KINGSAFETY:0.5150761076552832
C_PIECESQUARETABLES:0.47689597226174
C_MOBILITY:0.4070803843470391
C_KINGSAFETY:0.5014020501423091
C_PAWNSTRUCTURE:0.5190778570514799
C_PIECECOORDINATION:0.46601385281010754
C_ROOKANDPAWNMOVEMENT:0.46601385281010754
C_CENTERCONTROL:0.5484032696678719
C_DEVELOPPIECES:0.520877349191638
C_MATERIAL:0.48904321177408083
