ELO:994
CE_PASSEDPAWNS:0.5085912367646332
CE_PAWNWEAKNESSES:0.5365477145141339
CE_PIECEACTIVITY:0.5386773958515724
CE_KINGPAWNSHIELD:0.5517992573975683
CE_PIECECOORDINATION:0.4429698856955524
CE_MATERIAL:0.3969824853014857
CE_KINGSAFETY:0.4892271555190104
C_PIECESQUARETABLES:0.5072890158009664
C_MOBILITY:0.5673593874836702
C_KINGSAFETY:0.5104384389031011
C_PAWNSTRUCTURE:0.4999649226759778
C_PIECECOORDINATION:0.5077522863044422
C_ROOKANDPAWNMOVEMENT:0.5077522863044422
C_CENTERCONTROL:0.4628617010375454
C_DEVELOPPIECES:0.37542449562204006
C_MATERIAL:0.5330018214982782
