ELO:986
CE_PASSEDPAWNS:0.5153350933364417
CE_PAWNWEAKNESSES:0.5217291555590206
CE_PIECEACTIVITY:0.5039318833633863
CE_KINGPAWNSHIELD:0.5171982487373981
CE_PIECECOORDINATION:0.5
CE_MATERIAL:0.5106953677176681
CE_KINGSAFETY:0.5110386593959352
C_PIECESQUARETABLES:0.5
C_MOBILITY:0.512139826166331
C_KINGSAFETY:0.506088945844353
C_PAWNSTRUCTURE:0.5038211518642112
C_PIECECOORDINATION:0.49239474847436066
C_ROOKANDPAWNMOVEMENT:0.49239474847436066
C_CENTERCONTROL:0.5
C_DEVELOPPIECES:0.5108485331034831
C_MATERIAL:0.5061131481383406
C_MOVECOUNT:0.5
