ELO:982
CE_PASSEDPAWNS:0.504570328583806
CE_PAWNWEAKNESSES:0.4888598891657482
CE_PIECEACTIVITY:0.5043344801900072
CE_KINGPAWNSHIELD:0.5147039868846729
CE_PIECECOORDINATION:0.4987392673543305
CE_MATERIAL:0.5321302274889145
CE_KINGSAFETY:0.5173165506805818
C_PIECESQUARETABLES:0.49107645502264613
C_MOBILITY:0.5038783248901555
C_KINGSAFETY:0.4870911036022985
C_PAWNSTRUCTURE:0.49617657063798215
C_PIECECOORDINATION:0.48982887777878614
C_ROOKANDPAWNMOVEMENT:0.48982887777878614
C_CENTERCONTROL:0.5141687740696026
C_DEVELOPPIECES:0.49480098072409895
C_MATERIAL:0.5128526898577569
