ELO:853
CE_PASSEDPAWNS:0.5645746797779496
CE_PAWNWEAKNESSES:0.5014520459737448
CE_PIECEACTIVITY:0.4286371897137341
CE_KINGPAWNSHIELD:0.5093548480933078
CE_PIECECOORDINATION:0.5256233115235147
CE_MATERIAL:0.5034018879240794
CE_KINGSAFETY:0.49320966316992043
C_PIECESQUARETABLES:0.48669634165345177
C_MOBILITY:0.45030346087925843
C_KINGSAFETY:0.4509536831833778
C_PAWNSTRUCTURE:0.4636107870346569
C_PIECECOORDINATION:0.5183493550433498
C_ROOKANDPAWNMOVEMENT:0.5183493550433498
C_CENTERCONTROL:0.476873030223815
C_DEVELOPPIECES:0.5384374235673631
C_MATERIAL:0.45260028372192607
C_MOVECOUNT:0.5
