ELO:898
CE_PASSEDPAWNS:0.531749158956252
CE_PAWNWEAKNESSES:0.51352012576737
CE_PIECEACTIVITY:0.49397228289302797
CE_KINGPAWNSHIELD:0.5954030481384428
CE_PIECECOORDINATION:0.36706508784441194
CE_MATERIAL:0.49406678286216255
CE_KINGSAFETY:0.49537274483850363
C_PIECESQUARETABLES:0.48809284261370905
C_MOBILITY:0.570517546105329
C_KINGSAFETY:0.34244123419726974
C_PAWNSTRUCTURE:0.42986209594519253
C_PIECECOORDINATION:0.47791410173197246
C_ROOKANDPAWNMOVEMENT:0.47791410173197246
C_CENTERCONTROL:0.3983990423112766
C_DEVELOPPIECES:0.40644414485773883
C_MATERIAL:0.4564653321958061
