ELO:1000
CE_PASSEDPAWNS:0.4947127013720883
CE_PAWNWEAKNESSES:0.5081686682539035
CE_PIECEACTIVITY:0.47705417415582163
CE_KINGPAWNSHIELD:0.5167784945031928
CE_PIECECOORDINATION:0.4733708965040782
CE_MATERIAL:0.511968216500617
CE_KINGSAFETY:0.5037308028839312
C_PIECESQUARETABLES:0.5035328095985281
C_MOBILITY:0.513620992384836
C_KINGSAFETY:0.512096612536273
C_PAWNSTRUCTURE:0.4891886922784591
C_PIECECOORDINATION:0.494487493930278
C_ROOKANDPAWNMOVEMENT:0.494487493930278
C_CENTERCONTROL:0.47273939466366005
C_DEVELOPPIECES:0.4958988672456482
C_MATERIAL:0.49787154153674357
