ELO:1000
CE_PASSEDPAWNS:0.5121168615389186
CE_PAWNWEAKNESSES:0.5325950548567204
CE_PIECEACTIVITY:0.5092234067249519
CE_KINGPAWNSHIELD:0.5531665430054938
CE_PIECECOORDINATION:0.4626936734106128
CE_MATERIAL:0.4105764307853791
CE_KINGSAFETY:0.49238776655534716
C_PIECESQUARETABLES:0.4988971299993265
C_MOBILITY:0.5306188365210176
C_KINGSAFETY:0.4634549941139476
C_PAWNSTRUCTURE:0.5105469583559812
C_PIECECOORDINATION:0.4951519166476571
C_ROOKANDPAWNMOVEMENT:0.4951519166476571
C_CENTERCONTROL:0.4838459195188953
C_DEVELOPPIECES:0.4945157646656523
C_MATERIAL:0.592822249532954
