ELO:988
CE_PASSEDPAWNS:0.5
CE_PAWNWEAKNESSES:0.49268029979120814
CE_PIECEACTIVITY:0.5
CE_KINGPAWNSHIELD:0.5
CE_PIECECOORDINATION:0.5
CE_MATERIAL:0.5065350573833014
CE_KINGSAFETY:0.5
C_PIECESQUARETABLES:0.49590162662335685
C_MOBILITY:0.49862255490059176
C_KINGSAFETY:0.5
C_PAWNSTRUCTURE:0.5
C_PIECECOORDINATION:0.5005565078289275
C_ROOKANDPAWNMOVEMENT:0.5005565078289275
C_CENTERCONTROL:0.5
C_DEVELOPPIECES:0.5014387251862583
C_MATERIAL:0.5
C_MOVECOUNT:0.5
