ELO:909
CE_PASSEDPAWNS:0.49308510104183584
CE_PAWNWEAKNESSES:0.535752333176653
CE_PIECEACTIVITY:0.46962349674585424
CE_KINGPAWNSHIELD:0.5433232819253846
CE_PIECECOORDINATION:0.47863636324219916
CE_MATERIAL:0.4608795130869753
CE_KINGSAFETY:0.5052864394284609
C_PIECESQUARETABLES:0.5015840189755155
C_MOBILITY:0.49910639900172404
C_KINGSAFETY:0.5014127722080814
C_PAWNSTRUCTURE:0.5241597687356322
C_PIECECOORDINATION:0.4909093811199082
C_ROOKANDPAWNMOVEMENT:0.4909093811199082
C_CENTERCONTROL:0.47111238552378876
C_DEVELOPPIECES:0.5031016604430436
C_MATERIAL:0.5110089789039644
C_MOVECOUNT:0.5
