ELO:988
CE_PASSEDPAWNS:0.5022002712411091
CE_PAWNWEAKNESSES:0.4662514840271965
CE_PIECEACTIVITY:0.5123603982341934
CE_KINGPAWNSHIELD:0.5581828205427655
CE_PIECECOORDINATION:0.5266827683259292
CE_MATERIAL:0.42559149038059846
CE_KINGSAFETY:0.4572927791366444
C_PIECESQUARETABLES:0.47599946565356216
C_MOBILITY:0.49407764169136975
C_KINGSAFETY:0.6256143676649035
C_PAWNSTRUCTURE:0.4730373282655517
C_PIECECOORDINATION:0.5178635080132964
C_ROOKANDPAWNMOVEMENT:0.5178635080132964
C_CENTERCONTROL:0.4617222573286087
C_DEVELOPPIECES:0.48165614761807396
C_MATERIAL:0.5649122252167571
