ELO:813
CE_PASSEDPAWNS:0.47016163161895264
CE_PAWNWEAKNESSES:0.47256537819851424
CE_PIECEACTIVITY:0.43400869674703746
CE_KINGPAWNSHIELD:0.4982311094054764
CE_PIECECOORDINATION:0.4924471949481128
CE_MATERIAL:0.532410084641674
CE_KINGSAFETY:0.4972697675385486
C_PIECESQUARETABLES:0.49821776057670414
C_MOBILITY:0.5174763518148557
C_KINGSAFETY:0.49981306576723744
C_PAWNSTRUCTURE:0.5925958983273575
C_PIECECOORDINATION:0.4408622077719893
C_ROOKANDPAWNMOVEMENT:0.4408622077719893
C_CENTERCONTROL:0.46952784814124543
C_DEVELOPPIECES:0.46642896476227586
C_MATERIAL:0.4817764350699189
C_MOVECOUNT:0.5
