ELO:905
CE_PASSEDPAWNS:0.5006531238052842
CE_PAWNWEAKNESSES:0.475820924192119
CE_PIECEACTIVITY:0.522033358243227
CE_KINGPAWNSHIELD:0.5399993620966614
CE_PIECECOORDINATION:0.5131483400941536
CE_MATERIAL:0.49832350799969555
CE_KINGSAFETY:0.503328406556349
C_PIECESQUARETABLES:0.5049558713401411
C_MOBILITY:0.5207773689499593
C_KINGSAFETY:0.5006841596032243
C_PAWNSTRUCTURE:0.513078302761252
C_PIECECOORDINATION:0.47474656458832876
C_ROOK:0.5210207255321841
CE_ROOK:0.48520138263637624
C_CENTERCONTROL:0.4633161270242842
C_DEVELOPPIECES:0.4986927506588695
C_MATERIAL:0.4823533788159052
C_MOVECOUNT:0.49994539175588126
C_PAWNMOVEMENT:0.51423567063262
