ELO:1063
CE_PASSEDPAWNS:0.4578218740670265
CE_PAWNWEAKNESSES:0.48482736930043874
CE_PIECEACTIVITY:0.49599819320624305
CE_KINGPAWNSHIELD:0.5220799933118081
CE_PIECECOORDINATION:0.4866174516423465
CE_MATERIAL:0.5403806123726681
CE_KINGSAFETY:0.5
C_PIECESQUARETABLES:0.5
C_MOBILITY:0.491463318346158
C_KINGSAFETY:0.5
C_PAWNSTRUCTURE:0.5103105148869364
C_PIECECOORDINATION:0.48057998945235963
C_ROOKANDPAWNMOVEMENT:0.48057998945235963
C_CENTERCONTROL:0.5026177916282478
C_DEVELOPPIECES:0.48428643209447725
C_MATERIAL:0.5
C_MOVECOUNT:0.5264205672608357
