ELO:987
CE_PASSEDPAWNS:0.5022002712411091
CE_PAWNWEAKNESSES:0.47634346170411757
CE_PIECEACTIVITY:0.5047121192425958
CE_KINGPAWNSHIELD:0.5649309556103712
CE_PIECECOORDINATION:0.4948234737370024
CE_MATERIAL:0.43289375432391564
CE_KINGSAFETY:0.49413820873437714
C_PIECESQUARETABLES:0.49091189734809826
C_MOBILITY:0.5039419026446873
C_KINGSAFETY:0.620351820144235
C_PAWNSTRUCTURE:0.4563362885824862
C_PIECECOORDINATION:0.529418824352239
C_ROOKANDPAWNMOVEMENT:0.529418824352239
C_CENTERCONTROL:0.4548520063630889
C_DEVELOPPIECES:0.48160013774171667
C_MATERIAL:0.5687423196515068
