ELO:983
CE_PASSEDPAWNS:0.5026296412471545
CE_PAWNWEAKNESSES:0.4993497133460305
CE_PIECEACTIVITY:0.522033358243227
CE_KINGPAWNSHIELD:0.533575099885209
CE_PIECECOORDINATION:0.5010981364589838
CE_MATERIAL:0.5124208859400098
CE_KINGSAFETY:0.47842501385336317
C_PIECESQUARETABLES:0.49079742239531654
C_MOBILITY:0.4892732186020784
C_KINGSAFETY:0.509589720602776
C_PAWNSTRUCTURE:0.5019563316983805
C_PIECECOORDINATION:0.46644723668826954
C_ROOK:0.5289866884549383
CE_ROOK:0.48781161325148675
C_CENTERCONTROL:0.4831917844579093
C_DEVELOPPIECES:0.47706032458168884
C_MATERIAL:0.4737563911275032
C_MOVECOUNT:0.4926857426726807
C_PAWNMOVEMENT:0.5063705366735679
