ELO:929
CE_PASSEDPAWNS:0.5622267222902969
CE_PAWNWEAKNESSES:0.5910631299287028
CE_PIECEACTIVITY:0.46346600649154956
CE_KINGPAWNSHIELD:0.4815807539754242
CE_PIECECOORDINATION:0.4272204210233994
CE_MATERIAL:0.44337733598088347
CE_KINGSAFETY:0.5172984768738796
C_PIECESQUARETABLES:0.5040826778089263
C_MOBILITY:0.4744030314316666
C_KINGSAFETY:0.5171876703989655
C_PAWNSTRUCTURE:0.5335365927037377
C_PIECECOORDINATION:0.5251846938140678
C_ROOKANDPAWNMOVEMENT:0.5251846938140678
C_CENTERCONTROL:0.5111482274711813
C_DEVELOPPIECES:0.4546334638400256
C_MATERIAL:0.537148359957157
