ELO:1008
CE_PASSEDPAWNS:0.5
CE_PAWNWEAKNESSES:0.49246170637294123
CE_PIECEACTIVITY:0.48463936569972965
CE_KINGPAWNSHIELD:0.5024108216327179
CE_PIECECOORDINATION:0.49947752049963157
CE_MATERIAL:0.49231897164516275
CE_KINGSAFETY:0.5026129543011582
C_PIECESQUARETABLES:0.4978166006018234
C_MOBILITY:0.5085179402664982
C_KINGSAFETY:0.501809480313192
C_PAWNSTRUCTURE:0.492934857211359
C_PIECECOORDINATION:0.5
C_ROOKANDPAWNMOVEMENT:0.5
C_CENTERCONTROL:0.5
C_DEVELOPPIECES:0.5063877096607785
C_MATERIAL:0.5065225351730155
