ELO:942
CE_PASSEDPAWNS:0.5491753581576149
CE_PAWNWEAKNESSES:0.5722954546293536
CE_PIECEACTIVITY:0.48761515043097076
CE_KINGPAWNSHIELD:0.44820022510442936
CE_PIECECOORDINATION:0.4187974397828766
CE_MATERIAL:0.4492715857044999
CE_KINGSAFETY:0.4977401456457837
C_PIECESQUARETABLES:0.501642012340289
C_MOBILITY:0.4754258150070321
C_KINGSAFETY:0.5438618197228579
C_PAWNSTRUCTURE:0.5217946623049969
C_PIECECOORDINATION:0.529367603287684
C_ROOKANDPAWNMOVEMENT:0.529367603287684
C_CENTERCONTROL:0.5040558103247219
C_DEVELOPPIECES:0.4621048296772307
C_MATERIAL:0.551932611999906
