ELO:985
CE_PASSEDPAWNS:0.5041996554161816
CE_PAWNWEAKNESSES:0.5031358795219416
CE_PIECEACTIVITY:0.522033358243227
CE_KINGPAWNSHIELD:0.5176361062762137
CE_PIECECOORDINATION:0.5010981364589838
CE_MATERIAL:0.5057975933485377
CE_KINGSAFETY:0.47842501385336317
C_PIECESQUARETABLES:0.4943870231885475
C_MOBILITY:0.4969580654258379
C_KINGSAFETY:0.5202563045854666
C_PAWNSTRUCTURE:0.5095167797180161
C_PIECECOORDINATION:0.47533550899559984
C_ROOK:0.5289866884549383
CE_ROOK:0.4916395351631831
C_CENTERCONTROL:0.503382669533567
C_DEVELOPPIECES:0.47720685051706285
C_MATERIAL:0.47592281638076284
C_MOVECOUNT:0.49827673809963047
C_PAWNMOVEMENT:0.4996335501293569
