ELO:987
CE_PASSEDPAWNS:0.5253877423674246
CE_PAWNWEAKNESSES:0.4747266971979074
CE_PIECEACTIVITY:0.5256534381721791
CE_KINGPAWNSHIELD:0.5388461624781888
CE_PIECECOORDINATION:0.4951378054163991
CE_MATERIAL:0.46749681432771095
CE_KINGSAFETY:0.5
C_PIECESQUARETABLES:0.49384074861029664
C_MOBILITY:0.5884409809025263
C_KINGSAFETY:0.5250912115677565
C_PAWNSTRUCTURE:0.46054427260367564
C_PIECECOORDINATION:0.5034949501714628
C_ROOKANDPAWNMOVEMENT:0.5034949501714628
C_CENTERCONTROL:0.42211884394565585
C_DEVELOPPIECES:0.4392070707003665
C_MATERIAL:0.6171788645076881
