ELO:1000
CE_PASSEDPAWNS:0.4776347471161242
CE_PAWNWEAKNESSES:0.47979358181188997
CE_PIECEACTIVITY:0.49976300439710286
CE_KINGPAWNSHIELD:0.47677081440922336
CE_PIECECOORDINATION:0.4962963726464567
CE_MATERIAL:0.43777928221367746
CE_KINGSAFETY:0.5093847548834282
C_PIECESQUARETABLES:0.4607852740521922
C_MOBILITY:0.5185981603701586
C_KINGSAFETY:0.5295053400317007
C_PAWNSTRUCTURE:0.4533605519563379
C_PIECECOORDINATION:0.5175201352658859
C_ROOKANDPAWNMOVEMENT:0.5175201352658859
C_CENTERCONTROL:0.5257738305856602
C_DEVELOPPIECES:0.5013778785313391
C_MATERIAL:0.5166616982040265
