ELO:1000
CE_PASSEDPAWNS:0.46664183743403276
CE_PAWNWEAKNESSES:0.47879328679820066
CE_PIECEACTIVITY:0.506188270146729
CE_KINGPAWNSHIELD:0.4787497798297195
CE_PIECECOORDINATION:0.48754111361221064
CE_MATERIAL:0.4411653112015303
CE_KINGSAFETY:0.5277108613466847
C_PIECESQUARETABLES:0.4577838534609566
C_MOBILITY:0.523103297687396
C_KINGSAFETY:0.5258912098415263
C_PAWNSTRUCTURE:0.447002359559836
C_PIECECOORDINATION:0.5069199625310996
C_ROOKANDPAWNMOVEMENT:0.5069199625310996
C_CENTERCONTROL:0.5257738305856602
C_DEVELOPPIECES:0.5075322413209082
C_MATERIAL:0.5138985208014205
