ELO:927
CE_PASSEDPAWNS:0.5262252360149753
CE_PAWNWEAKNESSES:0.4565095238371615
CE_PIECEACTIVITY:0.4783199962948587
CE_KINGPAWNSHIELD:0.538250685429529
CE_PIECECOORDINATION:0.5022168403252861
CE_MATERIAL:0.49922697173904174
CE_KINGSAFETY:0.5
C_PIECESQUARETABLES:0.5
C_MOBILITY:0.5217479416307416
C_KINGSAFETY:0.48580532622926076
C_PAWNSTRUCTURE:0.4995868493742476
C_PIECECOORDINATION:0.485049548805085
C_ROOK:0.5123626576631708
CE_ROOK:0.4940367359360626
C_CENTERCONTROL:0.4162901023703351
C_DEVELOPPIECES:0.550532315568061
C_MATERIAL:0.45650529055009226
C_MOVECOUNT:0.5083588620297599
C_PAWNMOVEMENT:0.5474170994797173
