ELO:985
CE_PASSEDPAWNS:0.5062196261059637
CE_PAWNWEAKNESSES:0.5090869862278445
CE_PIECEACTIVITY:0.48905129802442937
CE_KINGPAWNSHIELD:0.5082578448115128
CE_PIECECOORDINATION:0.48803874398298935
CE_MATERIAL:0.4970439559245752
CE_KINGSAFETY:0.497705639082799
C_PIECESQUARETABLES:0.5066000784877132
C_MOBILITY:0.5018128493606044
C_KINGSAFETY:0.48654799414272193
C_PAWNSTRUCTURE:0.4882229858392288
C_PIECECOORDINATION:0.5194214785019063
C_ROOKANDPAWNMOVEMENT:0.5194214785019063
C_CENTERCONTROL:0.500123990378473
C_DEVELOPPIECES:0.48428643209447725
C_MATERIAL:0.5010374773054527
C_MOVECOUNT:0.5184422088427147
