ELO:927
CE_PASSEDPAWNS:0.5676993343913603
CE_PAWNWEAKNESSES:0.5956274882719568
CE_PIECEACTIVITY:0.4643566238235526
CE_KINGPAWNSHIELD:0.4801473725245165
CE_PIECECOORDINATION:0.44799574798797204
CE_MATERIAL:0.43709651432832525
CE_KINGSAFETY:0.5363332429949167
C_PIECESQUARETABLES:0.508488795811098
C_MOBILITY:0.4744030314316666
C_KINGSAFETY:0.5244033498591756
C_PAWNSTRUCTURE:0.5176528862958211
C_PIECECOORDINATION:0.5269991133488857
C_ROOKANDPAWNMOVEMENT:0.5269991133488857
C_CENTERCONTROL:0.5151426945161509
C_DEVELOPPIECES:0.4520443593621846
C_MATERIAL:0.5407484219754318
