ELO:964
CE_PASSEDPAWNS:0.5271868661350095
CE_PAWNWEAKNESSES:0.43171659419554287
CE_PIECEACTIVITY:0.5192313749530801
CE_KINGPAWNSHIELD:0.5716341871585493
CE_PIECECOORDINATION:0.4858655508949792
CE_MATERIAL:0.4520068423621027
CE_KINGSAFETY:0.4900930065054263
C_PIECESQUARETABLES:0.4960915910742375
C_MOBILITY:0.474417501091702
C_KINGSAFETY:0.6091849754740476
C_PAWNSTRUCTURE:0.4297969781040079
C_PIECECOORDINATION:0.5059871251178322
C_ROOKANDPAWNMOVEMENT:0.5059871251178322
C_CENTERCONTROL:0.45171873081320824
C_DEVELOPPIECES:0.5030070394301741
C_MATERIAL:0.5953279492182245
