ELO:952
CE_PASSEDPAWNS:0.5350553678327851
CE_PAWNWEAKNESSES:0.4397924121896667
CE_PIECEACTIVITY:0.5284956220866762
CE_KINGPAWNSHIELD:0.5828130411256303
CE_PIECECOORDINATION:0.4702301132079356
CE_MATERIAL:0.43736650275893835
CE_KINGSAFETY:0.4857362947679018
C_PIECESQUARETABLES:0.5232527351367559
C_MOBILITY:0.4743990937196959
C_KINGSAFETY:0.5996869416187485
C_PAWNSTRUCTURE:0.40798392534750244
C_PIECECOORDINATION:0.4931008061332086
C_ROOKANDPAWNMOVEMENT:0.4931008061332086
C_CENTERCONTROL:0.43235917982466054
C_DEVELOPPIECES:0.5148413428834617
C_MATERIAL:0.6091413957162786
