ELO:973
CE_PASSEDPAWNS:0.4276585124026668
CE_PAWNWEAKNESSES:0.5067733744046712
CE_PIECEACTIVITY:0.4501843907560397
CE_KINGPAWNSHIELD:0.47296228941213614
CE_PIECECOORDINATION:0.4660178694609972
CE_MATERIAL:0.47462912755102915
CE_KINGSAFETY:0.47391717885426565
C_PIECESQUARETABLES:0.5020476052694186
C_MOBILITY:0.5727534225976854
C_KINGSAFETY:0.43429754420201305
C_PAWNSTRUCTURE:0.5640516645302034
C_PIECECOORDINATION:0.5821773205159676
C_ROOKANDPAWNMOVEMENT:0.5821773205159676
C_CENTERCONTROL:0.42276661591454723
C_DEVELOPPIECES:0.5062934253025085
C_MATERIAL:0.578519153624051
