ELO:984
CE_PASSEDPAWNS:0.5026296412471545
CE_PAWNWEAKNESSES:0.4993497133460305
CE_PIECEACTIVITY:0.522033358243227
CE_KINGPAWNSHIELD:0.5245004404635275
CE_PIECECOORDINATION:0.5010981364589838
CE_MATERIAL:0.5176314566554259
CE_KINGSAFETY:0.47842501385336317
C_PIECESQUARETABLES:0.4943870231885475
C_MOBILITY:0.49504637555786773
C_KINGSAFETY:0.509589720602776
C_PAWNSTRUCTURE:0.5019563316983805
C_PIECECOORDINATION:0.46528747220137734
C_ROOK:0.5289866884549383
CE_ROOK:0.4982131177554605
C_CENTERCONTROL:0.49058143323012865
C_DEVELOPPIECES:0.4891180784402354
C_MATERIAL:0.4737563911275032
C_MOVECOUNT:0.49404012823786364
C_PAWNMOVEMENT:0.5063511384192583
