ELO:979
CE_PASSEDPAWNS:0.52334732378718
CE_PAWNWEAKNESSES:0.49458657917032467
CE_PIECEACTIVITY:0.48663866725380966
CE_KINGPAWNSHIELD:0.5030571267066213
CE_PIECECOORDINATION:0.5066529879952931
CE_MATERIAL:0.5111596685813269
CE_KINGSAFETY:0.5100895776845308
C_PIECESQUARETABLES:0.4955507716116805
C_MOBILITY:0.5071488597429331
C_KINGSAFETY:0.5083092348862184
C_PAWNSTRUCTURE:0.536089570132331
C_PIECECOORDINATION:0.5109646352391556
C_ROOKANDPAWNMOVEMENT:0.5109646352391556
C_CENTERCONTROL:0.49237392389876977
C_DEVELOPPIECES:0.49531652260906156
C_MATERIAL:0.49791444887716263
C_MOVECOUNT:0.5
