ELO:944
CE_PASSEDPAWNS:0.5022151885004164
CE_PAWNWEAKNESSES:0.4765379363276997
CE_PIECEACTIVITY:0.4989344231361261
CE_KINGPAWNSHIELD:0.5356491462143413
CE_PIECECOORDINATION:0.5141755345194816
CE_MATERIAL:0.4919483346856555
CE_KINGSAFETY:0.5
C_PIECESQUARETABLES:0.5
C_MOBILITY:0.5046461592301149
C_KINGSAFETY:0.5022483359966071
C_PAWNSTRUCTURE:0.4992325679565492
C_PIECECOORDINATION:0.4709028179398745
C_ROOK:0.5008302557855675
CE_ROOK:0.5024465566959737
C_CENTERCONTROL:0.4633161270242842
C_DEVELOPPIECES:0.5007721008985038
C_MATERIAL:0.4746320462225542
C_MOVECOUNT:0.516547988864424
C_PAWNMOVEMENT:0.5276020194008347
