ELO:1000
CE_PASSEDPAWNS:0.4780659026953647
CE_PAWNWEAKNESSES:0.4653915534497812
CE_PIECEACTIVITY:0.49663237003875804
CE_KINGPAWNSHIELD:0.4837812636615666
CE_PIECECOORDINATION:0.4829955285812087
CE_MATERIAL:0.4942684625700902
CE_KINGSAFETY:0.48435960012039986
C_PIECESQUARETABLES:0.48698221841025363
C_MOBILITY:0.5232091552511919
C_KINGSAFETY:0.5044875860506077
C_PAWNSTRUCTURE:0.49219988907861717
C_PIECECOORDINATION:0.48570540580834615
C_ROOKANDPAWNMOVEMENT:0.48570540580834615
C_CENTERCONTROL:0.5212509334896425
C_DEVELOPPIECES:0.49019908472369256
C_MATERIAL:0.48957511155626426
