ELO:1108
CE_PASSEDPAWNS:0.6311210634165302
CE_PAWNWEAKNESSES:0.5009107776909875
CE_PIECEACTIVITY:0.47707812532962285
CE_KINGPAWNSHIELD:0.4911462746970598
CE_PIECECOORDINATION:0.5449900128502336
CE_MATERIAL:0.39783305558335186
CE_KINGSAFETY:0.5
C_PIECESQUARETABLES:0.5
C_MOBILITY:0.42764176383429764
C_KINGSAFETY:0.6158500350771241
C_PAWNSTRUCTURE:0.4210018737219219
C_PIECECOORDINATION:0.45067337319108125
C_ROOKANDPAWNMOVEMENT:0.45067337319108125
C_CENTERCONTROL:0.5944076994816007
C_DEVELOPPIECES:0.5568987371363631
C_MATERIAL:0.39963303580951565
