ELO:950
CE_PASSEDPAWNS:0.5424809553917883
CE_PAWNWEAKNESSES:0.5652052309325073
CE_PIECEACTIVITY:0.4685005128620497
CE_KINGPAWNSHIELD:0.4574803218835362
CE_PIECECOORDINATION:0.4375645445612344
CE_MATERIAL:0.4549573222446943
CE_KINGSAFETY:0.4706909426930162
C_PIECESQUARETABLES:0.5550049269914846
C_MOBILITY:0.47737306808113056
C_KINGSAFETY:0.5239714411606375
C_PAWNSTRUCTURE:0.5445772171320211
C_PIECECOORDINATION:0.5132217854276344
C_ROOKANDPAWNMOVEMENT:0.5132217854276344
C_CENTERCONTROL:0.4778785673786097
C_DEVELOPPIECES:0.5012262748534697
C_MATERIAL:0.5516884492213929
