ELO:1000
CE_PASSEDPAWNS:0.5069057331758678
CE_PAWNWEAKNESSES:0.48894265013810695
CE_PIECEACTIVITY:0.5073314697510756
CE_KINGPAWNSHIELD:0.5195917320806095
CE_PIECECOORDINATION:0.5319314146050775
CE_MATERIAL:0.5014517401748294
CE_KINGSAFETY:0.4735358208021936
C_PIECESQUARETABLES:0.5
C_MOBILITY:0.5032005803560725
C_KINGSAFETY:0.5963978311867787
C_PAWNSTRUCTURE:0.49832287231068045
C_PIECECOORDINATION:0.5381203643714026
C_ROOKANDPAWNMOVEMENT:0.5381203643714026
C_CENTERCONTROL:0.4662319372504926
C_DEVELOPPIECES:0.5406067355117666
C_MATERIAL:0.5271677817392065
