ELO:991
CE_PASSEDPAWNS:0.5277288571395565
CE_PAWNWEAKNESSES:0.4747266971979074
CE_PIECEACTIVITY:0.5190974093479337
CE_KINGPAWNSHIELD:0.5410448394015668
CE_PIECECOORDINATION:0.4885295261108425
CE_MATERIAL:0.47668520060772795
CE_KINGSAFETY:0.4932799377901985
C_PIECESQUARETABLES:0.5107670129306083
C_MOBILITY:0.5894975945278892
C_KINGSAFETY:0.5250912115677565
C_PAWNSTRUCTURE:0.46054427260367564
C_PIECECOORDINATION:0.49371218566927033
C_ROOKANDPAWNMOVEMENT:0.49371218566927033
C_CENTERCONTROL:0.4284784727536737
C_DEVELOPPIECES:0.4354212939766876
C_MATERIAL:0.6262309969883861
