ELO:979
CE_PASSEDPAWNS:0.5349749800350586
CE_PAWNWEAKNESSES:0.5631383648667538
CE_PIECEACTIVITY:0.48900590899039004
CE_KINGPAWNSHIELD:0.458756785042121
CE_PIECECOORDINATION:0.4422825259677594
CE_MATERIAL:0.45793646284159784
CE_KINGSAFETY:0.48122567172374886
C_PIECESQUARETABLES:0.522457196989252
C_MOBILITY:0.44620708170805334
C_KINGSAFETY:0.5606386554006993
C_PAWNSTRUCTURE:0.5698363862679767
C_PIECECOORDINATION:0.46861972294654997
C_ROOKANDPAWNMOVEMENT:0.46861972294654997
C_CENTERCONTROL:0.4830030353876454
C_DEVELOPPIECES:0.4840298037148912
C_MATERIAL:0.517512770733239
