ELO:1000
CE_PASSEDPAWNS:0.4605584694280342
CE_PAWNWEAKNESSES:0.521998044890712
CE_PIECEACTIVITY:0.5043775251010082
CE_KINGPAWNSHIELD:0.5230362744334517
CE_PIECECOORDINATION:0.5077355311245778
CE_MATERIAL:0.4816939800825491
CE_KINGSAFETY:0.4981113688457392
C_PIECESQUARETABLES:0.5227225549332121
C_MOBILITY:0.4940083513019992
C_KINGSAFETY:0.542362554294385
C_PAWNSTRUCTURE:0.5168971507382465
C_PIECECOORDINATION:0.5625455730617646
C_ROOKANDPAWNMOVEMENT:0.5625455730617646
C_CENTERCONTROL:0.46228292887963374
C_DEVELOPPIECES:0.527866088223997
C_MATERIAL:0.5118834751924107
