ELO:998
CE_PASSEDPAWNS:0.49278393320951197
CE_PAWNWEAKNESSES:0.5
CE_PIECEACTIVITY:0.506173269901068
CE_KINGPAWNSHIELD:0.5
CE_PIECECOORDINATION:0.5003230062085171
CE_MATERIAL:0.5084662537347976
CE_KINGSAFETY:0.5
C_PIECESQUARETABLES:0.5
C_MOBILITY:0.5275982793069217
C_KINGSAFETY:0.5075888555844744
C_PAWNSTRUCTURE:0.4962928197706976
C_PIECECOORDINATION:0.5
C_ROOKANDPAWNMOVEMENT:0.5
C_CENTERCONTROL:0.5119505087868096
C_DEVELOPPIECES:0.5
C_MATERIAL:0.5
C_MOVECOUNT:0.5057492310181771
