ELO:988
CE_PASSEDPAWNS:0.5277288571395565
CE_PAWNWEAKNESSES:0.4747266971979074
CE_PIECEACTIVITY:0.5055534717583172
CE_KINGPAWNSHIELD:0.542603462243025
CE_PIECECOORDINATION:0.48006194414056524
CE_MATERIAL:0.4672615846789846
CE_KINGSAFETY:0.5
C_PIECESQUARETABLES:0.49384074861029664
C_MOBILITY:0.5836313903895851
C_KINGSAFETY:0.5250912115677565
C_PAWNSTRUCTURE:0.3974960377332616
C_PIECECOORDINATION:0.49481266204964397
C_ROOKANDPAWNMOVEMENT:0.49481266204964397
C_CENTERCONTROL:0.4223588989462065
C_DEVELOPPIECES:0.4354212939766876
C_MATERIAL:0.6171788645076881
