ELO:924
CE_PASSEDPAWNS:0.5731699883682093
CE_PAWNWEAKNESSES:0.5757298360745852
CE_PIECEACTIVITY:0.46359514003379276
CE_KINGPAWNSHIELD:0.4716503691400095
CE_PIECECOORDINATION:0.45077165692346094
CE_MATERIAL:0.4559689945203144
CE_KINGSAFETY:0.5456571642871919
C_PIECESQUARETABLES:0.5014914210676049
C_MOBILITY:0.4626660983534218
C_KINGSAFETY:0.5353524817555948
C_PAWNSTRUCTURE:0.5313420455942743
C_PIECECOORDINATION:0.5390347228029854
C_ROOKANDPAWNMOVEMENT:0.5390347228029854
C_CENTERCONTROL:0.5287104180343902
C_DEVELOPPIECES:0.47152220212856616
C_MATERIAL:0.5343900361777735
