ELO:1009
CE_PASSEDPAWNS:0.5
CE_PAWNWEAKNESSES:0.510351081989322
CE_PIECEACTIVITY:0.49211579640347375
CE_KINGPAWNSHIELD:0.5006294682671635
CE_PIECECOORDINATION:0.5
CE_MATERIAL:0.5
CE_KINGSAFETY:0.4921918791184226
C_PIECESQUARETABLES:0.49772333901932275
C_MOBILITY:0.5
C_KINGSAFETY:0.5
C_PAWNSTRUCTURE:0.4961904506596574
C_PIECECOORDINATION:0.5094919456237422
C_ROOKANDPAWNMOVEMENT:0.5094919456237422
C_CENTERCONTROL:0.5111394897750743
C_DEVELOPPIECES:0.4910350317940582
C_MATERIAL:0.5
C_MOVECOUNT:0.489062923572998
