ELO:1032
CE_PASSEDPAWNS:0.5046019565154025
CE_PAWNWEAKNESSES:0.46538410119013746
CE_PIECEACTIVITY:0.5710613386976237
CE_KINGPAWNSHIELD:0.4842263911044692
CE_PIECECOORDINATION:0.48713446348907624
CE_MATERIAL:0.4947099481675315
CE_KINGSAFETY:0.5395140207598813
C_PIECESQUARETABLES:0.5
C_MOBILITY:0.49540701851144053
C_KINGSAFETY:0.5496379641301086
C_PAWNSTRUCTURE:0.48624725333369617
C_PIECECOORDINATION:0.48057998945235963
C_ROOKANDPAWNMOVEMENT:0.48057998945235963
C_CENTERCONTROL:0.5037051054281906
C_DEVELOPPIECES:0.4874837477805532
C_MATERIAL:0.4604143179609739
C_MOVECOUNT:0.49603296929372065
