ELO:991
CE_PASSEDPAWNS:0.5346092245647998
CE_PAWNWEAKNESSES:0.4747266971979074
CE_PIECEACTIVITY:0.5256534381721791
CE_KINGPAWNSHIELD:0.5410448394015668
CE_PIECECOORDINATION:0.48209807036927255
CE_MATERIAL:0.4694181679613265
CE_KINGSAFETY:0.497757478200437
C_PIECESQUARETABLES:0.4899920267732617
C_MOBILITY:0.5836313903895851
C_KINGSAFETY:0.5200591690983402
C_PAWNSTRUCTURE:0.4564186845476862
C_PIECECOORDINATION:0.49481266204964397
C_ROOKANDPAWNMOVEMENT:0.49481266204964397
C_CENTERCONTROL:0.4284784727536737
C_DEVELOPPIECES:0.4354212939766876
C_MATERIAL:0.6234991122067586
