ELO:994
CE_PASSEDPAWNS:0.5
CE_PAWNWEAKNESSES:0.49246170637294123
CE_PIECEACTIVITY:0.478760861665546
CE_KINGPAWNSHIELD:0.4911393398589168
CE_PIECECOORDINATION:0.49947752049963157
CE_MATERIAL:0.50180772734365
CE_KINGSAFETY:0.5026129543011582
C_PIECESQUARETABLES:0.4978166006018234
C_MOBILITY:0.48876850432569574
C_KINGSAFETY:0.501809480313192
C_PAWNSTRUCTURE:0.5025510736593645
C_PIECECOORDINATION:0.4926177556342425
C_ROOKANDPAWNMOVEMENT:0.4926177556342425
C_CENTERCONTROL:0.4976129518383047
C_DEVELOPPIECES:0.5063877096607785
C_MATERIAL:0.49266793361767713
