ELO:999
CE_PASSEDPAWNS:0.46849684396133595
CE_PAWNWEAKNESSES:0.4808337354525231
CE_PIECEACTIVITY:0.4341984856801029
CE_KINGPAWNSHIELD:0.47986418742051373
CE_PIECECOORDINATION:0.5240048378372822
CE_MATERIAL:0.4923981247267905
CE_KINGSAFETY:0.49807259601009507
C_PIECESQUARETABLES:0.4899145098198435
C_MOBILITY:0.4396549522773995
C_KINGSAFETY:0.5174369007560742
C_PAWNSTRUCTURE:0.49630749077089475
C_PIECECOORDINATION:0.49612324448910783
C_ROOKANDPAWNMOVEMENT:0.49612324448910783
C_CENTERCONTROL:0.5189952022435713
C_DEVELOPPIECES:0.4457009731856939
C_MATERIAL:0.5355751763839198
