ELO:1128
CE_PASSEDPAWNS:0.442778421640529
CE_PAWNWEAKNESSES:0.4712879641804545
CE_PIECEACTIVITY:0.4782958327249123
CE_KINGPAWNSHIELD:0.4911462746970598
CE_PIECECOORDINATION:0.5707969823983154
CE_MATERIAL:0.4612800391811604
CE_KINGSAFETY:0.5
C_PIECESQUARETABLES:0.5
C_MOBILITY:0.4154706066506552
C_KINGSAFETY:0.6009543595079152
C_PAWNSTRUCTURE:0.44720766634110326
C_PIECECOORDINATION:0.36062421724656424
C_ROOKANDPAWNMOVEMENT:0.36062421724656424
C_CENTERCONTROL:0.4984443975259911
C_DEVELOPPIECES:0.5617922970177732
C_MATERIAL:0.38342073656294345
