ELO:922
CE_PASSEDPAWNS:0.5262567793949581
CE_PAWNWEAKNESSES:0.4690144767588676
CE_PIECEACTIVITY:0.4901830838648403
CE_KINGPAWNSHIELD:0.5496427657148661
CE_PIECECOORDINATION:0.5022168403252861
CE_MATERIAL:0.49674000392943957
CE_KINGSAFETY:0.5
C_PIECESQUARETABLES:0.5
C_MOBILITY:0.5239656896044025
C_KINGSAFETY:0.502933832166943
C_PAWNSTRUCTURE:0.5114241207879536
C_PIECECOORDINATION:0.485049548805085
C_ROOK:0.5163306799363327
CE_ROOK:0.4939668833791186
C_CENTERCONTROL:0.4169145364442841
C_DEVELOPPIECES:0.5111161686232505
C_MATERIAL:0.4596982225538462
C_MOVECOUNT:0.5133479179776651
C_PAWNMOVEMENT:0.5322403707962197
