ELO:916
CE_PASSEDPAWNS:0.5225489426293194
CE_PAWNWEAKNESSES:0.469448287741063
CE_PIECEACTIVITY:0.49781200952272003
CE_KINGPAWNSHIELD:0.5429658489817051
CE_PIECECOORDINATION:0.5022168403252861
CE_MATERIAL:0.5005576178217899
CE_KINGSAFETY:0.5392765928583313
C_PIECESQUARETABLES:0.4921984653932463
C_MOBILITY:0.5162919503250804
C_KINGSAFETY:0.49697234523093403
C_PAWNSTRUCTURE:0.4992013790504901
C_PIECECOORDINATION:0.4749686888596292
C_ROOK:0.4933589777787077
CE_ROOK:0.5057949588020625
C_CENTERCONTROL:0.43095454595139654
C_DEVELOPPIECES:0.5035634313087757
C_MATERIAL:0.4654990312438093
C_MOVECOUNT:0.5260490922853118
C_PAWNMOVEMENT:0.5348141685048505
