ELO:933
CE_PASSEDPAWNS:0.5116725452253782
CE_PAWNWEAKNESSES:0.46816159312704114
CE_PIECEACTIVITY:0.5020663829275791
CE_KINGPAWNSHIELD:0.5462022020277825
CE_PIECECOORDINATION:0.5141755345194816
CE_MATERIAL:0.4916765799236657
CE_KINGSAFETY:0.5030820244581551
C_PIECESQUARETABLES:0.4896269721121736
C_MOBILITY:0.5109905696892394
C_KINGSAFETY:0.5128466447674978
C_PAWNSTRUCTURE:0.4992325679565492
C_PIECECOORDINATION:0.48295723798845425
C_ROOK:0.5034570867260412
CE_ROOK:0.5024465566959737
C_CENTERCONTROL:0.4633161270242842
C_DEVELOPPIECES:0.49897822103236245
C_MATERIAL:0.47782402272241176
C_MOVECOUNT:0.5061608438166068
C_PAWNMOVEMENT:0.51423567063262
