ELO:988
CE_PASSEDPAWNS:0.5027044825811757
CE_PAWNWEAKNESSES:0.4629623101056309
CE_PIECEACTIVITY:0.5313698451714566
CE_KINGPAWNSHIELD:0.5473057809681021
CE_PIECECOORDINATION:0.5054481676672634
CE_MATERIAL:0.4151365799403089
CE_KINGSAFETY:0.45812088947532664
C_PIECESQUARETABLES:0.47599946565356216
C_MOBILITY:0.49407764169136975
C_KINGSAFETY:0.6256143676649035
C_PAWNSTRUCTURE:0.4629825983059028
C_PIECECOORDINATION:0.5221654039403563
C_ROOKANDPAWNMOVEMENT:0.5221654039403563
C_CENTERCONTROL:0.45209543678931424
C_DEVELOPPIECES:0.49368895157098946
C_MATERIAL:0.5734831400428388
