ELO:935
CE_PASSEDPAWNS:0.5496930386147955
CE_PAWNWEAKNESSES:0.600906564538556
CE_PIECEACTIVITY:0.4514641029869501
CE_KINGPAWNSHIELD:0.45339971272346585
CE_PIECECOORDINATION:0.43489334032592847
CE_MATERIAL:0.45990374511466225
CE_KINGSAFETY:0.5023681948212703
C_PIECESQUARETABLES:0.49755552608296055
C_MOBILITY:0.4721148818092156
C_KINGSAFETY:0.5498060163311246
C_PAWNSTRUCTURE:0.5230033140665611
C_PIECECOORDINATION:0.5368809455774572
C_ROOKANDPAWNMOVEMENT:0.5368809455774572
C_CENTERCONTROL:0.4993271296694553
C_DEVELOPPIECES:0.45167519220338914
C_MATERIAL:0.5496152449736973
