ELO:1000
CE_PASSEDPAWNS:0.5066766978687776
CE_PAWNWEAKNESSES:0.48027298806265073
CE_PIECEACTIVITY:0.5114279620063933
CE_KINGPAWNSHIELD:0.49734380149529317
CE_PIECECOORDINATION:0.4814261559866762
CE_MATERIAL:0.45245990908530437
CE_KINGSAFETY:0.5108744293213834
C_PIECESQUARETABLES:0.45313594702118776
C_MOBILITY:0.48683963497039134
C_KINGSAFETY:0.5123010291900857
C_PAWNSTRUCTURE:0.4520660759315231
C_PIECECOORDINATION:0.4760387544052486
C_ROOKANDPAWNMOVEMENT:0.4760387544052486
C_CENTERCONTROL:0.5243689986782223
C_DEVELOPPIECES:0.5068147511159694
C_MATERIAL:0.5313484161045614
