ELO:738
CE_PASSEDPAWNS:0.46598343860923386
CE_PAWNWEAKNESSES:0.43639767766902193
CE_PIECEACTIVITY:0.45712713413369843
CE_KINGPAWNSHIELD:0.5280180525651804
CE_PIECECOORDINATION:0.46373509131461593
CE_MATERIAL:0.6048454655289852
CE_KINGSAFETY:0.486732648153323
C_PIECESQUARETABLES:0.5045146401968601
C_MOBILITY:0.5783331109988054
C_KINGSAFETY:0.4540542781105793
C_PAWNSTRUCTURE:0.5284706009097482
C_PIECECOORDINATION:0.3838419157228141
C_ROOKANDPAWNMOVEMENT:0.3838419157228141
C_CENTERCONTROL:0.4817358723557251
C_DEVELOPPIECES:0.4288458409940014
C_MATERIAL:0.507731350516706
C_MOVECOUNT:0.4986798929852939
