ELO:986
CE_PASSEDPAWNS:0.4949576472466736
CE_PAWNWEAKNESSES:0.5031156259086653
CE_PIECEACTIVITY:0.5005730520045002
CE_KINGPAWNSHIELD:0.4944913192288128
CE_PIECECOORDINATION:0.5243720794303669
CE_MATERIAL:0.5041352770126531
CE_KINGSAFETY:0.5
C_PIECESQUARETABLES:0.5
C_MOBILITY:0.4969861160989431
C_KINGSAFETY:0.5368878711569374
C_PAWNSTRUCTURE:0.5074680684454269
C_PIECECOORDINATION:0.4990673325199326
C_ROOKANDPAWNMOVEMENT:0.4990673325199326
C_CENTERCONTROL:0.5069461388594094
C_DEVELOPPIECES:0.5090454941611683
C_MATERIAL:0.4897440205875664
C_MOVECOUNT:0.5
