ELO:895
CE_PASSEDPAWNS:0.5139237795915864
CE_PAWNWEAKNESSES:0.46146011380597535
CE_PIECEACTIVITY:0.48337337617290066
CE_KINGPAWNSHIELD:0.5
CE_PIECECOORDINATION:0.5136597081097026
CE_MATERIAL:0.5416662394338321
CE_KINGSAFETY:0.4844145410964113
C_PIECESQUARETABLES:0.502909680986577
C_MOBILITY:0.5403703789241038
C_KINGSAFETY:0.4723396850815329
C_PAWNSTRUCTURE:0.562431018612922
C_PIECECOORDINATION:0.4573287058154153
C_ROOKANDPAWNMOVEMENT:0.4573287058154153
C_CENTERCONTROL:0.46985922667996705
C_DEVELOPPIECES:0.5022129982611472
C_MATERIAL:0.5241357104795789
C_MOVECOUNT:0.5
