ELO:1000
CE_PASSEDPAWNS:0.47958553838602397
CE_PAWNWEAKNESSES:0.4963310279299169
CE_PIECEACTIVITY:0.5089402041176746
CE_KINGPAWNSHIELD:0.5141173049888897
CE_PIECECOORDINATION:0.498654694634878
CE_MATERIAL:0.4519610932224248
CE_KINGSAFETY:0.47344423804118024
C_PIECESQUARETABLES:0.4893793381700276
C_MOBILITY:0.5063154474044101
C_KINGSAFETY:0.619476564878482
C_PAWNSTRUCTURE:0.47229662926127125
C_PIECECOORDINATION:0.5610003359904154
C_ROOKANDPAWNMOVEMENT:0.5610003359904154
C_CENTERCONTROL:0.4408217726260974
C_DEVELOPPIECES:0.4871682958635749
C_MATERIAL:0.5811115819457924
