ELO:1029
CE_PASSEDPAWNS:0.4934123982488963
CE_PAWNWEAKNESSES:0.5
CE_PIECEACTIVITY:0.5
CE_KINGPAWNSHIELD:0.4820997640137477
CE_PIECECOORDINATION:0.49654428637813675
CE_MATERIAL:0.48547754151531997
CE_KINGSAFETY:0.49952080904432683
C_PIECESQUARETABLES:0.5052048801303276
C_MOBILITY:0.5
C_KINGSAFETY:0.49567317643349923
C_PAWNSTRUCTURE:0.49831374103505677
C_PIECECOORDINATION:0.5043429772340251
C_ROOKANDPAWNMOVEMENT:0.5043429772340251
C_CENTERCONTROL:0.5
C_DEVELOPPIECES:0.5
C_MATERIAL:0.5
