ELO:999
CE_PASSEDPAWNS:0.5070385903799031
CE_PAWNWEAKNESSES:0.5
CE_PIECEACTIVITY:0.5106975816779142
CE_KINGPAWNSHIELD:0.48691230597982565
CE_PIECECOORDINATION:0.5
CE_MATERIAL:0.5
CE_KINGSAFETY:0.5
C_PIECESQUARETABLES:0.5022795829361391
C_MOBILITY:0.49772469066987696
C_KINGSAFETY:0.5
C_PAWNSTRUCTURE:0.4889578146991056
C_PIECECOORDINATION:0.5108676602880842
C_ROOKANDPAWNMOVEMENT:0.5108676602880842
C_CENTERCONTROL:0.5064402069144418
C_DEVELOPPIECES:0.5213895992831947
C_MATERIAL:0.4964240399499687
C_MOVECOUNT:0.5
