ELO:944
CE_PASSEDPAWNS:0.5103047142604064
CE_PAWNWEAKNESSES:0.469448287741063
CE_PIECEACTIVITY:0.4989344231361261
CE_KINGPAWNSHIELD:0.5345721901974482
CE_PIECECOORDINATION:0.5141755345194816
CE_MATERIAL:0.4930871931428654
CE_KINGSAFETY:0.5
C_PIECESQUARETABLES:0.4921984653932463
C_MOBILITY:0.5163893180653847
C_KINGSAFETY:0.5022483359966071
C_PAWNSTRUCTURE:0.49161125304451164
C_PIECECOORDINATION:0.4709028179398745
C_ROOK:0.5008302557855675
CE_ROOK:0.5170784012105969
C_CENTERCONTROL:0.45793314733979584
C_DEVELOPPIECES:0.49729566304143563
C_MATERIAL:0.4746320462225542
C_MOVECOUNT:0.522385328038786
C_PAWNMOVEMENT:0.5339277505856379
