ELO:883
CE_PASSEDPAWNS:0.5296482253765925
CE_PAWNWEAKNESSES:0.43829601930432877
CE_PIECEACTIVITY:0.46520768633081194
CE_KINGPAWNSHIELD:0.5416603989946259
CE_PIECECOORDINATION:0.5143050133882152
CE_MATERIAL:0.48749879213933434
CE_KINGSAFETY:0.5
C_PIECESQUARETABLES:0.5030773259645619
C_MOBILITY:0.5323430694506077
C_KINGSAFETY:0.501423658163812
C_PAWNSTRUCTURE:0.5354036212721555
C_PIECECOORDINATION:0.4489452588998937
C_ROOK:0.5063865938747025
CE_ROOK:0.5228631956058282
C_CENTERCONTROL:0.41500942539776614
C_DEVELOPPIECES:0.5649020952125184
C_MATERIAL:0.4430715063569742
C_MOVECOUNT:0.4983760410018675
C_PAWNMOVEMENT:0.5636033887408441
