ELO:696
CE_PASSEDPAWNS:0.5224121090044219
CE_PAWNWEAKNESSES:0.4596501745387721
CE_PIECEACTIVITY:0.5133943624143773
CE_KINGPAWNSHIELD:0.5195686285430097
CE_PIECECOORDINATION:0.4748052902722813
CE_MATERIAL:0.523764065663355
CE_KINGSAFETY:0.5149241802352866
C_PIECESQUARETABLES:0.4815127689855233
C_MOBILITY:0.5285567209060816
C_KINGSAFETY:0.4918956540954781
C_PAWNSTRUCTURE:0.5820333238610268
C_PIECECOORDINATION:0.3735140905867489
C_ROOKANDPAWNMOVEMENT:0.3735140905867489
C_CENTERCONTROL:0.45574596855113597
C_DEVELOPPIECES:0.4251008982077971
C_MATERIAL:0.47413292711859534
C_MOVECOUNT:0.5
