ELO:651
CE_PASSEDPAWNS:0.48516084249345826
CE_PAWNWEAKNESSES:0.43359957678563604
CE_PIECEACTIVITY:0.48479491776878303
CE_KINGPAWNSHIELD:0.5024229181148747
CE_PIECECOORDINATION:0.42233396682635466
CE_MATERIAL:0.550721415027169
CE_KINGSAFETY:0.5515620292974991
C_PIECESQUARETABLES:0.49739724189982804
C_MOBILITY:0.5599710473225221
C_KINGSAFETY:0.46174216244272365
C_PAWNSTRUCTURE:0.5444768827431754
C_PIECECOORDINATION:0.3910291606153182
C_ROOKANDPAWNMOVEMENT:0.3910291606153182
C_CENTERCONTROL:0.4839125905548557
C_DEVELOPPIECES:0.4416018256855547
C_MATERIAL:0.5079326486387689
C_MOVECOUNT:0.5
