ELO:958
CE_PASSEDPAWNS:0.49419574123581633
CE_PAWNWEAKNESSES:0.4855150979262545
CE_PIECEACTIVITY:0.5281434081966566
CE_KINGPAWNSHIELD:0.37184093292361364
CE_PIECECOORDINATION:0.5608493714117594
CE_MATERIAL:0.5088342823346539
CE_KINGSAFETY:0.5
C_PIECESQUARETABLES:0.5
C_MOBILITY:0.4471731710194883
C_KINGSAFETY:0.4751849325645259
C_PAWNSTRUCTURE:0.5175705610005169
C_PIECECOORDINATION:0.48412488203356646
C_ROOKANDPAWNMOVEMENT:0.48412488203356646
C_CENTERCONTROL:0.5419081515997246
C_DEVELOPPIECES:0.6192005048180664
C_MATERIAL:0.6480006401927535
