ELO:1010
CE_PASSEDPAWNS:0.5
CE_PAWNWEAKNESSES:0.49258313011333665
CE_PIECEACTIVITY:0.5
CE_KINGPAWNSHIELD:0.5
CE_PIECECOORDINATION:0.4988506586711329
CE_MATERIAL:0.5092044454226166
CE_KINGSAFETY:0.5051103427659402
C_PIECESQUARETABLES:0.48970128043963407
C_MOBILITY:0.5
C_KINGSAFETY:0.5060114904232004
C_PAWNSTRUCTURE:0.5
C_PIECECOORDINATION:0.5107674436060686
C_ROOKANDPAWNMOVEMENT:0.5107674436060686
C_CENTERCONTROL:0.5
C_DEVELOPPIECES:0.5
C_MATERIAL:0.5
