ELO:1000
CE_PASSEDPAWNS:0.5038155812591568
CE_PAWNWEAKNESSES:0.4979478514664927
CE_PIECEACTIVITY:0.4961372618381591
CE_KINGPAWNSHIELD:0.5067441729843638
CE_PIECECOORDINATION:0.5
CE_MATERIAL:0.4800647322302788
CE_KINGSAFETY:0.501029788451103
C_PIECESQUARETABLES:0.4845208864163835
C_MOBILITY:0.5049429626571597
C_KINGSAFETY:0.5
C_PAWNSTRUCTURE:0.4862187682309731
C_PIECECOORDINATION:0.49280979611851655
C_ROOKANDPAWNMOVEMENT:0.49280979611851655
C_CENTERCONTROL:0.5
C_DEVELOPPIECES:0.5001161578818379
C_MATERIAL:0.5117587796956604
C_MOVECOUNT:0.48835698250566206
