ELO:1082
CE_PASSEDPAWNS:0.414768507815632
CE_PAWNWEAKNESSES:0.45753908675987287
CE_PIECEACTIVITY:0.42931222046788853
CE_KINGPAWNSHIELD:0.4724108304964183
CE_PIECECOORDINATION:0.4998464374347677
CE_MATERIAL:0.582543681169454
CE_KINGSAFETY:0.5
C_PIECESQUARETABLES:0.5
C_MOBILITY:0.3621911048225555
C_KINGSAFETY:0.38314749704455164
C_PAWNSTRUCTURE:0.6107924151544044
C_PIECECOORDINATION:0.5940188455568061
C_ROOKANDPAWNMOVEMENT:0.5940188455568061
C_CENTERCONTROL:0.5147140926649106
C_DEVELOPPIECES:0.4558360349969171
C_MATERIAL:0.6201906658387899
