ELO:993
CE_PASSEDPAWNS:0.5059278364348767
CE_PAWNWEAKNESSES:0.5079885221770696
CE_PIECEACTIVITY:0.4810293080952845
CE_KINGPAWNSHIELD:0.504479791924972
CE_PIECECOORDINATION:0.4952321679868458
CE_MATERIAL:0.4799140296022869
CE_KINGSAFETY:0.5
C_PIECESQUARETABLES:0.5116372175134878
C_MOBILITY:0.48825817613884553
C_KINGSAFETY:0.4889000515996494
C_PAWNSTRUCTURE:0.489483912509199
C_PIECECOORDINATION:0.4744815353899866
C_ROOKANDPAWNMOVEMENT:0.4744815353899866
C_CENTERCONTROL:0.44247978420506684
C_DEVELOPPIECES:0.4982289901105751
C_MATERIAL:0.5019190801415256
C_MOVECOUNT:0.497140234812694
