ELO:1000
CE_PASSEDPAWNS:0.47936779706475074
CE_PAWNWEAKNESSES:0.5422519830254482
CE_PIECEACTIVITY:0.4960015998363627
CE_KINGPAWNSHIELD:0.5843719035566958
CE_PIECECOORDINATION:0.5294595007902765
CE_MATERIAL:0.4655051454165201
CE_KINGSAFETY:0.5015719259112963
C_PIECESQUARETABLES:0.4841359972420416
C_MOBILITY:0.44582997398996155
C_KINGSAFETY:0.5131388647690246
C_PAWNSTRUCTURE:0.5600317042841623
C_PIECECOORDINATION:0.5159377682250478
C_ROOKANDPAWNMOVEMENT:0.5159377682250478
C_CENTERCONTROL:0.5209034471639648
C_DEVELOPPIECES:0.5022994304131512
C_MATERIAL:0.5230983212283432
