ELO:988
CE_PASSEDPAWNS:0.5
CE_PAWNWEAKNESSES:0.5
CE_PIECEACTIVITY:0.49985724379295676
CE_KINGPAWNSHIELD:0.4831339134156637
CE_PIECECOORDINATION:0.490726822457427
CE_MATERIAL:0.49250258064325114
CE_KINGSAFETY:0.4880584804309256
C_PIECESQUARETABLES:0.4955024641427102
C_MOBILITY:0.48074779761639014
C_KINGSAFETY:0.5000000929232497
C_PAWNSTRUCTURE:0.4905742040124529
C_PIECECOORDINATION:0.4962587537521232
C_ROOK:0.503204529731824
CE_ROOK:0.5050676556633841
C_CENTERCONTROL:0.5194123352050258
C_DEVELOPPIECES:0.49198193557303604
C_MATERIAL:0.510118910017533
C_MOVECOUNT:0.4956816331511536
C_PAWNMOVEMENT:0.5100829697449071
