ELO:975
CE_PASSEDPAWNS:0.5148725058210927
CE_PAWNWEAKNESSES:0.5079885221770696
CE_PIECEACTIVITY:0.47280460395726615
CE_KINGPAWNSHIELD:0.5019460001905339
CE_PIECECOORDINATION:0.4952321679868458
CE_MATERIAL:0.5041601934046063
CE_KINGSAFETY:0.5114469721737487
C_PIECESQUARETABLES:0.4884628909451038
C_MOBILITY:0.5164852175691991
C_KINGSAFETY:0.5000148919852412
C_PAWNSTRUCTURE:0.489483912509199
C_PIECECOORDINATION:0.46579794782354095
C_ROOKANDPAWNMOVEMENT:0.46579794782354095
C_CENTERCONTROL:0.4322691898584044
C_DEVELOPPIECES:0.5073333465327161
C_MATERIAL:0.4868007896104241
C_MOVECOUNT:0.5140658090134499
