ELO:705
CE_PASSEDPAWNS:0.5220685620068402
CE_PAWNWEAKNESSES:0.5430314005523552
CE_PIECEACTIVITY:0.4458322716069783
CE_KINGPAWNSHIELD:0.4905408706214065
CE_PIECECOORDINATION:0.5590563622224326
CE_MATERIAL:0.5236829361908935
CE_KINGSAFETY:0.5375396987650664
C_PIECESQUARETABLES:0.4481258063250274
C_MOBILITY:0.43627775541561764
C_KINGSAFETY:0.5047462772966781
C_PAWNSTRUCTURE:0.5060674576796006
C_PIECECOORDINATION:0.5601339716294393
C_ROOKANDPAWNMOVEMENT:0.5601339716294393
C_CENTERCONTROL:0.6167534770449926
C_DEVELOPPIECES:0.47979442800736194
C_MATERIAL:0.5863707228826531
C_MOVECOUNT:0.47565663817049875
