ELO:1032
CE_PASSEDPAWNS:0.5
CE_PAWNWEAKNESSES:0.49107276696958374
CE_PIECEACTIVITY:0.5110600191539338
CE_KINGPAWNSHIELD:0.5
CE_PIECECOORDINATION:0.5
CE_MATERIAL:0.5
CE_KINGSAFETY:0.497783007902638
C_PIECESQUARETABLES:0.49917865527875777
C_MOBILITY:0.5
C_KINGSAFETY:0.5
C_PAWNSTRUCTURE:0.49192077794217764
C_PIECECOORDINATION:0.5088797414365119
C_ROOKANDPAWNMOVEMENT:0.5088797414365119
C_CENTERCONTROL:0.5
C_DEVELOPPIECES:0.5
C_MATERIAL:0.5
