ELO:1118
CE_PASSEDPAWNS:0.5891086841935638
CE_PAWNWEAKNESSES:0.6046473940964365
CE_PIECEACTIVITY:0.47140985901677784
CE_KINGPAWNSHIELD:0.41079546048010096
CE_PIECECOORDINATION:0.45428053702026777
CE_MATERIAL:0.4605223807999477
CE_KINGSAFETY:0.5251645308580416
C_PIECESQUARETABLES:0.47077170451448125
C_MOBILITY:0.4135064811269224
C_KINGSAFETY:0.4022970408714912
C_PAWNSTRUCTURE:0.5422170315727441
C_PIECECOORDINATION:0.5196504683547392
C_ROOKANDPAWNMOVEMENT:0.5196504683547392
C_CENTERCONTROL:0.5105770125802482
C_DEVELOPPIECES:0.5256733637167624
C_MATERIAL:0.6147186586773704
