ELO:996
CE_PASSEDPAWNS:0.4838169423502293
CE_PAWNWEAKNESSES:0.5200247404693917
CE_PIECEACTIVITY:0.5121393633584368
CE_KINGPAWNSHIELD:0.4900920573933194
CE_PIECECOORDINATION:0.5172598375738047
CE_MATERIAL:0.516039813788584
CE_KINGSAFETY:0.5
C_PIECESQUARETABLES:0.5
C_MOBILITY:0.5
C_KINGSAFETY:0.5051306865404769
C_PAWNSTRUCTURE:0.5020614396525408
C_PIECECOORDINATION:0.49090592943678735
C_ROOKANDPAWNMOVEMENT:0.49090592943678735
C_CENTERCONTROL:0.4921304209695608
C_DEVELOPPIECES:0.4955684325429888
C_MATERIAL:0.49563550226476005
C_MOVECOUNT:0.5
