ELO:1083
CE_PASSEDPAWNS:0.6322190496305983
CE_PAWNWEAKNESSES:0.4919269293680787
CE_PIECEACTIVITY:0.45781428257655515
CE_KINGPAWNSHIELD:0.42383004475907204
CE_PIECECOORDINATION:0.4803925721213925
CE_MATERIAL:0.4392413614810998
CE_KINGSAFETY:0.5
C_PIECESQUARETABLES:0.5
C_MOBILITY:0.4455170774255024
C_KINGSAFETY:0.49440289366521756
C_PAWNSTRUCTURE:0.4520959428271045
C_PIECECOORDINATION:0.4871894776274206
C_ROOKANDPAWNMOVEMENT:0.4871894776274206
C_CENTERCONTROL:0.49897720219667785
C_DEVELOPPIECES:0.464302331748555
C_MATERIAL:0.3990289249372196
