ELO:972
CE_PASSEDPAWNS:0.5009123203784458
CE_PAWNWEAKNESSES:0.4880578225096845
CE_PIECEACTIVITY:0.49586387092097833
CE_KINGPAWNSHIELD:0.48923011398812205
CE_PIECECOORDINATION:0.5092514087161539
CE_MATERIAL:0.5
CE_KINGSAFETY:0.49609448917760246
C_PIECESQUARETABLES:0.50780711387969
C_MOBILITY:0.49170308991675554
C_KINGSAFETY:0.5
C_PAWNSTRUCTURE:0.49296232303237125
C_PIECECOORDINATION:0.4819008142220698
C_ROOKANDPAWNMOVEMENT:0.4819008142220698
C_CENTERCONTROL:0.5065500694202406
C_DEVELOPPIECES:0.5058490374831565
C_MATERIAL:0.49546325564305543
