ELO:1009
CE_PASSEDPAWNS:0.49980450154626327
CE_PAWNWEAKNESSES:0.4971655837239583
CE_PIECEACTIVITY:0.48184201556346357
CE_KINGPAWNSHIELD:0.4950539436999927
CE_PIECECOORDINATION:0.4784054056242106
CE_MATERIAL:0.5252169176816431
CE_KINGSAFETY:0.5
C_PIECESQUARETABLES:0.49379317020687347
C_MOBILITY:0.47869077114981246
C_KINGSAFETY:0.5477522944048873
C_PAWNSTRUCTURE:0.4840263764351816
C_PIECECOORDINATION:0.5254752878545315
C_ROOK:0.49488474241333574
CE_ROOK:0.4929018753761603
C_CENTERCONTROL:0.48776195360235686
C_DEVELOPPIECES:0.4790426363581007
C_MATERIAL:0.45881160355151296
C_MOVECOUNT:0.49281670255969434
C_PAWNMOVEMENT:0.5255969999201114
