ELO:993
CE_PASSEDPAWNS:0.4647729543766325
CE_PAWNWEAKNESSES:0.5062808226291382
CE_PIECEACTIVITY:0.47889937515046843
CE_KINGPAWNSHIELD:0.5254319524687914
CE_PIECECOORDINATION:0.4784054056242106
CE_MATERIAL:0.4899789409136263
CE_KINGSAFETY:0.4898550368139001
C_PIECESQUARETABLES:0.5
C_MOBILITY:0.5214984924817049
C_KINGSAFETY:0.5477522944048873
C_PAWNSTRUCTURE:0.5037670155328935
C_PIECECOORDINATION:0.5100482816012576
C_ROOK:0.4949345186986664
CE_ROOK:0.49975443570546857
C_CENTERCONTROL:0.4853515242708038
C_DEVELOPPIECES:0.5024579837729131
C_MATERIAL:0.4574004888920689
C_MOVECOUNT:0.5
C_PAWNMOVEMENT:0.5164108962511521
