ELO:1131
CE_PASSEDPAWNS:0.4197095893822424
CE_PAWNWEAKNESSES:0.45774551443217687
CE_PIECEACTIVITY:0.39635184151541014
CE_KINGPAWNSHIELD:0.4467497567991595
CE_PIECECOORDINATION:0.5273831047927284
CE_MATERIAL:0.48144944841874326
CE_KINGSAFETY:0.5
C_PIECESQUARETABLES:0.5
C_MOBILITY:0.3528883718889461
C_KINGSAFETY:0.38760738330964906
C_PAWNSTRUCTURE:0.5268921990292897
C_PIECECOORDINATION:0.5824912919337145
C_ROOKANDPAWNMOVEMENT:0.5824912919337145
C_CENTERCONTROL:0.5405540755029983
C_DEVELOPPIECES:0.429642881437066
C_MATERIAL:0.622840321325036
