ELO:1152
CE_PASSEDPAWNS:0.45388094737413365
CE_PAWNWEAKNESSES:0.5867378535677306
CE_PIECEACTIVITY:0.45731317843015934
CE_KINGPAWNSHIELD:0.47007856838159223
CE_PIECECOORDINATION:0.4873020158659769
CE_MATERIAL:0.3542837688018669
CE_KINGSAFETY:0.5
C_PIECESQUARETABLES:0.5
C_MOBILITY:0.4545295946449884
C_KINGSAFETY:0.39915668343505367
C_PAWNSTRUCTURE:0.5565549327089838
C_PIECECOORDINATION:0.6006842502071948
C_ROOKANDPAWNMOVEMENT:0.6006842502071948
C_CENTERCONTROL:0.4910158207041803
C_DEVELOPPIECES:0.4763303950629413
C_MATERIAL:0.533923652306625
