ELO:920
CE_PASSEDPAWNS:0.5105371581494954
CE_PAWNWEAKNESSES:0.5270439722380845
CE_PIECEACTIVITY:0.49185322931990444
CE_KINGPAWNSHIELD:0.49278576517049094
CE_PIECECOORDINATION:0.5023924392595825
CE_MATERIAL:0.4991222616958628
CE_KINGSAFETY:0.5
C_PIECESQUARETABLES:0.49717071365521365
C_MOBILITY:0.5022988296653699
C_KINGSAFETY:0.5149795179802398
C_PAWNSTRUCTURE:0.5371667549032196
C_PIECECOORDINATION:0.41268125292321917
C_ROOKANDPAWNMOVEMENT:0.41268125292321917
C_CENTERCONTROL:0.5169432806230586
C_DEVELOPPIECES:0.504927194350647
C_MATERIAL:0.4811219826748294
C_MOVECOUNT:0.4999132267179733
