ELO:935
CE_PASSEDPAWNS:0.49661179668603583
CE_PAWNWEAKNESSES:0.4900083107429016
CE_PIECEACTIVITY:0.5206218090167932
CE_KINGPAWNSHIELD:0.4873126963136728
CE_PIECECOORDINATION:0.4520770940252211
CE_MATERIAL:0.5049248205511747
CE_KINGSAFETY:0.5115087875534534
C_PIECESQUARETABLES:0.48092421693912163
C_MOBILITY:0.5321489120694565
C_KINGSAFETY:0.5186657598083304
C_PAWNSTRUCTURE:0.5106367546896062
C_PIECECOORDINATION:0.5004725367049185
C_ROOKANDPAWNMOVEMENT:0.5004725367049185
C_CENTERCONTROL:0.49761766531570994
C_DEVELOPPIECES:0.4829017053481958
C_MATERIAL:0.4890352422076807
C_MOVECOUNT:0.5
