ELO:967
CE_PASSEDPAWNS:0.3738177399969513
CE_PAWNWEAKNESSES:0.6125397233396531
CE_PIECEACTIVITY:0.5207762824866314
CE_KINGPAWNSHIELD:0.6179393827085907
CE_PIECECOORDINATION:0.5702557214503352
CE_MATERIAL:0.3591128983656548
CE_KINGSAFETY:0.48122890603107854
C_PIECESQUARETABLES:0.46345409848189656
C_MOBILITY:0.4995567674834193
C_KINGSAFETY:0.5820017148198661
C_PAWNSTRUCTURE:0.5232090489244762
C_PIECECOORDINATION:0.46968346459135446
C_ROOKANDPAWNMOVEMENT:0.46968346459135446
C_CENTERCONTROL:0.41336015981216684
C_DEVELOPPIECES:0.3966036485287389
C_MATERIAL:0.5093455394984785
