ELO:984
CE_PASSEDPAWNS:0.4784629956714918
CE_PAWNWEAKNESSES:0.5736932526068856
CE_PIECEACTIVITY:0.5231085180010998
CE_KINGPAWNSHIELD:0.6024414840325085
CE_PIECECOORDINATION:0.5743265722777192
CE_MATERIAL:0.42072119816698683
CE_KINGSAFETY:0.5
C_PIECESQUARETABLES:0.5157693605012784
C_MOBILITY:0.4847652700014
C_KINGSAFETY:0.5105395037922756
C_PAWNSTRUCTURE:0.5403979399972074
C_PIECECOORDINATION:0.48207486819531425
C_ROOKANDPAWNMOVEMENT:0.48207486819531425
C_CENTERCONTROL:0.4979588410365928
C_DEVELOPPIECES:0.3910659238727375
C_MATERIAL:0.5387996088513582
