ELO:988
CE_PASSEDPAWNS:0.5051185670837015
CE_PAWNWEAKNESSES:0.49671768820187934
CE_PIECEACTIVITY:0.511429652610768
CE_KINGPAWNSHIELD:0.4950539436999927
CE_PIECECOORDINATION:0.4963035936609054
CE_MATERIAL:0.4946562947479564
CE_KINGSAFETY:0.5107767057720601
C_PIECESQUARETABLES:0.5
C_MOBILITY:0.47320235614062917
C_KINGSAFETY:0.5000000929232497
C_PAWNSTRUCTURE:0.5061294605325327
C_PIECECOORDINATION:0.5060784882504251
C_ROOK:0.5070161642916675
CE_ROOK:0.5050676556633841
C_CENTERCONTROL:0.5030193848892779
C_DEVELOPPIECES:0.4998289068981433
C_MATERIAL:0.5159061579292518
C_MOVECOUNT:0.4863952504008403
C_PAWNMOVEMENT:0.5255969999201114
