ELO:739
CE_PASSEDPAWNS:0.46609168387092204
CE_PAWNWEAKNESSES:0.4931333876021057
CE_PIECEACTIVITY:0.40904198724293467
CE_KINGPAWNSHIELD:0.5491642525086838
CE_PIECECOORDINATION:0.5060668606866955
CE_MATERIAL:0.47685842356860525
CE_KINGSAFETY:0.4780705411002898
C_PIECESQUARETABLES:0.47312555503459186
C_MOBILITY:0.4806151904955821
C_KINGSAFETY:0.519284316922914
C_PAWNSTRUCTURE:0.46021124268419594
C_PIECECOORDINATION:0.4122380069083934
C_ROOKANDPAWNMOVEMENT:0.4122380069083934
C_CENTERCONTROL:0.5536807207041546
C_DEVELOPPIECES:0.5283797803374435
C_MATERIAL:0.5319134819356444
C_MOVECOUNT:0.5192039181792623
