ELO:1141
CE_PASSEDPAWNS:0.503008398271709
CE_PAWNWEAKNESSES:0.43355434220033207
CE_PIECEACTIVITY:0.4140941890790589
CE_KINGPAWNSHIELD:0.4873640784077908
CE_PIECECOORDINATION:0.47241335711600324
CE_MATERIAL:0.5232515991107118
CE_KINGSAFETY:0.5
C_PIECESQUARETABLES:0.5
C_MOBILITY:0.5649940699021165
C_KINGSAFETY:0.4381439392252424
C_PAWNSTRUCTURE:0.5511810051279755
C_PIECECOORDINATION:0.591021023076461
C_ROOKANDPAWNMOVEMENT:0.591021023076461
C_CENTERCONTROL:0.5200534090186267
C_DEVELOPPIECES:0.4590882314975813
C_MATERIAL:0.5106960349283816
