ELO:1250
CE_PASSEDPAWNS:0.4585932892608227
CE_PAWNWEAKNESSES:0.540257495688603
CE_PIECEACTIVITY:0.4255948402422537
CE_KINGPAWNSHIELD:0.4018912664076091
CE_PIECECOORDINATION:0.5065239077532891
CE_MATERIAL:0.493723997509786
CE_KINGSAFETY:0.5
C_PIECESQUARETABLES:0.5
C_MOBILITY:0.41792218430326816
C_KINGSAFETY:0.3511563187462361
C_PAWNSTRUCTURE:0.5200092738326119
C_PIECECOORDINATION:0.5408113181649312
C_ROOKANDPAWNMOVEMENT:0.5408113181649312
C_CENTERCONTROL:0.5147140926649106
C_DEVELOPPIECES:0.5659090897749514
C_MATERIAL:0.5594049596052624
