ELO:715
CE_PASSEDPAWNS:0.543229299269037
CE_PAWNWEAKNESSES:0.5342307869693999
CE_PIECEACTIVITY:0.4481327124283419
CE_KINGPAWNSHIELD:0.43702182506678466
CE_PIECECOORDINATION:0.5205871173399376
CE_MATERIAL:0.5762544897196902
CE_KINGSAFETY:0.5095619415541613
C_PIECESQUARETABLES:0.48921580366821604
C_MOBILITY:0.42152963126556875
C_KINGSAFETY:0.5187739404592452
C_PAWNSTRUCTURE:0.5007333340750129
C_PIECECOORDINATION:0.5836481293136633
C_ROOKANDPAWNMOVEMENT:0.5836481293136633
C_CENTERCONTROL:0.5766334684207232
C_DEVELOPPIECES:0.5004298393069674
C_MATERIAL:0.5251575085214527
C_MOVECOUNT:0.5
