ELO:974
CE_PASSEDPAWNS:0.4402075197897507
CE_PAWNWEAKNESSES:0.5879309462296473
CE_PIECEACTIVITY:0.5168062064286563
CE_KINGPAWNSHIELD:0.5975611070700009
CE_PIECECOORDINATION:0.5589809996235368
CE_MATERIAL:0.4298898011667006
CE_KINGSAFETY:0.5042693856881666
C_PIECESQUARETABLES:0.5039996391361227
C_MOBILITY:0.5216811935065154
C_KINGSAFETY:0.5102356542536338
C_PAWNSTRUCTURE:0.5286493241454511
C_PIECECOORDINATION:0.4681212788788357
C_ROOKANDPAWNMOVEMENT:0.4681212788788357
C_CENTERCONTROL:0.46540718268149767
C_DEVELOPPIECES:0.38759164470092794
C_MATERIAL:0.5341127418022691
