ELO:988
CE_PASSEDPAWNS:0.4936983652857483
CE_PAWNWEAKNESSES:0.5209919127123674
CE_PIECEACTIVITY:0.5077719313952975
CE_KINGPAWNSHIELD:0.5111933454583657
CE_PIECECOORDINATION:0.49809381744120207
CE_MATERIAL:0.5017505348848279
CE_KINGSAFETY:0.5
C_PIECESQUARETABLES:0.5
C_MOBILITY:0.5441154494346204
C_KINGSAFETY:0.5
C_PAWNSTRUCTURE:0.4627254109869462
C_PIECECOORDINATION:0.5
C_ROOKANDPAWNMOVEMENT:0.5
C_CENTERCONTROL:0.506217355931156
C_DEVELOPPIECES:0.49195625245756447
C_MATERIAL:0.5138982564951698
C_MOVECOUNT:0.5
