ELO:1006
CE_PASSEDPAWNS:0.4547813293207352
CE_PAWNWEAKNESSES:0.5099573218416275
CE_PIECEACTIVITY:0.6244233064881777
CE_KINGPAWNSHIELD:0.44600764767306644
CE_PIECECOORDINATION:0.6131677141979838
CE_MATERIAL:0.4958925190220421
CE_KINGSAFETY:0.5
C_PIECESQUARETABLES:0.5
C_MOBILITY:0.42707119650261405
C_KINGSAFETY:0.6258587810633238
C_PAWNSTRUCTURE:0.6359391370250999
C_PIECECOORDINATION:0.617331207451572
C_ROOKANDPAWNMOVEMENT:0.617331207451572
C_CENTERCONTROL:0.35247221210914587
C_DEVELOPPIECES:0.5020277978786326
C_MATERIAL:0.622840321325036
