ELO:935
CE_PASSEDPAWNS:0.5074373366328637
CE_PAWNWEAKNESSES:0.5089431283817814
CE_PIECEACTIVITY:0.4814917963949462
CE_KINGPAWNSHIELD:0.4580278063872346
CE_PIECECOORDINATION:0.48345533056180023
CE_MATERIAL:0.46797090413978176
CE_KINGSAFETY:0.5077762125703649
C_PIECESQUARETABLES:0.49534335235920607
C_MOBILITY:0.5262560660738433
C_KINGSAFETY:0.5167944276145516
C_PAWNSTRUCTURE:0.4800596844746195
C_PIECECOORDINATION:0.5426424336757613
C_ROOK:0.48470186523229436
CE_ROOK:0.5127674301407987
C_CENTERCONTROL:0.46991504260935546
C_DEVELOPPIECES:0.5371886375514069
C_MATERIAL:0.49077745017460805
C_MOVECOUNT:0.5077184903769306
C_PAWNMOVEMENT:0.5121836601701277
