ELO:1000
CE_PASSEDPAWNS:0.49098378114527014
CE_PAWNWEAKNESSES:0.5073814252000408
CE_PIECEACTIVITY:0.4969530366502027
CE_KINGPAWNSHIELD:0.5123087274788041
CE_PIECECOORDINATION:0.5069446734942076
CE_MATERIAL:0.4970007863584813
CE_KINGSAFETY:0.49247731588018223
C_PIECESQUARETABLES:0.49259174088806024
C_MOBILITY:0.4964438975144068
C_KINGSAFETY:0.4985039362213813
C_PAWNSTRUCTURE:0.5097652205238049
C_PIECECOORDINATION:0.5044595379879097
C_ROOKANDPAWNMOVEMENT:0.5044595379879097
C_CENTERCONTROL:0.5021319053148383
C_DEVELOPPIECES:0.5377957570270415
C_MATERIAL:0.5
