ELO:1054
CE_PASSEDPAWNS:0.4382366343002822
CE_PAWNWEAKNESSES:0.42326222339584574
CE_PIECEACTIVITY:0.4159871763666937
CE_KINGPAWNSHIELD:0.39452144957275465
CE_PIECECOORDINATION:0.4687120784050399
CE_MATERIAL:0.5576211995696057
CE_KINGSAFETY:0.5
C_PIECESQUARETABLES:0.5
C_MOBILITY:0.3621911048225555
C_KINGSAFETY:0.4598050911355462
C_PAWNSTRUCTURE:0.5122675472858035
C_PIECECOORDINATION:0.5546562877460437
C_ROOKANDPAWNMOVEMENT:0.5546562877460437
C_CENTERCONTROL:0.48833387149675983
C_DEVELOPPIECES:0.5004134577692269
C_MATERIAL:0.619817240506904
