ELO:987
CE_PASSEDPAWNS:0.4904488339173601
CE_PAWNWEAKNESSES:0.5785644054761675
CE_PIECEACTIVITY:0.5277049325699802
CE_KINGPAWNSHIELD:0.5815406325223095
CE_PIECECOORDINATION:0.552019437212596
CE_MATERIAL:0.4365802525191229
CE_KINGSAFETY:0.5
C_PIECESQUARETABLES:0.5
C_MOBILITY:0.4331953634153126
C_KINGSAFETY:0.5010561116571854
C_PAWNSTRUCTURE:0.5613181431063498
C_PIECECOORDINATION:0.4603419770389499
C_ROOKANDPAWNMOVEMENT:0.4603419770389499
C_CENTERCONTROL:0.5165684143322693
C_DEVELOPPIECES:0.477062338171873
C_MATERIAL:0.539750578164089
