ELO:1007
CE_PASSEDPAWNS:0.39792981371987557
CE_PAWNWEAKNESSES:0.4449176979510626
CE_PIECEACTIVITY:0.5643668115633911
CE_KINGPAWNSHIELD:0.37184093292361364
CE_PIECECOORDINATION:0.6092782055877115
CE_MATERIAL:0.540383494701908
CE_KINGSAFETY:0.5
C_PIECESQUARETABLES:0.5
C_MOBILITY:0.6026464392976837
C_KINGSAFETY:0.5269004903038758
C_PAWNSTRUCTURE:0.6086893908681681
C_PIECECOORDINATION:0.5827958732663536
C_ROOKANDPAWNMOVEMENT:0.5827958732663536
C_CENTERCONTROL:0.48833387149675983
C_DEVELOPPIECES:0.4528871175720382
C_MATERIAL:0.622840321325036
