ELO:1019
CE_PASSEDPAWNS:0.5094135357455077
CE_PAWNWEAKNESSES:0.49452300973831886
CE_PIECEACTIVITY:0.5067659198507332
CE_KINGPAWNSHIELD:0.5073275327851908
CE_PIECECOORDINATION:0.5
CE_MATERIAL:0.5090021530545671
CE_KINGSAFETY:0.5069925338581021
C_PIECESQUARETABLES:0.49409478143969837
C_MOBILITY:0.5
C_KINGSAFETY:0.4947821557291275
C_PAWNSTRUCTURE:0.49486082019198974
C_PIECECOORDINATION:0.5
C_ROOKANDPAWNMOVEMENT:0.5
C_CENTERCONTROL:0.48797464234400817
C_DEVELOPPIECES:0.5
C_MATERIAL:0.49990812313399413
C_MOVECOUNT:0.48941368108446187
