ELO:1011
CE_PASSEDPAWNS:0.510656337481784
CE_PAWNWEAKNESSES:0.5
CE_PIECEACTIVITY:0.5105980205099326
CE_KINGPAWNSHIELD:0.5121540620375344
CE_PIECECOORDINATION:0.5021274304803809
CE_MATERIAL:0.5078068646755894
CE_KINGSAFETY:0.49262335263663715
C_PIECESQUARETABLES:0.5
C_MOBILITY:0.5
C_KINGSAFETY:0.5
C_PAWNSTRUCTURE:0.5062067933299558
C_PIECECOORDINATION:0.5
C_ROOKANDPAWNMOVEMENT:0.5
C_CENTERCONTROL:0.5004564438341318
C_DEVELOPPIECES:0.4994386304188024
C_MATERIAL:0.5
C_MOVECOUNT:0.5
