ELO:1037
CE_PASSEDPAWNS:0.4981452674527111
CE_PAWNWEAKNESSES:0.5
CE_PIECEACTIVITY:0.502556495991248
CE_KINGPAWNSHIELD:0.5
CE_PIECECOORDINATION:0.5050112861436514
CE_MATERIAL:0.5002006686623569
CE_KINGSAFETY:0.5023734095477619
C_PIECESQUARETABLES:0.5
C_MOBILITY:0.4950620628226104
C_KINGSAFETY:0.510120817023556
C_PAWNSTRUCTURE:0.5
C_PIECECOORDINATION:0.5092317598422198
C_ROOKANDPAWNMOVEMENT:0.5092317598422198
C_CENTERCONTROL:0.4985861863475893
C_DEVELOPPIECES:0.5111830902862083
C_MATERIAL:0.5
