ELO:1051
CE_PASSEDPAWNS:0.4320767389669245
CE_PAWNWEAKNESSES:0.445648032906584
CE_PIECEACTIVITY:0.5958989687193503
CE_KINGPAWNSHIELD:0.46577044741797696
CE_PIECECOORDINATION:0.5187409233562473
CE_MATERIAL:0.43667691054526553
CE_KINGSAFETY:0.5012457021379318
C_PIECESQUARETABLES:0.4960630046114458
C_MOBILITY:0.46882038076630383
C_KINGSAFETY:0.6479482748930212
C_PAWNSTRUCTURE:0.4015501344824558
C_PIECECOORDINATION:0.5035381001987554
C_ROOKANDPAWNMOVEMENT:0.5035381001987554
C_CENTERCONTROL:0.5230845178404235
C_DEVELOPPIECES:0.5067337972906372
C_MATERIAL:0.39148540524483366
