ELO:988
CE_PASSEDPAWNS:0.4888796899479835
CE_PAWNWEAKNESSES:0.5600878712800853
CE_PIECEACTIVITY:0.49918037428782164
CE_KINGPAWNSHIELD:0.5977933121333864
CE_PIECECOORDINATION:0.5372229813612117
CE_MATERIAL:0.4560976279397603
CE_KINGSAFETY:0.5024843111725424
C_PIECESQUARETABLES:0.4771948002303362
C_MOBILITY:0.4169055911844445
C_KINGSAFETY:0.49794703400101653
C_PAWNSTRUCTURE:0.5346558836053171
C_PIECECOORDINATION:0.48345855211561833
C_ROOKANDPAWNMOVEMENT:0.48345855211561833
C_CENTERCONTROL:0.5218004896733605
C_DEVELOPPIECES:0.47728270314052224
C_MATERIAL:0.5388968038809496
