ELO:955
CE_PASSEDPAWNS:0.4983279924911112
CE_PAWNWEAKNESSES:0.5000328291889602
CE_PIECEACTIVITY:0.49378244678473426
CE_KINGPAWNSHIELD:0.5767886883957904
CE_PIECECOORDINATION:0.43218087716926484
CE_MATERIAL:0.4957004086323476
CE_KINGSAFETY:0.4908470505951256
C_PIECESQUARETABLES:0.48521341171692217
C_MOBILITY:0.5178023695630268
C_KINGSAFETY:0.51056386537576
C_PAWNSTRUCTURE:0.510145604695556
C_PIECECOORDINATION:0.45973331010939644
C_ROOKANDPAWNMOVEMENT:0.45973331010939644
C_CENTERCONTROL:0.48843132320671734
C_DEVELOPPIECES:0.4693761254151244
C_MATERIAL:0.5027864114883297
C_MOVECOUNT:0.5
