ELO:852
CE_PASSEDPAWNS:0.44659550198532716
CE_PAWNWEAKNESSES:0.4910124671279776
CE_PIECEACTIVITY:0.44717587460414393
CE_KINGPAWNSHIELD:0.5377471640444111
CE_PIECECOORDINATION:0.4694982401682302
CE_MATERIAL:0.5268626941352729
CE_KINGSAFETY:0.5446401105332773
C_PIECESQUARETABLES:0.4514201662011776
C_MOBILITY:0.5443897314642584
C_KINGSAFETY:0.48128838626413684
C_PAWNSTRUCTURE:0.4772117153341596
C_PIECECOORDINATION:0.3825124090785955
C_ROOKANDPAWNMOVEMENT:0.3825124090785955
C_CENTERCONTROL:0.5423721475547847
C_DEVELOPPIECES:0.5125500663547344
C_MATERIAL:0.5434756862663201
C_MOVECOUNT:0.609329579251105
