ELO:879
CE_PASSEDPAWNS:0.5431779173131918
CE_PAWNWEAKNESSES:0.5028857269723525
CE_PIECEACTIVITY:0.3966024187577632
CE_KINGPAWNSHIELD:0.5140147311375678
CE_PIECECOORDINATION:0.45807879437954346
CE_MATERIAL:0.548539606622782
CE_KINGSAFETY:0.506130385946023
C_PIECESQUARETABLES:0.4571278146197841
C_MOBILITY:0.48711878336913705
C_KINGSAFETY:0.4918364347311955
C_PAWNSTRUCTURE:0.4734183572864146
C_PIECECOORDINATION:0.5201271166314076
C_ROOKANDPAWNMOVEMENT:0.5201271166314076
C_CENTERCONTROL:0.5480230048812859
C_DEVELOPPIECES:0.5237910016226123
C_MATERIAL:0.5696742419832749
C_MOVECOUNT:0.5
