ELO:1061
CE_PASSEDPAWNS:0.5631276367680736
CE_PAWNWEAKNESSES:0.5241082019211586
CE_PIECEACTIVITY:0.44561656406994316
CE_KINGPAWNSHIELD:0.39452144957275465
CE_PIECECOORDINATION:0.4687120784050399
CE_MATERIAL:0.5061029840654949
CE_KINGSAFETY:0.5
C_PIECESQUARETABLES:0.4827790365405988
C_MOBILITY:0.5649940699021165
C_KINGSAFETY:0.36739294874799294
C_PAWNSTRUCTURE:0.6086893908681681
C_PIECECOORDINATION:0.5718488361848372
C_ROOKANDPAWNMOVEMENT:0.5718488361848372
C_CENTERCONTROL:0.4906048030664564
C_DEVELOPPIECES:0.5004134577692269
C_MATERIAL:0.622840321325036
