ELO:987
CE_PASSEDPAWNS:0.48724926187593387
CE_PAWNWEAKNESSES:0.5685620403380299
CE_PIECEACTIVITY:0.5067518676591636
CE_KINGPAWNSHIELD:0.5903193313673392
CE_PIECECOORDINATION:0.5316109799788507
CE_MATERIAL:0.4380635008874751
CE_KINGSAFETY:0.49726134273899036
C_PIECESQUARETABLES:0.5
C_MOBILITY:0.4331953634153126
C_KINGSAFETY:0.4873829892776875
C_PAWNSTRUCTURE:0.5354044804547322
C_PIECECOORDINATION:0.4780784229119
C_ROOKANDPAWNMOVEMENT:0.4780784229119
C_CENTERCONTROL:0.516907968566395
C_DEVELOPPIECES:0.4546539044982277
C_MATERIAL:0.5303513125548925
