ELO:955
CE_PASSEDPAWNS:0.4507897423813468
CE_PAWNWEAKNESSES:0.6183871452122774
CE_PIECEACTIVITY:0.5223096770718748
CE_KINGPAWNSHIELD:0.6241618052000366
CE_PIECECOORDINATION:0.5647333210565348
CE_MATERIAL:0.42271228895801044
CE_KINGSAFETY:0.5165275761908236
C_PIECESQUARETABLES:0.49509835933346774
C_MOBILITY:0.5242948520625669
C_KINGSAFETY:0.5201608141224138
C_PAWNSTRUCTURE:0.5022197747683641
C_PIECECOORDINATION:0.44711088479654226
C_ROOKANDPAWNMOVEMENT:0.44711088479654226
C_CENTERCONTROL:0.43295828799663355
C_DEVELOPPIECES:0.38763071913777525
C_MATERIAL:0.5253576299867119
