ELO:952
CE_PASSEDPAWNS:0.49889141587892233
CE_PAWNWEAKNESSES:0.49722126183467086
CE_PIECEACTIVITY:0.5050493024944146
CE_KINGPAWNSHIELD:0.47517210819370004
CE_PIECECOORDINATION:0.48239797727311223
CE_MATERIAL:0.5082648255067095
CE_KINGSAFETY:0.5062280928422414
C_PIECESQUARETABLES:0.4971479939442009
C_MOBILITY:0.4858490460782888
C_KINGSAFETY:0.49235198093149524
C_PAWNSTRUCTURE:0.5014041537275697
C_PIECECOORDINATION:0.5
C_ROOKANDPAWNMOVEMENT:0.5
C_CENTERCONTROL:0.5
C_DEVELOPPIECES:0.5080468600329963
C_MATERIAL:0.4941872362274734
C_MOVECOUNT:0.5029124796092231
