ELO:968
CE_PASSEDPAWNS:0.5270740881101394
CE_PAWNWEAKNESSES:0.529273206610434
CE_PIECEACTIVITY:0.49429200115689387
CE_KINGPAWNSHIELD:0.4567440598132158
CE_PIECECOORDINATION:0.47880843260715394
CE_MATERIAL:0.4842056406862006
CE_KINGSAFETY:0.5
C_PIECESQUARETABLES:0.5
C_MOBILITY:0.4863258958123806
C_KINGSAFETY:0.5042073236741071
C_PAWNSTRUCTURE:0.4752434061058694
C_PIECECOORDINATION:0.49222839429414805
C_ROOK:0.5007168017806173
CE_ROOK:0.504678481729518
C_CENTERCONTROL:0.5096640291727689
C_DEVELOPPIECES:0.4843142030511024
C_MATERIAL:0.4551918042323389
C_MOVECOUNT:0.5091021932424982
C_PAWNMOVEMENT:0.4877715858829073
