ELO:1006
CE_PASSEDPAWNS:0.5
CE_PAWNWEAKNESSES:0.499335902467868
CE_PIECEACTIVITY:0.5151923613082321
CE_KINGPAWNSHIELD:0.5
CE_PIECECOORDINATION:0.5
CE_MATERIAL:0.5191678368089495
CE_KINGSAFETY:0.5161256171676403
C_PIECESQUARETABLES:0.5082598413204976
C_MOBILITY:0.5
C_KINGSAFETY:0.49087747327824643
C_PAWNSTRUCTURE:0.48203524525057445
C_PIECECOORDINATION:0.5180194050517636
C_ROOKANDPAWNMOVEMENT:0.5180194050517636
C_CENTERCONTROL:0.4978460659064961
C_DEVELOPPIECES:0.49867203509948493
C_MATERIAL:0.5231403518606861
C_MOVECOUNT:0.5
