ELO:947
CE_PASSEDPAWNS:0.5387749224890938
CE_PAWNWEAKNESSES:0.6063039555077423
CE_PIECEACTIVITY:0.49473946093559196
CE_KINGPAWNSHIELD:0.5429388067943722
CE_PIECECOORDINATION:0.4934705387636077
CE_MATERIAL:0.5298829880375857
CE_KINGSAFETY:0.49358472428688954
C_PIECESQUARETABLES:0.4806525650339545
C_MOBILITY:0.4937956934599648
C_KINGSAFETY:0.518514723818191
C_PAWNSTRUCTURE:0.432592902095263
C_PIECECOORDINATION:0.5747434403780927
C_ROOKANDPAWNMOVEMENT:0.5747434403780927
C_CENTERCONTROL:0.5919458712808304
C_DEVELOPPIECES:0.47702211723906485
C_MATERIAL:0.5314419188078389
