ELO:951
CE_PASSEDPAWNS:0.48917685590042637
CE_PAWNWEAKNESSES:0.5005128529939937
CE_PIECEACTIVITY:0.5000446035212813
CE_KINGPAWNSHIELD:0.487756446478598
CE_PIECECOORDINATION:0.5214851653767925
CE_MATERIAL:0.4913344729709293
CE_KINGSAFETY:0.5051407412222515
C_PIECESQUARETABLES:0.5222364762500531
C_MOBILITY:0.5047677373918952
C_KINGSAFETY:0.49546851196605446
C_PAWNSTRUCTURE:0.4950010355932308
C_PIECECOORDINATION:0.4968063105605055
C_ROOK:0.4921903930229437
CE_ROOK:0.49498110232032566
C_CENTERCONTROL:0.4934226334911783
C_DEVELOPPIECES:0.5030895043110392
C_MATERIAL:0.4863086932166184
C_MOVECOUNT:0.49397151711060705
C_PAWNMOVEMENT:0.5038695934319194
