ELO:1001
CE_PASSEDPAWNS:0.47450298205620545
CE_PAWNWEAKNESSES:0.5026700644604273
CE_PIECEACTIVITY:0.5176415780810288
CE_KINGPAWNSHIELD:0.5031750223237406
CE_PIECECOORDINATION:0.4961217920211382
CE_MATERIAL:0.5227094173707053
CE_KINGSAFETY:0.5
C_PIECESQUARETABLES:0.5
C_MOBILITY:0.44286353301005804
C_KINGSAFETY:0.49723960976070763
C_PAWNSTRUCTURE:0.49277735736716133
C_PIECECOORDINATION:0.47291230576532917
C_ROOK:0.48783969049628706
CE_ROOK:0.503614211209282
C_CENTERCONTROL:0.4920725275443621
C_DEVELOPPIECES:0.45604698656746484
C_MATERIAL:0.5028110968219632
C_MOVECOUNT:0.50605703832178
C_PAWNMOVEMENT:0.5400932642649898
