ELO:928
CE_PASSEDPAWNS:0.5180425840587194
CE_PAWNWEAKNESSES:0.501933263992818
CE_PIECEACTIVITY:0.5028071003608829
CE_KINGPAWNSHIELD:0.5023378737381518
CE_PIECECOORDINATION:0.504088945906077
CE_MATERIAL:0.48786553142350336
CE_KINGSAFETY:0.49387853763448264
C_PIECESQUARETABLES:0.48861818740535995
C_MOBILITY:0.47007113846621107
C_KINGSAFETY:0.4674544636456023
C_PAWNSTRUCTURE:0.4741041503919445
C_PIECECOORDINATION:0.5058139148344488
C_ROOKANDPAWNMOVEMENT:0.5058139148344488
C_CENTERCONTROL:0.4923511442887849
C_DEVELOPPIECES:0.5059451064992849
C_MATERIAL:0.5048215682934593
C_MOVECOUNT:0.49642282531138626
