ELO:505
CE_PASSEDPAWNS:0.5632193298386177
CE_PAWNWEAKNESSES:0.45179589448631957
CE_PIECEACTIVITY:0.44011083422258385
CE_KINGPAWNSHIELD:0.5616180901614091
CE_PIECECOORDINATION:0.49458757864009967
CE_MATERIAL:0.6098731303430321
CE_KINGSAFETY:0.5067218203879192
C_PIECESQUARETABLES:0.5
C_MOBILITY:0.46866908036025007
C_KINGSAFETY:0.48162832189302845
C_PAWNSTRUCTURE:0.5614946314784091
C_PIECECOORDINATION:0.40603252064370915
C_ROOKANDPAWNMOVEMENT:0.40603252064370915
C_CENTERCONTROL:0.5427233486801425
C_DEVELOPPIECES:0.5582912657458513
C_MATERIAL:0.7021236308878906
C_MOVECOUNT:0.509674961656393
