ELO:963
CE_PASSEDPAWNS:0.5342606397449576
CE_PAWNWEAKNESSES:0.5134826852215368
CE_PIECEACTIVITY:0.49815437648861843
CE_KINGPAWNSHIELD:0.49949815062777103
CE_PIECECOORDINATION:0.5194948481150984
CE_MATERIAL:0.531149725162748
CE_KINGSAFETY:0.52656996840861
C_PIECESQUARETABLES:0.5152619595563147
C_MOBILITY:0.5097581940353392
C_KINGSAFETY:0.482127773446853
C_PAWNSTRUCTURE:0.4926036282751793
C_PIECECOORDINATION:0.5089430843505268
C_ROOKANDPAWNMOVEMENT:0.5089430843505268
C_CENTERCONTROL:0.4934700562743648
C_DEVELOPPIECES:0.4880918771608944
C_MATERIAL:0.49060989916998754
