ELO:1062
CE_PASSEDPAWNS:0.5017873468533773
CE_PAWNWEAKNESSES:0.5
CE_PIECEACTIVITY:0.4778927706587082
CE_KINGPAWNSHIELD:0.4970288219113497
CE_PIECECOORDINATION:0.49283239456934247
CE_MATERIAL:0.5
CE_KINGSAFETY:0.5
C_PIECESQUARETABLES:0.5
C_MOBILITY:0.4984177026253114
C_KINGSAFETY:0.47663303188437883
C_PAWNSTRUCTURE:0.4923481880842179
C_PIECECOORDINATION:0.5127057356276871
C_ROOK:0.4908040969293647
CE_ROOK:0.46918049438940834
C_CENTERCONTROL:0.4935227025387516
C_DEVELOPPIECES:0.5098361739591123
C_MATERIAL:0.4718044583437473
C_MOVECOUNT:0.49330023538550366
C_PAWNMOVEMENT:0.5
