ELO:1015
CE_PASSEDPAWNS:0.5246544712513653
CE_PAWNWEAKNESSES:0.5046852023709752
CE_PIECEACTIVITY:0.5054269034939335
CE_KINGPAWNSHIELD:0.5013719638725697
CE_PIECECOORDINATION:0.49755752393743086
CE_MATERIAL:0.5024922298471148
CE_KINGSAFETY:0.5
C_PIECESQUARETABLES:0.5
C_MOBILITY:0.5115877395977624
C_KINGSAFETY:0.5241857416820597
C_PAWNSTRUCTURE:0.4951326566476162
C_PIECECOORDINATION:0.5266591127413877
C_ROOK:0.4532034981946334
CE_ROOK:0.494003126079904
C_CENTERCONTROL:0.4817235628821183
C_DEVELOPPIECES:0.4530352531963832
C_MATERIAL:0.4787804120346306
C_MOVECOUNT:0.514116766603907
C_PAWNMOVEMENT:0.4804229145699416
