ELO:987
CE_PASSEDPAWNS:0.48627621084852085
CE_PAWNWEAKNESSES:0.4892039634954512
CE_PIECEACTIVITY:0.39355564132364723
CE_KINGPAWNSHIELD:0.4175155139048604
CE_PIECECOORDINATION:0.43464615586629346
CE_MATERIAL:0.5001206049927477
CE_KINGSAFETY:0.5124896917288525
C_PIECESQUARETABLES:0.4935198817246765
C_MOBILITY:0.5012363292869088
C_KINGSAFETY:0.5396415410012154
C_PAWNSTRUCTURE:0.541608668336904
C_PIECECOORDINATION:0.5091710789282843
C_ROOKANDPAWNMOVEMENT:0.5091710789282843
C_CENTERCONTROL:0.4521928827975141
C_DEVELOPPIECES:0.5611656296051311
C_MATERIAL:0.43425560243520245
