ELO:1053
CE_PASSEDPAWNS:0.5006727524098382
CE_PAWNWEAKNESSES:0.49519779712999273
CE_PIECEACTIVITY:0.4778927706587082
CE_KINGPAWNSHIELD:0.5046887473723781
CE_PIECECOORDINATION:0.491115818936762
CE_MATERIAL:0.4963332086602903
CE_KINGSAFETY:0.5
C_PIECESQUARETABLES:0.5
C_MOBILITY:0.5040380084826781
C_KINGSAFETY:0.5144133679387982
C_PAWNSTRUCTURE:0.5241934706612111
C_PIECECOORDINATION:0.5138827603328362
C_ROOK:0.505855737548092
CE_ROOK:0.5121368117509691
C_CENTERCONTROL:0.5047226692606631
C_DEVELOPPIECES:0.49194891943136915
C_MATERIAL:0.5323491725086331
C_MOVECOUNT:0.4963060505601836
C_PAWNMOVEMENT:0.4944878382766273
