ELO:990
CE_PASSEDPAWNS:0.5277288571395565
CE_PAWNWEAKNESSES:0.4747266971979074
CE_PIECEACTIVITY:0.5324075433853744
CE_KINGPAWNSHIELD:0.542603462243025
CE_PIECECOORDINATION:0.4904279359242273
CE_MATERIAL:0.4676476618076107
CE_KINGSAFETY:0.5128888283422784
C_PIECESQUARETABLES:0.49384074861029664
C_MOBILITY:0.5836313903895851
C_KINGSAFETY:0.5250912115677565
C_PAWNSTRUCTURE:0.45192313317548083
C_PIECECOORDINATION:0.4579518097212436
C_ROOKANDPAWNMOVEMENT:0.4579518097212436
C_CENTERCONTROL:0.42211884394565585
C_DEVELOPPIECES:0.44502055420013376
C_MATERIAL:0.6171788645076881
