ELO:612
CE_PASSEDPAWNS:0.5660918450583511
CE_PAWNWEAKNESSES:0.45629405890581226
CE_PIECEACTIVITY:0.528161123678158
CE_KINGPAWNSHIELD:0.536138242432628
CE_PIECECOORDINATION:0.5233763464007091
CE_MATERIAL:0.5432119459324777
CE_KINGSAFETY:0.4918343587188133
C_PIECESQUARETABLES:0.48420570553453846
C_MOBILITY:0.5020978847761057
C_KINGSAFETY:0.5149356858642085
C_PAWNSTRUCTURE:0.5397912885296762
C_PIECECOORDINATION:0.4614093983691798
C_ROOKANDPAWNMOVEMENT:0.4614093983691798
C_CENTERCONTROL:0.5430015272789517
C_DEVELOPPIECES:0.5031524952305602
C_MATERIAL:0.6485255493766423
C_MOVECOUNT:0.5
