ELO:1000
CE_PASSEDPAWNS:0.47764273974424987
CE_PAWNWEAKNESSES:0.4959039452146994
CE_PIECEACTIVITY:0.4693807807780962
CE_KINGPAWNSHIELD:0.5361700108068513
CE_PIECECOORDINATION:0.5375628154298413
CE_MATERIAL:0.5129744114035051
CE_KINGSAFETY:0.5164953170287043
C_PIECESQUARETABLES:0.502222294027512
C_MOBILITY:0.46056962709046084
C_KINGSAFETY:0.47903909169598086
C_PAWNSTRUCTURE:0.4748207840795091
C_PIECECOORDINATION:0.588702252895052
C_ROOKANDPAWNMOVEMENT:0.588702252895052
C_CENTERCONTROL:0.5320526928066482
C_DEVELOPPIECES:0.5075472212331444
C_MATERIAL:0.4611819900996241
