ELO:912
CE_PASSEDPAWNS:0.576790955166714
CE_PAWNWEAKNESSES:0.6284931961554738
CE_PIECEACTIVITY:0.5048624217385739
CE_KINGPAWNSHIELD:0.5028457423949464
CE_PIECECOORDINATION:0.5150042146852788
CE_MATERIAL:0.5255864774103098
CE_KINGSAFETY:0.46546160895226
C_PIECESQUARETABLES:0.49798845177740714
C_MOBILITY:0.5057563619049975
C_KINGSAFETY:0.5558228151610429
C_PAWNSTRUCTURE:0.4041748161175673
C_PIECECOORDINATION:0.5241435575063207
C_ROOKANDPAWNMOVEMENT:0.5241435575063207
C_CENTERCONTROL:0.5869270122850536
C_DEVELOPPIECES:0.5221319335834269
C_MATERIAL:0.5208299627113034
