ELO:571
CE_PASSEDPAWNS:0.5587910862514446
CE_PAWNWEAKNESSES:0.3771815660158463
CE_PIECEACTIVITY:0.4429271530626917
CE_KINGPAWNSHIELD:0.5206529944575559
CE_PIECECOORDINATION:0.5257379020903733
CE_MATERIAL:0.604242627332907
CE_KINGSAFETY:0.5093530548366083
C_PIECESQUARETABLES:0.5107043070680524
C_MOBILITY:0.48773555968062643
C_KINGSAFETY:0.46847853181985843
C_PAWNSTRUCTURE:0.5751322202457816
C_PIECECOORDINATION:0.3844706115785528
C_ROOKANDPAWNMOVEMENT:0.3844706115785528
C_CENTERCONTROL:0.4553796385997551
C_DEVELOPPIECES:0.5213716626424737
C_MATERIAL:0.7192033521917578
C_MOVECOUNT:0.5011444527319732
