ELO:948
CE_PASSEDPAWNS:0.5698569076206572
CE_PAWNWEAKNESSES:0.6317673933156484
CE_PIECEACTIVITY:0.5157551718519771
CE_KINGPAWNSHIELD:0.5216070097173487
CE_PIECECOORDINATION:0.5001243537236111
CE_MATERIAL:0.5034644194906228
CE_KINGSAFETY:0.4732675249865806
C_PIECESQUARETABLES:0.48341516959072445
C_MOBILITY:0.4824950828124115
C_KINGSAFETY:0.5628607817034829
C_PAWNSTRUCTURE:0.4044903733041897
C_PIECECOORDINATION:0.5492869914901735
C_ROOKANDPAWNMOVEMENT:0.5492869914901735
C_CENTERCONTROL:0.5864972723005037
C_DEVELOPPIECES:0.5276203992444517
C_MATERIAL:0.5168552921352758
