ELO:934
CE_PASSEDPAWNS:0.5708562564909178
CE_PAWNWEAKNESSES:0.5834889574939628
CE_PIECEACTIVITY:0.4530307643186707
CE_KINGPAWNSHIELD:0.4265489211238297
CE_PIECECOORDINATION:0.37276871084796614
CE_MATERIAL:0.5220635717890496
CE_KINGSAFETY:0.5005184156891963
C_PIECESQUARETABLES:0.4458432188817071
C_MOBILITY:0.5539109780960527
C_KINGSAFETY:0.515677968625645
C_PAWNSTRUCTURE:0.5246733809966303
C_PIECECOORDINATION:0.4621551775176218
C_ROOKANDPAWNMOVEMENT:0.4621551775176218
C_CENTERCONTROL:0.46579587413937246
C_DEVELOPPIECES:0.57913837615171
C_MATERIAL:0.47867631493064094
