ELO:982
CE_PASSEDPAWNS:0.519884342247358
CE_PAWNWEAKNESSES:0.5263627955596141
CE_PIECEACTIVITY:0.4926210251413977
CE_KINGPAWNSHIELD:0.5193359673360709
CE_PIECECOORDINATION:0.5173581146126517
CE_MATERIAL:0.5238463369617453
CE_KINGSAFETY:0.5183882260213998
C_PIECESQUARETABLES:0.5371029484534106
C_MOBILITY:0.5236741111561937
C_KINGSAFETY:0.47744983753774134
C_PAWNSTRUCTURE:0.49614223375499056
C_PIECECOORDINATION:0.5065085933300482
C_ROOKANDPAWNMOVEMENT:0.5065085933300482
C_CENTERCONTROL:0.5097535507016133
C_DEVELOPPIECES:0.49479694437661353
C_MATERIAL:0.4784984069729219
