ELO:1011
CE_PASSEDPAWNS:0.505005375118986
CE_PAWNWEAKNESSES:0.4876137920478097
CE_PIECEACTIVITY:0.5176415780810288
CE_KINGPAWNSHIELD:0.5177538620526336
CE_PIECECOORDINATION:0.5087590866043682
CE_MATERIAL:0.5135565455755512
CE_KINGSAFETY:0.5
C_PIECESQUARETABLES:0.5
C_MOBILITY:0.4972396863897836
C_KINGSAFETY:0.5
C_PAWNSTRUCTURE:0.5131616961828588
C_PIECECOORDINATION:0.5268608791544476
C_ROOK:0.4938167792392316
CE_ROOK:0.5378478851911003
C_CENTERCONTROL:0.4824923619859727
C_DEVELOPPIECES:0.48437140464847583
C_MATERIAL:0.4799634844443406
C_MOVECOUNT:0.48773281876751046
C_PAWNMOVEMENT:0.5
