ELO:1019
CE_PASSEDPAWNS:0.5
CE_PAWNWEAKNESSES:0.4920862140079143
CE_PIECEACTIVITY:0.5188340029409373
CE_KINGPAWNSHIELD:0.5
CE_PIECECOORDINATION:0.5111395229336335
CE_MATERIAL:0.5046041591868295
CE_KINGSAFETY:0.5
C_PIECESQUARETABLES:0.5
C_MOBILITY:0.4911755769783971
C_KINGSAFETY:0.5
C_PAWNSTRUCTURE:0.5115051296064201
C_PIECECOORDINATION:0.48463903992808166
C_ROOKANDPAWNMOVEMENT:0.48463903992808166
C_CENTERCONTROL:0.49549109565850114
C_DEVELOPPIECES:0.5069889598982886
C_MATERIAL:0.48712627834233796
C_MOVECOUNT:0.5
