ELO:1000
CE_PASSEDPAWNS:0.5
CE_PAWNWEAKNESSES:0.4981901640812205
CE_PIECEACTIVITY:0.4954226810109792
CE_KINGPAWNSHIELD:0.5
CE_PIECECOORDINATION:0.5004963367429773
CE_MATERIAL:0.5003788346235941
CE_KINGSAFETY:0.5044469141427013
C_PIECESQUARETABLES:0.4966290712189447
C_MOBILITY:0.4944438727268527
C_KINGSAFETY:0.48976992118739393
C_PAWNSTRUCTURE:0.5
C_PIECECOORDINATION:0.5
C_ROOK:0.5
CE_ROOK:0.49119603036703635
C_CENTERCONTROL:0.5071458823548034
C_DEVELOPPIECES:0.5
C_MATERIAL:0.5032407625120302
C_MOVECOUNT:0.4956454773403142
C_PAWNMOVEMENT:0.4949471578744768
