ELO:963
CE_PASSEDPAWNS:0.5766820573235159
CE_PAWNWEAKNESSES:0.6027641894127916
CE_PIECEACTIVITY:0.5223308761119523
CE_KINGPAWNSHIELD:0.5704421511674116
CE_PIECECOORDINATION:0.4973873864709801
CE_MATERIAL:0.5620454117555669
CE_KINGSAFETY:0.49718389160021254
C_PIECESQUARETABLES:0.4748506291417646
C_MOBILITY:0.49169430893750166
C_KINGSAFETY:0.5200367746422779
C_PAWNSTRUCTURE:0.457508338774721
C_PIECECOORDINATION:0.5772764065144294
C_ROOKANDPAWNMOVEMENT:0.5772764065144294
C_CENTERCONTROL:0.5517440443032903
C_DEVELOPPIECES:0.49885170937738826
C_MATERIAL:0.5116121822785085
