ELO:939
CE_PASSEDPAWNS:0.45507900413107344
CE_PAWNWEAKNESSES:0.4876347976759271
CE_PIECEACTIVITY:0.47445011637002116
CE_KINGPAWNSHIELD:0.48328466706568085
CE_PIECECOORDINATION:0.4539336308374664
CE_MATERIAL:0.5400940726672437
CE_KINGSAFETY:0.5301574659738293
C_PIECESQUARETABLES:0.49178234601957604
C_MOBILITY:0.49826770359362416
C_KINGSAFETY:0.5058572904880424
C_PAWNSTRUCTURE:0.4724707649412983
C_PIECECOORDINATION:0.45940040365629997
C_ROOK:0.44537173550962356
CE_ROOK:0.5119376205287707
C_CENTERCONTROL:0.5157900615670951
C_DEVELOPPIECES:0.48532492637568875
C_MATERIAL:0.5174741884965361
C_MOVECOUNT:0.471968899437732
C_PAWNMOVEMENT:0.4705753813340594
