ELO:1023
CE_PASSEDPAWNS:0.5017873468533773
CE_PAWNWEAKNESSES:0.4876137920478097
CE_PIECEACTIVITY:0.4788771803914117
CE_KINGPAWNSHIELD:0.4909310683150645
CE_PIECECOORDINATION:0.47855289593067774
CE_MATERIAL:0.5007459510570645
CE_KINGSAFETY:0.5
C_PIECESQUARETABLES:0.5
C_MOBILITY:0.5140483823372182
C_KINGSAFETY:0.5199393635833104
C_PAWNSTRUCTURE:0.5131616961828588
C_PIECECOORDINATION:0.5268608791544476
C_ROOK:0.5084696024925567
CE_ROOK:0.5378478851911003
C_CENTERCONTROL:0.4824923619859727
C_DEVELOPPIECES:0.5227082644589882
C_MATERIAL:0.5028110968219632
C_MOVECOUNT:0.48773281876751046
C_PAWNMOVEMENT:0.48722053629913553
