ELO:1022
CE_PASSEDPAWNS:0.496741647464355
CE_PAWNWEAKNESSES:0.4884070091862099
CE_PIECEACTIVITY:0.4996157051673918
CE_KINGPAWNSHIELD:0.5107714070863236
CE_PIECECOORDINATION:0.49067908115444525
CE_MATERIAL:0.49181775090965224
CE_KINGSAFETY:0.5
C_PIECESQUARETABLES:0.49195620314945554
C_MOBILITY:0.49036780423308046
C_KINGSAFETY:0.49574419396020497
C_PAWNSTRUCTURE:0.4888749454108597
C_PIECECOORDINATION:0.5
C_ROOK:0.5
CE_ROOK:0.5036732546285463
C_CENTERCONTROL:0.4958861005020863
C_DEVELOPPIECES:0.5
C_MATERIAL:0.49696768843122674
C_MOVECOUNT:0.4886380878997313
C_PAWNMOVEMENT:0.5029316072697483
