ELO:599
CE_PASSEDPAWNS:0.5556443645195245
CE_PAWNWEAKNESSES:0.4534863143455136
CE_PIECEACTIVITY:0.5145042656971806
CE_KINGPAWNSHIELD:0.5546081877397058
CE_PIECECOORDINATION:0.5251212413049596
CE_MATERIAL:0.5029849371739175
CE_KINGSAFETY:0.5063014594967679
C_PIECESQUARETABLES:0.5021317264157384
C_MOBILITY:0.5109288163042299
C_KINGSAFETY:0.5020732186721371
C_PAWNSTRUCTURE:0.540891057871598
C_PIECECOORDINATION:0.4397745812974803
C_ROOKANDPAWNMOVEMENT:0.4397745812974803
C_CENTERCONTROL:0.5388303332828066
C_DEVELOPPIECES:0.5333933759490557
C_MATERIAL:0.6126126670137847
C_MOVECOUNT:0.5
