ELO:991
CE_PASSEDPAWNS:0.5230636933634889
CE_PAWNWEAKNESSES:0.4746590817395932
CE_PIECEACTIVITY:0.4710791484225505
CE_KINGPAWNSHIELD:0.5086584443504842
CE_PIECECOORDINATION:0.5045390288079443
CE_MATERIAL:0.4564485542980077
CE_KINGSAFETY:0.49203514598638826
C_PIECESQUARETABLES:0.5
C_MOBILITY:0.490242090710668
C_KINGSAFETY:0.5256628113547474
C_PAWNSTRUCTURE:0.5
C_PIECECOORDINATION:0.4985973029749623
C_ROOKANDPAWNMOVEMENT:0.4985973029749623
C_CENTERCONTROL:0.5
C_DEVELOPPIECES:0.4730496155627917
C_MATERIAL:0.5096219513961646
C_MOVECOUNT:0.5212063350879653
