ELO:1010
CE_PASSEDPAWNS:0.5017873468533773
CE_PAWNWEAKNESSES:0.5144507946161737
CE_PIECEACTIVITY:0.517388315537129
CE_KINGPAWNSHIELD:0.5272460203259242
CE_PIECECOORDINATION:0.48290020915197623
CE_MATERIAL:0.5
CE_KINGSAFETY:0.5078662256547396
C_PIECESQUARETABLES:0.5
C_MOBILITY:0.5034888904832598
C_KINGSAFETY:0.47663303188437883
C_PAWNSTRUCTURE:0.5002356191162017
C_PIECECOORDINATION:0.49816970246868275
C_ROOK:0.4993359940077455
CE_ROOK:0.5189390301070292
C_CENTERCONTROL:0.5047456699532995
C_DEVELOPPIECES:0.4997222474134546
C_MATERIAL:0.4735416744655318
C_MOVECOUNT:0.4980037723595362
C_PAWNMOVEMENT:0.5131532910449351
