ELO:990
CE_PASSEDPAWNS:0.5015991038566233
CE_PAWNWEAKNESSES:0.45403775734814716
CE_PIECEACTIVITY:0.41095351704834937
CE_KINGPAWNSHIELD:0.41967501880160296
CE_PIECECOORDINATION:0.4667629917411473
CE_MATERIAL:0.4963224131019568
CE_KINGSAFETY:0.5120523798936388
C_PIECESQUARETABLES:0.5466704426418815
C_MOBILITY:0.4835171779920033
C_KINGSAFETY:0.5224155049792653
C_PAWNSTRUCTURE:0.538792142623201
C_PIECECOORDINATION:0.5333725835474009
C_ROOKANDPAWNMOVEMENT:0.5333725835474009
C_CENTERCONTROL:0.4473312324316015
C_DEVELOPPIECES:0.5460916922341997
C_MATERIAL:0.4141713318679809
