ELO:948
CE_PASSEDPAWNS:0.5497726595891493
CE_PAWNWEAKNESSES:0.6063039555077423
CE_PIECEACTIVITY:0.4856936511996611
CE_KINGPAWNSHIELD:0.5482690105201313
CE_PIECECOORDINATION:0.48850086321396136
CE_MATERIAL:0.5334154810057792
CE_KINGSAFETY:0.49358472428688954
C_PIECESQUARETABLES:0.4884288960864517
C_MOBILITY:0.4937956934599648
C_KINGSAFETY:0.518514723818191
C_PAWNSTRUCTURE:0.432592902095263
C_PIECECOORDINATION:0.5747434403780927
C_ROOKANDPAWNMOVEMENT:0.5747434403780927
C_CENTERCONTROL:0.5859247581785558
C_DEVELOPPIECES:0.4858105657327053
C_MATERIAL:0.5314419188078389
