ELO:940
CE_PASSEDPAWNS:0.5498219635087858
CE_PAWNWEAKNESSES:0.524447427878787
CE_PIECEACTIVITY:0.5481916340497357
CE_KINGPAWNSHIELD:0.4940683717923617
CE_PIECECOORDINATION:0.4599603304597709
CE_MATERIAL:0.502267138072484
CE_KINGSAFETY:0.48935638114135865
C_PIECESQUARETABLES:0.510986469267897
C_MOBILITY:0.49207795214513617
C_KINGSAFETY:0.5393124163267401
C_PAWNSTRUCTURE:0.5116892556806713
C_PIECECOORDINATION:0.4710095489936442
C_ROOKANDPAWNMOVEMENT:0.4710095489936442
C_CENTERCONTROL:0.5787709260289124
C_DEVELOPPIECES:0.47510320260603717
C_MATERIAL:0.5487019265935018
C_MOVECOUNT:0.49978182707486934
