ELO:605
CE_PASSEDPAWNS:0.5688433231575717
CE_PAWNWEAKNESSES:0.4331984356739542
CE_PIECEACTIVITY:0.5196682239115733
CE_KINGPAWNSHIELD:0.5428373373629134
CE_PIECECOORDINATION:0.5086022541543361
CE_MATERIAL:0.5393763220361876
CE_KINGSAFETY:0.4851536098335508
C_PIECESQUARETABLES:0.48397213487612434
C_MOBILITY:0.4794591079664405
C_KINGSAFETY:0.48467481015426445
C_PAWNSTRUCTURE:0.5388194919659383
C_PIECECOORDINATION:0.4389604128973361
C_ROOKANDPAWNMOVEMENT:0.4389604128973361
C_CENTERCONTROL:0.538203492506631
C_DEVELOPPIECES:0.5159571329681621
C_MATERIAL:0.6582823414463947
C_MOVECOUNT:0.5
