ELO:950
CE_PASSEDPAWNS:0.5659198318593525
CE_PAWNWEAKNESSES:0.6080401424147799
CE_PIECEACTIVITY:0.48883047175284655
CE_KINGPAWNSHIELD:0.5576018587800374
CE_PIECECOORDINATION:0.500346326703538
CE_MATERIAL:0.5300392436495075
CE_KINGSAFETY:0.4951569527049179
C_PIECESQUARETABLES:0.4863854416115846
C_MOBILITY:0.48829470946868886
C_KINGSAFETY:0.5132281374999583
C_PAWNSTRUCTURE:0.4341193736386156
C_PIECECOORDINATION:0.5827746907019998
C_ROOKANDPAWNMOVEMENT:0.5827746907019998
C_CENTERCONTROL:0.5832190578029977
C_DEVELOPPIECES:0.4643854922633745
C_MATERIAL:0.518310871943099
