ELO:571
CE_PASSEDPAWNS:0.5754171241195876
CE_PAWNWEAKNESSES:0.44295468196579946
CE_PIECEACTIVITY:0.5091259130658274
CE_KINGPAWNSHIELD:0.5665603269590597
CE_PIECECOORDINATION:0.5049680436339288
CE_MATERIAL:0.5314687456791544
CE_KINGSAFETY:0.4545723476876771
C_PIECESQUARETABLES:0.4901651611485822
C_MOBILITY:0.4818097601039569
C_KINGSAFETY:0.465124116597459
C_PAWNSTRUCTURE:0.546105508317132
C_PIECECOORDINATION:0.4389604128973361
C_ROOKANDPAWNMOVEMENT:0.4389604128973361
C_CENTERCONTROL:0.5478108253368271
C_DEVELOPPIECES:0.5307275816078696
C_MATERIAL:0.6675769453480714
C_MOVECOUNT:0.5
