ELO:952
CE_PASSEDPAWNS:0.5017423226389597
CE_PAWNWEAKNESSES:0.5093646268343097
CE_PIECEACTIVITY:0.4620524643818539
CE_KINGPAWNSHIELD:0.4928185429089629
CE_PIECECOORDINATION:0.5097435826172428
CE_MATERIAL:0.4882276119216213
CE_KINGSAFETY:0.46365828272950116
C_PIECESQUARETABLES:0.48118511189500274
C_MOBILITY:0.5090269332333243
C_KINGSAFETY:0.4843395962003401
C_PAWNSTRUCTURE:0.500685921311561
C_PIECECOORDINATION:0.5188642171185182
C_ROOKANDPAWNMOVEMENT:0.5188642171185182
C_CENTERCONTROL:0.5049142535567362
C_DEVELOPPIECES:0.5153896676282416
C_MATERIAL:0.49059858722222793
