ELO:784
CE_PASSEDPAWNS:0.5465667083735023
CE_PAWNWEAKNESSES:0.4398818073134692
CE_PIECEACTIVITY:0.504523721676087
CE_KINGPAWNSHIELD:0.5444613133739484
CE_PIECECOORDINATION:0.5229282319576655
CE_MATERIAL:0.4725703403518175
CE_KINGSAFETY:0.4983853662788248
C_PIECESQUARETABLES:0.48932595965968817
C_MOBILITY:0.5045568498785983
C_KINGSAFETY:0.48201502590606143
C_PAWNSTRUCTURE:0.5348374610133799
C_PIECECOORDINATION:0.4713805322736913
C_ROOKANDPAWNMOVEMENT:0.4713805322736913
C_CENTERCONTROL:0.4915516707586012
C_DEVELOPPIECES:0.5440544776398176
C_MATERIAL:0.5933409487507555
C_MOVECOUNT:0.5
