ELO:1019
CE_PASSEDPAWNS:0.5100468199591249
CE_PAWNWEAKNESSES:0.5020790263390938
CE_PIECEACTIVITY:0.5053949970882669
CE_KINGPAWNSHIELD:0.4983758713222311
CE_PIECECOORDINATION:0.5
CE_MATERIAL:0.5
CE_KINGSAFETY:0.5
C_PIECESQUARETABLES:0.5
C_MOBILITY:0.5
C_KINGSAFETY:0.49929980516582473
C_PAWNSTRUCTURE:0.5078121635142162
C_PIECECOORDINATION:0.5194760211535047
C_ROOKANDPAWNMOVEMENT:0.5194760211535047
C_CENTERCONTROL:0.5
C_DEVELOPPIECES:0.5148783606130006
C_MATERIAL:0.5114448272050734
C_MOVECOUNT:0.5038995063028369
