ELO:1000
CE_PASSEDPAWNS:0.4820868537083774
CE_PAWNWEAKNESSES:0.44406117591440897
CE_PIECEACTIVITY:0.4007872273564787
CE_KINGPAWNSHIELD:0.423632604132241
CE_PIECECOORDINATION:0.48440240436204923
CE_MATERIAL:0.49987868620210696
CE_KINGSAFETY:0.5190782920916623
C_PIECESQUARETABLES:0.4930128384894512
C_MOBILITY:0.48028672603663863
C_KINGSAFETY:0.5201891859629999
C_PAWNSTRUCTURE:0.5325602177880511
C_PIECECOORDINATION:0.5118996193290118
C_ROOKANDPAWNMOVEMENT:0.5118996193290118
C_CENTERCONTROL:0.4459046617009635
C_DEVELOPPIECES:0.5168372058757139
C_MATERIAL:0.4381725339020611
