ELO:1000
CE_PASSEDPAWNS:0.4834704947486405
CE_PAWNWEAKNESSES:0.4887975528556926
CE_PIECEACTIVITY:0.4822027894601529
CE_KINGPAWNSHIELD:0.5396170086007529
CE_PIECECOORDINATION:0.5275135497231063
CE_MATERIAL:0.5227539077832475
CE_KINGSAFETY:0.5166780927095195
C_PIECESQUARETABLES:0.4923070216868852
C_MOBILITY:0.4509582323356039
C_KINGSAFETY:0.48214565563059225
C_PAWNSTRUCTURE:0.4748207840795091
C_PIECECOORDINATION:0.5855349857740303
C_ROOKANDPAWNMOVEMENT:0.5855349857740303
C_CENTERCONTROL:0.5417010446352585
C_DEVELOPPIECES:0.5161722197088906
C_MATERIAL:0.47544706842032675
