ELO:1030
CE_PASSEDPAWNS:0.5071076559804834
CE_PAWNWEAKNESSES:0.48284446928275443
CE_PIECEACTIVITY:0.494137744173739
CE_KINGPAWNSHIELD:0.5044250265764004
CE_PIECECOORDINATION:0.5
CE_MATERIAL:0.49032037117258226
CE_KINGSAFETY:0.44986509530268104
C_PIECESQUARETABLES:0.5
C_MOBILITY:0.493106315282966
C_KINGSAFETY:0.4855323860916738
C_PAWNSTRUCTURE:0.5272376499888338
C_PIECECOORDINATION:0.5039594863264492
C_ROOKANDPAWNMOVEMENT:0.5039594863264492
C_CENTERCONTROL:0.5
C_DEVELOPPIECES:0.5328274035664642
C_MATERIAL:0.5237221416867223
C_MOVECOUNT:0.5
