ELO:1000
CE_PASSEDPAWNS:0.5024832681054109
CE_PAWNWEAKNESSES:0.4320942530021334
CE_PIECEACTIVITY:0.41188533452488263
CE_KINGPAWNSHIELD:0.41870193098054326
CE_PIECECOORDINATION:0.4758203499151399
CE_MATERIAL:0.5050672727457515
CE_KINGSAFETY:0.489046760666023
C_PIECESQUARETABLES:0.514013559724596
C_MOBILITY:0.49551318998749744
C_KINGSAFETY:0.5301629371473894
C_PAWNSTRUCTURE:0.5380021296145261
C_PIECECOORDINATION:0.5278275113475324
C_ROOKANDPAWNMOVEMENT:0.5278275113475324
C_CENTERCONTROL:0.4490541432842533
C_DEVELOPPIECES:0.5280669140797727
C_MATERIAL:0.4114031646414184
