ELO:990
CE_PASSEDPAWNS:0.5331141742555783
CE_PAWNWEAKNESSES:0.4762150971900408
CE_PIECEACTIVITY:0.49419176223945055
CE_KINGPAWNSHIELD:0.5411593456908269
CE_PIECECOORDINATION:0.48328931603324177
CE_MATERIAL:0.5262754945889391
CE_KINGSAFETY:0.5
C_PIECESQUARETABLES:0.5
C_MOBILITY:0.4828175302277787
C_KINGSAFETY:0.5109145841018762
C_PAWNSTRUCTURE:0.5467275735719819
C_PIECECOORDINATION:0.5212937570679573
C_ROOK:0.49768246399853294
CE_ROOK:0.4932727104297994
C_CENTERCONTROL:0.4976315019233192
C_DEVELOPPIECES:0.5021266776944183
C_MATERIAL:0.535486398813456
C_MOVECOUNT:0.47561913915770543
C_PAWNMOVEMENT:0.4746195113060341
