ELO:724
CE_PASSEDPAWNS:0.5284080730565177
CE_PAWNWEAKNESSES:0.43718980756877307
CE_PIECEACTIVITY:0.4855861663431009
CE_KINGPAWNSHIELD:0.5457157305927434
CE_PIECECOORDINATION:0.5081339324312449
CE_MATERIAL:0.4779487100347165
CE_KINGSAFETY:0.5037258589942524
C_PIECESQUARETABLES:0.4552054055956839
C_MOBILITY:0.510894567305458
C_KINGSAFETY:0.5043804547906797
C_PAWNSTRUCTURE:0.5524256034075254
C_PIECECOORDINATION:0.4824043565893558
C_ROOKANDPAWNMOVEMENT:0.4824043565893558
C_CENTERCONTROL:0.5011806527888035
C_DEVELOPPIECES:0.5445651462046881
C_MATERIAL:0.5740829841091836
C_MOVECOUNT:0.5
