ELO:952
CE_PASSEDPAWNS:0.4994036587766252
CE_PAWNWEAKNESSES:0.550709854387757
CE_PIECEACTIVITY:0.39430673987389114
CE_KINGPAWNSHIELD:0.41006036817759467
CE_PIECECOORDINATION:0.42674030345470393
CE_MATERIAL:0.491516353792542
CE_KINGSAFETY:0.4779593597727757
C_PIECESQUARETABLES:0.4879069891163753
C_MOBILITY:0.5394517898039901
C_KINGSAFETY:0.5696073227577825
C_PAWNSTRUCTURE:0.5428391387940634
C_PIECECOORDINATION:0.49931960615278526
C_ROOKANDPAWNMOVEMENT:0.49931960615278526
C_CENTERCONTROL:0.4726699621254754
C_DEVELOPPIECES:0.5520627116366673
C_MATERIAL:0.46973963222845383
