ELO:841
CE_PASSEDPAWNS:0.5735413722718816
CE_PAWNWEAKNESSES:0.5226948412734358
CE_PIECEACTIVITY:0.5458034185628233
CE_KINGPAWNSHIELD:0.4962687632761982
CE_PIECECOORDINATION:0.41933391224586447
CE_MATERIAL:0.5008203112102593
CE_KINGSAFETY:0.5422130330530751
C_PIECESQUARETABLES:0.5301390881214811
C_MOBILITY:0.5030409432256892
C_KINGSAFETY:0.5184056329415684
C_PAWNSTRUCTURE:0.5112587018361744
C_PIECECOORDINATION:0.5345992211155725
C_ROOKANDPAWNMOVEMENT:0.5345992211155725
C_CENTERCONTROL:0.6150921104794299
C_DEVELOPPIECES:0.4383376811515155
C_MATERIAL:0.6039885752328399
C_MOVECOUNT:0.4813454093187587
