ELO:1024
CE_PASSEDPAWNS:0.5
CE_PAWNWEAKNESSES:0.4884070091862099
CE_PIECEACTIVITY:0.4924320163354914
CE_KINGPAWNSHIELD:0.48875468384227955
CE_PIECECOORDINATION:0.519609585854591
CE_MATERIAL:0.5084969449397483
CE_KINGSAFETY:0.5
C_PIECESQUARETABLES:0.5
C_MOBILITY:0.49079843020392744
C_KINGSAFETY:0.48690594252192454
C_PAWNSTRUCTURE:0.4952097547467541
C_PIECECOORDINATION:0.5107036488164808
C_ROOK:0.5
CE_ROOK:0.5036732546285463
C_CENTERCONTROL:0.5051137245676748
C_DEVELOPPIECES:0.5
C_MATERIAL:0.5056076114317998
C_MOVECOUNT:0.4956454773403142
C_PAWNMOVEMENT:0.5037547385522029
