ELO:922
CE_PASSEDPAWNS:0.5161754665669397
CE_PAWNWEAKNESSES:0.4967374744856446
CE_PIECEACTIVITY:0.490312802919386
CE_KINGPAWNSHIELD:0.4964848386174113
CE_PIECECOORDINATION:0.49422365088412357
CE_MATERIAL:0.48094940191007257
CE_KINGSAFETY:0.49577479053510853
C_PIECESQUARETABLES:0.5
C_MOBILITY:0.49100941675336757
C_KINGSAFETY:0.47876981892703596
C_PAWNSTRUCTURE:0.47196208016846114
C_PIECECOORDINATION:0.5000864644959222
C_ROOKANDPAWNMOVEMENT:0.5000864644959222
C_CENTERCONTROL:0.4990082392817452
C_DEVELOPPIECES:0.4999227694986085
C_MATERIAL:0.4981903082218754
C_MOVECOUNT:0.49042110641343906
