ELO:986
CE_PASSEDPAWNS:0.48627621084852085
CE_PAWNWEAKNESSES:0.4823056115934869
CE_PIECEACTIVITY:0.39355564132364723
CE_KINGPAWNSHIELD:0.4291873709864056
CE_PIECECOORDINATION:0.43011491276533903
CE_MATERIAL:0.5001206049927477
CE_KINGSAFETY:0.5015175284625549
C_PIECESQUARETABLES:0.4935198817246765
C_MOBILITY:0.5121076463975217
C_KINGSAFETY:0.5428790479445348
C_PAWNSTRUCTURE:0.541608668336904
C_PIECECOORDINATION:0.5091710789282843
C_ROOKANDPAWNMOVEMENT:0.5091710789282843
C_CENTERCONTROL:0.45055536473856667
C_DEVELOPPIECES:0.5697563730724428
C_MATERIAL:0.43425560243520245
