ELO:904
CE_PASSEDPAWNS:0.47743071562220524
CE_PAWNWEAKNESSES:0.5209459445461946
CE_PIECEACTIVITY:0.5316277647681384
CE_KINGPAWNSHIELD:0.5041314332498785
CE_PIECECOORDINATION:0.5624250609366728
CE_MATERIAL:0.4710324953232507
CE_KINGSAFETY:0.507635033263976
C_PIECESQUARETABLES:0.4848163488811827
C_MOBILITY:0.5697851519291011
C_KINGSAFETY:0.4492894098409866
C_PAWNSTRUCTURE:0.46854655034502896
C_PIECECOORDINATION:0.54244924579034
C_ROOKANDPAWNMOVEMENT:0.54244924579034
C_CENTERCONTROL:0.4819623786879124
C_DEVELOPPIECES:0.512510155460854
C_MATERIAL:0.5200560651602566
C_MOVECOUNT:0.5
