ELO:994
CE_PASSEDPAWNS:0.5302637951485838
CE_PAWNWEAKNESSES:0.45992252032327885
CE_PIECEACTIVITY:0.520965725335423
CE_KINGPAWNSHIELD:0.49438260410142604
CE_PIECECOORDINATION:0.47548680877332067
CE_MATERIAL:0.6429884514101771
CE_KINGSAFETY:0.44151249730399905
C_PIECESQUARETABLES:0.5279471216609402
C_MOBILITY:0.4549559834851811
C_KINGSAFETY:0.6406255668063776
C_PAWNSTRUCTURE:0.6403129756393993
C_PIECECOORDINATION:0.4471087402305776
C_ROOKANDPAWNMOVEMENT:0.4471087402305776
C_CENTERCONTROL:0.4611850349702328
C_DEVELOPPIECES:0.4273401386171921
C_MATERIAL:0.49376684513989444
