ELO:1011
CE_PASSEDPAWNS:0.5024162831270995
CE_PAWNWEAKNESSES:0.4990829270865413
CE_PIECEACTIVITY:0.5077183852040708
CE_KINGPAWNSHIELD:0.5105826692926424
CE_PIECECOORDINATION:0.5116728277931425
CE_MATERIAL:0.5
CE_KINGSAFETY:0.5280559579480598
C_PIECESQUARETABLES:0.5001914055655396
C_MOBILITY:0.4984213139321278
C_KINGSAFETY:0.499640487600116
C_PAWNSTRUCTURE:0.5028932162185197
C_PIECECOORDINATION:0.5021493180049906
C_ROOKANDPAWNMOVEMENT:0.5021493180049906
C_CENTERCONTROL:0.4895308249713054
C_DEVELOPPIECES:0.4957182778793934
C_MATERIAL:0.49002298493981655
C_MOVECOUNT:0.5
