ELO:991
CE_PASSEDPAWNS:0.507584291788054
CE_PAWNWEAKNESSES:0.48992066604732815
CE_PIECEACTIVITY:0.5
CE_KINGPAWNSHIELD:0.5091311502274571
CE_PIECECOORDINATION:0.5079139616464743
CE_MATERIAL:0.4897051846952114
CE_KINGSAFETY:0.5
C_PIECESQUARETABLES:0.5
C_MOBILITY:0.49384881588222557
C_KINGSAFETY:0.48535215937138215
C_PAWNSTRUCTURE:0.4854473354514472
C_PIECECOORDINATION:0.5056532366019062
C_ROOKANDPAWNMOVEMENT:0.5056532366019062
C_CENTERCONTROL:0.5
C_DEVELOPPIECES:0.5
C_MATERIAL:0.4592446099958975
C_MOVECOUNT:0.5178888285438312
