ELO:928
CE_PASSEDPAWNS:0.46837657173040953
CE_PAWNWEAKNESSES:0.5089552735385048
CE_PIECEACTIVITY:0.5504659290921368
CE_KINGPAWNSHIELD:0.47870673139984593
CE_PIECECOORDINATION:0.47760163198464023
CE_MATERIAL:0.4843763562153523
CE_KINGSAFETY:0.5022174176518956
C_PIECESQUARETABLES:0.5
C_MOBILITY:0.5012079707307202
C_KINGSAFETY:0.520460420770874
C_PAWNSTRUCTURE:0.48678500718480844
C_PIECECOORDINATION:0.5251395787008729
C_ROOK:0.5492924028611014
CE_ROOK:0.5358631891074039
C_CENTERCONTROL:0.5265147045646891
C_DEVELOPPIECES:0.5023895471759223
C_MATERIAL:0.4943540809352296
C_MOVECOUNT:0.5022803066891168
C_PAWNMOVEMENT:0.5094455630826387
