ELO:941
CE_PASSEDPAWNS:0.46837657173040953
CE_PAWNWEAKNESSES:0.5053375195693276
CE_PIECEACTIVITY:0.561241221757142
CE_KINGPAWNSHIELD:0.47870673139984593
CE_PIECECOORDINATION:0.47760163198464023
CE_MATERIAL:0.4924011094635174
CE_KINGSAFETY:0.4904195162456664
C_PIECESQUARETABLES:0.5047766577678615
C_MOBILITY:0.5012079707307202
C_KINGSAFETY:0.520460420770874
C_PAWNSTRUCTURE:0.48678500718480844
C_PIECECOORDINATION:0.5040857058981703
C_ROOK:0.5492924028611014
CE_ROOK:0.5278232450947451
C_CENTERCONTROL:0.5240310558416651
C_DEVELOPPIECES:0.49862643790721406
C_MATERIAL:0.4943540809352296
C_MOVECOUNT:0.5022803066891168
C_PAWNMOVEMENT:0.5019644202529958
