ELO:991
CE_PASSEDPAWNS:0.5169079353655257
CE_PAWNWEAKNESSES:0.4800949766011621
CE_PIECEACTIVITY:0.5190974093479337
CE_KINGPAWNSHIELD:0.542603462243025
CE_PIECECOORDINATION:0.4911184605218088
CE_MATERIAL:0.47668520060772795
CE_KINGSAFETY:0.4932799377901985
C_PIECESQUARETABLES:0.5107670129306083
C_MOBILITY:0.5836313903895851
C_KINGSAFETY:0.5250912115677565
C_PAWNSTRUCTURE:0.46054427260367564
C_PIECECOORDINATION:0.49371218566927033
C_ROOKANDPAWNMOVEMENT:0.49371218566927033
C_CENTERCONTROL:0.42894235410171383
C_DEVELOPPIECES:0.4354212939766876
C_MATERIAL:0.631344918243363
