ELO:1024
CE_PASSEDPAWNS:0.5175609481400145
CE_PAWNWEAKNESSES:0.49854880698218196
CE_PIECEACTIVITY:0.5043334687407629
CE_KINGPAWNSHIELD:0.5055323913119567
CE_PIECECOORDINATION:0.5013984460225192
CE_MATERIAL:0.4929794540427083
CE_KINGSAFETY:0.5093832044579093
C_PIECESQUARETABLES:0.5029624666192882
C_MOBILITY:0.5
C_KINGSAFETY:0.48878955972147087
C_PAWNSTRUCTURE:0.5244673960751933
C_PIECECOORDINATION:0.4796547257130288
C_ROOKANDPAWNMOVEMENT:0.4796547257130288
C_CENTERCONTROL:0.5099220835438049
C_DEVELOPPIECES:0.5066179601848544
C_MATERIAL:0.5010807072530449
C_MOVECOUNT:0.5
