ELO:702
CE_PASSEDPAWNS:0.5999898455194498
CE_PAWNWEAKNESSES:0.5506736910813942
CE_PIECEACTIVITY:0.5459060499272245
CE_KINGPAWNSHIELD:0.48311036625979475
CE_PIECECOORDINATION:0.5733065803319463
CE_MATERIAL:0.4720578793700023
CE_KINGSAFETY:0.5463349092234508
C_PIECESQUARETABLES:0.4989506820050438
C_MOBILITY:0.4413447919623551
C_KINGSAFETY:0.5160877619500334
C_PAWNSTRUCTURE:0.4355711848417671
C_PIECECOORDINATION:0.46177637950140715
C_ROOKANDPAWNMOVEMENT:0.46177637950140715
C_CENTERCONTROL:0.502477843112545
C_DEVELOPPIECES:0.4407047086109718
C_MATERIAL:0.5783114401569476
C_MOVECOUNT:0.5
