ELO:1016
CE_PASSEDPAWNS:0.5075750654169009
CE_PAWNWEAKNESSES:0.4975658013219774
CE_PIECEACTIVITY:0.48704283291693107
CE_KINGPAWNSHIELD:0.5
CE_PIECECOORDINATION:0.5058814615711098
CE_MATERIAL:0.4942559910930818
CE_KINGSAFETY:0.5
C_PIECESQUARETABLES:0.5285101076345213
C_MOBILITY:0.5329091728931483
C_KINGSAFETY:0.4966070442918182
C_PAWNSTRUCTURE:0.4848243635039568
C_PIECECOORDINATION:0.5041931151113398
C_ROOKANDPAWNMOVEMENT:0.5041931151113398
C_CENTERCONTROL:0.49810581898208994
C_DEVELOPPIECES:0.4921189273572057
C_MATERIAL:0.4976563821057879
