ELO:890
CE_PASSEDPAWNS:0.49687130563978044
CE_PAWNWEAKNESSES:0.47844406082983243
CE_PIECEACTIVITY:0.5848183242988594
CE_KINGPAWNSHIELD:0.4501207128153048
CE_PIECECOORDINATION:0.49404077137148483
CE_MATERIAL:0.530035046874212
CE_KINGSAFETY:0.492773549534195
C_PIECESQUARETABLES:0.5
C_MOBILITY:0.5182329691971345
C_KINGSAFETY:0.5270404612095427
C_PAWNSTRUCTURE:0.4706737190976286
C_PIECECOORDINATION:0.5263230691632926
C_ROOK:0.559472621044611
CE_ROOK:0.5094623477425317
C_CENTERCONTROL:0.526058170562793
C_DEVELOPPIECES:0.5235559118203627
C_MATERIAL:0.5181754318915259
C_MOVECOUNT:0.5098605786012781
C_PAWNMOVEMENT:0.5137988643473596
