ELO:866
CE_PASSEDPAWNS:0.5603372369153468
CE_PAWNWEAKNESSES:0.4701008093362191
CE_PIECEACTIVITY:0.5667615088071964
CE_KINGPAWNSHIELD:0.4363402182953894
CE_PIECECOORDINATION:0.3837323485449555
CE_MATERIAL:0.6450277537950793
CE_KINGSAFETY:0.47820198649630674
C_PIECESQUARETABLES:0.5031016684413024
C_MOBILITY:0.47752239565081833
C_KINGSAFETY:0.6532365564831989
C_PAWNSTRUCTURE:0.6088691868921878
C_PIECECOORDINATION:0.4966029125573876
C_ROOKANDPAWNMOVEMENT:0.4966029125573876
C_CENTERCONTROL:0.46471360001911205
C_DEVELOPPIECES:0.46363523830082926
C_MATERIAL:0.454445523613298
