ELO:1000
CE_PASSEDPAWNS:0.5230563053775967
CE_PAWNWEAKNESSES:0.49029221511363585
CE_PIECEACTIVITY:0.5215144209288052
CE_KINGPAWNSHIELD:0.5244896742311048
CE_PIECECOORDINATION:0.48940330693828876
CE_MATERIAL:0.554388574961039
CE_KINGSAFETY:0.48954283288529515
C_PIECESQUARETABLES:0.48948792053117746
C_MOBILITY:0.46928729652856116
C_KINGSAFETY:0.5559250793638696
C_PAWNSTRUCTURE:0.5382082668648878
C_PIECECOORDINATION:0.44506635369182235
C_ROOKANDPAWNMOVEMENT:0.44506635369182235
C_CENTERCONTROL:0.4688247079431074
C_DEVELOPPIECES:0.470411856382009
C_MATERIAL:0.4987217126904907
