ELO:986
CE_PASSEDPAWNS:0.47701502333026363
CE_PAWNWEAKNESSES:0.5001400807664067
CE_PIECEACTIVITY:0.4726502625603594
CE_KINGPAWNSHIELD:0.4928058926775591
CE_PIECECOORDINATION:0.49040651641296473
CE_MATERIAL:0.4998743791413097
CE_KINGSAFETY:0.5211462403886461
C_PIECESQUARETABLES:0.4905646626806767
C_MOBILITY:0.4976920056587236
C_KINGSAFETY:0.5036813416980583
C_PAWNSTRUCTURE:0.4885345613139085
C_PIECECOORDINATION:0.49178511346360065
C_ROOKANDPAWNMOVEMENT:0.49178511346360065
C_CENTERCONTROL:0.5
C_DEVELOPPIECES:0.5121787632954704
C_MATERIAL:0.5105887233615234
