ELO:1000
CE_PASSEDPAWNS:0.515038282444399
CE_PAWNWEAKNESSES:0.49563524594285535
CE_PIECEACTIVITY:0.5064098405411543
CE_KINGPAWNSHIELD:0.5323543705494215
CE_PIECECOORDINATION:0.492184392738489
CE_MATERIAL:0.576150352507573
CE_KINGSAFETY:0.5014357688124997
C_PIECESQUARETABLES:0.46980371456185005
C_MOBILITY:0.4472357592123367
C_KINGSAFETY:0.5805634691573782
C_PAWNSTRUCTURE:0.5406794032261147
C_PIECECOORDINATION:0.4543709309344564
C_ROOKANDPAWNMOVEMENT:0.4543709309344564
C_CENTERCONTROL:0.4647679761857575
C_DEVELOPPIECES:0.47861185550200763
C_MATERIAL:0.480277074877061
