ELO:1052
CE_PASSEDPAWNS:0.5
CE_PAWNWEAKNESSES:0.5
CE_PIECEACTIVITY:0.5
CE_KINGPAWNSHIELD:0.5
CE_PIECECOORDINATION:0.5
CE_MATERIAL:0.49629559560382625
CE_KINGSAFETY:0.5
C_PIECESQUARETABLES:0.5
C_MOBILITY:0.5045280789969747
C_KINGSAFETY:0.48830118674438716
C_PAWNSTRUCTURE:0.5027256840152771
C_PIECECOORDINATION:0.4804638748046561
C_ROOKANDPAWNMOVEMENT:0.4804638748046561
C_CENTERCONTROL:0.5059528734536347
C_DEVELOPPIECES:0.489815458789553
C_MATERIAL:0.5
C_MOVECOUNT:0.5
