ELO:951
CE_PASSEDPAWNS:0.5507110015208747
CE_PAWNWEAKNESSES:0.4912811227163671
CE_PIECEACTIVITY:0.5401536154235437
CE_KINGPAWNSHIELD:0.4582291091167655
CE_PIECECOORDINATION:0.4387732190087066
CE_MATERIAL:0.5624089781464304
CE_KINGSAFETY:0.48576299945611984
C_PIECESQUARETABLES:0.5053877630602124
C_MOBILITY:0.47692018731224445
C_KINGSAFETY:0.5885936019155483
C_PAWNSTRUCTURE:0.47134077511274375
C_PIECECOORDINATION:0.5133599805645171
C_ROOKANDPAWNMOVEMENT:0.5133599805645171
C_CENTERCONTROL:0.5013049510362435
C_DEVELOPPIECES:0.498966830972087
C_MATERIAL:0.5720906772909347
