ELO:928
CE_PASSEDPAWNS:0.5800854644385589
CE_PAWNWEAKNESSES:0.4965390326370325
CE_PIECEACTIVITY:0.5096638773832254
CE_KINGPAWNSHIELD:0.4334436219526962
CE_PIECECOORDINATION:0.4465226196684399
CE_MATERIAL:0.561120104644823
CE_KINGSAFETY:0.46807520473961717
C_PIECESQUARETABLES:0.4610626764076804
C_MOBILITY:0.4732252609337108
C_KINGSAFETY:0.5901499363237749
C_PAWNSTRUCTURE:0.4530375562311742
C_PIECECOORDINATION:0.49666496719772796
C_ROOKANDPAWNMOVEMENT:0.49666496719772796
C_CENTERCONTROL:0.4713933496575184
C_DEVELOPPIECES:0.5341269789776969
C_MATERIAL:0.5680181244980492
