ELO:984
CE_PASSEDPAWNS:0.4623781826174413
CE_PAWNWEAKNESSES:0.5043996970687561
CE_PIECEACTIVITY:0.5265333653153099
CE_KINGPAWNSHIELD:0.4793351057812796
CE_PIECECOORDINATION:0.47603377866054497
CE_MATERIAL:0.5028969735729991
CE_KINGSAFETY:0.48754726389400876
C_PIECESQUARETABLES:0.5022579742289502
C_MOBILITY:0.5130323893234815
C_KINGSAFETY:0.5229060634800897
C_PAWNSTRUCTURE:0.49511383729975944
C_PIECECOORDINATION:0.48477260111463716
C_ROOK:0.5396962093701559
CE_ROOK:0.5251657612692512
C_CENTERCONTROL:0.49272719205206006
C_DEVELOPPIECES:0.4984441219392082
C_MATERIAL:0.49906348148252366
C_MOVECOUNT:0.48524379114651656
C_PAWNMOVEMENT:0.5019644202529958
