ELO:833
CE_PASSEDPAWNS:0.5808191265681887
CE_PAWNWEAKNESSES:0.4781442402919268
CE_PIECEACTIVITY:0.5648642966338783
CE_KINGPAWNSHIELD:0.4648576492135734
CE_PIECECOORDINATION:0.4302576741669654
CE_MATERIAL:0.6615657119176634
CE_KINGSAFETY:0.42725992821631914
C_PIECESQUARETABLES:0.45816466200106964
C_MOBILITY:0.48137304737872805
C_KINGSAFETY:0.6572154198904973
C_PAWNSTRUCTURE:0.6263036799069887
C_PIECECOORDINATION:0.4889934321444577
C_ROOKANDPAWNMOVEMENT:0.4889934321444577
C_CENTERCONTROL:0.4306362787323559
C_DEVELOPPIECES:0.43468878181786047
C_MATERIAL:0.39620882417521974
