ELO:993
CE_PASSEDPAWNS:0.49222372339205894
CE_PAWNWEAKNESSES:0.4809479156244125
CE_PIECEACTIVITY:0.49520196100796715
CE_KINGPAWNSHIELD:0.5091311502274571
CE_PIECECOORDINATION:0.4905234965648846
CE_MATERIAL:0.5082965360472589
CE_KINGSAFETY:0.5018194014867756
C_PIECESQUARETABLES:0.5
C_MOBILITY:0.5103381652661003
C_KINGSAFETY:0.503542093985356
C_PAWNSTRUCTURE:0.5069091289660381
C_PIECECOORDINATION:0.4952108698910472
C_ROOKANDPAWNMOVEMENT:0.4952108698910472
C_CENTERCONTROL:0.48091100839405615
C_DEVELOPPIECES:0.5000368692695254
C_MATERIAL:0.48576138967920496
C_MOVECOUNT:0.49171788394100907
