ELO:925
CE_PASSEDPAWNS:0.5658585796022196
CE_PAWNWEAKNESSES:0.4877064768579316
CE_PIECEACTIVITY:0.5753014602401997
CE_KINGPAWNSHIELD:0.44102182165521114
CE_PIECECOORDINATION:0.41191525093323833
CE_MATERIAL:0.6359773231953406
CE_KINGSAFETY:0.4871140389280407
C_PIECESQUARETABLES:0.4915988557420418
C_MOBILITY:0.4550105494483455
C_KINGSAFETY:0.6439120527693609
C_PAWNSTRUCTURE:0.6304085441737057
C_PIECECOORDINATION:0.48177382726020723
C_ROOKANDPAWNMOVEMENT:0.48177382726020723
C_CENTERCONTROL:0.44712432257663587
C_DEVELOPPIECES:0.45758952932415975
C_MATERIAL:0.4611035005115093
