ELO:769
CE_PASSEDPAWNS:0.5815209597831045
CE_PAWNWEAKNESSES:0.5078226714352874
CE_PIECEACTIVITY:0.4817561750385481
CE_KINGPAWNSHIELD:0.6364313494539489
CE_PIECECOORDINATION:0.6138840063361088
CE_MATERIAL:0.4928739107573932
CE_KINGSAFETY:0.49874465603934376
C_PIECESQUARETABLES:0.489621701882548
C_MOBILITY:0.45726760753949236
C_KINGSAFETY:0.5047372092924753
C_PAWNSTRUCTURE:0.4344471485725974
C_PIECECOORDINATION:0.4760317109651805
C_ROOKANDPAWNMOVEMENT:0.4760317109651805
C_CENTERCONTROL:0.4917172029563152
C_DEVELOPPIECES:0.483959865345361
C_MATERIAL:0.4706755500340548
C_MOVECOUNT:0.4759316095573976
