ELO:870
CE_PASSEDPAWNS:0.5990439819631107
CE_PAWNWEAKNESSES:0.5372710370222585
CE_PIECEACTIVITY:0.4515849435997162
CE_KINGPAWNSHIELD:0.5028127461649508
CE_PIECECOORDINATION:0.5054717193928707
CE_MATERIAL:0.4901120170042249
CE_KINGSAFETY:0.5055175568523312
C_PIECESQUARETABLES:0.45364948818075523
C_MOBILITY:0.48478741626742555
C_KINGSAFETY:0.507365851381492
C_PAWNSTRUCTURE:0.5088197710494053
C_PIECECOORDINATION:0.4775213108903629
C_ROOKANDPAWNMOVEMENT:0.4775213108903629
C_CENTERCONTROL:0.49537975687271313
C_DEVELOPPIECES:0.44199763698266786
C_MATERIAL:0.514026834470065
C_MOVECOUNT:0.5
