ELO:868
CE_PASSEDPAWNS:0.6014166726614789
CE_PAWNWEAKNESSES:0.4958034096986161
CE_PIECEACTIVITY:0.5584350936704154
CE_KINGPAWNSHIELD:0.45548500837088124
CE_PIECECOORDINATION:0.384375472599032
CE_MATERIAL:0.6415145201628276
CE_KINGSAFETY:0.45667326556202253
C_PIECESQUARETABLES:0.4875929561031548
C_MOBILITY:0.49877313139860485
C_KINGSAFETY:0.6299358158649453
C_PAWNSTRUCTURE:0.6174595221270038
C_PIECECOORDINATION:0.4918267538852478
C_ROOKANDPAWNMOVEMENT:0.4918267538852478
C_CENTERCONTROL:0.43449179018466744
C_DEVELOPPIECES:0.46241172944761505
C_MATERIAL:0.41229781938720583
