ELO:803
CE_PASSEDPAWNS:0.5699658294729286
CE_PAWNWEAKNESSES:0.5179662405450175
CE_PIECEACTIVITY:0.500345201727473
CE_KINGPAWNSHIELD:0.6056638884523298
CE_PIECECOORDINATION:0.61133220843804
CE_MATERIAL:0.4912014491548659
CE_KINGSAFETY:0.5348284588591147
C_PIECESQUARETABLES:0.41700599111579495
C_MOBILITY:0.45861149978213567
C_KINGSAFETY:0.46624456371287853
C_PAWNSTRUCTURE:0.44487795710431055
C_PIECECOORDINATION:0.48434605643437445
C_ROOKANDPAWNMOVEMENT:0.48434605643437445
C_CENTERCONTROL:0.516159833871646
C_DEVELOPPIECES:0.46919647384214314
C_MATERIAL:0.47195366719001824
C_MOVECOUNT:0.5
