ELO:883
CE_PASSEDPAWNS:0.4990266630510655
CE_PAWNWEAKNESSES:0.476793987098906
CE_PIECEACTIVITY:0.5848183242988594
CE_KINGPAWNSHIELD:0.4501207128153048
CE_PIECECOORDINATION:0.5057127336109986
CE_MATERIAL:0.5204739452250153
CE_KINGSAFETY:0.5
C_PIECESQUARETABLES:0.5
C_MOBILITY:0.5250734032859579
C_KINGSAFETY:0.5270404612095427
C_PAWNSTRUCTURE:0.4706737190976286
C_PIECECOORDINATION:0.5058175877906147
C_ROOK:0.559472621044611
CE_ROOK:0.4987251805500632
C_CENTERCONTROL:0.5290454668625287
C_DEVELOPPIECES:0.5298373930039513
C_MATERIAL:0.5181754318915259
C_MOVECOUNT:0.5053283646788402
C_PAWNMOVEMENT:0.49444773542212106
