ELO:675
CE_PASSEDPAWNS:0.5934076059672536
CE_PAWNWEAKNESSES:0.5639340786159741
CE_PIECEACTIVITY:0.5099211618279766
CE_KINGPAWNSHIELD:0.4432817886443992
CE_PIECECOORDINATION:0.5097910884567957
CE_MATERIAL:0.4803959258101738
CE_KINGSAFETY:0.5311732897136421
C_PIECESQUARETABLES:0.519659912990245
C_MOBILITY:0.5726290653099626
C_KINGSAFETY:0.413472368081496
C_PAWNSTRUCTURE:0.6244926633230827
C_PIECECOORDINATION:0.4672375816784418
C_ROOKANDPAWNMOVEMENT:0.4672375816784418
C_CENTERCONTROL:0.517187228680798
C_DEVELOPPIECES:0.5343842931009548
C_MATERIAL:0.5691883907028837
C_MOVECOUNT:0.5035395482737947
