ELO:1012
CE_PASSEDPAWNS:0.5015903353102552
CE_PAWNWEAKNESSES:0.503405862010942
CE_PIECEACTIVITY:0.4954113722003856
CE_KINGPAWNSHIELD:0.5157315159501034
CE_PIECECOORDINATION:0.4949858313300699
CE_MATERIAL:0.5
CE_KINGSAFETY:0.4912067562587524
C_PIECESQUARETABLES:0.4951083098405013
C_MOBILITY:0.48835130058423887
C_KINGSAFETY:0.5090625840596297
C_PAWNSTRUCTURE:0.5060703424866697
C_PIECECOORDINATION:0.47656490087185205
C_ROOKANDPAWNMOVEMENT:0.47656490087185205
C_CENTERCONTROL:0.4911718310496961
C_DEVELOPPIECES:0.5
C_MATERIAL:0.48123896489033785
C_MOVECOUNT:0.5
