ELO:993
CE_PASSEDPAWNS:0.5099445355834127
CE_PAWNWEAKNESSES:0.5077452411987632
CE_PIECEACTIVITY:0.5155031057751914
CE_KINGPAWNSHIELD:0.4852710393083075
CE_PIECECOORDINATION:0.5098930183042262
CE_MATERIAL:0.5
CE_KINGSAFETY:0.4989600376873367
C_PIECESQUARETABLES:0.5103296035177582
C_MOBILITY:0.5035823562024039
C_KINGSAFETY:0.483900688490091
C_PAWNSTRUCTURE:0.5078915571066317
C_PIECECOORDINATION:0.5
C_ROOKANDPAWNMOVEMENT:0.5
C_CENTERCONTROL:0.49694516955778056
C_DEVELOPPIECES:0.471718937628731
C_MATERIAL:0.4995005670991514
C_MOVECOUNT:0.5
