ELO:795
CE_PASSEDPAWNS:0.5831306154651827
CE_PAWNWEAKNESSES:0.49692553944055473
CE_PIECEACTIVITY:0.5396639622195953
CE_KINGPAWNSHIELD:0.46016047674492183
CE_PIECECOORDINATION:0.4387175362243917
CE_MATERIAL:0.6484815835774068
CE_KINGSAFETY:0.47363788696052844
C_PIECESQUARETABLES:0.4690176438299194
C_MOBILITY:0.4733141690814268
C_KINGSAFETY:0.6530762316720848
C_PAWNSTRUCTURE:0.6304566484032085
C_PIECECOORDINATION:0.5206137029477236
C_ROOKANDPAWNMOVEMENT:0.5206137029477236
C_CENTERCONTROL:0.39333438932437936
C_DEVELOPPIECES:0.43501342765358075
C_MATERIAL:0.43239573665891884
