ELO:919
CE_PASSEDPAWNS:0.49928773698342327
CE_PAWNWEAKNESSES:0.4908856372176687
CE_PIECEACTIVITY:0.5843297332214773
CE_KINGPAWNSHIELD:0.4684278637117887
CE_PIECECOORDINATION:0.4857480388175639
CE_MATERIAL:0.5073143828085598
CE_KINGSAFETY:0.4968643114115199
C_PIECESQUARETABLES:0.5
C_MOBILITY:0.5060106505779555
C_KINGSAFETY:0.5399503238629114
C_PAWNSTRUCTURE:0.4733538904464943
C_PIECECOORDINATION:0.5015814864416038
C_ROOK:0.5376165798110693
CE_ROOK:0.5259572964702219
C_CENTERCONTROL:0.5408578197526863
C_DEVELOPPIECES:0.5242790175773229
C_MATERIAL:0.5220253156904603
C_MOVECOUNT:0.4951786694619654
C_PAWNMOVEMENT:0.5138606998601515
