ELO:983
CE_PASSEDPAWNS:0.5
CE_PAWNWEAKNESSES:0.5094055322073158
CE_PIECEACTIVITY:0.5054970537418587
CE_KINGPAWNSHIELD:0.4942121834269594
CE_PIECECOORDINATION:0.4948444492205709
CE_MATERIAL:0.5032240183683663
CE_KINGSAFETY:0.5
C_PIECESQUARETABLES:0.4984184215974377
C_MOBILITY:0.4741812568778767
C_KINGSAFETY:0.5
C_PAWNSTRUCTURE:0.489043477887349
C_PIECECOORDINATION:0.5074476946638788
C_ROOKANDPAWNMOVEMENT:0.5074476946638788
C_CENTERCONTROL:0.5147055509752065
C_DEVELOPPIECES:0.5178578342924031
C_MATERIAL:0.48475356056654706
C_MOVECOUNT:0.49701465532519595
