ELO:1004
CE_PASSEDPAWNS:0.4961274792246587
CE_PAWNWEAKNESSES:0.5105713513823776
CE_PIECEACTIVITY:0.5
CE_KINGPAWNSHIELD:0.5328916662157894
CE_PIECECOORDINATION:0.49379298313574843
CE_MATERIAL:0.49039331048626433
CE_KINGSAFETY:0.5
C_PIECESQUARETABLES:0.5
C_MOBILITY:0.5053428499850943
C_KINGSAFETY:0.49731553265162004
C_PAWNSTRUCTURE:0.5115426774550338
C_PIECECOORDINATION:0.5092211678005004
C_ROOKANDPAWNMOVEMENT:0.5092211678005004
C_CENTERCONTROL:0.5
C_DEVELOPPIECES:0.48517297747034455
C_MATERIAL:0.5273683563899279
C_MOVECOUNT:0.5
