ELO:760
CE_PASSEDPAWNS:0.5787372000829338
CE_PAWNWEAKNESSES:0.568573256294179
CE_PIECEACTIVITY:0.5416200122888872
CE_KINGPAWNSHIELD:0.5034097929593233
CE_PIECECOORDINATION:0.5973802586900636
CE_MATERIAL:0.4791473938738242
CE_KINGSAFETY:0.5126603578777809
C_PIECESQUARETABLES:0.4690440650656985
C_MOBILITY:0.4428209977875154
C_KINGSAFETY:0.5043365337872575
C_PAWNSTRUCTURE:0.4475870221827754
C_PIECECOORDINATION:0.46821476928409084
C_ROOKANDPAWNMOVEMENT:0.46821476928409084
C_CENTERCONTROL:0.4968078415331785
C_DEVELOPPIECES:0.462231223444533
C_MATERIAL:0.5437821408291605
C_MOVECOUNT:0.5
