ELO:1000
CE_PASSEDPAWNS:0.5333110221559031
CE_PAWNWEAKNESSES:0.5228064592431803
CE_PIECEACTIVITY:0.4731558820310971
CE_KINGPAWNSHIELD:0.47356088012272096
CE_PIECECOORDINATION:0.4897610270953716
CE_MATERIAL:0.5082986822747327
CE_KINGSAFETY:0.5021261277707475
C_PIECESQUARETABLES:0.48398186228429513
C_MOBILITY:0.4691012235485723
C_KINGSAFETY:0.5552921400229448
C_PAWNSTRUCTURE:0.5033665739127581
C_PIECECOORDINATION:0.5011608043216329
C_ROOKANDPAWNMOVEMENT:0.5011608043216329
C_CENTERCONTROL:0.49374594353244006
C_DEVELOPPIECES:0.47142786332654013
C_MATERIAL:0.5225320327921831
