ELO:1000
CE_PASSEDPAWNS:0.5
CE_PAWNWEAKNESSES:0.5
CE_PIECEACTIVITY:0.5
CE_KINGPAWNSHIELD:0.5
CE_PIECECOORDINATION:0.48800748079331513
CE_MATERIAL:0.4952036819144584
CE_KINGSAFETY:0.4876378423979805
C_PIECESQUARETABLES:0.5
C_MOBILITY:0.49566150419337074
C_KINGSAFETY:0.502275751132167
C_PAWNSTRUCTURE:0.49773355122791607
C_PIECECOORDINATION:0.49539658333996306
C_ROOKANDPAWNMOVEMENT:0.49539658333996306
C_CENTERCONTROL:0.49473241721365413
C_DEVELOPPIECES:0.5235709570840859
C_MATERIAL:0.5
C_MOVECOUNT:0.4826057110918431
