ELO:911
CE_PASSEDPAWNS:0.47971838549990214
CE_PAWNWEAKNESSES:0.5908875899718032
CE_PIECEACTIVITY:0.5316089881222555
CE_KINGPAWNSHIELD:0.49769698829835934
CE_PIECECOORDINATION:0.4914084259153403
CE_MATERIAL:0.5006838614537789
CE_KINGSAFETY:0.5328783195014264
C_PIECESQUARETABLES:0.44493853776039094
C_MOBILITY:0.5775682087994113
C_KINGSAFETY:0.5021612756649539
C_PAWNSTRUCTURE:0.5097107807866201
C_PIECECOORDINATION:0.48823472702059795
C_ROOKANDPAWNMOVEMENT:0.48823472702059795
C_CENTERCONTROL:0.47593407263611875
C_DEVELOPPIECES:0.49484344695165955
C_MATERIAL:0.4443046695931072
C_MOVECOUNT:0.5
