ELO:981
CE_PASSEDPAWNS:0.5421500450065098
CE_PAWNWEAKNESSES:0.47141382141613736
CE_PIECEACTIVITY:0.5333038223116856
CE_KINGPAWNSHIELD:0.501979193971716
CE_PIECECOORDINATION:0.46785374104213606
CE_MATERIAL:0.6514468264905359
CE_KINGSAFETY:0.49331286179858697
C_PIECESQUARETABLES:0.49961973593307213
C_MOBILITY:0.43425079238550746
C_KINGSAFETY:0.6617728143913378
C_PAWNSTRUCTURE:0.6604226494626729
C_PIECECOORDINATION:0.474441302195425
C_ROOKANDPAWNMOVEMENT:0.474441302195425
C_CENTERCONTROL:0.45039408161515515
C_DEVELOPPIECES:0.42305470624904445
C_MATERIAL:0.5082665411137041
