ELO:988
CE_PASSEDPAWNS:0.4694521106785179
CE_PAWNWEAKNESSES:0.5067373548686831
CE_PIECEACTIVITY:0.5036188588752811
CE_KINGPAWNSHIELD:0.5060274018799782
CE_PIECECOORDINATION:0.48999757848442477
CE_MATERIAL:0.505084137448762
CE_KINGSAFETY:0.5046128547550507
C_PIECESQUARETABLES:0.5
C_MOBILITY:0.5078423279617991
C_KINGSAFETY:0.5054474494871826
C_PAWNSTRUCTURE:0.49226249427757807
C_PIECECOORDINATION:0.49369541836387415
C_ROOK:0.5111863657164232
CE_ROOK:0.5124331220793524
C_CENTERCONTROL:0.4944685446495497
C_DEVELOPPIECES:0.5061159958337549
C_MATERIAL:0.491036224009854
C_MOVECOUNT:0.486882274968831
C_PAWNMOVEMENT:0.5122238429804555
