ELO:1000
CE_PASSEDPAWNS:0.5078753548922491
CE_PAWNWEAKNESSES:0.48190104384752985
CE_PIECEACTIVITY:0.5085995951024006
CE_KINGPAWNSHIELD:0.48473377686692926
CE_PIECECOORDINATION:0.5093921607920495
CE_MATERIAL:0.5063795493322323
CE_KINGSAFETY:0.5437412920048909
C_PIECESQUARETABLES:0.5040267770819036
C_MOBILITY:0.454342401310721
C_KINGSAFETY:0.5825101808061868
C_PAWNSTRUCTURE:0.4892373688285599
C_PIECECOORDINATION:0.5682556706620876
C_ROOKANDPAWNMOVEMENT:0.5682556706620876
C_CENTERCONTROL:0.49238793496054684
C_DEVELOPPIECES:0.4964158895961799
C_MATERIAL:0.4960177345333249
