ELO:991
CE_PASSEDPAWNS:0.5277288571395565
CE_PAWNWEAKNESSES:0.4800949766011621
CE_PIECEACTIVITY:0.5256534381721791
CE_KINGPAWNSHIELD:0.5327570285415044
CE_PIECECOORDINATION:0.4911184605218088
CE_MATERIAL:0.4694181679613265
CE_KINGSAFETY:0.4985397617486694
C_PIECESQUARETABLES:0.4899920267732617
C_MOBILITY:0.5836313903895851
C_KINGSAFETY:0.5303483703275435
C_PAWNSTRUCTURE:0.46054427260367564
C_PIECECOORDINATION:0.49481266204964397
C_ROOKANDPAWNMOVEMENT:0.49481266204964397
C_CENTERCONTROL:0.4218771817633053
C_DEVELOPPIECES:0.4354212939766876
C_MATERIAL:0.6273979494972224
