ELO:988
CE_PASSEDPAWNS:0.4725328284181757
CE_PAWNWEAKNESSES:0.49735314540553255
CE_PIECEACTIVITY:0.4944221365619097
CE_KINGPAWNSHIELD:0.5
CE_PIECECOORDINATION:0.4950541158242625
CE_MATERIAL:0.49753291517270687
CE_KINGSAFETY:0.5
C_PIECESQUARETABLES:0.501494499027139
C_MOBILITY:0.5
C_KINGSAFETY:0.5054474494871826
C_PAWNSTRUCTURE:0.49226249427757807
C_PIECECOORDINATION:0.49490853829309056
C_ROOK:0.5164843559279191
CE_ROOK:0.5112039810481989
C_CENTERCONTROL:0.49559522295669795
C_DEVELOPPIECES:0.5123187507955523
C_MATERIAL:0.5
C_MOVECOUNT:0.4983226982090121
C_PAWNMOVEMENT:0.5064162996111273
