ELO:914
CE_PASSEDPAWNS:0.469572002961312
CE_PAWNWEAKNESSES:0.5298037088866022
CE_PIECEACTIVITY:0.5437716806490511
CE_KINGPAWNSHIELD:0.49055473429116264
CE_PIECECOORDINATION:0.5407322002703349
CE_MATERIAL:0.46406011539651637
CE_KINGSAFETY:0.5211977709474617
C_PIECESQUARETABLES:0.49376827718822186
C_MOBILITY:0.5739655686023052
C_KINGSAFETY:0.4466163045595702
C_PAWNSTRUCTURE:0.48807171431580826
C_PIECECOORDINATION:0.5413832035821392
C_ROOKANDPAWNMOVEMENT:0.5413832035821392
C_CENTERCONTROL:0.49346902064516607
C_DEVELOPPIECES:0.5215880446051615
C_MATERIAL:0.4845471902591593
C_MOVECOUNT:0.5
