ELO:930
CE_PASSEDPAWNS:0.5753664418763249
CE_PAWNWEAKNESSES:0.48782855797144953
CE_PIECEACTIVITY:0.514308149751852
CE_KINGPAWNSHIELD:0.44665931038834394
CE_PIECECOORDINATION:0.4594406882770069
CE_MATERIAL:0.5736027342404103
CE_KINGSAFETY:0.47000221324342956
C_PIECESQUARETABLES:0.46389108823770364
C_MOBILITY:0.4721242711863459
C_KINGSAFETY:0.585427049086533
C_PAWNSTRUCTURE:0.47318771306101975
C_PIECECOORDINATION:0.47379693360202757
C_ROOKANDPAWNMOVEMENT:0.47379693360202757
C_CENTERCONTROL:0.4744631543532536
C_DEVELOPPIECES:0.5226609315470887
C_MATERIAL:0.5633963925676807
