ELO:974
CE_PASSEDPAWNS:0.46280640788519806
CE_PAWNWEAKNESSES:0.4628687411832261
CE_PIECEACTIVITY:0.489173748536233
CE_KINGPAWNSHIELD:0.5137848455294189
CE_PIECECOORDINATION:0.5098955777544114
CE_MATERIAL:0.5116119041233177
CE_KINGSAFETY:0.5
C_PIECESQUARETABLES:0.5060742464448991
C_MOBILITY:0.46049427731480314
C_KINGSAFETY:0.4948756972491298
C_PAWNSTRUCTURE:0.4951552552469798
C_PIECECOORDINATION:0.49764850737563576
C_ROOKANDPAWNMOVEMENT:0.49764850737563576
C_CENTERCONTROL:0.5094853076637827
C_DEVELOPPIECES:0.4989497966064113
C_MATERIAL:0.5003834995702442
C_MOVECOUNT:0.5139279423147317
