ELO:983
CE_PASSEDPAWNS:0.5474887971617377
CE_PAWNWEAKNESSES:0.47922298332223134
CE_PIECEACTIVITY:0.5132938545493239
CE_KINGPAWNSHIELD:0.49094151943423436
CE_PIECECOORDINATION:0.4919928475819328
CE_MATERIAL:0.6659568819369039
CE_KINGSAFETY:0.512791632608195
C_PIECESQUARETABLES:0.49868211203234736
C_MOBILITY:0.428464842684529
C_KINGSAFETY:0.6610438587707647
C_PAWNSTRUCTURE:0.6505272698427901
C_PIECECOORDINATION:0.4725498392287977
C_ROOKANDPAWNMOVEMENT:0.4725498392287977
C_CENTERCONTROL:0.4588351989906438
C_DEVELOPPIECES:0.43762870620501776
C_MATERIAL:0.49231043866937085
