ELO:981
CE_PASSEDPAWNS:0.5048954667875623
CE_PAWNWEAKNESSES:0.5140037268797689
CE_PIECEACTIVITY:0.5052568995341058
CE_KINGPAWNSHIELD:0.5036712416397923
CE_PIECECOORDINATION:0.49720411585954916
CE_MATERIAL:0.5305104569695958
CE_KINGSAFETY:0.5019083374298607
C_PIECESQUARETABLES:0.5381647198515438
C_MOBILITY:0.49527078138847014
C_KINGSAFETY:0.5035330650680173
C_PAWNSTRUCTURE:0.4890710218451317
C_PIECECOORDINATION:0.5297690449452503
C_ROOKANDPAWNMOVEMENT:0.5297690449452503
C_CENTERCONTROL:0.4959745651856188
C_DEVELOPPIECES:0.4919476412218832
C_MATERIAL:0.4912679704390812
C_MOVECOUNT:0.5
