ELO:970
CE_PASSEDPAWNS:0.5423287247216884
CE_PAWNWEAKNESSES:0.5091387085332342
CE_PIECEACTIVITY:0.5090976732573521
CE_KINGPAWNSHIELD:0.5054789860594909
CE_PIECECOORDINATION:0.468455631296188
CE_MATERIAL:0.5100853415364931
CE_KINGSAFETY:0.5044365988859602
C_PIECESQUARETABLES:0.5
C_MOBILITY:0.48659007835124873
C_KINGSAFETY:0.4697144397766081
C_PAWNSTRUCTURE:0.5045251062245545
C_PIECECOORDINATION:0.4795388760493771
C_ROOK:0.48996485579402393
CE_ROOK:0.5208891222659997
C_CENTERCONTROL:0.4918094304920052
C_DEVELOPPIECES:0.5004228905481954
C_MATERIAL:0.5165150388265575
C_MOVECOUNT:0.4944447200102313
C_PAWNMOVEMENT:0.5003924375144999
