ELO:988
CE_PASSEDPAWNS:0.5136209643609247
CE_PAWNWEAKNESSES:0.4758604392554876
CE_PIECEACTIVITY:0.5222394231507119
CE_KINGPAWNSHIELD:0.5414186453707938
CE_PIECECOORDINATION:0.5019432104591695
CE_MATERIAL:0.49607720218106854
CE_KINGSAFETY:0.5305512880245024
C_PIECESQUARETABLES:0.4873420418010639
C_MOBILITY:0.5143691398100599
C_KINGSAFETY:0.4955451761272379
C_PAWNSTRUCTURE:0.5345511340250704
C_PIECECOORDINATION:0.4931605945128397
C_ROOK:0.5185220626953494
CE_ROOK:0.5381771262178872
C_CENTERCONTROL:0.5053712640046899
C_DEVELOPPIECES:0.49399062705707547
C_MATERIAL:0.5024997766740079
C_MOVECOUNT:0.5056721940736277
C_PAWNMOVEMENT:0.49321471254287064
