ELO:819
CE_PASSEDPAWNS:0.45132342171465956
CE_PAWNWEAKNESSES:0.5180343433252701
CE_PIECEACTIVITY:0.5426933160244755
CE_KINGPAWNSHIELD:0.4474699323913673
CE_PIECECOORDINATION:0.4685568147205072
CE_MATERIAL:0.46020552366786
CE_KINGSAFETY:0.5154811291964
C_PIECESQUARETABLES:0.5054676363598013
C_MOBILITY:0.48477051386258246
C_KINGSAFETY:0.4515686629853961
C_PAWNSTRUCTURE:0.4823764039594923
C_PIECECOORDINATION:0.5538038042936344
C_ROOKANDPAWNMOVEMENT:0.5538038042936344
C_CENTERCONTROL:0.511938731701637
C_DEVELOPPIECES:0.47068219709130155
C_MATERIAL:0.48371640580474135
C_MOVECOUNT:0.40588472888124294
