ELO:952
CE_PASSEDPAWNS:0.5947096308480122
CE_PAWNWEAKNESSES:0.40265639480360454
CE_PIECEACTIVITY:0.5145154807045944
CE_KINGPAWNSHIELD:0.5478094250790871
CE_PIECECOORDINATION:0.4848172725078044
CE_MATERIAL:0.4069729180765543
CE_KINGSAFETY:0.5020586446494164
C_PIECESQUARETABLES:0.5020049441559202
C_MOBILITY:0.4433486688606519
C_KINGSAFETY:0.46254247156775846
C_PAWNSTRUCTURE:0.5723164650360287
C_PIECECOORDINATION:0.40421178558414234
C_ROOKANDPAWNMOVEMENT:0.40421178558414234
C_CENTERCONTROL:0.40802833669939764
C_DEVELOPPIECES:0.4959282888986408
C_MATERIAL:0.48679266095192575
