ELO:959
CE_PASSEDPAWNS:0.5138755739508516
CE_PAWNWEAKNESSES:0.4485320282071057
CE_PIECEACTIVITY:0.5919909397481395
CE_KINGPAWNSHIELD:0.5764349476076254
CE_PIECECOORDINATION:0.5167629830623203
CE_MATERIAL:0.4451095607368949
CE_KINGSAFETY:0.5
C_PIECESQUARETABLES:0.5
C_MOBILITY:0.5716664900448072
C_KINGSAFETY:0.5531600022564784
C_PAWNSTRUCTURE:0.47970952507852116
C_PIECECOORDINATION:0.5369140102127384
C_ROOKANDPAWNMOVEMENT:0.5369140102127384
C_CENTERCONTROL:0.5267033734778602
C_DEVELOPPIECES:0.4385721129110245
C_MATERIAL:0.6135951093758658
