ELO:1000
CE_PASSEDPAWNS:0.5319382473392363
CE_PAWNWEAKNESSES:0.47700242230231005
CE_PIECEACTIVITY:0.47681767320650276
CE_KINGPAWNSHIELD:0.5219640746649525
CE_PIECECOORDINATION:0.4731232273191691
CE_MATERIAL:0.5171298547848105
CE_KINGSAFETY:0.5000194674538718
C_PIECESQUARETABLES:0.4929135891127471
C_MOBILITY:0.5033891922547935
C_KINGSAFETY:0.5219335111888926
C_PAWNSTRUCTURE:0.49988728811053557
C_PIECECOORDINATION:0.4838312649672283
C_ROOKANDPAWNMOVEMENT:0.4838312649672283
C_CENTERCONTROL:0.4706375500795764
C_DEVELOPPIECES:0.5251479187235026
C_MATERIAL:0.5152857235301076
