ELO:953
CE_PASSEDPAWNS:0.49401130510203756
CE_PAWNWEAKNESSES:0.4995776315885412
CE_PIECEACTIVITY:0.4140941890790589
CE_KINGPAWNSHIELD:0.4667380754018055
CE_PIECECOORDINATION:0.44620702846880583
CE_MATERIAL:0.5189330214388622
CE_KINGSAFETY:0.5476241790577069
C_PIECESQUARETABLES:0.5099774124251877
C_MOBILITY:0.3575820825095094
C_KINGSAFETY:0.4566997121178608
C_PAWNSTRUCTURE:0.6416995513535738
C_PIECECOORDINATION:0.49520978606130706
C_ROOKANDPAWNMOVEMENT:0.49520978606130706
C_CENTERCONTROL:0.42276661591454723
C_DEVELOPPIECES:0.4600934404516593
C_MATERIAL:0.6171449218795756
