ELO:889
CE_PASSEDPAWNS:0.5362545683251169
CE_PAWNWEAKNESSES:0.5137006993587001
CE_PIECEACTIVITY:0.4849623411678205
CE_KINGPAWNSHIELD:0.49985264940397245
CE_PIECECOORDINATION:0.4849676865591786
CE_MATERIAL:0.49842389874546716
CE_KINGSAFETY:0.5122229422905958
C_PIECESQUARETABLES:0.4969275563489492
C_MOBILITY:0.5103651213930082
C_KINGSAFETY:0.5256188635253802
C_PAWNSTRUCTURE:0.549551555064907
C_PIECECOORDINATION:0.4542896034915945
C_ROOK:0.5347425221025444
CE_ROOK:0.5006810654418133
C_CENTERCONTROL:0.5277788909591415
C_DEVELOPPIECES:0.5642809500437297
C_MATERIAL:0.465006626453332
C_MOVECOUNT:0.4801447951928545
C_PAWNMOVEMENT:0.51663424177641
