ELO:1013
CE_PASSEDPAWNS:0.5
CE_PAWNWEAKNESSES:0.5016324475483889
CE_PIECEACTIVITY:0.5046250021307392
CE_KINGPAWNSHIELD:0.5169519993172216
CE_PIECECOORDINATION:0.5
CE_MATERIAL:0.5014832343818709
CE_KINGSAFETY:0.5
C_PIECESQUARETABLES:0.5
C_MOBILITY:0.5
C_KINGSAFETY:0.47636972803011535
C_PAWNSTRUCTURE:0.5
C_PIECECOORDINATION:0.5
C_ROOKANDPAWNMOVEMENT:0.5
C_CENTERCONTROL:0.49877025168862327
C_DEVELOPPIECES:0.49038958554969597
C_MATERIAL:0.4839741041927681
C_MOVECOUNT:0.5112522897390693
