ELO:948
CE_PASSEDPAWNS:0.49447950308978017
CE_PAWNWEAKNESSES:0.4664045004310708
CE_PIECEACTIVITY:0.4395388265649477
CE_KINGPAWNSHIELD:0.4412798166219185
CE_PIECECOORDINATION:0.494095393987393
CE_MATERIAL:0.3777808210602627
CE_KINGSAFETY:0.5129055210900296
C_PIECESQUARETABLES:0.4821383212795213
C_MOBILITY:0.3472204252516791
C_KINGSAFETY:0.3739442067069729
C_PAWNSTRUCTURE:0.42462429412531694
C_PIECECOORDINATION:0.5139718158764118
C_ROOKANDPAWNMOVEMENT:0.5139718158764118
C_CENTERCONTROL:0.41800338903492656
C_DEVELOPPIECES:0.4666973255121297
C_MATERIAL:0.5534391429305487
