ELO:1033
CE_PASSEDPAWNS:0.5105121337551918
CE_PAWNWEAKNESSES:0.485223110808736
CE_PIECEACTIVITY:0.5
CE_KINGPAWNSHIELD:0.5
CE_PIECECOORDINATION:0.5465886855290975
CE_MATERIAL:0.49510437548054065
CE_KINGSAFETY:0.5
C_PIECESQUARETABLES:0.5
C_MOBILITY:0.5
C_KINGSAFETY:0.4998486566130445
C_PAWNSTRUCTURE:0.45005138481709195
C_PIECECOORDINATION:0.5
C_ROOKANDPAWNMOVEMENT:0.5
C_CENTERCONTROL:0.5064163566707021
C_DEVELOPPIECES:0.4663276143310566
C_MATERIAL:0.5159713924265926
C_MOVECOUNT:0.5
