ELO:966
CE_PASSEDPAWNS:0.47923241919638004
CE_PAWNWEAKNESSES:0.43590572137965033
CE_PIECEACTIVITY:0.4679114880964818
CE_KINGPAWNSHIELD:0.45424637619526237
CE_PIECECOORDINATION:0.4066912459341967
CE_MATERIAL:0.5107802829042556
CE_KINGSAFETY:0.47971390433472133
C_PIECESQUARETABLES:0.5
C_MOBILITY:0.503425624962058
C_KINGSAFETY:0.5809305743802777
C_PAWNSTRUCTURE:0.3981606275611851
C_PIECECOORDINATION:0.5947067428619455
C_ROOKANDPAWNMOVEMENT:0.5947067428619455
C_CENTERCONTROL:0.6025351735358979
C_DEVELOPPIECES:0.49009427727804494
C_MATERIAL:0.4640499396670922
