ELO:755
CE_PASSEDPAWNS:0.4753450677532712
CE_PAWNWEAKNESSES:0.4322268083440422
CE_PIECEACTIVITY:0.5622240771824581
CE_KINGPAWNSHIELD:0.4389981224662781
CE_PIECECOORDINATION:0.5741990353966399
CE_MATERIAL:0.5829938116702108
CE_KINGSAFETY:0.5
C_PIECESQUARETABLES:0.49208988804820836
C_MOBILITY:0.5128423661099892
C_KINGSAFETY:0.5118999650664925
C_PAWNSTRUCTURE:0.5385187970469004
C_PIECECOORDINATION:0.5252510827355974
C_ROOKANDPAWNMOVEMENT:0.5252510827355974
C_CENTERCONTROL:0.5889601102673003
C_DEVELOPPIECES:0.4419620233183854
C_MATERIAL:0.559390150387428
C_MOVECOUNT:0.486997176888925
