ELO:948
CE_PASSEDPAWNS:0.5783008979825789
CE_PAWNWEAKNESSES:0.44035017268017324
CE_PIECEACTIVITY:0.5133938752443733
CE_KINGPAWNSHIELD:0.568220949398306
CE_PIECECOORDINATION:0.4856437134028826
CE_MATERIAL:0.4173731681244354
CE_KINGSAFETY:0.5235104197822054
C_PIECESQUARETABLES:0.4884491502150194
C_MOBILITY:0.42484345054944256
C_KINGSAFETY:0.47714172267366706
C_PAWNSTRUCTURE:0.5796343584143341
C_PIECECOORDINATION:0.41274234588450487
C_ROOKANDPAWNMOVEMENT:0.41274234588450487
C_CENTERCONTROL:0.40055833743401353
C_DEVELOPPIECES:0.47807132594793367
C_MATERIAL:0.4970348956381603
