ELO:1017
CE_PASSEDPAWNS:0.5
CE_PAWNWEAKNESSES:0.5029992905808192
CE_PIECEACTIVITY:0.4961527471800393
CE_KINGPAWNSHIELD:0.5
CE_PIECECOORDINATION:0.513479966432652
CE_MATERIAL:0.5032595807358167
CE_KINGSAFETY:0.5
C_PIECESQUARETABLES:0.5
C_MOBILITY:0.50558725043813
C_KINGSAFETY:0.5
C_PAWNSTRUCTURE:0.5
C_PIECECOORDINATION:0.5
C_ROOKANDPAWNMOVEMENT:0.5
C_CENTERCONTROL:0.5120477245535533
C_DEVELOPPIECES:0.49038958554969597
C_MATERIAL:0.5
C_MOVECOUNT:0.4853979687240767
