ELO:959
CE_PASSEDPAWNS:0.483678421018288
CE_PAWNWEAKNESSES:0.5322652147442916
CE_PIECEACTIVITY:0.5314459312135075
CE_KINGPAWNSHIELD:0.44829077594213196
CE_PIECECOORDINATION:0.5243926179131675
CE_MATERIAL:0.5114739669002043
CE_KINGSAFETY:0.5162179535201162
C_PIECESQUARETABLES:0.48991715576789596
C_MOBILITY:0.43442534065644317
C_KINGSAFETY:0.4742224437008179
C_PAWNSTRUCTURE:0.5293776078802698
C_PIECECOORDINATION:0.4662924561408403
C_ROOKANDPAWNMOVEMENT:0.4662924561408403
C_CENTERCONTROL:0.43761123482683134
C_DEVELOPPIECES:0.3825089380538333
C_MATERIAL:0.5653445746986918
