ELO:889
CE_PASSEDPAWNS:0.496535134607134
CE_PAWNWEAKNESSES:0.5284359257640494
CE_PIECEACTIVITY:0.49833939039005204
CE_KINGPAWNSHIELD:0.4948131028784559
CE_PIECECOORDINATION:0.47699581897630816
CE_MATERIAL:0.4937027465832968
CE_KINGSAFETY:0.5020200326356599
C_PIECESQUARETABLES:0.494070300863013
C_MOBILITY:0.5294494658386149
C_KINGSAFETY:0.5171561198094957
C_PAWNSTRUCTURE:0.5480690313675592
C_PIECECOORDINATION:0.4504010365656891
C_ROOK:0.5241178103001419
CE_ROOK:0.4827342041216165
C_CENTERCONTROL:0.523685468213971
C_DEVELOPPIECES:0.5642809500437297
C_MATERIAL:0.46186683616042834
C_MOVECOUNT:0.46469054376394353
C_PAWNMOVEMENT:0.5082952515646372
