ELO:945
CE_PASSEDPAWNS:0.5012000065021648
CE_PAWNWEAKNESSES:0.5098569678320857
CE_PIECEACTIVITY:0.5546358941908981
CE_KINGPAWNSHIELD:0.4635607213668884
CE_PIECECOORDINATION:0.49853769705535383
CE_MATERIAL:0.47631729400406214
CE_KINGSAFETY:0.4857130687285385
C_PIECESQUARETABLES:0.5134574483439815
C_MOBILITY:0.4499664057743112
C_KINGSAFETY:0.4881399103170106
C_PAWNSTRUCTURE:0.5115079965002431
C_PIECECOORDINATION:0.5111386104993281
C_ROOKANDPAWNMOVEMENT:0.5111386104993281
C_CENTERCONTROL:0.5318240431374545
C_DEVELOPPIECES:0.4690400802803182
C_MATERIAL:0.5451845432111423
