ELO:1010
CE_PASSEDPAWNS:0.48823564091680344
CE_PAWNWEAKNESSES:0.5
CE_PIECEACTIVITY:0.516090751590109
CE_KINGPAWNSHIELD:0.502943684582588
CE_PIECECOORDINATION:0.5
CE_MATERIAL:0.5
CE_KINGSAFETY:0.5
C_PIECESQUARETABLES:0.5
C_MOBILITY:0.480361129785071
C_KINGSAFETY:0.5121244189888806
C_PAWNSTRUCTURE:0.5222701208993894
C_PIECECOORDINATION:0.5040425884777654
C_ROOKANDPAWNMOVEMENT:0.5040425884777654
C_CENTERCONTROL:0.49877025168862327
C_DEVELOPPIECES:0.4968313709367048
C_MATERIAL:0.5053907358831264
C_MOVECOUNT:0.49264352132871253
