ELO:1000
CE_PASSEDPAWNS:0.5274229445820149
CE_PAWNWEAKNESSES:0.462969027061776
CE_PIECEACTIVITY:0.5153837769420854
CE_KINGPAWNSHIELD:0.4978057349870412
CE_PIECECOORDINATION:0.475549239579308
CE_MATERIAL:0.520054633889082
CE_KINGSAFETY:0.473391963872226
C_PIECESQUARETABLES:0.5051007926384535
C_MOBILITY:0.48571326391599584
C_KINGSAFETY:0.5029763147793629
C_PAWNSTRUCTURE:0.5128554502987253
C_PIECECOORDINATION:0.48157160066845156
C_ROOKANDPAWNMOVEMENT:0.48157160066845156
C_CENTERCONTROL:0.48533010025254375
C_DEVELOPPIECES:0.5183391650320804
C_MATERIAL:0.5112282938791505
