ELO:986
CE_PASSEDPAWNS:0.5134179909042931
CE_PAWNWEAKNESSES:0.5196464068130017
CE_PIECEACTIVITY:0.5200429969845377
CE_KINGPAWNSHIELD:0.46316833612606073
CE_PIECECOORDINATION:0.49436650884861627
CE_MATERIAL:0.5072428723331381
CE_KINGSAFETY:0.48306241378078807
C_PIECESQUARETABLES:0.5192194846974908
C_MOBILITY:0.4562827848242927
C_KINGSAFETY:0.4711965924461427
C_PAWNSTRUCTURE:0.48260343505756564
C_PIECECOORDINATION:0.5022992593428883
C_ROOKANDPAWNMOVEMENT:0.5022992593428883
C_CENTERCONTROL:0.45098802904199686
C_DEVELOPPIECES:0.35853777505399115
C_MATERIAL:0.5464130737487043
