ELO:942
CE_PASSEDPAWNS:0.5027726717367123
CE_PAWNWEAKNESSES:0.5175508247490871
CE_PIECEACTIVITY:0.5463202843237747
CE_KINGPAWNSHIELD:0.45243963176377816
CE_PIECECOORDINATION:0.5022000954220753
CE_MATERIAL:0.47053222584271365
CE_KINGSAFETY:0.4857130687285385
C_PIECESQUARETABLES:0.49956521477361565
C_MOBILITY:0.48880543558084527
C_KINGSAFETY:0.5214365390072655
C_PAWNSTRUCTURE:0.5137890519840383
C_PIECECOORDINATION:0.5097392453942813
C_ROOKANDPAWNMOVEMENT:0.5097392453942813
C_CENTERCONTROL:0.5426380561955187
C_DEVELOPPIECES:0.48524256949800904
C_MATERIAL:0.5370949560681167
