ELO:965
CE_PASSEDPAWNS:0.5984013859419567
CE_PAWNWEAKNESSES:0.44316541208696886
CE_PIECEACTIVITY:0.5144527624121065
CE_KINGPAWNSHIELD:0.5640047588886239
CE_PIECECOORDINATION:0.5333783051998447
CE_MATERIAL:0.41410206262172256
CE_KINGSAFETY:0.5160376845343501
C_PIECESQUARETABLES:0.49763866342267016
C_MOBILITY:0.43628540276946
C_KINGSAFETY:0.48574700985366775
C_PAWNSTRUCTURE:0.5537997053794261
C_PIECECOORDINATION:0.4304250839081192
C_ROOKANDPAWNMOVEMENT:0.4304250839081192
C_CENTERCONTROL:0.4235035010513784
C_DEVELOPPIECES:0.47855401255923696
C_MATERIAL:0.5184099244756907
