ELO:986
CE_PASSEDPAWNS:0.5046149851081546
CE_PAWNWEAKNESSES:0.5
CE_PIECEACTIVITY:0.5009482684993545
CE_KINGPAWNSHIELD:0.512444373101788
CE_PIECECOORDINATION:0.5044926513984451
CE_MATERIAL:0.4971238758467045
CE_KINGSAFETY:0.4879183758731806
C_PIECESQUARETABLES:0.5017425140616253
C_MOBILITY:0.5
C_KINGSAFETY:0.506625618448506
C_PAWNSTRUCTURE:0.48741605192881127
C_PIECECOORDINATION:0.5071065407268883
C_ROOK:0.4909542190801913
CE_ROOK:0.5037464148304606
C_CENTERCONTROL:0.4953900957527279
C_DEVELOPPIECES:0.4799165920503697
C_MATERIAL:0.5124255487271643
C_MOVECOUNT:0.5
C_PAWNMOVEMENT:0.48108151421539
