ELO:919
CE_PASSEDPAWNS:0.49526828161238234
CE_PAWNWEAKNESSES:0.5105373289955393
CE_PIECEACTIVITY:0.5570806136461421
CE_KINGPAWNSHIELD:0.45598145179096433
CE_PIECECOORDINATION:0.4910012995127402
CE_MATERIAL:0.4772138208504485
CE_KINGSAFETY:0.49228806885503473
C_PIECESQUARETABLES:0.4864307555451901
C_MOBILITY:0.49794453230643837
C_KINGSAFETY:0.4721917739498464
C_PAWNSTRUCTURE:0.5092073411867022
C_PIECECOORDINATION:0.536985230003585
C_ROOKANDPAWNMOVEMENT:0.536985230003585
C_CENTERCONTROL:0.5125102405270554
C_DEVELOPPIECES:0.5023008139895456
C_MATERIAL:0.4775582769082228
C_MOVECOUNT:0.43215031074023424
