ELO:1025
CE_PASSEDPAWNS:0.48823564091680344
CE_PAWNWEAKNESSES:0.5016324475483889
CE_PIECEACTIVITY:0.5046250021307392
CE_KINGPAWNSHIELD:0.5047496003074887
CE_PIECECOORDINATION:0.5
CE_MATERIAL:0.5011334257322061
CE_KINGSAFETY:0.5
C_PIECESQUARETABLES:0.5
C_MOBILITY:0.5
C_KINGSAFETY:0.5193271419979641
C_PAWNSTRUCTURE:0.5
C_PIECECOORDINATION:0.5095854167215581
C_ROOKANDPAWNMOVEMENT:0.5095854167215581
C_CENTERCONTROL:0.5
C_DEVELOPPIECES:0.49038958554969597
C_MATERIAL:0.4839741041927681
C_MOVECOUNT:0.5046261436038253
