ELO:953
CE_PASSEDPAWNS:0.4887296969717936
CE_PAWNWEAKNESSES:0.5121427371746963
CE_PIECEACTIVITY:0.5250957277728502
CE_KINGPAWNSHIELD:0.4471364509466563
CE_PIECECOORDINATION:0.5056874286725699
CE_MATERIAL:0.5332583228954422
CE_KINGSAFETY:0.4990345118309846
C_PIECESQUARETABLES:0.5032430620934354
C_MOBILITY:0.42871205003989993
C_KINGSAFETY:0.4633416362187104
C_PAWNSTRUCTURE:0.5067791306497949
C_PIECECOORDINATION:0.4587658881386394
C_ROOKANDPAWNMOVEMENT:0.4587658881386394
C_CENTERCONTROL:0.43761123482683134
C_DEVELOPPIECES:0.3688736042369651
C_MATERIAL:0.5767629598779422
