ELO:943
CE_PASSEDPAWNS:0.506029746996003
CE_PAWNWEAKNESSES:0.4615294997979571
CE_PIECEACTIVITY:0.5285833051749294
CE_KINGPAWNSHIELD:0.4419239170775458
CE_PIECECOORDINATION:0.5197650133459991
CE_MATERIAL:0.5441033891389927
CE_KINGSAFETY:0.5092072151331752
C_PIECESQUARETABLES:0.4951028750136317
C_MOBILITY:0.43856863724731604
C_KINGSAFETY:0.4588041097713776
C_PAWNSTRUCTURE:0.5303836944106233
C_PIECECOORDINATION:0.40838544510012903
C_ROOKANDPAWNMOVEMENT:0.40838544510012903
C_CENTERCONTROL:0.42167408640277
C_DEVELOPPIECES:0.346087198722337
C_MATERIAL:0.5744339055941382
