ELO:995
CE_PASSEDPAWNS:0.5341908562754957
CE_PAWNWEAKNESSES:0.4990788693282211
CE_PIECEACTIVITY:0.5090976732573521
CE_KINGPAWNSHIELD:0.4958574638671544
CE_PIECECOORDINATION:0.46058653719081893
CE_MATERIAL:0.5100853415364931
CE_KINGSAFETY:0.4882027029016118
C_PIECESQUARETABLES:0.5107615772993899
C_MOBILITY:0.48659007835124873
C_KINGSAFETY:0.4841805647213834
C_PAWNSTRUCTURE:0.5045251062245545
C_PIECECOORDINATION:0.4900004465562199
C_ROOK:0.50233573650538
CE_ROOK:0.5208891222659997
C_CENTERCONTROL:0.4914213129885804
C_DEVELOPPIECES:0.5094065613443597
C_MATERIAL:0.501645173272905
C_MOVECOUNT:0.4944447200102313
C_PAWNMOVEMENT:0.499557731146573
