ELO:1001
CE_PASSEDPAWNS:0.5416671788078532
CE_PAWNWEAKNESSES:0.5078737818651042
CE_PIECEACTIVITY:0.49597882978414515
CE_KINGPAWNSHIELD:0.49341704630044075
CE_PIECECOORDINATION:0.4828065955520823
CE_MATERIAL:0.4970839835317871
CE_KINGSAFETY:0.5
C_PIECESQUARETABLES:0.49554496554456773
C_MOBILITY:0.5152103265731954
C_KINGSAFETY:0.5185140831898568
C_PAWNSTRUCTURE:0.5275816877236574
C_PIECECOORDINATION:0.49064228217346484
C_ROOK:0.5209486672302466
CE_ROOK:0.49670562087073433
C_CENTERCONTROL:0.4984302833256045
C_DEVELOPPIECES:0.49903983861323986
C_MATERIAL:0.49865574282083247
C_MOVECOUNT:0.48412116275873324
C_PAWNMOVEMENT:0.495089760890589
