ELO:1012
CE_PASSEDPAWNS:0.5088060477325547
CE_PAWNWEAKNESSES:0.5
CE_PIECEACTIVITY:0.5
CE_KINGPAWNSHIELD:0.5036763675755741
CE_PIECECOORDINATION:0.5
CE_MATERIAL:0.5
CE_KINGSAFETY:0.4943115259643868
C_PIECESQUARETABLES:0.5
C_MOBILITY:0.4882763828834067
C_KINGSAFETY:0.5
C_PAWNSTRUCTURE:0.5
C_PIECECOORDINATION:0.5043226757542868
C_ROOKANDPAWNMOVEMENT:0.5043226757542868
C_CENTERCONTROL:0.49427059822481095
C_DEVELOPPIECES:0.5
C_MATERIAL:0.5
C_MOVECOUNT:0.4893844642162989
