ELO:1021
CE_PASSEDPAWNS:0.5088060477325547
CE_PAWNWEAKNESSES:0.5
CE_PIECEACTIVITY:0.5236279759294546
CE_KINGPAWNSHIELD:0.49491248335906485
CE_PIECECOORDINATION:0.5
CE_MATERIAL:0.4880143957523795
CE_KINGSAFETY:0.5
C_PIECESQUARETABLES:0.5
C_MOBILITY:0.4882763828834067
C_KINGSAFETY:0.48753725804170317
C_PAWNSTRUCTURE:0.5
C_PIECECOORDINATION:0.5
C_ROOKANDPAWNMOVEMENT:0.5
C_CENTERCONTROL:0.5105940586105634
C_DEVELOPPIECES:0.5
C_MATERIAL:0.5
C_MOVECOUNT:0.5
