ELO:992
CE_PASSEDPAWNS:0.4556428502129184
CE_PAWNWEAKNESSES:0.46086442171856556
CE_PIECEACTIVITY:0.5095936206703107
CE_KINGPAWNSHIELD:0.509674270312367
CE_PIECECOORDINATION:0.4977081295468796
CE_MATERIAL:0.4998328650420772
CE_KINGSAFETY:0.5
C_PIECESQUARETABLES:0.5
C_MOBILITY:0.4532664349226648
C_KINGSAFETY:0.5
C_PAWNSTRUCTURE:0.5091220547528964
C_PIECECOORDINATION:0.5
C_ROOKANDPAWNMOVEMENT:0.5
C_CENTERCONTROL:0.5013310086106091
C_DEVELOPPIECES:0.5151164389932109
C_MATERIAL:0.5011496159286368
C_MOVECOUNT:0.5
