ELO:958
CE_PASSEDPAWNS:0.4720910243967298
CE_PAWNWEAKNESSES:0.34312869368642857
CE_PIECEACTIVITY:0.572469157438533
CE_KINGPAWNSHIELD:0.49138622779521224
CE_PIECECOORDINATION:0.5742951021066878
CE_MATERIAL:0.4701053431366152
CE_KINGSAFETY:0.5
C_PIECESQUARETABLES:0.5
C_MOBILITY:0.4851171294396154
C_KINGSAFETY:0.433928077792735
C_PAWNSTRUCTURE:0.40774961479258204
C_PIECECOORDINATION:0.4534440690086724
C_ROOKANDPAWNMOVEMENT:0.4534440690086724
C_CENTERCONTROL:0.5319790877669808
C_DEVELOPPIECES:0.5904552046277457
C_MATERIAL:0.578519153624051
