ELO:925
CE_PASSEDPAWNS:0.49451584840747426
CE_PAWNWEAKNESSES:0.46362585703806036
CE_PIECEACTIVITY:0.5231973785127386
CE_KINGPAWNSHIELD:0.482513455735008
CE_PIECECOORDINATION:0.4987514935868968
CE_MATERIAL:0.5163941592346208
CE_KINGSAFETY:0.49066642704693153
C_PIECESQUARETABLES:0.49443378125352744
C_MOBILITY:0.4935887681275056
C_KINGSAFETY:0.46068055415480663
C_PAWNSTRUCTURE:0.5457861728802046
C_PIECECOORDINATION:0.4109449040155307
C_ROOKANDPAWNMOVEMENT:0.4109449040155307
C_CENTERCONTROL:0.36602195536323284
C_DEVELOPPIECES:0.3525523030455524
C_MATERIAL:0.5647046924481943
