ELO:1000
CE_PASSEDPAWNS:0.48823564091680344
CE_PAWNWEAKNESSES:0.46465077230509266
CE_PIECEACTIVITY:0.47261516748037136
CE_KINGPAWNSHIELD:0.49623831887270753
CE_PIECECOORDINATION:0.5
CE_MATERIAL:0.49447981927394596
CE_KINGSAFETY:0.5
C_PIECESQUARETABLES:0.5
C_MOBILITY:0.5
C_KINGSAFETY:0.5088370260498759
C_PAWNSTRUCTURE:0.5000709597687572
C_PIECECOORDINATION:0.4829968440541507
C_ROOKANDPAWNMOVEMENT:0.4829968440541507
C_CENTERCONTROL:0.547299768233624
C_DEVELOPPIECES:0.5148783606130006
C_MATERIAL:0.5134832825603148
C_MOVECOUNT:0.4927319987614539
