ELO:970
CE_PASSEDPAWNS:0.45911534850523555
CE_PAWNWEAKNESSES:0.5088910743640743
CE_PIECEACTIVITY:0.5139538255127326
CE_KINGPAWNSHIELD:0.5151094441440304
CE_PIECECOORDINATION:0.5573934354304043
CE_MATERIAL:0.5009952691228198
CE_KINGSAFETY:0.4837141878004065
C_PIECESQUARETABLES:0.5197834199856919
C_MOBILITY:0.4613347977939745
C_KINGSAFETY:0.5406822512391317
C_PAWNSTRUCTURE:0.5206624065768257
C_PIECECOORDINATION:0.5
C_ROOKANDPAWNMOVEMENT:0.5
C_CENTERCONTROL:0.5336073976903422
C_DEVELOPPIECES:0.4685989444400152
C_MATERIAL:0.4958851083049165
C_MOVECOUNT:0.5
