ELO:866
CE_PASSEDPAWNS:0.5231770440007963
CE_PAWNWEAKNESSES:0.5345828242167433
CE_PIECEACTIVITY:0.598644950330122
CE_KINGPAWNSHIELD:0.3877505310644369
CE_PIECECOORDINATION:0.5071698749675098
CE_MATERIAL:0.5016942396269547
CE_KINGSAFETY:0.5
C_PIECESQUARETABLES:0.5
C_MOBILITY:0.5046399608640394
C_KINGSAFETY:0.5236040780285054
C_PAWNSTRUCTURE:0.4862993850267053
C_PIECECOORDINATION:0.5079748038444948
C_ROOKANDPAWNMOVEMENT:0.5079748038444948
C_CENTERCONTROL:0.526795599456779
C_DEVELOPPIECES:0.4747775736791693
C_MATERIAL:0.46802135229456265
C_MOVECOUNT:0.5
