ELO:933
CE_PASSEDPAWNS:0.49983305858076743
CE_PAWNWEAKNESSES:0.4613395285831158
CE_PIECEACTIVITY:0.5141582780087762
CE_KINGPAWNSHIELD:0.4519453615426487
CE_PIECECOORDINATION:0.44471220282254054
CE_MATERIAL:0.48080027497739786
CE_KINGSAFETY:0.5
C_PIECESQUARETABLES:0.5
C_MOBILITY:0.5227632607881241
C_KINGSAFETY:0.5584474014202582
C_PAWNSTRUCTURE:0.47598800731163926
C_PIECECOORDINATION:0.43998452466163024
C_ROOKANDPAWNMOVEMENT:0.43998452466163024
C_CENTERCONTROL:0.4116053257118687
C_DEVELOPPIECES:0.4670668430196096
C_MATERIAL:0.5
C_MOVECOUNT:0.5
