ELO:1031
CE_PASSEDPAWNS:0.4984944715270213
CE_PAWNWEAKNESSES:0.47286425670431176
CE_PIECEACTIVITY:0.49702535401778575
CE_KINGPAWNSHIELD:0.5
CE_PIECECOORDINATION:0.498980069241355
CE_MATERIAL:0.5135565455755512
CE_KINGSAFETY:0.5
C_PIECESQUARETABLES:0.5
C_MOBILITY:0.5031260481860187
C_KINGSAFETY:0.4920051935978239
C_PAWNSTRUCTURE:0.5
C_PIECECOORDINATION:0.5124505130025703
C_ROOK:0.5
CE_ROOK:0.48763154770178085
C_CENTERCONTROL:0.5064946862139831
C_DEVELOPPIECES:0.49283485368857105
C_MATERIAL:0.48814307046272054
C_MOVECOUNT:0.4898257745510507
C_PAWNMOVEMENT:0.4590675100239037
