ELO:999
CE_PASSEDPAWNS:0.5255123139493388
CE_PAWNWEAKNESSES:0.5184368472851815
CE_PIECEACTIVITY:0.5023122888373592
CE_KINGPAWNSHIELD:0.5067123234114969
CE_PIECECOORDINATION:0.5761001682007973
CE_MATERIAL:0.5017880214364282
CE_KINGSAFETY:0.4677643003642781
C_PIECESQUARETABLES:0.4945730059241759
C_MOBILITY:0.5314842455527542
C_KINGSAFETY:0.44737913665452717
C_PAWNSTRUCTURE:0.6588937310235619
C_PIECECOORDINATION:0.4837662683834136
C_ROOKANDPAWNMOVEMENT:0.4837662683834136
C_CENTERCONTROL:0.5472782829133028
C_DEVELOPPIECES:0.5535501761217103
C_MATERIAL:0.5784234370118339
