ELO:1041
CE_PASSEDPAWNS:0.4888749446358555
CE_PAWNWEAKNESSES:0.5069109587267128
CE_PIECEACTIVITY:0.5
CE_KINGPAWNSHIELD:0.5
CE_PIECECOORDINATION:0.5019776518068586
CE_MATERIAL:0.48937577603872473
CE_KINGSAFETY:0.5
C_PIECESQUARETABLES:0.5
C_MOBILITY:0.4998930989233101
C_KINGSAFETY:0.48783519659163055
C_PAWNSTRUCTURE:0.501311123462431
C_PIECECOORDINATION:0.510384696333249
C_ROOK:0.5
CE_ROOK:0.49932498609106746
C_CENTERCONTROL:0.5
C_DEVELOPPIECES:0.4877931294293613
C_MATERIAL:0.482047255442402
C_MOVECOUNT:0.5013822226200452
C_PAWNMOVEMENT:0.5
