ELO:926
CE_PASSEDPAWNS:0.4801952710003543
CE_PAWNWEAKNESSES:0.5472597875663632
CE_PIECEACTIVITY:0.4955061966660615
CE_KINGPAWNSHIELD:0.5139654589519752
CE_PIECECOORDINATION:0.47359070666751896
CE_MATERIAL:0.5385929479872377
CE_KINGSAFETY:0.4978085689219393
C_PIECESQUARETABLES:0.527868621712604
C_MOBILITY:0.5307881462990396
C_KINGSAFETY:0.516028484932437
C_PAWNSTRUCTURE:0.539535787340685
C_PIECECOORDINATION:0.48971146738326
C_ROOKANDPAWNMOVEMENT:0.48971146738326
C_CENTERCONTROL:0.4984651442775066
C_DEVELOPPIECES:0.504887781177933
C_MATERIAL:0.4882190228240203
C_MOVECOUNT:0.49403295990421014
