ELO:983
CE_PASSEDPAWNS:0.5228151625755474
CE_PAWNWEAKNESSES:0.4949037723444656
CE_PIECEACTIVITY:0.4960690372669201
CE_KINGPAWNSHIELD:0.4990252024331522
CE_PIECECOORDINATION:0.4990188377722328
CE_MATERIAL:0.4784821163892529
CE_KINGSAFETY:0.4924501993598746
C_PIECESQUARETABLES:0.5056209420936097
C_MOBILITY:0.5099693870129243
C_KINGSAFETY:0.5087994703300809
C_PAWNSTRUCTURE:0.509430009007919
C_PIECECOORDINATION:0.48926185017451984
C_ROOK:0.5
CE_ROOK:0.5
C_CENTERCONTROL:0.5240842718584691
C_DEVELOPPIECES:0.5
C_MATERIAL:0.5003042385632849
C_MOVECOUNT:0.5088716544908629
C_PAWNMOVEMENT:0.5
