ELO:949
CE_PASSEDPAWNS:0.5315457305430578
CE_PAWNWEAKNESSES:0.5677105022203228
CE_PIECEACTIVITY:0.4560549521916027
CE_KINGPAWNSHIELD:0.5114291624836166
CE_PIECECOORDINATION:0.618970803329735
CE_MATERIAL:0.5327619789818662
CE_KINGSAFETY:0.49717930419006146
C_PIECESQUARETABLES:0.48863697086573754
C_MOBILITY:0.5248217162446005
C_KINGSAFETY:0.41581267129695415
C_PAWNSTRUCTURE:0.6366728726135833
C_PIECECOORDINATION:0.43867565786402124
C_ROOKANDPAWNMOVEMENT:0.43867565786402124
C_CENTERCONTROL:0.4640122593515723
C_DEVELOPPIECES:0.5315437130343782
C_MATERIAL:0.5869704161173251
