ELO:935
CE_PASSEDPAWNS:0.5005998260807247
CE_PAWNWEAKNESSES:0.48375346020108395
CE_PIECEACTIVITY:0.502280422336366
CE_KINGPAWNSHIELD:0.4949134036629764
CE_PIECECOORDINATION:0.47689877955254345
CE_MATERIAL:0.5576818742683853
CE_KINGSAFETY:0.4628182018174444
C_PIECESQUARETABLES:0.47127736553816846
C_MOBILITY:0.5375793719735406
C_KINGSAFETY:0.50794348780827
C_PAWNSTRUCTURE:0.48960583609189884
C_PIECECOORDINATION:0.4959606346178781
C_ROOKANDPAWNMOVEMENT:0.4959606346178781
C_CENTERCONTROL:0.5181336072108907
C_DEVELOPPIECES:0.5134002584726627
C_MATERIAL:0.5152650386385526
C_MOVECOUNT:0.5171994127392642
