ELO:1032
CE_PASSEDPAWNS:0.5009094585465971
CE_PAWNWEAKNESSES:0.5
CE_PIECEACTIVITY:0.4906019486981697
CE_KINGPAWNSHIELD:0.4779380244646073
CE_PIECECOORDINATION:0.5106941039431253
CE_MATERIAL:0.48937577603872473
CE_KINGSAFETY:0.5
C_PIECESQUARETABLES:0.5
C_MOBILITY:0.4987187433584193
C_KINGSAFETY:0.498844026533024
C_PAWNSTRUCTURE:0.501311123462431
C_PIECECOORDINATION:0.530079026421654
C_ROOK:0.5
CE_ROOK:0.49431917977143686
C_CENTERCONTROL:0.5
C_DEVELOPPIECES:0.4924542313572364
C_MATERIAL:0.5
C_MOVECOUNT:0.49063625738625116
C_PAWNMOVEMENT:0.48657398600930984
