ELO:1000
CE_PASSEDPAWNS:0.48956526602910716
CE_PAWNWEAKNESSES:0.5061284068894777
CE_PIECEACTIVITY:0.5061420469517635
CE_KINGPAWNSHIELD:0.5
CE_PIECECOORDINATION:0.5
CE_MATERIAL:0.49193688995978857
CE_KINGSAFETY:0.5
C_PIECESQUARETABLES:0.5
C_MOBILITY:0.508670177124862
C_KINGSAFETY:0.4960068378299825
C_PAWNSTRUCTURE:0.4926805259169311
C_PIECECOORDINATION:0.5
C_ROOK:0.5
CE_ROOK:0.5
C_CENTERCONTROL:0.49567944290780963
C_DEVELOPPIECES:0.5
C_MATERIAL:0.5043928654418414
C_MOVECOUNT:0.5087474974675757
C_PAWNMOVEMENT:0.5007576285731691
