ELO:957
CE_PASSEDPAWNS:0.5367983529983823
CE_PAWNWEAKNESSES:0.477835378551323
CE_PIECEACTIVITY:0.6032721333816085
CE_KINGPAWNSHIELD:0.5129605205804415
CE_PIECECOORDINATION:0.5088113723663175
CE_MATERIAL:0.5043461737880868
CE_KINGSAFETY:0.5105702238595505
C_PIECESQUARETABLES:0.48604729185222456
C_MOBILITY:0.3472204252516791
C_KINGSAFETY:0.4913582406739145
C_PAWNSTRUCTURE:0.3519788038958173
C_PIECECOORDINATION:0.3142501981767449
C_ROOKANDPAWNMOVEMENT:0.3142501981767449
C_CENTERCONTROL:0.49650190355807255
C_DEVELOPPIECES:0.44772042702629716
C_MATERIAL:0.3952466073463907
