ELO:1058
CE_PASSEDPAWNS:0.5101918637393328
CE_PAWNWEAKNESSES:0.4991714978647708
CE_PIECEACTIVITY:0.5012593221806272
CE_KINGPAWNSHIELD:0.4975840604551103
CE_PIECECOORDINATION:0.4977710575614237
CE_MATERIAL:0.5
CE_KINGSAFETY:0.5
C_PIECESQUARETABLES:0.5
C_MOBILITY:0.5021941160797283
C_KINGSAFETY:0.48760421906319956
C_PAWNSTRUCTURE:0.5
C_PIECECOORDINATION:0.5123368261828549
C_ROOK:0.5068507259615967
CE_ROOK:0.46918049438940834
C_CENTERCONTROL:0.5108722889636409
C_DEVELOPPIECES:0.5028217986566211
C_MATERIAL:0.5
C_MOVECOUNT:0.48871135583086506
C_PAWNMOVEMENT:0.4985402491232781
