ELO:981
CE_PASSEDPAWNS:0.4964635790274733
CE_PAWNWEAKNESSES:0.5107107952512018
CE_PIECEACTIVITY:0.5074520932384841
CE_KINGPAWNSHIELD:0.5197897476795431
CE_PIECECOORDINATION:0.4925682811546638
CE_MATERIAL:0.5
CE_KINGSAFETY:0.505415445777417
C_PIECESQUARETABLES:0.5003074810528961
C_MOBILITY:0.47414543690173494
C_KINGSAFETY:0.5025122704144586
C_PAWNSTRUCTURE:0.4903398241289484
C_PIECECOORDINATION:0.5021493180049906
C_ROOKANDPAWNMOVEMENT:0.5021493180049906
C_CENTERCONTROL:0.4860908087107677
C_DEVELOPPIECES:0.47988714458646337
C_MATERIAL:0.5
C_MOVECOUNT:0.5
