ELO:1006
CE_PASSEDPAWNS:0.5
CE_PAWNWEAKNESSES:0.4940602587806831
CE_PIECEACTIVITY:0.5084448843728129
CE_KINGPAWNSHIELD:0.5
CE_PIECECOORDINATION:0.4871236482555768
CE_MATERIAL:0.506875514337787
CE_KINGSAFETY:0.5070094932898666
C_PIECESQUARETABLES:0.5082663700365551
C_MOBILITY:0.5122604712941532
C_KINGSAFETY:0.5
C_PAWNSTRUCTURE:0.5171331368939044
C_PIECECOORDINATION:0.5
C_ROOKANDPAWNMOVEMENT:0.5
C_CENTERCONTROL:0.49597091802942167
C_DEVELOPPIECES:0.5056178795432462
C_MATERIAL:0.5090712608296062
