ELO:946
CE_PASSEDPAWNS:0.4808834216105849
CE_PAWNWEAKNESSES:0.5101905110838321
CE_PIECEACTIVITY:0.46741648647593576
CE_KINGPAWNSHIELD:0.5084372442591765
CE_PIECECOORDINATION:0.5170036967210698
CE_MATERIAL:0.5251848495454263
CE_KINGSAFETY:0.4949652340388132
C_PIECESQUARETABLES:0.468700843312481
C_MOBILITY:0.4971277466797403
C_KINGSAFETY:0.5085887752981867
C_PAWNSTRUCTURE:0.5107700064893
C_PIECECOORDINATION:0.4885699654650193
C_ROOKANDPAWNMOVEMENT:0.4885699654650193
C_CENTERCONTROL:0.5231325266167228
C_DEVELOPPIECES:0.4936576329475149
C_MATERIAL:0.5179006055260093
C_MOVECOUNT:0.5111728517844302
