ELO:1008
CE_PASSEDPAWNS:0.5010086647382663
CE_PAWNWEAKNESSES:0.4883783547490396
CE_PIECEACTIVITY:0.46972473113684077
CE_KINGPAWNSHIELD:0.5131058172387151
CE_PIECECOORDINATION:0.48879339729512705
CE_MATERIAL:0.49510012647184165
CE_KINGSAFETY:0.49815713649053794
C_PIECESQUARETABLES:0.4942116566231632
C_MOBILITY:0.4779788519560887
C_KINGSAFETY:0.4865363967996565
C_PAWNSTRUCTURE:0.5
C_PIECECOORDINATION:0.5
C_ROOKANDPAWNMOVEMENT:0.5
C_CENTERCONTROL:0.4592550847877789
C_DEVELOPPIECES:0.5115221126113145
C_MATERIAL:0.46980694862211364
C_MOVECOUNT:0.5
