ELO:985
CE_PASSEDPAWNS:0.5037870486736462
CE_PAWNWEAKNESSES:0.5149938653169425
CE_PIECEACTIVITY:0.4771968976010315
CE_KINGPAWNSHIELD:0.5080456856119061
CE_PIECECOORDINATION:0.48408552141646277
CE_MATERIAL:0.5004625604938561
CE_KINGSAFETY:0.47703598132146946
C_PIECESQUARETABLES:0.4878949584195983
C_MOBILITY:0.5141906535571928
C_KINGSAFETY:0.5174301341854285
C_PAWNSTRUCTURE:0.5199608145850295
C_PIECECOORDINATION:0.5027332759501226
C_ROOKANDPAWNMOVEMENT:0.5027332759501226
C_CENTERCONTROL:0.5069888776236371
C_DEVELOPPIECES:0.49526610626094875
C_MATERIAL:0.48031584642234115
C_MOVECOUNT:0.5
