ELO:1076
CE_PASSEDPAWNS:0.43523509369036395
CE_PAWNWEAKNESSES:0.5606825908700499
CE_PIECEACTIVITY:0.4977199670808198
CE_KINGPAWNSHIELD:0.4774259118591802
CE_PIECECOORDINATION:0.55780761630307
CE_MATERIAL:0.4517613566555027
CE_KINGSAFETY:0.5
C_PIECESQUARETABLES:0.5
C_MOBILITY:0.5120548497590311
C_KINGSAFETY:0.5459730849949886
C_PAWNSTRUCTURE:0.45983952331389183
C_PIECECOORDINATION:0.47863206872267633
C_ROOKANDPAWNMOVEMENT:0.47863206872267633
C_CENTERCONTROL:0.44624597019036766
C_DEVELOPPIECES:0.4186956890767564
C_MATERIAL:0.4063918105112338
