ELO:1000
CE_PASSEDPAWNS:0.5369557956109274
CE_PAWNWEAKNESSES:0.49930451534359005
CE_PIECEACTIVITY:0.520874312727586
CE_KINGPAWNSHIELD:0.4835263772679436
CE_PIECECOORDINATION:0.548607818085821
CE_MATERIAL:0.4864767805681475
CE_KINGSAFETY:0.5035390075348685
C_PIECESQUARETABLES:0.525884820087939
C_MOBILITY:0.5306925008442898
C_KINGSAFETY:0.4922098173265374
C_PAWNSTRUCTURE:0.5929644400976253
C_PIECECOORDINATION:0.4879099508522698
C_ROOKANDPAWNMOVEMENT:0.4879099508522698
C_CENTERCONTROL:0.5295215299245313
C_DEVELOPPIECES:0.5332113918921297
C_MATERIAL:0.5296025760755705
