ELO:1062
CE_PASSEDPAWNS:0.5
CE_PAWNWEAKNESSES:0.5
CE_PIECEACTIVITY:0.5135289286369638
CE_KINGPAWNSHIELD:0.4910092562459677
CE_PIECECOORDINATION:0.5
CE_MATERIAL:0.4932086605649664
CE_KINGSAFETY:0.4983957260669353
C_PIECESQUARETABLES:0.5
C_MOBILITY:0.49817344439033373
C_KINGSAFETY:0.4968862378739349
C_PAWNSTRUCTURE:0.5221405397768794
C_PIECECOORDINATION:0.5053492141866162
C_ROOK:0.5
CE_ROOK:0.5
C_CENTERCONTROL:0.5059331119878189
C_DEVELOPPIECES:0.49636349050838174
C_MATERIAL:0.5
C_MOVECOUNT:0.5136984272198314
C_PAWNMOVEMENT:0.5079631055122669
