ELO:801
CE_PASSEDPAWNS:0.5449860642192011
CE_PAWNWEAKNESSES:0.47524384981051604
CE_PIECEACTIVITY:0.4453237193899922
CE_KINGPAWNSHIELD:0.5448163024334521
CE_PIECECOORDINATION:0.4467388008982155
CE_MATERIAL:0.4770605208855715
CE_KINGSAFETY:0.5002375537731718
C_PIECESQUARETABLES:0.4742226526064271
C_MOBILITY:0.5161987588340523
C_KINGSAFETY:0.4841303659786985
C_PAWNSTRUCTURE:0.4889001034198661
C_PIECECOORDINATION:0.5777821138199316
C_ROOKANDPAWNMOVEMENT:0.5777821138199316
C_CENTERCONTROL:0.5410829023772966
C_DEVELOPPIECES:0.5020410852876123
C_MATERIAL:0.5178359282000589
C_MOVECOUNT:0.5
