ELO:949
CE_PASSEDPAWNS:0.48834771516941083
CE_PAWNWEAKNESSES:0.5236718148487562
CE_PIECEACTIVITY:0.5
CE_KINGPAWNSHIELD:0.5143398901704057
CE_PIECECOORDINATION:0.5091072924586053
CE_MATERIAL:0.5
CE_KINGSAFETY:0.5
C_PIECESQUARETABLES:0.509582629164207
C_MOBILITY:0.491145948631097
C_KINGSAFETY:0.47469215449402863
C_PAWNSTRUCTURE:0.46959340135429206
C_PIECECOORDINATION:0.4910688385661379
C_ROOKANDPAWNMOVEMENT:0.4910688385661379
C_CENTERCONTROL:0.5
C_DEVELOPPIECES:0.5244845676382724
C_MATERIAL:0.49990812313399413
C_MOVECOUNT:0.5187099409411422
