ELO:974
CE_PASSEDPAWNS:0.5099672593620307
CE_PAWNWEAKNESSES:0.5553259248855759
CE_PIECEACTIVITY:0.46069522581473793
CE_KINGPAWNSHIELD:0.5145002359537472
CE_PIECECOORDINATION:0.644748443129032
CE_MATERIAL:0.4954751918242768
CE_KINGSAFETY:0.47824305887365814
C_PIECESQUARETABLES:0.4913674663001364
C_MOBILITY:0.5268504560175418
C_KINGSAFETY:0.43565422833058803
C_PAWNSTRUCTURE:0.6673035832414851
C_PIECECOORDINATION:0.44368578069218795
C_ROOKANDPAWNMOVEMENT:0.44368578069218795
C_CENTERCONTROL:0.4644403442224625
C_DEVELOPPIECES:0.5363032266523805
C_MATERIAL:0.5885236175600009
