ELO:999
CE_PASSEDPAWNS:0.5061771623043916
CE_PAWNWEAKNESSES:0.49982120647606204
CE_PIECEACTIVITY:0.5719440302199811
CE_KINGPAWNSHIELD:0.5143850972565018
CE_PIECECOORDINATION:0.5430636682905503
CE_MATERIAL:0.4789726489341748
CE_KINGSAFETY:0.496016564609486
C_PIECESQUARETABLES:0.5101818987803789
C_MOBILITY:0.4164404903706097
C_KINGSAFETY:0.4854855136181486
C_PAWNSTRUCTURE:0.5382630504158065
C_PIECECOORDINATION:0.5734944652318354
C_ROOKANDPAWNMOVEMENT:0.5734944652318354
C_CENTERCONTROL:0.41999919566568034
C_DEVELOPPIECES:0.5149196741086336
C_MATERIAL:0.46790261202252925
