ELO:986
CE_PASSEDPAWNS:0.5
CE_PAWNWEAKNESSES:0.5032837044708885
CE_PIECEACTIVITY:0.5446282077173558
CE_KINGPAWNSHIELD:0.5457555527739077
CE_PIECECOORDINATION:0.5102639064422789
CE_MATERIAL:0.5215701252880488
CE_KINGSAFETY:0.46152843546961886
C_PIECESQUARETABLES:0.5
C_MOBILITY:0.5127880390997164
C_KINGSAFETY:0.5282534721426153
C_PAWNSTRUCTURE:0.47107730312553703
C_PIECECOORDINATION:0.44147470148018286
C_ROOKANDPAWNMOVEMENT:0.44147470148018286
C_CENTERCONTROL:0.4930056418409377
C_DEVELOPPIECES:0.5141311301512017
C_MATERIAL:0.4862129948691289
C_MOVECOUNT:0.5
