ELO:1000
CE_PASSEDPAWNS:0.5379853373373382
CE_PAWNWEAKNESSES:0.5159111004911666
CE_PIECEACTIVITY:0.5377951059480898
CE_KINGPAWNSHIELD:0.5054603679565781
CE_PIECECOORDINATION:0.4806624697158842
CE_MATERIAL:0.5066643151691724
CE_KINGSAFETY:0.4862807727705245
C_PIECESQUARETABLES:0.46198810091434084
C_MOBILITY:0.505405573757909
C_KINGSAFETY:0.4755959207132301
C_PAWNSTRUCTURE:0.5159186997538986
C_PIECECOORDINATION:0.4808158177490207
C_ROOKANDPAWNMOVEMENT:0.4808158177490207
C_CENTERCONTROL:0.4619570909379927
C_DEVELOPPIECES:0.519930021930878
C_MATERIAL:0.4887316426648085
