ELO:1028
CE_PASSEDPAWNS:0.4984944715270213
CE_PAWNWEAKNESSES:0.4991714978647708
CE_PIECEACTIVITY:0.49702535401778575
CE_KINGPAWNSHIELD:0.4752415700233207
CE_PIECECOORDINATION:0.4858273279290439
CE_MATERIAL:0.4963332086602903
CE_KINGSAFETY:0.5
C_PIECESQUARETABLES:0.5
C_MOBILITY:0.49390518534533817
C_KINGSAFETY:0.5133019398487192
C_PAWNSTRUCTURE:0.5008864142489636
C_PIECECOORDINATION:0.5124505130025703
C_ROOK:0.5369059538193658
CE_ROOK:0.4935121825709985
C_CENTERCONTROL:0.5064946862139831
C_DEVELOPPIECES:0.5019174547484602
C_MATERIAL:0.5001096358134437
C_MOVECOUNT:0.482048177781621
C_PAWNMOVEMENT:0.5029316072697483
