ELO:991
CE_PASSEDPAWNS:0.5277288571395565
CE_PAWNWEAKNESSES:0.48886422308836786
CE_PIECEACTIVITY:0.535617536388275
CE_KINGPAWNSHIELD:0.5328335992229324
CE_PIECECOORDINATION:0.4934900304935072
CE_MATERIAL:0.46749681432771095
CE_KINGSAFETY:0.5128888283422784
C_PIECESQUARETABLES:0.5
C_MOBILITY:0.5825964043484122
C_KINGSAFETY:0.5216344837432382
C_PAWNSTRUCTURE:0.46054427260367564
C_PIECECOORDINATION:0.501789302456755
C_ROOKANDPAWNMOVEMENT:0.501789302456755
C_CENTERCONTROL:0.42894235410171383
C_DEVELOPPIECES:0.44502055420013376
C_MATERIAL:0.6234991122067586
