ELO:999
CE_PASSEDPAWNS:0.5048983252310641
CE_PAWNWEAKNESSES:0.5
CE_PIECEACTIVITY:0.5029774913881212
CE_KINGPAWNSHIELD:0.5
CE_PIECECOORDINATION:0.5
CE_MATERIAL:0.5014899045420737
CE_KINGSAFETY:0.5054102305463088
C_PIECESQUARETABLES:0.5
C_MOBILITY:0.5
C_KINGSAFETY:0.5
C_PAWNSTRUCTURE:0.48839559154203904
C_PIECECOORDINATION:0.5039782311404821
C_ROOKANDPAWNMOVEMENT:0.5039782311404821
C_CENTERCONTROL:0.5
C_DEVELOPPIECES:0.49221168777593305
C_MATERIAL:0.5020564682387252
C_MOVECOUNT:0.5
