ELO:1030
CE_PASSEDPAWNS:0.4984944715270213
CE_PAWNWEAKNESSES:0.47286425670431176
CE_PIECEACTIVITY:0.49702535401778575
CE_KINGPAWNSHIELD:0.4970288219113497
CE_PIECECOORDINATION:0.4858273279290439
CE_MATERIAL:0.5222246684738875
CE_KINGSAFETY:0.5
C_PIECESQUARETABLES:0.5
C_MOBILITY:0.5031260481860187
C_KINGSAFETY:0.4920051935978239
C_PAWNSTRUCTURE:0.5
C_PIECECOORDINATION:0.5124505130025703
C_ROOK:0.5369059538193658
CE_ROOK:0.48763154770178085
C_CENTERCONTROL:0.5064946862139831
C_DEVELOPPIECES:0.5008416445546856
C_MATERIAL:0.5001096358134437
C_MOVECOUNT:0.4898257745510507
C_PAWNMOVEMENT:0.48282298105511523
