ELO:1099
CE_PASSEDPAWNS:0.5710013006064867
CE_PAWNWEAKNESSES:0.5606825908700499
CE_PIECEACTIVITY:0.45950288456639093
CE_KINGPAWNSHIELD:0.47170071292144106
CE_PIECECOORDINATION:0.55780761630307
CE_MATERIAL:0.4870316157511659
CE_KINGSAFETY:0.5
C_PIECESQUARETABLES:0.5
C_MOBILITY:0.5853010773681124
C_KINGSAFETY:0.5459730849949886
C_PAWNSTRUCTURE:0.45983952331389183
C_PIECECOORDINATION:0.47863206872267633
C_ROOKANDPAWNMOVEMENT:0.47863206872267633
C_CENTERCONTROL:0.44624597019036766
C_DEVELOPPIECES:0.48881135164504835
C_MATERIAL:0.4173605734683474
