ELO:1027
CE_PASSEDPAWNS:0.4984944715270213
CE_PAWNWEAKNESSES:0.4991714978647708
CE_PIECEACTIVITY:0.4869355426576438
CE_KINGPAWNSHIELD:0.4752415700233207
CE_PIECECOORDINATION:0.49450864543595785
CE_MATERIAL:0.4963332086602903
CE_KINGSAFETY:0.5
C_PIECESQUARETABLES:0.5
C_MOBILITY:0.4972396863897836
C_KINGSAFETY:0.5133019398487192
C_PAWNSTRUCTURE:0.5008864142489636
C_PIECECOORDINATION:0.530079026421654
C_ROOK:0.5111620048063572
CE_ROOK:0.49469427752576733
C_CENTERCONTROL:0.5010596837802753
C_DEVELOPPIECES:0.5191417892675573
C_MATERIAL:0.46758995477125365
C_MOVECOUNT:0.482048177781621
C_PAWNMOVEMENT:0.5255969999201114
