ELO:1124
CE_PASSEDPAWNS:0.6464859434921272
CE_PAWNWEAKNESSES:0.5130003313602872
CE_PIECEACTIVITY:0.5822554920959389
CE_KINGPAWNSHIELD:0.4774259118591802
CE_PIECECOORDINATION:0.504140306587215
CE_MATERIAL:0.4637893325173379
CE_KINGSAFETY:0.5
C_PIECESQUARETABLES:0.5
C_MOBILITY:0.4455170774255024
C_KINGSAFETY:0.6290083336177821
C_PAWNSTRUCTURE:0.4210018737219219
C_PIECECOORDINATION:0.4744009390707316
C_ROOKANDPAWNMOVEMENT:0.4744009390707316
C_CENTERCONTROL:0.5189355759951595
C_DEVELOPPIECES:0.6246554134499326
C_MATERIAL:0.4063918105112338
