ELO:980
CE_PASSEDPAWNS:0.5276538340264095
CE_PAWNWEAKNESSES:0.5020333013861021
CE_PIECEACTIVITY:0.507605325946051
CE_KINGPAWNSHIELD:0.49503904516675445
CE_PIECECOORDINATION:0.5031571387234817
CE_MATERIAL:0.49236322052734105
CE_KINGSAFETY:0.5076252251134472
C_PIECESQUARETABLES:0.5
C_MOBILITY:0.504803422783152
C_KINGSAFETY:0.5050419062458532
C_PAWNSTRUCTURE:0.5245770207287372
C_PIECECOORDINATION:0.4935904504154615
C_ROOKANDPAWNMOVEMENT:0.4935904504154615
C_CENTERCONTROL:0.5035991842737799
C_DEVELOPPIECES:0.5178499200190892
C_MATERIAL:0.5005939956311327
C_MOVECOUNT:0.48432999092840345
