ELO:1047
CE_PASSEDPAWNS:0.5
CE_PAWNWEAKNESSES:0.505677459186916
CE_PIECEACTIVITY:0.5
CE_KINGPAWNSHIELD:0.5060121857341368
CE_PIECECOORDINATION:0.4926968396747261
CE_MATERIAL:0.5
CE_KINGSAFETY:0.5
C_PIECESQUARETABLES:0.5
C_MOBILITY:0.5
C_KINGSAFETY:0.48719836825394514
C_PAWNSTRUCTURE:0.48932037955751756
C_PIECECOORDINATION:0.510384696333249
C_ROOK:0.511476189943598
CE_ROOK:0.49932498609106746
C_CENTERCONTROL:0.5
C_DEVELOPPIECES:0.49041085349956115
C_MATERIAL:0.48940688832066276
C_MOVECOUNT:0.5
C_PAWNMOVEMENT:0.5
