ELO:948
CE_PASSEDPAWNS:0.43998619370007874
CE_PAWNWEAKNESSES:0.5235215878796741
CE_PIECEACTIVITY:0.5012389627255882
CE_KINGPAWNSHIELD:0.4258418499925802
CE_PIECECOORDINATION:0.47428544805430206
CE_MATERIAL:0.4451095607368949
CE_KINGSAFETY:0.5
C_PIECESQUARETABLES:0.5
C_MOBILITY:0.4827516919730224
C_KINGSAFETY:0.42956262716998794
C_PAWNSTRUCTURE:0.6286674403726047
C_PIECECOORDINATION:0.5642401214650443
C_ROOKANDPAWNMOVEMENT:0.5642401214650443
C_CENTERCONTROL:0.41014551098022417
C_DEVELOPPIECES:0.4564333387800858
C_MATERIAL:0.5705146932061418
