ELO:1020
CE_PASSEDPAWNS:0.5
CE_PAWNWEAKNESSES:0.5089050830315284
CE_PIECEACTIVITY:0.5
CE_KINGPAWNSHIELD:0.5092985468518595
CE_PIECECOORDINATION:0.5214771618589702
CE_MATERIAL:0.48745270515829425
CE_KINGSAFETY:0.5
C_PIECESQUARETABLES:0.5
C_MOBILITY:0.5
C_KINGSAFETY:0.4894166856521529
C_PAWNSTRUCTURE:0.48932037955751756
C_PIECECOORDINATION:0.5107399732473097
C_ROOK:0.511476189943598
CE_ROOK:0.5
C_CENTERCONTROL:0.510217845982945
C_DEVELOPPIECES:0.5098361739591123
C_MATERIAL:0.5000931706638955
C_MOVECOUNT:0.5
C_PAWNMOVEMENT:0.5
