ELO:975
CE_PASSEDPAWNS:0.4941574212780498
CE_PAWNWEAKNESSES:0.497407312763333
CE_PIECEACTIVITY:0.4962471966988458
CE_KINGPAWNSHIELD:0.5
CE_PIECECOORDINATION:0.5
CE_MATERIAL:0.49709165611736394
CE_KINGSAFETY:0.5
C_PIECESQUARETABLES:0.4922843317556872
C_MOBILITY:0.5
C_KINGSAFETY:0.5
C_PAWNSTRUCTURE:0.5
C_PIECECOORDINATION:0.5123650147628827
C_ROOKANDPAWNMOVEMENT:0.5123650147628827
C_CENTERCONTROL:0.5
C_DEVELOPPIECES:0.5
C_MATERIAL:0.5057389508901085
C_MOVECOUNT:0.5
