ELO:907
CE_PASSEDPAWNS:0.4635661449869803
CE_PAWNWEAKNESSES:0.5154628925420907
CE_PIECEACTIVITY:0.520205637005955
CE_KINGPAWNSHIELD:0.47997307991771326
CE_PIECECOORDINATION:0.5332418364331838
CE_MATERIAL:0.5023910104433787
CE_KINGSAFETY:0.5122471459897996
C_PIECESQUARETABLES:0.4686321360222921
C_MOBILITY:0.5112893438785596
C_KINGSAFETY:0.5190917923433327
C_PAWNSTRUCTURE:0.5289376998636047
C_PIECECOORDINATION:0.5122218800719234
C_ROOKANDPAWNMOVEMENT:0.5122218800719234
C_CENTERCONTROL:0.5272592403552323
C_DEVELOPPIECES:0.47961343917912924
C_MATERIAL:0.545153146324351
C_MOVECOUNT:0.483713398626945
