ELO:838
CE_PASSEDPAWNS:0.5266078155250239
CE_PAWNWEAKNESSES:0.43731310158227166
CE_PIECEACTIVITY:0.427972826649897
CE_KINGPAWNSHIELD:0.5817770074551453
CE_PIECECOORDINATION:0.4515708617924657
CE_MATERIAL:0.5050073716016651
CE_KINGSAFETY:0.47199631018931903
C_PIECESQUARETABLES:0.4250240147013585
C_MOBILITY:0.47928958884076894
C_KINGSAFETY:0.4637218370205678
C_PAWNSTRUCTURE:0.43648458488926833
C_PIECECOORDINATION:0.4856848227540471
C_ROOKANDPAWNMOVEMENT:0.4856848227540471
C_CENTERCONTROL:0.5302709997006008
C_DEVELOPPIECES:0.4762344154097279
C_MATERIAL:0.5359629163868423
C_MOVECOUNT:0.5
