ELO:997
CE_PASSEDPAWNS:0.49247933576469993
CE_PAWNWEAKNESSES:0.4984488080292072
CE_PIECEACTIVITY:0.4970270255918469
CE_KINGPAWNSHIELD:0.5
CE_PIECECOORDINATION:0.5012320562532209
CE_MATERIAL:0.5
CE_KINGSAFETY:0.5
C_PIECESQUARETABLES:0.5104316664132728
C_MOBILITY:0.5057183330436802
C_KINGSAFETY:0.5071408844851379
C_PAWNSTRUCTURE:0.5
C_PIECECOORDINATION:0.4952108698910472
C_ROOKANDPAWNMOVEMENT:0.4952108698910472
C_CENTERCONTROL:0.48091100839405615
C_DEVELOPPIECES:0.4986206900533601
C_MATERIAL:0.5
C_MOVECOUNT:0.49470151719593897
