ELO:1000
CE_PASSEDPAWNS:0.5164316852393036
CE_PAWNWEAKNESSES:0.49520294526183894
CE_PIECEACTIVITY:0.5133296003406267
CE_KINGPAWNSHIELD:0.5057862013402965
CE_PIECECOORDINATION:0.5221735333377981
CE_MATERIAL:0.5069097594658881
CE_KINGSAFETY:0.5421052048626175
C_PIECESQUARETABLES:0.5068586620724853
C_MOBILITY:0.5228386378650778
C_KINGSAFETY:0.5142333828743634
C_PAWNSTRUCTURE:0.5387926260170247
C_PIECECOORDINATION:0.5078072992077503
C_ROOKANDPAWNMOVEMENT:0.5078072992077503
C_CENTERCONTROL:0.5271093508950006
C_DEVELOPPIECES:0.5162454715062059
C_MATERIAL:0.51770295171689
