ELO:988
CE_PASSEDPAWNS:0.5168892900155105
CE_PAWNWEAKNESSES:0.5
CE_PIECEACTIVITY:0.5069686440002005
CE_KINGPAWNSHIELD:0.49388045709080086
CE_PIECECOORDINATION:0.5094723880318676
CE_MATERIAL:0.4970140169825349
CE_KINGSAFETY:0.5131933067110542
C_PIECESQUARETABLES:0.4626252843799702
C_MOBILITY:0.5098611490355985
C_KINGSAFETY:0.5
C_PAWNSTRUCTURE:0.4768070227826788
C_PIECECOORDINATION:0.47656490087185205
C_ROOKANDPAWNMOVEMENT:0.47656490087185205
C_CENTERCONTROL:0.5188822353851329
C_DEVELOPPIECES:0.5028076933182521
C_MATERIAL:0.5008049834501753
C_MOVECOUNT:0.5
