ELO:1000
CE_PASSEDPAWNS:0.5421448275447309
CE_PAWNWEAKNESSES:0.5128640344856573
CE_PIECEACTIVITY:0.5002381448257381
CE_KINGPAWNSHIELD:0.4927436027389537
CE_PIECECOORDINATION:0.5542978484881608
CE_MATERIAL:0.4952187290432142
CE_KINGSAFETY:0.4864910948360193
C_PIECESQUARETABLES:0.4972152777740739
C_MOBILITY:0.5329078260522686
C_KINGSAFETY:0.49491966950867855
C_PAWNSTRUCTURE:0.6336791173909068
C_PIECECOORDINATION:0.49069483329237307
C_ROOKANDPAWNMOVEMENT:0.49069483329237307
C_CENTERCONTROL:0.5256646531432425
C_DEVELOPPIECES:0.5438527814207833
C_MATERIAL:0.5456106994070742
