ELO:1000
CE_PASSEDPAWNS:0.5013468289280817
CE_PAWNWEAKNESSES:0.4999783692192597
CE_PIECEACTIVITY:0.4879499621471388
CE_KINGPAWNSHIELD:0.4945395637465382
CE_PIECECOORDINATION:0.4928702495270657
CE_MATERIAL:0.49214453214974807
CE_KINGSAFETY:0.513529144600515
C_PIECESQUARETABLES:0.5
C_MOBILITY:0.48809863023922506
C_KINGSAFETY:0.49386046617054463
C_PAWNSTRUCTURE:0.5024571490482777
C_PIECECOORDINATION:0.5069734536508725
C_ROOK:0.49323377033360655
CE_ROOK:0.5
C_CENTERCONTROL:0.49024280429137235
C_DEVELOPPIECES:0.49222655135849436
C_MATERIAL:0.4974484578634249
C_MOVECOUNT:0.5146873983412042
C_PAWNMOVEMENT:0.522440376765386
