ELO:780
CE_PASSEDPAWNS:0.47915372211208146
CE_PAWNWEAKNESSES:0.5641324259021523
CE_PIECEACTIVITY:0.6194167552816264
CE_KINGPAWNSHIELD:0.43182091654301547
CE_PIECECOORDINATION:0.5780079187083078
CE_MATERIAL:0.4487462779427212
CE_KINGSAFETY:0.4865524580853717
C_PIECESQUARETABLES:0.47423119371078626
C_MOBILITY:0.4988924529805335
C_KINGSAFETY:0.4813252031529501
C_PAWNSTRUCTURE:0.5477778416728074
C_PIECECOORDINATION:0.4903276591324253
C_ROOKANDPAWNMOVEMENT:0.4903276591324253
C_CENTERCONTROL:0.4711412634227699
C_DEVELOPPIECES:0.502581488674638
C_MATERIAL:0.40165046258773685
C_MOVECOUNT:0.5
