ELO:977
CE_PASSEDPAWNS:0.5545920217169159
CE_PAWNWEAKNESSES:0.5103340718501113
CE_PIECEACTIVITY:0.49363378426192656
CE_KINGPAWNSHIELD:0.48085624525602033
CE_PIECECOORDINATION:0.5190552187898055
CE_MATERIAL:0.5181602250810381
CE_KINGSAFETY:0.5039561171860285
C_PIECESQUARETABLES:0.5122142497839585
C_MOBILITY:0.46065941357866463
C_KINGSAFETY:0.4863816935276018
C_PAWNSTRUCTURE:0.5473118399683871
C_PIECECOORDINATION:0.5781799805433027
C_ROOKANDPAWNMOVEMENT:0.5781799805433027
C_CENTERCONTROL:0.4699046495506353
C_DEVELOPPIECES:0.5250675323365319
C_MATERIAL:0.5321213437522937
