ELO:1000
CE_PASSEDPAWNS:0.5111858908603436
CE_PAWNWEAKNESSES:0.5078489637978442
CE_PIECEACTIVITY:0.48704458401939993
CE_KINGPAWNSHIELD:0.4786553347591285
CE_PIECECOORDINATION:0.5093692135606126
CE_MATERIAL:0.5056228941133213
CE_KINGSAFETY:0.5063543571862441
C_PIECESQUARETABLES:0.5146096947641186
C_MOBILITY:0.49324533015878474
C_KINGSAFETY:0.49500467165347695
C_PAWNSTRUCTURE:0.48343973371185645
C_PIECECOORDINATION:0.49788977413716756
C_ROOKANDPAWNMOVEMENT:0.49788977413716756
C_CENTERCONTROL:0.5075539423569725
C_DEVELOPPIECES:0.47709050011277404
C_MATERIAL:0.5102442787264437
