ELO:875
CE_PASSEDPAWNS:0.47308889210753147
CE_PAWNWEAKNESSES:0.44843627841482925
CE_PIECEACTIVITY:0.3993968411386766
CE_KINGPAWNSHIELD:0.4489394423605736
CE_PIECECOORDINATION:0.5699957067272733
CE_MATERIAL:0.5323500463344367
CE_KINGSAFETY:0.4968780062089821
C_PIECESQUARETABLES:0.4756956130628291
C_MOBILITY:0.5836492316209851
C_KINGSAFETY:0.5321881360937446
C_PAWNSTRUCTURE:0.5022388276779433
C_PIECECOORDINATION:0.5618614716606322
C_ROOKANDPAWNMOVEMENT:0.5618614716606322
C_CENTERCONTROL:0.5821116734442728
C_DEVELOPPIECES:0.5605221727740517
C_MATERIAL:0.50671128353571
