ELO:953
CE_PASSEDPAWNS:0.46630448708011535
CE_PAWNWEAKNESSES:0.4627447717448154
CE_PIECEACTIVITY:0.43561402581048536
CE_KINGPAWNSHIELD:0.5893664254784502
CE_PIECECOORDINATION:0.4918945421847715
CE_MATERIAL:0.5282205614491122
CE_KINGSAFETY:0.5327823060114028
C_PIECESQUARETABLES:0.527391494222295
C_MOBILITY:0.4898509009746146
C_KINGSAFETY:0.4879386990083874
C_PAWNSTRUCTURE:0.4770381104679025
C_PIECECOORDINATION:0.4164742301156502
C_ROOKANDPAWNMOVEMENT:0.4164742301156502
C_CENTERCONTROL:0.46968709527591174
C_DEVELOPPIECES:0.482804601934874
C_MATERIAL:0.6267141899673353
