ELO:1012
CE_PASSEDPAWNS:0.5027230560981786
CE_PAWNWEAKNESSES:0.4997146322235092
CE_PIECEACTIVITY:0.5045744521137052
CE_KINGPAWNSHIELD:0.5193063438317401
CE_PIECECOORDINATION:0.49755752393743086
CE_MATERIAL:0.5251124271834237
CE_KINGSAFETY:0.5
C_PIECESQUARETABLES:0.5
C_MOBILITY:0.5423692736745864
C_KINGSAFETY:0.49451272856711237
C_PAWNSTRUCTURE:0.5128039229412943
C_PIECECOORDINATION:0.5088175621277743
C_ROOK:0.46101618361128416
CE_ROOK:0.49444675838088514
C_CENTERCONTROL:0.4797949178573378
C_DEVELOPPIECES:0.5019174547484602
C_MATERIAL:0.47759231880041597
C_MOVECOUNT:0.47024348496951546
C_PAWNMOVEMENT:0.4898770183305598
