ELO:1025
CE_PASSEDPAWNS:0.4955273104592464
CE_PAWNWEAKNESSES:0.4840104548018427
CE_PIECEACTIVITY:0.512973614661882
CE_KINGPAWNSHIELD:0.5269800494089463
CE_PIECECOORDINATION:0.5125035609083783
CE_MATERIAL:0.5053204903610212
CE_KINGSAFETY:0.5047805234511137
C_PIECESQUARETABLES:0.5
C_MOBILITY:0.52166885803624
C_KINGSAFETY:0.5207123532506147
C_PAWNSTRUCTURE:0.524334623024627
C_PIECECOORDINATION:0.5180799117535605
C_ROOK:0.5152617900136113
CE_ROOK:0.48625489621868667
C_CENTERCONTROL:0.5302842375222394
C_DEVELOPPIECES:0.53867981583766
C_MATERIAL:0.5102334429104047
C_MOVECOUNT:0.4760219308894175
C_PAWNMOVEMENT:0.48999041487406386
