ELO:1012
CE_PASSEDPAWNS:0.49703647085515507
CE_PAWNWEAKNESSES:0.5062148070513521
CE_PIECEACTIVITY:0.5353494129309075
CE_KINGPAWNSHIELD:0.5446437150919401
CE_PIECECOORDINATION:0.4977710575614237
CE_MATERIAL:0.5251124271834237
CE_KINGSAFETY:0.5
C_PIECESQUARETABLES:0.5
C_MOBILITY:0.5423692736745864
C_KINGSAFETY:0.48989903287257747
C_PAWNSTRUCTURE:0.49684653182945093
C_PIECECOORDINATION:0.529637749746427
C_ROOK:0.5036332535940218
CE_ROOK:0.5070996351986368
C_CENTERCONTROL:0.49174161712371234
C_DEVELOPPIECES:0.503790404228409
C_MATERIAL:0.4856453541341074
C_MOVECOUNT:0.5014323903177648
C_PAWNMOVEMENT:0.47790337009440126
