ELO:1040
CE_PASSEDPAWNS:0.5027885654044989
CE_PAWNWEAKNESSES:0.4954662148007358
CE_PIECEACTIVITY:0.530070633116429
CE_KINGPAWNSHIELD:0.49125752202934697
CE_PIECECOORDINATION:0.49450864543595785
CE_MATERIAL:0.49873528204923373
CE_KINGSAFETY:0.5
C_PIECESQUARETABLES:0.5
C_MOBILITY:0.5
C_KINGSAFETY:0.4977610177086823
C_PAWNSTRUCTURE:0.4959800873894563
C_PIECECOORDINATION:0.5103376690900769
C_ROOK:0.49361738851163545
CE_ROOK:0.49216121952105707
C_CENTERCONTROL:0.5
C_DEVELOPPIECES:0.4942381983147077
C_MATERIAL:0.5323491725086331
C_MOVECOUNT:0.5008778728888044
C_PAWNMOVEMENT:0.4904676925178619
