ELO:972
CE_PASSEDPAWNS:0.5326631949522173
CE_PAWNWEAKNESSES:0.4415637372644996
CE_PIECEACTIVITY:0.5460013470050755
CE_KINGPAWNSHIELD:0.5323059202989158
CE_PIECECOORDINATION:0.5057614347239983
CE_MATERIAL:0.4673561076978038
CE_KINGSAFETY:0.5
C_PIECESQUARETABLES:0.5
C_MOBILITY:0.4854239537893477
C_KINGSAFETY:0.5472834012696451
C_PAWNSTRUCTURE:0.4433565275523936
C_PIECECOORDINATION:0.4752642104033801
C_ROOKANDPAWNMOVEMENT:0.4752642104033801
C_CENTERCONTROL:0.4238705028341972
C_DEVELOPPIECES:0.4122979057359069
C_MATERIAL:0.49354454768949635
C_MOVECOUNT:0.5
