ELO:807
CE_PASSEDPAWNS:0.4678418427545601
CE_PAWNWEAKNESSES:0.49538049944466267
CE_PIECEACTIVITY:0.5396022093126456
CE_KINGPAWNSHIELD:0.4809106633438512
CE_PIECECOORDINATION:0.5032342746070345
CE_MATERIAL:0.5213929684374456
CE_KINGSAFETY:0.5229530939978488
C_PIECESQUARETABLES:0.48352818482525567
C_MOBILITY:0.5336874037876138
C_KINGSAFETY:0.5222292249677195
C_PAWNSTRUCTURE:0.5742454948468826
C_PIECECOORDINATION:0.49039722667198327
C_ROOKANDPAWNMOVEMENT:0.49039722667198327
C_CENTERCONTROL:0.47481741658049115
C_DEVELOPPIECES:0.46872497726022183
C_MATERIAL:0.481914079496281
C_MOVECOUNT:0.5
