ELO:980
CE_PASSEDPAWNS:0.555664584071183
CE_PAWNWEAKNESSES:0.5219881069695049
CE_PIECEACTIVITY:0.5023330910181626
CE_KINGPAWNSHIELD:0.4824576572938966
CE_PIECECOORDINATION:0.5235420212531658
CE_MATERIAL:0.5236219028957372
CE_KINGSAFETY:0.5
C_PIECESQUARETABLES:0.49281393238031873
C_MOBILITY:0.4493105142910874
C_KINGSAFETY:0.4985256855104422
C_PAWNSTRUCTURE:0.5364771876218408
C_PIECECOORDINATION:0.5690479681373486
C_ROOKANDPAWNMOVEMENT:0.5690479681373486
C_CENTERCONTROL:0.4737454460402577
C_DEVELOPPIECES:0.5110873011548431
C_MATERIAL:0.5378425768507205
