ELO:1039
CE_PASSEDPAWNS:0.49666089684015446
CE_PAWNWEAKNESSES:0.5
CE_PIECEACTIVITY:0.530070633116429
CE_KINGPAWNSHIELD:0.5
CE_PIECECOORDINATION:0.5
CE_MATERIAL:0.4974477316404982
CE_KINGSAFETY:0.5
C_PIECESQUARETABLES:0.5
C_MOBILITY:0.4934559673954489
C_KINGSAFETY:0.49354428455914456
C_PAWNSTRUCTURE:0.500906228312213
C_PIECECOORDINATION:0.5210789240236054
C_ROOK:0.5128654996140453
CE_ROOK:0.5048562884776605
C_CENTERCONTROL:0.5302842375222394
C_DEVELOPPIECES:0.49383403657542363
C_MATERIAL:0.5180966590467132
C_MOVECOUNT:0.5
C_PAWNMOVEMENT:0.4992136450606166
