ELO:989
CE_PASSEDPAWNS:0.5352504202730575
CE_PAWNWEAKNESSES:0.5099029113190281
CE_PIECEACTIVITY:0.43616534483105107
CE_KINGPAWNSHIELD:0.5336863700446088
CE_PIECECOORDINATION:0.547183562744073
CE_MATERIAL:0.5464978494252639
CE_KINGSAFETY:0.5886583307160508
C_PIECESQUARETABLES:0.4656683632353903
C_MOBILITY:0.4801450487459476
C_KINGSAFETY:0.5147865099962031
C_PAWNSTRUCTURE:0.503622298681869
C_PIECECOORDINATION:0.4310276274303806
C_ROOKANDPAWNMOVEMENT:0.4310276274303806
C_CENTERCONTROL:0.48238540923395057
C_DEVELOPPIECES:0.47235719807054094
C_MATERIAL:0.6589033141843941
