ELO:987
CE_PASSEDPAWNS:0.48797963952295537
CE_PAWNWEAKNESSES:0.5163332193743423
CE_PIECEACTIVITY:0.5329242251079415
CE_KINGPAWNSHIELD:0.5048012557679509
CE_PIECECOORDINATION:0.49682280158518544
CE_MATERIAL:0.4827253799488636
CE_KINGSAFETY:0.5263749279607296
C_PIECESQUARETABLES:0.49409550086719023
C_MOBILITY:0.4912104519127151
C_KINGSAFETY:0.49799187277146034
C_PAWNSTRUCTURE:0.4705748802755396
C_PIECECOORDINATION:0.5147019975382571
C_ROOKANDPAWNMOVEMENT:0.5147019975382571
C_CENTERCONTROL:0.5
C_DEVELOPPIECES:0.4795787025335758
C_MATERIAL:0.5082614613481125
C_MOVECOUNT:0.5
