ELO:835
CE_PASSEDPAWNS:0.4682513534650929
CE_PAWNWEAKNESSES:0.5687051490399054
CE_PIECEACTIVITY:0.5433280838693683
CE_KINGPAWNSHIELD:0.4371436845471142
CE_PIECECOORDINATION:0.513403849122739
CE_MATERIAL:0.5131061197998117
CE_KINGSAFETY:0.5537428687460836
C_PIECESQUARETABLES:0.5008206703821787
C_MOBILITY:0.5438789112765389
C_KINGSAFETY:0.5229389923303892
C_PAWNSTRUCTURE:0.5655261451797249
C_PIECECOORDINATION:0.4532772244408335
C_ROOKANDPAWNMOVEMENT:0.4532772244408335
C_CENTERCONTROL:0.5308355567923384
C_DEVELOPPIECES:0.4579688267921663
C_MATERIAL:0.4779428459080363
C_MOVECOUNT:0.5
