ELO:982
CE_PASSEDPAWNS:0.5
CE_PAWNWEAKNESSES:0.5024003769424696
CE_PIECEACTIVITY:0.4852520103416227
CE_KINGPAWNSHIELD:0.5005838153330666
CE_PIECECOORDINATION:0.49019874587056395
CE_MATERIAL:0.4993814342616032
CE_KINGSAFETY:0.5021951896329525
C_PIECESQUARETABLES:0.506924295035774
C_MOBILITY:0.4800702203036873
C_KINGSAFETY:0.5172634927049903
C_PAWNSTRUCTURE:0.5103675651900063
C_PIECECOORDINATION:0.47703667795282345
C_ROOKANDPAWNMOVEMENT:0.47703667795282345
C_CENTERCONTROL:0.5
C_DEVELOPPIECES:0.5
C_MATERIAL:0.5114841764981852
