ELO:998
CE_PASSEDPAWNS:0.5211904701426361
CE_PAWNWEAKNESSES:0.5055567293106372
CE_PIECEACTIVITY:0.4331509549054961
CE_KINGPAWNSHIELD:0.5388625868297527
CE_PIECECOORDINATION:0.5406078851715852
CE_MATERIAL:0.5337733942635811
CE_KINGSAFETY:0.49205549685641037
C_PIECESQUARETABLES:0.5119374922103387
C_MOBILITY:0.4552144669544092
C_KINGSAFETY:0.5029682426197677
C_PAWNSTRUCTURE:0.47030128519533543
C_PIECECOORDINATION:0.42555278449560596
C_ROOKANDPAWNMOVEMENT:0.42555278449560596
C_CENTERCONTROL:0.48640697596096416
C_DEVELOPPIECES:0.45910376298751215
C_MATERIAL:0.659984338295323
