ELO:913
CE_PASSEDPAWNS:0.4908969469476886
CE_PAWNWEAKNESSES:0.5155303097878827
CE_PIECEACTIVITY:0.5176020274234795
CE_KINGPAWNSHIELD:0.5930532140223614
CE_PIECECOORDINATION:0.4919197218153901
CE_MATERIAL:0.5085541500456894
CE_KINGSAFETY:0.5428983027696883
C_PIECESQUARETABLES:0.5179199382882284
C_MOBILITY:0.595300626442914
C_KINGSAFETY:0.4654981997128129
C_PAWNSTRUCTURE:0.46861290828739965
C_PIECECOORDINATION:0.5618540991381625
C_ROOKANDPAWNMOVEMENT:0.5618540991381625
C_CENTERCONTROL:0.4660919963138058
C_DEVELOPPIECES:0.5400992075484139
C_MATERIAL:0.5528512553685831
C_MOVECOUNT:0.5014751061980416
