ELO:997
CE_PASSEDPAWNS:0.5113993023069096
CE_PAWNWEAKNESSES:0.49493932194225987
CE_PIECEACTIVITY:0.49870985911773225
CE_KINGPAWNSHIELD:0.5097884587232312
CE_PIECECOORDINATION:0.4847444308612121
CE_MATERIAL:0.5080094280659812
CE_KINGSAFETY:0.5017760674951757
C_PIECESQUARETABLES:0.5047755840095457
C_MOBILITY:0.5439429851913892
C_KINGSAFETY:0.48971825006556197
C_PAWNSTRUCTURE:0.5024571490482777
C_PIECECOORDINATION:0.5232173131019563
C_ROOK:0.4889990096067188
CE_ROOK:0.5060135653523877
C_CENTERCONTROL:0.5161970280345558
C_DEVELOPPIECES:0.49726024182820194
C_MATERIAL:0.5105244502057157
C_MOVECOUNT:0.5156712808036442
C_PAWNMOVEMENT:0.48565174688781987
