ELO:1007
CE_PASSEDPAWNS:0.5147921735251226
CE_PAWNWEAKNESSES:0.4959031719677066
CE_PIECEACTIVITY:0.5016262832759525
CE_KINGPAWNSHIELD:0.5006067091725654
CE_PIECECOORDINATION:0.4923091212787059
CE_MATERIAL:0.5034048451270605
CE_KINGSAFETY:0.5
C_PIECESQUARETABLES:0.5
C_MOBILITY:0.5
C_KINGSAFETY:0.5
C_PAWNSTRUCTURE:0.5040466583913675
C_PIECECOORDINATION:0.4882195139919232
C_ROOKANDPAWNMOVEMENT:0.4882195139919232
C_CENTERCONTROL:0.5061647816723026
C_DEVELOPPIECES:0.5126084865161296
C_MATERIAL:0.48869137256234035
C_MOVECOUNT:0.5
