ELO:1000
CE_PASSEDPAWNS:0.4919375429310087
CE_PAWNWEAKNESSES:0.5051332867455123
CE_PIECEACTIVITY:0.4626605399355417
CE_KINGPAWNSHIELD:0.4929717822012837
CE_PIECECOORDINATION:0.5149321621546117
CE_MATERIAL:0.4935770583830772
CE_KINGSAFETY:0.5163706710010957
C_PIECESQUARETABLES:0.5081980403321632
C_MOBILITY:0.5325654556793282
C_KINGSAFETY:0.5046048200999597
C_PAWNSTRUCTURE:0.491726240313639
C_PIECECOORDINATION:0.4620572447313405
C_ROOKANDPAWNMOVEMENT:0.4620572447313405
C_CENTERCONTROL:0.49249565598436423
C_DEVELOPPIECES:0.4651561101023607
C_MATERIAL:0.5583203862452734
