ELO:959
CE_PASSEDPAWNS:0.6026004527459026
CE_PAWNWEAKNESSES:0.5081343977850228
CE_PIECEACTIVITY:0.5172399393431175
CE_KINGPAWNSHIELD:0.48094799107367614
CE_PIECECOORDINATION:0.5235276229910453
CE_MATERIAL:0.5325044221659271
CE_KINGSAFETY:0.4966671733455145
C_PIECESQUARETABLES:0.5056116375404932
C_MOBILITY:0.47268431658947846
C_KINGSAFETY:0.47931247345232697
C_PAWNSTRUCTURE:0.554672617806431
C_PIECECOORDINATION:0.5716403133260337
C_ROOKANDPAWNMOVEMENT:0.5716403133260337
C_CENTERCONTROL:0.4905640630860512
C_DEVELOPPIECES:0.5040230041725852
C_MATERIAL:0.5574442509500044
