ELO:881
CE_PASSEDPAWNS:0.5002934009069917
CE_PAWNWEAKNESSES:0.4649201346307361
CE_PIECEACTIVITY:0.4130678097206934
CE_KINGPAWNSHIELD:0.46052741106405254
CE_PIECECOORDINATION:0.5435209457644994
CE_MATERIAL:0.526105902552377
CE_KINGSAFETY:0.4950614538672933
C_PIECESQUARETABLES:0.5020871029339397
C_MOBILITY:0.5953063501896748
C_KINGSAFETY:0.5445934737472335
C_PAWNSTRUCTURE:0.5130894021048662
C_PIECECOORDINATION:0.5506688027654068
C_ROOKANDPAWNMOVEMENT:0.5506688027654068
C_CENTERCONTROL:0.5629914460807695
C_DEVELOPPIECES:0.5472621493798006
C_MATERIAL:0.4663379557991547
