ELO:1000
CE_PASSEDPAWNS:0.5654582178041662
CE_PAWNWEAKNESSES:0.5328750712672311
CE_PIECEACTIVITY:0.444751298325089
CE_KINGPAWNSHIELD:0.5064294616360997
CE_PIECECOORDINATION:0.525099089123072
CE_MATERIAL:0.5319810444597275
CE_KINGSAFETY:0.5518585998948231
C_PIECESQUARETABLES:0.5048211682470943
C_MOBILITY:0.4746513728302994
C_KINGSAFETY:0.4783899420924351
C_PAWNSTRUCTURE:0.4864843307020183
C_PIECECOORDINATION:0.46218140750979336
C_ROOKANDPAWNMOVEMENT:0.46218140750979336
C_CENTERCONTROL:0.5019402471088518
C_DEVELOPPIECES:0.48820026489393686
C_MATERIAL:0.6193863268551504
