ELO:1007
CE_PASSEDPAWNS:0.4963128209245461
CE_PAWNWEAKNESSES:0.5
CE_PIECEACTIVITY:0.5
CE_KINGPAWNSHIELD:0.5
CE_PIECECOORDINATION:0.4892460260833649
CE_MATERIAL:0.4975192051600273
CE_KINGSAFETY:0.4966213169797041
C_PIECESQUARETABLES:0.5
C_MOBILITY:0.4864138213394242
C_KINGSAFETY:0.5
C_PAWNSTRUCTURE:0.5
C_PIECECOORDINATION:0.5085449382122683
C_ROOKANDPAWNMOVEMENT:0.5085449382122683
C_CENTERCONTROL:0.5
C_DEVELOPPIECES:0.5
C_MATERIAL:0.5149977280105028
C_MOVECOUNT:0.5
