ELO:1054
CE_PASSEDPAWNS:0.5
CE_PAWNWEAKNESSES:0.47286425670431176
CE_PIECEACTIVITY:0.49046209081848813
CE_KINGPAWNSHIELD:0.48494180170640855
CE_PIECECOORDINATION:0.48425377922660406
CE_MATERIAL:0.5113046221875883
CE_KINGSAFETY:0.5
C_PIECESQUARETABLES:0.5
C_MOBILITY:0.5193443550852914
C_KINGSAFETY:0.5033238579174952
C_PAWNSTRUCTURE:0.5008864142489636
C_PIECECOORDINATION:0.5101602699484833
C_ROOK:0.4820435025592838
CE_ROOK:0.5115540037442572
C_CENTERCONTROL:0.5299982789373977
C_DEVELOPPIECES:0.5098361739591123
C_MATERIAL:0.4782613691640225
C_MOVECOUNT:0.4760219308894175
C_PAWNMOVEMENT:0.5
