ELO:972
CE_PASSEDPAWNS:0.5010876614197056
CE_PAWNWEAKNESSES:0.4800446904556624
CE_PIECEACTIVITY:0.497499759123322
CE_KINGPAWNSHIELD:0.5167788948348861
CE_PIECECOORDINATION:0.5032416464344426
CE_MATERIAL:0.5103758918942185
CE_KINGSAFETY:0.5079340201200252
C_PIECESQUARETABLES:0.5147674616401557
C_MOBILITY:0.5044013330523932
C_KINGSAFETY:0.49710391311674107
C_PAWNSTRUCTURE:0.493991928054605
C_PIECECOORDINATION:0.48735267321410286
C_ROOK:0.5
CE_ROOK:0.5
C_CENTERCONTROL:0.4954403832847405
C_DEVELOPPIECES:0.5031206158434406
C_MATERIAL:0.5282413092415198
C_MOVECOUNT:0.4908794913472391
C_PAWNMOVEMENT:0.5
