ELO:1038
CE_PASSEDPAWNS:0.4859401613552304
CE_PAWNWEAKNESSES:0.4830405011720233
CE_PIECEACTIVITY:0.530070633116429
CE_KINGPAWNSHIELD:0.5325070833713661
CE_PIECECOORDINATION:0.48425377922660406
CE_MATERIAL:0.5045228684273555
CE_KINGSAFETY:0.5
C_PIECESQUARETABLES:0.5
C_MOBILITY:0.5193443550852914
C_KINGSAFETY:0.5033238579174952
C_PAWNSTRUCTURE:0.4787336599613985
C_PIECECOORDINATION:0.5101602699484833
C_ROOK:0.5030933205222411
CE_ROOK:0.5115540037442572
C_CENTERCONTROL:0.500299860415731
C_DEVELOPPIECES:0.5006241851502293
C_MATERIAL:0.49088206620205865
C_MOVECOUNT:0.4760219308894175
C_PAWNMOVEMENT:0.49912436464649584
