ELO:1000
CE_PASSEDPAWNS:0.49741867356556274
CE_PAWNWEAKNESSES:0.4999783692192597
CE_PIECEACTIVITY:0.4874715447531009
CE_KINGPAWNSHIELD:0.5
CE_PIECECOORDINATION:0.48398321317051085
CE_MATERIAL:0.5104008690505053
CE_KINGSAFETY:0.49868161867974475
C_PIECESQUARETABLES:0.5070645915488368
C_MOBILITY:0.48809863023922506
C_KINGSAFETY:0.49386046617054463
C_PAWNSTRUCTURE:0.5024571490482777
C_PIECECOORDINATION:0.5069734536508725
C_ROOK:0.5
CE_ROOK:0.5
C_CENTERCONTROL:0.49091605224551077
C_DEVELOPPIECES:0.5032116630005758
C_MATERIAL:0.4974484578634249
C_MOVECOUNT:0.5086809181124112
C_PAWNMOVEMENT:0.5116649558723665
