ELO:936
CE_PASSEDPAWNS:0.5487011899436862
CE_PAWNWEAKNESSES:0.4852686950844077
CE_PIECEACTIVITY:0.493542684438164
CE_KINGPAWNSHIELD:0.4625605975512218
CE_PIECECOORDINATION:0.5813460127020796
CE_MATERIAL:0.4817818048108246
CE_KINGSAFETY:0.49467996971285433
C_PIECESQUARETABLES:0.5106124352394256
C_MOBILITY:0.47445964825402537
C_KINGSAFETY:0.49152381132573497
C_PAWNSTRUCTURE:0.5630414651931992
C_PIECECOORDINATION:0.5582598704137254
C_ROOKANDPAWNMOVEMENT:0.5582598704137254
C_CENTERCONTROL:0.5084146223324988
C_DEVELOPPIECES:0.45444900959684714
C_MATERIAL:0.5543194747519375
