ELO:980
CE_PASSEDPAWNS:0.5
CE_PAWNWEAKNESSES:0.48773074041446673
CE_PIECEACTIVITY:0.4900406283445273
CE_KINGPAWNSHIELD:0.5104724939826788
CE_PIECECOORDINATION:0.4981965312474599
CE_MATERIAL:0.5
CE_KINGSAFETY:0.5
C_PIECESQUARETABLES:0.5
C_MOBILITY:0.5
C_KINGSAFETY:0.4836318527190693
C_PAWNSTRUCTURE:0.5091220547528964
C_PIECECOORDINATION:0.48592762428350633
C_ROOKANDPAWNMOVEMENT:0.48592762428350633
C_CENTERCONTROL:0.4957762169199074
C_DEVELOPPIECES:0.49167962842129936
C_MATERIAL:0.5
C_MOVECOUNT:0.5
