ELO:814
CE_PASSEDPAWNS:0.450913581841653
CE_PAWNWEAKNESSES:0.5207901318728595
CE_PIECEACTIVITY:0.5402355326600783
CE_KINGPAWNSHIELD:0.4677844683177424
CE_PIECECOORDINATION:0.5025725715021845
CE_MATERIAL:0.5354593149994421
CE_KINGSAFETY:0.5366255305537093
C_PIECESQUARETABLES:0.4815089424201456
C_MOBILITY:0.5402188061694627
C_KINGSAFETY:0.521974570402803
C_PAWNSTRUCTURE:0.5659667689143434
C_PIECECOORDINATION:0.4845672882385265
C_ROOKANDPAWNMOVEMENT:0.4845672882385265
C_CENTERCONTROL:0.4788058978736089
C_DEVELOPPIECES:0.4725363377947495
C_MATERIAL:0.48109058895763074
C_MOVECOUNT:0.5
