ELO:1010
CE_PASSEDPAWNS:0.46903530374753977
CE_PAWNWEAKNESSES:0.5008540239106584
CE_PIECEACTIVITY:0.5012593221806272
CE_KINGPAWNSHIELD:0.49125752202934697
CE_PIECECOORDINATION:0.5330292707230271
CE_MATERIAL:0.5208777979959445
CE_KINGSAFETY:0.5
C_PIECESQUARETABLES:0.5
C_MOBILITY:0.4829515601147915
C_KINGSAFETY:0.5054302180823947
C_PAWNSTRUCTURE:0.4966054918178038
C_PIECECOORDINATION:0.5330439623367109
C_ROOK:0.49537800300980583
CE_ROOK:0.4979724417262677
C_CENTERCONTROL:0.46317219418811734
C_DEVELOPPIECES:0.49914624624872594
C_MATERIAL:0.49745362351644534
C_MOVECOUNT:0.5034724299144714
C_PAWNMOVEMENT:0.5159787311400577
