ELO:1149
CE_PASSEDPAWNS:0.442778421640529
CE_PAWNWEAKNESSES:0.5049538678398092
CE_PIECEACTIVITY:0.5822554920959389
CE_KINGPAWNSHIELD:0.4037919867750302
CE_PIECECOORDINATION:0.5707969823983154
CE_MATERIAL:0.3996517433953958
CE_KINGSAFETY:0.5
C_PIECESQUARETABLES:0.5
C_MOBILITY:0.4455170774255024
C_KINGSAFETY:0.30807903020254146
C_PAWNSTRUCTURE:0.4171369074186442
C_PIECECOORDINATION:0.494945641527669
C_ROOKANDPAWNMOVEMENT:0.494945641527669
C_CENTERCONTROL:0.5802024538483129
C_DEVELOPPIECES:0.5069085577455196
C_MATERIAL:0.4063918105112338
