ELO:976
CE_PASSEDPAWNS:0.5017947048827941
CE_PAWNWEAKNESSES:0.48707234802845745
CE_PIECEACTIVITY:0.4246194469930828
CE_KINGPAWNSHIELD:0.5421225459572981
CE_PIECECOORDINATION:0.5005486015912076
CE_MATERIAL:0.5366439618798753
CE_KINGSAFETY:0.5
C_PIECESQUARETABLES:0.5
C_MOBILITY:0.48103529741027745
C_KINGSAFETY:0.49980844022556076
C_PAWNSTRUCTURE:0.4712652514760619
C_PIECECOORDINATION:0.4217025744838832
C_ROOKANDPAWNMOVEMENT:0.4217025744838832
C_CENTERCONTROL:0.4725534618041004
C_DEVELOPPIECES:0.49042351650788885
C_MATERIAL:0.6477614464898653
