ELO:1000
CE_PASSEDPAWNS:0.5145981522775859
CE_PAWNWEAKNESSES:0.5138989973168755
CE_PIECEACTIVITY:0.527847732164474
CE_KINGPAWNSHIELD:0.5139784164730208
CE_PIECECOORDINATION:0.511905295581312
CE_MATERIAL:0.49408287113550653
CE_KINGSAFETY:0.47312980494928053
C_PIECESQUARETABLES:0.483547125973074
C_MOBILITY:0.4933907689460186
C_KINGSAFETY:0.5146576182023178
C_PAWNSTRUCTURE:0.5393522871173041
C_PIECECOORDINATION:0.5118502804404603
C_ROOKANDPAWNMOVEMENT:0.5118502804404603
C_CENTERCONTROL:0.4913481006153307
C_DEVELOPPIECES:0.5136331244420838
C_MATERIAL:0.5156211857506707
