ELO:830
CE_PASSEDPAWNS:0.5145252993167619
CE_PAWNWEAKNESSES:0.5090160601163279
CE_PIECEACTIVITY:0.5309746171436114
CE_KINGPAWNSHIELD:0.6009489644688418
CE_PIECECOORDINATION:0.4990467433061534
CE_MATERIAL:0.4839441222758687
CE_KINGSAFETY:0.5
C_PIECESQUARETABLES:0.5
C_MOBILITY:0.4402736123503534
C_KINGSAFETY:0.5236040780285054
C_PAWNSTRUCTURE:0.4913698029230118
C_PIECECOORDINATION:0.5448152086800903
C_ROOKANDPAWNMOVEMENT:0.5448152086800903
C_CENTERCONTROL:0.46916395731635635
C_DEVELOPPIECES:0.5087359041418192
C_MATERIAL:0.5518013221646133
C_MOVECOUNT:0.5
