ELO:971
CE_PASSEDPAWNS:0.5017036668848616
CE_PAWNWEAKNESSES:0.48091241011004493
CE_PIECEACTIVITY:0.49260542317961936
CE_KINGPAWNSHIELD:0.49471180676332316
CE_PIECECOORDINATION:0.5073157652903232
CE_MATERIAL:0.4935910486981976
CE_KINGSAFETY:0.4929474220157523
C_PIECESQUARETABLES:0.5097721040615817
C_MOBILITY:0.5038625038433162
C_KINGSAFETY:0.49597673332516923
C_PAWNSTRUCTURE:0.5036791181161452
C_PIECECOORDINATION:0.5332997097515358
C_ROOKANDPAWNMOVEMENT:0.5332997097515358
C_CENTERCONTROL:0.5
C_DEVELOPPIECES:0.49229763336144045
C_MATERIAL:0.5069991620159484
C_MOVECOUNT:0.5076884900238673
