ELO:1000
CE_PASSEDPAWNS:0.5072769648555959
CE_PAWNWEAKNESSES:0.49170568039115764
CE_PIECEACTIVITY:0.5146642333079882
CE_KINGPAWNSHIELD:0.4988657178910562
CE_PIECECOORDINATION:0.5226124739711454
CE_MATERIAL:0.484529719584388
CE_KINGSAFETY:0.4834362444625558
C_PIECESQUARETABLES:0.5050284889130394
C_MOBILITY:0.5113738315697086
C_KINGSAFETY:0.5026063376680032
C_PAWNSTRUCTURE:0.5311117690843975
C_PIECECOORDINATION:0.5115913417756669
C_ROOKANDPAWNMOVEMENT:0.5115913417756669
C_CENTERCONTROL:0.5086589300950402
C_DEVELOPPIECES:0.5212917354447686
C_MATERIAL:0.5146966924110253
