ELO:910
CE_PASSEDPAWNS:0.37736763416956975
CE_PAWNWEAKNESSES:0.5370262480693911
CE_PIECEACTIVITY:0.4540063242131657
CE_KINGPAWNSHIELD:0.4441192336325997
CE_PIECECOORDINATION:0.4735106050444195
CE_MATERIAL:0.5955006325746877
CE_KINGSAFETY:0.5043128137898168
C_PIECESQUARETABLES:0.4745388639141386
C_MOBILITY:0.531825217837333
C_KINGSAFETY:0.5932387764415402
C_PAWNSTRUCTURE:0.4732398911833838
C_PIECECOORDINATION:0.517054100527162
C_ROOKANDPAWNMOVEMENT:0.517054100527162
C_CENTERCONTROL:0.5279372197346731
C_DEVELOPPIECES:0.5139731169745623
C_MATERIAL:0.4573323987859941
