ELO:1022
CE_PASSEDPAWNS:0.4955273104592464
CE_PAWNWEAKNESSES:0.49328769113621185
CE_PIECEACTIVITY:0.4882710138519792
CE_KINGPAWNSHIELD:0.5231993670178589
CE_PIECECOORDINATION:0.498980069241355
CE_MATERIAL:0.5108030906160467
CE_KINGSAFETY:0.5106122483620864
C_PIECESQUARETABLES:0.49379583209507266
C_MOBILITY:0.5277710426867963
C_KINGSAFETY:0.4890094461229128
C_PAWNSTRUCTURE:0.5
C_PIECECOORDINATION:0.5206010615644368
C_ROOK:0.5153224967074601
CE_ROOK:0.5101600524135045
C_CENTERCONTROL:0.5302842375222394
C_DEVELOPPIECES:0.4862352861594782
C_MATERIAL:0.5150774566233174
C_MOVECOUNT:0.5064099518986085
C_PAWNMOVEMENT:0.49920342959214886
