ELO:1040
CE_PASSEDPAWNS:0.5
CE_PAWNWEAKNESSES:0.4954662148007358
CE_PIECEACTIVITY:0.530070633116429
CE_KINGPAWNSHIELD:0.4975840604551103
CE_PIECECOORDINATION:0.49450864543595785
CE_MATERIAL:0.4970967322552941
CE_KINGSAFETY:0.5
C_PIECESQUARETABLES:0.5
C_MOBILITY:0.5139887119244537
C_KINGSAFETY:0.4920051935978239
C_PAWNSTRUCTURE:0.49684653182945093
C_PIECECOORDINATION:0.5123774048573894
C_ROOK:0.5152617900136113
CE_ROOK:0.5308422506177983
C_CENTERCONTROL:0.5
C_DEVELOPPIECES:0.5128766097516483
C_MATERIAL:0.5323491725086331
C_MOVECOUNT:0.4752383491580709
C_PAWNMOVEMENT:0.4878275624337509
