ELO:967
CE_PASSEDPAWNS:0.4581039274538065
CE_PAWNWEAKNESSES:0.45328712297309476
CE_PIECEACTIVITY:0.4442331456850124
CE_KINGPAWNSHIELD:0.5569722955511961
CE_PIECECOORDINATION:0.48645594406638876
CE_MATERIAL:0.521544747341146
CE_KINGSAFETY:0.4885226614547235
C_PIECESQUARETABLES:0.47599389303189293
C_MOBILITY:0.5452916729903869
C_KINGSAFETY:0.5046451558504388
C_PAWNSTRUCTURE:0.47252453417305357
C_PIECECOORDINATION:0.38204802216874084
C_ROOKANDPAWNMOVEMENT:0.38204802216874084
C_CENTERCONTROL:0.45927555825030314
C_DEVELOPPIECES:0.4476774898612335
C_MATERIAL:0.6240656082668976
