ELO:979
CE_PASSEDPAWNS:0.47223011971850193
CE_PAWNWEAKNESSES:0.5141631724977439
CE_PIECEACTIVITY:0.5017918775679019
CE_KINGPAWNSHIELD:0.5377994068347833
CE_PIECECOORDINATION:0.43938978558193065
CE_MATERIAL:0.48937577603872473
CE_KINGSAFETY:0.5
C_PIECESQUARETABLES:0.5
C_MOBILITY:0.4927072540120888
C_KINGSAFETY:0.4789751873508483
C_PAWNSTRUCTURE:0.5257721983851996
C_PIECECOORDINATION:0.5121202158746844
C_ROOK:0.5256630976849858
CE_ROOK:0.5133696208021866
C_CENTERCONTROL:0.48026751089024694
C_DEVELOPPIECES:0.5078495570605331
C_MATERIAL:0.5066201757976824
C_MOVECOUNT:0.4874776275306849
C_PAWNMOVEMENT:0.49108945402567095
