ELO:958
CE_PASSEDPAWNS:0.4884329465413175
CE_PAWNWEAKNESSES:0.4830545785289014
CE_PIECEACTIVITY:0.4933816053433479
CE_KINGPAWNSHIELD:0.4900217363729191
CE_PIECECOORDINATION:0.4854780029178902
CE_MATERIAL:0.5869589164506076
CE_KINGSAFETY:0.5181771821565927
C_PIECESQUARETABLES:0.5
C_MOBILITY:0.5
C_KINGSAFETY:0.4759619645933348
C_PAWNSTRUCTURE:0.5402429035349409
C_PIECECOORDINATION:0.5527505299378577
C_ROOKANDPAWNMOVEMENT:0.5527505299378577
C_CENTERCONTROL:0.4892159748478409
C_DEVELOPPIECES:0.46442878664365733
C_MATERIAL:0.4741926737297814
C_MOVECOUNT:0.5
