ELO:993
CE_PASSEDPAWNS:0.4550296391577745
CE_PAWNWEAKNESSES:0.5030496734325551
CE_PIECEACTIVITY:0.4955435543752434
CE_KINGPAWNSHIELD:0.5089849341898938
CE_PIECECOORDINATION:0.5309374804812022
CE_MATERIAL:0.4925612696916468
CE_KINGSAFETY:0.5
C_PIECESQUARETABLES:0.5
C_MOBILITY:0.47624714647352695
C_KINGSAFETY:0.5226750220094558
C_PAWNSTRUCTURE:0.48618254542664374
C_PIECECOORDINATION:0.5007055499119479
C_ROOK:0.47342411414949226
CE_ROOK:0.47863537500581715
C_CENTERCONTROL:0.503915262968317
C_DEVELOPPIECES:0.499497494093487
C_MATERIAL:0.5252388643169138
C_MOVECOUNT:0.4860451445315115
C_PAWNMOVEMENT:0.5211486333545423
