ELO:987
CE_PASSEDPAWNS:0.5114751698469485
CE_PAWNWEAKNESSES:0.49881965189523986
CE_PIECEACTIVITY:0.5139530409861145
CE_KINGPAWNSHIELD:0.4782988218875476
CE_PIECECOORDINATION:0.5397058549609844
CE_MATERIAL:0.5031685581720224
CE_KINGSAFETY:0.5074065358315001
C_PIECESQUARETABLES:0.5071804013743428
C_MOBILITY:0.5220349863385977
C_KINGSAFETY:0.5378836045946311
C_PAWNSTRUCTURE:0.5133475285485357
C_PIECECOORDINATION:0.49777404238213596
C_ROOKANDPAWNMOVEMENT:0.49777404238213596
C_CENTERCONTROL:0.5370153979054452
C_DEVELOPPIECES:0.4806063467652688
C_MATERIAL:0.44948244279005706
