ELO:972
CE_PASSEDPAWNS:0.4591774384281894
CE_PAWNWEAKNESSES:0.487838925511258
CE_PIECEACTIVITY:0.5155958334647296
CE_KINGPAWNSHIELD:0.3661976732683767
CE_PIECECOORDINATION:0.5828820092118617
CE_MATERIAL:0.5282216997492233
CE_KINGSAFETY:0.4998627419776043
C_PIECESQUARETABLES:0.4895363829649399
C_MOBILITY:0.4103857692930964
C_KINGSAFETY:0.5010020239935125
C_PAWNSTRUCTURE:0.4845174703317952
C_PIECECOORDINATION:0.45159223149698535
C_ROOKANDPAWNMOVEMENT:0.45159223149698535
C_CENTERCONTROL:0.5834086216066162
C_DEVELOPPIECES:0.4862821536015057
C_MATERIAL:0.41843271330291454
