ELO:991
CE_PASSEDPAWNS:0.5195645803962143
CE_PAWNWEAKNESSES:0.4747266971979074
CE_PIECEACTIVITY:0.5256534381721791
CE_KINGPAWNSHIELD:0.5546117257850154
CE_PIECECOORDINATION:0.4885295261108425
CE_MATERIAL:0.46749681432771095
CE_KINGSAFETY:0.4893096864242831
C_PIECESQUARETABLES:0.4888239046945027
C_MOBILITY:0.5836313903895851
C_KINGSAFETY:0.5250912115677565
C_PAWNSTRUCTURE:0.46054427260367564
C_PIECECOORDINATION:0.49481266204964397
C_ROOKANDPAWNMOVEMENT:0.49481266204964397
C_CENTERCONTROL:0.4218771817633053
C_DEVELOPPIECES:0.4354212939766876
C_MATERIAL:0.6273979494972224
