ELO:974
CE_PASSEDPAWNS:0.5116363211058578
CE_PAWNWEAKNESSES:0.49034221762908126
CE_PIECEACTIVITY:0.5119852459031523
CE_KINGPAWNSHIELD:0.4515943158777586
CE_PIECECOORDINATION:0.5481167167255181
CE_MATERIAL:0.5269581335577871
CE_KINGSAFETY:0.49218261901931293
C_PIECESQUARETABLES:0.5111762057503322
C_MOBILITY:0.5102011847214986
C_KINGSAFETY:0.5554911449305369
C_PAWNSTRUCTURE:0.5173705210684051
C_PIECECOORDINATION:0.4896962912888379
C_ROOKANDPAWNMOVEMENT:0.4896962912888379
C_CENTERCONTROL:0.5626487469983298
C_DEVELOPPIECES:0.49023699484290933
C_MATERIAL:0.4522430557854918
