ELO:961
CE_PASSEDPAWNS:0.51936355332204
CE_PAWNWEAKNESSES:0.4663637758938323
CE_PIECEACTIVITY:0.5058966695803664
CE_KINGPAWNSHIELD:0.4189539948279647
CE_PIECECOORDINATION:0.5815054104600582
CE_MATERIAL:0.5395937024278927
CE_KINGSAFETY:0.5036727864164754
C_PIECESQUARETABLES:0.5092650996423329
C_MOBILITY:0.480382839992844
C_KINGSAFETY:0.5371982490843056
C_PAWNSTRUCTURE:0.4952272864410291
C_PIECECOORDINATION:0.4715303342471206
C_ROOKANDPAWNMOVEMENT:0.4715303342471206
C_CENTERCONTROL:0.5506416846937703
C_DEVELOPPIECES:0.49560311653723377
C_MATERIAL:0.46486189693979746
