ELO:935
CE_PASSEDPAWNS:0.4963654096304504
CE_PAWNWEAKNESSES:0.4475304220194636
CE_PIECEACTIVITY:0.516679452464642
CE_KINGPAWNSHIELD:0.3893021184790045
CE_PIECECOORDINATION:0.568123589331774
CE_MATERIAL:0.5485512571251433
CE_KINGSAFETY:0.5056981419125958
C_PIECESQUARETABLES:0.4721919352776252
C_MOBILITY:0.45290387558204265
C_KINGSAFETY:0.5034327661678313
C_PAWNSTRUCTURE:0.47476643904079036
C_PIECECOORDINATION:0.45921251748329883
C_ROOKANDPAWNMOVEMENT:0.45921251748329883
C_CENTERCONTROL:0.5442198417727317
C_DEVELOPPIECES:0.48604725525199555
C_MATERIAL:0.4337786314684357
