ELO:991
CE_PASSEDPAWNS:0.5034238404255416
CE_PAWNWEAKNESSES:0.5162504715218845
CE_PIECEACTIVITY:0.5108380321195735
CE_KINGPAWNSHIELD:0.5665664098760624
CE_PIECECOORDINATION:0.5275219939306766
CE_MATERIAL:0.5881766745250177
CE_KINGSAFETY:0.49698527048935803
C_PIECESQUARETABLES:0.48989888607095267
C_MOBILITY:0.456879210149291
C_KINGSAFETY:0.4532978657967252
C_PAWNSTRUCTURE:0.43066434601180426
C_PIECECOORDINATION:0.4683643012076074
C_ROOKANDPAWNMOVEMENT:0.4683643012076074
C_CENTERCONTROL:0.5384479278649082
C_DEVELOPPIECES:0.5095566723725199
C_MATERIAL:0.4849333844674256
