ELO:1000
CE_PASSEDPAWNS:0.5162727406496755
CE_PAWNWEAKNESSES:0.5036187992378861
CE_PIECEACTIVITY:0.4966866939037937
CE_KINGPAWNSHIELD:0.5160642814315904
CE_PIECECOORDINATION:0.5100846320721862
CE_MATERIAL:0.5177800586174505
CE_KINGSAFETY:0.5020523807586164
C_PIECESQUARETABLES:0.508314674439427
C_MOBILITY:0.4894856294302592
C_KINGSAFETY:0.5007131064982923
C_PAWNSTRUCTURE:0.4525896337947218
C_PIECECOORDINATION:0.4785383251831794
C_ROOKANDPAWNMOVEMENT:0.4785383251831794
C_CENTERCONTROL:0.5011517457811688
C_DEVELOPPIECES:0.4795408597822303
C_MATERIAL:0.5025528576422565
