ELO:1029
CE_PASSEDPAWNS:0.4987824019407791
CE_PAWNWEAKNESSES:0.5
CE_PIECEACTIVITY:0.5
CE_KINGPAWNSHIELD:0.500770625437377
CE_PIECECOORDINATION:0.5186935228379167
CE_MATERIAL:0.49592725411258465
CE_KINGSAFETY:0.5
C_PIECESQUARETABLES:0.5
C_MOBILITY:0.5100506975321502
C_KINGSAFETY:0.5055778245344458
C_PAWNSTRUCTURE:0.5
C_PIECECOORDINATION:0.5
C_ROOKANDPAWNMOVEMENT:0.5
C_CENTERCONTROL:0.49525592787221795
C_DEVELOPPIECES:0.5
C_MATERIAL:0.4978761146227799
C_MOVECOUNT:0.5
