ELO:899
CE_PASSEDPAWNS:0.5081065803430753
CE_PAWNWEAKNESSES:0.5047017748199737
CE_PIECEACTIVITY:0.5003325253110422
CE_KINGPAWNSHIELD:0.3932655267372313
CE_PIECECOORDINATION:0.5654261502847389
CE_MATERIAL:0.5259523462338228
CE_KINGSAFETY:0.5073156999227368
C_PIECESQUARETABLES:0.4640990048365674
C_MOBILITY:0.40029884327142606
C_KINGSAFETY:0.5493569293837158
C_PAWNSTRUCTURE:0.535781151054785
C_PIECECOORDINATION:0.42540946304080124
C_ROOKANDPAWNMOVEMENT:0.42540946304080124
C_CENTERCONTROL:0.5803700591529516
C_DEVELOPPIECES:0.4687235962648123
C_MATERIAL:0.4032690389413638
