ELO:999
CE_PASSEDPAWNS:0.5002885376269675
CE_PAWNWEAKNESSES:0.5165119186998023
CE_PIECEACTIVITY:0.49852216518148745
CE_KINGPAWNSHIELD:0.5
CE_PIECECOORDINATION:0.4945320522038026
CE_MATERIAL:0.5085729032162487
CE_KINGSAFETY:0.48840310001318077
C_PIECESQUARETABLES:0.5
C_MOBILITY:0.4802987233773669
C_KINGSAFETY:0.4995901784160799
C_PAWNSTRUCTURE:0.4787260217099873
C_PIECECOORDINATION:0.49433187167430725
C_ROOKANDPAWNMOVEMENT:0.49433187167430725
C_CENTERCONTROL:0.5125316730727523
C_DEVELOPPIECES:0.49085085454327604
C_MATERIAL:0.5044353816985954
