ELO:983
CE_PASSEDPAWNS:0.5007380761823902
CE_PAWNWEAKNESSES:0.5201927670442095
CE_PIECEACTIVITY:0.5103389315717137
CE_KINGPAWNSHIELD:0.47051653570120766
CE_PIECECOORDINATION:0.47838556152314266
CE_MATERIAL:0.49199021591623887
CE_KINGSAFETY:0.49167604918331204
C_PIECESQUARETABLES:0.5034669294136317
C_MOBILITY:0.4661998664586739
C_KINGSAFETY:0.513459882892322
C_PAWNSTRUCTURE:0.5032523975028979
C_PIECECOORDINATION:0.5141699019196545
C_ROOK:0.5229649011844384
CE_ROOK:0.5023923675171882
C_CENTERCONTROL:0.5111240969635651
C_DEVELOPPIECES:0.512280064878223
C_MATERIAL:0.5019880053344448
C_MOVECOUNT:0.4914622315017328
C_PAWNMOVEMENT:0.5041435166902332
