ELO:985
CE_PASSEDPAWNS:0.49631411753863763
CE_PAWNWEAKNESSES:0.5100290345769655
CE_PIECEACTIVITY:0.4954485573603
CE_KINGPAWNSHIELD:0.4831955305274163
CE_PIECECOORDINATION:0.47838556152314266
CE_MATERIAL:0.5
CE_KINGSAFETY:0.49167604918331204
C_PIECESQUARETABLES:0.5034669294136317
C_MOBILITY:0.485182018526064
C_KINGSAFETY:0.5020506893577406
C_PAWNSTRUCTURE:0.501310516889884
C_PIECECOORDINATION:0.5097120774299173
C_ROOK:0.49658395400056693
CE_ROOK:0.5103622992676532
C_CENTERCONTROL:0.5111240969635651
C_DEVELOPPIECES:0.5038582188886234
C_MATERIAL:0.5006930734384679
C_MOVECOUNT:0.5112261858395549
C_PAWNMOVEMENT:0.507039738007591
