ELO:947
CE_PASSEDPAWNS:0.5103691792744021
CE_PAWNWEAKNESSES:0.5020325528044769
CE_PIECEACTIVITY:0.5046707469783136
CE_KINGPAWNSHIELD:0.49112278402660015
CE_PIECECOORDINATION:0.48004761423548814
CE_MATERIAL:0.48432180211807446
CE_KINGSAFETY:0.5010411086950338
C_PIECESQUARETABLES:0.4790726921764687
C_MOBILITY:0.48846353257189673
C_KINGSAFETY:0.507140568775082
C_PAWNSTRUCTURE:0.49131010320493207
C_PIECECOORDINATION:0.5112932163568884
C_ROOKANDPAWNMOVEMENT:0.5112932163568884
C_CENTERCONTROL:0.482312909991913
C_DEVELOPPIECES:0.5118297094338854
C_MATERIAL:0.48544578024993973
C_MOVECOUNT:0.5102307472472395
