ELO:1000
CE_PASSEDPAWNS:0.5079249694653932
CE_PAWNWEAKNESSES:0.49082245450202144
CE_PIECEACTIVITY:0.5096945736050177
CE_KINGPAWNSHIELD:0.5184141903094381
CE_PIECECOORDINATION:0.5148228601242312
CE_MATERIAL:0.503154848046239
CE_KINGSAFETY:0.488125571274794
C_PIECESQUARETABLES:0.5182261849239492
C_MOBILITY:0.4805332383670847
C_KINGSAFETY:0.4882021556976774
C_PAWNSTRUCTURE:0.48014955503202844
C_PIECECOORDINATION:0.4868936368844927
C_ROOKANDPAWNMOVEMENT:0.4868936368844927
C_CENTERCONTROL:0.507320874527682
C_DEVELOPPIECES:0.4973461783328428
C_MATERIAL:0.4755720687685291
