ELO:1000
CE_PASSEDPAWNS:0.5
CE_PAWNWEAKNESSES:0.5
CE_PIECEACTIVITY:0.5
CE_KINGPAWNSHIELD:0.4810745695786214
CE_PIECECOORDINATION:0.4960178382514599
CE_MATERIAL:0.5
CE_KINGSAFETY:0.5
C_PIECESQUARETABLES:0.5
C_MOBILITY:0.5
C_KINGSAFETY:0.5
C_PAWNSTRUCTURE:0.48973286482176975
C_PIECECOORDINATION:0.5
C_ROOK:0.4997131795053219
CE_ROOK:0.5067297938563212
C_CENTERCONTROL:0.5124260643422651
C_DEVELOPPIECES:0.4914824151355522
C_MATERIAL:0.4928283499190086
C_MOVECOUNT:0.49718603754773183
C_PAWNMOVEMENT:0.4959311332151993
