ELO:920
CE_PASSEDPAWNS:0.4618715195714198
CE_PAWNWEAKNESSES:0.5045622995762313
CE_PIECEACTIVITY:0.514262690503831
CE_KINGPAWNSHIELD:0.5009155981554093
CE_PIECECOORDINATION:0.5074047205476162
CE_MATERIAL:0.5
CE_KINGSAFETY:0.5109496195201255
C_PIECESQUARETABLES:0.5160911210256625
C_MOBILITY:0.48838996614816343
C_KINGSAFETY:0.5096344012024692
C_PAWNSTRUCTURE:0.4034853607655089
C_PIECECOORDINATION:0.5
C_ROOKANDPAWNMOVEMENT:0.5
C_CENTERCONTROL:0.5
C_DEVELOPPIECES:0.5096413276279392
C_MATERIAL:0.4144686960369719
C_MOVECOUNT:0.5
