ELO:1000
CE_PASSEDPAWNS:0.5113347839541628
CE_PAWNWEAKNESSES:0.495888796362269
CE_PIECEACTIVITY:0.5068172086323507
CE_KINGPAWNSHIELD:0.49095976563772836
CE_PIECECOORDINATION:0.5045685241051424
CE_MATERIAL:0.5
CE_KINGSAFETY:0.5018502593375486
C_PIECESQUARETABLES:0.5
C_MOBILITY:0.5
C_KINGSAFETY:0.49865849916820504
C_PAWNSTRUCTURE:0.4928644247008019
C_PIECECOORDINATION:0.5081093491972507
C_ROOKANDPAWNMOVEMENT:0.5081093491972507
C_CENTERCONTROL:0.5
C_DEVELOPPIECES:0.5
C_MATERIAL:0.5019818764706978
