ELO:782
CE_PASSEDPAWNS:0.550722795871865
CE_PAWNWEAKNESSES:0.397479328253744
CE_PIECEACTIVITY:0.6358023348129573
CE_KINGPAWNSHIELD:0.4199599228687935
CE_PIECECOORDINATION:0.614755528861126
CE_MATERIAL:0.5023072191297168
CE_KINGSAFETY:0.5
C_PIECESQUARETABLES:0.5
C_MOBILITY:0.5599079011148371
C_KINGSAFETY:0.39633860065763576
C_PAWNSTRUCTURE:0.4517048667293848
C_PIECECOORDINATION:0.418804802828278
C_ROOKANDPAWNMOVEMENT:0.418804802828278
C_CENTERCONTROL:0.5679473731308725
C_DEVELOPPIECES:0.5177282823466807
C_MATERIAL:0.49436743681680423
