ELO:962
CE_PASSEDPAWNS:0.4907860242894856
CE_PAWNWEAKNESSES:0.5144372285733285
CE_PIECEACTIVITY:0.5039287978519702
CE_KINGPAWNSHIELD:0.47631312736038817
CE_PIECECOORDINATION:0.45749174794271125
CE_MATERIAL:0.4983833515834417
CE_KINGSAFETY:0.5041428873927842
C_PIECESQUARETABLES:0.5102931813308017
C_MOBILITY:0.46976918995140643
C_KINGSAFETY:0.4992489578306609
C_PAWNSTRUCTURE:0.5017285499432368
C_PIECECOORDINATION:0.5093779071230623
C_ROOK:0.5237750749850273
CE_ROOK:0.4715816839109836
C_CENTERCONTROL:0.5289324316371996
C_DEVELOPPIECES:0.5304724588419807
C_MATERIAL:0.5019867110938696
C_MOVECOUNT:0.4537678311150538
C_PAWNMOVEMENT:0.5244528983834091
