ELO:893
CE_PASSEDPAWNS:0.5251211236470206
CE_PAWNWEAKNESSES:0.5296759841552511
CE_PIECEACTIVITY:0.49359359006524445
CE_KINGPAWNSHIELD:0.5111151594295745
CE_PIECECOORDINATION:0.5059850157877748
CE_MATERIAL:0.48460644948264964
CE_KINGSAFETY:0.5078839573089098
C_PIECESQUARETABLES:0.4763890566955011
C_MOBILITY:0.49202185154406575
C_KINGSAFETY:0.4965778251691819
C_PAWNSTRUCTURE:0.5511212082909709
C_PIECECOORDINATION:0.46199695578960687
C_ROOKANDPAWNMOVEMENT:0.46199695578960687
C_CENTERCONTROL:0.5045267021676099
C_DEVELOPPIECES:0.4915277382547703
C_MATERIAL:0.4862935240718226
C_MOVECOUNT:0.5
