ELO:935
CE_PASSEDPAWNS:0.5194584997139361
CE_PAWNWEAKNESSES:0.4652461609825511
CE_PIECEACTIVITY:0.4900813319972751
CE_KINGPAWNSHIELD:0.46933353229848157
CE_PIECECOORDINATION:0.4712896027500944
CE_MATERIAL:0.5030553753170368
CE_KINGSAFETY:0.5244804368028873
C_PIECESQUARETABLES:0.4877195258262315
C_MOBILITY:0.48165984890109936
C_KINGSAFETY:0.4962095613890362
C_PAWNSTRUCTURE:0.47580636473273796
C_PIECECOORDINATION:0.5356737509597117
C_ROOKANDPAWNMOVEMENT:0.5356737509597117
C_CENTERCONTROL:0.510844086954629
C_DEVELOPPIECES:0.5301114869420117
C_MATERIAL:0.4470455117206729
C_MOVECOUNT:0.5399476025754962
