ELO:975
CE_PASSEDPAWNS:0.47613440930759665
CE_PAWNWEAKNESSES:0.5246853649576383
CE_PIECEACTIVITY:0.5648216409561944
CE_KINGPAWNSHIELD:0.5608319435885122
CE_PIECECOORDINATION:0.555024156320149
CE_MATERIAL:0.5850531040900598
CE_KINGSAFETY:0.5072636567092614
C_PIECESQUARETABLES:0.5068330181534537
C_MOBILITY:0.46813022366377094
C_KINGSAFETY:0.4393376519190978
C_PAWNSTRUCTURE:0.3988417255104787
C_PIECECOORDINATION:0.47902092172947314
C_ROOKANDPAWNMOVEMENT:0.47902092172947314
C_CENTERCONTROL:0.48282911224242187
C_DEVELOPPIECES:0.48051692258431616
C_MATERIAL:0.49719930814439056
