ELO:971
CE_PASSEDPAWNS:0.47895033831227835
CE_PAWNWEAKNESSES:0.502121916469589
CE_PIECEACTIVITY:0.5446282077173558
CE_KINGPAWNSHIELD:0.525339150963871
CE_PIECECOORDINATION:0.5265730758914197
CE_MATERIAL:0.5013727966328142
CE_KINGSAFETY:0.5074917033082513
C_PIECESQUARETABLES:0.4868283740590426
C_MOBILITY:0.44350841810556774
C_KINGSAFETY:0.49574049381843843
C_PAWNSTRUCTURE:0.4927480920504744
C_PIECECOORDINATION:0.5
C_ROOKANDPAWNMOVEMENT:0.5
C_CENTERCONTROL:0.5132382805407345
C_DEVELOPPIECES:0.467851394839735
C_MATERIAL:0.5054852820105401
C_MOVECOUNT:0.5
