ELO:985
CE_PASSEDPAWNS:0.4989398323627325
CE_PAWNWEAKNESSES:0.5310149616388938
CE_PIECEACTIVITY:0.48187684225434985
CE_KINGPAWNSHIELD:0.45991051541874617
CE_PIECECOORDINATION:0.49079912311819335
CE_MATERIAL:0.5088657334798661
CE_KINGSAFETY:0.5356682013557565
C_PIECESQUARETABLES:0.5
C_MOBILITY:0.5188461163726523
C_KINGSAFETY:0.4985536403051343
C_PAWNSTRUCTURE:0.45003334933014905
C_PIECECOORDINATION:0.530684335206803
C_ROOKANDPAWNMOVEMENT:0.530684335206803
C_CENTERCONTROL:0.525491118902115
C_DEVELOPPIECES:0.5079158074363431
C_MATERIAL:0.5082201368575207
C_MOVECOUNT:0.5415166251443204
