ELO:971
CE_PASSEDPAWNS:0.5081749596180375
CE_PAWNWEAKNESSES:0.48222303888300827
CE_PIECEACTIVITY:0.5042829694826797
CE_KINGPAWNSHIELD:0.4999266366587173
CE_PIECECOORDINATION:0.5117228521531275
CE_MATERIAL:0.4875795188667516
CE_KINGSAFETY:0.5211641352375592
C_PIECESQUARETABLES:0.5014991457691297
C_MOBILITY:0.5328224084337835
C_KINGSAFETY:0.5070648211594205
C_PAWNSTRUCTURE:0.4848477063877083
C_PIECECOORDINATION:0.5005575022089603
C_ROOKANDPAWNMOVEMENT:0.5005575022089603
C_CENTERCONTROL:0.5137925946638159
C_DEVELOPPIECES:0.5151805245051013
C_MATERIAL:0.48918198700344956
C_MOVECOUNT:0.5
