ELO:991
CE_PASSEDPAWNS:0.5472724358378629
CE_PAWNWEAKNESSES:0.5089734901486613
CE_PIECEACTIVITY:0.5160563680742437
CE_KINGPAWNSHIELD:0.5578263250776863
CE_PIECECOORDINATION:0.49763833625701126
CE_MATERIAL:0.5260781721840458
CE_KINGSAFETY:0.497686316490776
C_PIECESQUARETABLES:0.5086545715805684
C_MOBILITY:0.491383196911689
C_KINGSAFETY:0.4903948484906749
C_PAWNSTRUCTURE:0.4415506397672211
C_PIECECOORDINATION:0.48374084887507385
C_ROOKANDPAWNMOVEMENT:0.48374084887507385
C_CENTERCONTROL:0.5549439792754352
C_DEVELOPPIECES:0.4866632254557522
C_MATERIAL:0.4812733024775317
