ELO:1006
CE_PASSEDPAWNS:0.49876090552314
CE_PAWNWEAKNESSES:0.4940529607275994
CE_PIECEACTIVITY:0.5131559247221574
CE_KINGPAWNSHIELD:0.5082396634689984
CE_PIECECOORDINATION:0.5172123825325695
CE_MATERIAL:0.5
CE_KINGSAFETY:0.5128227911838009
C_PIECESQUARETABLES:0.4921281300414025
C_MOBILITY:0.48741298625044116
C_KINGSAFETY:0.5211044693474699
C_PAWNSTRUCTURE:0.5093231777672147
C_PIECECOORDINATION:0.5
C_ROOKANDPAWNMOVEMENT:0.5
C_CENTERCONTROL:0.4886427428402733
C_DEVELOPPIECES:0.48818142788962643
C_MATERIAL:0.5111396335398348
