ELO:1000
CE_PASSEDPAWNS:0.523091244497281
CE_PAWNWEAKNESSES:0.49298791848544393
CE_PIECEACTIVITY:0.5073328356397823
CE_KINGPAWNSHIELD:0.5160642814315904
CE_PIECECOORDINATION:0.5100846320721862
CE_MATERIAL:0.5200077850803928
CE_KINGSAFETY:0.4945235149090805
C_PIECESQUARETABLES:0.508314674439427
C_MOBILITY:0.4894856294302592
C_KINGSAFETY:0.4903669335702767
C_PAWNSTRUCTURE:0.45413649783444243
C_PIECECOORDINATION:0.4652371087725829
C_ROOKANDPAWNMOVEMENT:0.4652371087725829
C_CENTERCONTROL:0.5046384238538123
C_DEVELOPPIECES:0.4848853142541687
C_MATERIAL:0.4999043737609734
