ELO:974
CE_PASSEDPAWNS:0.5090558142271296
CE_PAWNWEAKNESSES:0.49195750375876873
CE_PIECEACTIVITY:0.505083284785735
CE_KINGPAWNSHIELD:0.5055323913119567
CE_PIECECOORDINATION:0.5174467147366014
CE_MATERIAL:0.48178425431321137
CE_KINGSAFETY:0.5
C_PIECESQUARETABLES:0.5
C_MOBILITY:0.5088247576973874
C_KINGSAFETY:0.5
C_PAWNSTRUCTURE:0.4268465332844074
C_PIECECOORDINATION:0.5114484359260536
C_ROOKANDPAWNMOVEMENT:0.5114484359260536
C_CENTERCONTROL:0.4970423192010961
C_DEVELOPPIECES:0.4967421155228902
C_MATERIAL:0.5370672231445197
C_MOVECOUNT:0.49368037368890383
