ELO:975
CE_PASSEDPAWNS:0.4957734569714297
CE_PAWNWEAKNESSES:0.4957514352146121
CE_PIECEACTIVITY:0.5277477103636709
CE_KINGPAWNSHIELD:0.5014931051518015
CE_PIECECOORDINATION:0.5008319928253164
CE_MATERIAL:0.4916699922924865
CE_KINGSAFETY:0.49361236967557354
C_PIECESQUARETABLES:0.503301270030106
C_MOBILITY:0.5002609520474511
C_KINGSAFETY:0.4924349488244573
C_PAWNSTRUCTURE:0.5
C_PIECECOORDINATION:0.5140592410752937
C_ROOKANDPAWNMOVEMENT:0.5140592410752937
C_CENTERCONTROL:0.4992071976205924
C_DEVELOPPIECES:0.482362265996673
C_MATERIAL:0.5191814379288364
C_MOVECOUNT:0.5220015049233688
