ELO:982
CE_PASSEDPAWNS:0.4920654836649289
CE_PAWNWEAKNESSES:0.5125580084620706
CE_PIECEACTIVITY:0.5103389315717137
CE_KINGPAWNSHIELD:0.458542113248881
CE_PIECECOORDINATION:0.4614901700648935
CE_MATERIAL:0.4958689025677996
CE_KINGSAFETY:0.5
C_PIECESQUARETABLES:0.4946245373999361
C_MOBILITY:0.4661998664586739
C_KINGSAFETY:0.5065434004116766
C_PAWNSTRUCTURE:0.5032523975028979
C_PIECECOORDINATION:0.5141699019196545
C_ROOK:0.5273487174683332
CE_ROOK:0.49419668754665796
C_CENTERCONTROL:0.515998219871286
C_DEVELOPPIECES:0.5101221251568623
C_MATERIAL:0.5019880053344448
C_MOVECOUNT:0.4879185078494557
C_PAWNMOVEMENT:0.5105378993329711
