ELO:934
CE_PASSEDPAWNS:0.42349695052317377
CE_PAWNWEAKNESSES:0.5592380930807123
CE_PIECEACTIVITY:0.6050065028901774
CE_KINGPAWNSHIELD:0.5509974377450925
CE_PIECECOORDINATION:0.5418413654505526
CE_MATERIAL:0.6155699370176204
CE_KINGSAFETY:0.5040521985834074
C_PIECESQUARETABLES:0.5082470575863638
C_MOBILITY:0.454650677365477
C_KINGSAFETY:0.4740220143616286
C_PAWNSTRUCTURE:0.4370539726545304
C_PIECECOORDINATION:0.5068545545140418
C_ROOKANDPAWNMOVEMENT:0.5068545545140418
C_CENTERCONTROL:0.4690737560574562
C_DEVELOPPIECES:0.48411222211460525
C_MATERIAL:0.5560401340133881
