ELO:1013
CE_PASSEDPAWNS:0.5
CE_PAWNWEAKNESSES:0.5
CE_PIECEACTIVITY:0.5071721628190173
CE_KINGPAWNSHIELD:0.4992307872583267
CE_PIECECOORDINATION:0.4992806993776616
CE_MATERIAL:0.5106517809525283
CE_KINGSAFETY:0.5
C_PIECESQUARETABLES:0.5168762241893776
C_MOBILITY:0.5002609520474511
C_KINGSAFETY:0.5072974673128234
C_PAWNSTRUCTURE:0.4954633400629177
C_PIECECOORDINATION:0.49887803818182896
C_ROOKANDPAWNMOVEMENT:0.49887803818182896
C_CENTERCONTROL:0.5172371315429602
C_DEVELOPPIECES:0.5
C_MATERIAL:0.5
C_MOVECOUNT:0.49974863538155867
