ELO:925
CE_PASSEDPAWNS:0.5127023926363393
CE_PAWNWEAKNESSES:0.5139848031920748
CE_PIECEACTIVITY:0.446607307258717
CE_KINGPAWNSHIELD:0.5085759693462241
CE_PIECECOORDINATION:0.4287357493768178
CE_MATERIAL:0.5159446118150799
CE_KINGSAFETY:0.5025286651813898
C_PIECESQUARETABLES:0.49488819074339296
C_MOBILITY:0.5060792584360789
C_KINGSAFETY:0.4728632124828012
C_PAWNSTRUCTURE:0.5732627398092632
C_PIECECOORDINATION:0.5152901865514071
C_ROOK:0.48911928843874736
CE_ROOK:0.5232632331277894
C_CENTERCONTROL:0.48361456971717937
C_DEVELOPPIECES:0.49267246486147903
C_MATERIAL:0.5016489924419841
C_MOVECOUNT:0.5012943759434219
C_PAWNMOVEMENT:0.46318901562394404
