ELO:917
CE_PASSEDPAWNS:0.47419210233134734
CE_PAWNWEAKNESSES:0.609279058138441
CE_PIECEACTIVITY:0.47596880938668185
CE_KINGPAWNSHIELD:0.5763732183929842
CE_PIECECOORDINATION:0.5301923784313698
CE_MATERIAL:0.5317678623959241
CE_KINGSAFETY:0.5304338035032945
C_PIECESQUARETABLES:0.5141575003648227
C_MOBILITY:0.5194344736633852
C_KINGSAFETY:0.4975273513262009
C_PAWNSTRUCTURE:0.5027552725662835
C_PIECECOORDINATION:0.5802424801680773
C_ROOKANDPAWNMOVEMENT:0.5802424801680773
C_CENTERCONTROL:0.47849276876567176
C_DEVELOPPIECES:0.4660990796671216
C_MATERIAL:0.4897440205875664
C_MOVECOUNT:0.49895306817697277
