ELO:956
CE_PASSEDPAWNS:0.4900981910006634
CE_PAWNWEAKNESSES:0.514751170169125
CE_PIECEACTIVITY:0.4841691354138324
CE_KINGPAWNSHIELD:0.46215872839697675
CE_PIECECOORDINATION:0.45783057225407137
CE_MATERIAL:0.4970194824137198
CE_KINGSAFETY:0.5187522794156444
C_PIECESQUARETABLES:0.5108237518109977
C_MOBILITY:0.4703142158385515
C_KINGSAFETY:0.48896940050021465
C_PAWNSTRUCTURE:0.5023520306395871
C_PIECECOORDINATION:0.5005165203073401
C_ROOK:0.5151680044862009
CE_ROOK:0.4545303025504164
C_CENTERCONTROL:0.5310111338234811
C_DEVELOPPIECES:0.539108871080059
C_MATERIAL:0.5065442524304545
C_MOVECOUNT:0.4537678311150538
C_PAWNMOVEMENT:0.5244528983834091
