ELO:985
CE_PASSEDPAWNS:0.49631411753863763
CE_PAWNWEAKNESSES:0.5100290345769655
CE_PIECEACTIVITY:0.4954485573603
CE_KINGPAWNSHIELD:0.4831955305274163
CE_PIECECOORDINATION:0.48458003663059995
CE_MATERIAL:0.5
CE_KINGSAFETY:0.5
C_PIECESQUARETABLES:0.5005607029106193
C_MOBILITY:0.485182018526064
C_KINGSAFETY:0.5
C_PAWNSTRUCTURE:0.49813569214632436
C_PIECECOORDINATION:0.5097120774299173
C_ROOK:0.49658395400056693
CE_ROOK:0.5135785988934217
C_CENTERCONTROL:0.5187534457143697
C_DEVELOPPIECES:0.5038582188886234
C_MATERIAL:0.5035416969939831
C_MOVECOUNT:0.5112261858395549
C_PAWNMOVEMENT:0.507039738007591
