ELO:959
CE_PASSEDPAWNS:0.5348125991535642
CE_PAWNWEAKNESSES:0.4565510696416432
CE_PIECEACTIVITY:0.49003140535606626
CE_KINGPAWNSHIELD:0.5013484301307503
CE_PIECECOORDINATION:0.4990194501530063
CE_MATERIAL:0.4580262861852456
CE_KINGSAFETY:0.4684055888620361
C_PIECESQUARETABLES:0.5550202428499008
C_MOBILITY:0.4511148358923017
C_KINGSAFETY:0.5295698394720856
C_PAWNSTRUCTURE:0.5080150992151394
C_PIECECOORDINATION:0.47634755316644783
C_ROOKANDPAWNMOVEMENT:0.47634755316644783
C_CENTERCONTROL:0.5084832186095094
C_DEVELOPPIECES:0.48526444918737716
C_MATERIAL:0.46445099658975236
C_MOVECOUNT:0.5
