ELO:999
CE_PASSEDPAWNS:0.4911666804634849
CE_PAWNWEAKNESSES:0.5
CE_PIECEACTIVITY:0.5
CE_KINGPAWNSHIELD:0.5
CE_PIECECOORDINATION:0.5036413784502264
CE_MATERIAL:0.4983766944059666
CE_KINGSAFETY:0.5009830519055889
C_PIECESQUARETABLES:0.5098327718813944
C_MOBILITY:0.4963535330853054
C_KINGSAFETY:0.5026280147351739
C_PAWNSTRUCTURE:0.5
C_PIECECOORDINATION:0.5
C_ROOKANDPAWNMOVEMENT:0.5
C_CENTERCONTROL:0.5086743867069744
C_DEVELOPPIECES:0.5049116601049733
C_MATERIAL:0.5
C_MOVECOUNT:0.5
