ELO:979
CE_PASSEDPAWNS:0.44593050084180763
CE_PAWNWEAKNESSES:0.5030496734325551
CE_PIECEACTIVITY:0.4955435543752434
CE_KINGPAWNSHIELD:0.4646676566475911
CE_PIECECOORDINATION:0.49795378107237265
CE_MATERIAL:0.48202887935892647
CE_KINGSAFETY:0.5
C_PIECESQUARETABLES:0.5
C_MOBILITY:0.47624714647352695
C_KINGSAFETY:0.5226750220094558
C_PAWNSTRUCTURE:0.48618254542664374
C_PIECECOORDINATION:0.5200822114595114
C_ROOK:0.47342411414949226
CE_ROOK:0.47863537500581715
C_CENTERCONTROL:0.5122596979888903
C_DEVELOPPIECES:0.490731629017627
C_MATERIAL:0.48045192605560944
C_MOVECOUNT:0.4860451445315115
C_PAWNMOVEMENT:0.5352921000145976
