ELO:653
CE_PASSEDPAWNS:0.48364191769604864
CE_PAWNWEAKNESSES:0.524699898864369
CE_PIECEACTIVITY:0.49422169238152364
CE_KINGPAWNSHIELD:0.39006328096641896
CE_PIECECOORDINATION:0.42972231890316837
CE_MATERIAL:0.5228551529589776
CE_KINGSAFETY:0.4780048528948682
C_PIECESQUARETABLES:0.5083112560900548
C_MOBILITY:0.5569141448574683
C_KINGSAFETY:0.47277284713668805
C_PAWNSTRUCTURE:0.4933957788710824
C_PIECECOORDINATION:0.5152890931328338
C_ROOKANDPAWNMOVEMENT:0.5152890931328338
C_CENTERCONTROL:0.4991916342447798
C_DEVELOPPIECES:0.4931717341427013
C_MATERIAL:0.5269575862297144
C_MOVECOUNT:0.5103596436471649
