ELO:953
CE_PASSEDPAWNS:0.5006380367786688
CE_PAWNWEAKNESSES:0.4899989028711422
CE_PIECEACTIVITY:0.5364718760732757
CE_KINGPAWNSHIELD:0.4992223085014599
CE_PIECECOORDINATION:0.4937259056177772
CE_MATERIAL:0.5006693642612305
CE_KINGSAFETY:0.5106862553654091
C_PIECESQUARETABLES:0.5
C_MOBILITY:0.48849179437500384
C_KINGSAFETY:0.5042206204183257
C_PAWNSTRUCTURE:0.5044992944954831
C_PIECECOORDINATION:0.5036823960024448
C_ROOKANDPAWNMOVEMENT:0.5036823960024448
C_CENTERCONTROL:0.5
C_DEVELOPPIECES:0.4932682552089267
C_MATERIAL:0.5114887597503377
C_MOVECOUNT:0.5
