ELO:634
CE_PASSEDPAWNS:0.48364191769604864
CE_PAWNWEAKNESSES:0.5226446139002061
CE_PIECEACTIVITY:0.49898467804715885
CE_KINGPAWNSHIELD:0.39006328096641896
CE_PIECECOORDINATION:0.43844695877129614
CE_MATERIAL:0.5306066115874613
CE_KINGSAFETY:0.4788884351724559
C_PIECESQUARETABLES:0.5108364839305508
C_MOBILITY:0.5655039391452632
C_KINGSAFETY:0.4850738146654558
C_PAWNSTRUCTURE:0.4969993543150141
C_PIECECOORDINATION:0.5114615069136862
C_ROOKANDPAWNMOVEMENT:0.5114615069136862
C_CENTERCONTROL:0.48816382657848845
C_DEVELOPPIECES:0.49617058009057874
C_MATERIAL:0.5283251200674977
C_MOVECOUNT:0.5103596436471649
