ELO:1029
CE_PASSEDPAWNS:0.495936428351401
CE_PAWNWEAKNESSES:0.5172163460806584
CE_PIECEACTIVITY:0.5
CE_KINGPAWNSHIELD:0.5036500652198945
CE_PIECECOORDINATION:0.4967321476098375
CE_MATERIAL:0.4767390555840135
CE_KINGSAFETY:0.5
C_PIECESQUARETABLES:0.5
C_MOBILITY:0.5
C_KINGSAFETY:0.5
C_PAWNSTRUCTURE:0.5
C_PIECECOORDINATION:0.5030424450675859
C_ROOKANDPAWNMOVEMENT:0.5030424450675859
C_CENTERCONTROL:0.49701163755421973
C_DEVELOPPIECES:0.5120813073787105
C_MATERIAL:0.5
C_MOVECOUNT:0.5
