ELO:955
CE_PASSEDPAWNS:0.5058908309458836
CE_PAWNWEAKNESSES:0.4661748603155074
CE_PIECEACTIVITY:0.5057394577077565
CE_KINGPAWNSHIELD:0.4077836458050932
CE_PIECECOORDINATION:0.5648820995400339
CE_MATERIAL:0.5241885785945224
CE_KINGSAFETY:0.4940840497908017
C_PIECESQUARETABLES:0.5086452128895649
C_MOBILITY:0.480382839992844
C_KINGSAFETY:0.5371540676763058
C_PAWNSTRUCTURE:0.493425279253253
C_PIECECOORDINATION:0.4837252385152022
C_ROOKANDPAWNMOVEMENT:0.4837252385152022
C_CENTERCONTROL:0.5544790156072026
C_DEVELOPPIECES:0.49005204156458537
C_MATERIAL:0.46172905922943297
