ELO:1000
CE_PASSEDPAWNS:0.5635814498589922
CE_PAWNWEAKNESSES:0.47845444921029034
CE_PIECEACTIVITY:0.5177654066649242
CE_KINGPAWNSHIELD:0.49271400802335236
CE_PIECECOORDINATION:0.529414602663676
CE_MATERIAL:0.473208236615275
CE_KINGSAFETY:0.4811450350318326
C_PIECESQUARETABLES:0.45742713341737284
C_MOBILITY:0.5502967924561857
C_KINGSAFETY:0.54197783857604
C_PAWNSTRUCTURE:0.5162866695506113
C_PIECECOORDINATION:0.48441292082425697
C_ROOKANDPAWNMOVEMENT:0.48441292082425697
C_CENTERCONTROL:0.5695404407649545
C_DEVELOPPIECES:0.5357107934877606
C_MATERIAL:0.4647826895589277
