ELO:913
CE_PASSEDPAWNS:0.4891256360014696
CE_PAWNWEAKNESSES:0.3933156489496613
CE_PIECEACTIVITY:0.540675347814852
CE_KINGPAWNSHIELD:0.43669463799840846
CE_PIECECOORDINATION:0.5285883770572835
CE_MATERIAL:0.46704225251211295
CE_KINGSAFETY:0.5486663065414425
C_PIECESQUARETABLES:0.5369474550642312
C_MOBILITY:0.5030075333313307
C_KINGSAFETY:0.5184595065718788
C_PAWNSTRUCTURE:0.5062135501977059
C_PIECECOORDINATION:0.4675297501734999
C_ROOKANDPAWNMOVEMENT:0.4675297501734999
C_CENTERCONTROL:0.5555068102448044
C_DEVELOPPIECES:0.5132898977127585
C_MATERIAL:0.4889676160721426
C_MOVECOUNT:0.5860248841107627
