ELO:1000
CE_PASSEDPAWNS:0.5370643015155774
CE_PAWNWEAKNESSES:0.4780191496634955
CE_PIECEACTIVITY:0.5257153654354295
CE_KINGPAWNSHIELD:0.49334945654723
CE_PIECECOORDINATION:0.5274709104739348
CE_MATERIAL:0.49093155734036
CE_KINGSAFETY:0.5179340034740785
C_PIECESQUARETABLES:0.44723006834506684
C_MOBILITY:0.5518770615830465
C_KINGSAFETY:0.53570978770043
C_PAWNSTRUCTURE:0.5133305851971761
C_PIECECOORDINATION:0.4527051228174294
C_ROOKANDPAWNMOVEMENT:0.4527051228174294
C_CENTERCONTROL:0.5849452579354882
C_DEVELOPPIECES:0.5031675854501103
C_MATERIAL:0.46192412715578246
