ELO:894
CE_PASSEDPAWNS:0.5165353308470694
CE_PAWNWEAKNESSES:0.5408028966733189
CE_PIECEACTIVITY:0.5198551372874715
CE_KINGPAWNSHIELD:0.4963426497265403
CE_PIECECOORDINATION:0.49728313838306826
CE_MATERIAL:0.4814743117433488
CE_KINGSAFETY:0.5094533128674682
C_PIECESQUARETABLES:0.4769619797765037
C_MOBILITY:0.496655159340027
C_KINGSAFETY:0.4854126906018754
C_PAWNSTRUCTURE:0.5436362157548199
C_PIECECOORDINATION:0.4667851415066572
C_ROOKANDPAWNMOVEMENT:0.4667851415066572
C_CENTERCONTROL:0.5058853971922737
C_DEVELOPPIECES:0.5128507701968938
C_MATERIAL:0.49068666619129236
C_MOVECOUNT:0.5
