ELO:896
CE_PASSEDPAWNS:0.49572079013521325
CE_PAWNWEAKNESSES:0.4974506666594626
CE_PIECEACTIVITY:0.46872841440217966
CE_KINGPAWNSHIELD:0.5207627855799263
CE_PIECECOORDINATION:0.5132347260883433
CE_MATERIAL:0.5133586185844686
CE_KINGSAFETY:0.5036208612714478
C_PIECESQUARETABLES:0.5071023139517872
C_MOBILITY:0.4719674692221318
C_KINGSAFETY:0.481916644745979
C_PAWNSTRUCTURE:0.587393716856891
C_PIECECOORDINATION:0.4933925190906028
C_ROOK:0.4780644721812417
CE_ROOK:0.517541428890346
C_CENTERCONTROL:0.5530474990195551
C_DEVELOPPIECES:0.48035564101417705
C_MATERIAL:0.5533566097217363
C_MOVECOUNT:0.4755031176584971
C_PAWNMOVEMENT:0.4782019594860237
