ELO:905
CE_PASSEDPAWNS:0.5328185988502872
CE_PAWNWEAKNESSES:0.5336719784938354
CE_PIECEACTIVITY:0.46393277770467456
CE_KINGPAWNSHIELD:0.45917544472355654
CE_PIECECOORDINATION:0.4601558954292787
CE_MATERIAL:0.47802173894637906
CE_KINGSAFETY:0.5869643105853747
C_PIECESQUARETABLES:0.5024155861176743
C_MOBILITY:0.49530109541970724
C_KINGSAFETY:0.5411242899233322
C_PAWNSTRUCTURE:0.44814578018262985
C_PIECECOORDINATION:0.45121181237949043
C_ROOKANDPAWNMOVEMENT:0.45121181237949043
C_CENTERCONTROL:0.45353031546671224
C_DEVELOPPIECES:0.538122840899785
C_MATERIAL:0.5188458782819378
