ELO:919
CE_PASSEDPAWNS:0.5073791092286686
CE_PAWNWEAKNESSES:0.4823148751878522
CE_PIECEACTIVITY:0.5569078563483345
CE_KINGPAWNSHIELD:0.5273062432868795
CE_PIECECOORDINATION:0.4562324337045306
CE_MATERIAL:0.5325861946730011
CE_KINGSAFETY:0.5134347422298007
C_PIECESQUARETABLES:0.4895575287081096
C_MOBILITY:0.5281245905056484
C_KINGSAFETY:0.5303835056775672
C_PAWNSTRUCTURE:0.4995435730138718
C_PIECECOORDINATION:0.4970552670996089
C_ROOKANDPAWNMOVEMENT:0.4970552670996089
C_CENTERCONTROL:0.4940013255446081
C_DEVELOPPIECES:0.5435807966420041
C_MATERIAL:0.4751612273271901
C_MOVECOUNT:0.5025122413506455
