ELO:996
CE_PASSEDPAWNS:0.4939500376327727
CE_PAWNWEAKNESSES:0.47471790870373254
CE_PIECEACTIVITY:0.49643768090138957
CE_KINGPAWNSHIELD:0.5114931440906118
CE_PIECECOORDINATION:0.5031723085055363
CE_MATERIAL:0.4863911917042151
CE_KINGSAFETY:0.5136092743900169
C_PIECESQUARETABLES:0.5025057635994132
C_MOBILITY:0.5008653759758723
C_KINGSAFETY:0.4701006807404875
C_PAWNSTRUCTURE:0.5033277251963217
C_PIECECOORDINATION:0.49268101052687435
C_ROOKANDPAWNMOVEMENT:0.49268101052687435
C_CENTERCONTROL:0.5116471055658159
C_DEVELOPPIECES:0.4902029699399005
C_MATERIAL:0.4897282073746947
C_MOVECOUNT:0.5046955525239757
