ELO:1000
CE_PASSEDPAWNS:0.5
CE_PAWNWEAKNESSES:0.5018836314901275
CE_PIECEACTIVITY:0.5
CE_KINGPAWNSHIELD:0.49535919685778973
CE_PIECECOORDINATION:0.49476472518753833
CE_MATERIAL:0.5015888637837412
CE_KINGSAFETY:0.5130436677212258
C_PIECESQUARETABLES:0.4997789663260215
C_MOBILITY:0.48133483450244124
C_KINGSAFETY:0.5
C_PAWNSTRUCTURE:0.5
C_PIECECOORDINATION:0.5078245521600956
C_ROOKANDPAWNMOVEMENT:0.5078245521600956
C_CENTERCONTROL:0.5
C_DEVELOPPIECES:0.5012458032174177
C_MATERIAL:0.4994643712702739
