ELO:983
CE_PASSEDPAWNS:0.5049667521751524
CE_PAWNWEAKNESSES:0.5087464394814818
CE_PIECEACTIVITY:0.5110251574704217
CE_KINGPAWNSHIELD:0.4913864628260791
CE_PIECECOORDINATION:0.4923667397443391
CE_MATERIAL:0.5157504872406449
CE_KINGSAFETY:0.4991452681519583
C_PIECESQUARETABLES:0.5
C_MOBILITY:0.4928481969692869
C_KINGSAFETY:0.5246482273258423
C_PAWNSTRUCTURE:0.49907192153723534
C_PIECECOORDINATION:0.5120976604492634
C_ROOKANDPAWNMOVEMENT:0.5120976604492634
C_CENTERCONTROL:0.5095910622944915
C_DEVELOPPIECES:0.49188119589613155
C_MATERIAL:0.5049031636593396
C_MOVECOUNT:0.4998523416941933
