ELO:932
CE_PASSEDPAWNS:0.49646191219391617
CE_PAWNWEAKNESSES:0.632190883004395
CE_PIECEACTIVITY:0.4785112086141717
CE_KINGPAWNSHIELD:0.46927996973541003
CE_PIECECOORDINATION:0.4301805078988538
CE_MATERIAL:0.43523660232791633
CE_KINGSAFETY:0.49809697291829824
C_PIECESQUARETABLES:0.5190967405853903
C_MOBILITY:0.48612849091219834
C_KINGSAFETY:0.4803252591811774
C_PAWNSTRUCTURE:0.4263648775534841
C_PIECECOORDINATION:0.5534935303326475
C_ROOKANDPAWNMOVEMENT:0.5534935303326475
C_CENTERCONTROL:0.5408961611856393
C_DEVELOPPIECES:0.5424304657853591
C_MATERIAL:0.4038503457338053
