ELO:974
CE_PASSEDPAWNS:0.4871183606251971
CE_PAWNWEAKNESSES:0.4711009262201296
CE_PIECEACTIVITY:0.49643768090138957
CE_KINGPAWNSHIELD:0.5011171007849505
CE_PIECECOORDINATION:0.5031723085055363
CE_MATERIAL:0.4946835288325861
CE_KINGSAFETY:0.5072381060400604
C_PIECESQUARETABLES:0.4938972271454638
C_MOBILITY:0.49066647444087813
C_KINGSAFETY:0.4701006807404875
C_PAWNSTRUCTURE:0.5008383222223304
C_PIECECOORDINATION:0.49791970526740587
C_ROOKANDPAWNMOVEMENT:0.49791970526740587
C_CENTERCONTROL:0.5116471055658159
C_DEVELOPPIECES:0.48914851074351406
C_MATERIAL:0.5007561941078676
C_MOVECOUNT:0.5046893663649334
