ELO:1028
CE_PASSEDPAWNS:0.4912661112533727
CE_PAWNWEAKNESSES:0.5
CE_PIECEACTIVITY:0.5069778629935304
CE_KINGPAWNSHIELD:0.5077995581763594
CE_PIECECOORDINATION:0.5060219272921139
CE_MATERIAL:0.510979710593984
CE_KINGSAFETY:0.4951638239151779
C_PIECESQUARETABLES:0.5273148683447161
C_MOBILITY:0.5048510875580235
C_KINGSAFETY:0.5181141731688755
C_PAWNSTRUCTURE:0.5111394028281625
C_PIECECOORDINATION:0.5
C_ROOKANDPAWNMOVEMENT:0.5
C_CENTERCONTROL:0.5
C_DEVELOPPIECES:0.5
C_MATERIAL:0.49051316602773365
C_MOVECOUNT:0.5
