ELO:984
CE_PASSEDPAWNS:0.4870451678770933
CE_PAWNWEAKNESSES:0.4953569930021855
CE_PIECEACTIVITY:0.5096945558251234
CE_KINGPAWNSHIELD:0.5013514901006295
CE_PIECECOORDINATION:0.5163129392848165
CE_MATERIAL:0.4921239967071989
CE_KINGSAFETY:0.5
C_PIECESQUARETABLES:0.5084457383890499
C_MOBILITY:0.5091985659672886
C_KINGSAFETY:0.5090362835920608
C_PAWNSTRUCTURE:0.4802250718225101
C_PIECECOORDINATION:0.5
C_ROOKANDPAWNMOVEMENT:0.5
C_CENTERCONTROL:0.4946033071640896
C_DEVELOPPIECES:0.5096003390975162
C_MATERIAL:0.5038459366089098
