ELO:1061
CE_PASSEDPAWNS:0.5265050284138625
CE_PAWNWEAKNESSES:0.45970070309526584
CE_PIECEACTIVITY:0.5581693132593651
CE_KINGPAWNSHIELD:0.5028713823921754
CE_PIECECOORDINATION:0.5292932210851071
CE_MATERIAL:0.4842243280398608
CE_KINGSAFETY:0.5303153183796518
C_PIECESQUARETABLES:0.5
C_MOBILITY:0.4843162026247597
C_KINGSAFETY:0.5539471764017733
C_PAWNSTRUCTURE:0.4624787858680573
C_PIECECOORDINATION:0.5023717996378876
C_ROOKANDPAWNMOVEMENT:0.5023717996378876
C_CENTERCONTROL:0.41688153893991153
C_DEVELOPPIECES:0.4732142786378269
C_MATERIAL:0.3995849967759316
C_MOVECOUNT:0.5
