ELO:1004
CE_PASSEDPAWNS:0.5163565444381443
CE_PAWNWEAKNESSES:0.5223533284494017
CE_PIECEACTIVITY:0.48542105860140505
CE_KINGPAWNSHIELD:0.49937452084554873
CE_PIECECOORDINATION:0.5154770334222094
CE_MATERIAL:0.48857636472926436
CE_KINGSAFETY:0.49635430222230237
C_PIECESQUARETABLES:0.5
C_MOBILITY:0.5450842965201043
C_KINGSAFETY:0.48127977006641787
C_PAWNSTRUCTURE:0.5
C_PIECECOORDINATION:0.5117245257736837
C_ROOK:0.5021384201340527
CE_ROOK:0.5061015919781632
C_CENTERCONTROL:0.5149384765969142
C_DEVELOPPIECES:0.5106262211989337
C_MATERIAL:0.5201039998665292
C_MOVECOUNT:0.4811508754496449
C_PAWNMOVEMENT:0.502808155716578
