ELO:1014
CE_PASSEDPAWNS:0.5163565444381443
CE_PAWNWEAKNESSES:0.5223533284494017
CE_PIECEACTIVITY:0.48478415147928383
CE_KINGPAWNSHIELD:0.4958876103864205
CE_PIECECOORDINATION:0.5154770334222094
CE_MATERIAL:0.48857636472926436
CE_KINGSAFETY:0.49635430222230237
C_PIECESQUARETABLES:0.5
C_MOBILITY:0.5450842965201043
C_KINGSAFETY:0.4822894248364878
C_PAWNSTRUCTURE:0.5
C_PIECECOORDINATION:0.5117245257736837
C_ROOK:0.5021384201340527
CE_ROOK:0.5182690383770185
C_CENTERCONTROL:0.5063583386958833
C_DEVELOPPIECES:0.5228959921161043
C_MATERIAL:0.5201039998665292
C_MOVECOUNT:0.4811508754496449
C_PAWNMOVEMENT:0.502808155716578
