ELO:959
CE_PASSEDPAWNS:0.5
CE_PAWNWEAKNESSES:0.4940795758657433
CE_PIECEACTIVITY:0.5256538788167867
CE_KINGPAWNSHIELD:0.5297490549729108
CE_PIECECOORDINATION:0.5148517840126601
CE_MATERIAL:0.5249160300623865
CE_KINGSAFETY:0.49859482500538627
C_PIECESQUARETABLES:0.49238218235952574
C_MOBILITY:0.4762340967315721
C_KINGSAFETY:0.5358800961063501
C_PAWNSTRUCTURE:0.48986405453454157
C_PIECECOORDINATION:0.4978055148514124
C_ROOKANDPAWNMOVEMENT:0.4978055148514124
C_CENTERCONTROL:0.5227918054162269
C_DEVELOPPIECES:0.4922685143485189
C_MATERIAL:0.4891421235225827
C_MOVECOUNT:0.5
