ELO:1013
CE_PASSEDPAWNS:0.527494111149836
CE_PAWNWEAKNESSES:0.5284100280721816
CE_PIECEACTIVITY:0.4971598763363807
CE_KINGPAWNSHIELD:0.4818929993370571
CE_PIECECOORDINATION:0.5048673430744499
CE_MATERIAL:0.5
CE_KINGSAFETY:0.5
C_PIECESQUARETABLES:0.5
C_MOBILITY:0.5062819623537188
C_KINGSAFETY:0.5123723694021942
C_PAWNSTRUCTURE:0.5
C_PIECECOORDINATION:0.5255713582031676
C_ROOK:0.5152617900136113
CE_ROOK:0.49970989836433044
C_CENTERCONTROL:0.4935227025387516
C_DEVELOPPIECES:0.50148941199738
C_MATERIAL:0.5367029516076394
C_MOVECOUNT:0.5003199788881134
C_PAWNMOVEMENT:0.48587318781248506
