ELO:895
CE_PASSEDPAWNS:0.5199352717076742
CE_PAWNWEAKNESSES:0.6311089863672363
CE_PIECEACTIVITY:0.48793951443665806
CE_KINGPAWNSHIELD:0.4663392175445655
CE_PIECECOORDINATION:0.44568608773646873
CE_MATERIAL:0.40560073054427054
CE_KINGSAFETY:0.47974978523760015
C_PIECESQUARETABLES:0.5294192399821799
C_MOBILITY:0.47577740021384834
C_KINGSAFETY:0.4948732658599586
C_PAWNSTRUCTURE:0.4034891895824893
C_PIECECOORDINATION:0.5315454078996323
C_ROOKANDPAWNMOVEMENT:0.5315454078996323
C_CENTERCONTROL:0.5451848073448433
C_DEVELOPPIECES:0.557257266125064
C_MATERIAL:0.40642770196479705
