ELO:949
CE_PASSEDPAWNS:0.4717084436169961
CE_PAWNWEAKNESSES:0.5112708016629484
CE_PIECEACTIVITY:0.43721836201961506
CE_KINGPAWNSHIELD:0.5
CE_PIECECOORDINATION:0.5589393271279649
CE_MATERIAL:0.5075110515857331
CE_KINGSAFETY:0.5098263036654657
C_PIECESQUARETABLES:0.4976455043409799
C_MOBILITY:0.5
C_KINGSAFETY:0.49352347097133753
C_PAWNSTRUCTURE:0.5004355710963009
C_PIECECOORDINATION:0.5001302296797343
C_ROOKANDPAWNMOVEMENT:0.5001302296797343
C_CENTERCONTROL:0.48880018748872384
C_DEVELOPPIECES:0.5
C_MATERIAL:0.5
C_MOVECOUNT:0.5
