ELO:955
CE_PASSEDPAWNS:0.517345175041905
CE_PAWNWEAKNESSES:0.4890608740915473
CE_PIECEACTIVITY:0.49278458727178376
CE_KINGPAWNSHIELD:0.4902237796441841
CE_PIECECOORDINATION:0.4819523728545133
CE_MATERIAL:0.49843507188179875
CE_KINGSAFETY:0.49484237438352724
C_PIECESQUARETABLES:0.5104174661328305
C_MOBILITY:0.5047548370210015
C_KINGSAFETY:0.4983651119803168
C_PAWNSTRUCTURE:0.4940844457245412
C_PIECECOORDINATION:0.5225448160337823
C_ROOKANDPAWNMOVEMENT:0.5225448160337823
C_CENTERCONTROL:0.48898851703988555
C_DEVELOPPIECES:0.5
C_MATERIAL:0.4951573217502459
C_MOVECOUNT:0.5
