ELO:978
CE_PASSEDPAWNS:0.513165489027577
CE_PAWNWEAKNESSES:0.5028264599437023
CE_PIECEACTIVITY:0.5128115527397581
CE_KINGPAWNSHIELD:0.47537485684854064
CE_PIECECOORDINATION:0.4563879582813465
CE_MATERIAL:0.5761906425493688
CE_KINGSAFETY:0.4908006509336103
C_PIECESQUARETABLES:0.49060497704500494
C_MOBILITY:0.4621861815620166
C_KINGSAFETY:0.500891200819406
C_PAWNSTRUCTURE:0.49900129459549664
C_PIECECOORDINATION:0.4517740710103386
C_ROOKANDPAWNMOVEMENT:0.4517740710103386
C_CENTERCONTROL:0.48919813378039495
C_DEVELOPPIECES:0.5257477064658465
C_MATERIAL:0.4900662229650213
