ELO:1000
CE_PASSEDPAWNS:0.48734728028425955
CE_PAWNWEAKNESSES:0.48601782438913754
CE_PIECEACTIVITY:0.5
CE_KINGPAWNSHIELD:0.5041304566744499
CE_PIECECOORDINATION:0.4911661475919798
CE_MATERIAL:0.49126114052702385
CE_KINGSAFETY:0.5132664410751279
C_PIECESQUARETABLES:0.4997789663260215
C_MOBILITY:0.4679503243782337
C_KINGSAFETY:0.5042286300574369
C_PAWNSTRUCTURE:0.4989446413224402
C_PIECECOORDINATION:0.5142099111319328
C_ROOKANDPAWNMOVEMENT:0.5142099111319328
C_CENTERCONTROL:0.49143001927483393
C_DEVELOPPIECES:0.4899110340880651
C_MATERIAL:0.4890564638925595
