ELO:1084
CE_PASSEDPAWNS:0.5111205199287276
CE_PAWNWEAKNESSES:0.5101787995395966
CE_PIECEACTIVITY:0.5
CE_KINGPAWNSHIELD:0.4301892030416735
CE_PIECECOORDINATION:0.5241161774922031
CE_MATERIAL:0.5347047193315649
CE_KINGSAFETY:0.5
C_PIECESQUARETABLES:0.5
C_MOBILITY:0.5
C_KINGSAFETY:0.5768060522820262
C_PAWNSTRUCTURE:0.44841534699166175
C_PIECECOORDINATION:0.45942972324450854
C_ROOKANDPAWNMOVEMENT:0.45942972324450854
C_CENTERCONTROL:0.4692925024858492
C_DEVELOPPIECES:0.5020983735151573
C_MATERIAL:0.528619403827674
C_MOVECOUNT:0.5
