ELO:988
CE_PASSEDPAWNS:0.49760050252188004
CE_PAWNWEAKNESSES:0.5
CE_PIECEACTIVITY:0.5
CE_KINGPAWNSHIELD:0.5
CE_PIECECOORDINATION:0.49459624153422993
CE_MATERIAL:0.48987276957071496
CE_KINGSAFETY:0.49562618287843463
C_PIECESQUARETABLES:0.5
C_MOBILITY:0.5094167044549565
C_KINGSAFETY:0.5039539944947332
C_PAWNSTRUCTURE:0.5
C_PIECECOORDINATION:0.5
C_ROOKANDPAWNMOVEMENT:0.5
C_CENTERCONTROL:0.5028840383193789
C_DEVELOPPIECES:0.49190125599238876
C_MATERIAL:0.5
C_MOVECOUNT:0.5
