ELO:1000
CE_PASSEDPAWNS:0.4958437835293252
CE_PAWNWEAKNESSES:0.5062937463824541
CE_PIECEACTIVITY:0.5277248612364686
CE_KINGPAWNSHIELD:0.48580143446795365
CE_PIECECOORDINATION:0.44924190494220334
CE_MATERIAL:0.47914329857063304
CE_KINGSAFETY:0.49240622338182466
C_PIECESQUARETABLES:0.49713951766942927
C_MOBILITY:0.5027437214847069
C_KINGSAFETY:0.5329704845743669
C_PAWNSTRUCTURE:0.48348181604649804
C_PIECECOORDINATION:0.5061336697430833
C_ROOKANDPAWNMOVEMENT:0.5061336697430833
C_CENTERCONTROL:0.5053397468086582
C_DEVELOPPIECES:0.4910275867752266
C_MATERIAL:0.48552049899235783
