ELO:963
CE_PASSEDPAWNS:0.5054186961791665
CE_PAWNWEAKNESSES:0.47548921019008306
CE_PIECEACTIVITY:0.4855662345872082
CE_KINGPAWNSHIELD:0.45583194735848653
CE_PIECECOORDINATION:0.45931883445766997
CE_MATERIAL:0.544503784753379
CE_KINGSAFETY:0.48813578447685796
C_PIECESQUARETABLES:0.49922371122705017
C_MOBILITY:0.47084304244688124
C_KINGSAFETY:0.5268416592765665
C_PAWNSTRUCTURE:0.4717603291269311
C_PIECECOORDINATION:0.4753272786514452
C_ROOKANDPAWNMOVEMENT:0.4753272786514452
C_CENTERCONTROL:0.47950163124636747
C_DEVELOPPIECES:0.5469981230940462
C_MATERIAL:0.4891962475521664
