ELO:994
CE_PASSEDPAWNS:0.5434717781808369
CE_PAWNWEAKNESSES:0.5015911308667831
CE_PIECEACTIVITY:0.4380427632002074
CE_KINGPAWNSHIELD:0.47537485684854064
CE_PIECECOORDINATION:0.5218314293426363
CE_MATERIAL:0.5794051618890143
CE_KINGSAFETY:0.5181295805076668
C_PIECESQUARETABLES:0.50636063804795
C_MOBILITY:0.48895614246337593
C_KINGSAFETY:0.4922787099546178
C_PAWNSTRUCTURE:0.49900129459549664
C_PIECECOORDINATION:0.5812646894888636
C_ROOKANDPAWNMOVEMENT:0.5812646894888636
C_CENTERCONTROL:0.39119478760195076
C_DEVELOPPIECES:0.5341083487571602
C_MATERIAL:0.4653500906535336
