ELO:977
CE_PASSEDPAWNS:0.4898611130745318
CE_PAWNWEAKNESSES:0.48955733016592906
CE_PIECEACTIVITY:0.4710767557738062
CE_KINGPAWNSHIELD:0.48776733967180436
CE_PIECECOORDINATION:0.5
CE_MATERIAL:0.49987398267337585
CE_KINGSAFETY:0.5
C_PIECESQUARETABLES:0.5
C_MOBILITY:0.5080670107503432
C_KINGSAFETY:0.5024937113060876
C_PAWNSTRUCTURE:0.48982593098414917
C_PIECECOORDINATION:0.5174958606973243
C_ROOKANDPAWNMOVEMENT:0.5174958606973243
C_CENTERCONTROL:0.504960633422569
C_DEVELOPPIECES:0.5042911711121754
C_MATERIAL:0.4920300034189638
C_MOVECOUNT:0.49692580242649614
