ELO:995
CE_PASSEDPAWNS:0.504086532442662
CE_PAWNWEAKNESSES:0.47471790870373254
CE_PIECEACTIVITY:0.4710767557738062
CE_KINGPAWNSHIELD:0.4838031946479812
CE_PIECECOORDINATION:0.5
CE_MATERIAL:0.4735484419952725
CE_KINGSAFETY:0.5214016628124267
C_PIECESQUARETABLES:0.5048218707433345
C_MOBILITY:0.480361129785071
C_KINGSAFETY:0.5225287392063761
C_PAWNSTRUCTURE:0.5001089092113067
C_PIECECOORDINATION:0.5210179717867459
C_ROOKANDPAWNMOVEMENT:0.5210179717867459
C_CENTERCONTROL:0.5116471055658159
C_DEVELOPPIECES:0.4924475264942522
C_MATERIAL:0.4575549583014008
C_MOVECOUNT:0.4979144451132599
