ELO:1000
CE_PASSEDPAWNS:0.4979756860440496
CE_PAWNWEAKNESSES:0.5328165576244164
CE_PIECEACTIVITY:0.5332723769980856
CE_KINGPAWNSHIELD:0.4746025602929203
CE_PIECECOORDINATION:0.42822275514460917
CE_MATERIAL:0.4916850882976594
CE_KINGSAFETY:0.4714913611555754
C_PIECESQUARETABLES:0.5119861275980754
C_MOBILITY:0.49176141286780584
C_KINGSAFETY:0.5237858580542473
C_PAWNSTRUCTURE:0.481776570535247
C_PIECECOORDINATION:0.586675420534065
C_ROOKANDPAWNMOVEMENT:0.586675420534065
C_CENTERCONTROL:0.47860360195052587
C_DEVELOPPIECES:0.49683468773751105
C_MATERIAL:0.4735004029077861
