ELO:998
CE_PASSEDPAWNS:0.5402151243914243
CE_PAWNWEAKNESSES:0.5046881727978356
CE_PIECEACTIVITY:0.44792080521153493
CE_KINGPAWNSHIELD:0.45894229688578114
CE_PIECECOORDINATION:0.5113402879897612
CE_MATERIAL:0.588628407662309
CE_KINGSAFETY:0.5088953975648859
C_PIECESQUARETABLES:0.5114548027036289
C_MOBILITY:0.4642975717072051
C_KINGSAFETY:0.5074384582194313
C_PAWNSTRUCTURE:0.4645419823803446
C_PIECECOORDINATION:0.5812646894888636
C_ROOKANDPAWNMOVEMENT:0.5812646894888636
C_CENTERCONTROL:0.38660113305704047
C_DEVELOPPIECES:0.5223308602516724
C_MATERIAL:0.4659007286273029
