ELO:999
CE_PASSEDPAWNS:0.5380702369356082
CE_PAWNWEAKNESSES:0.49153747739782117
CE_PIECEACTIVITY:0.5287601681592358
CE_KINGPAWNSHIELD:0.51317697256337
CE_PIECECOORDINATION:0.5037283460926225
CE_MATERIAL:0.5092560037865277
CE_KINGSAFETY:0.5
C_PIECESQUARETABLES:0.5
C_MOBILITY:0.4704863502679606
C_KINGSAFETY:0.49076059037697933
C_PAWNSTRUCTURE:0.5050995289795378
C_PIECECOORDINATION:0.502393833119759
C_ROOK:0.5125433088455889
CE_ROOK:0.4786580058325132
C_CENTERCONTROL:0.530705540061533
C_DEVELOPPIECES:0.47092924696712696
C_MATERIAL:0.4856453541341074
C_MOVECOUNT:0.5317895256243793
C_PAWNMOVEMENT:0.4944878382766273
