ELO:978
CE_PASSEDPAWNS:0.4734606601880911
CE_PAWNWEAKNESSES:0.6168935304629815
CE_PIECEACTIVITY:0.5433664240830091
CE_KINGPAWNSHIELD:0.4664565986053913
CE_PIECECOORDINATION:0.43695348470057643
CE_MATERIAL:0.47426396422865547
CE_KINGSAFETY:0.453031230415448
C_PIECESQUARETABLES:0.5036938225176398
C_MOBILITY:0.47297498448358755
C_KINGSAFETY:0.529849786639485
C_PAWNSTRUCTURE:0.4557964539768354
C_PIECECOORDINATION:0.6165391286920926
C_ROOKANDPAWNMOVEMENT:0.6165391286920926
C_CENTERCONTROL:0.47653234066628136
C_DEVELOPPIECES:0.5205932065893502
C_MATERIAL:0.47765844710040395
