ELO:1015
CE_PASSEDPAWNS:0.4809912995137297
CE_PAWNWEAKNESSES:0.5179345407575462
CE_PIECEACTIVITY:0.5149523703424125
CE_KINGPAWNSHIELD:0.4956692092250099
CE_PIECECOORDINATION:0.4893278807960446
CE_MATERIAL:0.5097811921191853
CE_KINGSAFETY:0.5
C_PIECESQUARETABLES:0.5
C_MOBILITY:0.5270512486739621
C_KINGSAFETY:0.5339859865910486
C_PAWNSTRUCTURE:0.5125440906912597
C_PIECECOORDINATION:0.5363186862243169
C_ROOK:0.49048038580905434
CE_ROOK:0.4939924255204084
C_CENTERCONTROL:0.4964877457508239
C_DEVELOPPIECES:0.48545380561561957
C_MATERIAL:0.5146202815946229
C_MOVECOUNT:0.5135844700901999
C_PAWNMOVEMENT:0.5067433395669816
