ELO:1000
CE_PASSEDPAWNS:0.5055238546271246
CE_PAWNWEAKNESSES:0.48594055669642855
CE_PIECEACTIVITY:0.5047288695694134
CE_KINGPAWNSHIELD:0.4925434429545404
CE_PIECECOORDINATION:0.4607442192767907
CE_MATERIAL:0.4949685664766601
CE_KINGSAFETY:0.49686844230594224
C_PIECESQUARETABLES:0.4874848122003477
C_MOBILITY:0.4960428115743907
C_KINGSAFETY:0.505901418423521
C_PAWNSTRUCTURE:0.49110693079155726
C_PIECECOORDINATION:0.5
C_ROOKANDPAWNMOVEMENT:0.5
C_CENTERCONTROL:0.5077853143551893
C_DEVELOPPIECES:0.5030541672825252
C_MATERIAL:0.49271461728344906
