ELO:1000
CE_PASSEDPAWNS:0.4999161155036349
CE_PAWNWEAKNESSES:0.5017436556968159
CE_PIECEACTIVITY:0.46868881522206396
CE_KINGPAWNSHIELD:0.49681422729534264
CE_PIECECOORDINATION:0.490336920670556
CE_MATERIAL:0.49869529245912764
CE_KINGSAFETY:0.4761296431366671
C_PIECESQUARETABLES:0.4997317350343629
C_MOBILITY:0.4950548467712858
C_KINGSAFETY:0.516363029663615
C_PAWNSTRUCTURE:0.4965844593599281
C_PIECECOORDINATION:0.4903353188319611
C_ROOK:0.5045685014434509
CE_ROOK:0.5
C_CENTERCONTROL:0.5100613972972863
C_DEVELOPPIECES:0.5027354890191476
C_MATERIAL:0.4916617463805837
C_MOVECOUNT:0.5078883007257722
C_PAWNMOVEMENT:0.5077760030581683
