ELO:949
CE_PASSEDPAWNS:0.5181078505559323
CE_PAWNWEAKNESSES:0.5157340207287682
CE_PIECEACTIVITY:0.4581503451562506
CE_KINGPAWNSHIELD:0.4523625854232443
CE_PIECECOORDINATION:0.460857345421259
CE_MATERIAL:0.5109879624509656
CE_KINGSAFETY:0.5084638783953151
C_PIECESQUARETABLES:0.5236734991627993
C_MOBILITY:0.48757008095697413
C_KINGSAFETY:0.5289771168371094
C_PAWNSTRUCTURE:0.47181917241135957
C_PIECECOORDINATION:0.4543994452509085
C_ROOKANDPAWNMOVEMENT:0.4543994452509085
C_CENTERCONTROL:0.47934003897284483
C_DEVELOPPIECES:0.5450608767759013
C_MATERIAL:0.5030263846319702
