ELO:1021
CE_PASSEDPAWNS:0.5
CE_PAWNWEAKNESSES:0.5223533284494017
CE_PIECEACTIVITY:0.4883433623935277
CE_KINGPAWNSHIELD:0.49937452084554873
CE_PIECECOORDINATION:0.48149004073873647
CE_MATERIAL:0.49051078883163846
CE_KINGSAFETY:0.5
C_PIECESQUARETABLES:0.5
C_MOBILITY:0.492065643821292
C_KINGSAFETY:0.48127977006641787
C_PAWNSTRUCTURE:0.5
C_PIECECOORDINATION:0.5108319644292111
C_ROOK:0.4962057312857581
CE_ROOK:0.4841834037368451
C_CENTERCONTROL:0.5138318036921666
C_DEVELOPPIECES:0.49541313617274
C_MATERIAL:0.4924564367153651
C_MOVECOUNT:0.4811508754496449
C_PAWNMOVEMENT:0.502808155716578
