ELO:1000
CE_PASSEDPAWNS:0.49383461423287617
CE_PAWNWEAKNESSES:0.4863334732563559
CE_PIECEACTIVITY:0.5028112475737916
CE_KINGPAWNSHIELD:0.49941156723295554
CE_PIECECOORDINATION:0.4800094097907678
CE_MATERIAL:0.48360287355858694
CE_KINGSAFETY:0.5072426183444314
C_PIECESQUARETABLES:0.516920138358922
C_MOBILITY:0.46499872071330445
C_KINGSAFETY:0.5264837963400856
C_PAWNSTRUCTURE:0.4836433827426984
C_PIECECOORDINATION:0.48792058337470307
C_ROOKANDPAWNMOVEMENT:0.48792058337470307
C_CENTERCONTROL:0.45790982570261607
C_DEVELOPPIECES:0.5003410091054717
C_MATERIAL:0.5161135519354056
