ELO:908
CE_PASSEDPAWNS:0.5142392230448686
CE_PAWNWEAKNESSES:0.6311089863672363
CE_PIECEACTIVITY:0.48356970792476056
CE_KINGPAWNSHIELD:0.47060722190288906
CE_PIECECOORDINATION:0.44162139264628286
CE_MATERIAL:0.40821050344899096
CE_KINGSAFETY:0.47974978523760015
C_PIECESQUARETABLES:0.5282862171138275
C_MOBILITY:0.47933695718841396
C_KINGSAFETY:0.4948732658599586
C_PAWNSTRUCTURE:0.4083739521257062
C_PIECECOORDINATION:0.5423482227821879
C_ROOKANDPAWNMOVEMENT:0.5423482227821879
C_CENTERCONTROL:0.5451848073448433
C_DEVELOPPIECES:0.5555649431700592
C_MATERIAL:0.40642770196479705
