ELO:1040
CE_PASSEDPAWNS:0.5
CE_PAWNWEAKNESSES:0.49613147125153256
CE_PIECEACTIVITY:0.5
CE_KINGPAWNSHIELD:0.5110461010985974
CE_PIECECOORDINATION:0.5040451804902757
CE_MATERIAL:0.5
CE_KINGSAFETY:0.5
C_PIECESQUARETABLES:0.5032136314349649
C_MOBILITY:0.5249654797197681
C_KINGSAFETY:0.5171483243315748
C_PAWNSTRUCTURE:0.5149182323802587
C_PIECECOORDINATION:0.48508120829751
C_ROOKANDPAWNMOVEMENT:0.48508120829751
C_CENTERCONTROL:0.4893387143984824
C_DEVELOPPIECES:0.4764948757976499
C_MATERIAL:0.5318664396843247
C_MOVECOUNT:0.5
