ELO:875
CE_PASSEDPAWNS:0.4843608711619364
CE_PAWNWEAKNESSES:0.5056705210335534
CE_PIECEACTIVITY:0.4988310885123944
CE_KINGPAWNSHIELD:0.483486555111811
CE_PIECECOORDINATION:0.4967379306377174
CE_MATERIAL:0.5311890037403826
CE_KINGSAFETY:0.4691465454145289
C_PIECESQUARETABLES:0.5412871667223166
C_MOBILITY:0.4509440683058895
C_KINGSAFETY:0.4849590687683025
C_PAWNSTRUCTURE:0.5386493287226638
C_PIECECOORDINATION:0.4896180781941886
C_ROOKANDPAWNMOVEMENT:0.4896180781941886
C_CENTERCONTROL:0.5295488999229185
C_DEVELOPPIECES:0.495864718576752
C_MATERIAL:0.49565403297148236
C_MOVECOUNT:0.5
