ELO:1000
CE_PASSEDPAWNS:0.5042513980411283
CE_PAWNWEAKNESSES:0.4623736034433755
CE_PIECEACTIVITY:0.502517099708584
CE_KINGPAWNSHIELD:0.4940874654781623
CE_PIECECOORDINATION:0.49717888340730887
CE_MATERIAL:0.48119650609730136
CE_KINGSAFETY:0.5017053681996799
C_PIECESQUARETABLES:0.506517837414391
C_MOBILITY:0.4824675432343518
C_KINGSAFETY:0.49532663913608116
C_PAWNSTRUCTURE:0.4502841669280948
C_PIECECOORDINATION:0.5542095113530554
C_ROOKANDPAWNMOVEMENT:0.5542095113530554
C_CENTERCONTROL:0.44549807040760725
C_DEVELOPPIECES:0.49318551346994316
C_MATERIAL:0.5075428180130658
