ELO:1014
CE_PASSEDPAWNS:0.5243511675685115
CE_PAWNWEAKNESSES:0.5020953993401601
CE_PIECEACTIVITY:0.5
CE_KINGPAWNSHIELD:0.5068540187535086
CE_PIECECOORDINATION:0.5011104980516888
CE_MATERIAL:0.5033222122461822
CE_KINGSAFETY:0.5
C_PIECESQUARETABLES:0.5
C_MOBILITY:0.5
C_KINGSAFETY:0.4736079089103129
C_PAWNSTRUCTURE:0.5038146513846126
C_PIECECOORDINATION:0.5124269745948176
C_ROOK:0.47111450233252583
CE_ROOK:0.5211191153185273
C_CENTERCONTROL:0.47972147466404774
C_DEVELOPPIECES:0.47120269052334773
C_MATERIAL:0.5
C_MOVECOUNT:0.510902853622266
C_PAWNMOVEMENT:0.4779707051632558
