ELO:927
CE_PASSEDPAWNS:0.49147332216151207
CE_PAWNWEAKNESSES:0.601370553938113
CE_PIECEACTIVITY:0.4986795549589167
CE_KINGPAWNSHIELD:0.47367172620119014
CE_PIECECOORDINATION:0.4208272740964857
CE_MATERIAL:0.4582660346309159
CE_KINGSAFETY:0.5217924835242359
C_PIECESQUARETABLES:0.5015698961500219
C_MOBILITY:0.48637852174662966
C_KINGSAFETY:0.529190064302495
C_PAWNSTRUCTURE:0.45101139401075135
C_PIECECOORDINATION:0.5623884816016719
C_ROOKANDPAWNMOVEMENT:0.5623884816016719
C_CENTERCONTROL:0.5388873113292224
C_DEVELOPPIECES:0.5455352400583021
C_MATERIAL:0.44159959786740305
