ELO:982
CE_PASSEDPAWNS:0.4870451678770933
CE_PAWNWEAKNESSES:0.4953569930021855
CE_PIECEACTIVITY:0.5096945558251234
CE_KINGPAWNSHIELD:0.5096509615180596
CE_PIECECOORDINATION:0.5163129392848165
CE_MATERIAL:0.49554846920479906
CE_KINGSAFETY:0.48643359026477273
C_PIECESQUARETABLES:0.5084457383890499
C_MOBILITY:0.4928088540721008
C_KINGSAFETY:0.5092676090600946
C_PAWNSTRUCTURE:0.4802250718225101
C_PIECECOORDINATION:0.49687781104620565
C_ROOKANDPAWNMOVEMENT:0.49687781104620565
C_CENTERCONTROL:0.5038123693445895
C_DEVELOPPIECES:0.5096003390975162
C_MATERIAL:0.5000467974320412
