ELO:861
CE_PASSEDPAWNS:0.5452538704098574
CE_PAWNWEAKNESSES:0.6353124579800419
CE_PIECEACTIVITY:0.4573238252114743
CE_KINGPAWNSHIELD:0.44932305478851225
CE_PIECECOORDINATION:0.4818158876339441
CE_MATERIAL:0.3815219341933818
CE_KINGSAFETY:0.4320364074101142
C_PIECESQUARETABLES:0.560236126145543
C_MOBILITY:0.495099137569578
C_KINGSAFETY:0.4819750762379375
C_PAWNSTRUCTURE:0.3712723692630522
C_PIECECOORDINATION:0.5768614932076832
C_ROOKANDPAWNMOVEMENT:0.5768614932076832
C_CENTERCONTROL:0.5414480204659463
C_DEVELOPPIECES:0.5810280018240163
C_MATERIAL:0.41757649588715445
