ELO:1000
CE_PASSEDPAWNS:0.5650066095351064
CE_PAWNWEAKNESSES:0.5189454657261914
CE_PIECEACTIVITY:0.5401144837407467
CE_KINGPAWNSHIELD:0.48228365992641176
CE_PIECECOORDINATION:0.49073205965295014
CE_MATERIAL:0.5147530063855283
CE_KINGSAFETY:0.5283545617978904
C_PIECESQUARETABLES:0.4382655584492962
C_MOBILITY:0.5333446602207348
C_KINGSAFETY:0.5111180464646703
C_PAWNSTRUCTURE:0.536075396589623
C_PIECECOORDINATION:0.530227675098243
C_ROOKANDPAWNMOVEMENT:0.530227675098243
C_CENTERCONTROL:0.45475964935625923
C_DEVELOPPIECES:0.48632405753160424
C_MATERIAL:0.48920511387468063
