ELO:1005
CE_PASSEDPAWNS:0.4981901800757575
CE_PAWNWEAKNESSES:0.502069405111737
CE_PIECEACTIVITY:0.5
CE_KINGPAWNSHIELD:0.49859017388858407
CE_PIECECOORDINATION:0.508562479634645
CE_MATERIAL:0.49987398267337585
CE_KINGSAFETY:0.5
C_PIECESQUARETABLES:0.5
C_MOBILITY:0.49205449306703236
C_KINGSAFETY:0.490606529589838
C_PAWNSTRUCTURE:0.4982793359540186
C_PIECECOORDINATION:0.5016239776349221
C_ROOKANDPAWNMOVEMENT:0.5016239776349221
C_CENTERCONTROL:0.5048956801559945
C_DEVELOPPIECES:0.49659098445475847
C_MATERIAL:0.48649236696324916
C_MOVECOUNT:0.5111341759973064
