ELO:912
CE_PASSEDPAWNS:0.5137354197545493
CE_PAWNWEAKNESSES:0.36905314539574313
CE_PIECEACTIVITY:0.5487503623611514
CE_KINGPAWNSHIELD:0.50149645309397
CE_PIECECOORDINATION:0.6323623609474194
CE_MATERIAL:0.48480617922415026
CE_KINGSAFETY:0.47407289784839507
C_PIECESQUARETABLES:0.5203053667645862
C_MOBILITY:0.4972867093383895
C_KINGSAFETY:0.5310176484402246
C_PAWNSTRUCTURE:0.5455820563217516
C_PIECECOORDINATION:0.44454919306112495
C_ROOKANDPAWNMOVEMENT:0.44454919306112495
C_CENTERCONTROL:0.3649279238279936
C_DEVELOPPIECES:0.544071959960448
C_MATERIAL:0.520322232210163
