ELO:1000
CE_PASSEDPAWNS:0.5650066095351064
CE_PAWNWEAKNESSES:0.5312010448951171
CE_PIECEACTIVITY:0.5524806155817888
CE_KINGPAWNSHIELD:0.48142591751378355
CE_PIECECOORDINATION:0.49638531229134303
CE_MATERIAL:0.5244162086908526
CE_KINGSAFETY:0.5403147032024301
C_PIECESQUARETABLES:0.4324780956978823
C_MOBILITY:0.5228688457054288
C_KINGSAFETY:0.5111180464646703
C_PAWNSTRUCTURE:0.5355203023594182
C_PIECECOORDINATION:0.5253831812494189
C_ROOKANDPAWNMOVEMENT:0.5253831812494189
C_CENTERCONTROL:0.4519474297141129
C_DEVELOPPIECES:0.49653575180267234
C_MATERIAL:0.46222114039609447
