ELO:1038
CE_PASSEDPAWNS:0.49561867380118474
CE_PAWNWEAKNESSES:0.49441264483531816
CE_PIECEACTIVITY:0.49046209081848813
CE_KINGPAWNSHIELD:0.5325070833713661
CE_PIECECOORDINATION:0.5063329275755295
CE_MATERIAL:0.4842486117367992
CE_KINGSAFETY:0.5
C_PIECESQUARETABLES:0.5
C_MOBILITY:0.508670177124862
C_KINGSAFETY:0.5
C_PAWNSTRUCTURE:0.5195972582034951
C_PIECECOORDINATION:0.5107036488164808
C_ROOK:0.5096401867591909
CE_ROOK:0.5308422506177983
C_CENTERCONTROL:0.5
C_DEVELOPPIECES:0.5152693387844893
C_MATERIAL:0.498131800715962
C_MOVECOUNT:0.5060432001236872
C_PAWNMOVEMENT:0.47665429700056966
