ELO:995
CE_PASSEDPAWNS:0.49591354553052447
CE_PAWNWEAKNESSES:0.496705268414409
CE_PIECEACTIVITY:0.5038267386994347
CE_KINGPAWNSHIELD:0.48164849105006746
CE_PIECECOORDINATION:0.5070268792479037
CE_MATERIAL:0.5009998824377415
CE_KINGSAFETY:0.5028927193553341
C_PIECESQUARETABLES:0.5012209203558746
C_MOBILITY:0.49989045456578346
C_KINGSAFETY:0.48518726975593246
C_PAWNSTRUCTURE:0.4976750864582386
C_PIECECOORDINATION:0.5164829095429768
C_ROOKANDPAWNMOVEMENT:0.5164829095429768
C_CENTERCONTROL:0.5088763036664322
C_DEVELOPPIECES:0.48845114573364
C_MATERIAL:0.5148309511380251
