ELO:735
CE_PASSEDPAWNS:0.4409435376449249
CE_PAWNWEAKNESSES:0.5189804401376499
CE_PIECEACTIVITY:0.4919259849876369
CE_KINGPAWNSHIELD:0.520462061831194
CE_PIECECOORDINATION:0.4884309443043641
CE_MATERIAL:0.5033139588908692
CE_KINGSAFETY:0.5027828423950964
C_PIECESQUARETABLES:0.5191566933078932
C_MOBILITY:0.5751190463640078
C_KINGSAFETY:0.4217963920871113
C_PAWNSTRUCTURE:0.5106313769408672
C_PIECECOORDINATION:0.5146294789081495
C_ROOKANDPAWNMOVEMENT:0.5146294789081495
C_CENTERCONTROL:0.45271509012757294
C_DEVELOPPIECES:0.6328879776681083
C_MATERIAL:0.47340327483303746
C_MOVECOUNT:0.5
