ELO:907
CE_PASSEDPAWNS:0.5175939497078899
CE_PAWNWEAKNESSES:0.39614937387172916
CE_PIECEACTIVITY:0.5493338143483263
CE_KINGPAWNSHIELD:0.4897872409166975
CE_PIECECOORDINATION:0.6176060369900217
CE_MATERIAL:0.500572742234689
CE_KINGSAFETY:0.5070891788407842
C_PIECESQUARETABLES:0.5213228925682719
C_MOBILITY:0.49984534989112606
C_KINGSAFETY:0.5403186515581054
C_PAWNSTRUCTURE:0.5516299682797455
C_PIECECOORDINATION:0.44742249063694567
C_ROOKANDPAWNMOVEMENT:0.44742249063694567
C_CENTERCONTROL:0.3521863010191203
C_DEVELOPPIECES:0.5427257175646124
C_MATERIAL:0.4915942150928814
