ELO:1032
CE_PASSEDPAWNS:0.4804240922566308
CE_PAWNWEAKNESSES:0.47286425670431176
CE_PIECEACTIVITY:0.48184201556346357
CE_KINGPAWNSHIELD:0.4958876103864205
CE_PIECECOORDINATION:0.5063329275755295
CE_MATERIAL:0.48057989748130914
CE_KINGSAFETY:0.5
C_PIECESQUARETABLES:0.5
C_MOBILITY:0.47763626907497486
C_KINGSAFETY:0.4795235616541757
C_PAWNSTRUCTURE:0.4894187503603023
C_PIECECOORDINATION:0.5025087255872847
C_ROOK:0.5128654996140453
CE_ROOK:0.5021450198159964
C_CENTERCONTROL:0.48100842722397014
C_DEVELOPPIECES:0.5014852847581153
C_MATERIAL:0.5127653659151674
C_MOVECOUNT:0.4752383491580709
C_PAWNMOVEMENT:0.5
