ELO:937
CE_PASSEDPAWNS:0.48728002375718515
CE_PAWNWEAKNESSES:0.4790625957950032
CE_PIECEACTIVITY:0.49503240063024817
CE_KINGPAWNSHIELD:0.49454097258224977
CE_PIECECOORDINATION:0.5039596328751441
CE_MATERIAL:0.5275580490306698
CE_KINGSAFETY:0.5005019820053811
C_PIECESQUARETABLES:0.5022866205705879
C_MOBILITY:0.5097354274028996
C_KINGSAFETY:0.4847056275305428
C_PAWNSTRUCTURE:0.4896311374335212
C_PIECECOORDINATION:0.4668785395301209
C_ROOKANDPAWNMOVEMENT:0.4668785395301209
C_CENTERCONTROL:0.4770949522931188
C_DEVELOPPIECES:0.4818130735593975
C_MATERIAL:0.4815822653987274
C_MOVECOUNT:0.4885970848722978
