ELO:1000
CE_PASSEDPAWNS:0.5008194285810003
CE_PAWNWEAKNESSES:0.5067354291317956
CE_PIECEACTIVITY:0.5
CE_KINGPAWNSHIELD:0.5
CE_PIECECOORDINATION:0.4864056208784537
CE_MATERIAL:0.492520689165218
CE_KINGSAFETY:0.5017954778947255
C_PIECESQUARETABLES:0.49613972546835666
C_MOBILITY:0.5
C_KINGSAFETY:0.5
C_PAWNSTRUCTURE:0.5
C_PIECECOORDINATION:0.5
C_ROOKANDPAWNMOVEMENT:0.5
C_CENTERCONTROL:0.4928624186603866
C_DEVELOPPIECES:0.4952063384387257
C_MATERIAL:0.5020010670906433
