ELO:1046
CE_PASSEDPAWNS:0.5162233477644413
CE_PAWNWEAKNESSES:0.4795209796067758
CE_PIECEACTIVITY:0.5064717264688003
CE_KINGPAWNSHIELD:0.5325070833713661
CE_PIECECOORDINATION:0.503640349052995
CE_MATERIAL:0.4840662056925468
CE_KINGSAFETY:0.5
C_PIECESQUARETABLES:0.5
C_MOBILITY:0.5000325414969815
C_KINGSAFETY:0.5130426352739833
C_PAWNSTRUCTURE:0.5195972582034951
C_PIECECOORDINATION:0.5170036779916796
C_ROOK:0.495730630112547
CE_ROOK:0.49552285313019595
C_CENTERCONTROL:0.4680482895041957
C_DEVELOPPIECES:0.4924542313572364
C_MATERIAL:0.4718044583437473
C_MOVECOUNT:0.49742331114217486
C_PAWNMOVEMENT:0.49552211294162307
