ELO:889
CE_PASSEDPAWNS:0.5171219706724042
CE_PAWNWEAKNESSES:0.40705279967398855
CE_PIECEACTIVITY:0.5538343272437382
CE_KINGPAWNSHIELD:0.4904243414143045
CE_PIECECOORDINATION:0.5914377479171249
CE_MATERIAL:0.5058642500337761
CE_KINGSAFETY:0.5054732559174944
C_PIECESQUARETABLES:0.546204341902533
C_MOBILITY:0.512803892812965
C_KINGSAFETY:0.5307673773030874
C_PAWNSTRUCTURE:0.5581765085420174
C_PIECECOORDINATION:0.442806094573238
C_ROOKANDPAWNMOVEMENT:0.442806094573238
C_CENTERCONTROL:0.3549866931408458
C_DEVELOPPIECES:0.5400717423861989
C_MATERIAL:0.493201738584943
