ELO:963
CE_PASSEDPAWNS:0.5491408120574198
CE_PAWNWEAKNESSES:0.4303731510787576
CE_PIECEACTIVITY:0.5784181102027833
CE_KINGPAWNSHIELD:0.4893388302013959
CE_PIECECOORDINATION:0.59095458618818
CE_MATERIAL:0.48367705786773124
CE_KINGSAFETY:0.473835120075983
C_PIECESQUARETABLES:0.48940585571138706
C_MOBILITY:0.5009796271599902
C_KINGSAFETY:0.45021094038221426
C_PAWNSTRUCTURE:0.5568110724830732
C_PIECECOORDINATION:0.49758831428206723
C_ROOKANDPAWNMOVEMENT:0.49758831428206723
C_CENTERCONTROL:0.4395415328454782
C_DEVELOPPIECES:0.4515913338019992
C_MATERIAL:0.4918134028072789
