ELO:822
CE_PASSEDPAWNS:0.4230266193497943
CE_PAWNWEAKNESSES:0.4762240149563716
CE_PIECEACTIVITY:0.47319598328089346
CE_KINGPAWNSHIELD:0.5524786660616352
CE_PIECECOORDINATION:0.48125658460789966
CE_MATERIAL:0.48202760873498934
CE_KINGSAFETY:0.4684888362632795
C_PIECESQUARETABLES:0.5056213472815508
C_MOBILITY:0.47455024124387474
C_KINGSAFETY:0.5502107880459329
C_PAWNSTRUCTURE:0.514078242908419
C_PIECECOORDINATION:0.47158153080687565
C_ROOKANDPAWNMOVEMENT:0.47158153080687565
C_CENTERCONTROL:0.505951168297958
C_DEVELOPPIECES:0.5265212561630804
C_MATERIAL:0.4812723803578263
C_MOVECOUNT:0.4823237070064146
