ELO:1004
CE_PASSEDPAWNS:0.527054384399477
CE_PAWNWEAKNESSES:0.5504572079235788
CE_PIECEACTIVITY:0.4164982178807285
CE_KINGPAWNSHIELD:0.5320142772970317
CE_PIECECOORDINATION:0.5797984766948805
CE_MATERIAL:0.45722259440874574
CE_KINGSAFETY:0.45281399016522095
C_PIECESQUARETABLES:0.49394242815502754
C_MOBILITY:0.5268054439551844
C_KINGSAFETY:0.47985699675849236
C_PAWNSTRUCTURE:0.4622321069108184
C_PIECECOORDINATION:0.5601254945544641
C_ROOKANDPAWNMOVEMENT:0.5601254945544641
C_CENTERCONTROL:0.483545813126107
C_DEVELOPPIECES:0.5345348994349256
C_MATERIAL:0.41910241871540205
