ELO:923
CE_PASSEDPAWNS:0.46309060274531333
CE_PAWNWEAKNESSES:0.5047695714637148
CE_PIECEACTIVITY:0.48914056306498627
CE_KINGPAWNSHIELD:0.47405083558787353
CE_PIECECOORDINATION:0.5277448386641961
CE_MATERIAL:0.4860908303217049
CE_KINGSAFETY:0.48457542113877466
C_PIECESQUARETABLES:0.5121245854466139
C_MOBILITY:0.5035742716308156
C_KINGSAFETY:0.49331223830494547
C_PAWNSTRUCTURE:0.5094226499303397
C_PIECECOORDINATION:0.47767367433722613
C_ROOKANDPAWNMOVEMENT:0.47767367433722613
C_CENTERCONTROL:0.4795434944748551
C_DEVELOPPIECES:0.5056199754011241
C_MATERIAL:0.5136584322137927
C_MOVECOUNT:0.5
