ELO:867
CE_PASSEDPAWNS:0.4813062245601388
CE_PAWNWEAKNESSES:0.5257933776727748
CE_PIECEACTIVITY:0.4275659356946912
CE_KINGPAWNSHIELD:0.5461251501796495
CE_PIECECOORDINATION:0.6105671543459567
CE_MATERIAL:0.5390686935280016
CE_KINGSAFETY:0.5023377964320613
C_PIECESQUARETABLES:0.48268784133968917
C_MOBILITY:0.46759429864064533
C_KINGSAFETY:0.5046895450609403
C_PAWNSTRUCTURE:0.378566545139107
C_PIECECOORDINATION:0.6119306384834917
C_ROOKANDPAWNMOVEMENT:0.6119306384834917
C_CENTERCONTROL:0.4949607311308054
C_DEVELOPPIECES:0.540347176499414
C_MATERIAL:0.3683591128859477
