ELO:924
CE_PASSEDPAWNS:0.49836897390774304
CE_PAWNWEAKNESSES:0.5313808039480125
CE_PIECEACTIVITY:0.5669600359524898
CE_KINGPAWNSHIELD:0.4924280090840546
CE_PIECECOORDINATION:0.5174700215658595
CE_MATERIAL:0.43266520278754267
CE_KINGSAFETY:0.48823728894753127
C_PIECESQUARETABLES:0.5035773889986495
C_MOBILITY:0.49052199902795424
C_KINGSAFETY:0.45548778429236164
C_PAWNSTRUCTURE:0.5041680781918884
C_PIECECOORDINATION:0.4974398252193199
C_ROOKANDPAWNMOVEMENT:0.4974398252193199
C_CENTERCONTROL:0.5556626895820961
C_DEVELOPPIECES:0.4777422375434589
C_MATERIAL:0.5231635696543773
C_MOVECOUNT:0.5
