ELO:1005
CE_PASSEDPAWNS:0.5072784405010771
CE_PAWNWEAKNESSES:0.4893967932845908
CE_PIECEACTIVITY:0.49833161450269914
CE_KINGPAWNSHIELD:0.5175190851143339
CE_PIECECOORDINATION:0.5137126326881651
CE_MATERIAL:0.48877036106629906
CE_KINGSAFETY:0.5
C_PIECESQUARETABLES:0.5119488891449725
C_MOBILITY:0.5026332375267567
C_KINGSAFETY:0.48693347354924477
C_PAWNSTRUCTURE:0.5257721983851996
C_PIECECOORDINATION:0.46275961713664404
C_ROOK:0.5253115525385125
CE_ROOK:0.5136393704210452
C_CENTERCONTROL:0.525101163682662
C_DEVELOPPIECES:0.45290145231881634
C_MATERIAL:0.48878455334517357
C_MOVECOUNT:0.5149887232556353
C_PAWNMOVEMENT:0.47315189300317784
