ELO:711
CE_PASSEDPAWNS:0.45277109735998067
CE_PAWNWEAKNESSES:0.5190216595432706
CE_PIECEACTIVITY:0.5117188298937584
CE_KINGPAWNSHIELD:0.5331662394314776
CE_PIECECOORDINATION:0.4589629844453677
CE_MATERIAL:0.5054756739001186
CE_KINGSAFETY:0.4581709037046388
C_PIECESQUARETABLES:0.500166396881953
C_MOBILITY:0.5815034911267348
C_KINGSAFETY:0.4185641294142354
C_PAWNSTRUCTURE:0.5230834254177821
C_PIECECOORDINATION:0.5299154596373533
C_ROOKANDPAWNMOVEMENT:0.5299154596373533
C_CENTERCONTROL:0.43429787950566257
C_DEVELOPPIECES:0.6304929431592079
C_MATERIAL:0.4741433986321622
C_MOVECOUNT:0.5
