ELO:1022
CE_PASSEDPAWNS:0.5111149673532346
CE_PAWNWEAKNESSES:0.5
CE_PIECEACTIVITY:0.49833161450269914
CE_KINGPAWNSHIELD:0.4735940439376194
CE_PIECECOORDINATION:0.5058356636316229
CE_MATERIAL:0.5098457914445861
CE_KINGSAFETY:0.5
C_PIECESQUARETABLES:0.5
C_MOBILITY:0.49507707390862454
C_KINGSAFETY:0.49300306790806625
C_PAWNSTRUCTURE:0.4894187503603023
C_PIECECOORDINATION:0.5164964441641188
C_ROOK:0.5068507259615967
CE_ROOK:0.49134650467698565
C_CENTERCONTROL:0.5201308160764048
C_DEVELOPPIECES:0.4631289165320919
C_MATERIAL:0.5313469601825206
C_MOVECOUNT:0.5153697606694594
C_PAWNMOVEMENT:0.47753126425553616
