ELO:628
CE_PASSEDPAWNS:0.45295490918024506
CE_PAWNWEAKNESSES:0.5208352387358879
CE_PIECEACTIVITY:0.52821092532066
CE_KINGPAWNSHIELD:0.502653891181104
CE_PIECECOORDINATION:0.4767111509567325
CE_MATERIAL:0.5313558782774017
CE_KINGSAFETY:0.5049346894778145
C_PIECESQUARETABLES:0.4976147515605558
C_MOBILITY:0.5892283229615218
C_KINGSAFETY:0.34273335393767385
C_PAWNSTRUCTURE:0.534590900595201
C_PIECECOORDINATION:0.5356316931748101
C_ROOKANDPAWNMOVEMENT:0.5356316931748101
C_CENTERCONTROL:0.4498360648403789
C_DEVELOPPIECES:0.5938814811262274
C_MATERIAL:0.4989906929377812
C_MOVECOUNT:0.4823524819294083
