ELO:1040
CE_PASSEDPAWNS:0.5113334919843036
CE_PAWNWEAKNESSES:0.4967877153802503
CE_PIECEACTIVITY:0.517388315537129
CE_KINGPAWNSHIELD:0.4818929993370571
CE_PIECECOORDINATION:0.4903581243828067
CE_MATERIAL:0.4970967322552941
CE_KINGSAFETY:0.5
C_PIECESQUARETABLES:0.5
C_MOBILITY:0.4857340728633006
C_KINGSAFETY:0.45404139381650016
C_PAWNSTRUCTURE:0.5041771372420676
C_PIECECOORDINATION:0.5295066086308019
C_ROOK:0.49302113446756246
CE_ROOK:0.510341443228123
C_CENTERCONTROL:0.4680482895041957
C_DEVELOPPIECES:0.4997824206897802
C_MATERIAL:0.4718044583437473
C_MOVECOUNT:0.5060432001236872
C_PAWNMOVEMENT:0.5157535493192258
