ELO:995
CE_PASSEDPAWNS:0.5111341382964658
CE_PAWNWEAKNESSES:0.502576249918511
CE_PIECEACTIVITY:0.49152222581515975
CE_KINGPAWNSHIELD:0.5
CE_PIECECOORDINATION:0.5
CE_MATERIAL:0.5106517809525283
CE_KINGSAFETY:0.5
C_PIECESQUARETABLES:0.5
C_MOBILITY:0.5
C_KINGSAFETY:0.5054798973223035
C_PAWNSTRUCTURE:0.4954633400629177
C_PIECECOORDINATION:0.5
C_ROOKANDPAWNMOVEMENT:0.5
C_CENTERCONTROL:0.5044142959355741
C_DEVELOPPIECES:0.5
C_MATERIAL:0.4884609361761913
C_MOVECOUNT:0.5161760850187019
