ELO:1009
CE_PASSEDPAWNS:0.4909437494787189
CE_PAWNWEAKNESSES:0.4790943301690342
CE_PIECEACTIVITY:0.4990451596259659
CE_KINGPAWNSHIELD:0.5202883737201092
CE_PIECECOORDINATION:0.5074816951749341
CE_MATERIAL:0.5165195326823693
CE_KINGSAFETY:0.48414527966905707
C_PIECESQUARETABLES:0.5264616965909671
C_MOBILITY:0.474243109900148
C_KINGSAFETY:0.49825485867962804
C_PAWNSTRUCTURE:0.5228293429926353
C_PIECECOORDINATION:0.4966424175821682
C_ROOKANDPAWNMOVEMENT:0.4966424175821682
C_CENTERCONTROL:0.5069461388594094
C_DEVELOPPIECES:0.4730662712077737
C_MATERIAL:0.493938713104436
C_MOVECOUNT:0.49253525627639255
