ELO:958
CE_PASSEDPAWNS:0.5299776438332051
CE_PAWNWEAKNESSES:0.5503947140425478
CE_PIECEACTIVITY:0.41222338197709196
CE_KINGPAWNSHIELD:0.5511529036476727
CE_PIECECOORDINATION:0.5959638552335584
CE_MATERIAL:0.47012058332128076
CE_KINGSAFETY:0.4682936241496694
C_PIECESQUARETABLES:0.49335010102277504
C_MOBILITY:0.5156270240190717
C_KINGSAFETY:0.5049292440932898
C_PAWNSTRUCTURE:0.4410316944350068
C_PIECECOORDINATION:0.5766229969349775
C_ROOKANDPAWNMOVEMENT:0.5766229969349775
C_CENTERCONTROL:0.4981420411895021
C_DEVELOPPIECES:0.4880025064715242
C_MATERIAL:0.40783958651733015
