ELO:962
CE_PASSEDPAWNS:0.5413767781095662
CE_PAWNWEAKNESSES:0.43647502904760416
CE_PIECEACTIVITY:0.5726156478361238
CE_KINGPAWNSHIELD:0.51180303994128
CE_PIECECOORDINATION:0.6143137903540347
CE_MATERIAL:0.48802598000792796
CE_KINGSAFETY:0.49907798896128336
C_PIECESQUARETABLES:0.48807010753038843
C_MOBILITY:0.5041618047556966
C_KINGSAFETY:0.45021094038221426
C_PAWNSTRUCTURE:0.5221176301710778
C_PIECECOORDINATION:0.49041851350784854
C_ROOKANDPAWNMOVEMENT:0.49041851350784854
C_CENTERCONTROL:0.4457723765522033
C_DEVELOPPIECES:0.4560743542387625
C_MATERIAL:0.4825411280612735
