ELO:927
CE_PASSEDPAWNS:0.47457471519933925
CE_PAWNWEAKNESSES:0.4692013118573634
CE_PIECEACTIVITY:0.4898655437851382
CE_KINGPAWNSHIELD:0.49811930757359113
CE_PIECECOORDINATION:0.49396336756615294
CE_MATERIAL:0.5042287144039678
CE_KINGSAFETY:0.49550707537807437
C_PIECESQUARETABLES:0.48642586691731005
C_MOBILITY:0.4955270494563667
C_KINGSAFETY:0.48452472898428883
C_PAWNSTRUCTURE:0.4908969899418242
C_PIECECOORDINATION:0.4665627346204208
C_ROOKANDPAWNMOVEMENT:0.4665627346204208
C_CENTERCONTROL:0.4880258276819873
C_DEVELOPPIECES:0.46730786146209197
C_MATERIAL:0.47476214707451947
C_MOVECOUNT:0.4841507859164384
