ELO:965
CE_PASSEDPAWNS:0.5071803673477031
CE_PAWNWEAKNESSES:0.5089156061297739
CE_PIECEACTIVITY:0.49750709965602086
CE_KINGPAWNSHIELD:0.5085047895435157
CE_PIECECOORDINATION:0.48352538861960176
CE_MATERIAL:0.5
CE_KINGSAFETY:0.4719441732647802
C_PIECESQUARETABLES:0.5013082625757194
C_MOBILITY:0.48210382679516417
C_KINGSAFETY:0.5098897337119507
C_PAWNSTRUCTURE:0.5036250446216416
C_PIECECOORDINATION:0.45708944218623365
C_ROOKANDPAWNMOVEMENT:0.45708944218623365
C_CENTERCONTROL:0.5028417956247887
C_DEVELOPPIECES:0.4997621771972246
C_MATERIAL:0.501281798795325
C_MOVECOUNT:0.5130197381153764
