ELO:1012
CE_PASSEDPAWNS:0.5394774735440221
CE_PAWNWEAKNESSES:0.49110875076286015
CE_PIECEACTIVITY:0.47350394151544634
CE_KINGPAWNSHIELD:0.48910981540645687
CE_PIECECOORDINATION:0.49243489196063395
CE_MATERIAL:0.499865950127651
CE_KINGSAFETY:0.5
C_PIECESQUARETABLES:0.5
C_MOBILITY:0.49617054150946194
C_KINGSAFETY:0.46298286703297536
C_PAWNSTRUCTURE:0.4894187503603023
C_PIECECOORDINATION:0.5133516354288787
C_ROOK:0.4955225921970349
CE_ROOK:0.4721512202863491
C_CENTERCONTROL:0.5
C_DEVELOPPIECES:0.4961384099354208
C_MATERIAL:0.5414671902828214
C_MOVECOUNT:0.4916289891068704
C_PAWNMOVEMENT:0.521382475953272
