ELO:761
CE_PASSEDPAWNS:0.4839748930268529
CE_PAWNWEAKNESSES:0.5226703121589438
CE_PIECEACTIVITY:0.480177400848263
CE_KINGPAWNSHIELD:0.5316197584731109
CE_PIECECOORDINATION:0.4618562540489718
CE_MATERIAL:0.4971757283496924
CE_KINGSAFETY:0.5135679526250626
C_PIECESQUARETABLES:0.5143213928010554
C_MOBILITY:0.5616424685073093
C_KINGSAFETY:0.4209904221890631
C_PAWNSTRUCTURE:0.5112227234841628
C_PIECECOORDINATION:0.5225131069183709
C_ROOKANDPAWNMOVEMENT:0.5225131069183709
C_CENTERCONTROL:0.4561700944667481
C_DEVELOPPIECES:0.6261255715450348
C_MATERIAL:0.4757740168193985
C_MOVECOUNT:0.5
