ELO:975
CE_PASSEDPAWNS:0.5348821832974207
CE_PAWNWEAKNESSES:0.42638303415959816
CE_PIECEACTIVITY:0.5790575663040978
CE_KINGPAWNSHIELD:0.5241238867841601
CE_PIECECOORDINATION:0.5894729139051209
CE_MATERIAL:0.4942735411787673
CE_KINGSAFETY:0.4840595411152772
C_PIECESQUARETABLES:0.4842067012166921
C_MOBILITY:0.5081943704610395
C_KINGSAFETY:0.4771022520314495
C_PAWNSTRUCTURE:0.5448913716306799
C_PIECECOORDINATION:0.47218704316882604
C_ROOKANDPAWNMOVEMENT:0.47218704316882604
C_CENTERCONTROL:0.44295437711548896
C_DEVELOPPIECES:0.44797994175487077
C_MATERIAL:0.49544995574046574
