ELO:1000
CE_PASSEDPAWNS:0.4969539596793505
CE_PAWNWEAKNESSES:0.5
CE_PIECEACTIVITY:0.5
CE_KINGPAWNSHIELD:0.5
CE_PIECECOORDINATION:0.5
CE_MATERIAL:0.5
CE_KINGSAFETY:0.5006819694302603
C_PIECESQUARETABLES:0.5009086771844451
C_MOBILITY:0.5
C_KINGSAFETY:0.4967767949054613
C_PAWNSTRUCTURE:0.5
C_PIECECOORDINATION:0.4962033551870881
C_ROOK:0.5062202471743108
CE_ROOK:0.5
C_CENTERCONTROL:0.5112091282977658
C_DEVELOPPIECES:0.4913088982149452
C_MATERIAL:0.5
C_MOVECOUNT:0.4926417759386772
C_PAWNMOVEMENT:0.4894977716417283
