ELO:938
CE_PASSEDPAWNS:0.5234042517969191
CE_PAWNWEAKNESSES:0.4904515933457188
CE_PIECEACTIVITY:0.47700660655435884
CE_KINGPAWNSHIELD:0.48088763617737573
CE_PIECECOORDINATION:0.524738714078767
CE_MATERIAL:0.5277848121637043
CE_KINGSAFETY:0.4535227775850237
C_PIECESQUARETABLES:0.5433568177228549
C_MOBILITY:0.49901501451285885
C_KINGSAFETY:0.47201235386591067
C_PAWNSTRUCTURE:0.4829938594987085
C_PIECECOORDINATION:0.5056778525699082
C_ROOKANDPAWNMOVEMENT:0.5056778525699082
C_CENTERCONTROL:0.5107304769067729
C_DEVELOPPIECES:0.4749126612525449
C_MATERIAL:0.485886211164754
C_MOVECOUNT:0.5
