ELO:1000
CE_PASSEDPAWNS:0.5102749358539116
CE_PAWNWEAKNESSES:0.5142611162085666
CE_PIECEACTIVITY:0.522689240560971
CE_KINGPAWNSHIELD:0.48542550389702993
CE_PIECECOORDINATION:0.46258514961185987
CE_MATERIAL:0.5021327067024464
CE_KINGSAFETY:0.497909453017018
C_PIECESQUARETABLES:0.48102764439423246
C_MOBILITY:0.490377776709936
C_KINGSAFETY:0.4857694500781745
C_PAWNSTRUCTURE:0.49224860764755596
C_PIECECOORDINATION:0.5094162750430701
C_ROOKANDPAWNMOVEMENT:0.5094162750430701
C_CENTERCONTROL:0.4934409996837659
C_DEVELOPPIECES:0.49136166517873514
C_MATERIAL:0.511766582138771
