ELO:930
CE_PASSEDPAWNS:0.5181567559288646
CE_PAWNWEAKNESSES:0.48799867747411174
CE_PIECEACTIVITY:0.49206884508598686
CE_KINGPAWNSHIELD:0.4903207740413713
CE_PIECECOORDINATION:0.5183970544801005
CE_MATERIAL:0.509548218978526
CE_KINGSAFETY:0.45052384498533005
C_PIECESQUARETABLES:0.5438933112785126
C_MOBILITY:0.5115099035871365
C_KINGSAFETY:0.4828866110102332
C_PAWNSTRUCTURE:0.48326770543102726
C_PIECECOORDINATION:0.510200546567336
C_ROOKANDPAWNMOVEMENT:0.510200546567336
C_CENTERCONTROL:0.4934585559359255
C_DEVELOPPIECES:0.49232788247004383
C_MATERIAL:0.4847081105065204
C_MOVECOUNT:0.5
