ELO:966
CE_PASSEDPAWNS:0.5
CE_PAWNWEAKNESSES:0.5226404069684895
CE_PIECEACTIVITY:0.5126465626156551
CE_KINGPAWNSHIELD:0.48752400411500546
CE_PIECECOORDINATION:0.5048195381442075
CE_MATERIAL:0.503522946279603
CE_KINGSAFETY:0.4920445257637491
C_PIECESQUARETABLES:0.5096466968001436
C_MOBILITY:0.46807937227957946
C_KINGSAFETY:0.5110633058496765
C_PAWNSTRUCTURE:0.5100005884540573
C_PIECECOORDINATION:0.495598696992271
C_ROOKANDPAWNMOVEMENT:0.495598696992271
C_CENTERCONTROL:0.5398943252156897
C_DEVELOPPIECES:0.5187563570926693
C_MATERIAL:0.5211654006875747
