ELO:754
CE_PASSEDPAWNS:0.42681735482842326
CE_PAWNWEAKNESSES:0.5294971720218221
CE_PIECEACTIVITY:0.4962759852113589
CE_KINGPAWNSHIELD:0.5331916116895686
CE_PIECECOORDINATION:0.49171159264486475
CE_MATERIAL:0.5013599442994628
CE_KINGSAFETY:0.4808712246658323
C_PIECESQUARETABLES:0.4902901313458797
C_MOBILITY:0.5751190463640078
C_KINGSAFETY:0.42039474902434837
C_PAWNSTRUCTURE:0.5099425247586358
C_PIECECOORDINATION:0.5359505520030793
C_ROOKANDPAWNMOVEMENT:0.5359505520030793
C_CENTERCONTROL:0.45217811134461977
C_DEVELOPPIECES:0.6328879776681083
C_MATERIAL:0.4778563144991517
C_MOVECOUNT:0.5
