ELO:1006
CE_PASSEDPAWNS:0.5
CE_PAWNWEAKNESSES:0.513454063791021
CE_PIECEACTIVITY:0.5013354793847604
CE_KINGPAWNSHIELD:0.4934142668053551
CE_PIECECOORDINATION:0.5001928579972453
CE_MATERIAL:0.5044390047223778
CE_KINGSAFETY:0.4953062269733549
C_PIECESQUARETABLES:0.4973704079767287
C_MOBILITY:0.5219340125964859
C_KINGSAFETY:0.5054798973223035
C_PAWNSTRUCTURE:0.5100395834168966
C_PIECECOORDINATION:0.5039784184053445
C_ROOKANDPAWNMOVEMENT:0.5039784184053445
C_CENTERCONTROL:0.5125235481425334
C_DEVELOPPIECES:0.5067196899368983
C_MATERIAL:0.5036494666451189
C_MOVECOUNT:0.5161760850187019
