ELO:894
CE_PASSEDPAWNS:0.4899901249594699
CE_PAWNWEAKNESSES:0.5449614514382655
CE_PIECEACTIVITY:0.40841361226712
CE_KINGPAWNSHIELD:0.5776530727637337
CE_PIECECOORDINATION:0.6421069974586634
CE_MATERIAL:0.5170330849903435
CE_KINGSAFETY:0.49588560736455334
C_PIECESQUARETABLES:0.5
C_MOBILITY:0.49040229681203934
C_KINGSAFETY:0.4913032803732828
C_PAWNSTRUCTURE:0.4020795424910045
C_PIECECOORDINATION:0.588141899973152
C_ROOKANDPAWNMOVEMENT:0.588141899973152
C_CENTERCONTROL:0.47186254168426156
C_DEVELOPPIECES:0.5291993811068932
C_MATERIAL:0.33934288003406854
