ELO:1018
CE_PASSEDPAWNS:0.4920896759916136
CE_PAWNWEAKNESSES:0.49110875076286015
CE_PIECEACTIVITY:0.49558962566582854
CE_KINGPAWNSHIELD:0.5084293836041178
CE_PIECECOORDINATION:0.5026234285496076
CE_MATERIAL:0.5064661152402773
CE_KINGSAFETY:0.5
C_PIECESQUARETABLES:0.5
C_MOBILITY:0.49507707390862454
C_KINGSAFETY:0.49807762350557305
C_PAWNSTRUCTURE:0.4894187503603023
C_PIECECOORDINATION:0.5133516354288787
C_ROOK:0.4883232172404439
CE_ROOK:0.5211191153185273
C_CENTERCONTROL:0.5099348967727102
C_DEVELOPPIECES:0.4997824206897802
C_MATERIAL:0.5313469601825206
C_MOVECOUNT:0.5153697606694594
C_PAWNMOVEMENT:0.47753126425553616
