ELO:936
CE_PASSEDPAWNS:0.5018047250502313
CE_PAWNWEAKNESSES:0.5733094172326971
CE_PIECEACTIVITY:0.3981266637641357
CE_KINGPAWNSHIELD:0.5436220800263588
CE_PIECECOORDINATION:0.6664100468299865
CE_MATERIAL:0.49091877534705614
CE_KINGSAFETY:0.5058568875411562
C_PIECESQUARETABLES:0.4696421407214003
C_MOBILITY:0.4941950730217948
C_KINGSAFETY:0.4979840688459444
C_PAWNSTRUCTURE:0.41658602993550803
C_PIECECOORDINATION:0.5858036580225607
C_ROOKANDPAWNMOVEMENT:0.5858036580225607
C_CENTERCONTROL:0.5009926046750569
C_DEVELOPPIECES:0.4898246241448598
C_MATERIAL:0.35484957767776165
