ELO:999
CE_PASSEDPAWNS:0.48751280641842804
CE_PAWNWEAKNESSES:0.5073254160085581
CE_PIECEACTIVITY:0.5
CE_KINGPAWNSHIELD:0.4994868076429935
CE_PIECECOORDINATION:0.5069040839809176
CE_MATERIAL:0.5040481141626789
CE_KINGSAFETY:0.486114487405138
C_PIECESQUARETABLES:0.5
C_MOBILITY:0.5
C_KINGSAFETY:0.502420562926281
C_PAWNSTRUCTURE:0.4994077107162551
C_PIECECOORDINATION:0.5
C_ROOK:0.5
CE_ROOK:0.4964624806152598
C_CENTERCONTROL:0.5
C_DEVELOPPIECES:0.5
C_MATERIAL:0.5
C_MOVECOUNT:0.5
C_PAWNMOVEMENT:0.5
