ELO:978
CE_PASSEDPAWNS:0.5071803673477031
CE_PAWNWEAKNESSES:0.49179758721076117
CE_PIECEACTIVITY:0.49750709965602086
CE_KINGPAWNSHIELD:0.5
CE_PIECECOORDINATION:0.4903612821538734
CE_MATERIAL:0.5
CE_KINGSAFETY:0.5
C_PIECESQUARETABLES:0.5
C_MOBILITY:0.4941443025240959
C_KINGSAFETY:0.5098897337119507
C_PAWNSTRUCTURE:0.49337760555707
C_PIECECOORDINATION:0.4688797821430887
C_ROOKANDPAWNMOVEMENT:0.4688797821430887
C_CENTERCONTROL:0.4946902873465336
C_DEVELOPPIECES:0.4997621771972246
C_MATERIAL:0.5070290084854356
C_MOVECOUNT:0.5034646757778793
