ELO:597
CE_PASSEDPAWNS:0.45799241866183416
CE_PAWNWEAKNESSES:0.5271201349140059
CE_PIECEACTIVITY:0.4978408039583432
CE_KINGPAWNSHIELD:0.5072996383288347
CE_PIECECOORDINATION:0.4608775207836337
CE_MATERIAL:0.5215839532488765
CE_KINGSAFETY:0.4997976742824289
C_PIECESQUARETABLES:0.49772096841986896
C_MOBILITY:0.5607283743797417
C_KINGSAFETY:0.353502221710136
C_PAWNSTRUCTURE:0.5289935607622416
C_PIECECOORDINATION:0.5411628144232371
C_ROOKANDPAWNMOVEMENT:0.5411628144232371
C_CENTERCONTROL:0.4591684022701535
C_DEVELOPPIECES:0.6147649655673555
C_MATERIAL:0.4783136079732402
C_MOVECOUNT:0.5060095133750052
