ELO:999
CE_PASSEDPAWNS:0.49171439544581635
CE_PAWNWEAKNESSES:0.4984908323171569
CE_PIECEACTIVITY:0.501815123343776
CE_KINGPAWNSHIELD:0.5114141123513738
CE_PIECECOORDINATION:0.5
CE_MATERIAL:0.5045541700727876
CE_KINGSAFETY:0.5156880364642101
C_PIECESQUARETABLES:0.502094846126596
C_MOBILITY:0.5
C_KINGSAFETY:0.48785979368075905
C_PAWNSTRUCTURE:0.5
C_PIECECOORDINATION:0.4962033551870881
C_ROOK:0.5123286247969995
CE_ROOK:0.5096918712813211
C_CENTERCONTROL:0.5154149233332449
C_DEVELOPPIECES:0.4833942835857832
C_MATERIAL:0.49914046173273485
C_MOVECOUNT:0.49673217171770706
C_PAWNMOVEMENT:0.47886657844901076
