ELO:772
CE_PASSEDPAWNS:0.46916442733194674
CE_PAWNWEAKNESSES:0.5515448020845167
CE_PIECEACTIVITY:0.38276260183784133
CE_KINGPAWNSHIELD:0.5353148419953258
CE_PIECECOORDINATION:0.6536704646890912
CE_MATERIAL:0.6112298074925027
CE_KINGSAFETY:0.562156906342663
C_PIECESQUARETABLES:0.4393921927028851
C_MOBILITY:0.5033795915020933
C_KINGSAFETY:0.4603808091563204
C_PAWNSTRUCTURE:0.35668719076644795
C_PIECECOORDINATION:0.5665155499175524
C_ROOKANDPAWNMOVEMENT:0.5665155499175524
C_CENTERCONTROL:0.46909472518470524
C_DEVELOPPIECES:0.5272088461452658
C_MATERIAL:0.3865676281836226
