ELO:1021
CE_PASSEDPAWNS:0.5
CE_PAWNWEAKNESSES:0.5
CE_PIECEACTIVITY:0.5
CE_KINGPAWNSHIELD:0.5
CE_PIECECOORDINATION:0.5
CE_MATERIAL:0.4961238149951466
CE_KINGSAFETY:0.4916392419169509
C_PIECESQUARETABLES:0.5
C_MOBILITY:0.5
C_KINGSAFETY:0.49685295754312997
C_PAWNSTRUCTURE:0.5087063395223568
C_PIECECOORDINATION:0.4951314460662843
C_ROOKANDPAWNMOVEMENT:0.4951314460662843
C_CENTERCONTROL:0.4982094233513066
C_DEVELOPPIECES:0.5
C_MATERIAL:0.5
C_MOVECOUNT:0.5093986677256387
