ELO:1002
CE_PASSEDPAWNS:0.5
CE_PAWNWEAKNESSES:0.5059525159266661
CE_PIECEACTIVITY:0.4853642839836876
CE_KINGPAWNSHIELD:0.5004112185829335
CE_PIECECOORDINATION:0.48896587531318964
CE_MATERIAL:0.49040203485781475
CE_KINGSAFETY:0.5
C_PIECESQUARETABLES:0.501061759468264
C_MOBILITY:0.480707431439143
C_KINGSAFETY:0.5175654021294295
C_PAWNSTRUCTURE:0.5
C_PIECECOORDINATION:0.48698863318339763
C_ROOKANDPAWNMOVEMENT:0.48698863318339763
C_CENTERCONTROL:0.462743962069889
C_DEVELOPPIECES:0.5152972831502495
C_MATERIAL:0.4967984459787995
C_MOVECOUNT:0.5058625302964954
