ELO:694
CE_PASSEDPAWNS:0.5224208241089351
CE_PAWNWEAKNESSES:0.5511979240832613
CE_PIECEACTIVITY:0.45718586006777917
CE_KINGPAWNSHIELD:0.5560723800950195
CE_PIECECOORDINATION:0.38600110945385746
CE_MATERIAL:0.4898463869853134
CE_KINGSAFETY:0.48581841741768533
C_PIECESQUARETABLES:0.48577439807294664
C_MOBILITY:0.5958790963726143
C_KINGSAFETY:0.4745549532307989
C_PAWNSTRUCTURE:0.48686628386915565
C_PIECECOORDINATION:0.5282237540874185
C_ROOKANDPAWNMOVEMENT:0.5282237540874185
C_CENTERCONTROL:0.48874711234796275
C_DEVELOPPIECES:0.5144761104495655
C_MATERIAL:0.4729811834380932
C_MOVECOUNT:0.4979558410896617
