ELO:988
CE_PASSEDPAWNS:0.5133308696397836
CE_PAWNWEAKNESSES:0.5289366248431515
CE_PIECEACTIVITY:0.4853836144793422
CE_KINGPAWNSHIELD:0.5400454908952927
CE_PIECECOORDINATION:0.471155508659144
CE_MATERIAL:0.5281373895825929
CE_KINGSAFETY:0.4901665103898383
C_PIECESQUARETABLES:0.5060174952432009
C_MOBILITY:0.5054800814129244
C_KINGSAFETY:0.5186226236168692
C_PAWNSTRUCTURE:0.5070207873216501
C_PIECECOORDINATION:0.48492370061087264
C_ROOK:0.5154051264734042
CE_ROOK:0.4935286418261156
C_CENTERCONTROL:0.5200609204260286
C_DEVELOPPIECES:0.4832078645714597
C_MATERIAL:0.48804607370951125
C_MOVECOUNT:0.5016204372366512
C_PAWNMOVEMENT:0.4966532993859934
