ELO:951
CE_PASSEDPAWNS:0.5028681710638779
CE_PAWNWEAKNESSES:0.4954822238126825
CE_PIECEACTIVITY:0.4759798593225307
CE_KINGPAWNSHIELD:0.4614015879432755
CE_PIECECOORDINATION:0.503344715650237
CE_MATERIAL:0.47516405393326605
CE_KINGSAFETY:0.4785552779113954
C_PIECESQUARETABLES:0.5006209251569212
C_MOBILITY:0.5485260483406155
C_KINGSAFETY:0.49893437328220663
C_PAWNSTRUCTURE:0.4632786441814327
C_PIECECOORDINATION:0.5025700895730683
C_ROOKANDPAWNMOVEMENT:0.5025700895730683
C_CENTERCONTROL:0.5059150074663492
C_DEVELOPPIECES:0.5221633800455141
C_MATERIAL:0.48218206946908737
