ELO:999
CE_PASSEDPAWNS:0.5335995263787502
CE_PAWNWEAKNESSES:0.5494157545621662
CE_PIECEACTIVITY:0.39689026621475315
CE_KINGPAWNSHIELD:0.49218211727055483
CE_PIECECOORDINATION:0.4933297440833951
CE_MATERIAL:0.4648725880900804
CE_KINGSAFETY:0.5317684711473228
C_PIECESQUARETABLES:0.552118616901794
C_MOBILITY:0.48693840258256454
C_KINGSAFETY:0.5980724931856526
C_PAWNSTRUCTURE:0.4366896607477759
C_PIECECOORDINATION:0.43156349838455066
C_ROOKANDPAWNMOVEMENT:0.43156349838455066
C_CENTERCONTROL:0.5722812391587632
C_DEVELOPPIECES:0.4846203732805314
C_MATERIAL:0.48093734570599533
