ELO:991
CE_PASSEDPAWNS:0.5277288571395565
CE_PAWNWEAKNESSES:0.4800949766011621
CE_PIECEACTIVITY:0.5128644383699528
CE_KINGPAWNSHIELD:0.5546117257850154
CE_PIECECOORDINATION:0.4812433783694688
CE_MATERIAL:0.4746884246773453
CE_KINGSAFETY:0.5
C_PIECESQUARETABLES:0.4911435136071079
C_MOBILITY:0.5836313903895851
C_KINGSAFETY:0.5250912115677565
C_PAWNSTRUCTURE:0.46145219496313356
C_PIECECOORDINATION:0.4902217065858179
C_ROOKANDPAWNMOVEMENT:0.4902217065858179
C_CENTERCONTROL:0.42894235410171383
C_DEVELOPPIECES:0.4354212939766876
C_MATERIAL:0.6234991122067586
