ELO:998
CE_PASSEDPAWNS:0.519625295899063
CE_PAWNWEAKNESSES:0.5442363177657099
CE_PIECEACTIVITY:0.5016507820427861
CE_KINGPAWNSHIELD:0.3836506128618173
CE_PIECECOORDINATION:0.44206708752110113
CE_MATERIAL:0.4756175679684244
CE_KINGSAFETY:0.47832852209252874
C_PIECESQUARETABLES:0.517351913535547
C_MOBILITY:0.45240453923811513
C_KINGSAFETY:0.4988605337118771
C_PAWNSTRUCTURE:0.4685005178630563
C_PIECECOORDINATION:0.5629052077452347
C_ROOKANDPAWNMOVEMENT:0.5629052077452347
C_CENTERCONTROL:0.47827716224218536
C_DEVELOPPIECES:0.44506591013815583
C_MATERIAL:0.470640053824073
