ELO:1000
CE_PASSEDPAWNS:0.4791934455627719
CE_PAWNWEAKNESSES:0.48705478165871835
CE_PIECEACTIVITY:0.4830586737261325
CE_KINGPAWNSHIELD:0.469187403053733
CE_PIECECOORDINATION:0.48466846759245497
CE_MATERIAL:0.525673613764749
CE_KINGSAFETY:0.5045928517372502
C_PIECESQUARETABLES:0.4858634107028809
C_MOBILITY:0.510971815766733
C_KINGSAFETY:0.4800536296306052
C_PAWNSTRUCTURE:0.46574832169573877
C_PIECECOORDINATION:0.509854344740382
C_ROOKANDPAWNMOVEMENT:0.509854344740382
C_CENTERCONTROL:0.4872255924560872
C_DEVELOPPIECES:0.45220522460042606
C_MATERIAL:0.5192275595598306
