ELO:1000
CE_PASSEDPAWNS:0.5210206202352382
CE_PAWNWEAKNESSES:0.4935174063102954
CE_PIECEACTIVITY:0.5055325802319555
CE_KINGPAWNSHIELD:0.5047277412449201
CE_PIECECOORDINATION:0.5072474774105742
CE_MATERIAL:0.48786118436398224
CE_KINGSAFETY:0.45993829722117574
C_PIECESQUARETABLES:0.48541060408084225
C_MOBILITY:0.5191383050034595
C_KINGSAFETY:0.479142105672781
C_PAWNSTRUCTURE:0.505702119420628
C_PIECECOORDINATION:0.5299875849246158
C_ROOKANDPAWNMOVEMENT:0.5299875849246158
C_CENTERCONTROL:0.5005664456875338
C_DEVELOPPIECES:0.4793074209561894
C_MATERIAL:0.4969857615120947
