ELO:915
CE_PASSEDPAWNS:0.5201397515312748
CE_PAWNWEAKNESSES:0.5377456193257081
CE_PIECEACTIVITY:0.49396512537463233
CE_KINGPAWNSHIELD:0.5715820152975758
CE_PIECECOORDINATION:0.5209806095860022
CE_MATERIAL:0.45802032156574074
CE_KINGSAFETY:0.516119706828345
C_PIECESQUARETABLES:0.473887228374522
C_MOBILITY:0.503526511246636
C_KINGSAFETY:0.5068703007865061
C_PAWNSTRUCTURE:0.493253432955388
C_PIECECOORDINATION:0.44805197955717574
C_ROOKANDPAWNMOVEMENT:0.44805197955717574
C_CENTERCONTROL:0.5496768639153574
C_DEVELOPPIECES:0.4449635647868771
C_MATERIAL:0.49838868962523397
C_MOVECOUNT:0.5
