ELO:1000
CE_PASSEDPAWNS:0.5
CE_PAWNWEAKNESSES:0.5
CE_PIECEACTIVITY:0.5
CE_KINGPAWNSHIELD:0.5
CE_PIECECOORDINATION:0.5052858053437533
CE_MATERIAL:0.5157805737223635
CE_KINGSAFETY:0.484204617857819
C_PIECESQUARETABLES:0.4902744004722306
C_MOBILITY:0.5105144344739654
C_KINGSAFETY:0.49783394275130605
C_PAWNSTRUCTURE:0.5
C_PIECECOORDINATION:0.5058428106016428
C_ROOKANDPAWNMOVEMENT:0.5058428106016428
C_CENTERCONTROL:0.49078887443532576
C_DEVELOPPIECES:0.5
C_MATERIAL:0.5
