ELO:984
CE_PASSEDPAWNS:0.5181002218419423
CE_PAWNWEAKNESSES:0.520187328634804
CE_PIECEACTIVITY:0.4902909594630913
CE_KINGPAWNSHIELD:0.5107364492449642
CE_PIECECOORDINATION:0.479847692038874
CE_MATERIAL:0.5010860394737079
CE_KINGSAFETY:0.5098735789237318
C_PIECESQUARETABLES:0.5184717189991072
C_MOBILITY:0.5147553292692707
C_KINGSAFETY:0.50958479091155
C_PAWNSTRUCTURE:0.5142762450042221
C_PIECECOORDINATION:0.4910358228504338
C_ROOK:0.5199149541876724
CE_ROOK:0.48528449079068475
C_CENTERCONTROL:0.511734201166289
C_DEVELOPPIECES:0.5070284285291362
C_MATERIAL:0.49211271721674277
C_MOVECOUNT:0.5129832275012566
C_PAWNMOVEMENT:0.49628686237183883
