ELO:906
CE_PASSEDPAWNS:0.46672597877196415
CE_PAWNWEAKNESSES:0.5879416504018392
CE_PIECEACTIVITY:0.4684106891727915
CE_KINGPAWNSHIELD:0.5265652993148178
CE_PIECECOORDINATION:0.5391292037971467
CE_MATERIAL:0.4560046196428695
CE_KINGSAFETY:0.4848209806508789
C_PIECESQUARETABLES:0.46505641290845307
C_MOBILITY:0.5103349774371269
C_KINGSAFETY:0.4816844171177457
C_PAWNSTRUCTURE:0.5446594405588887
C_PIECECOORDINATION:0.5482798953532428
C_ROOKANDPAWNMOVEMENT:0.5482798953532428
C_CENTERCONTROL:0.5269346337305135
C_DEVELOPPIECES:0.5111173373655428
C_MATERIAL:0.5118089665345513
C_MOVECOUNT:0.5
