ELO:990
CE_PASSEDPAWNS:0.5211503159869919
CE_PAWNWEAKNESSES:0.5017301075941661
CE_PIECEACTIVITY:0.5073698461943228
CE_KINGPAWNSHIELD:0.49971881721655487
CE_PIECECOORDINATION:0.49822562685820293
CE_MATERIAL:0.5
CE_KINGSAFETY:0.4961357554092679
C_PIECESQUARETABLES:0.5
C_MOBILITY:0.49384881588222557
C_KINGSAFETY:0.5046823674994988
C_PAWNSTRUCTURE:0.5013724821474544
C_PIECECOORDINATION:0.4987486293173346
C_ROOKANDPAWNMOVEMENT:0.4987486293173346
C_CENTERCONTROL:0.5
C_DEVELOPPIECES:0.509088514134899
C_MATERIAL:0.48845372866770553
C_MOVECOUNT:0.5087223004345555
