ELO:838
CE_PASSEDPAWNS:0.5438009894138959
CE_PAWNWEAKNESSES:0.5914328909372039
CE_PIECEACTIVITY:0.42328049960205844
CE_KINGPAWNSHIELD:0.515836404748021
CE_PIECECOORDINATION:0.4375212530918447
CE_MATERIAL:0.4831646571555737
CE_KINGSAFETY:0.4979207944147796
C_PIECESQUARETABLES:0.45135011966923216
C_MOBILITY:0.6112059262117029
C_KINGSAFETY:0.5170585686124259
C_PAWNSTRUCTURE:0.4884799017974462
C_PIECECOORDINATION:0.5426679699760272
C_ROOKANDPAWNMOVEMENT:0.5426679699760272
C_CENTERCONTROL:0.5032462256585204
C_DEVELOPPIECES:0.52980759617189
C_MATERIAL:0.5369290899223604
C_MOVECOUNT:0.5
