ELO:1000
CE_PASSEDPAWNS:0.5440335373585011
CE_PAWNWEAKNESSES:0.5108743898127504
CE_PIECEACTIVITY:0.5075474005770807
CE_KINGPAWNSHIELD:0.48415623325427143
CE_PIECECOORDINATION:0.4742207967129017
CE_MATERIAL:0.5100550151987951
CE_KINGSAFETY:0.447014446331094
C_PIECESQUARETABLES:0.5040243456439368
C_MOBILITY:0.5149664620910656
C_KINGSAFETY:0.4998181232387041
C_PAWNSTRUCTURE:0.4965345472835929
C_PIECECOORDINATION:0.5478809413933328
C_ROOKANDPAWNMOVEMENT:0.5478809413933328
C_CENTERCONTROL:0.5380517781212005
C_DEVELOPPIECES:0.45724432918625635
C_MATERIAL:0.48818552166433576
