ELO:1011
CE_PASSEDPAWNS:0.4916919961173328
CE_PAWNWEAKNESSES:0.5117966008096566
CE_PIECEACTIVITY:0.5
CE_KINGPAWNSHIELD:0.5
CE_PIECECOORDINATION:0.5
CE_MATERIAL:0.5082736175397016
CE_KINGSAFETY:0.5089572969566122
C_PIECESQUARETABLES:0.5018417137310984
C_MOBILITY:0.5158763143322501
C_KINGSAFETY:0.5079387688427803
C_PAWNSTRUCTURE:0.49406984533412424
C_PIECECOORDINATION:0.4846426354244571
C_ROOK:0.49458764725472915
CE_ROOK:0.5018024399854074
C_CENTERCONTROL:0.49985819578512025
C_DEVELOPPIECES:0.4843868645365956
C_MATERIAL:0.5043522042180273
C_MOVECOUNT:0.5209995158719487
C_PAWNMOVEMENT:0.5051766520929089
