ELO:1006
CE_PASSEDPAWNS:0.5183426270832615
CE_PAWNWEAKNESSES:0.48586349155810005
CE_PIECEACTIVITY:0.5274727158166297
CE_KINGPAWNSHIELD:0.5108193124067895
CE_PIECECOORDINATION:0.4968810504370297
CE_MATERIAL:0.5055101039910281
CE_KINGSAFETY:0.5
C_PIECESQUARETABLES:0.5
C_MOBILITY:0.5001131143533629
C_KINGSAFETY:0.46402129971210204
C_PAWNSTRUCTURE:0.5200288347493638
C_PIECECOORDINATION:0.5045014104148906
C_ROOK:0.5087179678736831
CE_ROOK:0.48323991166558694
C_CENTERCONTROL:0.5142620723065077
C_DEVELOPPIECES:0.47200237553300906
C_MATERIAL:0.5142731199693436
C_MOVECOUNT:0.5174252478471064
C_PAWNMOVEMENT:0.48444180846960017
