ELO:1006
CE_PASSEDPAWNS:0.5089686891631376
CE_PAWNWEAKNESSES:0.48586349155810005
CE_PIECEACTIVITY:0.5274727158166297
CE_KINGPAWNSHIELD:0.479173758562018
CE_PIECECOORDINATION:0.48732251570300195
CE_MATERIAL:0.5055101039910281
CE_KINGSAFETY:0.5
C_PIECESQUARETABLES:0.5
C_MOBILITY:0.46905911319043975
C_KINGSAFETY:0.48134998905871595
C_PAWNSTRUCTURE:0.5200288347493638
C_PIECECOORDINATION:0.5107399732473097
C_ROOK:0.5223944220193748
CE_ROOK:0.48323991166558694
C_CENTERCONTROL:0.5142620723065077
C_DEVELOPPIECES:0.5378158956555593
C_MATERIAL:0.5080029093786893
C_MOVECOUNT:0.521452801007454
C_PAWNMOVEMENT:0.5032302729801571
