ELO:795
CE_PASSEDPAWNS:0.5143914667947459
CE_PAWNWEAKNESSES:0.6017355483896333
CE_PIECEACTIVITY:0.4489720498640778
CE_KINGPAWNSHIELD:0.5037058749505544
CE_PIECECOORDINATION:0.49419329190657774
CE_MATERIAL:0.4469792416171043
CE_KINGSAFETY:0.47634722302695853
C_PIECESQUARETABLES:0.46979151882050596
C_MOBILITY:0.5237561835823844
C_KINGSAFETY:0.37716564368968947
C_PAWNSTRUCTURE:0.56976870746124
C_PIECECOORDINATION:0.5200830684449134
C_ROOKANDPAWNMOVEMENT:0.5200830684449134
C_CENTERCONTROL:0.5282445125140086
C_DEVELOPPIECES:0.5440381530293759
C_MATERIAL:0.49181489868394773
C_MOVECOUNT:0.5
