ELO:1000
CE_PASSEDPAWNS:0.5506791731705644
CE_PAWNWEAKNESSES:0.5132972342061921
CE_PIECEACTIVITY:0.4391693813466605
CE_KINGPAWNSHIELD:0.4347854985472467
CE_PIECECOORDINATION:0.4438056912076748
CE_MATERIAL:0.5330557234436466
CE_KINGSAFETY:0.4719015526860685
C_PIECESQUARETABLES:0.48833259091091125
C_MOBILITY:0.4878274543563684
C_KINGSAFETY:0.6067885994699751
C_PAWNSTRUCTURE:0.44676057618365983
C_PIECECOORDINATION:0.5208206481746823
C_ROOKANDPAWNMOVEMENT:0.5208206481746823
C_CENTERCONTROL:0.4824890892621709
C_DEVELOPPIECES:0.45339109212726003
C_MATERIAL:0.3909008825294023
