ELO:968
CE_PASSEDPAWNS:0.5894433250810908
CE_PAWNWEAKNESSES:0.546019517354405
CE_PIECEACTIVITY:0.5819054440736772
CE_KINGPAWNSHIELD:0.551880133411131
CE_PIECECOORDINATION:0.32240815250069293
CE_MATERIAL:0.521832619319033
CE_KINGSAFETY:0.4988615778579484
C_PIECESQUARETABLES:0.47592771942747714
C_MOBILITY:0.5607953702792264
C_KINGSAFETY:0.4775228816113817
C_PAWNSTRUCTURE:0.434231792882034
C_PIECECOORDINATION:0.5640145930365006
C_ROOKANDPAWNMOVEMENT:0.5640145930365006
C_CENTERCONTROL:0.47888682851083075
C_DEVELOPPIECES:0.524735711205956
C_MATERIAL:0.4927216791590997
