ELO:931
CE_PASSEDPAWNS:0.5413942922441507
CE_PAWNWEAKNESSES:0.5450511085576285
CE_PIECEACTIVITY:0.6032721333816085
CE_KINGPAWNSHIELD:0.4646324294559725
CE_PIECECOORDINATION:0.46649257272629047
CE_MATERIAL:0.5048247437698011
CE_KINGSAFETY:0.4906386918133466
C_PIECESQUARETABLES:0.5147410028448592
C_MOBILITY:0.4085435941224075
C_KINGSAFETY:0.6318540252600923
C_PAWNSTRUCTURE:0.4301464151392899
C_PIECECOORDINATION:0.5036762547202792
C_ROOKANDPAWNMOVEMENT:0.5036762547202792
C_CENTERCONTROL:0.5191910240225506
C_DEVELOPPIECES:0.4993953373432912
C_MATERIAL:0.3533536380193279
