ELO:1020
CE_PASSEDPAWNS:0.6248705025356659
CE_PAWNWEAKNESSES:0.5635043803319225
CE_PIECEACTIVITY:0.5646876589151205
CE_KINGPAWNSHIELD:0.549366848896606
CE_PIECECOORDINATION:0.34203330391080455
CE_MATERIAL:0.4912309021505398
CE_KINGSAFETY:0.5003183868391207
C_PIECESQUARETABLES:0.4998534186679338
C_MOBILITY:0.5731166054598572
C_KINGSAFETY:0.497153632977944
C_PAWNSTRUCTURE:0.4295595778394647
C_PIECECOORDINATION:0.5209740735497849
C_ROOKANDPAWNMOVEMENT:0.5209740735497849
C_CENTERCONTROL:0.4715187849935817
C_DEVELOPPIECES:0.5421376139377965
C_MATERIAL:0.4755891473766402
