ELO:984
CE_PASSEDPAWNS:0.5030972381018965
CE_PAWNWEAKNESSES:0.5316746911924487
CE_PIECEACTIVITY:0.4853836144793422
CE_KINGPAWNSHIELD:0.5385650572408696
CE_PIECECOORDINATION:0.5244619258590283
CE_MATERIAL:0.5208777979959445
CE_KINGSAFETY:0.5
C_PIECESQUARETABLES:0.5
C_MOBILITY:0.5418297695417182
C_KINGSAFETY:0.5180747021451926
C_PAWNSTRUCTURE:0.5024238841134778
C_PIECECOORDINATION:0.480647372910494
C_ROOK:0.5200551275388279
CE_ROOK:0.5090546472357178
C_CENTERCONTROL:0.5175248311557732
C_DEVELOPPIECES:0.47671279094123203
C_MATERIAL:0.47574187333245055
C_MOVECOUNT:0.49851660241957546
C_PAWNMOVEMENT:0.48818817618219573
