ELO:913
CE_PASSEDPAWNS:0.5394410364923353
CE_PAWNWEAKNESSES:0.5218151016052528
CE_PIECEACTIVITY:0.5233393000824443
CE_KINGPAWNSHIELD:0.47966904336031024
CE_PIECECOORDINATION:0.5278881215445203
CE_MATERIAL:0.4771048899429223
CE_KINGSAFETY:0.5140978869360081
C_PIECESQUARETABLES:0.48711022727115716
C_MOBILITY:0.5003761961885586
C_KINGSAFETY:0.4956516945699385
C_PAWNSTRUCTURE:0.5206285177942392
C_PIECECOORDINATION:0.510961028818206
C_ROOKANDPAWNMOVEMENT:0.510961028818206
C_CENTERCONTROL:0.4789714011553863
C_DEVELOPPIECES:0.5011127660149632
C_MATERIAL:0.5149953450999164
C_MOVECOUNT:0.5
