ELO:1012
CE_PASSEDPAWNS:0.4969384186157821
CE_PAWNWEAKNESSES:0.5017301075941661
CE_PIECEACTIVITY:0.5077633428570446
CE_KINGPAWNSHIELD:0.4832399603696557
CE_PIECECOORDINATION:0.5180811306708064
CE_MATERIAL:0.5082965360472589
CE_KINGSAFETY:0.5
C_PIECESQUARETABLES:0.5
C_MOBILITY:0.4924360675917885
C_KINGSAFETY:0.5090604986768512
C_PAWNSTRUCTURE:0.49461196064670243
C_PIECECOORDINATION:0.4903374916457966
C_ROOKANDPAWNMOVEMENT:0.4903374916457966
C_CENTERCONTROL:0.5
C_DEVELOPPIECES:0.5024538663813293
C_MATERIAL:0.4964835086684862
C_MOVECOUNT:0.4985036942185756
