ELO:811
CE_PASSEDPAWNS:0.5462731964802372
CE_PAWNWEAKNESSES:0.5928722812212893
CE_PIECEACTIVITY:0.4388965100718212
CE_KINGPAWNSHIELD:0.5143939402367146
CE_PIECECOORDINATION:0.4202014020386911
CE_MATERIAL:0.494320782581377
CE_KINGSAFETY:0.5050592782271425
C_PIECESQUARETABLES:0.43246278446812103
C_MOBILITY:0.612464707115109
C_KINGSAFETY:0.5036427469784731
C_PAWNSTRUCTURE:0.4997447246247294
C_PIECECOORDINATION:0.5468454703903569
C_ROOKANDPAWNMOVEMENT:0.5468454703903569
C_CENTERCONTROL:0.4933785146589469
C_DEVELOPPIECES:0.5191384819060286
C_MATERIAL:0.5129117981575363
C_MOVECOUNT:0.5
