ELO:987
CE_PASSEDPAWNS:0.5133308696397836
CE_PAWNWEAKNESSES:0.5241394279484209
CE_PIECEACTIVITY:0.4853836144793422
CE_KINGPAWNSHIELD:0.5458772119999254
CE_PIECECOORDINATION:0.47546032066205207
CE_MATERIAL:0.5312336494981875
CE_KINGSAFETY:0.46921585210172434
C_PIECESQUARETABLES:0.5142752770387657
C_MOBILITY:0.5054800814129244
C_KINGSAFETY:0.5149716151420277
C_PAWNSTRUCTURE:0.5070207873216501
C_PIECECOORDINATION:0.4863969958599291
C_ROOK:0.5179635885240269
CE_ROOK:0.4829183636741306
C_CENTERCONTROL:0.5200609204260286
C_DEVELOPPIECES:0.4832078645714597
C_MATERIAL:0.4868284191062089
C_MOVECOUNT:0.5016204372366512
C_PAWNMOVEMENT:0.4966532993859934
