ELO:1000
CE_PASSEDPAWNS:0.4882375714195206
CE_PAWNWEAKNESSES:0.5107231737758864
CE_PIECEACTIVITY:0.51199375569507
CE_KINGPAWNSHIELD:0.5065590169085972
CE_PIECECOORDINATION:0.49469361626687425
CE_MATERIAL:0.494264139419802
CE_KINGSAFETY:0.4974770240153507
C_PIECESQUARETABLES:0.5030703632422878
C_MOBILITY:0.5081141318177691
C_KINGSAFETY:0.5034384232696394
C_PAWNSTRUCTURE:0.49797792194221197
C_PIECECOORDINATION:0.49586225410369517
C_ROOK:0.5011840229132816
CE_ROOK:0.4961392711168244
C_CENTERCONTROL:0.49437299318217787
C_DEVELOPPIECES:0.5
C_MATERIAL:0.4918529856392586
C_MOVECOUNT:0.5129912269949191
C_PAWNMOVEMENT:0.503922772999943
