ELO:993
CE_PASSEDPAWNS:0.5191028548603217
CE_PAWNWEAKNESSES:0.47636209707950933
CE_PIECEACTIVITY:0.5
CE_KINGPAWNSHIELD:0.5
CE_PIECECOORDINATION:0.5398856913063681
CE_MATERIAL:0.5019514884407734
CE_KINGSAFETY:0.5
C_PIECESQUARETABLES:0.5391188921197315
C_MOBILITY:0.48031423564821324
C_KINGSAFETY:0.5429846917299046
C_PAWNSTRUCTURE:0.4974990538654865
C_PIECECOORDINATION:0.47507782735342335
C_ROOKANDPAWNMOVEMENT:0.47507782735342335
C_CENTERCONTROL:0.5248589516513705
C_DEVELOPPIECES:0.4856427543098801
C_MATERIAL:0.4945831968001969
C_MOVECOUNT:0.5
