ELO:1016
CE_PASSEDPAWNS:0.5
CE_PAWNWEAKNESSES:0.4916730884282885
CE_PIECEACTIVITY:0.5070477514444577
CE_KINGPAWNSHIELD:0.5
CE_PIECECOORDINATION:0.5
CE_MATERIAL:0.5071547883388072
CE_KINGSAFETY:0.5
C_PIECESQUARETABLES:0.5
C_MOBILITY:0.5
C_KINGSAFETY:0.49025356981014456
C_PAWNSTRUCTURE:0.4904166257886511
C_PIECECOORDINATION:0.5
C_ROOKANDPAWNMOVEMENT:0.5
C_CENTERCONTROL:0.49652210411877945
C_DEVELOPPIECES:0.5
C_MATERIAL:0.5
C_MOVECOUNT:0.5
