ELO:1000
CE_PASSEDPAWNS:0.5161937344558878
CE_PAWNWEAKNESSES:0.4978227187897147
CE_PIECEACTIVITY:0.4919479579384094
CE_KINGPAWNSHIELD:0.5047277412449201
CE_PIECECOORDINATION:0.5070720754569803
CE_MATERIAL:0.48786118436398224
CE_KINGSAFETY:0.4590616964946546
C_PIECESQUARETABLES:0.47959642352121123
C_MOBILITY:0.5025704905095176
C_KINGSAFETY:0.47752992099976815
C_PAWNSTRUCTURE:0.5062189433322287
C_PIECECOORDINATION:0.5205089829867492
C_ROOKANDPAWNMOVEMENT:0.5205089829867492
C_CENTERCONTROL:0.5125252225295808
C_DEVELOPPIECES:0.48428006424725767
C_MATERIAL:0.5063076191633691
