ELO:709
CE_PASSEDPAWNS:0.4843271553879382
CE_PAWNWEAKNESSES:0.5573822568281326
CE_PIECEACTIVITY:0.49019786534762666
CE_KINGPAWNSHIELD:0.5400266417190772
CE_PIECECOORDINATION:0.4220727121540824
CE_MATERIAL:0.4968017226574212
CE_KINGSAFETY:0.4908400750829943
C_PIECESQUARETABLES:0.5157804320455287
C_MOBILITY:0.5887625748317882
C_KINGSAFETY:0.466006430505606
C_PAWNSTRUCTURE:0.488952375917606
C_PIECECOORDINATION:0.541307601779838
C_ROOKANDPAWNMOVEMENT:0.541307601779838
C_CENTERCONTROL:0.44484890403425464
C_DEVELOPPIECES:0.5033197655799266
C_MATERIAL:0.45719999578469467
C_MOVECOUNT:0.4666413508436966
