ELO:888
CE_PASSEDPAWNS:0.48063291111264744
CE_PAWNWEAKNESSES:0.5693599302282606
CE_PIECEACTIVITY:0.47898812789377065
CE_KINGPAWNSHIELD:0.4752044270758142
CE_PIECECOORDINATION:0.5125483732580092
CE_MATERIAL:0.43988759728984306
CE_KINGSAFETY:0.4695348260472498
C_PIECESQUARETABLES:0.4758752445788018
C_MOBILITY:0.5564357124784445
C_KINGSAFETY:0.3673968668860415
C_PAWNSTRUCTURE:0.5405373861030797
C_PIECECOORDINATION:0.4717066924984649
C_ROOKANDPAWNMOVEMENT:0.4717066924984649
C_CENTERCONTROL:0.5483349965505296
C_DEVELOPPIECES:0.5280514912280777
C_MATERIAL:0.5015859195276613
C_MOVECOUNT:0.5
