ELO:1000
CE_PASSEDPAWNS:0.554353852788348
CE_PAWNWEAKNESSES:0.4727733414747946
CE_PIECEACTIVITY:0.4938940345524456
CE_KINGPAWNSHIELD:0.46583567474075654
CE_PIECECOORDINATION:0.466209396896298
CE_MATERIAL:0.4980503722586844
CE_KINGSAFETY:0.5135407396511887
C_PIECESQUARETABLES:0.49459840743917366
C_MOBILITY:0.5470236332103126
C_KINGSAFETY:0.5035144101324511
C_PAWNSTRUCTURE:0.46466716959163085
C_PIECECOORDINATION:0.5730745320225821
C_ROOKANDPAWNMOVEMENT:0.5730745320225821
C_CENTERCONTROL:0.5562286540877938
C_DEVELOPPIECES:0.4341495349359019
C_MATERIAL:0.49703883293421125
