ELO:994
CE_PASSEDPAWNS:0.5089686891631376
CE_PAWNWEAKNESSES:0.49095223702033813
CE_PIECEACTIVITY:0.46083997087136375
CE_KINGPAWNSHIELD:0.49784146576342503
CE_PIECECOORDINATION:0.48732251570300195
CE_MATERIAL:0.5055101039910281
CE_KINGSAFETY:0.5
C_PIECESQUARETABLES:0.5
C_MOBILITY:0.4947937011842226
C_KINGSAFETY:0.48134998905871595
C_PAWNSTRUCTURE:0.5071283088989227
C_PIECECOORDINATION:0.5107399732473097
C_ROOK:0.5223944220193748
CE_ROOK:0.48323991166558694
C_CENTERCONTROL:0.48695740813928995
C_DEVELOPPIECES:0.5378158956555593
C_MATERIAL:0.5066201757976824
C_MOVECOUNT:0.4989213143691052
C_PAWNMOVEMENT:0.5131532910449351
