ELO:990
CE_PASSEDPAWNS:0.5702170034334008
CE_PAWNWEAKNESSES:0.4912580640652294
CE_PIECEACTIVITY:0.5511699834566749
CE_KINGPAWNSHIELD:0.5772357454697082
CE_PIECECOORDINATION:0.38483225893563955
CE_MATERIAL:0.4794767655218627
CE_KINGSAFETY:0.5291551410508271
C_PIECESQUARETABLES:0.4696317873075469
C_MOBILITY:0.5857208489531694
C_KINGSAFETY:0.4966941117939417
C_PAWNSTRUCTURE:0.4657501769350808
C_PIECECOORDINATION:0.5194190951870303
C_ROOKANDPAWNMOVEMENT:0.5194190951870303
C_CENTERCONTROL:0.45825593241676627
C_DEVELOPPIECES:0.5415016088759932
C_MATERIAL:0.4274199177664928
