ELO:1018
CE_PASSEDPAWNS:0.49600399712489673
CE_PAWNWEAKNESSES:0.5
CE_PIECEACTIVITY:0.5023371923833705
CE_KINGPAWNSHIELD:0.5110106235277199
CE_PIECECOORDINATION:0.49823899955167417
CE_MATERIAL:0.5
CE_KINGSAFETY:0.49574046316240017
C_PIECESQUARETABLES:0.49674650874276277
C_MOBILITY:0.48844736495749896
C_KINGSAFETY:0.4893556399690715
C_PAWNSTRUCTURE:0.5069415413792895
C_PIECECOORDINATION:0.4942454509919072
C_ROOKANDPAWNMOVEMENT:0.4942454509919072
C_CENTERCONTROL:0.5
C_DEVELOPPIECES:0.5
C_MATERIAL:0.5005217478029754
C_MOVECOUNT:0.5092080944305523
