ELO:713
CE_PASSEDPAWNS:0.5224208241089351
CE_PAWNWEAKNESSES:0.5511979240832613
CE_PIECEACTIVITY:0.4656687883193711
CE_KINGPAWNSHIELD:0.5598771892115783
CE_PIECECOORDINATION:0.37926161594493524
CE_MATERIAL:0.4808841286326934
CE_KINGSAFETY:0.48928248017751447
C_PIECESQUARETABLES:0.47646216205755676
C_MOBILITY:0.6010707669225644
C_KINGSAFETY:0.4738748383385338
C_PAWNSTRUCTURE:0.5011562896395645
C_PIECECOORDINATION:0.5282237540874185
C_ROOKANDPAWNMOVEMENT:0.5282237540874185
C_CENTERCONTROL:0.49742290027637887
C_DEVELOPPIECES:0.5048513236861947
C_MATERIAL:0.48413684030178317
C_MOVECOUNT:0.4993055271147217
