ELO:887
CE_PASSEDPAWNS:0.4730502577800225
CE_PAWNWEAKNESSES:0.5530037285187022
CE_PIECEACTIVITY:0.5432019278376766
CE_KINGPAWNSHIELD:0.4830509557460596
CE_PIECECOORDINATION:0.4667523607465507
CE_MATERIAL:0.4589041191145948
CE_KINGSAFETY:0.5030711079198732
C_PIECESQUARETABLES:0.5142768877667343
C_MOBILITY:0.45948997310172013
C_KINGSAFETY:0.4456699590811012
C_PAWNSTRUCTURE:0.4816723113886117
C_PIECECOORDINATION:0.4639843637130944
C_ROOKANDPAWNMOVEMENT:0.4639843637130944
C_CENTERCONTROL:0.4164486901820098
C_DEVELOPPIECES:0.4110189525097114
C_MATERIAL:0.5249396507380338
C_MOVECOUNT:0.5
