ELO:979
CE_PASSEDPAWNS:0.4820563895226724
CE_PAWNWEAKNESSES:0.557678102970875
CE_PIECEACTIVITY:0.4997361043213827
CE_KINGPAWNSHIELD:0.4425939332493957
CE_PIECECOORDINATION:0.44315245633118716
CE_MATERIAL:0.46837574217671646
CE_KINGSAFETY:0.5048786496077552
C_PIECESQUARETABLES:0.5011039151619766
C_MOBILITY:0.45629292499161267
C_KINGSAFETY:0.5144358712582987
C_PAWNSTRUCTURE:0.5066734583682405
C_PIECECOORDINATION:0.6139966482226227
C_ROOKANDPAWNMOVEMENT:0.6139966482226227
C_CENTERCONTROL:0.5204170456400856
C_DEVELOPPIECES:0.5633715814417147
C_MATERIAL:0.47244422686871473
