ELO:1069
CE_PASSEDPAWNS:0.521696994521181
CE_PAWNWEAKNESSES:0.506642754522303
CE_PIECEACTIVITY:0.47720231126595597
CE_KINGPAWNSHIELD:0.5142600735133351
CE_PIECECOORDINATION:0.5
CE_MATERIAL:0.5061466910117326
CE_KINGSAFETY:0.5
C_PIECESQUARETABLES:0.5
C_MOBILITY:0.5108789503004801
C_KINGSAFETY:0.5168036488374377
C_PAWNSTRUCTURE:0.5
C_PIECECOORDINATION:0.5182525005146978
C_ROOK:0.5
CE_ROOK:0.5099838664214744
C_CENTERCONTROL:0.5029010550684012
C_DEVELOPPIECES:0.5006731434501108
C_MATERIAL:0.4797243308268542
C_MOVECOUNT:0.49891662155735195
C_PAWNMOVEMENT:0.5037547385522029
