ELO:989
CE_PASSEDPAWNS:0.442718051617515
CE_PAWNWEAKNESSES:0.43705257514369056
CE_PIECEACTIVITY:0.6013998814045
CE_KINGPAWNSHIELD:0.5723084880054528
CE_PIECECOORDINATION:0.526251544983537
CE_MATERIAL:0.3564458017513163
CE_KINGSAFETY:0.4529024231429546
C_PIECESQUARETABLES:0.49716696999619797
C_MOBILITY:0.5557676979844378
C_KINGSAFETY:0.5305833826815933
C_PAWNSTRUCTURE:0.5295809914068305
C_PIECECOORDINATION:0.5132722937278825
C_ROOKANDPAWNMOVEMENT:0.5132722937278825
C_CENTERCONTROL:0.4286104918662139
C_DEVELOPPIECES:0.46563514434690845
C_MATERIAL:0.4701507820794274
