ELO:889
CE_PASSEDPAWNS:0.5308326576807527
CE_PAWNWEAKNESSES:0.5098875705725172
CE_PIECEACTIVITY:0.5019001645769448
CE_KINGPAWNSHIELD:0.5063975583197186
CE_PIECECOORDINATION:0.5635603688541012
CE_MATERIAL:0.5780106905707282
CE_KINGSAFETY:0.5430240650820031
C_PIECESQUARETABLES:0.524203451766428
C_MOBILITY:0.46632866318994604
C_KINGSAFETY:0.5248142786535934
C_PAWNSTRUCTURE:0.5202114308396575
C_PIECECOORDINATION:0.6073370457459804
C_ROOKANDPAWNMOVEMENT:0.6073370457459804
C_CENTERCONTROL:0.46552453558174794
C_DEVELOPPIECES:0.5747425563758165
C_MATERIAL:0.529107363995407
C_MOVECOUNT:0.5
