ELO:1000
CE_PASSEDPAWNS:0.5
CE_PAWNWEAKNESSES:0.5
CE_PIECEACTIVITY:0.5114536393288074
CE_KINGPAWNSHIELD:0.49255206646861244
CE_PIECECOORDINATION:0.5
CE_MATERIAL:0.4946470843851138
CE_KINGSAFETY:0.5
C_PIECESQUARETABLES:0.5
C_MOBILITY:0.5
C_KINGSAFETY:0.5062605804455352
C_PAWNSTRUCTURE:0.4967175119645585
C_PIECECOORDINATION:0.4889278018869785
C_ROOKANDPAWNMOVEMENT:0.4889278018869785
C_CENTERCONTROL:0.4984348439650586
C_DEVELOPPIECES:0.5
C_MATERIAL:0.49697644294813204
