ELO:974
CE_PASSEDPAWNS:0.4677707251943222
CE_PAWNWEAKNESSES:0.5579469428021885
CE_PIECEACTIVITY:0.48974608772427264
CE_KINGPAWNSHIELD:0.44731479594127754
CE_PIECECOORDINATION:0.44587352105303474
CE_MATERIAL:0.47344842907050466
CE_KINGSAFETY:0.5049446623540957
C_PIECESQUARETABLES:0.5120516361104772
C_MOBILITY:0.4525860915225953
C_KINGSAFETY:0.522498993458431
C_PAWNSTRUCTURE:0.4896629604587117
C_PIECECOORDINATION:0.604830468171002
C_ROOKANDPAWNMOVEMENT:0.604830468171002
C_CENTERCONTROL:0.5400556025146903
C_DEVELOPPIECES:0.579733761509078
C_MATERIAL:0.46214661546257646
