ELO:986
CE_PASSEDPAWNS:0.4827680689322531
CE_PAWNWEAKNESSES:0.5366722120240388
CE_PIECEACTIVITY:0.48984980529825967
CE_KINGPAWNSHIELD:0.45231499788646773
CE_PIECECOORDINATION:0.45551834294057547
CE_MATERIAL:0.4748555876095904
CE_KINGSAFETY:0.5
C_PIECESQUARETABLES:0.5
C_MOBILITY:0.45574490233037757
C_KINGSAFETY:0.5200889131846157
C_PAWNSTRUCTURE:0.49934024021088147
C_PIECECOORDINATION:0.5860109761804642
C_ROOKANDPAWNMOVEMENT:0.5860109761804642
C_CENTERCONTROL:0.5078882532324501
C_DEVELOPPIECES:0.5621370080835416
C_MATERIAL:0.46641216142386877
