ELO:1101
CE_PASSEDPAWNS:0.5014383419152028
CE_PAWNWEAKNESSES:0.530985393901956
CE_PIECEACTIVITY:0.47720231126595597
CE_KINGPAWNSHIELD:0.5
CE_PIECECOORDINATION:0.5079671768032734
CE_MATERIAL:0.5000466357657618
CE_KINGSAFETY:0.5
C_PIECESQUARETABLES:0.5
C_MOBILITY:0.5068923201911351
C_KINGSAFETY:0.5144133679387982
C_PAWNSTRUCTURE:0.4854765850285544
C_PIECECOORDINATION:0.5328339974409297
C_ROOK:0.5177414041264156
CE_ROOK:0.5
C_CENTERCONTROL:0.5138805772355112
C_DEVELOPPIECES:0.4903803641151362
C_MATERIAL:0.49965020343408034
C_MOVECOUNT:0.4824050871242114
C_PAWNMOVEMENT:0.5158275755625826
