ELO:729
CE_PASSEDPAWNS:0.5097100431059279
CE_PAWNWEAKNESSES:0.4206564595130037
CE_PIECEACTIVITY:0.46142780841604736
CE_KINGPAWNSHIELD:0.4838552472042543
CE_PIECECOORDINATION:0.5024609099754329
CE_MATERIAL:0.49732890121514767
CE_KINGSAFETY:0.5026380604328478
C_PIECESQUARETABLES:0.46195407865506144
C_MOBILITY:0.47236840442170114
C_KINGSAFETY:0.4933301210220511
C_PAWNSTRUCTURE:0.48642022080587166
C_PIECECOORDINATION:0.4517508679517206
C_ROOKANDPAWNMOVEMENT:0.4517508679517206
C_CENTERCONTROL:0.5039502605463657
C_DEVELOPPIECES:0.5688032018272953
C_MATERIAL:0.5279414158073116
C_MOVECOUNT:0.5
