ELO:935
CE_PASSEDPAWNS:0.4806328199513274
CE_PAWNWEAKNESSES:0.548885958217172
CE_PIECEACTIVITY:0.45788824338588424
CE_KINGPAWNSHIELD:0.42353512896613493
CE_PIECECOORDINATION:0.5022649808521266
CE_MATERIAL:0.47399222698914767
CE_KINGSAFETY:0.49160182762176036
C_PIECESQUARETABLES:0.4871839192044136
C_MOBILITY:0.3983243180050207
C_KINGSAFETY:0.5146033207459138
C_PAWNSTRUCTURE:0.5297233370315777
C_PIECECOORDINATION:0.5603325116030332
C_ROOKANDPAWNMOVEMENT:0.5603325116030332
C_CENTERCONTROL:0.582201090827582
C_DEVELOPPIECES:0.5582467208351568
C_MATERIAL:0.4636118604712757
