ELO:975
CE_PASSEDPAWNS:0.4877291910743272
CE_PAWNWEAKNESSES:0.4897851493941992
CE_PIECEACTIVITY:0.48888379696569406
CE_KINGPAWNSHIELD:0.4938076369582803
CE_PIECECOORDINATION:0.49108143166080637
CE_MATERIAL:0.4886683526770197
CE_KINGSAFETY:0.5093288683220587
C_PIECESQUARETABLES:0.5
C_MOBILITY:0.5
C_KINGSAFETY:0.50285266249158
C_PAWNSTRUCTURE:0.5180439338939206
C_PIECECOORDINATION:0.48866275315807434
C_ROOKANDPAWNMOVEMENT:0.48866275315807434
C_CENTERCONTROL:0.5
C_DEVELOPPIECES:0.5
C_MATERIAL:0.5
