ELO:1000
CE_PASSEDPAWNS:0.4802690579902438
CE_PAWNWEAKNESSES:0.5310937643956153
CE_PIECEACTIVITY:0.5168918410633756
CE_KINGPAWNSHIELD:0.47978589420226175
CE_PIECECOORDINATION:0.5035231517674423
CE_MATERIAL:0.45168203765245757
CE_KINGSAFETY:0.5351562282304554
C_PIECESQUARETABLES:0.4953177032867567
C_MOBILITY:0.4671521164970334
C_KINGSAFETY:0.5439063977834256
C_PAWNSTRUCTURE:0.4880232575439447
C_PIECECOORDINATION:0.5486553276669571
C_ROOKANDPAWNMOVEMENT:0.5486553276669571
C_CENTERCONTROL:0.48092749502997334
C_DEVELOPPIECES:0.47737997440903074
C_MATERIAL:0.4691506864026224
