ELO:1000
CE_PASSEDPAWNS:0.48123355190285916
CE_PAWNWEAKNESSES:0.4494420701848962
CE_PIECEACTIVITY:0.5825055855038226
CE_KINGPAWNSHIELD:0.5092627682835666
CE_PIECECOORDINATION:0.44672284587672656
CE_MATERIAL:0.3850339050978415
CE_KINGSAFETY:0.49083034585805774
C_PIECESQUARETABLES:0.5491581780362682
C_MOBILITY:0.5117353571848678
C_KINGSAFETY:0.5542189208394588
C_PAWNSTRUCTURE:0.4893414494958978
C_PIECECOORDINATION:0.5458981506631793
C_ROOKANDPAWNMOVEMENT:0.5458981506631793
C_CENTERCONTROL:0.49397250753838917
C_DEVELOPPIECES:0.46476647153086664
C_MATERIAL:0.47516446270828544
