ELO:955
CE_PASSEDPAWNS:0.49965558143710015
CE_PAWNWEAKNESSES:0.4749835124641806
CE_PIECEACTIVITY:0.49574770060314316
CE_KINGPAWNSHIELD:0.4914156581631522
CE_PIECECOORDINATION:0.49570577198832005
CE_MATERIAL:0.4768279314943667
CE_KINGSAFETY:0.5174908847772549
C_PIECESQUARETABLES:0.48233878175536443
C_MOBILITY:0.4774156875025569
C_KINGSAFETY:0.5310856754356316
C_PAWNSTRUCTURE:0.48237431507348905
C_PIECECOORDINATION:0.47874502025392823
C_ROOKANDPAWNMOVEMENT:0.47874502025392823
C_CENTERCONTROL:0.4887111502214835
C_DEVELOPPIECES:0.5275598496846534
C_MATERIAL:0.5450423858153398
C_MOVECOUNT:0.5
