ELO:810
CE_PASSEDPAWNS:0.39439351572651415
CE_PAWNWEAKNESSES:0.42806740105334806
CE_PIECEACTIVITY:0.5406973442809059
CE_KINGPAWNSHIELD:0.6194276861639911
CE_PIECECOORDINATION:0.5216334580305925
CE_MATERIAL:0.3523230232061891
CE_KINGSAFETY:0.5087971954342575
C_PIECESQUARETABLES:0.4816522019788371
C_MOBILITY:0.46150214940118583
C_KINGSAFETY:0.52677324051065
C_PAWNSTRUCTURE:0.3546020870422397
C_PIECECOORDINATION:0.5977111580664152
C_ROOKANDPAWNMOVEMENT:0.5977111580664152
C_CENTERCONTROL:0.6235844098156847
C_DEVELOPPIECES:0.5102649306397529
C_MATERIAL:0.5222267202171145
