ELO:1000
CE_PASSEDPAWNS:0.4862304821035924
CE_PAWNWEAKNESSES:0.5050606205519483
CE_PIECEACTIVITY:0.5174725199346483
CE_KINGPAWNSHIELD:0.5
CE_PIECECOORDINATION:0.4886763634103022
CE_MATERIAL:0.5143638986366371
CE_KINGSAFETY:0.49235492920995133
C_PIECESQUARETABLES:0.4989408078846963
C_MOBILITY:0.4888626609020152
C_KINGSAFETY:0.5180213062529858
C_PAWNSTRUCTURE:0.4952885602156253
C_PIECECOORDINATION:0.501319334863752
C_ROOKANDPAWNMOVEMENT:0.501319334863752
C_CENTERCONTROL:0.5065528892594171
C_DEVELOPPIECES:0.4780351003670701
C_MATERIAL:0.4943454452716528
