ELO:1016
CE_PASSEDPAWNS:0.512984892380894
CE_PAWNWEAKNESSES:0.5263341247713677
CE_PIECEACTIVITY:0.5016266317876139
CE_KINGPAWNSHIELD:0.5080944837023759
CE_PIECECOORDINATION:0.4807457214341104
CE_MATERIAL:0.487468980677166
CE_KINGSAFETY:0.5007634853444263
C_PIECESQUARETABLES:0.5156884768787147
C_MOBILITY:0.5050819751964495
C_KINGSAFETY:0.5048254669108432
C_PAWNSTRUCTURE:0.5079908986011265
C_PIECECOORDINATION:0.46779576745006
C_ROOK:0.49298220187646696
CE_ROOK:0.5116465777742402
C_CENTERCONTROL:0.509768785880576
C_DEVELOPPIECES:0.5136956168349741
C_MATERIAL:0.4944056146312276
C_MOVECOUNT:0.4924833250386437
C_PAWNMOVEMENT:0.5059912779636543
