ELO:988
CE_PASSEDPAWNS:0.5
CE_PAWNWEAKNESSES:0.5
CE_PIECEACTIVITY:0.5057543838525463
CE_KINGPAWNSHIELD:0.4869302603784941
CE_PIECECOORDINATION:0.4986988866185665
CE_MATERIAL:0.5
CE_KINGSAFETY:0.5
C_PIECESQUARETABLES:0.5
C_MOBILITY:0.5
C_KINGSAFETY:0.5025271010950302
C_PAWNSTRUCTURE:0.5097393576501908
C_PIECECOORDINATION:0.5
C_ROOKANDPAWNMOVEMENT:0.5
C_CENTERCONTROL:0.5051868541613217
C_DEVELOPPIECES:0.5
C_MATERIAL:0.5
C_MOVECOUNT:0.49877532821808723
