ELO:1000
CE_PASSEDPAWNS:0.47818202737596666
CE_PAWNWEAKNESSES:0.5024276320518697
CE_PIECEACTIVITY:0.4880232189767258
CE_KINGPAWNSHIELD:0.5209955667437813
CE_PIECECOORDINATION:0.5032048322464754
CE_MATERIAL:0.5072371338619447
CE_KINGSAFETY:0.49866700654989654
C_PIECESQUARETABLES:0.4659319022463344
C_MOBILITY:0.49427474842033203
C_KINGSAFETY:0.5196669775957063
C_PAWNSTRUCTURE:0.46301661602871436
C_PIECECOORDINATION:0.505465684148674
C_ROOKANDPAWNMOVEMENT:0.505465684148674
C_CENTERCONTROL:0.4972966107060408
C_DEVELOPPIECES:0.5495860092280583
C_MATERIAL:0.48734383507177853
