ELO:897
CE_PASSEDPAWNS:0.5216298056960743
CE_PAWNWEAKNESSES:0.4830571767570552
CE_PIECEACTIVITY:0.5181555323287682
CE_KINGPAWNSHIELD:0.6138387402933547
CE_PIECECOORDINATION:0.6167499207680649
CE_MATERIAL:0.4670213175191197
CE_KINGSAFETY:0.40937849627851464
C_PIECESQUARETABLES:0.473887228374522
C_MOBILITY:0.4963813537928455
C_KINGSAFETY:0.488127543919885
C_PAWNSTRUCTURE:0.4847015376501748
C_PIECECOORDINATION:0.46580182704367357
C_ROOKANDPAWNMOVEMENT:0.46580182704367357
C_CENTERCONTROL:0.6219332520807116
C_DEVELOPPIECES:0.5193103460091372
C_MATERIAL:0.4586043215833094
C_MOVECOUNT:0.5
