ELO:1024
CE_PASSEDPAWNS:0.4883514526839017
CE_PAWNWEAKNESSES:0.5048955438261592
CE_PIECEACTIVITY:0.48382754716367593
CE_KINGPAWNSHIELD:0.5080944837023759
CE_PIECECOORDINATION:0.5009427473807805
CE_MATERIAL:0.5010211814414373
CE_KINGSAFETY:0.5007634853444263
C_PIECESQUARETABLES:0.5
C_MOBILITY:0.48880449444570667
C_KINGSAFETY:0.5020406001877096
C_PAWNSTRUCTURE:0.5
C_PIECECOORDINATION:0.5183157825561666
C_ROOK:0.493374313320691
CE_ROOK:0.5180095237465394
C_CENTERCONTROL:0.4853515242708038
C_DEVELOPPIECES:0.5136956168349741
C_MATERIAL:0.5085119268006085
C_MOVECOUNT:0.49117731403886083
C_PAWNMOVEMENT:0.4914347561887438
