ELO:962
CE_PASSEDPAWNS:0.5099363196317771
CE_PAWNWEAKNESSES:0.4929880788593658
CE_PIECEACTIVITY:0.5077319688385523
CE_KINGPAWNSHIELD:0.4949134036629764
CE_PIECECOORDINATION:0.479780512085947
CE_MATERIAL:0.4976667328728468
CE_KINGSAFETY:0.48666913765196657
C_PIECESQUARETABLES:0.5135801764616518
C_MOBILITY:0.48257200453213384
C_KINGSAFETY:0.5
C_PAWNSTRUCTURE:0.49962808396731045
C_PIECECOORDINATION:0.5388952025443989
C_ROOKANDPAWNMOVEMENT:0.5388952025443989
C_CENTERCONTROL:0.4914951938374249
C_DEVELOPPIECES:0.4960917834824396
C_MATERIAL:0.5056035457580171
C_MOVECOUNT:0.5013536673902028
