ELO:1000
CE_PASSEDPAWNS:0.5046107913522245
CE_PAWNWEAKNESSES:0.5072915662488287
CE_PIECEACTIVITY:0.43107294120104295
CE_KINGPAWNSHIELD:0.5091406105805454
CE_PIECECOORDINATION:0.4828223692866954
CE_MATERIAL:0.5173516091118627
CE_KINGSAFETY:0.4590339496574162
C_PIECESQUARETABLES:0.4205563045961652
C_MOBILITY:0.4741677389377096
C_KINGSAFETY:0.4983119501988385
C_PAWNSTRUCTURE:0.550684312871919
C_PIECECOORDINATION:0.5018808453095592
C_ROOKANDPAWNMOVEMENT:0.5018808453095592
C_CENTERCONTROL:0.47508990369022014
C_DEVELOPPIECES:0.5494193731478819
C_MATERIAL:0.48234732454585566
