ELO:1000
CE_PASSEDPAWNS:0.4763473626289969
CE_PAWNWEAKNESSES:0.5386231232038878
CE_PIECEACTIVITY:0.4506816361468002
CE_KINGPAWNSHIELD:0.5298203556795087
CE_PIECECOORDINATION:0.47148808350088145
CE_MATERIAL:0.5108778342021706
CE_KINGSAFETY:0.4899723380083364
C_PIECESQUARETABLES:0.42819634609204954
C_MOBILITY:0.5072239090531517
C_KINGSAFETY:0.5256273570280093
C_PAWNSTRUCTURE:0.5228104964187213
C_PIECECOORDINATION:0.4912104568660165
C_ROOKANDPAWNMOVEMENT:0.4912104568660165
C_CENTERCONTROL:0.4752999000870951
C_DEVELOPPIECES:0.5690197154314905
C_MATERIAL:0.4753606787199779
