ELO:1060
CE_PASSEDPAWNS:0.5263766509271866
CE_PAWNWEAKNESSES:0.5101304147258322
CE_PIECEACTIVITY:0.5062070219440435
CE_KINGPAWNSHIELD:0.5053802018525926
CE_PIECECOORDINATION:0.5
CE_MATERIAL:0.5061466910117326
CE_KINGSAFETY:0.5
C_PIECESQUARETABLES:0.5
C_MOBILITY:0.5108789503004801
C_KINGSAFETY:0.48597921413543727
C_PAWNSTRUCTURE:0.49886089381198834
C_PIECECOORDINATION:0.5138827603328362
C_ROOK:0.5177414041264156
CE_ROOK:0.512999247859989
C_CENTERCONTROL:0.5138805772355112
C_DEVELOPPIECES:0.48357526442606574
C_MATERIAL:0.5085119268006085
C_MOVECOUNT:0.49891662155735195
C_PAWNMOVEMENT:0.5037547385522029
