ELO:988
CE_PASSEDPAWNS:0.4944963735186806
CE_PAWNWEAKNESSES:0.4913894217189477
CE_PIECEACTIVITY:0.5
CE_KINGPAWNSHIELD:0.5
CE_PIECECOORDINATION:0.4912080031226757
CE_MATERIAL:0.4958477127909671
CE_KINGSAFETY:0.5
C_PIECESQUARETABLES:0.5
C_MOBILITY:0.5
C_KINGSAFETY:0.5
C_PAWNSTRUCTURE:0.5
C_PIECECOORDINATION:0.5042943494907429
C_ROOKANDPAWNMOVEMENT:0.5042943494907429
C_CENTERCONTROL:0.5
C_DEVELOPPIECES:0.49901683781820844
C_MATERIAL:0.5
C_MOVECOUNT:0.5
