ELO:975
CE_PASSEDPAWNS:0.4952200342755845
CE_PAWNWEAKNESSES:0.4862705165648145
CE_PIECEACTIVITY:0.519390653807518
CE_KINGPAWNSHIELD:0.5047162307700098
CE_PIECECOORDINATION:0.4775247459921857
CE_MATERIAL:0.5092423609002708
CE_KINGSAFETY:0.5
C_PIECESQUARETABLES:0.5
C_MOBILITY:0.5315616622872715
C_KINGSAFETY:0.5207976407728859
C_PAWNSTRUCTURE:0.48964808464117565
C_PIECECOORDINATION:0.4916032113188674
C_ROOKANDPAWNMOVEMENT:0.4916032113188674
C_CENTERCONTROL:0.5
C_DEVELOPPIECES:0.4826429303950705
C_MATERIAL:0.5054255890131629
C_MOVECOUNT:0.510102869106532
