ELO:1000
CE_PASSEDPAWNS:0.5147324484327818
CE_PAWNWEAKNESSES:0.504237044864145
CE_PIECEACTIVITY:0.5030025439781259
CE_KINGPAWNSHIELD:0.4982494688295192
CE_PIECECOORDINATION:0.4936526455643983
CE_MATERIAL:0.492517931229137
CE_KINGSAFETY:0.5015735396293913
C_PIECESQUARETABLES:0.49381444001006713
C_MOBILITY:0.4950084084847543
C_KINGSAFETY:0.4994265516763964
C_PAWNSTRUCTURE:0.5166302209474305
C_PIECECOORDINATION:0.4886793459818559
C_ROOK:0.4955670993502193
CE_ROOK:0.5109253566091475
C_CENTERCONTROL:0.4879826407029181
C_DEVELOPPIECES:0.49634484677017837
C_MATERIAL:0.5123610877320471
C_MOVECOUNT:0.4924833250386437
C_PAWNMOVEMENT:0.48889401716713116
