ELO:959
CE_PASSEDPAWNS:0.49653733900578484
CE_PAWNWEAKNESSES:0.4977946375836211
CE_PIECEACTIVITY:0.49955908802449106
CE_KINGPAWNSHIELD:0.49914355176732916
CE_PIECECOORDINATION:0.511052299623874
CE_MATERIAL:0.4745626079295787
CE_KINGSAFETY:0.49583859909911376
C_PIECESQUARETABLES:0.5023651740972169
C_MOBILITY:0.5124701222328528
C_KINGSAFETY:0.4917395732383399
C_PAWNSTRUCTURE:0.4923567750025225
C_PIECECOORDINATION:0.5068251580364164
C_ROOKANDPAWNMOVEMENT:0.5068251580364164
C_CENTERCONTROL:0.5060426764621738
C_DEVELOPPIECES:0.4859412591864104
C_MATERIAL:0.5314166783787045
C_MOVECOUNT:0.5
