ELO:1000
CE_PASSEDPAWNS:0.4690166130522734
CE_PAWNWEAKNESSES:0.4698059253996319
CE_PIECEACTIVITY:0.5922686816463373
CE_KINGPAWNSHIELD:0.5240720830534229
CE_PIECECOORDINATION:0.46022587846113766
CE_MATERIAL:0.4104797633379661
CE_KINGSAFETY:0.49358181344254387
C_PIECESQUARETABLES:0.5220576832819184
C_MOBILITY:0.493697836240002
C_KINGSAFETY:0.5251121715949243
C_PAWNSTRUCTURE:0.4562705141978321
C_PIECECOORDINATION:0.542301688921977
C_ROOKANDPAWNMOVEMENT:0.542301688921977
C_CENTERCONTROL:0.47907116559403734
C_DEVELOPPIECES:0.4714143462543863
C_MATERIAL:0.46623239422312485
