ELO:1008
CE_PASSEDPAWNS:0.5137381495913184
CE_PAWNWEAKNESSES:0.49596311506429913
CE_PIECEACTIVITY:0.4812473667790748
CE_KINGPAWNSHIELD:0.5
CE_PIECECOORDINATION:0.5203508081194972
CE_MATERIAL:0.47203312158824084
CE_KINGSAFETY:0.5146757109361115
C_PIECESQUARETABLES:0.5
C_MOBILITY:0.509644346095683
C_KINGSAFETY:0.5
C_PAWNSTRUCTURE:0.4981433109519832
C_PIECECOORDINATION:0.5
C_ROOKANDPAWNMOVEMENT:0.5
C_CENTERCONTROL:0.5
C_DEVELOPPIECES:0.5
C_MATERIAL:0.5172994799816206
C_MOVECOUNT:0.5
