ELO:945
CE_PASSEDPAWNS:0.4764151624578722
CE_PAWNWEAKNESSES:0.5672239800807287
CE_PIECEACTIVITY:0.47542289094104595
CE_KINGPAWNSHIELD:0.4499495425032389
CE_PIECECOORDINATION:0.470553662805522
CE_MATERIAL:0.4494904358815911
CE_KINGSAFETY:0.5085193667799398
C_PIECESQUARETABLES:0.5168915132591971
C_MOBILITY:0.40019072843645487
C_KINGSAFETY:0.5127090272298648
C_PAWNSTRUCTURE:0.5021782040350328
C_PIECECOORDINATION:0.559715699580346
C_ROOKANDPAWNMOVEMENT:0.559715699580346
C_CENTERCONTROL:0.5845935806490183
C_DEVELOPPIECES:0.5776478009295005
C_MATERIAL:0.4363561006276951
