ELO:1006
CE_PASSEDPAWNS:0.5043457051975868
CE_PAWNWEAKNESSES:0.5016756155661496
CE_PIECEACTIVITY:0.5105034752364932
CE_KINGPAWNSHIELD:0.5290645380756447
CE_PIECECOORDINATION:0.5058797365380556
CE_MATERIAL:0.48855192538658077
CE_KINGSAFETY:0.5078946778168145
C_PIECESQUARETABLES:0.489523096600746
C_MOBILITY:0.5091795218524752
C_KINGSAFETY:0.5146559042373935
C_PAWNSTRUCTURE:0.5025616547025984
C_PIECECOORDINATION:0.49467241430867265
C_ROOK:0.5
CE_ROOK:0.5
C_CENTERCONTROL:0.5124293563822184
C_DEVELOPPIECES:0.4784895965579311
C_MATERIAL:0.4967238131390095
C_MOVECOUNT:0.5041400444741697
C_PAWNMOVEMENT:0.5
