ELO:995
CE_PASSEDPAWNS:0.5046774381087566
CE_PAWNWEAKNESSES:0.5
CE_PIECEACTIVITY:0.5022210729879384
CE_KINGPAWNSHIELD:0.5000018783651157
CE_PIECECOORDINATION:0.4988645442654424
CE_MATERIAL:0.5072641955266524
CE_KINGSAFETY:0.5
C_PIECESQUARETABLES:0.5047534443678229
C_MOBILITY:0.509225975986132
C_KINGSAFETY:0.4973165223275002
C_PAWNSTRUCTURE:0.5
C_PIECECOORDINATION:0.4911140586476772
C_ROOKANDPAWNMOVEMENT:0.4911140586476772
C_CENTERCONTROL:0.4775761539555929
C_DEVELOPPIECES:0.5236366772490645
C_MATERIAL:0.4919289610012947
C_MOVECOUNT:0.5210652848592424
