ELO:1076
CE_PASSEDPAWNS:0.521696994521181
CE_PAWNWEAKNESSES:0.4957004956992261
CE_PIECEACTIVITY:0.49999247118596896
CE_KINGPAWNSHIELD:0.5142600735133351
CE_PIECECOORDINATION:0.5051767071925631
CE_MATERIAL:0.48755275926830105
CE_KINGSAFETY:0.5
C_PIECESQUARETABLES:0.5
C_MOBILITY:0.5097156983564551
C_KINGSAFETY:0.5102472978584247
C_PAWNSTRUCTURE:0.4718328714988731
C_PIECECOORDINATION:0.5255713582031676
C_ROOK:0.5177414041264156
CE_ROOK:0.48499253174775464
C_CENTERCONTROL:0.49209401281853055
C_DEVELOPPIECES:0.4647401750342283
C_MATERIAL:0.49310984108194894
C_MOVECOUNT:0.5
C_PAWNMOVEMENT:0.5199205352731827
