ELO:1000
CE_PASSEDPAWNS:0.5061496766823175
CE_PAWNWEAKNESSES:0.4970795495140489
CE_PIECEACTIVITY:0.444249645932935
CE_KINGPAWNSHIELD:0.5213850147872591
CE_PIECECOORDINATION:0.47811615037599337
CE_MATERIAL:0.48407200890946817
CE_KINGSAFETY:0.4951711160376909
C_PIECESQUARETABLES:0.489374152872972
C_MOBILITY:0.478418939207541
C_KINGSAFETY:0.502175584504614
C_PAWNSTRUCTURE:0.5491568552002609
C_PIECECOORDINATION:0.5005001430427741
C_ROOKANDPAWNMOVEMENT:0.5005001430427741
C_CENTERCONTROL:0.4889922034642479
C_DEVELOPPIECES:0.5420979670950765
C_MATERIAL:0.47899792541992203
