ELO:990
CE_PASSEDPAWNS:0.43324554554783606
CE_PAWNWEAKNESSES:0.44173566122333363
CE_PIECEACTIVITY:0.5757943192461131
CE_KINGPAWNSHIELD:0.5765599144192997
CE_PIECECOORDINATION:0.526251544983537
CE_MATERIAL:0.3696281220432055
CE_KINGSAFETY:0.46374262228161134
C_PIECESQUARETABLES:0.49358620730140107
C_MOBILITY:0.5557676979844378
C_KINGSAFETY:0.5285759877952814
C_PAWNSTRUCTURE:0.5195402647071721
C_PIECECOORDINATION:0.5132722937278825
C_ROOKANDPAWNMOVEMENT:0.5132722937278825
C_CENTERCONTROL:0.4286104918662139
C_DEVELOPPIECES:0.46563514434690845
C_MATERIAL:0.4701507820794274
