ELO:883
CE_PASSEDPAWNS:0.6226400810975754
CE_PAWNWEAKNESSES:0.43816368363551433
CE_PIECEACTIVITY:0.5650199750101185
CE_KINGPAWNSHIELD:0.554514754351988
CE_PIECECOORDINATION:0.5080740834648878
CE_MATERIAL:0.48368520734595466
CE_KINGSAFETY:0.5
C_PIECESQUARETABLES:0.5
C_MOBILITY:0.4734211052640779
C_KINGSAFETY:0.5116625577309161
C_PAWNSTRUCTURE:0.4603107457298666
C_PIECECOORDINATION:0.49219401281571695
C_ROOKANDPAWNMOVEMENT:0.49219401281571695
C_CENTERCONTROL:0.7077552726956953
C_DEVELOPPIECES:0.40249673737409386
C_MATERIAL:0.444914792710456
C_MOVECOUNT:0.5
