ELO:1057
CE_PASSEDPAWNS:0.49244450137678064
CE_PAWNWEAKNESSES:0.5101342833997289
CE_PIECEACTIVITY:0.5062070219440435
CE_KINGPAWNSHIELD:0.5142600735133351
CE_PIECECOORDINATION:0.5
CE_MATERIAL:0.5169957844604913
CE_KINGSAFETY:0.5
C_PIECESQUARETABLES:0.5
C_MOBILITY:0.5167331414723906
C_KINGSAFETY:0.48597921413543727
C_PAWNSTRUCTURE:0.49718218628047534
C_PIECECOORDINATION:0.5151692227716856
C_ROOK:0.4532034981946334
CE_ROOK:0.5046425883952697
C_CENTERCONTROL:0.5
C_DEVELOPPIECES:0.4831363253120554
C_MATERIAL:0.4797243308268542
C_MOVECOUNT:0.509723540237199
C_PAWNMOVEMENT:0.49552211294162307
