ELO:1061
CE_PASSEDPAWNS:0.49440136804619905
CE_PAWNWEAKNESSES:0.5121927572378715
CE_PIECEACTIVITY:0.5001184731529964
CE_KINGPAWNSHIELD:0.504482741216641
CE_PIECECOORDINATION:0.49283239456934247
CE_MATERIAL:0.5010211814414373
CE_KINGSAFETY:0.5
C_PIECESQUARETABLES:0.5
C_MOBILITY:0.5031260481860187
C_KINGSAFETY:0.48989903287257747
C_PAWNSTRUCTURE:0.49677725629861014
C_PIECECOORDINATION:0.5138827603328362
C_ROOK:0.4908040969293647
CE_ROOK:0.48763154770178085
C_CENTERCONTROL:0.4955996416714282
C_DEVELOPPIECES:0.48666823431634565
C_MATERIAL:0.5030436899418252
C_MOVECOUNT:0.49117731403886083
C_PAWNMOVEMENT:0.49482089210243535
