ELO:995
CE_PASSEDPAWNS:0.5327597196543642
CE_PAWNWEAKNESSES:0.48787905138226034
CE_PIECEACTIVITY:0.5136363438326212
CE_KINGPAWNSHIELD:0.4926247794475743
CE_PIECECOORDINATION:0.5096488898535003
CE_MATERIAL:0.53104973603831
CE_KINGSAFETY:0.5132967584040767
C_PIECESQUARETABLES:0.5
C_MOBILITY:0.4670851356955035
C_KINGSAFETY:0.5163016464147075
C_PAWNSTRUCTURE:0.49398517695527977
C_PIECECOORDINATION:0.5062307901687119
C_ROOKANDPAWNMOVEMENT:0.5062307901687119
C_CENTERCONTROL:0.4899216963349566
C_DEVELOPPIECES:0.49187212306469735
C_MATERIAL:0.48755005193927153
C_MOVECOUNT:0.5200400381142546
