ELO:1000
CE_PASSEDPAWNS:0.4880686648611769
CE_PAWNWEAKNESSES:0.5214444370282825
CE_PIECEACTIVITY:0.43789818140146675
CE_KINGPAWNSHIELD:0.5356653756746109
CE_PIECECOORDINATION:0.48482047356672064
CE_MATERIAL:0.4984988005065437
CE_KINGSAFETY:0.48686874506641825
C_PIECESQUARETABLES:0.4359554573099023
C_MOBILITY:0.4907692893837144
C_KINGSAFETY:0.5162465129347602
C_PAWNSTRUCTURE:0.5706698559885917
C_PIECECOORDINATION:0.49365455125789487
C_ROOKANDPAWNMOVEMENT:0.49365455125789487
C_CENTERCONTROL:0.46723637153487685
C_DEVELOPPIECES:0.5626878426445602
C_MATERIAL:0.47080988957990966
