ELO:924
CE_PASSEDPAWNS:0.48300774047554096
CE_PAWNWEAKNESSES:0.5335261459653176
CE_PIECEACTIVITY:0.48923699177509783
CE_KINGPAWNSHIELD:0.43121743078573566
CE_PIECECOORDINATION:0.4885734158859199
CE_MATERIAL:0.4485436693257437
CE_KINGSAFETY:0.49683785284681553
C_PIECESQUARETABLES:0.5171082491296399
C_MOBILITY:0.4228659384125342
C_KINGSAFETY:0.5061913129419363
C_PAWNSTRUCTURE:0.5832888555574727
C_PIECECOORDINATION:0.5827161557473786
C_ROOKANDPAWNMOVEMENT:0.5827161557473786
C_CENTERCONTROL:0.5743917879979943
C_DEVELOPPIECES:0.5587465886085137
C_MATERIAL:0.4658563509072037
