ELO:1130
CE_PASSEDPAWNS:0.5466984018163097
CE_PAWNWEAKNESSES:0.5
CE_PIECEACTIVITY:0.5042705760249254
CE_KINGPAWNSHIELD:0.4927302282431317
CE_PIECECOORDINATION:0.5104278836793662
CE_MATERIAL:0.48755275926830105
CE_KINGSAFETY:0.5
C_PIECESQUARETABLES:0.5
C_MOBILITY:0.5
C_KINGSAFETY:0.48928570113199704
C_PAWNSTRUCTURE:0.4649378781023648
C_PIECECOORDINATION:0.5051934982998185
C_ROOK:0.503932416167287
CE_ROOK:0.481432679306885
C_CENTERCONTROL:0.5
C_DEVELOPPIECES:0.5254485109542685
C_MATERIAL:0.502655588704928
C_MOVECOUNT:0.5100972410037712
C_PAWNMOVEMENT:0.48715733345721796
