ELO:1010
CE_PASSEDPAWNS:0.5147324484327818
CE_PAWNWEAKNESSES:0.504237044864145
CE_PIECEACTIVITY:0.4918608977051966
CE_KINGPAWNSHIELD:0.4982494688295192
CE_PIECECOORDINATION:0.4936526455643983
CE_MATERIAL:0.492517931229137
CE_KINGSAFETY:0.5
C_PIECESQUARETABLES:0.5
C_MOBILITY:0.4950084084847543
C_KINGSAFETY:0.5045683492786537
C_PAWNSTRUCTURE:0.5190522562999969
C_PIECECOORDINATION:0.4886793459818559
C_ROOK:0.49255076989096347
CE_ROOK:0.5109253566091475
C_CENTERCONTROL:0.5242540545969737
C_DEVELOPPIECES:0.49484430109301464
C_MATERIAL:0.48334466354300265
C_MOVECOUNT:0.4924833250386437
C_PAWNMOVEMENT:0.48889401716713116
