ELO:999
CE_PASSEDPAWNS:0.48603420802141045
CE_PAWNWEAKNESSES:0.5478466983012594
CE_PIECEACTIVITY:0.48984980529825967
CE_KINGPAWNSHIELD:0.45162687246243594
CE_PIECECOORDINATION:0.4523585848533388
CE_MATERIAL:0.4748555876095904
CE_KINGSAFETY:0.4879928452197037
C_PIECESQUARETABLES:0.5021339230228486
C_MOBILITY:0.4569721667420881
C_KINGSAFETY:0.5299755683189844
C_PAWNSTRUCTURE:0.5167838069857592
C_PIECECOORDINATION:0.5805536680511291
C_ROOKANDPAWNMOVEMENT:0.5805536680511291
C_CENTERCONTROL:0.5208411536039553
C_DEVELOPPIECES:0.5606486150793667
C_MATERIAL:0.46291901555313786
