ELO:998
CE_PASSEDPAWNS:0.4888902803980177
CE_PAWNWEAKNESSES:0.5111113709883387
CE_PIECEACTIVITY:0.5018398674561676
CE_KINGPAWNSHIELD:0.49203085551907155
CE_PIECECOORDINATION:0.5026533907714388
CE_MATERIAL:0.49828912238428347
CE_KINGSAFETY:0.49557787047994234
C_PIECESQUARETABLES:0.5005749513803153
C_MOBILITY:0.5113404940683384
C_KINGSAFETY:0.5079777664328555
C_PAWNSTRUCTURE:0.5003389682765692
C_PIECECOORDINATION:0.5010522416583874
C_ROOKANDPAWNMOVEMENT:0.5010522416583874
C_CENTERCONTROL:0.4991244716608035
C_DEVELOPPIECES:0.49876311522757766
C_MATERIAL:0.5172994799816206
C_MOVECOUNT:0.4979708933150852
