ELO:998
CE_PASSEDPAWNS:0.48338157751129557
CE_PAWNWEAKNESSES:0.4967186177348229
CE_PIECEACTIVITY:0.5014731341107387
CE_KINGPAWNSHIELD:0.4996933496506237
CE_PIECECOORDINATION:0.5138152310971298
CE_MATERIAL:0.513513255169399
CE_KINGSAFETY:0.5340325353871351
C_PIECESQUARETABLES:0.4819689831514907
C_MOBILITY:0.49465240504371966
C_KINGSAFETY:0.5
C_PAWNSTRUCTURE:0.5136691421762261
C_PIECECOORDINATION:0.475558219239173
C_ROOKANDPAWNMOVEMENT:0.475558219239173
C_CENTERCONTROL:0.499288443921326
C_DEVELOPPIECES:0.48604694847799057
C_MATERIAL:0.5267596338638287
