ELO:1065
CE_PASSEDPAWNS:0.5
CE_PAWNWEAKNESSES:0.487742882207167
CE_PIECEACTIVITY:0.48608314872715286
CE_KINGPAWNSHIELD:0.49573638947432386
CE_PIECECOORDINATION:0.49283239456934247
CE_MATERIAL:0.49140928926484095
CE_KINGSAFETY:0.5
C_PIECESQUARETABLES:0.5
C_MOBILITY:0.48865540621102704
C_KINGSAFETY:0.48597921413543727
C_PAWNSTRUCTURE:0.5
C_PIECECOORDINATION:0.5255713582031676
C_ROOK:0.5
CE_ROOK:0.5099838664214744
C_CENTERCONTROL:0.5002605612675087
C_DEVELOPPIECES:0.4922570811986294
C_MATERIAL:0.5
C_MOVECOUNT:0.49891662155735195
C_PAWNMOVEMENT:0.5033146514761775
