ELO:1008
CE_PASSEDPAWNS:0.5052945941416083
CE_PAWNWEAKNESSES:0.5006422312829267
CE_PIECEACTIVITY:0.5
CE_KINGPAWNSHIELD:0.5031008377349888
CE_PIECECOORDINATION:0.4878909062013949
CE_MATERIAL:0.5122607191349254
CE_KINGSAFETY:0.5
C_PIECESQUARETABLES:0.5
C_MOBILITY:0.5109849094959465
C_KINGSAFETY:0.5088370260498759
C_PAWNSTRUCTURE:0.5
C_PIECECOORDINATION:0.5
C_ROOKANDPAWNMOVEMENT:0.5
C_CENTERCONTROL:0.4986429076744816
C_DEVELOPPIECES:0.5119059568637833
C_MATERIAL:0.5
C_MOVECOUNT:0.49784344444411904
