ELO:1025
CE_PASSEDPAWNS:0.5123831151769884
CE_PAWNWEAKNESSES:0.5067511026222711
CE_PIECEACTIVITY:0.4778927706587082
CE_KINGPAWNSHIELD:0.4909310683150645
CE_PIECECOORDINATION:0.5
CE_MATERIAL:0.5
CE_KINGSAFETY:0.5
C_PIECESQUARETABLES:0.5
C_MOBILITY:0.54387804628315
C_KINGSAFETY:0.5036895625406393
C_PAWNSTRUCTURE:0.5024445288429544
C_PIECECOORDINATION:0.5245577126553166
C_ROOK:0.4823274963624567
CE_ROOK:0.4967430384803549
C_CENTERCONTROL:0.5039788871700898
C_DEVELOPPIECES:0.528437156584265
C_MATERIAL:0.4802209406683885
C_MOVECOUNT:0.5128536074138685
C_PAWNMOVEMENT:0.5018790929858505
