ELO:985
CE_PASSEDPAWNS:0.5240767564843484
CE_PAWNWEAKNESSES:0.5507441844629033
CE_PIECEACTIVITY:0.5017918775679019
CE_KINGPAWNSHIELD:0.4983298621053211
CE_PIECECOORDINATION:0.5165875885347805
CE_MATERIAL:0.533732465446487
CE_KINGSAFETY:0.5
C_PIECESQUARETABLES:0.5
C_MOBILITY:0.48631970798028007
C_KINGSAFETY:0.5077648690116056
C_PAWNSTRUCTURE:0.49700647051795827
C_PIECECOORDINATION:0.5090671864501586
C_ROOK:0.48168793802197885
CE_ROOK:0.5230223998808768
C_CENTERCONTROL:0.512843276845775
C_DEVELOPPIECES:0.4761905785399772
C_MATERIAL:0.464281602093942
C_MOVECOUNT:0.4908239890834365
C_PAWNMOVEMENT:0.5289739487821828
