ELO:975
CE_PASSEDPAWNS:0.5
CE_PAWNWEAKNESSES:0.4998723899579482
CE_PIECEACTIVITY:0.5039048487502138
CE_KINGPAWNSHIELD:0.5091945979836012
CE_PIECECOORDINATION:0.5059160351680154
CE_MATERIAL:0.4981983006607924
CE_KINGSAFETY:0.5141409711263119
C_PIECESQUARETABLES:0.5072877405134532
C_MOBILITY:0.5
C_KINGSAFETY:0.4803874045193294
C_PAWNSTRUCTURE:0.4880242166595326
C_PIECECOORDINATION:0.5
C_ROOKANDPAWNMOVEMENT:0.5
C_CENTERCONTROL:0.5090108592485134
C_DEVELOPPIECES:0.4917119401121124
C_MATERIAL:0.5059965398000964
C_MOVECOUNT:0.5042776774653293
