ELO:909
CE_PASSEDPAWNS:0.5091800263327737
CE_PAWNWEAKNESSES:0.4587441423084401
CE_PIECEACTIVITY:0.4995837144561262
CE_KINGPAWNSHIELD:0.554514754351988
CE_PIECECOORDINATION:0.4883381863896968
CE_MATERIAL:0.5537166575663154
CE_KINGSAFETY:0.5175821483469311
C_PIECESQUARETABLES:0.5157138329704966
C_MOBILITY:0.470884328072985
C_KINGSAFETY:0.5064212792405047
C_PAWNSTRUCTURE:0.508495708683039
C_PIECECOORDINATION:0.5514302489105956
C_ROOKANDPAWNMOVEMENT:0.5514302489105956
C_CENTERCONTROL:0.5988664572225119
C_DEVELOPPIECES:0.5001468294795672
C_MATERIAL:0.49355659976150024
C_MOVECOUNT:0.5
