ELO:1036
CE_PASSEDPAWNS:0.5380702369356082
CE_PAWNWEAKNESSES:0.503933769595215
CE_PIECEACTIVITY:0.5144750712005799
CE_KINGPAWNSHIELD:0.5209533767107821
CE_PIECECOORDINATION:0.5206120410843308
CE_MATERIAL:0.4872736127080947
CE_KINGSAFETY:0.5
C_PIECESQUARETABLES:0.5
C_MOBILITY:0.5027895105486977
C_KINGSAFETY:0.47209926224634857
C_PAWNSTRUCTURE:0.5123668856146419
C_PIECECOORDINATION:0.5015397872293177
C_ROOK:0.5313932189665644
CE_ROOK:0.4935121825709985
C_CENTERCONTROL:0.5050848026949407
C_DEVELOPPIECES:0.5022918890320295
C_MATERIAL:0.5039313586180075
C_MOVECOUNT:0.5008972420924181
C_PAWNMOVEMENT:0.49357453406377766
