ELO:1032
CE_PASSEDPAWNS:0.49287951532188656
CE_PAWNWEAKNESSES:0.503933769595215
CE_PIECEACTIVITY:0.48251174805305935
CE_KINGPAWNSHIELD:0.4934647489937365
CE_PIECECOORDINATION:0.5087590866043682
CE_MATERIAL:0.5007459510570645
CE_KINGSAFETY:0.5
C_PIECESQUARETABLES:0.5
C_MOBILITY:0.5027895105486977
C_KINGSAFETY:0.497067400002532
C_PAWNSTRUCTURE:0.4959800873894563
C_PIECECOORDINATION:0.5015397872293177
C_ROOK:0.5003972453986638
CE_ROOK:0.4935121825709985
C_CENTERCONTROL:0.49982403789115903
C_DEVELOPPIECES:0.5142867913900796
C_MATERIAL:0.49649630162887737
C_MOVECOUNT:0.48230721617460937
C_PAWNMOVEMENT:0.49357453406377766
