ELO:985
CE_PASSEDPAWNS:0.5
CE_PAWNWEAKNESSES:0.49872959034490016
CE_PIECEACTIVITY:0.5
CE_KINGPAWNSHIELD:0.5015314867403362
CE_PIECECOORDINATION:0.4959057709071751
CE_MATERIAL:0.5199924482568558
CE_KINGSAFETY:0.5
C_PIECESQUARETABLES:0.5115388950818416
C_MOBILITY:0.48631970798028007
C_KINGSAFETY:0.5077648690116056
C_PAWNSTRUCTURE:0.49700647051795827
C_PIECECOORDINATION:0.5003177279984702
C_ROOK:0.42798856952035885
CE_ROOK:0.5230223998808768
C_CENTERCONTROL:0.46564085067624067
C_DEVELOPPIECES:0.4761905785399772
C_MATERIAL:0.464281602093942
C_MOVECOUNT:0.48073797513413424
C_PAWNMOVEMENT:0.5289739487821828
