ELO:892
CE_PASSEDPAWNS:0.5220661136767404
CE_PAWNWEAKNESSES:0.5163933835375091
CE_PIECEACTIVITY:0.49357150996274374
CE_KINGPAWNSHIELD:0.48956679879473736
CE_PIECECOORDINATION:0.5425986788407883
CE_MATERIAL:0.5728956898596708
CE_KINGSAFETY:0.5
C_PIECESQUARETABLES:0.5
C_MOBILITY:0.5230686583804274
C_KINGSAFETY:0.5
C_PAWNSTRUCTURE:0.5289041205405077
C_PIECECOORDINATION:0.4764066537320234
C_ROOKANDPAWNMOVEMENT:0.4764066537320234
C_CENTERCONTROL:0.4116053257118687
C_DEVELOPPIECES:0.4758862816903907
C_MATERIAL:0.46519052604340305
C_MOVECOUNT:0.5
