ELO:1093
CE_PASSEDPAWNS:0.5035897724890314
CE_PAWNWEAKNESSES:0.5044329960416071
CE_PIECEACTIVITY:0.5
CE_KINGPAWNSHIELD:0.5
CE_PIECECOORDINATION:0.5073010566800819
CE_MATERIAL:0.5001637368908475
CE_KINGSAFETY:0.5002767852293453
C_PIECESQUARETABLES:0.5
C_MOBILITY:0.5160842992180833
C_KINGSAFETY:0.5
C_PAWNSTRUCTURE:0.5206507099618527
C_PIECECOORDINATION:0.5
C_ROOK:0.5220954383585551
CE_ROOK:0.5070894932473159
C_CENTERCONTROL:0.5059594052121952
C_DEVELOPPIECES:0.48754410081312055
C_MATERIAL:0.5
C_MOVECOUNT:0.5149046330463408
C_PAWNMOVEMENT:0.5
