ELO:974
CE_PASSEDPAWNS:0.5666408027663629
CE_PAWNWEAKNESSES:0.4538062995972527
CE_PIECEACTIVITY:0.44974200178252
CE_KINGPAWNSHIELD:0.4336204527454751
CE_PIECECOORDINATION:0.5047055757120018
CE_MATERIAL:0.46622647173381787
CE_KINGSAFETY:0.5
C_PIECESQUARETABLES:0.4991489066315166
C_MOBILITY:0.5048850351109873
C_KINGSAFETY:0.4488411638704394
C_PAWNSTRUCTURE:0.481245851229789
C_PIECECOORDINATION:0.49492100356011115
C_ROOKANDPAWNMOVEMENT:0.49492100356011115
C_CENTERCONTROL:0.5168980410819215
C_DEVELOPPIECES:0.47186189100928805
C_MATERIAL:0.5314088163956777
