ELO:1012
CE_PASSEDPAWNS:0.5
CE_PAWNWEAKNESSES:0.4841511776153373
CE_PIECEACTIVITY:0.5101344758176581
CE_KINGPAWNSHIELD:0.4959674636970038
CE_PIECECOORDINATION:0.49242938986973445
CE_MATERIAL:0.49592725411258465
CE_KINGSAFETY:0.5003803481446143
C_PIECESQUARETABLES:0.5104371642154932
C_MOBILITY:0.5056218797052572
C_KINGSAFETY:0.5
C_PAWNSTRUCTURE:0.5103204661430398
C_PIECECOORDINATION:0.5104146692360967
C_ROOKANDPAWNMOVEMENT:0.5104146692360967
C_CENTERCONTROL:0.4781036851067158
C_DEVELOPPIECES:0.493732350381142
C_MATERIAL:0.48124041259073597
C_MOVECOUNT:0.5
