ELO:976
CE_PASSEDPAWNS:0.49479786340834375
CE_PAWNWEAKNESSES:0.4793117099040974
CE_PIECEACTIVITY:0.5022451507589698
CE_KINGPAWNSHIELD:0.5001604122341765
CE_PIECECOORDINATION:0.4954537959791883
CE_MATERIAL:0.5071628490215788
CE_KINGSAFETY:0.4987570103098444
C_PIECESQUARETABLES:0.499641347902623
C_MOBILITY:0.509351862296429
C_KINGSAFETY:0.5062559763079529
C_PAWNSTRUCTURE:0.49846424922360494
C_PIECECOORDINATION:0.49709680409706153
C_ROOKANDPAWNMOVEMENT:0.49709680409706153
C_CENTERCONTROL:0.507882858604871
C_DEVELOPPIECES:0.5039380898610979
C_MATERIAL:0.5150813178146855
C_MOVECOUNT:0.5045439550762874
