ELO:957
CE_PASSEDPAWNS:0.5950293463466451
CE_PAWNWEAKNESSES:0.4583664486659531
CE_PIECEACTIVITY:0.4407163951990895
CE_KINGPAWNSHIELD:0.4476292790996419
CE_PIECECOORDINATION:0.5481371567256338
CE_MATERIAL:0.5017307180120641
CE_KINGSAFETY:0.5343809850153508
C_PIECESQUARETABLES:0.5010740037113451
C_MOBILITY:0.4739962181256377
C_KINGSAFETY:0.4214284028168761
C_PAWNSTRUCTURE:0.5299204920741014
C_PIECECOORDINATION:0.4701694392812628
C_ROOKANDPAWNMOVEMENT:0.4701694392812628
C_CENTERCONTROL:0.5970212751304896
C_DEVELOPPIECES:0.47818028488821385
C_MATERIAL:0.5273251617017523
