ELO:940
CE_PASSEDPAWNS:0.5239725852615876
CE_PAWNWEAKNESSES:0.5524575742648171
CE_PIECEACTIVITY:0.5031975999329991
CE_KINGPAWNSHIELD:0.4561113726451727
CE_PIECECOORDINATION:0.5321897809481388
CE_MATERIAL:0.456262160628787
CE_KINGSAFETY:0.5090817388013871
C_PIECESQUARETABLES:0.511225252032959
C_MOBILITY:0.4985371389945459
C_KINGSAFETY:0.4753110126784954
C_PAWNSTRUCTURE:0.5670876404973748
C_PIECECOORDINATION:0.49707032381261357
C_ROOKANDPAWNMOVEMENT:0.49707032381261357
C_CENTERCONTROL:0.5143416836785029
C_DEVELOPPIECES:0.5218034498670604
C_MATERIAL:0.5334500129420869
