ELO:1002
CE_PASSEDPAWNS:0.5114501357502074
CE_PAWNWEAKNESSES:0.50438636970484
CE_PIECEACTIVITY:0.5012692566083269
CE_KINGPAWNSHIELD:0.45816804668756456
CE_PIECECOORDINATION:0.5158741047257878
CE_MATERIAL:0.5008053237271735
CE_KINGSAFETY:0.5098974341922473
C_PIECESQUARETABLES:0.5117249326078718
C_MOBILITY:0.525372737602583
C_KINGSAFETY:0.5003211531963851
C_PAWNSTRUCTURE:0.5022338424382897
C_PIECECOORDINATION:0.49682868696651994
C_ROOKANDPAWNMOVEMENT:0.49682868696651994
C_CENTERCONTROL:0.4949561753418911
C_DEVELOPPIECES:0.4894642836786916
C_MATERIAL:0.4832231115584698
