ELO:1000
CE_PASSEDPAWNS:0.5141950043889468
CE_PAWNWEAKNESSES:0.48623809770663556
CE_PIECEACTIVITY:0.47769465278726164
CE_KINGPAWNSHIELD:0.46598618239420136
CE_PIECECOORDINATION:0.5123712536984976
CE_MATERIAL:0.49565935775485387
CE_KINGSAFETY:0.5359854062034759
C_PIECESQUARETABLES:0.48241708174825193
C_MOBILITY:0.467282277584792
C_KINGSAFETY:0.5220871963953627
C_PAWNSTRUCTURE:0.5174027495667016
C_PIECECOORDINATION:0.5156981388166201
C_ROOKANDPAWNMOVEMENT:0.5156981388166201
C_CENTERCONTROL:0.5104393004319502
C_DEVELOPPIECES:0.487277047630892
C_MATERIAL:0.48043581866739793
