ELO:922
CE_PASSEDPAWNS:0.5618732879150573
CE_PAWNWEAKNESSES:0.46122389879523634
CE_PIECEACTIVITY:0.5110539144129227
CE_KINGPAWNSHIELD:0.4804100417459846
CE_PIECECOORDINATION:0.49266687536849
CE_MATERIAL:0.5045364423342878
CE_KINGSAFETY:0.5227545283404399
C_PIECESQUARETABLES:0.5085160834260223
C_MOBILITY:0.5326012774523436
C_KINGSAFETY:0.47823624673204257
C_PAWNSTRUCTURE:0.48828195960020826
C_PIECECOORDINATION:0.4476402394965784
C_ROOKANDPAWNMOVEMENT:0.4476402394965784
C_CENTERCONTROL:0.439196177002351
C_DEVELOPPIECES:0.4971227616410903
C_MATERIAL:0.451037174299998
C_MOVECOUNT:0.4818948352284294
