ELO:870
CE_PASSEDPAWNS:0.5964356967708131
CE_PAWNWEAKNESSES:0.45881366578671734
CE_PIECEACTIVITY:0.5084693021020165
CE_KINGPAWNSHIELD:0.5114330849655194
CE_PIECECOORDINATION:0.5862281860935853
CE_MATERIAL:0.4888510570194586
CE_KINGSAFETY:0.49809805134346347
C_PIECESQUARETABLES:0.546805744607211
C_MOBILITY:0.4731571617981546
C_KINGSAFETY:0.4716340269381567
C_PAWNSTRUCTURE:0.51161844284563
C_PIECECOORDINATION:0.48878139851414704
C_ROOKANDPAWNMOVEMENT:0.48878139851414704
C_CENTERCONTROL:0.5796115373196206
C_DEVELOPPIECES:0.52447553158675
C_MATERIAL:0.53974460442954
