ELO:1002
CE_PASSEDPAWNS:0.5
CE_PAWNWEAKNESSES:0.4775111748838287
CE_PIECEACTIVITY:0.5
CE_KINGPAWNSHIELD:0.5138155788568479
CE_PIECECOORDINATION:0.5
CE_MATERIAL:0.4995736612683241
CE_KINGSAFETY:0.5
C_PIECESQUARETABLES:0.5
C_MOBILITY:0.5
C_KINGSAFETY:0.5004748845704408
C_PAWNSTRUCTURE:0.5
C_PIECECOORDINATION:0.5
C_ROOKANDPAWNMOVEMENT:0.5
C_CENTERCONTROL:0.5058656058412322
C_DEVELOPPIECES:0.5
C_MATERIAL:0.4855228292098863
C_MOVECOUNT:0.4944062563771566
