ELO:977
CE_PASSEDPAWNS:0.49172129440606427
CE_PAWNWEAKNESSES:0.48914728462206264
CE_PIECEACTIVITY:0.5033263472516287
CE_KINGPAWNSHIELD:0.49043704483458145
CE_PIECECOORDINATION:0.4982777585465521
CE_MATERIAL:0.4977476876822824
CE_KINGSAFETY:0.5
C_PIECESQUARETABLES:0.5045624821026035
C_MOBILITY:0.5
C_KINGSAFETY:0.5084340699743664
C_PAWNSTRUCTURE:0.48781914798774084
C_PIECECOORDINATION:0.5
C_ROOKANDPAWNMOVEMENT:0.5
C_CENTERCONTROL:0.5203737339224592
C_DEVELOPPIECES:0.5
C_MATERIAL:0.4993831436503458
C_MOVECOUNT:0.5
