ELO:806
CE_PASSEDPAWNS:0.5364403743164147
CE_PAWNWEAKNESSES:0.42341053806414775
CE_PIECEACTIVITY:0.4732073296560473
CE_KINGPAWNSHIELD:0.5091312790641168
CE_PIECECOORDINATION:0.4933678824461515
CE_MATERIAL:0.4156268375460557
CE_KINGSAFETY:0.46456809630147644
C_PIECESQUARETABLES:0.4289186721531975
C_MOBILITY:0.5129106323806591
C_KINGSAFETY:0.5145480055643983
C_PAWNSTRUCTURE:0.5802337058602278
C_PIECECOORDINATION:0.5844971703097652
C_ROOKANDPAWNMOVEMENT:0.5844971703097652
C_CENTERCONTROL:0.5065536811231168
C_DEVELOPPIECES:0.5822292087629138
C_MATERIAL:0.42268800596921663
