ELO:982
CE_PASSEDPAWNS:0.6000295312897227
CE_PAWNWEAKNESSES:0.49168647659213477
CE_PIECEACTIVITY:0.49728948232753545
CE_KINGPAWNSHIELD:0.4923957896356925
CE_PIECECOORDINATION:0.50586890710073
CE_MATERIAL:0.4184299455437971
CE_KINGSAFETY:0.5048129522927461
C_PIECESQUARETABLES:0.4988963143758789
C_MOBILITY:0.4964518706509032
C_KINGSAFETY:0.5259674535461657
C_PAWNSTRUCTURE:0.5069511366609648
C_PIECECOORDINATION:0.5267274731709907
C_ROOKANDPAWNMOVEMENT:0.5267274731709907
C_CENTERCONTROL:0.5068824629722227
C_DEVELOPPIECES:0.5795936896134785
C_MATERIAL:0.5427464384818859
