ELO:941
CE_PASSEDPAWNS:0.5435485680007087
CE_PAWNWEAKNESSES:0.41811351498327526
CE_PIECEACTIVITY:0.481565519018825
CE_KINGPAWNSHIELD:0.5170441783967459
CE_PIECECOORDINATION:0.48815125383368735
CE_MATERIAL:0.43406429867656393
CE_KINGSAFETY:0.49326954479936447
C_PIECESQUARETABLES:0.4926053828380904
C_MOBILITY:0.5062256638699693
C_KINGSAFETY:0.5227549832856638
C_PAWNSTRUCTURE:0.5222998110190958
C_PIECECOORDINATION:0.5553371629780571
C_ROOKANDPAWNMOVEMENT:0.5553371629780571
C_CENTERCONTROL:0.5419818829554485
C_DEVELOPPIECES:0.6252364908249783
C_MATERIAL:0.5428153296509705
