ELO:1027
CE_PASSEDPAWNS:0.4382366343002822
CE_PAWNWEAKNESSES:0.5437963069793471
CE_PIECEACTIVITY:0.506817147132987
CE_KINGPAWNSHIELD:0.5193975284710797
CE_PIECECOORDINATION:0.5243871740157307
CE_MATERIAL:0.46390162583549976
CE_KINGSAFETY:0.5
C_PIECESQUARETABLES:0.5
C_MOBILITY:0.5397636901310329
C_KINGSAFETY:0.4799786319705516
C_PAWNSTRUCTURE:0.4995214772625877
C_PIECECOORDINATION:0.530973405250158
C_ROOKANDPAWNMOVEMENT:0.530973405250158
C_CENTERCONTROL:0.4859264972931986
C_DEVELOPPIECES:0.4479754420637271
C_MATERIAL:0.5158074081322398
