ELO:1000
CE_PASSEDPAWNS:0.5126779756906416
CE_PAWNWEAKNESSES:0.4867906050659606
CE_PIECEACTIVITY:0.5094616804560764
CE_KINGPAWNSHIELD:0.48313996437246115
CE_PIECECOORDINATION:0.5052564833227091
CE_MATERIAL:0.5098729419767166
CE_KINGSAFETY:0.5002454112353872
C_PIECESQUARETABLES:0.4998731086904852
C_MOBILITY:0.502670350914378
C_KINGSAFETY:0.5054745314533103
C_PAWNSTRUCTURE:0.5037090856238096
C_PIECECOORDINATION:0.5
C_ROOKANDPAWNMOVEMENT:0.5
C_CENTERCONTROL:0.49277151750386633
C_DEVELOPPIECES:0.4966173959621133
C_MATERIAL:0.5
