ELO:1003
CE_PASSEDPAWNS:0.4841151605903541
CE_PAWNWEAKNESSES:0.5
CE_PIECEACTIVITY:0.5020869188885532
CE_KINGPAWNSHIELD:0.5091062708330787
CE_PIECECOORDINATION:0.5263031917502097
CE_MATERIAL:0.5064661152402773
CE_KINGSAFETY:0.5
C_PIECESQUARETABLES:0.5
C_MOBILITY:0.48304155941452737
C_KINGSAFETY:0.4802234662474188
C_PAWNSTRUCTURE:0.5146350504785769
C_PIECECOORDINATION:0.5101377630039627
C_ROOK:0.46544478874179224
CE_ROOK:0.5366552892179991
C_CENTERCONTROL:0.4973729449371697
C_DEVELOPPIECES:0.5027437252250663
C_MATERIAL:0.5024675932608175
C_MOVECOUNT:0.4960042907501276
C_PAWNMOVEMENT:0.49754667027655064
