ELO:898
CE_PASSEDPAWNS:0.5938537066933766
CE_PAWNWEAKNESSES:0.4884890103834875
CE_PIECEACTIVITY:0.5057408902477404
CE_KINGPAWNSHIELD:0.48625270346521837
CE_PIECECOORDINATION:0.5732790229682666
CE_MATERIAL:0.47619880614781757
CE_KINGSAFETY:0.4926859610889145
C_PIECESQUARETABLES:0.5375030707257094
C_MOBILITY:0.48596425930056536
C_KINGSAFETY:0.41366083315312097
C_PAWNSTRUCTURE:0.5479324238138344
C_PIECECOORDINATION:0.47158391541178635
C_ROOKANDPAWNMOVEMENT:0.47158391541178635
C_CENTERCONTROL:0.5913230714213862
C_DEVELOPPIECES:0.5326471077916746
C_MATERIAL:0.5438864936652357
