ELO:1173
CE_PASSEDPAWNS:0.405484255145064
CE_PAWNWEAKNESSES:0.46066378515145545
CE_PIECEACTIVITY:0.43844923946753683
CE_KINGPAWNSHIELD:0.46457514495981544
CE_PIECECOORDINATION:0.5186002697884646
CE_MATERIAL:0.493723997509786
CE_KINGSAFETY:0.5
C_PIECESQUARETABLES:0.5
C_MOBILITY:0.3937691759390352
C_KINGSAFETY:0.3948765310991503
C_PAWNSTRUCTURE:0.5640325692816265
C_PIECECOORDINATION:0.5889764467176994
C_ROOKANDPAWNMOVEMENT:0.5889764467176994
C_CENTERCONTROL:0.5298254162019529
C_DEVELOPPIECES:0.4508259825802135
C_MATERIAL:0.6310644924673378
