ELO:1014
CE_PASSEDPAWNS:0.5518366238926496
CE_PAWNWEAKNESSES:0.4789495460804471
CE_PIECEACTIVITY:0.521488860884993
CE_KINGPAWNSHIELD:0.4971801166841826
CE_PIECECOORDINATION:0.494549804544735
CE_MATERIAL:0.4148346593388069
CE_KINGSAFETY:0.49728504360794146
C_PIECESQUARETABLES:0.45959940892347045
C_MOBILITY:0.4797969831610955
C_KINGSAFETY:0.5425306981333862
C_PAWNSTRUCTURE:0.5065541381729741
C_PIECECOORDINATION:0.528611441669152
C_ROOKANDPAWNMOVEMENT:0.528611441669152
C_CENTERCONTROL:0.49784192412231143
C_DEVELOPPIECES:0.5659090897749514
C_MATERIAL:0.5278236526133795
