ELO:1040
CE_PASSEDPAWNS:0.47428961058948177
CE_PAWNWEAKNESSES:0.5247287781109924
CE_PIECEACTIVITY:0.4861133235204811
CE_KINGPAWNSHIELD:0.5
CE_PIECECOORDINATION:0.5087590866043682
CE_MATERIAL:0.5042222192627882
CE_KINGSAFETY:0.5
C_PIECESQUARETABLES:0.5
C_MOBILITY:0.5080002006717624
C_KINGSAFETY:0.5084578881449698
C_PAWNSTRUCTURE:0.4984238162774086
C_PIECECOORDINATION:0.5027445464555604
C_ROOK:0.505855737548092
CE_ROOK:0.5057337175583507
C_CENTERCONTROL:0.5050848026949407
C_DEVELOPPIECES:0.4980236793900829
C_MATERIAL:0.49893203429691124
C_MOVECOUNT:0.4615734026604893
C_PAWNMOVEMENT:0.4992136450606166
