ELO:961
CE_PASSEDPAWNS:0.48846899547547645
CE_PAWNWEAKNESSES:0.485223110808736
CE_PIECEACTIVITY:0.49955961683880434
CE_KINGPAWNSHIELD:0.49718796842833257
CE_PIECECOORDINATION:0.5
CE_MATERIAL:0.5837098840305288
CE_KINGSAFETY:0.45640883365490903
C_PIECESQUARETABLES:0.5455198326231492
C_MOBILITY:0.48350731259045254
C_KINGSAFETY:0.4981080962150639
C_PAWNSTRUCTURE:0.4900343611429813
C_PIECECOORDINATION:0.5283264457011883
C_ROOKANDPAWNMOVEMENT:0.5283264457011883
C_CENTERCONTROL:0.5842071670277783
C_DEVELOPPIECES:0.5123903327333602
C_MATERIAL:0.5
C_MOVECOUNT:0.5
