ELO:948
CE_PASSEDPAWNS:0.5644031994561477
CE_PAWNWEAKNESSES:0.4699999846226201
CE_PIECEACTIVITY:0.48711219413604895
CE_KINGPAWNSHIELD:0.49982762902854955
CE_PIECECOORDINATION:0.4819035383315673
CE_MATERIAL:0.4183536646648017
CE_KINGSAFETY:0.4798986774242708
C_PIECESQUARETABLES:0.5355916878623298
C_MOBILITY:0.500847720432878
C_KINGSAFETY:0.5225911825344889
C_PAWNSTRUCTURE:0.5350666814019057
C_PIECECOORDINATION:0.5383182432069226
C_ROOKANDPAWNMOVEMENT:0.5383182432069226
C_CENTERCONTROL:0.5517058549778191
C_DEVELOPPIECES:0.6255118936694015
C_MATERIAL:0.5470786648922079
