ELO:988
CE_PASSEDPAWNS:0.49479786340834375
CE_PAWNWEAKNESSES:0.4793117099040974
CE_PIECEACTIVITY:0.49554825552616566
CE_KINGPAWNSHIELD:0.5001604122341765
CE_PIECECOORDINATION:0.5070301783770976
CE_MATERIAL:0.5150117622373932
CE_KINGSAFETY:0.4987570103098444
C_PIECESQUARETABLES:0.480327581727906
C_MOBILITY:0.509351862296429
C_KINGSAFETY:0.5023856377148452
C_PAWNSTRUCTURE:0.49785017345080407
C_PIECECOORDINATION:0.49546658002459026
C_ROOKANDPAWNMOVEMENT:0.49546658002459026
C_CENTERCONTROL:0.507882858604871
C_DEVELOPPIECES:0.5155718602402702
C_MATERIAL:0.5150813178146855
C_MOVECOUNT:0.5102641202279932
