ELO:974
CE_PASSEDPAWNS:0.5138150635038015
CE_PAWNWEAKNESSES:0.6246558811371837
CE_PIECEACTIVITY:0.49529683851616224
CE_KINGPAWNSHIELD:0.45353037440588756
CE_PIECECOORDINATION:0.5407568805352011
CE_MATERIAL:0.5053078182872043
CE_KINGSAFETY:0.5
C_PIECESQUARETABLES:0.5
C_MOBILITY:0.47508133500457905
C_KINGSAFETY:0.5320555547750236
C_PAWNSTRUCTURE:0.487011235458674
C_PIECECOORDINATION:0.504797639208933
C_ROOKANDPAWNMOVEMENT:0.504797639208933
C_CENTERCONTROL:0.5024710810035632
C_DEVELOPPIECES:0.48632840289606444
C_MATERIAL:0.5081909365883732
C_MOVECOUNT:0.483350021326857
