ELO:964
CE_PASSEDPAWNS:0.5083137908133136
CE_PAWNWEAKNESSES:0.48703760448760686
CE_PIECEACTIVITY:0.491355587244187
CE_KINGPAWNSHIELD:0.4885995538087606
CE_PIECECOORDINATION:0.5262386673574365
CE_MATERIAL:0.5072677713112468
CE_KINGSAFETY:0.5
C_PIECESQUARETABLES:0.5
C_MOBILITY:0.5334959054257902
C_KINGSAFETY:0.5145101035112698
C_PAWNSTRUCTURE:0.5093122671439013
C_PIECECOORDINATION:0.5
C_ROOKANDPAWNMOVEMENT:0.5
C_CENTERCONTROL:0.5012070964366854
C_DEVELOPPIECES:0.4969113177021927
C_MATERIAL:0.4894552241907365
C_MOVECOUNT:0.5
