ELO:998
CE_PASSEDPAWNS:0.4950323328986977
CE_PAWNWEAKNESSES:0.4920843985532382
CE_PIECEACTIVITY:0.5020250809596417
CE_KINGPAWNSHIELD:0.5036457368124595
CE_PIECECOORDINATION:0.5026533907714388
CE_MATERIAL:0.5
CE_KINGSAFETY:0.49115615005400187
C_PIECESQUARETABLES:0.5111610212672741
C_MOBILITY:0.4948156877719365
C_KINGSAFETY:0.4909376259627646
C_PAWNSTRUCTURE:0.5074796136567596
C_PIECECOORDINATION:0.501682674119514
C_ROOKANDPAWNMOVEMENT:0.501682674119514
C_CENTERCONTROL:0.5062342049271668
C_DEVELOPPIECES:0.4914749979913734
C_MATERIAL:0.49233470366521237
C_MOVECOUNT:0.5102725024231083
