ELO:967
CE_PASSEDPAWNS:0.5004331930635796
CE_PAWNWEAKNESSES:0.5114042865186431
CE_PIECEACTIVITY:0.4910478377542397
CE_KINGPAWNSHIELD:0.4600101646173656
CE_PIECECOORDINATION:0.47013247585884566
CE_MATERIAL:0.49619885681249215
CE_KINGSAFETY:0.48366688218656717
C_PIECESQUARETABLES:0.44144728818599493
C_MOBILITY:0.5176102525300524
C_KINGSAFETY:0.5270543690080132
C_PAWNSTRUCTURE:0.4691407122027885
C_PIECECOORDINATION:0.4974932935160828
C_ROOKANDPAWNMOVEMENT:0.4974932935160828
C_CENTERCONTROL:0.5121648029752016
C_DEVELOPPIECES:0.5446970919775685
C_MATERIAL:0.4834974681799395
C_MOVECOUNT:0.5
