ELO:1011
CE_PASSEDPAWNS:0.5065815136650538
CE_PAWNWEAKNESSES:0.5
CE_PIECEACTIVITY:0.5
CE_KINGPAWNSHIELD:0.5
CE_PIECECOORDINATION:0.5058820102969732
CE_MATERIAL:0.5
CE_KINGSAFETY:0.49694997376742045
C_PIECESQUARETABLES:0.5027702283727716
C_MOBILITY:0.4902522138144453
C_KINGSAFETY:0.5068923184828222
C_PAWNSTRUCTURE:0.5087661220786568
C_PIECECOORDINATION:0.4939822877014159
C_ROOKANDPAWNMOVEMENT:0.4939822877014159
C_CENTERCONTROL:0.5018916146387119
C_DEVELOPPIECES:0.4820143184425009
C_MATERIAL:0.48798659999160077
C_MOVECOUNT:0.5
