ELO:992
CE_PASSEDPAWNS:0.49611611622759694
CE_PAWNWEAKNESSES:0.49095223702033813
CE_PIECEACTIVITY:0.5055079705541365
CE_KINGPAWNSHIELD:0.5122666429956899
CE_PIECECOORDINATION:0.5127806643488982
CE_MATERIAL:0.47406151152458953
CE_KINGSAFETY:0.5
C_PIECESQUARETABLES:0.5
C_MOBILITY:0.47656242612073507
C_KINGSAFETY:0.46549251813746473
C_PAWNSTRUCTURE:0.5359318020701782
C_PIECECOORDINATION:0.48877308861273566
C_ROOK:0.5313932189665644
CE_ROOK:0.49462461461644436
C_CENTERCONTROL:0.5359882418433312
C_DEVELOPPIECES:0.468576943974531
C_MATERIAL:0.4898058172239515
C_MOVECOUNT:0.47267920689212456
C_PAWNMOVEMENT:0.4908667279518836
