ELO:955
CE_PASSEDPAWNS:0.4776165827430839
CE_PAWNWEAKNESSES:0.5891784393395187
CE_PIECEACTIVITY:0.4857429561233869
CE_KINGPAWNSHIELD:0.46544706368821026
CE_PIECECOORDINATION:0.4586670972834057
CE_MATERIAL:0.5054875539798551
CE_KINGSAFETY:0.49218131240891155
C_PIECESQUARETABLES:0.5057023476517397
C_MOBILITY:0.4242609817765486
C_KINGSAFETY:0.5082552923883177
C_PAWNSTRUCTURE:0.4643070936842339
C_PIECECOORDINATION:0.5346062169017367
C_ROOKANDPAWNMOVEMENT:0.5346062169017367
C_CENTERCONTROL:0.4917518209558269
C_DEVELOPPIECES:0.6178058214376927
C_MATERIAL:0.4972037376322814
