ELO:989
CE_PASSEDPAWNS:0.5173704905577534
CE_PAWNWEAKNESSES:0.5405599595296305
CE_PIECEACTIVITY:0.4840249714112697
CE_KINGPAWNSHIELD:0.5068356026886205
CE_PIECECOORDINATION:0.51094681982628
CE_MATERIAL:0.5455530651582128
CE_KINGSAFETY:0.512732028993247
C_PIECESQUARETABLES:0.5053196988563629
C_MOBILITY:0.45933064285036196
C_KINGSAFETY:0.5048404661468554
C_PAWNSTRUCTURE:0.43456619914636757
C_PIECECOORDINATION:0.5174469955302812
C_ROOKANDPAWNMOVEMENT:0.5174469955302812
C_CENTERCONTROL:0.5138851183841372
C_DEVELOPPIECES:0.5862549584487183
C_MATERIAL:0.5123617205937211
