ELO:1000
CE_PASSEDPAWNS:0.5037075404153446
CE_PAWNWEAKNESSES:0.4592664996846664
CE_PIECEACTIVITY:0.5233625057499743
CE_KINGPAWNSHIELD:0.4429585023775038
CE_PIECECOORDINATION:0.4021231126508708
CE_MATERIAL:0.4811817382828531
CE_KINGSAFETY:0.5137473955153777
C_PIECESQUARETABLES:0.46838482539763426
C_MOBILITY:0.4761461482531344
C_KINGSAFETY:0.4307211677195567
C_PAWNSTRUCTURE:0.518949971729894
C_PIECECOORDINATION:0.4549525991675509
C_ROOKANDPAWNMOVEMENT:0.4549525991675509
C_CENTERCONTROL:0.5160918106235116
C_DEVELOPPIECES:0.4740756662071773
C_MATERIAL:0.4114666600096052
