ELO:978
CE_PASSEDPAWNS:0.494422029098029
CE_PAWNWEAKNESSES:0.5072187810891357
CE_PIECEACTIVITY:0.5168202630175345
CE_KINGPAWNSHIELD:0.5
CE_PIECECOORDINATION:0.5159745293720834
CE_MATERIAL:0.5301206334184383
CE_KINGSAFETY:0.49694856622419736
C_PIECESQUARETABLES:0.47909981644788013
C_MOBILITY:0.4939385132845133
C_KINGSAFETY:0.47291651802790363
C_PAWNSTRUCTURE:0.5007591354682749
C_PIECECOORDINATION:0.5053828481464196
C_ROOKANDPAWNMOVEMENT:0.5053828481464196
C_CENTERCONTROL:0.5150300005783155
C_DEVELOPPIECES:0.48926711558692915
C_MATERIAL:0.5305965879797453
C_MOVECOUNT:0.5
