ELO:973
CE_PASSEDPAWNS:0.5060412400791849
CE_PAWNWEAKNESSES:0.49389537720903315
CE_PIECEACTIVITY:0.5075580162538305
CE_KINGPAWNSHIELD:0.5100246007146025
CE_PIECECOORDINATION:0.5031100471232455
CE_MATERIAL:0.5021446160217115
CE_KINGSAFETY:0.48986530128891853
C_PIECESQUARETABLES:0.5
C_MOBILITY:0.5021476917047302
C_KINGSAFETY:0.49617010023447844
C_PAWNSTRUCTURE:0.48853626055555155
C_PIECECOORDINATION:0.49251074633618075
C_ROOKANDPAWNMOVEMENT:0.49251074633618075
C_CENTERCONTROL:0.49810635706258966
C_DEVELOPPIECES:0.47490535689748337
C_MATERIAL:0.45970110832496885
C_MOVECOUNT:0.5034133902001485
