ELO:981
CE_PASSEDPAWNS:0.53130015186957
CE_PAWNWEAKNESSES:0.5167757496254228
CE_PIECEACTIVITY:0.48271837678094376
CE_KINGPAWNSHIELD:0.5108193124067895
CE_PIECECOORDINATION:0.5181762803876194
CE_MATERIAL:0.4855466208374563
CE_KINGSAFETY:0.5
C_PIECESQUARETABLES:0.5
C_MOBILITY:0.5336001281886635
C_KINGSAFETY:0.4758017581405702
C_PAWNSTRUCTURE:0.5301823033193035
C_PIECECOORDINATION:0.49880658112518755
C_ROOK:0.5477372164773524
CE_ROOK:0.47223245986281115
C_CENTERCONTROL:0.4724910272393146
C_DEVELOPPIECES:0.4968278524840384
C_MATERIAL:0.5149368980010848
C_MOVECOUNT:0.5174252478471064
C_PAWNMOVEMENT:0.5191277456000347
