ELO:993
CE_PASSEDPAWNS:0.47528534702393244
CE_PAWNWEAKNESSES:0.48650640009220947
CE_PIECEACTIVITY:0.5020869188885532
CE_KINGPAWNSHIELD:0.5446437150919401
CE_PIECECOORDINATION:0.5146193776241559
CE_MATERIAL:0.5054980911351014
CE_KINGSAFETY:0.5
C_PIECESQUARETABLES:0.5
C_MOBILITY:0.4946803584072096
C_KINGSAFETY:0.4540954444205863
C_PAWNSTRUCTURE:0.5223063244860757
C_PIECECOORDINATION:0.5101377630039627
C_ROOK:0.5362745065726938
CE_ROOK:0.4713968484833899
C_CENTERCONTROL:0.49513549206104046
C_DEVELOPPIECES:0.48150149913570944
C_MATERIAL:0.510744599751835
C_MOVECOUNT:0.4804020707242641
C_PAWNMOVEMENT:0.4979153639216027
