ELO:954
CE_PASSEDPAWNS:0.5153266892970719
CE_PAWNWEAKNESSES:0.5142366042990997
CE_PIECEACTIVITY:0.481384396981946
CE_KINGPAWNSHIELD:0.4175034611969839
CE_PIECECOORDINATION:0.4979039863458785
CE_MATERIAL:0.46571596480137795
CE_KINGSAFETY:0.48401968622003655
C_PIECESQUARETABLES:0.5168731487900475
C_MOBILITY:0.5920982977333601
C_KINGSAFETY:0.5307202531437231
C_PAWNSTRUCTURE:0.5133461697151411
C_PIECECOORDINATION:0.5561848633315717
C_ROOKANDPAWNMOVEMENT:0.5561848633315717
C_CENTERCONTROL:0.4937153456650893
C_DEVELOPPIECES:0.4775155147050852
C_MATERIAL:0.5816153596803711
