ELO:997
CE_PASSEDPAWNS:0.4994415805030238
CE_PAWNWEAKNESSES:0.49596311506429913
CE_PIECEACTIVITY:0.5
CE_KINGPAWNSHIELD:0.5
CE_PIECECOORDINATION:0.47644154019964174
CE_MATERIAL:0.4986443331435658
CE_KINGSAFETY:0.5
C_PIECESQUARETABLES:0.4918045561834076
C_MOBILITY:0.49834064160153474
C_KINGSAFETY:0.5106905990989106
C_PAWNSTRUCTURE:0.5001089092113067
C_PIECECOORDINATION:0.5060306665254837
C_ROOKANDPAWNMOVEMENT:0.5060306665254837
C_CENTERCONTROL:0.5026794371587093
C_DEVELOPPIECES:0.5140123085611326
C_MATERIAL:0.5165832009604113
C_MOVECOUNT:0.5158274077456414
