ELO:1007
CE_PASSEDPAWNS:0.4799881493745263
CE_PAWNWEAKNESSES:0.47895060299917785
CE_PIECEACTIVITY:0.4942451485575602
CE_KINGPAWNSHIELD:0.505600996666318
CE_PIECECOORDINATION:0.5
CE_MATERIAL:0.5012592136656742
CE_KINGSAFETY:0.5
C_PIECESQUARETABLES:0.5
C_MOBILITY:0.48680338548366536
C_KINGSAFETY:0.4997412166422791
C_PAWNSTRUCTURE:0.5095171561242149
C_PIECECOORDINATION:0.4878110391381716
C_ROOKANDPAWNMOVEMENT:0.4878110391381716
C_CENTERCONTROL:0.4892159748478409
C_DEVELOPPIECES:0.5
C_MATERIAL:0.5017149659870312
C_MOVECOUNT:0.5
