ELO:1000
CE_PASSEDPAWNS:0.5279079764177766
CE_PAWNWEAKNESSES:0.500173410541008
CE_PIECEACTIVITY:0.4785746095728132
CE_KINGPAWNSHIELD:0.5031729228216791
CE_PIECECOORDINATION:0.4941311802084481
CE_MATERIAL:0.4863976056914239
CE_KINGSAFETY:0.49691877916661503
C_PIECESQUARETABLES:0.4953387022269265
C_MOBILITY:0.4812109322449669
C_KINGSAFETY:0.5051601756960464
C_PAWNSTRUCTURE:0.47643423203974
C_PIECECOORDINATION:0.508225946442206
C_ROOKANDPAWNMOVEMENT:0.508225946442206
C_CENTERCONTROL:0.4835790624817391
C_DEVELOPPIECES:0.49360714831234626
C_MATERIAL:0.4808425708968737
