ELO:937
CE_PASSEDPAWNS:0.5116827675700757
CE_PAWNWEAKNESSES:0.49831440290774787
CE_PIECEACTIVITY:0.48143987218088136
CE_KINGPAWNSHIELD:0.42819062442443945
CE_PIECECOORDINATION:0.4979039863458785
CE_MATERIAL:0.47107434165627515
CE_KINGSAFETY:0.4882625411416611
C_PIECESQUARETABLES:0.5013398492429171
C_MOBILITY:0.5624809096253762
C_KINGSAFETY:0.5293779773632188
C_PAWNSTRUCTURE:0.5126457514909997
C_PIECECOORDINATION:0.5532256034429822
C_ROOKANDPAWNMOVEMENT:0.5532256034429822
C_CENTERCONTROL:0.4981135636806377
C_DEVELOPPIECES:0.4683109376226097
C_MATERIAL:0.5860711857802284
