ELO:984
CE_PASSEDPAWNS:0.5023242071447442
CE_PAWNWEAKNESSES:0.4727622424362822
CE_PIECEACTIVITY:0.5
CE_KINGPAWNSHIELD:0.5036457368124595
CE_PIECECOORDINATION:0.5
CE_MATERIAL:0.5098392049998903
CE_KINGSAFETY:0.5
C_PIECESQUARETABLES:0.48573188897948977
C_MOBILITY:0.46341870650385464
C_KINGSAFETY:0.47601277718222085
C_PAWNSTRUCTURE:0.5139027283282201
C_PIECECOORDINATION:0.5023584860529232
C_ROOKANDPAWNMOVEMENT:0.5023584860529232
C_CENTERCONTROL:0.501140379935508
C_DEVELOPPIECES:0.47966146554209393
C_MATERIAL:0.516801980371477
C_MOVECOUNT:0.5015624099031012
