ELO:554
CE_PASSEDPAWNS:0.5684709321552787
CE_PAWNWEAKNESSES:0.42223259219959186
CE_PIECEACTIVITY:0.5689941186172619
CE_KINGPAWNSHIELD:0.49729243424205444
CE_PIECECOORDINATION:0.5439442595714588
CE_MATERIAL:0.5455447438966092
CE_KINGSAFETY:0.567562279577003
C_PIECESQUARETABLES:0.5839227466967448
C_MOBILITY:0.5180223081090506
C_KINGSAFETY:0.434371509034486
C_PAWNSTRUCTURE:0.46933976781001246
C_PIECECOORDINATION:0.4156968082151863
C_ROOKANDPAWNMOVEMENT:0.4156968082151863
C_CENTERCONTROL:0.40606973906396227
C_DEVELOPPIECES:0.35909225725752025
C_MATERIAL:0.5037541133396536
C_MOVECOUNT:0.5
