ELO:818
CE_PASSEDPAWNS:0.40060447471091404
CE_PAWNWEAKNESSES:0.5166942180085521
CE_PIECEACTIVITY:0.5175648834245936
CE_KINGPAWNSHIELD:0.45817337923943974
CE_PIECECOORDINATION:0.46086650484643793
CE_MATERIAL:0.4974148924817085
CE_KINGSAFETY:0.4538354445436095
C_PIECESQUARETABLES:0.5072019782101592
C_MOBILITY:0.4979181909738482
C_KINGSAFETY:0.5124743231632733
C_PAWNSTRUCTURE:0.53233829031112
C_PIECECOORDINATION:0.5421806908780886
C_ROOKANDPAWNMOVEMENT:0.5421806908780886
C_CENTERCONTROL:0.518230254790641
C_DEVELOPPIECES:0.5426969846877678
C_MATERIAL:0.43654372541419956
C_MOVECOUNT:0.46520186224662474
