ELO:900
CE_PASSEDPAWNS:0.5000319021156474
CE_PAWNWEAKNESSES:0.530743373020389
CE_PIECEACTIVITY:0.4797087443460756
CE_KINGPAWNSHIELD:0.48875202819297
CE_PIECECOORDINATION:0.4929562627687753
CE_MATERIAL:0.4517735156922568
CE_KINGSAFETY:0.5063897316183195
C_PIECESQUARETABLES:0.5040973426851273
C_MOBILITY:0.4392262801358859
C_KINGSAFETY:0.48491749989426447
C_PAWNSTRUCTURE:0.498476938069369
C_PIECECOORDINATION:0.487628096188171
C_ROOK:0.47376255361756436
CE_ROOK:0.516896572230485
C_CENTERCONTROL:0.5514974806862595
C_DEVELOPPIECES:0.539433292094861
C_MATERIAL:0.49829096827945185
C_MOVECOUNT:0.4600338938967317
C_PAWNMOVEMENT:0.49325088284707397
