ELO:631
CE_PASSEDPAWNS:0.608185883171164
CE_PAWNWEAKNESSES:0.42451516926166105
CE_PIECEACTIVITY:0.5529555352053385
CE_KINGPAWNSHIELD:0.5239743052009652
CE_PIECECOORDINATION:0.5190689230977706
CE_MATERIAL:0.5295436173443967
CE_KINGSAFETY:0.48692922364337116
C_PIECESQUARETABLES:0.5590375966351457
C_MOBILITY:0.5146538626586766
C_KINGSAFETY:0.49490140950567274
C_PAWNSTRUCTURE:0.48610051312601227
C_PIECECOORDINATION:0.43460240512968956
C_ROOKANDPAWNMOVEMENT:0.43460240512968956
C_CENTERCONTROL:0.42126081020279454
C_DEVELOPPIECES:0.3982749175515358
C_MATERIAL:0.49953604782508104
C_MOVECOUNT:0.5
