ELO:999
CE_PASSEDPAWNS:0.4928954389065185
CE_PAWNWEAKNESSES:0.5079565641139596
CE_PIECEACTIVITY:0.5
CE_KINGPAWNSHIELD:0.5115125690075428
CE_PIECECOORDINATION:0.5074019309043799
CE_MATERIAL:0.5
CE_KINGSAFETY:0.5
C_PIECESQUARETABLES:0.5007305688568026
C_MOBILITY:0.5104413717894642
C_KINGSAFETY:0.5
C_PAWNSTRUCTURE:0.5
C_PIECECOORDINATION:0.5
C_ROOK:0.5
CE_ROOK:0.5
C_CENTERCONTROL:0.5080245272198051
C_DEVELOPPIECES:0.5
C_MATERIAL:0.5
C_MOVECOUNT:0.5084657702037374
C_PAWNMOVEMENT:0.5
