ELO:987
CE_PASSEDPAWNS:0.4815346390085095
CE_PAWNWEAKNESSES:0.5103755039239893
CE_PIECEACTIVITY:0.49091765915685487
CE_KINGPAWNSHIELD:0.5
CE_PIECECOORDINATION:0.5235575044113745
CE_MATERIAL:0.5069585791226916
CE_KINGSAFETY:0.5
C_PIECESQUARETABLES:0.5
C_MOBILITY:0.5
C_KINGSAFETY:0.4979248670429261
C_PAWNSTRUCTURE:0.5
C_PIECECOORDINATION:0.5101342225646751
C_ROOKANDPAWNMOVEMENT:0.5101342225646751
C_CENTERCONTROL:0.508980453162482
C_DEVELOPPIECES:0.4889276810900888
C_MATERIAL:0.492062995706922
C_MOVECOUNT:0.5
