ELO:958
CE_PASSEDPAWNS:0.5004331930635796
CE_PAWNWEAKNESSES:0.5114042865186431
CE_PIECEACTIVITY:0.4910478377542397
CE_KINGPAWNSHIELD:0.466285902710217
CE_PIECECOORDINATION:0.4816990546369151
CE_MATERIAL:0.4974266006424891
CE_KINGSAFETY:0.4766610232117068
C_PIECESQUARETABLES:0.45993774100111345
C_MOBILITY:0.5176102525300524
C_KINGSAFETY:0.5213371493438376
C_PAWNSTRUCTURE:0.4652095975825709
C_PIECECOORDINATION:0.4974932935160828
C_ROOKANDPAWNMOVEMENT:0.4974932935160828
C_CENTERCONTROL:0.5130548935594396
C_DEVELOPPIECES:0.5243422105806467
C_MATERIAL:0.48664957908173506
C_MOVECOUNT:0.5
