ELO:977
CE_PASSEDPAWNS:0.487024496827214
CE_PAWNWEAKNESSES:0.536078862407532
CE_PIECEACTIVITY:0.5088428038130095
CE_KINGPAWNSHIELD:0.4434635438759746
CE_PIECECOORDINATION:0.48822131912387
CE_MATERIAL:0.443888030856676
CE_KINGSAFETY:0.48333191838925516
C_PIECESQUARETABLES:0.525652894322233
C_MOBILITY:0.5688077967416952
C_KINGSAFETY:0.49896379939284247
C_PAWNSTRUCTURE:0.5037707844638769
C_PIECECOORDINATION:0.5445993808216875
C_ROOKANDPAWNMOVEMENT:0.5445993808216875
C_CENTERCONTROL:0.5309088838020685
C_DEVELOPPIECES:0.4095307514159315
C_MATERIAL:0.5930833924272896
