ELO:900
CE_PASSEDPAWNS:0.5048610425880434
CE_PAWNWEAKNESSES:0.48240717670713307
CE_PIECEACTIVITY:0.4846137682433222
CE_KINGPAWNSHIELD:0.5026860246120768
CE_PIECECOORDINATION:0.5255897134222769
CE_MATERIAL:0.5119408369539756
CE_KINGSAFETY:0.5058162406381892
C_PIECESQUARETABLES:0.5318289445648016
C_MOBILITY:0.46694791727990614
C_KINGSAFETY:0.5330354608627688
C_PAWNSTRUCTURE:0.5001247336714559
C_PIECECOORDINATION:0.5398517750564987
C_ROOKANDPAWNMOVEMENT:0.5398517750564987
C_CENTERCONTROL:0.4976447744149609
C_DEVELOPPIECES:0.5053775311383113
C_MATERIAL:0.5099607115939766
C_MOVECOUNT:0.4836359997403705
