ELO:1000
CE_PASSEDPAWNS:0.5126752190919915
CE_PAWNWEAKNESSES:0.5117693353310698
CE_PIECEACTIVITY:0.4989408691991708
CE_KINGPAWNSHIELD:0.49852052506661676
CE_PIECECOORDINATION:0.5028182688616057
CE_MATERIAL:0.4941468258109249
CE_KINGSAFETY:0.514310397806198
C_PIECESQUARETABLES:0.5
C_MOBILITY:0.4993991789779561
C_KINGSAFETY:0.5
C_PAWNSTRUCTURE:0.49284537777588955
C_PIECECOORDINATION:0.5
C_ROOKANDPAWNMOVEMENT:0.5
C_CENTERCONTROL:0.49632803914555496
C_DEVELOPPIECES:0.5052462224930576
C_MATERIAL:0.5024990532183745
