ELO:987
CE_PASSEDPAWNS:0.5034179507920505
CE_PAWNWEAKNESSES:0.4920843985532382
CE_PIECEACTIVITY:0.49643768090138957
CE_KINGPAWNSHIELD:0.5036457368124595
CE_PIECECOORDINATION:0.5026533907714388
CE_MATERIAL:0.5
CE_KINGSAFETY:0.49115615005400187
C_PIECESQUARETABLES:0.5111610212672741
C_MOBILITY:0.49921311182764394
C_KINGSAFETY:0.4909376259627646
C_PAWNSTRUCTURE:0.5074796136567596
C_PIECECOORDINATION:0.501682674119514
C_ROOKANDPAWNMOVEMENT:0.501682674119514
C_CENTERCONTROL:0.4971792429306682
C_DEVELOPPIECES:0.5000727403376266
C_MATERIAL:0.49233470366521237
C_MOVECOUNT:0.5102725024231083
