ELO:913
CE_PASSEDPAWNS:0.4286028617058895
CE_PAWNWEAKNESSES:0.5469170589835743
CE_PIECEACTIVITY:0.5181921341014238
CE_KINGPAWNSHIELD:0.4989837505106258
CE_PIECECOORDINATION:0.4828754811727858
CE_MATERIAL:0.5060940437212393
CE_KINGSAFETY:0.49160880647152716
C_PIECESQUARETABLES:0.5019338186057315
C_MOBILITY:0.5163226276534201
C_KINGSAFETY:0.47428774933142004
C_PAWNSTRUCTURE:0.4903214840710528
C_PIECECOORDINATION:0.5166343800850677
C_ROOKANDPAWNMOVEMENT:0.5166343800850677
C_CENTERCONTROL:0.5063342133079882
C_DEVELOPPIECES:0.5386926944292804
C_MATERIAL:0.468692724178146
C_MOVECOUNT:0.47075486741197553
