ELO:1000
CE_PASSEDPAWNS:0.498078677232966
CE_PAWNWEAKNESSES:0.5292143515101836
CE_PIECEACTIVITY:0.4928324659212452
CE_KINGPAWNSHIELD:0.5084207321029136
CE_PIECECOORDINATION:0.4890665615591837
CE_MATERIAL:0.5136745603355002
CE_KINGSAFETY:0.5087816269460588
C_PIECESQUARETABLES:0.5069806268266296
C_MOBILITY:0.4746884088996417
C_KINGSAFETY:0.510215707540179
C_PAWNSTRUCTURE:0.4974676563277698
C_PIECECOORDINATION:0.479831866148643
C_ROOKANDPAWNMOVEMENT:0.479831866148643
C_CENTERCONTROL:0.4838082972710809
C_DEVELOPPIECES:0.5269657821213181
C_MATERIAL:0.486966441307346
