ELO:1000
CE_PASSEDPAWNS:0.5175490813990618
CE_PAWNWEAKNESSES:0.5275312767310377
CE_PIECEACTIVITY:0.49576121921687527
CE_KINGPAWNSHIELD:0.5049324554902119
CE_PIECECOORDINATION:0.47312173449143785
CE_MATERIAL:0.5232710580745871
CE_KINGSAFETY:0.5077590975247456
C_PIECESQUARETABLES:0.5155352439342138
C_MOBILITY:0.4765582159246962
C_KINGSAFETY:0.49577209970554315
C_PAWNSTRUCTURE:0.4930421493637765
C_PIECECOORDINATION:0.47091278616269605
C_ROOKANDPAWNMOVEMENT:0.47091278616269605
C_CENTERCONTROL:0.495692496819117
C_DEVELOPPIECES:0.5283612903857835
C_MATERIAL:0.48394765781398524
