ELO:950
CE_PASSEDPAWNS:0.48024704241705135
CE_PAWNWEAKNESSES:0.5902900342449988
CE_PIECEACTIVITY:0.48183069947233326
CE_KINGPAWNSHIELD:0.47446480795195645
CE_PIECECOORDINATION:0.43254659758481595
CE_MATERIAL:0.5380049435110116
CE_KINGSAFETY:0.5195217439224236
C_PIECESQUARETABLES:0.544481538834286
C_MOBILITY:0.43329980386542966
C_KINGSAFETY:0.5119318622179453
C_PAWNSTRUCTURE:0.46876935635798006
C_PIECECOORDINATION:0.5547671357034357
C_ROOKANDPAWNMOVEMENT:0.5547671357034357
C_CENTERCONTROL:0.4854646313643257
C_DEVELOPPIECES:0.6388032801663737
C_MATERIAL:0.49786064883648673
