ELO:1000
CE_PASSEDPAWNS:0.4856682442934851
CE_PAWNWEAKNESSES:0.4902655811992269
CE_PIECEACTIVITY:0.49312586054067953
CE_KINGPAWNSHIELD:0.49245760183930093
CE_PIECECOORDINATION:0.41180893140033015
CE_MATERIAL:0.5180434097580641
CE_KINGSAFETY:0.5247074418279786
C_PIECESQUARETABLES:0.5470253734732731
C_MOBILITY:0.49837230377867103
C_KINGSAFETY:0.49670085431953864
C_PAWNSTRUCTURE:0.5064382161937195
C_PIECECOORDINATION:0.526330017057075
C_ROOKANDPAWNMOVEMENT:0.526330017057075
C_CENTERCONTROL:0.5062788942758939
C_DEVELOPPIECES:0.44649261441401794
C_MATERIAL:0.4378092318739751
