ELO:587
CE_PASSEDPAWNS:0.5673628347873207
CE_PAWNWEAKNESSES:0.4165479180612178
CE_PIECEACTIVITY:0.5738450655174082
CE_KINGPAWNSHIELD:0.5153991308773989
CE_PIECECOORDINATION:0.5257392087265982
CE_MATERIAL:0.5436769276264949
CE_KINGSAFETY:0.5615678062837289
C_PIECESQUARETABLES:0.5346334166818899
C_MOBILITY:0.5093192389688713
C_KINGSAFETY:0.46653487057393195
C_PAWNSTRUCTURE:0.4761931047059759
C_PIECECOORDINATION:0.455795765957944
C_ROOKANDPAWNMOVEMENT:0.455795765957944
C_CENTERCONTROL:0.4239977097062081
C_DEVELOPPIECES:0.378582711865228
C_MATERIAL:0.49437458922782046
C_MOVECOUNT:0.5
