ELO:981
CE_PASSEDPAWNS:0.47367088845350896
CE_PAWNWEAKNESSES:0.5167757496254228
CE_PIECEACTIVITY:0.4875292227157648
CE_KINGPAWNSHIELD:0.5108193124067895
CE_PIECECOORDINATION:0.5181762803876194
CE_MATERIAL:0.45870151250114954
CE_KINGSAFETY:0.5
C_PIECESQUARETABLES:0.5
C_MOBILITY:0.5104904546886989
C_KINGSAFETY:0.5042149466053881
C_PAWNSTRUCTURE:0.5301823033193035
C_PIECECOORDINATION:0.5108897887253867
C_ROOK:0.5087179678736831
CE_ROOK:0.47223245986281115
C_CENTERCONTROL:0.4724910272393146
C_DEVELOPPIECES:0.4968278524840384
C_MATERIAL:0.5149368980010848
C_MOVECOUNT:0.4986445121917264
C_PAWNMOVEMENT:0.5191277456000347
