ELO:911
CE_PASSEDPAWNS:0.490959729662467
CE_PAWNWEAKNESSES:0.5129769584057249
CE_PIECEACTIVITY:0.45974254374033136
CE_KINGPAWNSHIELD:0.47245057985334493
CE_PIECECOORDINATION:0.4929562627687753
CE_MATERIAL:0.4517735156922568
CE_KINGSAFETY:0.5087069255072231
C_PIECESQUARETABLES:0.49294062283030526
C_MOBILITY:0.4503869421762462
C_KINGSAFETY:0.5142891414088778
C_PAWNSTRUCTURE:0.4933357296741485
C_PIECECOORDINATION:0.4994675304146608
C_ROOK:0.4887707437422096
CE_ROOK:0.516896572230485
C_CENTERCONTROL:0.5448648594066491
C_DEVELOPPIECES:0.558246003438059
C_MATERIAL:0.48734182975542534
C_MOVECOUNT:0.4702415688674915
C_PAWNMOVEMENT:0.49876401027366346
