ELO:981
CE_PASSEDPAWNS:0.53130015186957
CE_PAWNWEAKNESSES:0.5268437846969595
CE_PIECEACTIVITY:0.48271837678094376
CE_KINGPAWNSHIELD:0.4769414116665576
CE_PIECECOORDINATION:0.4889165545014354
CE_MATERIAL:0.5157412594743321
CE_KINGSAFETY:0.5
C_PIECESQUARETABLES:0.5
C_MOBILITY:0.526203782170374
C_KINGSAFETY:0.525636592926838
C_PAWNSTRUCTURE:0.4991405291164287
C_PIECECOORDINATION:0.49880658112518755
C_ROOK:0.4687912571360782
CE_ROOK:0.5563534349585727
C_CENTERCONTROL:0.4724910272393146
C_DEVELOPPIECES:0.4968278524840384
C_MATERIAL:0.5149368980010848
C_MOVECOUNT:0.5077527861775265
C_PAWNMOVEMENT:0.5113606104920677
