ELO:982
CE_PASSEDPAWNS:0.5395940357987586
CE_PAWNWEAKNESSES:0.5176967883504003
CE_PIECEACTIVITY:0.5037215909402065
CE_KINGPAWNSHIELD:0.5000857738359081
CE_PIECECOORDINATION:0.5181762803876194
CE_MATERIAL:0.47959152558517915
CE_KINGSAFETY:0.5
C_PIECESQUARETABLES:0.5
C_MOBILITY:0.5018801004654291
C_KINGSAFETY:0.5051040791393723
C_PAWNSTRUCTURE:0.5133292092187679
C_PIECECOORDINATION:0.5200822114595114
C_ROOK:0.5477372164773524
CE_ROOK:0.5081147283467238
C_CENTERCONTROL:0.47132817856933606
C_DEVELOPPIECES:0.507849194541683
C_MATERIAL:0.461953192972692
C_MOVECOUNT:0.500335795010359
C_PAWNMOVEMENT:0.4799926178745808
