ELO:1000
CE_PASSEDPAWNS:0.5074795787097797
CE_PAWNWEAKNESSES:0.47511496054283486
CE_PIECEACTIVITY:0.5037602702949516
CE_KINGPAWNSHIELD:0.47672601581787494
CE_PIECECOORDINATION:0.4438512616554669
CE_MATERIAL:0.46931218349075754
CE_KINGSAFETY:0.4969035896684342
C_PIECESQUARETABLES:0.4575226951238695
C_MOBILITY:0.45671739881587264
C_KINGSAFETY:0.4353679213905209
C_PAWNSTRUCTURE:0.5270148538477103
C_PIECECOORDINATION:0.500962256782885
C_ROOKANDPAWNMOVEMENT:0.500962256782885
C_CENTERCONTROL:0.5003966387775208
C_DEVELOPPIECES:0.4726854071940799
C_MATERIAL:0.43975295843825074
