ELO:989
CE_PASSEDPAWNS:0.4923808345419865
CE_PAWNWEAKNESSES:0.49285906148551145
CE_PIECEACTIVITY:0.4857756249149437
CE_KINGPAWNSHIELD:0.5085343481836502
CE_PIECECOORDINATION:0.5109216136653367
CE_MATERIAL:0.4682652174469037
CE_KINGSAFETY:0.4964647928812876
C_PIECESQUARETABLES:0.5
C_MOBILITY:0.5039585598873106
C_KINGSAFETY:0.48180718833842895
C_PAWNSTRUCTURE:0.4743573875596826
C_PIECECOORDINATION:0.49638103667560846
C_ROOK:0.5036002241428856
CE_ROOK:0.4818953574108553
C_CENTERCONTROL:0.495554756504643
C_DEVELOPPIECES:0.5048266984126069
C_MATERIAL:0.4982341905273578
C_MOVECOUNT:0.48510093237810364
C_PAWNMOVEMENT:0.49786241608362025
