ELO:983
CE_PASSEDPAWNS:0.5065425811322163
CE_PAWNWEAKNESSES:0.5436166437173608
CE_PIECEACTIVITY:0.4922789467445749
CE_KINGPAWNSHIELD:0.43039631590139593
CE_PIECECOORDINATION:0.5049150012492434
CE_MATERIAL:0.4448074220245649
CE_KINGSAFETY:0.47727456090249915
C_PIECESQUARETABLES:0.5195449709232487
C_MOBILITY:0.5528497598001734
C_KINGSAFETY:0.509604862912836
C_PAWNSTRUCTURE:0.5092145423335785
C_PIECECOORDINATION:0.551885431047044
C_ROOKANDPAWNMOVEMENT:0.551885431047044
C_CENTERCONTROL:0.5248113598251215
C_DEVELOPPIECES:0.40920457008069794
C_MATERIAL:0.5905161774524483
