ELO:990
CE_PASSEDPAWNS:0.519144775271523
CE_PAWNWEAKNESSES:0.4715236950883577
CE_PIECEACTIVITY:0.5264429894240691
CE_KINGPAWNSHIELD:0.5348933842696323
CE_PIECECOORDINATION:0.4804853219555397
CE_MATERIAL:0.46541711566174354
CE_KINGSAFETY:0.5
C_PIECESQUARETABLES:0.4911435136071079
C_MOBILITY:0.5839343141989827
C_KINGSAFETY:0.5250912115677565
C_PAWNSTRUCTURE:0.4698355532319048
C_PIECECOORDINATION:0.49481266204964397
C_ROOKANDPAWNMOVEMENT:0.49481266204964397
C_CENTERCONTROL:0.42894235410171383
C_DEVELOPPIECES:0.4354212939766876
C_MATERIAL:0.6234991122067586
