ELO:995
CE_PASSEDPAWNS:0.49446495379176103
CE_PAWNWEAKNESSES:0.4936960121178602
CE_PIECEACTIVITY:0.49042974098330283
CE_KINGPAWNSHIELD:0.49621812879657334
CE_PIECECOORDINATION:0.506649422025934
CE_MATERIAL:0.5046030771730341
CE_KINGSAFETY:0.487637455394419
C_PIECESQUARETABLES:0.5065523211448639
C_MOBILITY:0.4861018259071425
C_KINGSAFETY:0.4911394187983591
C_PAWNSTRUCTURE:0.4701098963569965
C_PIECECOORDINATION:0.49467569982193466
C_ROOK:0.5018618519876304
CE_ROOK:0.5213466745832035
C_CENTERCONTROL:0.49857608229399303
C_DEVELOPPIECES:0.5297237521320304
C_MATERIAL:0.4930676773336994
C_MOVECOUNT:0.49033123690640723
C_PAWNMOVEMENT:0.48112404594293534
