ELO:988
CE_PASSEDPAWNS:0.5260571433244642
CE_PAWNWEAKNESSES:0.48199997013461077
CE_PIECEACTIVITY:0.5133857040382862
CE_KINGPAWNSHIELD:0.542603462243025
CE_PIECECOORDINATION:0.4812433783694688
CE_MATERIAL:0.4694181679613265
CE_KINGSAFETY:0.4859871102131132
C_PIECESQUARETABLES:0.4782853056147084
C_MOBILITY:0.5950152113248234
C_KINGSAFETY:0.5324639742653535
C_PAWNSTRUCTURE:0.4698355532319048
C_PIECECOORDINATION:0.49481266204964397
C_ROOKANDPAWNMOVEMENT:0.49481266204964397
C_CENTERCONTROL:0.42894235410171383
C_DEVELOPPIECES:0.4354212939766876
C_MATERIAL:0.6234991122067586
