ELO:1000
CE_PASSEDPAWNS:0.5288316426888815
CE_PAWNWEAKNESSES:0.4661871800004254
CE_PIECEACTIVITY:0.5075180501646375
CE_KINGPAWNSHIELD:0.49383722026550275
CE_PIECECOORDINATION:0.47602067029980805
CE_MATERIAL:0.4994909313601138
CE_KINGSAFETY:0.49450186754875985
C_PIECESQUARETABLES:0.47942734253042785
C_MOBILITY:0.45720390446534315
C_KINGSAFETY:0.44902115938165255
C_PAWNSTRUCTURE:0.5111473585192042
C_PIECECOORDINATION:0.5022326690048005
C_ROOKANDPAWNMOVEMENT:0.5022326690048005
C_CENTERCONTROL:0.5023992785906684
C_DEVELOPPIECES:0.49699022748539246
C_MATERIAL:0.4853786028032343
