ELO:1000
CE_PASSEDPAWNS:0.5272576541724415
CE_PAWNWEAKNESSES:0.5469935132530436
CE_PIECEACTIVITY:0.4879768516031147
CE_KINGPAWNSHIELD:0.5047783544932448
CE_PIECECOORDINATION:0.4840221636581652
CE_MATERIAL:0.5279057860779094
CE_KINGSAFETY:0.4917912347577882
C_PIECESQUARETABLES:0.5025443435670448
C_MOBILITY:0.4875979159310752
C_KINGSAFETY:0.4958235669791871
C_PAWNSTRUCTURE:0.4988888437765344
C_PIECECOORDINATION:0.4818647562164096
C_ROOKANDPAWNMOVEMENT:0.4818647562164096
C_CENTERCONTROL:0.4895679648967607
C_DEVELOPPIECES:0.5196434841743129
C_MATERIAL:0.48665566826747986
