ELO:1000
CE_PASSEDPAWNS:0.4945279960463392
CE_PAWNWEAKNESSES:0.5257030687762532
CE_PIECEACTIVITY:0.4479566662048635
CE_KINGPAWNSHIELD:0.5089196979385646
CE_PIECECOORDINATION:0.47372317387402196
CE_MATERIAL:0.5038556148647925
CE_KINGSAFETY:0.5026736433896563
C_PIECESQUARETABLES:0.5213991491989564
C_MOBILITY:0.5027784292164724
C_KINGSAFETY:0.5303955352518818
C_PAWNSTRUCTURE:0.4793548141156451
C_PIECECOORDINATION:0.49077560566675543
C_ROOKANDPAWNMOVEMENT:0.49077560566675543
C_CENTERCONTROL:0.4808939980912033
C_DEVELOPPIECES:0.4922035126229416
C_MATERIAL:0.4996084646024023
