ELO:1000
CE_PASSEDPAWNS:0.4877056044064688
CE_PAWNWEAKNESSES:0.5
CE_PIECEACTIVITY:0.4944953269125571
CE_KINGPAWNSHIELD:0.5
CE_PIECECOORDINATION:0.49553979603912723
CE_MATERIAL:0.5
CE_KINGSAFETY:0.5
C_PIECESQUARETABLES:0.5057359927898423
C_MOBILITY:0.4967341568255426
C_KINGSAFETY:0.49210186279949614
C_PAWNSTRUCTURE:0.5
C_PIECECOORDINATION:0.5021129610092993
C_ROOKANDPAWNMOVEMENT:0.5021129610092993
C_CENTERCONTROL:0.4890222786362791
C_DEVELOPPIECES:0.5100574475809274
C_MATERIAL:0.4809356797484104
