ELO:831
CE_PASSEDPAWNS:0.3660956610503377
CE_PAWNWEAKNESSES:0.5068752338579088
CE_PIECEACTIVITY:0.4887624761729955
CE_KINGPAWNSHIELD:0.49048426921666877
CE_PIECECOORDINATION:0.5038945331479638
CE_MATERIAL:0.48652185679419324
CE_KINGSAFETY:0.5410386159175624
C_PIECESQUARETABLES:0.5496090868423954
C_MOBILITY:0.4304244676823299
C_KINGSAFETY:0.55649274394898
C_PAWNSTRUCTURE:0.4794342841292385
C_PIECECOORDINATION:0.5961741872094479
C_ROOKANDPAWNMOVEMENT:0.5961741872094479
C_CENTERCONTROL:0.5012510523048156
C_DEVELOPPIECES:0.45763897204360987
C_MATERIAL:0.5220901426249474
