ELO:977
CE_PASSEDPAWNS:0.4605685396771538
CE_PAWNWEAKNESSES:0.46154983537900807
CE_PIECEACTIVITY:0.5061297274268012
CE_KINGPAWNSHIELD:0.5074663382175376
CE_PIECECOORDINATION:0.41382344980868574
CE_MATERIAL:0.5115301900283564
CE_KINGSAFETY:0.5570707115381557
C_PIECESQUARETABLES:0.5194440345330484
C_MOBILITY:0.4575552944053329
C_KINGSAFETY:0.45160357337554274
C_PAWNSTRUCTURE:0.4791766133835407
C_PIECECOORDINATION:0.5271871191200596
C_ROOKANDPAWNMOVEMENT:0.5271871191200596
C_CENTERCONTROL:0.4569979823300939
C_DEVELOPPIECES:0.4472151324461743
C_MATERIAL:0.4832612912735581
