ELO:1000
CE_PASSEDPAWNS:0.48637677133211965
CE_PAWNWEAKNESSES:0.47362314630593233
CE_PIECEACTIVITY:0.5106362029412296
CE_KINGPAWNSHIELD:0.48681817639056735
CE_PIECECOORDINATION:0.47553279752571154
CE_MATERIAL:0.5147817451517697
CE_KINGSAFETY:0.509367333545351
C_PIECESQUARETABLES:0.5009540636591627
C_MOBILITY:0.47881161509744685
C_KINGSAFETY:0.48875566446364554
C_PAWNSTRUCTURE:0.4892878490156548
C_PIECECOORDINATION:0.545977997637607
C_ROOKANDPAWNMOVEMENT:0.545977997637607
C_CENTERCONTROL:0.5076156657635875
C_DEVELOPPIECES:0.4900343482730509
C_MATERIAL:0.5199886909700925
