ELO:1031
CE_PASSEDPAWNS:0.49591990162815325
CE_PAWNWEAKNESSES:0.5
CE_PIECEACTIVITY:0.5
CE_KINGPAWNSHIELD:0.5092371208598846
CE_PIECECOORDINATION:0.5
CE_MATERIAL:0.4955799859334924
CE_KINGSAFETY:0.5
C_PIECESQUARETABLES:0.5
C_MOBILITY:0.5
C_KINGSAFETY:0.498844026533024
C_PAWNSTRUCTURE:0.48932037955751756
C_PIECECOORDINATION:0.5202582623067273
C_ROOK:0.5
CE_ROOK:0.49431917977143686
C_CENTERCONTROL:0.5
C_DEVELOPPIECES:0.47926425733837474
C_MATERIAL:0.5018842758740663
C_MOVECOUNT:0.5
C_PAWNMOVEMENT:0.5
