ELO:869
CE_PASSEDPAWNS:0.4843345398855995
CE_PAWNWEAKNESSES:0.5011059077592968
CE_PIECEACTIVITY:0.4860229461849183
CE_KINGPAWNSHIELD:0.48250207856403254
CE_PIECECOORDINATION:0.507523594739454
CE_MATERIAL:0.5574067519687765
CE_KINGSAFETY:0.5477584136989241
C_PIECESQUARETABLES:0.5388746566590024
C_MOBILITY:0.4618757023218038
C_KINGSAFETY:0.5293160435736664
C_PAWNSTRUCTURE:0.5883955019110392
C_PIECECOORDINATION:0.49040649200364644
C_ROOKANDPAWNMOVEMENT:0.49040649200364644
C_CENTERCONTROL:0.4924274148827662
C_DEVELOPPIECES:0.5056440179413714
C_MATERIAL:0.4491790268699252
C_MOVECOUNT:0.5435340770925885
