ELO:956
CE_PASSEDPAWNS:0.4665342304712628
CE_PAWNWEAKNESSES:0.5238510055800804
CE_PIECEACTIVITY:0.49539038821451636
CE_KINGPAWNSHIELD:0.5322854579469222
CE_PIECECOORDINATION:0.539688549549921
CE_MATERIAL:0.505355666137559
CE_KINGSAFETY:0.5
C_PIECESQUARETABLES:0.5
C_MOBILITY:0.47352460906832594
C_KINGSAFETY:0.550949418795686
C_PAWNSTRUCTURE:0.4671444614000601
C_PIECECOORDINATION:0.527527777627997
C_ROOK:0.5474043711071624
CE_ROOK:0.4986666446424131
C_CENTERCONTROL:0.45887440443632693
C_DEVELOPPIECES:0.4314242503360731
C_MATERIAL:0.48746948582779676
C_MOVECOUNT:0.5087578262837453
C_PAWNMOVEMENT:0.5421293329252808
