ELO:976
CE_PASSEDPAWNS:0.47223011971850193
CE_PAWNWEAKNESSES:0.5175208877721109
CE_PIECEACTIVITY:0.5060766499624109
CE_KINGPAWNSHIELD:0.5156240509258772
CE_PIECECOORDINATION:0.5351799643279431
CE_MATERIAL:0.5121496190735045
CE_KINGSAFETY:0.5082490550190747
C_PIECESQUARETABLES:0.4948484049128677
C_MOBILITY:0.48183786080962987
C_KINGSAFETY:0.550949418795686
C_PAWNSTRUCTURE:0.4631749657677071
C_PIECECOORDINATION:0.5323246319549877
C_ROOK:0.5519849784464572
CE_ROOK:0.5072539569565422
C_CENTERCONTROL:0.45485035290926884
C_DEVELOPPIECES:0.42425152644329667
C_MATERIAL:0.48929812894581687
C_MOVECOUNT:0.5048303997662228
C_PAWNMOVEMENT:0.5341166983582565
