ELO:1000
CE_PASSEDPAWNS:0.4949963364456596
CE_PAWNWEAKNESSES:0.5067608237635772
CE_PIECEACTIVITY:0.505518960349206
CE_KINGPAWNSHIELD:0.48992915548452765
CE_PIECECOORDINATION:0.4922870335470851
CE_MATERIAL:0.49752361131237827
CE_KINGSAFETY:0.5054342023521963
C_PIECESQUARETABLES:0.48977927155048034
C_MOBILITY:0.5
C_KINGSAFETY:0.4984961706675421
C_PAWNSTRUCTURE:0.49131122828096735
C_PIECECOORDINATION:0.5
C_ROOKANDPAWNMOVEMENT:0.5
C_CENTERCONTROL:0.5043416599864791
C_DEVELOPPIECES:0.5026538522127434
C_MATERIAL:0.49922377845130667
