ELO:1000
CE_PASSEDPAWNS:0.5148861819179247
CE_PAWNWEAKNESSES:0.45598952109436325
CE_PIECEACTIVITY:0.5066007605046183
CE_KINGPAWNSHIELD:0.4754386869018611
CE_PIECECOORDINATION:0.4714190426487229
CE_MATERIAL:0.5166124605966393
CE_KINGSAFETY:0.5284609871635217
C_PIECESQUARETABLES:0.5046934835213815
C_MOBILITY:0.4784526077003407
C_KINGSAFETY:0.4477006782235018
C_PAWNSTRUCTURE:0.49327900389072304
C_PIECECOORDINATION:0.5533268185382606
C_ROOKANDPAWNMOVEMENT:0.5533268185382606
C_CENTERCONTROL:0.49933775199529334
C_DEVELOPPIECES:0.4874928976094931
C_MATERIAL:0.5040783409666317
