ELO:915
CE_PASSEDPAWNS:0.48911920005238574
CE_PAWNWEAKNESSES:0.4741570650705016
CE_PIECEACTIVITY:0.526422909132329
CE_KINGPAWNSHIELD:0.48463576833502614
CE_PIECECOORDINATION:0.5096014679698561
CE_MATERIAL:0.5058008229608231
CE_KINGSAFETY:0.5062239346331441
C_PIECESQUARETABLES:0.4823005686173947
C_MOBILITY:0.5207113223481116
C_KINGSAFETY:0.468072158513658
C_PAWNSTRUCTURE:0.536280989659937
C_PIECECOORDINATION:0.49163562628983676
C_ROOKANDPAWNMOVEMENT:0.49163562628983676
C_CENTERCONTROL:0.48734067453259494
C_DEVELOPPIECES:0.48490510797734787
C_MATERIAL:0.5120183914445832
C_MOVECOUNT:0.5144784702946583
