ELO:979
CE_PASSEDPAWNS:0.4770066980710701
CE_PAWNWEAKNESSES:0.519973033057514
CE_PIECEACTIVITY:0.48117330968166006
CE_KINGPAWNSHIELD:0.5059198410272808
CE_PIECECOORDINATION:0.5328764083291672
CE_MATERIAL:0.5296770342223518
CE_KINGSAFETY:0.5000236089367572
C_PIECESQUARETABLES:0.5022320967947694
C_MOBILITY:0.4752822391372996
C_KINGSAFETY:0.5207486350357529
C_PAWNSTRUCTURE:0.4883398033039736
C_PIECECOORDINATION:0.49883545037912314
C_ROOK:0.5139444493811903
CE_ROOK:0.4902848575185658
C_CENTERCONTROL:0.4774191411986419
C_DEVELOPPIECES:0.4467131160391759
C_MATERIAL:0.48681539780208494
C_MOVECOUNT:0.5409526721708199
C_PAWNMOVEMENT:0.5305535821172935
