ELO:928
CE_PASSEDPAWNS:0.44758889884942815
CE_PAWNWEAKNESSES:0.5368212874909949
CE_PIECEACTIVITY:0.5443072586781186
CE_KINGPAWNSHIELD:0.40993408521330377
CE_PIECECOORDINATION:0.44866335216902475
CE_MATERIAL:0.4750755572798133
CE_KINGSAFETY:0.49468531361495727
C_PIECESQUARETABLES:0.47836069135768666
C_MOBILITY:0.5425402168004613
C_KINGSAFETY:0.5561738115921933
C_PAWNSTRUCTURE:0.43322217222648096
C_PIECECOORDINATION:0.6737739213346534
C_ROOKANDPAWNMOVEMENT:0.6737739213346534
C_CENTERCONTROL:0.4108900988715896
C_DEVELOPPIECES:0.5116440803869301
C_MATERIAL:0.5177123041698719
