ELO:978
CE_PASSEDPAWNS:0.4785145331328731
CE_PAWNWEAKNESSES:0.45802123773388537
CE_PIECEACTIVITY:0.4766112937300075
CE_KINGPAWNSHIELD:0.501037853396195
CE_PIECECOORDINATION:0.422794752593098
CE_MATERIAL:0.5048882626292668
CE_KINGSAFETY:0.5444245019307553
C_PIECESQUARETABLES:0.5194440345330484
C_MOBILITY:0.45518673137176724
C_KINGSAFETY:0.4372804845073613
C_PAWNSTRUCTURE:0.48538982999424274
C_PIECECOORDINATION:0.5424755219806155
C_ROOKANDPAWNMOVEMENT:0.5424755219806155
C_CENTERCONTROL:0.46405643016694376
C_DEVELOPPIECES:0.4704703818934595
C_MATERIAL:0.4943337716914711
