ELO:913
CE_PASSEDPAWNS:0.454835626559227
CE_PAWNWEAKNESSES:0.5983776276800257
CE_PIECEACTIVITY:0.45148920209911686
CE_KINGPAWNSHIELD:0.5629455229780803
CE_PIECECOORDINATION:0.46345570047348306
CE_MATERIAL:0.5046178611634631
CE_KINGSAFETY:0.5
C_PIECESQUARETABLES:0.5
C_MOBILITY:0.5984148123716129
C_KINGSAFETY:0.49423913718532847
C_PAWNSTRUCTURE:0.490871339121346
C_PIECECOORDINATION:0.5047570365256678
C_ROOKANDPAWNMOVEMENT:0.5047570365256678
C_CENTERCONTROL:0.5145547773440178
C_DEVELOPPIECES:0.48370796188887205
C_MATERIAL:0.555497271901911
C_MOVECOUNT:0.5
