ELO:998
CE_PASSEDPAWNS:0.4978730098859009
CE_PAWNWEAKNESSES:0.49124627536251814
CE_PIECEACTIVITY:0.4945880334397734
CE_KINGPAWNSHIELD:0.4922968143455759
CE_PIECECOORDINATION:0.5107883021473528
CE_MATERIAL:0.5
CE_KINGSAFETY:0.4934950601502152
C_PIECESQUARETABLES:0.5054398382953371
C_MOBILITY:0.5124797530860087
C_KINGSAFETY:0.5057526221903403
C_PAWNSTRUCTURE:0.5027091767393173
C_PIECECOORDINATION:0.49340818843914797
C_ROOKANDPAWNMOVEMENT:0.49340818843914797
C_CENTERCONTROL:0.525691867651934
C_DEVELOPPIECES:0.5
C_MATERIAL:0.5011998713521969
C_MOVECOUNT:0.49944665027231017
