ELO:912
CE_PASSEDPAWNS:0.5417122720336515
CE_PAWNWEAKNESSES:0.48342354770353874
CE_PIECEACTIVITY:0.5039573942637315
CE_KINGPAWNSHIELD:0.5255935679429429
CE_PIECECOORDINATION:0.512074675341218
CE_MATERIAL:0.512943035671952
CE_KINGSAFETY:0.5139825890422173
C_PIECESQUARETABLES:0.4604330609117817
C_MOBILITY:0.5160098339085936
C_KINGSAFETY:0.4944254873409689
C_PAWNSTRUCTURE:0.5172981596399217
C_PIECECOORDINATION:0.5023580329108788
C_ROOKANDPAWNMOVEMENT:0.5023580329108788
C_CENTERCONTROL:0.5028416477076164
C_DEVELOPPIECES:0.5289047617741043
C_MATERIAL:0.5339141235616168
C_MOVECOUNT:0.5
