ELO:990
CE_PASSEDPAWNS:0.5260571433244642
CE_PAWNWEAKNESSES:0.5170296587045614
CE_PIECEACTIVITY:0.49995476573109254
CE_KINGPAWNSHIELD:0.5348933842696323
CE_PIECECOORDINATION:0.4846973356516632
CE_MATERIAL:0.4694181679613265
CE_KINGSAFETY:0.49542057777069887
C_PIECESQUARETABLES:0.5
C_MOBILITY:0.5832339164801135
C_KINGSAFETY:0.5216344837432382
C_PAWNSTRUCTURE:0.46054427260367564
C_PIECECOORDINATION:0.49481266204964397
C_ROOKANDPAWNMOVEMENT:0.49481266204964397
C_CENTERCONTROL:0.4295054105866406
C_DEVELOPPIECES:0.43917954699995687
C_MATERIAL:0.6234991122067586
