ELO:861
CE_PASSEDPAWNS:0.3459070319893374
CE_PAWNWEAKNESSES:0.5270729338626937
CE_PIECEACTIVITY:0.5013786099639554
CE_KINGPAWNSHIELD:0.5171606473327471
CE_PIECECOORDINATION:0.48801844026818797
CE_MATERIAL:0.512429865800677
CE_KINGSAFETY:0.5355031277888912
C_PIECESQUARETABLES:0.5325865847249094
C_MOBILITY:0.419199949425237
C_KINGSAFETY:0.5644462156539414
C_PAWNSTRUCTURE:0.48549737688273376
C_PIECECOORDINATION:0.5991019449688302
C_ROOKANDPAWNMOVEMENT:0.5991019449688302
C_CENTERCONTROL:0.48673124832688064
C_DEVELOPPIECES:0.47506990796816767
C_MATERIAL:0.5568580409504468
