ELO:916
CE_PASSEDPAWNS:0.47788698589054374
CE_PAWNWEAKNESSES:0.4652807469159504
CE_PIECEACTIVITY:0.5223107233435749
CE_KINGPAWNSHIELD:0.487311358937673
CE_PIECECOORDINATION:0.5120711769871319
CE_MATERIAL:0.49664099427426567
CE_KINGSAFETY:0.5111177410357688
C_PIECESQUARETABLES:0.4619926839555402
C_MOBILITY:0.5281407547281074
C_KINGSAFETY:0.4780350451453325
C_PAWNSTRUCTURE:0.524944362852556
C_PIECECOORDINATION:0.5094925245453638
C_ROOKANDPAWNMOVEMENT:0.5094925245453638
C_CENTERCONTROL:0.5051040914204842
C_DEVELOPPIECES:0.4750373260655068
C_MATERIAL:0.48996931996592574
C_MOVECOUNT:0.5165566653249645
