ELO:956
CE_PASSEDPAWNS:0.4665342304712628
CE_PAWNWEAKNESSES:0.5238510055800804
CE_PIECEACTIVITY:0.5060766499624109
CE_KINGPAWNSHIELD:0.5225454572562556
CE_PIECECOORDINATION:0.5351799643279431
CE_MATERIAL:0.5092878188354467
CE_KINGSAFETY:0.5
C_PIECESQUARETABLES:0.5
C_MOBILITY:0.47352460906832594
C_KINGSAFETY:0.550949418795686
C_PAWNSTRUCTURE:0.4631749657677071
C_PIECECOORDINATION:0.527527777627997
C_ROOK:0.5474043711071624
CE_ROOK:0.5072539569565422
C_CENTERCONTROL:0.4574030431379848
C_DEVELOPPIECES:0.42425152644329667
C_MATERIAL:0.48746948582779676
C_MOVECOUNT:0.5081906538124081
C_PAWNMOVEMENT:0.5421293329252808
