ELO:975
CE_PASSEDPAWNS:0.5039254900602945
CE_PAWNWEAKNESSES:0.4843151874541627
CE_PIECEACTIVITY:0.5012750430567624
CE_KINGPAWNSHIELD:0.4863632656911755
CE_PIECECOORDINATION:0.5
CE_MATERIAL:0.49170936257370673
CE_KINGSAFETY:0.5105453838770533
C_PIECESQUARETABLES:0.5
C_MOBILITY:0.5142595499065076
C_KINGSAFETY:0.504912968911558
C_PAWNSTRUCTURE:0.5
C_PIECECOORDINATION:0.48983050770091136
C_ROOKANDPAWNMOVEMENT:0.48983050770091136
C_CENTERCONTROL:0.5185093523980179
C_DEVELOPPIECES:0.49208225206409845
C_MATERIAL:0.5056016917522017
