ELO:1018
CE_PASSEDPAWNS:0.49980113513308416
CE_PAWNWEAKNESSES:0.5
CE_PIECEACTIVITY:0.5120047643867492
CE_KINGPAWNSHIELD:0.5108755530286745
CE_PIECECOORDINATION:0.5452126825010883
CE_MATERIAL:0.5064659279333975
CE_KINGSAFETY:0.5
C_PIECESQUARETABLES:0.5
C_MOBILITY:0.503526511246636
C_KINGSAFETY:0.5050055053456264
C_PAWNSTRUCTURE:0.5
C_PIECECOORDINATION:0.4804638748046561
C_ROOKANDPAWNMOVEMENT:0.4804638748046561
C_CENTERCONTROL:0.4963832882819971
C_DEVELOPPIECES:0.5096379307570734
C_MATERIAL:0.5053391497674701
C_MOVECOUNT:0.5
