ELO:986
CE_PASSEDPAWNS:0.5347416359393783
CE_PAWNWEAKNESSES:0.4767844267239877
CE_PIECEACTIVITY:0.49589423134771604
CE_KINGPAWNSHIELD:0.5381893953798391
CE_PIECECOORDINATION:0.4909907757202369
CE_MATERIAL:0.519435309694125
CE_KINGSAFETY:0.5
C_PIECESQUARETABLES:0.5
C_MOBILITY:0.49252346533234587
C_KINGSAFETY:0.5014513866200394
C_PAWNSTRUCTURE:0.47960076828113696
C_PIECECOORDINATION:0.5544853113860224
C_ROOK:0.49048038580905434
CE_ROOK:0.5136273482996899
C_CENTERCONTROL:0.5
C_DEVELOPPIECES:0.4961384099354208
C_MATERIAL:0.5
C_MOVECOUNT:0.4843572589500642
C_PAWNMOVEMENT:0.5130319177430742
