ELO:989
CE_PASSEDPAWNS:0.509627366259295
CE_PAWNWEAKNESSES:0.5157600989488644
CE_PIECEACTIVITY:0.5044024793421273
CE_KINGPAWNSHIELD:0.488211101535206
CE_PIECECOORDINATION:0.4904576259468556
CE_MATERIAL:0.5072523748275584
CE_KINGSAFETY:0.5
C_PIECESQUARETABLES:0.5
C_MOBILITY:0.47976044958124736
C_KINGSAFETY:0.491104894074184
C_PAWNSTRUCTURE:0.5084595362142612
C_PIECECOORDINATION:0.5535464128931693
C_ROOK:0.5057630929773514
CE_ROOK:0.5065533373147051
C_CENTERCONTROL:0.4920725275443621
C_DEVELOPPIECES:0.5026207076277941
C_MATERIAL:0.461953192972692
C_MOVECOUNT:0.5047292587509674
C_PAWNMOVEMENT:0.4722314036394964
