ELO:1000
CE_PASSEDPAWNS:0.5009182605561274
CE_PAWNWEAKNESSES:0.5026388706570148
CE_PIECEACTIVITY:0.5013329080471146
CE_KINGPAWNSHIELD:0.48144389563268236
CE_PIECECOORDINATION:0.4968949757478158
CE_MATERIAL:0.49073400029874376
CE_KINGSAFETY:0.5070416122731809
C_PIECESQUARETABLES:0.4971417286880681
C_MOBILITY:0.5012437676063128
C_KINGSAFETY:0.5011128717447756
C_PAWNSTRUCTURE:0.47333682597619214
C_PIECECOORDINATION:0.5160518921771563
C_ROOKANDPAWNMOVEMENT:0.5160518921771563
C_CENTERCONTROL:0.48765930806446267
C_DEVELOPPIECES:0.4987675140811643
C_MATERIAL:0.5104405079324511
