ELO:987
CE_PASSEDPAWNS:0.5277288571395565
CE_PAWNWEAKNESSES:0.4747266971979074
CE_PIECEACTIVITY:0.5255863044794801
CE_KINGPAWNSHIELD:0.542603462243025
CE_PIECECOORDINATION:0.4865688696030892
CE_MATERIAL:0.4694181679613265
CE_KINGSAFETY:0.48788818039079773
C_PIECESQUARETABLES:0.4911435136071079
C_MOBILITY:0.4854452322291313
C_KINGSAFETY:0.5216344837432382
C_PAWNSTRUCTURE:0.459860570272389
C_PIECECOORDINATION:0.49481266204964397
C_ROOKANDPAWNMOVEMENT:0.49481266204964397
C_CENTERCONTROL:0.42894235410171383
C_DEVELOPPIECES:0.44502055420013376
C_MATERIAL:0.6234991122067586
