ELO:951
CE_PASSEDPAWNS:0.4826451429464374
CE_PAWNWEAKNESSES:0.4983545167062941
CE_PIECEACTIVITY:0.5760043978867094
CE_KINGPAWNSHIELD:0.42285015679243115
CE_PIECECOORDINATION:0.4449192365145428
CE_MATERIAL:0.5386562029416134
CE_KINGSAFETY:0.4848649404773974
C_PIECESQUARETABLES:0.5079527749358713
C_MOBILITY:0.4751438826608568
C_KINGSAFETY:0.58049460043872
C_PAWNSTRUCTURE:0.486527286076234
C_PIECECOORDINATION:0.5867120983005739
C_ROOKANDPAWNMOVEMENT:0.5867120983005739
C_CENTERCONTROL:0.4389637013304652
C_DEVELOPPIECES:0.5039524230921179
C_MATERIAL:0.451488326142557
