ELO:1029
CE_PASSEDPAWNS:0.5
CE_PAWNWEAKNESSES:0.4970440615996603
CE_PIECEACTIVITY:0.5
CE_KINGPAWNSHIELD:0.5
CE_PIECECOORDINATION:0.5019103703682247
CE_MATERIAL:0.5
CE_KINGSAFETY:0.5
C_PIECESQUARETABLES:0.5
C_MOBILITY:0.50217735310677
C_KINGSAFETY:0.5
C_PAWNSTRUCTURE:0.5120488328763733
C_PIECECOORDINATION:0.504485987144787
C_ROOKANDPAWNMOVEMENT:0.504485987144787
C_CENTERCONTROL:0.4944174332393421
C_DEVELOPPIECES:0.5
C_MATERIAL:0.49462525107081035
C_MOVECOUNT:0.5
