ELO:1000
CE_PASSEDPAWNS:0.49815517487619915
CE_PAWNWEAKNESSES:0.5150151452171983
CE_PIECEACTIVITY:0.4752238487380003
CE_KINGPAWNSHIELD:0.49452596737681864
CE_PIECECOORDINATION:0.5028373999572665
CE_MATERIAL:0.4888808076029582
CE_KINGSAFETY:0.5083092390896827
C_PIECESQUARETABLES:0.5027263464461276
C_MOBILITY:0.5224565860258212
C_KINGSAFETY:0.49517528383236936
C_PAWNSTRUCTURE:0.5100479494136902
C_PIECECOORDINATION:0.48029911968298655
C_ROOKANDPAWNMOVEMENT:0.48029911968298655
C_CENTERCONTROL:0.47611071061818266
C_DEVELOPPIECES:0.5108553676671035
C_MATERIAL:0.5037219110695107
C_MOVECOUNT:0.5031544481299447
