ELO:794
CE_PASSEDPAWNS:0.3538295462729764
CE_PAWNWEAKNESSES:0.487492926857983
CE_PIECEACTIVITY:0.47586504415056463
CE_KINGPAWNSHIELD:0.46793523096428585
CE_PIECECOORDINATION:0.5185594867183184
CE_MATERIAL:0.45007501191162375
CE_KINGSAFETY:0.5198255712661685
C_PIECESQUARETABLES:0.5000517236694747
C_MOBILITY:0.41571120143600676
C_KINGSAFETY:0.5542758508553237
C_PAWNSTRUCTURE:0.46308441724706123
C_PIECECOORDINATION:0.6076888277769908
C_ROOKANDPAWNMOVEMENT:0.6076888277769908
C_CENTERCONTROL:0.5384222080422302
C_DEVELOPPIECES:0.4693532868764669
C_MATERIAL:0.518402997533602
