ELO:910
CE_PASSEDPAWNS:0.4812182847303002
CE_PAWNWEAKNESSES:0.5446312546489845
CE_PIECEACTIVITY:0.578961078013267
CE_KINGPAWNSHIELD:0.41339972416800047
CE_PIECECOORDINATION:0.41524207541067226
CE_MATERIAL:0.46166267905126723
CE_KINGSAFETY:0.4961317486176812
C_PIECESQUARETABLES:0.4625615521348973
C_MOBILITY:0.5223542080310459
C_KINGSAFETY:0.5191405283023686
C_PAWNSTRUCTURE:0.44943915842343196
C_PIECECOORDINATION:0.6835151198896775
C_ROOKANDPAWNMOVEMENT:0.6835151198896775
C_CENTERCONTROL:0.37219851819331723
C_DEVELOPPIECES:0.4943371534864769
C_MATERIAL:0.5340127716958798
