ELO:1000
CE_PASSEDPAWNS:0.4659943380045034
CE_PAWNWEAKNESSES:0.4869490474162106
CE_PIECEACTIVITY:0.5284549597961862
CE_KINGPAWNSHIELD:0.5058549967665132
CE_PIECECOORDINATION:0.47593728182606343
CE_MATERIAL:0.5129304773992506
CE_KINGSAFETY:0.4795401608437237
C_PIECESQUARETABLES:0.48905682951886265
C_MOBILITY:0.4736993465226849
C_KINGSAFETY:0.46812308756899734
C_PAWNSTRUCTURE:0.49453952218274383
C_PIECECOORDINATION:0.5177132452895696
C_ROOKANDPAWNMOVEMENT:0.5177132452895696
C_CENTERCONTROL:0.49345540092090145
C_DEVELOPPIECES:0.46425449984308975
C_MATERIAL:0.5212427818472484
