ELO:1041
CE_PASSEDPAWNS:0.49446209465903734
CE_PAWNWEAKNESSES:0.5089050830315284
CE_PIECEACTIVITY:0.5
CE_KINGPAWNSHIELD:0.49655218645489724
CE_PIECECOORDINATION:0.5214771618589702
CE_MATERIAL:0.5138007272022727
CE_KINGSAFETY:0.5
C_PIECESQUARETABLES:0.5
C_MOBILITY:0.4746793432388589
C_KINGSAFETY:0.49780795929225014
C_PAWNSTRUCTURE:0.5
C_PIECECOORDINATION:0.5363186862243169
C_ROOK:0.5007168017806173
CE_ROOK:0.49288054018365546
C_CENTERCONTROL:0.4907432133480504
C_DEVELOPPIECES:0.5098361739591123
C_MATERIAL:0.5
C_MOVECOUNT:0.4936270663071781
C_PAWNMOVEMENT:0.508671075153686
