ELO:1000
CE_PASSEDPAWNS:0.4537213553336434
CE_PAWNWEAKNESSES:0.4899473359549049
CE_PIECEACTIVITY:0.500328092584889
CE_KINGPAWNSHIELD:0.5041354514670545
CE_PIECECOORDINATION:0.47654930054059247
CE_MATERIAL:0.5055461709333436
CE_KINGSAFETY:0.4887617712010899
C_PIECESQUARETABLES:0.49453997821967827
C_MOBILITY:0.46607116088217615
C_KINGSAFETY:0.47701641213537543
C_PAWNSTRUCTURE:0.5024928079602496
C_PIECECOORDINATION:0.4979909006442633
C_ROOKANDPAWNMOVEMENT:0.4979909006442633
C_CENTERCONTROL:0.5230022390564706
C_DEVELOPPIECES:0.47510411167178895
C_MATERIAL:0.5099001210889406
