ELO:940
CE_PASSEDPAWNS:0.4992864450409369
CE_PAWNWEAKNESSES:0.47999253319669016
CE_PIECEACTIVITY:0.5177853800546159
CE_KINGPAWNSHIELD:0.49112635575903785
CE_PIECECOORDINATION:0.46904185703463125
CE_MATERIAL:0.5327616969174606
CE_KINGSAFETY:0.48682127025229077
C_PIECESQUARETABLES:0.5013206221908819
C_MOBILITY:0.49514723328617516
C_KINGSAFETY:0.4982626608663934
C_PAWNSTRUCTURE:0.5321305507826066
C_PIECECOORDINATION:0.4718006868651441
C_ROOKANDPAWNMOVEMENT:0.4718006868651441
C_CENTERCONTROL:0.5083032124335072
C_DEVELOPPIECES:0.5155922448039348
C_MATERIAL:0.531293493738796
C_MOVECOUNT:0.5
