ELO:974
CE_PASSEDPAWNS:0.5168335828348822
CE_PAWNWEAKNESSES:0.5032610654050869
CE_PIECEACTIVITY:0.5383400478094658
CE_KINGPAWNSHIELD:0.4968574954129647
CE_PIECECOORDINATION:0.47114950012935186
CE_MATERIAL:0.5151839488787505
CE_KINGSAFETY:0.5
C_PIECESQUARETABLES:0.5
C_MOBILITY:0.48183786080962987
C_KINGSAFETY:0.550949418795686
C_PAWNSTRUCTURE:0.4631749657677071
C_PIECECOORDINATION:0.5277205392789782
C_ROOK:0.4942244056475741
CE_ROOK:0.5
C_CENTERCONTROL:0.5166246280462113
C_DEVELOPPIECES:0.49406540277436256
C_MATERIAL:0.48929812894581687
C_MOVECOUNT:0.5354316458024518
C_PAWNMOVEMENT:0.5341166983582565
