ELO:975
CE_PASSEDPAWNS:0.4719813668023996
CE_PAWNWEAKNESSES:0.465121280438453
CE_PIECEACTIVITY:0.4810556347922892
CE_KINGPAWNSHIELD:0.5143706580979378
CE_PIECECOORDINATION:0.43336917348378534
CE_MATERIAL:0.5319072538362085
CE_KINGSAFETY:0.5022661293845776
C_PIECESQUARETABLES:0.48458417631657363
C_MOBILITY:0.4509968242385213
C_KINGSAFETY:0.4337076958307316
C_PAWNSTRUCTURE:0.4724984032123963
C_PIECECOORDINATION:0.5474656498490601
C_ROOKANDPAWNMOVEMENT:0.5474656498490601
C_CENTERCONTROL:0.46746059016846975
C_DEVELOPPIECES:0.45167048884211525
C_MATERIAL:0.46319416100765276
