ELO:973
CE_PASSEDPAWNS:0.4957153292287771
CE_PAWNWEAKNESSES:0.4899278939745733
CE_PIECEACTIVITY:0.5134922710621629
CE_KINGPAWNSHIELD:0.46624401861100495
CE_PIECECOORDINATION:0.47719201246319065
CE_MATERIAL:0.5010542363110977
CE_KINGSAFETY:0.5
C_PIECESQUARETABLES:0.5055753678141431
C_MOBILITY:0.5351209701825254
C_KINGSAFETY:0.4851764598209058
C_PAWNSTRUCTURE:0.5216552198541644
C_PIECECOORDINATION:0.4806737573746504
C_ROOK:0.49919643542009084
CE_ROOK:0.48159707981766225
C_CENTERCONTROL:0.4995520548321699
C_DEVELOPPIECES:0.4997887473884052
C_MATERIAL:0.4829445038393676
C_MOVECOUNT:0.5076189304992813
C_PAWNMOVEMENT:0.4920975290637494
