ELO:973
CE_PASSEDPAWNS:0.5214323128545378
CE_PAWNWEAKNESSES:0.4899278939745733
CE_PIECEACTIVITY:0.5134922710621629
CE_KINGPAWNSHIELD:0.5096865584086355
CE_PIECECOORDINATION:0.47768084450944287
CE_MATERIAL:0.5010542363110977
CE_KINGSAFETY:0.5
C_PIECESQUARETABLES:0.5
C_MOBILITY:0.5256949213716655
C_KINGSAFETY:0.492604057746843
C_PAWNSTRUCTURE:0.5216552198541644
C_PIECECOORDINATION:0.4806737573746504
C_ROOK:0.5341828004218465
CE_ROOK:0.48159707981766225
C_CENTERCONTROL:0.4995520548321699
C_DEVELOPPIECES:0.4672520002949432
C_MATERIAL:0.5448126540913466
C_MOVECOUNT:0.48794601175625624
C_PAWNMOVEMENT:0.4920975290637494
