ELO:946
CE_PASSEDPAWNS:0.5392400948129382
CE_PAWNWEAKNESSES:0.5235857286154613
CE_PIECEACTIVITY:0.4944345445869526
CE_KINGPAWNSHIELD:0.47987782995858635
CE_PIECECOORDINATION:0.5203748184549464
CE_MATERIAL:0.4569391949662805
CE_KINGSAFETY:0.5170355948793619
C_PIECESQUARETABLES:0.484874959661925
C_MOBILITY:0.49488060870932576
C_KINGSAFETY:0.4873733934748889
C_PAWNSTRUCTURE:0.4904560450960005
C_PIECECOORDINATION:0.4789841110663024
C_ROOKANDPAWNMOVEMENT:0.4789841110663024
C_CENTERCONTROL:0.4720495093497639
C_DEVELOPPIECES:0.47928382468363073
C_MATERIAL:0.4791072148257273
