ELO:960
CE_PASSEDPAWNS:0.4283067804991077
CE_PAWNWEAKNESSES:0.38057233103702404
CE_PIECEACTIVITY:0.542135456526238
CE_KINGPAWNSHIELD:0.46360080952499694
CE_PIECECOORDINATION:0.40775840625769355
CE_MATERIAL:0.6534980241314402
CE_KINGSAFETY:0.5111894979184392
C_PIECESQUARETABLES:0.5030307792718229
C_MOBILITY:0.5406321820945387
C_KINGSAFETY:0.3915679652890589
C_PAWNSTRUCTURE:0.5572182503797666
C_PIECECOORDINATION:0.4811596643169537
C_ROOKANDPAWNMOVEMENT:0.4811596643169537
C_CENTERCONTROL:0.433922768900577
C_DEVELOPPIECES:0.5105442679883355
C_MATERIAL:0.4311152454957015
