ELO:974
CE_PASSEDPAWNS:0.5082617507130532
CE_PAWNWEAKNESSES:0.48927186325009264
CE_PIECEACTIVITY:0.4937424274639714
CE_KINGPAWNSHIELD:0.4863632656911755
CE_PIECECOORDINATION:0.48954298943646873
CE_MATERIAL:0.49699917167094015
CE_KINGSAFETY:0.5030445157017805
C_PIECESQUARETABLES:0.5
C_MOBILITY:0.5142595499065076
C_KINGSAFETY:0.5074343161871286
C_PAWNSTRUCTURE:0.5
C_PIECECOORDINATION:0.48416863973544244
C_ROOKANDPAWNMOVEMENT:0.48416863973544244
C_CENTERCONTROL:0.5185935110373313
C_DEVELOPPIECES:0.4952708594991556
C_MATERIAL:0.5056016917522017
