ELO:962
CE_PASSEDPAWNS:0.513690026943968
CE_PAWNWEAKNESSES:0.514782051505007
CE_PIECEACTIVITY:0.5074338275171398
CE_KINGPAWNSHIELD:0.4972927838294792
CE_PIECECOORDINATION:0.4852577985700461
CE_MATERIAL:0.4970857812932633
CE_KINGSAFETY:0.5
C_PIECESQUARETABLES:0.5065222488575529
C_MOBILITY:0.5045288898107837
C_KINGSAFETY:0.5015395188066556
C_PAWNSTRUCTURE:0.5022811031231645
C_PIECECOORDINATION:0.47656207738347306
C_ROOKANDPAWNMOVEMENT:0.47656207738347306
C_CENTERCONTROL:0.5110079044704399
C_DEVELOPPIECES:0.494730368504895
C_MATERIAL:0.49261712083230136
C_MOVECOUNT:0.5303871236158854
