ELO:978
CE_PASSEDPAWNS:0.4832875321973972
CE_PAWNWEAKNESSES:0.45682707255456895
CE_PIECEACTIVITY:0.46822352873730877
CE_KINGPAWNSHIELD:0.48276261292571054
CE_PIECECOORDINATION:0.4307812436211729
CE_MATERIAL:0.49852612767465615
CE_KINGSAFETY:0.5444245019307553
C_PIECESQUARETABLES:0.5061408741335139
C_MOBILITY:0.45518673137176724
C_KINGSAFETY:0.4104585781872498
C_PAWNSTRUCTURE:0.4799304281314608
C_PIECECOORDINATION:0.554695361597141
C_ROOKANDPAWNMOVEMENT:0.554695361597141
C_CENTERCONTROL:0.4576630540021189
C_DEVELOPPIECES:0.4601827975124023
C_MATERIAL:0.5152660226534677
