ELO:987
CE_PASSEDPAWNS:0.5018712287822852
CE_PAWNWEAKNESSES:0.4688279912487628
CE_PIECEACTIVITY:0.49818882720271485
CE_KINGPAWNSHIELD:0.4990152525810501
CE_PIECECOORDINATION:0.5084572493634305
CE_MATERIAL:0.4974142692351805
CE_KINGSAFETY:0.49330475601375273
C_PIECESQUARETABLES:0.5196066450774689
C_MOBILITY:0.5020257657948731
C_KINGSAFETY:0.4842437713907492
C_PAWNSTRUCTURE:0.49871496757923134
C_PIECECOORDINATION:0.5
C_ROOKANDPAWNMOVEMENT:0.5
C_CENTERCONTROL:0.5019371944357609
C_DEVELOPPIECES:0.5045761025873482
C_MATERIAL:0.5
C_MOVECOUNT:0.5010213102585384
