ELO:944
CE_PASSEDPAWNS:0.5338048111108389
CE_PAWNWEAKNESSES:0.5210485356460515
CE_PIECEACTIVITY:0.5077996445335993
CE_KINGPAWNSHIELD:0.4774096525286632
CE_PIECECOORDINATION:0.5287856667668028
CE_MATERIAL:0.44997901612630586
CE_KINGSAFETY:0.4919448769768892
C_PIECESQUARETABLES:0.49153570029605237
C_MOBILITY:0.4935107946353403
C_KINGSAFETY:0.48667186771674836
C_PAWNSTRUCTURE:0.49111656954243954
C_PIECECOORDINATION:0.48112896135704775
C_ROOKANDPAWNMOVEMENT:0.48112896135704775
C_CENTERCONTROL:0.49284843724916594
C_DEVELOPPIECES:0.47699980314484414
C_MATERIAL:0.49314402405046953
