ELO:990
CE_PASSEDPAWNS:0.36256221160911273
CE_PAWNWEAKNESSES:0.5170296587045614
CE_PIECEACTIVITY:0.5264429894240691
CE_KINGPAWNSHIELD:0.542603462243025
CE_PIECECOORDINATION:0.4846973356516632
CE_MATERIAL:0.46541711566174354
CE_KINGSAFETY:0.5
C_PIECESQUARETABLES:0.4911435136071079
C_MOBILITY:0.5836313903895851
C_KINGSAFETY:0.5216344837432382
C_PAWNSTRUCTURE:0.4698355532319048
C_PIECECOORDINATION:0.49481266204964397
C_ROOKANDPAWNMOVEMENT:0.49481266204964397
C_CENTERCONTROL:0.42894235410171383
C_DEVELOPPIECES:0.4405584662366041
C_MATERIAL:0.6234991122067586
