ELO:1000
CE_PASSEDPAWNS:0.4572005604211317
CE_PAWNWEAKNESSES:0.5699179219739133
CE_PIECEACTIVITY:0.5317869644130367
CE_KINGPAWNSHIELD:0.5385841628053109
CE_PIECECOORDINATION:0.521721915569042
CE_MATERIAL:0.4853595721212775
CE_KINGSAFETY:0.4891598506853541
C_PIECESQUARETABLES:0.4835916135904488
C_MOBILITY:0.515198384900123
C_KINGSAFETY:0.4510986951612821
C_PAWNSTRUCTURE:0.5285699476890483
C_PIECECOORDINATION:0.5550538133240213
C_ROOKANDPAWNMOVEMENT:0.5550538133240213
C_CENTERCONTROL:0.495277878090708
C_DEVELOPPIECES:0.5110767290669898
C_MATERIAL:0.5266947055647127
