ELO:1049
CE_PASSEDPAWNS:0.5330968182416788
CE_PAWNWEAKNESSES:0.5216415415489906
CE_PIECEACTIVITY:0.5691207324765991
CE_KINGPAWNSHIELD:0.5407178409410988
CE_PIECECOORDINATION:0.5044982868754488
CE_MATERIAL:0.4455208132630115
CE_KINGSAFETY:0.5
C_PIECESQUARETABLES:0.493127239988792
C_MOBILITY:0.5504373183683143
C_KINGSAFETY:0.5417763856336248
C_PAWNSTRUCTURE:0.5151620232707637
C_PIECECOORDINATION:0.4899232700192027
C_ROOKANDPAWNMOVEMENT:0.4899232700192027
C_CENTERCONTROL:0.4594265797022971
C_DEVELOPPIECES:0.49085084564649445
C_MATERIAL:0.5085756696771824
