ELO:1025
CE_PASSEDPAWNS:0.5405522927584492
CE_PAWNWEAKNESSES:0.5071409585023076
CE_PIECEACTIVITY:0.5197031336441355
CE_KINGPAWNSHIELD:0.45546597777505105
CE_PIECECOORDINATION:0.5266069055236524
CE_MATERIAL:0.4255261474280877
CE_KINGSAFETY:0.47855997157728253
C_PIECESQUARETABLES:0.5007897228796292
C_MOBILITY:0.6194829455147799
C_KINGSAFETY:0.6210949498133225
C_PAWNSTRUCTURE:0.3383225159601844
C_PIECECOORDINATION:0.5039971053909706
C_ROOKANDPAWNMOVEMENT:0.5039971053909706
C_CENTERCONTROL:0.5057213905033854
C_DEVELOPPIECES:0.5681534616003723
C_MATERIAL:0.40716603441382143
