ELO:1000
CE_PASSEDPAWNS:0.47527135803055304
CE_PAWNWEAKNESSES:0.48976285205574405
CE_PIECEACTIVITY:0.4988443847899381
CE_KINGPAWNSHIELD:0.4945618989865723
CE_PIECECOORDINATION:0.4470966728197923
CE_MATERIAL:0.505951264436755
CE_KINGSAFETY:0.4801157859031692
C_PIECESQUARETABLES:0.5326526927161472
C_MOBILITY:0.5074551317371463
C_KINGSAFETY:0.5566793610174505
C_PAWNSTRUCTURE:0.48369233067303924
C_PIECECOORDINATION:0.5417956885774905
C_ROOKANDPAWNMOVEMENT:0.5417956885774905
C_CENTERCONTROL:0.45005355512653117
C_DEVELOPPIECES:0.5164683826421571
C_MATERIAL:0.533257926517724
