ELO:996
CE_PASSEDPAWNS:0.48548986457956916
CE_PAWNWEAKNESSES:0.5049020803675791
CE_PIECEACTIVITY:0.4823578311707496
CE_KINGPAWNSHIELD:0.5083991378920889
CE_PIECECOORDINATION:0.5092099133178376
CE_MATERIAL:0.49572192670539367
CE_KINGSAFETY:0.4834754737476762
C_PIECESQUARETABLES:0.5098076785664887
C_MOBILITY:0.5212375056589519
C_KINGSAFETY:0.4902777357701952
C_PAWNSTRUCTURE:0.5049001098204947
C_PIECECOORDINATION:0.47511707038037754
C_ROOK:0.5298940065402699
CE_ROOK:0.5075241410515731
C_CENTERCONTROL:0.5068683209614654
C_DEVELOPPIECES:0.5125824219633193
C_MATERIAL:0.5100593442605093
C_MOVECOUNT:0.5047458387108738
C_PAWNMOVEMENT:0.4965923184642964
