ELO:873
CE_PASSEDPAWNS:0.490606848003111
CE_PAWNWEAKNESSES:0.5049088340076541
CE_PIECEACTIVITY:0.5506828958532365
CE_KINGPAWNSHIELD:0.5012357159463261
CE_PIECECOORDINATION:0.506780390592616
CE_MATERIAL:0.5386147250520591
CE_KINGSAFETY:0.4686723766474428
C_PIECESQUARETABLES:0.4849316423607887
C_MOBILITY:0.47186699850430625
C_KINGSAFETY:0.545146679974295
C_PAWNSTRUCTURE:0.5059025536030209
C_PIECECOORDINATION:0.5040922415578878
C_ROOKANDPAWNMOVEMENT:0.5040922415578878
C_CENTERCONTROL:0.5437493505728984
C_DEVELOPPIECES:0.47697838652530083
C_MATERIAL:0.5110389174006649
C_MOVECOUNT:0.49140297863115956
