ELO:896
CE_PASSEDPAWNS:0.5001840106252423
CE_PAWNWEAKNESSES:0.6280650391561629
CE_PIECEACTIVITY:0.5005374860508408
CE_KINGPAWNSHIELD:0.5594786808031669
CE_PIECECOORDINATION:0.4842340503857831
CE_MATERIAL:0.5980891531943384
CE_KINGSAFETY:0.46098095612359813
C_PIECESQUARETABLES:0.46527359196712237
C_MOBILITY:0.5295927904800461
C_KINGSAFETY:0.5158232021064133
C_PAWNSTRUCTURE:0.47912819233640785
C_PIECECOORDINATION:0.579294773239322
C_ROOKANDPAWNMOVEMENT:0.579294773239322
C_CENTERCONTROL:0.41855803271328734
C_DEVELOPPIECES:0.485533278723444
C_MATERIAL:0.46375448892056004
