ELO:1000
CE_PASSEDPAWNS:0.484220208368899
CE_PAWNWEAKNESSES:0.5076799057742646
CE_PIECEACTIVITY:0.5240448956651214
CE_KINGPAWNSHIELD:0.46432323262834724
CE_PIECECOORDINATION:0.4984946758407057
CE_MATERIAL:0.48826244228654575
CE_KINGSAFETY:0.5400795100753614
C_PIECESQUARETABLES:0.4781610310809646
C_MOBILITY:0.4894087016031486
C_KINGSAFETY:0.5576724778673329
C_PAWNSTRUCTURE:0.4890045535534202
C_PIECECOORDINATION:0.539319484566639
C_ROOKANDPAWNMOVEMENT:0.539319484566639
C_CENTERCONTROL:0.4996333282998555
C_DEVELOPPIECES:0.519231611696422
C_MATERIAL:0.5268488342938072
