ELO:963
CE_PASSEDPAWNS:0.5215631835542565
CE_PAWNWEAKNESSES:0.5577614086484135
CE_PIECEACTIVITY:0.5174793348971815
CE_KINGPAWNSHIELD:0.5296487552907426
CE_PIECECOORDINATION:0.5164157237982786
CE_MATERIAL:0.5426318492905096
CE_KINGSAFETY:0.5024388332509712
C_PIECESQUARETABLES:0.4916080715574021
C_MOBILITY:0.5469294276562262
C_KINGSAFETY:0.5553293247498818
C_PAWNSTRUCTURE:0.4901948006430291
C_PIECECOORDINATION:0.5725392335730449
C_ROOKANDPAWNMOVEMENT:0.5725392335730449
C_CENTERCONTROL:0.45831864564478497
C_DEVELOPPIECES:0.47893758968247874
C_MATERIAL:0.5055097929523563
