ELO:1000
CE_PASSEDPAWNS:0.48320507543679575
CE_PAWNWEAKNESSES:0.4826022769390953
CE_PIECEACTIVITY:0.4953873512866109
CE_KINGPAWNSHIELD:0.5099240700995618
CE_PIECECOORDINATION:0.43574366357623256
CE_MATERIAL:0.5044455263082676
CE_KINGSAFETY:0.5569793637205028
C_PIECESQUARETABLES:0.4911674743186506
C_MOBILITY:0.4904974890870155
C_KINGSAFETY:0.5472022962343942
C_PAWNSTRUCTURE:0.4741307805209018
C_PIECECOORDINATION:0.5409142164160955
C_ROOKANDPAWNMOVEMENT:0.5409142164160955
C_CENTERCONTROL:0.47438703021646683
C_DEVELOPPIECES:0.5375201495664553
C_MATERIAL:0.5406298880140427
