ELO:989
CE_PASSEDPAWNS:0.5350981557318149
CE_PAWNWEAKNESSES:0.5855850272167098
CE_PIECEACTIVITY:0.5532389654716646
CE_KINGPAWNSHIELD:0.5408181085808406
CE_PIECECOORDINATION:0.5214779388204026
CE_MATERIAL:0.5270221272573925
CE_KINGSAFETY:0.5066685610612255
C_PIECESQUARETABLES:0.471343884694585
C_MOBILITY:0.5294510183353944
C_KINGSAFETY:0.49220619779362534
C_PAWNSTRUCTURE:0.5158785090651961
C_PIECECOORDINATION:0.5477918104779772
C_ROOKANDPAWNMOVEMENT:0.5477918104779772
C_CENTERCONTROL:0.4883587654938339
C_DEVELOPPIECES:0.49537902903924363
C_MATERIAL:0.5051647155807378
