ELO:836
CE_PASSEDPAWNS:0.5072877876078068
CE_PAWNWEAKNESSES:0.491691552481275
CE_PIECEACTIVITY:0.46493838021295386
CE_KINGPAWNSHIELD:0.5221454565013103
CE_PIECECOORDINATION:0.48544734396367445
CE_MATERIAL:0.51646647684446
CE_KINGSAFETY:0.5031891840897661
C_PIECESQUARETABLES:0.4933442627076554
C_MOBILITY:0.48006316589876363
C_KINGSAFETY:0.4412314321351476
C_PAWNSTRUCTURE:0.521819861086606
C_PIECECOORDINATION:0.4765054698462465
C_ROOKANDPAWNMOVEMENT:0.4765054698462465
C_CENTERCONTROL:0.4984075202762404
C_DEVELOPPIECES:0.4823105761583073
C_MATERIAL:0.5644879013317471
C_MOVECOUNT:0.5
