ELO:1000
CE_PASSEDPAWNS:0.495388115893791
CE_PAWNWEAKNESSES:0.5631347248307903
CE_PIECEACTIVITY:0.5477148729509552
CE_KINGPAWNSHIELD:0.5611221288840175
CE_PIECECOORDINATION:0.5202398171435362
CE_MATERIAL:0.4928443746700881
CE_KINGSAFETY:0.5184267638589718
C_PIECESQUARETABLES:0.46789414491066605
C_MOBILITY:0.49030206263960796
C_KINGSAFETY:0.4914058076058114
C_PAWNSTRUCTURE:0.5358214023035517
C_PIECECOORDINATION:0.5428885397348516
C_ROOKANDPAWNMOVEMENT:0.5428885397348516
C_CENTERCONTROL:0.4881801240666739
C_DEVELOPPIECES:0.5285244946100272
C_MATERIAL:0.5093780635413089
