ELO:643
CE_PASSEDPAWNS:0.37239565726989254
CE_PAWNWEAKNESSES:0.43304411556650857
CE_PIECEACTIVITY:0.3710508441628722
CE_KINGPAWNSHIELD:0.5828696887605466
CE_PIECECOORDINATION:0.4192625108193479
CE_MATERIAL:0.49573322363622846
CE_KINGSAFETY:0.48203970275134395
C_PIECESQUARETABLES:0.4926373871967309
C_MOBILITY:0.5139414162582476
C_KINGSAFETY:0.46785090815868347
C_PAWNSTRUCTURE:0.4659788421923866
C_PIECECOORDINATION:0.5113410264751406
C_ROOKANDPAWNMOVEMENT:0.5113410264751406
C_CENTERCONTROL:0.5784480476162973
C_DEVELOPPIECES:0.5222034597569489
C_MATERIAL:0.5721555597048701
C_MOVECOUNT:0.5051208883108768
