ELO:1090
CE_PASSEDPAWNS:0.48510904093551194
CE_PAWNWEAKNESSES:0.4596255166640243
CE_PIECEACTIVITY:0.5370831974487065
CE_KINGPAWNSHIELD:0.4704594744463047
CE_PIECECOORDINATION:0.5112667395060579
CE_MATERIAL:0.5381564609335657
CE_KINGSAFETY:0.5
C_PIECESQUARETABLES:0.5
C_MOBILITY:0.5853010773681124
C_KINGSAFETY:0.4038595081370403
C_PAWNSTRUCTURE:0.4721728404820108
C_PIECECOORDINATION:0.46437672490744747
C_ROOKANDPAWNMOVEMENT:0.46437672490744747
C_CENTERCONTROL:0.4594265797022971
C_DEVELOPPIECES:0.5117666142496838
C_MATERIAL:0.48479518543292033
