ELO:883
CE_PASSEDPAWNS:0.4851600693372383
CE_PAWNWEAKNESSES:0.492903203546457
CE_PIECEACTIVITY:0.529808793887782
CE_KINGPAWNSHIELD:0.47851761436353796
CE_PIECECOORDINATION:0.4846465184338216
CE_MATERIAL:0.5359204092001817
CE_KINGSAFETY:0.5174920499347925
C_PIECESQUARETABLES:0.5032486993983174
C_MOBILITY:0.48152312083013044
C_KINGSAFETY:0.5264028106407767
C_PAWNSTRUCTURE:0.5038937979770778
C_PIECECOORDINATION:0.4567164168819303
C_ROOKANDPAWNMOVEMENT:0.4567164168819303
C_CENTERCONTROL:0.5419383155702491
C_DEVELOPPIECES:0.524066754084642
C_MATERIAL:0.4645556065616774
C_MOVECOUNT:0.5
