ELO:1029
CE_PASSEDPAWNS:0.48823564091680344
CE_PAWNWEAKNESSES:0.511696727387279
CE_PIECEACTIVITY:0.5179822881276922
CE_KINGPAWNSHIELD:0.5
CE_PIECECOORDINATION:0.5055159627876844
CE_MATERIAL:0.505024670824354
CE_KINGSAFETY:0.5
C_PIECESQUARETABLES:0.497530682843057
C_MOBILITY:0.5
C_KINGSAFETY:0.4884621991054287
C_PAWNSTRUCTURE:0.5
C_PIECECOORDINATION:0.5
C_ROOKANDPAWNMOVEMENT:0.5
C_CENTERCONTROL:0.49877025168862327
C_DEVELOPPIECES:0.5
C_MATERIAL:0.5017620250554827
C_MOVECOUNT:0.5060223829578342
