ELO:1008
CE_PASSEDPAWNS:0.5081867759347783
CE_PAWNWEAKNESSES:0.499028823613761
CE_PIECEACTIVITY:0.5
CE_KINGPAWNSHIELD:0.49889007582200795
CE_PIECECOORDINATION:0.4938781110688252
CE_MATERIAL:0.5042567387563619
CE_KINGSAFETY:0.5
C_PIECESQUARETABLES:0.5
C_MOBILITY:0.5068452245655766
C_KINGSAFETY:0.5
C_PAWNSTRUCTURE:0.4980166955612101
C_PIECECOORDINATION:0.5
C_ROOKANDPAWNMOVEMENT:0.5
C_CENTERCONTROL:0.4821332010707318
C_DEVELOPPIECES:0.510252868328484
C_MATERIAL:0.5069821193587588
C_MOVECOUNT:0.5
