ELO:1000
CE_PASSEDPAWNS:0.4554321641403005
CE_PAWNWEAKNESSES:0.5367243874228939
CE_PIECEACTIVITY:0.5415668007906231
CE_KINGPAWNSHIELD:0.5313619688219514
CE_PIECECOORDINATION:0.5105137632230221
CE_MATERIAL:0.49299339920614665
CE_KINGSAFETY:0.5035295683245234
C_PIECESQUARETABLES:0.4609963998753914
C_MOBILITY:0.5006351586615457
C_KINGSAFETY:0.46689222761682725
C_PAWNSTRUCTURE:0.5315962109922124
C_PIECECOORDINATION:0.536635945863678
C_ROOKANDPAWNMOVEMENT:0.536635945863678
C_CENTERCONTROL:0.48007840933844836
C_DEVELOPPIECES:0.5004634006262788
C_MATERIAL:0.5457493992004803
