ELO:828
CE_PASSEDPAWNS:0.4165436280120721
CE_PAWNWEAKNESSES:0.4703556210576524
CE_PIECEACTIVITY:0.44129783728531313
CE_KINGPAWNSHIELD:0.5346109384231615
CE_PIECECOORDINATION:0.4189258408035794
CE_MATERIAL:0.5688895564720806
CE_KINGSAFETY:0.4906721441718332
C_PIECESQUARETABLES:0.5357816125027675
C_MOBILITY:0.5004217899733742
C_KINGSAFETY:0.4840603777072469
C_PAWNSTRUCTURE:0.49855992659406845
C_PIECECOORDINATION:0.4944587843000824
C_ROOKANDPAWNMOVEMENT:0.4944587843000824
C_CENTERCONTROL:0.52517123655938
C_DEVELOPPIECES:0.5046410842456922
C_MATERIAL:0.5179651317556354
C_MOVECOUNT:0.5
