ELO:1048
CE_PASSEDPAWNS:0.47300851450214554
CE_PAWNWEAKNESSES:0.518398466553891
CE_PIECEACTIVITY:0.48013743344619403
CE_KINGPAWNSHIELD:0.5465673825439229
CE_PIECECOORDINATION:0.4803925721213925
CE_MATERIAL:0.49765331996744905
CE_KINGSAFETY:0.4765032049714773
C_PIECESQUARETABLES:0.5364242354068187
C_MOBILITY:0.5467185959831701
C_KINGSAFETY:0.30807903020254146
C_PAWNSTRUCTURE:0.5396440928768532
C_PIECECOORDINATION:0.5661945968824823
C_ROOKANDPAWNMOVEMENT:0.5661945968824823
C_CENTERCONTROL:0.5247682102396549
C_DEVELOPPIECES:0.5740648439846143
C_MATERIAL:0.40545060761464813
