ELO:1088
CE_PASSEDPAWNS:0.43523509369036395
CE_PAWNWEAKNESSES:0.518779401448761
CE_PIECEACTIVITY:0.5153779650542555
CE_KINGPAWNSHIELD:0.4704594744463047
CE_PIECECOORDINATION:0.5112667395060579
CE_MATERIAL:0.5381564609335657
CE_KINGSAFETY:0.5
C_PIECESQUARETABLES:0.5
C_MOBILITY:0.5853010773681124
C_KINGSAFETY:0.4363671831286626
C_PAWNSTRUCTURE:0.4884719352793222
C_PIECECOORDINATION:0.46437672490744747
C_ROOKANDPAWNMOVEMENT:0.46437672490744747
C_CENTERCONTROL:0.4594265797022971
C_DEVELOPPIECES:0.4186956890767564
C_MATERIAL:0.5441740582507005
