ELO:982
CE_PASSEDPAWNS:0.5388799828920815
CE_PAWNWEAKNESSES:0.586082570381117
CE_PIECEACTIVITY:0.5283113325132364
CE_KINGPAWNSHIELD:0.5120903485652982
CE_PIECECOORDINATION:0.5166301805465434
CE_MATERIAL:0.5342558559323872
CE_KINGSAFETY:0.5
C_PIECESQUARETABLES:0.49246889184266945
C_MOBILITY:0.534373473791254
C_KINGSAFETY:0.5158699940089647
C_PAWNSTRUCTURE:0.47239227475372625
C_PIECECOORDINATION:0.5610289635006811
C_ROOKANDPAWNMOVEMENT:0.5610289635006811
C_CENTERCONTROL:0.46120666907144475
C_DEVELOPPIECES:0.47868208165089987
C_MATERIAL:0.49986987091171214
