ELO:1112
CE_PASSEDPAWNS:0.5176929281353745
CE_PAWNWEAKNESSES:0.4873166181669998
CE_PIECEACTIVITY:0.4825601017705921
CE_KINGPAWNSHIELD:0.5162997968099955
CE_PIECECOORDINATION:0.5707969823983154
CE_MATERIAL:0.4658418505371288
CE_KINGSAFETY:0.4979421795463322
C_PIECESQUARETABLES:0.5
C_MOBILITY:0.5335361914694342
C_KINGSAFETY:0.5545891168207643
C_PAWNSTRUCTURE:0.5180098244591207
C_PIECECOORDINATION:0.4622137664692044
C_ROOKANDPAWNMOVEMENT:0.4622137664692044
C_CENTERCONTROL:0.4650641737921429
C_DEVELOPPIECES:0.5777227163754834
C_MATERIAL:0.425799464880008
