ELO:773
CE_PASSEDPAWNS:0.4192374796299557
CE_PAWNWEAKNESSES:0.45942544800252777
CE_PIECEACTIVITY:0.4474457063094897
CE_KINGPAWNSHIELD:0.5566729301448777
CE_PIECECOORDINATION:0.4189258408035794
CE_MATERIAL:0.5723691568360838
CE_KINGSAFETY:0.4763611095688866
C_PIECESQUARETABLES:0.5358086803218824
C_MOBILITY:0.49999081120432065
C_KINGSAFETY:0.5221612438682439
C_PAWNSTRUCTURE:0.48096785971715644
C_PIECECOORDINATION:0.5220719250532276
C_ROOKANDPAWNMOVEMENT:0.5220719250532276
C_CENTERCONTROL:0.5065458485917328
C_DEVELOPPIECES:0.5021207258461621
C_MATERIAL:0.5179651317556354
C_MOVECOUNT:0.5
