ELO:1040
CE_PASSEDPAWNS:0.47045604532609514
CE_PAWNWEAKNESSES:0.49812736182742695
CE_PIECEACTIVITY:0.5153779650542555
CE_KINGPAWNSHIELD:0.4774259118591802
CE_PIECECOORDINATION:0.47612212011757293
CE_MATERIAL:0.5006123547778206
CE_KINGSAFETY:0.5
C_PIECESQUARETABLES:0.5
C_MOBILITY:0.5812693077273573
C_KINGSAFETY:0.5680808715588775
C_PAWNSTRUCTURE:0.5151620232707637
C_PIECECOORDINATION:0.5296891791996222
C_ROOKANDPAWNMOVEMENT:0.5296891791996222
C_CENTERCONTROL:0.4594265797022971
C_DEVELOPPIECES:0.5631065296749146
C_MATERIAL:0.48479518543292033
