ELO:1000
CE_PASSEDPAWNS:0.47054638836391904
CE_PAWNWEAKNESSES:0.5367243874228939
CE_PIECEACTIVITY:0.5459036510221357
CE_KINGPAWNSHIELD:0.5184886905250838
CE_PIECECOORDINATION:0.5198793714093287
CE_MATERIAL:0.49794100269844377
CE_KINGSAFETY:0.47536391515839355
C_PIECESQUARETABLES:0.4886075384607731
C_MOBILITY:0.4837635259282818
C_KINGSAFETY:0.4653441952635514
C_PAWNSTRUCTURE:0.5240284590440853
C_PIECECOORDINATION:0.5388367848917487
C_ROOKANDPAWNMOVEMENT:0.5388367848917487
C_CENTERCONTROL:0.48052709075303784
C_DEVELOPPIECES:0.5006520398248036
C_MATERIAL:0.5637344287484668
