ELO:949
CE_PASSEDPAWNS:0.46461205704968456
CE_PAWNWEAKNESSES:0.5196588543279274
CE_PIECEACTIVITY:0.5091601306407716
CE_KINGPAWNSHIELD:0.566721924381843
CE_PIECECOORDINATION:0.4317706092217642
CE_MATERIAL:0.4933517709226364
CE_KINGSAFETY:0.540974936430641
C_PIECESQUARETABLES:0.4806879927768225
C_MOBILITY:0.5223346716141573
C_KINGSAFETY:0.5631061063786091
C_PAWNSTRUCTURE:0.5037206999661639
C_PIECECOORDINATION:0.5277506724765845
C_ROOKANDPAWNMOVEMENT:0.5277506724765845
C_CENTERCONTROL:0.48100518954674604
C_DEVELOPPIECES:0.5
C_MATERIAL:0.4897440205875664
C_MOVECOUNT:0.426558741339895
