ELO:1000
CE_PASSEDPAWNS:0.4930377149443239
CE_PAWNWEAKNESSES:0.4845068239392393
CE_PIECEACTIVITY:0.5153383233836488
CE_KINGPAWNSHIELD:0.5014001443178726
CE_PIECECOORDINATION:0.44590167825867305
CE_MATERIAL:0.5006653799653771
CE_KINGSAFETY:0.4919261219367891
C_PIECESQUARETABLES:0.511932560484358
C_MOBILITY:0.4941335983964547
C_KINGSAFETY:0.5453028972287741
C_PAWNSTRUCTURE:0.4827649423549848
C_PIECECOORDINATION:0.5498337129527419
C_ROOKANDPAWNMOVEMENT:0.5498337129527419
C_CENTERCONTROL:0.4714236996326655
C_DEVELOPPIECES:0.5157490334457194
C_MATERIAL:0.5503968310839716
