ELO:954
CE_PASSEDPAWNS:0.49860854456963066
CE_PAWNWEAKNESSES:0.4953073881387014
CE_PIECEACTIVITY:0.5059167229000568
CE_KINGPAWNSHIELD:0.4758796640392643
CE_PIECECOORDINATION:0.5
CE_MATERIAL:0.5088414350206766
CE_KINGSAFETY:0.5067159602459782
C_PIECESQUARETABLES:0.4791664430789947
C_MOBILITY:0.47893757939243925
C_KINGSAFETY:0.526064189457294
C_PAWNSTRUCTURE:0.5
C_PIECECOORDINATION:0.5188995833369574
C_ROOKANDPAWNMOVEMENT:0.5188995833369574
C_CENTERCONTROL:0.49982855003946175
C_DEVELOPPIECES:0.5033337077019326
C_MATERIAL:0.49453433724056733
C_MOVECOUNT:0.5
