ELO:951
CE_PASSEDPAWNS:0.5070508855594562
CE_PAWNWEAKNESSES:0.46693859896768813
CE_PIECEACTIVITY:0.5164273092975799
CE_KINGPAWNSHIELD:0.5322611262122294
CE_PIECECOORDINATION:0.4710520238517731
CE_MATERIAL:0.4986192574156528
CE_KINGSAFETY:0.5153134492050165
C_PIECESQUARETABLES:0.46723844133409553
C_MOBILITY:0.5065378218032258
C_KINGSAFETY:0.5022898131427177
C_PAWNSTRUCTURE:0.49772891190323953
C_PIECECOORDINATION:0.45973331010939644
C_ROOKANDPAWNMOVEMENT:0.45973331010939644
C_CENTERCONTROL:0.5139456407605385
C_DEVELOPPIECES:0.48986790450675943
C_MATERIAL:0.46703637907252776
C_MOVECOUNT:0.5
