ELO:988
CE_PASSEDPAWNS:0.5418325806094596
CE_PAWNWEAKNESSES:0.5875852939954577
CE_PIECEACTIVITY:0.5469817717881355
CE_KINGPAWNSHIELD:0.5688480126560895
CE_PIECECOORDINATION:0.5030494923646198
CE_MATERIAL:0.5163660023472482
CE_KINGSAFETY:0.49393413217352394
C_PIECESQUARETABLES:0.4893422813780118
C_MOBILITY:0.5222060678676563
C_KINGSAFETY:0.4921789101556498
C_PAWNSTRUCTURE:0.49820937836977636
C_PIECECOORDINATION:0.5610289635006811
C_ROOKANDPAWNMOVEMENT:0.5610289635006811
C_CENTERCONTROL:0.48543353656903443
C_DEVELOPPIECES:0.49859753106477667
C_MATERIAL:0.5039601997160131
