ELO:991
CE_PASSEDPAWNS:0.48548986457956916
CE_PAWNWEAKNESSES:0.501276548906914
CE_PIECEACTIVITY:0.4856461410645905
CE_KINGPAWNSHIELD:0.5083991378920889
CE_PIECECOORDINATION:0.5188995721749341
CE_MATERIAL:0.49058514348259624
CE_KINGSAFETY:0.5
C_PIECESQUARETABLES:0.509640250277942
C_MOBILITY:0.5218391868628365
C_KINGSAFETY:0.493342143769131
C_PAWNSTRUCTURE:0.5006185156435715
C_PIECECOORDINATION:0.46322271248717395
C_ROOK:0.5336982890116575
CE_ROOK:0.5075241410515731
C_CENTERCONTROL:0.5068683209614654
C_DEVELOPPIECES:0.5125824219633193
C_MATERIAL:0.5151692822478279
C_MOVECOUNT:0.5076771874569679
C_PAWNMOVEMENT:0.5017133268940478
