ELO:942
CE_PASSEDPAWNS:0.48151162896302285
CE_PAWNWEAKNESSES:0.45843705782167044
CE_PIECEACTIVITY:0.46835117177953295
CE_KINGPAWNSHIELD:0.46116023985174714
CE_PIECECOORDINATION:0.5030961022404951
CE_MATERIAL:0.5139899990127557
CE_KINGSAFETY:0.46436504876455165
C_PIECESQUARETABLES:0.5467399283680006
C_MOBILITY:0.44609977043268967
C_KINGSAFETY:0.5003082938734295
C_PAWNSTRUCTURE:0.562308344840272
C_PIECECOORDINATION:0.531077863489561
C_ROOKANDPAWNMOVEMENT:0.531077863489561
C_CENTERCONTROL:0.5787876727857401
C_DEVELOPPIECES:0.5645355095071315
C_MATERIAL:0.5717591769535594
