ELO:762
CE_PASSEDPAWNS:0.3833532867591368
CE_PAWNWEAKNESSES:0.43871412508198027
CE_PIECEACTIVITY:0.3860668850963354
CE_KINGPAWNSHIELD:0.6047719450795086
CE_PIECECOORDINATION:0.42040275512835307
CE_MATERIAL:0.5514185679169805
CE_KINGSAFETY:0.46237621837560117
C_PIECESQUARETABLES:0.53168345242829
C_MOBILITY:0.4758042223649938
C_KINGSAFETY:0.5071155155498008
C_PAWNSTRUCTURE:0.4667796561511516
C_PIECECOORDINATION:0.5250450731503418
C_ROOKANDPAWNMOVEMENT:0.5250450731503418
C_CENTERCONTROL:0.5126358559079643
C_DEVELOPPIECES:0.4873009630120168
C_MATERIAL:0.5344483860378348
C_MOVECOUNT:0.5
