ELO:982
CE_PASSEDPAWNS:0.48548986457956916
CE_PAWNWEAKNESSES:0.501276548906914
CE_PIECEACTIVITY:0.4823578311707496
CE_KINGPAWNSHIELD:0.5083991378920889
CE_PIECECOORDINATION:0.5188995721749341
CE_MATERIAL:0.49058514348259624
CE_KINGSAFETY:0.4834754737476762
C_PIECESQUARETABLES:0.5098076785664887
C_MOBILITY:0.5218391868628365
C_KINGSAFETY:0.48731773819183694
C_PAWNSTRUCTURE:0.5049001098204947
C_PIECECOORDINATION:0.46322271248717395
C_ROOK:0.5298940065402699
CE_ROOK:0.5075241410515731
C_CENTERCONTROL:0.5068683209614654
C_DEVELOPPIECES:0.5125824219633193
C_MATERIAL:0.5151692822478279
C_MOVECOUNT:0.5047458387108738
C_PAWNMOVEMENT:0.5058930879622939
