ELO:1022
CE_PASSEDPAWNS:0.49792896395499114
CE_PAWNWEAKNESSES:0.499028823613761
CE_PIECEACTIVITY:0.5
CE_KINGPAWNSHIELD:0.49889007582200795
CE_PIECECOORDINATION:0.5096731799647222
CE_MATERIAL:0.5042567387563619
CE_KINGSAFETY:0.5
C_PIECESQUARETABLES:0.5
C_MOBILITY:0.5068452245655766
C_KINGSAFETY:0.47636972803011535
C_PAWNSTRUCTURE:0.49182387030073926
C_PIECECOORDINATION:0.5
C_ROOKANDPAWNMOVEMENT:0.5
C_CENTERCONTROL:0.5038554170303029
C_DEVELOPPIECES:0.5153977266959486
C_MATERIAL:0.5069821193587588
C_MOVECOUNT:0.5
