ELO:852
CE_PASSEDPAWNS:0.4945140166915392
CE_PAWNWEAKNESSES:0.4919027497096805
CE_PIECEACTIVITY:0.47225928363130415
CE_KINGPAWNSHIELD:0.48653209068925496
CE_PIECECOORDINATION:0.5267103028401154
CE_MATERIAL:0.5036465703756562
CE_KINGSAFETY:0.4948680896325161
C_PIECESQUARETABLES:0.5122369563758175
C_MOBILITY:0.5518127191046875
C_KINGSAFETY:0.5024065009138395
C_PAWNSTRUCTURE:0.4813435210488188
C_PIECECOORDINATION:0.41825416983312425
C_ROOK:0.5788466746271024
CE_ROOK:0.5278319994737197
C_CENTERCONTROL:0.5228261766051335
C_DEVELOPPIECES:0.483863901610375
C_MATERIAL:0.5125469713431504
C_MOVECOUNT:0.5503825778542578
C_PAWNMOVEMENT:0.49627992167360774
