ELO:780
CE_PASSEDPAWNS:0.44559502382154126
CE_PAWNWEAKNESSES:0.4311208894259
CE_PIECEACTIVITY:0.5648498916169143
CE_KINGPAWNSHIELD:0.6556105484640292
CE_PIECECOORDINATION:0.67266334261228
CE_MATERIAL:0.4959398073419327
CE_KINGSAFETY:0.5101339885183864
C_PIECESQUARETABLES:0.49045409482362023
C_MOBILITY:0.48587531562580033
C_KINGSAFETY:0.5674084688866254
C_PAWNSTRUCTURE:0.49746950677138174
C_PIECECOORDINATION:0.46029154296576424
C_ROOKANDPAWNMOVEMENT:0.46029154296576424
C_CENTERCONTROL:0.5036310314952971
C_DEVELOPPIECES:0.5426691496135485
C_MATERIAL:0.47285622554504736
C_MOVECOUNT:0.5
