ELO:879
CE_PASSEDPAWNS:0.5179546770666021
CE_PAWNWEAKNESSES:0.6312828695807609
CE_PIECEACTIVITY:0.5143399010758917
CE_KINGPAWNSHIELD:0.5568696833079059
CE_PIECECOORDINATION:0.494564376843922
CE_MATERIAL:0.598187599309536
CE_KINGSAFETY:0.47065702616091004
C_PIECESQUARETABLES:0.482013489809341
C_MOBILITY:0.5430266947693826
C_KINGSAFETY:0.5346402784857684
C_PAWNSTRUCTURE:0.45488407113581397
C_PIECECOORDINATION:0.5828498116798789
C_ROOKANDPAWNMOVEMENT:0.5828498116798789
C_CENTERCONTROL:0.4449029138648974
C_DEVELOPPIECES:0.47878553604792223
C_MATERIAL:0.4807142394785578
