ELO:1095
CE_PASSEDPAWNS:0.48510904093551194
CE_PAWNWEAKNESSES:0.5361701749825959
CE_PIECEACTIVITY:0.5370831974487065
CE_KINGPAWNSHIELD:0.5061832043313106
CE_PIECECOORDINATION:0.5112667395060579
CE_MATERIAL:0.5395196003297927
CE_KINGSAFETY:0.5
C_PIECESQUARETABLES:0.5
C_MOBILITY:0.5247180008665671
C_KINGSAFETY:0.4038595081370403
C_PAWNSTRUCTURE:0.48252833275085205
C_PIECECOORDINATION:0.5296891791996222
C_ROOKANDPAWNMOVEMENT:0.5296891791996222
C_CENTERCONTROL:0.4613931969532703
C_DEVELOPPIECES:0.4186956890767564
C_MATERIAL:0.48479518543292033
