ELO:964
CE_PASSEDPAWNS:0.4533177884822416
CE_PAWNWEAKNESSES:0.4226387924815418
CE_PIECEACTIVITY:0.33815091662850166
CE_KINGPAWNSHIELD:0.3543996453905258
CE_PIECECOORDINATION:0.540716149233393
CE_MATERIAL:0.45307274299934625
CE_KINGSAFETY:0.5002376943818068
C_PIECESQUARETABLES:0.5147410028448592
C_MOBILITY:0.5778028691346486
C_KINGSAFETY:0.475748407029689
C_PAWNSTRUCTURE:0.46054427260367564
C_PIECECOORDINATION:0.4694780179438744
C_ROOKANDPAWNMOVEMENT:0.4694780179438744
C_CENTERCONTROL:0.6075109771208803
C_DEVELOPPIECES:0.35769949507813287
C_MATERIAL:0.5961630701883155
