ELO:940
CE_PASSEDPAWNS:0.5169943039769164
CE_PAWNWEAKNESSES:0.4902737901039253
CE_PIECEACTIVITY:0.4887723995585068
CE_KINGPAWNSHIELD:0.4883061374349547
CE_PIECECOORDINATION:0.48987267423081654
CE_MATERIAL:0.4902202644624706
CE_KINGSAFETY:0.49115812229078676
C_PIECESQUARETABLES:0.4949530014819499
C_MOBILITY:0.5060463732112753
C_KINGSAFETY:0.5110700028634206
C_PAWNSTRUCTURE:0.4840324461396963
C_PIECECOORDINATION:0.49794068130750163
C_ROOKANDPAWNMOVEMENT:0.49794068130750163
C_CENTERCONTROL:0.5262141255492787
C_DEVELOPPIECES:0.511963960278427
C_MATERIAL:0.5040990876379888
C_MOVECOUNT:0.5
