ELO:896
CE_PASSEDPAWNS:0.5007784089877256
CE_PAWNWEAKNESSES:0.46669690779057205
CE_PIECEACTIVITY:0.4644927217497969
CE_KINGPAWNSHIELD:0.4796258493784751
CE_PIECECOORDINATION:0.5368247948659944
CE_MATERIAL:0.4747020896859137
CE_KINGSAFETY:0.5119386244870584
C_PIECESQUARETABLES:0.4995049125949719
C_MOBILITY:0.44428240740072145
C_KINGSAFETY:0.4447774563132561
C_PAWNSTRUCTURE:0.4924200516801262
C_PIECECOORDINATION:0.5027312328908995
C_ROOKANDPAWNMOVEMENT:0.5027312328908995
C_CENTERCONTROL:0.5351832364726038
C_DEVELOPPIECES:0.5363975743027837
C_MATERIAL:0.49156155633284265
C_MOVECOUNT:0.47730201811576645
