ELO:826
CE_PASSEDPAWNS:0.48857260364441585
CE_PAWNWEAKNESSES:0.47335212514789826
CE_PIECEACTIVITY:0.4836523031513368
CE_KINGPAWNSHIELD:0.46186502694391823
CE_PIECECOORDINATION:0.5171974230108447
CE_MATERIAL:0.49715053602341497
CE_KINGSAFETY:0.5019628620961689
C_PIECESQUARETABLES:0.5
C_MOBILITY:0.5498742544552535
C_KINGSAFETY:0.5077693570981937
C_PAWNSTRUCTURE:0.48994846452121976
C_PIECECOORDINATION:0.421839044533744
C_ROOK:0.5972470756663624
CE_ROOK:0.5256487547889597
C_CENTERCONTROL:0.5116019571786359
C_DEVELOPPIECES:0.49335645133413003
C_MATERIAL:0.5183921355452157
C_MOVECOUNT:0.5495340604298407
C_PAWNMOVEMENT:0.48933999478023316
