ELO:905
CE_PASSEDPAWNS:0.5002340846657276
CE_PAWNWEAKNESSES:0.49328304880434265
CE_PIECEACTIVITY:0.4657161537989555
CE_KINGPAWNSHIELD:0.4587128563093421
CE_PIECECOORDINATION:0.4802164736929823
CE_MATERIAL:0.5146481310831366
CE_KINGSAFETY:0.44622601584367727
C_PIECESQUARETABLES:0.47099318447093547
C_MOBILITY:0.4580936610992974
C_KINGSAFETY:0.5102788274437632
C_PAWNSTRUCTURE:0.5369921893495824
C_PIECECOORDINATION:0.5033087880641851
C_ROOKANDPAWNMOVEMENT:0.5033087880641851
C_CENTERCONTROL:0.487525607379802
C_DEVELOPPIECES:0.5129671939822492
C_MATERIAL:0.5198527455492233
C_MOVECOUNT:0.5
