ELO:913
CE_PASSEDPAWNS:0.5011926481502276
CE_PAWNWEAKNESSES:0.4967478242813271
CE_PIECEACTIVITY:0.4871024291866143
CE_KINGPAWNSHIELD:0.4956868548032016
CE_PIECECOORDINATION:0.5180085639438994
CE_MATERIAL:0.4930752782197727
CE_KINGSAFETY:0.5075036619104878
C_PIECESQUARETABLES:0.5145633395734928
C_MOBILITY:0.5456316597546429
C_KINGSAFETY:0.5084691756774055
C_PAWNSTRUCTURE:0.48120106631494763
C_PIECECOORDINATION:0.42081731492491686
C_ROOK:0.5809544926343339
CE_ROOK:0.5267792697869675
C_CENTERCONTROL:0.5320611291180456
C_DEVELOPPIECES:0.5003483171320091
C_MATERIAL:0.5144069663860827
C_MOVECOUNT:0.511126771427433
C_PAWNMOVEMENT:0.5093123475590706
