ELO:1127
CE_PASSEDPAWNS:0.5006710493666746
CE_PAWNWEAKNESSES:0.52180516396023
CE_PIECEACTIVITY:0.49355542074885583
CE_KINGPAWNSHIELD:0.5781628506475198
CE_PIECECOORDINATION:0.4740445867024571
CE_MATERIAL:0.4340882362581037
CE_KINGSAFETY:0.5
C_PIECESQUARETABLES:0.5
C_MOBILITY:0.5335361914694342
C_KINGSAFETY:0.5190868273825205
C_PAWNSTRUCTURE:0.507578078531054
C_PIECECOORDINATION:0.47863206872267633
C_ROOKANDPAWNMOVEMENT:0.47863206872267633
C_CENTERCONTROL:0.5916556751746048
C_DEVELOPPIECES:0.5034004472324135
C_MATERIAL:0.3706944172583875
