ELO:983
CE_PASSEDPAWNS:0.48788635400728686
CE_PAWNWEAKNESSES:0.49902937354222116
CE_PIECEACTIVITY:0.4923816558060437
CE_KINGPAWNSHIELD:0.4968283188104824
CE_PIECECOORDINATION:0.5180085639438994
CE_MATERIAL:0.49979772800158795
CE_KINGSAFETY:0.5076862226075606
C_PIECESQUARETABLES:0.5045448807592152
C_MOBILITY:0.5452283989878235
C_KINGSAFETY:0.5189857497416648
C_PAWNSTRUCTURE:0.49058479839908614
C_PIECECOORDINATION:0.42459790142584647
C_ROOK:0.5743420200303199
CE_ROOK:0.5145133378967528
C_CENTERCONTROL:0.5326779435932758
C_DEVELOPPIECES:0.49432172943542035
C_MATERIAL:0.5090797980638421
C_MOVECOUNT:0.5206014447916033
C_PAWNMOVEMENT:0.5208732562750431
