ELO:948
CE_PASSEDPAWNS:0.5111205199287276
CE_PAWNWEAKNESSES:0.5106290908780285
CE_PIECEACTIVITY:0.5096675310952117
CE_KINGPAWNSHIELD:0.497018688286957
CE_PIECECOORDINATION:0.5113659063490726
CE_MATERIAL:0.4626794241429929
CE_KINGSAFETY:0.48909054001608554
C_PIECESQUARETABLES:0.5101484867598164
C_MOBILITY:0.5334792845554928
C_KINGSAFETY:0.5072911210971186
C_PAWNSTRUCTURE:0.48254354386532605
C_PIECECOORDINATION:0.49713512699412493
C_ROOKANDPAWNMOVEMENT:0.49713512699412493
C_CENTERCONTROL:0.5153060844748587
C_DEVELOPPIECES:0.5425547332941563
C_MATERIAL:0.45710256216240025
C_MOVECOUNT:0.5
