ELO:938
CE_PASSEDPAWNS:0.4831366309991892
CE_PAWNWEAKNESSES:0.49499739472133664
CE_PIECEACTIVITY:0.4864476012275932
CE_KINGPAWNSHIELD:0.5083991378920889
CE_PIECECOORDINATION:0.5102883353728812
CE_MATERIAL:0.49724291810024046
CE_KINGSAFETY:0.5
C_PIECESQUARETABLES:0.5061319889044161
C_MOBILITY:0.5428752067566619
C_KINGSAFETY:0.5083977787081305
C_PAWNSTRUCTURE:0.4787573122554944
C_PIECECOORDINATION:0.4333615173139428
C_ROOK:0.553267584855008
CE_ROOK:0.4936062314334489
C_CENTERCONTROL:0.5365266780796631
C_DEVELOPPIECES:0.5126379174304361
C_MATERIAL:0.5090797980638421
C_MOVECOUNT:0.5213835476444285
C_PAWNMOVEMENT:0.5234885553749837
