ELO:932
CE_PASSEDPAWNS:0.49986132692009605
CE_PAWNWEAKNESSES:0.4929808859755208
CE_PIECEACTIVITY:0.46728934717983206
CE_KINGPAWNSHIELD:0.4584921256469538
CE_PIECECOORDINATION:0.48087296961021786
CE_MATERIAL:0.5256371108192986
CE_KINGSAFETY:0.4523389142712299
C_PIECESQUARETABLES:0.462103077364275
C_MOBILITY:0.4548429358006122
C_KINGSAFETY:0.5530151674164442
C_PAWNSTRUCTURE:0.5046381316102923
C_PIECECOORDINATION:0.5068860918889011
C_ROOKANDPAWNMOVEMENT:0.5068860918889011
C_CENTERCONTROL:0.49267732666767133
C_DEVELOPPIECES:0.5167962407278394
C_MATERIAL:0.5179354534571197
C_MOVECOUNT:0.5
