ELO:854
CE_PASSEDPAWNS:0.47859139496375336
CE_PAWNWEAKNESSES:0.4591412190564628
CE_PIECEACTIVITY:0.4754233826148332
CE_KINGPAWNSHIELD:0.4518456082304642
CE_PIECECOORDINATION:0.5040398793052094
CE_MATERIAL:0.5043518350215769
CE_KINGSAFETY:0.49880798467014553
C_PIECESQUARETABLES:0.5211382566503439
C_MOBILITY:0.5513042261590382
C_KINGSAFETY:0.49667049261940976
C_PAWNSTRUCTURE:0.5008770669541996
C_PIECECOORDINATION:0.4137993794657303
C_ROOK:0.6027666994426703
CE_ROOK:0.5327601192071443
C_CENTERCONTROL:0.4968204819122205
C_DEVELOPPIECES:0.4807966645825407
C_MATERIAL:0.5188373028984827
C_MOVECOUNT:0.571526892001309
C_PAWNMOVEMENT:0.5031534925771002
