ELO:1030
CE_PASSEDPAWNS:0.49792896395499114
CE_PAWNWEAKNESSES:0.4705705225330216
CE_PIECEACTIVITY:0.5
CE_KINGPAWNSHIELD:0.5022988077353194
CE_PIECECOORDINATION:0.5012723039435474
CE_MATERIAL:0.5
CE_KINGSAFETY:0.5
C_PIECESQUARETABLES:0.5
C_MOBILITY:0.5
C_KINGSAFETY:0.47636972803011535
C_PAWNSTRUCTURE:0.5
C_PIECECOORDINATION:0.5095854167215581
C_ROOKANDPAWNMOVEMENT:0.5095854167215581
C_CENTERCONTROL:0.49877025168862327
C_DEVELOPPIECES:0.49038958554969597
C_MATERIAL:0.5042383834480488
C_MOVECOUNT:0.5003790961678134
