ELO:966
CE_PASSEDPAWNS:0.4831366309991892
CE_PAWNWEAKNESSES:0.5003145535487827
CE_PIECEACTIVITY:0.4824597820012473
CE_KINGPAWNSHIELD:0.5011313261425234
CE_PIECECOORDINATION:0.5102883353728812
CE_MATERIAL:0.49724291810024046
CE_KINGSAFETY:0.5
C_PIECESQUARETABLES:0.5
C_MOBILITY:0.5486552113599936
C_KINGSAFETY:0.5154475794098677
C_PAWNSTRUCTURE:0.4996529499564525
C_PIECECOORDINATION:0.4310223516680579
C_ROOK:0.5586832153869294
CE_ROOK:0.4936062314334489
C_CENTERCONTROL:0.5365266780796631
C_DEVELOPPIECES:0.49432172943542035
C_MATERIAL:0.5090797980638421
C_MOVECOUNT:0.5284336528557824
C_PAWNMOVEMENT:0.525908741015948
