ELO:989
CE_PASSEDPAWNS:0.5277288571395565
CE_PAWNWEAKNESSES:0.4747266971979074
CE_PIECEACTIVITY:0.527730034147028
CE_KINGPAWNSHIELD:0.542603462243025
CE_PIECECOORDINATION:0.5068734915480618
CE_MATERIAL:0.4694181679613265
CE_KINGSAFETY:0.4859871102131132
C_PIECESQUARETABLES:0.5
C_MOBILITY:0.5950152113248234
C_KINGSAFETY:0.5324639742653535
C_PAWNSTRUCTURE:0.46054427260367564
C_PIECECOORDINATION:0.4902217065858179
C_ROOKANDPAWNMOVEMENT:0.4902217065858179
C_CENTERCONTROL:0.41693546201915516
C_DEVELOPPIECES:0.4354212939766876
C_MATERIAL:0.6234991122067586
