ELO:983
CE_PASSEDPAWNS:0.49049045984788514
CE_PAWNWEAKNESSES:0.5056597523130061
CE_PIECEACTIVITY:0.5
CE_KINGPAWNSHIELD:0.5091359811353064
CE_PIECECOORDINATION:0.5204853598539891
CE_MATERIAL:0.49476033177496676
CE_KINGSAFETY:0.501346740773534
C_PIECESQUARETABLES:0.5059805247243323
C_MOBILITY:0.48513212703122344
C_KINGSAFETY:0.5
C_PAWNSTRUCTURE:0.5171852647058974
C_PIECECOORDINATION:0.5554455735176274
C_ROOKANDPAWNMOVEMENT:0.5554455735176274
C_CENTERCONTROL:0.4946267502748439
C_DEVELOPPIECES:0.5
C_MATERIAL:0.4851885541866622
C_MOVECOUNT:0.5093986677256387
