ELO:873
CE_PASSEDPAWNS:0.5502300037291309
CE_PAWNWEAKNESSES:0.5328324940253363
CE_PIECEACTIVITY:0.6018161931656417
CE_KINGPAWNSHIELD:0.46761912239460157
CE_PIECECOORDINATION:0.5158030751733106
CE_MATERIAL:0.5224283219556929
CE_KINGSAFETY:0.4845320697554887
C_PIECESQUARETABLES:0.4434277388391029
C_MOBILITY:0.46551373656617284
C_KINGSAFETY:0.47241639490067994
C_PAWNSTRUCTURE:0.48578600157684704
C_PIECECOORDINATION:0.4959704027993875
C_ROOKANDPAWNMOVEMENT:0.4959704027993875
C_CENTERCONTROL:0.4393477186888814
C_DEVELOPPIECES:0.5541452847596559
C_MATERIAL:0.42449259742032747
