ELO:932
CE_PASSEDPAWNS:0.5209861390676087
CE_PAWNWEAKNESSES:0.5156532954612298
CE_PIECEACTIVITY:0.5984008251673787
CE_KINGPAWNSHIELD:0.4712214213611713
CE_PIECECOORDINATION:0.4960160670256075
CE_MATERIAL:0.5427439043493238
CE_KINGSAFETY:0.5068933668139068
C_PIECESQUARETABLES:0.47177150797629935
C_MOBILITY:0.4885436975674753
C_KINGSAFETY:0.5448321989291548
C_PAWNSTRUCTURE:0.5008660651499631
C_PIECECOORDINATION:0.48607169410049117
C_ROOKANDPAWNMOVEMENT:0.48607169410049117
C_CENTERCONTROL:0.4481251367960887
C_DEVELOPPIECES:0.5605322178017254
C_MATERIAL:0.4289749947558112
