ELO:998
CE_PASSEDPAWNS:0.5109123363274067
CE_PAWNWEAKNESSES:0.479809219404477
CE_PIECEACTIVITY:0.5953706747906873
CE_KINGPAWNSHIELD:0.5146457414223106
CE_PIECECOORDINATION:0.5343537662713832
CE_MATERIAL:0.49793593044681406
CE_KINGSAFETY:0.5524116092001471
C_PIECESQUARETABLES:0.4626852890292482
C_MOBILITY:0.5123392218216976
C_KINGSAFETY:0.48420798659317227
C_PAWNSTRUCTURE:0.39683498902690273
C_PIECECOORDINATION:0.4745475698840104
C_ROOKANDPAWNMOVEMENT:0.4745475698840104
C_CENTERCONTROL:0.46761286192555546
C_DEVELOPPIECES:0.5421027544127809
C_MATERIAL:0.4526284869047494
