ELO:1000
CE_PASSEDPAWNS:0.4909880795545367
CE_PAWNWEAKNESSES:0.5339169311734397
CE_PIECEACTIVITY:0.5180253710905947
CE_KINGPAWNSHIELD:0.5267660530115155
CE_PIECECOORDINATION:0.5117822893158216
CE_MATERIAL:0.49838087387974783
CE_KINGSAFETY:0.5357656753685499
C_PIECESQUARETABLES:0.4916991093460923
C_MOBILITY:0.5567147929382186
C_KINGSAFETY:0.4795695582288174
C_PAWNSTRUCTURE:0.5200248763640296
C_PIECECOORDINATION:0.4867702186290176
C_ROOKANDPAWNMOVEMENT:0.4867702186290176
C_CENTERCONTROL:0.49472058329433255
C_DEVELOPPIECES:0.5786429766409248
C_MATERIAL:0.48912085279622025
