ELO:956
CE_PASSEDPAWNS:0.48824011299911757
CE_PAWNWEAKNESSES:0.5308505847855457
CE_PIECEACTIVITY:0.4640038190134389
CE_KINGPAWNSHIELD:0.5064187732126826
CE_PIECECOORDINATION:0.5273221634372485
CE_MATERIAL:0.5129966092879779
CE_KINGSAFETY:0.5
C_PIECESQUARETABLES:0.5
C_MOBILITY:0.4802419568773613
C_KINGSAFETY:0.5040597131223814
C_PAWNSTRUCTURE:0.5128498009185113
C_PIECECOORDINATION:0.5118110910469905
C_ROOK:0.4991678496340421
CE_ROOK:0.47520861862107966
C_CENTERCONTROL:0.502706049862657
C_DEVELOPPIECES:0.5247955212135894
C_MATERIAL:0.5367489117647287
C_MOVECOUNT:0.47722860725813354
C_PAWNMOVEMENT:0.5009988092291111
