ELO:994
CE_PASSEDPAWNS:0.4943075844242839
CE_PAWNWEAKNESSES:0.5252556786947863
CE_PIECEACTIVITY:0.4837588328424478
CE_KINGPAWNSHIELD:0.5064187732126826
CE_PIECECOORDINATION:0.5252303717644408
CE_MATERIAL:0.5092382430825291
CE_KINGSAFETY:0.4999365213094002
C_PIECESQUARETABLES:0.4960937980573921
C_MOBILITY:0.4889158879108315
C_KINGSAFETY:0.4940433708389467
C_PAWNSTRUCTURE:0.5211007250942823
C_PIECECOORDINATION:0.5023198279856058
C_ROOK:0.498759357348552
CE_ROOK:0.4796467674651307
C_CENTERCONTROL:0.5057712709639277
C_DEVELOPPIECES:0.5247955212135894
C_MATERIAL:0.5251884830407261
C_MOVECOUNT:0.4986361082045199
C_PAWNMOVEMENT:0.5128388799249387
