ELO:794
CE_PASSEDPAWNS:0.6475647710623322
CE_PAWNWEAKNESSES:0.5208426602169226
CE_PIECEACTIVITY:0.5561562577446687
CE_KINGPAWNSHIELD:0.5655783355254469
CE_PIECECOORDINATION:0.488685715497774
CE_MATERIAL:0.4570037200281125
CE_KINGSAFETY:0.48732411980458257
C_PIECESQUARETABLES:0.5196474870074886
C_MOBILITY:0.4247727926120743
C_KINGSAFETY:0.4861358764944553
C_PAWNSTRUCTURE:0.5012181970536861
C_PIECECOORDINATION:0.4924880286914602
C_ROOKANDPAWNMOVEMENT:0.4924880286914602
C_CENTERCONTROL:0.48903350392981887
C_DEVELOPPIECES:0.5434197611846037
C_MATERIAL:0.48432526604357806
C_MOVECOUNT:0.5191557491221546
