ELO:909
CE_PASSEDPAWNS:0.4868984623043818
CE_PAWNWEAKNESSES:0.5076919014988197
CE_PIECEACTIVITY:0.5112822247748371
CE_KINGPAWNSHIELD:0.4898119205585054
CE_PIECECOORDINATION:0.49019398103143436
CE_MATERIAL:0.5278196240216554
CE_KINGSAFETY:0.4814240713522694
C_PIECESQUARETABLES:0.5149385264347264
C_MOBILITY:0.49382117278698334
C_KINGSAFETY:0.4958845756826581
C_PAWNSTRUCTURE:0.5051084507006461
C_PIECECOORDINATION:0.5260298567358648
C_ROOKANDPAWNMOVEMENT:0.5260298567358648
C_CENTERCONTROL:0.5101842221222392
C_DEVELOPPIECES:0.47047020282612306
C_MATERIAL:0.4851897456417881
C_MOVECOUNT:0.5
