ELO:908
CE_PASSEDPAWNS:0.4974350722128419
CE_PAWNWEAKNESSES:0.5084245797251599
CE_PIECEACTIVITY:0.4688363062992849
CE_KINGPAWNSHIELD:0.4937049495867437
CE_PIECECOORDINATION:0.49349994441387957
CE_MATERIAL:0.4656634190294538
CE_KINGSAFETY:0.49740487939380146
C_PIECESQUARETABLES:0.4473404122640367
C_MOBILITY:0.49792192719974815
C_KINGSAFETY:0.5215816473897101
C_PAWNSTRUCTURE:0.4935550437565204
C_PIECECOORDINATION:0.49142037917814174
C_ROOKANDPAWNMOVEMENT:0.49142037917814174
C_CENTERCONTROL:0.4985391827965255
C_DEVELOPPIECES:0.5203450382788557
C_MATERIAL:0.4521726841564029
