ELO:921
CE_PASSEDPAWNS:0.5219710116225633
CE_PAWNWEAKNESSES:0.5288673001994678
CE_PIECEACTIVITY:0.4693364830782949
CE_KINGPAWNSHIELD:0.5194282553029277
CE_PIECECOORDINATION:0.5007788864338087
CE_MATERIAL:0.510681885277844
CE_KINGSAFETY:0.4848988824938783
C_PIECESQUARETABLES:0.5
C_MOBILITY:0.4893358684484785
C_KINGSAFETY:0.47569722595748
C_PAWNSTRUCTURE:0.45092536118154275
C_PIECECOORDINATION:0.48622205852045886
C_ROOKANDPAWNMOVEMENT:0.48622205852045886
C_CENTERCONTROL:0.5091046795967036
C_DEVELOPPIECES:0.5027509132848235
C_MATERIAL:0.4962809530718744
C_MOVECOUNT:0.5
