ELO:966
CE_PASSEDPAWNS:0.48805740591711105
CE_PAWNWEAKNESSES:0.4767833755776999
CE_PIECEACTIVITY:0.5021769121173657
CE_KINGPAWNSHIELD:0.4880043496181392
CE_PIECECOORDINATION:0.4815564030428631
CE_MATERIAL:0.47185608340709034
CE_KINGSAFETY:0.5
C_PIECESQUARETABLES:0.5048639700241325
C_MOBILITY:0.4702451877650684
C_KINGSAFETY:0.567294315788618
C_PAWNSTRUCTURE:0.4854991791539603
C_PIECECOORDINATION:0.4880633323379833
C_ROOK:0.5233833011962249
CE_ROOK:0.5140654004037574
C_CENTERCONTROL:0.49586425488947755
C_DEVELOPPIECES:0.4459097170332515
C_MATERIAL:0.5095203915322638
C_MOVECOUNT:0.4972555619654563
C_PAWNMOVEMENT:0.4358885062069499
