ELO:1016
CE_PASSEDPAWNS:0.5030862062208868
CE_PAWNWEAKNESSES:0.5
CE_PIECEACTIVITY:0.507679070648016
CE_KINGPAWNSHIELD:0.49758028353016936
CE_PIECECOORDINATION:0.49521597760119135
CE_MATERIAL:0.5
CE_KINGSAFETY:0.5
C_PIECESQUARETABLES:0.5
C_MOBILITY:0.50560728417518
C_KINGSAFETY:0.48470192318849487
C_PAWNSTRUCTURE:0.5
C_PIECECOORDINATION:0.523706177437589
C_ROOKANDPAWNMOVEMENT:0.523706177437589
C_CENTERCONTROL:0.5
C_DEVELOPPIECES:0.501140068744439
C_MATERIAL:0.4990865600180096
C_MOVECOUNT:0.5
