ELO:947
CE_PASSEDPAWNS:0.49067071771403414
CE_PAWNWEAKNESSES:0.5283533212941773
CE_PIECEACTIVITY:0.5322093090455483
CE_KINGPAWNSHIELD:0.449571223496715
CE_PIECECOORDINATION:0.5109175272064429
CE_MATERIAL:0.5024423796754784
CE_KINGSAFETY:0.4894901817843167
C_PIECESQUARETABLES:0.5
C_MOBILITY:0.48727362309904665
C_KINGSAFETY:0.4878987316956796
C_PAWNSTRUCTURE:0.5093326696712613
C_PIECECOORDINATION:0.509634045703733
C_ROOKANDPAWNMOVEMENT:0.509634045703733
C_CENTERCONTROL:0.5260769356653245
C_DEVELOPPIECES:0.4745912572325075
C_MATERIAL:0.4924023690815606
C_MOVECOUNT:0.5
