ELO:863
CE_PASSEDPAWNS:0.48363758804084095
CE_PAWNWEAKNESSES:0.46741663960024166
CE_PIECEACTIVITY:0.47400300045236693
CE_KINGPAWNSHIELD:0.5153054084985089
CE_PIECECOORDINATION:0.5589349250390454
CE_MATERIAL:0.5213481203002649
CE_KINGSAFETY:0.48020171808008794
C_PIECESQUARETABLES:0.5256767326763776
C_MOBILITY:0.4938386693703734
C_KINGSAFETY:0.5132814308050277
C_PAWNSTRUCTURE:0.5206232936646341
C_PIECECOORDINATION:0.508184362286821
C_ROOKANDPAWNMOVEMENT:0.508184362286821
C_CENTERCONTROL:0.5120729464972192
C_DEVELOPPIECES:0.6141028485501071
C_MATERIAL:0.5057133689717702
C_MOVECOUNT:0.4589864790316924
