ELO:983
CE_PASSEDPAWNS:0.5148124737425743
CE_PAWNWEAKNESSES:0.48561765968281534
CE_PIECEACTIVITY:0.5986290420903018
CE_KINGPAWNSHIELD:0.515645125901075
CE_PIECECOORDINATION:0.5433676950032438
CE_MATERIAL:0.496136424839921
CE_KINGSAFETY:0.5662838096892931
C_PIECESQUARETABLES:0.478911172393187
C_MOBILITY:0.495351724513301
C_KINGSAFETY:0.4669201124371659
C_PAWNSTRUCTURE:0.3937292548317961
C_PIECECOORDINATION:0.48299093508223856
C_ROOKANDPAWNMOVEMENT:0.48299093508223856
C_CENTERCONTROL:0.45643192325392257
C_DEVELOPPIECES:0.5190086035393335
C_MATERIAL:0.4337111758594491
