ELO:999
CE_PASSEDPAWNS:0.5291594520536093
CE_PAWNWEAKNESSES:0.4820032589487739
CE_PIECEACTIVITY:0.580067054211755
CE_KINGPAWNSHIELD:0.5133963442199587
CE_PIECECOORDINATION:0.5198528660038455
CE_MATERIAL:0.49843600566925506
CE_KINGSAFETY:0.5344208087731099
C_PIECESQUARETABLES:0.48006358682386685
C_MOBILITY:0.502549841207055
C_KINGSAFETY:0.47938054240676004
C_PAWNSTRUCTURE:0.41571640449556346
C_PIECECOORDINATION:0.4639230610643192
C_ROOKANDPAWNMOVEMENT:0.4639230610643192
C_CENTERCONTROL:0.4724141714270069
C_DEVELOPPIECES:0.5499554173367719
C_MATERIAL:0.46079448576704807
