ELO:988
CE_PASSEDPAWNS:0.5195645803962143
CE_PAWNWEAKNESSES:0.4927595886048233
CE_PIECEACTIVITY:0.535617536388275
CE_KINGPAWNSHIELD:0.542603462243025
CE_PIECECOORDINATION:0.4846973356516632
CE_MATERIAL:0.4694181679613265
CE_KINGSAFETY:0.5
C_PIECESQUARETABLES:0.49202987533185527
C_MOBILITY:0.5736313998687915
C_KINGSAFETY:0.5181005320948957
C_PAWNSTRUCTURE:0.46145219496313356
C_PIECECOORDINATION:0.4957709901036408
C_ROOKANDPAWNMOVEMENT:0.4957709901036408
C_CENTERCONTROL:0.41693546201915516
C_DEVELOPPIECES:0.4354212939766876
C_MATERIAL:0.6234991122067586
