ELO:974
CE_PASSEDPAWNS:0.4981298681324791
CE_PAWNWEAKNESSES:0.5088697690693521
CE_PIECEACTIVITY:0.5030621298305571
CE_KINGPAWNSHIELD:0.4909656557843953
CE_PIECECOORDINATION:0.49735050091260646
CE_MATERIAL:0.46291525622249563
CE_KINGSAFETY:0.5
C_PIECESQUARETABLES:0.5040447722892294
C_MOBILITY:0.48504306482356774
C_KINGSAFETY:0.49552767218887184
C_PAWNSTRUCTURE:0.5132556761641586
C_PIECECOORDINATION:0.48588386624884966
C_ROOK:0.4920232923467814
CE_ROOK:0.4789525736193594
C_CENTERCONTROL:0.4902871206227205
C_DEVELOPPIECES:0.503398106028099
C_MATERIAL:0.49478332510758166
C_MOVECOUNT:0.5163210448785943
C_PAWNMOVEMENT:0.48818817618219573
