ELO:829
CE_PASSEDPAWNS:0.4871437380461585
CE_PAWNWEAKNESSES:0.44868964726194915
CE_PIECEACTIVITY:0.4516700882567455
CE_KINGPAWNSHIELD:0.5413185698844775
CE_PIECECOORDINATION:0.5731706887102502
CE_MATERIAL:0.5085441402163107
CE_KINGSAFETY:0.46998055870014
C_PIECESQUARETABLES:0.5278361110387431
C_MOBILITY:0.49480012533670964
C_KINGSAFETY:0.5090064540107219
C_PAWNSTRUCTURE:0.5139594134989234
C_PIECECOORDINATION:0.5028051171838972
C_ROOKANDPAWNMOVEMENT:0.5028051171838972
C_CENTERCONTROL:0.4741738367564929
C_DEVELOPPIECES:0.5849273514677233
C_MATERIAL:0.5207170895568776
C_MOVECOUNT:0.4589864790316924
