ELO:999
CE_PASSEDPAWNS:0.5
CE_PAWNWEAKNESSES:0.4916845613271742
CE_PIECEACTIVITY:0.5146149666151594
CE_KINGPAWNSHIELD:0.5061530549515385
CE_PIECECOORDINATION:0.49991113875742166
CE_MATERIAL:0.5
CE_KINGSAFETY:0.5
C_PIECESQUARETABLES:0.5128614951898934
C_MOBILITY:0.5071662654617101
C_KINGSAFETY:0.49620804413398606
C_PAWNSTRUCTURE:0.4892547543604471
C_PIECECOORDINATION:0.49438791643212987
C_ROOKANDPAWNMOVEMENT:0.49438791643212987
C_CENTERCONTROL:0.4877750953192175
C_DEVELOPPIECES:0.49469601779713374
C_MATERIAL:0.4995049975455062
C_MOVECOUNT:0.5
