ELO:1000
CE_PASSEDPAWNS:0.49965279389584044
CE_PAWNWEAKNESSES:0.5167217321983338
CE_PIECEACTIVITY:0.5284277600782249
CE_KINGPAWNSHIELD:0.5378524621430668
CE_PIECECOORDINATION:0.5310735295549215
CE_MATERIAL:0.4822341289636043
CE_KINGSAFETY:0.5414594383940639
C_PIECESQUARETABLES:0.4934000880253873
C_MOBILITY:0.5487614667550276
C_KINGSAFETY:0.5094581413075716
C_PAWNSTRUCTURE:0.537113106915273
C_PIECECOORDINATION:0.49627208959893204
C_ROOKANDPAWNMOVEMENT:0.49627208959893204
C_CENTERCONTROL:0.49563355467272574
C_DEVELOPPIECES:0.5979242463833601
C_MATERIAL:0.48953145459350783
