ELO:932
CE_PASSEDPAWNS:0.4086858995435001
CE_PAWNWEAKNESSES:0.50732799206566
CE_PIECEACTIVITY:0.5120342215030279
CE_KINGPAWNSHIELD:0.5101962100985662
CE_PIECECOORDINATION:0.4696356650260049
CE_MATERIAL:0.5042896119940194
CE_KINGSAFETY:0.511095079219447
C_PIECESQUARETABLES:0.5
C_MOBILITY:0.42536290689156303
C_KINGSAFETY:0.5079748130455197
C_PAWNSTRUCTURE:0.5015759137242822
C_PIECECOORDINATION:0.4829247280730019
C_ROOKANDPAWNMOVEMENT:0.4829247280730019
C_CENTERCONTROL:0.47485933502514416
C_DEVELOPPIECES:0.5123903327333602
C_MATERIAL:0.4741926737297814
C_MOVECOUNT:0.5
