ELO:968
CE_PASSEDPAWNS:0.4882784709966682
CE_PAWNWEAKNESSES:0.47000791472861425
CE_PIECEACTIVITY:0.4754842781499117
CE_KINGPAWNSHIELD:0.5120734234365574
CE_PIECECOORDINATION:0.507943751119094
CE_MATERIAL:0.47911499930630813
CE_KINGSAFETY:0.49528093472115003
C_PIECESQUARETABLES:0.49058059101024826
C_MOBILITY:0.4972836772940836
C_KINGSAFETY:0.503669976313081
C_PAWNSTRUCTURE:0.5068443957903387
C_PIECECOORDINATION:0.47179267156031973
C_ROOKANDPAWNMOVEMENT:0.47179267156031973
C_CENTERCONTROL:0.5134210640170571
C_DEVELOPPIECES:0.5059964905071043
C_MATERIAL:0.4822812230655642
