ELO:986
CE_PASSEDPAWNS:0.4951440766409655
CE_PAWNWEAKNESSES:0.5116452913093539
CE_PIECEACTIVITY:0.5174569798228507
CE_KINGPAWNSHIELD:0.5346801870002914
CE_PIECECOORDINATION:0.5519865163816733
CE_MATERIAL:0.458583594831381
CE_KINGSAFETY:0.5078429501731867
C_PIECESQUARETABLES:0.49186968310471224
C_MOBILITY:0.5748442531734103
C_KINGSAFETY:0.531446504130518
C_PAWNSTRUCTURE:0.5535460634231762
C_PIECECOORDINATION:0.5226144856139135
C_ROOKANDPAWNMOVEMENT:0.5226144856139135
C_CENTERCONTROL:0.49363546577430584
C_DEVELOPPIECES:0.595658323473788
C_MATERIAL:0.4745289911178514
