ELO:927
CE_PASSEDPAWNS:0.4920929904850261
CE_PAWNWEAKNESSES:0.5491674777004493
CE_PIECEACTIVITY:0.42428808749856417
CE_KINGPAWNSHIELD:0.5104426774339232
CE_PIECECOORDINATION:0.5153559301683515
CE_MATERIAL:0.5294788248294587
CE_KINGSAFETY:0.5
C_PIECESQUARETABLES:0.5063973565742971
C_MOBILITY:0.47392915276742154
C_KINGSAFETY:0.5147532854915027
C_PAWNSTRUCTURE:0.4907123427516877
C_PIECECOORDINATION:0.5230352308509874
C_ROOK:0.497186188253865
CE_ROOK:0.466177771610204
C_CENTERCONTROL:0.4712522440100667
C_DEVELOPPIECES:0.49719919429040793
C_MATERIAL:0.5209381753089016
C_MOVECOUNT:0.4893251180565068
C_PAWNMOVEMENT:0.4859739043445152
