ELO:893
CE_PASSEDPAWNS:0.5432564489324807
CE_PAWNWEAKNESSES:0.5109057235578294
CE_PIECEACTIVITY:0.5932405336013161
CE_KINGPAWNSHIELD:0.45988628367247697
CE_PIECECOORDINATION:0.517198519136224
CE_MATERIAL:0.5467339488971567
CE_KINGSAFETY:0.4687427044196886
C_PIECESQUARETABLES:0.4420246014995874
C_MOBILITY:0.4651222309516754
C_KINGSAFETY:0.4839477844729425
C_PAWNSTRUCTURE:0.4777322277096582
C_PIECECOORDINATION:0.47752529397851157
C_ROOKANDPAWNMOVEMENT:0.47752529397851157
C_CENTERCONTROL:0.4480039480211193
C_DEVELOPPIECES:0.5520584628714363
C_MATERIAL:0.4268213066624097
