ELO:1000
CE_PASSEDPAWNS:0.5327797495656853
CE_PAWNWEAKNESSES:0.4941026528326428
CE_PIECEACTIVITY:0.5073000595625072
CE_KINGPAWNSHIELD:0.5350114495643897
CE_PIECECOORDINATION:0.5131966718701785
CE_MATERIAL:0.5082403016719537
CE_KINGSAFETY:0.50442053891154
C_PIECESQUARETABLES:0.4766164894971494
C_MOBILITY:0.48974284805008805
C_KINGSAFETY:0.4791542744242794
C_PAWNSTRUCTURE:0.46280255167654777
C_PIECECOORDINATION:0.4564043966934569
C_ROOKANDPAWNMOVEMENT:0.4564043966934569
C_CENTERCONTROL:0.5082968572441966
C_DEVELOPPIECES:0.5222450915139012
C_MATERIAL:0.4732563537190428
