ELO:946
CE_PASSEDPAWNS:0.49125049641810964
CE_PAWNWEAKNESSES:0.46687567349739917
CE_PIECEACTIVITY:0.6034388392174409
CE_KINGPAWNSHIELD:0.5158736630816341
CE_PIECECOORDINATION:0.49907979173115874
CE_MATERIAL:0.5346520012927264
CE_KINGSAFETY:0.4824909976013865
C_PIECESQUARETABLES:0.49880014345549717
C_MOBILITY:0.4719427565412101
C_KINGSAFETY:0.44356143881068905
C_PAWNSTRUCTURE:0.3314103539909562
C_PIECECOORDINATION:0.46661994364674725
C_ROOKANDPAWNMOVEMENT:0.46661994364674725
C_CENTERCONTROL:0.4500924808043109
C_DEVELOPPIECES:0.5192136311374563
C_MATERIAL:0.40795359188842534
