ELO:966
CE_PASSEDPAWNS:0.4981298681324791
CE_PAWNWEAKNESSES:0.5703638536772471
CE_PIECEACTIVITY:0.43341706120148904
CE_KINGPAWNSHIELD:0.5202432442071555
CE_PIECECOORDINATION:0.5239604906784002
CE_MATERIAL:0.5199924482568558
CE_KINGSAFETY:0.5
C_PIECESQUARETABLES:0.5
C_MOBILITY:0.5304724231943106
C_KINGSAFETY:0.5583984356552104
C_PAWNSTRUCTURE:0.49897549381445855
C_PIECECOORDINATION:0.5203404145586733
C_ROOK:0.497186188253865
CE_ROOK:0.4588533363059753
C_CENTERCONTROL:0.4902871206227205
C_DEVELOPPIECES:0.4820282643050373
C_MATERIAL:0.4890721751357029
C_MOVECOUNT:0.4928076222270428
C_PAWNMOVEMENT:0.49903618835641544
