ELO:951
CE_PASSEDPAWNS:0.5898445740644248
CE_PAWNWEAKNESSES:0.4400590812136625
CE_PIECEACTIVITY:0.5661454222478107
CE_KINGPAWNSHIELD:0.5598531276215082
CE_PIECECOORDINATION:0.48235062842680615
CE_MATERIAL:0.5079771636622736
CE_KINGSAFETY:0.47542262713436845
C_PIECESQUARETABLES:0.49581352301024356
C_MOBILITY:0.579791115135348
C_KINGSAFETY:0.6001023082872774
C_PAWNSTRUCTURE:0.4653339514164943
C_PIECECOORDINATION:0.5160713093337351
C_ROOKANDPAWNMOVEMENT:0.5160713093337351
C_CENTERCONTROL:0.4453411300433409
C_DEVELOPPIECES:0.36990641820712866
C_MATERIAL:0.5244519938127067
