ELO:1000
CE_PASSEDPAWNS:0.5
CE_PAWNWEAKNESSES:0.4916845613271742
CE_PIECEACTIVITY:0.5069926176929118
CE_KINGPAWNSHIELD:0.5
CE_PIECECOORDINATION:0.5
CE_MATERIAL:0.5
CE_KINGSAFETY:0.5
C_PIECESQUARETABLES:0.5046141039302217
C_MOBILITY:0.5071662654617101
C_KINGSAFETY:0.5
C_PAWNSTRUCTURE:0.4924535877621916
C_PIECECOORDINATION:0.49438791643212987
C_ROOKANDPAWNMOVEMENT:0.49438791643212987
C_CENTERCONTROL:0.5
C_DEVELOPPIECES:0.49469601779713374
C_MATERIAL:0.5
C_MOVECOUNT:0.5
