ELO:929
CE_PASSEDPAWNS:0.48454390517851065
CE_PAWNWEAKNESSES:0.5417856277466818
CE_PIECEACTIVITY:0.42428808749856417
CE_KINGPAWNSHIELD:0.49903732594634925
CE_PIECECOORDINATION:0.5265183876326146
CE_MATERIAL:0.5304305784866127
CE_KINGSAFETY:0.5
C_PIECESQUARETABLES:0.4782639602955616
C_MOBILITY:0.47493242203078634
C_KINGSAFETY:0.5211978368254745
C_PAWNSTRUCTURE:0.5125692046206501
C_PIECECOORDINATION:0.5118110910469905
C_ROOK:0.48819736864650964
CE_ROOK:0.45894950466614304
C_CENTERCONTROL:0.48436916190624574
C_DEVELOPPIECES:0.49674730693399527
C_MATERIAL:0.5246838352925994
C_MOVECOUNT:0.48790296558202306
C_PAWNMOVEMENT:0.5032830245659944
