ELO:833
CE_PASSEDPAWNS:0.5564692406787747
CE_PAWNWEAKNESSES:0.5564984854476684
CE_PIECEACTIVITY:0.6198216409646519
CE_KINGPAWNSHIELD:0.46610320845534214
CE_PIECECOORDINATION:0.5426618584447499
CE_MATERIAL:0.5450794357260624
CE_KINGSAFETY:0.490207112353188
C_PIECESQUARETABLES:0.5046061573787867
C_MOBILITY:0.4908998538908378
C_KINGSAFETY:0.4555632418896523
C_PAWNSTRUCTURE:0.4715134438819962
C_PIECECOORDINATION:0.5083647443109051
C_ROOKANDPAWNMOVEMENT:0.5083647443109051
C_CENTERCONTROL:0.44599753110304874
C_DEVELOPPIECES:0.5907401056763328
C_MATERIAL:0.4796965238010328
