ELO:938
CE_PASSEDPAWNS:0.6041329490712266
CE_PAWNWEAKNESSES:0.473745853434623
CE_PIECEACTIVITY:0.5516580688744928
CE_KINGPAWNSHIELD:0.5565793425334121
CE_PIECECOORDINATION:0.5016588582785169
CE_MATERIAL:0.5075647799203801
CE_KINGSAFETY:0.50325873911275
C_PIECESQUARETABLES:0.47284413856963625
C_MOBILITY:0.6095486226122845
C_KINGSAFETY:0.5601235096648085
C_PAWNSTRUCTURE:0.45918948190041226
C_PIECECOORDINATION:0.4926640199459093
C_ROOKANDPAWNMOVEMENT:0.4926640199459093
C_CENTERCONTROL:0.44558016322282934
C_DEVELOPPIECES:0.38151431052689616
C_MATERIAL:0.4916199627762047
