ELO:922
CE_PASSEDPAWNS:0.4501465211120387
CE_PAWNWEAKNESSES:0.5236157460500982
CE_PIECEACTIVITY:0.5400219065770933
CE_KINGPAWNSHIELD:0.49948760083564153
CE_PIECECOORDINATION:0.45321025661593967
CE_MATERIAL:0.5486069242586346
CE_KINGSAFETY:0.5
C_PIECESQUARETABLES:0.5
C_MOBILITY:0.507089405759539
C_KINGSAFETY:0.533354150548424
C_PAWNSTRUCTURE:0.493253432955388
C_PIECECOORDINATION:0.5037412328535023
C_ROOKANDPAWNMOVEMENT:0.5037412328535023
C_CENTERCONTROL:0.47341395211139814
C_DEVELOPPIECES:0.48366529511932843
C_MATERIAL:0.5072296849227387
C_MOVECOUNT:0.5
