ELO:991
CE_PASSEDPAWNS:0.5305386916754599
CE_PAWNWEAKNESSES:0.4747266971979074
CE_PIECEACTIVITY:0.5036264049372313
CE_KINGPAWNSHIELD:0.5435501410376385
CE_PIECECOORDINATION:0.48978377083169133
CE_MATERIAL:0.4694181679613265
CE_KINGSAFETY:0.49542057777069887
C_PIECESQUARETABLES:0.5
C_MOBILITY:0.5767291568778861
C_KINGSAFETY:0.5324639742653535
C_PAWNSTRUCTURE:0.46054427260367564
C_PIECECOORDINATION:0.49481266204964397
C_ROOKANDPAWNMOVEMENT:0.49481266204964397
C_CENTERCONTROL:0.42894235410171383
C_DEVELOPPIECES:0.4354212939766876
C_MATERIAL:0.616274462223376
