ELO:948
CE_PASSEDPAWNS:0.5935802566870774
CE_PAWNWEAKNESSES:0.4844936069735037
CE_PIECEACTIVITY:0.5426419837421023
CE_KINGPAWNSHIELD:0.5826576259804285
CE_PIECECOORDINATION:0.4813294954585404
CE_MATERIAL:0.5229464901952072
CE_KINGSAFETY:0.4692282764595553
C_PIECESQUARETABLES:0.49297968478180865
C_MOBILITY:0.6095275306632018
C_KINGSAFETY:0.5587575113107945
C_PAWNSTRUCTURE:0.4977797257371729
C_PIECECOORDINATION:0.495726147566491
C_ROOKANDPAWNMOVEMENT:0.495726147566491
C_CENTERCONTROL:0.45364477853075197
C_DEVELOPPIECES:0.37749486339850497
C_MATERIAL:0.4883998677566747
