ELO:996
CE_PASSEDPAWNS:0.49028050173795196
CE_PAWNWEAKNESSES:0.5484074476837306
CE_PIECEACTIVITY:0.5062070219440435
CE_KINGPAWNSHIELD:0.49651369110174554
CE_PIECECOORDINATION:0.4909907757202369
CE_MATERIAL:0.4986753765438766
CE_KINGSAFETY:0.5
C_PIECESQUARETABLES:0.5
C_MOBILITY:0.5053556487601268
C_KINGSAFETY:0.48555989294079704
C_PAWNSTRUCTURE:0.5431967049580011
C_PIECECOORDINATION:0.4964774377490166
C_ROOK:0.5135912481000551
CE_ROOK:0.5032317218143227
C_CENTERCONTROL:0.4377749792900855
C_DEVELOPPIECES:0.46609458108512186
C_MATERIAL:0.5212924907780183
C_MOVECOUNT:0.4565546094823454
C_PAWNMOVEMENT:0.48345276224517897
