ELO:961
CE_PASSEDPAWNS:0.49583857451468905
CE_PAWNWEAKNESSES:0.4921602404234146
CE_PIECEACTIVITY:0.6111523263871984
CE_KINGPAWNSHIELD:0.45925027583807976
CE_PIECECOORDINATION:0.48689411970635166
CE_MATERIAL:0.5056394182049199
CE_KINGSAFETY:0.527315666219635
C_PIECESQUARETABLES:0.4914687593718137
C_MOBILITY:0.47762697825159117
C_KINGSAFETY:0.44143492315991906
C_PAWNSTRUCTURE:0.33215588921517386
C_PIECECOORDINATION:0.5025461337291667
C_ROOKANDPAWNMOVEMENT:0.5025461337291667
C_CENTERCONTROL:0.4465213918219531
C_DEVELOPPIECES:0.5342994575892913
C_MATERIAL:0.42788708949727056
