ELO:972
CE_PASSEDPAWNS:0.45087393198393066
CE_PAWNWEAKNESSES:0.5088697690693521
CE_PIECEACTIVITY:0.5030621298305571
CE_KINGPAWNSHIELD:0.4909656557843953
CE_PIECECOORDINATION:0.49735050091260646
CE_MATERIAL:0.4972333593523236
CE_KINGSAFETY:0.5
C_PIECESQUARETABLES:0.5
C_MOBILITY:0.48720210075160986
C_KINGSAFETY:0.502621076820108
C_PAWNSTRUCTURE:0.5132556761641586
C_PIECECOORDINATION:0.48588386624884966
C_ROOK:0.47204989806748066
CE_ROOK:0.5012220150388558
C_CENTERCONTROL:0.46549514397354136
C_DEVELOPPIECES:0.503398106028099
C_MATERIAL:0.519400209426531
C_MOVECOUNT:0.500764129682438
C_PAWNMOVEMENT:0.48818817618219573
