ELO:1000
CE_PASSEDPAWNS:0.4884621112277221
CE_PAWNWEAKNESSES:0.501458376624391
CE_PIECEACTIVITY:0.4960926756872949
CE_KINGPAWNSHIELD:0.49933578255548017
CE_PIECECOORDINATION:0.49983587598762225
CE_MATERIAL:0.49543728595119496
CE_KINGSAFETY:0.5039919441089781
C_PIECESQUARETABLES:0.5094147451830888
C_MOBILITY:0.48557292173903727
C_KINGSAFETY:0.4918244058577321
C_PAWNSTRUCTURE:0.5
C_PIECECOORDINATION:0.4904585835758084
C_ROOKANDPAWNMOVEMENT:0.4904585835758084
C_CENTERCONTROL:0.5051649833804801
C_DEVELOPPIECES:0.5095324177217655
C_MATERIAL:0.49212577923139256
