ELO:853
CE_PASSEDPAWNS:0.5054596041325201
CE_PAWNWEAKNESSES:0.45630099358561044
CE_PIECEACTIVITY:0.5059976620981816
CE_KINGPAWNSHIELD:0.454630369129982
CE_PIECECOORDINATION:0.4956320982755714
CE_MATERIAL:0.475138135001625
CE_KINGSAFETY:0.42971186656893057
C_PIECESQUARETABLES:0.4835155310044111
C_MOBILITY:0.5313185150045929
C_KINGSAFETY:0.531734952309918
C_PAWNSTRUCTURE:0.5194160971919413
C_PIECECOORDINATION:0.4677609049791229
C_ROOKANDPAWNMOVEMENT:0.4677609049791229
C_CENTERCONTROL:0.465886530407762
C_DEVELOPPIECES:0.5298294626201624
C_MATERIAL:0.4426099988074043
C_MOVECOUNT:0.5
