ELO:940
CE_PASSEDPAWNS:0.48831442769526684
CE_PAWNWEAKNESSES:0.5491674777004493
CE_PIECEACTIVITY:0.42428808749856417
CE_KINGPAWNSHIELD:0.5054192366700068
CE_PIECECOORDINATION:0.5273313538475101
CE_MATERIAL:0.521694952165865
CE_KINGSAFETY:0.48870306351805376
C_PIECESQUARETABLES:0.4782639602955616
C_MOBILITY:0.47493242203078634
C_KINGSAFETY:0.5211978368254745
C_PAWNSTRUCTURE:0.5058236720855482
C_PIECECOORDINATION:0.5230352308509874
C_ROOK:0.497186188253865
CE_ROOK:0.466177771610204
C_CENTERCONTROL:0.4712522440100667
C_DEVELOPPIECES:0.4986092073276146
C_MATERIAL:0.5134943563775379
C_MOVECOUNT:0.49123490349876253
C_PAWNMOVEMENT:0.4917350415059491
