ELO:958
CE_PASSEDPAWNS:0.5316981216148459
CE_PAWNWEAKNESSES:0.5018986457984472
CE_PIECEACTIVITY:0.607669077626989
CE_KINGPAWNSHIELD:0.4611629678593478
CE_PIECECOORDINATION:0.4957465870174207
CE_MATERIAL:0.5263019853382899
CE_KINGSAFETY:0.5389531114446862
C_PIECESQUARETABLES:0.48328691775262467
C_MOBILITY:0.48255357457963055
C_KINGSAFETY:0.46760033714218546
C_PAWNSTRUCTURE:0.32644597927844393
C_PIECECOORDINATION:0.495442574092276
C_ROOKANDPAWNMOVEMENT:0.495442574092276
C_CENTERCONTROL:0.4602478079556691
C_DEVELOPPIECES:0.5454865494672166
C_MATERIAL:0.41918760006393324
