ELO:978
CE_PASSEDPAWNS:0.498576837941345
CE_PAWNWEAKNESSES:0.46182791131681206
CE_PIECEACTIVITY:0.6080457149474702
CE_KINGPAWNSHIELD:0.5137803196137883
CE_PIECECOORDINATION:0.503107718576625
CE_MATERIAL:0.5059759451197083
CE_KINGSAFETY:0.5110235043444168
C_PIECESQUARETABLES:0.4973084405678338
C_MOBILITY:0.4858510694515116
C_KINGSAFETY:0.43414793697589116
C_PAWNSTRUCTURE:0.33193645772865615
C_PIECECOORDINATION:0.470746946646665
C_ROOKANDPAWNMOVEMENT:0.470746946646665
C_CENTERCONTROL:0.4551026524469265
C_DEVELOPPIECES:0.5371973543537409
C_MATERIAL:0.41877343034810777
