ELO:875
CE_PASSEDPAWNS:0.5821310349867245
CE_PAWNWEAKNESSES:0.5230290173193644
CE_PIECEACTIVITY:0.5588066740959375
CE_KINGPAWNSHIELD:0.4772758020689546
CE_PIECECOORDINATION:0.43657154187694075
CE_MATERIAL:0.4442162262621757
CE_KINGSAFETY:0.48311024213461895
C_PIECESQUARETABLES:0.5455704111717932
C_MOBILITY:0.5109890189012866
C_KINGSAFETY:0.5261066753791006
C_PAWNSTRUCTURE:0.526089670685064
C_PIECECOORDINATION:0.4648725506248243
C_ROOKANDPAWNMOVEMENT:0.4648725506248243
C_CENTERCONTROL:0.519457567513739
C_DEVELOPPIECES:0.47447303303901667
C_MATERIAL:0.44622216419935756
C_MOVECOUNT:0.5
