ELO:969
CE_PASSEDPAWNS:0.6068693707733764
CE_PAWNWEAKNESSES:0.4928543722858689
CE_PIECEACTIVITY:0.4840602667944572
CE_KINGPAWNSHIELD:0.5247956860963616
CE_PIECECOORDINATION:0.5060997374093975
CE_MATERIAL:0.5409908732804203
CE_KINGSAFETY:0.4807467715147172
C_PIECESQUARETABLES:0.5133678552234789
C_MOBILITY:0.5732526411951769
C_KINGSAFETY:0.5100698531712101
C_PAWNSTRUCTURE:0.518891570898299
C_PIECECOORDINATION:0.5003166642341258
C_ROOKANDPAWNMOVEMENT:0.5003166642341258
C_CENTERCONTROL:0.455495276796101
C_DEVELOPPIECES:0.4168457444923725
C_MATERIAL:0.5527902064959114
