ELO:923
CE_PASSEDPAWNS:0.6158632318601183
CE_PAWNWEAKNESSES:0.5291844055728253
CE_PIECEACTIVITY:0.45478305912663136
CE_KINGPAWNSHIELD:0.5280023854523603
CE_PIECECOORDINATION:0.4818693272913826
CE_MATERIAL:0.5088519964477483
CE_KINGSAFETY:0.4880664511568598
C_PIECESQUARETABLES:0.50606612226646
C_MOBILITY:0.5358194052097731
C_KINGSAFETY:0.5348782418242093
C_PAWNSTRUCTURE:0.5334855166933651
C_PIECECOORDINATION:0.4944408766640926
C_ROOKANDPAWNMOVEMENT:0.4944408766640926
C_CENTERCONTROL:0.41608904491015647
C_DEVELOPPIECES:0.404061357833069
C_MATERIAL:0.5965613075806936
