ELO:942
CE_PASSEDPAWNS:0.4283067804991077
CE_PAWNWEAKNESSES:0.609479638394591
CE_PIECEACTIVITY:0.6103531904824997
CE_KINGPAWNSHIELD:0.51045113301888
CE_PIECECOORDINATION:0.5658443807619264
CE_MATERIAL:0.49744998113777983
CE_KINGSAFETY:0.5
C_PIECESQUARETABLES:0.5
C_MOBILITY:0.4979176565272024
C_KINGSAFETY:0.5795686130039571
C_PAWNSTRUCTURE:0.4597413610778496
C_PIECECOORDINATION:0.3854457336372567
C_ROOKANDPAWNMOVEMENT:0.3854457336372567
C_CENTERCONTROL:0.49724751731588807
C_DEVELOPPIECES:0.40484162819433395
C_MATERIAL:0.6434817819299515
