ELO:933
CE_PASSEDPAWNS:0.4742765933752381
CE_PAWNWEAKNESSES:0.543371936453838
CE_PIECEACTIVITY:0.47333401044526063
CE_KINGPAWNSHIELD:0.5212298700340326
CE_PIECECOORDINATION:0.4459902484090636
CE_MATERIAL:0.5644372432779438
CE_KINGSAFETY:0.5
C_PIECESQUARETABLES:0.5
C_MOBILITY:0.48183827681368735
C_KINGSAFETY:0.5402226430387316
C_PAWNSTRUCTURE:0.49420646924886885
C_PIECECOORDINATION:0.47948353938045624
C_ROOK:0.45008442866542253
CE_ROOK:0.5339246202751153
C_CENTERCONTROL:0.5198676372700874
C_DEVELOPPIECES:0.510085773800806
C_MATERIAL:0.49014164197081905
C_MOVECOUNT:0.4998745602745591
C_PAWNMOVEMENT:0.5046174785231475
