ELO:929
CE_PASSEDPAWNS:0.4765292521751173
CE_PAWNWEAKNESSES:0.49599473624890833
CE_PIECEACTIVITY:0.4832788370250047
CE_KINGPAWNSHIELD:0.4928340658876056
CE_PIECECOORDINATION:0.48987762732710965
CE_MATERIAL:0.5267526382936294
CE_KINGSAFETY:0.505574589016024
C_PIECESQUARETABLES:0.4959507227303055
C_MOBILITY:0.4999569196210146
C_KINGSAFETY:0.4950616612035757
C_PAWNSTRUCTURE:0.5056389429309927
C_PIECECOORDINATION:0.4536775288843169
C_ROOKANDPAWNMOVEMENT:0.4536775288843169
C_CENTERCONTROL:0.5025649910938959
C_DEVELOPPIECES:0.5168324602507797
C_MATERIAL:0.45775865513453967
C_MOVECOUNT:0.4540282393337492
