ELO:1000
CE_PASSEDPAWNS:0.49994496663942545
CE_PAWNWEAKNESSES:0.4990775135556432
CE_PIECEACTIVITY:0.50212024818419
CE_KINGPAWNSHIELD:0.5464060495740651
CE_PIECECOORDINATION:0.5337545245850625
CE_MATERIAL:0.4903621125927467
CE_KINGSAFETY:0.5
C_PIECESQUARETABLES:0.5
C_MOBILITY:0.4412129028408124
C_KINGSAFETY:0.46738310365321145
C_PAWNSTRUCTURE:0.5133429643172008
C_PIECECOORDINATION:0.502240984923207
C_ROOKANDPAWNMOVEMENT:0.502240984923207
C_CENTERCONTROL:0.5552076979955771
C_DEVELOPPIECES:0.5287998608556047
C_MATERIAL:0.4432247812184705
