ELO:995
CE_PASSEDPAWNS:0.49772517903377994
CE_PAWNWEAKNESSES:0.5256051752637283
CE_PIECEACTIVITY:0.47930874005518975
CE_KINGPAWNSHIELD:0.5175643228899217
CE_PIECECOORDINATION:0.5127747350922787
CE_MATERIAL:0.532667439548065
CE_KINGSAFETY:0.4946623344862657
C_PIECESQUARETABLES:0.4961888801968874
C_MOBILITY:0.4847803569812525
C_KINGSAFETY:0.5168036845175206
C_PAWNSTRUCTURE:0.5025768732950094
C_PIECECOORDINATION:0.4963480232832546
C_ROOK:0.4782454347257689
CE_ROOK:0.5040541120915792
C_CENTERCONTROL:0.5197526843017882
C_DEVELOPPIECES:0.48998238418601403
C_MATERIAL:0.5003066285953724
C_MOVECOUNT:0.49629222749789287
C_PAWNMOVEMENT:0.5167887590779137
