ELO:1004
CE_PASSEDPAWNS:0.5099181773502303
CE_PAWNWEAKNESSES:0.509755942022815
CE_PIECEACTIVITY:0.511701202958343
CE_KINGPAWNSHIELD:0.5
CE_PIECECOORDINATION:0.5036875772221378
CE_MATERIAL:0.493354924186342
CE_KINGSAFETY:0.4951638239151779
C_PIECESQUARETABLES:0.5032189154387229
C_MOBILITY:0.5272923568140009
C_KINGSAFETY:0.5
C_PAWNSTRUCTURE:0.5102455240699711
C_PIECECOORDINATION:0.4897164976288644
C_ROOKANDPAWNMOVEMENT:0.4897164976288644
C_CENTERCONTROL:0.5
C_DEVELOPPIECES:0.5036216137256134
C_MATERIAL:0.49564568359494154
C_MOVECOUNT:0.5
