ELO:973
CE_PASSEDPAWNS:0.49913809365039785
CE_PAWNWEAKNESSES:0.5011732807082605
CE_PIECEACTIVITY:0.49396512537463233
CE_KINGPAWNSHIELD:0.4900217363729191
CE_PIECECOORDINATION:0.5280875985012714
CE_MATERIAL:0.5026090058955063
CE_KINGSAFETY:0.5
C_PIECESQUARETABLES:0.5
C_MOBILITY:0.5126926521875518
C_KINGSAFETY:0.5295698394720856
C_PAWNSTRUCTURE:0.49732983298937017
C_PIECECOORDINATION:0.4902752699377152
C_ROOKANDPAWNMOVEMENT:0.4902752699377152
C_CENTERCONTROL:0.5076925120764675
C_DEVELOPPIECES:0.5022185945276402
C_MATERIAL:0.5394919580833459
C_MOVECOUNT:0.5
