ELO:990
CE_PASSEDPAWNS:0.5277288571395565
CE_PAWNWEAKNESSES:0.5170296587045614
CE_PIECEACTIVITY:0.5255863044794801
CE_KINGPAWNSHIELD:0.48376254012213843
CE_PIECECOORDINATION:0.4804853219555397
CE_MATERIAL:0.4623842058665793
CE_KINGSAFETY:0.5147411248519755
C_PIECESQUARETABLES:0.5
C_MOBILITY:0.5839343141989827
C_KINGSAFETY:0.5250912115677565
C_PAWNSTRUCTURE:0.32659486032772983
C_PIECECOORDINATION:0.4455295289066636
C_ROOKANDPAWNMOVEMENT:0.4455295289066636
C_CENTERCONTROL:0.42894235410171383
C_DEVELOPPIECES:0.4263799928679096
C_MATERIAL:0.629933245213812
