ELO:930
CE_PASSEDPAWNS:0.516434444453506
CE_PAWNWEAKNESSES:0.46427592569325954
CE_PIECEACTIVITY:0.48161138122170943
CE_KINGPAWNSHIELD:0.4912426818360969
CE_PIECECOORDINATION:0.47147429851462697
CE_MATERIAL:0.4981798715536884
CE_KINGSAFETY:0.504809933342777
C_PIECESQUARETABLES:0.464289796277913
C_MOBILITY:0.5342477541085455
C_KINGSAFETY:0.49705652417003365
C_PAWNSTRUCTURE:0.5274744138853145
C_PIECECOORDINATION:0.4875512302009455
C_ROOK:0.47746589964896885
CE_ROOK:0.5064335818653336
C_CENTERCONTROL:0.45951161131930957
C_DEVELOPPIECES:0.5094738683423986
C_MATERIAL:0.5022568665736645
C_MOVECOUNT:0.49633025120869106
C_PAWNMOVEMENT:0.4914290463136572
