ELO:1159
CE_PASSEDPAWNS:0.4959867848425562
CE_PAWNWEAKNESSES:0.436106372196819
CE_PIECEACTIVITY:0.5158906918631369
CE_KINGPAWNSHIELD:0.5080270651655706
CE_PIECECOORDINATION:0.5
CE_MATERIAL:0.4788463582798767
CE_KINGSAFETY:0.5
C_PIECESQUARETABLES:0.5
C_MOBILITY:0.5141906535571928
C_KINGSAFETY:0.5
C_PAWNSTRUCTURE:0.5073667370258602
C_PIECECOORDINATION:0.5
C_ROOKANDPAWNMOVEMENT:0.5
C_CENTERCONTROL:0.5
C_DEVELOPPIECES:0.5167504656915132
C_MATERIAL:0.49789447213421595
C_MOVECOUNT:0.5
