ELO:1000
CE_PASSEDPAWNS:0.5069641144185236
CE_PAWNWEAKNESSES:0.5160013513460879
CE_PIECEACTIVITY:0.4929514740007966
CE_KINGPAWNSHIELD:0.5214213061823343
CE_PIECECOORDINATION:0.5019507466394225
CE_MATERIAL:0.48405094182457953
CE_KINGSAFETY:0.5231232898675441
C_PIECESQUARETABLES:0.534088279375419
C_MOBILITY:0.48873688988932845
C_KINGSAFETY:0.5358572606025085
C_PAWNSTRUCTURE:0.5084258299545525
C_PIECECOORDINATION:0.49011316015038753
C_ROOKANDPAWNMOVEMENT:0.49011316015038753
C_CENTERCONTROL:0.5006372182277958
C_DEVELOPPIECES:0.5041769113603696
C_MATERIAL:0.48522522457983414
