ELO:1000
CE_PASSEDPAWNS:0.48197593200697203
CE_PAWNWEAKNESSES:0.6261130779677371
CE_PIECEACTIVITY:0.5065579275383912
CE_KINGPAWNSHIELD:0.4715185380035177
CE_PIECECOORDINATION:0.5147978726850507
CE_MATERIAL:0.541421177075958
CE_KINGSAFETY:0.535876643156809
C_PIECESQUARETABLES:0.4650392122893042
C_MOBILITY:0.5034925314419141
C_KINGSAFETY:0.4753956772580434
C_PAWNSTRUCTURE:0.4455464169477934
C_PIECECOORDINATION:0.5192070002513451
C_ROOKANDPAWNMOVEMENT:0.5192070002513451
C_CENTERCONTROL:0.436374046135385
C_DEVELOPPIECES:0.4958333112873614
C_MATERIAL:0.5527675083221048
