ELO:844
CE_PASSEDPAWNS:0.5022522088366351
CE_PAWNWEAKNESSES:0.43565499293855364
CE_PIECEACTIVITY:0.5332358059788938
CE_KINGPAWNSHIELD:0.5816372513009476
CE_PIECECOORDINATION:0.520905683977476
CE_MATERIAL:0.6213990031940331
CE_KINGSAFETY:0.5011457837765877
C_PIECESQUARETABLES:0.48484249892122644
C_MOBILITY:0.4489677169891267
C_KINGSAFETY:0.4747686023237754
C_PAWNSTRUCTURE:0.44422565953737264
C_PIECECOORDINATION:0.5816740688019664
C_ROOKANDPAWNMOVEMENT:0.5816740688019664
C_CENTERCONTROL:0.40877587884891514
C_DEVELOPPIECES:0.47027625082749885
C_MATERIAL:0.4895023660238415
