ELO:1050
CE_PASSEDPAWNS:0.4893625628909846
CE_PAWNWEAKNESSES:0.4919223096499191
CE_PIECEACTIVITY:0.5140013796464538
CE_KINGPAWNSHIELD:0.501206109410603
CE_PIECECOORDINATION:0.5181320476387868
CE_MATERIAL:0.4832764272738817
CE_KINGSAFETY:0.49660947131041594
C_PIECESQUARETABLES:0.5
C_MOBILITY:0.5018980721155145
C_KINGSAFETY:0.5143077489730965
C_PAWNSTRUCTURE:0.49155286495881056
C_PIECECOORDINATION:0.5208938345338675
C_ROOKANDPAWNMOVEMENT:0.5208938345338675
C_CENTERCONTROL:0.502424884295727
C_DEVELOPPIECES:0.5102890557375814
C_MATERIAL:0.48289425943929704
C_MOVECOUNT:0.5
