ELO:911
CE_PASSEDPAWNS:0.6056898650758576
CE_PAWNWEAKNESSES:0.5422419244478349
CE_PIECEACTIVITY:0.4365768785993166
CE_KINGPAWNSHIELD:0.5134907118216593
CE_PIECECOORDINATION:0.44581787303094383
CE_MATERIAL:0.5753419401101113
CE_KINGSAFETY:0.5127132675382053
C_PIECESQUARETABLES:0.5710414303580107
C_MOBILITY:0.5670527387368737
C_KINGSAFETY:0.5157652977215552
C_PAWNSTRUCTURE:0.5518104808476081
C_PIECECOORDINATION:0.5242365067949046
C_ROOKANDPAWNMOVEMENT:0.5242365067949046
C_CENTERCONTROL:0.42735373653396397
C_DEVELOPPIECES:0.3954330023054612
C_MATERIAL:0.5969693519064134
