ELO:925
CE_PASSEDPAWNS:0.605304441705744
CE_PAWNWEAKNESSES:0.5291844055728253
CE_PIECEACTIVITY:0.45001948110477014
CE_KINGPAWNSHIELD:0.5106013009676823
CE_PIECECOORDINATION:0.48047900415214256
CE_MATERIAL:0.518605241159786
CE_KINGSAFETY:0.4865965291848299
C_PIECESQUARETABLES:0.50606612226646
C_MOBILITY:0.551050019393438
C_KINGSAFETY:0.5435623399731406
C_PAWNSTRUCTURE:0.5332395722445716
C_PIECECOORDINATION:0.4934072448878728
C_ROOKANDPAWNMOVEMENT:0.4934072448878728
C_CENTERCONTROL:0.4176765334214137
C_DEVELOPPIECES:0.4022027156638939
C_MATERIAL:0.6112278941525824
