ELO:1000
CE_PASSEDPAWNS:0.5132644195845767
CE_PAWNWEAKNESSES:0.5048338023712371
CE_PIECEACTIVITY:0.49483031255984516
CE_KINGPAWNSHIELD:0.5279124230555408
CE_PIECECOORDINATION:0.5096649893231403
CE_MATERIAL:0.4761057108291201
CE_KINGSAFETY:0.5348299723934233
C_PIECESQUARETABLES:0.5537613314536772
C_MOBILITY:0.48325708974662906
C_KINGSAFETY:0.5269869446321219
C_PAWNSTRUCTURE:0.49502116847158883
C_PIECECOORDINATION:0.476402196325091
C_ROOKANDPAWNMOVEMENT:0.476402196325091
C_CENTERCONTROL:0.4927663533925118
C_DEVELOPPIECES:0.5144998700460491
C_MATERIAL:0.4798065059277772
