ELO:967
CE_PASSEDPAWNS:0.4912915033492747
CE_PAWNWEAKNESSES:0.4884757863584558
CE_PIECEACTIVITY:0.5093955769259638
CE_KINGPAWNSHIELD:0.49797487224467735
CE_PIECECOORDINATION:0.49790595456131886
CE_MATERIAL:0.49874017553264854
CE_KINGSAFETY:0.5
C_PIECESQUARETABLES:0.5
C_MOBILITY:0.5139599155746226
C_KINGSAFETY:0.49164691250765485
C_PAWNSTRUCTURE:0.4889321915735639
C_PIECECOORDINATION:0.4714477087726421
C_ROOKANDPAWNMOVEMENT:0.4714477087726421
C_CENTERCONTROL:0.5009697772813592
C_DEVELOPPIECES:0.5052244627952568
C_MATERIAL:0.4834168732380845
C_MOVECOUNT:0.49885712746968774
