ELO:1167
CE_PASSEDPAWNS:0.5
CE_PAWNWEAKNESSES:0.5095114882014274
CE_PIECEACTIVITY:0.500570440588215
CE_KINGPAWNSHIELD:0.44731962251588964
CE_PIECECOORDINATION:0.491468146052992
CE_MATERIAL:0.5055460193386794
CE_KINGSAFETY:0.5
C_PIECESQUARETABLES:0.5
C_MOBILITY:0.5080443031900151
C_KINGSAFETY:0.5
C_PAWNSTRUCTURE:0.5073667370258602
C_PIECECOORDINATION:0.5071308200154621
C_ROOKANDPAWNMOVEMENT:0.5071308200154621
C_CENTERCONTROL:0.5561952750621797
C_DEVELOPPIECES:0.5167504656915132
C_MATERIAL:0.5081648430170683
C_MOVECOUNT:0.5
