ELO:933
CE_PASSEDPAWNS:0.4374585045254669
CE_PAWNWEAKNESSES:0.519532278511787
CE_PIECEACTIVITY:0.4950759149829468
CE_KINGPAWNSHIELD:0.4466014741868101
CE_PIECECOORDINATION:0.5109809902354614
CE_MATERIAL:0.5008515225805549
CE_KINGSAFETY:0.5237568284380055
C_PIECESQUARETABLES:0.4875417375659846
C_MOBILITY:0.5066360191233175
C_KINGSAFETY:0.5305928267864757
C_PAWNSTRUCTURE:0.5088857976053173
C_PIECECOORDINATION:0.4890164371698547
C_ROOKANDPAWNMOVEMENT:0.4890164371698547
C_CENTERCONTROL:0.44184066897319596
C_DEVELOPPIECES:0.48258997994755465
C_MATERIAL:0.4899336518238988
C_MOVECOUNT:0.5
