ELO:946
CE_PASSEDPAWNS:0.5961459478862031
CE_PAWNWEAKNESSES:0.5048085428513808
CE_PIECEACTIVITY:0.48553254757588293
CE_KINGPAWNSHIELD:0.5165549267970349
CE_PIECECOORDINATION:0.5190466714059481
CE_MATERIAL:0.5298185912956208
CE_KINGSAFETY:0.48849740541037806
C_PIECESQUARETABLES:0.5038273981982851
C_MOBILITY:0.5681058382706289
C_KINGSAFETY:0.5126179976003269
C_PAWNSTRUCTURE:0.5314808402736446
C_PIECECOORDINATION:0.5003166642341258
C_ROOKANDPAWNMOVEMENT:0.5003166642341258
C_CENTERCONTROL:0.43868745542394233
C_DEVELOPPIECES:0.41366157635981804
C_MATERIAL:0.555999134210749
