ELO:1000
CE_PASSEDPAWNS:0.4867700709197883
CE_PAWNWEAKNESSES:0.5060497474918517
CE_PIECEACTIVITY:0.5136140119607159
CE_KINGPAWNSHIELD:0.535397457987675
CE_PIECECOORDINATION:0.5158532749775588
CE_MATERIAL:0.4816987380666592
CE_KINGSAFETY:0.5252772864044974
C_PIECESQUARETABLES:0.5240613760654126
C_MOBILITY:0.4776209305847622
C_KINGSAFETY:0.49897654611633824
C_PAWNSTRUCTURE:0.5229928737157681
C_PIECECOORDINATION:0.4809680470981567
C_ROOKANDPAWNMOVEMENT:0.4809680470981567
C_CENTERCONTROL:0.5184610909743268
C_DEVELOPPIECES:0.5246354058062191
C_MATERIAL:0.46564238567328897
