ELO:1031
CE_PASSEDPAWNS:0.4948842468310802
CE_PAWNWEAKNESSES:0.5
CE_PIECEACTIVITY:0.5
CE_KINGPAWNSHIELD:0.5
CE_PIECECOORDINATION:0.5
CE_MATERIAL:0.5108343031631672
CE_KINGSAFETY:0.49240079192095065
C_PIECESQUARETABLES:0.5
C_MOBILITY:0.5
C_KINGSAFETY:0.5051565430217834
C_PAWNSTRUCTURE:0.5
C_PIECECOORDINATION:0.4936837212935716
C_ROOKANDPAWNMOVEMENT:0.4936837212935716
C_CENTERCONTROL:0.5
C_DEVELOPPIECES:0.5
C_MATERIAL:0.5095340560030283
C_MOVECOUNT:0.5
