ELO:915
CE_PASSEDPAWNS:0.5978271006320877
CE_PAWNWEAKNESSES:0.5519080273960618
CE_PIECEACTIVITY:0.42833719895948047
CE_KINGPAWNSHIELD:0.510573965907239
CE_PIECECOORDINATION:0.4559820102806815
CE_MATERIAL:0.5382626902361555
CE_KINGSAFETY:0.5246133692233117
C_PIECESQUARETABLES:0.5328585150703625
C_MOBILITY:0.5448594791132717
C_KINGSAFETY:0.5283815187390232
C_PAWNSTRUCTURE:0.5425378264005076
C_PIECECOORDINATION:0.5182666436800117
C_ROOKANDPAWNMOVEMENT:0.5182666436800117
C_CENTERCONTROL:0.4272693422694257
C_DEVELOPPIECES:0.40474298753218024
C_MATERIAL:0.6028496929652497
