ELO:938
CE_PASSEDPAWNS:0.6082775431050379
CE_PAWNWEAKNESSES:0.4747565653614781
CE_PIECEACTIVITY:0.4696748925618129
CE_KINGPAWNSHIELD:0.4181332745089978
CE_PIECECOORDINATION:0.43098327099655387
CE_MATERIAL:0.5725875532358471
CE_KINGSAFETY:0.46144730508323983
C_PIECESQUARETABLES:0.5051959364066418
C_MOBILITY:0.5000020592402309
C_KINGSAFETY:0.6602968088724188
C_PAWNSTRUCTURE:0.5499105473496562
C_PIECECOORDINATION:0.5712770994828521
C_ROOKANDPAWNMOVEMENT:0.5712770994828521
C_CENTERCONTROL:0.5859757389333692
C_DEVELOPPIECES:0.4776882165076403
C_MATERIAL:0.41050707869333286
