ELO:989
CE_PASSEDPAWNS:0.5277288571395565
CE_PAWNWEAKNESSES:0.4747266971979074
CE_PIECEACTIVITY:0.5281238682840478
CE_KINGPAWNSHIELD:0.5435501410376385
CE_PIECECOORDINATION:0.48978377083169133
CE_MATERIAL:0.47062167133846505
CE_KINGSAFETY:0.5025669710532424
C_PIECESQUARETABLES:0.4911435136071079
C_MOBILITY:0.5836313903895851
C_KINGSAFETY:0.5250912115677565
C_PAWNSTRUCTURE:0.46054427260367564
C_PIECECOORDINATION:0.49618016769892753
C_ROOKANDPAWNMOVEMENT:0.49618016769892753
C_CENTERCONTROL:0.42642723911951
C_DEVELOPPIECES:0.4323427072385881
C_MATERIAL:0.629933245213812
