ELO:1000
CE_PASSEDPAWNS:0.48486937688660425
CE_PAWNWEAKNESSES:0.5080765072376676
CE_PIECEACTIVITY:0.4930829565599604
CE_KINGPAWNSHIELD:0.5284979597932482
CE_PIECECOORDINATION:0.5251209638033476
CE_MATERIAL:0.4753701184653257
CE_KINGSAFETY:0.5263200150345231
C_PIECESQUARETABLES:0.5306540356448902
C_MOBILITY:0.4662998885940362
C_KINGSAFETY:0.4843351864017429
C_PAWNSTRUCTURE:0.5345086361450626
C_PIECECOORDINATION:0.49047451337416714
C_ROOKANDPAWNMOVEMENT:0.49047451337416714
C_CENTERCONTROL:0.5214421220007913
C_DEVELOPPIECES:0.5190183516852097
C_MATERIAL:0.4756708787764992
