ELO:792
CE_PASSEDPAWNS:0.469756788343871
CE_PAWNWEAKNESSES:0.5738331690073482
CE_PIECEACTIVITY:0.4750726922504878
CE_KINGPAWNSHIELD:0.5460600356924681
CE_PIECECOORDINATION:0.44130720171006504
CE_MATERIAL:0.5788640545429489
CE_KINGSAFETY:0.4895077586512595
C_PIECESQUARETABLES:0.5046709540440701
C_MOBILITY:0.4790952806259923
C_KINGSAFETY:0.542982573871612
C_PAWNSTRUCTURE:0.46359421990410776
C_PIECECOORDINATION:0.47471366399045684
C_ROOK:0.4530314902384233
CE_ROOK:0.551858780283993
C_CENTERCONTROL:0.5745714025281219
C_DEVELOPPIECES:0.5288928793281843
C_MATERIAL:0.4937877590917015
C_MOVECOUNT:0.4792325835204477
C_PAWNMOVEMENT:0.5252128409788515
