ELO:988
CE_PASSEDPAWNS:0.4928856836824982
CE_PAWNWEAKNESSES:0.4858126983512665
CE_PIECEACTIVITY:0.5
CE_KINGPAWNSHIELD:0.5010733930337936
CE_PIECECOORDINATION:0.5230198584427119
CE_MATERIAL:0.5062918341550966
CE_KINGSAFETY:0.5
C_PIECESQUARETABLES:0.5
C_MOBILITY:0.4895380546463861
C_KINGSAFETY:0.5168863259325396
C_PAWNSTRUCTURE:0.5145890617175713
C_PIECECOORDINATION:0.4945015393588917
C_ROOKANDPAWNMOVEMENT:0.4945015393588917
C_CENTERCONTROL:0.5
C_DEVELOPPIECES:0.4997698200925969
C_MATERIAL:0.5
C_MOVECOUNT:0.5040669282873848
