ELO:1000
CE_PASSEDPAWNS:0.5041543373167496
CE_PAWNWEAKNESSES:0.5
CE_PIECEACTIVITY:0.49960474914129216
CE_KINGPAWNSHIELD:0.5
CE_PIECECOORDINATION:0.5
CE_MATERIAL:0.5
CE_KINGSAFETY:0.4903136804879643
C_PIECESQUARETABLES:0.5
C_MOBILITY:0.5
C_KINGSAFETY:0.5111790266627396
C_PAWNSTRUCTURE:0.4967320471171536
C_PIECECOORDINATION:0.49301970014758345
C_ROOK:0.4999243215182049
CE_ROOK:0.5100391266528203
C_CENTERCONTROL:0.5081631258983849
C_DEVELOPPIECES:0.4962425613288224
C_MATERIAL:0.5
C_MOVECOUNT:0.5
C_PAWNMOVEMENT:0.5
