ELO:993
CE_PASSEDPAWNS:0.511589265104928
CE_PAWNWEAKNESSES:0.502069405111737
CE_PIECEACTIVITY:0.5015766506927027
CE_KINGPAWNSHIELD:0.49859017388858407
CE_PIECECOORDINATION:0.5129440348417872
CE_MATERIAL:0.49874017553264854
CE_KINGSAFETY:0.4961389353703153
C_PIECESQUARETABLES:0.5061878857915371
C_MOBILITY:0.5143200314968387
C_KINGSAFETY:0.490606529589838
C_PAWNSTRUCTURE:0.4889321915735639
C_PIECECOORDINATION:0.4904152896518162
C_ROOKANDPAWNMOVEMENT:0.4904152896518162
C_CENTERCONTROL:0.49090213351770984
C_DEVELOPPIECES:0.49659098445475847
C_MATERIAL:0.48649236696324916
C_MOVECOUNT:0.5111341759973064
