ELO:875
CE_PASSEDPAWNS:0.481691927359282
CE_PAWNWEAKNESSES:0.5510705923845675
CE_PIECEACTIVITY:0.48517027295793025
CE_KINGPAWNSHIELD:0.5200829462963156
CE_PIECECOORDINATION:0.44289464872610945
CE_MATERIAL:0.5654440282526302
CE_KINGSAFETY:0.5
C_PIECESQUARETABLES:0.5
C_MOBILITY:0.4884810946108772
C_KINGSAFETY:0.5352130321177897
C_PAWNSTRUCTURE:0.49420646924886885
C_PIECECOORDINATION:0.48001661822033337
C_ROOK:0.43893225682597303
CE_ROOK:0.5392958586845212
C_CENTERCONTROL:0.5265737240221657
C_DEVELOPPIECES:0.510085773800806
C_MATERIAL:0.5011739006846743
C_MOVECOUNT:0.4998745602745591
C_PAWNMOVEMENT:0.502089163468163
