ELO:972
CE_PASSEDPAWNS:0.4811525342807911
CE_PAWNWEAKNESSES:0.5286171979251391
CE_PIECEACTIVITY:0.4766782635099325
CE_KINGPAWNSHIELD:0.5024052561152809
CE_PIECECOORDINATION:0.4876949916424911
CE_MATERIAL:0.5332923525672952
CE_KINGSAFETY:0.5
C_PIECESQUARETABLES:0.5107899714557647
C_MOBILITY:0.4732308252899135
C_KINGSAFETY:0.5090523456033453
C_PAWNSTRUCTURE:0.49790017977875123
C_PIECECOORDINATION:0.5017152511542922
C_ROOK:0.47954002754690067
CE_ROOK:0.5403740493145426
C_CENTERCONTROL:0.5181587526937755
C_DEVELOPPIECES:0.4997582147808785
C_MATERIAL:0.5031364766872043
C_MOVECOUNT:0.5128438699682765
C_PAWNMOVEMENT:0.5219492557125832
