ELO:927
CE_PASSEDPAWNS:0.6003630128625909
CE_PAWNWEAKNESSES:0.5192540062889782
CE_PIECEACTIVITY:0.4500734204568295
CE_KINGPAWNSHIELD:0.515303952459982
CE_PIECECOORDINATION:0.521160458781734
CE_MATERIAL:0.5165016364862198
CE_KINGSAFETY:0.48413761728390076
C_PIECESQUARETABLES:0.5197722788006724
C_MOBILITY:0.5616812307118679
C_KINGSAFETY:0.5302726293336146
C_PAWNSTRUCTURE:0.5313087358945109
C_PIECECOORDINATION:0.5072832663446571
C_ROOKANDPAWNMOVEMENT:0.5072832663446571
C_CENTERCONTROL:0.4070918736301725
C_DEVELOPPIECES:0.412694438703671
C_MATERIAL:0.5721013734449965
