ELO:966
CE_PASSEDPAWNS:0.5
CE_PAWNWEAKNESSES:0.497951806946165
CE_PIECEACTIVITY:0.5087270861183497
CE_KINGPAWNSHIELD:0.48947949302925137
CE_PIECECOORDINATION:0.49790595456131886
CE_MATERIAL:0.49874017553264854
CE_KINGSAFETY:0.5
C_PIECESQUARETABLES:0.5
C_MOBILITY:0.5093701689769002
C_KINGSAFETY:0.496143885591433
C_PAWNSTRUCTURE:0.49031950535652896
C_PIECECOORDINATION:0.47591464059201644
C_ROOKANDPAWNMOVEMENT:0.47591464059201644
C_CENTERCONTROL:0.5082850350654147
C_DEVELOPPIECES:0.5052244627952568
C_MATERIAL:0.4825871260711964
C_MOVECOUNT:0.49885712746968774
