ELO:1047
CE_PASSEDPAWNS:0.48735319267785604
CE_PAWNWEAKNESSES:0.49323631930242356
CE_PIECEACTIVITY:0.500570440588215
CE_KINGPAWNSHIELD:0.5032588896949598
CE_PIECECOORDINATION:0.491468146052992
CE_MATERIAL:0.5
CE_KINGSAFETY:0.5
C_PIECESQUARETABLES:0.5
C_MOBILITY:0.5
C_KINGSAFETY:0.5
C_PAWNSTRUCTURE:0.5
C_PIECECOORDINATION:0.5
C_ROOKANDPAWNMOVEMENT:0.5
C_CENTERCONTROL:0.5
C_DEVELOPPIECES:0.517689459360272
C_MATERIAL:0.5122423427561681
C_MOVECOUNT:0.5
