ELO:1078
CE_PASSEDPAWNS:0.5065790784845459
CE_PAWNWEAKNESSES:0.5
CE_PIECEACTIVITY:0.5
CE_KINGPAWNSHIELD:0.5030268908795228
CE_PIECECOORDINATION:0.4934254569498178
CE_MATERIAL:0.4893915985208783
CE_KINGSAFETY:0.46152843546961886
C_PIECESQUARETABLES:0.5
C_MOBILITY:0.49108933400119376
C_KINGSAFETY:0.5
C_PAWNSTRUCTURE:0.5170863107158039
C_PIECECOORDINATION:0.5
C_ROOKANDPAWNMOVEMENT:0.5
C_CENTERCONTROL:0.49525592787221795
C_DEVELOPPIECES:0.5096835485515071
C_MATERIAL:0.5
C_MOVECOUNT:0.5
