ELO:1036
CE_PASSEDPAWNS:0.5053471439407083
CE_PAWNWEAKNESSES:0.5
CE_PIECEACTIVITY:0.5309746171436114
CE_KINGPAWNSHIELD:0.45129349255670376
CE_PIECECOORDINATION:0.520512080371879
CE_MATERIAL:0.4586737870788257
CE_KINGSAFETY:0.5
C_PIECESQUARETABLES:0.49767220321632033
C_MOBILITY:0.5286048251076518
C_KINGSAFETY:0.5032201681511563
C_PAWNSTRUCTURE:0.512584648412638
C_PIECECOORDINATION:0.46303720366414663
C_ROOKANDPAWNMOVEMENT:0.46303720366414663
C_CENTERCONTROL:0.489618061115694
C_DEVELOPPIECES:0.4693761254151244
C_MATERIAL:0.5049357095037518
C_MOVECOUNT:0.5
