ELO:943
CE_PASSEDPAWNS:0.48173623810735966
CE_PAWNWEAKNESSES:0.5405595770186586
CE_PIECEACTIVITY:0.5330253776079988
CE_KINGPAWNSHIELD:0.5619609541700624
CE_PIECECOORDINATION:0.5319972066139966
CE_MATERIAL:0.49853741144952585
CE_KINGSAFETY:0.5285322812403127
C_PIECESQUARETABLES:0.47934019650660975
C_MOBILITY:0.4531902362506658
C_KINGSAFETY:0.4928432494983453
C_PAWNSTRUCTURE:0.42841544853443836
C_PIECECOORDINATION:0.5788484662632262
C_ROOKANDPAWNMOVEMENT:0.5788484662632262
C_CENTERCONTROL:0.42104722711662185
C_DEVELOPPIECES:0.5021587983185487
C_MATERIAL:0.5601458234133507
