ELO:947
CE_PASSEDPAWNS:0.5059834563428616
CE_PAWNWEAKNESSES:0.5032706974983105
CE_PIECEACTIVITY:0.5272317327757278
CE_KINGPAWNSHIELD:0.5164423974761777
CE_PIECECOORDINATION:0.5013984460225192
CE_MATERIAL:0.5322314225765105
CE_KINGSAFETY:0.4766435378545892
C_PIECESQUARETABLES:0.49877921475150905
C_MOBILITY:0.5161690753049666
C_KINGSAFETY:0.5392615289156193
C_PAWNSTRUCTURE:0.4829981465351591
C_PIECECOORDINATION:0.4918676084903518
C_ROOKANDPAWNMOVEMENT:0.4918676084903518
C_CENTERCONTROL:0.4754926562310288
C_DEVELOPPIECES:0.40985765695750853
C_MATERIAL:0.48512525904002096
C_MOVECOUNT:0.4403313586934602
