ELO:1000
CE_PASSEDPAWNS:0.49818726132433677
CE_PAWNWEAKNESSES:0.5975872356184369
CE_PIECEACTIVITY:0.48515171333472423
CE_KINGPAWNSHIELD:0.4730245611059558
CE_PIECECOORDINATION:0.5238205913354314
CE_MATERIAL:0.5302646954171809
CE_KINGSAFETY:0.4825730019939358
C_PIECESQUARETABLES:0.47604802920739403
C_MOBILITY:0.4747799186504632
C_KINGSAFETY:0.45809199036770154
C_PAWNSTRUCTURE:0.4397231120279211
C_PIECECOORDINATION:0.49980621697647104
C_ROOKANDPAWNMOVEMENT:0.49980621697647104
C_CENTERCONTROL:0.4256169780650877
C_DEVELOPPIECES:0.48171857689390374
C_MATERIAL:0.5293963715046754
