ELO:911
CE_PASSEDPAWNS:0.6159563443283219
CE_PAWNWEAKNESSES:0.5709664670896498
CE_PIECEACTIVITY:0.4365768785993166
CE_KINGPAWNSHIELD:0.5051990096439871
CE_PIECECOORDINATION:0.44581787303094383
CE_MATERIAL:0.5529325376780367
CE_KINGSAFETY:0.5157767137676216
C_PIECESQUARETABLES:0.5556434959614203
C_MOBILITY:0.5655156614940727
C_KINGSAFETY:0.5157652977215552
C_PAWNSTRUCTURE:0.5518104808476081
C_PIECECOORDINATION:0.5177320339491319
C_ROOKANDPAWNMOVEMENT:0.5177320339491319
C_CENTERCONTROL:0.4305381808941133
C_DEVELOPPIECES:0.40474298753218024
C_MATERIAL:0.5980052720794826
