ELO:863
CE_PASSEDPAWNS:0.481691927359282
CE_PAWNWEAKNESSES:0.5510705923845675
CE_PIECEACTIVITY:0.4912652902926415
CE_KINGPAWNSHIELD:0.5242355869861587
CE_PIECECOORDINATION:0.438462980877602
CE_MATERIAL:0.5654440282526302
CE_KINGSAFETY:0.4920479974526417
C_PIECESQUARETABLES:0.4966801290254232
C_MOBILITY:0.4867852130609013
C_KINGSAFETY:0.5155428848944204
C_PAWNSTRUCTURE:0.5018042104062976
C_PIECECOORDINATION:0.48280316116186067
C_ROOK:0.4485947888242138
CE_ROOK:0.5459931522298608
C_CENTERCONTROL:0.5265737240221657
C_DEVELOPPIECES:0.508784269956073
C_MATERIAL:0.5008192509661367
C_MOVECOUNT:0.4998745602745591
C_PAWNMOVEMENT:0.502089163468163
