ELO:1003
CE_PASSEDPAWNS:0.4717870070977402
CE_PAWNWEAKNESSES:0.5514483007879925
CE_PIECEACTIVITY:0.4862897710715596
CE_KINGPAWNSHIELD:0.5322173165716217
CE_PIECECOORDINATION:0.5554177470177234
CE_MATERIAL:0.5206712002162335
CE_KINGSAFETY:0.5299776989757518
C_PIECESQUARETABLES:0.4667381759508019
C_MOBILITY:0.452741224330211
C_KINGSAFETY:0.5000553585610261
C_PAWNSTRUCTURE:0.4564222991588681
C_PIECECOORDINATION:0.5369085437823751
C_ROOKANDPAWNMOVEMENT:0.5369085437823751
C_CENTERCONTROL:0.4484849630646397
C_DEVELOPPIECES:0.486397553029694
C_MATERIAL:0.5559180339451263
