ELO:998
CE_PASSEDPAWNS:0.4672629442738429
CE_PAWNWEAKNESSES:0.5672710651685188
CE_PIECEACTIVITY:0.4862897710715596
CE_KINGPAWNSHIELD:0.5080922559612158
CE_PIECECOORDINATION:0.5491535522638059
CE_MATERIAL:0.5446836099173951
CE_KINGSAFETY:0.5216215348592578
C_PIECESQUARETABLES:0.4639667499376697
C_MOBILITY:0.4516171788901125
C_KINGSAFETY:0.49267214187088765
C_PAWNSTRUCTURE:0.44991234497293436
C_PIECECOORDINATION:0.5346632025109846
C_ROOKANDPAWNMOVEMENT:0.5346632025109846
C_CENTERCONTROL:0.4468217791194966
C_DEVELOPPIECES:0.4859325997886418
C_MATERIAL:0.5559180339451263
