ELO:893
CE_PASSEDPAWNS:0.4566057351709246
CE_PAWNWEAKNESSES:0.4736310957513873
CE_PIECEACTIVITY:0.5339869444891475
CE_KINGPAWNSHIELD:0.5595357250064072
CE_PIECECOORDINATION:0.5015069847513953
CE_MATERIAL:0.566830867046927
CE_KINGSAFETY:0.5082484416796986
C_PIECESQUARETABLES:0.511142056879
C_MOBILITY:0.42967359768407504
C_KINGSAFETY:0.4835816664235012
C_PAWNSTRUCTURE:0.4162353186431495
C_PIECECOORDINATION:0.5978307830898179
C_ROOKANDPAWNMOVEMENT:0.5978307830898179
C_CENTERCONTROL:0.41977283314268615
C_DEVELOPPIECES:0.4827186677821723
C_MATERIAL:0.5173667081947166
