ELO:1002
CE_PASSEDPAWNS:0.48858977686833754
CE_PAWNWEAKNESSES:0.5
CE_PIECEACTIVITY:0.4832055936961599
CE_KINGPAWNSHIELD:0.5
CE_PIECECOORDINATION:0.501088385976008
CE_MATERIAL:0.49874017553264854
CE_KINGSAFETY:0.5
C_PIECESQUARETABLES:0.5
C_MOBILITY:0.5066686543022666
C_KINGSAFETY:0.5071890545422815
C_PAWNSTRUCTURE:0.4965087347013732
C_PIECECOORDINATION:0.48525746188412455
C_ROOKANDPAWNMOVEMENT:0.48525746188412455
C_CENTERCONTROL:0.48118366903146903
C_DEVELOPPIECES:0.49659098445475847
C_MATERIAL:0.495189441833826
C_MOVECOUNT:0.5053397693849176
