ELO:963
CE_PASSEDPAWNS:0.4982160762215225
CE_PAWNWEAKNESSES:0.48274773239402924
CE_PIECEACTIVITY:0.5054970537418587
CE_KINGPAWNSHIELD:0.5
CE_PIECECOORDINATION:0.4924348335929882
CE_MATERIAL:0.5152065617047196
CE_KINGSAFETY:0.49640842875173974
C_PIECESQUARETABLES:0.5
C_MOBILITY:0.5208511020585163
C_KINGSAFETY:0.5115922835672214
C_PAWNSTRUCTURE:0.49858666241125393
C_PIECECOORDINATION:0.5003010720070319
C_ROOKANDPAWNMOVEMENT:0.5003010720070319
C_CENTERCONTROL:0.478701756445222
C_DEVELOPPIECES:0.507749444586101
C_MATERIAL:0.4755324749049168
C_MOVECOUNT:0.48091114648652433
