ELO:1002
CE_PASSEDPAWNS:0.487664973888923
CE_PAWNWEAKNESSES:0.4850553704185615
CE_PIECEACTIVITY:0.5077633428570446
CE_KINGPAWNSHIELD:0.47715285830507187
CE_PIECECOORDINATION:0.5033008171935491
CE_MATERIAL:0.5261165534618156
CE_KINGSAFETY:0.5
C_PIECESQUARETABLES:0.5
C_MOBILITY:0.4850544214370599
C_KINGSAFETY:0.4868986361374145
C_PAWNSTRUCTURE:0.5139027283282201
C_PIECECOORDINATION:0.49384861172087036
C_ROOKANDPAWNMOVEMENT:0.49384861172087036
C_CENTERCONTROL:0.5062342049271668
C_DEVELOPPIECES:0.5
C_MATERIAL:0.5
C_MOVECOUNT:0.5056045255069099
