ELO:975
CE_PASSEDPAWNS:0.4811525342807911
CE_PAWNWEAKNESSES:0.5287107233573825
CE_PIECEACTIVITY:0.4766782635099325
CE_KINGPAWNSHIELD:0.5127951773226068
CE_PIECECOORDINATION:0.4866835700862597
CE_MATERIAL:0.5500130144861257
CE_KINGSAFETY:0.5104565958667441
C_PIECESQUARETABLES:0.5107899714557647
C_MOBILITY:0.4703585051546785
C_KINGSAFETY:0.5193191222479435
C_PAWNSTRUCTURE:0.49466024703918593
C_PIECECOORDINATION:0.49583835970834683
C_ROOK:0.4733397341025166
CE_ROOK:0.5398773277908175
C_CENTERCONTROL:0.5168507220185292
C_DEVELOPPIECES:0.48418389322164374
C_MATERIAL:0.48643476948300707
C_MOVECOUNT:0.5110042092681064
C_PAWNMOVEMENT:0.5175037056263123
