ELO:1019
CE_PASSEDPAWNS:0.5
CE_PAWNWEAKNESSES:0.5063764794167939
CE_PIECEACTIVITY:0.4895149553250966
CE_KINGPAWNSHIELD:0.49861882571340044
CE_PIECECOORDINATION:0.5149690803619511
CE_MATERIAL:0.4889808050998613
CE_KINGSAFETY:0.5178620381941246
C_PIECESQUARETABLES:0.5126218611211433
C_MOBILITY:0.49300022223582113
C_KINGSAFETY:0.4898202610099878
C_PAWNSTRUCTURE:0.4975602198750945
C_PIECECOORDINATION:0.5
C_ROOKANDPAWNMOVEMENT:0.5
C_CENTERCONTROL:0.49680242020491877
C_DEVELOPPIECES:0.5053126595797329
C_MATERIAL:0.5
