ELO:536
CE_PASSEDPAWNS:0.5106228733759265
CE_PAWNWEAKNESSES:0.5618119679213373
CE_PIECEACTIVITY:0.5469310146776744
CE_KINGPAWNSHIELD:0.2746019145469967
CE_PIECECOORDINATION:0.4546576032257258
CE_MATERIAL:0.5703355427026252
CE_KINGSAFETY:0.4822421447318806
C_PIECESQUARETABLES:0.5344653833731791
C_MOBILITY:0.4934944443741604
C_KINGSAFETY:0.5331445293765362
C_PAWNSTRUCTURE:0.4708103151874624
C_PIECECOORDINATION:0.49852081624971006
C_ROOKANDPAWNMOVEMENT:0.49852081624971006
C_CENTERCONTROL:0.4810320179687981
C_DEVELOPPIECES:0.5157167038011403
C_MATERIAL:0.5907155560677491
C_MOVECOUNT:0.4919609172376004
