ELO:984
CE_PASSEDPAWNS:0.4676441995217258
CE_PAWNWEAKNESSES:0.5191557454270634
CE_PIECEACTIVITY:0.48953972006093427
CE_KINGPAWNSHIELD:0.48500790074049316
CE_PIECECOORDINATION:0.507911821375339
CE_MATERIAL:0.5003961828432114
CE_KINGSAFETY:0.49101347670104545
C_PIECESQUARETABLES:0.5118220219811268
C_MOBILITY:0.5071390666609314
C_KINGSAFETY:0.47190475837591805
C_PAWNSTRUCTURE:0.524334623024627
C_PIECECOORDINATION:0.5132370334611244
C_ROOK:0.5000173100833586
CE_ROOK:0.4928406866407718
C_CENTERCONTROL:0.507646623462958
C_DEVELOPPIECES:0.5076691022131561
C_MATERIAL:0.49649630162887737
C_MOVECOUNT:0.5110713248149427
C_PAWNMOVEMENT:0.5025124318614043
