ELO:982
CE_PASSEDPAWNS:0.5262589527201276
CE_PAWNWEAKNESSES:0.4926881774019807
CE_PIECEACTIVITY:0.48341339605513184
CE_KINGPAWNSHIELD:0.49249017104548914
CE_PIECECOORDINATION:0.5165602143138203
CE_MATERIAL:0.499487220575534
CE_KINGSAFETY:0.5066551868978006
C_PIECESQUARETABLES:0.509830254390813
C_MOBILITY:0.472051441095489
C_KINGSAFETY:0.5068168674463008
C_PAWNSTRUCTURE:0.4964243209604448
C_PIECECOORDINATION:0.5394385140906842
C_ROOKANDPAWNMOVEMENT:0.5394385140906842
C_CENTERCONTROL:0.46226885520923383
C_DEVELOPPIECES:0.4868721976828123
C_MATERIAL:0.5012183689874159
C_MOVECOUNT:0.5064824985049299
