ELO:941
CE_PASSEDPAWNS:0.5223497847400438
CE_PAWNWEAKNESSES:0.5016143163201441
CE_PIECEACTIVITY:0.5123486028350892
CE_KINGPAWNSHIELD:0.5356452169095167
CE_PIECECOORDINATION:0.4635236479498976
CE_MATERIAL:0.4346146489650056
CE_KINGSAFETY:0.5
C_PIECESQUARETABLES:0.5162143656966339
C_MOBILITY:0.48728742702651173
C_KINGSAFETY:0.5085136987784716
C_PAWNSTRUCTURE:0.5061788945641343
C_PIECECOORDINATION:0.5030391583572958
C_ROOK:0.48109466107774695
CE_ROOK:0.509668885763954
C_CENTERCONTROL:0.47021146119443613
C_DEVELOPPIECES:0.48921297561345944
C_MATERIAL:0.5613331068676706
C_MOVECOUNT:0.43857312879099736
C_PAWNMOVEMENT:0.5501793167487657
