ELO:991
CE_PASSEDPAWNS:0.5281910636290361
CE_PAWNWEAKNESSES:0.4747266971979074
CE_PIECEACTIVITY:0.5336818640779721
CE_KINGPAWNSHIELD:0.5435501410376385
CE_PIECECOORDINATION:0.4846973356516632
CE_MATERIAL:0.4694181679613265
CE_KINGSAFETY:0.5
C_PIECESQUARETABLES:0.5
C_MOBILITY:0.5836313903895851
C_KINGSAFETY:0.5324639742653535
C_PAWNSTRUCTURE:0.46414904396511103
C_PIECECOORDINATION:0.5004401170372472
C_ROOKANDPAWNMOVEMENT:0.5004401170372472
C_CENTERCONTROL:0.42894235410171383
C_DEVELOPPIECES:0.4354212939766876
C_MATERIAL:0.6234991122067586
