ELO:993
CE_PASSEDPAWNS:0.47078471320578014
CE_PAWNWEAKNESSES:0.5040198659570976
CE_PIECEACTIVITY:0.4949190440199514
CE_KINGPAWNSHIELD:0.47887717759660525
CE_PIECECOORDINATION:0.49254178580942576
CE_MATERIAL:0.48311205785073474
CE_KINGSAFETY:0.5051657721331677
C_PIECESQUARETABLES:0.5184617122669334
C_MOBILITY:0.4880621134031018
C_KINGSAFETY:0.5122159872438957
C_PAWNSTRUCTURE:0.5203979785313994
C_PIECECOORDINATION:0.4990877933169054
C_ROOKANDPAWNMOVEMENT:0.4990877933169054
C_CENTERCONTROL:0.4945500271779906
C_DEVELOPPIECES:0.5190300774450703
C_MATERIAL:0.49416954033465205
C_MOVECOUNT:0.5
