ELO:887
CE_PASSEDPAWNS:0.5187387385384165
CE_PAWNWEAKNESSES:0.49531748974626266
CE_PIECEACTIVITY:0.48395254493046586
CE_KINGPAWNSHIELD:0.4815239905956429
CE_PIECECOORDINATION:0.5060756353836966
CE_MATERIAL:0.46885504462894007
CE_KINGSAFETY:0.4705823280400624
C_PIECESQUARETABLES:0.4680736947617445
C_MOBILITY:0.5980790697148859
C_KINGSAFETY:0.5498098396631411
C_PAWNSTRUCTURE:0.5141114169392204
C_PIECECOORDINATION:0.49730527657957657
C_ROOKANDPAWNMOVEMENT:0.49730527657957657
C_CENTERCONTROL:0.5026375342701187
C_DEVELOPPIECES:0.48444361262177366
C_MATERIAL:0.45474446742504226
C_MOVECOUNT:0.5
