ELO:948
CE_PASSEDPAWNS:0.5256739436996035
CE_PAWNWEAKNESSES:0.4543308215467822
CE_PIECEACTIVITY:0.6285557480402447
CE_KINGPAWNSHIELD:0.5239618526800979
CE_PIECECOORDINATION:0.5276486222707923
CE_MATERIAL:0.5151205161224124
CE_KINGSAFETY:0.5100666401410265
C_PIECESQUARETABLES:0.4951025239099936
C_MOBILITY:0.5185679667938119
C_KINGSAFETY:0.5175540661252108
C_PAWNSTRUCTURE:0.46661444791371764
C_PIECECOORDINATION:0.5577326485658833
C_ROOKANDPAWNMOVEMENT:0.5577326485658833
C_CENTERCONTROL:0.44369625729781437
C_DEVELOPPIECES:0.5016448943480641
C_MATERIAL:0.45147700471795055
