ELO:1004
CE_PASSEDPAWNS:0.5211356675062251
CE_PAWNWEAKNESSES:0.5089262315892731
CE_PIECEACTIVITY:0.49589423134771604
CE_KINGPAWNSHIELD:0.4973917718002567
CE_PIECECOORDINATION:0.5118594336930758
CE_MATERIAL:0.5124374318761079
CE_KINGSAFETY:0.5
C_PIECESQUARETABLES:0.5
C_MOBILITY:0.48209560630350645
C_KINGSAFETY:0.477706704182355
C_PAWNSTRUCTURE:0.472570944312331
C_PIECECOORDINATION:0.5575992214602619
C_ROOK:0.47911671830964603
CE_ROOK:0.5465382772098452
C_CENTERCONTROL:0.4905504487350714
C_DEVELOPPIECES:0.45604698656746484
C_MATERIAL:0.5127653659151674
C_MOVECOUNT:0.5249548896683783
C_PAWNMOVEMENT:0.4906966471824214
