ELO:928
CE_PASSEDPAWNS:0.5287051215263993
CE_PAWNWEAKNESSES:0.45267388981903106
CE_PIECEACTIVITY:0.6693681801075103
CE_KINGPAWNSHIELD:0.5066906888570798
CE_PIECECOORDINATION:0.5572052343019476
CE_MATERIAL:0.49184188523383454
CE_KINGSAFETY:0.5151682120882297
C_PIECESQUARETABLES:0.5020242835560722
C_MOBILITY:0.540088926978464
C_KINGSAFETY:0.5264326613421803
C_PAWNSTRUCTURE:0.45496784700396503
C_PIECECOORDINATION:0.5467769652006352
C_ROOKANDPAWNMOVEMENT:0.5467769652006352
C_CENTERCONTROL:0.4770400406972099
C_DEVELOPPIECES:0.47556191472842224
C_MATERIAL:0.4584477046115886
