ELO:961
CE_PASSEDPAWNS:0.48970911422344293
CE_PAWNWEAKNESSES:0.4524731052547941
CE_PIECEACTIVITY:0.4803862421706203
CE_KINGPAWNSHIELD:0.5042820553560349
CE_PIECECOORDINATION:0.48542939226962734
CE_MATERIAL:0.4850280264674834
CE_KINGSAFETY:0.5120065363676044
C_PIECESQUARETABLES:0.4997490511126446
C_MOBILITY:0.4702511327670949
C_KINGSAFETY:0.5360334102139933
C_PAWNSTRUCTURE:0.45955093416526
C_PIECECOORDINATION:0.512654699799725
C_ROOKANDPAWNMOVEMENT:0.512654699799725
C_CENTERCONTROL:0.5024276894711519
C_DEVELOPPIECES:0.5529142866004443
C_MATERIAL:0.47739722702471776
C_MOVECOUNT:0.4671078123437809
