ELO:840
CE_PASSEDPAWNS:0.6210089423994689
CE_PAWNWEAKNESSES:0.5992473244668892
CE_PIECEACTIVITY:0.4437427127229372
CE_KINGPAWNSHIELD:0.4306032017189662
CE_PIECECOORDINATION:0.39339457935137495
CE_MATERIAL:0.4664531333002691
CE_KINGSAFETY:0.5
C_PIECESQUARETABLES:0.5066775351107087
C_MOBILITY:0.46465452346454744
C_KINGSAFETY:0.43582873049680504
C_PAWNSTRUCTURE:0.45625800452825116
C_PIECECOORDINATION:0.41729409741952495
C_ROOKANDPAWNMOVEMENT:0.41729409741952495
C_CENTERCONTROL:0.6013030670290362
C_DEVELOPPIECES:0.5096424089683657
C_MATERIAL:0.5349795552441753
