ELO:899
CE_PASSEDPAWNS:0.4985998385576667
CE_PAWNWEAKNESSES:0.49621354472093343
CE_PIECEACTIVITY:0.4935516650452235
CE_KINGPAWNSHIELD:0.4952726365504415
CE_PIECECOORDINATION:0.4938571868026222
CE_MATERIAL:0.45780563024118176
CE_KINGSAFETY:0.4752006867469847
C_PIECESQUARETABLES:0.45680697954272714
C_MOBILITY:0.576077969633136
C_KINGSAFETY:0.5455739628179221
C_PAWNSTRUCTURE:0.5373563902814553
C_PIECECOORDINATION:0.5119735440099014
C_ROOKANDPAWNMOVEMENT:0.5119735440099014
C_CENTERCONTROL:0.5046863101873817
C_DEVELOPPIECES:0.49327119499561745
C_MATERIAL:0.4566434281758081
C_MOVECOUNT:0.5
