ELO:968
CE_PASSEDPAWNS:0.49409758456521097
CE_PAWNWEAKNESSES:0.4793636161811111
CE_PIECEACTIVITY:0.5097426056755087
CE_KINGPAWNSHIELD:0.4962981987219432
CE_PIECECOORDINATION:0.4520770940252211
CE_MATERIAL:0.49630553488519075
CE_KINGSAFETY:0.5009465602044866
C_PIECESQUARETABLES:0.5
C_MOBILITY:0.48350731259045254
C_KINGSAFETY:0.48929893081360726
C_PAWNSTRUCTURE:0.5
C_PIECECOORDINATION:0.5007650895575114
C_ROOKANDPAWNMOVEMENT:0.5007650895575114
C_CENTERCONTROL:0.4720388003263094
C_DEVELOPPIECES:0.5008925060599667
C_MATERIAL:0.5057246520092707
C_MOVECOUNT:0.5
