ELO:642
CE_PASSEDPAWNS:0.4881609285146497
CE_PAWNWEAKNESSES:0.5013011062026221
CE_PIECEACTIVITY:0.5114829724604091
CE_KINGPAWNSHIELD:0.34220127435275505
CE_PIECECOORDINATION:0.46748860229332223
CE_MATERIAL:0.5728835516648099
CE_KINGSAFETY:0.4960951086398095
C_PIECESQUARETABLES:0.5810038871497404
C_MOBILITY:0.468904614650119
C_KINGSAFETY:0.5178410635809996
C_PAWNSTRUCTURE:0.5174834693000382
C_PIECECOORDINATION:0.4835098161030847
C_ROOKANDPAWNMOVEMENT:0.4835098161030847
C_CENTERCONTROL:0.48577182870153746
C_DEVELOPPIECES:0.4489078840446449
C_MATERIAL:0.5040407653513929
C_MOVECOUNT:0.5
