ELO:902
CE_PASSEDPAWNS:0.4594383446091529
CE_PAWNWEAKNESSES:0.37238358895345625
CE_PIECEACTIVITY:0.45456819665859377
CE_KINGPAWNSHIELD:0.624085184823468
CE_PIECECOORDINATION:0.44098366295448926
CE_MATERIAL:0.6522061702206635
CE_KINGSAFETY:0.5252593614701293
C_PIECESQUARETABLES:0.49340414524170667
C_MOBILITY:0.4992907295538421
C_KINGSAFETY:0.4650480738753477
C_PAWNSTRUCTURE:0.5380701176626524
C_PIECECOORDINATION:0.42290806599673963
C_ROOKANDPAWNMOVEMENT:0.42290806599673963
C_CENTERCONTROL:0.43763543856657144
C_DEVELOPPIECES:0.44108167762181
C_MATERIAL:0.4893525033781283
