ELO:978
CE_PASSEDPAWNS:0.5201654737117688
CE_PAWNWEAKNESSES:0.403385940780183
CE_PIECEACTIVITY:0.6016768865217198
CE_KINGPAWNSHIELD:0.5843918596833911
CE_PIECECOORDINATION:0.5319135327218131
CE_MATERIAL:0.533947858216773
CE_KINGSAFETY:0.4948154707980925
C_PIECESQUARETABLES:0.4692308867101834
C_MOBILITY:0.5645415696955131
C_KINGSAFETY:0.52840931842241
C_PAWNSTRUCTURE:0.4621878221778174
C_PIECECOORDINATION:0.5226457189263388
C_ROOKANDPAWNMOVEMENT:0.5226457189263388
C_CENTERCONTROL:0.4683375117215831
C_DEVELOPPIECES:0.48957344575512257
C_MATERIAL:0.4577573420404324
