ELO:986
CE_PASSEDPAWNS:0.5054792718905798
CE_PAWNWEAKNESSES:0.4994748100779495
CE_PIECEACTIVITY:0.5001644618577568
CE_KINGPAWNSHIELD:0.4909041001023805
CE_PIECECOORDINATION:0.5159926065491762
CE_MATERIAL:0.48141689665577303
CE_KINGSAFETY:0.504815941532018
C_PIECESQUARETABLES:0.4929314775551598
C_MOBILITY:0.4954039213076555
C_KINGSAFETY:0.4947356477603501
C_PAWNSTRUCTURE:0.5
C_PIECECOORDINATION:0.5049325104461372
C_ROOKANDPAWNMOVEMENT:0.5049325104461372
C_CENTERCONTROL:0.5041852636570824
C_DEVELOPPIECES:0.5074882851977663
C_MATERIAL:0.49789447213421595
C_MOVECOUNT:0.5
