ELO:1035
CE_PASSEDPAWNS:0.4718053242545432
CE_PAWNWEAKNESSES:0.5078128488422025
CE_PIECEACTIVITY:0.5567502135012514
CE_KINGPAWNSHIELD:0.4699901983952379
CE_PIECECOORDINATION:0.5166701843715586
CE_MATERIAL:0.4789051282993241
CE_KINGSAFETY:0.5
C_PIECESQUARETABLES:0.49817082131042834
C_MOBILITY:0.47658608463711133
C_KINGSAFETY:0.5201536192007441
C_PAWNSTRUCTURE:0.5051694417506152
C_PIECECOORDINATION:0.46230714489505703
C_ROOKANDPAWNMOVEMENT:0.46230714489505703
C_CENTERCONTROL:0.4585539330729828
C_DEVELOPPIECES:0.4826429303950705
C_MATERIAL:0.5029401303878486
C_MOVECOUNT:0.5627362948025533
