ELO:891
CE_PASSEDPAWNS:0.43828376093636484
CE_PAWNWEAKNESSES:0.47638539406618735
CE_PIECEACTIVITY:0.5619481188851105
CE_KINGPAWNSHIELD:0.489850709535243
CE_PIECECOORDINATION:0.5601761365618856
CE_MATERIAL:0.5033011804241544
CE_KINGSAFETY:0.47357556653369953
C_PIECESQUARETABLES:0.5049193629786469
C_MOBILITY:0.5122387076421212
C_KINGSAFETY:0.5054256239416884
C_PAWNSTRUCTURE:0.4862380010380435
C_PIECECOORDINATION:0.5103740951199879
C_ROOKANDPAWNMOVEMENT:0.5103740951199879
C_CENTERCONTROL:0.4721662636107303
C_DEVELOPPIECES:0.47034586938598605
C_MATERIAL:0.5765684581985513
C_MOVECOUNT:0.5
