ELO:948
CE_PASSEDPAWNS:0.48533299876947267
CE_PAWNWEAKNESSES:0.4820469464518098
CE_PIECEACTIVITY:0.5352340833515089
CE_KINGPAWNSHIELD:0.5168890149611918
CE_PIECECOORDINATION:0.5322608853237153
CE_MATERIAL:0.5096757277016039
CE_KINGSAFETY:0.49200124242046817
C_PIECESQUARETABLES:0.4808777176885754
C_MOBILITY:0.5019854494527825
C_KINGSAFETY:0.4994375772770214
C_PAWNSTRUCTURE:0.49803105752477056
C_PIECECOORDINATION:0.5
C_ROOKANDPAWNMOVEMENT:0.5
C_CENTERCONTROL:0.5003722915841716
C_DEVELOPPIECES:0.5005399950996186
C_MATERIAL:0.5336197146840819
C_MOVECOUNT:0.5
