ELO:963
CE_PASSEDPAWNS:0.5132635200359622
CE_PAWNWEAKNESSES:0.4239017070982612
CE_PIECEACTIVITY:0.5995393998172652
CE_KINGPAWNSHIELD:0.5687478477304729
CE_PIECECOORDINATION:0.5242516622176753
CE_MATERIAL:0.5398333355032516
CE_KINGSAFETY:0.492537653910016
C_PIECESQUARETABLES:0.4452311554485399
C_MOBILITY:0.5590926933687589
C_KINGSAFETY:0.5352900869145707
C_PAWNSTRUCTURE:0.4689123071804708
C_PIECECOORDINATION:0.5354306916818804
C_ROOKANDPAWNMOVEMENT:0.5354306916818804
C_CENTERCONTROL:0.4730555291609799
C_DEVELOPPIECES:0.47979949797841576
C_MATERIAL:0.45779311451104726
