ELO:977
CE_PASSEDPAWNS:0.4897693798076117
CE_PAWNWEAKNESSES:0.48627089370956195
CE_PIECEACTIVITY:0.5116199346851834
CE_KINGPAWNSHIELD:0.4983027302288583
CE_PIECECOORDINATION:0.48839708174030966
CE_MATERIAL:0.4790094472068711
CE_KINGSAFETY:0.4888564490656624
C_PIECESQUARETABLES:0.5052582152399454
C_MOBILITY:0.48706432159800767
C_KINGSAFETY:0.5045489089394137
C_PAWNSTRUCTURE:0.4717662233681575
C_PIECECOORDINATION:0.4840221462246973
C_ROOKANDPAWNMOVEMENT:0.4840221462246973
C_CENTERCONTROL:0.4925054175170955
C_DEVELOPPIECES:0.486122175480309
C_MATERIAL:0.47517538491315353
C_MOVECOUNT:0.5
