ELO:1030
CE_PASSEDPAWNS:0.46727693989758634
CE_PAWNWEAKNESSES:0.5023671154484513
CE_PIECEACTIVITY:0.49102237647856933
CE_KINGPAWNSHIELD:0.5006846271677258
CE_PIECECOORDINATION:0.5
CE_MATERIAL:0.5
CE_KINGSAFETY:0.5
C_PIECESQUARETABLES:0.5
C_MOBILITY:0.48879126119455757
C_KINGSAFETY:0.477706704182355
C_PAWNSTRUCTURE:0.5
C_PIECECOORDINATION:0.5160096086242401
C_ROOK:0.4770555646613208
CE_ROOK:0.48573123569766186
C_CENTERCONTROL:0.5011855693911038
C_DEVELOPPIECES:0.5191630286740703
C_MATERIAL:0.4971971897610752
C_MOVECOUNT:0.48230721617460937
C_PAWNMOVEMENT:0.5111201784368744
