ELO:1026
CE_PASSEDPAWNS:0.5202047592027715
CE_PAWNWEAKNESSES:0.5023671154484513
CE_PIECEACTIVITY:0.5021535510357856
CE_KINGPAWNSHIELD:0.4689954011660321
CE_PIECECOORDINATION:0.5118594336930758
CE_MATERIAL:0.5335875216057041
CE_KINGSAFETY:0.5
C_PIECESQUARETABLES:0.5
C_MOBILITY:0.5
C_KINGSAFETY:0.4705933037692467
C_PAWNSTRUCTURE:0.47960076828113696
C_PIECECOORDINATION:0.5
C_ROOK:0.49302113446756246
CE_ROOK:0.48573123569766186
C_CENTERCONTROL:0.5008749644328411
C_DEVELOPPIECES:0.5076416731541868
C_MATERIAL:0.5367029516076394
C_MOVECOUNT:0.4893946631901586
C_PAWNMOVEMENT:0.4870259075401598
