ELO:992
CE_PASSEDPAWNS:0.464322037483203
CE_PAWNWEAKNESSES:0.4455399780812018
CE_PIECEACTIVITY:0.5646453746514378
CE_KINGPAWNSHIELD:0.5405983262940791
CE_PIECECOORDINATION:0.4756298928356529
CE_MATERIAL:0.5342040332618794
CE_KINGSAFETY:0.5026842180551192
C_PIECESQUARETABLES:0.5
C_MOBILITY:0.5626609240657097
C_KINGSAFETY:0.519637324720369
C_PAWNSTRUCTURE:0.5006106659517147
C_PIECECOORDINATION:0.5297862187704752
C_ROOKANDPAWNMOVEMENT:0.5297862187704752
C_CENTERCONTROL:0.47641381507301217
C_DEVELOPPIECES:0.5248323086636661
C_MATERIAL:0.4898290657629478
