ELO:1000
CE_PASSEDPAWNS:0.46457023309987966
CE_PAWNWEAKNESSES:0.4464408950934355
CE_PIECEACTIVITY:0.5554282446162345
CE_KINGPAWNSHIELD:0.5264129917367358
CE_PIECECOORDINATION:0.46646104625213053
CE_MATERIAL:0.4903815541175459
CE_KINGSAFETY:0.528131563512463
C_PIECESQUARETABLES:0.5283062003669469
C_MOBILITY:0.5366434679721956
C_KINGSAFETY:0.5590337056258864
C_PAWNSTRUCTURE:0.48293641040792135
C_PIECECOORDINATION:0.5360180189698296
C_ROOKANDPAWNMOVEMENT:0.5360180189698296
C_CENTERCONTROL:0.49323488048268455
C_DEVELOPPIECES:0.5181802667424086
C_MATERIAL:0.503751848587509
