ELO:963
CE_PASSEDPAWNS:0.5032318476005176
CE_PAWNWEAKNESSES:0.5182126485926971
CE_PIECEACTIVITY:0.5247244589465072
CE_KINGPAWNSHIELD:0.5209753668472222
CE_PIECECOORDINATION:0.4871531710078075
CE_MATERIAL:0.5342360971148207
CE_KINGSAFETY:0.5098382616142455
C_PIECESQUARETABLES:0.4948750582176772
C_MOBILITY:0.5135081395584681
C_KINGSAFETY:0.5027797060259684
C_PAWNSTRUCTURE:0.47995034074542187
C_PIECECOORDINATION:0.5278402955829632
C_ROOKANDPAWNMOVEMENT:0.5278402955829632
C_CENTERCONTROL:0.5
C_DEVELOPPIECES:0.48578019442900244
C_MATERIAL:0.5059601238969683
C_MOVECOUNT:0.5117780953633023
