ELO:884
CE_PASSEDPAWNS:0.5029223250181497
CE_PAWNWEAKNESSES:0.46355623500179494
CE_PIECEACTIVITY:0.5058246642529883
CE_KINGPAWNSHIELD:0.44566947122902273
CE_PIECECOORDINATION:0.4963752526336044
CE_MATERIAL:0.5055131253642181
CE_KINGSAFETY:0.48747980613406183
C_PIECESQUARETABLES:0.5382430973613144
C_MOBILITY:0.4940751677323011
C_KINGSAFETY:0.46746479015063347
C_PAWNSTRUCTURE:0.5080878215087669
C_PIECECOORDINATION:0.4922678016091167
C_ROOKANDPAWNMOVEMENT:0.4922678016091167
C_CENTERCONTROL:0.5039467389411489
C_DEVELOPPIECES:0.5322824800090056
C_MATERIAL:0.4794703474697526
