ELO:952
CE_PASSEDPAWNS:0.42266718764541167
CE_PAWNWEAKNESSES:0.46268079677433027
CE_PIECEACTIVITY:0.49979341462916443
CE_KINGPAWNSHIELD:0.6206061893189596
CE_PIECECOORDINATION:0.4714734449859313
CE_MATERIAL:0.6672462258793975
CE_KINGSAFETY:0.5016241102292335
C_PIECESQUARETABLES:0.45120921747507015
C_MOBILITY:0.49171396690196056
C_KINGSAFETY:0.4587776962784407
C_PAWNSTRUCTURE:0.5758591390798886
C_PIECECOORDINATION:0.4351642777898561
C_ROOKANDPAWNMOVEMENT:0.4351642777898561
C_CENTERCONTROL:0.46382653610001334
C_DEVELOPPIECES:0.4336798350291413
C_MATERIAL:0.46794562242102566
