ELO:996
CE_PASSEDPAWNS:0.5093644204132813
CE_PAWNWEAKNESSES:0.4872168756764039
CE_PIECEACTIVITY:0.49880838960266144
CE_KINGPAWNSHIELD:0.5047451271193981
CE_PIECECOORDINATION:0.5064101839974029
CE_MATERIAL:0.49050791458772364
CE_KINGSAFETY:0.5
C_PIECESQUARETABLES:0.5
C_MOBILITY:0.5
C_KINGSAFETY:0.5
C_PAWNSTRUCTURE:0.5087299218360634
C_PIECECOORDINATION:0.5073844002385725
C_ROOKANDPAWNMOVEMENT:0.5073844002385725
C_CENTERCONTROL:0.5186240362589812
C_DEVELOPPIECES:0.5234794205368434
C_MATERIAL:0.5082246103907809
C_MOVECOUNT:0.5122466138263166
