ELO:950
CE_PASSEDPAWNS:0.5374078266483431
CE_PAWNWEAKNESSES:0.5199983685082677
CE_PIECEACTIVITY:0.48421042922859886
CE_KINGPAWNSHIELD:0.5244787407611425
CE_PIECECOORDINATION:0.4810902108171693
CE_MATERIAL:0.4652903147652956
CE_KINGSAFETY:0.5
C_PIECESQUARETABLES:0.511536257412685
C_MOBILITY:0.5161150549561742
C_KINGSAFETY:0.5170180512813435
C_PAWNSTRUCTURE:0.4925193176783562
C_PIECECOORDINATION:0.476472537455992
C_ROOK:0.48109466107774695
CE_ROOK:0.4823673753487028
C_CENTERCONTROL:0.492647916341436
C_DEVELOPPIECES:0.48648880182070714
C_MATERIAL:0.5605304943838822
C_MOVECOUNT:0.4413538120866536
C_PAWNMOVEMENT:0.53228586657926
