ELO:1000
CE_PASSEDPAWNS:0.4585417637996431
CE_PAWNWEAKNESSES:0.48558997086536076
CE_PIECEACTIVITY:0.48395723847305705
CE_KINGPAWNSHIELD:0.4918845031801729
CE_PIECECOORDINATION:0.5049406687258481
CE_MATERIAL:0.5314737574771035
CE_KINGSAFETY:0.5221785970908318
C_PIECESQUARETABLES:0.5243634271834503
C_MOBILITY:0.44551283125938007
C_KINGSAFETY:0.505266118801186
C_PAWNSTRUCTURE:0.5190687446697234
C_PIECECOORDINATION:0.43323951826628443
C_ROOKANDPAWNMOVEMENT:0.43323951826628443
C_CENTERCONTROL:0.49315687704972294
C_DEVELOPPIECES:0.4918333004461711
C_MATERIAL:0.5288628894529047
