ELO:1005
CE_PASSEDPAWNS:0.50144618162169
CE_PAWNWEAKNESSES:0.4124642950361906
CE_PIECEACTIVITY:0.4961002945817245
CE_KINGPAWNSHIELD:0.5573071101184518
CE_PIECECOORDINATION:0.45787155773489346
CE_MATERIAL:0.48702859986736063
CE_KINGSAFETY:0.5
C_PIECESQUARETABLES:0.5
C_MOBILITY:0.5077473986971447
C_KINGSAFETY:0.5341623067241824
C_PAWNSTRUCTURE:0.48016904903971575
C_PIECECOORDINATION:0.46080920047560475
C_ROOKANDPAWNMOVEMENT:0.46080920047560475
C_CENTERCONTROL:0.56796930668802
C_DEVELOPPIECES:0.48040919390103787
C_MATERIAL:0.5082201368575207
C_MOVECOUNT:0.5239485872808558
