ELO:927
CE_PASSEDPAWNS:0.4356732749431951
CE_PAWNWEAKNESSES:0.48726206159638186
CE_PIECEACTIVITY:0.5598609860637495
CE_KINGPAWNSHIELD:0.489850709535243
CE_PIECECOORDINATION:0.556014765135826
CE_MATERIAL:0.5102756811898568
CE_KINGSAFETY:0.4692925282882052
C_PIECESQUARETABLES:0.4997222699534071
C_MOBILITY:0.5174694648809935
C_KINGSAFETY:0.5193934015798839
C_PAWNSTRUCTURE:0.4898235754500769
C_PIECECOORDINATION:0.5089487650938995
C_ROOKANDPAWNMOVEMENT:0.5089487650938995
C_CENTERCONTROL:0.5062717911308652
C_DEVELOPPIECES:0.4989176628090505
C_MATERIAL:0.5882893598553162
C_MOVECOUNT:0.5
