ELO:1000
CE_PASSEDPAWNS:0.5
CE_PAWNWEAKNESSES:0.5079006104142524
CE_PIECEACTIVITY:0.5067304306735606
CE_KINGPAWNSHIELD:0.5
CE_PIECECOORDINATION:0.5
CE_MATERIAL:0.49050791458772364
CE_KINGSAFETY:0.5066534196990016
C_PIECESQUARETABLES:0.5047061014415086
C_MOBILITY:0.5
C_KINGSAFETY:0.49069035830673846
C_PAWNSTRUCTURE:0.5122306000943199
C_PIECECOORDINATION:0.5019749258775638
C_ROOKANDPAWNMOVEMENT:0.5019749258775638
C_CENTERCONTROL:0.5
C_DEVELOPPIECES:0.49989842443951793
C_MATERIAL:0.5074902216760339
C_MOVECOUNT:0.49111054035471163
