ELO:541
CE_PASSEDPAWNS:0.47604627012098616
CE_PAWNWEAKNESSES:0.5558479961314092
CE_PIECEACTIVITY:0.5413897353384052
CE_KINGPAWNSHIELD:0.27225607623301723
CE_PIECECOORDINATION:0.4571355183282172
CE_MATERIAL:0.5932954469871398
CE_KINGSAFETY:0.4882647868179918
C_PIECESQUARETABLES:0.5207999661526317
C_MOBILITY:0.49629805394644577
C_KINGSAFETY:0.5679932356385573
C_PAWNSTRUCTURE:0.4866570324799487
C_PIECECOORDINATION:0.49665804089132953
C_ROOKANDPAWNMOVEMENT:0.49665804089132953
C_CENTERCONTROL:0.47802269011835297
C_DEVELOPPIECES:0.5180552260441339
C_MATERIAL:0.5995112419844895
C_MOVECOUNT:0.5294262947935275
