ELO:923
CE_PASSEDPAWNS:0.4493598364202326
CE_PAWNWEAKNESSES:0.35519576600394204
CE_PIECEACTIVITY:0.43431740432469607
CE_KINGPAWNSHIELD:0.6284688538397251
CE_PIECECOORDINATION:0.44553699959889165
CE_MATERIAL:0.6466576504407204
CE_KINGSAFETY:0.5227739135630941
C_PIECESQUARETABLES:0.5002991383126137
C_MOBILITY:0.502248127787521
C_KINGSAFETY:0.45692637182868184
C_PAWNSTRUCTURE:0.53578047100788
C_PIECECOORDINATION:0.4499200932598959
C_ROOKANDPAWNMOVEMENT:0.4499200932598959
C_CENTERCONTROL:0.4270175732566036
C_DEVELOPPIECES:0.4325997514136319
C_MATERIAL:0.5111540541026678
