ELO:936
CE_PASSEDPAWNS:0.5079988800991142
CE_PAWNWEAKNESSES:0.4973064216112366
CE_PIECEACTIVITY:0.4929835842550413
CE_KINGPAWNSHIELD:0.46882580522454936
CE_PIECECOORDINATION:0.5071423143808348
CE_MATERIAL:0.49891109253244265
CE_KINGSAFETY:0.4890378053088542
C_PIECESQUARETABLES:0.5299115409179381
C_MOBILITY:0.5008223092880237
C_KINGSAFETY:0.4785529768814764
C_PAWNSTRUCTURE:0.515860453715534
C_PIECECOORDINATION:0.4868784370844193
C_ROOKANDPAWNMOVEMENT:0.4868784370844193
C_CENTERCONTROL:0.47146680183977324
C_DEVELOPPIECES:0.5142762887743711
C_MATERIAL:0.4848551874719853
