ELO:837
CE_PASSEDPAWNS:0.5488703478942396
CE_PAWNWEAKNESSES:0.5300684337263034
CE_PIECEACTIVITY:0.5235700039057573
CE_KINGPAWNSHIELD:0.5696990514600853
CE_PIECECOORDINATION:0.48616857472946984
CE_MATERIAL:0.536361910210784
CE_KINGSAFETY:0.5086377909944177
C_PIECESQUARETABLES:0.5679299533726891
C_MOBILITY:0.45263224799205576
C_KINGSAFETY:0.5122803191814164
C_PAWNSTRUCTURE:0.5326683948487588
C_PIECECOORDINATION:0.47609306018315517
C_ROOKANDPAWNMOVEMENT:0.47609306018315517
C_CENTERCONTROL:0.5845165013793769
C_DEVELOPPIECES:0.5256699928558297
C_MATERIAL:0.45934040925672637
C_MOVECOUNT:0.5
