ELO:1018
CE_PASSEDPAWNS:0.5165401952833226
CE_PAWNWEAKNESSES:0.5144282406224909
CE_PIECEACTIVITY:0.47350394151544634
CE_KINGPAWNSHIELD:0.487753040826521
CE_PIECECOORDINATION:0.5083563648654584
CE_MATERIAL:0.49024532750936517
CE_KINGSAFETY:0.5
C_PIECESQUARETABLES:0.5
C_MOBILITY:0.5256833781125756
C_KINGSAFETY:0.49552767218887184
C_PAWNSTRUCTURE:0.4831724028941292
C_PIECECOORDINATION:0.49816970246868275
C_ROOK:0.5
CE_ROOK:0.4939924255204084
C_CENTERCONTROL:0.49872734645623507
C_DEVELOPPIECES:0.4727473771815632
C_MATERIAL:0.5146202815946229
C_MOVECOUNT:0.5060432001236872
C_PAWNMOVEMENT:0.5079621491419254
