ELO:957
CE_PASSEDPAWNS:0.5240767564843484
CE_PAWNWEAKNESSES:0.5031259195231484
CE_PIECEACTIVITY:0.5418139474936194
CE_KINGPAWNSHIELD:0.4777241927807548
CE_PIECECOORDINATION:0.49471372805731867
CE_MATERIAL:0.519435309694125
CE_KINGSAFETY:0.49630419061802056
C_PIECESQUARETABLES:0.5
C_MOBILITY:0.48160031175774215
C_KINGSAFETY:0.5023423815144916
C_PAWNSTRUCTURE:0.49478293192095857
C_PIECECOORDINATION:0.5050919485642628
C_ROOK:0.4593354332879302
CE_ROOK:0.5258273195023068
C_CENTERCONTROL:0.5461514540137933
C_DEVELOPPIECES:0.48803846654105965
C_MATERIAL:0.5121072248702525
C_MOVECOUNT:0.5003199788881134
C_PAWNMOVEMENT:0.48553299684315565
