ELO:1019
CE_PASSEDPAWNS:0.4796726436918315
CE_PAWNWEAKNESSES:0.4949821251963144
CE_PIECEACTIVITY:0.5072126869965226
CE_KINGPAWNSHIELD:0.5
CE_PIECECOORDINATION:0.5280875985012714
CE_MATERIAL:0.5
CE_KINGSAFETY:0.46535617270053686
C_PIECESQUARETABLES:0.5
C_MOBILITY:0.5056470236707354
C_KINGSAFETY:0.5118445895348431
C_PAWNSTRUCTURE:0.5065642292285762
C_PIECECOORDINATION:0.5052269750668488
C_ROOKANDPAWNMOVEMENT:0.5052269750668488
C_CENTERCONTROL:0.48777204083776526
C_DEVELOPPIECES:0.5338828092579763
C_MATERIAL:0.48432526604357806
C_MOVECOUNT:0.5
