ELO:1005
CE_PASSEDPAWNS:0.49629760184424976
CE_PAWNWEAKNESSES:0.5058984745070961
CE_PIECEACTIVITY:0.5075267910731507
CE_KINGPAWNSHIELD:0.5
CE_PIECECOORDINATION:0.5
CE_MATERIAL:0.4925285232485223
CE_KINGSAFETY:0.5
C_PIECESQUARETABLES:0.5
C_MOBILITY:0.4918587922130017
C_KINGSAFETY:0.5
C_PAWNSTRUCTURE:0.5
C_PIECECOORDINATION:0.5105112746453342
C_ROOKANDPAWNMOVEMENT:0.5105112746453342
C_CENTERCONTROL:0.5071720510276275
C_DEVELOPPIECES:0.4938444298223605
C_MATERIAL:0.49233470366521237
C_MOVECOUNT:0.5
