ELO:1027
CE_PASSEDPAWNS:0.5092317389313964
CE_PAWNWEAKNESSES:0.4797089309060481
CE_PIECEACTIVITY:0.5005067291873136
CE_KINGPAWNSHIELD:0.5021902283136767
CE_PIECECOORDINATION:0.5330292707230271
CE_MATERIAL:0.4939458398004939
CE_KINGSAFETY:0.5
C_PIECESQUARETABLES:0.5
C_MOBILITY:0.5
C_KINGSAFETY:0.5065945915617065
C_PAWNSTRUCTURE:0.5047636744040566
C_PIECECOORDINATION:0.5411358506732914
C_ROOK:0.49302113446756246
CE_ROOK:0.5021332737164795
C_CENTERCONTROL:0.4995431046483367
C_DEVELOPPIECES:0.4922570811986294
C_MATERIAL:0.5
C_MOVECOUNT:0.45921274873085527
C_PAWNMOVEMENT:0.5033128708409863
