ELO:964
CE_PASSEDPAWNS:0.5
CE_PAWNWEAKNESSES:0.5061333939961717
CE_PIECEACTIVITY:0.5
CE_KINGPAWNSHIELD:0.49630071649645463
CE_PIECECOORDINATION:0.4522536813976442
CE_MATERIAL:0.5083729567333285
CE_KINGSAFETY:0.5074244396086242
C_PIECESQUARETABLES:0.4967286089340952
C_MOBILITY:0.507822216692927
C_KINGSAFETY:0.5
C_PAWNSTRUCTURE:0.46523512043753407
C_PIECECOORDINATION:0.5
C_ROOKANDPAWNMOVEMENT:0.5
C_CENTERCONTROL:0.5119891580483801
C_DEVELOPPIECES:0.48889741126616315
C_MATERIAL:0.4972148812687888
C_MOVECOUNT:0.5
