ELO:959
CE_PASSEDPAWNS:0.5348125991535642
CE_PAWNWEAKNESSES:0.5069572879260544
CE_PIECEACTIVITY:0.5310813722135667
CE_KINGPAWNSHIELD:0.497138784259797
CE_PIECECOORDINATION:0.5475587055432359
CE_MATERIAL:0.4767390555840135
CE_KINGSAFETY:0.5
C_PIECESQUARETABLES:0.5
C_MOBILITY:0.4845721437356342
C_KINGSAFETY:0.4759619645933348
C_PAWNSTRUCTURE:0.5
C_PIECECOORDINATION:0.4861249601969648
C_ROOKANDPAWNMOVEMENT:0.4861249601969648
C_CENTERCONTROL:0.5395103088403883
C_DEVELOPPIECES:0.5052489829813462
C_MATERIAL:0.4575117172467733
C_MOVECOUNT:0.5
