ELO:1000
CE_PASSEDPAWNS:0.5567174669939209
CE_PAWNWEAKNESSES:0.5073928047608522
CE_PIECEACTIVITY:0.45784102789818915
CE_KINGPAWNSHIELD:0.5280511926792254
CE_PIECECOORDINATION:0.538288264375413
CE_MATERIAL:0.5080700883611974
CE_KINGSAFETY:0.4842424264031087
C_PIECESQUARETABLES:0.4853034767405339
C_MOBILITY:0.4684288485514306
C_KINGSAFETY:0.48147658248474945
C_PAWNSTRUCTURE:0.47606210685230654
C_PIECECOORDINATION:0.4662749866000175
C_ROOKANDPAWNMOVEMENT:0.4662749866000175
C_CENTERCONTROL:0.4944476306684399
C_DEVELOPPIECES:0.5324680690062457
C_MATERIAL:0.5113346933475089
