ELO:1000
CE_PASSEDPAWNS:0.4924522208770412
CE_PAWNWEAKNESSES:0.4521403896756182
CE_PIECEACTIVITY:0.5436336713372798
CE_KINGPAWNSHIELD:0.5082305683243629
CE_PIECECOORDINATION:0.49612680935851283
CE_MATERIAL:0.4979621576639765
CE_KINGSAFETY:0.4761875593699538
C_PIECESQUARETABLES:0.489080366785773
C_MOBILITY:0.48388109072634916
C_KINGSAFETY:0.4956981767117901
C_PAWNSTRUCTURE:0.4788383193114455
C_PIECECOORDINATION:0.49803479754730506
C_ROOKANDPAWNMOVEMENT:0.49803479754730506
C_CENTERCONTROL:0.48763332998525216
C_DEVELOPPIECES:0.47768927471050876
C_MATERIAL:0.5062566355638747
