ELO:1027
CE_PASSEDPAWNS:0.5092317389313964
CE_PAWNWEAKNESSES:0.5021945557893446
CE_PIECEACTIVITY:0.5005067291873136
CE_KINGPAWNSHIELD:0.5021902283136767
CE_PIECECOORDINATION:0.5252347465999906
CE_MATERIAL:0.4939458398004939
CE_KINGSAFETY:0.5
C_PIECESQUARETABLES:0.5
C_MOBILITY:0.48552213159070967
C_KINGSAFETY:0.5088586798689533
C_PAWNSTRUCTURE:0.4988976233761561
C_PIECECOORDINATION:0.5124505130025703
C_ROOK:0.49302113446756246
CE_ROOK:0.49469427752576733
C_CENTERCONTROL:0.5055156476960524
C_DEVELOPPIECES:0.4953098223785365
C_MATERIAL:0.4782613691640225
C_MOVECOUNT:0.45921274873085527
C_PAWNMOVEMENT:0.5219166504499402
