ELO:1011
CE_PASSEDPAWNS:0.5038668832753477
CE_PAWNWEAKNESSES:0.5041158136772598
CE_PIECEACTIVITY:0.5
CE_KINGPAWNSHIELD:0.5061814951436306
CE_PIECECOORDINATION:0.5070341752773393
CE_MATERIAL:0.5
CE_KINGSAFETY:0.5
C_PIECESQUARETABLES:0.5
C_MOBILITY:0.5108879652353667
C_KINGSAFETY:0.4893321608927903
C_PAWNSTRUCTURE:0.5
C_PIECECOORDINATION:0.5119137211078125
C_ROOKANDPAWNMOVEMENT:0.5119137211078125
C_CENTERCONTROL:0.5
C_DEVELOPPIECES:0.48797610073924774
C_MATERIAL:0.516043473146613
