ELO:952
CE_PASSEDPAWNS:0.48479860264051694
CE_PAWNWEAKNESSES:0.5198892008953974
CE_PIECEACTIVITY:0.4861027382135069
CE_KINGPAWNSHIELD:0.47615593152276087
CE_PIECECOORDINATION:0.5079717107057391
CE_MATERIAL:0.48507908650224896
CE_KINGSAFETY:0.48263199900401793
C_PIECESQUARETABLES:0.4660823294375624
C_MOBILITY:0.46463603004089976
C_KINGSAFETY:0.48518215164740486
C_PAWNSTRUCTURE:0.5139882014521764
C_PIECECOORDINATION:0.518152850854602
C_ROOKANDPAWNMOVEMENT:0.518152850854602
C_CENTERCONTROL:0.5018714813888085
C_DEVELOPPIECES:0.5078139422999843
C_MATERIAL:0.5263768268071806
