ELO:1010
CE_PASSEDPAWNS:0.490248985904356
CE_PAWNWEAKNESSES:0.5021577679415573
CE_PIECEACTIVITY:0.5
CE_KINGPAWNSHIELD:0.49534413592779913
CE_PIECECOORDINATION:0.49265186548882545
CE_MATERIAL:0.5
CE_KINGSAFETY:0.4995977720718348
C_PIECESQUARETABLES:0.5
C_MOBILITY:0.4894794420490985
C_KINGSAFETY:0.5
C_PAWNSTRUCTURE:0.4944176018715292
C_PIECECOORDINATION:0.5080563668692634
C_ROOK:0.5094525980747712
CE_ROOK:0.5
C_CENTERCONTROL:0.5031365681611998
C_DEVELOPPIECES:0.505142560953073
C_MATERIAL:0.5
C_MOVECOUNT:0.4932019409842854
C_PAWNMOVEMENT:0.5
