ELO:1000
CE_PASSEDPAWNS:0.47707338147179607
CE_PAWNWEAKNESSES:0.4428149766481311
CE_PIECEACTIVITY:0.5345758095477349
CE_KINGPAWNSHIELD:0.45817759804075325
CE_PIECECOORDINATION:0.5087962453465882
CE_MATERIAL:0.4993880941343494
CE_KINGSAFETY:0.4541180977783991
C_PIECESQUARETABLES:0.4965669451022193
C_MOBILITY:0.5016919415707718
C_KINGSAFETY:0.4808225898657377
C_PAWNSTRUCTURE:0.49256665697788715
C_PIECECOORDINATION:0.4970210767227877
C_ROOKANDPAWNMOVEMENT:0.4970210767227877
C_CENTERCONTROL:0.5083736872981004
C_DEVELOPPIECES:0.45593873094366166
C_MATERIAL:0.5364199294293753
