ELO:1002
CE_PASSEDPAWNS:0.4913790528552267
CE_PAWNWEAKNESSES:0.4378333205730811
CE_PIECEACTIVITY:0.544740388589678
CE_KINGPAWNSHIELD:0.46303119457875175
CE_PIECECOORDINATION:0.493691764877897
CE_MATERIAL:0.48461501892779035
CE_KINGSAFETY:0.5118176892483093
C_PIECESQUARETABLES:0.5
C_MOBILITY:0.5316450948935879
C_KINGSAFETY:0.5011417084876327
C_PAWNSTRUCTURE:0.4837655470551682
C_PIECECOORDINATION:0.49773238655936036
C_ROOKANDPAWNMOVEMENT:0.49773238655936036
C_CENTERCONTROL:0.5343339390533298
C_DEVELOPPIECES:0.4057219225107933
C_MATERIAL:0.5362220637778405
