ELO:874
CE_PASSEDPAWNS:0.43631909986894696
CE_PAWNWEAKNESSES:0.4520276835523849
CE_PIECEACTIVITY:0.49122095245616265
CE_KINGPAWNSHIELD:0.47733174499340003
CE_PIECECOORDINATION:0.5723734062885691
CE_MATERIAL:0.5339689059251447
CE_KINGSAFETY:0.4886990810693518
C_PIECESQUARETABLES:0.5140864832561582
C_MOBILITY:0.49563487114724736
C_KINGSAFETY:0.45378198213461945
C_PAWNSTRUCTURE:0.5414908078531286
C_PIECECOORDINATION:0.5641348959170047
C_ROOKANDPAWNMOVEMENT:0.5641348959170047
C_CENTERCONTROL:0.4993431667774319
C_DEVELOPPIECES:0.5525349298605663
C_MATERIAL:0.5384015526426527
C_MOVECOUNT:0.5804303944632703
