ELO:1002
CE_PASSEDPAWNS:0.5047731656507993
CE_PAWNWEAKNESSES:0.4898974159829972
CE_PIECEACTIVITY:0.4922525029689287
CE_KINGPAWNSHIELD:0.5010889238883028
CE_PIECECOORDINATION:0.5
CE_MATERIAL:0.5
CE_KINGSAFETY:0.5
C_PIECESQUARETABLES:0.5
C_MOBILITY:0.4919707733764589
C_KINGSAFETY:0.5090604986768512
C_PAWNSTRUCTURE:0.5
C_PIECECOORDINATION:0.5117867931895633
C_ROOKANDPAWNMOVEMENT:0.5117867931895633
C_CENTERCONTROL:0.5026408312086539
C_DEVELOPPIECES:0.5
C_MATERIAL:0.4964835086684862
C_MOVECOUNT:0.49171788394100907
