ELO:1000
CE_PASSEDPAWNS:0.5593344980847913
CE_PAWNWEAKNESSES:0.49193113640709635
CE_PIECEACTIVITY:0.5313631401993064
CE_KINGPAWNSHIELD:0.5649160179654322
CE_PIECECOORDINATION:0.5109225681784199
CE_MATERIAL:0.4793362029934712
CE_KINGSAFETY:0.5041365275517362
C_PIECESQUARETABLES:0.5298215565606852
C_MOBILITY:0.5075012489205577
C_KINGSAFETY:0.5179123876761254
C_PAWNSTRUCTURE:0.46522674154603555
C_PIECECOORDINATION:0.4418377595731073
C_ROOKANDPAWNMOVEMENT:0.4418377595731073
C_CENTERCONTROL:0.4796366962961571
C_DEVELOPPIECES:0.44321824560085427
C_MATERIAL:0.503115845578028
