ELO:1027
CE_PASSEDPAWNS:0.5248619628099709
CE_PAWNWEAKNESSES:0.5284100280721816
CE_PIECEACTIVITY:0.4995448397704736
CE_KINGPAWNSHIELD:0.4818929993370571
CE_PIECECOORDINATION:0.48223038506638427
CE_MATERIAL:0.5034615563285754
CE_KINGSAFETY:0.5
C_PIECESQUARETABLES:0.5
C_MOBILITY:0.5073177390941198
C_KINGSAFETY:0.48445190939518334
C_PAWNSTRUCTURE:0.4966054918178038
C_PIECECOORDINATION:0.530079026421654
C_ROOK:0.5111620048063572
CE_ROOK:0.4941331280785939
C_CENTERCONTROL:0.5010596837802753
C_DEVELOPPIECES:0.5014852847581153
C_MATERIAL:0.5
C_MOVECOUNT:0.45921274873085527
C_PAWNMOVEMENT:0.5255969999201114
