ELO:916
CE_PASSEDPAWNS:0.529637069965366
CE_PAWNWEAKNESSES:0.48333746925068
CE_PIECEACTIVITY:0.5351381740233787
CE_KINGPAWNSHIELD:0.507097520583177
CE_PIECECOORDINATION:0.5310919794548377
CE_MATERIAL:0.47798357748902526
CE_KINGSAFETY:0.5133039693148203
C_PIECESQUARETABLES:0.5200379414321675
C_MOBILITY:0.47410310180085735
C_KINGSAFETY:0.46425655056426884
C_PAWNSTRUCTURE:0.5036328125049891
C_PIECECOORDINATION:0.502264701188005
C_ROOKANDPAWNMOVEMENT:0.502264701188005
C_CENTERCONTROL:0.5170264149115824
C_DEVELOPPIECES:0.48891450454953306
C_MATERIAL:0.47910540895764514
C_MOVECOUNT:0.5101019108058169
