ELO:1000
CE_PASSEDPAWNS:0.48485931978597435
CE_PAWNWEAKNESSES:0.440781608679523
CE_PIECEACTIVITY:0.5307003403735572
CE_KINGPAWNSHIELD:0.47494172784644245
CE_PIECECOORDINATION:0.5017153447735165
CE_MATERIAL:0.4993880941343494
CE_KINGSAFETY:0.46295622323441854
C_PIECESQUARETABLES:0.4879571754169681
C_MOBILITY:0.5016919415707718
C_KINGSAFETY:0.4994819061811443
C_PAWNSTRUCTURE:0.5012072256912373
C_PIECECOORDINATION:0.4778118303517336
C_ROOKANDPAWNMOVEMENT:0.4778118303517336
C_CENTERCONTROL:0.5002254084548774
C_DEVELOPPIECES:0.46538788036712697
C_MATERIAL:0.5205492224687135
