ELO:1017
CE_PASSEDPAWNS:0.5
CE_PAWNWEAKNESSES:0.5144282406224909
CE_PIECEACTIVITY:0.5
CE_KINGPAWNSHIELD:0.5158028199227129
CE_PIECECOORDINATION:0.49243489196063395
CE_MATERIAL:0.46061082776078976
CE_KINGSAFETY:0.5
C_PIECESQUARETABLES:0.5
C_MOBILITY:0.5050819751964495
C_KINGSAFETY:0.49646121310738495
C_PAWNSTRUCTURE:0.4752434061058694
C_PIECECOORDINATION:0.5024062923218431
C_ROOK:0.5223944220193748
CE_ROOK:0.502191340080061
C_CENTERCONTROL:0.5051137245676748
C_DEVELOPPIECES:0.4961384099354208
C_MATERIAL:0.508708589878563
C_MOVECOUNT:0.5160966464623759
C_PAWNMOVEMENT:0.5072186104954414
