ELO:957
CE_PASSEDPAWNS:0.508226155773003
CE_PAWNWEAKNESSES:0.5
CE_PIECEACTIVITY:0.4761235289205149
CE_KINGPAWNSHIELD:0.530502895360648
CE_PIECECOORDINATION:0.4852833448373106
CE_MATERIAL:0.5095773128747445
CE_KINGSAFETY:0.49524743084119377
C_PIECESQUARETABLES:0.4853176624495194
C_MOBILITY:0.5023304599245059
C_KINGSAFETY:0.4873036282135292
C_PAWNSTRUCTURE:0.5139588643128927
C_PIECECOORDINATION:0.5
C_ROOKANDPAWNMOVEMENT:0.5
C_CENTERCONTROL:0.4788418032223503
C_DEVELOPPIECES:0.4938419431091706
C_MATERIAL:0.4861579865156949
C_MOVECOUNT:0.5
