ELO:910
CE_PASSEDPAWNS:0.5604932141633773
CE_PAWNWEAKNESSES:0.5173081457812275
CE_PIECEACTIVITY:0.5653240045642532
CE_KINGPAWNSHIELD:0.5107051233400831
CE_PIECECOORDINATION:0.4917063974348916
CE_MATERIAL:0.500372444207671
CE_KINGSAFETY:0.5047160271905221
C_PIECESQUARETABLES:0.5096060314247841
C_MOBILITY:0.437451217006424
C_KINGSAFETY:0.5041032543034109
C_PAWNSTRUCTURE:0.4380738492058443
C_PIECECOORDINATION:0.4633557623945769
C_ROOKANDPAWNMOVEMENT:0.4633557623945769
C_CENTERCONTROL:0.481790090938144
C_DEVELOPPIECES:0.4026326644069423
C_MATERIAL:0.5048562843490654
