ELO:866
CE_PASSEDPAWNS:0.5695600149714151
CE_PAWNWEAKNESSES:0.5007686035171817
CE_PIECEACTIVITY:0.5113974873009756
CE_KINGPAWNSHIELD:0.4751995838252129
CE_PIECECOORDINATION:0.5643001489658395
CE_MATERIAL:0.525771957537589
CE_KINGSAFETY:0.4784640105225564
C_PIECESQUARETABLES:0.4613533234392735
C_MOBILITY:0.44262023295778236
C_KINGSAFETY:0.4641881527061387
C_PAWNSTRUCTURE:0.48968612173272125
C_PIECECOORDINATION:0.5737238881272941
C_ROOKANDPAWNMOVEMENT:0.5737238881272941
C_CENTERCONTROL:0.561524402069711
C_DEVELOPPIECES:0.5541807376807704
C_MATERIAL:0.4743229572312399
C_MOVECOUNT:0.5561732903598925
