ELO:1000
CE_PASSEDPAWNS:0.5194748251043141
CE_PAWNWEAKNESSES:0.5209513154828492
CE_PIECEACTIVITY:0.4897340253601828
CE_KINGPAWNSHIELD:0.49144256166700817
CE_PIECECOORDINATION:0.5195163672864579
CE_MATERIAL:0.5022055785102754
CE_KINGSAFETY:0.5097790791780856
C_PIECESQUARETABLES:0.4755396613264521
C_MOBILITY:0.48923391355397694
C_KINGSAFETY:0.4874240593238419
C_PAWNSTRUCTURE:0.4920953952168189
C_PIECECOORDINATION:0.49198697055293006
C_ROOKANDPAWNMOVEMENT:0.49198697055293006
C_CENTERCONTROL:0.5066354649143364
C_DEVELOPPIECES:0.5230424071827767
C_MATERIAL:0.5105732853463021
