ELO:1137
CE_PASSEDPAWNS:0.5955037066111589
CE_PAWNWEAKNESSES:0.4888074777130205
CE_PIECEACTIVITY:0.447511073992366
CE_KINGPAWNSHIELD:0.6208131797722044
CE_PIECECOORDINATION:0.5707969823983154
CE_MATERIAL:0.4590406695501994
CE_KINGSAFETY:0.5
C_PIECESQUARETABLES:0.5
C_MOBILITY:0.409527756496979
C_KINGSAFETY:0.30807903020254146
C_PAWNSTRUCTURE:0.41040599071577993
C_PIECECOORDINATION:0.36062421724656424
C_ROOKANDPAWNMOVEMENT:0.36062421724656424
C_CENTERCONTROL:0.584564029951659
C_DEVELOPPIECES:0.464302331748555
C_MATERIAL:0.3702592110750448
