ELO:968
CE_PASSEDPAWNS:0.47772306709250195
CE_PAWNWEAKNESSES:0.41499270602702576
CE_PIECEACTIVITY:0.5294194300233892
CE_KINGPAWNSHIELD:0.5169665057942926
CE_PIECECOORDINATION:0.5639310261072492
CE_MATERIAL:0.4516211945279241
CE_KINGSAFETY:0.5087684975697957
C_PIECESQUARETABLES:0.49079097824032997
C_MOBILITY:0.44342496716214186
C_KINGSAFETY:0.47251064247372637
C_PAWNSTRUCTURE:0.5139369497973288
C_PIECECOORDINATION:0.4508738616621616
C_ROOKANDPAWNMOVEMENT:0.4508738616621616
C_CENTERCONTROL:0.4877570761323266
C_DEVELOPPIECES:0.40781849535131204
C_MATERIAL:0.42730287578355824
