ELO:907
CE_PASSEDPAWNS:0.47050282714062885
CE_PAWNWEAKNESSES:0.514734388115338
CE_PIECEACTIVITY:0.5388745254020282
CE_KINGPAWNSHIELD:0.465605404862761
CE_PIECECOORDINATION:0.583092220258794
CE_MATERIAL:0.41509599070717684
CE_KINGSAFETY:0.5433473033868297
C_PIECESQUARETABLES:0.514996238989609
C_MOBILITY:0.3280539698279248
C_KINGSAFETY:0.6193449542201859
C_PAWNSTRUCTURE:0.49933773035231654
C_PIECECOORDINATION:0.606985806741791
C_ROOKANDPAWNMOVEMENT:0.606985806741791
C_CENTERCONTROL:0.567294576977475
C_DEVELOPPIECES:0.6494045356086611
C_MATERIAL:0.3589389149227092
