ELO:1012
CE_PASSEDPAWNS:0.5047731656507993
CE_PAWNWEAKNESSES:0.4872168756764039
CE_PIECEACTIVITY:0.4922525029689287
CE_KINGPAWNSHIELD:0.4923162833745859
CE_PIECECOORDINATION:0.4905234965648846
CE_MATERIAL:0.5
CE_KINGSAFETY:0.5
C_PIECESQUARETABLES:0.5
C_MOBILITY:0.48444753785313716
C_KINGSAFETY:0.48253486805971374
C_PAWNSTRUCTURE:0.5
C_PIECECOORDINATION:0.5117867931895633
C_ROOKANDPAWNMOVEMENT:0.5117867931895633
C_CENTERCONTROL:0.5026408312086539
C_DEVELOPPIECES:0.5
C_MATERIAL:0.4880403172404028
C_MOVECOUNT:0.5
