ELO:1017
CE_PASSEDPAWNS:0.5243511675685115
CE_PAWNWEAKNESSES:0.5062148070513521
CE_PIECEACTIVITY:0.5045744521137052
CE_KINGPAWNSHIELD:0.5121598557673049
CE_PIECECOORDINATION:0.49497185582231373
CE_MATERIAL:0.5045228684273555
CE_KINGSAFETY:0.5
C_PIECESQUARETABLES:0.5
C_MOBILITY:0.4840701165601854
C_KINGSAFETY:0.4866629361882198
C_PAWNSTRUCTURE:0.4966054918178038
C_PIECECOORDINATION:0.5128868997623572
C_ROOK:0.5111620048063572
CE_ROOK:0.5294343876116507
C_CENTERCONTROL:0.5096254495975724
C_DEVELOPPIECES:0.47120269052334773
C_MATERIAL:0.508708589878563
C_MOVECOUNT:0.4570559319599199
C_PAWNMOVEMENT:0.48587318781248506
