ELO:1027
CE_PASSEDPAWNS:0.5092317389313964
CE_PAWNWEAKNESSES:0.5021945557893446
CE_PIECEACTIVITY:0.5291606471575581
CE_KINGPAWNSHIELD:0.5039237798685455
CE_PIECECOORDINATION:0.5071927586957515
CE_MATERIAL:0.4939458398004939
CE_KINGSAFETY:0.5
C_PIECESQUARETABLES:0.5
C_MOBILITY:0.5
C_KINGSAFETY:0.5088586798689533
C_PAWNSTRUCTURE:0.4966054918178038
C_PIECECOORDINATION:0.5544853113860224
C_ROOK:0.49302113446756246
CE_ROOK:0.49469427752576733
C_CENTERCONTROL:0.4995431046483367
C_DEVELOPPIECES:0.5014852847581153
C_MATERIAL:0.5
C_MOVECOUNT:0.45921274873085527
C_PAWNMOVEMENT:0.5029316072697483
