ELO:947
CE_PASSEDPAWNS:0.5539770652740585
CE_PAWNWEAKNESSES:0.5228310126068422
CE_PIECEACTIVITY:0.549533117700049
CE_KINGPAWNSHIELD:0.5316513237852241
CE_PIECECOORDINATION:0.48340406892971116
CE_MATERIAL:0.5213441862006127
CE_KINGSAFETY:0.5023266021629663
C_PIECESQUARETABLES:0.504376539924926
C_MOBILITY:0.4427046783538001
C_KINGSAFETY:0.5256755861540792
C_PAWNSTRUCTURE:0.4406440689125661
C_PIECECOORDINATION:0.46905512184038833
C_ROOKANDPAWNMOVEMENT:0.46905512184038833
C_CENTERCONTROL:0.4904040024926853
C_DEVELOPPIECES:0.4035852479918186
C_MATERIAL:0.5114564995123043
