ELO:960
CE_PASSEDPAWNS:0.5641109528038809
CE_PAWNWEAKNESSES:0.505389599329485
CE_PIECEACTIVITY:0.5460307126709689
CE_KINGPAWNSHIELD:0.5629745105256536
CE_PIECECOORDINATION:0.5030385767159959
CE_MATERIAL:0.5311509385951771
CE_KINGSAFETY:0.49539602938486754
C_PIECESQUARETABLES:0.5
C_MOBILITY:0.4640743017690886
C_KINGSAFETY:0.523142375529422
C_PAWNSTRUCTURE:0.4425894635659855
C_PIECECOORDINATION:0.46876712835144796
C_ROOKANDPAWNMOVEMENT:0.46876712835144796
C_CENTERCONTROL:0.5091023161825097
C_DEVELOPPIECES:0.3924432044244807
C_MATERIAL:0.5425902553279662
