ELO:1000
CE_PASSEDPAWNS:0.5098945581494718
CE_PAWNWEAKNESSES:0.506209083235535
CE_PIECEACTIVITY:0.5081224660291882
CE_KINGPAWNSHIELD:0.4997901424131314
CE_PIECECOORDINATION:0.48746376217989795
CE_MATERIAL:0.5102024651663959
CE_KINGSAFETY:0.5112433712072911
C_PIECESQUARETABLES:0.4935797074243374
C_MOBILITY:0.5207739296182744
C_KINGSAFETY:0.48893851364330126
C_PAWNSTRUCTURE:0.49079439566087935
C_PIECECOORDINATION:0.49475779078875726
C_ROOKANDPAWNMOVEMENT:0.49475779078875726
C_CENTERCONTROL:0.49559287420900644
C_DEVELOPPIECES:0.4955902405927045
C_MATERIAL:0.5031619553459747
