ELO:932
CE_PASSEDPAWNS:0.41695107174898083
CE_PAWNWEAKNESSES:0.5450511085576285
CE_PIECEACTIVITY:0.48172405342418695
CE_KINGPAWNSHIELD:0.4505262783639758
CE_PIECECOORDINATION:0.557366661006081
CE_MATERIAL:0.42093955012075823
CE_KINGSAFETY:0.46744990618725935
C_PIECESQUARETABLES:0.5276219172629448
C_MOBILITY:0.5770457811931825
C_KINGSAFETY:0.4818571703226283
C_PAWNSTRUCTURE:0.5222005918290795
C_PIECECOORDINATION:0.6526988351779397
C_ROOKANDPAWNMOVEMENT:0.6526988351779397
C_CENTERCONTROL:0.6153422684249522
C_DEVELOPPIECES:0.3871064940568146
C_MATERIAL:0.5579309384457188
