ELO:1000
CE_PASSEDPAWNS:0.4970685003501176
CE_PAWNWEAKNESSES:0.48288696814652315
CE_PIECEACTIVITY:0.5160368701199954
CE_KINGPAWNSHIELD:0.5067897391472695
CE_PIECECOORDINATION:0.493007589376796
CE_MATERIAL:0.4886196093289184
CE_KINGSAFETY:0.4991864660192018
C_PIECESQUARETABLES:0.5233180692678415
C_MOBILITY:0.5036594257614286
C_KINGSAFETY:0.49803922553071134
C_PAWNSTRUCTURE:0.511892501994891
C_PIECECOORDINATION:0.5075776878597317
C_ROOKANDPAWNMOVEMENT:0.5075776878597317
C_CENTERCONTROL:0.4927313093942062
C_DEVELOPPIECES:0.48052618574060735
C_MATERIAL:0.5
