ELO:989
CE_PASSEDPAWNS:0.49517120016438854
CE_PAWNWEAKNESSES:0.48624080943225756
CE_PIECEACTIVITY:0.5030920118102998
CE_KINGPAWNSHIELD:0.4502453231894733
CE_PIECECOORDINATION:0.5241161774922031
CE_MATERIAL:0.48858147075941893
CE_KINGSAFETY:0.519388956553952
C_PIECESQUARETABLES:0.49767220321632033
C_MOBILITY:0.5021212798997133
C_KINGSAFETY:0.5118347761323206
C_PAWNSTRUCTURE:0.46136760549209327
C_PIECECOORDINATION:0.5
C_ROOKANDPAWNMOVEMENT:0.5
C_CENTERCONTROL:0.4981872143977842
C_DEVELOPPIECES:0.47338576049632364
C_MATERIAL:0.469011078871542
C_MOVECOUNT:0.5
