ELO:1035
CE_PASSEDPAWNS:0.5
CE_PAWNWEAKNESSES:0.4960525042674549
CE_PIECEACTIVITY:0.5052934095897249
CE_KINGPAWNSHIELD:0.5
CE_PIECECOORDINATION:0.5164392911915028
CE_MATERIAL:0.5003781123053417
CE_KINGSAFETY:0.5
C_PIECESQUARETABLES:0.5
C_MOBILITY:0.517002976517761
C_KINGSAFETY:0.4885343013579982
C_PAWNSTRUCTURE:0.5012262178589354
C_PIECECOORDINATION:0.5
C_ROOKANDPAWNMOVEMENT:0.5
C_CENTERCONTROL:0.49877025168862327
C_DEVELOPPIECES:0.5
C_MATERIAL:0.4731645092605772
C_MOVECOUNT:0.4910026095746901
