ELO:918
CE_PASSEDPAWNS:0.5098451470066756
CE_PAWNWEAKNESSES:0.4845671251853194
CE_PIECEACTIVITY:0.5176144939227966
CE_KINGPAWNSHIELD:0.5195037082667239
CE_PIECECOORDINATION:0.5294296861235959
CE_MATERIAL:0.4580080699183436
CE_KINGSAFETY:0.5119755933146649
C_PIECESQUARETABLES:0.5174176384232934
C_MOBILITY:0.4904871792473847
C_KINGSAFETY:0.4761579116491665
C_PAWNSTRUCTURE:0.49587486860662283
C_PIECECOORDINATION:0.5061882124348767
C_ROOKANDPAWNMOVEMENT:0.5061882124348767
C_CENTERCONTROL:0.5153335046690243
C_DEVELOPPIECES:0.4774668759774237
C_MATERIAL:0.4772221414806508
C_MOVECOUNT:0.5042007813734095
