ELO:948
CE_PASSEDPAWNS:0.5342710810154203
CE_PAWNWEAKNESSES:0.4919841844801836
CE_PIECEACTIVITY:0.5749756122318571
CE_KINGPAWNSHIELD:0.5196618684426774
CE_PIECECOORDINATION:0.4916102152566395
CE_MATERIAL:0.5011112364723257
CE_KINGSAFETY:0.5230122431538252
C_PIECESQUARETABLES:0.488780048251407
C_MOBILITY:0.4566383704496962
C_KINGSAFETY:0.4968404560321629
C_PAWNSTRUCTURE:0.4313634571557241
C_PIECECOORDINATION:0.4876495351069185
C_ROOKANDPAWNMOVEMENT:0.4876495351069185
C_CENTERCONTROL:0.46422885622377424
C_DEVELOPPIECES:0.3837719795121888
C_MATERIAL:0.5166030893471923
