ELO:1032
CE_PASSEDPAWNS:0.4653940244715847
CE_PAWNWEAKNESSES:0.489326081731869
CE_PIECEACTIVITY:0.5396205278972417
CE_KINGPAWNSHIELD:0.5051860898971628
CE_PIECECOORDINATION:0.522846529547836
CE_MATERIAL:0.3947640702072505
CE_KINGSAFETY:0.5046790782405333
C_PIECESQUARETABLES:0.5009336430567892
C_MOBILITY:0.36920866385674705
C_KINGSAFETY:0.6017201814766541
C_PAWNSTRUCTURE:0.4643915025666281
C_PIECECOORDINATION:0.5922393938105699
C_ROOKANDPAWNMOVEMENT:0.5922393938105699
C_CENTERCONTROL:0.49396246924261733
C_DEVELOPPIECES:0.5783006600084425
C_MATERIAL:0.36689916979837484
