ELO:1021
CE_PASSEDPAWNS:0.510596965701933
CE_PAWNWEAKNESSES:0.5009028820451504
CE_PIECEACTIVITY:0.5087793123871971
CE_KINGPAWNSHIELD:0.5027307491935564
CE_PIECECOORDINATION:0.48989974345629467
CE_MATERIAL:0.5017477364239743
CE_KINGSAFETY:0.5
C_PIECESQUARETABLES:0.5
C_MOBILITY:0.503343182060701
C_KINGSAFETY:0.5
C_PAWNSTRUCTURE:0.5042739008751344
C_PIECECOORDINATION:0.5
C_ROOKANDPAWNMOVEMENT:0.5
C_CENTERCONTROL:0.4935365868474297
C_DEVELOPPIECES:0.5
C_MATERIAL:0.4915787115409405
C_MOVECOUNT:0.5
