ELO:985
CE_PASSEDPAWNS:0.5124747108183794
CE_PAWNWEAKNESSES:0.592324155230057
CE_PIECEACTIVITY:0.441452480391933
CE_KINGPAWNSHIELD:0.4959815508864732
CE_PIECECOORDINATION:0.5205836497279875
CE_MATERIAL:0.5678526011618177
CE_KINGSAFETY:0.5167452944665563
C_PIECESQUARETABLES:0.46084508618354386
C_MOBILITY:0.44249709595890135
C_KINGSAFETY:0.4691406483393455
C_PAWNSTRUCTURE:0.598762392861676
C_PIECECOORDINATION:0.5515369241700795
C_ROOKANDPAWNMOVEMENT:0.5515369241700795
C_CENTERCONTROL:0.47551460962529934
C_DEVELOPPIECES:0.517702837293809
C_MATERIAL:0.5757540032056847
