ELO:995
CE_PASSEDPAWNS:0.49247933576469993
CE_PAWNWEAKNESSES:0.5014759998414039
CE_PIECEACTIVITY:0.48580089695546386
CE_KINGPAWNSHIELD:0.5
CE_PIECECOORDINATION:0.49519052904761773
CE_MATERIAL:0.49795879567328305
CE_KINGSAFETY:0.5076252251134472
C_PIECESQUARETABLES:0.5031140326969604
C_MOBILITY:0.5035008986761079
C_KINGSAFETY:0.48790931007105265
C_PAWNSTRUCTURE:0.5125030193548749
C_PIECECOORDINATION:0.5019749258775638
C_ROOKANDPAWNMOVEMENT:0.5019749258775638
C_CENTERCONTROL:0.5241862141526535
C_DEVELOPPIECES:0.5086861678216382
C_MATERIAL:0.4964827682999712
C_MOVECOUNT:0.49470151719593897
