ELO:1000
CE_PASSEDPAWNS:0.5067802018612103
CE_PAWNWEAKNESSES:0.5102411419233335
CE_PIECEACTIVITY:0.48606300949954473
CE_KINGPAWNSHIELD:0.5120894978944082
CE_PIECECOORDINATION:0.4928855876539807
CE_MATERIAL:0.5116500001693421
CE_KINGSAFETY:0.518268285514551
C_PIECESQUARETABLES:0.514256983579989
C_MOBILITY:0.4906663954816225
C_KINGSAFETY:0.4709360300125076
C_PAWNSTRUCTURE:0.5584761856042562
C_PIECECOORDINATION:0.5335311704299691
C_ROOKANDPAWNMOVEMENT:0.5335311704299691
C_CENTERCONTROL:0.4801609902310403
C_DEVELOPPIECES:0.5133451950878012
C_MATERIAL:0.5001232152997658
