ELO:988
CE_PASSEDPAWNS:0.5056064528602644
CE_PAWNWEAKNESSES:0.49424603368784065
CE_PIECEACTIVITY:0.5003951833365725
CE_KINGPAWNSHIELD:0.5112869335759108
CE_PIECECOORDINATION:0.4976361389695107
CE_MATERIAL:0.5218273715200734
CE_KINGSAFETY:0.5
C_PIECESQUARETABLES:0.5
C_MOBILITY:0.46898216100878964
C_KINGSAFETY:0.4730490035486298
C_PAWNSTRUCTURE:0.516035065929441
C_PIECECOORDINATION:0.5252052989357451
C_ROOKANDPAWNMOVEMENT:0.5252052989357451
C_CENTERCONTROL:0.5436160034703788
C_DEVELOPPIECES:0.48475153339354665
C_MATERIAL:0.5093486685694315
C_MOVECOUNT:0.47733897906592665
