ELO:1038
CE_PASSEDPAWNS:0.5
CE_PAWNWEAKNESSES:0.4967877153802503
CE_PIECEACTIVITY:0.5001184731529964
CE_KINGPAWNSHIELD:0.5108193124067895
CE_PIECECOORDINATION:0.518701377001739
CE_MATERIAL:0.4663698346431239
CE_KINGSAFETY:0.5
C_PIECESQUARETABLES:0.5
C_MOBILITY:0.521368212583509
C_KINGSAFETY:0.5076948921057516
C_PAWNSTRUCTURE:0.5011896771177238
C_PIECECOORDINATION:0.5164964441641188
C_ROOK:0.4875011644046835
CE_ROOK:0.49050120432589694
C_CENTERCONTROL:0.48745490307112077
C_DEVELOPPIECES:0.4530352531963832
C_MATERIAL:0.5070043979534633
C_MOVECOUNT:0.48775097414123053
C_PAWNMOVEMENT:0.48587318781248506
