ELO:1063
CE_PASSEDPAWNS:0.5063904194341008
CE_PAWNWEAKNESSES:0.5069189798665399
CE_PIECEACTIVITY:0.5331329864837517
CE_KINGPAWNSHIELD:0.46555940038993404
CE_PIECECOORDINATION:0.4990477265300894
CE_MATERIAL:0.53104973603831
CE_KINGSAFETY:0.5
C_PIECESQUARETABLES:0.5
C_MOBILITY:0.47753918233060155
C_KINGSAFETY:0.5089280817834685
C_PAWNSTRUCTURE:0.46075429027062514
C_PIECECOORDINATION:0.49722907204816497
C_ROOKANDPAWNMOVEMENT:0.49722907204816497
C_CENTERCONTROL:0.4839501629921139
C_DEVELOPPIECES:0.48197983045485365
C_MATERIAL:0.48859089983064385
C_MOVECOUNT:0.5546623547835902
