ELO:1027
CE_PASSEDPAWNS:0.5
CE_PAWNWEAKNESSES:0.5104602028132349
CE_PIECEACTIVITY:0.5099979087104214
CE_KINGPAWNSHIELD:0.49803570936642116
CE_PIECECOORDINATION:0.4933689815816906
CE_MATERIAL:0.5006490657699848
CE_KINGSAFETY:0.5
C_PIECESQUARETABLES:0.5
C_MOBILITY:0.5160267506570322
C_KINGSAFETY:0.4892260452016635
C_PAWNSTRUCTURE:0.5
C_PIECECOORDINATION:0.5
C_ROOKANDPAWNMOVEMENT:0.5
C_CENTERCONTROL:0.4784761308218375
C_DEVELOPPIECES:0.520991867455096
C_MATERIAL:0.5
C_MOVECOUNT:0.5
