ELO:979
CE_PASSEDPAWNS:0.6060723682181482
CE_PAWNWEAKNESSES:0.5064409612536386
CE_PIECEACTIVITY:0.5047239313727796
CE_KINGPAWNSHIELD:0.45107236524815386
CE_PIECECOORDINATION:0.5060686680016536
CE_MATERIAL:0.4866577719252452
CE_KINGSAFETY:0.4883075406520512
C_PIECESQUARETABLES:0.5264713694945022
C_MOBILITY:0.4898896409095392
C_KINGSAFETY:0.486066255120311
C_PAWNSTRUCTURE:0.544195925391197
C_PIECECOORDINATION:0.5433163207095799
C_ROOKANDPAWNMOVEMENT:0.5433163207095799
C_CENTERCONTROL:0.5260701613395421
C_DEVELOPPIECES:0.5079221779177443
C_MATERIAL:0.5094006791514679
