ELO:969
CE_PASSEDPAWNS:0.4901362582924162
CE_PAWNWEAKNESSES:0.5206055025197852
CE_PIECEACTIVITY:0.48279627290201454
CE_KINGPAWNSHIELD:0.5344610357247802
CE_PIECECOORDINATION:0.4875542451213946
CE_MATERIAL:0.4881267790382724
CE_KINGSAFETY:0.5108296818981405
C_PIECESQUARETABLES:0.5095830613806901
C_MOBILITY:0.5358419394699059
C_KINGSAFETY:0.5005920370833035
C_PAWNSTRUCTURE:0.5016934684952754
C_PIECECOORDINATION:0.500684877304432
C_ROOK:0.5216307823098411
CE_ROOK:0.5099062912889866
C_CENTERCONTROL:0.5170627787010925
C_DEVELOPPIECES:0.5145213148367305
C_MATERIAL:0.5159775775543903
C_MOVECOUNT:0.5009834134672339
C_PAWNMOVEMENT:0.49256163923188206
