ELO:815
CE_PASSEDPAWNS:0.54541710497593
CE_PAWNWEAKNESSES:0.5197155585827132
CE_PIECEACTIVITY:0.46220992465467303
CE_KINGPAWNSHIELD:0.5492842525346993
CE_PIECECOORDINATION:0.49834231997789025
CE_MATERIAL:0.48570171381884647
CE_KINGSAFETY:0.4908345838128393
C_PIECESQUARETABLES:0.496467949214324
C_MOBILITY:0.4890348952126734
C_KINGSAFETY:0.4875685312945254
C_PAWNSTRUCTURE:0.5284214211367178
C_PIECECOORDINATION:0.4718620258508525
C_ROOKANDPAWNMOVEMENT:0.4718620258508525
C_CENTERCONTROL:0.5056313993722624
C_DEVELOPPIECES:0.5784646584556254
C_MATERIAL:0.4849803818103981
C_MOVECOUNT:0.5
