ELO:1000
CE_PASSEDPAWNS:0.5565986106634898
CE_PAWNWEAKNESSES:0.5449474359474855
CE_PIECEACTIVITY:0.5210105100013419
CE_KINGPAWNSHIELD:0.4810953991796204
CE_PIECECOORDINATION:0.5548989770182786
CE_MATERIAL:0.46063274371387775
CE_KINGSAFETY:0.48498850777789915
C_PIECESQUARETABLES:0.5027632183799015
C_MOBILITY:0.5153434213841508
C_KINGSAFETY:0.489958228995059
C_PAWNSTRUCTURE:0.5160901260186901
C_PIECECOORDINATION:0.51079025283214
C_ROOKANDPAWNMOVEMENT:0.51079025283214
C_CENTERCONTROL:0.5335737076387048
C_DEVELOPPIECES:0.5209484997592965
C_MATERIAL:0.5429598713458115
