ELO:987
CE_PASSEDPAWNS:0.48451117669846594
CE_PAWNWEAKNESSES:0.5164753791804529
CE_PIECEACTIVITY:0.5184076309445452
CE_KINGPAWNSHIELD:0.504482741216641
CE_PIECECOORDINATION:0.49243489196063395
CE_MATERIAL:0.48638848684853603
CE_KINGSAFETY:0.5
C_PIECESQUARETABLES:0.5
C_MOBILITY:0.5170970209675061
C_KINGSAFETY:0.47681562583476905
C_PAWNSTRUCTURE:0.502385628220245
C_PIECECOORDINATION:0.4933292499088929
C_ROOK:0.5512840783864547
CE_ROOK:0.5348033858438919
C_CENTERCONTROL:0.510266229742772
C_DEVELOPPIECES:0.5152850028779169
C_MATERIAL:0.49745362351644534
C_MOVECOUNT:0.4887906035104639
C_PAWNMOVEMENT:0.5
