ELO:971
CE_PASSEDPAWNS:0.6135518858207933
CE_PAWNWEAKNESSES:0.4759422814152462
CE_PIECEACTIVITY:0.48814029674752496
CE_KINGPAWNSHIELD:0.4302782511173707
CE_PIECECOORDINATION:0.48346018762118087
CE_MATERIAL:0.49498820051434306
CE_KINGSAFETY:0.46941861476204805
C_PIECESQUARETABLES:0.4917434750750799
C_MOBILITY:0.5049704339989208
C_KINGSAFETY:0.4991929463987358
C_PAWNSTRUCTURE:0.5384462108005065
C_PIECECOORDINATION:0.5690287303626022
C_ROOKANDPAWNMOVEMENT:0.5690287303626022
C_CENTERCONTROL:0.5395073066991325
C_DEVELOPPIECES:0.46761739697041854
C_MATERIAL:0.5068351271712993
