ELO:954
CE_PASSEDPAWNS:0.5413809040531192
CE_PAWNWEAKNESSES:0.6481197370912616
CE_PIECEACTIVITY:0.39718862893431217
CE_KINGPAWNSHIELD:0.49610985113818806
CE_PIECECOORDINATION:0.5209396469781851
CE_MATERIAL:0.6308872962314854
CE_KINGSAFETY:0.5144343473700247
C_PIECESQUARETABLES:0.4727680421497659
C_MOBILITY:0.42091339391109756
C_KINGSAFETY:0.5269004903038758
C_PAWNSTRUCTURE:0.5276618506425728
C_PIECECOORDINATION:0.4978777883504357
C_ROOKANDPAWNMOVEMENT:0.4978777883504357
C_CENTERCONTROL:0.47029972479187926
C_DEVELOPPIECES:0.4950356738252369
C_MATERIAL:0.5585567310595088
