ELO:996
CE_PASSEDPAWNS:0.48821885013301164
CE_PAWNWEAKNESSES:0.507831702393979
CE_PIECEACTIVITY:0.5106538336341758
CE_KINGPAWNSHIELD:0.5000177493038406
CE_PIECECOORDINATION:0.5120784535961252
CE_MATERIAL:0.503997729061811
CE_KINGSAFETY:0.5058431884705722
C_PIECESQUARETABLES:0.49706251910411137
C_MOBILITY:0.5035008986761079
C_KINGSAFETY:0.48535215937138215
C_PAWNSTRUCTURE:0.4907982263527839
C_PIECECOORDINATION:0.5019749258775638
C_ROOKANDPAWNMOVEMENT:0.5019749258775638
C_CENTERCONTROL:0.508594589164701
C_DEVELOPPIECES:0.5069027671153739
C_MATERIAL:0.5140351660890985
C_MOVECOUNT:0.517285485828996
