ELO:1000
CE_PASSEDPAWNS:0.49995108417066214
CE_PAWNWEAKNESSES:0.5521386558503918
CE_PIECEACTIVITY:0.45482658539756954
CE_KINGPAWNSHIELD:0.49984706306078114
CE_PIECECOORDINATION:0.5130292328110917
CE_MATERIAL:0.5227163835343047
CE_KINGSAFETY:0.5185664775325999
C_PIECESQUARETABLES:0.48521169260175334
C_MOBILITY:0.48629050934418194
C_KINGSAFETY:0.45558217562550246
C_PAWNSTRUCTURE:0.5858056611853629
C_PIECECOORDINATION:0.5552956533514365
C_ROOKANDPAWNMOVEMENT:0.5552956533514365
C_CENTERCONTROL:0.4684805017696331
C_DEVELOPPIECES:0.5127675174677809
C_MATERIAL:0.5200753893798048
