ELO:997
CE_PASSEDPAWNS:0.49809874349531885
CE_PAWNWEAKNESSES:0.5255463885030836
CE_PIECEACTIVITY:0.47973607403560564
CE_KINGPAWNSHIELD:0.5395882189182835
CE_PIECECOORDINATION:0.5089206951680272
CE_MATERIAL:0.472744326960175
CE_KINGSAFETY:0.5
C_PIECESQUARETABLES:0.5082496846050495
C_MOBILITY:0.5033533362362551
C_KINGSAFETY:0.5098687844758755
C_PAWNSTRUCTURE:0.4947501200500395
C_PIECECOORDINATION:0.4724769202982503
C_ROOK:0.5090420796931491
CE_ROOK:0.5239456088678606
C_CENTERCONTROL:0.505168842778742
C_DEVELOPPIECES:0.4996419570011004
C_MATERIAL:0.5070576862099462
C_MOVECOUNT:0.5062758803339251
C_PAWNMOVEMENT:0.5074700380835224
