ELO:1035
CE_PASSEDPAWNS:0.5
CE_PAWNWEAKNESSES:0.5000123114794572
CE_PIECEACTIVITY:0.5120047643867492
CE_KINGPAWNSHIELD:0.5
CE_PIECECOORDINATION:0.4933689815816906
CE_MATERIAL:0.4983786588271506
CE_KINGSAFETY:0.5
C_PIECESQUARETABLES:0.5
C_MOBILITY:0.5
C_KINGSAFETY:0.5037828541955374
C_PAWNSTRUCTURE:0.5022106920195981
C_PIECECOORDINATION:0.5
C_ROOKANDPAWNMOVEMENT:0.5
C_CENTERCONTROL:0.5
C_DEVELOPPIECES:0.508341629572972
C_MATERIAL:0.49591492222588346
C_MOVECOUNT:0.5
