ELO:1030
CE_PASSEDPAWNS:0.4934966270095033
CE_PAWNWEAKNESSES:0.5061756796884485
CE_PIECEACTIVITY:0.5115836936101485
CE_KINGPAWNSHIELD:0.5133343053474103
CE_PIECECOORDINATION:0.5087446255244449
CE_MATERIAL:0.5014107181651769
CE_KINGSAFETY:0.47073676076649396
C_PIECESQUARETABLES:0.4951083098405013
C_MOBILITY:0.49037321427603026
C_KINGSAFETY:0.5006128930547441
C_PAWNSTRUCTURE:0.5
C_PIECECOORDINATION:0.4665922005310545
C_ROOKANDPAWNMOVEMENT:0.4665922005310545
C_CENTERCONTROL:0.49636792903387
C_DEVELOPPIECES:0.5055419968307052
C_MATERIAL:0.512868246831592
C_MOVECOUNT:0.5
