ELO:900
CE_PASSEDPAWNS:0.622927750798727
CE_PAWNWEAKNESSES:0.4253423673242131
CE_PIECEACTIVITY:0.5736668708211171
CE_KINGPAWNSHIELD:0.4649803265417683
CE_PIECECOORDINATION:0.49946180140691626
CE_MATERIAL:0.5184650219539537
CE_KINGSAFETY:0.5098485332237983
C_PIECESQUARETABLES:0.5101293021902662
C_MOBILITY:0.5744012974550513
C_KINGSAFETY:0.4960371897755475
C_PAWNSTRUCTURE:0.5219243475477858
C_PIECECOORDINATION:0.587377533649458
C_ROOKANDPAWNMOVEMENT:0.587377533649458
C_CENTERCONTROL:0.5005976019221059
C_DEVELOPPIECES:0.4986270045300186
C_MATERIAL:0.5020041881699672
