ELO:972
CE_PASSEDPAWNS:0.4901362582924162
CE_PAWNWEAKNESSES:0.5255463885030836
CE_PIECEACTIVITY:0.4899169571540947
CE_KINGPAWNSHIELD:0.5308618080980994
CE_PIECECOORDINATION:0.5089206951680272
CE_MATERIAL:0.4690661834439195
CE_KINGSAFETY:0.5
C_PIECESQUARETABLES:0.5131644733758285
C_MOBILITY:0.5171419702990108
C_KINGSAFETY:0.5005920370833035
C_PAWNSTRUCTURE:0.4935974389024219
C_PIECECOORDINATION:0.4850904686804078
C_ROOK:0.5191068146431002
CE_ROOK:0.5231715671081123
C_CENTERCONTROL:0.5143021726053223
C_DEVELOPPIECES:0.510354234049072
C_MATERIAL:0.5213864668894687
C_MOVECOUNT:0.5062758803339251
C_PAWNMOVEMENT:0.5085245370687347
