ELO:876
CE_PASSEDPAWNS:0.5125087643375308
CE_PAWNWEAKNESSES:0.5027037828350954
CE_PIECEACTIVITY:0.4731543899144235
CE_KINGPAWNSHIELD:0.532417187262431
CE_PIECECOORDINATION:0.4894139460965112
CE_MATERIAL:0.4915924641811341
CE_KINGSAFETY:0.4896098240510752
C_PIECESQUARETABLES:0.515988191162369
C_MOBILITY:0.520405044780927
C_KINGSAFETY:0.4913405700177547
C_PAWNSTRUCTURE:0.4953203710958033
C_PIECECOORDINATION:0.48095546556943997
C_ROOKANDPAWNMOVEMENT:0.48095546556943997
C_CENTERCONTROL:0.5210256097264583
C_DEVELOPPIECES:0.5264997999377444
C_MATERIAL:0.5000548628318938
C_MOVECOUNT:0.5
