ELO:1000
CE_PASSEDPAWNS:0.5116211630216172
CE_PAWNWEAKNESSES:0.508931449097467
CE_PIECEACTIVITY:0.5194250368479274
CE_KINGPAWNSHIELD:0.512933408641794
CE_PIECECOORDINATION:0.48000517388594277
CE_MATERIAL:0.47287921147961964
CE_KINGSAFETY:0.49697435615031876
C_PIECESQUARETABLES:0.485298795078237
C_MOBILITY:0.5121158953619084
C_KINGSAFETY:0.4880632155964438
C_PAWNSTRUCTURE:0.5072419949096078
C_PIECECOORDINATION:0.5146787041581926
C_ROOKANDPAWNMOVEMENT:0.5146787041581926
C_CENTERCONTROL:0.4945665519713233
C_DEVELOPPIECES:0.5278477018550547
C_MATERIAL:0.5149228557037582
