ELO:988
CE_PASSEDPAWNS:0.493366406853043
CE_PAWNWEAKNESSES:0.5
CE_PIECEACTIVITY:0.5177948989160901
CE_KINGPAWNSHIELD:0.4909656557843953
CE_PIECECOORDINATION:0.49037197389385123
CE_MATERIAL:0.48786067287465257
CE_KINGSAFETY:0.5
C_PIECESQUARETABLES:0.5
C_MOBILITY:0.5013590634283139
C_KINGSAFETY:0.510903434954333
C_PAWNSTRUCTURE:0.499783538468481
C_PIECECOORDINATION:0.5092644959623427
C_ROOK:0.48193751984178057
CE_ROOK:0.5081147283467238
C_CENTERCONTROL:0.49566916445545905
C_DEVELOPPIECES:0.528812440640112
C_MATERIAL:0.4756161212734738
C_MOVECOUNT:0.4691021676539432
C_PAWNMOVEMENT:0.48818817618219573
