ELO:964
CE_PASSEDPAWNS:0.5327496203453672
CE_PAWNWEAKNESSES:0.6167732905711906
CE_PIECEACTIVITY:0.44064716267055903
CE_KINGPAWNSHIELD:0.4943228594578626
CE_PIECECOORDINATION:0.5310536863118839
CE_MATERIAL:0.5765853712549318
CE_KINGSAFETY:0.4974402136457239
C_PIECESQUARETABLES:0.5008212097282493
C_MOBILITY:0.4163359240208429
C_KINGSAFETY:0.5035608549742456
C_PAWNSTRUCTURE:0.560895284356666
C_PIECECOORDINATION:0.5365597090828091
C_ROOKANDPAWNMOVEMENT:0.5365597090828091
C_CENTERCONTROL:0.45404221329907446
C_DEVELOPPIECES:0.4563250958775831
C_MATERIAL:0.5616427840399957
