ELO:996
CE_PASSEDPAWNS:0.5017261136212791
CE_PAWNWEAKNESSES:0.507831702393979
CE_PIECEACTIVITY:0.5106538336341758
CE_KINGPAWNSHIELD:0.5
CE_PIECECOORDINATION:0.5120784535961252
CE_MATERIAL:0.49564169359092103
CE_KINGSAFETY:0.5058431884705722
C_PIECESQUARETABLES:0.4910918363443649
C_MOBILITY:0.5035008986761079
C_KINGSAFETY:0.5066752894180344
C_PAWNSTRUCTURE:0.4947984507589293
C_PIECECOORDINATION:0.5019749258775638
C_ROOKANDPAWNMOVEMENT:0.5019749258775638
C_CENTERCONTROL:0.5025286114069524
C_DEVELOPPIECES:0.4960336060183891
C_MATERIAL:0.4995267906848546
C_MOVECOUNT:0.488657140547839
