ELO:950
CE_PASSEDPAWNS:0.4888045535243274
CE_PAWNWEAKNESSES:0.5058090787785635
CE_PIECEACTIVITY:0.5397691173189548
CE_KINGPAWNSHIELD:0.49214383929777894
CE_PIECECOORDINATION:0.49312044285228235
CE_MATERIAL:0.47019375447570666
CE_KINGSAFETY:0.5080275794831538
C_PIECESQUARETABLES:0.529360615754352
C_MOBILITY:0.5007538295453161
C_KINGSAFETY:0.5041800518602225
C_PAWNSTRUCTURE:0.4699098481164822
C_PIECECOORDINATION:0.5057172875153029
C_ROOKANDPAWNMOVEMENT:0.5057172875153029
C_CENTERCONTROL:0.5163593015459965
C_DEVELOPPIECES:0.494179958634368
C_MATERIAL:0.5214065236730642
