ELO:1025
CE_PASSEDPAWNS:0.4980445582674632
CE_PAWNWEAKNESSES:0.5
CE_PIECEACTIVITY:0.5131604427077882
CE_KINGPAWNSHIELD:0.5050514093312942
CE_PIECECOORDINATION:0.4937259056177772
CE_MATERIAL:0.48938469583645317
CE_KINGSAFETY:0.5
C_PIECESQUARETABLES:0.5
C_MOBILITY:0.5
C_KINGSAFETY:0.5037828541955374
C_PAWNSTRUCTURE:0.5
C_PIECECOORDINATION:0.5
C_ROOKANDPAWNMOVEMENT:0.5
C_CENTERCONTROL:0.5
C_DEVELOPPIECES:0.5157724497451844
C_MATERIAL:0.4982561163912989
C_MOVECOUNT:0.5
