ELO:954
CE_PASSEDPAWNS:0.6104422091900986
CE_PAWNWEAKNESSES:0.42518034985508263
CE_PIECEACTIVITY:0.5273505713728726
CE_KINGPAWNSHIELD:0.49610013587726026
CE_PIECECOORDINATION:0.5151998067849715
CE_MATERIAL:0.5145467871049
CE_KINGSAFETY:0.5370684560277686
C_PIECESQUARETABLES:0.4790179351494175
C_MOBILITY:0.4788020546967553
C_KINGSAFETY:0.5068086487903499
C_PAWNSTRUCTURE:0.5062991512349919
C_PIECECOORDINATION:0.5785612399804131
C_ROOKANDPAWNMOVEMENT:0.5785612399804131
C_CENTERCONTROL:0.5287797483075619
C_DEVELOPPIECES:0.47363678902129314
C_MATERIAL:0.488654459571855
