ELO:1039
CE_PASSEDPAWNS:0.48008323343634085
CE_PAWNWEAKNESSES:0.4747857407181427
CE_PIECEACTIVITY:0.4908013914622581
CE_KINGPAWNSHIELD:0.5
CE_PIECECOORDINATION:0.5117436836279781
CE_MATERIAL:0.47677855478670556
CE_KINGSAFETY:0.5
C_PIECESQUARETABLES:0.4979457431743297
C_MOBILITY:0.5108846393310079
C_KINGSAFETY:0.4986723662464298
C_PAWNSTRUCTURE:0.4937664643381609
C_PIECECOORDINATION:0.4964908471705354
C_ROOK:0.48607583648460895
CE_ROOK:0.5070443663743618
C_CENTERCONTROL:0.4992557127747488
C_DEVELOPPIECES:0.49094584126829643
C_MATERIAL:0.49173883175879074
C_MOVECOUNT:0.49274355164272793
C_PAWNMOVEMENT:0.5
