ELO:990
CE_PASSEDPAWNS:0.5056064528602644
CE_PAWNWEAKNESSES:0.4912767341463568
CE_PIECEACTIVITY:0.5003951833365725
CE_KINGPAWNSHIELD:0.5003756101409338
CE_PIECECOORDINATION:0.5
CE_MATERIAL:0.5117239301909882
CE_KINGSAFETY:0.5
C_PIECESQUARETABLES:0.5
C_MOBILITY:0.4848698454518749
C_KINGSAFETY:0.47965848252462173
C_PAWNSTRUCTURE:0.516035065929441
C_PIECECOORDINATION:0.5221706325688517
C_ROOKANDPAWNMOVEMENT:0.5221706325688517
C_CENTERCONTROL:0.5360975276610358
C_DEVELOPPIECES:0.5039180607533894
C_MATERIAL:0.4751184375809755
C_MOVECOUNT:0.48200072184731074
