ELO:935
CE_PASSEDPAWNS:0.5398917018114467
CE_PAWNWEAKNESSES:0.6611280310810326
CE_PIECEACTIVITY:0.39836434770364476
CE_KINGPAWNSHIELD:0.49216599423619567
CE_PIECECOORDINATION:0.5382433156194184
CE_MATERIAL:0.5939637766305037
CE_KINGSAFETY:0.5037942975538573
C_PIECESQUARETABLES:0.4996999650526287
C_MOBILITY:0.4244637921927668
C_KINGSAFETY:0.5080433653520197
C_PAWNSTRUCTURE:0.5624241545408777
C_PIECECOORDINATION:0.5237114119774844
C_ROOKANDPAWNMOVEMENT:0.5237114119774844
C_CENTERCONTROL:0.4503826956241667
C_DEVELOPPIECES:0.4408624306929627
C_MATERIAL:0.5590118467222458
