ELO:1028
CE_PASSEDPAWNS:0.503400773597093
CE_PAWNWEAKNESSES:0.49844580991211507
CE_PIECEACTIVITY:0.5115836936101485
CE_KINGPAWNSHIELD:0.5195005597469621
CE_PIECECOORDINATION:0.4843739588300626
CE_MATERIAL:0.5009341789427034
CE_KINGSAFETY:0.47465198227199373
C_PIECESQUARETABLES:0.5026411682036745
C_MOBILITY:0.5007409394850927
C_KINGSAFETY:0.4964344361370565
C_PAWNSTRUCTURE:0.5
C_PIECECOORDINATION:0.5
C_ROOKANDPAWNMOVEMENT:0.5
C_CENTERCONTROL:0.5112048952796787
C_DEVELOPPIECES:0.5229723611281811
C_MATERIAL:0.4971232678264557
C_MOVECOUNT:0.5
