ELO:957
CE_PASSEDPAWNS:0.5250789711293153
CE_PAWNWEAKNESSES:0.5125596999084254
CE_PIECEACTIVITY:0.517012665078009
CE_KINGPAWNSHIELD:0.4840963209357953
CE_PIECECOORDINATION:0.48627402473869025
CE_MATERIAL:0.5219791266183835
CE_KINGSAFETY:0.5114670118307012
C_PIECESQUARETABLES:0.5114304432554461
C_MOBILITY:0.46898216100878964
C_KINGSAFETY:0.5
C_PAWNSTRUCTURE:0.5046569054803501
C_PIECECOORDINATION:0.5157723587939541
C_ROOKANDPAWNMOVEMENT:0.5157723587939541
C_CENTERCONTROL:0.5418060191319457
C_DEVELOPPIECES:0.4980041979986795
C_MATERIAL:0.5093486685694315
C_MOVECOUNT:0.47827396593435856
