ELO:1000
CE_PASSEDPAWNS:0.5306467282369662
CE_PAWNWEAKNESSES:0.5199825374060065
CE_PIECEACTIVITY:0.5283028678530887
CE_KINGPAWNSHIELD:0.5130779180661877
CE_PIECECOORDINATION:0.47668294526815846
CE_MATERIAL:0.45252058696272635
CE_KINGSAFETY:0.5010229450135676
C_PIECESQUARETABLES:0.5116604976298366
C_MOBILITY:0.4840835075502853
C_KINGSAFETY:0.49746040551630527
C_PAWNSTRUCTURE:0.49666101307391547
C_PIECECOORDINATION:0.5157759625841246
C_ROOKANDPAWNMOVEMENT:0.5157759625841246
C_CENTERCONTROL:0.5253063808755907
C_DEVELOPPIECES:0.5027915214455141
C_MATERIAL:0.5375274599896441
