ELO:1011
CE_PASSEDPAWNS:0.5
CE_PAWNWEAKNESSES:0.49957557923733015
CE_PIECEACTIVITY:0.5
CE_KINGPAWNSHIELD:0.5
CE_PIECECOORDINATION:0.5102458265167937
CE_MATERIAL:0.5
CE_KINGSAFETY:0.5
C_PIECESQUARETABLES:0.5
C_MOBILITY:0.5
C_KINGSAFETY:0.5
C_PAWNSTRUCTURE:0.49858032454837536
C_PIECECOORDINATION:0.49715665696769046
C_ROOK:0.48880763527546695
CE_ROOK:0.5060540466258988
C_CENTERCONTROL:0.49492030750118654
C_DEVELOPPIECES:0.507102546087852
C_MATERIAL:0.5
C_MOVECOUNT:0.5091878059971617
C_PAWNMOVEMENT:0.5071812229891046
