ELO:1000
CE_PASSEDPAWNS:0.5
CE_PAWNWEAKNESSES:0.503325527568578
CE_PIECEACTIVITY:0.5
CE_KINGPAWNSHIELD:0.5113815523349278
CE_PIECECOORDINATION:0.5
CE_MATERIAL:0.4900610912970146
CE_KINGSAFETY:0.5
C_PIECESQUARETABLES:0.49810402278627003
C_MOBILITY:0.5
C_KINGSAFETY:0.5
C_PAWNSTRUCTURE:0.5
C_PIECECOORDINATION:0.5006493887297917
C_ROOKANDPAWNMOVEMENT:0.5006493887297917
C_CENTERCONTROL:0.5062408583589636
C_DEVELOPPIECES:0.5
C_MATERIAL:0.5031177257611392
