ELO:951
CE_PASSEDPAWNS:0.6144111395519806
CE_PAWNWEAKNESSES:0.42503336641530204
CE_PIECEACTIVITY:0.5273505713728726
CE_KINGPAWNSHIELD:0.5001409862858408
CE_PIECECOORDINATION:0.5151998067849715
CE_MATERIAL:0.5181073496290705
CE_KINGSAFETY:0.5132779507545872
C_PIECESQUARETABLES:0.5
C_MOBILITY:0.4748195743665792
C_KINGSAFETY:0.4957121584376624
C_PAWNSTRUCTURE:0.5165695648239286
C_PIECECOORDINATION:0.573574884422765
C_ROOKANDPAWNMOVEMENT:0.573574884422765
C_CENTERCONTROL:0.5301870460302013
C_DEVELOPPIECES:0.48362353731255076
C_MATERIAL:0.4855460920255421
