ELO:823
CE_PASSEDPAWNS:0.5520174990396379
CE_PAWNWEAKNESSES:0.47754778896010647
CE_PIECEACTIVITY:0.4789911288973877
CE_KINGPAWNSHIELD:0.6012820936716048
CE_PIECECOORDINATION:0.46147342358588267
CE_MATERIAL:0.44521447514581824
CE_KINGSAFETY:0.5394549233452391
C_PIECESQUARETABLES:0.5012549440224225
C_MOBILITY:0.48979605624203437
C_KINGSAFETY:0.5147001810586033
C_PAWNSTRUCTURE:0.5276466141024142
C_PIECECOORDINATION:0.46546356034666136
C_ROOKANDPAWNMOVEMENT:0.46546356034666136
C_CENTERCONTROL:0.497799776672385
C_DEVELOPPIECES:0.5364830577107642
C_MATERIAL:0.5195459357339288
C_MOVECOUNT:0.5
