ELO:1000
CE_PASSEDPAWNS:0.48806214811266785
CE_PAWNWEAKNESSES:0.5441633692480596
CE_PIECEACTIVITY:0.4527970090776962
CE_KINGPAWNSHIELD:0.502434489357372
CE_PIECECOORDINATION:0.5089677203890174
CE_MATERIAL:0.4982937710353228
CE_KINGSAFETY:0.5021505773765336
C_PIECESQUARETABLES:0.5007760593650813
C_MOBILITY:0.4942553644331824
C_KINGSAFETY:0.44652650118392306
C_PAWNSTRUCTURE:0.5974931459490325
C_PIECECOORDINATION:0.5586935862957574
C_ROOKANDPAWNMOVEMENT:0.5586935862957574
C_CENTERCONTROL:0.4638825379101223
C_DEVELOPPIECES:0.500236447934786
C_MATERIAL:0.5107435842009603
