ELO:926
CE_PASSEDPAWNS:0.488636096586701
CE_PAWNWEAKNESSES:0.499538472702657
CE_PIECEACTIVITY:0.5134048808080482
CE_KINGPAWNSHIELD:0.5122124882852549
CE_PIECECOORDINATION:0.5124086803440008
CE_MATERIAL:0.4657609983741147
CE_KINGSAFETY:0.5074035712080975
C_PIECESQUARETABLES:0.5205265410637719
C_MOBILITY:0.5002016685703441
C_KINGSAFETY:0.5206833783406384
C_PAWNSTRUCTURE:0.4830247187215394
C_PIECECOORDINATION:0.5032553749497032
C_ROOKANDPAWNMOVEMENT:0.5032553749497032
C_CENTERCONTROL:0.5241501021596531
C_DEVELOPPIECES:0.49320915546235183
C_MATERIAL:0.5112785655983597
