ELO:844
CE_PASSEDPAWNS:0.6820169051819934
CE_PAWNWEAKNESSES:0.6122938039460457
CE_PIECEACTIVITY:0.4441330557176568
CE_KINGPAWNSHIELD:0.4962644057831396
CE_PIECECOORDINATION:0.3687750832586704
CE_MATERIAL:0.5042758686447575
CE_KINGSAFETY:0.47923225748130316
C_PIECESQUARETABLES:0.4967456886341826
C_MOBILITY:0.5571921878348892
C_KINGSAFETY:0.6256418592563979
C_PAWNSTRUCTURE:0.5406168152109807
C_PIECECOORDINATION:0.5638680236111503
C_ROOKANDPAWNMOVEMENT:0.5638680236111503
C_CENTERCONTROL:0.48964182994023703
C_DEVELOPPIECES:0.4792963456111969
C_MATERIAL:0.5066207532262296
