ELO:982
CE_PASSEDPAWNS:0.5341806476386668
CE_PAWNWEAKNESSES:0.5970567817797989
CE_PIECEACTIVITY:0.4440563626660621
CE_KINGPAWNSHIELD:0.4980186182810189
CE_PIECECOORDINATION:0.5547103164718366
CE_MATERIAL:0.5546006767155401
CE_KINGSAFETY:0.497328359409313
C_PIECESQUARETABLES:0.5186786859040304
C_MOBILITY:0.4168770368308713
C_KINGSAFETY:0.506485704648987
C_PAWNSTRUCTURE:0.5936428592750354
C_PIECECOORDINATION:0.5479626518704966
C_ROOKANDPAWNMOVEMENT:0.5479626518704966
C_CENTERCONTROL:0.4721645134735106
C_DEVELOPPIECES:0.4959632439724935
C_MATERIAL:0.5808436388517265
