ELO:1000
CE_PASSEDPAWNS:0.5496149457594138
CE_PAWNWEAKNESSES:0.5389273034968227
CE_PIECEACTIVITY:0.5486584534318257
CE_KINGPAWNSHIELD:0.5252844071091077
CE_PIECECOORDINATION:0.5256585934055907
CE_MATERIAL:0.45474090389067723
CE_KINGSAFETY:0.48252959360109376
C_PIECESQUARETABLES:0.49674292492796357
C_MOBILITY:0.5108043960222173
C_KINGSAFETY:0.5062732857053017
C_PAWNSTRUCTURE:0.4801605400382209
C_PIECECOORDINATION:0.5199933409145784
C_ROOKANDPAWNMOVEMENT:0.5199933409145784
C_CENTERCONTROL:0.5290960445282211
C_DEVELOPPIECES:0.4863285832578415
C_MATERIAL:0.5275272954145197
