ELO:986
CE_PASSEDPAWNS:0.5069037065048211
CE_PAWNWEAKNESSES:0.4895325634588423
CE_PIECEACTIVITY:0.5249706135866368
CE_KINGPAWNSHIELD:0.5
CE_PIECECOORDINATION:0.5026201967755126
CE_MATERIAL:0.5
CE_KINGSAFETY:0.5
C_PIECESQUARETABLES:0.4962270676308771
C_MOBILITY:0.49025328364142257
C_KINGSAFETY:0.4941188811848187
C_PAWNSTRUCTURE:0.5002441117109308
C_PIECECOORDINATION:0.49230575660552267
C_ROOKANDPAWNMOVEMENT:0.49230575660552267
C_CENTERCONTROL:0.501949586340746
C_DEVELOPPIECES:0.5095783377365425
C_MATERIAL:0.49451313778332473
C_MOVECOUNT:0.5
