ELO:735
CE_PASSEDPAWNS:0.6349466478967941
CE_PAWNWEAKNESSES:0.5148217181645047
CE_PIECEACTIVITY:0.4426826246708397
CE_KINGPAWNSHIELD:0.6676068830671591
CE_PIECECOORDINATION:0.41656633903632184
CE_MATERIAL:0.5009809408265615
CE_KINGSAFETY:0.4442941036893753
C_PIECESQUARETABLES:0.5170713985270358
C_MOBILITY:0.47306666923340746
C_KINGSAFETY:0.4948529910767438
C_PAWNSTRUCTURE:0.5298828007764715
C_PIECECOORDINATION:0.5343988070009587
C_ROOKANDPAWNMOVEMENT:0.5343988070009587
C_CENTERCONTROL:0.4913415400622594
C_DEVELOPPIECES:0.5621467741441909
C_MATERIAL:0.52395991123422
C_MOVECOUNT:0.5
