ELO:977
CE_PASSEDPAWNS:0.5318067179561624
CE_PAWNWEAKNESSES:0.5121555539562205
CE_PIECEACTIVITY:0.5403331465952513
CE_KINGPAWNSHIELD:0.48192426480914924
CE_PIECECOORDINATION:0.5573670413916783
CE_MATERIAL:0.5058235274167407
CE_KINGSAFETY:0.48474625591114645
C_PIECESQUARETABLES:0.49633375672716395
C_MOBILITY:0.4644812231777779
C_KINGSAFETY:0.4469987854743117
C_PAWNSTRUCTURE:0.5163200563546898
C_PIECECOORDINATION:0.5318817006651843
C_ROOKANDPAWNMOVEMENT:0.5318817006651843
C_CENTERCONTROL:0.5898134220801373
C_DEVELOPPIECES:0.4607466889031124
C_MATERIAL:0.45137768890356594
