ELO:769
CE_PASSEDPAWNS:0.5604059281349245
CE_PAWNWEAKNESSES:0.5337482368379443
CE_PIECEACTIVITY:0.4914232911790886
CE_KINGPAWNSHIELD:0.450400822443472
CE_PIECECOORDINATION:0.5576970237122951
CE_MATERIAL:0.4883698678007966
CE_KINGSAFETY:0.4533735215174023
C_PIECESQUARETABLES:0.4843115028740763
C_MOBILITY:0.43461306768910773
C_KINGSAFETY:0.49327011735413245
C_PAWNSTRUCTURE:0.5514602796686324
C_PIECECOORDINATION:0.4171122726751842
C_ROOKANDPAWNMOVEMENT:0.4171122726751842
C_CENTERCONTROL:0.41627949104035816
C_DEVELOPPIECES:0.4700868050554591
C_MATERIAL:0.4420747227340375
C_MOVECOUNT:0.5403912969165063
