ELO:908
CE_PASSEDPAWNS:0.4175705446096752
CE_PAWNWEAKNESSES:0.5039446692226074
CE_PIECEACTIVITY:0.48926593484703756
CE_KINGPAWNSHIELD:0.5275442642393795
CE_PIECECOORDINATION:0.4896072172713362
CE_MATERIAL:0.5164852362739422
CE_KINGSAFETY:0.5132639454490059
C_PIECESQUARETABLES:0.47565878248857063
C_MOBILITY:0.5131778273619003
C_KINGSAFETY:0.5220340724163561
C_PAWNSTRUCTURE:0.5232685956960597
C_PIECECOORDINATION:0.5022647361788738
C_ROOKANDPAWNMOVEMENT:0.5022647361788738
C_CENTERCONTROL:0.45762797886675594
C_DEVELOPPIECES:0.4865735918733581
C_MATERIAL:0.5045549144388136
C_MOVECOUNT:0.5
