ELO:992
CE_PASSEDPAWNS:0.5555197178865608
CE_PAWNWEAKNESSES:0.5926928211542348
CE_PIECEACTIVITY:0.4680606093327686
CE_KINGPAWNSHIELD:0.4793125772642059
CE_PIECECOORDINATION:0.46115797882380744
CE_MATERIAL:0.5362193146979971
CE_KINGSAFETY:0.42838063155393813
C_PIECESQUARETABLES:0.49569980606932623
C_MOBILITY:0.5111174749576417
C_KINGSAFETY:0.4289497775861903
C_PAWNSTRUCTURE:0.46538628741552895
C_PIECECOORDINATION:0.48393297110194133
C_ROOKANDPAWNMOVEMENT:0.48393297110194133
C_CENTERCONTROL:0.5106564782950798
C_DEVELOPPIECES:0.45981324046045136
C_MATERIAL:0.4785673294204761
