ELO:966
CE_PASSEDPAWNS:0.46641234151938077
CE_PAWNWEAKNESSES:0.5109648573532074
CE_PIECEACTIVITY:0.5168960304228178
CE_KINGPAWNSHIELD:0.5107028291279533
CE_PIECECOORDINATION:0.5002496859364247
CE_MATERIAL:0.49054326830152045
CE_KINGSAFETY:0.4960418102506648
C_PIECESQUARETABLES:0.504367759358434
C_MOBILITY:0.5033847244678555
C_KINGSAFETY:0.5033405380261564
C_PAWNSTRUCTURE:0.4638625722183482
C_PIECECOORDINATION:0.5036217235186677
C_ROOK:0.4899595720502707
CE_ROOK:0.5236704238685409
C_CENTERCONTROL:0.4937017239799998
C_DEVELOPPIECES:0.5052963471662424
C_MATERIAL:0.521047286470826
C_MOVECOUNT:0.48197489827343987
C_PAWNMOVEMENT:0.5026461115979283
