ELO:1007
CE_PASSEDPAWNS:0.5072556794088499
CE_PAWNWEAKNESSES:0.48985358518892563
CE_PIECEACTIVITY:0.5
CE_KINGPAWNSHIELD:0.4996356177504011
CE_PIECECOORDINATION:0.5
CE_MATERIAL:0.5
CE_KINGSAFETY:0.510042540413266
C_PIECESQUARETABLES:0.5
C_MOBILITY:0.49061629774421817
C_KINGSAFETY:0.5016999144372101
C_PAWNSTRUCTURE:0.5
C_PIECECOORDINATION:0.5
C_ROOKANDPAWNMOVEMENT:0.5
C_CENTERCONTROL:0.5062898849677099
C_DEVELOPPIECES:0.5
C_MATERIAL:0.4976417290454443
C_MOVECOUNT:0.5
