ELO:1017
CE_PASSEDPAWNS:0.4938368935589593
CE_PAWNWEAKNESSES:0.5
CE_PIECEACTIVITY:0.5
CE_KINGPAWNSHIELD:0.511120395168439
CE_PIECECOORDINATION:0.4869274432426768
CE_MATERIAL:0.48566490543418434
CE_KINGSAFETY:0.5106796725810326
C_PIECESQUARETABLES:0.4942116566231632
C_MOBILITY:0.5
C_KINGSAFETY:0.4872299949825835
C_PAWNSTRUCTURE:0.5049907578683622
C_PIECECOORDINATION:0.49817738445067417
C_ROOKANDPAWNMOVEMENT:0.49817738445067417
C_CENTERCONTROL:0.5
C_DEVELOPPIECES:0.48823891617735077
C_MATERIAL:0.50810846634484
C_MOVECOUNT:0.5
