ELO:1010
CE_PASSEDPAWNS:0.5
CE_PAWNWEAKNESSES:0.5
CE_PIECEACTIVITY:0.48757395909453716
CE_KINGPAWNSHIELD:0.48954408812358385
CE_PIECECOORDINATION:0.5
CE_MATERIAL:0.5
CE_KINGSAFETY:0.5
C_PIECESQUARETABLES:0.5
C_MOBILITY:0.5023840477685132
C_KINGSAFETY:0.5
C_PAWNSTRUCTURE:0.4962505408639403
C_PIECECOORDINATION:0.49554090382701804
C_ROOK:0.5
CE_ROOK:0.5050085978164642
C_CENTERCONTROL:0.5
C_DEVELOPPIECES:0.5
C_MATERIAL:0.5006422277030154
C_MOVECOUNT:0.5
C_PAWNMOVEMENT:0.5
