ELO:970
CE_PASSEDPAWNS:0.5088526229737078
CE_PAWNWEAKNESSES:0.5037415485887333
CE_PIECEACTIVITY:0.5063429217329696
CE_KINGPAWNSHIELD:0.5153225191674778
CE_PIECECOORDINATION:0.48968658974964907
CE_MATERIAL:0.511282617344672
CE_KINGSAFETY:0.5100330400839646
C_PIECESQUARETABLES:0.5067345464071955
C_MOBILITY:0.5198150065290894
C_KINGSAFETY:0.49309317309323947
C_PAWNSTRUCTURE:0.5260808580300539
C_PIECECOORDINATION:0.4901989449561839
C_ROOKANDPAWNMOVEMENT:0.4901989449561839
C_CENTERCONTROL:0.5014612232052058
C_DEVELOPPIECES:0.508552935160035
C_MATERIAL:0.486219920416573
C_MOVECOUNT:0.5
