ELO:821
CE_PASSEDPAWNS:0.4710528176203561
CE_PAWNWEAKNESSES:0.5657921943962007
CE_PIECEACTIVITY:0.4740384202350231
CE_KINGPAWNSHIELD:0.5238773637148665
CE_PIECECOORDINATION:0.5287500104951353
CE_MATERIAL:0.5324632827872072
CE_KINGSAFETY:0.5054545209426142
C_PIECESQUARETABLES:0.5079021316587472
C_MOBILITY:0.5042361722691306
C_KINGSAFETY:0.46791982321291165
C_PAWNSTRUCTURE:0.4587576001465703
C_PIECECOORDINATION:0.5171446143256636
C_ROOKANDPAWNMOVEMENT:0.5171446143256636
C_CENTERCONTROL:0.4934819805091997
C_DEVELOPPIECES:0.456985728827895
C_MATERIAL:0.5648532347677587
