ELO:793
CE_PASSEDPAWNS:0.5503031116468458
CE_PAWNWEAKNESSES:0.5457137001261715
CE_PIECEACTIVITY:0.5103115100350172
CE_KINGPAWNSHIELD:0.5872269411692728
CE_PIECECOORDINATION:0.5092591215456906
CE_MATERIAL:0.38383012420101514
CE_KINGSAFETY:0.5008915386531151
C_PIECESQUARETABLES:0.4858820824287756
C_MOBILITY:0.4780984353378853
C_KINGSAFETY:0.49482092991021076
C_PAWNSTRUCTURE:0.5116454627747095
C_PIECECOORDINATION:0.49373081227450866
C_ROOKANDPAWNMOVEMENT:0.49373081227450866
C_CENTERCONTROL:0.5807789591584035
C_DEVELOPPIECES:0.45314393563012834
C_MATERIAL:0.3810533171899113
C_MOVECOUNT:0.48544162423731924
