ELO:984
CE_PASSEDPAWNS:0.5103732673306413
CE_PAWNWEAKNESSES:0.522153535577986
CE_PIECEACTIVITY:0.5263483482815364
CE_KINGPAWNSHIELD:0.48131307182417365
CE_PIECECOORDINATION:0.47360610606814124
CE_MATERIAL:0.4953312556202537
CE_KINGSAFETY:0.5
C_PIECESQUARETABLES:0.5
C_MOBILITY:0.5097074898209483
C_KINGSAFETY:0.49006913785506184
C_PAWNSTRUCTURE:0.5073873811072944
C_PIECECOORDINATION:0.5090671864501586
C_ROOK:0.4878307759035421
CE_ROOK:0.48625489621868667
C_CENTERCONTROL:0.49753629962313195
C_DEVELOPPIECES:0.519906363217267
C_MATERIAL:0.5207333831393444
C_MOVECOUNT:0.4819960869242839
C_PAWNMOVEMENT:0.5056945132990123
