ELO:996
CE_PASSEDPAWNS:0.46641234151938077
CE_PAWNWEAKNESSES:0.4948084163176844
CE_PIECEACTIVITY:0.506502762591108
CE_KINGPAWNSHIELD:0.5005673759115538
CE_PIECECOORDINATION:0.5056575273638888
CE_MATERIAL:0.49000557208146583
CE_KINGSAFETY:0.4777140919505125
C_PIECESQUARETABLES:0.47181053510554444
C_MOBILITY:0.4938739863245912
C_KINGSAFETY:0.4938707614595639
C_PAWNSTRUCTURE:0.47306633627610545
C_PIECECOORDINATION:0.5361031718550745
C_ROOK:0.4939249333686842
CE_ROOK:0.5113925782883544
C_CENTERCONTROL:0.5016993217996552
C_DEVELOPPIECES:0.5123010268727729
C_MATERIAL:0.5171661691913955
C_MOVECOUNT:0.49195864191055205
C_PAWNMOVEMENT:0.4925719234350005
