ELO:995
CE_PASSEDPAWNS:0.5052343914607229
CE_PAWNWEAKNESSES:0.4919164844263878
CE_PIECEACTIVITY:0.4915642145954994
CE_KINGPAWNSHIELD:0.4914979349008844
CE_PIECECOORDINATION:0.5023212461776307
CE_MATERIAL:0.5123879459871776
CE_KINGSAFETY:0.5
C_PIECESQUARETABLES:0.5
C_MOBILITY:0.4942104270074097
C_KINGSAFETY:0.496589791313753
C_PAWNSTRUCTURE:0.5114934764494863
C_PIECECOORDINATION:0.47366225915367416
C_ROOKANDPAWNMOVEMENT:0.47366225915367416
C_CENTERCONTROL:0.487318768356107
C_DEVELOPPIECES:0.508010614621418
C_MATERIAL:0.5046242026763575
C_MOVECOUNT:0.4981579607439194
