ELO:938
CE_PASSEDPAWNS:0.448473382039323
CE_PAWNWEAKNESSES:0.565548150761985
CE_PIECEACTIVITY:0.4214069789985301
CE_KINGPAWNSHIELD:0.581308040108401
CE_PIECECOORDINATION:0.5327187311625248
CE_MATERIAL:0.5526429426407844
CE_KINGSAFETY:0.5
C_PIECESQUARETABLES:0.5
C_MOBILITY:0.6168709952439468
C_KINGSAFETY:0.4913582406739145
C_PAWNSTRUCTURE:0.5130662081588679
C_PIECECOORDINATION:0.5309927134268232
C_ROOKANDPAWNMOVEMENT:0.5309927134268232
C_CENTERCONTROL:0.5654943626933141
C_DEVELOPPIECES:0.4678115621077499
C_MATERIAL:0.5696784276596701
