ELO:957
CE_PASSEDPAWNS:0.5483772919553496
CE_PAWNWEAKNESSES:0.5562621491891513
CE_PIECEACTIVITY:0.5277921594997329
CE_KINGPAWNSHIELD:0.4825834160247537
CE_PIECECOORDINATION:0.5755538674866661
CE_MATERIAL:0.5144116557483439
CE_KINGSAFETY:0.5
C_PIECESQUARETABLES:0.49067639459356044
C_MOBILITY:0.4666301765025288
C_KINGSAFETY:0.45304400726384597
C_PAWNSTRUCTURE:0.5476043181899408
C_PIECECOORDINATION:0.5089757352085608
C_ROOKANDPAWNMOVEMENT:0.5089757352085608
C_CENTERCONTROL:0.5796510204736913
C_DEVELOPPIECES:0.4256830946099743
C_MATERIAL:0.418183797263653
