ELO:990
CE_PASSEDPAWNS:0.43998619370007874
CE_PAWNWEAKNESSES:0.45584103936695164
CE_PIECEACTIVITY:0.5323089822195353
CE_KINGPAWNSHIELD:0.47296228941213614
CE_PIECECOORDINATION:0.5608493714117594
CE_MATERIAL:0.47462912755102915
CE_KINGSAFETY:0.48932499231160387
C_PIECESQUARETABLES:0.5
C_MOBILITY:0.5741900549396723
C_KINGSAFETY:0.5269004903038758
C_PAWNSTRUCTURE:0.5233585227687203
C_PIECECOORDINATION:0.5019648727235364
C_ROOKANDPAWNMOVEMENT:0.5019648727235364
C_CENTERCONTROL:0.41014551098022417
C_DEVELOPPIECES:0.5062934253025085
C_MATERIAL:0.6480006401927535
