ELO:711
CE_PASSEDPAWNS:0.5685259346902558
CE_PAWNWEAKNESSES:0.5096456140627048
CE_PIECEACTIVITY:0.4943821110398934
CE_KINGPAWNSHIELD:0.448378894434277
CE_PIECECOORDINATION:0.5494099373910146
CE_MATERIAL:0.46225866940220856
CE_KINGSAFETY:0.4548573702721768
C_PIECESQUARETABLES:0.4774049886025776
C_MOBILITY:0.4398493282271367
C_KINGSAFETY:0.4934882927446458
C_PAWNSTRUCTURE:0.5507536312482109
C_PIECECOORDINATION:0.4137969975159616
C_ROOKANDPAWNMOVEMENT:0.4137969975159616
C_CENTERCONTROL:0.41539519103007994
C_DEVELOPPIECES:0.459332223505627
C_MATERIAL:0.4554248696103695
C_MOVECOUNT:0.5569170276454714
