ELO:774
CE_PASSEDPAWNS:0.6471602621109573
CE_PAWNWEAKNESSES:0.528160985738191
CE_PIECEACTIVITY:0.4291175555526715
CE_KINGPAWNSHIELD:0.6594153761502487
CE_PIECECOORDINATION:0.4027382126599606
CE_MATERIAL:0.5053479416703337
CE_KINGSAFETY:0.44147274567119776
C_PIECESQUARETABLES:0.49701489176674957
C_MOBILITY:0.47682546724203884
C_KINGSAFETY:0.4922393814327799
C_PAWNSTRUCTURE:0.5241579957414059
C_PIECECOORDINATION:0.5235881891988154
C_ROOKANDPAWNMOVEMENT:0.5235881891988154
C_CENTERCONTROL:0.4905557612603953
C_DEVELOPPIECES:0.5777563853923987
C_MATERIAL:0.5413787022165024
C_MOVECOUNT:0.5
