ELO:1000
CE_PASSEDPAWNS:0.5063325213985587
CE_PAWNWEAKNESSES:0.4961118259556268
CE_PIECEACTIVITY:0.5054182181477882
CE_KINGPAWNSHIELD:0.5124602308125752
CE_PIECECOORDINATION:0.4868477228105659
CE_MATERIAL:0.5134452999566406
CE_KINGSAFETY:0.49333498317608465
C_PIECESQUARETABLES:0.49793478116021495
C_MOBILITY:0.4803159052816474
C_KINGSAFETY:0.5
C_PAWNSTRUCTURE:0.5196317029407237
C_PIECECOORDINATION:0.4930008651140659
C_ROOKANDPAWNMOVEMENT:0.4930008651140659
C_CENTERCONTROL:0.5181903495816131
C_DEVELOPPIECES:0.5025583030075731
C_MATERIAL:0.4935062252976182
