ELO:981
CE_PASSEDPAWNS:0.46641234151938077
CE_PAWNWEAKNESSES:0.5156424789943745
CE_PIECEACTIVITY:0.5266818616558194
CE_KINGPAWNSHIELD:0.4908441310126969
CE_PIECECOORDINATION:0.4939064645964842
CE_MATERIAL:0.4811849065738413
CE_KINGSAFETY:0.4926405077862271
C_PIECESQUARETABLES:0.5
C_MOBILITY:0.49798779272727295
C_KINGSAFETY:0.47604863423783217
C_PAWNSTRUCTURE:0.4744513113568111
C_PIECECOORDINATION:0.48758031513996825
C_ROOK:0.48569935871338454
CE_ROOK:0.49021058156070657
C_CENTERCONTROL:0.4891498304272431
C_DEVELOPPIECES:0.5092697914129534
C_MATERIAL:0.5247052288905065
C_MOVECOUNT:0.4820597072439192
C_PAWNMOVEMENT:0.49728964792746466
