ELO:832
CE_PASSEDPAWNS:0.4639143607745707
CE_PAWNWEAKNESSES:0.5634204757137175
CE_PIECEACTIVITY:0.47895990042137093
CE_KINGPAWNSHIELD:0.5298904553237284
CE_PIECECOORDINATION:0.5276897032125452
CE_MATERIAL:0.5307293511504717
CE_KINGSAFETY:0.5058818367583913
C_PIECESQUARETABLES:0.49686452148474186
C_MOBILITY:0.516705015258115
C_KINGSAFETY:0.4651667438205534
C_PAWNSTRUCTURE:0.470615382255428
C_PIECECOORDINATION:0.49252734843620977
C_ROOKANDPAWNMOVEMENT:0.49252734843620977
C_CENTERCONTROL:0.4796754477421416
C_DEVELOPPIECES:0.46218034003758834
C_MATERIAL:0.5647150576053587
