ELO:1011
CE_PASSEDPAWNS:0.5
CE_PAWNWEAKNESSES:0.5032802047854068
CE_PIECEACTIVITY:0.49786249322332793
CE_KINGPAWNSHIELD:0.5
CE_PIECECOORDINATION:0.4993049053946494
CE_MATERIAL:0.5104087145085079
CE_KINGSAFETY:0.5
C_PIECESQUARETABLES:0.4918972955098982
C_MOBILITY:0.5
C_KINGSAFETY:0.4904271485503693
C_PAWNSTRUCTURE:0.49378388125830497
C_PIECECOORDINATION:0.4951836457875841
C_ROOKANDPAWNMOVEMENT:0.4951836457875841
C_CENTERCONTROL:0.5
C_DEVELOPPIECES:0.5183835277253543
C_MATERIAL:0.5076115561678428
