ELO:1020
CE_PASSEDPAWNS:0.5120961288124589
CE_PAWNWEAKNESSES:0.4995970188208967
CE_PIECEACTIVITY:0.5084753267229781
CE_KINGPAWNSHIELD:0.5
CE_PIECECOORDINATION:0.49368339017411245
CE_MATERIAL:0.5
CE_KINGSAFETY:0.5
C_PIECESQUARETABLES:0.5
C_MOBILITY:0.5
C_KINGSAFETY:0.4872299949825835
C_PAWNSTRUCTURE:0.4987232590680539
C_PIECECOORDINATION:0.5049700644413454
C_ROOKANDPAWNMOVEMENT:0.5049700644413454
C_CENTERCONTROL:0.5042371813554365
C_DEVELOPPIECES:0.5
C_MATERIAL:0.49791444887716263
C_MOVECOUNT:0.5
