ELO:838
CE_PASSEDPAWNS:0.5445524179247673
CE_PAWNWEAKNESSES:0.4895470343607765
CE_PIECEACTIVITY:0.5023180356631433
CE_KINGPAWNSHIELD:0.5251167339353497
CE_PIECECOORDINATION:0.452051291433577
CE_MATERIAL:0.49732311972485127
CE_KINGSAFETY:0.5234808459562792
C_PIECESQUARETABLES:0.48394911000743557
C_MOBILITY:0.502931412481293
C_KINGSAFETY:0.4455338260124946
C_PAWNSTRUCTURE:0.5418722727772304
C_PIECECOORDINATION:0.47547922615224286
C_ROOKANDPAWNMOVEMENT:0.47547922615224286
C_CENTERCONTROL:0.5021482629058259
C_DEVELOPPIECES:0.5613031434794903
C_MATERIAL:0.515285293019572
C_MOVECOUNT:0.5303734069590669
