ELO:984
CE_PASSEDPAWNS:0.5460237759265371
CE_PAWNWEAKNESSES:0.5833548772467161
CE_PIECEACTIVITY:0.5012389627255882
CE_KINGPAWNSHIELD:0.580013166705244
CE_PIECECOORDINATION:0.43633003843834145
CE_MATERIAL:0.37714615359871123
CE_KINGSAFETY:0.46805608538159027
C_PIECESQUARETABLES:0.5132186089976225
C_MOBILITY:0.3234667458917483
C_KINGSAFETY:0.4751849325645259
C_PAWNSTRUCTURE:0.6217518567151145
C_PIECECOORDINATION:0.6651803449750925
C_ROOKANDPAWNMOVEMENT:0.6651803449750925
C_CENTERCONTROL:0.5140107547191766
C_DEVELOPPIECES:0.4776882165076403
C_MATERIAL:0.34099385454202835
