ELO:1000
CE_PASSEDPAWNS:0.5471442334889572
CE_PAWNWEAKNESSES:0.509330242488241
CE_PIECEACTIVITY:0.48220803624847774
CE_KINGPAWNSHIELD:0.4825237942684251
CE_PIECECOORDINATION:0.550419128487253
CE_MATERIAL:0.4862887809121407
CE_KINGSAFETY:0.52300934329005
C_PIECESQUARETABLES:0.5125417564400958
C_MOBILITY:0.5084439915752936
C_KINGSAFETY:0.5382719950230326
C_PAWNSTRUCTURE:0.49750266843155866
C_PIECECOORDINATION:0.4890863356557104
C_ROOKANDPAWNMOVEMENT:0.4890863356557104
C_CENTERCONTROL:0.5190743594082826
C_DEVELOPPIECES:0.4974892746940283
C_MATERIAL:0.521760018794183
