ELO:980
CE_PASSEDPAWNS:0.46641234151938077
CE_PAWNWEAKNESSES:0.5156424789943745
CE_PIECEACTIVITY:0.5317667891433514
CE_KINGPAWNSHIELD:0.4908441310126969
CE_PIECECOORDINATION:0.5002754802001567
CE_MATERIAL:0.4811849065738413
CE_KINGSAFETY:0.4926405077862271
C_PIECESQUARETABLES:0.5
C_MOBILITY:0.49798779272727295
C_KINGSAFETY:0.47957460750985026
C_PAWNSTRUCTURE:0.48316812867301917
C_PIECECOORDINATION:0.48758031513996825
C_ROOK:0.47923181381279945
CE_ROOK:0.49021058156070657
C_CENTERCONTROL:0.4870021358741819
C_DEVELOPPIECES:0.5092697914129534
C_MATERIAL:0.5125943912126545
C_MOVECOUNT:0.4913763432833364
C_PAWNMOVEMENT:0.49728964792746466
