ELO:943
CE_PASSEDPAWNS:0.4942531754072557
CE_PAWNWEAKNESSES:0.49681023354588105
CE_PIECEACTIVITY:0.48194440904781144
CE_KINGPAWNSHIELD:0.5
CE_PIECECOORDINATION:0.500479383014448
CE_MATERIAL:0.484991378945778
CE_KINGSAFETY:0.5145786985342989
C_PIECESQUARETABLES:0.4945368533704636
C_MOBILITY:0.49810660955990654
C_KINGSAFETY:0.5065715911726096
C_PAWNSTRUCTURE:0.49966962494636064
C_PIECECOORDINATION:0.49006742970409156
C_ROOK:0.4811988248174246
CE_ROOK:0.48631243387550044
C_CENTERCONTROL:0.4674074077493509
C_DEVELOPPIECES:0.48772925126262306
C_MATERIAL:0.46106244380166933
C_MOVECOUNT:0.5039291232524932
C_PAWNMOVEMENT:0.49638911981256784
