ELO:982
CE_PASSEDPAWNS:0.5137776721130525
CE_PAWNWEAKNESSES:0.5065196212318958
CE_PIECEACTIVITY:0.514839809680834
CE_KINGPAWNSHIELD:0.4718591591334594
CE_PIECECOORDINATION:0.5578177803460723
CE_MATERIAL:0.5008907477045937
CE_KINGSAFETY:0.4776026350181735
C_PIECESQUARETABLES:0.48841169526767875
C_MOBILITY:0.47070578414674047
C_KINGSAFETY:0.45487266669079146
C_PAWNSTRUCTURE:0.5240001352097725
C_PIECECOORDINATION:0.5060930808293524
C_ROOKANDPAWNMOVEMENT:0.5060930808293524
C_CENTERCONTROL:0.5704074980638407
C_DEVELOPPIECES:0.45832064179868487
C_MATERIAL:0.4430188196997764
