ELO:756
CE_PASSEDPAWNS:0.6501913854693175
CE_PAWNWEAKNESSES:0.52345356871709
CE_PIECEACTIVITY:0.4427565170321983
CE_KINGPAWNSHIELD:0.6757454543175163
CE_PIECECOORDINATION:0.4206265807775054
CE_MATERIAL:0.49705113527897227
CE_KINGSAFETY:0.4409595240945288
C_PIECESQUARETABLES:0.5061534912758711
C_MOBILITY:0.46722751313859806
C_KINGSAFETY:0.48748844416746695
C_PAWNSTRUCTURE:0.5244622753382431
C_PIECECOORDINATION:0.5336810286312356
C_ROOKANDPAWNMOVEMENT:0.5336810286312356
C_CENTERCONTROL:0.48597449528830605
C_DEVELOPPIECES:0.5755415692276322
C_MATERIAL:0.5408129970883213
C_MOVECOUNT:0.5
