ELO:973
CE_PASSEDPAWNS:0.5103732673306413
CE_PAWNWEAKNESSES:0.49557499316652925
CE_PIECEACTIVITY:0.5239424742580578
CE_KINGPAWNSHIELD:0.48131307182417365
CE_PIECECOORDINATION:0.5148132034671442
CE_MATERIAL:0.4953312556202537
CE_KINGSAFETY:0.5
C_PIECESQUARETABLES:0.5
C_MOBILITY:0.4888070558741204
C_KINGSAFETY:0.5325408002540932
C_PAWNSTRUCTURE:0.5129216613559545
C_PIECECOORDINATION:0.5179576180930592
C_ROOK:0.4952948093751176
CE_ROOK:0.44151368981614125
C_CENTERCONTROL:0.4870490512970448
C_DEVELOPPIECES:0.5482534563566993
C_MATERIAL:0.4062261569290026
C_MOVECOUNT:0.5058958209786347
C_PAWNMOVEMENT:0.5545827678317885
