ELO:938
CE_PASSEDPAWNS:0.5362399805409218
CE_PAWNWEAKNESSES:0.5661963751684677
CE_PIECEACTIVITY:0.49862410638010274
CE_KINGPAWNSHIELD:0.4519328127297607
CE_PIECECOORDINATION:0.5520635522092656
CE_MATERIAL:0.5362197046834283
CE_KINGSAFETY:0.46294773920880894
C_PIECESQUARETABLES:0.493060727191971
C_MOBILITY:0.5266885742360742
C_KINGSAFETY:0.517833630835046
C_PAWNSTRUCTURE:0.5375584793262681
C_PIECECOORDINATION:0.4775706588443426
C_ROOKANDPAWNMOVEMENT:0.4775706588443426
C_CENTERCONTROL:0.5618448014586097
C_DEVELOPPIECES:0.4287570944077545
C_MATERIAL:0.38210913230127813
