ELO:987
CE_PASSEDPAWNS:0.5492315346814508
CE_PAWNWEAKNESSES:0.5848804622585413
CE_PIECEACTIVITY:0.4680606093327686
CE_KINGPAWNSHIELD:0.4790638699493091
CE_PIECECOORDINATION:0.45719631611377226
CE_MATERIAL:0.5333061115653038
CE_KINGSAFETY:0.5082661017503458
C_PIECESQUARETABLES:0.4895220833098959
C_MOBILITY:0.5187967358893248
C_KINGSAFETY:0.41787767409468485
C_PAWNSTRUCTURE:0.45817292255035247
C_PIECECOORDINATION:0.4939561124934895
C_ROOKANDPAWNMOVEMENT:0.4939561124934895
C_CENTERCONTROL:0.5028215724861339
C_DEVELOPPIECES:0.45413402108026524
C_MATERIAL:0.4606476578574312
