ELO:912
CE_PASSEDPAWNS:0.4880891607106118
CE_PAWNWEAKNESSES:0.531833417717553
CE_PIECEACTIVITY:0.4849296965934354
CE_KINGPAWNSHIELD:0.5194224019963377
CE_PIECECOORDINATION:0.5214066571752645
CE_MATERIAL:0.5138140978273159
CE_KINGSAFETY:0.4994690182471788
C_PIECESQUARETABLES:0.5074998991633548
C_MOBILITY:0.5053770771278306
C_KINGSAFETY:0.47732918000307545
C_PAWNSTRUCTURE:0.48754486005570785
C_PIECECOORDINATION:0.5075109751769343
C_ROOKANDPAWNMOVEMENT:0.5075109751769343
C_CENTERCONTROL:0.47735528849894515
C_DEVELOPPIECES:0.48675958368734606
C_MATERIAL:0.5431610268172427
