ELO:987
CE_PASSEDPAWNS:0.49190018000124264
CE_PAWNWEAKNESSES:0.49129625491239237
CE_PIECEACTIVITY:0.5167657215934742
CE_KINGPAWNSHIELD:0.5014933073759926
CE_PIECECOORDINATION:0.5042300226073176
CE_MATERIAL:0.5153004712987953
CE_KINGSAFETY:0.5020271630057135
C_PIECESQUARETABLES:0.5
C_MOBILITY:0.49323230798240786
C_KINGSAFETY:0.5048233716650736
C_PAWNSTRUCTURE:0.481157235647889
C_PIECECOORDINATION:0.5132832635345963
C_ROOK:0.5113559340834324
CE_ROOK:0.5
C_CENTERCONTROL:0.49361752047194707
C_DEVELOPPIECES:0.5040414531404842
C_MATERIAL:0.5069207202088583
C_MOVECOUNT:0.4958547201414236
C_PAWNMOVEMENT:0.5
