ELO:1000
CE_PASSEDPAWNS:0.5
CE_PAWNWEAKNESSES:0.5082091199106347
CE_PIECEACTIVITY:0.5
CE_KINGPAWNSHIELD:0.49959333238038367
CE_PIECECOORDINATION:0.5080142555930444
CE_MATERIAL:0.5026504333034765
CE_KINGSAFETY:0.5
C_PIECESQUARETABLES:0.5
C_MOBILITY:0.5
C_KINGSAFETY:0.49370927205701265
C_PAWNSTRUCTURE:0.49872984361836725
C_PIECECOORDINATION:0.4864315140145875
C_ROOKANDPAWNMOVEMENT:0.4864315140145875
C_CENTERCONTROL:0.487318768356107
C_DEVELOPPIECES:0.5086638784547594
C_MATERIAL:0.5
C_MOVECOUNT:0.4952753714089016
