ELO:993
CE_PASSEDPAWNS:0.5117578373941505
CE_PAWNWEAKNESSES:0.49109344124096616
CE_PIECEACTIVITY:0.49188113085006496
CE_KINGPAWNSHIELD:0.5
CE_PIECECOORDINATION:0.48654309401812446
CE_MATERIAL:0.4890382826459007
CE_KINGSAFETY:0.5069467913803325
C_PIECESQUARETABLES:0.4892843287875193
C_MOBILITY:0.496276389223588
C_KINGSAFETY:0.5018828446758403
C_PAWNSTRUCTURE:0.49882602120520014
C_PIECECOORDINATION:0.5
C_ROOKANDPAWNMOVEMENT:0.5
C_CENTERCONTROL:0.5031489436988399
C_DEVELOPPIECES:0.5029805645996867
C_MATERIAL:0.5118022271946627
C_MOVECOUNT:0.5050914388656681
