ELO:974
CE_PASSEDPAWNS:0.4731291819161846
CE_PAWNWEAKNESSES:0.48635555539848424
CE_PIECEACTIVITY:0.49002434404965756
CE_KINGPAWNSHIELD:0.5339403919915677
CE_PIECECOORDINATION:0.45131744132918705
CE_MATERIAL:0.47080834917749853
CE_KINGSAFETY:0.4632025438930606
C_PIECESQUARETABLES:0.4779424144234909
C_MOBILITY:0.5623329878390256
C_KINGSAFETY:0.43384887676748735
C_PAWNSTRUCTURE:0.4566900210417032
C_PIECECOORDINATION:0.4561230951518212
C_ROOKANDPAWNMOVEMENT:0.4561230951518212
C_CENTERCONTROL:0.4474224369014594
C_DEVELOPPIECES:0.5515840018448624
C_MATERIAL:0.4731385688777679
