ELO:896
CE_PASSEDPAWNS:0.5271071311083334
CE_PAWNWEAKNESSES:0.4898153454081338
CE_PIECEACTIVITY:0.48111678938421143
CE_KINGPAWNSHIELD:0.4975482022053708
CE_PIECECOORDINATION:0.5126763884502732
CE_MATERIAL:0.44373522954455774
CE_KINGSAFETY:0.5181886632126521
C_PIECESQUARETABLES:0.5054733785016811
C_MOBILITY:0.4795877100422521
C_KINGSAFETY:0.49362638633237993
C_PAWNSTRUCTURE:0.48625977665939635
C_PIECECOORDINATION:0.49620726882609206
C_ROOKANDPAWNMOVEMENT:0.49620726882609206
C_CENTERCONTROL:0.4916546538697825
C_DEVELOPPIECES:0.5581043426534508
C_MATERIAL:0.4991942125429798
C_MOVECOUNT:0.5
