ELO:1019
CE_PASSEDPAWNS:0.48823564091680344
CE_PAWNWEAKNESSES:0.48898028772105495
CE_PIECEACTIVITY:0.4976124668944403
CE_KINGPAWNSHIELD:0.5
CE_PIECECOORDINATION:0.513479966432652
CE_MATERIAL:0.4935666381887884
CE_KINGSAFETY:0.5
C_PIECESQUARETABLES:0.5
C_MOBILITY:0.5
C_KINGSAFETY:0.5064492246927034
C_PAWNSTRUCTURE:0.4913832803040714
C_PIECECOORDINATION:0.5
C_ROOKANDPAWNMOVEMENT:0.5
C_CENTERCONTROL:0.5
C_DEVELOPPIECES:0.5
C_MATERIAL:0.48795013660828
C_MOVECOUNT:0.5
