ELO:1000
CE_PASSEDPAWNS:0.48951023124813714
CE_PAWNWEAKNESSES:0.4858381614054259
CE_PIECEACTIVITY:0.4773087247144423
CE_KINGPAWNSHIELD:0.5501564245632022
CE_PIECECOORDINATION:0.46501804396684154
CE_MATERIAL:0.511021829386575
CE_KINGSAFETY:0.5163785946393539
C_PIECESQUARETABLES:0.5211026741702818
C_MOBILITY:0.5055488883561403
C_KINGSAFETY:0.4278130437006462
C_PAWNSTRUCTURE:0.49231045005817725
C_PIECECOORDINATION:0.49824571365013665
C_ROOKANDPAWNMOVEMENT:0.49824571365013665
C_CENTERCONTROL:0.48952005261381454
C_DEVELOPPIECES:0.564624072520927
C_MATERIAL:0.49506727954601976
