ELO:999
CE_PASSEDPAWNS:0.49561695131348094
CE_PAWNWEAKNESSES:0.4409969587109627
CE_PIECEACTIVITY:0.5152318730532227
CE_KINGPAWNSHIELD:0.5317276011945442
CE_PIECECOORDINATION:0.5431227945632671
CE_MATERIAL:0.4720828204540752
CE_KINGSAFETY:0.5197201399850724
C_PIECESQUARETABLES:0.4973865111801669
C_MOBILITY:0.5305476775310246
C_KINGSAFETY:0.5173433811241795
C_PAWNSTRUCTURE:0.5469175015333305
C_PIECECOORDINATION:0.4460487737702452
C_ROOKANDPAWNMOVEMENT:0.4460487737702452
C_CENTERCONTROL:0.5365779065080438
C_DEVELOPPIECES:0.4799387040522319
C_MATERIAL:0.5216954418710746
