ELO:995
CE_PASSEDPAWNS:0.514449590841202
CE_PAWNWEAKNESSES:0.47915004142621426
CE_PIECEACTIVITY:0.49922050532345097
CE_KINGPAWNSHIELD:0.47894281036510766
CE_PIECECOORDINATION:0.5022436276880589
CE_MATERIAL:0.49866028420601993
CE_KINGSAFETY:0.4899073577734928
C_PIECESQUARETABLES:0.5045113414869619
C_MOBILITY:0.5059552859575382
C_KINGSAFETY:0.5023328439730413
C_PAWNSTRUCTURE:0.49514094157090965
C_PIECECOORDINATION:0.5046635662671793
C_ROOK:0.5202823085712919
CE_ROOK:0.5062005974568958
C_CENTERCONTROL:0.46667378317125685
C_DEVELOPPIECES:0.5049237337891215
C_MATERIAL:0.5283172223317597
C_MOVECOUNT:0.48896672742087655
C_PAWNMOVEMENT:0.5041503471880193
