ELO:963
CE_PASSEDPAWNS:0.46765116342720253
CE_PAWNWEAKNESSES:0.4129690272729773
CE_PIECEACTIVITY:0.45575015345284825
CE_KINGPAWNSHIELD:0.47191208927706535
CE_PIECECOORDINATION:0.4266701478202755
CE_MATERIAL:0.49663328840818655
CE_KINGSAFETY:0.46447223984892966
C_PIECESQUARETABLES:0.49928872843588396
C_MOBILITY:0.5380371117459253
C_KINGSAFETY:0.42470547706376033
C_PAWNSTRUCTURE:0.4888058547589792
C_PIECECOORDINATION:0.4639563809607047
C_ROOKANDPAWNMOVEMENT:0.4639563809607047
C_CENTERCONTROL:0.41785074878531164
C_DEVELOPPIECES:0.5654257317093577
C_MATERIAL:0.5609109289648248
