ELO:1000
CE_PASSEDPAWNS:0.4890789252249819
CE_PAWNWEAKNESSES:0.48914330459854616
CE_PIECEACTIVITY:0.5166586893425813
CE_KINGPAWNSHIELD:0.506664326159655
CE_PIECECOORDINATION:0.5008922158529587
CE_MATERIAL:0.5014196320506887
CE_KINGSAFETY:0.4978775150468302
C_PIECESQUARETABLES:0.5115220632428337
C_MOBILITY:0.5159859276542739
C_KINGSAFETY:0.5315745108111164
C_PAWNSTRUCTURE:0.48399972674155395
C_PIECECOORDINATION:0.5358365714747207
C_ROOKANDPAWNMOVEMENT:0.5358365714747207
C_CENTERCONTROL:0.5044190186500317
C_DEVELOPPIECES:0.5042614819538934
C_MATERIAL:0.4978762379239081
