ELO:1000
CE_PASSEDPAWNS:0.5158847761779307
CE_PAWNWEAKNESSES:0.5060733587120491
CE_PIECEACTIVITY:0.5021004230540838
CE_KINGPAWNSHIELD:0.5
CE_PIECECOORDINATION:0.4991958035287332
CE_MATERIAL:0.49841927804173075
CE_KINGSAFETY:0.5
C_PIECESQUARETABLES:0.4949520397000647
C_MOBILITY:0.5
C_KINGSAFETY:0.5093919022901517
C_PAWNSTRUCTURE:0.4935419733186849
C_PIECECOORDINATION:0.49876263184520486
C_ROOK:0.5
CE_ROOK:0.490729597335648
C_CENTERCONTROL:0.47602996003598624
C_DEVELOPPIECES:0.49638276217490895
C_MATERIAL:0.5080783121288482
C_MOVECOUNT:0.49525395566435626
C_PAWNMOVEMENT:0.5
