ELO:1024
CE_PASSEDPAWNS:0.5
CE_PAWNWEAKNESSES:0.5010286916011922
CE_PIECEACTIVITY:0.5080142235641132
CE_KINGPAWNSHIELD:0.5
CE_PIECECOORDINATION:0.5124446063849504
CE_MATERIAL:0.47777772270865543
CE_KINGSAFETY:0.514889160650838
C_PIECESQUARETABLES:0.5
C_MOBILITY:0.4988297089837916
C_KINGSAFETY:0.5641394126616658
C_PAWNSTRUCTURE:0.5
C_PIECECOORDINATION:0.4956004366189055
C_ROOKANDPAWNMOVEMENT:0.4956004366189055
C_CENTERCONTROL:0.48737583481922847
C_DEVELOPPIECES:0.5196881175414929
C_MATERIAL:0.5330502147255831
C_MOVECOUNT:0.5
