ELO:1000
CE_PASSEDPAWNS:0.516057012466756
CE_PAWNWEAKNESSES:0.46267053667368496
CE_PIECEACTIVITY:0.48371514993483966
CE_KINGPAWNSHIELD:0.5314543106262267
CE_PIECECOORDINATION:0.5432975799056229
CE_MATERIAL:0.44743035014569915
CE_KINGSAFETY:0.5134504002105907
C_PIECESQUARETABLES:0.4968311601263524
C_MOBILITY:0.5054221884423467
C_KINGSAFETY:0.49856031516235183
C_PAWNSTRUCTURE:0.5137343561206577
C_PIECECOORDINATION:0.5803633672366516
C_ROOKANDPAWNMOVEMENT:0.5803633672366516
C_CENTERCONTROL:0.5386227101432853
C_DEVELOPPIECES:0.5669416282838845
C_MATERIAL:0.4465007018144766
