ELO:979
CE_PASSEDPAWNS:0.45988004516546754
CE_PAWNWEAKNESSES:0.475843219734477
CE_PIECEACTIVITY:0.5543215688445811
CE_KINGPAWNSHIELD:0.5000406354030301
CE_PIECECOORDINATION:0.5193972836633461
CE_MATERIAL:0.5054434801990932
CE_KINGSAFETY:0.469501122268968
C_PIECESQUARETABLES:0.5
C_MOBILITY:0.4788448761946724
C_KINGSAFETY:0.5
C_PAWNSTRUCTURE:0.5
C_PIECECOORDINATION:0.5
C_ROOKANDPAWNMOVEMENT:0.5
C_CENTERCONTROL:0.4944377467212079
C_DEVELOPPIECES:0.5196881175414929
C_MATERIAL:0.48961976207647895
C_MOVECOUNT:0.5
