ELO:973
CE_PASSEDPAWNS:0.4744780000264229
CE_PAWNWEAKNESSES:0.4602811507276563
CE_PIECEACTIVITY:0.4889442882874997
CE_KINGPAWNSHIELD:0.5300092984507833
CE_PIECECOORDINATION:0.46953395715639507
CE_MATERIAL:0.472620376737297
CE_KINGSAFETY:0.4425973323864248
C_PIECESQUARETABLES:0.4669151210117265
C_MOBILITY:0.5330899535110826
C_KINGSAFETY:0.41925211778698873
C_PAWNSTRUCTURE:0.46511001570134025
C_PIECECOORDINATION:0.46062776726223453
C_ROOKANDPAWNMOVEMENT:0.46062776726223453
C_CENTERCONTROL:0.4627290150742211
C_DEVELOPPIECES:0.5568883828226844
C_MATERIAL:0.5638525080731331
