ELO:906
CE_PASSEDPAWNS:0.5113950085341632
CE_PAWNWEAKNESSES:0.48442655423249165
CE_PIECEACTIVITY:0.47358672408966895
CE_KINGPAWNSHIELD:0.4973897689115332
CE_PIECECOORDINATION:0.524385489621777
CE_MATERIAL:0.44244363796622926
CE_KINGSAFETY:0.5343090246469928
C_PIECESQUARETABLES:0.5105335908021742
C_MOBILITY:0.47604446599128947
C_KINGSAFETY:0.4874310512154009
C_PAWNSTRUCTURE:0.4853633163688948
C_PIECECOORDINATION:0.5183717890617987
C_ROOKANDPAWNMOVEMENT:0.5183717890617987
C_CENTERCONTROL:0.46672212163101734
C_DEVELOPPIECES:0.5599477224015873
C_MATERIAL:0.518393097956899
C_MOVECOUNT:0.5
