ELO:1115
CE_PASSEDPAWNS:0.442778421640529
CE_PAWNWEAKNESSES:0.5049538678398092
CE_PIECEACTIVITY:0.47355699086403114
CE_KINGPAWNSHIELD:0.4774259118591802
CE_PIECECOORDINATION:0.5039714892344527
CE_MATERIAL:0.3848976780995765
CE_KINGSAFETY:0.5029445932115493
C_PIECESQUARETABLES:0.5
C_MOBILITY:0.4184182077291416
C_KINGSAFETY:0.6009543595079152
C_PAWNSTRUCTURE:0.44932029919331046
C_PIECECOORDINATION:0.36062421724656424
C_ROOKANDPAWNMOVEMENT:0.36062421724656424
C_CENTERCONTROL:0.5280543029610538
C_DEVELOPPIECES:0.5571304393670962
C_MATERIAL:0.4073474203952967
