ELO:962
CE_PASSEDPAWNS:0.5049825644562309
CE_PAWNWEAKNESSES:0.6083165044844636
CE_PIECEACTIVITY:0.5857520940043321
CE_KINGPAWNSHIELD:0.5075282184552684
CE_PIECECOORDINATION:0.4406602692391689
CE_MATERIAL:0.4742074335857608
CE_KINGSAFETY:0.4858108136082148
C_PIECESQUARETABLES:0.5202024717299314
C_MOBILITY:0.4245215729940343
C_KINGSAFETY:0.48106642306309616
C_PAWNSTRUCTURE:0.5461181815452304
C_PIECECOORDINATION:0.5617335345106146
C_ROOKANDPAWNMOVEMENT:0.5617335345106146
C_CENTERCONTROL:0.5321723070843385
C_DEVELOPPIECES:0.4414326875273936
C_MATERIAL:0.5342350244151085
