ELO:942
CE_PASSEDPAWNS:0.49404601937720855
CE_PAWNWEAKNESSES:0.4856020853189968
CE_PIECEACTIVITY:0.49377029987087395
CE_KINGPAWNSHIELD:0.4522378793913125
CE_PIECECOORDINATION:0.4986759296090024
CE_MATERIAL:0.5051346854876766
CE_KINGSAFETY:0.49734891736719805
C_PIECESQUARETABLES:0.4982388289936914
C_MOBILITY:0.4957419678630185
C_KINGSAFETY:0.4674546583702992
C_PAWNSTRUCTURE:0.5329963004479893
C_PIECECOORDINATION:0.5087071717355829
C_ROOKANDPAWNMOVEMENT:0.5087071717355829
C_CENTERCONTROL:0.5173203526317691
C_DEVELOPPIECES:0.49709042745654475
C_MATERIAL:0.5253076544219146
C_MOVECOUNT:0.5
