ELO:996
CE_PASSEDPAWNS:0.514449590841202
CE_PAWNWEAKNESSES:0.47915004142621426
CE_PIECEACTIVITY:0.49922050532345097
CE_KINGPAWNSHIELD:0.4856568836443669
CE_PIECECOORDINATION:0.5022436276880589
CE_MATERIAL:0.5092696752451346
CE_KINGSAFETY:0.48942990216350796
C_PIECESQUARETABLES:0.5045113414869619
C_MOBILITY:0.5059552859575382
C_KINGSAFETY:0.5023328439730413
C_PAWNSTRUCTURE:0.49514094157090965
C_PIECECOORDINATION:0.5138854396297109
C_ROOK:0.5114197143853572
CE_ROOK:0.5062005974568958
C_CENTERCONTROL:0.46667378317125685
C_DEVELOPPIECES:0.5049237337891215
C_MATERIAL:0.5234944410634261
C_MOVECOUNT:0.5002832281349845
C_PAWNMOVEMENT:0.5041503471880193
