ELO:964
CE_PASSEDPAWNS:0.5083609831325402
CE_PAWNWEAKNESSES:0.49946378324747653
CE_PIECEACTIVITY:0.4743048833521765
CE_KINGPAWNSHIELD:0.44731962251588964
CE_PIECECOORDINATION:0.49737661417081774
CE_MATERIAL:0.5057170126231336
CE_KINGSAFETY:0.48093123799917215
C_PIECESQUARETABLES:0.5064335048338425
C_MOBILITY:0.4929197512401459
C_KINGSAFETY:0.47803249290127986
C_PAWNSTRUCTURE:0.5221543894551163
C_PIECECOORDINATION:0.4821368706733985
C_ROOKANDPAWNMOVEMENT:0.4821368706733985
C_CENTERCONTROL:0.5171456909854881
C_DEVELOPPIECES:0.5017821226938517
C_MATERIAL:0.48209721435267255
C_MOVECOUNT:0.5
