ELO:1031
CE_PASSEDPAWNS:0.512797082578982
CE_PAWNWEAKNESSES:0.5
CE_PIECEACTIVITY:0.5024961198036405
CE_KINGPAWNSHIELD:0.5
CE_PIECECOORDINATION:0.5
CE_MATERIAL:0.5
CE_KINGSAFETY:0.49652918789698186
C_PIECESQUARETABLES:0.4981683989443657
C_MOBILITY:0.49649657568176614
C_KINGSAFETY:0.5141197114140961
C_PAWNSTRUCTURE:0.4891768417163274
C_PIECECOORDINATION:0.5003612352859204
C_ROOK:0.512171981850495
CE_ROOK:0.5
C_CENTERCONTROL:0.5
C_DEVELOPPIECES:0.4987402018566608
C_MATERIAL:0.49041110795858667
C_MOVECOUNT:0.5
C_PAWNMOVEMENT:0.5002759959370472
