ELO:995
CE_PASSEDPAWNS:0.49671467844844996
CE_PAWNWEAKNESSES:0.4941104741030607
CE_PIECEACTIVITY:0.49396107226709207
CE_KINGPAWNSHIELD:0.4865779267030552
CE_PIECECOORDINATION:0.489579453975402
CE_MATERIAL:0.5008027984116347
CE_KINGSAFETY:0.506240475428721
C_PIECESQUARETABLES:0.5054840551388075
C_MOBILITY:0.5054585447749205
C_KINGSAFETY:0.5120927621468607
C_PAWNSTRUCTURE:0.5021649184127625
C_PIECECOORDINATION:0.48827700269194274
C_ROOKANDPAWNMOVEMENT:0.48827700269194274
C_CENTERCONTROL:0.497436607723349
C_DEVELOPPIECES:0.5084005973394576
C_MATERIAL:0.4951857808215413
C_MOVECOUNT:0.5068990959874113
