ELO:1000
CE_PASSEDPAWNS:0.49875652878538745
CE_PAWNWEAKNESSES:0.48330746006539943
CE_PIECEACTIVITY:0.47367150218735277
CE_KINGPAWNSHIELD:0.5543818435857917
CE_PIECECOORDINATION:0.43887118254720325
CE_MATERIAL:0.48705964184955075
CE_KINGSAFETY:0.5083336495567898
C_PIECESQUARETABLES:0.5142234785812856
C_MOBILITY:0.5187383051794052
C_KINGSAFETY:0.42586728541675883
C_PAWNSTRUCTURE:0.46354033812076445
C_PIECECOORDINATION:0.5076596490856359
C_ROOKANDPAWNMOVEMENT:0.5076596490856359
C_CENTERCONTROL:0.48242694328085417
C_DEVELOPPIECES:0.5510910779316667
C_MATERIAL:0.4984120802390277
