ELO:964
CE_PASSEDPAWNS:0.44042794046770206
CE_PAWNWEAKNESSES:0.39662701499956854
CE_PIECEACTIVITY:0.4586901397487481
CE_KINGPAWNSHIELD:0.519387086922753
CE_PIECECOORDINATION:0.47948075798804923
CE_MATERIAL:0.48839545891092256
CE_KINGSAFETY:0.5236973071509288
C_PIECESQUARETABLES:0.48083796303416876
C_MOBILITY:0.5181138710861277
C_KINGSAFETY:0.4366832381047125
C_PAWNSTRUCTURE:0.44630503560272355
C_PIECECOORDINATION:0.47687873250148205
C_ROOKANDPAWNMOVEMENT:0.47687873250148205
C_CENTERCONTROL:0.4118289644773215
C_DEVELOPPIECES:0.6282915836362171
C_MATERIAL:0.5824050572761396
