ELO:970
CE_PASSEDPAWNS:0.49220651469809074
CE_PAWNWEAKNESSES:0.6056342235349231
CE_PIECEACTIVITY:0.5812898933141875
CE_KINGPAWNSHIELD:0.5257343381746783
CE_PIECECOORDINATION:0.47183666015159936
CE_MATERIAL:0.48665990133030407
CE_KINGSAFETY:0.5049368499066129
C_PIECESQUARETABLES:0.5361900007829686
C_MOBILITY:0.4114907947272473
C_KINGSAFETY:0.47859808166750784
C_PAWNSTRUCTURE:0.5247542088579796
C_PIECECOORDINATION:0.5429652052237968
C_ROOKANDPAWNMOVEMENT:0.5429652052237968
C_CENTERCONTROL:0.5211352192343873
C_DEVELOPPIECES:0.41899955986108256
C_MATERIAL:0.5248980586719706
