ELO:984
CE_PASSEDPAWNS:0.4623918683102647
CE_PAWNWEAKNESSES:0.4991402321344125
CE_PIECEACTIVITY:0.5012210520023992
CE_KINGPAWNSHIELD:0.48848041980480134
CE_PIECECOORDINATION:0.482227224993128
CE_MATERIAL:0.475519202047246
CE_KINGSAFETY:0.5
C_PIECESQUARETABLES:0.5
C_MOBILITY:0.4912835967821936
C_KINGSAFETY:0.490098534957583
C_PAWNSTRUCTURE:0.502385628220245
C_PIECECOORDINATION:0.5394880010382141
C_ROOK:0.4820950856647504
CE_ROOK:0.5436412463032948
C_CENTERCONTROL:0.46592307703464025
C_DEVELOPPIECES:0.48020853997039276
C_MATERIAL:0.49564015811281975
C_MOVECOUNT:0.536409528219977
C_PAWNMOVEMENT:0.5341166983582565
