ELO:979
CE_PASSEDPAWNS:0.49829069993266295
CE_PAWNWEAKNESSES:0.5211119810656536
CE_PIECEACTIVITY:0.48628389664043165
CE_KINGPAWNSHIELD:0.5065110019431713
CE_PIECECOORDINATION:0.48767665150248024
CE_MATERIAL:0.5
CE_KINGSAFETY:0.4895548207357236
C_PIECESQUARETABLES:0.48943089121116345
C_MOBILITY:0.522272270640761
C_KINGSAFETY:0.5005516165489818
C_PAWNSTRUCTURE:0.5004890379323688
C_PIECECOORDINATION:0.49497115172223427
C_ROOKANDPAWNMOVEMENT:0.49497115172223427
C_CENTERCONTROL:0.5061903370423185
C_DEVELOPPIECES:0.5064202536224519
C_MATERIAL:0.4629295329866116
