ELO:1000
CE_PASSEDPAWNS:0.4908248007945731
CE_PAWNWEAKNESSES:0.4342700674561293
CE_PIECEACTIVITY:0.5402638676025064
CE_KINGPAWNSHIELD:0.5342900252340123
CE_PIECECOORDINATION:0.5611502924940956
CE_MATERIAL:0.469042643601962
CE_KINGSAFETY:0.5281722943511474
C_PIECESQUARETABLES:0.47906544395562134
C_MOBILITY:0.5105343125298965
C_KINGSAFETY:0.5107851159011181
C_PAWNSTRUCTURE:0.5357469041761463
C_PIECECOORDINATION:0.45793446508937596
C_ROOKANDPAWNMOVEMENT:0.45793446508937596
C_CENTERCONTROL:0.5335188228579856
C_DEVELOPPIECES:0.4659766353125699
C_MATERIAL:0.5147055070541418
