ELO:988
CE_PASSEDPAWNS:0.5010005396274663
CE_PAWNWEAKNESSES:0.5118026170974865
CE_PIECEACTIVITY:0.5029137128813425
CE_KINGPAWNSHIELD:0.4921556279907849
CE_PIECECOORDINATION:0.5
CE_MATERIAL:0.5014832343818709
CE_KINGSAFETY:0.5
C_PIECESQUARETABLES:0.5
C_MOBILITY:0.49921311182764394
C_KINGSAFETY:0.4818181639838893
C_PAWNSTRUCTURE:0.492651924666642
C_PIECECOORDINATION:0.5028764685389334
C_ROOKANDPAWNMOVEMENT:0.5028764685389334
C_CENTERCONTROL:0.4971792429306682
C_DEVELOPPIECES:0.4960336060183891
C_MATERIAL:0.49233470366521237
C_MOVECOUNT:0.5112522897390693
