ELO:925
CE_PASSEDPAWNS:0.5044886325800105
CE_PAWNWEAKNESSES:0.5018193930202139
CE_PIECEACTIVITY:0.5025412596310483
CE_KINGPAWNSHIELD:0.5065202173945853
CE_PIECECOORDINATION:0.510271869799669
CE_MATERIAL:0.4881404123805039
CE_KINGSAFETY:0.49345279558807487
C_PIECESQUARETABLES:0.46837822636864135
C_MOBILITY:0.43653580672721776
C_KINGSAFETY:0.49932449351386626
C_PAWNSTRUCTURE:0.4951552552469798
C_PIECECOORDINATION:0.48790005284525834
C_ROOKANDPAWNMOVEMENT:0.48790005284525834
C_CENTERCONTROL:0.48773647409615106
C_DEVELOPPIECES:0.49543532300466925
C_MATERIAL:0.49964894827971357
C_MOVECOUNT:0.513464674214145
