ELO:973
CE_PASSEDPAWNS:0.49556046335730597
CE_PAWNWEAKNESSES:0.5079926918697549
CE_PIECEACTIVITY:0.5125616310573191
CE_KINGPAWNSHIELD:0.49862502519043383
CE_PIECECOORDINATION:0.4998711019280346
CE_MATERIAL:0.49189354555458303
CE_KINGSAFETY:0.494810290591811
C_PIECESQUARETABLES:0.4795289282235496
C_MOBILITY:0.5049467800890025
C_KINGSAFETY:0.5
C_PAWNSTRUCTURE:0.5024326504169877
C_PIECECOORDINATION:0.49497115172223427
C_ROOKANDPAWNMOVEMENT:0.49497115172223427
C_CENTERCONTROL:0.5140119760280095
C_DEVELOPPIECES:0.5
C_MATERIAL:0.4973440760092719
