ELO:955
CE_PASSEDPAWNS:0.4331325316636912
CE_PAWNWEAKNESSES:0.3945201381557743
CE_PIECEACTIVITY:0.466360571925231
CE_KINGPAWNSHIELD:0.523855441374927
CE_PIECECOORDINATION:0.46956621472376736
CE_MATERIAL:0.4919385091716402
CE_KINGSAFETY:0.5130593815535923
C_PIECESQUARETABLES:0.4953522723551398
C_MOBILITY:0.5272918273956242
C_KINGSAFETY:0.4434846424033165
C_PAWNSTRUCTURE:0.4426340523038683
C_PIECECOORDINATION:0.4653493370928796
C_ROOKANDPAWNMOVEMENT:0.4653493370928796
C_CENTERCONTROL:0.42919525189944036
C_DEVELOPPIECES:0.6064395068570132
C_MATERIAL:0.5565398954336098
