ELO:955
CE_PASSEDPAWNS:0.4453896553698885
CE_PAWNWEAKNESSES:0.3945201381557743
CE_PIECEACTIVITY:0.466360571925231
CE_KINGPAWNSHIELD:0.519387086922753
CE_PIECECOORDINATION:0.4795888267090046
CE_MATERIAL:0.48585500256245573
CE_KINGSAFETY:0.5130593815535923
C_PIECESQUARETABLES:0.4953522723551398
C_MOBILITY:0.5161530561086571
C_KINGSAFETY:0.43277633205911087
C_PAWNSTRUCTURE:0.4339263411581456
C_PIECECOORDINATION:0.4653493370928796
C_ROOKANDPAWNMOVEMENT:0.4653493370928796
C_CENTERCONTROL:0.4309095635475446
C_DEVELOPPIECES:0.6185474525015342
C_MATERIAL:0.5565398954336098
