ELO:969
CE_PASSEDPAWNS:0.5109505258615223
CE_PAWNWEAKNESSES:0.4926881774019807
CE_PIECEACTIVITY:0.546352054404496
CE_KINGPAWNSHIELD:0.5102192489052156
CE_PIECECOORDINATION:0.4957848786839329
CE_MATERIAL:0.48199047053692606
CE_KINGSAFETY:0.48018987639775856
C_PIECESQUARETABLES:0.5063891669087066
C_MOBILITY:0.5166931076172404
C_KINGSAFETY:0.5014059794315405
C_PAWNSTRUCTURE:0.5073533068256549
C_PIECECOORDINATION:0.49256421085988955
C_ROOKANDPAWNMOVEMENT:0.49256421085988955
C_CENTERCONTROL:0.4852521940869049
C_DEVELOPPIECES:0.5193721588310981
C_MATERIAL:0.5096691436803025
C_MOVECOUNT:0.4935201123482255
