ELO:1022
CE_PASSEDPAWNS:0.5
CE_PAWNWEAKNESSES:0.5080169082296273
CE_PIECEACTIVITY:0.4976124668944403
CE_KINGPAWNSHIELD:0.5047800222403179
CE_PIECECOORDINATION:0.5
CE_MATERIAL:0.5
CE_KINGSAFETY:0.504266779159026
C_PIECESQUARETABLES:0.5
C_MOBILITY:0.5
C_KINGSAFETY:0.5
C_PAWNSTRUCTURE:0.4913832803040714
C_PIECECOORDINATION:0.49363444779407756
C_ROOKANDPAWNMOVEMENT:0.49363444779407756
C_CENTERCONTROL:0.49877025168862327
C_DEVELOPPIECES:0.5063925784826925
C_MATERIAL:0.501874156259135
C_MOVECOUNT:0.49111054035471163
