ELO:1102
CE_PASSEDPAWNS:0.48333324095111724
CE_PAWNWEAKNESSES:0.5942385255537602
CE_PIECEACTIVITY:0.4863013883908988
CE_KINGPAWNSHIELD:0.4179797591636864
CE_PIECECOORDINATION:0.46068969646911834
CE_MATERIAL:0.40240248169390935
CE_KINGSAFETY:0.5
C_PIECESQUARETABLES:0.5
C_MOBILITY:0.4377882039567747
C_KINGSAFETY:0.6009543595079152
C_PAWNSTRUCTURE:0.4274596542791758
C_PIECECOORDINATION:0.46882509060644967
C_ROOKANDPAWNMOVEMENT:0.46882509060644967
C_CENTERCONTROL:0.48521826264326195
C_DEVELOPPIECES:0.5034004472324135
C_MATERIAL:0.41776728108267164
