ELO:776
CE_PASSEDPAWNS:0.4091604958455317
CE_PAWNWEAKNESSES:0.5208004305813471
CE_PIECEACTIVITY:0.44990378753460114
CE_KINGPAWNSHIELD:0.41401252992302134
CE_PIECECOORDINATION:0.5429415464280705
CE_MATERIAL:0.5557314040878094
CE_KINGSAFETY:0.43563056944945555
C_PIECESQUARETABLES:0.4460418956715675
C_MOBILITY:0.44267241139970964
C_KINGSAFETY:0.4993156269062871
C_PAWNSTRUCTURE:0.609052715945666
C_PIECECOORDINATION:0.45456691465618065
C_ROOKANDPAWNMOVEMENT:0.45456691465618065
C_CENTERCONTROL:0.5377379252051586
C_DEVELOPPIECES:0.4554171428592994
C_MATERIAL:0.5192055809163065
C_MOVECOUNT:0.5
