ELO:1000
CE_PASSEDPAWNS:0.4996215243168926
CE_PAWNWEAKNESSES:0.4939267474809908
CE_PIECEACTIVITY:0.4884005988213154
CE_KINGPAWNSHIELD:0.5059955337833888
CE_PIECECOORDINATION:0.49268548884536495
CE_MATERIAL:0.5
CE_KINGSAFETY:0.4961550089382504
C_PIECESQUARETABLES:0.5115220632428337
C_MOBILITY:0.4930181109828697
C_KINGSAFETY:0.5
C_PAWNSTRUCTURE:0.47617637524591166
C_PIECECOORDINATION:0.5178394801522943
C_ROOKANDPAWNMOVEMENT:0.5178394801522943
C_CENTERCONTROL:0.5111269324872205
C_DEVELOPPIECES:0.49163317734422296
C_MATERIAL:0.5095675317564134
