ELO:1000
CE_PASSEDPAWNS:0.5362962417342161
CE_PAWNWEAKNESSES:0.4503501182640605
CE_PIECEACTIVITY:0.49776885240657953
CE_KINGPAWNSHIELD:0.5308172986109839
CE_PIECECOORDINATION:0.5282530552158149
CE_MATERIAL:0.4825145692230145
CE_KINGSAFETY:0.4923686516813855
C_PIECESQUARETABLES:0.5093216961678124
C_MOBILITY:0.5398333070972225
C_KINGSAFETY:0.4922698329160805
C_PAWNSTRUCTURE:0.5065197861573139
C_PIECECOORDINATION:0.5512983879968691
C_ROOKANDPAWNMOVEMENT:0.5512983879968691
C_CENTERCONTROL:0.5157170933381271
C_DEVELOPPIECES:0.5384718116389396
C_MATERIAL:0.45779813637092964
