ELO:944
CE_PASSEDPAWNS:0.46569987599609086
CE_PAWNWEAKNESSES:0.4206589932860463
CE_PIECEACTIVITY:0.4558485399597896
CE_KINGPAWNSHIELD:0.4960546615303175
CE_PIECECOORDINATION:0.47455041776760076
CE_MATERIAL:0.5245055510088342
CE_KINGSAFETY:0.4748297960629545
C_PIECESQUARETABLES:0.5094996889101445
C_MOBILITY:0.5384061991831245
C_KINGSAFETY:0.43349778161849506
C_PAWNSTRUCTURE:0.4564800009154576
C_PIECECOORDINATION:0.45387725004443125
C_ROOKANDPAWNMOVEMENT:0.45387725004443125
C_CENTERCONTROL:0.4357166843471693
C_DEVELOPPIECES:0.5897082778409982
C_MATERIAL:0.5609109289648248
