ELO:744
CE_PASSEDPAWNS:0.40843065591025335
CE_PAWNWEAKNESSES:0.4739978472852866
CE_PIECEACTIVITY:0.4878130979718789
CE_KINGPAWNSHIELD:0.4740974649658201
CE_PIECECOORDINATION:0.5483788025347701
CE_MATERIAL:0.5423533573382437
CE_KINGSAFETY:0.4931965113141052
C_PIECESQUARETABLES:0.5
C_MOBILITY:0.49094840276872637
C_KINGSAFETY:0.48545138449970376
C_PAWNSTRUCTURE:0.5856524814774207
C_PIECECOORDINATION:0.48332816687927604
C_ROOKANDPAWNMOVEMENT:0.48332816687927604
C_CENTERCONTROL:0.49713013967983777
C_DEVELOPPIECES:0.462400186828124
C_MATERIAL:0.490658031976221
C_MOVECOUNT:0.5
