ELO:1000
CE_PASSEDPAWNS:0.4994904449610834
CE_PAWNWEAKNESSES:0.5
CE_PIECEACTIVITY:0.5
CE_KINGPAWNSHIELD:0.5
CE_PIECECOORDINATION:0.49657674174959826
CE_MATERIAL:0.5
CE_KINGSAFETY:0.5
C_PIECESQUARETABLES:0.5088338868525194
C_MOBILITY:0.5097612777761834
C_KINGSAFETY:0.507719687211264
C_PAWNSTRUCTURE:0.4910579325541194
C_PIECECOORDINATION:0.511472807538676
C_ROOKANDPAWNMOVEMENT:0.511472807538676
C_CENTERCONTROL:0.5
C_DEVELOPPIECES:0.5
C_MATERIAL:0.5
C_MOVECOUNT:0.5
