ELO:972
CE_PASSEDPAWNS:0.5514976115435054
CE_PAWNWEAKNESSES:0.34223736165506347
CE_PIECEACTIVITY:0.4595682633722793
CE_KINGPAWNSHIELD:0.5230069130299144
CE_PIECECOORDINATION:0.39465689204288695
CE_MATERIAL:0.45307274299934625
CE_KINGSAFETY:0.4651637286926741
C_PIECESQUARETABLES:0.5101281212078431
C_MOBILITY:0.5916445574815906
C_KINGSAFETY:0.6040409684058549
C_PAWNSTRUCTURE:0.48156000832816515
C_PIECECOORDINATION:0.44490335709363854
C_ROOKANDPAWNMOVEMENT:0.44490335709363854
C_CENTERCONTROL:0.506092506948959
C_DEVELOPPIECES:0.49311409157743497
C_MATERIAL:0.42739298090851474
