ELO:963
CE_PASSEDPAWNS:0.47976173816372103
CE_PAWNWEAKNESSES:0.4148713733574136
CE_PIECEACTIVITY:0.43904247398870433
CE_KINGPAWNSHIELD:0.4685794586559741
CE_PIECECOORDINATION:0.4105999978664332
CE_MATERIAL:0.5012801732885689
CE_KINGSAFETY:0.5
C_PIECESQUARETABLES:0.500411838047802
C_MOBILITY:0.535210988721015
C_KINGSAFETY:0.4167138089741955
C_PAWNSTRUCTURE:0.4973268723307322
C_PIECECOORDINATION:0.4799048544672503
C_ROOKANDPAWNMOVEMENT:0.4799048544672503
C_CENTERCONTROL:0.4337042062267174
C_DEVELOPPIECES:0.5767869778776625
C_MATERIAL:0.5567736195341277
