ELO:1089
CE_PASSEDPAWNS:0.6521478177748762
CE_PAWNWEAKNESSES:0.4415621357204899
CE_PIECEACTIVITY:0.4757963962893811
CE_KINGPAWNSHIELD:0.5109727651568055
CE_PIECECOORDINATION:0.5707969823983154
CE_MATERIAL:0.46010586954880783
CE_KINGSAFETY:0.5002629059352862
C_PIECESQUARETABLES:0.5
C_MOBILITY:0.5335361914694342
C_KINGSAFETY:0.581591002048137
C_PAWNSTRUCTURE:0.41040599071577993
C_PIECECOORDINATION:0.48583850142223456
C_ROOKANDPAWNMOVEMENT:0.48583850142223456
C_CENTERCONTROL:0.4971758326519334
C_DEVELOPPIECES:0.46160454002586254
C_MATERIAL:0.38361882243906203
