ELO:1000
CE_PASSEDPAWNS:0.5413934650125093
CE_PAWNWEAKNESSES:0.4765766974173975
CE_PIECEACTIVITY:0.5067730448726508
CE_KINGPAWNSHIELD:0.510455984252853
CE_PIECECOORDINATION:0.545790465413828
CE_MATERIAL:0.4673018738671494
CE_KINGSAFETY:0.4884378348254617
C_PIECESQUARETABLES:0.5015421612569251
C_MOBILITY:0.5272793528541181
C_KINGSAFETY:0.5105567233370758
C_PAWNSTRUCTURE:0.5082029659884141
C_PIECECOORDINATION:0.5689726869356976
C_ROOKANDPAWNMOVEMENT:0.5689726869356976
C_CENTERCONTROL:0.5223263065445254
C_DEVELOPPIECES:0.5670757063952534
C_MATERIAL:0.45735767606671524
