ELO:989
CE_PASSEDPAWNS:0.4978769327576128
CE_PAWNWEAKNESSES:0.5055023145639973
CE_PIECEACTIVITY:0.48582648666208295
CE_KINGPAWNSHIELD:0.55883012578644
CE_PIECECOORDINATION:0.492059719485798
CE_MATERIAL:0.5217057946224235
CE_KINGSAFETY:0.5100933677557777
C_PIECESQUARETABLES:0.4956814379338048
C_MOBILITY:0.45646555355368384
C_KINGSAFETY:0.49209520679746155
C_PAWNSTRUCTURE:0.4818490482298154
C_PIECECOORDINATION:0.49039408594006195
C_ROOK:0.47702162498382855
CE_ROOK:0.48853927102187045
C_CENTERCONTROL:0.48360315862118164
C_DEVELOPPIECES:0.49838409897136493
C_MATERIAL:0.4956615181654012
C_MOVECOUNT:0.5386027156812014
C_PAWNMOVEMENT:0.5042706019714248
