ELO:996
CE_PASSEDPAWNS:0.4851272829346194
CE_PAWNWEAKNESSES:0.5061451201444155
CE_PIECEACTIVITY:0.4920944797642845
CE_KINGPAWNSHIELD:0.5364126682808864
CE_PIECECOORDINATION:0.4921729745514848
CE_MATERIAL:0.5148867273268752
CE_KINGSAFETY:0.5017763298602527
C_PIECESQUARETABLES:0.4999019906481966
C_MOBILITY:0.4882414957529425
C_KINGSAFETY:0.4798951044133427
C_PAWNSTRUCTURE:0.4769658194637461
C_PIECECOORDINATION:0.5021213830457832
C_ROOK:0.4889990096067188
CE_ROOK:0.5009987544009391
C_CENTERCONTROL:0.48713614336539846
C_DEVELOPPIECES:0.50758279269409
C_MATERIAL:0.5083314301065782
C_MOVECOUNT:0.5245046016510065
C_PAWNMOVEMENT:0.5053522124562766
