ELO:1000
CE_PASSEDPAWNS:0.5058054018302296
CE_PAWNWEAKNESSES:0.5106843418870102
CE_PIECEACTIVITY:0.5005067291873136
CE_KINGPAWNSHIELD:0.4855203536209815
CE_PIECECOORDINATION:0.5070293090021155
CE_MATERIAL:0.5116404926746956
CE_KINGSAFETY:0.5071328450114353
C_PIECESQUARETABLES:0.5
C_MOBILITY:0.49122744827492126
C_KINGSAFETY:0.4852622112041979
C_PAWNSTRUCTURE:0.4848280233287108
C_PIECECOORDINATION:0.5
C_ROOK:0.5046810425115147
CE_ROOK:0.49230245158693936
C_CENTERCONTROL:0.49736841265141146
C_DEVELOPPIECES:0.5
C_MATERIAL:0.5083250300799083
C_MOVECOUNT:0.49702284303193567
C_PAWNMOVEMENT:0.5040141833140894
