ELO:981
CE_PASSEDPAWNS:0.488440142734514
CE_PAWNWEAKNESSES:0.4982133281580004
CE_PIECEACTIVITY:0.5031880633452008
CE_KINGPAWNSHIELD:0.4964473466618706
CE_PIECECOORDINATION:0.4951457862377032
CE_MATERIAL:0.49930400336644326
CE_KINGSAFETY:0.5233925004974119
C_PIECESQUARETABLES:0.49213366204411874
C_MOBILITY:0.5041187310281977
C_KINGSAFETY:0.4895880793142618
C_PAWNSTRUCTURE:0.501248375303977
C_PIECECOORDINATION:0.4679210741057601
C_ROOKANDPAWNMOVEMENT:0.4679210741057601
C_CENTERCONTROL:0.5
C_DEVELOPPIECES:0.4888681458203194
C_MATERIAL:0.5
