ELO:808
CE_PASSEDPAWNS:0.5263338194511088
CE_PAWNWEAKNESSES:0.5428601044974105
CE_PIECEACTIVITY:0.523490144039748
CE_KINGPAWNSHIELD:0.48458516307552996
CE_PIECECOORDINATION:0.4913016387288323
CE_MATERIAL:0.5264190596240134
CE_KINGSAFETY:0.531604273143797
C_PIECESQUARETABLES:0.4478249199443375
C_MOBILITY:0.46130544902383686
C_KINGSAFETY:0.5335447269487317
C_PAWNSTRUCTURE:0.4817313493350947
C_PIECECOORDINATION:0.5791865011794297
C_ROOKANDPAWNMOVEMENT:0.5791865011794297
C_CENTERCONTROL:0.5282643593505474
C_DEVELOPPIECES:0.5291846623220633
C_MATERIAL:0.4662849652619383
C_MOVECOUNT:0.5
