ELO:1009
CE_PASSEDPAWNS:0.5058054018302296
CE_PAWNWEAKNESSES:0.5061451201444155
CE_PIECEACTIVITY:0.5005067291873136
CE_KINGPAWNSHIELD:0.46870887942328004
CE_PIECECOORDINATION:0.4921729745514848
CE_MATERIAL:0.5148867273268752
CE_KINGSAFETY:0.5017763298602527
C_PIECESQUARETABLES:0.4999019906481966
C_MOBILITY:0.5146834197706134
C_KINGSAFETY:0.4798951044133427
C_PAWNSTRUCTURE:0.4769658194637461
C_PIECECOORDINATION:0.5067110716120033
C_ROOK:0.5165346973707977
CE_ROOK:0.5041049299804611
C_CENTERCONTROL:0.49024280429137235
C_DEVELOPPIECES:0.4862352861594782
C_MATERIAL:0.4983145440905801
C_MOVECOUNT:0.5012252682661432
C_PAWNMOVEMENT:0.5053522124562766
