ELO:1255
CE_PASSEDPAWNS:0.43614387835359075
CE_PAWNWEAKNESSES:0.5698219771467662
CE_PIECEACTIVITY:0.4159871763666937
CE_KINGPAWNSHIELD:0.4434919210077699
CE_PIECECOORDINATION:0.5243554826500019
CE_MATERIAL:0.4616417505080219
CE_KINGSAFETY:0.5
C_PIECESQUARETABLES:0.5
C_MOBILITY:0.37157049262550695
C_KINGSAFETY:0.37980997626220936
C_PAWNSTRUCTURE:0.6098112579911965
C_PIECECOORDINATION:0.589942921149836
C_ROOKANDPAWNMOVEMENT:0.589942921149836
C_CENTERCONTROL:0.48833387149675983
C_DEVELOPPIECES:0.429642881437066
C_MATERIAL:0.6320895787071104
