ELO:999
CE_PASSEDPAWNS:0.49971494963291113
CE_PAWNWEAKNESSES:0.5
CE_PIECEACTIVITY:0.5
CE_KINGPAWNSHIELD:0.5114498293686895
CE_PIECECOORDINATION:0.48795432545617257
CE_MATERIAL:0.5076649331048999
CE_KINGSAFETY:0.5034047773166871
C_PIECESQUARETABLES:0.49078893883682145
C_MOBILITY:0.49402375355640277
C_KINGSAFETY:0.5117299216793453
C_PAWNSTRUCTURE:0.4989143188453327
C_PIECECOORDINATION:0.5028348622839067
C_ROOKANDPAWNMOVEMENT:0.5028348622839067
C_CENTERCONTROL:0.5
C_DEVELOPPIECES:0.5
C_MATERIAL:0.4926330150296676
