ELO:884
CE_PASSEDPAWNS:0.4903814770899389
CE_PAWNWEAKNESSES:0.508966156905291
CE_PIECEACTIVITY:0.48084928901539525
CE_KINGPAWNSHIELD:0.5434994003181906
CE_PIECECOORDINATION:0.4757634569930234
CE_MATERIAL:0.5257886370322221
CE_KINGSAFETY:0.5059405193334753
C_PIECESQUARETABLES:0.49359695271098153
C_MOBILITY:0.43372902266990077
C_KINGSAFETY:0.5277770635610621
C_PAWNSTRUCTURE:0.48358220425693565
C_PIECECOORDINATION:0.48101972939960747
C_ROOK:0.48975161996504984
CE_ROOK:0.47317562703620775
C_CENTERCONTROL:0.4575779025468829
C_DEVELOPPIECES:0.5009715816537584
C_MATERIAL:0.4940405732700887
C_MOVECOUNT:0.5783398611406323
C_PAWNMOVEMENT:0.5342713011584981
