ELO:961
CE_PASSEDPAWNS:0.4934966471936929
CE_PAWNWEAKNESSES:0.5100623265580926
CE_PIECEACTIVITY:0.4702565619781457
CE_KINGPAWNSHIELD:0.5446093621623704
CE_PIECECOORDINATION:0.4892767871923274
CE_MATERIAL:0.5048883805603042
CE_KINGSAFETY:0.5212678647288957
C_PIECESQUARETABLES:0.5
C_MOBILITY:0.4352204907679522
C_KINGSAFETY:0.510465906202723
C_PAWNSTRUCTURE:0.47158402481238687
C_PIECECOORDINATION:0.47633892780640147
C_ROOK:0.47546692299156684
CE_ROOK:0.46369970716054876
C_CENTERCONTROL:0.4791733435307736
C_DEVELOPPIECES:0.4854979130850095
C_MATERIAL:0.5032162691030799
C_MOVECOUNT:0.544356715224824
C_PAWNMOVEMENT:0.5061184605369226
