ELO:988
CE_PASSEDPAWNS:0.5058054018302296
CE_PAWNWEAKNESSES:0.5106843418870102
CE_PIECEACTIVITY:0.5005067291873136
CE_KINGPAWNSHIELD:0.49655857975676615
CE_PIECECOORDINATION:0.5166310457650429
CE_MATERIAL:0.5116404926746956
CE_KINGSAFETY:0.5
C_PIECESQUARETABLES:0.5
C_MOBILITY:0.49122744827492126
C_KINGSAFETY:0.4895439357426689
C_PAWNSTRUCTURE:0.48762448321059065
C_PIECECOORDINATION:0.5
C_ROOK:0.4964450957730854
CE_ROOK:0.49230245158693936
C_CENTERCONTROL:0.49736841265141146
C_DEVELOPPIECES:0.5
C_MATERIAL:0.5083250300799083
C_MOVECOUNT:0.49702284303193567
C_PAWNMOVEMENT:0.5040141833140894
