ELO:859
CE_PASSEDPAWNS:0.4464565059789558
CE_PAWNWEAKNESSES:0.5591809502483915
CE_PIECEACTIVITY:0.5093203168947225
CE_KINGPAWNSHIELD:0.4899377745295074
CE_PIECECOORDINATION:0.4120482460949973
CE_MATERIAL:0.4676510235981124
CE_KINGSAFETY:0.4960656624946498
C_PIECESQUARETABLES:0.46550549097396354
C_MOBILITY:0.5384977886041787
C_KINGSAFETY:0.4944169095062627
C_PAWNSTRUCTURE:0.4735230999030516
C_PIECECOORDINATION:0.47047687258031956
C_ROOKANDPAWNMOVEMENT:0.47047687258031956
C_CENTERCONTROL:0.45968407720912785
C_DEVELOPPIECES:0.5014184941740641
C_MATERIAL:0.4477547445857905
C_MOVECOUNT:0.5
