ELO:1116
CE_PASSEDPAWNS:0.44749870354253773
CE_PAWNWEAKNESSES:0.5698219771467662
CE_PIECEACTIVITY:0.46058068809744396
CE_KINGPAWNSHIELD:0.3843516499831841
CE_PIECECOORDINATION:0.47241335711600324
CE_MATERIAL:0.498316981915067
CE_KINGSAFETY:0.5
C_PIECESQUARETABLES:0.5
C_MOBILITY:0.5649940699021165
C_KINGSAFETY:0.43413540679038304
C_PAWNSTRUCTURE:0.5461055495356145
C_PIECECOORDINATION:0.5889764467176994
C_ROOKANDPAWNMOVEMENT:0.5889764467176994
C_CENTERCONTROL:0.46899401965401094
C_DEVELOPPIECES:0.4332909592322626
C_MATERIAL:0.6310644924673378
