ELO:893
CE_PASSEDPAWNS:0.5206728379963187
CE_PAWNWEAKNESSES:0.52214594927278
CE_PIECEACTIVITY:0.5333335747586931
CE_KINGPAWNSHIELD:0.47080549913364383
CE_PIECECOORDINATION:0.5133478938055959
CE_MATERIAL:0.5145367184865107
CE_KINGSAFETY:0.471214265755798
C_PIECESQUARETABLES:0.4774716664079105
C_MOBILITY:0.4634876494955159
C_KINGSAFETY:0.49958241672386455
C_PAWNSTRUCTURE:0.480167136283479
C_PIECECOORDINATION:0.537844036839657
C_ROOKANDPAWNMOVEMENT:0.537844036839657
C_CENTERCONTROL:0.5114767088476658
C_DEVELOPPIECES:0.5059592667240962
C_MATERIAL:0.507504539063255
C_MOVECOUNT:0.5
