ELO:1011
CE_PASSEDPAWNS:0.5093979738504342
CE_PAWNWEAKNESSES:0.49890621100294547
CE_PIECEACTIVITY:0.5
CE_KINGPAWNSHIELD:0.4941349287401951
CE_PIECECOORDINATION:0.4928434292037368
CE_MATERIAL:0.4947099481675315
CE_KINGSAFETY:0.5
C_PIECESQUARETABLES:0.5
C_MOBILITY:0.5
C_KINGSAFETY:0.5160737788842623
C_PAWNSTRUCTURE:0.4906719249893617
C_PIECECOORDINATION:0.5
C_ROOKANDPAWNMOVEMENT:0.5
C_CENTERCONTROL:0.5
C_DEVELOPPIECES:0.502843330997442
C_MATERIAL:0.5
C_MOVECOUNT:0.508577417777584
