ELO:1045
CE_PASSEDPAWNS:0.5371827852592099
CE_PAWNWEAKNESSES:0.45970049064563745
CE_PIECEACTIVITY:0.520269533894445
CE_KINGPAWNSHIELD:0.47475437288721545
CE_PIECECOORDINATION:0.47241335711600324
CE_MATERIAL:0.5776354809913964
CE_KINGSAFETY:0.5
C_PIECESQUARETABLES:0.5
C_MOBILITY:0.5855369917671921
C_KINGSAFETY:0.37771878873827036
C_PAWNSTRUCTURE:0.49124294705892413
C_PIECECOORDINATION:0.5836305981213538
C_ROOKANDPAWNMOVEMENT:0.5836305981213538
C_CENTERCONTROL:0.49689184494824484
C_DEVELOPPIECES:0.43315964958583353
C_MATERIAL:0.6480765086317845
