ELO:1000
CE_PASSEDPAWNS:0.5
CE_PAWNWEAKNESSES:0.5
CE_PIECEACTIVITY:0.5096460621901286
CE_KINGPAWNSHIELD:0.4952273046427696
CE_PIECECOORDINATION:0.5166310457650429
CE_MATERIAL:0.5113804535242283
CE_KINGSAFETY:0.5
C_PIECESQUARETABLES:0.5028001672070042
C_MOBILITY:0.49122744827492126
C_KINGSAFETY:0.4919171327732531
C_PAWNSTRUCTURE:0.5
C_PIECECOORDINATION:0.5
C_ROOK:0.4964450957730854
CE_ROOK:0.4970110091855934
C_CENTERCONTROL:0.49285924928795094
C_DEVELOPPIECES:0.5
C_MATERIAL:0.5059543919568757
C_MOVECOUNT:0.5
C_PAWNMOVEMENT:0.5
