ELO:1070
CE_PASSEDPAWNS:0.436395101348917
CE_PAWNWEAKNESSES:0.5150153954007038
CE_PIECEACTIVITY:0.5554035180077489
CE_KINGPAWNSHIELD:0.6305503067211496
CE_PIECECOORDINATION:0.5367177051775212
CE_MATERIAL:0.419607666109097
CE_KINGSAFETY:0.5074687754528372
C_PIECESQUARETABLES:0.4900324059084629
C_MOBILITY:0.6061658831376902
C_KINGSAFETY:0.5952530568740665
C_PAWNSTRUCTURE:0.4477142180961204
C_PIECECOORDINATION:0.4797967535458847
C_ROOKANDPAWNMOVEMENT:0.4797967535458847
C_CENTERCONTROL:0.6043243322369225
C_DEVELOPPIECES:0.4823383985965481
C_MATERIAL:0.3310956637726181
