ELO:946
CE_PASSEDPAWNS:0.5161584493185647
CE_PAWNWEAKNESSES:0.4690903271317552
CE_PIECEACTIVITY:0.5145757270010075
CE_KINGPAWNSHIELD:0.5841665871369087
CE_PIECECOORDINATION:0.5170531689680404
CE_MATERIAL:0.5199865504486237
CE_KINGSAFETY:0.5141804039148983
C_PIECESQUARETABLES:0.5142713623058255
C_MOBILITY:0.5316639113565803
C_KINGSAFETY:0.5320538220373373
C_PAWNSTRUCTURE:0.5067684861283763
C_PIECECOORDINATION:0.4958963931240221
C_ROOKANDPAWNMOVEMENT:0.4958963931240221
C_CENTERCONTROL:0.49537128390052865
C_DEVELOPPIECES:0.49076219235364443
C_MATERIAL:0.48311377968961683
C_MOVECOUNT:0.503554697758091
