ELO:1128
CE_PASSEDPAWNS:0.48525951578793847
CE_PAWNWEAKNESSES:0.5698219771467662
CE_PIECEACTIVITY:0.5055534717583172
CE_KINGPAWNSHIELD:0.3843516499831841
CE_PIECECOORDINATION:0.49892967985177217
CE_MATERIAL:0.498316981915067
CE_KINGSAFETY:0.5
C_PIECESQUARETABLES:0.5
C_MOBILITY:0.5712491500725911
C_KINGSAFETY:0.3612025180063923
C_PAWNSTRUCTURE:0.5265605361002453
C_PIECECOORDINATION:0.5562674503149065
C_ROOKANDPAWNMOVEMENT:0.5562674503149065
C_CENTERCONTROL:0.49689184494824484
C_DEVELOPPIECES:0.42261362063168517
C_MATERIAL:0.6249562774005232
