ELO:494
CE_PASSEDPAWNS:0.5883888339918448
CE_PAWNWEAKNESSES:0.42742705137640735
CE_PIECEACTIVITY:0.5665599496345778
CE_KINGPAWNSHIELD:0.4771818092893643
CE_PIECECOORDINATION:0.3885235577243641
CE_MATERIAL:0.6068220054613811
CE_KINGSAFETY:0.5115890931747277
C_PIECESQUARETABLES:0.49980755938354243
C_MOBILITY:0.40531862485485837
C_KINGSAFETY:0.5937465583826362
C_PAWNSTRUCTURE:0.37665071112009335
C_PIECECOORDINATION:0.4775994875411362
C_ROOKANDPAWNMOVEMENT:0.4775994875411362
C_CENTERCONTROL:0.4933534157275223
C_DEVELOPPIECES:0.45097218042062603
C_MATERIAL:0.5473025778881908
C_MOVECOUNT:0.5034169307852401
