ELO:1000
CE_PASSEDPAWNS:0.4911579352142875
CE_PAWNWEAKNESSES:0.49000047549621967
CE_PIECEACTIVITY:0.5
CE_KINGPAWNSHIELD:0.5
CE_PIECECOORDINATION:0.5
CE_MATERIAL:0.49676649793000927
CE_KINGSAFETY:0.5
C_PIECESQUARETABLES:0.5
C_MOBILITY:0.4915432548303064
C_KINGSAFETY:0.504429605358975
C_PAWNSTRUCTURE:0.5040760372341836
C_PIECECOORDINATION:0.5
C_ROOKANDPAWNMOVEMENT:0.5
C_CENTERCONTROL:0.4903425705806961
C_DEVELOPPIECES:0.5124609204419829
C_MATERIAL:0.5
C_MOVECOUNT:0.5
