ELO:1068
CE_PASSEDPAWNS:0.43557280823180494
CE_PAWNWEAKNESSES:0.5015825730704792
CE_PIECEACTIVITY:0.5705546218235555
CE_KINGPAWNSHIELD:0.6208131797722044
CE_PIECECOORDINATION:0.5359576173160999
CE_MATERIAL:0.42520662791392894
CE_KINGSAFETY:0.4938586298666677
C_PIECESQUARETABLES:0.520059246444606
C_MOBILITY:0.5645273146525458
C_KINGSAFETY:0.597322456847844
C_PAWNSTRUCTURE:0.44120658606851354
C_PIECECOORDINATION:0.49261328672115406
C_ROOKANDPAWNMOVEMENT:0.49261328672115406
C_CENTERCONTROL:0.5966997998008764
C_DEVELOPPIECES:0.48157726451818933
C_MATERIAL:0.3430822900277945
