ELO:961
CE_PASSEDPAWNS:0.44529987985857444
CE_PAWNWEAKNESSES:0.5611780882522791
CE_PIECEACTIVITY:0.47658999524172974
CE_KINGPAWNSHIELD:0.49260486068379394
CE_PIECECOORDINATION:0.5037142436935981
CE_MATERIAL:0.40211513408388894
CE_KINGSAFETY:0.47667409815526657
C_PIECESQUARETABLES:0.5292886558840785
C_MOBILITY:0.45687629612178776
C_KINGSAFETY:0.4654418362499634
C_PAWNSTRUCTURE:0.529442025135969
C_PIECECOORDINATION:0.46167030720013374
C_ROOKANDPAWNMOVEMENT:0.46167030720013374
C_CENTERCONTROL:0.49802979846339285
C_DEVELOPPIECES:0.5608155590345235
C_MATERIAL:0.5735414053446625
