ELO:1000
CE_PASSEDPAWNS:0.5058054018302296
CE_PAWNWEAKNESSES:0.5
CE_PIECEACTIVITY:0.5005067291873136
CE_KINGPAWNSHIELD:0.4855203536209815
CE_PIECECOORDINATION:0.5070293090021155
CE_MATERIAL:0.5177821011603637
CE_KINGSAFETY:0.5
C_PIECESQUARETABLES:0.5
C_MOBILITY:0.4891784239540726
C_KINGSAFETY:0.4893978569031199
C_PAWNSTRUCTURE:0.48175527288427133
C_PIECECOORDINATION:0.5
C_ROOK:0.5046810425115147
CE_ROOK:0.49230245158693936
C_CENTERCONTROL:0.49330063574897187
C_DEVELOPPIECES:0.5014610479461927
C_MATERIAL:0.4968019001928708
C_MOVECOUNT:0.49788784467541725
C_PAWNMOVEMENT:0.5016151465316391
