ELO:967
CE_PASSEDPAWNS:0.5067127327235874
CE_PAWNWEAKNESSES:0.47498388282465814
CE_PIECEACTIVITY:0.505083284785735
CE_KINGPAWNSHIELD:0.4936119992272365
CE_PIECECOORDINATION:0.537183364261677
CE_MATERIAL:0.496680180403284
CE_KINGSAFETY:0.5013241692779
C_PIECESQUARETABLES:0.48849321740971074
C_MOBILITY:0.5119003251874492
C_KINGSAFETY:0.5088909388670485
C_PAWNSTRUCTURE:0.5051694417506152
C_PIECECOORDINATION:0.5414774963025807
C_ROOKANDPAWNMOVEMENT:0.5414774963025807
C_CENTERCONTROL:0.48789974673174163
C_DEVELOPPIECES:0.5
C_MATERIAL:0.5112897462845317
C_MOVECOUNT:0.5200917803127553
