ELO:998
CE_PASSEDPAWNS:0.5
CE_PAWNWEAKNESSES:0.49000047549621967
CE_PIECEACTIVITY:0.4959117268987388
CE_KINGPAWNSHIELD:0.5
CE_PIECECOORDINATION:0.5
CE_MATERIAL:0.504323156932682
CE_KINGSAFETY:0.4985707650825828
C_PIECESQUARETABLES:0.5093513986655512
C_MOBILITY:0.48346930995497917
C_KINGSAFETY:0.504429605358975
C_PAWNSTRUCTURE:0.5073409919798835
C_PIECECOORDINATION:0.5
C_ROOKANDPAWNMOVEMENT:0.5
C_CENTERCONTROL:0.5
C_DEVELOPPIECES:0.5124609204419829
C_MATERIAL:0.5
C_MOVECOUNT:0.5
