ELO:1000
CE_PASSEDPAWNS:0.5
CE_PAWNWEAKNESSES:0.4900597092090812
CE_PIECEACTIVITY:0.49658254864011026
CE_KINGPAWNSHIELD:0.5
CE_PIECECOORDINATION:0.5
CE_MATERIAL:0.4891673286943076
CE_KINGSAFETY:0.5012096237633255
C_PIECESQUARETABLES:0.5069382743815082
C_MOBILITY:0.4982558591575521
C_KINGSAFETY:0.48995100412436954
C_PAWNSTRUCTURE:0.4855630879922825
C_PIECECOORDINATION:0.5198792328408098
C_ROOKANDPAWNMOVEMENT:0.5198792328408098
C_CENTERCONTROL:0.4947485579529502
C_DEVELOPPIECES:0.514865209481978
C_MATERIAL:0.5076754620225606
