ELO:993
CE_PASSEDPAWNS:0.440331101241768
CE_PAWNWEAKNESSES:0.5319744035835385
CE_PIECEACTIVITY:0.48313742857524644
CE_KINGPAWNSHIELD:0.4701102954829709
CE_PIECECOORDINATION:0.48155257958648046
CE_MATERIAL:0.4301968989261201
CE_KINGSAFETY:0.5085992778557191
C_PIECESQUARETABLES:0.5074884821382994
C_MOBILITY:0.4760763862741833
C_KINGSAFETY:0.4865180149746057
C_PAWNSTRUCTURE:0.4967349648063652
C_PIECECOORDINATION:0.4838251089798496
C_ROOKANDPAWNMOVEMENT:0.4838251089798496
C_CENTERCONTROL:0.46651595968931225
C_DEVELOPPIECES:0.5256499493377288
C_MATERIAL:0.521957201224737
