ELO:926
CE_PASSEDPAWNS:0.4391241959829105
CE_PAWNWEAKNESSES:0.5166216656153354
CE_PIECEACTIVITY:0.48245441508603654
CE_KINGPAWNSHIELD:0.5221137118603304
CE_PIECECOORDINATION:0.48736501225159223
CE_MATERIAL:0.3509560276128058
CE_KINGSAFETY:0.4834394486517717
C_PIECESQUARETABLES:0.5063702347650682
C_MOBILITY:0.3878479198134586
C_KINGSAFETY:0.49648887161006056
C_PAWNSTRUCTURE:0.5516409227980981
C_PIECECOORDINATION:0.4344013486963332
C_ROOKANDPAWNMOVEMENT:0.4344013486963332
C_CENTERCONTROL:0.4964517257820399
C_DEVELOPPIECES:0.5754406369255273
C_MATERIAL:0.5505477134523207
