ELO:708
CE_PASSEDPAWNS:0.5988499987793542
CE_PAWNWEAKNESSES:0.48938787665986455
CE_PIECEACTIVITY:0.49665691078987056
CE_KINGPAWNSHIELD:0.4941755899253726
CE_PIECECOORDINATION:0.472362888821412
CE_MATERIAL:0.6135401553672685
CE_KINGSAFETY:0.5016079297707314
C_PIECESQUARETABLES:0.48289504271359307
C_MOBILITY:0.4688239384484398
C_KINGSAFETY:0.5381006067747052
C_PAWNSTRUCTURE:0.45026486502799046
C_PIECECOORDINATION:0.46790028311814613
C_ROOKANDPAWNMOVEMENT:0.46790028311814613
C_CENTERCONTROL:0.4666787056572491
C_DEVELOPPIECES:0.5596917583370649
C_MATERIAL:0.5412229525571055
C_MOVECOUNT:0.5
