ELO:493
CE_PASSEDPAWNS:0.6045348433229462
CE_PAWNWEAKNESSES:0.46631500204697035
CE_PIECEACTIVITY:0.5378576227346215
CE_KINGPAWNSHIELD:0.47800127764383166
CE_PIECECOORDINATION:0.41087215022452345
CE_MATERIAL:0.6102269979068458
CE_KINGSAFETY:0.5013636871569699
C_PIECESQUARETABLES:0.4913993953797149
C_MOBILITY:0.4003479892286593
C_KINGSAFETY:0.600211223586705
C_PAWNSTRUCTURE:0.38700288007416167
C_PIECECOORDINATION:0.48101615392897895
C_ROOKANDPAWNMOVEMENT:0.48101615392897895
C_CENTERCONTROL:0.494069099903932
C_DEVELOPPIECES:0.4789576192024698
C_MATERIAL:0.5478524345717536
C_MOVECOUNT:0.5259639665384062
