ELO:988
CE_PASSEDPAWNS:0.48726174905247904
CE_PAWNWEAKNESSES:0.5001123726647
CE_PIECEACTIVITY:0.4966933354429096
CE_KINGPAWNSHIELD:0.5075946083532707
CE_PIECECOORDINATION:0.4977873360529671
CE_MATERIAL:0.4989744092245236
CE_KINGSAFETY:0.5
C_PIECESQUARETABLES:0.5
C_MOBILITY:0.4953626155666043
C_KINGSAFETY:0.5138402513083664
C_PAWNSTRUCTURE:0.5038838005905738
C_PIECECOORDINATION:0.5068758251224729
C_ROOKANDPAWNMOVEMENT:0.5068758251224729
C_CENTERCONTROL:0.5035069866621261
C_DEVELOPPIECES:0.5255998574237929
C_MATERIAL:0.5177664550290262
C_MOVECOUNT:0.5090213458702348
