ELO:963
CE_PASSEDPAWNS:0.4446387960777486
CE_PAWNWEAKNESSES:0.5489421684018779
CE_PIECEACTIVITY:0.48624348127119604
CE_KINGPAWNSHIELD:0.490149582663293
CE_PIECECOORDINATION:0.5042421777329756
CE_MATERIAL:0.3949589808722459
CE_KINGSAFETY:0.48193210673057574
C_PIECESQUARETABLES:0.5321020580615983
C_MOBILITY:0.45395828707217456
C_KINGSAFETY:0.45370661020063846
C_PAWNSTRUCTURE:0.526020665153101
C_PIECECOORDINATION:0.46215114429279647
C_ROOKANDPAWNMOVEMENT:0.46215114429279647
C_CENTERCONTROL:0.49678401141703793
C_DEVELOPPIECES:0.5545705345659226
C_MATERIAL:0.5502161500839994
