ELO:1064
CE_PASSEDPAWNS:0.5220014652991477
CE_PAWNWEAKNESSES:0.5017511431794623
CE_PIECEACTIVITY:0.46141663230729874
CE_KINGPAWNSHIELD:0.5086472238067148
CE_PIECECOORDINATION:0.5261101980407332
CE_MATERIAL:0.4874072947026655
CE_KINGSAFETY:0.5
C_PIECESQUARETABLES:0.5
C_MOBILITY:0.5883672385649751
C_KINGSAFETY:0.38961952488319945
C_PAWNSTRUCTURE:0.6086893908681681
C_PIECECOORDINATION:0.617331207451572
C_ROOKANDPAWNMOVEMENT:0.617331207451572
C_CENTERCONTROL:0.5685522909256078
C_DEVELOPPIECES:0.38631477690984917
C_MATERIAL:0.6154232304150021
