ELO:1001
CE_PASSEDPAWNS:0.49931719359282156
CE_PAWNWEAKNESSES:0.5051824162472458
CE_PIECEACTIVITY:0.538220065458743
CE_KINGPAWNSHIELD:0.5015495270375647
CE_PIECECOORDINATION:0.499816511749337
CE_MATERIAL:0.5114357781599603
CE_KINGSAFETY:0.4853581884286792
C_PIECESQUARETABLES:0.5
C_MOBILITY:0.5000953285952945
C_KINGSAFETY:0.4809400768300177
C_PAWNSTRUCTURE:0.499991374609396
C_PIECECOORDINATION:0.4654575396489904
C_ROOKANDPAWNMOVEMENT:0.4654575396489904
C_CENTERCONTROL:0.48163284049650606
C_DEVELOPPIECES:0.5073119659243794
C_MATERIAL:0.4897534307940533
C_MOVECOUNT:0.5
