ELO:1155
CE_PASSEDPAWNS:0.4575949883343276
CE_PAWNWEAKNESSES:0.44542974891888637
CE_PIECEACTIVITY:0.5420593615453828
CE_KINGPAWNSHIELD:0.3843516499831841
CE_PIECECOORDINATION:0.49409961300625693
CE_MATERIAL:0.4990994058124339
CE_KINGSAFETY:0.5
C_PIECESQUARETABLES:0.5
C_MOBILITY:0.5855369917671921
C_KINGSAFETY:0.4598050911355462
C_PAWNSTRUCTURE:0.49124294705892413
C_PIECECOORDINATION:0.5827958732663536
C_ROOKANDPAWNMOVEMENT:0.5827958732663536
C_CENTERCONTROL:0.47861697439238793
C_DEVELOPPIECES:0.45588024667206817
C_MATERIAL:0.622840321325036
