ELO:988
CE_PASSEDPAWNS:0.4959931609355616
CE_PAWNWEAKNESSES:0.5347975852215318
CE_PIECEACTIVITY:0.46083997087136375
CE_KINGPAWNSHIELD:0.5372369005705637
CE_PIECECOORDINATION:0.483638435011826
CE_MATERIAL:0.5168195112840839
CE_KINGSAFETY:0.49916608574973204
C_PIECESQUARETABLES:0.5042566654762823
C_MOBILITY:0.4961589988435747
C_KINGSAFETY:0.5415483211617792
C_PAWNSTRUCTURE:0.427080320009432
C_PIECECOORDINATION:0.5603570026651463
C_ROOK:0.5068713917154754
CE_ROOK:0.5115540037442572
C_CENTERCONTROL:0.5028361694936397
C_DEVELOPPIECES:0.5036271228063328
C_MATERIAL:0.5090964740507613
C_MOVECOUNT:0.5191405514693779
C_PAWNMOVEMENT:0.5130319177430742
