ELO:1279
CE_PASSEDPAWNS:0.3869510351353566
CE_PAWNWEAKNESSES:0.44966428704400424
CE_PIECEACTIVITY:0.5488332365677793
CE_KINGPAWNSHIELD:0.46400389468656644
CE_PIECECOORDINATION:0.4462401272955464
CE_MATERIAL:0.44102554048451575
CE_KINGSAFETY:0.5009147600404499
C_PIECESQUARETABLES:0.5162408072464066
C_MOBILITY:0.47223962469489517
C_KINGSAFETY:0.4361426484906524
C_PAWNSTRUCTURE:0.6129055975555536
C_PIECECOORDINATION:0.5463762964283881
C_ROOKANDPAWNMOVEMENT:0.5463762964283881
C_CENTERCONTROL:0.4796491442950892
C_DEVELOPPIECES:0.5386429839109369
C_MATERIAL:0.5620672470353846
