ELO:1255
CE_PASSEDPAWNS:0.4476416470436395
CE_PAWNWEAKNESSES:0.5513869754291566
CE_PIECEACTIVITY:0.45271969066834933
CE_KINGPAWNSHIELD:0.4467497567991595
CE_PIECECOORDINATION:0.5243554826500019
CE_MATERIAL:0.37049330157018157
CE_KINGSAFETY:0.5
C_PIECESQUARETABLES:0.5
C_MOBILITY:0.3910770357088864
C_KINGSAFETY:0.37767688935622257
C_PAWNSTRUCTURE:0.517992412819532
C_PIECECOORDINATION:0.589942921149836
C_ROOKANDPAWNMOVEMENT:0.589942921149836
C_CENTERCONTROL:0.4989420268890047
C_DEVELOPPIECES:0.4590882314975813
C_MATERIAL:0.6130718628900625
