ELO:612
CE_PASSEDPAWNS:0.6095266727619291
CE_PAWNWEAKNESSES:0.49906842234062726
CE_PIECEACTIVITY:0.49275355520843345
CE_KINGPAWNSHIELD:0.4748503556160171
CE_PIECECOORDINATION:0.4556973002789864
CE_MATERIAL:0.6083750696247936
CE_KINGSAFETY:0.4997508839953942
C_PIECESQUARETABLES:0.4664547551677532
C_MOBILITY:0.4483130256809982
C_KINGSAFETY:0.5589722120748497
C_PAWNSTRUCTURE:0.43534705277057223
C_PIECECOORDINATION:0.4686341251021443
C_ROOKANDPAWNMOVEMENT:0.4686341251021443
C_CENTERCONTROL:0.4674604324693788
C_DEVELOPPIECES:0.5363670889990324
C_MATERIAL:0.5341090490970959
C_MOVECOUNT:0.5
