ELO:972
CE_PASSEDPAWNS:0.5062323992275707
CE_PAWNWEAKNESSES:0.5
CE_PIECEACTIVITY:0.48727424062230307
CE_KINGPAWNSHIELD:0.5080732706224637
CE_PIECECOORDINATION:0.49815987984876114
CE_MATERIAL:0.5114571000542131
CE_KINGSAFETY:0.5
C_PIECESQUARETABLES:0.5
C_MOBILITY:0.5
C_KINGSAFETY:0.4894923151977082
C_PAWNSTRUCTURE:0.5115374483884347
C_PIECECOORDINATION:0.50925589208522
C_ROOKANDPAWNMOVEMENT:0.50925589208522
C_CENTERCONTROL:0.5070176622686426
C_DEVELOPPIECES:0.5066935628592808
C_MATERIAL:0.5016605839916022
C_MOVECOUNT:0.5119504615541384
