ELO:975
CE_PASSEDPAWNS:0.46668908481815435
CE_PAWNWEAKNESSES:0.5143234028200915
CE_PIECEACTIVITY:0.5373589637338583
CE_KINGPAWNSHIELD:0.4964473466618706
CE_PIECECOORDINATION:0.5
CE_MATERIAL:0.5117897686257057
CE_KINGSAFETY:0.5046097849084754
C_PIECESQUARETABLES:0.5059554722351558
C_MOBILITY:0.5011433549136846
C_KINGSAFETY:0.4782714323726994
C_PAWNSTRUCTURE:0.4938363814748595
C_PIECECOORDINATION:0.5229750269603283
C_ROOKANDPAWNMOVEMENT:0.5229750269603283
C_CENTERCONTROL:0.4938836297760316
C_DEVELOPPIECES:0.5248177113180977
C_MATERIAL:0.5008818219128511
