ELO:823
CE_PASSEDPAWNS:0.41980239646854783
CE_PAWNWEAKNESSES:0.5290593794280045
CE_PIECEACTIVITY:0.5033113219434229
CE_KINGPAWNSHIELD:0.5947866414679265
CE_PIECECOORDINATION:0.5233571909064878
CE_MATERIAL:0.45161438172648016
CE_KINGSAFETY:0.4787872312967315
C_PIECESQUARETABLES:0.5070287673129771
C_MOBILITY:0.5470719731491853
C_KINGSAFETY:0.5035923563924942
C_PAWNSTRUCTURE:0.5825947139485051
C_PIECECOORDINATION:0.4992337720632881
C_ROOKANDPAWNMOVEMENT:0.4992337720632881
C_CENTERCONTROL:0.4993501823053736
C_DEVELOPPIECES:0.49486605661518673
C_MATERIAL:0.4932776765800253
C_MOVECOUNT:0.46869682840500343
