ELO:864
CE_PASSEDPAWNS:0.45352383533391627
CE_PAWNWEAKNESSES:0.5250333399697286
CE_PIECEACTIVITY:0.5195325269337446
CE_KINGPAWNSHIELD:0.4866279123859741
CE_PIECECOORDINATION:0.42134504511068144
CE_MATERIAL:0.4795953910374785
CE_KINGSAFETY:0.49592801150380744
C_PIECESQUARETABLES:0.48967855694442747
C_MOBILITY:0.5278299548759966
C_KINGSAFETY:0.5022966840821255
C_PAWNSTRUCTURE:0.46763009054004645
C_PIECECOORDINATION:0.49434549351530643
C_ROOKANDPAWNMOVEMENT:0.49434549351530643
C_CENTERCONTROL:0.46694132121731025
C_DEVELOPPIECES:0.4853192030351464
C_MATERIAL:0.4620910244428463
C_MOVECOUNT:0.5
