ELO:988
CE_PASSEDPAWNS:0.46033486959247744
CE_PAWNWEAKNESSES:0.5347802932402974
CE_PIECEACTIVITY:0.5237934054147331
CE_KINGPAWNSHIELD:0.43858709977569516
CE_PIECECOORDINATION:0.48744107476652376
CE_MATERIAL:0.4737793179945666
CE_KINGSAFETY:0.5177401074584522
C_PIECESQUARETABLES:0.4137888975020915
C_MOBILITY:0.48374612509892534
C_KINGSAFETY:0.4740755195424343
C_PAWNSTRUCTURE:0.5098092448292156
C_PIECECOORDINATION:0.5153447623151229
C_ROOKANDPAWNMOVEMENT:0.5153447623151229
C_CENTERCONTROL:0.45744284207109326
C_DEVELOPPIECES:0.5348244217641925
C_MATERIAL:0.5334041500490002
