ELO:986
CE_PASSEDPAWNS:0.5
CE_PAWNWEAKNESSES:0.5
CE_PIECEACTIVITY:0.5288811039537844
CE_KINGPAWNSHIELD:0.5
CE_PIECECOORDINATION:0.5262386673574365
CE_MATERIAL:0.5167406559178739
CE_KINGSAFETY:0.48794242210254535
C_PIECESQUARETABLES:0.5
C_MOBILITY:0.5
C_KINGSAFETY:0.510856456431869
C_PAWNSTRUCTURE:0.4892055266356196
C_PIECECOORDINATION:0.48809344522633186
C_ROOKANDPAWNMOVEMENT:0.48809344522633186
C_CENTERCONTROL:0.5
C_DEVELOPPIECES:0.48634248808287794
C_MATERIAL:0.5
C_MOVECOUNT:0.5
