ELO:938
CE_PASSEDPAWNS:0.4836406194580926
CE_PAWNWEAKNESSES:0.5130712084806254
CE_PIECEACTIVITY:0.47151409951347245
CE_KINGPAWNSHIELD:0.5446093621623704
CE_PIECECOORDINATION:0.4892767871923274
CE_MATERIAL:0.5073072895029972
CE_KINGSAFETY:0.5
C_PIECESQUARETABLES:0.5105267158401641
C_MOBILITY:0.4105346279091724
C_KINGSAFETY:0.5226600993092104
C_PAWNSTRUCTURE:0.48337242942234243
C_PIECECOORDINATION:0.47600851549264755
C_ROOK:0.4598167892609607
CE_ROOK:0.46537699954352085
C_CENTERCONTROL:0.465397323906771
C_DEVELOPPIECES:0.5031868661337079
C_MATERIAL:0.5007502454229531
C_MOVECOUNT:0.5514103278866901
C_PAWNMOVEMENT:0.5235829796962497
