ELO:898
CE_PASSEDPAWNS:0.4874583050605164
CE_PAWNWEAKNESSES:0.5197643974990975
CE_PIECEACTIVITY:0.5093180134346641
CE_KINGPAWNSHIELD:0.49317563865549047
CE_PIECECOORDINATION:0.47884665432606827
CE_MATERIAL:0.45790455527767326
CE_KINGSAFETY:0.5
C_PIECESQUARETABLES:0.5
C_MOBILITY:0.422800489270206
C_KINGSAFETY:0.49500999294305303
C_PAWNSTRUCTURE:0.45024055766440213
C_PIECECOORDINATION:0.49433819567698795
C_ROOKANDPAWNMOVEMENT:0.49433819567698795
C_CENTERCONTROL:0.4838769180079586
C_DEVELOPPIECES:0.539589615086395
C_MATERIAL:0.5112427041943186
C_MOVECOUNT:0.5
