ELO:920
CE_PASSEDPAWNS:0.4903814770899389
CE_PAWNWEAKNESSES:0.5172551659526063
CE_PIECEACTIVITY:0.4683835120357608
CE_KINGPAWNSHIELD:0.5434994003181906
CE_PIECECOORDINATION:0.4757634569930234
CE_MATERIAL:0.5257886370322221
CE_KINGSAFETY:0.5038830251408488
C_PIECESQUARETABLES:0.5169459566176151
C_MOBILITY:0.4444561863300209
C_KINGSAFETY:0.5157986123247427
C_PAWNSTRUCTURE:0.48358220425693565
C_PIECECOORDINATION:0.4870468795409445
C_ROOK:0.4851851719258257
CE_ROOK:0.47478449401498646
C_CENTERCONTROL:0.4465559465860568
C_DEVELOPPIECES:0.4944588935548956
C_MATERIAL:0.4940405732700887
C_MOVECOUNT:0.5783398611406323
C_PAWNMOVEMENT:0.5342713011584981
