ELO:987
CE_PASSEDPAWNS:0.4539385759449005
CE_PAWNWEAKNESSES:0.5456422122664084
CE_PIECEACTIVITY:0.5237934054147331
CE_KINGPAWNSHIELD:0.4674038737194033
CE_PIECECOORDINATION:0.4798722582537791
CE_MATERIAL:0.4769334714643335
CE_KINGSAFETY:0.5171667779116675
C_PIECESQUARETABLES:0.4250396266621561
C_MOBILITY:0.47580411740604106
C_KINGSAFETY:0.4859659918451687
C_PAWNSTRUCTURE:0.5045460225709621
C_PIECECOORDINATION:0.5112398495044377
C_ROOKANDPAWNMOVEMENT:0.5112398495044377
C_CENTERCONTROL:0.45228218324968394
C_DEVELOPPIECES:0.5521031904281017
C_MATERIAL:0.5161048891928166
