ELO:962
CE_PASSEDPAWNS:0.4956372774541565
CE_PAWNWEAKNESSES:0.4848327255622947
CE_PIECEACTIVITY:0.4936878868431163
CE_KINGPAWNSHIELD:0.509705697222251
CE_PIECECOORDINATION:0.5211601293350765
CE_MATERIAL:0.4790222112461483
CE_KINGSAFETY:0.4967246558147356
C_PIECESQUARETABLES:0.5
C_MOBILITY:0.535173798270928
C_KINGSAFETY:0.4914442754823171
C_PAWNSTRUCTURE:0.4518650699659673
C_PIECECOORDINATION:0.49773767391363755
C_ROOKANDPAWNMOVEMENT:0.49773767391363755
C_CENTERCONTROL:0.4970733805234032
C_DEVELOPPIECES:0.49656878762751683
C_MATERIAL:0.4882190228240203
C_MOVECOUNT:0.48704050680869504
