ELO:982
CE_PASSEDPAWNS:0.5063702024067684
CE_PAWNWEAKNESSES:0.4949821251963144
CE_PIECEACTIVITY:0.5000013072810351
CE_KINGPAWNSHIELD:0.5064839252312582
CE_PIECECOORDINATION:0.5158435374418487
CE_MATERIAL:0.5
CE_KINGSAFETY:0.5033281453210267
C_PIECESQUARETABLES:0.5
C_MOBILITY:0.5022896756263179
C_KINGSAFETY:0.4838608031532522
C_PAWNSTRUCTURE:0.5092116725874463
C_PIECECOORDINATION:0.49428342355951954
C_ROOKANDPAWNMOVEMENT:0.49428342355951954
C_CENTERCONTROL:0.4872756650930819
C_DEVELOPPIECES:0.4913475993598211
C_MATERIAL:0.5
C_MOVECOUNT:0.5
