ELO:879
CE_PASSEDPAWNS:0.4778465607001822
CE_PAWNWEAKNESSES:0.4906224505495628
CE_PIECEACTIVITY:0.47336464241722864
CE_KINGPAWNSHIELD:0.44425130817669817
CE_PIECECOORDINATION:0.4082513457434665
CE_MATERIAL:0.4885961724834965
CE_KINGSAFETY:0.5101272509343705
C_PIECESQUARETABLES:0.4805560262616931
C_MOBILITY:0.4962002177517226
C_KINGSAFETY:0.5175031257332157
C_PAWNSTRUCTURE:0.5661393097804802
C_PIECECOORDINATION:0.592486019670493
C_ROOKANDPAWNMOVEMENT:0.592486019670493
C_CENTERCONTROL:0.5609626724218681
C_DEVELOPPIECES:0.45623880949428947
C_MATERIAL:0.4753782371902024
