ELO:944
CE_PASSEDPAWNS:0.49913330809909995
CE_PAWNWEAKNESSES:0.49407516164245296
CE_PIECEACTIVITY:0.5428246083052524
CE_KINGPAWNSHIELD:0.4974680621464316
CE_PIECECOORDINATION:0.49250430906004805
CE_MATERIAL:0.4972855338799146
CE_KINGSAFETY:0.5
C_PIECESQUARETABLES:0.5
C_MOBILITY:0.5050636081021446
C_KINGSAFETY:0.4509965785384929
C_PAWNSTRUCTURE:0.48611812099177115
C_PIECECOORDINATION:0.5194594689995348
C_ROOKANDPAWNMOVEMENT:0.5194594689995348
C_CENTERCONTROL:0.45850182306958515
C_DEVELOPPIECES:0.5181590865019214
C_MATERIAL:0.4884249135151634
C_MOVECOUNT:0.5459326956257186
