ELO:914
CE_PASSEDPAWNS:0.5281478092227798
CE_PAWNWEAKNESSES:0.5147706666192351
CE_PIECEACTIVITY:0.526021276397226
CE_KINGPAWNSHIELD:0.4951763655760055
CE_PIECECOORDINATION:0.4940935316837218
CE_MATERIAL:0.5011508084658904
CE_KINGSAFETY:0.501669686637905
C_PIECESQUARETABLES:0.4978427996530712
C_MOBILITY:0.5145739740236646
C_KINGSAFETY:0.5175607378984098
C_PAWNSTRUCTURE:0.49836780694533916
C_PIECECOORDINATION:0.49928821278078533
C_ROOK:0.5145343723074455
CE_ROOK:0.49152057655443343
C_CENTERCONTROL:0.46736941858823716
C_DEVELOPPIECES:0.5175906014224264
C_MATERIAL:0.5035598834565629
C_MOVECOUNT:0.47874533938056235
C_PAWNMOVEMENT:0.5084020656333691
