ELO:889
CE_PASSEDPAWNS:0.4635013917610248
CE_PAWNWEAKNESSES:0.4943867470357754
CE_PIECEACTIVITY:0.47714153838834095
CE_KINGPAWNSHIELD:0.507757014883846
CE_PIECECOORDINATION:0.536449496246641
CE_MATERIAL:0.490308187732169
CE_KINGSAFETY:0.5048254258290304
C_PIECESQUARETABLES:0.4712007546392367
C_MOBILITY:0.5058393519472805
C_KINGSAFETY:0.4535697867874378
C_PAWNSTRUCTURE:0.49757846240406883
C_PIECECOORDINATION:0.47494721728334033
C_ROOKANDPAWNMOVEMENT:0.47494721728334033
C_CENTERCONTROL:0.4587957746757358
C_DEVELOPPIECES:0.5289553864605774
C_MATERIAL:0.478651590553586
C_MOVECOUNT:0.5061174075185871
