ELO:920
CE_PASSEDPAWNS:0.5087757733326286
CE_PAWNWEAKNESSES:0.5469109945635747
CE_PIECEACTIVITY:0.5246968749210039
CE_KINGPAWNSHIELD:0.4512439776769497
CE_PIECECOORDINATION:0.44503534489926694
CE_MATERIAL:0.5955006325746877
CE_KINGSAFETY:0.531806121665519
C_PIECESQUARETABLES:0.5379793122630107
C_MOBILITY:0.5416478717003032
C_KINGSAFETY:0.49293934427216435
C_PAWNSTRUCTURE:0.5757171298146276
C_PIECECOORDINATION:0.4978777883504357
C_ROOKANDPAWNMOVEMENT:0.4978777883504357
C_CENTERCONTROL:0.4400599343807617
C_DEVELOPPIECES:0.4461647502521718
C_MATERIAL:0.48131767571041795
