ELO:871
CE_PASSEDPAWNS:0.6070179646582644
CE_PAWNWEAKNESSES:0.5070137446750013
CE_PIECEACTIVITY:0.4403366087111946
CE_KINGPAWNSHIELD:0.5
CE_PIECECOORDINATION:0.39085797711814335
CE_MATERIAL:0.5728956898596708
CE_KINGSAFETY:0.48350870468581286
C_PIECESQUARETABLES:0.483053517214715
C_MOBILITY:0.5118440828964529
C_KINGSAFETY:0.5270173829344249
C_PAWNSTRUCTURE:0.49334932393719066
C_PIECECOORDINATION:0.5533791889581036
C_ROOKANDPAWNMOVEMENT:0.5533791889581036
C_CENTERCONTROL:0.5309406365559551
C_DEVELOPPIECES:0.5001596037509846
C_MATERIAL:0.4853069235568655
C_MOVECOUNT:0.5
