ELO:974
CE_PASSEDPAWNS:0.4596267303967314
CE_PAWNWEAKNESSES:0.5196900188176791
CE_PIECEACTIVITY:0.4976212253778299
CE_KINGPAWNSHIELD:0.5
CE_PIECECOORDINATION:0.555605522974732
CE_MATERIAL:0.47437409593564955
CE_KINGSAFETY:0.5241370242438135
C_PIECESQUARETABLES:0.522535691308732
C_MOBILITY:0.5005733786572555
C_KINGSAFETY:0.4951662054304316
C_PAWNSTRUCTURE:0.4868747004906854
C_PIECECOORDINATION:0.49637355754229173
C_ROOKANDPAWNMOVEMENT:0.49637355754229173
C_CENTERCONTROL:0.4797853418025956
C_DEVELOPPIECES:0.48752588760508586
C_MATERIAL:0.4887118271263653
C_MOVECOUNT:0.5
