ELO:928
CE_PASSEDPAWNS:0.4756793531117484
CE_PAWNWEAKNESSES:0.4406248391405815
CE_PIECEACTIVITY:0.513079009355735
CE_KINGPAWNSHIELD:0.4600141408224049
CE_PIECECOORDINATION:0.38889243870208423
CE_MATERIAL:0.49684305314237953
CE_KINGSAFETY:0.5144589631175892
C_PIECESQUARETABLES:0.5348158644376785
C_MOBILITY:0.5141662158326206
C_KINGSAFETY:0.5186432111010135
C_PAWNSTRUCTURE:0.570853337164049
C_PIECECOORDINATION:0.5702334156792823
C_ROOKANDPAWNMOVEMENT:0.5702334156792823
C_CENTERCONTROL:0.5626915748693848
C_DEVELOPPIECES:0.47125538294291336
C_MATERIAL:0.49460940705777
