ELO:981
CE_PASSEDPAWNS:0.45273877858980954
CE_PAWNWEAKNESSES:0.4454961742467697
CE_PIECEACTIVITY:0.5178838738834446
CE_KINGPAWNSHIELD:0.49289134689244957
CE_PIECECOORDINATION:0.46817872088156454
CE_MATERIAL:0.5349461539354867
CE_KINGSAFETY:0.5293904550993427
C_PIECESQUARETABLES:0.44807475331001106
C_MOBILITY:0.49431081354054396
C_KINGSAFETY:0.48509153924218357
C_PAWNSTRUCTURE:0.5464985076522906
C_PIECECOORDINATION:0.5569871289794763
C_ROOKANDPAWNMOVEMENT:0.5569871289794763
C_CENTERCONTROL:0.5735595820805647
C_DEVELOPPIECES:0.48317010856852155
C_MATERIAL:0.4546866933891942
