ELO:938
CE_PASSEDPAWNS:0.44517262734480334
CE_PAWNWEAKNESSES:0.49008999348694726
CE_PIECEACTIVITY:0.4802722328770326
CE_KINGPAWNSHIELD:0.4888739118975887
CE_PIECECOORDINATION:0.5240722650868653
CE_MATERIAL:0.48619397815106946
CE_KINGSAFETY:0.5056265485528432
C_PIECESQUARETABLES:0.5186382258678484
C_MOBILITY:0.5637950734481308
C_KINGSAFETY:0.47600117818969995
C_PAWNSTRUCTURE:0.5053502142182155
C_PIECECOORDINATION:0.4622828066371931
C_ROOKANDPAWNMOVEMENT:0.4622828066371931
C_CENTERCONTROL:0.46410840800912506
C_DEVELOPPIECES:0.5072400401546829
C_MATERIAL:0.465322984684738
C_MOVECOUNT:0.5163350285810573
