ELO:924
CE_PASSEDPAWNS:0.5243525788190523
CE_PAWNWEAKNESSES:0.5192281926692442
CE_PIECEACTIVITY:0.58594477605355
CE_KINGPAWNSHIELD:0.48957133781053525
CE_PIECECOORDINATION:0.4596275977260716
CE_MATERIAL:0.49249147688568196
CE_KINGSAFETY:0.5
C_PIECESQUARETABLES:0.48998990863623193
C_MOBILITY:0.530429950528956
C_KINGSAFETY:0.5017976967815257
C_PAWNSTRUCTURE:0.4991378177437439
C_PIECECOORDINATION:0.44574432214123816
C_ROOK:0.5341342858555949
CE_ROOK:0.5051179985572594
C_CENTERCONTROL:0.4594719525156321
C_DEVELOPPIECES:0.5356256525421507
C_MATERIAL:0.49722984735738895
C_MOVECOUNT:0.46141857575906026
C_PAWNMOVEMENT:0.48996404307927827
