ELO:942
CE_PASSEDPAWNS:0.47339153571484593
CE_PAWNWEAKNESSES:0.5235215878796741
CE_PIECEACTIVITY:0.5242130371714487
CE_KINGPAWNSHIELD:0.45847109141235
CE_PIECECOORDINATION:0.5209396469781851
CE_MATERIAL:0.45634317622630954
CE_KINGSAFETY:0.531513906871162
C_PIECESQUARETABLES:0.47784747006010075
C_MOBILITY:0.5233188203392287
C_KINGSAFETY:0.502716694802435
C_PAWNSTRUCTURE:0.48614844207725266
C_PIECECOORDINATION:0.5732534165710654
C_ROOKANDPAWNMOVEMENT:0.5732534165710654
C_CENTERCONTROL:0.4923794331110115
C_DEVELOPPIECES:0.40484162819433395
C_MATERIAL:0.6171449218795756
