ELO:1006
CE_PASSEDPAWNS:0.4999163184253259
CE_PAWNWEAKNESSES:0.4907180606305114
CE_PIECEACTIVITY:0.4967967360072559
CE_KINGPAWNSHIELD:0.5047077276600189
CE_PIECECOORDINATION:0.4867081941531034
CE_MATERIAL:0.5739474378636937
CE_KINGSAFETY:0.5
C_PIECESQUARETABLES:0.5
C_MOBILITY:0.5
C_KINGSAFETY:0.5088909388670485
C_PAWNSTRUCTURE:0.5094665588245281
C_PIECECOORDINATION:0.48797408012991145
C_ROOKANDPAWNMOVEMENT:0.48797408012991145
C_CENTERCONTROL:0.48768687371104386
C_DEVELOPPIECES:0.4980412901841872
C_MATERIAL:0.5023370569471335
C_MOVECOUNT:0.5121073011159746
