ELO:893
CE_PASSEDPAWNS:0.48316724128703403
CE_PAWNWEAKNESSES:0.5209725036571606
CE_PIECEACTIVITY:0.49674734340655685
CE_KINGPAWNSHIELD:0.5049287156747477
CE_PIECECOORDINATION:0.4916719259092323
CE_MATERIAL:0.5214207030399887
CE_KINGSAFETY:0.48060517450266677
C_PIECESQUARETABLES:0.5103739953566386
C_MOBILITY:0.5025295532838826
C_KINGSAFETY:0.540426970122401
C_PAWNSTRUCTURE:0.4979471858068722
C_PIECECOORDINATION:0.49278635028816087
C_ROOKANDPAWNMOVEMENT:0.49278635028816087
C_CENTERCONTROL:0.516623396699712
C_DEVELOPPIECES:0.519355147132181
C_MATERIAL:0.5081882622009966
C_MOVECOUNT:0.5
