ELO:937
CE_PASSEDPAWNS:0.5100982097710616
CE_PAWNWEAKNESSES:0.4860619887188758
CE_PIECEACTIVITY:0.44572040359779835
CE_KINGPAWNSHIELD:0.5011981444189209
CE_PIECECOORDINATION:0.494095393987393
CE_MATERIAL:0.5954574469548259
CE_KINGSAFETY:0.5033450954314637
C_PIECESQUARETABLES:0.5047048844012041
C_MOBILITY:0.44858597694454866
C_KINGSAFETY:0.40894289685870977
C_PAWNSTRUCTURE:0.4597413610778496
C_PIECECOORDINATION:0.5139718158764118
C_ROOKANDPAWNMOVEMENT:0.5139718158764118
C_CENTERCONTROL:0.4923494735705445
C_DEVELOPPIECES:0.4440611738549465
C_MATERIAL:0.4564653321958061
