ELO:921
CE_PASSEDPAWNS:0.5044669389210664
CE_PAWNWEAKNESSES:0.49550761988651476
CE_PIECEACTIVITY:0.47754660017225775
CE_KINGPAWNSHIELD:0.5207962775270463
CE_PIECECOORDINATION:0.5119282468030011
CE_MATERIAL:0.5161688099497561
CE_KINGSAFETY:0.49044351325880525
C_PIECESQUARETABLES:0.5149929273576663
C_MOBILITY:0.5190307001852043
C_KINGSAFETY:0.48754531412476215
C_PAWNSTRUCTURE:0.5147735366813877
C_PIECECOORDINATION:0.49799481702991427
C_ROOKANDPAWNMOVEMENT:0.49799481702991427
C_CENTERCONTROL:0.546944569192676
C_DEVELOPPIECES:0.4892705817623071
C_MATERIAL:0.5017752295721938
C_MOVECOUNT:0.5
