ELO:921
CE_PASSEDPAWNS:0.5395093639481205
CE_PAWNWEAKNESSES:0.5021698686240155
CE_PIECEACTIVITY:0.5493577767280636
CE_KINGPAWNSHIELD:0.4982445229938417
CE_PIECECOORDINATION:0.4844505326704033
CE_MATERIAL:0.5085426843232113
CE_KINGSAFETY:0.5
C_PIECESQUARETABLES:0.5101265828418482
C_MOBILITY:0.5145739740236646
C_KINGSAFETY:0.5188327427648941
C_PAWNSTRUCTURE:0.5027476471649398
C_PIECECOORDINATION:0.4703928641866614
C_ROOK:0.5121851752075315
CE_ROOK:0.4800141605721298
C_CENTERCONTROL:0.46736941858823716
C_DEVELOPPIECES:0.5175906014224264
C_MATERIAL:0.5121888112038301
C_MOVECOUNT:0.47160221535798014
C_PAWNMOVEMENT:0.5033163332548318
