ELO:945
CE_PASSEDPAWNS:0.5231252339083493
CE_PAWNWEAKNESSES:0.46647601920991594
CE_PIECEACTIVITY:0.500294801217491
CE_KINGPAWNSHIELD:0.49849692261141804
CE_PIECECOORDINATION:0.4991907057101106
CE_MATERIAL:0.5206190623013988
CE_KINGSAFETY:0.4981016313518124
C_PIECESQUARETABLES:0.5104372308707641
C_MOBILITY:0.49619047685902795
C_KINGSAFETY:0.5114362844228894
C_PAWNSTRUCTURE:0.48407844847274206
C_PIECECOORDINATION:0.4984943808490374
C_ROOKANDPAWNMOVEMENT:0.4984943808490374
C_CENTERCONTROL:0.5189580489588046
C_DEVELOPPIECES:0.49657761898796615
C_MATERIAL:0.49710761900014455
C_MOVECOUNT:0.5
