ELO:769
CE_PASSEDPAWNS:0.49239514152426334
CE_PAWNWEAKNESSES:0.49679107740218736
CE_PIECEACTIVITY:0.43383631077149803
CE_KINGPAWNSHIELD:0.4985572310117862
CE_PIECECOORDINATION:0.5333637152971479
CE_MATERIAL:0.44574279763245733
CE_KINGSAFETY:0.5002080847011288
C_PIECESQUARETABLES:0.49935113783575846
C_MOBILITY:0.4547756915234924
C_KINGSAFETY:0.5282741929955614
C_PAWNSTRUCTURE:0.43200614736181764
C_PIECECOORDINATION:0.5161779101194351
C_ROOKANDPAWNMOVEMENT:0.5161779101194351
C_CENTERCONTROL:0.5029614241297184
C_DEVELOPPIECES:0.5670080279076606
C_MATERIAL:0.436863796006222
C_MOVECOUNT:0.5
