ELO:942
CE_PASSEDPAWNS:0.509839813855086
CE_PAWNWEAKNESSES:0.49158322865893966
CE_PIECEACTIVITY:0.4913261606580621
CE_KINGPAWNSHIELD:0.5210022628073901
CE_PIECECOORDINATION:0.5254567170529857
CE_MATERIAL:0.47424790595096333
CE_KINGSAFETY:0.5066590841603154
C_PIECESQUARETABLES:0.47132250802262815
C_MOBILITY:0.49686445426860054
C_KINGSAFETY:0.5041183111782659
C_PAWNSTRUCTURE:0.5043640568880551
C_PIECECOORDINATION:0.4789045931127249
C_ROOKANDPAWNMOVEMENT:0.4789045931127249
C_CENTERCONTROL:0.45690413934922597
C_DEVELOPPIECES:0.49419486325184797
C_MATERIAL:0.5080635700596577
C_MOVECOUNT:0.5
