ELO:918
CE_PASSEDPAWNS:0.536224725401822
CE_PAWNWEAKNESSES:0.5058915765110396
CE_PIECEACTIVITY:0.5377077981635204
CE_KINGPAWNSHIELD:0.4982445229938417
CE_PIECECOORDINATION:0.4844505326704033
CE_MATERIAL:0.5085426843232113
CE_KINGSAFETY:0.5104091786374887
C_PIECESQUARETABLES:0.5
C_MOBILITY:0.5145739740236646
C_KINGSAFETY:0.5188327427648941
C_PAWNSTRUCTURE:0.5048733045491386
C_PIECECOORDINATION:0.4936052888719353
C_ROOK:0.5121851752075315
CE_ROOK:0.49109971268502983
C_CENTERCONTROL:0.46736941858823716
C_DEVELOPPIECES:0.5175906014224264
C_MATERIAL:0.5023105625392859
C_MOVECOUNT:0.47160221535798014
C_PAWNMOVEMENT:0.49858806101688535
