ELO:1090
CE_PASSEDPAWNS:0.5135199289493193
CE_PAWNWEAKNESSES:0.502698388224232
CE_PIECEACTIVITY:0.5131906926674364
CE_KINGPAWNSHIELD:0.5116964707824162
CE_PIECECOORDINATION:0.5106827953178035
CE_MATERIAL:0.5
CE_KINGSAFETY:0.5099245784328078
C_PIECESQUARETABLES:0.5
C_MOBILITY:0.5
C_KINGSAFETY:0.5021593218767326
C_PAWNSTRUCTURE:0.5
C_PIECECOORDINATION:0.4960888199025674
C_ROOKANDPAWNMOVEMENT:0.4960888199025674
C_CENTERCONTROL:0.48825284558617876
C_DEVELOPPIECES:0.5016688913712569
C_MATERIAL:0.4810699304797875
