ELO:1000
CE_PASSEDPAWNS:0.4932106745491191
CE_PAWNWEAKNESSES:0.5
CE_PIECEACTIVITY:0.5022342009351032
CE_KINGPAWNSHIELD:0.4917210126267398
CE_PIECECOORDINATION:0.5
CE_MATERIAL:0.49221918109645874
CE_KINGSAFETY:0.5024088322202813
C_PIECESQUARETABLES:0.5
C_MOBILITY:0.49170884376386187
C_KINGSAFETY:0.5058904163414707
C_PAWNSTRUCTURE:0.4857883544046022
C_PIECECOORDINATION:0.5017031645653743
C_ROOKANDPAWNMOVEMENT:0.5017031645653743
C_CENTERCONTROL:0.5
C_DEVELOPPIECES:0.5
C_MATERIAL:0.4951280409420526
C_MOVECOUNT:0.4766473008375455
