ELO:988
CE_PASSEDPAWNS:0.5171815701577929
CE_PAWNWEAKNESSES:0.4904038729325633
CE_PIECEACTIVITY:0.5071726432175657
CE_KINGPAWNSHIELD:0.4955647149868838
CE_PIECECOORDINATION:0.5061602562615684
CE_MATERIAL:0.4930306882159334
CE_KINGSAFETY:0.5027460201205232
C_PIECESQUARETABLES:0.49918724053948627
C_MOBILITY:0.5231886685361553
C_KINGSAFETY:0.5077728143303966
C_PAWNSTRUCTURE:0.5014565168013794
C_PIECECOORDINATION:0.4881743158423166
C_ROOK:0.5060859612787878
CE_ROOK:0.49347365629989065
C_CENTERCONTROL:0.4866197733372693
C_DEVELOPPIECES:0.5260032220609957
C_MATERIAL:0.5004084979741301
C_MOVECOUNT:0.49025934521302417
C_PAWNMOVEMENT:0.49206820203747964
