ELO:1000
CE_PASSEDPAWNS:0.5
CE_PAWNWEAKNESSES:0.5030241525241522
CE_PIECEACTIVITY:0.5084236905006072
CE_KINGPAWNSHIELD:0.4879610616412252
CE_PIECECOORDINATION:0.4912933625642224
CE_MATERIAL:0.5
CE_KINGSAFETY:0.4924482849416785
C_PIECESQUARETABLES:0.5046276018863093
C_MOBILITY:0.49669989694495215
C_KINGSAFETY:0.5019218566163242
C_PAWNSTRUCTURE:0.491068666557147
C_PIECECOORDINATION:0.4898786557806624
C_ROOKANDPAWNMOVEMENT:0.4898786557806624
C_CENTERCONTROL:0.5085070636526362
C_DEVELOPPIECES:0.5
C_MATERIAL:0.49102190813286933
