ELO:1000
CE_PASSEDPAWNS:0.48715330830184317
CE_PAWNWEAKNESSES:0.5400193465056665
CE_PIECEACTIVITY:0.5100058846802293
CE_KINGPAWNSHIELD:0.4874925001176447
CE_PIECECOORDINATION:0.48187959916596185
CE_MATERIAL:0.5324022761098329
CE_KINGSAFETY:0.5056956468381146
C_PIECESQUARETABLES:0.5
C_MOBILITY:0.5029231243326219
C_KINGSAFETY:0.5130048151127027
C_PAWNSTRUCTURE:0.4758980546846752
C_PIECECOORDINATION:0.5510689099923275
C_ROOKANDPAWNMOVEMENT:0.5510689099923275
C_CENTERCONTROL:0.527068090357643
C_DEVELOPPIECES:0.48946722187748914
C_MATERIAL:0.45363288678140506
