ELO:869
CE_PASSEDPAWNS:0.43831927840367907
CE_PAWNWEAKNESSES:0.5172750189364616
CE_PIECEACTIVITY:0.47837659360357904
CE_KINGPAWNSHIELD:0.43535090485576916
CE_PIECECOORDINATION:0.4979139945594049
CE_MATERIAL:0.522484981466456
CE_KINGSAFETY:0.49029856558879803
C_PIECESQUARETABLES:0.47455790847363366
C_MOBILITY:0.4754868440690092
C_KINGSAFETY:0.5694704309780089
C_PAWNSTRUCTURE:0.411469844914651
C_PIECECOORDINATION:0.47823760330153064
C_ROOKANDPAWNMOVEMENT:0.47823760330153064
C_CENTERCONTROL:0.4657651861410913
C_DEVELOPPIECES:0.539576773190331
C_MATERIAL:0.45019154593067956
C_MOVECOUNT:0.5
