ELO:925
CE_PASSEDPAWNS:0.5345727857563443
CE_PAWNWEAKNESSES:0.5057830879957456
CE_PIECEACTIVITY:0.5831398403704308
CE_KINGPAWNSHIELD:0.4930958572874834
CE_PIECECOORDINATION:0.48020382225837677
CE_MATERIAL:0.49865525152517154
CE_KINGSAFETY:0.5
C_PIECESQUARETABLES:0.48858480511152863
C_MOBILITY:0.5117826277246273
C_KINGSAFETY:0.5174740427075281
C_PAWNSTRUCTURE:0.5078385467820576
C_PIECECOORDINATION:0.4494733842916757
C_ROOK:0.5133661519732828
CE_ROOK:0.4896189122587614
C_CENTERCONTROL:0.45847192582193386
C_DEVELOPPIECES:0.5292849435522209
C_MATERIAL:0.5121888112038301
C_MOVECOUNT:0.46707893871066913
C_PAWNMOVEMENT:0.5033163332548318
