ELO:987
CE_PASSEDPAWNS:0.5229603355647687
CE_PAWNWEAKNESSES:0.4928933079597488
CE_PIECEACTIVITY:0.49560302100821746
CE_KINGPAWNSHIELD:0.4936137000308505
CE_PIECECOORDINATION:0.496956519903129
CE_MATERIAL:0.4833130847821616
CE_KINGSAFETY:0.5103972721198426
C_PIECESQUARETABLES:0.509951764496899
C_MOBILITY:0.5051724487908722
C_KINGSAFETY:0.49072076789372454
C_PAWNSTRUCTURE:0.5112653640325521
C_PIECECOORDINATION:0.5
C_ROOK:0.5
CE_ROOK:0.5
C_CENTERCONTROL:0.5
C_DEVELOPPIECES:0.4945069648384872
C_MATERIAL:0.506229904221444
C_MOVECOUNT:0.5061619837648516
C_PAWNMOVEMENT:0.5063587919586542
