ELO:976
CE_PASSEDPAWNS:0.49877661328840045
CE_PAWNWEAKNESSES:0.5
CE_PIECEACTIVITY:0.4930545705597814
CE_KINGPAWNSHIELD:0.5
CE_PIECECOORDINATION:0.5078079422864792
CE_MATERIAL:0.4991411899925382
CE_KINGSAFETY:0.49772452455798105
C_PIECESQUARETABLES:0.4944993087424691
C_MOBILITY:0.5
C_KINGSAFETY:0.5025096479954091
C_PAWNSTRUCTURE:0.489328057526252
C_PIECECOORDINATION:0.5055058755211704
C_ROOKANDPAWNMOVEMENT:0.5055058755211704
C_CENTERCONTROL:0.4991414151316454
C_DEVELOPPIECES:0.4948050800379914
C_MATERIAL:0.4924401705918375
C_MOVECOUNT:0.508918827350712
