ELO:810
CE_PASSEDPAWNS:0.462562319934193
CE_PAWNWEAKNESSES:0.48286925528385116
CE_PIECEACTIVITY:0.4873921480868697
CE_KINGPAWNSHIELD:0.49756925096305826
CE_PIECECOORDINATION:0.45933164438045077
CE_MATERIAL:0.5235550936094076
CE_KINGSAFETY:0.5
C_PIECESQUARETABLES:0.497287701361952
C_MOBILITY:0.47938947753509653
C_KINGSAFETY:0.47275724496609356
C_PAWNSTRUCTURE:0.5116940579819339
C_PIECECOORDINATION:0.4820720774614567
C_ROOKANDPAWNMOVEMENT:0.4820720774614567
C_CENTERCONTROL:0.5351709968619416
C_DEVELOPPIECES:0.5116192935625709
C_MATERIAL:0.5059009859932169
C_MOVECOUNT:0.5
