ELO:948
CE_PASSEDPAWNS:0.4711339165125189
CE_PAWNWEAKNESSES:0.4927889234331154
CE_PIECEACTIVITY:0.4685513889552193
CE_KINGPAWNSHIELD:0.4712357061195791
CE_PIECECOORDINATION:0.5166167726241562
CE_MATERIAL:0.4904795045000612
CE_KINGSAFETY:0.4975053657520677
C_PIECESQUARETABLES:0.5083299449913776
C_MOBILITY:0.4620340973260851
C_KINGSAFETY:0.42882332934726763
C_PAWNSTRUCTURE:0.4404823940641946
C_PIECECOORDINATION:0.47381814281487494
C_ROOKANDPAWNMOVEMENT:0.47381814281487494
C_CENTERCONTROL:0.4912132724509141
C_DEVELOPPIECES:0.47981357188147516
C_MATERIAL:0.47611703268758493
C_MOVECOUNT:0.44666296286545465
