ELO:942
CE_PASSEDPAWNS:0.5138059965060586
CE_PAWNWEAKNESSES:0.49407516164245296
CE_PIECEACTIVITY:0.530903399186942
CE_KINGPAWNSHIELD:0.4974680621464316
CE_PIECECOORDINATION:0.5078079422864792
CE_MATERIAL:0.4923576260306821
CE_KINGSAFETY:0.4938941092136974
C_PIECESQUARETABLES:0.4947663048181478
C_MOBILITY:0.5050636081021446
C_KINGSAFETY:0.4686916164782586
C_PAWNSTRUCTURE:0.4850579267198599
C_PIECECOORDINATION:0.5194594689995348
C_ROOKANDPAWNMOVEMENT:0.5194594689995348
C_CENTERCONTROL:0.4692420714462316
C_DEVELOPPIECES:0.5078308697278521
C_MATERIAL:0.49413675905477067
C_MOVECOUNT:0.539421823720698
