ELO:978
CE_PASSEDPAWNS:0.44562798346852367
CE_PAWNWEAKNESSES:0.4522080143348463
CE_PIECEACTIVITY:0.5141304186800588
CE_KINGPAWNSHIELD:0.49435158241048216
CE_PIECECOORDINATION:0.46817872088156454
CE_MATERIAL:0.5389981171660216
CE_KINGSAFETY:0.5143188196731512
C_PIECESQUARETABLES:0.44179119522879146
C_MOBILITY:0.49002837792272735
C_KINGSAFETY:0.48339597439490206
C_PAWNSTRUCTURE:0.5445371130273143
C_PIECECOORDINATION:0.5340216142458082
C_ROOKANDPAWNMOVEMENT:0.5340216142458082
C_CENTERCONTROL:0.5590054474049334
C_DEVELOPPIECES:0.48219619277297127
C_MATERIAL:0.44972767859491003
