ELO:971
CE_PASSEDPAWNS:0.5316207519092576
CE_PAWNWEAKNESSES:0.514244209901655
CE_PIECEACTIVITY:0.5950740917037964
CE_KINGPAWNSHIELD:0.48225023113162724
CE_PIECECOORDINATION:0.4596275977260716
CE_MATERIAL:0.48636619104827034
CE_KINGSAFETY:0.4946238369877644
C_PIECESQUARETABLES:0.49811617449654766
C_MOBILITY:0.525877598042396
C_KINGSAFETY:0.48555989294079704
C_PAWNSTRUCTURE:0.478006923220256
C_PIECECOORDINATION:0.44574432214123816
C_ROOK:0.5274888587138244
CE_ROOK:0.5051179985572594
C_CENTERCONTROL:0.4529510749290776
C_DEVELOPPIECES:0.5382353483005021
C_MATERIAL:0.49820617194379485
C_MOVECOUNT:0.46254750420008833
C_PAWNMOVEMENT:0.478147263263504
