ELO:989
CE_PASSEDPAWNS:0.4470643882003576
CE_PAWNWEAKNESSES:0.5741394764607924
CE_PIECEACTIVITY:0.5296340760660501
CE_KINGPAWNSHIELD:0.4633955686708399
CE_PIECECOORDINATION:0.4482819663008804
CE_MATERIAL:0.4451105035021331
CE_KINGSAFETY:0.49170300396490246
C_PIECESQUARETABLES:0.4960884087138181
C_MOBILITY:0.5376588951044983
C_KINGSAFETY:0.38428501365507994
C_PAWNSTRUCTURE:0.528167219303308
C_PIECECOORDINATION:0.5722473789864329
C_ROOKANDPAWNMOVEMENT:0.5722473789864329
C_CENTERCONTROL:0.49503856093463605
C_DEVELOPPIECES:0.5539455359157819
C_MATERIAL:0.5630613730637245
