ELO:1000
CE_PASSEDPAWNS:0.48691849741353216
CE_PAWNWEAKNESSES:0.5355963767506607
CE_PIECEACTIVITY:0.5415737961373349
CE_KINGPAWNSHIELD:0.47134825646068934
CE_PIECECOORDINATION:0.49414487037424637
CE_MATERIAL:0.4815110838338267
CE_KINGSAFETY:0.4536632691924292
C_PIECESQUARETABLES:0.4489331733736003
C_MOBILITY:0.4672042060480656
C_KINGSAFETY:0.4561342922789359
C_PAWNSTRUCTURE:0.4402638309259825
C_PIECECOORDINATION:0.4906149411403975
C_ROOKANDPAWNMOVEMENT:0.4906149411403975
C_CENTERCONTROL:0.5365787398413859
C_DEVELOPPIECES:0.5194062861029944
C_MATERIAL:0.4690309801973143
