ELO:1000
CE_PASSEDPAWNS:0.5041130855139433
CE_PAWNWEAKNESSES:0.5003969416471582
CE_PIECEACTIVITY:0.4973466344691367
CE_KINGPAWNSHIELD:0.512393124368687
CE_PIECECOORDINATION:0.48214410376557937
CE_MATERIAL:0.5095261760408164
CE_KINGSAFETY:0.5108060791249569
C_PIECESQUARETABLES:0.5118890439183323
C_MOBILITY:0.5165244814396266
C_KINGSAFETY:0.4962042133393813
C_PAWNSTRUCTURE:0.5007469206231075
C_PIECECOORDINATION:0.49680345568106254
C_ROOKANDPAWNMOVEMENT:0.49680345568106254
C_CENTERCONTROL:0.5119522843680809
C_DEVELOPPIECES:0.504026670204634
C_MATERIAL:0.49213973883670764
