ELO:1015
CE_PASSEDPAWNS:0.5043971454661136
CE_PAWNWEAKNESSES:0.5133668169131057
CE_PIECEACTIVITY:0.5
CE_KINGPAWNSHIELD:0.4975286434938581
CE_PIECECOORDINATION:0.5
CE_MATERIAL:0.5
CE_KINGSAFETY:0.509321603824077
C_PIECESQUARETABLES:0.5
C_MOBILITY:0.5142081639025258
C_KINGSAFETY:0.493444579308395
C_PAWNSTRUCTURE:0.509117273429014
C_PIECECOORDINATION:0.49275663780377865
C_ROOKANDPAWNMOVEMENT:0.49275663780377865
C_CENTERCONTROL:0.5015233390411231
C_DEVELOPPIECES:0.5
C_MATERIAL:0.5214843753315067
