ELO:973
CE_PASSEDPAWNS:0.5552609706892472
CE_PAWNWEAKNESSES:0.5065259533609237
CE_PIECEACTIVITY:0.4754789033675265
CE_KINGPAWNSHIELD:0.48016071870201654
CE_PIECECOORDINATION:0.4593224009004964
CE_MATERIAL:0.5060038384464388
CE_KINGSAFETY:0.49433195097680854
C_PIECESQUARETABLES:0.4981162635888474
C_MOBILITY:0.48036662973887495
C_KINGSAFETY:0.4666995151943429
C_PAWNSTRUCTURE:0.47956376137855383
C_PIECECOORDINATION:0.5005575022089603
C_ROOKANDPAWNMOVEMENT:0.5005575022089603
C_CENTERCONTROL:0.48357978649649885
C_DEVELOPPIECES:0.4854595643588836
C_MATERIAL:0.4962768678421038
C_MOVECOUNT:0.5
