ELO:970
CE_PASSEDPAWNS:0.44289557190481427
CE_PAWNWEAKNESSES:0.48168162322538904
CE_PIECEACTIVITY:0.5290260525217023
CE_KINGPAWNSHIELD:0.48182175445233344
CE_PIECECOORDINATION:0.40992261589135687
CE_MATERIAL:0.4964724091210263
CE_KINGSAFETY:0.48050758465256105
C_PIECESQUARETABLES:0.4876276126901037
C_MOBILITY:0.49426487176921097
C_KINGSAFETY:0.5049410124755676
C_PAWNSTRUCTURE:0.5431959124796628
C_PIECECOORDINATION:0.5452745471799395
C_ROOKANDPAWNMOVEMENT:0.5452745471799395
C_CENTERCONTROL:0.5605699940375948
C_DEVELOPPIECES:0.4998659769322781
C_MATERIAL:0.4702804033220285
