ELO:910
CE_PASSEDPAWNS:0.5328570482019679
CE_PAWNWEAKNESSES:0.5057830879957456
CE_PIECEACTIVITY:0.58594477605355
CE_KINGPAWNSHIELD:0.4811242078905133
CE_PIECECOORDINATION:0.47699879276835794
CE_MATERIAL:0.49945761088468
CE_KINGSAFETY:0.5008776783215692
C_PIECESQUARETABLES:0.5004581493862336
C_MOBILITY:0.5211738847893563
C_KINGSAFETY:0.5084958360446087
C_PAWNSTRUCTURE:0.5051202712750783
C_PIECECOORDINATION:0.45808273128056204
C_ROOK:0.5136402674889823
CE_ROOK:0.4888072283484488
C_CENTERCONTROL:0.4522290528964543
C_DEVELOPPIECES:0.5386063313062908
C_MATERIAL:0.5086240138922791
C_MOVECOUNT:0.46141857575906026
C_PAWNMOVEMENT:0.5014475314540082
