ELO:917
CE_PASSEDPAWNS:0.4170691509452274
CE_PAWNWEAKNESSES:0.57762992165198
CE_PIECEACTIVITY:0.5140013796464538
CE_KINGPAWNSHIELD:0.43052970905233495
CE_PIECECOORDINATION:0.45944668297882546
CE_MATERIAL:0.5215701252880488
CE_KINGSAFETY:0.5147615423481549
C_PIECESQUARETABLES:0.4765840317883546
C_MOBILITY:0.47620824589668187
C_KINGSAFETY:0.5592936925462394
C_PAWNSTRUCTURE:0.49405578706718056
C_PIECECOORDINATION:0.43998452466163024
C_ROOKANDPAWNMOVEMENT:0.43998452466163024
C_CENTERCONTROL:0.49219378961367505
C_DEVELOPPIECES:0.4976746320734282
C_MATERIAL:0.4801481454805881
C_MOVECOUNT:0.5
