ELO:951
CE_PASSEDPAWNS:0.3893860636038245
CE_PAWNWEAKNESSES:0.5558077608940083
CE_PIECEACTIVITY:0.5284388342698869
CE_KINGPAWNSHIELD:0.4879919305839429
CE_PIECECOORDINATION:0.44257607202852484
CE_MATERIAL:0.5224496608411283
CE_KINGSAFETY:0.5088320170675542
C_PIECESQUARETABLES:0.5418501193936315
C_MOBILITY:0.44684379837528676
C_KINGSAFETY:0.553081153386918
C_PAWNSTRUCTURE:0.5187718144956003
C_PIECECOORDINATION:0.48847128660956723
C_ROOKANDPAWNMOVEMENT:0.48847128660956723
C_CENTERCONTROL:0.5439353616232883
C_DEVELOPPIECES:0.5576601055247132
C_MATERIAL:0.4620602528653619
