ELO:1000
CE_PASSEDPAWNS:0.5294009731674061
CE_PAWNWEAKNESSES:0.49182777331723376
CE_PIECEACTIVITY:0.4964880177745446
CE_KINGPAWNSHIELD:0.4666746723210799
CE_PIECECOORDINATION:0.46469257667689623
CE_MATERIAL:0.47272978754312567
CE_KINGSAFETY:0.45569300868102064
C_PIECESQUARETABLES:0.5404504223266688
C_MOBILITY:0.4961294257593716
C_KINGSAFETY:0.4757033106635378
C_PAWNSTRUCTURE:0.5121877440494524
C_PIECECOORDINATION:0.5039005665485516
C_ROOKANDPAWNMOVEMENT:0.5039005665485516
C_CENTERCONTROL:0.4743576830849328
C_DEVELOPPIECES:0.5299828906776192
C_MATERIAL:0.4657693996535732
