ELO:805
CE_PASSEDPAWNS:0.5042711242884876
CE_PAWNWEAKNESSES:0.504339497180874
CE_PIECEACTIVITY:0.47645207380580784
CE_KINGPAWNSHIELD:0.5762624522620945
CE_PIECECOORDINATION:0.46630016637057276
CE_MATERIAL:0.5101039921721322
CE_KINGSAFETY:0.5084382784250577
C_PIECESQUARETABLES:0.5376010151434117
C_MOBILITY:0.5696547263731971
C_KINGSAFETY:0.47714743893760253
C_PAWNSTRUCTURE:0.4079236348569977
C_PIECECOORDINATION:0.4721826582781811
C_ROOKANDPAWNMOVEMENT:0.4721826582781811
C_CENTERCONTROL:0.3877505979892054
C_DEVELOPPIECES:0.49000655810759913
C_MATERIAL:0.4524289216941778
C_MOVECOUNT:0.5
