ELO:982
CE_PASSEDPAWNS:0.4925322071624535
CE_PAWNWEAKNESSES:0.5084576127897261
CE_PIECEACTIVITY:0.5017635473665355
CE_KINGPAWNSHIELD:0.509077167222531
CE_PIECECOORDINATION:0.5013877638906001
CE_MATERIAL:0.49956169499862507
CE_KINGSAFETY:0.5
C_PIECESQUARETABLES:0.5104906538921201
C_MOBILITY:0.5093991127977727
C_KINGSAFETY:0.5091826805583124
C_PAWNSTRUCTURE:0.480536795419188
C_PIECECOORDINATION:0.47366225915367416
C_ROOKANDPAWNMOVEMENT:0.47366225915367416
C_CENTERCONTROL:0.5
C_DEVELOPPIECES:0.508010614621418
C_MATERIAL:0.5110081588502426
C_MOVECOUNT:0.5014996312381597
