ELO:963
CE_PASSEDPAWNS:0.5030108121098064
CE_PAWNWEAKNESSES:0.48149084473654996
CE_PIECEACTIVITY:0.5094970933780126
CE_KINGPAWNSHIELD:0.5558843616697571
CE_PIECECOORDINATION:0.518145730939077
CE_MATERIAL:0.47918390706077774
CE_KINGSAFETY:0.5151195743843889
C_PIECESQUARETABLES:0.4467269710405227
C_MOBILITY:0.4667120828939559
C_KINGSAFETY:0.4966080655639352
C_PAWNSTRUCTURE:0.5312905718004116
C_PIECECOORDINATION:0.47978696514234154
C_ROOKANDPAWNMOVEMENT:0.47978696514234154
C_CENTERCONTROL:0.47144551603051593
C_DEVELOPPIECES:0.5675890383914304
C_MATERIAL:0.5467529245580549
