ELO:984
CE_PASSEDPAWNS:0.4996601288543578
CE_PAWNWEAKNESSES:0.5156584482445781
CE_PIECEACTIVITY:0.5335805898964826
CE_KINGPAWNSHIELD:0.49580599118022023
CE_PIECECOORDINATION:0.5010683848373461
CE_MATERIAL:0.5048468353822649
CE_KINGSAFETY:0.538168633392244
C_PIECESQUARETABLES:0.49737621634556306
C_MOBILITY:0.46633975710849224
C_KINGSAFETY:0.5007731227862017
C_PAWNSTRUCTURE:0.5293490856585509
C_PIECECOORDINATION:0.5054650228001291
C_ROOKANDPAWNMOVEMENT:0.5054650228001291
C_CENTERCONTROL:0.4985720923790963
C_DEVELOPPIECES:0.4830500860679906
C_MATERIAL:0.4423998285972019
C_MOVECOUNT:0.5
