ELO:980
CE_PASSEDPAWNS:0.49805738183473114
CE_PAWNWEAKNESSES:0.4948311608340579
CE_PIECEACTIVITY:0.4620828316480022
CE_KINGPAWNSHIELD:0.48151303366841725
CE_PIECECOORDINATION:0.5013877638906001
CE_MATERIAL:0.4915265291784547
CE_KINGSAFETY:0.5091112945092723
C_PIECESQUARETABLES:0.486748627390602
C_MOBILITY:0.5138696910213392
C_KINGSAFETY:0.502675889137658
C_PAWNSTRUCTURE:0.5043708766928796
C_PIECECOORDINATION:0.4867336493425786
C_ROOKANDPAWNMOVEMENT:0.4867336493425786
C_CENTERCONTROL:0.5
C_DEVELOPPIECES:0.5127881363592447
C_MATERIAL:0.5110081588502426
C_MOVECOUNT:0.49085348482450475
