ELO:918
CE_PASSEDPAWNS:0.4100116745483045
CE_PAWNWEAKNESSES:0.5676657849376088
CE_PIECEACTIVITY:0.5206645586920577
CE_KINGPAWNSHIELD:0.44342696084082867
CE_PIECECOORDINATION:0.4318493132110458
CE_MATERIAL:0.5457153847547864
CE_KINGSAFETY:0.5209673016350014
C_PIECESQUARETABLES:0.511815316625322
C_MOBILITY:0.3967551700133715
C_KINGSAFETY:0.5606003476066241
C_PAWNSTRUCTURE:0.5134467303748838
C_PIECECOORDINATION:0.47783980055455544
C_ROOKANDPAWNMOVEMENT:0.47783980055455544
C_CENTERCONTROL:0.5425704316027887
C_DEVELOPPIECES:0.4880559356666829
C_MATERIAL:0.4531111059915125
