ELO:999
CE_PASSEDPAWNS:0.48913264017116936
CE_PAWNWEAKNESSES:0.5327735526148578
CE_PIECEACTIVITY:0.47564438705296025
CE_KINGPAWNSHIELD:0.5072539328188026
CE_PIECECOORDINATION:0.5022372402765953
CE_MATERIAL:0.5456422675269458
CE_KINGSAFETY:0.5126215269407263
C_PIECESQUARETABLES:0.5
C_MOBILITY:0.4887775642275134
C_KINGSAFETY:0.4923434938042965
C_PAWNSTRUCTURE:0.5168375159191406
C_PIECECOORDINATION:0.4882564448124384
C_ROOK:0.48439230157635504
CE_ROOK:0.5198201156189375
C_CENTERCONTROL:0.5035709983104014
C_DEVELOPPIECES:0.49011917197719973
C_MATERIAL:0.4955131985468862
C_MOVECOUNT:0.525964715212244
C_PAWNMOVEMENT:0.4857408176676562
