ELO:1000
CE_PASSEDPAWNS:0.5382819815111923
CE_PAWNWEAKNESSES:0.49825541312361665
CE_PIECEACTIVITY:0.4896878306261293
CE_KINGPAWNSHIELD:0.4842196754046897
CE_PIECECOORDINATION:0.48060931314709293
CE_MATERIAL:0.48167423676688287
CE_KINGSAFETY:0.4574236809135465
C_PIECESQUARETABLES:0.5272030567737169
C_MOBILITY:0.4875132233881547
C_KINGSAFETY:0.4776363357697755
C_PAWNSTRUCTURE:0.528073828508709
C_PIECECOORDINATION:0.4861314219648492
C_ROOKANDPAWNMOVEMENT:0.4861314219648492
C_CENTERCONTROL:0.46725616122844754
C_DEVELOPPIECES:0.5410311517963663
C_MATERIAL:0.4840271375885504
