ELO:1022
CE_PASSEDPAWNS:0.5
CE_PAWNWEAKNESSES:0.5
CE_PIECEACTIVITY:0.5
CE_KINGPAWNSHIELD:0.4922326094025938
CE_PIECECOORDINATION:0.4834018486715948
CE_MATERIAL:0.4970534598584468
CE_KINGSAFETY:0.5118982250349906
C_PIECESQUARETABLES:0.49513620170284584
C_MOBILITY:0.5001444640239419
C_KINGSAFETY:0.5
C_PAWNSTRUCTURE:0.49103568307462025
C_PIECECOORDINATION:0.5
C_ROOK:0.4830753573528712
CE_ROOK:0.5107045524826905
C_CENTERCONTROL:0.5160805920928829
C_DEVELOPPIECES:0.5
C_MATERIAL:0.4949038227506392
C_MOVECOUNT:0.5033520671574332
C_PAWNMOVEMENT:0.5013199596653104
