ELO:999
CE_PASSEDPAWNS:0.5548244173726264
CE_PAWNWEAKNESSES:0.508681367060616
CE_PIECEACTIVITY:0.5101576297296844
CE_KINGPAWNSHIELD:0.4819828899556831
CE_PIECECOORDINATION:0.4971961740998991
CE_MATERIAL:0.5130372237429092
CE_KINGSAFETY:0.5041248174070233
C_PIECESQUARETABLES:0.5040234875381572
C_MOBILITY:0.46619445269003157
C_KINGSAFETY:0.4595988364238765
C_PAWNSTRUCTURE:0.5114096882700011
C_PIECECOORDINATION:0.4018218793570447
C_ROOKANDPAWNMOVEMENT:0.4018218793570447
C_CENTERCONTROL:0.5020727390174283
C_DEVELOPPIECES:0.55465831610349
C_MATERIAL:0.5135944589895414
