ELO:776
CE_PASSEDPAWNS:0.5359067272422756
CE_PAWNWEAKNESSES:0.5481262918975324
CE_PIECEACTIVITY:0.48450726846801656
CE_KINGPAWNSHIELD:0.5867083658379576
CE_PIECECOORDINATION:0.5020694036396194
CE_MATERIAL:0.5271614046693194
CE_KINGSAFETY:0.4703374012520176
C_PIECESQUARETABLES:0.5147116884393831
C_MOBILITY:0.4892060148463598
C_KINGSAFETY:0.47573734454266836
C_PAWNSTRUCTURE:0.48389662405462797
C_PIECECOORDINATION:0.4697149990391673
C_ROOKANDPAWNMOVEMENT:0.4697149990391673
C_CENTERCONTROL:0.3397019530461318
C_DEVELOPPIECES:0.5341768549399759
C_MATERIAL:0.45262112250541353
C_MOVECOUNT:0.5
