ELO:959
CE_PASSEDPAWNS:0.5264457695707425
CE_PAWNWEAKNESSES:0.4323480895964875
CE_PIECEACTIVITY:0.5189231995145863
CE_KINGPAWNSHIELD:0.505825948117452
CE_PIECECOORDINATION:0.5061348768362653
CE_MATERIAL:0.4851555310300175
CE_KINGSAFETY:0.5041887520144919
C_PIECESQUARETABLES:0.5124525165426356
C_MOBILITY:0.5018867232658223
C_KINGSAFETY:0.4914059747092824
C_PAWNSTRUCTURE:0.5038995428954798
C_PIECECOORDINATION:0.4921043200852886
C_ROOKANDPAWNMOVEMENT:0.4921043200852886
C_CENTERCONTROL:0.5550213601710717
C_DEVELOPPIECES:0.4794285593883058
C_MATERIAL:0.5063300329266497
C_MOVECOUNT:0.499039855928921
