ELO:837
CE_PASSEDPAWNS:0.5027030818390547
CE_PAWNWEAKNESSES:0.4570271045842941
CE_PIECEACTIVITY:0.40447019636434195
CE_KINGPAWNSHIELD:0.33443621940845136
CE_PIECECOORDINATION:0.580018587373754
CE_MATERIAL:0.5987500375937017
CE_KINGSAFETY:0.5562519598519061
C_PIECESQUARETABLES:0.48338120071344387
C_MOBILITY:0.6510862532111197
C_KINGSAFETY:0.5183525807564161
C_PAWNSTRUCTURE:0.5660609875834866
C_PIECECOORDINATION:0.5476949209882698
C_ROOKANDPAWNMOVEMENT:0.5476949209882698
C_CENTERCONTROL:0.48083760540692044
C_DEVELOPPIECES:0.46453241119614597
C_MATERIAL:0.4587776625326578
