ELO:875
CE_PASSEDPAWNS:0.4551772134716524
CE_PAWNWEAKNESSES:0.46445704361614115
CE_PIECEACTIVITY:0.5009646897814408
CE_KINGPAWNSHIELD:0.49295909841750346
CE_PIECECOORDINATION:0.5224516677487989
CE_MATERIAL:0.4990122579976285
CE_KINGSAFETY:0.5
C_PIECESQUARETABLES:0.5169852598946317
C_MOBILITY:0.5403218307940384
C_KINGSAFETY:0.5736694127621078
C_PAWNSTRUCTURE:0.47934438669272983
C_PIECECOORDINATION:0.5200058601199339
C_ROOKANDPAWNMOVEMENT:0.5200058601199339
C_CENTERCONTROL:0.46257937168115715
C_DEVELOPPIECES:0.4847368789290799
C_MATERIAL:0.46456084491106076
C_MOVECOUNT:0.5
