ELO:1003
CE_PASSEDPAWNS:0.5134191858980035
CE_PAWNWEAKNESSES:0.5055506396090632
CE_PIECEACTIVITY:0.5154657964899048
CE_KINGPAWNSHIELD:0.5181391324293205
CE_PIECECOORDINATION:0.5080248208707482
CE_MATERIAL:0.4999781778789291
CE_KINGSAFETY:0.5
C_PIECESQUARETABLES:0.5
C_MOBILITY:0.5056522998174472
C_KINGSAFETY:0.5
C_PAWNSTRUCTURE:0.5320306609405451
C_PIECECOORDINATION:0.5073257739057224
C_ROOKANDPAWNMOVEMENT:0.5073257739057224
C_CENTERCONTROL:0.4975929795623627
C_DEVELOPPIECES:0.5157673776930219
C_MATERIAL:0.4853321103787588
C_MOVECOUNT:0.4917388355382297
