ELO:995
CE_PASSEDPAWNS:0.5010213212678779
CE_PAWNWEAKNESSES:0.47572120930972916
CE_PIECEACTIVITY:0.5013287453633888
CE_KINGPAWNSHIELD:0.4788332125375877
CE_PIECECOORDINATION:0.4870129914898527
CE_MATERIAL:0.5028304092409832
CE_KINGSAFETY:0.5248769442767061
C_PIECESQUARETABLES:0.4950233091657813
C_MOBILITY:0.49628571431830926
C_KINGSAFETY:0.49541164482549593
C_PAWNSTRUCTURE:0.5223367404203788
C_PIECECOORDINATION:0.5073435995910985
C_ROOKANDPAWNMOVEMENT:0.5073435995910985
C_CENTERCONTROL:0.4849320342074043
C_DEVELOPPIECES:0.4925966126566997
C_MATERIAL:0.49017610560488223
