ELO:1000
CE_PASSEDPAWNS:0.4943435662029332
CE_PAWNWEAKNESSES:0.5358924208621263
CE_PIECEACTIVITY:0.5227567467686648
CE_KINGPAWNSHIELD:0.4836735711443202
CE_PIECECOORDINATION:0.503517785117743
CE_MATERIAL:0.4834469666766873
CE_KINGSAFETY:0.5270370990607619
C_PIECESQUARETABLES:0.5239935630518775
C_MOBILITY:0.4917810086693452
C_KINGSAFETY:0.5014480907592259
C_PAWNSTRUCTURE:0.48634631522658217
C_PIECECOORDINATION:0.4799809256063759
C_ROOKANDPAWNMOVEMENT:0.4799809256063759
C_CENTERCONTROL:0.5144190529433168
C_DEVELOPPIECES:0.4908819875707535
C_MATERIAL:0.5007404255469324
