ELO:1000
CE_PASSEDPAWNS:0.41312923450210765
CE_PAWNWEAKNESSES:0.5820272421732242
CE_PIECEACTIVITY:0.5539224581953051
CE_KINGPAWNSHIELD:0.4804304096941478
CE_PIECECOORDINATION:0.4690952851001942
CE_MATERIAL:0.5141085334390562
CE_KINGSAFETY:0.48740168774761544
C_PIECESQUARETABLES:0.473294470843257
C_MOBILITY:0.49099995721827694
C_KINGSAFETY:0.5124398807975709
C_PAWNSTRUCTURE:0.45238751505205527
C_PIECECOORDINATION:0.47080251568122394
C_ROOKANDPAWNMOVEMENT:0.47080251568122394
C_CENTERCONTROL:0.5867176737924428
C_DEVELOPPIECES:0.5361585172716037
C_MATERIAL:0.4502886925441085
