ELO:1011
CE_PASSEDPAWNS:0.5
CE_PAWNWEAKNESSES:0.49472739799033577
CE_PIECEACTIVITY:0.5
CE_KINGPAWNSHIELD:0.5
CE_PIECECOORDINATION:0.49658177218131727
CE_MATERIAL:0.5
CE_KINGSAFETY:0.49980508404563007
C_PIECESQUARETABLES:0.4997628079929173
C_MOBILITY:0.4905514250402237
C_KINGSAFETY:0.49759232999897346
C_PAWNSTRUCTURE:0.5
C_PIECECOORDINATION:0.5
C_ROOKANDPAWNMOVEMENT:0.5
C_CENTERCONTROL:0.5
C_DEVELOPPIECES:0.5
C_MATERIAL:0.5119707125729395
C_MOVECOUNT:0.5
