ELO:883
CE_PASSEDPAWNS:0.5067952574003606
CE_PAWNWEAKNESSES:0.4793293478418578
CE_PIECEACTIVITY:0.47174797709150257
CE_KINGPAWNSHIELD:0.527091424947575
CE_PIECECOORDINATION:0.5847848999669003
CE_MATERIAL:0.5334547599725804
CE_KINGSAFETY:0.45295735015700034
C_PIECESQUARETABLES:0.5445226375049231
C_MOBILITY:0.44035775893470913
C_KINGSAFETY:0.43894059813733016
C_PAWNSTRUCTURE:0.5403796716197762
C_PIECECOORDINATION:0.44994975217616456
C_ROOKANDPAWNMOVEMENT:0.44994975217616456
C_CENTERCONTROL:0.4299235230521781
C_DEVELOPPIECES:0.5574415619368797
C_MATERIAL:0.5487800785434859
