ELO:989
CE_PASSEDPAWNS:0.4820873461368583
CE_PAWNWEAKNESSES:0.539259735625474
CE_PIECEACTIVITY:0.5207448488846018
CE_KINGPAWNSHIELD:0.4959948419743934
CE_PIECECOORDINATION:0.48588731181673533
CE_MATERIAL:0.5440824875416039
CE_KINGSAFETY:0.5023199731137243
C_PIECESQUARETABLES:0.4978799582132457
C_MOBILITY:0.48391625315886283
C_KINGSAFETY:0.5042940341699278
C_PAWNSTRUCTURE:0.5122948048399372
C_PIECECOORDINATION:0.4872678385593432
C_ROOK:0.46719924207432767
CE_ROOK:0.5258252519866008
C_CENTERCONTROL:0.4912849937483206
C_DEVELOPPIECES:0.5046269721850773
C_MATERIAL:0.49852494944188874
C_MOVECOUNT:0.5443557772037748
C_PAWNMOVEMENT:0.49169967132605485
