ELO:912
CE_PASSEDPAWNS:0.487636513918572
CE_PAWNWEAKNESSES:0.48401045272424204
CE_PIECEACTIVITY:0.49080165007271337
CE_KINGPAWNSHIELD:0.5567643671172653
CE_PIECECOORDINATION:0.5288247805101416
CE_MATERIAL:0.4893631033521442
CE_KINGSAFETY:0.48307202748378714
C_PIECESQUARETABLES:0.5685738755946236
C_MOBILITY:0.4385191595766586
C_KINGSAFETY:0.45775363282038545
C_PAWNSTRUCTURE:0.5174205745863081
C_PIECECOORDINATION:0.4411218208831389
C_ROOKANDPAWNMOVEMENT:0.4411218208831389
C_CENTERCONTROL:0.46574710402471564
C_DEVELOPPIECES:0.5549400045416303
C_MATERIAL:0.5373328304056393
