ELO:1006
CE_PASSEDPAWNS:0.5143456495977546
CE_PAWNWEAKNESSES:0.5
CE_PIECEACTIVITY:0.5089263859296735
CE_KINGPAWNSHIELD:0.49373555501647737
CE_PIECECOORDINATION:0.49353783380742544
CE_MATERIAL:0.4849289903692384
CE_KINGSAFETY:0.4991897378367614
C_PIECESQUARETABLES:0.512173849091913
C_MOBILITY:0.5088993545742495
C_KINGSAFETY:0.4944101425090153
C_PAWNSTRUCTURE:0.50214347078371
C_PIECECOORDINATION:0.5123646374147866
C_ROOKANDPAWNMOVEMENT:0.5123646374147866
C_CENTERCONTROL:0.510119958487553
C_DEVELOPPIECES:0.5107982964951463
C_MATERIAL:0.5055942708049974
