ELO:957
CE_PASSEDPAWNS:0.46322574241378445
CE_PAWNWEAKNESSES:0.5513659352488944
CE_PIECEACTIVITY:0.5417239069739206
CE_KINGPAWNSHIELD:0.4930730499357154
CE_PIECECOORDINATION:0.46010292813175363
CE_MATERIAL:0.5306313035793787
CE_KINGSAFETY:0.4750581213704728
C_PIECESQUARETABLES:0.4606417118608263
C_MOBILITY:0.5058030860797366
C_KINGSAFETY:0.5323428541396745
C_PAWNSTRUCTURE:0.4824738414977838
C_PIECECOORDINATION:0.49141502828221423
C_ROOKANDPAWNMOVEMENT:0.49141502828221423
C_CENTERCONTROL:0.5993343634856394
C_DEVELOPPIECES:0.5589751268249513
C_MATERIAL:0.42286577512403994
