ELO:890
CE_PASSEDPAWNS:0.4736286582630108
CE_PAWNWEAKNESSES:0.5367893980831207
CE_PIECEACTIVITY:0.5297762021198051
CE_KINGPAWNSHIELD:0.4717813860981602
CE_PIECECOORDINATION:0.47748997984070185
CE_MATERIAL:0.5666662704565318
CE_KINGSAFETY:0.48892199671095044
C_PIECESQUARETABLES:0.509276574460359
C_MOBILITY:0.4926305595467913
C_KINGSAFETY:0.5103154418962551
C_PAWNSTRUCTURE:0.5151693782241651
C_PIECECOORDINATION:0.46089988904713264
C_ROOK:0.4734246668615164
CE_ROOK:0.49598634332318975
C_CENTERCONTROL:0.46976414727805105
C_DEVELOPPIECES:0.5079788942555806
C_MATERIAL:0.49979396396093195
C_MOVECOUNT:0.5454534160197262
C_PAWNMOVEMENT:0.4813598937401535
