ELO:970
CE_PASSEDPAWNS:0.4947193063534915
CE_PAWNWEAKNESSES:0.4948311608340579
CE_PIECEACTIVITY:0.4620828316480022
CE_KINGPAWNSHIELD:0.4863662441191082
CE_PIECECOORDINATION:0.5039884444154783
CE_MATERIAL:0.4832558515224509
CE_KINGSAFETY:0.49754732434190924
C_PIECESQUARETABLES:0.4882811083371902
C_MOBILITY:0.5140975572857337
C_KINGSAFETY:0.502675889137658
C_PAWNSTRUCTURE:0.5043708766928796
C_PIECECOORDINATION:0.4867336493425786
C_ROOKANDPAWNMOVEMENT:0.4867336493425786
C_CENTERCONTROL:0.5105214684026826
C_DEVELOPPIECES:0.5044224911790215
C_MATERIAL:0.5110081588502426
C_MOVECOUNT:0.49085348482450475
