ELO:1000
CE_PASSEDPAWNS:0.5693027464344557
CE_PAWNWEAKNESSES:0.5050185355706441
CE_PIECEACTIVITY:0.503895387651539
CE_KINGPAWNSHIELD:0.4476966837775159
CE_PIECECOORDINATION:0.475844546256659
CE_MATERIAL:0.4722440340817706
CE_KINGSAFETY:0.5
C_PIECESQUARETABLES:0.5
C_MOBILITY:0.48522071350797663
C_KINGSAFETY:0.47753259745863363
C_PAWNSTRUCTURE:0.5268976236915364
C_PIECECOORDINATION:0.4973935093838328
C_ROOKANDPAWNMOVEMENT:0.4973935093838328
C_CENTERCONTROL:0.47397937416425223
C_DEVELOPPIECES:0.45890387878260797
C_MATERIAL:0.4529092275892154
