ELO:960
CE_PASSEDPAWNS:0.3948139605920492
CE_PAWNWEAKNESSES:0.5508023607393526
CE_PIECEACTIVITY:0.5385307617007499
CE_KINGPAWNSHIELD:0.4620838338382168
CE_PIECECOORDINATION:0.46161803536518187
CE_MATERIAL:0.5386175945725852
CE_KINGSAFETY:0.490464639067933
C_PIECESQUARETABLES:0.49828063498387837
C_MOBILITY:0.494852496748453
C_KINGSAFETY:0.5461735753948287
C_PAWNSTRUCTURE:0.532372441837316
C_PIECECOORDINATION:0.5159044566021906
C_ROOKANDPAWNMOVEMENT:0.5159044566021906
C_CENTERCONTROL:0.5806075918293684
C_DEVELOPPIECES:0.5781188700790091
C_MATERIAL:0.45879502429636354
