ELO:992
CE_PASSEDPAWNS:0.4820873461368583
CE_PAWNWEAKNESSES:0.5398955555363791
CE_PIECEACTIVITY:0.5264498856741064
CE_KINGPAWNSHIELD:0.4959948419743934
CE_PIECECOORDINATION:0.4820917662552091
CE_MATERIAL:0.5494462676247406
CE_KINGSAFETY:0.4921319033315773
C_PIECESQUARETABLES:0.5
C_MOBILITY:0.4901786875983954
C_KINGSAFETY:0.5064905321601708
C_PAWNSTRUCTURE:0.5057803471834685
C_PIECECOORDINATION:0.4898342940097887
C_ROOK:0.47726056601738376
CE_ROOK:0.5258252519866008
C_CENTERCONTROL:0.4912849937483206
C_DEVELOPPIECES:0.5046269721850773
C_MATERIAL:0.4929117351236719
C_MOVECOUNT:0.5502691107708665
C_PAWNMOVEMENT:0.49169967132605485
