ELO:994
CE_PASSEDPAWNS:0.49550850373720334
CE_PAWNWEAKNESSES:0.5164479746697885
CE_PIECEACTIVITY:0.4830469968537723
CE_KINGPAWNSHIELD:0.5059467292921189
CE_PIECECOORDINATION:0.5065459474313315
CE_MATERIAL:0.48386780767259546
CE_KINGSAFETY:0.5030976579210501
C_PIECESQUARETABLES:0.49628759564062563
C_MOBILITY:0.48573665579011965
C_KINGSAFETY:0.48369597988597507
C_PAWNSTRUCTURE:0.5141767576209998
C_PIECECOORDINATION:0.5102764312153657
C_ROOK:0.48094836395259327
CE_ROOK:0.5225853511020785
C_CENTERCONTROL:0.47806533647317667
C_DEVELOPPIECES:0.49458407970290613
C_MATERIAL:0.5056924953844153
C_MOVECOUNT:0.5250694577532361
C_PAWNMOVEMENT:0.5067968288634151
