ELO:1009
CE_PASSEDPAWNS:0.4977953444883412
CE_PAWNWEAKNESSES:0.4983900433036978
CE_PIECEACTIVITY:0.48905129802442937
CE_KINGPAWNSHIELD:0.4950632049428683
CE_PIECECOORDINATION:0.5204853598539891
CE_MATERIAL:0.49827798132996587
CE_KINGSAFETY:0.507955973394121
C_PIECESQUARETABLES:0.5
C_MOBILITY:0.5041662545918199
C_KINGSAFETY:0.48291548632495457
C_PAWNSTRUCTURE:0.4993318392740497
C_PIECECOORDINATION:0.49770967451936854
C_ROOKANDPAWNMOVEMENT:0.49770967451936854
C_CENTERCONTROL:0.4935973999322644
C_DEVELOPPIECES:0.4966086720324786
C_MATERIAL:0.48800822288610735
C_MOVECOUNT:0.5184422088427147
