ELO:916
CE_PASSEDPAWNS:0.4795763863348245
CE_PAWNWEAKNESSES:0.49621707659098085
CE_PIECEACTIVITY:0.4911969190337431
CE_KINGPAWNSHIELD:0.5634609491226313
CE_PIECECOORDINATION:0.5433771603467848
CE_MATERIAL:0.4811331446136343
CE_KINGSAFETY:0.46785191355812183
C_PIECESQUARETABLES:0.560938381192834
C_MOBILITY:0.4440978920643305
C_KINGSAFETY:0.4592471999669676
C_PAWNSTRUCTURE:0.4985782609904662
C_PIECECOORDINATION:0.4325831301766678
C_ROOKANDPAWNMOVEMENT:0.4325831301766678
C_CENTERCONTROL:0.4655625106530585
C_DEVELOPPIECES:0.5374395988004587
C_MATERIAL:0.5338972921808144
