ELO:1000
CE_PASSEDPAWNS:0.5433636654335181
CE_PAWNWEAKNESSES:0.4945623892842016
CE_PIECEACTIVITY:0.4989110571838381
CE_KINGPAWNSHIELD:0.4620314342759226
CE_PIECECOORDINATION:0.46469257667689623
CE_MATERIAL:0.48112961129060494
CE_KINGSAFETY:0.44502569123049207
C_PIECESQUARETABLES:0.529876979473337
C_MOBILITY:0.48350505599947274
C_KINGSAFETY:0.4776363357697755
C_PAWNSTRUCTURE:0.528073828508709
C_PIECECOORDINATION:0.49661967051621997
C_ROOKANDPAWNMOVEMENT:0.49661967051621997
C_CENTERCONTROL:0.4691468656217769
C_DEVELOPPIECES:0.5418107242914832
C_MATERIAL:0.4792384239846386
