ELO:865
CE_PASSEDPAWNS:0.5107040160764261
CE_PAWNWEAKNESSES:0.5384484595277345
CE_PIECEACTIVITY:0.5402990131312851
CE_KINGPAWNSHIELD:0.5079595809226372
CE_PIECECOORDINATION:0.5062298079238384
CE_MATERIAL:0.44882570942255695
CE_KINGSAFETY:0.504316950622522
C_PIECESQUARETABLES:0.514114091809264
C_MOBILITY:0.42696140871801364
C_KINGSAFETY:0.5216292556156372
C_PAWNSTRUCTURE:0.45476639446148925
C_PIECECOORDINATION:0.5327601768617557
C_ROOKANDPAWNMOVEMENT:0.5327601768617557
C_CENTERCONTROL:0.5617864868195492
C_DEVELOPPIECES:0.5110934526608581
C_MATERIAL:0.49291319405177025
C_MOVECOUNT:0.5
