ELO:992
CE_PASSEDPAWNS:0.504565068826965
CE_PAWNWEAKNESSES:0.5164753791804529
CE_PIECEACTIVITY:0.5360850906915228
CE_KINGPAWNSHIELD:0.5
CE_PIECECOORDINATION:0.49795378107237265
CE_MATERIAL:0.4855466208374563
CE_KINGSAFETY:0.5
C_PIECESQUARETABLES:0.5
C_MOBILITY:0.47415434442110677
C_KINGSAFETY:0.4772992513380381
C_PAWNSTRUCTURE:0.5241965214962074
C_PIECECOORDINATION:0.4720182570963431
C_ROOK:0.5103960963287268
CE_ROOK:0.5133696208021866
C_CENTERCONTROL:0.5117842844770017
C_DEVELOPPIECES:0.4880202182608303
C_MATERIAL:0.47499379029566563
C_MOVECOUNT:0.498878073231577
C_PAWNMOVEMENT:0.4973441150526676
