ELO:931
CE_PASSEDPAWNS:0.5117438166158775
CE_PAWNWEAKNESSES:0.5270445907799473
CE_PIECEACTIVITY:0.5098830584776859
CE_KINGPAWNSHIELD:0.5150655711278901
CE_PIECECOORDINATION:0.47665349385964606
CE_MATERIAL:0.48689751805841397
CE_KINGSAFETY:0.4659287322336287
C_PIECESQUARETABLES:0.5085145229201532
C_MOBILITY:0.48645842478099843
C_KINGSAFETY:0.5166999095826444
C_PAWNSTRUCTURE:0.5040119489620638
C_PIECECOORDINATION:0.47534615334573416
C_ROOK:0.48447607079081473
CE_ROOK:0.48819670421387595
C_CENTERCONTROL:0.5639805777471467
C_DEVELOPPIECES:0.49536781844271716
C_MATERIAL:0.49736100383909426
C_MOVECOUNT:0.4781742484990566
C_PAWNMOVEMENT:0.49705130300245526
