ELO:966
CE_PASSEDPAWNS:0.5103638719112065
CE_PAWNWEAKNESSES:0.5261040975930689
CE_PIECEACTIVITY:0.5122350921703588
CE_KINGPAWNSHIELD:0.48180229245328965
CE_PIECECOORDINATION:0.514636901464613
CE_MATERIAL:0.49610519189768726
CE_KINGSAFETY:0.48895407679842584
C_PIECESQUARETABLES:0.4999172538887229
C_MOBILITY:0.48427016730578093
C_KINGSAFETY:0.531648991773071
C_PAWNSTRUCTURE:0.4791755478534045
C_PIECECOORDINATION:0.5017332298941192
C_ROOKANDPAWNMOVEMENT:0.5017332298941192
C_CENTERCONTROL:0.5176843570105247
C_DEVELOPPIECES:0.5092480242955858
C_MATERIAL:0.5065707726165725
C_MOVECOUNT:0.5194764398139965
