ELO:966
CE_PASSEDPAWNS:0.5098890361592022
CE_PAWNWEAKNESSES:0.4628687411832261
CE_PIECEACTIVITY:0.5172557850083768
CE_KINGPAWNSHIELD:0.5139418753198729
CE_PIECECOORDINATION:0.5141977092075346
CE_MATERIAL:0.46144641990871865
CE_KINGSAFETY:0.509032760700951
C_PIECESQUARETABLES:0.5002994660823206
C_MOBILITY:0.49565525709289726
C_KINGSAFETY:0.5319974607595234
C_PAWNSTRUCTURE:0.5254621977698821
C_PIECECOORDINATION:0.5031607513137517
C_ROOKANDPAWNMOVEMENT:0.5031607513137517
C_CENTERCONTROL:0.5234305898394576
C_DEVELOPPIECES:0.4843716547446346
C_MATERIAL:0.48711386308398164
C_MOVECOUNT:0.5579957769758401
