ELO:989
CE_PASSEDPAWNS:0.5181768316466923
CE_PAWNWEAKNESSES:0.45552036386824024
CE_PIECEACTIVITY:0.5256534381721791
CE_KINGPAWNSHIELD:0.5315999769813319
CE_PIECECOORDINATION:0.49146138157221103
CE_MATERIAL:0.4694181679613265
CE_KINGSAFETY:0.5147411248519755
C_PIECESQUARETABLES:0.5037557967896722
C_MOBILITY:0.5747519515085369
C_KINGSAFETY:0.5250912115677565
C_PAWNSTRUCTURE:0.460923113112101
C_PIECECOORDINATION:0.49481266204964397
C_ROOKANDPAWNMOVEMENT:0.49481266204964397
C_CENTERCONTROL:0.42196360350270545
C_DEVELOPPIECES:0.4263799928679096
C_MATERIAL:0.6336097674609312
