ELO:987
CE_PASSEDPAWNS:0.5320656053403335
CE_PAWNWEAKNESSES:0.5941075744589766
CE_PIECEACTIVITY:0.4856037969103853
CE_KINGPAWNSHIELD:0.4713607250097409
CE_PIECECOORDINATION:0.532499256059875
CE_MATERIAL:0.47335877550477906
CE_KINGSAFETY:0.5443677489099247
C_PIECESQUARETABLES:0.4624993286025164
C_MOBILITY:0.6299243089168863
C_KINGSAFETY:0.4628118873178768
C_PAWNSTRUCTURE:0.5353271192776682
C_PIECECOORDINATION:0.5220118358687782
C_ROOKANDPAWNMOVEMENT:0.5220118358687782
C_CENTERCONTROL:0.4584458188235464
C_DEVELOPPIECES:0.5322869593386744
C_MATERIAL:0.4762241586699909
