ELO:896
CE_PASSEDPAWNS:0.4691654385247523
CE_PAWNWEAKNESSES:0.45743555179261286
CE_PIECEACTIVITY:0.5047624166403498
CE_KINGPAWNSHIELD:0.5
CE_PIECECOORDINATION:0.5001373271431139
CE_MATERIAL:0.4670213175191197
CE_KINGSAFETY:0.5318099642999553
C_PIECESQUARETABLES:0.5530552520984735
C_MOBILITY:0.5890105804502904
C_KINGSAFETY:0.5001768642884062
C_PAWNSTRUCTURE:0.4941075622468335
C_PIECECOORDINATION:0.5327460930268154
C_ROOKANDPAWNMOVEMENT:0.5327460930268154
C_CENTERCONTROL:0.4784761308218375
C_DEVELOPPIECES:0.4754169455725677
C_MATERIAL:0.4530813880468574
C_MOVECOUNT:0.5
