ELO:986
CE_PASSEDPAWNS:0.503706062731549
CE_PAWNWEAKNESSES:0.5103018617094313
CE_PIECEACTIVITY:0.508503130802141
CE_KINGPAWNSHIELD:0.49806867403649585
CE_PIECECOORDINATION:0.4999893991292869
CE_MATERIAL:0.5043216855736975
CE_KINGSAFETY:0.5124467881280369
C_PIECESQUARETABLES:0.5017731389081638
C_MOBILITY:0.5
C_KINGSAFETY:0.49986473120550173
C_PAWNSTRUCTURE:0.5147128366387831
C_PIECECOORDINATION:0.4951930305389069
C_ROOKANDPAWNMOVEMENT:0.4951930305389069
C_CENTERCONTROL:0.5064622014681264
C_DEVELOPPIECES:0.5060279854666604
C_MATERIAL:0.5059066709265532
C_MOVECOUNT:0.5
