ELO:933
CE_PASSEDPAWNS:0.5103638719112065
CE_PAWNWEAKNESSES:0.5456889824510902
CE_PIECEACTIVITY:0.5041504736117819
CE_KINGPAWNSHIELD:0.476593451907146
CE_PIECECOORDINATION:0.5224310184073131
CE_MATERIAL:0.4909164581882911
CE_KINGSAFETY:0.48895407679842584
C_PIECESQUARETABLES:0.5098131263951738
C_MOBILITY:0.48427016730578093
C_KINGSAFETY:0.5332570708952749
C_PAWNSTRUCTURE:0.46849012091312386
C_PIECECOORDINATION:0.49907859389499776
C_ROOKANDPAWNMOVEMENT:0.49907859389499776
C_CENTERCONTROL:0.5176843570105247
C_DEVELOPPIECES:0.5092480242955858
C_MATERIAL:0.5040624034263738
C_MOVECOUNT:0.5005097618835351
