ELO:799
CE_PASSEDPAWNS:0.5623607795586587
CE_PAWNWEAKNESSES:0.49583077285438587
CE_PIECEACTIVITY:0.49947067892769287
CE_KINGPAWNSHIELD:0.5467350717918428
CE_PIECECOORDINATION:0.5341316385204145
CE_MATERIAL:0.487749639694192
CE_KINGSAFETY:0.5161908662924263
C_PIECESQUARETABLES:0.5048252462374455
C_MOBILITY:0.5083706717425333
C_KINGSAFETY:0.37051336870912416
C_PAWNSTRUCTURE:0.5656697645900072
C_PIECECOORDINATION:0.5102950294459128
C_ROOKANDPAWNMOVEMENT:0.5102950294459128
C_CENTERCONTROL:0.48942141726717026
C_DEVELOPPIECES:0.46656727058726843
C_MATERIAL:0.4432568017694514
C_MOVECOUNT:0.5353078495499046
