ELO:1000
CE_PASSEDPAWNS:0.5152088680691925
CE_PAWNWEAKNESSES:0.5102015032277836
CE_PIECEACTIVITY:0.49108988660109854
CE_KINGPAWNSHIELD:0.5068672587402552
CE_PIECECOORDINATION:0.48487724024141415
CE_MATERIAL:0.5187960897490067
CE_KINGSAFETY:0.5
C_PIECESQUARETABLES:0.4856799824817858
C_MOBILITY:0.49711720206966087
C_KINGSAFETY:0.48229877457168807
C_PAWNSTRUCTURE:0.4929118790614646
C_PIECECOORDINATION:0.4858894510450129
C_ROOKANDPAWNMOVEMENT:0.4858894510450129
C_CENTERCONTROL:0.47949483572796375
C_DEVELOPPIECES:0.4944709676393362
C_MATERIAL:0.4844137431051621
