ELO:921
CE_PASSEDPAWNS:0.5078926428535192
CE_PAWNWEAKNESSES:0.5265398725635907
CE_PIECEACTIVITY:0.5103801566972938
CE_KINGPAWNSHIELD:0.5249610757098198
CE_PIECECOORDINATION:0.4757298877862939
CE_MATERIAL:0.49361003384190866
CE_KINGSAFETY:0.4709347327196742
C_PIECESQUARETABLES:0.5000367239290118
C_MOBILITY:0.4846086931672716
C_KINGSAFETY:0.5161176755044027
C_PAWNSTRUCTURE:0.49991814373050203
C_PIECECOORDINATION:0.47999245821402375
C_ROOK:0.4936511679353703
CE_ROOK:0.47770002733422684
C_CENTERCONTROL:0.5449529404197103
C_DEVELOPPIECES:0.49962855159943204
C_MATERIAL:0.5064999169437446
C_MOVECOUNT:0.4621358158891414
C_PAWNMOVEMENT:0.500331084575169
