ELO:994
CE_PASSEDPAWNS:0.5002491935163921
CE_PAWNWEAKNESSES:0.48346241315726174
CE_PIECEACTIVITY:0.49502778530380614
CE_KINGPAWNSHIELD:0.5050514093312942
CE_PIECECOORDINATION:0.5245399510805944
CE_MATERIAL:0.4799241714565784
CE_KINGSAFETY:0.5
C_PIECESQUARETABLES:0.5136413423371706
C_MOBILITY:0.4930258176503512
C_KINGSAFETY:0.5
C_PAWNSTRUCTURE:0.5249821973748507
C_PIECECOORDINATION:0.5042090830994278
C_ROOKANDPAWNMOVEMENT:0.5042090830994278
C_CENTERCONTROL:0.49898722925906497
C_DEVELOPPIECES:0.496738599198061
C_MATERIAL:0.5017269311360569
C_MOVECOUNT:0.5
