ELO:992
CE_PASSEDPAWNS:0.44593050084180763
CE_PAWNWEAKNESSES:0.49167256391691877
CE_PIECEACTIVITY:0.513548150817312
CE_KINGPAWNSHIELD:0.5272050368281263
CE_PIECECOORDINATION:0.49795378107237265
CE_MATERIAL:0.5240102503876125
CE_KINGSAFETY:0.5
C_PIECESQUARETABLES:0.5
C_MOBILITY:0.5188596321346172
C_KINGSAFETY:0.5149273698185248
C_PAWNSTRUCTURE:0.5079362917316934
C_PIECECOORDINATION:0.5200822114595114
C_ROOK:0.46687634147408036
CE_ROOK:0.494003126079904
C_CENTERCONTROL:0.5101088073423136
C_DEVELOPPIECES:0.4880202182608303
C_MATERIAL:0.48045192605560944
C_MOVECOUNT:0.5158813356519456
C_PAWNMOVEMENT:0.5147907540876293
