ELO:981
CE_PASSEDPAWNS:0.5493245983210526
CE_PAWNWEAKNESSES:0.5438556956267256
CE_PIECEACTIVITY:0.45560246643036145
CE_KINGPAWNSHIELD:0.3868474722139181
CE_PIECECOORDINATION:0.4846973356516632
CE_MATERIAL:0.5107802829042556
CE_KINGSAFETY:0.5133292550713346
C_PIECESQUARETABLES:0.4588828036833763
C_MOBILITY:0.5765547724517667
C_KINGSAFETY:0.5742475742575268
C_PAWNSTRUCTURE:0.5847694772933363
C_PIECECOORDINATION:0.5447693233384205
C_ROOKANDPAWNMOVEMENT:0.5447693233384205
C_CENTERCONTROL:0.5419081515997246
C_DEVELOPPIECES:0.4590882314975813
C_MATERIAL:0.6231002368676436
