ELO:862
CE_PASSEDPAWNS:0.523109583100091
CE_PAWNWEAKNESSES:0.5066212025130798
CE_PIECEACTIVITY:0.5415362359982471
CE_KINGPAWNSHIELD:0.4186025840173326
CE_PIECECOORDINATION:0.5010970075577575
CE_MATERIAL:0.4825844165990175
CE_KINGSAFETY:0.4821801933365079
C_PIECESQUARETABLES:0.4989195876825292
C_MOBILITY:0.44990802631272
C_KINGSAFETY:0.5141039617769385
C_PAWNSTRUCTURE:0.5098986147214789
C_PIECECOORDINATION:0.4767133952866274
C_ROOKANDPAWNMOVEMENT:0.4767133952866274
C_CENTERCONTROL:0.46227684878639635
C_DEVELOPPIECES:0.49345193204530263
C_MATERIAL:0.49087024144172803
C_MOVECOUNT:0.47468309101384887
