ELO:1000
CE_PASSEDPAWNS:0.5122382794247059
CE_PAWNWEAKNESSES:0.5625820077260493
CE_PIECEACTIVITY:0.5147493488503287
CE_KINGPAWNSHIELD:0.4566643004824976
CE_PIECECOORDINATION:0.47815376771609364
CE_MATERIAL:0.5490364309846765
CE_KINGSAFETY:0.4744739921153372
C_PIECESQUARETABLES:0.5109448455296168
C_MOBILITY:0.48574626861623993
C_KINGSAFETY:0.4581334541609858
C_PAWNSTRUCTURE:0.47894706757146743
C_PIECECOORDINATION:0.4294936849214088
C_ROOKANDPAWNMOVEMENT:0.4294936849214088
C_CENTERCONTROL:0.47706720010052933
C_DEVELOPPIECES:0.5252217676675727
C_MATERIAL:0.4631240736157533
