ELO:966
CE_PASSEDPAWNS:0.533024467198043
CE_PAWNWEAKNESSES:0.5657528135798318
CE_PIECEACTIVITY:0.4124175243743802
CE_KINGPAWNSHIELD:0.4766669480292238
CE_PIECECOORDINATION:0.44284994017477075
CE_MATERIAL:0.4352983751919719
CE_KINGSAFETY:0.4883446093857032
C_PIECESQUARETABLES:0.49768479554567835
C_MOBILITY:0.5914577007250165
C_KINGSAFETY:0.5597649237207298
C_PAWNSTRUCTURE:0.6416995513535738
C_PIECECOORDINATION:0.4363032984496985
C_ROOKANDPAWNMOVEMENT:0.4363032984496985
C_CENTERCONTROL:0.5847455270043311
C_DEVELOPPIECES:0.4440611738549465
C_MATERIAL:0.45522345848029666
