ELO:1021
CE_PASSEDPAWNS:0.5
CE_PAWNWEAKNESSES:0.5
CE_PIECEACTIVITY:0.4980759599280986
CE_KINGPAWNSHIELD:0.5
CE_PIECECOORDINATION:0.5
CE_MATERIAL:0.5
CE_KINGSAFETY:0.5025710146407664
C_PIECESQUARETABLES:0.5
C_MOBILITY:0.5021418273549924
C_KINGSAFETY:0.49433907303102037
C_PAWNSTRUCTURE:0.5
C_PIECECOORDINATION:0.5
C_ROOKANDPAWNMOVEMENT:0.5
C_CENTERCONTROL:0.5091600391634652
C_DEVELOPPIECES:0.48840772772011715
C_MATERIAL:0.5035624052044242
