ELO:989
CE_PASSEDPAWNS:0.5268701115335807
CE_PAWNWEAKNESSES:0.4747266971979074
CE_PIECEACTIVITY:0.5101834539548609
CE_KINGPAWNSHIELD:0.542603462243025
CE_PIECECOORDINATION:0.4804853219555397
CE_MATERIAL:0.4694181679613265
CE_KINGSAFETY:0.5147411248519755
C_PIECESQUARETABLES:0.49538525643862136
C_MOBILITY:0.5780795764060361
C_KINGSAFETY:0.5344268169703434
C_PAWNSTRUCTURE:0.32659486032772983
C_PIECECOORDINATION:0.49481266204964397
C_ROOKANDPAWNMOVEMENT:0.49481266204964397
C_CENTERCONTROL:0.42196360350270545
C_DEVELOPPIECES:0.4342435524098856
C_MATERIAL:0.6234991122067586
