ELO:1024
CE_PASSEDPAWNS:0.4825039775376776
CE_PAWNWEAKNESSES:0.5022133985970696
CE_PIECEACTIVITY:0.5010896024847653
CE_KINGPAWNSHIELD:0.4930781771996245
CE_PIECECOORDINATION:0.4936143331867987
CE_MATERIAL:0.542717371761916
CE_KINGSAFETY:0.4922587102324895
C_PIECESQUARETABLES:0.5
C_MOBILITY:0.5002702423228267
C_KINGSAFETY:0.4913155656316063
C_PAWNSTRUCTURE:0.5200404423474579
C_PIECECOORDINATION:0.5151081034862183
C_ROOK:0.49364018002145993
CE_ROOK:0.4998844434018614
C_CENTERCONTROL:0.4797949178573378
C_DEVELOPPIECES:0.4939266570965909
C_MATERIAL:0.5051611236867987
C_MOVECOUNT:0.5008972420924181
C_PAWNMOVEMENT:0.4984376566179034
