ELO:1007
CE_PASSEDPAWNS:0.4870211652581284
CE_PAWNWEAKNESSES:0.4963980784193747
CE_PIECEACTIVITY:0.5184741299332113
CE_KINGPAWNSHIELD:0.5002856131989022
CE_PIECECOORDINATION:0.48464298584423104
CE_MATERIAL:0.516911262765925
CE_KINGSAFETY:0.5
C_PIECESQUARETABLES:0.5
C_MOBILITY:0.48768308349733
C_KINGSAFETY:0.49538784424295745
C_PAWNSTRUCTURE:0.5289334434241908
C_PIECECOORDINATION:0.5
C_ROOKANDPAWNMOVEMENT:0.5
C_CENTERCONTROL:0.5
C_DEVELOPPIECES:0.5
C_MATERIAL:0.5142568387394747
C_MOVECOUNT:0.5
