ELO:864
CE_PASSEDPAWNS:0.5370104203634954
CE_PAWNWEAKNESSES:0.4534129834092137
CE_PIECEACTIVITY:0.5166445959304563
CE_KINGPAWNSHIELD:0.4509034047549997
CE_PIECECOORDINATION:0.550667014838092
CE_MATERIAL:0.46479072769313207
CE_KINGSAFETY:0.4862712626499762
C_PIECESQUARETABLES:0.5081336000242027
C_MOBILITY:0.5063706924241852
C_KINGSAFETY:0.4981645199118975
C_PAWNSTRUCTURE:0.48946091176874923
C_PIECECOORDINATION:0.4878280479047824
C_ROOKANDPAWNMOVEMENT:0.4878280479047824
C_CENTERCONTROL:0.4788039330858914
C_DEVELOPPIECES:0.570072794725704
C_MATERIAL:0.4983778784228264
C_MOVECOUNT:0.5
