ELO:1010
CE_PASSEDPAWNS:0.5
CE_PAWNWEAKNESSES:0.5117465106983053
CE_PIECEACTIVITY:0.5
CE_KINGPAWNSHIELD:0.4971985744176982
CE_PIECECOORDINATION:0.5102032994590321
CE_MATERIAL:0.5
CE_KINGSAFETY:0.506775638909428
C_PIECESQUARETABLES:0.499646904956183
C_MOBILITY:0.5
C_KINGSAFETY:0.5
C_PAWNSTRUCTURE:0.5
C_PIECECOORDINATION:0.4925462984030836
C_ROOKANDPAWNMOVEMENT:0.4925462984030836
C_CENTERCONTROL:0.5
C_DEVELOPPIECES:0.5183220883968094
C_MATERIAL:0.5260261967024715
C_MOVECOUNT:0.5
