ELO:955
CE_PASSEDPAWNS:0.4775132147983737
CE_PAWNWEAKNESSES:0.4812242460041382
CE_PIECEACTIVITY:0.6244233064881777
CE_KINGPAWNSHIELD:0.4641522644172598
CE_PIECECOORDINATION:0.5006254077195683
CE_MATERIAL:0.45884646826273623
CE_KINGSAFETY:0.5449942008724372
C_PIECESQUARETABLES:0.5026014814611667
C_MOBILITY:0.4708176421033687
C_KINGSAFETY:0.469676028986422
C_PAWNSTRUCTURE:0.46054427260367564
C_PIECECOORDINATION:0.5370524463484649
C_ROOKANDPAWNMOVEMENT:0.5370524463484649
C_CENTERCONTROL:0.45586248876813124
C_DEVELOPPIECES:0.4985616791061792
C_MATERIAL:0.4274362761592523
