ELO:1000
CE_PASSEDPAWNS:0.4823232040465189
CE_PAWNWEAKNESSES:0.568103621007836
CE_PIECEACTIVITY:0.4874474215302531
CE_KINGPAWNSHIELD:0.5193398754596559
CE_PIECECOORDINATION:0.5004741368074848
CE_MATERIAL:0.512873237733967
CE_KINGSAFETY:0.4807165470749075
C_PIECESQUARETABLES:0.48694480261816314
C_MOBILITY:0.5455565533725819
C_KINGSAFETY:0.4794060583705315
C_PAWNSTRUCTURE:0.5082755075963743
C_PIECECOORDINATION:0.45723503469607985
C_ROOKANDPAWNMOVEMENT:0.45723503469607985
C_CENTERCONTROL:0.46997172618044475
C_DEVELOPPIECES:0.5158431567405335
C_MATERIAL:0.5461790332095712
