ELO:972
CE_PASSEDPAWNS:0.500691101461735
CE_PAWNWEAKNESSES:0.465007261531103
CE_PIECEACTIVITY:0.4978870987938629
CE_KINGPAWNSHIELD:0.49066818643004484
CE_PIECECOORDINATION:0.5057395287098012
CE_MATERIAL:0.5
CE_KINGSAFETY:0.5
C_PIECESQUARETABLES:0.5
C_MOBILITY:0.49058116724438283
C_KINGSAFETY:0.5247941682970518
C_PAWNSTRUCTURE:0.5
C_PIECECOORDINATION:0.49253713267258276
C_ROOKANDPAWNMOVEMENT:0.49253713267258276
C_CENTERCONTROL:0.5129774891601108
C_DEVELOPPIECES:0.5005983840395589
C_MATERIAL:0.49826134497003655
C_MOVECOUNT:0.4748310096275162
