ELO:914
CE_PASSEDPAWNS:0.5
CE_PAWNWEAKNESSES:0.5010286916011922
CE_PIECEACTIVITY:0.5692919469709599
CE_KINGPAWNSHIELD:0.5390494632954611
CE_PIECECOORDINATION:0.5715105780472752
CE_MATERIAL:0.48018118755195593
CE_KINGSAFETY:0.5
C_PIECESQUARETABLES:0.5
C_MOBILITY:0.47601702317990796
C_KINGSAFETY:0.4959109281930324
C_PAWNSTRUCTURE:0.5064136521877213
C_PIECECOORDINATION:0.5488558872474572
C_ROOKANDPAWNMOVEMENT:0.5488558872474572
C_CENTERCONTROL:0.5
C_DEVELOPPIECES:0.47052533932066637
C_MATERIAL:0.4807675209751032
C_MOVECOUNT:0.5
