ELO:982
CE_PASSEDPAWNS:0.4918693024075597
CE_PAWNWEAKNESSES:0.4959031719677066
CE_PIECEACTIVITY:0.5
CE_KINGPAWNSHIELD:0.5
CE_PIECECOORDINATION:0.5280875985012714
CE_MATERIAL:0.5189615516504803
CE_KINGSAFETY:0.49178826859974634
C_PIECESQUARETABLES:0.5065679748262099
C_MOBILITY:0.5
C_KINGSAFETY:0.47089060354415635
C_PAWNSTRUCTURE:0.4790459994356022
C_PIECECOORDINATION:0.4884715829569522
C_ROOKANDPAWNMOVEMENT:0.4884715829569522
C_CENTERCONTROL:0.517408380393179
C_DEVELOPPIECES:0.49091376164617884
C_MATERIAL:0.4876482594960921
C_MOVECOUNT:0.5
