ELO:965
CE_PASSEDPAWNS:0.5114224537232462
CE_PAWNWEAKNESSES:0.5167927370511307
CE_PIECEACTIVITY:0.5122350921703588
CE_KINGPAWNSHIELD:0.4818945114090271
CE_PIECECOORDINATION:0.514636901464613
CE_MATERIAL:0.5020699927085812
CE_KINGSAFETY:0.48895407679842584
C_PIECESQUARETABLES:0.510230772132964
C_MOBILITY:0.48427016730578093
C_KINGSAFETY:0.5280360005337491
C_PAWNSTRUCTURE:0.49076009271124954
C_PIECECOORDINATION:0.5062889479590972
C_ROOKANDPAWNMOVEMENT:0.5062889479590972
C_CENTERCONTROL:0.5141384137376926
C_DEVELOPPIECES:0.5092480242955858
C_MATERIAL:0.5065707726165725
C_MOVECOUNT:0.5206751415168329
