ELO:960
CE_PASSEDPAWNS:0.4885719993397731
CE_PAWNWEAKNESSES:0.5752372148389395
CE_PIECEACTIVITY:0.526167178816392
CE_KINGPAWNSHIELD:0.4301355089161393
CE_PIECECOORDINATION:0.5066031587395772
CE_MATERIAL:0.49673933114033175
CE_KINGSAFETY:0.5133968581514438
C_PIECESQUARETABLES:0.48625249708760376
C_MOBILITY:0.6202621755908823
C_KINGSAFETY:0.47941390270915646
C_PAWNSTRUCTURE:0.49893659743277363
C_PIECECOORDINATION:0.5251672611325288
C_ROOKANDPAWNMOVEMENT:0.5251672611325288
C_CENTERCONTROL:0.44621499808359055
C_DEVELOPPIECES:0.5101017196298645
C_MATERIAL:0.40719481656673906
