ELO:953
CE_PASSEDPAWNS:0.4811320561435037
CE_PAWNWEAKNESSES:0.5686210987446114
CE_PIECEACTIVITY:0.500627920113441
CE_KINGPAWNSHIELD:0.4523555248365323
CE_PIECECOORDINATION:0.5281037162176316
CE_MATERIAL:0.5356641937550614
CE_KINGSAFETY:0.5045362097522949
C_PIECESQUARETABLES:0.4957281460721089
C_MOBILITY:0.5826669353755469
C_KINGSAFETY:0.4474940880206867
C_PAWNSTRUCTURE:0.4973152351917056
C_PIECECOORDINATION:0.5436731537855153
C_ROOKANDPAWNMOVEMENT:0.5436731537855153
C_CENTERCONTROL:0.41579615019836735
C_DEVELOPPIECES:0.5507388687917285
C_MATERIAL:0.3804362429624179
