ELO:921
CE_PASSEDPAWNS:0.4923796328192276
CE_PAWNWEAKNESSES:0.5069552917155721
CE_PIECEACTIVITY:0.5259263715146172
CE_KINGPAWNSHIELD:0.5026108587242095
CE_PIECECOORDINATION:0.4957399298666964
CE_MATERIAL:0.4779012396348044
CE_KINGSAFETY:0.4865604144542786
C_PIECESQUARETABLES:0.5161727570331263
C_MOBILITY:0.510234918464627
C_KINGSAFETY:0.5030541347601
C_PAWNSTRUCTURE:0.5101565642453026
C_PIECECOORDINATION:0.5329617810511619
C_ROOKANDPAWNMOVEMENT:0.5329617810511619
C_CENTERCONTROL:0.5193451721132695
C_DEVELOPPIECES:0.4886877854102283
C_MATERIAL:0.4829406406031242
C_MOVECOUNT:0.5260216764213516
