ELO:1000
CE_PASSEDPAWNS:0.4933808182819922
CE_PAWNWEAKNESSES:0.5234232133129648
CE_PIECEACTIVITY:0.48928946469920126
CE_KINGPAWNSHIELD:0.4825212755359573
CE_PIECECOORDINATION:0.48451685616802975
CE_MATERIAL:0.5453466016831854
CE_KINGSAFETY:0.45827376760619865
C_PIECESQUARETABLES:0.49070987291246
C_MOBILITY:0.5101318910725776
C_KINGSAFETY:0.4819795851312959
C_PAWNSTRUCTURE:0.481135405240871
C_PIECECOORDINATION:0.46261909567438625
C_ROOKANDPAWNMOVEMENT:0.46261909567438625
C_CENTERCONTROL:0.5015455547937758
C_DEVELOPPIECES:0.5112248826606278
C_MATERIAL:0.47664056069326427
