ELO:959
CE_PASSEDPAWNS:0.48602176543247044
CE_PAWNWEAKNESSES:0.5554664193091078
CE_PIECEACTIVITY:0.50120674690971
CE_KINGPAWNSHIELD:0.44103571405362707
CE_PIECECOORDINATION:0.5287356114070586
CE_MATERIAL:0.5181392878593474
CE_KINGSAFETY:0.512484497503964
C_PIECESQUARETABLES:0.4941687054382674
C_MOBILITY:0.591608132876632
C_KINGSAFETY:0.4350685772509735
C_PAWNSTRUCTURE:0.4953525966489689
C_PIECECOORDINATION:0.5557525327483298
C_ROOKANDPAWNMOVEMENT:0.5557525327483298
C_CENTERCONTROL:0.40396366799619277
C_DEVELOPPIECES:0.5360452681442966
C_MATERIAL:0.37952567369796475
