ELO:991
CE_PASSEDPAWNS:0.5277288571395565
CE_PAWNWEAKNESSES:0.4653023363037726
CE_PIECEACTIVITY:0.5256534381721791
CE_KINGPAWNSHIELD:0.5535170068517855
CE_PIECECOORDINATION:0.4791454800387515
CE_MATERIAL:0.4694181679613265
CE_KINGSAFETY:0.5
C_PIECESQUARETABLES:0.5
C_MOBILITY:0.5836313903895851
C_KINGSAFETY:0.5250912115677565
C_PAWNSTRUCTURE:0.46054427260367564
C_PIECECOORDINATION:0.49481266204964397
C_ROOKANDPAWNMOVEMENT:0.49481266204964397
C_CENTERCONTROL:0.44019613634669497
C_DEVELOPPIECES:0.4354212939766876
C_MATERIAL:0.6314240896143286
