ELO:902
CE_PASSEDPAWNS:0.5567258024073952
CE_PAWNWEAKNESSES:0.5299061169733713
CE_PIECEACTIVITY:0.5370608348945892
CE_KINGPAWNSHIELD:0.4797950681642714
CE_PIECECOORDINATION:0.4990614286583047
CE_MATERIAL:0.4839887710208231
CE_KINGSAFETY:0.4992771954964746
C_PIECESQUARETABLES:0.49314615481652607
C_MOBILITY:0.4784888324076457
C_KINGSAFETY:0.5060957794780578
C_PAWNSTRUCTURE:0.5388989946502317
C_PIECECOORDINATION:0.5063163446941554
C_ROOKANDPAWNMOVEMENT:0.5063163446941554
C_CENTERCONTROL:0.47843494877381604
C_DEVELOPPIECES:0.4974211436544324
C_MATERIAL:0.49849647721506424
C_MOVECOUNT:0.48074543503841405
