ELO:991
CE_PASSEDPAWNS:0.5277288571395565
CE_PAWNWEAKNESSES:0.47934154186405453
CE_PIECEACTIVITY:0.5268902556842897
CE_KINGPAWNSHIELD:0.5511241682168627
CE_PIECECOORDINATION:0.4736107820156807
CE_MATERIAL:0.47062167133846505
CE_KINGSAFETY:0.5050422868731834
C_PIECESQUARETABLES:0.5
C_MOBILITY:0.5836313903895851
C_KINGSAFETY:0.5344770740216508
C_PAWNSTRUCTURE:0.44877320835188683
C_PIECECOORDINATION:0.49481266204964397
C_ROOKANDPAWNMOVEMENT:0.49481266204964397
C_CENTERCONTROL:0.4344880289599061
C_DEVELOPPIECES:0.4369412813086278
C_MATERIAL:0.6234991122067586
