ELO:1000
CE_PASSEDPAWNS:0.5142717853652436
CE_PAWNWEAKNESSES:0.5029194823606751
CE_PIECEACTIVITY:0.49236795301358643
CE_KINGPAWNSHIELD:0.4926040354153442
CE_PIECECOORDINATION:0.49902873397764486
CE_MATERIAL:0.5067212089446144
CE_KINGSAFETY:0.46773093233762775
C_PIECESQUARETABLES:0.49814400801227443
C_MOBILITY:0.5305659041143505
C_KINGSAFETY:0.49010272540475847
C_PAWNSTRUCTURE:0.4939373528164411
C_PIECECOORDINATION:0.49789784633075734
C_ROOKANDPAWNMOVEMENT:0.49789784633075734
C_CENTERCONTROL:0.5019617631147658
C_DEVELOPPIECES:0.5127239793441838
C_MATERIAL:0.5005253870788122
