ELO:976
CE_PASSEDPAWNS:0.5114224537232462
CE_PAWNWEAKNESSES:0.5167927370511307
CE_PIECEACTIVITY:0.5122350921703588
CE_KINGPAWNSHIELD:0.4878220747230287
CE_PIECECOORDINATION:0.5073878190933022
CE_MATERIAL:0.5047942089275668
CE_KINGSAFETY:0.5
C_PIECESQUARETABLES:0.4959204153514547
C_MOBILITY:0.4895476529823981
C_KINGSAFETY:0.5074921584777529
C_PAWNSTRUCTURE:0.49076009271124954
C_PIECECOORDINATION:0.5062889479590972
C_ROOKANDPAWNMOVEMENT:0.5062889479590972
C_CENTERCONTROL:0.5118084257505221
C_DEVELOPPIECES:0.5092480242955858
C_MATERIAL:0.49483305791813476
C_MOVECOUNT:0.5162698426246546
