ELO:892
CE_PASSEDPAWNS:0.5451625200351999
CE_PAWNWEAKNESSES:0.5152362758801132
CE_PIECEACTIVITY:0.5209580247320601
CE_KINGPAWNSHIELD:0.3980307847193647
CE_PIECECOORDINATION:0.5266730132713683
CE_MATERIAL:0.471205070023084
CE_KINGSAFETY:0.4823224984923101
C_PIECESQUARETABLES:0.4551226119827498
C_MOBILITY:0.45589533304324553
C_KINGSAFETY:0.5597663358235362
C_PAWNSTRUCTURE:0.5036226911256065
C_PIECECOORDINATION:0.4701108275498461
C_ROOKANDPAWNMOVEMENT:0.4701108275498461
C_CENTERCONTROL:0.4655502703277401
C_DEVELOPPIECES:0.5433776587232997
C_MATERIAL:0.4839970419693825
C_MOVECOUNT:0.45501089056913824
