ELO:999
CE_PASSEDPAWNS:0.46658856285699746
CE_PAWNWEAKNESSES:0.5543505345758653
CE_PIECEACTIVITY:0.4951194085825468
CE_KINGPAWNSHIELD:0.48262435401307985
CE_PIECECOORDINATION:0.45512419552603783
CE_MATERIAL:0.543206032973669
CE_KINGSAFETY:0.5011343754647194
C_PIECESQUARETABLES:0.5
C_MOBILITY:0.4983044980153338
C_KINGSAFETY:0.49423066674204535
C_PAWNSTRUCTURE:0.47337235859199867
C_PIECECOORDINATION:0.5767459601893163
C_ROOKANDPAWNMOVEMENT:0.5767459601893163
C_CENTERCONTROL:0.48309014191186694
C_DEVELOPPIECES:0.5242487512589835
C_MATERIAL:0.5557529744104982
