ELO:1000
CE_PASSEDPAWNS:0.4438727142145743
CE_PAWNWEAKNESSES:0.5381783506251782
CE_PIECEACTIVITY:0.5142367709952835
CE_KINGPAWNSHIELD:0.5134267615432436
CE_PIECECOORDINATION:0.5100889769481596
CE_MATERIAL:0.5132907561100207
CE_KINGSAFETY:0.5066752092232347
C_PIECESQUARETABLES:0.517237615440576
C_MOBILITY:0.5224976949438126
C_KINGSAFETY:0.4656174696965006
C_PAWNSTRUCTURE:0.49513306688126163
C_PIECECOORDINATION:0.44525060438402914
C_ROOKANDPAWNMOVEMENT:0.44525060438402914
C_CENTERCONTROL:0.4677733719052477
C_DEVELOPPIECES:0.4801527436832453
C_MATERIAL:0.5592149266801272
