ELO:991
CE_PASSEDPAWNS:0.48632052303099393
CE_PAWNWEAKNESSES:0.6178143166990111
CE_PIECEACTIVITY:0.4618414100571616
CE_KINGPAWNSHIELD:0.4793709426585599
CE_PIECECOORDINATION:0.4903436149230968
CE_MATERIAL:0.45840753674630624
CE_KINGSAFETY:0.5419810903003788
C_PIECESQUARETABLES:0.45203831937168193
C_MOBILITY:0.6175848954533875
C_KINGSAFETY:0.4690690093287925
C_PAWNSTRUCTURE:0.5282814484128149
C_PIECECOORDINATION:0.5031040417412013
C_ROOKANDPAWNMOVEMENT:0.5031040417412013
C_CENTERCONTROL:0.4570596808452384
C_DEVELOPPIECES:0.5397181792411979
C_MATERIAL:0.4942742676154808
