ELO:996
CE_PASSEDPAWNS:0.49480819684213095
CE_PAWNWEAKNESSES:0.4886214760553147
CE_PIECEACTIVITY:0.4968658788180095
CE_KINGPAWNSHIELD:0.5035480983724617
CE_PIECECOORDINATION:0.535948718961518
CE_MATERIAL:0.5165291521957066
CE_KINGSAFETY:0.5
C_PIECESQUARETABLES:0.5
C_MOBILITY:0.4853415149875269
C_KINGSAFETY:0.515784368607917
C_PAWNSTRUCTURE:0.47107555968934317
C_PIECECOORDINATION:0.5015397872293177
C_ROOK:0.49929217242083473
CE_ROOK:0.49496377978472716
C_CENTERCONTROL:0.4812444649234646
C_DEVELOPPIECES:0.5062075946069686
C_MATERIAL:0.5060200904096828
C_MOVECOUNT:0.490821413871107
C_PAWNMOVEMENT:0.510063767528001
