ELO:1003
CE_PASSEDPAWNS:0.45396340128662827
CE_PAWNWEAKNESSES:0.4892926816716441
CE_PIECEACTIVITY:0.5625666539188074
CE_KINGPAWNSHIELD:0.5123115648212255
CE_PIECECOORDINATION:0.5292932210851071
CE_MATERIAL:0.4471903313560084
CE_KINGSAFETY:0.5
C_PIECESQUARETABLES:0.5
C_MOBILITY:0.5356869463075623
C_KINGSAFETY:0.5080106378607677
C_PAWNSTRUCTURE:0.4933667901990573
C_PIECECOORDINATION:0.4735141388030254
C_ROOKANDPAWNMOVEMENT:0.4735141388030254
C_CENTERCONTROL:0.44106787365781297
C_DEVELOPPIECES:0.4304333526097535
C_MATERIAL:0.49617683533457546
C_MOVECOUNT:0.5
