ELO:1000
CE_PASSEDPAWNS:0.4582903482372394
CE_PAWNWEAKNESSES:0.45158586534161965
CE_PIECEACTIVITY:0.45152118110346506
CE_KINGPAWNSHIELD:0.47617202858527374
CE_PIECECOORDINATION:0.5688141452186875
CE_MATERIAL:0.5114481381470998
CE_KINGSAFETY:0.4894145716817264
C_PIECESQUARETABLES:0.49790741462638455
C_MOBILITY:0.5185768524479365
C_KINGSAFETY:0.5125801733645585
C_PAWNSTRUCTURE:0.5069392392299218
C_PIECECOORDINATION:0.47892615196056765
C_ROOKANDPAWNMOVEMENT:0.47892615196056765
C_CENTERCONTROL:0.48030907025853864
C_DEVELOPPIECES:0.46630820293824715
C_MATERIAL:0.5181854397519801
