ELO:1002
CE_PASSEDPAWNS:0.48988584357042053
CE_PAWNWEAKNESSES:0.5138395854916308
CE_PIECEACTIVITY:0.522857609754833
CE_KINGPAWNSHIELD:0.5117670508613658
CE_PIECECOORDINATION:0.4763402333197263
CE_MATERIAL:0.48910892379538506
CE_KINGSAFETY:0.5
C_PIECESQUARETABLES:0.5
C_MOBILITY:0.4893268492745207
C_KINGSAFETY:0.46200285986768486
C_PAWNSTRUCTURE:0.5131616961828588
C_PIECECOORDINATION:0.49996606131901206
C_ROOK:0.47642326489411346
CE_ROOK:0.5184709806234532
C_CENTERCONTROL:0.4780860626445822
C_DEVELOPPIECES:0.5028654569697131
C_MATERIAL:0.4794041785110094
C_MOVECOUNT:0.4930928224995743
C_PAWNMOVEMENT:0.5003787379197111
