ELO:1020
CE_PASSEDPAWNS:0.5
CE_PAWNWEAKNESSES:0.50176459996553
CE_PIECEACTIVITY:0.5053009635435445
CE_KINGPAWNSHIELD:0.4820722898076233
CE_PIECECOORDINATION:0.5036875772221378
CE_MATERIAL:0.47355163935649325
CE_KINGSAFETY:0.4988128601868038
C_PIECESQUARETABLES:0.5
C_MOBILITY:0.5021168059868544
C_KINGSAFETY:0.49132457008931857
C_PAWNSTRUCTURE:0.5249327951593435
C_PIECECOORDINATION:0.5
C_ROOKANDPAWNMOVEMENT:0.5
C_CENTERCONTROL:0.4785005845395463
C_DEVELOPPIECES:0.494188662125306
C_MATERIAL:0.5
C_MOVECOUNT:0.5
