ELO:985
CE_PASSEDPAWNS:0.4800351824572916
CE_PAWNWEAKNESSES:0.4844432140214741
CE_PIECEACTIVITY:0.5170909506390178
CE_KINGPAWNSHIELD:0.4864204535707504
CE_PIECECOORDINATION:0.5258835128959073
CE_MATERIAL:0.5156436575241719
CE_KINGSAFETY:0.4998543845381776
C_PIECESQUARETABLES:0.500670305993521
C_MOBILITY:0.4807134639828027
C_KINGSAFETY:0.4997056480872155
C_PAWNSTRUCTURE:0.503714606411534
C_PIECECOORDINATION:0.487329977146737
C_ROOK:0.5038642548456984
CE_ROOK:0.5156246583769042
C_CENTERCONTROL:0.5062459794623508
C_DEVELOPPIECES:0.49980263748869425
C_MATERIAL:0.518104869036055
C_MOVECOUNT:0.5114252946862907
C_PAWNMOVEMENT:0.505517658138507
