ELO:986
CE_PASSEDPAWNS:0.42688646651376466
CE_PAWNWEAKNESSES:0.43031929831037163
CE_PIECEACTIVITY:0.48946428426009464
CE_KINGPAWNSHIELD:0.5356264160906462
CE_PIECECOORDINATION:0.5652811541214193
CE_MATERIAL:0.48440540039827434
CE_KINGSAFETY:0.5102646218060629
C_PIECESQUARETABLES:0.5181833078787765
C_MOBILITY:0.5048711741529526
C_KINGSAFETY:0.5488164315247218
C_PAWNSTRUCTURE:0.5376065430050477
C_PIECECOORDINATION:0.4686529442153654
C_ROOKANDPAWNMOVEMENT:0.4686529442153654
C_CENTERCONTROL:0.5077857097195295
C_DEVELOPPIECES:0.4181124870222577
C_MATERIAL:0.48436856471105716
