ELO:1019
CE_PASSEDPAWNS:0.5
CE_PAWNWEAKNESSES:0.5
CE_PIECEACTIVITY:0.5
CE_KINGPAWNSHIELD:0.5069660900657337
CE_PIECECOORDINATION:0.5
CE_MATERIAL:0.507053347380692
CE_KINGSAFETY:0.5
C_PIECESQUARETABLES:0.5
C_MOBILITY:0.5
C_KINGSAFETY:0.49407009046100736
C_PAWNSTRUCTURE:0.5000472854475159
C_PIECECOORDINATION:0.5149327020130692
C_ROOKANDPAWNMOVEMENT:0.5149327020130692
C_CENTERCONTROL:0.5
C_DEVELOPPIECES:0.5007677142735136
C_MATERIAL:0.4973851830065904
C_MOVECOUNT:0.5
