ELO:984
CE_PASSEDPAWNS:0.46912368220462763
CE_PAWNWEAKNESSES:0.4730463167680982
CE_PIECEACTIVITY:0.49735574525062604
CE_KINGPAWNSHIELD:0.4703770352256026
CE_PIECECOORDINATION:0.4943619258439909
CE_MATERIAL:0.5416305669233561
CE_KINGSAFETY:0.549794101986073
C_PIECESQUARETABLES:0.5273223199954847
C_MOBILITY:0.5075195318454376
C_KINGSAFETY:0.43472022710445646
C_PAWNSTRUCTURE:0.5249996420440777
C_PIECECOORDINATION:0.4956497660882485
C_ROOKANDPAWNMOVEMENT:0.4956497660882485
C_CENTERCONTROL:0.4917995200095904
C_DEVELOPPIECES:0.5065163208414774
C_MATERIAL:0.5001141646327594
C_MOVECOUNT:0.5
