ELO:984
CE_PASSEDPAWNS:0.49662020484293884
CE_PAWNWEAKNESSES:0.4844432140214741
CE_PIECEACTIVITY:0.5001649674007194
CE_KINGPAWNSHIELD:0.49691607039573465
CE_PIECECOORDINATION:0.535948718961518
CE_MATERIAL:0.5139197867211315
CE_KINGSAFETY:0.4998543845381776
C_PIECESQUARETABLES:0.500670305993521
C_MOBILITY:0.4853415149875269
C_KINGSAFETY:0.5176309004293892
C_PAWNSTRUCTURE:0.503714606411534
C_PIECECOORDINATION:0.48941740302042724
C_ROOK:0.5081051657187726
CE_ROOK:0.5056811982334872
C_CENTERCONTROL:0.502093645763316
C_DEVELOPPIECES:0.49574123818948285
C_MATERIAL:0.5076553040294514
C_MOVECOUNT:0.4868283703559689
C_PAWNMOVEMENT:0.5118214880854606
