ELO:1000
CE_PASSEDPAWNS:0.5094082529328903
CE_PAWNWEAKNESSES:0.4972714935900562
CE_PIECEACTIVITY:0.5063286426649296
CE_KINGPAWNSHIELD:0.5
CE_PIECECOORDINATION:0.5049897756573246
CE_MATERIAL:0.49399512938628914
CE_KINGSAFETY:0.49143408583830867
C_PIECESQUARETABLES:0.49680047022758594
C_MOBILITY:0.5
C_KINGSAFETY:0.5120312870447745
C_PAWNSTRUCTURE:0.4983454624866339
C_PIECECOORDINATION:0.5160737157349815
C_ROOKANDPAWNMOVEMENT:0.5160737157349815
C_CENTERCONTROL:0.5100595468542669
C_DEVELOPPIECES:0.47899065143446806
C_MATERIAL:0.49566930056239716
