ELO:983
CE_PASSEDPAWNS:0.4743134560211359
CE_PAWNWEAKNESSES:0.5011068893563271
CE_PIECEACTIVITY:0.5360850906915228
CE_KINGPAWNSHIELD:0.48181535535839637
CE_PIECECOORDINATION:0.4763402333197263
CE_MATERIAL:0.5262754945889391
CE_KINGSAFETY:0.5
C_PIECESQUARETABLES:0.5
C_MOBILITY:0.49790740899273217
C_KINGSAFETY:0.5018360826401095
C_PAWNSTRUCTURE:0.4969564328498859
C_PIECECOORDINATION:0.5122583737649822
C_ROOK:0.5245312914270226
CE_ROOK:0.5048076417311816
C_CENTERCONTROL:0.526919927314315
C_DEVELOPPIECES:0.4874532957104763
C_MATERIAL:0.5289006201509058
C_MOVECOUNT:0.47243649144778166
C_PAWNMOVEMENT:0.5278017375887827
