ELO:1012
CE_PASSEDPAWNS:0.500913667530213
CE_PAWNWEAKNESSES:0.513527058044236
CE_PIECEACTIVITY:0.5
CE_KINGPAWNSHIELD:0.5034203164083442
CE_PIECECOORDINATION:0.49329653010493124
CE_MATERIAL:0.497575314747248
CE_KINGSAFETY:0.5
C_PIECESQUARETABLES:0.5
C_MOBILITY:0.5
C_KINGSAFETY:0.48894521431848526
C_PAWNSTRUCTURE:0.5
C_PIECECOORDINATION:0.5
C_ROOKANDPAWNMOVEMENT:0.5
C_CENTERCONTROL:0.5
C_DEVELOPPIECES:0.5
C_MATERIAL:0.5052773876166391
C_MOVECOUNT:0.5
