ELO:932
CE_PASSEDPAWNS:0.4833564458011412
CE_PAWNWEAKNESSES:0.5299197016129045
CE_PIECEACTIVITY:0.4707632546055772
CE_KINGPAWNSHIELD:0.510341055649054
CE_PIECECOORDINATION:0.4956266730380153
CE_MATERIAL:0.4883462072337872
CE_KINGSAFETY:0.5066229436632336
C_PIECESQUARETABLES:0.4936718033203497
C_MOBILITY:0.48033143542152196
C_KINGSAFETY:0.4537932558295651
C_PAWNSTRUCTURE:0.5317051637751791
C_PIECECOORDINATION:0.4894800905484381
C_ROOKANDPAWNMOVEMENT:0.4894800905484381
C_CENTERCONTROL:0.5221891906361803
C_DEVELOPPIECES:0.4875380174870808
C_MATERIAL:0.4563531141406908
