ELO:1000
CE_PASSEDPAWNS:0.506556089861819
CE_PAWNWEAKNESSES:0.48587658646327925
CE_PIECEACTIVITY:0.5481935185672145
CE_KINGPAWNSHIELD:0.5265014350438554
CE_PIECECOORDINATION:0.4662989250126626
CE_MATERIAL:0.46498037998968195
CE_KINGSAFETY:0.43495623995030674
C_PIECESQUARETABLES:0.4908752689988198
C_MOBILITY:0.45140835815883923
C_KINGSAFETY:0.5219497509811651
C_PAWNSTRUCTURE:0.513394126175801
C_PIECECOORDINATION:0.5196484496597696
C_ROOKANDPAWNMOVEMENT:0.5196484496597696
C_CENTERCONTROL:0.49139176850614097
C_DEVELOPPIECES:0.4899925697309707
C_MATERIAL:0.473480877520091
