ELO:1000
CE_PASSEDPAWNS:0.498421272102912
CE_PAWNWEAKNESSES:0.4972900976642217
CE_PIECEACTIVITY:0.5510675216849122
CE_KINGPAWNSHIELD:0.5018978900667049
CE_PIECECOORDINATION:0.42622541734505104
CE_MATERIAL:0.4670432884331662
CE_KINGSAFETY:0.4030179555977892
C_PIECESQUARETABLES:0.5043136089048129
C_MOBILITY:0.4267654097357571
C_KINGSAFETY:0.49671953209103265
C_PAWNSTRUCTURE:0.501221717000622
C_PIECECOORDINATION:0.5239698186853935
C_ROOKANDPAWNMOVEMENT:0.5239698186853935
C_CENTERCONTROL:0.5077597476620903
C_DEVELOPPIECES:0.4430710750012687
C_MATERIAL:0.4596140145007466
