ELO:997
CE_PASSEDPAWNS:0.48351028964464543
CE_PAWNWEAKNESSES:0.4979056916407034
CE_PIECEACTIVITY:0.5114689413680132
CE_KINGPAWNSHIELD:0.5311676539915924
CE_PIECECOORDINATION:0.4947804414040536
CE_MATERIAL:0.49874171897432323
CE_KINGSAFETY:0.4891314081102192
C_PIECESQUARETABLES:0.5022878337532409
C_MOBILITY:0.502329468596212
C_KINGSAFETY:0.48388008610086425
C_PAWNSTRUCTURE:0.4826704648101362
C_PIECECOORDINATION:0.48414111828014417
C_ROOKANDPAWNMOVEMENT:0.48414111828014417
C_CENTERCONTROL:0.4957337290060654
C_DEVELOPPIECES:0.49274672757729465
C_MATERIAL:0.48894687344638943
