ELO:945
CE_PASSEDPAWNS:0.48444062843457564
CE_PAWNWEAKNESSES:0.49896309853937154
CE_PIECEACTIVITY:0.6154007620729558
CE_KINGPAWNSHIELD:0.510274589104298
CE_PIECECOORDINATION:0.3950413190963668
CE_MATERIAL:0.5184595772354947
CE_KINGSAFETY:0.4954838641125697
C_PIECESQUARETABLES:0.48864527534005897
C_MOBILITY:0.40512437167919274
C_KINGSAFETY:0.48515365638997404
C_PAWNSTRUCTURE:0.5344070102300179
C_PIECECOORDINATION:0.5208124709194516
C_ROOKANDPAWNMOVEMENT:0.5208124709194516
C_CENTERCONTROL:0.4502973892372317
C_DEVELOPPIECES:0.33029097444438515
C_MATERIAL:0.46840484774375407
