ELO:982
CE_PASSEDPAWNS:0.47294375594127425
CE_PAWNWEAKNESSES:0.5420560687623416
CE_PIECEACTIVITY:0.4425855409426928
CE_KINGPAWNSHIELD:0.5000857738359081
CE_PIECECOORDINATION:0.5573160672301315
CE_MATERIAL:0.5478855862618599
CE_KINGSAFETY:0.5
C_PIECESQUARETABLES:0.5
C_MOBILITY:0.5018801004654291
C_KINGSAFETY:0.5149273698185248
C_PAWNSTRUCTURE:0.4492803922783474
C_PIECECOORDINATION:0.5051934982998185
C_ROOK:0.493029974570172
CE_ROOK:0.5365282432015863
C_CENTERCONTROL:0.5003657567361729
C_DEVELOPPIECES:0.5068972884202297
C_MATERIAL:0.5408209540316342
C_MOVECOUNT:0.4989213143691052
C_PAWNMOVEMENT:0.5238971052422602
