ELO:980
CE_PASSEDPAWNS:0.49485022040105187
CE_PAWNWEAKNESSES:0.5026008669698153
CE_PIECEACTIVITY:0.49074431807985175
CE_KINGPAWNSHIELD:0.5061969727946775
CE_PIECECOORDINATION:0.5256921134808654
CE_MATERIAL:0.4749219106013686
CE_KINGSAFETY:0.44871221271362166
C_PIECESQUARETABLES:0.5100015204599726
C_MOBILITY:0.5124157304033031
C_KINGSAFETY:0.48624379176287125
C_PAWNSTRUCTURE:0.5220029306004306
C_PIECECOORDINATION:0.5194220819603143
C_ROOKANDPAWNMOVEMENT:0.5194220819603143
C_CENTERCONTROL:0.512026822152615
C_DEVELOPPIECES:0.4903678475796301
C_MATERIAL:0.5072524930161247
C_MOVECOUNT:0.4625868779221968
