ELO:1058
CE_PASSEDPAWNS:0.50768008603403
CE_PAWNWEAKNESSES:0.5
CE_PIECEACTIVITY:0.5
CE_KINGPAWNSHIELD:0.4820862293330612
CE_PIECECOORDINATION:0.5088885429659978
CE_MATERIAL:0.49325287345724267
CE_KINGSAFETY:0.5
C_PIECESQUARETABLES:0.5
C_MOBILITY:0.5480432288699277
C_KINGSAFETY:0.5183508641864791
C_PAWNSTRUCTURE:0.5
C_PIECECOORDINATION:0.5131890247621108
C_ROOKANDPAWNMOVEMENT:0.5131890247621108
C_CENTERCONTROL:0.4962890412790395
C_DEVELOPPIECES:0.5
C_MATERIAL:0.5
C_MOVECOUNT:0.5
