ELO:986
CE_PASSEDPAWNS:0.5117794126124942
CE_PAWNWEAKNESSES:0.5059799179655586
CE_PIECEACTIVITY:0.5185917721211742
CE_KINGPAWNSHIELD:0.4862712305321267
CE_PIECECOORDINATION:0.4939101621030586
CE_MATERIAL:0.46848775619857347
CE_KINGSAFETY:0.4803994099146786
C_PIECESQUARETABLES:0.5159785299023599
C_MOBILITY:0.4660683547625308
C_KINGSAFETY:0.5125740244241855
C_PAWNSTRUCTURE:0.49329897682371737
C_PIECECOORDINATION:0.48134638405589514
C_ROOKANDPAWNMOVEMENT:0.48134638405589514
C_CENTERCONTROL:0.45395579766850763
C_DEVELOPPIECES:0.49795886391542304
C_MATERIAL:0.4960085268723775
C_MOVECOUNT:0.5
