ELO:899
CE_PASSEDPAWNS:0.40210367122023516
CE_PAWNWEAKNESSES:0.4528805244784
CE_PIECEACTIVITY:0.44776354967094806
CE_KINGPAWNSHIELD:0.5381311629126624
CE_PIECECOORDINATION:0.6093148000352265
CE_MATERIAL:0.5109322436674908
CE_KINGSAFETY:0.5016278693238787
C_PIECESQUARETABLES:0.47968484949258183
C_MOBILITY:0.5438848108110832
C_KINGSAFETY:0.538675089161598
C_PAWNSTRUCTURE:0.5285188103064103
C_PIECECOORDINATION:0.4113872041569609
C_ROOKANDPAWNMOVEMENT:0.4113872041569609
C_CENTERCONTROL:0.511068782111465
C_DEVELOPPIECES:0.3783580330783377
C_MATERIAL:0.5372706306658175
