ELO:1018
CE_PASSEDPAWNS:0.49846626073337436
CE_PAWNWEAKNESSES:0.48596883096053656
CE_PIECEACTIVITY:0.49517834046518416
CE_KINGPAWNSHIELD:0.4940484174454118
CE_PIECECOORDINATION:0.5332629485176207
CE_MATERIAL:0.5520261106826039
CE_KINGSAFETY:0.5
C_PIECESQUARETABLES:0.5
C_MOBILITY:0.5160267506570322
C_KINGSAFETY:0.5371046085555942
C_PAWNSTRUCTURE:0.49821317396912257
C_PIECECOORDINATION:0.4478202544938807
C_ROOKANDPAWNMOVEMENT:0.4478202544938807
C_CENTERCONTROL:0.42833399457374915
C_DEVELOPPIECES:0.44050650998912266
C_MATERIAL:0.5
C_MOVECOUNT:0.5
