ELO:902
CE_PASSEDPAWNS:0.5034035215093171
CE_PAWNWEAKNESSES:0.5396223349855979
CE_PIECEACTIVITY:0.47628727176845703
CE_KINGPAWNSHIELD:0.49571491266325685
CE_PIECECOORDINATION:0.49050559352550926
CE_MATERIAL:0.46185470754272173
CE_KINGSAFETY:0.48669814504745673
C_PIECESQUARETABLES:0.4968463954930272
C_MOBILITY:0.5364352697726584
C_KINGSAFETY:0.5551646047290353
C_PAWNSTRUCTURE:0.5180478505169283
C_PIECECOORDINATION:0.5297589849959148
C_ROOKANDPAWNMOVEMENT:0.5297589849959148
C_CENTERCONTROL:0.465347562407826
C_DEVELOPPIECES:0.4981153839516229
C_MATERIAL:0.48869945206886356
C_MOVECOUNT:0.4162861765691803
