ELO:1000
CE_PASSEDPAWNS:0.49470962755485787
CE_PAWNWEAKNESSES:0.47572587036020714
CE_PIECEACTIVITY:0.5541594130736109
CE_KINGPAWNSHIELD:0.5069764341859297
CE_PIECECOORDINATION:0.4397682123962722
CE_MATERIAL:0.4714419546382779
CE_KINGSAFETY:0.38944185284861277
C_PIECESQUARETABLES:0.46583014806287804
C_MOBILITY:0.43211917598263005
C_KINGSAFETY:0.4793566055059264
C_PAWNSTRUCTURE:0.4979267695721688
C_PIECECOORDINATION:0.5338118717234168
C_ROOKANDPAWNMOVEMENT:0.5338118717234168
C_CENTERCONTROL:0.5073061002565105
C_DEVELOPPIECES:0.44848438321981626
C_MATERIAL:0.46204836072597694
