ELO:984
CE_PASSEDPAWNS:0.49480819684213095
CE_PAWNWEAKNESSES:0.4844432140214741
CE_PIECEACTIVITY:0.5001649674007194
CE_KINGPAWNSHIELD:0.5071137583730949
CE_PIECECOORDINATION:0.535948718961518
CE_MATERIAL:0.5039274408966403
CE_KINGSAFETY:0.5049967013615824
C_PIECESQUARETABLES:0.500670305993521
C_MOBILITY:0.4853415149875269
C_KINGSAFETY:0.5171336864083251
C_PAWNSTRUCTURE:0.48656396181659234
C_PIECECOORDINATION:0.4993208750233314
C_ROOK:0.49929217242083473
CE_ROOK:0.5056811982334872
C_CENTERCONTROL:0.502093645763316
C_DEVELOPPIECES:0.49574123818948285
C_MATERIAL:0.5076553040294514
C_MOVECOUNT:0.490821413871107
C_PAWNMOVEMENT:0.5118214880854606
