ELO:830
CE_PASSEDPAWNS:0.5024208350396778
CE_PAWNWEAKNESSES:0.5752656977326985
CE_PIECEACTIVITY:0.47847869965548584
CE_KINGPAWNSHIELD:0.44738141550314453
CE_PIECECOORDINATION:0.5118031166104527
CE_MATERIAL:0.49531201176062567
CE_KINGSAFETY:0.5
C_PIECESQUARETABLES:0.5
C_MOBILITY:0.46731167507145505
C_KINGSAFETY:0.5364380749763106
C_PAWNSTRUCTURE:0.5581887012582614
C_PIECECOORDINATION:0.6218750104440414
C_ROOKANDPAWNMOVEMENT:0.6218750104440414
C_CENTERCONTROL:0.4633290236538381
C_DEVELOPPIECES:0.4929340577448732
C_MATERIAL:0.4942992162137521
C_MOVECOUNT:0.5
