ELO:1010
CE_PASSEDPAWNS:0.5089686891631376
CE_PAWNWEAKNESSES:0.48833438717928296
CE_PIECEACTIVITY:0.4914718395505427
CE_KINGPAWNSHIELD:0.5050914370919352
CE_PIECECOORDINATION:0.49545628155168375
CE_MATERIAL:0.5144121191243327
CE_KINGSAFETY:0.5
C_PIECESQUARETABLES:0.5
C_MOBILITY:0.48879126119455757
C_KINGSAFETY:0.5042051878248334
C_PAWNSTRUCTURE:0.5035318901192946
C_PIECECOORDINATION:0.5204537975749808
C_ROOK:0.5141506031753447
CE_ROOK:0.5166990486561499
C_CENTERCONTROL:0.526919927314315
C_DEVELOPPIECES:0.49379823409339246
C_MATERIAL:0.5131921117727883
C_MOVECOUNT:0.5621063174791173
C_PAWNMOVEMENT:0.49754667027655064
