ELO:931
CE_PASSEDPAWNS:0.5138933195503186
CE_PAWNWEAKNESSES:0.4816886346495433
CE_PIECEACTIVITY:0.42034430040237025
CE_KINGPAWNSHIELD:0.48974458408099125
CE_PIECECOORDINATION:0.4956117704428587
CE_MATERIAL:0.5034220450850558
CE_KINGSAFETY:0.4915675149811253
C_PIECESQUARETABLES:0.4549652263470507
C_MOBILITY:0.5469395030287466
C_KINGSAFETY:0.5201107534590993
C_PAWNSTRUCTURE:0.5104032732210674
C_PIECECOORDINATION:0.49312300223758554
C_ROOKANDPAWNMOVEMENT:0.49312300223758554
C_CENTERCONTROL:0.48430524205181635
C_DEVELOPPIECES:0.5305711027679344
C_MATERIAL:0.4516632541354183
C_MOVECOUNT:0.46357672243092063
