ELO:950
CE_PASSEDPAWNS:0.43714495737044534
CE_PAWNWEAKNESSES:0.4331872951076699
CE_PIECEACTIVITY:0.5020924092922595
CE_KINGPAWNSHIELD:0.540837111176959
CE_PIECECOORDINATION:0.5890162030893892
CE_MATERIAL:0.4767607711164441
CE_KINGSAFETY:0.4831617505652591
C_PIECESQUARETABLES:0.4981303109329879
C_MOBILITY:0.5308706779842808
C_KINGSAFETY:0.5418614453549382
C_PAWNSTRUCTURE:0.5311411445647111
C_PIECECOORDINATION:0.4222476848333421
C_ROOKANDPAWNMOVEMENT:0.4222476848333421
C_CENTERCONTROL:0.5227668157064739
C_DEVELOPPIECES:0.39376232388552046
C_MATERIAL:0.5155982082520628
