ELO:883
CE_PASSEDPAWNS:0.4758695420659192
CE_PAWNWEAKNESSES:0.42008372523698834
CE_PIECEACTIVITY:0.35302280432603744
CE_KINGPAWNSHIELD:0.6543917242735017
CE_PIECECOORDINATION:0.4479432250987948
CE_MATERIAL:0.38195256832788926
CE_KINGSAFETY:0.47467626154008674
C_PIECESQUARETABLES:0.4853560038432882
C_MOBILITY:0.5801003314717057
C_KINGSAFETY:0.43963736380358354
C_PAWNSTRUCTURE:0.429285139103084
C_PIECECOORDINATION:0.5489704371831552
C_ROOKANDPAWNMOVEMENT:0.5489704371831552
C_CENTERCONTROL:0.5330179065536935
C_DEVELOPPIECES:0.5613996321639665
C_MATERIAL:0.5019404689152105
