ELO:1000
CE_PASSEDPAWNS:0.5121598866325427
CE_PAWNWEAKNESSES:0.49604707843900137
CE_PIECEACTIVITY:0.5389630945415593
CE_KINGPAWNSHIELD:0.5018658652187484
CE_PIECECOORDINATION:0.485373138459187
CE_MATERIAL:0.47895156537371447
CE_KINGSAFETY:0.4375894011746485
C_PIECESQUARETABLES:0.5122322868646928
C_MOBILITY:0.45419188123717275
C_KINGSAFETY:0.5179860060425715
C_PAWNSTRUCTURE:0.513394126175801
C_PIECECOORDINATION:0.5128703358310719
C_ROOKANDPAWNMOVEMENT:0.5128703358310719
C_CENTERCONTROL:0.48815691707819436
C_DEVELOPPIECES:0.5012899122167996
C_MATERIAL:0.4698100820455592
