ELO:970
CE_PASSEDPAWNS:0.48420058967773505
CE_PAWNWEAKNESSES:0.49921401877084715
CE_PIECEACTIVITY:0.5041221567371467
CE_KINGPAWNSHIELD:0.509077167222531
CE_PIECECOORDINATION:0.5013253831425152
CE_MATERIAL:0.5162313209911488
CE_KINGSAFETY:0.505444645081594
C_PIECESQUARETABLES:0.5123038350453603
C_MOBILITY:0.5017843405024377
C_KINGSAFETY:0.5164505449912247
C_PAWNSTRUCTURE:0.5078726589023952
C_PIECECOORDINATION:0.49988063481691125
C_ROOKANDPAWNMOVEMENT:0.49988063481691125
C_CENTERCONTROL:0.5132685077650171
C_DEVELOPPIECES:0.5120153972246789
C_MATERIAL:0.5036808608296539
C_MOVECOUNT:0.51108914305662
