ELO:984
CE_PASSEDPAWNS:0.49480819684213095
CE_PAWNWEAKNESSES:0.4886214760553147
CE_PIECEACTIVITY:0.5001649674007194
CE_KINGPAWNSHIELD:0.5034673019750745
CE_PIECECOORDINATION:0.535948718961518
CE_MATERIAL:0.5131695788692232
CE_KINGSAFETY:0.5
C_PIECESQUARETABLES:0.5
C_MOBILITY:0.4853415149875269
C_KINGSAFETY:0.5226670811323906
C_PAWNSTRUCTURE:0.47840263650729264
C_PIECECOORDINATION:0.5015397872293177
C_ROOK:0.49929217242083473
CE_ROOK:0.5005641622781178
C_CENTERCONTROL:0.4812444649234646
C_DEVELOPPIECES:0.49574123818948285
C_MATERIAL:0.5060200904096828
C_MOVECOUNT:0.490821413871107
C_PAWNMOVEMENT:0.5189188495770753
