ELO:929
CE_PASSEDPAWNS:0.4780462209588959
CE_PAWNWEAKNESSES:0.5059275988419726
CE_PIECEACTIVITY:0.5095545205962633
CE_KINGPAWNSHIELD:0.4978851400459111
CE_PIECECOORDINATION:0.49613744441011565
CE_MATERIAL:0.5307383080590861
CE_KINGSAFETY:0.4665295687333217
C_PIECESQUARETABLES:0.49157794661177356
C_MOBILITY:0.5032738741911895
C_KINGSAFETY:0.5490757519510006
C_PAWNSTRUCTURE:0.5078535114137602
C_PIECECOORDINATION:0.4897034993401173
C_ROOKANDPAWNMOVEMENT:0.4897034993401173
C_CENTERCONTROL:0.5243166300396109
C_DEVELOPPIECES:0.5388550395458097
C_MATERIAL:0.5136039445513682
C_MOVECOUNT:0.4775101808880228
