ELO:1000
CE_PASSEDPAWNS:0.409406041299011
CE_PAWNWEAKNESSES:0.41449357904441986
CE_PIECEACTIVITY:0.48245861279689684
CE_KINGPAWNSHIELD:0.5279575943922902
CE_PIECECOORDINATION:0.5577577547096239
CE_MATERIAL:0.5067034386455364
CE_KINGSAFETY:0.5067060911114865
C_PIECESQUARETABLES:0.5026072791976072
C_MOBILITY:0.4808551390119417
C_KINGSAFETY:0.5332792286013083
C_PAWNSTRUCTURE:0.48956309632754724
C_PIECECOORDINATION:0.45874238614298685
C_ROOKANDPAWNMOVEMENT:0.45874238614298685
C_CENTERCONTROL:0.5059230138466043
C_DEVELOPPIECES:0.4277748224469065
C_MATERIAL:0.5062486825245478
