ELO:1053
CE_PASSEDPAWNS:0.4875142720850526
CE_PAWNWEAKNESSES:0.49342156264132053
CE_PIECEACTIVITY:0.5025432424790163
CE_KINGPAWNSHIELD:0.5080270651655706
CE_PIECECOORDINATION:0.4539746954680025
CE_MATERIAL:0.48085247775851186
CE_KINGSAFETY:0.5439422399460739
C_PIECESQUARETABLES:0.46614170411883116
C_MOBILITY:0.5480432288699277
C_KINGSAFETY:0.49343349507356227
C_PAWNSTRUCTURE:0.5104704862187448
C_PIECECOORDINATION:0.5
C_ROOKANDPAWNMOVEMENT:0.5
C_CENTERCONTROL:0.4784039840534033
C_DEVELOPPIECES:0.46431668124895886
C_MATERIAL:0.4766508741121137
C_MOVECOUNT:0.5
