ELO:1010
CE_PASSEDPAWNS:0.49607995352363277
CE_PAWNWEAKNESSES:0.4685146751537684
CE_PIECEACTIVITY:0.5693138493989817
CE_KINGPAWNSHIELD:0.5131806094655798
CE_PIECECOORDINATION:0.43363349464449497
CE_MATERIAL:0.47747227757747046
CE_KINGSAFETY:0.39903478764432887
C_PIECESQUARETABLES:0.4544125511618725
C_MOBILITY:0.4429058571191921
C_KINGSAFETY:0.4670384315966824
C_PAWNSTRUCTURE:0.5043816033487382
C_PIECECOORDINATION:0.5420272223216359
C_ROOKANDPAWNMOVEMENT:0.5420272223216359
C_CENTERCONTROL:0.5011213707031384
C_DEVELOPPIECES:0.4621212526958636
C_MATERIAL:0.4819284754274791
