ELO:993
CE_PASSEDPAWNS:0.48420058967773505
CE_PAWNWEAKNESSES:0.5090855474829379
CE_PIECEACTIVITY:0.5059651167343078
CE_KINGPAWNSHIELD:0.509077167222531
CE_PIECECOORDINATION:0.5013253831425152
CE_MATERIAL:0.5162313209911488
CE_KINGSAFETY:0.5105428145908478
C_PIECESQUARETABLES:0.5074031210294586
C_MOBILITY:0.5085825589014901
C_KINGSAFETY:0.5164505449912247
C_PAWNSTRUCTURE:0.4878764518656187
C_PIECECOORDINATION:0.46244213855685684
C_ROOKANDPAWNMOVEMENT:0.46244213855685684
C_CENTERCONTROL:0.5084235306166668
C_DEVELOPPIECES:0.5101869241134077
C_MATERIAL:0.4982130803006865
C_MOVECOUNT:0.51108914305662
