ELO:948
CE_PASSEDPAWNS:0.49694125359015845
CE_PAWNWEAKNESSES:0.49491835823811164
CE_PIECEACTIVITY:0.616183980450955
CE_KINGPAWNSHIELD:0.5018695629233811
CE_PIECECOORDINATION:0.4093034709124988
CE_MATERIAL:0.5281469927676326
CE_KINGSAFETY:0.5055509013040382
C_PIECESQUARETABLES:0.49102191757865127
C_MOBILITY:0.40692944461153735
C_KINGSAFETY:0.5024701912051225
C_PAWNSTRUCTURE:0.5437896266831238
C_PIECECOORDINATION:0.507411793054021
C_ROOKANDPAWNMOVEMENT:0.507411793054021
C_CENTERCONTROL:0.44906973466225303
C_DEVELOPPIECES:0.3505650105331921
C_MATERIAL:0.4600152204866823
