ELO:1153
CE_PASSEDPAWNS:0.47259189483603253
CE_PAWNWEAKNESSES:0.49958876493474047
CE_PIECEACTIVITY:0.5822554920959389
CE_KINGPAWNSHIELD:0.4774259118591802
CE_PIECECOORDINATION:0.5707969823983154
CE_MATERIAL:0.44673922077428824
CE_KINGSAFETY:0.5
C_PIECESQUARETABLES:0.5
C_MOBILITY:0.4181832190547694
C_KINGSAFETY:0.30807903020254146
C_PAWNSTRUCTURE:0.41040599071577993
C_PIECECOORDINATION:0.4798556068449957
C_ROOKANDPAWNMOVEMENT:0.4798556068449957
C_CENTERCONTROL:0.5802024538483129
C_DEVELOPPIECES:0.464302331748555
C_MATERIAL:0.4106780226091764
