ELO:1025
CE_PASSEDPAWNS:0.49012055968194734
CE_PAWNWEAKNESSES:0.5029335473364235
CE_PIECEACTIVITY:0.5
CE_KINGPAWNSHIELD:0.4506345606650836
CE_PIECECOORDINATION:0.4996239681293009
CE_MATERIAL:0.5
CE_KINGSAFETY:0.49705355006164215
C_PIECESQUARETABLES:0.5
C_MOBILITY:0.4919424491567227
C_KINGSAFETY:0.49141479951764416
C_PAWNSTRUCTURE:0.5107750256684641
C_PIECECOORDINATION:0.5
C_ROOKANDPAWNMOVEMENT:0.5
C_CENTERCONTROL:0.5
C_DEVELOPPIECES:0.5143269644844258
C_MATERIAL:0.5003477454518697
C_MOVECOUNT:0.5
