ELO:972
CE_PASSEDPAWNS:0.48119637919280545
CE_PAWNWEAKNESSES:0.4687631335237492
CE_PIECEACTIVITY:0.5881598928518881
CE_KINGPAWNSHIELD:0.5115977188532685
CE_PIECECOORDINATION:0.4417066674411863
CE_MATERIAL:0.5267962984740647
CE_KINGSAFETY:0.48468371720236825
C_PIECESQUARETABLES:0.49484754281356313
C_MOBILITY:0.4223364065066018
C_KINGSAFETY:0.4508913721030003
C_PAWNSTRUCTURE:0.5446385368221823
C_PIECECOORDINATION:0.507212431903351
C_ROOKANDPAWNMOVEMENT:0.507212431903351
C_CENTERCONTROL:0.4652930528179844
C_DEVELOPPIECES:0.41001263855850734
C_MATERIAL:0.4559812980625111
