ELO:969
CE_PASSEDPAWNS:0.4729760683916298
CE_PAWNWEAKNESSES:0.4919223096499191
CE_PIECEACTIVITY:0.5
CE_KINGPAWNSHIELD:0.4992223085014599
CE_PIECECOORDINATION:0.5348150918791749
CE_MATERIAL:0.510623774992548
CE_KINGSAFETY:0.5197593846832171
C_PIECESQUARETABLES:0.5024193674962798
C_MOBILITY:0.4674571598160579
C_KINGSAFETY:0.5094345876677581
C_PAWNSTRUCTURE:0.5027256840152771
C_PIECECOORDINATION:0.48297814293187913
C_ROOKANDPAWNMOVEMENT:0.48297814293187913
C_CENTERCONTROL:0.5024556004788695
C_DEVELOPPIECES:0.5143405471837763
C_MATERIAL:0.47739791320628383
C_MOVECOUNT:0.5
