ELO:914
CE_PASSEDPAWNS:0.5332935956494189
CE_PAWNWEAKNESSES:0.5686806419582154
CE_PIECEACTIVITY:0.5501936423354209
CE_KINGPAWNSHIELD:0.530452481627553
CE_PIECECOORDINATION:0.5227374166568387
CE_MATERIAL:0.490795334647268
CE_KINGSAFETY:0.48726141266794115
C_PIECESQUARETABLES:0.4858722272175067
C_MOBILITY:0.48011285523939956
C_KINGSAFETY:0.5446027126879085
C_PAWNSTRUCTURE:0.4139617796678932
C_PIECECOORDINATION:0.5063720138133125
C_ROOKANDPAWNMOVEMENT:0.5063720138133125
C_CENTERCONTROL:0.5278083381856957
C_DEVELOPPIECES:0.36770016242837705
C_MATERIAL:0.48594924009116425
