ELO:1000
CE_PASSEDPAWNS:0.4897817238145346
CE_PAWNWEAKNESSES:0.4836532770300721
CE_PIECEACTIVITY:0.48899881499264447
CE_KINGPAWNSHIELD:0.5042396208047225
CE_PIECECOORDINATION:0.5406918172813836
CE_MATERIAL:0.44156520764268653
CE_KINGSAFETY:0.48729927510419424
C_PIECESQUARETABLES:0.5084081359644789
C_MOBILITY:0.5108587404809236
C_KINGSAFETY:0.47322047381862803
C_PAWNSTRUCTURE:0.5227632664518616
C_PIECECOORDINATION:0.5335926309000648
C_ROOKANDPAWNMOVEMENT:0.5335926309000648
C_CENTERCONTROL:0.5129800010580601
C_DEVELOPPIECES:0.47005188354987987
C_MATERIAL:0.46963364967886057
