ELO:986
CE_PASSEDPAWNS:0.49245523541483466
CE_PAWNWEAKNESSES:0.489517920647672
CE_PIECEACTIVITY:0.48815925684904415
CE_KINGPAWNSHIELD:0.5110084666253929
CE_PIECECOORDINATION:0.4913036787361472
CE_MATERIAL:0.5005080019530785
CE_KINGSAFETY:0.5000151132454647
C_PIECESQUARETABLES:0.48880664437899446
C_MOBILITY:0.48907834294821856
C_KINGSAFETY:0.4792063324916091
C_PAWNSTRUCTURE:0.5000019750824285
C_PIECECOORDINATION:0.49244505338727007
C_ROOK:0.49655101144366204
CE_ROOK:0.5030949865355228
C_CENTERCONTROL:0.5222648561800545
C_DEVELOPPIECES:0.4993874010871839
C_MATERIAL:0.4993733861170947
C_MOVECOUNT:0.4975385470548791
C_PAWNMOVEMENT:0.4937171921022393
