ELO:874
CE_PASSEDPAWNS:0.5104990082212112
CE_PAWNWEAKNESSES:0.48259163208736133
CE_PIECEACTIVITY:0.5330452195787074
CE_KINGPAWNSHIELD:0.4843314657676625
CE_PIECECOORDINATION:0.4815775718458105
CE_MATERIAL:0.4932175623261068
CE_KINGSAFETY:0.472242430846333
C_PIECESQUARETABLES:0.481138554168216
C_MOBILITY:0.4372760894678762
C_KINGSAFETY:0.42426396021854934
C_PAWNSTRUCTURE:0.5159491992510064
C_PIECECOORDINATION:0.49789750411922307
C_ROOKANDPAWNMOVEMENT:0.49789750411922307
C_CENTERCONTROL:0.5062346587569022
C_DEVELOPPIECES:0.5302620847397901
C_MATERIAL:0.4886250730250293
C_MOVECOUNT:0.4781087417886552
