ELO:1000
CE_PASSEDPAWNS:0.4940416976582352
CE_PAWNWEAKNESSES:0.5158117288931171
CE_PIECEACTIVITY:0.49276211966279576
CE_KINGPAWNSHIELD:0.4749381274754428
CE_PIECECOORDINATION:0.5450581723916836
CE_MATERIAL:0.47028875518992275
CE_KINGSAFETY:0.45723313775539665
C_PIECESQUARETABLES:0.5068871841760081
C_MOBILITY:0.49809512583573873
C_KINGSAFETY:0.4844341959486342
C_PAWNSTRUCTURE:0.5143267560321013
C_PIECECOORDINATION:0.5766249009077368
C_ROOKANDPAWNMOVEMENT:0.5766249009077368
C_CENTERCONTROL:0.5025250614856589
C_DEVELOPPIECES:0.46126324682974074
C_MATERIAL:0.506345212322683
