ELO:1152
CE_PASSEDPAWNS:0.47259189483603253
CE_PAWNWEAKNESSES:0.42836829307683977
CE_PIECEACTIVITY:0.47707812532962285
CE_KINGPAWNSHIELD:0.6208131797722044
CE_PIECECOORDINATION:0.5707969823983154
CE_MATERIAL:0.43649796038080135
CE_KINGSAFETY:0.5
C_PIECESQUARETABLES:0.5
C_MOBILITY:0.41766045605391544
C_KINGSAFETY:0.3025859267545819
C_PAWNSTRUCTURE:0.41040599071577993
C_PIECECOORDINATION:0.4798556068449957
C_ROOKANDPAWNMOVEMENT:0.4798556068449957
C_CENTERCONTROL:0.4984443975259911
C_DEVELOPPIECES:0.464302331748555
C_MATERIAL:0.4063918105112338
