ELO:946
CE_PASSEDPAWNS:0.5105806516207337
CE_PAWNWEAKNESSES:0.49261527484010076
CE_PIECEACTIVITY:0.451244428082139
CE_KINGPAWNSHIELD:0.48776327354813764
CE_PIECECOORDINATION:0.487950516062504
CE_MATERIAL:0.5173385715450353
CE_KINGSAFETY:0.5102828410748872
C_PIECESQUARETABLES:0.5
C_MOBILITY:0.5139392797153592
C_KINGSAFETY:0.5144428338247539
C_PAWNSTRUCTURE:0.5047712469793356
C_PIECECOORDINATION:0.5341019091942116
C_ROOKANDPAWNMOVEMENT:0.5341019091942116
C_CENTERCONTROL:0.48009548955078996
C_DEVELOPPIECES:0.48948064753392145
C_MATERIAL:0.46037329378879926
C_MOVECOUNT:0.5
