ELO:1000
CE_PASSEDPAWNS:0.5076533502303743
CE_PAWNWEAKNESSES:0.531121089543019
CE_PIECEACTIVITY:0.4541296843056079
CE_KINGPAWNSHIELD:0.5161445777485401
CE_PIECECOORDINATION:0.4766006652332413
CE_MATERIAL:0.46643336116878775
CE_KINGSAFETY:0.5264613806750077
C_PIECESQUARETABLES:0.4951787861826656
C_MOBILITY:0.5268947221526478
C_KINGSAFETY:0.5128717228633474
C_PAWNSTRUCTURE:0.5128577879160933
C_PIECECOORDINATION:0.5392679973518641
C_ROOKANDPAWNMOVEMENT:0.5392679973518641
C_CENTERCONTROL:0.5089664373469083
C_DEVELOPPIECES:0.4678860230724157
C_MATERIAL:0.5058184280390327
