ELO:1012
CE_PASSEDPAWNS:0.5034851761364274
CE_PAWNWEAKNESSES:0.5062237445661766
CE_PIECEACTIVITY:0.5
CE_KINGPAWNSHIELD:0.48450015034522437
CE_PIECECOORDINATION:0.5
CE_MATERIAL:0.5163571783361794
CE_KINGSAFETY:0.5
C_PIECESQUARETABLES:0.5102425313042236
C_MOBILITY:0.5
C_KINGSAFETY:0.5
C_PAWNSTRUCTURE:0.5069415413792895
C_PIECECOORDINATION:0.487193057985118
C_ROOKANDPAWNMOVEMENT:0.487193057985118
C_CENTERCONTROL:0.5
C_DEVELOPPIECES:0.5
C_MATERIAL:0.4813910197699353
C_MOVECOUNT:0.5
