ELO:842
CE_PASSEDPAWNS:0.5116060968195547
CE_PAWNWEAKNESSES:0.4992601124700685
CE_PIECEACTIVITY:0.5330405778178704
CE_KINGPAWNSHIELD:0.48397033846674153
CE_PIECECOORDINATION:0.46664039470146174
CE_MATERIAL:0.5001412574628128
CE_KINGSAFETY:0.4823919793547818
C_PIECESQUARETABLES:0.48971231411892985
C_MOBILITY:0.4418372368511384
C_KINGSAFETY:0.40764693394645257
C_PAWNSTRUCTURE:0.48929010850556764
C_PIECECOORDINATION:0.47484777792872035
C_ROOKANDPAWNMOVEMENT:0.47484777792872035
C_CENTERCONTROL:0.513075287626723
C_DEVELOPPIECES:0.5072248683764333
C_MATERIAL:0.49852800918249324
C_MOVECOUNT:0.47692835510336423
