ELO:978
CE_PASSEDPAWNS:0.5
CE_PAWNWEAKNESSES:0.48874235486080536
CE_PIECEACTIVITY:0.502973695890711
CE_KINGPAWNSHIELD:0.4825869084117894
CE_PIECECOORDINATION:0.5241403677687936
CE_MATERIAL:0.4879486145114166
CE_KINGSAFETY:0.5
C_PIECESQUARETABLES:0.48922109655454127
C_MOBILITY:0.48658761739819634
C_KINGSAFETY:0.5156245680459332
C_PAWNSTRUCTURE:0.5026632676323542
C_PIECECOORDINATION:0.5191040098456694
C_ROOK:0.512914052995233
CE_ROOK:0.5
C_CENTERCONTROL:0.5
C_DEVELOPPIECES:0.5034677057091355
C_MATERIAL:0.5
C_MOVECOUNT:0.5070115880744261
C_PAWNMOVEMENT:0.5192495995291656
