ELO:922
CE_PASSEDPAWNS:0.4308864521902303
CE_PAWNWEAKNESSES:0.5693117432400381
CE_PIECEACTIVITY:0.5095995201549225
CE_KINGPAWNSHIELD:0.4566599999577272
CE_PIECECOORDINATION:0.6137285915575187
CE_MATERIAL:0.4182540893089101
CE_KINGSAFETY:0.493950800141733
C_PIECESQUARETABLES:0.5085754789820331
C_MOBILITY:0.5170918805434823
C_KINGSAFETY:0.5009359405860963
C_PAWNSTRUCTURE:0.47384030194118626
C_PIECECOORDINATION:0.5352474183408484
C_ROOKANDPAWNMOVEMENT:0.5352474183408484
C_CENTERCONTROL:0.5111493631490522
C_DEVELOPPIECES:0.4600133058290189
C_MATERIAL:0.4505908549643055
