ELO:1022
CE_PASSEDPAWNS:0.49926103631174135
CE_PAWNWEAKNESSES:0.5
CE_PIECEACTIVITY:0.50209987525619
CE_KINGPAWNSHIELD:0.5
CE_PIECECOORDINATION:0.49503313228561974
CE_MATERIAL:0.5
CE_KINGSAFETY:0.4892981120095395
C_PIECESQUARETABLES:0.500024534049151
C_MOBILITY:0.5
C_KINGSAFETY:0.5
C_PAWNSTRUCTURE:0.5
C_PIECECOORDINATION:0.5149327020130692
C_ROOKANDPAWNMOVEMENT:0.5149327020130692
C_CENTERCONTROL:0.4791270465653426
C_DEVELOPPIECES:0.5
C_MATERIAL:0.49794799681875646
C_MOVECOUNT:0.5
