ELO:1010
CE_PASSEDPAWNS:0.5007373898084715
CE_PAWNWEAKNESSES:0.5071072251590852
CE_PIECEACTIVITY:0.5
CE_KINGPAWNSHIELD:0.4820341329292315
CE_PIECECOORDINATION:0.48910011714534485
CE_MATERIAL:0.524431643956131
CE_KINGSAFETY:0.50776432840339
C_PIECESQUARETABLES:0.5
C_MOBILITY:0.5
C_KINGSAFETY:0.504250636783018
C_PAWNSTRUCTURE:0.49872984361836725
C_PIECECOORDINATION:0.5016239776349221
C_ROOKANDPAWNMOVEMENT:0.5016239776349221
C_CENTERCONTROL:0.5
C_DEVELOPPIECES:0.5022741914931974
C_MATERIAL:0.5
C_MOVECOUNT:0.48726015295013053
