ELO:987
CE_PASSEDPAWNS:0.4920141225139204
CE_PAWNWEAKNESSES:0.4809173401859935
CE_PIECEACTIVITY:0.4922004492820085
CE_KINGPAWNSHIELD:0.5259515638531564
CE_PIECECOORDINATION:0.5014945220150251
CE_MATERIAL:0.5005080019530785
CE_KINGSAFETY:0.5
C_PIECESQUARETABLES:0.5
C_MOBILITY:0.49593265499396505
C_KINGSAFETY:0.4810894101214912
C_PAWNSTRUCTURE:0.4885723510697001
C_PIECECOORDINATION:0.48797525967625494
C_ROOK:0.49655101144366204
CE_ROOK:0.5030949865355228
C_CENTERCONTROL:0.5098052161983186
C_DEVELOPPIECES:0.5109026239765762
C_MATERIAL:0.5043950890248086
C_MOVECOUNT:0.5037416949810444
C_PAWNMOVEMENT:0.5
