ELO:1016
CE_PASSEDPAWNS:0.5
CE_PAWNWEAKNESSES:0.5
CE_PIECEACTIVITY:0.5
CE_KINGPAWNSHIELD:0.5008007171587995
CE_PIECECOORDINATION:0.5054713545030066
CE_MATERIAL:0.49862200697369263
CE_KINGSAFETY:0.5
C_PIECESQUARETABLES:0.5
C_MOBILITY:0.4970505038186432
C_KINGSAFETY:0.5132622122470942
C_PAWNSTRUCTURE:0.4982793359540186
C_PIECECOORDINATION:0.4904458600200605
C_ROOKANDPAWNMOVEMENT:0.4904458600200605
C_CENTERCONTROL:0.5013602752685743
C_DEVELOPPIECES:0.5046686489427933
C_MATERIAL:0.5112086098940876
C_MOVECOUNT:0.5089928252552371
