ELO:965
CE_PASSEDPAWNS:0.48888024615549813
CE_PAWNWEAKNESSES:0.5037767851223985
CE_PIECEACTIVITY:0.5067141964018504
CE_KINGPAWNSHIELD:0.518576433963611
CE_PIECECOORDINATION:0.5124446063849504
CE_MATERIAL:0.5023173846635284
CE_KINGSAFETY:0.48960881474349854
C_PIECESQUARETABLES:0.5049516848489018
C_MOBILITY:0.5130061553899082
C_KINGSAFETY:0.506284660320195
C_PAWNSTRUCTURE:0.4901053572355882
C_PIECECOORDINATION:0.515178070915187
C_ROOKANDPAWNMOVEMENT:0.515178070915187
C_CENTERCONTROL:0.5350046571866803
C_DEVELOPPIECES:0.5015245851373863
C_MATERIAL:0.49725694105173457
C_MOVECOUNT:0.5
