ELO:1006
CE_PASSEDPAWNS:0.5
CE_PAWNWEAKNESSES:0.4898974159829972
CE_PIECEACTIVITY:0.5
CE_KINGPAWNSHIELD:0.5
CE_PIECECOORDINATION:0.5054713545030066
CE_MATERIAL:0.49987398267337585
CE_KINGSAFETY:0.50776432840339
C_PIECESQUARETABLES:0.5
C_MOBILITY:0.5
C_KINGSAFETY:0.5066752894180344
C_PAWNSTRUCTURE:0.5085958026991216
C_PIECECOORDINATION:0.5016239776349221
C_ROOKANDPAWNMOVEMENT:0.5016239776349221
C_CENTERCONTROL:0.5186240362589812
C_DEVELOPPIECES:0.5
C_MATERIAL:0.5095681166683946
C_MOVECOUNT:0.5
