ELO:1005
CE_PASSEDPAWNS:0.4879916884969286
CE_PAWNWEAKNESSES:0.4898974159829972
CE_PIECEACTIVITY:0.4941706638642104
CE_KINGPAWNSHIELD:0.4943401215131926
CE_PIECECOORDINATION:0.5054713545030066
CE_MATERIAL:0.5053245623471561
CE_KINGSAFETY:0.5
C_PIECESQUARETABLES:0.5
C_MOBILITY:0.5
C_KINGSAFETY:0.5083003683945351
C_PAWNSTRUCTURE:0.5085958026991216
C_PIECECOORDINATION:0.5
C_ROOKANDPAWNMOVEMENT:0.5
C_CENTERCONTROL:0.5105940586105634
C_DEVELOPPIECES:0.5
C_MATERIAL:0.4920748987676254
C_MOVECOUNT:0.4881616342593472
