ELO:846
CE_PASSEDPAWNS:0.449056888415958
CE_PAWNWEAKNESSES:0.5540737903742342
CE_PIECEACTIVITY:0.5098383573058605
CE_KINGPAWNSHIELD:0.49190029018389825
CE_PIECECOORDINATION:0.49469053979296
CE_MATERIAL:0.4857614188931216
CE_KINGSAFETY:0.5020913609066764
C_PIECESQUARETABLES:0.48654691244109416
C_MOBILITY:0.4592473363132593
C_KINGSAFETY:0.4441463424974183
C_PAWNSTRUCTURE:0.5285874274698555
C_PIECECOORDINATION:0.518357068411066
C_ROOKANDPAWNMOVEMENT:0.518357068411066
C_CENTERCONTROL:0.5311436086610981
C_DEVELOPPIECES:0.5320439741470913
C_MATERIAL:0.5054278502284847
C_MOVECOUNT:0.5
