ELO:989
CE_PASSEDPAWNS:0.5101823306180808
CE_PAWNWEAKNESSES:0.48650640009220947
CE_PIECEACTIVITY:0.4971598763363807
CE_KINGPAWNSHIELD:0.5044708707005318
CE_PIECECOORDINATION:0.501195665394785
CE_MATERIAL:0.4972333593523236
CE_KINGSAFETY:0.5
C_PIECESQUARETABLES:0.5
C_MOBILITY:0.548595478193456
C_KINGSAFETY:0.4989167676617006
C_PAWNSTRUCTURE:0.5431967049580011
C_PIECECOORDINATION:0.5281652221800786
C_ROOK:0.47230525478027563
CE_ROOK:0.5112036300348647
C_CENTERCONTROL:0.5129898275705121
C_DEVELOPPIECES:0.539108871080059
C_MATERIAL:0.5088278698750699
C_MOVECOUNT:0.5354316458024518
C_PAWNMOVEMENT:0.5248083707293063
