ELO:972
CE_PASSEDPAWNS:0.4567967519442051
CE_PAWNWEAKNESSES:0.5384904462536496
CE_PIECEACTIVITY:0.5138197824614947
CE_KINGPAWNSHIELD:0.4939032548738723
CE_PIECECOORDINATION:0.6132940332728329
CE_MATERIAL:0.4441315362464152
CE_KINGSAFETY:0.5
C_PIECESQUARETABLES:0.5
C_MOBILITY:0.5255052832339049
C_KINGSAFETY:0.5137629332538429
C_PAWNSTRUCTURE:0.49889130226902223
C_PIECECOORDINATION:0.5463949255472406
C_ROOKANDPAWNMOVEMENT:0.5463949255472406
C_CENTERCONTROL:0.49482219831097796
C_DEVELOPPIECES:0.46090885945787474
C_MATERIAL:0.4752109511335487
