ELO:1018
CE_PASSEDPAWNS:0.48883456398268255
CE_PAWNWEAKNESSES:0.4898974159829972
CE_PIECEACTIVITY:0.509891946592569
CE_KINGPAWNSHIELD:0.5
CE_PIECECOORDINATION:0.5054713545030066
CE_MATERIAL:0.5053245623471561
CE_KINGSAFETY:0.50776432840339
C_PIECESQUARETABLES:0.5
C_MOBILITY:0.4929389023922454
C_KINGSAFETY:0.4916128297772204
C_PAWNSTRUCTURE:0.5085958026991216
C_PIECECOORDINATION:0.5
C_ROOKANDPAWNMOVEMENT:0.5
C_CENTERCONTROL:0.507548870118654
C_DEVELOPPIECES:0.5
C_MATERIAL:0.5095681166683946
C_MOVECOUNT:0.5
