ELO:1006
CE_PASSEDPAWNS:0.4782232400437105
CE_PAWNWEAKNESSES:0.5009153172732328
CE_PIECEACTIVITY:0.5
CE_KINGPAWNSHIELD:0.5000406354030301
CE_PIECECOORDINATION:0.5
CE_MATERIAL:0.4998328650420772
CE_KINGSAFETY:0.5
C_PIECESQUARETABLES:0.5
C_MOBILITY:0.5100506975321502
C_KINGSAFETY:0.5
C_PAWNSTRUCTURE:0.49852507735818824
C_PIECECOORDINATION:0.5192033257800368
C_ROOKANDPAWNMOVEMENT:0.5192033257800368
C_CENTERCONTROL:0.5038952010367849
C_DEVELOPPIECES:0.5
C_MATERIAL:0.4815245080156408
C_MOVECOUNT:0.5
