ELO:800
CE_PASSEDPAWNS:0.45337683521344835
CE_PAWNWEAKNESSES:0.5419789719045937
CE_PIECEACTIVITY:0.4592097676250889
CE_KINGPAWNSHIELD:0.450451027928573
CE_PIECECOORDINATION:0.49991038896745094
CE_MATERIAL:0.49189419666669953
CE_KINGSAFETY:0.4849965499005433
C_PIECESQUARETABLES:0.4418208353199198
C_MOBILITY:0.44429449307553237
C_KINGSAFETY:0.46572105441502454
C_PAWNSTRUCTURE:0.5334743422534776
C_PIECECOORDINATION:0.5351400046939749
C_ROOKANDPAWNMOVEMENT:0.5351400046939749
C_CENTERCONTROL:0.5861595713713302
C_DEVELOPPIECES:0.5473602417785058
C_MATERIAL:0.4937990591801913
C_MOVECOUNT:0.5
