ELO:930
CE_PASSEDPAWNS:0.4908204949993317
CE_PAWNWEAKNESSES:0.478767859931224
CE_PIECEACTIVITY:0.503674516751718
CE_KINGPAWNSHIELD:0.47405083558787353
CE_PIECECOORDINATION:0.49282624713080897
CE_MATERIAL:0.5690438467596177
CE_KINGSAFETY:0.499394273472904
C_PIECESQUARETABLES:0.5720459724648747
C_MOBILITY:0.4915954813826068
C_KINGSAFETY:0.5066780834100241
C_PAWNSTRUCTURE:0.46845840815456635
C_PIECECOORDINATION:0.48823472702059795
C_ROOKANDPAWNMOVEMENT:0.48823472702059795
C_CENTERCONTROL:0.49088623771943624
C_DEVELOPPIECES:0.5389143705695665
C_MATERIAL:0.49774806747245254
C_MOVECOUNT:0.5
