ELO:1017
CE_PASSEDPAWNS:0.49044359777232516
CE_PAWNWEAKNESSES:0.5
CE_PIECEACTIVITY:0.5036529379157221
CE_KINGPAWNSHIELD:0.4894119599102055
CE_PIECECOORDINATION:0.4716239370322694
CE_MATERIAL:0.519640536476084
CE_KINGSAFETY:0.5068411578425637
C_PIECESQUARETABLES:0.5062132564055287
C_MOBILITY:0.5
C_KINGSAFETY:0.4918893714169307
C_PAWNSTRUCTURE:0.5067722289689608
C_PIECECOORDINATION:0.5214105066563245
C_ROOKANDPAWNMOVEMENT:0.5214105066563245
C_CENTERCONTROL:0.5248589516513705
C_DEVELOPPIECES:0.5293406778056661
C_MATERIAL:0.47824376377960076
C_MOVECOUNT:0.5
