ELO:752
CE_PASSEDPAWNS:0.44653398510150166
CE_PAWNWEAKNESSES:0.5767441117298747
CE_PIECEACTIVITY:0.5657901088921259
CE_KINGPAWNSHIELD:0.5090205931472666
CE_PIECECOORDINATION:0.5316995309309667
CE_MATERIAL:0.49412014111073715
CE_KINGSAFETY:0.4957399028476589
C_PIECESQUARETABLES:0.5062525074720685
C_MOBILITY:0.48600987962339937
C_KINGSAFETY:0.42486137554716275
C_PAWNSTRUCTURE:0.5178313059904647
C_PIECECOORDINATION:0.5285495934463142
C_ROOKANDPAWNMOVEMENT:0.5285495934463142
C_CENTERCONTROL:0.5213971409336291
C_DEVELOPPIECES:0.5217608238194712
C_MATERIAL:0.4958980184656482
C_MOVECOUNT:0.5
