ELO:994
CE_PASSEDPAWNS:0.5428838571944782
CE_PAWNWEAKNESSES:0.5579308165765345
CE_PIECEACTIVITY:0.4690063190799785
CE_KINGPAWNSHIELD:0.536921051313739
CE_PIECECOORDINATION:0.5478726865425712
CE_MATERIAL:0.490712126677251
CE_KINGSAFETY:0.5013739770734256
C_PIECESQUARETABLES:0.5098822983326265
C_MOBILITY:0.49622207813653496
C_KINGSAFETY:0.5434729243937559
C_PAWNSTRUCTURE:0.4436125216543521
C_PIECECOORDINATION:0.5052437662953884
C_ROOKANDPAWNMOVEMENT:0.5052437662953884
C_CENTERCONTROL:0.5246914524815605
C_DEVELOPPIECES:0.39121152635032236
C_MATERIAL:0.4670178515710188
