ELO:889
CE_PASSEDPAWNS:0.5226302615702413
CE_PAWNWEAKNESSES:0.5369932347070093
CE_PIECEACTIVITY:0.48242979116091333
CE_KINGPAWNSHIELD:0.5087286718819248
CE_PIECECOORDINATION:0.4831125938678889
CE_MATERIAL:0.3881055042596868
CE_KINGSAFETY:0.5
C_PIECESQUARETABLES:0.4993098196758727
C_MOBILITY:0.5148006214633768
C_KINGSAFETY:0.4890418938292312
C_PAWNSTRUCTURE:0.4605463241370311
C_PIECECOORDINATION:0.31892910242234
C_ROOKANDPAWNMOVEMENT:0.31892910242234
C_CENTERCONTROL:0.4783917606060643
C_DEVELOPPIECES:0.6284443937590928
C_MATERIAL:0.5579309384457188
