ELO:855
CE_PASSEDPAWNS:0.46030517003876936
CE_PAWNWEAKNESSES:0.5298935796942743
CE_PIECEACTIVITY:0.5278706957107007
CE_KINGPAWNSHIELD:0.5352300133196578
CE_PIECECOORDINATION:0.42261767806355566
CE_MATERIAL:0.5222224497661955
CE_KINGSAFETY:0.49464161509936805
C_PIECESQUARETABLES:0.456956734016478
C_MOBILITY:0.4760504447216185
C_KINGSAFETY:0.401713054178839
C_PAWNSTRUCTURE:0.4945627974410186
C_PIECECOORDINATION:0.46976070608262066
C_ROOKANDPAWNMOVEMENT:0.46976070608262066
C_CENTERCONTROL:0.5062411745931225
C_DEVELOPPIECES:0.5478721211597347
C_MATERIAL:0.45449446149276523
C_MOVECOUNT:0.41740342569925093
