ELO:1000
CE_PASSEDPAWNS:0.49827465922478037
CE_PAWNWEAKNESSES:0.48396006495068156
CE_PIECEACTIVITY:0.4703826407302911
CE_KINGPAWNSHIELD:0.519186970517368
CE_PIECECOORDINATION:0.5040993239519669
CE_MATERIAL:0.5103870890660721
CE_KINGSAFETY:0.5
C_PIECESQUARETABLES:0.5
C_MOBILITY:0.5013590634283139
C_KINGSAFETY:0.47893026108604364
C_PAWNSTRUCTURE:0.48622638489785863
C_PIECECOORDINATION:0.5108897887253867
C_ROOK:0.48972282289415386
CE_ROOK:0.5465382772098452
C_CENTERCONTROL:0.5365423263588198
C_DEVELOPPIECES:0.5007667440019551
C_MATERIAL:0.48953476232607335
C_MOVECOUNT:0.47689845474745257
C_PAWNMOVEMENT:0.4609596516139118
