ELO:989
CE_PASSEDPAWNS:0.5101823306180808
CE_PAWNWEAKNESSES:0.5033454892594479
CE_PIECEACTIVITY:0.5416069918762904
CE_KINGPAWNSHIELD:0.5377994068347833
CE_PIECECOORDINATION:0.5119096130754166
CE_MATERIAL:0.5027004884842425
CE_KINGSAFETY:0.5
C_PIECESQUARETABLES:0.5
C_MOBILITY:0.48720210075160986
C_KINGSAFETY:0.48134998905871595
C_PAWNSTRUCTURE:0.5131077141534812
C_PIECECOORDINATION:0.5168420351434051
C_ROOK:0.4873261826391488
CE_ROOK:0.4938489949810382
C_CENTERCONTROL:0.5185125323210099
C_DEVELOPPIECES:0.47413697981581215
C_MATERIAL:0.4899458044483732
C_MOVECOUNT:0.4985421403198912
C_PAWNMOVEMENT:0.5257703533094485
