ELO:971
CE_PASSEDPAWNS:0.4881277768812593
CE_PAWNWEAKNESSES:0.4818843658587307
CE_PIECEACTIVITY:0.48365131714392173
CE_KINGPAWNSHIELD:0.541357633067475
CE_PIECECOORDINATION:0.49907044022386327
CE_MATERIAL:0.49700018181608685
CE_KINGSAFETY:0.5
C_PIECESQUARETABLES:0.5
C_MOBILITY:0.5365798343425469
C_KINGSAFETY:0.49346744921035385
C_PAWNSTRUCTURE:0.5051373657466268
C_PIECECOORDINATION:0.5111829866809449
C_ROOK:0.5022660267391018
CE_ROOK:0.4859812841398903
C_CENTERCONTROL:0.5129033582830083
C_DEVELOPPIECES:0.5062063301123437
C_MATERIAL:0.5173999246847338
C_MOVECOUNT:0.47719983046465086
C_PAWNMOVEMENT:0.5215150607057307
