ELO:969
CE_PASSEDPAWNS:0.5357534826991867
CE_PAWNWEAKNESSES:0.5678192949199805
CE_PIECEACTIVITY:0.49670268163387415
CE_KINGPAWNSHIELD:0.5585172490601176
CE_PIECECOORDINATION:0.5175392828069958
CE_MATERIAL:0.4977323601560242
CE_KINGSAFETY:0.4717982516950682
C_PIECESQUARETABLES:0.4888347313209491
C_MOBILITY:0.5222816726471214
C_KINGSAFETY:0.5164275587534314
C_PAWNSTRUCTURE:0.4104444917604363
C_PIECECOORDINATION:0.46178894322893466
C_ROOKANDPAWNMOVEMENT:0.46178894322893466
C_CENTERCONTROL:0.5163923931627916
C_DEVELOPPIECES:0.41084242402456744
C_MATERIAL:0.4514905663037704
