ELO:985
CE_PASSEDPAWNS:0.5008903697958206
CE_PAWNWEAKNESSES:0.4826679589020408
CE_PIECEACTIVITY:0.48815925684904415
CE_KINGPAWNSHIELD:0.5110084666253929
CE_PIECECOORDINATION:0.4913036787361472
CE_MATERIAL:0.5005080019530785
CE_KINGSAFETY:0.5049129588093898
C_PIECESQUARETABLES:0.4790359487101729
C_MOBILITY:0.496459860225257
C_KINGSAFETY:0.4792063324916091
C_PAWNSTRUCTURE:0.49453652688285926
C_PIECECOORDINATION:0.48107200980923714
C_ROOK:0.49655101144366204
CE_ROOK:0.5030949865355228
C_CENTERCONTROL:0.5132273475977809
C_DEVELOPPIECES:0.4993874010871839
C_MATERIAL:0.4993733861170947
C_MOVECOUNT:0.4975385470548791
C_PAWNMOVEMENT:0.5035805052850758
