ELO:973
CE_PASSEDPAWNS:0.4768880593431928
CE_PAWNWEAKNESSES:0.4898974159829972
CE_PIECEACTIVITY:0.5021759717637411
CE_KINGPAWNSHIELD:0.5078784397509065
CE_PIECECOORDINATION:0.48632665754963317
CE_MATERIAL:0.5053245623471561
CE_KINGSAFETY:0.5108219474453636
C_PIECESQUARETABLES:0.5
C_MOBILITY:0.4919133737678277
C_KINGSAFETY:0.5101361958713639
C_PAWNSTRUCTURE:0.5
C_PIECECOORDINATION:0.48973019505904536
C_ROOKANDPAWNMOVEMENT:0.48973019505904536
C_CENTERCONTROL:0.5
C_DEVELOPPIECES:0.5203289218316578
C_MATERIAL:0.4719649315009736
C_MOVECOUNT:0.4859133363926072
