ELO:933
CE_PASSEDPAWNS:0.45415298767812057
CE_PAWNWEAKNESSES:0.5749495437982832
CE_PIECEACTIVITY:0.48026231205546754
CE_KINGPAWNSHIELD:0.42659024461799905
CE_PIECECOORDINATION:0.5881907492564106
CE_MATERIAL:0.42444201251794894
CE_KINGSAFETY:0.517853005402062
C_PIECESQUARETABLES:0.4964916414441634
C_MOBILITY:0.5437483208998607
C_KINGSAFETY:0.46932359311160604
C_PAWNSTRUCTURE:0.46311781149661596
C_PIECECOORDINATION:0.5077300989292379
C_ROOKANDPAWNMOVEMENT:0.5077300989292379
C_CENTERCONTROL:0.5291588895923338
C_DEVELOPPIECES:0.4750529705238518
C_MATERIAL:0.4626431587810501
