ELO:1016
CE_PASSEDPAWNS:0.5032676155081308
CE_PAWNWEAKNESSES:0.5013115473310489
CE_PIECEACTIVITY:0.4971976471109157
CE_KINGPAWNSHIELD:0.5047246334682637
CE_PIECECOORDINATION:0.5055280569230202
CE_MATERIAL:0.5419762404677612
CE_KINGSAFETY:0.5
C_PIECESQUARETABLES:0.511392250650876
C_MOBILITY:0.5
C_KINGSAFETY:0.5100402506626386
C_PAWNSTRUCTURE:0.503453716743894
C_PIECECOORDINATION:0.48987118264836055
C_ROOKANDPAWNMOVEMENT:0.48987118264836055
C_CENTERCONTROL:0.5019854349951782
C_DEVELOPPIECES:0.5061805084876588
C_MATERIAL:0.5195962055824667
C_MOVECOUNT:0.5
