ELO:984
CE_PASSEDPAWNS:0.5643127435289581
CE_PAWNWEAKNESSES:0.5497490924456955
CE_PIECEACTIVITY:0.4606847272544264
CE_KINGPAWNSHIELD:0.5267970451086075
CE_PIECECOORDINATION:0.5425338121302806
CE_MATERIAL:0.4686826950191565
CE_KINGSAFETY:0.48679788668055324
C_PIECESQUARETABLES:0.5073007783111888
C_MOBILITY:0.5359718652346153
C_KINGSAFETY:0.5340851670720941
C_PAWNSTRUCTURE:0.4221258285536899
C_PIECECOORDINATION:0.4759248268690983
C_ROOKANDPAWNMOVEMENT:0.4759248268690983
C_CENTERCONTROL:0.5248746542296622
C_DEVELOPPIECES:0.4027080351530709
C_MATERIAL:0.46691358566844265
