ELO:989
CE_PASSEDPAWNS:0.42653271766215334
CE_PAWNWEAKNESSES:0.5636669527779044
CE_PIECEACTIVITY:0.5169342898437105
CE_KINGPAWNSHIELD:0.4614775613699262
CE_PIECECOORDINATION:0.6078994519942341
CE_MATERIAL:0.5241087185655054
CE_KINGSAFETY:0.4977680513945682
C_PIECESQUARETABLES:0.5502802992202471
C_MOBILITY:0.5257190283332743
C_KINGSAFETY:0.49285283967629845
C_PAWNSTRUCTURE:0.5112505587307105
C_PIECECOORDINATION:0.46918454399375414
C_ROOKANDPAWNMOVEMENT:0.46918454399375414
C_CENTERCONTROL:0.46488386247312685
C_DEVELOPPIECES:0.4882408390151506
C_MATERIAL:0.5678738770797647
