ELO:967
CE_PASSEDPAWNS:0.5270470244371891
CE_PAWNWEAKNESSES:0.5086732238607674
CE_PIECEACTIVITY:0.5177046298065449
CE_KINGPAWNSHIELD:0.5072354938719058
CE_PIECECOORDINATION:0.5132021841277259
CE_MATERIAL:0.49826051242922126
CE_KINGSAFETY:0.5
C_PIECESQUARETABLES:0.5001226736203327
C_MOBILITY:0.49016267649993384
C_KINGSAFETY:0.5416752490168831
C_PAWNSTRUCTURE:0.5190351004181141
C_PIECECOORDINATION:0.46736427944518855
C_ROOK:0.4978158432757578
CE_ROOK:0.5449288672684819
C_CENTERCONTROL:0.47890127272001964
C_DEVELOPPIECES:0.517393464546563
C_MATERIAL:0.5506157279718585
C_MOVECOUNT:0.47176601477213514
C_PAWNMOVEMENT:0.5371026654743635
