ELO:960
CE_PASSEDPAWNS:0.4902339470376343
CE_PAWNWEAKNESSES:0.5084899825239795
CE_PIECEACTIVITY:0.5061575465880535
CE_KINGPAWNSHIELD:0.511511858758169
CE_PIECECOORDINATION:0.47072292897384577
CE_MATERIAL:0.49943382759804344
CE_KINGSAFETY:0.5014020527729742
C_PIECESQUARETABLES:0.49435764592614556
C_MOBILITY:0.4972021487388392
C_KINGSAFETY:0.5091860658643085
C_PAWNSTRUCTURE:0.4860784622159983
C_PIECECOORDINATION:0.47429022798378545
C_ROOKANDPAWNMOVEMENT:0.47429022798378545
C_CENTERCONTROL:0.4970974650575662
C_DEVELOPPIECES:0.5093857508110418
C_MATERIAL:0.5118032925225644
C_MOVECOUNT:0.5128910447293438
