ELO:998
CE_PASSEDPAWNS:0.42599864791885267
CE_PAWNWEAKNESSES:0.5488272859791674
CE_PIECEACTIVITY:0.5324769216127987
CE_KINGPAWNSHIELD:0.4579613947337831
CE_PIECECOORDINATION:0.566018996085042
CE_MATERIAL:0.5184868011064206
CE_KINGSAFETY:0.507446695109355
C_PIECESQUARETABLES:0.5571471627917702
C_MOBILITY:0.5143024120178451
C_KINGSAFETY:0.48218638018831855
C_PAWNSTRUCTURE:0.4791061665071113
C_PIECECOORDINATION:0.47399685217009535
C_ROOKANDPAWNMOVEMENT:0.47399685217009535
C_CENTERCONTROL:0.4803734318408581
C_DEVELOPPIECES:0.5097960205987463
C_MATERIAL:0.5628455476895785
