ELO:1000
CE_PASSEDPAWNS:0.47034461794209115
CE_PAWNWEAKNESSES:0.5087458060680302
CE_PIECEACTIVITY:0.503541913978139
CE_KINGPAWNSHIELD:0.5112304442217781
CE_PIECECOORDINATION:0.49584515617804736
CE_MATERIAL:0.4988962094484511
CE_KINGSAFETY:0.4840727596613762
C_PIECESQUARETABLES:0.5116183616634734
C_MOBILITY:0.49251570448213905
C_KINGSAFETY:0.49820938815234017
C_PAWNSTRUCTURE:0.47400874258800874
C_PIECECOORDINATION:0.5046324691049833
C_ROOKANDPAWNMOVEMENT:0.5046324691049833
C_CENTERCONTROL:0.4789458408707098
C_DEVELOPPIECES:0.5056639953584458
C_MATERIAL:0.5061684546019155
