ELO:1000
CE_PASSEDPAWNS:0.5132458067968096
CE_PAWNWEAKNESSES:0.4992934276701483
CE_PIECEACTIVITY:0.5000670777236264
CE_KINGPAWNSHIELD:0.5137493195591143
CE_PIECECOORDINATION:0.47709283988802453
CE_MATERIAL:0.48241424810031125
CE_KINGSAFETY:0.47929721225889826
C_PIECESQUARETABLES:0.4902495211580714
C_MOBILITY:0.513920424208461
C_KINGSAFETY:0.46452977786187943
C_PAWNSTRUCTURE:0.4891353517524448
C_PIECECOORDINATION:0.4947008958184866
C_ROOKANDPAWNMOVEMENT:0.4947008958184866
C_CENTERCONTROL:0.48221225634257137
C_DEVELOPPIECES:0.5125641855383101
C_MATERIAL:0.4980378782703657
