ELO:947
CE_PASSEDPAWNS:0.5004725441251866
CE_PAWNWEAKNESSES:0.4971910830994781
CE_PIECEACTIVITY:0.4990022039494785
CE_KINGPAWNSHIELD:0.4986780938798168
CE_PIECECOORDINATION:0.48429135501563025
CE_MATERIAL:0.5122228847472581
CE_KINGSAFETY:0.45612939008161546
C_PIECESQUARETABLES:0.5251465263901174
C_MOBILITY:0.49699091008645374
C_KINGSAFETY:0.498354079493276
C_PAWNSTRUCTURE:0.48909535305751123
C_PIECECOORDINATION:0.5091689498619283
C_ROOK:0.5
CE_ROOK:0.5
C_CENTERCONTROL:0.5
C_DEVELOPPIECES:0.5129743825497637
C_MATERIAL:0.4853080416438136
C_MOVECOUNT:0.5114057598200024
C_PAWNMOVEMENT:0.5
