ELO:990
CE_PASSEDPAWNS:0.49132971595164493
CE_PAWNWEAKNESSES:0.5022563901154973
CE_PIECEACTIVITY:0.4985394314258245
CE_KINGPAWNSHIELD:0.4942502919368468
CE_PIECECOORDINATION:0.4714727288196666
CE_MATERIAL:0.4998492904990987
CE_KINGSAFETY:0.5
C_PIECESQUARETABLES:0.5
C_MOBILITY:0.49907102168146633
C_KINGSAFETY:0.49403981282429343
C_PAWNSTRUCTURE:0.5
C_PIECECOORDINATION:0.49819488482585367
C_ROOKANDPAWNMOVEMENT:0.49819488482585367
C_CENTERCONTROL:0.4885432764225016
C_DEVELOPPIECES:0.496738599198061
C_MATERIAL:0.4882616838219988
C_MOVECOUNT:0.5
