ELO:954
CE_PASSEDPAWNS:0.45473435861161865
CE_PAWNWEAKNESSES:0.5837954161627875
CE_PIECEACTIVITY:0.4908801142809086
CE_KINGPAWNSHIELD:0.4501791367793104
CE_PIECECOORDINATION:0.610809009330761
CE_MATERIAL:0.5346809116576369
CE_KINGSAFETY:0.49032686320118024
C_PIECESQUARETABLES:0.5152164394128858
C_MOBILITY:0.5538465195376159
C_KINGSAFETY:0.5189358652595611
C_PAWNSTRUCTURE:0.5102232957802854
C_PIECECOORDINATION:0.4615907381038009
C_ROOKANDPAWNMOVEMENT:0.4615907381038009
C_CENTERCONTROL:0.504708799416654
C_DEVELOPPIECES:0.49023841040450755
C_MATERIAL:0.5966993155797166
