ELO:961
CE_PASSEDPAWNS:0.49759900670943286
CE_PAWNWEAKNESSES:0.5024095197414303
CE_PIECEACTIVITY:0.5
CE_KINGPAWNSHIELD:0.5012734510184347
CE_PIECECOORDINATION:0.47302678677261717
CE_MATERIAL:0.507919359238268
CE_KINGSAFETY:0.5115007222838895
C_PIECESQUARETABLES:0.5131198986211819
C_MOBILITY:0.4972021487388392
C_KINGSAFETY:0.48737968884675814
C_PAWNSTRUCTURE:0.48817416076245185
C_PIECECOORDINATION:0.49423187851271816
C_ROOKANDPAWNMOVEMENT:0.49423187851271816
C_CENTERCONTROL:0.5055041594642773
C_DEVELOPPIECES:0.5048337920515805
C_MATERIAL:0.5119817817624461
C_MOVECOUNT:0.5007648984466891
