ELO:1000
CE_PASSEDPAWNS:0.48047722737663157
CE_PAWNWEAKNESSES:0.47241645820325173
CE_PIECEACTIVITY:0.4944250256171618
CE_KINGPAWNSHIELD:0.46293017758680177
CE_PIECECOORDINATION:0.508726681366144
CE_MATERIAL:0.5045527075160278
CE_KINGSAFETY:0.5
C_PIECESQUARETABLES:0.49406996114765933
C_MOBILITY:0.4864464666183974
C_KINGSAFETY:0.44218556952926547
C_PAWNSTRUCTURE:0.5204588107815272
C_PIECECOORDINATION:0.4816298193924258
C_ROOKANDPAWNMOVEMENT:0.4816298193924258
C_CENTERCONTROL:0.44140133300360074
C_DEVELOPPIECES:0.5191857733826679
C_MATERIAL:0.5614871078492887
