ELO:897
CE_PASSEDPAWNS:0.4757918914573649
CE_PAWNWEAKNESSES:0.5249794036891119
CE_PIECEACTIVITY:0.44919859158060405
CE_KINGPAWNSHIELD:0.498089798540776
CE_PIECECOORDINATION:0.4980177182516535
CE_MATERIAL:0.4932589279994162
CE_KINGSAFETY:0.509465862419915
C_PIECESQUARETABLES:0.5071172936400219
C_MOBILITY:0.4939085918212545
C_KINGSAFETY:0.5152517978723716
C_PAWNSTRUCTURE:0.49106394054378943
C_PIECECOORDINATION:0.4731449341178636
C_ROOKANDPAWNMOVEMENT:0.4731449341178636
C_CENTERCONTROL:0.5017035100914415
C_DEVELOPPIECES:0.47256695054791
C_MATERIAL:0.5004706101903131
C_MOVECOUNT:0.50668146614784
