ELO:1000
CE_PASSEDPAWNS:0.5104870496424162
CE_PAWNWEAKNESSES:0.5013447443911166
CE_PIECEACTIVITY:0.5065991083019852
CE_KINGPAWNSHIELD:0.5051441686895832
CE_PIECECOORDINATION:0.49503419882449284
CE_MATERIAL:0.4902923729796691
CE_KINGSAFETY:0.4860437792015123
C_PIECESQUARETABLES:0.49778152783895185
C_MOBILITY:0.5104337165726964
C_KINGSAFETY:0.48869607755785494
C_PAWNSTRUCTURE:0.4928347732389847
C_PIECECOORDINATION:0.4958807494113814
C_ROOKANDPAWNMOVEMENT:0.4958807494113814
C_CENTERCONTROL:0.4936303097112716
C_DEVELOPPIECES:0.5029200709933074
C_MATERIAL:0.5147628618660335
