ELO:907
CE_PASSEDPAWNS:0.4864293964941596
CE_PAWNWEAKNESSES:0.4734700652256106
CE_PIECEACTIVITY:0.49371182325331564
CE_KINGPAWNSHIELD:0.48503321127149274
CE_PIECECOORDINATION:0.4849263894201807
CE_MATERIAL:0.5193540814081645
CE_KINGSAFETY:0.49935701311140573
C_PIECESQUARETABLES:0.50415845648626
C_MOBILITY:0.5196096518503476
C_KINGSAFETY:0.4875040895123798
C_PAWNSTRUCTURE:0.49572439451035566
C_PIECECOORDINATION:0.5524360379237863
C_ROOKANDPAWNMOVEMENT:0.5524360379237863
C_CENTERCONTROL:0.45226178998925354
C_DEVELOPPIECES:0.5268888049875898
C_MATERIAL:0.5086304060769713
