ELO:984
CE_PASSEDPAWNS:0.5090357136229973
CE_PAWNWEAKNESSES:0.5013889570751865
CE_PIECEACTIVITY:0.5142378228117285
CE_KINGPAWNSHIELD:0.4958173069689556
CE_PIECECOORDINATION:0.5
CE_MATERIAL:0.49608796743247224
CE_KINGSAFETY:0.5
C_PIECESQUARETABLES:0.5
C_MOBILITY:0.4904293121378132
C_KINGSAFETY:0.5288198336009604
C_PAWNSTRUCTURE:0.4969128771928022
C_PIECECOORDINATION:0.49083829364150156
C_ROOKANDPAWNMOVEMENT:0.49083829364150156
C_CENTERCONTROL:0.5
C_DEVELOPPIECES:0.4809068521065701
C_MATERIAL:0.5112897462845317
C_MOVECOUNT:0.5035880933274074
