ELO:990
CE_PASSEDPAWNS:0.4856277115514383
CE_PAWNWEAKNESSES:0.4876787120132961
CE_PIECEACTIVITY:0.5125663866362656
CE_KINGPAWNSHIELD:0.5342412158965903
CE_PIECECOORDINATION:0.5042037694935636
CE_MATERIAL:0.49389388010729224
CE_KINGSAFETY:0.5082032063665998
C_PIECESQUARETABLES:0.5015621893901269
C_MOBILITY:0.5273642314650326
C_KINGSAFETY:0.4793780234251922
C_PAWNSTRUCTURE:0.5140743318803775
C_PIECECOORDINATION:0.4836860204564297
C_ROOK:0.47390631631027247
CE_ROOK:0.4952823184411695
C_CENTERCONTROL:0.48240230443185556
C_DEVELOPPIECES:0.4825259074188247
C_MATERIAL:0.4990424800437728
C_MOVECOUNT:0.4727200450808294
C_PAWNMOVEMENT:0.5200445923694611
