ELO:907
CE_PASSEDPAWNS:0.4086858995435001
CE_PAWNWEAKNESSES:0.4559220945185799
CE_PIECEACTIVITY:0.5310813722135667
CE_KINGPAWNSHIELD:0.5184594220972049
CE_PIECECOORDINATION:0.4970981077213129
CE_MATERIAL:0.5192458103141706
CE_KINGSAFETY:0.5
C_PIECESQUARETABLES:0.5
C_MOBILITY:0.4935502428638222
C_KINGSAFETY:0.47654708754983216
C_PAWNSTRUCTURE:0.5265355797572194
C_PIECECOORDINATION:0.49618954204505694
C_ROOKANDPAWNMOVEMENT:0.49618954204505694
C_CENTERCONTROL:0.5509985597101549
C_DEVELOPPIECES:0.4829204547090333
C_MATERIAL:0.47611772466683383
C_MOVECOUNT:0.5
