ELO:912
CE_PASSEDPAWNS:0.46317424781886457
CE_PAWNWEAKNESSES:0.3923861378841086
CE_PIECEACTIVITY:0.4638732080114228
CE_KINGPAWNSHIELD:0.4834056959587384
CE_PIECECOORDINATION:0.5566823644875325
CE_MATERIAL:0.47606338908589013
CE_KINGSAFETY:0.5087764339827368
C_PIECESQUARETABLES:0.49765781086261596
C_MOBILITY:0.5120094139682031
C_KINGSAFETY:0.49073537945193446
C_PAWNSTRUCTURE:0.47416202700830157
C_PIECECOORDINATION:0.44947750126509745
C_ROOKANDPAWNMOVEMENT:0.44947750126509745
C_CENTERCONTROL:0.3766553804246853
C_DEVELOPPIECES:0.551703187209573
C_MATERIAL:0.6325435098745655
