ELO:1000
CE_PASSEDPAWNS:0.4930618221546989
CE_PAWNWEAKNESSES:0.4888477555546633
CE_PIECEACTIVITY:0.5034235557862231
CE_KINGPAWNSHIELD:0.48458786688354305
CE_PIECECOORDINATION:0.4730398085917415
CE_MATERIAL:0.5056762290904633
CE_KINGSAFETY:0.506220314903844
C_PIECESQUARETABLES:0.46017175251586223
C_MOBILITY:0.5038317308580761
C_KINGSAFETY:0.4368751573944654
C_PAWNSTRUCTURE:0.49028522525107426
C_PIECECOORDINATION:0.52377402993306
C_ROOKANDPAWNMOVEMENT:0.52377402993306
C_CENTERCONTROL:0.4447351457072967
C_DEVELOPPIECES:0.4996166260905234
C_MATERIAL:0.5557730809610274
