ELO:961
CE_PASSEDPAWNS:0.44560200383512183
CE_PAWNWEAKNESSES:0.4388240950023848
CE_PIECEACTIVITY:0.480299434007792
CE_KINGPAWNSHIELD:0.4780426409382434
CE_PIECECOORDINATION:0.5156889414062691
CE_MATERIAL:0.5286574608984905
CE_KINGSAFETY:0.5038614528397293
C_PIECESQUARETABLES:0.4790214437694698
C_MOBILITY:0.5284118687106423
C_KINGSAFETY:0.45296171795150386
C_PAWNSTRUCTURE:0.47080292138648977
C_PIECECOORDINATION:0.47130083001320333
C_ROOKANDPAWNMOVEMENT:0.47130083001320333
C_CENTERCONTROL:0.41359494915784134
C_DEVELOPPIECES:0.5743523098129505
C_MATERIAL:0.6034770947458795
