ELO:903
CE_PASSEDPAWNS:0.5131515409379014
CE_PAWNWEAKNESSES:0.4864340001465762
CE_PIECEACTIVITY:0.4981976077041082
CE_KINGPAWNSHIELD:0.46591361110412693
CE_PIECECOORDINATION:0.5632690281661292
CE_MATERIAL:0.5046998566141933
CE_KINGSAFETY:0.5191557281371295
C_PIECESQUARETABLES:0.41165440505323153
C_MOBILITY:0.46404230438980193
C_KINGSAFETY:0.47648897503997
C_PAWNSTRUCTURE:0.5035382588508661
C_PIECECOORDINATION:0.48265531682784096
C_ROOKANDPAWNMOVEMENT:0.48265531682784096
C_CENTERCONTROL:0.489832886859151
C_DEVELOPPIECES:0.5065695170989717
C_MATERIAL:0.4334363114178751
C_MOVECOUNT:0.4883426309485226
