ELO:954
CE_PASSEDPAWNS:0.5111205199287276
CE_PAWNWEAKNESSES:0.48703760448760686
CE_PIECEACTIVITY:0.5
CE_KINGPAWNSHIELD:0.4973925292651677
CE_PIECECOORDINATION:0.45944668297882546
CE_MATERIAL:0.5308568339920058
CE_KINGSAFETY:0.5096303666904216
C_PIECESQUARETABLES:0.4966004836599538
C_MOBILITY:0.5279529839859319
C_KINGSAFETY:0.473472170784497
C_PAWNSTRUCTURE:0.48570401539612146
C_PIECECOORDINATION:0.5146015128829305
C_ROOKANDPAWNMOVEMENT:0.5146015128829305
C_CENTERCONTROL:0.5334862570056489
C_DEVELOPPIECES:0.5165913202693749
C_MATERIAL:0.5048087399397247
C_MOVECOUNT:0.5
