ELO:989
CE_PASSEDPAWNS:0.5101823306180808
CE_PAWNWEAKNESSES:0.5110458012153626
CE_PIECEACTIVITY:0.44093640437854514
CE_KINGPAWNSHIELD:0.5068470004284015
CE_PIECECOORDINATION:0.4606527228556042
CE_MATERIAL:0.5006854047120125
CE_KINGSAFETY:0.5
C_PIECESQUARETABLES:0.5
C_MOBILITY:0.47219064922492904
C_KINGSAFETY:0.5046107140312818
C_PAWNSTRUCTURE:0.5431967049580011
C_PIECECOORDINATION:0.4699708976803787
C_ROOK:0.4986488677307883
CE_ROOK:0.5073917308926589
C_CENTERCONTROL:0.4578623856365459
C_DEVELOPPIECES:0.4904129903582633
C_MATERIAL:0.5257175539291469
C_MOVECOUNT:0.47826865626283
C_PAWNMOVEMENT:0.5219166504499402
