ELO:894
CE_PASSEDPAWNS:0.5145252993167619
CE_PAWNWEAKNESSES:0.5163933835375091
CE_PIECEACTIVITY:0.5069093698987616
CE_KINGPAWNSHIELD:0.4998219103617872
CE_PIECECOORDINATION:0.5157905104295081
CE_MATERIAL:0.47012458119801387
CE_KINGSAFETY:0.5
C_PIECESQUARETABLES:0.4739411164006949
C_MOBILITY:0.4613347977939745
C_KINGSAFETY:0.5692186699591548
C_PAWNSTRUCTURE:0.5468323821861348
C_PIECECOORDINATION:0.5007853677188074
C_ROOKANDPAWNMOVEMENT:0.5007853677188074
C_CENTERCONTROL:0.4659344365349947
C_DEVELOPPIECES:0.5114536115630239
C_MATERIAL:0.48536554363076684
C_MOVECOUNT:0.5
