ELO:914
CE_PASSEDPAWNS:0.42650747439325737
CE_PAWNWEAKNESSES:0.4425086652593217
CE_PIECEACTIVITY:0.4530125848707865
CE_KINGPAWNSHIELD:0.40013290029586135
CE_PIECECOORDINATION:0.4643675947888591
CE_MATERIAL:0.48553312611591426
CE_KINGSAFETY:0.46865126891243103
C_PIECESQUARETABLES:0.5020481822034406
C_MOBILITY:0.4654526151997167
C_KINGSAFETY:0.4394523258215965
C_PAWNSTRUCTURE:0.4521467951934577
C_PIECECOORDINATION:0.6091844242200701
C_ROOKANDPAWNMOVEMENT:0.6091844242200701
C_CENTERCONTROL:0.4366215243461796
C_DEVELOPPIECES:0.5508700955013546
C_MATERIAL:0.38831188931005545
