ELO:1011
CE_PASSEDPAWNS:0.49890843694447784
CE_PAWNWEAKNESSES:0.5009558255779928
CE_PIECEACTIVITY:0.5005122866251023
CE_KINGPAWNSHIELD:0.512283353932152
CE_PIECECOORDINATION:0.479817001889517
CE_MATERIAL:0.4893915985208783
CE_KINGSAFETY:0.49499793460950303
C_PIECESQUARETABLES:0.48988752974329064
C_MOBILITY:0.5109049710115718
C_KINGSAFETY:0.5031440497879061
C_PAWNSTRUCTURE:0.5121933878414514
C_PIECECOORDINATION:0.4948100068627169
C_ROOKANDPAWNMOVEMENT:0.4948100068627169
C_CENTERCONTROL:0.4919796314384289
C_DEVELOPPIECES:0.4878948815153224
C_MATERIAL:0.5057611204142115
C_MOVECOUNT:0.5
