ELO:1000
CE_PASSEDPAWNS:0.42019399843547406
CE_PAWNWEAKNESSES:0.5443063030540151
CE_PIECEACTIVITY:0.536591048132755
CE_KINGPAWNSHIELD:0.46371955351006156
CE_PIECECOORDINATION:0.5418731022387188
CE_MATERIAL:0.5010679551999859
CE_KINGSAFETY:0.5395513869686793
C_PIECESQUARETABLES:0.5384863250954433
C_MOBILITY:0.510746647443144
C_KINGSAFETY:0.48603301894941336
C_PAWNSTRUCTURE:0.4693257375166445
C_PIECECOORDINATION:0.5004842971030484
C_ROOKANDPAWNMOVEMENT:0.5004842971030484
C_CENTERCONTROL:0.5026774209122077
C_DEVELOPPIECES:0.4969028827360048
C_MATERIAL:0.543064567625189
