ELO:1020
CE_PASSEDPAWNS:0.5
CE_PAWNWEAKNESSES:0.5125331701883203
CE_PIECEACTIVITY:0.4959117268987388
CE_KINGPAWNSHIELD:0.5063975583197186
CE_PIECECOORDINATION:0.4930278989240481
CE_MATERIAL:0.5
CE_KINGSAFETY:0.5
C_PIECESQUARETABLES:0.5
C_MOBILITY:0.5078247133193914
C_KINGSAFETY:0.49550443504652714
C_PAWNSTRUCTURE:0.5032179713012929
C_PIECECOORDINATION:0.5117016030445382
C_ROOKANDPAWNMOVEMENT:0.5117016030445382
C_CENTERCONTROL:0.5041211993201832
C_DEVELOPPIECES:0.5082819782482649
C_MATERIAL:0.5060963805236484
C_MOVECOUNT:0.5
