ELO:1001
CE_PASSEDPAWNS:0.5039363017229694
CE_PAWNWEAKNESSES:0.5268437846969595
CE_PIECEACTIVITY:0.5167587287593362
CE_KINGPAWNSHIELD:0.5072354938719058
CE_PIECECOORDINATION:0.5118594336930758
CE_MATERIAL:0.5445469493693262
CE_KINGSAFETY:0.5
C_PIECESQUARETABLES:0.5
C_MOBILITY:0.47602403873736665
C_KINGSAFETY:0.4802234662474188
C_PAWNSTRUCTURE:0.49676137143346066
C_PIECECOORDINATION:0.5179105035451986
C_ROOK:0.5347636806494048
CE_ROOK:0.5419681990233189
C_CENTERCONTROL:0.5394494288374279
C_DEVELOPPIECES:0.5136122327187768
C_MATERIAL:0.530457144098952
C_MOVECOUNT:0.5175239607570739
C_PAWNMOVEMENT:0.5452212007611059
