ELO:991
CE_PASSEDPAWNS:0.5277288571395565
CE_PAWNWEAKNESSES:0.4690243737190527
CE_PIECEACTIVITY:0.5101834539548609
CE_KINGPAWNSHIELD:0.5419536064575613
CE_PIECECOORDINATION:0.48041376062019414
CE_MATERIAL:0.4654540463566709
CE_KINGSAFETY:0.5
C_PIECESQUARETABLES:0.5088921988282847
C_MOBILITY:0.5855396398430684
C_KINGSAFETY:0.5136067159293292
C_PAWNSTRUCTURE:0.46054427260367564
C_PIECECOORDINATION:0.49481266204964397
C_ROOKANDPAWNMOVEMENT:0.49481266204964397
C_CENTERCONTROL:0.42894235410171383
C_DEVELOPPIECES:0.4354212939766876
C_MATERIAL:0.6259121256928073
