ELO:946
CE_PASSEDPAWNS:0.450939436421329
CE_PAWNWEAKNESSES:0.5915477208769998
CE_PIECEACTIVITY:0.5010091198163154
CE_KINGPAWNSHIELD:0.44697257205613505
CE_PIECECOORDINATION:0.6126305204833695
CE_MATERIAL:0.5287956386286536
CE_KINGSAFETY:0.507337984609104
C_PIECESQUARETABLES:0.5083375515848374
C_MOBILITY:0.5541862833214537
C_KINGSAFETY:0.5064031277861705
C_PAWNSTRUCTURE:0.5220598054474177
C_PIECECOORDINATION:0.4529976600588382
C_ROOKANDPAWNMOVEMENT:0.4529976600588382
C_CENTERCONTROL:0.5038935832552501
C_DEVELOPPIECES:0.4621566027073833
C_MATERIAL:0.6103172548452434
