ELO:1028
CE_PASSEDPAWNS:0.447021955969612
CE_PAWNWEAKNESSES:0.5115748595808388
CE_PIECEACTIVITY:0.5
CE_KINGPAWNSHIELD:0.5051651138703152
CE_PIECECOORDINATION:0.5188738500524404
CE_MATERIAL:0.49442374867338035
CE_KINGSAFETY:0.4991944393924865
C_PIECESQUARETABLES:0.4923092086526134
C_MOBILITY:0.5141906535571928
C_KINGSAFETY:0.5094345876677581
C_PAWNSTRUCTURE:0.4538788829927125
C_PIECECOORDINATION:0.4872749895627366
C_ROOKANDPAWNMOVEMENT:0.4872749895627366
C_CENTERCONTROL:0.5149426153860373
C_DEVELOPPIECES:0.5112666072212199
C_MATERIAL:0.4918664521593618
C_MOVECOUNT:0.5
