ELO:898
CE_PASSEDPAWNS:0.4806198683669273
CE_PAWNWEAKNESSES:0.40803256275141025
CE_PIECEACTIVITY:0.4732966231189457
CE_KINGPAWNSHIELD:0.45669173957677595
CE_PIECECOORDINATION:0.5683427645781716
CE_MATERIAL:0.43004441000147053
CE_KINGSAFETY:0.536811144047345
C_PIECESQUARETABLES:0.42055475314224483
C_MOBILITY:0.49132003426091136
C_KINGSAFETY:0.505443686026638
C_PAWNSTRUCTURE:0.4773953130559347
C_PIECECOORDINATION:0.518737922469212
C_ROOKANDPAWNMOVEMENT:0.518737922469212
C_CENTERCONTROL:0.3791587766849009
C_DEVELOPPIECES:0.5785133817515432
C_MATERIAL:0.6041047483640437
