ELO:880
CE_PASSEDPAWNS:0.5012351982912303
CE_PAWNWEAKNESSES:0.4735033656120086
CE_PIECEACTIVITY:0.5038188240632114
CE_KINGPAWNSHIELD:0.46770853294490233
CE_PIECECOORDINATION:0.5615892922138686
CE_MATERIAL:0.526482462436508
CE_KINGSAFETY:0.5252747558442321
C_PIECESQUARETABLES:0.3982278273600076
C_MOBILITY:0.4612361338982426
C_KINGSAFETY:0.46662547339448557
C_PAWNSTRUCTURE:0.510010512629241
C_PIECECOORDINATION:0.4711136429645971
C_ROOKANDPAWNMOVEMENT:0.4711136429645971
C_CENTERCONTROL:0.46728511303214443
C_DEVELOPPIECES:0.5027181605146943
C_MATERIAL:0.43455009438236253
C_MOVECOUNT:0.46763832119817095
