ELO:1000
CE_PASSEDPAWNS:0.48047722737663157
CE_PAWNWEAKNESSES:0.46705029952902716
CE_PIECEACTIVITY:0.4952881266399495
CE_KINGPAWNSHIELD:0.46293017758680177
CE_PIECECOORDINATION:0.5019689175527967
CE_MATERIAL:0.5045527075160278
CE_KINGSAFETY:0.5088573722176923
C_PIECESQUARETABLES:0.5122749818318091
C_MOBILITY:0.49567214003220916
C_KINGSAFETY:0.45239839556675526
C_PAWNSTRUCTURE:0.5272044110738162
C_PIECECOORDINATION:0.4939474964538845
C_ROOKANDPAWNMOVEMENT:0.4939474964538845
C_CENTERCONTROL:0.4402917179396755
C_DEVELOPPIECES:0.516753376642111
C_MATERIAL:0.5707431008290038
