ELO:1000
CE_PASSEDPAWNS:0.48790399720265054
CE_PAWNWEAKNESSES:0.513538664917814
CE_PIECEACTIVITY:0.5201391501354997
CE_KINGPAWNSHIELD:0.45678026678971156
CE_PIECECOORDINATION:0.4787850198663953
CE_MATERIAL:0.4762691453280803
CE_KINGSAFETY:0.4676575432823224
C_PIECESQUARETABLES:0.4817627287399712
C_MOBILITY:0.4898549213567083
C_KINGSAFETY:0.45234670234661367
C_PAWNSTRUCTURE:0.49427160149199767
C_PIECECOORDINATION:0.49615523885994145
C_ROOKANDPAWNMOVEMENT:0.49615523885994145
C_CENTERCONTROL:0.4880656929139115
C_DEVELOPPIECES:0.48009970887268594
C_MATERIAL:0.5168570801959729
