ELO:993
CE_PASSEDPAWNS:0.5
CE_PAWNWEAKNESSES:0.5022563901154973
CE_PIECEACTIVITY:0.5
CE_KINGPAWNSHIELD:0.5007320163646668
CE_PIECECOORDINATION:0.5039866710914098
CE_MATERIAL:0.5252762880570474
CE_KINGSAFETY:0.5
C_PIECESQUARETABLES:0.5
C_MOBILITY:0.4862629013915153
C_KINGSAFETY:0.49560193455526014
C_PAWNSTRUCTURE:0.5
C_PIECECOORDINATION:0.5192033257800368
C_ROOKANDPAWNMOVEMENT:0.5192033257800368
C_CENTERCONTROL:0.5102785602730907
C_DEVELOPPIECES:0.5007677142735136
C_MATERIAL:0.5055944778437843
C_MOVECOUNT:0.5
