ELO:938
CE_PASSEDPAWNS:0.541594697773355
CE_PAWNWEAKNESSES:0.4555124726577576
CE_PIECEACTIVITY:0.5867570556450337
CE_KINGPAWNSHIELD:0.4992142650982177
CE_PIECECOORDINATION:0.4587658148219514
CE_MATERIAL:0.5139899990127557
CE_KINGSAFETY:0.46910214596022726
C_PIECESQUARETABLES:0.5569682287826054
C_MOBILITY:0.4868000351050136
C_KINGSAFETY:0.5594051562204905
C_PAWNSTRUCTURE:0.45034665069724766
C_PIECECOORDINATION:0.5044460356322185
C_ROOKANDPAWNMOVEMENT:0.5044460356322185
C_CENTERCONTROL:0.5513434632381151
C_DEVELOPPIECES:0.5564169599817902
C_MATERIAL:0.5117978609004856
