ELO:1008
CE_PASSEDPAWNS:0.49030248978566504
CE_PAWNWEAKNESSES:0.5
CE_PIECEACTIVITY:0.4956149171369994
CE_KINGPAWNSHIELD:0.5017004108670169
CE_PIECECOORDINATION:0.5180983098915101
CE_MATERIAL:0.5068491160806857
CE_KINGSAFETY:0.5017963748731464
C_PIECESQUARETABLES:0.49201556941951713
C_MOBILITY:0.5
C_KINGSAFETY:0.5012475852683905
C_PAWNSTRUCTURE:0.49014045196721945
C_PIECECOORDINATION:0.5
C_ROOKANDPAWNMOVEMENT:0.5
C_CENTERCONTROL:0.5
C_DEVELOPPIECES:0.5028916718232109
C_MATERIAL:0.5097869805348241
