ELO:1000
CE_PASSEDPAWNS:0.43013388226813765
CE_PAWNWEAKNESSES:0.5349686882725667
CE_PIECEACTIVITY:0.5058048593468475
CE_KINGPAWNSHIELD:0.47766700510525595
CE_PIECECOORDINATION:0.5402552293271423
CE_MATERIAL:0.516713724070524
CE_KINGSAFETY:0.47429109454066737
C_PIECESQUARETABLES:0.5414561069484137
C_MOBILITY:0.49674767777920914
C_KINGSAFETY:0.516882641811834
C_PAWNSTRUCTURE:0.4585323890594033
C_PIECECOORDINATION:0.5159221431436052
C_ROOKANDPAWNMOVEMENT:0.5159221431436052
C_CENTERCONTROL:0.495599803631998
C_DEVELOPPIECES:0.47244937306786305
C_MATERIAL:0.5239362817236068
