ELO:865
CE_PASSEDPAWNS:0.46525701422904253
CE_PAWNWEAKNESSES:0.35237444660271616
CE_PIECEACTIVITY:0.3738911070748197
CE_KINGPAWNSHIELD:0.568524916399413
CE_PIECECOORDINATION:0.40694045461355827
CE_MATERIAL:0.6231200142498741
CE_KINGSAFETY:0.5153863684161683
C_PIECESQUARETABLES:0.4865026835241046
C_MOBILITY:0.4400413785244179
C_KINGSAFETY:0.4091565111584177
C_PAWNSTRUCTURE:0.45124699701333026
C_PIECECOORDINATION:0.5446741293413528
C_ROOKANDPAWNMOVEMENT:0.5446741293413528
C_CENTERCONTROL:0.5158368461785457
C_DEVELOPPIECES:0.5366819680635856
C_MATERIAL:0.4852169846621989
