ELO:999
CE_PASSEDPAWNS:0.5225665935462648
CE_PAWNWEAKNESSES:0.45998551404873766
CE_PIECEACTIVITY:0.4853836144793422
CE_KINGPAWNSHIELD:0.5643375331993045
CE_PIECECOORDINATION:0.5114344105562015
CE_MATERIAL:0.49434134690751447
CE_KINGSAFETY:0.5
C_PIECESQUARETABLES:0.5
C_MOBILITY:0.46905911319043975
C_KINGSAFETY:0.4942850750043971
C_PAWNSTRUCTURE:0.5194196246624769
C_PIECECOORDINATION:0.5164738090207023
C_ROOK:0.4773725763379811
CE_ROOK:0.5490834579113955
C_CENTERCONTROL:0.5149045760519924
C_DEVELOPPIECES:0.5260635519762539
C_MATERIAL:0.4684159988731095
C_MOVECOUNT:0.5083426054011211
C_PAWNMOVEMENT:0.4799926178745808
