ELO:922
CE_PASSEDPAWNS:0.4790786880454781
CE_PAWNWEAKNESSES:0.48197277862675897
CE_PIECEACTIVITY:0.5088587871909893
CE_KINGPAWNSHIELD:0.5108681048356833
CE_PIECECOORDINATION:0.4575420078622853
CE_MATERIAL:0.514072428492624
CE_KINGSAFETY:0.5270196938088701
C_PIECESQUARETABLES:0.4896847023015081
C_MOBILITY:0.5018717099864005
C_KINGSAFETY:0.5264658277027635
C_PAWNSTRUCTURE:0.489100860110987
C_PIECECOORDINATION:0.5291986745218017
C_ROOK:0.476069934496766
CE_ROOK:0.5023630681790751
C_CENTERCONTROL:0.4812308709824904
C_DEVELOPPIECES:0.49124686117248695
C_MATERIAL:0.5006320180276557
C_MOVECOUNT:0.49788571811520077
C_PAWNMOVEMENT:0.49209158169732203
