ELO:995
CE_PASSEDPAWNS:0.5095666990506695
CE_PAWNWEAKNESSES:0.4797089309060481
CE_PIECEACTIVITY:0.48766799839703256
CE_KINGPAWNSHIELD:0.5394825388984535
CE_PIECECOORDINATION:0.5200796441329423
CE_MATERIAL:0.5226600605010233
CE_KINGSAFETY:0.5
C_PIECESQUARETABLES:0.5
C_MOBILITY:0.48631970798028007
C_KINGSAFETY:0.5035784460263285
C_PAWNSTRUCTURE:0.5024445288429544
C_PIECECOORDINATION:0.5019983967939193
C_ROOK:0.5
CE_ROOK:0.475221333147206
C_CENTERCONTROL:0.4578623856365459
C_DEVELOPPIECES:0.4530352531963832
C_MATERIAL:0.5257175539291469
C_MOVECOUNT:0.47024348496951546
C_PAWNMOVEMENT:0.4935461257965804
