ELO:971
CE_PASSEDPAWNS:0.48487561141393426
CE_PAWNWEAKNESSES:0.41266907211723797
CE_PIECEACTIVITY:0.48555666969307865
CE_KINGPAWNSHIELD:0.4779052874763011
CE_PIECECOORDINATION:0.5179604849083967
CE_MATERIAL:0.530302401670542
CE_KINGSAFETY:0.4893040423664978
C_PIECESQUARETABLES:0.48390203440880497
C_MOBILITY:0.5251620919533264
C_KINGSAFETY:0.47329898034046347
C_PAWNSTRUCTURE:0.5158194429420846
C_PIECECOORDINATION:0.5034865659863166
C_ROOKANDPAWNMOVEMENT:0.5034865659863166
C_CENTERCONTROL:0.4316963534902794
C_DEVELOPPIECES:0.5209766816766321
C_MATERIAL:0.6091818821619963
