ELO:968
CE_PASSEDPAWNS:0.47575935019333093
CE_PAWNWEAKNESSES:0.40526199613797076
CE_PIECEACTIVITY:0.4777210214373104
CE_KINGPAWNSHIELD:0.4602247411427848
CE_PIECECOORDINATION:0.5075484096900433
CE_MATERIAL:0.5254028668329123
CE_KINGSAFETY:0.49994445534980403
C_PIECESQUARETABLES:0.49544727713606707
C_MOBILITY:0.5420711086143299
C_KINGSAFETY:0.45126938068405514
C_PAWNSTRUCTURE:0.50663782135103
C_PIECECOORDINATION:0.5070142449889362
C_ROOKANDPAWNMOVEMENT:0.5070142449889362
C_CENTERCONTROL:0.4331112514925487
C_DEVELOPPIECES:0.5403715046617886
C_MATERIAL:0.59745576115907
