ELO:992
CE_PASSEDPAWNS:0.48970911422344293
CE_PAWNWEAKNESSES:0.5398708745359955
CE_PIECEACTIVITY:0.5003122795202372
CE_KINGPAWNSHIELD:0.5156576963496411
CE_PIECECOORDINATION:0.49368739146329094
CE_MATERIAL:0.49823735130947316
CE_KINGSAFETY:0.5
C_PIECESQUARETABLES:0.5
C_MOBILITY:0.501331382596911
C_KINGSAFETY:0.5341623067241824
C_PAWNSTRUCTURE:0.5
C_PIECECOORDINATION:0.5257410691688768
C_ROOKANDPAWNMOVEMENT:0.5257410691688768
C_CENTERCONTROL:0.49537128390052865
C_DEVELOPPIECES:0.5075902876192734
C_MATERIAL:0.49511097660877484
C_MOVECOUNT:0.5118089129254129
