ELO:1000
CE_PASSEDPAWNS:0.5191703257248882
CE_PAWNWEAKNESSES:0.5032475798357571
CE_PIECEACTIVITY:0.45195794670687844
CE_KINGPAWNSHIELD:0.5171931702175597
CE_PIECECOORDINATION:0.4854531475717079
CE_MATERIAL:0.49936542896699343
CE_KINGSAFETY:0.4816662338130009
C_PIECESQUARETABLES:0.5188920464004206
C_MOBILITY:0.43502841047648566
C_KINGSAFETY:0.5160005627664203
C_PAWNSTRUCTURE:0.5397912458205292
C_PIECECOORDINATION:0.49112542307337204
C_ROOKANDPAWNMOVEMENT:0.49112542307337204
C_CENTERCONTROL:0.41995823603154625
C_DEVELOPPIECES:0.4434429561870299
C_MATERIAL:0.46920198172267685
