ELO:1000
CE_PASSEDPAWNS:0.5081002873287918
CE_PAWNWEAKNESSES:0.5273938581511459
CE_PIECEACTIVITY:0.4790582373351844
CE_KINGPAWNSHIELD:0.496634480069596
CE_PIECECOORDINATION:0.4514199959713585
CE_MATERIAL:0.5055393482019616
CE_KINGSAFETY:0.5120317656987766
C_PIECESQUARETABLES:0.5205983235768908
C_MOBILITY:0.4697027046638979
C_KINGSAFETY:0.48200487083209237
C_PAWNSTRUCTURE:0.5207928945122046
C_PIECECOORDINATION:0.505944578695868
C_ROOKANDPAWNMOVEMENT:0.505944578695868
C_CENTERCONTROL:0.5188165908862924
C_DEVELOPPIECES:0.5332036488580848
C_MATERIAL:0.4599254639933602
