ELO:990
CE_PASSEDPAWNS:0.5277288571395565
CE_PAWNWEAKNESSES:0.47934154186405453
CE_PIECEACTIVITY:0.5268902556842897
CE_KINGPAWNSHIELD:0.542603462243025
CE_PIECECOORDINATION:0.4865688696030892
CE_MATERIAL:0.4694181679613265
CE_KINGSAFETY:0.5036271806935636
C_PIECESQUARETABLES:0.5091662901248541
C_MOBILITY:0.5901858828885754
C_KINGSAFETY:0.5302170658307764
C_PAWNSTRUCTURE:0.32659486032772983
C_PIECECOORDINATION:0.4992128269432733
C_ROOKANDPAWNMOVEMENT:0.4992128269432733
C_CENTERCONTROL:0.42894235410171383
C_DEVELOPPIECES:0.4354212939766876
C_MATERIAL:0.6336097674609312
