ELO:975
CE_PASSEDPAWNS:0.5027479912184919
CE_PAWNWEAKNESSES:0.5092142880042864
CE_PIECEACTIVITY:0.4529227804864308
CE_KINGPAWNSHIELD:0.46892370829436353
CE_PIECECOORDINATION:0.5205821675891901
CE_MATERIAL:0.4475964030504362
CE_KINGSAFETY:0.5271281594447431
C_PIECESQUARETABLES:0.5234022477088138
C_MOBILITY:0.38721030981616233
C_KINGSAFETY:0.5394298886595333
C_PAWNSTRUCTURE:0.5106509456175821
C_PIECECOORDINATION:0.5022086902446364
C_ROOKANDPAWNMOVEMENT:0.5022086902446364
C_CENTERCONTROL:0.4426862139115572
C_DEVELOPPIECES:0.45813163685672764
C_MATERIAL:0.45982929584768395
