ELO:875
CE_PASSEDPAWNS:0.5568639626840147
CE_PAWNWEAKNESSES:0.46235830261334565
CE_PIECEACTIVITY:0.42816317902786594
CE_KINGPAWNSHIELD:0.45744435013890045
CE_PIECECOORDINATION:0.4854780029178902
CE_MATERIAL:0.5755924417678112
CE_KINGSAFETY:0.5
C_PIECESQUARETABLES:0.5
C_MOBILITY:0.5014908781716709
C_KINGSAFETY:0.5406822512391317
C_PAWNSTRUCTURE:0.4670103611133634
C_PIECECOORDINATION:0.5171599319707153
C_ROOKANDPAWNMOVEMENT:0.5171599319707153
C_CENTERCONTROL:0.5846947911076641
C_DEVELOPPIECES:0.5081970355984333
C_MATERIAL:0.5832413243176487
C_MOVECOUNT:0.5320564138657015
