ELO:982
CE_PASSEDPAWNS:0.4996145084377949
CE_PAWNWEAKNESSES:0.5137990414684106
CE_PIECEACTIVITY:0.4610365429386413
CE_KINGPAWNSHIELD:0.46849148886684455
CE_PIECECOORDINATION:0.5200119563122039
CE_MATERIAL:0.47917285620403577
CE_KINGSAFETY:0.5084910396710722
C_PIECESQUARETABLES:0.5085123023741057
C_MOBILITY:0.38604424056193587
C_KINGSAFETY:0.519585472282538
C_PAWNSTRUCTURE:0.500795305175737
C_PIECECOORDINATION:0.4903945142452546
C_ROOKANDPAWNMOVEMENT:0.4903945142452546
C_CENTERCONTROL:0.4474126804021539
C_DEVELOPPIECES:0.4661585044995004
C_MATERIAL:0.45788957798338525
