ELO:1023
CE_PASSEDPAWNS:0.5131896969230204
CE_PAWNWEAKNESSES:0.4895756125702199
CE_PIECEACTIVITY:0.5
CE_KINGPAWNSHIELD:0.5
CE_PIECECOORDINATION:0.5
CE_MATERIAL:0.5090372711937596
CE_KINGSAFETY:0.5
C_PIECESQUARETABLES:0.5
C_MOBILITY:0.4951433976966723
C_KINGSAFETY:0.49234105022336144
C_PAWNSTRUCTURE:0.5032179713012929
C_PIECECOORDINATION:0.5
C_ROOKANDPAWNMOVEMENT:0.5
C_CENTERCONTROL:0.4930056418409377
C_DEVELOPPIECES:0.5157724497451844
C_MATERIAL:0.4990310294299823
C_MOVECOUNT:0.5
