ELO:1011
CE_PASSEDPAWNS:0.5
CE_PAWNWEAKNESSES:0.5
CE_PIECEACTIVITY:0.5
CE_KINGPAWNSHIELD:0.5
CE_PIECECOORDINATION:0.5065321676466905
CE_MATERIAL:0.4888354537216666
CE_KINGSAFETY:0.49980508404563007
C_PIECESQUARETABLES:0.5
C_MOBILITY:0.5
C_KINGSAFETY:0.5
C_PAWNSTRUCTURE:0.5040466583913675
C_PIECECOORDINATION:0.5070793473893734
C_ROOKANDPAWNMOVEMENT:0.5070793473893734
C_CENTERCONTROL:0.5
C_DEVELOPPIECES:0.5
C_MATERIAL:0.5029529302698583
C_MOVECOUNT:0.5
