ELO:1009
CE_PASSEDPAWNS:0.5137133577147002
CE_PAWNWEAKNESSES:0.521530159332676
CE_PIECEACTIVITY:0.5372349345922356
CE_KINGPAWNSHIELD:0.5269636619653865
CE_PIECECOORDINATION:0.4316247911300657
CE_MATERIAL:0.4823748951083846
CE_KINGSAFETY:0.5591381982382884
C_PIECESQUARETABLES:0.4681393986792542
C_MOBILITY:0.5149606872119362
C_KINGSAFETY:0.48445849348130854
C_PAWNSTRUCTURE:0.4635504787917288
C_PIECECOORDINATION:0.4026845678584034
C_ROOKANDPAWNMOVEMENT:0.4026845678584034
C_CENTERCONTROL:0.5593170806156346
C_DEVELOPPIECES:0.5285636413890128
C_MATERIAL:0.48395318528989945
