ELO:1015
CE_PASSEDPAWNS:0.5
CE_PAWNWEAKNESSES:0.5156913649032207
CE_PIECEACTIVITY:0.5
CE_KINGPAWNSHIELD:0.5
CE_PIECECOORDINATION:0.5490682192946441
CE_MATERIAL:0.5580156684893838
CE_KINGSAFETY:0.491632801954737
C_PIECESQUARETABLES:0.5
C_MOBILITY:0.5081000963784326
C_KINGSAFETY:0.5022794874139891
C_PAWNSTRUCTURE:0.49507890274550237
C_PIECECOORDINATION:0.46766292001113247
C_ROOKANDPAWNMOVEMENT:0.46766292001113247
C_CENTERCONTROL:0.5
C_DEVELOPPIECES:0.534296517514742
C_MATERIAL:0.5102448866187922
C_MOVECOUNT:0.5
