ELO:1056
CE_PASSEDPAWNS:0.5
CE_PAWNWEAKNESSES:0.47080899038537255
CE_PIECEACTIVITY:0.5158906918631369
CE_KINGPAWNSHIELD:0.501206109410603
CE_PIECECOORDINATION:0.5077816861209693
CE_MATERIAL:0.4893915985208783
CE_KINGSAFETY:0.508600883991528
C_PIECESQUARETABLES:0.5
C_MOBILITY:0.5
C_KINGSAFETY:0.5
C_PAWNSTRUCTURE:0.49985067223834934
C_PIECECOORDINATION:0.519578859176761
C_ROOKANDPAWNMOVEMENT:0.519578859176761
C_CENTERCONTROL:0.4498623388159271
C_DEVELOPPIECES:0.5455956714917135
C_MATERIAL:0.49170786894771273
C_MOVECOUNT:0.5
