ELO:995
CE_PASSEDPAWNS:0.48691231696443066
CE_PAWNWEAKNESSES:0.5287326024616127
CE_PIECEACTIVITY:0.48271375422588264
CE_KINGPAWNSHIELD:0.5186798581532789
CE_PIECECOORDINATION:0.4436532985063412
CE_MATERIAL:0.5104445798859527
CE_KINGSAFETY:0.5
C_PIECESQUARETABLES:0.49256757016042557
C_MOBILITY:0.49086772999299016
C_KINGSAFETY:0.4866060874914834
C_PAWNSTRUCTURE:0.5229950021396561
C_PIECECOORDINATION:0.4966872044569824
C_ROOKANDPAWNMOVEMENT:0.4966872044569824
C_CENTERCONTROL:0.5431391946854979
C_DEVELOPPIECES:0.5308729721141926
C_MATERIAL:0.43765546744799755
