ELO:920
CE_PASSEDPAWNS:0.4827396147660999
CE_PAWNWEAKNESSES:0.546787614527702
CE_PIECEACTIVITY:0.49525805969658454
CE_KINGPAWNSHIELD:0.5133522374053967
CE_PIECECOORDINATION:0.4800602610902027
CE_MATERIAL:0.5002385679874937
CE_KINGSAFETY:0.49273640969700094
C_PIECESQUARETABLES:0.5008151643490226
C_MOBILITY:0.49659800802312165
C_KINGSAFETY:0.5168201098786314
C_PAWNSTRUCTURE:0.45846416394655265
C_PIECECOORDINATION:0.4883800926401748
C_ROOKANDPAWNMOVEMENT:0.4883800926401748
C_CENTERCONTROL:0.5111704335446985
C_DEVELOPPIECES:0.5398821865070431
C_MATERIAL:0.4807655527758675
C_MOVECOUNT:0.4932155621816269
