ELO:988
CE_PASSEDPAWNS:0.5116990173188508
CE_PAWNWEAKNESSES:0.4885663773364689
CE_PIECEACTIVITY:0.47059941426414764
CE_KINGPAWNSHIELD:0.46552615033721106
CE_PIECECOORDINATION:0.5095991958348988
CE_MATERIAL:0.4855763099202045
CE_KINGSAFETY:0.5082782741265058
C_PIECESQUARETABLES:0.4982630941265699
C_MOBILITY:0.38334080488034744
C_KINGSAFETY:0.5378201800999121
C_PAWNSTRUCTURE:0.5119964690743899
C_PIECECOORDINATION:0.47501021902514384
C_ROOKANDPAWNMOVEMENT:0.47501021902514384
C_CENTERCONTROL:0.43393634119517355
C_DEVELOPPIECES:0.4534945573756515
C_MATERIAL:0.4458575770609595
