ELO:1028
CE_PASSEDPAWNS:0.5120010759533716
CE_PAWNWEAKNESSES:0.505888252246682
CE_PIECEACTIVITY:0.495418690935257
CE_KINGPAWNSHIELD:0.4999233599011594
CE_PIECECOORDINATION:0.5043901861355996
CE_MATERIAL:0.4939458398004939
CE_KINGSAFETY:0.4973178158490306
C_PIECESQUARETABLES:0.5
C_MOBILITY:0.5
C_KINGSAFETY:0.4882985501827743
C_PAWNSTRUCTURE:0.524334623024627
C_PIECECOORDINATION:0.5107399732473097
C_ROOK:0.5007168017806173
CE_ROOK:0.5
C_CENTERCONTROL:0.5136920283326663
C_DEVELOPPIECES:0.49984471286244797
C_MATERIAL:0.5018842758740663
C_MOVECOUNT:0.500310434883921
C_PAWNMOVEMENT:0.5007572282235006
