ELO:882
CE_PASSEDPAWNS:0.4423302867259256
CE_PAWNWEAKNESSES:0.49089491396490376
CE_PIECEACTIVITY:0.4777132818633726
CE_KINGPAWNSHIELD:0.5450271712072965
CE_PIECECOORDINATION:0.5738599750833507
CE_MATERIAL:0.5913987467001479
CE_KINGSAFETY:0.4759645911638274
C_PIECESQUARETABLES:0.5419020705088268
C_MOBILITY:0.49926672099952746
C_KINGSAFETY:0.5152291790710987
C_PAWNSTRUCTURE:0.4396737723600513
C_PIECECOORDINATION:0.526530945949597
C_ROOKANDPAWNMOVEMENT:0.526530945949597
C_CENTERCONTROL:0.46774112989864
C_DEVELOPPIECES:0.5503717093960134
C_MATERIAL:0.41930805055476716
C_MOVECOUNT:0.5
