ELO:1019
CE_PASSEDPAWNS:0.4680071292182588
CE_PAWNWEAKNESSES:0.45998551404873766
CE_PIECEACTIVITY:0.5043163409532182
CE_KINGPAWNSHIELD:0.5446437150919401
CE_PIECECOORDINATION:0.5216371381783396
CE_MATERIAL:0.5132067850166201
CE_KINGSAFETY:0.5
C_PIECESQUARETABLES:0.5
C_MOBILITY:0.5000325414969815
C_KINGSAFETY:0.48783519659163055
C_PAWNSTRUCTURE:0.5114977811544261
C_PIECECOORDINATION:0.5408224394220434
C_ROOK:0.4981709711823545
CE_ROOK:0.5393719721781679
C_CENTERCONTROL:0.5093481988600143
C_DEVELOPPIECES:0.49224300431925777
C_MATERIAL:0.48856032298767915
C_MOVECOUNT:0.48871135583086506
C_PAWNMOVEMENT:0.5
