ELO:981
CE_PASSEDPAWNS:0.5533569778854517
CE_PAWNWEAKNESSES:0.4541573978975322
CE_PIECEACTIVITY:0.4732412639064044
CE_KINGPAWNSHIELD:0.5
CE_PIECECOORDINATION:0.529577749311118
CE_MATERIAL:0.48787532899215247
CE_KINGSAFETY:0.5
C_PIECESQUARETABLES:0.5
C_MOBILITY:0.40453635553011624
C_KINGSAFETY:0.5799361453212442
C_PAWNSTRUCTURE:0.5091220547528964
C_PIECECOORDINATION:0.49704779867596327
C_ROOKANDPAWNMOVEMENT:0.49704779867596327
C_CENTERCONTROL:0.4785141927152024
C_DEVELOPPIECES:0.45515856606073235
C_MATERIAL:0.49354454768949635
C_MOVECOUNT:0.5
