ELO:1018
CE_PASSEDPAWNS:0.5752604325562629
CE_PAWNWEAKNESSES:0.45753908675987287
CE_PIECEACTIVITY:0.4336294063280298
CE_KINGPAWNSHIELD:0.4028157142688062
CE_PIECECOORDINATION:0.44576273736930716
CE_MATERIAL:0.47142943546382343
CE_KINGSAFETY:0.5
C_PIECESQUARETABLES:0.5076495465752113
C_MOBILITY:0.3505067618511414
C_KINGSAFETY:0.5408230730529517
C_PAWNSTRUCTURE:0.4808758786049856
C_PIECECOORDINATION:0.5043997811994122
C_ROOKANDPAWNMOVEMENT:0.5043997811994122
C_CENTERCONTROL:0.5250617028753457
C_DEVELOPPIECES:0.4363836392846462
C_MATERIAL:0.5210946296885979
