ELO:1032
CE_PASSEDPAWNS:0.49511129967827955
CE_PAWNWEAKNESSES:0.4885928658219867
CE_PIECEACTIVITY:0.5111321782356769
CE_KINGPAWNSHIELD:0.4923776965233381
CE_PIECECOORDINATION:0.5
CE_MATERIAL:0.5
CE_KINGSAFETY:0.5
C_PIECESQUARETABLES:0.5
C_MOBILITY:0.5040320262727567
C_KINGSAFETY:0.5
C_PAWNSTRUCTURE:0.5
C_PIECECOORDINATION:0.5240765301797395
C_ROOKANDPAWNMOVEMENT:0.5240765301797395
C_CENTERCONTROL:0.5040082183298862
C_DEVELOPPIECES:0.5
C_MATERIAL:0.5
