ELO:984
CE_PASSEDPAWNS:0.4891950826027651
CE_PAWNWEAKNESSES:0.5121974191963673
CE_PIECEACTIVITY:0.49253068231801583
CE_KINGPAWNSHIELD:0.5043080725122211
CE_PIECECOORDINATION:0.5044432790036014
CE_MATERIAL:0.4955114046075795
CE_KINGSAFETY:0.5025712296440911
C_PIECESQUARETABLES:0.4918894607520889
C_MOBILITY:0.5226712721434996
C_KINGSAFETY:0.50791299958525
C_PAWNSTRUCTURE:0.5120849325630689
C_PIECECOORDINATION:0.5076220305886617
C_ROOKANDPAWNMOVEMENT:0.5076220305886617
C_CENTERCONTROL:0.4977209356117456
C_DEVELOPPIECES:0.5118300450626032
C_MATERIAL:0.49173350563734436
