ELO:977
CE_PASSEDPAWNS:0.5004230311765173
CE_PAWNWEAKNESSES:0.5164697919123437
CE_PIECEACTIVITY:0.5205121567106039
CE_KINGPAWNSHIELD:0.4857498746459947
CE_PIECECOORDINATION:0.4886620983423591
CE_MATERIAL:0.5
CE_KINGSAFETY:0.5078483193900896
C_PIECESQUARETABLES:0.4858448556944529
C_MOBILITY:0.5101509696282389
C_KINGSAFETY:0.5060370144907369
C_PAWNSTRUCTURE:0.5003955194543195
C_PIECECOORDINATION:0.5153895122475904
C_ROOKANDPAWNMOVEMENT:0.5153895122475904
C_CENTERCONTROL:0.48678686379988306
C_DEVELOPPIECES:0.49728652304674004
C_MATERIAL:0.4891170880614565
C_MOVECOUNT:0.5
