ELO:946
CE_PASSEDPAWNS:0.4806208453238575
CE_PAWNWEAKNESSES:0.5082181703644011
CE_PIECEACTIVITY:0.4475725190745222
CE_KINGPAWNSHIELD:0.4619287500065216
CE_PIECECOORDINATION:0.5112766126582344
CE_MATERIAL:0.4384899531481402
CE_KINGSAFETY:0.47979137850173303
C_PIECESQUARETABLES:0.483475123605165
C_MOBILITY:0.38378709130163524
C_KINGSAFETY:0.546503373419433
C_PAWNSTRUCTURE:0.5067123572102933
C_PIECECOORDINATION:0.5052990180829943
C_ROOKANDPAWNMOVEMENT:0.5052990180829943
C_CENTERCONTROL:0.42531599148306587
C_DEVELOPPIECES:0.44717175833748907
C_MATERIAL:0.48501048706191374
