ELO:976
CE_PASSEDPAWNS:0.4971997874123443
CE_PAWNWEAKNESSES:0.5208516542431679
CE_PIECEACTIVITY:0.4710087331432255
CE_KINGPAWNSHIELD:0.45456962858600786
CE_PIECECOORDINATION:0.5106064208197203
CE_MATERIAL:0.4571920498010682
CE_KINGSAFETY:0.5364622960220058
C_PIECESQUARETABLES:0.5171514621001971
C_MOBILITY:0.38186237431370346
C_KINGSAFETY:0.5394298886595333
C_PAWNSTRUCTURE:0.5106509456175821
C_PIECECOORDINATION:0.4893432016088615
C_ROOKANDPAWNMOVEMENT:0.4893432016088615
C_CENTERCONTROL:0.4540304904777872
C_DEVELOPPIECES:0.4661818923986119
C_MATERIAL:0.457292612137872
