ELO:980
CE_PASSEDPAWNS:0.440648788543915
CE_PAWNWEAKNESSES:0.5118222968030637
CE_PIECEACTIVITY:0.47028156774650526
CE_KINGPAWNSHIELD:0.5
CE_PIECECOORDINATION:0.4871311340704366
CE_MATERIAL:0.5080346528493752
CE_KINGSAFETY:0.4742007286698294
C_PIECESQUARETABLES:0.4552887550208689
C_MOBILITY:0.5033527180285561
C_KINGSAFETY:0.4938360992496625
C_PAWNSTRUCTURE:0.5
C_PIECECOORDINATION:0.495867876055188
C_ROOKANDPAWNMOVEMENT:0.495867876055188
C_CENTERCONTROL:0.5315020010442842
C_DEVELOPPIECES:0.4920540182390227
C_MATERIAL:0.48196384492574434
C_MOVECOUNT:0.5
