ELO:991
CE_PASSEDPAWNS:0.5260571433244642
CE_PAWNWEAKNESSES:0.4747266971979074
CE_PIECEACTIVITY:0.5101834539548609
CE_KINGPAWNSHIELD:0.542603462243025
CE_PIECECOORDINATION:0.4846973356516632
CE_MATERIAL:0.4644262906208399
CE_KINGSAFETY:0.5069029496399403
C_PIECESQUARETABLES:0.5
C_MOBILITY:0.5810487365613689
C_KINGSAFETY:0.5250912115677565
C_PAWNSTRUCTURE:0.46054427260367564
C_PIECECOORDINATION:0.48882101421651497
C_ROOKANDPAWNMOVEMENT:0.48882101421651497
C_CENTERCONTROL:0.42264418351129196
C_DEVELOPPIECES:0.4392070707003665
C_MATERIAL:0.627221698258369
