ELO:980
CE_PASSEDPAWNS:0.47633076468684055
CE_PAWNWEAKNESSES:0.5136420697845356
CE_PIECEACTIVITY:0.4840197341098467
CE_KINGPAWNSHIELD:0.5094876251207077
CE_PIECECOORDINATION:0.4989796233369232
CE_MATERIAL:0.4959651260396578
CE_KINGSAFETY:0.4951355681199216
C_PIECESQUARETABLES:0.4993546242432438
C_MOBILITY:0.49514752614105223
C_KINGSAFETY:0.48368503745412633
C_PAWNSTRUCTURE:0.48540401453170834
C_PIECECOORDINATION:0.487257952771593
C_ROOKANDPAWNMOVEMENT:0.487257952771593
C_CENTERCONTROL:0.5091688886347564
C_DEVELOPPIECES:0.4940101585453767
C_MATERIAL:0.4920271682666377
C_MOVECOUNT:0.5039236390780036
