ELO:993
CE_PASSEDPAWNS:0.5208713042275102
CE_PAWNWEAKNESSES:0.4720074436014738
CE_PIECEACTIVITY:0.5012352309413692
CE_KINGPAWNSHIELD:0.49722428302914007
CE_PIECECOORDINATION:0.49545628155168375
CE_MATERIAL:0.5104201714984535
CE_KINGSAFETY:0.5083609571961568
C_PIECESQUARETABLES:0.504757567220361
C_MOBILITY:0.4932626104315095
C_KINGSAFETY:0.49114415449624815
C_PAWNSTRUCTURE:0.48602191385468696
C_PIECECOORDINATION:0.512287900994647
C_ROOK:0.49387234433077415
CE_ROOK:0.5062798381842301
C_CENTERCONTROL:0.5119038582933857
C_DEVELOPPIECES:0.505071381231154
C_MATERIAL:0.4885099966560472
C_MOVECOUNT:0.4676428540608036
C_PAWNMOVEMENT:0.5239262239356162
