ELO:895
CE_PASSEDPAWNS:0.5320262014085999
CE_PAWNWEAKNESSES:0.5365375551205452
CE_PIECEACTIVITY:0.4421089865606432
CE_KINGPAWNSHIELD:0.4693151191047153
CE_PIECECOORDINATION:0.538665214634233
CE_MATERIAL:0.417929210883592
CE_KINGSAFETY:0.49391351798706834
C_PIECESQUARETABLES:0.540495283080196
C_MOBILITY:0.40578078477814333
C_KINGSAFETY:0.5517009604014286
C_PAWNSTRUCTURE:0.48112528703597235
C_PIECECOORDINATION:0.51617818886601
C_ROOKANDPAWNMOVEMENT:0.51617818886601
C_CENTERCONTROL:0.4236819773339571
C_DEVELOPPIECES:0.39598475021543184
C_MATERIAL:0.5114640164188258
