ELO:984
CE_PASSEDPAWNS:0.4977736623895945
CE_PAWNWEAKNESSES:0.4970321483225892
CE_PIECEACTIVITY:0.4724786416116248
CE_KINGPAWNSHIELD:0.4561290711182893
CE_PIECECOORDINATION:0.5078011324308997
CE_MATERIAL:0.485038718800025
CE_KINGSAFETY:0.5127076063497451
C_PIECESQUARETABLES:0.49372458949064635
C_MOBILITY:0.39273360924229694
C_KINGSAFETY:0.5308131180243052
C_PAWNSTRUCTURE:0.5072856747514263
C_PIECECOORDINATION:0.47188614962410996
C_ROOKANDPAWNMOVEMENT:0.47188614962410996
C_CENTERCONTROL:0.4350137932736053
C_DEVELOPPIECES:0.4584562730111214
C_MATERIAL:0.4560198295287586
