ELO:1000
CE_PASSEDPAWNS:0.5191703257248882
CE_PAWNWEAKNESSES:0.4874252309096253
CE_PIECEACTIVITY:0.4507385233576666
CE_KINGPAWNSHIELD:0.5156271721864525
CE_PIECECOORDINATION:0.49296106737253026
CE_MATERIAL:0.5013181372909725
CE_KINGSAFETY:0.48352239063840624
C_PIECESQUARETABLES:0.5292777719103661
C_MOBILITY:0.4246400259180599
C_KINGSAFETY:0.5359983093101397
C_PAWNSTRUCTURE:0.5656153869324306
C_PIECECOORDINATION:0.4815614124445506
C_ROOKANDPAWNMOVEMENT:0.4815614124445506
C_CENTERCONTROL:0.4273094378546252
C_DEVELOPPIECES:0.44236198336375554
C_MATERIAL:0.4623466679061036
