ELO:969
CE_PASSEDPAWNS:0.5036915586591191
CE_PAWNWEAKNESSES:0.5086423660587673
CE_PIECEACTIVITY:0.5047281354738985
CE_KINGPAWNSHIELD:0.4735256622916328
CE_PIECECOORDINATION:0.49137851563234275
CE_MATERIAL:0.5057832590935796
CE_KINGSAFETY:0.4794457669313887
C_PIECESQUARETABLES:0.5188400139295047
C_MOBILITY:0.48706432159800767
C_KINGSAFETY:0.5
C_PAWNSTRUCTURE:0.49946659309532027
C_PIECECOORDINATION:0.519823693852239
C_ROOKANDPAWNMOVEMENT:0.519823693852239
C_CENTERCONTROL:0.4913132514300668
C_DEVELOPPIECES:0.49751918688554947
C_MATERIAL:0.4927677745697636
C_MOVECOUNT:0.5
