ELO:960
CE_PASSEDPAWNS:0.640465166528198
CE_PAWNWEAKNESSES:0.48488810502828306
CE_PIECEACTIVITY:0.4654497089156525
CE_KINGPAWNSHIELD:0.46298632321174593
CE_PIECECOORDINATION:0.46942828119403573
CE_MATERIAL:0.4435116325512646
CE_KINGSAFETY:0.4937883541643606
C_PIECESQUARETABLES:0.4906455955339178
C_MOBILITY:0.3573350609845087
C_KINGSAFETY:0.5233268136606266
C_PAWNSTRUCTURE:0.5034014785969902
C_PIECECOORDINATION:0.519268852236776
C_ROOKANDPAWNMOVEMENT:0.519268852236776
C_CENTERCONTROL:0.559911357017301
C_DEVELOPPIECES:0.4230113864081589
C_MATERIAL:0.5278298499829587
