ELO:1046
CE_PASSEDPAWNS:0.5026713052980661
CE_PAWNWEAKNESSES:0.5
CE_PIECEACTIVITY:0.47907011340525874
CE_KINGPAWNSHIELD:0.4957620792623882
CE_PIECECOORDINATION:0.5079671768032734
CE_MATERIAL:0.5105705484449106
CE_KINGSAFETY:0.5
C_PIECESQUARETABLES:0.5
C_MOBILITY:0.4958575839663233
C_KINGSAFETY:0.48382163288164737
C_PAWNSTRUCTURE:0.5
C_PIECECOORDINATION:0.5127057356276871
C_ROOK:0.5093155628967548
CE_ROOK:0.5
C_CENTERCONTROL:0.5302842375222394
C_DEVELOPPIECES:0.503790404228409
C_MATERIAL:0.5168200496197201
C_MOVECOUNT:0.5048232963758446
C_PAWNMOVEMENT:0.5
