ELO:987
CE_PASSEDPAWNS:0.562626469729333
CE_PAWNWEAKNESSES:0.4735522600752192
CE_PIECEACTIVITY:0.45594099954058165
CE_KINGPAWNSHIELD:0.41691045951986955
CE_PIECECOORDINATION:0.44319660017942114
CE_MATERIAL:0.45450849104028757
CE_KINGSAFETY:0.49452670809340826
C_PIECESQUARETABLES:0.4700724224044845
C_MOBILITY:0.3597748656633526
C_KINGSAFETY:0.5543620754995721
C_PAWNSTRUCTURE:0.47049454573227745
C_PIECECOORDINATION:0.4935073453772854
C_ROOKANDPAWNMOVEMENT:0.4935073453772854
C_CENTERCONTROL:0.5521837855128076
C_DEVELOPPIECES:0.4603618008357524
C_MATERIAL:0.5326561277589238
