ELO:911
CE_PASSEDPAWNS:0.5103889054193935
CE_PAWNWEAKNESSES:0.5055048777887017
CE_PIECEACTIVITY:0.46804732339828176
CE_KINGPAWNSHIELD:0.4864283449844433
CE_PIECECOORDINATION:0.5231787644765227
CE_MATERIAL:0.46867093960032574
CE_KINGSAFETY:0.5005762498022142
C_PIECESQUARETABLES:0.5123613546698735
C_MOBILITY:0.4724683634288345
C_KINGSAFETY:0.5102841517742461
C_PAWNSTRUCTURE:0.5246512514744232
C_PIECECOORDINATION:0.5488558872474572
C_ROOKANDPAWNMOVEMENT:0.5488558872474572
C_CENTERCONTROL:0.5097089286759533
C_DEVELOPPIECES:0.5231420937613916
C_MATERIAL:0.5088922065323263
C_MOVECOUNT:0.5
