ELO:968
CE_PASSEDPAWNS:0.4630400169257101
CE_PAWNWEAKNESSES:0.5308485710180324
CE_PIECEACTIVITY:0.5235046422928069
CE_KINGPAWNSHIELD:0.510141136623018
CE_PIECECOORDINATION:0.44275641271774197
CE_MATERIAL:0.5
CE_KINGSAFETY:0.5144270579788207
C_PIECESQUARETABLES:0.504393047191261
C_MOBILITY:0.49734454695800934
C_KINGSAFETY:0.5
C_PAWNSTRUCTURE:0.5180728271696793
C_PIECECOORDINATION:0.5170428590400451
C_ROOKANDPAWNMOVEMENT:0.5170428590400451
C_CENTERCONTROL:0.49049849994004585
C_DEVELOPPIECES:0.494106557944103
C_MATERIAL:0.5081605181112815
C_MOVECOUNT:0.5
