ELO:1000
CE_PASSEDPAWNS:0.4962691381695938
CE_PAWNWEAKNESSES:0.5141843049809403
CE_PIECEACTIVITY:0.4993462662451727
CE_KINGPAWNSHIELD:0.5037094373903916
CE_PIECECOORDINATION:0.48057966042873834
CE_MATERIAL:0.49806718882617074
CE_KINGSAFETY:0.5173520312403259
C_PIECESQUARETABLES:0.5092356403907251
C_MOBILITY:0.4607815402472991
C_KINGSAFETY:0.4992253287567547
C_PAWNSTRUCTURE:0.5287292486512953
C_PIECECOORDINATION:0.5021546143995045
C_ROOKANDPAWNMOVEMENT:0.5021546143995045
C_CENTERCONTROL:0.4674036630625661
C_DEVELOPPIECES:0.49455372058211855
C_MATERIAL:0.48316600189578957
