ELO:1016
CE_PASSEDPAWNS:0.5069652569272811
CE_PAWNWEAKNESSES:0.45563144221338636
CE_PIECEACTIVITY:0.495418690935257
CE_KINGPAWNSHIELD:0.5325070833713661
CE_PIECECOORDINATION:0.5043901861355996
CE_MATERIAL:0.5174459879681497
CE_KINGSAFETY:0.5
C_PIECESQUARETABLES:0.5
C_MOBILITY:0.5
C_KINGSAFETY:0.4991844272485667
C_PAWNSTRUCTURE:0.524334623024627
C_PIECECOORDINATION:0.5107399732473097
C_ROOK:0.5007168017806173
CE_ROOK:0.5131704461704223
C_CENTERCONTROL:0.49513549206104046
C_DEVELOPPIECES:0.48803846654105965
C_MATERIAL:0.5018842758740663
C_MOVECOUNT:0.500310434883921
C_PAWNMOVEMENT:0.4951274197228298
