ELO:971
CE_PASSEDPAWNS:0.5103296756617619
CE_PAWNWEAKNESSES:0.47301463044480585
CE_PIECEACTIVITY:0.5012352309413692
CE_KINGPAWNSHIELD:0.5069330732541327
CE_PIECECOORDINATION:0.49518717142284535
CE_MATERIAL:0.5104201714984535
CE_KINGSAFETY:0.5129880690516463
C_PIECESQUARETABLES:0.49970153758599056
C_MOBILITY:0.4932626104315095
C_KINGSAFETY:0.49514927138159576
C_PAWNSTRUCTURE:0.48602191385468696
C_PIECECOORDINATION:0.5010319208155289
C_ROOK:0.49211784178656315
CE_ROOK:0.4971902493237924
C_CENTERCONTROL:0.5119038582933857
C_DEVELOPPIECES:0.5061788047321235
C_MATERIAL:0.4885099966560472
C_MOVECOUNT:0.4676428540608036
C_PAWNMOVEMENT:0.5079269821488662
