ELO:1032
CE_PASSEDPAWNS:0.4936118726401552
CE_PAWNWEAKNESSES:0.5070842024604231
CE_PIECEACTIVITY:0.5061512893869018
CE_KINGPAWNSHIELD:0.4798197097681056
CE_PIECECOORDINATION:0.5054150739868447
CE_MATERIAL:0.5218302596636045
CE_KINGSAFETY:0.5
C_PIECESQUARETABLES:0.5
C_MOBILITY:0.5054917583631313
C_KINGSAFETY:0.49710073663360144
C_PAWNSTRUCTURE:0.5017539198243214
C_PIECECOORDINATION:0.5165029931183787
C_ROOK:0.5
CE_ROOK:0.4967726377850701
C_CENTERCONTROL:0.48745490307112077
C_DEVELOPPIECES:0.49283485368857105
C_MATERIAL:0.5099790927186645
C_MOVECOUNT:0.4881414214500726
C_PAWNMOVEMENT:0.5073024461160959
