ELO:1032
CE_PASSEDPAWNS:0.5069652569272811
CE_PAWNWEAKNESSES:0.5070842024604231
CE_PIECEACTIVITY:0.5061678211637165
CE_KINGPAWNSHIELD:0.5292612059159568
CE_PIECECOORDINATION:0.5054150739868447
CE_MATERIAL:0.4913272283403476
CE_KINGSAFETY:0.5
C_PIECESQUARETABLES:0.5
C_MOBILITY:0.5028170813085642
C_KINGSAFETY:0.5054302180823947
C_PAWNSTRUCTURE:0.5017539198243214
C_PIECECOORDINATION:0.5245577126553166
C_ROOK:0.5
CE_ROOK:0.4967726377850701
C_CENTERCONTROL:0.5093481988600143
C_DEVELOPPIECES:0.49283485368857105
C_MATERIAL:0.48856032298767915
C_MOVECOUNT:0.4841889322857715
C_PAWNMOVEMENT:0.4992795389654028
