ELO:993
CE_PASSEDPAWNS:0.4794266751413895
CE_PAWNWEAKNESSES:0.5458013614034745
CE_PIECEACTIVITY:0.4938415176535282
CE_KINGPAWNSHIELD:0.5131566998981739
CE_PIECECOORDINATION:0.4309243742294954
CE_MATERIAL:0.5253109572523942
CE_KINGSAFETY:0.5063595687693563
C_PIECESQUARETABLES:0.49636727872785047
C_MOBILITY:0.48458609121415724
C_KINGSAFETY:0.5065104410655202
C_PAWNSTRUCTURE:0.5062308753364254
C_PIECECOORDINATION:0.4755347470394114
C_ROOKANDPAWNMOVEMENT:0.4755347470394114
C_CENTERCONTROL:0.5577289773181958
C_DEVELOPPIECES:0.5428743721038691
C_MATERIAL:0.44945916258566454
