ELO:934
CE_PASSEDPAWNS:0.4806208453238575
CE_PAWNWEAKNESSES:0.5082181703644011
CE_PIECEACTIVITY:0.44038747069350037
CE_KINGPAWNSHIELD:0.46472706095863814
CE_PIECECOORDINATION:0.5029088974824549
CE_MATERIAL:0.4388440533822154
CE_KINGSAFETY:0.4905624299265591
C_PIECESQUARETABLES:0.5031064526901846
C_MOBILITY:0.37587753746702146
C_KINGSAFETY:0.546503373419433
C_PAWNSTRUCTURE:0.5040264653676896
C_PIECECOORDINATION:0.515462088414806
C_ROOKANDPAWNMOVEMENT:0.515462088414806
C_CENTERCONTROL:0.4283502891746028
C_DEVELOPPIECES:0.44717175833748907
C_MATERIAL:0.47665886850917527
