ELO:1032
CE_PASSEDPAWNS:0.509627366259295
CE_PAWNWEAKNESSES:0.5195716976273007
CE_PIECEACTIVITY:0.5012593221806272
CE_KINGPAWNSHIELD:0.5292612059159568
CE_PIECECOORDINATION:0.498980069241355
CE_MATERIAL:0.5135565455755512
CE_KINGSAFETY:0.5
C_PIECESQUARETABLES:0.5
C_MOBILITY:0.49731990569851686
C_KINGSAFETY:0.5080026683435823
C_PAWNSTRUCTURE:0.5068332941276955
C_PIECECOORDINATION:0.5088834782156937
C_ROOK:0.5
CE_ROOK:0.4967726377850701
C_CENTERCONTROL:0.5197282966320029
C_DEVELOPPIECES:0.503790404228409
C_MATERIAL:0.49669873393668007
C_MOVECOUNT:0.4881414214500726
C_PAWNMOVEMENT:0.4940662195207169
