ELO:1026
CE_PASSEDPAWNS:0.49782727704779434
CE_PAWNWEAKNESSES:0.5172163460806584
CE_PIECEACTIVITY:0.4745567739833207
CE_KINGPAWNSHIELD:0.49239483193018807
CE_PIECECOORDINATION:0.5033727516818475
CE_MATERIAL:0.5095493963641213
CE_KINGSAFETY:0.5
C_PIECESQUARETABLES:0.5136413423371706
C_MOBILITY:0.5017863872172483
C_KINGSAFETY:0.48236427858169123
C_PAWNSTRUCTURE:0.5
C_PIECECOORDINATION:0.5
C_ROOKANDPAWNMOVEMENT:0.5
C_CENTERCONTROL:0.4882917818089155
C_DEVELOPPIECES:0.5096379307570734
C_MATERIAL:0.5
C_MOVECOUNT:0.5
