ELO:921
CE_PASSEDPAWNS:0.6092142474787433
CE_PAWNWEAKNESSES:0.4732807492349783
CE_PIECEACTIVITY:0.47926900859117866
CE_KINGPAWNSHIELD:0.47290659863429263
CE_PIECECOORDINATION:0.45037882284681
CE_MATERIAL:0.495834748820738
CE_KINGSAFETY:0.5131015531665942
C_PIECESQUARETABLES:0.49555548853708326
C_MOBILITY:0.34087195818691723
C_KINGSAFETY:0.5366061911500102
C_PAWNSTRUCTURE:0.5163450748006638
C_PIECECOORDINATION:0.5148009058426541
C_ROOKANDPAWNMOVEMENT:0.5148009058426541
C_CENTERCONTROL:0.5639420238662693
C_DEVELOPPIECES:0.4592291906443437
C_MATERIAL:0.5390933942891392
