ELO:1000
CE_PASSEDPAWNS:0.4968486613456249
CE_PAWNWEAKNESSES:0.5141843049809403
CE_PIECEACTIVITY:0.4919476345549403
CE_KINGPAWNSHIELD:0.5058006210959527
CE_PIECECOORDINATION:0.4951284033846475
CE_MATERIAL:0.4925609230176431
CE_KINGSAFETY:0.5192313810997891
C_PIECESQUARETABLES:0.5233228615929967
C_MOBILITY:0.4800451056683246
C_KINGSAFETY:0.5005683104679729
C_PAWNSTRUCTURE:0.5400300342582127
C_PIECECOORDINATION:0.5188741658792908
C_ROOKANDPAWNMOVEMENT:0.5188741658792908
C_CENTERCONTROL:0.45404624992559045
C_DEVELOPPIECES:0.4876176265663138
C_MATERIAL:0.5005589063259489
