ELO:1000
CE_PASSEDPAWNS:0.5139339266308911
CE_PAWNWEAKNESSES:0.4973577303051204
CE_PIECEACTIVITY:0.4540131491121088
CE_KINGPAWNSHIELD:0.5043706717769879
CE_PIECECOORDINATION:0.49296106737253026
CE_MATERIAL:0.5010624255919204
CE_KINGSAFETY:0.4901197910961966
C_PIECESQUARETABLES:0.530316819510233
C_MOBILITY:0.3985587212196844
C_KINGSAFETY:0.5270138536157107
C_PAWNSTRUCTURE:0.5651811019918781
C_PIECECOORDINATION:0.5076056352388524
C_ROOKANDPAWNMOVEMENT:0.5076056352388524
C_CENTERCONTROL:0.4154117514517972
C_DEVELOPPIECES:0.45234412491104725
C_MATERIAL:0.43687823437832135
