ELO:965
CE_PASSEDPAWNS:0.49011516807092004
CE_PAWNWEAKNESSES:0.48261537739458477
CE_PIECEACTIVITY:0.5154510767912084
CE_KINGPAWNSHIELD:0.4963999488983966
CE_PIECECOORDINATION:0.5181754770285704
CE_MATERIAL:0.44514276198397307
CE_KINGSAFETY:0.501211555766008
C_PIECESQUARETABLES:0.5025979676686961
C_MOBILITY:0.536085358349377
C_KINGSAFETY:0.5026966459609448
C_PAWNSTRUCTURE:0.5041336869932169
C_PIECECOORDINATION:0.5010785931423759
C_ROOKANDPAWNMOVEMENT:0.5010785931423759
C_CENTERCONTROL:0.48039314351424317
C_DEVELOPPIECES:0.5115600233117995
C_MATERIAL:0.47438441414745974
C_MOVECOUNT:0.5275945671844176
