ELO:1000
CE_PASSEDPAWNS:0.5103402434322267
CE_PAWNWEAKNESSES:0.5
CE_PIECEACTIVITY:0.4894554906068083
CE_KINGPAWNSHIELD:0.5069330732541327
CE_PIECECOORDINATION:0.47763318986806885
CE_MATERIAL:0.5
CE_KINGSAFETY:0.5124947310947449
C_PIECESQUARETABLES:0.5
C_MOBILITY:0.5133541459870239
C_KINGSAFETY:0.5040232504595145
C_PAWNSTRUCTURE:0.48602191385468696
C_PIECECOORDINATION:0.5
C_ROOK:0.5
CE_ROOK:0.5033995051944841
C_CENTERCONTROL:0.5034797672562958
C_DEVELOPPIECES:0.5042183474595479
C_MATERIAL:0.4926334667382482
C_MOVECOUNT:0.49477153690790254
C_PAWNMOVEMENT:0.4949189948120675
