ELO:991
CE_PASSEDPAWNS:0.5591298152908751
CE_PAWNWEAKNESSES:0.456641760161377
CE_PIECEACTIVITY:0.46018662591641485
CE_KINGPAWNSHIELD:0.4211009040989555
CE_PIECECOORDINATION:0.44319660017942114
CE_MATERIAL:0.46458149770897367
CE_KINGSAFETY:0.4871370448034484
C_PIECESQUARETABLES:0.49716725659982275
C_MOBILITY:0.3565068986601799
C_KINGSAFETY:0.5513707863002129
C_PAWNSTRUCTURE:0.47049454573227745
C_PIECECOORDINATION:0.4991375941364312
C_ROOKANDPAWNMOVEMENT:0.4991375941364312
C_CENTERCONTROL:0.5487097779816505
C_DEVELOPPIECES:0.44622888000710637
C_MATERIAL:0.5439608215000714
