ELO:965
CE_PASSEDPAWNS:0.49620908514195006
CE_PAWNWEAKNESSES:0.5410042327336958
CE_PIECEACTIVITY:0.5048454508676334
CE_KINGPAWNSHIELD:0.532227587694426
CE_PIECECOORDINATION:0.4931537489723708
CE_MATERIAL:0.4959651260396578
CE_KINGSAFETY:0.5
C_PIECESQUARETABLES:0.5
C_MOBILITY:0.49514752614105223
C_KINGSAFETY:0.5124614959055915
C_PAWNSTRUCTURE:0.4735958014372476
C_PIECECOORDINATION:0.4883800926401748
C_ROOKANDPAWNMOVEMENT:0.4883800926401748
C_CENTERCONTROL:0.5206362546517189
C_DEVELOPPIECES:0.5017566562523723
C_MATERIAL:0.5003736820558258
C_MOVECOUNT:0.4939172388736605
