ELO:910
CE_PASSEDPAWNS:0.5011167119052714
CE_PAWNWEAKNESSES:0.48534665037628444
CE_PIECEACTIVITY:0.5021165956769557
CE_KINGPAWNSHIELD:0.49481339179427575
CE_PIECECOORDINATION:0.4251850664458644
CE_MATERIAL:0.4888614351493812
CE_KINGSAFETY:0.5
C_PIECESQUARETABLES:0.5
C_MOBILITY:0.48838996614816343
C_KINGSAFETY:0.5493057075191667
C_PAWNSTRUCTURE:0.5092534751139958
C_PIECECOORDINATION:0.5
C_ROOKANDPAWNMOVEMENT:0.5
C_CENTERCONTROL:0.7077552726956953
C_DEVELOPPIECES:0.4844951375558263
C_MATERIAL:0.5
C_MOVECOUNT:0.5
