ELO:1019
CE_PASSEDPAWNS:0.5179591658070092
CE_PAWNWEAKNESSES:0.49153747739782117
CE_PIECEACTIVITY:0.4837946420583226
CE_KINGPAWNSHIELD:0.5
CE_PIECECOORDINATION:0.5216371381783396
CE_MATERIAL:0.5132067850166201
CE_KINGSAFETY:0.5
C_PIECESQUARETABLES:0.5
C_MOBILITY:0.487709618304776
C_KINGSAFETY:0.48783519659163055
C_PAWNSTRUCTURE:0.4718328714988731
C_PIECECOORDINATION:0.47291230576532917
C_ROOK:0.5119277527766181
CE_ROOK:0.5022772971685346
C_CENTERCONTROL:0.5093481988600143
C_DEVELOPPIECES:0.4647401750342283
C_MATERIAL:0.48940688832066276
C_MOVECOUNT:0.491893627719153
C_PAWNMOVEMENT:0.5286183012937419
