ELO:969
CE_PASSEDPAWNS:0.49939575144363996
CE_PAWNWEAKNESSES:0.510133481183698
CE_PIECEACTIVITY:0.5176801854043296
CE_KINGPAWNSHIELD:0.4940767483070078
CE_PIECECOORDINATION:0.4964114673523582
CE_MATERIAL:0.46848775619857347
CE_KINGSAFETY:0.5104563433881494
C_PIECESQUARETABLES:0.5
C_MOBILITY:0.4822183384098483
C_KINGSAFETY:0.49433161270969267
C_PAWNSTRUCTURE:0.5149929548924203
C_PIECECOORDINATION:0.47521400851182266
C_ROOKANDPAWNMOVEMENT:0.47521400851182266
C_CENTERCONTROL:0.5150300005783155
C_DEVELOPPIECES:0.5241486360729839
C_MATERIAL:0.5005404408874926
C_MOVECOUNT:0.5
