ELO:964
CE_PASSEDPAWNS:0.5182631864070608
CE_PAWNWEAKNESSES:0.5090952670626198
CE_PIECEACTIVITY:0.4965179532580684
CE_KINGPAWNSHIELD:0.4842098309797501
CE_PIECECOORDINATION:0.5191321898192384
CE_MATERIAL:0.5654542044943104
CE_KINGSAFETY:0.4784474892302745
C_PIECESQUARETABLES:0.5226414844288256
C_MOBILITY:0.5077199412126038
C_KINGSAFETY:0.4998890446654855
C_PAWNSTRUCTURE:0.5082990305230322
C_PIECECOORDINATION:0.5079174122751556
C_ROOK:0.5
CE_ROOK:0.4822487811325109
C_CENTERCONTROL:0.5334807575672428
C_DEVELOPPIECES:0.5058961272869863
C_MATERIAL:0.48092002093477837
C_MOVECOUNT:0.5
C_PAWNMOVEMENT:0.5010302279248374
