ELO:942
CE_PASSEDPAWNS:0.39961877227017517
CE_PAWNWEAKNESSES:0.5257838867518844
CE_PIECEACTIVITY:0.5598384227360051
CE_KINGPAWNSHIELD:0.48666608264697053
CE_PIECECOORDINATION:0.5444085554626559
CE_MATERIAL:0.4627273693806193
CE_KINGSAFETY:0.5216533323586299
C_PIECESQUARETABLES:0.5023097835660603
C_MOBILITY:0.5841610342847304
C_KINGSAFETY:0.5641256891663411
C_PAWNSTRUCTURE:0.47720917857302003
C_PIECECOORDINATION:0.6101495037508778
C_ROOKANDPAWNMOVEMENT:0.6101495037508778
C_CENTERCONTROL:0.6099752249992363
C_DEVELOPPIECES:0.6253301146719014
C_MATERIAL:0.5187580514654457
