ELO:872
CE_PASSEDPAWNS:0.4849932725889327
CE_PAWNWEAKNESSES:0.5738259719300245
CE_PIECEACTIVITY:0.5159728618414112
CE_KINGPAWNSHIELD:0.46313183375928835
CE_PIECECOORDINATION:0.5578442654805275
CE_MATERIAL:0.5394769450088888
CE_KINGSAFETY:0.4948257710465341
C_PIECESQUARETABLES:0.5076560685565197
C_MOBILITY:0.4724404182453272
C_KINGSAFETY:0.5040635020453113
C_PAWNSTRUCTURE:0.513462116108343
C_PIECECOORDINATION:0.49231295575627415
C_ROOK:0.5252759650393353
CE_ROOK:0.5309012799710081
C_CENTERCONTROL:0.5215530607488577
C_DEVELOPPIECES:0.5664314015938047
C_MATERIAL:0.49561096968462237
C_MOVECOUNT:0.45537954808268444
C_PAWNMOVEMENT:0.5103958736115413
