ELO:908
CE_PASSEDPAWNS:0.6352473894092621
CE_PAWNWEAKNESSES:0.4681583008700798
CE_PIECEACTIVITY:0.4272848902492491
CE_KINGPAWNSHIELD:0.45353345706886916
CE_PIECECOORDINATION:0.45393166228706217
CE_MATERIAL:0.5042101211412722
CE_KINGSAFETY:0.5
C_PIECESQUARETABLES:0.5
C_MOBILITY:0.3516861000799293
C_KINGSAFETY:0.43890048431417983
C_PAWNSTRUCTURE:0.41463000272682077
C_PIECECOORDINATION:0.49635001238346477
C_ROOKANDPAWNMOVEMENT:0.49635001238346477
C_CENTERCONTROL:0.41800338903492656
C_DEVELOPPIECES:0.49009427727804494
C_MATERIAL:0.4241666520386661
