ELO:983
CE_PASSEDPAWNS:0.5030972381018965
CE_PAWNWEAKNESSES:0.5344334867378939
CE_PIECEACTIVITY:0.5177948989160901
CE_KINGPAWNSHIELD:0.5108193124067895
CE_PIECECOORDINATION:0.49261733577632993
CE_MATERIAL:0.5103870890660721
CE_KINGSAFETY:0.5
C_PIECESQUARETABLES:0.5
C_MOBILITY:0.49688152101163174
C_KINGSAFETY:0.5042073236741071
C_PAWNSTRUCTURE:0.4877211438988972
C_PIECECOORDINATION:0.46147752540621434
C_ROOK:0.47702746268531815
CE_ROOK:0.5029059732525983
C_CENTERCONTROL:0.5225189229585173
C_DEVELOPPIECES:0.46945255174523265
C_MATERIAL:0.47574187333245055
C_MOVECOUNT:0.4986445121917264
C_PAWNMOVEMENT:0.48818817618219573
