ELO:1000
CE_PASSEDPAWNS:0.4474194882916299
CE_PAWNWEAKNESSES:0.4846875369495907
CE_PIECEACTIVITY:0.5128951606760284
CE_KINGPAWNSHIELD:0.49198403036135024
CE_PIECECOORDINATION:0.5029801211231267
CE_MATERIAL:0.47800176680465656
CE_KINGSAFETY:0.5240331910367609
C_PIECESQUARETABLES:0.4859654113773748
C_MOBILITY:0.510582243432395
C_KINGSAFETY:0.5099592051771922
C_PAWNSTRUCTURE:0.5341534362272244
C_PIECECOORDINATION:0.5415759087156963
C_ROOKANDPAWNMOVEMENT:0.5415759087156963
C_CENTERCONTROL:0.4836905550167464
C_DEVELOPPIECES:0.4907424237301694
C_MATERIAL:0.5213221392246691
