ELO:824
CE_PASSEDPAWNS:0.4787310183850986
CE_PAWNWEAKNESSES:0.5266825052857466
CE_PIECEACTIVITY:0.525847363472527
CE_KINGPAWNSHIELD:0.4607021524699857
CE_PIECECOORDINATION:0.534292433962759
CE_MATERIAL:0.5299310287766733
CE_KINGSAFETY:0.5156168462823436
C_PIECESQUARETABLES:0.4847026777705017
C_MOBILITY:0.4501603079183821
C_KINGSAFETY:0.483223767098946
C_PAWNSTRUCTURE:0.5002491638008156
C_PIECECOORDINATION:0.5315241892712131
C_ROOKANDPAWNMOVEMENT:0.5315241892712131
C_CENTERCONTROL:0.5122238785482567
C_DEVELOPPIECES:0.4512154055856095
C_MATERIAL:0.45293533892650617
C_MOVECOUNT:0.4827959470109412
