ELO:991
CE_PASSEDPAWNS:0.5277288571395565
CE_PAWNWEAKNESSES:0.4654909473869408
CE_PIECEACTIVITY:0.5280257144731322
CE_KINGPAWNSHIELD:0.5419536064575613
CE_PIECECOORDINATION:0.4846973356516632
CE_MATERIAL:0.4694181679613265
CE_KINGSAFETY:0.5
C_PIECESQUARETABLES:0.5091662901248541
C_MOBILITY:0.5901858828885754
C_KINGSAFETY:0.5324639742653535
C_PAWNSTRUCTURE:0.46404807736973913
C_PIECECOORDINATION:0.4986838749321523
C_ROOKANDPAWNMOVEMENT:0.4986838749321523
C_CENTERCONTROL:0.4359733545865343
C_DEVELOPPIECES:0.4354212939766876
C_MATERIAL:0.6336097674609312
