ELO:1002
CE_PASSEDPAWNS:0.4901423975169572
CE_PAWNWEAKNESSES:0.5110921926682331
CE_PIECEACTIVITY:0.5114696867843068
CE_KINGPAWNSHIELD:0.5119449986038974
CE_PIECECOORDINATION:0.49872167721350824
CE_MATERIAL:0.5030035664548763
CE_KINGSAFETY:0.5
C_PIECESQUARETABLES:0.5
C_MOBILITY:0.5
C_KINGSAFETY:0.5079777664328555
C_PAWNSTRUCTURE:0.5014788874065189
C_PIECECOORDINATION:0.5
C_ROOKANDPAWNMOVEMENT:0.5
C_CENTERCONTROL:0.49244344712161986
C_DEVELOPPIECES:0.5
C_MATERIAL:0.5
C_MOVECOUNT:0.5045388698957741
