ELO:975
CE_PASSEDPAWNS:0.47223011971850193
CE_PAWNWEAKNESSES:0.4851691878698221
CE_PIECEACTIVITY:0.5083828907924781
CE_KINGPAWNSHIELD:0.5360863569922087
CE_PIECECOORDINATION:0.4818804435125756
CE_MATERIAL:0.4646074633260434
CE_KINGSAFETY:0.5
C_PIECESQUARETABLES:0.5
C_MOBILITY:0.5056431574474025
C_KINGSAFETY:0.4956852167999232
C_PAWNSTRUCTURE:0.5331832322079172
C_PIECECOORDINATION:0.4842672614493234
C_ROOK:0.5261473500720804
CE_ROOK:0.5072539569565422
C_CENTERCONTROL:0.46054959780480975
C_DEVELOPPIECES:0.4858495044135315
C_MATERIAL:0.49870141964144243
C_MOVECOUNT:0.4551431673987417
C_PAWNMOVEMENT:0.5177488574877056
