ELO:985
CE_PASSEDPAWNS:0.4217855761964092
CE_PAWNWEAKNESSES:0.49816621073274087
CE_PIECEACTIVITY:0.5386823140749648
CE_KINGPAWNSHIELD:0.4723932303716467
CE_PIECECOORDINATION:0.5014910385840936
CE_MATERIAL:0.47690441972419834
CE_KINGSAFETY:0.4935001829667417
C_PIECESQUARETABLES:0.5
C_MOBILITY:0.5485607652615432
C_KINGSAFETY:0.5514422695672753
C_PAWNSTRUCTURE:0.4939968581782433
C_PIECECOORDINATION:0.6150778124235629
C_ROOKANDPAWNMOVEMENT:0.6150778124235629
C_CENTERCONTROL:0.6041062503585846
C_DEVELOPPIECES:0.5948838956053172
C_MATERIAL:0.4998362829985333
