ELO:984
CE_PASSEDPAWNS:0.4670659290781482
CE_PAWNWEAKNESSES:0.526973738951957
CE_PIECEACTIVITY:0.5257749088842189
CE_KINGPAWNSHIELD:0.5
CE_PIECECOORDINATION:0.49845514478123043
CE_MATERIAL:0.5189615516504803
CE_KINGSAFETY:0.526258054099186
C_PIECESQUARETABLES:0.49544336801563016
C_MOBILITY:0.477282777055405
C_KINGSAFETY:0.4911744114272734
C_PAWNSTRUCTURE:0.5186252620714851
C_PIECECOORDINATION:0.4896697258066183
C_ROOKANDPAWNMOVEMENT:0.4896697258066183
C_CENTERCONTROL:0.5771913920543247
C_DEVELOPPIECES:0.4657153202714226
C_MATERIAL:0.516075265863843
C_MOVECOUNT:0.5
