ELO:988
CE_PASSEDPAWNS:0.5090946247556125
CE_PAWNWEAKNESSES:0.5110154940202758
CE_PIECEACTIVITY:0.48875103555973326
CE_KINGPAWNSHIELD:0.5074654798511279
CE_PIECECOORDINATION:0.5081235520067625
CE_MATERIAL:0.4018452576052184
CE_KINGSAFETY:0.5
C_PIECESQUARETABLES:0.5
C_MOBILITY:0.529824716559148
C_KINGSAFETY:0.533422706993055
C_PAWNSTRUCTURE:0.4882611543532627
C_PIECECOORDINATION:0.6114823202771699
C_ROOKANDPAWNMOVEMENT:0.6114823202771699
C_CENTERCONTROL:0.5648782879402593
C_DEVELOPPIECES:0.4291987992912106
C_MATERIAL:0.5057853998123338
