ELO:893
CE_PASSEDPAWNS:0.5377335989295293
CE_PAWNWEAKNESSES:0.462778593458098
CE_PIECEACTIVITY:0.5483454784104821
CE_KINGPAWNSHIELD:0.48467171031389106
CE_PIECECOORDINATION:0.5680234873824767
CE_MATERIAL:0.3286597384816628
CE_KINGSAFETY:0.5166607273870395
C_PIECESQUARETABLES:0.5253393383106751
C_MOBILITY:0.5064574834281392
C_KINGSAFETY:0.38339541029880986
C_PAWNSTRUCTURE:0.3711426433889198
C_PIECECOORDINATION:0.4135752985434912
C_ROOKANDPAWNMOVEMENT:0.4135752985434912
C_CENTERCONTROL:0.37544027445143435
C_DEVELOPPIECES:0.3935679080583052
C_MATERIAL:0.5969085170775401
