ELO:989
CE_PASSEDPAWNS:0.48266143704053643
CE_PAWNWEAKNESSES:0.5733516585659738
CE_PIECEACTIVITY:0.49593874282023864
CE_KINGPAWNSHIELD:0.49639397675214103
CE_PIECECOORDINATION:0.5499160200454818
CE_MATERIAL:0.5069162739596688
CE_KINGSAFETY:0.4861806296472187
C_PIECESQUARETABLES:0.5011203749251124
C_MOBILITY:0.502479391600888
C_KINGSAFETY:0.4811413664804936
C_PAWNSTRUCTURE:0.4877211438988972
C_PIECECOORDINATION:0.5199158360607814
C_ROOK:0.4859206867668594
CE_ROOK:0.5036667902164108
C_CENTERCONTROL:0.5194113588662109
C_DEVELOPPIECES:0.47782498967547005
C_MATERIAL:0.4729854002651254
C_MOVECOUNT:0.4809065594907156
C_PAWNMOVEMENT:0.5078320073951574
