ELO:880
CE_PASSEDPAWNS:0.503465889283567
CE_PAWNWEAKNESSES:0.5750428559011139
CE_PIECEACTIVITY:0.5438884206606815
CE_KINGPAWNSHIELD:0.4880882446223597
CE_PIECECOORDINATION:0.4937528448399011
CE_MATERIAL:0.5333709716046098
CE_KINGSAFETY:0.4638496981773931
C_PIECESQUARETABLES:0.48232048845475806
C_MOBILITY:0.486653479917575
C_KINGSAFETY:0.5027066870096303
C_PAWNSTRUCTURE:0.5308569757320821
C_PIECECOORDINATION:0.4400529300361865
C_ROOKANDPAWNMOVEMENT:0.4400529300361865
C_CENTERCONTROL:0.4829924093979877
C_DEVELOPPIECES:0.5122553443173469
C_MATERIAL:0.393807849437481
C_MOVECOUNT:0.5
