ELO:1000
CE_PASSEDPAWNS:0.5397307120125815
CE_PAWNWEAKNESSES:0.5733516585659738
CE_PIECEACTIVITY:0.4953591704947944
CE_KINGPAWNSHIELD:0.49639397675214103
CE_PIECECOORDINATION:0.5499160200454818
CE_MATERIAL:0.5069162739596688
CE_KINGSAFETY:0.4964435761794197
C_PIECESQUARETABLES:0.49368820459608087
C_MOBILITY:0.5121593629861179
C_KINGSAFETY:0.47663303188437883
C_PAWNSTRUCTURE:0.47229996450026107
C_PIECECOORDINATION:0.5199158360607814
C_ROOK:0.4859206867668594
CE_ROOK:0.5012845543153739
C_CENTERCONTROL:0.49245691537451314
C_DEVELOPPIECES:0.4787131896974093
C_MATERIAL:0.4729854002651254
C_MOVECOUNT:0.4691021676539432
C_PAWNMOVEMENT:0.5052561358650177
