ELO:1000
CE_PASSEDPAWNS:0.47355209474171533
CE_PAWNWEAKNESSES:0.4940120839601896
CE_PIECEACTIVITY:0.5157403239242133
CE_KINGPAWNSHIELD:0.492077564473396
CE_PIECECOORDINATION:0.4835271732007172
CE_MATERIAL:0.4862153719178931
CE_KINGSAFETY:0.5265101434251097
C_PIECESQUARETABLES:0.4843794875737083
C_MOBILITY:0.48181689901726715
C_KINGSAFETY:0.49754390930864834
C_PAWNSTRUCTURE:0.5111062573762946
C_PIECECOORDINATION:0.5266753426932101
C_ROOKANDPAWNMOVEMENT:0.5266753426932101
C_CENTERCONTROL:0.4770422836374364
C_DEVELOPPIECES:0.5106973089022117
C_MATERIAL:0.4889189858652765
