ELO:991
CE_PASSEDPAWNS:0.5069284330901939
CE_PAWNWEAKNESSES:0.5087839233994805
CE_PIECEACTIVITY:0.5098536347405465
CE_KINGPAWNSHIELD:0.4962981987219432
CE_PIECECOORDINATION:0.5166967244497966
CE_MATERIAL:0.5194571097254198
CE_KINGSAFETY:0.49929930102593295
C_PIECESQUARETABLES:0.4944377343016055
C_MOBILITY:0.5087842054106286
C_KINGSAFETY:0.4978097648109835
C_PAWNSTRUCTURE:0.5123750639498071
C_PIECECOORDINATION:0.4966114004281286
C_ROOKANDPAWNMOVEMENT:0.4966114004281286
C_CENTERCONTROL:0.5064753976503042
C_DEVELOPPIECES:0.49389017604568236
C_MATERIAL:0.5106534497194404
C_MOVECOUNT:0.5
