ELO:989
CE_PASSEDPAWNS:0.49983305858076743
CE_PAWNWEAKNESSES:0.5213037498657005
CE_PIECEACTIVITY:0.4953626926644498
CE_KINGPAWNSHIELD:0.509674270312367
CE_PIECECOORDINATION:0.5
CE_MATERIAL:0.495006342332003
CE_KINGSAFETY:0.4894242613065026
C_PIECESQUARETABLES:0.5
C_MOBILITY:0.48495852144231066
C_KINGSAFETY:0.5
C_PAWNSTRUCTURE:0.5
C_PIECECOORDINATION:0.46872094901938427
C_ROOKANDPAWNMOVEMENT:0.46872094901938427
C_CENTERCONTROL:0.5
C_DEVELOPPIECES:0.49389017604568236
C_MATERIAL:0.5106534497194404
C_MOVECOUNT:0.5
