ELO:991
CE_PASSEDPAWNS:0.5277288571395565
CE_PAWNWEAKNESSES:0.4654909473869408
CE_PIECEACTIVITY:0.5256534381721791
CE_KINGPAWNSHIELD:0.5511241682168627
CE_PIECECOORDINATION:0.49152965548763855
CE_MATERIAL:0.4694181679613265
CE_KINGSAFETY:0.49398808070601147
C_PIECESQUARETABLES:0.49418515116647993
C_MOBILITY:0.5747519515085369
C_KINGSAFETY:0.5250912115677565
C_PAWNSTRUCTURE:0.460923113112101
C_PIECECOORDINATION:0.4986838749321523
C_ROOKANDPAWNMOVEMENT:0.4986838749321523
C_CENTERCONTROL:0.4359733545865343
C_DEVELOPPIECES:0.4342435524098856
C_MATERIAL:0.6234991122067586
