ELO:806
CE_PASSEDPAWNS:0.43379350194753413
CE_PAWNWEAKNESSES:0.5089428300397193
CE_PIECEACTIVITY:0.4643558962758163
CE_KINGPAWNSHIELD:0.5241786144270814
CE_PIECECOORDINATION:0.5226515486228722
CE_MATERIAL:0.40045269306281006
CE_KINGSAFETY:0.4725895028591812
C_PIECESQUARETABLES:0.506291877503299
C_MOBILITY:0.42165515567713846
C_KINGSAFETY:0.509522250848825
C_PAWNSTRUCTURE:0.5312467213322499
C_PIECECOORDINATION:0.4319104811946819
C_ROOKANDPAWNMOVEMENT:0.4319104811946819
C_CENTERCONTROL:0.5489128410437579
C_DEVELOPPIECES:0.5861852744071311
C_MATERIAL:0.44463475217094
C_MOVECOUNT:0.5
