ELO:985
CE_PASSEDPAWNS:0.4917034601242632
CE_PAWNWEAKNESSES:0.5281142820514195
CE_PIECEACTIVITY:0.5161602145676736
CE_KINGPAWNSHIELD:0.5003487467087145
CE_PIECECOORDINATION:0.49242938986973445
CE_MATERIAL:0.5043907298459133
CE_KINGSAFETY:0.5
C_PIECESQUARETABLES:0.5078460741132146
C_MOBILITY:0.5033340656756519
C_KINGSAFETY:0.49291407194175363
C_PAWNSTRUCTURE:0.49635851506154993
C_PIECECOORDINATION:0.5149070644393745
C_ROOKANDPAWNMOVEMENT:0.5149070644393745
C_CENTERCONTROL:0.4801705798215132
C_DEVELOPPIECES:0.4931079809490762
C_MATERIAL:0.4981618294804699
C_MOVECOUNT:0.5
