ELO:840
CE_PASSEDPAWNS:0.530756551423882
CE_PAWNWEAKNESSES:0.5295818657739618
CE_PIECEACTIVITY:0.5048088607571062
CE_KINGPAWNSHIELD:0.4378328603157937
CE_PIECECOORDINATION:0.5184774479017685
CE_MATERIAL:0.48654270120900994
CE_KINGSAFETY:0.5009025542441455
C_PIECESQUARETABLES:0.5136777848676245
C_MOBILITY:0.47499308753052766
C_KINGSAFETY:0.4891117674844212
C_PAWNSTRUCTURE:0.5270818190020001
C_PIECECOORDINATION:0.5502269118444288
C_ROOKANDPAWNMOVEMENT:0.5502269118444288
C_CENTERCONTROL:0.518194429932998
C_DEVELOPPIECES:0.5015385965877327
C_MATERIAL:0.4822620059895174
C_MOVECOUNT:0.48603908555397757
