ELO:1019
CE_PASSEDPAWNS:0.49598991381368607
CE_PAWNWEAKNESSES:0.5084469879361767
CE_PIECEACTIVITY:0.4835177150413488
CE_KINGPAWNSHIELD:0.5021079331660243
CE_PIECECOORDINATION:0.4757698503835782
CE_MATERIAL:0.4776127516420921
CE_KINGSAFETY:0.5
C_PIECESQUARETABLES:0.5
C_MOBILITY:0.5031991615199891
C_KINGSAFETY:0.48714040140314
C_PAWNSTRUCTURE:0.5106284758967331
C_PIECECOORDINATION:0.5107036488164808
C_ROOK:0.49325758640076234
CE_ROOK:0.5157836039624435
C_CENTERCONTROL:0.5149045760519924
C_DEVELOPPIECES:0.5008856568564404
C_MATERIAL:0.5040951526397477
C_MOVECOUNT:0.5163438956197166
C_PAWNMOVEMENT:0.5082850606674615
