ELO:1059
CE_PASSEDPAWNS:0.4980132739315103
CE_PAWNWEAKNESSES:0.4765716117604979
CE_PIECEACTIVITY:0.5027966210675653
CE_KINGPAWNSHIELD:0.49537115973779433
CE_PIECECOORDINATION:0.4892023209274575
CE_MATERIAL:0.4704369072790327
CE_KINGSAFETY:0.5109307672413346
C_PIECESQUARETABLES:0.4844530743232977
C_MOBILITY:0.49293119841657435
C_KINGSAFETY:0.5
C_PAWNSTRUCTURE:0.5157973747084403
C_PIECECOORDINATION:0.5039579354997431
C_ROOKANDPAWNMOVEMENT:0.5039579354997431
C_CENTERCONTROL:0.4984967620330958
C_DEVELOPPIECES:0.5041466958906371
C_MATERIAL:0.5
C_MOVECOUNT:0.5
