ELO:1000
CE_PASSEDPAWNS:0.4408474638650706
CE_PAWNWEAKNESSES:0.49669814418696406
CE_PIECEACTIVITY:0.5056470030082973
CE_KINGPAWNSHIELD:0.4852467988506932
CE_PIECECOORDINATION:0.4928752057039845
CE_MATERIAL:0.46761254256347207
CE_KINGSAFETY:0.534383160347007
C_PIECESQUARETABLES:0.5077843000041989
C_MOBILITY:0.5483477048683714
C_KINGSAFETY:0.5075304531685013
C_PAWNSTRUCTURE:0.484283342698963
C_PIECECOORDINATION:0.5711407742519036
C_ROOKANDPAWNMOVEMENT:0.5711407742519036
C_CENTERCONTROL:0.5279055195698477
C_DEVELOPPIECES:0.49406822412820595
C_MATERIAL:0.5146286517382015
