ELO:920
CE_PASSEDPAWNS:0.48549516692522277
CE_PAWNWEAKNESSES:0.49823248572903567
CE_PIECEACTIVITY:0.49785639964118095
CE_KINGPAWNSHIELD:0.5572577577230838
CE_PIECECOORDINATION:0.5258224396173218
CE_MATERIAL:0.4800842479294175
CE_KINGSAFETY:0.5510309050887522
C_PIECESQUARETABLES:0.5069684546375114
C_MOBILITY:0.4286521411142356
C_KINGSAFETY:0.49135955456185443
C_PAWNSTRUCTURE:0.5433786299961322
C_PIECECOORDINATION:0.5131890247621108
C_ROOKANDPAWNMOVEMENT:0.5131890247621108
C_CENTERCONTROL:0.45069792421177135
C_DEVELOPPIECES:0.4931124800397723
C_MATERIAL:0.5195111251960022
C_MOVECOUNT:0.5
