ELO:935
CE_PASSEDPAWNS:0.4833497270303365
CE_PAWNWEAKNESSES:0.46922644960805115
CE_PIECEACTIVITY:0.4644539359530503
CE_KINGPAWNSHIELD:0.5441539263252937
CE_PIECECOORDINATION:0.5918493598446952
CE_MATERIAL:0.4556366543463687
CE_KINGSAFETY:0.4893302206471719
C_PIECESQUARETABLES:0.5313519170920175
C_MOBILITY:0.44317061509791333
C_KINGSAFETY:0.5182681909913717
C_PAWNSTRUCTURE:0.44146260641482826
C_PIECECOORDINATION:0.5183232597516919
C_ROOKANDPAWNMOVEMENT:0.5183232597516919
C_CENTERCONTROL:0.45045470029646295
C_DEVELOPPIECES:0.4195844574040543
C_MATERIAL:0.6001023552997148
