ELO:1024
CE_PASSEDPAWNS:0.5153536632303981
CE_PAWNWEAKNESSES:0.496588877999453
CE_PIECEACTIVITY:0.519960311195118
CE_KINGPAWNSHIELD:0.4964531628214755
CE_PIECECOORDINATION:0.5011531259270434
CE_MATERIAL:0.4601927303435637
CE_KINGSAFETY:0.49725323176049546
C_PIECESQUARETABLES:0.5
C_MOBILITY:0.5196014688676064
C_KINGSAFETY:0.506138189221005
C_PAWNSTRUCTURE:0.4689028877151837
C_PIECECOORDINATION:0.5
C_ROOKANDPAWNMOVEMENT:0.5
C_CENTERCONTROL:0.5212149918148785
C_DEVELOPPIECES:0.5
C_MATERIAL:0.4919372137843
