ELO:910
CE_PASSEDPAWNS:0.5587431601922842
CE_PAWNWEAKNESSES:0.4879960154535524
CE_PIECEACTIVITY:0.4405463101868171
CE_KINGPAWNSHIELD:0.45490565325476184
CE_PIECECOORDINATION:0.4405701172348216
CE_MATERIAL:0.4461364046140508
CE_KINGSAFETY:0.5
C_PIECESQUARETABLES:0.4971239203399672
C_MOBILITY:0.44866454194579347
C_KINGSAFETY:0.5788142502522676
C_PAWNSTRUCTURE:0.5134743636978706
C_PIECECOORDINATION:0.4770778068728393
C_ROOKANDPAWNMOVEMENT:0.4770778068728393
C_CENTERCONTROL:0.4556543787375842
C_DEVELOPPIECES:0.4207642917804051
C_MATERIAL:0.44147091652094195
