ELO:877
CE_PASSEDPAWNS:0.5016032853665263
CE_PAWNWEAKNESSES:0.49645283891470204
CE_PIECEACTIVITY:0.5890159438470399
CE_KINGPAWNSHIELD:0.5054171807663115
CE_PIECECOORDINATION:0.5363326141996514
CE_MATERIAL:0.4182163487359371
CE_KINGSAFETY:0.5
C_PIECESQUARETABLES:0.5151801130953495
C_MOBILITY:0.4631356458406863
C_KINGSAFETY:0.44320206191494826
C_PAWNSTRUCTURE:0.4773375304158387
C_PIECECOORDINATION:0.4704169963894783
C_ROOKANDPAWNMOVEMENT:0.4704169963894783
C_CENTERCONTROL:0.4500606422460716
C_DEVELOPPIECES:0.49738632902822033
C_MATERIAL:0.47938092531486637
C_MOVECOUNT:0.5
