ELO:964
CE_PASSEDPAWNS:0.5023873624880882
CE_PAWNWEAKNESSES:0.49980589606097403
CE_PIECEACTIVITY:0.48170807453660486
CE_KINGPAWNSHIELD:0.48984493520793837
CE_PIECECOORDINATION:0.5076388842792124
CE_MATERIAL:0.4646074633260434
CE_KINGSAFETY:0.5
C_PIECESQUARETABLES:0.5
C_MOBILITY:0.49507707390862454
C_KINGSAFETY:0.49076059037697933
C_PAWNSTRUCTURE:0.5311831767483355
C_PIECECOORDINATION:0.5214992159631375
C_ROOK:0.4649928650855013
CE_ROOK:0.5112036300348647
C_CENTERCONTROL:0.5167751985911437
C_DEVELOPPIECES:0.47200237553300906
C_MATERIAL:0.49870141964144243
C_MOVECOUNT:0.5120435408646398
C_PAWNMOVEMENT:0.48879222331845207
