ELO:986
CE_PASSEDPAWNS:0.5045636313060854
CE_PAWNWEAKNESSES:0.5
CE_PIECEACTIVITY:0.5142838409704542
CE_KINGPAWNSHIELD:0.5016335245954233
CE_PIECECOORDINATION:0.5208492339572285
CE_MATERIAL:0.4920834291717563
CE_KINGSAFETY:0.5
C_PIECESQUARETABLES:0.5072604223013081
C_MOBILITY:0.49772469066987696
C_KINGSAFETY:0.5
C_PAWNSTRUCTURE:0.4746372266972844
C_PIECECOORDINATION:0.5431709459123982
C_ROOKANDPAWNMOVEMENT:0.5431709459123982
C_CENTERCONTROL:0.5024556004788695
C_DEVELOPPIECES:0.4975908912204784
C_MATERIAL:0.4800006666357916
C_MOVECOUNT:0.5
