ELO:1000
CE_PASSEDPAWNS:0.47688821969672374
CE_PAWNWEAKNESSES:0.4814512410383901
CE_PIECEACTIVITY:0.45937348156178465
CE_KINGPAWNSHIELD:0.5150099046839417
CE_PIECECOORDINATION:0.5815838440760771
CE_MATERIAL:0.4948492452064304
CE_KINGSAFETY:0.498347248963482
C_PIECESQUARETABLES:0.4942611489733529
C_MOBILITY:0.4907001669092671
C_KINGSAFETY:0.47550913737633016
C_PAWNSTRUCTURE:0.4876519483396577
C_PIECECOORDINATION:0.5214719409379593
C_ROOKANDPAWNMOVEMENT:0.5214719409379593
C_CENTERCONTROL:0.46895724403765615
C_DEVELOPPIECES:0.5089440597413933
C_MATERIAL:0.4833501881214347
