ELO:991
CE_PASSEDPAWNS:0.5277288571395565
CE_PAWNWEAKNESSES:0.47567368824634026
CE_PIECEACTIVITY:0.5101834539548609
CE_KINGPAWNSHIELD:0.5511241682168627
CE_PIECECOORDINATION:0.4846973356516632
CE_MATERIAL:0.4694181679613265
CE_KINGSAFETY:0.5105257653378226
C_PIECESQUARETABLES:0.5
C_MOBILITY:0.5747519515085369
C_KINGSAFETY:0.5250912115677565
C_PAWNSTRUCTURE:0.45642286641892965
C_PIECECOORDINATION:0.4986838749321523
C_ROOKANDPAWNMOVEMENT:0.4986838749321523
C_CENTERCONTROL:0.4359733545865343
C_DEVELOPPIECES:0.4354212939766876
C_MATERIAL:0.6247890687256842
