ELO:946
CE_PASSEDPAWNS:0.524060136732343
CE_PAWNWEAKNESSES:0.5080051166142259
CE_PIECEACTIVITY:0.5157772445843123
CE_KINGPAWNSHIELD:0.5571464833890092
CE_PIECECOORDINATION:0.4699915658429303
CE_MATERIAL:0.39349901647759494
CE_KINGSAFETY:0.5105441783271321
C_PIECESQUARETABLES:0.5222877209147729
C_MOBILITY:0.46106788333886345
C_KINGSAFETY:0.40085611498099905
C_PAWNSTRUCTURE:0.4422445058563456
C_PIECECOORDINATION:0.5034967214175358
C_ROOKANDPAWNMOVEMENT:0.5034967214175358
C_CENTERCONTROL:0.4697799197478569
C_DEVELOPPIECES:0.5903216132926147
C_MATERIAL:0.4594559355244543
