ELO:999
CE_PASSEDPAWNS:0.5019379061059126
CE_PAWNWEAKNESSES:0.5131400704388956
CE_PIECEACTIVITY:0.5048318514440091
CE_KINGPAWNSHIELD:0.520869163397991
CE_PIECECOORDINATION:0.4687345920328115
CE_MATERIAL:0.5203718755994604
CE_KINGSAFETY:0.5
C_PIECESQUARETABLES:0.5
C_MOBILITY:0.48720210075160986
C_KINGSAFETY:0.4802234662474188
C_PAWNSTRUCTURE:0.5131616961828588
C_PIECECOORDINATION:0.5256317355684392
C_ROOK:0.4967964930311033
CE_ROOK:0.5429856062923581
C_CENTERCONTROL:0.5043067833774971
C_DEVELOPPIECES:0.5008670740254423
C_MATERIAL:0.48309096684905645
C_MOVECOUNT:0.4939827515543085
C_PAWNMOVEMENT:0.4979153639216027
