ELO:1000
CE_PASSEDPAWNS:0.5112675001672563
CE_PAWNWEAKNESSES:0.5665553361492557
CE_PIECEACTIVITY:0.5142992064863109
CE_KINGPAWNSHIELD:0.5638031124454764
CE_PIECECOORDINATION:0.459725508713644
CE_MATERIAL:0.49080545816276566
CE_KINGSAFETY:0.5167810779272478
C_PIECESQUARETABLES:0.5147397906668597
C_MOBILITY:0.4326354825877354
C_KINGSAFETY:0.4710594176344505
C_PAWNSTRUCTURE:0.47509758997366835
C_PIECECOORDINATION:0.5229723643549288
C_ROOKANDPAWNMOVEMENT:0.5229723643549288
C_CENTERCONTROL:0.47430295343766016
C_DEVELOPPIECES:0.5360512493924219
C_MATERIAL:0.5162936640918158
