ELO:908
CE_PASSEDPAWNS:0.41933674735673293
CE_PAWNWEAKNESSES:0.4081152655346164
CE_PIECEACTIVITY:0.4922835624922378
CE_KINGPAWNSHIELD:0.4884029535460977
CE_PIECECOORDINATION:0.47823124796233923
CE_MATERIAL:0.7030264977423706
CE_KINGSAFETY:0.4829444179904283
C_PIECESQUARETABLES:0.5045342766411468
C_MOBILITY:0.5390030130138949
C_KINGSAFETY:0.5992035247680125
C_PAWNSTRUCTURE:0.506273099953694
C_PIECECOORDINATION:0.4956272287206431
C_ROOKANDPAWNMOVEMENT:0.4956272287206431
C_CENTERCONTROL:0.556517670359193
C_DEVELOPPIECES:0.4497800516238798
C_MATERIAL:0.4960442709469121
