ELO:996
CE_PASSEDPAWNS:0.5033855412593625
CE_PAWNWEAKNESSES:0.49685107914741033
CE_PIECEACTIVITY:0.5194075984006999
CE_KINGPAWNSHIELD:0.5
CE_PIECECOORDINATION:0.45180619860940757
CE_MATERIAL:0.4856450059024325
CE_KINGSAFETY:0.5101307230613669
C_PIECESQUARETABLES:0.5156714667339864
C_MOBILITY:0.4862225144698323
C_KINGSAFETY:0.5174301341854285
C_PAWNSTRUCTURE:0.5058567063738698
C_PIECECOORDINATION:0.49248444225268145
C_ROOKANDPAWNMOVEMENT:0.49248444225268145
C_CENTERCONTROL:0.5047990068923602
C_DEVELOPPIECES:0.5273153480590492
C_MATERIAL:0.5051719347800802
C_MOVECOUNT:0.5
