ELO:954
CE_PASSEDPAWNS:0.5203127312656459
CE_PAWNWEAKNESSES:0.5025584644987862
CE_PIECEACTIVITY:0.4802111592029501
CE_KINGPAWNSHIELD:0.48678876135151344
CE_PIECECOORDINATION:0.5026234285496076
CE_MATERIAL:0.4812652041807546
CE_KINGSAFETY:0.5
C_PIECESQUARETABLES:0.496149903165872
C_MOBILITY:0.4907623829239796
C_KINGSAFETY:0.5163236894660448
C_PAWNSTRUCTURE:0.478006923220256
C_PIECECOORDINATION:0.44574432214123816
C_ROOK:0.48292597513525076
CE_ROOK:0.5006777872530345
C_CENTERCONTROL:0.4854460615012467
C_DEVELOPPIECES:0.5016040965771859
C_MATERIAL:0.4827310503284717
C_MOVECOUNT:0.509012146263897
C_PAWNMOVEMENT:0.5634718525380269
