ELO:1000
CE_PASSEDPAWNS:0.5402703802226267
CE_PAWNWEAKNESSES:0.5304457346069739
CE_PIECEACTIVITY:0.5325147910971613
CE_KINGPAWNSHIELD:0.5187231179286622
CE_PIECECOORDINATION:0.4552754166729854
CE_MATERIAL:0.44140606363202417
CE_KINGSAFETY:0.5376205902539295
C_PIECESQUARETABLES:0.49379902193607006
C_MOBILITY:0.423636279793837
C_KINGSAFETY:0.4259620678677687
C_PAWNSTRUCTURE:0.4918323549036759
C_PIECECOORDINATION:0.4921573023095296
C_ROOKANDPAWNMOVEMENT:0.4921573023095296
C_CENTERCONTROL:0.49703518900021115
C_DEVELOPPIECES:0.5514179605189365
C_MATERIAL:0.4652477285555614
