ELO:952
CE_PASSEDPAWNS:0.5225226227847068
CE_PAWNWEAKNESSES:0.4899278939745733
CE_PIECEACTIVITY:0.49353935596948456
CE_KINGPAWNSHIELD:0.5062572866036095
CE_PIECECOORDINATION:0.4880561620559961
CE_MATERIAL:0.48132559811994047
CE_KINGSAFETY:0.5
C_PIECESQUARETABLES:0.49609387709558234
C_MOBILITY:0.45566985633946616
C_KINGSAFETY:0.4920079274796389
C_PAWNSTRUCTURE:0.5253235264516443
C_PIECECOORDINATION:0.537589234229332
C_ROOK:0.4768366127125379
CE_ROOK:0.5290016133346894
C_CENTERCONTROL:0.5691701714942707
C_DEVELOPPIECES:0.4785176141751315
C_MATERIAL:0.5169307284496143
C_MOVECOUNT:0.5134548048852718
C_PAWNMOVEMENT:0.5211486333545423
