ELO:979
CE_PASSEDPAWNS:0.5598320383824654
CE_PAWNWEAKNESSES:0.5121156175321695
CE_PIECEACTIVITY:0.5326462508010243
CE_KINGPAWNSHIELD:0.5255248654015273
CE_PIECECOORDINATION:0.45194116174803156
CE_MATERIAL:0.424252405774837
CE_KINGSAFETY:0.5734584557042912
C_PIECESQUARETABLES:0.49763226135874855
C_MOBILITY:0.4432850836776486
C_KINGSAFETY:0.39072161260030674
C_PAWNSTRUCTURE:0.4168679201255196
C_PIECECOORDINATION:0.5237871411057853
C_ROOKANDPAWNMOVEMENT:0.5237871411057853
C_CENTERCONTROL:0.4755211398526542
C_DEVELOPPIECES:0.5663522908675807
C_MATERIAL:0.44994250088724524
