ELO:926
CE_PASSEDPAWNS:0.4484838470392446
CE_PAWNWEAKNESSES:0.48162922533671615
CE_PIECEACTIVITY:0.4139506744904107
CE_KINGPAWNSHIELD:0.4510119805484
CE_PIECECOORDINATION:0.5007984709447455
CE_MATERIAL:0.44778158808546714
CE_KINGSAFETY:0.45197997449916066
C_PIECESQUARETABLES:0.5015136313113917
C_MOBILITY:0.5400907317166831
C_KINGSAFETY:0.5442621006722999
C_PAWNSTRUCTURE:0.4999906190745223
C_PIECECOORDINATION:0.4804349896851929
C_ROOKANDPAWNMOVEMENT:0.4804349896851929
C_CENTERCONTROL:0.4971560741234533
C_DEVELOPPIECES:0.5147834848113448
C_MATERIAL:0.432936592207536
