ELO:929
CE_PASSEDPAWNS:0.5553930457903129
CE_PAWNWEAKNESSES:0.533502312144005
CE_PIECEACTIVITY:0.48551456969060436
CE_KINGPAWNSHIELD:0.5528831967654184
CE_PIECECOORDINATION:0.5217710869251194
CE_MATERIAL:0.40582487973059683
CE_KINGSAFETY:0.46923478706479044
C_PIECESQUARETABLES:0.4397293923122193
C_MOBILITY:0.5069708208530458
C_KINGSAFETY:0.36001733022462934
C_PAWNSTRUCTURE:0.46998878987790227
C_PIECECOORDINATION:0.44495414112068443
C_ROOKANDPAWNMOVEMENT:0.44495414112068443
C_CENTERCONTROL:0.45895354819958595
C_DEVELOPPIECES:0.558964142234211
C_MATERIAL:0.4343937380618296
