ELO:974
CE_PASSEDPAWNS:0.47198440453607754
CE_PAWNWEAKNESSES:0.5097620760946445
CE_PIECEACTIVITY:0.5059044144843033
CE_KINGPAWNSHIELD:0.46494469660027726
CE_PIECECOORDINATION:0.5263031917502097
CE_MATERIAL:0.44969303674513567
CE_KINGSAFETY:0.4747655630533437
C_PIECESQUARETABLES:0.491196003228238
C_MOBILITY:0.5041165541852138
C_KINGSAFETY:0.5070249263959133
C_PAWNSTRUCTURE:0.4917469714751111
C_PIECECOORDINATION:0.5044283094285056
C_ROOK:0.49514843301086137
CE_ROOK:0.5065533373147051
C_CENTERCONTROL:0.4831970148782364
C_DEVELOPPIECES:0.5114122477393036
C_MATERIAL:0.522036029032152
C_MOVECOUNT:0.5066973682355097
C_PAWNMOVEMENT:0.5098938875573965
