ELO:1012
CE_PASSEDPAWNS:0.5268481601649314
CE_PAWNWEAKNESSES:0.49127071991486265
CE_PIECEACTIVITY:0.5059044144843033
CE_KINGPAWNSHIELD:0.46494469660027726
CE_PIECECOORDINATION:0.5263031917502097
CE_MATERIAL:0.4952332694911835
CE_KINGSAFETY:0.5
C_PIECESQUARETABLES:0.5
C_MOBILITY:0.4934559673954489
C_KINGSAFETY:0.5070249263959133
C_PAWNSTRUCTURE:0.5257721983851996
C_PIECECOORDINATION:0.5147520835346416
C_ROOK:0.4651365318984273
CE_ROOK:0.5065533373147051
C_CENTERCONTROL:0.48797376112897084
C_DEVELOPPIECES:0.5010084878437914
C_MATERIAL:0.48309096684905645
C_MOVECOUNT:0.5013699718586283
C_PAWNMOVEMENT:0.5051477017579477
