ELO:1000
CE_PASSEDPAWNS:0.4581078720261282
CE_PAWNWEAKNESSES:0.5036154250019401
CE_PIECEACTIVITY:0.4523909673303933
CE_KINGPAWNSHIELD:0.5006903128774983
CE_PIECECOORDINATION:0.4386135631427897
CE_MATERIAL:0.4967444265754538
CE_KINGSAFETY:0.5179201894038132
C_PIECESQUARETABLES:0.5818297340553128
C_MOBILITY:0.48705250697366276
C_KINGSAFETY:0.5486877791454295
C_PAWNSTRUCTURE:0.5029998179703815
C_PIECECOORDINATION:0.485559491294055
C_ROOKANDPAWNMOVEMENT:0.485559491294055
C_CENTERCONTROL:0.5591473106829518
C_DEVELOPPIECES:0.48881875405517744
C_MATERIAL:0.45786625784093515
