ELO:999
CE_PASSEDPAWNS:0.5
CE_PAWNWEAKNESSES:0.4964156846623907
CE_PIECEACTIVITY:0.47995771177613583
CE_KINGPAWNSHIELD:0.4962450686509215
CE_PIECECOORDINATION:0.5268410565369389
CE_MATERIAL:0.5013124529670256
CE_KINGSAFETY:0.4870943111619616
C_PIECESQUARETABLES:0.502959887201769
C_MOBILITY:0.5111162090278827
C_KINGSAFETY:0.5
C_PAWNSTRUCTURE:0.4994258757802158
C_PIECECOORDINATION:0.4914466165183196
C_ROOKANDPAWNMOVEMENT:0.4914466165183196
C_CENTERCONTROL:0.5096546619997498
C_DEVELOPPIECES:0.49587658703834897
C_MATERIAL:0.5
