ELO:986
CE_PASSEDPAWNS:0.47428961058948177
CE_PAWNWEAKNESSES:0.5073783996455112
CE_PIECEACTIVITY:0.5011412424490588
CE_KINGPAWNSHIELD:0.4863375406543566
CE_PIECECOORDINATION:0.5114344105562015
CE_MATERIAL:0.5072523748275584
CE_KINGSAFETY:0.5
C_PIECESQUARETABLES:0.5
C_MOBILITY:0.5491744198532802
C_KINGSAFETY:0.48760421906319956
C_PAWNSTRUCTURE:0.49547049034523644
C_PIECECOORDINATION:0.48149893100913777
C_ROOK:0.46687634147408036
CE_ROOK:0.5134895539361527
C_CENTERCONTROL:0.4840961186480024
C_DEVELOPPIECES:0.4961452687840419
C_MATERIAL:0.5142731199693436
C_MOVECOUNT:0.525297700067282
C_PAWNMOVEMENT:0.5008857778906792
