ELO:1008
CE_PASSEDPAWNS:0.49287951532188656
CE_PAWNWEAKNESSES:0.5024684218683422
CE_PIECEACTIVITY:0.4906019486981697
CE_KINGPAWNSHIELD:0.47549954604323297
CE_PIECECOORDINATION:0.508964793825685
CE_MATERIAL:0.4956855135056638
CE_KINGSAFETY:0.5
C_PIECESQUARETABLES:0.5
C_MOBILITY:0.4998930989233101
C_KINGSAFETY:0.49574419396020497
C_PAWNSTRUCTURE:0.48856699834121636
C_PIECECOORDINATION:0.5124443399767791
C_ROOK:0.4952948093751176
CE_ROOK:0.4929731582473472
C_CENTERCONTROL:0.5044795965366173
C_DEVELOPPIECES:0.5114122477393036
C_MATERIAL:0.48613876838746
C_MOVECOUNT:0.4898257745510507
C_PAWNMOVEMENT:0.5082850606674615
