ELO:825
CE_PASSEDPAWNS:0.4439399607316382
CE_PAWNWEAKNESSES:0.540654127938316
CE_PIECEACTIVITY:0.5536889979607807
CE_KINGPAWNSHIELD:0.5546755514461925
CE_PIECECOORDINATION:0.529480428438409
CE_MATERIAL:0.5350910473738433
CE_KINGSAFETY:0.47111390130280606
C_PIECESQUARETABLES:0.5050216843915664
C_MOBILITY:0.5964971646497083
C_KINGSAFETY:0.4673581358676356
C_PAWNSTRUCTURE:0.4541331811089292
C_PIECECOORDINATION:0.4634547001702282
C_ROOKANDPAWNMOVEMENT:0.4634547001702282
C_CENTERCONTROL:0.47786946450853196
C_DEVELOPPIECES:0.5814035807528067
C_MATERIAL:0.478828962441699
C_MOVECOUNT:0.43229236715514874
