ELO:699
CE_PASSEDPAWNS:0.5322589471381286
CE_PAWNWEAKNESSES:0.544564350333979
CE_PIECEACTIVITY:0.5281951145273126
CE_KINGPAWNSHIELD:0.4856921214604655
CE_PIECECOORDINATION:0.5252717638084672
CE_MATERIAL:0.5521133452246163
CE_KINGSAFETY:0.47999633952468984
C_PIECESQUARETABLES:0.4864133837088686
C_MOBILITY:0.4489179667767822
C_KINGSAFETY:0.47160442490524135
C_PAWNSTRUCTURE:0.5522255859340301
C_PIECECOORDINATION:0.5386584015089637
C_ROOKANDPAWNMOVEMENT:0.5386584015089637
C_CENTERCONTROL:0.645735654822947
C_DEVELOPPIECES:0.4045207248813228
C_MATERIAL:0.5556162537989687
C_MOVECOUNT:0.546654596461395
