ELO:909
CE_PASSEDPAWNS:0.45904077243641483
CE_PAWNWEAKNESSES:0.5094069409598873
CE_PIECEACTIVITY:0.38230425288422865
CE_KINGPAWNSHIELD:0.47836605924528364
CE_PIECECOORDINATION:0.46695657071945623
CE_MATERIAL:0.4536583317801316
CE_KINGSAFETY:0.4317514304596866
C_PIECESQUARETABLES:0.5162430028942594
C_MOBILITY:0.5456521669511091
C_KINGSAFETY:0.5314280545865951
C_PAWNSTRUCTURE:0.5084497154911675
C_PIECECOORDINATION:0.5101182153616323
C_ROOKANDPAWNMOVEMENT:0.5101182153616323
C_CENTERCONTROL:0.48847014118217746
C_DEVELOPPIECES:0.4784369826476133
C_MATERIAL:0.42853319653664446
