ELO:957
CE_PASSEDPAWNS:0.4923041310926285
CE_PAWNWEAKNESSES:0.5050151481552256
CE_PIECEACTIVITY:0.5034850321605104
CE_KINGPAWNSHIELD:0.49713917865850915
CE_PIECECOORDINATION:0.516735929052441
CE_MATERIAL:0.5234061444245186
CE_KINGSAFETY:0.5158855066237343
C_PIECESQUARETABLES:0.4955084387889664
C_MOBILITY:0.5037775990094804
C_KINGSAFETY:0.49104080362926733
C_PAWNSTRUCTURE:0.48322235125451696
C_PIECECOORDINATION:0.5077186920330135
C_ROOKANDPAWNMOVEMENT:0.5077186920330135
C_CENTERCONTROL:0.4905512798824218
C_DEVELOPPIECES:0.5063146910594342
C_MATERIAL:0.5191440892299988
C_MOVECOUNT:0.5
