ELO:1000
CE_PASSEDPAWNS:0.4806321123072518
CE_PAWNWEAKNESSES:0.5023511550261058
CE_PIECEACTIVITY:0.4639432800093642
CE_KINGPAWNSHIELD:0.4908799365498893
CE_PIECECOORDINATION:0.47547819330697527
CE_MATERIAL:0.4883304619643807
CE_KINGSAFETY:0.5120900456007254
C_PIECESQUARETABLES:0.5223636022681645
C_MOBILITY:0.5042111202454912
C_KINGSAFETY:0.5457426133126654
C_PAWNSTRUCTURE:0.5188703169866133
C_PIECECOORDINATION:0.512177472066525
C_ROOKANDPAWNMOVEMENT:0.512177472066525
C_CENTERCONTROL:0.5560211482481884
C_DEVELOPPIECES:0.5225356931170098
C_MATERIAL:0.4803956053456604
