ELO:951
CE_PASSEDPAWNS:0.5666578427581925
CE_PAWNWEAKNESSES:0.4913261512907479
CE_PIECEACTIVITY:0.551178997514489
CE_KINGPAWNSHIELD:0.5334789557470684
CE_PIECECOORDINATION:0.477689685179674
CE_MATERIAL:0.3960232953566117
CE_KINGSAFETY:0.5
C_PIECESQUARETABLES:0.49295655684121337
C_MOBILITY:0.476975743452654
C_KINGSAFETY:0.39398162148423166
C_PAWNSTRUCTURE:0.42667300833399735
C_PIECECOORDINATION:0.5158258614826874
C_ROOKANDPAWNMOVEMENT:0.5158258614826874
C_CENTERCONTROL:0.44000989232696264
C_DEVELOPPIECES:0.608030449208281
C_MATERIAL:0.4437048322306245
