ELO:1000
CE_PASSEDPAWNS:0.477914372665314
CE_PAWNWEAKNESSES:0.4927110173674195
CE_PIECEACTIVITY:0.4771899130492469
CE_KINGPAWNSHIELD:0.49977728478259026
CE_PIECECOORDINATION:0.4798339933667196
CE_MATERIAL:0.49697290000963384
CE_KINGSAFETY:0.5145705571953048
C_PIECESQUARETABLES:0.5281925818685453
C_MOBILITY:0.5042111202454912
C_KINGSAFETY:0.5281665035196778
C_PAWNSTRUCTURE:0.5177186170781115
C_PIECECOORDINATION:0.516069171624334
C_ROOKANDPAWNMOVEMENT:0.516069171624334
C_CENTERCONTROL:0.5214599628087515
C_DEVELOPPIECES:0.5122666290662605
C_MATERIAL:0.4959822415650198
