ELO:1000
CE_PASSEDPAWNS:0.4522570553895998
CE_PAWNWEAKNESSES:0.4727528223868724
CE_PIECEACTIVITY:0.44058070389566284
CE_KINGPAWNSHIELD:0.5051781248431169
CE_PIECECOORDINATION:0.4454187460317638
CE_MATERIAL:0.49904098535000896
CE_KINGSAFETY:0.504094319154594
C_PIECESQUARETABLES:0.5828076825783968
C_MOBILITY:0.5169449592635531
C_KINGSAFETY:0.5540895972259238
C_PAWNSTRUCTURE:0.5093031798034
C_PIECECOORDINATION:0.5286152160553218
C_ROOKANDPAWNMOVEMENT:0.5286152160553218
C_CENTERCONTROL:0.557935478357569
C_DEVELOPPIECES:0.48655954733470747
C_MATERIAL:0.431875415721545
