ELO:809
CE_PASSEDPAWNS:0.5341123455574692
CE_PAWNWEAKNESSES:0.4902255081236274
CE_PIECEACTIVITY:0.533511843510674
CE_KINGPAWNSHIELD:0.5189061117602277
CE_PIECECOORDINATION:0.46578892236731123
CE_MATERIAL:0.5105251870316078
CE_KINGSAFETY:0.5424421922392062
C_PIECESQUARETABLES:0.4584755831931508
C_MOBILITY:0.4477836351885022
C_KINGSAFETY:0.548843818598735
C_PAWNSTRUCTURE:0.5566668473281094
C_PIECECOORDINATION:0.5441472404840377
C_ROOKANDPAWNMOVEMENT:0.5441472404840377
C_CENTERCONTROL:0.6194025947733222
C_DEVELOPPIECES:0.4417207207486294
C_MATERIAL:0.5119252103481738
C_MOVECOUNT:0.5
