ELO:824
CE_PASSEDPAWNS:0.5313654354202975
CE_PAWNWEAKNESSES:0.5003981338185697
CE_PIECEACTIVITY:0.49847888171675847
CE_KINGPAWNSHIELD:0.5184870097700953
CE_PIECECOORDINATION:0.44929617327713667
CE_MATERIAL:0.5191359944055522
CE_KINGSAFETY:0.5141377208497189
C_PIECESQUARETABLES:0.4420525287730089
C_MOBILITY:0.441415904880567
C_KINGSAFETY:0.5107400313256473
C_PAWNSTRUCTURE:0.5409454700918077
C_PIECECOORDINATION:0.5249014360287696
C_ROOKANDPAWNMOVEMENT:0.5249014360287696
C_CENTERCONTROL:0.5028424193486627
C_DEVELOPPIECES:0.4694910454961585
C_MATERIAL:0.49670329444151096
C_MOVECOUNT:0.5
