ELO:984
CE_PASSEDPAWNS:0.5178118926107099
CE_PAWNWEAKNESSES:0.5002745340756504
CE_PIECEACTIVITY:0.49587528741889686
CE_KINGPAWNSHIELD:0.4958793717602249
CE_PIECECOORDINATION:0.4925315000159999
CE_MATERIAL:0.5029538962781948
CE_KINGSAFETY:0.4776745100834367
C_PIECESQUARETABLES:0.5009070281504127
C_MOBILITY:0.5006646244499486
C_KINGSAFETY:0.5102382409992754
C_PAWNSTRUCTURE:0.4864100030250863
C_PIECECOORDINATION:0.49591832279317827
C_ROOKANDPAWNMOVEMENT:0.49591832279317827
C_CENTERCONTROL:0.4986713680445193
C_DEVELOPPIECES:0.5
C_MATERIAL:0.49271283104665464
C_MOVECOUNT:0.4744455108743369
