ELO:972
CE_PASSEDPAWNS:0.5213475548799119
CE_PAWNWEAKNESSES:0.4961012538147669
CE_PIECEACTIVITY:0.4576607306087017
CE_KINGPAWNSHIELD:0.5157082718388741
CE_PIECECOORDINATION:0.45076617077422243
CE_MATERIAL:0.4842056406862006
CE_KINGSAFETY:0.5
C_PIECESQUARETABLES:0.5
C_MOBILITY:0.4863258958123806
C_KINGSAFETY:0.5010525877093442
C_PAWNSTRUCTURE:0.5114802080309652
C_PIECECOORDINATION:0.49741122983176356
C_ROOK:0.46687634147408036
CE_ROOK:0.5073904333055989
C_CENTERCONTROL:0.4840961186480024
C_DEVELOPPIECES:0.47242623496845515
C_MATERIAL:0.49032703661678356
C_MOVECOUNT:0.484254033797517
C_PAWNMOVEMENT:0.4962677545256915
