ELO:1032
CE_PASSEDPAWNS:0.4980537920272433
CE_PAWNWEAKNESSES:0.44188547686428764
CE_PIECEACTIVITY:0.42696020725616146
CE_KINGPAWNSHIELD:0.5041809274628687
CE_PIECECOORDINATION:0.48703344509433705
CE_MATERIAL:0.4399996522625262
CE_KINGSAFETY:0.4949747752446069
C_PIECESQUARETABLES:0.49077154975300635
C_MOBILITY:0.4833589150617487
C_KINGSAFETY:0.5456927966849483
C_PAWNSTRUCTURE:0.44818510995336547
C_PIECECOORDINATION:0.5138428855368505
C_ROOKANDPAWNMOVEMENT:0.5138428855368505
C_CENTERCONTROL:0.5298534177753932
C_DEVELOPPIECES:0.49625352788860394
C_MATERIAL:0.43038681914304283
