ELO:990
CE_PASSEDPAWNS:0.47198440453607754
CE_PAWNWEAKNESSES:0.5044201767123474
CE_PIECEACTIVITY:0.502519630457375
CE_KINGPAWNSHIELD:0.47549954604323297
CE_PIECECOORDINATION:0.5235810146798716
CE_MATERIAL:0.4436638017163468
CE_KINGSAFETY:0.48831437710922054
C_PIECESQUARETABLES:0.4984271460627464
C_MOBILITY:0.4923241055533975
C_KINGSAFETY:0.5176037697868389
C_PAWNSTRUCTURE:0.479361602918948
C_PIECECOORDINATION:0.5166672667525042
C_ROOK:0.506058125057238
CE_ROOK:0.5042615491156371
C_CENTERCONTROL:0.4856257184873471
C_DEVELOPPIECES:0.5114122477393036
C_MATERIAL:0.49858845410606156
C_MOVECOUNT:0.5066973682355097
C_PAWNMOVEMENT:0.5071945465864586
