ELO:985
CE_PASSEDPAWNS:0.4877910464420779
CE_PAWNWEAKNESSES:0.5167757496254228
CE_PIECEACTIVITY:0.5208716238492279
CE_KINGPAWNSHIELD:0.502804397698472
CE_PIECECOORDINATION:0.49508892530879683
CE_MATERIAL:0.47471445978310794
CE_KINGSAFETY:0.5
C_PIECESQUARETABLES:0.5
C_MOBILITY:0.49321504889376494
C_KINGSAFETY:0.4804449345539835
C_PAWNSTRUCTURE:0.48800775738046337
C_PIECECOORDINATION:0.49741122983176356
C_ROOK:0.4884217645058831
CE_ROOK:0.5095970837639285
C_CENTERCONTROL:0.4840961186480024
C_DEVELOPPIECES:0.4820282643050373
C_MATERIAL:0.5504695770811033
C_MOVECOUNT:0.5317895256243793
C_PAWNMOVEMENT:0.5117228423149269
