ELO:1000
CE_PASSEDPAWNS:0.4747832984430367
CE_PAWNWEAKNESSES:0.5028372091160741
CE_PIECEACTIVITY:0.45775986695958176
CE_KINGPAWNSHIELD:0.478210177229485
CE_PIECECOORDINATION:0.45769059100597403
CE_MATERIAL:0.4894332588431127
CE_KINGSAFETY:0.5219795305987854
C_PIECESQUARETABLES:0.5543752691831677
C_MOBILITY:0.507678831944791
C_KINGSAFETY:0.5425863044642667
C_PAWNSTRUCTURE:0.5262473306897129
C_PIECECOORDINATION:0.5070938532022943
C_ROOKANDPAWNMOVEMENT:0.5070938532022943
C_CENTERCONTROL:0.5628973308306013
C_DEVELOPPIECES:0.4937440020243086
C_MATERIAL:0.463569532816109
