ELO:984
CE_PASSEDPAWNS:0.5703558228786967
CE_PAWNWEAKNESSES:0.5355822438836297
CE_PIECEACTIVITY:0.5463039144645999
CE_KINGPAWNSHIELD:0.5244749145839233
CE_PIECECOORDINATION:0.44552005737547884
CE_MATERIAL:0.43698195709808435
CE_KINGSAFETY:0.5516426626998203
C_PIECESQUARETABLES:0.47839217211439705
C_MOBILITY:0.4377118106343486
C_KINGSAFETY:0.4032523538106277
C_PAWNSTRUCTURE:0.4292236305251234
C_PIECECOORDINATION:0.520211785061236
C_ROOKANDPAWNMOVEMENT:0.520211785061236
C_CENTERCONTROL:0.4732572016021463
C_DEVELOPPIECES:0.5645927035621079
C_MATERIAL:0.45715277401354576
