ELO:972
CE_PASSEDPAWNS:0.4830023127020916
CE_PAWNWEAKNESSES:0.4265408446430793
CE_PIECEACTIVITY:0.44595644644159727
CE_KINGPAWNSHIELD:0.5022836006134221
CE_PIECECOORDINATION:0.44906223052887345
CE_MATERIAL:0.5223186782552819
CE_KINGSAFETY:0.5178642374211199
C_PIECESQUARETABLES:0.5007760887701785
C_MOBILITY:0.4967941026213082
C_KINGSAFETY:0.5363188401618177
C_PAWNSTRUCTURE:0.4833117939941832
C_PIECECOORDINATION:0.5439432121461546
C_ROOKANDPAWNMOVEMENT:0.5439432121461546
C_CENTERCONTROL:0.5499537414677369
C_DEVELOPPIECES:0.5219822844998514
C_MATERIAL:0.4192994358740456
