ELO:1000
CE_PASSEDPAWNS:0.5
CE_PAWNWEAKNESSES:0.5049751133372362
CE_PIECEACTIVITY:0.5
CE_KINGPAWNSHIELD:0.4991323035729298
CE_PIECECOORDINATION:0.5109749010977472
CE_MATERIAL:0.49265232347265797
CE_KINGSAFETY:0.5090706931778682
C_PIECESQUARETABLES:0.5
C_MOBILITY:0.5016301198764582
C_KINGSAFETY:0.4930201254549386
C_PAWNSTRUCTURE:0.4956940021866041
C_PIECECOORDINATION:0.50723495915707
C_ROOK:0.4917257578730963
CE_ROOK:0.5
C_CENTERCONTROL:0.5151004883777279
C_DEVELOPPIECES:0.5052125529074402
C_MATERIAL:0.5165944597884229
C_MOVECOUNT:0.5025215374478382
C_PAWNMOVEMENT:0.4953271782701022
