ELO:979
CE_PASSEDPAWNS:0.47623875229594403
CE_PAWNWEAKNESSES:0.5044201767123474
CE_PIECEACTIVITY:0.4906019486981697
CE_KINGPAWNSHIELD:0.47549954604323297
CE_PIECECOORDINATION:0.5171682923369765
CE_MATERIAL:0.4471841212419701
CE_KINGSAFETY:0.48831437710922054
C_PIECESQUARETABLES:0.5
C_MOBILITY:0.5026995378586526
C_KINGSAFETY:0.5176037697868389
C_PAWNSTRUCTURE:0.4800680611071769
C_PIECECOORDINATION:0.5166672667525042
C_ROOK:0.506058125057238
CE_ROOK:0.5042615491156371
C_CENTERCONTROL:0.47772321813760443
C_DEVELOPPIECES:0.5114122477393036
C_MATERIAL:0.48747280297971063
C_MOVECOUNT:0.5066973682355097
C_PAWNMOVEMENT:0.5029318802890975
