ELO:932
CE_PASSEDPAWNS:0.5521101611634129
CE_PAWNWEAKNESSES:0.5313881789886081
CE_PIECEACTIVITY:0.45346993914393274
CE_KINGPAWNSHIELD:0.5316523975771722
CE_PIECECOORDINATION:0.5165298244675542
CE_MATERIAL:0.39610067316612874
CE_KINGSAFETY:0.4922432495808123
C_PIECESQUARETABLES:0.5013220789601385
C_MOBILITY:0.46851928886151406
C_KINGSAFETY:0.39057703452904097
C_PAWNSTRUCTURE:0.4630058114366994
C_PIECECOORDINATION:0.46746831827164037
C_ROOKANDPAWNMOVEMENT:0.46746831827164037
C_CENTERCONTROL:0.4373781579572038
C_DEVELOPPIECES:0.5935425393545941
C_MATERIAL:0.48258621777116556
