ELO:914
CE_PASSEDPAWNS:0.4528710865713057
CE_PAWNWEAKNESSES:0.48162922533671615
CE_PIECEACTIVITY:0.40969642130388817
CE_KINGPAWNSHIELD:0.4700075841933317
CE_PIECECOORDINATION:0.49096284031426113
CE_MATERIAL:0.45263765522153654
CE_KINGSAFETY:0.45197997449916066
C_PIECESQUARETABLES:0.5315012310714131
C_MOBILITY:0.5467248390697682
C_KINGSAFETY:0.5250512084856457
C_PAWNSTRUCTURE:0.49045182562423234
C_PIECECOORDINATION:0.49219906495181653
C_ROOKANDPAWNMOVEMENT:0.49219906495181653
C_CENTERCONTROL:0.5021743228752978
C_DEVELOPPIECES:0.49287495012011134
C_MATERIAL:0.42578827959730664
