ELO:984
CE_PASSEDPAWNS:0.5061406932209096
CE_PAWNWEAKNESSES:0.4893311968563984
CE_PIECEACTIVITY:0.5090780987442338
CE_KINGPAWNSHIELD:0.4933690941058144
CE_PIECECOORDINATION:0.4892601573631145
CE_MATERIAL:0.4908545201512578
CE_KINGSAFETY:0.5
C_PIECESQUARETABLES:0.5042246796284258
C_MOBILITY:0.4944590799928396
C_KINGSAFETY:0.5060437710694706
C_PAWNSTRUCTURE:0.4871371606149907
C_PIECECOORDINATION:0.5064653341884857
C_ROOKANDPAWNMOVEMENT:0.5064653341884857
C_CENTERCONTROL:0.5092868084856058
C_DEVELOPPIECES:0.49484505428501624
C_MATERIAL:0.4988708638841171
