ELO:1000
CE_PASSEDPAWNS:0.5
CE_PAWNWEAKNESSES:0.493036706713606
CE_PIECEACTIVITY:0.48827090254802374
CE_KINGPAWNSHIELD:0.5
CE_PIECECOORDINATION:0.5011916910182349
CE_MATERIAL:0.49560665229684514
CE_KINGSAFETY:0.5
C_PIECESQUARETABLES:0.5
C_MOBILITY:0.4856892499685114
C_KINGSAFETY:0.5
C_PAWNSTRUCTURE:0.5
C_PIECECOORDINATION:0.5112246299503038
C_ROOKANDPAWNMOVEMENT:0.5112246299503038
C_CENTERCONTROL:0.5
C_DEVELOPPIECES:0.5169510896533073
C_MATERIAL:0.5
C_MOVECOUNT:0.5
