ELO:1000
CE_PASSEDPAWNS:0.5188844676595613
CE_PAWNWEAKNESSES:0.5558613119287323
CE_PIECEACTIVITY:0.5347130318232979
CE_KINGPAWNSHIELD:0.5353158706934201
CE_PIECECOORDINATION:0.46003972334369503
CE_MATERIAL:0.4857603461426893
CE_KINGSAFETY:0.5219128174049438
C_PIECESQUARETABLES:0.49370146448389207
C_MOBILITY:0.4538188905675748
C_KINGSAFETY:0.49700413210259176
C_PAWNSTRUCTURE:0.49304590979147767
C_PIECECOORDINATION:0.5224418323651089
C_ROOKANDPAWNMOVEMENT:0.5224418323651089
C_CENTERCONTROL:0.47592267571381197
C_DEVELOPPIECES:0.5370111814207263
C_MATERIAL:0.5173185275548629
