ELO:1011
CE_PASSEDPAWNS:0.5113334919843036
CE_PAWNWEAKNESSES:0.49980589606097403
CE_PIECEACTIVITY:0.5183693221460055
CE_KINGPAWNSHIELD:0.5
CE_PIECECOORDINATION:0.4687345920328115
CE_MATERIAL:0.4842056406862006
CE_KINGSAFETY:0.5
C_PIECESQUARETABLES:0.5
C_MOBILITY:0.5057806671062562
C_KINGSAFETY:0.4938348027528515
C_PAWNSTRUCTURE:0.5065776296545235
C_PIECECOORDINATION:0.5033188314669358
C_ROOK:0.5160186937085037
CE_ROOK:0.49173339792315435
C_CENTERCONTROL:0.48797376112897084
C_DEVELOPPIECES:0.4791895529237131
C_MATERIAL:0.4993733861170947
C_MOVECOUNT:0.5241881790183309
C_PAWNMOVEMENT:0.4906966471824214
