ELO:943
CE_PASSEDPAWNS:0.4739944561737966
CE_PAWNWEAKNESSES:0.4738675274534137
CE_PIECEACTIVITY:0.3999581913793279
CE_KINGPAWNSHIELD:0.4782224581334514
CE_PIECECOORDINATION:0.5021129741502091
CE_MATERIAL:0.4434920093108249
CE_KINGSAFETY:0.45730618144465224
C_PIECESQUARETABLES:0.5031833276080907
C_MOBILITY:0.5163416333878587
C_KINGSAFETY:0.5411884747468393
C_PAWNSTRUCTURE:0.4966312025603464
C_PIECECOORDINATION:0.4896009478542144
C_ROOKANDPAWNMOVEMENT:0.4896009478542144
C_CENTERCONTROL:0.5055396751164658
C_DEVELOPPIECES:0.498608914394221
C_MATERIAL:0.43362170089746094
