ELO:1000
CE_PASSEDPAWNS:0.5317154415267652
CE_PAWNWEAKNESSES:0.5265301530301391
CE_PIECEACTIVITY:0.5146634379240205
CE_KINGPAWNSHIELD:0.5277542098876482
CE_PIECECOORDINATION:0.4638967762391692
CE_MATERIAL:0.4649231956619742
CE_KINGSAFETY:0.5173974758485655
C_PIECESQUARETABLES:0.5008897734944213
C_MOBILITY:0.4236109602291992
C_KINGSAFETY:0.44119602515112605
C_PAWNSTRUCTURE:0.5003530480014262
C_PIECECOORDINATION:0.49380049716330443
C_ROOKANDPAWNMOVEMENT:0.49380049716330443
C_CENTERCONTROL:0.4894045451527688
C_DEVELOPPIECES:0.5499899844294971
C_MATERIAL:0.4595243972670161
