ELO:858
CE_PASSEDPAWNS:0.4951651688394796
CE_PAWNWEAKNESSES:0.5092342048144659
CE_PIECEACTIVITY:0.5047049093772877
CE_KINGPAWNSHIELD:0.5221634962236609
CE_PIECECOORDINATION:0.546629127525505
CE_MATERIAL:0.4979904176036863
CE_KINGSAFETY:0.4750883329704362
C_PIECESQUARETABLES:0.5100970646479425
C_MOBILITY:0.5564646852305736
C_KINGSAFETY:0.47294857703613513
C_PAWNSTRUCTURE:0.46385941289007815
C_PIECECOORDINATION:0.4744227474727027
C_ROOKANDPAWNMOVEMENT:0.4744227474727027
C_CENTERCONTROL:0.5112262402308672
C_DEVELOPPIECES:0.5829590378081012
C_MATERIAL:0.5038594093227464
C_MOVECOUNT:0.45220079287901566
