ELO:804
CE_PASSEDPAWNS:0.5332231517847976
CE_PAWNWEAKNESSES:0.4886384870893966
CE_PIECEACTIVITY:0.5291780681171904
CE_KINGPAWNSHIELD:0.4964907182400958
CE_PIECECOORDINATION:0.46004037823144245
CE_MATERIAL:0.4958970994384784
CE_KINGSAFETY:0.5074602871487202
C_PIECESQUARETABLES:0.48932279376271054
C_MOBILITY:0.44294545337490027
C_KINGSAFETY:0.526143568415589
C_PAWNSTRUCTURE:0.5122321804541364
C_PIECECOORDINATION:0.5171675912011023
C_ROOKANDPAWNMOVEMENT:0.5171675912011023
C_CENTERCONTROL:0.578965122920752
C_DEVELOPPIECES:0.4678445868641865
C_MATERIAL:0.5067306990783372
C_MOVECOUNT:0.5
