ELO:999
CE_PASSEDPAWNS:0.4883514526839017
CE_PAWNWEAKNESSES:0.47466543008113904
CE_PIECEACTIVITY:0.5244108836238115
CE_KINGPAWNSHIELD:0.511330298395929
CE_PIECECOORDINATION:0.49545628155168375
CE_MATERIAL:0.5203718755994604
CE_KINGSAFETY:0.5
C_PIECESQUARETABLES:0.5
C_MOBILITY:0.5105194183332942
C_KINGSAFETY:0.4817303708860107
C_PAWNSTRUCTURE:0.5045709592369719
C_PIECECOORDINATION:0.4995535951524792
C_ROOK:0.5627054007486144
CE_ROOK:0.4825625937589016
C_CENTERCONTROL:0.46500792691694603
C_DEVELOPPIECES:0.4780304899433975
C_MATERIAL:0.49836544858434173
C_MOVECOUNT:0.47826865626283
C_PAWNMOVEMENT:0.5218814710088933
