ELO:1000
CE_PASSEDPAWNS:0.5351999569248819
CE_PAWNWEAKNESSES:0.5433488294957334
CE_PIECEACTIVITY:0.5542783957128217
CE_KINGPAWNSHIELD:0.5031728047201179
CE_PIECECOORDINATION:0.4444101284426026
CE_MATERIAL:0.45610290541333565
CE_KINGSAFETY:0.5182015536501655
C_PIECESQUARETABLES:0.4976774629508958
C_MOBILITY:0.43689606429294336
C_KINGSAFETY:0.4151699233058361
C_PAWNSTRUCTURE:0.47313336711126885
C_PIECECOORDINATION:0.5193981232093214
C_ROOKANDPAWNMOVEMENT:0.5193981232093214
C_CENTERCONTROL:0.47791200159905395
C_DEVELOPPIECES:0.560576980613773
C_MATERIAL:0.4725830509914738
