ELO:1000
CE_PASSEDPAWNS:0.5491370156703795
CE_PAWNWEAKNESSES:0.5265301530301391
CE_PIECEACTIVITY:0.5146634379240205
CE_KINGPAWNSHIELD:0.5277542098876482
CE_PIECECOORDINATION:0.46104527214575663
CE_MATERIAL:0.4649231956619742
CE_KINGSAFETY:0.5147727703785524
C_PIECESQUARETABLES:0.5008897734944213
C_MOBILITY:0.4236109602291992
C_KINGSAFETY:0.448926343605025
C_PAWNSTRUCTURE:0.5003530480014262
C_PIECECOORDINATION:0.49380049716330443
C_ROOKANDPAWNMOVEMENT:0.49380049716330443
C_CENTERCONTROL:0.4807899948402821
C_DEVELOPPIECES:0.5419490081510875
C_MATERIAL:0.4595243972670161
