ELO:989
CE_PASSEDPAWNS:0.5277288571395565
CE_PAWNWEAKNESSES:0.4831151642558522
CE_PIECEACTIVITY:0.5256534381721791
CE_KINGPAWNSHIELD:0.5511241682168627
CE_PIECECOORDINATION:0.4876157344409483
CE_MATERIAL:0.4694181679613265
CE_KINGSAFETY:0.5036271806935636
C_PIECESQUARETABLES:0.5
C_MOBILITY:0.5845460664974886
C_KINGSAFETY:0.5320702548324067
C_PAWNSTRUCTURE:0.44346598941441284
C_PIECECOORDINATION:0.5037633198394866
C_ROOKANDPAWNMOVEMENT:0.5037633198394866
C_CENTERCONTROL:0.4383915407225507
C_DEVELOPPIECES:0.4354212939766876
C_MATERIAL:0.6234991122067586
