ELO:939
CE_PASSEDPAWNS:0.43072978553318336
CE_PAWNWEAKNESSES:0.5185287564326939
CE_PIECEACTIVITY:0.4954116635286521
CE_KINGPAWNSHIELD:0.40585771933888676
CE_PIECECOORDINATION:0.5943722779619672
CE_MATERIAL:0.5810462420724333
CE_KINGSAFETY:0.4540856057396619
C_PIECESQUARETABLES:0.5076997109469155
C_MOBILITY:0.539551218398021
C_KINGSAFETY:0.5500372043890847
C_PAWNSTRUCTURE:0.5000514551244317
C_PIECECOORDINATION:0.44945749908755245
C_ROOKANDPAWNMOVEMENT:0.44945749908755245
C_CENTERCONTROL:0.5746186151424403
C_DEVELOPPIECES:0.45809763938503345
C_MATERIAL:0.4879333594710061
