ELO:979
CE_PASSEDPAWNS:0.5024758909451963
CE_PAWNWEAKNESSES:0.5694051413985669
CE_PIECEACTIVITY:0.4242467551914211
CE_KINGPAWNSHIELD:0.5764349476076254
CE_PIECECOORDINATION:0.4974921076917287
CE_MATERIAL:0.46981264131670086
CE_KINGSAFETY:0.5
C_PIECESQUARETABLES:0.5
C_MOBILITY:0.5537855790403348
C_KINGSAFETY:0.43975215105188076
C_PAWNSTRUCTURE:0.46054427260367564
C_PIECECOORDINATION:0.5350227370663931
C_ROOKANDPAWNMOVEMENT:0.5350227370663931
C_CENTERCONTROL:0.4620541730020188
C_DEVELOPPIECES:0.5603992742896755
C_MATERIAL:0.622840321325036
