ELO:813
CE_PASSEDPAWNS:0.5560932284326048
CE_PAWNWEAKNESSES:0.502787443304058
CE_PIECEACTIVITY:0.4727855520553106
CE_KINGPAWNSHIELD:0.4606300669120153
CE_PIECECOORDINATION:0.46674624903513595
CE_MATERIAL:0.4596076216269649
CE_KINGSAFETY:0.5160250741648407
C_PIECESQUARETABLES:0.49068401025053254
C_MOBILITY:0.4804737111382044
C_KINGSAFETY:0.4244358852591454
C_PAWNSTRUCTURE:0.5171666479690393
C_PIECECOORDINATION:0.5333423355474936
C_ROOKANDPAWNMOVEMENT:0.5333423355474936
C_CENTERCONTROL:0.481192247950232
C_DEVELOPPIECES:0.5082082001450139
C_MATERIAL:0.5158083116250451
C_MOVECOUNT:0.47101065060530806
