ELO:1006
CE_PASSEDPAWNS:0.5120223944454932
CE_PAWNWEAKNESSES:0.5106882032431963
CE_PIECEACTIVITY:0.4888547233583865
CE_KINGPAWNSHIELD:0.5091840826078983
CE_PIECECOORDINATION:0.5
CE_MATERIAL:0.5174943634120236
CE_KINGSAFETY:0.47477430151464756
C_PIECESQUARETABLES:0.4903855369981412
C_MOBILITY:0.5
C_KINGSAFETY:0.49309932040799076
C_PAWNSTRUCTURE:0.5
C_PIECECOORDINATION:0.5032936953467456
C_ROOKANDPAWNMOVEMENT:0.5032936953467456
C_CENTERCONTROL:0.5
C_DEVELOPPIECES:0.48886786742669736
C_MATERIAL:0.5025650887491478
