ELO:931
CE_PASSEDPAWNS:0.42317084063564775
CE_PAWNWEAKNESSES:0.517747496867481
CE_PIECEACTIVITY:0.46733779419863736
CE_KINGPAWNSHIELD:0.427763605419521
CE_PIECECOORDINATION:0.6006383952767723
CE_MATERIAL:0.567079993337362
CE_KINGSAFETY:0.4764172053030208
C_PIECESQUARETABLES:0.5015767217834943
C_MOBILITY:0.5265805667359759
C_KINGSAFETY:0.5376422957597693
C_PAWNSTRUCTURE:0.5055605581732452
C_PIECECOORDINATION:0.43184258428423183
C_ROOKANDPAWNMOVEMENT:0.43184258428423183
C_CENTERCONTROL:0.5821517956149668
C_DEVELOPPIECES:0.4572240330342073
C_MATERIAL:0.4697040202611766
