ELO:951
CE_PASSEDPAWNS:0.4187847353247784
CE_PAWNWEAKNESSES:0.5403909561469642
CE_PIECEACTIVITY:0.6244233064881777
CE_KINGPAWNSHIELD:0.46325754477557707
CE_PIECECOORDINATION:0.5006254077195683
CE_MATERIAL:0.4372418855297633
CE_KINGSAFETY:0.4665924970188735
C_PIECESQUARETABLES:0.5485272841068395
C_MOBILITY:0.6095500960191836
C_KINGSAFETY:0.44010860456776973
C_PAWNSTRUCTURE:0.5117309508471879
C_PIECECOORDINATION:0.541017175078816
C_ROOKANDPAWNMOVEMENT:0.541017175078816
C_CENTERCONTROL:0.4074027497462249
C_DEVELOPPIECES:0.4877411755298034
C_MATERIAL:0.4162120334511086
