ELO:889
CE_PASSEDPAWNS:0.597720738848637
CE_PAWNWEAKNESSES:0.5239062582784695
CE_PIECEACTIVITY:0.512785312415412
CE_KINGPAWNSHIELD:0.545597840321988
CE_PIECECOORDINATION:0.5360317984250376
CE_MATERIAL:0.5336946882183521
CE_KINGSAFETY:0.49417743881505516
C_PIECESQUARETABLES:0.46344512238633895
C_MOBILITY:0.518135400771589
C_KINGSAFETY:0.5305195983885036
C_PAWNSTRUCTURE:0.5376984747888424
C_PIECECOORDINATION:0.461214889478182
C_ROOKANDPAWNMOVEMENT:0.461214889478182
C_CENTERCONTROL:0.4842145892262424
C_DEVELOPPIECES:0.5274764556137296
C_MATERIAL:0.49089803256930364
C_MOVECOUNT:0.5
