ELO:978
CE_PASSEDPAWNS:0.44304322858666156
CE_PAWNWEAKNESSES:0.4998283020768862
CE_PIECEACTIVITY:0.47126307136086154
CE_KINGPAWNSHIELD:0.4890443840177078
CE_PIECECOORDINATION:0.5265836428535368
CE_MATERIAL:0.5434042142612406
CE_KINGSAFETY:0.49621920471569625
C_PIECESQUARETABLES:0.49655298083372684
C_MOBILITY:0.5156924209612704
C_KINGSAFETY:0.5626410305873872
C_PAWNSTRUCTURE:0.5188809914747797
C_PIECECOORDINATION:0.48605779784453446
C_ROOKANDPAWNMOVEMENT:0.48605779784453446
C_CENTERCONTROL:0.5645401275186638
C_DEVELOPPIECES:0.460787850616803
C_MATERIAL:0.4855616441209899
