ELO:941
CE_PASSEDPAWNS:0.511863965205925
CE_PAWNWEAKNESSES:0.5770227034562786
CE_PIECEACTIVITY:0.6182504253821381
CE_KINGPAWNSHIELD:0.5201654088813215
CE_PIECECOORDINATION:0.4858847930641646
CE_MATERIAL:0.4170586518329561
CE_KINGSAFETY:0.4884700106308455
C_PIECESQUARETABLES:0.5009582925839293
C_MOBILITY:0.5521644174420125
C_KINGSAFETY:0.40897583237570695
C_PAWNSTRUCTURE:0.5052560457694312
C_PIECECOORDINATION:0.5084961167906177
C_ROOKANDPAWNMOVEMENT:0.5084961167906177
C_CENTERCONTROL:0.521927771670317
C_DEVELOPPIECES:0.39934417390497595
C_MATERIAL:0.3887144115595555
