ELO:985
CE_PASSEDPAWNS:0.5317399567987847
CE_PAWNWEAKNESSES:0.5017599731658561
CE_PIECEACTIVITY:0.4965975551706132
CE_KINGPAWNSHIELD:0.5115058076535832
CE_PIECECOORDINATION:0.5151720233873742
CE_MATERIAL:0.5050501460175079
CE_KINGSAFETY:0.4965755737454092
C_PIECESQUARETABLES:0.5
C_MOBILITY:0.5036021750060524
C_KINGSAFETY:0.5069057019623586
C_PAWNSTRUCTURE:0.49494821285665896
C_PIECECOORDINATION:0.5166907301161321
C_ROOKANDPAWNMOVEMENT:0.5166907301161321
C_CENTERCONTROL:0.4955048347763154
C_DEVELOPPIECES:0.5029748558464427
C_MATERIAL:0.4946036005870746
C_MOVECOUNT:0.5054315260414248
