ELO:816
CE_PASSEDPAWNS:0.5467536178461051
CE_PAWNWEAKNESSES:0.47734005447549305
CE_PIECEACTIVITY:0.47516216207293793
CE_KINGPAWNSHIELD:0.46258315132044736
CE_PIECECOORDINATION:0.4244591522521062
CE_MATERIAL:0.4314232263099116
CE_KINGSAFETY:0.5076994619789367
C_PIECESQUARETABLES:0.43702009550745086
C_MOBILITY:0.4609444024470466
C_KINGSAFETY:0.36135933270434406
C_PAWNSTRUCTURE:0.5221576851485963
C_PIECECOORDINATION:0.5050357420394253
C_ROOKANDPAWNMOVEMENT:0.5050357420394253
C_CENTERCONTROL:0.5307235275221739
C_DEVELOPPIECES:0.4467944356362588
C_MATERIAL:0.4946534025559255
C_MOVECOUNT:0.43106750123938914
