ELO:987
CE_PASSEDPAWNS:0.49789743039263734
CE_PAWNWEAKNESSES:0.5165185522843719
CE_PIECEACTIVITY:0.4961932847720571
CE_KINGPAWNSHIELD:0.5005174390092338
CE_PIECECOORDINATION:0.5
CE_MATERIAL:0.5081052489480901
CE_KINGSAFETY:0.5
C_PIECESQUARETABLES:0.497763143771963
C_MOBILITY:0.49514606207624096
C_KINGSAFETY:0.4906219181167201
C_PAWNSTRUCTURE:0.501871243065408
C_PIECECOORDINATION:0.5064554524246545
C_ROOK:0.49839245251559333
CE_ROOK:0.5084474391067677
C_CENTERCONTROL:0.5104575012259697
C_DEVELOPPIECES:0.5008772057983466
C_MATERIAL:0.4883401925748959
C_MOVECOUNT:0.4911805657268674
C_PAWNMOVEMENT:0.5
