ELO:941
CE_PASSEDPAWNS:0.5288568158017883
CE_PAWNWEAKNESSES:0.5844155981349275
CE_PIECEACTIVITY:0.6184600399065463
CE_KINGPAWNSHIELD:0.5011360869204601
CE_PIECECOORDINATION:0.4895043386366333
CE_MATERIAL:0.4135949341264324
CE_KINGSAFETY:0.4971659194014217
C_PIECESQUARETABLES:0.5
C_MOBILITY:0.554829238092485
C_KINGSAFETY:0.4256921847154365
C_PAWNSTRUCTURE:0.4947823907040113
C_PIECECOORDINATION:0.5186492250902476
C_ROOKANDPAWNMOVEMENT:0.5186492250902476
C_CENTERCONTROL:0.5102928152113325
C_DEVELOPPIECES:0.4253775921333794
C_MATERIAL:0.38798023088001715
