ELO:987
CE_PASSEDPAWNS:0.4575949883343276
CE_PAWNWEAKNESSES:0.5995847809097624
CE_PIECEACTIVITY:0.4501843907560397
CE_KINGPAWNSHIELD:0.5395758693760447
CE_PIECECOORDINATION:0.4603607801227427
CE_MATERIAL:0.5232515991107118
CE_KINGSAFETY:0.5
C_PIECESQUARETABLES:0.5016157042487062
C_MOBILITY:0.5444983191960523
C_KINGSAFETY:0.4258746242255982
C_PAWNSTRUCTURE:0.5511810051279755
C_PIECECOORDINATION:0.5718488361848372
C_ROOKANDPAWNMOVEMENT:0.5718488361848372
C_CENTERCONTROL:0.4541109919688242
C_DEVELOPPIECES:0.48554072492032924
C_MATERIAL:0.624181433609084
