ELO:976
CE_PASSEDPAWNS:0.5022885395691419
CE_PAWNWEAKNESSES:0.5166409821462664
CE_PIECEACTIVITY:0.4975362241224011
CE_KINGPAWNSHIELD:0.5025507360126594
CE_PIECECOORDINATION:0.4863071666298023
CE_MATERIAL:0.5081710215143724
CE_KINGSAFETY:0.4943102013674567
C_PIECESQUARETABLES:0.4968981296021686
C_MOBILITY:0.49444221087778084
C_KINGSAFETY:0.48570401126425505
C_PAWNSTRUCTURE:0.5078545320386993
C_PIECECOORDINATION:0.49748794872766594
C_ROOK:0.46849906194869434
CE_ROOK:0.48062529151223615
C_CENTERCONTROL:0.5030665430667578
C_DEVELOPPIECES:0.49741682880330557
C_MATERIAL:0.5072965160861533
C_MOVECOUNT:0.47570913719278163
C_PAWNMOVEMENT:0.5154966427698681
