ELO:938
CE_PASSEDPAWNS:0.43347919401037527
CE_PAWNWEAKNESSES:0.5257828933907828
CE_PIECEACTIVITY:0.4981911817422451
CE_KINGPAWNSHIELD:0.41794236700026277
CE_PIECECOORDINATION:0.6041100345794412
CE_MATERIAL:0.5633403594269787
CE_KINGSAFETY:0.4535646647055778
C_PIECESQUARETABLES:0.5051388865270237
C_MOBILITY:0.5332331032770479
C_KINGSAFETY:0.5559261123306909
C_PAWNSTRUCTURE:0.5125210766680836
C_PIECECOORDINATION:0.4255013215695002
C_ROOKANDPAWNMOVEMENT:0.4255013215695002
C_CENTERCONTROL:0.5718327758356705
C_DEVELOPPIECES:0.4529612564091946
C_MATERIAL:0.4759085682800886
