ELO:946
CE_PASSEDPAWNS:0.5164624153945592
CE_PAWNWEAKNESSES:0.4899635032504623
CE_PIECEACTIVITY:0.48779880730473835
CE_KINGPAWNSHIELD:0.5141944352774096
CE_PIECECOORDINATION:0.48782822240694906
CE_MATERIAL:0.4447622115322077
CE_KINGSAFETY:0.5062210963449666
C_PIECESQUARETABLES:0.4976958907654689
C_MOBILITY:0.4794156540564521
C_KINGSAFETY:0.5095253512471595
C_PAWNSTRUCTURE:0.4959262741123622
C_PIECECOORDINATION:0.5144086518244795
C_ROOK:0.48876359337318254
CE_ROOK:0.49315935870948435
C_CENTERCONTROL:0.46621618475917986
C_DEVELOPPIECES:0.5084368008111535
C_MATERIAL:0.5207585586593257
C_MOVECOUNT:0.5351093398130179
C_PAWNMOVEMENT:0.498146312511286
