ELO:917
CE_PASSEDPAWNS:0.5137966929647747
CE_PAWNWEAKNESSES:0.5043007453876734
CE_PIECEACTIVITY:0.49850895638040676
CE_KINGPAWNSHIELD:0.5348674657899157
CE_PIECECOORDINATION:0.467695920656616
CE_MATERIAL:0.47081267625465467
CE_KINGSAFETY:0.5084141891108882
C_PIECESQUARETABLES:0.49730862301908135
C_MOBILITY:0.4895606829642035
C_KINGSAFETY:0.5264809391673506
C_PAWNSTRUCTURE:0.4956920598235261
C_PIECECOORDINATION:0.4952273777566248
C_ROOK:0.4854801265975363
CE_ROOK:0.49746470766641715
C_CENTERCONTROL:0.4531464420279597
C_DEVELOPPIECES:0.5226345184641124
C_MATERIAL:0.5125917625571277
C_MOVECOUNT:0.54081296398479
C_PAWNMOVEMENT:0.49063377248564755
