ELO:981
CE_PASSEDPAWNS:0.5083597225618307
CE_PAWNWEAKNESSES:0.5063123966736134
CE_PIECEACTIVITY:0.49520196100796715
CE_KINGPAWNSHIELD:0.5038121646440061
CE_PIECECOORDINATION:0.5032639292814017
CE_MATERIAL:0.5082701508462867
CE_KINGSAFETY:0.5
C_PIECESQUARETABLES:0.5
C_MOBILITY:0.4970374410135489
C_KINGSAFETY:0.5090809236954122
C_PAWNSTRUCTURE:0.5249872260953996
C_PIECECOORDINATION:0.4938910248153539
C_ROOKANDPAWNMOVEMENT:0.4938910248153539
C_CENTERCONTROL:0.49814081149701916
C_DEVELOPPIECES:0.5176184565058554
C_MATERIAL:0.5005061966695621
C_MOVECOUNT:0.4973395828017751
