ELO:1023
CE_PASSEDPAWNS:0.5133544280035542
CE_PAWNWEAKNESSES:0.4924320025808494
CE_PIECEACTIVITY:0.5116046402440652
CE_KINGPAWNSHIELD:0.48180869932424625
CE_PIECECOORDINATION:0.5001713539477737
CE_MATERIAL:0.4883921185230075
CE_KINGSAFETY:0.49145953659069463
C_PIECESQUARETABLES:0.5
C_MOBILITY:0.5000273697006792
C_KINGSAFETY:0.5178239702295742
C_PAWNSTRUCTURE:0.4941685342600594
C_PIECECOORDINATION:0.5015864202918262
C_ROOK:0.523495605081365
CE_ROOK:0.4964560462678721
C_CENTERCONTROL:0.5
C_DEVELOPPIECES:0.5069449826884757
C_MATERIAL:0.48217609310393933
C_MOVECOUNT:0.4898257745510507
C_PAWNMOVEMENT:0.5350473590518101
