ELO:899
CE_PASSEDPAWNS:0.553376077246602
CE_PAWNWEAKNESSES:0.5097296704691692
CE_PIECEACTIVITY:0.49052192784940285
CE_KINGPAWNSHIELD:0.46895076650824324
CE_PIECECOORDINATION:0.47393247992462245
CE_MATERIAL:0.44676719022566674
CE_KINGSAFETY:0.5145306385876043
C_PIECESQUARETABLES:0.5033609224657989
C_MOBILITY:0.4797939494514334
C_KINGSAFETY:0.4934755046808719
C_PAWNSTRUCTURE:0.4855135173097566
C_PIECECOORDINATION:0.5255548260271778
C_ROOKANDPAWNMOVEMENT:0.5255548260271778
C_CENTERCONTROL:0.4841549190655834
C_DEVELOPPIECES:0.4690567601912729
C_MATERIAL:0.5181928595822091
C_MOVECOUNT:0.4908814252537382
