ELO:961
CE_PASSEDPAWNS:0.454859568350798
CE_PAWNWEAKNESSES:0.4834550859108002
CE_PIECEACTIVITY:0.48438771000466857
CE_KINGPAWNSHIELD:0.49022576623251096
CE_PIECECOORDINATION:0.5623191041229245
CE_MATERIAL:0.5695076313851517
CE_KINGSAFETY:0.4978447629722481
C_PIECESQUARETABLES:0.5182288908944443
C_MOBILITY:0.5230438312588966
C_KINGSAFETY:0.5784071859020286
C_PAWNSTRUCTURE:0.5055679114537042
C_PIECECOORDINATION:0.44454282881058477
C_ROOKANDPAWNMOVEMENT:0.44454282881058477
C_CENTERCONTROL:0.5641562821343907
C_DEVELOPPIECES:0.4628733980337372
C_MATERIAL:0.5013137187227114
