ELO:789
CE_PASSEDPAWNS:0.372565267029454
CE_PAWNWEAKNESSES:0.4892926816716441
CE_PIECEACTIVITY:0.5337280237262764
CE_KINGPAWNSHIELD:0.5289520568298256
CE_PIECECOORDINATION:0.38150472113756595
CE_MATERIAL:0.39972410569537176
CE_KINGSAFETY:0.4905242924777898
C_PIECESQUARETABLES:0.4510344465781753
C_MOBILITY:0.5915579244285559
C_KINGSAFETY:0.5150505203590895
C_PAWNSTRUCTURE:0.47598964195153076
C_PIECECOORDINATION:0.5284657546842233
C_ROOKANDPAWNMOVEMENT:0.5284657546842233
C_CENTERCONTROL:0.5672733093894031
C_DEVELOPPIECES:0.4696803627971326
C_MATERIAL:0.5039132299127161
C_MOVECOUNT:0.4630448542375671
