ELO:1024
CE_PASSEDPAWNS:0.5110196372096623
CE_PAWNWEAKNESSES:0.4924320025808494
CE_PIECEACTIVITY:0.5061695894163324
CE_KINGPAWNSHIELD:0.47035427114508144
CE_PIECECOORDINATION:0.5001713539477737
CE_MATERIAL:0.48745270515829425
CE_KINGSAFETY:0.5
C_PIECESQUARETABLES:0.5
C_MOBILITY:0.5000273697006792
C_KINGSAFETY:0.4925469210949234
C_PAWNSTRUCTURE:0.5
C_PIECECOORDINATION:0.5015864202918262
C_ROOK:0.5036332535940218
CE_ROOK:0.4964560462678721
C_CENTERCONTROL:0.5
C_DEVELOPPIECES:0.5069449826884757
C_MATERIAL:0.48217609310393933
C_MOVECOUNT:0.4936270663071781
C_PAWNMOVEMENT:0.5066463254037898
