ELO:988
CE_PASSEDPAWNS:0.44315509103581946
CE_PAWNWEAKNESSES:0.4871686258626535
CE_PIECEACTIVITY:0.46571480639590496
CE_KINGPAWNSHIELD:0.48977885706105706
CE_PIECECOORDINATION:0.5388731246618367
CE_MATERIAL:0.5439963081617791
CE_KINGSAFETY:0.4780641323469562
C_PIECESQUARETABLES:0.4771317163045222
C_MOBILITY:0.517058197877158
C_KINGSAFETY:0.5783483496958666
C_PAWNSTRUCTURE:0.48877153409783214
C_PIECECOORDINATION:0.4884812977851391
C_ROOKANDPAWNMOVEMENT:0.4884812977851391
C_CENTERCONTROL:0.5499298286013238
C_DEVELOPPIECES:0.46567355126912574
C_MATERIAL:0.48309889930146577
