ELO:976
CE_PASSEDPAWNS:0.49502171277051166
CE_PAWNWEAKNESSES:0.5015766750446977
CE_PIECEACTIVITY:0.4936349297259513
CE_KINGPAWNSHIELD:0.49489272740501017
CE_PIECECOORDINATION:0.48234985718585116
CE_MATERIAL:0.49941433850848643
CE_KINGSAFETY:0.5114759889354926
C_PIECESQUARETABLES:0.4945975343695731
C_MOBILITY:0.49245078802781855
C_KINGSAFETY:0.495805355437391
C_PAWNSTRUCTURE:0.5119316170770761
C_PIECECOORDINATION:0.49064872783433305
C_ROOK:0.4702156179417849
CE_ROOK:0.4835378427857248
C_CENTERCONTROL:0.49235732516410813
C_DEVELOPPIECES:0.5007727699985478
C_MATERIAL:0.4944817403073266
C_MOVECOUNT:0.4856136437837651
C_PAWNMOVEMENT:0.5070373005750219
