ELO:993
CE_PASSEDPAWNS:0.5083597225618307
CE_PAWNWEAKNESSES:0.5063123966736134
CE_PIECEACTIVITY:0.5075267910731507
CE_KINGPAWNSHIELD:0.4832399603696557
CE_PIECECOORDINATION:0.5032639292814017
CE_MATERIAL:0.4925285232485223
CE_KINGSAFETY:0.5119757894685596
C_PIECESQUARETABLES:0.5
C_MOBILITY:0.4970374410135489
C_KINGSAFETY:0.5090809236954122
C_PAWNSTRUCTURE:0.5249872260953996
C_PIECECOORDINATION:0.5105112746453342
C_ROOKANDPAWNMOVEMENT:0.5105112746453342
C_CENTERCONTROL:0.5156678176722576
C_DEVELOPPIECES:0.5176184565058554
C_MATERIAL:0.4946708221924562
C_MOVECOUNT:0.4973395828017751
