ELO:1007
CE_PASSEDPAWNS:0.48152937654177397
CE_PAWNWEAKNESSES:0.5
CE_PIECEACTIVITY:0.48767491007436914
CE_KINGPAWNSHIELD:0.47825646011805734
CE_PIECECOORDINATION:0.499361830153043
CE_MATERIAL:0.5
CE_KINGSAFETY:0.5
C_PIECESQUARETABLES:0.5
C_MOBILITY:0.5064612484935835
C_KINGSAFETY:0.48236427858169123
C_PAWNSTRUCTURE:0.5157177899555178
C_PIECECOORDINATION:0.5086379145145304
C_ROOKANDPAWNMOVEMENT:0.5086379145145304
C_CENTERCONTROL:0.49276234994260876
C_DEVELOPPIECES:0.5112071799846751
C_MATERIAL:0.49789447213421595
C_MOVECOUNT:0.5
