ELO:994
CE_PASSEDPAWNS:0.43998619370007874
CE_PAWNWEAKNESSES:0.45435529719210543
CE_PIECEACTIVITY:0.45331102742407975
CE_KINGPAWNSHIELD:0.3843516499831841
CE_PIECECOORDINATION:0.6131677141979838
CE_MATERIAL:0.5058603660861439
CE_KINGSAFETY:0.5
C_PIECESQUARETABLES:0.5
C_MOBILITY:0.42707119650261405
C_KINGSAFETY:0.4598050911355462
C_PAWNSTRUCTURE:0.5511810051279755
C_PIECECOORDINATION:0.5019648727235364
C_ROOKANDPAWNMOVEMENT:0.5019648727235364
C_CENTERCONTROL:0.5484048726493636
C_DEVELOPPIECES:0.40461262886758054
C_MATERIAL:0.6082322423683421
