ELO:1000
CE_PASSEDPAWNS:0.5083816260799517
CE_PAWNWEAKNESSES:0.4989989852953305
CE_PIECEACTIVITY:0.497368146718139
CE_KINGPAWNSHIELD:0.4948759566075325
CE_PIECECOORDINATION:0.5249085416075051
CE_MATERIAL:0.5230445715993562
CE_KINGSAFETY:0.48700252512450004
C_PIECESQUARETABLES:0.5043069652813105
C_MOBILITY:0.5054041803979658
C_KINGSAFETY:0.4912741993033886
C_PAWNSTRUCTURE:0.4979867171865762
C_PIECECOORDINATION:0.5013997869688481
C_ROOKANDPAWNMOVEMENT:0.5013997869688481
C_CENTERCONTROL:0.4901193295414559
C_DEVELOPPIECES:0.4987704293316401
C_MATERIAL:0.4856379096505303
