ELO:717
CE_PASSEDPAWNS:0.40575284828019414
CE_PAWNWEAKNESSES:0.4613185389537374
CE_PIECEACTIVITY:0.5360660961590918
CE_KINGPAWNSHIELD:0.47311404263856677
CE_PIECECOORDINATION:0.5541941315727065
CE_MATERIAL:0.5624831989383862
CE_KINGSAFETY:0.49764471857512355
C_PIECESQUARETABLES:0.5190248348847917
C_MOBILITY:0.3822782246922336
C_KINGSAFETY:0.5409137676290298
C_PAWNSTRUCTURE:0.5183719015005293
C_PIECECOORDINATION:0.5566010280793164
C_ROOKANDPAWNMOVEMENT:0.5566010280793164
C_CENTERCONTROL:0.5297511886419088
C_DEVELOPPIECES:0.5173807315546166
C_MATERIAL:0.5211104479461103
C_MOVECOUNT:0.46729989525837884
