ELO:964
CE_PASSEDPAWNS:0.4870713694607608
CE_PAWNWEAKNESSES:0.5121141182480404
CE_PIECEACTIVITY:0.4936349297259513
CE_KINGPAWNSHIELD:0.5053741644427331
CE_PIECECOORDINATION:0.49200507848245123
CE_MATERIAL:0.5081710215143724
CE_KINGSAFETY:0.4970394828146691
C_PIECESQUARETABLES:0.4975639940084269
C_MOBILITY:0.4967092138465998
C_KINGSAFETY:0.48740438982129614
C_PAWNSTRUCTURE:0.5119316170770761
C_PIECECOORDINATION:0.49748794872766594
C_ROOK:0.4580815881605171
CE_ROOK:0.4733988706296522
C_CENTERCONTROL:0.49235732516410813
C_DEVELOPPIECES:0.4989013425423517
C_MATERIAL:0.49627231568642577
C_MOVECOUNT:0.47570913719278163
C_PAWNMOVEMENT:0.5070373005750219
