ELO:983
CE_PASSEDPAWNS:0.49848749714945934
CE_PAWNWEAKNESSES:0.5063123966736134
CE_PIECEACTIVITY:0.5064486395673845
CE_KINGPAWNSHIELD:0.48917593815123656
CE_PIECECOORDINATION:0.5032639292814017
CE_MATERIAL:0.4925285232485223
CE_KINGSAFETY:0.49981257721690264
C_PIECESQUARETABLES:0.5
C_MOBILITY:0.4970374410135489
C_KINGSAFETY:0.5149565282581071
C_PAWNSTRUCTURE:0.5211343821640738
C_PIECECOORDINATION:0.5139789499765481
C_ROOKANDPAWNMOVEMENT:0.5139789499765481
C_CENTERCONTROL:0.5039596249053787
C_DEVELOPPIECES:0.5184363518562646
C_MATERIAL:0.4946708221924562
C_MOVECOUNT:0.4910669505312898
