ELO:936
CE_PASSEDPAWNS:0.5452797973207433
CE_PAWNWEAKNESSES:0.5391873989074966
CE_PIECEACTIVITY:0.5153652161263697
CE_KINGPAWNSHIELD:0.5224525325004644
CE_PIECECOORDINATION:0.5272897184177182
CE_MATERIAL:0.5098551749449202
CE_KINGSAFETY:0.5133890286392369
C_PIECESQUARETABLES:0.5047036629576763
C_MOBILITY:0.4862266414284738
C_KINGSAFETY:0.5346069563757719
C_PAWNSTRUCTURE:0.471742967549863
C_PIECECOORDINATION:0.4748916623334087
C_ROOKANDPAWNMOVEMENT:0.4748916623334087
C_CENTERCONTROL:0.5141202770795077
C_DEVELOPPIECES:0.515537679543409
C_MATERIAL:0.4826346828293472
C_MOVECOUNT:0.5
