ELO:1043
CE_PASSEDPAWNS:0.5200452253440752
CE_PAWNWEAKNESSES:0.5
CE_PIECEACTIVITY:0.5
CE_KINGPAWNSHIELD:0.5
CE_PIECECOORDINATION:0.5079009972921412
CE_MATERIAL:0.5
CE_KINGSAFETY:0.4905251667203456
C_PIECESQUARETABLES:0.4941072907522719
C_MOBILITY:0.5
C_KINGSAFETY:0.5080464507407272
C_PAWNSTRUCTURE:0.5
C_PIECECOORDINATION:0.5
C_ROOK:0.5
CE_ROOK:0.5
C_CENTERCONTROL:0.5
C_DEVELOPPIECES:0.4910460105043598
C_MATERIAL:0.4901810527436824
C_MOVECOUNT:0.5
C_PAWNMOVEMENT:0.5
