ELO:1000
CE_PASSEDPAWNS:0.49700240680057334
CE_PAWNWEAKNESSES:0.5042821471559352
CE_PIECEACTIVITY:0.4947772051861084
CE_KINGPAWNSHIELD:0.48929255348076695
CE_PIECECOORDINATION:0.5080848746202942
CE_MATERIAL:0.5073822818837196
CE_KINGSAFETY:0.4959403145864104
C_PIECESQUARETABLES:0.5
C_MOBILITY:0.49552516718920897
C_KINGSAFETY:0.5
C_PAWNSTRUCTURE:0.5
C_PIECECOORDINATION:0.5
C_ROOKANDPAWNMOVEMENT:0.5
C_CENTERCONTROL:0.5
C_DEVELOPPIECES:0.5
C_MATERIAL:0.4943507233577875
