ELO:956
CE_PASSEDPAWNS:0.5517098913142292
CE_PAWNWEAKNESSES:0.5772199224093111
CE_PIECEACTIVITY:0.5744226301298224
CE_KINGPAWNSHIELD:0.536788271195198
CE_PIECECOORDINATION:0.510529546411989
CE_MATERIAL:0.40591845226083617
CE_KINGSAFETY:0.5077959781315924
C_PIECESQUARETABLES:0.49164545287135203
C_MOBILITY:0.4836501457424152
C_KINGSAFETY:0.43176007535357014
C_PAWNSTRUCTURE:0.48117609872105954
C_PIECECOORDINATION:0.5198646621920975
C_ROOKANDPAWNMOVEMENT:0.5198646621920975
C_CENTERCONTROL:0.4781779536824452
C_DEVELOPPIECES:0.4405405699549048
C_MATERIAL:0.4225403138637969
