ELO:948
CE_PASSEDPAWNS:0.5106012965955902
CE_PAWNWEAKNESSES:0.5079533864481035
CE_PIECEACTIVITY:0.5049836131904516
CE_KINGPAWNSHIELD:0.520849936887223
CE_PIECECOORDINATION:0.5001893986805818
CE_MATERIAL:0.5030539522617592
CE_KINGSAFETY:0.5149776952692143
C_PIECESQUARETABLES:0.49603763495563563
C_MOBILITY:0.47245471271174083
C_KINGSAFETY:0.5040338476823872
C_PAWNSTRUCTURE:0.49186526602024083
C_PIECECOORDINATION:0.49507643880610386
C_ROOKANDPAWNMOVEMENT:0.49507643880610386
C_CENTERCONTROL:0.5228947967204662
C_DEVELOPPIECES:0.5060376568165595
C_MATERIAL:0.49552894398989256
C_MOVECOUNT:0.46891362665495984
