ELO:1020
CE_PASSEDPAWNS:0.527494111149836
CE_PAWNWEAKNESSES:0.48396006495068156
CE_PIECEACTIVITY:0.5034683874290813
CE_KINGPAWNSHIELD:0.4805823021636995
CE_PIECECOORDINATION:0.49090611855349686
CE_MATERIAL:0.5127784846434584
CE_KINGSAFETY:0.5
C_PIECESQUARETABLES:0.5
C_MOBILITY:0.5014640266235872
C_KINGSAFETY:0.49780795929225014
C_PAWNSTRUCTURE:0.524334623024627
C_PIECECOORDINATION:0.5237433802912844
C_ROOK:0.5182859008400511
CE_ROOK:0.518072906126279
C_CENTERCONTROL:0.5201308160764048
C_DEVELOPPIECES:0.5070915713908951
C_MATERIAL:0.49879964516322967
C_MOVECOUNT:0.5114060774088982
C_PAWNMOVEMENT:0.502896661065934
