ELO:1000
CE_PASSEDPAWNS:0.5196255792586484
CE_PAWNWEAKNESSES:0.5380279125070151
CE_PIECEACTIVITY:0.5480332289261917
CE_KINGPAWNSHIELD:0.5416271274896495
CE_PIECECOORDINATION:0.5268257892241995
CE_MATERIAL:0.42321989630739326
CE_KINGSAFETY:0.5050311397867221
C_PIECESQUARETABLES:0.4981503112743459
C_MOBILITY:0.5442689212125588
C_KINGSAFETY:0.4648091763782878
C_PAWNSTRUCTURE:0.482876209914573
C_PIECECOORDINATION:0.4523120500108462
C_ROOKANDPAWNMOVEMENT:0.4523120500108462
C_CENTERCONTROL:0.48580131053940095
C_DEVELOPPIECES:0.4176931904480007
C_MATERIAL:0.4583266525246577
