ELO:736
CE_PASSEDPAWNS:0.5677698830651824
CE_PAWNWEAKNESSES:0.49508839492093076
CE_PIECEACTIVITY:0.4936262390650233
CE_KINGPAWNSHIELD:0.45072131265841414
CE_PIECECOORDINATION:0.44953031819253797
CE_MATERIAL:0.4213527533321942
CE_KINGSAFETY:0.5244851208351553
C_PIECESQUARETABLES:0.4770586602566351
C_MOBILITY:0.47223881327863965
C_KINGSAFETY:0.4040190698508399
C_PAWNSTRUCTURE:0.5123119753230061
C_PIECECOORDINATION:0.5363759056787925
C_ROOKANDPAWNMOVEMENT:0.5363759056787925
C_CENTERCONTROL:0.5066722101913849
C_DEVELOPPIECES:0.4861988147446018
C_MATERIAL:0.4895284192783456
C_MOVECOUNT:0.4432960476367102
