ELO:988
CE_PASSEDPAWNS:0.521696994521181
CE_PAWNWEAKNESSES:0.5166409821462664
CE_PIECEACTIVITY:0.49246169589418837
CE_KINGPAWNSHIELD:0.5025507360126594
CE_PIECECOORDINATION:0.4758392604512617
CE_MATERIAL:0.5073654259926267
CE_KINGSAFETY:0.4943102013674567
C_PIECESQUARETABLES:0.49622264380478803
C_MOBILITY:0.4937559906767215
C_KINGSAFETY:0.5010921052954662
C_PAWNSTRUCTURE:0.5078545320386993
C_PIECECOORDINATION:0.5060820950635248
C_ROOK:0.46530445132280457
CE_ROOK:0.49335974347408423
C_CENTERCONTROL:0.5030665430667578
C_DEVELOPPIECES:0.4910869182580161
C_MATERIAL:0.49625382775817306
C_MOVECOUNT:0.45993138121384947
C_PAWNMOVEMENT:0.5154966427698681
