ELO:984
CE_PASSEDPAWNS:0.5216959179280186
CE_PAWNWEAKNESSES:0.4967122445602466
CE_PIECEACTIVITY:0.511476046772716
CE_KINGPAWNSHIELD:0.49584051319997086
CE_PIECECOORDINATION:0.5004394403468185
CE_MATERIAL:0.515309546650612
CE_KINGSAFETY:0.5
C_PIECESQUARETABLES:0.49000545878921403
C_MOBILITY:0.4967079037435526
C_KINGSAFETY:0.47536327495489394
C_PAWNSTRUCTURE:0.5031634311278237
C_PIECECOORDINATION:0.5166907301161321
C_ROOKANDPAWNMOVEMENT:0.5166907301161321
C_CENTERCONTROL:0.5003974104993488
C_DEVELOPPIECES:0.5169433430230224
C_MATERIAL:0.4870309101248285
C_MOVECOUNT:0.5006169612313478
