ELO:928
CE_PASSEDPAWNS:0.5058693647361531
CE_PAWNWEAKNESSES:0.5098875705725172
CE_PIECEACTIVITY:0.5096917743532858
CE_KINGPAWNSHIELD:0.44975337617856165
CE_PIECECOORDINATION:0.45944668297882546
CE_MATERIAL:0.5045394290582833
CE_KINGSAFETY:0.5386629702298691
C_PIECESQUARETABLES:0.51308383439742
C_MOBILITY:0.49055684186186577
C_KINGSAFETY:0.4871396258959687
C_PAWNSTRUCTURE:0.48795652921601507
C_PIECECOORDINATION:0.4925800434173502
C_ROOKANDPAWNMOVEMENT:0.4925800434173502
C_CENTERCONTROL:0.4907161317278509
C_DEVELOPPIECES:0.5367155461120003
C_MATERIAL:0.5880362001444629
C_MOVECOUNT:0.5
