ELO:1013
CE_PASSEDPAWNS:0.527494111149836
CE_PAWNWEAKNESSES:0.5092242100524107
CE_PIECEACTIVITY:0.5180690068294841
CE_KINGPAWNSHIELD:0.5006846271677258
CE_PIECECOORDINATION:0.5063329275755295
CE_MATERIAL:0.4783292568145336
CE_KINGSAFETY:0.5
C_PIECESQUARETABLES:0.5
C_MOBILITY:0.5211265398890225
C_KINGSAFETY:0.4884726715446014
C_PAWNSTRUCTURE:0.5084365287501169
C_PIECECOORDINATION:0.53726239249288
C_ROOK:0.5099060923727498
CE_ROOK:0.4767635087560862
C_CENTERCONTROL:0.47943340078692964
C_DEVELOPPIECES:0.5010440137727993
C_MATERIAL:0.493558950881213
C_MOVECOUNT:0.5151291691290685
C_PAWNMOVEMENT:0.5130604514977438
