ELO:926
CE_PASSEDPAWNS:0.5593995773701871
CE_PAWNWEAKNESSES:0.5580039955230196
CE_PIECEACTIVITY:0.5974351703957409
CE_KINGPAWNSHIELD:0.5220180599898108
CE_PIECECOORDINATION:0.4628194644691248
CE_MATERIAL:0.4217356967127246
CE_KINGSAFETY:0.46863982662915527
C_PIECESQUARETABLES:0.4509024573107009
C_MOBILITY:0.5460052553412181
C_KINGSAFETY:0.4485051833476402
C_PAWNSTRUCTURE:0.47878646583957696
C_PIECECOORDINATION:0.5064364067933184
C_ROOKANDPAWNMOVEMENT:0.5064364067933184
C_CENTERCONTROL:0.48657555016407616
C_DEVELOPPIECES:0.4374253806816121
C_MATERIAL:0.4009015705544999
