ELO:1000
CE_PASSEDPAWNS:0.4979301564201567
CE_PAWNWEAKNESSES:0.48864399663070557
CE_PIECEACTIVITY:0.479240833357273
CE_KINGPAWNSHIELD:0.5068979085649984
CE_PIECECOORDINATION:0.5099790164140938
CE_MATERIAL:0.5204948277077963
CE_KINGSAFETY:0.5267682170583616
C_PIECESQUARETABLES:0.5248495574954568
C_MOBILITY:0.5240670703860136
C_KINGSAFETY:0.4710849382508326
C_PAWNSTRUCTURE:0.5079088567607223
C_PIECECOORDINATION:0.45885612485744115
C_ROOKANDPAWNMOVEMENT:0.45885612485744115
C_CENTERCONTROL:0.4636304562783436
C_DEVELOPPIECES:0.49428492594221735
C_MATERIAL:0.4790346660120548
