ELO:1318
CE_PASSEDPAWNS:0.5092417126352162
CE_PAWNWEAKNESSES:0.5918317009246495
CE_PIECEACTIVITY:0.5618130261553815
CE_KINGPAWNSHIELD:0.4865580759825473
CE_PIECECOORDINATION:0.4873024344899622
CE_MATERIAL:0.43782023180886875
CE_KINGSAFETY:0.5
C_PIECESQUARETABLES:0.49972726654750155
C_MOBILITY:0.45462343657720244
C_KINGSAFETY:0.3995663984708149
C_PAWNSTRUCTURE:0.5965506141169289
C_PIECECOORDINATION:0.4819686396686038
C_ROOKANDPAWNMOVEMENT:0.4819686396686038
C_CENTERCONTROL:0.5310609292704748
C_DEVELOPPIECES:0.4354565758289883
C_MATERIAL:0.5852273520815372
