ELO:931
CE_PASSEDPAWNS:0.5003105595967094
CE_PAWNWEAKNESSES:0.4102391625110797
CE_PIECEACTIVITY:0.5311242125349831
CE_KINGPAWNSHIELD:0.5179120541443666
CE_PIECECOORDINATION:0.43417753083189575
CE_MATERIAL:0.5733531471197849
CE_KINGSAFETY:0.49100276238804713
C_PIECESQUARETABLES:0.4978168443164282
C_MOBILITY:0.6221351965975396
C_KINGSAFETY:0.6013005999894138
C_PAWNSTRUCTURE:0.5202603443235844
C_PIECECOORDINATION:0.5104533399285158
C_ROOKANDPAWNMOVEMENT:0.5104533399285158
C_CENTERCONTROL:0.43789657026780027
C_DEVELOPPIECES:0.45354599126502054
C_MATERIAL:0.459298878911293
