ELO:950
CE_PASSEDPAWNS:0.5114822981148718
CE_PAWNWEAKNESSES:0.5366145543519175
CE_PIECEACTIVITY:0.514523762152912
CE_KINGPAWNSHIELD:0.5322831426786377
CE_PIECECOORDINATION:0.5124887192393485
CE_MATERIAL:0.5360164910964996
CE_KINGSAFETY:0.504452804240385
C_PIECESQUARETABLES:0.4887844360705638
C_MOBILITY:0.5187071159019947
C_KINGSAFETY:0.5093850413030632
C_PAWNSTRUCTURE:0.44916291307420314
C_PIECECOORDINATION:0.4932740022339182
C_ROOK:0.4756302184420867
CE_ROOK:0.5251734066451987
C_CENTERCONTROL:0.4966448088103526
C_DEVELOPPIECES:0.4656259040548698
C_MATERIAL:0.48408833447656313
C_MOVECOUNT:0.5021090433066939
C_PAWNMOVEMENT:0.49629484643757704
