ELO:953
CE_PASSEDPAWNS:0.5106831993629178
CE_PAWNWEAKNESSES:0.5450505557480864
CE_PIECEACTIVITY:0.514523762152912
CE_KINGPAWNSHIELD:0.5411346507372411
CE_PIECECOORDINATION:0.5124887192393485
CE_MATERIAL:0.5340700925213593
CE_KINGSAFETY:0.504452804240385
C_PIECESQUARETABLES:0.4887844360705638
C_MOBILITY:0.5187071159019947
C_KINGSAFETY:0.4998533939855695
C_PAWNSTRUCTURE:0.44916291307420314
C_PIECECOORDINATION:0.4888833176932727
C_ROOK:0.486561922999339
CE_ROOK:0.5180543019060359
C_CENTERCONTROL:0.503301825214433
C_DEVELOPPIECES:0.4656259040548698
C_MATERIAL:0.48408833447656313
C_MOVECOUNT:0.4797459363081349
C_PAWNMOVEMENT:0.49629484643757704
