ELO:1037
CE_PASSEDPAWNS:0.5108635416913931
CE_PAWNWEAKNESSES:0.5127463676327171
CE_PIECEACTIVITY:0.511012970018578
CE_KINGPAWNSHIELD:0.48439111987816147
CE_PIECECOORDINATION:0.5
CE_MATERIAL:0.5164283726904472
CE_KINGSAFETY:0.5
C_PIECESQUARETABLES:0.5
C_MOBILITY:0.504823827575738
C_KINGSAFETY:0.518075778095395
C_PAWNSTRUCTURE:0.5045900779944807
C_PIECECOORDINATION:0.4998421476133073
C_ROOKANDPAWNMOVEMENT:0.4998421476133073
C_CENTERCONTROL:0.5067472484023048
C_DEVELOPPIECES:0.4967089684769039
C_MATERIAL:0.5047776193780118
C_MOVECOUNT:0.5175282656940579
