ELO:995
CE_PASSEDPAWNS:0.5053649694425523
CE_PAWNWEAKNESSES:0.5203944526917241
CE_PIECEACTIVITY:0.5056510145466128
CE_KINGPAWNSHIELD:0.5599465954910741
CE_PIECECOORDINATION:0.5138962178399454
CE_MATERIAL:0.5556782272251335
CE_KINGSAFETY:0.5002985651345839
C_PIECESQUARETABLES:0.5
C_MOBILITY:0.4973804783982968
C_KINGSAFETY:0.5577804440501312
C_PAWNSTRUCTURE:0.62436365227218
C_PIECECOORDINATION:0.5174404279665327
C_ROOKANDPAWNMOVEMENT:0.5174404279665327
C_CENTERCONTROL:0.3628208528192532
C_DEVELOPPIECES:0.5023906881174487
C_MATERIAL:0.5846677000346486
