ELO:945
CE_PASSEDPAWNS:0.5064278892034106
CE_PAWNWEAKNESSES:0.5047488623739336
CE_PIECEACTIVITY:0.5544177209285175
CE_KINGPAWNSHIELD:0.5041117853043765
CE_PIECECOORDINATION:0.49441099086145557
CE_MATERIAL:0.5019830518246641
CE_KINGSAFETY:0.492531900382955
C_PIECESQUARETABLES:0.4975407346057753
C_MOBILITY:0.4841917761239723
C_KINGSAFETY:0.498491384860237
C_PAWNSTRUCTURE:0.4988291219136287
C_PIECECOORDINATION:0.506606824178508
C_ROOKANDPAWNMOVEMENT:0.506606824178508
C_CENTERCONTROL:0.5035324174018584
C_DEVELOPPIECES:0.47983111075482016
C_MATERIAL:0.5456546465793256
C_MOVECOUNT:0.4849192642615904
