ELO:1000
CE_PASSEDPAWNS:0.5012267282296873
CE_PAWNWEAKNESSES:0.4713758472706937
CE_PIECEACTIVITY:0.5195810813228444
CE_KINGPAWNSHIELD:0.5188301895348171
CE_PIECECOORDINATION:0.4924698939494883
CE_MATERIAL:0.49736099964991776
CE_KINGSAFETY:0.4723763415988779
C_PIECESQUARETABLES:0.47766034286419995
C_MOBILITY:0.5083640649498626
C_KINGSAFETY:0.5257892384740621
C_PAWNSTRUCTURE:0.48564387416742344
C_PIECECOORDINATION:0.49464026843541525
C_ROOKANDPAWNMOVEMENT:0.49464026843541525
C_CENTERCONTROL:0.49800139219808454
C_DEVELOPPIECES:0.4768155371567685
C_MATERIAL:0.4923971226215746
