ELO:1026
CE_PASSEDPAWNS:0.5035977432918242
CE_PAWNWEAKNESSES:0.49820233696789046
CE_PIECEACTIVITY:0.5
CE_KINGPAWNSHIELD:0.5108806717843566
CE_PIECECOORDINATION:0.5055124310218667
CE_MATERIAL:0.5
CE_KINGSAFETY:0.49929394397170046
C_PIECESQUARETABLES:0.4944111318021708
C_MOBILITY:0.5
C_KINGSAFETY:0.5093741701525988
C_PAWNSTRUCTURE:0.5
C_PIECECOORDINATION:0.49569332088176404
C_ROOKANDPAWNMOVEMENT:0.49569332088176404
C_CENTERCONTROL:0.5259042344117802
C_DEVELOPPIECES:0.5
C_MATERIAL:0.48190844123690885
C_MOVECOUNT:0.5
