ELO:962
CE_PASSEDPAWNS:0.4881245569127865
CE_PAWNWEAKNESSES:0.5081628139235805
CE_PIECEACTIVITY:0.5042298033892655
CE_KINGPAWNSHIELD:0.48556303899016967
CE_PIECECOORDINATION:0.5228807509494446
CE_MATERIAL:0.48976753563213743
CE_KINGSAFETY:0.5113855151214869
C_PIECESQUARETABLES:0.5171895121858152
C_MOBILITY:0.4861508329046601
C_KINGSAFETY:0.4828900321678321
C_PAWNSTRUCTURE:0.5145462837328233
C_PIECECOORDINATION:0.5136420990944047
C_ROOK:0.48410265877008196
CE_ROOK:0.4881502053270104
C_CENTERCONTROL:0.49931920481640923
C_DEVELOPPIECES:0.48660530276002856
C_MATERIAL:0.5058997018670226
C_MOVECOUNT:0.4932423921197782
C_PAWNMOVEMENT:0.5279312211897662
