ELO:1255
CE_PASSEDPAWNS:0.4044021109818718
CE_PAWNWEAKNESSES:0.6126588636670341
CE_PIECEACTIVITY:0.4255948402422537
CE_KINGPAWNSHIELD:0.4018912664076091
CE_PIECECOORDINATION:0.5326794059991441
CE_MATERIAL:0.35943910720682276
CE_KINGSAFETY:0.5
C_PIECESQUARETABLES:0.5
C_MOBILITY:0.3910770357088864
C_KINGSAFETY:0.4059744259724239
C_PAWNSTRUCTURE:0.6107924151544044
C_PIECECOORDINATION:0.5492234636891075
C_ROOKANDPAWNMOVEMENT:0.5492234636891075
C_CENTERCONTROL:0.5147140926649106
C_DEVELOPPIECES:0.5664895485205443
C_MATERIAL:0.6320895787071104
