ELO:1033
CE_PASSEDPAWNS:0.49636790520781887
CE_PAWNWEAKNESSES:0.5
CE_PIECEACTIVITY:0.5
CE_KINGPAWNSHIELD:0.5236576530138782
CE_PIECECOORDINATION:0.5
CE_MATERIAL:0.49507645590262955
CE_KINGSAFETY:0.5037244949763612
C_PIECESQUARETABLES:0.507740552043015
C_MOBILITY:0.5075846369921483
C_KINGSAFETY:0.4995765928745827
C_PAWNSTRUCTURE:0.5055170553428224
C_PIECECOORDINATION:0.5
C_ROOKANDPAWNMOVEMENT:0.5
C_CENTERCONTROL:0.48383978538005745
C_DEVELOPPIECES:0.5103411953853907
C_MATERIAL:0.4990383809606703
C_MOVECOUNT:0.5
