ELO:959
CE_PASSEDPAWNS:0.5020036037464923
CE_PAWNWEAKNESSES:0.5323935065445112
CE_PIECEACTIVITY:0.5108880755023493
CE_KINGPAWNSHIELD:0.5085638581827511
CE_PIECECOORDINATION:0.4954518750581739
CE_MATERIAL:0.5252812965452858
CE_KINGSAFETY:0.516488457184637
C_PIECESQUARETABLES:0.504187627561256
C_MOBILITY:0.5197060867373162
C_KINGSAFETY:0.501329411545384
C_PAWNSTRUCTURE:0.48374615639368496
C_PIECECOORDINATION:0.49833763109168255
C_ROOK:0.5131391155082802
CE_ROOK:0.5129926732335027
C_CENTERCONTROL:0.5084187999152155
C_DEVELOPPIECES:0.4651810026990493
C_MATERIAL:0.48494868390343304
C_MOVECOUNT:0.47572208649043507
C_PAWNMOVEMENT:0.5028051501946601
