ELO:937
CE_PASSEDPAWNS:0.46621715091497173
CE_PAWNWEAKNESSES:0.39340086734407487
CE_PIECEACTIVITY:0.5203202796720119
CE_KINGPAWNSHIELD:0.4996498782698005
CE_PIECECOORDINATION:0.37104725987223736
CE_MATERIAL:0.6271761180479178
CE_KINGSAFETY:0.46469834675190724
C_PIECESQUARETABLES:0.5433223169516233
C_MOBILITY:0.6675358088526396
C_KINGSAFETY:0.5536947101413902
C_PAWNSTRUCTURE:0.48562276558581957
C_PIECECOORDINATION:0.5296747535061473
C_ROOKANDPAWNMOVEMENT:0.5296747535061473
C_CENTERCONTROL:0.4870748850762368
C_DEVELOPPIECES:0.4520078860906637
C_MATERIAL:0.44072936064103285
