ELO:1313
CE_PASSEDPAWNS:0.5242284781791774
CE_PAWNWEAKNESSES:0.49034904875102814
CE_PIECEACTIVITY:0.5618130261553815
CE_KINGPAWNSHIELD:0.41461537126804043
CE_PIECECOORDINATION:0.4873024344899622
CE_MATERIAL:0.43782023180886875
CE_KINGSAFETY:0.5
C_PIECESQUARETABLES:0.49058598871998493
C_MOBILITY:0.45462343657720244
C_KINGSAFETY:0.4103337908500484
C_PAWNSTRUCTURE:0.6032399756321999
C_PIECECOORDINATION:0.4819686396686038
C_ROOKANDPAWNMOVEMENT:0.4819686396686038
C_CENTERCONTROL:0.5065719737628811
C_DEVELOPPIECES:0.4354565758289883
C_MATERIAL:0.5852273520815372
