ELO:1055
CE_PASSEDPAWNS:0.4782439222271057
CE_PAWNWEAKNESSES:0.5698219771467662
CE_PIECEACTIVITY:0.39635184151541014
CE_KINGPAWNSHIELD:0.4181592127423635
CE_PIECECOORDINATION:0.5097988171153641
CE_MATERIAL:0.4281366858339741
CE_KINGSAFETY:0.5
C_PIECESQUARETABLES:0.5
C_MOBILITY:0.6106431556756368
C_KINGSAFETY:0.4598050911355462
C_PAWNSTRUCTURE:0.5917108227469081
C_PIECECOORDINATION:0.4890240639057343
C_ROOKANDPAWNMOVEMENT:0.4890240639057343
C_CENTERCONTROL:0.5482880801453185
C_DEVELOPPIECES:0.41032386836039497
C_MATERIAL:0.532262003525403
