ELO:1033
CE_PASSEDPAWNS:0.5
CE_PAWNWEAKNESSES:0.5
CE_PIECEACTIVITY:0.5
CE_KINGPAWNSHIELD:0.5001699309388536
CE_PIECECOORDINATION:0.4949356864240855
CE_MATERIAL:0.5
CE_KINGSAFETY:0.5
C_PIECESQUARETABLES:0.5
C_MOBILITY:0.5
C_KINGSAFETY:0.4901679263244641
C_PAWNSTRUCTURE:0.5011944029492685
C_PIECECOORDINATION:0.5054650228001291
C_ROOKANDPAWNMOVEMENT:0.5054650228001291
C_CENTERCONTROL:0.5
C_DEVELOPPIECES:0.5115221126113145
C_MATERIAL:0.5
C_MOVECOUNT:0.5
