ELO:1158
CE_PASSEDPAWNS:0.40284453885677524
CE_PAWNWEAKNESSES:0.5766202175451366
CE_PIECEACTIVITY:0.45731317843015934
CE_KINGPAWNSHIELD:0.48841573438909003
CE_PIECECOORDINATION:0.4905059920629961
CE_MATERIAL:0.35943910720682276
CE_KINGSAFETY:0.5
C_PIECESQUARETABLES:0.5
C_MOBILITY:0.3465104698062914
C_KINGSAFETY:0.35456652827360086
C_PAWNSTRUCTURE:0.6098112579911965
C_PIECECOORDINATION:0.5447852188236804
C_ROOKANDPAWNMOVEMENT:0.5447852188236804
C_CENTERCONTROL:0.4989420268890047
C_DEVELOPPIECES:0.5528173797779841
C_MATERIAL:0.622840321325036
