ELO:1256
CE_PASSEDPAWNS:0.40442257841419577
CE_PAWNWEAKNESSES:0.5918317009246495
CE_PIECEACTIVITY:0.45364952219460847
CE_KINGPAWNSHIELD:0.37833845187161197
CE_PIECECOORDINATION:0.49970865443417917
CE_MATERIAL:0.49159087814525143
CE_KINGSAFETY:0.5
C_PIECESQUARETABLES:0.4917613082865005
C_MOBILITY:0.41792218430326816
C_KINGSAFETY:0.38719224955997605
C_PAWNSTRUCTURE:0.5198595460926635
C_PIECECOORDINATION:0.5947067428619455
C_ROOKANDPAWNMOVEMENT:0.5947067428619455
C_CENTERCONTROL:0.4989420268890047
C_DEVELOPPIECES:0.4508259825802135
C_MATERIAL:0.5638506673996677
