ELO:964
CE_PASSEDPAWNS:0.4991774148785142
CE_PAWNWEAKNESSES:0.5502057341505758
CE_PIECEACTIVITY:0.4338854651301023
CE_KINGPAWNSHIELD:0.4924003642372732
CE_PIECECOORDINATION:0.5414567829819575
CE_MATERIAL:0.5266164504273333
CE_KINGSAFETY:0.519940784597798
C_PIECESQUARETABLES:0.5044063088452062
C_MOBILITY:0.5544101336885098
C_KINGSAFETY:0.5364343773731036
C_PAWNSTRUCTURE:0.5178216896822769
C_PIECECOORDINATION:0.45333027050957814
C_ROOKANDPAWNMOVEMENT:0.45333027050957814
C_CENTERCONTROL:0.4810759206980966
C_DEVELOPPIECES:0.3892748546539299
C_MATERIAL:0.40645719823426074
