ELO:958
CE_PASSEDPAWNS:0.4769652224162941
CE_PAWNWEAKNESSES:0.41598193574735254
CE_PIECEACTIVITY:0.5542302256849562
CE_KINGPAWNSHIELD:0.5216500012032663
CE_PIECECOORDINATION:0.46275564310876266
CE_MATERIAL:0.5676139258698346
CE_KINGSAFETY:0.503746743397904
C_PIECESQUARETABLES:0.5048226641659013
C_MOBILITY:0.6128786272528687
C_KINGSAFETY:0.5707024379776632
C_PAWNSTRUCTURE:0.48672399182495873
C_PIECECOORDINATION:0.4961707198499893
C_ROOKANDPAWNMOVEMENT:0.4961707198499893
C_CENTERCONTROL:0.4537284212625929
C_DEVELOPPIECES:0.4584493119051578
C_MATERIAL:0.4614291691187765
