ELO:1135
CE_PASSEDPAWNS:0.4522391623994131
CE_PAWNWEAKNESSES:0.5942385255537602
CE_PIECEACTIVITY:0.5808761366796976
CE_KINGPAWNSHIELD:0.6208131797722044
CE_PIECECOORDINATION:0.4648305841343909
CE_MATERIAL:0.43222048344819447
CE_KINGSAFETY:0.5
C_PIECESQUARETABLES:0.5
C_MOBILITY:0.4181832190547694
C_KINGSAFETY:0.5163654967756759
C_PAWNSTRUCTURE:0.4417501100211813
C_PIECECOORDINATION:0.4890304940126096
C_ROOKANDPAWNMOVEMENT:0.4890304940126096
C_CENTERCONTROL:0.5059524994740475
C_DEVELOPPIECES:0.5613509636033536
C_MATERIAL:0.4063918105112338
