ELO:797
CE_PASSEDPAWNS:0.5266180865200164
CE_PAWNWEAKNESSES:0.4986432297342727
CE_PIECEACTIVITY:0.5109533536493164
CE_KINGPAWNSHIELD:0.45273818109157293
CE_PIECECOORDINATION:0.48891877667577804
CE_MATERIAL:0.4598154644949431
CE_KINGSAFETY:0.4728783129983282
C_PIECESQUARETABLES:0.5360356829554604
C_MOBILITY:0.4984563596041814
C_KINGSAFETY:0.5184420164016919
C_PAWNSTRUCTURE:0.6352289930969346
C_PIECECOORDINATION:0.41045608607932116
C_ROOKANDPAWNMOVEMENT:0.41045608607932116
C_CENTERCONTROL:0.5560015312675505
C_DEVELOPPIECES:0.4483503532908985
C_MATERIAL:0.5524503211259696
