ELO:868
CE_PASSEDPAWNS:0.4944922935643559
CE_PAWNWEAKNESSES:0.536106271277318
CE_PIECEACTIVITY:0.5561365559308965
CE_KINGPAWNSHIELD:0.49543875752670097
CE_PIECECOORDINATION:0.41974087798582155
CE_MATERIAL:0.5326103172301301
CE_KINGSAFETY:0.49206786120619167
C_PIECESQUARETABLES:0.5194652463972433
C_MOBILITY:0.4434559036052493
C_KINGSAFETY:0.4759222849416519
C_PAWNSTRUCTURE:0.4616514176329679
C_PIECECOORDINATION:0.5325935029140404
C_ROOKANDPAWNMOVEMENT:0.5325935029140404
C_CENTERCONTROL:0.605154797803159
C_DEVELOPPIECES:0.5150262988245452
C_MATERIAL:0.481216890994433
