ELO:819
CE_PASSEDPAWNS:0.46365894697590665
CE_PAWNWEAKNESSES:0.5014297622519832
CE_PIECEACTIVITY:0.5015451372050933
CE_KINGPAWNSHIELD:0.548795284484921
CE_PIECECOORDINATION:0.442530471781445
CE_MATERIAL:0.5084205191978439
CE_KINGSAFETY:0.4699693208733114
C_PIECESQUARETABLES:0.5205016072670796
C_MOBILITY:0.37559320982266164
C_KINGSAFETY:0.4814463019656098
C_PAWNSTRUCTURE:0.5592395997055081
C_PIECECOORDINATION:0.45579333542149447
C_ROOKANDPAWNMOVEMENT:0.45579333542149447
C_CENTERCONTROL:0.5018396124496576
C_DEVELOPPIECES:0.4726152418383672
C_MATERIAL:0.49750012538964056
C_MOVECOUNT:0.5
