ELO:921
CE_PASSEDPAWNS:0.47582196562186463
CE_PAWNWEAKNESSES:0.503615948662344
CE_PIECEACTIVITY:0.4799202253514686
CE_KINGPAWNSHIELD:0.47661044912218525
CE_PIECECOORDINATION:0.499785312542418
CE_MATERIAL:0.532742636558527
CE_KINGSAFETY:0.4954551007159904
C_PIECESQUARETABLES:0.5041178926320392
C_MOBILITY:0.4373749940716641
C_KINGSAFETY:0.49806531511562196
C_PAWNSTRUCTURE:0.5145936045025369
C_PIECECOORDINATION:0.5031243678823911
C_ROOKANDPAWNMOVEMENT:0.5031243678823911
C_CENTERCONTROL:0.5494298132866599
C_DEVELOPPIECES:0.4668632743844986
C_MATERIAL:0.4342878843097069
C_MOVECOUNT:0.48370367851609924
