ELO:1033
CE_PASSEDPAWNS:0.4938368935589593
CE_PAWNWEAKNESSES:0.5
CE_PIECEACTIVITY:0.5
CE_KINGPAWNSHIELD:0.5
CE_PIECECOORDINATION:0.4949356864240855
CE_MATERIAL:0.5121239755084155
CE_KINGSAFETY:0.47640029649824583
C_PIECESQUARETABLES:0.5
C_MOBILITY:0.5
C_KINGSAFETY:0.5
C_PAWNSTRUCTURE:0.5090393773035198
C_PIECECOORDINATION:0.5019189631318313
C_ROOKANDPAWNMOVEMENT:0.5019189631318313
C_CENTERCONTROL:0.5
C_DEVELOPPIECES:0.5
C_MATERIAL:0.4946518252782419
C_MOVECOUNT:0.5
