ELO:993
CE_PASSEDPAWNS:0.4981901800757575
CE_PAWNWEAKNESSES:0.5
CE_PIECEACTIVITY:0.5044124205619471
CE_KINGPAWNSHIELD:0.5008007171587995
CE_PIECECOORDINATION:0.508562479634645
CE_MATERIAL:0.5062887292268264
CE_KINGSAFETY:0.49467287487845085
C_PIECESQUARETABLES:0.5
C_MOBILITY:0.480707431439143
C_KINGSAFETY:0.5071890545422815
C_PAWNSTRUCTURE:0.4985092097850953
C_PIECECOORDINATION:0.5318899006481137
C_ROOKANDPAWNMOVEMENT:0.5318899006481137
C_CENTERCONTROL:0.5048956801559945
C_DEVELOPPIECES:0.5027861869145588
C_MATERIAL:0.5
C_MOVECOUNT:0.5034418364855369
