ELO:975
CE_PASSEDPAWNS:0.48945144998551177
CE_PAWNWEAKNESSES:0.499962693971357
CE_PIECEACTIVITY:0.4885233736540254
CE_KINGPAWNSHIELD:0.500374441685602
CE_PIECECOORDINATION:0.5067423261781527
CE_MATERIAL:0.505298267679768
CE_KINGSAFETY:0.47995030398677185
C_PIECESQUARETABLES:0.5104132512503542
C_MOBILITY:0.5033226318318517
C_KINGSAFETY:0.5012578489220885
C_PAWNSTRUCTURE:0.5066249947518638
C_PIECECOORDINATION:0.4998283672414224
C_ROOKANDPAWNMOVEMENT:0.4998283672414224
C_CENTERCONTROL:0.5
C_DEVELOPPIECES:0.4952012561125383
C_MATERIAL:0.5128078112488544
