ELO:977
CE_PASSEDPAWNS:0.5021626273406942
CE_PAWNWEAKNESSES:0.5113165252614562
CE_PIECEACTIVITY:0.5104114566762821
CE_KINGPAWNSHIELD:0.5020740837651961
CE_PIECECOORDINATION:0.48672931124158486
CE_MATERIAL:0.47328716106836
CE_KINGSAFETY:0.5
C_PIECESQUARETABLES:0.4948589022110264
C_MOBILITY:0.48768308349733
C_KINGSAFETY:0.48404629419374173
C_PAWNSTRUCTURE:0.5
C_PIECECOORDINATION:0.48199752192700035
C_ROOKANDPAWNMOVEMENT:0.48199752192700035
C_CENTERCONTROL:0.508825790884665
C_DEVELOPPIECES:0.48651425234206114
C_MATERIAL:0.5294502223577002
C_MOVECOUNT:0.5
