ELO:884
CE_PASSEDPAWNS:0.4685669388190918
CE_PAWNWEAKNESSES:0.560323785215801
CE_PIECEACTIVITY:0.5324838048670568
CE_KINGPAWNSHIELD:0.49278594341384135
CE_PIECECOORDINATION:0.6023880165042799
CE_MATERIAL:0.5589855728612922
CE_KINGSAFETY:0.5050565074253519
C_PIECESQUARETABLES:0.5066791897867011
C_MOBILITY:0.527779011662372
C_KINGSAFETY:0.5295587923220338
C_PAWNSTRUCTURE:0.562852956281794
C_PIECECOORDINATION:0.4742585310088864
C_ROOKANDPAWNMOVEMENT:0.4742585310088864
C_CENTERCONTROL:0.47652141589606156
C_DEVELOPPIECES:0.5542399138114552
C_MATERIAL:0.4747665010310682
