ELO:980
CE_PASSEDPAWNS:0.48422591771898693
CE_PAWNWEAKNESSES:0.4944346532272651
CE_PIECEACTIVITY:0.4960242274354935
CE_KINGPAWNSHIELD:0.45852709168573724
CE_PIECECOORDINATION:0.5341047395244448
CE_MATERIAL:0.4947099481675315
CE_KINGSAFETY:0.5
C_PIECESQUARETABLES:0.491145490046191
C_MOBILITY:0.5086530016255764
C_KINGSAFETY:0.5436968025963429
C_PAWNSTRUCTURE:0.4133030606405117
C_PIECECOORDINATION:0.518069564826502
C_ROOKANDPAWNMOVEMENT:0.518069564826502
C_CENTERCONTROL:0.5291999446568987
C_DEVELOPPIECES:0.5125243048592004
C_MATERIAL:0.517189690780827
C_MOVECOUNT:0.5112414696374183
