ELO:829
CE_PASSEDPAWNS:0.5154544554668735
CE_PAWNWEAKNESSES:0.4968682064257723
CE_PIECEACTIVITY:0.49959225886757186
CE_KINGPAWNSHIELD:0.5423311479112568
CE_PIECECOORDINATION:0.48300821625562346
CE_MATERIAL:0.462086176475336
CE_KINGSAFETY:0.4991674379160658
C_PIECESQUARETABLES:0.4829773488802575
C_MOBILITY:0.39153106957476913
C_KINGSAFETY:0.4662747986343138
C_PAWNSTRUCTURE:0.5174310466766792
C_PIECECOORDINATION:0.4512843256034872
C_ROOKANDPAWNMOVEMENT:0.4512843256034872
C_CENTERCONTROL:0.45866540140285894
C_DEVELOPPIECES:0.48683226116060496
C_MATERIAL:0.5329019856316394
C_MOVECOUNT:0.5
