ELO:967
CE_PASSEDPAWNS:0.4987028806165881
CE_PAWNWEAKNESSES:0.5374326347321055
CE_PIECEACTIVITY:0.5217398155192834
CE_KINGPAWNSHIELD:0.5275628005346633
CE_PIECECOORDINATION:0.504864405130309
CE_MATERIAL:0.5227983072921472
CE_KINGSAFETY:0.5
C_PIECESQUARETABLES:0.5010240388597705
C_MOBILITY:0.5128048424037446
C_KINGSAFETY:0.4998533939855695
C_PAWNSTRUCTURE:0.45812638792019356
C_PIECECOORDINATION:0.48108850639143286
C_ROOK:0.4867227181575605
CE_ROOK:0.5235867026773648
C_CENTERCONTROL:0.5102617722086558
C_DEVELOPPIECES:0.4727701530064639
C_MATERIAL:0.4872379646582887
C_MOVECOUNT:0.48161518527607955
C_PAWNMOVEMENT:0.49629484643757704
