ELO:868
CE_PASSEDPAWNS:0.44674211429942917
CE_PAWNWEAKNESSES:0.48157966920696016
CE_PIECEACTIVITY:0.48708143201291093
CE_KINGPAWNSHIELD:0.4717249320192936
CE_PIECECOORDINATION:0.47628540991696106
CE_MATERIAL:0.532582777124662
CE_KINGSAFETY:0.4817015825896174
C_PIECESQUARETABLES:0.4829198307301854
C_MOBILITY:0.4642904227770145
C_KINGSAFETY:0.45178124731955044
C_PAWNSTRUCTURE:0.4741493571321252
C_PIECECOORDINATION:0.4599850056967088
C_ROOKANDPAWNMOVEMENT:0.4599850056967088
C_CENTERCONTROL:0.5355922444326383
C_DEVELOPPIECES:0.45003960164989953
C_MATERIAL:0.39052545350742407
C_MOVECOUNT:0.4760632194554291
