ELO:975
CE_PASSEDPAWNS:0.5081690358738262
CE_PAWNWEAKNESSES:0.5067699986295068
CE_PIECEACTIVITY:0.508263702153814
CE_KINGPAWNSHIELD:0.5157861703033618
CE_PIECECOORDINATION:0.5083436765879812
CE_MATERIAL:0.4908867844849758
CE_KINGSAFETY:0.5
C_PIECESQUARETABLES:0.5
C_MOBILITY:0.5281800014925654
C_KINGSAFETY:0.5241857416820597
C_PAWNSTRUCTURE:0.47123736318600723
C_PIECECOORDINATION:0.48036182152769463
C_ROOK:0.4756613100176591
CE_ROOK:0.48323991166558694
C_CENTERCONTROL:0.49108735534032993
C_DEVELOPPIECES:0.4856601853730584
C_MATERIAL:0.5076142758481443
C_MOVECOUNT:0.5110446420487272
C_PAWNMOVEMENT:0.4799926178745808
