ELO:1000
CE_PASSEDPAWNS:0.5430827775676911
CE_PAWNWEAKNESSES:0.46639126917452217
CE_PIECEACTIVITY:0.535631592785204
CE_KINGPAWNSHIELD:0.5128807894728743
CE_PIECECOORDINATION:0.48961931638720557
CE_MATERIAL:0.5192408867761025
CE_KINGSAFETY:0.4496674239386055
C_PIECESQUARETABLES:0.5054119900417527
C_MOBILITY:0.5298963357120067
C_KINGSAFETY:0.5210883844090155
C_PAWNSTRUCTURE:0.47218411443431973
C_PIECECOORDINATION:0.4655235954201298
C_ROOKANDPAWNMOVEMENT:0.4655235954201298
C_CENTERCONTROL:0.5444377484642791
C_DEVELOPPIECES:0.5077923752528899
C_MATERIAL:0.4296511967415274
