ELO:970
CE_PASSEDPAWNS:0.502671302149967
CE_PAWNWEAKNESSES:0.5059952159126525
CE_PIECEACTIVITY:0.5
CE_KINGPAWNSHIELD:0.5705609381553187
CE_PIECECOORDINATION:0.49368739146329094
CE_MATERIAL:0.4978879310911636
CE_KINGSAFETY:0.5
C_PIECESQUARETABLES:0.5
C_MOBILITY:0.4773813838767316
C_KINGSAFETY:0.502766118308664
C_PAWNSTRUCTURE:0.5026115082754347
C_PIECECOORDINATION:0.5198424023719114
C_ROOKANDPAWNMOVEMENT:0.5198424023719114
C_CENTERCONTROL:0.49533485893733176
C_DEVELOPPIECES:0.5039878668353553
C_MATERIAL:0.5303928078857663
C_MOVECOUNT:0.49818880165757445
