ELO:1111
CE_PASSEDPAWNS:0.47121509640258147
CE_PAWNWEAKNESSES:0.590261458922248
CE_PIECEACTIVITY:0.5785351381383929
CE_KINGPAWNSHIELD:0.4628065437446107
CE_PIECECOORDINATION:0.47241335711600324
CE_MATERIAL:0.5232515991107118
CE_KINGSAFETY:0.5
C_PIECESQUARETABLES:0.5
C_MOBILITY:0.580479941274235
C_KINGSAFETY:0.4381439392252424
C_PAWNSTRUCTURE:0.5122675472858035
C_PIECECOORDINATION:0.5889764467176994
C_ROOKANDPAWNMOVEMENT:0.5889764467176994
C_CENTERCONTROL:0.4598751032221581
C_DEVELOPPIECES:0.4354212939766876
C_MATERIAL:0.6480765086317845
