ELO:1255
CE_PASSEDPAWNS:0.44263635990380534
CE_PAWNWEAKNESSES:0.6023586080413907
CE_PIECEACTIVITY:0.4342753515086702
CE_KINGPAWNSHIELD:0.48462237388668
CE_PIECECOORDINATION:0.5228665876218258
CE_MATERIAL:0.49159087814525143
CE_KINGSAFETY:0.5
C_PIECESQUARETABLES:0.5
C_MOBILITY:0.3910770357088864
C_KINGSAFETY:0.39915668343505367
C_PAWNSTRUCTURE:0.517992412819532
C_PIECECOORDINATION:0.5556856238484833
C_ROOKANDPAWNMOVEMENT:0.5556856238484833
C_CENTERCONTROL:0.49784192412231143
C_DEVELOPPIECES:0.4725698550021297
C_MATERIAL:0.6130718628900625
