ELO:883
CE_PASSEDPAWNS:0.5148318689901938
CE_PAWNWEAKNESSES:0.5233083027624513
CE_PIECEACTIVITY:0.4799348677616109
CE_KINGPAWNSHIELD:0.522195031426675
CE_PIECECOORDINATION:0.5141235428490806
CE_MATERIAL:0.5470603885468479
CE_KINGSAFETY:0.4599358517696296
C_PIECESQUARETABLES:0.4963478220896434
C_MOBILITY:0.49549316461074777
C_KINGSAFETY:0.4988394747914112
C_PAWNSTRUCTURE:0.47713124743384205
C_PIECECOORDINATION:0.5172950564092531
C_ROOKANDPAWNMOVEMENT:0.5172950564092531
C_CENTERCONTROL:0.4860280437720492
C_DEVELOPPIECES:0.5386496217601983
C_MATERIAL:0.47863527713059584
C_MOVECOUNT:0.5
