ELO:858
CE_PASSEDPAWNS:0.453800939439027
CE_PAWNWEAKNESSES:0.5042835810700129
CE_PIECEACTIVITY:0.487614798217093
CE_KINGPAWNSHIELD:0.5922948387192656
CE_PIECECOORDINATION:0.3985079960845161
CE_MATERIAL:0.4665722520909102
CE_KINGSAFETY:0.4858153478425573
C_PIECESQUARETABLES:0.5128412482570263
C_MOBILITY:0.3660173318357703
C_KINGSAFETY:0.5067818226511586
C_PAWNSTRUCTURE:0.5617000289343305
C_PIECECOORDINATION:0.4009692628321006
C_ROOKANDPAWNMOVEMENT:0.4009692628321006
C_CENTERCONTROL:0.4713535157360245
C_DEVELOPPIECES:0.46872912774764186
C_MATERIAL:0.4726990818129411
C_MOVECOUNT:0.5
