ELO:1000
CE_PASSEDPAWNS:0.523836717836714
CE_PAWNWEAKNESSES:0.46488266042100856
CE_PIECEACTIVITY:0.5352033429639934
CE_KINGPAWNSHIELD:0.5001614139009821
CE_PIECECOORDINATION:0.5021317385691817
CE_MATERIAL:0.5165087524876065
CE_KINGSAFETY:0.45869257651133655
C_PIECESQUARETABLES:0.48217202674060006
C_MOBILITY:0.5073275817331618
C_KINGSAFETY:0.5370193753582652
C_PAWNSTRUCTURE:0.4964306182419092
C_PIECECOORDINATION:0.49464026843541525
C_ROOKANDPAWNMOVEMENT:0.49464026843541525
C_CENTERCONTROL:0.5118179582381839
C_DEVELOPPIECES:0.4718342386086307
C_MATERIAL:0.4654217811112928
