ELO:995
CE_PASSEDPAWNS:0.5457345729423272
CE_PAWNWEAKNESSES:0.5203944526917241
CE_PIECEACTIVITY:0.5975814565428466
CE_KINGPAWNSHIELD:0.5599465954910741
CE_PIECECOORDINATION:0.6092782055877115
CE_MATERIAL:0.5556782272251335
CE_KINGSAFETY:0.5
C_PIECESQUARETABLES:0.5
C_MOBILITY:0.49816549280442246
C_KINGSAFETY:0.5555396845641076
C_PAWNSTRUCTURE:0.5162335109455113
C_PIECECOORDINATION:0.5417332400135599
C_ROOKANDPAWNMOVEMENT:0.5417332400135599
C_CENTERCONTROL:0.3628208528192532
C_DEVELOPPIECES:0.5933423053266473
C_MATERIAL:0.6201906658387899
