ELO:1016
CE_PASSEDPAWNS:0.5022103606363747
CE_PAWNWEAKNESSES:0.48417700319453755
CE_PIECEACTIVITY:0.5053790726628449
CE_KINGPAWNSHIELD:0.5
CE_PIECECOORDINATION:0.5084254921402538
CE_MATERIAL:0.4978781506464017
CE_KINGSAFETY:0.5
C_PIECESQUARETABLES:0.5
C_MOBILITY:0.49050810680329754
C_KINGSAFETY:0.5110496715896637
C_PAWNSTRUCTURE:0.5
C_PIECECOORDINATION:0.5025812063901974
C_ROOKANDPAWNMOVEMENT:0.5025812063901974
C_CENTERCONTROL:0.505231780965326
C_DEVELOPPIECES:0.49633586620663234
C_MATERIAL:0.5066282593233931
C_MOVECOUNT:0.5038417146960346
