ELO:1002
CE_PASSEDPAWNS:0.48635870911087997
CE_PAWNWEAKNESSES:0.5110407368913213
CE_PIECEACTIVITY:0.507734790507639
CE_KINGPAWNSHIELD:0.4892115127971322
CE_PIECECOORDINATION:0.5138592974625364
CE_MATERIAL:0.5025471869559793
CE_KINGSAFETY:0.5
C_PIECESQUARETABLES:0.5
C_MOBILITY:0.4924360675917885
C_KINGSAFETY:0.48793209272536947
C_PAWNSTRUCTURE:0.5045900779944807
C_PIECECOORDINATION:0.5095466867205929
C_ROOKANDPAWNMOVEMENT:0.5095466867205929
C_CENTERCONTROL:0.49665364033968873
C_DEVELOPPIECES:0.5104337655063711
C_MATERIAL:0.5067748427710305
C_MOVECOUNT:0.47468506134950544
