ELO:1009
CE_PASSEDPAWNS:0.5119980466354433
CE_PAWNWEAKNESSES:0.5108038209866184
CE_PIECEACTIVITY:0.5045273297886825
CE_KINGPAWNSHIELD:0.5
CE_PIECECOORDINATION:0.5
CE_MATERIAL:0.5062599884756843
CE_KINGSAFETY:0.5
C_PIECESQUARETABLES:0.5
C_MOBILITY:0.5
C_KINGSAFETY:0.4902328696954263
C_PAWNSTRUCTURE:0.49280343713038066
C_PIECECOORDINATION:0.5
C_ROOKANDPAWNMOVEMENT:0.5
C_CENTERCONTROL:0.5000559778017328
C_DEVELOPPIECES:0.496738599198061
C_MATERIAL:0.5082357415723393
C_MOVECOUNT:0.5
