ELO:1021
CE_PASSEDPAWNS:0.4978636590756982
CE_PAWNWEAKNESSES:0.5000073271037984
CE_PIECEACTIVITY:0.5079562177092062
CE_KINGPAWNSHIELD:0.491808772964203
CE_PIECECOORDINATION:0.5
CE_MATERIAL:0.5
CE_KINGSAFETY:0.5
C_PIECESQUARETABLES:0.5037110492541977
C_MOBILITY:0.5102614607407365
C_KINGSAFETY:0.4988144357735196
C_PAWNSTRUCTURE:0.4917228913426391
C_PIECECOORDINATION:0.5056103546782151
C_ROOKANDPAWNMOVEMENT:0.5056103546782151
C_CENTERCONTROL:0.502555476437605
C_DEVELOPPIECES:0.48039117011969373
C_MATERIAL:0.4944585200661403
