ELO:995
CE_PASSEDPAWNS:0.5084432789603598
CE_PAWNWEAKNESSES:0.44542974891888637
CE_PIECEACTIVITY:0.5975814565428466
CE_KINGPAWNSHIELD:0.5599465954910741
CE_PIECECOORDINATION:0.4516571746589739
CE_MATERIAL:0.5196398566354807
CE_KINGSAFETY:0.5
C_PIECESQUARETABLES:0.5
C_MOBILITY:0.580479941274235
C_KINGSAFETY:0.5094530485795095
C_PAWNSTRUCTURE:0.46054427260367564
C_PIECECOORDINATION:0.5350567576815112
C_ROOKANDPAWNMOVEMENT:0.5350567576815112
C_CENTERCONTROL:0.3628208528192532
C_DEVELOPPIECES:0.48704770385448476
C_MATERIAL:0.5859692747107864
