ELO:985
CE_PASSEDPAWNS:0.5102353622664488
CE_PAWNWEAKNESSES:0.49969177317868196
CE_PIECEACTIVITY:0.5145464945468721
CE_KINGPAWNSHIELD:0.5031680920048888
CE_PIECECOORDINATION:0.48636637762033713
CE_MATERIAL:0.5156549905816159
CE_KINGSAFETY:0.50751978213965
C_PIECESQUARETABLES:0.5
C_MOBILITY:0.49443343434344983
C_KINGSAFETY:0.5074975948776993
C_PAWNSTRUCTURE:0.48839791503634666
C_PIECECOORDINATION:0.4942416222661786
C_ROOK:0.5131391155082802
CE_ROOK:0.49861391385621595
C_CENTERCONTROL:0.5084187999152155
C_DEVELOPPIECES:0.4865265098133718
C_MATERIAL:0.4926310910473979
C_MOVECOUNT:0.48354345953542494
C_PAWNMOVEMENT:0.5028051501946601
