ELO:1097
CE_PASSEDPAWNS:0.4901133275175104
CE_PAWNWEAKNESSES:0.5241082019211586
CE_PIECEACTIVITY:0.4159871763666937
CE_KINGPAWNSHIELD:0.39452144957275465
CE_PIECECOORDINATION:0.5096467097470723
CE_MATERIAL:0.3441306067438253
CE_KINGSAFETY:0.5
C_PIECESQUARETABLES:0.5
C_MOBILITY:0.4545295946449884
C_KINGSAFETY:0.38961952488319945
C_PAWNSTRUCTURE:0.5265605361002453
C_PIECECOORDINATION:0.5940188455568061
C_ROOKANDPAWNMOVEMENT:0.5940188455568061
C_CENTERCONTROL:0.48833387149675983
C_DEVELOPPIECES:0.4366559082705016
C_MATERIAL:0.5555915312898784
