ELO:949
CE_PASSEDPAWNS:0.16665031793900945
CE_PAWNWEAKNESSES:0.20910087481943646
CE_PIECEACTIVITY:0.19076321877164393
CE_KINGPAWNSHIELD:0.2743422758469095
CE_PIECECOORDINATION:0.8291899057579424
CE_MATERIAL:0.25699267694516764
C_PIECESQUARETABLES:0.535615516667039
C_MOBILITY:0.24978384278199325
C_KINGSAFETY:0.005086574548872313
C_PAWNSTRUCTURE:0.38600439866122127
C_PIECECOORDINATION:0.5153886702000607
C_MATERIAL:0.605244071725234
