ELO:982
CE_PASSEDPAWNS:0.48488127618340404
CE_PAWNWEAKNESSES:0.5
CE_PIECEACTIVITY:0.5197635796562288
CE_KINGPAWNSHIELD:0.4872619314715614
CE_PIECECOORDINATION:0.45429709093895787
CE_MATERIAL:0.4969767377556386
CE_KINGSAFETY:0.502663070781902
C_PIECESQUARETABLES:0.4595115009063758
C_MOBILITY:0.5069833731446582
C_KINGSAFETY:0.4967670726005564
C_PAWNSTRUCTURE:0.49395104299542714
C_PIECECOORDINATION:0.46801355079930623
C_ROOKANDPAWNMOVEMENT:0.46801355079930623
C_CENTERCONTROL:0.5130627331450385
C_DEVELOPPIECES:0.5010015047142483
C_MATERIAL:0.5030459034767049
