ELO:1005
CE_PASSEDPAWNS:0.5500034315510345
CE_PAWNWEAKNESSES:0.5290809681409178
CE_PIECEACTIVITY:0.5183693221460055
CE_KINGPAWNSHIELD:0.5121446302366321
CE_PIECECOORDINATION:0.4912393934584954
CE_MATERIAL:0.533732465446487
CE_KINGSAFETY:0.5
C_PIECESQUARETABLES:0.5
C_MOBILITY:0.48183786080962987
C_KINGSAFETY:0.5241857416820597
C_PAWNSTRUCTURE:0.5231474926329568
C_PIECECOORDINATION:0.5170036779916796
C_ROOK:0.4756613100176591
CE_ROOK:0.5019346244041857
C_CENTERCONTROL:0.49451631012463787
C_DEVELOPPIECES:0.5126867402238015
C_MATERIAL:0.5079465964902403
C_MOVECOUNT:0.4939827515543085
C_PAWNMOVEMENT:0.46372474942036457
