ELO:965
CE_PASSEDPAWNS:0.47403835458415283
CE_PAWNWEAKNESSES:0.41926201630426935
CE_PIECEACTIVITY:0.5503498236319901
CE_KINGPAWNSHIELD:0.5299711199324011
CE_PIECECOORDINATION:0.4632286760697803
CE_MATERIAL:0.572455106409326
CE_KINGSAFETY:0.4951813206974699
C_PIECESQUARETABLES:0.4854867577012033
C_MOBILITY:0.6068680239835461
C_KINGSAFETY:0.5707024379776632
C_PAWNSTRUCTURE:0.4901898333265577
C_PIECECOORDINATION:0.5035818706107915
C_ROOKANDPAWNMOVEMENT:0.5035818706107915
C_CENTERCONTROL:0.45866027087942884
C_DEVELOPPIECES:0.4376515025949965
C_MATERIAL:0.4567811233370632
