ELO:1147
CE_PASSEDPAWNS:0.398140655493675
CE_PAWNWEAKNESSES:0.45753908675987287
CE_PIECEACTIVITY:0.45271969066834933
CE_KINGPAWNSHIELD:0.48841573438909003
CE_PIECECOORDINATION:0.4905059920629961
CE_MATERIAL:0.4917309885233993
CE_KINGSAFETY:0.5
C_PIECESQUARETABLES:0.5
C_MOBILITY:0.453954316499357
C_KINGSAFETY:0.35557480878985126
C_PAWNSTRUCTURE:0.5461055495356145
C_PIECECOORDINATION:0.5369426754907727
C_ROOKANDPAWNMOVEMENT:0.5369426754907727
C_CENTERCONTROL:0.5298254162019529
C_DEVELOPPIECES:0.4762473252398372
C_MATERIAL:0.6243603211084038
