ELO:879
CE_PASSEDPAWNS:0.47974233779490355
CE_PAWNWEAKNESSES:0.48167710271400527
CE_PIECEACTIVITY:0.48830253545814556
CE_KINGPAWNSHIELD:0.5182025573481867
CE_PIECECOORDINATION:0.4619412594029532
CE_MATERIAL:0.481677892668427
CE_KINGSAFETY:0.4737754134826824
C_PIECESQUARETABLES:0.46906808267302696
C_MOBILITY:0.4262768494335882
C_KINGSAFETY:0.5031398455492285
C_PAWNSTRUCTURE:0.5131189035648408
C_PIECECOORDINATION:0.46311499288932156
C_ROOKANDPAWNMOVEMENT:0.46311499288932156
C_CENTERCONTROL:0.4971086681773039
C_DEVELOPPIECES:0.5079458589299932
C_MATERIAL:0.527828623884234
C_MOVECOUNT:0.5
