ELO:1035
CE_PASSEDPAWNS:0.5016119280644447
CE_PAWNWEAKNESSES:0.5
CE_PIECEACTIVITY:0.5007998206111868
CE_KINGPAWNSHIELD:0.49789665517417575
CE_PIECECOORDINATION:0.49581172478000785
CE_MATERIAL:0.5123684607753864
CE_KINGSAFETY:0.5264945031520811
C_PIECESQUARETABLES:0.5108410567093679
C_MOBILITY:0.49694471863704953
C_KINGSAFETY:0.4932181211602208
C_PAWNSTRUCTURE:0.49758572670059986
C_PIECECOORDINATION:0.5
C_ROOK:0.47669756201066926
CE_ROOK:0.5044688399214153
C_CENTERCONTROL:0.49835601259327794
C_DEVELOPPIECES:0.5
C_MATERIAL:0.49631498384924505
C_MOVECOUNT:0.5075469353733405
C_PAWNMOVEMENT:0.5062110727727246
