ELO:970
CE_PASSEDPAWNS:0.47058017775505445
CE_PAWNWEAKNESSES:0.4425088895717971
CE_PIECEACTIVITY:0.5158906918631369
CE_KINGPAWNSHIELD:0.48763995419959344
CE_PIECECOORDINATION:0.5227619296843323
CE_MATERIAL:0.4832764272738817
CE_KINGSAFETY:0.5
C_PIECESQUARETABLES:0.5096908166731707
C_MOBILITY:0.5356869463075623
C_KINGSAFETY:0.5305928267864757
C_PAWNSTRUCTURE:0.5
C_PIECECOORDINATION:0.4765812126214846
C_ROOKANDPAWNMOVEMENT:0.4765812126214846
C_CENTERCONTROL:0.5
C_DEVELOPPIECES:0.47991129559973267
C_MATERIAL:0.4766508741121137
C_MOVECOUNT:0.5
