ELO:904
CE_PASSEDPAWNS:0.4952532133969468
CE_PAWNWEAKNESSES:0.5161043280537004
CE_PIECEACTIVITY:0.47337513818190663
CE_KINGPAWNSHIELD:0.5693261163610397
CE_PIECECOORDINATION:0.47358078317525976
CE_MATERIAL:0.6076066080446281
CE_KINGSAFETY:0.4952879716622909
C_PIECESQUARETABLES:0.49928469582930873
C_MOBILITY:0.6309155691768307
C_KINGSAFETY:0.5051717964981188
C_PAWNSTRUCTURE:0.430581320456842
C_PIECECOORDINATION:0.435694723963462
C_ROOKANDPAWNMOVEMENT:0.435694723963462
C_CENTERCONTROL:0.477003245068077
C_DEVELOPPIECES:0.48868629695752225
C_MATERIAL:0.5507388252710675
