ELO:984
CE_PASSEDPAWNS:0.404436057997092
CE_PAWNWEAKNESSES:0.521254542974654
CE_PIECEACTIVITY:0.427982589225146
CE_KINGPAWNSHIELD:0.5498656814609667
CE_PIECECOORDINATION:0.4835308510325747
CE_MATERIAL:0.4489859631006043
CE_KINGSAFETY:0.4996595360064255
C_PIECESQUARETABLES:0.5044989794910274
C_MOBILITY:0.5051239751444914
C_KINGSAFETY:0.4557116491810308
C_PAWNSTRUCTURE:0.4770996597453302
C_PIECECOORDINATION:0.5835302418670832
C_ROOKANDPAWNMOVEMENT:0.5835302418670832
C_CENTERCONTROL:0.5087717171066751
C_DEVELOPPIECES:0.5445530905911856
C_MATERIAL:0.5608425738757848
