ELO:878
CE_PASSEDPAWNS:0.5078304146475102
CE_PAWNWEAKNESSES:0.5447475995936657
CE_PIECEACTIVITY:0.3873425241279583
CE_KINGPAWNSHIELD:0.5006497406225426
CE_PIECECOORDINATION:0.5319236465286432
CE_MATERIAL:0.49143670944758067
CE_KINGSAFETY:0.5
C_PIECESQUARETABLES:0.49199311726992784
C_MOBILITY:0.5405064407251294
C_KINGSAFETY:0.5024754398245332
C_PAWNSTRUCTURE:0.4821254379100843
C_PIECECOORDINATION:0.5270510621850267
C_ROOKANDPAWNMOVEMENT:0.5270510621850267
C_CENTERCONTROL:0.4598705465909988
C_DEVELOPPIECES:0.5287022176532309
C_MATERIAL:0.5012896926646676
C_MOVECOUNT:0.5
