ELO:991
CE_PASSEDPAWNS:0.5277288571395565
CE_PAWNWEAKNESSES:0.4747266971979074
CE_PIECEACTIVITY:0.5281238682840478
CE_KINGPAWNSHIELD:0.542603462243025
CE_PIECECOORDINATION:0.495285041116773
CE_MATERIAL:0.4654540463566709
CE_KINGSAFETY:0.5
C_PIECESQUARETABLES:0.4945682899025731
C_MOBILITY:0.5832339164801135
C_KINGSAFETY:0.5250912115677565
C_PAWNSTRUCTURE:0.46054427260367564
C_PIECECOORDINATION:0.49618016769892753
C_ROOKANDPAWNMOVEMENT:0.49618016769892753
C_CENTERCONTROL:0.42894235410171383
C_DEVELOPPIECES:0.4357933455296631
C_MATERIAL:0.6247890687256842
