ELO:875
CE_PASSEDPAWNS:0.5028325269839771
CE_PAWNWEAKNESSES:0.5066511072541325
CE_PIECEACTIVITY:0.5184625088477746
CE_KINGPAWNSHIELD:0.47801954595712337
CE_PIECECOORDINATION:0.4833498330905621
CE_MATERIAL:0.5262006514678422
CE_KINGSAFETY:0.4764356097467303
C_PIECESQUARETABLES:0.4948961502393136
C_MOBILITY:0.48955609965128694
C_KINGSAFETY:0.505655337199638
C_PAWNSTRUCTURE:0.5295718493634912
C_PIECECOORDINATION:0.46872664002410613
C_ROOKANDPAWNMOVEMENT:0.46872664002410613
C_CENTERCONTROL:0.4610707654348309
C_DEVELOPPIECES:0.48527009972916185
C_MATERIAL:0.5878764485183222
C_MOVECOUNT:0.4670917511322332
