ELO:1048
CE_PASSEDPAWNS:0.47948100920372766
CE_PAWNWEAKNESSES:0.4933583174384084
CE_PIECEACTIVITY:0.5027966210675653
CE_KINGPAWNSHIELD:0.5
CE_PIECECOORDINATION:0.5
CE_MATERIAL:0.48334981731956256
CE_KINGSAFETY:0.5
C_PIECESQUARETABLES:0.5
C_MOBILITY:0.5017863872172483
C_KINGSAFETY:0.49201750829262314
C_PAWNSTRUCTURE:0.5
C_PIECECOORDINATION:0.4989320237199875
C_ROOKANDPAWNMOVEMENT:0.4989320237199875
C_CENTERCONTROL:0.46563888912951384
C_DEVELOPPIECES:0.5068393462825627
C_MATERIAL:0.5063692305004436
C_MOVECOUNT:0.5
