ELO:966
CE_PASSEDPAWNS:0.5096392055354388
CE_PAWNWEAKNESSES:0.4572812060613141
CE_PIECEACTIVITY:0.5
CE_KINGPAWNSHIELD:0.4888918305924861
CE_PIECECOORDINATION:0.50779366971585
CE_MATERIAL:0.5537166575663154
CE_KINGSAFETY:0.5
C_PIECESQUARETABLES:0.5
C_MOBILITY:0.4928617048955266
C_KINGSAFETY:0.6162516380773034
C_PAWNSTRUCTURE:0.5006062183344596
C_PIECECOORDINATION:0.4731784831203537
C_ROOKANDPAWNMOVEMENT:0.4731784831203537
C_CENTERCONTROL:0.45898287082601785
C_DEVELOPPIECES:0.5057422700273289
C_MATERIAL:0.5
C_MOVECOUNT:0.5
