ELO:984
CE_PASSEDPAWNS:0.5124697257401958
CE_PAWNWEAKNESSES:0.5181043893771727
CE_PIECEACTIVITY:0.4978630230828082
CE_KINGPAWNSHIELD:0.4795496271076497
CE_PIECECOORDINATION:0.4852639898790548
CE_MATERIAL:0.5064262184537927
CE_KINGSAFETY:0.5
C_PIECESQUARETABLES:0.4961633538763199
C_MOBILITY:0.4944912840073436
C_KINGSAFETY:0.5054408276799378
C_PAWNSTRUCTURE:0.5093726371133693
C_PIECECOORDINATION:0.4847391020297568
C_ROOK:0.49710103334796624
CE_ROOK:0.5204523115075365
C_CENTERCONTROL:0.49849849900829146
C_DEVELOPPIECES:0.5157756218022708
C_MATERIAL:0.49345974574560447
C_MOVECOUNT:0.5090492607996294
C_PAWNMOVEMENT:0.5014867889394462
