ELO:993
CE_PASSEDPAWNS:0.5188986670086977
CE_PAWNWEAKNESSES:0.5030215499982725
CE_PIECEACTIVITY:0.5028395059644876
CE_KINGPAWNSHIELD:0.48561383184712487
CE_PIECECOORDINATION:0.5137506516140068
CE_MATERIAL:0.5
CE_KINGSAFETY:0.5
C_PIECESQUARETABLES:0.5
C_MOBILITY:0.5
C_KINGSAFETY:0.5121564070041418
C_PAWNSTRUCTURE:0.5067288288727341
C_PIECECOORDINATION:0.49794188538904033
C_ROOKANDPAWNMOVEMENT:0.49794188538904033
C_CENTERCONTROL:0.5
C_DEVELOPPIECES:0.511097129087071
C_MATERIAL:0.5038048032511551
C_MOVECOUNT:0.501444899319124
