ELO:1000
CE_PASSEDPAWNS:0.4931677541295969
CE_PAWNWEAKNESSES:0.49587692038339926
CE_PIECEACTIVITY:0.4784539523804577
CE_KINGPAWNSHIELD:0.497929112652454
CE_PIECECOORDINATION:0.48306103049378785
CE_MATERIAL:0.4903814242266714
CE_KINGSAFETY:0.5082321282682811
C_PIECESQUARETABLES:0.4878201929234507
C_MOBILITY:0.49172977346252883
C_KINGSAFETY:0.4788067000188504
C_PAWNSTRUCTURE:0.513907132214348
C_PIECECOORDINATION:0.5
C_ROOKANDPAWNMOVEMENT:0.5
C_CENTERCONTROL:0.4999319963032246
C_DEVELOPPIECES:0.5
C_MATERIAL:0.5
