ELO:900
CE_PASSEDPAWNS:0.5269158678759592
CE_PAWNWEAKNESSES:0.46854312458899766
CE_PIECEACTIVITY:0.5650199750101185
CE_KINGPAWNSHIELD:0.4441017128144029
CE_PIECECOORDINATION:0.5636056708566783
CE_MATERIAL:0.5708863783816809
CE_KINGSAFETY:0.5078150377681905
C_PIECESQUARETABLES:0.5
C_MOBILITY:0.4968871027577431
C_KINGSAFETY:0.5438023022885276
C_PAWNSTRUCTURE:0.4624787858680573
C_PIECECOORDINATION:0.4973220791464405
C_ROOKANDPAWNMOVEMENT:0.4973220791464405
C_CENTERCONTROL:0.4784039840534033
C_DEVELOPPIECES:0.4304333526097535
C_MATERIAL:0.44460183832034095
C_MOVECOUNT:0.5
