ELO:910
CE_PASSEDPAWNS:0.5633454410936255
CE_PAWNWEAKNESSES:0.4932582748069195
CE_PIECEACTIVITY:0.5242973479084542
CE_KINGPAWNSHIELD:0.5074255117864436
CE_PIECECOORDINATION:0.5017976153943207
CE_MATERIAL:0.4670243528183195
CE_KINGSAFETY:0.4868426920751374
C_PIECESQUARETABLES:0.5045838009432304
C_MOBILITY:0.48434658755256615
C_KINGSAFETY:0.5135129141880855
C_PAWNSTRUCTURE:0.49370588329296244
C_PIECECOORDINATION:0.46269293500677916
C_ROOKANDPAWNMOVEMENT:0.46269293500677916
C_CENTERCONTROL:0.48606411576102687
C_DEVELOPPIECES:0.5122374427312338
C_MATERIAL:0.5273944017087849
