ELO:958
CE_PASSEDPAWNS:0.5
CE_PAWNWEAKNESSES:0.4738332844477265
CE_PIECEACTIVITY:0.528057451432609
CE_KINGPAWNSHIELD:0.5222120627846896
CE_PIECECOORDINATION:0.49500634176763925
CE_MATERIAL:0.5070755768092056
CE_KINGSAFETY:0.5
C_PIECESQUARETABLES:0.43938890502829137
C_MOBILITY:0.49783980252884624
C_KINGSAFETY:0.5
C_PAWNSTRUCTURE:0.49663893213479055
C_PIECECOORDINATION:0.5023106483287432
C_ROOKANDPAWNMOVEMENT:0.5023106483287432
C_CENTERCONTROL:0.48829140488390643
C_DEVELOPPIECES:0.4833398980834485
C_MATERIAL:0.49485924807223813
C_MOVECOUNT:0.5
