ELO:921
CE_PASSEDPAWNS:0.5171724202529565
CE_PAWNWEAKNESSES:0.5318660661558298
CE_PIECEACTIVITY:0.46721681358426004
CE_KINGPAWNSHIELD:0.46253754408142794
CE_PIECECOORDINATION:0.4806688048085882
CE_MATERIAL:0.4879937433897002
CE_KINGSAFETY:0.5
C_PIECESQUARETABLES:0.5
C_MOBILITY:0.516750454208492
C_KINGSAFETY:0.5175201792119434
C_PAWNSTRUCTURE:0.4875865959484977
C_PIECECOORDINATION:0.5216422716849904
C_ROOK:0.4917701822655801
CE_ROOK:0.5170213881872815
C_CENTERCONTROL:0.4998567062394041
C_DEVELOPPIECES:0.5102515629610649
C_MATERIAL:0.4772545679991515
C_MOVECOUNT:0.5181473636065981
C_PAWNMOVEMENT:0.48358372049029524
