ELO:910
CE_PASSEDPAWNS:0.5044336749206607
CE_PAWNWEAKNESSES:0.5557452532538899
CE_PIECEACTIVITY:0.5
CE_KINGPAWNSHIELD:0.4506345606650836
CE_PIECECOORDINATION:0.4883381863896968
CE_MATERIAL:0.49848427229614944
CE_KINGSAFETY:0.5383691631616886
C_PIECESQUARETABLES:0.4904627813648956
C_MOBILITY:0.37404048631325837
C_KINGSAFETY:0.4778033255135231
C_PAWNSTRUCTURE:0.5083077722175563
C_PIECECOORDINATION:0.45012506155819715
C_ROOKANDPAWNMOVEMENT:0.45012506155819715
C_CENTERCONTROL:0.5442925946818321
C_DEVELOPPIECES:0.5151164389932109
C_MATERIAL:0.5118480245388339
C_MOVECOUNT:0.5
