ELO:836
CE_PASSEDPAWNS:0.41175967517463674
CE_PAWNWEAKNESSES:0.4314834461185826
CE_PIECEACTIVITY:0.44206827101030044
CE_KINGPAWNSHIELD:0.527348398562585
CE_PIECECOORDINATION:0.5588032359403117
CE_MATERIAL:0.43533935212725533
CE_KINGSAFETY:0.533086684696388
C_PIECESQUARETABLES:0.5332773612765802
C_MOBILITY:0.5937426745104188
C_KINGSAFETY:0.36218127277083423
C_PAWNSTRUCTURE:0.5315411502080144
C_PIECECOORDINATION:0.4034802692117752
C_ROOKANDPAWNMOVEMENT:0.4034802692117752
C_CENTERCONTROL:0.4160674410655119
C_DEVELOPPIECES:0.48896735937985797
C_MATERIAL:0.557404791306894
