ELO:934
CE_PASSEDPAWNS:0.4770574763967347
CE_PAWNWEAKNESSES:0.4838007499168289
CE_PIECEACTIVITY:0.4714582017236972
CE_KINGPAWNSHIELD:0.5530756307361373
CE_PIECECOORDINATION:0.49901699618278295
CE_MATERIAL:0.6349233074354038
CE_KINGSAFETY:0.5049533969018477
C_PIECESQUARETABLES:0.5040971802054697
C_MOBILITY:0.625344194800642
C_KINGSAFETY:0.5377412049150425
C_PAWNSTRUCTURE:0.4402087615603298
C_PIECECOORDINATION:0.44417534028657024
C_ROOKANDPAWNMOVEMENT:0.44417534028657024
C_CENTERCONTROL:0.47829125960715396
C_DEVELOPPIECES:0.49704461812135564
C_MATERIAL:0.5194985960282743
