ELO:905
CE_PASSEDPAWNS:0.5128151009438603
CE_PAWNWEAKNESSES:0.5431683512014641
CE_PIECEACTIVITY:0.4809816125179776
CE_KINGPAWNSHIELD:0.4866843064708613
CE_PIECECOORDINATION:0.4822093194783975
CE_MATERIAL:0.4818477670449124
CE_KINGSAFETY:0.5118736310954973
C_PIECESQUARETABLES:0.4923136654460909
C_MOBILITY:0.515790751145011
C_KINGSAFETY:0.5381953048972786
C_PAWNSTRUCTURE:0.4728207146630575
C_PIECECOORDINATION:0.5065219632191934
C_ROOK:0.458672754006597
CE_ROOK:0.5074902125672146
C_CENTERCONTROL:0.5023864059788493
C_DEVELOPPIECES:0.5272643968390232
C_MATERIAL:0.465190921849642
C_MOVECOUNT:0.5114814320117238
C_PAWNMOVEMENT:0.4698957175322485
