ELO:893
CE_PASSEDPAWNS:0.5118189705324294
CE_PAWNWEAKNESSES:0.5095286441578145
CE_PIECEACTIVITY:0.49547590098015015
CE_KINGPAWNSHIELD:0.48922230747684714
CE_PIECECOORDINATION:0.4775486250079154
CE_MATERIAL:0.5298719989387122
CE_KINGSAFETY:0.49763943967126906
C_PIECESQUARETABLES:0.4780170117958519
C_MOBILITY:0.5157787141708103
C_KINGSAFETY:0.5354156805123768
C_PAWNSTRUCTURE:0.4791248730823511
C_PIECECOORDINATION:0.49927874594824045
C_ROOKANDPAWNMOVEMENT:0.49927874594824045
C_CENTERCONTROL:0.4825186477616278
C_DEVELOPPIECES:0.5115569379735576
C_MATERIAL:0.5869339815792576
C_MOVECOUNT:0.47564019021574033
