ELO:1000
CE_PASSEDPAWNS:0.3951982713386486
CE_PAWNWEAKNESSES:0.5452307179462512
CE_PIECEACTIVITY:0.44228472732729224
CE_KINGPAWNSHIELD:0.5451592371923075
CE_PIECECOORDINATION:0.4720776613834783
CE_MATERIAL:0.4683146237930756
CE_KINGSAFETY:0.4846846480765775
C_PIECESQUARETABLES:0.5111855019957693
C_MOBILITY:0.5163441165998394
C_KINGSAFETY:0.43393253497898104
C_PAWNSTRUCTURE:0.5071776399489903
C_PIECECOORDINATION:0.5653110074839655
C_ROOKANDPAWNMOVEMENT:0.5653110074839655
C_CENTERCONTROL:0.5085367958560473
C_DEVELOPPIECES:0.5503372814954279
C_MATERIAL:0.5608425738757848
