ELO:1095
CE_PASSEDPAWNS:0.5955037066111589
CE_PAWNWEAKNESSES:0.501447460313993
CE_PIECEACTIVITY:0.5757606635550725
CE_KINGPAWNSHIELD:0.4784519525867954
CE_PIECECOORDINATION:0.5074240557114945
CE_MATERIAL:0.46133902211706446
CE_KINGSAFETY:0.5
C_PIECESQUARETABLES:0.5
C_MOBILITY:0.39588185875287313
C_KINGSAFETY:0.5941384453212373
C_PAWNSTRUCTURE:0.4417501100211813
C_PIECECOORDINATION:0.4886580873218714
C_ROOKANDPAWNMOVEMENT:0.4886580873218714
C_CENTERCONTROL:0.4744603488130908
C_DEVELOPPIECES:0.5843146245279547
C_MATERIAL:0.3919647133114604
