ELO:912
CE_PASSEDPAWNS:0.5584927049628798
CE_PAWNWEAKNESSES:0.5379271545028772
CE_PIECEACTIVITY:0.46647710108105483
CE_KINGPAWNSHIELD:0.48294886156908945
CE_PIECECOORDINATION:0.5073000258298251
CE_MATERIAL:0.4853446817329601
CE_KINGSAFETY:0.4831814659591431
C_PIECESQUARETABLES:0.500087015173854
C_MOBILITY:0.511311713332482
C_KINGSAFETY:0.5206657062883708
C_PAWNSTRUCTURE:0.488438783786233
C_PIECECOORDINATION:0.5143185590578488
C_ROOK:0.47752372616324296
CE_ROOK:0.511648726826147
C_CENTERCONTROL:0.5031154371225434
C_DEVELOPPIECES:0.5209483221299123
C_MATERIAL:0.4798356653678021
C_MOVECOUNT:0.5168781588535549
C_PAWNMOVEMENT:0.4866774872621266
