ELO:1011
CE_PASSEDPAWNS:0.5323409511750691
CE_PAWNWEAKNESSES:0.5274437972497233
CE_PIECEACTIVITY:0.5161424547062947
CE_KINGPAWNSHIELD:0.44918568215479415
CE_PIECECOORDINATION:0.4586320670833293
CE_MATERIAL:0.4795310263645476
CE_KINGSAFETY:0.5
C_PIECESQUARETABLES:0.49540282353596266
C_MOBILITY:0.5630833020268724
C_KINGSAFETY:0.4871853046960168
C_PAWNSTRUCTURE:0.48103758273064806
C_PIECECOORDINATION:0.576688124660766
C_ROOKANDPAWNMOVEMENT:0.576688124660766
C_CENTERCONTROL:0.43466110510256817
C_DEVELOPPIECES:0.5065053074868672
C_MATERIAL:0.5079063577811823
