ELO:961
CE_PASSEDPAWNS:0.506308408045697
CE_PAWNWEAKNESSES:0.49089491396490376
CE_PIECEACTIVITY:0.5322093090455483
CE_KINGPAWNSHIELD:0.5026862539650367
CE_PIECECOORDINATION:0.4883381863896968
CE_MATERIAL:0.5220631005922862
CE_KINGSAFETY:0.5345161258654018
C_PIECESQUARETABLES:0.4743968076291567
C_MOBILITY:0.5383778901957766
C_KINGSAFETY:0.5051686446110306
C_PAWNSTRUCTURE:0.4961830813613925
C_PIECECOORDINATION:0.47159339118039495
C_ROOKANDPAWNMOVEMENT:0.47159339118039495
C_CENTERCONTROL:0.5372685512855301
C_DEVELOPPIECES:0.485926194088009
C_MATERIAL:0.48036941417343043
C_MOVECOUNT:0.5
