ELO:845
CE_PASSEDPAWNS:0.5162787772784388
CE_PAWNWEAKNESSES:0.5414003149025761
CE_PIECEACTIVITY:0.47933494708577296
CE_KINGPAWNSHIELD:0.49708800590656077
CE_PIECECOORDINATION:0.47849043326946766
CE_MATERIAL:0.4782138682530229
CE_KINGSAFETY:0.5176820435159657
C_PIECESQUARETABLES:0.5
C_MOBILITY:0.5149007850745415
C_KINGSAFETY:0.5381773332713107
C_PAWNSTRUCTURE:0.45283047355806083
C_PIECECOORDINATION:0.49576640851495934
C_ROOK:0.4709075927945814
CE_ROOK:0.5354046644131476
C_CENTERCONTROL:0.5100952164719241
C_DEVELOPPIECES:0.5589820512999999
C_MATERIAL:0.4507112810242496
C_MOVECOUNT:0.5213343907452307
C_PAWNMOVEMENT:0.4864419074656898
