ELO:976
CE_PASSEDPAWNS:0.4663458992811941
CE_PAWNWEAKNESSES:0.5167863341088137
CE_PIECEACTIVITY:0.48094280317166654
CE_KINGPAWNSHIELD:0.49987808263583816
CE_PIECECOORDINATION:0.4889619428383953
CE_MATERIAL:0.561708879974216
CE_KINGSAFETY:0.5296050128543063
C_PIECESQUARETABLES:0.5322942352923012
C_MOBILITY:0.5626139396877136
C_KINGSAFETY:0.522681355060256
C_PAWNSTRUCTURE:0.42927320553139925
C_PIECECOORDINATION:0.45028449004963617
C_ROOKANDPAWNMOVEMENT:0.45028449004963617
C_CENTERCONTROL:0.5001992773435412
C_DEVELOPPIECES:0.5096874111138638
C_MATERIAL:0.4501941128579215
