ELO:876
CE_PASSEDPAWNS:0.5325515182756662
CE_PAWNWEAKNESSES:0.512729937803321
CE_PIECEACTIVITY:0.5430982391263138
CE_KINGPAWNSHIELD:0.46438048876541915
CE_PIECECOORDINATION:0.4757813808244315
CE_MATERIAL:0.5313486162563996
CE_KINGSAFETY:0.5571517789858954
C_PIECESQUARETABLES:0.4810737789721226
C_MOBILITY:0.4236595294779004
C_KINGSAFETY:0.488770724391314
C_PAWNSTRUCTURE:0.5421324224849323
C_PIECECOORDINATION:0.45637395816371795
C_ROOKANDPAWNMOVEMENT:0.45637395816371795
C_CENTERCONTROL:0.4372790865891715
C_DEVELOPPIECES:0.46442427362320243
C_MATERIAL:0.5921921538750359
C_MOVECOUNT:0.5395738533300216
