ELO:932
CE_PASSEDPAWNS:0.5057343221510293
CE_PAWNWEAKNESSES:0.48884739093396
CE_PIECEACTIVITY:0.45729956639196934
CE_KINGPAWNSHIELD:0.5098483138843563
CE_PIECECOORDINATION:0.47437642936355984
CE_MATERIAL:0.4919088863775028
CE_KINGSAFETY:0.5
C_PIECESQUARETABLES:0.5
C_MOBILITY:0.5112480512733366
C_KINGSAFETY:0.5253694668173617
C_PAWNSTRUCTURE:0.4929441764232852
C_PIECECOORDINATION:0.5095606489339343
C_ROOKANDPAWNMOVEMENT:0.5095606489339343
C_CENTERCONTROL:0.5111649290496638
C_DEVELOPPIECES:0.48509066127419675
C_MATERIAL:0.5166779675585443
C_MOVECOUNT:0.4784402645527751
