ELO:1112
CE_PASSEDPAWNS:0.4698030506153807
CE_PAWNWEAKNESSES:0.47950914066991557
CE_PIECEACTIVITY:0.573605109349762
CE_KINGPAWNSHIELD:0.40875133667778685
CE_PIECECOORDINATION:0.4836209062172798
CE_MATERIAL:0.4743396197172604
CE_KINGSAFETY:0.5
C_PIECESQUARETABLES:0.4971571081910673
C_MOBILITY:0.40352871416232505
C_KINGSAFETY:0.6443411774036674
C_PAWNSTRUCTURE:0.40872357235454415
C_PIECECOORDINATION:0.4971663254215473
C_ROOKANDPAWNMOVEMENT:0.4971663254215473
C_CENTERCONTROL:0.5853661199242102
C_DEVELOPPIECES:0.5034004472324135
C_MATERIAL:0.3847798461631917
