ELO:1000
CE_PASSEDPAWNS:0.49523744132888936
CE_PAWNWEAKNESSES:0.5028910208155405
CE_PIECEACTIVITY:0.522536660979294
CE_KINGPAWNSHIELD:0.4665178540480745
CE_PIECECOORDINATION:0.5081424357606416
CE_MATERIAL:0.48277854012630905
CE_KINGSAFETY:0.4835657552865773
C_PIECESQUARETABLES:0.5295825761574517
C_MOBILITY:0.4904609793632592
C_KINGSAFETY:0.4805886250422328
C_PAWNSTRUCTURE:0.5090595586894487
C_PIECECOORDINATION:0.5168357751533931
C_ROOKANDPAWNMOVEMENT:0.5168357751533931
C_CENTERCONTROL:0.46968118616783733
C_DEVELOPPIECES:0.4826938635672775
C_MATERIAL:0.49742042141050025
