ELO:830
CE_PASSEDPAWNS:0.47603218324102703
CE_PAWNWEAKNESSES:0.38912200929029683
CE_PIECEACTIVITY:0.4877724892313263
CE_KINGPAWNSHIELD:0.5153146895504318
CE_PIECECOORDINATION:0.4859026719940845
CE_MATERIAL:0.45309036184302337
CE_KINGSAFETY:0.4969549618103747
C_PIECESQUARETABLES:0.4786584548477063
C_MOBILITY:0.5083446313326707
C_KINGSAFETY:0.40094931039968007
C_PAWNSTRUCTURE:0.488898825257246
C_PIECECOORDINATION:0.6027910311871834
C_ROOKANDPAWNMOVEMENT:0.6027910311871834
C_CENTERCONTROL:0.6219332520807116
C_DEVELOPPIECES:0.5875382345164749
C_MATERIAL:0.4946311049455329
C_MOVECOUNT:0.5
