ELO:1000
CE_PASSEDPAWNS:0.48978398826072733
CE_PAWNWEAKNESSES:0.48207629656271406
CE_PIECEACTIVITY:0.4703884153004651
CE_KINGPAWNSHIELD:0.5163882674396476
CE_PIECECOORDINATION:0.49023463752807744
CE_MATERIAL:0.48266285441984896
CE_KINGSAFETY:0.5137824491906471
C_PIECESQUARETABLES:0.46792362320357567
C_MOBILITY:0.50783753161952
C_KINGSAFETY:0.4744115494392906
C_PAWNSTRUCTURE:0.5019952343997701
C_PIECECOORDINATION:0.5293781917262232
C_ROOKANDPAWNMOVEMENT:0.5293781917262232
C_CENTERCONTROL:0.5049835658487544
C_DEVELOPPIECES:0.5086184479288094
C_MATERIAL:0.4971965011366025
