ELO:998
CE_PASSEDPAWNS:0.4891272773949973
CE_PAWNWEAKNESSES:0.49925431904047474
CE_PIECEACTIVITY:0.4888698109161371
CE_KINGPAWNSHIELD:0.5095329341759147
CE_PIECECOORDINATION:0.49284314476373947
CE_MATERIAL:0.509246977018651
CE_KINGSAFETY:0.48831214369848513
C_PIECESQUARETABLES:0.49007958157050774
C_MOBILITY:0.48844736495749896
C_KINGSAFETY:0.49146083895612236
C_PAWNSTRUCTURE:0.503561376290283
C_PIECECOORDINATION:0.5
C_ROOKANDPAWNMOVEMENT:0.5
C_CENTERCONTROL:0.5121534047612688
C_DEVELOPPIECES:0.50108952713999
C_MATERIAL:0.48926081613991
C_MOVECOUNT:0.5092080944305523
