ELO:965
CE_PASSEDPAWNS:0.48249048606617034
CE_PAWNWEAKNESSES:0.5066161462122618
CE_PIECEACTIVITY:0.47980339786264503
CE_KINGPAWNSHIELD:0.5098190329966883
CE_PIECECOORDINATION:0.4783891876624842
CE_MATERIAL:0.5739715721945065
CE_KINGSAFETY:0.537185590200262
C_PIECESQUARETABLES:0.5481825162479885
C_MOBILITY:0.5731805378823154
C_KINGSAFETY:0.5367065158820032
C_PAWNSTRUCTURE:0.43742796272284235
C_PIECECOORDINATION:0.4384467427837053
C_ROOKANDPAWNMOVEMENT:0.4384467427837053
C_CENTERCONTROL:0.5101397438793436
C_DEVELOPPIECES:0.5272006363873045
C_MATERIAL:0.45846484419317324
