ELO:913
CE_PASSEDPAWNS:0.5616540863226759
CE_PAWNWEAKNESSES:0.4844629277418746
CE_PIECEACTIVITY:0.5242973479084542
CE_KINGPAWNSHIELD:0.5338631971497279
CE_PIECECOORDINATION:0.4869090146347043
CE_MATERIAL:0.4579507777973269
CE_KINGSAFETY:0.48012881006802505
C_PIECESQUARETABLES:0.5045838009432304
C_MOBILITY:0.49306947735606577
C_KINGSAFETY:0.5027814974908358
C_PAWNSTRUCTURE:0.522481357303347
C_PIECECOORDINATION:0.4659785819082468
C_ROOKANDPAWNMOVEMENT:0.4659785819082468
C_CENTERCONTROL:0.5012896399467918
C_DEVELOPPIECES:0.4973692720144285
C_MATERIAL:0.5396790188375784
