ELO:977
CE_PASSEDPAWNS:0.5186405203393556
CE_PAWNWEAKNESSES:0.5193442200124357
CE_PIECEACTIVITY:0.4810616133441845
CE_KINGPAWNSHIELD:0.4744130577799447
CE_PIECECOORDINATION:0.5075716790790257
CE_MATERIAL:0.48926337657715724
CE_KINGSAFETY:0.5
C_PIECESQUARETABLES:0.5100325647500611
C_MOBILITY:0.5019715416571316
C_KINGSAFETY:0.5109200186998777
C_PAWNSTRUCTURE:0.49390044196059646
C_PIECECOORDINATION:0.4963478378709344
C_ROOK:0.49815543355261344
CE_ROOK:0.5170213881872815
C_CENTERCONTROL:0.5011588214785974
C_DEVELOPPIECES:0.5111626190666574
C_MATERIAL:0.48902374933186893
C_MOVECOUNT:0.5216554511482261
C_PAWNMOVEMENT:0.4902940603404703
