ELO:914
CE_PASSEDPAWNS:0.5115046706665657
CE_PAWNWEAKNESSES:0.48812401864525834
CE_PIECEACTIVITY:0.5475456620678436
CE_KINGPAWNSHIELD:0.5389363527844763
CE_PIECECOORDINATION:0.4358632597191127
CE_MATERIAL:0.5079313291042629
CE_KINGSAFETY:0.5689447582981094
C_PIECESQUARETABLES:0.4696383254994839
C_MOBILITY:0.5343299181735103
C_KINGSAFETY:0.48511951837963124
C_PAWNSTRUCTURE:0.5365823673105214
C_PIECECOORDINATION:0.5192687880053483
C_ROOKANDPAWNMOVEMENT:0.5192687880053483
C_CENTERCONTROL:0.5234596647922435
C_DEVELOPPIECES:0.47810728066718183
C_MATERIAL:0.48903494865646197
C_MOVECOUNT:0.5
