ELO:840
CE_PASSEDPAWNS:0.47614223080295826
CE_PAWNWEAKNESSES:0.4711706954562863
CE_PIECEACTIVITY:0.48556549622813683
CE_KINGPAWNSHIELD:0.3981451935397843
CE_PIECECOORDINATION:0.495532068229087
CE_MATERIAL:0.500190940219983
CE_KINGSAFETY:0.537632467053604
C_PIECESQUARETABLES:0.4888789475816654
C_MOBILITY:0.46245812191954794
C_KINGSAFETY:0.4913339778424056
C_PAWNSTRUCTURE:0.5148660943213414
C_PIECECOORDINATION:0.5087144575319206
C_ROOKANDPAWNMOVEMENT:0.5087144575319206
C_CENTERCONTROL:0.5039661292834987
C_DEVELOPPIECES:0.42914331638455894
C_MATERIAL:0.4494980066958494
