ELO:905
CE_PASSEDPAWNS:0.5114224438665692
CE_PAWNWEAKNESSES:0.4633641215102152
CE_PIECEACTIVITY:0.4986579948280542
CE_KINGPAWNSHIELD:0.4615799636018837
CE_PIECECOORDINATION:0.5026549075180556
CE_MATERIAL:0.46965436276386935
CE_KINGSAFETY:0.5315469692623159
C_PIECESQUARETABLES:0.5152018755129839
C_MOBILITY:0.43412794314567504
C_KINGSAFETY:0.4698504979101715
C_PAWNSTRUCTURE:0.552192247565639
C_PIECECOORDINATION:0.5598709287037572
C_ROOKANDPAWNMOVEMENT:0.5598709287037572
C_CENTERCONTROL:0.4933176471929766
C_DEVELOPPIECES:0.40711412301526645
C_MATERIAL:0.4641449012592309
