ELO:1005
CE_PASSEDPAWNS:0.49792896395499114
CE_PAWNWEAKNESSES:0.5097416950350986
CE_PIECEACTIVITY:0.502153800292359
CE_KINGPAWNSHIELD:0.4928420176086169
CE_PIECECOORDINATION:0.5080180806796317
CE_MATERIAL:0.5
CE_KINGSAFETY:0.4915159910051269
C_PIECESQUARETABLES:0.5
C_MOBILITY:0.4870637383263689
C_KINGSAFETY:0.5040077186557943
C_PAWNSTRUCTURE:0.48224979414752694
C_PIECECOORDINATION:0.4883341744725247
C_ROOKANDPAWNMOVEMENT:0.4883341744725247
C_CENTERCONTROL:0.5176786738144883
C_DEVELOPPIECES:0.482356770851182
C_MATERIAL:0.5166408378464059
C_MOVECOUNT:0.46563847458196095
