ELO:933
CE_PASSEDPAWNS:0.4463613957122492
CE_PAWNWEAKNESSES:0.5708963691486861
CE_PIECEACTIVITY:0.44641768687335165
CE_KINGPAWNSHIELD:0.5155519804703855
CE_PIECECOORDINATION:0.4570120624643334
CE_MATERIAL:0.42954723845958265
CE_KINGSAFETY:0.4991115213894941
C_PIECESQUARETABLES:0.49025020456299173
C_MOBILITY:0.44155714047633565
C_KINGSAFETY:0.5328856877431556
C_PAWNSTRUCTURE:0.5120242431963149
C_PIECECOORDINATION:0.45755964484700795
C_ROOKANDPAWNMOVEMENT:0.45755964484700795
C_CENTERCONTROL:0.5272588617525551
C_DEVELOPPIECES:0.5248049330204906
C_MATERIAL:0.49759109724591527
