ELO:984
CE_PASSEDPAWNS:0.48318036927403923
CE_PAWNWEAKNESSES:0.5097416950350986
CE_PIECEACTIVITY:0.502153800292359
CE_KINGPAWNSHIELD:0.49103884341618853
CE_PIECECOORDINATION:0.4970317698298431
CE_MATERIAL:0.5
CE_KINGSAFETY:0.48978365219361014
C_PIECESQUARETABLES:0.5204348908333879
C_MOBILITY:0.484944080927466
C_KINGSAFETY:0.49154099313114746
C_PAWNSTRUCTURE:0.48224979414752694
C_PIECECOORDINATION:0.4883341744725247
C_ROOKANDPAWNMOVEMENT:0.4883341744725247
C_CENTERCONTROL:0.5089686356275408
C_DEVELOPPIECES:0.47988605425163033
C_MATERIAL:0.5055724431260014
C_MOVECOUNT:0.4819934330809435
