ELO:929
CE_PASSEDPAWNS:0.5431498345554976
CE_PAWNWEAKNESSES:0.5145799868470672
CE_PIECEACTIVITY:0.4836702728433181
CE_KINGPAWNSHIELD:0.45108319920284257
CE_PIECECOORDINATION:0.5359314981662358
CE_MATERIAL:0.4841920236577077
CE_KINGSAFETY:0.4946933256887819
C_PIECESQUARETABLES:0.4644650048816375
C_MOBILITY:0.4239828030388158
C_KINGSAFETY:0.47849245919588657
C_PAWNSTRUCTURE:0.5354652710676852
C_PIECECOORDINATION:0.5809693246961388
C_ROOKANDPAWNMOVEMENT:0.5809693246961388
C_CENTERCONTROL:0.5013284448644532
C_DEVELOPPIECES:0.4343128973369539
C_MATERIAL:0.4396968900349131
