ELO:986
CE_PASSEDPAWNS:0.49688225438958605
CE_PAWNWEAKNESSES:0.5039382472844236
CE_PIECEACTIVITY:0.4847913995987855
CE_KINGPAWNSHIELD:0.49828228668197583
CE_PIECECOORDINATION:0.48752316187386374
CE_MATERIAL:0.49965012595463903
CE_KINGSAFETY:0.5147431460115875
C_PIECESQUARETABLES:0.49844071313139965
C_MOBILITY:0.5
C_KINGSAFETY:0.4989125511038802
C_PAWNSTRUCTURE:0.5075996512986093
C_PIECECOORDINATION:0.5
C_ROOKANDPAWNMOVEMENT:0.5
C_CENTERCONTROL:0.5050933567885569
C_DEVELOPPIECES:0.5079065057625703
C_MATERIAL:0.49194543983103406
