ELO:879
CE_PASSEDPAWNS:0.48928014119418894
CE_PAWNWEAKNESSES:0.5554191532911931
CE_PIECEACTIVITY:0.4957726679839828
CE_KINGPAWNSHIELD:0.5572577577230838
CE_PIECECOORDINATION:0.5022967333235083
CE_MATERIAL:0.4034980150418123
CE_KINGSAFETY:0.5
C_PIECESQUARETABLES:0.5
C_MOBILITY:0.39698554990370943
C_KINGSAFETY:0.49141479951764416
C_PAWNSTRUCTURE:0.5353837302886255
C_PIECECOORDINATION:0.4626586861921923
C_ROOKANDPAWNMOVEMENT:0.4626586861921923
C_CENTERCONTROL:0.48560860488198965
C_DEVELOPPIECES:0.5039030061056035
C_MATERIAL:0.41930805055476716
C_MOVECOUNT:0.5
