ELO:994
CE_PASSEDPAWNS:0.49688225438958605
CE_PAWNWEAKNESSES:0.5033577139515342
CE_PIECEACTIVITY:0.48528814019593397
CE_KINGPAWNSHIELD:0.4775170630608482
CE_PIECECOORDINATION:0.48651746676877256
CE_MATERIAL:0.46205001374975535
CE_KINGSAFETY:0.5362077106679984
C_PIECESQUARETABLES:0.4835188398503161
C_MOBILITY:0.5053010136982954
C_KINGSAFETY:0.47221496925500933
C_PAWNSTRUCTURE:0.523542665340983
C_PIECECOORDINATION:0.48863523328633446
C_ROOKANDPAWNMOVEMENT:0.48863523328633446
C_CENTERCONTROL:0.48190041284779567
C_DEVELOPPIECES:0.5019010452751587
C_MATERIAL:0.489917171459125
