ELO:1002
CE_PASSEDPAWNS:0.516051925645719
CE_PAWNWEAKNESSES:0.5090678901158944
CE_PIECEACTIVITY:0.4670941441844117
CE_KINGPAWNSHIELD:0.5120966026249539
CE_PIECECOORDINATION:0.5099582135447003
CE_MATERIAL:0.48295344556020814
CE_KINGSAFETY:0.4687788236380136
C_PIECESQUARETABLES:0.5157823541265528
C_MOBILITY:0.49194066930631514
C_KINGSAFETY:0.49033689786634094
C_PAWNSTRUCTURE:0.49981716050141023
C_PIECECOORDINATION:0.5007711176154256
C_ROOKANDPAWNMOVEMENT:0.5007711176154256
C_CENTERCONTROL:0.5090440837391986
C_DEVELOPPIECES:0.4804967811963155
C_MATERIAL:0.49652408558344463
