ELO:1005
CE_PASSEDPAWNS:0.4969384186157821
CE_PAWNWEAKNESSES:0.492473816000807
CE_PIECEACTIVITY:0.49408114630435573
CE_KINGPAWNSHIELD:0.5027112397487139
CE_PIECECOORDINATION:0.49733506842575914
CE_MATERIAL:0.49880190999464996
CE_KINGSAFETY:0.4915159910051269
C_PIECESQUARETABLES:0.5
C_MOBILITY:0.5164852175691991
C_KINGSAFETY:0.4923134091962984
C_PAWNSTRUCTURE:0.4744940604324981
C_PIECECOORDINATION:0.49899326116837517
C_ROOKANDPAWNMOVEMENT:0.49899326116837517
C_CENTERCONTROL:0.49437606133934847
C_DEVELOPPIECES:0.5117191911259085
C_MATERIAL:0.507534118357487
C_MOVECOUNT:0.5
