ELO:1018
CE_PASSEDPAWNS:0.5202047592027715
CE_PAWNWEAKNESSES:0.5107951838717879
CE_PIECEACTIVITY:0.4883433623935277
CE_KINGPAWNSHIELD:0.5192358297367915
CE_PIECECOORDINATION:0.49319085613046526
CE_MATERIAL:0.5015628590999254
CE_KINGSAFETY:0.5
C_PIECESQUARETABLES:0.49467619677852703
C_MOBILITY:0.492065643821292
C_KINGSAFETY:0.5002406708489867
C_PAWNSTRUCTURE:0.4818942133350111
C_PIECECOORDINATION:0.52141157351852
C_ROOK:0.4955225921970349
CE_ROOK:0.48499253174775464
C_CENTERCONTROL:0.4787959759969498
C_DEVELOPPIECES:0.4896603053056364
C_MATERIAL:0.5030436899418252
C_MOVECOUNT:0.5
C_PAWNMOVEMENT:0.4831612788446576
