ELO:908
CE_PASSEDPAWNS:0.4170426227945273
CE_PAWNWEAKNESSES:0.5949204760250836
CE_PIECEACTIVITY:0.4397564539943992
CE_KINGPAWNSHIELD:0.5399712431388508
CE_PIECECOORDINATION:0.4450578121415011
CE_MATERIAL:0.43300129342994675
CE_KINGSAFETY:0.4980009860006479
C_PIECESQUARETABLES:0.49446220172862093
C_MOBILITY:0.4330497319514952
C_KINGSAFETY:0.49433867278426047
C_PAWNSTRUCTURE:0.5562675135771037
C_PIECECOORDINATION:0.43843162186984513
C_ROOKANDPAWNMOVEMENT:0.43843162186984513
C_CENTERCONTROL:0.5391276754405099
C_DEVELOPPIECES:0.5471504206566549
C_MATERIAL:0.48729049366645544
