ELO:988
CE_PASSEDPAWNS:0.4889880806033211
CE_PAWNWEAKNESSES:0.5
CE_PIECEACTIVITY:0.502153800292359
CE_KINGPAWNSHIELD:0.4945310777300762
CE_PIECECOORDINATION:0.48861274495461904
CE_MATERIAL:0.5
CE_KINGSAFETY:0.4957001518045441
C_PIECESQUARETABLES:0.5120518616939455
C_MOBILITY:0.4932330101491926
C_KINGSAFETY:0.49154099313114746
C_PAWNSTRUCTURE:0.49268824925883997
C_PIECECOORDINATION:0.4883341744725247
C_ROOKANDPAWNMOVEMENT:0.4883341744725247
C_CENTERCONTROL:0.5
C_DEVELOPPIECES:0.48878903942498464
C_MATERIAL:0.5
C_MOVECOUNT:0.5004418497953549
