ELO:1058
CE_PASSEDPAWNS:0.5
CE_PAWNWEAKNESSES:0.4954662148007358
CE_PIECEACTIVITY:0.49046209081848813
CE_KINGPAWNSHIELD:0.48903805567944
CE_PIECECOORDINATION:0.5067730976131555
CE_MATERIAL:0.48755275926830105
CE_KINGSAFETY:0.5
C_PIECESQUARETABLES:0.5
C_MOBILITY:0.4776585041944293
C_KINGSAFETY:0.4638229987792309
C_PAWNSTRUCTURE:0.492159784962093
C_PIECECOORDINATION:0.5116698693111267
C_ROOK:0.500771044552258
CE_ROOK:0.512999247859989
C_CENTERCONTROL:0.4925706165565375
C_DEVELOPPIECES:0.5169049356104082
C_MATERIAL:0.4782613691640225
C_MOVECOUNT:0.48987931154882625
C_PAWNMOVEMENT:0.5037547385522029
