ELO:997
CE_PASSEDPAWNS:0.5116397273806872
CE_PAWNWEAKNESSES:0.483415461790615
CE_PIECEACTIVITY:0.47220855041262344
CE_KINGPAWNSHIELD:0.4821638276013704
CE_PIECECOORDINATION:0.4970291705965348
CE_MATERIAL:0.4955799859334924
CE_KINGSAFETY:0.5
C_PIECESQUARETABLES:0.5
C_MOBILITY:0.4933360089520684
C_KINGSAFETY:0.49418259875948184
C_PAWNSTRUCTURE:0.4984238162774086
C_PIECECOORDINATION:0.5092644959623427
C_ROOK:0.48783969049628706
CE_ROOK:0.4932083150559278
C_CENTERCONTROL:0.5027840213474806
C_DEVELOPPIECES:0.5028217986566211
C_MATERIAL:0.523434263256855
C_MOVECOUNT:0.4971715690452809
C_PAWNMOVEMENT:0.48373627941503483
