ELO:1000
CE_PASSEDPAWNS:0.5321556176955171
CE_PAWNWEAKNESSES:0.4902880269926256
CE_PIECEACTIVITY:0.508159301459842
CE_KINGPAWNSHIELD:0.48561850548311136
CE_PIECECOORDINATION:0.44295274242557797
CE_MATERIAL:0.47336956904631294
CE_KINGSAFETY:0.48810590982911395
C_PIECESQUARETABLES:0.5435425962695666
C_MOBILITY:0.40418213526460717
C_KINGSAFETY:0.5012704493873639
C_PAWNSTRUCTURE:0.5077534549087858
C_PIECECOORDINATION:0.5150020469646962
C_ROOKANDPAWNMOVEMENT:0.5150020469646962
C_CENTERCONTROL:0.506764537031196
C_DEVELOPPIECES:0.4709346372491579
C_MATERIAL:0.46316838994307336
