ELO:846
CE_PASSEDPAWNS:0.5058293150289648
CE_PAWNWEAKNESSES:0.5178150010920515
CE_PIECEACTIVITY:0.4968836445497205
CE_KINGPAWNSHIELD:0.4677894076058329
CE_PIECECOORDINATION:0.5236975606849928
CE_MATERIAL:0.49403395451023896
CE_KINGSAFETY:0.4886890743574594
C_PIECESQUARETABLES:0.5196633021998595
C_MOBILITY:0.48434410304067493
C_KINGSAFETY:0.5053315966254003
C_PAWNSTRUCTURE:0.5418965369313361
C_PIECECOORDINATION:0.45003967052416505
C_ROOKANDPAWNMOVEMENT:0.45003967052416505
C_CENTERCONTROL:0.4853540903208
C_DEVELOPPIECES:0.5025626549773355
C_MATERIAL:0.5000979501710792
C_MOVECOUNT:0.5138718139054783
