ELO:996
CE_PASSEDPAWNS:0.5477283830328212
CE_PAWNWEAKNESSES:0.49590479906767054
CE_PIECEACTIVITY:0.501913182460884
CE_KINGPAWNSHIELD:0.46956768839652346
CE_PIECECOORDINATION:0.46376649169848666
CE_MATERIAL:0.4513467572054179
CE_KINGSAFETY:0.5305463628305988
C_PIECESQUARETABLES:0.5384922206600946
C_MOBILITY:0.42127336857410036
C_KINGSAFETY:0.5066633101828789
C_PAWNSTRUCTURE:0.5336177033351451
C_PIECECOORDINATION:0.5010599741688554
C_ROOKANDPAWNMOVEMENT:0.5010599741688554
C_CENTERCONTROL:0.4836571510256978
C_DEVELOPPIECES:0.4616026866309158
C_MATERIAL:0.440360880777278
