ELO:984
CE_PASSEDPAWNS:0.4987997665833281
CE_PAWNWEAKNESSES:0.5301500654522074
CE_PIECEACTIVITY:0.45549845651609555
CE_KINGPAWNSHIELD:0.47714876144542295
CE_PIECECOORDINATION:0.5644087977147498
CE_MATERIAL:0.5079518798516396
CE_KINGSAFETY:0.5
C_PIECESQUARETABLES:0.5
C_MOBILITY:0.5628555914112225
C_KINGSAFETY:0.5629925601408552
C_PAWNSTRUCTURE:0.5399858069601278
C_PIECECOORDINATION:0.5392703122424096
C_ROOKANDPAWNMOVEMENT:0.5392703122424096
C_CENTERCONTROL:0.527813377325362
C_DEVELOPPIECES:0.4958566566829421
C_MATERIAL:0.47700322540774776
