ELO:985
CE_PASSEDPAWNS:0.5223675776607126
CE_PAWNWEAKNESSES:0.5168954086854233
CE_PIECEACTIVITY:0.47223665469175696
CE_KINGPAWNSHIELD:0.4891302161918678
CE_PIECECOORDINATION:0.5427979595880937
CE_MATERIAL:0.4985455349956962
CE_KINGSAFETY:0.5094379229377384
C_PIECESQUARETABLES:0.5
C_MOBILITY:0.5921982605209029
C_KINGSAFETY:0.5530666771392644
C_PAWNSTRUCTURE:0.4988475132888397
C_PIECECOORDINATION:0.5251991223767201
C_ROOKANDPAWNMOVEMENT:0.5251991223767201
C_CENTERCONTROL:0.5226228016439088
C_DEVELOPPIECES:0.47318707931115317
C_MATERIAL:0.4876028913348663
