ELO:991
CE_PASSEDPAWNS:0.5457576729669108
CE_PAWNWEAKNESSES:0.4747266971979074
CE_PIECEACTIVITY:0.5256534381721791
CE_KINGPAWNSHIELD:0.5533464029462728
CE_PIECECOORDINATION:0.48866101316329075
CE_MATERIAL:0.4753411773039661
CE_KINGSAFETY:0.5
C_PIECESQUARETABLES:0.5
C_MOBILITY:0.5836313903895851
C_KINGSAFETY:0.5250912115677565
C_PAWNSTRUCTURE:0.46054427260367564
C_PIECECOORDINATION:0.4999339069827814
C_ROOKANDPAWNMOVEMENT:0.4999339069827814
C_CENTERCONTROL:0.42894235410171383
C_DEVELOPPIECES:0.4354212939766876
C_MATERIAL:0.6287802090057423
