ELO:1025
CE_PASSEDPAWNS:0.5006727524098382
CE_PAWNWEAKNESSES:0.522153535577986
CE_PIECEACTIVITY:0.5106700029888525
CE_KINGPAWNSHIELD:0.5004594220327684
CE_PIECECOORDINATION:0.5171406272205582
CE_MATERIAL:0.47406151152458953
CE_KINGSAFETY:0.5
C_PIECESQUARETABLES:0.5
C_MOBILITY:0.4857340728633006
C_KINGSAFETY:0.4851245356931956
C_PAWNSTRUCTURE:0.4787336599613985
C_PIECECOORDINATION:0.5204537975749808
C_ROOK:0.5235389777948128
CE_ROOK:0.4961064697153357
C_CENTERCONTROL:0.526919927314315
C_DEVELOPPIECES:0.5127138055121028
C_MATERIAL:0.5252388643169138
C_MOVECOUNT:0.47689802817489824
C_PAWNMOVEMENT:0.4913202042988777
