ELO:1013
CE_PASSEDPAWNS:0.5132861929739981
CE_PAWNWEAKNESSES:0.5100670803356779
CE_PIECEACTIVITY:0.5049507557632258
CE_KINGPAWNSHIELD:0.5092774248004385
CE_PIECECOORDINATION:0.5138152310971298
CE_MATERIAL:0.510485102883116
CE_KINGSAFETY:0.5
C_PIECESQUARETABLES:0.4999493477910685
C_MOBILITY:0.4901246575266763
C_KINGSAFETY:0.48863197829762745
C_PAWNSTRUCTURE:0.5
C_PIECECOORDINATION:0.4963470729584982
C_ROOKANDPAWNMOVEMENT:0.4963470729584982
C_CENTERCONTROL:0.5
C_DEVELOPPIECES:0.47389270083544305
C_MATERIAL:0.5012887683355874
