ELO:898
CE_PASSEDPAWNS:0.4670818439429584
CE_PAWNWEAKNESSES:0.5843136410205433
CE_PIECEACTIVITY:0.44753670986774596
CE_KINGPAWNSHIELD:0.5677988562011492
CE_PIECECOORDINATION:0.44516245886074146
CE_MATERIAL:0.41201702827581177
CE_KINGSAFETY:0.49586883840623097
C_PIECESQUARETABLES:0.47474604112734625
C_MOBILITY:0.42880153627361633
C_KINGSAFETY:0.475666758937098
C_PAWNSTRUCTURE:0.5727873288288686
C_PIECECOORDINATION:0.4616027269557561
C_ROOKANDPAWNMOVEMENT:0.4616027269557561
C_CENTERCONTROL:0.5719886986525866
C_DEVELOPPIECES:0.5476641803108475
C_MATERIAL:0.48820560790349454
