ELO:1019
CE_PASSEDPAWNS:0.5202047592027715
CE_PAWNWEAKNESSES:0.5107951838717879
CE_PIECEACTIVITY:0.4883433623935277
CE_KINGPAWNSHIELD:0.5222016485521512
CE_PIECECOORDINATION:0.49319085613046526
CE_MATERIAL:0.5047260232807386
CE_KINGSAFETY:0.5
C_PIECESQUARETABLES:0.49467619677852703
C_MOBILITY:0.492065643821292
C_KINGSAFETY:0.48933871297149417
C_PAWNSTRUCTURE:0.4824143174931562
C_PIECECOORDINATION:0.52141157351852
C_ROOK:0.4955225921970349
CE_ROOK:0.48499253174775464
C_CENTERCONTROL:0.48759034218562713
C_DEVELOPPIECES:0.4865121122505884
C_MATERIAL:0.5030436899418252
C_MOVECOUNT:0.5
C_PAWNMOVEMENT:0.4831612788446576
