ELO:994
CE_PASSEDPAWNS:0.49004328877726516
CE_PAWNWEAKNESSES:0.5
CE_PIECEACTIVITY:0.5055742085815581
CE_KINGPAWNSHIELD:0.4898992165438916
CE_PIECECOORDINATION:0.4792526962271335
CE_MATERIAL:0.5
CE_KINGSAFETY:0.5
C_PIECESQUARETABLES:0.4915409602223621
C_MOBILITY:0.49126690339802936
C_KINGSAFETY:0.4994654115770728
C_PAWNSTRUCTURE:0.5085958026991216
C_PIECECOORDINATION:0.5107010265722889
C_ROOKANDPAWNMOVEMENT:0.5107010265722889
C_CENTERCONTROL:0.5171821207071163
C_DEVELOPPIECES:0.4999732362180723
C_MATERIAL:0.4972577335636062
C_MOVECOUNT:0.49992898146062864
