ELO:859
CE_PASSEDPAWNS:0.4501279084468277
CE_PAWNWEAKNESSES:0.4834699350704603
CE_PIECEACTIVITY:0.45626880835609307
CE_KINGPAWNSHIELD:0.42050044221612976
CE_PIECECOORDINATION:0.4673170408912296
CE_MATERIAL:0.5051868946762716
CE_KINGSAFETY:0.5244020668974526
C_PIECESQUARETABLES:0.5128303333787312
C_MOBILITY:0.4519543812249278
C_KINGSAFETY:0.48284096787386915
C_PAWNSTRUCTURE:0.49975850537899347
C_PIECECOORDINATION:0.513393324176419
C_ROOKANDPAWNMOVEMENT:0.513393324176419
C_CENTERCONTROL:0.5010764900765592
C_DEVELOPPIECES:0.44795905451747525
C_MATERIAL:0.45627053215422386
