ELO:957
CE_PASSEDPAWNS:0.4378965867215275
CE_PAWNWEAKNESSES:0.531717871288489
CE_PIECEACTIVITY:0.44453116764612743
CE_KINGPAWNSHIELD:0.5248549237234922
CE_PIECECOORDINATION:0.45359640056083006
CE_MATERIAL:0.4507953332707897
CE_KINGSAFETY:0.5117707441014429
C_PIECESQUARETABLES:0.5103225139586091
C_MOBILITY:0.4805393323248897
C_KINGSAFETY:0.530004240002234
C_PAWNSTRUCTURE:0.48902507255808025
C_PIECECOORDINATION:0.45933705228314564
C_ROOKANDPAWNMOVEMENT:0.45933705228314564
C_CENTERCONTROL:0.5101667678068753
C_DEVELOPPIECES:0.552548831377648
C_MATERIAL:0.5044000195212919
