ELO:958
CE_PASSEDPAWNS:0.48246293202598906
CE_PAWNWEAKNESSES:0.49685107914741033
CE_PIECEACTIVITY:0.521909368732147
CE_KINGPAWNSHIELD:0.4935172126250603
CE_PIECECOORDINATION:0.4958329749066985
CE_MATERIAL:0.42084812956129014
CE_KINGSAFETY:0.49559116572160217
C_PIECESQUARETABLES:0.49983717351280127
C_MOBILITY:0.5334959054257902
C_KINGSAFETY:0.514838615442047
C_PAWNSTRUCTURE:0.5288475062069774
C_PIECECOORDINATION:0.44119270430865964
C_ROOKANDPAWNMOVEMENT:0.44119270430865964
C_CENTERCONTROL:0.5773739832547063
C_DEVELOPPIECES:0.5102879690656571
C_MATERIAL:0.49580845244734567
C_MOVECOUNT:0.5
