ELO:997
CE_PASSEDPAWNS:0.49688225438958605
CE_PAWNWEAKNESSES:0.5033577139515342
CE_PIECEACTIVITY:0.49343627046453375
CE_KINGPAWNSHIELD:0.49466829171423826
CE_PIECECOORDINATION:0.48752316187386374
CE_MATERIAL:0.50493594041977
CE_KINGSAFETY:0.5208504096584989
C_PIECESQUARETABLES:0.49844071313139965
C_MOBILITY:0.5053010136982954
C_KINGSAFETY:0.4894487967124934
C_PAWNSTRUCTURE:0.5075996512986093
C_PIECECOORDINATION:0.5065306152765605
C_ROOKANDPAWNMOVEMENT:0.5065306152765605
C_CENTERCONTROL:0.49819796628067614
C_DEVELOPPIECES:0.5121841191717137
C_MATERIAL:0.493189768980868
