ELO:957
CE_PASSEDPAWNS:0.5100797642438609
CE_PAWNWEAKNESSES:0.5392626742775757
CE_PIECEACTIVITY:0.4971014009352293
CE_KINGPAWNSHIELD:0.4618410757378979
CE_PIECECOORDINATION:0.5255279630434201
CE_MATERIAL:0.4615522206662119
CE_KINGSAFETY:0.4910800649495929
C_PIECESQUARETABLES:0.4893490946149671
C_MOBILITY:0.43707589089611093
C_KINGSAFETY:0.4843247401277621
C_PAWNSTRUCTURE:0.5205138207364464
C_PIECECOORDINATION:0.5591675511155442
C_ROOKANDPAWNMOVEMENT:0.5591675511155442
C_CENTERCONTROL:0.49585627034093616
C_DEVELOPPIECES:0.4640958571898229
C_MATERIAL:0.4473524986452171
