ELO:956
CE_PASSEDPAWNS:0.4600110870489462
CE_PAWNWEAKNESSES:0.5369883796029472
CE_PIECEACTIVITY:0.43665662696523727
CE_KINGPAWNSHIELD:0.529020690603594
CE_PIECECOORDINATION:0.4367469458916552
CE_MATERIAL:0.4408332465462213
CE_KINGSAFETY:0.5117707441014429
C_PIECESQUARETABLES:0.5200002833524805
C_MOBILITY:0.4653951108200018
C_KINGSAFETY:0.5294695834903994
C_PAWNSTRUCTURE:0.4890639053852724
C_PIECECOORDINATION:0.46479354247406274
C_ROOKANDPAWNMOVEMENT:0.46479354247406274
C_CENTERCONTROL:0.5101667678068753
C_DEVELOPPIECES:0.5326995953898802
C_MATERIAL:0.49827250120483224
