ELO:1008
CE_PASSEDPAWNS:0.505724604084828
CE_PAWNWEAKNESSES:0.4847656089200239
CE_PIECEACTIVITY:0.537894709832281
CE_KINGPAWNSHIELD:0.4650841272761975
CE_PIECECOORDINATION:0.4485956125357362
CE_MATERIAL:0.47054461466129316
CE_KINGSAFETY:0.5
C_PIECESQUARETABLES:0.5
C_MOBILITY:0.4941634234457814
C_KINGSAFETY:0.519609402901787
C_PAWNSTRUCTURE:0.5127002290046653
C_PIECECOORDINATION:0.4534040265977296
C_ROOKANDPAWNMOVEMENT:0.4534040265977296
C_CENTERCONTROL:0.5771913920543247
C_DEVELOPPIECES:0.46609606453959146
C_MATERIAL:0.5222519657452552
C_MOVECOUNT:0.5
