ELO:865
CE_PASSEDPAWNS:0.5656433363722024
CE_PAWNWEAKNESSES:0.49572659298001553
CE_PIECEACTIVITY:0.4944096726506074
CE_KINGPAWNSHIELD:0.5162474204784724
CE_PIECECOORDINATION:0.47722599172784463
CE_MATERIAL:0.4897910042397549
CE_KINGSAFETY:0.5114073553310993
C_PIECESQUARETABLES:0.4868310860217859
C_MOBILITY:0.46970088504162943
C_KINGSAFETY:0.4605043908611776
C_PAWNSTRUCTURE:0.5397699573147723
C_PIECECOORDINATION:0.521636863040075
C_ROOKANDPAWNMOVEMENT:0.521636863040075
C_CENTERCONTROL:0.4785087024931411
C_DEVELOPPIECES:0.5657038046938413
C_MATERIAL:0.4797623415470797
C_MOVECOUNT:0.5
