ELO:752
CE_PASSEDPAWNS:0.5172548745255989
CE_PAWNWEAKNESSES:0.48078543103288557
CE_PIECEACTIVITY:0.48324248313682155
CE_KINGPAWNSHIELD:0.4852192243874795
CE_PIECECOORDINATION:0.5389002005776656
CE_MATERIAL:0.4879191024086492
CE_KINGSAFETY:0.46824858754634974
C_PIECESQUARETABLES:0.501155053497644
C_MOBILITY:0.5258111116673767
C_KINGSAFETY:0.5102294405712114
C_PAWNSTRUCTURE:0.5358045954782437
C_PIECECOORDINATION:0.45130279130582396
C_ROOKANDPAWNMOVEMENT:0.45130279130582396
C_CENTERCONTROL:0.5107740355314384
C_DEVELOPPIECES:0.4845647737871522
C_MATERIAL:0.5285810753752829
C_MOVECOUNT:0.5103114342989825
