ELO:832
CE_PASSEDPAWNS:0.6053242520717798
CE_PAWNWEAKNESSES:0.4956117973418568
CE_PIECEACTIVITY:0.5204166040439372
CE_KINGPAWNSHIELD:0.508203364147264
CE_PIECECOORDINATION:0.5034061929713366
CE_MATERIAL:0.4809246023137665
CE_KINGSAFETY:0.5061448223362808
C_PIECESQUARETABLES:0.48968906070367707
C_MOBILITY:0.45411671036074747
C_KINGSAFETY:0.42976778501503166
C_PAWNSTRUCTURE:0.5092931760563417
C_PIECECOORDINATION:0.5296244813390425
C_ROOKANDPAWNMOVEMENT:0.5296244813390425
C_CENTERCONTROL:0.46532012728818894
C_DEVELOPPIECES:0.5837732006063596
C_MATERIAL:0.46352686131694715
C_MOVECOUNT:0.5
