ELO:953
CE_PASSEDPAWNS:0.5
CE_PAWNWEAKNESSES:0.5
CE_PIECEACTIVITY:0.5745887389776517
CE_KINGPAWNSHIELD:0.5445219622039371
CE_PIECECOORDINATION:0.505703926250014
CE_MATERIAL:0.44349793636689294
CE_KINGSAFETY:0.5
C_PIECESQUARETABLES:0.5
C_MOBILITY:0.4402736123503534
C_KINGSAFETY:0.5371046085555942
C_PAWNSTRUCTURE:0.48418409463271117
C_PIECECOORDINATION:0.40729891974951327
C_ROOKANDPAWNMOVEMENT:0.40729891974951327
C_CENTERCONTROL:0.540001378120153
C_DEVELOPPIECES:0.44962804478387003
C_MATERIAL:0.5421236356813443
C_MOVECOUNT:0.5
