ELO:1020
CE_PASSEDPAWNS:0.5077723926057441
CE_PAWNWEAKNESSES:0.5
CE_PIECEACTIVITY:0.48738743425169717
CE_KINGPAWNSHIELD:0.5
CE_PIECECOORDINATION:0.5026533907714388
CE_MATERIAL:0.5026829682013427
CE_KINGSAFETY:0.4923658866310308
C_PIECESQUARETABLES:0.5
C_MOBILITY:0.4259097959670311
C_KINGSAFETY:0.5037618510300387
C_PAWNSTRUCTURE:0.5055466951793266
C_PIECECOORDINATION:0.4582294175465727
C_ROOKANDPAWNMOVEMENT:0.4582294175465727
C_CENTERCONTROL:0.4881251864329805
C_DEVELOPPIECES:0.5181181923699284
C_MATERIAL:0.4872760138680634
C_MOVECOUNT:0.4793057240913953
