ELO:778
CE_PASSEDPAWNS:0.5075609332004036
CE_PAWNWEAKNESSES:0.47466371998994117
CE_PIECEACTIVITY:0.46433920446238514
CE_KINGPAWNSHIELD:0.4863688897104927
CE_PIECECOORDINATION:0.5864648370464292
CE_MATERIAL:0.4901672145057325
CE_KINGSAFETY:0.45891474342817734
C_PIECESQUARETABLES:0.5013995654910252
C_MOBILITY:0.537893523309762
C_KINGSAFETY:0.5015833143019737
C_PAWNSTRUCTURE:0.5633612530756881
C_PIECECOORDINATION:0.4621224238835467
C_ROOKANDPAWNMOVEMENT:0.4621224238835467
C_CENTERCONTROL:0.5098919089645682
C_DEVELOPPIECES:0.4780651120160124
C_MATERIAL:0.5242874497030061
C_MOVECOUNT:0.497680884136469
