ELO:928
CE_PASSEDPAWNS:0.5348125991535642
CE_PAWNWEAKNESSES:0.5012576437321917
CE_PIECEACTIVITY:0.5056776074918619
CE_KINGPAWNSHIELD:0.5311258291788835
CE_PIECECOORDINATION:0.47215738086483056
CE_MATERIAL:0.49889109756365563
CE_KINGSAFETY:0.5106293719931492
C_PIECESQUARETABLES:0.4848708851847386
C_MOBILITY:0.503741309569255
C_KINGSAFETY:0.4430488815602745
C_PAWNSTRUCTURE:0.5182549580605921
C_PIECECOORDINATION:0.5111765995630894
C_ROOKANDPAWNMOVEMENT:0.5111765995630894
C_CENTERCONTROL:0.5317198230266761
C_DEVELOPPIECES:0.519740361984345
C_MATERIAL:0.5119396098615184
C_MOVECOUNT:0.5
