ELO:987
CE_PASSEDPAWNS:0.5277288571395565
CE_PAWNWEAKNESSES:0.47758671247220263
CE_PIECEACTIVITY:0.5425245006859553
CE_KINGPAWNSHIELD:0.542603462243025
CE_PIECECOORDINATION:0.48866101316329075
CE_MATERIAL:0.4694181679613265
CE_KINGSAFETY:0.49997132334116723
C_PIECESQUARETABLES:0.5088921988282847
C_MOBILITY:0.5835186948151247
C_KINGSAFETY:0.5320702548324067
C_PAWNSTRUCTURE:0.33225826834771305
C_PIECECOORDINATION:0.49481266204964397
C_ROOKANDPAWNMOVEMENT:0.49481266204964397
C_CENTERCONTROL:0.34790903039221255
C_DEVELOPPIECES:0.4354212939766876
C_MATERIAL:0.6218139555314098
