ELO:966
CE_PASSEDPAWNS:0.48421645609092223
CE_PAWNWEAKNESSES:0.5094946092690459
CE_PIECEACTIVITY:0.5097426056755087
CE_KINGPAWNSHIELD:0.5178843583131881
CE_PIECECOORDINATION:0.4973897788346881
CE_MATERIAL:0.4960965495563831
CE_KINGSAFETY:0.5232007359478469
C_PIECESQUARETABLES:0.4967258205728288
C_MOBILITY:0.4797281921635474
C_KINGSAFETY:0.49408336303321604
C_PAWNSTRUCTURE:0.4994186961135705
C_PIECECOORDINATION:0.5543287360339982
C_ROOKANDPAWNMOVEMENT:0.5543287360339982
C_CENTERCONTROL:0.5120699128068575
C_DEVELOPPIECES:0.4890721728504396
C_MATERIAL:0.4912173746846252
C_MOVECOUNT:0.5
