ELO:983
CE_PASSEDPAWNS:0.48568679570512824
CE_PAWNWEAKNESSES:0.49104560006461445
CE_PIECEACTIVITY:0.5037125018017329
CE_KINGPAWNSHIELD:0.5153175121315582
CE_PIECECOORDINATION:0.48786146869765623
CE_MATERIAL:0.4981175511783285
CE_KINGSAFETY:0.49933214903893436
C_PIECESQUARETABLES:0.4907081005154655
C_MOBILITY:0.48353456953273605
C_KINGSAFETY:0.5174836466494621
C_PAWNSTRUCTURE:0.49896364204988586
C_PIECECOORDINATION:0.5006440152999684
C_ROOKANDPAWNMOVEMENT:0.5006440152999684
C_CENTERCONTROL:0.4994866565518486
C_DEVELOPPIECES:0.5040043978961868
C_MATERIAL:0.48869345283809307
C_MOVECOUNT:0.5032758935817998
