ELO:950
CE_PASSEDPAWNS:0.5148741466117702
CE_PAWNWEAKNESSES:0.45591394762635556
CE_PIECEACTIVITY:0.5131029294574407
CE_KINGPAWNSHIELD:0.5287120785520854
CE_PIECECOORDINATION:0.49418615755124595
CE_MATERIAL:0.5055650524078645
CE_KINGSAFETY:0.5057681203360673
C_PIECESQUARETABLES:0.47710825851374006
C_MOBILITY:0.5368142805675871
C_KINGSAFETY:0.4862871177185061
C_PAWNSTRUCTURE:0.49301906641893306
C_PIECECOORDINATION:0.5539057983674387
C_ROOKANDPAWNMOVEMENT:0.5539057983674387
C_CENTERCONTROL:0.4639514786176993
C_DEVELOPPIECES:0.47556391092000805
C_MATERIAL:0.5106752133858052
C_MOVECOUNT:0.5
