ELO:989
CE_PASSEDPAWNS:0.5184519513990803
CE_PAWNWEAKNESSES:0.4971584298186118
CE_PIECEACTIVITY:0.49772432778037207
CE_KINGPAWNSHIELD:0.5
CE_PIECECOORDINATION:0.5082679645932046
CE_MATERIAL:0.4822906978326782
CE_KINGSAFETY:0.5264255371144925
C_PIECESQUARETABLES:0.5112842506694198
C_MOBILITY:0.49255635502869666
C_KINGSAFETY:0.4816353489848745
C_PAWNSTRUCTURE:0.5202336066910547
C_PIECECOORDINATION:0.47992942614291717
C_ROOK:0.5053654461258543
CE_ROOK:0.5093589858141213
C_CENTERCONTROL:0.4500302694857482
C_DEVELOPPIECES:0.48918259626435856
C_MATERIAL:0.4943035774559452
C_MOVECOUNT:0.5177351203227116
C_PAWNMOVEMENT:0.5022968935771887
