ELO:1000
CE_PASSEDPAWNS:0.5136210832090069
CE_PAWNWEAKNESSES:0.5057220581127702
CE_PIECEACTIVITY:0.49455004777429484
CE_KINGPAWNSHIELD:0.5241238293601113
CE_PIECECOORDINATION:0.4843906794168863
CE_MATERIAL:0.4976694062325068
CE_KINGSAFETY:0.5
C_PIECESQUARETABLES:0.5
C_MOBILITY:0.49571742806374414
C_KINGSAFETY:0.5
C_PAWNSTRUCTURE:0.5033971032759146
C_PIECECOORDINATION:0.5110844048263588
C_ROOK:0.5122765942908728
CE_ROOK:0.49610474875591076
C_CENTERCONTROL:0.48759034218562713
C_DEVELOPPIECES:0.5112450384646645
C_MATERIAL:0.5090396237414442
C_MOVECOUNT:0.5
C_PAWNMOVEMENT:0.4904189795990924
