ELO:964
CE_PASSEDPAWNS:0.5088826336410333
CE_PAWNWEAKNESSES:0.502378741815799
CE_PIECEACTIVITY:0.5201025712479067
CE_KINGPAWNSHIELD:0.5024846046450566
CE_PIECECOORDINATION:0.49665908713425716
CE_MATERIAL:0.5102408489364648
CE_KINGSAFETY:0.482137338473487
C_PIECESQUARETABLES:0.5
C_MOBILITY:0.5145370924846716
C_KINGSAFETY:0.5086228460292669
C_PAWNSTRUCTURE:0.4957205552308512
C_PIECECOORDINATION:0.5143072764207628
C_ROOKANDPAWNMOVEMENT:0.5143072764207628
C_CENTERCONTROL:0.5526190705508924
C_DEVELOPPIECES:0.5089420737176198
C_MATERIAL:0.4715984478110957
C_MOVECOUNT:0.5
