ELO:986
CE_PASSEDPAWNS:0.5447221001226786
CE_PAWNWEAKNESSES:0.5141516451848175
CE_PIECEACTIVITY:0.5574187816466171
CE_KINGPAWNSHIELD:0.5417747443415327
CE_PIECECOORDINATION:0.5244905621088675
CE_MATERIAL:0.43211197781470684
CE_KINGSAFETY:0.5203546253793985
C_PIECESQUARETABLES:0.4917948491464213
C_MOBILITY:0.5240954438299829
C_KINGSAFETY:0.5132545844840937
C_PAWNSTRUCTURE:0.4902789787361748
C_PIECECOORDINATION:0.511226693179117
C_ROOKANDPAWNMOVEMENT:0.511226693179117
C_CENTERCONTROL:0.4402654807516542
C_DEVELOPPIECES:0.5212878531157109
C_MATERIAL:0.49899144731304307
