ELO:986
CE_PASSEDPAWNS:0.49791739215637965
CE_PAWNWEAKNESSES:0.5005374985495119
CE_PIECEACTIVITY:0.5103709224261618
CE_KINGPAWNSHIELD:0.49006991189036825
CE_PIECECOORDINATION:0.5105652954746139
CE_MATERIAL:0.49573204235704016
CE_KINGSAFETY:0.5120827963392572
C_PIECESQUARETABLES:0.4999871054435183
C_MOBILITY:0.5001810575015261
C_KINGSAFETY:0.5220093889249104
C_PAWNSTRUCTURE:0.497291775180314
C_PIECECOORDINATION:0.5036173669675731
C_ROOK:0.49971859953047354
CE_ROOK:0.4981189553120027
C_CENTERCONTROL:0.49407839293154115
C_DEVELOPPIECES:0.5265874209194071
C_MATERIAL:0.5359843645983394
C_MOVECOUNT:0.47538425961380004
C_PAWNMOVEMENT:0.5017822869395765
