ELO:604
CE_PASSEDPAWNS:0.46896549739714233
CE_PAWNWEAKNESSES:0.4492387501387072
CE_PIECEACTIVITY:0.5513220600008274
CE_KINGPAWNSHIELD:0.4590239615987028
CE_PIECECOORDINATION:0.46856784817743125
CE_MATERIAL:0.418674129947543
CE_KINGSAFETY:0.4624203870150263
C_PIECESQUARETABLES:0.5340206322982439
C_MOBILITY:0.4299326492991728
C_KINGSAFETY:0.5064464934464175
C_PAWNSTRUCTURE:0.4857662942811111
C_PIECECOORDINATION:0.5187068917379526
C_ROOKANDPAWNMOVEMENT:0.5187068917379526
C_CENTERCONTROL:0.5040593630795225
C_DEVELOPPIECES:0.5056621319679133
C_MATERIAL:0.5076484830288388
C_MOVECOUNT:0.5
