ELO:889
CE_PASSEDPAWNS:0.554821801322876
CE_PAWNWEAKNESSES:0.5699619711816262
CE_PIECEACTIVITY:0.6144863937023882
CE_KINGPAWNSHIELD:0.520717349759354
CE_PIECECOORDINATION:0.49600396664363683
CE_MATERIAL:0.3599582172096786
CE_KINGSAFETY:0.5003586950466357
C_PIECESQUARETABLES:0.507102390395766
C_MOBILITY:0.4303500177553375
C_KINGSAFETY:0.4830073720689747
C_PAWNSTRUCTURE:0.49084677481484695
C_PIECECOORDINATION:0.5098235350788466
C_ROOKANDPAWNMOVEMENT:0.5098235350788466
C_CENTERCONTROL:0.3969369514082822
C_DEVELOPPIECES:0.5665186587941239
C_MATERIAL:0.5009352708033636
