ELO:947
CE_PASSEDPAWNS:0.5083871110812825
CE_PAWNWEAKNESSES:0.4391483354155107
CE_PIECEACTIVITY:0.463329452713945
CE_KINGPAWNSHIELD:0.5100996726142139
CE_PIECECOORDINATION:0.5278813468693007
CE_MATERIAL:0.44052666967947823
CE_KINGSAFETY:0.5231581783615452
C_PIECESQUARETABLES:0.5377829146003951
C_MOBILITY:0.5916445574815906
C_KINGSAFETY:0.3961736709749796
C_PAWNSTRUCTURE:0.3981606275611851
C_PIECECOORDINATION:0.6135308168497035
C_ROOKANDPAWNMOVEMENT:0.6135308168497035
C_CENTERCONTROL:0.6494141386113016
C_DEVELOPPIECES:0.49311409157743497
C_MATERIAL:0.6297152142643776
