ELO:931
CE_PASSEDPAWNS:0.48476702688243767
CE_PAWNWEAKNESSES:0.49766952497419525
CE_PIECEACTIVITY:0.49365079483129704
CE_KINGPAWNSHIELD:0.5099873029367638
CE_PIECECOORDINATION:0.46169667576014434
CE_MATERIAL:0.4609419076991074
CE_KINGSAFETY:0.5136479174581032
C_PIECESQUARETABLES:0.5
C_MOBILITY:0.5047919661127618
C_KINGSAFETY:0.5161278671095891
C_PAWNSTRUCTURE:0.5087907433847256
C_PIECECOORDINATION:0.4950284555470767
C_ROOKANDPAWNMOVEMENT:0.4950284555470767
C_CENTERCONTROL:0.478948090846343
C_DEVELOPPIECES:0.5013214866368728
C_MATERIAL:0.4711300728065162
C_MOVECOUNT:0.5
