ELO:1078
CE_PASSEDPAWNS:0.442778421640529
CE_PAWNWEAKNESSES:0.43590080619505317
CE_PIECEACTIVITY:0.4761653298570335
CE_KINGPAWNSHIELD:0.4774259118591802
CE_PIECECOORDINATION:0.4815906346349421
CE_MATERIAL:0.44825786477353013
CE_KINGSAFETY:0.4900047524015449
C_PIECESQUARETABLES:0.5
C_MOBILITY:0.3890288305977693
C_KINGSAFETY:0.5918890241303768
C_PAWNSTRUCTURE:0.451898421409895
C_PIECECOORDINATION:0.4895055045734293
C_ROOKANDPAWNMOVEMENT:0.4895055045734293
C_CENTERCONTROL:0.49248469640397724
C_DEVELOPPIECES:0.47713982392863963
C_MATERIAL:0.3728454848139912
