ELO:1000
CE_PASSEDPAWNS:0.5897183378448738
CE_PAWNWEAKNESSES:0.5016660541090313
CE_PIECEACTIVITY:0.5085765054862582
CE_KINGPAWNSHIELD:0.46853497742705114
CE_PIECECOORDINATION:0.5309655228718729
CE_MATERIAL:0.478871388030796
CE_KINGSAFETY:0.45858700478330805
C_PIECESQUARETABLES:0.5045973659986842
C_MOBILITY:0.4945988252612538
C_KINGSAFETY:0.4998003036793006
C_PAWNSTRUCTURE:0.4412694440282387
C_PIECECOORDINATION:0.5563682946670375
C_ROOKANDPAWNMOVEMENT:0.5563682946670375
C_CENTERCONTROL:0.49938479426851307
C_DEVELOPPIECES:0.43852452468240316
C_MATERIAL:0.5203532097088934
