ELO:1000
CE_PASSEDPAWNS:0.5000252850086684
CE_PAWNWEAKNESSES:0.4939457618849263
CE_PIECEACTIVITY:0.5078252102039252
CE_KINGPAWNSHIELD:0.5056276545905921
CE_PIECECOORDINATION:0.4903447314778049
CE_MATERIAL:0.4878645444620453
CE_KINGSAFETY:0.49373904595912077
C_PIECESQUARETABLES:0.4859873752505831
C_MOBILITY:0.503163330398434
C_KINGSAFETY:0.5212283857661058
C_PAWNSTRUCTURE:0.48344934759055036
C_PIECECOORDINATION:0.5
C_ROOKANDPAWNMOVEMENT:0.5
C_CENTERCONTROL:0.5
C_DEVELOPPIECES:0.5105859264449047
C_MATERIAL:0.4987910093180582
