ELO:1003
CE_PASSEDPAWNS:0.49451380867559996
CE_PAWNWEAKNESSES:0.4912403189079237
CE_PIECEACTIVITY:0.49536365589673287
CE_KINGPAWNSHIELD:0.5052197149413955
CE_PIECECOORDINATION:0.4899662950487724
CE_MATERIAL:0.5087849883317835
CE_KINGSAFETY:0.5007262150981517
C_PIECESQUARETABLES:0.4832022850098812
C_MOBILITY:0.5
C_KINGSAFETY:0.5029667729830462
C_PAWNSTRUCTURE:0.49192541590339767
C_PIECECOORDINATION:0.5014545287577118
C_ROOK:0.5157094922994251
CE_ROOK:0.5100125874347307
C_CENTERCONTROL:0.49523956246515
C_DEVELOPPIECES:0.4995604225809351
C_MATERIAL:0.5116372499171977
C_MOVECOUNT:0.5
C_PAWNMOVEMENT:0.48830568958524484
