ELO:1082
CE_PASSEDPAWNS:0.6013504946833449
CE_PAWNWEAKNESSES:0.47950914066991557
CE_PIECEACTIVITY:0.4786733178444071
CE_KINGPAWNSHIELD:0.38976450674245894
CE_PIECECOORDINATION:0.5387170766676309
CE_MATERIAL:0.43775389000729525
CE_KINGSAFETY:0.5
C_PIECESQUARETABLES:0.5
C_MOBILITY:0.49194241495661734
C_KINGSAFETY:0.5175610369632433
C_PAWNSTRUCTURE:0.4281614476935569
C_PIECECOORDINATION:0.5373938437043057
C_ROOKANDPAWNMOVEMENT:0.5373938437043057
C_CENTERCONTROL:0.58779191220648
C_DEVELOPPIECES:0.5704710997918916
C_MATERIAL:0.4063918105112338
