ELO:627
CE_PASSEDPAWNS:0.46576633765120407
CE_PAWNWEAKNESSES:0.5174275401683605
CE_PIECEACTIVITY:0.5447820638907197
CE_KINGPAWNSHIELD:0.42448694007796295
CE_PIECECOORDINATION:0.46193884742353325
CE_MATERIAL:0.40206846600926766
CE_KINGSAFETY:0.48827256956075726
C_PIECESQUARETABLES:0.5024935121332788
C_MOBILITY:0.4710828298133201
C_KINGSAFETY:0.5289345621331607
C_PAWNSTRUCTURE:0.4768677322210809
C_PIECECOORDINATION:0.5109461926636072
C_ROOKANDPAWNMOVEMENT:0.5109461926636072
C_CENTERCONTROL:0.5516799836725866
C_DEVELOPPIECES:0.4933541319494732
C_MATERIAL:0.4465842804951349
C_MOVECOUNT:0.5013206834304562
