ELO:1028
CE_PASSEDPAWNS:0.5438429740743952
CE_PAWNWEAKNESSES:0.5298054120236073
CE_PIECEACTIVITY:0.5078521403032359
CE_KINGPAWNSHIELD:0.4818929993370571
CE_PIECECOORDINATION:0.47649555088981205
CE_MATERIAL:0.5051880877524377
CE_KINGSAFETY:0.5
C_PIECESQUARETABLES:0.5
C_MOBILITY:0.5011218318521301
C_KINGSAFETY:0.5
C_PAWNSTRUCTURE:0.5
C_PIECECOORDINATION:0.530079026421654
C_ROOK:0.4791789732824061
CE_ROOK:0.473966689342418
C_CENTERCONTROL:0.5055156476960524
C_DEVELOPPIECES:0.48545380561561957
C_MATERIAL:0.5085119268006085
C_MOVECOUNT:0.4898257745510507
C_PAWNMOVEMENT:0.5219166504499402
