ELO:985
CE_PASSEDPAWNS:0.5013787131414988
CE_PAWNWEAKNESSES:0.506642754522303
CE_PIECEACTIVITY:0.5029469972421992
CE_KINGPAWNSHIELD:0.49006991189036825
CE_PIECECOORDINATION:0.5105652954746139
CE_MATERIAL:0.4842056406862006
CE_KINGSAFETY:0.518256043949659
C_PIECESQUARETABLES:0.507770825215
C_MOBILITY:0.501115511393403
C_KINGSAFETY:0.5220093889249104
C_PAWNSTRUCTURE:0.49039373998717084
C_PIECECOORDINATION:0.5036173669675731
C_ROOK:0.49381773008392327
CE_ROOK:0.4906479095214469
C_CENTERCONTROL:0.48041178091511416
C_DEVELOPPIECES:0.5189643693882754
C_MATERIAL:0.5359843645983394
C_MOVECOUNT:0.4629574675063753
C_PAWNMOVEMENT:0.49108945402567095
