ELO:950
CE_PASSEDPAWNS:0.45832254822348567
CE_PAWNWEAKNESSES:0.40074414379379897
CE_PIECEACTIVITY:0.5460625850162892
CE_KINGPAWNSHIELD:0.4061202540355586
CE_PIECECOORDINATION:0.540716149233393
CE_MATERIAL:0.5248033120913583
CE_KINGSAFETY:0.5
C_PIECESQUARETABLES:0.5
C_MOBILITY:0.4324100579780208
C_KINGSAFETY:0.37916857722728675
C_PAWNSTRUCTURE:0.44780112737445826
C_PIECECOORDINATION:0.4694780179438744
C_ROOKANDPAWNMOVEMENT:0.4694780179438744
C_CENTERCONTROL:0.5236297995852667
C_DEVELOPPIECES:0.4923320693428989
C_MATERIAL:0.5915415245147436
