ELO:1005
CE_PASSEDPAWNS:0.5092317389313964
CE_PAWNWEAKNESSES:0.5199226229815731
CE_PIECEACTIVITY:0.49161878511758483
CE_KINGPAWNSHIELD:0.5142653329978302
CE_PIECECOORDINATION:0.5136610720994581
CE_MATERIAL:0.5091497262333498
CE_KINGSAFETY:0.5
C_PIECESQUARETABLES:0.5
C_MOBILITY:0.47976044958124736
C_KINGSAFETY:0.4664486268094646
C_PAWNSTRUCTURE:0.4991070109688661
C_PIECECOORDINATION:0.480677372078961
C_ROOK:0.46101618361128416
CE_ROOK:0.518072906126279
C_CENTERCONTROL:0.49753629962313195
C_DEVELOPPIECES:0.5
C_MATERIAL:0.5000688632165662
C_MOVECOUNT:0.484254033797517
C_PAWNMOVEMENT:0.5073024461160959
