ELO:1000
CE_PASSEDPAWNS:0.5644624125236706
CE_PAWNWEAKNESSES:0.4889164051323376
CE_PIECEACTIVITY:0.5580667128149418
CE_KINGPAWNSHIELD:0.532116985923236
CE_PIECECOORDINATION:0.5314677047630028
CE_MATERIAL:0.48990201661997146
CE_KINGSAFETY:0.5224075334607928
C_PIECESQUARETABLES:0.4891753067341304
C_MOBILITY:0.5142034481057955
C_KINGSAFETY:0.4878162620047082
C_PAWNSTRUCTURE:0.47841073302254505
C_PIECECOORDINATION:0.4894848427667312
C_ROOKANDPAWNMOVEMENT:0.4894848427667312
C_CENTERCONTROL:0.48876838606965656
C_DEVELOPPIECES:0.5069433945388547
C_MATERIAL:0.4724911161132707
