ELO:984
CE_PASSEDPAWNS:0.5291508416340409
CE_PAWNWEAKNESSES:0.4944155772920567
CE_PIECEACTIVITY:0.5115352987026925
CE_KINGPAWNSHIELD:0.5256221565231596
CE_PIECECOORDINATION:0.4820318374666213
CE_MATERIAL:0.44229709003703976
CE_KINGSAFETY:0.5
C_PIECESQUARETABLES:0.5
C_MOBILITY:0.46684985733045453
C_KINGSAFETY:0.5062459155666083
C_PAWNSTRUCTURE:0.501965367088728
C_PIECECOORDINATION:0.5120601343050147
C_ROOK:0.4786063319554014
CE_ROOK:0.49047743740156063
C_CENTERCONTROL:0.49339456657067904
C_DEVELOPPIECES:0.4546247288975435
C_MATERIAL:0.5090964740507613
C_MOVECOUNT:0.5250105185436987
C_PAWNMOVEMENT:0.48722053629913553
