ELO:904
CE_PASSEDPAWNS:0.4977438431762432
CE_PAWNWEAKNESSES:0.4866410642127703
CE_PIECEACTIVITY:0.5354605599875284
CE_KINGPAWNSHIELD:0.49658266975158777
CE_PIECECOORDINATION:0.4719623439284285
CE_MATERIAL:0.49422679509763595
CE_KINGSAFETY:0.5
C_PIECESQUARETABLES:0.49018375205110887
C_MOBILITY:0.4771083167595299
C_KINGSAFETY:0.49665468174892036
C_PAWNSTRUCTURE:0.4512260080097828
C_PIECECOORDINATION:0.5105988728536255
C_ROOKANDPAWNMOVEMENT:0.5105988728536255
C_CENTERCONTROL:0.518570113513249
C_DEVELOPPIECES:0.49180584405436556
C_MATERIAL:0.5266877859168274
C_MOVECOUNT:0.5
