ELO:952
CE_PASSEDPAWNS:0.5192945267397865
CE_PAWNWEAKNESSES:0.6017230771651952
CE_PIECEACTIVITY:0.45948984147117256
CE_KINGPAWNSHIELD:0.5469113943628969
CE_PIECECOORDINATION:0.5287384177096172
CE_MATERIAL:0.4722023023939389
CE_KINGSAFETY:0.49788852709559667
C_PIECESQUARETABLES:0.4638928723197532
C_MOBILITY:0.48785442347904256
C_KINGSAFETY:0.5294738557152583
C_PAWNSTRUCTURE:0.4552559176584275
C_PIECECOORDINATION:0.4722298555347294
C_ROOKANDPAWNMOVEMENT:0.4722298555347294
C_CENTERCONTROL:0.46096602890549515
C_DEVELOPPIECES:0.43801802169066856
C_MATERIAL:0.4425097273919139
