ELO:1021
CE_PASSEDPAWNS:0.4275057151195717
CE_PAWNWEAKNESSES:0.47169260294792903
CE_PIECEACTIVITY:0.5207976355968643
CE_KINGPAWNSHIELD:0.486192186722111
CE_PIECECOORDINATION:0.536222644507142
CE_MATERIAL:0.47000134508766267
CE_KINGSAFETY:0.5118073569897676
C_PIECESQUARETABLES:0.47937683946880805
C_MOBILITY:0.5782052060752875
C_KINGSAFETY:0.4726243399451035
C_PAWNSTRUCTURE:0.45250606198368853
C_PIECECOORDINATION:0.44780779521898184
C_ROOKANDPAWNMOVEMENT:0.44780779521898184
C_CENTERCONTROL:0.48388874096599066
C_DEVELOPPIECES:0.43617522188427416
C_MATERIAL:0.5686829550784477
