ELO:914
CE_PASSEDPAWNS:0.5082614848859305
CE_PAWNWEAKNESSES:0.48586927444133143
CE_PIECEACTIVITY:0.5622583136740235
CE_KINGPAWNSHIELD:0.5115027956045992
CE_PIECECOORDINATION:0.4613559343097396
CE_MATERIAL:0.46586075517290676
CE_KINGSAFETY:0.44857569507180167
C_PIECESQUARETABLES:0.486728263062577
C_MOBILITY:0.48083792010178616
C_KINGSAFETY:0.5242163438880829
C_PAWNSTRUCTURE:0.48221810746236565
C_PIECECOORDINATION:0.5315089485163327
C_ROOKANDPAWNMOVEMENT:0.5315089485163327
C_CENTERCONTROL:0.48037099644069503
C_DEVELOPPIECES:0.5126252821523039
C_MATERIAL:0.5179806500509961
C_MOVECOUNT:0.5
