ELO:998
CE_PASSEDPAWNS:0.518597700518494
CE_PAWNWEAKNESSES:0.584234001632993
CE_PIECEACTIVITY:0.4944382408301004
CE_KINGPAWNSHIELD:0.5198829477994575
CE_PIECECOORDINATION:0.5306208246759224
CE_MATERIAL:0.5106123011391355
CE_KINGSAFETY:0.4417997619099449
C_PIECESQUARETABLES:0.4606675480864415
C_MOBILITY:0.5031894344715973
C_KINGSAFETY:0.47062335896127727
C_PAWNSTRUCTURE:0.4787303280212643
C_PIECECOORDINATION:0.4281174083556424
C_ROOKANDPAWNMOVEMENT:0.4281174083556424
C_CENTERCONTROL:0.4903575562088175
C_DEVELOPPIECES:0.4253504107012736
C_MATERIAL:0.47969816472516835
