ELO:979
CE_PASSEDPAWNS:0.5
CE_PAWNWEAKNESSES:0.46991271417744584
CE_PIECEACTIVITY:0.5
CE_KINGPAWNSHIELD:0.5001776124905497
CE_PIECECOORDINATION:0.5437813074972995
CE_MATERIAL:0.5252555066202144
CE_KINGSAFETY:0.5
C_PIECESQUARETABLES:0.5
C_MOBILITY:0.5
C_KINGSAFETY:0.5
C_PAWNSTRUCTURE:0.4586295391854603
C_PIECECOORDINATION:0.523625818484096
C_ROOKANDPAWNMOVEMENT:0.523625818484096
C_CENTERCONTROL:0.49898722925906497
C_DEVELOPPIECES:0.5030104506744931
C_MATERIAL:0.4862129948691289
C_MOVECOUNT:0.5
