ELO:975
CE_PASSEDPAWNS:0.5634549421963395
CE_PAWNWEAKNESSES:0.48652007450893014
CE_PIECEACTIVITY:0.5559370735252673
CE_KINGPAWNSHIELD:0.5597487551430785
CE_PIECECOORDINATION:0.5061538198804593
CE_MATERIAL:0.43886613584246464
CE_KINGSAFETY:0.4752146803367325
C_PIECESQUARETABLES:0.4993063175509524
C_MOBILITY:0.5252262043994778
C_KINGSAFETY:0.5079780014223539
C_PAWNSTRUCTURE:0.49540469161152223
C_PIECECOORDINATION:0.5095241540120093
C_ROOKANDPAWNMOVEMENT:0.5095241540120093
C_CENTERCONTROL:0.4464225702897478
C_DEVELOPPIECES:0.5587579560906322
C_MATERIAL:0.5169979754608939
