ELO:967
CE_PASSEDPAWNS:0.4968299780538905
CE_PAWNWEAKNESSES:0.49257757642799715
CE_PIECEACTIVITY:0.48981619177364905
CE_KINGPAWNSHIELD:0.5167754311914102
CE_PIECECOORDINATION:0.5265704015473306
CE_MATERIAL:0.477929063960251
CE_KINGSAFETY:0.5051425707051175
C_PIECESQUARETABLES:0.4731674917688841
C_MOBILITY:0.48934750252114495
C_KINGSAFETY:0.4952264808403916
C_PAWNSTRUCTURE:0.4969604197163901
C_PIECECOORDINATION:0.5373584145028534
C_ROOKANDPAWNMOVEMENT:0.5373584145028534
C_CENTERCONTROL:0.5162155872813191
C_DEVELOPPIECES:0.5129606938647545
C_MATERIAL:0.5146780710460334
C_MOVECOUNT:0.5
