ELO:982
CE_PASSEDPAWNS:0.5628165523870602
CE_PAWNWEAKNESSES:0.5050153299682608
CE_PIECEACTIVITY:0.5514459612030862
CE_KINGPAWNSHIELD:0.5437484779474451
CE_PIECECOORDINATION:0.5135476647916972
CE_MATERIAL:0.43932784676196035
CE_KINGSAFETY:0.48490303140821817
C_PIECESQUARETABLES:0.4879489025801395
C_MOBILITY:0.5228667488194723
C_KINGSAFETY:0.5079780014223539
C_PAWNSTRUCTURE:0.5187760473010251
C_PIECECOORDINATION:0.528557387279097
C_ROOKANDPAWNMOVEMENT:0.528557387279097
C_CENTERCONTROL:0.45663347426798645
C_DEVELOPPIECES:0.5515680521825154
C_MATERIAL:0.5080932080818101
