ELO:1000
CE_PASSEDPAWNS:0.5102272858367723
CE_PAWNWEAKNESSES:0.5794441911321305
CE_PIECEACTIVITY:0.48831069185953363
CE_KINGPAWNSHIELD:0.5144743237816943
CE_PIECECOORDINATION:0.5235517648776163
CE_MATERIAL:0.5003465081270128
CE_KINGSAFETY:0.4417997619099449
C_PIECESQUARETABLES:0.4606675480864415
C_MOBILITY:0.5090147903382124
C_KINGSAFETY:0.47062335896127727
C_PAWNSTRUCTURE:0.4755860718281882
C_PIECECOORDINATION:0.42895684716957166
C_ROOKANDPAWNMOVEMENT:0.42895684716957166
C_CENTERCONTROL:0.5023791677070781
C_DEVELOPPIECES:0.4152333593719119
C_MATERIAL:0.48838683042021713
