ELO:1003
CE_PASSEDPAWNS:0.5090080353321961
CE_PAWNWEAKNESSES:0.48197169006085916
CE_PIECEACTIVITY:0.5
CE_KINGPAWNSHIELD:0.5
CE_PIECECOORDINATION:0.4892093510748163
CE_MATERIAL:0.4704772777392225
CE_KINGSAFETY:0.5408009059881639
C_PIECESQUARETABLES:0.5
C_MOBILITY:0.523214162292683
C_KINGSAFETY:0.4981080962150639
C_PAWNSTRUCTURE:0.5
C_PIECECOORDINATION:0.539542790315696
C_ROOKANDPAWNMOVEMENT:0.539542790315696
C_CENTERCONTROL:0.4892159748478409
C_DEVELOPPIECES:0.5083695028385102
C_MATERIAL:0.4831849542832359
C_MOVECOUNT:0.5
