ELO:896
CE_PASSEDPAWNS:0.5507948373467567
CE_PAWNWEAKNESSES:0.5647369555351266
CE_PIECEACTIVITY:0.6132299907158403
CE_KINGPAWNSHIELD:0.537846598554832
CE_PIECECOORDINATION:0.5001457279015508
CE_MATERIAL:0.36608175631629625
CE_KINGSAFETY:0.5092833283606583
C_PIECESQUARETABLES:0.49721056195596053
C_MOBILITY:0.4447955592162579
C_KINGSAFETY:0.4961935975299108
C_PAWNSTRUCTURE:0.4987905107969298
C_PIECECOORDINATION:0.5248369864013146
C_ROOKANDPAWNMOVEMENT:0.5248369864013146
C_CENTERCONTROL:0.41077261934153714
C_DEVELOPPIECES:0.596323598355585
C_MATERIAL:0.4839428010825243
