ELO:861
CE_PASSEDPAWNS:0.4764171499666332
CE_PAWNWEAKNESSES:0.50560307665728
CE_PIECEACTIVITY:0.5260702971696211
CE_KINGPAWNSHIELD:0.5515504922591353
CE_PIECECOORDINATION:0.5118986232797853
CE_MATERIAL:0.5518216048648686
CE_KINGSAFETY:0.49959878839419203
C_PIECESQUARETABLES:0.4925585366388123
C_MOBILITY:0.5013126738032803
C_KINGSAFETY:0.49941330920924915
C_PAWNSTRUCTURE:0.49718489392320436
C_PIECECOORDINATION:0.5616032427094317
C_ROOKANDPAWNMOVEMENT:0.5616032427094317
C_CENTERCONTROL:0.4805770226490446
C_DEVELOPPIECES:0.5440032333958664
C_MATERIAL:0.5556889835171143
C_MOVECOUNT:0.5340026731573994
