ELO:987
CE_PASSEDPAWNS:0.5184281579410651
CE_PAWNWEAKNESSES:0.6044769607213205
CE_PIECEACTIVITY:0.5009333781030382
CE_KINGPAWNSHIELD:0.5207846528044443
CE_PIECECOORDINATION:0.5241547656903205
CE_MATERIAL:0.5191316422588711
CE_KINGSAFETY:0.4995607889355015
C_PIECESQUARETABLES:0.5
C_MOBILITY:0.5051765203778745
C_KINGSAFETY:0.48161699031394295
C_PAWNSTRUCTURE:0.4434129093704902
C_PIECECOORDINATION:0.4612432837686047
C_ROOKANDPAWNMOVEMENT:0.4612432837686047
C_CENTERCONTROL:0.48319887945337264
C_DEVELOPPIECES:0.4210019602862235
C_MATERIAL:0.46814733823027554
