ELO:1000
CE_PASSEDPAWNS:0.5317536100386486
CE_PAWNWEAKNESSES:0.4911605511270315
CE_PIECEACTIVITY:0.5094158221793758
CE_KINGPAWNSHIELD:0.503369375189233
CE_PIECECOORDINATION:0.5200437021201247
CE_MATERIAL:0.5009233359112354
CE_KINGSAFETY:0.5257544712371883
C_PIECESQUARETABLES:0.5056365356350746
C_MOBILITY:0.501759727303465
C_KINGSAFETY:0.5001420523245035
C_PAWNSTRUCTURE:0.48619542293203344
C_PIECECOORDINATION:0.47732645785822747
C_ROOKANDPAWNMOVEMENT:0.47732645785822747
C_CENTERCONTROL:0.48348104023733135
C_DEVELOPPIECES:0.5042519322940914
C_MATERIAL:0.49824415771018754
