ELO:789
CE_PASSEDPAWNS:0.42083714590051524
CE_PAWNWEAKNESSES:0.5242358656822028
CE_PIECEACTIVITY:0.5498706397787608
CE_KINGPAWNSHIELD:0.517026280943887
CE_PIECECOORDINATION:0.4775628096219353
CE_MATERIAL:0.4472331365174661
CE_KINGSAFETY:0.4907823170366371
C_PIECESQUARETABLES:0.5281136939364426
C_MOBILITY:0.49157456044469666
C_KINGSAFETY:0.47236593573766544
C_PAWNSTRUCTURE:0.47845088772004446
C_PIECECOORDINATION:0.4869476975681305
C_ROOKANDPAWNMOVEMENT:0.4869476975681305
C_CENTERCONTROL:0.47968613217812645
C_DEVELOPPIECES:0.43570790551276123
C_MATERIAL:0.5581288667643234
C_MOVECOUNT:0.4852379040709513
