ELO:1010
CE_PASSEDPAWNS:0.5013787131414988
CE_PAWNWEAKNESSES:0.506642754522303
CE_PIECEACTIVITY:0.4953321891046122
CE_KINGPAWNSHIELD:0.5006846271677258
CE_PIECECOORDINATION:0.5217953041539427
CE_MATERIAL:0.4842056406862006
CE_KINGSAFETY:0.518256043949659
C_PIECESQUARETABLES:0.507770825215
C_MOBILITY:0.49022464063215726
C_KINGSAFETY:0.5146037712160133
C_PAWNSTRUCTURE:0.49039373998717084
C_PIECECOORDINATION:0.5183136091662264
C_ROOK:0.49381773008392327
CE_ROOK:0.48625489621868667
C_CENTERCONTROL:0.48041178091511416
C_DEVELOPPIECES:0.5189643693882754
C_MATERIAL:0.5359843645983394
C_MOVECOUNT:0.454750959340167
C_PAWNMOVEMENT:0.49108945402567095
