ELO:997
CE_PASSEDPAWNS:0.518597700518494
CE_PAWNWEAKNESSES:0.584234001632993
CE_PIECEACTIVITY:0.48810284010147964
CE_KINGPAWNSHIELD:0.5147388564298613
CE_PIECECOORDINATION:0.5379385264042049
CE_MATERIAL:0.5106123011391355
CE_KINGSAFETY:0.43562626342657823
C_PIECESQUARETABLES:0.4606675480864415
C_MOBILITY:0.5031276065400877
C_KINGSAFETY:0.4765058241992065
C_PAWNSTRUCTURE:0.47627461173746366
C_PIECECOORDINATION:0.43825991550139676
C_ROOKANDPAWNMOVEMENT:0.43825991550139676
C_CENTERCONTROL:0.4903575562088175
C_DEVELOPPIECES:0.4246498094158
C_MATERIAL:0.48570536606411174
