ELO:1012
CE_PASSEDPAWNS:0.4945609368027457
CE_PAWNWEAKNESSES:0.49512036067963455
CE_PIECEACTIVITY:0.5
CE_KINGPAWNSHIELD:0.5
CE_PIECECOORDINATION:0.5
CE_MATERIAL:0.5
CE_KINGSAFETY:0.49503249047452436
C_PIECESQUARETABLES:0.4944993087424691
C_MOBILITY:0.5
C_KINGSAFETY:0.5089102234296262
C_PAWNSTRUCTURE:0.5
C_PIECECOORDINATION:0.5
C_ROOKANDPAWNMOVEMENT:0.5
C_CENTERCONTROL:0.5
C_DEVELOPPIECES:0.5
C_MATERIAL:0.5
C_MOVECOUNT:0.496220043753088
