ELO:1029
CE_PASSEDPAWNS:0.5179591658070092
CE_PAWNWEAKNESSES:0.4837214784139212
CE_PIECEACTIVITY:0.5054269034939335
CE_KINGPAWNSHIELD:0.5231747007757428
CE_PIECECOORDINATION:0.48223038506638427
CE_MATERIAL:0.48282644193788904
CE_KINGSAFETY:0.5
C_PIECESQUARETABLES:0.5
C_MOBILITY:0.5
C_KINGSAFETY:0.48751029456479994
C_PAWNSTRUCTURE:0.4870973044084296
C_PIECECOORDINATION:0.5201670512737098
C_ROOK:0.5084696024925567
CE_ROOK:0.4941331280785939
C_CENTERCONTROL:0.5044795965366173
C_DEVELOPPIECES:0.49194891943136915
C_MATERIAL:0.4718044583437473
C_MOVECOUNT:0.45921274873085527
C_PAWNMOVEMENT:0.5073024461160959
