ELO:801
CE_PASSEDPAWNS:0.5012933629694751
CE_PAWNWEAKNESSES:0.47487433531292494
CE_PIECEACTIVITY:0.5238218489637151
CE_KINGPAWNSHIELD:0.5383809074363907
CE_PIECECOORDINATION:0.4854780029178902
CE_MATERIAL:0.44945766764151435
CE_KINGSAFETY:0.46305820103836226
C_PIECESQUARETABLES:0.473377719025826
C_MOBILITY:0.4656444654588369
C_KINGSAFETY:0.4758666038417484
C_PAWNSTRUCTURE:0.5322107764756173
C_PIECECOORDINATION:0.539189646654417
C_ROOKANDPAWNMOVEMENT:0.539189646654417
C_CENTERCONTROL:0.5268689718151072
C_DEVELOPPIECES:0.5095528398323873
C_MATERIAL:0.572918289523277
C_MOVECOUNT:0.5
