ELO:987
CE_PASSEDPAWNS:0.49791739215637965
CE_PAWNWEAKNESSES:0.491094033636466
CE_PIECEACTIVITY:0.5103709224261618
CE_KINGPAWNSHIELD:0.49006991189036825
CE_PIECECOORDINATION:0.5105652954746139
CE_MATERIAL:0.48910102856813376
CE_KINGSAFETY:0.5004412299851069
C_PIECESQUARETABLES:0.5
C_MOBILITY:0.5001810575015261
C_KINGSAFETY:0.5269494712098449
C_PAWNSTRUCTURE:0.5001136311414389
C_PIECECOORDINATION:0.4957666887707526
C_ROOK:0.49971859953047354
CE_ROOK:0.49620366534915383
C_CENTERCONTROL:0.5013331876150133
C_DEVELOPPIECES:0.5265874209194071
C_MATERIAL:0.5179166136702745
C_MOVECOUNT:0.47538425961380004
C_PAWNMOVEMENT:0.5017822869395765
