ELO:946
CE_PASSEDPAWNS:0.38191603146801995
CE_PAWNWEAKNESSES:0.5441819115994728
CE_PIECEACTIVITY:0.500604484001843
CE_KINGPAWNSHIELD:0.46070885391463146
CE_PIECECOORDINATION:0.46527819380193175
CE_MATERIAL:0.46801294975510543
CE_KINGSAFETY:0.44048670685850405
C_PIECESQUARETABLES:0.4884275974684414
C_MOBILITY:0.48675154133086734
C_KINGSAFETY:0.45859637264797826
C_PAWNSTRUCTURE:0.44162361495751223
C_PIECECOORDINATION:0.5174313768760933
C_ROOKANDPAWNMOVEMENT:0.5174313768760933
C_CENTERCONTROL:0.47443967074105187
C_DEVELOPPIECES:0.4321551991126178
C_MATERIAL:0.4349029573317579
