ELO:1005
CE_PASSEDPAWNS:0.5092317389313964
CE_PAWNWEAKNESSES:0.49153747739782117
CE_PIECEACTIVITY:0.49161878511758483
CE_KINGPAWNSHIELD:0.5142653329978302
CE_PIECECOORDINATION:0.5136610720994581
CE_MATERIAL:0.49745337549444735
CE_KINGSAFETY:0.5
C_PIECESQUARETABLES:0.5
C_MOBILITY:0.47976044958124736
C_KINGSAFETY:0.4664486268094646
C_PAWNSTRUCTURE:0.4991070109688661
C_PIECECOORDINATION:0.480677372078961
C_ROOK:0.47911671830964603
CE_ROOK:0.5131704461704223
C_CENTERCONTROL:0.49172731702394357
C_DEVELOPPIECES:0.5
C_MATERIAL:0.48734904163133397
C_MOVECOUNT:0.484254033797517
C_PAWNMOVEMENT:0.5073024461160959
