ELO:1000
CE_PASSEDPAWNS:0.4882427542100455
CE_PAWNWEAKNESSES:0.49494612480649053
CE_PIECEACTIVITY:0.5142628413571102
CE_KINGPAWNSHIELD:0.48338144750075746
CE_PIECECOORDINATION:0.5233605176568329
CE_MATERIAL:0.5030655971022494
CE_KINGSAFETY:0.4872403691608929
C_PIECESQUARETABLES:0.49387430101866503
C_MOBILITY:0.49752625139942047
C_KINGSAFETY:0.49781825510488675
C_PAWNSTRUCTURE:0.4721664808376193
C_PIECECOORDINATION:0.5129978232791083
C_ROOKANDPAWNMOVEMENT:0.5129978232791083
C_CENTERCONTROL:0.5099355532653391
C_DEVELOPPIECES:0.49402948355156934
C_MATERIAL:0.5229641376884242
