ELO:928
CE_PASSEDPAWNS:0.5186646604608026
CE_PAWNWEAKNESSES:0.46433825312858107
CE_PIECEACTIVITY:0.572469157438533
CE_KINGPAWNSHIELD:0.46330757365877734
CE_PIECECOORDINATION:0.5486942015703081
CE_MATERIAL:0.42403066726658867
CE_KINGSAFETY:0.5
C_PIECESQUARETABLES:0.4914268456772706
C_MOBILITY:0.4708176421033687
C_KINGSAFETY:0.48622116027682893
C_PAWNSTRUCTURE:0.379420750705281
C_PIECECOORDINATION:0.4065568246499328
C_ROOKANDPAWNMOVEMENT:0.4065568246499328
C_CENTERCONTROL:0.47107971705445306
C_DEVELOPPIECES:0.4098702103986178
C_MATERIAL:0.40495666458127355
