ELO:1029
CE_PASSEDPAWNS:0.4959931609355616
CE_PAWNWEAKNESSES:0.5298054120236073
CE_PIECEACTIVITY:0.5144750712005799
CE_KINGPAWNSHIELD:0.5209533767107821
CE_PIECECOORDINATION:0.5335037667055654
CE_MATERIAL:0.5113046221875883
CE_KINGSAFETY:0.5
C_PIECESQUARETABLES:0.5
C_MOBILITY:0.4979335609091218
C_KINGSAFETY:0.5088586798689533
C_PAWNSTRUCTURE:0.4959800873894563
C_PIECECOORDINATION:0.5286364888660213
C_ROOK:0.505855737548092
CE_ROOK:0.5
C_CENTERCONTROL:0.5
C_DEVELOPPIECES:0.5191417892675573
C_MATERIAL:0.46758995477125365
C_MOVECOUNT:0.45921274873085527
C_PAWNMOVEMENT:0.508671075153686
