ELO:1012
CE_PASSEDPAWNS:0.5
CE_PAWNWEAKNESSES:0.4836310343041884
CE_PIECEACTIVITY:0.5
CE_KINGPAWNSHIELD:0.5
CE_PIECECOORDINATION:0.5070347646763855
CE_MATERIAL:0.5073899340605328
CE_KINGSAFETY:0.49503249047452436
C_PIECESQUARETABLES:0.49796367656371027
C_MOBILITY:0.5
C_KINGSAFETY:0.5036112688136184
C_PAWNSTRUCTURE:0.5
C_PIECECOORDINATION:0.502157753462646
C_ROOKANDPAWNMOVEMENT:0.502157753462646
C_CENTERCONTROL:0.5
C_DEVELOPPIECES:0.5038376298043344
C_MATERIAL:0.5
C_MOVECOUNT:0.49654956845108444
