ELO:1063
CE_PASSEDPAWNS:0.46222242138404146
CE_PAWNWEAKNESSES:0.5090073923529249
CE_PIECEACTIVITY:0.500113336584728
CE_KINGPAWNSHIELD:0.4855567023778074
CE_PIECECOORDINATION:0.47855289593067774
CE_MATERIAL:0.5
CE_KINGSAFETY:0.5
C_PIECESQUARETABLES:0.5
C_MOBILITY:0.5070454903558789
C_KINGSAFETY:0.4980573762221772
C_PAWNSTRUCTURE:0.5241965214962074
C_PIECECOORDINATION:0.5168564573665481
C_ROOK:0.5
CE_ROOK:0.4898928659705995
C_CENTERCONTROL:0.4844589996792851
C_DEVELOPPIECES:0.4880202182608303
C_MATERIAL:0.49461804208522603
C_MOVECOUNT:0.5102333506431944
C_PAWNMOVEMENT:0.5032302729801571
