ELO:991
CE_PASSEDPAWNS:0.5447221001226786
CE_PAWNWEAKNESSES:0.4766342418970114
CE_PIECEACTIVITY:0.5449435937561361
CE_KINGPAWNSHIELD:0.5495924848693198
CE_PIECECOORDINATION:0.5107512775801551
CE_MATERIAL:0.44177128650553216
CE_KINGSAFETY:0.5052529066154219
C_PIECESQUARETABLES:0.491838241668642
C_MOBILITY:0.5175065554187235
C_KINGSAFETY:0.5001963654486058
C_PAWNSTRUCTURE:0.48579506787929044
C_PIECECOORDINATION:0.49168529424530855
C_ROOKANDPAWNMOVEMENT:0.49168529424530855
C_CENTERCONTROL:0.42777568891538914
C_DEVELOPPIECES:0.5113808514756393
C_MATERIAL:0.49982313590015215
