ELO:1000
CE_PASSEDPAWNS:0.5501763875676576
CE_PAWNWEAKNESSES:0.5011504796649804
CE_PIECEACTIVITY:0.4859431744670472
CE_KINGPAWNSHIELD:0.4870750997968033
CE_PIECECOORDINATION:0.5512887538765249
CE_MATERIAL:0.5014684092575049
CE_KINGSAFETY:0.4780370271274491
C_PIECESQUARETABLES:0.4935914254177329
C_MOBILITY:0.4918156178697369
C_KINGSAFETY:0.516499721919267
C_PAWNSTRUCTURE:0.45407382696205606
C_PIECECOORDINATION:0.5188751871118104
C_ROOKANDPAWNMOVEMENT:0.5188751871118104
C_CENTERCONTROL:0.4997401313475078
C_DEVELOPPIECES:0.459881657571936
C_MATERIAL:0.5265613877147179
