ELO:957
CE_PASSEDPAWNS:0.47923241919638004
CE_PAWNWEAKNESSES:0.4772457491639068
CE_PIECEACTIVITY:0.5125279226261237
CE_KINGPAWNSHIELD:0.5448356146172475
CE_PIECECOORDINATION:0.5209213486346139
CE_MATERIAL:0.4451095607368949
CE_KINGSAFETY:0.5476241790577069
C_PIECESQUARETABLES:0.4885752555195777
C_MOBILITY:0.4582464213110245
C_KINGSAFETY:0.5250912115677565
C_PAWNSTRUCTURE:0.5439663070585833
C_PIECECOORDINATION:0.5267503115933464
C_ROOKANDPAWNMOVEMENT:0.5267503115933464
C_CENTERCONTROL:0.5394755078845904
C_DEVELOPPIECES:0.5269948157013007
C_MATERIAL:0.6240656082668976
