ELO:896
CE_PASSEDPAWNS:0.5611934658350645
CE_PAWNWEAKNESSES:0.5647369555351266
CE_PIECEACTIVITY:0.5998114871129887
CE_KINGPAWNSHIELD:0.5339527995629557
CE_PIECECOORDINATION:0.49511272837188824
CE_MATERIAL:0.368342292390967
CE_KINGSAFETY:0.5109495878646457
C_PIECESQUARETABLES:0.5109167325440177
C_MOBILITY:0.45652104099467794
C_KINGSAFETY:0.4977336785400228
C_PAWNSTRUCTURE:0.5095732320997554
C_PIECECOORDINATION:0.4977669845480244
C_ROOKANDPAWNMOVEMENT:0.4977669845480244
C_CENTERCONTROL:0.42119911102112945
C_DEVELOPPIECES:0.6072357014314465
C_MATERIAL:0.4920851887634692
