ELO:1020
CE_PASSEDPAWNS:0.5047511612579889
CE_PAWNWEAKNESSES:0.4907180606305114
CE_PIECEACTIVITY:0.5108780770683703
CE_KINGPAWNSHIELD:0.5
CE_PIECECOORDINATION:0.5006099307658022
CE_MATERIAL:0.5169406209248399
CE_KINGSAFETY:0.5
C_PIECESQUARETABLES:0.5
C_MOBILITY:0.5088902439941603
C_KINGSAFETY:0.4937841637095247
C_PAWNSTRUCTURE:0.5039120588130365
C_PIECECOORDINATION:0.5
C_ROOKANDPAWNMOVEMENT:0.5
C_CENTERCONTROL:0.5124345860558135
C_DEVELOPPIECES:0.5061805084876588
C_MATERIAL:0.5239856141398592
C_MOVECOUNT:0.48140284232242214
