ELO:1000
CE_PASSEDPAWNS:0.49364208799015874
CE_PAWNWEAKNESSES:0.4658983907331713
CE_PIECEACTIVITY:0.4837213689725305
CE_KINGPAWNSHIELD:0.45960142522178443
CE_PIECECOORDINATION:0.4906818052413223
CE_MATERIAL:0.42574818738879805
CE_KINGSAFETY:0.4358965501085827
C_PIECESQUARETABLES:0.4775748140460997
C_MOBILITY:0.5141719828460838
C_KINGSAFETY:0.48648235847545707
C_PAWNSTRUCTURE:0.5272206430927611
C_PIECECOORDINATION:0.5081892296266715
C_ROOKANDPAWNMOVEMENT:0.5081892296266715
C_CENTERCONTROL:0.5362588398437579
C_DEVELOPPIECES:0.5207369986323628
C_MATERIAL:0.46682563343006567
