ELO:961
CE_PASSEDPAWNS:0.43915904172356446
CE_PAWNWEAKNESSES:0.5155280033771753
CE_PIECEACTIVITY:0.5133457996255708
CE_KINGPAWNSHIELD:0.43513340275239787
CE_PIECECOORDINATION:0.5678344189006269
CE_MATERIAL:0.43875911570982534
CE_KINGSAFETY:0.5201143097961272
C_PIECESQUARETABLES:0.5004812415246959
C_MOBILITY:0.49321327472564874
C_KINGSAFETY:0.48102229377999517
C_PAWNSTRUCTURE:0.49857603818775603
C_PIECECOORDINATION:0.5048689146534228
C_ROOKANDPAWNMOVEMENT:0.5048689146534228
C_CENTERCONTROL:0.43837348717228763
C_DEVELOPPIECES:0.5432677187134354
C_MATERIAL:0.4918980967706075
