ELO:463
CE_PASSEDPAWNS:0.46886231070781387
CE_PAWNWEAKNESSES:0.49856838274105414
CE_PIECEACTIVITY:0.5509837146816564
CE_KINGPAWNSHIELD:0.49006860219980347
CE_PIECECOORDINATION:0.5585314823459532
CE_MATERIAL:0.49940936208494263
CE_KINGSAFETY:0.5061371448205386
C_PIECESQUARETABLES:0.47325905046126426
C_MOBILITY:0.49210309523404944
C_KINGSAFETY:0.5423927586252639
C_PAWNSTRUCTURE:0.5174264497517542
C_PIECECOORDINATION:0.3269023216504611
C_ROOKANDPAWNMOVEMENT:0.3269023216504611
C_CENTERCONTROL:0.546654195486165
C_DEVELOPPIECES:0.558385886046847
C_MATERIAL:0.6679356910520459
C_MOVECOUNT:0.4852432356444648
