ELO:994
CE_PASSEDPAWNS:0.5125083571301786
CE_PAWNWEAKNESSES:0.44802540789252154
CE_PIECEACTIVITY:0.5025245010394496
CE_KINGPAWNSHIELD:0.5258780782006285
CE_PIECECOORDINATION:0.49471726171342545
CE_MATERIAL:0.49890298887781853
CE_KINGSAFETY:0.5120324531258224
C_PIECESQUARETABLES:0.4894182294757457
C_MOBILITY:0.49768989358809823
C_KINGSAFETY:0.5308703696274667
C_PAWNSTRUCTURE:0.48758994768032765
C_PIECECOORDINATION:0.4935995656211291
C_ROOK:0.5097331952172374
CE_ROOK:0.491234047042779
C_CENTERCONTROL:0.48752435066188404
C_DEVELOPPIECES:0.4928081807122575
C_MATERIAL:0.5494177533740273
C_MOVECOUNT:0.5041247765050975
C_PAWNMOVEMENT:0.4968767695349713
