ELO:1016
CE_PASSEDPAWNS:0.5038298991393232
CE_PAWNWEAKNESSES:0.5069894194012635
CE_PIECEACTIVITY:0.5
CE_KINGPAWNSHIELD:0.5
CE_PIECECOORDINATION:0.5009371117703055
CE_MATERIAL:0.49319021707300614
CE_KINGSAFETY:0.49550733695532767
C_PIECESQUARETABLES:0.4891640500560377
C_MOBILITY:0.5082349494917601
C_KINGSAFETY:0.5155139420884274
C_PAWNSTRUCTURE:0.521416393354419
C_PIECECOORDINATION:0.4883626596806095
C_ROOKANDPAWNMOVEMENT:0.4883626596806095
C_CENTERCONTROL:0.5193175497680853
C_DEVELOPPIECES:0.5107870853885115
C_MATERIAL:0.4746667231748566
C_MOVECOUNT:0.5
