ELO:1000
CE_PASSEDPAWNS:0.512984892380894
CE_PAWNWEAKNESSES:0.4789209342035305
CE_PIECEACTIVITY:0.45641853827048906
CE_KINGPAWNSHIELD:0.5226537714613824
CE_PIECECOORDINATION:0.4815350651019839
CE_MATERIAL:0.507546938351081
CE_KINGSAFETY:0.4895850482779466
C_PIECESQUARETABLES:0.5068715206563595
C_MOBILITY:0.471753631585008
C_KINGSAFETY:0.5308703696274667
C_PAWNSTRUCTURE:0.49814866012095405
C_PIECECOORDINATION:0.4935995656211291
C_ROOK:0.5269844303733968
CE_ROOK:0.5184709806234532
C_CENTERCONTROL:0.46592307703464025
C_DEVELOPPIECES:0.4928081807122575
C_MATERIAL:0.5318638971272301
C_MOVECOUNT:0.4917160442611686
C_PAWNMOVEMENT:0.47449648882613543
