ELO:963
CE_PASSEDPAWNS:0.48798643704200023
CE_PAWNWEAKNESSES:0.5377180435743385
CE_PIECEACTIVITY:0.4912773336158582
CE_KINGPAWNSHIELD:0.4640971242376487
CE_PIECECOORDINATION:0.4854453855974096
CE_MATERIAL:0.5101015367717708
CE_KINGSAFETY:0.5723259898304252
C_PIECESQUARETABLES:0.5357905841480172
C_MOBILITY:0.49674559273316327
C_KINGSAFETY:0.5301607769297131
C_PAWNSTRUCTURE:0.5069282384567992
C_PIECECOORDINATION:0.5122431859318949
C_ROOKANDPAWNMOVEMENT:0.5122431859318949
C_CENTERCONTROL:0.48762121689535753
C_DEVELOPPIECES:0.5309235453019452
C_MATERIAL:0.48868066979825997
C_MOVECOUNT:0.5261956841465829
