ELO:988
CE_PASSEDPAWNS:0.48752007609708975
CE_PAWNWEAKNESSES:0.487202485990832
CE_PIECEACTIVITY:0.45370867938894827
CE_KINGPAWNSHIELD:0.5080457080285473
CE_PIECECOORDINATION:0.4701403566689327
CE_MATERIAL:0.46218812812688204
CE_KINGSAFETY:0.4760776939528635
C_PIECESQUARETABLES:0.5262568258778061
C_MOBILITY:0.5054853443465807
C_KINGSAFETY:0.4848833507761098
C_PAWNSTRUCTURE:0.47085671057680384
C_PIECECOORDINATION:0.49346176961528354
C_ROOKANDPAWNMOVEMENT:0.49346176961528354
C_CENTERCONTROL:0.454653070560472
C_DEVELOPPIECES:0.42823241425277764
C_MATERIAL:0.5035141114296612
