ELO:954
CE_PASSEDPAWNS:0.5121186546995635
CE_PAWNWEAKNESSES:0.4955688976752637
CE_PIECEACTIVITY:0.47730466771420005
CE_KINGPAWNSHIELD:0.5021316212202765
CE_PIECECOORDINATION:0.4775787862122407
CE_MATERIAL:0.47767243522503977
CE_KINGSAFETY:0.5112827720285774
C_PIECESQUARETABLES:0.5183586881522696
C_MOBILITY:0.514751022360727
C_KINGSAFETY:0.4917420889305279
C_PAWNSTRUCTURE:0.5099842101835174
C_PIECECOORDINATION:0.4967537870841633
C_ROOKANDPAWNMOVEMENT:0.4967537870841633
C_CENTERCONTROL:0.5182944320395738
C_DEVELOPPIECES:0.48829731464163245
C_MATERIAL:0.4856790340754482
C_MOVECOUNT:0.5016247773100494
