ELO:990
CE_PASSEDPAWNS:0.5079977749232044
CE_PAWNWEAKNESSES:0.5165552510423307
CE_PIECEACTIVITY:0.5
CE_KINGPAWNSHIELD:0.5
CE_PIECECOORDINATION:0.5012582570102038
CE_MATERIAL:0.4872266464683663
CE_KINGSAFETY:0.5
C_PIECESQUARETABLES:0.5
C_MOBILITY:0.5
C_KINGSAFETY:0.5220284348758604
C_PAWNSTRUCTURE:0.4924708474229369
C_PIECECOORDINATION:0.5018080585873671
C_ROOKANDPAWNMOVEMENT:0.5018080585873671
C_CENTERCONTROL:0.49266606225446874
C_DEVELOPPIECES:0.5161117990002266
C_MATERIAL:0.4897201091688698
C_MOVECOUNT:0.5040380383516928
