ELO:1000
CE_PASSEDPAWNS:0.44185585816957273
CE_PAWNWEAKNESSES:0.4777798696235207
CE_PIECEACTIVITY:0.4858200751680236
CE_KINGPAWNSHIELD:0.47124673620008395
CE_PIECECOORDINATION:0.5616547726526513
CE_MATERIAL:0.4246186516880174
CE_KINGSAFETY:0.507677415792865
C_PIECESQUARETABLES:0.4676445992829716
C_MOBILITY:0.5387056592153638
C_KINGSAFETY:0.49458478988461324
C_PAWNSTRUCTURE:0.492881513981094
C_PIECECOORDINATION:0.500765067545067
C_ROOKANDPAWNMOVEMENT:0.500765067545067
C_CENTERCONTROL:0.45686133240883925
C_DEVELOPPIECES:0.5215020168102055
C_MATERIAL:0.49309933541045475
