ELO:508
CE_PASSEDPAWNS:0.4772479463479701
CE_PAWNWEAKNESSES:0.4821991075234351
CE_PIECEACTIVITY:0.5654454904349504
CE_KINGPAWNSHIELD:0.509424102774327
CE_PIECECOORDINATION:0.5582251900936775
CE_MATERIAL:0.517542485716137
CE_KINGSAFETY:0.5061371448205386
C_PIECESQUARETABLES:0.462155354440904
C_MOBILITY:0.4947582273001799
C_KINGSAFETY:0.532217627304107
C_PAWNSTRUCTURE:0.4990507805595962
C_PIECECOORDINATION:0.31378153308450757
C_ROOKANDPAWNMOVEMENT:0.31378153308450757
C_CENTERCONTROL:0.5455198893785658
C_DEVELOPPIECES:0.5568044950682581
C_MATERIAL:0.6675719395617378
C_MOVECOUNT:0.49003621299459
