ELO:1000
CE_PASSEDPAWNS:0.49776767034235125
CE_PAWNWEAKNESSES:0.5004913462523664
CE_PIECEACTIVITY:0.4826544564254786
CE_KINGPAWNSHIELD:0.4860807078404346
CE_PIECECOORDINATION:0.5109710595685608
CE_MATERIAL:0.5059365821389302
CE_KINGSAFETY:0.5085625397837447
C_PIECESQUARETABLES:0.49693048545739155
C_MOBILITY:0.49388962913941226
C_KINGSAFETY:0.49697645346111813
C_PAWNSTRUCTURE:0.4957723059341871
C_PIECECOORDINATION:0.5048103663121849
C_ROOKANDPAWNMOVEMENT:0.5048103663121849
C_CENTERCONTROL:0.49121693452208665
C_DEVELOPPIECES:0.4765092400211716
C_MATERIAL:0.5023235709702608
