ELO:954
CE_PASSEDPAWNS:0.4760050938814932
CE_PAWNWEAKNESSES:0.415131221357646
CE_PIECEACTIVITY:0.3834162793156719
CE_KINGPAWNSHIELD:0.45645198905633405
CE_PIECECOORDINATION:0.455335013836445
CE_MATERIAL:0.46268993108079726
CE_KINGSAFETY:0.49549322420618536
C_PIECESQUARETABLES:0.46746475172711416
C_MOBILITY:0.5185396599168297
C_KINGSAFETY:0.5217379908624866
C_PAWNSTRUCTURE:0.46111921938655476
C_PIECECOORDINATION:0.458046424329495
C_ROOKANDPAWNMOVEMENT:0.458046424329495
C_CENTERCONTROL:0.5073751735461832
C_DEVELOPPIECES:0.38497347013464084
C_MATERIAL:0.50755503136106
