ELO:688
CE_PASSEDPAWNS:0.5204738111887888
CE_PAWNWEAKNESSES:0.4536845615232057
CE_PIECEACTIVITY:0.40212075835123773
CE_KINGPAWNSHIELD:0.5280713963094916
CE_PIECECOORDINATION:0.4801769883288345
CE_MATERIAL:0.4448383610712482
CE_KINGSAFETY:0.5235995261658657
C_PIECESQUARETABLES:0.5273540712512566
C_MOBILITY:0.5748763494918948
C_KINGSAFETY:0.5510548698229335
C_PAWNSTRUCTURE:0.5276018617564475
C_PIECECOORDINATION:0.3637130907234657
C_ROOKANDPAWNMOVEMENT:0.3637130907234657
C_CENTERCONTROL:0.5294113997029232
C_DEVELOPPIECES:0.5133739684461693
C_MATERIAL:0.5198013733510154
C_MOVECOUNT:0.5
