ELO:1000
CE_PASSEDPAWNS:0.5016755660874616
CE_PAWNWEAKNESSES:0.49775690569287234
CE_PIECEACTIVITY:0.4546864608838545
CE_KINGPAWNSHIELD:0.4864805553686303
CE_PIECECOORDINATION:0.4888928502718525
CE_MATERIAL:0.5055967751518015
CE_KINGSAFETY:0.5080746482071767
C_PIECESQUARETABLES:0.48318339026523155
C_MOBILITY:0.46988457004949413
C_KINGSAFETY:0.47540490254604345
C_PAWNSTRUCTURE:0.4746383079755923
C_PIECECOORDINATION:0.4743710319386099
C_ROOKANDPAWNMOVEMENT:0.4743710319386099
C_CENTERCONTROL:0.4910157753637639
C_DEVELOPPIECES:0.4358098053994492
C_MATERIAL:0.4796043280033457
