ELO:988
CE_PASSEDPAWNS:0.44359970597886195
CE_PAWNWEAKNESSES:0.48388705083282946
CE_PIECEACTIVITY:0.48892572037689624
CE_KINGPAWNSHIELD:0.47807106200663185
CE_PIECECOORDINATION:0.5738684143612003
CE_MATERIAL:0.42439682752741953
CE_KINGSAFETY:0.512124944713134
C_PIECESQUARETABLES:0.46139418296062235
C_MOBILITY:0.5103887620625194
C_KINGSAFETY:0.4742311218715474
C_PAWNSTRUCTURE:0.5016163818819578
C_PIECECOORDINATION:0.46967277341785574
C_ROOKANDPAWNMOVEMENT:0.46967277341785574
C_CENTERCONTROL:0.4563165145092655
C_DEVELOPPIECES:0.5315256041303477
C_MATERIAL:0.5025638199504725
