ELO:1000
CE_PASSEDPAWNS:0.4967604915717088
CE_PAWNWEAKNESSES:0.49775690569287234
CE_PIECEACTIVITY:0.46668494790911214
CE_KINGPAWNSHIELD:0.4903301562450734
CE_PIECECOORDINATION:0.5056388343778152
CE_MATERIAL:0.5055230429427475
CE_KINGSAFETY:0.5157738978985789
C_PIECESQUARETABLES:0.4758395426256969
C_MOBILITY:0.47976270805790266
C_KINGSAFETY:0.47770470477741783
C_PAWNSTRUCTURE:0.4647940115299329
C_PIECECOORDINATION:0.4889353276673373
C_ROOKANDPAWNMOVEMENT:0.4889353276673373
C_CENTERCONTROL:0.4830501083215505
C_DEVELOPPIECES:0.45908847938651814
C_MATERIAL:0.4970799165662916
