ELO:1020
CE_PASSEDPAWNS:0.5055752404449525
CE_PAWNWEAKNESSES:0.5056810268036167
CE_PIECEACTIVITY:0.4677413926669536
CE_KINGPAWNSHIELD:0.5278392585302911
CE_PIECECOORDINATION:0.5254639287438814
CE_MATERIAL:0.4824990214320454
CE_KINGSAFETY:0.4861032022442484
C_PIECESQUARETABLES:0.48593781932740404
C_MOBILITY:0.506851697417513
C_KINGSAFETY:0.515866535048399
C_PAWNSTRUCTURE:0.5069541064977376
C_PIECECOORDINATION:0.5104282399550777
C_ROOK:0.49424773548248985
CE_ROOK:0.5070996351986368
C_CENTERCONTROL:0.5085065181816215
C_DEVELOPPIECES:0.5101160578346113
C_MATERIAL:0.4733690730580908
C_MOVECOUNT:0.49294661647875043
C_PAWNMOVEMENT:0.4870512642876961
