ELO:882
CE_PASSEDPAWNS:0.39143017413383774
CE_PAWNWEAKNESSES:0.5717308064788729
CE_PIECEACTIVITY:0.4867955168642789
CE_KINGPAWNSHIELD:0.4806111460684349
CE_PIECECOORDINATION:0.49020697568340266
CE_MATERIAL:0.4237414331169251
CE_KINGSAFETY:0.4878424322608936
C_PIECESQUARETABLES:0.49741227928754356
C_MOBILITY:0.39857093777057095
C_KINGSAFETY:0.439300227282147
C_PAWNSTRUCTURE:0.5223609272259926
C_PIECECOORDINATION:0.4428085249064492
C_ROOKANDPAWNMOVEMENT:0.4428085249064492
C_CENTERCONTROL:0.43200733803169833
C_DEVELOPPIECES:0.47964995510897884
C_MATERIAL:0.4999412748874942
