ELO:730
CE_PASSEDPAWNS:0.4940995742406438
CE_PAWNWEAKNESSES:0.4985560763382995
CE_PIECEACTIVITY:0.45337345168037835
CE_KINGPAWNSHIELD:0.5576585902949752
CE_PIECECOORDINATION:0.49037106036572314
CE_MATERIAL:0.4278465712349429
CE_KINGSAFETY:0.45988950747438456
C_PIECESQUARETABLES:0.5013093273512808
C_MOBILITY:0.5520519863513468
C_KINGSAFETY:0.5116192322598686
C_PAWNSTRUCTURE:0.5195890058316242
C_PIECECOORDINATION:0.452130460692905
C_ROOKANDPAWNMOVEMENT:0.452130460692905
C_CENTERCONTROL:0.47548115927503065
C_DEVELOPPIECES:0.48209432505726035
C_MATERIAL:0.4360574848303177
C_MOVECOUNT:0.5
