ELO:761
CE_PASSEDPAWNS:0.506811506007437
CE_PAWNWEAKNESSES:0.4957374907063238
CE_PIECEACTIVITY:0.4573888904862409
CE_KINGPAWNSHIELD:0.5894084481757829
CE_PIECECOORDINATION:0.4936450314419505
CE_MATERIAL:0.43055523459907413
CE_KINGSAFETY:0.46169715368960107
C_PIECESQUARETABLES:0.4953738928296442
C_MOBILITY:0.5488755063203419
C_KINGSAFETY:0.5210926819424206
C_PAWNSTRUCTURE:0.541945628473367
C_PIECECOORDINATION:0.44325309394434476
C_ROOKANDPAWNMOVEMENT:0.44325309394434476
C_CENTERCONTROL:0.4785395228990434
C_DEVELOPPIECES:0.5203908157372605
C_MATERIAL:0.41764958389498175
C_MOVECOUNT:0.5
