ELO:942
CE_PASSEDPAWNS:0.495360638194791
CE_PAWNWEAKNESSES:0.4233516046992808
CE_PIECEACTIVITY:0.4995030081164182
CE_KINGPAWNSHIELD:0.5394029219367554
CE_PIECECOORDINATION:0.5270543412213088
CE_MATERIAL:0.4944821054508081
CE_KINGSAFETY:0.5
C_PIECESQUARETABLES:0.5
C_MOBILITY:0.475426569484788
C_KINGSAFETY:0.5317709147576056
C_PAWNSTRUCTURE:0.46137793948139305
C_PIECECOORDINATION:0.488189246241075
C_ROOK:0.5354333483784304
CE_ROOK:0.5004991754855822
C_CENTERCONTROL:0.48566218399027206
C_DEVELOPPIECES:0.5021003355540626
C_MATERIAL:0.5125336404293898
C_MOVECOUNT:0.5204804979474846
C_PAWNMOVEMENT:0.5022150849328353
