ELO:956
CE_PASSEDPAWNS:0.4535764164732804
CE_PAWNWEAKNESSES:0.4436664569081737
CE_PIECEACTIVITY:0.37404139061567626
CE_KINGPAWNSHIELD:0.5171922347192659
CE_PIECECOORDINATION:0.4616527055436206
CE_MATERIAL:0.5008858945357914
CE_KINGSAFETY:0.512905799474976
C_PIECESQUARETABLES:0.5317336228299865
C_MOBILITY:0.5149757908707302
C_KINGSAFETY:0.5610717475469839
C_PAWNSTRUCTURE:0.4461664658362227
C_PIECECOORDINATION:0.4754281051541339
C_ROOKANDPAWNMOVEMENT:0.4754281051541339
C_CENTERCONTROL:0.49457746698808513
C_DEVELOPPIECES:0.4200235863819273
C_MATERIAL:0.4663797461773457
