ELO:971
CE_PASSEDPAWNS:0.525464330829893
CE_PAWNWEAKNESSES:0.5278895397034928
CE_PIECEACTIVITY:0.47174418026636766
CE_KINGPAWNSHIELD:0.5031541841189873
CE_PIECECOORDINATION:0.5027161511777816
CE_MATERIAL:0.4805744143980407
CE_KINGSAFETY:0.47301773984272666
C_PIECESQUARETABLES:0.4905867284827182
C_MOBILITY:0.49823462639784366
C_KINGSAFETY:0.5061258176680795
C_PAWNSTRUCTURE:0.4987232590680539
C_PIECECOORDINATION:0.5168771559978308
C_ROOKANDPAWNMOVEMENT:0.5168771559978308
C_CENTERCONTROL:0.4955977994484915
C_DEVELOPPIECES:0.5082907597892317
C_MATERIAL:0.4813659180178519
C_MOVECOUNT:0.5
