ELO:964
CE_PASSEDPAWNS:0.4621361117666001
CE_PAWNWEAKNESSES:0.44024849539228705
CE_PIECEACTIVITY:0.39285570730957486
CE_KINGPAWNSHIELD:0.5280278922145238
CE_PIECECOORDINATION:0.4613154207917983
CE_MATERIAL:0.5028248164921312
CE_KINGSAFETY:0.5178060183528554
C_PIECESQUARETABLES:0.5317336228299865
C_MOBILITY:0.5289810849218108
C_KINGSAFETY:0.5573542691964757
C_PAWNSTRUCTURE:0.4581637089143831
C_PIECECOORDINATION:0.4649036633467583
C_ROOKANDPAWNMOVEMENT:0.4649036633467583
C_CENTERCONTROL:0.4938860135625249
C_DEVELOPPIECES:0.38828114559466775
C_MATERIAL:0.47766539953142734
