ELO:985
CE_PASSEDPAWNS:0.48274810428595044
CE_PAWNWEAKNESSES:0.4765661422905737
CE_PIECEACTIVITY:0.4439099383736772
CE_KINGPAWNSHIELD:0.5080457080285473
CE_PIECECOORDINATION:0.4926004106536108
CE_MATERIAL:0.47173228454322885
CE_KINGSAFETY:0.4791321119132741
C_PIECESQUARETABLES:0.5440283852353469
C_MOBILITY:0.5006135338222927
C_KINGSAFETY:0.5018560253355068
C_PAWNSTRUCTURE:0.46313195290529635
C_PIECECOORDINATION:0.5039512887631007
C_ROOKANDPAWNMOVEMENT:0.5039512887631007
C_CENTERCONTROL:0.449780560791353
C_DEVELOPPIECES:0.4232739306065248
C_MATERIAL:0.5095196883213525
