ELO:1011
CE_PASSEDPAWNS:0.502899257369736
CE_PAWNWEAKNESSES:0.49881948352447586
CE_PIECEACTIVITY:0.5
CE_KINGPAWNSHIELD:0.5
CE_PIECECOORDINATION:0.5037716957336067
CE_MATERIAL:0.5017505348848279
CE_KINGSAFETY:0.46931190337252476
C_PIECESQUARETABLES:0.5
C_MOBILITY:0.5044508904978897
C_KINGSAFETY:0.499725137686613
C_PAWNSTRUCTURE:0.5085048496892141
C_PIECECOORDINATION:0.5
C_ROOKANDPAWNMOVEMENT:0.5
C_CENTERCONTROL:0.5081507093427243
C_DEVELOPPIECES:0.5
C_MATERIAL:0.48775830509576995
C_MOVECOUNT:0.5
