ELO:775
CE_PASSEDPAWNS:0.521169673412443
CE_PAWNWEAKNESSES:0.4652844811204516
CE_PIECEACTIVITY:0.48936270846909197
CE_KINGPAWNSHIELD:0.5744703165899145
CE_PIECECOORDINATION:0.45928608094187445
CE_MATERIAL:0.4160527850808295
CE_KINGSAFETY:0.5211864864628236
C_PIECESQUARETABLES:0.514869743026529
C_MOBILITY:0.5586387561372962
C_KINGSAFETY:0.5070254036043328
C_PAWNSTRUCTURE:0.5154934358546136
C_PIECECOORDINATION:0.4280197623188788
C_ROOKANDPAWNMOVEMENT:0.4280197623188788
C_CENTERCONTROL:0.49661674847978743
C_DEVELOPPIECES:0.4707969437224868
C_MATERIAL:0.4797097704259247
C_MOVECOUNT:0.5
