ELO:980
CE_PASSEDPAWNS:0.48362129453496533
CE_PAWNWEAKNESSES:0.42323404793705083
CE_PIECEACTIVITY:0.4029578569636342
CE_KINGPAWNSHIELD:0.49688411581796754
CE_PIECECOORDINATION:0.47474385788188345
CE_MATERIAL:0.47896604518351843
CE_KINGSAFETY:0.5029919290763502
C_PIECESQUARETABLES:0.48726131873791567
C_MOBILITY:0.5318886356804899
C_KINGSAFETY:0.5466160478177708
C_PAWNSTRUCTURE:0.4626234314825338
C_PIECECOORDINATION:0.4469453742620377
C_ROOKANDPAWNMOVEMENT:0.4469453742620377
C_CENTERCONTROL:0.5058873233526583
C_DEVELOPPIECES:0.3607634611928864
C_MATERIAL:0.4994135673652134
