ELO:551
CE_PASSEDPAWNS:0.4752239261216771
CE_PAWNWEAKNESSES:0.5042006934375816
CE_PIECEACTIVITY:0.48644807560984166
CE_KINGPAWNSHIELD:0.48068709059442016
CE_PIECECOORDINATION:0.5849094448891083
CE_MATERIAL:0.4747556977452492
CE_KINGSAFETY:0.5127063939712215
C_PIECESQUARETABLES:0.5014737224910184
C_MOBILITY:0.47846043734773175
C_KINGSAFETY:0.5303741547091707
C_PAWNSTRUCTURE:0.5281207321460596
C_PIECECOORDINATION:0.3388884395455754
C_ROOKANDPAWNMOVEMENT:0.3388884395455754
C_CENTERCONTROL:0.5872981100983827
C_DEVELOPPIECES:0.5591541485322971
C_MATERIAL:0.6139348219766996
C_MOVECOUNT:0.4928265182295478
