ELO:994
CE_PASSEDPAWNS:0.5042445868369009
CE_PAWNWEAKNESSES:0.4465379613557764
CE_PIECEACTIVITY:0.49844103106125404
CE_KINGPAWNSHIELD:0.5214467453068523
CE_PIECECOORDINATION:0.49471726171342545
CE_MATERIAL:0.49890298887781853
CE_KINGSAFETY:0.5040838639211039
C_PIECESQUARETABLES:0.4998649719947018
C_MOBILITY:0.4859829822062416
C_KINGSAFETY:0.5308703696274667
C_PAWNSTRUCTURE:0.48758994768032765
C_PIECECOORDINATION:0.48603214283024865
C_ROOK:0.5116661508804532
CE_ROOK:0.5031498763126663
C_CENTERCONTROL:0.4790739134727054
C_DEVELOPPIECES:0.5035819689124564
C_MATERIAL:0.5387315409363665
C_MOVECOUNT:0.5050460998883791
C_PAWNMOVEMENT:0.4968767695349713
