ELO:823
CE_PASSEDPAWNS:0.5147168894973029
CE_PAWNWEAKNESSES:0.43516482213456015
CE_PIECEACTIVITY:0.4616677806654558
CE_KINGPAWNSHIELD:0.5649725354078018
CE_PIECECOORDINATION:0.47160633503567717
CE_MATERIAL:0.43048469675048007
CE_KINGSAFETY:0.5286365881152606
C_PIECESQUARETABLES:0.5113222731059568
C_MOBILITY:0.5576542372080786
C_KINGSAFETY:0.5300860102540396
C_PAWNSTRUCTURE:0.5313346886522047
C_PIECECOORDINATION:0.37745794253892484
C_ROOKANDPAWNMOVEMENT:0.37745794253892484
C_CENTERCONTROL:0.5261991889035784
C_DEVELOPPIECES:0.5070788835745497
C_MATERIAL:0.5112939338696731
C_MOVECOUNT:0.5
