ELO:924
CE_PASSEDPAWNS:0.455426664705481
CE_PAWNWEAKNESSES:0.4096202189200948
CE_PIECEACTIVITY:0.4021447229641831
CE_KINGPAWNSHIELD:0.49804703453241506
CE_PIECECOORDINATION:0.4704550834504486
CE_MATERIAL:0.5050788687999042
CE_KINGSAFETY:0.5050105972262754
C_PIECESQUARETABLES:0.5341735568072427
C_MOBILITY:0.5331605182347138
C_KINGSAFETY:0.6048948410090672
C_PAWNSTRUCTURE:0.4706910107113988
C_PIECECOORDINATION:0.48290127065184457
C_ROOKANDPAWNMOVEMENT:0.48290127065184457
C_CENTERCONTROL:0.4771983176862444
C_DEVELOPPIECES:0.4383135659388021
C_MATERIAL:0.5013215689657251
