ELO:1002
CE_PASSEDPAWNS:0.49912295328661443
CE_PAWNWEAKNESSES:0.44035115552223
CE_PIECEACTIVITY:0.49731328598067365
CE_KINGPAWNSHIELD:0.5261895189130548
CE_PIECECOORDINATION:0.4864800093402019
CE_MATERIAL:0.49890298887781853
CE_KINGSAFETY:0.5
C_PIECESQUARETABLES:0.49957140634512426
C_MOBILITY:0.47172404809681734
C_KINGSAFETY:0.5376347951950287
C_PAWNSTRUCTURE:0.47843564373987574
C_PIECECOORDINATION:0.48603214283024865
C_ROOK:0.5285829563501964
CE_ROOK:0.498509568422582
C_CENTERCONTROL:0.48388417407740375
C_DEVELOPPIECES:0.49583741140498727
C_MATERIAL:0.5262910693620291
C_MOVECOUNT:0.5050460998883791
C_PAWNMOVEMENT:0.4841336077212695
