ELO:951
CE_PASSEDPAWNS:0.4945836215082452
CE_PAWNWEAKNESSES:0.4067472393686201
CE_PIECEACTIVITY:0.5123914542537329
CE_KINGPAWNSHIELD:0.5412858358322924
CE_PIECECOORDINATION:0.5053926112426907
CE_MATERIAL:0.49287199969647894
CE_KINGSAFETY:0.5057339751453934
C_PIECESQUARETABLES:0.5062748481758734
C_MOBILITY:0.4826620088438334
C_KINGSAFETY:0.5380493914576551
C_PAWNSTRUCTURE:0.44084614623312507
C_PIECECOORDINATION:0.48711909846727347
C_ROOK:0.5354333483784304
CE_ROOK:0.49879997095486023
C_CENTERCONTROL:0.4821851746462234
C_DEVELOPPIECES:0.5183603499720724
C_MATERIAL:0.5236363415634772
C_MOVECOUNT:0.5269526773597457
C_PAWNMOVEMENT:0.4922678195651237
