ELO:921
CE_PASSEDPAWNS:0.49908231075198045
CE_PAWNWEAKNESSES:0.3950962679634535
CE_PIECEACTIVITY:0.5365738271700915
CE_KINGPAWNSHIELD:0.5150600451697158
CE_PIECECOORDINATION:0.5027520727975754
CE_MATERIAL:0.4773317165947649
CE_KINGSAFETY:0.49308828805477956
C_PIECESQUARETABLES:0.5108065600378903
C_MOBILITY:0.4755709424204971
C_KINGSAFETY:0.5514562245336455
C_PAWNSTRUCTURE:0.45475742678056424
C_PIECECOORDINATION:0.4872900431958476
C_ROOK:0.5433782616171221
CE_ROOK:0.5027621133909077
C_CENTERCONTROL:0.4814773227001777
C_DEVELOPPIECES:0.5234840016237604
C_MATERIAL:0.5347759327492863
C_MOVECOUNT:0.5167897031076513
C_PAWNMOVEMENT:0.4872772034598503
