ELO:985
CE_PASSEDPAWNS:0.4839059007480577
CE_PAWNWEAKNESSES:0.40699275330085577
CE_PIECEACTIVITY:0.40926552834201774
CE_KINGPAWNSHIELD:0.49248446774901933
CE_PIECECOORDINATION:0.47624526662057687
CE_MATERIAL:0.46888019972311357
CE_KINGSAFETY:0.5076747158885037
C_PIECESQUARETABLES:0.4946855419618946
C_MOBILITY:0.5181245245468132
C_KINGSAFETY:0.5347232045425958
C_PAWNSTRUCTURE:0.4755765878249699
C_PIECECOORDINATION:0.44497769115941144
C_ROOKANDPAWNMOVEMENT:0.44497769115941144
C_CENTERCONTROL:0.4996546802379804
C_DEVELOPPIECES:0.3521972372505043
C_MATERIAL:0.5140631560282327
