ELO:971
CE_PASSEDPAWNS:0.4778882760747033
CE_PAWNWEAKNESSES:0.46086104530332556
CE_PIECEACTIVITY:0.41883828157264635
CE_KINGPAWNSHIELD:0.5042604285926027
CE_PIECECOORDINATION:0.517901873202307
CE_MATERIAL:0.4705145931403626
CE_KINGSAFETY:0.4721162298517819
C_PIECESQUARETABLES:0.4757426182176836
C_MOBILITY:0.5196561266768057
C_KINGSAFETY:0.5140932245258928
C_PAWNSTRUCTURE:0.4810038938908083
C_PIECECOORDINATION:0.4989726857108537
C_ROOKANDPAWNMOVEMENT:0.4989726857108537
C_CENTERCONTROL:0.4671331518510557
C_DEVELOPPIECES:0.42187709109649174
C_MATERIAL:0.522499808165056
