ELO:697
CE_PASSEDPAWNS:0.5168459492268829
CE_PAWNWEAKNESSES:0.4292550392793578
CE_PIECEACTIVITY:0.3844368907610828
CE_KINGPAWNSHIELD:0.5553638197114878
CE_PIECECOORDINATION:0.5054675993825801
CE_MATERIAL:0.46785906104958963
CE_KINGSAFETY:0.5078017933282711
C_PIECESQUARETABLES:0.5385515224097237
C_MOBILITY:0.6013573465853583
C_KINGSAFETY:0.564884924348518
C_PAWNSTRUCTURE:0.5794187152588274
C_PIECECOORDINATION:0.3448239311196942
C_ROOKANDPAWNMOVEMENT:0.3448239311196942
C_CENTERCONTROL:0.558573156389181
C_DEVELOPPIECES:0.5255309604810053
C_MATERIAL:0.5181790462624642
C_MOVECOUNT:0.5
