ELO:959
CE_PASSEDPAWNS:0.5094606078469319
CE_PAWNWEAKNESSES:0.4736427827270431
CE_PIECEACTIVITY:0.39575986818114123
CE_KINGPAWNSHIELD:0.5011022354506521
CE_PIECECOORDINATION:0.5059308979977373
CE_MATERIAL:0.4809136381702172
CE_KINGSAFETY:0.4903944388941877
C_PIECESQUARETABLES:0.5073614477605094
C_MOBILITY:0.5045718339492024
C_KINGSAFETY:0.5158741941860472
C_PAWNSTRUCTURE:0.4532652607162121
C_PIECECOORDINATION:0.4851194983011344
C_ROOKANDPAWNMOVEMENT:0.4851194983011344
C_CENTERCONTROL:0.49705242029655833
C_DEVELOPPIECES:0.3637965034775148
C_MATERIAL:0.5032989052199259
