ELO:949
CE_PASSEDPAWNS:0.4945836215082452
CE_PAWNWEAKNESSES:0.4067472393686201
CE_PIECEACTIVITY:0.5123914542537329
CE_KINGPAWNSHIELD:0.5461339593819543
CE_PIECECOORDINATION:0.5053926112426907
CE_MATERIAL:0.4848663130302455
CE_KINGSAFETY:0.5
C_PIECESQUARETABLES:0.5010366350418103
C_MOBILITY:0.4826620088438334
C_KINGSAFETY:0.5380493914576551
C_PAWNSTRUCTURE:0.45258467661140916
C_PIECECOORDINATION:0.4799429306045019
C_ROOK:0.5354333483784304
CE_ROOK:0.4999723228292862
C_CENTERCONTROL:0.47362495010431027
C_DEVELOPPIECES:0.5095295087964866
C_MATERIAL:0.5236363415634772
C_MOVECOUNT:0.5269526773597457
C_PAWNMOVEMENT:0.49256188024710806
