ELO:990
CE_PASSEDPAWNS:0.5169903440228432
CE_PAWNWEAKNESSES:0.44542974891888637
CE_PIECEACTIVITY:0.5024647463481023
CE_KINGPAWNSHIELD:0.4064976853154607
CE_PIECECOORDINATION:0.43997613685951725
CE_MATERIAL:0.41237886705497595
CE_KINGSAFETY:0.4991074626392116
C_PIECESQUARETABLES:0.5
C_MOBILITY:0.580479941274235
C_KINGSAFETY:0.5250912115677565
C_PAWNSTRUCTURE:0.46054427260367564
C_PIECECOORDINATION:0.5562674503149065
C_ROOKANDPAWNMOVEMENT:0.5562674503149065
C_CENTERCONTROL:0.34423611449405744
C_DEVELOPPIECES:0.5933423053266473
C_MATERIAL:0.6885777337518246
