ELO:1014
CE_PASSEDPAWNS:0.5089686891631376
CE_PAWNWEAKNESSES:0.4967293958438764
CE_PIECEACTIVITY:0.5011412424490588
CE_KINGPAWNSHIELD:0.5013969088810557
CE_PIECECOORDINATION:0.48198623473084096
CE_MATERIAL:0.5097811921191853
CE_KINGSAFETY:0.5
C_PIECESQUARETABLES:0.5
C_MOBILITY:0.5057745642532829
C_KINGSAFETY:0.5067321104029844
C_PAWNSTRUCTURE:0.4925946136719331
C_PIECECOORDINATION:0.5182515999081287
C_ROOK:0.5634299875796682
CE_ROOK:0.49523984459034853
C_CENTERCONTROL:0.456306594946416
C_DEVELOPPIECES:0.4990265789269385
C_MATERIAL:0.5069732067700272
C_MOVECOUNT:0.4898257745510507
C_PAWNMOVEMENT:0.5212553958560441
