ELO:763
CE_PASSEDPAWNS:0.5411209072380003
CE_PAWNWEAKNESSES:0.5813443358730077
CE_PIECEACTIVITY:0.5424578256093129
CE_KINGPAWNSHIELD:0.4613038317569791
CE_PIECECOORDINATION:0.4489766361452201
CE_MATERIAL:0.4547006645002683
CE_KINGSAFETY:0.4867191993019358
C_PIECESQUARETABLES:0.499556853552031
C_MOBILITY:0.6012949844300993
C_KINGSAFETY:0.47294221412199056
C_PAWNSTRUCTURE:0.44672486663222516
C_PIECECOORDINATION:0.5213903858786307
C_ROOKANDPAWNMOVEMENT:0.5213903858786307
C_CENTERCONTROL:0.5075917182810598
C_DEVELOPPIECES:0.505598210766614
C_MATERIAL:0.44411751741979955
C_MOVECOUNT:0.5
