ELO:1001
CE_PASSEDPAWNS:0.5270003856948134
CE_PAWNWEAKNESSES:0.49985289745132394
CE_PIECEACTIVITY:0.5034683874290813
CE_KINGPAWNSHIELD:0.4695425906478662
CE_PIECECOORDINATION:0.47736138090431146
CE_MATERIAL:0.46737217537216585
CE_KINGSAFETY:0.5231320090709239
C_PIECESQUARETABLES:0.5222322515167133
C_MOBILITY:0.4934559673954489
C_KINGSAFETY:0.47542365903955724
C_PAWNSTRUCTURE:0.5229952033914971
C_PIECECOORDINATION:0.5204707148026033
C_ROOK:0.4948082457351587
CE_ROOK:0.5065067117715811
C_CENTERCONTROL:0.5181664927584207
C_DEVELOPPIECES:0.49778548717760646
C_MATERIAL:0.48205094224427536
C_MOVECOUNT:0.5134782611811842
C_PAWNMOVEMENT:0.47162652793007026
