ELO:980
CE_PASSEDPAWNS:0.49779252459236484
CE_PAWNWEAKNESSES:0.4745441142534923
CE_PIECEACTIVITY:0.46724631244395337
CE_KINGPAWNSHIELD:0.5186075847443905
CE_PIECECOORDINATION:0.47801810359328983
CE_MATERIAL:0.486369403041083
CE_KINGSAFETY:0.5138216785420864
C_PIECESQUARETABLES:0.5128392880531996
C_MOBILITY:0.49719289101002073
C_KINGSAFETY:0.49013636050310605
C_PAWNSTRUCTURE:0.4755701705716493
C_PIECECOORDINATION:0.49778248969932337
C_ROOKANDPAWNMOVEMENT:0.49778248969932337
C_CENTERCONTROL:0.47660614394512224
C_DEVELOPPIECES:0.5244664551099536
C_MATERIAL:0.5432267161293168
C_MOVECOUNT:0.5
