ELO:1000
CE_PASSEDPAWNS:0.46028430242275137
CE_PAWNWEAKNESSES:0.49062853891010555
CE_PIECEACTIVITY:0.5604934082019967
CE_KINGPAWNSHIELD:0.5263580285673229
CE_PIECECOORDINATION:0.52907810101318
CE_MATERIAL:0.5038518069134282
CE_KINGSAFETY:0.5142273110024107
C_PIECESQUARETABLES:0.5417948670070143
C_MOBILITY:0.5096279391143187
C_KINGSAFETY:0.5402600274454142
C_PAWNSTRUCTURE:0.5022940773270018
C_PIECECOORDINATION:0.5000244884805037
C_ROOKANDPAWNMOVEMENT:0.5000244884805037
C_CENTERCONTROL:0.5463359727481647
C_DEVELOPPIECES:0.52919458384979
C_MATERIAL:0.5149252477306875
