ELO:1001
CE_PASSEDPAWNS:0.5196494878964368
CE_PAWNWEAKNESSES:0.5298054120236073
CE_PIECEACTIVITY:0.5034683874290813
CE_KINGPAWNSHIELD:0.4787684565882306
CE_PIECECOORDINATION:0.48322567636292696
CE_MATERIAL:0.46737217537216585
CE_KINGSAFETY:0.5311872290474912
C_PIECESQUARETABLES:0.5222322515167133
C_MOBILITY:0.502573773273927
C_KINGSAFETY:0.47542365903955724
C_PAWNSTRUCTURE:0.5229952033914971
C_PIECECOORDINATION:0.5127940508212534
C_ROOK:0.48432922926692545
CE_ROOK:0.4902422459372493
C_CENTERCONTROL:0.5181664927584207
C_DEVELOPPIECES:0.49778548717760646
C_MATERIAL:0.5207333831393444
C_MOVECOUNT:0.5178920309534842
C_PAWNMOVEMENT:0.4916248350858354
