ELO:854
CE_PASSEDPAWNS:0.5423069732083841
CE_PAWNWEAKNESSES:0.5640779200911394
CE_PIECEACTIVITY:0.5577238717428662
CE_KINGPAWNSHIELD:0.45756532494869956
CE_PIECECOORDINATION:0.48005889526033463
CE_MATERIAL:0.5204288702589465
CE_KINGSAFETY:0.4313485530335764
C_PIECESQUARETABLES:0.4908193669827622
C_MOBILITY:0.5038040455268753
C_KINGSAFETY:0.5088528550469448
C_PAWNSTRUCTURE:0.4560592769993069
C_PIECECOORDINATION:0.5150021110481003
C_ROOKANDPAWNMOVEMENT:0.5150021110481003
C_CENTERCONTROL:0.5382851495534261
C_DEVELOPPIECES:0.4732549567887362
C_MATERIAL:0.43867176579443984
C_MOVECOUNT:0.5
