ELO:966
CE_PASSEDPAWNS:0.4875903019580872
CE_PAWNWEAKNESSES:0.5539220559846575
CE_PIECEACTIVITY:0.5252219861255255
CE_KINGPAWNSHIELD:0.4819236111872862
CE_PIECECOORDINATION:0.44508234730634405
CE_MATERIAL:0.5079601309518481
CE_KINGSAFETY:0.5089917483792985
C_PIECESQUARETABLES:0.4415422267225722
C_MOBILITY:0.5251790481990148
C_KINGSAFETY:0.5979917915740712
C_PAWNSTRUCTURE:0.4501284801740199
C_PIECECOORDINATION:0.5160271286371795
C_ROOKANDPAWNMOVEMENT:0.5160271286371795
C_CENTERCONTROL:0.4748051277037157
C_DEVELOPPIECES:0.530036055977317
C_MATERIAL:0.5258439379015092
