ELO:984
CE_PASSEDPAWNS:0.4936108487848402
CE_PAWNWEAKNESSES:0.49785292811891874
CE_PIECEACTIVITY:0.5
CE_KINGPAWNSHIELD:0.4718039386499056
CE_PIECECOORDINATION:0.5071276883802175
CE_MATERIAL:0.5050122516573817
CE_KINGSAFETY:0.4959803667521573
C_PIECESQUARETABLES:0.5026739027920105
C_MOBILITY:0.5043379423942631
C_KINGSAFETY:0.5015023416567076
C_PAWNSTRUCTURE:0.49602153267223337
C_PIECECOORDINATION:0.49712134540782804
C_ROOKANDPAWNMOVEMENT:0.49712134540782804
C_CENTERCONTROL:0.495709116930138
C_DEVELOPPIECES:0.5014322731760879
C_MATERIAL:0.48166236391905914
