ELO:991
CE_PASSEDPAWNS:0.5472182996570967
CE_PAWNWEAKNESSES:0.4585081757415831
CE_PIECEACTIVITY:0.4987836454975124
CE_KINGPAWNSHIELD:0.5694065199502296
CE_PIECECOORDINATION:0.4618129841005005
CE_MATERIAL:0.4222612698514506
CE_KINGSAFETY:0.4757017140734769
C_PIECESQUARETABLES:0.5394285252924027
C_MOBILITY:0.44352786059001087
C_KINGSAFETY:0.5582322263237892
C_PAWNSTRUCTURE:0.5257472686971765
C_PIECECOORDINATION:0.4433450212593959
C_ROOKANDPAWNMOVEMENT:0.4433450212593959
C_CENTERCONTROL:0.47701520470046943
C_DEVELOPPIECES:0.4700876018327986
C_MATERIAL:0.48455370139391707
