ELO:996
CE_PASSEDPAWNS:0.5
CE_PAWNWEAKNESSES:0.5148821368706094
CE_PIECEACTIVITY:0.5
CE_KINGPAWNSHIELD:0.4805844443890286
CE_PIECECOORDINATION:0.5226919087089055
CE_MATERIAL:0.5
CE_KINGSAFETY:0.5
C_PIECESQUARETABLES:0.5
C_MOBILITY:0.5104520023735325
C_KINGSAFETY:0.5
C_PAWNSTRUCTURE:0.5124605419383919
C_PIECECOORDINATION:0.510496854847549
C_ROOKANDPAWNMOVEMENT:0.510496854847549
C_CENTERCONTROL:0.48898480173124637
C_DEVELOPPIECES:0.47939795101140614
C_MATERIAL:0.4849711847114942
C_MOVECOUNT:0.5
