ELO:985
CE_PASSEDPAWNS:0.47565270597114423
CE_PAWNWEAKNESSES:0.5174219070076533
CE_PIECEACTIVITY:0.5161282063318284
CE_KINGPAWNSHIELD:0.46442501116185747
CE_PIECECOORDINATION:0.5071927586957515
CE_MATERIAL:0.5165755794926599
CE_KINGSAFETY:0.5
C_PIECESQUARETABLES:0.5
C_MOBILITY:0.49321504889376494
C_KINGSAFETY:0.5062459155666083
C_PAWNSTRUCTURE:0.49478293192095857
C_PIECECOORDINATION:0.5212416632565356
C_ROOK:0.5003301697131206
CE_ROOK:0.5021450198159964
C_CENTERCONTROL:0.4790640109904083
C_DEVELOPPIECES:0.4870164855418562
C_MATERIAL:0.49281406539232653
C_MOVECOUNT:0.4886021968636045
C_PAWNMOVEMENT:0.5259332701712189
