ELO:951
CE_PASSEDPAWNS:0.519368215648046
CE_PAWNWEAKNESSES:0.4126332191500025
CE_PIECEACTIVITY:0.5540296720056752
CE_KINGPAWNSHIELD:0.5411224645651326
CE_PIECECOORDINATION:0.457805219943335
CE_MATERIAL:0.4288543678851944
CE_KINGSAFETY:0.5052730816935804
C_PIECESQUARETABLES:0.4901052001615255
C_MOBILITY:0.4686351032849174
C_KINGSAFETY:0.6145662470034167
C_PAWNSTRUCTURE:0.5064809222546498
C_PIECECOORDINATION:0.45225607195816414
C_ROOKANDPAWNMOVEMENT:0.45225607195816414
C_CENTERCONTROL:0.49731837327682177
C_DEVELOPPIECES:0.45080938236362555
C_MATERIAL:0.4820278906164986
