ELO:1011
CE_PASSEDPAWNS:0.4893421431226061
CE_PAWNWEAKNESSES:0.49113739277265245
CE_PIECEACTIVITY:0.4910844761326422
CE_KINGPAWNSHIELD:0.48295658058951974
CE_PIECECOORDINATION:0.49471372805731867
CE_MATERIAL:0.46737217537216585
CE_KINGSAFETY:0.5
C_PIECESQUARETABLES:0.5
C_MOBILITY:0.5009205764739199
C_KINGSAFETY:0.47542365903955724
C_PAWNSTRUCTURE:0.5229952033914971
C_PIECECOORDINATION:0.5085414618427031
C_ROOK:0.49173841197079005
CE_ROOK:0.5156455379366026
C_CENTERCONTROL:0.47116135814119847
C_DEVELOPPIECES:0.49778548717760646
C_MATERIAL:0.48205094224427536
C_MOVECOUNT:0.5134782611811842
C_PAWNMOVEMENT:0.47468417962757986
