ELO:976
CE_PASSEDPAWNS:0.5026392216715796
CE_PAWNWEAKNESSES:0.5
CE_PIECEACTIVITY:0.5081227327595117
CE_KINGPAWNSHIELD:0.510290957448574
CE_PIECECOORDINATION:0.5069087236754556
CE_MATERIAL:0.49513812622911396
CE_KINGSAFETY:0.5
C_PIECESQUARETABLES:0.5
C_MOBILITY:0.503268887061248
C_KINGSAFETY:0.5016518615721138
C_PAWNSTRUCTURE:0.48655376376110754
C_PIECECOORDINATION:0.48916797152158
C_ROOKANDPAWNMOVEMENT:0.48916797152158
C_CENTERCONTROL:0.514377254539101
C_DEVELOPPIECES:0.482362265996673
C_MATERIAL:0.473078711691501
C_MOVECOUNT:0.5220015049233688
