ELO:774
CE_PASSEDPAWNS:0.45622012278696156
CE_PAWNWEAKNESSES:0.551452641416711
CE_PIECEACTIVITY:0.5242591762810462
CE_KINGPAWNSHIELD:0.501498423018499
CE_PIECECOORDINATION:0.4559869421125082
CE_MATERIAL:0.3970950734407387
CE_KINGSAFETY:0.5266722831201495
C_PIECESQUARETABLES:0.5206238629816926
C_MOBILITY:0.5895502826779383
C_KINGSAFETY:0.46555406107371244
C_PAWNSTRUCTURE:0.46103343647127853
C_PIECECOORDINATION:0.5454855136750438
C_ROOKANDPAWNMOVEMENT:0.5454855136750438
C_CENTERCONTROL:0.47081563293856377
C_DEVELOPPIECES:0.5133544269475908
C_MATERIAL:0.6029300727346533
C_MOVECOUNT:0.5
