ELO:991
CE_PASSEDPAWNS:0.5120861957171977
CE_PAWNWEAKNESSES:0.5222825404949499
CE_PIECEACTIVITY:0.49348866305606826
CE_KINGPAWNSHIELD:0.4818121289755449
CE_PIECECOORDINATION:0.48683952859052215
CE_MATERIAL:0.4767832772859097
CE_KINGSAFETY:0.5046534689628949
C_PIECESQUARETABLES:0.5
C_MOBILITY:0.4933117066480716
C_KINGSAFETY:0.48434468601446223
C_PAWNSTRUCTURE:0.5093671052797775
C_PIECECOORDINATION:0.5049411924505783
C_ROOK:0.4773783631124245
CE_ROOK:0.4981013622633091
C_CENTERCONTROL:0.5065708301452979
C_DEVELOPPIECES:0.49870427012477425
C_MATERIAL:0.5094842383202847
C_MOVECOUNT:0.5099409103655219
C_PAWNMOVEMENT:0.4916248350858354
