ELO:907
CE_PASSEDPAWNS:0.47564993934459704
CE_PAWNWEAKNESSES:0.5306578717236303
CE_PIECEACTIVITY:0.531978053287961
CE_KINGPAWNSHIELD:0.4577541155772156
CE_PIECECOORDINATION:0.4322507760184672
CE_MATERIAL:0.5141850006382118
CE_KINGSAFETY:0.4854939962320708
C_PIECESQUARETABLES:0.49549471430362074
C_MOBILITY:0.4775634897605625
C_KINGSAFETY:0.6016290088624778
C_PAWNSTRUCTURE:0.4301474849524704
C_PIECECOORDINATION:0.5466447931177967
C_ROOKANDPAWNMOVEMENT:0.5466447931177967
C_CENTERCONTROL:0.48929762860073883
C_DEVELOPPIECES:0.520305153901557
C_MATERIAL:0.538931850538072
