ELO:995
CE_PASSEDPAWNS:0.5196132771875894
CE_PAWNWEAKNESSES:0.5098631403422721
CE_PIECEACTIVITY:0.49140846740950694
CE_KINGPAWNSHIELD:0.4932035182117973
CE_PIECECOORDINATION:0.4993763675152432
CE_MATERIAL:0.47305146114375746
CE_KINGSAFETY:0.5006903391190488
C_PIECESQUARETABLES:0.5078483413502453
C_MOBILITY:0.48530074451574523
C_KINGSAFETY:0.4942883976199659
C_PAWNSTRUCTURE:0.4921830553316069
C_PIECECOORDINATION:0.5025886676933515
C_ROOK:0.4773783631124245
CE_ROOK:0.5101719859052704
C_CENTERCONTROL:0.4870208333228361
C_DEVELOPPIECES:0.5033198426112994
C_MATERIAL:0.5097557960397541
C_MOVECOUNT:0.5102790064451307
C_PAWNMOVEMENT:0.49320083997404784
