ELO:716
CE_PASSEDPAWNS:0.48788992159683897
CE_PAWNWEAKNESSES:0.4920619040659845
CE_PIECEACTIVITY:0.55212336322825
CE_KINGPAWNSHIELD:0.4890392324840264
CE_PIECECOORDINATION:0.450953946312998
CE_MATERIAL:0.39679700199290313
CE_KINGSAFETY:0.447676824789821
C_PIECESQUARETABLES:0.5340286217214775
C_MOBILITY:0.5363005665338129
C_KINGSAFETY:0.5290628404844026
C_PAWNSTRUCTURE:0.4616718989917316
C_PIECECOORDINATION:0.5783580131540959
C_ROOKANDPAWNMOVEMENT:0.5783580131540959
C_CENTERCONTROL:0.3717798465077279
C_DEVELOPPIECES:0.5928964899447348
C_MATERIAL:0.4952165028839164
C_MOVECOUNT:0.4655069723772009
