ELO:999
CE_PASSEDPAWNS:0.4971184715804688
CE_PAWNWEAKNESSES:0.49474468217215245
CE_PIECEACTIVITY:0.5
CE_KINGPAWNSHIELD:0.4968571791797475
CE_PIECECOORDINATION:0.5096832982231445
CE_MATERIAL:0.4957816729097136
CE_KINGSAFETY:0.4841361406217915
C_PIECESQUARETABLES:0.4890565186609148
C_MOBILITY:0.5
C_KINGSAFETY:0.5093423565651166
C_PAWNSTRUCTURE:0.5
C_PIECECOORDINATION:0.4898772949521698
C_ROOKANDPAWNMOVEMENT:0.4898772949521698
C_CENTERCONTROL:0.49419343092710255
C_DEVELOPPIECES:0.5
C_MATERIAL:0.49479793859725246
