ELO:983
CE_PASSEDPAWNS:0.49421008105761743
CE_PAWNWEAKNESSES:0.47342737610342533
CE_PIECEACTIVITY:0.49414128841306515
CE_KINGPAWNSHIELD:0.49125752202934697
CE_PIECECOORDINATION:0.5636899066244102
CE_MATERIAL:0.5307315970176877
CE_KINGSAFETY:0.5
C_PIECESQUARETABLES:0.5
C_MOBILITY:0.44997503398686933
C_KINGSAFETY:0.4539777553967082
C_PAWNSTRUCTURE:0.4859267463608704
C_PIECECOORDINATION:0.5015397872293177
C_ROOK:0.5096401867591909
CE_ROOK:0.5136273482996899
C_CENTERCONTROL:0.4780860626445822
C_DEVELOPPIECES:0.4870164855418562
C_MATERIAL:0.48761660191138606
C_MOVECOUNT:0.4857680172518808
C_PAWNMOVEMENT:0.4870258420590121
