ELO:1001
CE_PASSEDPAWNS:0.5163310055288749
CE_PAWNWEAKNESSES:0.5298054120236073
CE_PIECEACTIVITY:0.49348866305606826
CE_KINGPAWNSHIELD:0.4747672927320293
CE_PIECECOORDINATION:0.48322567636292696
CE_MATERIAL:0.4767832772859097
CE_KINGSAFETY:0.5188474194783144
C_PIECESQUARETABLES:0.5222322515167133
C_MOBILITY:0.5013968576274436
C_KINGSAFETY:0.48434468601446223
C_PAWNSTRUCTURE:0.5117171593008716
C_PIECECOORDINATION:0.5038816526990734
C_ROOK:0.4773783631124245
CE_ROOK:0.4981013622633091
C_CENTERCONTROL:0.515188810732725
C_DEVELOPPIECES:0.49870427012477425
C_MATERIAL:0.5176477724698718
C_MOVECOUNT:0.5174124283056084
C_PAWNMOVEMENT:0.4916248350858354
