ELO:1000
CE_PASSEDPAWNS:0.5251743925805126
CE_PAWNWEAKNESSES:0.43767807279196796
CE_PIECEACTIVITY:0.4913270442058219
CE_KINGPAWNSHIELD:0.5214628887351902
CE_PIECECOORDINATION:0.49340079111200397
CE_MATERIAL:0.48846310458140685
CE_KINGSAFETY:0.4915758871878507
C_PIECESQUARETABLES:0.5092453044092677
C_MOBILITY:0.4689525679113887
C_KINGSAFETY:0.5166804846032588
C_PAWNSTRUCTURE:0.532011356666678
C_PIECECOORDINATION:0.4987582507093437
C_ROOKANDPAWNMOVEMENT:0.4987582507093437
C_CENTERCONTROL:0.47538709719720423
C_DEVELOPPIECES:0.5183539533709312
C_MATERIAL:0.47366997772463865
