ELO:1004
CE_PASSEDPAWNS:0.4823859452277211
CE_PAWNWEAKNESSES:0.4967293958438764
CE_PIECEACTIVITY:0.5156448994951855
CE_KINGPAWNSHIELD:0.5224832526377359
CE_PIECECOORDINATION:0.5046966644221622
CE_MATERIAL:0.47705671565357116
CE_KINGSAFETY:0.4818640080398299
C_PIECESQUARETABLES:0.5
C_MOBILITY:0.511821200527184
C_KINGSAFETY:0.4906094692738365
C_PAWNSTRUCTURE:0.5229952033914971
C_PIECECOORDINATION:0.5078029895635641
C_ROOK:0.49446766178594015
CE_ROOK:0.5156455379366026
C_CENTERCONTROL:0.47718402223949724
C_DEVELOPPIECES:0.4857010251632798
C_MATERIAL:0.4623483898530284
C_MOVECOUNT:0.49937136281783495
C_PAWNMOVEMENT:0.5400932642649898
