ELO:875
CE_PASSEDPAWNS:0.48539327359323436
CE_PAWNWEAKNESSES:0.4670834609296624
CE_PIECEACTIVITY:0.5350699862881271
CE_KINGPAWNSHIELD:0.5315330378819407
CE_PIECECOORDINATION:0.46186083398992495
CE_MATERIAL:0.502972249260588
CE_KINGSAFETY:0.5025439878744574
C_PIECESQUARETABLES:0.5259465632084452
C_MOBILITY:0.489181437656011
C_KINGSAFETY:0.4986841324519854
C_PAWNSTRUCTURE:0.4449996042567109
C_PIECECOORDINATION:0.518298767362707
C_ROOKANDPAWNMOVEMENT:0.518298767362707
C_CENTERCONTROL:0.5297236779988747
C_DEVELOPPIECES:0.4916440373884119
C_MATERIAL:0.502881253242238
C_MOVECOUNT:0.5014513927915702
