ELO:1000
CE_PASSEDPAWNS:0.5428750410063825
CE_PAWNWEAKNESSES:0.4566703666843243
CE_PIECEACTIVITY:0.5036244725119828
CE_KINGPAWNSHIELD:0.5326768492818372
CE_PIECECOORDINATION:0.47169137606423417
CE_MATERIAL:0.4602947885650256
CE_KINGSAFETY:0.48813792370857445
C_PIECESQUARETABLES:0.5140231369735586
C_MOBILITY:0.4546722701664691
C_KINGSAFETY:0.49375208446712054
C_PAWNSTRUCTURE:0.5408511944612636
C_PIECECOORDINATION:0.5194850400658565
C_ROOKANDPAWNMOVEMENT:0.5194850400658565
C_CENTERCONTROL:0.47569122046430834
C_DEVELOPPIECES:0.5195121854945253
C_MATERIAL:0.508816724645206
