ELO:1000
CE_PASSEDPAWNS:0.4876389967548715
CE_PAWNWEAKNESSES:0.4930041024239478
CE_PIECEACTIVITY:0.5387372197148447
CE_KINGPAWNSHIELD:0.4914294121996016
CE_PIECECOORDINATION:0.5179195227755691
CE_MATERIAL:0.5012354698023387
CE_KINGSAFETY:0.49205188091135443
C_PIECESQUARETABLES:0.5166528129642329
C_MOBILITY:0.4965538640762481
C_KINGSAFETY:0.5194420713241976
C_PAWNSTRUCTURE:0.49106936472004026
C_PIECECOORDINATION:0.500728332164178
C_ROOKANDPAWNMOVEMENT:0.500728332164178
C_CENTERCONTROL:0.5203966249986391
C_DEVELOPPIECES:0.5014303043831818
C_MATERIAL:0.4951769553209832
