ELO:802
CE_PASSEDPAWNS:0.4585313810061272
CE_PAWNWEAKNESSES:0.5541893108069907
CE_PIECEACTIVITY:0.5135225568245683
CE_KINGPAWNSHIELD:0.4865952900276068
CE_PIECECOORDINATION:0.4834863955039139
CE_MATERIAL:0.4088648523996249
CE_KINGSAFETY:0.5213490792968632
C_PIECESQUARETABLES:0.5207247437755692
C_MOBILITY:0.5956458667623333
C_KINGSAFETY:0.46965496701462206
C_PAWNSTRUCTURE:0.46774534294661946
C_PIECECOORDINATION:0.5311059807506988
C_ROOKANDPAWNMOVEMENT:0.5311059807506988
C_CENTERCONTROL:0.49062790020962294
C_DEVELOPPIECES:0.4896531036426724
C_MATERIAL:0.595952397970295
C_MOVECOUNT:0.5
