ELO:1000
CE_PASSEDPAWNS:0.4509345761720198
CE_PAWNWEAKNESSES:0.4819345690084165
CE_PIECEACTIVITY:0.5572764406363284
CE_KINGPAWNSHIELD:0.5232694828040683
CE_PIECECOORDINATION:0.5243356432951986
CE_MATERIAL:0.50357885396804
CE_KINGSAFETY:0.5245195571905062
C_PIECESQUARETABLES:0.529701468026667
C_MOBILITY:0.523412994674846
C_KINGSAFETY:0.5606250814069138
C_PAWNSTRUCTURE:0.4767025880658389
C_PIECECOORDINATION:0.4792133200553855
C_ROOKANDPAWNMOVEMENT:0.4792133200553855
C_CENTERCONTROL:0.52853999123843
C_DEVELOPPIECES:0.4996688426727281
C_MATERIAL:0.5320638246135688
