ELO:1000
CE_PASSEDPAWNS:0.5704783130182923
CE_PAWNWEAKNESSES:0.45216770042885224
CE_PIECEACTIVITY:0.4852555410686575
CE_KINGPAWNSHIELD:0.5522358937115092
CE_PIECECOORDINATION:0.4746637891581414
CE_MATERIAL:0.47496598689751046
CE_KINGSAFETY:0.48467037408740754
C_PIECESQUARETABLES:0.5117658695803239
C_MOBILITY:0.42950232376919956
C_KINGSAFETY:0.49505674670330585
C_PAWNSTRUCTURE:0.5717732610340023
C_PIECECOORDINATION:0.49786238937169264
C_ROOKANDPAWNMOVEMENT:0.49786238937169264
C_CENTERCONTROL:0.482173097416252
C_DEVELOPPIECES:0.5072597455388054
C_MATERIAL:0.5007785122036075
