ELO:974
CE_PASSEDPAWNS:0.5179261166908153
CE_PAWNWEAKNESSES:0.5527628038226644
CE_PIECEACTIVITY:0.52892078675391
CE_KINGPAWNSHIELD:0.490480406882576
CE_PIECECOORDINATION:0.44559734006565077
CE_MATERIAL:0.5091682348198623
CE_KINGSAFETY:0.5152449147857646
C_PIECESQUARETABLES:0.4757216055712488
C_MOBILITY:0.5269573419745757
C_KINGSAFETY:0.5448342187868933
C_PAWNSTRUCTURE:0.4944641562723921
C_PIECECOORDINATION:0.49225232842920374
C_ROOKANDPAWNMOVEMENT:0.49225232842920374
C_CENTERCONTROL:0.47854316145866826
C_DEVELOPPIECES:0.5125374135198595
C_MATERIAL:0.5150702014473572
