ELO:998
CE_PASSEDPAWNS:0.5089036261569443
CE_PAWNWEAKNESSES:0.479960682890691
CE_PIECEACTIVITY:0.5071486852326788
CE_KINGPAWNSHIELD:0.48888094023967626
CE_PIECECOORDINATION:0.5142976104239859
CE_MATERIAL:0.5027834799795764
CE_KINGSAFETY:0.5156395546061225
C_PIECESQUARETABLES:0.5
C_MOBILITY:0.49634841446246525
C_KINGSAFETY:0.5
C_PAWNSTRUCTURE:0.49259421089751476
C_PIECECOORDINATION:0.48015393496270475
C_ROOK:0.5143073203166652
CE_ROOK:0.488838926937748
C_CENTERCONTROL:0.5111902514239944
C_DEVELOPPIECES:0.4998778854170831
C_MATERIAL:0.5120021624971595
C_MOVECOUNT:0.4867643672775384
C_PAWNMOVEMENT:0.5014642956121246
