ELO:1000
CE_PASSEDPAWNS:0.4608464372152372
CE_PAWNWEAKNESSES:0.5030966809438621
CE_PIECEACTIVITY:0.5613595392660943
CE_KINGPAWNSHIELD:0.5301980383935051
CE_PIECECOORDINATION:0.5215565620959621
CE_MATERIAL:0.5079515070053878
CE_KINGSAFETY:0.5059149105324007
C_PIECESQUARETABLES:0.5192584341094222
C_MOBILITY:0.5268205216482472
C_KINGSAFETY:0.5480400408393805
C_PAWNSTRUCTURE:0.5140507402179999
C_PIECECOORDINATION:0.5000244884805037
C_ROOKANDPAWNMOVEMENT:0.5000244884805037
C_CENTERCONTROL:0.53331595552712
C_DEVELOPPIECES:0.5277294766970719
C_MATERIAL:0.50512404186688
