ELO:810
CE_PASSEDPAWNS:0.5267248541307734
CE_PAWNWEAKNESSES:0.5426127810530479
CE_PIECEACTIVITY:0.5201915158349896
CE_KINGPAWNSHIELD:0.5378779476549194
CE_PIECECOORDINATION:0.46674442648605174
CE_MATERIAL:0.4869391680807966
CE_KINGSAFETY:0.4928665805724173
C_PIECESQUARETABLES:0.5226851031455038
C_MOBILITY:0.5292237227251422
C_KINGSAFETY:0.5289884369027033
C_PAWNSTRUCTURE:0.5070970296258408
C_PIECECOORDINATION:0.5330697615090471
C_ROOKANDPAWNMOVEMENT:0.5330697615090471
C_CENTERCONTROL:0.5165458287032085
C_DEVELOPPIECES:0.5159981955431876
C_MATERIAL:0.5262030693241557
C_MOVECOUNT:0.5010754650097446
