ELO:998
CE_PASSEDPAWNS:0.5135728845473876
CE_PAWNWEAKNESSES:0.49538516393215426
CE_PIECEACTIVITY:0.49140846740950694
CE_KINGPAWNSHIELD:0.49446655932984945
CE_PIECECOORDINATION:0.5034059212062713
CE_MATERIAL:0.48628389394297367
CE_KINGSAFETY:0.5050200126316333
C_PIECESQUARETABLES:0.49421546559156165
C_MOBILITY:0.4929310080045087
C_KINGSAFETY:0.49060721806036184
C_PAWNSTRUCTURE:0.4893805927353316
C_PIECECOORDINATION:0.49833525311706867
C_ROOK:0.47852157779812676
CE_ROOK:0.5052103622261133
C_CENTERCONTROL:0.4956153323864089
C_DEVELOPPIECES:0.5033198426112994
C_MATERIAL:0.5025966792596503
C_MOVECOUNT:0.49620512730402017
C_PAWNMOVEMENT:0.4887729740280528
