ELO:960
CE_PASSEDPAWNS:0.5526632802340796
CE_PAWNWEAKNESSES:0.4120900659715056
CE_PIECEACTIVITY:0.49973265389601235
CE_KINGPAWNSHIELD:0.5777392519940198
CE_PIECECOORDINATION:0.44358639657219373
CE_MATERIAL:0.4092260388050339
CE_KINGSAFETY:0.5146149377960673
C_PIECESQUARETABLES:0.4930451328534049
C_MOBILITY:0.45205512886628463
C_KINGSAFETY:0.5772170708321371
C_PAWNSTRUCTURE:0.48777581314743995
C_PIECECOORDINATION:0.4519006227764824
C_ROOKANDPAWNMOVEMENT:0.4519006227764824
C_CENTERCONTROL:0.46853619655183315
C_DEVELOPPIECES:0.44181187841384106
C_MATERIAL:0.47561153005914414
