ELO:904
CE_PASSEDPAWNS:0.5642063666948764
CE_PAWNWEAKNESSES:0.5123125601796855
CE_PIECEACTIVITY:0.4672640463884225
CE_KINGPAWNSHIELD:0.5133804736906837
CE_PIECECOORDINATION:0.520815950075262
CE_MATERIAL:0.47500875186789815
CE_KINGSAFETY:0.5285145512400815
C_PIECESQUARETABLES:0.5590321951806193
C_MOBILITY:0.4569597678930637
C_KINGSAFETY:0.4895235945489425
C_PAWNSTRUCTURE:0.4889483830294648
C_PIECECOORDINATION:0.48117492659458033
C_ROOKANDPAWNMOVEMENT:0.48117492659458033
C_CENTERCONTROL:0.47700850871196276
C_DEVELOPPIECES:0.48997547963990246
C_MATERIAL:0.5286301503728471
C_MOVECOUNT:0.5
