ELO:958
CE_PASSEDPAWNS:0.4986346682770785
CE_PAWNWEAKNESSES:0.5025187779385462
CE_PIECEACTIVITY:0.49224669473586846
CE_KINGPAWNSHIELD:0.4905098922828048
CE_PIECECOORDINATION:0.49654428637813675
CE_MATERIAL:0.48678840661609146
CE_KINGSAFETY:0.4849817721182747
C_PIECESQUARETABLES:0.4750380711768676
C_MOBILITY:0.4603149032355777
C_KINGSAFETY:0.4930246114339899
C_PAWNSTRUCTURE:0.492287421289068
C_PIECECOORDINATION:0.47647652269514784
C_ROOKANDPAWNMOVEMENT:0.47647652269514784
C_CENTERCONTROL:0.4759599436168033
C_DEVELOPPIECES:0.4970971222880918
C_MATERIAL:0.5055469076636938
