ELO:845
CE_PASSEDPAWNS:0.5422521019714486
CE_PAWNWEAKNESSES:0.5674100958571955
CE_PIECEACTIVITY:0.5658746565554811
CE_KINGPAWNSHIELD:0.4448110975603312
CE_PIECECOORDINATION:0.4862862307482434
CE_MATERIAL:0.5298743825436886
CE_KINGSAFETY:0.4314747444616022
C_PIECESQUARETABLES:0.4866019335785951
C_MOBILITY:0.5231546784911688
C_KINGSAFETY:0.4939513992290887
C_PAWNSTRUCTURE:0.45235566378163283
C_PIECECOORDINATION:0.5393584468994254
C_ROOKANDPAWNMOVEMENT:0.5393584468994254
C_CENTERCONTROL:0.5424945501772198
C_DEVELOPPIECES:0.4623351785570304
C_MATERIAL:0.39903476899267687
C_MOVECOUNT:0.5
