ELO:730
CE_PASSEDPAWNS:0.5264463088713085
CE_PAWNWEAKNESSES:0.5635979976300532
CE_PIECEACTIVITY:0.554453588553863
CE_KINGPAWNSHIELD:0.4895968474396288
CE_PIECECOORDINATION:0.41630321616047333
CE_MATERIAL:0.40032910428700613
CE_KINGSAFETY:0.4906542383235461
C_PIECESQUARETABLES:0.5099599223629031
C_MOBILITY:0.6020033499942312
C_KINGSAFETY:0.45564413724244757
C_PAWNSTRUCTURE:0.4494796141977043
C_PIECECOORDINATION:0.5490187393815895
C_ROOKANDPAWNMOVEMENT:0.5490187393815895
C_CENTERCONTROL:0.4585982152661586
C_DEVELOPPIECES:0.4670667201772757
C_MATERIAL:0.6089048650417092
C_MOVECOUNT:0.5039985608764586
