ELO:993
CE_PASSEDPAWNS:0.5525296458211278
CE_PAWNWEAKNESSES:0.445746161732235
CE_PIECEACTIVITY:0.5126237294248973
CE_KINGPAWNSHIELD:0.564206466235207
CE_PIECECOORDINATION:0.4554144765701823
CE_MATERIAL:0.414862277839727
CE_KINGSAFETY:0.4729151749247975
C_PIECESQUARETABLES:0.5397089802892691
C_MOBILITY:0.44196354630836543
C_KINGSAFETY:0.5582322263237892
C_PAWNSTRUCTURE:0.5217674314373787
C_PIECECOORDINATION:0.46072599801618247
C_ROOKANDPAWNMOVEMENT:0.46072599801618247
C_CENTERCONTROL:0.47701520470046943
C_DEVELOPPIECES:0.47457415146675047
C_MATERIAL:0.5015225178820816
