ELO:989
CE_PASSEDPAWNS:0.5437984509382644
CE_PAWNWEAKNESSES:0.4439784390562902
CE_PIECEACTIVITY:0.5182965438792095
CE_KINGPAWNSHIELD:0.5632551367012711
CE_PIECECOORDINATION:0.4505089709074072
CE_MATERIAL:0.42386717285255726
CE_KINGSAFETY:0.4639178705002344
C_PIECESQUARETABLES:0.5382174720353031
C_MOBILITY:0.44588895611926926
C_KINGSAFETY:0.5469793325309862
C_PAWNSTRUCTURE:0.5179156855346966
C_PIECECOORDINATION:0.45110125485807595
C_ROOKANDPAWNMOVEMENT:0.45110125485807595
C_CENTERCONTROL:0.4742532257269524
C_DEVELOPPIECES:0.46013280354648683
C_MATERIAL:0.5073654047636602
