ELO:837
CE_PASSEDPAWNS:0.47556993103840284
CE_PAWNWEAKNESSES:0.6620027692135604
CE_PIECEACTIVITY:0.4353047626086529
CE_KINGPAWNSHIELD:0.5810249709311838
CE_PIECECOORDINATION:0.5288977576107263
CE_MATERIAL:0.34236701659534596
CE_KINGSAFETY:0.49866921823363164
C_PIECESQUARETABLES:0.5008072875162831
C_MOBILITY:0.42820759735801545
C_KINGSAFETY:0.39931565778200684
C_PAWNSTRUCTURE:0.4894087832322257
C_PIECECOORDINATION:0.31683504146364755
C_ROOKANDPAWNMOVEMENT:0.31683504146364755
C_CENTERCONTROL:0.5784179819697095
C_DEVELOPPIECES:0.5283043504905922
C_MATERIAL:0.39203264064958276
