ELO:1000
CE_PASSEDPAWNS:0.5860090942698867
CE_PAWNWEAKNESSES:0.4237985933537639
CE_PIECEACTIVITY:0.5062380495520042
CE_KINGPAWNSHIELD:0.5495679232246783
CE_PIECECOORDINATION:0.4695330775814408
CE_MATERIAL:0.4589374789415197
CE_KINGSAFETY:0.4671723070757536
C_PIECESQUARETABLES:0.4972580881075557
C_MOBILITY:0.41687914389219227
C_KINGSAFETY:0.5147529637140181
C_PAWNSTRUCTURE:0.5535427468439551
C_PIECECOORDINATION:0.47773499595286123
C_ROOKANDPAWNMOVEMENT:0.47773499595286123
C_CENTERCONTROL:0.4510921487506045
C_DEVELOPPIECES:0.5111576755065628
C_MATERIAL:0.4851495236504978
