ELO:1000
CE_PASSEDPAWNS:0.5022912961118496
CE_PAWNWEAKNESSES:0.5379236583767428
CE_PIECEACTIVITY:0.5550486018746275
CE_KINGPAWNSHIELD:0.5353795772586832
CE_PIECECOORDINATION:0.44095459388450775
CE_MATERIAL:0.49973055647130893
CE_KINGSAFETY:0.5276333311510746
C_PIECESQUARETABLES:0.48661253702554214
C_MOBILITY:0.5000102861429943
C_KINGSAFETY:0.5541260473821927
C_PAWNSTRUCTURE:0.4629341850296119
C_PIECECOORDINATION:0.4759060730166451
C_ROOKANDPAWNMOVEMENT:0.4759060730166451
C_CENTERCONTROL:0.47653708614816825
C_DEVELOPPIECES:0.5028192921157358
C_MATERIAL:0.554112260720311
