ELO:1000
CE_PASSEDPAWNS:0.5177497563686145
CE_PAWNWEAKNESSES:0.5088045813855747
CE_PIECEACTIVITY:0.5
CE_KINGPAWNSHIELD:0.4925833456864196
CE_PIECECOORDINATION:0.5126849536171982
CE_MATERIAL:0.5000287784973095
CE_KINGSAFETY:0.5
C_PIECESQUARETABLES:0.5
C_MOBILITY:0.5
C_KINGSAFETY:0.5094299125117476
C_PAWNSTRUCTURE:0.5
C_PIECECOORDINATION:0.5
C_ROOKANDPAWNMOVEMENT:0.5
C_CENTERCONTROL:0.4877831783476242
C_DEVELOPPIECES:0.5
C_MATERIAL:0.5
