ELO:944
CE_PASSEDPAWNS:0.5118351095155784
CE_PAWNWEAKNESSES:0.5133778590872337
CE_PIECEACTIVITY:0.515406744203148
CE_KINGPAWNSHIELD:0.510022223170102
CE_PIECECOORDINATION:0.5114411964620993
CE_MATERIAL:0.4948837089566352
CE_KINGSAFETY:0.5269571087723943
C_PIECESQUARETABLES:0.5256252481128986
C_MOBILITY:0.518564455610151
C_KINGSAFETY:0.49344374379406153
C_PAWNSTRUCTURE:0.52270474243389
C_PIECECOORDINATION:0.49523472677538016
C_ROOKANDPAWNMOVEMENT:0.49523472677538016
C_CENTERCONTROL:0.5232004688419881
C_DEVELOPPIECES:0.5111556744343786
C_MATERIAL:0.4810477846409983
C_MOVECOUNT:0.4780178247095608
