ELO:770
CE_PASSEDPAWNS:0.4871738924718376
CE_PAWNWEAKNESSES:0.6226686927493505
CE_PIECEACTIVITY:0.5172290796642484
CE_KINGPAWNSHIELD:0.42614817948219313
CE_PIECECOORDINATION:0.4656031556838789
CE_MATERIAL:0.48355035102464555
CE_KINGSAFETY:0.5313176177873278
C_PIECESQUARETABLES:0.5411178565165695
C_MOBILITY:0.5242201631844567
C_KINGSAFETY:0.48096380931627186
C_PAWNSTRUCTURE:0.5963206127160401
C_PIECECOORDINATION:0.5045961681051454
C_ROOKANDPAWNMOVEMENT:0.5045961681051454
C_CENTERCONTROL:0.48402166480082337
C_DEVELOPPIECES:0.5594425213677644
C_MATERIAL:0.41707068070697934
C_MOVECOUNT:0.6119163993524341
