ELO:983
CE_PASSEDPAWNS:0.40723076693285404
CE_PAWNWEAKNESSES:0.5100983995005736
CE_PIECEACTIVITY:0.4888660711314787
CE_KINGPAWNSHIELD:0.46139835344861563
CE_PIECECOORDINATION:0.4820767469746915
CE_MATERIAL:0.5046441596566359
CE_KINGSAFETY:0.5015086241003456
C_PIECESQUARETABLES:0.5441119496919549
C_MOBILITY:0.45219848911807903
C_KINGSAFETY:0.5420919748314692
C_PAWNSTRUCTURE:0.5387340082851579
C_PIECECOORDINATION:0.43127872950408774
C_ROOKANDPAWNMOVEMENT:0.43127872950408774
C_CENTERCONTROL:0.4318632856780166
C_DEVELOPPIECES:0.5635050019378206
C_MATERIAL:0.5391541531122808
