ELO:1000
CE_PASSEDPAWNS:0.5322943447055729
CE_PAWNWEAKNESSES:0.5037863488774972
CE_PIECEACTIVITY:0.5158832852819822
CE_KINGPAWNSHIELD:0.4843179925065167
CE_PIECECOORDINATION:0.5561531322134247
CE_MATERIAL:0.4515339617004495
CE_KINGSAFETY:0.5035605573456065
C_PIECESQUARETABLES:0.48566326915753755
C_MOBILITY:0.4223533844814376
C_KINGSAFETY:0.524028340628903
C_PAWNSTRUCTURE:0.4606564064180917
C_PIECECOORDINATION:0.46763748818226647
C_ROOKANDPAWNMOVEMENT:0.46763748818226647
C_CENTERCONTROL:0.554173441433556
C_DEVELOPPIECES:0.5183164345758984
C_MATERIAL:0.49053597911970487
