ELO:959
CE_PASSEDPAWNS:0.5153049835272492
CE_PAWNWEAKNESSES:0.5141918271098174
CE_PIECEACTIVITY:0.5003581951715224
CE_KINGPAWNSHIELD:0.47673229506181053
CE_PIECECOORDINATION:0.4870376768414301
CE_MATERIAL:0.5163900288250581
CE_KINGSAFETY:0.48842441653852875
C_PIECESQUARETABLES:0.49274954097056645
C_MOBILITY:0.5066368022467928
C_KINGSAFETY:0.48471791309998924
C_PAWNSTRUCTURE:0.49860360671021847
C_PIECECOORDINATION:0.4889332467133137
C_ROOKANDPAWNMOVEMENT:0.4889332467133137
C_CENTERCONTROL:0.5054244774692698
C_DEVELOPPIECES:0.49563306359143955
C_MATERIAL:0.5
C_MOVECOUNT:0.5221249107872877
