ELO:953
CE_PASSEDPAWNS:0.4777941405561813
CE_PAWNWEAKNESSES:0.48937056768564835
CE_PIECEACTIVITY:0.4998478712623316
CE_KINGPAWNSHIELD:0.5109413709584677
CE_PIECECOORDINATION:0.5008332039686006
CE_MATERIAL:0.5215701252880488
CE_KINGSAFETY:0.5
C_PIECESQUARETABLES:0.4964988265053046
C_MOBILITY:0.4905880434953016
C_KINGSAFETY:0.47833932602823725
C_PAWNSTRUCTURE:0.5186252620714851
C_PIECECOORDINATION:0.4794311914634801
C_ROOKANDPAWNMOVEMENT:0.4794311914634801
C_CENTERCONTROL:0.5128102614257352
C_DEVELOPPIECES:0.47284467920386575
C_MATERIAL:0.5302622147620512
C_MOVECOUNT:0.5
