ELO:932
CE_PASSEDPAWNS:0.42871539339473086
CE_PAWNWEAKNESSES:0.5004925486498671
CE_PIECEACTIVITY:0.5361846904679777
CE_KINGPAWNSHIELD:0.4651634673803557
CE_PIECECOORDINATION:0.4794980689945072
CE_MATERIAL:0.5464437828658634
CE_KINGSAFETY:0.45801629172636116
C_PIECESQUARETABLES:0.4272978028508356
C_MOBILITY:0.5108921927083565
C_KINGSAFETY:0.4894657949750004
C_PAWNSTRUCTURE:0.49809952477576797
C_PIECECOORDINATION:0.41887958169099804
C_ROOKANDPAWNMOVEMENT:0.41887958169099804
C_CENTERCONTROL:0.49517538542654965
C_DEVELOPPIECES:0.5389143705695665
C_MATERIAL:0.4403691369029044
C_MOVECOUNT:0.5
