ELO:1000
CE_PASSEDPAWNS:0.5365817156145389
CE_PAWNWEAKNESSES:0.4897887757438576
CE_PIECEACTIVITY:0.5059774693991522
CE_KINGPAWNSHIELD:0.49565565603934875
CE_PIECECOORDINATION:0.5234641790535324
CE_MATERIAL:0.46888298816817775
CE_KINGSAFETY:0.5005110348486954
C_PIECESQUARETABLES:0.5038126502355403
C_MOBILITY:0.4511387764739204
C_KINGSAFETY:0.5010977310851579
C_PAWNSTRUCTURE:0.48573250743294594
C_PIECECOORDINATION:0.4991984982802138
C_ROOKANDPAWNMOVEMENT:0.4991984982802138
C_CENTERCONTROL:0.5196402685519944
C_DEVELOPPIECES:0.5357846606623372
C_MATERIAL:0.4512276614639207
