ELO:963
CE_PASSEDPAWNS:0.47111931918497246
CE_PAWNWEAKNESSES:0.5272130860852889
CE_PIECEACTIVITY:0.5260030780128245
CE_KINGPAWNSHIELD:0.5237552868360262
CE_PIECECOORDINATION:0.6168479582958741
CE_MATERIAL:0.3966154733158017
CE_KINGSAFETY:0.5
C_PIECESQUARETABLES:0.5
C_MOBILITY:0.37191652135398395
C_KINGSAFETY:0.532779028610463
C_PAWNSTRUCTURE:0.5406032643912867
C_PIECECOORDINATION:0.5241432204764191
C_ROOKANDPAWNMOVEMENT:0.5241432204764191
C_CENTERCONTROL:0.5756377499039504
C_DEVELOPPIECES:0.5627803274647967
C_MATERIAL:0.4930405415347896
