ELO:1002
CE_PASSEDPAWNS:0.48858618300304574
CE_PAWNWEAKNESSES:0.5121461263385946
CE_PIECEACTIVITY:0.49855949419138745
CE_KINGPAWNSHIELD:0.5116944263938737
CE_PIECECOORDINATION:0.6168787596396887
CE_MATERIAL:0.4214256175146044
CE_KINGSAFETY:0.4686496515343957
C_PIECESQUARETABLES:0.543366023028536
C_MOBILITY:0.42078089393217033
C_KINGSAFETY:0.5465835726621832
C_PAWNSTRUCTURE:0.5245911960942342
C_PIECECOORDINATION:0.5100000284456311
C_ROOKANDPAWNMOVEMENT:0.5100000284456311
C_CENTERCONTROL:0.5901320612606156
C_DEVELOPPIECES:0.5636029256925605
C_MATERIAL:0.48342383779708964
