ELO:1000
CE_PASSEDPAWNS:0.5098552199236388
CE_PAWNWEAKNESSES:0.5095715419214591
CE_PIECEACTIVITY:0.4900539330449365
CE_KINGPAWNSHIELD:0.498267638321374
CE_PIECECOORDINATION:0.5179593715186287
CE_MATERIAL:0.5000287784973095
CE_KINGSAFETY:0.5
C_PIECESQUARETABLES:0.5
C_MOBILITY:0.5094695489814206
C_KINGSAFETY:0.5178208350531057
C_PAWNSTRUCTURE:0.5
C_PIECECOORDINATION:0.49503678621340785
C_ROOKANDPAWNMOVEMENT:0.49503678621340785
C_CENTERCONTROL:0.4906743549188542
C_DEVELOPPIECES:0.48144542236732885
C_MATERIAL:0.5
