ELO:956
CE_PASSEDPAWNS:0.4587672297341883
CE_PAWNWEAKNESSES:0.5189246639620566
CE_PIECEACTIVITY:0.5696488004108053
CE_KINGPAWNSHIELD:0.5061540552301409
CE_PIECECOORDINATION:0.6432527494460758
CE_MATERIAL:0.3716788352759472
CE_KINGSAFETY:0.5030754229002555
C_PIECESQUARETABLES:0.5102179659654071
C_MOBILITY:0.3807989693104763
C_KINGSAFETY:0.49016921887720444
C_PAWNSTRUCTURE:0.5433718953274138
C_PIECECOORDINATION:0.5272580979881387
C_ROOKANDPAWNMOVEMENT:0.5272580979881387
C_CENTERCONTROL:0.6224343998505547
C_DEVELOPPIECES:0.5895132528085812
C_MATERIAL:0.4949524320876516
