ELO:1008
CE_PASSEDPAWNS:0.5058473378814446
CE_PAWNWEAKNESSES:0.5099098496415259
CE_PIECEACTIVITY:0.5062477767807969
CE_KINGPAWNSHIELD:0.510064552658357
CE_PIECECOORDINATION:0.49948744256733163
CE_MATERIAL:0.5040047516168191
CE_KINGSAFETY:0.5
C_PIECESQUARETABLES:0.5
C_MOBILITY:0.5
C_KINGSAFETY:0.4999892501490629
C_PAWNSTRUCTURE:0.5
C_PIECECOORDINATION:0.5
C_ROOKANDPAWNMOVEMENT:0.5
C_CENTERCONTROL:0.5074998000377503
C_DEVELOPPIECES:0.49348645004341923
C_MATERIAL:0.5109813889390729
