ELO:878
CE_PASSEDPAWNS:0.4146225554294297
CE_PAWNWEAKNESSES:0.5008833805362254
CE_PIECEACTIVITY:0.4540462451854027
CE_KINGPAWNSHIELD:0.39617060616527494
CE_PIECECOORDINATION:0.435210783224766
CE_MATERIAL:0.5335031782470041
CE_KINGSAFETY:0.41028500736726364
C_PIECESQUARETABLES:0.46962939933001885
C_MOBILITY:0.44481481688235497
C_KINGSAFETY:0.5001987137914506
C_PAWNSTRUCTURE:0.47983644845164053
C_PIECECOORDINATION:0.4241528275228025
C_ROOKANDPAWNMOVEMENT:0.4241528275228025
C_CENTERCONTROL:0.41368374073457037
C_DEVELOPPIECES:0.5736432116667654
C_MATERIAL:0.52153573468446
