ELO:1003
CE_PASSEDPAWNS:0.5083124709116659
CE_PAWNWEAKNESSES:0.49104096363733685
CE_PIECEACTIVITY:0.5015691932921842
CE_KINGPAWNSHIELD:0.5
CE_PIECECOORDINATION:0.5183957368102287
CE_MATERIAL:0.4879138748562084
CE_KINGSAFETY:0.5002545372654486
C_PIECESQUARETABLES:0.5033469074673035
C_MOBILITY:0.5198561295180436
C_KINGSAFETY:0.4965831933558658
C_PAWNSTRUCTURE:0.5249204894779801
C_PIECECOORDINATION:0.48244551958576354
C_ROOK:0.4876599992353568
CE_ROOK:0.4838240084368386
C_CENTERCONTROL:0.5169903029699671
C_DEVELOPPIECES:0.48485040302344984
C_MATERIAL:0.4955352704771066
C_MOVECOUNT:0.462232725332403
C_PAWNMOVEMENT:0.5008011983346595
