ELO:1000
CE_PASSEDPAWNS:0.5081553171078771
CE_PAWNWEAKNESSES:0.5
CE_PIECEACTIVITY:0.5
CE_KINGPAWNSHIELD:0.5
CE_PIECECOORDINATION:0.5107855654333945
CE_MATERIAL:0.5
CE_KINGSAFETY:0.5122758394593304
C_PIECESQUARETABLES:0.5
C_MOBILITY:0.5062961876246301
C_KINGSAFETY:0.5052476162624006
C_PAWNSTRUCTURE:0.5063645775541907
C_PIECECOORDINATION:0.5
C_ROOKANDPAWNMOVEMENT:0.5
C_CENTERCONTROL:0.5
C_DEVELOPPIECES:0.5
C_MATERIAL:0.4887876586160227
C_MOVECOUNT:0.5
