ELO:966
CE_PASSEDPAWNS:0.5053471439407083
CE_PAWNWEAKNESSES:0.5450153942708813
CE_PIECEACTIVITY:0.5
CE_KINGPAWNSHIELD:0.4670971086313487
CE_PIECECOORDINATION:0.5100325544058182
CE_MATERIAL:0.4832764272738817
CE_KINGSAFETY:0.5313274485789622
C_PIECESQUARETABLES:0.5163594480033716
C_MOBILITY:0.5
C_KINGSAFETY:0.4585856743898972
C_PAWNSTRUCTURE:0.5064136521877213
C_PIECECOORDINATION:0.5408807020148484
C_ROOKANDPAWNMOVEMENT:0.5408807020148484
C_CENTERCONTROL:0.5826775319312284
C_DEVELOPPIECES:0.4873767180134107
C_MATERIAL:0.5095662347524706
C_MOVECOUNT:0.5
