ELO:988
CE_PASSEDPAWNS:0.48608542473633515
CE_PAWNWEAKNESSES:0.5027908573323113
CE_PIECEACTIVITY:0.5008527978672909
CE_KINGPAWNSHIELD:0.4981208463648906
CE_PIECECOORDINATION:0.6259240938687342
CE_MATERIAL:0.4158737488683119
CE_KINGSAFETY:0.4659692357228686
C_PIECESQUARETABLES:0.5476508990087855
C_MOBILITY:0.405502010709884
C_KINGSAFETY:0.5154155909002106
C_PAWNSTRUCTURE:0.521970824035267
C_PIECECOORDINATION:0.5070830689214832
C_ROOKANDPAWNMOVEMENT:0.5070830689214832
C_CENTERCONTROL:0.6011498393911188
C_DEVELOPPIECES:0.568948737760334
C_MATERIAL:0.49094298327470826
