ELO:879
CE_PASSEDPAWNS:0.4722248693740199
CE_PAWNWEAKNESSES:0.5159891064146737
CE_PIECEACTIVITY:0.4839770909380985
CE_KINGPAWNSHIELD:0.48902959935267304
CE_PIECECOORDINATION:0.5204271085238655
CE_MATERIAL:0.48341844484467095
CE_KINGSAFETY:0.4905435877856741
C_PIECESQUARETABLES:0.48915343957160384
C_MOBILITY:0.4961039656981102
C_KINGSAFETY:0.5221591000393093
C_PAWNSTRUCTURE:0.5059748965552792
C_PIECECOORDINATION:0.5257701712230064
C_ROOK:0.5225114761563704
CE_ROOK:0.5015733600577311
C_CENTERCONTROL:0.5218758747689336
C_DEVELOPPIECES:0.4972029333992365
C_MATERIAL:0.47347601082353824
C_MOVECOUNT:0.5112019921775547
C_PAWNMOVEMENT:0.5221347619260163
