ELO:1165
CE_PASSEDPAWNS:0.4491193128316436
CE_PAWNWEAKNESSES:0.5049538678398092
CE_PIECEACTIVITY:0.47707812532962285
CE_KINGPAWNSHIELD:0.42050062489547163
CE_PIECECOORDINATION:0.5707969823983154
CE_MATERIAL:0.3963786524687434
CE_KINGSAFETY:0.5
C_PIECESQUARETABLES:0.5
C_MOBILITY:0.4455170774255024
C_KINGSAFETY:0.31211272582636257
C_PAWNSTRUCTURE:0.4417501100211813
C_PIECECOORDINATION:0.48430233874975176
C_ROOKANDPAWNMOVEMENT:0.48430233874975176
C_CENTERCONTROL:0.4971758326519334
C_DEVELOPPIECES:0.464302331748555
C_MATERIAL:0.3713460753593112
