ELO:986
CE_PASSEDPAWNS:0.5334977015059155
CE_PAWNWEAKNESSES:0.5
CE_PIECEACTIVITY:0.5177948989160901
CE_KINGPAWNSHIELD:0.5183660338676439
CE_PIECECOORDINATION:0.4734986327371034
CE_MATERIAL:0.4929589573932958
CE_KINGSAFETY:0.5
C_PIECESQUARETABLES:0.5
C_MOBILITY:0.5088538164715117
C_KINGSAFETY:0.5125258110192741
C_PAWNSTRUCTURE:0.48385943018681615
C_PIECECOORDINATION:0.49799449173777066
C_ROOK:0.5534874479042161
CE_ROOK:0.539885046149856
C_CENTERCONTROL:0.4966853808054438
C_DEVELOPPIECES:0.45137687262271
C_MATERIAL:0.5004624984874123
C_MOVECOUNT:0.47176601477213514
C_PAWNMOVEMENT:0.48410916605307214
