ELO:976
CE_PASSEDPAWNS:0.49843368187604425
CE_PAWNWEAKNESSES:0.5016105814642303
CE_PIECEACTIVITY:0.5131241835475806
CE_KINGPAWNSHIELD:0.5
CE_PIECECOORDINATION:0.5048108919090583
CE_MATERIAL:0.5003214429765634
CE_KINGSAFETY:0.44602623644249056
C_PIECESQUARETABLES:0.5082749278548184
C_MOBILITY:0.5008363328012854
C_KINGSAFETY:0.487329975508042
C_PAWNSTRUCTURE:0.5092116725874463
C_PIECECOORDINATION:0.5036823960024448
C_ROOKANDPAWNMOVEMENT:0.5036823960024448
C_CENTERCONTROL:0.489618061115694
C_DEVELOPPIECES:0.5165913202693749
C_MATERIAL:0.5043908876405905
C_MOVECOUNT:0.5
