ELO:934
CE_PASSEDPAWNS:0.5326733908900113
CE_PAWNWEAKNESSES:0.5048897272310392
CE_PIECEACTIVITY:0.4792808847790435
CE_KINGPAWNSHIELD:0.4915678055501242
CE_PIECECOORDINATION:0.49283733468756563
CE_MATERIAL:0.49744226839655414
CE_KINGSAFETY:0.5092487142985943
C_PIECESQUARETABLES:0.48296286077327444
C_MOBILITY:0.4239678752551141
C_KINGSAFETY:0.4570986486011321
C_PAWNSTRUCTURE:0.5213781578399886
C_PIECECOORDINATION:0.46999936651718266
C_ROOK:0.5240945656411755
CE_ROOK:0.5273541495469797
C_CENTERCONTROL:0.4907535506595225
C_DEVELOPPIECES:0.4828535748955866
C_MATERIAL:0.5086945022978877
C_MOVECOUNT:0.4665965761250106
C_PAWNMOVEMENT:0.46608213237075535
