ELO:1000
CE_PASSEDPAWNS:0.5198955498679809
CE_PAWNWEAKNESSES:0.5147178996582639
CE_PIECEACTIVITY:0.5201161091996052
CE_KINGPAWNSHIELD:0.5306337176357001
CE_PIECECOORDINATION:0.5910209616987883
CE_MATERIAL:0.4032533803664288
CE_KINGSAFETY:0.49340647041706864
C_PIECESQUARETABLES:0.5333505153729318
C_MOBILITY:0.43142199775603873
C_KINGSAFETY:0.550847765271062
C_PAWNSTRUCTURE:0.46493154018829264
C_PIECECOORDINATION:0.4827939387878385
C_ROOKANDPAWNMOVEMENT:0.4827939387878385
C_CENTERCONTROL:0.5545925060798437
C_DEVELOPPIECES:0.5402649858225934
C_MATERIAL:0.47360083573679657
