ELO:947
CE_PASSEDPAWNS:0.5
CE_PAWNWEAKNESSES:0.4933531463552274
CE_PIECEACTIVITY:0.5199111022253905
CE_KINGPAWNSHIELD:0.4843253591809201
CE_PIECECOORDINATION:0.5169946174014427
CE_MATERIAL:0.4927676074642771
CE_KINGSAFETY:0.5
C_PIECESQUARETABLES:0.4930669736967995
C_MOBILITY:0.4871494175037245
C_KINGSAFETY:0.5065569449483138
C_PAWNSTRUCTURE:0.5441243737620709
C_PIECECOORDINATION:0.5229393303015683
C_ROOKANDPAWNMOVEMENT:0.5229393303015683
C_CENTERCONTROL:0.49251041667434126
C_DEVELOPPIECES:0.5163797851152747
C_MATERIAL:0.5003477454518697
C_MOVECOUNT:0.5
