ELO:989
CE_PASSEDPAWNS:0.41489028854525783
CE_PAWNWEAKNESSES:0.5037633866617727
CE_PIECEACTIVITY:0.47317451427027907
CE_KINGPAWNSHIELD:0.5076223274532515
CE_PIECECOORDINATION:0.4766246077905911
CE_MATERIAL:0.5135822111077525
CE_KINGSAFETY:0.49182105304896434
C_PIECESQUARETABLES:0.5325402730087028
C_MOBILITY:0.46695715882582417
C_KINGSAFETY:0.5382851234281978
C_PAWNSTRUCTURE:0.5457870056276644
C_PIECECOORDINATION:0.44332420185964655
C_ROOKANDPAWNMOVEMENT:0.44332420185964655
C_CENTERCONTROL:0.45208040903865976
C_DEVELOPPIECES:0.5545618583970624
C_MATERIAL:0.5137148120017924
