ELO:991
CE_PASSEDPAWNS:0.515749452669475
CE_PAWNWEAKNESSES:0.47567368824634026
CE_PIECEACTIVITY:0.5256534381721791
CE_KINGPAWNSHIELD:0.5455180170332337
CE_PIECECOORDINATION:0.495285041116773
CE_MATERIAL:0.4694181679613265
CE_KINGSAFETY:0.5105257653378226
C_PIECESQUARETABLES:0.48793435862227086
C_MOBILITY:0.5731414884420653
C_KINGSAFETY:0.5250912115677565
C_PAWNSTRUCTURE:0.47035446951361864
C_PIECECOORDINATION:0.49970280576780435
C_ROOKANDPAWNMOVEMENT:0.49970280576780435
C_CENTERCONTROL:0.4344880289599061
C_DEVELOPPIECES:0.4428905008882577
C_MATERIAL:0.6265767288704363
