ELO:996
CE_PASSEDPAWNS:0.5081553171078771
CE_PAWNWEAKNESSES:0.4919164844263878
CE_PIECEACTIVITY:0.49548344239428094
CE_KINGPAWNSHIELD:0.5
CE_PIECECOORDINATION:0.5023212461776307
CE_MATERIAL:0.5123879459871776
CE_KINGSAFETY:0.4948258181940027
C_PIECESQUARETABLES:0.5
C_MOBILITY:0.49951464769286463
C_KINGSAFETY:0.496589791313753
C_PAWNSTRUCTURE:0.5020805120842277
C_PIECECOORDINATION:0.47366225915367416
C_ROOKANDPAWNMOVEMENT:0.47366225915367416
C_CENTERCONTROL:0.5025286114069524
C_DEVELOPPIECES:0.49563306359143955
C_MATERIAL:0.4887876586160227
C_MOVECOUNT:0.4884010474570319
