ELO:1000
CE_PASSEDPAWNS:0.4974522051516305
CE_PAWNWEAKNESSES:0.5154970801685191
CE_PIECEACTIVITY:0.4935213590892389
CE_KINGPAWNSHIELD:0.5361868351938845
CE_PIECECOORDINATION:0.46883756888851197
CE_MATERIAL:0.5058124481361163
CE_KINGSAFETY:0.5478904193047986
C_PIECESQUARETABLES:0.5268435878466926
C_MOBILITY:0.5044343504130071
C_KINGSAFETY:0.5509465673231454
C_PAWNSTRUCTURE:0.48265651063519177
C_PIECECOORDINATION:0.5232742318238277
C_ROOKANDPAWNMOVEMENT:0.5232742318238277
C_CENTERCONTROL:0.5503404955564161
C_DEVELOPPIECES:0.46572049796250287
C_MATERIAL:0.5025907575141891
