ELO:976
CE_PASSEDPAWNS:0.5472597552816592
CE_PAWNWEAKNESSES:0.4944155772920567
CE_PIECEACTIVITY:0.47544844603174335
CE_KINGPAWNSHIELD:0.5337541087802465
CE_PIECECOORDINATION:0.4814010032080311
CE_MATERIAL:0.48351048141075814
CE_KINGSAFETY:0.5
C_PIECESQUARETABLES:0.5
C_MOBILITY:0.5088538164715117
C_KINGSAFETY:0.5204362607940991
C_PAWNSTRUCTURE:0.48878633853806785
C_PIECECOORDINATION:0.542564799350327
C_ROOK:0.5426140210063214
CE_ROOK:0.48979823401855255
C_CENTERCONTROL:0.4966853808054438
C_DEVELOPPIECES:0.45137687262271
C_MATERIAL:0.5004624984874123
C_MOVECOUNT:0.47176601477213514
C_PAWNMOVEMENT:0.4991627991772496
