ELO:940
CE_PASSEDPAWNS:0.5011296002220111
CE_PAWNWEAKNESSES:0.5026325079681205
CE_PIECEACTIVITY:0.5361846904679777
CE_KINGPAWNSHIELD:0.49678783484223343
CE_PIECECOORDINATION:0.4794980689945072
CE_MATERIAL:0.490776859676433
CE_KINGSAFETY:0.48079413331241166
C_PIECESQUARETABLES:0.5
C_MOBILITY:0.5
C_KINGSAFETY:0.46789987811038386
C_PAWNSTRUCTURE:0.49809952477576797
C_PIECECOORDINATION:0.41887958169099804
C_ROOKANDPAWNMOVEMENT:0.41887958169099804
C_CENTERCONTROL:0.49190090260039115
C_DEVELOPPIECES:0.5161527546890858
C_MATERIAL:0.5
C_MOVECOUNT:0.5
