ELO:972
CE_PASSEDPAWNS:0.5041634877107906
CE_PAWNWEAKNESSES:0.49850865947511364
CE_PIECEACTIVITY:0.4847223399174983
CE_KINGPAWNSHIELD:0.4787857325578509
CE_PIECECOORDINATION:0.5209157082648362
CE_MATERIAL:0.49278139107086155
CE_KINGSAFETY:0.4954254008389121
C_PIECESQUARETABLES:0.5017254994636297
C_MOBILITY:0.5109851658805054
C_KINGSAFETY:0.4930113899652757
C_PAWNSTRUCTURE:0.5282076111475289
C_PIECECOORDINATION:0.5166339967933168
C_ROOKANDPAWNMOVEMENT:0.5166339967933168
C_CENTERCONTROL:0.5071575396974995
C_DEVELOPPIECES:0.5146830041042668
C_MATERIAL:0.5255892426260944
C_MOVECOUNT:0.502584267591916
