ELO:909
CE_PASSEDPAWNS:0.3898459870973749
CE_PAWNWEAKNESSES:0.5152475019423455
CE_PIECEACTIVITY:0.4348805664480155
CE_KINGPAWNSHIELD:0.41772954624052117
CE_PIECECOORDINATION:0.4716305198279553
CE_MATERIAL:0.4806315873627282
CE_KINGSAFETY:0.482024410539495
C_PIECESQUARETABLES:0.4924589507926075
C_MOBILITY:0.439920576214891
C_KINGSAFETY:0.5413225222811461
C_PAWNSTRUCTURE:0.4989407752217132
C_PIECECOORDINATION:0.4283426029186199
C_ROOKANDPAWNMOVEMENT:0.4283426029186199
C_CENTERCONTROL:0.4581580863162544
C_DEVELOPPIECES:0.5848209384600126
C_MATERIAL:0.5203739441479107
