ELO:991
CE_PASSEDPAWNS:0.5277288571395565
CE_PAWNWEAKNESSES:0.47565128278511165
CE_PIECEACTIVITY:0.5256534381721791
CE_KINGPAWNSHIELD:0.5343603422735053
CE_PIECECOORDINATION:0.495285041116773
CE_MATERIAL:0.4694181679613265
CE_KINGSAFETY:0.49148344751223
C_PIECESQUARETABLES:0.49154087621395287
C_MOBILITY:0.5731414884420653
C_KINGSAFETY:0.5320702548324067
C_PAWNSTRUCTURE:0.47035446951361864
C_PIECECOORDINATION:0.49970280576780435
C_ROOKANDPAWNMOVEMENT:0.49970280576780435
C_CENTERCONTROL:0.42894235410171383
C_DEVELOPPIECES:0.4354212939766876
C_MATERIAL:0.6265767288704363
