ELO:1000
CE_PASSEDPAWNS:0.5142400844291929
CE_PAWNWEAKNESSES:0.5080935635732092
CE_PIECEACTIVITY:0.5369111108385378
CE_KINGPAWNSHIELD:0.5358352319415516
CE_PIECECOORDINATION:0.6173386880099753
CE_MATERIAL:0.41330756326064866
CE_KINGSAFETY:0.48087487637962206
C_PIECESQUARETABLES:0.5386062586905715
C_MOBILITY:0.4387264214070928
C_KINGSAFETY:0.5577268893067899
C_PAWNSTRUCTURE:0.4868625241697543
C_PIECECOORDINATION:0.4966304677919526
C_ROOKANDPAWNMOVEMENT:0.4966304677919526
C_CENTERCONTROL:0.5489871386844318
C_DEVELOPPIECES:0.5561449350271686
C_MATERIAL:0.47749431642715656
