ELO:949
CE_PASSEDPAWNS:0.4606098644881342
CE_PAWNWEAKNESSES:0.48435349493301944
CE_PIECEACTIVITY:0.4995392088194116
CE_KINGPAWNSHIELD:0.4967298438646937
CE_PIECECOORDINATION:0.4743678601984063
CE_MATERIAL:0.49204575924376465
CE_KINGSAFETY:0.48702654228401193
C_PIECESQUARETABLES:0.4624218141182491
C_MOBILITY:0.4515263939092854
C_KINGSAFETY:0.5136411076180787
C_PAWNSTRUCTURE:0.5115795170197663
C_PIECECOORDINATION:0.47993187121305403
C_ROOKANDPAWNMOVEMENT:0.47993187121305403
C_CENTERCONTROL:0.5169825159522825
C_DEVELOPPIECES:0.5296187388255514
C_MATERIAL:0.5404112936494307
C_MOVECOUNT:0.5
