ELO:958
CE_PASSEDPAWNS:0.5081553171078771
CE_PAWNWEAKNESSES:0.5023049472773118
CE_PIECEACTIVITY:0.5003581951715224
CE_KINGPAWNSHIELD:0.47673229506181053
CE_PIECECOORDINATION:0.48408162193948906
CE_MATERIAL:0.5163900288250581
CE_KINGSAFETY:0.5001005881864606
C_PIECESQUARETABLES:0.49274954097056645
C_MOBILITY:0.4968264639693817
C_KINGSAFETY:0.49391096851137173
C_PAWNSTRUCTURE:0.49860360671021847
C_PIECECOORDINATION:0.4889332467133137
C_ROOKANDPAWNMOVEMENT:0.4889332467133137
C_CENTERCONTROL:0.5148927500631753
C_DEVELOPPIECES:0.49563306359143955
C_MATERIAL:0.5
C_MOVECOUNT:0.5221249107872877
