ELO:1000
CE_PASSEDPAWNS:0.5373322566416019
CE_PAWNWEAKNESSES:0.48821421342492255
CE_PIECEACTIVITY:0.520596118969486
CE_KINGPAWNSHIELD:0.4852142775054907
CE_PIECECOORDINATION:0.550238406068415
CE_MATERIAL:0.4677350739398179
CE_KINGSAFETY:0.502113740513919
C_PIECESQUARETABLES:0.49095553574435763
C_MOBILITY:0.4219331498857512
C_KINGSAFETY:0.5017658905364415
C_PAWNSTRUCTURE:0.47177990056540775
C_PIECECOORDINATION:0.4949110850619514
C_ROOKANDPAWNMOVEMENT:0.4949110850619514
C_CENTERCONTROL:0.5247050838451056
C_DEVELOPPIECES:0.5183164345758984
C_MATERIAL:0.476857360279515
