ELO:1000
CE_PASSEDPAWNS:0.5157897056370175
CE_PAWNWEAKNESSES:0.49072227662050805
CE_PIECEACTIVITY:0.5139945048676658
CE_KINGPAWNSHIELD:0.5040031622280053
CE_PIECECOORDINATION:0.5288802634667766
CE_MATERIAL:0.481239098655275
CE_KINGSAFETY:0.5122169246801832
C_PIECESQUARETABLES:0.5075097575018114
C_MOBILITY:0.4979062055129918
C_KINGSAFETY:0.5199167536774593
C_PAWNSTRUCTURE:0.5062800006864152
C_PIECECOORDINATION:0.5135356144659491
C_ROOKANDPAWNMOVEMENT:0.5135356144659491
C_CENTERCONTROL:0.5346940714759916
C_DEVELOPPIECES:0.5020974393178897
C_MATERIAL:0.4943910351340514
