ELO:964
CE_PASSEDPAWNS:0.4100246930623947
CE_PAWNWEAKNESSES:0.5294602983583035
CE_PIECEACTIVITY:0.47347104068823415
CE_KINGPAWNSHIELD:0.43823679675658794
CE_PIECECOORDINATION:0.47439168241742574
CE_MATERIAL:0.4857348655397756
CE_KINGSAFETY:0.4919909460213789
C_PIECESQUARETABLES:0.5156485413374451
C_MOBILITY:0.439380665185621
C_KINGSAFETY:0.5557042708526984
C_PAWNSTRUCTURE:0.5224829648384263
C_PIECECOORDINATION:0.42937052856150565
C_ROOKANDPAWNMOVEMENT:0.42937052856150565
C_CENTERCONTROL:0.4505982447298832
C_DEVELOPPIECES:0.5881473239015481
C_MATERIAL:0.5422482847997686
