ELO:775
CE_PASSEDPAWNS:0.4836569792049879
CE_PAWNWEAKNESSES:0.6319558549805492
CE_PIECEACTIVITY:0.5308755571506861
CE_KINGPAWNSHIELD:0.44163598692993017
CE_PIECECOORDINATION:0.46954770687578595
CE_MATERIAL:0.5190726341188407
CE_KINGSAFETY:0.5239929669101993
C_PIECESQUARETABLES:0.5418825514621495
C_MOBILITY:0.5096708956449801
C_KINGSAFETY:0.46955725329378284
C_PAWNSTRUCTURE:0.5943863176649768
C_PIECECOORDINATION:0.5000505389291074
C_ROOKANDPAWNMOVEMENT:0.5000505389291074
C_CENTERCONTROL:0.4647819481070258
C_DEVELOPPIECES:0.5838592252319271
C_MATERIAL:0.4063989874078843
C_MOVECOUNT:0.598058683124287
