ELO:1000
CE_PASSEDPAWNS:0.5266347323902334
CE_PAWNWEAKNESSES:0.516222969171216
CE_PIECEACTIVITY:0.5117044627154653
CE_KINGPAWNSHIELD:0.4958752280377056
CE_PIECECOORDINATION:0.5539838593859735
CE_MATERIAL:0.42588634255660307
CE_KINGSAFETY:0.5195117103739576
C_PIECESQUARETABLES:0.512571992636132
C_MOBILITY:0.41069865956628165
C_KINGSAFETY:0.5376461749336805
C_PAWNSTRUCTURE:0.4501956515059655
C_PIECECOORDINATION:0.4495082708020352
C_ROOKANDPAWNMOVEMENT:0.4495082708020352
C_CENTERCONTROL:0.5368107897516923
C_DEVELOPPIECES:0.5225431919603103
C_MATERIAL:0.48068934316207834
