ELO:988
CE_PASSEDPAWNS:0.5457345729423272
CE_PAWNWEAKNESSES:0.47840221754021917
CE_PIECEACTIVITY:0.5256534381721791
CE_KINGPAWNSHIELD:0.542603462243025
CE_PIECECOORDINATION:0.4736107820156807
CE_MATERIAL:0.4755855112057787
CE_KINGSAFETY:0.5077826087351812
C_PIECESQUARETABLES:0.5094726170510784
C_MOBILITY:0.5855396398430684
C_KINGSAFETY:0.5685033614554861
C_PAWNSTRUCTURE:0.46054427260367564
C_PIECECOORDINATION:0.49481266204964397
C_ROOKANDPAWNMOVEMENT:0.49481266204964397
C_CENTERCONTROL:0.42894235410171383
C_DEVELOPPIECES:0.4354212939766876
C_MATERIAL:0.6322095524272797
