ELO:962
CE_PASSEDPAWNS:0.5091156468868849
CE_PAWNWEAKNESSES:0.5117195185322505
CE_PIECEACTIVITY:0.5079043893619672
CE_KINGPAWNSHIELD:0.4556811040901248
CE_PIECECOORDINATION:0.4688508985441019
CE_MATERIAL:0.5123716033354189
CE_KINGSAFETY:0.5
C_PIECESQUARETABLES:0.5
C_MOBILITY:0.5112858376439959
C_KINGSAFETY:0.5020921937340934
C_PAWNSTRUCTURE:0.4878993824040106
C_PIECECOORDINATION:0.49521539031124384
C_ROOKANDPAWNMOVEMENT:0.49521539031124384
C_CENTERCONTROL:0.5102703921983232
C_DEVELOPPIECES:0.4916747314659294
C_MATERIAL:0.5
C_MOVECOUNT:0.5179726658434323
