ELO:950
CE_PASSEDPAWNS:0.40822181607214325
CE_PAWNWEAKNESSES:0.4503537671192587
CE_PIECEACTIVITY:0.4712314277564361
CE_KINGPAWNSHIELD:0.4846744801593402
CE_PIECECOORDINATION:0.5694251621994797
CE_MATERIAL:0.44536669272311713
CE_KINGSAFETY:0.5
C_PIECESQUARETABLES:0.4984380208471128
C_MOBILITY:0.5595717000541358
C_KINGSAFETY:0.4862519521158243
C_PAWNSTRUCTURE:0.4618993817658154
C_PIECECOORDINATION:0.4503462882160168
C_ROOKANDPAWNMOVEMENT:0.4503462882160168
C_CENTERCONTROL:0.5564378797395044
C_DEVELOPPIECES:0.42477941848454914
C_MATERIAL:0.5718165641589873
