ELO:1000
CE_PASSEDPAWNS:0.40070459300721706
CE_PAWNWEAKNESSES:0.4943593694661333
CE_PIECEACTIVITY:0.47935863528977435
CE_KINGPAWNSHIELD:0.5278254062714128
CE_PIECECOORDINATION:0.5545727743226743
CE_MATERIAL:0.501574580127184
CE_KINGSAFETY:0.4752078777850324
C_PIECESQUARETABLES:0.5281684412631634
C_MOBILITY:0.5456693486302909
C_KINGSAFETY:0.48892063790047674
C_PAWNSTRUCTURE:0.46550572574929727
C_PIECECOORDINATION:0.46876412160918507
C_ROOKANDPAWNMOVEMENT:0.46876412160918507
C_CENTERCONTROL:0.5183251730723978
C_DEVELOPPIECES:0.45472785232068885
C_MATERIAL:0.5393593587246094
