ELO:903
CE_PASSEDPAWNS:0.493632781193009
CE_PAWNWEAKNESSES:0.501550303039308
CE_PIECEACTIVITY:0.48297508225127905
CE_KINGPAWNSHIELD:0.4816983437183934
CE_PIECECOORDINATION:0.4626967860955517
CE_MATERIAL:0.3644901323045272
CE_KINGSAFETY:0.4592885311501181
C_PIECESQUARETABLES:0.4705432527177861
C_MOBILITY:0.5768912871439391
C_KINGSAFETY:0.5041725064153753
C_PAWNSTRUCTURE:0.4546227524820885
C_PIECECOORDINATION:0.48465001062704394
C_ROOKANDPAWNMOVEMENT:0.48465001062704394
C_CENTERCONTROL:0.4964566485002866
C_DEVELOPPIECES:0.4937392561132211
C_MATERIAL:0.5103406937634728
C_MOVECOUNT:0.5469652559163632
