ELO:1020
CE_PASSEDPAWNS:0.494368940385099
CE_PAWNWEAKNESSES:0.5009043304320149
CE_PIECEACTIVITY:0.5108917642351356
CE_KINGPAWNSHIELD:0.5095279591716744
CE_PIECECOORDINATION:0.4971544212016718
CE_MATERIAL:0.49804353676654184
CE_KINGSAFETY:0.5
C_PIECESQUARETABLES:0.5054220752774451
C_MOBILITY:0.49834776974423123
C_KINGSAFETY:0.49887774029470716
C_PAWNSTRUCTURE:0.4933291519786839
C_PIECECOORDINATION:0.4985414760106914
C_ROOK:0.5
CE_ROOK:0.5
C_CENTERCONTROL:0.5002448193978049
C_DEVELOPPIECES:0.49222998505867954
C_MATERIAL:0.5
C_MOVECOUNT:0.5099927189399223
C_PAWNMOVEMENT:0.5
