ELO:917
CE_PASSEDPAWNS:0.49945428035566974
CE_PAWNWEAKNESSES:0.503395491222957
CE_PIECEACTIVITY:0.49325534292976136
CE_KINGPAWNSHIELD:0.49229576598569574
CE_PIECECOORDINATION:0.4831980053070519
CE_MATERIAL:0.3903058959881346
CE_KINGSAFETY:0.4705494430482993
C_PIECESQUARETABLES:0.4607161366254079
C_MOBILITY:0.5571630636387216
C_KINGSAFETY:0.5056691273166786
C_PAWNSTRUCTURE:0.4723858961801676
C_PIECECOORDINATION:0.4898730774494671
C_ROOKANDPAWNMOVEMENT:0.4898730774494671
C_CENTERCONTROL:0.5089548192576014
C_DEVELOPPIECES:0.4825892286161478
C_MATERIAL:0.5163902819229657
C_MOVECOUNT:0.5465301490584534
