ELO:1000
CE_PASSEDPAWNS:0.5457189924504131
CE_PAWNWEAKNESSES:0.44603923463139206
CE_PIECEACTIVITY:0.46728366146893163
CE_KINGPAWNSHIELD:0.4908948418167552
CE_PIECECOORDINATION:0.5328422301998331
CE_MATERIAL:0.48061355116705284
CE_KINGSAFETY:0.487887609953703
C_PIECESQUARETABLES:0.5008725305089483
C_MOBILITY:0.4845906300861293
C_KINGSAFETY:0.5377259152257645
C_PAWNSTRUCTURE:0.5312034027245591
C_PIECECOORDINATION:0.5465705070017381
C_ROOKANDPAWNMOVEMENT:0.5465705070017381
C_CENTERCONTROL:0.4766350235120714
C_DEVELOPPIECES:0.5115770816171372
C_MATERIAL:0.47564758992641126
