ELO:953
CE_PASSEDPAWNS:0.5
CE_PAWNWEAKNESSES:0.5026104686256994
CE_PIECEACTIVITY:0.5119335273279192
CE_KINGPAWNSHIELD:0.5
CE_PIECECOORDINATION:0.5117425307130766
CE_MATERIAL:0.421332933585343
CE_KINGSAFETY:0.4609637821250929
C_PIECESQUARETABLES:0.5091436572156204
C_MOBILITY:0.500548687557128
C_KINGSAFETY:0.49790338231022097
C_PAWNSTRUCTURE:0.4848968902769676
C_PIECECOORDINATION:0.4996920451828931
C_ROOKANDPAWNMOVEMENT:0.4996920451828931
C_CENTERCONTROL:0.5116871867421376
C_DEVELOPPIECES:0.5212031349470416
C_MATERIAL:0.517189690780827
C_MOVECOUNT:0.5342747908963166
