ELO:1102
CE_PASSEDPAWNS:0.6496858259496393
CE_PAWNWEAKNESSES:0.4360791798388857
CE_PIECEACTIVITY:0.46184647757085695
CE_KINGPAWNSHIELD:0.43326754519551514
CE_PIECECOORDINATION:0.46159558467351497
CE_MATERIAL:0.4743396197172604
CE_KINGSAFETY:0.5106655722057228
C_PIECESQUARETABLES:0.5
C_MOBILITY:0.4069926351060713
C_KINGSAFETY:0.6237202838143654
C_PAWNSTRUCTURE:0.4417501100211813
C_PIECECOORDINATION:0.48430233874975176
C_ROOKANDPAWNMOVEMENT:0.48430233874975176
C_CENTERCONTROL:0.5428708398631655
C_DEVELOPPIECES:0.5034004472324135
C_MATERIAL:0.41651562592610963
