ELO:890
CE_PASSEDPAWNS:0.5073952832292681
CE_PAWNWEAKNESSES:0.5167514213267392
CE_PIECEACTIVITY:0.4661310993739803
CE_KINGPAWNSHIELD:0.47457194725953794
CE_PIECECOORDINATION:0.471719917410903
CE_MATERIAL:0.4650790798408784
CE_KINGSAFETY:0.5
C_PIECESQUARETABLES:0.4890994834206872
C_MOBILITY:0.48243576488821877
C_KINGSAFETY:0.48593006609256945
C_PAWNSTRUCTURE:0.4859227324874555
C_PIECECOORDINATION:0.4374467881435691
C_ROOK:0.5244666738285995
CE_ROOK:0.5157357905779452
C_CENTERCONTROL:0.502442867356353
C_DEVELOPPIECES:0.47608728366788083
C_MATERIAL:0.5073717302706479
C_MOVECOUNT:0.5041569386809118
C_PAWNMOVEMENT:0.5863712837005002
