ELO:981
CE_PASSEDPAWNS:0.5051161614400439
CE_PAWNWEAKNESSES:0.4882970099177889
CE_PIECEACTIVITY:0.5030046327409656
CE_KINGPAWNSHIELD:0.505604570587964
CE_PIECECOORDINATION:0.5117938107837209
CE_MATERIAL:0.47436104694373693
CE_KINGSAFETY:0.5071073396477781
C_PIECESQUARETABLES:0.5060632829149656
C_MOBILITY:0.5095041676122317
C_KINGSAFETY:0.49839484132122897
C_PAWNSTRUCTURE:0.5179621513593226
C_PIECECOORDINATION:0.49315922160890846
C_ROOK:0.5009606731528441
CE_ROOK:0.4938001012192368
C_CENTERCONTROL:0.5009982905103648
C_DEVELOPPIECES:0.4920936568582334
C_MATERIAL:0.5154491426715007
C_MOVECOUNT:0.4836594174012003
C_PAWNMOVEMENT:0.5160195262836159
