ELO:1033
CE_PASSEDPAWNS:0.4931628573231589
CE_PAWNWEAKNESSES:0.5
CE_PIECEACTIVITY:0.48321009549435673
CE_KINGPAWNSHIELD:0.5
CE_PIECECOORDINATION:0.49197475658423173
CE_MATERIAL:0.5028747080647104
CE_KINGSAFETY:0.508859203540541
C_PIECESQUARETABLES:0.48869300757042855
C_MOBILITY:0.5021168059868544
C_KINGSAFETY:0.48428783030802935
C_PAWNSTRUCTURE:0.5142196471098661
C_PIECECOORDINATION:0.5168771559978308
C_ROOKANDPAWNMOVEMENT:0.5168771559978308
C_CENTERCONTROL:0.49565912804797535
C_DEVELOPPIECES:0.5
C_MATERIAL:0.48805060696079455
C_MOVECOUNT:0.5
