ELO:990
CE_PASSEDPAWNS:0.48422591771898693
CE_PAWNWEAKNESSES:0.5
CE_PIECEACTIVITY:0.5018856626069899
CE_KINGPAWNSHIELD:0.49090064966271146
CE_PIECECOORDINATION:0.5011066708505543
CE_MATERIAL:0.5035876577245058
CE_KINGSAFETY:0.5
C_PIECESQUARETABLES:0.5
C_MOBILITY:0.4977967223912186
C_KINGSAFETY:0.5029244858021122
C_PAWNSTRUCTURE:0.49460716648881564
C_PIECECOORDINATION:0.49593162695770004
C_ROOKANDPAWNMOVEMENT:0.49593162695770004
C_CENTERCONTROL:0.47793370719364997
C_DEVELOPPIECES:0.4714842060198015
C_MATERIAL:0.5129844326685912
C_MOVECOUNT:0.49818880165757445
