ELO:1002
CE_PASSEDPAWNS:0.4918065650742343
CE_PAWNWEAKNESSES:0.49989443321248916
CE_PIECEACTIVITY:0.5145858413143805
CE_KINGPAWNSHIELD:0.49086551688645647
CE_PIECECOORDINATION:0.49412446739373694
CE_MATERIAL:0.5
CE_KINGSAFETY:0.4843344654595126
C_PIECESQUARETABLES:0.5035412044919327
C_MOBILITY:0.49008186313888474
C_KINGSAFETY:0.5016887477018623
C_PAWNSTRUCTURE:0.49198527732950564
C_PIECECOORDINATION:0.5066051712999985
C_ROOKANDPAWNMOVEMENT:0.5066051712999985
C_CENTERCONTROL:0.5044079954208862
C_DEVELOPPIECES:0.4958462296418376
C_MATERIAL:0.5056870624417906
C_MOVECOUNT:0.5
