ELO:874
CE_PASSEDPAWNS:0.5984250940026027
CE_PAWNWEAKNESSES:0.47351133793687517
CE_PIECEACTIVITY:0.5113204206670517
CE_KINGPAWNSHIELD:0.5282588850915062
CE_PIECECOORDINATION:0.5060887551251448
CE_MATERIAL:0.5374381505186144
CE_KINGSAFETY:0.5
C_PIECESQUARETABLES:0.5
C_MOBILITY:0.4908201697260301
C_KINGSAFETY:0.5219896704433621
C_PAWNSTRUCTURE:0.39865918851903503
C_PIECECOORDINATION:0.4022686103782038
C_ROOKANDPAWNMOVEMENT:0.4022686103782038
C_CENTERCONTROL:0.4569043176357831
C_DEVELOPPIECES:0.5289184170256567
C_MATERIAL:0.5077707035739681
C_MOVECOUNT:0.5
