ELO:936
CE_PASSEDPAWNS:0.4942161629024938
CE_PAWNWEAKNESSES:0.4882970099177889
CE_PIECEACTIVITY:0.484398501040116
CE_KINGPAWNSHIELD:0.48381101171255003
CE_PIECECOORDINATION:0.5117938107837209
CE_MATERIAL:0.4617446800179275
CE_KINGSAFETY:0.5
C_PIECESQUARETABLES:0.5157682758553677
C_MOBILITY:0.5067018725091776
C_KINGSAFETY:0.5069248960851463
C_PAWNSTRUCTURE:0.5156539687833899
C_PIECECOORDINATION:0.4889325285657828
C_ROOK:0.5177595970642114
CE_ROOK:0.5095648208630215
C_CENTERCONTROL:0.49205838441205163
C_DEVELOPPIECES:0.49439273426148034
C_MATERIAL:0.500473428635331
C_MOVECOUNT:0.5106805400246138
C_PAWNMOVEMENT:0.5559810602693462
