ELO:1099
CE_PASSEDPAWNS:0.5
CE_PAWNWEAKNESSES:0.48501549785183723
CE_PIECEACTIVITY:0.5080142235641132
CE_KINGPAWNSHIELD:0.5173946553566114
CE_PIECECOORDINATION:0.512350908050682
CE_MATERIAL:0.4893915985208783
CE_KINGSAFETY:0.5626160547198596
C_PIECESQUARETABLES:0.4878949584195983
C_MOBILITY:0.503343182060701
C_KINGSAFETY:0.5492955281175484
C_PAWNSTRUCTURE:0.5
C_PIECECOORDINATION:0.4890164371698547
C_ROOKANDPAWNMOVEMENT:0.4890164371698547
C_CENTERCONTROL:0.5149426153860373
C_DEVELOPPIECES:0.5
C_MATERIAL:0.5
C_MOVECOUNT:0.5
