ELO:1000
CE_PASSEDPAWNS:0.5169234590538581
CE_PAWNWEAKNESSES:0.4784738660973791
CE_PIECEACTIVITY:0.5095988333051024
CE_KINGPAWNSHIELD:0.5223606055875316
CE_PIECECOORDINATION:0.4841382844339688
CE_MATERIAL:0.49832461911600556
CE_KINGSAFETY:0.49155296090431316
C_PIECESQUARETABLES:0.5030788076588466
C_MOBILITY:0.5005648712009033
C_KINGSAFETY:0.5329853134898722
C_PAWNSTRUCTURE:0.5304257620201007
C_PIECECOORDINATION:0.5529990536532845
C_ROOKANDPAWNMOVEMENT:0.5529990536532845
C_CENTERCONTROL:0.46713777682512136
C_DEVELOPPIECES:0.49915934980557247
C_MATERIAL:0.49565593291685495
