ELO:1098
CE_PASSEDPAWNS:0.4948427292618502
CE_PAWNWEAKNESSES:0.49848762376073846
CE_PIECEACTIVITY:0.49774528197449275
CE_KINGPAWNSHIELD:0.5020740837651961
CE_PIECECOORDINATION:0.5
CE_MATERIAL:0.5580156684893838
CE_KINGSAFETY:0.5
C_PIECESQUARETABLES:0.5
C_MOBILITY:0.48652779322215495
C_KINGSAFETY:0.5406822512391317
C_PAWNSTRUCTURE:0.48570401539612146
C_PIECECOORDINATION:0.4752642104033801
C_ROOKANDPAWNMOVEMENT:0.4752642104033801
C_CENTERCONTROL:0.46916395731635635
C_DEVELOPPIECES:0.45515856606073235
C_MATERIAL:0.49354454768949635
C_MOVECOUNT:0.5
