ELO:1029
CE_PASSEDPAWNS:0.49636790520781887
CE_PAWNWEAKNESSES:0.5
CE_PIECEACTIVITY:0.50850957281689
CE_KINGPAWNSHIELD:0.5
CE_PIECECOORDINATION:0.5
CE_MATERIAL:0.4943955686165634
CE_KINGSAFETY:0.5
C_PIECESQUARETABLES:0.5
C_MOBILITY:0.5
C_KINGSAFETY:0.49507145919267087
C_PAWNSTRUCTURE:0.49068017644903805
C_PIECECOORDINATION:0.5
C_ROOKANDPAWNMOVEMENT:0.5
C_CENTERCONTROL:0.49598138266359465
C_DEVELOPPIECES:0.5009328192406017
C_MATERIAL:0.5
C_MOVECOUNT:0.5
