ELO:984
CE_PASSEDPAWNS:0.5103076826463677
CE_PAWNWEAKNESSES:0.5269690804898018
CE_PIECEACTIVITY:0.505723120971169
CE_KINGPAWNSHIELD:0.4838031946479812
CE_PIECECOORDINATION:0.5220460555793276
CE_MATERIAL:0.4985134683500201
CE_KINGSAFETY:0.5024207819492262
C_PIECESQUARETABLES:0.5075902537435368
C_MOBILITY:0.5066686543022666
C_KINGSAFETY:0.5225287392063761
C_PAWNSTRUCTURE:0.5172545049275389
C_PIECECOORDINATION:0.48525746188412455
C_ROOKANDPAWNMOVEMENT:0.48525746188412455
C_CENTERCONTROL:0.5087702262327809
C_DEVELOPPIECES:0.5133973999639316
C_MATERIAL:0.4979551523710808
C_MOVECOUNT:0.48882670880509677
