ELO:1000
CE_PASSEDPAWNS:0.48867059545570063
CE_PAWNWEAKNESSES:0.5
CE_PIECEACTIVITY:0.49812529053451765
CE_KINGPAWNSHIELD:0.5
CE_PIECECOORDINATION:0.5
CE_MATERIAL:0.5
CE_KINGSAFETY:0.5
C_PIECESQUARETABLES:0.5035412044919327
C_MOBILITY:0.5
C_KINGSAFETY:0.5016887477018623
C_PAWNSTRUCTURE:0.5
C_PIECECOORDINATION:0.5
C_ROOKANDPAWNMOVEMENT:0.5
C_CENTERCONTROL:0.499201187204289
C_DEVELOPPIECES:0.5
C_MATERIAL:0.5056870624417906
C_MOVECOUNT:0.5
