ELO:978
CE_PASSEDPAWNS:0.5078530491409909
CE_PAWNWEAKNESSES:0.5012016313671733
CE_PIECEACTIVITY:0.4996159376696487
CE_KINGPAWNSHIELD:0.5083374002857202
CE_PIECECOORDINATION:0.5084756771731632
CE_MATERIAL:0.4897613227869752
CE_KINGSAFETY:0.5
C_PIECESQUARETABLES:0.5
C_MOBILITY:0.484073271774865
C_KINGSAFETY:0.516543495663227
C_PAWNSTRUCTURE:0.489733680448783
C_PIECECOORDINATION:0.4882070917268559
C_ROOKANDPAWNMOVEMENT:0.4882070917268559
C_CENTERCONTROL:0.5087702262327809
C_DEVELOPPIECES:0.5048760389203079
C_MATERIAL:0.5056726141031912
C_MOVECOUNT:0.49438573394057445
