ELO:964
CE_PASSEDPAWNS:0.5103161639493992
CE_PAWNWEAKNESSES:0.4861401083714264
CE_PIECEACTIVITY:0.4689279325782766
CE_KINGPAWNSHIELD:0.47647378288230474
CE_PIECECOORDINATION:0.48133559487072836
CE_MATERIAL:0.444057280034298
CE_KINGSAFETY:0.5
C_PIECESQUARETABLES:0.5
C_MOBILITY:0.5028659548124859
C_KINGSAFETY:0.4982798745520168
C_PAWNSTRUCTURE:0.4827992448182971
C_PIECECOORDINATION:0.4529942842160788
C_ROOK:0.5275317271734614
CE_ROOK:0.5134779895946997
C_CENTERCONTROL:0.4970471480282517
C_DEVELOPPIECES:0.4725392814220831
C_MATERIAL:0.49761466576665914
C_MOVECOUNT:0.5039469934295348
C_PAWNMOVEMENT:0.5861181622768259
