ELO:918
CE_PASSEDPAWNS:0.4713093651240899
CE_PAWNWEAKNESSES:0.47574464446880094
CE_PIECEACTIVITY:0.4899201955319232
CE_KINGPAWNSHIELD:0.38288423847524455
CE_PIECECOORDINATION:0.5112209391459012
CE_MATERIAL:0.5157008710228054
CE_KINGSAFETY:0.476357278803927
C_PIECESQUARETABLES:0.5379690816914927
C_MOBILITY:0.45362582175633515
C_KINGSAFETY:0.5435376566185798
C_PAWNSTRUCTURE:0.5722378763767384
C_PIECECOORDINATION:0.48159666378726085
C_ROOKANDPAWNMOVEMENT:0.48159666378726085
C_CENTERCONTROL:0.5073318738809192
C_DEVELOPPIECES:0.5219686020109687
C_MATERIAL:0.5055835000404472
C_MOVECOUNT:0.44795987277820953
