ELO:1045
CE_PASSEDPAWNS:0.497735122015971
CE_PAWNWEAKNESSES:0.4978676711671742
CE_PIECEACTIVITY:0.5
CE_KINGPAWNSHIELD:0.5047246334682637
CE_PIECECOORDINATION:0.5
CE_MATERIAL:0.49608796743247224
CE_KINGSAFETY:0.5
C_PIECESQUARETABLES:0.5
C_MOBILITY:0.5
C_KINGSAFETY:0.5
C_PAWNSTRUCTURE:0.5
C_PIECECOORDINATION:0.505616472657829
C_ROOKANDPAWNMOVEMENT:0.505616472657829
C_CENTERCONTROL:0.50516427937247
C_DEVELOPPIECES:0.5028598479655322
C_MATERIAL:0.5068240773018599
C_MOVECOUNT:0.5045827812539575
