ELO:1000
CE_PASSEDPAWNS:0.44875543122316064
CE_PAWNWEAKNESSES:0.4677470350973691
CE_PIECEACTIVITY:0.4953496332794339
CE_KINGPAWNSHIELD:0.4867403190662149
CE_PIECECOORDINATION:0.5025052328872232
CE_MATERIAL:0.4845040534724865
CE_KINGSAFETY:0.46354357021330256
C_PIECESQUARETABLES:0.4683429853461438
C_MOBILITY:0.5305310479032632
C_KINGSAFETY:0.480588564557434
C_PAWNSTRUCTURE:0.4856227186497858
C_PIECECOORDINATION:0.4727391544201536
C_ROOKANDPAWNMOVEMENT:0.4727391544201536
C_CENTERCONTROL:0.5179018822296604
C_DEVELOPPIECES:0.4665267842578764
C_MATERIAL:0.5114505006258705
