ELO:953
CE_PASSEDPAWNS:0.5892554732449263
CE_PAWNWEAKNESSES:0.4083758925914055
CE_PIECEACTIVITY:0.501768592182861
CE_KINGPAWNSHIELD:0.45218036623774455
CE_PIECECOORDINATION:0.39144545392821933
CE_MATERIAL:0.40291063989049336
CE_KINGSAFETY:0.49025195910984054
C_PIECESQUARETABLES:0.5268489612847027
C_MOBILITY:0.5210525008490444
C_KINGSAFETY:0.5384097491035467
C_PAWNSTRUCTURE:0.4474208645074709
C_PIECECOORDINATION:0.49632371617487153
C_ROOKANDPAWNMOVEMENT:0.49632371617487153
C_CENTERCONTROL:0.527810622600645
C_DEVELOPPIECES:0.5717925854047227
C_MATERIAL:0.45791600867249455
