ELO:1000
CE_PASSEDPAWNS:0.4917894679056749
CE_PAWNWEAKNESSES:0.488678744654899
CE_PIECEACTIVITY:0.5004994683889052
CE_KINGPAWNSHIELD:0.5
CE_PIECECOORDINATION:0.49591290070673266
CE_MATERIAL:0.49247165593548514
CE_KINGSAFETY:0.4993068254589123
C_PIECESQUARETABLES:0.499433990115544
C_MOBILITY:0.5
C_KINGSAFETY:0.5
C_PAWNSTRUCTURE:0.4934633126893534
C_PIECECOORDINATION:0.5054467015687198
C_ROOKANDPAWNMOVEMENT:0.5054467015687198
C_CENTERCONTROL:0.49951183972573265
C_DEVELOPPIECES:0.5
C_MATERIAL:0.5
