ELO:948
CE_PASSEDPAWNS:0.4942161629024938
CE_PAWNWEAKNESSES:0.4882970099177889
CE_PIECEACTIVITY:0.4889866336780306
CE_KINGPAWNSHIELD:0.49602591953629904
CE_PIECECOORDINATION:0.5117938107837209
CE_MATERIAL:0.4723573497862486
CE_KINGSAFETY:0.5
C_PIECESQUARETABLES:0.5157682758553677
C_MOBILITY:0.5067018725091776
C_KINGSAFETY:0.5027929679374749
C_PAWNSTRUCTURE:0.5156539687833899
C_PIECECOORDINATION:0.4889325285657828
C_ROOK:0.5177595970642114
CE_ROOK:0.5095648208630215
C_CENTERCONTROL:0.49446589516212336
C_DEVELOPPIECES:0.4920936568582334
C_MATERIAL:0.500473428635331
C_MOVECOUNT:0.5106805400246138
C_PAWNMOVEMENT:0.5464528054116643
