ELO:998
CE_PASSEDPAWNS:0.39986350013518723
CE_PAWNWEAKNESSES:0.49105049373531007
CE_PIECEACTIVITY:0.45792378675271234
CE_KINGPAWNSHIELD:0.5025714091506255
CE_PIECECOORDINATION:0.5638848065055602
CE_MATERIAL:0.5035732116119827
CE_KINGSAFETY:0.5043513675997574
C_PIECESQUARETABLES:0.5
C_MOBILITY:0.5426421628762587
C_KINGSAFETY:0.4941607583838079
C_PAWNSTRUCTURE:0.4751520376029017
C_PIECECOORDINATION:0.47385206849859823
C_ROOKANDPAWNMOVEMENT:0.47385206849859823
C_CENTERCONTROL:0.5420269129129963
C_DEVELOPPIECES:0.45131276322388497
C_MATERIAL:0.5807475307312722
