ELO:951
CE_PASSEDPAWNS:0.42878196224749626
CE_PAWNWEAKNESSES:0.4476519094145142
CE_PIECEACTIVITY:0.45911612615194275
CE_KINGPAWNSHIELD:0.4846744801593402
CE_PIECECOORDINATION:0.5652598805861002
CE_MATERIAL:0.44385856433487203
CE_KINGSAFETY:0.5087401903489099
C_PIECESQUARETABLES:0.5044011613810828
C_MOBILITY:0.5752808242205592
C_KINGSAFETY:0.4862519521158243
C_PAWNSTRUCTURE:0.4628963140199484
C_PIECECOORDINATION:0.4503462882160168
C_ROOKANDPAWNMOVEMENT:0.4503462882160168
C_CENTERCONTROL:0.5564378797395044
C_DEVELOPPIECES:0.43546532420960893
C_MATERIAL:0.5718165641589873
