ELO:985
CE_PASSEDPAWNS:0.4994415805030238
CE_PAWNWEAKNESSES:0.49989443321248916
CE_PIECEACTIVITY:0.505723120971169
CE_KINGPAWNSHIELD:0.4838031946479812
CE_PIECECOORDINATION:0.49111559188108367
CE_MATERIAL:0.4985134683500201
CE_KINGSAFETY:0.4898968284971148
C_PIECESQUARETABLES:0.5075902537435368
C_MOBILITY:0.5066686543022666
C_KINGSAFETY:0.5225287392063761
C_PAWNSTRUCTURE:0.5172545049275389
C_PIECECOORDINATION:0.48525746188412455
C_ROOKANDPAWNMOVEMENT:0.48525746188412455
C_CENTERCONTROL:0.496115902150667
C_DEVELOPPIECES:0.5
C_MATERIAL:0.4769260768852571
C_MOVECOUNT:0.5
