ELO:972
CE_PASSEDPAWNS:0.505483718236657
CE_PAWNWEAKNESSES:0.4821205881080008
CE_PIECEACTIVITY:0.4805622740606873
CE_KINGPAWNSHIELD:0.48649471725849536
CE_PIECECOORDINATION:0.5058026079310943
CE_MATERIAL:0.4395646206605838
CE_KINGSAFETY:0.5
C_PIECESQUARETABLES:0.515222361862488
C_MOBILITY:0.5005791331605167
C_KINGSAFETY:0.5017536723999682
C_PAWNSTRUCTURE:0.5054162990032812
C_PIECECOORDINATION:0.45744822287994813
C_ROOK:0.5287544846258562
CE_ROOK:0.5173733922596596
C_CENTERCONTROL:0.49063496376416393
C_DEVELOPPIECES:0.4848223294244576
C_MATERIAL:0.49572608519176364
C_MOVECOUNT:0.5047825359515472
C_PAWNMOVEMENT:0.5874779695007483
