ELO:925
CE_PASSEDPAWNS:0.39399014154008244
CE_PAWNWEAKNESSES:0.4818833392869751
CE_PIECEACTIVITY:0.49477263882448747
CE_KINGPAWNSHIELD:0.4660275812901855
CE_PIECECOORDINATION:0.5541372805416593
CE_MATERIAL:0.4324169123232906
CE_KINGSAFETY:0.5182816018858172
C_PIECESQUARETABLES:0.43844507231213353
C_MOBILITY:0.5883807840268247
C_KINGSAFETY:0.4809963049609938
C_PAWNSTRUCTURE:0.48486559058599743
C_PIECECOORDINATION:0.4613676666075578
C_ROOKANDPAWNMOVEMENT:0.4613676666075578
C_CENTERCONTROL:0.5603750989079291
C_DEVELOPPIECES:0.44084998586257085
C_MATERIAL:0.5879227069635433
