ELO:969
CE_PASSEDPAWNS:0.505483718236657
CE_PAWNWEAKNESSES:0.49016789890093404
CE_PIECEACTIVITY:0.4879441712003779
CE_KINGPAWNSHIELD:0.4749116584497513
CE_PIECECOORDINATION:0.493131693553006
CE_MATERIAL:0.44914199702464097
CE_KINGSAFETY:0.5
C_PIECESQUARETABLES:0.5041002284021048
C_MOBILITY:0.4996633196421822
C_KINGSAFETY:0.5017536723999682
C_PAWNSTRUCTURE:0.48879946095846927
C_PIECECOORDINATION:0.45744822287994813
C_ROOK:0.5245529226600725
CE_ROOK:0.529284484576188
C_CENTERCONTROL:0.4855995671371208
C_DEVELOPPIECES:0.47279292721940397
C_MATERIAL:0.49572608519176364
C_MOVECOUNT:0.5047825359515472
C_PAWNMOVEMENT:0.5861181622768259
