ELO:866
CE_PASSEDPAWNS:0.5025742020892028
CE_PAWNWEAKNESSES:0.49461594189344
CE_PIECEACTIVITY:0.45701344819875955
CE_KINGPAWNSHIELD:0.46673644891072463
CE_PIECECOORDINATION:0.471719917410903
CE_MATERIAL:0.461666398899074
CE_KINGSAFETY:0.5
C_PIECESQUARETABLES:0.48400976784818006
C_MOBILITY:0.49145531068588094
C_KINGSAFETY:0.48593006609256945
C_PAWNSTRUCTURE:0.4715119804085929
C_PIECECOORDINATION:0.4481579862101855
C_ROOK:0.5244666738285995
CE_ROOK:0.5338707432363036
C_CENTERCONTROL:0.5147769204194197
C_DEVELOPPIECES:0.485628325643001
C_MATERIAL:0.5184796986449001
C_MOVECOUNT:0.4936405391821405
C_PAWNMOVEMENT:0.5863712837005002
