ELO:1033
CE_PASSEDPAWNS:0.5
CE_PAWNWEAKNESSES:0.5
CE_PIECEACTIVITY:0.5043416020268968
CE_KINGPAWNSHIELD:0.5153175121315582
CE_PIECECOORDINATION:0.5004102911061472
CE_MATERIAL:0.5002522979308158
CE_KINGSAFETY:0.49578470596486063
C_PIECESQUARETABLES:0.5088147116555093
C_MOBILITY:0.5014167575456419
C_KINGSAFETY:0.487823238451353
C_PAWNSTRUCTURE:0.5
C_PIECECOORDINATION:0.4979864964159363
C_ROOKANDPAWNMOVEMENT:0.4979864964159363
C_CENTERCONTROL:0.47274590966542235
C_DEVELOPPIECES:0.4917967320594953
C_MATERIAL:0.49184205355148114
C_MOVECOUNT:0.4784680698669649
