ELO:990
CE_PASSEDPAWNS:0.5277288571395565
CE_PAWNWEAKNESSES:0.4747266971979074
CE_PIECEACTIVITY:0.5318813154843546
CE_KINGPAWNSHIELD:0.5400319081041749
CE_PIECECOORDINATION:0.4855419951479778
CE_MATERIAL:0.4694181679613265
CE_KINGSAFETY:0.5
C_PIECESQUARETABLES:0.5112414505457569
C_MOBILITY:0.5723878692366627
C_KINGSAFETY:0.5250912115677565
C_PAWNSTRUCTURE:0.4587756657464626
C_PIECECOORDINATION:0.49481266204964397
C_ROOKANDPAWNMOVEMENT:0.49481266204964397
C_CENTERCONTROL:0.3610602294321343
C_DEVELOPPIECES:0.4354212939766876
C_MATERIAL:0.6234991122067586
