ELO:1000
CE_PASSEDPAWNS:0.5451616138219517
CE_PAWNWEAKNESSES:0.4486115765595955
CE_PIECEACTIVITY:0.4698308042801482
CE_KINGPAWNSHIELD:0.4916852062405932
CE_PIECECOORDINATION:0.4915296722986239
CE_MATERIAL:0.4868208352191041
CE_KINGSAFETY:0.5146688655361212
C_PIECESQUARETABLES:0.4954906951506244
C_MOBILITY:0.5099468024340074
C_KINGSAFETY:0.5333043418650428
C_PAWNSTRUCTURE:0.5095447116033616
C_PIECECOORDINATION:0.5515454219730956
C_ROOKANDPAWNMOVEMENT:0.5515454219730956
C_CENTERCONTROL:0.4860100853629961
C_DEVELOPPIECES:0.5112741464541928
C_MATERIAL:0.4417731638219695
