ELO:1074
CE_PASSEDPAWNS:0.48640145323612977
CE_PAWNWEAKNESSES:0.42192523370146445
CE_PIECEACTIVITY:0.4578510036333676
CE_KINGPAWNSHIELD:0.5173946553566114
CE_PIECECOORDINATION:0.4868673388183917
CE_MATERIAL:0.49744216825713583
CE_KINGSAFETY:0.5
C_PIECESQUARETABLES:0.5
C_MOBILITY:0.4071152366177097
C_KINGSAFETY:0.5219717141548147
C_PAWNSTRUCTURE:0.37054878735547075
C_PIECECOORDINATION:0.47805107828139126
C_ROOKANDPAWNMOVEMENT:0.47805107828139126
C_CENTERCONTROL:0.4907161317278509
C_DEVELOPPIECES:0.5
C_MATERIAL:0.47306175763564134
C_MOVECOUNT:0.5
