ELO:1000
CE_PASSEDPAWNS:0.48916857164411387
CE_PAWNWEAKNESSES:0.46083844763633036
CE_PIECEACTIVITY:0.48299738178905505
CE_KINGPAWNSHIELD:0.5010344540807483
CE_PIECECOORDINATION:0.503157410331519
CE_MATERIAL:0.47174051849600157
CE_KINGSAFETY:0.47619984821277983
C_PIECESQUARETABLES:0.49383405289543225
C_MOBILITY:0.5158210469035712
C_KINGSAFETY:0.4915477749389621
C_PAWNSTRUCTURE:0.4934633126893534
C_PIECECOORDINATION:0.5066436639654923
C_ROOKANDPAWNMOVEMENT:0.5066436639654923
C_CENTERCONTROL:0.4891333268509966
C_DEVELOPPIECES:0.48904187697589974
C_MATERIAL:0.5216893262231267
