ELO:1013
CE_PASSEDPAWNS:0.5154506447492598
CE_PAWNWEAKNESSES:0.5086423660587673
CE_PIECEACTIVITY:0.4877509153427432
CE_KINGPAWNSHIELD:0.5059816464692537
CE_PIECECOORDINATION:0.5097626629793832
CE_MATERIAL:0.5098163947219067
CE_KINGSAFETY:0.5000940273106845
C_PIECESQUARETABLES:0.5
C_MOBILITY:0.5048507959884607
C_KINGSAFETY:0.4910465737165832
C_PAWNSTRUCTURE:0.5
C_PIECECOORDINATION:0.5
C_ROOKANDPAWNMOVEMENT:0.5
C_CENTERCONTROL:0.5
C_DEVELOPPIECES:0.48752588760508586
C_MATERIAL:0.5032033109355711
C_MOVECOUNT:0.5
