ELO:774
CE_PASSEDPAWNS:0.5176385120026553
CE_PAWNWEAKNESSES:0.494559031824939
CE_PIECEACTIVITY:0.45510603776135145
CE_KINGPAWNSHIELD:0.45578357567929473
CE_PIECECOORDINATION:0.4248270382151207
CE_MATERIAL:0.4440365187840802
CE_KINGSAFETY:0.48725990480915354
C_PIECESQUARETABLES:0.5074967713873715
C_MOBILITY:0.44629576710638835
C_KINGSAFETY:0.48625241382640577
C_PAWNSTRUCTURE:0.46470308933149806
C_PIECECOORDINATION:0.4430895450296326
C_ROOK:0.5395589058843052
CE_ROOK:0.5571041088121224
C_CENTERCONTROL:0.5284013412424653
C_DEVELOPPIECES:0.4922800604823024
C_MATERIAL:0.48493260771991104
C_MOVECOUNT:0.4850594393657024
C_PAWNMOVEMENT:0.6081401848766267
