ELO:1000
CE_PASSEDPAWNS:0.5215848130524026
CE_PAWNWEAKNESSES:0.5197317451797735
CE_PIECEACTIVITY:0.502173777784853
CE_KINGPAWNSHIELD:0.4545157966211575
CE_PIECECOORDINATION:0.3998589438916869
CE_MATERIAL:0.5069902394333339
CE_KINGSAFETY:0.5006954306688199
C_PIECESQUARETABLES:0.5074152799405358
C_MOBILITY:0.43727765458675727
C_KINGSAFETY:0.47951247412656434
C_PAWNSTRUCTURE:0.5401646954248304
C_PIECECOORDINATION:0.43404015260635687
C_ROOKANDPAWNMOVEMENT:0.43404015260635687
C_CENTERCONTROL:0.4580066521029658
C_DEVELOPPIECES:0.5046514591580008
C_MATERIAL:0.5831993282572715
