ELO:971
CE_PASSEDPAWNS:0.5001627123762505
CE_PAWNWEAKNESSES:0.5098614816485854
CE_PIECEACTIVITY:0.533980832199849
CE_KINGPAWNSHIELD:0.4764972485163524
CE_PIECECOORDINATION:0.5343324228066855
CE_MATERIAL:0.5368512189943786
CE_KINGSAFETY:0.49505406076679653
C_PIECESQUARETABLES:0.5
C_MOBILITY:0.5228640022238735
C_KINGSAFETY:0.5243848052636471
C_PAWNSTRUCTURE:0.5347342040896074
C_PIECECOORDINATION:0.5052027164082932
C_ROOK:0.5224586549321475
CE_ROOK:0.4886819716318611
C_CENTERCONTROL:0.5159170609709347
C_DEVELOPPIECES:0.5064310877314293
C_MATERIAL:0.4788564344845853
C_MOVECOUNT:0.4883094125499912
C_PAWNMOVEMENT:0.5296747992354722
