ELO:987
CE_PASSEDPAWNS:0.4749830672726763
CE_PAWNWEAKNESSES:0.46445334382934367
CE_PIECEACTIVITY:0.522857609754833
CE_KINGPAWNSHIELD:0.4662986907521495
CE_PIECECOORDINATION:0.48290020915197623
CE_MATERIAL:0.5384754999622366
CE_KINGSAFETY:0.5
C_PIECESQUARETABLES:0.5
C_MOBILITY:0.5014640266235872
C_KINGSAFETY:0.4925469210949234
C_PAWNSTRUCTURE:0.45524445987419304
C_PIECECOORDINATION:0.5007055499119479
C_ROOK:0.5182859008400511
CE_ROOK:0.49750039337552343
C_CENTERCONTROL:0.4981043461682603
C_DEVELOPPIECES:0.5022918890320295
C_MATERIAL:0.48436583696894464
C_MOVECOUNT:0.5011422059607505
C_PAWNMOVEMENT:0.5072186104954414
