ELO:998
CE_PASSEDPAWNS:0.5308485851901152
CE_PAWNWEAKNESSES:0.4955251868796715
CE_PIECEACTIVITY:0.501232375416602
CE_KINGPAWNSHIELD:0.4413183031016855
CE_PIECECOORDINATION:0.41921934776018427
CE_MATERIAL:0.4979091626606554
CE_KINGSAFETY:0.497044963278753
C_PIECESQUARETABLES:0.5068431960026313
C_MOBILITY:0.45235484496223616
C_KINGSAFETY:0.4811977031671208
C_PAWNSTRUCTURE:0.5552164932098451
C_PIECECOORDINATION:0.4419144096261521
C_ROOKANDPAWNMOVEMENT:0.4419144096261521
C_CENTERCONTROL:0.46857413540447285
C_DEVELOPPIECES:0.4883525267487972
C_MATERIAL:0.6139775477432585
