ELO:963
CE_PASSEDPAWNS:0.5502036534748415
CE_PAWNWEAKNESSES:0.48632492679169365
CE_PIECEACTIVITY:0.46976602279499907
CE_KINGPAWNSHIELD:0.5
CE_PIECECOORDINATION:0.5636056708566783
CE_MATERIAL:0.48286038001080117
CE_KINGSAFETY:0.49808609594878894
C_PIECESQUARETABLES:0.5
C_MOBILITY:0.5370997551778378
C_KINGSAFETY:0.4496226854322513
C_PAWNSTRUCTURE:0.46589502293215124
C_PIECECOORDINATION:0.5070663990972576
C_ROOKANDPAWNMOVEMENT:0.5070663990972576
C_CENTERCONTROL:0.4898585036154471
C_DEVELOPPIECES:0.5025841193992155
C_MATERIAL:0.5036234129710373
C_MOVECOUNT:0.5
