ELO:949
CE_PASSEDPAWNS:0.5158004557130044
CE_PAWNWEAKNESSES:0.48315735789695075
CE_PIECEACTIVITY:0.5193155481652147
CE_KINGPAWNSHIELD:0.4092176503953565
CE_PIECECOORDINATION:0.3348361644871831
CE_MATERIAL:0.5046104514948662
CE_KINGSAFETY:0.4744891392461485
C_PIECESQUARETABLES:0.4910043186910151
C_MOBILITY:0.4641922642801567
C_KINGSAFETY:0.40429217120877814
C_PAWNSTRUCTURE:0.6164857576990214
C_PIECECOORDINATION:0.36624950397455247
C_ROOKANDPAWNMOVEMENT:0.36624950397455247
C_CENTERCONTROL:0.4751404886555365
C_DEVELOPPIECES:0.4453571791162253
C_MATERIAL:0.6621766063122707
