ELO:1000
CE_PASSEDPAWNS:0.5
CE_PAWNWEAKNESSES:0.4867298199490686
CE_PIECEACTIVITY:0.5
CE_KINGPAWNSHIELD:0.5050669649343468
CE_PIECECOORDINATION:0.5
CE_MATERIAL:0.5033655207135117
CE_KINGSAFETY:0.5018739762459277
C_PIECESQUARETABLES:0.4971806544231436
C_MOBILITY:0.506557551133127
C_KINGSAFETY:0.516214619572313
C_PAWNSTRUCTURE:0.5030251623313007
C_PIECECOORDINATION:0.5148041721973231
C_ROOKANDPAWNMOVEMENT:0.5148041721973231
C_CENTERCONTROL:0.4960566743432665
C_DEVELOPPIECES:0.5
C_MATERIAL:0.49000326006167466
