ELO:986
CE_PASSEDPAWNS:0.5
CE_PAWNWEAKNESSES:0.5019340741494006
CE_PIECEACTIVITY:0.5
CE_KINGPAWNSHIELD:0.5000463898374801
CE_PIECECOORDINATION:0.5
CE_MATERIAL:0.5058282810349065
CE_KINGSAFETY:0.5
C_PIECESQUARETABLES:0.488135291975408
C_MOBILITY:0.5
C_KINGSAFETY:0.5
C_PAWNSTRUCTURE:0.49007943394423076
C_PIECECOORDINATION:0.5097186385842857
C_ROOKANDPAWNMOVEMENT:0.5097186385842857
C_CENTERCONTROL:0.5097089286759533
C_DEVELOPPIECES:0.5131893451038912
C_MATERIAL:0.5014934813261801
C_MOVECOUNT:0.5
