ELO:992
CE_PASSEDPAWNS:0.49666089684015446
CE_PAWNWEAKNESSES:0.528696805452044
CE_PIECEACTIVITY:0.5050141477033739
CE_KINGPAWNSHIELD:0.4821638276013704
CE_PIECECOORDINATION:0.48290020915197623
CE_MATERIAL:0.5
CE_KINGSAFETY:0.5
C_PIECESQUARETABLES:0.5
C_MOBILITY:0.4979335609091218
C_KINGSAFETY:0.5018360826401095
C_PAWNSTRUCTURE:0.4969564328498859
C_PIECECOORDINATION:0.5266591127413877
C_ROOK:0.5297210892489224
CE_ROOK:0.49750039337552343
C_CENTERCONTROL:0.4779227380787176
C_DEVELOPPIECES:0.49539531084576294
C_MATERIAL:0.4978718195360708
C_MOVECOUNT:0.4790804045958373
C_PAWNMOVEMENT:0.47449648882613543
