ELO:976
CE_PASSEDPAWNS:0.5160763315016921
CE_PAWNWEAKNESSES:0.5519077950593172
CE_PIECEACTIVITY:0.5330980842186142
CE_KINGPAWNSHIELD:0.519186970517368
CE_PIECECOORDINATION:0.49731392053357226
CE_MATERIAL:0.49619141452861865
CE_KINGSAFETY:0.5
C_PIECESQUARETABLES:0.5
C_MOBILITY:0.5013590634283139
C_KINGSAFETY:0.5010525877093442
C_PAWNSTRUCTURE:0.4999913064472185
C_PIECECOORDINATION:0.5120601343050147
C_ROOK:0.48193751984178057
CE_ROOK:0.5093828115605764
C_CENTERCONTROL:0.48913297747930484
C_DEVELOPPIECES:0.4761905785399772
C_MATERIAL:0.48309096684905645
C_MOVECOUNT:0.5111156949169828
C_PAWNMOVEMENT:0.4979153639216027
