ELO:960
CE_PASSEDPAWNS:0.5
CE_PAWNWEAKNESSES:0.48401421551645973
CE_PIECEACTIVITY:0.5154636837533176
CE_KINGPAWNSHIELD:0.48804183755500213
CE_PIECECOORDINATION:0.506049169082692
CE_MATERIAL:0.4960451843664522
CE_KINGSAFETY:0.5226188362916329
C_PIECESQUARETABLES:0.5013357065363211
C_MOBILITY:0.5161098195857788
C_KINGSAFETY:0.5066461461906167
C_PAWNSTRUCTURE:0.5295766072617785
C_PIECECOORDINATION:0.5060088547111912
C_ROOKANDPAWNMOVEMENT:0.5060088547111912
C_CENTERCONTROL:0.5171364845092576
C_DEVELOPPIECES:0.5068393462825627
C_MATERIAL:0.5122423427561681
C_MOVECOUNT:0.5
