ELO:974
CE_PASSEDPAWNS:0.4763936188547502
CE_PAWNWEAKNESSES:0.4896416216882725
CE_PIECEACTIVITY:0.47587326128542845
CE_KINGPAWNSHIELD:0.5
CE_PIECECOORDINATION:0.49566404016540494
CE_MATERIAL:0.5177950108560335
CE_KINGSAFETY:0.5050266129328662
C_PIECESQUARETABLES:0.47211190627442745
C_MOBILITY:0.5135394168057317
C_KINGSAFETY:0.5147608128062897
C_PAWNSTRUCTURE:0.5231483339442388
C_PIECECOORDINATION:0.5041382701518351
C_ROOKANDPAWNMOVEMENT:0.5041382701518351
C_CENTERCONTROL:0.4807274652171481
C_DEVELOPPIECES:0.4866588981184632
C_MATERIAL:0.5362166526425242
C_MOVECOUNT:0.5
