ELO:1000
CE_PASSEDPAWNS:0.49165987752419604
CE_PAWNWEAKNESSES:0.5
CE_PIECEACTIVITY:0.49797805782295657
CE_KINGPAWNSHIELD:0.4949056408789868
CE_PIECECOORDINATION:0.48224763729393716
CE_MATERIAL:0.48869278299423297
CE_KINGSAFETY:0.5079702418327929
C_PIECESQUARETABLES:0.4927206161945214
C_MOBILITY:0.4927118421608245
C_KINGSAFETY:0.5
C_PAWNSTRUCTURE:0.4815819816688737
C_PIECECOORDINATION:0.48606470233730126
C_ROOKANDPAWNMOVEMENT:0.48606470233730126
C_CENTERCONTROL:0.507410061903975
C_DEVELOPPIECES:0.5057499893557001
C_MATERIAL:0.5106468800063284
