ELO:930
CE_PASSEDPAWNS:0.461287949412818
CE_PAWNWEAKNESSES:0.5703305562412103
CE_PIECEACTIVITY:0.4284414782987323
CE_KINGPAWNSHIELD:0.4382262593442687
CE_PIECECOORDINATION:0.3947251382661
CE_MATERIAL:0.5040304718713426
CE_KINGSAFETY:0.520969061006169
C_PIECESQUARETABLES:0.5080723672769193
C_MOBILITY:0.5031097988843813
C_KINGSAFETY:0.5421558477913594
C_PAWNSTRUCTURE:0.36702175089139366
C_PIECECOORDINATION:0.6912034390864247
C_ROOKANDPAWNMOVEMENT:0.6912034390864247
C_CENTERCONTROL:0.5656446956028235
C_DEVELOPPIECES:0.373418049819466
C_MATERIAL:0.4960731710646047
