ELO:1000
CE_PASSEDPAWNS:0.4693048708707099
CE_PAWNWEAKNESSES:0.49639494102967496
CE_PIECEACTIVITY:0.49666231181771053
CE_KINGPAWNSHIELD:0.467274852211666
CE_PIECECOORDINATION:0.49539740497800067
CE_MATERIAL:0.5133883155108474
CE_KINGSAFETY:0.5336398537269927
C_PIECESQUARETABLES:0.4856967844924226
C_MOBILITY:0.518778809489611
C_KINGSAFETY:0.5008729309819691
C_PAWNSTRUCTURE:0.42047198987682183
C_PIECECOORDINATION:0.6052750045472918
C_ROOKANDPAWNMOVEMENT:0.6052750045472918
C_CENTERCONTROL:0.5305605905688352
C_DEVELOPPIECES:0.45612141980219495
C_MATERIAL:0.5237950370439681
