ELO:1080
CE_PASSEDPAWNS:0.442778421640529
CE_PAWNWEAKNESSES:0.4950441222928321
CE_PIECEACTIVITY:0.5822554920959389
CE_KINGPAWNSHIELD:0.4545535250516409
CE_PIECECOORDINATION:0.4815969862690724
CE_MATERIAL:0.40065854091306913
CE_KINGSAFETY:0.5
C_PIECESQUARETABLES:0.5
C_MOBILITY:0.4455170774255024
C_KINGSAFETY:0.5923964095128973
C_PAWNSTRUCTURE:0.43643198815151046
C_PIECECOORDINATION:0.36062421724656424
C_ROOKANDPAWNMOVEMENT:0.36062421724656424
C_CENTERCONTROL:0.49771421110033714
C_DEVELOPPIECES:0.584409735659062
C_MATERIAL:0.41499913768255164
