ELO:987
CE_PASSEDPAWNS:0.5500602927622127
CE_PAWNWEAKNESSES:0.4819385985373951
CE_PIECEACTIVITY:0.46999477234549847
CE_KINGPAWNSHIELD:0.42052997702713246
CE_PIECECOORDINATION:0.3929716448361099
CE_MATERIAL:0.5125265669149777
CE_KINGSAFETY:0.5007094276957853
C_PIECESQUARETABLES:0.513354819468978
C_MOBILITY:0.46510852404607195
C_KINGSAFETY:0.44908321759078434
C_PAWNSTRUCTURE:0.5506455502843094
C_PIECECOORDINATION:0.41409357129936086
C_ROOKANDPAWNMOVEMENT:0.41409357129936086
C_CENTERCONTROL:0.4712634269196004
C_DEVELOPPIECES:0.4801482404506581
C_MATERIAL:0.6271477537654919
