ELO:949
CE_PASSEDPAWNS:0.5147963968990805
CE_PAWNWEAKNESSES:0.4597319962510438
CE_PIECEACTIVITY:0.5050264502532466
CE_KINGPAWNSHIELD:0.43863205257801063
CE_PIECECOORDINATION:0.3619847524690566
CE_MATERIAL:0.5087696201345413
CE_KINGSAFETY:0.5469373287344669
C_PIECESQUARETABLES:0.5084442669777958
C_MOBILITY:0.48220805924658733
C_KINGSAFETY:0.4389387539968063
C_PAWNSTRUCTURE:0.6020598702688967
C_PIECECOORDINATION:0.35885085453725796
C_ROOKANDPAWNMOVEMENT:0.35885085453725796
C_CENTERCONTROL:0.5029791247121804
C_DEVELOPPIECES:0.4031452462352107
C_MATERIAL:0.6333278226234424
