ELO:920
CE_PASSEDPAWNS:0.47714227760537525
CE_PAWNWEAKNESSES:0.4365286051483071
CE_PIECEACTIVITY:0.5915472408897423
CE_KINGPAWNSHIELD:0.5018964555622304
CE_PIECECOORDINATION:0.520512080371879
CE_MATERIAL:0.4990122579976285
CE_KINGSAFETY:0.5
C_PIECESQUARETABLES:0.4066775697482532
C_MOBILITY:0.4706185637408011
C_KINGSAFETY:0.5278102250079605
C_PAWNSTRUCTURE:0.4747542039154976
C_PIECECOORDINATION:0.502804152353237
C_ROOKANDPAWNMOVEMENT:0.502804152353237
C_CENTERCONTROL:0.4764859242209556
C_DEVELOPPIECES:0.4459092101776614
C_MATERIAL:0.456824558223766
C_MOVECOUNT:0.5
