ELO:935
CE_PASSEDPAWNS:0.5166834370487867
CE_PAWNWEAKNESSES:0.4784865726183983
CE_PIECEACTIVITY:0.49098459425366886
CE_KINGPAWNSHIELD:0.4906046322312518
CE_PIECECOORDINATION:0.48100743313662503
CE_MATERIAL:0.4850935363532324
CE_KINGSAFETY:0.539600901527429
C_PIECESQUARETABLES:0.5335923514621715
C_MOBILITY:0.5371954830205716
C_KINGSAFETY:0.4907649527372579
C_PAWNSTRUCTURE:0.48349822350784505
C_PIECECOORDINATION:0.5128902520068475
C_ROOKANDPAWNMOVEMENT:0.5128902520068475
C_CENTERCONTROL:0.5190920622152981
C_DEVELOPPIECES:0.5444812784571741
C_MATERIAL:0.5017559860039775
