ELO:988
CE_PASSEDPAWNS:0.4894985142377166
CE_PAWNWEAKNESSES:0.4953800430266532
CE_PIECEACTIVITY:0.4791422965900773
CE_KINGPAWNSHIELD:0.5
CE_PIECECOORDINATION:0.47731039537337755
CE_MATERIAL:0.4659111715581138
CE_KINGSAFETY:0.5
C_PIECESQUARETABLES:0.49787894789047943
C_MOBILITY:0.47601702317990796
C_KINGSAFETY:0.5061612982313305
C_PAWNSTRUCTURE:0.46517017189559456
C_PIECECOORDINATION:0.4607036691161573
C_ROOKANDPAWNMOVEMENT:0.4607036691161573
C_CENTERCONTROL:0.4817454177972497
C_DEVELOPPIECES:0.49484344695165955
C_MATERIAL:0.46802135229456265
C_MOVECOUNT:0.5
