ELO:927
CE_PASSEDPAWNS:0.5007844318562451
CE_PAWNWEAKNESSES:0.47338867118967165
CE_PIECEACTIVITY:0.5404538067619566
CE_KINGPAWNSHIELD:0.5021474270314046
CE_PIECECOORDINATION:0.5210867065263316
CE_MATERIAL:0.5098452028275812
CE_KINGSAFETY:0.47752914887193515
C_PIECESQUARETABLES:0.47190962008687093
C_MOBILITY:0.5492191769279086
C_KINGSAFETY:0.502346654031635
C_PAWNSTRUCTURE:0.49130957831411454
C_PIECECOORDINATION:0.5295811583610488
C_ROOKANDPAWNMOVEMENT:0.5295811583610488
C_CENTERCONTROL:0.499859995571949
C_DEVELOPPIECES:0.5232376606303434
C_MATERIAL:0.49621736433079994
C_MOVECOUNT:0.4999136007370756
