ELO:1000
CE_PASSEDPAWNS:0.5051146201784117
CE_PAWNWEAKNESSES:0.5079560957705503
CE_PIECEACTIVITY:0.48179642642641035
CE_KINGPAWNSHIELD:0.5044056533185394
CE_PIECECOORDINATION:0.4807742900808592
CE_MATERIAL:0.5094147015108815
CE_KINGSAFETY:0.5078051918715261
C_PIECESQUARETABLES:0.5097512403780858
C_MOBILITY:0.5478150925588875
C_KINGSAFETY:0.48563052894483383
C_PAWNSTRUCTURE:0.4689162950417518
C_PIECECOORDINATION:0.5501809562527031
C_ROOKANDPAWNMOVEMENT:0.5501809562527031
C_CENTERCONTROL:0.5153796665964467
C_DEVELOPPIECES:0.4880692188509621
C_MATERIAL:0.527867217175946
