ELO:974
CE_PASSEDPAWNS:0.4881341243250546
CE_PAWNWEAKNESSES:0.5271426640599814
CE_PIECEACTIVITY:0.507111328850338
CE_KINGPAWNSHIELD:0.5189720414777266
CE_PIECECOORDINATION:0.5036675883209579
CE_MATERIAL:0.5037469204513865
CE_KINGSAFETY:0.49472889626451644
C_PIECESQUARETABLES:0.5026384715887043
C_MOBILITY:0.49461721653038354
C_KINGSAFETY:0.5125453046610914
C_PAWNSTRUCTURE:0.47914157516981476
C_PIECECOORDINATION:0.4961340206484239
C_ROOKANDPAWNMOVEMENT:0.4961340206484239
C_CENTERCONTROL:0.4884686700298677
C_DEVELOPPIECES:0.50772685029867
C_MATERIAL:0.4632697360972209
C_MOVECOUNT:0.5
