ELO:792
CE_PASSEDPAWNS:0.5518780850515018
CE_PAWNWEAKNESSES:0.5314124324245474
CE_PIECEACTIVITY:0.5307958586164286
CE_KINGPAWNSHIELD:0.6510249169847576
CE_PIECECOORDINATION:0.5659651829858557
CE_MATERIAL:0.5185007714176886
CE_KINGSAFETY:0.5220428413754591
C_PIECESQUARETABLES:0.504889157386793
C_MOBILITY:0.5681143680910801
C_KINGSAFETY:0.5267375032040857
C_PAWNSTRUCTURE:0.4267945258265923
C_PIECECOORDINATION:0.4753324875961614
C_ROOKANDPAWNMOVEMENT:0.4753324875961614
C_CENTERCONTROL:0.5153441105215097
C_DEVELOPPIECES:0.5297014302304686
C_MATERIAL:0.479038715159121
C_MOVECOUNT:0.5050097196679338
