ELO:1015
CE_PASSEDPAWNS:0.5037622335659763
CE_PAWNWEAKNESSES:0.4705705225330216
CE_PIECEACTIVITY:0.5
CE_KINGPAWNSHIELD:0.5047496003074887
CE_PIECECOORDINATION:0.5163591147891464
CE_MATERIAL:0.5106517809525283
CE_KINGSAFETY:0.5
C_PIECESQUARETABLES:0.5
C_MOBILITY:0.5004274065305522
C_KINGSAFETY:0.49285922182354625
C_PAWNSTRUCTURE:0.49484718371780034
C_PIECECOORDINATION:0.49886025467100537
C_ROOKANDPAWNMOVEMENT:0.49886025467100537
C_CENTERCONTROL:0.5040821382023997
C_DEVELOPPIECES:0.4992951509559596
C_MATERIAL:0.4880403172404028
C_MOVECOUNT:0.4847273314395375
