ELO:1047
CE_PASSEDPAWNS:0.5
CE_PAWNWEAKNESSES:0.4259859842618815
CE_PIECEACTIVITY:0.500570440588215
CE_KINGPAWNSHIELD:0.5
CE_PIECECOORDINATION:0.5075335895907983
CE_MATERIAL:0.4868496530773326
CE_KINGSAFETY:0.538128904208161
C_PIECESQUARETABLES:0.4864668317483459
C_MOBILITY:0.48652779322215495
C_KINGSAFETY:0.5143077489730965
C_PAWNSTRUCTURE:0.5153839041096274
C_PIECECOORDINATION:0.4726140488259926
C_ROOKANDPAWNMOVEMENT:0.4726140488259926
C_CENTERCONTROL:0.4764889441820766
C_DEVELOPPIECES:0.5
C_MATERIAL:0.48432526604357806
C_MOVECOUNT:0.5
