ELO:938
CE_PASSEDPAWNS:0.4396950364958919
CE_PAWNWEAKNESSES:0.5347521929390918
CE_PIECEACTIVITY:0.5408914425817644
CE_KINGPAWNSHIELD:0.4486643645172504
CE_PIECECOORDINATION:0.4904770484084341
CE_MATERIAL:0.5454857308832631
CE_KINGSAFETY:0.5385416674668208
C_PIECESQUARETABLES:0.5019640887355573
C_MOBILITY:0.500894455004409
C_KINGSAFETY:0.5010940625838738
C_PAWNSTRUCTURE:0.46796492686252733
C_PIECECOORDINATION:0.4763055583231527
C_ROOKANDPAWNMOVEMENT:0.4763055583231527
C_CENTERCONTROL:0.4855487590467456
C_DEVELOPPIECES:0.5412924842187007
C_MATERIAL:0.5222409447317116
C_MOVECOUNT:0.47532143267475613
