ELO:869
CE_PASSEDPAWNS:0.5010626669282081
CE_PAWNWEAKNESSES:0.47361083304190693
CE_PIECEACTIVITY:0.5038583450643475
CE_KINGPAWNSHIELD:0.4925328624764473
CE_PIECECOORDINATION:0.5344326213654593
CE_MATERIAL:0.5027627544854962
CE_KINGSAFETY:0.4887073796327503
C_PIECESQUARETABLES:0.5143057063993138
C_MOBILITY:0.5332026901590358
C_KINGSAFETY:0.5113834703372391
C_PAWNSTRUCTURE:0.5119220930189603
C_PIECECOORDINATION:0.5362706402143471
C_ROOK:0.4861036518638605
CE_ROOK:0.4577061223797356
C_CENTERCONTROL:0.45988932120640647
C_DEVELOPPIECES:0.5224126321775363
C_MATERIAL:0.5209571861689202
C_MOVECOUNT:0.4938292523153232
C_PAWNMOVEMENT:0.49103638654294246
