ELO:1025
CE_PASSEDPAWNS:0.5037622335659763
CE_PAWNWEAKNESSES:0.49347490034534147
CE_PIECEACTIVITY:0.48100723807863943
CE_KINGPAWNSHIELD:0.5
CE_PIECECOORDINATION:0.4995495784125249
CE_MATERIAL:0.5
CE_KINGSAFETY:0.4926135511106844
C_PIECESQUARETABLES:0.5
C_MOBILITY:0.492330793823925
C_KINGSAFETY:0.48850202232521117
C_PAWNSTRUCTURE:0.5022659612063687
C_PIECECOORDINATION:0.4717437241314243
C_ROOKANDPAWNMOVEMENT:0.4717437241314243
C_CENTERCONTROL:0.5
C_DEVELOPPIECES:0.4798508939805223
C_MATERIAL:0.5
C_MOVECOUNT:0.5013211160905168
