ELO:946
CE_PASSEDPAWNS:0.5039353782898857
CE_PAWNWEAKNESSES:0.5303477829679577
CE_PIECEACTIVITY:0.5006873383276131
CE_KINGPAWNSHIELD:0.5465457744588653
CE_PIECECOORDINATION:0.48508994470199845
CE_MATERIAL:0.5271603645689452
CE_KINGSAFETY:0.5
C_PIECESQUARETABLES:0.5
C_MOBILITY:0.5137041860382427
C_KINGSAFETY:0.5178200741820368
C_PAWNSTRUCTURE:0.44902843320267144
C_PIECECOORDINATION:0.541302916238642
C_ROOK:0.468793036010389
CE_ROOK:0.4538372561010556
C_CENTERCONTROL:0.4534412987135463
C_DEVELOPPIECES:0.5274984038816051
C_MATERIAL:0.519259932735796
C_MOVECOUNT:0.4845785235387846
C_PAWNMOVEMENT:0.5267882789475787
