ELO:1000
CE_PASSEDPAWNS:0.47394316097968825
CE_PAWNWEAKNESSES:0.49627663549355294
CE_PIECEACTIVITY:0.48489306588023934
CE_KINGPAWNSHIELD:0.48046725845309934
CE_PIECECOORDINATION:0.4762850858508037
CE_MATERIAL:0.5009125841664953
CE_KINGSAFETY:0.5010952668864513
C_PIECESQUARETABLES:0.49778910229671786
C_MOBILITY:0.5160863265866824
C_KINGSAFETY:0.5178170177110485
C_PAWNSTRUCTURE:0.4460986529583877
C_PIECECOORDINATION:0.5860942497650827
C_ROOKANDPAWNMOVEMENT:0.5860942497650827
C_CENTERCONTROL:0.5235346558299797
C_DEVELOPPIECES:0.46703240911213073
C_MATERIAL:0.5253060533961131
