ELO:1051
CE_PASSEDPAWNS:0.46151486781473544
CE_PAWNWEAKNESSES:0.4259859842618815
CE_PIECEACTIVITY:0.5045273297886825
CE_KINGPAWNSHIELD:0.5
CE_PIECECOORDINATION:0.5
CE_MATERIAL:0.4893915985208783
CE_KINGSAFETY:0.5
C_PIECESQUARETABLES:0.5
C_MOBILITY:0.4850244591829032
C_KINGSAFETY:0.5217859410953756
C_PAWNSTRUCTURE:0.4264791442429882
C_PIECECOORDINATION:0.4709911097455654
C_ROOKANDPAWNMOVEMENT:0.4709911097455654
C_CENTERCONTROL:0.48737583481922847
C_DEVELOPPIECES:0.4634175958668163
C_MATERIAL:0.49586788881372007
C_MOVECOUNT:0.5
