ELO:991
CE_PASSEDPAWNS:0.515749452669475
CE_PAWNWEAKNESSES:0.4747266971979074
CE_PIECEACTIVITY:0.5024647463481023
CE_KINGPAWNSHIELD:0.5455180170332337
CE_PIECECOORDINATION:0.4846973356516632
CE_MATERIAL:0.4694181679613265
CE_KINGSAFETY:0.48655287427149346
C_PIECESQUARETABLES:0.48793435862227086
C_MOBILITY:0.5810487365613689
C_KINGSAFETY:0.5250912115677565
C_PAWNSTRUCTURE:0.46054427260367564
C_PIECECOORDINATION:0.49481266204964397
C_ROOKANDPAWNMOVEMENT:0.49481266204964397
C_CENTERCONTROL:0.42894235410171383
C_DEVELOPPIECES:0.4428905008882577
C_MATERIAL:0.6202992126757119
