ELO:980
CE_PASSEDPAWNS:0.5004239800495494
CE_PAWNWEAKNESSES:0.5182291380920724
CE_PIECEACTIVITY:0.49180795398441685
CE_KINGPAWNSHIELD:0.5358184037057512
CE_PIECECOORDINATION:0.4879087060340377
CE_MATERIAL:0.508839859198869
CE_KINGSAFETY:0.5044411417773002
C_PIECESQUARETABLES:0.5
C_MOBILITY:0.5152964671990081
C_KINGSAFETY:0.5282103996847562
C_PAWNSTRUCTURE:0.48147728482618224
C_PIECECOORDINATION:0.512568298615754
C_ROOK:0.47009871983329515
CE_ROOK:0.47580307013026696
C_CENTERCONTROL:0.4632696487183484
C_DEVELOPPIECES:0.5370253244497775
C_MATERIAL:0.5163749223365799
C_MOVECOUNT:0.4880580107489763
C_PAWNMOVEMENT:0.5093992202514309
