ELO:900
CE_PASSEDPAWNS:0.46484640711683917
CE_PAWNWEAKNESSES:0.4420142942114717
CE_PIECEACTIVITY:0.4945686086562181
CE_KINGPAWNSHIELD:0.4771017800477613
CE_PIECECOORDINATION:0.5026026426449196
CE_MATERIAL:0.5006477064585029
CE_KINGSAFETY:0.48311024213461895
C_PIECESQUARETABLES:0.5338994071242843
C_MOBILITY:0.45109172231740025
C_KINGSAFETY:0.5053259434550856
C_PAWNSTRUCTURE:0.5063402257208839
C_PIECECOORDINATION:0.49031404214256535
C_ROOKANDPAWNMOVEMENT:0.49031404214256535
C_CENTERCONTROL:0.4659344365349947
C_DEVELOPPIECES:0.49891844694427717
C_MATERIAL:0.564718382625686
C_MOVECOUNT:0.5
