ELO:986
CE_PASSEDPAWNS:0.4812300038653414
CE_PAWNWEAKNESSES:0.487373043947049
CE_PIECEACTIVITY:0.4961648071345297
CE_KINGPAWNSHIELD:0.4752487595590668
CE_PIECECOORDINATION:0.4905161672394643
CE_MATERIAL:0.5169955151136932
CE_KINGSAFETY:0.5318522462258923
C_PIECESQUARETABLES:0.4679527438285865
C_MOBILITY:0.5281840664906234
C_KINGSAFETY:0.5050005847026858
C_PAWNSTRUCTURE:0.4224339048118973
C_PIECECOORDINATION:0.6050069495116346
C_ROOKANDPAWNMOVEMENT:0.6050069495116346
C_CENTERCONTROL:0.5273758925608505
C_DEVELOPPIECES:0.46072177719771584
C_MATERIAL:0.521587540844873
