ELO:975
CE_PASSEDPAWNS:0.46433679720480814
CE_PAWNWEAKNESSES:0.6076263758054978
CE_PIECEACTIVITY:0.4301164220011043
CE_KINGPAWNSHIELD:0.4422728530252716
CE_PIECECOORDINATION:0.4171120785142504
CE_MATERIAL:0.49539870806281877
CE_KINGSAFETY:0.47215955111527974
C_PIECESQUARETABLES:0.5237490189013092
C_MOBILITY:0.5389600433273867
C_KINGSAFETY:0.5307088013206158
C_PAWNSTRUCTURE:0.35707492912813055
C_PIECECOORDINATION:0.6345054993161492
C_ROOKANDPAWNMOVEMENT:0.6345054993161492
C_CENTERCONTROL:0.49952604093948594
C_DEVELOPPIECES:0.4085174997621078
C_MATERIAL:0.5358109705858919
