ELO:981
CE_PASSEDPAWNS:0.5170604873017042
CE_PAWNWEAKNESSES:0.5344334867378939
CE_PIECEACTIVITY:0.4802332773547294
CE_KINGPAWNSHIELD:0.5650125093802534
CE_PIECECOORDINATION:0.501195665394785
CE_MATERIAL:0.5182042103753748
CE_KINGSAFETY:0.5
C_PIECESQUARETABLES:0.5
C_MOBILITY:0.5013590634283139
C_KINGSAFETY:0.5116868497594064
C_PAWNSTRUCTURE:0.45897567191358196
C_PIECECOORDINATION:0.45523911605885525
C_ROOK:0.5125096641609643
CE_ROOK:0.40816371276553154
C_CENTERCONTROL:0.452511337461954
C_DEVELOPPIECES:0.5323730348766049
C_MATERIAL:0.5131921117727883
C_MOVECOUNT:0.4894819112702742
C_PAWNMOVEMENT:0.496777167632788
