ELO:986
CE_PASSEDPAWNS:0.47958959837889026
CE_PAWNWEAKNESSES:0.5800760437399632
CE_PIECEACTIVITY:0.4488795730219322
CE_KINGPAWNSHIELD:0.445215227398075
CE_PIECECOORDINATION:0.44797716774531876
CE_MATERIAL:0.47777725755025735
CE_KINGSAFETY:0.49912436400235854
C_PIECESQUARETABLES:0.49134382754461536
C_MOBILITY:0.5136948275012391
C_KINGSAFETY:0.5578658493395396
C_PAWNSTRUCTURE:0.39130076209504533
C_PIECECOORDINATION:0.620522043336633
C_ROOKANDPAWNMOVEMENT:0.620522043336633
C_CENTERCONTROL:0.4959460622734799
C_DEVELOPPIECES:0.42923448369488043
C_MATERIAL:0.5163300837918613
