ELO:950
CE_PASSEDPAWNS:0.5102175782017719
CE_PAWNWEAKNESSES:0.4875204390699926
CE_PIECEACTIVITY:0.4818071194742743
CE_KINGPAWNSHIELD:0.5145425408448752
CE_PIECECOORDINATION:0.4922051855848016
CE_MATERIAL:0.48341195302182066
CE_KINGSAFETY:0.519848348542651
C_PIECESQUARETABLES:0.521578491882735
C_MOBILITY:0.5346056751909093
C_KINGSAFETY:0.5056754639852604
C_PAWNSTRUCTURE:0.4794635063806527
C_PIECECOORDINATION:0.5073839821410748
C_ROOKANDPAWNMOVEMENT:0.5073839821410748
C_CENTERCONTROL:0.5058113793177487
C_DEVELOPPIECES:0.5414091293331611
C_MATERIAL:0.49916898644724444
