ELO:1037
CE_PASSEDPAWNS:0.49814725542327704
CE_PAWNWEAKNESSES:0.49781771796867624
CE_PIECEACTIVITY:0.5158906918631369
CE_KINGPAWNSHIELD:0.4516255944086121
CE_PIECECOORDINATION:0.5066264648136295
CE_MATERIAL:0.46837377775804356
CE_KINGSAFETY:0.583655269498379
C_PIECESQUARETABLES:0.5073483077165981
C_MOBILITY:0.5066360191233175
C_KINGSAFETY:0.5493057075191667
C_PAWNSTRUCTURE:0.525043107656834
C_PIECECOORDINATION:0.4383496978922531
C_ROOKANDPAWNMOVEMENT:0.4383496978922531
C_CENTERCONTROL:0.44184066897319596
C_DEVELOPPIECES:0.5
C_MATERIAL:0.5022052454790797
C_MOVECOUNT:0.5
