ELO:986
CE_PASSEDPAWNS:0.47958959837889026
CE_PAWNWEAKNESSES:0.5800760437399632
CE_PIECEACTIVITY:0.4488795730219322
CE_KINGPAWNSHIELD:0.452954530494687
CE_PIECECOORDINATION:0.44797716774531876
CE_MATERIAL:0.47777725755025735
CE_KINGSAFETY:0.4971389667042946
C_PIECESQUARETABLES:0.49420095918402773
C_MOBILITY:0.5136948275012391
C_KINGSAFETY:0.5553730690248829
C_PAWNSTRUCTURE:0.39130076209504533
C_PIECECOORDINATION:0.6211104502033019
C_ROOKANDPAWNMOVEMENT:0.6211104502033019
C_CENTERCONTROL:0.4813836443935805
C_DEVELOPPIECES:0.4209937235701664
C_MATERIAL:0.5195999111932136
