ELO:824
CE_PASSEDPAWNS:0.4362461335490696
CE_PAWNWEAKNESSES:0.4910573195864587
CE_PIECEACTIVITY:0.45874021003145854
CE_KINGPAWNSHIELD:0.4772451150690781
CE_PIECECOORDINATION:0.5217998280676909
CE_MATERIAL:0.5102057316310802
CE_KINGSAFETY:0.4779975314760497
C_PIECESQUARETABLES:0.5033565396350529
C_MOBILITY:0.4434688310138331
C_KINGSAFETY:0.4258395067626406
C_PAWNSTRUCTURE:0.461937604724055
C_PIECECOORDINATION:0.5084064657088266
C_ROOKANDPAWNMOVEMENT:0.5084064657088266
C_CENTERCONTROL:0.5546254351215815
C_DEVELOPPIECES:0.5172627766474435
C_MATERIAL:0.4688103527895755
C_MOVECOUNT:0.5
