ELO:977
CE_PASSEDPAWNS:0.5044952149325493
CE_PAWNWEAKNESSES:0.5071946464040746
CE_PIECEACTIVITY:0.4765129955466449
CE_KINGPAWNSHIELD:0.5010680944367295
CE_PIECECOORDINATION:0.5317999139833114
CE_MATERIAL:0.4780527585395552
CE_KINGSAFETY:0.5159890901787382
C_PIECESQUARETABLES:0.5041283716094729
C_MOBILITY:0.49457079253797437
C_KINGSAFETY:0.4876685190418771
C_PAWNSTRUCTURE:0.4729789330155761
C_PIECECOORDINATION:0.5133172744940351
C_ROOK:0.5038236694566276
CE_ROOK:0.4530085078686762
C_CENTERCONTROL:0.4938353763258061
C_DEVELOPPIECES:0.5025194146065193
C_MATERIAL:0.4875858573699365
C_MOVECOUNT:0.46836544109434486
C_PAWNMOVEMENT:0.5119365011472171
