ELO:955
CE_PASSEDPAWNS:0.49944725531442985
CE_PAWNWEAKNESSES:0.5638800018627376
CE_PIECEACTIVITY:0.5576493951882406
CE_KINGPAWNSHIELD:0.5361979376834226
CE_PIECECOORDINATION:0.3634433094812546
CE_MATERIAL:0.4253037042821051
CE_KINGSAFETY:0.5218750030023581
C_PIECESQUARETABLES:0.5006972991241214
C_MOBILITY:0.6161904386281787
C_KINGSAFETY:0.493719158713358
C_PAWNSTRUCTURE:0.47377817210003076
C_PIECECOORDINATION:0.566356419814193
C_ROOKANDPAWNMOVEMENT:0.566356419814193
C_CENTERCONTROL:0.5365954789401741
C_DEVELOPPIECES:0.5056117837488799
C_MATERIAL:0.5704465668837975
