ELO:1007
CE_PASSEDPAWNS:0.4982160762215225
CE_PAWNWEAKNESSES:0.5077494038038584
CE_PIECEACTIVITY:0.5
CE_KINGPAWNSHIELD:0.5105029182146517
CE_PIECECOORDINATION:0.5
CE_MATERIAL:0.5
CE_KINGSAFETY:0.49481498182436273
C_PIECESQUARETABLES:0.5081118814998548
C_MOBILITY:0.4832153978257643
C_KINGSAFETY:0.4986632209898097
C_PAWNSTRUCTURE:0.5172181561008414
C_PIECECOORDINATION:0.48995159798666144
C_ROOKANDPAWNMOVEMENT:0.48995159798666144
C_CENTERCONTROL:0.5081328899135092
C_DEVELOPPIECES:0.4917967320594953
C_MATERIAL:0.5067539484551611
C_MOVECOUNT:0.4947400967348537
