ELO:1043
CE_PASSEDPAWNS:0.5003821801429047
CE_PAWNWEAKNESSES:0.5073540434700565
CE_PIECEACTIVITY:0.4926457984075724
CE_KINGPAWNSHIELD:0.5086017179969525
CE_PIECECOORDINATION:0.5
CE_MATERIAL:0.5
CE_KINGSAFETY:0.5
C_PIECESQUARETABLES:0.499784859410524
C_MOBILITY:0.5
C_KINGSAFETY:0.5
C_PAWNSTRUCTURE:0.5
C_PIECECOORDINATION:0.5031738909228032
C_ROOKANDPAWNMOVEMENT:0.5031738909228032
C_CENTERCONTROL:0.5
C_DEVELOPPIECES:0.5
C_MATERIAL:0.5035624052044242
