ELO:989
CE_PASSEDPAWNS:0.5
CE_PAWNWEAKNESSES:0.5163519793225493
CE_PIECEACTIVITY:0.5086221266938701
CE_KINGPAWNSHIELD:0.5212389503456033
CE_PIECECOORDINATION:0.5
CE_MATERIAL:0.5162723287349799
CE_KINGSAFETY:0.5
C_PIECESQUARETABLES:0.4681143752708115
C_MOBILITY:0.5
C_KINGSAFETY:0.48581478196968336
C_PAWNSTRUCTURE:0.5337524304975781
C_PIECECOORDINATION:0.47404070564085776
C_ROOKANDPAWNMOVEMENT:0.47404070564085776
C_CENTERCONTROL:0.5154366344484831
C_DEVELOPPIECES:0.45190084551687576
C_MATERIAL:0.4645684702344648
C_MOVECOUNT:0.5
