ELO:999
CE_PASSEDPAWNS:0.5282138184899531
CE_PAWNWEAKNESSES:0.5122949562924127
CE_PIECEACTIVITY:0.5250535336332277
CE_KINGPAWNSHIELD:0.5595163557392587
CE_PIECECOORDINATION:0.4506437960786969
CE_MATERIAL:0.3834336345379821
CE_KINGSAFETY:0.4665657235062792
C_PIECESQUARETABLES:0.5736593918046476
C_MOBILITY:0.4835498613370161
C_KINGSAFETY:0.5333725521058984
C_PAWNSTRUCTURE:0.5287910885190337
C_PIECECOORDINATION:0.48353762791827953
C_ROOKANDPAWNMOVEMENT:0.48353762791827953
C_CENTERCONTROL:0.5011300570458027
C_DEVELOPPIECES:0.561356366451722
C_MATERIAL:0.44231204326467205
