ELO:959
CE_PASSEDPAWNS:0.5288423479268854
CE_PAWNWEAKNESSES:0.5449577569193875
CE_PIECEACTIVITY:0.5130750288532671
CE_KINGPAWNSHIELD:0.5381034086522282
CE_PIECECOORDINATION:0.3685072838782359
CE_MATERIAL:0.4416327576237046
CE_KINGSAFETY:0.5164451521778151
C_PIECESQUARETABLES:0.46750108505901217
C_MOBILITY:0.6228303025902048
C_KINGSAFETY:0.5156075788960609
C_PAWNSTRUCTURE:0.4754753264151418
C_PIECECOORDINATION:0.5475672935000389
C_ROOKANDPAWNMOVEMENT:0.5475672935000389
C_CENTERCONTROL:0.5373935545801932
C_DEVELOPPIECES:0.4871760112126175
C_MATERIAL:0.6042805540258812
