ELO:991
CE_PASSEDPAWNS:0.5384727581446
CE_PAWNWEAKNESSES:0.5099644352579916
CE_PIECEACTIVITY:0.538997227210198
CE_KINGPAWNSHIELD:0.52547911756909
CE_PIECECOORDINATION:0.45013742789367495
CE_MATERIAL:0.3560677594359106
CE_KINGSAFETY:0.49619119924111643
C_PIECESQUARETABLES:0.5014883124995853
C_MOBILITY:0.5220380403195093
C_KINGSAFETY:0.5285686595069126
C_PAWNSTRUCTURE:0.5399872296827193
C_PIECECOORDINATION:0.45132033139330924
C_ROOKANDPAWNMOVEMENT:0.45132033139330924
C_CENTERCONTROL:0.5064348719445602
C_DEVELOPPIECES:0.5137199791249126
C_MATERIAL:0.3706944172583875
