ELO:979
CE_PASSEDPAWNS:0.5112815733326849
CE_PAWNWEAKNESSES:0.5005333833098354
CE_PIECEACTIVITY:0.5200841022797815
CE_KINGPAWNSHIELD:0.5031750223237406
CE_PIECECOORDINATION:0.4928915283119347
CE_MATERIAL:0.4783292568145336
CE_KINGSAFETY:0.48806968168142906
C_PIECESQUARETABLES:0.5
C_MOBILITY:0.4873458706748244
C_KINGSAFETY:0.48387421786891405
C_PAWNSTRUCTURE:0.5192117874270126
C_PIECECOORDINATION:0.5086439537490938
C_ROOK:0.47702746268531815
CE_ROOK:0.5180558978635147
C_CENTERCONTROL:0.5271590574110078
C_DEVELOPPIECES:0.5026729740278436
C_MATERIAL:0.5195738996826621
C_MOVECOUNT:0.4634250635145664
C_PAWNMOVEMENT:0.5161582807808635
