ELO:842
CE_PASSEDPAWNS:0.5324079827220675
CE_PAWNWEAKNESSES:0.49342984828995934
CE_PIECEACTIVITY:0.49536593427192893
CE_KINGPAWNSHIELD:0.5523421509487921
CE_PIECECOORDINATION:0.38515321681862585
CE_MATERIAL:0.5010965577712764
CE_KINGSAFETY:0.5016207347867191
C_PIECESQUARETABLES:0.47557741223969935
C_MOBILITY:0.5027545722453415
C_KINGSAFETY:0.4781642741354984
C_PAWNSTRUCTURE:0.4247418688722517
C_PIECECOORDINATION:0.49340451321498857
C_ROOKANDPAWNMOVEMENT:0.49340451321498857
C_CENTERCONTROL:0.5199127164919494
C_DEVELOPPIECES:0.5072526660697397
C_MATERIAL:0.5323409856090999
C_MOVECOUNT:0.5
