ELO:1001
CE_PASSEDPAWNS:0.5264947111118454
CE_PAWNWEAKNESSES:0.4978033471800427
CE_PIECEACTIVITY:0.4932512872584017
CE_KINGPAWNSHIELD:0.49250144544080277
CE_PIECECOORDINATION:0.5077876925310547
CE_MATERIAL:0.4894914264247173
CE_KINGSAFETY:0.5052455682087896
C_PIECESQUARETABLES:0.49367726868767425
C_MOBILITY:0.49292976348394874
C_KINGSAFETY:0.4992398254988778
C_PAWNSTRUCTURE:0.48549228524743593
C_PIECECOORDINATION:0.5133172744940351
C_ROOK:0.48291437951740074
CE_ROOK:0.48183686348474974
C_CENTERCONTROL:0.479273145457417
C_DEVELOPPIECES:0.512196212358634
C_MATERIAL:0.4927611708304774
C_MOVECOUNT:0.49195925902173254
C_PAWNMOVEMENT:0.49661259232770294
