ELO:990
CE_PASSEDPAWNS:0.5277288571395565
CE_PAWNWEAKNESSES:0.4747266971979074
CE_PIECEACTIVITY:0.5256534381721791
CE_KINGPAWNSHIELD:0.542603462243025
CE_PIECECOORDINATION:0.4846973356516632
CE_MATERIAL:0.46670890985477814
CE_KINGSAFETY:0.5
C_PIECESQUARETABLES:0.4945682899025731
C_MOBILITY:0.5835186948151247
C_KINGSAFETY:0.5257861297264674
C_PAWNSTRUCTURE:0.45446556840731916
C_PIECECOORDINATION:0.4826685304556046
C_ROOKANDPAWNMOVEMENT:0.4826685304556046
C_CENTERCONTROL:0.42894235410171383
C_DEVELOPPIECES:0.4234843788638646
C_MATERIAL:0.6234991122067586
