ELO:1000
CE_PASSEDPAWNS:0.45692596837415106
CE_PAWNWEAKNESSES:0.5144778360444576
CE_PIECEACTIVITY:0.46060022821489166
CE_KINGPAWNSHIELD:0.520830153219159
CE_PIECECOORDINATION:0.5553029229134374
CE_MATERIAL:0.5243630183543859
CE_KINGSAFETY:0.4933905162198176
C_PIECESQUARETABLES:0.5091954332709909
C_MOBILITY:0.5214759037349553
C_KINGSAFETY:0.46500750303578897
C_PAWNSTRUCTURE:0.4729870302282047
C_PIECECOORDINATION:0.5357256794319242
C_ROOKANDPAWNMOVEMENT:0.5357256794319242
C_CENTERCONTROL:0.4935492634534115
C_DEVELOPPIECES:0.5198936522140303
C_MATERIAL:0.43566487977496066
