ELO:1000
CE_PASSEDPAWNS:0.5205515978415464
CE_PAWNWEAKNESSES:0.5071833794868723
CE_PIECEACTIVITY:0.5001338064225878
CE_KINGPAWNSHIELD:0.5276950021559127
CE_PIECECOORDINATION:0.45862160983471284
CE_MATERIAL:0.40942042959346453
CE_KINGSAFETY:0.49930293229486067
C_PIECESQUARETABLES:0.5667652858845538
C_MOBILITY:0.4830605508531002
C_KINGSAFETY:0.504489690134437
C_PAWNSTRUCTURE:0.5112829169219055
C_PIECECOORDINATION:0.5219452893574873
C_ROOKANDPAWNMOVEMENT:0.5219452893574873
C_CENTERCONTROL:0.4729381261318432
C_DEVELOPPIECES:0.544678611768094
C_MATERIAL:0.4546677233940949
