ELO:769
CE_PASSEDPAWNS:0.42127187930938387
CE_PAWNWEAKNESSES:0.5079567427800005
CE_PIECEACTIVITY:0.48573821789734356
CE_KINGPAWNSHIELD:0.4419054300734532
CE_PIECECOORDINATION:0.5441725503096136
CE_MATERIAL:0.5311666982906964
CE_KINGSAFETY:0.48994349440026363
C_PIECESQUARETABLES:0.4993905041002123
C_MOBILITY:0.48597245210574386
C_KINGSAFETY:0.38703146038223385
C_PAWNSTRUCTURE:0.45583597571954654
C_PIECECOORDINATION:0.5196280248022904
C_ROOKANDPAWNMOVEMENT:0.5196280248022904
C_CENTERCONTROL:0.5584523816040823
C_DEVELOPPIECES:0.5000809504825487
C_MATERIAL:0.46061920664191064
C_MOVECOUNT:0.5
