ELO:862
CE_PASSEDPAWNS:0.5320060463352854
CE_PAWNWEAKNESSES:0.5087297091143924
CE_PIECEACTIVITY:0.4833417151557577
CE_KINGPAWNSHIELD:0.5509587501524025
CE_PIECECOORDINATION:0.39399076766521185
CE_MATERIAL:0.5152314188618122
CE_KINGSAFETY:0.46984788660020305
C_PIECESQUARETABLES:0.48346794676082083
C_MOBILITY:0.49645018340425845
C_KINGSAFETY:0.45173714054978786
C_PAWNSTRUCTURE:0.3958703165726178
C_PIECECOORDINATION:0.4628201742433751
C_ROOKANDPAWNMOVEMENT:0.4628201742433751
C_CENTERCONTROL:0.502557076726445
C_DEVELOPPIECES:0.5145362748184182
C_MATERIAL:0.5740893878114535
C_MOVECOUNT:0.5
