ELO:978
CE_PASSEDPAWNS:0.5040583571283838
CE_PAWNWEAKNESSES:0.5097913570866651
CE_PIECEACTIVITY:0.49585922311695935
CE_KINGPAWNSHIELD:0.48574443030005454
CE_PIECECOORDINATION:0.5280781374802233
CE_MATERIAL:0.47890994533127335
CE_KINGSAFETY:0.506377475534384
C_PIECESQUARETABLES:0.5041283716094729
C_MOBILITY:0.4865099157751537
C_KINGSAFETY:0.48851838335949704
C_PAWNSTRUCTURE:0.4729789330155761
C_PIECECOORDINATION:0.5133172744940351
C_ROOK:0.49199511293536613
CE_ROOK:0.4679098641075651
C_CENTERCONTROL:0.476606342711288
C_DEVELOPPIECES:0.5025194146065193
C_MATERIAL:0.485879710448255
C_MOVECOUNT:0.46836544109434486
C_PAWNMOVEMENT:0.5119365011472171
