ELO:1000
CE_PASSEDPAWNS:0.47895401334485277
CE_PAWNWEAKNESSES:0.5034500486601861
CE_PIECEACTIVITY:0.47072661747866645
CE_KINGPAWNSHIELD:0.5322645015022806
CE_PIECECOORDINATION:0.5479441267344765
CE_MATERIAL:0.5110286017050725
CE_KINGSAFETY:0.5047257947733751
C_PIECESQUARETABLES:0.5060990508398217
C_MOBILITY:0.49994283090189934
C_KINGSAFETY:0.43724638121781834
C_PAWNSTRUCTURE:0.4791366850248522
C_PIECECOORDINATION:0.5153048694188394
C_ROOKANDPAWNMOVEMENT:0.5153048694188394
C_CENTERCONTROL:0.4944361995535004
C_DEVELOPPIECES:0.5047377436010436
C_MATERIAL:0.47782888317220673
