ELO:936
CE_PASSEDPAWNS:0.47100949053994773
CE_PAWNWEAKNESSES:0.41768892593004947
CE_PIECEACTIVITY:0.5299494862740273
CE_KINGPAWNSHIELD:0.4717327824619906
CE_PIECECOORDINATION:0.6298731618536693
CE_MATERIAL:0.5456769670698756
CE_KINGSAFETY:0.5156190815283133
C_PIECESQUARETABLES:0.5210537096195955
C_MOBILITY:0.5471222318984464
C_KINGSAFETY:0.49721091079956603
C_PAWNSTRUCTURE:0.5273881129266434
C_PIECECOORDINATION:0.6275867065345516
C_ROOKANDPAWNMOVEMENT:0.6275867065345516
C_CENTERCONTROL:0.4627049802805898
C_DEVELOPPIECES:0.4298691772532691
C_MATERIAL:0.44373314692377874
