ELO:1000
CE_PASSEDPAWNS:0.4491656074851041
CE_PAWNWEAKNESSES:0.4872548637470428
CE_PIECEACTIVITY:0.4917342548401581
CE_KINGPAWNSHIELD:0.5150105262248466
CE_PIECECOORDINATION:0.5060607234675919
CE_MATERIAL:0.4732925255044407
CE_KINGSAFETY:0.4995598197424443
C_PIECESQUARETABLES:0.5
C_MOBILITY:0.5182019365085696
C_KINGSAFETY:0.5
C_PAWNSTRUCTURE:0.506690053931086
C_PIECECOORDINATION:0.48798306237130107
C_ROOKANDPAWNMOVEMENT:0.48798306237130107
C_CENTERCONTROL:0.4866592966764227
C_DEVELOPPIECES:0.5052244627952568
C_MATERIAL:0.5041826710822785
C_MOVECOUNT:0.49876975934850526
