ELO:987
CE_PASSEDPAWNS:0.5146140641642772
CE_PAWNWEAKNESSES:0.5018759020046714
CE_PIECEACTIVITY:0.528350272934443
CE_KINGPAWNSHIELD:0.5050914370919352
CE_PIECECOORDINATION:0.5120168469824028
CE_MATERIAL:0.49476675349902427
CE_KINGSAFETY:0.5
C_PIECESQUARETABLES:0.5
C_MOBILITY:0.42907113233121164
C_KINGSAFETY:0.4962594707329172
C_PAWNSTRUCTURE:0.4969564328498859
C_PIECECOORDINATION:0.5408224394220434
C_ROOK:0.45282523255932994
CE_ROOK:0.4876180850180766
C_CENTERCONTROL:0.4892585375739165
C_DEVELOPPIECES:0.44675756851350223
C_MATERIAL:0.4699192948009287
C_MOVECOUNT:0.5018331670220666
C_PAWNMOVEMENT:0.5015296326728886
