ELO:750
CE_PASSEDPAWNS:0.37097562197029593
CE_PAWNWEAKNESSES:0.47565044356971964
CE_PIECEACTIVITY:0.49718093069930036
CE_KINGPAWNSHIELD:0.5628959703119474
CE_PIECECOORDINATION:0.5408417201850737
CE_MATERIAL:0.43025291480249434
CE_KINGSAFETY:0.4760848449896814
C_PIECESQUARETABLES:0.5310561247891826
C_MOBILITY:0.5840337522159547
C_KINGSAFETY:0.4225733837720784
C_PAWNSTRUCTURE:0.40866879077688834
C_PIECECOORDINATION:0.5148233272581539
C_ROOKANDPAWNMOVEMENT:0.5148233272581539
C_CENTERCONTROL:0.4974597039362537
C_DEVELOPPIECES:0.47568669377720685
C_MATERIAL:0.48174010590395483
C_MOVECOUNT:0.48870583651442745
