ELO:1000
CE_PASSEDPAWNS:0.4546703298410719
CE_PAWNWEAKNESSES:0.4741676958163189
CE_PIECEACTIVITY:0.4653822910972561
CE_KINGPAWNSHIELD:0.5007099086529208
CE_PIECECOORDINATION:0.569689807460212
CE_MATERIAL:0.5139299829730394
CE_KINGSAFETY:0.4848355315370595
C_PIECESQUARETABLES:0.4989548356118114
C_MOBILITY:0.5135808262007378
C_KINGSAFETY:0.4837116747598341
C_PAWNSTRUCTURE:0.46926770927028283
C_PIECECOORDINATION:0.5441190226890162
C_ROOKANDPAWNMOVEMENT:0.5441190226890162
C_CENTERCONTROL:0.5119162609523411
C_DEVELOPPIECES:0.5054876678969914
C_MATERIAL:0.47035976694056747
