ELO:954
CE_PASSEDPAWNS:0.4841974146440011
CE_PAWNWEAKNESSES:0.46780445812010335
CE_PIECEACTIVITY:0.5265240879588892
CE_KINGPAWNSHIELD:0.5324568188853623
CE_PIECECOORDINATION:0.6256134778236981
CE_MATERIAL:0.5043021714023888
CE_KINGSAFETY:0.5123378206996653
C_PIECESQUARETABLES:0.4944515872099942
C_MOBILITY:0.4640978117153426
C_KINGSAFETY:0.49840300876777327
C_PAWNSTRUCTURE:0.4520011821497322
C_PIECECOORDINATION:0.591059039845345
C_ROOKANDPAWNMOVEMENT:0.591059039845345
C_CENTERCONTROL:0.5364061713978298
C_DEVELOPPIECES:0.4683378886840461
C_MATERIAL:0.44226921195655844
