ELO:982
CE_PASSEDPAWNS:0.4891631923723668
CE_PAWNWEAKNESSES:0.49277445753114874
CE_PIECEACTIVITY:0.49355542074885583
CE_KINGPAWNSHIELD:0.5777007838305493
CE_PIECECOORDINATION:0.5847659850343465
CE_MATERIAL:0.6172658481579413
CE_KINGSAFETY:0.47058750309105907
C_PIECESQUARETABLES:0.512640246950429
C_MOBILITY:0.5293622176917991
C_KINGSAFETY:0.45182614652566566
C_PAWNSTRUCTURE:0.5019796147886284
C_PIECECOORDINATION:0.5046062965087552
C_ROOKANDPAWNMOVEMENT:0.5046062965087552
C_CENTERCONTROL:0.5210688453498212
C_DEVELOPPIECES:0.5202788766320925
C_MATERIAL:0.6778030418974389
