ELO:1000
CE_PASSEDPAWNS:0.5570889373064385
CE_PAWNWEAKNESSES:0.49697164041279485
CE_PIECEACTIVITY:0.5142576198422893
CE_KINGPAWNSHIELD:0.524736142513383
CE_PIECECOORDINATION:0.47031960486239727
CE_MATERIAL:0.44325432297585493
CE_KINGSAFETY:0.5069378974089092
C_PIECESQUARETABLES:0.5323216660245599
C_MOBILITY:0.4849264704843284
C_KINGSAFETY:0.49161604234375583
C_PAWNSTRUCTURE:0.49249745572784626
C_PIECECOORDINATION:0.49401201960635555
C_ROOKANDPAWNMOVEMENT:0.49401201960635555
C_CENTERCONTROL:0.4701676009241697
C_DEVELOPPIECES:0.5142841720184076
C_MATERIAL:0.4697210834602113
