ELO:982
CE_PASSEDPAWNS:0.4794920703816768
CE_PAWNWEAKNESSES:0.5014908849144818
CE_PIECEACTIVITY:0.5035354816229047
CE_KINGPAWNSHIELD:0.5011119214591206
CE_PIECECOORDINATION:0.4981837117259523
CE_MATERIAL:0.4987588305176569
CE_KINGSAFETY:0.49318707619886576
C_PIECESQUARETABLES:0.49116610041715164
C_MOBILITY:0.48698511529807315
C_KINGSAFETY:0.49182933849339916
C_PAWNSTRUCTURE:0.502229713012732
C_PIECECOORDINATION:0.5293322590085154
C_ROOKANDPAWNMOVEMENT:0.5293322590085154
C_CENTERCONTROL:0.4904945571346858
C_DEVELOPPIECES:0.4915690467724062
C_MATERIAL:0.5023853165760418
