ELO:947
CE_PASSEDPAWNS:0.5200326599824522
CE_PAWNWEAKNESSES:0.5721417719162311
CE_PIECEACTIVITY:0.5719488159492635
CE_KINGPAWNSHIELD:0.5623715496561076
CE_PIECECOORDINATION:0.3365137530857704
CE_MATERIAL:0.4310135055502204
CE_KINGSAFETY:0.5241941084315439
C_PIECESQUARETABLES:0.5019123429538231
C_MOBILITY:0.6538912611644433
C_KINGSAFETY:0.5258791717317609
C_PAWNSTRUCTURE:0.48322013403995545
C_PIECECOORDINATION:0.5817520987193261
C_ROOKANDPAWNMOVEMENT:0.5817520987193261
C_CENTERCONTROL:0.5628307248560439
C_DEVELOPPIECES:0.49545248172884404
C_MATERIAL:0.6159496914674785
