ELO:999
CE_PASSEDPAWNS:0.4894679793600409
CE_PAWNWEAKNESSES:0.5
CE_PIECEACTIVITY:0.5
CE_KINGPAWNSHIELD:0.4881878086204718
CE_PIECECOORDINATION:0.5
CE_MATERIAL:0.5090202192293247
CE_KINGSAFETY:0.5
C_PIECESQUARETABLES:0.49933004247065665
C_MOBILITY:0.4953756158333632
C_KINGSAFETY:0.5074230628850787
C_PAWNSTRUCTURE:0.5
C_PIECECOORDINATION:0.5
C_ROOKANDPAWNMOVEMENT:0.5
C_CENTERCONTROL:0.5
C_DEVELOPPIECES:0.5
C_MATERIAL:0.5
C_MOVECOUNT:0.5
