ELO:918
CE_PASSEDPAWNS:0.5169687549573607
CE_PAWNWEAKNESSES:0.5721417719162311
CE_PIECEACTIVITY:0.563438563563242
CE_KINGPAWNSHIELD:0.5482256112189693
CE_PIECECOORDINATION:0.33693954488752753
CE_MATERIAL:0.4198192698966008
CE_KINGSAFETY:0.5262888031104533
C_PIECESQUARETABLES:0.5078768258932663
C_MOBILITY:0.6448470384488763
C_KINGSAFETY:0.5035596375255365
C_PAWNSTRUCTURE:0.45239985265397725
C_PIECECOORDINATION:0.5778784883454081
C_ROOKANDPAWNMOVEMENT:0.5778784883454081
C_CENTERCONTROL:0.5539350139496683
C_DEVELOPPIECES:0.5052389585206594
C_MATERIAL:0.6082472376591297
