ELO:933
CE_PASSEDPAWNS:0.48642173444816356
CE_PAWNWEAKNESSES:0.47805777603067945
CE_PIECEACTIVITY:0.5191554518588944
CE_KINGPAWNSHIELD:0.50951743386024
CE_PIECECOORDINATION:0.47893757178587615
CE_MATERIAL:0.4659890523197262
CE_KINGSAFETY:0.4969618809153612
C_PIECESQUARETABLES:0.5013863162473213
C_MOBILITY:0.4977456625581131
C_KINGSAFETY:0.5277715980909168
C_PAWNSTRUCTURE:0.5234854527405423
C_PIECECOORDINATION:0.5135251343143153
C_ROOKANDPAWNMOVEMENT:0.5135251343143153
C_CENTERCONTROL:0.527857207217415
C_DEVELOPPIECES:0.4904055711458944
C_MATERIAL:0.49286608345389027
C_MOVECOUNT:0.5
