ELO:997
CE_PASSEDPAWNS:0.4491656074851041
CE_PAWNWEAKNESSES:0.4975397589338505
CE_PIECEACTIVITY:0.4965975551706132
CE_KINGPAWNSHIELD:0.5115058076535832
CE_PIECECOORDINATION:0.503522811757029
CE_MATERIAL:0.48367726373492814
CE_KINGSAFETY:0.5
C_PIECESQUARETABLES:0.5
C_MOBILITY:0.4992749455800516
C_KINGSAFETY:0.4938509226893745
C_PAWNSTRUCTURE:0.5184821297139618
C_PIECECOORDINATION:0.4976234534502717
C_ROOKANDPAWNMOVEMENT:0.4976234534502717
C_CENTERCONTROL:0.52154186379287
C_DEVELOPPIECES:0.5047723266429872
C_MATERIAL:0.4967984459787995
C_MOVECOUNT:0.4814650748201402
