ELO:1000
CE_PASSEDPAWNS:0.4877546875979959
CE_PAWNWEAKNESSES:0.4813982325044888
CE_PIECEACTIVITY:0.4438867196111857
CE_KINGPAWNSHIELD:0.5010680944367295
CE_PIECECOORDINATION:0.526942479293
CE_MATERIAL:0.49772630847706006
CE_KINGSAFETY:0.5
C_PIECESQUARETABLES:0.5
C_MOBILITY:0.5
C_KINGSAFETY:0.5258662382623254
C_PAWNSTRUCTURE:0.4729789330155761
C_PIECECOORDINATION:0.4888722098488724
C_ROOK:0.4784710806988522
CE_ROOK:0.4986050486696191
C_CENTERCONTROL:0.49821869684108055
C_DEVELOPPIECES:0.5167549349874657
C_MATERIAL:0.5055337946326102
C_MOVECOUNT:0.50605703832178
C_PAWNMOVEMENT:0.48651899690185996
