ELO:987
CE_PASSEDPAWNS:0.5285873511140743
CE_PAWNWEAKNESSES:0.5088697690693521
CE_PIECEACTIVITY:0.5030621298305571
CE_KINGPAWNSHIELD:0.4909656557843953
CE_PIECECOORDINATION:0.5341870813174088
CE_MATERIAL:0.5
CE_KINGSAFETY:0.5
C_PIECESQUARETABLES:0.5
C_MOBILITY:0.4856565052097385
C_KINGSAFETY:0.5180747021451926
C_PAWNSTRUCTURE:0.4698563697481923
C_PIECECOORDINATION:0.5128854141971193
C_ROOK:0.5251904476926308
CE_ROOK:0.5021706814473671
C_CENTERCONTROL:0.46317219418811734
C_DEVELOPPIECES:0.5090359425664261
C_MATERIAL:0.4870360901539108
C_MOVECOUNT:0.49973279217850536
C_PAWNMOVEMENT:0.48818817618219573
