ELO:973
CE_PASSEDPAWNS:0.5221784788087483
CE_PAWNWEAKNESSES:0.515672091464222
CE_PIECEACTIVITY:0.4936391777543514
CE_KINGPAWNSHIELD:0.4978533973435781
CE_PIECECOORDINATION:0.511050831235795
CE_MATERIAL:0.49979334073178217
CE_KINGSAFETY:0.5003017079846227
C_PIECESQUARETABLES:0.5
C_MOBILITY:0.49292976348394874
C_KINGSAFETY:0.5018343208462727
C_PAWNSTRUCTURE:0.4956176583174811
C_PIECECOORDINATION:0.5012622434719495
C_ROOK:0.49808127026542237
CE_ROOK:0.48442304163825217
C_CENTERCONTROL:0.4819703056373661
C_DEVELOPPIECES:0.5012082812323799
C_MATERIAL:0.49451940467283506
C_MOVECOUNT:0.48317392968879136
C_PAWNMOVEMENT:0.5012223161625768
