ELO:988
CE_PASSEDPAWNS:0.5277288571395565
CE_PAWNWEAKNESSES:0.4747266971979074
CE_PIECEACTIVITY:0.5256534381721791
CE_KINGPAWNSHIELD:0.46245888705822324
CE_PIECECOORDINATION:0.47009583091786855
CE_MATERIAL:0.4694181679613265
CE_KINGSAFETY:0.5
C_PIECESQUARETABLES:0.4935441036948378
C_MOBILITY:0.580479941274235
C_KINGSAFETY:0.5188238484182511
C_PAWNSTRUCTURE:0.45190005761617885
C_PIECECOORDINATION:0.49481266204964397
C_ROOKANDPAWNMOVEMENT:0.49481266204964397
C_CENTERCONTROL:0.4253235911699109
C_DEVELOPPIECES:0.4354212939766876
C_MATERIAL:0.6265767288704363
