ELO:1019
CE_PASSEDPAWNS:0.4940646122513127
CE_PAWNWEAKNESSES:0.5075477337594404
CE_PIECEACTIVITY:0.5
CE_KINGPAWNSHIELD:0.5
CE_PIECECOORDINATION:0.5009371117703055
CE_MATERIAL:0.5
CE_KINGSAFETY:0.5
C_PIECESQUARETABLES:0.5
C_MOBILITY:0.5090212908411739
C_KINGSAFETY:0.502328304807165
C_PAWNSTRUCTURE:0.49068017644903805
C_PIECECOORDINATION:0.5
C_ROOKANDPAWNMOVEMENT:0.5
C_CENTERCONTROL:0.4958324880543178
C_DEVELOPPIECES:0.5
C_MATERIAL:0.5
C_MOVECOUNT:0.5
