ELO:980
CE_PASSEDPAWNS:0.5281181217780523
CE_PAWNWEAKNESSES:0.5073077790149655
CE_PIECEACTIVITY:0.5047562165496536
CE_KINGPAWNSHIELD:0.49250144544080277
CE_PIECECOORDINATION:0.5129305250730962
CE_MATERIAL:0.5009302695218114
CE_KINGSAFETY:0.4967702245221945
C_PIECESQUARETABLES:0.5078051910639725
C_MOBILITY:0.49292976348394874
C_KINGSAFETY:0.4950533555536716
C_PAWNSTRUCTURE:0.48549228524743593
C_PIECECOORDINATION:0.5133172744940351
C_ROOK:0.48741342580901026
CE_ROOK:0.48291789929960444
C_CENTERCONTROL:0.4807947011768157
C_DEVELOPPIECES:0.512196212358634
C_MATERIAL:0.4927611708304774
C_MOVECOUNT:0.4875048009102516
C_PAWNMOVEMENT:0.5048061630587384
