ELO:948
CE_PASSEDPAWNS:0.5016595292383048
CE_PAWNWEAKNESSES:0.5566664647702069
CE_PIECEACTIVITY:0.5543660027567284
CE_KINGPAWNSHIELD:0.5362615184645975
CE_PIECECOORDINATION:0.3651391438811444
CE_MATERIAL:0.4288554187615507
CE_KINGSAFETY:0.5263050861181305
C_PIECESQUARETABLES:0.48774582345088313
C_MOBILITY:0.6152649339313637
C_KINGSAFETY:0.48226443664410434
C_PAWNSTRUCTURE:0.4823764037827197
C_PIECECOORDINATION:0.5429889641453017
C_ROOKANDPAWNMOVEMENT:0.5429889641453017
C_CENTERCONTROL:0.5311119546389969
C_DEVELOPPIECES:0.5046613058647207
C_MATERIAL:0.5820938903548059
