ELO:1015
CE_PASSEDPAWNS:0.49368617844941537
CE_PAWNWEAKNESSES:0.4840364531842115
CE_PIECEACTIVITY:0.5
CE_KINGPAWNSHIELD:0.4896721594899304
CE_PIECECOORDINATION:0.5
CE_MATERIAL:0.5169613599835978
CE_KINGSAFETY:0.4915159910051269
C_PIECESQUARETABLES:0.5014750874327709
C_MOBILITY:0.4881600744834133
C_KINGSAFETY:0.5
C_PAWNSTRUCTURE:0.5008512165482408
C_PIECECOORDINATION:0.5011984901235623
C_ROOKANDPAWNMOVEMENT:0.5011984901235623
C_CENTERCONTROL:0.5
C_DEVELOPPIECES:0.5120850822795441
C_MATERIAL:0.5102397413593361
C_MOVECOUNT:0.4882379291727249
