ELO:1019
CE_PASSEDPAWNS:0.5
CE_PAWNWEAKNESSES:0.513654737692491
CE_PIECEACTIVITY:0.4922525029689287
CE_KINGPAWNSHIELD:0.4990152525810501
CE_PIECECOORDINATION:0.5085881220783863
CE_MATERIAL:0.4935881766859086
CE_KINGSAFETY:0.5
C_PIECESQUARETABLES:0.5
C_MOBILITY:0.5
C_KINGSAFETY:0.5
C_PAWNSTRUCTURE:0.5008512165482408
C_PIECECOORDINATION:0.5
C_ROOKANDPAWNMOVEMENT:0.5
C_CENTERCONTROL:0.50269602377641
C_DEVELOPPIECES:0.49622399298245
C_MATERIAL:0.5
C_MOVECOUNT:0.4925192766445542
