ELO:902
CE_PASSEDPAWNS:0.45007917502893763
CE_PAWNWEAKNESSES:0.4253847266408544
CE_PIECEACTIVITY:0.48094446547156156
CE_KINGPAWNSHIELD:0.5238538090090377
CE_PIECECOORDINATION:0.4932725310187502
CE_MATERIAL:0.44376258192673407
CE_KINGSAFETY:0.48971351683182124
C_PIECESQUARETABLES:0.4895630136127592
C_MOBILITY:0.46437511979656565
C_KINGSAFETY:0.4476925834884887
C_PAWNSTRUCTURE:0.3963548834639089
C_PIECECOORDINATION:0.5886523457317103
C_ROOKANDPAWNMOVEMENT:0.5886523457317103
C_CENTERCONTROL:0.5751569285086661
C_DEVELOPPIECES:0.5067121845968519
C_MATERIAL:0.5442386036534973
