ELO:744
CE_PASSEDPAWNS:0.43684025567370277
CE_PAWNWEAKNESSES:0.5664332808385961
CE_PIECEACTIVITY:0.519558237604661
CE_KINGPAWNSHIELD:0.44324823513483563
CE_PIECECOORDINATION:0.5159535438841363
CE_MATERIAL:0.4196195796513036
CE_KINGSAFETY:0.5121563076483185
C_PIECESQUARETABLES:0.5374946715047488
C_MOBILITY:0.5138867539219542
C_KINGSAFETY:0.4275278186820655
C_PAWNSTRUCTURE:0.614236895397698
C_PIECECOORDINATION:0.5900758085663754
C_ROOKANDPAWNMOVEMENT:0.5900758085663754
C_CENTERCONTROL:0.42292179151748477
C_DEVELOPPIECES:0.36911632821013324
C_MATERIAL:0.40007661875129663
C_MOVECOUNT:0.47798675841104177
