ELO:905
CE_PASSEDPAWNS:0.46995735799794913
CE_PAWNWEAKNESSES:0.5109744457207671
CE_PIECEACTIVITY:0.5103765552927721
CE_KINGPAWNSHIELD:0.49151908046787923
CE_PIECECOORDINATION:0.4335766369905164
CE_MATERIAL:0.5110006228538818
CE_KINGSAFETY:0.45535547947282257
C_PIECESQUARETABLES:0.5495443547749653
C_MOBILITY:0.5849491154563539
C_KINGSAFETY:0.6162516380773034
C_PAWNSTRUCTURE:0.5317003549129617
C_PIECECOORDINATION:0.502804152353237
C_ROOKANDPAWNMOVEMENT:0.502804152353237
C_CENTERCONTROL:0.4990371805235715
C_DEVELOPPIECES:0.45771548783717503
C_MATERIAL:0.46841497567631896
C_MOVECOUNT:0.5
