ELO:1011
CE_PASSEDPAWNS:0.5
CE_PAWNWEAKNESSES:0.5
CE_PIECEACTIVITY:0.5102443533727519
CE_KINGPAWNSHIELD:0.5
CE_PIECECOORDINATION:0.5
CE_MATERIAL:0.5
CE_KINGSAFETY:0.5022753089440133
C_PIECESQUARETABLES:0.5
C_MOBILITY:0.5066823104508579
C_KINGSAFETY:0.5
C_PAWNSTRUCTURE:0.5
C_PIECECOORDINATION:0.5
C_ROOKANDPAWNMOVEMENT:0.5
C_CENTERCONTROL:0.4877234081426711
C_DEVELOPPIECES:0.49915321841966853
C_MATERIAL:0.5
C_MOVECOUNT:0.5098559596398129
