ELO:1022
CE_PASSEDPAWNS:0.5211356675062251
CE_PAWNWEAKNESSES:0.4814907870789716
CE_PIECEACTIVITY:0.5078868212068055
CE_KINGPAWNSHIELD:0.4957620792623882
CE_PIECECOORDINATION:0.5171406272205582
CE_MATERIAL:0.4970839835317871
CE_KINGSAFETY:0.5
C_PIECESQUARETABLES:0.5
C_MOBILITY:0.4941184934948356
C_KINGSAFETY:0.5126680728938731
C_PAWNSTRUCTURE:0.49581633567670125
C_PIECECOORDINATION:0.5153302482226951
C_ROOK:0.5369059538193658
CE_ROOK:0.48480217721597585
C_CENTERCONTROL:0.4907813124566971
C_DEVELOPPIECES:0.48131052813926906
C_MATERIAL:0.5127548107004593
C_MOVECOUNT:0.4855472504276063
C_PAWNMOVEMENT:0.5227013263934289
