ELO:959
CE_PASSEDPAWNS:0.5
CE_PAWNWEAKNESSES:0.4881876003172877
CE_PIECEACTIVITY:0.5074921330856024
CE_KINGPAWNSHIELD:0.48863544927142216
CE_PIECECOORDINATION:0.5116209781671182
CE_MATERIAL:0.5031539275208278
CE_KINGSAFETY:0.5022753089440133
C_PIECESQUARETABLES:0.5156942607095655
C_MOBILITY:0.5022064109024347
C_KINGSAFETY:0.5000617472550158
C_PAWNSTRUCTURE:0.5030278435108108
C_PIECECOORDINATION:0.5
C_ROOKANDPAWNMOVEMENT:0.5
C_CENTERCONTROL:0.4998723228374196
C_DEVELOPPIECES:0.48516120605875207
C_MATERIAL:0.5309194225341874
C_MOVECOUNT:0.5055885862820155
