ELO:984
CE_PASSEDPAWNS:0.4588235544026109
CE_PAWNWEAKNESSES:0.46298635961728624
CE_PIECEACTIVITY:0.4757082231895722
CE_KINGPAWNSHIELD:0.4825942825214484
CE_PIECECOORDINATION:0.4859952206040168
CE_MATERIAL:0.42921116677987253
CE_KINGSAFETY:0.5
C_PIECESQUARETABLES:0.5048962190452532
C_MOBILITY:0.4476707807894334
C_KINGSAFETY:0.4683072670475287
C_PAWNSTRUCTURE:0.45581690591706137
C_PIECECOORDINATION:0.5277025534361454
C_ROOKANDPAWNMOVEMENT:0.5277025534361454
C_CENTERCONTROL:0.5407809322731068
C_DEVELOPPIECES:0.5131685995367429
C_MATERIAL:0.5089161793935738
