ELO:951
CE_PASSEDPAWNS:0.5572399432972026
CE_PAWNWEAKNESSES:0.5101938015342695
CE_PIECEACTIVITY:0.5142742581239429
CE_KINGPAWNSHIELD:0.5097216279616672
CE_PIECECOORDINATION:0.4997556492023736
CE_MATERIAL:0.445744720119702
CE_KINGSAFETY:0.4750213990631717
C_PIECESQUARETABLES:0.4995116694364702
C_MOBILITY:0.45108333420533253
C_KINGSAFETY:0.5031235687421075
C_PAWNSTRUCTURE:0.4536792836477428
C_PIECECOORDINATION:0.5127553577336406
C_ROOKANDPAWNMOVEMENT:0.5127553577336406
C_CENTERCONTROL:0.4759709624339066
C_DEVELOPPIECES:0.4307655201907351
C_MATERIAL:0.5050417585299377
