ELO:939
CE_PASSEDPAWNS:0.5455460873326959
CE_PAWNWEAKNESSES:0.5234686988078878
CE_PIECEACTIVITY:0.5378746646909435
CE_KINGPAWNSHIELD:0.53937326426135
CE_PIECECOORDINATION:0.521529031286997
CE_MATERIAL:0.42211328899867
CE_KINGSAFETY:0.4985608616611891
C_PIECESQUARETABLES:0.4876319578126444
C_MOBILITY:0.44113323055665193
C_KINGSAFETY:0.5207891759076796
C_PAWNSTRUCTURE:0.41556327362335255
C_PIECECOORDINATION:0.4942807797773793
C_ROOKANDPAWNMOVEMENT:0.4942807797773793
C_CENTERCONTROL:0.4976520805917585
C_DEVELOPPIECES:0.3964972211102952
C_MATERIAL:0.5004919820223177
