ELO:926
CE_PASSEDPAWNS:0.445979661621958
CE_PAWNWEAKNESSES:0.4257642670090041
CE_PIECEACTIVITY:0.48623656000369747
CE_KINGPAWNSHIELD:0.4986644667457446
CE_PIECECOORDINATION:0.48640011431388647
CE_MATERIAL:0.4453184379366306
CE_KINGSAFETY:0.4725991045685455
C_PIECESQUARETABLES:0.4752332550099609
C_MOBILITY:0.4603104941120354
C_KINGSAFETY:0.44163776350836115
C_PAWNSTRUCTURE:0.38478113428334404
C_PIECECOORDINATION:0.577136845115993
C_ROOKANDPAWNMOVEMENT:0.577136845115993
C_CENTERCONTROL:0.5972367173463862
C_DEVELOPPIECES:0.5054231523402858
C_MATERIAL:0.539559848501119
