ELO:1000
CE_PASSEDPAWNS:0.4782263269159159
CE_PAWNWEAKNESSES:0.4588525983088442
CE_PIECEACTIVITY:0.4880281035758193
CE_KINGPAWNSHIELD:0.5201771497216873
CE_PIECECOORDINATION:0.5237742542644953
CE_MATERIAL:0.5259551521217808
CE_KINGSAFETY:0.5031008998331865
C_PIECESQUARETABLES:0.5
C_MOBILITY:0.45441997545585266
C_KINGSAFETY:0.5323735867899366
C_PAWNSTRUCTURE:0.47161020824628763
C_PIECECOORDINATION:0.5589981968057001
C_ROOKANDPAWNMOVEMENT:0.5589981968057001
C_CENTERCONTROL:0.49431085818014964
C_DEVELOPPIECES:0.4667570604201874
C_MATERIAL:0.5174800330780762
