ELO:883
CE_PASSEDPAWNS:0.44985098435042964
CE_PAWNWEAKNESSES:0.4940714712362331
CE_PIECEACTIVITY:0.509434208727966
CE_KINGPAWNSHIELD:0.44140562166894226
CE_PIECECOORDINATION:0.4123346794348176
CE_MATERIAL:0.43446665702843607
CE_KINGSAFETY:0.4789801344017316
C_PIECESQUARETABLES:0.5293870868577701
C_MOBILITY:0.5279614893440322
C_KINGSAFETY:0.3664327778286309
C_PAWNSTRUCTURE:0.4782278934949988
C_PIECECOORDINATION:0.505537645313109
C_ROOKANDPAWNMOVEMENT:0.505537645313109
C_CENTERCONTROL:0.47032647612155426
C_DEVELOPPIECES:0.5028208083759916
C_MATERIAL:0.5070294402664324
C_MOVECOUNT:0.5
