ELO:942
CE_PASSEDPAWNS:0.4932168323761397
CE_PAWNWEAKNESSES:0.4962886785286081
CE_PIECEACTIVITY:0.5263404658171404
CE_KINGPAWNSHIELD:0.5085501092127142
CE_PIECECOORDINATION:0.5380209407625473
CE_MATERIAL:0.4879190473532091
CE_KINGSAFETY:0.516560050257985
C_PIECESQUARETABLES:0.5611908415549338
C_MOBILITY:0.49709489933849
C_KINGSAFETY:0.4976562428499591
C_PAWNSTRUCTURE:0.5034899349194539
C_PIECECOORDINATION:0.4902974587622655
C_ROOKANDPAWNMOVEMENT:0.4902974587622655
C_CENTERCONTROL:0.48932262670574433
C_DEVELOPPIECES:0.4878910231149813
C_MATERIAL:0.5124703239090382
C_MOVECOUNT:0.5
