ELO:1001
CE_PASSEDPAWNS:0.4467820010077719
CE_PAWNWEAKNESSES:0.4749519101512309
CE_PIECEACTIVITY:0.5283436979411306
CE_KINGPAWNSHIELD:0.5369866221067658
CE_PIECECOORDINATION:0.5004487228535852
CE_MATERIAL:0.4530259341638087
CE_KINGSAFETY:0.46733481040877933
C_PIECESQUARETABLES:0.484933973523712
C_MOBILITY:0.4423606495768293
C_KINGSAFETY:0.48095697500294854
C_PAWNSTRUCTURE:0.46592827726408576
C_PIECECOORDINATION:0.5251994359451811
C_ROOKANDPAWNMOVEMENT:0.5251994359451811
C_CENTERCONTROL:0.5437580686493356
C_DEVELOPPIECES:0.4957763593110438
C_MATERIAL:0.477348898362162
