ELO:1044
CE_PASSEDPAWNS:0.48430081135652187
CE_PAWNWEAKNESSES:0.5123765531477057
CE_PIECEACTIVITY:0.5395726004734633
CE_KINGPAWNSHIELD:0.5121659832435179
CE_PIECECOORDINATION:0.4970139167747844
CE_MATERIAL:0.492576952156938
CE_KINGSAFETY:0.5
C_PIECESQUARETABLES:0.5
C_MOBILITY:0.4951426635128971
C_KINGSAFETY:0.48784219052289074
C_PAWNSTRUCTURE:0.49474513666963427
C_PIECECOORDINATION:0.46230714489505703
C_ROOKANDPAWNMOVEMENT:0.46230714489505703
C_CENTERCONTROL:0.4884084696350186
C_DEVELOPPIECES:0.446078422093933
C_MATERIAL:0.5272109953476026
C_MOVECOUNT:0.535154081230866
