ELO:931
CE_PASSEDPAWNS:0.549599513024475
CE_PAWNWEAKNESSES:0.5374647136076384
CE_PIECEACTIVITY:0.5579111219128912
CE_KINGPAWNSHIELD:0.5394884095230285
CE_PIECECOORDINATION:0.5379959579549758
CE_MATERIAL:0.42014389533963503
CE_KINGSAFETY:0.5261929309244212
C_PIECESQUARETABLES:0.5025417945022456
C_MOBILITY:0.4330099937524449
C_KINGSAFETY:0.532408665600177
C_PAWNSTRUCTURE:0.39189488994495847
C_PIECECOORDINATION:0.47996855957811124
C_ROOKANDPAWNMOVEMENT:0.47996855957811124
C_CENTERCONTROL:0.4677911243205492
C_DEVELOPPIECES:0.4118023442547919
C_MATERIAL:0.4780973103067067
