ELO:1000
CE_PASSEDPAWNS:0.5
CE_PAWNWEAKNESSES:0.49327588678773726
CE_PIECEACTIVITY:0.4958383267420056
CE_KINGPAWNSHIELD:0.5
CE_PIECECOORDINATION:0.4935003159942732
CE_MATERIAL:0.5
CE_KINGSAFETY:0.5007809699006225
C_PIECESQUARETABLES:0.5011848969507671
C_MOBILITY:0.4994348367682158
C_KINGSAFETY:0.4943079862871041
C_PAWNSTRUCTURE:0.5116162529816567
C_PIECECOORDINATION:0.5
C_ROOK:0.48876870165470404
CE_ROOK:0.5
C_CENTERCONTROL:0.5073653899107631
C_DEVELOPPIECES:0.49562861956060333
C_MATERIAL:0.4905221751968907
C_MOVECOUNT:0.5
C_PAWNMOVEMENT:0.4895223687731301
