ELO:942
CE_PASSEDPAWNS:0.4951786561701492
CE_PAWNWEAKNESSES:0.5378385460813504
CE_PIECEACTIVITY:0.552903101993371
CE_KINGPAWNSHIELD:0.5342020549947463
CE_PIECECOORDINATION:0.515294706380725
CE_MATERIAL:0.4928390243434879
CE_KINGSAFETY:0.48511662500124386
C_PIECESQUARETABLES:0.4815535099949425
C_MOBILITY:0.5212842372189
C_KINGSAFETY:0.5060774627788756
C_PAWNSTRUCTURE:0.5029087438569315
C_PIECECOORDINATION:0.4502327675832116
C_ROOKANDPAWNMOVEMENT:0.4502327675832116
C_CENTERCONTROL:0.491312165907166
C_DEVELOPPIECES:0.5188330290638056
C_MATERIAL:0.4929489554552542
C_MOVECOUNT:0.45819009709320757
