ELO:910
CE_PASSEDPAWNS:0.5278600533601787
CE_PAWNWEAKNESSES:0.4763467633218897
CE_PIECEACTIVITY:0.5273290155058106
CE_KINGPAWNSHIELD:0.4376585368141326
CE_PIECECOORDINATION:0.5327745324332904
CE_MATERIAL:0.4320780394348626
CE_KINGSAFETY:0.5414609784064076
C_PIECESQUARETABLES:0.5400724856458912
C_MOBILITY:0.5387005944212633
C_KINGSAFETY:0.5149166592448032
C_PAWNSTRUCTURE:0.48712171651454833
C_PIECECOORDINATION:0.5209270331489191
C_ROOKANDPAWNMOVEMENT:0.5209270331489191
C_CENTERCONTROL:0.4534532097568715
C_DEVELOPPIECES:0.4451875213761509
C_MATERIAL:0.5494923785740904
