ELO:1011
CE_PASSEDPAWNS:0.5
CE_PAWNWEAKNESSES:0.505704037608437
CE_PIECEACTIVITY:0.5
CE_KINGPAWNSHIELD:0.5
CE_PIECECOORDINATION:0.5084602598934956
CE_MATERIAL:0.4935266482784638
CE_KINGSAFETY:0.5003858711213406
C_PIECESQUARETABLES:0.4983013074659179
C_MOBILITY:0.5
C_KINGSAFETY:0.5
C_PAWNSTRUCTURE:0.5
C_PIECECOORDINATION:0.5
C_ROOK:0.5
CE_ROOK:0.5
C_CENTERCONTROL:0.5
C_DEVELOPPIECES:0.5
C_MATERIAL:0.5
C_MOVECOUNT:0.5
C_PAWNMOVEMENT:0.5
