ELO:802
CE_PASSEDPAWNS:0.41467095918709207
CE_PAWNWEAKNESSES:0.4989378328148312
CE_PIECEACTIVITY:0.4946354071353906
CE_KINGPAWNSHIELD:0.445906382640653
CE_PIECECOORDINATION:0.5083072660775161
CE_MATERIAL:0.45892061045708443
CE_KINGSAFETY:0.49173739591742627
C_PIECESQUARETABLES:0.547868740818214
C_MOBILITY:0.5158996416362881
C_KINGSAFETY:0.39356666227584935
C_PAWNSTRUCTURE:0.5506715864170771
C_PIECECOORDINATION:0.5706008840765995
C_ROOKANDPAWNMOVEMENT:0.5706008840765995
C_CENTERCONTROL:0.4847791067512938
C_DEVELOPPIECES:0.40362468174108695
C_MATERIAL:0.4248004538090209
C_MOVECOUNT:0.5
