ELO:973
CE_PASSEDPAWNS:0.48928014119418894
CE_PAWNWEAKNESSES:0.513527058044236
CE_PIECEACTIVITY:0.5005423335833814
CE_KINGPAWNSHIELD:0.5049604864615309
CE_PIECECOORDINATION:0.5
CE_MATERIAL:0.4976093288948715
CE_KINGSAFETY:0.5163182782734345
C_PIECESQUARETABLES:0.49721754158190845
C_MOBILITY:0.5
C_KINGSAFETY:0.5028114045468888
C_PAWNSTRUCTURE:0.5
C_PIECECOORDINATION:0.5
C_ROOKANDPAWNMOVEMENT:0.5
C_CENTERCONTROL:0.4942949626481104
C_DEVELOPPIECES:0.500300636455585
C_MATERIAL:0.4999745153581949
C_MOVECOUNT:0.5
