ELO:939
CE_PASSEDPAWNS:0.5431000773599731
CE_PAWNWEAKNESSES:0.5138039461335263
CE_PIECEACTIVITY:0.5295406221751164
CE_KINGPAWNSHIELD:0.5422709539079043
CE_PIECECOORDINATION:0.514992892812402
CE_MATERIAL:0.4296313924642896
CE_KINGSAFETY:0.5
C_PIECESQUARETABLES:0.5
C_MOBILITY:0.43061198994848493
C_KINGSAFETY:0.5259009341790247
C_PAWNSTRUCTURE:0.4208622462587962
C_PIECECOORDINATION:0.486599522751387
C_ROOKANDPAWNMOVEMENT:0.486599522751387
C_CENTERCONTROL:0.4976520805917585
C_DEVELOPPIECES:0.40886736155210934
C_MATERIAL:0.5004919820223177
