ELO:1033
CE_PASSEDPAWNS:0.4984944715270213
CE_PAWNWEAKNESSES:0.5048955438261592
CE_PIECEACTIVITY:0.5171996192409746
CE_KINGPAWNSHIELD:0.5
CE_PIECECOORDINATION:0.5135191622050275
CE_MATERIAL:0.48426420079647864
CE_KINGSAFETY:0.5
C_PIECESQUARETABLES:0.5
C_MOBILITY:0.46926040748353487
C_KINGSAFETY:0.477706704182355
C_PAWNSTRUCTURE:0.5014122474366084
C_PIECECOORDINATION:0.5
C_ROOK:0.5096048013706082
CE_ROOK:0.4935121825709985
C_CENTERCONTROL:0.4969546341942513
C_DEVELOPPIECES:0.4942381983147077
C_MATERIAL:0.5180966590467132
C_MOVECOUNT:0.49994018069238577
C_PAWNMOVEMENT:0.5130604514977438
