ELO:1035
CE_PASSEDPAWNS:0.49466509944209847
CE_PAWNWEAKNESSES:0.5
CE_PIECEACTIVITY:0.522472322551813
CE_KINGPAWNSHIELD:0.5231747007757428
CE_PIECECOORDINATION:0.5087590866043682
CE_MATERIAL:0.46050328956574665
CE_KINGSAFETY:0.5
C_PIECESQUARETABLES:0.5
C_MOBILITY:0.5164581125171444
C_KINGSAFETY:0.4840205380456301
C_PAWNSTRUCTURE:0.5123668856146419
C_PIECECOORDINATION:0.5403332584563588
C_ROOK:0.49228219716873883
CE_ROOK:0.5
C_CENTERCONTROL:0.5243245996893939
C_DEVELOPPIECES:0.539108871080059
C_MATERIAL:0.4799634844443406
C_MOVECOUNT:0.4843004997254273
C_PAWNMOVEMENT:0.5054683034682986
