ELO:1009
CE_PASSEDPAWNS:0.49466509944209847
CE_PAWNWEAKNESSES:0.5
CE_PIECEACTIVITY:0.522472322551813
CE_KINGPAWNSHIELD:0.5061944852608466
CE_PIECECOORDINATION:0.5080308433606796
CE_MATERIAL:0.5033222122461822
CE_KINGSAFETY:0.5
C_PIECESQUARETABLES:0.5
C_MOBILITY:0.49667033332078464
C_KINGSAFETY:0.45404139381650016
C_PAWNSTRUCTURE:0.4959800873894563
C_PIECECOORDINATION:0.5161112147581152
C_ROOK:0.49228219716873883
CE_ROOK:0.508818847384648
C_CENTERCONTROL:0.5243245996893939
C_DEVELOPPIECES:0.5459323106087586
C_MATERIAL:0.5028110968219632
C_MOVECOUNT:0.4923646067896574
C_PAWNMOVEMENT:0.4784800926892652
