ELO:912
CE_PASSEDPAWNS:0.5343330198144405
CE_PAWNWEAKNESSES:0.5186124742422997
CE_PIECEACTIVITY:0.5693564009943055
CE_KINGPAWNSHIELD:0.5381293052967017
CE_PIECECOORDINATION:0.5056792556432578
CE_MATERIAL:0.3947170498567197
CE_KINGSAFETY:0.5035068649660034
C_PIECESQUARETABLES:0.4461097843084055
C_MOBILITY:0.4303754466734378
C_KINGSAFETY:0.6145362872128625
C_PAWNSTRUCTURE:0.3718963103583177
C_PIECECOORDINATION:0.5127911711959471
C_ROOKANDPAWNMOVEMENT:0.5127911711959471
C_CENTERCONTROL:0.4589601538635426
C_DEVELOPPIECES:0.4067137900625117
C_MATERIAL:0.5434499432432536
