ELO:1011
CE_PASSEDPAWNS:0.5027230560981786
CE_PAWNWEAKNESSES:0.5048955438261592
CE_PIECEACTIVITY:0.49556685037013515
CE_KINGPAWNSHIELD:0.541125425319214
CE_PIECECOORDINATION:0.4858273279290439
CE_MATERIAL:0.5061820749371356
CE_KINGSAFETY:0.5
C_PIECESQUARETABLES:0.5
C_MOBILITY:0.4967337857073545
C_KINGSAFETY:0.5054302180823947
C_PAWNSTRUCTURE:0.47960076828113696
C_PIECECOORDINATION:0.5108479716225487
C_ROOK:0.4913666979501575
CE_ROOK:0.4935121825709985
C_CENTERCONTROL:0.5030476537102214
C_DEVELOPPIECES:0.5062155232727209
C_MATERIAL:0.46455180187049616
C_MOVECOUNT:0.4893946631901586
C_PAWNMOVEMENT:0.5130604514977438
