ELO:1000
CE_PASSEDPAWNS:0.47408195078289134
CE_PAWNWEAKNESSES:0.45538535379958783
CE_PIECEACTIVITY:0.5212955187388394
CE_KINGPAWNSHIELD:0.547983857433178
CE_PIECECOORDINATION:0.5341200598366692
CE_MATERIAL:0.49758269658616994
CE_KINGSAFETY:0.4728609710305192
C_PIECESQUARETABLES:0.5263196646467465
C_MOBILITY:0.4485628457506092
C_KINGSAFETY:0.5019196663759202
C_PAWNSTRUCTURE:0.4952747145749419
C_PIECECOORDINATION:0.5248753997117986
C_ROOKANDPAWNMOVEMENT:0.5248753997117986
C_CENTERCONTROL:0.5129455251995694
C_DEVELOPPIECES:0.49073023480600864
C_MATERIAL:0.5278676257426843
