ELO:953
CE_PASSEDPAWNS:0.5132240513852369
CE_PAWNWEAKNESSES:0.4960287949802879
CE_PIECEACTIVITY:0.4813824418487463
CE_KINGPAWNSHIELD:0.5012258459584631
CE_PIECECOORDINATION:0.5029888331603619
CE_MATERIAL:0.4993037999491096
CE_KINGSAFETY:0.5
C_PIECESQUARETABLES:0.5
C_MOBILITY:0.5090428569928326
C_KINGSAFETY:0.5118601974454458
C_PAWNSTRUCTURE:0.5207458072853128
C_PIECECOORDINATION:0.49571414326198293
C_ROOKANDPAWNMOVEMENT:0.49571414326198293
C_CENTERCONTROL:0.4479033668148358
C_DEVELOPPIECES:0.5042619920747541
C_MATERIAL:0.5130798190547841
C_MOVECOUNT:0.5
