ELO:987
CE_PASSEDPAWNS:0.45778872637659124
CE_PAWNWEAKNESSES:0.5008343936485816
CE_PIECEACTIVITY:0.49491084292656146
CE_KINGPAWNSHIELD:0.46584189634257955
CE_PIECECOORDINATION:0.48566046107677696
CE_MATERIAL:0.43707446682503415
CE_KINGSAFETY:0.5107227867938758
C_PIECESQUARETABLES:0.48152094190368405
C_MOBILITY:0.44859364985659
C_KINGSAFETY:0.467415846959955
C_PAWNSTRUCTURE:0.4580573983740141
C_PIECECOORDINATION:0.5277025534361454
C_ROOKANDPAWNMOVEMENT:0.5277025534361454
C_CENTERCONTROL:0.5409141528809994
C_DEVELOPPIECES:0.5153711501943338
C_MATERIAL:0.5162837863593458
