ELO:924
CE_PASSEDPAWNS:0.5634162068792029
CE_PAWNWEAKNESSES:0.5523246788596748
CE_PIECEACTIVITY:0.5481252441900826
CE_KINGPAWNSHIELD:0.5532525862678647
CE_PIECECOORDINATION:0.5475520382158953
CE_MATERIAL:0.41429086762935863
CE_KINGSAFETY:0.4919192159267966
C_PIECESQUARETABLES:0.4820735343871082
C_MOBILITY:0.4087199588127177
C_KINGSAFETY:0.5498071542610427
C_PAWNSTRUCTURE:0.40570617636157474
C_PIECECOORDINATION:0.4514439290106263
C_ROOKANDPAWNMOVEMENT:0.4514439290106263
C_CENTERCONTROL:0.46411786787212017
C_DEVELOPPIECES:0.3881849204785904
C_MATERIAL:0.47131665047093035
