ELO:898
CE_PASSEDPAWNS:0.501047876038925
CE_PAWNWEAKNESSES:0.5311103005933266
CE_PIECEACTIVITY:0.48614237556256645
CE_KINGPAWNSHIELD:0.5171360329910466
CE_PIECECOORDINATION:0.5670249024688703
CE_MATERIAL:0.5136643825763224
CE_KINGSAFETY:0.5093165521324869
C_PIECESQUARETABLES:0.5521865790455696
C_MOBILITY:0.5294314891916534
C_KINGSAFETY:0.50583195382433
C_PAWNSTRUCTURE:0.5051788305974806
C_PIECECOORDINATION:0.4970322404824442
C_ROOKANDPAWNMOVEMENT:0.4970322404824442
C_CENTERCONTROL:0.5194598367434013
C_DEVELOPPIECES:0.49697377190991315
C_MATERIAL:0.4390871944643743
C_MOVECOUNT:0.5
