ELO:1006
CE_PASSEDPAWNS:0.5
CE_PAWNWEAKNESSES:0.5098776996926997
CE_PIECEACTIVITY:0.5102845454903673
CE_KINGPAWNSHIELD:0.5212116974951747
CE_PIECECOORDINATION:0.4889617214922788
CE_MATERIAL:0.4790135731595549
CE_KINGSAFETY:0.4939471095400655
C_PIECESQUARETABLES:0.4894832409799065
C_MOBILITY:0.5012071175133499
C_KINGSAFETY:0.5
C_PAWNSTRUCTURE:0.4952795483200367
C_PIECECOORDINATION:0.4977512736314602
C_ROOK:0.5010900715938008
CE_ROOK:0.5182094568497894
C_CENTERCONTROL:0.506607366151247
C_DEVELOPPIECES:0.4957974615260473
C_MATERIAL:0.5
C_MOVECOUNT:0.4860289671054306
C_PAWNMOVEMENT:0.48725397173071283
