ELO:850
CE_PASSEDPAWNS:0.4555399864249825
CE_PAWNWEAKNESSES:0.5037960089493942
CE_PIECEACTIVITY:0.5198656726914579
CE_KINGPAWNSHIELD:0.46516210326440666
CE_PIECECOORDINATION:0.43297218218097344
CE_MATERIAL:0.4921435328921555
CE_KINGSAFETY:0.456833331949595
C_PIECESQUARETABLES:0.5265475566915752
C_MOBILITY:0.534019426078064
C_KINGSAFETY:0.4425292757997389
C_PAWNSTRUCTURE:0.48173099513092604
C_PIECECOORDINATION:0.49897469480337686
C_ROOKANDPAWNMOVEMENT:0.49897469480337686
C_CENTERCONTROL:0.4975110111325153
C_DEVELOPPIECES:0.5024056263333966
C_MATERIAL:0.5099651069758929
C_MOVECOUNT:0.5
