ELO:1000
CE_PASSEDPAWNS:0.46908801279487544
CE_PAWNWEAKNESSES:0.44926788495697456
CE_PIECEACTIVITY:0.5284479568130759
CE_KINGPAWNSHIELD:0.5558940579095899
CE_PIECECOORDINATION:0.5428133210005773
CE_MATERIAL:0.5304731600189952
CE_KINGSAFETY:0.5
C_PIECESQUARETABLES:0.5
C_MOBILITY:0.4396720787336718
C_KINGSAFETY:0.5192608812150443
C_PAWNSTRUCTURE:0.4976639072428741
C_PIECECOORDINATION:0.5353727894021487
C_ROOKANDPAWNMOVEMENT:0.5353727894021487
C_CENTERCONTROL:0.5189100963276438
C_DEVELOPPIECES:0.4953579108847887
C_MATERIAL:0.538898897835623
