ELO:953
CE_PASSEDPAWNS:0.5431000773599731
CE_PAWNWEAKNESSES:0.5172654061914975
CE_PIECEACTIVITY:0.5197210436876508
CE_KINGPAWNSHIELD:0.5422709539079043
CE_PIECECOORDINATION:0.5197116890434555
CE_MATERIAL:0.4417809498408139
CE_KINGSAFETY:0.5060573063982211
C_PIECESQUARETABLES:0.491731926367712
C_MOBILITY:0.45177406937748243
C_KINGSAFETY:0.5242668181305175
C_PAWNSTRUCTURE:0.42930134811079224
C_PIECECOORDINATION:0.486599522751387
C_ROOKANDPAWNMOVEMENT:0.486599522751387
C_CENTERCONTROL:0.5034103908391887
C_DEVELOPPIECES:0.40886736155210934
C_MATERIAL:0.509474518306736
