ELO:914
CE_PASSEDPAWNS:0.434434603772823
CE_PAWNWEAKNESSES:0.5375209018202017
CE_PIECEACTIVITY:0.49202426609004174
CE_KINGPAWNSHIELD:0.4387281631826374
CE_PIECECOORDINATION:0.4811850807662801
CE_MATERIAL:0.49874450779590046
CE_KINGSAFETY:0.5
C_PIECESQUARETABLES:0.5
C_MOBILITY:0.49332429992192595
C_KINGSAFETY:0.43890048431417983
C_PAWNSTRUCTURE:0.40774961479258204
C_PIECECOORDINATION:0.5866455070939013
C_ROOKANDPAWNMOVEMENT:0.5866455070939013
C_CENTERCONTROL:0.5191910240225506
C_DEVELOPPIECES:0.5118674260868151
C_MATERIAL:0.5815191326026669
