ELO:991
CE_PASSEDPAWNS:0.5229171047242581
CE_PAWNWEAKNESSES:0.4747266971979074
CE_PIECEACTIVITY:0.5024647463481023
CE_KINGPAWNSHIELD:0.5348644230623094
CE_PIECECOORDINATION:0.4846973356516632
CE_MATERIAL:0.4694181679613265
CE_KINGSAFETY:0.5
C_PIECESQUARETABLES:0.5062794673741966
C_MOBILITY:0.5731414884420653
C_KINGSAFETY:0.5142433079193791
C_PAWNSTRUCTURE:0.46054427260367564
C_PIECECOORDINATION:0.49481266204964397
C_ROOKANDPAWNMOVEMENT:0.49481266204964397
C_CENTERCONTROL:0.43509766104366393
C_DEVELOPPIECES:0.4354212939766876
C_MATERIAL:0.6234991122067586
