ELO:934
CE_PASSEDPAWNS:0.47799184673866435
CE_PAWNWEAKNESSES:0.507457780054538
CE_PIECEACTIVITY:0.5432420604795721
CE_KINGPAWNSHIELD:0.47608424162315194
CE_PIECECOORDINATION:0.5170256514423397
CE_MATERIAL:0.4825303412743114
CE_KINGSAFETY:0.5088909208588739
C_PIECESQUARETABLES:0.5039101325289137
C_MOBILITY:0.5435615905966578
C_KINGSAFETY:0.5233684918565721
C_PAWNSTRUCTURE:0.48259854680820496
C_PIECECOORDINATION:0.5094866648687705
C_ROOKANDPAWNMOVEMENT:0.5094866648687705
C_CENTERCONTROL:0.5011574024227466
C_DEVELOPPIECES:0.48068689253475927
C_MATERIAL:0.5103617885870222
C_MOVECOUNT:0.49999298041484624
