ELO:925
CE_PASSEDPAWNS:0.4363688728932671
CE_PAWNWEAKNESSES:0.41729533748995223
CE_PIECEACTIVITY:0.45870947988098826
CE_KINGPAWNSHIELD:0.5266113393590993
CE_PIECECOORDINATION:0.4884667976942549
CE_MATERIAL:0.44887412417923106
CE_KINGSAFETY:0.5021237562426212
C_PIECESQUARETABLES:0.5099190149951812
C_MOBILITY:0.45053712806487467
C_KINGSAFETY:0.477645626721325
C_PAWNSTRUCTURE:0.40396625832872024
C_PIECECOORDINATION:0.5684125951026548
C_ROOKANDPAWNMOVEMENT:0.5684125951026548
C_CENTERCONTROL:0.5383476582324214
C_DEVELOPPIECES:0.5374132348584143
C_MATERIAL:0.542800574959973
