ELO:1000
CE_PASSEDPAWNS:0.5141789686759534
CE_PAWNWEAKNESSES:0.4857065031966184
CE_PIECEACTIVITY:0.502035299116511
CE_KINGPAWNSHIELD:0.5039080803624884
CE_PIECECOORDINATION:0.5119368519917006
CE_MATERIAL:0.4916307563383713
CE_KINGSAFETY:0.508820630237374
C_PIECESQUARETABLES:0.5126844818551595
C_MOBILITY:0.5042357289944971
C_KINGSAFETY:0.5088926594022509
C_PAWNSTRUCTURE:0.5063677135209474
C_PIECECOORDINATION:0.5219155716366689
C_ROOKANDPAWNMOVEMENT:0.5219155716366689
C_CENTERCONTROL:0.5086873170732242
C_DEVELOPPIECES:0.48796056689965805
C_MATERIAL:0.520753865576728
