ELO:976
CE_PASSEDPAWNS:0.537880517747367
CE_PAWNWEAKNESSES:0.5434224844103078
CE_PIECEACTIVITY:0.4732717401482482
CE_KINGPAWNSHIELD:0.512047026279177
CE_PIECECOORDINATION:0.5155838129107873
CE_MATERIAL:0.44898607125457435
CE_KINGSAFETY:0.4449768242102198
C_PIECESQUARETABLES:0.5542083090469999
C_MOBILITY:0.4633154067382657
C_KINGSAFETY:0.5169096810325889
C_PAWNSTRUCTURE:0.49731565712537634
C_PIECECOORDINATION:0.5292948797642258
C_ROOKANDPAWNMOVEMENT:0.5292948797642258
C_CENTERCONTROL:0.502525344980573
C_DEVELOPPIECES:0.4372738049378478
C_MATERIAL:0.491341034333413
