ELO:982
CE_PASSEDPAWNS:0.4749853294060873
CE_PAWNWEAKNESSES:0.5067522552866824
CE_PIECEACTIVITY:0.5020301064265351
CE_KINGPAWNSHIELD:0.4773727976875911
CE_PIECECOORDINATION:0.4789676437280624
CE_MATERIAL:0.5164516925039419
CE_KINGSAFETY:0.49272088038766076
C_PIECESQUARETABLES:0.4910430531617027
C_MOBILITY:0.5082287879079568
C_KINGSAFETY:0.4987385579373878
C_PAWNSTRUCTURE:0.5029835935566807
C_PIECECOORDINATION:0.5136394311861143
C_ROOKANDPAWNMOVEMENT:0.5136394311861143
C_CENTERCONTROL:0.45448661044838096
C_DEVELOPPIECES:0.4924664562537266
C_MATERIAL:0.47294885257735164
C_MOVECOUNT:0.5
