ELO:924
CE_PASSEDPAWNS:0.4325734168390299
CE_PAWNWEAKNESSES:0.49558202138127383
CE_PIECEACTIVITY:0.4993198401350131
CE_KINGPAWNSHIELD:0.42860656415218257
CE_PIECECOORDINATION:0.4228660139913709
CE_MATERIAL:0.42183536459603854
CE_KINGSAFETY:0.47844772689068876
C_PIECESQUARETABLES:0.5404615217830655
C_MOBILITY:0.5352792880147076
C_KINGSAFETY:0.3701100799530833
C_PAWNSTRUCTURE:0.48798115100160083
C_PIECECOORDINATION:0.4800346567586351
C_ROOKANDPAWNMOVEMENT:0.4800346567586351
C_CENTERCONTROL:0.4747015268987904
C_DEVELOPPIECES:0.48962932050874236
C_MATERIAL:0.5204339223155467
C_MOVECOUNT:0.5
