ELO:1030
CE_PASSEDPAWNS:0.5
CE_PAWNWEAKNESSES:0.4925647599873215
CE_PIECEACTIVITY:0.5
CE_KINGPAWNSHIELD:0.5
CE_PIECECOORDINATION:0.5017404272338245
CE_MATERIAL:0.5
CE_KINGSAFETY:0.5
C_PIECESQUARETABLES:0.5059525801304462
C_MOBILITY:0.5002007063540056
C_KINGSAFETY:0.5
C_PAWNSTRUCTURE:0.49737409303707164
C_PIECECOORDINATION:0.5027764068561914
C_ROOK:0.5
CE_ROOK:0.5
C_CENTERCONTROL:0.5
C_DEVELOPPIECES:0.4890161529578097
C_MATERIAL:0.49296319910081915
C_MOVECOUNT:0.5
C_PAWNMOVEMENT:0.5
