ELO:926
CE_PASSEDPAWNS:0.5009842596309021
CE_PAWNWEAKNESSES:0.5086776367090503
CE_PIECEACTIVITY:0.5169747353355836
CE_KINGPAWNSHIELD:0.48149139570156435
CE_PIECECOORDINATION:0.5241562996504163
CE_MATERIAL:0.4946964695055856
CE_KINGSAFETY:0.503409336745594
C_PIECESQUARETABLES:0.5027302906604925
C_MOBILITY:0.5234409033804137
C_KINGSAFETY:0.5241762420256227
C_PAWNSTRUCTURE:0.496215905150709
C_PIECECOORDINATION:0.4948798074330472
C_ROOKANDPAWNMOVEMENT:0.4948798074330472
C_CENTERCONTROL:0.5151410537824757
C_DEVELOPPIECES:0.4863535618747028
C_MATERIAL:0.4916854670780168
C_MOVECOUNT:0.49688109601664104
