ELO:1035
CE_PASSEDPAWNS:0.48361322329576545
CE_PAWNWEAKNESSES:0.4954728159053592
CE_PIECEACTIVITY:0.4989660628873137
CE_KINGPAWNSHIELD:0.5274779197817854
CE_PIECECOORDINATION:0.5002465030205382
CE_MATERIAL:0.49750902054535373
CE_KINGSAFETY:0.5
C_PIECESQUARETABLES:0.5
C_MOBILITY:0.4888070558741204
C_KINGSAFETY:0.5095925340721521
C_PAWNSTRUCTURE:0.5014122474366084
C_PIECECOORDINATION:0.534155015582187
C_ROOK:0.5099060923727498
CE_ROOK:0.5208891222659997
C_CENTERCONTROL:0.4819226877576229
C_DEVELOPPIECES:0.49778111311249335
C_MATERIAL:0.49971356348930207
C_MOVECOUNT:0.5003199788881134
C_PAWNMOVEMENT:0.5130604514977438
