ELO:1103
CE_PASSEDPAWNS:0.4599478493105759
CE_PAWNWEAKNESSES:0.4758548134368262
CE_PIECEACTIVITY:0.51219038230325
CE_KINGPAWNSHIELD:0.48676338818381
CE_PIECECOORDINATION:0.5147710415160389
CE_MATERIAL:0.49920656129641783
CE_KINGSAFETY:0.50071361041707
C_PIECESQUARETABLES:0.5422951903364955
C_MOBILITY:0.5104520023735325
C_KINGSAFETY:0.5316703811205317
C_PAWNSTRUCTURE:0.5011470648716329
C_PIECECOORDINATION:0.49275290593534427
C_ROOKANDPAWNMOVEMENT:0.49275290593534427
C_CENTERCONTROL:0.496297540620851
C_DEVELOPPIECES:0.43374709335878214
C_MATERIAL:0.5046786594130738
C_MOVECOUNT:0.5546623547835902
