ELO:906
CE_PASSEDPAWNS:0.5336655592616354
CE_PAWNWEAKNESSES:0.6277534323780507
CE_PIECEACTIVITY:0.5497593519952835
CE_KINGPAWNSHIELD:0.33270742466146563
CE_PIECECOORDINATION:0.5028185819002412
CE_MATERIAL:0.36710110009105656
CE_KINGSAFETY:0.49086650944418514
C_PIECESQUARETABLES:0.5097212467335182
C_MOBILITY:0.42774834096942427
C_KINGSAFETY:0.5038633088778232
C_PAWNSTRUCTURE:0.583692316981543
C_PIECECOORDINATION:0.5409686255248594
C_ROOKANDPAWNMOVEMENT:0.5409686255248594
C_CENTERCONTROL:0.5415613740174782
C_DEVELOPPIECES:0.4613059507432948
C_MATERIAL:0.5690107577894108
