ELO:917
CE_PASSEDPAWNS:0.4856037134720926
CE_PAWNWEAKNESSES:0.535128141779339
CE_PIECEACTIVITY:0.4769427406388835
CE_KINGPAWNSHIELD:0.4398343774198847
CE_PIECECOORDINATION:0.5826066585160048
CE_MATERIAL:0.6080123524464444
CE_KINGSAFETY:0.44745555888403166
C_PIECESQUARETABLES:0.4957693207148482
C_MOBILITY:0.45073176433673245
C_KINGSAFETY:0.4810338898738689
C_PAWNSTRUCTURE:0.5336735803692653
C_PIECECOORDINATION:0.426065402826001
C_ROOKANDPAWNMOVEMENT:0.426065402826001
C_CENTERCONTROL:0.6612358606520533
C_DEVELOPPIECES:0.47215554110110236
C_MATERIAL:0.4899596461829365
