ELO:920
CE_PASSEDPAWNS:0.5252156607825267
CE_PAWNWEAKNESSES:0.5070427535077914
CE_PIECEACTIVITY:0.5140288898520948
CE_KINGPAWNSHIELD:0.46239783871227824
CE_PIECECOORDINATION:0.5183601469775703
CE_MATERIAL:0.5002516752439663
CE_KINGSAFETY:0.5
C_PIECESQUARETABLES:0.49050619518328403
C_MOBILITY:0.5506178875416691
C_KINGSAFETY:0.4503398946555443
C_PAWNSTRUCTURE:0.46081194840210604
C_PIECECOORDINATION:0.474774587914695
C_ROOK:0.5348399728993746
CE_ROOK:0.46832049832884165
C_CENTERCONTROL:0.49411550084885575
C_DEVELOPPIECES:0.5278140489712575
C_MATERIAL:0.5043567003813999
C_MOVECOUNT:0.4919148193504301
C_PAWNMOVEMENT:0.5081816273649312
