ELO:940
CE_PASSEDPAWNS:0.5137489499952762
CE_PAWNWEAKNESSES:0.5230577969416101
CE_PIECEACTIVITY:0.529553113057841
CE_KINGPAWNSHIELD:0.4902625927178145
CE_PIECECOORDINATION:0.5272352527590831
CE_MATERIAL:0.48491418340387543
CE_KINGSAFETY:0.5090480387896769
C_PIECESQUARETABLES:0.5161012400472026
C_MOBILITY:0.5019497398256692
C_KINGSAFETY:0.47013795217942567
C_PAWNSTRUCTURE:0.4761847711654644
C_PIECECOORDINATION:0.48756591252918213
C_ROOK:0.5091094838053196
CE_ROOK:0.471066707346002
C_CENTERCONTROL:0.4981112177959408
C_DEVELOPPIECES:0.5550601433468166
C_MATERIAL:0.4916281162979211
C_MOVECOUNT:0.469389080423365
C_PAWNMOVEMENT:0.5089386638354303
