ELO:981
CE_PASSEDPAWNS:0.49140951645901115
CE_PAWNWEAKNESSES:0.6275234849572152
CE_PIECEACTIVITY:0.5309546838484919
CE_KINGPAWNSHIELD:0.4100087196633606
CE_PIECECOORDINATION:0.47887595273135103
CE_MATERIAL:0.3201589872080456
CE_KINGSAFETY:0.4712094289633269
C_PIECESQUARETABLES:0.525623381038165
C_MOBILITY:0.4017470430385112
C_KINGSAFETY:0.4648259626644371
C_PAWNSTRUCTURE:0.5158722452737701
C_PIECECOORDINATION:0.5702696420140072
C_ROOKANDPAWNMOVEMENT:0.5702696420140072
C_CENTERCONTROL:0.6358393295953652
C_DEVELOPPIECES:0.4688138094420449
C_MATERIAL:0.5733710161407836
