ELO:986
CE_PASSEDPAWNS:0.5024382693389633
CE_PAWNWEAKNESSES:0.49769682364141143
CE_PIECEACTIVITY:0.5029652469786507
CE_KINGPAWNSHIELD:0.5
CE_PIECECOORDINATION:0.5
CE_MATERIAL:0.5035747274181676
CE_KINGSAFETY:0.5
C_PIECESQUARETABLES:0.5
C_MOBILITY:0.508095267569779
C_KINGSAFETY:0.49731936319072045
C_PAWNSTRUCTURE:0.46527125067586966
C_PIECECOORDINATION:0.5098925407747809
C_ROOKANDPAWNMOVEMENT:0.5098925407747809
C_CENTERCONTROL:0.48559061116267405
C_DEVELOPPIECES:0.5
C_MATERIAL:0.48431889874340756
C_MOVECOUNT:0.5
