ELO:802
CE_PASSEDPAWNS:0.554435430823953
CE_PAWNWEAKNESSES:0.565518532388713
CE_PIECEACTIVITY:0.5247416513179334
CE_KINGPAWNSHIELD:0.5270437779458845
CE_PIECECOORDINATION:0.521493386747367
CE_MATERIAL:0.4692037499459215
CE_KINGSAFETY:0.5114531015122792
C_PIECESQUARETABLES:0.6093602869610194
C_MOBILITY:0.45495438849774145
C_KINGSAFETY:0.5548249392895891
C_PAWNSTRUCTURE:0.5285256310682893
C_PIECECOORDINATION:0.5173800700854891
C_ROOKANDPAWNMOVEMENT:0.5173800700854891
C_CENTERCONTROL:0.5191464132285398
C_DEVELOPPIECES:0.5248222681630378
C_MATERIAL:0.4392418336468161
C_MOVECOUNT:0.5
