ELO:1280
CE_PASSEDPAWNS:0.41984393360104366
CE_PAWNWEAKNESSES:0.4601435142661619
CE_PIECEACTIVITY:0.43666531189439195
CE_KINGPAWNSHIELD:0.49721457770832
CE_PIECECOORDINATION:0.46228186012835365
CE_MATERIAL:0.4958188716698154
CE_KINGSAFETY:0.4900957103314702
C_PIECESQUARETABLES:0.4626547066045268
C_MOBILITY:0.4604946418009261
C_KINGSAFETY:0.3788239636203157
C_PAWNSTRUCTURE:0.4550672154097677
C_PIECECOORDINATION:0.48742729276585184
C_ROOKANDPAWNMOVEMENT:0.48742729276585184
C_CENTERCONTROL:0.4790523110708801
C_DEVELOPPIECES:0.5882563927891491
C_MATERIAL:0.5840667912091554
