ELO:984
CE_PASSEDPAWNS:0.4957063943237638
CE_PAWNWEAKNESSES:0.522178785134473
CE_PIECEACTIVITY:0.47535281592061684
CE_KINGPAWNSHIELD:0.45880366635998715
CE_PIECECOORDINATION:0.5857971240653542
CE_MATERIAL:0.5389928656146847
CE_KINGSAFETY:0.5325405155603742
C_PIECESQUARETABLES:0.47777639739937294
C_MOBILITY:0.43222748263107
C_KINGSAFETY:0.4870938743204858
C_PAWNSTRUCTURE:0.5268581279926428
C_PIECECOORDINATION:0.49186281195572584
C_ROOKANDPAWNMOVEMENT:0.49186281195572584
C_CENTERCONTROL:0.5620740434981517
C_DEVELOPPIECES:0.503933598033894
C_MATERIAL:0.5127252413882468
