ELO:832
CE_PASSEDPAWNS:0.49379006486201316
CE_PAWNWEAKNESSES:0.5652920258741505
CE_PIECEACTIVITY:0.51275084253753
CE_KINGPAWNSHIELD:0.49159870882381096
CE_PIECECOORDINATION:0.4897575679723312
CE_MATERIAL:0.48953993115921035
CE_KINGSAFETY:0.5
C_PIECESQUARETABLES:0.48257201230206737
C_MOBILITY:0.48038508581802575
C_KINGSAFETY:0.49690242314729854
C_PAWNSTRUCTURE:0.49693720727115226
C_PIECECOORDINATION:0.5187432239302293
C_ROOKANDPAWNMOVEMENT:0.5187432239302293
C_CENTERCONTROL:0.47814291146520094
C_DEVELOPPIECES:0.41794039787713416
C_MATERIAL:0.5623271248643115
C_MOVECOUNT:0.5
