ELO:1007
CE_PASSEDPAWNS:0.5
CE_PAWNWEAKNESSES:0.4884168308505343
CE_PIECEACTIVITY:0.49536365589673287
CE_KINGPAWNSHIELD:0.48838641268835487
CE_PIECECOORDINATION:0.524187192796857
CE_MATERIAL:0.5087100753262999
CE_KINGSAFETY:0.5040459865145627
C_PIECESQUARETABLES:0.4655024190813628
C_MOBILITY:0.5
C_KINGSAFETY:0.4808585825449728
C_PAWNSTRUCTURE:0.501229042382046
C_PIECECOORDINATION:0.485541513039562
C_ROOK:0.5128575032275803
CE_ROOK:0.4847085606617821
C_CENTERCONTROL:0.5027413177069138
C_DEVELOPPIECES:0.5212396058651998
C_MATERIAL:0.5073521318313257
C_MOVECOUNT:0.5
C_PAWNMOVEMENT:0.4978214066757112
