ELO:757
CE_PASSEDPAWNS:0.5553421031005686
CE_PAWNWEAKNESSES:0.5416362341821601
CE_PIECEACTIVITY:0.5353793304567247
CE_KINGPAWNSHIELD:0.5287357938607303
CE_PIECECOORDINATION:0.48380621029177273
CE_MATERIAL:0.4890477714968385
CE_KINGSAFETY:0.5130739061066488
C_PIECESQUARETABLES:0.5807881869425018
C_MOBILITY:0.4722405246302247
C_KINGSAFETY:0.547410115799143
C_PAWNSTRUCTURE:0.5563875278478224
C_PIECECOORDINATION:0.5213546381452804
C_ROOKANDPAWNMOVEMENT:0.5213546381452804
C_CENTERCONTROL:0.5183300205305609
C_DEVELOPPIECES:0.5411967496980122
C_MATERIAL:0.4954588703263041
C_MOVECOUNT:0.5
