ELO:976
CE_PASSEDPAWNS:0.47541792282882633
CE_PAWNWEAKNESSES:0.5296892454777951
CE_PIECEACTIVITY:0.451387960188202
CE_KINGPAWNSHIELD:0.4560734035537454
CE_PIECECOORDINATION:0.5708524153382601
CE_MATERIAL:0.5329380227506667
CE_KINGSAFETY:0.5
C_PIECESQUARETABLES:0.49735863564122484
C_MOBILITY:0.4228323959477089
C_KINGSAFETY:0.4977779706204963
C_PAWNSTRUCTURE:0.5394911951416239
C_PIECECOORDINATION:0.44362487543980134
C_ROOKANDPAWNMOVEMENT:0.44362487543980134
C_CENTERCONTROL:0.5927732925818268
C_DEVELOPPIECES:0.5009337655833173
C_MATERIAL:0.5099693882186602
