ELO:718
CE_PASSEDPAWNS:0.46230190583523273
CE_PAWNWEAKNESSES:0.5787944592999149
CE_PIECEACTIVITY:0.539292848997637
CE_KINGPAWNSHIELD:0.5087263879160769
CE_PIECECOORDINATION:0.5518941635385326
CE_MATERIAL:0.42289723750449026
CE_KINGSAFETY:0.47949515714882335
C_PIECESQUARETABLES:0.650083682913692
C_MOBILITY:0.458649355170737
C_KINGSAFETY:0.5587101558368257
C_PAWNSTRUCTURE:0.5286561868311604
C_PIECECOORDINATION:0.5111061147014403
C_ROOKANDPAWNMOVEMENT:0.5111061147014403
C_CENTERCONTROL:0.5671206470454535
C_DEVELOPPIECES:0.5267881346442155
C_MATERIAL:0.48212540088663525
C_MOVECOUNT:0.5
