ELO:1108
CE_PASSEDPAWNS:0.48472627639943566
CE_PAWNWEAKNESSES:0.5719281612749215
CE_PIECEACTIVITY:0.4987077344929591
CE_KINGPAWNSHIELD:0.44714113482708356
CE_PIECECOORDINATION:0.5278728571118377
CE_MATERIAL:0.3755085214191366
CE_KINGSAFETY:0.5182908860267437
C_PIECESQUARETABLES:0.5385946221036233
C_MOBILITY:0.4187328135262421
C_KINGSAFETY:0.42681332078119744
C_PAWNSTRUCTURE:0.5172116418497971
C_PIECECOORDINATION:0.5596789647125683
C_ROOKANDPAWNMOVEMENT:0.5596789647125683
C_CENTERCONTROL:0.5282236631920763
C_DEVELOPPIECES:0.41452472681620006
C_MATERIAL:0.5603927022011476
