ELO:800
CE_PASSEDPAWNS:0.5684925960620744
CE_PAWNWEAKNESSES:0.5287047215483534
CE_PIECEACTIVITY:0.5235711757625399
CE_KINGPAWNSHIELD:0.5316096690977632
CE_PIECECOORDINATION:0.49209574509624177
CE_MATERIAL:0.49297128156473075
CE_KINGSAFETY:0.4933613925510646
C_PIECESQUARETABLES:0.586153233096472
C_MOBILITY:0.46716582275674673
C_KINGSAFETY:0.5290071745230064
C_PAWNSTRUCTURE:0.5380899297194941
C_PIECECOORDINATION:0.5018576733354576
C_ROOKANDPAWNMOVEMENT:0.5018576733354576
C_CENTERCONTROL:0.5076510643302832
C_DEVELOPPIECES:0.546654783351339
C_MATERIAL:0.4967978182388377
C_MOVECOUNT:0.5
