ELO:969
CE_PASSEDPAWNS:0.48774506869741524
CE_PAWNWEAKNESSES:0.49207305703759013
CE_PIECEACTIVITY:0.5058847946726098
CE_KINGPAWNSHIELD:0.5051975221758478
CE_PIECECOORDINATION:0.49696381046498744
CE_MATERIAL:0.5100680106733432
CE_KINGSAFETY:0.5145849349329016
C_PIECESQUARETABLES:0.49856554110343443
C_MOBILITY:0.5170030991487019
C_KINGSAFETY:0.504994849657974
C_PAWNSTRUCTURE:0.4997812211168124
C_PIECECOORDINATION:0.48906064262568605
C_ROOKANDPAWNMOVEMENT:0.48906064262568605
C_CENTERCONTROL:0.5066779441817068
C_DEVELOPPIECES:0.4919871402182519
C_MATERIAL:0.4725188866221554
