ELO:905
CE_PASSEDPAWNS:0.48995482930140893
CE_PAWNWEAKNESSES:0.492205568236858
CE_PIECEACTIVITY:0.45689185077940264
CE_KINGPAWNSHIELD:0.503954730139803
CE_PIECECOORDINATION:0.538964887019857
CE_MATERIAL:0.5004790270525902
CE_KINGSAFETY:0.4955266092457274
C_PIECESQUARETABLES:0.4996131523487994
C_MOBILITY:0.4886422555341195
C_KINGSAFETY:0.47912114092600633
C_PAWNSTRUCTURE:0.48282077076573376
C_PIECECOORDINATION:0.5197512248007059
C_ROOKANDPAWNMOVEMENT:0.5197512248007059
C_CENTERCONTROL:0.5202831508396699
C_DEVELOPPIECES:0.5037016894228513
C_MATERIAL:0.5039250606812422
C_MOVECOUNT:0.5
