ELO:1051
CE_PASSEDPAWNS:0.4931628573231589
CE_PAWNWEAKNESSES:0.5033963048406955
CE_PIECEACTIVITY:0.5
CE_KINGPAWNSHIELD:0.5
CE_PIECECOORDINATION:0.5
CE_MATERIAL:0.48798799971740436
CE_KINGSAFETY:0.5
C_PIECESQUARETABLES:0.49691382707253606
C_MOBILITY:0.5
C_KINGSAFETY:0.5093741701525988
C_PAWNSTRUCTURE:0.5
C_PIECECOORDINATION:0.5
C_ROOKANDPAWNMOVEMENT:0.5
C_CENTERCONTROL:0.5
C_DEVELOPPIECES:0.5
C_MATERIAL:0.504592496279156
C_MOVECOUNT:0.5
