ELO:968
CE_PASSEDPAWNS:0.5182494585652437
CE_PAWNWEAKNESSES:0.5137608736623015
CE_PIECEACTIVITY:0.5124948381978456
CE_KINGPAWNSHIELD:0.5219780229402113
CE_PIECECOORDINATION:0.49919163266659394
CE_MATERIAL:0.5098591578816624
CE_KINGSAFETY:0.49379442438980486
C_PIECESQUARETABLES:0.5079957391177755
C_MOBILITY:0.506135620030103
C_KINGSAFETY:0.5121743636784735
C_PAWNSTRUCTURE:0.48728519607284637
C_PIECECOORDINATION:0.47806454297507534
C_ROOKANDPAWNMOVEMENT:0.47806454297507534
C_CENTERCONTROL:0.500043173764113
C_DEVELOPPIECES:0.507676282095822
C_MATERIAL:0.48393746886957023
C_MOVECOUNT:0.5123994425171129
