ELO:796
CE_PASSEDPAWNS:0.4892448928669348
CE_PAWNWEAKNESSES:0.5703234328287179
CE_PIECEACTIVITY:0.5221296423958837
CE_KINGPAWNSHIELD:0.5074524570978273
CE_PIECECOORDINATION:0.5345786931881573
CE_MATERIAL:0.47480795260310266
CE_KINGSAFETY:0.5023402328973886
C_PIECESQUARETABLES:0.624415080814815
C_MOBILITY:0.45740448541641204
C_KINGSAFETY:0.5329464345158538
C_PAWNSTRUCTURE:0.52083000373315
C_PIECECOORDINATION:0.5137274423536534
C_ROOKANDPAWNMOVEMENT:0.5137274423536534
C_CENTERCONTROL:0.543374391482221
C_DEVELOPPIECES:0.5132466738641779
C_MATERIAL:0.4786549905654551
C_MOVECOUNT:0.5
