ELO:1181
CE_PASSEDPAWNS:0.5891086841935638
CE_PAWNWEAKNESSES:0.49659072323485165
CE_PIECEACTIVITY:0.5522746466820494
CE_KINGPAWNSHIELD:0.4192008746090767
CE_PIECECOORDINATION:0.46625420215041063
CE_MATERIAL:0.48242892136496474
CE_KINGSAFETY:0.5038979696532542
C_PIECESQUARETABLES:0.5
C_MOBILITY:0.46261598003579885
C_KINGSAFETY:0.3995663984708149
C_PAWNSTRUCTURE:0.5309393938276364
C_PIECECOORDINATION:0.46211884819497673
C_ROOKANDPAWNMOVEMENT:0.46211884819497673
C_CENTERCONTROL:0.4991241911730213
C_DEVELOPPIECES:0.44076046893686394
C_MATERIAL:0.5852273520815372
