ELO:914
CE_PASSEDPAWNS:0.4702154695568217
CE_PAWNWEAKNESSES:0.47475578865479184
CE_PIECEACTIVITY:0.4597123669113898
CE_KINGPAWNSHIELD:0.4630010487034495
CE_PIECECOORDINATION:0.4758435682120911
CE_MATERIAL:0.46772951346656405
CE_KINGSAFETY:0.49245333121184987
C_PIECESQUARETABLES:0.4913548347181433
C_MOBILITY:0.4800694476569287
C_KINGSAFETY:0.5073208410848091
C_PAWNSTRUCTURE:0.5273654527141292
C_PIECECOORDINATION:0.5259184713943041
C_ROOKANDPAWNMOVEMENT:0.5259184713943041
C_CENTERCONTROL:0.4912267640570304
C_DEVELOPPIECES:0.5033415439526523
C_MATERIAL:0.5091348572118901
C_MOVECOUNT:0.5852021790153616
