ELO:855
CE_PASSEDPAWNS:0.5616492083333545
CE_PAWNWEAKNESSES:0.6240985917823179
CE_PIECEACTIVITY:0.40259222804544237
CE_KINGPAWNSHIELD:0.6565537932875415
CE_PIECECOORDINATION:0.5022478105804199
CE_MATERIAL:0.38403776286205893
CE_KINGSAFETY:0.506455136631145
C_PIECESQUARETABLES:0.5168714818488621
C_MOBILITY:0.41088847875205275
C_KINGSAFETY:0.5226274937790573
C_PAWNSTRUCTURE:0.4451504213125801
C_PIECECOORDINATION:0.5637442099528344
C_ROOKANDPAWNMOVEMENT:0.5637442099528344
C_CENTERCONTROL:0.5308339154859539
C_DEVELOPPIECES:0.47464512852054036
C_MATERIAL:0.5271137141977555
