ELO:972
CE_PASSEDPAWNS:0.5166780248297212
CE_PAWNWEAKNESSES:0.5028145223745415
CE_PIECEACTIVITY:0.490171764075929
CE_KINGPAWNSHIELD:0.4932327487721846
CE_PIECECOORDINATION:0.5101974250286047
CE_MATERIAL:0.4825588289465778
CE_KINGSAFETY:0.4872366234767629
C_PIECESQUARETABLES:0.5106681311306099
C_MOBILITY:0.5064019357566591
C_KINGSAFETY:0.48896737562857057
C_PAWNSTRUCTURE:0.4939311329583957
C_PIECECOORDINATION:0.47535151356110666
C_ROOK:0.49892679067877455
CE_ROOK:0.48661495727872295
C_CENTERCONTROL:0.5123698992458093
C_DEVELOPPIECES:0.5392524919817465
C_MATERIAL:0.49686563096543923
C_MOVECOUNT:0.47707486193159465
C_PAWNMOVEMENT:0.5196376879507139
