ELO:979
CE_PASSEDPAWNS:0.4801513387730498
CE_PAWNWEAKNESSES:0.5237166745331088
CE_PIECEACTIVITY:0.451387960188202
CE_KINGPAWNSHIELD:0.4560734035537454
CE_PIECECOORDINATION:0.579821502922839
CE_MATERIAL:0.5329380227506667
CE_KINGSAFETY:0.5
C_PIECESQUARETABLES:0.4927173329808176
C_MOBILITY:0.42181227712716496
C_KINGSAFETY:0.4977779706204963
C_PAWNSTRUCTURE:0.5394911951416239
C_PIECECOORDINATION:0.4553576456065119
C_ROOKANDPAWNMOVEMENT:0.4553576456065119
C_CENTERCONTROL:0.5927732925818268
C_DEVELOPPIECES:0.5124667652496556
C_MATERIAL:0.5036085555157123
