ELO:1135
CE_PASSEDPAWNS:0.47518476693103895
CE_PAWNWEAKNESSES:0.5723543418794922
CE_PIECEACTIVITY:0.4706525015206645
CE_KINGPAWNSHIELD:0.4642830723977522
CE_PIECECOORDINATION:0.5050239495875649
CE_MATERIAL:0.411683000501313
CE_KINGSAFETY:0.5022378227805102
C_PIECESQUARETABLES:0.49718521936812127
C_MOBILITY:0.42769892975473867
C_KINGSAFETY:0.42548712774270947
C_PAWNSTRUCTURE:0.5161055757780395
C_PIECECOORDINATION:0.5675183708305804
C_ROOKANDPAWNMOVEMENT:0.5675183708305804
C_CENTERCONTROL:0.5145468984989136
C_DEVELOPPIECES:0.3951341194839902
C_MATERIAL:0.5576619979822476
