ELO:734
CE_PASSEDPAWNS:0.45862305893234223
CE_PAWNWEAKNESSES:0.476591488608067
CE_PIECEACTIVITY:0.42045382997237335
CE_KINGPAWNSHIELD:0.5208937920248897
CE_PIECECOORDINATION:0.5344100068000837
CE_MATERIAL:0.4828434197119267
CE_KINGSAFETY:0.5064166283862346
C_PIECESQUARETABLES:0.45936568914312453
C_MOBILITY:0.4565748666102319
C_KINGSAFETY:0.509763598317771
C_PAWNSTRUCTURE:0.6062413273910681
C_PIECECOORDINATION:0.5387427186134695
C_ROOKANDPAWNMOVEMENT:0.5387427186134695
C_CENTERCONTROL:0.5022671887981202
C_DEVELOPPIECES:0.45220420471188116
C_MATERIAL:0.3976247089825986
C_MOVECOUNT:0.4843257966899209
