ELO:1022
CE_PASSEDPAWNS:0.46080913495095865
CE_PAWNWEAKNESSES:0.5622364037153815
CE_PIECEACTIVITY:0.5250714146679143
CE_KINGPAWNSHIELD:0.4196531618969005
CE_PIECECOORDINATION:0.5150450829358381
CE_MATERIAL:0.36700656205887366
CE_KINGSAFETY:0.5043163413947548
C_PIECESQUARETABLES:0.5142273207528862
C_MOBILITY:0.39628587771590984
C_KINGSAFETY:0.4431895201319509
C_PAWNSTRUCTURE:0.49677968814869367
C_PIECECOORDINATION:0.5293930859179057
C_ROOKANDPAWNMOVEMENT:0.5293930859179057
C_CENTERCONTROL:0.5748671442341592
C_DEVELOPPIECES:0.4382830993002461
C_MATERIAL:0.5663882819504936
