ELO:976
CE_PASSEDPAWNS:0.5178104788960213
CE_PAWNWEAKNESSES:0.5092310893359491
CE_PIECEACTIVITY:0.5097813002660448
CE_KINGPAWNSHIELD:0.5
CE_PIECECOORDINATION:0.48945028735686785
CE_MATERIAL:0.5
CE_KINGSAFETY:0.49138955270950563
C_PIECESQUARETABLES:0.49930122011331873
C_MOBILITY:0.49847308060437695
C_KINGSAFETY:0.5166309850339517
C_PAWNSTRUCTURE:0.49052865843956184
C_PIECECOORDINATION:0.5036008012756701
C_ROOKANDPAWNMOVEMENT:0.5036008012756701
C_CENTERCONTROL:0.5
C_DEVELOPPIECES:0.5119120901967172
C_MATERIAL:0.5039578452639587
C_MOVECOUNT:0.513586823459394
