ELO:973
CE_PASSEDPAWNS:0.515947185496054
CE_PAWNWEAKNESSES:0.5097102580304977
CE_PIECEACTIVITY:0.4894521814956413
CE_KINGPAWNSHIELD:0.4932327487721846
CE_PIECECOORDINATION:0.5009683699521356
CE_MATERIAL:0.4825588289465778
CE_KINGSAFETY:0.4872366234767629
C_PIECESQUARETABLES:0.5144010074724303
C_MOBILITY:0.5101467115540542
C_KINGSAFETY:0.4908653391609149
C_PAWNSTRUCTURE:0.4836848077348699
C_PIECECOORDINATION:0.4803817171415768
C_ROOK:0.49892679067877455
CE_ROOK:0.48661495727872295
C_CENTERCONTROL:0.5114424849170736
C_DEVELOPPIECES:0.5255381667349388
C_MATERIAL:0.49686563096543923
C_MOVECOUNT:0.48437597834608187
C_PAWNMOVEMENT:0.5196376879507139
