ELO:957
CE_PASSEDPAWNS:0.5137489499952762
CE_PAWNWEAKNESSES:0.506971212014293
CE_PIECEACTIVITY:0.524430014839843
CE_KINGPAWNSHIELD:0.4945294423888664
CE_PIECECOORDINATION:0.5176566792250925
CE_MATERIAL:0.48491418340387543
CE_KINGSAFETY:0.5090480387896769
C_PIECESQUARETABLES:0.5
C_MOBILITY:0.4979605353084576
C_KINGSAFETY:0.48904552993589484
C_PAWNSTRUCTURE:0.4741360830448158
C_PIECECOORDINATION:0.48756591252918213
C_ROOK:0.5110330098717544
CE_ROOK:0.471066707346002
C_CENTERCONTROL:0.4981112177959408
C_DEVELOPPIECES:0.5654542956153958
C_MATERIAL:0.47721840084734407
C_MOVECOUNT:0.4691499535022024
C_PAWNMOVEMENT:0.5102687537317419
