ELO:1112
CE_PASSEDPAWNS:0.4943058998493651
CE_PAWNWEAKNESSES:0.5669473032796664
CE_PIECEACTIVITY:0.4987077344929591
CE_KINGPAWNSHIELD:0.4383524298483385
CE_PIECECOORDINATION:0.5278728571118377
CE_MATERIAL:0.36443316727891917
CE_KINGSAFETY:0.5157185031406342
C_PIECESQUARETABLES:0.5314057204665459
C_MOBILITY:0.4187328135262421
C_KINGSAFETY:0.427519538248984
C_PAWNSTRUCTURE:0.5078569653934649
C_PIECECOORDINATION:0.5596789647125683
C_ROOKANDPAWNMOVEMENT:0.5596789647125683
C_CENTERCONTROL:0.5282236631920763
C_DEVELOPPIECES:0.41314041765490145
C_MATERIAL:0.5603927022011476
