ELO:1000
CE_PASSEDPAWNS:0.4774341163227055
CE_PAWNWEAKNESSES:0.5001333207505115
CE_PIECEACTIVITY:0.4750441186272499
CE_KINGPAWNSHIELD:0.505251530011664
CE_PIECECOORDINATION:0.482385271398307
CE_MATERIAL:0.5128764073470568
CE_KINGSAFETY:0.5172022409835014
C_PIECESQUARETABLES:0.49511499163245626
C_MOBILITY:0.46850066769021037
C_KINGSAFETY:0.5412686880011283
C_PAWNSTRUCTURE:0.5407661381867023
C_PIECECOORDINATION:0.5086753837573874
C_ROOKANDPAWNMOVEMENT:0.5086753837573874
C_CENTERCONTROL:0.4881178308472703
C_DEVELOPPIECES:0.4879061018239634
C_MATERIAL:0.508014938769391
