ELO:823
CE_PASSEDPAWNS:0.4841604162511066
CE_PAWNWEAKNESSES:0.47103125526531825
CE_PIECEACTIVITY:0.5220759846461545
CE_KINGPAWNSHIELD:0.43713928516168293
CE_PIECECOORDINATION:0.43700444416626427
CE_MATERIAL:0.48606442118908516
CE_KINGSAFETY:0.5243206896136081
C_PIECESQUARETABLES:0.49389357936530326
C_MOBILITY:0.4914992472927747
C_KINGSAFETY:0.509092183101294
C_PAWNSTRUCTURE:0.5217043002936851
C_PIECECOORDINATION:0.5169153837672942
C_ROOKANDPAWNMOVEMENT:0.5169153837672942
C_CENTERCONTROL:0.49290628963384864
C_DEVELOPPIECES:0.4944881668862431
C_MATERIAL:0.5125607652429804
C_MOVECOUNT:0.5891159462907891
