ELO:758
CE_PASSEDPAWNS:0.4766099281600658
CE_PAWNWEAKNESSES:0.5614640326517398
CE_PIECEACTIVITY:0.5392459766922503
CE_KINGPAWNSHIELD:0.5114992614253412
CE_PIECECOORDINATION:0.5428060495672252
CE_MATERIAL:0.43801529957823443
CE_KINGSAFETY:0.49177338523981423
C_PIECESQUARETABLES:0.6326285462144753
C_MOBILITY:0.45581683772609616
C_KINGSAFETY:0.5440666762719777
C_PAWNSTRUCTURE:0.524311688513562
C_PIECECOORDINATION:0.5206966920081803
C_ROOKANDPAWNMOVEMENT:0.5206966920081803
C_CENTERCONTROL:0.5688654124295959
C_DEVELOPPIECES:0.5238142001660531
C_MATERIAL:0.49635391978092114
C_MOVECOUNT:0.5
