ELO:959
CE_PASSEDPAWNS:0.5204395820157345
CE_PAWNWEAKNESSES:0.504645849608081
CE_PIECEACTIVITY:0.4957055123766387
CE_KINGPAWNSHIELD:0.5303188290016134
CE_PIECECOORDINATION:0.48393774369559733
CE_MATERIAL:0.496680180403284
CE_KINGSAFETY:0.4931153802469362
C_PIECESQUARETABLES:0.5
C_MOBILITY:0.4969861160989431
C_KINGSAFETY:0.4878412720272418
C_PAWNSTRUCTURE:0.49773037065996223
C_PIECECOORDINATION:0.47893136729321323
C_ROOKANDPAWNMOVEMENT:0.47893136729321323
C_CENTERCONTROL:0.4826246870628305
C_DEVELOPPIECES:0.507749444586101
C_MATERIAL:0.5082453924310035
C_MOVECOUNT:0.46431301892061905
