ELO:999
CE_PASSEDPAWNS:0.49339214097698525
CE_PAWNWEAKNESSES:0.5
CE_PIECEACTIVITY:0.5
CE_KINGPAWNSHIELD:0.5
CE_PIECECOORDINATION:0.5014695835788355
CE_MATERIAL:0.5
CE_KINGSAFETY:0.49042898640349925
C_PIECESQUARETABLES:0.5014991690489187
C_MOBILITY:0.49185867429721325
C_KINGSAFETY:0.49674264340796753
C_PAWNSTRUCTURE:0.49703852659428976
C_PIECECOORDINATION:0.4878531475978524
C_ROOK:0.4840373841846361
CE_ROOK:0.5042854495407334
C_CENTERCONTROL:0.4906086567757501
C_DEVELOPPIECES:0.5054922605573385
C_MATERIAL:0.5118205746916569
C_MOVECOUNT:0.5024428572225299
C_PAWNMOVEMENT:0.4933138602229261
