ELO:1019
CE_PASSEDPAWNS:0.4923163706109845
CE_PAWNWEAKNESSES:0.502708200875377
CE_PIECEACTIVITY:0.5
CE_KINGPAWNSHIELD:0.5255353447416328
CE_PIECECOORDINATION:0.47811150615804904
CE_MATERIAL:0.48811218976212534
CE_KINGSAFETY:0.5
C_PIECESQUARETABLES:0.5
C_MOBILITY:0.5071060782496177
C_KINGSAFETY:0.5050171563254398
C_PAWNSTRUCTURE:0.5085958026991216
C_PIECECOORDINATION:0.4981786038511777
C_ROOKANDPAWNMOVEMENT:0.4981786038511777
C_CENTERCONTROL:0.5
C_DEVELOPPIECES:0.5018411985643059
C_MATERIAL:0.49812229462621777
C_MOVECOUNT:0.4831917230752249
