ELO:1172
CE_PASSEDPAWNS:0.48648833085871773
CE_PAWNWEAKNESSES:0.5989115889375946
CE_PIECEACTIVITY:0.5320137428890898
CE_KINGPAWNSHIELD:0.4535388904658826
CE_PIECECOORDINATION:0.47628192430851757
CE_MATERIAL:0.347582336728192
CE_KINGSAFETY:0.5058631349887445
C_PIECESQUARETABLES:0.5
C_MOBILITY:0.43918600481208564
C_KINGSAFETY:0.3510564335395256
C_PAWNSTRUCTURE:0.7118766845040903
C_PIECECOORDINATION:0.5457062530602736
C_ROOKANDPAWNMOVEMENT:0.5457062530602736
C_CENTERCONTROL:0.4808316813664229
C_DEVELOPPIECES:0.49603260450579695
C_MATERIAL:0.5749424069907596
