ELO:995
CE_PASSEDPAWNS:0.47894124147840733
CE_PAWNWEAKNESSES:0.4830290334958229
CE_PIECEACTIVITY:0.5
CE_KINGPAWNSHIELD:0.4880956237512674
CE_PIECECOORDINATION:0.5
CE_MATERIAL:0.5008054543387201
CE_KINGSAFETY:0.5166318010623917
C_PIECESQUARETABLES:0.49035647157654394
C_MOBILITY:0.5067595845157283
C_KINGSAFETY:0.5002746271201821
C_PAWNSTRUCTURE:0.5089408544151964
C_PIECECOORDINATION:0.4984235140572055
C_ROOKANDPAWNMOVEMENT:0.4984235140572055
C_CENTERCONTROL:0.48770405315411686
C_DEVELOPPIECES:0.49100413931837295
C_MATERIAL:0.5098313076412525
C_MOVECOUNT:0.48876285513910445
