ELO:1009
CE_PASSEDPAWNS:0.5519174948512193
CE_PAWNWEAKNESSES:0.46214368903830955
CE_PIECEACTIVITY:0.4799326817017132
CE_KINGPAWNSHIELD:0.5259559070536508
CE_PIECECOORDINATION:0.525683170826087
CE_MATERIAL:0.512282391590322
CE_KINGSAFETY:0.50285886129411
C_PIECESQUARETABLES:0.5604541269351656
C_MOBILITY:0.4933155154327888
C_KINGSAFETY:0.5047680673380582
C_PAWNSTRUCTURE:0.5319705934391172
C_PIECECOORDINATION:0.5440531527979031
C_ROOKANDPAWNMOVEMENT:0.5440531527979031
C_CENTERCONTROL:0.5085664217071273
C_DEVELOPPIECES:0.5614702184406887
C_MATERIAL:0.5214025755045407
