ELO:986
CE_PASSEDPAWNS:0.48942995064954536
CE_PAWNWEAKNESSES:0.48994359034078305
CE_PIECEACTIVITY:0.4787540470462478
CE_KINGPAWNSHIELD:0.5150171809804532
CE_PIECECOORDINATION:0.5017322394559007
CE_MATERIAL:0.5194749412475544
CE_KINGSAFETY:0.49875717879169434
C_PIECESQUARETABLES:0.5
C_MOBILITY:0.4991319314836469
C_KINGSAFETY:0.5010604569593798
C_PAWNSTRUCTURE:0.48624625617327566
C_PIECECOORDINATION:0.5085290791855942
C_ROOK:0.5101313938642177
CE_ROOK:0.49242161653625377
C_CENTERCONTROL:0.4999555967886669
C_DEVELOPPIECES:0.503924479292887
C_MATERIAL:0.5164764353898091
C_MOVECOUNT:0.4888367660071738
C_PAWNMOVEMENT:0.4956282146018287
