ELO:1002
CE_PASSEDPAWNS:0.5017671773459221
CE_PAWNWEAKNESSES:0.5121440055509908
CE_PIECEACTIVITY:0.5189921726939694
CE_KINGPAWNSHIELD:0.47677468848010773
CE_PIECECOORDINATION:0.47966017608733164
CE_MATERIAL:0.5038922081516671
CE_KINGSAFETY:0.49286259797628773
C_PIECESQUARETABLES:0.5
C_MOBILITY:0.5137857244581925
C_KINGSAFETY:0.5151722213734112
C_PAWNSTRUCTURE:0.535362625974336
C_PIECECOORDINATION:0.51813911494876
C_ROOK:0.5078203753916869
CE_ROOK:0.5105928377833171
C_CENTERCONTROL:0.49502179153635506
C_DEVELOPPIECES:0.5202814793037828
C_MATERIAL:0.5066324358881376
C_MOVECOUNT:0.4870300451699338
C_PAWNMOVEMENT:0.5302520150580972
