ELO:981
CE_PASSEDPAWNS:0.5074383668334821
CE_PAWNWEAKNESSES:0.44281089826767356
CE_PIECEACTIVITY:0.45324482389218734
CE_KINGPAWNSHIELD:0.5142653329978302
CE_PIECECOORDINATION:0.5020000365267159
CE_MATERIAL:0.5206591364874668
CE_KINGSAFETY:0.5
C_PIECESQUARETABLES:0.4983649272355902
C_MOBILITY:0.46402282025645547
C_KINGSAFETY:0.5062521270577923
C_PAWNSTRUCTURE:0.4793097430515872
C_PIECECOORDINATION:0.48986936827740685
C_ROOK:0.5627054007486144
CE_ROOK:0.5154741237634082
C_CENTERCONTROL:0.49279706778436055
C_DEVELOPPIECES:0.49118257692071426
C_MATERIAL:0.5069732067700272
C_MOVECOUNT:0.4729853998648675
C_PAWNMOVEMENT:0.531879294195713
