ELO:936
CE_PASSEDPAWNS:0.48961882361415826
CE_PAWNWEAKNESSES:0.5000123114794572
CE_PIECEACTIVITY:0.5116564741555317
CE_KINGPAWNSHIELD:0.4934974062872829
CE_PIECECOORDINATION:0.505879231417354
CE_MATERIAL:0.5408265009332698
CE_KINGSAFETY:0.5181683271722639
C_PIECESQUARETABLES:0.5139208552428126
C_MOBILITY:0.4071152366177097
C_KINGSAFETY:0.5046758507171987
C_PAWNSTRUCTURE:0.49813569854547457
C_PIECECOORDINATION:0.5166734256135269
C_ROOKANDPAWNMOVEMENT:0.5166734256135269
C_CENTERCONTROL:0.5166405881595979
C_DEVELOPPIECES:0.5046495532891753
C_MATERIAL:0.49966453953720946
C_MOVECOUNT:0.5
