ELO:854
CE_PASSEDPAWNS:0.5644686644570823
CE_PAWNWEAKNESSES:0.46685633771428897
CE_PIECEACTIVITY:0.47511423563248434
CE_KINGPAWNSHIELD:0.5698338191918368
CE_PIECECOORDINATION:0.4251850664458644
CE_MATERIAL:0.507535216343375
CE_KINGSAFETY:0.5083970892089666
C_PIECESQUARETABLES:0.5
C_MOBILITY:0.5092132264732465
C_KINGSAFETY:0.49332000952748706
C_PAWNSTRUCTURE:0.43811066771657076
C_PIECECOORDINATION:0.5223100967921919
C_ROOKANDPAWNMOVEMENT:0.5223100967921919
C_CENTERCONTROL:0.5481264057322862
C_DEVELOPPIECES:0.4333769414962296
C_MATERIAL:0.4692835814675614
C_MOVECOUNT:0.5
