ELO:1000
CE_PASSEDPAWNS:0.509502759841221
CE_PAWNWEAKNESSES:0.5289876709860657
CE_PIECEACTIVITY:0.5133394080743016
CE_KINGPAWNSHIELD:0.527599783412193
CE_PIECECOORDINATION:0.5001235122221034
CE_MATERIAL:0.48318755526134716
CE_KINGSAFETY:0.4789706340944192
C_PIECESQUARETABLES:0.5176042646778644
C_MOBILITY:0.49971875484202155
C_KINGSAFETY:0.5067511005196184
C_PAWNSTRUCTURE:0.5306442391218672
C_PIECECOORDINATION:0.4915680439842807
C_ROOKANDPAWNMOVEMENT:0.4915680439842807
C_CENTERCONTROL:0.4827323913298619
C_DEVELOPPIECES:0.5114444577538306
C_MATERIAL:0.5024716627410312
