ELO:962
CE_PASSEDPAWNS:0.5044065357236193
CE_PAWNWEAKNESSES:0.5
CE_PIECEACTIVITY:0.4993983634175929
CE_KINGPAWNSHIELD:0.5087240425061571
CE_PIECECOORDINATION:0.49628475159624585
CE_MATERIAL:0.4460238828491927
CE_KINGSAFETY:0.5
C_PIECESQUARETABLES:0.5
C_MOBILITY:0.4852196381440277
C_KINGSAFETY:0.49249757894631135
C_PAWNSTRUCTURE:0.5092302238121259
C_PIECECOORDINATION:0.4954478147796531
C_ROOKANDPAWNMOVEMENT:0.4954478147796531
C_CENTERCONTROL:0.5082700420415267
C_DEVELOPPIECES:0.48076141042173814
C_MATERIAL:0.4713163222538392
C_MOVECOUNT:0.5129871001054608
