ELO:1000
CE_PASSEDPAWNS:0.5587909199982112
CE_PAWNWEAKNESSES:0.4941855368966874
CE_PIECEACTIVITY:0.515217822302017
CE_KINGPAWNSHIELD:0.5385927243514564
CE_PIECECOORDINATION:0.5082895657313016
CE_MATERIAL:0.510083518482832
CE_KINGSAFETY:0.49057432905060205
C_PIECESQUARETABLES:0.5298912186313992
C_MOBILITY:0.4996523593415725
C_KINGSAFETY:0.48445759758072676
C_PAWNSTRUCTURE:0.5240816973357734
C_PIECECOORDINATION:0.4989302215564074
C_ROOKANDPAWNMOVEMENT:0.4989302215564074
C_CENTERCONTROL:0.4758397649036926
C_DEVELOPPIECES:0.47764976469825116
C_MATERIAL:0.5000423811418504
