ELO:936
CE_PASSEDPAWNS:0.4237860911460114
CE_PAWNWEAKNESSES:0.5695953929992013
CE_PIECEACTIVITY:0.41015623977733773
CE_KINGPAWNSHIELD:0.5384330969882315
CE_PIECECOORDINATION:0.48369316860809364
CE_MATERIAL:0.5539429760017983
CE_KINGSAFETY:0.4895285188477481
C_PIECESQUARETABLES:0.5081162931417089
C_MOBILITY:0.5315891445783951
C_KINGSAFETY:0.44744797667701325
C_PAWNSTRUCTURE:0.515825080450142
C_PIECECOORDINATION:0.5119015790038713
C_ROOKANDPAWNMOVEMENT:0.5119015790038713
C_CENTERCONTROL:0.5331551056364332
C_DEVELOPPIECES:0.6543110612648386
C_MATERIAL:0.5075577885901393
