ELO:954
CE_PASSEDPAWNS:0.48994444876230825
CE_PAWNWEAKNESSES:0.5095960003795575
CE_PIECEACTIVITY:0.47957558002380557
CE_KINGPAWNSHIELD:0.46511783651773214
CE_PIECECOORDINATION:0.4635913793777577
CE_MATERIAL:0.5202042073712573
CE_KINGSAFETY:0.5052383677157494
C_PIECESQUARETABLES:0.5
C_MOBILITY:0.514176675059336
C_KINGSAFETY:0.5327058560872754
C_PAWNSTRUCTURE:0.4844874444105306
C_PIECECOORDINATION:0.4970902474426328
C_ROOK:0.5116194676443655
CE_ROOK:0.5395561525469514
C_CENTERCONTROL:0.4771940954151452
C_DEVELOPPIECES:0.49978310461639014
C_MATERIAL:0.5448199108130756
C_MOVECOUNT:0.49747412157688226
C_PAWNMOVEMENT:0.5199321384299569
