ELO:997
CE_PASSEDPAWNS:0.5008303919894377
CE_PAWNWEAKNESSES:0.5005234767360425
CE_PIECEACTIVITY:0.5127619773937868
CE_KINGPAWNSHIELD:0.5287383489163601
CE_PIECECOORDINATION:0.4892460260833649
CE_MATERIAL:0.5079127770409534
CE_KINGSAFETY:0.49520147072270154
C_PIECESQUARETABLES:0.5
C_MOBILITY:0.49029628017639276
C_KINGSAFETY:0.4948032910887807
C_PAWNSTRUCTURE:0.5019776570202449
C_PIECECOORDINATION:0.506416636829848
C_ROOKANDPAWNMOVEMENT:0.506416636829848
C_CENTERCONTROL:0.5021754576817636
C_DEVELOPPIECES:0.5190300774450703
C_MATERIAL:0.49787265597822133
C_MOVECOUNT:0.5
