ELO:741
CE_PASSEDPAWNS:0.5149680097235355
CE_PAWNWEAKNESSES:0.5099067716520628
CE_PIECEACTIVITY:0.48625864462610313
CE_KINGPAWNSHIELD:0.5578301315774419
CE_PIECECOORDINATION:0.40774387833832254
CE_MATERIAL:0.4718191356853449
CE_KINGSAFETY:0.546551771231163
C_PIECESQUARETABLES:0.5025272221625706
C_MOBILITY:0.501686449967422
C_KINGSAFETY:0.4515233403536847
C_PAWNSTRUCTURE:0.5097197966205859
C_PIECECOORDINATION:0.6004999022404648
C_ROOKANDPAWNMOVEMENT:0.6004999022404648
C_CENTERCONTROL:0.5383867705209827
C_DEVELOPPIECES:0.5316259188694974
C_MATERIAL:0.39957126900432943
C_MOVECOUNT:0.5
