ELO:998
CE_PASSEDPAWNS:0.5133500163943345
CE_PAWNWEAKNESSES:0.5108750803033716
CE_PIECEACTIVITY:0.5119784289086663
CE_KINGPAWNSHIELD:0.4980219477997407
CE_PIECECOORDINATION:0.5038893389257401
CE_MATERIAL:0.4867180631963652
CE_KINGSAFETY:0.4776745100834367
C_PIECESQUARETABLES:0.49842188405110177
C_MOBILITY:0.48541004984127295
C_KINGSAFETY:0.5102382409992754
C_PAWNSTRUCTURE:0.49128130904471007
C_PIECECOORDINATION:0.5
C_ROOKANDPAWNMOVEMENT:0.5
C_CENTERCONTROL:0.49808168487722
C_DEVELOPPIECES:0.5088601181018423
C_MATERIAL:0.5
C_MOVECOUNT:0.5
