ELO:1000
CE_PASSEDPAWNS:0.4922793933746448
CE_PAWNWEAKNESSES:0.5
CE_PIECEACTIVITY:0.4884017548768677
CE_KINGPAWNSHIELD:0.5219421633406354
CE_PIECECOORDINATION:0.5108933780798585
CE_MATERIAL:0.4996738279676296
CE_KINGSAFETY:0.5
C_PIECESQUARETABLES:0.5
C_MOBILITY:0.4991319314836469
C_KINGSAFETY:0.5013543252712295
C_PAWNSTRUCTURE:0.5052170004399357
C_PIECECOORDINATION:0.4782053825514236
C_ROOK:0.5105157558581443
CE_ROOK:0.49242161653625377
C_CENTERCONTROL:0.4963936069031355
C_DEVELOPPIECES:0.5
C_MATERIAL:0.5164764353898091
C_MOVECOUNT:0.5165403415166894
C_PAWNMOVEMENT:0.49661745475434477
