ELO:910
CE_PASSEDPAWNS:0.3884022403299899
CE_PAWNWEAKNESSES:0.5842684747988472
CE_PIECEACTIVITY:0.43707894123640156
CE_KINGPAWNSHIELD:0.5376201789208098
CE_PIECECOORDINATION:0.4891936529962931
CE_MATERIAL:0.5359627239838582
CE_KINGSAFETY:0.532303596464495
C_PIECESQUARETABLES:0.48877496297556844
C_MOBILITY:0.54769845432625
C_KINGSAFETY:0.4356907154927093
C_PAWNSTRUCTURE:0.538193552040298
C_PIECECOORDINATION:0.5290137975576367
C_ROOKANDPAWNMOVEMENT:0.5290137975576367
C_CENTERCONTROL:0.48770231476137393
C_DEVELOPPIECES:0.6408035998324835
C_MATERIAL:0.5190662530025344
