ELO:972
CE_PASSEDPAWNS:0.5860571604985801
CE_PAWNWEAKNESSES:0.5167699381625412
CE_PIECEACTIVITY:0.4389264024072017
CE_KINGPAWNSHIELD:0.42707287372159597
CE_PIECECOORDINATION:0.5317372014095
CE_MATERIAL:0.521345382830527
CE_KINGSAFETY:0.4960802491005479
C_PIECESQUARETABLES:0.4852947591579829
C_MOBILITY:0.49368545735215
C_KINGSAFETY:0.605443258376896
C_PAWNSTRUCTURE:0.4838212229064064
C_PIECECOORDINATION:0.5160785115690757
C_ROOKANDPAWNMOVEMENT:0.5160785115690757
C_CENTERCONTROL:0.5412695160661847
C_DEVELOPPIECES:0.5522473889096459
C_MATERIAL:0.450235745666365
