ELO:930
CE_PASSEDPAWNS:0.49243328539323394
CE_PAWNWEAKNESSES:0.4951769731602345
CE_PIECEACTIVITY:0.5112175653348788
CE_KINGPAWNSHIELD:0.5105732749411231
CE_PIECECOORDINATION:0.4716009880262301
CE_MATERIAL:0.5058546834989707
CE_KINGSAFETY:0.4626315239473663
C_PIECESQUARETABLES:0.5
C_MOBILITY:0.485495776670846
C_KINGSAFETY:0.4648015351700653
C_PAWNSTRUCTURE:0.444023869895834
C_PIECECOORDINATION:0.4480436882548528
C_ROOKANDPAWNMOVEMENT:0.4480436882548528
C_CENTERCONTROL:0.5323346320784309
C_DEVELOPPIECES:0.4911425576975274
C_MATERIAL:0.5293186098131283
C_MOVECOUNT:0.5
