ELO:1005
CE_PASSEDPAWNS:0.5597182956462109
CE_PAWNWEAKNESSES:0.5285352156272285
CE_PIECEACTIVITY:0.4255948402422537
CE_KINGPAWNSHIELD:0.4670182268308878
CE_PIECECOORDINATION:0.490520288053964
CE_MATERIAL:0.5153725110429399
CE_KINGSAFETY:0.463396174239726
C_PIECESQUARETABLES:0.4951559268948723
C_MOBILITY:0.5244259270391947
C_KINGSAFETY:0.6080269956331207
C_PAWNSTRUCTURE:0.49807836160377117
C_PIECECOORDINATION:0.504643383915748
C_ROOKANDPAWNMOVEMENT:0.504643383915748
C_CENTERCONTROL:0.544936652531524
C_DEVELOPPIECES:0.5018713032952804
C_MATERIAL:0.4480943606680679
