ELO:1000
CE_PASSEDPAWNS:0.5445063903640807
CE_PAWNWEAKNESSES:0.48543942042994576
CE_PIECEACTIVITY:0.5260200432780144
CE_KINGPAWNSHIELD:0.5134003566062739
CE_PIECECOORDINATION:0.4884462018126752
CE_MATERIAL:0.5163724144254496
CE_KINGSAFETY:0.46097440734975087
C_PIECESQUARETABLES:0.5260284125745036
C_MOBILITY:0.5081281121858036
C_KINGSAFETY:0.47093677738490086
C_PAWNSTRUCTURE:0.4854893043633503
C_PIECECOORDINATION:0.48470547943118036
C_ROOKANDPAWNMOVEMENT:0.48470547943118036
C_CENTERCONTROL:0.48204514021664235
C_DEVELOPPIECES:0.5060757424732875
C_MATERIAL:0.5141785826915345
