ELO:977
CE_PASSEDPAWNS:0.4972161918653795
CE_PAWNWEAKNESSES:0.50875175501598
CE_PIECEACTIVITY:0.5200698322761346
CE_KINGPAWNSHIELD:0.5130008576966982
CE_PIECECOORDINATION:0.48480083590921325
CE_MATERIAL:0.4995240915879133
CE_KINGSAFETY:0.49145017297173266
C_PIECESQUARETABLES:0.5
C_MOBILITY:0.49581135634868545
C_KINGSAFETY:0.5028268996535687
C_PAWNSTRUCTURE:0.48829068495690586
C_PIECECOORDINATION:0.519717418127728
C_ROOKANDPAWNMOVEMENT:0.519717418127728
C_CENTERCONTROL:0.5033358471007128
C_DEVELOPPIECES:0.5091475306273106
C_MATERIAL:0.4816830695382636
C_MOVECOUNT:0.5
