ELO:756
CE_PASSEDPAWNS:0.5208324353040159
CE_PAWNWEAKNESSES:0.5145147194048146
CE_PIECEACTIVITY:0.5068821593211656
CE_KINGPAWNSHIELD:0.525708590512342
CE_PIECECOORDINATION:0.38608897631698796
CE_MATERIAL:0.45250031955895126
CE_KINGSAFETY:0.5240776521930196
C_PIECESQUARETABLES:0.5045552472382041
C_MOBILITY:0.5119508831646802
C_KINGSAFETY:0.4436682719469468
C_PAWNSTRUCTURE:0.5208401799750833
C_PIECECOORDINATION:0.6012689716405503
C_ROOKANDPAWNMOVEMENT:0.6012689716405503
C_CENTERCONTROL:0.5668249175852458
C_DEVELOPPIECES:0.54728282346719
C_MATERIAL:0.37420379436099693
C_MOVECOUNT:0.5
