ELO:981
CE_PASSEDPAWNS:0.5113417384376067
CE_PAWNWEAKNESSES:0.5137075448499973
CE_PIECEACTIVITY:0.5099958608954319
CE_KINGPAWNSHIELD:0.516585745404474
CE_PIECECOORDINATION:0.49096361325949184
CE_MATERIAL:0.49180138409645774
CE_KINGSAFETY:0.5
C_PIECESQUARETABLES:0.5
C_MOBILITY:0.49195349964381235
C_KINGSAFETY:0.5
C_PAWNSTRUCTURE:0.5
C_PIECECOORDINATION:0.49753914614166067
C_ROOKANDPAWNMOVEMENT:0.49753914614166067
C_CENTERCONTROL:0.4806864560374089
C_DEVELOPPIECES:0.4918569983427864
C_MATERIAL:0.4897440205875664
C_MOVECOUNT:0.5267952535809205
