ELO:1000
CE_PASSEDPAWNS:0.5625831536956738
CE_PAWNWEAKNESSES:0.4435008597915234
CE_PIECEACTIVITY:0.483622009921327
CE_KINGPAWNSHIELD:0.5250032074833986
CE_PIECECOORDINATION:0.534790140437238
CE_MATERIAL:0.5060340108973191
CE_KINGSAFETY:0.49877917670696925
C_PIECESQUARETABLES:0.5690772732896477
C_MOBILITY:0.5061563981986293
C_KINGSAFETY:0.5120559531268046
C_PAWNSTRUCTURE:0.5224676937917905
C_PIECECOORDINATION:0.5387777630950433
C_ROOKANDPAWNMOVEMENT:0.5387777630950433
C_CENTERCONTROL:0.50283106650792
C_DEVELOPPIECES:0.5671724059230647
C_MATERIAL:0.5226646593437348
