ELO:908
CE_PASSEDPAWNS:0.5085482614279
CE_PAWNWEAKNESSES:0.4225626171329216
CE_PIECEACTIVITY:0.47206831368979113
CE_KINGPAWNSHIELD:0.48840774223043393
CE_PIECECOORDINATION:0.5180555929610694
CE_MATERIAL:0.5239641805460892
CE_KINGSAFETY:0.49629164012934257
C_PIECESQUARETABLES:0.510385230565681
C_MOBILITY:0.49852203986191596
C_KINGSAFETY:0.5063974384827737
C_PAWNSTRUCTURE:0.5347512869811689
C_PIECECOORDINATION:0.4937109284201517
C_ROOK:0.5392613350551833
CE_ROOK:0.4792102959871482
C_CENTERCONTROL:0.5043068596917646
C_DEVELOPPIECES:0.4524259627129259
C_MATERIAL:0.5126554674324313
C_MOVECOUNT:0.441812615380871
C_PAWNMOVEMENT:0.49588507434127377
