ELO:919
CE_PASSEDPAWNS:0.48006517926036807
CE_PAWNWEAKNESSES:0.4901845828068725
CE_PIECEACTIVITY:0.4674355098254851
CE_KINGPAWNSHIELD:0.4492087259474315
CE_PIECECOORDINATION:0.45193919220899453
CE_MATERIAL:0.5233700217197258
CE_KINGSAFETY:0.5
C_PIECESQUARETABLES:0.5
C_MOBILITY:0.49292049718937864
C_KINGSAFETY:0.5449698427878719
C_PAWNSTRUCTURE:0.47831595081740813
C_PIECECOORDINATION:0.4981222636468878
C_ROOK:0.5061093688204256
CE_ROOK:0.5375952631963422
C_CENTERCONTROL:0.48054972524271494
C_DEVELOPPIECES:0.5074394907187426
C_MATERIAL:0.5448199108130756
C_MOVECOUNT:0.49835186763554984
C_PAWNMOVEMENT:0.5218803315769759
