ELO:981
CE_PASSEDPAWNS:0.4174266015885459
CE_PAWNWEAKNESSES:0.5230387649544698
CE_PIECEACTIVITY:0.4186849282278245
CE_KINGPAWNSHIELD:0.51805871044889
CE_PIECECOORDINATION:0.4713591871757755
CE_MATERIAL:0.5542868797967909
CE_KINGSAFETY:0.5118015685339468
C_PIECESQUARETABLES:0.4992500435074927
C_MOBILITY:0.5010598142493251
C_KINGSAFETY:0.46570724946815745
C_PAWNSTRUCTURE:0.5218779541630727
C_PIECECOORDINATION:0.5284884019210976
C_ROOKANDPAWNMOVEMENT:0.5284884019210976
C_CENTERCONTROL:0.5176720237492695
C_DEVELOPPIECES:0.6191589141202819
C_MATERIAL:0.5079719666371282
