ELO:1000
CE_PASSEDPAWNS:0.5263761699866493
CE_PAWNWEAKNESSES:0.49072949865223225
CE_PIECEACTIVITY:0.5195164004478575
CE_KINGPAWNSHIELD:0.5116777139514601
CE_PIECECOORDINATION:0.4728517655467736
CE_MATERIAL:0.5180865372826949
CE_KINGSAFETY:0.4942324117434706
C_PIECESQUARETABLES:0.5380792774272953
C_MOBILITY:0.5107947474864778
C_KINGSAFETY:0.45891073824251843
C_PAWNSTRUCTURE:0.4918127213897303
C_PIECECOORDINATION:0.4956370423565303
C_ROOKANDPAWNMOVEMENT:0.4956370423565303
C_CENTERCONTROL:0.48523321494988236
C_DEVELOPPIECES:0.5005715367402198
C_MATERIAL:0.518395974033244
