ELO:830
CE_PASSEDPAWNS:0.5178626630991358
CE_PAWNWEAKNESSES:0.4993636667967307
CE_PIECEACTIVITY:0.4951656210777294
CE_KINGPAWNSHIELD:0.4942553423696698
CE_PIECECOORDINATION:0.4679848902698331
CE_MATERIAL:0.4700246278467205
CE_KINGSAFETY:0.5324044459720376
C_PIECESQUARETABLES:0.5179267668599719
C_MOBILITY:0.502389270597064
C_KINGSAFETY:0.540051433476536
C_PAWNSTRUCTURE:0.5594613302534084
C_PIECECOORDINATION:0.47717435541611697
C_ROOKANDPAWNMOVEMENT:0.47717435541611697
C_CENTERCONTROL:0.477120349415294
C_DEVELOPPIECES:0.556940509123115
C_MATERIAL:0.47785680579453904
C_MOVECOUNT:0.48652022948011836
