ELO:1004
CE_PASSEDPAWNS:0.602919226948209
CE_PAWNWEAKNESSES:0.5068077118404003
CE_PIECEACTIVITY:0.4429225274643285
CE_KINGPAWNSHIELD:0.4386004757858704
CE_PIECECOORDINATION:0.5395667617510865
CE_MATERIAL:0.506329000470498
CE_KINGSAFETY:0.440754655005841
C_PIECESQUARETABLES:0.4807025657452426
C_MOBILITY:0.4989226964074075
C_KINGSAFETY:0.39915668343505367
C_PAWNSTRUCTURE:0.4425534676378474
C_PIECECOORDINATION:0.5104282838838237
C_ROOKANDPAWNMOVEMENT:0.5104282838838237
C_CENTERCONTROL:0.48217070463522843
C_DEVELOPPIECES:0.5613976850379186
C_MATERIAL:0.5646592446250926
