ELO:864
CE_PASSEDPAWNS:0.511787678665319
CE_PAWNWEAKNESSES:0.4837999699381411
CE_PIECEACTIVITY:0.6033958956552266
CE_KINGPAWNSHIELD:0.44549318823788236
CE_PIECECOORDINATION:0.454008376051945
CE_MATERIAL:0.5025811861226687
CE_KINGSAFETY:0.49803222197918984
C_PIECESQUARETABLES:0.5026629039523446
C_MOBILITY:0.5261983877154203
C_KINGSAFETY:0.5064831611665347
C_PAWNSTRUCTURE:0.46775113486986797
C_PIECECOORDINATION:0.5250505072314734
C_ROOKANDPAWNMOVEMENT:0.5250505072314734
C_CENTERCONTROL:0.5924166917319624
C_DEVELOPPIECES:0.4479085054139924
C_MATERIAL:0.5095875400377571
