ELO:1000
CE_PASSEDPAWNS:0.5164825419296365
CE_PAWNWEAKNESSES:0.4716935367991513
CE_PIECEACTIVITY:0.4767592728453552
CE_KINGPAWNSHIELD:0.4844485391167199
CE_PIECECOORDINATION:0.47035402798676357
CE_MATERIAL:0.5199716593789238
CE_KINGSAFETY:0.5055596659869859
C_PIECESQUARETABLES:0.49616825125915304
C_MOBILITY:0.49536878567803083
C_KINGSAFETY:0.4950725539995406
C_PAWNSTRUCTURE:0.49768495490000497
C_PIECECOORDINATION:0.49036032100926413
C_ROOKANDPAWNMOVEMENT:0.49036032100926413
C_CENTERCONTROL:0.5164268286866178
C_DEVELOPPIECES:0.5000910489965672
C_MATERIAL:0.4952456886071209
