ELO:919
CE_PASSEDPAWNS:0.48006517926036807
CE_PAWNWEAKNESSES:0.49471780501133467
CE_PIECEACTIVITY:0.4772312522090897
CE_KINGPAWNSHIELD:0.4577139205031118
CE_PIECECOORDINATION:0.4526762760142604
CE_MATERIAL:0.5233700217197258
CE_KINGSAFETY:0.5
C_PIECESQUARETABLES:0.5059458017602314
C_MOBILITY:0.49292049718937864
C_KINGSAFETY:0.5366558658862478
C_PAWNSTRUCTURE:0.47831595081740813
C_PIECECOORDINATION:0.49239830280755664
C_ROOK:0.5061093688204256
CE_ROOK:0.5458688540837803
C_CENTERCONTROL:0.48240578709090876
C_DEVELOPPIECES:0.5061574702632816
C_MATERIAL:0.5448199108130756
C_MOVECOUNT:0.5073315099145492
C_PAWNMOVEMENT:0.5218803315769759
