ELO:1010
CE_PASSEDPAWNS:0.5007664165762568
CE_PAWNWEAKNESSES:0.48994359034078305
CE_PIECEACTIVITY:0.4700226966119029
CE_KINGPAWNSHIELD:0.5305492915475843
CE_PIECECOORDINATION:0.49764883658421283
CE_MATERIAL:0.5234377286736973
CE_KINGSAFETY:0.5035282859286315
C_PIECESQUARETABLES:0.5073025680012055
C_MOBILITY:0.4991319314836469
C_KINGSAFETY:0.5086549157329873
C_PAWNSTRUCTURE:0.4805896742037106
C_PIECECOORDINATION:0.5120261229279846
C_ROOK:0.5101313938642177
CE_ROOK:0.49242161653625377
C_CENTERCONTROL:0.4999555967886669
C_DEVELOPPIECES:0.503924479292887
C_MATERIAL:0.5164764353898091
C_MOVECOUNT:0.4888367660071738
C_PAWNMOVEMENT:0.48587318781248506
