ELO:959
CE_PASSEDPAWNS:0.5804163490311839
CE_PAWNWEAKNESSES:0.5092627174751952
CE_PIECEACTIVITY:0.43723196787086066
CE_KINGPAWNSHIELD:0.44410600277887213
CE_PIECECOORDINATION:0.534848660997373
CE_MATERIAL:0.4946850248892128
CE_KINGSAFETY:0.4964708912614328
C_PIECESQUARETABLES:0.47164919597964605
C_MOBILITY:0.48656743885472165
C_KINGSAFETY:0.6228046880799775
C_PAWNSTRUCTURE:0.46497281046004607
C_PIECECOORDINATION:0.5181775382721578
C_ROOKANDPAWNMOVEMENT:0.5181775382721578
C_CENTERCONTROL:0.535595769669387
C_DEVELOPPIECES:0.5652741848761595
C_MATERIAL:0.43109846994206336
