ELO:1000
CE_PASSEDPAWNS:0.5279445778311744
CE_PAWNWEAKNESSES:0.5056068306873666
CE_PIECEACTIVITY:0.5229970943406155
CE_KINGPAWNSHIELD:0.532108501048188
CE_PIECECOORDINATION:0.5090268084805466
CE_MATERIAL:0.5165165230300582
CE_KINGSAFETY:0.4966956144464458
C_PIECESQUARETABLES:0.5379724036081788
C_MOBILITY:0.49429757222854964
C_KINGSAFETY:0.48596629167920835
C_PAWNSTRUCTURE:0.5171939281839854
C_PIECECOORDINATION:0.5041117856672238
C_ROOKANDPAWNMOVEMENT:0.5041117856672238
C_CENTERCONTROL:0.48256102241340704
C_DEVELOPPIECES:0.47109231144250574
C_MATERIAL:0.5022782515699737
