ELO:813
CE_PASSEDPAWNS:0.4728399566917063
CE_PAWNWEAKNESSES:0.45826154286719145
CE_PIECEACTIVITY:0.499937667963375
CE_KINGPAWNSHIELD:0.3877505310644369
CE_PIECECOORDINATION:0.4818244502426062
CE_MATERIAL:0.5095169528129382
CE_KINGSAFETY:0.4956691237024102
C_PIECESQUARETABLES:0.4991190798501976
C_MOBILITY:0.508336455070512
C_KINGSAFETY:0.5438023022885276
C_PAWNSTRUCTURE:0.4416163528788434
C_PIECECOORDINATION:0.4645582186170019
C_ROOKANDPAWNMOVEMENT:0.4645582186170019
C_CENTERCONTROL:0.5090048804564443
C_DEVELOPPIECES:0.5174197284906603
C_MATERIAL:0.45540228867995175
C_MOVECOUNT:0.5040520832134421
