ELO:954
CE_PASSEDPAWNS:0.4160756874082403
CE_PAWNWEAKNESSES:0.5475239357268075
CE_PIECEACTIVITY:0.41415752637023184
CE_KINGPAWNSHIELD:0.5317999424379384
CE_PIECECOORDINATION:0.47782125575915185
CE_MATERIAL:0.5775765903256183
CE_KINGSAFETY:0.49487968925794096
C_PIECESQUARETABLES:0.5097338322418763
C_MOBILITY:0.5363976622290619
C_KINGSAFETY:0.46458238446946465
C_PAWNSTRUCTURE:0.5301798808142014
C_PIECECOORDINATION:0.5162560334880697
C_ROOKANDPAWNMOVEMENT:0.5162560334880697
C_CENTERCONTROL:0.5349737254591033
C_DEVELOPPIECES:0.6289123043920997
C_MATERIAL:0.4995641164069719
