ELO:886
CE_PASSEDPAWNS:0.5327380561048424
CE_PAWNWEAKNESSES:0.49481063522197494
CE_PIECEACTIVITY:0.5014242080458451
CE_KINGPAWNSHIELD:0.510409665720878
CE_PIECECOORDINATION:0.47769195759902744
CE_MATERIAL:0.503053067790342
CE_KINGSAFETY:0.49995380088258995
C_PIECESQUARETABLES:0.4890140826352422
C_MOBILITY:0.46643560018875185
C_KINGSAFETY:0.4905817824388647
C_PAWNSTRUCTURE:0.5202505338446158
C_PIECECOORDINATION:0.47965228294125206
C_ROOKANDPAWNMOVEMENT:0.47965228294125206
C_CENTERCONTROL:0.46257111848842497
C_DEVELOPPIECES:0.48432939870946967
C_MATERIAL:0.4871408846641223
C_MOVECOUNT:0.5
