ELO:982
CE_PASSEDPAWNS:0.5
CE_PAWNWEAKNESSES:0.5041029336272576
CE_PIECEACTIVITY:0.4858815763396236
CE_KINGPAWNSHIELD:0.49807156933204877
CE_PIECECOORDINATION:0.4810081620868822
CE_MATERIAL:0.5175764455486002
CE_KINGSAFETY:0.5
C_PIECESQUARETABLES:0.5
C_MOBILITY:0.48811849674064817
C_KINGSAFETY:0.4980562681438627
C_PAWNSTRUCTURE:0.5103092413305446
C_PIECECOORDINATION:0.506144355433841
C_ROOKANDPAWNMOVEMENT:0.506144355433841
C_CENTERCONTROL:0.5012947940092474
C_DEVELOPPIECES:0.5000368692695254
C_MATERIAL:0.4627771938098089
C_MOVECOUNT:0.4690991079062144
