ELO:994
CE_PASSEDPAWNS:0.5169766234376627
CE_PAWNWEAKNESSES:0.5037199379705641
CE_PIECEACTIVITY:0.494137744173739
CE_KINGPAWNSHIELD:0.5287383489163601
CE_PIECECOORDINATION:0.4959673116935482
CE_MATERIAL:0.5090999573120596
CE_KINGSAFETY:0.4982660442541531
C_PIECESQUARETABLES:0.45772575437628804
C_MOBILITY:0.49029628017639276
C_KINGSAFETY:0.5
C_PAWNSTRUCTURE:0.49299149012407445
C_PIECECOORDINATION:0.49704509717444456
C_ROOKANDPAWNMOVEMENT:0.49704509717444456
C_CENTERCONTROL:0.5021754576817636
C_DEVELOPPIECES:0.5
C_MATERIAL:0.4920122757159946
C_MOVECOUNT:0.5
