ELO:986
CE_PASSEDPAWNS:0.48360926231234497
CE_PAWNWEAKNESSES:0.5108750803033716
CE_PIECEACTIVITY:0.5129582701315768
CE_KINGPAWNSHIELD:0.5086249758815234
CE_PIECECOORDINATION:0.5065375482850063
CE_MATERIAL:0.5
CE_KINGSAFETY:0.4925900514185708
C_PIECESQUARETABLES:0.5044799107104556
C_MOBILITY:0.49834064160153474
C_KINGSAFETY:0.5168744998970384
C_PAWNSTRUCTURE:0.48479550120438336
C_PIECECOORDINATION:0.4772407821426339
C_ROOKANDPAWNMOVEMENT:0.4772407821426339
C_CENTERCONTROL:0.49808168487722
C_DEVELOPPIECES:0.5088601181018423
C_MATERIAL:0.4769260768852571
C_MOVECOUNT:0.4903770416810901
