ELO:1000
CE_PASSEDPAWNS:0.5312329614424163
CE_PAWNWEAKNESSES:0.45338869648528324
CE_PIECEACTIVITY:0.4650844762233302
CE_KINGPAWNSHIELD:0.4759860488891934
CE_PIECECOORDINATION:0.5113014799735518
CE_MATERIAL:0.5282571862224651
CE_KINGSAFETY:0.5065399587196446
C_PIECESQUARETABLES:0.5027802349303094
C_MOBILITY:0.510213171265258
C_KINGSAFETY:0.5306195702727611
C_PAWNSTRUCTURE:0.527156777301416
C_PIECECOORDINATION:0.4899973604510432
C_ROOKANDPAWNMOVEMENT:0.4899973604510432
C_CENTERCONTROL:0.49762933388653796
C_DEVELOPPIECES:0.5066168204545105
C_MATERIAL:0.5394354685560118
