ELO:985
CE_PASSEDPAWNS:0.48360926231234497
CE_PAWNWEAKNESSES:0.5108750803033716
CE_PIECEACTIVITY:0.5
CE_KINGPAWNSHIELD:0.5013400565835262
CE_PIECECOORDINATION:0.5
CE_MATERIAL:0.4867180631963652
CE_KINGSAFETY:0.5
C_PIECESQUARETABLES:0.48782492375851616
C_MOBILITY:0.5197633828813708
C_KINGSAFETY:0.4953612413486963
C_PAWNSTRUCTURE:0.4939768598305601
C_PIECECOORDINATION:0.480846474573857
C_ROOKANDPAWNMOVEMENT:0.480846474573857
C_CENTERCONTROL:0.5
C_DEVELOPPIECES:0.48203924922392716
C_MATERIAL:0.49337439218645796
C_MOVECOUNT:0.5029427304730147
