ELO:779
CE_PASSEDPAWNS:0.4676038843301391
CE_PAWNWEAKNESSES:0.508616937159966
CE_PIECEACTIVITY:0.47146460911933696
CE_KINGPAWNSHIELD:0.5487972924540264
CE_PIECECOORDINATION:0.42037865121149565
CE_MATERIAL:0.4747568513650035
CE_KINGSAFETY:0.5364910253100809
C_PIECESQUARETABLES:0.5215992162743281
C_MOBILITY:0.47821095131003166
C_KINGSAFETY:0.46291152486665277
C_PAWNSTRUCTURE:0.5418919358924876
C_PIECECOORDINATION:0.5866196232659634
C_ROOKANDPAWNMOVEMENT:0.5866196232659634
C_CENTERCONTROL:0.5284299390647729
C_DEVELOPPIECES:0.5453303897948838
C_MATERIAL:0.430567015933004
C_MOVECOUNT:0.5
