ELO:804
CE_PASSEDPAWNS:0.5074295065474654
CE_PAWNWEAKNESSES:0.4744366534396913
CE_PIECEACTIVITY:0.5929723690206292
CE_KINGPAWNSHIELD:0.43854395680761105
CE_PIECECOORDINATION:0.4493624505070125
CE_MATERIAL:0.47585189513663706
CE_KINGSAFETY:0.4990685266852714
C_PIECESQUARETABLES:0.49166370547325555
C_MOBILITY:0.5072380974159808
C_KINGSAFETY:0.5114457610350608
C_PAWNSTRUCTURE:0.4900298564229601
C_PIECECOORDINATION:0.5110960842247033
C_ROOKANDPAWNMOVEMENT:0.5110960842247033
C_CENTERCONTROL:0.5866426437981594
C_DEVELOPPIECES:0.44620399318457565
C_MATERIAL:0.5206020932949257
