ELO:998
CE_PASSEDPAWNS:0.5442992941492701
CE_PAWNWEAKNESSES:0.5915994779852465
CE_PIECEACTIVITY:0.431712307541808
CE_KINGPAWNSHIELD:0.45934221665592745
CE_PIECECOORDINATION:0.4977958579831464
CE_MATERIAL:0.4710370523389945
CE_KINGSAFETY:0.4813101286944861
C_PIECESQUARETABLES:0.44503358121587516
C_MOBILITY:0.5723811418604576
C_KINGSAFETY:0.4224016425187497
C_PAWNSTRUCTURE:0.566809420166256
C_PIECECOORDINATION:0.5221406349139489
C_ROOKANDPAWNMOVEMENT:0.5221406349139489
C_CENTERCONTROL:0.524993128317001
C_DEVELOPPIECES:0.4840931068816197
C_MATERIAL:0.5426539311204256
