ELO:1008
CE_PASSEDPAWNS:0.5
CE_PAWNWEAKNESSES:0.49056488171926477
CE_PIECEACTIVITY:0.501925526966411
CE_KINGPAWNSHIELD:0.5147963770475342
CE_PIECECOORDINATION:0.5087950927682566
CE_MATERIAL:0.4884303193141036
CE_KINGSAFETY:0.47918669673844455
C_PIECESQUARETABLES:0.49649062163260665
C_MOBILITY:0.5099978330145043
C_KINGSAFETY:0.5
C_PAWNSTRUCTURE:0.5119700423324278
C_PIECECOORDINATION:0.510496854847549
C_ROOKANDPAWNMOVEMENT:0.510496854847549
C_CENTERCONTROL:0.4917125153973783
C_DEVELOPPIECES:0.5059736730704535
C_MATERIAL:0.4895694985040139
C_MOVECOUNT:0.5208620233431428
