ELO:960
CE_PASSEDPAWNS:0.6221246611922929
CE_PAWNWEAKNESSES:0.3943420238997675
CE_PIECEACTIVITY:0.5750072600982168
CE_KINGPAWNSHIELD:0.5176301677499182
CE_PIECECOORDINATION:0.4570006184953522
CE_MATERIAL:0.5122709360505936
CE_KINGSAFETY:0.5571877309908352
C_PIECESQUARETABLES:0.4992706133192872
C_MOBILITY:0.522934032309383
C_KINGSAFETY:0.4949751451165081
C_PAWNSTRUCTURE:0.5434267113060196
C_PIECECOORDINATION:0.4215070964293281
C_ROOKANDPAWNMOVEMENT:0.4215070964293281
C_CENTERCONTROL:0.40631212442372394
C_DEVELOPPIECES:0.5279963326290447
C_MATERIAL:0.4548021036263754
