ELO:983
CE_PASSEDPAWNS:0.5045115081075666
CE_PAWNWEAKNESSES:0.4775026340919674
CE_PIECEACTIVITY:0.4822155987947563
CE_KINGPAWNSHIELD:0.508169138082926
CE_PIECECOORDINATION:0.5196232917942407
CE_MATERIAL:0.49378473556513347
CE_KINGSAFETY:0.48869435401164296
C_PIECESQUARETABLES:0.5145505291000454
C_MOBILITY:0.5515593355661614
C_KINGSAFETY:0.5203388586641691
C_PAWNSTRUCTURE:0.4923070830532481
C_PIECECOORDINATION:0.5094013097926609
C_ROOK:0.47672564972103404
CE_ROOK:0.4940288619334001
C_CENTERCONTROL:0.4911807008865198
C_DEVELOPPIECES:0.4965829836468844
C_MATERIAL:0.48638283652553466
C_MOVECOUNT:0.4904800694733181
C_PAWNMOVEMENT:0.48738304784384673
