ELO:1017
CE_PASSEDPAWNS:0.4641742336760364
CE_PAWNWEAKNESSES:0.5558434991513129
CE_PIECEACTIVITY:0.5441015649680677
CE_KINGPAWNSHIELD:0.5719094513528857
CE_PIECECOORDINATION:0.4298139915877695
CE_MATERIAL:0.48239639043526994
CE_KINGSAFETY:0.5108014517720533
C_PIECESQUARETABLES:0.5134125327008582
C_MOBILITY:0.34273593565128807
C_KINGSAFETY:0.42059253858597706
C_PAWNSTRUCTURE:0.5047165360410711
C_PIECECOORDINATION:0.5763073958447382
C_ROOKANDPAWNMOVEMENT:0.5763073958447382
C_CENTERCONTROL:0.5184216879978449
C_DEVELOPPIECES:0.533552970676452
C_MATERIAL:0.49909082088588363
