ELO:987
CE_PASSEDPAWNS:0.4889548504802237
CE_PAWNWEAKNESSES:0.47369356191897244
CE_PIECEACTIVITY:0.49737572489762344
CE_KINGPAWNSHIELD:0.4981825456942756
CE_PIECECOORDINATION:0.48012757413797597
CE_MATERIAL:0.5077539897576051
CE_KINGSAFETY:0.49348641171116636
C_PIECESQUARETABLES:0.4968860686761698
C_MOBILITY:0.5060053076591736
C_KINGSAFETY:0.5
C_PAWNSTRUCTURE:0.5141819003784202
C_PIECECOORDINATION:0.488883213475533
C_ROOKANDPAWNMOVEMENT:0.488883213475533
C_CENTERCONTROL:0.5025225920947782
C_DEVELOPPIECES:0.49656572793292586
C_MATERIAL:0.5142863707029147
C_MOVECOUNT:0.4942805749400248
