ELO:1050
CE_PASSEDPAWNS:0.49447455536673607
CE_PAWNWEAKNESSES:0.5
CE_PIECEACTIVITY:0.5142255443378864
CE_KINGPAWNSHIELD:0.4574179119315419
CE_PIECECOORDINATION:0.5089985015545944
CE_MATERIAL:0.49760586661600825
CE_KINGSAFETY:0.4876168118698511
C_PIECESQUARETABLES:0.5
C_MOBILITY:0.5249654797197681
C_KINGSAFETY:0.5
C_PAWNSTRUCTURE:0.5
C_PIECECOORDINATION:0.4995464450658634
C_ROOKANDPAWNMOVEMENT:0.4995464450658634
C_CENTERCONTROL:0.4809755212203476
C_DEVELOPPIECES:0.5
C_MATERIAL:0.4929951965813701
C_MOVECOUNT:0.5
