ELO:863
CE_PASSEDPAWNS:0.4868628775455215
CE_PAWNWEAKNESSES:0.49943534896617797
CE_PIECEACTIVITY:0.4912976329702534
CE_KINGPAWNSHIELD:0.47796692124962786
CE_PIECECOORDINATION:0.42911230468343253
CE_MATERIAL:0.4790278048988372
CE_KINGSAFETY:0.4720249722525232
C_PIECESQUARETABLES:0.49743078363272
C_MOBILITY:0.500397259901331
C_KINGSAFETY:0.4563631614679314
C_PAWNSTRUCTURE:0.5200531371499234
C_PIECECOORDINATION:0.49169303359631966
C_ROOKANDPAWNMOVEMENT:0.49169303359631966
C_CENTERCONTROL:0.4984674994182383
C_DEVELOPPIECES:0.490143234769289
C_MATERIAL:0.5103156701617461
C_MOVECOUNT:0.5
