ELO:873
CE_PASSEDPAWNS:0.5200578737473518
CE_PAWNWEAKNESSES:0.4641040505121883
CE_PIECEACTIVITY:0.46182098977134955
CE_KINGPAWNSHIELD:0.5073245351251907
CE_PIECECOORDINATION:0.5272802859457628
CE_MATERIAL:0.5223346997556187
CE_KINGSAFETY:0.5102310588075665
C_PIECESQUARETABLES:0.5
C_MOBILITY:0.4545593097089453
C_KINGSAFETY:0.48899117931001224
C_PAWNSTRUCTURE:0.5133651997939462
C_PIECECOORDINATION:0.5115659706309731
C_ROOKANDPAWNMOVEMENT:0.5115659706309731
C_CENTERCONTROL:0.5377243316219753
C_DEVELOPPIECES:0.4980432412018419
C_MATERIAL:0.5277833285797703
C_MOVECOUNT:0.5
