ELO:1000
CE_PASSEDPAWNS:0.5015581702099062
CE_PAWNWEAKNESSES:0.49048456389797584
CE_PIECEACTIVITY:0.5
CE_KINGPAWNSHIELD:0.49409084893893246
CE_PIECECOORDINATION:0.5199306014840511
CE_MATERIAL:0.4902848381695253
CE_KINGSAFETY:0.5
C_PIECESQUARETABLES:0.5
C_MOBILITY:0.5315681799066794
C_KINGSAFETY:0.5091181469537532
C_PAWNSTRUCTURE:0.5
C_PIECECOORDINATION:0.5025338552665014
C_ROOK:0.4876386471475184
CE_ROOK:0.49711869480023885
C_CENTERCONTROL:0.503796425231892
C_DEVELOPPIECES:0.492073889384676
C_MATERIAL:0.4865738053987553
C_MOVECOUNT:0.4965383793994908
C_PAWNMOVEMENT:0.4811149579892689
