ELO:991
CE_PASSEDPAWNS:0.49890843694447784
CE_PAWNWEAKNESSES:0.4970512415939188
CE_PIECEACTIVITY:0.48767491007436914
CE_KINGPAWNSHIELD:0.533880951687436
CE_PIECECOORDINATION:0.5235575044113745
CE_MATERIAL:0.5177950108560335
CE_KINGSAFETY:0.48794242210254535
C_PIECESQUARETABLES:0.5
C_MOBILITY:0.49108933400119376
C_KINGSAFETY:0.49910932516940115
C_PAWNSTRUCTURE:0.49301906641893306
C_PIECECOORDINATION:0.5177875833416671
C_ROOKANDPAWNMOVEMENT:0.5177875833416671
C_CENTERCONTROL:0.5
C_DEVELOPPIECES:0.5073686139176867
C_MATERIAL:0.5017029685768036
C_MOVECOUNT:0.5
