ELO:1010
CE_PASSEDPAWNS:0.4894679793600409
CE_PAWNWEAKNESSES:0.48584998843279814
CE_PIECEACTIVITY:0.4759475075077013
CE_KINGPAWNSHIELD:0.5140360407098452
CE_PIECECOORDINATION:0.4812110716632687
CE_MATERIAL:0.4864678224114407
CE_KINGSAFETY:0.4908299650191282
C_PIECESQUARETABLES:0.5
C_MOBILITY:0.5055325925363513
C_KINGSAFETY:0.5219717141548147
C_PAWNSTRUCTURE:0.5
C_PIECECOORDINATION:0.49976581388698954
C_ROOKANDPAWNMOVEMENT:0.49976581388698954
C_CENTERCONTROL:0.4867151030759868
C_DEVELOPPIECES:0.5108152459390728
C_MATERIAL:0.49749781200585314
C_MOVECOUNT:0.5
