ELO:1000
CE_PASSEDPAWNS:0.48608735380560436
CE_PAWNWEAKNESSES:0.5098431277635067
CE_PIECEACTIVITY:0.5137056574518166
CE_KINGPAWNSHIELD:0.5023831284424535
CE_PIECECOORDINATION:0.46490132291700836
CE_MATERIAL:0.48248076536249196
CE_KINGSAFETY:0.5104755633992939
C_PIECESQUARETABLES:0.5111688001778724
C_MOBILITY:0.5046269848811501
C_KINGSAFETY:0.4951400818326759
C_PAWNSTRUCTURE:0.5062474922605223
C_PIECECOORDINATION:0.49089357298652847
C_ROOKANDPAWNMOVEMENT:0.49089357298652847
C_CENTERCONTROL:0.4762641322084808
C_DEVELOPPIECES:0.48922780928585674
C_MATERIAL:0.5021136219876136
