ELO:998
CE_PASSEDPAWNS:0.510596965701933
CE_PAWNWEAKNESSES:0.5
CE_PIECEACTIVITY:0.5
CE_KINGPAWNSHIELD:0.5029440551844092
CE_PIECECOORDINATION:0.4978332582955281
CE_MATERIAL:0.49601389645544947
CE_KINGSAFETY:0.48869835638967946
C_PIECESQUARETABLES:0.49342686233429545
C_MOBILITY:0.5032531709036056
C_KINGSAFETY:0.5
C_PAWNSTRUCTURE:0.4964339050956698
C_PIECECOORDINATION:0.4948448008370175
C_ROOKANDPAWNMOVEMENT:0.4948448008370175
C_CENTERCONTROL:0.5105414896941861
C_DEVELOPPIECES:0.5
C_MATERIAL:0.5068913898712145
C_MOVECOUNT:0.5
