ELO:636
CE_PASSEDPAWNS:0.5066623731652854
CE_PAWNWEAKNESSES:0.5738017929854076
CE_PIECEACTIVITY:0.5017097590955575
CE_KINGPAWNSHIELD:0.4111969591204686
CE_PIECECOORDINATION:0.6035503616000677
CE_MATERIAL:0.5202633792307858
CE_KINGSAFETY:0.5169771672721961
C_PIECESQUARETABLES:0.5081446985391399
C_MOBILITY:0.6004699524618708
C_KINGSAFETY:0.5224167830343381
C_PAWNSTRUCTURE:0.5989539927940933
C_PIECECOORDINATION:0.5025051211075298
C_ROOKANDPAWNMOVEMENT:0.5025051211075298
C_CENTERCONTROL:0.4682456243305907
C_DEVELOPPIECES:0.6308236790881601
C_MATERIAL:0.48560583592241496
C_MOVECOUNT:0.548935250942844
