ELO:901
CE_PASSEDPAWNS:0.5349874917906088
CE_PAWNWEAKNESSES:0.5171123315254851
CE_PIECEACTIVITY:0.4452660095365974
CE_KINGPAWNSHIELD:0.4644118039114405
CE_PIECECOORDINATION:0.5528881402804896
CE_MATERIAL:0.4897249299910883
CE_KINGSAFETY:0.4819791064319406
C_PIECESQUARETABLES:0.5340932293214615
C_MOBILITY:0.5106515339727509
C_KINGSAFETY:0.4999779369686046
C_PAWNSTRUCTURE:0.4217171650621007
C_PIECECOORDINATION:0.5264262521801493
C_ROOKANDPAWNMOVEMENT:0.5264262521801493
C_CENTERCONTROL:0.4902340259539685
C_DEVELOPPIECES:0.3900965004522955
C_MATERIAL:0.5278593638712392
