ELO:1011
CE_PASSEDPAWNS:0.5515732719859076
CE_PAWNWEAKNESSES:0.4754004122296181
CE_PIECEACTIVITY:0.43189922769529365
CE_KINGPAWNSHIELD:0.507732359825861
CE_PIECECOORDINATION:0.4840796942772831
CE_MATERIAL:0.5362234758310839
CE_KINGSAFETY:0.47881068606789917
C_PIECESQUARETABLES:0.465541841449936
C_MOBILITY:0.4814874779610596
C_KINGSAFETY:0.5563288186571236
C_PAWNSTRUCTURE:0.48790170318290216
C_PIECECOORDINATION:0.482715867135326
C_ROOKANDPAWNMOVEMENT:0.482715867135326
C_CENTERCONTROL:0.5670187096142661
C_DEVELOPPIECES:0.4918787361334225
C_MATERIAL:0.5212873784466926
