ELO:932
CE_PASSEDPAWNS:0.5438638795857127
CE_PAWNWEAKNESSES:0.5681449648751518
CE_PIECEACTIVITY:0.460472559168035
CE_KINGPAWNSHIELD:0.5446982122446133
CE_PIECECOORDINATION:0.5250914077951396
CE_MATERIAL:0.44709827884443387
CE_KINGSAFETY:0.4505383766200897
C_PIECESQUARETABLES:0.4828560065831141
C_MOBILITY:0.5164465433658899
C_KINGSAFETY:0.4533927486061607
C_PAWNSTRUCTURE:0.4854195372045461
C_PIECECOORDINATION:0.46628786701573677
C_ROOKANDPAWNMOVEMENT:0.46628786701573677
C_CENTERCONTROL:0.5548771963551188
C_DEVELOPPIECES:0.5300114566795302
C_MATERIAL:0.48649738050875607
C_MOVECOUNT:0.46477266607156464
