ELO:984
CE_PASSEDPAWNS:0.48585675129037165
CE_PAWNWEAKNESSES:0.48145586515788596
CE_PIECEACTIVITY:0.4665845645048452
CE_KINGPAWNSHIELD:0.4954193653943847
CE_PIECECOORDINATION:0.5030658524628098
CE_MATERIAL:0.47804181780068145
CE_KINGSAFETY:0.527489690673589
C_PIECESQUARETABLES:0.49598698268933084
C_MOBILITY:0.5155755000472947
C_KINGSAFETY:0.5450747541718185
C_PAWNSTRUCTURE:0.5131463030703278
C_PIECECOORDINATION:0.5051952093789677
C_ROOK:0.4944671426278272
CE_ROOK:0.487422950035038
C_CENTERCONTROL:0.4735829024802192
C_DEVELOPPIECES:0.5228295072265652
C_MATERIAL:0.49391271865524644
C_MOVECOUNT:0.44674785954207874
C_PAWNMOVEMENT:0.5209749905042874
