ELO:912
CE_PASSEDPAWNS:0.6148695836294368
CE_PAWNWEAKNESSES:0.4062008868133401
CE_PIECEACTIVITY:0.5833685978068316
CE_KINGPAWNSHIELD:0.45992465586421727
CE_PIECECOORDINATION:0.46170470705083777
CE_MATERIAL:0.49275134414309135
CE_KINGSAFETY:0.50207123275711
C_PIECESQUARETABLES:0.5108295567703595
C_MOBILITY:0.5530156557294158
C_KINGSAFETY:0.47002914963136205
C_PAWNSTRUCTURE:0.519800376098891
C_PIECECOORDINATION:0.42622210087637197
C_ROOKANDPAWNMOVEMENT:0.42622210087637197
C_CENTERCONTROL:0.36835218376756124
C_DEVELOPPIECES:0.5077020944790309
C_MATERIAL:0.4994052008942293
