ELO:1024
CE_PASSEDPAWNS:0.5533584320878159
CE_PAWNWEAKNESSES:0.46526033111743226
CE_PIECEACTIVITY:0.44230118898178583
CE_KINGPAWNSHIELD:0.4840194793928785
CE_PIECECOORDINATION:0.46544225017118723
CE_MATERIAL:0.5242678408190197
CE_KINGSAFETY:0.4578623449493381
C_PIECESQUARETABLES:0.45156822729744894
C_MOBILITY:0.4865030083342702
C_KINGSAFETY:0.5845749460258708
C_PAWNSTRUCTURE:0.4995214772625877
C_PIECECOORDINATION:0.4807352376463709
C_ROOKANDPAWNMOVEMENT:0.4807352376463709
C_CENTERCONTROL:0.5464860442013134
C_DEVELOPPIECES:0.4833108856169539
C_MATERIAL:0.515612746771364
