ELO:977
CE_PASSEDPAWNS:0.5168335828348822
CE_PAWNWEAKNESSES:0.5344334867378939
CE_PIECEACTIVITY:0.47544844603174335
CE_KINGPAWNSHIELD:0.494106512928371
CE_PIECECOORDINATION:0.5135588099859814
CE_MATERIAL:0.49288436309616185
CE_KINGSAFETY:0.5
C_PIECESQUARETABLES:0.5
C_MOBILITY:0.5056431574474025
C_KINGSAFETY:0.5258383772414599
C_PAWNSTRUCTURE:0.5238103022816969
C_PIECECOORDINATION:0.4842672614493234
C_ROOK:0.5261473500720804
CE_ROOK:0.4679065200494525
C_CENTERCONTROL:0.5099252187798841
C_DEVELOPPIECES:0.5102365595397254
C_MATERIAL:0.49833557851311927
C_MOVECOUNT:0.4908997420402082
C_PAWNMOVEMENT:0.5070728644669963
