ELO:1000
CE_PASSEDPAWNS:0.5060347961079795
CE_PAWNWEAKNESSES:0.5022010423844201
CE_PIECEACTIVITY:0.48190469216519766
CE_KINGPAWNSHIELD:0.5121424833413065
CE_PIECECOORDINATION:0.5105987347433267
CE_MATERIAL:0.5092783861978429
CE_KINGSAFETY:0.5011390170359467
C_PIECESQUARETABLES:0.507387975943258
C_MOBILITY:0.5084736707097192
C_KINGSAFETY:0.5091736277406088
C_PAWNSTRUCTURE:0.4946292473583796
C_PIECECOORDINATION:0.48524147350990937
C_ROOKANDPAWNMOVEMENT:0.48524147350990937
C_CENTERCONTROL:0.4992583210416733
C_DEVELOPPIECES:0.5068485371156066
C_MATERIAL:0.5094239176077265
