ELO:1009
CE_PASSEDPAWNS:0.5
CE_PAWNWEAKNESSES:0.4917055955941936
CE_PIECEACTIVITY:0.5011849085803816
CE_KINGPAWNSHIELD:0.5
CE_PIECECOORDINATION:0.5
CE_MATERIAL:0.5086035124858388
CE_KINGSAFETY:0.4877209457264398
C_PIECESQUARETABLES:0.5038840498061496
C_MOBILITY:0.5
C_KINGSAFETY:0.4973294714416239
C_PAWNSTRUCTURE:0.503577923610544
C_PIECECOORDINATION:0.5010234198965852
C_ROOKANDPAWNMOVEMENT:0.5010234198965852
C_CENTERCONTROL:0.49924360538488377
C_DEVELOPPIECES:0.5061805084876588
C_MATERIAL:0.4838051473657604
C_MOVECOUNT:0.5120143436201525
