ELO:922
CE_PASSEDPAWNS:0.5199950006901298
CE_PAWNWEAKNESSES:0.5532296641513159
CE_PIECEACTIVITY:0.46965579845191163
CE_KINGPAWNSHIELD:0.4984082417572659
CE_PIECECOORDINATION:0.5148272850549724
CE_MATERIAL:0.5431741825953122
CE_KINGSAFETY:0.4680541257548957
C_PIECESQUARETABLES:0.5135432853229216
C_MOBILITY:0.48519867502342345
C_KINGSAFETY:0.46315062306283405
C_PAWNSTRUCTURE:0.5101814671698377
C_PIECECOORDINATION:0.5268989011840424
C_ROOK:0.46967627629198505
CE_ROOK:0.5126484474457441
C_CENTERCONTROL:0.48355062342204147
C_DEVELOPPIECES:0.5327677008362909
C_MATERIAL:0.5336776419985001
C_MOVECOUNT:0.5347298065393535
C_PAWNMOVEMENT:0.537046331308396
