ELO:981
CE_PASSEDPAWNS:0.4755077099304222
CE_PAWNWEAKNESSES:0.495885952440801
CE_PIECEACTIVITY:0.4696141292509224
CE_KINGPAWNSHIELD:0.5036056767679618
CE_PIECECOORDINATION:0.5
CE_MATERIAL:0.5099309367960619
CE_KINGSAFETY:0.5
C_PIECESQUARETABLES:0.5
C_MOBILITY:0.48760641158335455
C_KINGSAFETY:0.5100402506626386
C_PAWNSTRUCTURE:0.4986977502625761
C_PIECECOORDINATION:0.4940329941824383
C_ROOKANDPAWNMOVEMENT:0.4940329941824383
C_CENTERCONTROL:0.5
C_DEVELOPPIECES:0.475157115907294
C_MATERIAL:0.4902318465470193
C_MOVECOUNT:0.4988765914144693
