ELO:892
CE_PASSEDPAWNS:0.49353508973619514
CE_PAWNWEAKNESSES:0.5821028892052951
CE_PIECEACTIVITY:0.44159111241992116
CE_KINGPAWNSHIELD:0.40999760825396026
CE_PIECECOORDINATION:0.5205102588899921
CE_MATERIAL:0.4670598636053003
CE_KINGSAFETY:0.5562210667451798
C_PIECESQUARETABLES:0.4785549720523027
C_MOBILITY:0.4912040731515435
C_KINGSAFETY:0.4525106762966848
C_PAWNSTRUCTURE:0.4981794290538556
C_PIECECOORDINATION:0.5235184273763048
C_ROOKANDPAWNMOVEMENT:0.5235184273763048
C_CENTERCONTROL:0.540805145305981
C_DEVELOPPIECES:0.5749796091020513
C_MATERIAL:0.5274767889213856
C_MOVECOUNT:0.555430113548845
