ELO:839
CE_PASSEDPAWNS:0.575766250361283
CE_PAWNWEAKNESSES:0.5635805440931252
CE_PIECEACTIVITY:0.4902356983053276
CE_KINGPAWNSHIELD:0.4532023595520279
CE_PIECECOORDINATION:0.4871647579160564
CE_MATERIAL:0.5032265367753197
CE_KINGSAFETY:0.5
C_PIECESQUARETABLES:0.49290286799118943
C_MOBILITY:0.4169790852265052
C_KINGSAFETY:0.49572049963280485
C_PAWNSTRUCTURE:0.5133448836665903
C_PIECECOORDINATION:0.40245099840058707
C_ROOK:0.5023509087016085
CE_ROOK:0.5012223578598662
C_CENTERCONTROL:0.4591261928168953
C_DEVELOPPIECES:0.5172412549278341
C_MATERIAL:0.5497946119786871
C_MOVECOUNT:0.5021323566698652
C_PAWNMOVEMENT:0.5595569679568818
