ELO:1000
CE_PASSEDPAWNS:0.530505961807349
CE_PAWNWEAKNESSES:0.47151049159025865
CE_PIECEACTIVITY:0.4642095977110239
CE_KINGPAWNSHIELD:0.531444616970519
CE_PIECECOORDINATION:0.46730071243351073
CE_MATERIAL:0.5366685613222596
CE_KINGSAFETY:0.5286037552761685
C_PIECESQUARETABLES:0.5081884728634037
C_MOBILITY:0.4692778402183322
C_KINGSAFETY:0.5513763675745669
C_PAWNSTRUCTURE:0.49008148664474743
C_PIECECOORDINATION:0.48565857433292675
C_ROOKANDPAWNMOVEMENT:0.48565857433292675
C_CENTERCONTROL:0.5184968172550255
C_DEVELOPPIECES:0.46953617416466503
C_MATERIAL:0.5612950560147585
