ELO:1048
CE_PASSEDPAWNS:0.5
CE_PAWNWEAKNESSES:0.5030440478045481
CE_PIECEACTIVITY:0.50850957281689
CE_KINGPAWNSHIELD:0.5051573745578699
CE_PIECECOORDINATION:0.5
CE_MATERIAL:0.5
CE_KINGSAFETY:0.5
C_PIECESQUARETABLES:0.5085636343162677
C_MOBILITY:0.5
C_KINGSAFETY:0.5
C_PAWNSTRUCTURE:0.5026080915996485
C_PIECECOORDINATION:0.5025906284010409
C_ROOKANDPAWNMOVEMENT:0.5025906284010409
C_CENTERCONTROL:0.4917995200095904
C_DEVELOPPIECES:0.5
C_MATERIAL:0.494028613801552
C_MOVECOUNT:0.5
