ELO:986
CE_PASSEDPAWNS:0.5006345472969029
CE_PAWNWEAKNESSES:0.499820601592659
CE_PIECEACTIVITY:0.478402394507223
CE_KINGPAWNSHIELD:0.4923036250413362
CE_PIECECOORDINATION:0.4994285206002358
CE_MATERIAL:0.49906941272482486
CE_KINGSAFETY:0.5080414238309559
C_PIECESQUARETABLES:0.5000386160112651
C_MOBILITY:0.5015940682984087
C_KINGSAFETY:0.5005689180386896
C_PAWNSTRUCTURE:0.5
C_PIECECOORDINATION:0.5041089836574387
C_ROOKANDPAWNMOVEMENT:0.5041089836574387
C_CENTERCONTROL:0.49014148247822636
C_DEVELOPPIECES:0.4978144491465131
C_MATERIAL:0.49304004290342035
