ELO:916
CE_PASSEDPAWNS:0.4752530939133159
CE_PAWNWEAKNESSES:0.5690720316534423
CE_PIECEACTIVITY:0.45443866403513034
CE_KINGPAWNSHIELD:0.4073060180256163
CE_PIECECOORDINATION:0.5416439380885191
CE_MATERIAL:0.4752026944260806
CE_KINGSAFETY:0.5332019301594564
C_PIECESQUARETABLES:0.47793126838241506
C_MOBILITY:0.5095607363302385
C_KINGSAFETY:0.47413513610921426
C_PAWNSTRUCTURE:0.48778724626294345
C_PIECECOORDINATION:0.5370670179148709
C_ROOKANDPAWNMOVEMENT:0.5370670179148709
C_CENTERCONTROL:0.5473938543081073
C_DEVELOPPIECES:0.5526735125419012
C_MATERIAL:0.5466473696902125
C_MOVECOUNT:0.5450989861969319
