ELO:944
CE_PASSEDPAWNS:0.4617636729707114
CE_PAWNWEAKNESSES:0.4973633897481574
CE_PIECEACTIVITY:0.4851712664900559
CE_KINGPAWNSHIELD:0.4858719393944592
CE_PIECECOORDINATION:0.5147634305580239
CE_MATERIAL:0.5424848515953454
CE_KINGSAFETY:0.4665892849527347
C_PIECESQUARETABLES:0.4854910161762169
C_MOBILITY:0.5110370538000563
C_KINGSAFETY:0.49448121812294676
C_PAWNSTRUCTURE:0.5080946331062439
C_PIECECOORDINATION:0.49742226143114304
C_ROOKANDPAWNMOVEMENT:0.49742226143114304
C_CENTERCONTROL:0.5083411207875232
C_DEVELOPPIECES:0.49529493433809674
C_MATERIAL:0.4684070964499632
C_MOVECOUNT:0.5
