ELO:1000
CE_PASSEDPAWNS:0.5129463175892931
CE_PAWNWEAKNESSES:0.48540364250975726
CE_PIECEACTIVITY:0.5192591520056327
CE_KINGPAWNSHIELD:0.5116976460248662
CE_PIECECOORDINATION:0.43746291996438563
CE_MATERIAL:0.4512121652062911
CE_KINGSAFETY:0.505855741410841
C_PIECESQUARETABLES:0.5942631158475481
C_MOBILITY:0.5074578646549923
C_KINGSAFETY:0.4594212707473871
C_PAWNSTRUCTURE:0.5587007563646761
C_PIECECOORDINATION:0.48323462981082776
C_ROOKANDPAWNMOVEMENT:0.48323462981082776
C_CENTERCONTROL:0.4509694117515806
C_DEVELOPPIECES:0.5126802180387524
C_MATERIAL:0.4707377867347432
