ELO:960
CE_PASSEDPAWNS:0.5760899111977215
CE_PAWNWEAKNESSES:0.5645062758193409
CE_PIECEACTIVITY:0.4424159245070985
CE_KINGPAWNSHIELD:0.48171852377958696
CE_PIECECOORDINATION:0.516998653086918
CE_MATERIAL:0.4968529336093445
CE_KINGSAFETY:0.5078465227003868
C_PIECESQUARETABLES:0.48975413088941494
C_MOBILITY:0.5391862421116472
C_KINGSAFETY:0.39615539360603946
C_PAWNSTRUCTURE:0.6178381396784447
C_PIECECOORDINATION:0.4925079967144773
C_ROOKANDPAWNMOVEMENT:0.4925079967144773
C_CENTERCONTROL:0.5501019505393318
C_DEVELOPPIECES:0.4996684540901057
C_MATERIAL:0.5310862905122257
