ELO:974
CE_PASSEDPAWNS:0.5223485943814612
CE_PAWNWEAKNESSES:0.5756738647660312
CE_PIECEACTIVITY:0.44701663803637287
CE_KINGPAWNSHIELD:0.4633847322241003
CE_PIECECOORDINATION:0.513532705787618
CE_MATERIAL:0.46088908747485163
CE_KINGSAFETY:0.5124794580932034
C_PIECESQUARETABLES:0.48799658734881
C_MOBILITY:0.5620920264986266
C_KINGSAFETY:0.41575556069515635
C_PAWNSTRUCTURE:0.5905158474184536
C_PIECECOORDINATION:0.4975772449252385
C_ROOKANDPAWNMOVEMENT:0.4975772449252385
C_CENTERCONTROL:0.5633992559799665
C_DEVELOPPIECES:0.49683110900615357
C_MATERIAL:0.5317335935967167
