ELO:910
CE_PASSEDPAWNS:0.5206940217944509
CE_PAWNWEAKNESSES:0.4912436354234515
CE_PIECEACTIVITY:0.5024973701438751
CE_KINGPAWNSHIELD:0.5039443986220039
CE_PIECECOORDINATION:0.5083325415861647
CE_MATERIAL:0.5090155138619883
CE_KINGSAFETY:0.5
C_PIECESQUARETABLES:0.5
C_MOBILITY:0.49340648891391475
C_KINGSAFETY:0.5156510159844591
C_PAWNSTRUCTURE:0.486650058740531
C_PIECECOORDINATION:0.47840299898138866
C_ROOKANDPAWNMOVEMENT:0.47840299898138866
C_CENTERCONTROL:0.5207213281556492
C_DEVELOPPIECES:0.520772820308735
C_MATERIAL:0.5029025335914622
C_MOVECOUNT:0.4951261038524931
