ELO:942
CE_PASSEDPAWNS:0.5629110588804428
CE_PAWNWEAKNESSES:0.5778958985962847
CE_PIECEACTIVITY:0.44437304611807776
CE_KINGPAWNSHIELD:0.46063949368045515
CE_PIECECOORDINATION:0.5172286645825347
CE_MATERIAL:0.4812260494855173
CE_KINGSAFETY:0.4919101914452524
C_PIECESQUARETABLES:0.5080304684356369
C_MOBILITY:0.5484328752067441
C_KINGSAFETY:0.39742720124848296
C_PAWNSTRUCTURE:0.59481605807964
C_PIECECOORDINATION:0.5000604962199365
C_ROOKANDPAWNMOVEMENT:0.5000604962199365
C_CENTERCONTROL:0.5309658722422957
C_DEVELOPPIECES:0.4965098092865377
C_MATERIAL:0.5302872124916961
