ELO:902
CE_PASSEDPAWNS:0.4501465211120387
CE_PAWNWEAKNESSES:0.5027010243568399
CE_PIECEACTIVITY:0.496473179997368
CE_KINGPAWNSHIELD:0.4764476164303015
CE_PIECECOORDINATION:0.5148517840126601
CE_MATERIAL:0.5779062559528938
CE_KINGSAFETY:0.5263529088481632
C_PIECESQUARETABLES:0.493870823475795
C_MOBILITY:0.47601702317990796
C_KINGSAFETY:0.5
C_PAWNSTRUCTURE:0.5468323821861348
C_PIECECOORDINATION:0.5520446120068991
C_ROOKANDPAWNMOVEMENT:0.5520446120068991
C_CENTERCONTROL:0.5596218806695866
C_DEVELOPPIECES:0.5122328461735384
C_MATERIAL:0.5146780710460334
C_MOVECOUNT:0.5
