ELO:971
CE_PASSEDPAWNS:0.5045115081075666
CE_PAWNWEAKNESSES:0.4775026340919674
CE_PIECEACTIVITY:0.4822155987947563
CE_KINGPAWNSHIELD:0.508169138082926
CE_PIECECOORDINATION:0.5196232917942407
CE_MATERIAL:0.49378473556513347
CE_KINGSAFETY:0.5070229948384459
C_PIECESQUARETABLES:0.5
C_MOBILITY:0.5515593355661614
C_KINGSAFETY:0.5241804139838376
C_PAWNSTRUCTURE:0.4923070830532481
C_PIECECOORDINATION:0.5097007927284497
C_ROOK:0.47672564972103404
CE_ROOK:0.48447129123872595
C_CENTERCONTROL:0.4911807008865198
C_DEVELOPPIECES:0.4982986353107237
C_MATERIAL:0.477131526569662
C_MOVECOUNT:0.48257459826528365
C_PAWNMOVEMENT:0.4910498686194004
