ELO:1056
CE_PASSEDPAWNS:0.5
CE_PAWNWEAKNESSES:0.5095992443087984
CE_PIECEACTIVITY:0.5
CE_KINGPAWNSHIELD:0.5
CE_PIECECOORDINATION:0.4922221483498198
CE_MATERIAL:0.4792404180834528
CE_KINGSAFETY:0.47476423233835474
C_PIECESQUARETABLES:0.51049750641298
C_MOBILITY:0.5207860227840152
C_KINGSAFETY:0.4921712799787882
C_PAWNSTRUCTURE:0.4947224391148129
C_PIECECOORDINATION:0.5
C_ROOKANDPAWNMOVEMENT:0.5
C_CENTERCONTROL:0.5
C_DEVELOPPIECES:0.5150002509294973
C_MATERIAL:0.4746667231748566
C_MOVECOUNT:0.5
