ELO:945
CE_PASSEDPAWNS:0.5119507741158313
CE_PAWNWEAKNESSES:0.4795297306731623
CE_PIECEACTIVITY:0.5020291182580744
CE_KINGPAWNSHIELD:0.557731448904467
CE_PIECECOORDINATION:0.4911319432633805
CE_MATERIAL:0.4748577609275902
CE_KINGSAFETY:0.48161591154357475
C_PIECESQUARETABLES:0.5187938789007729
C_MOBILITY:0.49993306647691965
C_KINGSAFETY:0.5883209083217393
C_PAWNSTRUCTURE:0.49278175859127066
C_PIECECOORDINATION:0.4664517258150129
C_ROOKANDPAWNMOVEMENT:0.4664517258150129
C_CENTERCONTROL:0.5178018748130918
C_DEVELOPPIECES:0.5295275473454905
C_MATERIAL:0.48682092843151936
C_MOVECOUNT:0.46275755912072525
