ELO:1035
CE_PASSEDPAWNS:0.5
CE_PAWNWEAKNESSES:0.5
CE_PIECEACTIVITY:0.5140013796464538
CE_KINGPAWNSHIELD:0.5
CE_PIECECOORDINATION:0.5026043119193001
CE_MATERIAL:0.4997683633695673
CE_KINGSAFETY:0.5
C_PIECESQUARETABLES:0.5
C_MOBILITY:0.5
C_KINGSAFETY:0.48894521431848526
C_PAWNSTRUCTURE:0.5
C_PIECECOORDINATION:0.5030424450675859
C_ROOKANDPAWNMOVEMENT:0.5030424450675859
C_CENTERCONTROL:0.5117240657075784
C_DEVELOPPIECES:0.5179150819011946
C_MATERIAL:0.4887024044767712
C_MOVECOUNT:0.5
