ELO:929
CE_PASSEDPAWNS:0.49456080255485163
CE_PAWNWEAKNESSES:0.4809106880575474
CE_PIECEACTIVITY:0.46591081505780935
CE_KINGPAWNSHIELD:0.5394293227027979
CE_PIECECOORDINATION:0.5114634936453082
CE_MATERIAL:0.5038878947055736
CE_KINGSAFETY:0.4692325818612654
C_PIECESQUARETABLES:0.4885126447873647
C_MOBILITY:0.5175073226731944
C_KINGSAFETY:0.5962638466906838
C_PAWNSTRUCTURE:0.4831014920578239
C_PIECECOORDINATION:0.4758411334144427
C_ROOKANDPAWNMOVEMENT:0.4758411334144427
C_CENTERCONTROL:0.5769003798657387
C_DEVELOPPIECES:0.521730560314578
C_MATERIAL:0.4964910771896287
C_MOVECOUNT:0.47015704706482214
