ELO:874
CE_PASSEDPAWNS:0.4682965105186699
CE_PAWNWEAKNESSES:0.5041473489648598
CE_PIECEACTIVITY:0.45365119299996925
CE_KINGPAWNSHIELD:0.4920884449782712
CE_PIECECOORDINATION:0.6186584691993903
CE_MATERIAL:0.5319650160206723
CE_KINGSAFETY:0.5
C_PIECESQUARETABLES:0.5499426474401884
C_MOBILITY:0.5488687505244394
C_KINGSAFETY:0.5206535957750085
C_PAWNSTRUCTURE:0.5135823279989902
C_PIECECOORDINATION:0.4243351353054341
C_ROOKANDPAWNMOVEMENT:0.4243351353054341
C_CENTERCONTROL:0.4873151793354562
C_DEVELOPPIECES:0.48842659181959863
C_MATERIAL:0.4831123302978753
C_MOVECOUNT:0.5
