ELO:915
CE_PASSEDPAWNS:0.4554530581002803
CE_PAWNWEAKNESSES:0.44957126294250077
CE_PIECEACTIVITY:0.4506303239207261
CE_KINGPAWNSHIELD:0.5306937560225
CE_PIECECOORDINATION:0.5724939963560148
CE_MATERIAL:0.4990122579976285
CE_KINGSAFETY:0.5
C_PIECESQUARETABLES:0.516481520943437
C_MOBILITY:0.5389114343126206
C_KINGSAFETY:0.5271544354504761
C_PAWNSTRUCTURE:0.47399971388114903
C_PIECECOORDINATION:0.5226012897034148
C_ROOKANDPAWNMOVEMENT:0.5226012897034148
C_CENTERCONTROL:0.4649110912919173
C_DEVELOPPIECES:0.5710854176389875
C_MATERIAL:0.48044523517626997
C_MOVECOUNT:0.5
