ELO:990
CE_PASSEDPAWNS:0.4772681442851269
CE_PAWNWEAKNESSES:0.49681290844482084
CE_PIECEACTIVITY:0.48112934921777245
CE_KINGPAWNSHIELD:0.5088114180418299
CE_PIECECOORDINATION:0.5022703051183371
CE_MATERIAL:0.49048763129646306
CE_KINGSAFETY:0.5
C_PIECESQUARETABLES:0.5007720235045289
C_MOBILITY:0.5472950275312297
C_KINGSAFETY:0.529998617872601
C_PAWNSTRUCTURE:0.49203525636551687
C_PIECECOORDINATION:0.5077022564469792
C_ROOK:0.48616779518075104
CE_ROOK:0.4922213620091368
C_CENTERCONTROL:0.485157927198098
C_DEVELOPPIECES:0.5047702147190346
C_MATERIAL:0.4965431822898632
C_MOVECOUNT:0.46489566368183927
C_PAWNMOVEMENT:0.4988434759065402
