ELO:952
CE_PASSEDPAWNS:0.635966044311306
CE_PAWNWEAKNESSES:0.38973782126665196
CE_PIECEACTIVITY:0.5895209526218573
CE_KINGPAWNSHIELD:0.4973456383657857
CE_PIECECOORDINATION:0.4442296411335766
CE_MATERIAL:0.5059120707390276
CE_KINGSAFETY:0.4923990369850334
C_PIECESQUARETABLES:0.5058325212388223
C_MOBILITY:0.5625209573991641
C_KINGSAFETY:0.4771864679116052
C_PAWNSTRUCTURE:0.5380440685076631
C_PIECECOORDINATION:0.40614725580278904
C_ROOKANDPAWNMOVEMENT:0.40614725580278904
C_CENTERCONTROL:0.39968794260080576
C_DEVELOPPIECES:0.5222357782572778
C_MATERIAL:0.47036114678760144
