ELO:1000
CE_PASSEDPAWNS:0.48511419380206305
CE_PAWNWEAKNESSES:0.5179445961518483
CE_PIECEACTIVITY:0.5052504560870144
CE_KINGPAWNSHIELD:0.491705159749069
CE_PIECECOORDINATION:0.46490132291700836
CE_MATERIAL:0.46547083190962507
CE_KINGSAFETY:0.49650223926837556
C_PIECESQUARETABLES:0.5208795006139861
C_MOBILITY:0.5053714766700812
C_KINGSAFETY:0.5038343325613295
C_PAWNSTRUCTURE:0.5306813763606171
C_PIECECOORDINATION:0.5069278395713765
C_ROOKANDPAWNMOVEMENT:0.5069278395713765
C_CENTERCONTROL:0.4556874154157404
C_DEVELOPPIECES:0.4947085495886756
C_MATERIAL:0.5021136219876136
