ELO:968
CE_PASSEDPAWNS:0.4405211712313592
CE_PAWNWEAKNESSES:0.5163746092141355
CE_PIECEACTIVITY:0.49690710225427215
CE_KINGPAWNSHIELD:0.4989162214711253
CE_PIECECOORDINATION:0.4714032890586893
CE_MATERIAL:0.5
CE_KINGSAFETY:0.5165795542057162
C_PIECESQUARETABLES:0.4844530743232977
C_MOBILITY:0.5
C_KINGSAFETY:0.5
C_PAWNSTRUCTURE:0.5
C_PIECECOORDINATION:0.5057791723666945
C_ROOKANDPAWNMOVEMENT:0.5057791723666945
C_CENTERCONTROL:0.5038952010367849
C_DEVELOPPIECES:0.4806005876456282
C_MATERIAL:0.4917971718529505
C_MOVECOUNT:0.5
