ELO:954
CE_PASSEDPAWNS:0.43524545081809396
CE_PAWNWEAKNESSES:0.5403909561469642
CE_PIECEACTIVITY:0.5096244030106013
CE_KINGPAWNSHIELD:0.5798268112569682
CE_PIECECOORDINATION:0.5245504363198367
CE_MATERIAL:0.389643686271274
CE_KINGSAFETY:0.5144788231324333
C_PIECESQUARETABLES:0.5218080403904872
C_MOBILITY:0.5456128452615289
C_KINGSAFETY:0.4019104075550253
C_PAWNSTRUCTURE:0.41186089882116683
C_PIECECOORDINATION:0.5259283570049043
C_ROOKANDPAWNMOVEMENT:0.5259283570049043
C_CENTERCONTROL:0.5846950875164536
C_DEVELOPPIECES:0.45443014790542335
C_MATERIAL:0.4788986752988007
