ELO:911
CE_PASSEDPAWNS:0.5126681457079849
CE_PAWNWEAKNESSES:0.4814578147819766
CE_PIECEACTIVITY:0.47986583337833316
CE_KINGPAWNSHIELD:0.5558842239832136
CE_PIECECOORDINATION:0.4907587220295477
CE_MATERIAL:0.4797880545692607
CE_KINGSAFETY:0.47323798609363654
C_PIECESQUARETABLES:0.5119605439843048
C_MOBILITY:0.49531734209851624
C_KINGSAFETY:0.5765331569431444
C_PAWNSTRUCTURE:0.49265423967215627
C_PIECECOORDINATION:0.477360453877276
C_ROOKANDPAWNMOVEMENT:0.477360453877276
C_CENTERCONTROL:0.5521057229368532
C_DEVELOPPIECES:0.5443659218312982
C_MATERIAL:0.4678725186427931
C_MOVECOUNT:0.45660980397272827
