ELO:1010
CE_PASSEDPAWNS:0.5079755831570284
CE_PAWNWEAKNESSES:0.5078998818706337
CE_PIECEACTIVITY:0.5
CE_KINGPAWNSHIELD:0.5077183943204965
CE_PIECECOORDINATION:0.504322955892088
CE_MATERIAL:0.502488032210729
CE_KINGSAFETY:0.5046658613039405
C_PIECESQUARETABLES:0.5014915199183686
C_MOBILITY:0.5160267506570322
C_KINGSAFETY:0.5047160977237543
C_PAWNSTRUCTURE:0.5083267525258283
C_PIECECOORDINATION:0.5
C_ROOKANDPAWNMOVEMENT:0.5
C_CENTERCONTROL:0.5
C_DEVELOPPIECES:0.49018663082694414
C_MATERIAL:0.48961976207647895
C_MOVECOUNT:0.5
