ELO:918
CE_PASSEDPAWNS:0.5480945316236968
CE_PAWNWEAKNESSES:0.4733319318120668
CE_PIECEACTIVITY:0.4651078846116746
CE_KINGPAWNSHIELD:0.4929045964832723
CE_PIECECOORDINATION:0.4976778913711033
CE_MATERIAL:0.5421145766426338
CE_KINGSAFETY:0.5057008569730945
C_PIECESQUARETABLES:0.50489041230515
C_MOBILITY:0.46922393177135563
C_KINGSAFETY:0.5087232728684696
C_PAWNSTRUCTURE:0.48325423511919113
C_PIECECOORDINATION:0.5016896846568748
C_ROOK:0.4780016319498689
CE_ROOK:0.5193795054857765
C_CENTERCONTROL:0.5163063357207922
C_DEVELOPPIECES:0.4792706737750148
C_MATERIAL:0.572917097501356
C_MOVECOUNT:0.5286304967379827
C_PAWNMOVEMENT:0.48092181740452533
