ELO:850
CE_PASSEDPAWNS:0.4330513938427785
CE_PAWNWEAKNESSES:0.5124028024781324
CE_PIECEACTIVITY:0.5362273792892738
CE_KINGPAWNSHIELD:0.5374217979336011
CE_PIECECOORDINATION:0.5139890163462972
CE_MATERIAL:0.4792094797025309
CE_KINGSAFETY:0.5131773873827536
C_PIECESQUARETABLES:0.4783269695293869
C_MOBILITY:0.5460212789855694
C_KINGSAFETY:0.4964634325838128
C_PAWNSTRUCTURE:0.4442865350189192
C_PIECECOORDINATION:0.5417030474152066
C_ROOKANDPAWNMOVEMENT:0.5417030474152066
C_CENTERCONTROL:0.4405513161986386
C_DEVELOPPIECES:0.48297999327478264
C_MATERIAL:0.5879933228161692
C_MOVECOUNT:0.5
