ELO:944
CE_PASSEDPAWNS:0.5393922458103914
CE_PAWNWEAKNESSES:0.47144290467374084
CE_PIECEACTIVITY:0.47110628964053547
CE_KINGPAWNSHIELD:0.5226057955288709
CE_PIECECOORDINATION:0.5186513718238173
CE_MATERIAL:0.511676344685294
CE_KINGSAFETY:0.48695412593636495
C_PIECESQUARETABLES:0.4898905198520482
C_MOBILITY:0.46526422927351063
C_KINGSAFETY:0.4836271972373063
C_PAWNSTRUCTURE:0.48604294107109136
C_PIECECOORDINATION:0.48711788755815605
C_ROOK:0.4496744797008174
CE_ROOK:0.5200387458154772
C_CENTERCONTROL:0.4935939347812984
C_DEVELOPPIECES:0.4861041487135628
C_MATERIAL:0.5559882455897567
C_MOVECOUNT:0.5284524137258162
C_PAWNMOVEMENT:0.49571146423129164
