ELO:1000
CE_PASSEDPAWNS:0.49299146177453324
CE_PAWNWEAKNESSES:0.5345643733265799
CE_PIECEACTIVITY:0.5086095369677818
CE_KINGPAWNSHIELD:0.4381886628602519
CE_PIECECOORDINATION:0.4506469260223888
CE_MATERIAL:0.4949292435175344
CE_KINGSAFETY:0.5
C_PIECESQUARETABLES:0.5065858873714307
C_MOBILITY:0.49307623008320817
C_KINGSAFETY:0.47536264332534434
C_PAWNSTRUCTURE:0.5065736625829288
C_PIECECOORDINATION:0.49166535674437595
C_ROOKANDPAWNMOVEMENT:0.49166535674437595
C_CENTERCONTROL:0.4682205015386615
C_DEVELOPPIECES:0.5486050373129889
C_MATERIAL:0.46450244235730265
