ELO:950
CE_PASSEDPAWNS:0.5035897947398206
CE_PAWNWEAKNESSES:0.601901689088848
CE_PIECEACTIVITY:0.563418810438035
CE_KINGPAWNSHIELD:0.40878155611463113
CE_PIECECOORDINATION:0.4891530864868779
CE_MATERIAL:0.5640571254267087
CE_KINGSAFETY:0.5074027427770125
C_PIECESQUARETABLES:0.4768245873255413
C_MOBILITY:0.48114814072513945
C_KINGSAFETY:0.4889981668193916
C_PAWNSTRUCTURE:0.4356128123500157
C_PIECECOORDINATION:0.5506310700981564
C_ROOKANDPAWNMOVEMENT:0.5506310700981564
C_CENTERCONTROL:0.4403871215332904
C_DEVELOPPIECES:0.48080919317035165
C_MATERIAL:0.4885204993883371
