ELO:997
CE_PASSEDPAWNS:0.5103076826463677
CE_PAWNWEAKNESSES:0.49549618968402315
CE_PIECEACTIVITY:0.5050341193412149
CE_KINGPAWNSHIELD:0.5125556566453003
CE_PIECECOORDINATION:0.5220460555793276
CE_MATERIAL:0.47203312158824084
CE_KINGSAFETY:0.5024207819492262
C_PIECESQUARETABLES:0.5018047957904294
C_MOBILITY:0.5066686543022666
C_KINGSAFETY:0.5
C_PAWNSTRUCTURE:0.508687110366559
C_PIECECOORDINATION:0.4841121717955673
C_ROOKANDPAWNMOVEMENT:0.4841121717955673
C_CENTERCONTROL:0.5087702262327809
C_DEVELOPPIECES:0.5133973999639316
C_MATERIAL:0.4769260768852571
C_MOVECOUNT:0.48882670880509677
