ELO:1086
CE_PASSEDPAWNS:0.46890962386095486
CE_PAWNWEAKNESSES:0.6189328684385607
CE_PIECEACTIVITY:0.47707812532962285
CE_KINGPAWNSHIELD:0.4912531680413721
CE_PIECECOORDINATION:0.5524312122783476
CE_MATERIAL:0.39783305558335186
CE_KINGSAFETY:0.5
C_PIECESQUARETABLES:0.5093204152271766
C_MOBILITY:0.43561949191606064
C_KINGSAFETY:0.515628343929048
C_PAWNSTRUCTURE:0.4175368803813286
C_PIECECOORDINATION:0.4901586621961177
C_ROOKANDPAWNMOVEMENT:0.4901586621961177
C_CENTERCONTROL:0.5974032715337857
C_DEVELOPPIECES:0.5034004472324135
C_MATERIAL:0.39893206669961756
