ELO:952
CE_PASSEDPAWNS:0.5579605945392574
CE_PAWNWEAKNESSES:0.5474432363550882
CE_PIECEACTIVITY:0.4175887107969002
CE_KINGPAWNSHIELD:0.5542250355486119
CE_PIECECOORDINATION:0.5272243861527978
CE_MATERIAL:0.5208015193743452
CE_KINGSAFETY:0.49475035605019424
C_PIECESQUARETABLES:0.5204376465584196
C_MOBILITY:0.5177576530233999
C_KINGSAFETY:0.48503722048310943
C_PAWNSTRUCTURE:0.4576840417446586
C_PIECECOORDINATION:0.568724790512637
C_ROOKANDPAWNMOVEMENT:0.568724790512637
C_CENTERCONTROL:0.43996129329011857
C_DEVELOPPIECES:0.5440423673679424
C_MATERIAL:0.5713855188677922
