ELO:991
CE_PASSEDPAWNS:0.5159188663673986
CE_PAWNWEAKNESSES:0.4747266971979074
CE_PIECEACTIVITY:0.514995690095018
CE_KINGPAWNSHIELD:0.542603462243025
CE_PIECECOORDINATION:0.4894718693631398
CE_MATERIAL:0.4643799074076391
CE_KINGSAFETY:0.48655287427149346
C_PIECESQUARETABLES:0.4893014343441829
C_MOBILITY:0.5836313903895851
C_KINGSAFETY:0.5198781372472405
C_PAWNSTRUCTURE:0.46054427260367564
C_PIECECOORDINATION:0.49481266204964397
C_ROOKANDPAWNMOVEMENT:0.49481266204964397
C_CENTERCONTROL:0.42894235410171383
C_DEVELOPPIECES:0.42955875799703097
C_MATERIAL:0.6119420364375283
