ELO:955
CE_PASSEDPAWNS:0.507256247199787
CE_PAWNWEAKNESSES:0.481340270251786
CE_PIECEACTIVITY:0.5053211328444414
CE_KINGPAWNSHIELD:0.49155620551976026
CE_PIECECOORDINATION:0.49493467194174057
CE_MATERIAL:0.4904829036844849
CE_KINGSAFETY:0.5031610656574194
C_PIECESQUARETABLES:0.5
C_MOBILITY:0.4793719357000864
C_KINGSAFETY:0.5054578687540702
C_PAWNSTRUCTURE:0.48900221483157524
C_PIECECOORDINATION:0.49077533176395705
C_ROOK:0.4955726160363173
CE_ROOK:0.5451765794606255
C_CENTERCONTROL:0.5014366785889658
C_DEVELOPPIECES:0.5113066586251542
C_MATERIAL:0.47620353874090615
C_MOVECOUNT:0.5133162886381165
C_PAWNMOVEMENT:0.5119897899212175
