ELO:929
CE_PASSEDPAWNS:0.48882826150661857
CE_PAWNWEAKNESSES:0.5009570287291709
CE_PIECEACTIVITY:0.5095340802730107
CE_KINGPAWNSHIELD:0.5176389551674776
CE_PIECECOORDINATION:0.48984492362471166
CE_MATERIAL:0.5141101904779796
CE_KINGSAFETY:0.5061679746654192
C_PIECESQUARETABLES:0.5012849854905455
C_MOBILITY:0.524085252843568
C_KINGSAFETY:0.47007835022281785
C_PAWNSTRUCTURE:0.4800057155418421
C_PIECECOORDINATION:0.49658973238222776
C_ROOKANDPAWNMOVEMENT:0.49658973238222776
C_CENTERCONTROL:0.5006711006052065
C_DEVELOPPIECES:0.49797621347695653
C_MATERIAL:0.49140220139479424
C_MOVECOUNT:0.5
