ELO:1035
CE_PASSEDPAWNS:0.5326686626085245
CE_PAWNWEAKNESSES:0.59080858759257
CE_PIECEACTIVITY:0.41673349858721626
CE_KINGPAWNSHIELD:0.4163134433842831
CE_PIECECOORDINATION:0.412064536397061
CE_MATERIAL:0.5107595139240598
CE_KINGSAFETY:0.5042653442061196
C_PIECESQUARETABLES:0.5012143534319476
C_MOBILITY:0.4939058878691108
C_KINGSAFETY:0.4356518556623858
C_PAWNSTRUCTURE:0.4783597573585131
C_PIECECOORDINATION:0.49163695082494796
C_ROOKANDPAWNMOVEMENT:0.49163695082494796
C_CENTERCONTROL:0.5259740941484792
C_DEVELOPPIECES:0.4349299777039538
C_MATERIAL:0.48671757501917645
