ELO:643
CE_PASSEDPAWNS:0.4472981620313422
CE_PAWNWEAKNESSES:0.544126597437694
CE_PIECEACTIVITY:0.6898043499050635
CE_KINGPAWNSHIELD:0.49958005482207585
CE_PIECECOORDINATION:0.5324126449387561
CE_MATERIAL:0.45586808588823063
CE_KINGSAFETY:0.4762680888403304
C_PIECESQUARETABLES:0.4603736885446601
C_MOBILITY:0.4926979591448567
C_KINGSAFETY:0.5720734573810285
C_PAWNSTRUCTURE:0.5520147567404092
C_PIECECOORDINATION:0.6245485398855942
C_ROOKANDPAWNMOVEMENT:0.6245485398855942
C_CENTERCONTROL:0.4908761774052224
C_DEVELOPPIECES:0.6522201675222953
C_MATERIAL:0.5727341186908219
C_MOVECOUNT:0.5114159894211134
