ELO:906
CE_PASSEDPAWNS:0.5245775892386779
CE_PAWNWEAKNESSES:0.4621414928262994
CE_PIECEACTIVITY:0.5148105174874049
CE_KINGPAWNSHIELD:0.4501452898888106
CE_PIECECOORDINATION:0.5187098278626869
CE_MATERIAL:0.5015807188281509
CE_KINGSAFETY:0.5
C_PIECESQUARETABLES:0.5045484403948747
C_MOBILITY:0.48746812889990804
C_KINGSAFETY:0.5253854192881088
C_PAWNSTRUCTURE:0.485802114253842
C_PIECECOORDINATION:0.4844214601917945
C_ROOK:0.4930651028760101
CE_ROOK:0.526670324528561
C_CENTERCONTROL:0.5299448134946243
C_DEVELOPPIECES:0.5290369545984656
C_MATERIAL:0.4951229487196225
C_MOVECOUNT:0.5226897297245076
C_PAWNMOVEMENT:0.5443567172223674
