ELO:1026
CE_PASSEDPAWNS:0.44672295306663845
CE_PAWNWEAKNESSES:0.4402883996594304
CE_PIECEACTIVITY:0.5832393260485739
CE_KINGPAWNSHIELD:0.4401428880965205
CE_PIECECOORDINATION:0.5163000996021402
CE_MATERIAL:0.5124721681306823
CE_KINGSAFETY:0.5246103175741693
C_PIECESQUARETABLES:0.48945024038382756
C_MOBILITY:0.453954316499357
C_KINGSAFETY:0.5659421903489018
C_PAWNSTRUCTURE:0.6063681309717417
C_PIECECOORDINATION:0.5278075763706462
C_ROOKANDPAWNMOVEMENT:0.5278075763706462
C_CENTERCONTROL:0.4910158207041803
C_DEVELOPPIECES:0.56849351418099
C_MATERIAL:0.4850660949509806
