ELO:999
CE_PASSEDPAWNS:0.524641895910475
CE_PAWNWEAKNESSES:0.5511528907943504
CE_PIECEACTIVITY:0.5474390769535883
CE_KINGPAWNSHIELD:0.3862984662504406
CE_PIECECOORDINATION:0.46164084816512807
CE_MATERIAL:0.5551065557991837
CE_KINGSAFETY:0.5176070900188313
C_PIECESQUARETABLES:0.49443118244961676
C_MOBILITY:0.49072768862862276
C_KINGSAFETY:0.46337700617509636
C_PAWNSTRUCTURE:0.4791262708049156
C_PIECECOORDINATION:0.5360853313277782
C_ROOKANDPAWNMOVEMENT:0.5360853313277782
C_CENTERCONTROL:0.482358829212293
C_DEVELOPPIECES:0.5155475454756775
C_MATERIAL:0.4779634824373952
