ELO:918
CE_PASSEDPAWNS:0.5213652585771185
CE_PAWNWEAKNESSES:0.4620655026497058
CE_PIECEACTIVITY:0.5148105174874049
CE_KINGPAWNSHIELD:0.4501452898888106
CE_PIECECOORDINATION:0.5187098278626869
CE_MATERIAL:0.5015807188281509
CE_KINGSAFETY:0.5
C_PIECESQUARETABLES:0.5065017835950173
C_MOBILITY:0.48746812889990804
C_KINGSAFETY:0.5253854192881088
C_PAWNSTRUCTURE:0.47819363478214055
C_PIECECOORDINATION:0.4844214601917945
C_ROOK:0.4930651028760101
CE_ROOK:0.526670324528561
C_CENTERCONTROL:0.5299448134946243
C_DEVELOPPIECES:0.5290369545984656
C_MATERIAL:0.5007763335020219
C_MOVECOUNT:0.5245627485050794
C_PAWNMOVEMENT:0.5443567172223674
