ELO:1000
CE_PASSEDPAWNS:0.4939147164240227
CE_PAWNWEAKNESSES:0.531293478303639
CE_PIECEACTIVITY:0.5086095369677818
CE_KINGPAWNSHIELD:0.43763889615809043
CE_PIECECOORDINATION:0.4669844484752318
CE_MATERIAL:0.47325186382564965
CE_KINGSAFETY:0.46499555946595095
C_PIECESQUARETABLES:0.49940412015428615
C_MOBILITY:0.490258696698737
C_KINGSAFETY:0.4678848709090414
C_PAWNSTRUCTURE:0.5142870890763159
C_PIECECOORDINATION:0.4880158355974019
C_ROOKANDPAWNMOVEMENT:0.4880158355974019
C_CENTERCONTROL:0.46416174301525404
C_DEVELOPPIECES:0.5600275152050963
C_MATERIAL:0.4938522955293655
