ELO:937
CE_PASSEDPAWNS:0.507256247199787
CE_PAWNWEAKNESSES:0.47048914070551673
CE_PIECEACTIVITY:0.5129315648008796
CE_KINGPAWNSHIELD:0.4752027493264834
CE_PIECECOORDINATION:0.5059660316290762
CE_MATERIAL:0.5001851806355738
CE_KINGSAFETY:0.48994500963257265
C_PIECESQUARETABLES:0.49273898214055256
C_MOBILITY:0.4793719357000864
C_KINGSAFETY:0.5048416005379552
C_PAWNSTRUCTURE:0.48160964955891117
C_PIECECOORDINATION:0.47852554785717494
C_ROOK:0.4914878969761979
CE_ROOK:0.5413807147680356
C_CENTERCONTROL:0.5086330229920937
C_DEVELOPPIECES:0.5314483353727114
C_MATERIAL:0.4818241026678509
C_MOVECOUNT:0.5312763225809821
C_PAWNMOVEMENT:0.514881139964293
