ELO:826
CE_PASSEDPAWNS:0.48401955919570455
CE_PAWNWEAKNESSES:0.5237763463676745
CE_PIECEACTIVITY:0.5016547834556732
CE_KINGPAWNSHIELD:0.4427000941132139
CE_PIECECOORDINATION:0.4063454587974031
CE_MATERIAL:0.516826504722953
CE_KINGSAFETY:0.49901373716831227
C_PIECESQUARETABLES:0.49104653612949734
C_MOBILITY:0.47033759153546456
C_KINGSAFETY:0.492057703406705
C_PAWNSTRUCTURE:0.5054768039292536
C_PIECECOORDINATION:0.46286392011408856
C_ROOKANDPAWNMOVEMENT:0.46286392011408856
C_CENTERCONTROL:0.4873280689066913
C_DEVELOPPIECES:0.5092203330201741
C_MATERIAL:0.5343074601389564
C_MOVECOUNT:0.5
