ELO:998
CE_PASSEDPAWNS:0.5713734888336217
CE_PAWNWEAKNESSES:0.5157066876329313
CE_PIECEACTIVITY:0.4012077425045947
CE_KINGPAWNSHIELD:0.5490510439524693
CE_PIECECOORDINATION:0.5223591229757985
CE_MATERIAL:0.4976743552248177
CE_KINGSAFETY:0.5631998503577785
C_PIECESQUARETABLES:0.47006592159394534
C_MOBILITY:0.5218242852127191
C_KINGSAFETY:0.4706223333257541
C_PAWNSTRUCTURE:0.4542799102215573
C_PIECECOORDINATION:0.5777313663387191
C_ROOKANDPAWNMOVEMENT:0.5777313663387191
C_CENTERCONTROL:0.3974618765200648
C_DEVELOPPIECES:0.5177916894549469
C_MATERIAL:0.5139695633892769
