ELO:874
CE_PASSEDPAWNS:0.480054031193904
CE_PAWNWEAKNESSES:0.48413701526192293
CE_PIECEACTIVITY:0.4948098507452941
CE_KINGPAWNSHIELD:0.4994635853818134
CE_PIECECOORDINATION:0.5289293197236389
CE_MATERIAL:0.5032510550705015
CE_KINGSAFETY:0.5
C_PIECESQUARETABLES:0.5
C_MOBILITY:0.4816991583185249
C_KINGSAFETY:0.5485091143078427
C_PAWNSTRUCTURE:0.4941755694619709
C_PIECECOORDINATION:0.4910106814913552
C_ROOKANDPAWNMOVEMENT:0.4910106814913552
C_CENTERCONTROL:0.5402307271965913
C_DEVELOPPIECES:0.5111315248755163
C_MATERIAL:0.5273147648788646
C_MOVECOUNT:0.4815693265930844
