ELO:987
CE_PASSEDPAWNS:0.586823310299631
CE_PAWNWEAKNESSES:0.5070801299550818
CE_PIECEACTIVITY:0.40896039874049095
CE_KINGPAWNSHIELD:0.541803549298185
CE_PIECECOORDINATION:0.5228102731523575
CE_MATERIAL:0.4947842902358008
CE_KINGSAFETY:0.5136282218058363
C_PIECESQUARETABLES:0.5080348193680881
C_MOBILITY:0.5250133353426313
C_KINGSAFETY:0.47181215494303863
C_PAWNSTRUCTURE:0.4585002095878171
C_PIECECOORDINATION:0.5778947645492885
C_ROOKANDPAWNMOVEMENT:0.5778947645492885
C_CENTERCONTROL:0.3989454089455687
C_DEVELOPPIECES:0.5171091282137256
C_MATERIAL:0.5148019663295416
