ELO:1000
CE_PASSEDPAWNS:0.5167589070390256
CE_PAWNWEAKNESSES:0.49476795898455866
CE_PIECEACTIVITY:0.5025295578838119
CE_KINGPAWNSHIELD:0.5
CE_PIECECOORDINATION:0.5
CE_MATERIAL:0.5
CE_KINGSAFETY:0.48851543245408824
C_PIECESQUARETABLES:0.50238419722234
C_MOBILITY:0.5095715416151853
C_KINGSAFETY:0.4817811332473855
C_PAWNSTRUCTURE:0.5208446308588621
C_PIECECOORDINATION:0.49783394923589336
C_ROOKANDPAWNMOVEMENT:0.49783394923589336
C_CENTERCONTROL:0.5
C_DEVELOPPIECES:0.4958070043765875
C_MATERIAL:0.4630693825028842
