ELO:1000
CE_PASSEDPAWNS:0.5122740804290805
CE_PAWNWEAKNESSES:0.5107062757037548
CE_PIECEACTIVITY:0.5104873295543778
CE_KINGPAWNSHIELD:0.45120350477733845
CE_PIECECOORDINATION:0.47772032437410583
CE_MATERIAL:0.50968117910807
CE_KINGSAFETY:0.4838218566225519
C_PIECESQUARETABLES:0.5073299417136243
C_MOBILITY:0.5157395386100356
C_KINGSAFETY:0.48635282761730636
C_PAWNSTRUCTURE:0.5209068970018896
C_PIECECOORDINATION:0.4881650568903334
C_ROOKANDPAWNMOVEMENT:0.4881650568903334
C_CENTERCONTROL:0.5040646962040177
C_DEVELOPPIECES:0.5100915129223632
C_MATERIAL:0.4826259699555625
