ELO:984
CE_PASSEDPAWNS:0.4985844844705943
CE_PAWNWEAKNESSES:0.5049397428049875
CE_PIECEACTIVITY:0.486429601244077
CE_KINGPAWNSHIELD:0.5131058172387151
CE_PIECECOORDINATION:0.5234339033649202
CE_MATERIAL:0.4786101716053164
CE_KINGSAFETY:0.5
C_PIECESQUARETABLES:0.49967670434080336
C_MOBILITY:0.435617746020562
C_KINGSAFETY:0.5085547134154691
C_PAWNSTRUCTURE:0.514665079813041
C_PIECECOORDINATION:0.4658653463876577
C_ROOKANDPAWNMOVEMENT:0.4658653463876577
C_CENTERCONTROL:0.526346545864243
C_DEVELOPPIECES:0.5139193536455576
C_MATERIAL:0.4944926131890145
C_MOVECOUNT:0.5
