ELO:1012
CE_PASSEDPAWNS:0.5
CE_PAWNWEAKNESSES:0.5074952521520395
CE_PIECEACTIVITY:0.5
CE_KINGPAWNSHIELD:0.5
CE_PIECECOORDINATION:0.5066264648136295
CE_MATERIAL:0.5
CE_KINGSAFETY:0.5
C_PIECESQUARETABLES:0.5
C_MOBILITY:0.5058588247514119
C_KINGSAFETY:0.49753219885018196
C_PAWNSTRUCTURE:0.49669198942175424
C_PIECECOORDINATION:0.500887362085855
C_ROOKANDPAWNMOVEMENT:0.500887362085855
C_CENTERCONTROL:0.4894791766970122
C_DEVELOPPIECES:0.48798910923176514
C_MATERIAL:0.49831507192468644
C_MOVECOUNT:0.5
