ELO:895
CE_PASSEDPAWNS:0.46049765697951683
CE_PAWNWEAKNESSES:0.47856840574077114
CE_PIECEACTIVITY:0.4966094008447067
CE_KINGPAWNSHIELD:0.5503977730515245
CE_PIECECOORDINATION:0.4610610371958338
CE_MATERIAL:0.5367244225007942
CE_KINGSAFETY:0.4794614651363699
C_PIECESQUARETABLES:0.4484050043708976
C_MOBILITY:0.4704456762027722
C_KINGSAFETY:0.5223516028805582
C_PAWNSTRUCTURE:0.48093966822193823
C_PIECECOORDINATION:0.4811470654322562
C_ROOKANDPAWNMOVEMENT:0.4811470654322562
C_CENTERCONTROL:0.523135564011527
C_DEVELOPPIECES:0.5071797186409513
C_MATERIAL:0.5578799097555965
C_MOVECOUNT:0.5260231919243891
