ELO:947
CE_PASSEDPAWNS:0.5226252219295854
CE_PAWNWEAKNESSES:0.5137361372782577
CE_PIECEACTIVITY:0.4787546203149133
CE_KINGPAWNSHIELD:0.5306247517527262
CE_PIECECOORDINATION:0.5253145766838521
CE_MATERIAL:0.5206873177604634
CE_KINGSAFETY:0.5036521037484647
C_PIECESQUARETABLES:0.49980352799537603
C_MOBILITY:0.4703126570042485
C_KINGSAFETY:0.4836271972373063
C_PAWNSTRUCTURE:0.49209127125759344
C_PIECECOORDINATION:0.48711788755815605
C_ROOK:0.45664835237813123
CE_ROOK:0.529187745238301
C_CENTERCONTROL:0.5012866450286959
C_DEVELOPPIECES:0.4676291711166347
C_MATERIAL:0.5583798588182346
C_MOVECOUNT:0.5229337125416212
C_PAWNMOVEMENT:0.4990768315281498
