ELO:907
CE_PASSEDPAWNS:0.5245775892386779
CE_PAWNWEAKNESSES:0.4408207367153783
CE_PIECEACTIVITY:0.50641521388218
CE_KINGPAWNSHIELD:0.44182251064717515
CE_PIECECOORDINATION:0.5077985444794295
CE_MATERIAL:0.5006790006939023
CE_KINGSAFETY:0.5011629064120814
C_PIECESQUARETABLES:0.49439750138975785
C_MOBILITY:0.48746812889990804
C_KINGSAFETY:0.5318511894447239
C_PAWNSTRUCTURE:0.4745459211730832
C_PIECECOORDINATION:0.4947523292429497
C_ROOK:0.4930651028760101
CE_ROOK:0.5356302740725979
C_CENTERCONTROL:0.5201833261943872
C_DEVELOPPIECES:0.5290369545984656
C_MATERIAL:0.5026526871142137
C_MOVECOUNT:0.5282717411054453
C_PAWNMOVEMENT:0.5462460579076391
