ELO:1000
CE_PASSEDPAWNS:0.4969879136312713
CE_PAWNWEAKNESSES:0.4792579215683182
CE_PIECEACTIVITY:0.5070478457416464
CE_KINGPAWNSHIELD:0.4875450787398965
CE_PIECECOORDINATION:0.5
CE_MATERIAL:0.5204851237374319
CE_KINGSAFETY:0.5
C_PIECESQUARETABLES:0.5
C_MOBILITY:0.49905723722606044
C_KINGSAFETY:0.4982305493586059
C_PAWNSTRUCTURE:0.49297729508143
C_PIECECOORDINATION:0.49077533176395705
C_ROOK:0.48946716338626856
CE_ROOK:0.5119981615762309
C_CENTERCONTROL:0.5079040606132749
C_DEVELOPPIECES:0.506689231092742
C_MATERIAL:0.511088798442174
C_MOVECOUNT:0.5023082241292052
C_PAWNMOVEMENT:0.5149004091566327
