ELO:936
CE_PASSEDPAWNS:0.507256247199787
CE_PAWNWEAKNESSES:0.46903496030766284
CE_PIECEACTIVITY:0.5129315648008796
CE_KINGPAWNSHIELD:0.4707866589634365
CE_PIECECOORDINATION:0.5212576405718415
CE_MATERIAL:0.5162759584441836
CE_KINGSAFETY:0.5066811316195221
C_PIECESQUARETABLES:0.486134686606601
C_MOBILITY:0.4752209212323025
C_KINGSAFETY:0.527923508697336
C_PAWNSTRUCTURE:0.47937588602345005
C_PIECECOORDINATION:0.48477420031586577
C_ROOK:0.4841705940428771
CE_ROOK:0.5308583190468205
C_CENTERCONTROL:0.5305389865341568
C_DEVELOPPIECES:0.5313900385336732
C_MATERIAL:0.47880781318558013
C_MOVECOUNT:0.5283660963750026
C_PAWNMOVEMENT:0.5482111726898281
