ELO:984
CE_PASSEDPAWNS:0.4931879115161263
CE_PAWNWEAKNESSES:0.5061391791402894
CE_PIECEACTIVITY:0.4921635004372406
CE_KINGPAWNSHIELD:0.5
CE_PIECECOORDINATION:0.48578343946265823
CE_MATERIAL:0.488958039945608
CE_KINGSAFETY:0.5
C_PIECESQUARETABLES:0.5002954659411868
C_MOBILITY:0.5114234600099735
C_KINGSAFETY:0.5085186612139702
C_PAWNSTRUCTURE:0.5036204429788854
C_PIECECOORDINATION:0.5110744266653349
C_ROOK:0.5
CE_ROOK:0.5
C_CENTERCONTROL:0.49667508120556064
C_DEVELOPPIECES:0.5119275894858977
C_MATERIAL:0.5061842162905031
C_MOVECOUNT:0.46856828683593194
C_PAWNMOVEMENT:0.5
