ELO:944
CE_PASSEDPAWNS:0.5312772645151761
CE_PAWNWEAKNESSES:0.48996565934565595
CE_PIECEACTIVITY:0.46681820050401734
CE_KINGPAWNSHIELD:0.5349339198582979
CE_PIECECOORDINATION:0.5186513718238173
CE_MATERIAL:0.5156142072764783
CE_KINGSAFETY:0.490331975115894
C_PIECESQUARETABLES:0.499555744751982
C_MOBILITY:0.4596963438149234
C_KINGSAFETY:0.4836271972373063
C_PAWNSTRUCTURE:0.48760325406961813
C_PIECECOORDINATION:0.48711788755815605
C_ROOK:0.4408716846938908
CE_ROOK:0.5306786680305756
C_CENTERCONTROL:0.5110593945805268
C_DEVELOPPIECES:0.48137545499471374
C_MATERIAL:0.5481190132193102
C_MOVECOUNT:0.5218158658656324
C_PAWNMOVEMENT:0.49571146423129164
