ELO:988
CE_PASSEDPAWNS:0.5457345729423272
CE_PAWNWEAKNESSES:0.4747266971979074
CE_PIECEACTIVITY:0.5280257144731322
CE_KINGPAWNSHIELD:0.542603462243025
CE_PIECECOORDINATION:0.47009583091786855
CE_MATERIAL:0.5030403841932721
CE_KINGSAFETY:0.5
C_PIECESQUARETABLES:0.5112414505457569
C_MOBILITY:0.5757248080412336
C_KINGSAFETY:0.5401644659097458
C_PAWNSTRUCTURE:0.45190005761617885
C_PIECECOORDINATION:0.43555296651132985
C_ROOKANDPAWNMOVEMENT:0.43555296651132985
C_CENTERCONTROL:0.4344880289599061
C_DEVELOPPIECES:0.4354212939766876
C_MATERIAL:0.6234991122067586
