ELO:1000
CE_PASSEDPAWNS:0.4932378442385233
CE_PAWNWEAKNESSES:0.4910957257036382
CE_PIECEACTIVITY:0.5070478457416464
CE_KINGPAWNSHIELD:0.4875450787398965
CE_PIECECOORDINATION:0.5
CE_MATERIAL:0.5204851237374319
CE_KINGSAFETY:0.5053112732626887
C_PIECESQUARETABLES:0.5
C_MOBILITY:0.5043552605031675
C_KINGSAFETY:0.5
C_PAWNSTRUCTURE:0.5
C_PIECECOORDINATION:0.5
C_ROOK:0.48946716338626856
CE_ROOK:0.5085544247441073
C_CENTERCONTROL:0.5
C_DEVELOPPIECES:0.5
C_MATERIAL:0.511088798442174
C_MOVECOUNT:0.5054699383143051
C_PAWNMOVEMENT:0.5129052281784962
