ELO:960
CE_PASSEDPAWNS:0.45832254822348567
CE_PAWNWEAKNESSES:0.565548150761985
CE_PIECEACTIVITY:0.5076459816717306
CE_KINGPAWNSHIELD:0.5764037360819706
CE_PIECECOORDINATION:0.6583931059680266
CE_MATERIAL:0.5861060378159885
CE_KINGSAFETY:0.4665924970188735
C_PIECESQUARETABLES:0.5053201952826468
C_MOBILITY:0.5621913301072667
C_KINGSAFETY:0.5091691396404701
C_PAWNSTRUCTURE:0.5730539124640753
C_PIECECOORDINATION:0.47482303948392396
C_ROOKANDPAWNMOVEMENT:0.47482303948392396
C_CENTERCONTROL:0.5394755078845904
C_DEVELOPPIECES:0.4175492494963276
C_MATERIAL:0.594137335997751
