ELO:995
CE_PASSEDPAWNS:0.5
CE_PAWNWEAKNESSES:0.487005456526121
CE_PIECEACTIVITY:0.5168486230645639
CE_KINGPAWNSHIELD:0.449571223496715
CE_PIECECOORDINATION:0.5140861806406638
CE_MATERIAL:0.5054734930030579
CE_KINGSAFETY:0.526258054099186
C_PIECESQUARETABLES:0.5
C_MOBILITY:0.4970326531719936
C_KINGSAFETY:0.5129476489491416
C_PAWNSTRUCTURE:0.5124348522456827
C_PIECECOORDINATION:0.49303376250463576
C_ROOKANDPAWNMOVEMENT:0.49303376250463576
C_CENTERCONTROL:0.4803232923409868
C_DEVELOPPIECES:0.4920238953398976
C_MATERIAL:0.5
C_MOVECOUNT:0.5
