ELO:871
CE_PASSEDPAWNS:0.4521656292285371
CE_PAWNWEAKNESSES:0.49374407900619854
CE_PIECEACTIVITY:0.5204384429408307
CE_KINGPAWNSHIELD:0.462375639749538
CE_PIECECOORDINATION:0.4921656223487811
CE_MATERIAL:0.47643415848234555
CE_KINGSAFETY:0.5510631752253307
C_PIECESQUARETABLES:0.476846147984205
C_MOBILITY:0.5325767811389364
C_KINGSAFETY:0.5959888570495417
C_PAWNSTRUCTURE:0.47197938527052785
C_PIECECOORDINATION:0.4375092903851359
C_ROOKANDPAWNMOVEMENT:0.4375092903851359
C_CENTERCONTROL:0.47896053570348696
C_DEVELOPPIECES:0.53759167220694
C_MATERIAL:0.3996761782279
C_MOVECOUNT:0.5
