ELO:942
CE_PASSEDPAWNS:0.49393611474018856
CE_PAWNWEAKNESSES:0.5950816847044189
CE_PIECEACTIVITY:0.5648748735478588
CE_KINGPAWNSHIELD:0.4091585837815527
CE_PIECECOORDINATION:0.49449231544028693
CE_MATERIAL:0.5860251990759467
CE_KINGSAFETY:0.4874317347662954
C_PIECESQUARETABLES:0.5079295744407318
C_MOBILITY:0.45540046699468184
C_KINGSAFETY:0.49829635522974314
C_PAWNSTRUCTURE:0.41526666907725696
C_PIECECOORDINATION:0.5669113022407497
C_ROOKANDPAWNMOVEMENT:0.5669113022407497
C_CENTERCONTROL:0.44783918074686596
C_DEVELOPPIECES:0.4783049926455221
C_MATERIAL:0.49419994787157484
