ELO:891
CE_PASSEDPAWNS:0.4620072238818767
CE_PAWNWEAKNESSES:0.6057406616894824
CE_PIECEACTIVITY:0.6067132489179251
CE_KINGPAWNSHIELD:0.42005925800652494
CE_PIECECOORDINATION:0.513073135432391
CE_MATERIAL:0.5992499405226751
CE_KINGSAFETY:0.47024100759791987
C_PIECESQUARETABLES:0.49856290254285923
C_MOBILITY:0.37756466158526514
C_KINGSAFETY:0.5551880762054479
C_PAWNSTRUCTURE:0.40282198775538497
C_PIECECOORDINATION:0.5798575602279293
C_ROOKANDPAWNMOVEMENT:0.5798575602279293
C_CENTERCONTROL:0.4890378471511233
C_DEVELOPPIECES:0.4882002752637725
C_MATERIAL:0.49854451097260966
