ELO:979
CE_PASSEDPAWNS:0.5
CE_PAWNWEAKNESSES:0.5
CE_PIECEACTIVITY:0.5
CE_KINGPAWNSHIELD:0.5
CE_PIECECOORDINATION:0.5
CE_MATERIAL:0.4980261701732225
CE_KINGSAFETY:0.512206824714126
C_PIECESQUARETABLES:0.47520545929060665
C_MOBILITY:0.49896429214417504
C_KINGSAFETY:0.48830118674438716
C_PAWNSTRUCTURE:0.5123750639498071
C_PIECECOORDINATION:0.5105858500065245
C_ROOKANDPAWNMOVEMENT:0.5105858500065245
C_CENTERCONTROL:0.5034494530100364
C_DEVELOPPIECES:0.48096777318204736
C_MATERIAL:0.5
C_MOVECOUNT:0.5
