ELO:989
CE_PASSEDPAWNS:0.5187681941447732
CE_PAWNWEAKNESSES:0.4747266971979074
CE_PIECEACTIVITY:0.5256534381721791
CE_KINGPAWNSHIELD:0.4886202917826546
CE_PIECECOORDINATION:0.47009583091786855
CE_MATERIAL:0.4736166387982939
CE_KINGSAFETY:0.49997132334116723
C_PIECESQUARETABLES:0.5
C_MOBILITY:0.500975226800972
C_KINGSAFETY:0.5188238484182511
C_PAWNSTRUCTURE:0.45446556840731916
C_PIECECOORDINATION:0.4992128269432733
C_ROOKANDPAWNMOVEMENT:0.4992128269432733
C_CENTERCONTROL:0.42894235410171383
C_DEVELOPPIECES:0.42955875799703097
C_MATERIAL:0.6234991122067586
