ELO:949
CE_PASSEDPAWNS:0.5147130484373682
CE_PAWNWEAKNESSES:0.5846127158380351
CE_PIECEACTIVITY:0.5755851336784047
CE_KINGPAWNSHIELD:0.41058474449617344
CE_PIECECOORDINATION:0.4891530864868779
CE_MATERIAL:0.5640571254267087
CE_KINGSAFETY:0.5025438787262497
C_PIECESQUARETABLES:0.5
C_MOBILITY:0.4854579020312416
C_KINGSAFETY:0.4889981668193916
C_PAWNSTRUCTURE:0.4356128123500157
C_PIECECOORDINATION:0.5548328780046492
C_ROOKANDPAWNMOVEMENT:0.5548328780046492
C_CENTERCONTROL:0.4327840649892002
C_DEVELOPPIECES:0.4798771506795974
C_MATERIAL:0.4906860867960286
