ELO:998
CE_PASSEDPAWNS:0.5
CE_PAWNWEAKNESSES:0.5074952521520395
CE_PIECEACTIVITY:0.4825721482981355
CE_KINGPAWNSHIELD:0.4969653594040064
CE_PIECECOORDINATION:0.5
CE_MATERIAL:0.5060609319399698
CE_KINGSAFETY:0.5071258258037441
C_PIECESQUARETABLES:0.5
C_MOBILITY:0.5033340656756519
C_KINGSAFETY:0.49753219885018196
C_PAWNSTRUCTURE:0.5098472482330738
C_PIECECOORDINATION:0.5
C_ROOKANDPAWNMOVEMENT:0.5
C_CENTERCONTROL:0.506217355931156
C_DEVELOPPIECES:0.5123123997056916
C_MATERIAL:0.48906332066878294
C_MOVECOUNT:0.5
