ELO:1030
CE_PASSEDPAWNS:0.5
CE_PAWNWEAKNESSES:0.4958685600653191
CE_PIECEACTIVITY:0.5026454537153231
CE_KINGPAWNSHIELD:0.5147963770475342
CE_PIECECOORDINATION:0.5
CE_MATERIAL:0.5053911028705211
CE_KINGSAFETY:0.5
C_PIECESQUARETABLES:0.5
C_MOBILITY:0.48758565974696444
C_KINGSAFETY:0.4937778639146531
C_PAWNSTRUCTURE:0.5
C_PIECECOORDINATION:0.49337176267113386
C_ROOKANDPAWNMOVEMENT:0.49337176267113386
C_CENTERCONTROL:0.5087251746074105
C_DEVELOPPIECES:0.5169510896533073
C_MATERIAL:0.5
C_MOVECOUNT:0.4976330894279585
