ELO:1000
CE_PASSEDPAWNS:0.5
CE_PAWNWEAKNESSES:0.5
CE_PIECEACTIVITY:0.49022782552601035
CE_KINGPAWNSHIELD:0.5
CE_PIECECOORDINATION:0.5039688833815147
CE_MATERIAL:0.502488032210729
CE_KINGSAFETY:0.5046658613039405
C_PIECESQUARETABLES:0.5124776117469313
C_MOBILITY:0.5104856641221707
C_KINGSAFETY:0.5
C_PAWNSTRUCTURE:0.5
C_PIECECOORDINATION:0.5
C_ROOKANDPAWNMOVEMENT:0.5
C_CENTERCONTROL:0.5
C_DEVELOPPIECES:0.5034066635803133
C_MATERIAL:0.4932650878741609
C_MOVECOUNT:0.5
