ELO:984
CE_PASSEDPAWNS:0.5021614383286719
CE_PAWNWEAKNESSES:0.5157004535974988
CE_PIECEACTIVITY:0.5168486230645639
CE_KINGPAWNSHIELD:0.47416465204750124
CE_PIECECOORDINATION:0.5097269414023637
CE_MATERIAL:0.4891721019949245
CE_KINGSAFETY:0.48369592320063465
C_PIECESQUARETABLES:0.4919867327710603
C_MOBILITY:0.503741309569255
C_KINGSAFETY:0.5
C_PAWNSTRUCTURE:0.5288475062069774
C_PIECECOORDINATION:0.4383496978922531
C_ROOKANDPAWNMOVEMENT:0.4383496978922531
C_CENTERCONTROL:0.5041211993201832
C_DEVELOPPIECES:0.48963462765879634
C_MATERIAL:0.48044523517626997
C_MOVECOUNT:0.5
