ELO:959
CE_PASSEDPAWNS:0.44757833656561463
CE_PAWNWEAKNESSES:0.4226387924815418
CE_PIECEACTIVITY:0.5461217497574483
CE_KINGPAWNSHIELD:0.5788093074229476
CE_PIECECOORDINATION:0.5474816762245737
CE_MATERIAL:0.45307274299934625
CE_KINGSAFETY:0.5269957956293203
C_PIECESQUARETABLES:0.4895045033353544
C_MOBILITY:0.5690997868049475
C_KINGSAFETY:0.5932387764415402
C_PAWNSTRUCTURE:0.4681709934347434
C_PIECECOORDINATION:0.6327927698314592
C_ROOKANDPAWNMOVEMENT:0.6327927698314592
C_CENTERCONTROL:0.4720098087929038
C_DEVELOPPIECES:0.5002185454838901
C_MATERIAL:0.6401978876595843
