ELO:966
CE_PASSEDPAWNS:0.5204247803830258
CE_PAWNWEAKNESSES:0.5059197531012948
CE_PIECEACTIVITY:0.48766799839703256
CE_KINGPAWNSHIELD:0.5165277870797512
CE_PIECECOORDINATION:0.5067730976131555
CE_MATERIAL:0.5271585539587044
CE_KINGSAFETY:0.5039235501889888
C_PIECESQUARETABLES:0.5
C_MOBILITY:0.4776585041944293
C_KINGSAFETY:0.4959443364200463
C_PAWNSTRUCTURE:0.48878633853806785
C_PIECECOORDINATION:0.4765346408232065
C_ROOK:0.4684883580554221
CE_ROOK:0.5355285037706317
C_CENTERCONTROL:0.49246517006697865
C_DEVELOPPIECES:0.46945255174523265
C_MATERIAL:0.5555056294881755
C_MOVECOUNT:0.5270938849847276
C_PAWNMOVEMENT:0.5106305418917693
