ELO:987
CE_PASSEDPAWNS:0.5042020544998801
CE_PAWNWEAKNESSES:0.4792579215683182
CE_PIECEACTIVITY:0.5227065595284064
CE_KINGPAWNSHIELD:0.4875450787398965
CE_PIECECOORDINATION:0.5
CE_MATERIAL:0.4978927225081803
CE_KINGSAFETY:0.5
C_PIECESQUARETABLES:0.4940738582992385
C_MOBILITY:0.4793719357000864
C_KINGSAFETY:0.5036824372773364
C_PAWNSTRUCTURE:0.48671846377599004
C_PIECECOORDINATION:0.49077533176395705
C_ROOK:0.49726793081639964
CE_ROOK:0.5288031300723833
C_CENTERCONTROL:0.5097503000191129
C_DEVELOPPIECES:0.5010047062965278
C_MATERIAL:0.511088798442174
C_MOVECOUNT:0.5023082241292052
C_PAWNMOVEMENT:0.5086485367168648
