ELO:907
CE_PASSEDPAWNS:0.49781437262241707
CE_PAWNWEAKNESSES:0.5043868977035711
CE_PIECEACTIVITY:0.5412695840085471
CE_KINGPAWNSHIELD:0.541430060936211
CE_PIECECOORDINATION:0.46329169041200297
CE_MATERIAL:0.4987607233693002
CE_KINGSAFETY:0.5027786788166948
C_PIECESQUARETABLES:0.5007043030067337
C_MOBILITY:0.5448923220310746
C_KINGSAFETY:0.5371005049378508
C_PAWNSTRUCTURE:0.4947358321026558
C_PIECECOORDINATION:0.4960179416751085
C_ROOK:0.4969246065443568
CE_ROOK:0.5094011096340103
C_CENTERCONTROL:0.5323720108558427
C_DEVELOPPIECES:0.5387955975518128
C_MATERIAL:0.48446696313201276
C_MOVECOUNT:0.530633133283113
C_PAWNMOVEMENT:0.5423876454958008
