ELO:815
CE_PASSEDPAWNS:0.5100892792304162
CE_PAWNWEAKNESSES:0.4933465850886673
CE_PIECEACTIVITY:0.4855934565142222
CE_KINGPAWNSHIELD:0.41401552704160705
CE_PIECECOORDINATION:0.5104175588358338
CE_MATERIAL:0.5105777745155027
CE_KINGSAFETY:0.5564733105963745
C_PIECESQUARETABLES:0.5460359913085331
C_MOBILITY:0.47909819300025785
C_KINGSAFETY:0.610993402733555
C_PAWNSTRUCTURE:0.5329599807259777
C_PIECECOORDINATION:0.48965731684191927
C_ROOKANDPAWNMOVEMENT:0.48965731684191927
C_CENTERCONTROL:0.5208108499558558
C_DEVELOPPIECES:0.5120448390766578
C_MATERIAL:0.5365339996401574
C_MOVECOUNT:0.5
