ELO:949
CE_PASSEDPAWNS:0.49762839092298916
CE_PAWNWEAKNESSES:0.4981695916665041
CE_PIECEACTIVITY:0.5283673339771797
CE_KINGPAWNSHIELD:0.5057494758205803
CE_PIECECOORDINATION:0.46585523716149
CE_MATERIAL:0.5159346927316016
CE_KINGSAFETY:0.5010373130592003
C_PIECESQUARETABLES:0.48806196736715585
C_MOBILITY:0.5328431671435425
C_KINGSAFETY:0.5277119313731791
C_PAWNSTRUCTURE:0.5057633228951587
C_PIECECOORDINATION:0.5163133352982536
C_ROOK:0.4961746711880074
CE_ROOK:0.5006813782888632
C_CENTERCONTROL:0.5316537648785357
C_DEVELOPPIECES:0.5277784116791974
C_MATERIAL:0.4969472406018169
C_MOVECOUNT:0.5131725068161228
C_PAWNMOVEMENT:0.561976919632523
