ELO:886
CE_PASSEDPAWNS:0.49111582136404747
CE_PAWNWEAKNESSES:0.5113507088990721
CE_PIECEACTIVITY:0.529768228411777
CE_KINGPAWNSHIELD:0.5294267973664122
CE_PIECECOORDINATION:0.47004147984982125
CE_MATERIAL:0.49245976488029897
CE_KINGSAFETY:0.4973571061087456
C_PIECESQUARETABLES:0.4930181960617395
C_MOBILITY:0.5261151566185001
C_KINGSAFETY:0.5155927814104204
C_PAWNSTRUCTURE:0.45939494158047667
C_PIECECOORDINATION:0.5257151266951516
C_ROOK:0.5280690634198453
CE_ROOK:0.5002076015834476
C_CENTERCONTROL:0.5202195142264673
C_DEVELOPPIECES:0.5409213070141157
C_MATERIAL:0.4953426474332009
C_MOVECOUNT:0.5327872120879028
C_PAWNMOVEMENT:0.5476152954902285
