ELO:669
CE_PASSEDPAWNS:0.46009098481155064
CE_PAWNWEAKNESSES:0.4907597269205065
CE_PIECEACTIVITY:0.5587574807220518
CE_KINGPAWNSHIELD:0.41155909507657024
CE_PIECECOORDINATION:0.5450156548245143
CE_MATERIAL:0.49586730173338145
CE_KINGSAFETY:0.5136604426685992
C_PIECESQUARETABLES:0.4801808525517842
C_MOBILITY:0.4175741387075323
C_KINGSAFETY:0.6111301039882203
C_PAWNSTRUCTURE:0.5807275397644247
C_PIECECOORDINATION:0.48000678908067135
C_ROOKANDPAWNMOVEMENT:0.48000678908067135
C_CENTERCONTROL:0.5354046459395665
C_DEVELOPPIECES:0.5108252631585349
C_MATERIAL:0.5287637723238934
C_MOVECOUNT:0.5
