ELO:1000
CE_PASSEDPAWNS:0.5
CE_PAWNWEAKNESSES:0.5000502322980984
CE_PIECEACTIVITY:0.5027840383992475
CE_KINGPAWNSHIELD:0.4983338062234842
CE_PIECECOORDINATION:0.49472237002428937
CE_MATERIAL:0.5207631169085377
CE_KINGSAFETY:0.5
C_PIECESQUARETABLES:0.5110755562206051
C_MOBILITY:0.5034888904832598
C_KINGSAFETY:0.5
C_PAWNSTRUCTURE:0.5052357508059513
C_PIECECOORDINATION:0.5007001920689463
C_ROOK:0.4884344514142019
CE_ROOK:0.488436761010283
C_CENTERCONTROL:0.5026578560079938
C_DEVELOPPIECES:0.51188274379842
C_MATERIAL:0.5085119268006085
C_MOVECOUNT:0.5027419542631254
C_PAWNMOVEMENT:0.4920152856156383
