ELO:967
CE_PASSEDPAWNS:0.5177323882283242
CE_PAWNWEAKNESSES:0.48631029325637626
CE_PIECEACTIVITY:0.4950346957813428
CE_KINGPAWNSHIELD:0.5549338197768233
CE_PIECECOORDINATION:0.5151394958558043
CE_MATERIAL:0.40803896088511316
CE_KINGSAFETY:0.5076085683234447
C_PIECESQUARETABLES:0.511817606255491
C_MOBILITY:0.49836265077718234
C_KINGSAFETY:0.4860005414738481
C_PAWNSTRUCTURE:0.45858391670308085
C_PIECECOORDINATION:0.47702509132273413
C_ROOKANDPAWNMOVEMENT:0.47702509132273413
C_CENTERCONTROL:0.6199093118736585
C_DEVELOPPIECES:0.4511153959272831
C_MATERIAL:0.4629211803484342
