ELO:960
CE_PASSEDPAWNS:0.4503558646909868
CE_PAWNWEAKNESSES:0.46488364210820315
CE_PIECEACTIVITY:0.3981079704665365
CE_KINGPAWNSHIELD:0.4467520963947922
CE_PIECECOORDINATION:0.5152337839230829
CE_MATERIAL:0.5430732705041091
CE_KINGSAFETY:0.5021426368256157
C_PIECESQUARETABLES:0.5034473356562637
C_MOBILITY:0.48801107073359073
C_KINGSAFETY:0.47278636677330554
C_PAWNSTRUCTURE:0.3414691677184548
C_PIECECOORDINATION:0.443082024087285
C_ROOKANDPAWNMOVEMENT:0.443082024087285
C_CENTERCONTROL:0.4864482436947139
C_DEVELOPPIECES:0.5247274807666639
C_MATERIAL:0.6088767026036411
