ELO:934
CE_PASSEDPAWNS:0.5036644222144464
CE_PAWNWEAKNESSES:0.4880472306893118
CE_PIECEACTIVITY:0.5113390517637622
CE_KINGPAWNSHIELD:0.45404334741530755
CE_PIECECOORDINATION:0.5204309235638728
CE_MATERIAL:0.48537439576040137
CE_KINGSAFETY:0.4813359090817086
C_PIECESQUARETABLES:0.5206475655355661
C_MOBILITY:0.4429475470577683
C_KINGSAFETY:0.5152240131324821
C_PAWNSTRUCTURE:0.44778556527785035
C_PIECECOORDINATION:0.4850570156189409
C_ROOKANDPAWNMOVEMENT:0.4850570156189409
C_CENTERCONTROL:0.515142708863044
C_DEVELOPPIECES:0.5541929990187914
C_MATERIAL:0.5000728229874303
C_MOVECOUNT:0.5
