ELO:984
CE_PASSEDPAWNS:0.5054415125401008
CE_PAWNWEAKNESSES:0.4924871500648163
CE_PIECEACTIVITY:0.5095094286146835
CE_KINGPAWNSHIELD:0.4956873523821867
CE_PIECECOORDINATION:0.4913743123513324
CE_MATERIAL:0.49472241876139517
CE_KINGSAFETY:0.4921256949625663
C_PIECESQUARETABLES:0.5070711165348792
C_MOBILITY:0.5129912647622519
C_KINGSAFETY:0.513771332450708
C_PAWNSTRUCTURE:0.49508668666866096
C_PIECECOORDINATION:0.5072796925443684
C_ROOK:0.4941607829051343
CE_ROOK:0.5068308620422987
C_CENTERCONTROL:0.5068012275147282
C_DEVELOPPIECES:0.5152981235517278
C_MATERIAL:0.5052187676139462
C_MOVECOUNT:0.5185361244437293
C_PAWNMOVEMENT:0.537550755859704
