ELO:838
CE_PASSEDPAWNS:0.5129401025212668
CE_PAWNWEAKNESSES:0.47620951160384495
CE_PIECEACTIVITY:0.5734116470883787
CE_KINGPAWNSHIELD:0.3950629531262256
CE_PIECECOORDINATION:0.4318254122707779
CE_MATERIAL:0.5095169528129382
CE_KINGSAFETY:0.5
C_PIECESQUARETABLES:0.5
C_MOBILITY:0.4956765007169861
C_KINGSAFETY:0.6085860123385146
C_PAWNSTRUCTURE:0.5326153192890695
C_PIECECOORDINATION:0.46803812530781835
C_ROOKANDPAWNMOVEMENT:0.46803812530781835
C_CENTERCONTROL:0.5399582745858673
C_DEVELOPPIECES:0.5711481840337588
C_MATERIAL:0.5060593485498119
C_MOVECOUNT:0.4885902157398953
