ELO:903
CE_PASSEDPAWNS:0.49111582136404747
CE_PAWNWEAKNESSES:0.5103552944100367
CE_PIECEACTIVITY:0.533023492989157
CE_KINGPAWNSHIELD:0.5356466318656106
CE_PIECECOORDINATION:0.4714067119057017
CE_MATERIAL:0.49380435199583683
CE_KINGSAFETY:0.5
C_PIECESQUARETABLES:0.5
C_MOBILITY:0.5310072356241903
C_KINGSAFETY:0.5206087368099428
C_PAWNSTRUCTURE:0.4658601383326172
C_PIECECOORDINATION:0.5257151266951516
C_ROOK:0.519071932629421
CE_ROOK:0.5002076015834476
C_CENTERCONTROL:0.5237427928226698
C_DEVELOPPIECES:0.5339610492925909
C_MATERIAL:0.5036945086093901
C_MOVECOUNT:0.5384504680545777
C_PAWNMOVEMENT:0.5476152954902285
