ELO:1000
CE_PASSEDPAWNS:0.48240851405005597
CE_PAWNWEAKNESSES:0.49888074564885226
CE_PIECEACTIVITY:0.5050392029775508
CE_KINGPAWNSHIELD:0.5
CE_PIECECOORDINATION:0.49752400191983853
CE_MATERIAL:0.4879548311399399
CE_KINGSAFETY:0.5119146841669153
C_PIECESQUARETABLES:0.4899460156089323
C_MOBILITY:0.48535319290111945
C_KINGSAFETY:0.5
C_PAWNSTRUCTURE:0.4998830340854189
C_PIECECOORDINATION:0.507175765585532
C_ROOKANDPAWNMOVEMENT:0.507175765585532
C_CENTERCONTROL:0.5012492783775808
C_DEVELOPPIECES:0.5077029590906215
C_MATERIAL:0.5055066376948185
