ELO:1000
CE_PASSEDPAWNS:0.46811584027996944
CE_PAWNWEAKNESSES:0.5276449452655058
CE_PIECEACTIVITY:0.5038408868981465
CE_KINGPAWNSHIELD:0.49760284289213924
CE_PIECECOORDINATION:0.5336387229179523
CE_MATERIAL:0.5430933223335632
CE_KINGSAFETY:0.5166688123427845
C_PIECESQUARETABLES:0.4590155836839306
C_MOBILITY:0.47890423822748796
C_KINGSAFETY:0.4999662988277146
C_PAWNSTRUCTURE:0.44359409484797274
C_PIECECOORDINATION:0.4626642348610602
C_ROOKANDPAWNMOVEMENT:0.4626642348610602
C_CENTERCONTROL:0.5075564640621353
C_DEVELOPPIECES:0.5049430266932418
C_MATERIAL:0.5944388474642798
