ELO:969
CE_PASSEDPAWNS:0.4419531351453322
CE_PAWNWEAKNESSES:0.5005344530712696
CE_PIECEACTIVITY:0.42146351373227237
CE_KINGPAWNSHIELD:0.4833146446668141
CE_PIECECOORDINATION:0.5373964595187916
CE_MATERIAL:0.5731925586767393
CE_KINGSAFETY:0.5487062840401544
C_PIECESQUARETABLES:0.5068294658586234
C_MOBILITY:0.4935178008383837
C_KINGSAFETY:0.4894811591766286
C_PAWNSTRUCTURE:0.3493047194997174
C_PIECECOORDINATION:0.46527673903150013
C_ROOKANDPAWNMOVEMENT:0.46527673903150013
C_CENTERCONTROL:0.5310719506236371
C_DEVELOPPIECES:0.4869183679923826
C_MATERIAL:0.6347742731541268
