ELO:910
CE_PASSEDPAWNS:0.5
CE_PAWNWEAKNESSES:0.5182178728905904
CE_PIECEACTIVITY:0.5103864938929172
CE_KINGPAWNSHIELD:0.48024444334048283
CE_PIECECOORDINATION:0.49882467281050347
CE_MATERIAL:0.5080392115883222
CE_KINGSAFETY:0.49695459087937494
C_PIECESQUARETABLES:0.5043567948331171
C_MOBILITY:0.44651297401162116
C_KINGSAFETY:0.49490707583325966
C_PAWNSTRUCTURE:0.46954208366079514
C_PIECECOORDINATION:0.5124934820963554
C_ROOKANDPAWNMOVEMENT:0.5124934820963554
C_CENTERCONTROL:0.5060793661251891
C_DEVELOPPIECES:0.5226985434891485
C_MATERIAL:0.4968197680090385
C_MOVECOUNT:0.48494362079164405
