ELO:1009
CE_PASSEDPAWNS:0.49464915281183763
CE_PAWNWEAKNESSES:0.49584592877658445
CE_PIECEACTIVITY:0.4991645784679515
CE_KINGPAWNSHIELD:0.48410738689882243
CE_PIECECOORDINATION:0.4960985736949743
CE_MATERIAL:0.4989310328509092
CE_KINGSAFETY:0.5
C_PIECESQUARETABLES:0.4975778849267322
C_MOBILITY:0.49879262942339997
C_KINGSAFETY:0.48270136277982184
C_PAWNSTRUCTURE:0.5098005945699041
C_PIECECOORDINATION:0.4957814712540157
C_ROOKANDPAWNMOVEMENT:0.4957814712540157
C_CENTERCONTROL:0.4942183446656093
C_DEVELOPPIECES:0.5101306145426232
C_MATERIAL:0.5048978519132804
