ELO:977
CE_PASSEDPAWNS:0.5130947270542108
CE_PAWNWEAKNESSES:0.5165114152916692
CE_PIECEACTIVITY:0.5074039948540574
CE_KINGPAWNSHIELD:0.49257453076682584
CE_PIECECOORDINATION:0.48517535781663534
CE_MATERIAL:0.44017890655842606
CE_KINGSAFETY:0.5191157457993353
C_PIECESQUARETABLES:0.5042056164454388
C_MOBILITY:0.5016764246453485
C_KINGSAFETY:0.5034966149062341
C_PAWNSTRUCTURE:0.5033649042134034
C_PIECECOORDINATION:0.47761298747519315
C_ROOKANDPAWNMOVEMENT:0.47761298747519315
C_CENTERCONTROL:0.4559111867148727
C_DEVELOPPIECES:0.5134711432548935
C_MATERIAL:0.5091577375866452
C_MOVECOUNT:0.5030646606168698
