ELO:669
CE_PASSEDPAWNS:0.4671911558577415
CE_PAWNWEAKNESSES:0.49359702831631525
CE_PIECEACTIVITY:0.5342866146266068
CE_KINGPAWNSHIELD:0.4009058572815701
CE_PIECECOORDINATION:0.5284137816053888
CE_MATERIAL:0.5251073263406063
CE_KINGSAFETY:0.5125174726370736
C_PIECESQUARETABLES:0.49595392082708933
C_MOBILITY:0.4256725551158146
C_KINGSAFETY:0.6121370433251285
C_PAWNSTRUCTURE:0.5530024953034856
C_PIECECOORDINATION:0.4788929357695186
C_ROOKANDPAWNMOVEMENT:0.4788929357695186
C_CENTERCONTROL:0.5241181386008877
C_DEVELOPPIECES:0.5170066904354512
C_MATERIAL:0.5285233399404894
C_MOVECOUNT:0.5
