ELO:999
CE_PASSEDPAWNS:0.5
CE_PAWNWEAKNESSES:0.505888252246682
CE_PIECEACTIVITY:0.49767328679271217
CE_KINGPAWNSHIELD:0.4983338062234842
CE_PIECECOORDINATION:0.5058845813086057
CE_MATERIAL:0.5207631169085377
CE_KINGSAFETY:0.5069974668189325
C_PIECESQUARETABLES:0.5128927255555104
C_MOBILITY:0.5034888904832598
C_KINGSAFETY:0.48751029456479994
C_PAWNSTRUCTURE:0.49622103367652803
C_PIECECOORDINATION:0.5007001920689463
C_ROOK:0.48526406913438597
CE_ROOK:0.488436761010283
C_CENTERCONTROL:0.5026578560079938
C_DEVELOPPIECES:0.5114122477393036
C_MATERIAL:0.5085119268006085
C_MOVECOUNT:0.5027419542631254
C_PAWNMOVEMENT:0.4920152856156383
