ELO:931
CE_PASSEDPAWNS:0.5155990346638746
CE_PAWNWEAKNESSES:0.4907015916797666
CE_PIECEACTIVITY:0.5089179741970653
CE_KINGPAWNSHIELD:0.5206439908952593
CE_PIECECOORDINATION:0.4177077445235968
CE_MATERIAL:0.47390852525007593
CE_KINGSAFETY:0.49906226994034025
C_PIECESQUARETABLES:0.5112226785499955
C_MOBILITY:0.504834518685499
C_KINGSAFETY:0.48022474586980024
C_PAWNSTRUCTURE:0.5152809581017745
C_PIECECOORDINATION:0.49993509826164845
C_ROOKANDPAWNMOVEMENT:0.49993509826164845
C_CENTERCONTROL:0.4774931467471708
C_DEVELOPPIECES:0.5249920180250586
C_MATERIAL:0.5155354054108195
C_MOVECOUNT:0.5
