ELO:848
CE_PASSEDPAWNS:0.45940205983125054
CE_PAWNWEAKNESSES:0.46656227861600985
CE_PIECEACTIVITY:0.5277874048907378
CE_KINGPAWNSHIELD:0.4527690626750565
CE_PIECECOORDINATION:0.42465459865077887
CE_MATERIAL:0.5192422275195795
CE_KINGSAFETY:0.4947603353586309
C_PIECESQUARETABLES:0.4883060505640236
C_MOBILITY:0.494755308656597
C_KINGSAFETY:0.5143035052097389
C_PAWNSTRUCTURE:0.5225647876403716
C_PIECECOORDINATION:0.543111046111157
C_ROOKANDPAWNMOVEMENT:0.543111046111157
C_CENTERCONTROL:0.4393934392772008
C_DEVELOPPIECES:0.4955415852197871
C_MATERIAL:0.4515957335740748
C_MOVECOUNT:0.4832535846862366
