ELO:991
CE_PASSEDPAWNS:0.5272709443181035
CE_PAWNWEAKNESSES:0.4747266971979074
CE_PIECEACTIVITY:0.5256534381721791
CE_KINGPAWNSHIELD:0.5343603422735053
CE_PIECECOORDINATION:0.4846973356516632
CE_MATERIAL:0.46572352514491683
CE_KINGSAFETY:0.4880310820884642
C_PIECESQUARETABLES:0.4936908089926952
C_MOBILITY:0.5836313903895851
C_KINGSAFETY:0.5170876208596584
C_PAWNSTRUCTURE:0.46054427260367564
C_PIECECOORDINATION:0.49481266204964397
C_ROOKANDPAWNMOVEMENT:0.49481266204964397
C_CENTERCONTROL:0.4223732108864978
C_DEVELOPPIECES:0.42955875799703097
C_MATERIAL:0.6322248640182989
