ELO:1013
CE_PASSEDPAWNS:0.5
CE_PAWNWEAKNESSES:0.5
CE_PIECEACTIVITY:0.5082075367672526
CE_KINGPAWNSHIELD:0.49254480994617245
CE_PIECECOORDINATION:0.5013369615548465
CE_MATERIAL:0.5152644736608143
CE_KINGSAFETY:0.5
C_PIECESQUARETABLES:0.5
C_MOBILITY:0.5212370749359228
C_KINGSAFETY:0.5077853719915926
C_PAWNSTRUCTURE:0.5011902502257939
C_PIECECOORDINATION:0.5
C_ROOKANDPAWNMOVEMENT:0.5
C_CENTERCONTROL:0.4756116610341087
C_DEVELOPPIECES:0.5004567294047895
C_MATERIAL:0.488278177831072
