ELO:989
CE_PASSEDPAWNS:0.5005442180908315
CE_PAWNWEAKNESSES:0.4928393572121987
CE_PIECEACTIVITY:0.5384921009909939
CE_KINGPAWNSHIELD:0.591266254687856
CE_PIECECOORDINATION:0.5373667624233168
CE_MATERIAL:0.40462647816924957
CE_KINGSAFETY:0.4957746437594307
C_PIECESQUARETABLES:0.4895046864440971
C_MOBILITY:0.4921127135313417
C_KINGSAFETY:0.4604240101327361
C_PAWNSTRUCTURE:0.46692637030996537
C_PIECECOORDINATION:0.47744835686120757
C_ROOKANDPAWNMOVEMENT:0.47744835686120757
C_CENTERCONTROL:0.6391551357313311
C_DEVELOPPIECES:0.47180053217540263
C_MATERIAL:0.47539359037309864
