ELO:1000
CE_PASSEDPAWNS:0.4764928511755343
CE_PAWNWEAKNESSES:0.5244323415824581
CE_PIECEACTIVITY:0.5096693406466702
CE_KINGPAWNSHIELD:0.4903554826531821
CE_PIECECOORDINATION:0.546404574708757
CE_MATERIAL:0.5248150006117199
CE_KINGSAFETY:0.545035774317156
C_PIECESQUARETABLES:0.48743636734993623
C_MOBILITY:0.47702953172746865
C_KINGSAFETY:0.545731685237568
C_PAWNSTRUCTURE:0.5393334278062887
C_PIECECOORDINATION:0.4727603075097627
C_ROOKANDPAWNMOVEMENT:0.4727603075097627
C_CENTERCONTROL:0.5370633234950445
C_DEVELOPPIECES:0.5235909847876752
C_MATERIAL:0.4536929395295664
