ELO:941
CE_PASSEDPAWNS:0.5028145534949842
CE_PAWNWEAKNESSES:0.455329922275742
CE_PIECEACTIVITY:0.39952898481186877
CE_KINGPAWNSHIELD:0.518729856170788
CE_PIECECOORDINATION:0.532000056300939
CE_MATERIAL:0.5560642855321081
CE_KINGSAFETY:0.4916919026821879
C_PIECESQUARETABLES:0.5140976335808694
C_MOBILITY:0.481195309548812
C_KINGSAFETY:0.4286068981382517
C_PAWNSTRUCTURE:0.3522379149351437
C_PIECECOORDINATION:0.4262582872585284
C_ROOKANDPAWNMOVEMENT:0.4262582872585284
C_CENTERCONTROL:0.4765485657937382
C_DEVELOPPIECES:0.510897423238645
C_MATERIAL:0.6276349017743591
