ELO:798
CE_PASSEDPAWNS:0.3040773674734503
CE_PAWNWEAKNESSES:0.46066575668736337
CE_PIECEACTIVITY:0.5296579659136204
CE_KINGPAWNSHIELD:0.41916716366865964
CE_PIECECOORDINATION:0.46885763716518386
CE_MATERIAL:0.626936397358639
CE_KINGSAFETY:0.5257801382271818
C_PIECESQUARETABLES:0.5120037162724937
C_MOBILITY:0.40686577743551017
C_KINGSAFETY:0.43306047263283187
C_PAWNSTRUCTURE:0.5450911451463307
C_PIECECOORDINATION:0.4568926170687333
C_ROOKANDPAWNMOVEMENT:0.4568926170687333
C_CENTERCONTROL:0.5935270540348405
C_DEVELOPPIECES:0.5028466129026417
C_MATERIAL:0.47710485231762073
