ELO:961
CE_PASSEDPAWNS:0.5241960685858883
CE_PAWNWEAKNESSES:0.484773085449583
CE_PIECEACTIVITY:0.5165166691140909
CE_KINGPAWNSHIELD:0.5442271748480924
CE_PIECECOORDINATION:0.5190257077630113
CE_MATERIAL:0.38935804105655486
CE_KINGSAFETY:0.5304373791721129
C_PIECESQUARETABLES:0.49301568976639915
C_MOBILITY:0.4790514557537354
C_KINGSAFETY:0.5139285591658528
C_PAWNSTRUCTURE:0.46037912368444234
C_PIECECOORDINATION:0.46803248497155464
C_ROOKANDPAWNMOVEMENT:0.46803248497155464
C_CENTERCONTROL:0.621775601695228
C_DEVELOPPIECES:0.4382614482132474
C_MATERIAL:0.4840158973332767
