ELO:926
CE_PASSEDPAWNS:0.49781437262241707
CE_PAWNWEAKNESSES:0.5040302375805495
CE_PIECEACTIVITY:0.5412695840085471
CE_KINGPAWNSHIELD:0.5201977440211203
CE_PIECECOORDINATION:0.46329169041200297
CE_MATERIAL:0.4987607233693002
CE_KINGSAFETY:0.5222019017171811
C_PIECESQUARETABLES:0.5232180340273181
C_MOBILITY:0.5376665332241121
C_KINGSAFETY:0.5448094336337579
C_PAWNSTRUCTURE:0.4947358321026558
C_PIECECOORDINATION:0.4960179416751085
C_ROOK:0.5007527836399945
CE_ROOK:0.5094011096340103
C_CENTERCONTROL:0.5391947320023421
C_DEVELOPPIECES:0.5355229137867473
C_MATERIAL:0.49716866138965304
C_MOVECOUNT:0.530633133283113
C_PAWNMOVEMENT:0.5410409169500904
