ELO:936
CE_PASSEDPAWNS:0.5136397295070932
CE_PAWNWEAKNESSES:0.42090144016871756
CE_PIECEACTIVITY:0.5396783338541662
CE_KINGPAWNSHIELD:0.5542329337484527
CE_PIECECOORDINATION:0.5728954779051718
CE_MATERIAL:0.40086502584573186
CE_KINGSAFETY:0.5457018556565841
C_PIECESQUARETABLES:0.5003034587339507
C_MOBILITY:0.45903051218559177
C_KINGSAFETY:0.48486004963497653
C_PAWNSTRUCTURE:0.4813829252866728
C_PIECECOORDINATION:0.46821700696900537
C_ROOKANDPAWNMOVEMENT:0.46821700696900537
C_CENTERCONTROL:0.599794029477132
C_DEVELOPPIECES:0.4364417363305407
C_MATERIAL:0.5225974687288116
