ELO:995
CE_PASSEDPAWNS:0.5
CE_PAWNWEAKNESSES:0.5030922567365995
CE_PIECEACTIVITY:0.5077010764371415
CE_KINGPAWNSHIELD:0.4991933785200609
CE_PIECECOORDINATION:0.5
CE_MATERIAL:0.5
CE_KINGSAFETY:0.49609717957349475
C_PIECESQUARETABLES:0.5087928837080227
C_MOBILITY:0.4848804175062013
C_KINGSAFETY:0.5013160525858127
C_PAWNSTRUCTURE:0.4929265351862823
C_PIECECOORDINATION:0.5116243508921506
C_ROOKANDPAWNMOVEMENT:0.5116243508921506
C_CENTERCONTROL:0.48341735494626803
C_DEVELOPPIECES:0.5029580898961291
C_MATERIAL:0.5272340728675144
C_MOVECOUNT:0.5
