ELO:981
CE_PASSEDPAWNS:0.5003428829662874
CE_PAWNWEAKNESSES:0.5148940146996767
CE_PIECEACTIVITY:0.4949522377320619
CE_KINGPAWNSHIELD:0.5000177493038406
CE_PIECECOORDINATION:0.5052673364542034
CE_MATERIAL:0.4619047196106085
CE_KINGSAFETY:0.49706692824331766
C_PIECESQUARETABLES:0.5040313366557255
C_MOBILITY:0.5034965614876118
C_KINGSAFETY:0.4957013087022941
C_PAWNSTRUCTURE:0.5145306693576989
C_PIECECOORDINATION:0.4922375823786178
C_ROOKANDPAWNMOVEMENT:0.4922375823786178
C_CENTERCONTROL:0.49011260522892836
C_DEVELOPPIECES:0.5080498510757897
C_MATERIAL:0.49166597882743457
C_MOVECOUNT:0.5030646606168698
