ELO:967
CE_PASSEDPAWNS:0.5029745532681728
CE_PAWNWEAKNESSES:0.5042106550505898
CE_PIECEACTIVITY:0.4694785459934296
CE_KINGPAWNSHIELD:0.46919958418843993
CE_PIECECOORDINATION:0.48517535781663534
CE_MATERIAL:0.47710359740605196
CE_KINGSAFETY:0.4943800157903582
C_PIECESQUARETABLES:0.5
C_MOBILITY:0.5035168163444611
C_KINGSAFETY:0.5090085424746683
C_PAWNSTRUCTURE:0.5033649042134034
C_PIECECOORDINATION:0.5016537534372041
C_ROOKANDPAWNMOVEMENT:0.5016537534372041
C_CENTERCONTROL:0.5129579188835584
C_DEVELOPPIECES:0.5001852303754082
C_MATERIAL:0.5101675027890987
C_MOVECOUNT:0.4833802118878399
