ELO:1000
CE_PASSEDPAWNS:0.3977649398992174
CE_PAWNWEAKNESSES:0.5173837400606942
CE_PIECEACTIVITY:0.4573175730746195
CE_KINGPAWNSHIELD:0.47909438946860344
CE_PIECECOORDINATION:0.5221905856518553
CE_MATERIAL:0.5573819307630101
CE_KINGSAFETY:0.5521263952353715
C_PIECESQUARETABLES:0.5115785704614718
C_MOBILITY:0.4759844443415585
C_KINGSAFETY:0.49300481809813773
C_PAWNSTRUCTURE:0.39345869775404746
C_PIECECOORDINATION:0.46053079754947873
C_ROOKANDPAWNMOVEMENT:0.46053079754947873
C_CENTERCONTROL:0.4967796417738004
C_DEVELOPPIECES:0.5021786016574986
C_MATERIAL:0.5904142580344955
