ELO:884
CE_PASSEDPAWNS:0.49111582136404747
CE_PAWNWEAKNESSES:0.506921528817296
CE_PIECEACTIVITY:0.533023492989157
CE_KINGPAWNSHIELD:0.5372778187418863
CE_PIECECOORDINATION:0.47892979940199587
CE_MATERIAL:0.5008341325244199
CE_KINGSAFETY:0.514390707393279
C_PIECESQUARETABLES:0.5011851914995452
C_MOBILITY:0.541248375679305
C_KINGSAFETY:0.5318145733590494
C_PAWNSTRUCTURE:0.47802953846669427
C_PIECECOORDINATION:0.5201418632672997
C_ROOK:0.519071932629421
CE_ROOK:0.5002076015834476
C_CENTERCONTROL:0.5346501364133096
C_DEVELOPPIECES:0.5339610492925909
C_MATERIAL:0.4986317094975776
C_MOVECOUNT:0.5282558716242696
C_PAWNMOVEMENT:0.5476152954902285
