ELO:691
CE_PASSEDPAWNS:0.48042463667578483
CE_PAWNWEAKNESSES:0.5147372435734484
CE_PIECEACTIVITY:0.5124288813700432
CE_KINGPAWNSHIELD:0.4199137805628072
CE_PIECECOORDINATION:0.5037507463794723
CE_MATERIAL:0.5120251230737356
CE_KINGSAFETY:0.5043723767058232
C_PIECESQUARETABLES:0.49799833410530414
C_MOBILITY:0.4532928368028723
C_KINGSAFETY:0.6106672579777579
C_PAWNSTRUCTURE:0.5609670166591986
C_PIECECOORDINATION:0.4701956430968247
C_ROOKANDPAWNMOVEMENT:0.4701956430968247
C_CENTERCONTROL:0.5336916095108358
C_DEVELOPPIECES:0.5102876559687167
C_MATERIAL:0.5242967676785611
C_MOVECOUNT:0.5
