ELO:999
CE_PASSEDPAWNS:0.4092828130174154
CE_PAWNWEAKNESSES:0.5236858556201271
CE_PIECEACTIVITY:0.4361061923546154
CE_KINGPAWNSHIELD:0.4802192282857128
CE_PIECECOORDINATION:0.5079244311076089
CE_MATERIAL:0.5789780107456592
CE_KINGSAFETY:0.5503035041612301
C_PIECESQUARETABLES:0.5255629466520179
C_MOBILITY:0.5149398362909733
C_KINGSAFETY:0.4851720737548436
C_PAWNSTRUCTURE:0.37367883805437996
C_PIECECOORDINATION:0.47997288225288404
C_ROOKANDPAWNMOVEMENT:0.47997288225288404
C_CENTERCONTROL:0.5213114070734367
C_DEVELOPPIECES:0.4739775218823004
C_MATERIAL:0.6289097538727466
