ELO:958
CE_PASSEDPAWNS:0.5150325114114576
CE_PAWNWEAKNESSES:0.484773085449583
CE_PIECEACTIVITY:0.5148885277483097
CE_KINGPAWNSHIELD:0.5414403672066788
CE_PIECECOORDINATION:0.5455008865620946
CE_MATERIAL:0.38970517482203454
CE_KINGSAFETY:0.5327490253600778
C_PIECESQUARETABLES:0.4780284512540555
C_MOBILITY:0.48219424929064164
C_KINGSAFETY:0.5228859496843005
C_PAWNSTRUCTURE:0.46552089814277614
C_PIECECOORDINATION:0.4671486520238484
C_ROOKANDPAWNMOVEMENT:0.4671486520238484
C_CENTERCONTROL:0.6253535126286723
C_DEVELOPPIECES:0.4275097626080359
C_MATERIAL:0.483798224583458
