ELO:852
CE_PASSEDPAWNS:0.5112390959751508
CE_PAWNWEAKNESSES:0.5571276629790054
CE_PIECEACTIVITY:0.51395233812705
CE_KINGPAWNSHIELD:0.5213266762960681
CE_PIECECOORDINATION:0.4877239676732371
CE_MATERIAL:0.5204147871019131
CE_KINGSAFETY:0.4907469072433787
C_PIECESQUARETABLES:0.4981143306314505
C_MOBILITY:0.4579311353668772
C_KINGSAFETY:0.48059007519616015
C_PAWNSTRUCTURE:0.4528247775723273
C_PIECECOORDINATION:0.5107409638246033
C_ROOKANDPAWNMOVEMENT:0.5107409638246033
C_CENTERCONTROL:0.5489537511967987
C_DEVELOPPIECES:0.5103453966528172
C_MATERIAL:0.44047174731700195
C_MOVECOUNT:0.5106675974715456
