ELO:1000
CE_PASSEDPAWNS:0.4858360439798192
CE_PAWNWEAKNESSES:0.5289255455569808
CE_PIECEACTIVITY:0.5096693406466702
CE_KINGPAWNSHIELD:0.5021252154179536
CE_PIECECOORDINATION:0.5564457941783839
CE_MATERIAL:0.5212253039500782
CE_KINGSAFETY:0.5456224730215381
C_PIECESQUARETABLES:0.4753898163583205
C_MOBILITY:0.4623444808594275
C_KINGSAFETY:0.5735729805595512
C_PAWNSTRUCTURE:0.5393334278062887
C_PIECECOORDINATION:0.4705559806586968
C_ROOKANDPAWNMOVEMENT:0.4705559806586968
C_CENTERCONTROL:0.5408616024168197
C_DEVELOPPIECES:0.5305892228526785
C_MATERIAL:0.4523779355136682
