ELO:868
CE_PASSEDPAWNS:0.5028442821417909
CE_PAWNWEAKNESSES:0.4949006055293329
CE_PIECEACTIVITY:0.525172786952584
CE_KINGPAWNSHIELD:0.49576280653686355
CE_PIECECOORDINATION:0.4612713688603346
CE_MATERIAL:0.47855090804368283
CE_KINGSAFETY:0.49171831692583196
C_PIECESQUARETABLES:0.5040740442628534
C_MOBILITY:0.5345057248711924
C_KINGSAFETY:0.5079559908240266
C_PAWNSTRUCTURE:0.45939494158047667
C_PIECECOORDINATION:0.5292539184703837
C_ROOK:0.5321386374208924
CE_ROOK:0.5069807698939043
C_CENTERCONTROL:0.5061246369159148
C_DEVELOPPIECES:0.5334837837649605
C_MATERIAL:0.5013902688280484
C_MOVECOUNT:0.5327872120879028
C_PAWNMOVEMENT:0.5560955198629971
