ELO:999
CE_PASSEDPAWNS:0.48230221970240744
CE_PAWNWEAKNESSES:0.49763105974307187
CE_PIECEACTIVITY:0.492577140846731
CE_KINGPAWNSHIELD:0.4822868397531069
CE_PIECECOORDINATION:0.5478380094834755
CE_MATERIAL:0.5376032740703939
CE_KINGSAFETY:0.5450565655317903
C_PIECESQUARETABLES:0.45878270572342866
C_MOBILITY:0.4604322654923966
C_KINGSAFETY:0.6167489912138017
C_PAWNSTRUCTURE:0.571597580917872
C_PIECECOORDINATION:0.49339121727370144
C_ROOKANDPAWNMOVEMENT:0.49339121727370144
C_CENTERCONTROL:0.5692716816267099
C_DEVELOPPIECES:0.5319791688167215
C_MATERIAL:0.43599629810134627
