ELO:957
CE_PASSEDPAWNS:0.48895005174268985
CE_PAWNWEAKNESSES:0.48765915199420695
CE_PIECEACTIVITY:0.49179839269457015
CE_KINGPAWNSHIELD:0.5
CE_PIECECOORDINATION:0.4971633859665252
CE_MATERIAL:0.49562303203509295
CE_KINGSAFETY:0.5
C_PIECESQUARETABLES:0.5119524103807044
C_MOBILITY:0.4845183736502249
C_KINGSAFETY:0.5105374653281474
C_PAWNSTRUCTURE:0.4651271707206781
C_PIECECOORDINATION:0.4933264199230288
C_ROOKANDPAWNMOVEMENT:0.4933264199230288
C_CENTERCONTROL:0.5222311960150979
C_DEVELOPPIECES:0.5073035175664014
C_MATERIAL:0.5145687304807278
C_MOVECOUNT:0.5
