ELO:881
CE_PASSEDPAWNS:0.4720049324301572
CE_PAWNWEAKNESSES:0.4952825089123729
CE_PIECEACTIVITY:0.49478626751902877
CE_KINGPAWNSHIELD:0.44951102254759945
CE_PIECECOORDINATION:0.48971197565555474
CE_MATERIAL:0.464988617665709
CE_KINGSAFETY:0.5464937678679819
C_PIECESQUARETABLES:0.4961620249753244
C_MOBILITY:0.4484026835037685
C_KINGSAFETY:0.49440392437204794
C_PAWNSTRUCTURE:0.5558198403270052
C_PIECECOORDINATION:0.45673564739756134
C_ROOKANDPAWNMOVEMENT:0.45673564739756134
C_CENTERCONTROL:0.49663868943079625
C_DEVELOPPIECES:0.5381698944390674
C_MATERIAL:0.5118993050290336
C_MOVECOUNT:0.5
