ELO:977
CE_PASSEDPAWNS:0.5132543981122987
CE_PAWNWEAKNESSES:0.4924871500648163
CE_PIECEACTIVITY:0.5235492740388141
CE_KINGPAWNSHIELD:0.5067121265814316
CE_PIECECOORDINATION:0.4636713284234053
CE_MATERIAL:0.5061583391178018
CE_KINGSAFETY:0.5011771389054125
C_PIECESQUARETABLES:0.49348328310122247
C_MOBILITY:0.531733816118017
C_KINGSAFETY:0.5166766759776801
C_PAWNSTRUCTURE:0.5117537585260726
C_PIECECOORDINATION:0.5072796925443684
C_ROOK:0.5096077011920298
CE_ROOK:0.5121729436804466
C_CENTERCONTROL:0.5342881353280328
C_DEVELOPPIECES:0.5061787938499569
C_MATERIAL:0.5047277034749894
C_MOVECOUNT:0.5289766494660973
C_PAWNMOVEMENT:0.5558822092206981
