ELO:1000
CE_PASSEDPAWNS:0.48351576568296883
CE_PAWNWEAKNESSES:0.5391678268937274
CE_PIECEACTIVITY:0.5342645853632699
CE_KINGPAWNSHIELD:0.5114910213900602
CE_PIECECOORDINATION:0.5088423034071687
CE_MATERIAL:0.5459191495132071
CE_KINGSAFETY:0.5069669212201978
C_PIECESQUARETABLES:0.46979053808566335
C_MOBILITY:0.4698082412970732
C_KINGSAFETY:0.49974588122418157
C_PAWNSTRUCTURE:0.45134203101204856
C_PIECECOORDINATION:0.4626642348610602
C_ROOKANDPAWNMOVEMENT:0.4626642348610602
C_CENTERCONTROL:0.5216480329365772
C_DEVELOPPIECES:0.514792034755166
C_MATERIAL:0.5584050286295934
