ELO:1051
CE_PASSEDPAWNS:0.5004505359654201
CE_PAWNWEAKNESSES:0.48810960488803395
CE_PIECEACTIVITY:0.47034208907342456
CE_KINGPAWNSHIELD:0.4923410534758244
CE_PIECECOORDINATION:0.5530088544572747
CE_MATERIAL:0.5330386978710874
CE_KINGSAFETY:0.5253304824956397
C_PIECESQUARETABLES:0.4412230784944847
C_MOBILITY:0.4533049876215398
C_KINGSAFETY:0.6075490778232138
C_PAWNSTRUCTURE:0.5628613821489105
C_PIECECOORDINATION:0.4926121309712135
C_ROOKANDPAWNMOVEMENT:0.4926121309712135
C_CENTERCONTROL:0.5829188881627706
C_DEVELOPPIECES:0.5383759549568496
C_MATERIAL:0.4239482011886777
