ELO:827
CE_PASSEDPAWNS:0.4431519048479693
CE_PAWNWEAKNESSES:0.4993107797329062
CE_PIECEACTIVITY:0.45964075470462396
CE_KINGPAWNSHIELD:0.4942406437268738
CE_PIECECOORDINATION:0.5171232652603235
CE_MATERIAL:0.5223643976125897
CE_KINGSAFETY:0.48425929681155644
C_PIECESQUARETABLES:0.48434348291297286
C_MOBILITY:0.5856169999896789
C_KINGSAFETY:0.5761294755059522
C_PAWNSTRUCTURE:0.5193612630037485
C_PIECECOORDINATION:0.5026414336757212
C_ROOKANDPAWNMOVEMENT:0.5026414336757212
C_CENTERCONTROL:0.5225046321403942
C_DEVELOPPIECES:0.567344885298817
C_MATERIAL:0.5376961630616185
C_MOVECOUNT:0.5
