ELO:963
CE_PASSEDPAWNS:0.4301028331528951
CE_PAWNWEAKNESSES:0.5169802980275489
CE_PIECEACTIVITY:0.5137128606237429
CE_KINGPAWNSHIELD:0.4270648357927875
CE_PIECECOORDINATION:0.6292832695066037
CE_MATERIAL:0.38773777780478463
CE_KINGSAFETY:0.5
C_PIECESQUARETABLES:0.5
C_MOBILITY:0.4495870846138871
C_KINGSAFETY:0.3561158148490371
C_PAWNSTRUCTURE:0.39962522779385434
C_PIECECOORDINATION:0.4274044478153772
C_ROOKANDPAWNMOVEMENT:0.4274044478153772
C_CENTERCONTROL:0.5415222370572689
C_DEVELOPPIECES:0.4737350271979244
C_MATERIAL:0.5372652705044872
