ELO:935
CE_PASSEDPAWNS:0.4685210019387251
CE_PAWNWEAKNESSES:0.49489879208394705
CE_PIECEACTIVITY:0.5187316168508965
CE_KINGPAWNSHIELD:0.5223101305598538
CE_PIECECOORDINATION:0.5059870994798655
CE_MATERIAL:0.4730851265662563
CE_KINGSAFETY:0.5
C_PIECESQUARETABLES:0.5
C_MOBILITY:0.4626992871643475
C_KINGSAFETY:0.5222548497893315
C_PAWNSTRUCTURE:0.48607481139074127
C_PIECECOORDINATION:0.49698742248749395
C_ROOK:0.47944087398032514
CE_ROOK:0.5167120589515197
C_CENTERCONTROL:0.4979756685439031
C_DEVELOPPIECES:0.5110714709671441
C_MATERIAL:0.45368523029890545
C_MOVECOUNT:0.5106428294919299
C_PAWNMOVEMENT:0.4923987926103209
