ELO:947
CE_PASSEDPAWNS:0.4903003943389391
CE_PAWNWEAKNESSES:0.5136332876693022
CE_PIECEACTIVITY:0.5
CE_KINGPAWNSHIELD:0.5169665831756403
CE_PIECECOORDINATION:0.49380764778182334
CE_MATERIAL:0.4796567429822168
CE_KINGSAFETY:0.5026440845833852
C_PIECESQUARETABLES:0.4891689994526836
C_MOBILITY:0.5125584682957847
C_KINGSAFETY:0.49363798231401584
C_PAWNSTRUCTURE:0.5166622840669096
C_PIECECOORDINATION:0.5020123993610109
C_ROOK:0.5
CE_ROOK:0.5
C_CENTERCONTROL:0.5080183589126374
C_DEVELOPPIECES:0.513187598447063
C_MATERIAL:0.5029547081128315
C_MOVECOUNT:0.5070795166259641
C_PAWNMOVEMENT:0.5
