ELO:829
CE_PASSEDPAWNS:0.4702841300240649
CE_PAWNWEAKNESSES:0.5299625712714034
CE_PIECEACTIVITY:0.5437406193747201
CE_KINGPAWNSHIELD:0.44610048858161455
CE_PIECECOORDINATION:0.5878237810643211
CE_MATERIAL:0.4890999239564994
CE_KINGSAFETY:0.4812403830484239
C_PIECESQUARETABLES:0.5098258880563178
C_MOBILITY:0.5094730213657507
C_KINGSAFETY:0.4991127231487781
C_PAWNSTRUCTURE:0.5306577348772467
C_PIECECOORDINATION:0.44877928016676377
C_ROOKANDPAWNMOVEMENT:0.44877928016676377
C_CENTERCONTROL:0.5183117543971771
C_DEVELOPPIECES:0.5357620845067838
C_MATERIAL:0.5359245949217071
C_MOVECOUNT:0.5039384875225623
