ELO:988
CE_PASSEDPAWNS:0.4918586189511188
CE_PAWNWEAKNESSES:0.49410733789406136
CE_PIECEACTIVITY:0.5
CE_KINGPAWNSHIELD:0.4909220202479241
CE_PIECECOORDINATION:0.5
CE_MATERIAL:0.4851008046179357
CE_KINGSAFETY:0.49468043083636704
C_PIECESQUARETABLES:0.5118231592895344
C_MOBILITY:0.4954881193634318
C_KINGSAFETY:0.49339796119870627
C_PAWNSTRUCTURE:0.48798720146288516
C_PIECECOORDINATION:0.48672241818160084
C_ROOK:0.4885389127887947
CE_ROOK:0.5069908631155726
C_CENTERCONTROL:0.48943921157531706
C_DEVELOPPIECES:0.5073339466204589
C_MATERIAL:0.4964776706165932
C_MOVECOUNT:0.5
C_PAWNMOVEMENT:0.4982056312713231
