ELO:1000
CE_PASSEDPAWNS:0.4997898541503152
CE_PAWNWEAKNESSES:0.49967992226573404
CE_PIECEACTIVITY:0.5001160036076943
CE_KINGPAWNSHIELD:0.4919068739496977
CE_PIECECOORDINATION:0.5036838115432327
CE_MATERIAL:0.5056176533684058
CE_KINGSAFETY:0.5
C_PIECESQUARETABLES:0.5
C_MOBILITY:0.5040698431884224
C_KINGSAFETY:0.506214694730355
C_PAWNSTRUCTURE:0.49165347052563924
C_PIECECOORDINATION:0.49186887517026345
C_ROOKANDPAWNMOVEMENT:0.49186887517026345
C_CENTERCONTROL:0.4923795114045862
C_DEVELOPPIECES:0.5027362770661599
C_MATERIAL:0.5
