ELO:992
CE_PASSEDPAWNS:0.49929551287318513
CE_PAWNWEAKNESSES:0.49989443321248916
CE_PIECEACTIVITY:0.5060555717547106
CE_KINGPAWNSHIELD:0.5037291132120487
CE_PIECECOORDINATION:0.5132541320176309
CE_MATERIAL:0.476574504108513
CE_KINGSAFETY:0.5
C_PIECESQUARETABLES:0.50867613603211
C_MOBILITY:0.5180213355382072
C_KINGSAFETY:0.5039290366376733
C_PAWNSTRUCTURE:0.5011352963288814
C_PIECECOORDINATION:0.49811265166956364
C_ROOKANDPAWNMOVEMENT:0.49811265166956364
C_CENTERCONTROL:0.47677573815491425
C_DEVELOPPIECES:0.5094113821318296
C_MATERIAL:0.5
C_MOVECOUNT:0.5163604989674887
