ELO:1000
CE_PASSEDPAWNS:0.4892329184799908
CE_PAWNWEAKNESSES:0.4650926514485665
CE_PIECEACTIVITY:0.4781717955845772
CE_KINGPAWNSHIELD:0.5137109761062955
CE_PIECECOORDINATION:0.4756154727764829
CE_MATERIAL:0.5100614949828045
CE_KINGSAFETY:0.5257457578337685
C_PIECESQUARETABLES:0.4701024991571722
C_MOBILITY:0.5138407486615401
C_KINGSAFETY:0.4909886723862708
C_PAWNSTRUCTURE:0.48050658424922454
C_PIECECOORDINATION:0.5024792944269347
C_ROOKANDPAWNMOVEMENT:0.5024792944269347
C_CENTERCONTROL:0.48068415890290755
C_DEVELOPPIECES:0.5245937441292835
C_MATERIAL:0.46871804111868176
