ELO:1000
CE_PASSEDPAWNS:0.5018453320923876
CE_PAWNWEAKNESSES:0.4510270998398915
CE_PIECEACTIVITY:0.48326447210871426
CE_KINGPAWNSHIELD:0.5177750559207135
CE_PIECECOORDINATION:0.44244058570345673
CE_MATERIAL:0.5535245297820429
CE_KINGSAFETY:0.49849333072793983
C_PIECESQUARETABLES:0.5001488342836491
C_MOBILITY:0.4809362438876257
C_KINGSAFETY:0.47758910013126166
C_PAWNSTRUCTURE:0.5082877072248072
C_PIECECOORDINATION:0.5108372680580147
C_ROOKANDPAWNMOVEMENT:0.5108372680580147
C_CENTERCONTROL:0.4158297474588896
C_DEVELOPPIECES:0.514811479741996
C_MATERIAL:0.4946298630020634
