ELO:997
CE_PASSEDPAWNS:0.5134771876617914
CE_PAWNWEAKNESSES:0.5158331839971088
CE_PIECEACTIVITY:0.47728369431615786
CE_KINGPAWNSHIELD:0.4917525207038225
CE_PIECECOORDINATION:0.5203508081194972
CE_MATERIAL:0.5
CE_KINGSAFETY:0.5096989929291453
C_PIECESQUARETABLES:0.5059223899964171
C_MOBILITY:0.4947918843730169
C_KINGSAFETY:0.49993977014320834
C_PAWNSTRUCTURE:0.5
C_PIECECOORDINATION:0.4850320136388924
C_ROOKANDPAWNMOVEMENT:0.4850320136388924
C_CENTERCONTROL:0.5180103655874126
C_DEVELOPPIECES:0.499063469221143
C_MATERIAL:0.4968889789708061
C_MOVECOUNT:0.5079081526494391
