ELO:874
CE_PASSEDPAWNS:0.46791975966803606
CE_PAWNWEAKNESSES:0.4808166286655753
CE_PIECEACTIVITY:0.5224178967041198
CE_KINGPAWNSHIELD:0.4922118893288737
CE_PIECECOORDINATION:0.4576450609693736
CE_MATERIAL:0.5193939974196398
CE_KINGSAFETY:0.5062756002933377
C_PIECESQUARETABLES:0.47110633891605797
C_MOBILITY:0.5512761835781612
C_KINGSAFETY:0.4949649498630218
C_PAWNSTRUCTURE:0.45016714034197575
C_PIECECOORDINATION:0.5422825730032307
C_ROOKANDPAWNMOVEMENT:0.5422825730032307
C_CENTERCONTROL:0.5482345029306703
C_DEVELOPPIECES:0.41976515267005426
C_MATERIAL:0.4794095294477814
C_MOVECOUNT:0.5
