ELO:987
CE_PASSEDPAWNS:0.4860771011425637
CE_PAWNWEAKNESSES:0.49182070672699085
CE_PIECEACTIVITY:0.5150527014695364
CE_KINGPAWNSHIELD:0.5142082176010696
CE_PIECECOORDINATION:0.4893494422406348
CE_MATERIAL:0.4951944378157196
CE_KINGSAFETY:0.5002534994494076
C_PIECESQUARETABLES:0.5001780684729421
C_MOBILITY:0.484073626578212
C_KINGSAFETY:0.48993273587457
C_PAWNSTRUCTURE:0.4851398093850976
C_PIECECOORDINATION:0.4747143115372503
C_ROOK:0.47301291381226734
CE_ROOK:0.5187843118987008
C_CENTERCONTROL:0.5001808947102674
C_DEVELOPPIECES:0.504235893932091
C_MATERIAL:0.46407423933562
C_MOVECOUNT:0.5025047312000879
C_PAWNMOVEMENT:0.48886082822627963
