ELO:937
CE_PASSEDPAWNS:0.41716752708499977
CE_PAWNWEAKNESSES:0.5340300870942762
CE_PIECEACTIVITY:0.4868114720118602
CE_KINGPAWNSHIELD:0.4519815901773129
CE_PIECECOORDINATION:0.5766286015865836
CE_MATERIAL:0.402763592214918
CE_KINGSAFETY:0.5145880955837533
C_PIECESQUARETABLES:0.4718962970363772
C_MOBILITY:0.3969902713426586
C_KINGSAFETY:0.3657296370047462
C_PAWNSTRUCTURE:0.432592835196993
C_PIECECOORDINATION:0.40057112539389034
C_ROOKANDPAWNMOVEMENT:0.40057112539389034
C_CENTERCONTROL:0.5386185303387335
C_DEVELOPPIECES:0.5338993261625247
C_MATERIAL:0.45879968438647745
