ELO:992
CE_PASSEDPAWNS:0.49464915281183763
CE_PAWNWEAKNESSES:0.5090857470467368
CE_PIECEACTIVITY:0.5072365536254931
CE_KINGPAWNSHIELD:0.4607242817655925
CE_PIECECOORDINATION:0.4952232680166764
CE_MATERIAL:0.5035809530056639
CE_KINGSAFETY:0.5227847210493621
C_PIECESQUARETABLES:0.5149484419882873
C_MOBILITY:0.4977603497310779
C_KINGSAFETY:0.49867171910203584
C_PAWNSTRUCTURE:0.5016946726161986
C_PIECECOORDINATION:0.48861368675566225
C_ROOKANDPAWNMOVEMENT:0.48861368675566225
C_CENTERCONTROL:0.5389293599842119
C_DEVELOPPIECES:0.4864386449525836
C_MATERIAL:0.527671674104654
