ELO:1000
CE_PASSEDPAWNS:0.5140881282506847
CE_PAWNWEAKNESSES:0.4579387718799289
CE_PIECEACTIVITY:0.4534635045723689
CE_KINGPAWNSHIELD:0.5211348630031489
CE_PIECECOORDINATION:0.4349116683720342
CE_MATERIAL:0.5192653975588999
CE_KINGSAFETY:0.5013975140892531
C_PIECESQUARETABLES:0.42749962245703227
C_MOBILITY:0.47166820117352304
C_KINGSAFETY:0.5083752187435474
C_PAWNSTRUCTURE:0.48945596824577775
C_PIECECOORDINATION:0.5026862046705041
C_ROOKANDPAWNMOVEMENT:0.5026862046705041
C_CENTERCONTROL:0.47320799972598526
C_DEVELOPPIECES:0.5112807168432696
C_MATERIAL:0.5139714923517978
