ELO:876
CE_PASSEDPAWNS:0.43856612687611074
CE_PAWNWEAKNESSES:0.5146420513791727
CE_PIECEACTIVITY:0.456722566217852
CE_KINGPAWNSHIELD:0.4915020591862519
CE_PIECECOORDINATION:0.5450416982148928
CE_MATERIAL:0.5110544977918041
CE_KINGSAFETY:0.4860352984335335
C_PIECESQUARETABLES:0.5120191028886341
C_MOBILITY:0.5931702964413486
C_KINGSAFETY:0.5742204691204438
C_PAWNSTRUCTURE:0.5248921678481262
C_PIECECOORDINATION:0.5300520852780284
C_ROOKANDPAWNMOVEMENT:0.5300520852780284
C_CENTERCONTROL:0.5564486359254769
C_DEVELOPPIECES:0.5419782882804637
C_MATERIAL:0.5476527000613474
C_MOVECOUNT:0.5
