ELO:935
CE_PASSEDPAWNS:0.4738141881117038
CE_PAWNWEAKNESSES:0.49381893416372524
CE_PIECEACTIVITY:0.5314335340691492
CE_KINGPAWNSHIELD:0.5186967335184346
CE_PIECECOORDINATION:0.502952420156727
CE_MATERIAL:0.4655004444961532
CE_KINGSAFETY:0.5187423634430843
C_PIECESQUARETABLES:0.5
C_MOBILITY:0.49080785235343083
C_KINGSAFETY:0.5152164313960858
C_PAWNSTRUCTURE:0.48607481139074127
C_PIECECOORDINATION:0.4893817718224426
C_ROOK:0.46721700490206525
CE_ROOK:0.5085905250041144
C_CENTERCONTROL:0.49448042403487785
C_DEVELOPPIECES:0.5170657168820938
C_MATERIAL:0.4810662732394786
C_MOVECOUNT:0.509286827524449
C_PAWNMOVEMENT:0.49143815392729695
