ELO:988
CE_PASSEDPAWNS:0.4918586189511188
CE_PAWNWEAKNESSES:0.49182070672699085
CE_PIECEACTIVITY:0.49584596769549527
CE_KINGPAWNSHIELD:0.5031513636568912
CE_PIECECOORDINATION:0.4893494422406348
CE_MATERIAL:0.4965009658147176
CE_KINGSAFETY:0.49073649836178435
C_PIECESQUARETABLES:0.49904657406379943
C_MOBILITY:0.49094359606413607
C_KINGSAFETY:0.4853156854495053
C_PAWNSTRUCTURE:0.4839512230066232
C_PIECECOORDINATION:0.4747143115372503
C_ROOK:0.47608049800035335
CE_ROOK:0.5156833761244378
C_CENTERCONTROL:0.49098172292396036
C_DEVELOPPIECES:0.504235893932091
C_MATERIAL:0.48384220167597325
C_MOVECOUNT:0.5
C_PAWNMOVEMENT:0.4895519594041066
