ELO:966
CE_PASSEDPAWNS:0.553584931426095
CE_PAWNWEAKNESSES:0.43486645345999514
CE_PIECEACTIVITY:0.5174452785423667
CE_KINGPAWNSHIELD:0.4952239404853818
CE_PIECECOORDINATION:0.4239678886599212
CE_MATERIAL:0.49914168509189344
CE_KINGSAFETY:0.5024368118330713
C_PIECESQUARETABLES:0.4644706310572761
C_MOBILITY:0.4601679962338922
C_KINGSAFETY:0.4978583414061893
C_PAWNSTRUCTURE:0.4864277265074482
C_PIECECOORDINATION:0.5698523367868388
C_ROOKANDPAWNMOVEMENT:0.5698523367868388
C_CENTERCONTROL:0.45371723888636456
C_DEVELOPPIECES:0.5202812796382204
C_MATERIAL:0.4433828459845416
