ELO:938
CE_PASSEDPAWNS:0.5573009475109122
CE_PAWNWEAKNESSES:0.4193621610448363
CE_PIECEACTIVITY:0.5258924035742301
CE_KINGPAWNSHIELD:0.4652884855950021
CE_PIECECOORDINATION:0.40040979716579966
CE_MATERIAL:0.48181761438081677
CE_KINGSAFETY:0.4726048146583175
C_PIECESQUARETABLES:0.46174032818139293
C_MOBILITY:0.4510435140722224
C_KINGSAFETY:0.4935088087096245
C_PAWNSTRUCTURE:0.46509492406994535
C_PIECECOORDINATION:0.5082944488402515
C_ROOKANDPAWNMOVEMENT:0.5082944488402515
C_CENTERCONTROL:0.4577653125659276
C_DEVELOPPIECES:0.5481023262509522
C_MATERIAL:0.4384011487692765
