ELO:988
CE_PASSEDPAWNS:0.49929551287318513
CE_PAWNWEAKNESSES:0.4942066356456376
CE_PIECEACTIVITY:0.48854762414782416
CE_KINGPAWNSHIELD:0.5064517518226356
CE_PIECECOORDINATION:0.511431261866921
CE_MATERIAL:0.476574504108513
CE_KINGSAFETY:0.5129270413886597
C_PIECESQUARETABLES:0.50867613603211
C_MOBILITY:0.4921046762016169
C_KINGSAFETY:0.49249307627158384
C_PAWNSTRUCTURE:0.5025255678459782
C_PIECECOORDINATION:0.49811265166956364
C_ROOKANDPAWNMOVEMENT:0.49811265166956364
C_CENTERCONTROL:0.47673172751841625
C_DEVELOPPIECES:0.5094113821318296
C_MATERIAL:0.5
C_MOVECOUNT:0.5058814865231053
