ELO:903
CE_PASSEDPAWNS:0.42361293470818695
CE_PAWNWEAKNESSES:0.5260917371478264
CE_PIECEACTIVITY:0.5265101639005576
CE_KINGPAWNSHIELD:0.45351220301227874
CE_PIECECOORDINATION:0.6142359520630732
CE_MATERIAL:0.4168331778679669
CE_KINGSAFETY:0.5
C_PIECESQUARETABLES:0.5
C_MOBILITY:0.44044522036763667
C_KINGSAFETY:0.36443696289291
C_PAWNSTRUCTURE:0.3870490770739245
C_PIECECOORDINATION:0.43744145926934247
C_ROOKANDPAWNMOVEMENT:0.43744145926934247
C_CENTERCONTROL:0.5536593998024302
C_DEVELOPPIECES:0.48905470943077983
C_MATERIAL:0.5358004482141375
