ELO:985
CE_PASSEDPAWNS:0.5028189983861281
CE_PAWNWEAKNESSES:0.5158331839971088
CE_PIECEACTIVITY:0.47728369431615786
CE_KINGPAWNSHIELD:0.5104162370541317
CE_PIECECOORDINATION:0.5203508081194972
CE_MATERIAL:0.5003116492255893
CE_KINGSAFETY:0.5
C_PIECESQUARETABLES:0.4958488808130089
C_MOBILITY:0.4947918843730169
C_KINGSAFETY:0.49993977014320834
C_PAWNSTRUCTURE:0.4941958558975059
C_PIECECOORDINATION:0.4850320136388924
C_ROOKANDPAWNMOVEMENT:0.4850320136388924
C_CENTERCONTROL:0.5180103655874126
C_DEVELOPPIECES:0.5
C_MATERIAL:0.5
C_MOVECOUNT:0.5079081526494391
