ELO:1000
CE_PASSEDPAWNS:0.5186088553327515
CE_PAWNWEAKNESSES:0.44378786702113154
CE_PIECEACTIVITY:0.45996214752108294
CE_KINGPAWNSHIELD:0.5140248993761167
CE_PIECECOORDINATION:0.45483353524948805
CE_MATERIAL:0.5216862330124228
CE_KINGSAFETY:0.5123268731297014
C_PIECESQUARETABLES:0.42475212809340307
C_MOBILITY:0.4718340558699487
C_KINGSAFETY:0.4919621385839485
C_PAWNSTRUCTURE:0.48741124016739273
C_PIECECOORDINATION:0.5210704215379929
C_ROOKANDPAWNMOVEMENT:0.5210704215379929
C_CENTERCONTROL:0.4722296891793015
C_DEVELOPPIECES:0.49459826381893723
C_MATERIAL:0.5103197561882231
