ELO:902
CE_PASSEDPAWNS:0.47785715925932165
CE_PAWNWEAKNESSES:0.4803280549341039
CE_PIECEACTIVITY:0.5273820820504485
CE_KINGPAWNSHIELD:0.4911419892396978
CE_PIECECOORDINATION:0.4641389525389158
CE_MATERIAL:0.5221674354451751
CE_KINGSAFETY:0.5147401759823643
C_PIECESQUARETABLES:0.48709657594550765
C_MOBILITY:0.5433511504492095
C_KINGSAFETY:0.47899896912432915
C_PAWNSTRUCTURE:0.4557381994307108
C_PIECECOORDINATION:0.5475046035867539
C_ROOKANDPAWNMOVEMENT:0.5475046035867539
C_CENTERCONTROL:0.5428382031135054
C_DEVELOPPIECES:0.4380967329687028
C_MATERIAL:0.5056590647316311
C_MOVECOUNT:0.5
