ELO:896
CE_PASSEDPAWNS:0.4594823146215442
CE_PAWNWEAKNESSES:0.49817591373958114
CE_PIECEACTIVITY:0.5231773836745807
CE_KINGPAWNSHIELD:0.5442212665424758
CE_PIECECOORDINATION:0.49654298136263536
CE_MATERIAL:0.4734766763297448
CE_KINGSAFETY:0.5107805288277134
C_PIECESQUARETABLES:0.5
C_MOBILITY:0.4620659258482218
C_KINGSAFETY:0.5256387947324688
C_PAWNSTRUCTURE:0.490613265184117
C_PIECECOORDINATION:0.48942648266664873
C_ROOK:0.4792517346345871
CE_ROOK:0.4980476323869489
C_CENTERCONTROL:0.4894281018400375
C_DEVELOPPIECES:0.5154938748770249
C_MATERIAL:0.45920479201780406
C_MOVECOUNT:0.5190635851924336
C_PAWNMOVEMENT:0.4898946189245024
