ELO:969
CE_PASSEDPAWNS:0.6055050429153733
CE_PAWNWEAKNESSES:0.5067733744046712
CE_PIECEACTIVITY:0.463329452713945
CE_KINGPAWNSHIELD:0.3543996453905258
CE_PIECECOORDINATION:0.4974921076917287
CE_MATERIAL:0.4414014899479571
CE_KINGSAFETY:0.5
C_PIECESQUARETABLES:0.5
C_MOBILITY:0.4471731710194883
C_KINGSAFETY:0.4420780055522896
C_PAWNSTRUCTURE:0.4566220411980508
C_PIECECOORDINATION:0.5589785292746384
C_ROOKANDPAWNMOVEMENT:0.5589785292746384
C_CENTERCONTROL:0.4943250257524477
C_DEVELOPPIECES:0.4527294286727505
C_MATERIAL:0.6777070682498681
