ELO:959
CE_PASSEDPAWNS:0.4234752586973367
CE_PAWNWEAKNESSES:0.5129713021119312
CE_PIECEACTIVITY:0.5516712534282355
CE_KINGPAWNSHIELD:0.43431720165899895
CE_PIECECOORDINATION:0.6348112720252136
CE_MATERIAL:0.38912483205099446
CE_KINGSAFETY:0.5
C_PIECESQUARETABLES:0.5
C_MOBILITY:0.45547739738497944
C_KINGSAFETY:0.34305109798819844
C_PAWNSTRUCTURE:0.40774499036478856
C_PIECECOORDINATION:0.4131706664589462
C_ROOKANDPAWNMOVEMENT:0.4131706664589462
C_CENTERCONTROL:0.5337371699559388
C_DEVELOPPIECES:0.468493907289558
C_MATERIAL:0.5171042580836476
