ELO:1000
CE_PASSEDPAWNS:0.5
CE_PAWNWEAKNESSES:0.49082213469411773
CE_PIECEACTIVITY:0.5078099888386947
CE_KINGPAWNSHIELD:0.5001828524941607
CE_PIECECOORDINATION:0.4988753551427367
CE_MATERIAL:0.504385011881447
CE_KINGSAFETY:0.5
C_PIECESQUARETABLES:0.5
C_MOBILITY:0.5075642485123923
C_KINGSAFETY:0.5010483447805953
C_PAWNSTRUCTURE:0.5067992146658593
C_PIECECOORDINATION:0.5012549051985992
C_ROOKANDPAWNMOVEMENT:0.5012549051985992
C_CENTERCONTROL:0.5
C_DEVELOPPIECES:0.5008741980859448
C_MATERIAL:0.5083300817836632
C_MOVECOUNT:0.510214098257717
