ELO:965
CE_PASSEDPAWNS:0.46333919339864343
CE_PAWNWEAKNESSES:0.49743938486045
CE_PIECEACTIVITY:0.5059049072002686
CE_KINGPAWNSHIELD:0.4888004274082619
CE_PIECECOORDINATION:0.5
CE_MATERIAL:0.44559206992805717
CE_KINGSAFETY:0.5284133321152641
C_PIECESQUARETABLES:0.5082000223178087
C_MOBILITY:0.5020593356563015
C_KINGSAFETY:0.4895164998941115
C_PAWNSTRUCTURE:0.5311197282732057
C_PIECECOORDINATION:0.5149189297389336
C_ROOKANDPAWNMOVEMENT:0.5149189297389336
C_CENTERCONTROL:0.49980358048302803
C_DEVELOPPIECES:0.4986808094486501
C_MATERIAL:0.5009181203888827
