ELO:977
CE_PASSEDPAWNS:0.4850557424873098
CE_PAWNWEAKNESSES:0.4156576860877508
CE_PIECEACTIVITY:0.5021165956769557
CE_KINGPAWNSHIELD:0.5122391954019109
CE_PIECECOORDINATION:0.550459832242452
CE_MATERIAL:0.5380509271771655
CE_KINGSAFETY:0.5
C_PIECESQUARETABLES:0.5
C_MOBILITY:0.5118440828964529
C_KINGSAFETY:0.5
C_PAWNSTRUCTURE:0.4410855088994318
C_PIECECOORDINATION:0.44758219917815356
C_ROOKANDPAWNMOVEMENT:0.44758219917815356
C_CENTERCONTROL:0.45898287082601785
C_DEVELOPPIECES:0.43141368578632255
C_MATERIAL:0.47858476818011725
C_MOVECOUNT:0.5
