ELO:909
CE_PASSEDPAWNS:0.39542960027884083
CE_PAWNWEAKNESSES:0.5421116701153317
CE_PIECEACTIVITY:0.5059380752046215
CE_KINGPAWNSHIELD:0.45846233276641035
CE_PIECECOORDINATION:0.6424679734141162
CE_MATERIAL:0.4084803952335259
CE_KINGSAFETY:0.5070312642166636
C_PIECESQUARETABLES:0.49092616008323925
C_MOBILITY:0.41837282983076624
C_KINGSAFETY:0.36689895377202586
C_PAWNSTRUCTURE:0.4015816074610637
C_PIECECOORDINATION:0.4485780117865421
C_ROOKANDPAWNMOVEMENT:0.4485780117865421
C_CENTERCONTROL:0.5436845258331002
C_DEVELOPPIECES:0.4732180681081083
C_MATERIAL:0.5738832736573428
