ELO:862
CE_PASSEDPAWNS:0.4732649160240004
CE_PAWNWEAKNESSES:0.4905859979761827
CE_PIECEACTIVITY:0.49876945686180935
CE_KINGPAWNSHIELD:0.5349181037513594
CE_PIECECOORDINATION:0.4138080963794658
CE_MATERIAL:0.4823489824473883
CE_KINGSAFETY:0.48562019230104936
C_PIECESQUARETABLES:0.551448699095928
C_MOBILITY:0.5412340399890573
C_KINGSAFETY:0.5260163964648815
C_PAWNSTRUCTURE:0.4885307415371008
C_PIECECOORDINATION:0.5031258721670718
C_ROOKANDPAWNMOVEMENT:0.5031258721670718
C_CENTERCONTROL:0.49295783120711784
C_DEVELOPPIECES:0.5097710514459989
C_MATERIAL:0.5039591591084941
C_MOVECOUNT:0.5
