ELO:897
CE_PASSEDPAWNS:0.4594823146215442
CE_PAWNWEAKNESSES:0.5023288173308955
CE_PIECEACTIVITY:0.5240266585087484
CE_KINGPAWNSHIELD:0.5426199946305016
CE_PIECECOORDINATION:0.49654298136263536
CE_MATERIAL:0.4734766763297448
CE_KINGSAFETY:0.505429428436528
C_PIECESQUARETABLES:0.5042859492299119
C_MOBILITY:0.4658757797993498
C_KINGSAFETY:0.5256387947324688
C_PAWNSTRUCTURE:0.48533766674527395
C_PIECECOORDINATION:0.4980560142010861
C_ROOK:0.4792517346345871
CE_ROOK:0.5033337224512507
C_CENTERCONTROL:0.4892585375739165
C_DEVELOPPIECES:0.5154938748770249
C_MATERIAL:0.45920479201780406
C_MOVECOUNT:0.515898419222503
C_PAWNMOVEMENT:0.4981251939848638
