ELO:991
CE_PASSEDPAWNS:0.5338254783712366
CE_PAWNWEAKNESSES:0.4747266971979074
CE_PIECEACTIVITY:0.5256534381721791
CE_KINGPAWNSHIELD:0.5614575718248973
CE_PIECECOORDINATION:0.48533229906106284
CE_MATERIAL:0.4694181679613265
CE_KINGSAFETY:0.5
C_PIECESQUARETABLES:0.5
C_MOBILITY:0.6037931995583179
C_KINGSAFETY:0.5170876208596584
C_PAWNSTRUCTURE:0.46054427260367564
C_PIECECOORDINATION:0.492257981959518
C_ROOKANDPAWNMOVEMENT:0.492257981959518
C_CENTERCONTROL:0.43041531312623516
C_DEVELOPPIECES:0.4354212939766876
C_MATERIAL:0.6296639189614881
