ELO:948
CE_PASSEDPAWNS:0.41823153850045136
CE_PAWNWEAKNESSES:0.5801420597878308
CE_PIECEACTIVITY:0.4807053165983484
CE_KINGPAWNSHIELD:0.5006804482660564
CE_PIECECOORDINATION:0.53633288752301
CE_MATERIAL:0.5630165450179484
CE_KINGSAFETY:0.5285199166511579
C_PIECESQUARETABLES:0.48227703570727704
C_MOBILITY:0.5251174168383208
C_KINGSAFETY:0.4884829053383742
C_PAWNSTRUCTURE:0.49689806067513864
C_PIECECOORDINATION:0.5393182555524352
C_ROOKANDPAWNMOVEMENT:0.5393182555524352
C_CENTERCONTROL:0.47029972479187926
C_DEVELOPPIECES:0.49287991317310936
C_MATERIAL:0.397730502110188
