ELO:962
CE_PASSEDPAWNS:0.5328813220294051
CE_PAWNWEAKNESSES:0.44336771509007905
CE_PIECEACTIVITY:0.5174452785423667
CE_KINGPAWNSHIELD:0.47868874345908996
CE_PIECECOORDINATION:0.4253875350904273
CE_MATERIAL:0.4842026302574844
CE_KINGSAFETY:0.5017891175392613
C_PIECESQUARETABLES:0.47099512689490924
C_MOBILITY:0.4681291664867196
C_KINGSAFETY:0.497171774250769
C_PAWNSTRUCTURE:0.4819021408179804
C_PIECECOORDINATION:0.5698523367868388
C_ROOKANDPAWNMOVEMENT:0.5698523367868388
C_CENTERCONTROL:0.4464434858590982
C_DEVELOPPIECES:0.5240924508352411
C_MATERIAL:0.45853777640022253
