ELO:834
CE_PASSEDPAWNS:0.4740335737931125
CE_PAWNWEAKNESSES:0.49843091118175964
CE_PIECEACTIVITY:0.47750646967090576
CE_KINGPAWNSHIELD:0.5284979349799689
CE_PIECECOORDINATION:0.43729169538844465
CE_MATERIAL:0.45978074833164667
CE_KINGSAFETY:0.5222348242137174
C_PIECESQUARETABLES:0.5458856928005262
C_MOBILITY:0.5484969395948495
C_KINGSAFETY:0.5314205845658178
C_PAWNSTRUCTURE:0.4614752657577137
C_PIECECOORDINATION:0.48910850435055536
C_ROOKANDPAWNMOVEMENT:0.48910850435055536
C_CENTERCONTROL:0.4963854043236277
C_DEVELOPPIECES:0.5412324134946163
C_MATERIAL:0.49200854676120737
C_MOVECOUNT:0.5
