ELO:919
CE_PASSEDPAWNS:0.48397059693799127
CE_PAWNWEAKNESSES:0.5539728640503713
CE_PIECEACTIVITY:0.4851424361825167
CE_KINGPAWNSHIELD:0.47269972262207316
CE_PIECECOORDINATION:0.5286513052959446
CE_MATERIAL:0.5324805802574861
CE_KINGSAFETY:0.5
C_PIECESQUARETABLES:0.4976167448891436
C_MOBILITY:0.5240708672607124
C_KINGSAFETY:0.5482156749802171
C_PAWNSTRUCTURE:0.5082824976555946
C_PIECECOORDINATION:0.4929802963503539
C_ROOKANDPAWNMOVEMENT:0.4929802963503539
C_CENTERCONTROL:0.5097171872562842
C_DEVELOPPIECES:0.49553205361727126
C_MATERIAL:0.5217511237359829
C_MOVECOUNT:0.5493128080938033
