ELO:932
CE_PASSEDPAWNS:0.4685210019387251
CE_PAWNWEAKNESSES:0.4921358138238546
CE_PIECEACTIVITY:0.5231773836745807
CE_KINGPAWNSHIELD:0.5318534833632386
CE_PIECECOORDINATION:0.5059870994798655
CE_MATERIAL:0.4831033745373396
CE_KINGSAFETY:0.5
C_PIECESQUARETABLES:0.5
C_MOBILITY:0.46336288494985006
C_KINGSAFETY:0.5324417931017774
C_PAWNSTRUCTURE:0.48607481139074127
C_PIECECOORDINATION:0.49698742248749395
C_ROOK:0.4792517346345871
CE_ROOK:0.49554542945496055
C_CENTERCONTROL:0.4979756685439031
C_DEVELOPPIECES:0.5110714709671441
C_MATERIAL:0.45920479201780406
C_MOVECOUNT:0.5106428294919299
C_PAWNMOVEMENT:0.5037932951122592
