ELO:1000
CE_PASSEDPAWNS:0.5465881108012874
CE_PAWNWEAKNESSES:0.4966295515468699
CE_PIECEACTIVITY:0.5233278385061086
CE_KINGPAWNSHIELD:0.4577050844512299
CE_PIECECOORDINATION:0.4804619651239734
CE_MATERIAL:0.5227625446058987
CE_KINGSAFETY:0.4973969606377213
C_PIECESQUARETABLES:0.501816419676975
C_MOBILITY:0.5455245460910244
C_KINGSAFETY:0.4870495926993096
C_PAWNSTRUCTURE:0.5142493073013796
C_PIECECOORDINATION:0.49442405222187613
C_ROOKANDPAWNMOVEMENT:0.49442405222187613
C_CENTERCONTROL:0.49684397531933405
C_DEVELOPPIECES:0.5122502839871749
C_MATERIAL:0.511898237869084
