ELO:916
CE_PASSEDPAWNS:0.47233710615104096
CE_PAWNWEAKNESSES:0.5546900211380018
CE_PIECEACTIVITY:0.499035488379388
CE_KINGPAWNSHIELD:0.4834887154699393
CE_PIECECOORDINATION:0.5045457043630838
CE_MATERIAL:0.46083520681436285
CE_KINGSAFETY:0.5
C_PIECESQUARETABLES:0.5
C_MOBILITY:0.40560055319796234
C_KINGSAFETY:0.5438023022885276
C_PAWNSTRUCTURE:0.41192630111401113
C_PIECECOORDINATION:0.45428510159151775
C_ROOKANDPAWNMOVEMENT:0.45428510159151775
C_CENTERCONTROL:0.4876224614190258
C_DEVELOPPIECES:0.4670668430196096
C_MATERIAL:0.46445803622698534
C_MOVECOUNT:0.5
