ELO:918
CE_PASSEDPAWNS:0.47785715925932165
CE_PAWNWEAKNESSES:0.48985708215819296
CE_PIECEACTIVITY:0.5283032674165831
CE_KINGPAWNSHIELD:0.4848538876862295
CE_PIECECOORDINATION:0.4742875884240307
CE_MATERIAL:0.5343064312092366
CE_KINGSAFETY:0.5219134595062345
C_PIECESQUARETABLES:0.5007485302630617
C_MOBILITY:0.5352400233409261
C_KINGSAFETY:0.48629618618005344
C_PAWNSTRUCTURE:0.44581574973927784
C_PIECECOORDINATION:0.5243584240751199
C_ROOKANDPAWNMOVEMENT:0.5243584240751199
C_CENTERCONTROL:0.5471193639364719
C_DEVELOPPIECES:0.42064988000917314
C_MATERIAL:0.5056590647316311
C_MOVECOUNT:0.5
