ELO:998
CE_PASSEDPAWNS:0.5470575832177837
CE_PAWNWEAKNESSES:0.4404862514202431
CE_PIECEACTIVITY:0.48581928805811486
CE_KINGPAWNSHIELD:0.5114246238348821
CE_PIECECOORDINATION:0.43653487193067647
CE_MATERIAL:0.5065408428784008
CE_KINGSAFETY:0.501154634318413
C_PIECESQUARETABLES:0.4843579188983338
C_MOBILITY:0.4618671229939425
C_KINGSAFETY:0.49596065742475787
C_PAWNSTRUCTURE:0.5061261858546046
C_PIECECOORDINATION:0.5537314085687781
C_ROOKANDPAWNMOVEMENT:0.5537314085687781
C_CENTERCONTROL:0.43820186895907276
C_DEVELOPPIECES:0.4890289262693557
C_MATERIAL:0.4590482638665765
