ELO:921
CE_PASSEDPAWNS:0.48089386007220347
CE_PAWNWEAKNESSES:0.49381893416372524
CE_PIECEACTIVITY:0.5339968173469924
CE_KINGPAWNSHIELD:0.4999898621775027
CE_PIECECOORDINATION:0.49856903144563364
CE_MATERIAL:0.4691102011108045
CE_KINGSAFETY:0.5013741912431914
C_PIECESQUARETABLES:0.5100352501977151
C_MOBILITY:0.502358775165858
C_KINGSAFETY:0.5043727406953588
C_PAWNSTRUCTURE:0.47794339773890987
C_PIECECOORDINATION:0.482515171262833
C_ROOK:0.4636919088795069
CE_ROOK:0.5007593137853479
C_CENTERCONTROL:0.48537574515183346
C_DEVELOPPIECES:0.5119016561183096
C_MATERIAL:0.47903076129038996
C_MOVECOUNT:0.5154214373998439
C_PAWNMOVEMENT:0.49373797456547147
