ELO:1003
CE_PASSEDPAWNS:0.4717757927554592
CE_PAWNWEAKNESSES:0.5580236423285265
CE_PIECEACTIVITY:0.5005067291873136
CE_KINGPAWNSHIELD:0.48875468384227955
CE_PIECECOORDINATION:0.4970291705965348
CE_MATERIAL:0.5135565455755512
CE_KINGSAFETY:0.5
C_PIECESQUARETABLES:0.5
C_MOBILITY:0.48879126119455757
C_KINGSAFETY:0.43682526189989257
C_PAWNSTRUCTURE:0.5
C_PIECECOORDINATION:0.5211808661726082
C_ROOK:0.5099748085010218
CE_ROOK:0.5074594735804256
C_CENTERCONTROL:0.46844548256391666
C_DEVELOPPIECES:0.5336521288724477
C_MATERIAL:0.5323491725086331
C_MOVECOUNT:0.47689845474745257
C_PAWNMOVEMENT:0.5194704816714659
