ELO:957
CE_PASSEDPAWNS:0.49450756151291875
CE_PAWNWEAKNESSES:0.5427935764614851
CE_PIECEACTIVITY:0.6049249282648128
CE_KINGPAWNSHIELD:0.5499041076211918
CE_PIECECOORDINATION:0.5083334155734011
CE_MATERIAL:0.41969498595873705
CE_KINGSAFETY:0.5037065601042731
C_PIECESQUARETABLES:0.4837119831312194
C_MOBILITY:0.4102268071197033
C_KINGSAFETY:0.5287017806087665
C_PAWNSTRUCTURE:0.454962466524543
C_PIECECOORDINATION:0.4744733895814849
C_ROOKANDPAWNMOVEMENT:0.4744733895814849
C_CENTERCONTROL:0.41702980781794174
C_DEVELOPPIECES:0.5834700049893706
C_MATERIAL:0.4906748530383938
