ELO:944
CE_PASSEDPAWNS:0.5066763773265905
CE_PAWNWEAKNESSES:0.5551880284395244
CE_PIECEACTIVITY:0.6010278392671258
CE_KINGPAWNSHIELD:0.5540916874377406
CE_PIECECOORDINATION:0.5017855927664793
CE_MATERIAL:0.3924784900237631
CE_KINGSAFETY:0.5032730075079483
C_PIECESQUARETABLES:0.514074180542043
C_MOBILITY:0.442913582680346
C_KINGSAFETY:0.5641572210633226
C_PAWNSTRUCTURE:0.47052763556973304
C_PIECECOORDINATION:0.4553887955764874
C_ROOKANDPAWNMOVEMENT:0.4553887955764874
C_CENTERCONTROL:0.44641175497208246
C_DEVELOPPIECES:0.5670497427682959
C_MATERIAL:0.47549346696475797
