ELO:969
CE_PASSEDPAWNS:0.45281232904561347
CE_PAWNWEAKNESSES:0.5756926360055251
CE_PIECEACTIVITY:0.515659323439111
CE_KINGPAWNSHIELD:0.5129486116292121
CE_PIECECOORDINATION:0.44584944693134765
CE_MATERIAL:0.5679569841859148
CE_KINGSAFETY:0.48512273781217113
C_PIECESQUARETABLES:0.5302437672316441
C_MOBILITY:0.595025400357659
C_KINGSAFETY:0.48187627856764886
C_PAWNSTRUCTURE:0.5995896525377067
C_PIECECOORDINATION:0.42296428875490477
C_ROOKANDPAWNMOVEMENT:0.42296428875490477
C_CENTERCONTROL:0.5498180604400997
C_DEVELOPPIECES:0.518525596375479
C_MATERIAL:0.4101867383476897
