ELO:944
CE_PASSEDPAWNS:0.5806273770435991
CE_PAWNWEAKNESSES:0.47849199483026245
CE_PIECEACTIVITY:0.5350474262973133
CE_KINGPAWNSHIELD:0.4744187423743911
CE_PIECECOORDINATION:0.4251850664458644
CE_MATERIAL:0.5259701039103215
CE_KINGSAFETY:0.4885060779712677
C_PIECESQUARETABLES:0.5
C_MOBILITY:0.5214648957387107
C_KINGSAFETY:0.5515368395602082
C_PAWNSTRUCTURE:0.4922968390551592
C_PIECECOORDINATION:0.4438584180692894
C_ROOKANDPAWNMOVEMENT:0.4438584180692894
C_CENTERCONTROL:0.5031422894924997
C_DEVELOPPIECES:0.4966674146890984
C_MATERIAL:0.5363060062452062
C_MOVECOUNT:0.5
