ELO:982
CE_PASSEDPAWNS:0.4883514526839017
CE_PAWNWEAKNESSES:0.48556775335648217
CE_PIECEACTIVITY:0.515102787595508
CE_KINGPAWNSHIELD:0.5373005276509496
CE_PIECECOORDINATION:0.508749282496272
CE_MATERIAL:0.47471549401862834
CE_KINGSAFETY:0.5
C_PIECESQUARETABLES:0.5018043287139725
C_MOBILITY:0.5486660857547432
C_KINGSAFETY:0.502621076820108
C_PAWNSTRUCTURE:0.547883678180072
C_PIECECOORDINATION:0.5172293998619513
C_ROOK:0.5175486696637105
CE_ROOK:0.4762324726808482
C_CENTERCONTROL:0.47132817856933606
C_DEVELOPPIECES:0.48090952510179114
C_MATERIAL:0.4960314430931211
C_MOVECOUNT:0.5433523217821613
C_PAWNMOVEMENT:0.5212553958560441
