ELO:1046
CE_PASSEDPAWNS:0.5023423956369003
CE_PAWNWEAKNESSES:0.5
CE_PIECEACTIVITY:0.5
CE_KINGPAWNSHIELD:0.5
CE_PIECECOORDINATION:0.5
CE_MATERIAL:0.5
CE_KINGSAFETY:0.5
C_PIECESQUARETABLES:0.49341126379572564
C_MOBILITY:0.5075326465398426
C_KINGSAFETY:0.5
C_PAWNSTRUCTURE:0.5
C_PIECECOORDINATION:0.5
C_ROOKANDPAWNMOVEMENT:0.5
C_CENTERCONTROL:0.5031090223559075
C_DEVELOPPIECES:0.5
C_MATERIAL:0.49026293488453365
