ELO:936
CE_PASSEDPAWNS:0.4240914577945539
CE_PAWNWEAKNESSES:0.6035558499191328
CE_PIECEACTIVITY:0.5253160631308698
CE_KINGPAWNSHIELD:0.5083439790330649
CE_PIECECOORDINATION:0.46871870061385046
CE_MATERIAL:0.5781378866167862
CE_KINGSAFETY:0.5089963106838931
C_PIECESQUARETABLES:0.4985095586790633
C_MOBILITY:0.5870527616931942
C_KINGSAFETY:0.4640419994854623
C_PAWNSTRUCTURE:0.6145689213340373
C_PIECECOORDINATION:0.39738042645292926
C_ROOKANDPAWNMOVEMENT:0.39738042645292926
C_CENTERCONTROL:0.5587665719583452
C_DEVELOPPIECES:0.5154736223239891
C_MATERIAL:0.43931756245970954
