ELO:969
CE_PASSEDPAWNS:0.48942793932136824
CE_PAWNWEAKNESSES:0.5087624438481493
CE_PIECEACTIVITY:0.4998854115428694
CE_KINGPAWNSHIELD:0.5010006333033906
CE_PIECECOORDINATION:0.485579195167613
CE_MATERIAL:0.4987627833161578
CE_KINGSAFETY:0.4853577740350371
C_PIECESQUARETABLES:0.4623556024713263
C_MOBILITY:0.48545169725855386
C_KINGSAFETY:0.47725783642292635
C_PAWNSTRUCTURE:0.5025493034270093
C_PIECECOORDINATION:0.4935754154198506
C_ROOKANDPAWNMOVEMENT:0.4935754154198506
C_CENTERCONTROL:0.5026385334425723
C_DEVELOPPIECES:0.49895533213983645
C_MATERIAL:0.5461161798174247
C_MOVECOUNT:0.5214960197033088
