ELO:1008
CE_PASSEDPAWNS:0.46421707140820384
CE_PAWNWEAKNESSES:0.5361512750289888
CE_PIECEACTIVITY:0.560453571803182
CE_KINGPAWNSHIELD:0.5288020080666915
CE_PIECECOORDINATION:0.5398146291822481
CE_MATERIAL:0.4519822617736653
CE_KINGSAFETY:0.5087225215156275
C_PIECESQUARETABLES:0.4694676436480066
C_MOBILITY:0.3795827662218916
C_KINGSAFETY:0.5779523741299722
C_PAWNSTRUCTURE:0.49761265441077845
C_PIECECOORDINATION:0.4694515727194325
C_ROOKANDPAWNMOVEMENT:0.4694515727194325
C_CENTERCONTROL:0.43633948839017067
C_DEVELOPPIECES:0.4799875015595473
C_MATERIAL:0.5154599299741748
