ELO:1008
CE_PASSEDPAWNS:0.5076141622011735
CE_PAWNWEAKNESSES:0.4939344591380663
CE_PIECEACTIVITY:0.5063643074076857
CE_KINGPAWNSHIELD:0.5
CE_PIECECOORDINATION:0.48864528032928445
CE_MATERIAL:0.4918087623077175
CE_KINGSAFETY:0.49666410271781986
C_PIECESQUARETABLES:0.4832508176081537
C_MOBILITY:0.48581784303057146
C_KINGSAFETY:0.5050779084886223
C_PAWNSTRUCTURE:0.4875096720691125
C_PIECECOORDINATION:0.494688072547297
C_ROOKANDPAWNMOVEMENT:0.494688072547297
C_CENTERCONTROL:0.5
C_DEVELOPPIECES:0.49054055556703136
C_MATERIAL:0.5033146048104211
