ELO:1000
CE_PASSEDPAWNS:0.5072099133000235
CE_PAWNWEAKNESSES:0.493557089236652
CE_PIECEACTIVITY:0.4979078859085462
CE_KINGPAWNSHIELD:0.5134446860519545
CE_PIECECOORDINATION:0.48601888963846634
CE_MATERIAL:0.4838433277197366
CE_KINGSAFETY:0.4888608290746254
C_PIECESQUARETABLES:0.48790128493480445
C_MOBILITY:0.480358720523847
C_KINGSAFETY:0.516771183167898
C_PAWNSTRUCTURE:0.5099527409969999
C_PIECECOORDINATION:0.5071431017944119
C_ROOKANDPAWNMOVEMENT:0.5071431017944119
C_CENTERCONTROL:0.4802759807682743
C_DEVELOPPIECES:0.5050135390023437
C_MATERIAL:0.502148516338306
