ELO:878
CE_PASSEDPAWNS:0.45254099887437405
CE_PAWNWEAKNESSES:0.5092559547592656
CE_PIECEACTIVITY:0.5218086388542249
CE_KINGPAWNSHIELD:0.5491804379729593
CE_PIECECOORDINATION:0.5043840454917873
CE_MATERIAL:0.513196169270795
CE_KINGSAFETY:0.4749011469694987
C_PIECESQUARETABLES:0.5422124613675813
C_MOBILITY:0.5315922449706165
C_KINGSAFETY:0.5175256664842478
C_PAWNSTRUCTURE:0.4461783066020714
C_PIECECOORDINATION:0.5288846686407795
C_ROOKANDPAWNMOVEMENT:0.5288846686407795
C_CENTERCONTROL:0.5552689669137973
C_DEVELOPPIECES:0.49680817482585427
C_MATERIAL:0.5048236249450101
C_MOVECOUNT:0.5485072423612498
