ELO:988
CE_PASSEDPAWNS:0.5092354551888625
CE_PAWNWEAKNESSES:0.498721580073243
CE_PIECEACTIVITY:0.4876280704428116
CE_KINGPAWNSHIELD:0.5082559902088728
CE_PIECECOORDINATION:0.5
CE_MATERIAL:0.49249764306313526
CE_KINGSAFETY:0.5079082690085478
C_PIECESQUARETABLES:0.4922283795582247
C_MOBILITY:0.5
C_KINGSAFETY:0.4916814987885827
C_PAWNSTRUCTURE:0.4910624004509194
C_PIECECOORDINATION:0.5
C_ROOKANDPAWNMOVEMENT:0.5
C_CENTERCONTROL:0.4982731981444278
C_DEVELOPPIECES:0.500927411877221
C_MATERIAL:0.5
C_MOVECOUNT:0.5055951005655263
