ELO:794
CE_PASSEDPAWNS:0.54333307317527
CE_PAWNWEAKNESSES:0.4773353411060167
CE_PIECEACTIVITY:0.5062279736105028
CE_KINGPAWNSHIELD:0.5
CE_PIECECOORDINATION:0.46608665362811125
CE_MATERIAL:0.5027917998365578
CE_KINGSAFETY:0.5
C_PIECESQUARETABLES:0.49465710524405715
C_MOBILITY:0.6014802060171881
C_KINGSAFETY:0.4568136367263718
C_PAWNSTRUCTURE:0.527856918777414
C_PIECECOORDINATION:0.4317709433698734
C_ROOKANDPAWNMOVEMENT:0.4317709433698734
C_CENTERCONTROL:0.4452908030974501
C_DEVELOPPIECES:0.5586974241792741
C_MATERIAL:0.500954282872785
C_MOVECOUNT:0.5469897565959858
