ELO:1032
CE_PASSEDPAWNS:0.4687804866913704
CE_PAWNWEAKNESSES:0.458623202335436
CE_PIECEACTIVITY:0.5352512683266858
CE_KINGPAWNSHIELD:0.4700775042002906
CE_PIECECOORDINATION:0.5371868962233096
CE_MATERIAL:0.5
CE_KINGSAFETY:0.4846253114955651
C_PIECESQUARETABLES:0.4849265779733406
C_MOBILITY:0.5116623085970322
C_KINGSAFETY:0.5499126579532706
C_PAWNSTRUCTURE:0.48874200344435725
C_PIECECOORDINATION:0.5408807020148484
C_ROOKANDPAWNMOVEMENT:0.5408807020148484
C_CENTERCONTROL:0.4976563033333722
C_DEVELOPPIECES:0.4863692719646115
C_MATERIAL:0.47206612333634945
C_MOVECOUNT:0.5
