ELO:1000
CE_PASSEDPAWNS:0.5034588733539551
CE_PAWNWEAKNESSES:0.5233066729146444
CE_PIECEACTIVITY:0.5600300821960784
CE_KINGPAWNSHIELD:0.46127246200195454
CE_PIECECOORDINATION:0.4879525110759206
CE_MATERIAL:0.49631434774957084
CE_KINGSAFETY:0.5200945738801542
C_PIECESQUARETABLES:0.5058352259822831
C_MOBILITY:0.5051200895114615
C_KINGSAFETY:0.4922256989701854
C_PAWNSTRUCTURE:0.5008063412066368
C_PIECECOORDINATION:0.5609927623332525
C_ROOKANDPAWNMOVEMENT:0.5609927623332525
C_CENTERCONTROL:0.5674113707602624
C_DEVELOPPIECES:0.4763504740295355
C_MATERIAL:0.5514862792159207
