ELO:1042
CE_PASSEDPAWNS:0.506114828008963
CE_PAWNWEAKNESSES:0.5
CE_PIECEACTIVITY:0.4921535135539082
CE_KINGPAWNSHIELD:0.5
CE_PIECECOORDINATION:0.5
CE_MATERIAL:0.5
CE_KINGSAFETY:0.5049798441438035
C_PIECESQUARETABLES:0.5
C_MOBILITY:0.5205917354750594
C_KINGSAFETY:0.5
C_PAWNSTRUCTURE:0.5
C_PIECECOORDINATION:0.5
C_ROOKANDPAWNMOVEMENT:0.5
C_CENTERCONTROL:0.5055661363862762
C_DEVELOPPIECES:0.5
C_MATERIAL:0.5
