ELO:999
CE_PASSEDPAWNS:0.5
CE_PAWNWEAKNESSES:0.5092396604510371
CE_PIECEACTIVITY:0.5
CE_KINGPAWNSHIELD:0.4971311295955945
CE_PIECECOORDINATION:0.4926469273523334
CE_MATERIAL:0.5
CE_KINGSAFETY:0.5
C_PIECESQUARETABLES:0.5
C_MOBILITY:0.5075956539443262
C_KINGSAFETY:0.5
C_PAWNSTRUCTURE:0.5
C_PIECECOORDINATION:0.4917277711415163
C_ROOKANDPAWNMOVEMENT:0.4917277711415163
C_CENTERCONTROL:0.5038554170303029
C_DEVELOPPIECES:0.4983876855789018
C_MATERIAL:0.5
C_MOVECOUNT:0.5
