ELO:1000
CE_PASSEDPAWNS:0.49141569870852125
CE_PAWNWEAKNESSES:0.4814098147076778
CE_PIECEACTIVITY:0.48423945610148855
CE_KINGPAWNSHIELD:0.49717358886740315
CE_PIECECOORDINATION:0.49443883224627155
CE_MATERIAL:0.49142214711505583
CE_KINGSAFETY:0.4893103763147314
C_PIECESQUARETABLES:0.5
C_MOBILITY:0.5
C_KINGSAFETY:0.5113460102158344
C_PAWNSTRUCTURE:0.5167864422908205
C_PIECECOORDINATION:0.5150410498671352
C_ROOKANDPAWNMOVEMENT:0.5150410498671352
C_CENTERCONTROL:0.5113716750152908
C_DEVELOPPIECES:0.49586449931425247
C_MATERIAL:0.5003948671229037
