ELO:919
CE_PASSEDPAWNS:0.48763608598760044
CE_PAWNWEAKNESSES:0.5296175447759564
CE_PIECEACTIVITY:0.5449104893365554
CE_KINGPAWNSHIELD:0.48264223781517135
CE_PIECECOORDINATION:0.5086009342637391
CE_MATERIAL:0.5241032902997264
CE_KINGSAFETY:0.5
C_PIECESQUARETABLES:0.5
C_MOBILITY:0.43952211574319766
C_KINGSAFETY:0.4577867870376683
C_PAWNSTRUCTURE:0.48124424981117236
C_PIECECOORDINATION:0.4297490066318144
C_ROOKANDPAWNMOVEMENT:0.4297490066318144
C_CENTERCONTROL:0.5386185303387335
C_DEVELOPPIECES:0.4338398722135887
C_MATERIAL:0.5782662609839158
