ELO:1000
CE_PASSEDPAWNS:0.4765971748705066
CE_PAWNWEAKNESSES:0.5660554201125649
CE_PIECEACTIVITY:0.56936478732829
CE_KINGPAWNSHIELD:0.5120913312415655
CE_PIECECOORDINATION:0.5220218378335518
CE_MATERIAL:0.45534331096270586
CE_KINGSAFETY:0.4975831571413925
C_PIECESQUARETABLES:0.4850961280344598
C_MOBILITY:0.4292771670781468
C_KINGSAFETY:0.5411937674412415
C_PAWNSTRUCTURE:0.4550156588789548
C_PIECECOORDINATION:0.4837485266058202
C_ROOKANDPAWNMOVEMENT:0.4837485266058202
C_CENTERCONTROL:0.443759265391207
C_DEVELOPPIECES:0.5093880551323912
C_MATERIAL:0.5196367620042363
