ELO:1000
CE_PASSEDPAWNS:0.4692931429060502
CE_PAWNWEAKNESSES:0.5500138162035421
CE_PIECEACTIVITY:0.5872405470544257
CE_KINGPAWNSHIELD:0.47879801136049904
CE_PIECECOORDINATION:0.5020909531471341
CE_MATERIAL:0.49821530538603537
CE_KINGSAFETY:0.5371245456313409
C_PIECESQUARETABLES:0.5242904835508975
C_MOBILITY:0.5332954990647838
C_KINGSAFETY:0.46161162391198046
C_PAWNSTRUCTURE:0.49760239411006035
C_PIECECOORDINATION:0.5536650536947815
C_ROOKANDPAWNMOVEMENT:0.5536650536947815
C_CENTERCONTROL:0.5712745615542917
C_DEVELOPPIECES:0.45823189434242906
C_MATERIAL:0.5237728172541093
