ELO:963
CE_PASSEDPAWNS:0.4948699378877846
CE_PAWNWEAKNESSES:0.5056677931160859
CE_PIECEACTIVITY:0.5243860905953495
CE_KINGPAWNSHIELD:0.5555126039609736
CE_PIECECOORDINATION:0.4970291705965348
CE_MATERIAL:0.48055830588207255
CE_KINGSAFETY:0.5
C_PIECESQUARETABLES:0.5
C_MOBILITY:0.47602403873736665
C_KINGSAFETY:0.492370915594997
C_PAWNSTRUCTURE:0.5125440906912597
C_PIECECOORDINATION:0.48986936827740685
C_ROOK:0.4770555646613208
CE_ROOK:0.5107281599024576
C_CENTERCONTROL:0.5047306719044389
C_DEVELOPPIECES:0.4744386624186194
C_MATERIAL:0.5
C_MOVECOUNT:0.4307063739544139
C_PAWNMOVEMENT:0.460309427131771
