ELO:1000
CE_PASSEDPAWNS:0.4836287895664164
CE_PAWNWEAKNESSES:0.4933232608957261
CE_PIECEACTIVITY:0.5342546535902978
CE_KINGPAWNSHIELD:0.4752715569859947
CE_PIECECOORDINATION:0.4903504575788689
CE_MATERIAL:0.5154950810530367
CE_KINGSAFETY:0.5237009732779222
C_PIECESQUARETABLES:0.49419352017662826
C_MOBILITY:0.47820010945371483
C_KINGSAFETY:0.4893213358057934
C_PAWNSTRUCTURE:0.49678428439761785
C_PIECECOORDINATION:0.4964965638482048
C_ROOKANDPAWNMOVEMENT:0.4964965638482048
C_CENTERCONTROL:0.5273388100244694
C_DEVELOPPIECES:0.5032472724188488
C_MATERIAL:0.5485524556283855
