ELO:987
CE_PASSEDPAWNS:0.4580731206509265
CE_PAWNWEAKNESSES:0.5451847581219466
CE_PIECEACTIVITY:0.5876752263775253
CE_KINGPAWNSHIELD:0.47301795913987077
CE_PIECECOORDINATION:0.5192387206621933
CE_MATERIAL:0.4824077243184878
CE_KINGSAFETY:0.4965331821299777
C_PIECESQUARETABLES:0.5
C_MOBILITY:0.5177453065984824
C_KINGSAFETY:0.4651537379223374
C_PAWNSTRUCTURE:0.49365476542327935
C_PIECECOORDINATION:0.5576442120527252
C_ROOKANDPAWNMOVEMENT:0.5576442120527252
C_CENTERCONTROL:0.570541120855807
C_DEVELOPPIECES:0.5179865562521266
C_MATERIAL:0.5105010048380882
