ELO:1027
CE_PASSEDPAWNS:0.5
CE_PAWNWEAKNESSES:0.5035119039736761
CE_PIECEACTIVITY:0.5
CE_KINGPAWNSHIELD:0.5
CE_PIECECOORDINATION:0.5033112089246126
CE_MATERIAL:0.48670668891165975
CE_KINGSAFETY:0.5
C_PIECESQUARETABLES:0.5
C_MOBILITY:0.5019263156106182
C_KINGSAFETY:0.5
C_PAWNSTRUCTURE:0.5
C_PIECECOORDINATION:0.4951108031370971
C_ROOKANDPAWNMOVEMENT:0.4951108031370971
C_CENTERCONTROL:0.5
C_DEVELOPPIECES:0.5244042797997907
C_MATERIAL:0.49591492222588346
C_MOVECOUNT:0.5
