ELO:1003
CE_PASSEDPAWNS:0.4981976930439811
CE_PAWNWEAKNESSES:0.5054935215545584
CE_PIECEACTIVITY:0.5460960940988434
CE_KINGPAWNSHIELD:0.5009581043557548
CE_PIECECOORDINATION:0.4937259056177772
CE_MATERIAL:0.5
CE_KINGSAFETY:0.5
C_PIECESQUARETABLES:0.5
C_MOBILITY:0.5
C_KINGSAFETY:0.48760678622982095
C_PAWNSTRUCTURE:0.5170863107158039
C_PIECECOORDINATION:0.4858112760684979
C_ROOKANDPAWNMOVEMENT:0.4858112760684979
C_CENTERCONTROL:0.49437299787549477
C_DEVELOPPIECES:0.5154844305521021
C_MATERIAL:0.48442491173463015
C_MOVECOUNT:0.5
