ELO:1000
CE_PASSEDPAWNS:0.5040353927243766
CE_PAWNWEAKNESSES:0.5159691771775848
CE_PIECEACTIVITY:0.4936078427539564
CE_KINGPAWNSHIELD:0.5008654024705463
CE_PIECECOORDINATION:0.4766103946857688
CE_MATERIAL:0.4885256572153099
CE_KINGSAFETY:0.48358814220749996
C_PIECESQUARETABLES:0.4909462215878767
C_MOBILITY:0.4795729621069854
C_KINGSAFETY:0.5304479116376057
C_PAWNSTRUCTURE:0.47933041978441393
C_PIECECOORDINATION:0.5360425750045774
C_ROOKANDPAWNMOVEMENT:0.5360425750045774
C_CENTERCONTROL:0.44833481266979086
C_DEVELOPPIECES:0.500751604695613
C_MATERIAL:0.5093414178185314
