ELO:947
CE_PASSEDPAWNS:0.5476181092111344
CE_PAWNWEAKNESSES:0.49974789498327377
CE_PIECEACTIVITY:0.5056200614800259
CE_KINGPAWNSHIELD:0.533527960035511
CE_PIECECOORDINATION:0.5405349072954876
CE_MATERIAL:0.4885124072783233
CE_KINGSAFETY:0.5
C_PIECESQUARETABLES:0.5
C_MOBILITY:0.5513093830922912
C_KINGSAFETY:0.5632568543419938
C_PAWNSTRUCTURE:0.5206039108758861
C_PIECECOORDINATION:0.532006301455277
C_ROOK:0.5193920689103636
CE_ROOK:0.4602081976055393
C_CENTERCONTROL:0.5331416949520666
C_DEVELOPPIECES:0.4935900645626088
C_MATERIAL:0.46567050948940164
C_MOVECOUNT:0.5636455859763614
C_PAWNMOVEMENT:0.5270545517514045
