ELO:969
CE_PASSEDPAWNS:0.44246020405673137
CE_PAWNWEAKNESSES:0.5850091094763648
CE_PIECEACTIVITY:0.5139147233611173
CE_KINGPAWNSHIELD:0.5105712892393176
CE_PIECECOORDINATION:0.4457461998864941
CE_MATERIAL:0.5491027091278005
CE_KINGSAFETY:0.49204898199932035
C_PIECESQUARETABLES:0.5266906488872268
C_MOBILITY:0.5701990176531214
C_KINGSAFETY:0.5271336844535942
C_PAWNSTRUCTURE:0.5867561822602392
C_PIECECOORDINATION:0.44308659312173093
C_ROOKANDPAWNMOVEMENT:0.44308659312173093
C_CENTERCONTROL:0.5628343510994326
C_DEVELOPPIECES:0.5065726317232935
C_MATERIAL:0.41870491795922765
