ELO:964
CE_PASSEDPAWNS:0.5483536887632963
CE_PAWNWEAKNESSES:0.5056839298082231
CE_PIECEACTIVITY:0.5049850629302742
CE_KINGPAWNSHIELD:0.5289823229315803
CE_PIECECOORDINATION:0.5410724684743731
CE_MATERIAL:0.494623886148914
CE_KINGSAFETY:0.5
C_PIECESQUARETABLES:0.5
C_MOBILITY:0.5516895237631525
C_KINGSAFETY:0.5749939937398965
C_PAWNSTRUCTURE:0.508749677267966
C_PIECECOORDINATION:0.5251453842218646
C_ROOK:0.5247868626576239
CE_ROOK:0.48240134742054613
C_CENTERCONTROL:0.5222486239513031
C_DEVELOPPIECES:0.4935900645626088
C_MATERIAL:0.46373641903627244
C_MOVECOUNT:0.5558891098099804
C_PAWNMOVEMENT:0.5171339122670651
