ELO:1009
CE_PASSEDPAWNS:0.5022995262729496
CE_PAWNWEAKNESSES:0.5
CE_PIECEACTIVITY:0.5069667313626531
CE_KINGPAWNSHIELD:0.5186913924720264
CE_PIECECOORDINATION:0.5
CE_MATERIAL:0.4809255569441087
CE_KINGSAFETY:0.5
C_PIECESQUARETABLES:0.5
C_MOBILITY:0.5
C_KINGSAFETY:0.5052818332848158
C_PAWNSTRUCTURE:0.5
C_PIECECOORDINATION:0.5071308200154621
C_ROOKANDPAWNMOVEMENT:0.5071308200154621
C_CENTERCONTROL:0.4764889441820766
C_DEVELOPPIECES:0.5005399950996186
C_MATERIAL:0.4779603472729251
C_MOVECOUNT:0.5
