ELO:1007
CE_PASSEDPAWNS:0.5055846775575406
CE_PAWNWEAKNESSES:0.48335710037868446
CE_PIECEACTIVITY:0.4998941356780834
CE_KINGPAWNSHIELD:0.5117797363065683
CE_PIECECOORDINATION:0.5
CE_MATERIAL:0.5057601803003857
CE_KINGSAFETY:0.4970846682890365
C_PIECESQUARETABLES:0.5110844239696053
C_MOBILITY:0.5031414898494381
C_KINGSAFETY:0.5
C_PAWNSTRUCTURE:0.5
C_PIECECOORDINATION:0.5
C_ROOKANDPAWNMOVEMENT:0.5
C_CENTERCONTROL:0.5
C_DEVELOPPIECES:0.4817865672315516
C_MATERIAL:0.49476787934666455
C_MOVECOUNT:0.5
