ELO:973
CE_PASSEDPAWNS:0.4596010321639476
CE_PAWNWEAKNESSES:0.5843420078057112
CE_PIECEACTIVITY:0.5120152691581142
CE_KINGPAWNSHIELD:0.510328262835547
CE_PIECECOORDINATION:0.4408120379821738
CE_MATERIAL:0.5679569841859148
CE_KINGSAFETY:0.5035338678697223
C_PIECESQUARETABLES:0.5393228496631414
C_MOBILITY:0.5988139745334898
C_KINGSAFETY:0.5149767495678569
C_PAWNSTRUCTURE:0.595168531665655
C_PIECECOORDINATION:0.41303156743354535
C_ROOKANDPAWNMOVEMENT:0.41303156743354535
C_CENTERCONTROL:0.5565285880783833
C_DEVELOPPIECES:0.5230476581236706
C_MATERIAL:0.41394367912335894
