ELO:942
CE_PASSEDPAWNS:0.4655605081226793
CE_PAWNWEAKNESSES:0.5774122462888172
CE_PIECEACTIVITY:0.5091144986165193
CE_KINGPAWNSHIELD:0.5961047767934611
CE_PIECECOORDINATION:0.3802900726754105
CE_MATERIAL:0.5954574469548259
CE_KINGSAFETY:0.46744990618725935
C_PIECESQUARETABLES:0.5201146198947436
C_MOBILITY:0.43436347183104795
C_KINGSAFETY:0.4061800110509043
C_PAWNSTRUCTURE:0.4905258913290097
C_PIECECOORDINATION:0.623909871801141
C_ROOKANDPAWNMOVEMENT:0.623909871801141
C_CENTERCONTROL:0.5008507699924684
C_DEVELOPPIECES:0.35262453077601924
C_MATERIAL:0.6434817819299515
