ELO:1030
CE_PASSEDPAWNS:0.4918693024075597
CE_PAWNWEAKNESSES:0.5
CE_PIECEACTIVITY:0.5403333216764762
CE_KINGPAWNSHIELD:0.5180581980190351
CE_PIECECOORDINATION:0.499361830153043
CE_MATERIAL:0.5
CE_KINGSAFETY:0.5
C_PIECESQUARETABLES:0.5
C_MOBILITY:0.5100506975321502
C_KINGSAFETY:0.4888047080436996
C_PAWNSTRUCTURE:0.5
C_PIECECOORDINATION:0.49433819567698795
C_ROOKANDPAWNMOVEMENT:0.49433819567698795
C_CENTERCONTROL:0.49485939526744854
C_DEVELOPPIECES:0.4999282600817773
C_MATERIAL:0.49354454768949635
C_MOVECOUNT:0.5
