ELO:975
CE_PASSEDPAWNS:0.5422196609381015
CE_PAWNWEAKNESSES:0.49376920963136495
CE_PIECEACTIVITY:0.5073715303824731
CE_KINGPAWNSHIELD:0.5166696645595122
CE_PIECECOORDINATION:0.5253549278860961
CE_MATERIAL:0.4884207900685763
CE_KINGSAFETY:0.4884623734415171
C_PIECESQUARETABLES:0.4974071012819599
C_MOBILITY:0.527305545034914
C_KINGSAFETY:0.5622618729729125
C_PAWNSTRUCTURE:0.5275767159145256
C_PIECECOORDINATION:0.4983033027351609
C_ROOK:0.5267247123716962
CE_ROOK:0.4960426826145072
C_CENTERCONTROL:0.49682051265016103
C_DEVELOPPIECES:0.5086479100203503
C_MATERIAL:0.4725512905624719
C_MOVECOUNT:0.5476323156816694
C_PAWNMOVEMENT:0.5093244996479797
