ELO:937
CE_PASSEDPAWNS:0.5388231418912371
CE_PAWNWEAKNESSES:0.5791876167884794
CE_PIECEACTIVITY:0.5096244030106013
CE_KINGPAWNSHIELD:0.5305475049391424
CE_PIECECOORDINATION:0.5957144604675697
CE_MATERIAL:0.6308872962314854
CE_KINGSAFETY:0.5158589344104552
C_PIECESQUARETABLES:0.5144229648627114
C_MOBILITY:0.49383548292440765
C_KINGSAFETY:0.5095124211366558
C_PAWNSTRUCTURE:0.4681709934347434
C_PIECECOORDINATION:0.44354502345315233
C_ROOKANDPAWNMOVEMENT:0.44354502345315233
C_CENTERCONTROL:0.6651910362211639
C_DEVELOPPIECES:0.6049549185877825
C_MATERIAL:0.41528348299515777
