ELO:1046
CE_PASSEDPAWNS:0.4728399566917063
CE_PAWNWEAKNESSES:0.5
CE_PIECEACTIVITY:0.5021165956769557
CE_KINGPAWNSHIELD:0.4516255944086121
CE_PIECECOORDINATION:0.48359571126035056
CE_MATERIAL:0.5
CE_KINGSAFETY:0.5
C_PIECESQUARETABLES:0.5
C_MOBILITY:0.5
C_KINGSAFETY:0.5
C_PAWNSTRUCTURE:0.5038429766914216
C_PIECECOORDINATION:0.4858112760684979
C_ROOKANDPAWNMOVEMENT:0.4858112760684979
C_CENTERCONTROL:0.5122987295071216
C_DEVELOPPIECES:0.5
C_MATERIAL:0.5
C_MOVECOUNT:0.5
