ELO:951
CE_PASSEDPAWNS:0.506308408045697
CE_PAWNWEAKNESSES:0.5209375617151402
CE_PIECEACTIVITY:0.5486290401355947
CE_KINGPAWNSHIELD:0.49040125720730016
CE_PIECECOORDINATION:0.5227619296843323
CE_MATERIAL:0.42183536459603854
CE_KINGSAFETY:0.5268511029754058
C_PIECESQUARETABLES:0.5
C_MOBILITY:0.48209592750872055
C_KINGSAFETY:0.5250470284333294
C_PAWNSTRUCTURE:0.5097263144930867
C_PIECECOORDINATION:0.47560557625713235
C_ROOKANDPAWNMOVEMENT:0.47560557625713235
C_CENTERCONTROL:0.4973230125833624
C_DEVELOPPIECES:0.5025208875105633
C_MATERIAL:0.45345224661949696
C_MOVECOUNT:0.5
