ELO:913
CE_PASSEDPAWNS:0.46076547294930253
CE_PAWNWEAKNESSES:0.4226387924815418
CE_PIECEACTIVITY:0.5392619398772848
CE_KINGPAWNSHIELD:0.48932205965899
CE_PIECECOORDINATION:0.4487469622295248
CE_MATERIAL:0.34241782537614696
CE_KINGSAFETY:0.5
C_PIECESQUARETABLES:0.5
C_MOBILITY:0.5018587791496347
C_KINGSAFETY:0.5098637770802619
C_PAWNSTRUCTURE:0.6092672383895582
C_PIECECOORDINATION:0.3854457336372567
C_ROOKANDPAWNMOVEMENT:0.3854457336372567
C_CENTERCONTROL:0.5012221359734306
C_DEVELOPPIECES:0.5053481235955505
C_MATERIAL:0.5819743532275397
