ELO:659
CE_PASSEDPAWNS:0.6143599463895273
CE_PAWNWEAKNESSES:0.3934521433733211
CE_PIECEACTIVITY:0.4972543326510476
CE_KINGPAWNSHIELD:0.4919130382747664
CE_PIECECOORDINATION:0.4876860437771914
CE_MATERIAL:0.4146373986004608
CE_KINGSAFETY:0.4876306767222074
C_PIECESQUARETABLES:0.5
C_MOBILITY:0.35690783824976785
C_KINGSAFETY:0.4796010555765063
C_PAWNSTRUCTURE:0.44711388274859437
C_PIECECOORDINATION:0.5860347345608586
C_ROOKANDPAWNMOVEMENT:0.5860347345608586
C_CENTERCONTROL:0.4794982336058338
C_DEVELOPPIECES:0.5825109225060822
C_MATERIAL:0.5122286967389058
C_MOVECOUNT:0.5
