ELO:993
CE_PASSEDPAWNS:0.4930861718406119
CE_PAWNWEAKNESSES:0.4668665998734601
CE_PIECEACTIVITY:0.5013875399629788
CE_KINGPAWNSHIELD:0.5077172983425171
CE_PIECECOORDINATION:0.5090138444540814
CE_MATERIAL:0.5252169176816431
CE_KINGSAFETY:0.5
C_PIECESQUARETABLES:0.49974938259369994
C_MOBILITY:0.5157635978566935
C_KINGSAFETY:0.47532519985613714
C_PAWNSTRUCTURE:0.518686139812952
C_PIECECOORDINATION:0.5282496576018647
C_ROOK:0.49488474241333574
CE_ROOK:0.49292068707712555
C_CENTERCONTROL:0.5008359767931988
C_DEVELOPPIECES:0.4986031622740956
C_MATERIAL:0.4924564367153651
C_MOVECOUNT:0.49401686913791115
C_PAWNMOVEMENT:0.5149809048256988
