ELO:1000
CE_PASSEDPAWNS:0.5
CE_PAWNWEAKNESSES:0.5
CE_PIECEACTIVITY:0.5171661253631871
CE_KINGPAWNSHIELD:0.5
CE_PIECECOORDINATION:0.5
CE_MATERIAL:0.5
CE_KINGSAFETY:0.5219067821162653
C_PIECESQUARETABLES:0.4975183530545227
C_MOBILITY:0.5
C_KINGSAFETY:0.5092345300523111
C_PAWNSTRUCTURE:0.5092443449776021
C_PIECECOORDINATION:0.48987118264836055
C_ROOKANDPAWNMOVEMENT:0.48987118264836055
C_CENTERCONTROL:0.49637468680228575
C_DEVELOPPIECES:0.5
C_MATERIAL:0.4958712676840111
C_MOVECOUNT:0.5
