ELO:723
CE_PASSEDPAWNS:0.6204328331094667
CE_PAWNWEAKNESSES:0.47714119277245826
CE_PIECEACTIVITY:0.4759825478453711
CE_KINGPAWNSHIELD:0.4873721621989989
CE_PIECECOORDINATION:0.500559539974148
CE_MATERIAL:0.4536768981795998
CE_KINGSAFETY:0.5
C_PIECESQUARETABLES:0.507692030000773
C_MOBILITY:0.43926044500289624
C_KINGSAFETY:0.4810939789902625
C_PAWNSTRUCTURE:0.4153526924535438
C_PIECECOORDINATION:0.506785615732801
C_ROOKANDPAWNMOVEMENT:0.506785615732801
C_CENTERCONTROL:0.5030453287318644
C_DEVELOPPIECES:0.5709156036640358
C_MATERIAL:0.5033089895581818
C_MOVECOUNT:0.5
