ELO:1000
CE_PASSEDPAWNS:0.5265567116395546
CE_PAWNWEAKNESSES:0.4856010172757075
CE_PIECEACTIVITY:0.4824772289658574
CE_KINGPAWNSHIELD:0.4952268819909526
CE_PIECECOORDINATION:0.5067081602338454
CE_MATERIAL:0.4698826667904945
CE_KINGSAFETY:0.48889640278838786
C_PIECESQUARETABLES:0.48059841914016316
C_MOBILITY:0.5152118493258923
C_KINGSAFETY:0.5010279880603065
C_PAWNSTRUCTURE:0.49320161453918265
C_PIECECOORDINATION:0.49486857821770697
C_ROOKANDPAWNMOVEMENT:0.49486857821770697
C_CENTERCONTROL:0.48361871134212453
C_DEVELOPPIECES:0.5001680694601561
C_MATERIAL:0.4960893599032332
