ELO:963
CE_PASSEDPAWNS:0.5371162390935945
CE_PAWNWEAKNESSES:0.5849354607503903
CE_PIECEACTIVITY:0.41921143603308714
CE_KINGPAWNSHIELD:0.4972813262398007
CE_PIECECOORDINATION:0.44210150164133255
CE_MATERIAL:0.47156737843530017
CE_KINGSAFETY:0.4814016283997885
C_PIECESQUARETABLES:0.4830516439219557
C_MOBILITY:0.42008315097972737
C_KINGSAFETY:0.4655767929740661
C_PAWNSTRUCTURE:0.4629940993456112
C_PIECECOORDINATION:0.4037685506899929
C_ROOKANDPAWNMOVEMENT:0.4037685506899929
C_CENTERCONTROL:0.48098570138795743
C_DEVELOPPIECES:0.45333804699036145
C_MATERIAL:0.49931579434714074
