ELO:760
CE_PASSEDPAWNS:0.6097765179747927
CE_PAWNWEAKNESSES:0.47050159537651826
CE_PIECEACTIVITY:0.4721870332445343
CE_KINGPAWNSHIELD:0.47761634152056204
CE_PIECECOORDINATION:0.47903187739974595
CE_MATERIAL:0.4451684138309406
CE_KINGSAFETY:0.4421395992466471
C_PIECESQUARETABLES:0.4222485781296756
C_MOBILITY:0.429887747716749
C_KINGSAFETY:0.48306980379725895
C_PAWNSTRUCTURE:0.42357468581344176
C_PIECECOORDINATION:0.5111943093148362
C_ROOKANDPAWNMOVEMENT:0.5111943093148362
C_CENTERCONTROL:0.5265624535846711
C_DEVELOPPIECES:0.5488743613374341
C_MATERIAL:0.502554944314843
C_MOVECOUNT:0.5
