ELO:810
CE_PASSEDPAWNS:0.6146429669157324
CE_PAWNWEAKNESSES:0.45426361458801984
CE_PIECEACTIVITY:0.4654465448525842
CE_KINGPAWNSHIELD:0.4833927073271803
CE_PIECECOORDINATION:0.5272840243042595
CE_MATERIAL:0.4755893754144192
CE_KINGSAFETY:0.4737167212425441
C_PIECESQUARETABLES:0.5118810877114254
C_MOBILITY:0.40740700461169393
C_KINGSAFETY:0.49142597011346995
C_PAWNSTRUCTURE:0.38769061164170043
C_PIECECOORDINATION:0.5526333735337372
C_ROOKANDPAWNMOVEMENT:0.5526333735337372
C_CENTERCONTROL:0.48789240001988066
C_DEVELOPPIECES:0.5726794828388914
C_MATERIAL:0.4946190050082111
C_MOVECOUNT:0.5
