ELO:1008
CE_PASSEDPAWNS:0.49189253080402395
CE_PAWNWEAKNESSES:0.47649945417332584
CE_PIECEACTIVITY:0.5
CE_KINGPAWNSHIELD:0.48561383184712487
CE_PIECECOORDINATION:0.5070347646763855
CE_MATERIAL:0.5073899340605328
CE_KINGSAFETY:0.5
C_PIECESQUARETABLES:0.5
C_MOBILITY:0.5063084724199888
C_KINGSAFETY:0.5004748845704408
C_PAWNSTRUCTURE:0.5
C_PIECECOORDINATION:0.502157753462646
C_ROOKANDPAWNMOVEMENT:0.502157753462646
C_CENTERCONTROL:0.5
C_DEVELOPPIECES:0.5057842214141596
C_MATERIAL:0.5
C_MOVECOUNT:0.5
