ELO:1000
CE_PASSEDPAWNS:0.48990630162588583
CE_PAWNWEAKNESSES:0.488770024922189
CE_PIECEACTIVITY:0.49990546037126155
CE_KINGPAWNSHIELD:0.4959892504299327
CE_PIECECOORDINATION:0.5094727777558019
CE_MATERIAL:0.4921624582057796
CE_KINGSAFETY:0.45952193994123175
C_PIECESQUARETABLES:0.5074666551331413
C_MOBILITY:0.5291851678967003
C_KINGSAFETY:0.5028487706057175
C_PAWNSTRUCTURE:0.5126964522711412
C_PIECECOORDINATION:0.5228493476999642
C_ROOKANDPAWNMOVEMENT:0.5228493476999642
C_CENTERCONTROL:0.48595257825709964
C_DEVELOPPIECES:0.4901712954373355
C_MATERIAL:0.48979964259247627
