ELO:995
CE_PASSEDPAWNS:0.5394125020247853
CE_PAWNWEAKNESSES:0.4917523790974564
CE_PIECEACTIVITY:0.43683439045376554
CE_KINGPAWNSHIELD:0.5342163056301819
CE_PIECECOORDINATION:0.4984115432219836
CE_MATERIAL:0.49983597826186577
CE_KINGSAFETY:0.501860130045168
C_PIECESQUARETABLES:0.5063030025127199
C_MOBILITY:0.5894216462468284
C_KINGSAFETY:0.49145436213863086
C_PAWNSTRUCTURE:0.4524131270882404
C_PIECECOORDINATION:0.40716984884682267
C_ROOKANDPAWNMOVEMENT:0.40716984884682267
C_CENTERCONTROL:0.5044951065678912
C_DEVELOPPIECES:0.47188104331704306
C_MATERIAL:0.5092005299583588
