ELO:973
CE_PASSEDPAWNS:0.4947934119824448
CE_PAWNWEAKNESSES:0.5346457042596494
CE_PIECEACTIVITY:0.5014982066153244
CE_KINGPAWNSHIELD:0.4959310865024544
CE_PIECECOORDINATION:0.4981172965173857
CE_MATERIAL:0.514540886768564
CE_KINGSAFETY:0.5
C_PIECESQUARETABLES:0.5
C_MOBILITY:0.49688152101163174
C_KINGSAFETY:0.5149615272511102
C_PAWNSTRUCTURE:0.503354724617491
C_PIECECOORDINATION:0.5295345180309239
C_ROOK:0.4997339090853664
CE_ROOK:0.4823673753487028
C_CENTERCONTROL:0.48992855874121416
C_DEVELOPPIECES:0.5102365595397254
C_MATERIAL:0.49782157232683405
C_MOVECOUNT:0.4815710890002079
C_PAWNMOVEMENT:0.5202937903576292
