ELO:1005
CE_PASSEDPAWNS:0.5060846909594365
CE_PAWNWEAKNESSES:0.4992455515426057
CE_PIECEACTIVITY:0.5068152351614797
CE_KINGPAWNSHIELD:0.5
CE_PIECECOORDINATION:0.5
CE_MATERIAL:0.4912356351181324
CE_KINGSAFETY:0.50776432840339
C_PIECESQUARETABLES:0.5
C_MOBILITY:0.5
C_KINGSAFETY:0.4916128297772204
C_PAWNSTRUCTURE:0.5087299218360634
C_PIECECOORDINATION:0.4978315537492901
C_ROOKANDPAWNMOVEMENT:0.4978315537492901
C_CENTERCONTROL:0.4967804538596841
C_DEVELOPPIECES:0.49075243691425025
C_MATERIAL:0.5
C_MOVECOUNT:0.5
