ELO:990
CE_PASSEDPAWNS:0.5159188663673986
CE_PAWNWEAKNESSES:0.4648696230673422
CE_PIECEACTIVITY:0.5256534381721791
CE_KINGPAWNSHIELD:0.542603462243025
CE_PIECECOORDINATION:0.4846973356516632
CE_MATERIAL:0.4694181679613265
CE_KINGSAFETY:0.509526588700296
C_PIECESQUARETABLES:0.507224796739523
C_MOBILITY:0.5836313903895851
C_KINGSAFETY:0.5313655054394018
C_PAWNSTRUCTURE:0.46054427260367564
C_PIECECOORDINATION:0.49481266204964397
C_ROOKANDPAWNMOVEMENT:0.49481266204964397
C_CENTERCONTROL:0.42067710686507687
C_DEVELOPPIECES:0.565554476162531
C_MATERIAL:0.6234991122067586
