ELO:924
CE_PASSEDPAWNS:0.5099168831844144
CE_PAWNWEAKNESSES:0.4277182217180777
CE_PIECEACTIVITY:0.4760509432796562
CE_KINGPAWNSHIELD:0.6119366318439015
CE_PIECECOORDINATION:0.38248595527371193
CE_MATERIAL:0.4888904547026571
CE_KINGSAFETY:0.4924591289222783
C_PIECESQUARETABLES:0.4742948139205359
C_MOBILITY:0.6025255287023694
C_KINGSAFETY:0.5356865885225232
C_PAWNSTRUCTURE:0.5598050158080751
C_PIECECOORDINATION:0.4080684504955128
C_ROOKANDPAWNMOVEMENT:0.4080684504955128
C_CENTERCONTROL:0.5604098114617772
C_DEVELOPPIECES:0.4284172439224418
C_MATERIAL:0.45172054197132105
