ELO:930
CE_PASSEDPAWNS:0.5033860995963828
CE_PAWNWEAKNESSES:0.4878235631802032
CE_PIECEACTIVITY:0.4957545901805931
CE_KINGPAWNSHIELD:0.5102518477056084
CE_PIECECOORDINATION:0.5261382521989393
CE_MATERIAL:0.4824413669781964
CE_KINGSAFETY:0.5327657329359882
C_PIECESQUARETABLES:0.49967358414640944
C_MOBILITY:0.5118426330821808
C_KINGSAFETY:0.49563648677694655
C_PAWNSTRUCTURE:0.5160557916154306
C_PIECECOORDINATION:0.5046584924906405
C_ROOKANDPAWNMOVEMENT:0.5046584924906405
C_CENTERCONTROL:0.5104396946392303
C_DEVELOPPIECES:0.518463309310972
C_MATERIAL:0.5027531286841906
C_MOVECOUNT:0.5133227563330288
