ELO:873
CE_PASSEDPAWNS:0.5179712722773345
CE_PAWNWEAKNESSES:0.5228995838408899
CE_PIECEACTIVITY:0.4569848162111556
CE_KINGPAWNSHIELD:0.4994763905310776
CE_PIECECOORDINATION:0.4595122488140839
CE_MATERIAL:0.4836402305997132
CE_KINGSAFETY:0.4797125083179814
C_PIECESQUARETABLES:0.4756527795590242
C_MOBILITY:0.42724244053107935
C_KINGSAFETY:0.48086386343580545
C_PAWNSTRUCTURE:0.43339645209988614
C_PIECECOORDINATION:0.5050253910073867
C_ROOKANDPAWNMOVEMENT:0.5050253910073867
C_CENTERCONTROL:0.5060437908344446
C_DEVELOPPIECES:0.5056223918337466
C_MATERIAL:0.4862765264123553
C_MOVECOUNT:0.5
