ELO:931
CE_PASSEDPAWNS:0.5113047853983039
CE_PAWNWEAKNESSES:0.6168975921432789
CE_PIECEACTIVITY:0.3865978272070222
CE_KINGPAWNSHIELD:0.5087909847154406
CE_PIECECOORDINATION:0.47847055741052513
CE_MATERIAL:0.4711698818123567
CE_KINGSAFETY:0.486193561290906
C_PIECESQUARETABLES:0.49526144830418123
C_MOBILITY:0.3934592811397903
C_KINGSAFETY:0.4827101325447389
C_PAWNSTRUCTURE:0.5110448999539307
C_PIECECOORDINATION:0.39706580112883066
C_ROOKANDPAWNMOVEMENT:0.39706580112883066
C_CENTERCONTROL:0.48472346843546044
C_DEVELOPPIECES:0.47015258040867886
C_MATERIAL:0.49827816168683964
