ELO:960
CE_PASSEDPAWNS:0.48835220853031164
CE_PAWNWEAKNESSES:0.4487980246721594
CE_PIECEACTIVITY:0.46437162908217805
CE_KINGPAWNSHIELD:0.5851393188043931
CE_PIECECOORDINATION:0.4739176271848266
CE_MATERIAL:0.47594358836310124
CE_KINGSAFETY:0.4765629345040092
C_PIECESQUARETABLES:0.515312363085429
C_MOBILITY:0.5324600954954365
C_KINGSAFETY:0.5213818760404462
C_PAWNSTRUCTURE:0.4928488654382153
C_PIECECOORDINATION:0.41313720388718184
C_ROOKANDPAWNMOVEMENT:0.41313720388718184
C_CENTERCONTROL:0.5831968104795481
C_DEVELOPPIECES:0.41872211445347746
C_MATERIAL:0.4948724322987625
