ELO:1000
CE_PASSEDPAWNS:0.5337989856429951
CE_PAWNWEAKNESSES:0.4876200305149634
CE_PIECEACTIVITY:0.47921128933706975
CE_KINGPAWNSHIELD:0.4701033433609059
CE_PIECECOORDINATION:0.49478059920297934
CE_MATERIAL:0.41317963947066694
CE_KINGSAFETY:0.48467783887634336
C_PIECESQUARETABLES:0.4834174764232275
C_MOBILITY:0.5434958495172542
C_KINGSAFETY:0.48805064622042066
C_PAWNSTRUCTURE:0.49495408631094784
C_PIECECOORDINATION:0.48209029984573687
C_ROOKANDPAWNMOVEMENT:0.48209029984573687
C_CENTERCONTROL:0.4895926259451131
C_DEVELOPPIECES:0.4873094644896151
C_MATERIAL:0.5046389325790973
