ELO:926
CE_PASSEDPAWNS:0.5889150062892243
CE_PAWNWEAKNESSES:0.5862320488089731
CE_PIECEACTIVITY:0.36678495432413427
CE_KINGPAWNSHIELD:0.4066357027154721
CE_PIECECOORDINATION:0.5874987940645626
CE_MATERIAL:0.46539835683513586
CE_KINGSAFETY:0.5034838306165687
C_PIECESQUARETABLES:0.5668997934362252
C_MOBILITY:0.46028383536326406
C_KINGSAFETY:0.5174669565977985
C_PAWNSTRUCTURE:0.4249845593566926
C_PIECECOORDINATION:0.43462069365739275
C_ROOKANDPAWNMOVEMENT:0.43462069365739275
C_CENTERCONTROL:0.5327669299452197
C_DEVELOPPIECES:0.558915717866266
C_MATERIAL:0.5143500187461767
