ELO:973
CE_PASSEDPAWNS:0.4742436328663964
CE_PAWNWEAKNESSES:0.4967705660784614
CE_PIECEACTIVITY:0.4934048980530621
CE_KINGPAWNSHIELD:0.4987145927314319
CE_PIECECOORDINATION:0.4904576259468556
CE_MATERIAL:0.5022992900921144
CE_KINGSAFETY:0.5
C_PIECESQUARETABLES:0.5
C_MOBILITY:0.5401552560760017
C_KINGSAFETY:0.49944257939496456
C_PAWNSTRUCTURE:0.5197944521444902
C_PIECECOORDINATION:0.5040207188215662
C_ROOK:0.5512659675206475
CE_ROOK:0.5094073875889827
C_CENTERCONTROL:0.4883818181296753
C_DEVELOPPIECES:0.527339437508028
C_MATERIAL:0.5076142758481443
C_MOVECOUNT:0.5016771726414926
C_PAWNMOVEMENT:0.5211486333545423
