ELO:964
CE_PASSEDPAWNS:0.467394232716842
CE_PAWNWEAKNESSES:0.44621196966731114
CE_PIECEACTIVITY:0.461371089430196
CE_KINGPAWNSHIELD:0.5901162466032686
CE_PIECECOORDINATION:0.46198829799654656
CE_MATERIAL:0.44995947523625046
CE_KINGSAFETY:0.48209133552566735
C_PIECESQUARETABLES:0.5182045705421717
C_MOBILITY:0.581601147212714
C_KINGSAFETY:0.5447485750490113
C_PAWNSTRUCTURE:0.5225582722402613
C_PIECECOORDINATION:0.40410720917497983
C_ROOKANDPAWNMOVEMENT:0.40410720917497983
C_CENTERCONTROL:0.5912035909033658
C_DEVELOPPIECES:0.44846069693704593
C_MATERIAL:0.48472508881372156
