ELO:1000
CE_PASSEDPAWNS:0.5362551685904008
CE_PAWNWEAKNESSES:0.49771824183678937
CE_PIECEACTIVITY:0.4790892503121108
CE_KINGPAWNSHIELD:0.4786440613595309
CE_PIECECOORDINATION:0.4784894500649311
CE_MATERIAL:0.4025822201272442
CE_KINGSAFETY:0.4990571501276999
C_PIECESQUARETABLES:0.44410755410868824
C_MOBILITY:0.5500692873510258
C_KINGSAFETY:0.48630605674543953
C_PAWNSTRUCTURE:0.518268059048616
C_PIECECOORDINATION:0.4725763055746589
C_ROOKANDPAWNMOVEMENT:0.4725763055746589
C_CENTERCONTROL:0.47355604060660583
C_DEVELOPPIECES:0.4822777415286533
C_MATERIAL:0.510232365600933
