ELO:990
CE_PASSEDPAWNS:0.488121413090671
CE_PAWNWEAKNESSES:0.5
CE_PIECEACTIVITY:0.498315761681583
CE_KINGPAWNSHIELD:0.5206070161869611
CE_PIECECOORDINATION:0.5059391305617968
CE_MATERIAL:0.4923683745687393
CE_KINGSAFETY:0.5
C_PIECESQUARETABLES:0.4956438391740679
C_MOBILITY:0.49205449306703236
C_KINGSAFETY:0.5050171563254398
C_PAWNSTRUCTURE:0.5
C_PIECECOORDINATION:0.49587068532701295
C_ROOKANDPAWNMOVEMENT:0.49587068532701295
C_CENTERCONTROL:0.49244344712161986
C_DEVELOPPIECES:0.504927919522452
C_MATERIAL:0.49714114085077044
C_MOVECOUNT:0.5
