ELO:845
CE_PASSEDPAWNS:0.48834131490707133
CE_PAWNWEAKNESSES:0.531322227563035
CE_PIECEACTIVITY:0.4700188088960727
CE_KINGPAWNSHIELD:0.5009062753939686
CE_PIECECOORDINATION:0.4892896142317041
CE_MATERIAL:0.5230837620035027
CE_KINGSAFETY:0.4856890910581651
C_PIECESQUARETABLES:0.5001165345908657
C_MOBILITY:0.4348227511218559
C_KINGSAFETY:0.4854438571714973
C_PAWNSTRUCTURE:0.44090089139388705
C_PIECECOORDINATION:0.5284283071074012
C_ROOKANDPAWNMOVEMENT:0.5284283071074012
C_CENTERCONTROL:0.5123972126071036
C_DEVELOPPIECES:0.47510656508517957
C_MATERIAL:0.4937860100354942
C_MOVECOUNT:0.5
