ELO:1000
CE_PASSEDPAWNS:0.5073375557517342
CE_PAWNWEAKNESSES:0.5102081940546859
CE_PIECEACTIVITY:0.49120588825556116
CE_KINGPAWNSHIELD:0.4881957161411397
CE_PIECECOORDINATION:0.5046062370822825
CE_MATERIAL:0.4920723158273
CE_KINGSAFETY:0.5
C_PIECESQUARETABLES:0.4986280955874678
C_MOBILITY:0.5154371875782408
C_KINGSAFETY:0.5076059562263181
C_PAWNSTRUCTURE:0.5
C_PIECECOORDINATION:0.502099049087154
C_ROOKANDPAWNMOVEMENT:0.502099049087154
C_CENTERCONTROL:0.5033505666916919
C_DEVELOPPIECES:0.5
C_MATERIAL:0.4994576713912439
