ELO:943
CE_PASSEDPAWNS:0.5389513511114039
CE_PAWNWEAKNESSES:0.4836498564776919
CE_PIECEACTIVITY:0.5216679185271282
CE_KINGPAWNSHIELD:0.4953108867953518
CE_PIECECOORDINATION:0.5153368311787232
CE_MATERIAL:0.51508171275257
CE_KINGSAFETY:0.5034249874992773
C_PIECESQUARETABLES:0.503464618487846
C_MOBILITY:0.45826816512203056
C_KINGSAFETY:0.4962982248421862
C_PAWNSTRUCTURE:0.5237834326340574
C_PIECECOORDINATION:0.5520795637400888
C_ROOKANDPAWNMOVEMENT:0.5520795637400888
C_CENTERCONTROL:0.4894935125377631
C_DEVELOPPIECES:0.47788434662173923
C_MATERIAL:0.4993646193998643
C_MOVECOUNT:0.5
