ELO:990
CE_PASSEDPAWNS:0.5234343456290178
CE_PAWNWEAKNESSES:0.47898246938716293
CE_PIECEACTIVITY:0.5256534381721791
CE_KINGPAWNSHIELD:0.5400319081041749
CE_PIECECOORDINATION:0.4807002738433129
CE_MATERIAL:0.46670890985477814
CE_KINGSAFETY:0.5042539772469217
C_PIECESQUARETABLES:0.5003143328534182
C_MOBILITY:0.5775524317986406
C_KINGSAFETY:0.5284737786428767
C_PAWNSTRUCTURE:0.46054427260367564
C_PIECECOORDINATION:0.5037633198394866
C_ROOKANDPAWNMOVEMENT:0.5037633198394866
C_CENTERCONTROL:0.42894235410171383
C_DEVELOPPIECES:0.4354212939766876
C_MATERIAL:0.6119420364375283
