ELO:944
CE_PASSEDPAWNS:0.5006914600410335
CE_PAWNWEAKNESSES:0.6237319388166923
CE_PIECEACTIVITY:0.39901794656038225
CE_KINGPAWNSHIELD:0.5007927585705862
CE_PIECECOORDINATION:0.46708467546800464
CE_MATERIAL:0.4714619987892216
CE_KINGSAFETY:0.4877528574411437
C_PIECESQUARETABLES:0.49362137518772636
C_MOBILITY:0.41500125828315837
C_KINGSAFETY:0.4827101325447389
C_PAWNSTRUCTURE:0.5133815592366269
C_PIECECOORDINATION:0.4204671847905227
C_ROOKANDPAWNMOVEMENT:0.4204671847905227
C_CENTERCONTROL:0.4988212973341857
C_DEVELOPPIECES:0.4726377963803435
C_MATERIAL:0.5025069686367933
