ELO:991
CE_PASSEDPAWNS:0.49647086031998666
CE_PAWNWEAKNESSES:0.48984545094626863
CE_PIECEACTIVITY:0.5079698041967218
CE_KINGPAWNSHIELD:0.4992331672992017
CE_PIECECOORDINATION:0.5085881220783863
CE_MATERIAL:0.505528267688606
CE_KINGSAFETY:0.5
C_PIECESQUARETABLES:0.5
C_MOBILITY:0.5
C_KINGSAFETY:0.4916128297772204
C_PAWNSTRUCTURE:0.5
C_PIECECOORDINATION:0.4978315537492901
C_ROOKANDPAWNMOVEMENT:0.4978315537492901
C_CENTERCONTROL:0.49437606133934847
C_DEVELOPPIECES:0.511097129087071
C_MATERIAL:0.5
C_MOVECOUNT:0.5017931928239497
