ELO:1000
CE_PASSEDPAWNS:0.5207862140384897
CE_PAWNWEAKNESSES:0.4467794888864866
CE_PIECEACTIVITY:0.48100070903952546
CE_KINGPAWNSHIELD:0.4794030035843933
CE_PIECECOORDINATION:0.4924691807364982
CE_MATERIAL:0.46923673391686516
CE_KINGSAFETY:0.5096658741173662
C_PIECESQUARETABLES:0.5226161819997341
C_MOBILITY:0.4817501011797169
C_KINGSAFETY:0.48226678184294886
C_PAWNSTRUCTURE:0.5008255326301263
C_PIECECOORDINATION:0.5022010472509536
C_ROOKANDPAWNMOVEMENT:0.5022010472509536
C_CENTERCONTROL:0.4923457582419863
C_DEVELOPPIECES:0.4388734689143535
C_MATERIAL:0.4576297270802813
