ELO:973
CE_PASSEDPAWNS:0.5502278708513866
CE_PAWNWEAKNESSES:0.4641101569821681
CE_PIECEACTIVITY:0.48726435832388126
CE_KINGPAWNSHIELD:0.5284855316068863
CE_PIECECOORDINATION:0.49740291160063493
CE_MATERIAL:0.5003104031973215
CE_KINGSAFETY:0.5
C_PIECESQUARETABLES:0.4960999473516587
C_MOBILITY:0.5003931626113698
C_KINGSAFETY:0.5497011662201488
C_PAWNSTRUCTURE:0.503354724617491
C_PIECECOORDINATION:0.5295345180309239
C_ROOK:0.505499042502245
CE_ROOK:0.49880376749549965
C_CENTERCONTROL:0.5125384498280412
C_DEVELOPPIECES:0.5181817617670785
C_MATERIAL:0.4844678741815801
C_MOVECOUNT:0.4718287098958511
C_PAWNMOVEMENT:0.48216575057900457
