ELO:949
CE_PASSEDPAWNS:0.5293320121702347
CE_PAWNWEAKNESSES:0.47653422528142725
CE_PIECEACTIVITY:0.49952037748392586
CE_KINGPAWNSHIELD:0.49840602009779206
CE_PIECECOORDINATION:0.5191291966834797
CE_MATERIAL:0.5179354087598906
CE_KINGSAFETY:0.4982822153941927
C_PIECESQUARETABLES:0.503464618487846
C_MOBILITY:0.4447153858296667
C_KINGSAFETY:0.49723763830617934
C_PAWNSTRUCTURE:0.5278244242418023
C_PIECECOORDINATION:0.5461353587190856
C_ROOKANDPAWNMOVEMENT:0.5461353587190856
C_CENTERCONTROL:0.49855598523740924
C_DEVELOPPIECES:0.48049192407969676
C_MATERIAL:0.4959016372538469
C_MOVECOUNT:0.5
