ELO:1000
CE_PASSEDPAWNS:0.5265309874319549
CE_PAWNWEAKNESSES:0.48306754379937306
CE_PIECEACTIVITY:0.48230286619580015
CE_KINGPAWNSHIELD:0.4764290873645569
CE_PIECECOORDINATION:0.49826670478228063
CE_MATERIAL:0.4211520266994564
CE_KINGSAFETY:0.4950812305822412
C_PIECESQUARETABLES:0.48621384940727363
C_MOBILITY:0.5337135288486455
C_KINGSAFETY:0.48805064622042066
C_PAWNSTRUCTURE:0.48521805692894077
C_PIECECOORDINATION:0.48137675425622267
C_ROOKANDPAWNMOVEMENT:0.48137675425622267
C_CENTERCONTROL:0.4844548402283659
C_DEVELOPPIECES:0.4798765477020037
C_MATERIAL:0.5090903690541146
