ELO:752
CE_PASSEDPAWNS:0.6188001453506649
CE_PAWNWEAKNESSES:0.4626467688531998
CE_PIECEACTIVITY:0.47295706380323593
CE_KINGPAWNSHIELD:0.48188621753738087
CE_PIECECOORDINATION:0.492235718917131
CE_MATERIAL:0.4325265655742678
CE_KINGSAFETY:0.4512944432484347
C_PIECESQUARETABLES:0.43485327217078973
C_MOBILITY:0.42019891849459445
C_KINGSAFETY:0.4941721936308171
C_PAWNSTRUCTURE:0.41471117745578734
C_PIECECOORDINATION:0.5151097357282536
C_ROOKANDPAWNMOVEMENT:0.5151097357282536
C_CENTERCONTROL:0.502912045854806
C_DEVELOPPIECES:0.5704988141563313
C_MATERIAL:0.5119803928673734
C_MOVECOUNT:0.5
