ELO:1004
CE_PASSEDPAWNS:0.488121413090671
CE_PAWNWEAKNESSES:0.5
CE_PIECEACTIVITY:0.4978425629372646
CE_KINGPAWNSHIELD:0.5206070161869611
CE_PIECECOORDINATION:0.5059391305617968
CE_MATERIAL:0.4923683745687393
CE_KINGSAFETY:0.5
C_PIECESQUARETABLES:0.5
C_MOBILITY:0.5043959771024168
C_KINGSAFETY:0.48599500802562967
C_PAWNSTRUCTURE:0.5
C_PIECECOORDINATION:0.49587068532701295
C_ROOKANDPAWNMOVEMENT:0.49587068532701295
C_CENTERCONTROL:0.5102736170504312
C_DEVELOPPIECES:0.504927919522452
C_MATERIAL:0.5126704220386527
C_MOVECOUNT:0.5
