ELO:987
CE_PASSEDPAWNS:0.5
CE_PAWNWEAKNESSES:0.5122852001506084
CE_PIECEACTIVITY:0.5171238571756287
CE_KINGPAWNSHIELD:0.4875869035828816
CE_PIECECOORDINATION:0.49835375121950637
CE_MATERIAL:0.5104171711701623
CE_KINGSAFETY:0.5189150386144907
C_PIECESQUARETABLES:0.5111192721713179
C_MOBILITY:0.49117838626718835
C_KINGSAFETY:0.5
C_PAWNSTRUCTURE:0.505461821572751
C_PIECECOORDINATION:0.49877490957086473
C_ROOKANDPAWNMOVEMENT:0.49877490957086473
C_CENTERCONTROL:0.5
C_DEVELOPPIECES:0.5
C_MATERIAL:0.5071374129570594
