ELO:912
CE_PASSEDPAWNS:0.5379546322675635
CE_PAWNWEAKNESSES:0.5765714124075844
CE_PIECEACTIVITY:0.4002492331826669
CE_KINGPAWNSHIELD:0.4874212455582427
CE_PIECECOORDINATION:0.44703250594908456
CE_MATERIAL:0.4556346340094472
CE_KINGSAFETY:0.49298957427035384
C_PIECESQUARETABLES:0.47626496611443037
C_MOBILITY:0.41421892202229416
C_KINGSAFETY:0.4642710894787276
C_PAWNSTRUCTURE:0.4851112892905854
C_PIECECOORDINATION:0.39797462620214424
C_ROOKANDPAWNMOVEMENT:0.39797462620214424
C_CENTERCONTROL:0.4673830358274383
C_DEVELOPPIECES:0.4811874597435893
C_MATERIAL:0.49026169934708985
