ELO:973
CE_PASSEDPAWNS:0.5030127090870645
CE_PAWNWEAKNESSES:0.5105860448868877
CE_PIECEACTIVITY:0.5111778538660599
CE_KINGPAWNSHIELD:0.4987145927314319
CE_PIECECOORDINATION:0.5198920027921827
CE_MATERIAL:0.514540886768564
CE_KINGSAFETY:0.5
C_PIECESQUARETABLES:0.5
C_MOBILITY:0.5290514454406589
C_KINGSAFETY:0.49944257939496456
C_PAWNSTRUCTURE:0.503354724617491
C_PIECECOORDINATION:0.5377894460590339
C_ROOK:0.5033733155182252
CE_ROOK:0.5061721061828043
C_CENTERCONTROL:0.5301289448011852
C_DEVELOPPIECES:0.5161351633370452
C_MATERIAL:0.49943692008624146
C_MOVECOUNT:0.5016771726414926
C_PAWNMOVEMENT:0.5286183012937419
