ELO:954
CE_PASSEDPAWNS:0.4718258774522855
CE_PAWNWEAKNESSES:0.5293209529547096
CE_PIECEACTIVITY:0.4763805645709616
CE_KINGPAWNSHIELD:0.48958275365061743
CE_PIECECOORDINATION:0.44220452987840203
CE_MATERIAL:0.5249554312894099
CE_KINGSAFETY:0.5097799440971186
C_PIECESQUARETABLES:0.4990911748449302
C_MOBILITY:0.5163981377001972
C_KINGSAFETY:0.5076555064174522
C_PAWNSTRUCTURE:0.5008915029133386
C_PIECECOORDINATION:0.48823489902272726
C_ROOK:0.5024816348168829
CE_ROOK:0.5121987717541118
C_CENTERCONTROL:0.5207467435084387
C_DEVELOPPIECES:0.4881272748747706
C_MATERIAL:0.5287521000027414
C_MOVECOUNT:0.4967699221093499
C_PAWNMOVEMENT:0.5048616040621616
