ELO:934
CE_PASSEDPAWNS:0.509506731074822
CE_PAWNWEAKNESSES:0.4666851702624995
CE_PIECEACTIVITY:0.39935669403705376
CE_KINGPAWNSHIELD:0.48217332418131137
CE_PIECECOORDINATION:0.42057690018143934
CE_MATERIAL:0.481073413898058
CE_KINGSAFETY:0.49101111352665594
C_PIECESQUARETABLES:0.5003653964056478
C_MOBILITY:0.5666981847937794
C_KINGSAFETY:0.3601006906878857
C_PAWNSTRUCTURE:0.4354951498887348
C_PIECECOORDINATION:0.4914625181786305
C_ROOKANDPAWNMOVEMENT:0.4914625181786305
C_CENTERCONTROL:0.5330404869586838
C_DEVELOPPIECES:0.5234750631789948
C_MATERIAL:0.4084504185531475
