ELO:760
CE_PASSEDPAWNS:0.4100489442784702
CE_PAWNWEAKNESSES:0.5526222244888446
CE_PIECEACTIVITY:0.4549670936041459
CE_KINGPAWNSHIELD:0.5399086611998032
CE_PIECECOORDINATION:0.49966894640610476
CE_MATERIAL:0.5022992397840793
CE_KINGSAFETY:0.4843853617580363
C_PIECESQUARETABLES:0.4534093526579033
C_MOBILITY:0.5762752670980037
C_KINGSAFETY:0.46763429171400195
C_PAWNSTRUCTURE:0.4762017421336055
C_PIECECOORDINATION:0.5110567130330452
C_ROOKANDPAWNMOVEMENT:0.5110567130330452
C_CENTERCONTROL:0.5438924587220174
C_DEVELOPPIECES:0.4438588099520012
C_MATERIAL:0.4511429393171643
C_MOVECOUNT:0.5
