ELO:968
CE_PASSEDPAWNS:0.485302243943814
CE_PAWNWEAKNESSES:0.5169967939863241
CE_PIECEACTIVITY:0.4905961038764457
CE_KINGPAWNSHIELD:0.5044102318632351
CE_PIECECOORDINATION:0.5062883881505216
CE_MATERIAL:0.5056903981855994
CE_KINGSAFETY:0.4921281995689973
C_PIECESQUARETABLES:0.5
C_MOBILITY:0.4919707733764589
C_KINGSAFETY:0.4966268141186767
C_PAWNSTRUCTURE:0.48316915680269035
C_PIECECOORDINATION:0.5139176407937316
C_ROOKANDPAWNMOVEMENT:0.5139176407937316
C_CENTERCONTROL:0.4799269662900621
C_DEVELOPPIECES:0.4988475539992221
C_MATERIAL:0.4969355282061525
C_MOVECOUNT:0.49952398721588476
