ELO:814
CE_PASSEDPAWNS:0.4774385934340436
CE_PAWNWEAKNESSES:0.49043866399863617
CE_PIECEACTIVITY:0.44764530514545176
CE_KINGPAWNSHIELD:0.5027345558658315
CE_PIECECOORDINATION:0.4964568588099934
CE_MATERIAL:0.424800064263463
CE_KINGSAFETY:0.4834879599962054
C_PIECESQUARETABLES:0.517384862966505
C_MOBILITY:0.5341473575177446
C_KINGSAFETY:0.4680574763464198
C_PAWNSTRUCTURE:0.4976248144799437
C_PIECECOORDINATION:0.5543420440708567
C_ROOKANDPAWNMOVEMENT:0.5543420440708567
C_CENTERCONTROL:0.4639211510649403
C_DEVELOPPIECES:0.5052882005184152
C_MATERIAL:0.5247634603265859
C_MOVECOUNT:0.4446356460281277
