ELO:1000
CE_PASSEDPAWNS:0.4931214250460293
CE_PAWNWEAKNESSES:0.49089666631624174
CE_PIECEACTIVITY:0.507773404367518
CE_KINGPAWNSHIELD:0.5242036019207565
CE_PIECECOORDINATION:0.5182091022816279
CE_MATERIAL:0.5120188944286312
CE_KINGSAFETY:0.4976907182157033
C_PIECESQUARETABLES:0.5101046764396548
C_MOBILITY:0.5199099444471402
C_KINGSAFETY:0.5000406005248375
C_PAWNSTRUCTURE:0.5097024006830343
C_PIECECOORDINATION:0.47158086251797815
C_ROOKANDPAWNMOVEMENT:0.47158086251797815
C_CENTERCONTROL:0.4911792826072026
C_DEVELOPPIECES:0.4772685601907635
C_MATERIAL:0.47462846825630106
