ELO:737
CE_PASSEDPAWNS:0.3909702521720047
CE_PAWNWEAKNESSES:0.5339727645816732
CE_PIECEACTIVITY:0.47307619127106376
CE_KINGPAWNSHIELD:0.5284841950886158
CE_PIECECOORDINATION:0.49266552814807874
CE_MATERIAL:0.510813519137051
CE_KINGSAFETY:0.476099086503418
C_PIECESQUARETABLES:0.450205959313455
C_MOBILITY:0.5720516277955936
C_KINGSAFETY:0.46961523708091035
C_PAWNSTRUCTURE:0.4851901892743852
C_PIECECOORDINATION:0.5059286400421742
C_ROOKANDPAWNMOVEMENT:0.5059286400421742
C_CENTERCONTROL:0.5525648460534748
C_DEVELOPPIECES:0.4640192801266238
C_MATERIAL:0.4619038430710272
C_MOVECOUNT:0.5194222014166797
