ELO:987
CE_PASSEDPAWNS:0.5277288571395565
CE_PAWNWEAKNESSES:0.4747266971979074
CE_PIECEACTIVITY:0.5069858900922309
CE_KINGPAWNSHIELD:0.4969112771905379
CE_PIECECOORDINATION:0.4846973356516632
CE_MATERIAL:0.41080140692405576
CE_KINGSAFETY:0.5042539772469217
C_PIECESQUARETABLES:0.4893014343441829
C_MOBILITY:0.49776475317986923
C_KINGSAFETY:0.5583413245412662
C_PAWNSTRUCTURE:0.45446556840731916
C_PIECECOORDINATION:0.49481266204964397
C_ROOKANDPAWNMOVEMENT:0.49481266204964397
C_CENTERCONTROL:0.42894235410171383
C_DEVELOPPIECES:0.5443291495649005
C_MATERIAL:0.5866536899795093
