ELO:1011
CE_PASSEDPAWNS:0.5
CE_PAWNWEAKNESSES:0.5087460309486898
CE_PIECEACTIVITY:0.48993629291335744
CE_KINGPAWNSHIELD:0.5071624388166793
CE_PIECECOORDINATION:0.5043201775370626
CE_MATERIAL:0.5030031495661215
CE_KINGSAFETY:0.5
C_PIECESQUARETABLES:0.5098105311946773
C_MOBILITY:0.5043238498953178
C_KINGSAFETY:0.5027187354314083
C_PAWNSTRUCTURE:0.5
C_PIECECOORDINATION:0.5
C_ROOKANDPAWNMOVEMENT:0.5
C_CENTERCONTROL:0.4910044445806746
C_DEVELOPPIECES:0.48633726703025476
C_MATERIAL:0.5083912547707679
