ELO:935
CE_PASSEDPAWNS:0.49360859419625663
CE_PAWNWEAKNESSES:0.5404617130481881
CE_PIECEACTIVITY:0.4710981680119308
CE_KINGPAWNSHIELD:0.4956644331356059
CE_PIECECOORDINATION:0.46359041335073525
CE_MATERIAL:0.5243393598107657
CE_KINGSAFETY:0.5133806979403951
C_PIECESQUARETABLES:0.49762584236065105
C_MOBILITY:0.5072034639447479
C_KINGSAFETY:0.5138684035151863
C_PAWNSTRUCTURE:0.5209104235769523
C_PIECECOORDINATION:0.4754779717336328
C_ROOK:0.4711019203183777
CE_ROOK:0.4909369517774218
C_CENTERCONTROL:0.5091227977356158
C_DEVELOPPIECES:0.5147864770586683
C_MATERIAL:0.5713021980939512
C_MOVECOUNT:0.4925260109924169
C_PAWNMOVEMENT:0.4815070948325881
