ELO:920
CE_PASSEDPAWNS:0.48375869447829045
CE_PAWNWEAKNESSES:0.554835632677478
CE_PIECEACTIVITY:0.459774978434244
CE_KINGPAWNSHIELD:0.4956644331356059
CE_PIECECOORDINATION:0.48413909384718207
CE_MATERIAL:0.5339503351658349
CE_KINGSAFETY:0.5109148128260743
C_PIECESQUARETABLES:0.4963812361579931
C_MOBILITY:0.5244912423960385
C_KINGSAFETY:0.515913927804173
C_PAWNSTRUCTURE:0.5292496367759331
C_PIECECOORDINATION:0.47621038143923605
C_ROOK:0.49366041469729816
CE_ROOK:0.5135444906734555
C_CENTERCONTROL:0.5191989800098247
C_DEVELOPPIECES:0.5064080156408968
C_MATERIAL:0.567691162980298
C_MOVECOUNT:0.4781434167408626
C_PAWNMOVEMENT:0.468684652619634
