ELO:938
CE_PASSEDPAWNS:0.5236173540444562
CE_PAWNWEAKNESSES:0.46022125111824264
CE_PIECEACTIVITY:0.38901588931411285
CE_KINGPAWNSHIELD:0.49906613146910883
CE_PIECECOORDINATION:0.4286679866362873
CE_MATERIAL:0.4943115051161558
CE_KINGSAFETY:0.48316376549244905
C_PIECESQUARETABLES:0.4989906267513628
C_MOBILITY:0.5666981847937794
C_KINGSAFETY:0.3446198172759306
C_PAWNSTRUCTURE:0.4430580420361927
C_PIECECOORDINATION:0.49718728255165906
C_ROOKANDPAWNMOVEMENT:0.49718728255165906
C_CENTERCONTROL:0.5303732348411802
C_DEVELOPPIECES:0.539364230560094
C_MATERIAL:0.4283112008003573
