ELO:913
CE_PASSEDPAWNS:0.49201892058840746
CE_PAWNWEAKNESSES:0.5331661193994198
CE_PIECEACTIVITY:0.4614114438726595
CE_KINGPAWNSHIELD:0.5008000632227844
CE_PIECECOORDINATION:0.45931640892981196
CE_MATERIAL:0.5006617915192919
CE_KINGSAFETY:0.49685056218798096
C_PIECESQUARETABLES:0.48565900370773085
C_MOBILITY:0.5004912931836218
C_KINGSAFETY:0.5199792559297851
C_PAWNSTRUCTURE:0.5400184162590335
C_PIECECOORDINATION:0.457730034789467
C_ROOK:0.45923306473063463
CE_ROOK:0.5087884892741823
C_CENTERCONTROL:0.537590263383117
C_DEVELOPPIECES:0.5251476219614521
C_MATERIAL:0.5713021980939512
C_MOVECOUNT:0.5195920585255132
C_PAWNMOVEMENT:0.4787901399329203
