ELO:997
CE_PASSEDPAWNS:0.4939387148033543
CE_PAWNWEAKNESSES:0.5283896336139843
CE_PIECEACTIVITY:0.5116199346851834
CE_KINGPAWNSHIELD:0.4873520932732913
CE_PIECECOORDINATION:0.5
CE_MATERIAL:0.4962225298390543
CE_KINGSAFETY:0.5121307881505855
C_PIECESQUARETABLES:0.5174983814331998
C_MOBILITY:0.5207860227840152
C_KINGSAFETY:0.4972756350572112
C_PAWNSTRUCTURE:0.5035531942855926
C_PIECECOORDINATION:0.5072910941848724
C_ROOKANDPAWNMOVEMENT:0.5072910941848724
C_CENTERCONTROL:0.48341735494626803
C_DEVELOPPIECES:0.49350798136204804
C_MATERIAL:0.5085654645304133
C_MOVECOUNT:0.5
