ELO:1010
CE_PASSEDPAWNS:0.4951619459594075
CE_PAWNWEAKNESSES:0.49380541855102594
CE_PIECEACTIVITY:0.5046250021307392
CE_KINGPAWNSHIELD:0.5
CE_PIECECOORDINATION:0.509003469560709
CE_MATERIAL:0.503455968807488
CE_KINGSAFETY:0.5
C_PIECESQUARETABLES:0.5
C_MOBILITY:0.5
C_KINGSAFETY:0.49833867656433634
C_PAWNSTRUCTURE:0.5001194560973046
C_PIECECOORDINATION:0.5
C_ROOKANDPAWNMOVEMENT:0.5
C_CENTERCONTROL:0.5
C_DEVELOPPIECES:0.5
C_MATERIAL:0.5
C_MOVECOUNT:0.5033567828867734
