ELO:961
CE_PASSEDPAWNS:0.48984049786908695
CE_PAWNWEAKNESSES:0.44601880624806206
CE_PIECEACTIVITY:0.4020336235967731
CE_KINGPAWNSHIELD:0.48256734277111035
CE_PIECECOORDINATION:0.41738328696711535
CE_MATERIAL:0.4989601727236164
CE_KINGSAFETY:0.5396062316178921
C_PIECESQUARETABLES:0.4867898463991209
C_MOBILITY:0.5654753650607373
C_KINGSAFETY:0.3914021711001412
C_PAWNSTRUCTURE:0.41735899723858205
C_PIECECOORDINATION:0.5020125199016312
C_ROOKANDPAWNMOVEMENT:0.5020125199016312
C_CENTERCONTROL:0.5430313494785931
C_DEVELOPPIECES:0.5266228631060881
C_MATERIAL:0.4257325402665471
