ELO:944
CE_PASSEDPAWNS:0.5232919873103287
CE_PAWNWEAKNESSES:0.4168182680076399
CE_PIECEACTIVITY:0.5184654191311343
CE_KINGPAWNSHIELD:0.6015460421501563
CE_PIECECOORDINATION:0.5050004545291794
CE_MATERIAL:0.5007337144659308
CE_KINGSAFETY:0.5211796595430865
C_PIECESQUARETABLES:0.48255759647236807
C_MOBILITY:0.4845174736242667
C_KINGSAFETY:0.5105365964529645
C_PAWNSTRUCTURE:0.48372662411346384
C_PIECECOORDINATION:0.5469901311345741
C_ROOKANDPAWNMOVEMENT:0.5469901311345741
C_CENTERCONTROL:0.5546622907393325
C_DEVELOPPIECES:0.4476442090412057
C_MATERIAL:0.44787061662882205
