ELO:1011
CE_PASSEDPAWNS:0.5142353451777366
CE_PAWNWEAKNESSES:0.51961602796895
CE_PIECEACTIVITY:0.44026941703177536
CE_KINGPAWNSHIELD:0.4602117740116486
CE_PIECECOORDINATION:0.4164548573584617
CE_MATERIAL:0.42455894672947253
CE_KINGSAFETY:0.4985219034041146
C_PIECESQUARETABLES:0.5344730229204664
C_MOBILITY:0.5449645642076086
C_KINGSAFETY:0.5116509086977025
C_PAWNSTRUCTURE:0.523133907365482
C_PIECECOORDINATION:0.49239646788531266
C_ROOKANDPAWNMOVEMENT:0.49239646788531266
C_CENTERCONTROL:0.45262130892649316
C_DEVELOPPIECES:0.4548662363103203
C_MATERIAL:0.39408319560605637
