ELO:993
CE_PASSEDPAWNS:0.4961274792246587
CE_PAWNWEAKNESSES:0.4925178150868667
CE_PIECEACTIVITY:0.5241426943424484
CE_KINGPAWNSHIELD:0.5213037379086609
CE_PIECECOORDINATION:0.5080869969002273
CE_MATERIAL:0.49637416021464104
CE_KINGSAFETY:0.4898607059301296
C_PIECESQUARETABLES:0.5
C_MOBILITY:0.5117125946280826
C_KINGSAFETY:0.5126819085398351
C_PAWNSTRUCTURE:0.4940844457245412
C_PIECECOORDINATION:0.49428342355951954
C_ROOKANDPAWNMOVEMENT:0.49428342355951954
C_CENTERCONTROL:0.5134142517364113
C_DEVELOPPIECES:0.49419508495718967
C_MATERIAL:0.5
C_MOVECOUNT:0.5
