ELO:959
CE_PASSEDPAWNS:0.4734434862198643
CE_PAWNWEAKNESSES:0.5299671569180644
CE_PIECEACTIVITY:0.4846292415598433
CE_KINGPAWNSHIELD:0.48398368455886853
CE_PIECECOORDINATION:0.4551131758101725
CE_MATERIAL:0.5139817622344207
CE_KINGSAFETY:0.4999954415698084
C_PIECESQUARETABLES:0.5020929726337949
C_MOBILITY:0.5136833983455941
C_KINGSAFETY:0.5200012567412304
C_PAWNSTRUCTURE:0.47652725134859897
C_PIECECOORDINATION:0.48823489902272726
C_ROOK:0.49543116829523665
CE_ROOK:0.5121987717541118
C_CENTERCONTROL:0.5207467435084387
C_DEVELOPPIECES:0.49821981959033224
C_MATERIAL:0.5326059560130988
C_MOVECOUNT:0.5072694410532824
C_PAWNMOVEMENT:0.4990507177821419
