ELO:964
CE_PASSEDPAWNS:0.5277962777219168
CE_PAWNWEAKNESSES:0.41202400932054145
CE_PIECEACTIVITY:0.516197955636184
CE_KINGPAWNSHIELD:0.5859351199727036
CE_PIECECOORDINATION:0.5062324858073094
CE_MATERIAL:0.46542647929881825
CE_KINGSAFETY:0.4875780792213168
C_PIECESQUARETABLES:0.49986902681489986
C_MOBILITY:0.48333835566762134
C_KINGSAFETY:0.5301361046366441
C_PAWNSTRUCTURE:0.4854542391913355
C_PIECECOORDINATION:0.5286849318281792
C_ROOKANDPAWNMOVEMENT:0.5286849318281792
C_CENTERCONTROL:0.5325049304251435
C_DEVELOPPIECES:0.46075178772308284
C_MATERIAL:0.4411921286728238
