ELO:1035
CE_PASSEDPAWNS:0.5
CE_PAWNWEAKNESSES:0.5
CE_PIECEACTIVITY:0.5
CE_KINGPAWNSHIELD:0.4932908727050439
CE_PIECECOORDINATION:0.510771240244571
CE_MATERIAL:0.5093218122579818
CE_KINGSAFETY:0.5
C_PIECESQUARETABLES:0.5098105311946773
C_MOBILITY:0.5
C_KINGSAFETY:0.5
C_PAWNSTRUCTURE:0.5
C_PIECECOORDINATION:0.5025791792568913
C_ROOKANDPAWNMOVEMENT:0.5025791792568913
C_CENTERCONTROL:0.4993474053673785
C_DEVELOPPIECES:0.5
C_MATERIAL:0.4942399202393301
