ELO:1000
CE_PASSEDPAWNS:0.440421529379808
CE_PAWNWEAKNESSES:0.5003199184194888
CE_PIECEACTIVITY:0.4548928475294979
CE_KINGPAWNSHIELD:0.5270655743364038
CE_PIECECOORDINATION:0.48796180673057704
CE_MATERIAL:0.4845828053830314
CE_KINGSAFETY:0.49783136648501697
C_PIECESQUARETABLES:0.4955589633062898
C_MOBILITY:0.5209706161558851
C_KINGSAFETY:0.49428914805336327
C_PAWNSTRUCTURE:0.5432719921763509
C_PIECECOORDINATION:0.4956068726727373
C_ROOKANDPAWNMOVEMENT:0.4956068726727373
C_CENTERCONTROL:0.503241245174539
C_DEVELOPPIECES:0.46715403890169876
C_MATERIAL:0.47689746728522886
