ELO:1000
CE_PASSEDPAWNS:0.4931697919860751
CE_PAWNWEAKNESSES:0.5
CE_PIECEACTIVITY:0.4986591102863385
CE_KINGPAWNSHIELD:0.4983848164949768
CE_PIECECOORDINATION:0.49996192664037575
CE_MATERIAL:0.5
CE_KINGSAFETY:0.49114931683393537
C_PIECESQUARETABLES:0.5001986263491082
C_MOBILITY:0.5036093659724389
C_KINGSAFETY:0.5068997891535123
C_PAWNSTRUCTURE:0.5113178468158555
C_PIECECOORDINATION:0.4944817676743158
C_ROOKANDPAWNMOVEMENT:0.4944817676743158
C_CENTERCONTROL:0.491275292187284
C_DEVELOPPIECES:0.5083987534108415
C_MATERIAL:0.4867387310478269
