ELO:911
CE_PASSEDPAWNS:0.4951928480223664
CE_PAWNWEAKNESSES:0.5391466219551403
CE_PIECEACTIVITY:0.4647245595296637
CE_KINGPAWNSHIELD:0.5103971013775365
CE_PIECECOORDINATION:0.45931640892981196
CE_MATERIAL:0.5207012683102882
CE_KINGSAFETY:0.5
C_PIECESQUARETABLES:0.5
C_MOBILITY:0.48882191319320334
C_KINGSAFETY:0.5278396903529287
C_PAWNSTRUCTURE:0.5378393410182498
C_PIECECOORDINATION:0.44830225051734063
C_ROOK:0.4604089609414261
CE_ROOK:0.5251136784586047
C_CENTERCONTROL:0.537590263383117
C_DEVELOPPIECES:0.5251476219614521
C_MATERIAL:0.5713021980939512
C_MOVECOUNT:0.5083601649543616
C_PAWNMOVEMENT:0.48138432279997506
