ELO:1011
CE_PASSEDPAWNS:0.5142353451777366
CE_PAWNWEAKNESSES:0.51961602796895
CE_PIECEACTIVITY:0.40629404565138966
CE_KINGPAWNSHIELD:0.4484976732365151
CE_PIECECOORDINATION:0.40903733131338404
CE_MATERIAL:0.36985047852209424
CE_KINGSAFETY:0.4832816742013503
C_PIECESQUARETABLES:0.5091864913950804
C_MOBILITY:0.4939058878691108
C_KINGSAFETY:0.3459971538050392
C_PAWNSTRUCTURE:0.5023682925991598
C_PIECECOORDINATION:0.5019794300576366
C_ROOKANDPAWNMOVEMENT:0.5019794300576366
C_CENTERCONTROL:0.4859264972931986
C_DEVELOPPIECES:0.4556194400960017
C_MATERIAL:0.4529738274251697
