ELO:972
CE_PASSEDPAWNS:0.4758289462361046
CE_PAWNWEAKNESSES:0.5235071046700105
CE_PIECEACTIVITY:0.5025922695002715
CE_KINGPAWNSHIELD:0.4906899801565368
CE_PIECECOORDINATION:0.4876101425258279
CE_MATERIAL:0.4966760922686903
CE_KINGSAFETY:0.5161264657853981
C_PIECESQUARETABLES:0.4785006398182453
C_MOBILITY:0.5033498890933379
C_KINGSAFETY:0.5120523568942116
C_PAWNSTRUCTURE:0.48414410342650227
C_PIECECOORDINATION:0.502419956407855
C_ROOK:0.49817630941030466
CE_ROOK:0.5115487827048946
C_CENTERCONTROL:0.4985169118219363
C_DEVELOPPIECES:0.490192966465058
C_MATERIAL:0.5272964306013185
C_MOVECOUNT:0.4973212148272675
C_PAWNMOVEMENT:0.506757374069555
