ELO:1000
CE_PASSEDPAWNS:0.4951884015735064
CE_PAWNWEAKNESSES:0.48963602039930876
CE_PIECEACTIVITY:0.5008399189448766
CE_KINGPAWNSHIELD:0.536602526188365
CE_PIECECOORDINATION:0.5228108047058004
CE_MATERIAL:0.5301672145433772
CE_KINGSAFETY:0.510485406344172
C_PIECESQUARETABLES:0.5150368691557398
C_MOBILITY:0.5001599106375796
C_KINGSAFETY:0.5060317357162158
C_PAWNSTRUCTURE:0.5169771302338847
C_PIECECOORDINATION:0.4634074319640796
C_ROOKANDPAWNMOVEMENT:0.4634074319640796
C_CENTERCONTROL:0.5235421260050017
C_DEVELOPPIECES:0.45356206075504907
C_MATERIAL:0.45114085012191046
