ELO:984
CE_PASSEDPAWNS:0.5321823102088173
CE_PAWNWEAKNESSES:0.45066095465395534
CE_PIECEACTIVITY:0.39192977162818216
CE_KINGPAWNSHIELD:0.49384365887619847
CE_PIECECOORDINATION:0.4170374517472296
CE_MATERIAL:0.5142184636803628
CE_KINGSAFETY:0.5
C_PIECESQUARETABLES:0.5
C_MOBILITY:0.5651278906016983
C_KINGSAFETY:0.332866991082363
C_PAWNSTRUCTURE:0.4571591503580315
C_PIECECOORDINATION:0.5070201140348082
C_ROOKANDPAWNMOVEMENT:0.5070201140348082
C_CENTERCONTROL:0.5243572990285806
C_DEVELOPPIECES:0.5464137887103601
C_MATERIAL:0.40744953951760715
