ELO:755
CE_PASSEDPAWNS:0.3473780564233676
CE_PAWNWEAKNESSES:0.5683440751762074
CE_PIECEACTIVITY:0.5059709740898187
CE_KINGPAWNSHIELD:0.4812088641606026
CE_PIECECOORDINATION:0.5095943695613167
CE_MATERIAL:0.5148450901796318
CE_KINGSAFETY:0.5121193124421294
C_PIECESQUARETABLES:0.49273962406353067
C_MOBILITY:0.531762886556485
C_KINGSAFETY:0.4721743505057534
C_PAWNSTRUCTURE:0.5006092600176463
C_PIECECOORDINATION:0.49067578819197644
C_ROOKANDPAWNMOVEMENT:0.49067578819197644
C_CENTERCONTROL:0.5928202335115361
C_DEVELOPPIECES:0.5281904693598974
C_MATERIAL:0.34907211854157216
C_MOVECOUNT:0.5368400053444279
