ELO:985
CE_PASSEDPAWNS:0.5445390877343506
CE_PAWNWEAKNESSES:0.46160355281514776
CE_PIECEACTIVITY:0.5516271159495336
CE_KINGPAWNSHIELD:0.5392506532413219
CE_PIECECOORDINATION:0.5190521490477328
CE_MATERIAL:0.47503049905421435
CE_KINGSAFETY:0.4894859533566689
C_PIECESQUARETABLES:0.5097071182201967
C_MOBILITY:0.479856132836216
C_KINGSAFETY:0.5299918863418658
C_PAWNSTRUCTURE:0.47545433007509097
C_PIECECOORDINATION:0.45664543811906894
C_ROOKANDPAWNMOVEMENT:0.45664543811906894
C_CENTERCONTROL:0.5225851363610736
C_DEVELOPPIECES:0.4662263017074313
C_MATERIAL:0.4753440944099132
