ELO:750
CE_PASSEDPAWNS:0.5126299701335306
CE_PAWNWEAKNESSES:0.43754864175064173
CE_PIECEACTIVITY:0.4380657779062339
CE_KINGPAWNSHIELD:0.47711221200202497
CE_PIECECOORDINATION:0.4396199316799922
CE_MATERIAL:0.5161817313579354
CE_KINGSAFETY:0.4522888341462493
C_PIECESQUARETABLES:0.49450066632220874
C_MOBILITY:0.5826419723898836
C_KINGSAFETY:0.29799029120938497
C_PAWNSTRUCTURE:0.4780996553020545
C_PIECECOORDINATION:0.44556637417567746
C_ROOKANDPAWNMOVEMENT:0.44556637417567746
C_CENTERCONTROL:0.5513699400415437
C_DEVELOPPIECES:0.4749988038315571
C_MATERIAL:0.5090649713851887
C_MOVECOUNT:0.5
