ELO:909
CE_PASSEDPAWNS:0.44367756238798406
CE_PAWNWEAKNESSES:0.43367138587086906
CE_PIECEACTIVITY:0.518635722912974
CE_KINGPAWNSHIELD:0.5446722140807346
CE_PIECECOORDINATION:0.5363287821961668
CE_MATERIAL:0.4992242622152897
CE_KINGSAFETY:0.49480899228654596
C_PIECESQUARETABLES:0.3751475513899217
C_MOBILITY:0.521580436354284
C_KINGSAFETY:0.5305685375789079
C_PAWNSTRUCTURE:0.5163296163492607
C_PIECECOORDINATION:0.4942626939718551
C_ROOKANDPAWNMOVEMENT:0.4942626939718551
C_CENTERCONTROL:0.5064887424982905
C_DEVELOPPIECES:0.3709962833760413
C_MATERIAL:0.408063094609673
