ELO:1000
CE_PASSEDPAWNS:0.4951619459594075
CE_PAWNWEAKNESSES:0.509305979032063
CE_PIECEACTIVITY:0.5
CE_KINGPAWNSHIELD:0.5
CE_PIECECOORDINATION:0.5
CE_MATERIAL:0.5123644299371259
CE_KINGSAFETY:0.5
C_PIECESQUARETABLES:0.5077888682755342
C_MOBILITY:0.5
C_KINGSAFETY:0.49833867656433634
C_PAWNSTRUCTURE:0.5
C_PIECECOORDINATION:0.5
C_ROOKANDPAWNMOVEMENT:0.5
C_CENTERCONTROL:0.4995127252909817
C_DEVELOPPIECES:0.488821520906438
C_MATERIAL:0.5
C_MOVECOUNT:0.4884010474570319
