ELO:868
CE_PASSEDPAWNS:0.46079854508202667
CE_PAWNWEAKNESSES:0.49986534342431804
CE_PIECEACTIVITY:0.47771166370308454
CE_KINGPAWNSHIELD:0.49072439460031547
CE_PIECECOORDINATION:0.4962932485545327
CE_MATERIAL:0.41670767899140904
CE_KINGSAFETY:0.49571244635743505
C_PIECESQUARETABLES:0.5142789093919956
C_MOBILITY:0.5421685223191323
C_KINGSAFETY:0.4773949317393887
C_PAWNSTRUCTURE:0.5312900775316095
C_PIECECOORDINATION:0.5237083035092106
C_ROOKANDPAWNMOVEMENT:0.5237083035092106
C_CENTERCONTROL:0.4721925054290476
C_DEVELOPPIECES:0.53417504052487
C_MATERIAL:0.5218096937709131
C_MOVECOUNT:0.4496017071718157
