ELO:954
CE_PASSEDPAWNS:0.5169825521773677
CE_PAWNWEAKNESSES:0.43923423137485457
CE_PIECEACTIVITY:0.395014740373592
CE_KINGPAWNSHIELD:0.5087204294993394
CE_PIECECOORDINATION:0.4250929268151023
CE_MATERIAL:0.5116895047599723
CE_KINGSAFETY:0.4926948017348208
C_PIECESQUARETABLES:0.49607471616837084
C_MOBILITY:0.5704768800788481
C_KINGSAFETY:0.33803818611334807
C_PAWNSTRUCTURE:0.46317667099594284
C_PIECECOORDINATION:0.5120810085861712
C_ROOKANDPAWNMOVEMENT:0.5120810085861712
C_CENTERCONTROL:0.5298519039558122
C_DEVELOPPIECES:0.5381522401895731
C_MATERIAL:0.4159574337571836
