ELO:797
CE_PASSEDPAWNS:0.567630477769008
CE_PAWNWEAKNESSES:0.5904977157324254
CE_PIECEACTIVITY:0.4384772276908431
CE_KINGPAWNSHIELD:0.513371100788233
CE_PIECECOORDINATION:0.5296756471253788
CE_MATERIAL:0.5765786900156887
CE_KINGSAFETY:0.506890369466517
C_PIECESQUARETABLES:0.5
C_MOBILITY:0.4863853402972887
C_KINGSAFETY:0.5326124430385011
C_PAWNSTRUCTURE:0.5079997352547635
C_PIECECOORDINATION:0.49280890450951537
C_ROOKANDPAWNMOVEMENT:0.49280890450951537
C_CENTERCONTROL:0.497932096795002
C_DEVELOPPIECES:0.46389043183376494
C_MATERIAL:0.4793375570126096
C_MOVECOUNT:0.5
