ELO:1017
CE_PASSEDPAWNS:0.5
CE_PAWNWEAKNESSES:0.5076385581632333
CE_PIECEACTIVITY:0.5
CE_KINGPAWNSHIELD:0.5
CE_PIECECOORDINATION:0.5118743596918884
CE_MATERIAL:0.5121239755084155
CE_KINGSAFETY:0.5
C_PIECESQUARETABLES:0.5050807367315696
C_MOBILITY:0.49123352950721194
C_KINGSAFETY:0.5048609035576284
C_PAWNSTRUCTURE:0.5
C_PIECECOORDINATION:0.5
C_ROOKANDPAWNMOVEMENT:0.5
C_CENTERCONTROL:0.4824458028563173
C_DEVELOPPIECES:0.4948857027723793
C_MATERIAL:0.5
C_MOVECOUNT:0.5
