ELO:919
CE_PASSEDPAWNS:0.6352473894092621
CE_PAWNWEAKNESSES:0.4868339541049376
CE_PIECEACTIVITY:0.40812136228179685
CE_KINGPAWNSHIELD:0.43149663657982223
CE_PIECECOORDINATION:0.4889806662968815
CE_MATERIAL:0.4851564914257094
CE_KINGSAFETY:0.47121306813781927
C_PIECESQUARETABLES:0.5010433500852944
C_MOBILITY:0.5349553877175284
C_KINGSAFETY:0.37265417299648895
C_PAWNSTRUCTURE:0.42467773917809415
C_PIECECOORDINATION:0.5346951533584262
C_ROOKANDPAWNMOVEMENT:0.5346951533584262
C_CENTERCONTROL:0.49252087933223276
C_DEVELOPPIECES:0.567113855347784
C_MATERIAL:0.39763601952641764
