ELO:991
CE_PASSEDPAWNS:0.5161856469715411
CE_PAWNWEAKNESSES:0.48458217381571733
CE_PIECEACTIVITY:0.5256534381721791
CE_KINGPAWNSHIELD:0.5513411724280649
CE_PIECECOORDINATION:0.47541893627253934
CE_MATERIAL:0.5030403841932721
CE_KINGSAFETY:0.5
C_PIECESQUARETABLES:0.5
C_MOBILITY:0.5731002595385221
C_KINGSAFETY:0.5250912115677565
C_PAWNSTRUCTURE:0.46054427260367564
C_PIECECOORDINATION:0.492257981959518
C_ROOKANDPAWNMOVEMENT:0.492257981959518
C_CENTERCONTROL:0.43263083707815203
C_DEVELOPPIECES:0.5933423053266473
C_MATERIAL:0.6296639189614881
