ELO:894
CE_PASSEDPAWNS:0.5295801085789825
CE_PAWNWEAKNESSES:0.43010226692768083
CE_PIECEACTIVITY:0.5021699601347519
CE_KINGPAWNSHIELD:0.5372956313974248
CE_PIECECOORDINATION:0.48004284643813283
CE_MATERIAL:0.49069258805146193
CE_KINGSAFETY:0.5085349973796014
C_PIECESQUARETABLES:0.4428134676696259
C_MOBILITY:0.4665746070466663
C_KINGSAFETY:0.5064130233401903
C_PAWNSTRUCTURE:0.5149827372023676
C_PIECECOORDINATION:0.5361774664984119
C_ROOKANDPAWNMOVEMENT:0.5361774664984119
C_CENTERCONTROL:0.5066870416410597
C_DEVELOPPIECES:0.39757369478065624
C_MATERIAL:0.42705657925557033
