ELO:1027
CE_PASSEDPAWNS:0.5
CE_PAWNWEAKNESSES:0.5148230837923092
CE_PIECEACTIVITY:0.5
CE_KINGPAWNSHIELD:0.5044102318632351
CE_PIECECOORDINATION:0.5120784535961252
CE_MATERIAL:0.5
CE_KINGSAFETY:0.49972524365437426
C_PIECESQUARETABLES:0.5
C_MOBILITY:0.49655233939353
C_KINGSAFETY:0.4796059267282655
C_PAWNSTRUCTURE:0.4998776151850589
C_PIECECOORDINATION:0.5042709330228043
C_ROOKANDPAWNMOVEMENT:0.5042709330228043
C_CENTERCONTROL:0.5082263201147994
C_DEVELOPPIECES:0.4987336470860119
C_MATERIAL:0.49902166802206416
C_MOVECOUNT:0.49830773306087817
