ELO:1026
CE_PASSEDPAWNS:0.48752554015234023
CE_PAWNWEAKNESSES:0.4792852776395572
CE_PIECEACTIVITY:0.4934374281711503
CE_KINGPAWNSHIELD:0.5
CE_PIECECOORDINATION:0.5
CE_MATERIAL:0.49116262983589076
CE_KINGSAFETY:0.5
C_PIECESQUARETABLES:0.5
C_MOBILITY:0.5
C_KINGSAFETY:0.5
C_PAWNSTRUCTURE:0.5
C_PIECECOORDINATION:0.5234085484283751
C_ROOKANDPAWNMOVEMENT:0.5234085484283751
C_CENTERCONTROL:0.4741182963499265
C_DEVELOPPIECES:0.5013472166602354
C_MATERIAL:0.5007019348549979
C_MOVECOUNT:0.5
