ELO:999
CE_PASSEDPAWNS:0.49950994730859793
CE_PAWNWEAKNESSES:0.5
CE_PIECEACTIVITY:0.5
CE_KINGPAWNSHIELD:0.5
CE_PIECECOORDINATION:0.5
CE_MATERIAL:0.5
CE_KINGSAFETY:0.5
C_PIECESQUARETABLES:0.5
C_MOBILITY:0.5
C_KINGSAFETY:0.49364130808241014
C_PAWNSTRUCTURE:0.5116865660911654
C_PIECECOORDINATION:0.5
C_ROOKANDPAWNMOVEMENT:0.5
C_CENTERCONTROL:0.5
C_DEVELOPPIECES:0.5066945680692019
C_MATERIAL:0.5197204142458162
C_MOVECOUNT:0.5
