ELO:1010
CE_PASSEDPAWNS:0.4940207462943188
CE_PAWNWEAKNESSES:0.5075368646334812
CE_PIECEACTIVITY:0.521870296171444
CE_KINGPAWNSHIELD:0.5244523123754781
CE_PIECECOORDINATION:0.4967582430828043
CE_MATERIAL:0.5
CE_KINGSAFETY:0.512452890214211
C_PIECESQUARETABLES:0.5189830980819137
C_MOBILITY:0.49879262942339997
C_KINGSAFETY:0.49818148783015354
C_PAWNSTRUCTURE:0.48585634808060385
C_PIECECOORDINATION:0.5263478361611033
C_ROOKANDPAWNMOVEMENT:0.5263478361611033
C_CENTERCONTROL:0.4818289540592402
C_DEVELOPPIECES:0.48866662154608653
C_MATERIAL:0.5
