ELO:988
CE_PASSEDPAWNS:0.5444776621090892
CE_PAWNWEAKNESSES:0.4695381453440385
CE_PIECEACTIVITY:0.5377341808839473
CE_KINGPAWNSHIELD:0.5421683489628347
CE_PIECECOORDINATION:0.5312571135798693
CE_MATERIAL:0.5154781520646508
CE_KINGSAFETY:0.49870487616188003
C_PIECESQUARETABLES:0.5387685772229537
C_MOBILITY:0.4681346744891543
C_KINGSAFETY:0.5265592303265467
C_PAWNSTRUCTURE:0.5060371052006054
C_PIECECOORDINATION:0.4505623856155728
C_ROOKANDPAWNMOVEMENT:0.4505623856155728
C_CENTERCONTROL:0.4993754275275968
C_DEVELOPPIECES:0.4813008687414847
C_MATERIAL:0.43441946977368834
