ELO:877
CE_PASSEDPAWNS:0.46079854508202667
CE_PAWNWEAKNESSES:0.503709077815669
CE_PIECEACTIVITY:0.489218377057393
CE_KINGPAWNSHIELD:0.48010270054091053
CE_PIECECOORDINATION:0.5064933985520113
CE_MATERIAL:0.42854939087750354
CE_KINGSAFETY:0.5124499965949973
C_PIECESQUARETABLES:0.5039804253308983
C_MOBILITY:0.5291133072926498
C_KINGSAFETY:0.4902918777642098
C_PAWNSTRUCTURE:0.5153218238421884
C_PIECECOORDINATION:0.5113280039722616
C_ROOKANDPAWNMOVEMENT:0.5113280039722616
C_CENTERCONTROL:0.45895681444239167
C_DEVELOPPIECES:0.5254021311991788
C_MATERIAL:0.5143305363271298
C_MOVECOUNT:0.457099329882225
