ELO:1000
CE_PASSEDPAWNS:0.5
CE_PAWNWEAKNESSES:0.49780061652954694
CE_PIECEACTIVITY:0.49806550481516654
CE_KINGPAWNSHIELD:0.49619092499622874
CE_PIECECOORDINATION:0.5
CE_MATERIAL:0.5058431083186188
CE_KINGSAFETY:0.4943370375910447
C_PIECESQUARETABLES:0.4967395610742684
C_MOBILITY:0.5136438597303387
C_KINGSAFETY:0.4900735492595209
C_PAWNSTRUCTURE:0.5044458061245692
C_PIECECOORDINATION:0.503192613351727
C_ROOKANDPAWNMOVEMENT:0.503192613351727
C_CENTERCONTROL:0.4990198078476869
C_DEVELOPPIECES:0.48892472650362895
C_MATERIAL:0.48779520378547747
