ELO:704
CE_PASSEDPAWNS:0.5302909754215236
CE_PAWNWEAKNESSES:0.4609046523020589
CE_PIECEACTIVITY:0.43957003019878205
CE_KINGPAWNSHIELD:0.4423573670618535
CE_PIECECOORDINATION:0.46100196425255285
CE_MATERIAL:0.4817880676402952
CE_KINGSAFETY:0.49641008420035254
C_PIECESQUARETABLES:0.5123301382564904
C_MOBILITY:0.52930146862757
C_KINGSAFETY:0.34409359362333924
C_PAWNSTRUCTURE:0.46006259036252095
C_PIECECOORDINATION:0.4104291510812623
C_ROOKANDPAWNMOVEMENT:0.4104291510812623
C_CENTERCONTROL:0.5312690971377144
C_DEVELOPPIECES:0.5214944171843834
C_MATERIAL:0.5560050530734486
C_MOVECOUNT:0.5
