ELO:832
CE_PASSEDPAWNS:0.5266145245506701
CE_PAWNWEAKNESSES:0.47909669928178394
CE_PIECEACTIVITY:0.43406780212821217
CE_KINGPAWNSHIELD:0.4533973651052135
CE_PIECECOORDINATION:0.4782989638278764
CE_MATERIAL:0.49076670347586804
CE_KINGSAFETY:0.50232192944227
C_PIECESQUARETABLES:0.43312206916487817
C_MOBILITY:0.5265156242029204
C_KINGSAFETY:0.3807850950988663
C_PAWNSTRUCTURE:0.5034831386972455
C_PIECECOORDINATION:0.4015689345630973
C_ROOKANDPAWNMOVEMENT:0.4015689345630973
C_CENTERCONTROL:0.4906822972702647
C_DEVELOPPIECES:0.4872217707391876
C_MATERIAL:0.5427766486649591
C_MOVECOUNT:0.5
