ELO:879
CE_PASSEDPAWNS:0.5157198680576042
CE_PAWNWEAKNESSES:0.4652177909118264
CE_PIECEACTIVITY:0.4762106597457438
CE_KINGPAWNSHIELD:0.45913324324024396
CE_PIECECOORDINATION:0.49835285825608433
CE_MATERIAL:0.4738653546655221
CE_KINGSAFETY:0.5114141540943736
C_PIECESQUARETABLES:0.43471239528283656
C_MOBILITY:0.5305067858250567
C_KINGSAFETY:0.3987839877422214
C_PAWNSTRUCTURE:0.5075084458510821
C_PIECECOORDINATION:0.40718271075117063
C_ROOKANDPAWNMOVEMENT:0.40718271075117063
C_CENTERCONTROL:0.522583194361419
C_DEVELOPPIECES:0.4660565858805277
C_MATERIAL:0.5312866030881493
C_MOVECOUNT:0.5
