ELO:974
CE_PASSEDPAWNS:0.4990183907625372
CE_PAWNWEAKNESSES:0.5026973697029562
CE_PIECEACTIVITY:0.4834718588072936
CE_KINGPAWNSHIELD:0.4992669515979726
CE_PIECECOORDINATION:0.4808615518839476
CE_MATERIAL:0.49643020071418664
CE_KINGSAFETY:0.4938521888287126
C_PIECESQUARETABLES:0.4834345320522661
C_MOBILITY:0.4870107491557977
C_KINGSAFETY:0.5001920271278474
C_PAWNSTRUCTURE:0.4937860239952786
C_PIECECOORDINATION:0.49121323390575666
C_ROOKANDPAWNMOVEMENT:0.49121323390575666
C_CENTERCONTROL:0.5092193528728197
C_DEVELOPPIECES:0.5094418620719319
C_MATERIAL:0.4950924934937828
C_MOVECOUNT:0.5153715241806808
