ELO:846
CE_PASSEDPAWNS:0.5588524845800367
CE_PAWNWEAKNESSES:0.5643294416065934
CE_PIECEACTIVITY:0.3951530334063559
CE_KINGPAWNSHIELD:0.5121302185548937
CE_PIECECOORDINATION:0.6192024299393067
CE_MATERIAL:0.44367995879650207
CE_KINGSAFETY:0.5190303245930671
C_PIECESQUARETABLES:0.598344377146992
C_MOBILITY:0.5396163290152213
C_KINGSAFETY:0.48013273157372965
C_PAWNSTRUCTURE:0.6051165943950344
C_PIECECOORDINATION:0.509890765665557
C_ROOKANDPAWNMOVEMENT:0.509890765665557
C_CENTERCONTROL:0.4632726491357312
C_DEVELOPPIECES:0.5401521586635131
C_MATERIAL:0.5066414598160494
