ELO:1000
CE_PASSEDPAWNS:0.45909882437894384
CE_PAWNWEAKNESSES:0.5130912895156674
CE_PIECEACTIVITY:0.44436721538725343
CE_KINGPAWNSHIELD:0.5100425953069103
CE_PIECECOORDINATION:0.43333112203836793
CE_MATERIAL:0.5570251455948062
CE_KINGSAFETY:0.4699204832884825
C_PIECESQUARETABLES:0.51896314486769
C_MOBILITY:0.49705631107976267
C_KINGSAFETY:0.5716938019428235
C_PAWNSTRUCTURE:0.5571659388666149
C_PIECECOORDINATION:0.5717209502409
C_ROOKANDPAWNMOVEMENT:0.5717209502409
C_CENTERCONTROL:0.4663568212147821
C_DEVELOPPIECES:0.5900080276583772
C_MATERIAL:0.4844238044078523
