ELO:938
CE_PASSEDPAWNS:0.6292499777214657
CE_PAWNWEAKNESSES:0.5410952623778916
CE_PIECEACTIVITY:0.4927291647040211
CE_KINGPAWNSHIELD:0.4882359790681748
CE_PIECECOORDINATION:0.5351048078686526
CE_MATERIAL:0.5240007002942982
CE_KINGSAFETY:0.487122350295568
C_PIECESQUARETABLES:0.5073891367915018
C_MOBILITY:0.5018050757097987
C_KINGSAFETY:0.5402195976956484
C_PAWNSTRUCTURE:0.5166992304595839
C_PIECECOORDINATION:0.5102885314243856
C_ROOKANDPAWNMOVEMENT:0.5102885314243856
C_CENTERCONTROL:0.5617269591618124
C_DEVELOPPIECES:0.5496895572748214
C_MATERIAL:0.502955278319967
