ELO:1000
CE_PASSEDPAWNS:0.5069450587719792
CE_PAWNWEAKNESSES:0.5084413773454225
CE_PIECEACTIVITY:0.4997581232256025
CE_KINGPAWNSHIELD:0.5
CE_PIECECOORDINATION:0.4991860770951307
CE_MATERIAL:0.5166244064590442
CE_KINGSAFETY:0.5093425296895886
C_PIECESQUARETABLES:0.4753836008447296
C_MOBILITY:0.5080118206075777
C_KINGSAFETY:0.49228112518646927
C_PAWNSTRUCTURE:0.4914426979847268
C_PIECECOORDINATION:0.5
C_ROOK:0.5
CE_ROOK:0.48763154770178085
C_CENTERCONTROL:0.5010569414000356
C_DEVELOPPIECES:0.4960345863689613
C_MATERIAL:0.5
C_MOVECOUNT:0.48863338269865403
C_PAWNMOVEMENT:0.5
