ELO:902
CE_PASSEDPAWNS:0.43977420667045447
CE_PAWNWEAKNESSES:0.6134244379471996
CE_PIECEACTIVITY:0.39424774742118374
CE_KINGPAWNSHIELD:0.5609107683151237
CE_PIECECOORDINATION:0.41237420970403166
CE_MATERIAL:0.45596520214055053
CE_KINGSAFETY:0.5105900803525574
C_PIECESQUARETABLES:0.4875765950986296
C_MOBILITY:0.4541627037231851
C_KINGSAFETY:0.46708811102979864
C_PAWNSTRUCTURE:0.5791665729742214
C_PIECECOORDINATION:0.6097597894097196
C_ROOKANDPAWNMOVEMENT:0.6097597894097196
C_CENTERCONTROL:0.3961789401924032
C_DEVELOPPIECES:0.6068636135660345
C_MATERIAL:0.5084037897274867
