ELO:1071
CE_PASSEDPAWNS:0.5
CE_PAWNWEAKNESSES:0.5090178634025811
CE_PIECEACTIVITY:0.51388323393422
CE_KINGPAWNSHIELD:0.49652433239307575
CE_PIECECOORDINATION:0.5080308433606796
CE_MATERIAL:0.46050328956574665
CE_KINGSAFETY:0.5
C_PIECESQUARETABLES:0.5
C_MOBILITY:0.5068923201911351
C_KINGSAFETY:0.49574419396020497
C_PAWNSTRUCTURE:0.49677725629861014
C_PIECECOORDINATION:0.5201293915503789
C_ROOK:0.49956361153595036
CE_ROOK:0.5065841379310213
C_CENTERCONTROL:0.5108722889636409
C_DEVELOPPIECES:0.5169049356104082
C_MATERIAL:0.49310984108194894
C_MOVECOUNT:0.5
C_PAWNMOVEMENT:0.5260459540625663
