ELO:969
CE_PASSEDPAWNS:0.4898908480308667
CE_PAWNWEAKNESSES:0.47990521762364907
CE_PIECEACTIVITY:0.49999645274276977
CE_KINGPAWNSHIELD:0.4762997360778934
CE_PIECECOORDINATION:0.5236851712248778
CE_MATERIAL:0.48349706541119225
CE_KINGSAFETY:0.48836271243154533
C_PIECESQUARETABLES:0.47978578433481683
C_MOBILITY:0.4687530576738084
C_KINGSAFETY:0.5031825750823253
C_PAWNSTRUCTURE:0.5015062099592115
C_PIECECOORDINATION:0.5112607343074924
C_ROOKANDPAWNMOVEMENT:0.5112607343074924
C_CENTERCONTROL:0.5006951123619485
C_DEVELOPPIECES:0.505495908956988
C_MATERIAL:0.4979666853683693
C_MOVECOUNT:0.5
