ELO:971
CE_PASSEDPAWNS:0.5
CE_PAWNWEAKNESSES:0.5169319149296484
CE_PIECEACTIVITY:0.4976212253778299
CE_KINGPAWNSHIELD:0.510973823399239
CE_PIECECOORDINATION:0.4910227825842323
CE_MATERIAL:0.4895084298881926
CE_KINGSAFETY:0.47925171220185514
C_PIECESQUARETABLES:0.5063913442712167
C_MOBILITY:0.49999671906337373
C_KINGSAFETY:0.49292765574122116
C_PAWNSTRUCTURE:0.51218555073134
C_PIECECOORDINATION:0.514095475108538
C_ROOKANDPAWNMOVEMENT:0.514095475108538
C_CENTERCONTROL:0.4949149710520171
C_DEVELOPPIECES:0.49548803785202417
C_MATERIAL:0.5044846677457923
C_MOVECOUNT:0.5
