ELO:1032
CE_PASSEDPAWNS:0.4980764605273427
CE_PAWNWEAKNESSES:0.5162263594970332
CE_PIECEACTIVITY:0.5001184731529964
CE_KINGPAWNSHIELD:0.5046887473723781
CE_PIECECOORDINATION:0.5127208638421643
CE_MATERIAL:0.5061820749371356
CE_KINGSAFETY:0.5
C_PIECESQUARETABLES:0.5
C_MOBILITY:0.5048071759022635
C_KINGSAFETY:0.47906360941770565
C_PAWNSTRUCTURE:0.49718218628047534
C_PIECECOORDINATION:0.5181771317652789
C_ROOK:0.500771044552258
CE_ROOK:0.5085813513042079
C_CENTERCONTROL:0.4955996416714282
C_DEVELOPPIECES:0.4942381983147077
C_MATERIAL:0.4899455021876946
C_MOVECOUNT:0.514116766603907
C_PAWNMOVEMENT:0.4610732517191339
