ELO:1006
CE_PASSEDPAWNS:0.4910143942389351
CE_PAWNWEAKNESSES:0.4938081494038173
CE_PIECEACTIVITY:0.5105541588641035
CE_KINGPAWNSHIELD:0.49960914904757225
CE_PIECECOORDINATION:0.4987852661552695
CE_MATERIAL:0.5287577923429543
CE_KINGSAFETY:0.5128504221081734
C_PIECESQUARETABLES:0.5
C_MOBILITY:0.486965165400841
C_KINGSAFETY:0.48798098606004053
C_PAWNSTRUCTURE:0.5
C_PIECECOORDINATION:0.5041931151113398
C_ROOKANDPAWNMOVEMENT:0.5041931151113398
C_CENTERCONTROL:0.4756116610341087
C_DEVELOPPIECES:0.5187563570926693
C_MATERIAL:0.5138170899697833
