ELO:943
CE_PASSEDPAWNS:0.6281177530722832
CE_PAWNWEAKNESSES:0.5407122879816777
CE_PIECEACTIVITY:0.4975940002775457
CE_KINGPAWNSHIELD:0.5032020608809491
CE_PIECECOORDINATION:0.5386176418065503
CE_MATERIAL:0.538080334940894
CE_KINGSAFETY:0.4883635683799664
C_PIECESQUARETABLES:0.48445541459153274
C_MOBILITY:0.4892283069548223
C_KINGSAFETY:0.5208974246795185
C_PAWNSTRUCTURE:0.5217629718529161
C_PIECECOORDINATION:0.48956250933018614
C_ROOKANDPAWNMOVEMENT:0.48956250933018614
C_CENTERCONTROL:0.5623711632757034
C_DEVELOPPIECES:0.5282213663463678
C_MATERIAL:0.5033587606138165
