ELO:1044
CE_PASSEDPAWNS:0.5
CE_PAWNWEAKNESSES:0.4999174735496488
CE_PIECEACTIVITY:0.5
CE_KINGPAWNSHIELD:0.5
CE_PIECECOORDINATION:0.5
CE_MATERIAL:0.5060006546078607
CE_KINGSAFETY:0.5
C_PIECESQUARETABLES:0.5025684735164502
C_MOBILITY:0.5
C_KINGSAFETY:0.5115529711134748
C_PAWNSTRUCTURE:0.4961051710249384
C_PIECECOORDINATION:0.4983267714496905
C_ROOK:0.5
CE_ROOK:0.5
C_CENTERCONTROL:0.5107699879481735
C_DEVELOPPIECES:0.49698085327158115
C_MATERIAL:0.5041990754792858
C_MOVECOUNT:0.5086584400263175
C_PAWNMOVEMENT:0.5
