ELO:956
CE_PASSEDPAWNS:0.6051989212550608
CE_PAWNWEAKNESSES:0.5026838266041534
CE_PIECEACTIVITY:0.5098207122522412
CE_KINGPAWNSHIELD:0.5178411167520842
CE_PIECECOORDINATION:0.5321957780261032
CE_MATERIAL:0.5457710194821972
CE_KINGSAFETY:0.4973463262156964
C_PIECESQUARETABLES:0.5165917164723335
C_MOBILITY:0.470472006511677
C_KINGSAFETY:0.5573902505657791
C_PAWNSTRUCTURE:0.5073299278969073
C_PIECECOORDINATION:0.525634371159214
C_ROOKANDPAWNMOVEMENT:0.525634371159214
C_CENTERCONTROL:0.557809180889144
C_DEVELOPPIECES:0.5072389446381975
C_MATERIAL:0.49057562198201626
