ELO:966
CE_PASSEDPAWNS:0.5076814722609956
CE_PAWNWEAKNESSES:0.5185448563241412
CE_PIECEACTIVITY:0.4712649266392725
CE_KINGPAWNSHIELD:0.48682131857471844
CE_PIECECOORDINATION:0.5047964882823474
CE_MATERIAL:0.5754296693355677
CE_KINGSAFETY:0.47933729594263136
C_PIECESQUARETABLES:0.49932770146560995
C_MOBILITY:0.5320089499951571
C_KINGSAFETY:0.5210726417356404
C_PAWNSTRUCTURE:0.5018085466396036
C_PIECECOORDINATION:0.48846792592196114
C_ROOKANDPAWNMOVEMENT:0.48846792592196114
C_CENTERCONTROL:0.49044081767325703
C_DEVELOPPIECES:0.4819131341835431
C_MATERIAL:0.49920782692328236
C_MOVECOUNT:0.5
