ELO:990
CE_PASSEDPAWNS:0.5277288571395565
CE_PAWNWEAKNESSES:0.4747266971979074
CE_PIECEACTIVITY:0.5326364466087404
CE_KINGPAWNSHIELD:0.532234431404097
CE_PIECECOORDINATION:0.46544225017118723
CE_MATERIAL:0.41080140692405576
CE_KINGSAFETY:0.5042539772469217
C_PIECESQUARETABLES:0.507224796739523
C_MOBILITY:0.5758124336227952
C_KINGSAFETY:0.5192597283942466
C_PAWNSTRUCTURE:0.46054427260367564
C_PIECECOORDINATION:0.49481266204964397
C_ROOKANDPAWNMOVEMENT:0.49481266204964397
C_CENTERCONTROL:0.3741605971613072
C_DEVELOPPIECES:0.42617626737997094
C_MATERIAL:0.6234991122067586
