ELO:952
CE_PASSEDPAWNS:0.5228092083015686
CE_PAWNWEAKNESSES:0.5025389351876522
CE_PIECEACTIVITY:0.5009049624473051
CE_KINGPAWNSHIELD:0.5208105470304257
CE_PIECECOORDINATION:0.5007801759678853
CE_MATERIAL:0.5
CE_KINGSAFETY:0.5186703548604031
C_PIECESQUARETABLES:0.5
C_MOBILITY:0.5024068544470546
C_KINGSAFETY:0.5
C_PAWNSTRUCTURE:0.5002221745125871
C_PIECECOORDINATION:0.505721134089776
C_ROOKANDPAWNMOVEMENT:0.505721134089776
C_CENTERCONTROL:0.499884134134043
C_DEVELOPPIECES:0.508651273264166
C_MATERIAL:0.5060963805236484
C_MOVECOUNT:0.5
