ELO:857
CE_PASSEDPAWNS:0.5351714559860749
CE_PAWNWEAKNESSES:0.5412094687576715
CE_PIECEACTIVITY:0.5268805745692265
CE_KINGPAWNSHIELD:0.46041486028983586
CE_PIECECOORDINATION:0.535832840096325
CE_MATERIAL:0.4602534127566695
CE_KINGSAFETY:0.49135325534934593
C_PIECESQUARETABLES:0.4925150578372121
C_MOBILITY:0.5172677635246568
C_KINGSAFETY:0.491252321093521
C_PAWNSTRUCTURE:0.4850297858814049
C_PIECECOORDINATION:0.49683542992103835
C_ROOKANDPAWNMOVEMENT:0.49683542992103835
C_CENTERCONTROL:0.5252141867657196
C_DEVELOPPIECES:0.4902835740896693
C_MATERIAL:0.5034511746954439
C_MOVECOUNT:0.5
