ELO:952
CE_PASSEDPAWNS:0.6152558722300542
CE_PAWNWEAKNESSES:0.5061792324393639
CE_PIECEACTIVITY:0.5063147690766417
CE_KINGPAWNSHIELD:0.5241058340206791
CE_PIECECOORDINATION:0.5243443026440903
CE_MATERIAL:0.5457710194821972
CE_KINGSAFETY:0.4973463262156964
C_PIECESQUARETABLES:0.5165917164723335
C_MOBILITY:0.46847919270710486
C_KINGSAFETY:0.5604481833271285
C_PAWNSTRUCTURE:0.5033098474759847
C_PIECECOORDINATION:0.5038664043921746
C_ROOKANDPAWNMOVEMENT:0.5038664043921746
C_CENTERCONTROL:0.5747070272189168
C_DEVELOPPIECES:0.506532207505636
C_MATERIAL:0.513555343609418
