ELO:1000
CE_PASSEDPAWNS:0.5229874201541485
CE_PAWNWEAKNESSES:0.460379816293998
CE_PIECEACTIVITY:0.4736587377819362
CE_KINGPAWNSHIELD:0.5051498586543673
CE_PIECECOORDINATION:0.48275267759884055
CE_MATERIAL:0.4710271452023874
CE_KINGSAFETY:0.4400323841365575
C_PIECESQUARETABLES:0.47852179503446873
C_MOBILITY:0.5229937547398837
C_KINGSAFETY:0.4932200450077092
C_PAWNSTRUCTURE:0.5259622840570072
C_PIECECOORDINATION:0.5511548401251176
C_ROOKANDPAWNMOVEMENT:0.5511548401251176
C_CENTERCONTROL:0.5192326053549021
C_DEVELOPPIECES:0.521441396468375
C_MATERIAL:0.5517386210095498
