ELO:917
CE_PASSEDPAWNS:0.6177636384356662
CE_PAWNWEAKNESSES:0.5038423967856581
CE_PIECEACTIVITY:0.509208533589445
CE_KINGPAWNSHIELD:0.4995200284539609
CE_PIECECOORDINATION:0.5740790794997165
CE_MATERIAL:0.5391051119827953
CE_KINGSAFETY:0.4757190493140037
C_PIECESQUARETABLES:0.5153278661882199
C_MOBILITY:0.47043702374568114
C_KINGSAFETY:0.5122328297075694
C_PAWNSTRUCTURE:0.5100143308319088
C_PIECECOORDINATION:0.5416710035514318
C_ROOKANDPAWNMOVEMENT:0.5416710035514318
C_CENTERCONTROL:0.5223851183324925
C_DEVELOPPIECES:0.5312157526357895
C_MATERIAL:0.5103930763077911
