ELO:920
CE_PASSEDPAWNS:0.4580876634346913
CE_PAWNWEAKNESSES:0.5461759019300759
CE_PIECEACTIVITY:0.4769764515915765
CE_KINGPAWNSHIELD:0.5261593847492306
CE_PIECECOORDINATION:0.46851213839757555
CE_MATERIAL:0.5495508868016237
CE_KINGSAFETY:0.4529077035005105
C_PIECESQUARETABLES:0.5110597089759331
C_MOBILITY:0.43312002016531564
C_KINGSAFETY:0.49472876779252883
C_PAWNSTRUCTURE:0.4676312420110882
C_PIECECOORDINATION:0.4982568189825524
C_ROOKANDPAWNMOVEMENT:0.4982568189825524
C_CENTERCONTROL:0.45805823262704853
C_DEVELOPPIECES:0.49140784808126986
C_MATERIAL:0.4816027945901016
C_MOVECOUNT:0.5
