ELO:822
CE_PASSEDPAWNS:0.5722229421261017
CE_PAWNWEAKNESSES:0.5158214756394832
CE_PIECEACTIVITY:0.506235486608481
CE_KINGPAWNSHIELD:0.45288106563931296
CE_PIECECOORDINATION:0.5321450232587365
CE_MATERIAL:0.4757875197583855
CE_KINGSAFETY:0.4881839475936585
C_PIECESQUARETABLES:0.47672453768575185
C_MOBILITY:0.5183799470815931
C_KINGSAFETY:0.45230768026432294
C_PAWNSTRUCTURE:0.4653902218880347
C_PIECECOORDINATION:0.49196753483920286
C_ROOKANDPAWNMOVEMENT:0.49196753483920286
C_CENTERCONTROL:0.5239209971582783
C_DEVELOPPIECES:0.5093354650901761
C_MATERIAL:0.50908159608975
C_MOVECOUNT:0.5
