ELO:1069
CE_PASSEDPAWNS:0.5067606955311375
CE_PAWNWEAKNESSES:0.5101304147258322
CE_PIECEACTIVITY:0.4778927706587082
CE_KINGPAWNSHIELD:0.49573638947432386
CE_PIECECOORDINATION:0.5080081785316549
CE_MATERIAL:0.49117272036972864
CE_KINGSAFETY:0.5
C_PIECESQUARETABLES:0.5
C_MOBILITY:0.5048071759022635
C_KINGSAFETY:0.49574419396020497
C_PAWNSTRUCTURE:0.49677725629861014
C_PIECECOORDINATION:0.5255713582031676
C_ROOK:0.5
CE_ROOK:0.5003472277118782
C_CENTERCONTROL:0.49174161712371234
C_DEVELOPPIECES:0.4903803641151362
C_MATERIAL:0.5013780486462557
C_MOVECOUNT:0.4824050871242114
C_PAWNMOVEMENT:0.4947520521633653
