ELO:1021
CE_PASSEDPAWNS:0.5593216168430214
CE_PAWNWEAKNESSES:0.4624738563776777
CE_PIECEACTIVITY:0.4926604423157881
CE_KINGPAWNSHIELD:0.48236972422058016
CE_PIECECOORDINATION:0.5028891315258063
CE_MATERIAL:0.5039037867749928
CE_KINGSAFETY:0.48968333717464585
C_PIECESQUARETABLES:0.49562810196728563
C_MOBILITY:0.575776436394031
C_KINGSAFETY:0.49799416854871453
C_PAWNSTRUCTURE:0.5169595059958161
C_PIECECOORDINATION:0.5790116886567184
C_ROOKANDPAWNMOVEMENT:0.5790116886567184
C_CENTERCONTROL:0.45793698591940063
C_DEVELOPPIECES:0.5269826882766648
C_MATERIAL:0.5698069344769162
