ELO:1000
CE_PASSEDPAWNS:0.47379163022369686
CE_PAWNWEAKNESSES:0.5268953665857353
CE_PIECEACTIVITY:0.476477794195767
CE_KINGPAWNSHIELD:0.4703147530367383
CE_PIECECOORDINATION:0.5059992511508347
CE_MATERIAL:0.5406391715412378
CE_KINGSAFETY:0.5245980916375251
C_PIECESQUARETABLES:0.4928971270482991
C_MOBILITY:0.48594603878501846
C_KINGSAFETY:0.5173716020999535
C_PAWNSTRUCTURE:0.4981098987701165
C_PIECECOORDINATION:0.5029893252698732
C_ROOKANDPAWNMOVEMENT:0.5029893252698732
C_CENTERCONTROL:0.47794872099873664
C_DEVELOPPIECES:0.5354043263579508
C_MATERIAL:0.49643493369369673
