ELO:999
CE_PASSEDPAWNS:0.5
CE_PAWNWEAKNESSES:0.5
CE_PIECEACTIVITY:0.5067729486682072
CE_KINGPAWNSHIELD:0.49753225048657773
CE_PIECECOORDINATION:0.5
CE_MATERIAL:0.5
CE_KINGSAFETY:0.5
C_PIECESQUARETABLES:0.5030213818868918
C_MOBILITY:0.5
C_KINGSAFETY:0.4884034113883254
C_PAWNSTRUCTURE:0.5083741142327778
C_PIECECOORDINATION:0.5
C_ROOKANDPAWNMOVEMENT:0.5
C_CENTERCONTROL:0.5
C_DEVELOPPIECES:0.49949761697257095
C_MATERIAL:0.5
