ELO:970
CE_PASSEDPAWNS:0.5200709540048907
CE_PAWNWEAKNESSES:0.5026973697029562
CE_PIECEACTIVITY:0.4834718588072936
CE_KINGPAWNSHIELD:0.4997071441138144
CE_PIECECOORDINATION:0.4727346475311356
CE_MATERIAL:0.48612775700086747
CE_KINGSAFETY:0.5047968028924128
C_PIECESQUARETABLES:0.4847417781719837
C_MOBILITY:0.48871666621428445
C_KINGSAFETY:0.5035825130339011
C_PAWNSTRUCTURE:0.5022938399356205
C_PIECECOORDINATION:0.4968241443556873
C_ROOKANDPAWNMOVEMENT:0.4968241443556873
C_CENTERCONTROL:0.501826142284451
C_DEVELOPPIECES:0.5107529211103093
C_MATERIAL:0.4950924934937828
C_MOVECOUNT:0.5292727273461916
