ELO:963
CE_PASSEDPAWNS:0.5076814722609956
CE_PAWNWEAKNESSES:0.5244151050118114
CE_PIECEACTIVITY:0.4801838305182248
CE_KINGPAWNSHIELD:0.49664407794875154
CE_PIECECOORDINATION:0.5047964882823474
CE_MATERIAL:0.5841214340007128
CE_KINGSAFETY:0.47933729594263136
C_PIECESQUARETABLES:0.5049275122279906
C_MOBILITY:0.5320089499951571
C_KINGSAFETY:0.5147608128062897
C_PAWNSTRUCTURE:0.5018085466396036
C_PIECECOORDINATION:0.48846792592196114
C_ROOKANDPAWNMOVEMENT:0.48846792592196114
C_CENTERCONTROL:0.49626840673672573
C_DEVELOPPIECES:0.47928583305265454
C_MATERIAL:0.503647143383372
C_MOVECOUNT:0.5
