ELO:990
CE_PASSEDPAWNS:0.4277346967456099
CE_PAWNWEAKNESSES:0.5716387031759389
CE_PIECEACTIVITY:0.4074112157889052
CE_KINGPAWNSHIELD:0.4981733217717766
CE_PIECECOORDINATION:0.4181105665100823
CE_MATERIAL:0.5484794584883856
CE_KINGSAFETY:0.44293593755730115
C_PIECESQUARETABLES:0.5334533637141454
C_MOBILITY:0.5123925223150951
C_KINGSAFETY:0.532115153420332
C_PAWNSTRUCTURE:0.5583665154465532
C_PIECECOORDINATION:0.6002190500115354
C_ROOKANDPAWNMOVEMENT:0.6002190500115354
C_CENTERCONTROL:0.4464116892231287
C_DEVELOPPIECES:0.593135546106309
C_MATERIAL:0.5332958508597427
