ELO:950
CE_PASSEDPAWNS:0.6121833205643366
CE_PAWNWEAKNESSES:0.5220865903004791
CE_PIECEACTIVITY:0.5063147690766417
CE_KINGPAWNSHIELD:0.5241058340206791
CE_PIECECOORDINATION:0.5351209949924518
CE_MATERIAL:0.5383058270050464
CE_KINGSAFETY:0.527884068839279
C_PIECESQUARETABLES:0.4843372384089188
C_MOBILITY:0.46847919270710486
C_KINGSAFETY:0.5423731623298964
C_PAWNSTRUCTURE:0.5072573219632485
C_PIECECOORDINATION:0.5008725879342234
C_ROOKANDPAWNMOVEMENT:0.5008725879342234
C_CENTERCONTROL:0.5671715285227
C_DEVELOPPIECES:0.506532207505636
C_MATERIAL:0.513555343609418
