ELO:1073
CE_PASSEDPAWNS:0.5
CE_PAWNWEAKNESSES:0.5
CE_PIECEACTIVITY:0.5127291915050637
CE_KINGPAWNSHIELD:0.49573638947432386
CE_PIECECOORDINATION:0.5080081785316549
CE_MATERIAL:0.5061497732106206
CE_KINGSAFETY:0.5
C_PIECESQUARETABLES:0.5
C_MOBILITY:0.5048071759022635
C_KINGSAFETY:0.48928570113199704
C_PAWNSTRUCTURE:0.5
C_PIECECOORDINATION:0.5255713582031676
C_ROOK:0.5
CE_ROOK:0.49431917977143686
C_CENTERCONTROL:0.49209401281853055
C_DEVELOPPIECES:0.5006731434501108
C_MATERIAL:0.49310984108194894
C_MOVECOUNT:0.4972319091545409
C_PAWNMOVEMENT:0.5199205352731827
