ELO:1000
CE_PASSEDPAWNS:0.5272043853283095
CE_PAWNWEAKNESSES:0.5132656014674424
CE_PIECEACTIVITY:0.4942626979700834
CE_KINGPAWNSHIELD:0.4963882863008692
CE_PIECECOORDINATION:0.49320791051277907
CE_MATERIAL:0.5009811682901018
CE_KINGSAFETY:0.48885581343220524
C_PIECESQUARETABLES:0.4888337781749656
C_MOBILITY:0.534786617552144
C_KINGSAFETY:0.5026361255777737
C_PAWNSTRUCTURE:0.5108262293395073
C_PIECECOORDINATION:0.48555349373664614
C_ROOKANDPAWNMOVEMENT:0.48555349373664614
C_CENTERCONTROL:0.4905933346486005
C_DEVELOPPIECES:0.5410787306115727
C_MATERIAL:0.5031386627183088
