ELO:874
CE_PASSEDPAWNS:0.6027530625813519
CE_PAWNWEAKNESSES:0.5780175686036356
CE_PIECEACTIVITY:0.5088764420912174
CE_KINGPAWNSHIELD:0.516419902069164
CE_PIECECOORDINATION:0.5089126246855222
CE_MATERIAL:0.5527246780458188
CE_KINGSAFETY:0.4472005705874755
C_PIECESQUARETABLES:0.4869442618926473
C_MOBILITY:0.5545220874918344
C_KINGSAFETY:0.415332122423234
C_PAWNSTRUCTURE:0.5106643332303339
C_PIECECOORDINATION:0.5127263970577827
C_ROOKANDPAWNMOVEMENT:0.5127263970577827
C_CENTERCONTROL:0.4801279625192134
C_DEVELOPPIECES:0.49866857859722996
C_MATERIAL:0.4263362399796329
C_MOVECOUNT:0.43440527254149125
