ELO:759
CE_PASSEDPAWNS:0.4451548605035482
CE_PAWNWEAKNESSES:0.5181214608655978
CE_PIECEACTIVITY:0.5095954795377853
CE_KINGPAWNSHIELD:0.5642321315737023
CE_PIECECOORDINATION:0.45835951005014985
CE_MATERIAL:0.43537644163946065
CE_KINGSAFETY:0.514345599283131
C_PIECESQUARETABLES:0.5127834181331163
C_MOBILITY:0.579555936498183
C_KINGSAFETY:0.45119116553541566
C_PAWNSTRUCTURE:0.4950106691877277
C_PIECECOORDINATION:0.5290895748009428
C_ROOKANDPAWNMOVEMENT:0.5290895748009428
C_CENTERCONTROL:0.48933562086849136
C_DEVELOPPIECES:0.5467757115178495
C_MATERIAL:0.5278646553827019
C_MOVECOUNT:0.49198287493810844
