ELO:910
CE_PASSEDPAWNS:0.49103971233092625
CE_PAWNWEAKNESSES:0.45944786228210105
CE_PIECEACTIVITY:0.4803025584088915
CE_KINGPAWNSHIELD:0.5360018547029383
CE_PIECECOORDINATION:0.47135634572296164
CE_MATERIAL:0.5171637373384073
CE_KINGSAFETY:0.5189709408424189
C_PIECESQUARETABLES:0.5062428536268716
C_MOBILITY:0.4839509787830192
C_KINGSAFETY:0.4705455892106483
C_PAWNSTRUCTURE:0.47784375497303366
C_PIECECOORDINATION:0.494013692844503
C_ROOKANDPAWNMOVEMENT:0.494013692844503
C_CENTERCONTROL:0.546710924359325
C_DEVELOPPIECES:0.4628180682934343
C_MATERIAL:0.5207551703202016
C_MOVECOUNT:0.5
