ELO:1000
CE_PASSEDPAWNS:0.4920539118773457
CE_PAWNWEAKNESSES:0.49463004802408667
CE_PIECEACTIVITY:0.50188238620387
CE_KINGPAWNSHIELD:0.48766013978665135
CE_PIECECOORDINATION:0.5068208002021254
CE_MATERIAL:0.5427295111383367
CE_KINGSAFETY:0.5207144848150709
C_PIECESQUARETABLES:0.4924678201382592
C_MOBILITY:0.5007217971363968
C_KINGSAFETY:0.5
C_PAWNSTRUCTURE:0.5101669567239736
C_PIECECOORDINATION:0.4958269837793591
C_ROOKANDPAWNMOVEMENT:0.4958269837793591
C_CENTERCONTROL:0.48410704706896407
C_DEVELOPPIECES:0.5133804333160955
C_MATERIAL:0.48500655784700036
