ELO:851
CE_PASSEDPAWNS:0.5857708139554716
CE_PAWNWEAKNESSES:0.49947110464246297
CE_PIECEACTIVITY:0.5164684690437359
CE_KINGPAWNSHIELD:0.45744435013890045
CE_PIECECOORDINATION:0.5985861253583803
CE_MATERIAL:0.48069182844443364
CE_KINGSAFETY:0.5438325349082642
C_PIECESQUARETABLES:0.4770778831196954
C_MOBILITY:0.5106750308076052
C_KINGSAFETY:0.4399146178877355
C_PAWNSTRUCTURE:0.46324718257478714
C_PIECECOORDINATION:0.46462137685042987
C_ROOKANDPAWNMOVEMENT:0.46462137685042987
C_CENTERCONTROL:0.5280946653876083
C_DEVELOPPIECES:0.5257812391438129
C_MATERIAL:0.4668524399980591
C_MOVECOUNT:0.5
