ELO:989
CE_PASSEDPAWNS:0.4147354953329483
CE_PAWNWEAKNESSES:0.5691469242264613
CE_PIECEACTIVITY:0.4074112157889052
CE_KINGPAWNSHIELD:0.5280713380238635
CE_PIECECOORDINATION:0.4036319455966877
CE_MATERIAL:0.5396241975451505
CE_KINGSAFETY:0.44465315071626493
C_PIECESQUARETABLES:0.541895696352451
C_MOBILITY:0.5008681400445455
C_KINGSAFETY:0.5390380976561452
C_PAWNSTRUCTURE:0.5664764289070884
C_PIECECOORDINATION:0.6002190500115354
C_ROOKANDPAWNMOVEMENT:0.6002190500115354
C_CENTERCONTROL:0.4462444989064204
C_DEVELOPPIECES:0.5853741298814333
C_MATERIAL:0.5332958508597427
