ELO:1000
CE_PASSEDPAWNS:0.47379163022369686
CE_PAWNWEAKNESSES:0.5268953665857353
CE_PIECEACTIVITY:0.49333905025332475
CE_KINGPAWNSHIELD:0.4679918440793093
CE_PIECECOORDINATION:0.5059992511508347
CE_MATERIAL:0.5406391715412378
CE_KINGSAFETY:0.5245980916375251
C_PIECESQUARETABLES:0.4928971270482991
C_MOBILITY:0.4902977101844442
C_KINGSAFETY:0.5129834220499736
C_PAWNSTRUCTURE:0.49983300572097566
C_PIECECOORDINATION:0.5029893252698732
C_ROOKANDPAWNMOVEMENT:0.5029893252698732
C_CENTERCONTROL:0.48722104479364636
C_DEVELOPPIECES:0.5265814258364495
C_MATERIAL:0.5031421731421948
