ELO:934
CE_PASSEDPAWNS:0.5209060728714614
CE_PAWNWEAKNESSES:0.506006771750754
CE_PIECEACTIVITY:0.4771910425606539
CE_KINGPAWNSHIELD:0.4995811528646436
CE_PIECECOORDINATION:0.47964258880913924
CE_MATERIAL:0.4893278976731659
CE_KINGSAFETY:0.497439614721537
C_PIECESQUARETABLES:0.5089120094329848
C_MOBILITY:0.4900258614247605
C_KINGSAFETY:0.5228351234497919
C_PAWNSTRUCTURE:0.4749076186222514
C_PIECECOORDINATION:0.5205618216044662
C_ROOKANDPAWNMOVEMENT:0.5205618216044662
C_CENTERCONTROL:0.5189024033012711
C_DEVELOPPIECES:0.5004164031108821
C_MATERIAL:0.4858899472993674
C_MOVECOUNT:0.5060076946022777
