ELO:985
CE_PASSEDPAWNS:0.4985720428848092
CE_PAWNWEAKNESSES:0.49729315836286375
CE_PIECEACTIVITY:0.5067729486682072
CE_KINGPAWNSHIELD:0.5050432467413962
CE_PIECECOORDINATION:0.48045650747526436
CE_MATERIAL:0.5
CE_KINGSAFETY:0.5062375423227522
C_PIECESQUARETABLES:0.5083254271256639
C_MOBILITY:0.4946701514416461
C_KINGSAFETY:0.4865925222949418
C_PAWNSTRUCTURE:0.5083741142327778
C_PIECECOORDINATION:0.49729140116070475
C_ROOKANDPAWNMOVEMENT:0.49729140116070475
C_CENTERCONTROL:0.5
C_DEVELOPPIECES:0.48467911444710016
C_MATERIAL:0.4967260108689385
