ELO:1018
CE_PASSEDPAWNS:0.4806865025096647
CE_PAWNWEAKNESSES:0.5290426059079105
CE_PIECEACTIVITY:0.4595094070093999
CE_KINGPAWNSHIELD:0.4655037621708044
CE_PIECECOORDINATION:0.49108054236251336
CE_MATERIAL:0.5260670019269156
CE_KINGSAFETY:0.4910879781647958
C_PIECESQUARETABLES:0.5
C_MOBILITY:0.5301647071509601
C_KINGSAFETY:0.44405939503328457
C_PAWNSTRUCTURE:0.568665620831544
C_PIECECOORDINATION:0.5126697644750108
C_ROOKANDPAWNMOVEMENT:0.5126697644750108
C_CENTERCONTROL:0.574897535147466
C_DEVELOPPIECES:0.4973144498603164
C_MATERIAL:0.5041089656500961
