ELO:1000
CE_PASSEDPAWNS:0.490008377133702
CE_PAWNWEAKNESSES:0.5165026193782916
CE_PIECEACTIVITY:0.49646461457351326
CE_KINGPAWNSHIELD:0.4846759560679978
CE_PIECECOORDINATION:0.48749239334358624
CE_MATERIAL:0.5348284543059004
CE_KINGSAFETY:0.4604525760827857
C_PIECESQUARETABLES:0.5034298679850789
C_MOBILITY:0.49287179747712095
C_KINGSAFETY:0.5343715901892581
C_PAWNSTRUCTURE:0.5047488758185905
C_PIECECOORDINATION:0.5139996504064824
C_ROOKANDPAWNMOVEMENT:0.5139996504064824
C_CENTERCONTROL:0.44336039351570294
C_DEVELOPPIECES:0.5536507564989486
C_MATERIAL:0.4859430181649432
