ELO:1070
CE_PASSEDPAWNS:0.4955273104592464
CE_PAWNWEAKNESSES:0.49724289724791626
CE_PIECEACTIVITY:0.48608314872715286
CE_KINGPAWNSHIELD:0.49795435638811325
CE_PIECECOORDINATION:0.4906594051929775
CE_MATERIAL:0.4883921185230075
CE_KINGSAFETY:0.5
C_PIECESQUARETABLES:0.5
C_MOBILITY:0.47869077114981246
C_KINGSAFETY:0.5178169592379083
C_PAWNSTRUCTURE:0.5
C_PIECECOORDINATION:0.5172284595140588
C_ROOK:0.493374313320691
CE_ROOK:0.49392803174519356
C_CENTERCONTROL:0.5128788715870748
C_DEVELOPPIECES:0.5019174547484602
C_MATERIAL:0.5104270111795414
C_MOVECOUNT:0.5047292587509674
C_PAWNMOVEMENT:0.5033146514761775
