ELO:1000
CE_PASSEDPAWNS:0.5
CE_PAWNWEAKNESSES:0.5
CE_PIECEACTIVITY:0.5079607113092406
CE_KINGPAWNSHIELD:0.5
CE_PIECECOORDINATION:0.5
CE_MATERIAL:0.5
CE_KINGSAFETY:0.5075063850414665
C_PIECESQUARETABLES:0.5122087745530765
C_MOBILITY:0.5
C_KINGSAFETY:0.5
C_PAWNSTRUCTURE:0.504136325630967
C_PIECECOORDINATION:0.5
C_ROOK:0.5
CE_ROOK:0.5113134061715899
C_CENTERCONTROL:0.4890130301801218
C_DEVELOPPIECES:0.5
C_MATERIAL:0.5
C_MOVECOUNT:0.491802482544699
C_PAWNMOVEMENT:0.4939560453024928
