ELO:971
CE_PASSEDPAWNS:0.46886908300084756
CE_PAWNWEAKNESSES:0.4641021468075304
CE_PIECEACTIVITY:0.5020782346576764
CE_KINGPAWNSHIELD:0.5132535811951585
CE_PIECECOORDINATION:0.5085533703952261
CE_MATERIAL:0.5009952691228198
CE_KINGSAFETY:0.5367148285592305
C_PIECESQUARETABLES:0.495283939287458
C_MOBILITY:0.4724683634288345
C_KINGSAFETY:0.5472691352415705
C_PAWNSTRUCTURE:0.49192610401329956
C_PIECECOORDINATION:0.5095253025635009
C_ROOKANDPAWNMOVEMENT:0.5095253025635009
C_CENTERCONTROL:0.524816726253929
C_DEVELOPPIECES:0.5176960430054472
C_MATERIAL:0.5
C_MOVECOUNT:0.5
