ELO:927
CE_PASSEDPAWNS:0.4922138060004828
CE_PAWNWEAKNESSES:0.4839111412945926
CE_PIECEACTIVITY:0.5345885240626004
CE_KINGPAWNSHIELD:0.4120181661721132
CE_PIECECOORDINATION:0.3318610577016567
CE_MATERIAL:0.6029690472443402
CE_KINGSAFETY:0.5018414586120354
C_PIECESQUARETABLES:0.5034075385115974
C_MOBILITY:0.6098577602284648
C_KINGSAFETY:0.48530391762497926
C_PAWNSTRUCTURE:0.5445134601031494
C_PIECECOORDINATION:0.5322561195194898
C_ROOKANDPAWNMOVEMENT:0.5322561195194898
C_CENTERCONTROL:0.4041647771536146
C_DEVELOPPIECES:0.5615866877487257
C_MATERIAL:0.5009530121468074
