ELO:940
CE_PASSEDPAWNS:0.5468987426735944
CE_PAWNWEAKNESSES:0.5086157011884329
CE_PIECEACTIVITY:0.501151942419954
CE_KINGPAWNSHIELD:0.5311359332642606
CE_PIECECOORDINATION:0.47297426354408095
CE_MATERIAL:0.49736627683693374
CE_KINGSAFETY:0.4944667927469905
C_PIECESQUARETABLES:0.5
C_MOBILITY:0.4887192220986659
C_KINGSAFETY:0.5469042286752326
C_PAWNSTRUCTURE:0.4862384422798695
C_PIECECOORDINATION:0.49768959103736427
C_ROOK:0.4696207134391564
CE_ROOK:0.5018756007454915
C_CENTERCONTROL:0.5230647635119017
C_DEVELOPPIECES:0.5337785119094838
C_MATERIAL:0.5071319265368226
C_MOVECOUNT:0.49851660241957546
C_PAWNMOVEMENT:0.49585702553573197
