ELO:1000
CE_PASSEDPAWNS:0.4725480484041179
CE_PAWNWEAKNESSES:0.5319486191170187
CE_PIECEACTIVITY:0.5299888305728003
CE_KINGPAWNSHIELD:0.4603827552979037
CE_PIECECOORDINATION:0.4999325066684554
CE_MATERIAL:0.48411305520400943
CE_KINGSAFETY:0.5106625160261047
C_PIECESQUARETABLES:0.48669545432871986
C_MOBILITY:0.48549193912787436
C_KINGSAFETY:0.43252696812234437
C_PAWNSTRUCTURE:0.5245726426002704
C_PIECECOORDINATION:0.4879695201838446
C_ROOKANDPAWNMOVEMENT:0.4879695201838446
C_CENTERCONTROL:0.45196763793024064
C_DEVELOPPIECES:0.5101113359316978
C_MATERIAL:0.5000146326573113
