ELO:994
CE_PASSEDPAWNS:0.5071076559804834
CE_PAWNWEAKNESSES:0.5
CE_PIECEACTIVITY:0.5079374056839342
CE_KINGPAWNSHIELD:0.5
CE_PIECECOORDINATION:0.49136773480701734
CE_MATERIAL:0.5016006998753606
CE_KINGSAFETY:0.4993407851506227
C_PIECESQUARETABLES:0.5
C_MOBILITY:0.4977614821733709
C_KINGSAFETY:0.48207565128747965
C_PAWNSTRUCTURE:0.49566820927926036
C_PIECECOORDINATION:0.4820004543418327
C_ROOKANDPAWNMOVEMENT:0.4820004543418327
C_CENTERCONTROL:0.5105837434231366
C_DEVELOPPIECES:0.488921734543703
C_MATERIAL:0.5026116242611355
C_MOVECOUNT:0.5
