ELO:955
CE_PASSEDPAWNS:0.5203889944512848
CE_PAWNWEAKNESSES:0.5030384795921323
CE_PIECEACTIVITY:0.5020121623299394
CE_KINGPAWNSHIELD:0.5122062068892639
CE_PIECECOORDINATION:0.5106151472538109
CE_MATERIAL:0.486521017915232
CE_KINGSAFETY:0.49408331747270484
C_PIECESQUARETABLES:0.5065696102312858
C_MOBILITY:0.49154598404051797
C_KINGSAFETY:0.5244990965673938
C_PAWNSTRUCTURE:0.5276317252315823
C_PIECECOORDINATION:0.5098791151249527
C_ROOK:0.5264960647302498
CE_ROOK:0.5258429399304412
C_CENTERCONTROL:0.48108231783258176
C_DEVELOPPIECES:0.49269789683645854
C_MATERIAL:0.49375213826022024
C_MOVECOUNT:0.480298930799541
C_PAWNMOVEMENT:0.4879193429377812
