ELO:976
CE_PASSEDPAWNS:0.47024324806392703
CE_PAWNWEAKNESSES:0.49106146397926903
CE_PIECEACTIVITY:0.49005422986365854
CE_KINGPAWNSHIELD:0.5283943654202103
CE_PIECECOORDINATION:0.48341768166194676
CE_MATERIAL:0.5079965804671647
CE_KINGSAFETY:0.49293851900619523
C_PIECESQUARETABLES:0.4944514233078685
C_MOBILITY:0.5364563614185353
C_KINGSAFETY:0.5423362699408258
C_PAWNSTRUCTURE:0.4938477666674465
C_PIECECOORDINATION:0.5136940522280653
C_ROOKANDPAWNMOVEMENT:0.5136940522280653
C_CENTERCONTROL:0.5127169574103145
C_DEVELOPPIECES:0.5200430510117103
C_MATERIAL:0.5017761809188391
C_MOVECOUNT:0.5
