ELO:888
CE_PASSEDPAWNS:0.6237255819299105
CE_PAWNWEAKNESSES:0.4581667663322955
CE_PIECEACTIVITY:0.5001970038935647
CE_KINGPAWNSHIELD:0.38853347174927527
CE_PIECECOORDINATION:0.5459199272151218
CE_MATERIAL:0.41703743392120535
CE_KINGSAFETY:0.48553576570818063
C_PIECESQUARETABLES:0.5021503798145768
C_MOBILITY:0.5851711199045962
C_KINGSAFETY:0.5422302958509169
C_PAWNSTRUCTURE:0.5306657192836525
C_PIECECOORDINATION:0.5410650384443347
C_ROOKANDPAWNMOVEMENT:0.5410650384443347
C_CENTERCONTROL:0.3695930480316151
C_DEVELOPPIECES:0.4400182250383231
C_MATERIAL:0.46313069181742267
