ELO:863
CE_PASSEDPAWNS:0.558359983470971
CE_PAWNWEAKNESSES:0.4998511896042828
CE_PIECEACTIVITY:0.5136895124356121
CE_KINGPAWNSHIELD:0.4772685862591827
CE_PIECECOORDINATION:0.44529137407113367
CE_MATERIAL:0.5073609899405573
CE_KINGSAFETY:0.5569441224171486
C_PIECESQUARETABLES:0.5350063867809755
C_MOBILITY:0.578796582081919
C_KINGSAFETY:0.4861408554549204
C_PAWNSTRUCTURE:0.5204283177831388
C_PIECECOORDINATION:0.5287673878489559
C_ROOKANDPAWNMOVEMENT:0.5287673878489559
C_CENTERCONTROL:0.5108759387085652
C_DEVELOPPIECES:0.5339024686419431
C_MATERIAL:0.45575359722669023
C_MOVECOUNT:0.42888488563490523
