ELO:1000
CE_PASSEDPAWNS:0.4838973537358657
CE_PAWNWEAKNESSES:0.5082466508466912
CE_PIECEACTIVITY:0.5062239963245799
CE_KINGPAWNSHIELD:0.4773485199545148
CE_PIECECOORDINATION:0.5081649191305041
CE_MATERIAL:0.48951097226443585
CE_KINGSAFETY:0.5170208232228731
C_PIECESQUARETABLES:0.4943543240607251
C_MOBILITY:0.5133588868746811
C_KINGSAFETY:0.4566801806148512
C_PAWNSTRUCTURE:0.5170307936215965
C_PIECECOORDINATION:0.49434273491243325
C_ROOKANDPAWNMOVEMENT:0.49434273491243325
C_CENTERCONTROL:0.4711701351111725
C_DEVELOPPIECES:0.4869117509987062
C_MATERIAL:0.5007322627170745
