ELO:1000
CE_PASSEDPAWNS:0.4630603035406043
CE_PAWNWEAKNESSES:0.528956073070268
CE_PIECEACTIVITY:0.5096605549767717
CE_KINGPAWNSHIELD:0.43577001837235196
CE_PIECECOORDINATION:0.442865210836734
CE_MATERIAL:0.5342866796485906
CE_KINGSAFETY:0.49251751426502766
C_PIECESQUARETABLES:0.5126411998297336
C_MOBILITY:0.4961715835689321
C_KINGSAFETY:0.4606265954893092
C_PAWNSTRUCTURE:0.4900355275553481
C_PIECECOORDINATION:0.5053781768422417
C_ROOKANDPAWNMOVEMENT:0.5053781768422417
C_CENTERCONTROL:0.4673566181273301
C_DEVELOPPIECES:0.5336808051184927
C_MATERIAL:0.5013149445306189
