ELO:988
CE_PASSEDPAWNS:0.4683580577934435
CE_PAWNWEAKNESSES:0.5029614336300838
CE_PIECEACTIVITY:0.5101600095914456
CE_KINGPAWNSHIELD:0.4274917161275439
CE_PIECECOORDINATION:0.3576404946073353
CE_MATERIAL:0.570090906490167
CE_KINGSAFETY:0.45490374058944216
C_PIECESQUARETABLES:0.5192293255328797
C_MOBILITY:0.5204022814407837
C_KINGSAFETY:0.5287696442796557
C_PAWNSTRUCTURE:0.5400343444590349
C_PIECECOORDINATION:0.4692716884307088
C_ROOKANDPAWNMOVEMENT:0.4692716884307088
C_CENTERCONTROL:0.477612793812475
C_DEVELOPPIECES:0.5626255102682449
C_MATERIAL:0.5136045791380632
