ELO:946
CE_PASSEDPAWNS:0.5247343195370973
CE_PAWNWEAKNESSES:0.40399383986845633
CE_PIECEACTIVITY:0.5698630833232158
CE_KINGPAWNSHIELD:0.48462654906117736
CE_PIECECOORDINATION:0.4636767500648172
CE_MATERIAL:0.4166962174694125
CE_KINGSAFETY:0.5024664549527691
C_PIECESQUARETABLES:0.4921679714315376
C_MOBILITY:0.42686665635241544
C_KINGSAFETY:0.5430881926138944
C_PAWNSTRUCTURE:0.5281495876238886
C_PIECECOORDINATION:0.5332021759832314
C_ROOKANDPAWNMOVEMENT:0.5332021759832314
C_CENTERCONTROL:0.42378749196565557
C_DEVELOPPIECES:0.5044156376623574
C_MATERIAL:0.6179845977112254
