ELO:1000
CE_PASSEDPAWNS:0.4578372183971752
CE_PAWNWEAKNESSES:0.5154595386235302
CE_PIECEACTIVITY:0.5056554002113179
CE_KINGPAWNSHIELD:0.43069947794045643
CE_PIECECOORDINATION:0.3980552608001735
CE_MATERIAL:0.5392267646558988
CE_KINGSAFETY:0.4685737784550231
C_PIECESQUARETABLES:0.5106150282835276
C_MOBILITY:0.5200306347174521
C_KINGSAFETY:0.47883591465994263
C_PAWNSTRUCTURE:0.5351988665711108
C_PIECECOORDINATION:0.48246640000223745
C_ROOKANDPAWNMOVEMENT:0.48246640000223745
C_CENTERCONTROL:0.4704920448245336
C_DEVELOPPIECES:0.5181508483650868
C_MATERIAL:0.5173750596531895
