ELO:643
CE_PASSEDPAWNS:0.3801846853603934
CE_PAWNWEAKNESSES:0.5377952844886489
CE_PIECEACTIVITY:0.4960839428018381
CE_KINGPAWNSHIELD:0.45755132148289823
CE_PIECECOORDINATION:0.34747918517500576
CE_MATERIAL:0.46028347908780465
CE_KINGSAFETY:0.46449500093178836
C_PIECESQUARETABLES:0.5481882374327767
C_MOBILITY:0.44142610509492214
C_KINGSAFETY:0.5614441863764665
C_PAWNSTRUCTURE:0.4426154639941051
C_PIECECOORDINATION:0.5154717768564194
C_ROOKANDPAWNMOVEMENT:0.5154717768564194
C_CENTERCONTROL:0.4625387868065964
C_DEVELOPPIECES:0.5229159277134654
C_MATERIAL:0.4439910430083029
C_MOVECOUNT:0.5
