ELO:881
CE_PASSEDPAWNS:0.4543025285041084
CE_PAWNWEAKNESSES:0.5152858129717518
CE_PIECEACTIVITY:0.5263539994181988
CE_KINGPAWNSHIELD:0.3925668516250645
CE_PIECECOORDINATION:0.3170267976323539
CE_MATERIAL:0.6044932972394778
CE_KINGSAFETY:0.49893159310032303
C_PIECESQUARETABLES:0.5228855871806953
C_MOBILITY:0.6239707444097322
C_KINGSAFETY:0.5154662502136212
C_PAWNSTRUCTURE:0.5317600580743634
C_PIECECOORDINATION:0.5531444155631898
C_ROOKANDPAWNMOVEMENT:0.5531444155631898
C_CENTERCONTROL:0.3914588415265199
C_DEVELOPPIECES:0.5078225679750304
C_MATERIAL:0.5090401779839516
