ELO:921
CE_PASSEDPAWNS:0.3909997387297221
CE_PAWNWEAKNESSES:0.4498481646407661
CE_PIECEACTIVITY:0.509339589958651
CE_KINGPAWNSHIELD:0.5130060522609599
CE_PIECECOORDINATION:0.5401031550295571
CE_MATERIAL:0.4974280343394367
CE_KINGSAFETY:0.4674938871169855
C_PIECESQUARETABLES:0.5032283692492153
C_MOBILITY:0.5115314252619585
C_KINGSAFETY:0.4924553209619869
C_PAWNSTRUCTURE:0.48001837496227034
C_PIECECOORDINATION:0.4787465749071683
C_ROOKANDPAWNMOVEMENT:0.4787465749071683
C_CENTERCONTROL:0.5068339786732192
C_DEVELOPPIECES:0.5542047879546715
C_MATERIAL:0.46572696330662466
C_MOVECOUNT:0.5
