ELO:983
CE_PASSEDPAWNS:0.5470796044053742
CE_PAWNWEAKNESSES:0.4851691878698221
CE_PIECEACTIVITY:0.48271837678094376
CE_KINGPAWNSHIELD:0.5323361472735477
CE_PIECECOORDINATION:0.49408958130768293
CE_MATERIAL:0.4920312028271169
CE_KINGSAFETY:0.5
C_PIECESQUARETABLES:0.5
C_MOBILITY:0.5418297695417182
C_KINGSAFETY:0.5450747541718185
C_PAWNSTRUCTURE:0.5024238841134778
C_PIECECOORDINATION:0.49741122983176356
C_ROOK:0.5145064522920132
CE_ROOK:0.5299294655545042
C_CENTERCONTROL:0.5092994106567594
C_DEVELOPPIECES:0.5294616054811255
C_MATERIAL:0.44563619252702674
C_MOVECOUNT:0.49851660241957546
C_PAWNMOVEMENT:0.518687514686579
