ELO:892
CE_PASSEDPAWNS:0.5612789254985328
CE_PAWNWEAKNESSES:0.5120441214652466
CE_PIECEACTIVITY:0.5176588153649794
CE_KINGPAWNSHIELD:0.5263437236133438
CE_PIECECOORDINATION:0.47838754437855
CE_MATERIAL:0.5058313954736191
CE_KINGSAFETY:0.5
C_PIECESQUARETABLES:0.5
C_MOBILITY:0.5133320092527257
C_KINGSAFETY:0.5557892427285234
C_PAWNSTRUCTURE:0.5053530172620554
C_PIECECOORDINATION:0.46601022594100466
C_ROOK:0.4489812563274416
CE_ROOK:0.47612001512438096
C_CENTERCONTROL:0.5073146603461753
C_DEVELOPPIECES:0.5353372159851015
C_MATERIAL:0.5317847280743611
C_MOVECOUNT:0.4935277357330177
C_PAWNMOVEMENT:0.48140904247655936
