ELO:958
CE_PASSEDPAWNS:0.5312263796462878
CE_PAWNWEAKNESSES:0.5073450085776432
CE_PIECEACTIVITY:0.5122204153031686
CE_KINGPAWNSHIELD:0.5323361472735477
CE_PIECECOORDINATION:0.48051556474076684
CE_MATERIAL:0.4954138927246237
CE_KINGSAFETY:0.5
C_PIECESQUARETABLES:0.5
C_MOBILITY:0.48750130933978336
C_KINGSAFETY:0.5351663727152686
C_PAWNSTRUCTURE:0.5032840305306333
C_PIECECOORDINATION:0.46934481466762024
C_ROOK:0.4696207134391564
CE_ROOK:0.4915458131882359
C_CENTERCONTROL:0.5092994106567594
C_DEVELOPPIECES:0.5349235057399085
C_MATERIAL:0.5192001866787412
C_MOVECOUNT:0.49851660241957546
C_PAWNMOVEMENT:0.5015063418613833
