ELO:988
CE_PASSEDPAWNS:0.3876470921097236
CE_PAWNWEAKNESSES:0.4699478208908162
CE_PIECEACTIVITY:0.5256534381721791
CE_KINGPAWNSHIELD:0.542603462243025
CE_PIECECOORDINATION:0.6092782055877115
CE_MATERIAL:0.5188516830891595
CE_KINGSAFETY:0.4914550928207263
C_PIECESQUARETABLES:0.5
C_MOBILITY:0.5738449032353087
C_KINGSAFETY:0.5401644659097458
C_PAWNSTRUCTURE:0.630821664393598
C_PIECECOORDINATION:0.4986838749321523
C_ROOKANDPAWNMOVEMENT:0.4986838749321523
C_CENTERCONTROL:0.3791738811592719
C_DEVELOPPIECES:0.434940131785462
C_MATERIAL:0.5875770842357657
