ELO:1000
CE_PASSEDPAWNS:0.536007793305665
CE_PAWNWEAKNESSES:0.49043361074639547
CE_PIECEACTIVITY:0.5427010280353859
CE_KINGPAWNSHIELD:0.5067275768215228
CE_PIECECOORDINATION:0.5498047401497145
CE_MATERIAL:0.4381465577220634
CE_KINGSAFETY:0.48577151719332934
C_PIECESQUARETABLES:0.5191351839249364
C_MOBILITY:0.4939495861888947
C_KINGSAFETY:0.5021079940263155
C_PAWNSTRUCTURE:0.5297242597801184
C_PIECECOORDINATION:0.4785274526810263
C_ROOKANDPAWNMOVEMENT:0.4785274526810263
C_CENTERCONTROL:0.5167928943383122
C_DEVELOPPIECES:0.49421647541081737
C_MATERIAL:0.5375458951324835
