ELO:628
CE_PASSEDPAWNS:0.37159603764930466
CE_PAWNWEAKNESSES:0.5320698937356839
CE_PIECEACTIVITY:0.49587081947312833
CE_KINGPAWNSHIELD:0.4867437736857185
CE_PIECECOORDINATION:0.33148030693315683
CE_MATERIAL:0.4649120036388712
CE_KINGSAFETY:0.4601876576599224
C_PIECESQUARETABLES:0.5553143681935502
C_MOBILITY:0.44965818071979374
C_KINGSAFETY:0.5712782028691292
C_PAWNSTRUCTURE:0.41979026780015366
C_PIECECOORDINATION:0.5657291703613287
C_ROOKANDPAWNMOVEMENT:0.5657291703613287
C_CENTERCONTROL:0.4414560944001736
C_DEVELOPPIECES:0.5544992124219112
C_MATERIAL:0.4485476153691937
C_MOVECOUNT:0.5
