ELO:1012
CE_PASSEDPAWNS:0.5
CE_PAWNWEAKNESSES:0.5112536267345658
CE_PIECEACTIVITY:0.4974457708304774
CE_KINGPAWNSHIELD:0.5
CE_PIECECOORDINATION:0.5
CE_MATERIAL:0.49125645368476756
CE_KINGSAFETY:0.5
C_PIECESQUARETABLES:0.4953390663214226
C_MOBILITY:0.5
C_KINGSAFETY:0.49117144884723823
C_PAWNSTRUCTURE:0.4921956289230847
C_PIECECOORDINATION:0.5
C_ROOKANDPAWNMOVEMENT:0.5
C_CENTERCONTROL:0.5
C_DEVELOPPIECES:0.5110643102431517
C_MATERIAL:0.49559869585890004
C_MOVECOUNT:0.49951953477975175
