ELO:965
CE_PASSEDPAWNS:0.5203889944512848
CE_PAWNWEAKNESSES:0.4937456674916542
CE_PIECEACTIVITY:0.49587097007487074
CE_KINGPAWNSHIELD:0.5159387219848998
CE_PIECECOORDINATION:0.5106151472538109
CE_MATERIAL:0.486521017915232
CE_KINGSAFETY:0.5009729898794468
C_PIECESQUARETABLES:0.5090531648678196
C_MOBILITY:0.5067026802595119
C_KINGSAFETY:0.5210606945261684
C_PAWNSTRUCTURE:0.5340620283000188
C_PIECECOORDINATION:0.5177199310179194
C_ROOK:0.5264960647302498
CE_ROOK:0.5136055443017995
C_CENTERCONTROL:0.48108231783258176
C_DEVELOPPIECES:0.5021874612235446
C_MATERIAL:0.49375213826022024
C_MOVECOUNT:0.49071016506896825
C_PAWNMOVEMENT:0.4879193429377812
