ELO:991
CE_PASSEDPAWNS:0.5161856469715411
CE_PAWNWEAKNESSES:0.46269316280270284
CE_PIECEACTIVITY:0.5256534381721791
CE_KINGPAWNSHIELD:0.5587084790141518
CE_PIECECOORDINATION:0.4846973356516632
CE_MATERIAL:0.46572352514491683
CE_KINGSAFETY:0.49148344751223
C_PIECESQUARETABLES:0.5
C_MOBILITY:0.5731002595385221
C_KINGSAFETY:0.5188238484182511
C_PAWNSTRUCTURE:0.46054427260367564
C_PIECECOORDINATION:0.5562674503149065
C_ROOKANDPAWNMOVEMENT:0.5562674503149065
C_CENTERCONTROL:0.3628208528192532
C_DEVELOPPIECES:0.5933423053266473
C_MATERIAL:0.627469984818251
