ELO:1025
CE_PASSEDPAWNS:0.5
CE_PAWNWEAKNESSES:0.5
CE_PIECEACTIVITY:0.4937237000658729
CE_KINGPAWNSHIELD:0.5
CE_PIECECOORDINATION:0.507901291661078
CE_MATERIAL:0.5
CE_KINGSAFETY:0.5
C_PIECESQUARETABLES:0.5
C_MOBILITY:0.4911587840713131
C_KINGSAFETY:0.49605629641542076
C_PAWNSTRUCTURE:0.5
C_PIECECOORDINATION:0.5
C_ROOKANDPAWNMOVEMENT:0.5
C_CENTERCONTROL:0.5
C_DEVELOPPIECES:0.5039669809903262
C_MATERIAL:0.5
C_MOVECOUNT:0.5
