ELO:1027
CE_PASSEDPAWNS:0.5
CE_PAWNWEAKNESSES:0.5
CE_PIECEACTIVITY:0.5012219424887812
CE_KINGPAWNSHIELD:0.5
CE_PIECECOORDINATION:0.4973250886132832
CE_MATERIAL:0.49824503669062126
CE_KINGSAFETY:0.5
C_PIECESQUARETABLES:0.5
C_MOBILITY:0.4911587840713131
C_KINGSAFETY:0.49605629641542076
C_PAWNSTRUCTURE:0.5
C_PIECECOORDINATION:0.4967040912129943
C_ROOKANDPAWNMOVEMENT:0.4967040912129943
C_CENTERCONTROL:0.4986429076744816
C_DEVELOPPIECES:0.5
C_MATERIAL:0.5
C_MOVECOUNT:0.5
