ELO:1000
CE_PASSEDPAWNS:0.5498529296515908
CE_PAWNWEAKNESSES:0.47776302851254887
CE_PIECEACTIVITY:0.5507955576972903
CE_KINGPAWNSHIELD:0.5075915602937419
CE_PIECECOORDINATION:0.549370816288732
CE_MATERIAL:0.43173970685560614
CE_KINGSAFETY:0.4648547127295309
C_PIECESQUARETABLES:0.5123594940580348
C_MOBILITY:0.5044200897412038
C_KINGSAFETY:0.49967926237511234
C_PAWNSTRUCTURE:0.5341194961313126
C_PIECECOORDINATION:0.47371925741071
C_ROOKANDPAWNMOVEMENT:0.47371925741071
C_CENTERCONTROL:0.5046751606483268
C_DEVELOPPIECES:0.49330595401026917
C_MATERIAL:0.5431185287688151
