ELO:974
CE_PASSEDPAWNS:0.5239176231332235
CE_PAWNWEAKNESSES:0.4886547461374075
CE_PIECEACTIVITY:0.49241976396575327
CE_KINGPAWNSHIELD:0.5471016103166755
CE_PIECECOORDINATION:0.5074158122845649
CE_MATERIAL:0.47959152558517915
CE_KINGSAFETY:0.4850733853506288
C_PIECESQUARETABLES:0.49466415514654094
C_MOBILITY:0.49688152101163174
C_KINGSAFETY:0.515053913037939
C_PAWNSTRUCTURE:0.5570120814356194
C_PIECECOORDINATION:0.5295839430121607
C_ROOK:0.5376889125743437
CE_ROOK:0.5299294655545042
C_CENTERCONTROL:0.46490945722209753
C_DEVELOPPIECES:0.5115346644478227
C_MATERIAL:0.461953192972692
C_MOVECOUNT:0.5150415219549568
C_PAWNMOVEMENT:0.5044032574312818
