ELO:845
CE_PASSEDPAWNS:0.4548287954316475
CE_PAWNWEAKNESSES:0.49578825082275496
CE_PIECEACTIVITY:0.5333813983157468
CE_KINGPAWNSHIELD:0.3858717942047255
CE_PIECECOORDINATION:0.3189357313404529
CE_MATERIAL:0.6140685907765165
CE_KINGSAFETY:0.4818308159814025
C_PIECESQUARETABLES:0.4907014656830329
C_MOBILITY:0.6153234576770555
C_KINGSAFETY:0.5284443647226701
C_PAWNSTRUCTURE:0.5317661506806262
C_PIECECOORDINATION:0.5464308378741637
C_ROOKANDPAWNMOVEMENT:0.5464308378741637
C_CENTERCONTROL:0.3829996157842108
C_DEVELOPPIECES:0.5195276652425731
C_MATERIAL:0.49467658608115095
