ELO:987
CE_PASSEDPAWNS:0.48880700377395914
CE_PAWNWEAKNESSES:0.4869192128474348
CE_PIECEACTIVITY:0.4897959650429337
CE_KINGPAWNSHIELD:0.5
CE_PIECECOORDINATION:0.5
CE_MATERIAL:0.5
CE_KINGSAFETY:0.49575135644104595
C_PIECESQUARETABLES:0.4997408324135831
C_MOBILITY:0.5
C_KINGSAFETY:0.5059275599205939
C_PAWNSTRUCTURE:0.5
C_PIECECOORDINATION:0.5011862296739058
C_ROOKANDPAWNMOVEMENT:0.5011862296739058
C_CENTERCONTROL:0.5044474314509911
C_DEVELOPPIECES:0.5
C_MATERIAL:0.5096640388631463
C_MOVECOUNT:0.5
