ELO:923
CE_PASSEDPAWNS:0.5024854697686476
CE_PAWNWEAKNESSES:0.4308127749655277
CE_PIECEACTIVITY:0.5360382117083913
CE_KINGPAWNSHIELD:0.48578098839099526
CE_PIECECOORDINATION:0.4538669327861277
CE_MATERIAL:0.42310513513556913
CE_KINGSAFETY:0.5188368684432391
C_PIECESQUARETABLES:0.49798288741228675
C_MOBILITY:0.4468238582640943
C_KINGSAFETY:0.520474466163091
C_PAWNSTRUCTURE:0.5295444830786405
C_PIECECOORDINATION:0.5454019800200121
C_ROOKANDPAWNMOVEMENT:0.5454019800200121
C_CENTERCONTROL:0.421923782401736
C_DEVELOPPIECES:0.5428069088209442
C_MATERIAL:0.6292613983021446
