ELO:972
CE_PASSEDPAWNS:0.4776423873271569
CE_PAWNWEAKNESSES:0.49303157278836574
CE_PIECEACTIVITY:0.4783421577791302
CE_KINGPAWNSHIELD:0.512655621970167
CE_PIECECOORDINATION:0.48688630190304194
CE_MATERIAL:0.5037500006330516
CE_KINGSAFETY:0.4885598377504979
C_PIECESQUARETABLES:0.4997408324135831
C_MOBILITY:0.5013318626647674
C_KINGSAFETY:0.5108386836006364
C_PAWNSTRUCTURE:0.49569943998330906
C_PIECECOORDINATION:0.49213289301469276
C_ROOKANDPAWNMOVEMENT:0.49213289301469276
C_CENTERCONTROL:0.5044474314509911
C_DEVELOPPIECES:0.4955220652006713
C_MATERIAL:0.527677674683458
C_MOVECOUNT:0.5083434617119273
