ELO:968
CE_PASSEDPAWNS:0.4457144957474926
CE_PAWNWEAKNESSES:0.5
CE_PIECEACTIVITY:0.5174322620611115
CE_KINGPAWNSHIELD:0.513980051977531
CE_PIECECOORDINATION:0.5252192101602376
CE_MATERIAL:0.49660803414340243
CE_KINGSAFETY:0.4908006376637631
C_PIECESQUARETABLES:0.516788512247029
C_MOBILITY:0.5170297367126322
C_KINGSAFETY:0.5
C_PAWNSTRUCTURE:0.5
C_PIECECOORDINATION:0.45556325821988874
C_ROOKANDPAWNMOVEMENT:0.45556325821988874
C_CENTERCONTROL:0.49525592787221795
C_DEVELOPPIECES:0.5185644942545868
C_MATERIAL:0.5091945255688596
C_MOVECOUNT:0.5
