ELO:931
CE_PASSEDPAWNS:0.5189178491013656
CE_PAWNWEAKNESSES:0.5130097477565855
CE_PIECEACTIVITY:0.5368402198563219
CE_KINGPAWNSHIELD:0.5087346811631335
CE_PIECECOORDINATION:0.5182885511440357
CE_MATERIAL:0.4869659609315951
CE_KINGSAFETY:0.5102450913085326
C_PIECESQUARETABLES:0.5086030454073652
C_MOBILITY:0.5147696643856483
C_KINGSAFETY:0.5054915379557857
C_PAWNSTRUCTURE:0.49455817724714557
C_PIECECOORDINATION:0.45891995039656225
C_ROOK:0.48925494353375765
CE_ROOK:0.5123621939875301
C_CENTERCONTROL:0.4861421819736671
C_DEVELOPPIECES:0.48668277286838124
C_MATERIAL:0.4786208799631312
C_MOVECOUNT:0.48613370656101323
C_PAWNMOVEMENT:0.5103336439503456
