ELO:979
CE_PASSEDPAWNS:0.49960187135231343
CE_PAWNWEAKNESSES:0.5086770353844704
CE_PIECEACTIVITY:0.49749222406966714
CE_KINGPAWNSHIELD:0.5034762312258925
CE_PIECECOORDINATION:0.5081414081597083
CE_MATERIAL:0.5
CE_KINGSAFETY:0.49101092799039137
C_PIECESQUARETABLES:0.5082094912560369
C_MOBILITY:0.5
C_KINGSAFETY:0.5168512991045091
C_PAWNSTRUCTURE:0.4985811511420874
C_PIECECOORDINATION:0.5
C_ROOKANDPAWNMOVEMENT:0.5
C_CENTERCONTROL:0.5051713913325833
C_DEVELOPPIECES:0.4957681220977716
C_MATERIAL:0.49684029805236735
