ELO:987
CE_PASSEDPAWNS:0.5280434360717076
CE_PAWNWEAKNESSES:0.4318402939470501
CE_PIECEACTIVITY:0.5980981995220448
CE_KINGPAWNSHIELD:0.48229749090322
CE_PIECECOORDINATION:0.522608853769953
CE_MATERIAL:0.4623637486332436
CE_KINGSAFETY:0.5
C_PIECESQUARETABLES:0.5
C_MOBILITY:0.46199121270136595
C_KINGSAFETY:0.4895559239900332
C_PAWNSTRUCTURE:0.5432837122086228
C_PIECECOORDINATION:0.4885462495404235
C_ROOKANDPAWNMOVEMENT:0.4885462495404235
C_CENTERCONTROL:0.4846445255208282
C_DEVELOPPIECES:0.5032271691261265
C_MATERIAL:0.5560947148403882
