ELO:922
CE_PASSEDPAWNS:0.5569899861796404
CE_PAWNWEAKNESSES:0.5047468880392962
CE_PIECEACTIVITY:0.528234672644183
CE_KINGPAWNSHIELD:0.527443949591357
CE_PIECECOORDINATION:0.47838754437855
CE_MATERIAL:0.5058313954736191
CE_KINGSAFETY:0.5146097069448811
C_PIECESQUARETABLES:0.5000974985937484
C_MOBILITY:0.5104102272727338
C_KINGSAFETY:0.5440245445033157
C_PAWNSTRUCTURE:0.49120411691695337
C_PIECECOORDINATION:0.4662284995715456
C_ROOK:0.44816382408898536
CE_ROOK:0.4926476815599767
C_CENTERCONTROL:0.5139400850353766
C_DEVELOPPIECES:0.5353372159851015
C_MATERIAL:0.5242416197194489
C_MOVECOUNT:0.5054302411388093
C_PAWNMOVEMENT:0.4835628811512552
