ELO:920
CE_PASSEDPAWNS:0.5255094436983291
CE_PAWNWEAKNESSES:0.46180083867563915
CE_PIECEACTIVITY:0.4860467629123525
CE_KINGPAWNSHIELD:0.4862629854678901
CE_PIECECOORDINATION:0.47480966600980845
CE_MATERIAL:0.4676123278854872
CE_KINGSAFETY:0.5064931184667555
C_PIECESQUARETABLES:0.5096398194086456
C_MOBILITY:0.5373364338153956
C_KINGSAFETY:0.5200288207123529
C_PAWNSTRUCTURE:0.47858210563522013
C_PIECECOORDINATION:0.4860518967208181
C_ROOKANDPAWNMOVEMENT:0.4860518967208181
C_CENTERCONTROL:0.5135256601309821
C_DEVELOPPIECES:0.5082886286189192
C_MATERIAL:0.533703918924268
C_MOVECOUNT:0.5
