ELO:1016
CE_PASSEDPAWNS:0.5
CE_PAWNWEAKNESSES:0.49995647986484537
CE_PIECEACTIVITY:0.533460350725603
CE_KINGPAWNSHIELD:0.5
CE_PIECECOORDINATION:0.5120784535961252
CE_MATERIAL:0.5
CE_KINGSAFETY:0.49972524365437426
C_PIECESQUARETABLES:0.5
C_MOBILITY:0.5
C_KINGSAFETY:0.4796059267282655
C_PAWNSTRUCTURE:0.5
C_PIECECOORDINATION:0.49148032670912534
C_ROOKANDPAWNMOVEMENT:0.49148032670912534
C_CENTERCONTROL:0.5313026282853763
C_DEVELOPPIECES:0.4987336470860119
C_MATERIAL:0.5
C_MOVECOUNT:0.49264352132871253
