ELO:911
CE_PASSEDPAWNS:0.5275388906104801
CE_PAWNWEAKNESSES:0.610153088549906
CE_PIECEACTIVITY:0.5711741033033898
CE_KINGPAWNSHIELD:0.5360908287182805
CE_PIECECOORDINATION:0.45634137087241794
CE_MATERIAL:0.5604716501137005
CE_KINGSAFETY:0.5429793711568609
C_PIECESQUARETABLES:0.48968599642624666
C_MOBILITY:0.538879483741468
C_KINGSAFETY:0.4256364624113784
C_PAWNSTRUCTURE:0.3655939173434833
C_PIECECOORDINATION:0.46656534646664904
C_ROOKANDPAWNMOVEMENT:0.46656534646664904
C_CENTERCONTROL:0.5451934350725481
C_DEVELOPPIECES:0.5131504519451032
C_MATERIAL:0.4342880314649799
