ELO:1305
CE_PASSEDPAWNS:0.42589201504331353
CE_PAWNWEAKNESSES:0.4810459735361948
CE_PIECEACTIVITY:0.5792929493999103
CE_KINGPAWNSHIELD:0.441784437592015
CE_PIECECOORDINATION:0.4778860349403133
CE_MATERIAL:0.4219611674577594
CE_KINGSAFETY:0.4993843900091204
C_PIECESQUARETABLES:0.4849322451366334
C_MOBILITY:0.4001784495666813
C_KINGSAFETY:0.4059782766895455
C_PAWNSTRUCTURE:0.6062071423993
C_PIECECOORDINATION:0.5585829898285583
C_ROOKANDPAWNMOVEMENT:0.5585829898285583
C_CENTERCONTROL:0.47768334080695474
C_DEVELOPPIECES:0.5406275762690603
C_MATERIAL:0.5840129729389208
