ELO:1260
CE_PASSEDPAWNS:0.4476416470436395
CE_PAWNWEAKNESSES:0.4601095292981203
CE_PIECEACTIVITY:0.44527536166687953
CE_KINGPAWNSHIELD:0.37295618858058843
CE_PIECECOORDINATION:0.5340630590408082
CE_MATERIAL:0.4818623963373173
CE_KINGSAFETY:0.5
C_PIECESQUARETABLES:0.5
C_MOBILITY:0.3976216888052514
C_KINGSAFETY:0.3612025180063923
C_PAWNSTRUCTURE:0.5850499534865369
C_PIECECOORDINATION:0.617331207451572
C_ROOKANDPAWNMOVEMENT:0.617331207451572
C_CENTERCONTROL:0.5074219612996926
C_DEVELOPPIECES:0.4558360349969171
C_MATERIAL:0.6169075193765221
