ELO:911
CE_PASSEDPAWNS:0.5261908648826656
CE_PAWNWEAKNESSES:0.6063170611498714
CE_PIECEACTIVITY:0.5671801339172783
CE_KINGPAWNSHIELD:0.5357679099857517
CE_PIECECOORDINATION:0.45249513856767754
CE_MATERIAL:0.5699590182976595
CE_KINGSAFETY:0.5237399910186058
C_PIECESQUARETABLES:0.48285629316083634
C_MOBILITY:0.5302058370241362
C_KINGSAFETY:0.4301639366124461
C_PAWNSTRUCTURE:0.3902440506489363
C_PIECECOORDINATION:0.4436790856124278
C_ROOKANDPAWNMOVEMENT:0.4436790856124278
C_CENTERCONTROL:0.5440166938212165
C_DEVELOPPIECES:0.5243672728956991
C_MATERIAL:0.44004474672149047
