ELO:891
CE_PASSEDPAWNS:0.49522258910602923
CE_PAWNWEAKNESSES:0.4649330084637744
CE_PIECEACTIVITY:0.48849244585757134
CE_KINGPAWNSHIELD:0.45906963438835346
CE_PIECECOORDINATION:0.4778932817276594
CE_MATERIAL:0.49950430887227354
CE_KINGSAFETY:0.5
C_PIECESQUARETABLES:0.5
C_MOBILITY:0.4858590413957327
C_KINGSAFETY:0.4457759125316463
C_PAWNSTRUCTURE:0.5655530727841382
C_PIECECOORDINATION:0.4954367303266608
C_ROOKANDPAWNMOVEMENT:0.4954367303266608
C_CENTERCONTROL:0.485781762967303
C_DEVELOPPIECES:0.4685989444400152
C_MATERIAL:0.48766554419964564
C_MOVECOUNT:0.5
