ELO:1000
CE_PASSEDPAWNS:0.5079413544143576
CE_PAWNWEAKNESSES:0.48845876884249784
CE_PIECEACTIVITY:0.4848960980025082
CE_KINGPAWNSHIELD:0.49141765937068205
CE_PIECECOORDINATION:0.48574071059462876
CE_MATERIAL:0.5235409296602808
CE_KINGSAFETY:0.489954587929989
C_PIECESQUARETABLES:0.5027713890658652
C_MOBILITY:0.47486820058041784
C_KINGSAFETY:0.49080240543234777
C_PAWNSTRUCTURE:0.48716935084313684
C_PIECECOORDINATION:0.5079449761046578
C_ROOKANDPAWNMOVEMENT:0.5079449761046578
C_CENTERCONTROL:0.5116792464208613
C_DEVELOPPIECES:0.5202492413393239
C_MATERIAL:0.4950347928079185
