ELO:1085
CE_PASSEDPAWNS:0.43310572927495367
CE_PAWNWEAKNESSES:0.5860151057083279
CE_PIECEACTIVITY:0.5872043777148994
CE_KINGPAWNSHIELD:0.5062710674170123
CE_PIECECOORDINATION:0.4751140354287746
CE_MATERIAL:0.47167116795510144
CE_KINGSAFETY:0.5
C_PIECESQUARETABLES:0.4922708797294815
C_MOBILITY:0.4257425243386619
C_KINGSAFETY:0.6009543595079152
C_PAWNSTRUCTURE:0.4646301710943081
C_PIECECOORDINATION:0.4555836798387009
C_ROOKANDPAWNMOVEMENT:0.4555836798387009
C_CENTERCONTROL:0.5975174587179771
C_DEVELOPPIECES:0.5730617617296317
C_MATERIAL:0.40915691178442914
