ELO:1000
CE_PASSEDPAWNS:0.5014525908223197
CE_PAWNWEAKNESSES:0.4897155841877255
CE_PIECEACTIVITY:0.4857022844282296
CE_KINGPAWNSHIELD:0.5013322732254536
CE_PIECECOORDINATION:0.4901901762286572
CE_MATERIAL:0.5245133688719896
CE_KINGSAFETY:0.4860673001005508
C_PIECESQUARETABLES:0.49221735413686335
C_MOBILITY:0.49377535351569085
C_KINGSAFETY:0.5013294116428405
C_PAWNSTRUCTURE:0.5017473149563346
C_PIECECOORDINATION:0.5186546863976736
C_ROOKANDPAWNMOVEMENT:0.5186546863976736
C_CENTERCONTROL:0.5119493122392199
C_DEVELOPPIECES:0.526187193795751
C_MATERIAL:0.4945124442106346
