ELO:956
CE_PASSEDPAWNS:0.5312750742514782
CE_PAWNWEAKNESSES:0.5319153093053882
CE_PIECEACTIVITY:0.5383839983650291
CE_KINGPAWNSHIELD:0.48840826193833625
CE_PIECECOORDINATION:0.4878229970600632
CE_MATERIAL:0.5377311417240345
CE_KINGSAFETY:0.49648413395553864
C_PIECESQUARETABLES:0.47931071374969686
C_MOBILITY:0.5154370704111593
C_KINGSAFETY:0.45598788049280026
C_PAWNSTRUCTURE:0.39757092191459625
C_PIECECOORDINATION:0.47496489310516377
C_ROOKANDPAWNMOVEMENT:0.47496489310516377
C_CENTERCONTROL:0.5219462420407271
C_DEVELOPPIECES:0.5208187598321594
C_MATERIAL:0.46418916000090127
