ELO:1021
CE_PASSEDPAWNS:0.4879916884969286
CE_PAWNWEAKNESSES:0.5042919847240356
CE_PIECEACTIVITY:0.5059767389474146
CE_KINGPAWNSHIELD:0.4896721594899304
CE_PIECECOORDINATION:0.49195583830078216
CE_MATERIAL:0.5
CE_KINGSAFETY:0.5
C_PIECESQUARETABLES:0.5
C_MOBILITY:0.5
C_KINGSAFETY:0.5
C_PAWNSTRUCTURE:0.5
C_PIECECOORDINATION:0.4972224600922539
C_ROOKANDPAWNMOVEMENT:0.4972224600922539
C_CENTERCONTROL:0.5
C_DEVELOPPIECES:0.5
C_MATERIAL:0.5041826710822785
C_MOVECOUNT:0.5
