ELO:911
CE_PASSEDPAWNS:0.4917137835493408
CE_PAWNWEAKNESSES:0.48846364988401353
CE_PIECEACTIVITY:0.5148817003277174
CE_KINGPAWNSHIELD:0.46531162773005563
CE_PIECECOORDINATION:0.47953949500877313
CE_MATERIAL:0.5226914332630377
CE_KINGSAFETY:0.49089753669408165
C_PIECESQUARETABLES:0.47446871605409224
C_MOBILITY:0.4649633305733143
C_KINGSAFETY:0.46110625470079736
C_PAWNSTRUCTURE:0.5333781943986529
C_PIECECOORDINATION:0.49521209951528183
C_ROOKANDPAWNMOVEMENT:0.49521209951528183
C_CENTERCONTROL:0.48157123274081254
C_DEVELOPPIECES:0.5171549181489618
C_MATERIAL:0.5069093467964715
