ELO:916
CE_PASSEDPAWNS:0.4632353893768435
CE_PAWNWEAKNESSES:0.5975652580552939
CE_PIECEACTIVITY:0.5684288226190721
CE_KINGPAWNSHIELD:0.5544270232308536
CE_PIECECOORDINATION:0.41685809361252796
CE_MATERIAL:0.5802181965021255
CE_KINGSAFETY:0.59769003140086
C_PIECESQUARETABLES:0.4923089594378299
C_MOBILITY:0.5419753389021623
C_KINGSAFETY:0.45921912701567386
C_PAWNSTRUCTURE:0.3650301793271306
C_PIECECOORDINATION:0.46623260864472094
C_ROOKANDPAWNMOVEMENT:0.46623260864472094
C_CENTERCONTROL:0.5099088478543434
C_DEVELOPPIECES:0.5403564773411996
C_MATERIAL:0.44210673983651266
