ELO:987
CE_PASSEDPAWNS:0.4780204308542166
CE_PAWNWEAKNESSES:0.4349989939990379
CE_PIECEACTIVITY:0.4360638851717797
CE_KINGPAWNSHIELD:0.5047381893047737
CE_PIECECOORDINATION:0.5646491999802635
CE_MATERIAL:0.4095564321004816
CE_KINGSAFETY:0.5301289856337784
C_PIECESQUARETABLES:0.5124945376508281
C_MOBILITY:0.40949029366807044
C_KINGSAFETY:0.41976629469494764
C_PAWNSTRUCTURE:0.41673085697419404
C_PIECECOORDINATION:0.5454870270156497
C_ROOKANDPAWNMOVEMENT:0.5454870270156497
C_CENTERCONTROL:0.5156478191958425
C_DEVELOPPIECES:0.40419070114250455
C_MATERIAL:0.5566203886186161
