ELO:897
CE_PASSEDPAWNS:0.5005147745483282
CE_PAWNWEAKNESSES:0.6006733401879902
CE_PIECEACTIVITY:0.563559518722972
CE_KINGPAWNSHIELD:0.5245134460858273
CE_PIECECOORDINATION:0.4465703281116766
CE_MATERIAL:0.5786452615230967
CE_KINGSAFETY:0.5710730760155596
C_PIECESQUARETABLES:0.4737504981608383
C_MOBILITY:0.556702296379541
C_KINGSAFETY:0.4344771746362517
C_PAWNSTRUCTURE:0.3643893568107015
C_PIECECOORDINATION:0.458804765343099
C_ROOKANDPAWNMOVEMENT:0.458804765343099
C_CENTERCONTROL:0.5273955198785345
C_DEVELOPPIECES:0.5210155991400507
C_MATERIAL:0.43291338184604244
