ELO:831
CE_PASSEDPAWNS:0.5057154757805208
CE_PAWNWEAKNESSES:0.5246883880341378
CE_PIECEACTIVITY:0.47759243399131945
CE_KINGPAWNSHIELD:0.477934314047252
CE_PIECECOORDINATION:0.5564986706063458
CE_MATERIAL:0.5289364861672583
CE_KINGSAFETY:0.5
C_PIECESQUARETABLES:0.5
C_MOBILITY:0.3810502301927757
C_KINGSAFETY:0.5022112412211701
C_PAWNSTRUCTURE:0.4811529572144869
C_PIECECOORDINATION:0.5203726509902088
C_ROOKANDPAWNMOVEMENT:0.5203726509902088
C_CENTERCONTROL:0.4813612197902274
C_DEVELOPPIECES:0.47672011016899124
C_MATERIAL:0.5749504164167346
C_MOVECOUNT:0.5
