ELO:1018
CE_PASSEDPAWNS:0.47912806477801456
CE_PAWNWEAKNESSES:0.4977326670091991
CE_PIECEACTIVITY:0.5
CE_KINGPAWNSHIELD:0.5
CE_PIECECOORDINATION:0.4926968396747261
CE_MATERIAL:0.5006403452704119
CE_KINGSAFETY:0.5
C_PIECESQUARETABLES:0.5
C_MOBILITY:0.5
C_KINGSAFETY:0.49614098889567076
C_PAWNSTRUCTURE:0.49817597534023766
C_PIECECOORDINATION:0.5107399732473097
C_ROOK:0.4993359940077455
CE_ROOK:0.5
C_CENTERCONTROL:0.5009278599718088
C_DEVELOPPIECES:0.5026729740278436
C_MATERIAL:0.5
C_MOVECOUNT:0.4888952176647281
C_PAWNMOVEMENT:0.5
