ELO:971
CE_PASSEDPAWNS:0.4865072086008022
CE_PAWNWEAKNESSES:0.506898351442782
CE_PIECEACTIVITY:0.49713752614598994
CE_KINGPAWNSHIELD:0.5202923342433504
CE_PIECECOORDINATION:0.5017482596219718
CE_MATERIAL:0.5033510921701524
CE_KINGSAFETY:0.5103827889034628
C_PIECESQUARETABLES:0.5
C_MOBILITY:0.4918502951077089
C_KINGSAFETY:0.4626316928662105
C_PAWNSTRUCTURE:0.5305843082295034
C_PIECECOORDINATION:0.5183387618698375
C_ROOKANDPAWNMOVEMENT:0.5183387618698375
C_CENTERCONTROL:0.4992810540638567
C_DEVELOPPIECES:0.49860808940711276
C_MATERIAL:0.544948455450487
C_MOVECOUNT:0.5
