ELO:983
CE_PASSEDPAWNS:0.5178277374509419
CE_PAWNWEAKNESSES:0.4870457094696732
CE_PIECEACTIVITY:0.48882444365275757
CE_KINGPAWNSHIELD:0.4932140519329677
CE_PIECECOORDINATION:0.4969821018761484
CE_MATERIAL:0.5
CE_KINGSAFETY:0.5103349515623619
C_PIECESQUARETABLES:0.5169213114261434
C_MOBILITY:0.5067071159602283
C_KINGSAFETY:0.5099663350594149
C_PAWNSTRUCTURE:0.4923635005974316
C_PIECECOORDINATION:0.5049177233637465
C_ROOKANDPAWNMOVEMENT:0.5049177233637465
C_CENTERCONTROL:0.5109295571694908
C_DEVELOPPIECES:0.504533962775272
C_MATERIAL:0.5048309039645944
C_MOVECOUNT:0.5
