ELO:927
CE_PASSEDPAWNS:0.46425929214983497
CE_PAWNWEAKNESSES:0.6133519289526391
CE_PIECEACTIVITY:0.5636811861677572
CE_KINGPAWNSHIELD:0.5458795753585575
CE_PIECECOORDINATION:0.43266216851660294
CE_MATERIAL:0.5925243543229209
CE_KINGSAFETY:0.5712984681302375
C_PIECESQUARETABLES:0.4778480834826938
C_MOBILITY:0.5438325998722073
C_KINGSAFETY:0.4542533345054215
C_PAWNSTRUCTURE:0.3650301793271306
C_PIECECOORDINATION:0.49840544386246644
C_ROOKANDPAWNMOVEMENT:0.49840544386246644
C_CENTERCONTROL:0.5201732470092236
C_DEVELOPPIECES:0.5348911594783676
C_MATERIAL:0.4439289481833579
