ELO:1049
CE_PASSEDPAWNS:0.5
CE_PAWNWEAKNESSES:0.5090073923529249
CE_PIECEACTIVITY:0.5235231028364252
CE_KINGPAWNSHIELD:0.4952663971815441
CE_PIECECOORDINATION:0.515551903436208
CE_MATERIAL:0.4936647227553223
CE_KINGSAFETY:0.5
C_PIECESQUARETABLES:0.5
C_MOBILITY:0.4694186944694906
C_KINGSAFETY:0.5076948921057516
C_PAWNSTRUCTURE:0.4951326566476162
C_PIECECOORDINATION:0.493935076261745
C_ROOK:0.5128654996140453
CE_ROOK:0.4988252103537147
C_CENTERCONTROL:0.5
C_DEVELOPPIECES:0.4647401750342283
C_MATERIAL:0.5207333831393444
C_MOVECOUNT:0.47802042898757824
C_PAWNMOVEMENT:0.49552211294162307
