ELO:1036
CE_PASSEDPAWNS:0.4837053003267551
CE_PAWNWEAKNESSES:0.5
CE_PIECEACTIVITY:0.5005067291873136
CE_KINGPAWNSHIELD:0.4909656557843953
CE_PIECECOORDINATION:0.5214771618589702
CE_MATERIAL:0.5
CE_KINGSAFETY:0.5
C_PIECESQUARETABLES:0.5
C_MOBILITY:0.4947937011842226
C_KINGSAFETY:0.49228112518646927
C_PAWNSTRUCTURE:0.5194196246624769
C_PIECECOORDINATION:0.5196892275294726
C_ROOK:0.49956361153595036
CE_ROOK:0.5211191153185273
C_CENTERCONTROL:0.514686348894898
C_DEVELOPPIECES:0.5010440137727993
C_MATERIAL:0.5001096358134437
C_MOVECOUNT:0.5003199788881134
C_PAWNMOVEMENT:0.4890726682780991
