ELO:910
CE_PASSEDPAWNS:0.4464271296490226
CE_PAWNWEAKNESSES:0.5130708673500798
CE_PIECEACTIVITY:0.5018123396521931
CE_KINGPAWNSHIELD:0.5268489945944463
CE_PIECECOORDINATION:0.5393550000667401
CE_MATERIAL:0.4962739057216378
CE_KINGSAFETY:0.49501549029283093
C_PIECESQUARETABLES:0.5112589366304111
C_MOBILITY:0.48666361572106176
C_KINGSAFETY:0.4768163980270282
C_PAWNSTRUCTURE:0.47921163373331654
C_PIECECOORDINATION:0.4889198507522926
C_ROOKANDPAWNMOVEMENT:0.4889198507522926
C_CENTERCONTROL:0.49669703158323875
C_DEVELOPPIECES:0.5405725818655879
C_MATERIAL:0.5153211420881646
C_MOVECOUNT:0.5
