ELO:1074
CE_PASSEDPAWNS:0.4101286414090671
CE_PAWNWEAKNESSES:0.48206022133381143
CE_PIECEACTIVITY:0.4576057145571814
CE_KINGPAWNSHIELD:0.46848208291007115
CE_PIECECOORDINATION:0.5065239077532891
CE_MATERIAL:0.47991007566097194
CE_KINGSAFETY:0.5
C_PIECESQUARETABLES:0.5
C_MOBILITY:0.3494544413743564
C_KINGSAFETY:0.5115874385867005
C_PAWNSTRUCTURE:0.46445092246376524
C_PIECECOORDINATION:0.589942921149836
C_ROOKANDPAWNMOVEMENT:0.589942921149836
C_CENTERCONTROL:0.47788920495943354
C_DEVELOPPIECES:0.5191082021615518
C_MATERIAL:0.5636378109575684
