ELO:1006
CE_PASSEDPAWNS:0.5005945522196311
CE_PAWNWEAKNESSES:0.5033953662509992
CE_PIECEACTIVITY:0.4887871287343347
CE_KINGPAWNSHIELD:0.4959109204104508
CE_PIECECOORDINATION:0.5020106568285081
CE_MATERIAL:0.4999189991335684
CE_KINGSAFETY:0.506235690519217
C_PIECESQUARETABLES:0.5104244069662881
C_MOBILITY:0.486045895012718
C_KINGSAFETY:0.5107137256286702
C_PAWNSTRUCTURE:0.5174658911682213
C_PIECECOORDINATION:0.48811959751738454
C_ROOKANDPAWNMOVEMENT:0.48811959751738454
C_CENTERCONTROL:0.4945753381940766
C_DEVELOPPIECES:0.5010685827798731
C_MATERIAL:0.49343328821870097
