ELO:816
CE_PASSEDPAWNS:0.44865247241672457
CE_PAWNWEAKNESSES:0.48277499408198693
CE_PIECEACTIVITY:0.5917157794639984
CE_KINGPAWNSHIELD:0.48568119830593043
CE_PIECECOORDINATION:0.6290003517202912
CE_MATERIAL:0.5107281936417144
CE_KINGSAFETY:0.5174450332537528
C_PIECESQUARETABLES:0.512891818237627
C_MOBILITY:0.4841449111251176
C_KINGSAFETY:0.5348004409144617
C_PAWNSTRUCTURE:0.6098914066586962
C_PIECECOORDINATION:0.5370816556478091
C_ROOKANDPAWNMOVEMENT:0.5370816556478091
C_CENTERCONTROL:0.6248352298821959
C_DEVELOPPIECES:0.5733405474217707
C_MATERIAL:0.4800511616419585
C_MOVECOUNT:0.5089625467955003
