ELO:873
CE_PASSEDPAWNS:0.5028294959861059
CE_PAWNWEAKNESSES:0.5165022927711169
CE_PIECEACTIVITY:0.5430033445549347
CE_KINGPAWNSHIELD:0.45547566526308103
CE_PIECECOORDINATION:0.48574319910305574
CE_MATERIAL:0.5029194553871218
CE_KINGSAFETY:0.4933734612854384
C_PIECESQUARETABLES:0.4505584817309146
C_MOBILITY:0.43882538799176546
C_KINGSAFETY:0.48181803035471094
C_PAWNSTRUCTURE:0.53075624221804
C_PIECECOORDINATION:0.47886923747353705
C_ROOKANDPAWNMOVEMENT:0.47886923747353705
C_CENTERCONTROL:0.5072804417030655
C_DEVELOPPIECES:0.5015787204132444
C_MATERIAL:0.48978717436876273
