ELO:986
CE_PASSEDPAWNS:0.5349396668849041
CE_PAWNWEAKNESSES:0.517837786481531
CE_PIECEACTIVITY:0.5318451963083086
CE_KINGPAWNSHIELD:0.47694906842644674
CE_PIECECOORDINATION:0.49787681912885773
CE_MATERIAL:0.5550485706144899
CE_KINGSAFETY:0.499704972675888
C_PIECESQUARETABLES:0.5149784417007384
C_MOBILITY:0.49544600115713183
C_KINGSAFETY:0.46461916766173034
C_PAWNSTRUCTURE:0.44739281214554777
C_PIECECOORDINATION:0.5088412859863394
C_ROOKANDPAWNMOVEMENT:0.5088412859863394
C_CENTERCONTROL:0.5261058252929709
C_DEVELOPPIECES:0.5013640236815375
C_MATERIAL:0.5005978719533222
