ELO:1055
CE_PASSEDPAWNS:0.5034507561763385
CE_PAWNWEAKNESSES:0.5534477433413163
CE_PIECEACTIVITY:0.47895758763266594
CE_KINGPAWNSHIELD:0.5231747007757428
CE_PIECECOORDINATION:0.48209927769255473
CE_MATERIAL:0.4963332086602903
CE_KINGSAFETY:0.5
C_PIECESQUARETABLES:0.5
C_MOBILITY:0.5082413240203919
C_KINGSAFETY:0.49780795929225014
C_PAWNSTRUCTURE:0.5071283088989227
C_PIECECOORDINATION:0.5343194762006991
C_ROOK:0.5187550577959981
CE_ROOK:0.49919273348041027
C_CENTERCONTROL:0.5142620723065077
C_DEVELOPPIECES:0.4831363253120554
C_MATERIAL:0.4939853939632152
C_MOVECOUNT:0.4546882607223462
C_PAWNMOVEMENT:0.5060951471904528
