ELO:1021
CE_PASSEDPAWNS:0.47912806477801456
CE_PAWNWEAKNESSES:0.4924254503572776
CE_PIECEACTIVITY:0.4920912590192733
CE_KINGPAWNSHIELD:0.5048673617763483
CE_PIECECOORDINATION:0.4926968396747261
CE_MATERIAL:0.5
CE_KINGSAFETY:0.5
C_PIECESQUARETABLES:0.5
C_MOBILITY:0.5068923201911351
C_KINGSAFETY:0.5
C_PAWNSTRUCTURE:0.49817597534023766
C_PIECECOORDINATION:0.5103376690900769
C_ROOK:0.5082939486574297
CE_ROOK:0.5
C_CENTERCONTROL:0.5055156476960524
C_DEVELOPPIECES:0.4854328376552627
C_MATERIAL:0.48940688832066276
C_MOVECOUNT:0.4843572589500642
C_PAWNMOVEMENT:0.5104097384420568
