ELO:1000
CE_PASSEDPAWNS:0.49402460393320263
CE_PAWNWEAKNESSES:0.5008928050522574
CE_PIECEACTIVITY:0.4857022844282296
CE_KINGPAWNSHIELD:0.48954950083313337
CE_PIECECOORDINATION:0.5048236422471554
CE_MATERIAL:0.5042396162686807
CE_KINGSAFETY:0.4991211969761044
C_PIECESQUARETABLES:0.49343928150358607
C_MOBILITY:0.5032071562468965
C_KINGSAFETY:0.4980875513270655
C_PAWNSTRUCTURE:0.5005928095287426
C_PIECECOORDINATION:0.5134477377642283
C_ROOKANDPAWNMOVEMENT:0.5134477377642283
C_CENTERCONTROL:0.5116540955922391
C_DEVELOPPIECES:0.5195543297711793
C_MATERIAL:0.4947358999435968
