ELO:890
CE_PASSEDPAWNS:0.4375963746204981
CE_PAWNWEAKNESSES:0.5795110808541538
CE_PIECEACTIVITY:0.5797418500290293
CE_KINGPAWNSHIELD:0.5322203461609154
CE_PIECECOORDINATION:0.37505061535669515
CE_MATERIAL:0.5842264201936253
CE_KINGSAFETY:0.48502053046058136
C_PIECESQUARETABLES:0.48713969485159553
C_MOBILITY:0.32020203958763543
C_KINGSAFETY:0.3619856269208414
C_PAWNSTRUCTURE:0.42284523311615896
C_PIECECOORDINATION:0.5140223956946909
C_ROOKANDPAWNMOVEMENT:0.5140223956946909
C_CENTERCONTROL:0.46389437722012405
C_DEVELOPPIECES:0.5418376376948256
C_MATERIAL:0.5654056953828603
