ELO:1055
CE_PASSEDPAWNS:0.4382366343002822
CE_PAWNWEAKNESSES:0.4290698103168247
CE_PIECEACTIVITY:0.44047606498990055
CE_KINGPAWNSHIELD:0.37295618858058843
CE_PIECECOORDINATION:0.47454125103040584
CE_MATERIAL:0.3389541221749532
CE_KINGSAFETY:0.5125631119462017
C_PIECESQUARETABLES:0.4874174110043808
C_MOBILITY:0.38199997811389763
C_KINGSAFETY:0.4311173046805429
C_PAWNSTRUCTURE:0.5152773420855528
C_PIECECOORDINATION:0.5746698981310009
C_ROOKANDPAWNMOVEMENT:0.5746698981310009
C_CENTERCONTROL:0.50587676241103
C_DEVELOPPIECES:0.45588024667206817
C_MATERIAL:0.4867135906972538
