ELO:921
CE_PASSEDPAWNS:0.46425929214983497
CE_PAWNWEAKNESSES:0.5924319261366713
CE_PIECEACTIVITY:0.5586264376991468
CE_KINGPAWNSHIELD:0.5235572981430052
CE_PIECECOORDINATION:0.42994558762556345
CE_MATERIAL:0.593913932432221
CE_KINGSAFETY:0.5746144823711415
C_PIECESQUARETABLES:0.4715109368288205
C_MOBILITY:0.5598380811956472
C_KINGSAFETY:0.46148587104013455
C_PAWNSTRUCTURE:0.36477970904581536
C_PIECECOORDINATION:0.4957493580002313
C_ROOKANDPAWNMOVEMENT:0.4957493580002313
C_CENTERCONTROL:0.5106694368899454
C_DEVELOPPIECES:0.5379671678342022
C_MATERIAL:0.4401630039524504
