ELO:1039
CE_PASSEDPAWNS:0.4837053003267551
CE_PAWNWEAKNESSES:0.503933769595215
CE_PIECEACTIVITY:0.4883723620634524
CE_KINGPAWNSHIELD:0.4952663971815441
CE_PIECECOORDINATION:0.515551903436208
CE_MATERIAL:0.5207688268285212
CE_KINGSAFETY:0.5
C_PIECESQUARETABLES:0.5
C_MOBILITY:0.4879524060363921
C_KINGSAFETY:0.48826985307553
C_PAWNSTRUCTURE:0.5123668856146419
C_PIECECOORDINATION:0.5079180652024708
C_ROOK:0.5
CE_ROOK:0.4960860099806561
C_CENTERCONTROL:0.4925706165565375
C_DEVELOPPIECES:0.5006241851502293
C_MATERIAL:0.4972205291485834
C_MOVECOUNT:0.4857680172518808
C_PAWNMOVEMENT:0.4992136450606166
