ELO:1047
CE_PASSEDPAWNS:0.5023498298700007
CE_PAWNWEAKNESSES:0.503933769595215
CE_PIECEACTIVITY:0.5235231028364252
CE_KINGPAWNSHIELD:0.5053802018525926
CE_PIECECOORDINATION:0.49497185582231373
CE_MATERIAL:0.5207688268285212
CE_KINGSAFETY:0.5
C_PIECESQUARETABLES:0.5
C_MOBILITY:0.5
C_KINGSAFETY:0.5076948921057516
C_PAWNSTRUCTURE:0.4767873884047411
C_PIECECOORDINATION:0.518897196640127
C_ROOK:0.4828610962900275
CE_ROOK:0.4960860099806561
C_CENTERCONTROL:0.4931333366455676
C_DEVELOPPIECES:0.5076416731541868
C_MATERIAL:0.4729796226216417
C_MOVECOUNT:0.4846707064941805
C_PAWNMOVEMENT:0.5018790929858505
