ELO:973
CE_PASSEDPAWNS:0.48852561772875885
CE_PAWNWEAKNESSES:0.48501549785183723
CE_PIECEACTIVITY:0.5028516957121038
CE_KINGPAWNSHIELD:0.5224668484359027
CE_PIECECOORDINATION:0.5244347597232449
CE_MATERIAL:0.5117573153905148
CE_KINGSAFETY:0.5
C_PIECESQUARETABLES:0.5
C_MOBILITY:0.4791886594732823
C_KINGSAFETY:0.507591314187578
C_PAWNSTRUCTURE:0.49646629819895893
C_PIECECOORDINATION:0.4812726094993716
C_ROOKANDPAWNMOVEMENT:0.4812726094993716
C_CENTERCONTROL:0.5056236674602052
C_DEVELOPPIECES:0.5164415294912715
C_MATERIAL:0.5181720897196389
C_MOVECOUNT:0.5
