ELO:986
CE_PASSEDPAWNS:0.5322370683345736
CE_PAWNWEAKNESSES:0.5285843867549961
CE_PIECEACTIVITY:0.5495877975161211
CE_KINGPAWNSHIELD:0.478455148102767
CE_PIECECOORDINATION:0.4908362277435067
CE_MATERIAL:0.5442038974542581
CE_KINGSAFETY:0.49252029823440596
C_PIECESQUARETABLES:0.4846782870946885
C_MOBILITY:0.4897866314645517
C_KINGSAFETY:0.4642900601465944
C_PAWNSTRUCTURE:0.41124666434444374
C_PIECECOORDINATION:0.486929580794077
C_ROOKANDPAWNMOVEMENT:0.486929580794077
C_CENTERCONTROL:0.5262598304281864
C_DEVELOPPIECES:0.5006581837508859
C_MATERIAL:0.48089827997299056
