ELO:830
CE_PASSEDPAWNS:0.49339190576962866
CE_PAWNWEAKNESSES:0.4860472058708781
CE_PIECEACTIVITY:0.44781468298782867
CE_KINGPAWNSHIELD:0.505055762900994
CE_PIECECOORDINATION:0.40945996692068315
CE_MATERIAL:0.5286983389453367
CE_KINGSAFETY:0.4916105347511864
C_PIECESQUARETABLES:0.4981370127391226
C_MOBILITY:0.41130747333390444
C_KINGSAFETY:0.5210629728080206
C_PAWNSTRUCTURE:0.582622887828929
C_PIECECOORDINATION:0.5274069761966333
C_ROOKANDPAWNMOVEMENT:0.5274069761966333
C_CENTERCONTROL:0.5069029393778037
C_DEVELOPPIECES:0.49041961250890853
C_MATERIAL:0.5591080641135399
C_MOVECOUNT:0.5
