ELO:999
CE_PASSEDPAWNS:0.5
CE_PAWNWEAKNESSES:0.5
CE_PIECEACTIVITY:0.5
CE_KINGPAWNSHIELD:0.5
CE_PIECECOORDINATION:0.4853947895023815
CE_MATERIAL:0.49010788065981264
CE_KINGSAFETY:0.5
C_PIECESQUARETABLES:0.5
C_MOBILITY:0.5
C_KINGSAFETY:0.5
C_PAWNSTRUCTURE:0.4957077863826314
C_PIECECOORDINATION:0.5
C_ROOKANDPAWNMOVEMENT:0.5
C_CENTERCONTROL:0.5143475361867451
C_DEVELOPPIECES:0.5123507158252396
C_MATERIAL:0.5033978444699192
C_MOVECOUNT:0.48931224733363227
