ELO:995
CE_PASSEDPAWNS:0.39774643681349753
CE_PAWNWEAKNESSES:0.44542974891888637
CE_PIECEACTIVITY:0.5975814565428466
CE_KINGPAWNSHIELD:0.48739238891923237
CE_PIECECOORDINATION:0.5138962178399454
CE_MATERIAL:0.5476397138282653
CE_KINGSAFETY:0.5097676853621468
C_PIECESQUARETABLES:0.5
C_MOBILITY:0.4973804783982968
C_KINGSAFETY:0.5555396845641076
C_PAWNSTRUCTURE:0.5005190867912015
C_PIECECOORDINATION:0.5562674503149065
C_ROOKANDPAWNMOVEMENT:0.5562674503149065
C_CENTERCONTROL:0.3628208528192532
C_DEVELOPPIECES:0.5118432767988913
C_MATERIAL:0.590698987520115
