ELO:889
CE_PASSEDPAWNS:0.504762537896274
CE_PAWNWEAKNESSES:0.4986969170268127
CE_PIECEACTIVITY:0.5271105955133021
CE_KINGPAWNSHIELD:0.4551555844939894
CE_PIECECOORDINATION:0.47953949500877313
CE_MATERIAL:0.5198920162492259
CE_KINGSAFETY:0.4967369085323087
C_PIECESQUARETABLES:0.46213692635096343
C_MOBILITY:0.4427328904787102
C_KINGSAFETY:0.4810137757787226
C_PAWNSTRUCTURE:0.534636508607548
C_PIECECOORDINATION:0.47029968374429465
C_ROOKANDPAWNMOVEMENT:0.47029968374429465
C_CENTERCONTROL:0.49022718023898215
C_DEVELOPPIECES:0.5082488546405785
C_MATERIAL:0.48064803326258243
