ELO:1043
CE_PASSEDPAWNS:0.48432574673130596
CE_PAWNWEAKNESSES:0.5131400704388956
CE_PIECEACTIVITY:0.5061512893869018
CE_KINGPAWNSHIELD:0.4805823021636995
CE_PIECECOORDINATION:0.48223038506638427
CE_MATERIAL:0.48426420079647864
CE_KINGSAFETY:0.5
C_PIECESQUARETABLES:0.5
C_MOBILITY:0.5048071759022635
C_KINGSAFETY:0.4866629361882198
C_PAWNSTRUCTURE:0.5217660696434157
C_PIECECOORDINATION:0.5164738090207023
C_ROOK:0.47111450233252583
CE_ROOK:0.48480217721597585
C_CENTERCONTROL:0.4931333366455676
C_DEVELOPPIECES:0.49914624624872594
C_MATERIAL:0.4694591356605998
C_MOVECOUNT:0.4893946631901586
C_PAWNMOVEMENT:0.5111201784368744
