ELO:1045
CE_PASSEDPAWNS:0.5043311997820308
CE_PAWNWEAKNESSES:0.49552758885669784
CE_PIECEACTIVITY:0.5
CE_KINGPAWNSHIELD:0.5060121857341368
CE_PIECECOORDINATION:0.4926968396747261
CE_MATERIAL:0.5
CE_KINGSAFETY:0.5
C_PIECESQUARETABLES:0.5
C_MOBILITY:0.5
C_KINGSAFETY:0.5
C_PAWNSTRUCTURE:0.5
C_PIECECOORDINATION:0.5124872349890299
C_ROOK:0.5040680513327354
CE_ROOK:0.5
C_CENTERCONTROL:0.5051137245676748
C_DEVELOPPIECES:0.49041085349956115
C_MATERIAL:0.48940688832066276
C_MOVECOUNT:0.4839318357483658
C_PAWNMOVEMENT:0.4904676925178619
