ELO:949
CE_PASSEDPAWNS:0.509839813855086
CE_PAWNWEAKNESSES:0.5113165252614562
CE_PIECEACTIVITY:0.5
CE_KINGPAWNSHIELD:0.5287120785520854
CE_PIECECOORDINATION:0.5245399510805944
CE_MATERIAL:0.5061175745492842
CE_KINGSAFETY:0.4964990998459728
C_PIECESQUARETABLES:0.5139208552428126
C_MOBILITY:0.46729137491240175
C_KINGSAFETY:0.4956363057292093
C_PAWNSTRUCTURE:0.5028196516276866
C_PIECECOORDINATION:0.5373584145028534
C_ROOKANDPAWNMOVEMENT:0.5373584145028534
C_CENTERCONTROL:0.5085787962701823
C_DEVELOPPIECES:0.510751033905451
C_MATERIAL:0.5030748191824964
C_MOVECOUNT:0.5
