ELO:780
CE_PASSEDPAWNS:0.4582755417017284
CE_PAWNWEAKNESSES:0.5328761418649584
CE_PIECEACTIVITY:0.5166474924647567
CE_KINGPAWNSHIELD:0.44233351746850835
CE_PIECECOORDINATION:0.40768921289072374
CE_MATERIAL:0.4242795331153596
CE_KINGSAFETY:0.47579807496953924
C_PIECESQUARETABLES:0.5079558782981193
C_MOBILITY:0.45640934755140034
C_KINGSAFETY:0.5028809534643094
C_PAWNSTRUCTURE:0.5286883011725482
C_PIECECOORDINATION:0.4797028135059576
C_ROOKANDPAWNMOVEMENT:0.4797028135059576
C_CENTERCONTROL:0.456152843542985
C_DEVELOPPIECES:0.6857750344107272
C_MATERIAL:0.461965308671835
C_MOVECOUNT:0.5086220772789696
