ELO:1055
CE_PASSEDPAWNS:0.5
CE_PAWNWEAKNESSES:0.5031733976868626
CE_PIECEACTIVITY:0.5
CE_KINGPAWNSHIELD:0.49651369110174554
CE_PIECECOORDINATION:0.5214771618589702
CE_MATERIAL:0.4936647227553223
CE_KINGSAFETY:0.5
C_PIECESQUARETABLES:0.5
C_MOBILITY:0.5073177390941198
C_KINGSAFETY:0.4882985501827743
C_PAWNSTRUCTURE:0.5020962607104891
C_PIECECOORDINATION:0.5212354776553324
C_ROOK:0.4863793706532083
CE_ROOK:0.49552285313019595
C_CENTERCONTROL:0.4810849226389004
C_DEVELOPPIECES:0.49283485368857105
C_MATERIAL:0.5136957097552839
C_MOVECOUNT:0.5025186591504032
C_PAWNMOVEMENT:0.4870259075401598
