ELO:1015
CE_PASSEDPAWNS:0.513319393637521
CE_PAWNWEAKNESSES:0.5013687339099834
CE_PIECEACTIVITY:0.4956251599655687
CE_KINGPAWNSHIELD:0.5
CE_PIECECOORDINATION:0.5
CE_MATERIAL:0.5121596675644918
CE_KINGSAFETY:0.5008818178767135
C_PIECESQUARETABLES:0.5
C_MOBILITY:0.5
C_KINGSAFETY:0.5
C_PAWNSTRUCTURE:0.5
C_PIECECOORDINATION:0.494406382381793
C_ROOKANDPAWNMOVEMENT:0.494406382381793
C_CENTERCONTROL:0.5100995958650341
C_DEVELOPPIECES:0.5075849753146546
C_MATERIAL:0.5
C_MOVECOUNT:0.5
