ELO:713
CE_PASSEDPAWNS:0.6545292106692555
CE_PAWNWEAKNESSES:0.5812738471116077
CE_PIECEACTIVITY:0.4857153392095475
CE_KINGPAWNSHIELD:0.5503679531827155
CE_PIECECOORDINATION:0.432889820958094
CE_MATERIAL:0.5302627361546877
CE_KINGSAFETY:0.5003009954033565
C_PIECESQUARETABLES:0.5011270448908275
C_MOBILITY:0.47942678908613695
C_KINGSAFETY:0.4603446354272327
C_PAWNSTRUCTURE:0.43623976320854974
C_PIECECOORDINATION:0.5089064111291717
C_ROOKANDPAWNMOVEMENT:0.5089064111291717
C_CENTERCONTROL:0.5093887029819786
C_DEVELOPPIECES:0.49641327380850364
C_MATERIAL:0.49165769517913177
C_MOVECOUNT:0.4753856544660516
