ELO:795
CE_PASSEDPAWNS:0.49418817292596806
CE_PAWNWEAKNESSES:0.5213336809773843
CE_PIECEACTIVITY:0.4856688945607197
CE_KINGPAWNSHIELD:0.4757123460001956
CE_PIECECOORDINATION:0.5204945046586986
CE_MATERIAL:0.49574439331761055
CE_KINGSAFETY:0.4959064652469515
C_PIECESQUARETABLES:0.4948224885296598
C_MOBILITY:0.5484870095824083
C_KINGSAFETY:0.43949871380202493
C_PAWNSTRUCTURE:0.4880791041787718
C_PIECECOORDINATION:0.551299701798924
C_ROOKANDPAWNMOVEMENT:0.551299701798924
C_CENTERCONTROL:0.4882130640265583
C_DEVELOPPIECES:0.5092039899882534
C_MATERIAL:0.5369075199927633
C_MOVECOUNT:0.5051021079556071
