ELO:786
CE_PASSEDPAWNS:0.5912541312473779
CE_PAWNWEAKNESSES:0.548499407879976
CE_PIECEACTIVITY:0.4662792602329953
CE_KINGPAWNSHIELD:0.5304712766305107
CE_PIECECOORDINATION:0.4549380775873386
CE_MATERIAL:0.49252299556462226
CE_KINGSAFETY:0.49512511710288515
C_PIECESQUARETABLES:0.5
C_MOBILITY:0.5056064276655158
C_KINGSAFETY:0.5172774820583919
C_PAWNSTRUCTURE:0.445176972703857
C_PIECECOORDINATION:0.4198873686217165
C_ROOKANDPAWNMOVEMENT:0.4198873686217165
C_CENTERCONTROL:0.502213911867428
C_DEVELOPPIECES:0.539940552232252
C_MATERIAL:0.5263011093652747
C_MOVECOUNT:0.5088234753434909
