ELO:988
CE_PASSEDPAWNS:0.5405096160691674
CE_PAWNWEAKNESSES:0.47898246938716293
CE_PIECEACTIVITY:0.5355645629694721
CE_KINGPAWNSHIELD:0.5599465954910741
CE_PIECECOORDINATION:0.5007757445765353
CE_MATERIAL:0.46572352514491683
CE_KINGSAFETY:0.5
C_PIECESQUARETABLES:0.4983620810447875
C_MOBILITY:0.5731414884420653
C_KINGSAFETY:0.5272392953537528
C_PAWNSTRUCTURE:0.46054427260367564
C_PIECECOORDINATION:0.5031273470069159
C_ROOKANDPAWNMOVEMENT:0.5031273470069159
C_CENTERCONTROL:0.3610602294321343
C_DEVELOPPIECES:0.4428905008882577
C_MATERIAL:0.6345612534862537
