ELO:1000
CE_PASSEDPAWNS:0.43914401998657854
CE_PAWNWEAKNESSES:0.4790665983380765
CE_PIECEACTIVITY:0.49658860981699826
CE_KINGPAWNSHIELD:0.5074629752088753
CE_PIECECOORDINATION:0.5755201569459882
CE_MATERIAL:0.4965445634009794
CE_KINGSAFETY:0.4496860560725206
C_PIECESQUARETABLES:0.47015672221850807
C_MOBILITY:0.5576867277107201
C_KINGSAFETY:0.5717539428285002
C_PAWNSTRUCTURE:0.4873857291022803
C_PIECECOORDINATION:0.49844086635245366
C_ROOKANDPAWNMOVEMENT:0.49844086635245366
C_CENTERCONTROL:0.48669417191880254
C_DEVELOPPIECES:0.43428873060839274
C_MATERIAL:0.5675572670765594
