ELO:956
CE_PASSEDPAWNS:0.6096221270766491
CE_PAWNWEAKNESSES:0.5775492240195549
CE_PIECEACTIVITY:0.4358623929673329
CE_KINGPAWNSHIELD:0.5016301293737288
CE_PIECECOORDINATION:0.5277580747350115
CE_MATERIAL:0.48603688783886656
CE_KINGSAFETY:0.4995125099843463
C_PIECESQUARETABLES:0.5172770571618918
C_MOBILITY:0.34560983670398515
C_KINGSAFETY:0.5610370759276371
C_PAWNSTRUCTURE:0.4519549189272393
C_PIECECOORDINATION:0.5198189735946923
C_ROOKANDPAWNMOVEMENT:0.5198189735946923
C_CENTERCONTROL:0.3654971149370666
C_DEVELOPPIECES:0.4498785372529279
C_MATERIAL:0.5680034470117679
