ELO:919
CE_PASSEDPAWNS:0.5351855873171124
CE_PAWNWEAKNESSES:0.4787912904144366
CE_PIECEACTIVITY:0.5138344438362868
CE_KINGPAWNSHIELD:0.5108982420477788
CE_PIECECOORDINATION:0.47040219477868234
CE_MATERIAL:0.5090525656638205
CE_KINGSAFETY:0.520752804816396
C_PIECESQUARETABLES:0.5209623012214215
C_MOBILITY:0.5149356095773197
C_KINGSAFETY:0.4903836495671879
C_PAWNSTRUCTURE:0.47542991577078897
C_PIECECOORDINATION:0.4792162788714782
C_ROOKANDPAWNMOVEMENT:0.4792162788714782
C_CENTERCONTROL:0.5017421204550615
C_DEVELOPPIECES:0.4989529627157254
C_MATERIAL:0.5187822292349892
C_MOVECOUNT:0.5
