ELO:897
CE_PASSEDPAWNS:0.4535987005784219
CE_PAWNWEAKNESSES:0.5459071893581731
CE_PIECEACTIVITY:0.5670074134996222
CE_KINGPAWNSHIELD:0.5446895164525678
CE_PIECECOORDINATION:0.5155277249894089
CE_MATERIAL:0.522624983090051
CE_KINGSAFETY:0.5029684357180594
C_PIECESQUARETABLES:0.4980191959291501
C_MOBILITY:0.49873154281036725
C_KINGSAFETY:0.49907519622379787
C_PAWNSTRUCTURE:0.4879158881514721
C_PIECECOORDINATION:0.5426445968065445
C_ROOKANDPAWNMOVEMENT:0.5426445968065445
C_CENTERCONTROL:0.5667777503015744
C_DEVELOPPIECES:0.5002252831754678
C_MATERIAL:0.45541019003095035
C_MOVECOUNT:0.5
