ELO:1000
CE_PASSEDPAWNS:0.5006663739974057
CE_PAWNWEAKNESSES:0.49034693817966185
CE_PIECEACTIVITY:0.5024138320143601
CE_KINGPAWNSHIELD:0.5205194709389833
CE_PIECECOORDINATION:0.5019388326293478
CE_MATERIAL:0.5027764834225692
CE_KINGSAFETY:0.5063596135797452
C_PIECESQUARETABLES:0.5030573372374626
C_MOBILITY:0.5110937926230527
C_KINGSAFETY:0.5134155718461602
C_PAWNSTRUCTURE:0.49405765420261555
C_PIECECOORDINATION:0.49569330788938587
C_ROOKANDPAWNMOVEMENT:0.49569330788938587
C_CENTERCONTROL:0.5192662677099791
C_DEVELOPPIECES:0.4984612584513958
C_MATERIAL:0.48338355021387663
