ELO:985
CE_PASSEDPAWNS:0.5386035151033746
CE_PAWNWEAKNESSES:0.46919017091574944
CE_PIECEACTIVITY:0.44534581729888323
CE_KINGPAWNSHIELD:0.5067222426553234
CE_PIECECOORDINATION:0.5120867339881177
CE_MATERIAL:0.47452163395166075
CE_KINGSAFETY:0.506404592547948
C_PIECESQUARETABLES:0.5098223457079186
C_MOBILITY:0.48925456115481936
C_KINGSAFETY:0.5416867057463703
C_PAWNSTRUCTURE:0.5580531647134741
C_PIECECOORDINATION:0.42239980920460424
C_ROOKANDPAWNMOVEMENT:0.42239980920460424
C_CENTERCONTROL:0.5317698135677449
C_DEVELOPPIECES:0.48126630430621664
C_MATERIAL:0.49404171053773926
