ELO:958
CE_PASSEDPAWNS:0.492606063083925
CE_PAWNWEAKNESSES:0.500871479151298
CE_PIECEACTIVITY:0.5063429217329696
CE_KINGPAWNSHIELD:0.5217227485765399
CE_PIECECOORDINATION:0.48975260246758523
CE_MATERIAL:0.5098318840420516
CE_KINGSAFETY:0.4915428521258167
C_PIECESQUARETABLES:0.5219226337792628
C_MOBILITY:0.4577913805529887
C_KINGSAFETY:0.5014258732232053
C_PAWNSTRUCTURE:0.487903748688499
C_PIECECOORDINATION:0.5557146505918659
C_ROOKANDPAWNMOVEMENT:0.5557146505918659
C_CENTERCONTROL:0.4598336211654699
C_DEVELOPPIECES:0.5186846475988213
C_MATERIAL:0.520141650562365
C_MOVECOUNT:0.5
