ELO:864
CE_PASSEDPAWNS:0.4939432650938861
CE_PAWNWEAKNESSES:0.4893169947898935
CE_PIECEACTIVITY:0.5219836510355723
CE_KINGPAWNSHIELD:0.5596399504845373
CE_PIECECOORDINATION:0.478846138696751
CE_MATERIAL:0.49707183652750214
CE_KINGSAFETY:0.49720199467495513
C_PIECESQUARETABLES:0.48975241223028365
C_MOBILITY:0.4770505248543694
C_KINGSAFETY:0.36231775251851217
C_PAWNSTRUCTURE:0.5602849171010146
C_PIECECOORDINATION:0.5389537184585578
C_ROOKANDPAWNMOVEMENT:0.5389537184585578
C_CENTERCONTROL:0.5035113475692745
C_DEVELOPPIECES:0.4703069487234638
C_MATERIAL:0.5226578737806787
C_MOVECOUNT:0.5
