ELO:892
CE_PASSEDPAWNS:0.5209710145025126
CE_PAWNWEAKNESSES:0.46474271002922546
CE_PIECEACTIVITY:0.49431441968709716
CE_KINGPAWNSHIELD:0.5298234943840527
CE_PIECECOORDINATION:0.43554183992401413
CE_MATERIAL:0.500616807193228
CE_KINGSAFETY:0.5663540449709429
C_PIECESQUARETABLES:0.5190120882987687
C_MOBILITY:0.5277080219153293
C_KINGSAFETY:0.45269700445118455
C_PAWNSTRUCTURE:0.40656184030822384
C_PIECECOORDINATION:0.485783583477145
C_ROOKANDPAWNMOVEMENT:0.485783583477145
C_CENTERCONTROL:0.5261251117429622
C_DEVELOPPIECES:0.5704662194092135
C_MATERIAL:0.49316662806961425
C_MOVECOUNT:0.5
