ELO:987
CE_PASSEDPAWNS:0.5386035151033746
CE_PAWNWEAKNESSES:0.46418815874442493
CE_PIECEACTIVITY:0.43966710758657335
CE_KINGPAWNSHIELD:0.5067222426553234
CE_PIECECOORDINATION:0.5234106200751434
CE_MATERIAL:0.48459161094494096
CE_KINGSAFETY:0.49599236540571157
C_PIECESQUARETABLES:0.514246312854699
C_MOBILITY:0.4994509211289638
C_KINGSAFETY:0.5533202419855874
C_PAWNSTRUCTURE:0.5566233185796137
C_PIECECOORDINATION:0.42239980920460424
C_ROOKANDPAWNMOVEMENT:0.42239980920460424
C_CENTERCONTROL:0.5346463401126735
C_DEVELOPPIECES:0.4911952421998659
C_MATERIAL:0.49268269061023456
