ELO:990
CE_PASSEDPAWNS:0.5338254783712366
CE_PAWNWEAKNESSES:0.4747266971979074
CE_PIECEACTIVITY:0.5425245006859553
CE_KINGPAWNSHIELD:0.542603462243025
CE_PIECECOORDINATION:0.4807002738433129
CE_MATERIAL:0.4694181679613265
CE_KINGSAFETY:0.5
C_PIECESQUARETABLES:0.5121251984840822
C_MOBILITY:0.5738449032353087
C_KINGSAFETY:0.5313655054394018
C_PAWNSTRUCTURE:0.46054427260367564
C_PIECECOORDINATION:0.5031273470069159
C_ROOKANDPAWNMOVEMENT:0.5031273470069159
C_CENTERCONTROL:0.42894235410171383
C_DEVELOPPIECES:0.43602218600595544
C_MATERIAL:0.6322095524272797
