ELO:907
CE_PASSEDPAWNS:0.5172057451831971
CE_PAWNWEAKNESSES:0.47378173439836296
CE_PIECEACTIVITY:0.501127166124191
CE_KINGPAWNSHIELD:0.5229700018224214
CE_PIECECOORDINATION:0.4371374546859999
CE_MATERIAL:0.48925309429774283
CE_KINGSAFETY:0.5482312514861082
C_PIECESQUARETABLES:0.5131707798527234
C_MOBILITY:0.5386882433236598
C_KINGSAFETY:0.466957333191057
C_PAWNSTRUCTURE:0.4253717674978255
C_PIECECOORDINATION:0.4753495636026476
C_ROOKANDPAWNMOVEMENT:0.4753495636026476
C_CENTERCONTROL:0.5466019150225053
C_DEVELOPPIECES:0.5798613211422788
C_MATERIAL:0.49005836339410425
C_MOVECOUNT:0.5
