ELO:1026
CE_PASSEDPAWNS:0.49789725680399527
CE_PAWNWEAKNESSES:0.5090320878073124
CE_PIECEACTIVITY:0.4958020838858465
CE_KINGPAWNSHIELD:0.5026272690876553
CE_PIECECOORDINATION:0.5094734917089182
CE_MATERIAL:0.5022542765285066
CE_KINGSAFETY:0.4774834390261833
C_PIECESQUARETABLES:0.4999145142545604
C_MOBILITY:0.47584442735911614
C_KINGSAFETY:0.4961423306908718
C_PAWNSTRUCTURE:0.4922328923839964
C_PIECECOORDINATION:0.5107287657126409
C_ROOKANDPAWNMOVEMENT:0.5107287657126409
C_CENTERCONTROL:0.5083648702201424
C_DEVELOPPIECES:0.48467911444710016
C_MATERIAL:0.4976563821057879
