ELO:959
CE_PASSEDPAWNS:0.492606063083925
CE_PAWNWEAKNESSES:0.500871479151298
CE_PIECEACTIVITY:0.5202388039732814
CE_KINGPAWNSHIELD:0.49311168825200064
CE_PIECECOORDINATION:0.48975260246758523
CE_MATERIAL:0.5098318840420516
CE_KINGSAFETY:0.4915428521258167
C_PIECESQUARETABLES:0.5013720805576051
C_MOBILITY:0.5262057556415256
C_KINGSAFETY:0.5014258732232053
C_PAWNSTRUCTURE:0.483921355557919
C_PIECECOORDINATION:0.50865547201999
C_ROOKANDPAWNMOVEMENT:0.50865547201999
C_CENTERCONTROL:0.5274157980013454
C_DEVELOPPIECES:0.5073820194296161
C_MATERIAL:0.5074049979840061
C_MOVECOUNT:0.5
