ELO:1000
CE_PASSEDPAWNS:0.44166547281038493
CE_PAWNWEAKNESSES:0.5119840589714612
CE_PIECEACTIVITY:0.49338274379879976
CE_KINGPAWNSHIELD:0.49459605437879883
CE_PIECECOORDINATION:0.5316754846397127
CE_MATERIAL:0.5388268770302191
CE_KINGSAFETY:0.5
C_PIECESQUARETABLES:0.5
C_MOBILITY:0.49811774568050665
C_KINGSAFETY:0.5068876995654522
C_PAWNSTRUCTURE:0.4849442319929878
C_PIECECOORDINATION:0.5134561950399262
C_ROOKANDPAWNMOVEMENT:0.5134561950399262
C_CENTERCONTROL:0.4865015163320205
C_DEVELOPPIECES:0.4759245343493191
C_MATERIAL:0.5316394356732643
