ELO:990
CE_PASSEDPAWNS:0.5685390595878453
CE_PAWNWEAKNESSES:0.5687007428045048
CE_PIECEACTIVITY:0.4693137811600334
CE_KINGPAWNSHIELD:0.5336702212055479
CE_PIECECOORDINATION:0.5729034503213164
CE_MATERIAL:0.5372430427898139
CE_KINGSAFETY:0.4690807813574295
C_PIECESQUARETABLES:0.5353628744349926
C_MOBILITY:0.35063913648030093
C_KINGSAFETY:0.5384329427187753
C_PAWNSTRUCTURE:0.43452154730303694
C_PIECECOORDINATION:0.5231968360878849
C_ROOKANDPAWNMOVEMENT:0.5231968360878849
C_CENTERCONTROL:0.3776661434149842
C_DEVELOPPIECES:0.45740520783692085
C_MATERIAL:0.5168970514024772
