ELO:998
CE_PASSEDPAWNS:0.5
CE_PAWNWEAKNESSES:0.5138178665486615
CE_PIECEACTIVITY:0.5011043370306753
CE_KINGPAWNSHIELD:0.5
CE_PIECECOORDINATION:0.5058845813086057
CE_MATERIAL:0.5
CE_KINGSAFETY:0.5
C_PIECESQUARETABLES:0.5
C_MOBILITY:0.4881895249371651
C_KINGSAFETY:0.4941342061094323
C_PAWNSTRUCTURE:0.481536877199094
C_PIECECOORDINATION:0.5007001920689463
C_ROOK:0.5159837288002487
CE_ROOK:0.5061559811199685
C_CENTERCONTROL:0.4908524181959032
C_DEVELOPPIECES:0.4870103020353583
C_MATERIAL:0.5085119268006085
C_MOVECOUNT:0.4871352830647987
C_PAWNMOVEMENT:0.5038637539301709
