ELO:1000
CE_PASSEDPAWNS:0.4811836473813813
CE_PAWNWEAKNESSES:0.4742487742075351
CE_PIECEACTIVITY:0.49395630149175124
CE_KINGPAWNSHIELD:0.5212105822245967
CE_PIECECOORDINATION:0.5164286670572443
CE_MATERIAL:0.5000091243979782
CE_KINGSAFETY:0.48625157187737694
C_PIECESQUARETABLES:0.49001316615208507
C_MOBILITY:0.479189286495143
C_KINGSAFETY:0.5089680640642825
C_PAWNSTRUCTURE:0.511237314860629
C_PIECECOORDINATION:0.4823962672536024
C_ROOKANDPAWNMOVEMENT:0.4823962672536024
C_CENTERCONTROL:0.4809317635899157
C_DEVELOPPIECES:0.5066257320815203
C_MATERIAL:0.5145818171789299
