ELO:845
CE_PASSEDPAWNS:0.4903285876811678
CE_PAWNWEAKNESSES:0.5388131684094917
CE_PIECEACTIVITY:0.5009859559286798
CE_KINGPAWNSHIELD:0.49871010725599824
CE_PIECECOORDINATION:0.47043565984790736
CE_MATERIAL:0.5440492154700117
CE_KINGSAFETY:0.4919481168489212
C_PIECESQUARETABLES:0.5414386776551062
C_MOBILITY:0.5424909838271493
C_KINGSAFETY:0.5114192067598117
C_PAWNSTRUCTURE:0.5743750560855486
C_PIECECOORDINATION:0.4759878355156422
C_ROOKANDPAWNMOVEMENT:0.4759878355156422
C_CENTERCONTROL:0.5477021354774172
C_DEVELOPPIECES:0.5250987303221487
C_MATERIAL:0.4794561064451457
C_MOVECOUNT:0.5
