ELO:1000
CE_PASSEDPAWNS:0.42213781729824884
CE_PAWNWEAKNESSES:0.5044039770704007
CE_PIECEACTIVITY:0.4920361811927481
CE_KINGPAWNSHIELD:0.5046016641849754
CE_PIECECOORDINATION:0.5331321917389996
CE_MATERIAL:0.5190176024965215
CE_KINGSAFETY:0.49200764491857985
C_PIECESQUARETABLES:0.5047136351957453
C_MOBILITY:0.49974079705155694
C_KINGSAFETY:0.5193807021801436
C_PAWNSTRUCTURE:0.4865545148163989
C_PIECECOORDINATION:0.5253293394116745
C_ROOKANDPAWNMOVEMENT:0.5253293394116745
C_CENTERCONTROL:0.4837663214107797
C_DEVELOPPIECES:0.466088011921046
C_MATERIAL:0.5348326171123414
