ELO:985
CE_PASSEDPAWNS:0.58268307398241
CE_PAWNWEAKNESSES:0.5405581413296975
CE_PIECEACTIVITY:0.4630411062990875
CE_KINGPAWNSHIELD:0.5496593788532586
CE_PIECECOORDINATION:0.5695015383980055
CE_MATERIAL:0.5439033564392491
CE_KINGSAFETY:0.4899283019465397
C_PIECESQUARETABLES:0.5020313352259637
C_MOBILITY:0.3593845562998106
C_KINGSAFETY:0.5350473604150515
C_PAWNSTRUCTURE:0.44538420511781224
C_PIECECOORDINATION:0.525145179775986
C_ROOKANDPAWNMOVEMENT:0.525145179775986
C_CENTERCONTROL:0.35552763527803777
C_DEVELOPPIECES:0.4615943411323302
C_MATERIAL:0.526300606226458
