ELO:990
CE_PASSEDPAWNS:0.5187681941447732
CE_PAWNWEAKNESSES:0.4747266971979074
CE_PIECEACTIVITY:0.5256534381721791
CE_KINGPAWNSHIELD:0.5614575718248973
CE_PIECECOORDINATION:0.4900754740756039
CE_MATERIAL:0.4694181679613265
CE_KINGSAFETY:0.49997132334116723
C_PIECESQUARETABLES:0.5
C_MOBILITY:0.6106431556756368
C_KINGSAFETY:0.5742475742575268
C_PAWNSTRUCTURE:0.32659486032772983
C_PIECECOORDINATION:0.5001819873672358
C_ROOKANDPAWNMOVEMENT:0.5001819873672358
C_CENTERCONTROL:0.3741605971613072
C_DEVELOPPIECES:0.43602218600595544
C_MATERIAL:0.6269949111303152
