ELO:1001
CE_PASSEDPAWNS:0.49843320115812967
CE_PAWNWEAKNESSES:0.47746315232554654
CE_PIECEACTIVITY:0.4728019206379931
CE_KINGPAWNSHIELD:0.4896856458288903
CE_PIECECOORDINATION:0.5044923170027724
CE_MATERIAL:0.5063541973962732
CE_KINGSAFETY:0.4988761751794643
C_PIECESQUARETABLES:0.5
C_MOBILITY:0.49405037574725613
C_KINGSAFETY:0.5224543766800531
C_PAWNSTRUCTURE:0.5131616961828588
C_PIECECOORDINATION:0.49292302951273403
C_ROOK:0.5116609376578799
CE_ROOK:0.5133696208021866
C_CENTERCONTROL:0.48748816855455884
C_DEVELOPPIECES:0.5007667440019551
C_MATERIAL:0.5126455007579979
C_MOVECOUNT:0.48529952748015875
C_PAWNMOVEMENT:0.4972165362442918
