ELO:976
CE_PASSEDPAWNS:0.5044989046762508
CE_PAWNWEAKNESSES:0.4883377231945352
CE_PIECEACTIVITY:0.49708949219504867
CE_KINGPAWNSHIELD:0.49448676542634434
CE_PIECECOORDINATION:0.5013154439240267
CE_MATERIAL:0.48587750249692535
CE_KINGSAFETY:0.501041599363356
C_PIECESQUARETABLES:0.49746472665288893
C_MOBILITY:0.5128750383093963
C_KINGSAFETY:0.496384504678414
C_PAWNSTRUCTURE:0.4852985577013571
C_PIECECOORDINATION:0.5085303708818584
C_ROOKANDPAWNMOVEMENT:0.5085303708818584
C_CENTERCONTROL:0.5026240145887871
C_DEVELOPPIECES:0.49408646579694915
C_MATERIAL:0.5036176976891205
C_MOVECOUNT:0.5094236689836789
