ELO:1053
CE_PASSEDPAWNS:0.3867542850624472
CE_PAWNWEAKNESSES:0.4153246364692771
CE_PIECEACTIVITY:0.4748713158773526
CE_KINGPAWNSHIELD:0.4410739976678222
CE_PIECECOORDINATION:0.47241014670804987
CE_MATERIAL:0.46219395846399036
CE_KINGSAFETY:0.4998087765792094
C_PIECESQUARETABLES:0.4891379657285504
C_MOBILITY:0.418020596866404
C_KINGSAFETY:0.6188664839955138
C_PAWNSTRUCTURE:0.4510704883819366
C_PIECECOORDINATION:0.40040679042766125
C_ROOKANDPAWNMOVEMENT:0.40040679042766125
C_CENTERCONTROL:0.46570721667532095
C_DEVELOPPIECES:0.5820330342460794
C_MATERIAL:0.4422026757030338
