ELO:1000
CE_PASSEDPAWNS:0.42213781729824884
CE_PAWNWEAKNESSES:0.5045032534782339
CE_PIECEACTIVITY:0.4920361811927481
CE_KINGPAWNSHIELD:0.4948770906710188
CE_PIECECOORDINATION:0.5289633694493324
CE_MATERIAL:0.5190176024965215
CE_KINGSAFETY:0.4960932202424178
C_PIECESQUARETABLES:0.5047136351957453
C_MOBILITY:0.49974079705155694
C_KINGSAFETY:0.5239996744974194
C_PAWNSTRUCTURE:0.4865545148163989
C_PIECECOORDINATION:0.5350414751118967
C_ROOKANDPAWNMOVEMENT:0.5350414751118967
C_CENTERCONTROL:0.4837663214107797
C_DEVELOPPIECES:0.4692774766933202
C_MATERIAL:0.5348326171123414
