ELO:961
CE_PASSEDPAWNS:0.5077497613890537
CE_PAWNWEAKNESSES:0.46970060384374085
CE_PIECEACTIVITY:0.5079807200933334
CE_KINGPAWNSHIELD:0.4288930791802658
CE_PIECECOORDINATION:0.5508995910736377
CE_MATERIAL:0.5773926413444381
CE_KINGSAFETY:0.5121948192067941
C_PIECESQUARETABLES:0.5444689561040443
C_MOBILITY:0.4479717909335989
C_KINGSAFETY:0.501067352053113
C_PAWNSTRUCTURE:0.49849443936673266
C_PIECECOORDINATION:0.42852829973392115
C_ROOKANDPAWNMOVEMENT:0.42852829973392115
C_CENTERCONTROL:0.49351659207747506
C_DEVELOPPIECES:0.5335975464509264
C_MATERIAL:0.42484422583869896
