ELO:1017
CE_PASSEDPAWNS:0.47894124147840733
CE_PAWNWEAKNESSES:0.5022409895914108
CE_PIECEACTIVITY:0.5161456502166794
CE_KINGPAWNSHIELD:0.5218344952880459
CE_PIECECOORDINATION:0.49732809711870424
CE_MATERIAL:0.5115490681204871
CE_KINGSAFETY:0.49246110926671993
C_PIECESQUARETABLES:0.5068524253536494
C_MOBILITY:0.5
C_KINGSAFETY:0.48445190938328075
C_PAWNSTRUCTURE:0.5
C_PIECECOORDINATION:0.4927038684054323
C_ROOKANDPAWNMOVEMENT:0.4927038684054323
C_CENTERCONTROL:0.48840701052314617
C_DEVELOPPIECES:0.505263880147418
C_MATERIAL:0.4969216577558857
C_MOVECOUNT:0.510584113619213
