ELO:919
CE_PASSEDPAWNS:0.5050277759236496
CE_PAWNWEAKNESSES:0.44362344304053103
CE_PIECEACTIVITY:0.47657209133391265
CE_KINGPAWNSHIELD:0.4882001049870039
CE_PIECECOORDINATION:0.563155470805906
CE_MATERIAL:0.5234038186294471
CE_KINGSAFETY:0.4857792553470484
C_PIECESQUARETABLES:0.5304259554034974
C_MOBILITY:0.4821895720544377
C_KINGSAFETY:0.5239609372053805
C_PAWNSTRUCTURE:0.5308564373705013
C_PIECECOORDINATION:0.48338045671994323
C_ROOKANDPAWNMOVEMENT:0.48338045671994323
C_CENTERCONTROL:0.48803369998173884
C_DEVELOPPIECES:0.5395347043439
C_MATERIAL:0.45422587890915245
