ELO:934
CE_PASSEDPAWNS:0.5002766800737827
CE_PAWNWEAKNESSES:0.45529000415282916
CE_PIECEACTIVITY:0.500282484473747
CE_KINGPAWNSHIELD:0.49012278722261093
CE_PIECECOORDINATION:0.5006425875835564
CE_MATERIAL:0.5004890749936809
CE_KINGSAFETY:0.48047678006701633
C_PIECESQUARETABLES:0.5284493726848136
C_MOBILITY:0.48539506775989627
C_KINGSAFETY:0.5298500047400211
C_PAWNSTRUCTURE:0.5578290648210602
C_PIECECOORDINATION:0.44735996318515153
C_ROOKANDPAWNMOVEMENT:0.44735996318515153
C_CENTERCONTROL:0.4978825937807357
C_DEVELOPPIECES:0.5418332316713568
C_MATERIAL:0.45013347544533305
