ELO:1000
CE_PASSEDPAWNS:0.5000698014842996
CE_PAWNWEAKNESSES:0.4750985798471517
CE_PIECEACTIVITY:0.4708202694149359
CE_KINGPAWNSHIELD:0.503186662891862
CE_PIECECOORDINATION:0.5071118943200746
CE_MATERIAL:0.5025937632895078
CE_KINGSAFETY:0.4757585816384206
C_PIECESQUARETABLES:0.49575192363739945
C_MOBILITY:0.4792596271356321
C_KINGSAFETY:0.5438010961209053
C_PAWNSTRUCTURE:0.5205730445375037
C_PIECECOORDINATION:0.4524118713842631
C_ROOKANDPAWNMOVEMENT:0.4524118713842631
C_CENTERCONTROL:0.49741758126978447
C_DEVELOPPIECES:0.4970460434003009
C_MATERIAL:0.4663688724213561
