ELO:1000
CE_PASSEDPAWNS:0.4305707434089525
CE_PAWNWEAKNESSES:0.465216596029648
CE_PIECEACTIVITY:0.5085602209949358
CE_KINGPAWNSHIELD:0.5002063971229218
CE_PIECECOORDINATION:0.5834982782085486
CE_MATERIAL:0.48545849527473195
CE_KINGSAFETY:0.4832816742013503
C_PIECESQUARETABLES:0.473008709467889
C_MOBILITY:0.5564419467763847
C_KINGSAFETY:0.5748870928034662
C_PAWNSTRUCTURE:0.46827522579061237
C_PIECECOORDINATION:0.5281197383497949
C_ROOKANDPAWNMOVEMENT:0.5281197383497949
C_CENTERCONTROL:0.48940874972032605
C_DEVELOPPIECES:0.4377743372827603
C_MATERIAL:0.5698505835569808
