ELO:941
CE_PASSEDPAWNS:0.4986262923548687
CE_PAWNWEAKNESSES:0.4585855161931931
CE_PIECEACTIVITY:0.484221084328009
CE_KINGPAWNSHIELD:0.4836892104938895
CE_PIECECOORDINATION:0.5028676768902524
CE_MATERIAL:0.4936506183976655
CE_KINGSAFETY:0.5095182726311825
C_PIECESQUARETABLES:0.5241842770849326
C_MOBILITY:0.4899973205364529
C_KINGSAFETY:0.5306402492744358
C_PAWNSTRUCTURE:0.553990704047793
C_PIECECOORDINATION:0.46136876877739863
C_ROOKANDPAWNMOVEMENT:0.46136876877739863
C_CENTERCONTROL:0.5086761577026255
C_DEVELOPPIECES:0.5331700349444016
C_MATERIAL:0.4328755730193582
