ELO:1018
CE_PASSEDPAWNS:0.5
CE_PAWNWEAKNESSES:0.49890910155919843
CE_PIECEACTIVITY:0.493006536431506
CE_KINGPAWNSHIELD:0.4818029050920873
CE_PIECECOORDINATION:0.4687345920328115
CE_MATERIAL:0.5252169176816431
CE_KINGSAFETY:0.5
C_PIECESQUARETABLES:0.5
C_MOBILITY:0.49677157259692234
C_KINGSAFETY:0.5126680728938731
C_PAWNSTRUCTURE:0.5055380920691174
C_PIECECOORDINATION:0.5102384125149871
C_ROOK:0.49488474241333574
CE_ROOK:0.5230544696315429
C_CENTERCONTROL:0.49650807884561055
C_DEVELOPPIECES:0.5062075946069686
C_MATERIAL:0.5110199255703765
C_MOVECOUNT:0.4932530063036804
C_PAWNMOVEMENT:0.5154912134989953
