ELO:991
CE_PASSEDPAWNS:0.5234343456290178
CE_PAWNWEAKNESSES:0.4747266971979074
CE_PIECEACTIVITY:0.5326364466087404
CE_KINGPAWNSHIELD:0.5587084790141518
CE_PIECECOORDINATION:0.4846973356516632
CE_MATERIAL:0.4598308002856616
CE_KINGSAFETY:0.5
C_PIECESQUARETABLES:0.5121251984840822
C_MOBILITY:0.5836313903895851
C_KINGSAFETY:0.5192597283942466
C_PAWNSTRUCTURE:0.45446556840731916
C_PIECECOORDINATION:0.49481266204964397
C_ROOKANDPAWNMOVEMENT:0.49481266204964397
C_CENTERCONTROL:0.43144745974897253
C_DEVELOPPIECES:0.43271728702195555
C_MATERIAL:0.6322095524272797
