ELO:895
CE_PASSEDPAWNS:0.49505803863661235
CE_PAWNWEAKNESSES:0.49049880381300587
CE_PIECEACTIVITY:0.41341019406270524
CE_KINGPAWNSHIELD:0.4727115744602748
CE_PIECECOORDINATION:0.5192745931314262
CE_MATERIAL:0.4981169899123136
CE_KINGSAFETY:0.5077290473835331
C_PIECESQUARETABLES:0.5118175226093242
C_MOBILITY:0.49509429993325915
C_KINGSAFETY:0.4241734071517603
C_PAWNSTRUCTURE:0.5173777344315948
C_PIECECOORDINATION:0.5533894544208471
C_ROOKANDPAWNMOVEMENT:0.5533894544208471
C_CENTERCONTROL:0.48192708524435884
C_DEVELOPPIECES:0.5299413576803695
C_MATERIAL:0.5058031982389868
C_MOVECOUNT:0.5271160365976035
