ELO:1000
CE_PASSEDPAWNS:0.5003896240213596
CE_PAWNWEAKNESSES:0.48713871003713366
CE_PIECEACTIVITY:0.502523513063458
CE_KINGPAWNSHIELD:0.5082877318749722
CE_PIECECOORDINATION:0.5012376718713254
CE_MATERIAL:0.4882097321230154
CE_KINGSAFETY:0.4912013816063884
C_PIECESQUARETABLES:0.5087327791892685
C_MOBILITY:0.5055049277672355
C_KINGSAFETY:0.5
C_PAWNSTRUCTURE:0.49195832527926525
C_PIECECOORDINATION:0.4969708938290727
C_ROOKANDPAWNMOVEMENT:0.4969708938290727
C_CENTERCONTROL:0.5192662677099791
C_DEVELOPPIECES:0.48282985054480876
C_MATERIAL:0.48338355021387663
