ELO:1000
CE_PASSEDPAWNS:0.45865429010568154
CE_PAWNWEAKNESSES:0.504832335579715
CE_PIECEACTIVITY:0.5050232458501993
CE_KINGPAWNSHIELD:0.48405861754802965
CE_PIECECOORDINATION:0.5316754846397127
CE_MATERIAL:0.5411001356125024
CE_KINGSAFETY:0.459421259427242
C_PIECESQUARETABLES:0.47966858242150034
C_MOBILITY:0.5148070743654882
C_KINGSAFETY:0.5219779615731764
C_PAWNSTRUCTURE:0.4661338108469431
C_PIECECOORDINATION:0.4917314210479789
C_ROOKANDPAWNMOVEMENT:0.4917314210479789
C_CENTERCONTROL:0.48384106500191304
C_DEVELOPPIECES:0.48691138672325346
C_MATERIAL:0.5261993872728207
