ELO:1000
CE_PASSEDPAWNS:0.4290495323856935
CE_PAWNWEAKNESSES:0.5061285314880556
CE_PIECEACTIVITY:0.4966544189732895
CE_KINGPAWNSHIELD:0.5221913458132976
CE_PIECECOORDINATION:0.5654006718819482
CE_MATERIAL:0.4976028430999575
CE_KINGSAFETY:0.44717593444863496
C_PIECESQUARETABLES:0.49329260707446315
C_MOBILITY:0.5308970687008062
C_KINGSAFETY:0.5364299116693325
C_PAWNSTRUCTURE:0.48232364971774044
C_PIECECOORDINATION:0.5288720244187464
C_ROOKANDPAWNMOVEMENT:0.5288720244187464
C_CENTERCONTROL:0.48924356386033735
C_DEVELOPPIECES:0.4627930208525805
C_MATERIAL:0.557890074312341
