ELO:925
CE_PASSEDPAWNS:0.3860900048084092
CE_PAWNWEAKNESSES:0.3922933262048777
CE_PIECEACTIVITY:0.5197699427419679
CE_KINGPAWNSHIELD:0.6204684923326891
CE_PIECECOORDINATION:0.5313446667399037
CE_MATERIAL:0.5702038918048558
CE_KINGSAFETY:0.47692839673191195
C_PIECESQUARETABLES:0.4917271786141118
C_MOBILITY:0.41130644291659696
C_KINGSAFETY:0.5938464990189443
C_PAWNSTRUCTURE:0.3899329121842445
C_PIECECOORDINATION:0.4824031142233493
C_ROOKANDPAWNMOVEMENT:0.4824031142233493
C_CENTERCONTROL:0.585854983891876
C_DEVELOPPIECES:0.513016894342464
C_MATERIAL:0.3885422000199952
