ELO:918
CE_PASSEDPAWNS:0.4089667596357744
CE_PAWNWEAKNESSES:0.44957126294250077
CE_PIECEACTIVITY:0.4702840755515391
CE_KINGPAWNSHIELD:0.4022749743813581
CE_PIECECOORDINATION:0.4676124396894553
CE_MATERIAL:0.4690793790872929
CE_KINGSAFETY:0.44047119090435644
C_PIECESQUARETABLES:0.5269384493377607
C_MOBILITY:0.5361427470348016
C_KINGSAFETY:0.4672484244759193
C_PAWNSTRUCTURE:0.4240942761817945
C_PIECECOORDINATION:0.48692076881334856
C_ROOKANDPAWNMOVEMENT:0.48692076881334856
C_CENTERCONTROL:0.4999797748040904
C_DEVELOPPIECES:0.5128192005265615
C_MATERIAL:0.5385882922906613
C_MOVECOUNT:0.5
