ELO:1040
CE_PASSEDPAWNS:0.5
CE_PAWNWEAKNESSES:0.5022193559393375
CE_PIECEACTIVITY:0.5
CE_KINGPAWNSHIELD:0.5
CE_PIECECOORDINATION:0.5
CE_MATERIAL:0.49124713512031365
CE_KINGSAFETY:0.5
C_PIECESQUARETABLES:0.49972024527207737
C_MOBILITY:0.49874069481289757
C_KINGSAFETY:0.4923361151151296
C_PAWNSTRUCTURE:0.5041346735103202
C_PIECECOORDINATION:0.4937898528000607
C_ROOK:0.48905101857875133
CE_ROOK:0.5037101915355771
C_CENTERCONTROL:0.5
C_DEVELOPPIECES:0.48815095520405183
C_MATERIAL:0.5093423563566156
C_MOVECOUNT:0.5
C_PAWNMOVEMENT:0.5076506468660545
