ELO:1000
CE_PASSEDPAWNS:0.469477172229882
CE_PAWNWEAKNESSES:0.43042347709177453
CE_PIECEACTIVITY:0.45057928994184643
CE_KINGPAWNSHIELD:0.5172028860330564
CE_PIECECOORDINATION:0.48719196082677874
CE_MATERIAL:0.5134298255688168
CE_KINGSAFETY:0.5071176406371709
C_PIECESQUARETABLES:0.4909767462499886
C_MOBILITY:0.47458915594049556
C_KINGSAFETY:0.5370667562505562
C_PAWNSTRUCTURE:0.4244519611142896
C_PIECECOORDINATION:0.4401634092394059
C_ROOKANDPAWNMOVEMENT:0.4401634092394059
C_CENTERCONTROL:0.5685079235986887
C_DEVELOPPIECES:0.526694763516233
C_MATERIAL:0.5127431864174887
