ELO:909
CE_PASSEDPAWNS:0.5004009975360937
CE_PAWNWEAKNESSES:0.5175301424361305
CE_PIECEACTIVITY:0.521830210582454
CE_KINGPAWNSHIELD:0.4803380815800511
CE_PIECECOORDINATION:0.49446624607143885
CE_MATERIAL:0.4976832416658064
CE_KINGSAFETY:0.5038794747093065
C_PIECESQUARETABLES:0.5
C_MOBILITY:0.5528513450031872
C_KINGSAFETY:0.537332261868355
C_PAWNSTRUCTURE:0.4855831292812384
C_PIECECOORDINATION:0.5035513993133292
C_ROOK:0.4895748814139533
CE_ROOK:0.5238222481368475
C_CENTERCONTROL:0.5045648625197648
C_DEVELOPPIECES:0.5156379739676666
C_MATERIAL:0.4741058106662125
C_MOVECOUNT:0.5273323385456548
C_PAWNMOVEMENT:0.48399655930363134
