ELO:1000
CE_PASSEDPAWNS:0.48395382869247733
CE_PAWNWEAKNESSES:0.46411058311609543
CE_PIECEACTIVITY:0.48057503950096647
CE_KINGPAWNSHIELD:0.5127337105368143
CE_PIECECOORDINATION:0.5062772605126018
CE_MATERIAL:0.4884706054288551
CE_KINGSAFETY:0.4803638914097604
C_PIECESQUARETABLES:0.4873584166736329
C_MOBILITY:0.48847639417425526
C_KINGSAFETY:0.5160634416600974
C_PAWNSTRUCTURE:0.4518813120451563
C_PIECECOORDINATION:0.4537825796182585
C_ROOKANDPAWNMOVEMENT:0.4537825796182585
C_CENTERCONTROL:0.5376703174792665
C_DEVELOPPIECES:0.5192996095772541
C_MATERIAL:0.5003126289466395
