ELO:983
CE_PASSEDPAWNS:0.48679158603893574
CE_PAWNWEAKNESSES:0.5283896336139843
CE_PIECEACTIVITY:0.49720926055068465
CE_KINGPAWNSHIELD:0.5002451653045984
CE_PIECECOORDINATION:0.49965725082668977
CE_MATERIAL:0.5238367124396525
CE_KINGSAFETY:0.49919471218201994
C_PIECESQUARETABLES:0.5244689876092108
C_MOBILITY:0.5049573713941016
C_KINGSAFETY:0.5179719482484985
C_PAWNSTRUCTURE:0.5221339639369784
C_PIECECOORDINATION:0.5253913285330846
C_ROOKANDPAWNMOVEMENT:0.5253913285330846
C_CENTERCONTROL:0.48679303655032574
C_DEVELOPPIECES:0.5
C_MATERIAL:0.486538640181546
C_MOVECOUNT:0.5
