ELO:901
CE_PASSEDPAWNS:0.5004453907126312
CE_PAWNWEAKNESSES:0.5422728233802281
CE_PIECEACTIVITY:0.5431927992920402
CE_KINGPAWNSHIELD:0.47267133841095366
CE_PIECECOORDINATION:0.5065065734888694
CE_MATERIAL:0.5053731668211319
CE_KINGSAFETY:0.4894765956106587
C_PIECESQUARETABLES:0.49343353272942264
C_MOBILITY:0.5505199582343426
C_KINGSAFETY:0.567658539808533
C_PAWNSTRUCTURE:0.48337934839012814
C_PIECECOORDINATION:0.5011591999212782
C_ROOK:0.5076404960309217
CE_ROOK:0.5023522174260923
C_CENTERCONTROL:0.48251662909420023
C_DEVELOPPIECES:0.5011426165042434
C_MATERIAL:0.4791398714860999
C_MOVECOUNT:0.5153180250925905
C_PAWNMOVEMENT:0.4805097985492618
