ELO:948
CE_PASSEDPAWNS:0.5080192886370539
CE_PAWNWEAKNESSES:0.48603292998069636
CE_PIECEACTIVITY:0.5009001773592788
CE_KINGPAWNSHIELD:0.5025813794169819
CE_PIECECOORDINATION:0.5052517459904265
CE_MATERIAL:0.5228288792487403
CE_KINGSAFETY:0.4887465681750972
C_PIECESQUARETABLES:0.49621906372049773
C_MOBILITY:0.4978831445365501
C_KINGSAFETY:0.49342278340813434
C_PAWNSTRUCTURE:0.505304493200805
C_PIECECOORDINATION:0.4978984582037491
C_ROOK:0.5
CE_ROOK:0.5
C_CENTERCONTROL:0.5007645561783662
C_DEVELOPPIECES:0.5274620265598173
C_MATERIAL:0.5022613710144723
C_MOVECOUNT:0.493279775452362
C_PAWNMOVEMENT:0.5
