ELO:1000
CE_PASSEDPAWNS:0.47273312600198214
CE_PAWNWEAKNESSES:0.4979632728230379
CE_PIECEACTIVITY:0.4726679091716598
CE_KINGPAWNSHIELD:0.48980200646820105
CE_PIECECOORDINATION:0.4974780572900331
CE_MATERIAL:0.5272676631948289
CE_KINGSAFETY:0.5147025170467824
C_PIECESQUARETABLES:0.5311910891580927
C_MOBILITY:0.48385332735095654
C_KINGSAFETY:0.49638721860138246
C_PAWNSTRUCTURE:0.4971555106588459
C_PIECECOORDINATION:0.5252017175066368
C_ROOKANDPAWNMOVEMENT:0.5252017175066368
C_CENTERCONTROL:0.5075864555879529
C_DEVELOPPIECES:0.44667589637695393
C_MATERIAL:0.4668746455963018
