ELO:1000
CE_PASSEDPAWNS:0.4776506088190949
CE_PAWNWEAKNESSES:0.4818760798726649
CE_PIECEACTIVITY:0.5053563847708983
CE_KINGPAWNSHIELD:0.4960661971066093
CE_PIECECOORDINATION:0.5209844034557033
CE_MATERIAL:0.4990058437302439
CE_KINGSAFETY:0.5285045833452868
C_PIECESQUARETABLES:0.5014538449887815
C_MOBILITY:0.522748611529198
C_KINGSAFETY:0.4842912051687217
C_PAWNSTRUCTURE:0.5323931671160189
C_PIECECOORDINATION:0.5029452339881801
C_ROOKANDPAWNMOVEMENT:0.5029452339881801
C_CENTERCONTROL:0.5025820337428403
C_DEVELOPPIECES:0.5018702526434436
C_MATERIAL:0.4838228910983739
