ELO:806
CE_PASSEDPAWNS:0.62860851311224
CE_PAWNWEAKNESSES:0.695955973013227
CE_PIECEACTIVITY:0.5043886718607402
CE_KINGPAWNSHIELD:0.6161319175428194
CE_PIECECOORDINATION:0.5350826478387413
CE_MATERIAL:0.5188851337314087
CE_KINGSAFETY:0.49855012555032713
C_PIECESQUARETABLES:0.5138450696848196
C_MOBILITY:0.4595643537794009
C_KINGSAFETY:0.45652116519982655
C_PAWNSTRUCTURE:0.47777867692037124
C_PIECECOORDINATION:0.43189817878843256
C_ROOKANDPAWNMOVEMENT:0.43189817878843256
C_CENTERCONTROL:0.46148750235581193
C_DEVELOPPIECES:0.6063158638782653
C_MATERIAL:0.3559545457014457
