ELO:799
CE_PASSEDPAWNS:0.5751193209050519
CE_PAWNWEAKNESSES:0.5669757751482477
CE_PIECEACTIVITY:0.516488855160468
CE_KINGPAWNSHIELD:0.48368247323098273
CE_PIECECOORDINATION:0.5429989796135622
CE_MATERIAL:0.5193199444539209
CE_KINGSAFETY:0.4222586492438068
C_PIECESQUARETABLES:0.5107135607217662
C_MOBILITY:0.48796436532233756
C_KINGSAFETY:0.4524270693634646
C_PAWNSTRUCTURE:0.44771456416321626
C_PIECECOORDINATION:0.5162585242190944
C_ROOKANDPAWNMOVEMENT:0.5162585242190944
C_CENTERCONTROL:0.5239414042688243
C_DEVELOPPIECES:0.5520841567289386
C_MATERIAL:0.48504766437630054
C_MOVECOUNT:0.5
