ELO:945
CE_PASSEDPAWNS:0.4675735402865154
CE_PAWNWEAKNESSES:0.4482195901698626
CE_PIECEACTIVITY:0.4855064462999719
CE_KINGPAWNSHIELD:0.4502895944121329
CE_PIECECOORDINATION:0.4837691796786091
CE_MATERIAL:0.58751437456519
CE_KINGSAFETY:0.5175937238777678
C_PIECESQUARETABLES:0.46278248620668605
C_MOBILITY:0.45567673386601265
C_KINGSAFETY:0.5606260352911496
C_PAWNSTRUCTURE:0.4713548076628698
C_PIECECOORDINATION:0.5238962878140206
C_ROOKANDPAWNMOVEMENT:0.5238962878140206
C_CENTERCONTROL:0.507887341883936
C_DEVELOPPIECES:0.4265928582890045
C_MATERIAL:0.4803796016782295
