ELO:1000
CE_PASSEDPAWNS:0.4821244559086819
CE_PAWNWEAKNESSES:0.4567233330902216
CE_PIECEACTIVITY:0.45210900735850684
CE_KINGPAWNSHIELD:0.546571862268684
CE_PIECECOORDINATION:0.4615231232783376
CE_MATERIAL:0.514558711247101
CE_KINGSAFETY:0.5058209642179227
C_PIECESQUARETABLES:0.5060321131157773
C_MOBILITY:0.45232918545733414
C_KINGSAFETY:0.5528534583362682
C_PAWNSTRUCTURE:0.4044901217340376
C_PIECECOORDINATION:0.410570369011097
C_ROOKANDPAWNMOVEMENT:0.410570369011097
C_CENTERCONTROL:0.5637750475286097
C_DEVELOPPIECES:0.51999630299728
C_MATERIAL:0.48277471544996337
