ELO:948
CE_PASSEDPAWNS:0.5097716394398081
CE_PAWNWEAKNESSES:0.4768188887691464
CE_PIECEACTIVITY:0.5113181650951251
CE_KINGPAWNSHIELD:0.5065969302194513
CE_PIECECOORDINATION:0.4907635273927
CE_MATERIAL:0.5
CE_KINGSAFETY:0.49946079333376403
C_PIECESQUARETABLES:0.48470518351954744
C_MOBILITY:0.5185646064355837
C_KINGSAFETY:0.5131388778650843
C_PAWNSTRUCTURE:0.504045884238017
C_PIECECOORDINATION:0.5078676990358004
C_ROOKANDPAWNMOVEMENT:0.5078676990358004
C_CENTERCONTROL:0.4957308594635815
C_DEVELOPPIECES:0.4598333066473189
C_MATERIAL:0.5048775233432379
C_MOVECOUNT:0.5116703941961764
