ELO:916
CE_PASSEDPAWNS:0.4905986541381517
CE_PAWNWEAKNESSES:0.5175301424361305
CE_PIECEACTIVITY:0.529544856575395
CE_KINGPAWNSHIELD:0.4867560739410681
CE_PIECECOORDINATION:0.4871389006884113
CE_MATERIAL:0.4878211669282215
CE_KINGSAFETY:0.5
C_PIECESQUARETABLES:0.5012306224745263
C_MOBILITY:0.560275412171448
C_KINGSAFETY:0.5551282948991255
C_PAWNSTRUCTURE:0.49328958095214315
C_PIECECOORDINATION:0.5000918849414226
C_ROOK:0.49329683252527234
CE_ROOK:0.5238222481368475
C_CENTERCONTROL:0.5040902009458983
C_DEVELOPPIECES:0.5156379739676666
C_MATERIAL:0.47659017426955086
C_MOVECOUNT:0.5359188700647457
C_PAWNMOVEMENT:0.48399655930363134
