ELO:911
CE_PASSEDPAWNS:0.5018729135198506
CE_PAWNWEAKNESSES:0.5361699598752911
CE_PIECEACTIVITY:0.5386449567719985
CE_KINGPAWNSHIELD:0.4833347431462003
CE_PIECECOORDINATION:0.4888923162904274
CE_MATERIAL:0.4830882185085591
CE_KINGSAFETY:0.5
C_PIECESQUARETABLES:0.5099127169394068
C_MOBILITY:0.560275412171448
C_KINGSAFETY:0.5543209618297019
C_PAWNSTRUCTURE:0.48281091739760884
C_PIECECOORDINATION:0.5036126928734213
C_ROOK:0.4961566022443954
CE_ROOK:0.5087366726384162
C_CENTERCONTROL:0.4983449075276483
C_DEVELOPPIECES:0.51157787211017
C_MATERIAL:0.4731982157588553
C_MOVECOUNT:0.5257803948590095
C_PAWNMOVEMENT:0.47588707071101705
