ELO:983
CE_PASSEDPAWNS:0.48475574025196155
CE_PAWNWEAKNESSES:0.4940184478743962
CE_PIECEACTIVITY:0.49107680861069414
CE_KINGPAWNSHIELD:0.5061213539401687
CE_PIECECOORDINATION:0.510805108381099
CE_MATERIAL:0.5055098936268081
CE_KINGSAFETY:0.49832157559337115
C_PIECESQUARETABLES:0.49512314425245746
C_MOBILITY:0.5076902906281522
C_KINGSAFETY:0.5222389699507398
C_PAWNSTRUCTURE:0.49655355837300613
C_PIECECOORDINATION:0.516327167437147
C_ROOK:0.5241854851240058
CE_ROOK:0.5006281758028972
C_CENTERCONTROL:0.4945881345623379
C_DEVELOPPIECES:0.515798663197789
C_MATERIAL:0.5009046948176191
C_MOVECOUNT:0.49281928953175147
C_PAWNMOVEMENT:0.482790347696066
