ELO:958
CE_PASSEDPAWNS:0.466837899777386
CE_PAWNWEAKNESSES:0.503397098317676
CE_PIECEACTIVITY:0.5114041521508753
CE_KINGPAWNSHIELD:0.48277625008048874
CE_PIECECOORDINATION:0.5026022145486987
CE_MATERIAL:0.5103228280735249
CE_KINGSAFETY:0.49103354714385994
C_PIECESQUARETABLES:0.4837406576503118
C_MOBILITY:0.5212202389578175
C_KINGSAFETY:0.5224064104425878
C_PAWNSTRUCTURE:0.4918933674762679
C_PIECECOORDINATION:0.4964092713007249
C_ROOK:0.502210584212585
CE_ROOK:0.49273512019653737
C_CENTERCONTROL:0.4884691676246207
C_DEVELOPPIECES:0.5119783264248313
C_MATERIAL:0.4772949884099724
C_MOVECOUNT:0.49753121368944253
C_PAWNMOVEMENT:0.4899535863071034
