ELO:943
CE_PASSEDPAWNS:0.5176927532174944
CE_PAWNWEAKNESSES:0.49405990944104755
CE_PIECEACTIVITY:0.5097880215903606
CE_KINGPAWNSHIELD:0.4517803582859531
CE_PIECECOORDINATION:0.48651018365396365
CE_MATERIAL:0.49567666020222284
CE_KINGSAFETY:0.49158257085263757
C_PIECESQUARETABLES:0.5132286972901331
C_MOBILITY:0.46633813706205596
C_KINGSAFETY:0.499322646941524
C_PAWNSTRUCTURE:0.49211066259071
C_PIECECOORDINATION:0.48373032567841046
C_ROOKANDPAWNMOVEMENT:0.48373032567841046
C_CENTERCONTROL:0.5011998201912047
C_DEVELOPPIECES:0.4967771180232117
C_MATERIAL:0.489970722591385
C_MOVECOUNT:0.5
