ELO:967
CE_PASSEDPAWNS:0.4639035426780503
CE_PAWNWEAKNESSES:0.49928869954658595
CE_PIECEACTIVITY:0.49328730729767134
CE_KINGPAWNSHIELD:0.4727948516366072
CE_PIECECOORDINATION:0.4944505744303845
CE_MATERIAL:0.5254542390755829
CE_KINGSAFETY:0.4840972898021578
C_PIECESQUARETABLES:0.49284366362121695
C_MOBILITY:0.5306552365502112
C_KINGSAFETY:0.4908269826898642
C_PAWNSTRUCTURE:0.5098810692738138
C_PIECECOORDINATION:0.4496563771740544
C_ROOKANDPAWNMOVEMENT:0.4496563771740544
C_CENTERCONTROL:0.4342086725026297
C_DEVELOPPIECES:0.48940929987279663
C_MATERIAL:0.5096279404519563
C_MOVECOUNT:0.5578568109898147
