ELO:988
CE_PASSEDPAWNS:0.5201808145953116
CE_PAWNWEAKNESSES:0.4758975185887275
CE_PIECEACTIVITY:0.5026180436955453
CE_KINGPAWNSHIELD:0.542603462243025
CE_PIECECOORDINATION:0.4894718693631398
CE_MATERIAL:0.4645424111257136
CE_KINGSAFETY:0.5
C_PIECESQUARETABLES:0.4893014343441829
C_MOBILITY:0.5731414884420653
C_KINGSAFETY:0.5742475742575268
C_PAWNSTRUCTURE:0.630821664393598
C_PIECECOORDINATION:0.48882101421651497
C_ROOKANDPAWNMOVEMENT:0.48882101421651497
C_CENTERCONTROL:0.43144745974897253
C_DEVELOPPIECES:0.4428905008882577
C_MATERIAL:0.5875770842357657
