ELO:1000
CE_PASSEDPAWNS:0.47114885507932847
CE_PAWNWEAKNESSES:0.4551363933604452
CE_PIECEACTIVITY:0.44743279854023577
CE_KINGPAWNSHIELD:0.543395806949932
CE_PIECECOORDINATION:0.4907834493003913
CE_MATERIAL:0.5163376350691264
CE_KINGSAFETY:0.5426330643239846
C_PIECESQUARETABLES:0.5084816216777903
C_MOBILITY:0.4858722715892172
C_KINGSAFETY:0.5387663630298664
C_PAWNSTRUCTURE:0.43595335084206677
C_PIECECOORDINATION:0.4526801757112925
C_ROOKANDPAWNMOVEMENT:0.4526801757112925
C_CENTERCONTROL:0.570438836445144
C_DEVELOPPIECES:0.5413760945897605
C_MATERIAL:0.4900117548149959
