ELO:901
CE_PASSEDPAWNS:0.5422392684792101
CE_PAWNWEAKNESSES:0.567602835643672
CE_PIECEACTIVITY:0.5140462473037316
CE_KINGPAWNSHIELD:0.4823138975493878
CE_PIECECOORDINATION:0.5137279648631383
CE_MATERIAL:0.5148668499613278
CE_KINGSAFETY:0.5031343265089542
C_PIECESQUARETABLES:0.500466414228684
C_MOBILITY:0.5700425553298755
C_KINGSAFETY:0.5614894074493475
C_PAWNSTRUCTURE:0.4654495050664594
C_PIECECOORDINATION:0.5123675301767661
C_ROOK:0.5316220439389822
CE_ROOK:0.5452285387501558
C_CENTERCONTROL:0.5180371047427684
C_DEVELOPPIECES:0.5155891299647675
C_MATERIAL:0.49381105188482577
C_MOVECOUNT:0.5297785101766316
C_PAWNMOVEMENT:0.4627476853050674
