ELO:970
CE_PASSEDPAWNS:0.47342615425839485
CE_PAWNWEAKNESSES:0.5029193936500984
CE_PIECEACTIVITY:0.5089012912850527
CE_KINGPAWNSHIELD:0.5002724683801191
CE_PIECECOORDINATION:0.510805108381099
CE_MATERIAL:0.5055098936268081
CE_KINGSAFETY:0.49832157559337115
C_PIECESQUARETABLES:0.5033405290350604
C_MOBILITY:0.5173674659755187
C_KINGSAFETY:0.5222389699507398
C_PAWNSTRUCTURE:0.48914288521321647
C_PIECECOORDINATION:0.5111591578460951
C_ROOK:0.5230249252735049
CE_ROOK:0.5006281758028972
C_CENTERCONTROL:0.49576932009064206
C_DEVELOPPIECES:0.5280127506392636
C_MATERIAL:0.4889676651655003
C_MOVECOUNT:0.5001892396027496
C_PAWNMOVEMENT:0.48668138776003483
