ELO:924
CE_PASSEDPAWNS:0.5896996943567997
CE_PAWNWEAKNESSES:0.5131052979186952
CE_PIECEACTIVITY:0.4802200251148461
CE_KINGPAWNSHIELD:0.4332287915648999
CE_PIECECOORDINATION:0.5280085952389303
CE_MATERIAL:0.49851618292070443
CE_KINGSAFETY:0.5017235865677337
C_PIECESQUARETABLES:0.5009440590961748
C_MOBILITY:0.4777142717573192
C_KINGSAFETY:0.5247692154448208
C_PAWNSTRUCTURE:0.4807550618397767
C_PIECECOORDINATION:0.48091945211357257
C_ROOKANDPAWNMOVEMENT:0.48091945211357257
C_CENTERCONTROL:0.4999196286175678
C_DEVELOPPIECES:0.47018684852575116
C_MATERIAL:0.47329807737566343
C_MOVECOUNT:0.5
