ELO:882
CE_PASSEDPAWNS:0.446308225365656
CE_PAWNWEAKNESSES:0.476256466622389
CE_PIECEACTIVITY:0.5582829927918164
CE_KINGPAWNSHIELD:0.47786974206601046
CE_PIECECOORDINATION:0.4079503967298174
CE_MATERIAL:0.5954439682722571
CE_KINGSAFETY:0.4676868098608933
C_PIECESQUARETABLES:0.4603538551563086
C_MOBILITY:0.48845575662440277
C_KINGSAFETY:0.48932370933637276
C_PAWNSTRUCTURE:0.4552857147016106
C_PIECECOORDINATION:0.5495359350246087
C_ROOKANDPAWNMOVEMENT:0.5495359350246087
C_CENTERCONTROL:0.5391913567070896
C_DEVELOPPIECES:0.418610681363802
C_MATERIAL:0.5073049726347615
