ELO:1000
CE_PASSEDPAWNS:0.5037090703570927
CE_PAWNWEAKNESSES:0.4893529166620072
CE_PIECEACTIVITY:0.5
CE_KINGPAWNSHIELD:0.5
CE_PIECECOORDINATION:0.5049628191389557
CE_MATERIAL:0.5066924710541051
CE_KINGSAFETY:0.5
C_PIECESQUARETABLES:0.5057087107867295
C_MOBILITY:0.5
C_KINGSAFETY:0.5209739712016092
C_PAWNSTRUCTURE:0.48774719450399656
C_PIECECOORDINATION:0.5
C_ROOK:0.5068037071102738
CE_ROOK:0.5
C_CENTERCONTROL:0.5
C_DEVELOPPIECES:0.5089639101423712
C_MATERIAL:0.5053052770764573
C_MOVECOUNT:0.49226580063422243
C_PAWNMOVEMENT:0.5
