ELO:1000
CE_PASSEDPAWNS:0.49209615600221795
CE_PAWNWEAKNESSES:0.48902709580180653
CE_PIECEACTIVITY:0.4905581354003964
CE_KINGPAWNSHIELD:0.5014206779184572
CE_PIECECOORDINATION:0.5087802720021504
CE_MATERIAL:0.50294606547388
CE_KINGSAFETY:0.49360739514803037
C_PIECESQUARETABLES:0.5045997694447688
C_MOBILITY:0.5
C_KINGSAFETY:0.49997383013921026
C_PAWNSTRUCTURE:0.49055866930355313
C_PIECECOORDINATION:0.4787849229473841
C_ROOKANDPAWNMOVEMENT:0.4787849229473841
C_CENTERCONTROL:0.5192813295355331
C_DEVELOPPIECES:0.49949085565805806
C_MATERIAL:0.5104166278824597
