ELO:918
CE_PASSEDPAWNS:0.5065163492773679
CE_PAWNWEAKNESSES:0.5009882795361588
CE_PIECEACTIVITY:0.5112599220585116
CE_KINGPAWNSHIELD:0.4908035986246583
CE_PIECECOORDINATION:0.4900799857022899
CE_MATERIAL:0.5147720907262539
CE_KINGSAFETY:0.5101987983785814
C_PIECESQUARETABLES:0.4889395013552735
C_MOBILITY:0.512386058187066
C_KINGSAFETY:0.5143050109368016
C_PAWNSTRUCTURE:0.47833682615512724
C_PIECECOORDINATION:0.49502127062573564
C_ROOKANDPAWNMOVEMENT:0.49502127062573564
C_CENTERCONTROL:0.5039129979149721
C_DEVELOPPIECES:0.4955158973510026
C_MATERIAL:0.5145496782574834
C_MOVECOUNT:0.5063962245740741
