ELO:785
CE_PASSEDPAWNS:0.5331934665437097
CE_PAWNWEAKNESSES:0.5400331474216967
CE_PIECEACTIVITY:0.4847966783113632
CE_KINGPAWNSHIELD:0.5178764364581524
CE_PIECECOORDINATION:0.4802820997062094
CE_MATERIAL:0.5517656601037985
CE_KINGSAFETY:0.5040691783251098
C_PIECESQUARETABLES:0.49847543528000166
C_MOBILITY:0.4691553697561276
C_KINGSAFETY:0.5329846142713365
C_PAWNSTRUCTURE:0.48312444371495705
C_PIECECOORDINATION:0.5235365904174271
C_ROOKANDPAWNMOVEMENT:0.5235365904174271
C_CENTERCONTROL:0.4915899595831166
C_DEVELOPPIECES:0.5274618535230903
C_MATERIAL:0.4936696984521764
C_MOVECOUNT:0.4967104521388298
