ELO:848
CE_PASSEDPAWNS:0.5536395301187739
CE_PAWNWEAKNESSES:0.5207955764729975
CE_PIECEACTIVITY:0.46066948283447356
CE_KINGPAWNSHIELD:0.5054755571509099
CE_PIECECOORDINATION:0.47057998899591297
CE_MATERIAL:0.4599625746992425
CE_KINGSAFETY:0.5
C_PIECESQUARETABLES:0.5004537251717647
C_MOBILITY:0.49021976150456864
C_KINGSAFETY:0.3995839556043878
C_PAWNSTRUCTURE:0.4867903350201284
C_PIECECOORDINATION:0.494048515086371
C_ROOKANDPAWNMOVEMENT:0.494048515086371
C_CENTERCONTROL:0.4885434761483559
C_DEVELOPPIECES:0.49539730392715703
C_MATERIAL:0.47171741844379517
C_MOVECOUNT:0.5
