ELO:943
CE_PASSEDPAWNS:0.5127911281747187
CE_PAWNWEAKNESSES:0.4990131383041727
CE_PIECEACTIVITY:0.5030696481404048
CE_KINGPAWNSHIELD:0.4908035986246583
CE_PIECECOORDINATION:0.5026471369373101
CE_MATERIAL:0.5147720907262539
CE_KINGSAFETY:0.4931388454576513
C_PIECESQUARETABLES:0.4792205678022065
C_MOBILITY:0.5210733316880829
C_KINGSAFETY:0.5124347354176799
C_PAWNSTRUCTURE:0.48250165144497337
C_PIECECOORDINATION:0.49502127062573564
C_ROOKANDPAWNMOVEMENT:0.49502127062573564
C_CENTERCONTROL:0.5039129979149721
C_DEVELOPPIECES:0.49757842788255324
C_MATERIAL:0.5088468986668562
C_MOVECOUNT:0.49968852778997797
