ELO:921
CE_PASSEDPAWNS:0.4489135652373933
CE_PAWNWEAKNESSES:0.42148402550283487
CE_PIECEACTIVITY:0.568720272074665
CE_KINGPAWNSHIELD:0.47126905392661633
CE_PIECECOORDINATION:0.42377320686977515
CE_MATERIAL:0.6121426439072651
CE_KINGSAFETY:0.5105828020404081
C_PIECESQUARETABLES:0.4685263407101076
C_MOBILITY:0.4381302250574824
C_KINGSAFETY:0.5425540454984339
C_PAWNSTRUCTURE:0.5107461043992572
C_PIECECOORDINATION:0.5564551308586758
C_ROOKANDPAWNMOVEMENT:0.5564551308586758
C_CENTERCONTROL:0.5276466310774363
C_DEVELOPPIECES:0.43136102947672017
C_MATERIAL:0.5074066408733284
