ELO:1000
CE_PASSEDPAWNS:0.47375888151019097
CE_PAWNWEAKNESSES:0.4473166770133598
CE_PIECEACTIVITY:0.44903050917623355
CE_KINGPAWNSHIELD:0.5188431463033145
CE_PIECECOORDINATION:0.46776704697859023
CE_MATERIAL:0.5173787445391855
CE_KINGSAFETY:0.5142375208011993
C_PIECESQUARETABLES:0.4899786747591834
C_MOBILITY:0.47164997658752134
C_KINGSAFETY:0.5414664058481096
C_PAWNSTRUCTURE:0.41427886533181624
C_PIECECOORDINATION:0.44456070897165156
C_ROOKANDPAWNMOVEMENT:0.44456070897165156
C_CENTERCONTROL:0.5637750475286097
C_DEVELOPPIECES:0.5085091959108795
C_MATERIAL:0.5039058122764726
