ELO:971
CE_PASSEDPAWNS:0.48535044282145484
CE_PAWNWEAKNESSES:0.49523284850902777
CE_PIECEACTIVITY:0.5114561072377424
CE_KINGPAWNSHIELD:0.4867769955782702
CE_PIECECOORDINATION:0.506319732545208
CE_MATERIAL:0.4917059435001318
CE_KINGSAFETY:0.4995192816117284
C_PIECESQUARETABLES:0.5302655788435756
C_MOBILITY:0.4961934530707988
C_KINGSAFETY:0.5461866725319202
C_PAWNSTRUCTURE:0.51039278234255
C_PIECECOORDINATION:0.4983075048602101
C_ROOKANDPAWNMOVEMENT:0.4983075048602101
C_CENTERCONTROL:0.45066271850773987
C_DEVELOPPIECES:0.496735878727988
C_MATERIAL:0.5011177389702783
