ELO:774
CE_PASSEDPAWNS:0.5591523644965194
CE_PAWNWEAKNESSES:0.5331772671693112
CE_PIECEACTIVITY:0.5232465169880957
CE_KINGPAWNSHIELD:0.4929474927075609
CE_PIECECOORDINATION:0.5641708528181297
CE_MATERIAL:0.5013960185697095
CE_KINGSAFETY:0.43866070749371233
C_PIECESQUARETABLES:0.5075384229170441
C_MOBILITY:0.49499537593509524
C_KINGSAFETY:0.4237377925371179
C_PAWNSTRUCTURE:0.4627956753633113
C_PIECECOORDINATION:0.5198200206843635
C_ROOKANDPAWNMOVEMENT:0.5198200206843635
C_CENTERCONTROL:0.5221566024436842
C_DEVELOPPIECES:0.5592708029401853
C_MATERIAL:0.48493568876489873
C_MOVECOUNT:0.5
