ELO:953
CE_PASSEDPAWNS:0.4638722370957419
CE_PAWNWEAKNESSES:0.5230059416797285
CE_PIECEACTIVITY:0.5138328418275752
CE_KINGPAWNSHIELD:0.49219460388702824
CE_PIECECOORDINATION:0.5033187744207878
CE_MATERIAL:0.5113280983879824
CE_KINGSAFETY:0.5016399632181398
C_PIECESQUARETABLES:0.49906117573453873
C_MOBILITY:0.5440782268980547
C_KINGSAFETY:0.5188699622440114
C_PAWNSTRUCTURE:0.4918933674762679
C_PIECECOORDINATION:0.4964092713007249
C_ROOK:0.49366661297019243
CE_ROOK:0.49273512019653737
C_CENTERCONTROL:0.4941472053791563
C_DEVELOPPIECES:0.5217563994343222
C_MATERIAL:0.47083921556329394
C_MOVECOUNT:0.5029939448329444
C_PAWNMOVEMENT:0.4899535863071034
