ELO:921
CE_PASSEDPAWNS:0.49332875508553914
CE_PAWNWEAKNESSES:0.5175301424361305
CE_PIECEACTIVITY:0.521830210582454
CE_KINGPAWNSHIELD:0.48025873903922683
CE_PIECECOORDINATION:0.49446624607143885
CE_MATERIAL:0.5065849029377683
CE_KINGSAFETY:0.5
C_PIECESQUARETABLES:0.5
C_MOBILITY:0.5528513450031872
C_KINGSAFETY:0.537332261868355
C_PAWNSTRUCTURE:0.4855831292812384
C_PIECECOORDINATION:0.4964092713007249
C_ROOK:0.487192643393469
CE_ROOK:0.5149663044474182
C_CENTERCONTROL:0.5045648625197648
C_DEVELOPPIECES:0.5156379739676666
C_MATERIAL:0.46978090005359313
C_MOVECOUNT:0.5273323385456548
C_PAWNMOVEMENT:0.48399655930363134
