ELO:1000
CE_PASSEDPAWNS:0.47273312600198214
CE_PAWNWEAKNESSES:0.4909038099332631
CE_PIECEACTIVITY:0.48139770352383676
CE_KINGPAWNSHIELD:0.488322687850609
CE_PIECECOORDINATION:0.5075103619457597
CE_MATERIAL:0.5355973395652206
CE_KINGSAFETY:0.517108523492114
C_PIECESQUARETABLES:0.5180840140235689
C_MOBILITY:0.4886190824718255
C_KINGSAFETY:0.5067028679989216
C_PAWNSTRUCTURE:0.493177137745988
C_PIECECOORDINATION:0.5274371990919251
C_ROOKANDPAWNMOVEMENT:0.5274371990919251
C_CENTERCONTROL:0.5150262766323458
C_DEVELOPPIECES:0.4483608831850661
C_MATERIAL:0.45418831392020986
