ELO:966
CE_PASSEDPAWNS:0.475806155385878
CE_PAWNWEAKNESSES:0.5119062853894141
CE_PIECEACTIVITY:0.5049215666225
CE_KINGPAWNSHIELD:0.4867769955782702
CE_PIECECOORDINATION:0.4958496047066732
CE_MATERIAL:0.49048878839413157
CE_KINGSAFETY:0.49724268712262637
C_PIECESQUARETABLES:0.5113778487056865
C_MOBILITY:0.46960256798825323
C_KINGSAFETY:0.5579221465657809
C_PAWNSTRUCTURE:0.5501237565858973
C_PIECECOORDINATION:0.49207457167025637
C_ROOKANDPAWNMOVEMENT:0.49207457167025637
C_CENTERCONTROL:0.45066271850773987
C_DEVELOPPIECES:0.5063823059890412
C_MATERIAL:0.4985018451179858
