ELO:930
CE_PASSEDPAWNS:0.3578979664504456
CE_PAWNWEAKNESSES:0.40222021943419933
CE_PIECEACTIVITY:0.4834409138448602
CE_KINGPAWNSHIELD:0.6165384211980222
CE_PIECECOORDINATION:0.5076863036501149
CE_MATERIAL:0.5642059569908977
CE_KINGSAFETY:0.5069605532435479
C_PIECESQUARETABLES:0.4820480775266145
C_MOBILITY:0.43834289216762534
C_KINGSAFETY:0.5675960899462702
C_PAWNSTRUCTURE:0.4239322531093543
C_PIECECOORDINATION:0.48245996143344216
C_ROOKANDPAWNMOVEMENT:0.48245996143344216
C_CENTERCONTROL:0.5749127134522148
C_DEVELOPPIECES:0.5167973215637143
C_MATERIAL:0.4308910425457112
