ELO:936
CE_PASSEDPAWNS:0.47885186241127614
CE_PAWNWEAKNESSES:0.5175301424361305
CE_PIECEACTIVITY:0.5254738013275936
CE_KINGPAWNSHIELD:0.48025873903922683
CE_PIECECOORDINATION:0.503479125141935
CE_MATERIAL:0.5113280983879824
CE_KINGSAFETY:0.49453481959908946
C_PIECESQUARETABLES:0.5008896706677233
C_MOBILITY:0.5470769300160435
C_KINGSAFETY:0.530166860694558
C_PAWNSTRUCTURE:0.4855831292812384
C_PIECECOORDINATION:0.4964092713007249
C_ROOK:0.49366661297019243
CE_ROOK:0.5235792974142909
C_CENTERCONTROL:0.5122405138192992
C_DEVELOPPIECES:0.5217563994343222
C_MATERIAL:0.46978090005359313
C_MOVECOUNT:0.5149334854262704
C_PAWNMOVEMENT:0.4871695508735282
