ELO:803
CE_PASSEDPAWNS:0.5915615107791081
CE_PAWNWEAKNESSES:0.5135702914417055
CE_PIECEACTIVITY:0.5222373485713748
CE_KINGPAWNSHIELD:0.46692158866551575
CE_PIECECOORDINATION:0.4905150188791431
CE_MATERIAL:0.5365856138174057
CE_KINGSAFETY:0.49434443138104817
C_PIECESQUARETABLES:0.5067067637103986
C_MOBILITY:0.4485680934555611
C_KINGSAFETY:0.5217900927575269
C_PAWNSTRUCTURE:0.5097170314543203
C_PIECECOORDINATION:0.47972817246618527
C_ROOKANDPAWNMOVEMENT:0.47972817246618527
C_CENTERCONTROL:0.5027092211393726
C_DEVELOPPIECES:0.520357343962941
C_MATERIAL:0.45199470028702055
C_MOVECOUNT:0.5
