ELO:986
CE_PASSEDPAWNS:0.5085950657861171
CE_PAWNWEAKNESSES:0.44095069192489034
CE_PIECEACTIVITY:0.5116072762966309
CE_KINGPAWNSHIELD:0.5191640960324057
CE_PIECECOORDINATION:0.5
CE_MATERIAL:0.5049628978897545
CE_KINGSAFETY:0.5012181511274043
C_PIECESQUARETABLES:0.4929377029340502
C_MOBILITY:0.5016918310291916
C_KINGSAFETY:0.4781459117766345
C_PAWNSTRUCTURE:0.5249327951593435
C_PIECECOORDINATION:0.43974576636301
C_ROOKANDPAWNMOVEMENT:0.43974576636301
C_CENTERCONTROL:0.5188822353851329
C_DEVELOPPIECES:0.4807451868022721
C_MATERIAL:0.5001141646327594
C_MOVECOUNT:0.5
