ELO:1000
CE_PASSEDPAWNS:0.480810322504632
CE_PAWNWEAKNESSES:0.46411058311609543
CE_PIECEACTIVITY:0.48356461298406966
CE_KINGPAWNSHIELD:0.518954571012555
CE_PIECECOORDINATION:0.5062772605126018
CE_MATERIAL:0.49925236999788924
CE_KINGSAFETY:0.47114350059481924
C_PIECESQUARETABLES:0.49846617858311065
C_MOBILITY:0.4901511858914129
C_KINGSAFETY:0.5259137385754261
C_PAWNSTRUCTURE:0.4487517623544538
C_PIECECOORDINATION:0.4537825796182585
C_ROOKANDPAWNMOVEMENT:0.4537825796182585
C_CENTERCONTROL:0.5376703174792665
C_DEVELOPPIECES:0.5229473729378459
C_MATERIAL:0.5003126289466395
