ELO:1000
CE_PASSEDPAWNS:0.43566044472548265
CE_PAWNWEAKNESSES:0.4900956485564762
CE_PIECEACTIVITY:0.4836005878300571
CE_KINGPAWNSHIELD:0.49381100503138897
CE_PIECECOORDINATION:0.5058998515921642
CE_MATERIAL:0.5127428266281301
CE_KINGSAFETY:0.5090335055039452
C_PIECESQUARETABLES:0.5269430245040758
C_MOBILITY:0.4734072128102547
C_KINGSAFETY:0.48953504388633157
C_PAWNSTRUCTURE:0.4800803211829334
C_PIECECOORDINATION:0.5467319702039958
C_ROOKANDPAWNMOVEMENT:0.5467319702039958
C_CENTERCONTROL:0.5214193093165356
C_DEVELOPPIECES:0.44667589637695393
C_MATERIAL:0.4668746455963018
