ELO:650
CE_PASSEDPAWNS:0.48508501933352494
CE_PAWNWEAKNESSES:0.45230450915231696
CE_PIECEACTIVITY:0.4964259975721331
CE_KINGPAWNSHIELD:0.5500514740844777
CE_PIECECOORDINATION:0.49836901661024186
CE_MATERIAL:0.5143839342785568
CE_KINGSAFETY:0.4929125997839383
C_PIECESQUARETABLES:0.502241443916086
C_MOBILITY:0.5160957744373014
C_KINGSAFETY:0.5386838340959894
C_PAWNSTRUCTURE:0.4346378960692496
C_PIECECOORDINATION:0.4643276051784997
C_ROOKANDPAWNMOVEMENT:0.4643276051784997
C_CENTERCONTROL:0.4838093647823986
C_DEVELOPPIECES:0.597511621197628
C_MATERIAL:0.4633876679190544
C_MOVECOUNT:0.5
