ELO:705
CE_PASSEDPAWNS:0.4519496060130452
CE_PAWNWEAKNESSES:0.40272304534088094
CE_PIECEACTIVITY:0.5394022667294159
CE_KINGPAWNSHIELD:0.5426042540957037
CE_PIECECOORDINATION:0.41550846154465654
CE_MATERIAL:0.5698477946104242
CE_KINGSAFETY:0.522325749109582
C_PIECESQUARETABLES:0.46162284667584613
C_MOBILITY:0.4957946581957352
C_KINGSAFETY:0.5235487634741649
C_PAWNSTRUCTURE:0.4554551227151823
C_PIECECOORDINATION:0.4890542811426246
C_ROOKANDPAWNMOVEMENT:0.4890542811426246
C_CENTERCONTROL:0.5497890296417256
C_DEVELOPPIECES:0.6191888369714853
C_MATERIAL:0.4773254252584206
C_MOVECOUNT:0.5
