ELO:1004
CE_PASSEDPAWNS:0.5043311997820308
CE_PAWNWEAKNESSES:0.49406120878021414
CE_PIECEACTIVITY:0.4910844761326422
CE_KINGPAWNSHIELD:0.4897221814340309
CE_PIECECOORDINATION:0.48214732906308994
CE_MATERIAL:0.5056797152197753
CE_KINGSAFETY:0.5
C_PIECESQUARETABLES:0.5073890137055953
C_MOBILITY:0.4927072540120888
C_KINGSAFETY:0.5138175720512391
C_PAWNSTRUCTURE:0.4940682655274028
C_PIECECOORDINATION:0.5224515018825217
C_ROOK:0.4912758337458229
CE_ROOK:0.49260168298490936
C_CENTERCONTROL:0.4690410158586401
C_DEVELOPPIECES:0.4596228453130373
C_MATERIAL:0.4899455021876946
C_MOVECOUNT:0.5079458169501581
C_PAWNMOVEMENT:0.5196242789090337
