ELO:716
CE_PASSEDPAWNS:0.467092401181649
CE_PAWNWEAKNESSES:0.4277819505139596
CE_PIECEACTIVITY:0.5399134400227058
CE_KINGPAWNSHIELD:0.5615918302747603
CE_PIECECOORDINATION:0.49175764589421633
CE_MATERIAL:0.5391640800460137
CE_KINGSAFETY:0.514930718635596
C_PIECESQUARETABLES:0.5093244759705317
C_MOBILITY:0.511164789243419
C_KINGSAFETY:0.5471209362035618
C_PAWNSTRUCTURE:0.4464105865531872
C_PIECECOORDINATION:0.46889152462319744
C_ROOKANDPAWNMOVEMENT:0.46889152462319744
C_CENTERCONTROL:0.49978726273857543
C_DEVELOPPIECES:0.6175406461874838
C_MATERIAL:0.4685021537181985
C_MOVECOUNT:0.5
