ELO:1011
CE_PASSEDPAWNS:0.4819388482780971
CE_PAWNWEAKNESSES:0.5140232024896101
CE_PIECEACTIVITY:0.49042974098330283
CE_KINGPAWNSHIELD:0.501055632551636
CE_PIECECOORDINATION:0.5116087055158328
CE_MATERIAL:0.5063632311948244
CE_KINGSAFETY:0.5
C_PIECESQUARETABLES:0.5
C_MOBILITY:0.5
C_KINGSAFETY:0.487536961408672
C_PAWNSTRUCTURE:0.4824024759828063
C_PIECECOORDINATION:0.5034705764988245
C_ROOK:0.5036832974585811
CE_ROOK:0.5065421953918734
C_CENTERCONTROL:0.505673478175524
C_DEVELOPPIECES:0.4854131664917874
C_MATERIAL:0.4972883061627812
C_MOVECOUNT:0.4963060505601836
C_PAWNMOVEMENT:0.5010059955913374
