ELO:994
CE_PASSEDPAWNS:0.5039363017229694
CE_PAWNWEAKNESSES:0.46526235889391143
CE_PIECEACTIVITY:0.5029766756247558
CE_KINGPAWNSHIELD:0.4998667405549111
CE_PIECECOORDINATION:0.5170239697434627
CE_MATERIAL:0.5022992900921144
CE_KINGSAFETY:0.5
C_PIECESQUARETABLES:0.5
C_MOBILITY:0.5210801441566181
C_KINGSAFETY:0.48233824245969126
C_PAWNSTRUCTURE:0.48622638489785863
C_PIECECOORDINATION:0.5003177279984702
C_ROOK:0.5244386712091323
CE_ROOK:0.514665955239416
C_CENTERCONTROL:0.5481572672066495
C_DEVELOPPIECES:0.4854328376552627
C_MATERIAL:0.5
C_MOVECOUNT:0.5379381421066286
C_PAWNMOVEMENT:0.5719374247490445
