ELO:1020
CE_PASSEDPAWNS:0.5146140641642772
CE_PAWNWEAKNESSES:0.5121927572378715
CE_PIECEACTIVITY:0.49870795245963095
CE_KINGPAWNSHIELD:0.5272050368281263
CE_PIECECOORDINATION:0.4858273279290439
CE_MATERIAL:0.4913272283403476
CE_KINGSAFETY:0.5
C_PIECESQUARETABLES:0.5
C_MOBILITY:0.487709618304776
C_KINGSAFETY:0.47906360941770565
C_PAWNSTRUCTURE:0.5017539198243214
C_PIECECOORDINATION:0.5027445464555604
C_ROOK:0.4854536249574806
CE_ROOK:0.4935121825709985
C_CENTERCONTROL:0.5101910784123721
C_DEVELOPPIECES:0.471495024196108
C_MATERIAL:0.4899455021876946
C_MOVECOUNT:0.4811508754496449
C_PAWNMOVEMENT:0.5072186104954414
