ELO:1001
CE_PASSEDPAWNS:0.5156745244652265
CE_PAWNWEAKNESSES:0.4983353954934012
CE_PIECEACTIVITY:0.49252236934882593
CE_KINGPAWNSHIELD:0.5080543482057327
CE_PIECECOORDINATION:0.48490889954679145
CE_MATERIAL:0.5049996443832081
CE_KINGSAFETY:0.5
C_PIECESQUARETABLES:0.5
C_MOBILITY:0.5
C_KINGSAFETY:0.5074034999470726
C_PAWNSTRUCTURE:0.5
C_PIECECOORDINATION:0.5
C_ROOKANDPAWNMOVEMENT:0.5
C_CENTERCONTROL:0.5122254153087142
C_DEVELOPPIECES:0.509088514134899
C_MATERIAL:0.49753808855217885
C_MOVECOUNT:0.49470832610434934
