ELO:943
CE_PASSEDPAWNS:0.5100878548236366
CE_PAWNWEAKNESSES:0.5039267706145458
CE_PIECEACTIVITY:0.4900705385060937
CE_KINGPAWNSHIELD:0.49496298737296907
CE_PIECECOORDINATION:0.5064399563309718
CE_MATERIAL:0.5198552387948403
CE_KINGSAFETY:0.504673350436947
C_PIECESQUARETABLES:0.4852869358639201
C_MOBILITY:0.495985965396472
C_KINGSAFETY:0.5127256652835187
C_PAWNSTRUCTURE:0.49072514442667914
C_PIECECOORDINATION:0.5203572714429185
C_ROOKANDPAWNMOVEMENT:0.5203572714429185
C_CENTERCONTROL:0.4990512145541339
C_DEVELOPPIECES:0.5080682470264164
C_MATERIAL:0.4935184602771605
C_MOVECOUNT:0.46467625328442314
