ELO:725
CE_PASSEDPAWNS:0.4671217882138735
CE_PAWNWEAKNESSES:0.4322133229577507
CE_PIECEACTIVITY:0.5080463081051291
CE_KINGPAWNSHIELD:0.5639817994730446
CE_PIECECOORDINATION:0.5064618169066876
CE_MATERIAL:0.5332051544705152
CE_KINGSAFETY:0.5016030524066585
C_PIECESQUARETABLES:0.497912445870796
C_MOBILITY:0.5279256327961875
C_KINGSAFETY:0.5657681824859376
C_PAWNSTRUCTURE:0.44483779137510626
C_PIECECOORDINATION:0.5028702540352008
C_ROOKANDPAWNMOVEMENT:0.5028702540352008
C_CENTERCONTROL:0.5027584886096778
C_DEVELOPPIECES:0.6449323480746648
C_MATERIAL:0.4595129979687357
C_MOVECOUNT:0.5
