ELO:764
CE_PASSEDPAWNS:0.5899662039154508
CE_PAWNWEAKNESSES:0.5339951858877457
CE_PIECEACTIVITY:0.6362499702730284
CE_KINGPAWNSHIELD:0.418098935908359
CE_PIECECOORDINATION:0.4462785760557105
CE_MATERIAL:0.5924882704148992
CE_KINGSAFETY:0.5215792217617569
C_PIECESQUARETABLES:0.5015058783789247
C_MOBILITY:0.4620052013931356
C_KINGSAFETY:0.4199788356023288
C_PAWNSTRUCTURE:0.3975568991537251
C_PIECECOORDINATION:0.4498323487852853
C_ROOKANDPAWNMOVEMENT:0.4498323487852853
C_CENTERCONTROL:0.4454157386828273
C_DEVELOPPIECES:0.5382229392654518
C_MATERIAL:0.48407057918373037
