ELO:783
CE_PASSEDPAWNS:0.5299519960232143
CE_PAWNWEAKNESSES:0.5192628949064566
CE_PIECEACTIVITY:0.4476968409049917
CE_KINGPAWNSHIELD:0.52235184020844
CE_PIECECOORDINATION:0.47244076057441203
CE_MATERIAL:0.5173777125018656
CE_KINGSAFETY:0.49435096709598075
C_PIECESQUARETABLES:0.5353869990053516
C_MOBILITY:0.5276796459503668
C_KINGSAFETY:0.5322283635731018
C_PAWNSTRUCTURE:0.48444656648721474
C_PIECECOORDINATION:0.5214885941836551
C_ROOKANDPAWNMOVEMENT:0.5214885941836551
C_CENTERCONTROL:0.5586157786223591
C_DEVELOPPIECES:0.5565794046525435
C_MATERIAL:0.4611730119045547
C_MOVECOUNT:0.5
