ELO:742
CE_PASSEDPAWNS:0.4687056592198382
CE_PAWNWEAKNESSES:0.4352121158820219
CE_PIECEACTIVITY:0.5187967840121167
CE_KINGPAWNSHIELD:0.5421587388990169
CE_PIECECOORDINATION:0.4741769936114054
CE_MATERIAL:0.5577463902067346
CE_KINGSAFETY:0.5148682810664033
C_PIECESQUARETABLES:0.48695203862961456
C_MOBILITY:0.5154412670617364
C_KINGSAFETY:0.532208535482401
C_PAWNSTRUCTURE:0.4496359064169066
C_PIECECOORDINATION:0.5233188745887163
C_ROOKANDPAWNMOVEMENT:0.5233188745887163
C_CENTERCONTROL:0.5135119842936845
C_DEVELOPPIECES:0.6551667561281644
C_MATERIAL:0.46599033727737654
C_MOVECOUNT:0.5
