ELO:976
CE_PASSEDPAWNS:0.5218883952067341
CE_PAWNWEAKNESSES:0.5195026401059204
CE_PIECEACTIVITY:0.4712518179307529
CE_KINGPAWNSHIELD:0.48324271129281227
CE_PIECECOORDINATION:0.4780704233079052
CE_MATERIAL:0.47582775070140115
CE_KINGSAFETY:0.5071745370147707
C_PIECESQUARETABLES:0.508642040188004
C_MOBILITY:0.5039247930032452
C_KINGSAFETY:0.5066494447704749
C_PAWNSTRUCTURE:0.5144087024345615
C_PIECECOORDINATION:0.5127802438289424
C_ROOKANDPAWNMOVEMENT:0.5127802438289424
C_CENTERCONTROL:0.5123762192121275
C_DEVELOPPIECES:0.5122898528803541
C_MATERIAL:0.48113964587096925
