ELO:990
CE_PASSEDPAWNS:0.3671258369474086
CE_PAWNWEAKNESSES:0.4747266971979074
CE_PIECEACTIVITY:0.5635294470745482
CE_KINGPAWNSHIELD:0.542603462243025
CE_PIECECOORDINATION:0.4900754740756039
CE_MATERIAL:0.46670890985477814
CE_KINGSAFETY:0.5067692544893081
C_PIECESQUARETABLES:0.5003143328534182
C_MOBILITY:0.5798117526056026
C_KINGSAFETY:0.5619067869602125
C_PAWNSTRUCTURE:0.45446556840731916
C_PIECECOORDINATION:0.6135308168497035
C_ROOKANDPAWNMOVEMENT:0.6135308168497035
C_CENTERCONTROL:0.36952196242782104
C_DEVELOPPIECES:0.48506290341252395
C_MATERIAL:0.5875770842357657
