ELO:953
CE_PASSEDPAWNS:0.5559436028438515
CE_PAWNWEAKNESSES:0.4973940867801948
CE_PIECEACTIVITY:0.5487472772337998
CE_KINGPAWNSHIELD:0.49195440493077475
CE_PIECECOORDINATION:0.4712808687717318
CE_MATERIAL:0.46980488366257683
CE_KINGSAFETY:0.5078977563275805
C_PIECESQUARETABLES:0.5177002723623969
C_MOBILITY:0.39480206351260966
C_KINGSAFETY:0.47295472347332124
C_PAWNSTRUCTURE:0.4528660526327414
C_PIECECOORDINATION:0.4751231293785124
C_ROOKANDPAWNMOVEMENT:0.4751231293785124
C_CENTERCONTROL:0.5545687092139928
C_DEVELOPPIECES:0.5674223158580902
C_MATERIAL:0.5074613034195633
