ELO:1006
CE_PASSEDPAWNS:0.503341552644952
CE_PAWNWEAKNESSES:0.49582147174773433
CE_PIECEACTIVITY:0.4910844761326422
CE_KINGPAWNSHIELD:0.5007371787734637
CE_PIECECOORDINATION:0.49825204941202283
CE_MATERIAL:0.5
CE_KINGSAFETY:0.5115847549163711
C_PIECESQUARETABLES:0.5099796921448294
C_MOBILITY:0.4927072540120888
C_KINGSAFETY:0.5048762308994239
C_PAWNSTRUCTURE:0.49277735736716133
C_PIECECOORDINATION:0.5218087821540097
C_ROOK:0.4912758337458229
CE_ROOK:0.473966689342418
C_CENTERCONTROL:0.5109826750191738
C_DEVELOPPIECES:0.5
C_MATERIAL:0.4972205291485834
C_MOVECOUNT:0.5038705611689941
C_PAWNMOVEMENT:0.5
