ELO:979
CE_PASSEDPAWNS:0.5889028459939543
CE_PAWNWEAKNESSES:0.5300520743474612
CE_PIECEACTIVITY:0.5686832578757458
CE_KINGPAWNSHIELD:0.45369517252441977
CE_PIECECOORDINATION:0.5231749712188843
CE_MATERIAL:0.5868458754966769
CE_KINGSAFETY:0.5127479745708298
C_PIECESQUARETABLES:0.5
C_MOBILITY:0.5080475515800962
C_KINGSAFETY:0.51728345946928
C_PAWNSTRUCTURE:0.4776502088459537
C_PIECECOORDINATION:0.41239801624773315
C_ROOKANDPAWNMOVEMENT:0.41239801624773315
C_CENTERCONTROL:0.47290919761966527
C_DEVELOPPIECES:0.4851897550844642
C_MATERIAL:0.48973173957822924
