ELO:1042
CE_PASSEDPAWNS:0.5
CE_PAWNWEAKNESSES:0.5121927572378715
CE_PIECEACTIVITY:0.49870795245963095
CE_KINGPAWNSHIELD:0.4798197097681056
CE_PIECECOORDINATION:0.5003591470819672
CE_MATERIAL:0.4775750740388604
CE_KINGSAFETY:0.5
C_PIECESQUARETABLES:0.5
C_MOBILITY:0.48865540621102704
C_KINGSAFETY:0.4408829536823545
C_PAWNSTRUCTURE:0.5017539198243214
C_PIECECOORDINATION:0.5027445464555604
C_ROOK:0.4875011644046835
CE_ROOK:0.5102364438222872
C_CENTERCONTROL:0.5101910784123721
C_DEVELOPPIECES:0.5416454889175935
C_MATERIAL:0.5000931706638955
C_MOVECOUNT:0.5012008929338544
C_PAWNMOVEMENT:0.5033146514761775
