ELO:969
CE_PASSEDPAWNS:0.48653129987853183
CE_PAWNWEAKNESSES:0.518336518337959
CE_PIECEACTIVITY:0.5395726004734633
CE_KINGPAWNSHIELD:0.4768306410787185
CE_PIECECOORDINATION:0.5137137070141857
CE_MATERIAL:0.5002767899968643
CE_KINGSAFETY:0.5
C_PIECESQUARETABLES:0.5
C_MOBILITY:0.49844666443375457
C_KINGSAFETY:0.5122061919449765
C_PAWNSTRUCTURE:0.5095755460057702
C_PIECECOORDINATION:0.49451631901157156
C_ROOKANDPAWNMOVEMENT:0.49451631901157156
C_CENTERCONTROL:0.4970733805234032
C_DEVELOPPIECES:0.5059995335930847
C_MATERIAL:0.48798659999160077
C_MOVECOUNT:0.5
