ELO:1002
CE_PASSEDPAWNS:0.4992975342111501
CE_PAWNWEAKNESSES:0.49406120878021414
CE_PIECEACTIVITY:0.4910844761326422
CE_KINGPAWNSHIELD:0.48295658058951974
CE_PIECECOORDINATION:0.48756240657191374
CE_MATERIAL:0.5108422074289899
CE_KINGSAFETY:0.5
C_PIECESQUARETABLES:0.5152896330891744
C_MOBILITY:0.4927072540120888
C_KINGSAFETY:0.5138175720512391
C_PAWNSTRUCTURE:0.4971572844728303
C_PIECECOORDINATION:0.5280266272872312
C_ROOK:0.49173841197079005
CE_ROOK:0.4916578152683325
C_CENTERCONTROL:0.47116135814119847
C_DEVELOPPIECES:0.45604698656746484
C_MATERIAL:0.4899455021876946
C_MOVECOUNT:0.5158439878326484
C_PAWNMOVEMENT:0.5081340622376144
