ELO:1004
CE_PASSEDPAWNS:0.5069780083372324
CE_PAWNWEAKNESSES:0.511217112820303
CE_PIECEACTIVITY:0.5
CE_KINGPAWNSHIELD:0.49504274198782633
CE_PIECECOORDINATION:0.5095965497780672
CE_MATERIAL:0.4904643660697121
CE_KINGSAFETY:0.5
C_PIECESQUARETABLES:0.5
C_MOBILITY:0.4882763828834067
C_KINGSAFETY:0.4916128297772204
C_PAWNSTRUCTURE:0.5152642547355024
C_PIECECOORDINATION:0.5169581283443035
C_ROOKANDPAWNMOVEMENT:0.5169581283443035
C_CENTERCONTROL:0.5
C_DEVELOPPIECES:0.5107865463184259
C_MATERIAL:0.5168777380447181
C_MOVECOUNT:0.5037192123169422
