ELO:923
CE_PASSEDPAWNS:0.5891356836649677
CE_PAWNWEAKNESSES:0.5072151241392624
CE_PIECEACTIVITY:0.588908087197638
CE_KINGPAWNSHIELD:0.3738358050098347
CE_PIECECOORDINATION:0.5111746617020748
CE_MATERIAL:0.5851501382899866
CE_KINGSAFETY:0.5072391575474422
C_PIECESQUARETABLES:0.49651076702325975
C_MOBILITY:0.4754011808743386
C_KINGSAFETY:0.4747385008618123
C_PAWNSTRUCTURE:0.4889189039794399
C_PIECECOORDINATION:0.43620891013671803
C_ROOKANDPAWNMOVEMENT:0.43620891013671803
C_CENTERCONTROL:0.48252899824388473
C_DEVELOPPIECES:0.5226723780194162
C_MATERIAL:0.442849651775479
