ELO:1000
CE_PASSEDPAWNS:0.5860739867166883
CE_PAWNWEAKNESSES:0.5151442536732118
CE_PIECEACTIVITY:0.5410689560036568
CE_KINGPAWNSHIELD:0.46046408348278456
CE_PIECECOORDINATION:0.505457474808468
CE_MATERIAL:0.5659595707642165
CE_KINGSAFETY:0.5130344321106833
C_PIECESQUARETABLES:0.5143201880415733
C_MOBILITY:0.49469869541532846
C_KINGSAFETY:0.5223025408739251
C_PAWNSTRUCTURE:0.5003911701893887
C_PIECECOORDINATION:0.4628089836666046
C_ROOKANDPAWNMOVEMENT:0.4628089836666046
C_CENTERCONTROL:0.46396539489123084
C_DEVELOPPIECES:0.4744323000145783
C_MATERIAL:0.47340399922520954
