ELO:1000
CE_PASSEDPAWNS:0.5700683241191455
CE_PAWNWEAKNESSES:0.5191820589612762
CE_PIECEACTIVITY:0.5523534692940489
CE_KINGPAWNSHIELD:0.44623051069780645
CE_PIECECOORDINATION:0.5216659770671632
CE_MATERIAL:0.5567886853919645
CE_KINGSAFETY:0.5018422995113672
C_PIECESQUARETABLES:0.5130519031100319
C_MOBILITY:0.501167501012779
C_KINGSAFETY:0.5429081000922878
C_PAWNSTRUCTURE:0.4922403414696965
C_PIECECOORDINATION:0.4603722115549967
C_ROOKANDPAWNMOVEMENT:0.4603722115549967
C_CENTERCONTROL:0.4560754144718696
C_DEVELOPPIECES:0.47573062112795916
C_MATERIAL:0.461836394777668
