ELO:855
CE_PASSEDPAWNS:0.5553172375735252
CE_PAWNWEAKNESSES:0.5119338379265862
CE_PIECEACTIVITY:0.49621338426845824
CE_KINGPAWNSHIELD:0.49402923107526076
CE_PIECECOORDINATION:0.4987174322801641
CE_MATERIAL:0.5034098426900716
CE_KINGSAFETY:0.4903649203218028
C_PIECESQUARETABLES:0.543026613058721
C_MOBILITY:0.513868681179959
C_KINGSAFETY:0.5182480539228392
C_PAWNSTRUCTURE:0.4348413996828176
C_PIECECOORDINATION:0.5111926641186796
C_ROOKANDPAWNMOVEMENT:0.5111926641186796
C_CENTERCONTROL:0.48841754571335577
C_DEVELOPPIECES:0.49914272405091
C_MATERIAL:0.46117778769871837
C_MOVECOUNT:0.5
