ELO:975
CE_PASSEDPAWNS:0.5414072313690594
CE_PAWNWEAKNESSES:0.5356208678171833
CE_PIECEACTIVITY:0.4946226765971797
CE_KINGPAWNSHIELD:0.47232965657919995
CE_PIECECOORDINATION:0.5093002479841148
CE_MATERIAL:0.5075688392940716
CE_KINGSAFETY:0.49565346880966227
C_PIECESQUARETABLES:0.48726922271061557
C_MOBILITY:0.4554295878580685
C_KINGSAFETY:0.5003424886005781
C_PAWNSTRUCTURE:0.46261007370839524
C_PIECECOORDINATION:0.4761844941600306
C_ROOKANDPAWNMOVEMENT:0.4761844941600306
C_CENTERCONTROL:0.5702482657612745
C_DEVELOPPIECES:0.5650372073769226
C_MATERIAL:0.5025165147897723
