ELO:896
CE_PASSEDPAWNS:0.5446936022377216
CE_PAWNWEAKNESSES:0.5143417010740275
CE_PIECEACTIVITY:0.490629490794168
CE_KINGPAWNSHIELD:0.48427355277952233
CE_PIECECOORDINATION:0.4973178223511113
CE_MATERIAL:0.4821588920041512
CE_KINGSAFETY:0.47611422000099474
C_PIECESQUARETABLES:0.5490154243372053
C_MOBILITY:0.5046690802509418
C_KINGSAFETY:0.5153329357608011
C_PAWNSTRUCTURE:0.43652723982266634
C_PIECECOORDINATION:0.5041544841671423
C_ROOKANDPAWNMOVEMENT:0.5041544841671423
C_CENTERCONTROL:0.49987761180185636
C_DEVELOPPIECES:0.5195594298871365
C_MATERIAL:0.47264635747826084
C_MOVECOUNT:0.5
