ELO:849
CE_PASSEDPAWNS:0.5407671014193497
CE_PAWNWEAKNESSES:0.5260138417056602
CE_PIECEACTIVITY:0.45708804676285114
CE_KINGPAWNSHIELD:0.5220127463387211
CE_PIECECOORDINATION:0.47932476449919914
CE_MATERIAL:0.5065156962177008
CE_KINGSAFETY:0.4998082761306786
C_PIECESQUARETABLES:0.5185828611849725
C_MOBILITY:0.5314531758184379
C_KINGSAFETY:0.5253296496426862
C_PAWNSTRUCTURE:0.48911047065549984
C_PIECECOORDINATION:0.521370710746755
C_ROOKANDPAWNMOVEMENT:0.521370710746755
C_CENTERCONTROL:0.5545259231709219
C_DEVELOPPIECES:0.5526226351485609
C_MATERIAL:0.4498666988449596
C_MOVECOUNT:0.5
