ELO:923
CE_PASSEDPAWNS:0.5979070531998786
CE_PAWNWEAKNESSES:0.4576081809162703
CE_PIECEACTIVITY:0.5842430600326948
CE_KINGPAWNSHIELD:0.4536889168534175
CE_PIECECOORDINATION:0.48456275710082886
CE_MATERIAL:0.4960150360636447
CE_KINGSAFETY:0.48204098232423426
C_PIECESQUARETABLES:0.490052612513697
C_MOBILITY:0.42926077532600676
C_KINGSAFETY:0.46425145524477857
C_PAWNSTRUCTURE:0.46389033640376076
C_PIECECOORDINATION:0.46175619240258536
C_ROOKANDPAWNMOVEMENT:0.46175619240258536
C_CENTERCONTROL:0.5868921213154276
C_DEVELOPPIECES:0.6097790666239384
C_MATERIAL:0.4877475285280441
