ELO:1026
CE_PASSEDPAWNS:0.5273681197489054
CE_PAWNWEAKNESSES:0.4555006135799969
CE_PIECEACTIVITY:0.5
CE_KINGPAWNSHIELD:0.510811511129474
CE_PIECECOORDINATION:0.5142665070010188
CE_MATERIAL:0.4842990169633367
CE_KINGSAFETY:0.4995057577214477
C_PIECESQUARETABLES:0.4999450473064024
C_MOBILITY:0.489992118751274
C_KINGSAFETY:0.4996935616494473
C_PAWNSTRUCTURE:0.5
C_PIECECOORDINATION:0.5004302291532601
C_ROOKANDPAWNMOVEMENT:0.5004302291532601
C_CENTERCONTROL:0.4943905070612882
C_DEVELOPPIECES:0.49748981895648625
C_MATERIAL:0.5020176478844665
