ELO:985
CE_PASSEDPAWNS:0.6079312304046821
CE_PAWNWEAKNESSES:0.5099164875177848
CE_PIECEACTIVITY:0.5726181850134934
CE_KINGPAWNSHIELD:0.43303261163660445
CE_PIECECOORDINATION:0.5262177517642324
CE_MATERIAL:0.5868458754966769
CE_KINGSAFETY:0.5046649228785451
C_PIECESQUARETABLES:0.49845111385560265
C_MOBILITY:0.5055842531715902
C_KINGSAFETY:0.5224269204151104
C_PAWNSTRUCTURE:0.49064143755178224
C_PIECECOORDINATION:0.41513122655202783
C_ROOKANDPAWNMOVEMENT:0.41513122655202783
C_CENTERCONTROL:0.47290919761966527
C_DEVELOPPIECES:0.47209413233814185
C_MATERIAL:0.49580370232482296
