ELO:994
CE_PASSEDPAWNS:0.49518719273015865
CE_PAWNWEAKNESSES:0.48845630229007597
CE_PIECEACTIVITY:0.4910431664341009
CE_KINGPAWNSHIELD:0.4861992208493026
CE_PIECECOORDINATION:0.4946847119266771
CE_MATERIAL:0.509715373348398
CE_KINGSAFETY:0.49457188693390886
C_PIECESQUARETABLES:0.49501201642673964
C_MOBILITY:0.5036225469151459
C_KINGSAFETY:0.49866665036896285
C_PAWNSTRUCTURE:0.49563832087926185
C_PIECECOORDINATION:0.48850031114472986
C_ROOKANDPAWNMOVEMENT:0.48850031114472986
C_CENTERCONTROL:0.5
C_DEVELOPPIECES:0.5
C_MATERIAL:0.47537513693663236
