ELO:1000
CE_PASSEDPAWNS:0.5736421531710824
CE_PAWNWEAKNESSES:0.5025576400489117
CE_PIECEACTIVITY:0.5585912384420632
CE_KINGPAWNSHIELD:0.4512244448518945
CE_PIECECOORDINATION:0.5239226893091226
CE_MATERIAL:0.5395197537011968
CE_KINGSAFETY:0.5225690395627458
C_PIECESQUARETABLES:0.4989994354569321
C_MOBILITY:0.4738444752957042
C_KINGSAFETY:0.5433799912318453
C_PAWNSTRUCTURE:0.5095624913901708
C_PIECECOORDINATION:0.455598928444969
C_ROOKANDPAWNMOVEMENT:0.455598928444969
C_CENTERCONTROL:0.4930369166175578
C_DEVELOPPIECES:0.4822206745316956
C_MATERIAL:0.4543938675581243
