ELO:1009
CE_PASSEDPAWNS:0.502835264145917
CE_PAWNWEAKNESSES:0.5
CE_PIECEACTIVITY:0.5
CE_KINGPAWNSHIELD:0.48818782273526823
CE_PIECECOORDINATION:0.4993272688350316
CE_MATERIAL:0.5000666060495537
CE_KINGSAFETY:0.5
C_PIECESQUARETABLES:0.5
C_MOBILITY:0.4475294029631041
C_KINGSAFETY:0.5050190738324006
C_PAWNSTRUCTURE:0.4963389600613231
C_PIECECOORDINATION:0.48994988980764
C_ROOKANDPAWNMOVEMENT:0.48994988980764
C_CENTERCONTROL:0.5057390325713306
C_DEVELOPPIECES:0.5
C_MATERIAL:0.4993958452044111
C_MOVECOUNT:0.5
