ELO:911
CE_PASSEDPAWNS:0.5836320676667894
CE_PAWNWEAKNESSES:0.44251343364218887
CE_PIECEACTIVITY:0.5792031350721948
CE_KINGPAWNSHIELD:0.44501841920448343
CE_PIECECOORDINATION:0.4581599730403412
CE_MATERIAL:0.479973472640767
CE_KINGSAFETY:0.4657862895850965
C_PIECESQUARETABLES:0.4456369917296592
C_MOBILITY:0.37502812416468834
C_KINGSAFETY:0.54482130749623
C_PAWNSTRUCTURE:0.41955057994500344
C_PIECECOORDINATION:0.47200041666304454
C_ROOKANDPAWNMOVEMENT:0.47200041666304454
C_CENTERCONTROL:0.5756876442884428
C_DEVELOPPIECES:0.6217636468007666
C_MATERIAL:0.49613663110096146
