ELO:1000
CE_PASSEDPAWNS:0.5534294749077532
CE_PAWNWEAKNESSES:0.49761697266626836
CE_PIECEACTIVITY:0.5279178870527055
CE_KINGPAWNSHIELD:0.45584760399464735
CE_PIECECOORDINATION:0.5120752863687784
CE_MATERIAL:0.5220891174167439
CE_KINGSAFETY:0.5046106172122121
C_PIECESQUARETABLES:0.4964082262386242
C_MOBILITY:0.46910996871330135
C_KINGSAFETY:0.5256663475588971
C_PAWNSTRUCTURE:0.5165315169499219
C_PIECECOORDINATION:0.4591544076949252
C_ROOKANDPAWNMOVEMENT:0.4591544076949252
C_CENTERCONTROL:0.49326732036931004
C_DEVELOPPIECES:0.46107190977639195
C_MATERIAL:0.4509337017982673
