ELO:962
CE_PASSEDPAWNS:0.5043240515370632
CE_PAWNWEAKNESSES:0.506394551008702
CE_PIECEACTIVITY:0.4223011850052071
CE_KINGPAWNSHIELD:0.4860769420443567
CE_PIECECOORDINATION:0.5064399563309718
CE_MATERIAL:0.5123587539779116
CE_KINGSAFETY:0.5059418210345149
C_PIECESQUARETABLES:0.48533923491763303
C_MOBILITY:0.47942304518259676
C_KINGSAFETY:0.4995643159067779
C_PAWNSTRUCTURE:0.49293540734231683
C_PIECECOORDINATION:0.4960543118080494
C_ROOKANDPAWNMOVEMENT:0.4960543118080494
C_CENTERCONTROL:0.5090108592485134
C_DEVELOPPIECES:0.5
C_MATERIAL:0.4741148686151107
C_MOVECOUNT:0.5142338308256947
