ELO:1022
CE_PASSEDPAWNS:0.4841151605903541
CE_PAWNWEAKNESSES:0.4941481917205083
CE_PIECEACTIVITY:0.5244108836238115
CE_KINGPAWNSHIELD:0.49952001027273807
CE_PIECECOORDINATION:0.4893278807960446
CE_MATERIAL:0.4970479559038271
CE_KINGSAFETY:0.5
C_PIECESQUARETABLES:0.5
C_MOBILITY:0.49033265079144556
C_KINGSAFETY:0.5138175720512391
C_PAWNSTRUCTURE:0.4951797095200419
C_PIECECOORDINATION:0.5150372926255956
C_ROOK:0.48972282289415386
CE_ROOK:0.50420920891982
C_CENTERCONTROL:0.5181664927584207
C_DEVELOPPIECES:0.5112944692714606
C_MATERIAL:0.49949745051944733
C_MOVECOUNT:0.514552001777853
C_PAWNMOVEMENT:0.510063767528001
