ELO:1000
CE_PASSEDPAWNS:0.4837532490464553
CE_PAWNWEAKNESSES:0.491092670831496
CE_PIECEACTIVITY:0.5028292090474167
CE_KINGPAWNSHIELD:0.49025920678360735
CE_PIECECOORDINATION:0.5007244749899461
CE_MATERIAL:0.4865763724472603
CE_KINGSAFETY:0.4877018928767858
C_PIECESQUARETABLES:0.5063182400664037
C_MOBILITY:0.496183524861749
C_KINGSAFETY:0.5167219471914748
C_PAWNSTRUCTURE:0.504898550598617
C_PIECECOORDINATION:0.48604393692915676
C_ROOKANDPAWNMOVEMENT:0.48604393692915676
C_CENTERCONTROL:0.5051150479541744
C_DEVELOPPIECES:0.48552183428130063
C_MATERIAL:0.4946850398059786
