ELO:998
CE_PASSEDPAWNS:0.4846908961898089
CE_PAWNWEAKNESSES:0.48914728462206264
CE_PIECEACTIVITY:0.5
CE_KINGPAWNSHIELD:0.5022988077353194
CE_PIECECOORDINATION:0.49519052904761773
CE_MATERIAL:0.49054222385569385
CE_KINGSAFETY:0.5
C_PIECESQUARETABLES:0.5
C_MOBILITY:0.4918587922130017
C_KINGSAFETY:0.5096669659847455
C_PAWNSTRUCTURE:0.5032262000495097
C_PIECECOORDINATION:0.505568048288003
C_ROOKANDPAWNMOVEMENT:0.505568048288003
C_CENTERCONTROL:0.5120477245535533
C_DEVELOPPIECES:0.49985884740577485
C_MATERIAL:0.5005061966695621
C_MOVECOUNT:0.5014996312381597
