ELO:1020
CE_PASSEDPAWNS:0.5156745244652265
CE_PAWNWEAKNESSES:0.4983353954934012
CE_PIECEACTIVITY:0.49381768185096864
CE_KINGPAWNSHIELD:0.49504274198782633
CE_PIECECOORDINATION:0.5106555214060136
CE_MATERIAL:0.5000442581340255
CE_KINGSAFETY:0.5
C_PIECESQUARETABLES:0.5
C_MOBILITY:0.4906074484118369
C_KINGSAFETY:0.4947351064996283
C_PAWNSTRUCTURE:0.5
C_PIECECOORDINATION:0.5
C_ROOKANDPAWNMOVEMENT:0.5
C_CENTERCONTROL:0.48982807180138055
C_DEVELOPPIECES:0.5012013233066316
C_MATERIAL:0.5211033909722077
C_MOVECOUNT:0.5037192123169422
