ELO:986
CE_PASSEDPAWNS:0.5070865209083827
CE_PAWNWEAKNESSES:0.46787457040421576
CE_PIECEACTIVITY:0.49757212537587486
CE_KINGPAWNSHIELD:0.49449171163557704
CE_PIECECOORDINATION:0.5217208372599479
CE_MATERIAL:0.5175077011347465
CE_KINGSAFETY:0.5050141644989583
C_PIECESQUARETABLES:0.4883435789771603
C_MOBILITY:0.5164896740824723
C_KINGSAFETY:0.5125287616322634
C_PAWNSTRUCTURE:0.5154162867694454
C_PIECECOORDINATION:0.5
C_ROOKANDPAWNMOVEMENT:0.5
C_CENTERCONTROL:0.4786307383469005
C_DEVELOPPIECES:0.4994127560800862
C_MATERIAL:0.5147855999773946
C_MOVECOUNT:0.48544206649927907
