ELO:989
CE_PASSEDPAWNS:0.5878990346372066
CE_PAWNWEAKNESSES:0.4894004275871369
CE_PIECEACTIVITY:0.5578285101451075
CE_KINGPAWNSHIELD:0.45935880248538946
CE_PIECECOORDINATION:0.5164594681957807
CE_MATERIAL:0.539427277604674
CE_KINGSAFETY:0.5120035888646044
C_PIECESQUARETABLES:0.5233346551632286
C_MOBILITY:0.5071721961157861
C_KINGSAFETY:0.5218107301825696
C_PAWNSTRUCTURE:0.49299268444424615
C_PIECECOORDINATION:0.454051154931697
C_ROOKANDPAWNMOVEMENT:0.454051154931697
C_CENTERCONTROL:0.4397596221563914
C_DEVELOPPIECES:0.5044721596985092
C_MATERIAL:0.4616056448617076
