ELO:1000
CE_PASSEDPAWNS:0.4974292656923699
CE_PAWNWEAKNESSES:0.5056095699747042
CE_PIECEACTIVITY:0.48849088208956276
CE_KINGPAWNSHIELD:0.5
CE_PIECECOORDINATION:0.5119477712635708
CE_MATERIAL:0.5079557928979657
CE_KINGSAFETY:0.49674417919367914
C_PIECESQUARETABLES:0.5078152404076947
C_MOBILITY:0.5
C_KINGSAFETY:0.5
C_PAWNSTRUCTURE:0.5
C_PIECECOORDINATION:0.5137026186240286
C_ROOK:0.4918972932590628
CE_ROOK:0.5
C_CENTERCONTROL:0.4945655625065367
C_DEVELOPPIECES:0.5
C_MATERIAL:0.4972883061627812
C_MOVECOUNT:0.5074776329859889
C_PAWNMOVEMENT:0.4994830842791228
