ELO:943
CE_PASSEDPAWNS:0.548591475790608
CE_PAWNWEAKNESSES:0.4612578188703658
CE_PIECEACTIVITY:0.5563565990136103
CE_KINGPAWNSHIELD:0.4648178877559134
CE_PIECECOORDINATION:0.45417346655692487
CE_MATERIAL:0.4650105455249109
CE_KINGSAFETY:0.501491490227816
C_PIECESQUARETABLES:0.4914270126078579
C_MOBILITY:0.38674194302874615
C_KINGSAFETY:0.4423073165807503
C_PAWNSTRUCTURE:0.4457359736409416
C_PIECECOORDINATION:0.4968418121657329
C_ROOKANDPAWNMOVEMENT:0.4968418121657329
C_CENTERCONTROL:0.5743735347528468
C_DEVELOPPIECES:0.6062822946148965
C_MATERIAL:0.49719752876879
