ELO:959
CE_PASSEDPAWNS:0.5617334219627459
CE_PAWNWEAKNESSES:0.5021961218375184
CE_PIECEACTIVITY:0.5913719762816451
CE_KINGPAWNSHIELD:0.4154465013974289
CE_PIECECOORDINATION:0.5366142215377064
CE_MATERIAL:0.5558028207991104
CE_KINGSAFETY:0.5179038049790227
C_PIECESQUARETABLES:0.4903413832854054
C_MOBILITY:0.5074010589540563
C_KINGSAFETY:0.48479252260261946
C_PAWNSTRUCTURE:0.46736257450123103
C_PIECECOORDINATION:0.42649544416963053
C_ROOKANDPAWNMOVEMENT:0.42649544416963053
C_CENTERCONTROL:0.45950035954915647
C_DEVELOPPIECES:0.49471810732674015
C_MATERIAL:0.4637137118802455
