ELO:1020
CE_PASSEDPAWNS:0.4838517114520818
CE_PAWNWEAKNESSES:0.5
CE_PIECEACTIVITY:0.5010896024847653
CE_KINGPAWNSHIELD:0.5
CE_PIECECOORDINATION:0.5215240616863165
CE_MATERIAL:0.49140928926484095
CE_KINGSAFETY:0.4957468120129281
C_PIECESQUARETABLES:0.5
C_MOBILITY:0.4927072540120888
C_KINGSAFETY:0.4864501050669436
C_PAWNSTRUCTURE:0.4914551013672238
C_PIECECOORDINATION:0.5116052650428095
C_ROOK:0.508783418311573
CE_ROOK:0.49173339792315435
C_CENTERCONTROL:0.505673478175524
C_DEVELOPPIECES:0.5138853617547288
C_MATERIAL:0.5051611236867987
C_MOVECOUNT:0.5038705611689941
C_PAWNMOVEMENT:0.5
