ELO:951
CE_PASSEDPAWNS:0.46919725733677176
CE_PAWNWEAKNESSES:0.45786230794913374
CE_PIECEACTIVITY:0.5369112056238561
CE_KINGPAWNSHIELD:0.45029816032680203
CE_PIECECOORDINATION:0.5225139061722208
CE_MATERIAL:0.5026818628456143
CE_KINGSAFETY:0.5084124571177858
C_PIECESQUARETABLES:0.4629751548892954
C_MOBILITY:0.5006722084258614
C_KINGSAFETY:0.4782729874765213
C_PAWNSTRUCTURE:0.4887984088267281
C_PIECECOORDINATION:0.5478376784652184
C_ROOKANDPAWNMOVEMENT:0.5478376784652184
C_CENTERCONTROL:0.4923319908199474
C_DEVELOPPIECES:0.4977557398141854
C_MATERIAL:0.4824411555244311
C_MOVECOUNT:0.5
