ELO:889
CE_PASSEDPAWNS:0.5185341879999338
CE_PAWNWEAKNESSES:0.5029177519239917
CE_PIECEACTIVITY:0.49041412362272174
CE_KINGPAWNSHIELD:0.49054692254932714
CE_PIECECOORDINATION:0.4922200523839252
CE_MATERIAL:0.46338570743989793
CE_KINGSAFETY:0.4851482848817806
C_PIECESQUARETABLES:0.543872462758594
C_MOBILITY:0.5116396714712657
C_KINGSAFETY:0.5280548144311504
C_PAWNSTRUCTURE:0.44064385851030385
C_PIECECOORDINATION:0.5326035349067393
C_ROOKANDPAWNMOVEMENT:0.5326035349067393
C_CENTERCONTROL:0.5037505670302186
C_DEVELOPPIECES:0.519891375740593
C_MATERIAL:0.4675653183972877
C_MOVECOUNT:0.5
