ELO:664
CE_PASSEDPAWNS:0.48970953790833066
CE_PAWNWEAKNESSES:0.3993488305331538
CE_PIECEACTIVITY:0.5703865948989288
CE_KINGPAWNSHIELD:0.5322944394565755
CE_PIECECOORDINATION:0.4005514847769264
CE_MATERIAL:0.5396909321554784
CE_KINGSAFETY:0.5316258289395311
C_PIECESQUARETABLES:0.5023473796653615
C_MOBILITY:0.5231092903803647
C_KINGSAFETY:0.5352764662590935
C_PAWNSTRUCTURE:0.44425078668732837
C_PIECECOORDINATION:0.4389338761575513
C_ROOKANDPAWNMOVEMENT:0.4389338761575513
C_CENTERCONTROL:0.5466864386075712
C_DEVELOPPIECES:0.6381563751137646
C_MATERIAL:0.4589884038977899
C_MOVECOUNT:0.4887248390379993
