ELO:861
CE_PASSEDPAWNS:0.34418740788747093
CE_PAWNWEAKNESSES:0.4628709201864207
CE_PIECEACTIVITY:0.5874120043599999
CE_KINGPAWNSHIELD:0.4870369282366182
CE_PIECECOORDINATION:0.4765943491727016
CE_MATERIAL:0.3287051556183736
CE_KINGSAFETY:0.516847099753887
C_PIECESQUARETABLES:0.4935639313810549
C_MOBILITY:0.625394040325043
C_KINGSAFETY:0.4601894174704128
C_PAWNSTRUCTURE:0.45474245551044906
C_PIECECOORDINATION:0.590438522310034
C_ROOKANDPAWNMOVEMENT:0.590438522310034
C_CENTERCONTROL:0.541787195052717
C_DEVELOPPIECES:0.4580493784066991
C_MATERIAL:0.5196593384565671
