ELO:935
CE_PASSEDPAWNS:0.4939882991914019
CE_PAWNWEAKNESSES:0.47332127800809154
CE_PIECEACTIVITY:0.40680025221345095
CE_KINGPAWNSHIELD:0.43692537667973336
CE_PIECECOORDINATION:0.4665197210180242
CE_MATERIAL:0.5147046795441844
CE_KINGSAFETY:0.4795214418925065
C_PIECESQUARETABLES:0.509375666619729
C_MOBILITY:0.466128548844983
C_KINGSAFETY:0.29197832523508566
C_PAWNSTRUCTURE:0.49103987541508953
C_PIECECOORDINATION:0.48561545216098895
C_ROOKANDPAWNMOVEMENT:0.48561545216098895
C_CENTERCONTROL:0.4207788797166267
C_DEVELOPPIECES:0.41010681406472377
C_MATERIAL:0.5594272677285445
