ELO:1048
CE_PASSEDPAWNS:0.4837053003267551
CE_PAWNWEAKNESSES:0.5534477433413163
CE_PIECEACTIVITY:0.51388323393422
CE_KINGPAWNSHIELD:0.48903805567944
CE_PIECECOORDINATION:0.5011104980516888
CE_MATERIAL:0.4872736127080947
CE_KINGSAFETY:0.5
C_PIECESQUARETABLES:0.5
C_MOBILITY:0.5449041839869
C_KINGSAFETY:0.5073744283588497
C_PAWNSTRUCTURE:0.5071283088989227
C_PIECECOORDINATION:0.5268608791544476
C_ROOK:0.4863793706532083
CE_ROOK:0.5
C_CENTERCONTROL:0.46628470950357387
C_DEVELOPPIECES:0.526285254586999
C_MATERIAL:0.4971971897610752
C_MOVECOUNT:0.5227843074110082
C_PAWNMOVEMENT:0.49920342959214886
