ELO:933
CE_PASSEDPAWNS:0.44446457703653436
CE_PAWNWEAKNESSES:0.5067824952744218
CE_PIECEACTIVITY:0.5795965594950644
CE_KINGPAWNSHIELD:0.5023319499724545
CE_PIECECOORDINATION:0.5196041229670274
CE_MATERIAL:0.5032344304406094
CE_KINGSAFETY:0.5423351802121652
C_PIECESQUARETABLES:0.5557322162816998
C_MOBILITY:0.46836129359288586
C_KINGSAFETY:0.46183281564830897
C_PAWNSTRUCTURE:0.4939852501555335
C_PIECECOORDINATION:0.4921043200852886
C_ROOKANDPAWNMOVEMENT:0.4921043200852886
C_CENTERCONTROL:0.4852480763894805
C_DEVELOPPIECES:0.4861499293247263
C_MATERIAL:0.5277178941820236
C_MOVECOUNT:0.5603623066750318
