ELO:1047
CE_PASSEDPAWNS:0.5380702369356082
CE_PAWNWEAKNESSES:0.5
CE_PIECEACTIVITY:0.5344956890392278
CE_KINGPAWNSHIELD:0.5031750223237406
CE_PIECECOORDINATION:0.5
CE_MATERIAL:0.5
CE_KINGSAFETY:0.5
C_PIECESQUARETABLES:0.5
C_MOBILITY:0.5027895105486977
C_KINGSAFETY:0.4977610177086823
C_PAWNSTRUCTURE:0.5080209608016621
C_PIECECOORDINATION:0.5245577126553166
C_ROOK:0.5101313938642177
CE_ROOK:0.4992885448329656
C_CENTERCONTROL:0.5047226692606631
C_DEVELOPPIECES:0.5014852847581153
C_MATERIAL:0.48826105598907077
C_MOVECOUNT:0.5041077650228579
C_PAWNMOVEMENT:0.4590675100239037
