ELO:1008
CE_PASSEDPAWNS:0.4986917061854827
CE_PAWNWEAKNESSES:0.5
CE_PIECEACTIVITY:0.5
CE_KINGPAWNSHIELD:0.5089084185201102
CE_PIECECOORDINATION:0.4869820329888586
CE_MATERIAL:0.5
CE_KINGSAFETY:0.5
C_PIECESQUARETABLES:0.4880465771045834
C_MOBILITY:0.49680619911993806
C_KINGSAFETY:0.5
C_PAWNSTRUCTURE:0.5
C_PIECECOORDINATION:0.5
C_ROOKANDPAWNMOVEMENT:0.5
C_CENTERCONTROL:0.4947862625313678
C_DEVELOPPIECES:0.5009535384416544
C_MATERIAL:0.4939441658399537
