ELO:953
CE_PASSEDPAWNS:0.4994751769802298
CE_PAWNWEAKNESSES:0.4893742111187519
CE_PIECEACTIVITY:0.5215885925402833
CE_KINGPAWNSHIELD:0.47793500435926844
CE_PIECECOORDINATION:0.5
CE_MATERIAL:0.5057701135840114
CE_KINGSAFETY:0.49614056428281955
C_PIECESQUARETABLES:0.48782095341737447
C_MOBILITY:0.5
C_KINGSAFETY:0.5209681710707083
C_PAWNSTRUCTURE:0.5
C_PIECECOORDINATION:0.48713668306908753
C_ROOKANDPAWNMOVEMENT:0.48713668306908753
C_CENTERCONTROL:0.4902312335279163
C_DEVELOPPIECES:0.48485636393540593
C_MATERIAL:0.5087269955451378
C_MOVECOUNT:0.4885023394354846
