ELO:887
CE_PASSEDPAWNS:0.5176721335856906
CE_PAWNWEAKNESSES:0.559843836192825
CE_PIECEACTIVITY:0.5064999764549415
CE_KINGPAWNSHIELD:0.5580974951941888
CE_PIECECOORDINATION:0.4755505573116945
CE_MATERIAL:0.51817098703643
CE_KINGSAFETY:0.5178700241266415
C_PIECESQUARETABLES:0.5250251676311912
C_MOBILITY:0.49808306825190635
C_KINGSAFETY:0.531798073776612
C_PAWNSTRUCTURE:0.5360885359970242
C_PIECECOORDINATION:0.48264918658444794
C_ROOKANDPAWNMOVEMENT:0.48264918658444794
C_CENTERCONTROL:0.5066457418641215
C_DEVELOPPIECES:0.5208355055190429
C_MATERIAL:0.5285929799968645
C_MOVECOUNT:0.5
