ELO:895
CE_PASSEDPAWNS:0.3769289461681397
CE_PAWNWEAKNESSES:0.44902746699408075
CE_PIECEACTIVITY:0.5406728794190924
CE_KINGPAWNSHIELD:0.4641522644172598
CE_PIECECOORDINATION:0.5524031634794946
CE_MATERIAL:0.5885842210089415
CE_KINGSAFETY:0.5
C_PIECESQUARETABLES:0.5
C_MOBILITY:0.5621913301072667
C_KINGSAFETY:0.5775138002236263
C_PAWNSTRUCTURE:0.46329067333082047
C_PIECECOORDINATION:0.49965533008073676
C_ROOKANDPAWNMOVEMENT:0.49965533008073676
C_CENTERCONTROL:0.5742050664798132
C_DEVELOPPIECES:0.5678348007488923
C_MATERIAL:0.5833748602618328
