ELO:954
CE_PASSEDPAWNS:0.5006264392145057
CE_PAWNWEAKNESSES:0.5085710772866464
CE_PIECEACTIVITY:0.5093766760244627
CE_KINGPAWNSHIELD:0.4590264280442018
CE_PIECECOORDINATION:0.4989263139539217
CE_MATERIAL:0.5052470564579193
CE_KINGSAFETY:0.5230957995849028
C_PIECESQUARETABLES:0.5095590753748166
C_MOBILITY:0.4717322014821617
C_KINGSAFETY:0.5393872422524542
C_PAWNSTRUCTURE:0.5003076057014223
C_PIECECOORDINATION:0.4853944586117754
C_ROOKANDPAWNMOVEMENT:0.4853944586117754
C_CENTERCONTROL:0.4968800974444415
C_DEVELOPPIECES:0.4582634547649132
C_MATERIAL:0.5138311530632592
C_MOVECOUNT:0.47861944064091694
