ELO:773
CE_PASSEDPAWNS:0.4622258448855188
CE_PAWNWEAKNESSES:0.6440947218219146
CE_PIECEACTIVITY:0.45045621403424296
CE_KINGPAWNSHIELD:0.5408427539581111
CE_PIECECOORDINATION:0.5288673866790218
CE_MATERIAL:0.5533391266605645
CE_KINGSAFETY:0.5320884765875242
C_PIECESQUARETABLES:0.4914354159013329
C_MOBILITY:0.4986398710673159
C_KINGSAFETY:0.4932328049129155
C_PAWNSTRUCTURE:0.5475475250296679
C_PIECECOORDINATION:0.3640175079172695
C_ROOKANDPAWNMOVEMENT:0.3640175079172695
C_CENTERCONTROL:0.5053574255451697
C_DEVELOPPIECES:0.4806723135753915
C_MATERIAL:0.5894506389940934
C_MOVECOUNT:0.5
