ELO:1036
CE_PASSEDPAWNS:0.5101918637393328
CE_PAWNWEAKNESSES:0.4767844267239877
CE_PIECEACTIVITY:0.5127291915050637
CE_KINGPAWNSHIELD:0.4999233599011594
CE_PIECECOORDINATION:0.5010664276294313
CE_MATERIAL:0.5
CE_KINGSAFETY:0.49960584660933244
C_PIECESQUARETABLES:0.485365131597309
C_MOBILITY:0.5167778231301341
C_KINGSAFETY:0.4957159129901899
C_PAWNSTRUCTURE:0.4845411709385199
C_PIECECOORDINATION:0.5120601343050147
C_ROOK:0.5118138365292105
CE_ROOK:0.5
C_CENTERCONTROL:0.496771288024623
C_DEVELOPPIECES:0.4916948392912236
C_MATERIAL:0.508664708988443
C_MOVECOUNT:0.4888952176647281
C_PAWNMOVEMENT:0.5215337603030898
