ELO:1000
CE_PASSEDPAWNS:0.5217113302482517
CE_PAWNWEAKNESSES:0.5000439576019794
CE_PIECEACTIVITY:0.47084323415161705
CE_KINGPAWNSHIELD:0.465777006933846
CE_PIECECOORDINATION:0.49451333732987957
CE_MATERIAL:0.4918476114754063
CE_KINGSAFETY:0.50075615656837
C_PIECESQUARETABLES:0.5211529714949437
C_MOBILITY:0.5245755635069175
C_KINGSAFETY:0.4614642233643284
C_PAWNSTRUCTURE:0.4303985103481013
C_PIECECOORDINATION:0.49264127186932233
C_ROOKANDPAWNMOVEMENT:0.49264127186932233
C_CENTERCONTROL:0.4866700539362518
C_DEVELOPPIECES:0.5464326032241269
C_MATERIAL:0.4982826763772484
