ELO:1007
CE_PASSEDPAWNS:0.48967758372910075
CE_PAWNWEAKNESSES:0.4932101472111552
CE_PIECEACTIVITY:0.49484654463141553
CE_KINGPAWNSHIELD:0.5113639772805373
CE_PIECECOORDINATION:0.5
CE_MATERIAL:0.5016006998753606
CE_KINGSAFETY:0.5
C_PIECESQUARETABLES:0.5224135871333174
C_MOBILITY:0.5
C_KINGSAFETY:0.4951662054304316
C_PAWNSTRUCTURE:0.5047101266044928
C_PIECECOORDINATION:0.5185204866484954
C_ROOKANDPAWNMOVEMENT:0.5185204866484954
C_CENTERCONTROL:0.49969513502517754
C_DEVELOPPIECES:0.4959116586338143
C_MATERIAL:0.5098701416830486
C_MOVECOUNT:0.5
