ELO:1045
CE_PASSEDPAWNS:0.49446209465903734
CE_PAWNWEAKNESSES:0.530985393901956
CE_PIECEACTIVITY:0.5344956890392278
CE_KINGPAWNSHIELD:0.4934832073901321
CE_PIECECOORDINATION:0.4959057709071751
CE_MATERIAL:0.4775750740388604
CE_KINGSAFETY:0.5
C_PIECESQUARETABLES:0.5
C_MOBILITY:0.5021941160797283
C_KINGSAFETY:0.4928851427554678
C_PAWNSTRUCTURE:0.501765892233317
C_PIECECOORDINATION:0.5101602699484833
C_ROOK:0.5003972453986638
CE_ROOK:0.4967726377850701
C_CENTERCONTROL:0.5047226692606631
C_DEVELOPPIECES:0.48131052813926906
C_MATERIAL:0.5001935997123281
C_MOVECOUNT:0.5008972420924181
C_PAWNMOVEMENT:0.48657398600930984
