ELO:766
CE_PASSEDPAWNS:0.4865303016201902
CE_PAWNWEAKNESSES:0.5152596018473209
CE_PIECEACTIVITY:0.5334170708136903
CE_KINGPAWNSHIELD:0.5847889034602483
CE_PIECECOORDINATION:0.4339012113307845
CE_MATERIAL:0.5617560942084324
CE_KINGSAFETY:0.5014101731382129
C_PIECESQUARETABLES:0.47369418749398984
C_MOBILITY:0.4961781789418135
C_KINGSAFETY:0.5024222952970198
C_PAWNSTRUCTURE:0.4658472891321852
C_PIECECOORDINATION:0.5379883407605841
C_ROOKANDPAWNMOVEMENT:0.5379883407605841
C_CENTERCONTROL:0.5898470078678192
C_DEVELOPPIECES:0.46428554333577365
C_MATERIAL:0.5362706219226839
C_MOVECOUNT:0.4963512159112888
