ELO:943
CE_PASSEDPAWNS:0.49286824932314843
CE_PAWNWEAKNESSES:0.47065252665151985
CE_PIECEACTIVITY:0.42066887233070593
CE_KINGPAWNSHIELD:0.4420426920936339
CE_PIECECOORDINATION:0.4594400067562069
CE_MATERIAL:0.49367226313574536
CE_KINGSAFETY:0.5009302442399765
C_PIECESQUARETABLES:0.5
C_MOBILITY:0.4556406474794695
C_KINGSAFETY:0.28534680396003104
C_PAWNSTRUCTURE:0.4704202267170275
C_PIECECOORDINATION:0.485210982729029
C_ROOKANDPAWNMOVEMENT:0.485210982729029
C_CENTERCONTROL:0.4196918343656092
C_DEVELOPPIECES:0.38254117235576535
C_MATERIAL:0.5159428944995036
