ELO:1000
CE_PASSEDPAWNS:0.5367945506688359
CE_PAWNWEAKNESSES:0.4979466093707014
CE_PIECEACTIVITY:0.4738941491593281
CE_KINGPAWNSHIELD:0.4812082497867189
CE_PIECECOORDINATION:0.5163630687658217
CE_MATERIAL:0.49130163578363456
CE_KINGSAFETY:0.5047159077158974
C_PIECESQUARETABLES:0.5101550218572034
C_MOBILITY:0.5279450878636411
C_KINGSAFETY:0.4722458726207851
C_PAWNSTRUCTURE:0.46247028593482836
C_PIECECOORDINATION:0.4945662015867729
C_ROOKANDPAWNMOVEMENT:0.4945662015867729
C_CENTERCONTROL:0.4847688820345037
C_DEVELOPPIECES:0.5352930913886531
C_MATERIAL:0.5059816052216386
