ELO:995
CE_PASSEDPAWNS:0.5002031444636631
CE_PAWNWEAKNESSES:0.5084576127897261
CE_PIECEACTIVITY:0.4797406984592627
CE_KINGPAWNSHIELD:0.5
CE_PIECECOORDINATION:0.508072537659278
CE_MATERIAL:0.5
CE_KINGSAFETY:0.5
C_PIECESQUARETABLES:0.5
C_MOBILITY:0.5183128250779017
C_KINGSAFETY:0.5124325665908009
C_PAWNSTRUCTURE:0.48285284325400046
C_PIECECOORDINATION:0.49406470544648495
C_ROOKANDPAWNMOVEMENT:0.49406470544648495
C_CENTERCONTROL:0.49182724959987817
C_DEVELOPPIECES:0.4832785852583242
C_MATERIAL:0.5017769311017211
C_MOVECOUNT:0.5
