ELO:972
CE_PASSEDPAWNS:0.48910660458456556
CE_PAWNWEAKNESSES:0.5085710772866464
CE_PIECEACTIVITY:0.4972940522503597
CE_KINGPAWNSHIELD:0.45516083652521055
CE_PIECECOORDINATION:0.5193122247639017
CE_MATERIAL:0.5116963899627034
CE_KINGSAFETY:0.504245478611426
C_PIECESQUARETABLES:0.5040022082777407
C_MOBILITY:0.47058438140230974
C_KINGSAFETY:0.5272601000235746
C_PAWNSTRUCTURE:0.5003076057014223
C_PIECECOORDINATION:0.4983596506620507
C_ROOKANDPAWNMOVEMENT:0.4983596506620507
C_CENTERCONTROL:0.4863427896035791
C_DEVELOPPIECES:0.46260743909558594
C_MATERIAL:0.5180154271643387
C_MOVECOUNT:0.47861944064091694
