ELO:1050
CE_PASSEDPAWNS:0.5
CE_PAWNWEAKNESSES:0.5
CE_PIECEACTIVITY:0.5011412424490588
CE_KINGPAWNSHIELD:0.5031750223237406
CE_PIECECOORDINATION:0.5002465030205382
CE_MATERIAL:0.5207631169085377
CE_KINGSAFETY:0.5
C_PIECESQUARETABLES:0.5
C_MOBILITY:0.5027895105486977
C_KINGSAFETY:0.5065945915617065
C_PAWNSTRUCTURE:0.5137532917762233
C_PIECECOORDINATION:0.5245577126553166
C_ROOK:0.5003972453986638
CE_ROOK:0.4700809998501912
C_CENTERCONTROL:0.5047226692606631
C_DEVELOPPIECES:0.48870942002576345
C_MATERIAL:0.4934285011817089
C_MOVECOUNT:0.5074212407980186
C_PAWNMOVEMENT:0.4590675100239037
