ELO:986
CE_PASSEDPAWNS:0.5
CE_PAWNWEAKNESSES:0.5079814369103692
CE_PIECEACTIVITY:0.5208138151262386
CE_KINGPAWNSHIELD:0.5035562679486365
CE_PIECECOORDINATION:0.4992437163116084
CE_MATERIAL:0.5002811618327464
CE_KINGSAFETY:0.5187173919224706
C_PIECESQUARETABLES:0.49519382384990523
C_MOBILITY:0.49465800246877434
C_KINGSAFETY:0.5125720062003339
C_PAWNSTRUCTURE:0.4913414011271285
C_PIECECOORDINATION:0.5
C_ROOKANDPAWNMOVEMENT:0.5
C_CENTERCONTROL:0.5044705404988985
C_DEVELOPPIECES:0.5
C_MATERIAL:0.49626062665942716
