ELO:1000
CE_PASSEDPAWNS:0.4938758471617244
CE_PAWNWEAKNESSES:0.49932512680133184
CE_PIECEACTIVITY:0.512550727095247
CE_KINGPAWNSHIELD:0.4686995088321351
CE_PIECECOORDINATION:0.492601773784076
CE_MATERIAL:0.4893457864062675
CE_KINGSAFETY:0.4676969469349507
C_PIECESQUARETABLES:0.4861473890835449
C_MOBILITY:0.49932184415388436
C_KINGSAFETY:0.4872217522240377
C_PAWNSTRUCTURE:0.5256547261994797
C_PIECECOORDINATION:0.5031059730707405
C_ROOKANDPAWNMOVEMENT:0.5031059730707405
C_CENTERCONTROL:0.4730268894493429
C_DEVELOPPIECES:0.4776033939964247
C_MATERIAL:0.4689327238683366
