ELO:1000
CE_PASSEDPAWNS:0.49319405761323665
CE_PAWNWEAKNESSES:0.49380541855102594
CE_PIECEACTIVITY:0.4894487569660316
CE_KINGPAWNSHIELD:0.5
CE_PIECECOORDINATION:0.49812073465277745
CE_MATERIAL:0.5
CE_KINGSAFETY:0.5
C_PIECESQUARETABLES:0.49625329607872015
C_MOBILITY:0.5
C_KINGSAFETY:0.5
C_PAWNSTRUCTURE:0.5
C_PIECECOORDINATION:0.4878341006350522
C_ROOKANDPAWNMOVEMENT:0.4878341006350522
C_CENTERCONTROL:0.5
C_DEVELOPPIECES:0.5
C_MATERIAL:0.5
C_MOVECOUNT:0.5033567828867734
