ELO:970
CE_PASSEDPAWNS:0.49712543008470467
CE_PAWNWEAKNESSES:0.511727607555055
CE_PIECEACTIVITY:0.5269351939240059
CE_KINGPAWNSHIELD:0.49712321074350724
CE_PIECECOORDINATION:0.49931867607999836
CE_MATERIAL:0.4947992875269935
CE_KINGSAFETY:0.5285266786085907
C_PIECESQUARETABLES:0.5006374844205853
C_MOBILITY:0.5168740190112444
C_KINGSAFETY:0.48576173919744403
C_PAWNSTRUCTURE:0.5081166550784245
C_PIECECOORDINATION:0.5013953092969727
C_ROOKANDPAWNMOVEMENT:0.5013953092969727
C_CENTERCONTROL:0.5482024357536884
C_DEVELOPPIECES:0.48668500865603537
C_MATERIAL:0.4917894141113712
