ELO:1076
CE_PASSEDPAWNS:0.47428961058948177
CE_PAWNWEAKNESSES:0.506642754522303
CE_PIECEACTIVITY:0.49702535401778575
CE_KINGPAWNSHIELD:0.5
CE_PIECECOORDINATION:0.5086703503588659
CE_MATERIAL:0.5201789570661077
CE_KINGSAFETY:0.5
C_PIECESQUARETABLES:0.5
C_MOBILITY:0.4947157515746167
C_KINGSAFETY:0.4890094461229128
C_PAWNSTRUCTURE:0.49817597534023766
C_PIECECOORDINATION:0.5204537975749808
C_ROOK:0.49676126426404354
CE_ROOK:0.46918049438940834
C_CENTERCONTROL:0.502279832947676
C_DEVELOPPIECES:0.5098361739591123
C_MATERIAL:0.4934285011817089
C_MOVECOUNT:0.49330023538550366
C_PAWNMOVEMENT:0.5
