ELO:827
CE_PASSEDPAWNS:0.469924269834826
CE_PAWNWEAKNESSES:0.6483477348596266
CE_PIECEACTIVITY:0.4319956608559533
CE_KINGPAWNSHIELD:0.5342339471042097
CE_PIECECOORDINATION:0.5223843568019813
CE_MATERIAL:0.5527989956366702
CE_KINGSAFETY:0.5250431296413263
C_PIECESQUARETABLES:0.48837239383560016
C_MOBILITY:0.5053075984625636
C_KINGSAFETY:0.48077395021497693
C_PAWNSTRUCTURE:0.5483186836486843
C_PIECECOORDINATION:0.36790226350351096
C_ROOKANDPAWNMOVEMENT:0.36790226350351096
C_CENTERCONTROL:0.5098706744292787
C_DEVELOPPIECES:0.4692068047052241
C_MATERIAL:0.5942044652460193
C_MOVECOUNT:0.5
