ELO:848
CE_PASSEDPAWNS:0.5035219829640772
CE_PAWNWEAKNESSES:0.4874509888814605
CE_PIECEACTIVITY:0.48138156048053266
CE_KINGPAWNSHIELD:0.5417560661443369
CE_PIECECOORDINATION:0.4958533876213458
CE_MATERIAL:0.4964013794536693
CE_KINGSAFETY:0.49054565434464653
C_PIECESQUARETABLES:0.5099793764550437
C_MOBILITY:0.5165138564810796
C_KINGSAFETY:0.4873657431040447
C_PAWNSTRUCTURE:0.44999904248651357
C_PIECECOORDINATION:0.5284950726788796
C_ROOKANDPAWNMOVEMENT:0.5284950726788796
C_CENTERCONTROL:0.5556301720976952
C_DEVELOPPIECES:0.49423216639528017
C_MATERIAL:0.5069848308641564
C_MOVECOUNT:0.5
