ELO:919
CE_PASSEDPAWNS:0.40874767114402416
CE_PAWNWEAKNESSES:0.5179255411629059
CE_PIECEACTIVITY:0.5072126869965226
CE_KINGPAWNSHIELD:0.5100949539134413
CE_PIECECOORDINATION:0.5292036851717233
CE_MATERIAL:0.5
CE_KINGSAFETY:0.5
C_PIECESQUARETABLES:0.48723083918863896
C_MOBILITY:0.4886733504667299
C_KINGSAFETY:0.5417647223350065
C_PAWNSTRUCTURE:0.4868834515281704
C_PIECECOORDINATION:0.459083432746887
C_ROOKANDPAWNMOVEMENT:0.459083432746887
C_CENTERCONTROL:0.41688153893991153
C_DEVELOPPIECES:0.4851569764091742
C_MATERIAL:0.4626400183561301
C_MOVECOUNT:0.5
