ELO:888
CE_PASSEDPAWNS:0.3483629612578749
CE_PAWNWEAKNESSES:0.449187541802367
CE_PIECEACTIVITY:0.6074849631704444
CE_KINGPAWNSHIELD:0.4694365817602997
CE_PIECECOORDINATION:0.46979693172054315
CE_MATERIAL:0.3377426093744966
CE_KINGSAFETY:0.4999677233365551
C_PIECESQUARETABLES:0.4976792091798523
C_MOBILITY:0.6392179724781564
C_KINGSAFETY:0.4620773100603227
C_PAWNSTRUCTURE:0.4404546272841592
C_PIECECOORDINATION:0.6082345231968204
C_ROOKANDPAWNMOVEMENT:0.6082345231968204
C_CENTERCONTROL:0.5711076292714956
C_DEVELOPPIECES:0.47535751057385384
C_MATERIAL:0.5431144874566755
