ELO:863
CE_PASSEDPAWNS:0.36574359461607675
CE_PAWNWEAKNESSES:0.48957884498473064
CE_PIECEACTIVITY:0.5605021191610399
CE_KINGPAWNSHIELD:0.45796558633344714
CE_PIECECOORDINATION:0.5444536763902689
CE_MATERIAL:0.342260551747943
CE_KINGSAFETY:0.5501861445968611
C_PIECESQUARETABLES:0.5365688208721531
C_MOBILITY:0.613183430113471
C_KINGSAFETY:0.44216631252142247
C_PAWNSTRUCTURE:0.46517514646224944
C_PIECECOORDINATION:0.5523971052067898
C_ROOKANDPAWNMOVEMENT:0.5523971052067898
C_CENTERCONTROL:0.5077738708450418
C_DEVELOPPIECES:0.4759931538079424
C_MATERIAL:0.5854528356566983
