ELO:997
CE_PASSEDPAWNS:0.5144461406770765
CE_PAWNWEAKNESSES:0.5573678925788971
CE_PIECEACTIVITY:0.5830502753168965
CE_KINGPAWNSHIELD:0.4682891297918999
CE_PIECECOORDINATION:0.47029924519472976
CE_MATERIAL:0.4538850814325252
CE_KINGSAFETY:0.4780828273441177
C_PIECESQUARETABLES:0.5285289901536991
C_MOBILITY:0.4244730181644566
C_KINGSAFETY:0.519174920221364
C_PAWNSTRUCTURE:0.4872208188495284
C_PIECECOORDINATION:0.4899232700192027
C_ROOKANDPAWNMOVEMENT:0.4899232700192027
C_CENTERCONTROL:0.5212822840998398
C_DEVELOPPIECES:0.48634505181168175
C_MATERIAL:0.47617732475086494
