ELO:1058
CE_PASSEDPAWNS:0.4948357643847652
CE_PAWNWEAKNESSES:0.506642754522303
CE_PIECEACTIVITY:0.5
CE_KINGPAWNSHIELD:0.4934832073901321
CE_PIECECOORDINATION:0.5117626846070501
CE_MATERIAL:0.5037360870082964
CE_KINGSAFETY:0.5
C_PIECESQUARETABLES:0.5
C_MOBILITY:0.5
C_KINGSAFETY:0.49114415449624815
C_PAWNSTRUCTURE:0.4818942133350111
C_PIECECOORDINATION:0.5256317355684392
C_ROOK:0.5187550577959981
CE_ROOK:0.49392803174519356
C_CENTERCONTROL:0.5029010550684012
C_DEVELOPPIECES:0.4787920258108393
C_MATERIAL:0.5000931706638955
C_MOVECOUNT:0.5
C_PAWNMOVEMENT:0.5
