ELO:1008
CE_PASSEDPAWNS:0.4860979555824839
CE_PAWNWEAKNESSES:0.506394551008702
CE_PIECEACTIVITY:0.5018856626069899
CE_KINGPAWNSHIELD:0.5010699103992144
CE_PIECECOORDINATION:0.5
CE_MATERIAL:0.49821605605579333
CE_KINGSAFETY:0.5219067821162653
C_PIECESQUARETABLES:0.5164339541331621
C_MOBILITY:0.5
C_KINGSAFETY:0.4973294714416239
C_PAWNSTRUCTURE:0.49131182818792085
C_PIECECOORDINATION:0.5
C_ROOKANDPAWNMOVEMENT:0.5
C_CENTERCONTROL:0.5099220835438049
C_DEVELOPPIECES:0.5038628301030613
C_MATERIAL:0.4972854807309891
C_MOVECOUNT:0.4917388355382297
