ELO:944
CE_PASSEDPAWNS:0.4994751769802298
CE_PAWNWEAKNESSES:0.4954420348234681
CE_PIECEACTIVITY:0.5215885925402833
CE_KINGPAWNSHIELD:0.46280631186122406
CE_PIECECOORDINATION:0.5008725198262215
CE_MATERIAL:0.5092174073086603
CE_KINGSAFETY:0.4927554679590685
C_PIECESQUARETABLES:0.4930841087318289
C_MOBILITY:0.5
C_KINGSAFETY:0.5209681710707083
C_PAWNSTRUCTURE:0.5
C_PIECECOORDINATION:0.48927901089544634
C_ROOKANDPAWNMOVEMENT:0.48927901089544634
C_CENTERCONTROL:0.4890865662223411
C_DEVELOPPIECES:0.4738958845737139
C_MATERIAL:0.5115084807396196
C_MOVECOUNT:0.4885023394354846
