ELO:948
CE_PASSEDPAWNS:0.5008850076772747
CE_PAWNWEAKNESSES:0.4954420348234681
CE_PIECEACTIVITY:0.5214998571827345
CE_KINGPAWNSHIELD:0.4590264280442018
CE_PIECECOORDINATION:0.4989263139539217
CE_MATERIAL:0.5092174073086603
CE_KINGSAFETY:0.47849452337994114
C_PIECESQUARETABLES:0.49761842490910363
C_MOBILITY:0.4838377962226945
C_KINGSAFETY:0.5216990505568444
C_PAWNSTRUCTURE:0.5
C_PIECECOORDINATION:0.49408263764856997
C_ROOKANDPAWNMOVEMENT:0.49408263764856997
C_CENTERCONTROL:0.4890865662223411
C_DEVELOPPIECES:0.4595645067275862
C_MATERIAL:0.5115084807396196
C_MOVECOUNT:0.4885023394354846
