ELO:847
CE_PASSEDPAWNS:0.35200619359970414
CE_PAWNWEAKNESSES:0.45595555257047476
CE_PIECEACTIVITY:0.6085314024658208
CE_KINGPAWNSHIELD:0.4943581225754062
CE_PIECECOORDINATION:0.4830867792655876
CE_MATERIAL:0.3333482864804074
CE_KINGSAFETY:0.5216327382724529
C_PIECESQUARETABLES:0.5059587603685091
C_MOBILITY:0.6902615741562099
C_KINGSAFETY:0.46384140176334604
C_PAWNSTRUCTURE:0.45741287125372304
C_PIECECOORDINATION:0.6018663277202606
C_ROOKANDPAWNMOVEMENT:0.6018663277202606
C_CENTERCONTROL:0.6084542477619777
C_DEVELOPPIECES:0.4824584257372562
C_MATERIAL:0.5632419936138678
