ELO:740
CE_PASSEDPAWNS:0.44583409557270776
CE_PAWNWEAKNESSES:0.48321879534939455
CE_PIECEACTIVITY:0.5605116080847117
CE_KINGPAWNSHIELD:0.43623026430148515
CE_PIECECOORDINATION:0.4637005765117573
CE_MATERIAL:0.5615101911105381
CE_KINGSAFETY:0.5387452839486644
C_PIECESQUARETABLES:0.47412583256341784
C_MOBILITY:0.48981081589016157
C_KINGSAFETY:0.4981248739879102
C_PAWNSTRUCTURE:0.5802086804707252
C_PIECECOORDINATION:0.5435463136890302
C_ROOKANDPAWNMOVEMENT:0.5435463136890302
C_CENTERCONTROL:0.5109255902195415
C_DEVELOPPIECES:0.5555353956932199
C_MATERIAL:0.4710027617066375
C_MOVECOUNT:0.48183003679649994
