ELO:990
CE_PASSEDPAWNS:0.4736379970887575
CE_PAWNWEAKNESSES:0.46203496814947
CE_PIECEACTIVITY:0.4049341197776547
CE_KINGPAWNSHIELD:0.4763758457707928
CE_PIECECOORDINATION:0.44338708577113106
CE_MATERIAL:0.417049393192984
CE_KINGSAFETY:0.46312206264637856
C_PIECESQUARETABLES:0.49316197572069587
C_MOBILITY:0.4897782581470089
C_KINGSAFETY:0.33503312662713786
C_PAWNSTRUCTURE:0.4949244899453361
C_PIECECOORDINATION:0.5025732216380588
C_ROOKANDPAWNMOVEMENT:0.5025732216380588
C_CENTERCONTROL:0.4749702882976929
C_DEVELOPPIECES:0.447948465385897
C_MATERIAL:0.5450172523863449
