ELO:940
CE_PASSEDPAWNS:0.49165214052691636
CE_PAWNWEAKNESSES:0.48404397755967377
CE_PIECEACTIVITY:0.4464952703193404
CE_KINGPAWNSHIELD:0.47232768885399967
CE_PIECECOORDINATION:0.4922183214565969
CE_MATERIAL:0.5008727296933708
CE_KINGSAFETY:0.4767720913271782
C_PIECESQUARETABLES:0.46115380048474996
C_MOBILITY:0.42824361413987716
C_KINGSAFETY:0.527862132635251
C_PAWNSTRUCTURE:0.4467326917599508
C_PIECECOORDINATION:0.5364284733460228
C_ROOKANDPAWNMOVEMENT:0.5364284733460228
C_CENTERCONTROL:0.5178775598267209
C_DEVELOPPIECES:0.48208521446375757
C_MATERIAL:0.4829298114570929
C_MOVECOUNT:0.5
