ELO:1047
CE_PASSEDPAWNS:0.5064818995535335
CE_PAWNWEAKNESSES:0.5070842024604231
CE_PIECEACTIVITY:0.4778927706587082
CE_KINGPAWNSHIELD:0.5025507360126594
CE_PIECECOORDINATION:0.5011104980516888
CE_MATERIAL:0.4970967322552941
CE_KINGSAFETY:0.5
C_PIECESQUARETABLES:0.5
C_MOBILITY:0.5082413240203919
C_KINGSAFETY:0.49861860869754215
C_PAWNSTRUCTURE:0.5173756872893983
C_PIECECOORDINATION:0.5323085629169703
C_ROOK:0.5
CE_ROOK:0.5030727620260684
C_CENTERCONTROL:0.4953970785441792
C_DEVELOPPIECES:0.49984471286244797
C_MATERIAL:0.4982330058239078
C_MOVECOUNT:0.5227843074110082
C_PAWNMOVEMENT:0.5059912779636543
