ELO:1043
CE_PASSEDPAWNS:0.5
CE_PAWNWEAKNESSES:0.530985393901956
CE_PIECEACTIVITY:0.4930891682575395
CE_KINGPAWNSHIELD:0.4934832073901321
CE_PIECECOORDINATION:0.4990128937947933
CE_MATERIAL:0.5163929973762303
CE_KINGSAFETY:0.5
C_PIECESQUARETABLES:0.5
C_MOBILITY:0.4694186944694906
C_KINGSAFETY:0.48760421906319956
C_PAWNSTRUCTURE:0.501765892233317
C_PIECECOORDINATION:0.5164738090207023
C_ROOK:0.5101313938642177
CE_ROOK:0.4979724417262677
C_CENTERCONTROL:0.505673478175524
C_DEVELOPPIECES:0.5006241851502293
C_MATERIAL:0.5121936815673546
C_MOVECOUNT:0.490821413871107
C_PAWNMOVEMENT:0.5260459540625663
