ELO:1069
CE_PASSEDPAWNS:0.5014383419152028
CE_PAWNWEAKNESSES:0.5090178634025811
CE_PIECEACTIVITY:0.51388323393422
CE_KINGPAWNSHIELD:0.5015344094069454
CE_PIECECOORDINATION:0.5079671768032734
CE_MATERIAL:0.5061497732106206
CE_KINGSAFETY:0.5
C_PIECESQUARETABLES:0.5
C_MOBILITY:0.5068923201911351
C_KINGSAFETY:0.48928570113199704
C_PAWNSTRUCTURE:0.49581633567670125
C_PIECECOORDINATION:0.5201293915503789
C_ROOK:0.5177414041264156
CE_ROOK:0.5003472277118782
C_CENTERCONTROL:0.5094226295869053
C_DEVELOPPIECES:0.5169049356104082
C_MATERIAL:0.5013780486462557
C_MOVECOUNT:0.4972319091545409
C_PAWNMOVEMENT:0.5
