ELO:1042
CE_PASSEDPAWNS:0.49591990162815325
CE_PAWNWEAKNESSES:0.5534477433413163
CE_PIECEACTIVITY:0.4898918661035154
CE_KINGPAWNSHIELD:0.5039237798685455
CE_PIECECOORDINATION:0.5165875885347805
CE_MATERIAL:0.5098457914445861
CE_KINGSAFETY:0.5
C_PIECESQUARETABLES:0.5
C_MOBILITY:0.4984177026253114
C_KINGSAFETY:0.5073744283588497
C_PAWNSTRUCTURE:0.4991405291164287
C_PIECECOORDINATION:0.5291701892332789
C_ROOK:0.5
CE_ROOK:0.48499253174775464
C_CENTERCONTROL:0.5128788715870748
C_DEVELOPPIECES:0.49914624624872594
C_MATERIAL:0.49461804208522603
C_MOVECOUNT:0.49683841815212487
C_PAWNMOVEMENT:0.5151860051889648
