ELO:1000
CE_PASSEDPAWNS:0.5247759161136888
CE_PAWNWEAKNESSES:0.5079304883854905
CE_PIECEACTIVITY:0.4813450252980696
CE_KINGPAWNSHIELD:0.468533257009672
CE_PIECECOORDINATION:0.48421544467499167
CE_MATERIAL:0.5578439515487374
CE_KINGSAFETY:0.484319516009015
C_PIECESQUARETABLES:0.4628071947652023
C_MOBILITY:0.5446114552390808
C_KINGSAFETY:0.5047623023170721
C_PAWNSTRUCTURE:0.48332916588922636
C_PIECECOORDINATION:0.49028410347076445
C_ROOKANDPAWNMOVEMENT:0.49028410347076445
C_CENTERCONTROL:0.48343984945443996
C_DEVELOPPIECES:0.503598070678121
C_MATERIAL:0.48909636572561255
