ELO:1000
CE_PASSEDPAWNS:0.5098254309116775
CE_PAWNWEAKNESSES:0.5540640780114069
CE_PIECEACTIVITY:0.5687333313403334
CE_KINGPAWNSHIELD:0.47266461167076035
CE_PIECECOORDINATION:0.5429029798446446
CE_MATERIAL:0.5942000092724883
CE_KINGSAFETY:0.4976782007386517
C_PIECESQUARETABLES:0.5116867493727552
C_MOBILITY:0.5902854443050145
C_KINGSAFETY:0.530330070010208
C_PAWNSTRUCTURE:0.47242989467185925
C_PIECECOORDINATION:0.4846649214659146
C_ROOKANDPAWNMOVEMENT:0.4846649214659146
C_CENTERCONTROL:0.4924765954766602
C_DEVELOPPIECES:0.4805544844241688
C_MATERIAL:0.4779961882625451
