ELO:1060
CE_PASSEDPAWNS:0.5
CE_PAWNWEAKNESSES:0.45563144221338636
CE_PIECEACTIVITY:0.45202716690404365
CE_KINGPAWNSHIELD:0.4934832073901321
CE_PIECECOORDINATION:0.5117626846070501
CE_MATERIAL:0.5037360870082964
CE_KINGSAFETY:0.5
C_PIECESQUARETABLES:0.5
C_MOBILITY:0.4906554847187669
C_KINGSAFETY:0.49114415449624815
C_PAWNSTRUCTURE:0.4818942133350111
C_PIECECOORDINATION:0.5210789240236054
C_ROOK:0.49529154829690436
CE_ROOK:0.49392803174519356
C_CENTERCONTROL:0.5029010550684012
C_DEVELOPPIECES:0.4787920258108393
C_MATERIAL:0.5013780486462557
C_MOVECOUNT:0.47814537873487434
C_PAWNMOVEMENT:0.5
