ELO:1000
CE_PASSEDPAWNS:0.49721215923274253
CE_PAWNWEAKNESSES:0.4878111751123901
CE_PIECEACTIVITY:0.5348431644305475
CE_KINGPAWNSHIELD:0.4728661613339107
CE_PIECECOORDINATION:0.4916369087887037
CE_MATERIAL:0.49127996787744205
CE_KINGSAFETY:0.5037224695792983
C_PIECESQUARETABLES:0.5163681490878639
C_MOBILITY:0.4900856400765648
C_KINGSAFETY:0.49593768451670867
C_PAWNSTRUCTURE:0.5070448770223452
C_PIECECOORDINATION:0.49310009629693174
C_ROOKANDPAWNMOVEMENT:0.49310009629693174
C_CENTERCONTROL:0.4860048746007544
C_DEVELOPPIECES:0.5028438388931608
C_MATERIAL:0.47604819207519683
