ELO:795
CE_PASSEDPAWNS:0.5048599405031924
CE_PAWNWEAKNESSES:0.49293518416631954
CE_PIECEACTIVITY:0.5057580030735381
CE_KINGPAWNSHIELD:0.5577562960391673
CE_PIECECOORDINATION:0.5050424554798079
CE_MATERIAL:0.5000474594401788
CE_KINGSAFETY:0.4994798177418803
C_PIECESQUARETABLES:0.5252133811464339
C_MOBILITY:0.4996551499861185
C_KINGSAFETY:0.48528616953479525
C_PAWNSTRUCTURE:0.43809580151167504
C_PIECECOORDINATION:0.5318787574195719
C_ROOKANDPAWNMOVEMENT:0.5318787574195719
C_CENTERCONTROL:0.5584865859081581
C_DEVELOPPIECES:0.4865684787850067
C_MATERIAL:0.49910747715742265
C_MOVECOUNT:0.5
