ELO:1061
CE_PASSEDPAWNS:0.5125139592575777
CE_PAWNWEAKNESSES:0.5
CE_PIECEACTIVITY:0.45202716690404365
CE_KINGPAWNSHIELD:0.5015344094069454
CE_PIECECOORDINATION:0.5117626846070501
CE_MATERIAL:0.4970967322552941
CE_KINGSAFETY:0.5
C_PIECESQUARETABLES:0.5
C_MOBILITY:0.4906554847187669
C_KINGSAFETY:0.49114415449624815
C_PAWNSTRUCTURE:0.4818942133350111
C_PIECECOORDINATION:0.5172284595140588
C_ROOK:0.5100557964461885
CE_ROOK:0.49392803174519356
C_CENTERCONTROL:0.5094226295869053
C_DEVELOPPIECES:0.4631289165320919
C_MATERIAL:0.5
C_MOVECOUNT:0.47814537873487434
C_PAWNMOVEMENT:0.49552211294162307
