ELO:926
CE_PASSEDPAWNS:0.5501966828530427
CE_PAWNWEAKNESSES:0.4711620856414805
CE_PIECEACTIVITY:0.4883575126822008
CE_KINGPAWNSHIELD:0.505931262048289
CE_PIECECOORDINATION:0.4941392860198068
CE_MATERIAL:0.5131329546820829
CE_KINGSAFETY:0.530426642521077
C_PIECESQUARETABLES:0.5533774176181167
C_MOBILITY:0.49319897249993244
C_KINGSAFETY:0.4423641943379123
C_PAWNSTRUCTURE:0.4837857776598782
C_PIECECOORDINATION:0.4449003470154632
C_ROOKANDPAWNMOVEMENT:0.4449003470154632
C_CENTERCONTROL:0.4599705908842077
C_DEVELOPPIECES:0.5336595623218418
C_MATERIAL:0.5154642834139155
C_MOVECOUNT:0.5603195637026461
