ELO:986
CE_PASSEDPAWNS:0.45986707930045695
CE_PAWNWEAKNESSES:0.5054600295286236
CE_PIECEACTIVITY:0.5112486420720458
CE_KINGPAWNSHIELD:0.5045367552136903
CE_PIECECOORDINATION:0.5186795647138565
CE_MATERIAL:0.49389873220641706
CE_KINGSAFETY:0.5
C_PIECESQUARETABLES:0.5
C_MOBILITY:0.48115654907301375
C_KINGSAFETY:0.49484935295392113
C_PAWNSTRUCTURE:0.4939971257908449
C_PIECECOORDINATION:0.48987118264836055
C_ROOKANDPAWNMOVEMENT:0.48987118264836055
C_CENTERCONTROL:0.518068680562823
C_DEVELOPPIECES:0.4773646974471012
C_MATERIAL:0.502630541590437
C_MOVECOUNT:0.4945933660311482
