ELO:953
CE_PASSEDPAWNS:0.5705848269681328
CE_PAWNWEAKNESSES:0.46285374100780824
CE_PIECEACTIVITY:0.4600322430691093
CE_KINGPAWNSHIELD:0.5121083004288587
CE_PIECECOORDINATION:0.5471795334068862
CE_MATERIAL:0.4823500434483433
CE_KINGSAFETY:0.4996034366488739
C_PIECESQUARETABLES:0.48950294731629135
C_MOBILITY:0.4972874752830469
C_KINGSAFETY:0.5266577501056042
C_PAWNSTRUCTURE:0.5072234305316378
C_PIECECOORDINATION:0.5478473942145761
C_ROOKANDPAWNMOVEMENT:0.5478473942145761
C_CENTERCONTROL:0.46939047768285685
C_DEVELOPPIECES:0.5755937240034255
C_MATERIAL:0.4467634400012218
