ELO:954
CE_PASSEDPAWNS:0.48846899547547645
CE_PAWNWEAKNESSES:0.5374448644325095
CE_PIECEACTIVITY:0.5098126648018604
CE_KINGPAWNSHIELD:0.5271780922685442
CE_PIECECOORDINATION:0.5
CE_MATERIAL:0.5313855737888874
CE_KINGSAFETY:0.5322814667070582
C_PIECESQUARETABLES:0.43884260061204095
C_MOBILITY:0.5
C_KINGSAFETY:0.5172414685280838
C_PAWNSTRUCTURE:0.46265399852668665
C_PIECECOORDINATION:0.5096419321714103
C_ROOKANDPAWNMOVEMENT:0.5096419321714103
C_CENTERCONTROL:0.45604979588250216
C_DEVELOPPIECES:0.5
C_MATERIAL:0.498832090905287
C_MOVECOUNT:0.5
