ELO:934
CE_PASSEDPAWNS:0.49372350447838154
CE_PAWNWEAKNESSES:0.45421346467160006
CE_PIECEACTIVITY:0.499360554686794
CE_KINGPAWNSHIELD:0.4901630106654871
CE_PIECECOORDINATION:0.49230817489445095
CE_MATERIAL:0.4925194565264204
CE_KINGSAFETY:0.4979563324901214
C_PIECESQUARETABLES:0.4895488640365407
C_MOBILITY:0.49899458625091175
C_KINGSAFETY:0.5271640215068392
C_PAWNSTRUCTURE:0.5122506628850604
C_PIECECOORDINATION:0.5220964378374369
C_ROOKANDPAWNMOVEMENT:0.5220964378374369
C_CENTERCONTROL:0.4979274100139215
C_DEVELOPPIECES:0.5136473304225405
C_MATERIAL:0.4889673623272579
C_MOVECOUNT:0.5
