ELO:942
CE_PASSEDPAWNS:0.4864718760046219
CE_PAWNWEAKNESSES:0.46247171848823543
CE_PIECEACTIVITY:0.5131241835475806
CE_KINGPAWNSHIELD:0.5297490549729108
CE_PIECECOORDINATION:0.5024542746371494
CE_MATERIAL:0.544492403460252
CE_KINGSAFETY:0.5056560616431159
C_PIECESQUARETABLES:0.47620513522292535
C_MOBILITY:0.5050312037035101
C_KINGSAFETY:0.4892260452016635
C_PAWNSTRUCTURE:0.49344895362988744
C_PIECECOORDINATION:0.5059486238500569
C_ROOKANDPAWNMOVEMENT:0.5059486238500569
C_CENTERCONTROL:0.5
C_DEVELOPPIECES:0.5
C_MATERIAL:0.498832090905287
C_MOVECOUNT:0.5
