ELO:930
CE_PASSEDPAWNS:0.5378707347606296
CE_PAWNWEAKNESSES:0.5405023224267809
CE_PIECEACTIVITY:0.47769003494028506
CE_KINGPAWNSHIELD:0.46329298692500426
CE_PIECECOORDINATION:0.5495392227153837
CE_MATERIAL:0.4845804284476085
CE_KINGSAFETY:0.503169937602136
C_PIECESQUARETABLES:0.5174172941849073
C_MOBILITY:0.5296578622324413
C_KINGSAFETY:0.4560940157401125
C_PAWNSTRUCTURE:0.5448303090785285
C_PIECECOORDINATION:0.5122694534757412
C_ROOK:0.4884670560323392
CE_ROOK:0.5059903199315716
C_CENTERCONTROL:0.5034163029668621
C_DEVELOPPIECES:0.45165761391141523
C_MATERIAL:0.46732669848638236
C_MOVECOUNT:0.4607128965402105
C_PAWNMOVEMENT:0.5091236969962823
