ELO:958
CE_PASSEDPAWNS:0.5140696117937893
CE_PAWNWEAKNESSES:0.5660922768471769
CE_PIECEACTIVITY:0.4628323865359156
CE_KINGPAWNSHIELD:0.4698284432665263
CE_PIECECOORDINATION:0.554603191906253
CE_MATERIAL:0.47705671565357116
CE_KINGSAFETY:0.5
C_PIECESQUARETABLES:0.5
C_MOBILITY:0.5113670705005295
C_KINGSAFETY:0.47785870717277745
C_PAWNSTRUCTURE:0.52605588260716
C_PIECECOORDINATION:0.5012025500277851
C_ROOK:0.4947276913470057
CE_ROOK:0.48726893211966377
C_CENTERCONTROL:0.47638200790913754
C_DEVELOPPIECES:0.4722044990596165
C_MATERIAL:0.4599471499796029
C_MOVECOUNT:0.46962362151448894
C_PAWNMOVEMENT:0.5072901628480556
