ELO:950
CE_PASSEDPAWNS:0.5
CE_PAWNWEAKNESSES:0.4750354767957558
CE_PIECEACTIVITY:0.5073356751701842
CE_KINGPAWNSHIELD:0.5229630909555198
CE_PIECECOORDINATION:0.48930233228246317
CE_MATERIAL:0.4504127251363981
CE_KINGSAFETY:0.49264935538018845
C_PIECESQUARETABLES:0.5
C_MOBILITY:0.5
C_KINGSAFETY:0.47324158140071504
C_PAWNSTRUCTURE:0.5037497649805003
C_PIECECOORDINATION:0.5023106483287432
C_ROOKANDPAWNMOVEMENT:0.5023106483287432
C_CENTERCONTROL:0.48367799613192836
C_DEVELOPPIECES:0.5
C_MATERIAL:0.5046670993782884
C_MOVECOUNT:0.5
