ELO:1000
CE_PASSEDPAWNS:0.5117875438553697
CE_PAWNWEAKNESSES:0.46497192742454774
CE_PIECEACTIVITY:0.5020624795029625
CE_KINGPAWNSHIELD:0.5222373109707539
CE_PIECECOORDINATION:0.4985667696687706
CE_MATERIAL:0.5064744014316293
CE_KINGSAFETY:0.497243017232792
C_PIECESQUARETABLES:0.4888487870345933
C_MOBILITY:0.5051655366782373
C_KINGSAFETY:0.5140715131286524
C_PAWNSTRUCTURE:0.47945163549695563
C_PIECECOORDINATION:0.4927490754101178
C_ROOKANDPAWNMOVEMENT:0.4927490754101178
C_CENTERCONTROL:0.5123344177475273
C_DEVELOPPIECES:0.49473388907686816
C_MATERIAL:0.4872553250936003
