ELO:1000
CE_PASSEDPAWNS:0.5515299399983624
CE_PAWNWEAKNESSES:0.49413242724218015
CE_PIECEACTIVITY:0.4635688509510282
CE_KINGPAWNSHIELD:0.5085861836360983
CE_PIECECOORDINATION:0.5349024153308618
CE_MATERIAL:0.4406737237731329
CE_KINGSAFETY:0.5
C_PIECESQUARETABLES:0.5019395698021611
C_MOBILITY:0.5010103827538513
C_KINGSAFETY:0.5091573965238153
C_PAWNSTRUCTURE:0.509866171958488
C_PIECECOORDINATION:0.5421526711915693
C_ROOKANDPAWNMOVEMENT:0.5421526711915693
C_CENTERCONTROL:0.5047816183987863
C_DEVELOPPIECES:0.5343412678136745
C_MATERIAL:0.4902667126197457
