ELO:1083
CE_PASSEDPAWNS:0.4948427292618502
CE_PAWNWEAKNESSES:0.49129665766975855
CE_PIECEACTIVITY:0.5313057737235808
CE_KINGPAWNSHIELD:0.5355193258009439
CE_PIECECOORDINATION:0.5596212806240942
CE_MATERIAL:0.5376942071714466
CE_KINGSAFETY:0.5
C_PIECESQUARETABLES:0.5
C_MOBILITY:0.5
C_KINGSAFETY:0.5
C_PAWNSTRUCTURE:0.528271485515296
C_PIECECOORDINATION:0.5092211678005004
C_ROOKANDPAWNMOVEMENT:0.5092211678005004
C_CENTERCONTROL:0.4674888041735489
C_DEVELOPPIECES:0.45515856606073235
C_MATERIAL:0.4288870887686325
C_MOVECOUNT:0.5
