ELO:1000
CE_PASSEDPAWNS:0.5649204906749267
CE_PAWNWEAKNESSES:0.4576492401151618
CE_PIECEACTIVITY:0.4678599298907261
CE_KINGPAWNSHIELD:0.5268125211097
CE_PIECECOORDINATION:0.5306374838500092
CE_MATERIAL:0.4597748078610296
CE_KINGSAFETY:0.5090630766513815
C_PIECESQUARETABLES:0.5108426245339502
C_MOBILITY:0.5134803470884557
C_KINGSAFETY:0.5214243585661206
C_PAWNSTRUCTURE:0.4961888797444212
C_PIECECOORDINATION:0.5443333919130526
C_ROOKANDPAWNMOVEMENT:0.5443333919130526
C_CENTERCONTROL:0.5008826179060809
C_DEVELOPPIECES:0.5392520927745864
C_MATERIAL:0.48582049654766535
