ELO:1019
CE_PASSEDPAWNS:0.5
CE_PAWNWEAKNESSES:0.5060174547248011
CE_PIECEACTIVITY:0.5106974681654067
CE_KINGPAWNSHIELD:0.46846419952497886
CE_PIECECOORDINATION:0.5
CE_MATERIAL:0.5059856215526838
CE_KINGSAFETY:0.5102717278501088
C_PIECESQUARETABLES:0.5
C_MOBILITY:0.5068349795392371
C_KINGSAFETY:0.49251242720840516
C_PAWNSTRUCTURE:0.48585634808060385
C_PIECECOORDINATION:0.5
C_ROOKANDPAWNMOVEMENT:0.5
C_CENTERCONTROL:0.4838572758989919
C_DEVELOPPIECES:0.5
C_MATERIAL:0.5
