ELO:918
CE_PASSEDPAWNS:0.5312694583914915
CE_PAWNWEAKNESSES:0.5405023224267809
CE_PIECEACTIVITY:0.47594813291426535
CE_KINGPAWNSHIELD:0.45771931662313853
CE_PIECECOORDINATION:0.5568262703194214
CE_MATERIAL:0.483228317938449
CE_KINGSAFETY:0.4983145047512583
C_PIECESQUARETABLES:0.5177778568654909
C_MOBILITY:0.5296578622324413
C_KINGSAFETY:0.46309857516135144
C_PAWNSTRUCTURE:0.5437761527857404
C_PIECECOORDINATION:0.507183718221943
C_ROOK:0.48439186853453703
CE_ROOK:0.5069499898211277
C_CENTERCONTROL:0.5034163029668621
C_DEVELOPPIECES:0.46981375899341415
C_MATERIAL:0.46732669848638236
C_MOVECOUNT:0.4634786619645169
C_PAWNMOVEMENT:0.5019781367690199
