ELO:1033
CE_PASSEDPAWNS:0.4956548527732597
CE_PAWNWEAKNESSES:0.5
CE_PIECEACTIVITY:0.5
CE_KINGPAWNSHIELD:0.5
CE_PIECECOORDINATION:0.5
CE_MATERIAL:0.5
CE_KINGSAFETY:0.4900231179637719
C_PIECESQUARETABLES:0.5
C_MOBILITY:0.5
C_KINGSAFETY:0.5083273150035342
C_PAWNSTRUCTURE:0.5
C_PIECECOORDINATION:0.5047751328764609
C_ROOKANDPAWNMOVEMENT:0.5047751328764609
C_CENTERCONTROL:0.4932442465246599
C_DEVELOPPIECES:0.5
C_MATERIAL:0.5
C_MOVECOUNT:0.5
