ELO:976
CE_PASSEDPAWNS:0.5025974458356199
CE_PAWNWEAKNESSES:0.48861241519106086
CE_PIECEACTIVITY:0.5
CE_KINGPAWNSHIELD:0.5004985436371269
CE_PIECECOORDINATION:0.5085899924413093
CE_MATERIAL:0.5
CE_KINGSAFETY:0.5
C_PIECESQUARETABLES:0.5
C_MOBILITY:0.5068652566111305
C_KINGSAFETY:0.5
C_PAWNSTRUCTURE:0.5
C_PIECECOORDINATION:0.5097938560700495
C_ROOKANDPAWNMOVEMENT:0.5097938560700495
C_CENTERCONTROL:0.4866334125553828
C_DEVELOPPIECES:0.46959664657331784
C_MATERIAL:0.5006338899475735
C_MOVECOUNT:0.5
