ELO:1001
CE_PASSEDPAWNS:0.4823859452277211
CE_PAWNWEAKNESSES:0.5003902715685036
CE_PIECEACTIVITY:0.4735029863248786
CE_KINGPAWNSHIELD:0.4698284432665263
CE_PIECECOORDINATION:0.49261733577632993
CE_MATERIAL:0.47705671565357116
CE_KINGSAFETY:0.5189037870798753
C_PIECESQUARETABLES:0.5
C_MOBILITY:0.511821200527184
C_KINGSAFETY:0.4745022702053904
C_PAWNSTRUCTURE:0.4897271136415368
C_PIECECOORDINATION:0.5082937951683871
C_ROOK:0.479745591736539
CE_ROOK:0.5203484857845094
C_CENTERCONTROL:0.4780860626445822
C_DEVELOPPIECES:0.48837650815113426
C_MATERIAL:0.5462136887491075
C_MOVECOUNT:0.4546882607223462
C_PAWNMOVEMENT:0.5191277456000347
