ELO:934
CE_PASSEDPAWNS:0.4884329465413175
CE_PAWNWEAKNESSES:0.4613395285831158
CE_PIECEACTIVITY:0.4343101114874594
CE_KINGPAWNSHIELD:0.4629557991686364
CE_PIECECOORDINATION:0.5028950599588109
CE_MATERIAL:0.5280519372824719
CE_KINGSAFETY:0.5
C_PIECESQUARETABLES:0.5
C_MOBILITY:0.5227632607881241
C_KINGSAFETY:0.5176664604722987
C_PAWNSTRUCTURE:0.37054878735547075
C_PIECECOORDINATION:0.48825994617718416
C_ROOKANDPAWNMOVEMENT:0.48825994617718416
C_CENTERCONTROL:0.4633290236538381
C_DEVELOPPIECES:0.49982562540799813
C_MATERIAL:0.5099119021170995
C_MOVECOUNT:0.5
