ELO:912
CE_PASSEDPAWNS:0.45309502603354535
CE_PAWNWEAKNESSES:0.4730517259839081
CE_PIECEACTIVITY:0.4374095779732739
CE_KINGPAWNSHIELD:0.5008590402786253
CE_PIECECOORDINATION:0.6110429283035208
CE_MATERIAL:0.5600827440482703
CE_KINGSAFETY:0.4708576094926263
C_PIECESQUARETABLES:0.4567069358385003
C_MOBILITY:0.5464868020091268
C_KINGSAFETY:0.4608097587278621
C_PAWNSTRUCTURE:0.4006715722693196
C_PIECECOORDINATION:0.5036143161129751
C_ROOKANDPAWNMOVEMENT:0.5036143161129751
C_CENTERCONTROL:0.5745717263356172
C_DEVELOPPIECES:0.5520716895447393
C_MATERIAL:0.4585448362249145
