ELO:1000
CE_PASSEDPAWNS:0.5522839699538116
CE_PAWNWEAKNESSES:0.4986391263722782
CE_PIECEACTIVITY:0.4998489412584598
CE_KINGPAWNSHIELD:0.49834616498275625
CE_PIECECOORDINATION:0.5421345649105381
CE_MATERIAL:0.4434711768898184
CE_KINGSAFETY:0.4980848974308565
C_PIECESQUARETABLES:0.4932147392837792
C_MOBILITY:0.4898468584308403
C_KINGSAFETY:0.5047072270990329
C_PAWNSTRUCTURE:0.50528399488255
C_PIECECOORDINATION:0.5561838901616295
C_ROOKANDPAWNMOVEMENT:0.5561838901616295
C_CENTERCONTROL:0.5096107243133778
C_DEVELOPPIECES:0.5028883696342762
C_MATERIAL:0.498696785206118
