ELO:1000
CE_PASSEDPAWNS:0.507724708703162
CE_PAWNWEAKNESSES:0.4976085868381276
CE_PIECEACTIVITY:0.49044120187946
CE_KINGPAWNSHIELD:0.508767055964553
CE_PIECECOORDINATION:0.504287247567848
CE_MATERIAL:0.5091860273670491
CE_KINGSAFETY:0.49760204326083696
C_PIECESQUARETABLES:0.5
C_MOBILITY:0.5064650791169558
C_KINGSAFETY:0.5018646671257049
C_PAWNSTRUCTURE:0.5166703146812511
C_PIECECOORDINATION:0.48219690082146105
C_ROOKANDPAWNMOVEMENT:0.48219690082146105
C_CENTERCONTROL:0.5151922535943296
C_DEVELOPPIECES:0.48827786667570705
C_MATERIAL:0.4886682166916185
