ELO:1000
CE_PASSEDPAWNS:0.5110050527491291
CE_PAWNWEAKNESSES:0.47813788045157996
CE_PIECEACTIVITY:0.5020624795029625
CE_KINGPAWNSHIELD:0.5162799658687995
CE_PIECECOORDINATION:0.4969770329309355
CE_MATERIAL:0.5091860273670491
CE_KINGSAFETY:0.506850747092539
C_PIECESQUARETABLES:0.5027644362930601
C_MOBILITY:0.5051965581902731
C_KINGSAFETY:0.5057148680861208
C_PAWNSTRUCTURE:0.4945896457719185
C_PIECECOORDINATION:0.48219690082146105
C_ROOKANDPAWNMOVEMENT:0.48219690082146105
C_CENTERCONTROL:0.5260702469679613
C_DEVELOPPIECES:0.48827786667570705
C_MATERIAL:0.4809406515975751
