ELO:936
CE_PASSEDPAWNS:0.44965320696798305
CE_PAWNWEAKNESSES:0.5032259751956494
CE_PIECEACTIVITY:0.4900011760267858
CE_KINGPAWNSHIELD:0.4785526079788004
CE_PIECECOORDINATION:0.596199083560171
CE_MATERIAL:0.5909150935406842
CE_KINGSAFETY:0.49612656727987764
C_PIECESQUARETABLES:0.48205072004538285
C_MOBILITY:0.5587154088153298
C_KINGSAFETY:0.4633858925653565
C_PAWNSTRUCTURE:0.4723429854648497
C_PIECECOORDINATION:0.4932428649786108
C_ROOKANDPAWNMOVEMENT:0.4932428649786108
C_CENTERCONTROL:0.5663646921206813
C_DEVELOPPIECES:0.5344049661651475
C_MATERIAL:0.49130234883519064
