ELO:989
CE_PASSEDPAWNS:0.5347376870217919
CE_PAWNWEAKNESSES:0.4747266971979074
CE_PIECEACTIVITY:0.5104732041243522
CE_KINGPAWNSHIELD:0.542603462243025
CE_PIECECOORDINATION:0.46544225017118723
CE_MATERIAL:0.4694181679613265
CE_KINGSAFETY:0.5007708508507128
C_PIECESQUARETABLES:0.507224796739523
C_MOBILITY:0.4990079087422452
C_KINGSAFETY:0.5250912115677565
C_PAWNSTRUCTURE:0.46054427260367564
C_PIECECOORDINATION:0.49481266204964397
C_ROOKANDPAWNMOVEMENT:0.49481266204964397
C_CENTERCONTROL:0.42463370858504723
C_DEVELOPPIECES:0.5654529498980824
C_MATERIAL:0.5875770842357657
