ELO:997
CE_PASSEDPAWNS:0.4947906228759998
CE_PAWNWEAKNESSES:0.4688001637732888
CE_PIECEACTIVITY:0.4966911931198737
CE_KINGPAWNSHIELD:0.5
CE_PIECECOORDINATION:0.5208644712939275
CE_MATERIAL:0.5127792983123043
CE_KINGSAFETY:0.5105269941280405
C_PIECESQUARETABLES:0.49989157356989256
C_MOBILITY:0.4967523910092206
C_KINGSAFETY:0.4839221889924798
C_PAWNSTRUCTURE:0.5119528392702672
C_PIECECOORDINATION:0.4960888199025674
C_ROOKANDPAWNMOVEMENT:0.4960888199025674
C_CENTERCONTROL:0.5113791251791949
C_DEVELOPPIECES:0.5
C_MATERIAL:0.5087749210735766
