ELO:1009
CE_PASSEDPAWNS:0.5295719880146063
CE_PAWNWEAKNESSES:0.49546092078034437
CE_PIECEACTIVITY:0.5186022277043728
CE_KINGPAWNSHIELD:0.5082559902088728
CE_PIECECOORDINATION:0.49157763637890856
CE_MATERIAL:0.5
CE_KINGSAFETY:0.48677423398243913
C_PIECESQUARETABLES:0.494895858110868
C_MOBILITY:0.4897639926820234
C_KINGSAFETY:0.49636935709361746
C_PAWNSTRUCTURE:0.48853626055555155
C_PIECECOORDINATION:0.5039218423454205
C_ROOKANDPAWNMOVEMENT:0.5039218423454205
C_CENTERCONTROL:0.5
C_DEVELOPPIECES:0.49753436249336186
C_MATERIAL:0.4982771253810746
C_MOVECOUNT:0.5
