ELO:1027
CE_PASSEDPAWNS:0.5
CE_PAWNWEAKNESSES:0.49153747739782117
CE_PIECEACTIVITY:0.4869355426576438
CE_KINGPAWNSHIELD:0.5142653329978302
CE_PIECECOORDINATION:0.5127806643488982
CE_MATERIAL:0.4857179863277638
CE_KINGSAFETY:0.5
C_PIECESQUARETABLES:0.5
C_MOBILITY:0.5212935053933127
C_KINGSAFETY:0.5035784460263285
C_PAWNSTRUCTURE:0.49351718152888674
C_PIECECOORDINATION:0.53854140304175
C_ROOK:0.5007168017806173
CE_ROOK:0.5365639088493125
C_CENTERCONTROL:0.49657171591730037
C_DEVELOPPIECES:0.4854328376552627
C_MATERIAL:0.5180800039458637
C_MOVECOUNT:0.5160966464623759
C_PAWNMOVEMENT:0.5167834503781904
