ELO:1015
CE_PASSEDPAWNS:0.5041790602250514
CE_PAWNWEAKNESSES:0.5077036375598466
CE_PIECEACTIVITY:0.5073220430097741
CE_KINGPAWNSHIELD:0.5022988077353194
CE_PIECECOORDINATION:0.5
CE_MATERIAL:0.5119444580834903
CE_KINGSAFETY:0.49546216429003237
C_PIECESQUARETABLES:0.5
C_MOBILITY:0.5068452245655766
C_KINGSAFETY:0.5096669659847455
C_PAWNSTRUCTURE:0.5001448635497001
C_PIECECOORDINATION:0.4922331304350956
C_ROOKANDPAWNMOVEMENT:0.4922331304350956
C_CENTERCONTROL:0.506734056407956
C_DEVELOPPIECES:0.48651319263339915
C_MATERIAL:0.49060888741330355
C_MOVECOUNT:0.48821614248102707
