ELO:1126
CE_PASSEDPAWNS:0.4594512763095158
CE_PAWNWEAKNESSES:0.5049538678398092
CE_PIECEACTIVITY:0.5813878528841205
CE_KINGPAWNSHIELD:0.41497611062109097
CE_PIECECOORDINATION:0.5449900128502336
CE_MATERIAL:0.3902827395318531
CE_KINGSAFETY:0.5
C_PIECESQUARETABLES:0.4931831434965357
C_MOBILITY:0.43408181580136146
C_KINGSAFETY:0.6492285240804906
C_PAWNSTRUCTURE:0.41040599071577993
C_PIECECOORDINATION:0.48430233874975176
C_ROOKANDPAWNMOVEMENT:0.48430233874975176
C_CENTERCONTROL:0.5950800156752362
C_DEVELOPPIECES:0.5804292007935167
C_MATERIAL:0.37667800263371504
