ELO:990
CE_PASSEDPAWNS:0.5187681941447732
CE_PAWNWEAKNESSES:0.4826273605923285
CE_PIECEACTIVITY:0.5256534381721791
CE_KINGPAWNSHIELD:0.542603462243025
CE_PIECECOORDINATION:0.4846973356516632
CE_MATERIAL:0.4694181679613265
CE_KINGSAFETY:0.5
C_PIECESQUARETABLES:0.5
C_MOBILITY:0.5836313903895851
C_KINGSAFETY:0.5250912115677565
C_PAWNSTRUCTURE:0.45591047383912
C_PIECECOORDINATION:0.4926255307660277
C_ROOKANDPAWNMOVEMENT:0.4926255307660277
C_CENTERCONTROL:0.42463370858504723
C_DEVELOPPIECES:0.42617626737997094
C_MATERIAL:0.6345612534862537
