ELO:1026
CE_PASSEDPAWNS:0.5
CE_PAWNWEAKNESSES:0.5020827528398454
CE_PIECEACTIVITY:0.4958368756718361
CE_KINGPAWNSHIELD:0.500770625437377
CE_PIECECOORDINATION:0.5025756996373358
CE_MATERIAL:0.49806040645136246
CE_KINGSAFETY:0.5
C_PIECESQUARETABLES:0.5
C_MOBILITY:0.5
C_KINGSAFETY:0.5
C_PAWNSTRUCTURE:0.5127002290046653
C_PIECECOORDINATION:0.5
C_ROOKANDPAWNMOVEMENT:0.5
C_CENTERCONTROL:0.5003364840090287
C_DEVELOPPIECES:0.5096761663798469
C_MATERIAL:0.5
C_MOVECOUNT:0.5
