ELO:1013
CE_PASSEDPAWNS:0.5
CE_PAWNWEAKNESSES:0.5029992905808192
CE_PIECEACTIVITY:0.4961527471800393
CE_KINGPAWNSHIELD:0.5105333219823304
CE_PIECECOORDINATION:0.48339833982775904
CE_MATERIAL:0.505024670824354
CE_KINGSAFETY:0.5
C_PIECESQUARETABLES:0.4888427790785482
C_MOBILITY:0.5
C_KINGSAFETY:0.5096669659847455
C_PAWNSTRUCTURE:0.49389296179652514
C_PIECECOORDINATION:0.5056858823581891
C_ROOKANDPAWNMOVEMENT:0.5056858823581891
C_CENTERCONTROL:0.495940705356692
C_DEVELOPPIECES:0.5
C_MATERIAL:0.49027448751293756
C_MOVECOUNT:0.49824468897082497
