ELO:1123
CE_PASSEDPAWNS:0.6482070404108492
CE_PAWNWEAKNESSES:0.5032719383008617
CE_PIECEACTIVITY:0.5822554920959389
CE_KINGPAWNSHIELD:0.6208131797722044
CE_PIECECOORDINATION:0.5364624885915099
CE_MATERIAL:0.45531314427650593
CE_KINGSAFETY:0.5169027464388022
C_PIECESQUARETABLES:0.5221004633064672
C_MOBILITY:0.4176237098386399
C_KINGSAFETY:0.49409689329199485
C_PAWNSTRUCTURE:0.43782103306321013
C_PIECECOORDINATION:0.36062421724656424
C_ROOKANDPAWNMOVEMENT:0.36062421724656424
C_CENTERCONTROL:0.4971758326519334
C_DEVELOPPIECES:0.5034004472324135
C_MATERIAL:0.4073474203952967
