ELO:985
CE_PASSEDPAWNS:0.5675624575452266
CE_PAWNWEAKNESSES:0.4848139067115217
CE_PIECEACTIVITY:0.47821566734245813
CE_KINGPAWNSHIELD:0.5327686477958343
CE_PIECECOORDINATION:0.5574858087567416
CE_MATERIAL:0.4897969336438433
CE_KINGSAFETY:0.488652260802504
C_PIECESQUARETABLES:0.49604986410624885
C_MOBILITY:0.5175205692073122
C_KINGSAFETY:0.5265079327471277
C_PAWNSTRUCTURE:0.4917908516724461
C_PIECECOORDINATION:0.5787906296789096
C_ROOKANDPAWNMOVEMENT:0.5787906296789096
C_CENTERCONTROL:0.49585185197210624
C_DEVELOPPIECES:0.5678198091213128
C_MATERIAL:0.4639460789713864
