ELO:1013
CE_PASSEDPAWNS:0.5113334919843036
CE_PAWNWEAKNESSES:0.49342765588165904
CE_PIECEACTIVITY:0.5062571866825181
CE_KINGPAWNSHIELD:0.5114080796691037
CE_PIECECOORDINATION:0.5035760848236907
CE_MATERIAL:0.5428991659799375
CE_KINGSAFETY:0.502912472010333
C_PIECESQUARETABLES:0.5052751908942409
C_MOBILITY:0.5132001157821605
C_KINGSAFETY:0.49944257939496456
C_PAWNSTRUCTURE:0.500906228312213
C_PIECECOORDINATION:0.4939065445797985
C_ROOK:0.4934124726828466
CE_ROOK:0.4962970265159836
C_CENTERCONTROL:0.49657171591730037
C_DEVELOPPIECES:0.5459323106087586
C_MATERIAL:0.4514243754423362
C_MOVECOUNT:0.5138152306010111
C_PAWNMOVEMENT:0.47622152394900197
