ELO:909
CE_PASSEDPAWNS:0.4616740480508285
CE_PAWNWEAKNESSES:0.4885924400608251
CE_PIECEACTIVITY:0.5303929357944998
CE_KINGPAWNSHIELD:0.5083986575117891
CE_PIECECOORDINATION:0.43365440201257516
CE_MATERIAL:0.4953164416967403
CE_KINGSAFETY:0.5
C_PIECESQUARETABLES:0.5
C_MOBILITY:0.4850244591829032
C_KINGSAFETY:0.5645170203509092
C_PAWNSTRUCTURE:0.47069581632315793
C_PIECECOORDINATION:0.6223301338042752
C_ROOKANDPAWNMOVEMENT:0.6223301338042752
C_CENTERCONTROL:0.6101217083780929
C_DEVELOPPIECES:0.4251437788764413
C_MATERIAL:0.6103484664865465
C_MOVECOUNT:0.5
