ELO:930
CE_PASSEDPAWNS:0.5312694583914915
CE_PAWNWEAKNESSES:0.5383142348838393
CE_PIECEACTIVITY:0.47594813291426535
CE_KINGPAWNSHIELD:0.45771931662313853
CE_PIECECOORDINATION:0.5568262703194214
CE_MATERIAL:0.48404039103927243
CE_KINGSAFETY:0.5
C_PIECESQUARETABLES:0.509719593420084
C_MOBILITY:0.5246812481296915
C_KINGSAFETY:0.46309857516135144
C_PAWNSTRUCTURE:0.5437761527857404
C_PIECECOORDINATION:0.507183718221943
C_ROOK:0.48439186853453703
CE_ROOK:0.5077805825244122
C_CENTERCONTROL:0.5112255641664701
C_DEVELOPPIECES:0.4764526236817332
C_MATERIAL:0.46732669848638236
C_MOVECOUNT:0.46343302037286943
C_PAWNMOVEMENT:0.5019781367690199
