ELO:1000
CE_PASSEDPAWNS:0.5670792192232192
CE_PAWNWEAKNESSES:0.45084020120837126
CE_PIECEACTIVITY:0.4687063769998262
CE_KINGPAWNSHIELD:0.5379529181095519
CE_PIECECOORDINATION:0.5749359303201685
CE_MATERIAL:0.45521810861399725
CE_KINGSAFETY:0.4882009745704296
C_PIECESQUARETABLES:0.5117906352871636
C_MOBILITY:0.5390121318138709
C_KINGSAFETY:0.5212792650455277
C_PAWNSTRUCTURE:0.5001936849936979
C_PIECECOORDINATION:0.5692627910373883
C_ROOKANDPAWNMOVEMENT:0.5692627910373883
C_CENTERCONTROL:0.4938773041415446
C_DEVELOPPIECES:0.5398277840005159
C_MATERIAL:0.4697019576611707
