ELO:942
CE_PASSEDPAWNS:0.5284430834907466
CE_PAWNWEAKNESSES:0.5445018193469098
CE_PIECEACTIVITY:0.4851776606207486
CE_KINGPAWNSHIELD:0.47202640923629063
CE_PIECECOORDINATION:0.5652613054214867
CE_MATERIAL:0.48404039103927243
CE_KINGSAFETY:0.49486940618567005
C_PIECESQUARETABLES:0.4961066591012484
C_MOBILITY:0.5195830325140476
C_KINGSAFETY:0.4703607014186047
C_PAWNSTRUCTURE:0.5437761527857404
C_PIECECOORDINATION:0.5068393326816641
C_ROOK:0.4894580924430104
CE_ROOK:0.49515398404936256
C_CENTERCONTROL:0.5084241295439704
C_DEVELOPPIECES:0.4827698311242384
C_MATERIAL:0.45819167556349893
C_MOVECOUNT:0.46045441767751094
C_PAWNMOVEMENT:0.49246932618279304
