ELO:1000
CE_PASSEDPAWNS:0.5437735373585313
CE_PAWNWEAKNESSES:0.49144767455451555
CE_PIECEACTIVITY:0.5060584077554139
CE_KINGPAWNSHIELD:0.4917143229340483
CE_PIECECOORDINATION:0.5199453530833066
CE_MATERIAL:0.48835984892214857
CE_KINGSAFETY:0.4755897160798437
C_PIECESQUARETABLES:0.46462042112645185
C_MOBILITY:0.49095771663899684
C_KINGSAFETY:0.5098278607690896
C_PAWNSTRUCTURE:0.5001997787606778
C_PIECECOORDINATION:0.5565856665649468
C_ROOKANDPAWNMOVEMENT:0.5565856665649468
C_CENTERCONTROL:0.5030172894514756
C_DEVELOPPIECES:0.48720124249071445
C_MATERIAL:0.5078995007475979
