ELO:967
CE_PASSEDPAWNS:0.49846626073337436
CE_PAWNWEAKNESSES:0.5036432463049818
CE_PIECEACTIVITY:0.4315174056042562
CE_KINGPAWNSHIELD:0.5018964555622304
CE_PIECECOORDINATION:0.4946902206637202
CE_MATERIAL:0.47942231565300375
CE_KINGSAFETY:0.5
C_PIECESQUARETABLES:0.49598605079851166
C_MOBILITY:0.4724683634288345
C_KINGSAFETY:0.5341084379840678
C_PAWNSTRUCTURE:0.5041511092947907
C_PIECECOORDINATION:0.5102192620787969
C_ROOKANDPAWNMOVEMENT:0.5102192620787969
C_CENTERCONTROL:0.5260389880695284
C_DEVELOPPIECES:0.467851394839735
C_MATERIAL:0.5059580158898671
C_MOVECOUNT:0.5
