ELO:1000
CE_PASSEDPAWNS:0.4819243279679687
CE_PAWNWEAKNESSES:0.5634711794829447
CE_PIECEACTIVITY:0.5494253884210573
CE_KINGPAWNSHIELD:0.5187863728633617
CE_PIECECOORDINATION:0.4787386879397142
CE_MATERIAL:0.4575769209555589
CE_KINGSAFETY:0.49515423933960434
C_PIECESQUARETABLES:0.5
C_MOBILITY:0.5273504635799756
C_KINGSAFETY:0.5303107224490758
C_PAWNSTRUCTURE:0.5005027633908992
C_PIECECOORDINATION:0.49660540065359476
C_ROOKANDPAWNMOVEMENT:0.49660540065359476
C_CENTERCONTROL:0.4985812130767758
C_DEVELOPPIECES:0.5325336666228088
C_MATERIAL:0.4707444302441346
