ELO:1012
CE_PASSEDPAWNS:0.5
CE_PAWNWEAKNESSES:0.49965880280682606
CE_PIECEACTIVITY:0.497696441238799
CE_KINGPAWNSHIELD:0.5007293698804464
CE_PIECECOORDINATION:0.5
CE_MATERIAL:0.5
CE_KINGSAFETY:0.49481498182436273
C_PIECESQUARETABLES:0.5
C_MOBILITY:0.5
C_KINGSAFETY:0.5
C_PAWNSTRUCTURE:0.5
C_PIECECOORDINATION:0.5
C_ROOKANDPAWNMOVEMENT:0.5
C_CENTERCONTROL:0.5
C_DEVELOPPIECES:0.5
C_MATERIAL:0.5093692559880184
C_MOVECOUNT:0.49437542752978614
