ELO:958
CE_PASSEDPAWNS:0.4660847602369217
CE_PAWNWEAKNESSES:0.4757260450051704
CE_PIECEACTIVITY:0.4890706995244201
CE_KINGPAWNSHIELD:0.4904992149850111
CE_PIECECOORDINATION:0.5810035978874946
CE_MATERIAL:0.5656524723550018
CE_KINGSAFETY:0.46705697208398833
C_PIECESQUARETABLES:0.4871470044414709
C_MOBILITY:0.535241227843806
C_KINGSAFETY:0.476285442060557
C_PAWNSTRUCTURE:0.47248058862562736
C_PIECECOORDINATION:0.49886795650912114
C_ROOKANDPAWNMOVEMENT:0.49886795650912114
C_CENTERCONTROL:0.5007816383331524
C_DEVELOPPIECES:0.5054018034549854
C_MATERIAL:0.5070357647086773
