ELO:989
CE_PASSEDPAWNS:0.45988004516546754
CE_PAWNWEAKNESSES:0.4750354767957558
CE_PIECEACTIVITY:0.5005385430949656
CE_KINGPAWNSHIELD:0.48733889684251647
CE_PIECECOORDINATION:0.4977081295468796
CE_MATERIAL:0.47054461466129316
CE_KINGSAFETY:0.5
C_PIECESQUARETABLES:0.5
C_MOBILITY:0.5675540359712444
C_KINGSAFETY:0.5
C_PAWNSTRUCTURE:0.5153839041096274
C_PIECECOORDINATION:0.4726140488259926
C_ROOKANDPAWNMOVEMENT:0.4726140488259926
C_CENTERCONTROL:0.44788069469553177
C_DEVELOPPIECES:0.5060252939587176
C_MATERIAL:0.5428648742572767
C_MOVECOUNT:0.5
