ELO:988
CE_PASSEDPAWNS:0.5918044626576778
CE_PAWNWEAKNESSES:0.4808733047648271
CE_PIECEACTIVITY:0.47798476635306136
CE_KINGPAWNSHIELD:0.5500476027773297
CE_PIECECOORDINATION:0.5531706007635608
CE_MATERIAL:0.48895310883651866
CE_KINGSAFETY:0.4956551381694738
C_PIECESQUARETABLES:0.5559056565216622
C_MOBILITY:0.5262411408631228
C_KINGSAFETY:0.5271260302781504
C_PAWNSTRUCTURE:0.5053291453863556
C_PIECECOORDINATION:0.5646249647851265
C_ROOKANDPAWNMOVEMENT:0.5646249647851265
C_CENTERCONTROL:0.5062295914474227
C_DEVELOPPIECES:0.5751692303870681
C_MATERIAL:0.4614441491877484
