ELO:1090
CE_PASSEDPAWNS:0.49522989190226696
CE_PAWNWEAKNESSES:0.5048028397685468
CE_PIECEACTIVITY:0.5581693132593651
CE_KINGPAWNSHIELD:0.5
CE_PIECECOORDINATION:0.5095072935218928
CE_MATERIAL:0.5376942071714466
CE_KINGSAFETY:0.5
C_PIECESQUARETABLES:0.5
C_MOBILITY:0.49611453511893305
C_KINGSAFETY:0.5368657758117246
C_PAWNSTRUCTURE:0.512584648412638
C_PIECECOORDINATION:0.4478202544938807
C_ROOKANDPAWNMOVEMENT:0.4478202544938807
C_CENTERCONTROL:0.6058544561749843
C_DEVELOPPIECES:0.47991129559973267
C_MATERIAL:0.49354454768949635
C_MOVECOUNT:0.5
