ELO:987
CE_PASSEDPAWNS:0.5753806079189494
CE_PAWNWEAKNESSES:0.48023992748095945
CE_PIECEACTIVITY:0.47798476635306136
CE_KINGPAWNSHIELD:0.550083118745357
CE_PIECECOORDINATION:0.5394260725138733
CE_MATERIAL:0.4897969336438433
CE_KINGSAFETY:0.4956551381694738
C_PIECESQUARETABLES:0.5559056565216622
C_MOBILITY:0.533116050979595
C_KINGSAFETY:0.5437871917491848
C_PAWNSTRUCTURE:0.5053291453863556
C_PIECECOORDINATION:0.568609494098394
C_ROOKANDPAWNMOVEMENT:0.568609494098394
C_CENTERCONTROL:0.49692780888616933
C_DEVELOPPIECES:0.5751692303870681
C_MATERIAL:0.45609431990244653
