ELO:985
CE_PASSEDPAWNS:0.5113334919843036
CE_PAWNWEAKNESSES:0.49665340021419335
CE_PIECEACTIVITY:0.5
CE_KINGPAWNSHIELD:0.48999509536278696
CE_PIECECOORDINATION:0.4928679761926026
CE_MATERIAL:0.5144783155601611
CE_KINGSAFETY:0.5137409260842292
C_PIECESQUARETABLES:0.48874172800998417
C_MOBILITY:0.5076515954727723
C_KINGSAFETY:0.502203064863907
C_PAWNSTRUCTURE:0.5088533724924084
C_PIECECOORDINATION:0.4989151455705446
C_ROOK:0.5060576041331527
CE_ROOK:0.47816003085564396
C_CENTERCONTROL:0.5185421998974392
C_DEVELOPPIECES:0.5256060588378973
C_MATERIAL:0.4767270145124874
C_MOVECOUNT:0.4944817357665485
C_PAWNMOVEMENT:0.4780020040685577
