ELO:1001
CE_PASSEDPAWNS:0.5088805622275672
CE_PAWNWEAKNESSES:0.4933087059170329
CE_PIECEACTIVITY:0.5077633428570446
CE_KINGPAWNSHIELD:0.5022988077353194
CE_PIECECOORDINATION:0.5
CE_MATERIAL:0.5115395960455105
CE_KINGSAFETY:0.5047727655235049
C_PIECESQUARETABLES:0.5053685405983906
C_MOBILITY:0.4918587922130017
C_KINGSAFETY:0.5100976361969484
C_PAWNSTRUCTURE:0.5001448635497001
C_PIECECOORDINATION:0.505568048288003
C_ROOKANDPAWNMOVEMENT:0.505568048288003
C_CENTERCONTROL:0.506734056407956
C_DEVELOPPIECES:0.4988385811646636
C_MATERIAL:0.49060888741330355
C_MOVECOUNT:0.5044477013165082
