ELO:1000
CE_PASSEDPAWNS:0.46582374737657445
CE_PAWNWEAKNESSES:0.5850743997795775
CE_PIECEACTIVITY:0.5588616877000985
CE_KINGPAWNSHIELD:0.5208857908136777
CE_PIECECOORDINATION:0.46365848126366593
CE_MATERIAL:0.46667651543567257
CE_KINGSAFETY:0.5027109669215408
C_PIECESQUARETABLES:0.4956322903481512
C_MOBILITY:0.5656774069318677
C_KINGSAFETY:0.5278231487835683
C_PAWNSTRUCTURE:0.5005027633908992
C_PIECECOORDINATION:0.497899922933835
C_ROOKANDPAWNMOVEMENT:0.497899922933835
C_CENTERCONTROL:0.49912324795476887
C_DEVELOPPIECES:0.5569943448188448
C_MATERIAL:0.48905195072483904
