ELO:957
CE_PASSEDPAWNS:0.504437826506696
CE_PAWNWEAKNESSES:0.48735630006562336
CE_PIECEACTIVITY:0.5140951626628013
CE_KINGPAWNSHIELD:0.515855518868933
CE_PIECECOORDINATION:0.5
CE_MATERIAL:0.5204594450912364
CE_KINGSAFETY:0.5
C_PIECESQUARETABLES:0.5
C_MOBILITY:0.5177846615759955
C_KINGSAFETY:0.47743014367677034
C_PAWNSTRUCTURE:0.491719756963686
C_PIECECOORDINATION:0.5002844146447915
C_ROOKANDPAWNMOVEMENT:0.5002844146447915
C_CENTERCONTROL:0.507018363636225
C_DEVELOPPIECES:0.4552547570519362
C_MATERIAL:0.48926081613991
C_MOVECOUNT:0.511535141408722
