ELO:631
CE_PASSEDPAWNS:0.4562109677021079
CE_PAWNWEAKNESSES:0.562296395347099
CE_PIECEACTIVITY:0.44955553861315223
CE_KINGPAWNSHIELD:0.37175825973159754
CE_PIECECOORDINATION:0.5086073936756532
CE_MATERIAL:0.5137832384931188
CE_KINGSAFETY:0.5
C_PIECESQUARETABLES:0.5025835101685775
C_MOBILITY:0.4310571057356124
C_KINGSAFETY:0.38623693244240304
C_PAWNSTRUCTURE:0.6127578307267939
C_PIECECOORDINATION:0.5810840368510657
C_ROOKANDPAWNMOVEMENT:0.5810840368510657
C_CENTERCONTROL:0.44459014833620464
C_DEVELOPPIECES:0.5014587919679354
C_MATERIAL:0.4317071402372874
C_MOVECOUNT:0.5
