ELO:944
CE_PASSEDPAWNS:0.4776621769641384
CE_PAWNWEAKNESSES:0.5138922653700772
CE_PIECEACTIVITY:0.4990760511557874
CE_KINGPAWNSHIELD:0.45821401919058996
CE_PIECECOORDINATION:0.4994548884298968
CE_MATERIAL:0.5097210594332382
CE_KINGSAFETY:0.4903994001655403
C_PIECESQUARETABLES:0.48137372070017254
C_MOBILITY:0.5128625054302899
C_KINGSAFETY:0.5046914060980253
C_PAWNSTRUCTURE:0.4852764182082073
C_PIECECOORDINATION:0.5136463104050368
C_ROOKANDPAWNMOVEMENT:0.5136463104050368
C_CENTERCONTROL:0.5031673277791652
C_DEVELOPPIECES:0.5279270861227529
C_MATERIAL:0.4788878232682724
C_MOVECOUNT:0.5306488019474263
