ELO:1000
CE_PASSEDPAWNS:0.5163341192780971
CE_PAWNWEAKNESSES:0.5133652943229289
CE_PIECEACTIVITY:0.5011144551840468
CE_KINGPAWNSHIELD:0.4910838490814448
CE_PIECECOORDINATION:0.5089006769216889
CE_MATERIAL:0.47912107209892624
CE_KINGSAFETY:0.4922947222562377
C_PIECESQUARETABLES:0.5022042976870565
C_MOBILITY:0.46946464331103593
C_KINGSAFETY:0.5084012775507233
C_PAWNSTRUCTURE:0.4685747504412642
C_PIECECOORDINATION:0.48236683744595465
C_ROOKANDPAWNMOVEMENT:0.48236683744595465
C_CENTERCONTROL:0.5012199893498293
C_DEVELOPPIECES:0.4859602550737344
C_MATERIAL:0.5116796926361384
