ELO:946
CE_PASSEDPAWNS:0.5217820166303507
CE_PAWNWEAKNESSES:0.5212849683693139
CE_PIECEACTIVITY:0.5180807431817307
CE_KINGPAWNSHIELD:0.6160021502995539
CE_PIECECOORDINATION:0.5518673411567451
CE_MATERIAL:0.4669313093241135
CE_KINGSAFETY:0.5178160231568358
C_PIECESQUARETABLES:0.5079063835121467
C_MOBILITY:0.3893161355129387
C_KINGSAFETY:0.49111690525229734
C_PAWNSTRUCTURE:0.39378780532650004
C_PIECECOORDINATION:0.5387851189630506
C_ROOKANDPAWNMOVEMENT:0.5387851189630506
C_CENTERCONTROL:0.5328304299310879
C_DEVELOPPIECES:0.43991270030391344
C_MATERIAL:0.4743592329253793
