ELO:689
CE_PASSEDPAWNS:0.45953331375385836
CE_PAWNWEAKNESSES:0.5117191731334321
CE_PIECEACTIVITY:0.44134732459185855
CE_KINGPAWNSHIELD:0.3626883967586166
CE_PIECECOORDINATION:0.4952027046044077
CE_MATERIAL:0.49374318906063003
CE_KINGSAFETY:0.51241210956481
C_PIECESQUARETABLES:0.5096236207020999
C_MOBILITY:0.4382401409443531
C_KINGSAFETY:0.4028060142339628
C_PAWNSTRUCTURE:0.6010276577764919
C_PIECECOORDINATION:0.586220633057672
C_ROOKANDPAWNMOVEMENT:0.586220633057672
C_CENTERCONTROL:0.42826145085367734
C_DEVELOPPIECES:0.5028777606376625
C_MATERIAL:0.4576359013546934
C_MOVECOUNT:0.49738284507007546
