ELO:999
CE_PASSEDPAWNS:0.4590001119169899
CE_PAWNWEAKNESSES:0.5410702932259521
CE_PIECEACTIVITY:0.47523901630741994
CE_KINGPAWNSHIELD:0.5231614869843012
CE_PIECECOORDINATION:0.4768298419390608
CE_MATERIAL:0.45382058260754704
CE_KINGSAFETY:0.492160446194425
C_PIECESQUARETABLES:0.5038349353282844
C_MOBILITY:0.4279470051204125
C_KINGSAFETY:0.5447248769218286
C_PAWNSTRUCTURE:0.46903346406043744
C_PIECECOORDINATION:0.4490879677310649
C_ROOKANDPAWNMOVEMENT:0.4490879677310649
C_CENTERCONTROL:0.5102628613721628
C_DEVELOPPIECES:0.504859519027483
C_MATERIAL:0.49933050907710197
