ELO:995
CE_PASSEDPAWNS:0.4953816283429828
CE_PAWNWEAKNESSES:0.5607592955725454
CE_PIECEACTIVITY:0.557710532034662
CE_KINGPAWNSHIELD:0.5702106098597249
CE_PIECECOORDINATION:0.5025232775172173
CE_MATERIAL:0.4603577774198705
CE_KINGSAFETY:0.443895388827336
C_PIECESQUARETABLES:0.5005330440386796
C_MOBILITY:0.4264889717331266
C_KINGSAFETY:0.479951897917333
C_PAWNSTRUCTURE:0.3970984116689127
C_PIECECOORDINATION:0.5108027333839515
C_ROOKANDPAWNMOVEMENT:0.5108027333839515
C_CENTERCONTROL:0.520813280151251
C_DEVELOPPIECES:0.401158756977351
C_MATERIAL:0.5079004837472569
