ELO:984
CE_PASSEDPAWNS:0.4985687226735928
CE_PAWNWEAKNESSES:0.5124709055351061
CE_PIECEACTIVITY:0.5
CE_KINGPAWNSHIELD:0.5004212441186278
CE_PIECECOORDINATION:0.5
CE_MATERIAL:0.49994897367637214
CE_KINGSAFETY:0.4969226573409533
C_PIECESQUARETABLES:0.49458532017717055
C_MOBILITY:0.5127921030689695
C_KINGSAFETY:0.503954821023417
C_PAWNSTRUCTURE:0.4992497489156858
C_PIECECOORDINATION:0.49875303311849184
C_ROOKANDPAWNMOVEMENT:0.49875303311849184
C_CENTERCONTROL:0.5122094083347636
C_DEVELOPPIECES:0.4621228581806719
C_MATERIAL:0.49691076283550073
C_MOVECOUNT:0.5086873149640861
