ELO:785
CE_PASSEDPAWNS:0.46288902231103934
CE_PAWNWEAKNESSES:0.550812472259037
CE_PIECEACTIVITY:0.5075587602007587
CE_KINGPAWNSHIELD:0.44941338459614577
CE_PIECECOORDINATION:0.4726041988412052
CE_MATERIAL:0.496557085291007
CE_KINGSAFETY:0.4914903046215154
C_PIECESQUARETABLES:0.5436617108468139
C_MOBILITY:0.3981151753027215
C_KINGSAFETY:0.3777070075429061
C_PAWNSTRUCTURE:0.5899754166283577
C_PIECECOORDINATION:0.5423221136011953
C_ROOKANDPAWNMOVEMENT:0.5423221136011953
C_CENTERCONTROL:0.44861280232786255
C_DEVELOPPIECES:0.49960043950702715
C_MATERIAL:0.42667695091381397
C_MOVECOUNT:0.5
