ELO:850
CE_PASSEDPAWNS:0.5161644618520221
CE_PAWNWEAKNESSES:0.5495249203018931
CE_PIECEACTIVITY:0.45509206040823247
CE_KINGPAWNSHIELD:0.4629318522435642
CE_PIECECOORDINATION:0.4750527195879285
CE_MATERIAL:0.48692764119974735
CE_KINGSAFETY:0.5337621721574368
C_PIECESQUARETABLES:0.4629576308312279
C_MOBILITY:0.5224679185023383
C_KINGSAFETY:0.47117835905936006
C_PAWNSTRUCTURE:0.48988129126348784
C_PIECECOORDINATION:0.5129221386527525
C_ROOKANDPAWNMOVEMENT:0.5129221386527525
C_CENTERCONTROL:0.5376947776074833
C_DEVELOPPIECES:0.4804740593046696
C_MATERIAL:0.5305327764356719
C_MOVECOUNT:0.5
