ELO:940
CE_PASSEDPAWNS:0.47796243087119406
CE_PAWNWEAKNESSES:0.43473515051735306
CE_PIECEACTIVITY:0.5069546728359509
CE_KINGPAWNSHIELD:0.5115392654479408
CE_PIECECOORDINATION:0.5065957693926356
CE_MATERIAL:0.4058924547338956
CE_KINGSAFETY:0.5025311063521518
C_PIECESQUARETABLES:0.49537829607275746
C_MOBILITY:0.5203965224615238
C_KINGSAFETY:0.4568743453168837
C_PAWNSTRUCTURE:0.46175426997213115
C_PIECECOORDINATION:0.6440758351839232
C_ROOKANDPAWNMOVEMENT:0.6440758351839232
C_CENTERCONTROL:0.5043045495276753
C_DEVELOPPIECES:0.5148152666985514
C_MATERIAL:0.4812963114739173
