ELO:890
CE_PASSEDPAWNS:0.5530948231100529
CE_PAWNWEAKNESSES:0.4826727367776796
CE_PIECEACTIVITY:0.4926996878059748
CE_KINGPAWNSHIELD:0.5200276429390769
CE_PIECECOORDINATION:0.49530096014927977
CE_MATERIAL:0.5116446428955306
CE_KINGSAFETY:0.5187969928781317
C_PIECESQUARETABLES:0.4811695470903896
C_MOBILITY:0.5150293996754448
C_KINGSAFETY:0.5276537885351908
C_PAWNSTRUCTURE:0.47952600856021127
C_PIECECOORDINATION:0.5004705739582798
C_ROOKANDPAWNMOVEMENT:0.5004705739582798
C_CENTERCONTROL:0.48315193651616684
C_DEVELOPPIECES:0.5046310135957713
C_MATERIAL:0.5627965755356156
C_MOVECOUNT:0.5
