ELO:970
CE_PASSEDPAWNS:0.4747907104815466
CE_PAWNWEAKNESSES:0.5113480474453569
CE_PIECEACTIVITY:0.49623663261624196
CE_KINGPAWNSHIELD:0.4846161558264746
CE_PIECECOORDINATION:0.5061747396558592
CE_MATERIAL:0.48924858870042826
CE_KINGSAFETY:0.4903994001655403
C_PIECESQUARETABLES:0.48521893277752876
C_MOBILITY:0.488470873645478
C_KINGSAFETY:0.5029357384088299
C_PAWNSTRUCTURE:0.49612735984035977
C_PIECECOORDINATION:0.4910281758430571
C_ROOKANDPAWNMOVEMENT:0.4910281758430571
C_CENTERCONTROL:0.49872264755661544
C_DEVELOPPIECES:0.5089597915755439
C_MATERIAL:0.48999144596244876
C_MOVECOUNT:0.5201653597415586
