ELO:970
CE_PASSEDPAWNS:0.4835155115365568
CE_PAWNWEAKNESSES:0.5083920490210925
CE_PIECEACTIVITY:0.5
CE_KINGPAWNSHIELD:0.5216667027424898
CE_PIECECOORDINATION:0.4897950452975926
CE_MATERIAL:0.513513255169399
CE_KINGSAFETY:0.5094070303733512
C_PIECESQUARETABLES:0.5058339423537057
C_MOBILITY:0.5118267693635352
C_KINGSAFETY:0.48501789900470527
C_PAWNSTRUCTURE:0.4822126196160142
C_PIECECOORDINATION:0.4928446390906004
C_ROOKANDPAWNMOVEMENT:0.4928446390906004
C_CENTERCONTROL:0.48405858569713034
C_DEVELOPPIECES:0.48550432379418246
C_MATERIAL:0.498557385633233
