ELO:683
CE_PASSEDPAWNS:0.4540044412783645
CE_PAWNWEAKNESSES:0.5612134815407421
CE_PIECEACTIVITY:0.5185917548854931
CE_KINGPAWNSHIELD:0.4080725885232662
CE_PIECECOORDINATION:0.5438563217187753
CE_MATERIAL:0.5023755306005631
CE_KINGSAFETY:0.5150976623209325
C_PIECESQUARETABLES:0.5597141590582216
C_MOBILITY:0.4217349704987049
C_KINGSAFETY:0.3941644606700635
C_PAWNSTRUCTURE:0.6162195010566683
C_PIECECOORDINATION:0.5663688537711368
C_ROOKANDPAWNMOVEMENT:0.5663688537711368
C_CENTERCONTROL:0.46424244279004934
C_DEVELOPPIECES:0.4883955401385573
C_MATERIAL:0.41295791779452923
C_MOVECOUNT:0.5
