ELO:988
CE_PASSEDPAWNS:0.5
CE_PAWNWEAKNESSES:0.5
CE_PIECEACTIVITY:0.5
CE_KINGPAWNSHIELD:0.5
CE_PIECECOORDINATION:0.508197604737882
CE_MATERIAL:0.49970805143407643
CE_KINGSAFETY:0.5
C_PIECESQUARETABLES:0.49236107160687875
C_MOBILITY:0.5
C_KINGSAFETY:0.5
C_PAWNSTRUCTURE:0.49470326447809243
C_PIECECOORDINATION:0.488229200716983
C_ROOKANDPAWNMOVEMENT:0.488229200716983
C_CENTERCONTROL:0.4987206030192969
C_DEVELOPPIECES:0.49763376751503413
C_MATERIAL:0.5
C_MOVECOUNT:0.5
