ELO:1000
CE_PASSEDPAWNS:0.5109074873625549
CE_PAWNWEAKNESSES:0.5268516099819904
CE_PIECEACTIVITY:0.5801041056550899
CE_KINGPAWNSHIELD:0.5614808599578952
CE_PIECECOORDINATION:0.48502434839561054
CE_MATERIAL:0.4888345600267456
CE_KINGSAFETY:0.44638595781567764
C_PIECESQUARETABLES:0.4758789430255361
C_MOBILITY:0.4348997485842159
C_KINGSAFETY:0.49555533263870155
C_PAWNSTRUCTURE:0.4612327655732945
C_PIECECOORDINATION:0.5241018888310273
C_ROOKANDPAWNMOVEMENT:0.5241018888310273
C_CENTERCONTROL:0.5267700032096911
C_DEVELOPPIECES:0.4109748914405553
C_MATERIAL:0.497983088479493
