ELO:987
CE_PASSEDPAWNS:0.4821746985443642
CE_PAWNWEAKNESSES:0.48910655068358533
CE_PIECEACTIVITY:0.4827837958429118
CE_KINGPAWNSHIELD:0.49678887794828974
CE_PIECECOORDINATION:0.49717155669860036
CE_MATERIAL:0.49891087495205655
CE_KINGSAFETY:0.48866243061749554
C_PIECESQUARETABLES:0.5182944992760372
C_MOBILITY:0.5048642003611461
C_KINGSAFETY:0.5132675537765665
C_PAWNSTRUCTURE:0.4884700043285653
C_PIECECOORDINATION:0.5008166405254172
C_ROOK:0.5049177171507532
CE_ROOK:0.5006284052690213
C_CENTERCONTROL:0.48233485853960467
C_DEVELOPPIECES:0.4906144098029014
C_MATERIAL:0.5138582187308282
C_MOVECOUNT:0.5141496515533917
C_PAWNMOVEMENT:0.4901246109930313
