ELO:986
CE_PASSEDPAWNS:0.504620632155977
CE_PAWNWEAKNESSES:0.5
CE_PIECEACTIVITY:0.5091658694739015
CE_KINGPAWNSHIELD:0.5192921296163558
CE_PIECECOORDINATION:0.4994330686626701
CE_MATERIAL:0.49970805143407643
CE_KINGSAFETY:0.49671145991449833
C_PIECESQUARETABLES:0.48091462222204506
C_MOBILITY:0.49456049972311783
C_KINGSAFETY:0.5086686559830514
C_PAWNSTRUCTURE:0.49470326447809243
C_PIECECOORDINATION:0.488229200716983
C_ROOKANDPAWNMOVEMENT:0.488229200716983
C_CENTERCONTROL:0.47775841675753117
C_DEVELOPPIECES:0.49763376751503413
C_MATERIAL:0.5076386868560216
C_MOVECOUNT:0.5
