ELO:855
CE_PASSEDPAWNS:0.52437029289175
CE_PAWNWEAKNESSES:0.533257266274448
CE_PIECEACTIVITY:0.4975807594572421
CE_KINGPAWNSHIELD:0.5444412878197743
CE_PIECECOORDINATION:0.5021340834232144
CE_MATERIAL:0.5133134673132637
CE_KINGSAFETY:0.5293012400773737
C_PIECESQUARETABLES:0.4978437252103192
C_MOBILITY:0.5522981845227465
C_KINGSAFETY:0.4638949043088325
C_PAWNSTRUCTURE:0.5764754511638136
C_PIECECOORDINATION:0.47383786970895775
C_ROOKANDPAWNMOVEMENT:0.47383786970895775
C_CENTERCONTROL:0.5427919874451669
C_DEVELOPPIECES:0.4650638779511546
C_MATERIAL:0.5084083529967711
C_MOVECOUNT:0.4691051042926431
