ELO:891
CE_PASSEDPAWNS:0.48776577737119103
CE_PAWNWEAKNESSES:0.5654388941673721
CE_PIECEACTIVITY:0.4738688345517186
CE_KINGPAWNSHIELD:0.466365898231633
CE_PIECECOORDINATION:0.4925175472505014
CE_MATERIAL:0.4738736962615259
CE_KINGSAFETY:0.4829732588788864
C_PIECESQUARETABLES:0.5224726008178391
C_MOBILITY:0.5389489767292474
C_KINGSAFETY:0.4860028493005068
C_PAWNSTRUCTURE:0.5057962662497787
C_PIECECOORDINATION:0.46513488570271405
C_ROOK:0.5209630694093219
CE_ROOK:0.561802929847474
C_CENTERCONTROL:0.45689451611952026
C_DEVELOPPIECES:0.500061242051927
C_MATERIAL:0.5112797671642478
C_MOVECOUNT:0.49521012966040123
C_PAWNMOVEMENT:0.494089154875298
