ELO:912
CE_PASSEDPAWNS:0.47705718364091676
CE_PAWNWEAKNESSES:0.5679922503337212
CE_PIECEACTIVITY:0.46490765817230056
CE_KINGPAWNSHIELD:0.466365898231633
CE_PIECECOORDINATION:0.48515207703420943
CE_MATERIAL:0.47525320268944143
CE_KINGSAFETY:0.4829732588788864
C_PIECESQUARETABLES:0.5224726008178391
C_MOBILITY:0.5389489767292474
C_KINGSAFETY:0.4850432930226112
C_PAWNSTRUCTURE:0.5133813522085794
C_PIECECOORDINATION:0.46513488570271405
C_ROOK:0.5209630694093219
CE_ROOK:0.5767762375159868
C_CENTERCONTROL:0.44969712217002167
C_DEVELOPPIECES:0.4834131739404641
C_MATERIAL:0.5147111070539678
C_MOVECOUNT:0.5048870689385442
C_PAWNMOVEMENT:0.494089154875298
