ELO:935
CE_PASSEDPAWNS:0.5227469142052225
CE_PAWNWEAKNESSES:0.4697109580051945
CE_PIECEACTIVITY:0.4783045985405056
CE_KINGPAWNSHIELD:0.5277012172326534
CE_PIECECOORDINATION:0.5227211641851386
CE_MATERIAL:0.47691037654712054
CE_KINGSAFETY:0.4766601668742399
C_PIECESQUARETABLES:0.535451197643258
C_MOBILITY:0.4854430232504551
C_KINGSAFETY:0.4896985628624038
C_PAWNSTRUCTURE:0.4750577029464142
C_PIECECOORDINATION:0.48707796697332023
C_ROOKANDPAWNMOVEMENT:0.48707796697332023
C_CENTERCONTROL:0.4737589172410807
C_DEVELOPPIECES:0.5013774069804425
C_MATERIAL:0.44365058712808125
C_MOVECOUNT:0.5
