ELO:900
CE_PASSEDPAWNS:0.4949035854802586
CE_PAWNWEAKNESSES:0.5171861863306183
CE_PIECEACTIVITY:0.48784987974314387
CE_KINGPAWNSHIELD:0.5747108808388425
CE_PIECECOORDINATION:0.5136704007312863
CE_MATERIAL:0.5153213178580003
CE_KINGSAFETY:0.5499338440019875
C_PIECESQUARETABLES:0.5412011930954317
C_MOBILITY:0.5864762459693277
C_KINGSAFETY:0.45232217415317516
C_PAWNSTRUCTURE:0.5645551795786643
C_PIECECOORDINATION:0.49030319729076377
C_ROOKANDPAWNMOVEMENT:0.49030319729076377
C_CENTERCONTROL:0.5007134570241618
C_DEVELOPPIECES:0.4920545725750172
C_MATERIAL:0.49982237476438673
C_MOVECOUNT:0.49401274754051444
