ELO:909
CE_PASSEDPAWNS:0.4717745474804376
CE_PAWNWEAKNESSES:0.4512943726508177
CE_PIECEACTIVITY:0.4941681923586832
CE_KINGPAWNSHIELD:0.4873676889085808
CE_PIECECOORDINATION:0.43836700928988726
CE_MATERIAL:0.41598433958204784
CE_KINGSAFETY:0.5199272530451013
C_PIECESQUARETABLES:0.5297241042862166
C_MOBILITY:0.51687076145105
C_KINGSAFETY:0.4370911390002774
C_PAWNSTRUCTURE:0.5046094411373393
C_PIECECOORDINATION:0.6287532655301092
C_ROOKANDPAWNMOVEMENT:0.6287532655301092
C_CENTERCONTROL:0.501385070143164
C_DEVELOPPIECES:0.5000358039064261
C_MATERIAL:0.5217429130883502
