ELO:934
CE_PASSEDPAWNS:0.5217820166303507
CE_PAWNWEAKNESSES:0.5234523169173363
CE_PIECEACTIVITY:0.5057593498949479
CE_KINGPAWNSHIELD:0.6261745568626531
CE_PIECECOORDINATION:0.5518673411567451
CE_MATERIAL:0.46784890448920396
CE_KINGSAFETY:0.5140526513866981
C_PIECESQUARETABLES:0.5079063835121467
C_MOBILITY:0.3893161355129387
C_KINGSAFETY:0.49111690525229734
C_PAWNSTRUCTURE:0.39378780532650004
C_PIECECOORDINATION:0.5387851189630506
C_ROOKANDPAWNMOVEMENT:0.5387851189630506
C_CENTERCONTROL:0.5328304299310879
C_DEVELOPPIECES:0.43443711468712987
C_MATERIAL:0.4743592329253793
