ELO:812
CE_PASSEDPAWNS:0.5655204820370632
CE_PAWNWEAKNESSES:0.4429632859221092
CE_PIECEACTIVITY:0.40352120173360856
CE_KINGPAWNSHIELD:0.49673963506630353
CE_PIECECOORDINATION:0.48129417777872463
CE_MATERIAL:0.49959672419279993
CE_KINGSAFETY:0.45356290577175884
C_PIECESQUARETABLES:0.449116131613615
C_MOBILITY:0.42795539962230666
C_KINGSAFETY:0.5085392041418481
C_PAWNSTRUCTURE:0.4139605813856641
C_PIECECOORDINATION:0.4241186650279649
C_ROOKANDPAWNMOVEMENT:0.4241186650279649
C_CENTERCONTROL:0.632593233105575
C_DEVELOPPIECES:0.5269955565269562
C_MATERIAL:0.4537127836079581
