ELO:909
CE_PASSEDPAWNS:0.4652513715463736
CE_PAWNWEAKNESSES:0.4512943726508177
CE_PIECEACTIVITY:0.4988410486721148
CE_KINGPAWNSHIELD:0.5032368625009587
CE_PIECECOORDINATION:0.424445088867401
CE_MATERIAL:0.42291732022374723
CE_KINGSAFETY:0.5133875993899819
C_PIECESQUARETABLES:0.5297241042862166
C_MOBILITY:0.49751597361500144
C_KINGSAFETY:0.4126043103929145
C_PAWNSTRUCTURE:0.4947502785749054
C_PIECECOORDINATION:0.6417342779419914
C_ROOKANDPAWNMOVEMENT:0.6417342779419914
C_CENTERCONTROL:0.4813019790830837
C_DEVELOPPIECES:0.4908224507775675
C_MATERIAL:0.5268933959386171
