ELO:921
CE_PASSEDPAWNS:0.504656597429425
CE_PAWNWEAKNESSES:0.49289198524942657
CE_PIECEACTIVITY:0.47355855323687784
CE_KINGPAWNSHIELD:0.6190378979337131
CE_PIECECOORDINATION:0.48689469376560296
CE_MATERIAL:0.5308838170797456
CE_KINGSAFETY:0.5689965496356459
C_PIECESQUARETABLES:0.5492836065535369
C_MOBILITY:0.5656450037321539
C_KINGSAFETY:0.46212826477344743
C_PAWNSTRUCTURE:0.5353408484670698
C_PIECECOORDINATION:0.48105454034171224
C_ROOKANDPAWNMOVEMENT:0.48105454034171224
C_CENTERCONTROL:0.49058428023639383
C_DEVELOPPIECES:0.4944661815754288
C_MATERIAL:0.5104954340133899
C_MOVECOUNT:0.5036747674569373
