ELO:996
CE_PASSEDPAWNS:0.4567020111534599
CE_PAWNWEAKNESSES:0.5575029080052192
CE_PIECEACTIVITY:0.4723837426149999
CE_KINGPAWNSHIELD:0.5173516848473239
CE_PIECECOORDINATION:0.46693969507052613
CE_MATERIAL:0.6010145061587352
CE_KINGSAFETY:0.499502110462923
C_PIECESQUARETABLES:0.5340354574890659
C_MOBILITY:0.5705183923555844
C_KINGSAFETY:0.5051142256326816
C_PAWNSTRUCTURE:0.46903346406043744
C_PIECECOORDINATION:0.4687242386501241
C_ROOKANDPAWNMOVEMENT:0.4687242386501241
C_CENTERCONTROL:0.5259557744513433
C_DEVELOPPIECES:0.4728557123816085
C_MATERIAL:0.49503992876188097
