ELO:999
CE_PASSEDPAWNS:0.4840109959249766
CE_PAWNWEAKNESSES:0.5
CE_PIECEACTIVITY:0.49796674607037
CE_KINGPAWNSHIELD:0.5015953443552402
CE_PIECECOORDINATION:0.4644591755844279
CE_MATERIAL:0.516125665117329
CE_KINGSAFETY:0.49687374095065756
C_PIECESQUARETABLES:0.5034629600800928
C_MOBILITY:0.5054460577506524
C_KINGSAFETY:0.49690653806116947
C_PAWNSTRUCTURE:0.5007373736103174
C_PIECECOORDINATION:0.5001770682888982
C_ROOK:0.5019702716426155
CE_ROOK:0.5014100976744765
C_CENTERCONTROL:0.49456303866188067
C_DEVELOPPIECES:0.4999748470522313
C_MATERIAL:0.5260482877520334
C_MOVECOUNT:0.5102540197836124
C_PAWNMOVEMENT:0.5014719307748451
