ELO:823
CE_PASSEDPAWNS:0.5834092214241376
CE_PAWNWEAKNESSES:0.4539419029193339
CE_PIECEACTIVITY:0.41166098973637777
CE_KINGPAWNSHIELD:0.4957819292040845
CE_PIECECOORDINATION:0.48823453779977616
CE_MATERIAL:0.5206203974076822
CE_KINGSAFETY:0.5014026460350041
C_PIECESQUARETABLES:0.5043880488718162
C_MOBILITY:0.42365044924180023
C_KINGSAFETY:0.5124892239279757
C_PAWNSTRUCTURE:0.42485117855471255
C_PIECECOORDINATION:0.4059317850563573
C_ROOKANDPAWNMOVEMENT:0.4059317850563573
C_CENTERCONTROL:0.6220020543614633
C_DEVELOPPIECES:0.5221367168126303
C_MATERIAL:0.4449237038011935
