ELO:834
CE_PASSEDPAWNS:0.5079616242903818
CE_PAWNWEAKNESSES:0.5662426256917547
CE_PIECEACTIVITY:0.4534442078716763
CE_KINGPAWNSHIELD:0.4878422222798816
CE_PIECECOORDINATION:0.45201124470659915
CE_MATERIAL:0.5217888678476271
CE_KINGSAFETY:0.5361057198943991
C_PIECESQUARETABLES:0.5158409309851193
C_MOBILITY:0.5345318271384645
C_KINGSAFETY:0.4448685401990029
C_PAWNSTRUCTURE:0.5227535020063876
C_PIECECOORDINATION:0.5237023531340985
C_ROOKANDPAWNMOVEMENT:0.5237023531340985
C_CENTERCONTROL:0.5623603893994584
C_DEVELOPPIECES:0.4483264184564486
C_MATERIAL:0.4566259661935367
C_MOVECOUNT:0.5
