ELO:988
CE_PASSEDPAWNS:0.38844009442504884
CE_PAWNWEAKNESSES:0.45120810159462416
CE_PIECEACTIVITY:0.5805153566919851
CE_KINGPAWNSHIELD:0.49752375501349944
CE_PIECECOORDINATION:0.6092782055877115
CE_MATERIAL:0.5188516830891595
CE_KINGSAFETY:0.5
C_PIECESQUARETABLES:0.507224796739523
C_MOBILITY:0.6106431556756368
C_KINGSAFETY:0.5712382300104915
C_PAWNSTRUCTURE:0.4692352147861653
C_PIECECOORDINATION:0.6135308168497035
C_ROOKANDPAWNMOVEMENT:0.6135308168497035
C_CENTERCONTROL:0.3628208528192532
C_DEVELOPPIECES:0.5541467792178347
C_MATERIAL:0.5950361735146176
