ELO:1006
CE_PASSEDPAWNS:0.4924846964093179
CE_PAWNWEAKNESSES:0.4859951877004072
CE_PIECEACTIVITY:0.5018488656546725
CE_KINGPAWNSHIELD:0.5
CE_PIECECOORDINATION:0.4872111735288159
CE_MATERIAL:0.5053245623471561
CE_KINGSAFETY:0.5
C_PIECESQUARETABLES:0.509183373875801
C_MOBILITY:0.4984525976414952
C_KINGSAFETY:0.48432816408990814
C_PAWNSTRUCTURE:0.4961904506596574
C_PIECECOORDINATION:0.5094919456237422
C_ROOKANDPAWNMOVEMENT:0.5094919456237422
C_CENTERCONTROL:0.4957185458749294
C_DEVELOPPIECES:0.48359686145021813
C_MATERIAL:0.496872305410749
C_MOVECOUNT:0.5061828639961614
