ELO:751
CE_PASSEDPAWNS:0.4463544428509796
CE_PAWNWEAKNESSES:0.552044975764158
CE_PIECEACTIVITY:0.45344241336982477
CE_KINGPAWNSHIELD:0.5127904847642242
CE_PIECECOORDINATION:0.47402068357111543
CE_MATERIAL:0.5522627476309612
CE_KINGSAFETY:0.5112000394722546
C_PIECESQUARETABLES:0.49005199461036164
C_MOBILITY:0.5704229608571373
C_KINGSAFETY:0.37247748473963554
C_PAWNSTRUCTURE:0.5813741669277671
C_PIECECOORDINATION:0.49317069705110145
C_ROOKANDPAWNMOVEMENT:0.49317069705110145
C_CENTERCONTROL:0.623601616058301
C_DEVELOPPIECES:0.4577830846676538
C_MATERIAL:0.4287855670721655
C_MOVECOUNT:0.5
