ELO:1000
CE_PASSEDPAWNS:0.5146085591421913
CE_PAWNWEAKNESSES:0.5052182975749537
CE_PIECEACTIVITY:0.5134217521147443
CE_KINGPAWNSHIELD:0.5106954377837364
CE_PIECECOORDINATION:0.5257077100636002
CE_MATERIAL:0.4460138107795079
CE_KINGSAFETY:0.5269614596088401
C_PIECESQUARETABLES:0.49653529652974265
C_MOBILITY:0.4497674254801812
C_KINGSAFETY:0.5001998507376226
C_PAWNSTRUCTURE:0.48049033445979605
C_PIECECOORDINATION:0.4717965371876756
C_ROOKANDPAWNMOVEMENT:0.4717965371876756
C_CENTERCONTROL:0.49406302374033034
C_DEVELOPPIECES:0.4979264615773626
C_MATERIAL:0.5083546080215217
