ELO:868
CE_PASSEDPAWNS:0.5485806360573138
CE_PAWNWEAKNESSES:0.5147828570398169
CE_PIECEACTIVITY:0.48743222949342135
CE_KINGPAWNSHIELD:0.49979747975342664
CE_PIECECOORDINATION:0.47072335684623495
CE_MATERIAL:0.5078883991656992
CE_KINGSAFETY:0.5116509265642061
C_PIECESQUARETABLES:0.4824483384220765
C_MOBILITY:0.5132990941098313
C_KINGSAFETY:0.4775769010284536
C_PAWNSTRUCTURE:0.4911571029389878
C_PIECECOORDINATION:0.5047221822630829
C_ROOKANDPAWNMOVEMENT:0.5047221822630829
C_CENTERCONTROL:0.5232108338964702
C_DEVELOPPIECES:0.47701174161404125
C_MATERIAL:0.5555700103999165
C_MOVECOUNT:0.5
