ELO:969
CE_PASSEDPAWNS:0.4286482562951153
CE_PAWNWEAKNESSES:0.47621654703887656
CE_PIECEACTIVITY:0.47895758763266594
CE_KINGPAWNSHIELD:0.4492847361328645
CE_PIECECOORDINATION:0.5158409534061823
CE_MATERIAL:0.4871606128023253
CE_KINGSAFETY:0.5
C_PIECESQUARETABLES:0.5
C_MOBILITY:0.48041008852278244
C_KINGSAFETY:0.49527636712596834
C_PAWNSTRUCTURE:0.45237136692755014
C_PIECECOORDINATION:0.5172293998619513
C_ROOK:0.5135167205222764
CE_ROOK:0.5166363473588294
C_CENTERCONTROL:0.5207811102654952
C_DEVELOPPIECES:0.5098217122119628
C_MATERIAL:0.522048261995465
C_MOVECOUNT:0.51793192002975
C_PAWNMOVEMENT:0.4890883096959666
