ELO:1000
CE_PASSEDPAWNS:0.5
CE_PAWNWEAKNESSES:0.5
CE_PIECEACTIVITY:0.5
CE_KINGPAWNSHIELD:0.4966926996000007
CE_PIECECOORDINATION:0.5
CE_MATERIAL:0.5
CE_KINGSAFETY:0.5061778770719396
C_PIECESQUARETABLES:0.5075099609953235
C_MOBILITY:0.5048642003611461
C_KINGSAFETY:0.5113431217092579
C_PAWNSTRUCTURE:0.5
C_PIECECOORDINATION:0.5092782872643616
C_ROOK:0.5
CE_ROOK:0.5119494215293876
C_CENTERCONTROL:0.49049406186512273
C_DEVELOPPIECES:0.4826191325695137
C_MATERIAL:0.5
C_MOVECOUNT:0.5
C_PAWNMOVEMENT:0.5
