ELO:647
CE_PASSEDPAWNS:0.4612345135699181
CE_PAWNWEAKNESSES:0.5385732475584873
CE_PIECEACTIVITY:0.4616650057769404
CE_KINGPAWNSHIELD:0.36246448684662874
CE_PIECECOORDINATION:0.48353660316138336
CE_MATERIAL:0.5101494362109812
CE_KINGSAFETY:0.490782282668614
C_PIECESQUARETABLES:0.5008606237951524
C_MOBILITY:0.4360099638089832
C_KINGSAFETY:0.3871973973153607
C_PAWNSTRUCTURE:0.6055593437389488
C_PIECECOORDINATION:0.5754994081670419
C_ROOKANDPAWNMOVEMENT:0.5754994081670419
C_CENTERCONTROL:0.4341828979105455
C_DEVELOPPIECES:0.49946102671534676
C_MATERIAL:0.4406685388971542
C_MOVECOUNT:0.4813271387386113
