ELO:717
CE_PASSEDPAWNS:0.47656670610409135
CE_PAWNWEAKNESSES:0.5339669454521888
CE_PIECEACTIVITY:0.45251987872237165
CE_KINGPAWNSHIELD:0.5235687200699171
CE_PIECECOORDINATION:0.46494955102915236
CE_MATERIAL:0.5522529156730922
CE_KINGSAFETY:0.5391444207070797
C_PIECESQUARETABLES:0.486566254528908
C_MOBILITY:0.5700094736084819
C_KINGSAFETY:0.38578390793430944
C_PAWNSTRUCTURE:0.5734241669881045
C_PIECECOORDINATION:0.5149721097762114
C_ROOKANDPAWNMOVEMENT:0.5149721097762114
C_CENTERCONTROL:0.6182871122976521
C_DEVELOPPIECES:0.4304137316642088
C_MATERIAL:0.43267393848218183
C_MOVECOUNT:0.5
