ELO:1000
CE_PASSEDPAWNS:0.5042361750614792
CE_PAWNWEAKNESSES:0.5133652943229289
CE_PIECEACTIVITY:0.4917632274945198
CE_KINGPAWNSHIELD:0.4910838490814448
CE_PIECECOORDINATION:0.4984129522803965
CE_MATERIAL:0.4901530643225848
CE_KINGSAFETY:0.48190505023631497
C_PIECESQUARETABLES:0.498292858733159
C_MOBILITY:0.4816751266460382
C_KINGSAFETY:0.5084012775507233
C_PAWNSTRUCTURE:0.4781628107980439
C_PIECECOORDINATION:0.485061428514563
C_ROOKANDPAWNMOVEMENT:0.485061428514563
C_CENTERCONTROL:0.49909086162856786
C_DEVELOPPIECES:0.4977150444596425
C_MATERIAL:0.5116796926361384
