ELO:993
CE_PASSEDPAWNS:0.5090830880273282
CE_PAWNWEAKNESSES:0.530124370743112
CE_PIECEACTIVITY:0.48880505995634643
CE_KINGPAWNSHIELD:0.5091963967684684
CE_PIECECOORDINATION:0.5
CE_MATERIAL:0.5032240183683663
CE_KINGSAFETY:0.5
C_PIECESQUARETABLES:0.5
C_MOBILITY:0.5
C_KINGSAFETY:0.4889570431741035
C_PAWNSTRUCTURE:0.5217042810708872
C_PIECECOORDINATION:0.4978841223769012
C_ROOKANDPAWNMOVEMENT:0.4978841223769012
C_CENTERCONTROL:0.49849181473450177
C_DEVELOPPIECES:0.49327061091228863
C_MATERIAL:0.5002313364556941
C_MOVECOUNT:0.48266750871086456
