ELO:1083
CE_PASSEDPAWNS:0.6029048179960694
CE_PAWNWEAKNESSES:0.5244656129379668
CE_PIECEACTIVITY:0.4699788544305009
CE_KINGPAWNSHIELD:0.6208131797722044
CE_PIECECOORDINATION:0.5810326942206855
CE_MATERIAL:0.3803528972587579
CE_KINGSAFETY:0.5
C_PIECESQUARETABLES:0.49559887614822157
C_MOBILITY:0.5298373049137645
C_KINGSAFETY:0.6009543595079152
C_PAWNSTRUCTURE:0.41040599071577993
C_PIECECOORDINATION:0.4821742479369375
C_ROOKANDPAWNMOVEMENT:0.4821742479369375
C_CENTERCONTROL:0.5300377149262295
C_DEVELOPPIECES:0.532540661231517
C_MATERIAL:0.41094653446142054
