ELO:1000
CE_PASSEDPAWNS:0.5806614301210808
CE_PAWNWEAKNESSES:0.5409766289461357
CE_PIECEACTIVITY:0.5238258917064719
CE_KINGPAWNSHIELD:0.44692178289612033
CE_PIECECOORDINATION:0.48529145821352127
CE_MATERIAL:0.5393677071664809
CE_KINGSAFETY:0.48244307126012087
C_PIECESQUARETABLES:0.5124151077934443
C_MOBILITY:0.5268441857969733
C_KINGSAFETY:0.4842703728426455
C_PAWNSTRUCTURE:0.4626804437906753
C_PIECECOORDINATION:0.44547368890187344
C_ROOKANDPAWNMOVEMENT:0.44547368890187344
C_CENTERCONTROL:0.44570502927128597
C_DEVELOPPIECES:0.49584063328669653
C_MATERIAL:0.4896455001939422
