ELO:870
CE_PASSEDPAWNS:0.47165054188555033
CE_PAWNWEAKNESSES:0.6409945402190692
CE_PIECEACTIVITY:0.5501531986014774
CE_KINGPAWNSHIELD:0.44768396842596775
CE_PIECECOORDINATION:0.5523602403829571
CE_MATERIAL:0.4335747962963923
CE_KINGSAFETY:0.5585426269919368
C_PIECESQUARETABLES:0.5396892162001568
C_MOBILITY:0.4527737553582031
C_KINGSAFETY:0.5504426846435208
C_PAWNSTRUCTURE:0.49894415267126346
C_PIECECOORDINATION:0.48278876145446664
C_ROOKANDPAWNMOVEMENT:0.48278876145446664
C_CENTERCONTROL:0.44109975526796175
C_DEVELOPPIECES:0.571501737265764
C_MATERIAL:0.49883547983661713
