ELO:1005
CE_PASSEDPAWNS:0.5133570927584166
CE_PAWNWEAKNESSES:0.5011068893563271
CE_PIECEACTIVITY:0.5140360282912314
CE_KINGPAWNSHIELD:0.4925369197420687
CE_PIECECOORDINATION:0.5318145529032381
CE_MATERIAL:0.5008133385057153
CE_KINGSAFETY:0.5
C_PIECESQUARETABLES:0.5
C_MOBILITY:0.5
C_KINGSAFETY:0.5428656191205705
C_PAWNSTRUCTURE:0.49771690221584425
C_PIECECOORDINATION:0.5151222608234197
C_ROOK:0.5330477641632646
CE_ROOK:0.5190657767398913
C_CENTERCONTROL:0.493074664199077
C_DEVELOPPIECES:0.48969835630785297
C_MATERIAL:0.5180737895039337
C_MOVECOUNT:0.4901162367882354
C_PAWNMOVEMENT:0.4580263027062803
