ELO:1000
CE_PASSEDPAWNS:0.5393640791478017
CE_PAWNWEAKNESSES:0.5465140506659074
CE_PIECEACTIVITY:0.5566017004804519
CE_KINGPAWNSHIELD:0.44060051967584607
CE_PIECECOORDINATION:0.5612888983000406
CE_MATERIAL:0.5777279884216645
CE_KINGSAFETY:0.46287158065438044
C_PIECESQUARETABLES:0.5279683860622163
C_MOBILITY:0.5330135353560391
C_KINGSAFETY:0.4545688454140684
C_PAWNSTRUCTURE:0.4394025312688321
C_PIECECOORDINATION:0.4635073963432715
C_ROOKANDPAWNMOVEMENT:0.4635073963432715
C_CENTERCONTROL:0.4622749441461713
C_DEVELOPPIECES:0.5225999568993558
C_MATERIAL:0.5263362192412179
