ELO:1032
CE_PASSEDPAWNS:0.5
CE_PAWNWEAKNESSES:0.5
CE_PIECEACTIVITY:0.5
CE_KINGPAWNSHIELD:0.4961865504216979
CE_PIECECOORDINATION:0.5
CE_MATERIAL:0.49787174154672653
CE_KINGSAFETY:0.5013560853557084
C_PIECESQUARETABLES:0.5
C_MOBILITY:0.4995721908019394
C_KINGSAFETY:0.5
C_PAWNSTRUCTURE:0.49878486174449466
C_PIECECOORDINATION:0.49677473467482947
C_ROOK:0.5
CE_ROOK:0.5
C_CENTERCONTROL:0.5119260673055859
C_DEVELOPPIECES:0.49243624898929916
C_MATERIAL:0.4980482426358079
C_MOVECOUNT:0.5015961895491654
C_PAWNMOVEMENT:0.5
