ELO:994
CE_PASSEDPAWNS:0.5044007275908102
CE_PAWNWEAKNESSES:0.5061439206247467
CE_PIECEACTIVITY:0.49572139683633515
CE_KINGPAWNSHIELD:0.5096838506300443
CE_PIECECOORDINATION:0.49157901815323013
CE_MATERIAL:0.49123717305114545
CE_KINGSAFETY:0.5061113558872867
C_PIECESQUARETABLES:0.494895858110868
C_MOBILITY:0.5148119073065429
C_KINGSAFETY:0.5112865127792913
C_PAWNSTRUCTURE:0.5041844763456135
C_PIECECOORDINATION:0.48797547985405104
C_ROOKANDPAWNMOVEMENT:0.48797547985405104
C_CENTERCONTROL:0.5299906235629658
C_DEVELOPPIECES:0.498432694432378
C_MATERIAL:0.4937492872837152
C_MOVECOUNT:0.49585825769995673
