ELO:1019
CE_PASSEDPAWNS:0.4973200641185844
CE_PAWNWEAKNESSES:0.48427551912986067
CE_PIECEACTIVITY:0.5127868913421247
CE_KINGPAWNSHIELD:0.5189188136657357
CE_PIECECOORDINATION:0.5
CE_MATERIAL:0.5097472454458499
CE_KINGSAFETY:0.4901302582811925
C_PIECESQUARETABLES:0.49053775204963523
C_MOBILITY:0.5025750044531898
C_KINGSAFETY:0.5060114904232004
C_PAWNSTRUCTURE:0.5
C_PIECECOORDINATION:0.5119137211078125
C_ROOKANDPAWNMOVEMENT:0.5119137211078125
C_CENTERCONTROL:0.5
C_DEVELOPPIECES:0.5
C_MATERIAL:0.5
