ELO:885
CE_PASSEDPAWNS:0.4858002137508786
CE_PAWNWEAKNESSES:0.6354202671085109
CE_PIECEACTIVITY:0.5600657714354034
CE_KINGPAWNSHIELD:0.466738930348495
CE_PIECECOORDINATION:0.5788085290939119
CE_MATERIAL:0.4110410996278494
CE_KINGSAFETY:0.5371964895805663
C_PIECESQUARETABLES:0.5314186478976004
C_MOBILITY:0.4641276649925198
C_KINGSAFETY:0.53354443678083
C_PAWNSTRUCTURE:0.5110706688001103
C_PIECECOORDINATION:0.46253934615674
C_ROOKANDPAWNMOVEMENT:0.46253934615674
C_CENTERCONTROL:0.4642402374719984
C_DEVELOPPIECES:0.5440753831818202
C_MATERIAL:0.49976446292337495
