ELO:1000
CE_PASSEDPAWNS:0.45070038603865814
CE_PAWNWEAKNESSES:0.5497891825629815
CE_PIECEACTIVITY:0.5443576642698823
CE_KINGPAWNSHIELD:0.5418673058916648
CE_PIECECOORDINATION:0.5614808221259127
CE_MATERIAL:0.43238919454830904
CE_KINGSAFETY:0.5024229394622151
C_PIECESQUARETABLES:0.49942294701716855
C_MOBILITY:0.5126273977014069
C_KINGSAFETY:0.5604189069471934
C_PAWNSTRUCTURE:0.5512310171229113
C_PIECECOORDINATION:0.45289281542847487
C_ROOKANDPAWNMOVEMENT:0.45289281542847487
C_CENTERCONTROL:0.5016001969288213
C_DEVELOPPIECES:0.5059711850724714
C_MATERIAL:0.5184150202332264
