ELO:965
CE_PASSEDPAWNS:0.43779007127839975
CE_PAWNWEAKNESSES:0.6076424057628748
CE_PIECEACTIVITY:0.5613547884790864
CE_KINGPAWNSHIELD:0.4263391130073633
CE_PIECECOORDINATION:0.5827242638686778
CE_MATERIAL:0.40795140947550645
CE_KINGSAFETY:0.5118946182362988
C_PIECESQUARETABLES:0.5132438378199744
C_MOBILITY:0.468200356305645
C_KINGSAFETY:0.5728882896426047
C_PAWNSTRUCTURE:0.5326179226349304
C_PIECECOORDINATION:0.4603573692736404
C_ROOKANDPAWNMOVEMENT:0.4603573692736404
C_CENTERCONTROL:0.4568876733689274
C_DEVELOPPIECES:0.5115342177447493
C_MATERIAL:0.4976868572678536
