ELO:1016
CE_PASSEDPAWNS:0.5105531546805911
CE_PAWNWEAKNESSES:0.5400431225396087
CE_PIECEACTIVITY:0.5066424980284666
CE_KINGPAWNSHIELD:0.4596052584950482
CE_PIECECOORDINATION:0.4810902108171693
CE_MATERIAL:0.48558433606963897
CE_KINGSAFETY:0.5
C_PIECESQUARETABLES:0.5
C_MOBILITY:0.5
C_KINGSAFETY:0.46298286703297536
C_PAWNSTRUCTURE:0.5017539198243214
C_PIECECOORDINATION:0.5237433802912844
C_ROOK:0.5528409108688632
CE_ROOK:0.49463821876990005
C_CENTERCONTROL:0.49073439917082484
C_DEVELOPPIECES:0.499497494093487
C_MATERIAL:0.4939853939632152
C_MOVECOUNT:0.49443263681889044
C_PAWNMOVEMENT:0.4997328587630776
