ELO:999
CE_PASSEDPAWNS:0.4403262894513521
CE_PAWNWEAKNESSES:0.5644054810067679
CE_PIECEACTIVITY:0.5343882500257505
CE_KINGPAWNSHIELD:0.42262386924997214
CE_PIECECOORDINATION:0.5508720278772374
CE_MATERIAL:0.452317222537295
CE_KINGSAFETY:0.49761486946835065
C_PIECESQUARETABLES:0.5008745904061432
C_MOBILITY:0.4887001384917206
C_KINGSAFETY:0.5668176549692064
C_PAWNSTRUCTURE:0.5601517442753611
C_PIECECOORDINATION:0.4836870412697279
C_ROOKANDPAWNMOVEMENT:0.4836870412697279
C_CENTERCONTROL:0.47306573730505014
C_DEVELOPPIECES:0.4969753498204208
C_MATERIAL:0.5238567007822889
