ELO:1060
CE_PASSEDPAWNS:0.5
CE_PAWNWEAKNESSES:0.5237087331859002
CE_PIECEACTIVITY:0.5108309812842046
CE_KINGPAWNSHIELD:0.491808772964203
CE_PIECECOORDINATION:0.5
CE_MATERIAL:0.509980737206191
CE_KINGSAFETY:0.49376870671488976
C_PIECESQUARETABLES:0.5049029934034059
C_MOBILITY:0.5102843274120401
C_KINGSAFETY:0.5025809272581883
C_PAWNSTRUCTURE:0.49349569766085655
C_PIECECOORDINATION:0.5071417765451218
C_ROOKANDPAWNMOVEMENT:0.5071417765451218
C_CENTERCONTROL:0.49860663058470284
C_DEVELOPPIECES:0.5575619597841135
C_MATERIAL:0.5410015624444867
