ELO:1000
CE_PASSEDPAWNS:0.5107294546854311
CE_PAWNWEAKNESSES:0.501969139896219
CE_PIECEACTIVITY:0.5171409179987676
CE_KINGPAWNSHIELD:0.5006144144858773
CE_PIECECOORDINATION:0.5048583948661495
CE_MATERIAL:0.4901028761479946
CE_KINGSAFETY:0.47643260818771527
C_PIECESQUARETABLES:0.4979366296472623
C_MOBILITY:0.4785291327181312
C_KINGSAFETY:0.49561852193091055
C_PAWNSTRUCTURE:0.5195880854375974
C_PIECECOORDINATION:0.49597745844509283
C_ROOKANDPAWNMOVEMENT:0.49597745844509283
C_CENTERCONTROL:0.4988217644536882
C_DEVELOPPIECES:0.5170278986685722
C_MATERIAL:0.4885412458395534
