ELO:883
CE_PASSEDPAWNS:0.4803278615304843
CE_PAWNWEAKNESSES:0.4915344058871582
CE_PIECEACTIVITY:0.4967285742289857
CE_KINGPAWNSHIELD:0.4962906732255028
CE_PIECECOORDINATION:0.49548296659902386
CE_MATERIAL:0.5220175529474796
CE_KINGSAFETY:0.47183497848405553
C_PIECESQUARETABLES:0.49835304902441685
C_MOBILITY:0.4570863332530988
C_KINGSAFETY:0.474566117459452
C_PAWNSTRUCTURE:0.5367714886127755
C_PIECECOORDINATION:0.5153730716567753
C_ROOKANDPAWNMOVEMENT:0.5153730716567753
C_CENTERCONTROL:0.48333866700114736
C_DEVELOPPIECES:0.4667219822215845
C_MATERIAL:0.5270182310346612
C_MOVECOUNT:0.4849429702325004
