ELO:861
CE_PASSEDPAWNS:0.6189584929660329
CE_PAWNWEAKNESSES:0.514119084146579
CE_PIECEACTIVITY:0.4355886068145391
CE_KINGPAWNSHIELD:0.5380554918094609
CE_PIECECOORDINATION:0.51880126156819
CE_MATERIAL:0.42149909876873837
CE_KINGSAFETY:0.49929220666824914
C_PIECESQUARETABLES:0.483053517214715
C_MOBILITY:0.524531757221522
C_KINGSAFETY:0.5714459736403675
C_PAWNSTRUCTURE:0.42983448870858987
C_PIECECOORDINATION:0.5219181368758683
C_ROOKANDPAWNMOVEMENT:0.5219181368758683
C_CENTERCONTROL:0.4827768929415113
C_DEVELOPPIECES:0.5220624040676973
C_MATERIAL:0.46973790468380017
C_MOVECOUNT:0.5
