ELO:993
CE_PASSEDPAWNS:0.5097273790025066
CE_PAWNWEAKNESSES:0.4878400937599201
CE_PIECEACTIVITY:0.5121847374955179
CE_KINGPAWNSHIELD:0.5001075568526988
CE_PIECECOORDINATION:0.4925288292243263
CE_MATERIAL:0.4973572683438121
CE_KINGSAFETY:0.5009482021447446
C_PIECESQUARETABLES:0.4932230596506769
C_MOBILITY:0.49061629774421817
C_KINGSAFETY:0.49689977202932845
C_PAWNSTRUCTURE:0.5075917231236634
C_PIECECOORDINATION:0.4853168415060058
C_ROOKANDPAWNMOVEMENT:0.4853168415060058
C_CENTERCONTROL:0.5
C_DEVELOPPIECES:0.49874838092984886
C_MATERIAL:0.5141409897316094
C_MOVECOUNT:0.5
