ELO:975
CE_PASSEDPAWNS:0.45285860459733074
CE_PAWNWEAKNESSES:0.4991402321344125
CE_PIECEACTIVITY:0.5272660641145863
CE_KINGPAWNSHIELD:0.4768608371591364
CE_PIECECOORDINATION:0.505924267188826
CE_MATERIAL:0.5036390702603901
CE_KINGSAFETY:0.5
C_PIECESQUARETABLES:0.5
C_MOBILITY:0.5149673712620807
C_KINGSAFETY:0.46046927878906263
C_PAWNSTRUCTURE:0.47229996450026107
C_PIECECOORDINATION:0.480647372910494
C_ROOK:0.53505508931815
CE_ROOK:0.481273291951512
C_CENTERCONTROL:0.4993969985565872
C_DEVELOPPIECES:0.5028874463203526
C_MATERIAL:0.4856094113441688
C_MOVECOUNT:0.5384513687128245
C_PAWNMOVEMENT:0.5341166983582565
