ELO:1000
CE_PASSEDPAWNS:0.456583415573913
CE_PAWNWEAKNESSES:0.5512934424258393
CE_PIECEACTIVITY:0.5634132144694759
CE_KINGPAWNSHIELD:0.559965717746512
CE_PIECECOORDINATION:0.5147997324451974
CE_MATERIAL:0.4473084064313537
CE_KINGSAFETY:0.4610305157631677
C_PIECESQUARETABLES:0.5120908173833517
C_MOBILITY:0.49421364629879244
C_KINGSAFETY:0.5486701346343111
C_PAWNSTRUCTURE:0.5230996094850996
C_PIECECOORDINATION:0.4617655942089982
C_ROOKANDPAWNMOVEMENT:0.4617655942089982
C_CENTERCONTROL:0.4812234834067505
C_DEVELOPPIECES:0.486976599995508
C_MATERIAL:0.5088001613891449
