ELO:893
CE_PASSEDPAWNS:0.4742584112569696
CE_PAWNWEAKNESSES:0.6265838841351307
CE_PIECEACTIVITY:0.5600657714354034
CE_KINGPAWNSHIELD:0.47552592271208927
CE_PIECECOORDINATION:0.6040207027323022
CE_MATERIAL:0.418448750536778
CE_KINGSAFETY:0.5146595856519716
C_PIECESQUARETABLES:0.5575085552567226
C_MOBILITY:0.4642835832839418
C_KINGSAFETY:0.5194220214989766
C_PAWNSTRUCTURE:0.5105580274606448
C_PIECECOORDINATION:0.4560069056345398
C_ROOKANDPAWNMOVEMENT:0.4560069056345398
C_CENTERCONTROL:0.46457733335867335
C_DEVELOPPIECES:0.5440753831818202
C_MATERIAL:0.49184932568411033
