ELO:962
CE_PASSEDPAWNS:0.4860834000436609
CE_PAWNWEAKNESSES:0.5
CE_PIECEACTIVITY:0.5019159799445622
CE_KINGPAWNSHIELD:0.4860195215794199
CE_PIECECOORDINATION:0.4827103554072575
CE_MATERIAL:0.5
CE_KINGSAFETY:0.5291925903640113
C_PIECESQUARETABLES:0.49284366362121695
C_MOBILITY:0.5094865131385178
C_KINGSAFETY:0.4829970767013293
C_PAWNSTRUCTURE:0.5
C_PIECECOORDINATION:0.49620003779103306
C_ROOKANDPAWNMOVEMENT:0.49620003779103306
C_CENTERCONTROL:0.49473241721365413
C_DEVELOPPIECES:0.5
C_MATERIAL:0.5
C_MOVECOUNT:0.4903203297072921
