ELO:998
CE_PASSEDPAWNS:0.48187325148652144
CE_PAWNWEAKNESSES:0.5106547327322755
CE_PIECEACTIVITY:0.5021499585201922
CE_KINGPAWNSHIELD:0.5059064127188487
CE_PIECECOORDINATION:0.5111143924016308
CE_MATERIAL:0.49148872499368956
CE_KINGSAFETY:0.49110160498255906
C_PIECESQUARETABLES:0.49080146247477746
C_MOBILITY:0.5162914421531368
C_KINGSAFETY:0.49156094519762733
C_PAWNSTRUCTURE:0.5069256150608421
C_PIECECOORDINATION:0.4895800603572405
C_ROOKANDPAWNMOVEMENT:0.4895800603572405
C_CENTERCONTROL:0.4967986990759827
C_DEVELOPPIECES:0.51897759185424
C_MATERIAL:0.48258425428383667
C_MOVECOUNT:0.5
