ELO:991
CE_PASSEDPAWNS:0.49517120016438854
CE_PAWNWEAKNESSES:0.4750354767957558
CE_PIECEACTIVITY:0.4848316342370258
CE_KINGPAWNSHIELD:0.5025976778580761
CE_PIECECOORDINATION:0.51928183772852
CE_MATERIAL:0.49486304582799756
CE_KINGSAFETY:0.5
C_PIECESQUARETABLES:0.4966004836599538
C_MOBILITY:0.5397173256379277
C_KINGSAFETY:0.5083607447229698
C_PAWNSTRUCTURE:0.47826624537519846
C_PIECECOORDINATION:0.5222869236298678
C_ROOKANDPAWNMOVEMENT:0.5222869236298678
C_CENTERCONTROL:0.5076925120764675
C_DEVELOPPIECES:0.47052533932066637
C_MATERIAL:0.5
C_MOVECOUNT:0.5
