ELO:1015
CE_PASSEDPAWNS:0.5105531546805911
CE_PAWNWEAKNESSES:0.5298054120236073
CE_PIECEACTIVITY:0.5149523703424125
CE_KINGPAWNSHIELD:0.5068540187535086
CE_PIECECOORDINATION:0.4810902108171693
CE_MATERIAL:0.48558433606963897
CE_KINGSAFETY:0.5
C_PIECESQUARETABLES:0.5
C_MOBILITY:0.519473537413262
C_KINGSAFETY:0.494244186118567
C_PAWNSTRUCTURE:0.5017539198243214
C_PIECECOORDINATION:0.5214167139398171
C_ROOK:0.49146130700416774
CE_ROOK:0.5429856062923581
C_CENTERCONTROL:0.4797949178573378
C_DEVELOPPIECES:0.499497494093487
C_MATERIAL:0.5022003173459787
C_MOVECOUNT:0.49443263681889044
C_PAWNMOVEMENT:0.4997328587630776
