ELO:991
CE_PASSEDPAWNS:0.5160653480503103
CE_PAWNWEAKNESSES:0.5011471728307907
CE_PIECEACTIVITY:0.49734718802940614
CE_KINGPAWNSHIELD:0.5011153214629693
CE_PIECECOORDINATION:0.5005831146250023
CE_MATERIAL:0.5015065991626267
CE_KINGSAFETY:0.44151128350577445
C_PIECESQUARETABLES:0.5
C_MOBILITY:0.5012987312974019
C_KINGSAFETY:0.5087661058804062
C_PAWNSTRUCTURE:0.5
C_PIECECOORDINATION:0.5173483778902102
C_ROOKANDPAWNMOVEMENT:0.5173483778902102
C_CENTERCONTROL:0.48851393652144637
C_DEVELOPPIECES:0.5048930940728602
C_MATERIAL:0.5
C_MOVECOUNT:0.5
