ELO:1000
CE_PASSEDPAWNS:0.4687804866913704
CE_PAWNWEAKNESSES:0.5069572879260544
CE_PIECEACTIVITY:0.5
CE_KINGPAWNSHIELD:0.5
CE_PIECECOORDINATION:0.4996126973554832
CE_MATERIAL:0.5347047193315649
CE_KINGSAFETY:0.5
C_PIECESQUARETABLES:0.5170338112162071
C_MOBILITY:0.4941634234457814
C_KINGSAFETY:0.4975515463660395
C_PAWNSTRUCTURE:0.510145604695556
C_PIECECOORDINATION:0.5431709459123982
C_ROOKANDPAWNMOVEMENT:0.5431709459123982
C_CENTERCONTROL:0.4970584593080257
C_DEVELOPPIECES:0.496738599198061
C_MATERIAL:0.4819951269369118
C_MOVECOUNT:0.5
