ELO:988
CE_PASSEDPAWNS:0.39792981371987557
CE_PAWNWEAKNESSES:0.44542974891888637
CE_PIECEACTIVITY:0.49512637202807747
CE_KINGPAWNSHIELD:0.4969112771905379
CE_PIECECOORDINATION:0.6070332277614432
CE_MATERIAL:0.4645424111257136
CE_KINGSAFETY:0.5
C_PIECESQUARETABLES:0.5008667310852047
C_MOBILITY:0.5056169729190354
C_KINGSAFETY:0.5555396845641076
C_PAWNSTRUCTURE:0.46054427260367564
C_PIECECOORDINATION:0.4852385786751968
C_ROOKANDPAWNMOVEMENT:0.4852385786751968
C_CENTERCONTROL:0.3976101602692124
C_DEVELOPPIECES:0.5541467792178347
C_MATERIAL:0.6234991122067586
