ELO:863
CE_PASSEDPAWNS:0.5299420180570233
CE_PAWNWEAKNESSES:0.5955587359492491
CE_PIECEACTIVITY:0.46914031491127284
CE_KINGPAWNSHIELD:0.6067916087043973
CE_PIECECOORDINATION:0.44521231182606347
CE_MATERIAL:0.4710636274875898
CE_KINGSAFETY:0.4658919677852544
C_PIECESQUARETABLES:0.4913693416329392
C_MOBILITY:0.6253565266898367
C_KINGSAFETY:0.5097939147723869
C_PAWNSTRUCTURE:0.6067063056526554
C_PIECECOORDINATION:0.5041573681835637
C_ROOKANDPAWNMOVEMENT:0.5041573681835637
C_CENTERCONTROL:0.4285591160270026
C_DEVELOPPIECES:0.5199440828985958
C_MATERIAL:0.4942375188425396
