ELO:886
CE_PASSEDPAWNS:0.48987511854610843
CE_PAWNWEAKNESSES:0.6036181301031575
CE_PIECEACTIVITY:0.49178545712943805
CE_KINGPAWNSHIELD:0.6172971278986946
CE_PIECECOORDINATION:0.47546968146519125
CE_MATERIAL:0.4831525347326544
CE_KINGSAFETY:0.49013148123506867
C_PIECESQUARETABLES:0.5021205934704911
C_MOBILITY:0.6120685204685482
C_KINGSAFETY:0.4987712738654841
C_PAWNSTRUCTURE:0.5750946880011616
C_PIECECOORDINATION:0.4803200033660391
C_ROOKANDPAWNMOVEMENT:0.4803200033660391
C_CENTERCONTROL:0.45136539708809753
C_DEVELOPPIECES:0.5229669961472739
C_MATERIAL:0.4616803561421309
