ELO:826
CE_PASSEDPAWNS:0.48296143663233515
CE_PAWNWEAKNESSES:0.4928521193465726
CE_PIECEACTIVITY:0.5040836344869635
CE_KINGPAWNSHIELD:0.5296957050350876
CE_PIECECOORDINATION:0.4497934035008232
CE_MATERIAL:0.5109283349667416
CE_KINGSAFETY:0.5194735096876572
C_PIECESQUARETABLES:0.4635876065996045
C_MOBILITY:0.4870664803869552
C_KINGSAFETY:0.532747403828741
C_PAWNSTRUCTURE:0.4991924133464791
C_PIECECOORDINATION:0.5574174486100142
C_ROOKANDPAWNMOVEMENT:0.5574174486100142
C_CENTERCONTROL:0.40641104383356097
C_DEVELOPPIECES:0.49765353049076816
C_MATERIAL:0.5726813306070684
C_MOVECOUNT:0.5
