ELO:1018
CE_PASSEDPAWNS:0.5133570927584166
CE_PAWNWEAKNESSES:0.5284100280721816
CE_PIECEACTIVITY:0.5211149527824238
CE_KINGPAWNSHIELD:0.5287831373206993
CE_PIECECOORDINATION:0.5083563648654584
CE_MATERIAL:0.506691873509205
CE_KINGSAFETY:0.5133085383708986
C_PIECESQUARETABLES:0.5086469345838244
C_MOBILITY:0.5
C_KINGSAFETY:0.46891209009833545
C_PAWNSTRUCTURE:0.49771690221584425
C_PIECECOORDINATION:0.5256662003269658
C_ROOK:0.5330477641632646
CE_ROOK:0.5190657767398913
C_CENTERCONTROL:0.4797949178573378
C_DEVELOPPIECES:0.5183309945605886
C_MATERIAL:0.5180737895039337
C_MOVECOUNT:0.5073599777885529
C_PAWNMOVEMENT:0.5049960021239764
