ELO:970
CE_PASSEDPAWNS:0.5687797249369592
CE_PAWNWEAKNESSES:0.5387214374253897
CE_PIECEACTIVITY:0.543600102449222
CE_KINGPAWNSHIELD:0.5031774124777589
CE_PIECECOORDINATION:0.41325286759063
CE_MATERIAL:0.4168219990102706
CE_KINGSAFETY:0.5087296855072204
C_PIECESQUARETABLES:0.49619800293161953
C_MOBILITY:0.5052025874575641
C_KINGSAFETY:0.4173215595094055
C_PAWNSTRUCTURE:0.4997677303126505
C_PIECECOORDINATION:0.49556626271455706
C_ROOKANDPAWNMOVEMENT:0.49556626271455706
C_CENTERCONTROL:0.42952750325880246
C_DEVELOPPIECES:0.46707827550345915
C_MATERIAL:0.46430493202072626
