ELO:766
CE_PASSEDPAWNS:0.4935991568030783
CE_PAWNWEAKNESSES:0.48053138091632513
CE_PIECEACTIVITY:0.4959912057132356
CE_KINGPAWNSHIELD:0.5177684533932274
CE_PIECECOORDINATION:0.41577349511206263
CE_MATERIAL:0.4978471139373195
CE_KINGSAFETY:0.49800502455090684
C_PIECESQUARETABLES:0.5201294238918428
C_MOBILITY:0.49855676720457054
C_KINGSAFETY:0.5247553396457945
C_PAWNSTRUCTURE:0.5320920132759398
C_PIECECOORDINATION:0.547461052042574
C_ROOKANDPAWNMOVEMENT:0.547461052042574
C_CENTERCONTROL:0.43401901657568764
C_DEVELOPPIECES:0.4926255618052479
C_MATERIAL:0.6049959737122574
C_MOVECOUNT:0.49981480089203
