ELO:909
CE_PASSEDPAWNS:0.48401612982252523
CE_PAWNWEAKNESSES:0.4800608477651682
CE_PIECEACTIVITY:0.5092168229967314
CE_KINGPAWNSHIELD:0.5371312075056796
CE_PIECECOORDINATION:0.5220355883088725
CE_MATERIAL:0.5011403962907369
CE_KINGSAFETY:0.45370276578088004
C_PIECESQUARETABLES:0.48050403384985335
C_MOBILITY:0.4511996683804335
C_KINGSAFETY:0.4601753750280824
C_PAWNSTRUCTURE:0.5556919313751575
C_PIECECOORDINATION:0.5455605661831759
C_ROOKANDPAWNMOVEMENT:0.5455605661831759
C_CENTERCONTROL:0.4747528808153138
C_DEVELOPPIECES:0.4886964880814278
C_MATERIAL:0.5103917587376681
C_MOVECOUNT:0.46576449703275286
