ELO:1000
CE_PASSEDPAWNS:0.447214642315689
CE_PAWNWEAKNESSES:0.5722711223206706
CE_PIECEACTIVITY:0.5363286068297236
CE_KINGPAWNSHIELD:0.42842080915545244
CE_PIECECOORDINATION:0.5613399850868329
CE_MATERIAL:0.4350403679016341
CE_KINGSAFETY:0.507427733178725
C_PIECESQUARETABLES:0.4910570057899127
C_MOBILITY:0.5178677821891802
C_KINGSAFETY:0.559451698159256
C_PAWNSTRUCTURE:0.5607532896264797
C_PIECECOORDINATION:0.46384194276312346
C_ROOKANDPAWNMOVEMENT:0.46384194276312346
C_CENTERCONTROL:0.4679056158501089
C_DEVELOPPIECES:0.5042288031441794
C_MATERIAL:0.5303034942356792
