ELO:1067
CE_PASSEDPAWNS:0.4606401552542702
CE_PAWNWEAKNESSES:0.5
CE_PIECEACTIVITY:0.5067601457155742
CE_KINGPAWNSHIELD:0.474689607277231
CE_PIECECOORDINATION:0.4875623156123702
CE_MATERIAL:0.49266231382866044
CE_KINGSAFETY:0.5
C_PIECESQUARETABLES:0.5
C_MOBILITY:0.5227632607881241
C_KINGSAFETY:0.5212630770538783
C_PAWNSTRUCTURE:0.5
C_PIECECOORDINATION:0.4810489044076505
C_ROOKANDPAWNMOVEMENT:0.4810489044076505
C_CENTERCONTROL:0.4764889441820766
C_DEVELOPPIECES:0.48258997994755465
C_MATERIAL:0.4784760195289673
C_MOVECOUNT:0.5
