ELO:911
CE_PASSEDPAWNS:0.5959237564561862
CE_PAWNWEAKNESSES:0.49637825432248095
CE_PIECEACTIVITY:0.4851536081276802
CE_KINGPAWNSHIELD:0.5860459333225048
CE_PIECECOORDINATION:0.3641304387766315
CE_MATERIAL:0.4615006077389833
CE_KINGSAFETY:0.4442854592399784
C_PIECESQUARETABLES:0.49046943322245184
C_MOBILITY:0.5007321636664677
C_KINGSAFETY:0.4119622288234003
C_PAWNSTRUCTURE:0.5211642186323324
C_PIECECOORDINATION:0.4669877521681948
C_ROOKANDPAWNMOVEMENT:0.4669877521681948
C_CENTERCONTROL:0.35793995120535327
C_DEVELOPPIECES:0.44980214996236556
C_MATERIAL:0.49221354608407786
