ELO:900
CE_PASSEDPAWNS:0.5943154679409799
CE_PAWNWEAKNESSES:0.5073312801838172
CE_PIECEACTIVITY:0.47533459653676985
CE_KINGPAWNSHIELD:0.5903945206482405
CE_PIECECOORDINATION:0.37878541927415615
CE_MATERIAL:0.4471952211213798
CE_KINGSAFETY:0.44752013829262743
C_PIECESQUARETABLES:0.4888964028931689
C_MOBILITY:0.5094352654423647
C_KINGSAFETY:0.4135248623355919
C_PAWNSTRUCTURE:0.5267257536310097
C_PIECECOORDINATION:0.47549138288103426
C_ROOKANDPAWNMOVEMENT:0.47549138288103426
C_CENTERCONTROL:0.34467514026466073
C_DEVELOPPIECES:0.4653379266160035
C_MATERIAL:0.498442382343869
