ELO:1089
CE_PASSEDPAWNS:0.589829686004261
CE_PAWNWEAKNESSES:0.5942385255537602
CE_PIECEACTIVITY:0.4830223153932623
CE_KINGPAWNSHIELD:0.4163565328615237
CE_PIECECOORDINATION:0.48022184817388197
CE_MATERIAL:0.3797596838931227
CE_KINGSAFETY:0.49005559971451434
C_PIECESQUARETABLES:0.5070089607211875
C_MOBILITY:0.40674871490472714
C_KINGSAFETY:0.5291077069005327
C_PAWNSTRUCTURE:0.41040599071577993
C_PIECECOORDINATION:0.50914082476112
C_ROOKANDPAWNMOVEMENT:0.50914082476112
C_CENTERCONTROL:0.4889193100174628
C_DEVELOPPIECES:0.5478190388256295
C_MATERIAL:0.4175294074221809
