ELO:1053
CE_PASSEDPAWNS:0.4851289434910631
CE_PAWNWEAKNESSES:0.49342156264132053
CE_PIECEACTIVITY:0.5265740213369621
CE_KINGPAWNSHIELD:0.4820862293330612
CE_PIECECOORDINATION:0.5112500518119519
CE_MATERIAL:0.48670668891165975
CE_KINGSAFETY:0.5
C_PIECESQUARETABLES:0.5
C_MOBILITY:0.46984450886973544
C_KINGSAFETY:0.5493057075191667
C_PAWNSTRUCTURE:0.5104704862187448
C_PIECECOORDINATION:0.5039579354997431
C_ROOKANDPAWNMOVEMENT:0.5039579354997431
C_CENTERCONTROL:0.5256878164544235
C_DEVELOPPIECES:0.4619053533234082
C_MATERIAL:0.49725694105173457
C_MOVECOUNT:0.5
