ELO:1003
CE_PASSEDPAWNS:0.5677442334115248
CE_PAWNWEAKNESSES:0.5256478394168467
CE_PIECEACTIVITY:0.5452568880628809
CE_KINGPAWNSHIELD:0.5230335018947551
CE_PIECECOORDINATION:0.4164548573584617
CE_MATERIAL:0.4277769441138325
CE_KINGSAFETY:0.4884812143783674
C_PIECESQUARETABLES:0.4514975513745186
C_MOBILITY:0.5206932999890616
C_KINGSAFETY:0.39877078496174534
C_PAWNSTRUCTURE:0.4952372689974778
C_PIECECOORDINATION:0.531236808882822
C_ROOKANDPAWNMOVEMENT:0.531236808882822
C_CENTERCONTROL:0.44964522357334474
C_DEVELOPPIECES:0.4846423482597552
C_MATERIAL:0.4529738274251697
