ELO:1042
CE_PASSEDPAWNS:0.46965812115812
CE_PAWNWEAKNESSES:0.5016212295851243
CE_PIECEACTIVITY:0.5012210520023992
CE_KINGPAWNSHIELD:0.49573638947432386
CE_PIECECOORDINATION:0.5254639287438814
CE_MATERIAL:0.5138007272022727
CE_KINGSAFETY:0.5
C_PIECESQUARETABLES:0.5
C_MOBILITY:0.5167778231301341
C_KINGSAFETY:0.46891209009833545
C_PAWNSTRUCTURE:0.492159784962093
C_PIECECOORDINATION:0.5108897887253867
C_ROOK:0.5004133077934859
CE_ROOK:0.5043525010163519
C_CENTERCONTROL:0.4730754320533753
C_DEVELOPPIECES:0.49547520755593566
C_MATERIAL:0.498131800715962
C_MOVECOUNT:0.5036660823018904
C_PAWNMOVEMENT:0.5
