ELO:870
CE_PASSEDPAWNS:0.5022491191408581
CE_PAWNWEAKNESSES:0.5811173020281724
CE_PIECEACTIVITY:0.487510642838973
CE_KINGPAWNSHIELD:0.6185043634695163
CE_PIECECOORDINATION:0.4519910275403981
CE_MATERIAL:0.4831525347326544
CE_KINGSAFETY:0.46254168218270975
C_PIECESQUARETABLES:0.49699802025501094
C_MOBILITY:0.6120685204685482
C_KINGSAFETY:0.5064308171116559
C_PAWNSTRUCTURE:0.594533807787671
C_PIECECOORDINATION:0.47070935499378946
C_ROOKANDPAWNMOVEMENT:0.47070935499378946
C_CENTERCONTROL:0.43940115485963244
C_DEVELOPPIECES:0.5210445590549796
C_MATERIAL:0.4835991221459263
