ELO:878
CE_PASSEDPAWNS:0.49050860472922403
CE_PAWNWEAKNESSES:0.6495057490303741
CE_PIECEACTIVITY:0.5402312214165035
CE_KINGPAWNSHIELD:0.4519462528676486
CE_PIECECOORDINATION:0.5616539779116536
CE_MATERIAL:0.4146502009434939
CE_KINGSAFETY:0.5574908570075119
C_PIECESQUARETABLES:0.5372397707661526
C_MOBILITY:0.43836392685392245
C_KINGSAFETY:0.5392156632962323
C_PAWNSTRUCTURE:0.5037599169714537
C_PIECECOORDINATION:0.48012439942285756
C_ROOKANDPAWNMOVEMENT:0.48012439942285756
C_CENTERCONTROL:0.4439682429723911
C_DEVELOPPIECES:0.5585249390431981
C_MATERIAL:0.4954026189805609
