ELO:893
CE_PASSEDPAWNS:0.47361787197586497
CE_PAWNWEAKNESSES:0.49821729672355186
CE_PIECEACTIVITY:0.5308435432781689
CE_KINGPAWNSHIELD:0.5615411997427208
CE_PIECECOORDINATION:0.5667285921148597
CE_MATERIAL:0.5844450181229622
CE_KINGSAFETY:0.45370276578088004
C_PIECESQUARETABLES:0.4852006449767058
C_MOBILITY:0.45873955539566985
C_KINGSAFETY:0.4907243928839383
C_PAWNSTRUCTURE:0.4755830149124742
C_PIECECOORDINATION:0.5507856719979647
C_ROOKANDPAWNMOVEMENT:0.5507856719979647
C_CENTERCONTROL:0.47108341190244607
C_DEVELOPPIECES:0.5095646587743561
C_MATERIAL:0.5001162195887658
C_MOVECOUNT:0.5572794301236501
