ELO:974
CE_PASSEDPAWNS:0.4208984116292099
CE_PAWNWEAKNESSES:0.5746577930882661
CE_PIECEACTIVITY:0.5007315351898749
CE_KINGPAWNSHIELD:0.4064034970357951
CE_PIECECOORDINATION:0.5662638259358086
CE_MATERIAL:0.44510282685860136
CE_KINGSAFETY:0.5291501714881549
C_PIECESQUARETABLES:0.4790371970353395
C_MOBILITY:0.4599966505648751
C_KINGSAFETY:0.5907054051887577
C_PAWNSTRUCTURE:0.5574522555845488
C_PIECECOORDINATION:0.4625442249430974
C_ROOKANDPAWNMOVEMENT:0.4625442249430974
C_CENTERCONTROL:0.46549840529270875
C_DEVELOPPIECES:0.496614929723187
C_MATERIAL:0.5354929795433749
