ELO:1022
CE_PASSEDPAWNS:0.5107961514303412
CE_PAWNWEAKNESSES:0.4924254503572776
CE_PIECEACTIVITY:0.49978264229982444
CE_KINGPAWNSHIELD:0.4779380244646073
CE_PIECECOORDINATION:0.4921918337961246
CE_MATERIAL:0.5
CE_KINGSAFETY:0.5
C_PIECESQUARETABLES:0.5
C_MOBILITY:0.5
C_KINGSAFETY:0.5072308788579635
C_PAWNSTRUCTURE:0.501311123462431
C_PIECECOORDINATION:0.5080019056416986
C_ROOK:0.5119277527766181
CE_ROOK:0.5
C_CENTERCONTROL:0.499855487373515
C_DEVELOPPIECES:0.50303805690783
C_MATERIAL:0.5
C_MOVECOUNT:0.4931600266990227
C_PAWNMOVEMENT:0.5167834503781904
