ELO:984
CE_PASSEDPAWNS:0.4681635142742691
CE_PAWNWEAKNESSES:0.42960236466883645
CE_PIECEACTIVITY:0.4409670116470856
CE_KINGPAWNSHIELD:0.5462927461826429
CE_PIECECOORDINATION:0.597352041071151
CE_MATERIAL:0.5167335348281784
CE_KINGSAFETY:0.4818001170244819
C_PIECESQUARETABLES:0.4695129550446742
C_MOBILITY:0.5140450437936804
C_KINGSAFETY:0.6034289957219685
C_PAWNSTRUCTURE:0.4915942628026604
C_PIECECOORDINATION:0.5116410992243389
C_ROOKANDPAWNMOVEMENT:0.5116410992243389
C_CENTERCONTROL:0.4973076979059623
C_DEVELOPPIECES:0.4898854053200953
C_MATERIAL:0.5201277782751815
