ELO:965
CE_PASSEDPAWNS:0.49735063468040713
CE_PAWNWEAKNESSES:0.49064380966439286
CE_PIECEACTIVITY:0.5200029437737936
CE_KINGPAWNSHIELD:0.49490250906721733
CE_PIECECOORDINATION:0.4716975198767513
CE_MATERIAL:0.5090791098844643
CE_KINGSAFETY:0.4791310304714739
C_PIECESQUARETABLES:0.5307812478611694
C_MOBILITY:0.4544966382951569
C_KINGSAFETY:0.5080214064557864
C_PAWNSTRUCTURE:0.47633791229083206
C_PIECECOORDINATION:0.4832810870699737
C_ROOKANDPAWNMOVEMENT:0.4832810870699737
C_CENTERCONTROL:0.5479997743430556
C_DEVELOPPIECES:0.44164950281643994
C_MATERIAL:0.5504649444666633
C_MOVECOUNT:0.5
