ELO:922
CE_PASSEDPAWNS:0.4655715134490519
CE_PAWNWEAKNESSES:0.44890242194518293
CE_PIECEACTIVITY:0.5395586644145314
CE_KINGPAWNSHIELD:0.45098526805315087
CE_PIECECOORDINATION:0.5022898664147393
CE_MATERIAL:0.5159100073633844
CE_KINGSAFETY:0.48412376093277354
C_PIECESQUARETABLES:0.559776746735421
C_MOBILITY:0.519784516662604
C_KINGSAFETY:0.47411979679897087
C_PAWNSTRUCTURE:0.4491216140337069
C_PIECECOORDINATION:0.5150313733387876
C_ROOKANDPAWNMOVEMENT:0.5150313733387876
C_CENTERCONTROL:0.5357460576001596
C_DEVELOPPIECES:0.5017951276950843
C_MATERIAL:0.4991694642453939
C_MOVECOUNT:0.5
