ELO:1037
CE_PASSEDPAWNS:0.5088969170105517
CE_PAWNWEAKNESSES:0.5151369554337137
CE_PIECEACTIVITY:0.4898918661035154
CE_KINGPAWNSHIELD:0.48875468384227955
CE_PIECECOORDINATION:0.48149004073873647
CE_MATERIAL:0.5
CE_KINGSAFETY:0.5
C_PIECESQUARETABLES:0.5
C_MOBILITY:0.5
C_KINGSAFETY:0.4977610177086823
C_PAWNSTRUCTURE:0.5
C_PIECECOORDINATION:0.5124872349890299
C_ROOK:0.5130814578685717
CE_ROOK:0.4992885448329656
C_CENTERCONTROL:0.49650807884561055
C_DEVELOPPIECES:0.47926425733837474
C_MATERIAL:0.4919401372919477
C_MOVECOUNT:0.4939827515543085
C_PAWNMOVEMENT:0.5115033278778504
