ELO:1003
CE_PASSEDPAWNS:0.4743196947785411
CE_PAWNWEAKNESSES:0.5475051817695443
CE_PIECEACTIVITY:0.49292760794922363
CE_KINGPAWNSHIELD:0.36573007036362953
CE_PIECECOORDINATION:0.5811233829769751
CE_MATERIAL:0.5109777194772477
CE_KINGSAFETY:0.4945021885762282
C_PIECESQUARETABLES:0.473378595443725
C_MOBILITY:0.5323664031133385
C_KINGSAFETY:0.5054547748236727
C_PAWNSTRUCTURE:0.4665711569813034
C_PIECECOORDINATION:0.4685384500381851
C_ROOKANDPAWNMOVEMENT:0.4685384500381851
C_CENTERCONTROL:0.5162778070207968
C_DEVELOPPIECES:0.5018240891196062
C_MATERIAL:0.47032618421062855
