ELO:1006
CE_PASSEDPAWNS:0.48988584357042053
CE_PAWNWEAKNESSES:0.48396006495068156
CE_PIECEACTIVITY:0.48184201556346357
CE_KINGPAWNSHIELD:0.5224832526377359
CE_PIECECOORDINATION:0.5238094004842603
CE_MATERIAL:0.5174459879681497
CE_KINGSAFETY:0.5
C_PIECESQUARETABLES:0.5
C_MOBILITY:0.47865898097989457
C_KINGSAFETY:0.49930664095009764
C_PAWNSTRUCTURE:0.4804053736929924
C_PIECECOORDINATION:0.5121076075461656
C_ROOK:0.5009662701519307
CE_ROOK:0.5140675743201198
C_CENTERCONTROL:0.4529636303463352
C_DEVELOPPIECES:0.5050890776054294
C_MATERIAL:0.4992123053455677
C_MOVECOUNT:0.5
C_PAWNMOVEMENT:0.5400932642649898
