ELO:909
CE_PASSEDPAWNS:0.4001041402947459
CE_PAWNWEAKNESSES:0.5365340799425521
CE_PIECEACTIVITY:0.4585123020729675
CE_KINGPAWNSHIELD:0.5573630162260133
CE_PIECECOORDINATION:0.4487551896377776
CE_MATERIAL:0.5245636579584699
CE_KINGSAFETY:0.5254456684432282
C_PIECESQUARETABLES:0.553325090595387
C_MOBILITY:0.5881610439585078
C_KINGSAFETY:0.448693672666737
C_PAWNSTRUCTURE:0.3755010017967772
C_PIECECOORDINATION:0.42733042823424977
C_ROOKANDPAWNMOVEMENT:0.42733042823424977
C_CENTERCONTROL:0.48814239640195034
C_DEVELOPPIECES:0.4614500636186714
C_MATERIAL:0.52022973429107
