ELO:948
CE_PASSEDPAWNS:0.43923814901575603
CE_PAWNWEAKNESSES:0.5401559351996625
CE_PIECEACTIVITY:0.525537144620762
CE_KINGPAWNSHIELD:0.5953461981785709
CE_PIECECOORDINATION:0.47711407243046894
CE_MATERIAL:0.5193455992898082
CE_KINGSAFETY:0.47691878934962056
C_PIECESQUARETABLES:0.461755617118672
C_MOBILITY:0.5369676093558469
C_KINGSAFETY:0.45436415304732636
C_PAWNSTRUCTURE:0.43556881740948317
C_PIECECOORDINATION:0.43682512316945393
C_ROOKANDPAWNMOVEMENT:0.43682512316945393
C_CENTERCONTROL:0.4916952767699277
C_DEVELOPPIECES:0.48870610303563883
C_MATERIAL:0.4839915148922471
