ELO:1028
CE_PASSEDPAWNS:0.49424108628794977
CE_PAWNWEAKNESSES:0.5037099504192767
CE_PIECEACTIVITY:0.5211149527824238
CE_KINGPAWNSHIELD:0.5025507360126594
CE_PIECECOORDINATION:0.4967959461992944
CE_MATERIAL:0.4939458398004939
CE_KINGSAFETY:0.5
C_PIECESQUARETABLES:0.5
C_MOBILITY:0.5039914218878431
C_KINGSAFETY:0.5241367239369629
C_PAWNSTRUCTURE:0.5
C_PIECECOORDINATION:0.5024062923218431
C_ROOK:0.5057630929773514
CE_ROOK:0.49256612520847703
C_CENTERCONTROL:0.4920725275443621
C_DEVELOPPIECES:0.5069449826884757
C_MATERIAL:0.5063430896814836
C_MOVECOUNT:0.5
C_PAWNMOVEMENT:0.4953020681581354
