ELO:974
CE_PASSEDPAWNS:0.49926595808275925
CE_PAWNWEAKNESSES:0.4985985015522814
CE_PIECEACTIVITY:0.49745205681101834
CE_KINGPAWNSHIELD:0.491904498340853
CE_PIECECOORDINATION:0.5066306081765751
CE_MATERIAL:0.496647461737162
CE_KINGSAFETY:0.48568557822253355
C_PIECESQUARETABLES:0.5
C_MOBILITY:0.49496346263836616
C_KINGSAFETY:0.5
C_PAWNSTRUCTURE:0.48399651278062195
C_PIECECOORDINATION:0.48588321417706354
C_ROOKANDPAWNMOVEMENT:0.48588321417706354
C_CENTERCONTROL:0.47613907816140094
C_DEVELOPPIECES:0.5136200199295324
C_MATERIAL:0.515431651554195
