ELO:967
CE_PASSEDPAWNS:0.4336433795080797
CE_PAWNWEAKNESSES:0.4465404488014526
CE_PIECEACTIVITY:0.44635208318430697
CE_KINGPAWNSHIELD:0.5661908567657905
CE_PIECECOORDINATION:0.4896746665747119
CE_MATERIAL:0.4490074002596393
CE_KINGSAFETY:0.5014248406046374
C_PIECESQUARETABLES:0.4932012575463898
C_MOBILITY:0.49738795420730053
C_KINGSAFETY:0.4547400922878012
C_PAWNSTRUCTURE:0.6058429906895716
C_PIECECOORDINATION:0.545988285516812
C_ROOKANDPAWNMOVEMENT:0.545988285516812
C_CENTERCONTROL:0.5304759430357571
C_DEVELOPPIECES:0.46263167779395586
C_MATERIAL:0.519329874848798
