ELO:971
CE_PASSEDPAWNS:0.47548507748362895
CE_PAWNWEAKNESSES:0.49756249426089943
CE_PIECEACTIVITY:0.47946346850928345
CE_KINGPAWNSHIELD:0.5360713000718859
CE_PIECECOORDINATION:0.4659083953155554
CE_MATERIAL:0.5069529220731324
CE_KINGSAFETY:0.46989706618900795
C_PIECESQUARETABLES:0.521334614556168
C_MOBILITY:0.4856351068732721
C_KINGSAFETY:0.47588952881082425
C_PAWNSTRUCTURE:0.42131068217107953
C_PIECECOORDINATION:0.4846687553888065
C_ROOKANDPAWNMOVEMENT:0.4846687553888065
C_CENTERCONTROL:0.511244301022655
C_DEVELOPPIECES:0.49281958034123435
C_MATERIAL:0.5155196399442036
