ELO:949
CE_PASSEDPAWNS:0.5431676527019902
CE_PAWNWEAKNESSES:0.49089491396490376
CE_PIECEACTIVITY:0.5268796053877052
CE_KINGPAWNSHIELD:0.4694339118219629
CE_PIECECOORDINATION:0.48906845609513633
CE_MATERIAL:0.4688168437300998
CE_KINGSAFETY:0.5303482992401085
C_PIECESQUARETABLES:0.4743968076291567
C_MOBILITY:0.5
C_KINGSAFETY:0.5064212792405047
C_PAWNSTRUCTURE:0.5
C_PIECECOORDINATION:0.5113657080356013
C_ROOKANDPAWNMOVEMENT:0.5113657080356013
C_CENTERCONTROL:0.513552361204556
C_DEVELOPPIECES:0.4304333526097535
C_MATERIAL:0.4829850895311555
C_MOVECOUNT:0.5
