ELO:947
CE_PASSEDPAWNS:0.4083312942102515
CE_PAWNWEAKNESSES:0.41238050552818006
CE_PIECEACTIVITY:0.3995202996197561
CE_KINGPAWNSHIELD:0.5371597925743206
CE_PIECECOORDINATION:0.45809615193587616
CE_MATERIAL:0.4135236756146918
CE_KINGSAFETY:0.49243757148777145
C_PIECESQUARETABLES:0.48849771695357036
C_MOBILITY:0.5147438280657956
C_KINGSAFETY:0.4776451517758997
C_PAWNSTRUCTURE:0.5897107918459732
C_PIECECOORDINATION:0.5220196518191785
C_ROOKANDPAWNMOVEMENT:0.5220196518191785
C_CENTERCONTROL:0.4953116217818886
C_DEVELOPPIECES:0.4316006635088026
C_MATERIAL:0.5707137795079611
