ELO:942
CE_PASSEDPAWNS:0.4979981721746754
CE_PAWNWEAKNESSES:0.5397180029253497
CE_PIECEACTIVITY:0.5300162527480036
CE_KINGPAWNSHIELD:0.5124325674914827
CE_PIECECOORDINATION:0.4917986928310534
CE_MATERIAL:0.5216245396576735
CE_KINGSAFETY:0.4814600682508597
C_PIECESQUARETABLES:0.4906797880784881
C_MOBILITY:0.5171279999934779
C_KINGSAFETY:0.4936014924526551
C_PAWNSTRUCTURE:0.48725762250969096
C_PIECECOORDINATION:0.5487893627608696
C_ROOKANDPAWNMOVEMENT:0.5487893627608696
C_CENTERCONTROL:0.46638464164274396
C_DEVELOPPIECES:0.5354796911997879
C_MATERIAL:0.5453795554027007
C_MOVECOUNT:0.5
