ELO:876
CE_PASSEDPAWNS:0.5395146761512669
CE_PAWNWEAKNESSES:0.4663166421512287
CE_PIECEACTIVITY:0.5268429594071298
CE_KINGPAWNSHIELD:0.5248969442999537
CE_PIECECOORDINATION:0.5468509531453972
CE_MATERIAL:0.51590189257712
CE_KINGSAFETY:0.5
C_PIECESQUARETABLES:0.47369418749398984
C_MOBILITY:0.5012068789118989
C_KINGSAFETY:0.49751253518485766
C_PAWNSTRUCTURE:0.5238804065237196
C_PIECECOORDINATION:0.45428510159151775
C_ROOKANDPAWNMOVEMENT:0.45428510159151775
C_CENTERCONTROL:0.5739870635977798
C_DEVELOPPIECES:0.5419711319523808
C_MATERIAL:0.4638149241504399
C_MOVECOUNT:0.5
