ELO:1000
CE_PASSEDPAWNS:0.49503404216078695
CE_PAWNWEAKNESSES:0.5072748771777914
CE_PIECEACTIVITY:0.4970018884559852
CE_KINGPAWNSHIELD:0.5302667844739145
CE_PIECECOORDINATION:0.5071879763141913
CE_MATERIAL:0.5302909842490344
CE_KINGSAFETY:0.5071553766237269
C_PIECESQUARETABLES:0.5052565214214397
C_MOBILITY:0.493428404037218
C_KINGSAFETY:0.5025055172458869
C_PAWNSTRUCTURE:0.4873167410382949
C_PIECECOORDINATION:0.47428634966998384
C_ROOKANDPAWNMOVEMENT:0.47428634966998384
C_CENTERCONTROL:0.5159189516450997
C_DEVELOPPIECES:0.48877427138113194
C_MATERIAL:0.5059902680546153
