ELO:829
CE_PASSEDPAWNS:0.5542678227021289
CE_PAWNWEAKNESSES:0.5262631271309829
CE_PIECEACTIVITY:0.5421543301031445
CE_KINGPAWNSHIELD:0.5223737848949159
CE_PIECECOORDINATION:0.5160004262776249
CE_MATERIAL:0.5307184786513035
CE_KINGSAFETY:0.4875102180359443
C_PIECESQUARETABLES:0.5095154315972443
C_MOBILITY:0.5285056766323405
C_KINGSAFETY:0.4820533051516756
C_PAWNSTRUCTURE:0.522755060916574
C_PIECECOORDINATION:0.5162393598653113
C_ROOKANDPAWNMOVEMENT:0.5162393598653113
C_CENTERCONTROL:0.4703450037164307
C_DEVELOPPIECES:0.5193803380906651
C_MATERIAL:0.5755549833311555
C_MOVECOUNT:0.5
