ELO:999
CE_PASSEDPAWNS:0.5
CE_PAWNWEAKNESSES:0.48921247825342157
CE_PIECEACTIVITY:0.5072565645688079
CE_KINGPAWNSHIELD:0.5
CE_PIECECOORDINATION:0.5097196379456022
CE_MATERIAL:0.49600660670884483
CE_KINGSAFETY:0.5094606172130799
C_PIECESQUARETABLES:0.48885793792738563
C_MOBILITY:0.5066958275603022
C_KINGSAFETY:0.5060111182441173
C_PAWNSTRUCTURE:0.5
C_PIECECOORDINATION:0.507465133158181
C_ROOKANDPAWNMOVEMENT:0.507465133158181
C_CENTERCONTROL:0.5
C_DEVELOPPIECES:0.5112389930153715
C_MATERIAL:0.5092810154889741
C_MOVECOUNT:0.5
