ELO:975
CE_PASSEDPAWNS:0.4997498365879204
CE_PAWNWEAKNESSES:0.5172087884191532
CE_PIECEACTIVITY:0.5082145405860452
CE_KINGPAWNSHIELD:0.4895046594810052
CE_PIECECOORDINATION:0.5091722695305436
CE_MATERIAL:0.5
CE_KINGSAFETY:0.4992063697075835
C_PIECESQUARETABLES:0.49660965852839606
C_MOBILITY:0.5145891327647177
C_KINGSAFETY:0.5090597248620432
C_PAWNSTRUCTURE:0.4946771269934049
C_PIECECOORDINATION:0.5014106368332333
C_ROOK:0.4951771789841607
CE_ROOK:0.4891847360248872
C_CENTERCONTROL:0.5029622652073797
C_DEVELOPPIECES:0.49288361103215295
C_MATERIAL:0.5087557427243642
C_MOVECOUNT:0.5076875977241397
C_PAWNMOVEMENT:0.49796632154066706
