ELO:1012
CE_PASSEDPAWNS:0.49263469410577376
CE_PAWNWEAKNESSES:0.5213033003369301
CE_PIECEACTIVITY:0.5
CE_KINGPAWNSHIELD:0.5
CE_PIECECOORDINATION:0.5
CE_MATERIAL:0.5
CE_KINGSAFETY:0.49781256555076314
C_PIECESQUARETABLES:0.49519089073977274
C_MOBILITY:0.5
C_KINGSAFETY:0.4999838444720785
C_PAWNSTRUCTURE:0.5
C_PIECECOORDINATION:0.501560277999335
C_ROOK:0.4968403237351912
CE_ROOK:0.5
C_CENTERCONTROL:0.5
C_DEVELOPPIECES:0.5
C_MATERIAL:0.5026642944955898
C_MOVECOUNT:0.48775097414123053
C_PAWNMOVEMENT:0.48185640040674094
