ELO:1041
CE_PASSEDPAWNS:0.5248619628099709
CE_PAWNWEAKNESSES:0.5008540239106584
CE_PIECEACTIVITY:0.48608314872715286
CE_KINGPAWNSHIELD:0.48875468384227955
CE_PIECECOORDINATION:0.4959057709071751
CE_MATERIAL:0.4842056406862006
CE_KINGSAFETY:0.5
C_PIECESQUARETABLES:0.5
C_MOBILITY:0.5048071759022635
C_KINGSAFETY:0.48751029456479994
C_PAWNSTRUCTURE:0.511669103685065
C_PIECECOORDINATION:0.5141466080046859
C_ROOK:0.5251904476926308
CE_ROOK:0.4992885448329656
C_CENTERCONTROL:0.4787959759969498
C_DEVELOPPIECES:0.5
C_MATERIAL:0.4735416744655318
C_MOVECOUNT:0.4615734026604893
C_PAWNMOVEMENT:0.48565174688781987
