ELO:1013
CE_PASSEDPAWNS:0.5138341080678203
CE_PAWNWEAKNESSES:0.4949374420748937
CE_PIECEACTIVITY:0.49870795245963095
CE_KINGPAWNSHIELD:0.5117731163288274
CE_PIECECOORDINATION:0.5048673430744499
CE_MATERIAL:0.4982601138615107
CE_KINGSAFETY:0.5
C_PIECESQUARETABLES:0.5
C_MOBILITY:0.47865898097989457
C_KINGSAFETY:0.4896636760931384
C_PAWNSTRUCTURE:0.4804053736929924
C_PIECECOORDINATION:0.5121076075461656
C_ROOK:0.49634645325755944
CE_ROOK:0.49463821876990005
C_CENTERCONTROL:0.4529636303463352
C_DEVELOPPIECES:0.5416454889175935
C_MATERIAL:0.5177364255238226
C_MOVECOUNT:0.4901162367882354
C_PAWNMOVEMENT:0.4784800926892652
