ELO:1022
CE_PASSEDPAWNS:0.49665471019196156
CE_PAWNWEAKNESSES:0.49110875076286015
CE_PIECEACTIVITY:0.5
CE_KINGPAWNSHIELD:0.5024837139228125
CE_PIECECOORDINATION:0.4977710575614237
CE_MATERIAL:0.4939458398004939
CE_KINGSAFETY:0.5
C_PIECESQUARETABLES:0.5
C_MOBILITY:0.5039914218878431
C_KINGSAFETY:0.45404139381650016
C_PAWNSTRUCTURE:0.4996958912110175
C_PIECECOORDINATION:0.5024062923218431
C_ROOK:0.46687634147408036
CE_ROOK:0.503614211209282
C_CENTERCONTROL:0.5259603426439946
C_DEVELOPPIECES:0.5191417892675573
C_MATERIAL:0.5160514532419177
C_MOVECOUNT:0.5097475948095455
C_PAWNMOVEMENT:0.47162652793007026
