ELO:1003
CE_PASSEDPAWNS:0.49827465922478037
CE_PAWNWEAKNESSES:0.48569496198713685
CE_PIECEACTIVITY:0.5034683874290813
CE_KINGPAWNSHIELD:0.4805823021636995
CE_PIECECOORDINATION:0.5165875885347805
CE_MATERIAL:0.4783292568145336
CE_KINGSAFETY:0.5
C_PIECESQUARETABLES:0.5
C_MOBILITY:0.5057745642532829
C_KINGSAFETY:0.5265014950059942
C_PAWNSTRUCTURE:0.5084365287501169
C_PIECECOORDINATION:0.5121076075461656
C_ROOK:0.4826055649049862
CE_ROOK:0.47074760639015495
C_CENTERCONTROL:0.5394494288374279
C_DEVELOPPIECES:0.5227082644589882
C_MATERIAL:0.49879964516322967
C_MOVECOUNT:0.5151291691290685
C_PAWNMOVEMENT:0.502896661065934
