ELO:970
CE_PASSEDPAWNS:0.4936747312750445
CE_PAWNWEAKNESSES:0.5036133137521177
CE_PIECEACTIVITY:0.4902875389466118
CE_KINGPAWNSHIELD:0.48589110555553505
CE_PIECECOORDINATION:0.5013458004053237
CE_MATERIAL:0.49831830489691453
CE_KINGSAFETY:0.5
C_PIECESQUARETABLES:0.53650978843604
C_MOBILITY:0.5035992283742438
C_KINGSAFETY:0.4975071808300919
C_PAWNSTRUCTURE:0.5199221992438718
C_PIECECOORDINATION:0.4960543118080494
C_ROOKANDPAWNMOVEMENT:0.4960543118080494
C_CENTERCONTROL:0.5184156849841378
C_DEVELOPPIECES:0.4974124228926561
C_MATERIAL:0.493384295092263
C_MOVECOUNT:0.5184422088427147
