ELO:1000
CE_PASSEDPAWNS:0.5034485740390185
CE_PAWNWEAKNESSES:0.5092071287794446
CE_PIECEACTIVITY:0.4868593346634261
CE_KINGPAWNSHIELD:0.5262222600323808
CE_PIECECOORDINATION:0.5004137448634185
CE_MATERIAL:0.5302909842490344
CE_KINGSAFETY:0.49913772201138584
C_PIECESQUARETABLES:0.48609308634477355
C_MOBILITY:0.4855415816436716
C_KINGSAFETY:0.5085378645630242
C_PAWNSTRUCTURE:0.4922324472968389
C_PIECECOORDINATION:0.46943356910541967
C_ROOKANDPAWNMOVEMENT:0.46943356910541967
C_CENTERCONTROL:0.5008849735561243
C_DEVELOPPIECES:0.4901923211823224
C_MATERIAL:0.5113384363363082
