ELO:1000
CE_PASSEDPAWNS:0.4897472437176753
CE_PAWNWEAKNESSES:0.5569861074915311
CE_PIECEACTIVITY:0.503309399991104
CE_KINGPAWNSHIELD:0.4723609406064622
CE_PIECECOORDINATION:0.5023187331269888
CE_MATERIAL:0.5422171536114317
CE_KINGSAFETY:0.49035621527824275
C_PIECESQUARETABLES:0.495457046628041
C_MOBILITY:0.5315377738026239
C_KINGSAFETY:0.499514935005812
C_PAWNSTRUCTURE:0.4902686671669275
C_PIECECOORDINATION:0.5707605601984647
C_ROOKANDPAWNMOVEMENT:0.5707605601984647
C_CENTERCONTROL:0.4506656922277623
C_DEVELOPPIECES:0.5283681269058071
C_MATERIAL:0.4874836789806306
