ELO:1000
CE_PASSEDPAWNS:0.49503404216078695
CE_PAWNWEAKNESSES:0.5065993589858027
CE_PIECEACTIVITY:0.4843216451554243
CE_KINGPAWNSHIELD:0.5301006542797917
CE_PIECECOORDINATION:0.505662033500797
CE_MATERIAL:0.5274491462328226
CE_KINGSAFETY:0.49744160938341736
C_PIECESQUARETABLES:0.49375204366174996
C_MOBILITY:0.48283461495627905
C_KINGSAFETY:0.47981100113453734
C_PAWNSTRUCTURE:0.48860495428314915
C_PIECECOORDINATION:0.4709039803357123
C_ROOKANDPAWNMOVEMENT:0.4709039803357123
C_CENTERCONTROL:0.5292585911641992
C_DEVELOPPIECES:0.490624983119483
C_MATERIAL:0.5092349963450772
