ELO:1138
CE_PASSEDPAWNS:0.47821839498983276
CE_PAWNWEAKNESSES:0.4455228930935586
CE_PIECEACTIVITY:0.48105124485049583
CE_KINGPAWNSHIELD:0.6208131797722044
CE_PIECECOORDINATION:0.46453197342168495
CE_MATERIAL:0.39783305558335186
CE_KINGSAFETY:0.5
C_PIECESQUARETABLES:0.5
C_MOBILITY:0.4186257324745768
C_KINGSAFETY:0.6092629782744933
C_PAWNSTRUCTURE:0.4116804582701992
C_PIECECOORDINATION:0.4800641516489376
C_ROOKANDPAWNMOVEMENT:0.4800641516489376
C_CENTERCONTROL:0.5215668143451082
C_DEVELOPPIECES:0.464302331748555
C_MATERIAL:0.37614607837115044
