ELO:1043
CE_PASSEDPAWNS:0.5248619628099709
CE_PAWNWEAKNESSES:0.5
CE_PIECEACTIVITY:0.5044483528572965
CE_KINGPAWNSHIELD:0.4779380244646073
CE_PIECECOORDINATION:0.5111036686370785
CE_MATERIAL:0.49772630847706006
CE_KINGSAFETY:0.5
C_PIECESQUARETABLES:0.5
C_MOBILITY:0.5039914218878431
C_KINGSAFETY:0.487631230140842
C_PAWNSTRUCTURE:0.5024571490482777
C_PIECECOORDINATION:0.5141466080046859
C_ROOK:0.48960068424671976
CE_ROOK:0.49256612520847703
C_CENTERCONTROL:0.4920725275443621
C_DEVELOPPIECES:0.4925283032106535
C_MATERIAL:0.48826105598907077
C_MOVECOUNT:0.5
C_PAWNMOVEMENT:0.4904676925178619
