ELO:1020
CE_PASSEDPAWNS:0.4231619130802035
CE_PAWNWEAKNESSES:0.42522661123978234
CE_PIECEACTIVITY:0.4316865048610694
CE_KINGPAWNSHIELD:0.53658814808283
CE_PIECECOORDINATION:0.49407057932970216
CE_MATERIAL:0.4833175453231494
CE_KINGSAFETY:0.508514149610797
C_PIECESQUARETABLES:0.4467308725769326
C_MOBILITY:0.5177727680438319
C_KINGSAFETY:0.4458498640666366
C_PAWNSTRUCTURE:0.6119872196877845
C_PIECECOORDINATION:0.5354540087142643
C_ROOKANDPAWNMOVEMENT:0.5354540087142643
C_CENTERCONTROL:0.5015774469961503
C_DEVELOPPIECES:0.4700781465571725
C_MATERIAL:0.5368788541752777
