ELO:941
CE_PASSEDPAWNS:0.41112892157399394
CE_PAWNWEAKNESSES:0.5244244432441982
CE_PIECEACTIVITY:0.5200587165692658
CE_KINGPAWNSHIELD:0.599114824798958
CE_PIECECOORDINATION:0.454938087934312
CE_MATERIAL:0.5240836989274427
CE_KINGSAFETY:0.5204075700796906
C_PIECESQUARETABLES:0.5018935451500777
C_MOBILITY:0.5448951409538764
C_KINGSAFETY:0.457478589495399
C_PAWNSTRUCTURE:0.43357888434865705
C_PIECECOORDINATION:0.44082721786808016
C_ROOKANDPAWNMOVEMENT:0.44082721786808016
C_CENTERCONTROL:0.48154689637992193
C_DEVELOPPIECES:0.49847640152148437
C_MATERIAL:0.5047392012067393
