ELO:981
CE_PASSEDPAWNS:0.5
CE_PAWNWEAKNESSES:0.5047140110482913
CE_PIECEACTIVITY:0.5146149666151594
CE_KINGPAWNSHIELD:0.508728026846453
CE_PIECECOORDINATION:0.5
CE_MATERIAL:0.4861273720527564
CE_KINGSAFETY:0.5
C_PIECESQUARETABLES:0.5
C_MOBILITY:0.4966252805011736
C_KINGSAFETY:0.4997078493890329
C_PAWNSTRUCTURE:0.5071155638118925
C_PIECECOORDINATION:0.5
C_ROOKANDPAWNMOVEMENT:0.5
C_CENTERCONTROL:0.5
C_DEVELOPPIECES:0.48966959685325373
C_MATERIAL:0.5
C_MOVECOUNT:0.5
