ELO:983
CE_PASSEDPAWNS:0.5027230560981786
CE_PAWNWEAKNESSES:0.5473868254969544
CE_PIECEACTIVITY:0.5500344868358895
CE_KINGPAWNSHIELD:0.46424799476696366
CE_PIECECOORDINATION:0.4791841676224234
CE_MATERIAL:0.5091497262333498
CE_KINGSAFETY:0.4939779996113201
C_PIECESQUARETABLES:0.5
C_MOBILITY:0.48941882534231884
C_KINGSAFETY:0.4876060557009499
C_PAWNSTRUCTURE:0.48675408390879066
C_PIECECOORDINATION:0.5090468004910614
C_ROOK:0.5000151810501162
CE_ROOK:0.4702007772354384
C_CENTERCONTROL:0.539682710669389
C_DEVELOPPIECES:0.5336521288724477
C_MATERIAL:0.5066462544311117
C_MOVECOUNT:0.5528776670558255
C_PAWNMOVEMENT:0.5037223531226751
