ELO:957
CE_PASSEDPAWNS:0.482995287481509
CE_PAWNWEAKNESSES:0.5295417019493508
CE_PIECEACTIVITY:0.5306185444511881
CE_KINGPAWNSHIELD:0.5732934702719795
CE_PIECECOORDINATION:0.5092928185179039
CE_MATERIAL:0.5080800124479552
CE_KINGSAFETY:0.4970162871796438
C_PIECESQUARETABLES:0.4722042634006923
C_MOBILITY:0.5340101358134813
C_KINGSAFETY:0.47460796273249006
C_PAWNSTRUCTURE:0.4148668820215387
C_PIECECOORDINATION:0.42845304112223487
C_ROOKANDPAWNMOVEMENT:0.42845304112223487
C_CENTERCONTROL:0.5115259431013577
C_DEVELOPPIECES:0.5014380678808984
C_MATERIAL:0.5037815411426685
