ELO:800
CE_PASSEDPAWNS:0.5747041925093354
CE_PAWNWEAKNESSES:0.5075683939695423
CE_PIECEACTIVITY:0.5598888690096792
CE_KINGPAWNSHIELD:0.5461322593134483
CE_PIECECOORDINATION:0.5612435996500504
CE_MATERIAL:0.5216839632705469
CE_KINGSAFETY:0.43335440408792325
C_PIECESQUARETABLES:0.5082233954896666
C_MOBILITY:0.5035582183958566
C_KINGSAFETY:0.5137874345247322
C_PAWNSTRUCTURE:0.4868650994799832
C_PIECECOORDINATION:0.5639352651760943
C_ROOKANDPAWNMOVEMENT:0.5639352651760943
C_CENTERCONTROL:0.47223785141629954
C_DEVELOPPIECES:0.5301016025326596
C_MATERIAL:0.5318046495637114
C_MOVECOUNT:0.5
