ELO:983
CE_PASSEDPAWNS:0.5067112129154167
CE_PAWNWEAKNESSES:0.5176818977800367
CE_PIECEACTIVITY:0.503157602267267
CE_KINGPAWNSHIELD:0.5101559907557067
CE_PIECECOORDINATION:0.482647411878613
CE_MATERIAL:0.510598050612396
CE_KINGSAFETY:0.4918623486232641
C_PIECESQUARETABLES:0.4997746428868926
C_MOBILITY:0.47824075861485776
C_KINGSAFETY:0.4953475402720213
C_PAWNSTRUCTURE:0.5045427503658843
C_PIECECOORDINATION:0.4863667378372649
C_ROOK:0.48347074494801134
CE_ROOK:0.5
C_CENTERCONTROL:0.5085430081107815
C_DEVELOPPIECES:0.4983835597456641
C_MATERIAL:0.5131728517948811
C_MOVECOUNT:0.498455363471706
C_PAWNMOVEMENT:0.5051766520929089
