ELO:873
CE_PASSEDPAWNS:0.40562290662586836
CE_PAWNWEAKNESSES:0.3979257611393344
CE_PIECEACTIVITY:0.3474190267825762
CE_KINGPAWNSHIELD:0.5392421151357686
CE_PIECECOORDINATION:0.4626058642155296
CE_MATERIAL:0.400189432252659
CE_KINGSAFETY:0.49818403168046466
C_PIECESQUARETABLES:0.47904013991457367
C_MOBILITY:0.5101379784355057
C_KINGSAFETY:0.4630627987269823
C_PAWNSTRUCTURE:0.5449973648419703
C_PIECECOORDINATION:0.49759081586566917
C_ROOKANDPAWNMOVEMENT:0.49759081586566917
C_CENTERCONTROL:0.49140913462572133
C_DEVELOPPIECES:0.45512146093736466
C_MATERIAL:0.5278352279153216
