ELO:836
CE_PASSEDPAWNS:0.47034832066429505
CE_PAWNWEAKNESSES:0.666321526230942
CE_PIECEACTIVITY:0.5028162949640406
CE_KINGPAWNSHIELD:0.4301892030416735
CE_PIECECOORDINATION:0.5022967333235083
CE_MATERIAL:0.4564558625513607
CE_KINGSAFETY:0.48887872694924106
C_PIECESQUARETABLES:0.5
C_MOBILITY:0.5212860337408602
C_KINGSAFETY:0.6170932784112692
C_PAWNSTRUCTURE:0.5
C_PIECECOORDINATION:0.4548628339665114
C_ROOKANDPAWNMOVEMENT:0.4548628339665114
C_CENTERCONTROL:0.5481264057322862
C_DEVELOPPIECES:0.45369809888943113
C_MATERIAL:0.5836240537153533
C_MOVECOUNT:0.5
