ELO:953
CE_PASSEDPAWNS:0.4302274310697555
CE_PAWNWEAKNESSES:0.42700327799397136
CE_PIECEACTIVITY:0.4237980389077175
CE_KINGPAWNSHIELD:0.583712437700705
CE_PIECECOORDINATION:0.4756596564548087
CE_MATERIAL:0.4587062935263741
CE_KINGSAFETY:0.4591706835856558
C_PIECESQUARETABLES:0.4868942683190292
C_MOBILITY:0.49576598989459786
C_KINGSAFETY:0.4661340048864765
C_PAWNSTRUCTURE:0.5924389412019229
C_PIECECOORDINATION:0.5515680928170835
C_ROOKANDPAWNMOVEMENT:0.5515680928170835
C_CENTERCONTROL:0.5187618560278717
C_DEVELOPPIECES:0.46516281102507756
C_MATERIAL:0.5459883261507608
