ELO:986
CE_PASSEDPAWNS:0.5077771719130012
CE_PAWNWEAKNESSES:0.5555936113520655
CE_PIECEACTIVITY:0.5144750712005799
CE_KINGPAWNSHIELD:0.4958876103864205
CE_PIECECOORDINATION:0.48449440631539403
CE_MATERIAL:0.48426420079647864
CE_KINGSAFETY:0.5
C_PIECESQUARETABLES:0.5
C_MOBILITY:0.4888070558741204
C_KINGSAFETY:0.48233824245969126
C_PAWNSTRUCTURE:0.4900577029284544
C_PIECECOORDINATION:0.5108479716225487
C_ROOK:0.48739593457030234
CE_ROOK:0.4704869874213464
C_CENTERCONTROL:0.4872564949137904
C_DEVELOPPIECES:0.5079276151367915
C_MATERIAL:0.49384033658543436
C_MOVECOUNT:0.45496312736866934
C_PAWNMOVEMENT:0.5056353683269922
