ELO:918
CE_PASSEDPAWNS:0.4174578432835371
CE_PAWNWEAKNESSES:0.40094769442305095
CE_PIECEACTIVITY:0.3532554652477565
CE_KINGPAWNSHIELD:0.5394708289163528
CE_PIECECOORDINATION:0.4650964893627312
CE_MATERIAL:0.4124795689568475
CE_KINGSAFETY:0.4837998406799687
C_PIECESQUARETABLES:0.46865520627080365
C_MOBILITY:0.5144542032733286
C_KINGSAFETY:0.4423724782215399
C_PAWNSTRUCTURE:0.5791603760694045
C_PIECECOORDINATION:0.5120205672144156
C_ROOKANDPAWNMOVEMENT:0.5120205672144156
C_CENTERCONTROL:0.5174539627638395
C_DEVELOPPIECES:0.4397205624886324
C_MATERIAL:0.5374110524304254
