ELO:919
CE_PASSEDPAWNS:0.5248839435708196
CE_PAWNWEAKNESSES:0.4929324937307893
CE_PIECEACTIVITY:0.42460239428067315
CE_KINGPAWNSHIELD:0.43864047894634706
CE_PIECECOORDINATION:0.5167875971814051
CE_MATERIAL:0.40930933836213723
CE_KINGSAFETY:0.5139218471712474
C_PIECESQUARETABLES:0.46678955071353073
C_MOBILITY:0.6017262647603808
C_KINGSAFETY:0.4508106333862511
C_PAWNSTRUCTURE:0.48858224780039994
C_PIECECOORDINATION:0.43568837742801675
C_ROOKANDPAWNMOVEMENT:0.43568837742801675
C_CENTERCONTROL:0.5241161723753799
C_DEVELOPPIECES:0.43415328095465305
C_MATERIAL:0.5321466617327496
