ELO:1028
CE_PASSEDPAWNS:0.524181148544201
CE_PAWNWEAKNESSES:0.47803055984620935
CE_PIECEACTIVITY:0.4995137636244469
CE_KINGPAWNSHIELD:0.47997628144867466
CE_PIECECOORDINATION:0.4958066906042593
CE_MATERIAL:0.48133174915993643
CE_KINGSAFETY:0.44822679310876173
C_PIECESQUARETABLES:0.49475343790941073
C_MOBILITY:0.5229352060597194
C_KINGSAFETY:0.442850629461384
C_PAWNSTRUCTURE:0.5476188320504448
C_PIECECOORDINATION:0.4929078534817883
C_ROOKANDPAWNMOVEMENT:0.4929078534817883
C_CENTERCONTROL:0.49339616791778246
C_DEVELOPPIECES:0.519653129338984
C_MATERIAL:0.5506749386160346
