ELO:1000
CE_PASSEDPAWNS:0.5288035800841071
CE_PAWNWEAKNESSES:0.4679304944934248
CE_PIECEACTIVITY:0.519450887899141
CE_KINGPAWNSHIELD:0.46810566468058085
CE_PIECECOORDINATION:0.5317492067752906
CE_MATERIAL:0.49373014732797865
CE_KINGSAFETY:0.4604729300079825
C_PIECESQUARETABLES:0.5187963606563964
C_MOBILITY:0.5254088947136759
C_KINGSAFETY:0.43649013071536846
C_PAWNSTRUCTURE:0.5391790674846493
C_PIECECOORDINATION:0.5140611137147759
C_ROOKANDPAWNMOVEMENT:0.5140611137147759
C_CENTERCONTROL:0.4923347917991259
C_DEVELOPPIECES:0.5042562635770043
C_MATERIAL:0.5430783572917366
