ELO:929
CE_PASSEDPAWNS:0.5613621967045841
CE_PAWNWEAKNESSES:0.4814473131323008
CE_PIECEACTIVITY:0.5855431020483304
CE_KINGPAWNSHIELD:0.5549506145355366
CE_PIECECOORDINATION:0.5660434694797207
CE_MATERIAL:0.43666577602424433
CE_KINGSAFETY:0.5306255115751133
C_PIECESQUARETABLES:0.5333785116546317
C_MOBILITY:0.49281465857635925
C_KINGSAFETY:0.3625300432777202
C_PAWNSTRUCTURE:0.5952520753562006
C_PIECECOORDINATION:0.5965671969246058
C_ROOKANDPAWNMOVEMENT:0.5965671969246058
C_CENTERCONTROL:0.5746197941327355
C_DEVELOPPIECES:0.5916765231894483
C_MATERIAL:0.6384847115084726
