ELO:884
CE_PASSEDPAWNS:0.48117842909898045
CE_PAWNWEAKNESSES:0.44957126294250077
CE_PIECEACTIVITY:0.5120829821250164
CE_KINGPAWNSHIELD:0.5715700917308393
CE_PIECECOORDINATION:0.49021638133981066
CE_MATERIAL:0.46671100637133767
CE_KINGSAFETY:0.5175717606050404
C_PIECESQUARETABLES:0.4686557606857505
C_MOBILITY:0.45698716673005885
C_KINGSAFETY:0.5221233281258344
C_PAWNSTRUCTURE:0.5
C_PIECECOORDINATION:0.552806643044016
C_ROOKANDPAWNMOVEMENT:0.552806643044016
C_CENTERCONTROL:0.5
C_DEVELOPPIECES:0.5007677142735136
C_MATERIAL:0.5507911252027411
C_MOVECOUNT:0.5
