ELO:1000
CE_PASSEDPAWNS:0.5046374792567131
CE_PAWNWEAKNESSES:0.49736321736711936
CE_PIECEACTIVITY:0.4903420287899822
CE_KINGPAWNSHIELD:0.5081567469804062
CE_PIECECOORDINATION:0.527651738718401
CE_MATERIAL:0.4299184235062832
CE_KINGSAFETY:0.48568547503900605
C_PIECESQUARETABLES:0.5231593457888943
C_MOBILITY:0.5548720214198742
C_KINGSAFETY:0.45693064137517087
C_PAWNSTRUCTURE:0.48991386748203924
C_PIECECOORDINATION:0.4500236357956044
C_ROOKANDPAWNMOVEMENT:0.4500236357956044
C_CENTERCONTROL:0.4541572961966736
C_DEVELOPPIECES:0.4442481189171828
C_MATERIAL:0.534357332213184
