ELO:983
CE_PASSEDPAWNS:0.5472366249935903
CE_PAWNWEAKNESSES:0.46038213869439654
CE_PIECEACTIVITY:0.5422999817565981
CE_KINGPAWNSHIELD:0.5079785883823994
CE_PIECECOORDINATION:0.5425869155412656
CE_MATERIAL:0.5093286096372256
CE_KINGSAFETY:0.5375660621047929
C_PIECESQUARETABLES:0.45696772840705296
C_MOBILITY:0.49682168501274937
C_KINGSAFETY:0.4413364603226638
C_PAWNSTRUCTURE:0.5938113919529153
C_PIECECOORDINATION:0.5248290697984439
C_ROOKANDPAWNMOVEMENT:0.5248290697984439
C_CENTERCONTROL:0.5078081014296176
C_DEVELOPPIECES:0.5316886379219096
C_MATERIAL:0.5713559822883095
