ELO:840
CE_PASSEDPAWNS:0.4311355511270793
CE_PAWNWEAKNESSES:0.4622710595263011
CE_PIECEACTIVITY:0.5350593514095111
CE_KINGPAWNSHIELD:0.45913068966433906
CE_PIECECOORDINATION:0.4098403266399058
CE_MATERIAL:0.5056833080537194
CE_KINGSAFETY:0.4869732671838421
C_PIECESQUARETABLES:0.4659795804548814
C_MOBILITY:0.4570144530792622
C_KINGSAFETY:0.5312484546422069
C_PAWNSTRUCTURE:0.45628323719769187
C_PIECECOORDINATION:0.5666351760614036
C_ROOKANDPAWNMOVEMENT:0.5666351760614036
C_CENTERCONTROL:0.5145494676833817
C_DEVELOPPIECES:0.49702021815748304
C_MATERIAL:0.4876048161919226
C_MOVECOUNT:0.5
