ELO:997
CE_PASSEDPAWNS:0.5039109723601101
CE_PAWNWEAKNESSES:0.5
CE_PIECEACTIVITY:0.5
CE_KINGPAWNSHIELD:0.5008809519743683
CE_PIECECOORDINATION:0.47621953791979016
CE_MATERIAL:0.4964570376517998
CE_KINGSAFETY:0.5
C_PIECESQUARETABLES:0.4969557277659327
C_MOBILITY:0.5
C_KINGSAFETY:0.49262307452943177
C_PAWNSTRUCTURE:0.5
C_PIECECOORDINATION:0.4910593364481333
C_ROOKANDPAWNMOVEMENT:0.4910593364481333
C_CENTERCONTROL:0.4944572337613654
C_DEVELOPPIECES:0.5
C_MATERIAL:0.47299342484717527
