ELO:930
CE_PASSEDPAWNS:0.5
CE_PAWNWEAKNESSES:0.4938464287459078
CE_PIECEACTIVITY:0.5308889022354931
CE_KINGPAWNSHIELD:0.49209427197987554
CE_PIECECOORDINATION:0.5030211879945466
CE_MATERIAL:0.47715354021412004
CE_KINGSAFETY:0.5025205242692786
C_PIECESQUARETABLES:0.5057021910887358
C_MOBILITY:0.49753621909419365
C_KINGSAFETY:0.5304106992903111
C_PAWNSTRUCTURE:0.4722771122794946
C_PIECECOORDINATION:0.4990156024800432
C_ROOK:0.5244860502716985
CE_ROOK:0.4527757589652418
C_CENTERCONTROL:0.49902019510702916
C_DEVELOPPIECES:0.5274692177453842
C_MATERIAL:0.4962686558173047
C_MOVECOUNT:0.48223240568584863
C_PAWNMOVEMENT:0.4949777489618911
