ELO:951
CE_PASSEDPAWNS:0.5417949320476769
CE_PAWNWEAKNESSES:0.419399453638214
CE_PIECEACTIVITY:0.5613448131495806
CE_KINGPAWNSHIELD:0.5363764508627722
CE_PIECECOORDINATION:0.5683418373197426
CE_MATERIAL:0.4248113513365284
CE_KINGSAFETY:0.5091256116861458
C_PIECESQUARETABLES:0.5157468470227287
C_MOBILITY:0.5174220039600412
C_KINGSAFETY:0.3833264162755297
C_PAWNSTRUCTURE:0.5932510755239996
C_PIECECOORDINATION:0.5896403624855464
C_ROOKANDPAWNMOVEMENT:0.5896403624855464
C_CENTERCONTROL:0.5758208764847553
C_DEVELOPPIECES:0.5857077833356537
C_MATERIAL:0.6389584951624093
