ELO:953
CE_PASSEDPAWNS:0.5065479702078103
CE_PAWNWEAKNESSES:0.45654503593163853
CE_PIECEACTIVITY:0.4573247446007473
CE_KINGPAWNSHIELD:0.4576041872003719
CE_PIECECOORDINATION:0.5018964828895925
CE_MATERIAL:0.45583239572524914
CE_KINGSAFETY:0.5194856292839645
C_PIECESQUARETABLES:0.5020431084392395
C_MOBILITY:0.5342815856304722
C_KINGSAFETY:0.47001663298583995
C_PAWNSTRUCTURE:0.4903194577423172
C_PIECECOORDINATION:0.4454141955144407
C_ROOKANDPAWNMOVEMENT:0.4454141955144407
C_CENTERCONTROL:0.4929294654809938
C_DEVELOPPIECES:0.42422636349112247
C_MATERIAL:0.511938310784291
