ELO:1000
CE_PASSEDPAWNS:0.5068839462380232
CE_PAWNWEAKNESSES:0.5261600017985063
CE_PIECEACTIVITY:0.4913643571147576
CE_KINGPAWNSHIELD:0.5107206047996554
CE_PIECECOORDINATION:0.48765137197614244
CE_MATERIAL:0.5118565774058573
CE_KINGSAFETY:0.49422804086282596
C_PIECESQUARETABLES:0.5
C_MOBILITY:0.4985575252263312
C_KINGSAFETY:0.47535784876527
C_PAWNSTRUCTURE:0.5039589029061368
C_PIECECOORDINATION:0.48802203426949414
C_ROOK:0.5
CE_ROOK:0.48448341333067485
C_CENTERCONTROL:0.4968688091345869
C_DEVELOPPIECES:0.5078433908725759
C_MATERIAL:0.49293525635381047
C_MOVECOUNT:0.4772136698653345
C_PAWNMOVEMENT:0.5042742767413909
