ELO:976
CE_PASSEDPAWNS:0.5512971621188261
CE_PAWNWEAKNESSES:0.462687872394821
CE_PIECEACTIVITY:0.5502196956496768
CE_KINGPAWNSHIELD:0.5288988663446292
CE_PIECECOORDINATION:0.5665783139963426
CE_MATERIAL:0.4848170037796151
CE_KINGSAFETY:0.5583195167221018
C_PIECESQUARETABLES:0.478870666611148
C_MOBILITY:0.4945024092793682
C_KINGSAFETY:0.4308907904654972
C_PAWNSTRUCTURE:0.6082351896063497
C_PIECECOORDINATION:0.5623607935119388
C_ROOKANDPAWNMOVEMENT:0.5623607935119388
C_CENTERCONTROL:0.5371227052270514
C_DEVELOPPIECES:0.5732689090174357
C_MATERIAL:0.6122571593870733
