ELO:932
CE_PASSEDPAWNS:0.4786410977941489
CE_PAWNWEAKNESSES:0.5387488982039998
CE_PIECEACTIVITY:0.5182759341012546
CE_KINGPAWNSHIELD:0.5095496792246165
CE_PIECECOORDINATION:0.5231488438945803
CE_MATERIAL:0.5233294374806906
CE_KINGSAFETY:0.4826454104132702
C_PIECESQUARETABLES:0.502059520279541
C_MOBILITY:0.4886678638149564
C_KINGSAFETY:0.4888684648596229
C_PAWNSTRUCTURE:0.5199963269111721
C_PIECECOORDINATION:0.5053254290232367
C_ROOK:0.4912030935128593
CE_ROOK:0.5465535153601899
C_CENTERCONTROL:0.4926876630944679
C_DEVELOPPIECES:0.5269470550204662
C_MATERIAL:0.516842927343857
C_MOVECOUNT:0.45790919526794216
C_PAWNMOVEMENT:0.4924691537656935
