ELO:860
CE_PASSEDPAWNS:0.4379198487913929
CE_PAWNWEAKNESSES:0.4459332897502224
CE_PIECEACTIVITY:0.5458481872973743
CE_KINGPAWNSHIELD:0.46203071668462253
CE_PIECECOORDINATION:0.4013009059106222
CE_MATERIAL:0.506116950369178
CE_KINGSAFETY:0.5025186109842306
C_PIECESQUARETABLES:0.4669802665989243
C_MOBILITY:0.4580276634901494
C_KINGSAFETY:0.5225742928129068
C_PAWNSTRUCTURE:0.42845705060816697
C_PIECECOORDINATION:0.5446957143931862
C_ROOKANDPAWNMOVEMENT:0.5446957143931862
C_CENTERCONTROL:0.5370421610678507
C_DEVELOPPIECES:0.48504878211798097
C_MATERIAL:0.46364713878358427
C_MOVECOUNT:0.5
