ELO:928
CE_PASSEDPAWNS:0.4517061041250302
CE_PAWNWEAKNESSES:0.5735666497885646
CE_PIECEACTIVITY:0.5258712596746777
CE_KINGPAWNSHIELD:0.5331378290487301
CE_PIECECOORDINATION:0.4953177773601881
CE_MATERIAL:0.5115086869900162
CE_KINGSAFETY:0.48480774847255503
C_PIECESQUARETABLES:0.5
C_MOBILITY:0.4842857241324796
C_KINGSAFETY:0.48602826548013484
C_PAWNSTRUCTURE:0.5149744599585457
C_PIECECOORDINATION:0.5253800491663919
C_ROOK:0.479987396510954
CE_ROOK:0.542130487718308
C_CENTERCONTROL:0.47329266214259286
C_DEVELOPPIECES:0.5108212848940844
C_MATERIAL:0.48921825382716416
C_MOVECOUNT:0.43875256197833556
C_PAWNMOVEMENT:0.5245943446704643
