ELO:985
CE_PASSEDPAWNS:0.4777199923973274
CE_PAWNWEAKNESSES:0.48692820460069414
CE_PIECEACTIVITY:0.49001428801033253
CE_KINGPAWNSHIELD:0.5168137651190615
CE_PIECECOORDINATION:0.5
CE_MATERIAL:0.45767251084177096
CE_KINGSAFETY:0.48964880087449675
C_PIECESQUARETABLES:0.5
C_MOBILITY:0.4994205042050595
C_KINGSAFETY:0.5578585535860119
C_PAWNSTRUCTURE:0.4923858493681188
C_PIECECOORDINATION:0.4875580296770557
C_ROOKANDPAWNMOVEMENT:0.4875580296770557
C_CENTERCONTROL:0.4743421160564867
C_DEVELOPPIECES:0.5002486704509299
C_MATERIAL:0.5311832070573393
C_MOVECOUNT:0.4879619612580242
