ELO:1000
CE_PASSEDPAWNS:0.5130423802266451
CE_PAWNWEAKNESSES:0.5108378324926652
CE_PIECEACTIVITY:0.45909021596441457
CE_KINGPAWNSHIELD:0.5061551438493294
CE_PIECECOORDINATION:0.5122880926872847
CE_MATERIAL:0.48728620956871527
CE_KINGSAFETY:0.4964393423385551
C_PIECESQUARETABLES:0.4782044029626709
C_MOBILITY:0.5194800935058316
C_KINGSAFETY:0.4841369774911215
C_PAWNSTRUCTURE:0.5003328313162434
C_PIECECOORDINATION:0.4962469543465036
C_ROOKANDPAWNMOVEMENT:0.4962469543465036
C_CENTERCONTROL:0.5058452165579073
C_DEVELOPPIECES:0.5081665225546792
C_MATERIAL:0.5051546103317732
