ELO:1000
CE_PASSEDPAWNS:0.5237210807219378
CE_PAWNWEAKNESSES:0.5112198126007
CE_PIECEACTIVITY:0.5027604314356737
CE_KINGPAWNSHIELD:0.536724251112887
CE_PIECECOORDINATION:0.5404493192138481
CE_MATERIAL:0.45197903973486414
CE_KINGSAFETY:0.47340300484100567
C_PIECESQUARETABLES:0.48779840521981604
C_MOBILITY:0.526659237489281
C_KINGSAFETY:0.47592311593272973
C_PAWNSTRUCTURE:0.5186254965302267
C_PIECECOORDINATION:0.4769446158706819
C_ROOKANDPAWNMOVEMENT:0.4769446158706819
C_CENTERCONTROL:0.4748131059307323
C_DEVELOPPIECES:0.4508142831466496
C_MATERIAL:0.5287939777674544
