ELO:997
CE_PASSEDPAWNS:0.5169760193440105
CE_PAWNWEAKNESSES:0.49973098282199513
CE_PIECEACTIVITY:0.4879306739004324
CE_KINGPAWNSHIELD:0.5
CE_PIECECOORDINATION:0.5
CE_MATERIAL:0.4907562820726126
CE_KINGSAFETY:0.5000031046860742
C_PIECESQUARETABLES:0.5093012674339115
C_MOBILITY:0.47827575289505647
C_KINGSAFETY:0.5166722192320242
C_PAWNSTRUCTURE:0.5035105555172855
C_PIECECOORDINATION:0.5073257739057224
C_ROOKANDPAWNMOVEMENT:0.5073257739057224
C_CENTERCONTROL:0.5
C_DEVELOPPIECES:0.5169510896533073
C_MATERIAL:0.5016605839916022
C_MOVECOUNT:0.49447936961335515
