ELO:935
CE_PASSEDPAWNS:0.5150883149914977
CE_PAWNWEAKNESSES:0.5133292359465563
CE_PIECEACTIVITY:0.4640820894569757
CE_KINGPAWNSHIELD:0.5266884374426152
CE_PIECECOORDINATION:0.4914571953892433
CE_MATERIAL:0.5093443960600321
CE_KINGSAFETY:0.5188226864752663
C_PIECESQUARETABLES:0.47350514539011473
C_MOBILITY:0.515954401979782
C_KINGSAFETY:0.546384478455093
C_PAWNSTRUCTURE:0.5006495370671807
C_PIECECOORDINATION:0.5007202467540428
C_ROOKANDPAWNMOVEMENT:0.5007202467540428
C_CENTERCONTROL:0.4956421201493484
C_DEVELOPPIECES:0.4830383283937267
C_MATERIAL:0.5126923902477313
C_MOVECOUNT:0.5
