ELO:905
CE_PASSEDPAWNS:0.4554132737441625
CE_PAWNWEAKNESSES:0.5896216676326842
CE_PIECEACTIVITY:0.42982888250201345
CE_KINGPAWNSHIELD:0.37509952389958934
CE_PIECECOORDINATION:0.4751444413884894
CE_MATERIAL:0.4015792960144137
CE_KINGSAFETY:0.5276483454719836
C_PIECESQUARETABLES:0.5531809027469617
C_MOBILITY:0.45930825570560135
C_KINGSAFETY:0.40853392132581207
C_PAWNSTRUCTURE:0.6225110757072229
C_PIECECOORDINATION:0.5278387540337818
C_ROOKANDPAWNMOVEMENT:0.5278387540337818
C_CENTERCONTROL:0.48652381310217907
C_DEVELOPPIECES:0.5779920502771764
C_MATERIAL:0.4083849997218307
