ELO:954
CE_PASSEDPAWNS:0.5627720332453577
CE_PAWNWEAKNESSES:0.4476243587136607
CE_PIECEACTIVITY:0.5613448131495806
CE_KINGPAWNSHIELD:0.5368338358670497
CE_PIECECOORDINATION:0.562984186100914
CE_MATERIAL:0.4453239625290453
CE_KINGSAFETY:0.5115275275415906
C_PIECESQUARETABLES:0.4850737206249962
C_MOBILITY:0.5054891509722619
C_KINGSAFETY:0.4026708628128661
C_PAWNSTRUCTURE:0.5932510755239996
C_PIECECOORDINATION:0.5871685334163373
C_ROOKANDPAWNMOVEMENT:0.5871685334163373
C_CENTERCONTROL:0.5650052327361007
C_DEVELOPPIECES:0.5825839726180508
C_MATERIAL:0.6259498742812458
