ELO:919
CE_PASSEDPAWNS:0.4786410977941489
CE_PAWNWEAKNESSES:0.5387488982039998
CE_PIECEACTIVITY:0.5182759341012546
CE_KINGPAWNSHIELD:0.5095496792246165
CE_PIECECOORDINATION:0.524107418792345
CE_MATERIAL:0.5233294374806906
CE_KINGSAFETY:0.49391727681468756
C_PIECESQUARETABLES:0.502059520279541
C_MOBILITY:0.4886678638149564
C_KINGSAFETY:0.49128938735044936
C_PAWNSTRUCTURE:0.5199963269111721
C_PIECECOORDINATION:0.5053254290232367
C_ROOK:0.4870276764522547
CE_ROOK:0.5465535153601899
C_CENTERCONTROL:0.4926876630944679
C_DEVELOPPIECES:0.5151382932570556
C_MATERIAL:0.5230012239104439
C_MOVECOUNT:0.45310498689480894
C_PAWNMOVEMENT:0.4909556862544646
