ELO:1000
CE_PASSEDPAWNS:0.5156816537930544
CE_PAWNWEAKNESSES:0.4991597375553273
CE_PIECEACTIVITY:0.49315859334610346
CE_KINGPAWNSHIELD:0.4906157766403531
CE_PIECECOORDINATION:0.5187344036460703
CE_MATERIAL:0.454560174459271
CE_KINGSAFETY:0.4810383071622284
C_PIECESQUARETABLES:0.517420326402051
C_MOBILITY:0.5423766610741715
C_KINGSAFETY:0.4565102863478778
C_PAWNSTRUCTURE:0.49669322101176155
C_PIECECOORDINATION:0.4654608289857278
C_ROOKANDPAWNMOVEMENT:0.4654608289857278
C_CENTERCONTROL:0.47601691897953413
C_DEVELOPPIECES:0.44158640381093606
C_MATERIAL:0.5324127827428412
