ELO:907
CE_PASSEDPAWNS:0.5689621625196365
CE_PAWNWEAKNESSES:0.4466853241106299
CE_PIECEACTIVITY:0.566003609349353
CE_KINGPAWNSHIELD:0.5702340590685541
CE_PIECECOORDINATION:0.5756172514453756
CE_MATERIAL:0.4130359835750777
CE_KINGSAFETY:0.5267262011905964
C_PIECESQUARETABLES:0.539602797901163
C_MOBILITY:0.46297391464566634
C_KINGSAFETY:0.35983339459985314
C_PAWNSTRUCTURE:0.5613277228734376
C_PIECECOORDINATION:0.6276931811340544
C_ROOKANDPAWNMOVEMENT:0.6276931811340544
C_CENTERCONTROL:0.5824356174150672
C_DEVELOPPIECES:0.5829129952483852
C_MATERIAL:0.6471183868790666
