ELO:684
CE_PASSEDPAWNS:0.5068511080456118
CE_PAWNWEAKNESSES:0.4811807413436254
CE_PIECEACTIVITY:0.49512032038046394
CE_KINGPAWNSHIELD:0.5170311020160401
CE_PIECECOORDINATION:0.5378974152360871
CE_MATERIAL:0.5307749478378103
CE_KINGSAFETY:0.5185256394657838
C_PIECESQUARETABLES:0.5039292394840956
C_MOBILITY:0.44768555645240443
C_KINGSAFETY:0.4859893416295864
C_PAWNSTRUCTURE:0.5157295963777445
C_PIECECOORDINATION:0.5122615498201892
C_ROOKANDPAWNMOVEMENT:0.5122615498201892
C_CENTERCONTROL:0.45592077781297935
C_DEVELOPPIECES:0.5199490062232082
C_MATERIAL:0.5575839321395895
C_MOVECOUNT:0.5205591289174304
