ELO:1000
CE_PASSEDPAWNS:0.509236285470597
CE_PAWNWEAKNESSES:0.4699297498399233
CE_PIECEACTIVITY:0.5364333888430813
CE_KINGPAWNSHIELD:0.47275038330543273
CE_PIECECOORDINATION:0.5028476278139298
CE_MATERIAL:0.4896154382247761
CE_KINGSAFETY:0.46537182778838265
C_PIECESQUARETABLES:0.5222863267535004
C_MOBILITY:0.5120161101724933
C_KINGSAFETY:0.45370863623701874
C_PAWNSTRUCTURE:0.5379911800199138
C_PIECECOORDINATION:0.4945503036314352
C_ROOKANDPAWNMOVEMENT:0.4945503036314352
C_CENTERCONTROL:0.4948284268260447
C_DEVELOPPIECES:0.5096510492446961
C_MATERIAL:0.53228337283785
