ELO:928
CE_PASSEDPAWNS:0.4517061041250302
CE_PAWNWEAKNESSES:0.5689967124682367
CE_PIECEACTIVITY:0.5230674451092502
CE_KINGPAWNSHIELD:0.5331378290487301
CE_PIECECOORDINATION:0.5015434988192926
CE_MATERIAL:0.5115086869900162
CE_KINGSAFETY:0.49613271242553275
C_PIECESQUARETABLES:0.4855616753291479
C_MOBILITY:0.4842857241324796
C_KINGSAFETY:0.4934899959487997
C_PAWNSTRUCTURE:0.5189090476905582
C_PIECECOORDINATION:0.5253800491663919
C_ROOK:0.479793228881243
CE_ROOK:0.5365989020758174
C_CENTERCONTROL:0.47329266214259286
C_DEVELOPPIECES:0.5222433536463398
C_MATERIAL:0.482613161306169
C_MOVECOUNT:0.4385996443680651
C_PAWNMOVEMENT:0.5255384084542417
