ELO:945
CE_PASSEDPAWNS:0.49320113690626405
CE_PAWNWEAKNESSES:0.49929027102211077
CE_PIECEACTIVITY:0.46871458131537475
CE_KINGPAWNSHIELD:0.5439271258828411
CE_PIECECOORDINATION:0.4962013377555031
CE_MATERIAL:0.5035759259070903
CE_KINGSAFETY:0.5
C_PIECESQUARETABLES:0.5
C_MOBILITY:0.5015307147309221
C_KINGSAFETY:0.4937841637095247
C_PAWNSTRUCTURE:0.5243319961133737
C_PIECECOORDINATION:0.5
C_ROOKANDPAWNMOVEMENT:0.5
C_CENTERCONTROL:0.4673788601276778
C_DEVELOPPIECES:0.4747054492773576
C_MATERIAL:0.5173744496570523
C_MOVECOUNT:0.47475553044852414
