ELO:985
CE_PASSEDPAWNS:0.4897713898324663
CE_PAWNWEAKNESSES:0.5303745819427266
CE_PIECEACTIVITY:0.5008866634963529
CE_KINGPAWNSHIELD:0.5107206047996554
CE_PIECECOORDINATION:0.49368148299969267
CE_MATERIAL:0.5194030531438409
CE_KINGSAFETY:0.49590067135211785
C_PIECESQUARETABLES:0.4952846468004915
C_MOBILITY:0.4985575252263312
C_KINGSAFETY:0.4779227557479122
C_PAWNSTRUCTURE:0.5121755668514197
C_PIECECOORDINATION:0.48070096643191645
C_ROOK:0.5023606395399021
CE_ROOK:0.5180909545120369
C_CENTERCONTROL:0.4886716737191868
C_DEVELOPPIECES:0.5041995941984515
C_MATERIAL:0.5022300714536484
C_MOVECOUNT:0.46380598275071333
C_PAWNMOVEMENT:0.49856048934365504
