ELO:1026
CE_PASSEDPAWNS:0.49519757172869217
CE_PAWNWEAKNESSES:0.4668905221316062
CE_PIECEACTIVITY:0.5126675327625476
CE_KINGPAWNSHIELD:0.46515254094306174
CE_PIECECOORDINATION:0.48713446348907624
CE_MATERIAL:0.5739474378636937
CE_KINGSAFETY:0.48933513050627564
C_PIECESQUARETABLES:0.4908374310917852
C_MOBILITY:0.41693084070008396
C_KINGSAFETY:0.548552588294444
C_PAWNSTRUCTURE:0.5143370731531024
C_PIECECOORDINATION:0.46897076959317674
C_ROOKANDPAWNMOVEMENT:0.46897076959317674
C_CENTERCONTROL:0.5026177916282478
C_DEVELOPPIECES:0.4477543003345209
C_MATERIAL:0.4521484374535409
C_MOVECOUNT:0.5226274638179608
