ELO:849
CE_PASSEDPAWNS:0.45473156396267905
CE_PAWNWEAKNESSES:0.5602858522882084
CE_PIECEACTIVITY:0.41905206373986176
CE_KINGPAWNSHIELD:0.38293003273331444
CE_PIECECOORDINATION:0.488996076153677
CE_MATERIAL:0.3975854454603624
CE_KINGSAFETY:0.499501497407755
C_PIECESQUARETABLES:0.49425621523640906
C_MOBILITY:0.4802037590863335
C_KINGSAFETY:0.453131656368075
C_PAWNSTRUCTURE:0.6218200228877441
C_PIECECOORDINATION:0.4835977491848649
C_ROOKANDPAWNMOVEMENT:0.4835977491848649
C_CENTERCONTROL:0.510429263349774
C_DEVELOPPIECES:0.5834159590225616
C_MATERIAL:0.36400164069668833
