ELO:1000
CE_PASSEDPAWNS:0.5034469090265428
CE_PAWNWEAKNESSES:0.49904811114885683
CE_PIECEACTIVITY:0.5133330878248402
CE_KINGPAWNSHIELD:0.5047655593996176
CE_PIECECOORDINATION:0.4957135677673424
CE_MATERIAL:0.44155577182299016
CE_KINGSAFETY:0.496606515628218
C_PIECESQUARETABLES:0.5414671564307572
C_MOBILITY:0.5238523868476175
C_KINGSAFETY:0.4635997052779864
C_PAWNSTRUCTURE:0.49825366086825157
C_PIECECOORDINATION:0.44865666870983667
C_ROOKANDPAWNMOVEMENT:0.44865666870983667
C_CENTERCONTROL:0.4620313570524483
C_DEVELOPPIECES:0.46273797292108865
C_MATERIAL:0.534357332213184
