ELO:1002
CE_PASSEDPAWNS:0.5098730579161259
CE_PAWNWEAKNESSES:0.48540529054365794
CE_PIECEACTIVITY:0.48110774377643883
CE_KINGPAWNSHIELD:0.475743535546684
CE_PIECECOORDINATION:0.48858369759719794
CE_MATERIAL:0.45834312371327585
CE_KINGSAFETY:0.5411936394166087
C_PIECESQUARETABLES:0.5422481302202035
C_MOBILITY:0.5367687989286166
C_KINGSAFETY:0.461121690637091
C_PAWNSTRUCTURE:0.48092689005019174
C_PIECECOORDINATION:0.4760618585413074
C_ROOKANDPAWNMOVEMENT:0.4760618585413074
C_CENTERCONTROL:0.4640222814296562
C_DEVELOPPIECES:0.4644268538993979
C_MATERIAL:0.5312985712916314
