ELO:972
CE_PASSEDPAWNS:0.5007664058266172
CE_PAWNWEAKNESSES:0.505800114163272
CE_PIECEACTIVITY:0.45425154514469707
CE_KINGPAWNSHIELD:0.5316895980980072
CE_PIECECOORDINATION:0.5055937497359417
CE_MATERIAL:0.5316591993940981
CE_KINGSAFETY:0.486729565593682
C_PIECESQUARETABLES:0.48489051887315265
C_MOBILITY:0.4475294029631041
C_KINGSAFETY:0.5050190738324006
C_PAWNSTRUCTURE:0.5010004507976265
C_PIECECOORDINATION:0.512498657081424
C_ROOKANDPAWNMOVEMENT:0.512498657081424
C_CENTERCONTROL:0.5224001702660375
C_DEVELOPPIECES:0.4791330252248122
C_MATERIAL:0.47945206167875337
C_MOVECOUNT:0.5
