ELO:965
CE_PASSEDPAWNS:0.5023631341016193
CE_PAWNWEAKNESSES:0.5
CE_PIECEACTIVITY:0.48548689275285395
CE_KINGPAWNSHIELD:0.5
CE_PIECECOORDINATION:0.49694953867082864
CE_MATERIAL:0.5
CE_KINGSAFETY:0.501725243241072
C_PIECESQUARETABLES:0.5
C_MOBILITY:0.47975878488955737
C_KINGSAFETY:0.5102426626304721
C_PAWNSTRUCTURE:0.5011973817413419
C_PIECECOORDINATION:0.4893420240089396
C_ROOKANDPAWNMOVEMENT:0.4893420240089396
C_CENTERCONTROL:0.5090262959915401
C_DEVELOPPIECES:0.50108952713999
C_MATERIAL:0.5106017982718849
C_MOVECOUNT:0.508234986995402
