ELO:928
CE_PASSEDPAWNS:0.4517061041250302
CE_PAWNWEAKNESSES:0.5689967124682367
CE_PIECEACTIVITY:0.5172828715580161
CE_KINGPAWNSHIELD:0.5346594730688485
CE_PIECECOORDINATION:0.48994821808507566
CE_MATERIAL:0.5124395233912443
CE_KINGSAFETY:0.48369612637508863
C_PIECESQUARETABLES:0.4894396718915112
C_MOBILITY:0.4842857241324796
C_KINGSAFETY:0.49334861362959204
C_PAWNSTRUCTURE:0.5189090476905582
C_PIECECOORDINATION:0.5253800491663919
C_ROOK:0.4789330632079742
CE_ROOK:0.5377251494597864
C_CENTERCONTROL:0.47329266214259286
C_DEVELOPPIECES:0.5222433536463398
C_MATERIAL:0.4810597399544521
C_MOVECOUNT:0.4437086213372595
C_PAWNMOVEMENT:0.5255384084542417
