ELO:964
CE_PASSEDPAWNS:0.5147523551563898
CE_PAWNWEAKNESSES:0.4732670009158487
CE_PIECEACTIVITY:0.5376533783388012
CE_KINGPAWNSHIELD:0.4796595455398109
CE_PIECECOORDINATION:0.47114950012935186
CE_MATERIAL:0.5094008560984765
CE_KINGSAFETY:0.49345251940500745
C_PIECESQUARETABLES:0.5
C_MOBILITY:0.5278712305109289
C_KINGSAFETY:0.5238523789721671
C_PAWNSTRUCTURE:0.5003102510627726
C_PIECECOORDINATION:0.5050363850304275
C_ROOK:0.4670510565938005
CE_ROOK:0.5218494218897995
C_CENTERCONTROL:0.46411726248623203
C_DEVELOPPIECES:0.4968297589219608
C_MATERIAL:0.5228238758825409
C_MOVECOUNT:0.5208292693518491
C_PAWNMOVEMENT:0.5033407425682628
