ELO:990
CE_PASSEDPAWNS:0.42365314746682314
CE_PAWNWEAKNESSES:0.5830400009060653
CE_PIECEACTIVITY:0.4595682633722793
CE_KINGPAWNSHIELD:0.5536787785920531
CE_PIECECOORDINATION:0.6583931059680266
CE_MATERIAL:0.47462912755102915
CE_KINGSAFETY:0.5
C_PIECESQUARETABLES:0.5
C_MOBILITY:0.5444983191960523
C_KINGSAFETY:0.5202866898197915
C_PAWNSTRUCTURE:0.6217518567151145
C_PIECECOORDINATION:0.3616423911982857
C_ROOKANDPAWNMOVEMENT:0.3616423911982857
C_CENTERCONTROL:0.40289824313411005
C_DEVELOPPIECES:0.44845967546973814
C_MATERIAL:0.6011383309266201
