ELO:793
CE_PASSEDPAWNS:0.45133075920263815
CE_PAWNWEAKNESSES:0.6675768432507254
CE_PIECEACTIVITY:0.4800077573265897
CE_KINGPAWNSHIELD:0.5618252545390315
CE_PIECECOORDINATION:0.47050556374119473
CE_MATERIAL:0.5785569976063785
CE_KINGSAFETY:0.5156136892368572
C_PIECESQUARETABLES:0.4849017605314069
C_MOBILITY:0.5083769941344898
C_KINGSAFETY:0.4841897439450373
C_PAWNSTRUCTURE:0.48744430618290363
C_PIECECOORDINATION:0.4928675150736712
C_ROOKANDPAWNMOVEMENT:0.4928675150736712
C_CENTERCONTROL:0.4850403299265417
C_DEVELOPPIECES:0.5142502909504857
C_MATERIAL:0.5832413243176487
C_MOVECOUNT:0.46177450740256354
