ELO:985
CE_PASSEDPAWNS:0.5045210713898612
CE_PAWNWEAKNESSES:0.510651680436744
CE_PIECEACTIVITY:0.5025142249893894
CE_KINGPAWNSHIELD:0.4900599727184411
CE_PIECECOORDINATION:0.5071454063315081
CE_MATERIAL:0.5095385048808027
CE_KINGSAFETY:0.4988526134530222
C_PIECESQUARETABLES:0.5136131444343126
C_MOBILITY:0.5128263090698427
C_KINGSAFETY:0.5124185075890505
C_PAWNSTRUCTURE:0.4950427479399375
C_PIECECOORDINATION:0.491611019194707
C_ROOK:0.4978145940450041
CE_ROOK:0.49167920817964567
C_CENTERCONTROL:0.5042926382049875
C_DEVELOPPIECES:0.49376237163954256
C_MATERIAL:0.5318927756051387
C_MOVECOUNT:0.5073612299368059
C_PAWNMOVEMENT:0.49952176006767934
