ELO:970
CE_PASSEDPAWNS:0.5215634604229183
CE_PAWNWEAKNESSES:0.5113139576876315
CE_PIECEACTIVITY:0.5068907551065929
CE_KINGPAWNSHIELD:0.5291235373871841
CE_PIECECOORDINATION:0.5042246322754109
CE_MATERIAL:0.5
CE_KINGSAFETY:0.505103913076795
C_PIECESQUARETABLES:0.5
C_MOBILITY:0.491463318346158
C_KINGSAFETY:0.5
C_PAWNSTRUCTURE:0.509912990290771
C_PIECECOORDINATION:0.5202331143976004
C_ROOKANDPAWNMOVEMENT:0.5202331143976004
C_CENTERCONTROL:0.5070176622686426
C_DEVELOPPIECES:0.4495919187555781
C_MATERIAL:0.5162911106627532
C_MOVECOUNT:0.47496031288346235
