ELO:990
CE_PASSEDPAWNS:0.3876470921097236
CE_PAWNWEAKNESSES:0.4641955661382947
CE_PIECEACTIVITY:0.5009997581569493
CE_KINGPAWNSHIELD:0.49122779823622953
CE_PIECECOORDINATION:0.6196343309293878
CE_MATERIAL:0.5089298910104112
CE_KINGSAFETY:0.49997132334116723
C_PIECESQUARETABLES:0.5
C_MOBILITY:0.6012375065314792
C_KINGSAFETY:0.5742475742575268
C_PAWNSTRUCTURE:0.6231621403658657
C_PIECECOORDINATION:0.591664004984521
C_ROOKANDPAWNMOVEMENT:0.591664004984521
C_CENTERCONTROL:0.42894235410171383
C_DEVELOPPIECES:0.565554476162531
C_MATERIAL:0.591647638043183
