ELO:948
CE_PASSEDPAWNS:0.5113540776199222
CE_PAWNWEAKNESSES:0.5002809139291446
CE_PIECEACTIVITY:0.5330805341511632
CE_KINGPAWNSHIELD:0.4852642466068016
CE_PIECECOORDINATION:0.4775679101427653
CE_MATERIAL:0.49194127207041927
CE_KINGSAFETY:0.4773484400219692
C_PIECESQUARETABLES:0.5106994058979547
C_MOBILITY:0.5260933147673005
C_KINGSAFETY:0.5104709973786713
C_PAWNSTRUCTURE:0.5092357847270402
C_PIECECOORDINATION:0.47994825762105076
C_ROOKANDPAWNMOVEMENT:0.47994825762105076
C_CENTERCONTROL:0.49447519145058316
C_DEVELOPPIECES:0.4828427281617092
C_MATERIAL:0.5180689663721945
C_MOVECOUNT:0.5
