ELO:946
CE_PASSEDPAWNS:0.5241198502681721
CE_PAWNWEAKNESSES:0.5132957952130676
CE_PIECEACTIVITY:0.5308051759289328
CE_KINGPAWNSHIELD:0.47500710001899527
CE_PIECECOORDINATION:0.47424874820151613
CE_MATERIAL:0.509408126696806
CE_KINGSAFETY:0.4938673147313669
C_PIECESQUARETABLES:0.5
C_MOBILITY:0.5417378158599209
C_KINGSAFETY:0.5270159506342622
C_PAWNSTRUCTURE:0.4975321684261622
C_PIECECOORDINATION:0.49971288034077055
C_ROOK:0.4565363162180656
CE_ROOK:0.5450222806047259
C_CENTERCONTROL:0.46075881836007726
C_DEVELOPPIECES:0.5146936959481349
C_MATERIAL:0.5215098232465818
C_MOVECOUNT:0.5233925492386478
C_PAWNMOVEMENT:0.5173697045696614
