ELO:915
CE_PASSEDPAWNS:0.45430853000673715
CE_PAWNWEAKNESSES:0.49385677450734855
CE_PIECEACTIVITY:0.5011898856038555
CE_KINGPAWNSHIELD:0.5139960112289982
CE_PIECECOORDINATION:0.4252001837657514
CE_MATERIAL:0.5361970880099111
CE_KINGSAFETY:0.5156473105320659
C_PIECESQUARETABLES:0.5217637463240555
C_MOBILITY:0.5432237275926618
C_KINGSAFETY:0.4905528823103457
C_PAWNSTRUCTURE:0.4917139696508267
C_PIECECOORDINATION:0.48259902509827535
C_ROOKANDPAWNMOVEMENT:0.48259902509827535
C_CENTERCONTROL:0.4714097291174645
C_DEVELOPPIECES:0.510110950730451
C_MATERIAL:0.47424941777323887
C_MOVECOUNT:0.5
