ELO:993
CE_PASSEDPAWNS:0.47202468204590076
CE_PAWNWEAKNESSES:0.48020261060034836
CE_PIECEACTIVITY:0.4654847215975276
CE_KINGPAWNSHIELD:0.5599465954910741
CE_PIECECOORDINATION:0.5759332013314825
CE_MATERIAL:0.4030799637729694
CE_KINGSAFETY:0.5
C_PIECESQUARETABLES:0.4727680421497659
C_MOBILITY:0.46060216544013427
C_KINGSAFETY:0.5077087654596292
C_PAWNSTRUCTURE:0.5006281247243053
C_PIECECOORDINATION:0.5960146041974088
C_ROOKANDPAWNMOVEMENT:0.5960146041974088
C_CENTERCONTROL:0.4504221370037648
C_DEVELOPPIECES:0.5933423053266473
C_MATERIAL:0.6466627684671102
