ELO:946
CE_PASSEDPAWNS:0.503163267880881
CE_PAWNWEAKNESSES:0.5351353355575658
CE_PIECEACTIVITY:0.5263764177040707
CE_KINGPAWNSHIELD:0.4859995651982919
CE_PIECECOORDINATION:0.5077042961462747
CE_MATERIAL:0.48879264125068905
CE_KINGSAFETY:0.5
C_PIECESQUARETABLES:0.4972096767304559
C_MOBILITY:0.5285937893619899
C_KINGSAFETY:0.5015868636786595
C_PAWNSTRUCTURE:0.48554390421678817
C_PIECECOORDINATION:0.49555652120872834
C_ROOK:0.4829121275726105
CE_ROOK:0.4856112516267906
C_CENTERCONTROL:0.4863664245361693
C_DEVELOPPIECES:0.4878016866914535
C_MATERIAL:0.5480568275445542
C_MOVECOUNT:0.5073612299368059
C_PAWNMOVEMENT:0.506517448731551
