ELO:954
CE_PASSEDPAWNS:0.44470925925703564
CE_PAWNWEAKNESSES:0.5202631925074087
CE_PIECEACTIVITY:0.44139626298030854
CE_KINGPAWNSHIELD:0.5015531735776275
CE_PIECECOORDINATION:0.5098109027969298
CE_MATERIAL:0.4963184312537346
CE_KINGSAFETY:0.5121527938634153
C_PIECESQUARETABLES:0.49772981944543787
C_MOBILITY:0.5203099656010086
C_KINGSAFETY:0.5133109677874887
C_PAWNSTRUCTURE:0.40366874265260294
C_PIECECOORDINATION:0.4960642805966732
C_ROOKANDPAWNMOVEMENT:0.4960642805966732
C_CENTERCONTROL:0.44784515144334963
C_DEVELOPPIECES:0.48457610966532566
C_MATERIAL:0.48453124638773937
