ELO:946
CE_PASSEDPAWNS:0.503163267880881
CE_PAWNWEAKNESSES:0.5434846786789769
CE_PIECEACTIVITY:0.5247640587164222
CE_KINGPAWNSHIELD:0.4859995651982919
CE_PIECECOORDINATION:0.5077042961462747
CE_MATERIAL:0.4828129568449253
CE_KINGSAFETY:0.5
C_PIECESQUARETABLES:0.4972096767304559
C_MOBILITY:0.520445451972432
C_KINGSAFETY:0.5015868636786595
C_PAWNSTRUCTURE:0.48554390421678817
C_PIECECOORDINATION:0.49555652120872834
C_ROOK:0.4785938392342806
CE_ROOK:0.48913745102914685
C_CENTERCONTROL:0.49336220721746055
C_DEVELOPPIECES:0.48155111762849745
C_MATERIAL:0.5480568275445542
C_MOVECOUNT:0.4954237129143076
C_PAWNMOVEMENT:0.4967491005686046
