ELO:959
CE_PASSEDPAWNS:0.503163267880881
CE_PAWNWEAKNESSES:0.526947663580735
CE_PIECEACTIVITY:0.520847919543403
CE_KINGPAWNSHIELD:0.478052614986267
CE_PIECECOORDINATION:0.5110051651322367
CE_MATERIAL:0.48879264125068905
CE_KINGSAFETY:0.5
C_PIECESQUARETABLES:0.5
C_MOBILITY:0.5261584141804413
C_KINGSAFETY:0.5015868636786595
C_PAWNSTRUCTURE:0.49328563480203824
C_PIECECOORDINATION:0.49555652120872834
C_ROOK:0.4829121275726105
CE_ROOK:0.4856112516267906
C_CENTERCONTROL:0.49294960231901896
C_DEVELOPPIECES:0.4878016866914535
C_MATERIAL:0.5480568275445542
C_MOVECOUNT:0.5073612299368059
C_PAWNMOVEMENT:0.506517448731551
