ELO:1000
CE_PASSEDPAWNS:0.47807405617612886
CE_PAWNWEAKNESSES:0.5284999991246573
CE_PIECEACTIVITY:0.49511935639481014
CE_KINGPAWNSHIELD:0.5359412889819853
CE_PIECECOORDINATION:0.502111727662921
CE_MATERIAL:0.5145198780116896
CE_KINGSAFETY:0.49862181697642416
C_PIECESQUARETABLES:0.5254196604092999
C_MOBILITY:0.4906589339597555
C_KINGSAFETY:0.4633360448999471
C_PAWNSTRUCTURE:0.48533505923824294
C_PIECECOORDINATION:0.48863365967206235
C_ROOKANDPAWNMOVEMENT:0.48863365967206235
C_CENTERCONTROL:0.4721831014741757
C_DEVELOPPIECES:0.49003421818336096
C_MATERIAL:0.49780124024322797
