ELO:1000
CE_PASSEDPAWNS:0.49276327811061027
CE_PAWNWEAKNESSES:0.49433339858693753
CE_PIECEACTIVITY:0.5102498278787437
CE_KINGPAWNSHIELD:0.49827604274533627
CE_PIECECOORDINATION:0.5160627412087204
CE_MATERIAL:0.5085851740139736
CE_KINGSAFETY:0.4966411030089203
C_PIECESQUARETABLES:0.5171033474363588
C_MOBILITY:0.4916239651252421
C_KINGSAFETY:0.5107013427583326
C_PAWNSTRUCTURE:0.5005159694717757
C_PIECECOORDINATION:0.5070449139468369
C_ROOKANDPAWNMOVEMENT:0.5070449139468369
C_CENTERCONTROL:0.5035939226578166
C_DEVELOPPIECES:0.49707482545552356
C_MATERIAL:0.5093490530836642
