ELO:983
CE_PASSEDPAWNS:0.4973185724258157
CE_PAWNWEAKNESSES:0.5119362534302083
CE_PIECEACTIVITY:0.49404257528100753
CE_KINGPAWNSHIELD:0.5111933454583657
CE_PIECECOORDINATION:0.49355461081791824
CE_MATERIAL:0.4879047183619308
CE_KINGSAFETY:0.5039529685726148
C_PIECESQUARETABLES:0.5
C_MOBILITY:0.487646404262242
C_KINGSAFETY:0.5423150931704737
C_PAWNSTRUCTURE:0.5105236738965694
C_PIECECOORDINATION:0.4976630651414237
C_ROOKANDPAWNMOVEMENT:0.4976630651414237
C_CENTERCONTROL:0.5408788536494507
C_DEVELOPPIECES:0.4977025045614402
C_MATERIAL:0.5138982564951698
C_MOVECOUNT:0.5
