ELO:1000
CE_PASSEDPAWNS:0.48310370439627154
CE_PAWNWEAKNESSES:0.48706386241730354
CE_PIECEACTIVITY:0.486262195353316
CE_KINGPAWNSHIELD:0.47979220887071106
CE_PIECECOORDINATION:0.5391699165042831
CE_MATERIAL:0.5508158869853658
CE_KINGSAFETY:0.49107445673463723
C_PIECESQUARETABLES:0.5516473902580853
C_MOBILITY:0.47759600490552895
C_KINGSAFETY:0.48878016926530016
C_PAWNSTRUCTURE:0.4792977722968717
C_PIECECOORDINATION:0.48782209510391833
C_ROOKANDPAWNMOVEMENT:0.48782209510391833
C_CENTERCONTROL:0.4317725233436529
C_DEVELOPPIECES:0.47192144495569543
C_MATERIAL:0.5378437631463684
