ELO:910
CE_PASSEDPAWNS:0.41607559747452194
CE_PAWNWEAKNESSES:0.5431020631774355
CE_PIECEACTIVITY:0.42588619721460846
CE_KINGPAWNSHIELD:0.52401929393353
CE_PIECECOORDINATION:0.5231612560055935
CE_MATERIAL:0.4705370983657671
CE_KINGSAFETY:0.5106547679619384
C_PIECESQUARETABLES:0.5022831460037854
C_MOBILITY:0.48152497460378874
C_KINGSAFETY:0.4583446294384693
C_PAWNSTRUCTURE:0.4226545350280572
C_PIECECOORDINATION:0.4808749972228137
C_ROOKANDPAWNMOVEMENT:0.4808749972228137
C_CENTERCONTROL:0.45217019068179043
C_DEVELOPPIECES:0.5639583230281308
C_MATERIAL:0.5107932974802298
