ELO:974
CE_PASSEDPAWNS:0.516281061687071
CE_PAWNWEAKNESSES:0.4967050857439611
CE_PIECEACTIVITY:0.5543215688445811
CE_KINGPAWNSHIELD:0.4947071907130448
CE_PIECECOORDINATION:0.5038284827302356
CE_MATERIAL:0.4983561029180485
CE_KINGSAFETY:0.5
C_PIECESQUARETABLES:0.5
C_MOBILITY:0.5069240978215983
C_KINGSAFETY:0.5005506194344148
C_PAWNSTRUCTURE:0.49669198942175424
C_PIECECOORDINATION:0.49139357175309034
C_ROOKANDPAWNMOVEMENT:0.49139357175309034
C_CENTERCONTROL:0.4880613761479438
C_DEVELOPPIECES:0.4993994623838918
C_MATERIAL:0.5
C_MOVECOUNT:0.5
