ELO:968
CE_PASSEDPAWNS:0.517345175041905
CE_PAWNWEAKNESSES:0.47685162403820547
CE_PIECEACTIVITY:0.5061605978921777
CE_KINGPAWNSHIELD:0.5104666590946304
CE_PIECECOORDINATION:0.5112499171910335
CE_MATERIAL:0.4779357680082538
CE_KINGSAFETY:0.5
C_PIECESQUARETABLES:0.49683323253581535
C_MOBILITY:0.4984869061294391
C_KINGSAFETY:0.5
C_PAWNSTRUCTURE:0.499373140269567
C_PIECECOORDINATION:0.5292334553146859
C_ROOKANDPAWNMOVEMENT:0.5292334553146859
C_CENTERCONTROL:0.505223291387666
C_DEVELOPPIECES:0.5165913202693749
C_MATERIAL:0.5127432537343276
C_MOVECOUNT:0.5
