ELO:974
CE_PASSEDPAWNS:0.494279952433179
CE_PAWNWEAKNESSES:0.4958881207983695
CE_PIECEACTIVITY:0.49924546880066906
CE_KINGPAWNSHIELD:0.5
CE_PIECECOORDINATION:0.49094138781648305
CE_MATERIAL:0.5
CE_KINGSAFETY:0.5
C_PIECESQUARETABLES:0.4961854215377131
C_MOBILITY:0.5046869336351488
C_KINGSAFETY:0.5143795995272415
C_PAWNSTRUCTURE:0.5079857902401524
C_PIECECOORDINATION:0.5096714961808104
C_ROOKANDPAWNMOVEMENT:0.5096714961808104
C_CENTERCONTROL:0.5060358990579525
C_DEVELOPPIECES:0.5000005150834109
C_MATERIAL:0.5
