ELO:1000
CE_PASSEDPAWNS:0.4615911760783598
CE_PAWNWEAKNESSES:0.5445907629426261
CE_PIECEACTIVITY:0.5486986596522424
CE_KINGPAWNSHIELD:0.5445102358931327
CE_PIECECOORDINATION:0.4940335770551112
CE_MATERIAL:0.4285430417737043
CE_KINGSAFETY:0.4985093486819625
C_PIECESQUARETABLES:0.5268423851325374
C_MOBILITY:0.47914892630263783
C_KINGSAFETY:0.4643637140359001
C_PAWNSTRUCTURE:0.5126433727577144
C_PIECECOORDINATION:0.4797839481106903
C_ROOKANDPAWNMOVEMENT:0.4797839481106903
C_CENTERCONTROL:0.465306031765401
C_DEVELOPPIECES:0.4917634264131297
C_MATERIAL:0.5057428238080179
