ELO:1000
CE_PASSEDPAWNS:0.4791069007677401
CE_PAWNWEAKNESSES:0.5476421889317405
CE_PIECEACTIVITY:0.5603946682630871
CE_KINGPAWNSHIELD:0.5657989146221469
CE_PIECECOORDINATION:0.47976126103939176
CE_MATERIAL:0.42379094960156166
CE_KINGSAFETY:0.5
C_PIECESQUARETABLES:0.49708399170155326
C_MOBILITY:0.4853083178217062
C_KINGSAFETY:0.4781064506360916
C_PAWNSTRUCTURE:0.4939151008503646
C_PIECECOORDINATION:0.5109895937872531
C_ROOKANDPAWNMOVEMENT:0.5109895937872531
C_CENTERCONTROL:0.465306031765401
C_DEVELOPPIECES:0.4912411497223642
C_MATERIAL:0.4883751816806209
