ELO:977
CE_PASSEDPAWNS:0.5116253398600392
CE_PAWNWEAKNESSES:0.501665148644105
CE_PIECEACTIVITY:0.5
CE_KINGPAWNSHIELD:0.5282322822349436
CE_PIECECOORDINATION:0.5488000310746339
CE_MATERIAL:0.54275690144216
CE_KINGSAFETY:0.49135772835254515
C_PIECESQUARETABLES:0.5606186996073055
C_MOBILITY:0.4920251588146377
C_KINGSAFETY:0.5450286844098701
C_PAWNSTRUCTURE:0.5162105885239949
C_PIECECOORDINATION:0.5028757123319082
C_ROOKANDPAWNMOVEMENT:0.5028757123319082
C_CENTERCONTROL:0.48850069138014174
C_DEVELOPPIECES:0.49486376456549924
C_MATERIAL:0.5209483411634692
C_MOVECOUNT:0.43958572416448255
