ELO:964
CE_PASSEDPAWNS:0.5256013683328843
CE_PAWNWEAKNESSES:0.4938200913054704
CE_PIECEACTIVITY:0.5236279759294546
CE_KINGPAWNSHIELD:0.49076281656146503
CE_PIECECOORDINATION:0.4970437103121356
CE_MATERIAL:0.5077837514318824
CE_KINGSAFETY:0.5
C_PIECESQUARETABLES:0.5
C_MOBILITY:0.49086678837311964
C_KINGSAFETY:0.4923134091962984
C_PAWNSTRUCTURE:0.4766940043066936
C_PIECECOORDINATION:0.5
C_ROOKANDPAWNMOVEMENT:0.5
C_CENTERCONTROL:0.5012977857908194
C_DEVELOPPIECES:0.4923023414049687
C_MATERIAL:0.5065439402414931
C_MOVECOUNT:0.49858411344186276
