ELO:984
CE_PASSEDPAWNS:0.5045210713898612
CE_PAWNWEAKNESSES:0.5209224625252766
CE_PIECEACTIVITY:0.5110366124654123
CE_KINGPAWNSHIELD:0.4900599727184411
CE_PIECECOORDINATION:0.5071454063315081
CE_MATERIAL:0.5004517287389172
CE_KINGSAFETY:0.5050024327045101
C_PIECESQUARETABLES:0.5210494232349172
C_MOBILITY:0.522991975231542
C_KINGSAFETY:0.5019453239802961
C_PAWNSTRUCTURE:0.4950427479399375
C_PIECECOORDINATION:0.49936766244462966
C_ROOK:0.49275802850908607
CE_ROOK:0.4925926974464521
C_CENTERCONTROL:0.5042926382049875
C_DEVELOPPIECES:0.48890503798701174
C_MATERIAL:0.5427296526098367
C_MOVECOUNT:0.5073612299368059
C_PAWNMOVEMENT:0.5010438614693502
