ELO:981
CE_PASSEDPAWNS:0.4962973487842226
CE_PAWNWEAKNESSES:0.5059814263265628
CE_PIECEACTIVITY:0.5120723754432224
CE_KINGPAWNSHIELD:0.5196920481048732
CE_PIECECOORDINATION:0.49173923170393874
CE_MATERIAL:0.5179576610041723
CE_KINGSAFETY:0.4927795876461766
C_PIECESQUARETABLES:0.4926399338144227
C_MOBILITY:0.5012859981978589
C_KINGSAFETY:0.5032445556659941
C_PAWNSTRUCTURE:0.4792691881548648
C_PIECECOORDINATION:0.502368085831559
C_ROOKANDPAWNMOVEMENT:0.502368085831559
C_CENTERCONTROL:0.4931659484161388
C_DEVELOPPIECES:0.48694576232754605
C_MATERIAL:0.5068302249718146
C_MOVECOUNT:0.5
