ELO:1108
CE_PASSEDPAWNS:0.46392211840368736
CE_PAWNWEAKNESSES:0.4622512224527343
CE_PIECEACTIVITY:0.47707812532962285
CE_KINGPAWNSHIELD:0.48915689378329447
CE_PIECECOORDINATION:0.47511589326883175
CE_MATERIAL:0.4489188361610961
CE_KINGSAFETY:0.4863110908766898
C_PIECESQUARETABLES:0.5
C_MOBILITY:0.4232540255217822
C_KINGSAFETY:0.619670284508362
C_PAWNSTRUCTURE:0.44963768019315414
C_PIECECOORDINATION:0.4915216711223435
C_ROOKANDPAWNMOVEMENT:0.4915216711223435
C_CENTERCONTROL:0.5026135968548104
C_DEVELOPPIECES:0.5740852408749051
C_MATERIAL:0.40978287317270773
