ELO:882
CE_PASSEDPAWNS:0.5044995600125484
CE_PAWNWEAKNESSES:0.48832771320102447
CE_PIECEACTIVITY:0.5429559957074439
CE_KINGPAWNSHIELD:0.4976399298488085
CE_PIECECOORDINATION:0.5017771930747112
CE_MATERIAL:0.5071529848346855
CE_KINGSAFETY:0.46097394597713287
C_PIECESQUARETABLES:0.5307135135207401
C_MOBILITY:0.5268028779691346
C_KINGSAFETY:0.5297457576065773
C_PAWNSTRUCTURE:0.52901777099838
C_PIECECOORDINATION:0.46145169841492284
C_ROOKANDPAWNMOVEMENT:0.46145169841492284
C_CENTERCONTROL:0.48408888063510497
C_DEVELOPPIECES:0.4722427821527554
C_MATERIAL:0.5513329319961698
C_MOVECOUNT:0.5
