ELO:833
CE_PASSEDPAWNS:0.4908204949993317
CE_PAWNWEAKNESSES:0.4680849439940104
CE_PIECEACTIVITY:0.5536396034681547
CE_KINGPAWNSHIELD:0.49721767118279137
CE_PIECECOORDINATION:0.5258224396173218
CE_MATERIAL:0.47962715983698556
CE_KINGSAFETY:0.5033629713900577
C_PIECESQUARETABLES:0.5
C_MOBILITY:0.4968871027577431
C_KINGSAFETY:0.470402100773509
C_PAWNSTRUCTURE:0.5464878453571927
C_PIECECOORDINATION:0.4738929909942117
C_ROOKANDPAWNMOVEMENT:0.4738929909942117
C_CENTERCONTROL:0.5375557839302912
C_DEVELOPPIECES:0.6411075870296021
C_MATERIAL:0.4671647917360797
C_MOVECOUNT:0.5058303579091231
