ELO:723
CE_PASSEDPAWNS:0.4815814762915958
CE_PAWNWEAKNESSES:0.49952798431343526
CE_PIECEACTIVITY:0.5193400127867859
CE_KINGPAWNSHIELD:0.48927074480876037
CE_PIECECOORDINATION:0.47996614009826577
CE_MATERIAL:0.4536233855448569
CE_KINGSAFETY:0.45361362173784375
C_PIECESQUARETABLES:0.5247830314968562
C_MOBILITY:0.4551356570224806
C_KINGSAFETY:0.4911797166469744
C_PAWNSTRUCTURE:0.4179057547389921
C_PIECECOORDINATION:0.506141618629401
C_ROOKANDPAWNMOVEMENT:0.506141618629401
C_CENTERCONTROL:0.48764848526748883
C_DEVELOPPIECES:0.5739452508478722
C_MATERIAL:0.4984950906226478
C_MOVECOUNT:0.5
