ELO:979
CE_PASSEDPAWNS:0.49576881401674794
CE_PAWNWEAKNESSES:0.4966492522270337
CE_PIECEACTIVITY:0.5029137128813425
CE_KINGPAWNSHIELD:0.5028349577182889
CE_PIECECOORDINATION:0.5
CE_MATERIAL:0.49478779757759567
CE_KINGSAFETY:0.5277315478026184
C_PIECESQUARETABLES:0.48800854248196707
C_MOBILITY:0.49230568759344917
C_KINGSAFETY:0.4971119204046467
C_PAWNSTRUCTURE:0.5270133204438966
C_PIECECOORDINATION:0.5047042366191434
C_ROOKANDPAWNMOVEMENT:0.5047042366191434
C_CENTERCONTROL:0.5116511062827516
C_DEVELOPPIECES:0.5024538663813293
C_MATERIAL:0.4865288501160491
C_MOVECOUNT:0.49393464873383197
