ELO:939
CE_PASSEDPAWNS:0.5302426080385233
CE_PAWNWEAKNESSES:0.5542825515566602
CE_PIECEACTIVITY:0.5376533783388012
CE_KINGPAWNSHIELD:0.46223623971998246
CE_PIECECOORDINATION:0.5210479832815443
CE_MATERIAL:0.4897499017024106
CE_KINGSAFETY:0.5072534965515427
C_PIECESQUARETABLES:0.4999182930402233
C_MOBILITY:0.5278712305109289
C_KINGSAFETY:0.5238523789721671
C_PAWNSTRUCTURE:0.48976284669293146
C_PIECECOORDINATION:0.4826918072847634
C_ROOK:0.48830035478151373
CE_ROOK:0.5130401800336201
C_CENTERCONTROL:0.48227181725225815
C_DEVELOPPIECES:0.4694475552948929
C_MATERIAL:0.5067208782386484
C_MOVECOUNT:0.4904397191843793
C_PAWNMOVEMENT:0.5104340136980656
