ELO:920
CE_PASSEDPAWNS:0.5302426080385233
CE_PAWNWEAKNESSES:0.5542825515566602
CE_PIECEACTIVITY:0.5376533783388012
CE_KINGPAWNSHIELD:0.47340562429417293
CE_PIECECOORDINATION:0.5210479832815443
CE_MATERIAL:0.4910999388670228
CE_KINGSAFETY:0.5055067398176432
C_PIECESQUARETABLES:0.5
C_MOBILITY:0.5278712305109289
C_KINGSAFETY:0.505915680875227
C_PAWNSTRUCTURE:0.49029202473423344
C_PIECECOORDINATION:0.4826918072847634
C_ROOK:0.4863521644368319
CE_ROOK:0.5130401800336201
C_CENTERCONTROL:0.48227181725225815
C_DEVELOPPIECES:0.47935415450030805
C_MATERIAL:0.512286428019195
C_MOVECOUNT:0.49623915774337146
C_PAWNMOVEMENT:0.5194835800198613
