ELO:926
CE_PASSEDPAWNS:0.4123385335497747
CE_PAWNWEAKNESSES:0.5275564886117291
CE_PIECEACTIVITY:0.41854673828643296
CE_KINGPAWNSHIELD:0.5358442071539921
CE_PIECECOORDINATION:0.538556045542976
CE_MATERIAL:0.5023123065461677
CE_KINGSAFETY:0.5190439494293495
C_PIECESQUARETABLES:0.4942468237923109
C_MOBILITY:0.4608529940246282
C_KINGSAFETY:0.4595308150568146
C_PAWNSTRUCTURE:0.40440340216111015
C_PIECECOORDINATION:0.4846031154408608
C_ROOKANDPAWNMOVEMENT:0.4846031154408608
C_CENTERCONTROL:0.44763873219359096
C_DEVELOPPIECES:0.5516009950720424
C_MATERIAL:0.502029885169685
