ELO:946
CE_PASSEDPAWNS:0.503163267880881
CE_PAWNWEAKNESSES:0.5331849078619287
CE_PIECEACTIVITY:0.5247640587164222
CE_KINGPAWNSHIELD:0.4859995651982919
CE_PIECECOORDINATION:0.5077042961462747
CE_MATERIAL:0.49067622561119545
CE_KINGSAFETY:0.5
C_PIECESQUARETABLES:0.4972096767304559
C_MOBILITY:0.5285937893619899
C_KINGSAFETY:0.5015868636786595
C_PAWNSTRUCTURE:0.48554390421678817
C_PIECECOORDINATION:0.49555652120872834
C_ROOK:0.4785938392342806
CE_ROOK:0.48913745102914685
C_CENTERCONTROL:0.49336220721746055
C_DEVELOPPIECES:0.48155111762849745
C_MATERIAL:0.5480568275445542
C_MOVECOUNT:0.5073612299368059
C_PAWNMOVEMENT:0.4967491005686046
