ELO:955
CE_PASSEDPAWNS:0.5087196373235401
CE_PAWNWEAKNESSES:0.4991489043344985
CE_PIECEACTIVITY:0.4856740592078277
CE_KINGPAWNSHIELD:0.48612483104871446
CE_PIECECOORDINATION:0.4714032890586893
CE_MATERIAL:0.5037726367093185
CE_KINGSAFETY:0.49681567458901765
C_PIECESQUARETABLES:0.5
C_MOBILITY:0.45310282657567147
C_KINGSAFETY:0.4957216356878504
C_PAWNSTRUCTURE:0.5071967398056723
C_PIECECOORDINATION:0.49654970355114814
C_ROOKANDPAWNMOVEMENT:0.49654970355114814
C_CENTERCONTROL:0.4949086186044521
C_DEVELOPPIECES:0.5061370550085625
C_MATERIAL:0.5152847172629746
C_MOVECOUNT:0.5
