ELO:994
CE_PASSEDPAWNS:0.4993084316011159
CE_PAWNWEAKNESSES:0.5159899000262808
CE_PIECEACTIVITY:0.5029137128813425
CE_KINGPAWNSHIELD:0.5028349577182889
CE_PIECECOORDINATION:0.5105983256929735
CE_MATERIAL:0.492538527428475
CE_KINGSAFETY:0.5277315478026184
C_PIECESQUARETABLES:0.5049256053964134
C_MOBILITY:0.5025681928293101
C_KINGSAFETY:0.4917527214086079
C_PAWNSTRUCTURE:0.4885941621171487
C_PIECECOORDINATION:0.5
C_ROOKANDPAWNMOVEMENT:0.5
C_CENTERCONTROL:0.5058482602885631
C_DEVELOPPIECES:0.5203687105111289
C_MATERIAL:0.5176202133393392
C_MOVECOUNT:0.49393464873383197
