ELO:944
CE_PASSEDPAWNS:0.4276591544748553
CE_PAWNWEAKNESSES:0.5221546609964817
CE_PIECEACTIVITY:0.4428223528336263
CE_KINGPAWNSHIELD:0.5203233016732676
CE_PIECECOORDINATION:0.5218550394694984
CE_MATERIAL:0.4821651302476071
CE_KINGSAFETY:0.5081002315544535
C_PIECESQUARETABLES:0.4988141589512737
C_MOBILITY:0.4750945032356694
C_KINGSAFETY:0.47043078191944143
C_PAWNSTRUCTURE:0.40760366368862694
C_PIECECOORDINATION:0.46180512059747897
C_ROOKANDPAWNMOVEMENT:0.46180512059747897
C_CENTERCONTROL:0.47262095873172705
C_DEVELOPPIECES:0.520810848969777
C_MATERIAL:0.4801848709144381
