ELO:854
CE_PASSEDPAWNS:0.4658364147081624
CE_PAWNWEAKNESSES:0.5437786629005216
CE_PIECEACTIVITY:0.44575829040932835
CE_KINGPAWNSHIELD:0.5177744808904314
CE_PIECECOORDINATION:0.4147668968068918
CE_MATERIAL:0.5133690461320555
CE_KINGSAFETY:0.5093977185439965
C_PIECESQUARETABLES:0.5442652969753857
C_MOBILITY:0.5515859556965338
C_KINGSAFETY:0.4877443438380681
C_PAWNSTRUCTURE:0.4495228200733407
C_PIECECOORDINATION:0.4958548999355664
C_ROOKANDPAWNMOVEMENT:0.4958548999355664
C_CENTERCONTROL:0.4898145111091031
C_DEVELOPPIECES:0.5093061670973958
C_MATERIAL:0.45274869193046
C_MOVECOUNT:0.5
