ELO:922
CE_PASSEDPAWNS:0.4040133069424526
CE_PAWNWEAKNESSES:0.5308719386189715
CE_PIECEACTIVITY:0.4229010696325766
CE_KINGPAWNSHIELD:0.540411994228648
CE_PIECECOORDINATION:0.5410066896510833
CE_MATERIAL:0.4859638517933154
CE_KINGSAFETY:0.5296820820358797
C_PIECESQUARETABLES:0.49941775936145866
C_MOBILITY:0.4593738168018212
C_KINGSAFETY:0.45230737535777743
C_PAWNSTRUCTURE:0.41241712320119095
C_PIECECOORDINATION:0.482351567870697
C_ROOKANDPAWNMOVEMENT:0.482351567870697
C_CENTERCONTROL:0.45722940966411113
C_DEVELOPPIECES:0.5726251364851566
C_MATERIAL:0.5274442170617496
