ELO:872
CE_PASSEDPAWNS:0.5223715277292638
CE_PAWNWEAKNESSES:0.5552069388127256
CE_PIECEACTIVITY:0.5247640587164222
CE_KINGPAWNSHIELD:0.47340562429417293
CE_PIECECOORDINATION:0.5132769022281365
CE_MATERIAL:0.488863431356865
CE_KINGSAFETY:0.5190005840781332
C_PIECESQUARETABLES:0.5100284054710045
C_MOBILITY:0.5228463962299326
C_KINGSAFETY:0.5093468661045562
C_PAWNSTRUCTURE:0.48554390421678817
C_PIECECOORDINATION:0.48909930915585803
C_ROOK:0.4722365153872281
CE_ROOK:0.48913745102914685
C_CENTERCONTROL:0.48227181725225815
C_DEVELOPPIECES:0.4987451196107824
C_MATERIAL:0.5131145983076939
C_MOVECOUNT:0.5052907323799205
C_PAWNMOVEMENT:0.49232346879313216
