ELO:936
CE_PASSEDPAWNS:0.41315746426156424
CE_PAWNWEAKNESSES:0.5207017766943047
CE_PIECEACTIVITY:0.4328486434723172
CE_KINGPAWNSHIELD:0.5285725219704974
CE_PIECECOORDINATION:0.5421633589260584
CE_MATERIAL:0.489589487919496
CE_KINGSAFETY:0.5265084557884421
C_PIECESQUARETABLES:0.5104702600825922
C_MOBILITY:0.4737647618736121
C_KINGSAFETY:0.4746428022658647
C_PAWNSTRUCTURE:0.4074013811933054
C_PIECECOORDINATION:0.48448099636014896
C_ROOKANDPAWNMOVEMENT:0.48448099636014896
C_CENTERCONTROL:0.4660964430875695
C_DEVELOPPIECES:0.5379882506888387
C_MATERIAL:0.48806594752530574
