ELO:958
CE_PASSEDPAWNS:0.4597353304801447
CE_PAWNWEAKNESSES:0.5288638792947944
CE_PIECEACTIVITY:0.4467710015655072
CE_KINGPAWNSHIELD:0.5081990440373831
CE_PIECECOORDINATION:0.5098109027969298
CE_MATERIAL:0.5038318369378123
CE_KINGSAFETY:0.4804913091556784
C_PIECESQUARETABLES:0.5071194777986928
C_MOBILITY:0.5046258725678576
C_KINGSAFETY:0.5085898405541444
C_PAWNSTRUCTURE:0.41795789506886827
C_PIECECOORDINATION:0.49037290011579376
C_ROOKANDPAWNMOVEMENT:0.49037290011579376
C_CENTERCONTROL:0.4334617619991716
C_DEVELOPPIECES:0.4977313152938403
C_MATERIAL:0.48453124638773937
