ELO:836
CE_PASSEDPAWNS:0.5378630973962395
CE_PAWNWEAKNESSES:0.5346282757030306
CE_PIECEACTIVITY:0.5206090529911531
CE_KINGPAWNSHIELD:0.49628768085593716
CE_PIECECOORDINATION:0.48033242651133756
CE_MATERIAL:0.45882901798769
CE_KINGSAFETY:0.48522206555618813
C_PIECESQUARETABLES:0.5175977880368159
C_MOBILITY:0.4612193288315291
C_KINGSAFETY:0.42663981509358684
C_PAWNSTRUCTURE:0.4388938714125957
C_PIECECOORDINATION:0.4832102200776036
C_ROOKANDPAWNMOVEMENT:0.4832102200776036
C_CENTERCONTROL:0.5156786486462281
C_DEVELOPPIECES:0.57126559206569
C_MATERIAL:0.49928218558748894
C_MOVECOUNT:0.5
