ELO:1000
CE_PASSEDPAWNS:0.5045210713898612
CE_PAWNWEAKNESSES:0.5071903088973525
CE_PIECEACTIVITY:0.5068514806941969
CE_KINGPAWNSHIELD:0.4898116996619067
CE_PIECECOORDINATION:0.5
CE_MATERIAL:0.5006045648783024
CE_KINGSAFETY:0.5
C_PIECESQUARETABLES:0.4981153521372169
C_MOBILITY:0.5
C_KINGSAFETY:0.48911646820364624
C_PAWNSTRUCTURE:0.5103498308303963
C_PIECECOORDINATION:0.49844079102872896
C_ROOK:0.501267123409157
CE_ROOK:0.5
C_CENTERCONTROL:0.5
C_DEVELOPPIECES:0.5
C_MATERIAL:0.5065161530690537
C_MOVECOUNT:0.5099796102224041
C_PAWNMOVEMENT:0.5
