ELO:1086
CE_PASSEDPAWNS:0.6023775258010747
CE_PAWNWEAKNESSES:0.5019800070346495
CE_PIECEACTIVITY:0.5776646015049866
CE_KINGPAWNSHIELD:0.40549790697933386
CE_PIECECOORDINATION:0.5707969823983154
CE_MATERIAL:0.46896415310126494
CE_KINGSAFETY:0.49301271035206234
C_PIECESQUARETABLES:0.4945923121180077
C_MOBILITY:0.5335361914694342
C_KINGSAFETY:0.6374809102290377
C_PAWNSTRUCTURE:0.4097951338924743
C_PIECECOORDINATION:0.4882476118992589
C_ROOKANDPAWNMOVEMENT:0.4882476118992589
C_CENTERCONTROL:0.48628018283501956
C_DEVELOPPIECES:0.464302331748555
C_MATERIAL:0.4052470611829565
