ELO:968
CE_PASSEDPAWNS:0.4969686550999854
CE_PAWNWEAKNESSES:0.4970512415939188
CE_PIECEACTIVITY:0.5048819976102407
CE_KINGPAWNSHIELD:0.4950276983027523
CE_PIECECOORDINATION:0.5308532094889663
CE_MATERIAL:0.5
CE_KINGSAFETY:0.5
C_PIECESQUARETABLES:0.5022917043172691
C_MOBILITY:0.4984869061294391
C_KINGSAFETY:0.49610963233058364
C_PAWNSTRUCTURE:0.48262480209450914
C_PIECECOORDINATION:0.5056122968904784
C_ROOKANDPAWNMOVEMENT:0.5056122968904784
C_CENTERCONTROL:0.505223291387666
C_DEVELOPPIECES:0.5006136336637117
C_MATERIAL:0.5030221298324563
C_MOVECOUNT:0.5
