ELO:969
CE_PASSEDPAWNS:0.583829144999561
CE_PAWNWEAKNESSES:0.40453082966141285
CE_PIECEACTIVITY:0.4378552304009919
CE_KINGPAWNSHIELD:0.5333585585499392
CE_PIECECOORDINATION:0.545357963510334
CE_MATERIAL:0.5205851350336023
CE_KINGSAFETY:0.4963256269265327
C_PIECESQUARETABLES:0.49266866065345766
C_MOBILITY:0.4500007677414656
C_KINGSAFETY:0.4807859935130595
C_PAWNSTRUCTURE:0.4555362347655034
C_PIECECOORDINATION:0.4975589823359323
C_ROOKANDPAWNMOVEMENT:0.4975589823359323
C_CENTERCONTROL:0.46630365986709404
C_DEVELOPPIECES:0.49576930926725155
C_MATERIAL:0.5827419530488447
