ELO:987
CE_PASSEDPAWNS:0.48936087955615765
CE_PAWNWEAKNESSES:0.41175588439716826
CE_PIECEACTIVITY:0.5256534381721791
CE_KINGPAWNSHIELD:0.508768944104311
CE_PIECECOORDINATION:0.5762654579371934
CE_MATERIAL:0.49463002356283375
CE_KINGSAFETY:0.5
C_PIECESQUARETABLES:0.4727680421497659
C_MOBILITY:0.5099172991867849
C_KINGSAFETY:0.44080338398234337
C_PAWNSTRUCTURE:0.6141365889097428
C_PIECECOORDINATION:0.5546562877460437
C_ROOKANDPAWNMOVEMENT:0.5546562877460437
C_CENTERCONTROL:0.47417192865301605
C_DEVELOPPIECES:0.4678115621077499
C_MATERIAL:0.5961630701883155
