ELO:993
CE_PASSEDPAWNS:0.49600802966907515
CE_PAWNWEAKNESSES:0.5116632895152108
CE_PIECEACTIVITY:0.5002171873695203
CE_KINGPAWNSHIELD:0.5205113740364945
CE_PIECECOORDINATION:0.4924860410163614
CE_MATERIAL:0.5061165131361313
CE_KINGSAFETY:0.493580758238544
C_PIECESQUARETABLES:0.48990512081729876
C_MOBILITY:0.5017599226922501
C_KINGSAFETY:0.5
C_PAWNSTRUCTURE:0.4908325435545972
C_PIECECOORDINATION:0.5013093856383181
C_ROOKANDPAWNMOVEMENT:0.5013093856383181
C_CENTERCONTROL:0.5041259299407272
C_DEVELOPPIECES:0.49118052326824807
C_MATERIAL:0.5217710684815443
C_MOVECOUNT:0.5060201144600447
