ELO:1096
CE_PASSEDPAWNS:0.4547813293207352
CE_PAWNWEAKNESSES:0.5086530027826172
CE_PIECEACTIVITY:0.5420593615453828
CE_KINGPAWNSHIELD:0.5086472238067148
CE_PIECECOORDINATION:0.49409961300625693
CE_MATERIAL:0.5576211995696057
CE_KINGSAFETY:0.5
C_PIECESQUARETABLES:0.5
C_MOBILITY:0.6076327737009805
C_KINGSAFETY:0.40220539142586287
C_PAWNSTRUCTURE:0.5511810051279755
C_PIECECOORDINATION:0.617331207451572
C_ROOKANDPAWNMOVEMENT:0.617331207451572
C_CENTERCONTROL:0.47417192865301605
C_DEVELOPPIECES:0.5528173797779841
C_MATERIAL:0.6320895787071104
