ELO:987
CE_PASSEDPAWNS:0.48279706485067075
CE_PAWNWEAKNESSES:0.48833014587079315
CE_PIECEACTIVITY:0.4878921476942805
CE_KINGPAWNSHIELD:0.5067291953085165
CE_PIECECOORDINATION:0.5150177300804822
CE_MATERIAL:0.5122262965668583
CE_KINGSAFETY:0.502384204052023
C_PIECESQUARETABLES:0.5044234191881329
C_MOBILITY:0.49885778673088604
C_KINGSAFETY:0.5280397118547006
C_PAWNSTRUCTURE:0.5075840791802471
C_PIECECOORDINATION:0.5017827402355219
C_ROOKANDPAWNMOVEMENT:0.5017827402355219
C_CENTERCONTROL:0.5144892888334271
C_DEVELOPPIECES:0.5
C_MATERIAL:0.5030070819304009
C_MOVECOUNT:0.49368232031569664
