ELO:988
CE_PASSEDPAWNS:0.48447039781924855
CE_PAWNWEAKNESSES:0.4958461341521781
CE_PIECEACTIVITY:0.49203437086895835
CE_KINGPAWNSHIELD:0.4870615700892004
CE_PIECECOORDINATION:0.4972315491777771
CE_MATERIAL:0.4918933217962649
CE_KINGSAFETY:0.5015127625265703
C_PIECESQUARETABLES:0.5
C_MOBILITY:0.5063496515433845
C_KINGSAFETY:0.519881096097753
C_PAWNSTRUCTURE:0.5055035300915536
C_PIECECOORDINATION:0.502224687977913
C_ROOK:0.495503769051654
CE_ROOK:0.506191257940201
C_CENTERCONTROL:0.4978967248853009
C_DEVELOPPIECES:0.49377074362415024
C_MATERIAL:0.5030531933687012
C_MOVECOUNT:0.49640815459349547
C_PAWNMOVEMENT:0.5089308149112662
