ELO:871
CE_PASSEDPAWNS:0.46844653656389723
CE_PAWNWEAKNESSES:0.5280482300720841
CE_PIECEACTIVITY:0.5120552756765998
CE_KINGPAWNSHIELD:0.49602391043397387
CE_PIECECOORDINATION:0.5006531202773464
CE_MATERIAL:0.44304849227375304
CE_KINGSAFETY:0.5184019894587195
C_PIECESQUARETABLES:0.5179861144431813
C_MOBILITY:0.5130793101364938
C_KINGSAFETY:0.4837423245835183
C_PAWNSTRUCTURE:0.5308209158656251
C_PIECECOORDINATION:0.4952174032029464
C_ROOKANDPAWNMOVEMENT:0.4952174032029464
C_CENTERCONTROL:0.5222914479857889
C_DEVELOPPIECES:0.5133174791141208
C_MATERIAL:0.4720571862444443
C_MOVECOUNT:0.5
