ELO:913
CE_PASSEDPAWNS:0.46214901022461896
CE_PAWNWEAKNESSES:0.5096379766991539
CE_PIECEACTIVITY:0.4713591282984902
CE_KINGPAWNSHIELD:0.5362844132757701
CE_PIECECOORDINATION:0.5198920437942632
CE_MATERIAL:0.5029317363030219
CE_KINGSAFETY:0.5025208057702533
C_PIECESQUARETABLES:0.48998638836423986
C_MOBILITY:0.46310025716484
C_KINGSAFETY:0.4858780546306644
C_PAWNSTRUCTURE:0.42568064689834906
C_PIECECOORDINATION:0.506731896877885
C_ROOKANDPAWNMOVEMENT:0.506731896877885
C_CENTERCONTROL:0.521856086851157
C_DEVELOPPIECES:0.5039965270273151
C_MATERIAL:0.507690523534997
C_MOVECOUNT:0.5113661688461614
