ELO:986
CE_PASSEDPAWNS:0.49076324266010035
CE_PAWNWEAKNESSES:0.48428320615195136
CE_PIECEACTIVITY:0.49462220675811264
CE_KINGPAWNSHIELD:0.4814187272539565
CE_PIECECOORDINATION:0.5055957197432205
CE_MATERIAL:0.48910143852928617
CE_KINGSAFETY:0.5
C_PIECESQUARETABLES:0.5053928412973285
C_MOBILITY:0.5026938005932162
C_KINGSAFETY:0.5274516380115841
C_PAWNSTRUCTURE:0.515854800939772
C_PIECECOORDINATION:0.5221191914177407
C_ROOK:0.4989665330664396
CE_ROOK:0.5183487511514504
C_CENTERCONTROL:0.484350345012709
C_DEVELOPPIECES:0.4931125467982165
C_MATERIAL:0.4981571493634992
C_MOVECOUNT:0.4763441527280834
C_PAWNMOVEMENT:0.507055459411008
