ELO:1078
CE_PASSEDPAWNS:0.4802235551809423
CE_PAWNWEAKNESSES:0.48969615551444007
CE_PIECEACTIVITY:0.5
CE_KINGPAWNSHIELD:0.5
CE_PIECECOORDINATION:0.5083841870195765
CE_MATERIAL:0.497844968698783
CE_KINGSAFETY:0.5
C_PIECESQUARETABLES:0.4994718319130074
C_MOBILITY:0.5141906535571928
C_KINGSAFETY:0.5048968643639781
C_PAWNSTRUCTURE:0.5289334434241908
C_PIECECOORDINATION:0.5
C_ROOKANDPAWNMOVEMENT:0.5
C_CENTERCONTROL:0.4742081544767967
C_DEVELOPPIECES:0.4747775736791693
C_MATERIAL:0.5018383165613604
C_MOVECOUNT:0.5
