ELO:989
CE_PASSEDPAWNS:0.5457345729423272
CE_PAWNWEAKNESSES:0.5071098441623868
CE_PIECEACTIVITY:0.5975814565428466
CE_KINGPAWNSHIELD:0.5614575718248973
CE_PIECECOORDINATION:0.4841339627022245
CE_MATERIAL:0.5170286605424452
CE_KINGSAFETY:0.5
C_PIECESQUARETABLES:0.5
C_MOBILITY:0.580479941274235
C_KINGSAFETY:0.5555396845641076
C_PAWNSTRUCTURE:0.3974960377332616
C_PIECECOORDINATION:0.5393436346195013
C_ROOKANDPAWNMOVEMENT:0.5393436346195013
C_CENTERCONTROL:0.40632226986500536
C_DEVELOPPIECES:0.49938508604828075
C_MATERIAL:0.6201906658387899
