ELO:973
CE_PASSEDPAWNS:0.5211706424574492
CE_PAWNWEAKNESSES:0.4822196471732936
CE_PIECEACTIVITY:0.5
CE_KINGPAWNSHIELD:0.5100625319594252
CE_PIECECOORDINATION:0.5048831122203773
CE_MATERIAL:0.5140213770520551
CE_KINGSAFETY:0.4892250449914075
C_PIECESQUARETABLES:0.49012491906511246
C_MOBILITY:0.5130888976365318
C_KINGSAFETY:0.45654488020666956
C_PAWNSTRUCTURE:0.5
C_PIECECOORDINATION:0.4851747980863323
C_ROOKANDPAWNMOVEMENT:0.4851747980863323
C_CENTERCONTROL:0.48728251598688854
C_DEVELOPPIECES:0.5157618173021454
C_MATERIAL:0.4962768678421038
C_MOVECOUNT:0.5
