ELO:1000
CE_PASSEDPAWNS:0.5
CE_PAWNWEAKNESSES:0.49313958312680356
CE_PIECEACTIVITY:0.49439339913164126
CE_KINGPAWNSHIELD:0.5107292592665924
CE_PIECECOORDINATION:0.506667294067501
CE_MATERIAL:0.5008381323894424
CE_KINGSAFETY:0.4915317930765889
C_PIECESQUARETABLES:0.5065773269137326
C_MOBILITY:0.501448081702458
C_KINGSAFETY:0.4845984197897116
C_PAWNSTRUCTURE:0.49382540240105693
C_PIECECOORDINATION:0.49037349491762444
C_ROOKANDPAWNMOVEMENT:0.49037349491762444
C_CENTERCONTROL:0.5
C_DEVELOPPIECES:0.5103446455085758
C_MATERIAL:0.4997446558873712
