ELO:988
CE_PASSEDPAWNS:0.48608371966646674
CE_PAWNWEAKNESSES:0.4898988984088615
CE_PIECEACTIVITY:0.5132848785224017
CE_KINGPAWNSHIELD:0.5067291953085165
CE_PIECECOORDINATION:0.5186768468732302
CE_MATERIAL:0.5122262965668583
CE_KINGSAFETY:0.501867869586472
C_PIECESQUARETABLES:0.5044234191881329
C_MOBILITY:0.49885778673088604
C_KINGSAFETY:0.5280397118547006
C_PAWNSTRUCTURE:0.5075840791802471
C_PIECECOORDINATION:0.5024571163988083
C_ROOKANDPAWNMOVEMENT:0.5024571163988083
C_CENTERCONTROL:0.5209515412492451
C_DEVELOPPIECES:0.4905316953930932
C_MATERIAL:0.5087831645811911
C_MOVECOUNT:0.49368232031569664
