ELO:979
CE_PASSEDPAWNS:0.4956174129447016
CE_PAWNWEAKNESSES:0.5215913759138378
CE_PIECEACTIVITY:0.5273236731341816
CE_KINGPAWNSHIELD:0.47193116860779827
CE_PIECECOORDINATION:0.4911492955614169
CE_MATERIAL:0.5520049479819397
CE_KINGSAFETY:0.5043338040070627
C_PIECESQUARETABLES:0.5123774817054095
C_MOBILITY:0.5260455411353679
C_KINGSAFETY:0.41188211412350834
C_PAWNSTRUCTURE:0.41391239856078405
C_PIECECOORDINATION:0.5007021126063318
C_ROOKANDPAWNMOVEMENT:0.5007021126063318
C_CENTERCONTROL:0.45119288627153525
C_DEVELOPPIECES:0.556759047213087
C_MATERIAL:0.4784066988308645
