ELO:950
CE_PASSEDPAWNS:0.5205466689821314
CE_PAWNWEAKNESSES:0.47725693079021164
CE_PIECEACTIVITY:0.5164718358937969
CE_KINGPAWNSHIELD:0.47421572089960456
CE_PIECECOORDINATION:0.5334951164211343
CE_MATERIAL:0.46131449561252547
CE_KINGSAFETY:0.489649384028821
C_PIECESQUARETABLES:0.5
C_MOBILITY:0.48659007835124873
C_KINGSAFETY:0.48836139828625696
C_PAWNSTRUCTURE:0.5373276872680428
C_PIECECOORDINATION:0.5073366034478431
C_ROOK:0.4993782569655039
CE_ROOK:0.5324920279645491
C_CENTERCONTROL:0.507737043604566
C_DEVELOPPIECES:0.5405534035306719
C_MATERIAL:0.49746166268954106
C_MOVECOUNT:0.528656327098477
C_PAWNMOVEMENT:0.5058862914209392
