ELO:993
CE_PASSEDPAWNS:0.48956919558435213
CE_PAWNWEAKNESSES:0.5002619991464999
CE_PIECEACTIVITY:0.5009563897633594
CE_KINGPAWNSHIELD:0.4981292985545478
CE_PIECECOORDINATION:0.5343247831975803
CE_MATERIAL:0.49548365830485613
CE_KINGSAFETY:0.49676169024589173
C_PIECESQUARETABLES:0.5096371346412483
C_MOBILITY:0.49398858520946665
C_KINGSAFETY:0.48918656444121417
C_PAWNSTRUCTURE:0.5236024760802883
C_PIECECOORDINATION:0.5239455527053035
C_ROOKANDPAWNMOVEMENT:0.5239455527053035
C_CENTERCONTROL:0.5085529367705769
C_DEVELOPPIECES:0.4921786324214035
C_MATERIAL:0.5013588101221937
