ELO:1112
CE_PASSEDPAWNS:0.4287281369871026
CE_PAWNWEAKNESSES:0.5017511431794623
CE_PIECEACTIVITY:0.4140941890790589
CE_KINGPAWNSHIELD:0.4652486043048658
CE_PIECECOORDINATION:0.49892967985177217
CE_MATERIAL:0.498316981915067
CE_KINGSAFETY:0.4341443524149618
C_PIECESQUARETABLES:0.5
C_MOBILITY:0.580479941274235
C_KINGSAFETY:0.41496517016321266
C_PAWNSTRUCTURE:0.6059616060781821
C_PIECECOORDINATION:0.6006842502071948
C_ROOKANDPAWNMOVEMENT:0.6006842502071948
C_CENTERCONTROL:0.46899401965401094
C_DEVELOPPIECES:0.42261362063168517
C_MATERIAL:0.6310644924673378
