ELO:1100
CE_PASSEDPAWNS:0.4044021109818718
CE_PAWNWEAKNESSES:0.5698219771467662
CE_PIECEACTIVITY:0.44561656406994316
CE_KINGPAWNSHIELD:0.45650218578954405
CE_PIECECOORDINATION:0.5228665876218258
CE_MATERIAL:0.4731674931632686
CE_KINGSAFETY:0.5
C_PIECESQUARETABLES:0.5
C_MOBILITY:0.3528883718889461
C_KINGSAFETY:0.35557480878985126
C_PAWNSTRUCTURE:0.5233585227687203
C_PIECECOORDINATION:0.5780803163293589
C_ROOKANDPAWNMOVEMENT:0.5780803163293589
C_CENTERCONTROL:0.4598751032221581
C_DEVELOPPIECES:0.42261362063168517
C_MATERIAL:0.5619656346539545
