ELO:965
CE_PASSEDPAWNS:0.4962000602273797
CE_PAWNWEAKNESSES:0.4948484048398178
CE_PIECEACTIVITY:0.5178146257140657
CE_KINGPAWNSHIELD:0.4718941469313507
CE_PIECECOORDINATION:0.44379921919190823
CE_MATERIAL:0.510224643342045
CE_KINGSAFETY:0.5293735750492243
C_PIECESQUARETABLES:0.45310553527785746
C_MOBILITY:0.535212919802997
C_KINGSAFETY:0.48648895938952436
C_PAWNSTRUCTURE:0.47660344401262705
C_PIECECOORDINATION:0.49815880562736414
C_ROOKANDPAWNMOVEMENT:0.49815880562736414
C_CENTERCONTROL:0.44784288919567505
C_DEVELOPPIECES:0.47168706210798084
C_MATERIAL:0.5409232096175312
C_MOVECOUNT:0.5251740067429196
