ELO:956
CE_PASSEDPAWNS:0.5145920436047885
CE_PAWNWEAKNESSES:0.5384343405615346
CE_PIECEACTIVITY:0.5080419225648825
CE_KINGPAWNSHIELD:0.5078965463740736
CE_PIECECOORDINATION:0.5029420752122417
CE_MATERIAL:0.4813626687233475
CE_KINGSAFETY:0.4834717088864346
C_PIECESQUARETABLES:0.5051841660764017
C_MOBILITY:0.5097976053973596
C_KINGSAFETY:0.5035316768779535
C_PAWNSTRUCTURE:0.5
C_PIECECOORDINATION:0.5044101926941249
C_ROOKANDPAWNMOVEMENT:0.5044101926941249
C_CENTERCONTROL:0.5261623976273082
C_DEVELOPPIECES:0.5281654817386756
C_MATERIAL:0.5133327103661801
C_MOVECOUNT:0.5
