ELO:915
CE_PASSEDPAWNS:0.4961776024941424
CE_PAWNWEAKNESSES:0.5307218461480961
CE_PIECEACTIVITY:0.5204387844733308
CE_KINGPAWNSHIELD:0.5292984072978827
CE_PIECECOORDINATION:0.5212789827830918
CE_MATERIAL:0.47390717871318566
CE_KINGSAFETY:0.46776850619198557
C_PIECESQUARETABLES:0.4773285834212561
C_MOBILITY:0.5134244670521491
C_KINGSAFETY:0.46510456459528526
C_PAWNSTRUCTURE:0.5176962258474842
C_PIECECOORDINATION:0.5105938481596346
C_ROOKANDPAWNMOVEMENT:0.5105938481596346
C_CENTERCONTROL:0.48774257015256045
C_DEVELOPPIECES:0.4889821065780957
C_MATERIAL:0.5084680807703739
