ELO:957
CE_PASSEDPAWNS:0.48922139892049377
CE_PAWNWEAKNESSES:0.4945944484428062
CE_PIECEACTIVITY:0.5086277906066099
CE_KINGPAWNSHIELD:0.5257152116891337
CE_PIECECOORDINATION:0.48597524685790766
CE_MATERIAL:0.5064105957621982
CE_KINGSAFETY:0.5239534546731818
C_PIECESQUARETABLES:0.44800110993781045
C_MOBILITY:0.5165967665435033
C_KINGSAFETY:0.4898477192466129
C_PAWNSTRUCTURE:0.46897778568590714
C_PIECECOORDINATION:0.5197623206408113
C_ROOK:0.5024465698570268
CE_ROOK:0.48922843740357674
C_CENTERCONTROL:0.49492572156955494
C_DEVELOPPIECES:0.45539135191743935
C_MATERIAL:0.4715651878381379
C_MOVECOUNT:0.454698754724578
C_PAWNMOVEMENT:0.5162516952037429
