ELO:1098
CE_PASSEDPAWNS:0.5053471439407083
CE_PAWNWEAKNESSES:0.45970070309526584
CE_PIECEACTIVITY:0.507290441682004
CE_KINGPAWNSHIELD:0.5
CE_PIECECOORDINATION:0.4868673388183917
CE_MATERIAL:0.4699618592494867
CE_KINGSAFETY:0.5
C_PIECESQUARETABLES:0.5
C_MOBILITY:0.5160267506570322
C_KINGSAFETY:0.5069747514965638
C_PAWNSTRUCTURE:0.5289334434241908
C_PIECECOORDINATION:0.4902060327981139
C_ROOKANDPAWNMOVEMENT:0.4902060327981139
C_CENTERCONTROL:0.5020223756648305
C_DEVELOPPIECES:0.504319735952589
C_MATERIAL:0.4869974467888816
C_MOVECOUNT:0.5
