ELO:975
CE_PASSEDPAWNS:0.5176863370187098
CE_PAWNWEAKNESSES:0.49925894711503255
CE_PIECEACTIVITY:0.5367461331201372
CE_KINGPAWNSHIELD:0.49644896875483707
CE_PIECECOORDINATION:0.4800718481844831
CE_MATERIAL:0.5442487210511104
CE_KINGSAFETY:0.4909438265341927
C_PIECESQUARETABLES:0.4922168612537742
C_MOBILITY:0.5340797969372124
C_KINGSAFETY:0.3991754035840616
C_PAWNSTRUCTURE:0.42135788784998196
C_PIECECOORDINATION:0.5110513870584596
C_ROOKANDPAWNMOVEMENT:0.5110513870584596
C_CENTERCONTROL:0.46001801658662617
C_DEVELOPPIECES:0.5548269789826523
C_MATERIAL:0.4484280016649728
