ELO:1000
CE_PASSEDPAWNS:0.4809912995137297
CE_PAWNWEAKNESSES:0.5100438176524247
CE_PIECEACTIVITY:0.49354787647860815
CE_KINGPAWNSHIELD:0.5023110307964399
CE_PIECECOORDINATION:0.48449440631539403
CE_MATERIAL:0.5174459879681497
CE_KINGSAFETY:0.5
C_PIECESQUARETABLES:0.5
C_MOBILITY:0.4961589988435747
C_KINGSAFETY:0.47681562583476905
C_PAWNSTRUCTURE:0.5073873811072944
C_PIECECOORDINATION:0.5015864202918262
C_ROOK:0.5029146811766875
CE_ROOK:0.5292476418616322
C_CENTERCONTROL:0.4744785666193554
C_DEVELOPPIECES:0.5
C_MATERIAL:0.45184424152703795
C_MOVECOUNT:0.4748754198000521
C_PAWNMOVEMENT:0.5107510682882381
