ELO:1013
CE_PASSEDPAWNS:0.5219882693018028
CE_PAWNWEAKNESSES:0.49552758885669784
CE_PIECEACTIVITY:0.48203589925508367
CE_KINGPAWNSHIELD:0.5089849341898938
CE_PIECECOORDINATION:0.47114950012935186
CE_MATERIAL:0.47009670564468714
CE_KINGSAFETY:0.4909540418059825
C_PIECESQUARETABLES:0.5
C_MOBILITY:0.5
C_KINGSAFETY:0.5018360826401095
C_PAWNSTRUCTURE:0.4683645113919039
C_PIECECOORDINATION:0.5207678628698796
C_ROOK:0.5528409108688632
CE_ROOK:0.4986050486696191
C_CENTERCONTROL:0.5043711180257453
C_DEVELOPPIECES:0.4727473771815632
C_MATERIAL:0.49949745051944733
C_MOVECOUNT:0.5214743265417351
C_PAWNMOVEMENT:0.5227013263934289
