ELO:946
CE_PASSEDPAWNS:0.4996518619475132
CE_PAWNWEAKNESSES:0.4945944484428062
CE_PIECEACTIVITY:0.5146332495902516
CE_KINGPAWNSHIELD:0.5126308038196984
CE_PIECECOORDINATION:0.4998656441897448
CE_MATERIAL:0.5064105957621982
CE_KINGSAFETY:0.5338168067404374
C_PIECESQUARETABLES:0.458805291738553
C_MOBILITY:0.5266507368560455
C_KINGSAFETY:0.5010451092052444
C_PAWNSTRUCTURE:0.4813844525126438
C_PIECECOORDINATION:0.5157918607819154
C_ROOK:0.5077870697132
CE_ROOK:0.49547361973514364
C_CENTERCONTROL:0.5017459111262479
C_DEVELOPPIECES:0.4638478166277403
C_MATERIAL:0.4715651878381379
C_MOVECOUNT:0.4644887221596641
C_PAWNMOVEMENT:0.5172652719274591
