ELO:1066
CE_PASSEDPAWNS:0.4606401552542702
CE_PAWNWEAKNESSES:0.45790605896457093
CE_PIECEACTIVITY:0.4901546002788496
CE_KINGPAWNSHIELD:0.45129349255670376
CE_PIECECOORDINATION:0.4988830367256115
CE_MATERIAL:0.4586737870788257
CE_KINGSAFETY:0.5
C_PIECESQUARETABLES:0.5
C_MOBILITY:0.5
C_KINGSAFETY:0.5012490681911862
C_PAWNSTRUCTURE:0.4902718688768419
C_PIECECOORDINATION:0.5029085076112534
C_ROOKANDPAWNMOVEMENT:0.5029085076112534
C_CENTERCONTROL:0.502424884295727
C_DEVELOPPIECES:0.48896363615367316
C_MATERIAL:0.5171288501257149
C_MOVECOUNT:0.5
