ELO:1124
CE_PASSEDPAWNS:0.4526448212368272
CE_PAWNWEAKNESSES:0.5195845780122825
CE_PIECEACTIVITY:0.5441808282861778
CE_KINGPAWNSHIELD:0.47475437288721545
CE_PIECECOORDINATION:0.5633060168617502
CE_MATERIAL:0.48958436284271634
CE_KINGSAFETY:0.5
C_PIECESQUARETABLES:0.5
C_MOBILITY:0.5668796863964455
C_KINGSAFETY:0.40220539142586287
C_PAWNSTRUCTURE:0.6059616060781821
C_PIECECOORDINATION:0.5562674503149065
C_ROOKANDPAWNMOVEMENT:0.5562674503149065
C_CENTERCONTROL:0.4770636599416912
C_DEVELOPPIECES:0.4590882314975813
C_MATERIAL:0.6169075193765221
