ELO:1015
CE_PASSEDPAWNS:0.39792981371987557
CE_PAWNWEAKNESSES:0.45435529719210543
CE_PIECEACTIVITY:0.5594978002495871
CE_KINGPAWNSHIELD:0.37184093292361364
CE_PIECECOORDINATION:0.48438192449001055
CE_MATERIAL:0.48958436284271634
CE_KINGSAFETY:0.5
C_PIECESQUARETABLES:0.5132186089976225
C_MOBILITY:0.49816549280442246
C_KINGSAFETY:0.5592285141248668
C_PAWNSTRUCTURE:0.4919821571418584
C_PIECECOORDINATION:0.5836305981213538
C_ROOKANDPAWNMOVEMENT:0.5836305981213538
C_CENTERCONTROL:0.5685522909256078
C_DEVELOPPIECES:0.5933423053266473
C_MATERIAL:0.6466627684671102
