ELO:977
CE_PASSEDPAWNS:0.49608511636536995
CE_PAWNWEAKNESSES:0.48260713146997686
CE_PIECEACTIVITY:0.5213783093009869
CE_KINGPAWNSHIELD:0.5143401918626521
CE_PIECECOORDINATION:0.5171693246702801
CE_MATERIAL:0.48284076497671363
CE_KINGSAFETY:0.5
C_PIECESQUARETABLES:0.5
C_MOBILITY:0.4346272988272857
C_KINGSAFETY:0.5180747021451926
C_PAWNSTRUCTURE:0.4900577029284544
C_PIECECOORDINATION:0.5001516480342558
C_ROOK:0.5506670870068494
CE_ROOK:0.49462461461644436
C_CENTERCONTROL:0.5474185067937731
C_DEVELOPPIECES:0.5090359425664261
C_MATERIAL:0.5009285379404309
C_MOVECOUNT:0.4821615381242618
C_PAWNMOVEMENT:0.5182171113394357
