ELO:994
CE_PASSEDPAWNS:0.4755452691146484
CE_PAWNWEAKNESSES:0.5063687360269296
CE_PIECEACTIVITY:0.509491536550291
CE_KINGPAWNSHIELD:0.4736380589568526
CE_PIECECOORDINATION:0.526306091413381
CE_MATERIAL:0.5049140833250036
CE_KINGSAFETY:0.4408853722896225
C_PIECESQUARETABLES:0.4407493808357736
C_MOBILITY:0.5287930913461233
C_KINGSAFETY:0.4468270298433558
C_PAWNSTRUCTURE:0.4659859395830006
C_PIECECOORDINATION:0.4696066570239868
C_ROOKANDPAWNMOVEMENT:0.4696066570239868
C_CENTERCONTROL:0.4430113174936331
C_DEVELOPPIECES:0.5546546712808583
C_MATERIAL:0.5093664774596657
