ELO:960
CE_PASSEDPAWNS:0.5241523673676842
CE_PAWNWEAKNESSES:0.47574586582270334
CE_PIECEACTIVITY:0.5124923053368928
CE_KINGPAWNSHIELD:0.4943817830274692
CE_PIECECOORDINATION:0.5123208290847342
CE_MATERIAL:0.4920407876591001
CE_KINGSAFETY:0.5
C_PIECESQUARETABLES:0.4925188293818283
C_MOBILITY:0.48659007835124873
C_KINGSAFETY:0.5413884522128017
C_PAWNSTRUCTURE:0.4852889656054506
C_PIECECOORDINATION:0.5074459592006053
C_ROOK:0.5099060923727498
CE_ROOK:0.5001598257696028
C_CENTERCONTROL:0.5191717400063509
C_DEVELOPPIECES:0.5028217986566211
C_MATERIAL:0.49078819918661126
C_MOVECOUNT:0.47715920502183884
C_PAWNMOVEMENT:0.5641776318874469
