ELO:1000
CE_PASSEDPAWNS:0.4900901531672001
CE_PAWNWEAKNESSES:0.49297039223425476
CE_PIECEACTIVITY:0.49809724888871343
CE_KINGPAWNSHIELD:0.5045290169736555
CE_PIECECOORDINATION:0.4972315491777771
CE_MATERIAL:0.4918933217962649
CE_KINGSAFETY:0.5111408809657292
C_PIECESQUARETABLES:0.5
C_MOBILITY:0.5
C_KINGSAFETY:0.5120481692195696
C_PAWNSTRUCTURE:0.4923927471285533
C_PIECECOORDINATION:0.502224687977913
C_ROOK:0.5
CE_ROOK:0.5053542322242797
C_CENTERCONTROL:0.4978967248853009
C_DEVELOPPIECES:0.49377074362415024
C_MATERIAL:0.5030531933687012
C_MOVECOUNT:0.5
C_PAWNMOVEMENT:0.5114377665829057
