ELO:1030
CE_PASSEDPAWNS:0.45224307571195244
CE_PAWNWEAKNESSES:0.5690966653068521
CE_PIECEACTIVITY:0.514831512523587
CE_KINGPAWNSHIELD:0.45040867072975227
CE_PIECECOORDINATION:0.5067785760358416
CE_MATERIAL:0.3487007681513638
CE_KINGSAFETY:0.5082548629161158
C_PIECESQUARETABLES:0.5015838409810259
C_MOBILITY:0.5818321282509906
C_KINGSAFETY:0.3847831656407583
C_PAWNSTRUCTURE:0.5396440928768532
C_PIECECOORDINATION:0.4902160548100974
C_ROOKANDPAWNMOVEMENT:0.4902160548100974
C_CENTERCONTROL:0.6360443080309477
C_DEVELOPPIECES:0.5310028297495517
C_MATERIAL:0.42037145141469806
