ELO:936
CE_PASSEDPAWNS:0.4790191252326547
CE_PAWNWEAKNESSES:0.5047838473209774
CE_PIECEACTIVITY:0.4963510643579704
CE_KINGPAWNSHIELD:0.5152108426585105
CE_PIECECOORDINATION:0.5033484816230919
CE_MATERIAL:0.5030870018424222
CE_KINGSAFETY:0.5
C_PIECESQUARETABLES:0.5
C_MOBILITY:0.48142637086443946
C_KINGSAFETY:0.49251742199982923
C_PAWNSTRUCTURE:0.4364089908119983
C_PIECECOORDINATION:0.49817502741666203
C_ROOKANDPAWNMOVEMENT:0.49817502741666203
C_CENTERCONTROL:0.5
C_DEVELOPPIECES:0.515495619569101
C_MATERIAL:0.5062362282870725
C_MOVECOUNT:0.48858728022343667
