ELO:963
CE_PASSEDPAWNS:0.5313720947940281
CE_PAWNWEAKNESSES:0.4914985943332222
CE_PIECEACTIVITY:0.5100254270498512
CE_KINGPAWNSHIELD:0.513360895233815
CE_PIECECOORDINATION:0.4696195094584848
CE_MATERIAL:0.5479527268586059
CE_KINGSAFETY:0.4909221781823032
C_PIECESQUARETABLES:0.49070472882041405
C_MOBILITY:0.5686792160085227
C_KINGSAFETY:0.3864322668479054
C_PAWNSTRUCTURE:0.3682597558374242
C_PIECECOORDINATION:0.5087568923311676
C_ROOKANDPAWNMOVEMENT:0.5087568923311676
C_CENTERCONTROL:0.4490319264119311
C_DEVELOPPIECES:0.5454897310061658
C_MATERIAL:0.4370494185385471
