ELO:973
CE_PASSEDPAWNS:0.509681106473252
CE_PAWNWEAKNESSES:0.5064992053535367
CE_PIECEACTIVITY:0.5415706551025959
CE_KINGPAWNSHIELD:0.48902347743673735
CE_PIECECOORDINATION:0.4804497577561407
CE_MATERIAL:0.5340526900890747
CE_KINGSAFETY:0.4999573868580857
C_PIECESQUARETABLES:0.4686939523363517
C_MOBILITY:0.5320151849519276
C_KINGSAFETY:0.4122398789771509
C_PAWNSTRUCTURE:0.4081124139391824
C_PIECECOORDINATION:0.49972425241684365
C_ROOKANDPAWNMOVEMENT:0.49972425241684365
C_CENTERCONTROL:0.4706224082082862
C_DEVELOPPIECES:0.5548269789826523
C_MATERIAL:0.43947081447941594
