ELO:982
CE_PASSEDPAWNS:0.5
CE_PAWNWEAKNESSES:0.5125608167923819
CE_PIECEACTIVITY:0.5038601924986179
CE_KINGPAWNSHIELD:0.526665906995317
CE_PIECECOORDINATION:0.5210233717774789
CE_MATERIAL:0.5045997554276782
CE_KINGSAFETY:0.502846478916054
C_PIECESQUARETABLES:0.5
C_MOBILITY:0.5042976106314064
C_KINGSAFETY:0.49148188307573837
C_PAWNSTRUCTURE:0.5208173526294422
C_PIECECOORDINATION:0.4980304479727919
C_ROOKANDPAWNMOVEMENT:0.4980304479727919
C_CENTERCONTROL:0.4991085743527598
C_DEVELOPPIECES:0.5013386424742392
C_MATERIAL:0.4849711847114942
C_MOVECOUNT:0.4949758293676579
