ELO:996
CE_PASSEDPAWNS:0.5037622335659763
CE_PAWNWEAKNESSES:0.48833014587079315
CE_PIECEACTIVITY:0.5
CE_KINGPAWNSHIELD:0.5160734608799068
CE_PIECECOORDINATION:0.5019103703682247
CE_MATERIAL:0.4917190971176653
CE_KINGSAFETY:0.5
C_PIECESQUARETABLES:0.500467481499467
C_MOBILITY:0.5
C_KINGSAFETY:0.5
C_PAWNSTRUCTURE:0.5076178606403114
C_PIECECOORDINATION:0.5028756020599069
C_ROOKANDPAWNMOVEMENT:0.5028756020599069
C_CENTERCONTROL:0.5
C_DEVELOPPIECES:0.5
C_MATERIAL:0.5
C_MOVECOUNT:0.4855610161095072
