ELO:935
CE_PASSEDPAWNS:0.5135658840717573
CE_PAWNWEAKNESSES:0.5132664985903623
CE_PIECEACTIVITY:0.48531798805546805
CE_KINGPAWNSHIELD:0.46479769711536567
CE_PIECECOORDINATION:0.4709346998878431
CE_MATERIAL:0.4569154105823653
CE_KINGSAFETY:0.5050629530138752
C_PIECESQUARETABLES:0.49756325786255357
C_MOBILITY:0.4688370553978096
C_KINGSAFETY:0.4684215008926037
C_PAWNSTRUCTURE:0.5617879846480457
C_PIECECOORDINATION:0.4975471729681099
C_ROOKANDPAWNMOVEMENT:0.4975471729681099
C_CENTERCONTROL:0.5024094749636651
C_DEVELOPPIECES:0.5298594072867989
C_MATERIAL:0.556404463707178
