ELO:984
CE_PASSEDPAWNS:0.39607880311816934
CE_PAWNWEAKNESSES:0.5012686134993608
CE_PIECEACTIVITY:0.6184382328707266
CE_KINGPAWNSHIELD:0.478839793240357
CE_PIECECOORDINATION:0.4903681192998047
CE_MATERIAL:0.4204051994295107
C_PIECESQUARETABLES:0.7186073301303888
C_MOBILITY:0.1922479580401748
C_KINGSAFETY:0.30635534080455373
C_PAWNSTRUCTURE:0.6125718301393482
C_PIECECOORDINATION:0.46190733669205697
C_MATERIAL:0.4404588875874565
