ELO:1002
CE_PASSEDPAWNS:0.49568515703008115
CE_PAWNWEAKNESSES:0.48557641437646715
CE_PIECEACTIVITY:0.5032752112976475
CE_KINGPAWNSHIELD:0.5092109835778873
CE_PIECECOORDINATION:0.5206940448560404
CE_MATERIAL:0.5
CE_KINGSAFETY:0.49767801127497385
C_PIECESQUARETABLES:0.4888052694037524
C_MOBILITY:0.49885778673088604
C_KINGSAFETY:0.5280397118547006
C_PAWNSTRUCTURE:0.5075840791802471
C_PIECECOORDINATION:0.4976140179112625
C_ROOKANDPAWNMOVEMENT:0.4976140179112625
C_CENTERCONTROL:0.5089712413954383
C_DEVELOPPIECES:0.5
C_MATERIAL:0.5
C_MOVECOUNT:0.49368232031569664
