ELO:988
CE_PASSEDPAWNS:0.5155530376781956
CE_PAWNWEAKNESSES:0.5205309096270928
CE_PIECEACTIVITY:0.5047063537374831
CE_KINGPAWNSHIELD:0.46877222037821903
CE_PIECECOORDINATION:0.5474129295263248
CE_MATERIAL:0.5202379496216569
CE_KINGSAFETY:0.4642883751488137
C_PIECESQUARETABLES:0.46758085188169735
C_MOBILITY:0.5041187770388356
C_KINGSAFETY:0.4531771386070119
C_PAWNSTRUCTURE:0.4553252487815085
C_PIECECOORDINATION:0.441751739426119
C_ROOKANDPAWNMOVEMENT:0.441751739426119
C_CENTERCONTROL:0.45846317606740744
C_DEVELOPPIECES:0.5539235443575532
C_MATERIAL:0.5116901931948814
