ELO:983
CE_PASSEDPAWNS:0.5028305326221464
CE_PAWNWEAKNESSES:0.5133671211373776
CE_PIECEACTIVITY:0.5
CE_KINGPAWNSHIELD:0.5107766571014205
CE_PIECECOORDINATION:0.484044526021925
CE_MATERIAL:0.5055261186702237
CE_KINGSAFETY:0.511179251734871
C_PIECESQUARETABLES:0.5019983679065247
C_MOBILITY:0.47875444431461056
C_KINGSAFETY:0.49452421338315977
C_PAWNSTRUCTURE:0.510455653926154
C_PIECECOORDINATION:0.486771236386774
C_ROOKANDPAWNMOVEMENT:0.486771236386774
C_CENTERCONTROL:0.5248527327959944
C_DEVELOPPIECES:0.48703439419058914
C_MATERIAL:0.517775129463618
C_MOVECOUNT:0.5
