ELO:996
CE_PASSEDPAWNS:0.5265050284138625
CE_PAWNWEAKNESSES:0.4949821251963144
CE_PIECEACTIVITY:0.49789616754382215
CE_KINGPAWNSHIELD:0.5388085713977733
CE_PIECECOORDINATION:0.4820134578361207
CE_MATERIAL:0.46837377775804356
CE_KINGSAFETY:0.5
C_PIECESQUARETABLES:0.5
C_MOBILITY:0.4965268577430581
C_KINGSAFETY:0.49148091137625494
C_PAWNSTRUCTURE:0.4821335517701167
C_PIECECOORDINATION:0.5
C_ROOKANDPAWNMOVEMENT:0.5
C_CENTERCONTROL:0.5
C_DEVELOPPIECES:0.45917114825593214
C_MATERIAL:0.49617683533457546
C_MOVECOUNT:0.5
