ELO:1337
CE_PASSEDPAWNS:0.4382366343002822
CE_PAWNWEAKNESSES:0.583283116983054
CE_PIECEACTIVITY:0.44409255989768454
CE_KINGPAWNSHIELD:0.4718936180628272
CE_PIECECOORDINATION:0.5092207831411224
CE_MATERIAL:0.4243291042867296
CE_KINGSAFETY:0.5
C_PIECESQUARETABLES:0.5107922838848586
C_MOBILITY:0.4670989278177624
C_KINGSAFETY:0.4022034022257092
C_PAWNSTRUCTURE:0.6110447893460139
C_PIECECOORDINATION:0.5450051674444382
C_ROOKANDPAWNMOVEMENT:0.5450051674444382
C_CENTERCONTROL:0.4910158207041803
C_DEVELOPPIECES:0.4465479027097947
C_MATERIAL:0.6004753031652545
