ELO:945
CE_PASSEDPAWNS:0.49877001404249577
CE_PAWNWEAKNESSES:0.5316595076221042
CE_PIECEACTIVITY:0.5093498512324037
CE_KINGPAWNSHIELD:0.5168780287024538
CE_PIECECOORDINATION:0.5040052726990749
CE_MATERIAL:0.49944625694166983
CE_KINGSAFETY:0.46776850619198557
C_PIECESQUARETABLES:0.49497812909018507
C_MOBILITY:0.5182053338565363
C_KINGSAFETY:0.4770143039929099
C_PAWNSTRUCTURE:0.5138231639954939
C_PIECECOORDINATION:0.5105938481596346
C_ROOKANDPAWNMOVEMENT:0.5105938481596346
C_CENTERCONTROL:0.4946831406792291
C_DEVELOPPIECES:0.4856931527088604
C_MATERIAL:0.5025962186178563
