ELO:902
CE_PASSEDPAWNS:0.5049944342526708
CE_PAWNWEAKNESSES:0.4626712557195682
CE_PIECEACTIVITY:0.49303008299103673
CE_KINGPAWNSHIELD:0.5113928049393418
CE_PIECECOORDINATION:0.488088070185457
CE_MATERIAL:0.4551737049300293
CE_KINGSAFETY:0.521497890462681
C_PIECESQUARETABLES:0.5042773429477485
C_MOBILITY:0.5214020576977378
C_KINGSAFETY:0.48221842008455174
C_PAWNSTRUCTURE:0.5574275355636167
C_PIECECOORDINATION:0.5220421681783951
C_ROOKANDPAWNMOVEMENT:0.5220421681783951
C_CENTERCONTROL:0.5256828469792857
C_DEVELOPPIECES:0.5149966600312074
C_MATERIAL:0.5125321125357544
C_MOVECOUNT:0.5
