ELO:1124
CE_PASSEDPAWNS:0.4526448212368272
CE_PAWNWEAKNESSES:0.5195845780122825
CE_PIECEACTIVITY:0.5420593615453828
CE_KINGPAWNSHIELD:0.4873640784077908
CE_PIECECOORDINATION:0.5633060168617502
CE_MATERIAL:0.5699418530803207
CE_KINGSAFETY:0.5
C_PIECESQUARETABLES:0.5
C_MOBILITY:0.5668796863964455
C_KINGSAFETY:0.40220539142586287
C_PAWNSTRUCTURE:0.5850499534865369
C_PIECECOORDINATION:0.5889764467176994
C_ROOKANDPAWNMOVEMENT:0.5889764467176994
C_CENTERCONTROL:0.47861697439238793
C_DEVELOPPIECES:0.4590882314975813
C_MATERIAL:0.6480765086317845
