ELO:752
CE_PASSEDPAWNS:0.4325449303377839
CE_PAWNWEAKNESSES:0.4988495216967966
CE_PIECEACTIVITY:0.5143035916251566
CE_KINGPAWNSHIELD:0.4891451807694634
CE_PIECECOORDINATION:0.45113515312426317
CE_MATERIAL:0.4827024205840761
CE_KINGSAFETY:0.44038064402955734
C_PIECESQUARETABLES:0.5282292422516054
C_MOBILITY:0.5338190117507214
C_KINGSAFETY:0.5093930353067434
C_PAWNSTRUCTURE:0.4957629173446195
C_PIECECOORDINATION:0.4454667106308088
C_ROOKANDPAWNMOVEMENT:0.4454667106308088
C_CENTERCONTROL:0.4468559460903778
C_DEVELOPPIECES:0.5461433101843095
C_MATERIAL:0.4979314261192649
C_MOVECOUNT:0.5
