ELO:1092
CE_PASSEDPAWNS:0.49666089684015446
CE_PAWNWEAKNESSES:0.5101304147258322
CE_PIECEACTIVITY:0.49556685037013515
CE_KINGPAWNSHIELD:0.4869762891852908
CE_PIECECOORDINATION:0.5
CE_MATERIAL:0.5
CE_KINGSAFETY:0.5
C_PIECESQUARETABLES:0.5
C_MOBILITY:0.4883315461146327
C_KINGSAFETY:0.5014489995702224
C_PAWNSTRUCTURE:0.5171578828235839
C_PIECECOORDINATION:0.530079026421654
C_ROOK:0.5118138365292105
CE_ROOK:0.479067990043031
C_CENTERCONTROL:0.49450810470261913
C_DEVELOPPIECES:0.5074205319448555
C_MATERIAL:0.5
C_MOVECOUNT:0.4722447649162971
C_PAWNMOVEMENT:0.5105671416101011
