ELO:940
CE_PASSEDPAWNS:0.4994945875428529
CE_PAWNWEAKNESSES:0.4502804567452379
CE_PIECEACTIVITY:0.5038582512861549
CE_KINGPAWNSHIELD:0.5202722926873925
CE_PIECECOORDINATION:0.5038455658321898
CE_MATERIAL:0.47996875368015646
CE_KINGSAFETY:0.5070556000610341
C_PIECESQUARETABLES:0.5103314344489992
C_MOBILITY:0.5043741421417155
C_KINGSAFETY:0.4840039210209938
C_PAWNSTRUCTURE:0.4998107408737028
C_PIECECOORDINATION:0.4962861862816963
C_ROOKANDPAWNMOVEMENT:0.4962861862816963
C_CENTERCONTROL:0.5354893086931399
C_DEVELOPPIECES:0.5170486629683234
C_MATERIAL:0.4930296910055889
C_MOVECOUNT:0.504217186127224
