ELO:1023
CE_PASSEDPAWNS:0.5220014652991477
CE_PAWNWEAKNESSES:0.49313021423393016
CE_PIECEACTIVITY:0.5012389627255882
CE_KINGPAWNSHIELD:0.4724108304964183
CE_PIECECOORDINATION:0.4603607801227427
CE_MATERIAL:0.540383494701908
CE_KINGSAFETY:0.4932519024474199
C_PIECESQUARETABLES:0.5
C_MOBILITY:0.5012764036555123
C_KINGSAFETY:0.38961952488319945
C_PAWNSTRUCTURE:0.62436365227218
C_PIECECOORDINATION:0.5630257093956104
C_ROOKANDPAWNMOVEMENT:0.5630257093956104
C_CENTERCONTROL:0.48833387149675983
C_DEVELOPPIECES:0.5528173797779841
C_MATERIAL:0.6137695582720679
