ELO:1053
CE_PASSEDPAWNS:0.5013787131414988
CE_PAWNWEAKNESSES:0.4886838477797177
CE_PIECEACTIVITY:0.49669922482791296
CE_KINGPAWNSHIELD:0.49651369110174554
CE_PIECECOORDINATION:0.5002465030205382
CE_MATERIAL:0.5
CE_KINGSAFETY:0.5
C_PIECESQUARETABLES:0.5
C_MOBILITY:0.47763626907497486
C_KINGSAFETY:0.49114415449624815
C_PAWNSTRUCTURE:0.49718218628047534
C_PIECECOORDINATION:0.5138827603328362
C_ROOK:0.493374313320691
CE_ROOK:0.5065841379310213
C_CENTERCONTROL:0.5101910784123721
C_DEVELOPPIECES:0.49914624624872594
C_MATERIAL:0.4972205291485834
C_MOVECOUNT:0.4841889322857715
C_PAWNMOVEMENT:0.5141172219421226
