ELO:1036
CE_PASSEDPAWNS:0.5
CE_PAWNWEAKNESSES:0.49973890016388006
CE_PIECEACTIVITY:0.5078560757332157
CE_KINGPAWNSHIELD:0.5011452551771548
CE_PIECECOORDINATION:0.4962048962832572
CE_MATERIAL:0.5
CE_KINGSAFETY:0.5
C_PIECESQUARETABLES:0.5
C_MOBILITY:0.5625533880648353
C_KINGSAFETY:0.496686732589993
C_PAWNSTRUCTURE:0.4740289787131899
C_PIECECOORDINATION:0.503824493170479
C_ROOKANDPAWNMOVEMENT:0.503824493170479
C_CENTERCONTROL:0.4956728615473433
C_DEVELOPPIECES:0.5042982918856964
C_MATERIAL:0.5006321108343543
