ELO:936
CE_PASSEDPAWNS:0.4460810905985551
CE_PAWNWEAKNESSES:0.3874444117291899
CE_PIECEACTIVITY:0.5079720156527485
CE_KINGPAWNSHIELD:0.41592842253498974
CE_PIECECOORDINATION:0.5493921034534051
CE_MATERIAL:0.5151933255362635
CE_KINGSAFETY:0.43381631735411796
C_PIECESQUARETABLES:0.5325843577092277
C_MOBILITY:0.46836459377508805
C_KINGSAFETY:0.5401618565664403
C_PAWNSTRUCTURE:0.5342591444668547
C_PIECECOORDINATION:0.5314935657318477
C_ROOKANDPAWNMOVEMENT:0.5314935657318477
C_CENTERCONTROL:0.5223592314891464
C_DEVELOPPIECES:0.5365777498136872
C_MATERIAL:0.49882390501477686
