ELO:1108
CE_PASSEDPAWNS:0.4486455581650062
CE_PAWNWEAKNESSES:0.5068930497916149
CE_PIECEACTIVITY:0.4739831057086881
CE_KINGPAWNSHIELD:0.6208131797722044
CE_PIECECOORDINATION:0.4931021808560089
CE_MATERIAL:0.4528911877400125
CE_KINGSAFETY:0.5
C_PIECESQUARETABLES:0.5
C_MOBILITY:0.4269825090897714
C_KINGSAFETY:0.6604441694756027
C_PAWNSTRUCTURE:0.4464511430490359
C_PIECECOORDINATION:0.48282047922595484
C_ROOKANDPAWNMOVEMENT:0.48282047922595484
C_CENTERCONTROL:0.595740398282511
C_DEVELOPPIECES:0.5465638886539055
C_MATERIAL:0.3760654139133595
