ELO:889
CE_PASSEDPAWNS:0.5182923735779356
CE_PAWNWEAKNESSES:0.4413985296430542
CE_PIECEACTIVITY:0.49274004109970254
CE_KINGPAWNSHIELD:0.5255105853817287
CE_PIECECOORDINATION:0.5350822384265111
CE_MATERIAL:0.48082464114937634
CE_KINGSAFETY:0.5222475647253316
C_PIECESQUARETABLES:0.5255910354292053
C_MOBILITY:0.5757323892323692
C_KINGSAFETY:0.5383920783332091
C_PAWNSTRUCTURE:0.5230547955224648
C_PIECECOORDINATION:0.5292409764693735
C_ROOKANDPAWNMOVEMENT:0.5292409764693735
C_CENTERCONTROL:0.5073442975693844
C_DEVELOPPIECES:0.49187807278963314
C_MATERIAL:0.5431834270824525
C_MOVECOUNT:0.5143192078434619
