ELO:974
CE_PASSEDPAWNS:0.42332987053438303
CE_PAWNWEAKNESSES:0.5123447677326988
CE_PIECEACTIVITY:0.45334318874386115
CE_KINGPAWNSHIELD:0.49545132605804115
CE_PIECECOORDINATION:0.5137188094739588
CE_MATERIAL:0.5333438245908154
CE_KINGSAFETY:0.483848595476253
C_PIECESQUARETABLES:0.4983147049385128
C_MOBILITY:0.5095102130534992
C_KINGSAFETY:0.5186494239415527
C_PAWNSTRUCTURE:0.5505679302156575
C_PIECECOORDINATION:0.5545619156531252
C_ROOKANDPAWNMOVEMENT:0.5545619156531252
C_CENTERCONTROL:0.5180151348475309
C_DEVELOPPIECES:0.4942239271796915
C_MATERIAL:0.4694677961653381
