ELO:1043
CE_PASSEDPAWNS:0.4981452674527111
CE_PAWNWEAKNESSES:0.5165915268739114
CE_PIECEACTIVITY:0.47769708389211407
CE_KINGPAWNSHIELD:0.5098597292069907
CE_PIECECOORDINATION:0.5070516143006996
CE_MATERIAL:0.5010817963431042
CE_KINGSAFETY:0.4863842042973446
C_PIECESQUARETABLES:0.515883267008888
C_MOBILITY:0.5
C_KINGSAFETY:0.5027428115670924
C_PAWNSTRUCTURE:0.48797474332715945
C_PIECECOORDINATION:0.4999339393320989
C_ROOKANDPAWNMOVEMENT:0.4999339393320989
C_CENTERCONTROL:0.5
C_DEVELOPPIECES:0.5073586768597992
C_MATERIAL:0.5014022544587281
