ELO:1103
CE_PASSEDPAWNS:0.6163346755717495
CE_PAWNWEAKNESSES:0.4839543896939202
CE_PIECEACTIVITY:0.4531773745241807
CE_KINGPAWNSHIELD:0.5209698156983257
CE_PIECECOORDINATION:0.5449900128502336
CE_MATERIAL:0.3963786524687434
CE_KINGSAFETY:0.48051536594432787
C_PIECESQUARETABLES:0.5172373836476999
C_MOBILITY:0.4069926351060713
C_KINGSAFETY:0.6379810436917274
C_PAWNSTRUCTURE:0.40887860161074413
C_PIECECOORDINATION:0.48430233874975176
C_ROOKANDPAWNMOVEMENT:0.48430233874975176
C_CENTERCONTROL:0.5398382924800127
C_DEVELOPPIECES:0.5856435710785189
C_MATERIAL:0.4066499272582535
