ELO:1044
CE_PASSEDPAWNS:0.49064619475277843
CE_PAWNWEAKNESSES:0.5055179990021043
CE_PIECEACTIVITY:0.4950679917749116
CE_KINGPAWNSHIELD:0.4894320957389524
CE_PIECECOORDINATION:0.4902639127984152
CE_MATERIAL:0.5107941233118481
CE_KINGSAFETY:0.5
C_PIECESQUARETABLES:0.5
C_MOBILITY:0.48185998203727787
C_KINGSAFETY:0.5068965064423498
C_PAWNSTRUCTURE:0.4907791667664288
C_PIECECOORDINATION:0.4853159175097035
C_ROOKANDPAWNMOVEMENT:0.4853159175097035
C_CENTERCONTROL:0.5
C_DEVELOPPIECES:0.5076058216458842
C_MATERIAL:0.502661953557657
C_MOVECOUNT:0.4942506590887826
