ELO:872
CE_PASSEDPAWNS:0.52419458783423
CE_PAWNWEAKNESSES:0.5621029735882496
CE_PIECEACTIVITY:0.6145850946200924
CE_KINGPAWNSHIELD:0.46693049082267685
CE_PIECECOORDINATION:0.5140590679266034
CE_MATERIAL:0.5158709755128628
CE_KINGSAFETY:0.5173333098332225
C_PIECESQUARETABLES:0.5080099339825886
C_MOBILITY:0.47561878403991026
C_KINGSAFETY:0.45810903043290657
C_PAWNSTRUCTURE:0.4904316272057518
C_PIECECOORDINATION:0.5626913387543316
C_ROOKANDPAWNMOVEMENT:0.5626913387543316
C_CENTERCONTROL:0.434113513848077
C_DEVELOPPIECES:0.5646508524337136
C_MATERIAL:0.40283141286620433
C_MOVECOUNT:0.5334783630850287
