ELO:885
CE_PASSEDPAWNS:0.5167630552021614
CE_PAWNWEAKNESSES:0.44491153062359023
CE_PIECEACTIVITY:0.5069563608437483
CE_KINGPAWNSHIELD:0.5299632036667375
CE_PIECECOORDINATION:0.5117435795957239
CE_MATERIAL:0.4699603539987746
CE_KINGSAFETY:0.5304033668917589
C_PIECESQUARETABLES:0.5231008941320395
C_MOBILITY:0.5469070926160394
C_KINGSAFETY:0.5464337960290473
C_PAWNSTRUCTURE:0.5413828090549342
C_PIECECOORDINATION:0.5292409764693735
C_ROOKANDPAWNMOVEMENT:0.5292409764693735
C_CENTERCONTROL:0.506187390323549
C_DEVELOPPIECES:0.5104246386704052
C_MATERIAL:0.5508230348658212
C_MOVECOUNT:0.5275734535327655
