ELO:902
CE_PASSEDPAWNS:0.42810229866766475
CE_PAWNWEAKNESSES:0.44425523123491456
CE_PIECEACTIVITY:0.4990451596259659
CE_KINGPAWNSHIELD:0.4447753191657271
CE_PIECECOORDINATION:0.5020422138381535
CE_MATERIAL:0.5010813735763364
CE_KINGSAFETY:0.5021768527077258
C_PIECESQUARETABLES:0.5305221617360353
C_MOBILITY:0.43639124891034137
C_KINGSAFETY:0.5279334911359775
C_PAWNSTRUCTURE:0.45603431587176013
C_PIECECOORDINATION:0.48558237550847816
C_ROOKANDPAWNMOVEMENT:0.48558237550847816
C_CENTERCONTROL:0.44386539825796073
C_DEVELOPPIECES:0.5160957158148226
C_MATERIAL:0.4399136928279429
C_MOVECOUNT:0.5675414616076
