ELO:1123
CE_PASSEDPAWNS:0.4287281369871026
CE_PAWNWEAKNESSES:0.45435529719210543
CE_PIECEACTIVITY:0.5420593615453828
CE_KINGPAWNSHIELD:0.40008057349030945
CE_PIECECOORDINATION:0.5228665876218258
CE_MATERIAL:0.540383494701908
CE_KINGSAFETY:0.5
C_PIECESQUARETABLES:0.5
C_MOBILITY:0.6076327737009805
C_KINGSAFETY:0.40672919937252344
C_PAWNSTRUCTURE:0.5314253954442887
C_PIECECOORDINATION:0.6006523227325677
C_ROOKANDPAWNMOVEMENT:0.6006523227325677
C_CENTERCONTROL:0.49689184494824484
C_DEVELOPPIECES:0.4332909592322626
C_MATERIAL:0.6169075193765221
