ELO:1041
CE_PASSEDPAWNS:0.5064818995535335
CE_PAWNWEAKNESSES:0.487742882207167
CE_PIECEACTIVITY:0.49393142336746904
CE_KINGPAWNSHIELD:0.5024837139228125
CE_PIECECOORDINATION:0.5149684480181834
CE_MATERIAL:0.5054980911351014
CE_KINGSAFETY:0.5
C_PIECESQUARETABLES:0.5
C_MOBILITY:0.4633075105019582
C_KINGSAFETY:0.47681562583476905
C_PAWNSTRUCTURE:0.5092541239841996
C_PIECECOORDINATION:0.48631968092599936
C_ROOK:0.5062863118625917
CE_ROOK:0.49469427752576733
C_CENTERCONTROL:0.49566916445545905
C_DEVELOPPIECES:0.49327848897237697
C_MATERIAL:0.5024675932608175
C_MOVECOUNT:0.49258642512256096
C_PAWNMOVEMENT:0.4898770183305598
