ELO:994
CE_PASSEDPAWNS:0.5
CE_PAWNWEAKNESSES:0.5
CE_PIECEACTIVITY:0.5021858414098598
CE_KINGPAWNSHIELD:0.5
CE_PIECECOORDINATION:0.5033008171935491
CE_MATERIAL:0.5
CE_KINGSAFETY:0.5
C_PIECESQUARETABLES:0.5
C_MOBILITY:0.49686716909980166
C_KINGSAFETY:0.48838610434333074
C_PAWNSTRUCTURE:0.5066008945906303
C_PIECECOORDINATION:0.49693445105014955
C_ROOKANDPAWNMOVEMENT:0.49693445105014955
C_CENTERCONTROL:0.5120227587204462
C_DEVELOPPIECES:0.5
C_MATERIAL:0.5108180673887417
C_MOVECOUNT:0.5043620796680527
