ELO:1094
CE_PASSEDPAWNS:0.4575949883343276
CE_PAWNWEAKNESSES:0.5867378535677306
CE_PIECEACTIVITY:0.4336294063280298
CE_KINGPAWNSHIELD:0.4467497567991595
CE_PIECECOORDINATION:0.49525090608611594
CE_MATERIAL:0.49790962154373225
CE_KINGSAFETY:0.5
C_PIECESQUARETABLES:0.5
C_MOBILITY:0.5444983191960523
C_KINGSAFETY:0.4082550688282633
C_PAWNSTRUCTURE:0.6098112579911965
C_PIECECOORDINATION:0.5546562877460437
C_ROOKANDPAWNMOVEMENT:0.5546562877460437
C_CENTERCONTROL:0.4910158207041803
C_DEVELOPPIECES:0.4590882314975813
C_MATERIAL:0.6154232304150021
