ELO:1307
CE_PASSEDPAWNS:0.4476416470436395
CE_PAWNWEAKNESSES:0.4601095292981203
CE_PIECEACTIVITY:0.4428997381960304
CE_KINGPAWNSHIELD:0.4675483960701007
CE_PIECECOORDINATION:0.5456174014005164
CE_MATERIAL:0.4722256860686656
CE_KINGSAFETY:0.4989154101162278
C_PIECESQUARETABLES:0.4570106316865665
C_MOBILITY:0.3528883718889461
C_KINGSAFETY:0.35557480878985126
C_PAWNSTRUCTURE:0.5669648723719483
C_PIECECOORDINATION:0.5824912919337145
C_ROOKANDPAWNMOVEMENT:0.5824912919337145
C_CENTERCONTROL:0.5074219612996926
C_DEVELOPPIECES:0.43807300321877574
C_MATERIAL:0.5555915312898784
