ELO:1052
CE_PASSEDPAWNS:0.5006727524098382
CE_PAWNWEAKNESSES:0.5163043396134022
CE_PIECEACTIVITY:0.4883723620634524
CE_KINGPAWNSHIELD:0.49711923057826723
CE_PIECECOORDINATION:0.49890875767298865
CE_MATERIAL:0.49117272036972864
CE_KINGSAFETY:0.5
C_PIECESQUARETABLES:0.5
C_MOBILITY:0.519473537413262
C_KINGSAFETY:0.4866980623330999
C_PAWNSTRUCTURE:0.4859267463608704
C_PIECECOORDINATION:0.5363186862243169
C_ROOK:0.4863793706532083
CE_ROOK:0.5085086838710242
C_CENTERCONTROL:0.4918506465569542
C_DEVELOPPIECES:0.4925283032106535
C_MATERIAL:0.45230360181182927
C_MOVECOUNT:0.5083426054011211
C_PAWNMOVEMENT:0.5105671416101011
