ELO:1039
CE_PASSEDPAWNS:0.49666089684015446
CE_PAWNWEAKNESSES:0.503933769595215
CE_PIECEACTIVITY:0.5005067291873136
CE_KINGPAWNSHIELD:0.4934647489937365
CE_PIECECOORDINATION:0.515551903436208
CE_MATERIAL:0.4872736127080947
CE_KINGSAFETY:0.5
C_PIECESQUARETABLES:0.5
C_MOBILITY:0.508670177124862
C_KINGSAFETY:0.48826985307553
C_PAWNSTRUCTURE:0.5028808292882461
C_PIECECOORDINATION:0.5079180652024708
C_ROOK:0.508783418311573
CE_ROOK:0.4960860099806561
C_CENTERCONTROL:0.5302842375222394
C_DEVELOPPIECES:0.47944667082985915
C_MATERIAL:0.4934285011817089
C_MOVECOUNT:0.4722447649162971
C_PAWNMOVEMENT:0.48185640040674094
