ELO:1024
CE_PASSEDPAWNS:0.44749870354253773
CE_PAWNWEAKNESSES:0.45435529719210543
CE_PIECEACTIVITY:0.5055534717583172
CE_KINGPAWNSHIELD:0.4628065437446107
CE_PIECECOORDINATION:0.43588278993292184
CE_MATERIAL:0.4990994058124339
CE_KINGSAFETY:0.5
C_PIECESQUARETABLES:0.5
C_MOBILITY:0.6076327737009805
C_KINGSAFETY:0.4258746242255982
C_PAWNSTRUCTURE:0.5265605361002453
C_PIECECOORDINATION:0.5350567576815112
C_ROOKANDPAWNMOVEMENT:0.5350567576815112
C_CENTERCONTROL:0.5325424007152673
C_DEVELOPPIECES:0.43661531002416915
C_MATERIAL:0.6154232304150021
