ELO:1002
CE_PASSEDPAWNS:0.4991314124628145
CE_PAWNWEAKNESSES:0.5119747567393803
CE_PIECEACTIVITY:0.49942138400213343
CE_KINGPAWNSHIELD:0.5081905769392231
CE_PIECECOORDINATION:0.5
CE_MATERIAL:0.4829467420856534
CE_KINGSAFETY:0.5
C_PIECESQUARETABLES:0.5010238374779492
C_MOBILITY:0.5118533179205768
C_KINGSAFETY:0.4891808757383666
C_PAWNSTRUCTURE:0.49787386800143074
C_PIECECOORDINATION:0.5004321906836906
C_ROOKANDPAWNMOVEMENT:0.5004321906836906
C_CENTERCONTROL:0.4988094647180355
C_DEVELOPPIECES:0.47997266142341893
C_MATERIAL:0.505857402619045
C_MOVECOUNT:0.49528012872257604
