ELO:939
CE_PASSEDPAWNS:0.4489249991978739
CE_PAWNWEAKNESSES:0.4073018953358326
CE_PIECEACTIVITY:0.5221387247556141
CE_KINGPAWNSHIELD:0.43355368770370056
CE_PIECECOORDINATION:0.5394221900659453
CE_MATERIAL:0.5240797025587852
CE_KINGSAFETY:0.4528395422574265
C_PIECESQUARETABLES:0.5151984335584423
C_MOBILITY:0.4596136584670408
C_KINGSAFETY:0.5154058419015716
C_PAWNSTRUCTURE:0.5455300128121805
C_PIECECOORDINATION:0.5329011206797452
C_ROOKANDPAWNMOVEMENT:0.5329011206797452
C_CENTERCONTROL:0.540887570921955
C_DEVELOPPIECES:0.5308837432046902
C_MATERIAL:0.4776479184410533
