ELO:981
CE_PASSEDPAWNS:0.5099616109107933
CE_PAWNWEAKNESSES:0.5112804483978427
CE_PIECEACTIVITY:0.49941919834809323
CE_KINGPAWNSHIELD:0.5044244069300841
CE_PIECECOORDINATION:0.4897423218796106
CE_MATERIAL:0.4993458147839746
CE_KINGSAFETY:0.5055187012758224
C_PIECESQUARETABLES:0.5104536898355813
C_MOBILITY:0.5098611490355985
C_KINGSAFETY:0.5
C_PAWNSTRUCTURE:0.46980669855325496
C_PIECECOORDINATION:0.5
C_ROOKANDPAWNMOVEMENT:0.5
C_CENTERCONTROL:0.4999218542334474
C_DEVELOPPIECES:0.47280791841651604
C_MATERIAL:0.5007232933029655
C_MOVECOUNT:0.5
