ELO:996
CE_PASSEDPAWNS:0.48473868725914177
CE_PAWNWEAKNESSES:0.5174219070076533
CE_PIECEACTIVITY:0.48058921708212105
CE_KINGPAWNSHIELD:0.49652433239307575
CE_PIECECOORDINATION:0.5
CE_MATERIAL:0.5218302596636045
CE_KINGSAFETY:0.5
C_PIECESQUARETABLES:0.5
C_MOBILITY:0.5185010580710362
C_KINGSAFETY:0.48382163288164737
C_PAWNSTRUCTURE:0.5305901744985936
C_PIECECOORDINATION:0.5240771794924262
C_ROOK:0.4777836332999068
CE_ROOK:0.475221333147206
C_CENTERCONTROL:0.5016333940623856
C_DEVELOPPIECES:0.49118257692071426
C_MATERIAL:0.4797243308268542
C_MOVECOUNT:0.5333773498999164
C_PAWNMOVEMENT:0.48651899690185996
