ELO:993
CE_PASSEDPAWNS:0.5
CE_PAWNWEAKNESSES:0.48914728462206264
CE_PIECEACTIVITY:0.49753459613704776
CE_KINGPAWNSHIELD:0.5
CE_PIECECOORDINATION:0.4987420028727912
CE_MATERIAL:0.5
CE_KINGSAFETY:0.5
C_PIECESQUARETABLES:0.5
C_MOBILITY:0.4896583300935708
C_KINGSAFETY:0.48793571483179954
C_PAWNSTRUCTURE:0.5107013458038431
C_PIECECOORDINATION:0.5
C_ROOKANDPAWNMOVEMENT:0.5
C_CENTERCONTROL:0.4919730216523486
C_DEVELOPPIECES:0.4992951509559596
C_MATERIAL:0.4899790427454364
C_MOVECOUNT:0.5043620796680527
