ELO:983
CE_PASSEDPAWNS:0.4891659357366536
CE_PAWNWEAKNESSES:0.5036729037716693
CE_PIECEACTIVITY:0.4856015748831806
CE_KINGPAWNSHIELD:0.4916120643993154
CE_PIECECOORDINATION:0.487535904439451
CE_MATERIAL:0.5084189376332321
CE_KINGSAFETY:0.50810205735723
C_PIECESQUARETABLES:0.5
C_MOBILITY:0.48235828039806095
C_KINGSAFETY:0.4729090327008432
C_PAWNSTRUCTURE:0.502760923845393
C_PIECECOORDINATION:0.49630425142376533
C_ROOKANDPAWNMOVEMENT:0.49630425142376533
C_CENTERCONTROL:0.5
C_DEVELOPPIECES:0.5044743197597379
C_MATERIAL:0.5046455933314606
C_MOVECOUNT:0.5051806981460069
