ELO:960
CE_PASSEDPAWNS:0.4295767790381456
CE_PAWNWEAKNESSES:0.4673950253079655
CE_PIECEACTIVITY:0.4547952739552724
CE_KINGPAWNSHIELD:0.4625360641347173
CE_PIECECOORDINATION:0.4990458757032388
CE_MATERIAL:0.49924060321978353
CE_KINGSAFETY:0.5034508622048883
C_PIECESQUARETABLES:0.47365987941649773
C_MOBILITY:0.5215372010022246
C_KINGSAFETY:0.5116970792703565
C_PAWNSTRUCTURE:0.5465835974007319
C_PIECECOORDINATION:0.5507343810913555
C_ROOKANDPAWNMOVEMENT:0.5507343810913555
C_CENTERCONTROL:0.5000709922584202
C_DEVELOPPIECES:0.505669443185561
C_MATERIAL:0.4992643729855537
