ELO:1264
CE_PASSEDPAWNS:0.43368864542482205
CE_PAWNWEAKNESSES:0.590261458922248
CE_PIECEACTIVITY:0.44631838776408517
CE_KINGPAWNSHIELD:0.4675483960701007
CE_PIECECOORDINATION:0.5243871740157307
CE_MATERIAL:0.4818623963373173
CE_KINGSAFETY:0.5
C_PIECESQUARETABLES:0.5
C_MOBILITY:0.3976216888052514
C_KINGSAFETY:0.35557480878985126
C_PAWNSTRUCTURE:0.5876106179707854
C_PIECECOORDINATION:0.5780803163293589
C_ROOKANDPAWNMOVEMENT:0.5780803163293589
C_CENTERCONTROL:0.5405540755029983
C_DEVELOPPIECES:0.4593697475404217
C_MATERIAL:0.5555915312898784
