ELO:1001
CE_PASSEDPAWNS:0.5052945941416083
CE_PAWNWEAKNESSES:0.5028764747868905
CE_PIECEACTIVITY:0.5071731403900932
CE_KINGPAWNSHIELD:0.4934654880068768
CE_PIECECOORDINATION:0.507901291661078
CE_MATERIAL:0.4917517422355021
CE_KINGSAFETY:0.4889447451812471
C_PIECESQUARETABLES:0.5
C_MOBILITY:0.4851024570932805
C_KINGSAFETY:0.5093335760378472
C_PAWNSTRUCTURE:0.5100569226917794
C_PIECECOORDINATION:0.5
C_ROOKANDPAWNMOVEMENT:0.5
C_CENTERCONTROL:0.5
C_DEVELOPPIECES:0.4967089684769039
C_MATERIAL:0.5126500943105304
C_MOVECOUNT:0.49697308842257626
