ELO:1024
CE_PASSEDPAWNS:0.49064619475277843
CE_PAWNWEAKNESSES:0.4871715224824995
CE_PIECEACTIVITY:0.49193657849789807
CE_KINGPAWNSHIELD:0.4971404433087209
CE_PIECECOORDINATION:0.5
CE_MATERIAL:0.5107941233118481
CE_KINGSAFETY:0.5
C_PIECESQUARETABLES:0.5
C_MOBILITY:0.5
C_KINGSAFETY:0.48303629309482665
C_PAWNSTRUCTURE:0.5
C_PIECECOORDINATION:0.49416470241686705
C_ROOKANDPAWNMOVEMENT:0.49416470241686705
C_CENTERCONTROL:0.5
C_DEVELOPPIECES:0.5
C_MATERIAL:0.502661953557657
C_MOVECOUNT:0.5
