ELO:1006
CE_PASSEDPAWNS:0.5
CE_PAWNWEAKNESSES:0.5113139576876315
CE_PIECEACTIVITY:0.5018121664613759
CE_KINGPAWNSHIELD:0.5000018783651157
CE_PIECECOORDINATION:0.4916610946830515
CE_MATERIAL:0.4962974332198511
CE_KINGSAFETY:0.5
C_PIECESQUARETABLES:0.5
C_MOBILITY:0.4886884579520102
C_KINGSAFETY:0.5
C_PAWNSTRUCTURE:0.49425705354918387
C_PIECECOORDINATION:0.5017771924124044
C_ROOKANDPAWNMOVEMENT:0.5017771924124044
C_CENTERCONTROL:0.5
C_DEVELOPPIECES:0.4967421155228902
C_MATERIAL:0.5068251940593156
C_MOVECOUNT:0.500038141192659
