ELO:1000
CE_PASSEDPAWNS:0.4971993524545703
CE_PAWNWEAKNESSES:0.49669541820696506
CE_PIECEACTIVITY:0.4955410880414769
CE_KINGPAWNSHIELD:0.5109576042583436
CE_PIECECOORDINATION:0.509620134604818
CE_MATERIAL:0.5107098881787463
CE_KINGSAFETY:0.5
C_PIECESQUARETABLES:0.5116061803220068
C_MOBILITY:0.49156149995081866
C_KINGSAFETY:0.48682236358172176
C_PAWNSTRUCTURE:0.5120694593644768
C_PIECECOORDINATION:0.46997368122764943
C_ROOK:0.48973986604152775
CE_ROOK:0.5014756431389278
C_CENTERCONTROL:0.4989358198206307
C_DEVELOPPIECES:0.5037923513866993
C_MATERIAL:0.4947409179621044
C_MOVECOUNT:0.5
C_PAWNMOVEMENT:0.5115373733209835
