ELO:982
CE_PASSEDPAWNS:0.4954491164610254
CE_PAWNWEAKNESSES:0.5036729037716693
CE_PIECEACTIVITY:0.4856015748831806
CE_KINGPAWNSHIELD:0.4916120643993154
CE_PIECECOORDINATION:0.49767397356172965
CE_MATERIAL:0.4995930638834744
CE_KINGSAFETY:0.515998568572707
C_PIECESQUARETABLES:0.5055749662996446
C_MOBILITY:0.50308294281467
C_KINGSAFETY:0.4716321825968197
C_PAWNSTRUCTURE:0.502760923845393
C_PIECECOORDINATION:0.5037927360334556
C_ROOKANDPAWNMOVEMENT:0.5037927360334556
C_CENTERCONTROL:0.49358235915030657
C_DEVELOPPIECES:0.5044743197597379
C_MATERIAL:0.5083079630866115
C_MOVECOUNT:0.5051806981460069
