ELO:1117
CE_PASSEDPAWNS:0.39792981371987557
CE_PAWNWEAKNESSES:0.46625261036440724
CE_PIECEACTIVITY:0.5420593615453828
CE_KINGPAWNSHIELD:0.4873640784077908
CE_PIECECOORDINATION:0.49409961300625693
CE_MATERIAL:0.48691058534142634
CE_KINGSAFETY:0.5
C_PIECESQUARETABLES:0.5
C_MOBILITY:0.5836313903895851
C_KINGSAFETY:0.43413540679038304
C_PAWNSTRUCTURE:0.5265605361002453
C_PIECECOORDINATION:0.6006523227325677
C_ROOKANDPAWNMOVEMENT:0.6006523227325677
C_CENTERCONTROL:0.47417192865301605
C_DEVELOPPIECES:0.38631477690984917
C_MATERIAL:0.6154232304150021
