ELO:939
CE_PASSEDPAWNS:0.44793737423281976
CE_PAWNWEAKNESSES:0.40098219696359244
CE_PIECEACTIVITY:0.5221387247556141
CE_KINGPAWNSHIELD:0.43355368770370056
CE_PIECECOORDINATION:0.5311137298619265
CE_MATERIAL:0.5151933255362635
CE_KINGSAFETY:0.4407883134657851
C_PIECESQUARETABLES:0.5208085736293445
C_MOBILITY:0.4596136584670408
C_KINGSAFETY:0.5259852959452108
C_PAWNSTRUCTURE:0.5316407246784988
C_PIECECOORDINATION:0.535483956928883
C_ROOKANDPAWNMOVEMENT:0.535483956928883
C_CENTERCONTROL:0.540887570921955
C_DEVELOPPIECES:0.5389429834363406
C_MATERIAL:0.48355888879325504
