ELO:1030
CE_PASSEDPAWNS:0.5
CE_PAWNWEAKNESSES:0.5
CE_PIECEACTIVITY:0.5
CE_KINGPAWNSHIELD:0.5009096084423461
CE_PIECECOORDINATION:0.5028848141134282
CE_MATERIAL:0.5
CE_KINGSAFETY:0.5076095402978559
C_PIECESQUARETABLES:0.5085636343162677
C_MOBILITY:0.49456087096771423
C_KINGSAFETY:0.5019716646289532
C_PAWNSTRUCTURE:0.5060804946611425
C_PIECECOORDINATION:0.5038053473999178
C_ROOKANDPAWNMOVEMENT:0.5038053473999178
C_CENTERCONTROL:0.5
C_DEVELOPPIECES:0.5
C_MATERIAL:0.5021332105366524
C_MOVECOUNT:0.5
