ELO:1062
CE_PASSEDPAWNS:0.5220014652991477
CE_PAWNWEAKNESSES:0.5312405321319169
CE_PIECEACTIVITY:0.5420593615453828
CE_KINGPAWNSHIELD:0.4724108304964183
CE_PIECECOORDINATION:0.5633060168617502
CE_MATERIAL:0.5859162883553349
CE_KINGSAFETY:0.5
C_PIECESQUARETABLES:0.5
C_MOBILITY:0.5883672385649751
C_KINGSAFETY:0.40672919937252344
C_PAWNSTRUCTURE:0.5850499534865369
C_PIECECOORDINATION:0.5827958732663536
C_ROOKANDPAWNMOVEMENT:0.5827958732663536
C_CENTERCONTROL:0.4598751032221581
C_DEVELOPPIECES:0.4725698550021297
C_MATERIAL:0.6828983766046607
