ELO:850
CE_PASSEDPAWNS:0.5623389989826831
CE_PAWNWEAKNESSES:0.5655629123498956
CE_PIECEACTIVITY:0.5533156192308581
CE_KINGPAWNSHIELD:0.43114431525663344
CE_PIECECOORDINATION:0.5909110160630949
CE_MATERIAL:0.5507686222284437
CE_KINGSAFETY:0.49080615945177924
C_PIECESQUARETABLES:0.4851568637425117
C_MOBILITY:0.5048571799715875
C_KINGSAFETY:0.5503788061664474
C_PAWNSTRUCTURE:0.4661217922727343
C_PIECECOORDINATION:0.5343889798228801
C_ROOKANDPAWNMOVEMENT:0.5343889798228801
C_CENTERCONTROL:0.49254054554690074
C_DEVELOPPIECES:0.5385679426588339
C_MATERIAL:0.5278843981595113
C_MOVECOUNT:0.5
