ELO:1034
CE_PASSEDPAWNS:0.39792981371987557
CE_PAWNWEAKNESSES:0.4587279332565922
CE_PIECEACTIVITY:0.46141663230729874
CE_KINGPAWNSHIELD:0.4628065437446107
CE_PIECECOORDINATION:0.6092782055877115
CE_MATERIAL:0.5859162883553349
CE_KINGSAFETY:0.5
C_PIECESQUARETABLES:0.5
C_MOBILITY:0.5668796863964455
C_KINGSAFETY:0.38961952488319945
C_PAWNSTRUCTURE:0.6059616060781821
C_PIECECOORDINATION:0.5836305981213538
C_ROOKANDPAWNMOVEMENT:0.5836305981213538
C_CENTERCONTROL:0.3512214572052561
C_DEVELOPPIECES:0.5528173797779841
C_MATERIAL:0.6201906658387899
