ELO:858
CE_PASSEDPAWNS:0.5618521136085429
CE_PAWNWEAKNESSES:0.5147539572876368
CE_PIECEACTIVITY:0.5382356719164026
CE_KINGPAWNSHIELD:0.480288320236723
CE_PIECECOORDINATION:0.5361306433842146
CE_MATERIAL:0.49036816539483186
CE_KINGSAFETY:0.49060277274849684
C_PIECESQUARETABLES:0.4461728572589386
C_MOBILITY:0.5110746208054232
C_KINGSAFETY:0.49571365433468284
C_PAWNSTRUCTURE:0.47569239761300025
C_PIECECOORDINATION:0.5677947765521927
C_ROOKANDPAWNMOVEMENT:0.5677947765521927
C_CENTERCONTROL:0.5348949515823502
C_DEVELOPPIECES:0.46744649899976487
C_MATERIAL:0.5282703531951095
C_MOVECOUNT:0.5
