ELO:1039
CE_PASSEDPAWNS:0.49666089684015446
CE_PAWNWEAKNESSES:0.5090073923529249
CE_PIECEACTIVITY:0.5233662458234067
CE_KINGPAWNSHIELD:0.4952663971815441
CE_PIECECOORDINATION:0.5252347465999906
CE_MATERIAL:0.5018430744885616
CE_KINGSAFETY:0.5
C_PIECESQUARETABLES:0.5
C_MOBILITY:0.4934559673954489
C_KINGSAFETY:0.5088586798689533
C_PAWNSTRUCTURE:0.5028808292882461
C_PIECECOORDINATION:0.5201670512737098
C_ROOK:0.508783418311573
CE_ROOK:0.4821303139038926
C_CENTERCONTROL:0.5302842375222394
C_DEVELOPPIECES:0.4647401750342283
C_MATERIAL:0.4972205291485834
C_MOVECOUNT:0.4888952176647281
C_PAWNMOVEMENT:0.5284061972254167
