ELO:1039
CE_PASSEDPAWNS:0.5105531546805911
CE_PAWNWEAKNESSES:0.5192482003014202
CE_PIECEACTIVITY:0.5011412424490588
CE_KINGPAWNSHIELD:0.5325070833713661
CE_PIECECOORDINATION:0.5018306002243903
CE_MATERIAL:0.5113268074886459
CE_KINGSAFETY:0.5
C_PIECESQUARETABLES:0.5
C_MOBILITY:0.508670177124862
C_KINGSAFETY:0.5065945915617065
C_PAWNSTRUCTURE:0.5056086859510552
C_PIECECOORDINATION:0.5079180652024708
C_ROOK:0.493374313320691
CE_ROOK:0.4960860099806561
C_CENTERCONTROL:0.5
C_DEVELOPPIECES:0.5006241851502293
C_MATERIAL:0.5230226521637037
C_MOVECOUNT:0.5100972410037712
C_PAWNMOVEMENT:0.5076373988419511
