ELO:925
CE_PASSEDPAWNS:0.5386875205240924
CE_PAWNWEAKNESSES:0.565395681073792
CE_PIECEACTIVITY:0.6289902131509117
CE_KINGPAWNSHIELD:0.4885833926236689
CE_PIECECOORDINATION:0.5130770113972984
CE_MATERIAL:0.4942800928614666
CE_KINGSAFETY:0.5050789841238718
C_PIECESQUARETABLES:0.508451394548338
C_MOBILITY:0.484126863681261
C_KINGSAFETY:0.48329302237982547
C_PAWNSTRUCTURE:0.4538232416856652
C_PIECECOORDINATION:0.5500737337593254
C_ROOKANDPAWNMOVEMENT:0.5500737337593254
C_CENTERCONTROL:0.43447762309451415
C_DEVELOPPIECES:0.5673204604937706
C_MATERIAL:0.4080414311650879
C_MOVECOUNT:0.5239945365153108
