ELO:1127
CE_PASSEDPAWNS:0.4287281369871026
CE_PAWNWEAKNESSES:0.590261458922248
CE_PIECEACTIVITY:0.4140941890790589
CE_KINGPAWNSHIELD:0.40008057349030945
CE_PIECECOORDINATION:0.532691344258474
CE_MATERIAL:0.5576211995696057
CE_KINGSAFETY:0.5
C_PIECESQUARETABLES:0.5
C_MOBILITY:0.6168709952439468
C_KINGSAFETY:0.4094044933739038
C_PAWNSTRUCTURE:0.5198595460926635
C_PIECECOORDINATION:0.5889764467176994
C_ROOKANDPAWNMOVEMENT:0.5889764467176994
C_CENTERCONTROL:0.5232826369555287
C_DEVELOPPIECES:0.4609963570258212
C_MATERIAL:0.6320895787071104
