ELO:993
CE_PASSEDPAWNS:0.5006590454474092
CE_PAWNWEAKNESSES:0.5146532432653262
CE_PIECEACTIVITY:0.48446443045277987
CE_KINGPAWNSHIELD:0.4996236312618406
CE_PIECECOORDINATION:0.5130119259492786
CE_MATERIAL:0.5008053237271735
CE_KINGSAFETY:0.5009280041899363
C_PIECESQUARETABLES:0.4976279888934336
C_MOBILITY:0.501636208213105
C_KINGSAFETY:0.49122277899005756
C_PAWNSTRUCTURE:0.5083356350486454
C_PIECECOORDINATION:0.4958453939787289
C_ROOKANDPAWNMOVEMENT:0.4958453939787289
C_CENTERCONTROL:0.5120788887933194
C_DEVELOPPIECES:0.4803050207538754
C_MATERIAL:0.5116986291392231
