ELO:1098
CE_PASSEDPAWNS:0.39792981371987557
CE_PAWNWEAKNESSES:0.46625261036440724
CE_PIECEACTIVITY:0.5441808282861778
CE_KINGPAWNSHIELD:0.40008057349030945
CE_PIECECOORDINATION:0.48438192449001055
CE_MATERIAL:0.48958436284271634
CE_KINGSAFETY:0.5
C_PIECESQUARETABLES:0.5
C_MOBILITY:0.5741900549396723
C_KINGSAFETY:0.4094044933739038
C_PAWNSTRUCTURE:0.5265605361002453
C_PIECECOORDINATION:0.5562674503149065
C_ROOKANDPAWNMOVEMENT:0.5562674503149065
C_CENTERCONTROL:0.48833387149675983
C_DEVELOPPIECES:0.4593697475404217
C_MATERIAL:0.6154232304150021
