ELO:1058
CE_PASSEDPAWNS:0.5001627123762505
CE_PAWNWEAKNESSES:0.5143739487374894
CE_PIECEACTIVITY:0.5012352309413692
CE_KINGPAWNSHIELD:0.5015344094069454
CE_PIECECOORDINATION:0.5053223456183804
CE_MATERIAL:0.4736485387625415
CE_KINGSAFETY:0.5
C_PIECESQUARETABLES:0.5
C_MOBILITY:0.5070454903558789
C_KINGSAFETY:0.49114415449624815
C_PAWNSTRUCTURE:0.5035318901192946
C_PIECECOORDINATION:0.5116698693111267
C_ROOK:0.5182859008400511
CE_ROOK:0.4761689463316699
C_CENTERCONTROL:0.5039048454225293
C_DEVELOPPIECES:0.5028217986566211
C_MATERIAL:0.5102334429104047
C_MOVECOUNT:0.4839318357483658
C_PAWNMOVEMENT:0.5166132914539359
