ELO:1000
CE_PASSEDPAWNS:0.4971993524545703
CE_PAWNWEAKNESSES:0.4993025231952228
CE_PIECEACTIVITY:0.510914072835833
CE_KINGPAWNSHIELD:0.5109576042583436
CE_PIECECOORDINATION:0.5116232949063149
CE_MATERIAL:0.5091782145330888
CE_KINGSAFETY:0.5
C_PIECESQUARETABLES:0.5
C_MOBILITY:0.4845762886868392
C_KINGSAFETY:0.4800671466925841
C_PAWNSTRUCTURE:0.5164088661661622
C_PIECECOORDINATION:0.4656513096327402
C_ROOK:0.4955273933471467
CE_ROOK:0.5014756431389278
C_CENTERCONTROL:0.4989358198206307
C_DEVELOPPIECES:0.5097376971568506
C_MATERIAL:0.4947409179621044
C_MOVECOUNT:0.5
C_PAWNMOVEMENT:0.512470803446601
