ELO:1023
CE_PASSEDPAWNS:0.46535169668207227
CE_PAWNWEAKNESSES:0.49844580991211507
CE_PIECEACTIVITY:0.5
CE_KINGPAWNSHIELD:0.506053026615023
CE_PIECECOORDINATION:0.49191093936539976
CE_MATERIAL:0.5018682245969748
CE_KINGSAFETY:0.5106796725810326
C_PIECESQUARETABLES:0.5118499410381363
C_MOBILITY:0.5246557085291825
C_KINGSAFETY:0.5
C_PAWNSTRUCTURE:0.4827870987437292
C_PIECECOORDINATION:0.5
C_ROOKANDPAWNMOVEMENT:0.5
C_CENTERCONTROL:0.4785005845395463
C_DEVELOPPIECES:0.46313177223041097
C_MATERIAL:0.4890052470068712
C_MOVECOUNT:0.5
