ELO:1000
CE_PASSEDPAWNS:0.5054407360574944
CE_PAWNWEAKNESSES:0.5137834111667695
CE_PIECEACTIVITY:0.5233197676981333
CE_KINGPAWNSHIELD:0.5
CE_PIECECOORDINATION:0.5070516143006996
CE_MATERIAL:0.5
CE_KINGSAFETY:0.49404425669531243
C_PIECESQUARETABLES:0.499653072533851
C_MOBILITY:0.5221146444842003
C_KINGSAFETY:0.5134738228277366
C_PAWNSTRUCTURE:0.48894400808746125
C_PIECECOORDINATION:0.5092317598422198
C_ROOKANDPAWNMOVEMENT:0.5092317598422198
C_CENTERCONTROL:0.5
C_DEVELOPPIECES:0.4921189273572057
C_MATERIAL:0.5136104316220422
