ELO:917
CE_PASSEDPAWNS:0.5303895657446418
CE_PAWNWEAKNESSES:0.528536335534666
CE_PIECEACTIVITY:0.4853136047561679
CE_KINGPAWNSHIELD:0.4993888999888379
CE_PIECECOORDINATION:0.49891092651831276
CE_MATERIAL:0.5139202943980009
CE_KINGSAFETY:0.5015383319756573
C_PIECESQUARETABLES:0.4965223917981912
C_MOBILITY:0.48939795490210036
C_KINGSAFETY:0.5018250470881143
C_PAWNSTRUCTURE:0.514626037415357
C_PIECECOORDINATION:0.5198240795484798
C_ROOKANDPAWNMOVEMENT:0.5198240795484798
C_CENTERCONTROL:0.48742120680306583
C_DEVELOPPIECES:0.46792887473115946
C_MATERIAL:0.5213800835626191
C_MOVECOUNT:0.5
