ELO:893
CE_PASSEDPAWNS:0.5355458238851933
CE_PAWNWEAKNESSES:0.5658844620768495
CE_PIECEACTIVITY:0.46478604582228933
CE_KINGPAWNSHIELD:0.5012759961102895
CE_PIECECOORDINATION:0.5061036431154476
CE_MATERIAL:0.49676439867157834
CE_KINGSAFETY:0.5141113586400193
C_PIECESQUARETABLES:0.49595888194201704
C_MOBILITY:0.4930479691864225
C_KINGSAFETY:0.5224746648889977
C_PAWNSTRUCTURE:0.519631211559239
C_PIECECOORDINATION:0.5132309756470245
C_ROOKANDPAWNMOVEMENT:0.5132309756470245
C_CENTERCONTROL:0.5281966985432048
C_DEVELOPPIECES:0.44906823794360545
C_MATERIAL:0.5237041042454303
C_MOVECOUNT:0.5
