ELO:1292
CE_PASSEDPAWNS:0.4864052170924201
CE_PAWNWEAKNESSES:0.43515069829316066
CE_PIECEACTIVITY:0.5998520588438344
CE_KINGPAWNSHIELD:0.39708470376491617
CE_PIECECOORDINATION:0.4262268447979476
CE_MATERIAL:0.44814190414021154
CE_KINGSAFETY:0.4829879229879692
C_PIECESQUARETABLES:0.5108293305628424
C_MOBILITY:0.4170706305798246
C_KINGSAFETY:0.47546572394114567
C_PAWNSTRUCTURE:0.6552978524937128
C_PIECECOORDINATION:0.5771446527164785
C_ROOKANDPAWNMOVEMENT:0.5771446527164785
C_CENTERCONTROL:0.4589744328353904
C_DEVELOPPIECES:0.5016439144223259
C_MATERIAL:0.5504475633162329
