ELO:808
CE_PASSEDPAWNS:0.49208451143249116
CE_PAWNWEAKNESSES:0.49953145579614183
CE_PIECEACTIVITY:0.48327087718669937
CE_KINGPAWNSHIELD:0.46226358221664193
CE_PIECECOORDINATION:0.46040308340119757
CE_MATERIAL:0.4910013969415154
CE_KINGSAFETY:0.4943434601936449
C_PIECESQUARETABLES:0.5241089542285141
C_MOBILITY:0.4935586536973798
C_KINGSAFETY:0.5047507784183273
C_PAWNSTRUCTURE:0.4867184491423784
C_PIECECOORDINATION:0.523755981520194
C_ROOKANDPAWNMOVEMENT:0.523755981520194
C_CENTERCONTROL:0.4553338151082745
C_DEVELOPPIECES:0.5484329345135818
C_MATERIAL:0.5140287080489035
C_MOVECOUNT:0.5
