ELO:997
CE_PASSEDPAWNS:0.4709687628249831
CE_PAWNWEAKNESSES:0.5553545456194147
CE_PIECEACTIVITY:0.5166696339842561
CE_KINGPAWNSHIELD:0.5862214191032422
CE_PIECECOORDINATION:0.5102253807893804
CE_MATERIAL:0.6024968401592444
CE_KINGSAFETY:0.49426244278212894
C_PIECESQUARETABLES:0.4952624029598268
C_MOBILITY:0.5359665642106743
C_KINGSAFETY:0.543671676369605
C_PAWNSTRUCTURE:0.4632655357773437
C_PIECECOORDINATION:0.5287009456764457
C_ROOKANDPAWNMOVEMENT:0.5287009456764457
C_CENTERCONTROL:0.4637371109703088
C_DEVELOPPIECES:0.5176273093841154
C_MATERIAL:0.47194753975321646
