ELO:971
CE_PASSEDPAWNS:0.45380221041203594
CE_PAWNWEAKNESSES:0.5687366914076148
CE_PIECEACTIVITY:0.5783086541046842
CE_KINGPAWNSHIELD:0.6179813124450974
CE_PIECECOORDINATION:0.48999644257926267
CE_MATERIAL:0.6119376169931335
CE_KINGSAFETY:0.4910145182414312
C_PIECESQUARETABLES:0.5023329756242648
C_MOBILITY:0.5206778243331678
C_KINGSAFETY:0.5567093043571482
C_PAWNSTRUCTURE:0.45730699203474534
C_PIECECOORDINATION:0.5332794538410184
C_ROOKANDPAWNMOVEMENT:0.5332794538410184
C_CENTERCONTROL:0.46381670715105255
C_DEVELOPPIECES:0.47885265489029416
C_MATERIAL:0.49071388705180935
