ELO:1090
CE_PASSEDPAWNS:0.4652904975185178
CE_PAWNWEAKNESSES:0.4561493053549551
CE_PIECEACTIVITY:0.4796148455735248
CE_KINGPAWNSHIELD:0.41398155007322657
CE_PIECECOORDINATION:0.48509815532913175
CE_MATERIAL:0.45010939930116606
CE_KINGSAFETY:0.5220623230683897
C_PIECESQUARETABLES:0.5135898374810355
C_MOBILITY:0.5335361914694342
C_KINGSAFETY:0.6203535383161779
C_PAWNSTRUCTURE:0.43469367457822367
C_PIECECOORDINATION:0.49458592416242697
C_ROOKANDPAWNMOVEMENT:0.49458592416242697
C_CENTERCONTROL:0.49877761320427594
C_DEVELOPPIECES:0.5410308873632524
C_MATERIAL:0.4012250092841918
