ELO:985
CE_PASSEDPAWNS:0.5272343015186631
CE_PAWNWEAKNESSES:0.4306830707344263
CE_PIECEACTIVITY:0.5436847265166501
CE_KINGPAWNSHIELD:0.4686517469104476
CE_PIECECOORDINATION:0.496498073423834
CE_MATERIAL:0.46023560406260244
CE_KINGSAFETY:0.48204095887612136
C_PIECESQUARETABLES:0.5187578192066664
C_MOBILITY:0.6279572045669247
C_KINGSAFETY:0.5250734861056577
C_PAWNSTRUCTURE:0.6063935995828605
C_PIECECOORDINATION:0.4168726305218183
C_ROOKANDPAWNMOVEMENT:0.4168726305218183
C_CENTERCONTROL:0.4971113959694035
C_DEVELOPPIECES:0.4712048082730414
C_MATERIAL:0.5340006412716387
