ELO:1014
CE_PASSEDPAWNS:0.5002057211965759
CE_PAWNWEAKNESSES:0.5077036375598466
CE_PIECEACTIVITY:0.5265837347309933
CE_KINGPAWNSHIELD:0.5
CE_PIECECOORDINATION:0.504987083737468
CE_MATERIAL:0.5069626410716678
CE_KINGSAFETY:0.5058063696392728
C_PIECESQUARETABLES:0.5
C_MOBILITY:0.49448581882324366
C_KINGSAFETY:0.5193271419979641
C_PAWNSTRUCTURE:0.5024617205588147
C_PIECECOORDINATION:0.5
C_ROOKANDPAWNMOVEMENT:0.5
C_CENTERCONTROL:0.5012120050875158
C_DEVELOPPIECES:0.5063775221457717
C_MATERIAL:0.5004571430737955
C_MOVECOUNT:0.48821614248102707
