ELO:978
CE_PASSEDPAWNS:0.5174828676203559
CE_PAWNWEAKNESSES:0.5082418787400745
CE_PIECEACTIVITY:0.5017353948853804
CE_KINGPAWNSHIELD:0.4927762358464921
CE_PIECECOORDINATION:0.5040242674681642
CE_MATERIAL:0.49086426209094397
CE_KINGSAFETY:0.5
C_PIECESQUARETABLES:0.5
C_MOBILITY:0.5016777626976427
C_KINGSAFETY:0.5012481166276297
C_PAWNSTRUCTURE:0.49999420452283233
C_PIECECOORDINATION:0.5005231583940678
C_ROOKANDPAWNMOVEMENT:0.5005231583940678
C_CENTERCONTROL:0.5130414753854823
C_DEVELOPPIECES:0.5117405479377277
C_MATERIAL:0.4592446099958975
C_MOVECOUNT:0.5327290488205817
