ELO:955
CE_PASSEDPAWNS:0.4995623139220161
CE_PAWNWEAKNESSES:0.5088129192788253
CE_PIECEACTIVITY:0.5016684769586606
CE_KINGPAWNSHIELD:0.5154082730169468
CE_PIECECOORDINATION:0.5069446765505585
CE_MATERIAL:0.5058958366962425
CE_KINGSAFETY:0.5
C_PIECESQUARETABLES:0.4959224113009016
C_MOBILITY:0.4840281039255164
C_KINGSAFETY:0.5074549918432084
C_PAWNSTRUCTURE:0.4777752998017874
C_PIECECOORDINATION:0.4996761114884725
C_ROOKANDPAWNMOVEMENT:0.4996761114884725
C_CENTERCONTROL:0.5015702390783293
C_DEVELOPPIECES:0.5020616823771707
C_MATERIAL:0.5168320576365488
C_MOVECOUNT:0.5
