ELO:932
CE_PASSEDPAWNS:0.4000748634930041
CE_PAWNWEAKNESSES:0.5576431914886246
CE_PIECEACTIVITY:0.5907763441613662
CE_KINGPAWNSHIELD:0.6660495120320734
CE_PIECECOORDINATION:0.5175524366331591
CE_MATERIAL:0.6018674825884662
CE_KINGSAFETY:0.43301393448020475
C_PIECESQUARETABLES:0.5214713921102025
C_MOBILITY:0.5170605616512837
C_KINGSAFETY:0.5548460673382039
C_PAWNSTRUCTURE:0.4183636740454271
C_PIECECOORDINATION:0.5298018338293072
C_ROOKANDPAWNMOVEMENT:0.5298018338293072
C_CENTERCONTROL:0.4751499046572622
C_DEVELOPPIECES:0.556493573204907
C_MATERIAL:0.524639161229292
