ELO:987
CE_PASSEDPAWNS:0.532346736379726
CE_PAWNWEAKNESSES:0.42668577629460225
CE_PIECEACTIVITY:0.5321002198411281
CE_KINGPAWNSHIELD:0.48546688974350927
CE_PIECECOORDINATION:0.498968080295624
CE_MATERIAL:0.46023560406260244
CE_KINGSAFETY:0.4971267442711803
C_PIECESQUARETABLES:0.5225228057272877
C_MOBILITY:0.604527983057568
C_KINGSAFETY:0.49455238872744683
C_PAWNSTRUCTURE:0.6086875030059328
C_PIECECOORDINATION:0.42889460872073554
C_ROOKANDPAWNMOVEMENT:0.42889460872073554
C_CENTERCONTROL:0.5030956985804879
C_DEVELOPPIECES:0.4876069928224335
C_MATERIAL:0.539712120147564
