ELO:956
CE_PASSEDPAWNS:0.5073462997332715
CE_PAWNWEAKNESSES:0.49781771796867624
CE_PIECEACTIVITY:0.5361053447240913
CE_KINGPAWNSHIELD:0.5261918904273107
CE_PIECECOORDINATION:0.50779366971585
CE_MATERIAL:0.517161608343298
CE_KINGSAFETY:0.5020582363577437
C_PIECESQUARETABLES:0.5072604223013081
C_MOBILITY:0.45993517335116585
C_KINGSAFETY:0.5217859410953756
C_PAWNSTRUCTURE:0.5016534625785081
C_PIECECOORDINATION:0.491803243717361
C_ROOKANDPAWNMOVEMENT:0.491803243717361
C_CENTERCONTROL:0.4924919940831185
C_DEVELOPPIECES:0.4713535044748808
C_MATERIAL:0.4672159103534362
C_MOVECOUNT:0.5
