ELO:939
CE_PASSEDPAWNS:0.5455807501858048
CE_PAWNWEAKNESSES:0.45753908675987287
CE_PIECEACTIVITY:0.5367123915874941
CE_KINGPAWNSHIELD:0.5599616134276699
CE_PIECECOORDINATION:0.5413387408924575
CE_MATERIAL:0.5120177391715964
CE_KINGSAFETY:0.5
C_PIECESQUARETABLES:0.5
C_MOBILITY:0.4554796456425593
C_KINGSAFETY:0.44080338398234337
C_PAWNSTRUCTURE:0.41946826156804584
C_PIECECOORDINATION:0.5350227370663931
C_ROOKANDPAWNMOVEMENT:0.5350227370663931
C_CENTERCONTROL:0.5332419058968564
C_DEVELOPPIECES:0.4725698550021297
C_MATERIAL:0.6145731719510699
