ELO:888
CE_PASSEDPAWNS:0.4564182447369933
CE_PAWNWEAKNESSES:0.505699148642773
CE_PIECEACTIVITY:0.5385337314337778
CE_KINGPAWNSHIELD:0.5232615278386252
CE_PIECECOORDINATION:0.5532669170904742
CE_MATERIAL:0.4987319455868734
CE_KINGSAFETY:0.504517218525738
C_PIECESQUARETABLES:0.48236891606665616
C_MOBILITY:0.49174907563794373
C_KINGSAFETY:0.48227947259745574
C_PAWNSTRUCTURE:0.5183040579023948
C_PIECECOORDINATION:0.4772252734236944
C_ROOKANDPAWNMOVEMENT:0.4772252734236944
C_CENTERCONTROL:0.5537905418848664
C_DEVELOPPIECES:0.5221395162724499
C_MATERIAL:0.4814631344351831
