ELO:970
CE_PASSEDPAWNS:0.3639203476648641
CE_PAWNWEAKNESSES:0.6281389854785631
CE_PIECEACTIVITY:0.500166739235554
CE_KINGPAWNSHIELD:0.5081599254705373
CE_PIECECOORDINATION:0.5708287139753302
CE_MATERIAL:0.5526429426407844
CE_KINGSAFETY:0.5231581783615452
C_PIECESQUARETABLES:0.5053793842921513
C_MOBILITY:0.535050944890159
C_KINGSAFETY:0.5508879045297981
C_PAWNSTRUCTURE:0.4140149237375222
C_PIECECOORDINATION:0.5087961471710359
C_ROOKANDPAWNMOVEMENT:0.5087961471710359
C_CENTERCONTROL:0.46389437722012405
C_DEVELOPPIECES:0.47373065865372693
C_MATERIAL:0.383851122187757
