ELO:1000
CE_PASSEDPAWNS:0.49483009995314753
CE_PAWNWEAKNESSES:0.5163308837431813
CE_PIECEACTIVITY:0.5289820528015341
CE_KINGPAWNSHIELD:0.5176370330650184
CE_PIECECOORDINATION:0.49025536531599606
CE_MATERIAL:0.4854685937515267
CE_KINGSAFETY:0.4882074399322568
C_PIECESQUARETABLES:0.5122152823873883
C_MOBILITY:0.5009569816431989
C_KINGSAFETY:0.49156559304114467
C_PAWNSTRUCTURE:0.5011815282129242
C_PIECECOORDINATION:0.49721694971690905
C_ROOKANDPAWNMOVEMENT:0.49721694971690905
C_CENTERCONTROL:0.5132883784665759
C_DEVELOPPIECES:0.49683786172794775
C_MATERIAL:0.5391987110528969
