ELO:839
CE_PASSEDPAWNS:0.4603618378117071
CE_PAWNWEAKNESSES:0.5024383985176349
CE_PIECEACTIVITY:0.5525828280785205
CE_KINGPAWNSHIELD:0.5242626326429155
CE_PIECECOORDINATION:0.5437612326682569
CE_MATERIAL:0.4970037305051454
CE_KINGSAFETY:0.5103763656798559
C_PIECESQUARETABLES:0.478489649745769
C_MOBILITY:0.49297836134342077
C_KINGSAFETY:0.4801266817187227
C_PAWNSTRUCTURE:0.5259500054188836
C_PIECECOORDINATION:0.4848539525284904
C_ROOKANDPAWNMOVEMENT:0.4848539525284904
C_CENTERCONTROL:0.5537905418848664
C_DEVELOPPIECES:0.5109777068141425
C_MATERIAL:0.48655525482092843
