ELO:909
CE_PASSEDPAWNS:0.39787909686015194
CE_PAWNWEAKNESSES:0.5661253469146161
CE_PIECEACTIVITY:0.6028375261977027
CE_KINGPAWNSHIELD:0.6737619099695882
CE_PIECECOORDINATION:0.5243928759840291
CE_MATERIAL:0.607743797931566
CE_KINGSAFETY:0.4275613751246368
C_PIECESQUARETABLES:0.5231136351108199
C_MOBILITY:0.47162305519525494
C_KINGSAFETY:0.5428781577284209
C_PAWNSTRUCTURE:0.3997576827017684
C_PIECECOORDINATION:0.5007080586095365
C_ROOKANDPAWNMOVEMENT:0.5007080586095365
C_CENTERCONTROL:0.4501123153540883
C_DEVELOPPIECES:0.5109408715018746
C_MATERIAL:0.49208646463526345
