ELO:1038
CE_PASSEDPAWNS:0.405484255145064
CE_PAWNWEAKNESSES:0.45753908675987287
CE_PIECEACTIVITY:0.5407582011056409
CE_KINGPAWNSHIELD:0.5243436313806302
CE_PIECECOORDINATION:0.532691344258474
CE_MATERIAL:0.4731674931632686
CE_KINGSAFETY:0.5
C_PIECESQUARETABLES:0.5
C_MOBILITY:0.6266307597813231
C_KINGSAFETY:0.3863153114154106
C_PAWNSTRUCTURE:0.5348732639120478
C_PIECECOORDINATION:0.5630257093956104
C_ROOKANDPAWNMOVEMENT:0.5630257093956104
C_CENTERCONTROL:0.5899403305198362
C_DEVELOPPIECES:0.4709474145277263
C_MATERIAL:0.6466627684671102
