ELO:1056
CE_PASSEDPAWNS:0.49318009983413225
CE_PAWNWEAKNESSES:0.5101342833997289
CE_PIECEACTIVITY:0.512973614661882
CE_KINGPAWNSHIELD:0.4973009104810251
CE_PIECECOORDINATION:0.5127208638421643
CE_MATERIAL:0.48057989748130914
CE_KINGSAFETY:0.5
C_PIECESQUARETABLES:0.5
C_MOBILITY:0.5242855971024735
C_KINGSAFETY:0.4876060557009499
C_PAWNSTRUCTURE:0.4810397474137898
C_PIECECOORDINATION:0.5196892275294726
C_ROOK:0.5081075040794762
CE_ROOK:0.5308422506177983
C_CENTERCONTROL:0.4918506465569542
C_DEVELOPPIECES:0.494324250607125
C_MATERIAL:0.5030436899418252
C_MOVECOUNT:0.49117731403886083
C_PAWNMOVEMENT:0.49552211294162307
