ELO:963
CE_PASSEDPAWNS:0.4908930861495655
CE_PAWNWEAKNESSES:0.49188669974751487
CE_PIECEACTIVITY:0.5202388039732814
CE_KINGPAWNSHIELD:0.5002856131989022
CE_PIECECOORDINATION:0.5024497925441822
CE_MATERIAL:0.5166235353465902
CE_KINGSAFETY:0.5004925754082442
C_PIECESQUARETABLES:0.47697034827649726
C_MOBILITY:0.49881230467001625
C_KINGSAFETY:0.48593376171003116
C_PAWNSTRUCTURE:0.4847338887717309
C_PIECECOORDINATION:0.5066258402603021
C_ROOKANDPAWNMOVEMENT:0.5066258402603021
C_CENTERCONTROL:0.5182258609313362
C_DEVELOPPIECES:0.48803290617131295
C_MATERIAL:0.4861461186078625
C_MOVECOUNT:0.5
