ELO:806
CE_PASSEDPAWNS:0.5572396306111193
CE_PAWNWEAKNESSES:0.6013521985716538
CE_PIECEACTIVITY:0.5010828108981591
CE_KINGPAWNSHIELD:0.6318809113809947
CE_PIECECOORDINATION:0.67266334261228
CE_MATERIAL:0.45309036184302337
CE_KINGSAFETY:0.5
C_PIECESQUARETABLES:0.5
C_MOBILITY:0.5111961290194893
C_KINGSAFETY:0.478637962878812
C_PAWNSTRUCTURE:0.544986403690933
C_PIECECOORDINATION:0.5688080648862136
C_ROOKANDPAWNMOVEMENT:0.5688080648862136
C_CENTERCONTROL:0.43534045670629873
C_DEVELOPPIECES:0.5521663377234456
C_MATERIAL:0.5836240537153533
C_MOVECOUNT:0.48704047846079124
