ELO:989
CE_PASSEDPAWNS:0.5228973832568806
CE_PAWNWEAKNESSES:0.44053223121480733
CE_PIECEACTIVITY:0.5446111443064815
CE_KINGPAWNSHIELD:0.47466259040757824
CE_PIECECOORDINATION:0.4986588613791665
CE_MATERIAL:0.5007155034558145
CE_KINGSAFETY:0.5133126928803043
C_PIECESQUARETABLES:0.5304200547365844
C_MOBILITY:0.5980125498109294
C_KINGSAFETY:0.48094135322279846
C_PAWNSTRUCTURE:0.6020463285623274
C_PIECECOORDINATION:0.43211301407119046
C_ROOKANDPAWNMOVEMENT:0.43211301407119046
C_CENTERCONTROL:0.5173774710158169
C_DEVELOPPIECES:0.48411576514995996
C_MATERIAL:0.5376361002280392
