ELO:1010
CE_PASSEDPAWNS:0.5
CE_PAWNWEAKNESSES:0.5
CE_PIECEACTIVITY:0.49022782552601035
CE_KINGPAWNSHIELD:0.5083659750954138
CE_PIECECOORDINATION:0.5039688833815147
CE_MATERIAL:0.49843507188179875
CE_KINGSAFETY:0.4921302661140895
C_PIECESQUARETABLES:0.5
C_MOBILITY:0.5
C_KINGSAFETY:0.5
C_PAWNSTRUCTURE:0.5
C_PIECECOORDINATION:0.5
C_ROOKANDPAWNMOVEMENT:0.5
C_CENTERCONTROL:0.5
C_DEVELOPPIECES:0.5185283237287811
C_MATERIAL:0.49509273310952684
C_MOVECOUNT:0.5
