ELO:851
CE_PASSEDPAWNS:0.5034830921025313
CE_PAWNWEAKNESSES:0.4688242372903661
CE_PIECEACTIVITY:0.4958230672946909
CE_KINGPAWNSHIELD:0.4923734506024117
CE_PIECECOORDINATION:0.484744544825242
CE_MATERIAL:0.4921058059799238
CE_KINGSAFETY:0.49454526142005206
C_PIECESQUARETABLES:0.46757645359673694
C_MOBILITY:0.4885669146330737
C_KINGSAFETY:0.39179116512464157
C_PAWNSTRUCTURE:0.5105809223223827
C_PIECECOORDINATION:0.5275317238311971
C_ROOKANDPAWNMOVEMENT:0.5275317238311971
C_CENTERCONTROL:0.5344725453353861
C_DEVELOPPIECES:0.48512769215158263
C_MATERIAL:0.5189615939288161
C_MOVECOUNT:0.5
