ELO:964
CE_PASSEDPAWNS:0.47588652837653816
CE_PAWNWEAKNESSES:0.5206399682473227
CE_PIECEACTIVITY:0.5009049624473051
CE_KINGPAWNSHIELD:0.5010646910241376
CE_PIECECOORDINATION:0.5029768516640312
CE_MATERIAL:0.4932542247270998
CE_KINGSAFETY:0.5
C_PIECESQUARETABLES:0.48849438340378554
C_MOBILITY:0.49881230467001625
C_KINGSAFETY:0.47789323591644395
C_PAWNSTRUCTURE:0.4862567722661895
C_PIECECOORDINATION:0.4881626747328657
C_ROOKANDPAWNMOVEMENT:0.4881626747328657
C_CENTERCONTROL:0.5008507669490718
C_DEVELOPPIECES:0.49853402089836224
C_MATERIAL:0.4894339726929359
C_MOVECOUNT:0.5
