ELO:935
CE_PASSEDPAWNS:0.4999936052388538
CE_PAWNWEAKNESSES:0.5391804580346243
CE_PIECEACTIVITY:0.5521851628733838
CE_KINGPAWNSHIELD:0.5703193966109902
CE_PIECECOORDINATION:0.42322771661738023
CE_MATERIAL:0.5366328737615084
CE_KINGSAFETY:0.4742993527454046
C_PIECESQUARETABLES:0.4994373575369713
C_MOBILITY:0.4985634811150841
C_KINGSAFETY:0.4328375438964739
C_PAWNSTRUCTURE:0.45231013658216285
C_PIECECOORDINATION:0.516447641390732
C_ROOKANDPAWNMOVEMENT:0.516447641390732
C_CENTERCONTROL:0.5654943626933141
C_DEVELOPPIECES:0.5835691521572332
C_MATERIAL:0.5428772140217972
