ELO:989
CE_PASSEDPAWNS:0.5228973832568806
CE_PAWNWEAKNESSES:0.4458493796553822
CE_PIECEACTIVITY:0.5533473904233479
CE_KINGPAWNSHIELD:0.47466259040757824
CE_PIECECOORDINATION:0.5031160062972204
CE_MATERIAL:0.49108288080175966
CE_KINGSAFETY:0.5143187747749658
C_PIECESQUARETABLES:0.5304200547365844
C_MOBILITY:0.5915328206243761
C_KINGSAFETY:0.48094135322279846
C_PAWNSTRUCTURE:0.6129765737039888
C_PIECECOORDINATION:0.43211301407119046
C_ROOKANDPAWNMOVEMENT:0.43211301407119046
C_CENTERCONTROL:0.49303675215347864
C_DEVELOPPIECES:0.4813842130795808
C_MATERIAL:0.5367256448705584
