ELO:871
CE_PASSEDPAWNS:0.3921741048385243
CE_PAWNWEAKNESSES:0.5320395798638958
CE_PIECEACTIVITY:0.5105056134450046
CE_KINGPAWNSHIELD:0.4635104105455329
CE_PIECECOORDINATION:0.5103216359091145
CE_MATERIAL:0.5065600006292008
CE_KINGSAFETY:0.4634897118515363
C_PIECESQUARETABLES:0.5045482176254693
C_MOBILITY:0.45084690864279
C_KINGSAFETY:0.42257038312544387
C_PAWNSTRUCTURE:0.48575783659241045
C_PIECECOORDINATION:0.583792740773163
C_ROOKANDPAWNMOVEMENT:0.583792740773163
C_CENTERCONTROL:0.45468027118126497
C_DEVELOPPIECES:0.47426056987092685
C_MATERIAL:0.5210979749361162
C_MOVECOUNT:0.5
