ELO:1011
CE_PASSEDPAWNS:0.5174828676203559
CE_PAWNWEAKNESSES:0.5
CE_PIECEACTIVITY:0.48432551729994644
CE_KINGPAWNSHIELD:0.4927762358464921
CE_PIECECOORDINATION:0.5151720233873742
CE_MATERIAL:0.496443888061809
CE_KINGSAFETY:0.5
C_PIECESQUARETABLES:0.5
C_MOBILITY:0.4911587840713131
C_KINGSAFETY:0.503542093985356
C_PAWNSTRUCTURE:0.4994745340503049
C_PIECECOORDINATION:0.5005231583940678
C_ROOKANDPAWNMOVEMENT:0.5005231583940678
C_CENTERCONTROL:0.48091100839405615
C_DEVELOPPIECES:0.5098730536290247
C_MATERIAL:0.5102397413593361
C_MOVECOUNT:0.5241701093636981
