ELO:984
CE_PASSEDPAWNS:0.4962810104156827
CE_PAWNWEAKNESSES:0.5138296415072156
CE_PIECEACTIVITY:0.5020820827801807
CE_KINGPAWNSHIELD:0.4859264959073047
CE_PIECECOORDINATION:0.5012462460688311
CE_MATERIAL:0.49577000352994854
CE_KINGSAFETY:0.4990083157414076
C_PIECESQUARETABLES:0.5156455905601052
C_MOBILITY:0.5278910405953091
C_KINGSAFETY:0.4956451778846302
C_PAWNSTRUCTURE:0.4927186086365629
C_PIECECOORDINATION:0.4832522062045056
C_ROOK:0.49445465114361964
CE_ROOK:0.48566536938522836
C_CENTERCONTROL:0.4746350747581418
C_DEVELOPPIECES:0.48029812245008646
C_MATERIAL:0.4983584856103158
C_MOVECOUNT:0.5103064929871584
C_PAWNMOVEMENT:0.5237950923224775
