ELO:927
CE_PASSEDPAWNS:0.48060816052290506
CE_PAWNWEAKNESSES:0.5187370074478067
CE_PIECEACTIVITY:0.4561051294118632
CE_KINGPAWNSHIELD:0.611695343966418
CE_PIECECOORDINATION:0.5282033764383397
CE_MATERIAL:0.6274873477802323
CE_KINGSAFETY:0.5
C_PIECESQUARETABLES:0.49814377244139657
C_MOBILITY:0.5561856818092716
C_KINGSAFETY:0.4810271328367158
C_PAWNSTRUCTURE:0.4892888656394276
C_PIECECOORDINATION:0.5967701005927721
C_ROOKANDPAWNMOVEMENT:0.5967701005927721
C_CENTERCONTROL:0.42542634620162234
C_DEVELOPPIECES:0.46305938800641555
C_MATERIAL:0.5743027553459115
