ELO:988
CE_PASSEDPAWNS:0.5101476935263389
CE_PAWNWEAKNESSES:0.5
CE_PIECEACTIVITY:0.5053790726628449
CE_KINGPAWNSHIELD:0.5
CE_PIECECOORDINATION:0.5011748268406618
CE_MATERIAL:0.5032928768407876
CE_KINGSAFETY:0.5
C_PIECESQUARETABLES:0.5
C_MOBILITY:0.5
C_KINGSAFETY:0.5008103030723025
C_PAWNSTRUCTURE:0.4996834690712704
C_PIECECOORDINATION:0.5
C_ROOKANDPAWNMOVEMENT:0.5
C_CENTERCONTROL:0.5
C_DEVELOPPIECES:0.48852401324369304
C_MATERIAL:0.4893999486583766
C_MOVECOUNT:0.5
