ELO:949
CE_PASSEDPAWNS:0.48991595095460955
CE_PAWNWEAKNESSES:0.5639962961894054
CE_PIECEACTIVITY:0.5265330895558248
CE_KINGPAWNSHIELD:0.5774922568854134
CE_PIECECOORDINATION:0.42375203955186275
CE_MATERIAL:0.5018957512605807
CE_KINGSAFETY:0.47289738789205943
C_PIECESQUARETABLES:0.5146237944039582
C_MOBILITY:0.5122860188993352
C_KINGSAFETY:0.3949207985076127
C_PAWNSTRUCTURE:0.4472523112677371
C_PIECECOORDINATION:0.5134629773252779
C_ROOKANDPAWNMOVEMENT:0.5134629773252779
C_CENTERCONTROL:0.5478947399592983
C_DEVELOPPIECES:0.5731246896181015
C_MATERIAL:0.5504323329641334
