ELO:1031
CE_PASSEDPAWNS:0.5165888194381504
CE_PAWNWEAKNESSES:0.5162263594970332
CE_PIECEACTIVITY:0.49607853506020144
CE_KINGPAWNSHIELD:0.519186970517368
CE_PIECECOORDINATION:0.5042780734726124
CE_MATERIAL:0.5091255916474943
CE_KINGSAFETY:0.5
C_PIECESQUARETABLES:0.5
C_MOBILITY:0.5
C_KINGSAFETY:0.479614052768268
C_PAWNSTRUCTURE:0.5152175550557272
C_PIECECOORDINATION:0.5245577126553166
C_ROOK:0.4650633174525654
CE_ROOK:0.48480217721597585
C_CENTERCONTROL:0.49001549101485403
C_DEVELOPPIECES:0.5459323106087586
C_MATERIAL:0.5252441272845891
C_MOVECOUNT:0.513501588422569
C_PAWNMOVEMENT:0.49808335392436087
