ELO:1000
CE_PASSEDPAWNS:0.5060419652705309
CE_PAWNWEAKNESSES:0.5101974914204975
CE_PIECEACTIVITY:0.5235832161877334
CE_KINGPAWNSHIELD:0.4916959144538327
CE_PIECECOORDINATION:0.5
CE_MATERIAL:0.49378673796768163
CE_KINGSAFETY:0.5101226602557963
C_PIECESQUARETABLES:0.5096708376554802
C_MOBILITY:0.490832796713619
C_KINGSAFETY:0.4932615823603287
C_PAWNSTRUCTURE:0.5073627726320575
C_PIECECOORDINATION:0.5029193342467929
C_ROOKANDPAWNMOVEMENT:0.5029193342467929
C_CENTERCONTROL:0.5066281488203844
C_DEVELOPPIECES:0.501428134308249
C_MATERIAL:0.5061485473361288
