ELO:975
CE_PASSEDPAWNS:0.4814294933729396
CE_PAWNWEAKNESSES:0.6187924835017603
CE_PIECEACTIVITY:0.4881758792983016
CE_KINGPAWNSHIELD:0.5825076450851379
CE_PIECECOORDINATION:0.4241407850709742
CE_MATERIAL:0.4803315215727172
CE_KINGSAFETY:0.5200238357456093
C_PIECESQUARETABLES:0.5247439679656152
C_MOBILITY:0.5120562349894678
C_KINGSAFETY:0.3929118235605383
C_PAWNSTRUCTURE:0.4800927126254787
C_PIECECOORDINATION:0.4859243907269848
C_ROOKANDPAWNMOVEMENT:0.4859243907269848
C_CENTERCONTROL:0.5532313516278675
C_DEVELOPPIECES:0.6159220096236862
C_MATERIAL:0.5425237423089938
