ELO:1013
CE_PASSEDPAWNS:0.4648951567473524
CE_PAWNWEAKNESSES:0.5
CE_PIECEACTIVITY:0.49156792977537245
CE_KINGPAWNSHIELD:0.5150712011664823
CE_PIECECOORDINATION:0.4708527290407438
CE_MATERIAL:0.47385227133657887
CE_KINGSAFETY:0.5
C_PIECESQUARETABLES:0.5
C_MOBILITY:0.5446054300523895
C_KINGSAFETY:0.5157503187537403
C_PAWNSTRUCTURE:0.5171578828235839
C_PIECECOORDINATION:0.5244395359176613
C_ROOK:0.47911671830964603
CE_ROOK:0.4702007772354384
C_CENTERCONTROL:0.4906194046103339
C_DEVELOPPIECES:0.4925283032106535
C_MATERIAL:0.4694591356605998
C_MOVECOUNT:0.46836544109434486
C_PAWNMOVEMENT:0.4746195113060341
