ELO:908
CE_PASSEDPAWNS:0.44690272811066584
CE_PAWNWEAKNESSES:0.49997955430073526
CE_PIECEACTIVITY:0.5355479647474619
CE_KINGPAWNSHIELD:0.49941036610993966
CE_PIECECOORDINATION:0.5183236400030242
CE_MATERIAL:0.5405494352704937
CE_KINGSAFETY:0.5431374142825905
C_PIECESQUARETABLES:0.4532223045610277
C_MOBILITY:0.46388225479942363
C_KINGSAFETY:0.4831896335499415
C_PAWNSTRUCTURE:0.49294948887791873
C_PIECECOORDINATION:0.5334612090860884
C_ROOKANDPAWNMOVEMENT:0.5334612090860884
C_CENTERCONTROL:0.49901541893105983
C_DEVELOPPIECES:0.5567416500997321
C_MATERIAL:0.4446656113938613
C_MOVECOUNT:0.5
