ELO:1038
CE_PASSEDPAWNS:0.4980764605273427
CE_PAWNWEAKNESSES:0.5092242100524107
CE_PIECEACTIVITY:0.5147738312247219
CE_KINGPAWNSHIELD:0.48456748462466864
CE_PIECECOORDINATION:0.5043901861355996
CE_MATERIAL:0.5138007272022727
CE_KINGSAFETY:0.5
C_PIECESQUARETABLES:0.5
C_MOBILITY:0.48879126119455757
C_KINGSAFETY:0.48382163288164737
C_PAWNSTRUCTURE:0.49684653182945093
C_PIECECOORDINATION:0.5160096086242401
C_ROOK:0.5036332535940218
CE_ROOK:0.5030727620260684
C_CENTERCONTROL:0.4995431046483367
C_DEVELOPPIECES:0.4758786389195161
C_MATERIAL:0.49649630162887737
C_MOVECOUNT:0.47814537873487434
C_PAWNMOVEMENT:0.499423363874643
