ELO:1033
CE_PASSEDPAWNS:0.4578218740670265
CE_PAWNWEAKNESSES:0.4873523081131762
CE_PIECEACTIVITY:0.4982884567668562
CE_KINGPAWNSHIELD:0.5055323913119567
CE_PIECECOORDINATION:0.49732809711870424
CE_MATERIAL:0.4929794540427083
CE_KINGSAFETY:0.5
C_PIECESQUARETABLES:0.5
C_MOBILITY:0.5080517021007437
C_KINGSAFETY:0.5
C_PAWNSTRUCTURE:0.4993318392740497
C_PIECECOORDINATION:0.4838976599166956
C_ROOKANDPAWNMOVEMENT:0.4838976599166956
C_CENTERCONTROL:0.5
C_DEVELOPPIECES:0.508690629951446
C_MATERIAL:0.5074871163280305
C_MOVECOUNT:0.5264205672608357
