ELO:1000
CE_PASSEDPAWNS:0.49585713351389715
CE_PAWNWEAKNESSES:0.5358639400863979
CE_PIECEACTIVITY:0.5019538919722051
CE_KINGPAWNSHIELD:0.5083850339649784
CE_PIECECOORDINATION:0.49351123475069786
CE_MATERIAL:0.5009849173815909
CE_KINGSAFETY:0.48457256705224794
C_PIECESQUARETABLES:0.5093136720964688
C_MOBILITY:0.49808355085964257
C_KINGSAFETY:0.4779402927080847
C_PAWNSTRUCTURE:0.49607880021044326
C_PIECECOORDINATION:0.4951261176860354
C_ROOKANDPAWNMOVEMENT:0.4951261176860354
C_CENTERCONTROL:0.5026295596803643
C_DEVELOPPIECES:0.5079933455225
C_MATERIAL:0.49839376391769097
