ELO:942
CE_PASSEDPAWNS:0.48725424596729716
CE_PAWNWEAKNESSES:0.45826453176642906
CE_PIECEACTIVITY:0.5168650724192834
CE_KINGPAWNSHIELD:0.4549877299566228
CE_PIECECOORDINATION:0.4827367226760715
CE_MATERIAL:0.48227941108523675
CE_KINGSAFETY:0.485782197202006
C_PIECESQUARETABLES:0.5193206718772065
C_MOBILITY:0.4693201480739648
C_KINGSAFETY:0.5156641815916027
C_PAWNSTRUCTURE:0.4877369443983805
C_PIECECOORDINATION:0.5474850578068235
C_ROOKANDPAWNMOVEMENT:0.5474850578068235
C_CENTERCONTROL:0.47831134506260553
C_DEVELOPPIECES:0.5185762117644472
C_MATERIAL:0.5149029171144706
C_MOVECOUNT:0.5
