ELO:1000
CE_PASSEDPAWNS:0.5087832204202258
CE_PAWNWEAKNESSES:0.48805792128228986
CE_PIECEACTIVITY:0.5336004223555922
CE_KINGPAWNSHIELD:0.4916959144538327
CE_PIECECOORDINATION:0.5096390318362022
CE_MATERIAL:0.4955153604892341
CE_KINGSAFETY:0.520013859239043
C_PIECESQUARETABLES:0.506009429704825
C_MOBILITY:0.490832796713619
C_KINGSAFETY:0.4801034501152907
C_PAWNSTRUCTURE:0.4866912958791207
C_PIECECOORDINATION:0.48648284120256796
C_ROOKANDPAWNMOVEMENT:0.48648284120256796
C_CENTERCONTROL:0.4994771019144551
C_DEVELOPPIECES:0.520583643070633
C_MATERIAL:0.5076059713459694
