ELO:927
CE_PASSEDPAWNS:0.40878006713558707
CE_PAWNWEAKNESSES:0.5528058578134115
CE_PIECEACTIVITY:0.6028375261977027
CE_KINGPAWNSHIELD:0.6745694041743627
CE_PIECECOORDINATION:0.5126303637076733
CE_MATERIAL:0.6012561092066673
CE_KINGSAFETY:0.43588337161435337
C_PIECESQUARETABLES:0.5343941705870814
C_MOBILITY:0.4710189362414639
C_KINGSAFETY:0.5496631021722784
C_PAWNSTRUCTURE:0.41689695679645405
C_PIECECOORDINATION:0.5138049047853385
C_ROOKANDPAWNMOVEMENT:0.5138049047853385
C_CENTERCONTROL:0.4686519600598005
C_DEVELOPPIECES:0.5194691567295442
C_MATERIAL:0.5148141799643826
