ELO:1044
CE_PASSEDPAWNS:0.5039844281717176
CE_PAWNWEAKNESSES:0.5484297974944855
CE_PIECEACTIVITY:0.5061678211637165
CE_KINGPAWNSHIELD:0.5122363856683062
CE_PIECECOORDINATION:0.4596275977260716
CE_MATERIAL:0.5054980911351014
CE_KINGSAFETY:0.5
C_PIECESQUARETABLES:0.5
C_MOBILITY:0.5212935053933127
C_KINGSAFETY:0.5339859865910486
C_PAWNSTRUCTURE:0.5140388997786214
C_PIECECOORDINATION:0.5161112147581152
C_ROOK:0.5061548351338214
CE_ROOK:0.5019346244041857
C_CENTERCONTROL:0.5117148113767311
C_DEVELOPPIECES:0.528437156584265
C_MATERIAL:0.47759231880041597
C_MOVECOUNT:0.4733766181712077
C_PAWNMOVEMENT:0.4953020681581354
