ELO:1038
CE_PASSEDPAWNS:0.5202047592027715
CE_PAWNWEAKNESSES:0.5092242100524107
CE_PIECEACTIVITY:0.5313075154750717
CE_KINGPAWNSHIELD:0.4999233599011594
CE_PIECECOORDINATION:0.5043901861355996
CE_MATERIAL:0.5138007272022727
CE_KINGSAFETY:0.5
C_PIECESQUARETABLES:0.5
C_MOBILITY:0.5274025128559238
C_KINGSAFETY:0.48382163288164737
C_PAWNSTRUCTURE:0.524334623024627
C_PIECECOORDINATION:0.5160096086242401
C_ROOK:0.5036332535940218
CE_ROOK:0.481432679306885
C_CENTERCONTROL:0.5142620723065077
C_DEVELOPPIECES:0.47120269052334773
C_MATERIAL:0.49649630162887737
C_MOVECOUNT:0.5158813356519456
C_PAWNMOVEMENT:0.4951274197228298
