ELO:938
CE_PASSEDPAWNS:0.4933845840227417
CE_PAWNWEAKNESSES:0.44843896710157194
CE_PIECEACTIVITY:0.5129257253548715
CE_KINGPAWNSHIELD:0.45834122531164695
CE_PIECECOORDINATION:0.4735880260838518
CE_MATERIAL:0.4963260253589618
CE_KINGSAFETY:0.49602668496046826
C_PIECESQUARETABLES:0.5186259647149648
C_MOBILITY:0.4767430591265398
C_KINGSAFETY:0.5210292265882149
C_PAWNSTRUCTURE:0.48583115366912005
C_PIECECOORDINATION:0.5453340385412556
C_ROOKANDPAWNMOVEMENT:0.5453340385412556
C_CENTERCONTROL:0.4990003623813297
C_DEVELOPPIECES:0.5297702681128303
C_MATERIAL:0.5085661897206029
C_MOVECOUNT:0.5
