ELO:1044
CE_PASSEDPAWNS:0.5148713994294651
CE_PAWNWEAKNESSES:0.47286425670431176
CE_PIECEACTIVITY:0.530070633116429
CE_KINGPAWNSHIELD:0.48152885942246226
CE_PIECECOORDINATION:0.5003591470819672
CE_MATERIAL:0.5115008509760626
CE_KINGSAFETY:0.5
C_PIECESQUARETABLES:0.5
C_MOBILITY:0.5089791542089985
C_KINGSAFETY:0.487536961408672
C_PAWNSTRUCTURE:0.5125440906912597
C_PIECECOORDINATION:0.5037032257979067
C_ROOK:0.523495605081365
CE_ROOK:0.485503642279331
C_CENTERCONTROL:0.5053794469088625
C_DEVELOPPIECES:0.5416454889175935
C_MATERIAL:0.5180966590467132
C_MOVECOUNT:0.5
C_PAWNMOVEMENT:0.4947520521633653
