ELO:990
CE_PASSEDPAWNS:0.3976034860007527
CE_PAWNWEAKNESSES:0.4491042091824189
CE_PIECEACTIVITY:0.5104732041243522
CE_KINGPAWNSHIELD:0.4911296975546377
CE_PIECECOORDINATION:0.6189709050758564
CE_MATERIAL:0.4027586361420823
CE_KINGSAFETY:0.5020406836231697
C_PIECESQUARETABLES:0.5
C_MOBILITY:0.500975226800972
C_KINGSAFETY:0.5742475742575268
C_PAWNSTRUCTURE:0.630821664393598
C_PIECECOORDINATION:0.48290799800335776
C_ROOKANDPAWNMOVEMENT:0.48290799800335776
C_CENTERCONTROL:0.36466926251351156
C_DEVELOPPIECES:0.5541467792178347
C_MATERIAL:0.5866536899795093
