ELO:935
CE_PASSEDPAWNS:0.49319208341849197
CE_PAWNWEAKNESSES:0.5385768863391894
CE_PIECEACTIVITY:0.5513377915626382
CE_KINGPAWNSHIELD:0.5703193966109902
CE_PIECECOORDINATION:0.39561679712007164
CE_MATERIAL:0.5303473949826626
CE_KINGSAFETY:0.47063457002376463
C_PIECESQUARETABLES:0.5067517390252312
C_MOBILITY:0.49133121176556865
C_KINGSAFETY:0.4034226170349528
C_PAWNSTRUCTURE:0.45809041724821314
C_PIECECOORDINATION:0.521463847193162
C_ROOKANDPAWNMOVEMENT:0.521463847193162
C_CENTERCONTROL:0.5463370589439446
C_DEVELOPPIECES:0.5718976848071724
C_MATERIAL:0.537642394574531
