ELO:985
CE_PASSEDPAWNS:0.4895228791493197
CE_PAWNWEAKNESSES:0.4971728288714543
CE_PIECEACTIVITY:0.5008075193463103
CE_KINGPAWNSHIELD:0.5183351325068888
CE_PIECECOORDINATION:0.4650464115431037
CE_MATERIAL:0.4990932950291309
CE_KINGSAFETY:0.4934138943734836
C_PIECESQUARETABLES:0.4825789149972528
C_MOBILITY:0.4992212564637514
C_KINGSAFETY:0.5042659538387098
C_PAWNSTRUCTURE:0.48643666973307625
C_PIECECOORDINATION:0.5043332961365139
C_ROOKANDPAWNMOVEMENT:0.5043332961365139
C_CENTERCONTROL:0.493900860298513
C_DEVELOPPIECES:0.5
C_MATERIAL:0.5086263335749455
