ELO:973
CE_PASSEDPAWNS:0.5063728434806019
CE_PAWNWEAKNESSES:0.515473827927636
CE_PIECEACTIVITY:0.49043800675152655
CE_KINGPAWNSHIELD:0.512283353932152
CE_PIECECOORDINATION:0.48998567962244227
CE_MATERIAL:0.49712262858021183
CE_KINGSAFETY:0.5
C_PIECESQUARETABLES:0.4809618224627882
C_MOBILITY:0.4930258176503512
C_KINGSAFETY:0.5034890719356305
C_PAWNSTRUCTURE:0.48920818560739365
C_PIECECOORDINATION:0.502709826142954
C_ROOKANDPAWNMOVEMENT:0.502709826142954
C_CENTERCONTROL:0.5138086668570507
C_DEVELOPPIECES:0.5170934532702949
C_MATERIAL:0.49121956573629616
C_MOVECOUNT:0.5
