ELO:966
CE_PASSEDPAWNS:0.42616169255859143
CE_PAWNWEAKNESSES:0.589530232793719
CE_PIECEACTIVITY:0.5721628734124147
CE_KINGPAWNSHIELD:0.6526860156635992
CE_PIECECOORDINATION:0.4740448449882187
CE_MATERIAL:0.6064023393001123
CE_KINGSAFETY:0.4890432663364216
C_PIECESQUARETABLES:0.5269704505630063
C_MOBILITY:0.5109123457182774
C_KINGSAFETY:0.5602418235374342
C_PAWNSTRUCTURE:0.4393884851456754
C_PIECECOORDINATION:0.5273099529616591
C_ROOKANDPAWNMOVEMENT:0.5273099529616591
C_CENTERCONTROL:0.44105012908981533
C_DEVELOPPIECES:0.4559980005936848
C_MATERIAL:0.5032705016906234
