ELO:1000
CE_PASSEDPAWNS:0.5043426375485921
CE_PAWNWEAKNESSES:0.505384060960727
CE_PIECEACTIVITY:0.49584111229463756
CE_KINGPAWNSHIELD:0.4913977089697422
CE_PIECECOORDINATION:0.4953378736980069
CE_MATERIAL:0.5077755463038711
CE_KINGSAFETY:0.49536403453395056
C_PIECESQUARETABLES:0.487805827829388
C_MOBILITY:0.5094356404857333
C_KINGSAFETY:0.5004790051341382
C_PAWNSTRUCTURE:0.5
C_PIECECOORDINATION:0.49126831409902066
C_ROOKANDPAWNMOVEMENT:0.49126831409902066
C_CENTERCONTROL:0.48783479150974934
C_DEVELOPPIECES:0.5018121029549907
C_MATERIAL:0.49205453777250485
