ELO:1000
CE_PASSEDPAWNS:0.4793437551624552
CE_PAWNWEAKNESSES:0.5496223425739585
CE_PIECEACTIVITY:0.5141848300810538
CE_KINGPAWNSHIELD:0.5240177842255233
CE_PIECECOORDINATION:0.5423681192756791
CE_MATERIAL:0.48004560357923814
CE_KINGSAFETY:0.512809644815347
C_PIECESQUARETABLES:0.5057446914324437
C_MOBILITY:0.4595260186126311
C_KINGSAFETY:0.4842517660195943
C_PAWNSTRUCTURE:0.4988445758707971
C_PIECECOORDINATION:0.48239270105369647
C_ROOKANDPAWNMOVEMENT:0.48239270105369647
C_CENTERCONTROL:0.5516928852224161
C_DEVELOPPIECES:0.52760539785177
C_MATERIAL:0.49344623865232706
