ELO:1006
CE_PASSEDPAWNS:0.49432640033539066
CE_PAWNWEAKNESSES:0.5068408398850365
CE_PIECEACTIVITY:0.5399143227093687
CE_KINGPAWNSHIELD:0.5117673279052368
CE_PIECECOORDINATION:0.5108076329625086
CE_MATERIAL:0.5006449770275212
CE_KINGSAFETY:0.5
C_PIECESQUARETABLES:0.5110844239696053
C_MOBILITY:0.5013346417174642
C_KINGSAFETY:0.5
C_PAWNSTRUCTURE:0.510312442760725
C_PIECECOORDINATION:0.5185204866484954
C_ROOKANDPAWNMOVEMENT:0.5185204866484954
C_CENTERCONTROL:0.4884387981427784
C_DEVELOPPIECES:0.5
C_MATERIAL:0.5094207659161254
C_MOVECOUNT:0.5
