ELO:931
CE_PASSEDPAWNS:0.47454751008501544
CE_PAWNWEAKNESSES:0.52276450107068
CE_PIECEACTIVITY:0.4784191586469119
CE_KINGPAWNSHIELD:0.5006545949890557
CE_PIECECOORDINATION:0.48182076019337783
CE_MATERIAL:0.45849621247428296
CE_KINGSAFETY:0.48167547975067676
C_PIECESQUARETABLES:0.5007452761150462
C_MOBILITY:0.5047744512585829
C_KINGSAFETY:0.5121218498373702
C_PAWNSTRUCTURE:0.5705215090885909
C_PIECECOORDINATION:0.45755451754416576
C_ROOK:0.527665072544347
CE_ROOK:0.49985144742411824
C_CENTERCONTROL:0.49368233577363724
C_DEVELOPPIECES:0.5048714776654142
C_MATERIAL:0.5166476340944804
C_MOVECOUNT:0.5472308317458825
C_PAWNMOVEMENT:0.49720643677995496
