ELO:1000
CE_PASSEDPAWNS:0.49015205345479335
CE_PAWNWEAKNESSES:0.5624849716958853
CE_PIECEACTIVITY:0.5164205147511253
CE_KINGPAWNSHIELD:0.5117053971756903
CE_PIECECOORDINATION:0.5537382233403823
CE_MATERIAL:0.48004560357923814
CE_KINGSAFETY:0.5
C_PIECESQUARETABLES:0.5
C_MOBILITY:0.4652473153211339
C_KINGSAFETY:0.4724702223176675
C_PAWNSTRUCTURE:0.5153023832846603
C_PIECECOORDINATION:0.49039484516090115
C_ROOKANDPAWNMOVEMENT:0.49039484516090115
C_CENTERCONTROL:0.5319112553680381
C_DEVELOPPIECES:0.52469462366779
C_MATERIAL:0.48234965531006857
