ELO:959
CE_PASSEDPAWNS:0.5072294712689759
CE_PAWNWEAKNESSES:0.4093057207424392
CE_PIECEACTIVITY:0.40511379570071426
CE_KINGPAWNSHIELD:0.5349043354368778
CE_PIECECOORDINATION:0.49470016042982645
CE_MATERIAL:0.47292070058380614
CE_KINGSAFETY:0.5444466911603056
C_PIECESQUARETABLES:0.5125256479800884
C_MOBILITY:0.49512271286261644
C_KINGSAFETY:0.4685661116684563
C_PAWNSTRUCTURE:0.5119907919774797
C_PIECECOORDINATION:0.5795449466070348
C_ROOKANDPAWNMOVEMENT:0.5795449466070348
C_CENTERCONTROL:0.4417202415242587
C_DEVELOPPIECES:0.5701995437746977
C_MATERIAL:0.4451928324747258
