ELO:1000
CE_PASSEDPAWNS:0.5167231397294917
CE_PAWNWEAKNESSES:0.5095180450188724
CE_PIECEACTIVITY:0.5004442744550345
CE_KINGPAWNSHIELD:0.5
CE_PIECECOORDINATION:0.49933084786180865
CE_MATERIAL:0.5
CE_KINGSAFETY:0.4789857801160179
C_PIECESQUARETABLES:0.4881191435976018
C_MOBILITY:0.49340548822851715
C_KINGSAFETY:0.509582071296835
C_PAWNSTRUCTURE:0.5028319261157974
C_PIECECOORDINATION:0.4929079949239767
C_ROOKANDPAWNMOVEMENT:0.4929079949239767
C_CENTERCONTROL:0.5032063200478901
C_DEVELOPPIECES:0.4888042837370325
C_MATERIAL:0.4993724613646058
