ELO:959
CE_PASSEDPAWNS:0.501961741374853
CE_PAWNWEAKNESSES:0.5189881770935674
CE_PIECEACTIVITY:0.4932213374525107
CE_KINGPAWNSHIELD:0.5235107287708667
CE_PIECECOORDINATION:0.49855235697258865
CE_MATERIAL:0.4830914231766636
CE_KINGSAFETY:0.5133100634115997
C_PIECESQUARETABLES:0.509276713067584
C_MOBILITY:0.49273620599588275
C_KINGSAFETY:0.5159084311547916
C_PAWNSTRUCTURE:0.5235339594316529
C_PIECECOORDINATION:0.48938659361811265
C_ROOK:0.5175885046940818
CE_ROOK:0.4848482380692988
C_CENTERCONTROL:0.4969677394568451
C_DEVELOPPIECES:0.541516589627905
C_MATERIAL:0.49067101787055795
C_MOVECOUNT:0.5188794119375473
C_PAWNMOVEMENT:0.5199420151329641
