ELO:897
CE_PASSEDPAWNS:0.5686004877478475
CE_PAWNWEAKNESSES:0.490427083146222
CE_PIECEACTIVITY:0.547406527972285
CE_KINGPAWNSHIELD:0.44731962251588964
CE_PIECECOORDINATION:0.4478179250077062
CE_MATERIAL:0.48989287587703434
CE_KINGSAFETY:0.5
C_PIECESQUARETABLES:0.5
C_MOBILITY:0.4947317316249277
C_KINGSAFETY:0.5341084379840678
C_PAWNSTRUCTURE:0.4191802286469416
C_PIECECOORDINATION:0.44758219917815356
C_ROOKANDPAWNMOVEMENT:0.44758219917815356
C_CENTERCONTROL:0.4708432329538287
C_DEVELOPPIECES:0.4643106376537587
C_MATERIAL:0.5122686499756502
C_MOVECOUNT:0.49377311833991294
