ELO:891
CE_PASSEDPAWNS:0.5491048264684371
CE_PAWNWEAKNESSES:0.4776000091351896
CE_PIECEACTIVITY:0.5384546135060534
CE_KINGPAWNSHIELD:0.5089951264222898
CE_PIECECOORDINATION:0.42616366582163256
CE_MATERIAL:0.5264934824041301
CE_KINGSAFETY:0.4663156270453467
C_PIECESQUARETABLES:0.5262744105758662
C_MOBILITY:0.49413944864352816
C_KINGSAFETY:0.43948242587575187
C_PAWNSTRUCTURE:0.51028976736357
C_PIECECOORDINATION:0.5452677864978424
C_ROOKANDPAWNMOVEMENT:0.5452677864978424
C_CENTERCONTROL:0.532768110090775
C_DEVELOPPIECES:0.4408708633796938
C_MATERIAL:0.5727500700255649
C_MOVECOUNT:0.5
