ELO:931
CE_PASSEDPAWNS:0.4883606740221919
CE_PAWNWEAKNESSES:0.35079181280433774
CE_PIECEACTIVITY:0.43508441954390337
CE_KINGPAWNSHIELD:0.557123211613766
CE_PIECECOORDINATION:0.5337259510559051
CE_MATERIAL:0.4867293934795088
CE_KINGSAFETY:0.49397122068268623
C_PIECESQUARETABLES:0.5269224901288424
C_MOBILITY:0.4608489483796831
C_KINGSAFETY:0.47249041996150365
C_PAWNSTRUCTURE:0.4951027412579684
C_PIECECOORDINATION:0.5842492470598496
C_ROOKANDPAWNMOVEMENT:0.5842492470598496
C_CENTERCONTROL:0.437797274696141
C_DEVELOPPIECES:0.6260427178642919
C_MATERIAL:0.4594156999263261
