ELO:1000
CE_PASSEDPAWNS:0.5070113713984271
CE_PAWNWEAKNESSES:0.5004376275166459
CE_PIECEACTIVITY:0.4593594527551762
CE_KINGPAWNSHIELD:0.49171978809774414
CE_PIECECOORDINATION:0.4583885471754033
CE_MATERIAL:0.5834068381924781
CE_KINGSAFETY:0.4763680879421339
C_PIECESQUARETABLES:0.4795200120087322
C_MOBILITY:0.48291967508379285
C_KINGSAFETY:0.5322537841120606
C_PAWNSTRUCTURE:0.5383573707989509
C_PIECECOORDINATION:0.5132641946481518
C_ROOKANDPAWNMOVEMENT:0.5132641946481518
C_CENTERCONTROL:0.4880808540625699
C_DEVELOPPIECES:0.4921649159490274
C_MATERIAL:0.4930509630608636
