ELO:994
CE_PASSEDPAWNS:0.49141716454019335
CE_PAWNWEAKNESSES:0.5231908652048411
CE_PIECEACTIVITY:0.4868279978484037
CE_KINGPAWNSHIELD:0.5190747484898832
CE_PIECECOORDINATION:0.5028223473487825
CE_MATERIAL:0.46851031864280235
CE_KINGSAFETY:0.4957554536056827
C_PIECESQUARETABLES:0.497762613717088
C_MOBILITY:0.49026168775854856
C_KINGSAFETY:0.5326402814544955
C_PAWNSTRUCTURE:0.5427085346574287
C_PIECECOORDINATION:0.4675201984782571
C_ROOK:0.5163284814132052
CE_ROOK:0.47573062717406656
C_CENTERCONTROL:0.5007892878241252
C_DEVELOPPIECES:0.5391458088038616
C_MATERIAL:0.49694590013229567
C_MOVECOUNT:0.5201628901752164
C_PAWNMOVEMENT:0.5083568108801693
