ELO:1000
CE_PASSEDPAWNS:0.47869561553738194
CE_PAWNWEAKNESSES:0.5253345396923225
CE_PIECEACTIVITY:0.4975781198920577
CE_KINGPAWNSHIELD:0.47506489673844493
CE_PIECECOORDINATION:0.5192050805975527
CE_MATERIAL:0.4948719999819317
CE_KINGSAFETY:0.5141574031352334
C_PIECESQUARETABLES:0.5014160838432198
C_MOBILITY:0.48299769288104777
C_KINGSAFETY:0.4963700036676484
C_PAWNSTRUCTURE:0.5178815391808282
C_PIECECOORDINATION:0.49714054503219085
C_ROOKANDPAWNMOVEMENT:0.49714054503219085
C_CENTERCONTROL:0.5261884762408154
C_DEVELOPPIECES:0.5320790659574337
C_MATERIAL:0.4883394011196386
