ELO:916
CE_PASSEDPAWNS:0.467520941681351
CE_PAWNWEAKNESSES:0.41831621447378387
CE_PIECEACTIVITY:0.5303929357944998
CE_KINGPAWNSHIELD:0.5217988647526669
CE_PIECECOORDINATION:0.46089387196533455
CE_MATERIAL:0.4853843152085948
CE_KINGSAFETY:0.4991945023811454
C_PIECESQUARETABLES:0.5
C_MOBILITY:0.4808889521956203
C_KINGSAFETY:0.5522135599625418
C_PAWNSTRUCTURE:0.4783352485449505
C_PIECECOORDINATION:0.4918440919668022
C_ROOKANDPAWNMOVEMENT:0.4918440919668022
C_CENTERCONTROL:0.5728116831189682
C_DEVELOPPIECES:0.4775660709381547
C_MATERIAL:0.49617683533457546
C_MOVECOUNT:0.5
