ELO:1011
CE_PASSEDPAWNS:0.5290013539298729
CE_PAWNWEAKNESSES:0.46859820693713217
CE_PIECEACTIVITY:0.47499182181707456
CE_KINGPAWNSHIELD:0.5408397278541518
CE_PIECECOORDINATION:0.5068089987403583
CE_MATERIAL:0.5106262117152413
CE_KINGSAFETY:0.5
C_PIECESQUARETABLES:0.5
C_MOBILITY:0.5025304564808301
C_KINGSAFETY:0.48382163288164737
C_PAWNSTRUCTURE:0.5033189599011597
C_PIECECOORDINATION:0.5449808827882456
C_ROOK:0.4981709711823545
CE_ROOK:0.49723982626595864
C_CENTERCONTROL:0.47088435232152626
C_DEVELOPPIECES:0.48610297521597085
C_MATERIAL:0.4923054908172752
C_MOVECOUNT:0.5154574912145367
C_PAWNMOVEMENT:0.48514905918960954
