ELO:860
CE_PASSEDPAWNS:0.5136026556317874
CE_PAWNWEAKNESSES:0.4682187074383581
CE_PIECEACTIVITY:0.49098714725149734
CE_KINGPAWNSHIELD:0.5083631457959534
CE_PIECECOORDINATION:0.5012270074426586
CE_MATERIAL:0.4778305516527812
CE_KINGSAFETY:0.5062323072531504
C_PIECESQUARETABLES:0.48711138175403557
C_MOBILITY:0.48324088144578176
C_KINGSAFETY:0.45350759387056166
C_PAWNSTRUCTURE:0.4695910747104158
C_PIECECOORDINATION:0.49011600258946286
C_ROOKANDPAWNMOVEMENT:0.49011600258946286
C_CENTERCONTROL:0.4749005968321408
C_DEVELOPPIECES:0.4484523584893007
C_MATERIAL:0.4357107362531688
C_MOVECOUNT:0.44116507215742046
