ELO:1058
CE_PASSEDPAWNS:0.5869371931543782
CE_PAWNWEAKNESSES:0.4324805282816033
CE_PIECEACTIVITY:0.4702814621666869
CE_KINGPAWNSHIELD:0.4976735607709928
CE_PIECECOORDINATION:0.5675767446406316
CE_MATERIAL:0.40830806633332456
CE_KINGSAFETY:0.5161532073278536
C_PIECESQUARETABLES:0.49324579975691113
C_MOBILITY:0.5248529369706801
C_KINGSAFETY:0.6350419166877757
C_PAWNSTRUCTURE:0.41818820420745245
C_PIECECOORDINATION:0.4667504242191581
C_ROOKANDPAWNMOVEMENT:0.4667504242191581
C_CENTERCONTROL:0.561767425803642
C_DEVELOPPIECES:0.5000203257184133
C_MATERIAL:0.4061015602623833
