ELO:730
CE_PASSEDPAWNS:0.5364622642290715
CE_PAWNWEAKNESSES:0.4555829921619562
CE_PIECEACTIVITY:0.4259574999957602
CE_KINGPAWNSHIELD:0.4396752719280427
CE_PIECECOORDINATION:0.4777264512453512
CE_MATERIAL:0.63163597972378
CE_KINGSAFETY:0.4579560038887164
C_PIECESQUARETABLES:0.5428313554187885
C_MOBILITY:0.484492931131489
C_KINGSAFETY:0.3788132190393663
C_PAWNSTRUCTURE:0.5212658694233134
C_PIECECOORDINATION:0.5601121769131764
C_ROOKANDPAWNMOVEMENT:0.5601121769131764
C_CENTERCONTROL:0.43973165977500994
C_DEVELOPPIECES:0.46644502318966197
C_MATERIAL:0.6093098311061347
C_MOVECOUNT:0.5
