ELO:921
CE_PASSEDPAWNS:0.4755259206450451
CE_PAWNWEAKNESSES:0.35953597347406424
CE_PIECEACTIVITY:0.4562103667607427
CE_KINGPAWNSHIELD:0.5766556519924061
CE_PIECECOORDINATION:0.5489881845779672
CE_MATERIAL:0.4927777012669959
CE_KINGSAFETY:0.5066602771510673
C_PIECESQUARETABLES:0.5384128861807376
C_MOBILITY:0.46919538871344796
C_KINGSAFETY:0.46934920140711117
C_PAWNSTRUCTURE:0.46062289281323016
C_PIECECOORDINATION:0.5855563849208041
C_ROOKANDPAWNMOVEMENT:0.5855563849208041
C_CENTERCONTROL:0.42046097472221994
C_DEVELOPPIECES:0.6072740918198495
C_MATERIAL:0.44342284138229165
