ELO:990
CE_PASSEDPAWNS:0.5201808145953116
CE_PAWNWEAKNESSES:0.4378459432400626
CE_PIECEACTIVITY:0.5009997581569493
CE_KINGPAWNSHIELD:0.4969112771905379
CE_PIECECOORDINATION:0.6189709050758564
CE_MATERIAL:0.42043404039646803
CE_KINGSAFETY:0.49997132334116723
C_PIECESQUARETABLES:0.5
C_MOBILITY:0.6106431556756368
C_KINGSAFETY:0.5770116005815923
C_PAWNSTRUCTURE:0.62436365227218
C_PIECECOORDINATION:0.48290799800335776
C_ROOKANDPAWNMOVEMENT:0.48290799800335776
C_CENTERCONTROL:0.37430305917648987
C_DEVELOPPIECES:0.5528173797779841
C_MATERIAL:0.5866536899795093
