ELO:925
CE_PASSEDPAWNS:0.500360850568745
CE_PAWNWEAKNESSES:0.524125940747866
CE_PIECEACTIVITY:0.47052017206648705
CE_KINGPAWNSHIELD:0.509735104789999
CE_PIECECOORDINATION:0.4896092583310646
CE_MATERIAL:0.45593618240154876
CE_KINGSAFETY:0.5
C_PIECESQUARETABLES:0.494031488678009
C_MOBILITY:0.5007954030027345
C_KINGSAFETY:0.52413997321309
C_PAWNSTRUCTURE:0.5516932521220795
C_PIECECOORDINATION:0.46665578804056973
C_ROOK:0.5135671029425029
CE_ROOK:0.47904166152059774
C_CENTERCONTROL:0.49454976057853883
C_DEVELOPPIECES:0.5114016559890977
C_MATERIAL:0.49488762069010633
C_MOVECOUNT:0.5502877113729282
C_PAWNMOVEMENT:0.5058623042040908
