ELO:987
CE_PASSEDPAWNS:0.46658736534363077
CE_PAWNWEAKNESSES:0.5062237445661766
CE_PIECEACTIVITY:0.4999977785828049
CE_KINGPAWNSHIELD:0.49424730860405175
CE_PIECECOORDINATION:0.5012582570102038
CE_MATERIAL:0.4777926871208536
CE_KINGSAFETY:0.5
C_PIECESQUARETABLES:0.5
C_MOBILITY:0.5163483539847035
C_KINGSAFETY:0.5266695509402896
C_PAWNSTRUCTURE:0.5089408544151964
C_PIECECOORDINATION:0.5
C_ROOKANDPAWNMOVEMENT:0.5
C_CENTERCONTROL:0.48768687371104386
C_DEVELOPPIECES:0.4902557894892237
C_MATERIAL:0.5009094438812333
C_MOVECOUNT:0.5102311239629914
