ELO:746
CE_PASSEDPAWNS:0.5494788777633716
CE_PAWNWEAKNESSES:0.4837136844172018
CE_PIECEACTIVITY:0.41763619816399405
CE_KINGPAWNSHIELD:0.44582723845115346
CE_PIECECOORDINATION:0.4842446588070785
CE_MATERIAL:0.6000100488956293
CE_KINGSAFETY:0.46683721174806986
C_PIECESQUARETABLES:0.5672850538875359
C_MOBILITY:0.48654548301241585
C_KINGSAFETY:0.36311367541023926
C_PAWNSTRUCTURE:0.520977070152295
C_PIECECOORDINATION:0.5591077600630862
C_ROOKANDPAWNMOVEMENT:0.5591077600630862
C_CENTERCONTROL:0.42134706060182314
C_DEVELOPPIECES:0.4566287167862876
C_MATERIAL:0.6441589640827323
C_MOVECOUNT:0.5
