ELO:989
CE_PASSEDPAWNS:0.3671258369474086
CE_PAWNWEAKNESSES:0.4449176979510626
CE_PIECEACTIVITY:0.5104732041243522
CE_KINGPAWNSHIELD:0.41644300402511225
CE_PIECECOORDINATION:0.6070332277614432
CE_MATERIAL:0.5672017015596987
CE_KINGSAFETY:0.5
C_PIECESQUARETABLES:0.5
C_MOBILITY:0.6152039209467878
C_KINGSAFETY:0.5742475742575268
C_PAWNSTRUCTURE:0.4587756657464626
C_PIECECOORDINATION:0.6108292425079617
C_ROOKANDPAWNMOVEMENT:0.6108292425079617
C_CENTERCONTROL:0.37430305917648987
C_DEVELOPPIECES:0.4354212939766876
C_MATERIAL:0.6290612992478234
