ELO:1030
CE_PASSEDPAWNS:0.49253854838703465
CE_PAWNWEAKNESSES:0.5024714947754564
CE_PIECEACTIVITY:0.5
CE_KINGPAWNSHIELD:0.5106427378654373
CE_PIECECOORDINATION:0.5
CE_MATERIAL:0.509980737206191
CE_KINGSAFETY:0.4815937288521101
C_PIECESQUARETABLES:0.5032869558899434
C_MOBILITY:0.5025750044531898
C_KINGSAFETY:0.4864681931914723
C_PAWNSTRUCTURE:0.4848243635039568
C_PIECECOORDINATION:0.503824493170479
C_ROOKANDPAWNMOVEMENT:0.503824493170479
C_CENTERCONTROL:0.4956728615473433
C_DEVELOPPIECES:0.5155861534524923
C_MATERIAL:0.4845405792806482
