ELO:967
CE_PASSEDPAWNS:0.4868420507158338
CE_PAWNWEAKNESSES:0.5129462612841439
CE_PIECEACTIVITY:0.4988604384900347
CE_KINGPAWNSHIELD:0.4797343701469698
CE_PIECECOORDINATION:0.5075691791029315
CE_MATERIAL:0.5235090133092365
CE_KINGSAFETY:0.4987760691664052
C_PIECESQUARETABLES:0.5005523734239519
C_MOBILITY:0.5099390578624274
C_KINGSAFETY:0.49741387527674474
C_PAWNSTRUCTURE:0.5108434571197058
C_PIECECOORDINATION:0.5049953843540299
C_ROOKANDPAWNMOVEMENT:0.5049953843540299
C_CENTERCONTROL:0.5058373699142334
C_DEVELOPPIECES:0.5055422930951894
C_MATERIAL:0.4903593171614988
C_MOVECOUNT:0.5
