ELO:975
CE_PASSEDPAWNS:0.5095924981714819
CE_PAWNWEAKNESSES:0.49574430236772415
CE_PIECEACTIVITY:0.48520998645184676
CE_KINGPAWNSHIELD:0.5038911746163508
CE_PIECECOORDINATION:0.5
CE_MATERIAL:0.4984309407524326
CE_KINGSAFETY:0.5
C_PIECESQUARETABLES:0.5019962925152482
C_MOBILITY:0.49844106449142506
C_KINGSAFETY:0.49913391185036365
C_PAWNSTRUCTURE:0.5076198544476788
C_PIECECOORDINATION:0.4926837703083445
C_ROOK:0.481948882654968
CE_ROOK:0.4851243886259369
C_CENTERCONTROL:0.4961769773069777
C_DEVELOPPIECES:0.5246451798650159
C_MATERIAL:0.4962484670477178
C_MOVECOUNT:0.5090254695638007
C_PAWNMOVEMENT:0.4801316668959384
