ELO:1053
CE_PASSEDPAWNS:0.4932340660945623
CE_PAWNWEAKNESSES:0.517799131242908
CE_PIECEACTIVITY:0.5180690068294841
CE_KINGPAWNSHIELD:0.5089849341898938
CE_PIECECOORDINATION:0.5068089987403583
CE_MATERIAL:0.48857636472926436
CE_KINGSAFETY:0.5
C_PIECESQUARETABLES:0.5
C_MOBILITY:0.502573773273927
C_KINGSAFETY:0.4796782585905045
C_PAWNSTRUCTURE:0.5
C_PIECECOORDINATION:0.5130361085857119
C_ROOK:0.505855737548092
CE_ROOK:0.5019346244041857
C_CENTERCONTROL:0.4852142059805234
C_DEVELOPPIECES:0.49379823409339246
C_MATERIAL:0.5039313586180075
C_MOVECOUNT:0.4701640049785616
C_PAWNMOVEMENT:0.5115033278778504
