ELO:823
CE_PASSEDPAWNS:0.5247110938190831
CE_PAWNWEAKNESSES:0.49049445578716755
CE_PIECEACTIVITY:0.5289717809547728
CE_KINGPAWNSHIELD:0.44898103990543814
CE_PIECECOORDINATION:0.4506868856410826
CE_MATERIAL:0.5958044497016902
CE_KINGSAFETY:0.47118163652586803
C_PIECESQUARETABLES:0.528276382902196
C_MOBILITY:0.49710911910721023
C_KINGSAFETY:0.36286115602169644
C_PAWNSTRUCTURE:0.5127596222518038
C_PIECECOORDINATION:0.5749734528418932
C_ROOKANDPAWNMOVEMENT:0.5749734528418932
C_CENTERCONTROL:0.47319211051234894
C_DEVELOPPIECES:0.4598242959361543
C_MATERIAL:0.6048146500159118
C_MOVECOUNT:0.5
