ELO:1013
CE_PASSEDPAWNS:0.5
CE_PAWNWEAKNESSES:0.5023839635517844
CE_PIECEACTIVITY:0.5139052877971033
CE_KINGPAWNSHIELD:0.5125854288552533
CE_PIECECOORDINATION:0.5
CE_MATERIAL:0.5123307559510795
CE_KINGSAFETY:0.4912067562587524
C_PIECESQUARETABLES:0.5
C_MOBILITY:0.4827005367333844
C_KINGSAFETY:0.49299741512001133
C_PAWNSTRUCTURE:0.5121773350479835
C_PIECECOORDINATION:0.4820004543418327
C_ROOKANDPAWNMOVEMENT:0.4820004543418327
C_CENTERCONTROL:0.49273409970374293
C_DEVELOPPIECES:0.5190189186588297
C_MATERIAL:0.4953988096399195
C_MOVECOUNT:0.5
