ELO:983
CE_PASSEDPAWNS:0.5
CE_PAWNWEAKNESSES:0.507200827146412
CE_PIECEACTIVITY:0.5034562598938414
CE_KINGPAWNSHIELD:0.5060250170023843
CE_PIECECOORDINATION:0.5169601348857474
CE_MATERIAL:0.5173472210657163
CE_KINGSAFETY:0.49423566010051284
C_PIECESQUARETABLES:0.5459924989846467
C_MOBILITY:0.5118822344397745
C_KINGSAFETY:0.4793187875714395
C_PAWNSTRUCTURE:0.5071096625771436
C_PIECECOORDINATION:0.5
C_ROOKANDPAWNMOVEMENT:0.5
C_CENTERCONTROL:0.5
C_DEVELOPPIECES:0.4908484326767002
C_MATERIAL:0.5097665363938618
C_MOVECOUNT:0.5
