ELO:972
CE_PASSEDPAWNS:0.45960319624910356
CE_PAWNWEAKNESSES:0.4991402321344125
CE_PIECEACTIVITY:0.4784191586469119
CE_KINGPAWNSHIELD:0.48848041980480134
CE_PIECECOORDINATION:0.47684339440846185
CE_MATERIAL:0.45230461763179836
CE_KINGSAFETY:0.5
C_PIECESQUARETABLES:0.49277238979334353
C_MOBILITY:0.4812521784856067
C_KINGSAFETY:0.49947710032607134
C_PAWNSTRUCTURE:0.5826133365090674
C_PIECECOORDINATION:0.48010814601006324
C_ROOK:0.5188492623977309
CE_ROOK:0.5436412463032948
C_CENTERCONTROL:0.49085155804077385
C_DEVELOPPIECES:0.4830610559719044
C_MATERIAL:0.508664708988443
C_MOVECOUNT:0.5152242275341865
C_PAWNMOVEMENT:0.4704130109644882
