ELO:789
CE_PASSEDPAWNS:0.5733879125922394
CE_PAWNWEAKNESSES:0.47176372537592737
CE_PIECEACTIVITY:0.49647231973004385
CE_KINGPAWNSHIELD:0.43357592567450526
CE_PIECECOORDINATION:0.37268046828129
CE_MATERIAL:0.33444288955706625
CE_KINGSAFETY:0.509192720847828
C_PIECESQUARETABLES:0.4554531135099617
C_MOBILITY:0.4792279571373351
C_KINGSAFETY:0.6542194481851078
C_PAWNSTRUCTURE:0.41043668949982415
C_PIECECOORDINATION:0.38766691871977177
C_ROOKANDPAWNMOVEMENT:0.38766691871977177
C_CENTERCONTROL:0.5348714145164354
C_DEVELOPPIECES:0.5630200807160192
C_MATERIAL:0.5392190654287463
