ELO:1000
CE_PASSEDPAWNS:0.49353882949018435
CE_PAWNWEAKNESSES:0.4348448930613359
CE_PIECEACTIVITY:0.38263412635880545
CE_KINGPAWNSHIELD:0.5311959359915389
CE_PIECECOORDINATION:0.44901860617314265
CE_MATERIAL:0.60329245497527
CE_KINGSAFETY:0.5113270396700277
C_PIECESQUARETABLES:0.4976619013426981
C_MOBILITY:0.5396202431355505
C_KINGSAFETY:0.5005209788187446
C_PAWNSTRUCTURE:0.5647186634367058
C_PIECECOORDINATION:0.5083264606136623
C_ROOKANDPAWNMOVEMENT:0.5083264606136623
C_CENTERCONTROL:0.46951719495093064
C_DEVELOPPIECES:0.5409465846861026
C_MATERIAL:0.5196294798615878
