ELO:895
CE_PASSEDPAWNS:0.41659824192179656
CE_PAWNWEAKNESSES:0.597883804589476
CE_PIECEACTIVITY:0.5665586172618351
CE_KINGPAWNSHIELD:0.5684303274947252
CE_PIECECOORDINATION:0.37095578113281863
CE_MATERIAL:0.4816900462845371
CE_KINGSAFETY:0.4886146516309852
C_PIECESQUARETABLES:0.4718511276729354
C_MOBILITY:0.42823202385247483
C_KINGSAFETY:0.3988333714784459
C_PAWNSTRUCTURE:0.35122797200004413
C_PIECECOORDINATION:0.5987201809582899
C_ROOKANDPAWNMOVEMENT:0.5987201809582899
C_CENTERCONTROL:0.6178905901666181
C_DEVELOPPIECES:0.5700719967752425
C_MATERIAL:0.500639784029987
