ELO:978
CE_PASSEDPAWNS:0.5400354084023881
CE_PAWNWEAKNESSES:0.5173926346810128
CE_PIECEACTIVITY:0.47499182181707456
CE_KINGPAWNSHIELD:0.5193373027006276
CE_PIECECOORDINATION:0.5068089987403583
CE_MATERIAL:0.5174459879681497
CE_KINGSAFETY:0.5
C_PIECESQUARETABLES:0.5
C_MOBILITY:0.5044398572706221
C_KINGSAFETY:0.4964744117804403
C_PAWNSTRUCTURE:0.5051633508204377
C_PIECECOORDINATION:0.48149893100913777
C_ROOK:0.4981709711823545
CE_ROOK:0.47322516004763343
C_CENTERCONTROL:0.47088435232152626
C_DEVELOPPIECES:0.5062533262980549
C_MATERIAL:0.4551780578880434
C_MOVECOUNT:0.5012008929338544
C_PAWNMOVEMENT:0.5350473590518101
