ELO:1002
CE_PASSEDPAWNS:0.5151999972765251
CE_PAWNWEAKNESSES:0.4490389138433556
CE_PIECEACTIVITY:0.5
CE_KINGPAWNSHIELD:0.5
CE_PIECECOORDINATION:0.4714727288196666
CE_MATERIAL:0.5039126338041164
CE_KINGSAFETY:0.49322154660168066
C_PIECESQUARETABLES:0.5
C_MOBILITY:0.5
C_KINGSAFETY:0.5037828541955374
C_PAWNSTRUCTURE:0.5
C_PIECECOORDINATION:0.5
C_ROOKANDPAWNMOVEMENT:0.5
C_CENTERCONTROL:0.4932097431902117
C_DEVELOPPIECES:0.5
C_MATERIAL:0.5
C_MOVECOUNT:0.5
