ELO:999
CE_PASSEDPAWNS:0.5055496915538172
CE_PAWNWEAKNESSES:0.43547206782518466
CE_PIECEACTIVITY:0.39272513942657594
CE_KINGPAWNSHIELD:0.5418667872353073
CE_PIECECOORDINATION:0.46748335306653577
CE_MATERIAL:0.5137950937999581
CE_KINGSAFETY:0.49785097419347635
C_PIECESQUARETABLES:0.5170413229441306
C_MOBILITY:0.4559208079336801
C_KINGSAFETY:0.47606892739458245
C_PAWNSTRUCTURE:0.548460264381755
C_PIECECOORDINATION:0.5374470819768958
C_ROOKANDPAWNMOVEMENT:0.5374470819768958
C_CENTERCONTROL:0.4621028241387973
C_DEVELOPPIECES:0.562536696148645
C_MATERIAL:0.4409059668016799
