ELO:919
CE_PASSEDPAWNS:0.5066646411455717
CE_PAWNWEAKNESSES:0.46430942275008885
CE_PIECEACTIVITY:0.515596231073984
CE_KINGPAWNSHIELD:0.47256372867080176
CE_PIECECOORDINATION:0.48201780933219585
CE_MATERIAL:0.5028252847710144
CE_KINGSAFETY:0.48917366233752874
C_PIECESQUARETABLES:0.48123741457290636
C_MOBILITY:0.4936009253746167
C_KINGSAFETY:0.5008416713266785
C_PAWNSTRUCTURE:0.5205441051025792
C_PIECECOORDINATION:0.5195778796755246
C_ROOKANDPAWNMOVEMENT:0.5195778796755246
C_CENTERCONTROL:0.512916552158239
C_DEVELOPPIECES:0.4679198974756322
C_MATERIAL:0.531470410969778
C_MOVECOUNT:0.5
