ELO:1000
CE_PASSEDPAWNS:0.4209677494985828
CE_PAWNWEAKNESSES:0.5485861175859269
CE_PIECEACTIVITY:0.5197791645319579
CE_KINGPAWNSHIELD:0.5277020979074363
CE_PIECECOORDINATION:0.4769799976413471
CE_MATERIAL:0.45865742614722327
CE_KINGSAFETY:0.5099464626972953
C_PIECESQUARETABLES:0.5120864044093644
C_MOBILITY:0.44687459877521524
C_KINGSAFETY:0.4736145916445545
C_PAWNSTRUCTURE:0.39288070708602507
C_PIECECOORDINATION:0.5221279973590667
C_ROOKANDPAWNMOVEMENT:0.5221279973590667
C_CENTERCONTROL:0.5622301599844612
C_DEVELOPPIECES:0.5430800091598212
C_MATERIAL:0.48228410940028876
