ELO:953
CE_PASSEDPAWNS:0.49697548519189444
CE_PAWNWEAKNESSES:0.5060937984556605
CE_PIECEACTIVITY:0.48406093516166027
CE_KINGPAWNSHIELD:0.4796823904778981
CE_PIECECOORDINATION:0.4993432458005903
CE_MATERIAL:0.558914626652913
CE_KINGSAFETY:0.4913898468921355
C_PIECESQUARETABLES:0.49744592302616825
C_MOBILITY:0.5297970498781562
C_KINGSAFETY:0.4767874427863246
C_PAWNSTRUCTURE:0.49257520073733696
C_PIECECOORDINATION:0.4892523496684638
C_ROOKANDPAWNMOVEMENT:0.4892523496684638
C_CENTERCONTROL:0.504672676219032
C_DEVELOPPIECES:0.48350112949148577
C_MATERIAL:0.49729778467523567
C_MOVECOUNT:0.5167517067282353
