ELO:868
CE_PASSEDPAWNS:0.5118885037276169
CE_PAWNWEAKNESSES:0.4622058464645868
CE_PIECEACTIVITY:0.5422002272887749
CE_KINGPAWNSHIELD:0.4441017128144029
CE_PIECECOORDINATION:0.5047922197415046
CE_MATERIAL:0.5971328992877968
CE_KINGSAFETY:0.5
C_PIECESQUARETABLES:0.5
C_MOBILITY:0.492397308438456
C_KINGSAFETY:0.5271658598699666
C_PAWNSTRUCTURE:0.4376633778370452
C_PIECECOORDINATION:0.4125448682469402
C_ROOKANDPAWNMOVEMENT:0.4125448682469402
C_CENTERCONTROL:0.5485297869259663
C_DEVELOPPIECES:0.5415559659513193
C_MATERIAL:0.5213417587223238
C_MOVECOUNT:0.5
