ELO:1105
CE_PASSEDPAWNS:0.4510895441939712
CE_PAWNWEAKNESSES:0.44438056318252106
CE_PIECEACTIVITY:0.48013743344619403
CE_KINGPAWNSHIELD:0.42093516959239935
CE_PIECECOORDINATION:0.4740445867024571
CE_MATERIAL:0.45010939930116606
CE_KINGSAFETY:0.510320795792118
C_PIECESQUARETABLES:0.49928565049772183
C_MOBILITY:0.4248722025850633
C_KINGSAFETY:0.6374809102290377
C_PAWNSTRUCTURE:0.4356826488342894
C_PIECECOORDINATION:0.4886580873218714
C_ROOKANDPAWNMOVEMENT:0.4886580873218714
C_CENTERCONTROL:0.50077601494429
C_DEVELOPPIECES:0.5485873690548386
C_MATERIAL:0.38240216131367455
