ELO:999
CE_PASSEDPAWNS:0.5235042454627713
CE_PAWNWEAKNESSES:0.49651427365251866
CE_PIECEACTIVITY:0.5117563157287216
CE_KINGPAWNSHIELD:0.4991374983809731
CE_PIECECOORDINATION:0.4986179385446264
CE_MATERIAL:0.511033591718466
CE_KINGSAFETY:0.5132419039363775
C_PIECESQUARETABLES:0.5093577246026756
C_MOBILITY:0.5
C_KINGSAFETY:0.48872837033597877
C_PAWNSTRUCTURE:0.5029685766763521
C_PIECECOORDINATION:0.5005787445055574
C_ROOKANDPAWNMOVEMENT:0.5005787445055574
C_CENTERCONTROL:0.4877942177808272
C_DEVELOPPIECES:0.49238863521294185
C_MATERIAL:0.5
