ELO:977
CE_PASSEDPAWNS:0.4920775353725888
CE_PAWNWEAKNESSES:0.4247657382561894
CE_PIECEACTIVITY:0.39296628423670354
CE_KINGPAWNSHIELD:0.5277976767796216
CE_PIECECOORDINATION:0.46570358800365164
CE_MATERIAL:0.49121001842097733
CE_KINGSAFETY:0.5140291603294481
C_PIECESQUARETABLES:0.513872701324015
C_MOBILITY:0.4483273210018117
C_KINGSAFETY:0.48466420713638625
C_PAWNSTRUCTURE:0.5228330328196408
C_PIECECOORDINATION:0.533025554012038
C_ROOKANDPAWNMOVEMENT:0.533025554012038
C_CENTERCONTROL:0.44442860242358045
C_DEVELOPPIECES:0.5740711468039948
C_MATERIAL:0.44473796372586843
