ELO:990
CE_PASSEDPAWNS:0.38844009442504884
CE_PAWNWEAKNESSES:0.44426718186823605
CE_PIECEACTIVITY:0.5045444853849067
CE_KINGPAWNSHIELD:0.4969112771905379
CE_PIECECOORDINATION:0.6070332277614432
CE_MATERIAL:0.41237886705497595
CE_KINGSAFETY:0.5077826087351812
C_PIECESQUARETABLES:0.49973594614233624
C_MOBILITY:0.6122931412399757
C_KINGSAFETY:0.5712382300104915
C_PAWNSTRUCTURE:0.62436365227218
C_PIECECOORDINATION:0.6135308168497035
C_ROOKANDPAWNMOVEMENT:0.6135308168497035
C_CENTERCONTROL:0.3791738811592719
C_DEVELOPPIECES:0.5528173797779841
C_MATERIAL:0.5866536899795093
