ELO:908
CE_PASSEDPAWNS:0.40797118161935003
CE_PAWNWEAKNESSES:0.5959111561213875
CE_PIECEACTIVITY:0.556449614373787
CE_KINGPAWNSHIELD:0.5549359990235879
CE_PIECECOORDINATION:0.3561452806207858
CE_MATERIAL:0.4498227819268327
CE_KINGSAFETY:0.48236627081752503
C_PIECESQUARETABLES:0.47633837552894526
C_MOBILITY:0.4293706608362091
C_KINGSAFETY:0.41523083255396714
C_PAWNSTRUCTURE:0.3383803275934077
C_PIECECOORDINATION:0.6081760761877185
C_ROOKANDPAWNMOVEMENT:0.6081760761877185
C_CENTERCONTROL:0.6221785385034846
C_DEVELOPPIECES:0.603022295840276
C_MATERIAL:0.4981598121864026
