ELO:970
CE_PASSEDPAWNS:0.5275730148875635
CE_PAWNWEAKNESSES:0.497752310665656
CE_PIECEACTIVITY:0.4902701811496231
CE_KINGPAWNSHIELD:0.4938597798066457
CE_PIECECOORDINATION:0.49694953867082864
CE_MATERIAL:0.49425815884664553
CE_KINGSAFETY:0.48799322534092904
C_PIECESQUARETABLES:0.4975421517176464
C_MOBILITY:0.4936406178692238
C_KINGSAFETY:0.5024495182918922
C_PAWNSTRUCTURE:0.5118209569511974
C_PIECECOORDINATION:0.4979010410635821
C_ROOKANDPAWNMOVEMENT:0.4979010410635821
C_CENTERCONTROL:0.5
C_DEVELOPPIECES:0.4938971917865744
C_MATERIAL:0.502715120235604
C_MOVECOUNT:0.513467224495647
