ELO:995
CE_PASSEDPAWNS:0.4983089524819313
CE_PAWNWEAKNESSES:0.49244016109736527
CE_PIECEACTIVITY:0.5
CE_KINGPAWNSHIELD:0.5
CE_PIECECOORDINATION:0.5075870801072071
CE_MATERIAL:0.5
CE_KINGSAFETY:0.4918067614795497
C_PIECESQUARETABLES:0.4885666905285033
C_MOBILITY:0.5005633187081395
C_KINGSAFETY:0.5
C_PAWNSTRUCTURE:0.5
C_PIECECOORDINATION:0.49692316022608657
C_ROOKANDPAWNMOVEMENT:0.49692316022608657
C_CENTERCONTROL:0.5171215907620418
C_DEVELOPPIECES:0.5056509904776134
C_MATERIAL:0.4952708260278718
C_MOVECOUNT:0.5
