ELO:1025
CE_PASSEDPAWNS:0.5015529924037738
CE_PAWNWEAKNESSES:0.4919877397827842
CE_PIECEACTIVITY:0.5080457279996615
CE_KINGPAWNSHIELD:0.49822710391222114
CE_PIECECOORDINATION:0.5
CE_MATERIAL:0.5097472454458499
CE_KINGSAFETY:0.5102717278501088
C_PIECESQUARETABLES:0.5040217916100167
C_MOBILITY:0.5
C_KINGSAFETY:0.4909813083683364
C_PAWNSTRUCTURE:0.4848243635039568
C_PIECECOORDINATION:0.5032936953467456
C_ROOKANDPAWNMOVEMENT:0.5032936953467456
C_CENTERCONTROL:0.4853109545574932
C_DEVELOPPIECES:0.49381915491811873
C_MATERIAL:0.5
