ELO:889
CE_PASSEDPAWNS:0.5021920082765379
CE_PAWNWEAKNESSES:0.5104969157385119
CE_PIECEACTIVITY:0.4608604789996955
CE_KINGPAWNSHIELD:0.5053284875201697
CE_PIECECOORDINATION:0.5053640450854396
CE_MATERIAL:0.45684789837172923
CE_KINGSAFETY:0.5022746351330295
C_PIECESQUARETABLES:0.445591457008988
C_MOBILITY:0.4537356958864662
C_KINGSAFETY:0.46410790819746617
C_PAWNSTRUCTURE:0.4814021733130787
C_PIECECOORDINATION:0.45901563877387436
C_ROOKANDPAWNMOVEMENT:0.45901563877387436
C_CENTERCONTROL:0.48511979471001476
C_DEVELOPPIECES:0.4342206198765955
C_MATERIAL:0.423447141966105
C_MOVECOUNT:0.4420043619139991
