ELO:856
CE_PASSEDPAWNS:0.5127781792840187
CE_PAWNWEAKNESSES:0.4932593094396343
CE_PIECEACTIVITY:0.4644247195382031
CE_KINGPAWNSHIELD:0.474908107251292
CE_PIECECOORDINATION:0.5021588125582092
CE_MATERIAL:0.46070599346494806
CE_KINGSAFETY:0.49802264213802533
C_PIECESQUARETABLES:0.46124536375609954
C_MOBILITY:0.4584845467352811
C_KINGSAFETY:0.4731138203598665
C_PAWNSTRUCTURE:0.47153699065130733
C_PIECECOORDINATION:0.45608855905060036
C_ROOKANDPAWNMOVEMENT:0.45608855905060036
C_CENTERCONTROL:0.4843719518781226
C_DEVELOPPIECES:0.4366144560622337
C_MATERIAL:0.44225870099368597
C_MOVECOUNT:0.4389870430139105
