ELO:947
CE_PASSEDPAWNS:0.4620508915327457
CE_PAWNWEAKNESSES:0.4970731925965434
CE_PIECEACTIVITY:0.48880505995634643
CE_KINGPAWNSHIELD:0.510649478500477
CE_PIECECOORDINATION:0.49296476343987755
CE_MATERIAL:0.46472643001191494
CE_KINGSAFETY:0.5181298138796443
C_PIECESQUARETABLES:0.4748510728971471
C_MOBILITY:0.49674559273316327
C_KINGSAFETY:0.5381117124826895
C_PAWNSTRUCTURE:0.4316458723598162
C_PIECECOORDINATION:0.5071558621288341
C_ROOKANDPAWNMOVEMENT:0.5071558621288341
C_CENTERCONTROL:0.4908162968410614
C_DEVELOPPIECES:0.4498003451029689
C_MATERIAL:0.5239787646518584
C_MOVECOUNT:0.5004018673254481
