ELO:954
CE_PASSEDPAWNS:0.5048310318944872
CE_PAWNWEAKNESSES:0.4106325711083067
CE_PIECEACTIVITY:0.38699654078916174
CE_KINGPAWNSHIELD:0.5305087508319447
CE_PIECECOORDINATION:0.5027701283243621
CE_MATERIAL:0.4756482738606098
CE_KINGSAFETY:0.5189988760891985
C_PIECESQUARETABLES:0.48165908854647055
C_MOBILITY:0.47403272678665354
C_KINGSAFETY:0.47607913738221974
C_PAWNSTRUCTURE:0.5056760729583432
C_PIECECOORDINATION:0.5904532899791637
C_ROOKANDPAWNMOVEMENT:0.5904532899791637
C_CENTERCONTROL:0.44374446240226945
C_DEVELOPPIECES:0.6035801456911782
C_MATERIAL:0.45815320727797487
