ELO:1010
CE_PASSEDPAWNS:0.506354378333576
CE_PAWNWEAKNESSES:0.5
CE_PIECEACTIVITY:0.5
CE_KINGPAWNSHIELD:0.5
CE_PIECECOORDINATION:0.5
CE_MATERIAL:0.5
CE_KINGSAFETY:0.5
C_PIECESQUARETABLES:0.5
C_MOBILITY:0.5212370749359228
C_KINGSAFETY:0.49123027953406934
C_PAWNSTRUCTURE:0.5134667826990212
C_PIECECOORDINATION:0.4887408563212045
C_ROOKANDPAWNMOVEMENT:0.4887408563212045
C_CENTERCONTROL:0.5
C_DEVELOPPIECES:0.4923485574974515
C_MATERIAL:0.5
