ELO:942
CE_PASSEDPAWNS:0.499591694073603
CE_PAWNWEAKNESSES:0.39126075850460257
CE_PIECEACTIVITY:0.43130670654801595
CE_KINGPAWNSHIELD:0.5497286636985897
CE_PIECECOORDINATION:0.5041056491123664
CE_MATERIAL:0.4763652833516616
CE_KINGSAFETY:0.49761400856045146
C_PIECESQUARETABLES:0.5167158178832967
C_MOBILITY:0.46487502149660453
C_KINGSAFETY:0.47471091120546005
C_PAWNSTRUCTURE:0.49987228032383235
C_PIECECOORDINATION:0.5739454678207371
C_ROOKANDPAWNMOVEMENT:0.5739454678207371
C_CENTERCONTROL:0.42127885588698105
C_DEVELOPPIECES:0.618569989567484
C_MATERIAL:0.4450990099465035
