ELO:921
CE_PASSEDPAWNS:0.48417792851829544
CE_PAWNWEAKNESSES:0.5036675538128339
CE_PIECEACTIVITY:0.48406093516166027
CE_KINGPAWNSHIELD:0.4796823904778981
CE_PIECECOORDINATION:0.5106683065678962
CE_MATERIAL:0.558474766591989
CE_KINGSAFETY:0.4931775914413787
C_PIECESQUARETABLES:0.49744592302616825
C_MOBILITY:0.5336783834118591
C_KINGSAFETY:0.47391124926007955
C_PAWNSTRUCTURE:0.4866601341839977
C_PIECECOORDINATION:0.4892523496684638
C_ROOKANDPAWNMOVEMENT:0.4892523496684638
C_CENTERCONTROL:0.504672676219032
C_DEVELOPPIECES:0.48350112949148577
C_MATERIAL:0.4902912676943423
C_MOVECOUNT:0.5380663802967013
