ELO:749
CE_PASSEDPAWNS:0.5420543072088283
CE_PAWNWEAKNESSES:0.5218036768025155
CE_PIECEACTIVITY:0.4370015875819548
CE_KINGPAWNSHIELD:0.5043198922149319
CE_PIECECOORDINATION:0.5906437059699507
CE_MATERIAL:0.3638875337502464
CE_KINGSAFETY:0.5
C_PIECESQUARETABLES:0.5130626903723642
C_MOBILITY:0.5089327810699302
C_KINGSAFETY:0.57655411069805
C_PAWNSTRUCTURE:0.5463122403958018
C_PIECECOORDINATION:0.43627860421028347
C_ROOKANDPAWNMOVEMENT:0.43627860421028347
C_CENTERCONTROL:0.4714577921237994
C_DEVELOPPIECES:0.6067434180208452
C_MATERIAL:0.5478629152267301
C_MOVECOUNT:0.518005300039105
