ELO:960
CE_PASSEDPAWNS:0.5126056826543887
CE_PAWNWEAKNESSES:0.5127279066256871
CE_PIECEACTIVITY:0.5307717674716708
CE_KINGPAWNSHIELD:0.517071154690344
CE_PIECECOORDINATION:0.46537560370877573
CE_MATERIAL:0.48076359208509006
CE_KINGSAFETY:0.5231359698970399
C_PIECESQUARETABLES:0.49202037736021453
C_MOBILITY:0.5253010193343299
C_KINGSAFETY:0.48329405745879755
C_PAWNSTRUCTURE:0.50923745458338
C_PIECECOORDINATION:0.5318775157381457
C_ROOKANDPAWNMOVEMENT:0.5318775157381457
C_CENTERCONTROL:0.48174113502494414
C_DEVELOPPIECES:0.48259273556972226
C_MATERIAL:0.49054229030245994
C_MOVECOUNT:0.5
