ELO:999
CE_PASSEDPAWNS:0.4952620476458652
CE_PAWNWEAKNESSES:0.5162704979647513
CE_PIECEACTIVITY:0.3953361395067713
CE_KINGPAWNSHIELD:0.5512017597378213
CE_PIECECOORDINATION:0.4619465357281202
CE_MATERIAL:0.5150207145357002
CE_KINGSAFETY:0.5031400062267858
C_PIECESQUARETABLES:0.5285239841396578
C_MOBILITY:0.48577824918377405
C_KINGSAFETY:0.4907608326934233
C_PAWNSTRUCTURE:0.5066577024476894
C_PIECECOORDINATION:0.5172294453941936
C_ROOKANDPAWNMOVEMENT:0.5172294453941936
C_CENTERCONTROL:0.5600575065712124
C_DEVELOPPIECES:0.3888597582894517
C_MATERIAL:0.4802514238284785
