ELO:985
CE_PASSEDPAWNS:0.4873220638179004
CE_PAWNWEAKNESSES:0.5124544284833387
CE_PIECEACTIVITY:0.4058311990979124
CE_KINGPAWNSHIELD:0.5489899411613404
CE_PIECECOORDINATION:0.44657118507373667
CE_MATERIAL:0.5146486305283521
CE_KINGSAFETY:0.5085638491379204
C_PIECESQUARETABLES:0.498388896746655
C_MOBILITY:0.4724455335188357
C_KINGSAFETY:0.5063528448637742
C_PAWNSTRUCTURE:0.5046948014650551
C_PIECECOORDINATION:0.5306304501437679
C_ROOKANDPAWNMOVEMENT:0.5306304501437679
C_CENTERCONTROL:0.5586955196559991
C_DEVELOPPIECES:0.3591514974801593
C_MATERIAL:0.47443591987609285
