ELO:964
CE_PASSEDPAWNS:0.5010942769671121
CE_PAWNWEAKNESSES:0.4925340631929102
CE_PIECEACTIVITY:0.4672701092474529
CE_KINGPAWNSHIELD:0.5213528801609912
CE_PIECECOORDINATION:0.5018149698999707
CE_MATERIAL:0.49065963444849925
CE_KINGSAFETY:0.4966719057532746
C_PIECESQUARETABLES:0.5
C_MOBILITY:0.5063729439713178
C_KINGSAFETY:0.494394268284239
C_PAWNSTRUCTURE:0.48736222643239857
C_PIECECOORDINATION:0.5
C_ROOKANDPAWNMOVEMENT:0.5
C_CENTERCONTROL:0.49606676894945295
C_DEVELOPPIECES:0.5076791843826205
C_MATERIAL:0.5221952431274877
C_MOVECOUNT:0.4861077835279987
