ELO:1029
CE_PASSEDPAWNS:0.5258642638822185
CE_PAWNWEAKNESSES:0.5179220595817046
CE_PIECEACTIVITY:0.5
CE_KINGPAWNSHIELD:0.5
CE_PIECECOORDINATION:0.504610624580504
CE_MATERIAL:0.5123139695620921
CE_KINGSAFETY:0.49719453177730455
C_PIECESQUARETABLES:0.48574383721288916
C_MOBILITY:0.5
C_KINGSAFETY:0.5070393354055193
C_PAWNSTRUCTURE:0.4740289787131899
C_PIECECOORDINATION:0.5056694772097017
C_ROOKANDPAWNMOVEMENT:0.5056694772097017
C_CENTERCONTROL:0.49565715665234256
C_DEVELOPPIECES:0.4977676082244511
C_MATERIAL:0.5410015624444867
