ELO:1012
CE_PASSEDPAWNS:0.5
CE_PAWNWEAKNESSES:0.5029992905808192
CE_PIECEACTIVITY:0.4961527471800393
CE_KINGPAWNSHIELD:0.5080987184059597
CE_PIECECOORDINATION:0.4967721459606035
CE_MATERIAL:0.4922840215466089
CE_KINGSAFETY:0.5135026438645415
C_PIECESQUARETABLES:0.5029976335706655
C_MOBILITY:0.5
C_KINGSAFETY:0.4884621991054287
C_PAWNSTRUCTURE:0.5029992623266945
C_PIECECOORDINATION:0.5369994920121435
C_ROOKANDPAWNMOVEMENT:0.5369994920121435
C_CENTERCONTROL:0.5
C_DEVELOPPIECES:0.4954219233337954
C_MATERIAL:0.5012329552298053
C_MOVECOUNT:0.49470832610434934
