ELO:784
CE_PASSEDPAWNS:0.421809906470902
CE_PAWNWEAKNESSES:0.5362632850044698
CE_PIECEACTIVITY:0.44255991889116264
CE_KINGPAWNSHIELD:0.5103626145281498
CE_PIECECOORDINATION:0.5881675935375544
CE_MATERIAL:0.35831591110230987
CE_KINGSAFETY:0.5
C_PIECESQUARETABLES:0.5013732281106382
C_MOBILITY:0.4895658691435856
C_KINGSAFETY:0.5769826369532126
C_PAWNSTRUCTURE:0.5349351360361079
C_PIECECOORDINATION:0.562337155815503
C_ROOKANDPAWNMOVEMENT:0.562337155815503
C_CENTERCONTROL:0.492816952119053
C_DEVELOPPIECES:0.4263895004074994
C_MATERIAL:0.5166392196284809
C_MOVECOUNT:0.519929408472334
