ELO:1000
CE_PASSEDPAWNS:0.5072280862404083
CE_PAWNWEAKNESSES:0.4928161266958995
CE_PIECEACTIVITY:0.5027858902688301
CE_KINGPAWNSHIELD:0.5258954125852591
CE_PIECECOORDINATION:0.509127640310339
CE_MATERIAL:0.4994844722259769
CE_KINGSAFETY:0.4939348606007315
C_PIECESQUARETABLES:0.49819730246317573
C_MOBILITY:0.518387740186123
C_KINGSAFETY:0.5009464366598428
C_PAWNSTRUCTURE:0.4977972700527834
C_PIECECOORDINATION:0.4905966413327491
C_ROOKANDPAWNMOVEMENT:0.4905966413327491
C_CENTERCONTROL:0.5444037152839091
C_DEVELOPPIECES:0.493042602484421
C_MATERIAL:0.4928069061440517
