ELO:1000
CE_PASSEDPAWNS:0.4897090609013247
CE_PAWNWEAKNESSES:0.5309845414454851
CE_PIECEACTIVITY:0.4179447489776004
CE_KINGPAWNSHIELD:0.5646304826958217
CE_PIECECOORDINATION:0.47719214696296475
CE_MATERIAL:0.508695664005585
CE_KINGSAFETY:0.4852715345406271
C_PIECESQUARETABLES:0.5013228515257058
C_MOBILITY:0.467701124370812
C_KINGSAFETY:0.5005774868233077
C_PAWNSTRUCTURE:0.48594506443987956
C_PIECECOORDINATION:0.5277376808263984
C_ROOKANDPAWNMOVEMENT:0.5277376808263984
C_CENTERCONTROL:0.5679007055307584
C_DEVELOPPIECES:0.3909875724737545
C_MATERIAL:0.49453381232114735
