ELO:988
CE_PASSEDPAWNS:0.49213539132538237
CE_PAWNWEAKNESSES:0.5
CE_PIECEACTIVITY:0.49571443895363243
CE_KINGPAWNSHIELD:0.5
CE_PIECECOORDINATION:0.4977140307601579
CE_MATERIAL:0.5
CE_KINGSAFETY:0.5
C_PIECESQUARETABLES:0.503831617928162
C_MOBILITY:0.5
C_KINGSAFETY:0.5
C_PAWNSTRUCTURE:0.5
C_PIECECOORDINATION:0.5
C_ROOKANDPAWNMOVEMENT:0.5
C_CENTERCONTROL:0.5
C_DEVELOPPIECES:0.49110172689484194
C_MATERIAL:0.5
C_MOVECOUNT:0.5
