ELO:1030
CE_PASSEDPAWNS:0.5644230052178705
CE_PAWNWEAKNESSES:0.48825641805680975
CE_PIECEACTIVITY:0.5014385784445301
CE_KINGPAWNSHIELD:0.5265971770559148
CE_PIECECOORDINATION:0.5076165713734303
CE_MATERIAL:0.5107595139240598
CE_KINGSAFETY:0.5071537654741164
C_PIECESQUARETABLES:0.4815397302985772
C_MOBILITY:0.5246694742300047
C_KINGSAFETY:0.4242025550436364
C_PAWNSTRUCTURE:0.4885917226430955
C_PIECECOORDINATION:0.49163695082494796
C_ROOKANDPAWNMOVEMENT:0.49163695082494796
C_CENTERCONTROL:0.42426664176849443
C_DEVELOPPIECES:0.4555073582339206
C_MATERIAL:0.5268567471233444
