ELO:1010
CE_PASSEDPAWNS:0.5019896061856246
CE_PAWNWEAKNESSES:0.5090332483776866
CE_PIECEACTIVITY:0.5
CE_KINGPAWNSHIELD:0.5047496003074887
CE_PIECECOORDINATION:0.5163591147891464
CE_MATERIAL:0.5
CE_KINGSAFETY:0.5
C_PIECESQUARETABLES:0.5
C_MOBILITY:0.5040747965605373
C_KINGSAFETY:0.48753055249926613
C_PAWNSTRUCTURE:0.5105402118447838
C_PIECECOORDINATION:0.5097452558420773
C_ROOKANDPAWNMOVEMENT:0.5097452558420773
C_CENTERCONTROL:0.5
C_DEVELOPPIECES:0.5
C_MATERIAL:0.5
C_MOVECOUNT:0.4927319987614539
