ELO:974
CE_PASSEDPAWNS:0.48583346390861953
CE_PAWNWEAKNESSES:0.491967823508119
CE_PIECEACTIVITY:0.5186292871220168
CE_KINGPAWNSHIELD:0.48068714936860385
CE_PIECECOORDINATION:0.4911321040696931
CE_MATERIAL:0.4707453059091518
CE_KINGSAFETY:0.5
C_PIECESQUARETABLES:0.5074928337240427
C_MOBILITY:0.4926669367491685
C_KINGSAFETY:0.502467332145675
C_PAWNSTRUCTURE:0.5079318235343874
C_PIECECOORDINATION:0.49059143172727104
C_ROOK:0.5027720237430298
CE_ROOK:0.5110983353905368
C_CENTERCONTROL:0.5042188924122887
C_DEVELOPPIECES:0.5071767335347319
C_MATERIAL:0.4972186042898931
C_MOVECOUNT:0.4941167527253237
C_PAWNMOVEMENT:0.48821858577794924
