ELO:794
CE_PASSEDPAWNS:0.5015051022643904
CE_PAWNWEAKNESSES:0.5418895704741471
CE_PIECEACTIVITY:0.5780773000966742
CE_KINGPAWNSHIELD:0.5376113921357784
CE_PIECECOORDINATION:0.5255053576613956
CE_MATERIAL:0.5590171964222531
CE_KINGSAFETY:0.3768430952558617
C_PIECESQUARETABLES:0.4889312815194156
C_MOBILITY:0.4875941400326944
C_KINGSAFETY:0.5112465619651138
C_PAWNSTRUCTURE:0.5779141284381862
C_PIECECOORDINATION:0.5252222100500599
C_ROOKANDPAWNMOVEMENT:0.5252222100500599
C_CENTERCONTROL:0.5606493154846294
C_DEVELOPPIECES:0.4789551268602019
C_MATERIAL:0.485683155339774
C_MOVECOUNT:0.49294914442055543
