ELO:990
CE_PASSEDPAWNS:0.3979105146399667
CE_PAWNWEAKNESSES:0.4449176979510626
CE_PIECEACTIVITY:0.5009997581569493
CE_KINGPAWNSHIELD:0.49122779823622953
CE_PIECECOORDINATION:0.6196343309293878
CE_MATERIAL:0.474647451981425
CE_KINGSAFETY:0.5
C_PIECESQUARETABLES:0.5121251984840822
C_MOBILITY:0.6012375065314792
C_KINGSAFETY:0.5770116005815923
C_PAWNSTRUCTURE:0.6262063664517138
C_PIECECOORDINATION:0.6135308168497035
C_ROOKANDPAWNMOVEMENT:0.6135308168497035
C_CENTERCONTROL:0.3791738811592719
C_DEVELOPPIECES:0.5528173797779841
C_MATERIAL:0.5950361735146176
