ELO:848
CE_PASSEDPAWNS:0.44523477033168485
CE_PAWNWEAKNESSES:0.522668561349518
CE_PIECEACTIVITY:0.5761794701036256
CE_KINGPAWNSHIELD:0.5588571942619944
CE_PIECECOORDINATION:0.5176324139915934
CE_MATERIAL:0.48147764608204474
CE_KINGSAFETY:0.4492281017098538
C_PIECESQUARETABLES:0.4990530117457298
C_MOBILITY:0.47713518252697484
C_KINGSAFETY:0.5319671669891224
C_PAWNSTRUCTURE:0.5937050784751507
C_PIECECOORDINATION:0.5380430293955082
C_ROOKANDPAWNMOVEMENT:0.5380430293955082
C_CENTERCONTROL:0.48169581920542137
C_DEVELOPPIECES:0.4955122581699587
C_MATERIAL:0.5168723113509888
C_MOVECOUNT:0.4925949866408066
