ELO:804
CE_PASSEDPAWNS:0.44572355752145243
CE_PAWNWEAKNESSES:0.522668561349518
CE_PIECEACTIVITY:0.6194971782452466
CE_KINGPAWNSHIELD:0.558093647451892
CE_PIECECOORDINATION:0.5386064654234766
CE_MATERIAL:0.5071321003050951
CE_KINGSAFETY:0.42819706088956716
C_PIECESQUARETABLES:0.4931744354907542
C_MOBILITY:0.4787875777929873
C_KINGSAFETY:0.5572172903242344
C_PAWNSTRUCTURE:0.5851582467041782
C_PIECECOORDINATION:0.5135500445219537
C_ROOKANDPAWNMOVEMENT:0.5135500445219537
C_CENTERCONTROL:0.4730364399571351
C_DEVELOPPIECES:0.4808950475494377
C_MATERIAL:0.5102996773716397
C_MOVECOUNT:0.47373485610626315
