ELO:1000
CE_PASSEDPAWNS:0.5027515066637477
CE_PAWNWEAKNESSES:0.5253579740386465
CE_PIECEACTIVITY:0.4707038799904801
CE_KINGPAWNSHIELD:0.5206305593883332
CE_PIECECOORDINATION:0.4857764104874473
CE_MATERIAL:0.48251166201029766
CE_KINGSAFETY:0.4932561374711618
C_PIECESQUARETABLES:0.49819730246317573
C_MOBILITY:0.4987516308961513
C_KINGSAFETY:0.48768657772925794
C_PAWNSTRUCTURE:0.49054153177620674
C_PIECECOORDINATION:0.5243572561536232
C_ROOKANDPAWNMOVEMENT:0.5243572561536232
C_CENTERCONTROL:0.5485340670923036
C_DEVELOPPIECES:0.4835274368921636
C_MATERIAL:0.47427271723686487
