ELO:964
CE_PASSEDPAWNS:0.45217675280039243
CE_PAWNWEAKNESSES:0.4990252239497455
CE_PIECEACTIVITY:0.5541376920545386
CE_KINGPAWNSHIELD:0.4897558427599016
CE_PIECECOORDINATION:0.49140001768140545
CE_MATERIAL:0.5218156722835277
CE_KINGSAFETY:0.5
C_PIECESQUARETABLES:0.5
C_MOBILITY:0.47744502069333367
C_KINGSAFETY:0.5144998361857771
C_PAWNSTRUCTURE:0.5341255262494677
C_PIECECOORDINATION:0.4867415349144529
C_ROOK:0.5274084923268505
CE_ROOK:0.5107284963288782
C_CENTERCONTROL:0.5128197433526602
C_DEVELOPPIECES:0.4404221465891642
C_MATERIAL:0.4687945023796496
C_MOVECOUNT:0.4552805195008938
C_PAWNMOVEMENT:0.5317533356784975
