ELO:1169
CE_PASSEDPAWNS:0.4945732073083062
CE_PAWNWEAKNESSES:0.590261458922248
CE_PIECEACTIVITY:0.5785351381383929
CE_KINGPAWNSHIELD:0.4628065437446107
CE_PIECECOORDINATION:0.5243554826500019
CE_MATERIAL:0.48958436284271634
CE_KINGSAFETY:0.5
C_PIECESQUARETABLES:0.5
C_MOBILITY:0.6076327737009805
C_KINGSAFETY:0.43413540679038304
C_PAWNSTRUCTURE:0.5461055495356145
C_PIECECOORDINATION:0.5546562877460437
C_ROOKANDPAWNMOVEMENT:0.5546562877460437
C_CENTERCONTROL:0.5232826369555287
C_DEVELOPPIECES:0.4354212939766876
C_MATERIAL:0.6152375411669072
