ELO:779
CE_PASSEDPAWNS:0.45797696415362454
CE_PAWNWEAKNESSES:0.5422218353975143
CE_PIECEACTIVITY:0.5928876429754112
CE_KINGPAWNSHIELD:0.5674150030373436
CE_PIECECOORDINATION:0.5434457236781858
CE_MATERIAL:0.5063846813569184
CE_KINGSAFETY:0.42747999373508955
C_PIECESQUARETABLES:0.5296266746082845
C_MOBILITY:0.4584831198361949
C_KINGSAFETY:0.4981034579322049
C_PAWNSTRUCTURE:0.5813637750014149
C_PIECECOORDINATION:0.521109348081089
C_ROOKANDPAWNMOVEMENT:0.521109348081089
C_CENTERCONTROL:0.5435441486237514
C_DEVELOPPIECES:0.4592997223922226
C_MATERIAL:0.4860917898577539
C_MOVECOUNT:0.47080945691290715
