ELO:802
CE_PASSEDPAWNS:0.469733407520493
CE_PAWNWEAKNESSES:0.5471958726765193
CE_PIECEACTIVITY:0.5970493785757289
CE_KINGPAWNSHIELD:0.5259321409257041
CE_PIECECOORDINATION:0.5164462980267513
CE_MATERIAL:0.5495027690146974
CE_KINGSAFETY:0.3912657133215122
C_PIECESQUARETABLES:0.4936146342307122
C_MOBILITY:0.46731690823597716
C_KINGSAFETY:0.5174770609102638
C_PAWNSTRUCTURE:0.5715221065716573
C_PIECECOORDINATION:0.5327055075662063
C_ROOKANDPAWNMOVEMENT:0.5327055075662063
C_CENTERCONTROL:0.5361292701805443
C_DEVELOPPIECES:0.5004274853131212
C_MATERIAL:0.48778825159328615
C_MOVECOUNT:0.4889192886914711
