ELO:988
CE_PASSEDPAWNS:0.5169903440228432
CE_PAWNWEAKNESSES:0.5296395053134815
CE_PIECEACTIVITY:0.5030257983810776
CE_KINGPAWNSHIELD:0.39932529228724223
CE_PIECECOORDINATION:0.44709368798588855
CE_MATERIAL:0.5192544634603055
CE_KINGSAFETY:0.5030994310836772
C_PIECESQUARETABLES:0.5
C_MOBILITY:0.6106431556756368
C_KINGSAFETY:0.5594239720260957
C_PAWNSTRUCTURE:0.3261210790775898
C_PIECECOORDINATION:0.6135308168497035
C_ROOKANDPAWNMOVEMENT:0.6135308168497035
C_CENTERCONTROL:0.3976101602692124
C_DEVELOPPIECES:0.47350415335469265
C_MATERIAL:0.6834559356914126
