ELO:1000
CE_PASSEDPAWNS:0.4954485056551358
CE_PAWNWEAKNESSES:0.5
CE_PIECEACTIVITY:0.5013295554473106
CE_KINGPAWNSHIELD:0.5032313890733814
CE_PIECECOORDINATION:0.5
CE_MATERIAL:0.5
CE_KINGSAFETY:0.5
C_PIECESQUARETABLES:0.5
C_MOBILITY:0.5119247057214508
C_KINGSAFETY:0.5
C_PAWNSTRUCTURE:0.5083164839061032
C_PIECECOORDINATION:0.500024669298721
C_ROOKANDPAWNMOVEMENT:0.500024669298721
C_CENTERCONTROL:0.521176253086313
C_DEVELOPPIECES:0.5
C_MATERIAL:0.49473886231674835
