ELO:970
CE_PASSEDPAWNS:0.4431529800916939
CE_PAWNWEAKNESSES:0.4844438930345576
CE_PIECEACTIVITY:0.5541376920545386
CE_KINGPAWNSHIELD:0.4957002187083575
CE_PIECECOORDINATION:0.49140001768140545
CE_MATERIAL:0.5127187208906999
CE_KINGSAFETY:0.496448428601377
C_PIECESQUARETABLES:0.4943160613890628
C_MOBILITY:0.474780550253884
C_KINGSAFETY:0.5220966241694779
C_PAWNSTRUCTURE:0.5161007537458708
C_PIECECOORDINATION:0.4867415349144529
C_ROOK:0.5190300707580002
CE_ROOK:0.5147577916779591
C_CENTERCONTROL:0.5097758345728767
C_DEVELOPPIECES:0.4572260840117175
C_MATERIAL:0.4742271190349084
C_MOVECOUNT:0.4552805195008938
C_PAWNMOVEMENT:0.529539998993749
