ELO:1007
CE_PASSEDPAWNS:0.5
CE_PAWNWEAKNESSES:0.4900177938829809
CE_PIECEACTIVITY:0.509891946592569
CE_KINGPAWNSHIELD:0.49511053821191614
CE_PIECECOORDINATION:0.5108456190957934
CE_MATERIAL:0.5016055182069986
CE_KINGSAFETY:0.5
C_PIECESQUARETABLES:0.5
C_MOBILITY:0.4906074484118369
C_KINGSAFETY:0.5193271419979641
C_PAWNSTRUCTURE:0.5
C_PIECECOORDINATION:0.5369994920121435
C_ROOKANDPAWNMOVEMENT:0.5369994920121435
C_CENTERCONTROL:0.5
C_DEVELOPPIECES:0.4981135071253161
C_MATERIAL:0.5123110240490962
C_MOVECOUNT:0.49617049408750574
