ELO:988
CE_PASSEDPAWNS:0.5080565427657507
CE_PAWNWEAKNESSES:0.5
CE_PIECEACTIVITY:0.5
CE_KINGPAWNSHIELD:0.49373456797957677
CE_PIECECOORDINATION:0.49550309871286924
CE_MATERIAL:0.4898746555301468
CE_KINGSAFETY:0.5
C_PIECESQUARETABLES:0.5009931486569081
C_MOBILITY:0.4889832334831681
C_KINGSAFETY:0.5
C_PAWNSTRUCTURE:0.4983675114443415
C_PIECECOORDINATION:0.5
C_ROOKANDPAWNMOVEMENT:0.5
C_CENTERCONTROL:0.5
C_DEVELOPPIECES:0.5066319214542617
C_MATERIAL:0.5
C_MOVECOUNT:0.5
