ELO:925
CE_PASSEDPAWNS:0.4917221025744112
CE_PAWNWEAKNESSES:0.5271767498849741
CE_PIECEACTIVITY:0.4960693940322835
CE_KINGPAWNSHIELD:0.5179271972834472
CE_PIECECOORDINATION:0.5
CE_MATERIAL:0.5095829166415407
CE_KINGSAFETY:0.5003357372586577
C_PIECESQUARETABLES:0.5370526741944324
C_MOBILITY:0.4985217839566515
C_KINGSAFETY:0.5210565216808404
C_PAWNSTRUCTURE:0.514015635511745
C_PIECECOORDINATION:0.5027553242849652
C_ROOKANDPAWNMOVEMENT:0.5027553242849652
C_CENTERCONTROL:0.4768730445462068
C_DEVELOPPIECES:0.4982656444451017
C_MATERIAL:0.516857671851342
C_MOVECOUNT:0.5
