ELO:1094
CE_PASSEDPAWNS:0.44416489152265604
CE_PAWNWEAKNESSES:0.4476413466186686
CE_PIECEACTIVITY:0.48013743344619403
CE_KINGPAWNSHIELD:0.41476697532588036
CE_PIECECOORDINATION:0.4721297291653872
CE_MATERIAL:0.4403185899051473
CE_KINGSAFETY:0.5
C_PIECESQUARETABLES:0.49931260311011105
C_MOBILITY:0.4248722025850633
C_KINGSAFETY:0.6380745453183941
C_PAWNSTRUCTURE:0.4540869161216668
C_PIECECOORDINATION:0.48798722637552105
C_ROOKANDPAWNMOVEMENT:0.48798722637552105
C_CENTERCONTROL:0.5014188595021803
C_DEVELOPPIECES:0.5649385208946519
C_MATERIAL:0.3847798461631917
