ELO:983
CE_PASSEDPAWNS:0.49799046488348103
CE_PAWNWEAKNESSES:0.5019191599671813
CE_PIECEACTIVITY:0.4887749733493479
CE_KINGPAWNSHIELD:0.4955394469903134
CE_PIECECOORDINATION:0.49550309871286924
CE_MATERIAL:0.49622293902654857
CE_KINGSAFETY:0.5060997865560896
C_PIECESQUARETABLES:0.5109071979210379
C_MOBILITY:0.49742598048538983
C_KINGSAFETY:0.49542233540834224
C_PAWNSTRUCTURE:0.5084185353375984
C_PIECECOORDINATION:0.5002771854253847
C_ROOKANDPAWNMOVEMENT:0.5002771854253847
C_CENTERCONTROL:0.5074736159669246
C_DEVELOPPIECES:0.5066319214542617
C_MATERIAL:0.5009802206009989
C_MOVECOUNT:0.5
