ELO:1104
CE_PASSEDPAWNS:0.5220014652991477
CE_PAWNWEAKNESSES:0.5017511431794623
CE_PIECEACTIVITY:0.4346489838604221
CE_KINGPAWNSHIELD:0.4628065437446107
CE_PIECECOORDINATION:0.5138962178399454
CE_MATERIAL:0.48691058534142634
CE_KINGSAFETY:0.5
C_PIECESQUARETABLES:0.5
C_MOBILITY:0.5815278059008262
C_KINGSAFETY:0.38314749704455164
C_PAWNSTRUCTURE:0.5233585227687203
C_PIECECOORDINATION:0.5546562877460437
C_ROOKANDPAWNMOVEMENT:0.5546562877460437
C_CENTERCONTROL:0.5265679586594536
C_DEVELOPPIECES:0.4354212939766876
C_MATERIAL:0.622840321325036
