ELO:985
CE_PASSEDPAWNS:0.5314934479775958
CE_PAWNWEAKNESSES:0.4802633827277826
CE_PIECEACTIVITY:0.49777559476339217
CE_KINGPAWNSHIELD:0.5391458456540832
CE_PIECECOORDINATION:0.5199271441888655
CE_MATERIAL:0.4840537796209772
CE_KINGSAFETY:0.5112795860282338
C_PIECESQUARETABLES:0.5095563628794657
C_MOBILITY:0.49742375653557036
C_KINGSAFETY:0.45015748835029534
C_PAWNSTRUCTURE:0.47118870246488276
C_PIECECOORDINATION:0.47810300386574384
C_ROOKANDPAWNMOVEMENT:0.47810300386574384
C_CENTERCONTROL:0.4617017619367366
C_DEVELOPPIECES:0.4710350515420448
C_MATERIAL:0.5095215613372108
