ELO:1020
CE_PASSEDPAWNS:0.49170896730354297
CE_PAWNWEAKNESSES:0.5
CE_PIECEACTIVITY:0.5
CE_KINGPAWNSHIELD:0.5066321311570305
CE_PIECECOORDINATION:0.5
CE_MATERIAL:0.49524180656996114
CE_KINGSAFETY:0.5105261981341085
C_PIECESQUARETABLES:0.5073887198877907
C_MOBILITY:0.4971876148739825
C_KINGSAFETY:0.5077373890910176
C_PAWNSTRUCTURE:0.5
C_PIECECOORDINATION:0.500951904526989
C_ROOK:0.5
CE_ROOK:0.5
C_CENTERCONTROL:0.5
C_DEVELOPPIECES:0.4952429770224972
C_MATERIAL:0.49947043100380606
C_MOVECOUNT:0.509942975197715
C_PAWNMOVEMENT:0.5
