ELO:1098
CE_PASSEDPAWNS:0.4476416470436395
CE_PAWNWEAKNESSES:0.5195845780122825
CE_PIECEACTIVITY:0.49109967578081604
CE_KINGPAWNSHIELD:0.4498060339940104
CE_PIECECOORDINATION:0.5138962178399454
CE_MATERIAL:0.48691058534142634
CE_KINGSAFETY:0.5
C_PIECESQUARETABLES:0.5
C_MOBILITY:0.5741900549396723
C_KINGSAFETY:0.3612025180063923
C_PAWNSTRUCTURE:0.49124294705892413
C_PIECECOORDINATION:0.6129865005840875
C_ROOKANDPAWNMOVEMENT:0.6129865005840875
C_CENTERCONTROL:0.48833387149675983
C_DEVELOPPIECES:0.4609963570258212
C_MATERIAL:0.5483384372176751
