ELO:1000
CE_PASSEDPAWNS:0.5256205728205108
CE_PAWNWEAKNESSES:0.4680213500732249
CE_PIECEACTIVITY:0.4982086784584659
CE_KINGPAWNSHIELD:0.5182743187632123
CE_PIECECOORDINATION:0.5266413882831179
CE_MATERIAL:0.48252279412155524
CE_KINGSAFETY:0.4520483898383967
C_PIECESQUARETABLES:0.5217359239553759
C_MOBILITY:0.47612304859557786
C_KINGSAFETY:0.4685190753808962
C_PAWNSTRUCTURE:0.46268649781269705
C_PIECECOORDINATION:0.4901142212355243
C_ROOKANDPAWNMOVEMENT:0.4901142212355243
C_CENTERCONTROL:0.49897548290647264
C_DEVELOPPIECES:0.4709012768632291
C_MATERIAL:0.5308740131519362
