ELO:1058
CE_PASSEDPAWNS:0.4782439222271057
CE_PAWNWEAKNESSES:0.45753908675987287
CE_PIECEACTIVITY:0.5441015649680677
CE_KINGPAWNSHIELD:0.5188814387178736
CE_PIECECOORDINATION:0.4687120784050399
CE_MATERIAL:0.4653665795440101
CE_KINGSAFETY:0.4341443524149618
C_PIECESQUARETABLES:0.5
C_MOBILITY:0.3621911048225555
C_KINGSAFETY:0.45665526523176153
C_PAWNSTRUCTURE:0.5122675472858035
C_PIECECOORDINATION:0.5999716532573657
C_ROOKANDPAWNMOVEMENT:0.5999716532573657
C_CENTERCONTROL:0.43923677488585294
C_DEVELOPPIECES:0.5004134577692269
C_MATERIAL:0.6242308573948059
