ELO:1004
CE_PASSEDPAWNS:0.5120655899479535
CE_PAWNWEAKNESSES:0.4974210804296302
CE_PIECEACTIVITY:0.5
CE_KINGPAWNSHIELD:0.5010889238883028
CE_PIECECOORDINATION:0.5119658226442099
CE_MATERIAL:0.48848409624366906
CE_KINGSAFETY:0.5112664242299227
C_PIECESQUARETABLES:0.5
C_MOBILITY:0.5164852175691991
C_KINGSAFETY:0.4888226325758218
C_PAWNSTRUCTURE:0.4994745340503049
C_PIECECOORDINATION:0.5069950113034568
C_ROOKANDPAWNMOVEMENT:0.5069950113034568
C_CENTERCONTROL:0.4897383586302145
C_DEVELOPPIECES:0.4954219233337954
C_MATERIAL:0.496872305410749
C_MOVECOUNT:0.49617049408750574
