ELO:892
CE_PASSEDPAWNS:0.4667116751942772
CE_PAWNWEAKNESSES:0.5060361401840698
CE_PIECEACTIVITY:0.4439186911574185
CE_KINGPAWNSHIELD:0.5262211457160247
CE_PIECECOORDINATION:0.39465950687397644
CE_MATERIAL:0.4576622721254404
CE_KINGSAFETY:0.5196760363537113
C_PIECESQUARETABLES:0.5205591403354987
C_MOBILITY:0.5567685667558578
C_KINGSAFETY:0.5562965095696403
C_PAWNSTRUCTURE:0.5145427566808348
C_PIECECOORDINATION:0.5764449893284526
C_ROOKANDPAWNMOVEMENT:0.5764449893284526
C_CENTERCONTROL:0.4941629628928146
C_DEVELOPPIECES:0.31933074388495775
C_MATERIAL:0.4462661405173235
