ELO:970
CE_PASSEDPAWNS:0.4431529800916939
CE_PAWNWEAKNESSES:0.4793959070505955
CE_PIECEACTIVITY:0.5649675727308004
CE_KINGPAWNSHIELD:0.4957002187083575
CE_PIECECOORDINATION:0.4913143583280096
CE_MATERIAL:0.5127187208906999
CE_KINGSAFETY:0.496448428601377
C_PIECESQUARETABLES:0.4917255698691609
C_MOBILITY:0.474780550253884
C_KINGSAFETY:0.5220966241694779
C_PAWNSTRUCTURE:0.5161007537458708
C_PIECECOORDINATION:0.4867415349144529
C_ROOK:0.5190300707580002
CE_ROOK:0.5224474580614856
C_CENTERCONTROL:0.5097758345728767
C_DEVELOPPIECES:0.4572260840117175
C_MATERIAL:0.4641647116412653
C_MOVECOUNT:0.4552805195008938
C_PAWNMOVEMENT:0.5206170922648062
