ELO:997
CE_PASSEDPAWNS:0.4952620476458652
CE_PAWNWEAKNESSES:0.5257182542903791
CE_PIECEACTIVITY:0.3953361395067713
CE_KINGPAWNSHIELD:0.5403280021458394
CE_PIECECOORDINATION:0.4527932179826195
CE_MATERIAL:0.530102909756807
CE_KINGSAFETY:0.5003816239472505
C_PIECESQUARETABLES:0.5
C_MOBILITY:0.48577824918377405
C_KINGSAFETY:0.500212371730902
C_PAWNSTRUCTURE:0.4984422764300137
C_PIECECOORDINATION:0.5035122253907531
C_ROOKANDPAWNMOVEMENT:0.5035122253907531
C_CENTERCONTROL:0.5456511981324986
C_DEVELOPPIECES:0.3790683371311457
C_MATERIAL:0.4745548015075849
