ELO:1000
CE_PASSEDPAWNS:0.5015049297447957
CE_PAWNWEAKNESSES:0.4970712397986904
CE_PIECEACTIVITY:0.503876508264944
CE_KINGPAWNSHIELD:0.4967828264456831
CE_PIECECOORDINATION:0.5061421880467984
CE_MATERIAL:0.49839820372019333
CE_KINGSAFETY:0.5
C_PIECESQUARETABLES:0.48080939258506755
C_MOBILITY:0.5
C_KINGSAFETY:0.4990923431189169
C_PAWNSTRUCTURE:0.4871699681234029
C_PIECECOORDINATION:0.5029631435302501
C_ROOKANDPAWNMOVEMENT:0.5029631435302501
C_CENTERCONTROL:0.49334882893717824
C_DEVELOPPIECES:0.49418717149578234
C_MATERIAL:0.5084702713262385
