ELO:958
CE_PASSEDPAWNS:0.45617275297543874
CE_PAWNWEAKNESSES:0.4739179407834594
CE_PIECEACTIVITY:0.5518503860056573
CE_KINGPAWNSHIELD:0.48521443013653354
CE_PIECECOORDINATION:0.4913143583280096
CE_MATERIAL:0.5035154896573937
CE_KINGSAFETY:0.5017206851276956
C_PIECESQUARETABLES:0.5
C_MOBILITY:0.474780550253884
C_KINGSAFETY:0.5324460147806591
C_PAWNSTRUCTURE:0.5281581015052409
C_PIECECOORDINATION:0.4867415349144529
C_ROOK:0.5213489063665949
CE_ROOK:0.5224474580614856
C_CENTERCONTROL:0.5092935217910713
C_DEVELOPPIECES:0.4687478539805495
C_MATERIAL:0.47455290143812295
C_MOVECOUNT:0.4619696130952542
C_PAWNMOVEMENT:0.5099361432847261
