ELO:1003
CE_PASSEDPAWNS:0.5190867519110958
CE_PAWNWEAKNESSES:0.4916221766043278
CE_PIECEACTIVITY:0.4988401360142274
CE_KINGPAWNSHIELD:0.48044329858489804
CE_PIECECOORDINATION:0.5069557012550139
CE_MATERIAL:0.49589960183968623
CE_KINGSAFETY:0.5
C_PIECESQUARETABLES:0.5
C_MOBILITY:0.4934061444339539
C_KINGSAFETY:0.5122818156724044
C_PAWNSTRUCTURE:0.5
C_PIECECOORDINATION:0.49226735337577376
C_ROOKANDPAWNMOVEMENT:0.49226735337577376
C_CENTERCONTROL:0.48195978302030046
C_DEVELOPPIECES:0.5049312029645914
C_MATERIAL:0.4918903235075237
C_MOVECOUNT:0.5179773202937117
