ELO:980
CE_PASSEDPAWNS:0.5101823306180808
CE_PAWNWEAKNESSES:0.5571680337685979
CE_PIECEACTIVITY:0.49060415911382005
CE_KINGPAWNSHIELD:0.49486900673659884
CE_PIECECOORDINATION:0.4993709251732158
CE_MATERIAL:0.5150623562354972
CE_KINGSAFETY:0.49088357023264
C_PIECESQUARETABLES:0.5
C_MOBILITY:0.49055182280576404
C_KINGSAFETY:0.42042878060237354
C_PAWNSTRUCTURE:0.5089524212218648
C_PIECECOORDINATION:0.5149980143409982
C_ROOK:0.4683696076198126
CE_ROOK:0.5131704461704223
C_CENTERCONTROL:0.5095385792575721
C_DEVELOPPIECES:0.4878835672359427
C_MATERIAL:0.5008729222419563
C_MOVECOUNT:0.5240485868366157
C_PAWNMOVEMENT:0.442608882471034
