ELO:987
CE_PASSEDPAWNS:0.534165022957645
CE_PAWNWEAKNESSES:0.4733534224862153
CE_PIECEACTIVITY:0.49777559476339217
CE_KINGPAWNSHIELD:0.5391458456540832
CE_PIECECOORDINATION:0.5199271441888655
CE_MATERIAL:0.4840537796209772
CE_KINGSAFETY:0.5112795860282338
C_PIECESQUARETABLES:0.5095563628794657
C_MOBILITY:0.4879114966890091
C_KINGSAFETY:0.45286100826301545
C_PAWNSTRUCTURE:0.47118870246488276
C_PIECECOORDINATION:0.46875374358452954
C_ROOKANDPAWNMOVEMENT:0.46875374358452954
C_CENTERCONTROL:0.4617017619367366
C_DEVELOPPIECES:0.4710350515420448
C_MATERIAL:0.5133315340937763
