ELO:774
CE_PASSEDPAWNS:0.5639896628265173
CE_PAWNWEAKNESSES:0.5093584618273321
CE_PIECEACTIVITY:0.4266226456588627
CE_KINGPAWNSHIELD:0.4534950264345435
CE_PIECECOORDINATION:0.48375718750233676
CE_MATERIAL:0.5014997735334146
CE_KINGSAFETY:0.4871351745847192
C_PIECESQUARETABLES:0.5089870591042078
C_MOBILITY:0.6407921622982226
C_KINGSAFETY:0.4062956890208497
C_PAWNSTRUCTURE:0.4913270513134068
C_PIECECOORDINATION:0.6535447312780923
C_ROOKANDPAWNMOVEMENT:0.6535447312780923
C_CENTERCONTROL:0.4863212233150206
C_DEVELOPPIECES:0.4263895004074994
C_MATERIAL:0.5147731039312935
C_MOVECOUNT:0.5205204745262282
