ELO:888
CE_PASSEDPAWNS:0.5739827793920601
CE_PAWNWEAKNESSES:0.4647896111864855
CE_PIECEACTIVITY:0.4888867104558531
CE_KINGPAWNSHIELD:0.569123442967631
CE_PIECECOORDINATION:0.46749906348603293
CE_MATERIAL:0.49780620598835984
CE_KINGSAFETY:0.5050072914529378
C_PIECESQUARETABLES:0.5023500490830304
C_MOBILITY:0.4377521463923877
C_KINGSAFETY:0.4586971885004994
C_PAWNSTRUCTURE:0.4431345821648624
C_PIECECOORDINATION:0.5018406193801689
C_ROOKANDPAWNMOVEMENT:0.5018406193801689
C_CENTERCONTROL:0.42448059140043065
C_DEVELOPPIECES:0.40717659987693283
C_MATERIAL:0.4993113973785743
