ELO:1109
CE_PASSEDPAWNS:0.4474140402453067
CE_PAWNWEAKNESSES:0.5121665195301417
CE_PIECEACTIVITY:0.46000474629365484
CE_KINGPAWNSHIELD:0.4774259118591802
CE_PIECECOORDINATION:0.554691593308102
CE_MATERIAL:0.4640992580936096
CE_KINGSAFETY:0.5003855664501659
C_PIECESQUARETABLES:0.4882129591322613
C_MOBILITY:0.39172247461567516
C_KINGSAFETY:0.6316629049580647
C_PAWNSTRUCTURE:0.4131710846443893
C_PIECECOORDINATION:0.5025569547188247
C_ROOKANDPAWNMOVEMENT:0.5025569547188247
C_CENTERCONTROL:0.5070681058635578
C_DEVELOPPIECES:0.5476804634975896
C_MATERIAL:0.4073474203952967
