ELO:1038
CE_PASSEDPAWNS:0.5092439459762423
CE_PAWNWEAKNESSES:0.5
CE_PIECEACTIVITY:0.48879551659157294
CE_KINGPAWNSHIELD:0.5038321551595335
CE_PIECECOORDINATION:0.4929924736163487
CE_MATERIAL:0.4659111715581138
CE_KINGSAFETY:0.46152843546961886
C_PIECESQUARETABLES:0.5
C_MOBILITY:0.5018980721155145
C_KINGSAFETY:0.49731553265162004
C_PAWNSTRUCTURE:0.5
C_PIECECOORDINATION:0.48825994617718416
C_ROOKANDPAWNMOVEMENT:0.48825994617718416
C_CENTERCONTROL:0.5
C_DEVELOPPIECES:0.5232090630771882
C_MATERIAL:0.5
C_MOVECOUNT:0.5
