ELO:1018
CE_PASSEDPAWNS:0.47512461236462533
CE_PAWNWEAKNESSES:0.5
CE_PIECEACTIVITY:0.490570352497816
CE_KINGPAWNSHIELD:0.4888125088624737
CE_PIECECOORDINATION:0.5
CE_MATERIAL:0.5
CE_KINGSAFETY:0.5004641514747266
C_PIECESQUARETABLES:0.5110802136430695
C_MOBILITY:0.5
C_KINGSAFETY:0.5081197844132708
C_PAWNSTRUCTURE:0.5
C_PIECECOORDINATION:0.511002604201221
C_ROOK:0.5
CE_ROOK:0.5
C_CENTERCONTROL:0.5032315083893385
C_DEVELOPPIECES:0.47322985120230165
C_MATERIAL:0.5
C_MOVECOUNT:0.4954210922126708
C_PAWNMOVEMENT:0.5
