ELO:836
CE_PASSEDPAWNS:0.490585964094378
CE_PAWNWEAKNESSES:0.5181324778635822
CE_PIECEACTIVITY:0.458039355794395
CE_KINGPAWNSHIELD:0.48467563369039196
CE_PIECECOORDINATION:0.5021962499136422
CE_MATERIAL:0.5430273129130554
CE_KINGSAFETY:0.5548897716876117
C_PIECESQUARETABLES:0.49898128946024906
C_MOBILITY:0.5332941876875511
C_KINGSAFETY:0.5299884437645002
C_PAWNSTRUCTURE:0.571601267139986
C_PIECECOORDINATION:0.5412582829391834
C_ROOKANDPAWNMOVEMENT:0.5412582829391834
C_CENTERCONTROL:0.48616576249650534
C_DEVELOPPIECES:0.4510272027540926
C_MATERIAL:0.5043351901200877
C_MOVECOUNT:0.5
