ELO:976
CE_PASSEDPAWNS:0.4261611351373619
CE_PAWNWEAKNESSES:0.4657080580359525
CE_PIECEACTIVITY:0.5023736198336183
CE_KINGPAWNSHIELD:0.4468590565973861
CE_PIECECOORDINATION:0.48970983172918237
CE_MATERIAL:0.5091267526583342
CE_KINGSAFETY:0.5
C_PIECESQUARETABLES:0.5
C_MOBILITY:0.45112450980499075
C_KINGSAFETY:0.5295403732881421
C_PAWNSTRUCTURE:0.5331069046238598
C_PIECECOORDINATION:0.4947523292429497
C_ROOK:0.4988631959344895
CE_ROOK:0.5171464228283229
C_CENTERCONTROL:0.4780860626445822
C_DEVELOPPIECES:0.5087684923928297
C_MATERIAL:0.47696188409628987
C_MOVECOUNT:0.504830302530159
C_PAWNMOVEMENT:0.4997328587630776
