ELO:833
CE_PASSEDPAWNS:0.5582208087836501
CE_PAWNWEAKNESSES:0.5345828242167433
CE_PIECEACTIVITY:0.450635429364899
CE_KINGPAWNSHIELD:0.46096875981401353
CE_PIECECOORDINATION:0.4963039723254161
CE_MATERIAL:0.5235550936094076
CE_KINGSAFETY:0.4818583314299103
C_PIECESQUARETABLES:0.43712873067397207
C_MOBILITY:0.37850774483025174
C_KINGSAFETY:0.5348004409144617
C_PAWNSTRUCTURE:0.4862993850267053
C_PIECECOORDINATION:0.45419058104361487
C_ROOKANDPAWNMOVEMENT:0.45419058104361487
C_CENTERCONTROL:0.573526591535781
C_DEVELOPPIECES:0.5112426930001098
C_MATERIAL:0.44463475217094
C_MOVECOUNT:0.5
