ELO:693
CE_PASSEDPAWNS:0.4055780471836414
CE_PAWNWEAKNESSES:0.5599389325368138
CE_PIECEACTIVITY:0.5449103579284144
CE_KINGPAWNSHIELD:0.5151578844371139
CE_PIECECOORDINATION:0.5111281776791585
CE_MATERIAL:0.571104289665161
CE_KINGSAFETY:0.5
C_PIECESQUARETABLES:0.49583627243121525
C_MOBILITY:0.5369216686102121
C_KINGSAFETY:0.5125717755249639
C_PAWNSTRUCTURE:0.6174697508432784
C_PIECECOORDINATION:0.5476796307677086
C_ROOKANDPAWNMOVEMENT:0.5476796307677086
C_CENTERCONTROL:0.44721946728527645
C_DEVELOPPIECES:0.42628633235416763
C_MATERIAL:0.5205102724964311
C_MOVECOUNT:0.4955367025558274
