ELO:805
CE_PASSEDPAWNS:0.4625991591288582
CE_PAWNWEAKNESSES:0.5140777281542898
CE_PIECEACTIVITY:0.48417238471572605
CE_KINGPAWNSHIELD:0.560327639309453
CE_PIECECOORDINATION:0.5418098219247126
CE_MATERIAL:0.5268678183386721
CE_KINGSAFETY:0.4264047690560576
C_PIECESQUARETABLES:0.5420807242376413
C_MOBILITY:0.41990355234700366
C_KINGSAFETY:0.48503209652631685
C_PAWNSTRUCTURE:0.47879751241256246
C_PIECECOORDINATION:0.49277672941654416
C_ROOKANDPAWNMOVEMENT:0.49277672941654416
C_CENTERCONTROL:0.4460174653390759
C_DEVELOPPIECES:0.4688649857111018
C_MATERIAL:0.47788507413450565
C_MOVECOUNT:0.5257580693303328
