ELO:1009
CE_PASSEDPAWNS:0.5119980466354433
CE_PAWNWEAKNESSES:0.5040123011320891
CE_PIECEACTIVITY:0.48833118398357495
CE_KINGPAWNSHIELD:0.5034203164083442
CE_PIECECOORDINATION:0.5094778464308343
CE_MATERIAL:0.497575314747248
CE_KINGSAFETY:0.5
C_PIECESQUARETABLES:0.5
C_MOBILITY:0.5061298577110722
C_KINGSAFETY:0.503376865274403
C_PAWNSTRUCTURE:0.5
C_PIECECOORDINATION:0.49208010029823807
C_ROOKANDPAWNMOVEMENT:0.49208010029823807
C_CENTERCONTROL:0.5
C_DEVELOPPIECES:0.5037902515041913
C_MATERIAL:0.4887024044767712
C_MOVECOUNT:0.5
