ELO:926
CE_PASSEDPAWNS:0.5171725437889357
CE_PAWNWEAKNESSES:0.4628708994265
CE_PIECEACTIVITY:0.496519312041034
CE_KINGPAWNSHIELD:0.5027023532883054
CE_PIECECOORDINATION:0.5156702063561547
CE_MATERIAL:0.4663079642363498
CE_KINGSAFETY:0.49393446865312013
C_PIECESQUARETABLES:0.4991993335842793
C_MOBILITY:0.4794454090620654
C_KINGSAFETY:0.49086640517056424
C_PAWNSTRUCTURE:0.5836744683908707
C_PIECECOORDINATION:0.5153757033095574
C_ROOK:0.48447594728371457
CE_ROOK:0.4913479528350971
C_CENTERCONTROL:0.5183663670075068
C_DEVELOPPIECES:0.46246610034070795
C_MATERIAL:0.5066201757976824
C_MOVECOUNT:0.5195690096799691
C_PAWNMOVEMENT:0.5282742421250449
