ELO:1012
CE_PASSEDPAWNS:0.5308123747955639
CE_PAWNWEAKNESSES:0.4596152504962993
CE_PIECEACTIVITY:0.5548301765306645
CE_KINGPAWNSHIELD:0.46903748703202397
CE_PIECECOORDINATION:0.4873641208570791
CE_MATERIAL:0.4869417406540839
CE_KINGSAFETY:0.5059721405631833
C_PIECESQUARETABLES:0.46623800019610667
C_MOBILITY:0.49514749457766677
C_KINGSAFETY:0.4820420334398537
C_PAWNSTRUCTURE:0.5053315651292262
C_PIECECOORDINATION:0.4818988706532312
C_ROOKANDPAWNMOVEMENT:0.4818988706532312
C_CENTERCONTROL:0.4307427970907404
C_DEVELOPPIECES:0.42973529538471333
C_MATERIAL:0.5085477640502314
