ELO:934
CE_PASSEDPAWNS:0.4920426188511998
CE_PAWNWEAKNESSES:0.5095267228062905
CE_PIECEACTIVITY:0.5092854996955215
CE_KINGPAWNSHIELD:0.5214170785982456
CE_PIECECOORDINATION:0.49358672351727945
CE_MATERIAL:0.5038669823761671
CE_KINGSAFETY:0.4675403146098126
C_PIECESQUARETABLES:0.5067056559882888
C_MOBILITY:0.4882822377634256
C_KINGSAFETY:0.4967713304326939
C_PAWNSTRUCTURE:0.5091836126113639
C_PIECECOORDINATION:0.4939281297118762
C_ROOKANDPAWNMOVEMENT:0.4939281297118762
C_CENTERCONTROL:0.508762906109615
C_DEVELOPPIECES:0.5254762316976429
C_MATERIAL:0.49618935395347663
C_MOVECOUNT:0.5400297874753333
