ELO:916
CE_PASSEDPAWNS:0.5779262482913291
CE_PAWNWEAKNESSES:0.44654790486755375
CE_PIECEACTIVITY:0.47851743865971663
CE_KINGPAWNSHIELD:0.5553069414623989
CE_PIECECOORDINATION:0.49696795862388315
CE_MATERIAL:0.5039029894354922
CE_KINGSAFETY:0.5192696937368084
C_PIECESQUARETABLES:0.5086643483544512
C_MOBILITY:0.4561809112208252
C_KINGSAFETY:0.4403050361558723
C_PAWNSTRUCTURE:0.4363821630471879
C_PIECECOORDINATION:0.49270761171141675
C_ROOKANDPAWNMOVEMENT:0.49270761171141675
C_CENTERCONTROL:0.4180036270102358
C_DEVELOPPIECES:0.3842173707800937
C_MATERIAL:0.4789683162641299
