ELO:901
CE_PASSEDPAWNS:0.4932270604452668
CE_PAWNWEAKNESSES:0.5403056965552006
CE_PIECEACTIVITY:0.4531363786352564
CE_KINGPAWNSHIELD:0.525035408928953
CE_PIECECOORDINATION:0.5746255924203995
CE_MATERIAL:0.5271401746823627
CE_KINGSAFETY:0.4369649170759709
C_PIECESQUARETABLES:0.5127314660017998
C_MOBILITY:0.442065344593997
C_KINGSAFETY:0.4493312555064148
C_PAWNSTRUCTURE:0.5174627938199355
C_PIECECOORDINATION:0.5127353305718728
C_ROOKANDPAWNMOVEMENT:0.5127353305718728
C_CENTERCONTROL:0.4740662503484342
C_DEVELOPPIECES:0.47796108255007425
C_MATERIAL:0.5112090535566983
C_MOVECOUNT:0.48659018196917314
