ELO:940
CE_PASSEDPAWNS:0.45289749029516446
CE_PAWNWEAKNESSES:0.48416543656099653
CE_PIECEACTIVITY:0.5436942355895191
CE_KINGPAWNSHIELD:0.5244833457587278
CE_PIECECOORDINATION:0.39705264139744045
CE_MATERIAL:0.4371383870690864
CE_KINGSAFETY:0.4927387879562357
C_PIECESQUARETABLES:0.5178510922594222
C_MOBILITY:0.5424270543646663
C_KINGSAFETY:0.4718977304210982
C_PAWNSTRUCTURE:0.4825834162214934
C_PIECECOORDINATION:0.5158014313252812
C_ROOKANDPAWNMOVEMENT:0.5158014313252812
C_CENTERCONTROL:0.48832481147512113
C_DEVELOPPIECES:0.5519101907899119
C_MATERIAL:0.4710151889844564
