ELO:996
CE_PASSEDPAWNS:0.45718007762268426
CE_PAWNWEAKNESSES:0.6386625213491642
CE_PIECEACTIVITY:0.49591472270806425
CE_KINGPAWNSHIELD:0.5293002156053183
CE_PIECECOORDINATION:0.48425363259394527
CE_MATERIAL:0.4824704720927922
CE_KINGSAFETY:0.47202446724737035
C_PIECESQUARETABLES:0.4874237648679335
C_MOBILITY:0.5695514990019762
C_KINGSAFETY:0.5415787132772206
C_PAWNSTRUCTURE:0.5202767533418262
C_PIECECOORDINATION:0.5484785855159755
C_ROOKANDPAWNMOVEMENT:0.5484785855159755
C_CENTERCONTROL:0.5035827057832138
C_DEVELOPPIECES:0.5050699274589564
C_MATERIAL:0.5712365347987942
