ELO:1000
CE_PASSEDPAWNS:0.4918801875171556
CE_PAWNWEAKNESSES:0.49929529075186696
CE_PIECEACTIVITY:0.5
CE_KINGPAWNSHIELD:0.5
CE_PIECECOORDINATION:0.488717416015916
CE_MATERIAL:0.5
CE_KINGSAFETY:0.5
C_PIECESQUARETABLES:0.5
C_MOBILITY:0.5
C_KINGSAFETY:0.5
C_PAWNSTRUCTURE:0.4952646307097739
C_PIECECOORDINATION:0.48843142589688854
C_ROOKANDPAWNMOVEMENT:0.48843142589688854
C_CENTERCONTROL:0.4910576693182678
C_DEVELOPPIECES:0.5121739859999835
C_MATERIAL:0.5
C_MOVECOUNT:0.5
