ELO:999
CE_PASSEDPAWNS:0.4631637888964582
CE_PAWNWEAKNESSES:0.6254743881410078
CE_PIECEACTIVITY:0.4803065918541646
CE_KINGPAWNSHIELD:0.5115714364086066
CE_PIECECOORDINATION:0.47226502670901044
CE_MATERIAL:0.4826035237682827
CE_KINGSAFETY:0.5114252832109178
C_PIECESQUARETABLES:0.5033812826867093
C_MOBILITY:0.5095605395101193
C_KINGSAFETY:0.548073506376424
C_PAWNSTRUCTURE:0.555790958480825
C_PIECECOORDINATION:0.5572062712588052
C_ROOKANDPAWNMOVEMENT:0.5572062712588052
C_CENTERCONTROL:0.4730060561578051
C_DEVELOPPIECES:0.5182074428743996
C_MATERIAL:0.5069827823534203
