ELO:889
CE_PASSEDPAWNS:0.5153586168439379
CE_PAWNWEAKNESSES:0.4653849935029694
CE_PIECEACTIVITY:0.4972210939808561
CE_KINGPAWNSHIELD:0.5096869644131753
CE_PIECECOORDINATION:0.5249475392350621
CE_MATERIAL:0.4731941709398533
CE_KINGSAFETY:0.5
C_PIECESQUARETABLES:0.5
C_MOBILITY:0.46892360280984585
C_KINGSAFETY:0.49415202455364515
C_PAWNSTRUCTURE:0.5738771965469321
C_PIECECOORDINATION:0.5242127814676021
C_ROOK:0.48892891621467965
CE_ROOK:0.47375749237343096
C_CENTERCONTROL:0.5128404586327944
C_DEVELOPPIECES:0.4652783752612748
C_MATERIAL:0.4805793677974323
C_MOVECOUNT:0.4989570760056631
C_PAWNMOVEMENT:0.5226312229604616
