ELO:922
CE_PASSEDPAWNS:0.4998692536719402
CE_PAWNWEAKNESSES:0.5286773906079499
CE_PIECEACTIVITY:0.4963279945303084
CE_KINGPAWNSHIELD:0.494415583188442
CE_PIECECOORDINATION:0.48882146071888005
CE_MATERIAL:0.5099811194923863
CE_KINGSAFETY:0.48427588007428196
C_PIECESQUARETABLES:0.4861891039032099
C_MOBILITY:0.48032157123497576
C_KINGSAFETY:0.5066963015553503
C_PAWNSTRUCTURE:0.4973055243512914
C_PIECECOORDINATION:0.49600956734164836
C_ROOKANDPAWNMOVEMENT:0.49600956734164836
C_CENTERCONTROL:0.5168563119567187
C_DEVELOPPIECES:0.525942584009012
C_MATERIAL:0.49979401820410296
C_MOVECOUNT:0.532875127118685
