ELO:1000
CE_PASSEDPAWNS:0.46587253373655807
CE_PAWNWEAKNESSES:0.42930551979119264
CE_PIECEACTIVITY:0.5016743265399511
CE_KINGPAWNSHIELD:0.5002989316343174
CE_PIECECOORDINATION:0.492261650504487
CE_MATERIAL:0.46141930547025706
CE_KINGSAFETY:0.4740021806360368
C_PIECESQUARETABLES:0.4785151366590181
C_MOBILITY:0.4791409819642371
C_KINGSAFETY:0.538178763728675
C_PAWNSTRUCTURE:0.5090462306201082
C_PIECECOORDINATION:0.5191766191901346
C_ROOKANDPAWNMOVEMENT:0.5191766191901346
C_CENTERCONTROL:0.51110387194088
C_DEVELOPPIECES:0.46690655284189414
C_MATERIAL:0.5193494614342123
