ELO:982
CE_PASSEDPAWNS:0.5095860536518292
CE_PAWNWEAKNESSES:0.4974204789809478
CE_PIECEACTIVITY:0.513578041259135
CE_KINGPAWNSHIELD:0.47750954221013303
CE_PIECECOORDINATION:0.4088454291354763
CE_MATERIAL:0.42424898990205745
CE_KINGSAFETY:0.4816095398655647
C_PIECESQUARETABLES:0.5148524347723252
C_MOBILITY:0.53257636856616
C_KINGSAFETY:0.47765112615060656
C_PAWNSTRUCTURE:0.4958500383783506
C_PIECECOORDINATION:0.5117643462125785
C_ROOKANDPAWNMOVEMENT:0.5117643462125785
C_CENTERCONTROL:0.5071166439234215
C_DEVELOPPIECES:0.5342566174146023
C_MATERIAL:0.49482714238622744
