ELO:1000
CE_PASSEDPAWNS:0.5118556175776209
CE_PAWNWEAKNESSES:0.4558850861855771
CE_PIECEACTIVITY:0.5029416131565612
CE_KINGPAWNSHIELD:0.508611155285795
CE_PIECECOORDINATION:0.4935707346924262
CE_MATERIAL:0.47242552963745493
CE_KINGSAFETY:0.4969028860600015
C_PIECESQUARETABLES:0.5199416519416473
C_MOBILITY:0.48730722995143744
C_KINGSAFETY:0.520957739914824
C_PAWNSTRUCTURE:0.463225275179977
C_PIECECOORDINATION:0.507117786307775
C_ROOKANDPAWNMOVEMENT:0.507117786307775
C_CENTERCONTROL:0.5046836991014017
C_DEVELOPPIECES:0.4733028234780336
C_MATERIAL:0.50718076855079
