ELO:986
CE_PASSEDPAWNS:0.5072960647296374
CE_PAWNWEAKNESSES:0.4851572465927001
CE_PIECEACTIVITY:0.4888223451499702
CE_KINGPAWNSHIELD:0.4865959428635948
CE_PIECECOORDINATION:0.41282376485214184
CE_MATERIAL:0.4255969278211246
CE_KINGSAFETY:0.4821883488347329
C_PIECESQUARETABLES:0.5183648655974125
C_MOBILITY:0.519971041884229
C_KINGSAFETY:0.4533792977087455
C_PAWNSTRUCTURE:0.5036473094776721
C_PIECECOORDINATION:0.5129550857818229
C_ROOKANDPAWNMOVEMENT:0.5129550857818229
C_CENTERCONTROL:0.5133593317693649
C_DEVELOPPIECES:0.5279402481699719
C_MATERIAL:0.4995749509131934
