ELO:992
CE_PASSEDPAWNS:0.5475074855917211
CE_PAWNWEAKNESSES:0.4299712297035844
CE_PIECEACTIVITY:0.5444762536165723
CE_KINGPAWNSHIELD:0.5181485700429583
CE_PIECECOORDINATION:0.4817121839404684
CE_MATERIAL:0.49325037192152626
CE_KINGSAFETY:0.4737289682343418
C_PIECESQUARETABLES:0.4188280020704408
C_MOBILITY:0.47494073148354465
C_KINGSAFETY:0.4527573608512216
C_PAWNSTRUCTURE:0.44625771756055854
C_PIECECOORDINATION:0.4838963121990919
C_ROOKANDPAWNMOVEMENT:0.4838963121990919
C_CENTERCONTROL:0.45438101363402383
C_DEVELOPPIECES:0.41008380053870963
C_MATERIAL:0.565076925731889
