ELO:890
CE_PASSEDPAWNS:0.5650165847653702
CE_PAWNWEAKNESSES:0.44642246759599774
CE_PIECEACTIVITY:0.48102875603874423
CE_KINGPAWNSHIELD:0.5591585353389962
CE_PIECECOORDINATION:0.456941430948914
CE_MATERIAL:0.49780620598835984
CE_KINGSAFETY:0.5116007571685486
C_PIECESQUARETABLES:0.49388520120639395
C_MOBILITY:0.4358020916238295
C_KINGSAFETY:0.4574759632165088
C_PAWNSTRUCTURE:0.4456282957085396
C_PIECECOORDINATION:0.5018406193801689
C_ROOKANDPAWNMOVEMENT:0.5018406193801689
C_CENTERCONTROL:0.43916715116027766
C_DEVELOPPIECES:0.4029864049591724
C_MATERIAL:0.49372716676370126
