ELO:1063
CE_PASSEDPAWNS:0.47058017775505445
CE_PAWNWEAKNESSES:0.49824916557964827
CE_PIECEACTIVITY:0.5
CE_KINGPAWNSHIELD:0.5
CE_PIECECOORDINATION:0.49121898933006675
CE_MATERIAL:0.4895524605480274
CE_KINGSAFETY:0.5107302541736002
C_PIECESQUARETABLES:0.5
C_MOBILITY:0.5227632607881241
C_KINGSAFETY:0.5083273150035342
C_PAWNSTRUCTURE:0.5264859631630143
C_PIECECOORDINATION:0.5009818748508645
C_ROOKANDPAWNMOVEMENT:0.5009818748508645
C_CENTERCONTROL:0.4978788000133845
C_DEVELOPPIECES:0.501670481279622
C_MATERIAL:0.5
C_MOVECOUNT:0.5
