ELO:1000
CE_PASSEDPAWNS:0.5111705390517084
CE_PAWNWEAKNESSES:0.4915503293219962
CE_PIECEACTIVITY:0.5078959398584588
CE_KINGPAWNSHIELD:0.49094156273185763
CE_PIECECOORDINATION:0.4991449829117603
CE_MATERIAL:0.5049949477778543
CE_KINGSAFETY:0.5172486709743516
C_PIECESQUARETABLES:0.5302041239673821
C_MOBILITY:0.5083748794888124
C_KINGSAFETY:0.5081222613918884
C_PAWNSTRUCTURE:0.4970562897630517
C_PIECECOORDINATION:0.48848382187835504
C_ROOKANDPAWNMOVEMENT:0.48848382187835504
C_CENTERCONTROL:0.5018128755019187
C_DEVELOPPIECES:0.48021435398022394
C_MATERIAL:0.5050530925577986
