ELO:990
CE_PASSEDPAWNS:0.3976034860007527
CE_PAWNWEAKNESSES:0.5165665311444262
CE_PIECEACTIVITY:0.4871898021659166
CE_KINGPAWNSHIELD:0.4969112771905379
CE_PIECECOORDINATION:0.6092782055877115
CE_MATERIAL:0.41983041698645956
CE_KINGSAFETY:0.5
C_PIECESQUARETABLES:0.5096465859170912
C_MOBILITY:0.6209063121673059
C_KINGSAFETY:0.5619067869602125
C_PAWNSTRUCTURE:0.6183356654599695
C_PIECECOORDINATION:0.48290799800335776
C_ROOKANDPAWNMOVEMENT:0.48290799800335776
C_CENTERCONTROL:0.3777208066101445
C_DEVELOPPIECES:0.4354212939766876
C_MATERIAL:0.5967929675143054
