ELO:929
CE_PASSEDPAWNS:0.5544335012558902
CE_PAWNWEAKNESSES:0.5651246901436232
CE_PIECEACTIVITY:0.4523012923173058
CE_KINGPAWNSHIELD:0.4789818034206568
CE_PIECECOORDINATION:0.5551168669704071
CE_MATERIAL:0.5189330214388622
CE_KINGSAFETY:0.4723608499324547
C_PIECESQUARETABLES:0.5
C_MOBILITY:0.514267270394472
C_KINGSAFETY:0.47773930796390207
C_PAWNSTRUCTURE:0.526257832869751
C_PIECECOORDINATION:0.5651983794514045
C_ROOKANDPAWNMOVEMENT:0.5651983794514045
C_CENTERCONTROL:0.6025351735358979
C_DEVELOPPIECES:0.36902781715096283
C_MATERIAL:0.5714743945242673
