ELO:913
CE_PASSEDPAWNS:0.5153586168439379
CE_PAWNWEAKNESSES:0.4653849935029694
CE_PIECEACTIVITY:0.5180706115910103
CE_KINGPAWNSHIELD:0.505780276286716
CE_PIECECOORDINATION:0.4964162474021416
CE_MATERIAL:0.48387474637229194
CE_KINGSAFETY:0.49829185530877207
C_PIECESQUARETABLES:0.49411481389056133
C_MOBILITY:0.4787221554033322
C_KINGSAFETY:0.4844259689334752
C_PAWNSTRUCTURE:0.5738771965469321
C_PIECECOORDINATION:0.5331179154601327
C_ROOK:0.48066629250254006
CE_ROOK:0.47375749237343096
C_CENTERCONTROL:0.5022156925068556
C_DEVELOPPIECES:0.48031273143473885
C_MATERIAL:0.4805793677974323
C_MOVECOUNT:0.5064583133872442
C_PAWNMOVEMENT:0.5164847209156525
