ELO:1000
CE_PASSEDPAWNS:0.5051157411706627
CE_PAWNWEAKNESSES:0.4910735621971425
CE_PIECEACTIVITY:0.5
CE_KINGPAWNSHIELD:0.5
CE_PIECECOORDINATION:0.5
CE_MATERIAL:0.5010071295924542
CE_KINGSAFETY:0.5177095020009566
C_PIECESQUARETABLES:0.5159478042301292
C_MOBILITY:0.49962794437725483
C_KINGSAFETY:0.5
C_PAWNSTRUCTURE:0.48739783793809915
C_PIECECOORDINATION:0.4932120041569995
C_ROOKANDPAWNMOVEMENT:0.4932120041569995
C_CENTERCONTROL:0.5018128755019187
C_DEVELOPPIECES:0.48259692483541883
C_MATERIAL:0.5051306561936297
