ELO:968
CE_PASSEDPAWNS:0.49125176933391307
CE_PAWNWEAKNESSES:0.4780055454207234
CE_PIECEACTIVITY:0.455085711830914
CE_KINGPAWNSHIELD:0.519673338770011
CE_PIECECOORDINATION:0.5075576609561998
CE_MATERIAL:0.5156022750306024
CE_KINGSAFETY:0.5078764147179259
C_PIECESQUARETABLES:0.5342632294323062
C_MOBILITY:0.49328417672034564
C_KINGSAFETY:0.5046313523882313
C_PAWNSTRUCTURE:0.49500839105715905
C_PIECECOORDINATION:0.49662276720002857
C_ROOKANDPAWNMOVEMENT:0.49662276720002857
C_CENTERCONTROL:0.530285163918622
C_DEVELOPPIECES:0.49501575980759216
C_MATERIAL:0.5069217935844655
C_MOVECOUNT:0.5077702180242524
