ELO:1113
CE_PASSEDPAWNS:0.5005757056401804
CE_PAWNWEAKNESSES:0.48978305043708176
CE_PIECEACTIVITY:0.5
CE_KINGPAWNSHIELD:0.5
CE_PIECECOORDINATION:0.5
CE_MATERIAL:0.47627593291314285
CE_KINGSAFETY:0.4788602608010341
C_PIECESQUARETABLES:0.5020626386565784
C_MOBILITY:0.5110173839193107
C_KINGSAFETY:0.5
C_PAWNSTRUCTURE:0.5
C_PIECECOORDINATION:0.5
C_ROOKANDPAWNMOVEMENT:0.5
C_CENTERCONTROL:0.5
C_DEVELOPPIECES:0.48705284375564317
C_MATERIAL:0.49836656741963176
C_MOVECOUNT:0.5
