ELO:1034
CE_PASSEDPAWNS:0.5087521647608677
CE_PAWNWEAKNESSES:0.5
CE_PIECEACTIVITY:0.5
CE_KINGPAWNSHIELD:0.5
CE_PIECECOORDINATION:0.516413276497778
CE_MATERIAL:0.5008809309371495
CE_KINGSAFETY:0.4902547146343992
C_PIECESQUARETABLES:0.5
C_MOBILITY:0.5
C_KINGSAFETY:0.4971928738204956
C_PAWNSTRUCTURE:0.5059159637712662
C_PIECECOORDINATION:0.5
C_ROOKANDPAWNMOVEMENT:0.5
C_CENTERCONTROL:0.5
C_DEVELOPPIECES:0.494188662125306
C_MATERIAL:0.48807474753740715
C_MOVECOUNT:0.5
