ELO:803
CE_PASSEDPAWNS:0.4334689279689539
CE_PAWNWEAKNESSES:0.5688806661377116
CE_PIECEACTIVITY:0.5145799488384121
CE_KINGPAWNSHIELD:0.48943414016858583
CE_PIECECOORDINATION:0.47726080505562285
CE_MATERIAL:0.5657782073073117
CE_KINGSAFETY:0.5784566004381545
C_PIECESQUARETABLES:0.46829584664965324
C_MOBILITY:0.5116979159244401
C_KINGSAFETY:0.5088157086935692
C_PAWNSTRUCTURE:0.6031564975480482
C_PIECECOORDINATION:0.5464363612378249
C_ROOKANDPAWNMOVEMENT:0.5464363612378249
C_CENTERCONTROL:0.4490395826574323
C_DEVELOPPIECES:0.442391377121078
C_MATERIAL:0.5444408326884128
C_MOVECOUNT:0.5
