ELO:955
CE_PASSEDPAWNS:0.5001909980663173
CE_PAWNWEAKNESSES:0.5088910743640743
CE_PIECEACTIVITY:0.5307037741036402
CE_KINGPAWNSHIELD:0.5271780922685442
CE_PIECECOORDINATION:0.48906845609513633
CE_MATERIAL:0.4785003198673047
CE_KINGSAFETY:0.5
C_PIECESQUARETABLES:0.4743968076291567
C_MOBILITY:0.4679056439034905
C_KINGSAFETY:0.519609402901787
C_PAWNSTRUCTURE:0.48433453012145333
C_PIECECOORDINATION:0.45012506155819715
C_ROOKANDPAWNMOVEMENT:0.45012506155819715
C_CENTERCONTROL:0.4740445394181943
C_DEVELOPPIECES:0.495651994710638
C_MATERIAL:0.5072296849227387
C_MOVECOUNT:0.5
