ELO:919
CE_PASSEDPAWNS:0.4271265835258959
CE_PAWNWEAKNESSES:0.4389541769811766
CE_PIECEACTIVITY:0.39718862893431217
CE_KINGPAWNSHIELD:0.4890557104347403
CE_PIECECOORDINATION:0.4905010376957963
CE_MATERIAL:0.5216111308918994
CE_KINGSAFETY:0.5
C_PIECESQUARETABLES:0.4878005520400273
C_MOBILITY:0.4969016113204512
C_KINGSAFETY:0.3314081898094452
C_PAWNSTRUCTURE:0.48406596644317
C_PIECECOORDINATION:0.5264262521801493
C_ROOKANDPAWNMOVEMENT:0.5264262521801493
C_CENTERCONTROL:0.4417458413400357
C_DEVELOPPIECES:0.524438605895135
C_MATERIAL:0.5805915642280585
