ELO:1000
CE_PASSEDPAWNS:0.4737988655203949
CE_PAWNWEAKNESSES:0.44839952431219804
CE_PIECEACTIVITY:0.5120823516482347
CE_KINGPAWNSHIELD:0.49388017646722004
CE_PIECECOORDINATION:0.5061569592209053
CE_MATERIAL:0.4686032198668101
CE_KINGSAFETY:0.4933080735344237
C_PIECESQUARETABLES:0.49584047383049246
C_MOBILITY:0.4613151997273242
C_KINGSAFETY:0.5304245328906172
C_PAWNSTRUCTURE:0.49350409067557116
C_PIECECOORDINATION:0.5368767133601672
C_ROOKANDPAWNMOVEMENT:0.5368767133601672
C_CENTERCONTROL:0.5143424883181441
C_DEVELOPPIECES:0.4708180345168282
C_MATERIAL:0.5109764397866622
