ELO:938
CE_PASSEDPAWNS:0.44481530357068266
CE_PAWNWEAKNESSES:0.4662967777911887
CE_PIECEACTIVITY:0.5512698535351701
CE_KINGPAWNSHIELD:0.5179917873012985
CE_PIECECOORDINATION:0.39525166138659007
CE_MATERIAL:0.44080117278548336
CE_KINGSAFETY:0.5124242372426412
C_PIECESQUARETABLES:0.5144667679917773
C_MOBILITY:0.560875455729365
C_KINGSAFETY:0.4548694863288445
C_PAWNSTRUCTURE:0.4671421660321799
C_PIECECOORDINATION:0.5079312660415058
C_ROOKANDPAWNMOVEMENT:0.5079312660415058
C_CENTERCONTROL:0.5052719005573872
C_DEVELOPPIECES:0.5542953237761594
C_MATERIAL:0.46616828208344796
