ELO:907
CE_PASSEDPAWNS:0.5209177658250295
CE_PAWNWEAKNESSES:0.4628708994265
CE_PIECEACTIVITY:0.49582035481423864
CE_KINGPAWNSHIELD:0.5027023532883054
CE_PIECECOORDINATION:0.5283063534960163
CE_MATERIAL:0.4682759386722397
CE_KINGSAFETY:0.5077896113154426
C_PIECESQUARETABLES:0.505955011568346
C_MOBILITY:0.48124997164394095
C_KINGSAFETY:0.47051171113968804
C_PAWNSTRUCTURE:0.5829026795339338
C_PIECECOORDINATION:0.5271110814232541
C_ROOK:0.49414064255520845
CE_ROOK:0.49170230298397694
C_CENTERCONTROL:0.5183663670075068
C_DEVELOPPIECES:0.4850300595769974
C_MATERIAL:0.504732616190434
C_MOVECOUNT:0.5195690096799691
C_PAWNMOVEMENT:0.523237874343914
