ELO:938
CE_PASSEDPAWNS:0.4864266807634664
CE_PAWNWEAKNESSES:0.49479984380120906
CE_PIECEACTIVITY:0.49210014033047755
CE_KINGPAWNSHIELD:0.4266713469883158
CE_PIECECOORDINATION:0.42943393161120397
CE_MATERIAL:0.5059938711027091
CE_KINGSAFETY:0.5042409851986409
C_PIECESQUARETABLES:0.4892290681658208
C_MOBILITY:0.48550994302891076
C_KINGSAFETY:0.47772709877480074
C_PAWNSTRUCTURE:0.5044435180022849
C_PIECECOORDINATION:0.5178665776168723
C_ROOK:0.5002950820224774
CE_ROOK:0.5312394872442578
C_CENTERCONTROL:0.5692656089201972
C_DEVELOPPIECES:0.4820393518831393
C_MATERIAL:0.4470078621396786
C_MOVECOUNT:0.48368890215578086
C_PAWNMOVEMENT:0.5282602170842375
