ELO:1000
CE_PASSEDPAWNS:0.5042713646683739
CE_PAWNWEAKNESSES:0.49317404163374784
CE_PIECEACTIVITY:0.49316085494722917
CE_KINGPAWNSHIELD:0.4991314401724798
CE_PIECECOORDINATION:0.5070444273564855
CE_MATERIAL:0.5070264720665981
CE_KINGSAFETY:0.5029675792729003
C_PIECESQUARETABLES:0.4960548095372019
C_MOBILITY:0.4940785403190846
C_KINGSAFETY:0.5023118847371582
C_PAWNSTRUCTURE:0.5101195956209535
C_PIECECOORDINATION:0.485087207062078
C_ROOKANDPAWNMOVEMENT:0.485087207062078
C_CENTERCONTROL:0.4945086955204116
C_DEVELOPPIECES:0.4847388566332382
C_MATERIAL:0.5083425563948926
