ELO:998
CE_PASSEDPAWNS:0.4893494110976969
CE_PAWNWEAKNESSES:0.4966392776441001
CE_PIECEACTIVITY:0.5150706489765859
CE_KINGPAWNSHIELD:0.5
CE_PIECECOORDINATION:0.4790392871273164
CE_MATERIAL:0.49629559560382625
CE_KINGSAFETY:0.4674284462761878
C_PIECESQUARETABLES:0.5
C_MOBILITY:0.5
C_KINGSAFETY:0.49731553265162004
C_PAWNSTRUCTURE:0.5124255132059794
C_PIECECOORDINATION:0.4956004366189055
C_ROOKANDPAWNMOVEMENT:0.4956004366189055
C_CENTERCONTROL:0.5
C_DEVELOPPIECES:0.5143269644844258
C_MATERIAL:0.5063692305004436
C_MOVECOUNT:0.5
