ELO:912
CE_PASSEDPAWNS:0.5087975024811022
CE_PAWNWEAKNESSES:0.5005613960014016
CE_PIECEACTIVITY:0.5116671160400886
CE_KINGPAWNSHIELD:0.47280930549469574
CE_PIECECOORDINATION:0.539522955589492
CE_MATERIAL:0.36419562678619394
CE_KINGSAFETY:0.4767156621195834
C_PIECESQUARETABLES:0.5375680699241603
C_MOBILITY:0.5881639279232378
C_KINGSAFETY:0.494955767350114
C_PAWNSTRUCTURE:0.4837804360322591
C_PIECECOORDINATION:0.36963007111190144
C_ROOKANDPAWNMOVEMENT:0.36963007111190144
C_CENTERCONTROL:0.5020702882552319
C_DEVELOPPIECES:0.4304463572740277
C_MATERIAL:0.48057563301998935
