ELO:713
CE_PASSEDPAWNS:0.5638893692549445
CE_PAWNWEAKNESSES:0.5386298257786095
CE_PIECEACTIVITY:0.46608607804786323
CE_KINGPAWNSHIELD:0.5276273577730402
CE_PIECECOORDINATION:0.4570053965048887
CE_MATERIAL:0.5265239493174937
CE_KINGSAFETY:0.4587936083016762
C_PIECESQUARETABLES:0.4775095405580187
C_MOBILITY:0.50808475674986
C_KINGSAFETY:0.4879044705179482
C_PAWNSTRUCTURE:0.4356914454422955
C_PIECECOORDINATION:0.5641671016140457
C_ROOKANDPAWNMOVEMENT:0.5641671016140457
C_CENTERCONTROL:0.4942788855053792
C_DEVELOPPIECES:0.5519490707861764
C_MATERIAL:0.5719504164235174
C_MOVECOUNT:0.5
