ELO:966
CE_PASSEDPAWNS:0.5162123227846293
CE_PAWNWEAKNESSES:0.5174972170846249
CE_PIECEACTIVITY:0.49187021232443895
CE_KINGPAWNSHIELD:0.5253429703985216
CE_PIECECOORDINATION:0.49198724125879917
CE_MATERIAL:0.4898991278077209
CE_KINGSAFETY:0.5
C_PIECESQUARETABLES:0.5
C_MOBILITY:0.5217484552639339
C_KINGSAFETY:0.5038578959553741
C_PAWNSTRUCTURE:0.46043267639208146
C_PIECECOORDINATION:0.5004510933931976
C_ROOK:0.5334546131379361
CE_ROOK:0.5281787359455733
C_CENTERCONTROL:0.5183180404240161
C_DEVELOPPIECES:0.47718030683278095
C_MATERIAL:0.5036637760641707
C_MOVECOUNT:0.526320751548639
C_PAWNMOVEMENT:0.5056840188188475
