ELO:975
CE_PASSEDPAWNS:0.5016599583417725
CE_PAWNWEAKNESSES:0.5076013018472487
CE_PIECEACTIVITY:0.48519209246371897
CE_KINGPAWNSHIELD:0.4986333030998925
CE_PIECECOORDINATION:0.5043666835099101
CE_MATERIAL:0.5016537155441736
CE_KINGSAFETY:0.5157530548551389
C_PIECESQUARETABLES:0.4707800350514269
C_MOBILITY:0.5048288902933761
C_KINGSAFETY:0.4884266206660452
C_PAWNSTRUCTURE:0.4829362781515186
C_PIECECOORDINATION:0.4882970915629942
C_ROOKANDPAWNMOVEMENT:0.4882970915629942
C_CENTERCONTROL:0.46579508469647657
C_DEVELOPPIECES:0.4917984079213811
C_MATERIAL:0.5
