ELO:873
CE_PASSEDPAWNS:0.5169494204787083
CE_PAWNWEAKNESSES:0.49517982080110023
CE_PIECEACTIVITY:0.484343183699302
CE_KINGPAWNSHIELD:0.4940740922158403
CE_PIECECOORDINATION:0.5248309724102446
CE_MATERIAL:0.4815152054040549
CE_KINGSAFETY:0.5
C_PIECESQUARETABLES:0.5
C_MOBILITY:0.5302039637344429
C_KINGSAFETY:0.5139316497691286
C_PAWNSTRUCTURE:0.4451357924507393
C_PIECECOORDINATION:0.48854151340543306
C_ROOK:0.5187591836340792
CE_ROOK:0.5410144939319511
C_CENTERCONTROL:0.5108266173190954
C_DEVELOPPIECES:0.5083690110494529
C_MATERIAL:0.47678673895705387
C_MOVECOUNT:0.5056839092585328
C_PAWNMOVEMENT:0.4805388714823079
