ELO:1000
CE_PASSEDPAWNS:0.4806732852236826
CE_PAWNWEAKNESSES:0.49032452151986533
CE_PIECEACTIVITY:0.5270539200056612
CE_KINGPAWNSHIELD:0.5005568379226495
CE_PIECECOORDINATION:0.4739026101316716
CE_MATERIAL:0.5039869014756698
CE_KINGSAFETY:0.49626888084608534
C_PIECESQUARETABLES:0.5077416055338997
C_MOBILITY:0.47796418241700395
C_KINGSAFETY:0.4880788689895019
C_PAWNSTRUCTURE:0.5077344670680044
C_PIECECOORDINATION:0.49116953156156146
C_ROOKANDPAWNMOVEMENT:0.49116953156156146
C_CENTERCONTROL:0.5044787544423008
C_DEVELOPPIECES:0.5138928173050556
C_MATERIAL:0.46979929769938317
