ELO:885
CE_PASSEDPAWNS:0.5064043152827932
CE_PAWNWEAKNESSES:0.507642906031478
CE_PIECEACTIVITY:0.484343183699302
CE_KINGPAWNSHIELD:0.4940740922158403
CE_PIECECOORDINATION:0.5389264848311537
CE_MATERIAL:0.4783126223564655
CE_KINGSAFETY:0.4773687049878563
C_PIECESQUARETABLES:0.5
C_MOBILITY:0.5337978876098276
C_KINGSAFETY:0.5229555298166018
C_PAWNSTRUCTURE:0.4451357924507393
C_PIECECOORDINATION:0.4954666430718077
C_ROOK:0.5097513346659589
CE_ROOK:0.5498738402800607
C_CENTERCONTROL:0.503696697949173
C_DEVELOPPIECES:0.5108523327232989
C_MATERIAL:0.47678673895705387
C_MOVECOUNT:0.516465403877278
C_PAWNMOVEMENT:0.4794450693132477
