ELO:758
CE_PASSEDPAWNS:0.5655337350295777
CE_PAWNWEAKNESSES:0.6305991296553272
CE_PIECEACTIVITY:0.4807199595763408
CE_KINGPAWNSHIELD:0.5319283150842133
CE_PIECECOORDINATION:0.33396819116540144
CE_MATERIAL:0.4537478277425662
CE_KINGSAFETY:0.5132552046975961
C_PIECESQUARETABLES:0.44001358863173323
C_MOBILITY:0.5107264059575042
C_KINGSAFETY:0.4882051962866691
C_PAWNSTRUCTURE:0.4252818392626217
C_PIECECOORDINATION:0.526590952454191
C_ROOKANDPAWNMOVEMENT:0.526590952454191
C_CENTERCONTROL:0.5095924438111884
C_DEVELOPPIECES:0.5255800230619746
C_MATERIAL:0.5857346564791718
C_MOVECOUNT:0.5
