ELO:1003
CE_PASSEDPAWNS:0.4357929527929274
CE_PAWNWEAKNESSES:0.4938646600290333
CE_PIECEACTIVITY:0.5633483299569905
CE_KINGPAWNSHIELD:0.5056163519999086
CE_PIECECOORDINATION:0.4710247385052486
CE_MATERIAL:0.47273211902194484
CE_KINGSAFETY:0.47204180056120215
C_PIECESQUARETABLES:0.49678423830947566
C_MOBILITY:0.3928064464373066
C_KINGSAFETY:0.5143804139049173
C_PAWNSTRUCTURE:0.5077402441625328
C_PIECECOORDINATION:0.43263203682043777
C_ROOKANDPAWNMOVEMENT:0.43263203682043777
C_CENTERCONTROL:0.4936970887941515
C_DEVELOPPIECES:0.5516336344779981
C_MATERIAL:0.4636796230633879
