ELO:1033
CE_PASSEDPAWNS:0.4666090448222613
CE_PAWNWEAKNESSES:0.4728060778221896
CE_PIECEACTIVITY:0.6108596389132268
CE_KINGPAWNSHIELD:0.538104815223999
CE_PIECECOORDINATION:0.45648569678464707
CE_MATERIAL:0.5110623316981842
CE_KINGSAFETY:0.5
C_PIECESQUARETABLES:0.5074374432139963
C_MOBILITY:0.5479348068214678
C_KINGSAFETY:0.4452305813014029
C_PAWNSTRUCTURE:0.49201784397403875
C_PIECECOORDINATION:0.577257593988181
C_ROOKANDPAWNMOVEMENT:0.577257593988181
C_CENTERCONTROL:0.5106724934550959
C_DEVELOPPIECES:0.5070674203013683
C_MATERIAL:0.5749272077479269
