ELO:1022
CE_PASSEDPAWNS:0.5
CE_PAWNWEAKNESSES:0.497491696837515
CE_PIECEACTIVITY:0.4883352307280472
CE_KINGPAWNSHIELD:0.5056450871495214
CE_PIECECOORDINATION:0.5
CE_MATERIAL:0.5
CE_KINGSAFETY:0.5
C_PIECESQUARETABLES:0.4999952708150181
C_MOBILITY:0.5
C_KINGSAFETY:0.5027187354314083
C_PAWNSTRUCTURE:0.48797474332715945
C_PIECECOORDINATION:0.5
C_ROOKANDPAWNMOVEMENT:0.5
C_CENTERCONTROL:0.5
C_DEVELOPPIECES:0.5
C_MATERIAL:0.5069433756012982
