ELO:944
CE_PASSEDPAWNS:0.46258395069254743
CE_PAWNWEAKNESSES:0.5145553793827544
CE_PIECEACTIVITY:0.48744179276694133
CE_KINGPAWNSHIELD:0.5427048344240567
CE_PIECECOORDINATION:0.5322270816887383
CE_MATERIAL:0.512262905002745
CE_KINGSAFETY:0.49812477969242935
C_PIECESQUARETABLES:0.48707827508019813
C_MOBILITY:0.511522820610433
C_KINGSAFETY:0.5108742834335704
C_PAWNSTRUCTURE:0.5309133739218863
C_PIECECOORDINATION:0.4956010007251315
C_ROOKANDPAWNMOVEMENT:0.4956010007251315
C_CENTERCONTROL:0.49805022811088967
C_DEVELOPPIECES:0.5022876675525102
C_MATERIAL:0.4450426555311759
C_MOVECOUNT:0.5516123008122411
