ELO:989
CE_PASSEDPAWNS:0.4427058286367532
CE_PAWNWEAKNESSES:0.42465855407575354
CE_PIECEACTIVITY:0.3883640041379137
CE_KINGPAWNSHIELD:0.5510167686475863
CE_PIECECOORDINATION:0.4554288368107632
CE_MATERIAL:0.48871762307144906
CE_KINGSAFETY:0.4996462161106641
C_PIECESQUARETABLES:0.5191531148992532
C_MOBILITY:0.4324612873919423
C_KINGSAFETY:0.508440001302728
C_PAWNSTRUCTURE:0.5209800916443109
C_PIECECOORDINATION:0.48160032840531547
C_ROOKANDPAWNMOVEMENT:0.48160032840531547
C_CENTERCONTROL:0.4997348757205702
C_DEVELOPPIECES:0.560261227679218
C_MATERIAL:0.5403368264975653
