ELO:912
CE_PASSEDPAWNS:0.5361383042141713
CE_PAWNWEAKNESSES:0.5827736411037991
CE_PIECEACTIVITY:0.5065976985751305
CE_KINGPAWNSHIELD:0.5709453944761018
CE_PIECECOORDINATION:0.5616632705613499
CE_MATERIAL:0.4509860162156375
CE_KINGSAFETY:0.43650868431469325
C_PIECESQUARETABLES:0.5205622683694091
C_MOBILITY:0.5235864273969437
C_KINGSAFETY:0.541734804056937
C_PAWNSTRUCTURE:0.5236412084390654
C_PIECECOORDINATION:0.5358893349201788
C_ROOKANDPAWNMOVEMENT:0.5358893349201788
C_CENTERCONTROL:0.4505857693455561
C_DEVELOPPIECES:0.5229521821813113
C_MATERIAL:0.4363136705108751
