ELO:1021
CE_PASSEDPAWNS:0.44053166308462366
CE_PAWNWEAKNESSES:0.49621396296644316
CE_PIECEACTIVITY:0.5328345752848485
CE_KINGPAWNSHIELD:0.5087909933702972
CE_PIECECOORDINATION:0.4684453854201689
CE_MATERIAL:0.47769642598079315
CE_KINGSAFETY:0.4938614224954289
C_PIECESQUARETABLES:0.5
C_MOBILITY:0.413456117391714
C_KINGSAFETY:0.5145501596488563
C_PAWNSTRUCTURE:0.5280910513712335
C_PIECECOORDINATION:0.45614802620317396
C_ROOKANDPAWNMOVEMENT:0.45614802620317396
C_CENTERCONTROL:0.495439208461088
C_DEVELOPPIECES:0.5672674878881541
C_MATERIAL:0.4472611104511989
