ELO:972
CE_PASSEDPAWNS:0.5052447648735631
CE_PAWNWEAKNESSES:0.5147293098887415
CE_PIECEACTIVITY:0.49283013156722866
CE_KINGPAWNSHIELD:0.5189755055254448
CE_PIECECOORDINATION:0.5011012402450021
CE_MATERIAL:0.4836763820632236
CE_KINGSAFETY:0.49994960726249804
C_PIECESQUARETABLES:0.5
C_MOBILITY:0.4947506268012512
C_KINGSAFETY:0.503901582285608
C_PAWNSTRUCTURE:0.4714659046654032
C_PIECECOORDINATION:0.4957678729811386
C_ROOK:0.5245530149299646
CE_ROOK:0.5116137243867751
C_CENTERCONTROL:0.5057027755358088
C_DEVELOPPIECES:0.47777305849566853
C_MATERIAL:0.4955367231718451
C_MOVECOUNT:0.5269904663849362
C_PAWNMOVEMENT:0.510511306035071
