ELO:873
CE_PASSEDPAWNS:0.5228038891612982
CE_PAWNWEAKNESSES:0.5356895941655353
CE_PIECEACTIVITY:0.49197472593633645
CE_KINGPAWNSHIELD:0.48547756707790735
CE_PIECECOORDINATION:0.539777401146411
CE_MATERIAL:0.46170026116618884
CE_KINGSAFETY:0.4972063574554612
C_PIECESQUARETABLES:0.5138090925614538
C_MOBILITY:0.5372874539033698
C_KINGSAFETY:0.5089255917571611
C_PAWNSTRUCTURE:0.4294784027733413
C_PIECECOORDINATION:0.484098640507799
C_ROOK:0.5093585359446483
CE_ROOK:0.5682922429509805
C_CENTERCONTROL:0.5202455391612666
C_DEVELOPPIECES:0.48050982005428344
C_MATERIAL:0.49521570452330815
C_MOVECOUNT:0.518318473785547
C_PAWNMOVEMENT:0.47377073639328304
