ELO:902
CE_PASSEDPAWNS:0.51023440565036
CE_PAWNWEAKNESSES:0.5085719087151797
CE_PIECEACTIVITY:0.4849849769790912
CE_KINGPAWNSHIELD:0.4976389945939727
CE_PIECECOORDINATION:0.5078946171179868
CE_MATERIAL:0.4697668636924553
CE_KINGSAFETY:0.5
C_PIECESQUARETABLES:0.5
C_MOBILITY:0.5258160661860178
C_KINGSAFETY:0.5129503137697233
C_PAWNSTRUCTURE:0.46656925955765133
C_PIECECOORDINATION:0.5052494722317062
C_ROOK:0.5066243467743097
CE_ROOK:0.517761844268605
C_CENTERCONTROL:0.5055081233266614
C_DEVELOPPIECES:0.5116194631762608
C_MATERIAL:0.48608002838535447
C_MOVECOUNT:0.5175583875027537
C_PAWNMOVEMENT:0.470287547542348
