ELO:1000
CE_PASSEDPAWNS:0.49479062437164323
CE_PAWNWEAKNESSES:0.4812820875802905
CE_PIECEACTIVITY:0.5828496525026478
CE_KINGPAWNSHIELD:0.5066244086633331
CE_PIECECOORDINATION:0.46733817718885934
CE_MATERIAL:0.5514569446184786
CE_KINGSAFETY:0.5080881837643466
C_PIECESQUARETABLES:0.512337340296063
C_MOBILITY:0.5078009521043915
C_KINGSAFETY:0.4426783673244813
C_PAWNSTRUCTURE:0.548527953375066
C_PIECECOORDINATION:0.5461368785158693
C_ROOKANDPAWNMOVEMENT:0.5461368785158693
C_CENTERCONTROL:0.5016531806845479
C_DEVELOPPIECES:0.4837745547172155
C_MATERIAL:0.5076251000805032
