ELO:1000
CE_PASSEDPAWNS:0.5117870059361518
CE_PAWNWEAKNESSES:0.5
CE_PIECEACTIVITY:0.5148672397037596
CE_KINGPAWNSHIELD:0.4972155399558434
CE_PIECECOORDINATION:0.4930134027989742
CE_MATERIAL:0.5006471444723405
CE_KINGSAFETY:0.4999787090453969
C_PIECESQUARETABLES:0.5051632914519829
C_MOBILITY:0.4885434738224096
C_KINGSAFETY:0.48830827880970223
C_PAWNSTRUCTURE:0.5095446331074117
C_PIECECOORDINATION:0.49377538990927666
C_ROOKANDPAWNMOVEMENT:0.49377538990927666
C_CENTERCONTROL:0.4936626874311337
C_DEVELOPPIECES:0.5101918143583977
C_MATERIAL:0.4994985583748488
