ELO:949
CE_PASSEDPAWNS:0.4330952068541564
CE_PAWNWEAKNESSES:0.48293653187148045
CE_PIECEACTIVITY:0.5012558151808956
CE_KINGPAWNSHIELD:0.5126271739648718
CE_PIECECOORDINATION:0.5282364817631371
CE_MATERIAL:0.49348975474420576
CE_KINGSAFETY:0.5200456437288361
C_PIECESQUARETABLES:0.48010749823111387
C_MOBILITY:0.500147881002597
C_KINGSAFETY:0.4811925308947959
C_PAWNSTRUCTURE:0.49664872278004835
C_PIECECOORDINATION:0.4819077348969949
C_ROOKANDPAWNMOVEMENT:0.4819077348969949
C_CENTERCONTROL:0.4671403842160461
C_DEVELOPPIECES:0.5092304915207994
C_MATERIAL:0.5047899782940347
C_MOVECOUNT:0.4943599065603765
