ELO:1007
CE_PASSEDPAWNS:0.5105593332927971
CE_PAWNWEAKNESSES:0.5046551263478197
CE_PIECEACTIVITY:0.4867281111368254
CE_KINGPAWNSHIELD:0.5204952382777442
CE_PIECECOORDINATION:0.4925473116186945
CE_MATERIAL:0.500909379229864
CE_KINGSAFETY:0.5059738638021176
C_PIECESQUARETABLES:0.5
C_MOBILITY:0.4937135141882049
C_KINGSAFETY:0.487769429193004
C_PAWNSTRUCTURE:0.4921056180784012
C_PIECECOORDINATION:0.4830393182548362
C_ROOK:0.5
CE_ROOK:0.5
C_CENTERCONTROL:0.5032216851978106
C_DEVELOPPIECES:0.4959176482037349
C_MATERIAL:0.4983431737735161
C_MOVECOUNT:0.5096499877192315
C_PAWNMOVEMENT:0.5
