ELO:986
CE_PASSEDPAWNS:0.49798442429571943
CE_PAWNWEAKNESSES:0.5
CE_PIECEACTIVITY:0.5
CE_KINGPAWNSHIELD:0.5
CE_PIECECOORDINATION:0.5
CE_MATERIAL:0.4985289037472103
CE_KINGSAFETY:0.5120936731311967
C_PIECESQUARETABLES:0.5
C_MOBILITY:0.509515147030284
C_KINGSAFETY:0.5086734733881312
C_PAWNSTRUCTURE:0.5
C_PIECECOORDINATION:0.49070348637636096
C_ROOK:0.5018849436615219
CE_ROOK:0.5
C_CENTERCONTROL:0.49519599602311487
C_DEVELOPPIECES:0.5
C_MATERIAL:0.5
C_MOVECOUNT:0.504679241840922
C_PAWNMOVEMENT:0.5
