ELO:885
CE_PASSEDPAWNS:0.5064043152827932
CE_PAWNWEAKNESSES:0.5275803252943864
CE_PIECEACTIVITY:0.4800342262205891
CE_KINGPAWNSHIELD:0.4940740922158403
CE_PIECECOORDINATION:0.548382120437133
CE_MATERIAL:0.4783126223564655
CE_KINGSAFETY:0.4773687049878563
C_PIECESQUARETABLES:0.5
C_MOBILITY:0.5342534090662587
C_KINGSAFETY:0.5302278182660161
C_PAWNSTRUCTURE:0.4451357924507393
C_PIECECOORDINATION:0.48024969507234694
C_ROOK:0.5097513346659589
CE_ROOK:0.5498738402800607
C_CENTERCONTROL:0.5144371233549067
C_DEVELOPPIECES:0.5019039050052485
C_MATERIAL:0.47678673895705387
C_MOVECOUNT:0.5190417063132176
C_PAWNMOVEMENT:0.47193769855494017
