ELO:984
CE_PASSEDPAWNS:0.5111940163338157
CE_PAWNWEAKNESSES:0.5061135065223997
CE_PIECEACTIVITY:0.505329419489247
CE_KINGPAWNSHIELD:0.5114190870038353
CE_PIECECOORDINATION:0.48924947908588967
CE_MATERIAL:0.5
CE_KINGSAFETY:0.5
C_PIECESQUARETABLES:0.4935992695963992
C_MOBILITY:0.5
C_KINGSAFETY:0.5060603097098483
C_PAWNSTRUCTURE:0.488070337354705
C_PIECECOORDINATION:0.4872728706578547
C_ROOKANDPAWNMOVEMENT:0.4872728706578547
C_CENTERCONTROL:0.49939964188108116
C_DEVELOPPIECES:0.5
C_MATERIAL:0.5001666173537438
