ELO:972
CE_PASSEDPAWNS:0.5198107825568713
CE_PAWNWEAKNESSES:0.5833712533817095
CE_PIECEACTIVITY:0.4967715562589664
CE_KINGPAWNSHIELD:0.5634953102548765
CE_PIECECOORDINATION:0.5249535099933245
CE_MATERIAL:0.4545252044675547
CE_KINGSAFETY:0.4550135965776701
C_PIECESQUARETABLES:0.5248604526788765
C_MOBILITY:0.5185801335742546
C_KINGSAFETY:0.5232623347674134
C_PAWNSTRUCTURE:0.5351750092617669
C_PIECECOORDINATION:0.5408171547390538
C_ROOKANDPAWNMOVEMENT:0.5408171547390538
C_CENTERCONTROL:0.5142828047862475
C_DEVELOPPIECES:0.5100649409548939
C_MATERIAL:0.44694161356873213
