ELO:1020
CE_PASSEDPAWNS:0.48998205585893373
CE_PAWNWEAKNESSES:0.48398135629272615
CE_PIECEACTIVITY:0.5408688329592082
CE_KINGPAWNSHIELD:0.494009026562734
CE_PIECECOORDINATION:0.470094646402085
CE_MATERIAL:0.484954900437051
CE_KINGSAFETY:0.48402746520554296
C_PIECESQUARETABLES:0.5446154342803312
C_MOBILITY:0.4489368222222175
C_KINGSAFETY:0.5196052543227824
C_PAWNSTRUCTURE:0.5216776944989755
C_PIECECOORDINATION:0.4646202084951015
C_ROOKANDPAWNMOVEMENT:0.4646202084951015
C_CENTERCONTROL:0.48472021083660827
C_DEVELOPPIECES:0.5243186290758015
C_MATERIAL:0.467955773015132
