ELO:1000
CE_PASSEDPAWNS:0.4894256981914878
CE_PAWNWEAKNESSES:0.48438386527918625
CE_PIECEACTIVITY:0.5274148398048893
CE_KINGPAWNSHIELD:0.5004157355209388
CE_PIECECOORDINATION:0.4612049506568347
CE_MATERIAL:0.49933437768177974
CE_KINGSAFETY:0.49099346908553576
C_PIECESQUARETABLES:0.5376116623946228
C_MOBILITY:0.47235302850953553
C_KINGSAFETY:0.5122184152884396
C_PAWNSTRUCTURE:0.5055862079750097
C_PIECECOORDINATION:0.48491603737582145
C_ROOKANDPAWNMOVEMENT:0.48491603737582145
C_CENTERCONTROL:0.4883231886200379
C_DEVELOPPIECES:0.5138928173050556
C_MATERIAL:0.4930330017615664
