ELO:1076
CE_PASSEDPAWNS:0.4920720351242906
CE_PAWNWEAKNESSES:0.4718047053480451
CE_PIECEACTIVITY:0.5038630006607864
CE_KINGPAWNSHIELD:0.34421953025764057
CE_PIECECOORDINATION:0.42689319800804554
CE_MATERIAL:0.48038783971101545
CE_KINGSAFETY:0.4914903793353206
C_PIECESQUARETABLES:0.49710049295689496
C_MOBILITY:0.540696585475307
C_KINGSAFETY:0.6289602437891588
C_PAWNSTRUCTURE:0.4773586829202133
C_PIECECOORDINATION:0.5023119126864761
C_ROOKANDPAWNMOVEMENT:0.5023119126864761
C_CENTERCONTROL:0.4949645640995945
C_DEVELOPPIECES:0.5022845151081662
C_MATERIAL:0.3683480370535619
