ELO:926
CE_PASSEDPAWNS:0.4901522718421665
CE_PAWNWEAKNESSES:0.5022089090216572
CE_PIECEACTIVITY:0.4622921896263975
CE_KINGPAWNSHIELD:0.5163013589303974
CE_PIECECOORDINATION:0.5098189868118377
CE_MATERIAL:0.47518323076272384
CE_KINGSAFETY:0.506114177041033
C_PIECESQUARETABLES:0.5148632751605604
C_MOBILITY:0.4742684019230705
C_KINGSAFETY:0.521861139680353
C_PAWNSTRUCTURE:0.5064508767254841
C_PIECECOORDINATION:0.5096379566354841
C_ROOKANDPAWNMOVEMENT:0.5096379566354841
C_CENTERCONTROL:0.574692609577818
C_DEVELOPPIECES:0.5188730714870965
C_MATERIAL:0.475218889576289
C_MOVECOUNT:0.5
