ELO:972
CE_PASSEDPAWNS:0.5173366674557218
CE_PAWNWEAKNESSES:0.5004445793232823
CE_PIECEACTIVITY:0.41797350778559766
CE_KINGPAWNSHIELD:0.508768944104311
CE_PIECECOORDINATION:0.5292404243514284
CE_MATERIAL:0.5182844056021899
CE_KINGSAFETY:0.5449942008724372
C_PIECESQUARETABLES:0.47728416423752446
C_MOBILITY:0.5246029521044926
C_KINGSAFETY:0.44080338398234337
C_PAWNSTRUCTURE:0.5006281247243053
C_PIECECOORDINATION:0.5976369423659149
C_ROOKANDPAWNMOVEMENT:0.5976369423659149
C_CENTERCONTROL:0.5074219612996926
C_DEVELOPPIECES:0.4600934404516593
C_MATERIAL:0.5641234540522582
