ELO:1007
CE_PASSEDPAWNS:0.4873732991509559
CE_PAWNWEAKNESSES:0.5053331055496756
CE_PIECEACTIVITY:0.5013660555534694
CE_KINGPAWNSHIELD:0.49895008631484505
CE_PIECECOORDINATION:0.4929891059662691
CE_MATERIAL:0.5
CE_KINGSAFETY:0.511349771176633
C_PIECESQUARETABLES:0.5079486815666996
C_MOBILITY:0.5
C_KINGSAFETY:0.4886677227473365
C_PAWNSTRUCTURE:0.5
C_PIECECOORDINATION:0.49686714702622586
C_ROOKANDPAWNMOVEMENT:0.49686714702622586
C_CENTERCONTROL:0.518068680562823
C_DEVELOPPIECES:0.510126592651688
C_MATERIAL:0.4991671994889096
C_MOVECOUNT:0.5
