ELO:943
CE_PASSEDPAWNS:0.49571147636378543
CE_PAWNWEAKNESSES:0.5161304091766773
CE_PIECEACTIVITY:0.4994245064026251
CE_KINGPAWNSHIELD:0.5238407073198877
CE_PIECECOORDINATION:0.49198724125879917
CE_MATERIAL:0.47924715205189805
CE_KINGSAFETY:0.5
C_PIECESQUARETABLES:0.488624549898408
C_MOBILITY:0.5192231637609876
C_KINGSAFETY:0.51074441453396
C_PAWNSTRUCTURE:0.46043267639208146
C_PIECECOORDINATION:0.5004510933931976
C_ROOK:0.5185802305376245
CE_ROOK:0.5200073640793578
C_CENTERCONTROL:0.5141617442188422
C_DEVELOPPIECES:0.47718030683278095
C_MATERIAL:0.4925694999939435
C_MOVECOUNT:0.5176357069644172
C_PAWNMOVEMENT:0.5056840188188475
