ELO:982
CE_PASSEDPAWNS:0.5073925219655445
CE_PAWNWEAKNESSES:0.501778185051932
CE_PIECEACTIVITY:0.5219757392999406
CE_KINGPAWNSHIELD:0.4997552813938975
CE_PIECECOORDINATION:0.48924947908588967
CE_MATERIAL:0.5
CE_KINGSAFETY:0.5007179928016972
C_PIECESQUARETABLES:0.4935992695963992
C_MOBILITY:0.4901491146670396
C_KINGSAFETY:0.5056186369984539
C_PAWNSTRUCTURE:0.4916622202908141
C_PIECECOORDINATION:0.4844095146786405
C_ROOKANDPAWNMOVEMENT:0.4844095146786405
C_CENTERCONTROL:0.49939964188108116
C_DEVELOPPIECES:0.4940085217946785
C_MATERIAL:0.5108424777660434
