ELO:963
CE_PASSEDPAWNS:0.49212805208927096
CE_PAWNWEAKNESSES:0.45698687931067433
CE_PIECEACTIVITY:0.4642754059441968
CE_KINGPAWNSHIELD:0.611695343966418
CE_PIECECOORDINATION:0.565291485717999
CE_MATERIAL:0.5470371607609741
CE_KINGSAFETY:0.5063546786952602
C_PIECESQUARETABLES:0.49787247240562255
C_MOBILITY:0.3789656999832171
C_KINGSAFETY:0.5803509583045583
C_PAWNSTRUCTURE:0.4883738612050968
C_PIECECOORDINATION:0.5940449574630327
C_ROOKANDPAWNMOVEMENT:0.5940449574630327
C_CENTERCONTROL:0.47417192865301605
C_DEVELOPPIECES:0.4527294286727505
C_MATERIAL:0.5662707290747718
