ELO:947
CE_PASSEDPAWNS:0.47923241919638004
CE_PAWNWEAKNESSES:0.46732166830022265
CE_PIECEACTIVITY:0.4326554903490628
CE_KINGPAWNSHIELD:0.509005011432819
CE_PIECECOORDINATION:0.4905010376957963
CE_MATERIAL:0.45952816186558804
CE_KINGSAFETY:0.5035455223173501
C_PIECESQUARETABLES:0.5510763875677763
C_MOBILITY:0.48675154133086734
C_KINGSAFETY:0.5470496865196502
C_PAWNSTRUCTURE:0.4253031205345715
C_PIECECOORDINATION:0.44378669724447545
C_ROOKANDPAWNMOVEMENT:0.44378669724447545
C_CENTERCONTROL:0.47443967074105187
C_DEVELOPPIECES:0.5904552046277457
C_MATERIAL:0.6708187329787222
