ELO:914
CE_PASSEDPAWNS:0.45925179784599734
CE_PAWNWEAKNESSES:0.4835873319434563
CE_PIECEACTIVITY:0.4586717954300383
CE_KINGPAWNSHIELD:0.5345859236469298
CE_PIECECOORDINATION:0.4963320008949035
CE_MATERIAL:0.4696096355754883
CE_KINGSAFETY:0.5270914561893181
C_PIECESQUARETABLES:0.5056763426977596
C_MOBILITY:0.47673174539073243
C_KINGSAFETY:0.5123569457174104
C_PAWNSTRUCTURE:0.46112274767800754
C_PIECECOORDINATION:0.48667752303385614
C_ROOKANDPAWNMOVEMENT:0.48667752303385614
C_CENTERCONTROL:0.5716257951725703
C_DEVELOPPIECES:0.5070986896682583
C_MATERIAL:0.46982323607040627
C_MOVECOUNT:0.5
