ELO:916
CE_PASSEDPAWNS:0.5172605946944357
CE_PAWNWEAKNESSES:0.5085719087151797
CE_PIECEACTIVITY:0.4909890987885676
CE_KINGPAWNSHIELD:0.4976389945939727
CE_PIECECOORDINATION:0.49607352988433234
CE_MATERIAL:0.48130182912547836
CE_KINGSAFETY:0.4998706766344826
C_PIECESQUARETABLES:0.5079578198231478
C_MOBILITY:0.5251303907128146
C_KINGSAFETY:0.5046966496920735
C_PAWNSTRUCTURE:0.46656925955765133
C_PIECECOORDINATION:0.4989608212661263
C_ROOK:0.5236107082728209
CE_ROOK:0.517761844268605
C_CENTERCONTROL:0.5165524979559166
C_DEVELOPPIECES:0.5100591665675388
C_MATERIAL:0.48608002838535447
C_MOVECOUNT:0.5154791628161308
C_PAWNMOVEMENT:0.470287547542348
