ELO:991
CE_PASSEDPAWNS:0.5094067686684953
CE_PAWNWEAKNESSES:0.4911874574838963
CE_PIECEACTIVITY:0.4842537891997402
CE_KINGPAWNSHIELD:0.4955808259643845
CE_PIECECOORDINATION:0.5
CE_MATERIAL:0.4861447141333265
CE_KINGSAFETY:0.5
C_PIECESQUARETABLES:0.5
C_MOBILITY:0.5056872993579666
C_KINGSAFETY:0.5047019334130118
C_PAWNSTRUCTURE:0.5110059606184667
C_PIECECOORDINATION:0.5
C_ROOKANDPAWNMOVEMENT:0.5
C_CENTERCONTROL:0.5
C_DEVELOPPIECES:0.49753436249336186
C_MATERIAL:0.5056035457580171
C_MOVECOUNT:0.5134544533659753
