ELO:1032
CE_PASSEDPAWNS:0.5772527796076409
CE_PAWNWEAKNESSES:0.5460867079190647
CE_PIECEACTIVITY:0.47940668539033854
CE_KINGPAWNSHIELD:0.5061832043313106
CE_PIECECOORDINATION:0.5530088544572747
CE_MATERIAL:0.4988121510550381
CE_KINGSAFETY:0.5008776033066353
C_PIECESQUARETABLES:0.5
C_MOBILITY:0.5307360386759357
C_KINGSAFETY:0.3848547434998263
C_PAWNSTRUCTURE:0.4614333509483165
C_PIECECOORDINATION:0.4515150974239913
C_ROOKANDPAWNMOVEMENT:0.4515150974239913
C_CENTERCONTROL:0.5732547161342879
C_DEVELOPPIECES:0.49978973130654164
C_MATERIAL:0.48479518543292033
