ELO:930
CE_PASSEDPAWNS:0.5172605946944357
CE_PAWNWEAKNESSES:0.5102554992092491
CE_PIECEACTIVITY:0.4962595901295639
CE_KINGPAWNSHIELD:0.5079687954278116
CE_PIECECOORDINATION:0.4900696726545
CE_MATERIAL:0.4755068806958368
CE_KINGSAFETY:0.4998706766344826
C_PIECESQUARETABLES:0.5
C_MOBILITY:0.5251303907128146
C_KINGSAFETY:0.5075796344215305
C_PAWNSTRUCTURE:0.46656925955765133
C_PIECECOORDINATION:0.4989608212661263
C_ROOK:0.5128820367111965
CE_ROOK:0.511446044426643
C_CENTERCONTROL:0.5235984792473389
C_DEVELOPPIECES:0.5083927387708117
C_MATERIAL:0.4925694999939435
C_MOVECOUNT:0.526881166740112
C_PAWNMOVEMENT:0.4876516562660635
