ELO:885
CE_PASSEDPAWNS:0.517216353058549
CE_PAWNWEAKNESSES:0.545045834340115
CE_PIECEACTIVITY:0.5237964254716305
CE_KINGPAWNSHIELD:0.48547756707790735
CE_PIECECOORDINATION:0.5322802069094006
CE_MATERIAL:0.4542593435976194
CE_KINGSAFETY:0.5
C_PIECESQUARETABLES:0.5114440099529604
C_MOBILITY:0.5114276647520742
C_KINGSAFETY:0.4943053829492171
C_PAWNSTRUCTURE:0.45351109779131993
C_PIECECOORDINATION:0.4747760328085745
C_ROOK:0.4974629435844902
CE_ROOK:0.5630500007471877
C_CENTERCONTROL:0.5157486686349771
C_DEVELOPPIECES:0.46991840916591193
C_MATERIAL:0.5303042933867962
C_MOVECOUNT:0.5387916710793937
C_PAWNMOVEMENT:0.46749248275733235
