ELO:1000
CE_PASSEDPAWNS:0.47680112716084355
CE_PAWNWEAKNESSES:0.5054341255544109
CE_PIECEACTIVITY:0.5852869102901964
CE_KINGPAWNSHIELD:0.4994380700230221
CE_PIECECOORDINATION:0.4903659983726307
CE_MATERIAL:0.5213312453849669
CE_KINGSAFETY:0.512766529683878
C_PIECESQUARETABLES:0.535805533977132
C_MOBILITY:0.4944726768534423
C_KINGSAFETY:0.44693056429580785
C_PAWNSTRUCTURE:0.536241404901478
C_PIECECOORDINATION:0.5459778182569419
C_ROOKANDPAWNMOVEMENT:0.5459778182569419
C_CENTERCONTROL:0.5028360848541337
C_DEVELOPPIECES:0.5142998033468049
C_MATERIAL:0.5005693089214198
