ELO:731
CE_PASSEDPAWNS:0.584318324608548
CE_PAWNWEAKNESSES:0.6364727503653892
CE_PIECEACTIVITY:0.46782669409599387
CE_KINGPAWNSHIELD:0.5014921219670808
CE_PIECECOORDINATION:0.36700209879763546
CE_MATERIAL:0.5028431648312194
CE_KINGSAFETY:0.5339386959527777
C_PIECESQUARETABLES:0.46586745853177636
C_MOBILITY:0.4801152675537763
C_KINGSAFETY:0.46122859779739656
C_PAWNSTRUCTURE:0.45713400285594963
C_PIECECOORDINATION:0.5265619357296152
C_ROOKANDPAWNMOVEMENT:0.5265619357296152
C_CENTERCONTROL:0.5079447827244616
C_DEVELOPPIECES:0.5584340993482748
C_MATERIAL:0.5237127380191894
C_MOVECOUNT:0.5
