ELO:982
CE_PASSEDPAWNS:0.5180336815834793
CE_PAWNWEAKNESSES:0.5864339850920203
CE_PIECEACTIVITY:0.4942040900937687
CE_KINGPAWNSHIELD:0.5634855383219515
CE_PIECECOORDINATION:0.5089303333797801
CE_MATERIAL:0.42288574673004814
CE_KINGSAFETY:0.48545226970848
C_PIECESQUARETABLES:0.5188267383984226
C_MOBILITY:0.5225310383047415
C_KINGSAFETY:0.535563139731667
C_PAWNSTRUCTURE:0.5445169744440387
C_PIECECOORDINATION:0.5473138560436948
C_ROOKANDPAWNMOVEMENT:0.5473138560436948
C_CENTERCONTROL:0.5142828047862475
C_DEVELOPPIECES:0.5100418614591367
C_MATERIAL:0.45732604944997346
