ELO:1000
CE_PASSEDPAWNS:0.5
CE_PAWNWEAKNESSES:0.5
CE_PIECEACTIVITY:0.5
CE_KINGPAWNSHIELD:0.5
CE_PIECECOORDINATION:0.5
CE_MATERIAL:0.4913939916112841
CE_KINGSAFETY:0.5
C_PIECESQUARETABLES:0.49960698032471934
C_MOBILITY:0.4985151586830749
C_KINGSAFETY:0.5032241777989027
C_PAWNSTRUCTURE:0.5023554268928335
C_PIECECOORDINATION:0.502848421328475
C_ROOKANDPAWNMOVEMENT:0.502848421328475
C_CENTERCONTROL:0.49236440959663197
C_DEVELOPPIECES:0.4879035762566373
C_MATERIAL:0.5080375906458814
