ELO:1019
CE_PASSEDPAWNS:0.5
CE_PAWNWEAKNESSES:0.5027469525593339
CE_PIECEACTIVITY:0.5066484599767381
CE_KINGPAWNSHIELD:0.5170397140460875
CE_PIECECOORDINATION:0.5097196379456022
CE_MATERIAL:0.5030313121582659
CE_KINGSAFETY:0.5
C_PIECESQUARETABLES:0.4844432958728335
C_MOBILITY:0.5
C_KINGSAFETY:0.49364130808241014
C_PAWNSTRUCTURE:0.5093910369549005
C_PIECECOORDINATION:0.4956242151519737
C_ROOKANDPAWNMOVEMENT:0.4956242151519737
C_CENTERCONTROL:0.4972218177807415
C_DEVELOPPIECES:0.5
C_MATERIAL:0.5
C_MOVECOUNT:0.478038188261665
