ELO:1018
CE_PASSEDPAWNS:0.5101274325049049
CE_PAWNWEAKNESSES:0.49925567521212877
CE_PIECEACTIVITY:0.5105691633699476
CE_KINGPAWNSHIELD:0.5
CE_PIECECOORDINATION:0.5
CE_MATERIAL:0.5094674082332488
CE_KINGSAFETY:0.5
C_PIECESQUARETABLES:0.5
C_MOBILITY:0.5
C_KINGSAFETY:0.4891382310633481
C_PAWNSTRUCTURE:0.5103105148869364
C_PIECECOORDINATION:0.5001945113639853
C_ROOKANDPAWNMOVEMENT:0.5001945113639853
C_CENTERCONTROL:0.49430138653497524
C_DEVELOPPIECES:0.4964621659729268
C_MATERIAL:0.48575610629944294
C_MOVECOUNT:0.49233323905242105
