ELO:718
CE_PASSEDPAWNS:0.5638893692549445
CE_PAWNWEAKNESSES:0.5298502681815299
CE_PIECEACTIVITY:0.46608607804786323
CE_KINGPAWNSHIELD:0.5170460187258166
CE_PIECECOORDINATION:0.45186663162670454
CE_MATERIAL:0.5188765542440885
CE_KINGSAFETY:0.4650187510531586
C_PIECESQUARETABLES:0.47518410835060715
C_MOBILITY:0.50808475674986
C_KINGSAFETY:0.4879044705179482
C_PAWNSTRUCTURE:0.4441516748828946
C_PIECECOORDINATION:0.5616179232563884
C_ROOKANDPAWNMOVEMENT:0.5616179232563884
C_CENTERCONTROL:0.49023608343237174
C_DEVELOPPIECES:0.5422201265050014
C_MATERIAL:0.5749706082782753
C_MOVECOUNT:0.5
