ELO:1080
CE_PASSEDPAWNS:0.4578564247115142
CE_PAWNWEAKNESSES:0.46357750630599553
CE_PIECEACTIVITY:0.47433902480670276
CE_KINGPAWNSHIELD:0.39346490628787334
CE_PIECECOORDINATION:0.4429562973781996
CE_MATERIAL:0.4773167391676471
CE_KINGSAFETY:0.5083714767153681
C_PIECESQUARETABLES:0.5025867686221427
C_MOBILITY:0.528002809953476
C_KINGSAFETY:0.6197018555116884
C_PAWNSTRUCTURE:0.45339444249062855
C_PIECECOORDINATION:0.4981867918836328
C_ROOKANDPAWNMOVEMENT:0.4981867918836328
C_CENTERCONTROL:0.5111349080766305
C_DEVELOPPIECES:0.5247943890805926
C_MATERIAL:0.39972882541136423
