ELO:728
CE_PASSEDPAWNS:0.5529671502203432
CE_PAWNWEAKNESSES:0.6381554813093746
CE_PIECEACTIVITY:0.48842983169390475
CE_KINGPAWNSHIELD:0.53216158598091
CE_PIECECOORDINATION:0.3282472342732762
CE_MATERIAL:0.46286014041394513
CE_KINGSAFETY:0.5071739580387103
C_PIECESQUARETABLES:0.5146802864783366
C_MOBILITY:0.4745024814186469
C_KINGSAFETY:0.47569401036167136
C_PAWNSTRUCTURE:0.44826840773266785
C_PIECECOORDINATION:0.5084374747974099
C_ROOKANDPAWNMOVEMENT:0.5084374747974099
C_CENTERCONTROL:0.5357583180880576
C_DEVELOPPIECES:0.5019468450957996
C_MATERIAL:0.5482122753763874
C_MOVECOUNT:0.5402766511943983
