ELO:897
CE_PASSEDPAWNS:0.5180526643354201
CE_PAWNWEAKNESSES:0.4994430982632098
CE_PIECEACTIVITY:0.4809454402702402
CE_KINGPAWNSHIELD:0.4976389945939727
CE_PIECECOORDINATION:0.5240199753392297
CE_MATERIAL:0.4815152054040549
CE_KINGSAFETY:0.5102918377510085
C_PIECESQUARETABLES:0.5002201921406783
C_MOBILITY:0.5225756053080631
C_KINGSAFETY:0.5129503137697233
C_PAWNSTRUCTURE:0.4507674713342621
C_PIECECOORDINATION:0.49232387488719953
C_ROOK:0.5034761170878819
CE_ROOK:0.5269930732110547
C_CENTERCONTROL:0.4992630630991177
C_DEVELOPPIECES:0.5124351846409193
C_MATERIAL:0.47572088226440634
C_MOVECOUNT:0.5146875774332599
C_PAWNMOVEMENT:0.478116128367146
