ELO:1001
CE_PASSEDPAWNS:0.44897278800008916
CE_PAWNWEAKNESSES:0.5096854059797399
CE_PIECEACTIVITY:0.5606174132511085
CE_KINGPAWNSHIELD:0.502212453532272
CE_PIECECOORDINATION:0.4754724577488251
CE_MATERIAL:0.4437393000313895
CE_KINGSAFETY:0.4905504635010906
C_PIECESQUARETABLES:0.5139552912825284
C_MOBILITY:0.4147302322156303
C_KINGSAFETY:0.5166577670322137
C_PAWNSTRUCTURE:0.5181578364378807
C_PIECECOORDINATION:0.42227495137656146
C_ROOKANDPAWNMOVEMENT:0.42227495137656146
C_CENTERCONTROL:0.49344110430963756
C_DEVELOPPIECES:0.5787666840098828
C_MATERIAL:0.47065051631528493
