ELO:988
CE_PASSEDPAWNS:0.4945802784085844
CE_PAWNWEAKNESSES:0.5
CE_PIECEACTIVITY:0.4909759129637603
CE_KINGPAWNSHIELD:0.5047102639302218
CE_PIECECOORDINATION:0.5078011829582347
CE_MATERIAL:0.48697228287983924
CE_KINGSAFETY:0.5043282145417659
C_PIECESQUARETABLES:0.5025901725556954
C_MOBILITY:0.5
C_KINGSAFETY:0.48534467625345645
C_PAWNSTRUCTURE:0.5
C_PIECECOORDINATION:0.49473477377637426
C_ROOKANDPAWNMOVEMENT:0.49473477377637426
C_CENTERCONTROL:0.4879231737494985
C_DEVELOPPIECES:0.5
C_MATERIAL:0.5030070819304009
C_MOVECOUNT:0.4984498646853889
