ELO:893
CE_PASSEDPAWNS:0.45255171635455443
CE_PAWNWEAKNESSES:0.48950472903759124
CE_PIECEACTIVITY:0.4586717954300383
CE_KINGPAWNSHIELD:0.5282169255135125
CE_PIECECOORDINATION:0.4963320008949035
CE_MATERIAL:0.462133486092822
CE_KINGSAFETY:0.5270914561893181
C_PIECESQUARETABLES:0.5143567965928662
C_MOBILITY:0.48357795666040093
C_KINGSAFETY:0.5123569457174104
C_PAWNSTRUCTURE:0.4681196479664063
C_PIECECOORDINATION:0.48667752303385614
C_ROOKANDPAWNMOVEMENT:0.48667752303385614
C_CENTERCONTROL:0.5716257951725703
C_DEVELOPPIECES:0.5070986896682583
C_MATERIAL:0.47221521574188463
C_MOVECOUNT:0.5
