ELO:996
CE_PASSEDPAWNS:0.4822759945211344
CE_PAWNWEAKNESSES:0.4764606796027218
CE_PIECEACTIVITY:0.5828496525026478
CE_KINGPAWNSHIELD:0.4953941004067364
CE_PIECECOORDINATION:0.4608593380788608
CE_MATERIAL:0.5453096707705062
CE_KINGSAFETY:0.5064466626980878
C_PIECESQUARETABLES:0.49947585829782054
C_MOBILITY:0.49994377244244326
C_KINGSAFETY:0.4420952076375188
C_PAWNSTRUCTURE:0.5544361638798352
C_PIECECOORDINATION:0.5457085777870697
C_ROOKANDPAWNMOVEMENT:0.5457085777870697
C_CENTERCONTROL:0.5010650071670705
C_DEVELOPPIECES:0.4970170192793675
C_MATERIAL:0.5132135121249692
