ELO:894
CE_PASSEDPAWNS:0.5033457438424169
CE_PAWNWEAKNESSES:0.3797553689332944
CE_PIECEACTIVITY:0.540147419599584
CE_KINGPAWNSHIELD:0.4934906419271709
CE_PIECECOORDINATION:0.527118854716306
CE_MATERIAL:0.4856043784440252
CE_KINGSAFETY:0.5511986929712989
C_PIECESQUARETABLES:0.4810962288170091
C_MOBILITY:0.4970456218573035
C_KINGSAFETY:0.45859637264797826
C_PAWNSTRUCTURE:0.608832978082696
C_PIECECOORDINATION:0.45917623014019954
C_ROOKANDPAWNMOVEMENT:0.45917623014019954
C_CENTERCONTROL:0.5420793377917726
C_DEVELOPPIECES:0.5024887618373178
C_MATERIAL:0.510491076188605
