ELO:917
CE_PASSEDPAWNS:0.4931136276450371
CE_PAWNWEAKNESSES:0.3792097473494537
CE_PIECEACTIVITY:0.45774361004418335
CE_KINGPAWNSHIELD:0.5327536183305583
CE_PIECECOORDINATION:0.53633288752301
CE_MATERIAL:0.5213258119083345
CE_KINGSAFETY:0.5082931202912159
C_PIECESQUARETABLES:0.49636942667389644
C_MOBILITY:0.4970456218573035
C_KINGSAFETY:0.506194457485512
C_PAWNSTRUCTURE:0.6478022187260627
C_PIECECOORDINATION:0.6084280685265157
C_ROOKANDPAWNMOVEMENT:0.6084280685265157
C_CENTERCONTROL:0.5071093614952185
C_DEVELOPPIECES:0.5361855911354095
C_MATERIAL:0.5112445887074041
