ELO:1000
CE_PASSEDPAWNS:0.4812555963072508
CE_PAWNWEAKNESSES:0.511374487086464
CE_PIECEACTIVITY:0.47550930198146196
CE_KINGPAWNSHIELD:0.5094919884400948
CE_PIECECOORDINATION:0.504152638804497
CE_MATERIAL:0.500493345581217
CE_KINGSAFETY:0.4971954623995897
C_PIECESQUARETABLES:0.4830626787836695
C_MOBILITY:0.48066236844494825
C_KINGSAFETY:0.5020351981186632
C_PAWNSTRUCTURE:0.511832687417281
C_PIECECOORDINATION:0.505354538877255
C_ROOKANDPAWNMOVEMENT:0.505354538877255
C_CENTERCONTROL:0.4854778544821161
C_DEVELOPPIECES:0.48637999926058917
C_MATERIAL:0.499699753566281
