ELO:873
CE_PASSEDPAWNS:0.48450832555193624
CE_PAWNWEAKNESSES:0.5151833341361722
CE_PIECEACTIVITY:0.5071593669094525
CE_KINGPAWNSHIELD:0.5727879652419918
CE_PIECECOORDINATION:0.467266683989028
CE_MATERIAL:0.5708863783816809
CE_KINGSAFETY:0.5
C_PIECESQUARETABLES:0.5
C_MOBILITY:0.4944372975400791
C_KINGSAFETY:0.545865457903288
C_PAWNSTRUCTURE:0.4847015376501748
C_PIECECOORDINATION:0.5012753871039798
C_ROOKANDPAWNMOVEMENT:0.5012753871039798
C_CENTERCONTROL:0.6376405652362516
C_DEVELOPPIECES:0.439694387708118
C_MATERIAL:0.4401248411111396
C_MOVECOUNT:0.5
