ELO:1000
CE_PASSEDPAWNS:0.4326455654216269
CE_PAWNWEAKNESSES:0.5406335169773903
CE_PIECEACTIVITY:0.4910434427211187
CE_KINGPAWNSHIELD:0.4844567548549974
CE_PIECECOORDINATION:0.49167239068788043
CE_MATERIAL:0.45801171749479713
CE_KINGSAFETY:0.4776069894329095
C_PIECESQUARETABLES:0.5061985918370526
C_MOBILITY:0.5216909030640833
C_KINGSAFETY:0.5079610759867651
C_PAWNSTRUCTURE:0.500152161691397
C_PIECECOORDINATION:0.5763842245067103
C_ROOKANDPAWNMOVEMENT:0.5763842245067103
C_CENTERCONTROL:0.43313876604323953
C_DEVELOPPIECES:0.5017100001665408
C_MATERIAL:0.501667028794015
