ELO:932
CE_PASSEDPAWNS:0.4673601736831607
CE_PAWNWEAKNESSES:0.4759714958667267
CE_PIECEACTIVITY:0.5120342215030279
CE_KINGPAWNSHIELD:0.4700775042002906
CE_PIECECOORDINATION:0.4950961404119145
CE_MATERIAL:0.5203108676008479
CE_KINGSAFETY:0.5073770423655005
C_PIECESQUARETABLES:0.503847787129578
C_MOBILITY:0.45687884004486407
C_KINGSAFETY:0.5307569461278966
C_PAWNSTRUCTURE:0.5123749116149362
C_PIECECOORDINATION:0.47271950822322817
C_ROOKANDPAWNMOVEMENT:0.47271950822322817
C_CENTERCONTROL:0.4803232923409868
C_DEVELOPPIECES:0.5244117208185235
C_MATERIAL:0.5290947028085552
C_MOVECOUNT:0.5
