ELO:907
CE_PASSEDPAWNS:0.45947021926588266
CE_PAWNWEAKNESSES:0.47838752041723015
CE_PIECEACTIVITY:0.44326220017042545
CE_KINGPAWNSHIELD:0.41854346108186025
CE_PIECECOORDINATION:0.4164576435428928
CE_MATERIAL:0.4623938018219135
CE_KINGSAFETY:0.5050239622407459
C_PIECESQUARETABLES:0.49214354180064623
C_MOBILITY:0.5182166602079283
C_KINGSAFETY:0.5831859999774273
C_PAWNSTRUCTURE:0.4883499450466724
C_PIECECOORDINATION:0.6476870598897968
C_ROOKANDPAWNMOVEMENT:0.6476870598897968
C_CENTERCONTROL:0.4469600939684949
C_DEVELOPPIECES:0.401685264105039
C_MATERIAL:0.4906158360448642
