ELO:948
CE_PASSEDPAWNS:0.49250241741701
CE_PAWNWEAKNESSES:0.4854894527669075
CE_PIECEACTIVITY:0.5039249564603433
CE_KINGPAWNSHIELD:0.5109171899299337
CE_PIECECOORDINATION:0.4984368393389666
CE_MATERIAL:0.48655463992554754
CE_KINGSAFETY:0.48469246221878715
C_PIECESQUARETABLES:0.4978109579342104
C_MOBILITY:0.5209930676898896
C_KINGSAFETY:0.5231953427127104
C_PAWNSTRUCTURE:0.468471491885137
C_PIECECOORDINATION:0.5107755626297267
C_ROOKANDPAWNMOVEMENT:0.5107755626297267
C_CENTERCONTROL:0.4771808584093136
C_DEVELOPPIECES:0.4965205225427918
C_MATERIAL:0.5050780461369347
C_MOVECOUNT:0.5
