ELO:968
CE_PASSEDPAWNS:0.4409769512905378
CE_PAWNWEAKNESSES:0.4915543870955928
CE_PIECEACTIVITY:0.5115830736911374
CE_KINGPAWNSHIELD:0.47634308723421087
CE_PIECECOORDINATION:0.4508902811516006
CE_MATERIAL:0.4287340841499048
CE_KINGSAFETY:0.4758493665489788
C_PIECESQUARETABLES:0.4966580608547592
C_MOBILITY:0.5554200531623809
C_KINGSAFETY:0.5440374852489166
C_PAWNSTRUCTURE:0.5043526015173659
C_PIECECOORDINATION:0.6286951115290887
C_ROOKANDPAWNMOVEMENT:0.6286951115290887
C_CENTERCONTROL:0.41263213460993253
C_DEVELOPPIECES:0.4716466355559397
C_MATERIAL:0.4676675796607633
