ELO:934
CE_PASSEDPAWNS:0.5135762492407032
CE_PAWNWEAKNESSES:0.5633815340161807
CE_PIECEACTIVITY:0.49570545463785043
CE_KINGPAWNSHIELD:0.4533009902373139
CE_PIECECOORDINATION:0.5461673042390229
CE_MATERIAL:0.4874814340637313
CE_KINGSAFETY:0.5031032151500693
C_PIECESQUARETABLES:0.49335381751932716
C_MOBILITY:0.5477052058291804
C_KINGSAFETY:0.5501520623273107
C_PAWNSTRUCTURE:0.5260411906811077
C_PIECECOORDINATION:0.49216491110312116
C_ROOKANDPAWNMOVEMENT:0.49216491110312116
C_CENTERCONTROL:0.5192629569871681
C_DEVELOPPIECES:0.5055349772402888
C_MATERIAL:0.45954239984354056
C_MOVECOUNT:0.5403051553159147
