ELO:1011
CE_PASSEDPAWNS:0.5325521251919618
CE_PAWNWEAKNESSES:0.49684026511337964
CE_PIECEACTIVITY:0.5060281991987715
CE_KINGPAWNSHIELD:0.51498784396794
CE_PIECECOORDINATION:0.48813480440771695
CE_MATERIAL:0.4684451039598194
CE_KINGSAFETY:0.5
C_PIECESQUARETABLES:0.5
C_MOBILITY:0.5036509385339518
C_KINGSAFETY:0.5146553062560553
C_PAWNSTRUCTURE:0.5062333264723871
C_PIECECOORDINATION:0.5068542645564702
C_ROOKANDPAWNMOVEMENT:0.5068542645564702
C_CENTERCONTROL:0.5
C_DEVELOPPIECES:0.514758518718268
C_MATERIAL:0.49295850808944364
C_MOVECOUNT:0.4993599333330086
