ELO:1000
CE_PASSEDPAWNS:0.4586947568128571
CE_PAWNWEAKNESSES:0.5217793201384691
CE_PIECEACTIVITY:0.4960757736658185
CE_KINGPAWNSHIELD:0.46703103948596036
CE_PIECECOORDINATION:0.5004902007721814
CE_MATERIAL:0.47650534865286764
CE_KINGSAFETY:0.46426265930960536
C_PIECESQUARETABLES:0.4930308651335157
C_MOBILITY:0.5377206010222837
C_KINGSAFETY:0.5412684939932627
C_PAWNSTRUCTURE:0.4778246455013637
C_PIECECOORDINATION:0.5896559868906379
C_ROOKANDPAWNMOVEMENT:0.5896559868906379
C_CENTERCONTROL:0.4201895494775632
C_DEVELOPPIECES:0.4801465768757237
C_MATERIAL:0.4702803732633725
