ELO:992
CE_PASSEDPAWNS:0.5087572745817456
CE_PAWNWEAKNESSES:0.5612878615316379
CE_PIECEACTIVITY:0.5405875736527351
CE_KINGPAWNSHIELD:0.5083447373063048
CE_PIECECOORDINATION:0.5558029106910771
CE_MATERIAL:0.46976583868782856
CE_KINGSAFETY:0.5
C_PIECESQUARETABLES:0.5
C_MOBILITY:0.4729693050653754
C_KINGSAFETY:0.4779691554185295
C_PAWNSTRUCTURE:0.5377638268680777
C_PIECECOORDINATION:0.5306606816860326
C_ROOKANDPAWNMOVEMENT:0.5306606816860326
C_CENTERCONTROL:0.5082371990236642
C_DEVELOPPIECES:0.5389067499471187
C_MATERIAL:0.4889426940933764
