ELO:934
CE_PASSEDPAWNS:0.583231538973853
CE_PAWNWEAKNESSES:0.6239859145891368
CE_PIECEACTIVITY:0.45736499821149706
CE_KINGPAWNSHIELD:0.49020680467760563
CE_PIECECOORDINATION:0.5413382565703839
CE_MATERIAL:0.46580768651559934
CE_KINGSAFETY:0.5017220552266163
C_PIECESQUARETABLES:0.4988750996090512
C_MOBILITY:0.5730526414527325
C_KINGSAFETY:0.4290471302633063
C_PAWNSTRUCTURE:0.5398984945246252
C_PIECECOORDINATION:0.509883375040891
C_ROOKANDPAWNMOVEMENT:0.509883375040891
C_CENTERCONTROL:0.5051546496633973
C_DEVELOPPIECES:0.5734595127533331
C_MATERIAL:0.4463414119685072
