ELO:905
CE_PASSEDPAWNS:0.5043081388495338
CE_PAWNWEAKNESSES:0.4592782710423376
CE_PIECEACTIVITY:0.46808552900730466
CE_KINGPAWNSHIELD:0.44055262053085786
CE_PIECECOORDINATION:0.420259074505512
CE_MATERIAL:0.44530413681551423
CE_KINGSAFETY:0.5034838306165687
C_PIECESQUARETABLES:0.5196316197522965
C_MOBILITY:0.5151427531404253
C_KINGSAFETY:0.569518649854684
C_PAWNSTRUCTURE:0.49434711138102577
C_PIECECOORDINATION:0.6225745783524116
C_ROOKANDPAWNMOVEMENT:0.6225745783524116
C_CENTERCONTROL:0.42806596845682804
C_DEVELOPPIECES:0.3600385664444722
C_MATERIAL:0.44880077507351956
