ELO:1006
CE_PASSEDPAWNS:0.5
CE_PAWNWEAKNESSES:0.5101376647651357
CE_PIECEACTIVITY:0.4989043155024413
CE_KINGPAWNSHIELD:0.4884234865920431
CE_PIECECOORDINATION:0.5027447285914528
CE_MATERIAL:0.520109157325024
CE_KINGSAFETY:0.5124275094297408
C_PIECESQUARETABLES:0.5
C_MOBILITY:0.5013106501741018
C_KINGSAFETY:0.5
C_PAWNSTRUCTURE:0.5
C_PIECECOORDINATION:0.49115098042631666
C_ROOKANDPAWNMOVEMENT:0.49115098042631666
C_CENTERCONTROL:0.5
C_DEVELOPPIECES:0.502824214632657
C_MATERIAL:0.490528748365033
