ELO:861
CE_PASSEDPAWNS:0.42532608435153635
CE_PAWNWEAKNESSES:0.6006416638960754
CE_PIECEACTIVITY:0.5446995871190228
CE_KINGPAWNSHIELD:0.543453678416933
CE_PIECECOORDINATION:0.550043830110911
CE_MATERIAL:0.5142529975264919
CE_KINGSAFETY:0.5050350903411366
C_PIECESQUARETABLES:0.5080816702072791
C_MOBILITY:0.4704889464814999
C_KINGSAFETY:0.4059458745580668
C_PAWNSTRUCTURE:0.4188404579375464
C_PIECECOORDINATION:0.3700381654682579
C_ROOKANDPAWNMOVEMENT:0.3700381654682579
C_CENTERCONTROL:0.4631401347359967
C_DEVELOPPIECES:0.5135365733853859
C_MATERIAL:0.4907493283530653
