ELO:1000
CE_PASSEDPAWNS:0.4586947568128571
CE_PAWNWEAKNESSES:0.5217793201384691
CE_PIECEACTIVITY:0.5055516771958937
CE_KINGPAWNSHIELD:0.4709694617834621
CE_PIECECOORDINATION:0.488060540973944
CE_MATERIAL:0.46911280263802785
CE_KINGSAFETY:0.46426265930960536
C_PIECESQUARETABLES:0.4930308651335157
C_MOBILITY:0.5377206010222837
C_KINGSAFETY:0.5412684939932627
C_PAWNSTRUCTURE:0.48883153058040885
C_PIECECOORDINATION:0.5896559868906379
C_ROOKANDPAWNMOVEMENT:0.5896559868906379
C_CENTERCONTROL:0.41117043559115585
C_DEVELOPPIECES:0.4801465768757237
C_MATERIAL:0.47735150933697473
