ELO:907
CE_PASSEDPAWNS:0.4876060465397157
CE_PAWNWEAKNESSES:0.5113475153824488
CE_PIECEACTIVITY:0.49223669685895916
CE_KINGPAWNSHIELD:0.49787552611460645
CE_PIECECOORDINATION:0.4220121211604495
CE_MATERIAL:0.58362212611308
CE_KINGSAFETY:0.5052506726863824
C_PIECESQUARETABLES:0.5028898966517442
C_MOBILITY:0.4733844837219435
C_KINGSAFETY:0.4781659839916305
C_PAWNSTRUCTURE:0.46468414501232885
C_PIECECOORDINATION:0.46032791469180323
C_ROOK:0.45763247545736047
CE_ROOK:0.46661887183858625
C_CENTERCONTROL:0.4986616507788543
C_DEVELOPPIECES:0.5065777793903098
C_MATERIAL:0.48498253283538145
C_MOVECOUNT:0.4681862287432044
C_PAWNMOVEMENT:0.479397179243161
