ELO:965
CE_PASSEDPAWNS:0.48473173124347685
CE_PAWNWEAKNESSES:0.5592429678768145
CE_PIECEACTIVITY:0.5140086916629228
CE_KINGPAWNSHIELD:0.5181814565553836
CE_PIECECOORDINATION:0.5237769728044414
CE_MATERIAL:0.505657705883693
CE_KINGSAFETY:0.5
C_PIECESQUARETABLES:0.4868283740590426
C_MOBILITY:0.5420520256277256
C_KINGSAFETY:0.4978097648109835
C_PAWNSTRUCTURE:0.5239534074545589
C_PIECECOORDINATION:0.5
C_ROOKANDPAWNMOVEMENT:0.5
C_CENTERCONTROL:0.5282703743071355
C_DEVELOPPIECES:0.47601526694580565
C_MATERIAL:0.5065263893307775
C_MOVECOUNT:0.5
