ELO:877
CE_PASSEDPAWNS:0.5718616326017992
CE_PAWNWEAKNESSES:0.5106765230561024
CE_PIECEACTIVITY:0.4708257146136149
CE_KINGPAWNSHIELD:0.5145306291743558
CE_PIECECOORDINATION:0.5616469598685098
CE_MATERIAL:0.48361866023826566
CE_KINGSAFETY:0.49272292070030577
C_PIECESQUARETABLES:0.523214652242571
C_MOBILITY:0.5064160064531863
C_KINGSAFETY:0.5396956594707017
C_PAWNSTRUCTURE:0.5079274543474185
C_PIECECOORDINATION:0.5008912183950011
C_ROOKANDPAWNMOVEMENT:0.5008912183950011
C_CENTERCONTROL:0.46974909518288327
C_DEVELOPPIECES:0.4921455239012699
C_MATERIAL:0.457616142081216
C_MOVECOUNT:0.5532865072402534
