ELO:877
CE_PASSEDPAWNS:0.5113961139895178
CE_PAWNWEAKNESSES:0.5039167491572053
CE_PIECEACTIVITY:0.4873898979177792
CE_KINGPAWNSHIELD:0.5113481126025141
CE_PIECECOORDINATION:0.42876503231530516
CE_MATERIAL:0.5971102438901478
CE_KINGSAFETY:0.5
C_PIECESQUARETABLES:0.5
C_MOBILITY:0.4729502410438378
C_KINGSAFETY:0.4781659839916305
C_PAWNSTRUCTURE:0.49963907033875643
C_PIECECOORDINATION:0.44676728838643315
C_ROOK:0.46972205834905345
CE_ROOK:0.44922681499289385
C_CENTERCONTROL:0.5127115868086508
C_DEVELOPPIECES:0.5263467074238176
C_MATERIAL:0.4967525791322752
C_MOVECOUNT:0.48092927377392164
C_PAWNMOVEMENT:0.47446246534965925
