ELO:919
CE_PASSEDPAWNS:0.4957485695498954
CE_PAWNWEAKNESSES:0.5061890098809946
CE_PIECEACTIVITY:0.49982492752577107
CE_KINGPAWNSHIELD:0.49735338690066905
CE_PIECECOORDINATION:0.4329234682345287
CE_MATERIAL:0.5846029707288055
CE_KINGSAFETY:0.5
C_PIECESQUARETABLES:0.4945496621927931
C_MOBILITY:0.4682714445710331
C_KINGSAFETY:0.4781659839916305
C_PAWNSTRUCTURE:0.49161708815370664
C_PIECECOORDINATION:0.45671865012604157
C_ROOK:0.4601704469439511
CE_ROOK:0.4588748967361774
C_CENTERCONTROL:0.5127115868086508
C_DEVELOPPIECES:0.5175734051104517
C_MATERIAL:0.5023989011389327
C_MOVECOUNT:0.4758834887064383
C_PAWNMOVEMENT:0.47446246534965925
