ELO:956
CE_PASSEDPAWNS:0.49232684638547525
CE_PAWNWEAKNESSES:0.5552550959449998
CE_PIECEACTIVITY:0.5
CE_KINGPAWNSHIELD:0.49301579413468183
CE_PIECECOORDINATION:0.4980525030366208
CE_MATERIAL:0.5054049436415096
CE_KINGSAFETY:0.496364012637161
C_PIECESQUARETABLES:0.5010436483869679
C_MOBILITY:0.5050731993837115
C_KINGSAFETY:0.48609872359671713
C_PAWNSTRUCTURE:0.5060703424866697
C_PIECECOORDINATION:0.4658653463876577
C_ROOKANDPAWNMOVEMENT:0.4658653463876577
C_CENTERCONTROL:0.5118560771619469
C_DEVELOPPIECES:0.4991444513257475
C_MATERIAL:0.49460776507738136
C_MOVECOUNT:0.5
