ELO:872
CE_PASSEDPAWNS:0.5182695598894752
CE_PAWNWEAKNESSES:0.5074559498610276
CE_PIECEACTIVITY:0.48693855346452
CE_KINGPAWNSHIELD:0.5062146681566302
CE_PIECECOORDINATION:0.4166054932218663
CE_MATERIAL:0.5860606293308116
CE_KINGSAFETY:0.49860044795933656
C_PIECESQUARETABLES:0.4987673682767312
C_MOBILITY:0.4729502410438378
C_KINGSAFETY:0.4781659839916305
C_PAWNSTRUCTURE:0.4998702462565204
C_PIECECOORDINATION:0.44579778170762974
C_ROOK:0.46934242493057143
CE_ROOK:0.44922681499289385
C_CENTERCONTROL:0.5046643708265852
C_DEVELOPPIECES:0.5247196481426057
C_MATERIAL:0.499886943339619
C_MOVECOUNT:0.48084173998379426
C_PAWNMOVEMENT:0.4783895540982055
