ELO:795
CE_PASSEDPAWNS:0.4966699346719042
CE_PAWNWEAKNESSES:0.5327268023390003
CE_PIECEACTIVITY:0.5093571957379242
CE_KINGPAWNSHIELD:0.49330517758243025
CE_PIECECOORDINATION:0.5689592263728274
CE_MATERIAL:0.5263007190976607
CE_KINGSAFETY:0.49007302021675714
C_PIECESQUARETABLES:0.5
C_MOBILITY:0.4436503006651148
C_KINGSAFETY:0.3966731285966679
C_PAWNSTRUCTURE:0.44993995952803884
C_PIECECOORDINATION:0.4749700503731726
C_ROOKANDPAWNMOVEMENT:0.4749700503731726
C_CENTERCONTROL:0.5501129409162101
C_DEVELOPPIECES:0.4563072117446849
C_MATERIAL:0.5302702562247977
C_MOVECOUNT:0.5
