ELO:1023
CE_PASSEDPAWNS:0.5325521251919618
CE_PAWNWEAKNESSES:0.5220184967196212
CE_PIECEACTIVITY:0.5060281991987715
CE_KINGPAWNSHIELD:0.51498784396794
CE_PIECECOORDINATION:0.5222194720040109
CE_MATERIAL:0.4684451039598194
CE_KINGSAFETY:0.5
C_PIECESQUARETABLES:0.5
C_MOBILITY:0.5036509385339518
C_KINGSAFETY:0.5146553062560553
C_PAWNSTRUCTURE:0.5044170837220311
C_PIECECOORDINATION:0.5068542645564702
C_ROOKANDPAWNMOVEMENT:0.5068542645564702
C_CENTERCONTROL:0.5
C_DEVELOPPIECES:0.495061627266798
C_MATERIAL:0.49295850808944364
C_MOVECOUNT:0.4993599333330086
