ELO:897
CE_PASSEDPAWNS:0.4755767963287443
CE_PAWNWEAKNESSES:0.5113475153824488
CE_PIECEACTIVITY:0.48828562411940696
CE_KINGPAWNSHIELD:0.49787552611460645
CE_PIECECOORDINATION:0.4220121211604495
CE_MATERIAL:0.5838187624838098
CE_KINGSAFETY:0.5
C_PIECESQUARETABLES:0.5028898966517442
C_MOBILITY:0.47004102286953603
C_KINGSAFETY:0.4781659839916305
C_PAWNSTRUCTURE:0.4648022736610792
C_PIECECOORDINATION:0.45990837330855633
C_ROOK:0.46604200560427284
CE_ROOK:0.46661887183858625
C_CENTERCONTROL:0.4986616507788543
C_DEVELOPPIECES:0.5065777793903098
C_MATERIAL:0.48498253283538145
C_MOVECOUNT:0.46868139433109435
C_PAWNMOVEMENT:0.479397179243161
