ELO:950
CE_PASSEDPAWNS:0.513789260988879
CE_PAWNWEAKNESSES:0.6150890975599446
CE_PIECEACTIVITY:0.5112294532403846
CE_KINGPAWNSHIELD:0.465150831777636
CE_PIECECOORDINATION:0.5188510774427718
CE_MATERIAL:0.4650477401889142
CE_KINGSAFETY:0.4863353272161861
C_PIECESQUARETABLES:0.5121913257042743
C_MOBILITY:0.5424246465047837
C_KINGSAFETY:0.4548798154541719
C_PAWNSTRUCTURE:0.5354612006605614
C_PIECECOORDINATION:0.5179615822589089
C_ROOKANDPAWNMOVEMENT:0.5179615822589089
C_CENTERCONTROL:0.5341240611383151
C_DEVELOPPIECES:0.5675697079238016
C_MATERIAL:0.45717619086269484
