ELO:970
CE_PASSEDPAWNS:0.47947455214261253
CE_PAWNWEAKNESSES:0.48150657834832944
CE_PIECEACTIVITY:0.5039249564603433
CE_KINGPAWNSHIELD:0.5109171899299337
CE_PIECECOORDINATION:0.5013264627290963
CE_MATERIAL:0.4971368090425171
CE_KINGSAFETY:0.47514364370038636
C_PIECESQUARETABLES:0.5029316582329975
C_MOBILITY:0.5141861814673345
C_KINGSAFETY:0.5207992821863564
C_PAWNSTRUCTURE:0.4770192480438892
C_PIECECOORDINATION:0.5029384546671245
C_ROOKANDPAWNMOVEMENT:0.5029384546671245
C_CENTERCONTROL:0.4889678908181317
C_DEVELOPPIECES:0.4844975055984325
C_MATERIAL:0.5050780461369347
C_MOVECOUNT:0.5
