ELO:1000
CE_PASSEDPAWNS:0.5130276228190457
CE_PAWNWEAKNESSES:0.5278757761532487
CE_PIECEACTIVITY:0.5032666679072526
CE_KINGPAWNSHIELD:0.506609663475943
CE_PIECECOORDINATION:0.5056769698040002
CE_MATERIAL:0.5013878571524251
CE_KINGSAFETY:0.5111999893957547
C_PIECESQUARETABLES:0.4816403385351666
C_MOBILITY:0.4788253299832265
C_KINGSAFETY:0.49908319780704125
C_PAWNSTRUCTURE:0.4919808226359043
C_PIECECOORDINATION:0.5113468550239896
C_ROOKANDPAWNMOVEMENT:0.5113468550239896
C_CENTERCONTROL:0.5030779091609681
C_DEVELOPPIECES:0.4959272305470051
C_MATERIAL:0.5337798205391759
