ELO:950
CE_PASSEDPAWNS:0.513789260988879
CE_PAWNWEAKNESSES:0.620341562284968
CE_PIECEACTIVITY:0.5157083725968621
CE_KINGPAWNSHIELD:0.4720562459449597
CE_PIECECOORDINATION:0.5188510774427718
CE_MATERIAL:0.4650477401889142
CE_KINGSAFETY:0.4976850270329579
C_PIECESQUARETABLES:0.5121913257042743
C_MOBILITY:0.5424246465047837
C_KINGSAFETY:0.4548798154541719
C_PAWNSTRUCTURE:0.5354612006605614
C_PIECECOORDINATION:0.5088013782214993
C_ROOKANDPAWNMOVEMENT:0.5088013782214993
C_CENTERCONTROL:0.5341240611383151
C_DEVELOPPIECES:0.5675697079238016
C_MATERIAL:0.45717619086269484
