ELO:1163
CE_PASSEDPAWNS:0.4522391623994131
CE_PAWNWEAKNESSES:0.5049538678398092
CE_PIECEACTIVITY:0.47707812532962285
CE_KINGPAWNSHIELD:0.4774259118591802
CE_PIECECOORDINATION:0.5707969823983154
CE_MATERIAL:0.39783305558335186
CE_KINGSAFETY:0.5
C_PIECESQUARETABLES:0.5
C_MOBILITY:0.40868295545563177
C_KINGSAFETY:0.30807903020254146
C_PAWNSTRUCTURE:0.41040599071577993
C_PIECECOORDINATION:0.36062421724656424
C_ROOKANDPAWNMOVEMENT:0.36062421724656424
C_CENTERCONTROL:0.4971758326519334
C_DEVELOPPIECES:0.564658791254624
C_MATERIAL:0.4063918105112338
