ELO:869
CE_PASSEDPAWNS:0.46396798516778043
CE_PAWNWEAKNESSES:0.46790205161021076
CE_PIECEACTIVITY:0.4556832005879005
CE_KINGPAWNSHIELD:0.44040558859334195
CE_PIECECOORDINATION:0.45057638835024155
CE_MATERIAL:0.46662448014551994
CE_KINGSAFETY:0.5139724482923171
C_PIECESQUARETABLES:0.4833134041643034
C_MOBILITY:0.5190303175150094
C_KINGSAFETY:0.5763688195041698
C_PAWNSTRUCTURE:0.48906142141678516
C_PIECECOORDINATION:0.6443949162332715
C_ROOKANDPAWNMOVEMENT:0.6443949162332715
C_CENTERCONTROL:0.43196553030706425
C_DEVELOPPIECES:0.3789575393053142
C_MATERIAL:0.47452248417646326
