ELO:983
CE_PASSEDPAWNS:0.5
CE_PAWNWEAKNESSES:0.49881948352447586
CE_PIECEACTIVITY:0.4979604553042979
CE_KINGPAWNSHIELD:0.5
CE_PIECECOORDINATION:0.5111395229336335
CE_MATERIAL:0.5023787618279956
CE_KINGSAFETY:0.5
C_PIECESQUARETABLES:0.5
C_MOBILITY:0.5
C_KINGSAFETY:0.510190398814442
C_PAWNSTRUCTURE:0.5
C_PIECECOORDINATION:0.5
C_ROOKANDPAWNMOVEMENT:0.5
C_CENTERCONTROL:0.5
C_DEVELOPPIECES:0.5050834149118658
C_MATERIAL:0.5199258695534315
C_MOVECOUNT:0.5
