ELO:900
CE_PASSEDPAWNS:0.42532608435153635
CE_PAWNWEAKNESSES:0.35707619419777475
CE_PIECEACTIVITY:0.4352236524526911
CE_KINGPAWNSHIELD:0.554979874650645
CE_PIECECOORDINATION:0.5069599007435874
CE_MATERIAL:0.3963153506881685
CE_KINGSAFETY:0.5
C_PIECESQUARETABLES:0.5
C_MOBILITY:0.6061106528860455
C_KINGSAFETY:0.4400355456587376
C_PAWNSTRUCTURE:0.6382690062758175
C_PIECECOORDINATION:0.5829626638303522
C_ROOKANDPAWNMOVEMENT:0.5829626638303522
C_CENTERCONTROL:0.5095169432659304
C_DEVELOPPIECES:0.49140861077725345
C_MATERIAL:0.47810666964373943
