ELO:955
CE_PASSEDPAWNS:0.5254775297080718
CE_PAWNWEAKNESSES:0.4909918244132854
CE_PIECEACTIVITY:0.4976581389471692
CE_KINGPAWNSHIELD:0.5143147249239081
CE_PIECECOORDINATION:0.49922278670048303
CE_MATERIAL:0.5225472319489256
CE_KINGSAFETY:0.4731374019503345
C_PIECESQUARETABLES:0.48670446013806645
C_MOBILITY:0.5163483539847035
C_KINGSAFETY:0.5391080944098829
C_PAWNSTRUCTURE:0.4880890891221349
C_PIECECOORDINATION:0.5388952025443989
C_ROOKANDPAWNMOVEMENT:0.5388952025443989
C_CENTERCONTROL:0.485533054864772
C_DEVELOPPIECES:0.5296068317278789
C_MATERIAL:0.4805984625025233
C_MOVECOUNT:0.5183227840716101
