ELO:1000
CE_PASSEDPAWNS:0.49776206688679536
CE_PAWNWEAKNESSES:0.47716535726325726
CE_PIECEACTIVITY:0.5
CE_KINGPAWNSHIELD:0.4941939485152573
CE_PIECECOORDINATION:0.5139098256965258
CE_MATERIAL:0.5083036152499121
CE_KINGSAFETY:0.5091516233167108
C_PIECESQUARETABLES:0.505373338230985
C_MOBILITY:0.5035109531847521
C_KINGSAFETY:0.49397956655352615
C_PAWNSTRUCTURE:0.4949340411229574
C_PIECECOORDINATION:0.5087581941149135
C_ROOK:0.46845649582993976
CE_ROOK:0.5128407331988819
C_CENTERCONTROL:0.4958895746019964
C_DEVELOPPIECES:0.4962914948749842
C_MATERIAL:0.4967388976558937
C_MOVECOUNT:0.5134782611811842
C_PAWNMOVEMENT:0.5218731806382141
