ELO:969
CE_PASSEDPAWNS:0.43773225866065885
CE_PAWNWEAKNESSES:0.509176404927968
CE_PIECEACTIVITY:0.5180285381969855
CE_KINGPAWNSHIELD:0.47748860708596175
CE_PIECECOORDINATION:0.4614040512753495
CE_MATERIAL:0.4647986574795233
CE_KINGSAFETY:0.47886663472250923
C_PIECESQUARETABLES:0.4859514912696228
C_MOBILITY:0.5371064328772204
C_KINGSAFETY:0.5419778184558686
C_PAWNSTRUCTURE:0.5221273640451721
C_PIECECOORDINATION:0.6144584584938263
C_ROOKANDPAWNMOVEMENT:0.6144584584938263
C_CENTERCONTROL:0.40563979998835203
C_DEVELOPPIECES:0.4590532405624247
C_MATERIAL:0.4520004831717681
