ELO:880
CE_PASSEDPAWNS:0.49201304042478367
CE_PAWNWEAKNESSES:0.5667077149510189
CE_PIECEACTIVITY:0.48491055909018055
CE_KINGPAWNSHIELD:0.49691725575416035
CE_PIECECOORDINATION:0.5165825010269398
CE_MATERIAL:0.4910300135804803
CE_KINGSAFETY:0.5278943133907501
C_PIECESQUARETABLES:0.48999692124140454
C_MOBILITY:0.489555650870838
C_KINGSAFETY:0.4974599222732174
C_PAWNSTRUCTURE:0.5027806710939523
C_PIECECOORDINATION:0.5372426882339024
C_ROOKANDPAWNMOVEMENT:0.5372426882339024
C_CENTERCONTROL:0.4718647173803345
C_DEVELOPPIECES:0.5263099134917592
C_MATERIAL:0.4684405306232087
C_MOVECOUNT:0.5
