ELO:981
CE_PASSEDPAWNS:0.5278256818292824
CE_PAWNWEAKNESSES:0.5099828926725992
CE_PIECEACTIVITY:0.5100633791592462
CE_KINGPAWNSHIELD:0.5303188290016134
CE_PIECECOORDINATION:0.4847006172209845
CE_MATERIAL:0.5018264250565408
CE_KINGSAFETY:0.5
C_PIECESQUARETABLES:0.5
C_MOBILITY:0.49844666443375457
C_KINGSAFETY:0.5133735917389681
C_PAWNSTRUCTURE:0.5015083894057291
C_PIECECOORDINATION:0.5278402955829632
C_ROOKANDPAWNMOVEMENT:0.5278402955829632
C_CENTERCONTROL:0.4994778135263285
C_DEVELOPPIECES:0.48428643209447725
C_MATERIAL:0.5031185353104736
C_MOVECOUNT:0.494586390904701
