ELO:876
CE_PASSEDPAWNS:0.4863662182891246
CE_PAWNWEAKNESSES:0.45778474311279865
CE_PIECEACTIVITY:0.5022648053068046
CE_KINGPAWNSHIELD:0.5424275397998045
CE_PIECECOORDINATION:0.4381826389890925
CE_MATERIAL:0.6669151228033608
CE_KINGSAFETY:0.4331745886050083
C_PIECESQUARETABLES:0.4560222012333952
C_MOBILITY:0.46780234830993067
C_KINGSAFETY:0.48409015852894843
C_PAWNSTRUCTURE:0.5111923086708444
C_PIECECOORDINATION:0.5028591448442913
C_ROOKANDPAWNMOVEMENT:0.5028591448442913
C_CENTERCONTROL:0.45653249305779614
C_DEVELOPPIECES:0.6283133359738905
C_MATERIAL:0.6533142299324259
