ELO:902
CE_PASSEDPAWNS:0.45578827254061416
CE_PAWNWEAKNESSES:0.4478380005765774
CE_PIECEACTIVITY:0.502542478337009
CE_KINGPAWNSHIELD:0.576904636309786
CE_PIECECOORDINATION:0.4430160026043445
CE_MATERIAL:0.6201252054569456
CE_KINGSAFETY:0.46699781589366113
C_PIECESQUARETABLES:0.5139024617786483
C_MOBILITY:0.46310756383962104
C_KINGSAFETY:0.49044809322893246
C_PAWNSTRUCTURE:0.5354034209703009
C_PIECECOORDINATION:0.48994617993500494
C_ROOKANDPAWNMOVEMENT:0.48994617993500494
C_CENTERCONTROL:0.40829616162621396
C_DEVELOPPIECES:0.5730379329139933
C_MATERIAL:0.6399360809947242
