ELO:897
CE_PASSEDPAWNS:0.4641084620724852
CE_PAWNWEAKNESSES:0.4360959174992762
CE_PIECEACTIVITY:0.47927899997777457
CE_KINGPAWNSHIELD:0.5651630620230249
CE_PIECECOORDINATION:0.4430160026043445
CE_MATERIAL:0.6271696908057028
CE_KINGSAFETY:0.4588611536312403
C_PIECESQUARETABLES:0.4894573314910504
C_MOBILITY:0.4673508157875768
C_KINGSAFETY:0.482742361066711
C_PAWNSTRUCTURE:0.5252747603263108
C_PIECECOORDINATION:0.48119580531329104
C_ROOKANDPAWNMOVEMENT:0.48119580531329104
C_CENTERCONTROL:0.4101846870159392
C_DEVELOPPIECES:0.5730379329139933
C_MATERIAL:0.641940268266332
