ELO:958
CE_PASSEDPAWNS:0.5262476049498497
CE_PAWNWEAKNESSES:0.48202180165154007
CE_PIECEACTIVITY:0.5411354810104636
CE_KINGPAWNSHIELD:0.5092928564096558
CE_PIECECOORDINATION:0.5281555209763334
CE_MATERIAL:0.49227140413331155
CE_KINGSAFETY:0.49363888191970157
C_PIECESQUARETABLES:0.49218146099812315
C_MOBILITY:0.46760421448154066
C_KINGSAFETY:0.5009872611997358
C_PAWNSTRUCTURE:0.5318362060490164
C_PIECECOORDINATION:0.49310269825930614
C_ROOK:0.5002847547110358
CE_ROOK:0.4972782060112704
C_CENTERCONTROL:0.5133353282492892
C_DEVELOPPIECES:0.4947218111515526
C_MATERIAL:0.5229452947648034
C_MOVECOUNT:0.47735145771398424
C_PAWNMOVEMENT:0.473461814828414
