ELO:994
CE_PASSEDPAWNS:0.5071414310693487
CE_PAWNWEAKNESSES:0.4428027344805452
CE_PIECEACTIVITY:0.5368270536969155
CE_KINGPAWNSHIELD:0.5249120181686588
CE_PIECECOORDINATION:0.46823221224058126
CE_MATERIAL:0.5546896366749345
CE_KINGSAFETY:0.4969035966742031
C_PIECESQUARETABLES:0.4950694816042803
C_MOBILITY:0.47354400746559494
C_KINGSAFETY:0.5349052750920041
C_PAWNSTRUCTURE:0.5323771303352118
C_PIECECOORDINATION:0.5115674507341889
C_ROOKANDPAWNMOVEMENT:0.5115674507341889
C_CENTERCONTROL:0.48062539541160654
C_DEVELOPPIECES:0.5605598142731056
C_MATERIAL:0.5806875932674636
