ELO:1031
CE_PASSEDPAWNS:0.5
CE_PAWNWEAKNESSES:0.49899933355371884
CE_PIECEACTIVITY:0.5
CE_KINGPAWNSHIELD:0.4996933496506237
CE_PIECECOORDINATION:0.5124335774874402
CE_MATERIAL:0.5
CE_KINGSAFETY:0.5
C_PIECESQUARETABLES:0.48875625400302186
C_MOBILITY:0.49581817984822685
C_KINGSAFETY:0.5
C_PAWNSTRUCTURE:0.49349569766085655
C_PIECECOORDINATION:0.5
C_ROOKANDPAWNMOVEMENT:0.5
C_CENTERCONTROL:0.5
C_DEVELOPPIECES:0.5
C_MATERIAL:0.48899850465087463
