ELO:1000
CE_PASSEDPAWNS:0.496651980916643
CE_PAWNWEAKNESSES:0.5986770815246334
CE_PIECEACTIVITY:0.5036383601525376
CE_KINGPAWNSHIELD:0.5103982056563189
CE_PIECECOORDINATION:0.4909653818847803
CE_MATERIAL:0.5229946508012984
CE_KINGSAFETY:0.424180971064313
C_PIECESQUARETABLES:0.5150709019989639
C_MOBILITY:0.5756158774006576
C_KINGSAFETY:0.4990359016190568
C_PAWNSTRUCTURE:0.467233650551782
C_PIECECOORDINATION:0.473177724222964
C_ROOKANDPAWNMOVEMENT:0.473177724222964
C_CENTERCONTROL:0.5695021680589627
C_DEVELOPPIECES:0.5106656167827445
C_MATERIAL:0.5166028795869122
