ELO:909
CE_PASSEDPAWNS:0.5140236899552526
CE_PAWNWEAKNESSES:0.47220574463173903
CE_PIECEACTIVITY:0.5348021986428968
CE_KINGPAWNSHIELD:0.490480728595043
CE_PIECECOORDINATION:0.5104158401740552
CE_MATERIAL:0.4852531101185015
CE_KINGSAFETY:0.5
C_PIECESQUARETABLES:0.5052804966219611
C_MOBILITY:0.45550707103722227
C_KINGSAFETY:0.48411203822429344
C_PAWNSTRUCTURE:0.48958865891831266
C_PIECECOORDINATION:0.4759768506959562
C_ROOK:0.44655803850702785
CE_ROOK:0.5003673836218422
C_CENTERCONTROL:0.5304595636208566
C_DEVELOPPIECES:0.45145470537861654
C_MATERIAL:0.49729017146039817
C_MOVECOUNT:0.4643701003059893
C_PAWNMOVEMENT:0.48143876869805363
