ELO:982
CE_PASSEDPAWNS:0.5071956429540204
CE_PAWNWEAKNESSES:0.5072174046457049
CE_PIECEACTIVITY:0.5123075350013375
CE_KINGPAWNSHIELD:0.502456115570325
CE_PIECECOORDINATION:0.5056786868222902
CE_MATERIAL:0.5063005782379458
CE_KINGSAFETY:0.4986313464493889
C_PIECESQUARETABLES:0.5
C_MOBILITY:0.4829412218099783
C_KINGSAFETY:0.5218506161731201
C_PAWNSTRUCTURE:0.4954789384548985
C_PIECECOORDINATION:0.4972468127963242
C_ROOKANDPAWNMOVEMENT:0.4972468127963242
C_CENTERCONTROL:0.49107009412251335
C_DEVELOPPIECES:0.49986026836542036
C_MATERIAL:0.502770567214165
