ELO:937
CE_PASSEDPAWNS:0.5732609083757401
CE_PAWNWEAKNESSES:0.5280718791375442
CE_PIECEACTIVITY:0.45496279205632373
CE_KINGPAWNSHIELD:0.49317568594194144
CE_PIECECOORDINATION:0.5052286397876308
CE_MATERIAL:0.4860054088827691
CE_KINGSAFETY:0.5285934317583141
C_PIECESQUARETABLES:0.48705273259745036
C_MOBILITY:0.550596004969825
C_KINGSAFETY:0.5347812636167355
C_PAWNSTRUCTURE:0.37449681904663723
C_PIECECOORDINATION:0.5020611023614787
C_ROOKANDPAWNMOVEMENT:0.5020611023614787
C_CENTERCONTROL:0.447343279414524
C_DEVELOPPIECES:0.43962974284182843
C_MATERIAL:0.45655320264221605
