ELO:869
CE_PASSEDPAWNS:0.4634888917956333
CE_PAWNWEAKNESSES:0.51636450666419
CE_PIECEACTIVITY:0.469668843875257
CE_KINGPAWNSHIELD:0.45342585181697925
CE_PIECECOORDINATION:0.4075467917513038
CE_MATERIAL:0.4694406172388068
CE_KINGSAFETY:0.5047623658517112
C_PIECESQUARETABLES:0.5275117470593849
C_MOBILITY:0.44862092879863713
C_KINGSAFETY:0.5783670557685484
C_PAWNSTRUCTURE:0.45229843417224974
C_PIECECOORDINATION:0.47773318612089155
C_ROOKANDPAWNMOVEMENT:0.47773318612089155
C_CENTERCONTROL:0.5177135440512664
C_DEVELOPPIECES:0.5369319302579691
C_MATERIAL:0.49997471083875505
C_MOVECOUNT:0.5
