ELO:961
CE_PASSEDPAWNS:0.5837590672172345
CE_PAWNWEAKNESSES:0.5490901082457131
CE_PIECEACTIVITY:0.4730181608628604
CE_KINGPAWNSHIELD:0.5005971808266519
CE_PIECECOORDINATION:0.4829102074182318
CE_MATERIAL:0.5130175823339456
CE_KINGSAFETY:0.5412872502468699
C_PIECESQUARETABLES:0.5277072223340505
C_MOBILITY:0.5624039710950018
C_KINGSAFETY:0.5109644410478332
C_PAWNSTRUCTURE:0.3601012730554034
C_PIECECOORDINATION:0.5275613223148531
C_ROOKANDPAWNMOVEMENT:0.5275613223148531
C_CENTERCONTROL:0.5003369827305881
C_DEVELOPPIECES:0.4565621403215554
C_MATERIAL:0.4722319095216884
