ELO:822
CE_PASSEDPAWNS:0.49291633799232315
CE_PAWNWEAKNESSES:0.46433844763466137
CE_PIECEACTIVITY:0.504973637718074
CE_KINGPAWNSHIELD:0.4799537458777401
CE_PIECECOORDINATION:0.47284253241990537
CE_MATERIAL:0.5083782612783233
CE_KINGSAFETY:0.5041624457144226
C_PIECESQUARETABLES:0.497669618432313
C_MOBILITY:0.44365835723441066
C_KINGSAFETY:0.5163693940235146
C_PAWNSTRUCTURE:0.5250000326084874
C_PIECECOORDINATION:0.4552645374140474
C_ROOKANDPAWNMOVEMENT:0.4552645374140474
C_CENTERCONTROL:0.5215040217727147
C_DEVELOPPIECES:0.45893067875473126
C_MATERIAL:0.50360131476985
C_MOVECOUNT:0.5026813589573297
