ELO:1000
CE_PASSEDPAWNS:0.5642512901381161
CE_PAWNWEAKNESSES:0.4579619890155049
CE_PIECEACTIVITY:0.5447255146224922
CE_KINGPAWNSHIELD:0.5367426839040043
CE_PIECECOORDINATION:0.4946682739158966
CE_MATERIAL:0.4868183315250543
CE_KINGSAFETY:0.5118371605386002
C_PIECESQUARETABLES:0.5449531291658594
C_MOBILITY:0.45277346794932455
C_KINGSAFETY:0.45404468183176055
C_PAWNSTRUCTURE:0.46909941906816327
C_PIECECOORDINATION:0.4901937545798004
C_ROOKANDPAWNMOVEMENT:0.4901937545798004
C_CENTERCONTROL:0.5057263040981858
C_DEVELOPPIECES:0.48596492269370395
C_MATERIAL:0.5371064170639605
