ELO:1068
CE_PASSEDPAWNS:0.48456433883191036
CE_PAWNWEAKNESSES:0.515635182732479
CE_PIECEACTIVITY:0.5226236175401009
CE_KINGPAWNSHIELD:0.4660104187674025
CE_PIECECOORDINATION:0.5449900128502336
CE_MATERIAL:0.3982294489052931
CE_KINGSAFETY:0.5
C_PIECESQUARETABLES:0.5043007061027746
C_MOBILITY:0.5298149696246324
C_KINGSAFETY:0.6381727296823652
C_PAWNSTRUCTURE:0.4417854149681585
C_PIECECOORDINATION:0.5174999122869818
C_ROOKANDPAWNMOVEMENT:0.5174999122869818
C_CENTERCONTROL:0.5916556751746048
C_DEVELOPPIECES:0.5042928328370754
C_MATERIAL:0.3979952258483269
