ELO:1009
CE_PASSEDPAWNS:0.5714817394900423
CE_PAWNWEAKNESSES:0.5513891456678232
CE_PIECEACTIVITY:0.44900668148370143
CE_KINGPAWNSHIELD:0.5161109463195609
CE_PIECECOORDINATION:0.5240806996424744
CE_MATERIAL:0.49148287646046424
CE_KINGSAFETY:0.49321123248978116
C_PIECESQUARETABLES:0.49452700660892285
C_MOBILITY:0.5444878801628649
C_KINGSAFETY:0.47562131659973156
C_PAWNSTRUCTURE:0.39361846225797886
C_PIECECOORDINATION:0.49048888782385053
C_ROOKANDPAWNMOVEMENT:0.49048888782385053
C_CENTERCONTROL:0.4858056477820448
C_DEVELOPPIECES:0.45052570628892413
C_MATERIAL:0.4386387733825029
