ELO:812
CE_PASSEDPAWNS:0.4616277581804031
CE_PAWNWEAKNESSES:0.5030962812837158
CE_PIECEACTIVITY:0.4570312098502096
CE_KINGPAWNSHIELD:0.47969185716460166
CE_PIECECOORDINATION:0.39711258121022813
CE_MATERIAL:0.4602396765886179
CE_KINGSAFETY:0.4936101359683394
C_PIECESQUARETABLES:0.5457958277537495
C_MOBILITY:0.44698417976809285
C_KINGSAFETY:0.5783670557685484
C_PAWNSTRUCTURE:0.4544182591083305
C_PIECECOORDINATION:0.4762163040828205
C_ROOKANDPAWNMOVEMENT:0.4762163040828205
C_CENTERCONTROL:0.5366367931909983
C_DEVELOPPIECES:0.5433664548864034
C_MATERIAL:0.4884029952820415
C_MOVECOUNT:0.5
