ELO:1031
CE_PASSEDPAWNS:0.5082747385440037
CE_PAWNWEAKNESSES:0.5
CE_PIECEACTIVITY:0.49618059242926854
CE_KINGPAWNSHIELD:0.5
CE_PIECECOORDINATION:0.5
CE_MATERIAL:0.505936480221108
CE_KINGSAFETY:0.49060856440912387
C_PIECESQUARETABLES:0.5061123878243988
C_MOBILITY:0.5
C_KINGSAFETY:0.5
C_PAWNSTRUCTURE:0.5014106171633688
C_PIECECOORDINATION:0.500742589265609
C_ROOKANDPAWNMOVEMENT:0.500742589265609
C_CENTERCONTROL:0.5024276894711519
C_DEVELOPPIECES:0.5239653905631745
C_MATERIAL:0.4990865600180096
C_MOVECOUNT:0.48858728022343667
