ELO:901
CE_PASSEDPAWNS:0.49345393740984017
CE_PAWNWEAKNESSES:0.48114140029215796
CE_PIECEACTIVITY:0.48306512466445967
CE_KINGPAWNSHIELD:0.5020257494538625
CE_PIECECOORDINATION:0.4582417307200635
CE_MATERIAL:0.4943888344805127
CE_KINGSAFETY:0.5059209416828879
C_PIECESQUARETABLES:0.5398085239416859
C_MOBILITY:0.5142691297216377
C_KINGSAFETY:0.5149045079421706
C_PAWNSTRUCTURE:0.4706683650838846
C_PIECECOORDINATION:0.5264310311278783
C_ROOKANDPAWNMOVEMENT:0.5264310311278783
C_CENTERCONTROL:0.5007700107749925
C_DEVELOPPIECES:0.5211232262154784
C_MATERIAL:0.5210294894026757
C_MOVECOUNT:0.5
