ELO:1003
CE_PASSEDPAWNS:0.5462954400126231
CE_PAWNWEAKNESSES:0.42303390123900164
CE_PIECEACTIVITY:0.5586626803413282
CE_KINGPAWNSHIELD:0.5490385762024879
CE_PIECECOORDINATION:0.5095584144899278
CE_MATERIAL:0.5404744876168299
CE_KINGSAFETY:0.4939315546492802
C_PIECESQUARETABLES:0.5138424339866619
C_MOBILITY:0.6051453083624044
C_KINGSAFETY:0.47152093280472673
C_PAWNSTRUCTURE:0.46072259414735256
C_PIECECOORDINATION:0.4387011713559933
C_ROOKANDPAWNMOVEMENT:0.4387011713559933
C_CENTERCONTROL:0.5963741024993333
C_DEVELOPPIECES:0.4376515025949965
C_MATERIAL:0.6084524883998743
