ELO:1027
CE_PASSEDPAWNS:0.5597429487963121
CE_PAWNWEAKNESSES:0.4274118367088173
CE_PIECEACTIVITY:0.5975814565428466
CE_KINGPAWNSHIELD:0.5422899373042502
CE_PIECECOORDINATION:0.5215718159545221
CE_MATERIAL:0.5001473564972204
CE_KINGSAFETY:0.48271652898450046
C_PIECESQUARETABLES:0.47865010297000143
C_MOBILITY:0.5563052778374916
C_KINGSAFETY:0.4358649395409072
C_PAWNSTRUCTURE:0.466904953591918
C_PIECECOORDINATION:0.5065322678095983
C_ROOKANDPAWNMOVEMENT:0.5065322678095983
C_CENTERCONTROL:0.4806632525740452
C_DEVELOPPIECES:0.46558674411017376
C_MATERIAL:0.5618203861566763
