ELO:967
CE_PASSEDPAWNS:0.5888018034112246
CE_PAWNWEAKNESSES:0.53659740108428
CE_PIECEACTIVITY:0.46729872944022555
CE_KINGPAWNSHIELD:0.48006864060394927
CE_PIECECOORDINATION:0.48347436227737
CE_MATERIAL:0.4871793481782902
CE_KINGSAFETY:0.5319444467797186
C_PIECESQUARETABLES:0.5289894720533052
C_MOBILITY:0.5487169656801856
C_KINGSAFETY:0.5419619330747303
C_PAWNSTRUCTURE:0.3639440887865938
C_PIECECOORDINATION:0.5308107894145433
C_ROOKANDPAWNMOVEMENT:0.5308107894145433
C_CENTERCONTROL:0.49931193088852194
C_DEVELOPPIECES:0.4456095060744839
C_MATERIAL:0.4648472628501873
