ELO:1019
CE_PASSEDPAWNS:0.5
CE_PAWNWEAKNESSES:0.5
CE_PIECEACTIVITY:0.5
CE_KINGPAWNSHIELD:0.5092285598779465
CE_PIECECOORDINATION:0.5
CE_MATERIAL:0.49116262983589076
CE_KINGSAFETY:0.5
C_PIECESQUARETABLES:0.5
C_MOBILITY:0.5010281904080058
C_KINGSAFETY:0.4971928738204956
C_PAWNSTRUCTURE:0.5069199093975181
C_PIECECOORDINATION:0.5
C_ROOKANDPAWNMOVEMENT:0.5
C_CENTERCONTROL:0.49997563838698705
C_DEVELOPPIECES:0.5
C_MATERIAL:0.5101701725925506
C_MOVECOUNT:0.5
