ELO:1000
CE_PASSEDPAWNS:0.5022729756567683
CE_PAWNWEAKNESSES:0.4165758903123738
CE_PIECEACTIVITY:0.4608164678012875
CE_KINGPAWNSHIELD:0.4984820019585638
CE_PIECECOORDINATION:0.5161127596170246
CE_MATERIAL:0.5324995607565755
CE_KINGSAFETY:0.5207587111513557
C_PIECESQUARETABLES:0.508688613287653
C_MOBILITY:0.6063110580370314
C_KINGSAFETY:0.4527858080390892
C_PAWNSTRUCTURE:0.4551665115511066
C_PIECECOORDINATION:0.44211738517771865
C_ROOKANDPAWNMOVEMENT:0.44211738517771865
C_CENTERCONTROL:0.5984792054120399
C_DEVELOPPIECES:0.505264755135276
C_MATERIAL:0.48175633372436455
