ELO:870
CE_PASSEDPAWNS:0.48365779930228237
CE_PAWNWEAKNESSES:0.5173699898389347
CE_PIECEACTIVITY:0.47493539210753705
CE_KINGPAWNSHIELD:0.49022306407760546
CE_PIECECOORDINATION:0.41144619616181116
CE_MATERIAL:0.49204322953464463
CE_KINGSAFETY:0.5020165504522326
C_PIECESQUARETABLES:0.4872534446530929
C_MOBILITY:0.5136663678237874
C_KINGSAFETY:0.5647916056424771
C_PAWNSTRUCTURE:0.4744155577490476
C_PIECECOORDINATION:0.5410619619554383
C_ROOKANDPAWNMOVEMENT:0.5410619619554383
C_CENTERCONTROL:0.5078884777228214
C_DEVELOPPIECES:0.4787372136823417
C_MATERIAL:0.5450431143329876
C_MOVECOUNT:0.5
