ELO:877
CE_PASSEDPAWNS:0.4952064351570576
CE_PAWNWEAKNESSES:0.4628160991657973
CE_PIECEACTIVITY:0.4932084513835518
CE_KINGPAWNSHIELD:0.5358075159367716
CE_PIECECOORDINATION:0.45158339561877914
CE_MATERIAL:0.6568916817102949
CE_KINGSAFETY:0.45629659214559876
C_PIECESQUARETABLES:0.4470760236542285
C_MOBILITY:0.4790210515654443
C_KINGSAFETY:0.4884856297167127
C_PAWNSTRUCTURE:0.5189006097940909
C_PIECECOORDINATION:0.4800732092018911
C_ROOKANDPAWNMOVEMENT:0.4800732092018911
C_CENTERCONTROL:0.4202622089470051
C_DEVELOPPIECES:0.6301972317076784
C_MATERIAL:0.6445698438833832
