ELO:928
CE_PASSEDPAWNS:0.48829210358715713
CE_PAWNWEAKNESSES:0.48703760448760686
CE_PIECEACTIVITY:0.5359080694150419
CE_KINGPAWNSHIELD:0.5551568480638643
CE_PIECECOORDINATION:0.5813997045381528
CE_MATERIAL:0.4586483845903705
CE_KINGSAFETY:0.4786008926758292
C_PIECESQUARETABLES:0.4935145001719627
C_MOBILITY:0.4960834876060091
C_KINGSAFETY:0.5420044734704076
C_PAWNSTRUCTURE:0.5289041205405077
C_PIECECOORDINATION:0.5170048712544741
C_ROOKANDPAWNMOVEMENT:0.5170048712544741
C_CENTERCONTROL:0.58425236469144
C_DEVELOPPIECES:0.5122328461735384
C_MATERIAL:0.456824558223766
C_MOVECOUNT:0.5
