ELO:965
CE_PASSEDPAWNS:0.5908707378635041
CE_PAWNWEAKNESSES:0.53659740108428
CE_PIECEACTIVITY:0.4552121286557092
CE_KINGPAWNSHIELD:0.49033629448784216
CE_PIECECOORDINATION:0.4764085679125751
CE_MATERIAL:0.4871793481782902
CE_KINGSAFETY:0.5256333291906488
C_PIECESQUARETABLES:0.518586572223835
C_MOBILITY:0.547830985504717
C_KINGSAFETY:0.5321779110098941
C_PAWNSTRUCTURE:0.3639440887865938
C_PIECECOORDINATION:0.5294431061167942
C_ROOKANDPAWNMOVEMENT:0.5294431061167942
C_CENTERCONTROL:0.49931193088852194
C_DEVELOPPIECES:0.4452219680123953
C_MATERIAL:0.4577240232172772
