ELO:848
CE_PASSEDPAWNS:0.45819351903643174
CE_PAWNWEAKNESSES:0.5030962812837158
CE_PIECEACTIVITY:0.46518021435545576
CE_KINGPAWNSHIELD:0.46815187246863205
CE_PIECECOORDINATION:0.39711258121022813
CE_MATERIAL:0.471355354090232
CE_KINGSAFETY:0.5047623658517112
C_PIECESQUARETABLES:0.5360485280573679
C_MOBILITY:0.44698417976809285
C_KINGSAFETY:0.5783670557685484
C_PAWNSTRUCTURE:0.4524772963910851
C_PIECECOORDINATION:0.48858447318702003
C_ROOKANDPAWNMOVEMENT:0.48858447318702003
C_CENTERCONTROL:0.5243548478983545
C_DEVELOPPIECES:0.5433664548864034
C_MATERIAL:0.4884029952820415
C_MOVECOUNT:0.5
