ELO:790
CE_PASSEDPAWNS:0.5189726236527233
CE_PAWNWEAKNESSES:0.46188509611165246
CE_PIECEACTIVITY:0.5261313597855547
CE_KINGPAWNSHIELD:0.4632095130983719
CE_PIECECOORDINATION:0.5039673113268697
CE_MATERIAL:0.5200335762679137
CE_KINGSAFETY:0.4871878679474104
C_PIECESQUARETABLES:0.5096166331072338
C_MOBILITY:0.43597897506170824
C_KINGSAFETY:0.4763849095931681
C_PAWNSTRUCTURE:0.48895742063158865
C_PIECECOORDINATION:0.49037260053555415
C_ROOK:0.4403191304217945
CE_ROOK:0.5216749990575504
C_CENTERCONTROL:0.5347589244484325
C_DEVELOPPIECES:0.4747307611245568
C_MATERIAL:0.5161842126153465
C_MOVECOUNT:0.4849648621265848
C_PAWNMOVEMENT:0.496278277732318
