ELO:866
CE_PASSEDPAWNS:0.5003527058657311
CE_PAWNWEAKNESSES:0.552290618754573
CE_PIECEACTIVITY:0.4942451485575602
CE_KINGPAWNSHIELD:0.4573942319145278
CE_PIECECOORDINATION:0.48425340724620375
CE_MATERIAL:0.5047739294502205
CE_KINGSAFETY:0.487290439018715
C_PIECESQUARETABLES:0.47280882711093997
C_MOBILITY:0.49421668222543214
C_KINGSAFETY:0.5249324920728562
C_PAWNSTRUCTURE:0.5250298145609233
C_PIECECOORDINATION:0.4513933525994042
C_ROOKANDPAWNMOVEMENT:0.4513933525994042
C_CENTERCONTROL:0.5433592022655244
C_DEVELOPPIECES:0.5016706136069207
C_MATERIAL:0.49195743186599217
C_MOVECOUNT:0.5
