ELO:999
CE_PASSEDPAWNS:0.5327642354619155
CE_PAWNWEAKNESSES:0.4114499417064638
CE_PIECEACTIVITY:0.44304293722865234
CE_KINGPAWNSHIELD:0.5031567046783848
CE_PIECECOORDINATION:0.5058966441795932
CE_MATERIAL:0.5436009656114079
CE_KINGSAFETY:0.5035416351367819
C_PIECESQUARETABLES:0.5108818478166216
C_MOBILITY:0.610504983808668
C_KINGSAFETY:0.47573057282191367
C_PAWNSTRUCTURE:0.4685206330021113
C_PIECECOORDINATION:0.4368955607112565
C_ROOKANDPAWNMOVEMENT:0.4368955607112565
C_CENTERCONTROL:0.5894033668693294
C_DEVELOPPIECES:0.5061756694471319
C_MATERIAL:0.4937413215019144
