ELO:984
CE_PASSEDPAWNS:0.5252601048399572
CE_PAWNWEAKNESSES:0.49241743663638154
CE_PIECEACTIVITY:0.5497486713194224
CE_KINGPAWNSHIELD:0.519290584861177
CE_PIECECOORDINATION:0.5165488916169374
CE_MATERIAL:0.4860076595277647
CE_KINGSAFETY:0.4870670066205054
C_PIECESQUARETABLES:0.5040097590347632
C_MOBILITY:0.46760421448154066
C_KINGSAFETY:0.49232848458588113
C_PAWNSTRUCTURE:0.5031893548163275
C_PIECECOORDINATION:0.4873807014933739
C_ROOK:0.5015774892380911
CE_ROOK:0.49969098739118506
C_CENTERCONTROL:0.5150254694926044
C_DEVELOPPIECES:0.4908819249187565
C_MATERIAL:0.5327228983606885
C_MOVECOUNT:0.4945559942874649
C_PAWNMOVEMENT:0.4625937981563682
