ELO:949
CE_PASSEDPAWNS:0.48753628630762724
CE_PAWNWEAKNESSES:0.32578939152659686
CE_PIECEACTIVITY:0.5797418500290293
CE_KINGPAWNSHIELD:0.46116023985174714
CE_PIECECOORDINATION:0.3963992807253403
CE_MATERIAL:0.4669009593648056
CE_KINGSAFETY:0.5254159878776314
C_PIECESQUARETABLES:0.5034054891815248
C_MOBILITY:0.5148006214633768
C_KINGSAFETY:0.6174416224782323
C_PAWNSTRUCTURE:0.4379014101524798
C_PIECECOORDINATION:0.5446725740142739
C_ROOKANDPAWNMOVEMENT:0.5446725740142739
C_CENTERCONTROL:0.5379770539866923
C_DEVELOPPIECES:0.46305938800641555
C_MATERIAL:0.4780182668732986
