ELO:988
CE_PASSEDPAWNS:0.5568340747736262
CE_PAWNWEAKNESSES:0.44548220745711303
CE_PIECEACTIVITY:0.5993011192282334
CE_KINGPAWNSHIELD:0.5169956715410569
CE_PIECECOORDINATION:0.5491796932629299
CE_MATERIAL:0.5015077979765947
CE_KINGSAFETY:0.49059137953111615
C_PIECESQUARETABLES:0.5609623226263586
C_MOBILITY:0.5223899521382431
C_KINGSAFETY:0.45710875299256537
C_PAWNSTRUCTURE:0.4710645186791645
C_PIECECOORDINATION:0.484318633900317
C_ROOKANDPAWNMOVEMENT:0.484318633900317
C_CENTERCONTROL:0.4763162560326044
C_DEVELOPPIECES:0.46965861473484594
C_MATERIAL:0.55873769084021
