ELO:1000
CE_PASSEDPAWNS:0.5209233464963696
CE_PAWNWEAKNESSES:0.46627426090625884
CE_PIECEACTIVITY:0.510777590219537
CE_KINGPAWNSHIELD:0.5345904406458396
CE_PIECECOORDINATION:0.5435934211839657
CE_MATERIAL:0.4557778714882212
CE_KINGSAFETY:0.5216234974759695
C_PIECESQUARETABLES:0.4893964324776222
C_MOBILITY:0.44587818508379296
C_KINGSAFETY:0.47562847036127703
C_PAWNSTRUCTURE:0.49362166609978547
C_PIECECOORDINATION:0.4659662076733632
C_ROOKANDPAWNMOVEMENT:0.4659662076733632
C_CENTERCONTROL:0.5306241515539623
C_DEVELOPPIECES:0.4920930732582668
C_MATERIAL:0.5308031000264596
