ELO:854
CE_PASSEDPAWNS:0.5035351825705396
CE_PAWNWEAKNESSES:0.5297920212157844
CE_PIECEACTIVITY:0.5066802218420736
CE_KINGPAWNSHIELD:0.46587189067018053
CE_PIECECOORDINATION:0.48044192099161065
CE_MATERIAL:0.505131439983135
CE_KINGSAFETY:0.4915592646520461
C_PIECESQUARETABLES:0.48693222758940186
C_MOBILITY:0.49961602228053636
C_KINGSAFETY:0.5220129355252264
C_PAWNSTRUCTURE:0.5339882299164985
C_PIECECOORDINATION:0.4406950066020294
C_ROOKANDPAWNMOVEMENT:0.4406950066020294
C_CENTERCONTROL:0.5278124730147294
C_DEVELOPPIECES:0.5084146802009482
C_MATERIAL:0.5012377984056069
C_MOVECOUNT:0.5
