ELO:972
CE_PASSEDPAWNS:0.5414454736462646
CE_PAWNWEAKNESSES:0.48224007905703803
CE_PIECEACTIVITY:0.5411354810104636
CE_KINGPAWNSHIELD:0.519290584861177
CE_PIECECOORDINATION:0.5165488916169374
CE_MATERIAL:0.4860076595277647
CE_KINGSAFETY:0.49363888191970157
C_PIECESQUARETABLES:0.4886710298355088
C_MOBILITY:0.46760421448154066
C_KINGSAFETY:0.49932945487879327
C_PAWNSTRUCTURE:0.5156298472207071
C_PIECECOORDINATION:0.4833241384097421
C_ROOK:0.5002847547110358
CE_ROOK:0.5075284685712725
C_CENTERCONTROL:0.5133353282492892
C_DEVELOPPIECES:0.488942553212177
C_MATERIAL:0.5229452947648034
C_MOVECOUNT:0.48416823145186105
C_PAWNMOVEMENT:0.4625937981563682
