ELO:724
CE_PASSEDPAWNS:0.5542794833483826
CE_PAWNWEAKNESSES:0.5174835100540454
CE_PIECEACTIVITY:0.49405543044522215
CE_KINGPAWNSHIELD:0.6038965488033201
CE_PIECECOORDINATION:0.5057291444606282
CE_MATERIAL:0.45244460283405574
CE_KINGSAFETY:0.49834831639069394
C_PIECESQUARETABLES:0.49015034412572356
C_MOBILITY:0.4573747405594172
C_KINGSAFETY:0.3979173460553559
C_PAWNSTRUCTURE:0.6493248087932018
C_PIECECOORDINATION:0.588061810620833
C_ROOKANDPAWNMOVEMENT:0.588061810620833
C_CENTERCONTROL:0.424256714869074
C_DEVELOPPIECES:0.44893061323770317
C_MATERIAL:0.5657249216234109
C_MOVECOUNT:0.504523439859272
