ELO:950
CE_PASSEDPAWNS:0.5
CE_PAWNWEAKNESSES:0.4934728481810025
CE_PIECEACTIVITY:0.5026681160254657
CE_KINGPAWNSHIELD:0.5132928559222926
CE_PIECECOORDINATION:0.539082927631777
CE_MATERIAL:0.516911262765925
CE_KINGSAFETY:0.5156853055921579
C_PIECESQUARETABLES:0.511976526982065
C_MOBILITY:0.5
C_KINGSAFETY:0.48876046220366187
C_PAWNSTRUCTURE:0.48860525363323143
C_PIECECOORDINATION:0.5078812383142842
C_ROOKANDPAWNMOVEMENT:0.5078812383142842
C_CENTERCONTROL:0.5164248334356625
C_DEVELOPPIECES:0.5166667514506983
C_MATERIAL:0.5074049979840061
C_MOVECOUNT:0.5
