ELO:977
CE_PASSEDPAWNS:0.5367103554082729
CE_PAWNWEAKNESSES:0.43355434220033207
CE_PIECEACTIVITY:0.5064872832711838
CE_KINGPAWNSHIELD:0.5893179788779342
CE_PIECECOORDINATION:0.5486942015703081
CE_MATERIAL:0.4204702142371954
CE_KINGSAFETY:0.47636431321194184
C_PIECESQUARETABLES:0.48604729185222456
C_MOBILITY:0.42707119650261405
C_KINGSAFETY:0.4913582406739145
C_PAWNSTRUCTURE:0.49514890931368366
C_PIECECOORDINATION:0.3616423911982857
C_ROOKANDPAWNMOVEMENT:0.3616423911982857
C_CENTERCONTROL:0.46899401965401094
C_DEVELOPPIECES:0.49311409157743497
C_MATERIAL:0.6161131086160526
