ELO:1000
CE_PASSEDPAWNS:0.48613343379767865
CE_PAWNWEAKNESSES:0.48090205561974037
CE_PIECEACTIVITY:0.5164632318405817
CE_KINGPAWNSHIELD:0.500575080255703
CE_PIECECOORDINATION:0.5046983538852062
CE_MATERIAL:0.48557456237249214
CE_KINGSAFETY:0.47866827387289757
C_PIECESQUARETABLES:0.5006143697003287
C_MOBILITY:0.4636069937934877
C_KINGSAFETY:0.5009373644365052
C_PAWNSTRUCTURE:0.49254092181631687
C_PIECECOORDINATION:0.5027658763476044
C_ROOKANDPAWNMOVEMENT:0.5027658763476044
C_CENTERCONTROL:0.4976855902440959
C_DEVELOPPIECES:0.49737195176080473
C_MATERIAL:0.5081698242839857
