ELO:1025
CE_PASSEDPAWNS:0.527048154311316
CE_PAWNWEAKNESSES:0.5247943499686027
CE_PIECEACTIVITY:0.445495036430721
CE_KINGPAWNSHIELD:0.4917265926883308
CE_PIECECOORDINATION:0.5240806996424744
CE_MATERIAL:0.5504402214193252
CE_KINGSAFETY:0.5
C_PIECESQUARETABLES:0.5
C_MOBILITY:0.5351453954458896
C_KINGSAFETY:0.5426004835864995
C_PAWNSTRUCTURE:0.40584577666262533
C_PIECECOORDINATION:0.45171973107365143
C_ROOKANDPAWNMOVEMENT:0.45171973107365143
C_CENTERCONTROL:0.4858056477820448
C_DEVELOPPIECES:0.4709474145277263
C_MATERIAL:0.5811455363613861
