ELO:958
CE_PASSEDPAWNS:0.5050597887468026
CE_PAWNWEAKNESSES:0.4925284428317787
CE_PIECEACTIVITY:0.5310066788569433
CE_KINGPAWNSHIELD:0.4807681498692825
CE_PIECECOORDINATION:0.5136650446546618
CE_MATERIAL:0.47519452427699255
CE_KINGSAFETY:0.5045862445943438
C_PIECESQUARETABLES:0.5059550998445234
C_MOBILITY:0.47328492624085255
C_KINGSAFETY:0.48813886473694834
C_PAWNSTRUCTURE:0.5124914481686188
C_PIECECOORDINATION:0.47205109538950285
C_ROOK:0.465056207846638
CE_ROOK:0.5014490906271766
C_CENTERCONTROL:0.5065861184183564
C_DEVELOPPIECES:0.46302208584369287
C_MATERIAL:0.5076357836123869
C_MOVECOUNT:0.4627062944909936
C_PAWNMOVEMENT:0.46247192561516637
