ELO:993
CE_PASSEDPAWNS:0.499361556555277
CE_PAWNWEAKNESSES:0.5189024224791908
CE_PIECEACTIVITY:0.47488388266514386
CE_KINGPAWNSHIELD:0.527393715147282
CE_PIECECOORDINATION:0.5074235512344757
CE_MATERIAL:0.48007423305839586
CE_KINGSAFETY:0.5182879388326547
C_PIECESQUARETABLES:0.5109517404969544
C_MOBILITY:0.5065276034026169
C_KINGSAFETY:0.47852105573397413
C_PAWNSTRUCTURE:0.5033271182920115
C_PIECECOORDINATION:0.509581392339815
C_ROOKANDPAWNMOVEMENT:0.509581392339815
C_CENTERCONTROL:0.4928505792394391
C_DEVELOPPIECES:0.5212195411824689
C_MATERIAL:0.48924858494277185
C_MOVECOUNT:0.5
