ELO:990
CE_PASSEDPAWNS:0.49091156637000494
CE_PAWNWEAKNESSES:0.49769682364141143
CE_PIECEACTIVITY:0.5056728241118248
CE_KINGPAWNSHIELD:0.5
CE_PIECECOORDINATION:0.5077023166078048
CE_MATERIAL:0.4913690512198274
CE_KINGSAFETY:0.5
C_PIECESQUARETABLES:0.5
C_MOBILITY:0.5
C_KINGSAFETY:0.49955187657062755
C_PAWNSTRUCTURE:0.5
C_PIECECOORDINATION:0.5247300671081706
C_ROOKANDPAWNMOVEMENT:0.5247300671081706
C_CENTERCONTROL:0.5
C_DEVELOPPIECES:0.5051621022971315
C_MATERIAL:0.49355632752321127
C_MOVECOUNT:0.4913823787826353
