ELO:954
CE_PASSEDPAWNS:0.5112452262276699
CE_PAWNWEAKNESSES:0.5027072300787482
CE_PIECEACTIVITY:0.49985300711951763
CE_KINGPAWNSHIELD:0.5015381938016968
CE_PIECECOORDINATION:0.4580039063003068
CE_MATERIAL:0.4879864919550519
CE_KINGSAFETY:0.4973252982262158
C_PIECESQUARETABLES:0.48262063676639827
C_MOBILITY:0.5032406026245703
C_KINGSAFETY:0.4571956471206627
C_PAWNSTRUCTURE:0.518834353677623
C_PIECECOORDINATION:0.48400499972997074
C_ROOKANDPAWNMOVEMENT:0.48400499972997074
C_CENTERCONTROL:0.4884543175095108
C_DEVELOPPIECES:0.506690205748982
C_MATERIAL:0.5194368050395568
C_MOVECOUNT:0.5
