ELO:1053
CE_PASSEDPAWNS:0.47213668525022956
CE_PAWNWEAKNESSES:0.5422490559339015
CE_PIECEACTIVITY:0.4194670898577308
CE_KINGPAWNSHIELD:0.6208131797722044
CE_PIECECOORDINATION:0.5684565618590547
CE_MATERIAL:0.5156407604853801
CE_KINGSAFETY:0.5
C_PIECESQUARETABLES:0.5007897228796292
C_MOBILITY:0.5415459230335442
C_KINGSAFETY:0.5076807408223325
C_PAWNSTRUCTURE:0.4773112400689439
C_PIECECOORDINATION:0.4782911174709608
C_ROOKANDPAWNMOVEMENT:0.4782911174709608
C_CENTERCONTROL:0.4142805872686891
C_DEVELOPPIECES:0.5831717939952518
C_MATERIAL:0.40545060761464813
