ELO:1000
CE_PASSEDPAWNS:0.501639021055466
CE_PAWNWEAKNESSES:0.4803996875315186
CE_PIECEACTIVITY:0.5364040146611144
CE_KINGPAWNSHIELD:0.4854459526904693
CE_PIECECOORDINATION:0.5410178028842085
CE_MATERIAL:0.5243358550029045
CE_KINGSAFETY:0.49534724658437057
C_PIECESQUARETABLES:0.4834598345882515
C_MOBILITY:0.46745408815743283
C_KINGSAFETY:0.4978624166538185
C_PAWNSTRUCTURE:0.5078168781383671
C_PIECECOORDINATION:0.4802120373449896
C_ROOKANDPAWNMOVEMENT:0.4802120373449896
C_CENTERCONTROL:0.5273149784760257
C_DEVELOPPIECES:0.4733057170556869
C_MATERIAL:0.5174766027903833
