ELO:986
CE_PASSEDPAWNS:0.5749232090506347
CE_PAWNWEAKNESSES:0.46925448645419937
CE_PIECEACTIVITY:0.5009191335917517
CE_KINGPAWNSHIELD:0.4554270040631875
CE_PIECECOORDINATION:0.5383572472219756
CE_MATERIAL:0.48869651739373254
CE_KINGSAFETY:0.5
C_PIECESQUARETABLES:0.49817121499224754
C_MOBILITY:0.49676357592563153
C_KINGSAFETY:0.4958525013679679
C_PAWNSTRUCTURE:0.501224790571876
C_PIECECOORDINATION:0.493935076261745
C_ROOK:0.5130814578685717
CE_ROOK:0.5036496586782419
C_CENTERCONTROL:0.5461514540137933
C_DEVELOPPIECES:0.5049079555034687
C_MATERIAL:0.48761660191138606
C_MOVECOUNT:0.4881414214500726
C_PAWNMOVEMENT:0.5
