ELO:915
CE_PASSEDPAWNS:0.4858213039548588
CE_PAWNWEAKNESSES:0.49669346682266097
CE_PIECEACTIVITY:0.5253932569279329
CE_KINGPAWNSHIELD:0.4810757588116805
CE_PIECECOORDINATION:0.5153275969908946
CE_MATERIAL:0.46867093960032574
CE_KINGSAFETY:0.48083908448324025
C_PIECESQUARETABLES:0.4986682562012884
C_MOBILITY:0.5190004079092159
C_KINGSAFETY:0.4887040226728019
C_PAWNSTRUCTURE:0.49373920481951733
C_PIECECOORDINATION:0.4825437777673189
C_ROOKANDPAWNMOVEMENT:0.4825437777673189
C_CENTERCONTROL:0.5101474231778474
C_DEVELOPPIECES:0.48126120439884384
C_MATERIAL:0.45247843672253973
C_MOVECOUNT:0.5
