ELO:982
CE_PASSEDPAWNS:0.45105283652238637
CE_PAWNWEAKNESSES:0.5
CE_PIECEACTIVITY:0.4952330472075183
CE_KINGPAWNSHIELD:0.5107552727959267
CE_PIECECOORDINATION:0.5410728583089291
CE_MATERIAL:0.4958215728186309
CE_KINGSAFETY:0.5
C_PIECESQUARETABLES:0.5101958348362519
C_MOBILITY:0.48345916753442364
C_KINGSAFETY:0.5
C_PAWNSTRUCTURE:0.5
C_PIECECOORDINATION:0.5
C_ROOKANDPAWNMOVEMENT:0.5
C_CENTERCONTROL:0.5
C_DEVELOPPIECES:0.500472869671754
C_MATERIAL:0.49698008090755114
C_MOVECOUNT:0.5
