ELO:927
CE_PASSEDPAWNS:0.5148741466117702
CE_PAWNWEAKNESSES:0.485223110808736
CE_PIECEACTIVITY:0.4721126996492266
CE_KINGPAWNSHIELD:0.47986465835233705
CE_PIECECOORDINATION:0.5005831146250023
CE_MATERIAL:0.42084812956129014
CE_KINGSAFETY:0.5
C_PIECESQUARETABLES:0.5
C_MOBILITY:0.5255605371178037
C_KINGSAFETY:0.5118347761323206
C_PAWNSTRUCTURE:0.5015759137242822
C_PIECECOORDINATION:0.44119270430865964
C_ROOKANDPAWNMOVEMENT:0.44119270430865964
C_CENTERCONTROL:0.49901541893105983
C_DEVELOPPIECES:0.5
C_MATERIAL:0.5359631244010992
C_MOVECOUNT:0.5
