ELO:992
CE_PASSEDPAWNS:0.5530824446329048
CE_PAWNWEAKNESSES:0.5577009448692537
CE_PIECEACTIVITY:0.4217191639552628
CE_KINGPAWNSHIELD:0.5700007836030333
CE_PIECECOORDINATION:0.48425363259394527
CE_MATERIAL:0.43889344968583527
CE_KINGSAFETY:0.510745527513267
C_PIECESQUARETABLES:0.49550922911110284
C_MOBILITY:0.44079957807035264
C_KINGSAFETY:0.5003039967218962
C_PAWNSTRUCTURE:0.5497143865105396
C_PIECECOORDINATION:0.5267400600864667
C_ROOKANDPAWNMOVEMENT:0.5267400600864667
C_CENTERCONTROL:0.44695333068393583
C_DEVELOPPIECES:0.53711706524451
C_MATERIAL:0.4086319873117125
