ELO:1000
CE_PASSEDPAWNS:0.5039253892934742
CE_PAWNWEAKNESSES:0.4853814160622243
CE_PIECEACTIVITY:0.46517936537341775
CE_KINGPAWNSHIELD:0.46069765367676085
CE_PIECECOORDINATION:0.4933272025494807
CE_MATERIAL:0.48305665533228326
CE_KINGSAFETY:0.507199614328708
C_PIECESQUARETABLES:0.5227360233397913
C_MOBILITY:0.5239440868422994
C_KINGSAFETY:0.49437700834793863
C_PAWNSTRUCTURE:0.5539170885326021
C_PIECECOORDINATION:0.4730717857171763
C_ROOKANDPAWNMOVEMENT:0.4730717857171763
C_CENTERCONTROL:0.4588506027601906
C_DEVELOPPIECES:0.5206789835058105
C_MATERIAL:0.5240999685499184
