ELO:804
CE_PASSEDPAWNS:0.46491011990934894
CE_PAWNWEAKNESSES:0.5446495834607091
CE_PIECEACTIVITY:0.5830378796941379
CE_KINGPAWNSHIELD:0.4781717635890687
CE_PIECECOORDINATION:0.5940194917189638
CE_MATERIAL:0.567329860093533
CE_KINGSAFETY:0.5224928354902936
C_PIECESQUARETABLES:0.4957082429777039
C_MOBILITY:0.497149672912796
C_KINGSAFETY:0.44346320665247685
C_PAWNSTRUCTURE:0.4848913738917667
C_PIECECOORDINATION:0.4650652204505965
C_ROOKANDPAWNMOVEMENT:0.4650652204505965
C_CENTERCONTROL:0.6167112919143071
C_DEVELOPPIECES:0.46018570367698497
C_MATERIAL:0.49513613887924973
