ELO:1117
CE_PASSEDPAWNS:0.4522391623994131
CE_PAWNWEAKNESSES:0.4476413466186686
CE_PIECEACTIVITY:0.4628123710283758
CE_KINGPAWNSHIELD:0.41588272490586464
CE_PIECECOORDINATION:0.4852583260578275
CE_MATERIAL:0.4614670529223819
CE_KINGSAFETY:0.5002240495477233
C_PIECESQUARETABLES:0.5
C_MOBILITY:0.4248722025850633
C_KINGSAFETY:0.6374809102290377
C_PAWNSTRUCTURE:0.44700913795848674
C_PIECECOORDINATION:0.47964335627280297
C_ROOKANDPAWNMOVEMENT:0.47964335627280297
C_CENTERCONTROL:0.5014188595021803
C_DEVELOPPIECES:0.5576237735754453
C_MATERIAL:0.3847798461631917
