ELO:1021
CE_PASSEDPAWNS:0.5
CE_PAWNWEAKNESSES:0.4908273960924968
CE_PIECEACTIVITY:0.4799488361370788
CE_KINGPAWNSHIELD:0.4892652713571424
CE_PIECECOORDINATION:0.5054150739868447
CE_MATERIAL:0.5168195112840839
CE_KINGSAFETY:0.5
C_PIECESQUARETABLES:0.5
C_MOBILITY:0.5491744198532802
C_KINGSAFETY:0.48869629517020885
C_PAWNSTRUCTURE:0.48800775738046337
C_PIECECOORDINATION:0.5109907833435079
C_ROOK:0.4972203104908796
CE_ROOK:0.49254834606368963
C_CENTERCONTROL:0.49872734645623507
C_DEVELOPPIECES:0.5090226882339398
C_MATERIAL:0.5005844375595324
C_MOVECOUNT:0.5038832775438904
C_PAWNMOVEMENT:0.45705365480330884
