ELO:1056
CE_PASSEDPAWNS:0.5202047592027715
CE_PAWNWEAKNESSES:0.48586349155810005
CE_PIECEACTIVITY:0.49597882978414515
CE_KINGPAWNSHIELD:0.5078970737890276
CE_PIECECOORDINATION:0.4991222514114215
CE_MATERIAL:0.4968670686508753
CE_KINGSAFETY:0.5
C_PIECESQUARETABLES:0.5
C_MOBILITY:0.49033265079144556
C_KINGSAFETY:0.48729358662722727
C_PAWNSTRUCTURE:0.512463646202381
C_PIECECOORDINATION:0.5110491551584357
C_ROOK:0.5025617923368577
CE_ROOK:0.5
C_CENTERCONTROL:0.5023022803291374
C_DEVELOPPIECES:0.49436532366477515
C_MATERIAL:0.5
C_MOVECOUNT:0.5100972410037712
C_PAWNMOVEMENT:0.48514905918960954
