ELO:758
CE_PASSEDPAWNS:0.41865049500554835
CE_PAWNWEAKNESSES:0.42587819685195644
CE_PIECEACTIVITY:0.43697328537742863
CE_KINGPAWNSHIELD:0.6095193079865242
CE_PIECECOORDINATION:0.592685667170102
CE_MATERIAL:0.5469537804839127
CE_KINGSAFETY:0.4826672405111871
C_PIECESQUARETABLES:0.5302316928730084
C_MOBILITY:0.38729762139127677
C_KINGSAFETY:0.40851668315921486
C_PAWNSTRUCTURE:0.5753284523054791
C_PIECECOORDINATION:0.4784665742082598
C_ROOKANDPAWNMOVEMENT:0.4784665742082598
C_CENTERCONTROL:0.4940822765954635
C_DEVELOPPIECES:0.47241908017260664
C_MATERIAL:0.4833610825917942
C_MOVECOUNT:0.47234461580311154
