ELO:1000
CE_PASSEDPAWNS:0.4928480756896078
CE_PAWNWEAKNESSES:0.5086210927646806
CE_PIECEACTIVITY:0.5554102728465891
CE_KINGPAWNSHIELD:0.46093230494021814
CE_PIECECOORDINATION:0.5852703153069139
CE_MATERIAL:0.5413581749342666
CE_KINGSAFETY:0.5096662758789586
C_PIECESQUARETABLES:0.495461956254465
C_MOBILITY:0.44890742586428684
C_KINGSAFETY:0.4852442480936912
C_PAWNSTRUCTURE:0.5052193109055803
C_PIECECOORDINATION:0.4726803076774909
C_ROOKANDPAWNMOVEMENT:0.4726803076774909
C_CENTERCONTROL:0.5189902195893925
C_DEVELOPPIECES:0.4449608313291406
C_MATERIAL:0.5252207613841283
