ELO:972
CE_PASSEDPAWNS:0.5286794785590472
CE_PAWNWEAKNESSES:0.4683494819470367
CE_PIECEACTIVITY:0.6434400299443325
CE_KINGPAWNSHIELD:0.5005332349027878
CE_PIECECOORDINATION:0.4619399115537362
CE_MATERIAL:0.49025800076372206
CE_KINGSAFETY:0.5073580584604226
C_PIECESQUARETABLES:0.5362285875903161
C_MOBILITY:0.5078724691941089
C_KINGSAFETY:0.521447720482709
C_PAWNSTRUCTURE:0.5048807528548063
C_PIECECOORDINATION:0.5334709449716136
C_ROOKANDPAWNMOVEMENT:0.5334709449716136
C_CENTERCONTROL:0.511358711943282
C_DEVELOPPIECES:0.4550779179316569
C_MATERIAL:0.5139799908460349
C_MOVECOUNT:0.5605310070640309
