ELO:1028
CE_PASSEDPAWNS:0.5202047592027715
CE_PAWNWEAKNESSES:0.5031733976868626
CE_PIECEACTIVITY:0.49597882978414515
CE_KINGPAWNSHIELD:0.5078970737890276
CE_PIECECOORDINATION:0.5009427473807805
CE_MATERIAL:0.507661575572455
CE_KINGSAFETY:0.5
C_PIECESQUARETABLES:0.5
C_MOBILITY:0.49033265079144556
C_KINGSAFETY:0.5207123532506147
C_PAWNSTRUCTURE:0.5080209608016621
C_PIECECOORDINATION:0.5128868997623572
C_ROOK:0.4760767077068308
CE_ROOK:0.5
C_CENTERCONTROL:0.5023022803291374
C_DEVELOPPIECES:0.48803846654105965
C_MATERIAL:0.5177977038124614
C_MOVECOUNT:0.49044849642984456
C_PAWNMOVEMENT:0.5072186104954414
