ELO:982
CE_PASSEDPAWNS:0.49668889374318337
CE_PAWNWEAKNESSES:0.49297155930460146
CE_PIECEACTIVITY:0.5131712920340822
CE_KINGPAWNSHIELD:0.5025989814193986
CE_PIECECOORDINATION:0.5066529879952931
CE_MATERIAL:0.5367302810620749
CE_KINGSAFETY:0.5416906537963908
C_PIECESQUARETABLES:0.5264106247763487
C_MOBILITY:0.49573599330573437
C_KINGSAFETY:0.5073856163697715
C_PAWNSTRUCTURE:0.5027362741527523
C_PIECECOORDINATION:0.5018196775323241
C_ROOKANDPAWNMOVEMENT:0.5018196775323241
C_CENTERCONTROL:0.524764570568161
C_DEVELOPPIECES:0.4608827852859028
C_MATERIAL:0.49564568359494154
C_MOVECOUNT:0.5
