ELO:990
CE_PASSEDPAWNS:0.3979105146399667
CE_PAWNWEAKNESSES:0.4449176979510626
CE_PIECEACTIVITY:0.5055534717583172
CE_KINGPAWNSHIELD:0.4969112771905379
CE_PIECECOORDINATION:0.6092782055877115
CE_MATERIAL:0.41983041698645956
CE_KINGSAFETY:0.5048972367856556
C_PIECESQUARETABLES:0.5
C_MOBILITY:0.6152039209467878
C_KINGSAFETY:0.5779506373926978
C_PAWNSTRUCTURE:0.6291436670866632
C_PIECECOORDINATION:0.6108292425079617
C_ROOKANDPAWNMOVEMENT:0.6108292425079617
C_CENTERCONTROL:0.3791738811592719
C_DEVELOPPIECES:0.548702924736526
C_MATERIAL:0.5941941634931736
