ELO:1019
CE_PASSEDPAWNS:0.5092439459762423
CE_PAWNWEAKNESSES:0.49753396376832976
CE_PIECEACTIVITY:0.5
CE_KINGPAWNSHIELD:0.5086673428829864
CE_PIECECOORDINATION:0.4974817777790548
CE_MATERIAL:0.49464478177997334
CE_KINGSAFETY:0.5
C_PIECESQUARETABLES:0.5
C_MOBILITY:0.5055325925363513
C_KINGSAFETY:0.49401169901604036
C_PAWNSTRUCTURE:0.4999576816296674
C_PIECECOORDINATION:0.5
C_ROOKANDPAWNMOVEMENT:0.5
C_CENTERCONTROL:0.4875170711674508
C_DEVELOPPIECES:0.5
C_MATERIAL:0.49789447213421595
C_MOVECOUNT:0.5
