ELO:987
CE_PASSEDPAWNS:0.5130999435207512
CE_PAWNWEAKNESSES:0.49760731573452516
CE_PIECEACTIVITY:0.5385330728088322
CE_KINGPAWNSHIELD:0.4532453666657945
CE_PIECECOORDINATION:0.5661003838381804
CE_MATERIAL:0.5620799239532294
CE_KINGSAFETY:0.5096531902314008
C_PIECESQUARETABLES:0.4957472973331609
C_MOBILITY:0.44720414788394225
C_KINGSAFETY:0.4844546231816864
C_PAWNSTRUCTURE:0.5030462194414467
C_PIECECOORDINATION:0.4575298999146896
C_ROOKANDPAWNMOVEMENT:0.4575298999146896
C_CENTERCONTROL:0.5136338711594428
C_DEVELOPPIECES:0.4383929536564615
C_MATERIAL:0.49887635979807216
