ELO:971
CE_PASSEDPAWNS:0.46975050650434896
CE_PAWNWEAKNESSES:0.49292366339921145
CE_PIECEACTIVITY:0.49166298305440176
CE_KINGPAWNSHIELD:0.4870627207751202
CE_PIECECOORDINATION:0.49157060663839414
CE_MATERIAL:0.5052160678958405
CE_KINGSAFETY:0.4912590563972665
C_PIECESQUARETABLES:0.5011499346896756
C_MOBILITY:0.4957460536436518
C_KINGSAFETY:0.5199671068755378
C_PAWNSTRUCTURE:0.44251892151350475
C_PIECECOORDINATION:0.48820868884988705
C_ROOK:0.5017500330984488
CE_ROOK:0.4851074653378176
C_CENTERCONTROL:0.5146466917887247
C_DEVELOPPIECES:0.5045637880608137
C_MATERIAL:0.5087123824053409
C_MOVECOUNT:0.5066371388032358
C_PAWNMOVEMENT:0.5154104552431726
