ELO:1029
CE_PASSEDPAWNS:0.48361322329576545
CE_PAWNWEAKNESSES:0.5089050830315284
CE_PIECEACTIVITY:0.5116046402440652
CE_KINGPAWNSHIELD:0.5089916107534054
CE_PIECECOORDINATION:0.49497185582231373
CE_MATERIAL:0.49181775090965224
CE_KINGSAFETY:0.5
C_PIECESQUARETABLES:0.5
C_MOBILITY:0.5
C_KINGSAFETY:0.5067321104029844
C_PAWNSTRUCTURE:0.505449070531077
C_PIECECOORDINATION:0.5101377630039627
C_ROOK:0.4913666979501575
CE_ROOK:0.49216121952105707
C_CENTERCONTROL:0.514686348894898
C_DEVELOPPIECES:0.49984471286244797
C_MATERIAL:0.46455180187049616
C_MOVECOUNT:0.4570559319599199
C_PAWNMOVEMENT:0.5049255284258698
