ELO:1019
CE_PASSEDPAWNS:0.5112815733326849
CE_PAWNWEAKNESSES:0.4767844267239877
CE_PIECEACTIVITY:0.4861133235204811
CE_KINGPAWNSHIELD:0.5070139003127128
CE_PIECECOORDINATION:0.498980069241355
CE_MATERIAL:0.5113268074886459
CE_KINGSAFETY:0.5
C_PIECESQUARETABLES:0.5
C_MOBILITY:0.5040380084826781
C_KINGSAFETY:0.5002406708489867
C_PAWNSTRUCTURE:0.5
C_PIECECOORDINATION:0.510384696333249
C_ROOK:0.5003972453986638
CE_ROOK:0.5380528498106592
C_CENTERCONTROL:0.5197282966320029
C_DEVELOPPIECES:0.5254485109542685
C_MATERIAL:0.4995791646442188
C_MOVECOUNT:0.5018331670220666
C_PAWNMOVEMENT:0.4940662195207169
