ELO:995
CE_PASSEDPAWNS:0.5188986670086977
CE_PAWNWEAKNESSES:0.501334838523024
CE_PIECEACTIVITY:0.5055609872819679
CE_KINGPAWNSHIELD:0.5067829557847197
CE_PIECECOORDINATION:0.5041035396553926
CE_MATERIAL:0.4819108085258327
CE_KINGSAFETY:0.5
C_PIECESQUARETABLES:0.5022768733994359
C_MOBILITY:0.5080532098902368
C_KINGSAFETY:0.48283921779287425
C_PAWNSTRUCTURE:0.5209341689771558
C_PIECECOORDINATION:0.5078855017131305
C_ROOKANDPAWNMOVEMENT:0.5078855017131305
C_CENTERCONTROL:0.4979572106095253
C_DEVELOPPIECES:0.5028807952665765
C_MATERIAL:0.5038048032511551
C_MOVECOUNT:0.5100629544353927
