ELO:990
CE_PASSEDPAWNS:0.3957708101133827
CE_PAWNWEAKNESSES:0.4449176979510626
CE_PIECEACTIVITY:0.513238720330524
CE_KINGPAWNSHIELD:0.5163824414521608
CE_PIECECOORDINATION:0.6028987663087719
CE_MATERIAL:0.41237886705497595
CE_KINGSAFETY:0.4920332776365453
C_PIECESQUARETABLES:0.49560902976220406
C_MOBILITY:0.5836313903895851
C_KINGSAFETY:0.5735797694907562
C_PAWNSTRUCTURE:0.6091080631216733
C_PIECECOORDINATION:0.44281492800122213
C_ROOKANDPAWNMOVEMENT:0.44281492800122213
C_CENTERCONTROL:0.37155517094897816
C_DEVELOPPIECES:0.5528173797779841
C_MATERIAL:0.5830350828590258
