ELO:990
CE_PASSEDPAWNS:0.3903674142982398
CE_PAWNWEAKNESSES:0.45623159304973426
CE_PIECEACTIVITY:0.5055534717583172
CE_KINGPAWNSHIELD:0.4969112771905379
CE_PIECECOORDINATION:0.6092782055877115
CE_MATERIAL:0.41237886705497595
CE_KINGSAFETY:0.5
C_PIECESQUARETABLES:0.49560902976220406
C_MOBILITY:0.6088220706285413
C_KINGSAFETY:0.5705844756422798
C_PAWNSTRUCTURE:0.6291436670866632
C_PIECECOORDINATION:0.6162625792100966
C_ROOKANDPAWNMOVEMENT:0.6162625792100966
C_CENTERCONTROL:0.3881546952893226
C_DEVELOPPIECES:0.5445000421786736
C_MATERIAL:0.6907781932044442
