ELO:1054
CE_PASSEDPAWNS:0.5277069514261428
CE_PAWNWEAKNESSES:0.518398466553891
CE_PIECEACTIVITY:0.42591350583182663
CE_KINGPAWNSHIELD:0.5541294717627323
CE_PIECECOORDINATION:0.45170204522485796
CE_MATERIAL:0.4369680663155142
CE_KINGSAFETY:0.5020368301273469
C_PIECESQUARETABLES:0.5116979366450463
C_MOBILITY:0.4450025701366353
C_KINGSAFETY:0.5590808605226757
C_PAWNSTRUCTURE:0.5062968910447949
C_PIECECOORDINATION:0.5181791803297321
C_ROOKANDPAWNMOVEMENT:0.5181791803297321
C_CENTERCONTROL:0.432707563274413
C_DEVELOPPIECES:0.5780312234231586
C_MATERIAL:0.433696466700835
