ELO:1094
CE_PASSEDPAWNS:0.43635787247296304
CE_PAWNWEAKNESSES:0.4317289177572136
CE_PIECEACTIVITY:0.5256802901062445
CE_KINGPAWNSHIELD:0.5407178409410988
CE_PIECECOORDINATION:0.48319981439054766
CE_MATERIAL:0.48606593022453326
CE_KINGSAFETY:0.5
C_PIECESQUARETABLES:0.523446940735807
C_MOBILITY:0.5853010773681124
C_KINGSAFETY:0.5878946833999377
C_PAWNSTRUCTURE:0.5709374238437358
C_PIECECOORDINATION:0.45777380090314873
C_ROOKANDPAWNMOVEMENT:0.45777380090314873
C_CENTERCONTROL:0.5219717181750835
C_DEVELOPPIECES:0.5740648439846143
C_MATERIAL:0.42740601773154635
