ELO:1019
CE_PASSEDPAWNS:0.4996660975283696
CE_PAWNWEAKNESSES:0.5075150935653094
CE_PIECEACTIVITY:0.5017007009782484
CE_KINGPAWNSHIELD:0.49515773027310583
CE_PIECECOORDINATION:0.5
CE_MATERIAL:0.4838317789765182
CE_KINGSAFETY:0.510483503083227
C_PIECESQUARETABLES:0.5007865900557554
C_MOBILITY:0.4947937011842226
C_KINGSAFETY:0.4853996003238588
C_PAWNSTRUCTURE:0.49085735624589577
C_PIECECOORDINATION:0.5328339974409297
C_ROOK:0.5219445980541404
CE_ROOK:0.4992885448329656
C_CENTERCONTROL:0.4918506465569542
C_DEVELOPPIECES:0.507053829553057
C_MATERIAL:0.503304535737358
C_MOVECOUNT:0.4970293967652607
C_PAWNMOVEMENT:0.5215337603030898
