ELO:1007
CE_PASSEDPAWNS:0.5112815733326849
CE_PAWNWEAKNESSES:0.5
CE_PIECEACTIVITY:0.517388315537129
CE_KINGPAWNSHIELD:0.4731053906566993
CE_PIECECOORDINATION:0.498980069241355
CE_MATERIAL:0.5113268074886459
CE_KINGSAFETY:0.5
C_PIECESQUARETABLES:0.5
C_MOBILITY:0.5
C_KINGSAFETY:0.5002406708489867
C_PAWNSTRUCTURE:0.5
C_PIECECOORDINATION:0.510384696333249
C_ROOK:0.49274793368790865
CE_ROOK:0.47223245986281115
C_CENTERCONTROL:0.5051137245676748
C_DEVELOPPIECES:0.5254485109542685
C_MATERIAL:0.461953192972692
C_MOVECOUNT:0.454750959340167
C_PAWNMOVEMENT:0.4746195113060341
