ELO:954
CE_PASSEDPAWNS:0.5127908230318
CE_PAWNWEAKNESSES:0.505224013065687
CE_PIECEACTIVITY:0.5096051676002512
CE_KINGPAWNSHIELD:0.5556523432661551
CE_PIECECOORDINATION:0.5326247997284258
CE_MATERIAL:0.5084570541687958
CE_KINGSAFETY:0.5016642006556832
C_PIECESQUARETABLES:0.5166859349039832
C_MOBILITY:0.4903971137845614
C_KINGSAFETY:0.5018665075225166
C_PAWNSTRUCTURE:0.5203041611932587
C_PIECECOORDINATION:0.5599282921414193
C_ROOKANDPAWNMOVEMENT:0.5599282921414193
C_CENTERCONTROL:0.529356919917942
C_DEVELOPPIECES:0.48361257011740827
C_MATERIAL:0.4961336564531474
C_MOVECOUNT:0.5151967110037458
