ELO:972
CE_PASSEDPAWNS:0.5090005744448122
CE_PAWNWEAKNESSES:0.5016304007590919
CE_PIECEACTIVITY:0.5158760561853203
CE_KINGPAWNSHIELD:0.5025989814193986
CE_PIECECOORDINATION:0.4939163168935299
CE_MATERIAL:0.4803369995634698
CE_KINGSAFETY:0.5416906537963908
C_PIECESQUARETABLES:0.5009027094380222
C_MOBILITY:0.5134718574509559
C_KINGSAFETY:0.5073856163697715
C_PAWNSTRUCTURE:0.4944726899682608
C_PIECECOORDINATION:0.49795711666247416
C_ROOKANDPAWNMOVEMENT:0.49795711666247416
C_CENTERCONTROL:0.4978026500956552
C_DEVELOPPIECES:0.4608827852859028
C_MATERIAL:0.49645351461636955
C_MOVECOUNT:0.5
