ELO:1020
CE_PASSEDPAWNS:0.49675427092603747
CE_PAWNWEAKNESSES:0.4994562294759741
CE_PIECEACTIVITY:0.5
CE_KINGPAWNSHIELD:0.5007293698804464
CE_PIECECOORDINATION:0.5060879921495016
CE_MATERIAL:0.5090021530545671
CE_KINGSAFETY:0.5006233882347031
C_PIECESQUARETABLES:0.5
C_MOBILITY:0.5057409685396114
C_KINGSAFETY:0.48445190938328075
C_PAWNSTRUCTURE:0.5034315612914325
C_PIECECOORDINATION:0.48951668424008193
C_ROOKANDPAWNMOVEMENT:0.48951668424008193
C_CENTERCONTROL:0.49693581384739344
C_DEVELOPPIECES:0.5
C_MATERIAL:0.5107564193048052
C_MOVECOUNT:0.48941368108446187
