ELO:857
CE_PASSEDPAWNS:0.46469789837666375
CE_PAWNWEAKNESSES:0.5336772681068507
CE_PIECEACTIVITY:0.4727828605475984
CE_KINGPAWNSHIELD:0.5182506787475194
CE_PIECECOORDINATION:0.6470089713779446
CE_MATERIAL:0.4373407622342975
CE_KINGSAFETY:0.5208188097788975
C_PIECESQUARETABLES:0.490301048559587
C_MOBILITY:0.454555682212402
C_KINGSAFETY:0.4858402734318382
C_PAWNSTRUCTURE:0.5684699025719003
C_PIECECOORDINATION:0.500027290985825
C_ROOKANDPAWNMOVEMENT:0.500027290985825
C_CENTERCONTROL:0.49844677751153527
C_DEVELOPPIECES:0.5057750215372312
C_MATERIAL:0.5148607268147624
C_MOVECOUNT:0.5
