ELO:1032
CE_PASSEDPAWNS:0.519491804661038
CE_PAWNWEAKNESSES:0.5089262315892731
CE_PIECEACTIVITY:0.5479704419316539
CE_KINGPAWNSHIELD:0.5193063438317401
CE_PIECECOORDINATION:0.49497185582231373
CE_MATERIAL:0.5041278043731872
CE_KINGSAFETY:0.5
C_PIECESQUARETABLES:0.5
C_MOBILITY:0.5
C_KINGSAFETY:0.5207123532506147
C_PAWNSTRUCTURE:0.48559524386073044
C_PIECECOORDINATION:0.5040139785423347
C_ROOK:0.5004201328485155
CE_ROOK:0.5091387913428207
C_CENTERCONTROL:0.5153936630648578
C_DEVELOPPIECES:0.5249502262436926
C_MATERIAL:0.4973388510432344
C_MOVECOUNT:0.47715920502183884
C_PAWNMOVEMENT:0.45705365480330884
