ELO:988
CE_PASSEDPAWNS:0.4840638751115381
CE_PAWNWEAKNESSES:0.5097448360009207
CE_PIECEACTIVITY:0.5103638924412961
CE_KINGPAWNSHIELD:0.48443510642380716
CE_PIECECOORDINATION:0.46949010059955354
CE_MATERIAL:0.5169610401492581
CE_KINGSAFETY:0.5
C_PIECESQUARETABLES:0.5
C_MOBILITY:0.5
C_KINGSAFETY:0.49364130808241014
C_PAWNSTRUCTURE:0.5090152755155208
C_PIECECOORDINATION:0.5
C_ROOKANDPAWNMOVEMENT:0.5
C_CENTERCONTROL:0.5013585409013046
C_DEVELOPPIECES:0.4826429303950705
C_MATERIAL:0.48431889874340756
C_MOVECOUNT:0.5229714544760637
