ELO:1019
CE_PASSEDPAWNS:0.5
CE_PAWNWEAKNESSES:0.48977924776504206
CE_PIECEACTIVITY:0.5063456654993154
CE_KINGPAWNSHIELD:0.5
CE_PIECECOORDINATION:0.479817001889517
CE_MATERIAL:0.4933479046581891
CE_KINGSAFETY:0.5
C_PIECESQUARETABLES:0.5
C_MOBILITY:0.5
C_KINGSAFETY:0.4947012893008861
C_PAWNSTRUCTURE:0.5
C_PIECECOORDINATION:0.5
C_ROOKANDPAWNMOVEMENT:0.5
C_CENTERCONTROL:0.49579225822326906
C_DEVELOPPIECES:0.5217427212450777
C_MATERIAL:0.5168546586272434
C_MOVECOUNT:0.5
