ELO:1000
CE_PASSEDPAWNS:0.5
CE_PAWNWEAKNESSES:0.4921827861369299
CE_PIECEACTIVITY:0.5063777457956131
CE_KINGPAWNSHIELD:0.4916813465284256
CE_PIECECOORDINATION:0.5
CE_MATERIAL:0.5
CE_KINGSAFETY:0.512320404452335
C_PIECESQUARETABLES:0.5
C_MOBILITY:0.5
C_KINGSAFETY:0.5
C_PAWNSTRUCTURE:0.5
C_PIECECOORDINATION:0.4977435652884267
C_ROOKANDPAWNMOVEMENT:0.4977435652884267
C_CENTERCONTROL:0.5
C_DEVELOPPIECES:0.5008594188478618
C_MATERIAL:0.5047785494476518
