ELO:983
CE_PASSEDPAWNS:0.47775293978004213
CE_PAWNWEAKNESSES:0.4986916705829586
CE_PIECEACTIVITY:0.512024228762115
CE_KINGPAWNSHIELD:0.495255869315117
CE_PIECECOORDINATION:0.5221119261358543
CE_MATERIAL:0.5194497379063102
CE_KINGSAFETY:0.5
C_PIECESQUARETABLES:0.4907448985098412
C_MOBILITY:0.497332784061242
C_KINGSAFETY:0.5174358706996064
C_PAWNSTRUCTURE:0.5218606098239676
C_PIECECOORDINATION:0.46512733167324366
C_ROOKANDPAWNMOVEMENT:0.46512733167324366
C_CENTERCONTROL:0.48955001611421245
C_DEVELOPPIECES:0.4856058569971603
C_MATERIAL:0.4965753057236083
C_MOVECOUNT:0.5039332211766316
