ELO:959
CE_PASSEDPAWNS:0.491650020742844
CE_PAWNWEAKNESSES:0.4934849156802488
CE_PIECEACTIVITY:0.4995628180798529
CE_KINGPAWNSHIELD:0.5118564292437798
CE_PIECECOORDINATION:0.5129288686211194
CE_MATERIAL:0.5104659068700238
CE_KINGSAFETY:0.4841197270904933
C_PIECESQUARETABLES:0.49510158407945865
C_MOBILITY:0.5104886499449112
C_KINGSAFETY:0.480914844753227
C_PAWNSTRUCTURE:0.48239234244815754
C_PIECECOORDINATION:0.48269252812767527
C_ROOK:0.5
CE_ROOK:0.5
C_CENTERCONTROL:0.506585118389103
C_DEVELOPPIECES:0.5074385420377597
C_MATERIAL:0.4986059495873459
C_MOVECOUNT:0.5102590289257812
C_PAWNMOVEMENT:0.5
