ELO:827
CE_PASSEDPAWNS:0.47840613761845796
CE_PAWNWEAKNESSES:0.491893751645054
CE_PIECEACTIVITY:0.4303963566025935
CE_KINGPAWNSHIELD:0.5261403513653947
CE_PIECECOORDINATION:0.5199916062704392
CE_MATERIAL:0.5266898692111374
CE_KINGSAFETY:0.5028222363583751
C_PIECESQUARETABLES:0.5134576995320483
C_MOBILITY:0.48111516166099216
C_KINGSAFETY:0.5256682750799614
C_PAWNSTRUCTURE:0.4548246263911124
C_PIECECOORDINATION:0.5769856232064271
C_ROOKANDPAWNMOVEMENT:0.5769856232064271
C_CENTERCONTROL:0.5671698025150967
C_DEVELOPPIECES:0.5085614138807102
C_MATERIAL:0.4730678373655631
C_MOVECOUNT:0.5
