ELO:970
CE_PASSEDPAWNS:0.5105285521533666
CE_PAWNWEAKNESSES:0.49851890332428533
CE_PIECEACTIVITY:0.4989416779283551
CE_KINGPAWNSHIELD:0.5021653664194926
CE_PIECECOORDINATION:0.5005664033330246
CE_MATERIAL:0.49914355087470513
CE_KINGSAFETY:0.5123209513054633
C_PIECESQUARETABLES:0.48532392160735566
C_MOBILITY:0.4948923526984616
C_KINGSAFETY:0.515319668855116
C_PAWNSTRUCTURE:0.4782528945610555
C_PIECECOORDINATION:0.5069040532110639
C_ROOKANDPAWNMOVEMENT:0.5069040532110639
C_CENTERCONTROL:0.5319026625658652
C_DEVELOPPIECES:0.4986225801392086
C_MATERIAL:0.5
C_MOVECOUNT:0.49857842550232057
