ELO:941
CE_PASSEDPAWNS:0.5099547678497477
CE_PAWNWEAKNESSES:0.5088529486036854
CE_PIECEACTIVITY:0.5293529279227748
CE_KINGPAWNSHIELD:0.47545199424806506
CE_PIECECOORDINATION:0.48112913948852326
CE_MATERIAL:0.5206374002628709
CE_KINGSAFETY:0.5020411729893656
C_PIECESQUARETABLES:0.5
C_MOBILITY:0.5075924953154148
C_KINGSAFETY:0.5222237694827254
C_PAWNSTRUCTURE:0.4532105344344314
C_PIECECOORDINATION:0.4946612105726402
C_ROOK:0.48473990303248027
CE_ROOK:0.4843677294309458
C_CENTERCONTROL:0.485555886580229
C_DEVELOPPIECES:0.5078606479369676
C_MATERIAL:0.5493362182296956
C_MOVECOUNT:0.4978070470587072
C_PAWNMOVEMENT:0.41586165911423484
