ELO:969
CE_PASSEDPAWNS:0.5050483712180703
CE_PAWNWEAKNESSES:0.5103654658253196
CE_PIECEACTIVITY:0.49957310065801785
CE_KINGPAWNSHIELD:0.47720080456874253
CE_PIECECOORDINATION:0.5026234285496076
CE_MATERIAL:0.5299176744911818
CE_KINGSAFETY:0.5
C_PIECESQUARETABLES:0.5
C_MOBILITY:0.4915683261473082
C_KINGSAFETY:0.5149245374003198
C_PAWNSTRUCTURE:0.5165397705205459
C_PIECECOORDINATION:0.4555291485755492
C_ROOK:0.4790758374540284
CE_ROOK:0.4862367209693651
C_CENTERCONTROL:0.47794469546744883
C_DEVELOPPIECES:0.4770633345216827
C_MATERIAL:0.5603088007109975
C_MOVECOUNT:0.5158687955622925
C_PAWNMOVEMENT:0.3906747287977289
