ELO:1094
CE_PASSEDPAWNS:0.5074966970800562
CE_PAWNWEAKNESSES:0.5099986502813493
CE_PIECEACTIVITY:0.4942451485575602
CE_KINGPAWNSHIELD:0.5
CE_PIECECOORDINATION:0.5004693916181753
CE_MATERIAL:0.4868496530773326
CE_KINGSAFETY:0.4775327980807623
C_PIECESQUARETABLES:0.5
C_MOBILITY:0.5
C_KINGSAFETY:0.5069747514965638
C_PAWNSTRUCTURE:0.5301731393416586
C_PIECECOORDINATION:0.5
C_ROOKANDPAWNMOVEMENT:0.5
C_CENTERCONTROL:0.4708432329538287
C_DEVELOPPIECES:0.501670481279622
C_MATERIAL:0.5
C_MOVECOUNT:0.5
