ELO:897
CE_PASSEDPAWNS:0.5156942147243363
CE_PAWNWEAKNESSES:0.4194573727053583
CE_PIECEACTIVITY:0.5291797120082008
CE_KINGPAWNSHIELD:0.5517381995495669
CE_PIECECOORDINATION:0.6220914501123509
CE_MATERIAL:0.4042658716565356
CE_KINGSAFETY:0.49868871377957974
C_PIECESQUARETABLES:0.5126096007454034
C_MOBILITY:0.48337246417778085
C_KINGSAFETY:0.5682675721274519
C_PAWNSTRUCTURE:0.4461089441018078
C_PIECECOORDINATION:0.5571309299137621
C_ROOKANDPAWNMOVEMENT:0.5571309299137621
C_CENTERCONTROL:0.4154441691977688
C_DEVELOPPIECES:0.5307601488946211
C_MATERIAL:0.5514027464123262
