ELO:997
CE_PASSEDPAWNS:0.48182651801217885
CE_PAWNWEAKNESSES:0.5184874177392601
CE_PIECEACTIVITY:0.5016639006318392
CE_KINGPAWNSHIELD:0.5560646529587949
CE_PIECECOORDINATION:0.4529187683337497
CE_MATERIAL:0.5290594270445829
CE_KINGSAFETY:0.5
C_PIECESQUARETABLES:0.5
C_MOBILITY:0.4479498412109266
C_KINGSAFETY:0.5499266229470529
C_PAWNSTRUCTURE:0.5708966416287948
C_PIECECOORDINATION:0.44320799972911223
C_ROOKANDPAWNMOVEMENT:0.44320799972911223
C_CENTERCONTROL:0.459552288527274
C_DEVELOPPIECES:0.403809003957762
C_MATERIAL:0.5512334035795206
