ELO:1072
CE_PASSEDPAWNS:0.6288288045283215
CE_PAWNWEAKNESSES:0.46005199892532744
CE_PIECEACTIVITY:0.5062650537256627
CE_KINGPAWNSHIELD:0.4521334294868084
CE_PIECECOORDINATION:0.4464697713034305
CE_MATERIAL:0.37915153514940225
CE_KINGSAFETY:0.5013185990434844
C_PIECESQUARETABLES:0.507219831497715
C_MOBILITY:0.4111799511370767
C_KINGSAFETY:0.4891797461568579
C_PAWNSTRUCTURE:0.46935921140883397
C_PIECECOORDINATION:0.4471442310209376
C_ROOKANDPAWNMOVEMENT:0.4471442310209376
C_CENTERCONTROL:0.4989163819982372
C_DEVELOPPIECES:0.5589727645653216
C_MATERIAL:0.39341223824698496
