ELO:895
CE_PASSEDPAWNS:0.44580005896266905
CE_PAWNWEAKNESSES:0.43902295969122934
CE_PIECEACTIVITY:0.4717341917453897
CE_KINGPAWNSHIELD:0.5390872963469353
CE_PIECECOORDINATION:0.509022367607219
CE_MATERIAL:0.5281117672293288
CE_KINGSAFETY:0.5060401932574754
C_PIECESQUARETABLES:0.48711489223176313
C_MOBILITY:0.4585519172248912
C_KINGSAFETY:0.5733410301945718
C_PAWNSTRUCTURE:0.6275714700391103
C_PIECECOORDINATION:0.44008392140910796
C_ROOKANDPAWNMOVEMENT:0.44008392140910796
C_CENTERCONTROL:0.5003498195723298
C_DEVELOPPIECES:0.29912288815235066
C_MATERIAL:0.5890055752737136
