ELO:844
CE_PASSEDPAWNS:0.49210298185126755
CE_PAWNWEAKNESSES:0.44852801764021716
CE_PIECEACTIVITY:0.5069080964853381
CE_KINGPAWNSHIELD:0.5
CE_PIECECOORDINATION:0.58027906199757
CE_MATERIAL:0.49531201176062567
CE_KINGSAFETY:0.48785208164108107
C_PIECESQUARETABLES:0.5
C_MOBILITY:0.4168867660371869
C_KINGSAFETY:0.5562802157609781
C_PAWNSTRUCTURE:0.4208112989429242
C_PIECECOORDINATION:0.47580904448378375
C_ROOKANDPAWNMOVEMENT:0.47580904448378375
C_CENTERCONTROL:0.5375557839302912
C_DEVELOPPIECES:0.5152308755499792
C_MATERIAL:0.48367200295994517
C_MOVECOUNT:0.5
