ELO:1018
CE_PASSEDPAWNS:0.506266497139185
CE_PAWNWEAKNESSES:0.5
CE_PIECEACTIVITY:0.5
CE_KINGPAWNSHIELD:0.49043704483458145
CE_PIECECOORDINATION:0.5
CE_MATERIAL:0.5010318229552954
CE_KINGSAFETY:0.5
C_PIECESQUARETABLES:0.5
C_MOBILITY:0.4977284500979592
C_KINGSAFETY:0.5
C_PAWNSTRUCTURE:0.5
C_PIECECOORDINATION:0.5
C_ROOKANDPAWNMOVEMENT:0.5
C_CENTERCONTROL:0.5027581504053397
C_DEVELOPPIECES:0.5082994302233823
C_MATERIAL:0.5033978444699192
C_MOVECOUNT:0.49824468897082497
