ELO:950
CE_PASSEDPAWNS:0.5115086768690398
CE_PAWNWEAKNESSES:0.5223999000896008
CE_PIECEACTIVITY:0.533760695947256
CE_KINGPAWNSHIELD:0.4819432718396382
CE_PIECECOORDINATION:0.4777489439747668
CE_MATERIAL:0.5316063834709527
CE_KINGSAFETY:0.5
C_PIECESQUARETABLES:0.5
C_MOBILITY:0.5104500978526302
C_KINGSAFETY:0.5222237694827254
C_PAWNSTRUCTURE:0.4521095051888874
C_PIECECOORDINATION:0.5044898918070247
C_ROOK:0.48473990303248027
CE_ROOK:0.49526823750226023
C_CENTERCONTROL:0.4978892869661908
C_DEVELOPPIECES:0.49875466573601657
C_MATERIAL:0.5493362182296956
C_MOVECOUNT:0.49978249508091
C_PAWNMOVEMENT:0.39996462236236235
