ELO:935
CE_PASSEDPAWNS:0.4540875763797194
CE_PAWNWEAKNESSES:0.45207230372386487
CE_PIECEACTIVITY:0.4918073932708083
CE_KINGPAWNSHIELD:0.538616231923087
CE_PIECECOORDINATION:0.458932733327866
CE_MATERIAL:0.5549611118593681
CE_KINGSAFETY:0.5126376004659697
C_PIECESQUARETABLES:0.5018811062831396
C_MOBILITY:0.4321377751132181
C_KINGSAFETY:0.6055087256565362
C_PAWNSTRUCTURE:0.6015874581838929
C_PIECECOORDINATION:0.43163983556487495
C_ROOKANDPAWNMOVEMENT:0.43163983556487495
C_CENTERCONTROL:0.49909078934686657
C_DEVELOPPIECES:0.33198693110056826
C_MATERIAL:0.5518191868508424
