ELO:988
CE_PASSEDPAWNS:0.3890708556770269
CE_PAWNWEAKNESSES:0.43788069348593983
CE_PIECEACTIVITY:0.5055534717583172
CE_KINGPAWNSHIELD:0.5599465954910741
CE_PIECECOORDINATION:0.6092782055877115
CE_MATERIAL:0.42043404039646803
CE_KINGSAFETY:0.5067692544893081
C_PIECESQUARETABLES:0.5
C_MOBILITY:0.5836313903895851
C_KINGSAFETY:0.592618547118087
C_PAWNSTRUCTURE:0.62436365227218
C_PIECECOORDINATION:0.44281492800122213
C_ROOKANDPAWNMOVEMENT:0.44281492800122213
C_CENTERCONTROL:0.3881546952893226
C_DEVELOPPIECES:0.47453168503081367
C_MATERIAL:0.5830350828590258
