ELO:805
CE_PASSEDPAWNS:0.44079860158724665
CE_PAWNWEAKNESSES:0.49982519746139176
CE_PIECEACTIVITY:0.4544986618435146
CE_KINGPAWNSHIELD:0.5293867449880136
CE_PIECECOORDINATION:0.5462761375431597
CE_MATERIAL:0.536225430749226
CE_KINGSAFETY:0.5367542009364389
C_PIECESQUARETABLES:0.49386413506907856
C_MOBILITY:0.49958285037912203
C_KINGSAFETY:0.5075538069786307
C_PAWNSTRUCTURE:0.47283179298927874
C_PIECECOORDINATION:0.586217135544301
C_ROOKANDPAWNMOVEMENT:0.586217135544301
C_CENTERCONTROL:0.5662548560841246
C_DEVELOPPIECES:0.5221998285034914
C_MATERIAL:0.4817574596954829
C_MOVECOUNT:0.5
