ELO:976
CE_PASSEDPAWNS:0.48879307344805445
CE_PAWNWEAKNESSES:0.5329879144829875
CE_PIECEACTIVITY:0.5126006487559428
CE_KINGPAWNSHIELD:0.5035928850839546
CE_PIECECOORDINATION:0.48877886786764563
CE_MATERIAL:0.5070183726019587
CE_KINGSAFETY:0.5060091649303864
C_PIECESQUARETABLES:0.5
C_MOBILITY:0.5007071118556465
C_KINGSAFETY:0.5242289461887886
C_PAWNSTRUCTURE:0.48909511487231566
C_PIECECOORDINATION:0.4909653558174767
C_ROOK:0.5198297556382249
CE_ROOK:0.48942672457090575
C_CENTERCONTROL:0.4801627424493857
C_DEVELOPPIECES:0.5113183150770695
C_MATERIAL:0.5364663344955173
C_MOVECOUNT:0.5155713782916532
C_PAWNMOVEMENT:0.48076857035920134
