ELO:889
CE_PASSEDPAWNS:0.4741734823728883
CE_PAWNWEAKNESSES:0.5129282646624187
CE_PIECEACTIVITY:0.5124273973864978
CE_KINGPAWNSHIELD:0.6126051071951871
CE_PIECECOORDINATION:0.535704867468493
CE_MATERIAL:0.43758689644428983
CE_KINGSAFETY:0.5016895429697869
C_PIECESQUARETABLES:0.49271213765561134
C_MOBILITY:0.5266204625674491
C_KINGSAFETY:0.5529043433971332
C_PAWNSTRUCTURE:0.5064336906195875
C_PIECECOORDINATION:0.537018420597892
C_ROOKANDPAWNMOVEMENT:0.537018420597892
C_CENTERCONTROL:0.48847182641058223
C_DEVELOPPIECES:0.5238772246901476
C_MATERIAL:0.5347904411791664
