ELO:926
CE_PASSEDPAWNS:0.5821135662132164
CE_PAWNWEAKNESSES:0.43430259273180993
CE_PIECEACTIVITY:0.5141834161703246
CE_KINGPAWNSHIELD:0.5312313131001869
CE_PIECECOORDINATION:0.6540721856890753
CE_MATERIAL:0.37657722420424733
CE_KINGSAFETY:0.5019749677697046
C_PIECESQUARETABLES:0.48609591442002414
C_MOBILITY:0.4615384796176424
C_KINGSAFETY:0.560835605567818
C_PAWNSTRUCTURE:0.4449332186028785
C_PIECECOORDINATION:0.5479640322916324
C_ROOKANDPAWNMOVEMENT:0.5479640322916324
C_CENTERCONTROL:0.43416355601054274
C_DEVELOPPIECES:0.5573871064734449
C_MATERIAL:0.5547751381634394
