ELO:988
CE_PASSEDPAWNS:0.4990187119504667
CE_PAWNWEAKNESSES:0.5
CE_PIECEACTIVITY:0.5
CE_KINGPAWNSHIELD:0.5
CE_PIECECOORDINATION:0.5
CE_MATERIAL:0.5
CE_KINGSAFETY:0.5
C_PIECESQUARETABLES:0.5067620208605309
C_MOBILITY:0.5
C_KINGSAFETY:0.5193737758965279
C_PAWNSTRUCTURE:0.4993390455247066
C_PIECECOORDINATION:0.5
C_ROOK:0.5
CE_ROOK:0.5014121918017405
C_CENTERCONTROL:0.5013102978339039
C_DEVELOPPIECES:0.5130882709791904
C_MATERIAL:0.5
C_MOVECOUNT:0.5086220133605087
C_PAWNMOVEMENT:0.5
