ELO:792
CE_PASSEDPAWNS:0.41917358545496153
CE_PAWNWEAKNESSES:0.47063341280203413
CE_PIECEACTIVITY:0.4697000744973046
CE_KINGPAWNSHIELD:0.5708328038399714
CE_PIECECOORDINATION:0.5488875343008316
CE_MATERIAL:0.5297604960604039
CE_KINGSAFETY:0.5
C_PIECESQUARETABLES:0.5
C_MOBILITY:0.5189709908310285
C_KINGSAFETY:0.5315780808235526
C_PAWNSTRUCTURE:0.4576759404224951
C_PIECECOORDINATION:0.6061500770400883
C_ROOKANDPAWNMOVEMENT:0.6061500770400883
C_CENTERCONTROL:0.5412363348662677
C_DEVELOPPIECES:0.5324875127553306
C_MATERIAL:0.4322848818899314
C_MOVECOUNT:0.5
