ELO:928
CE_PASSEDPAWNS:0.48294125047156017
CE_PAWNWEAKNESSES:0.4985067756299613
CE_PIECEACTIVITY:0.5313578990602912
CE_KINGPAWNSHIELD:0.47342972587737403
CE_PIECECOORDINATION:0.47452212088485046
CE_MATERIAL:0.5128164306326599
CE_KINGSAFETY:0.4989113069772902
C_PIECESQUARETABLES:0.49946599026020233
C_MOBILITY:0.4906731721961638
C_KINGSAFETY:0.5146500168672992
C_PAWNSTRUCTURE:0.45839637743971445
C_PIECECOORDINATION:0.4858532481994751
C_ROOK:0.4857375143093702
CE_ROOK:0.47340773084681254
C_CENTERCONTROL:0.49031639206517763
C_DEVELOPPIECES:0.5103099728744672
C_MATERIAL:0.5428063116406647
C_MOVECOUNT:0.5102340440046306
C_PAWNMOVEMENT:0.45535430407549315
