ELO:874
CE_PASSEDPAWNS:0.49484481331389557
CE_PAWNWEAKNESSES:0.5223929450682698
CE_PIECEACTIVITY:0.515603187940006
CE_KINGPAWNSHIELD:0.5006150755302813
CE_PIECECOORDINATION:0.512890719062806
CE_MATERIAL:0.5215264913623935
CE_KINGSAFETY:0.5147533638439409
C_PIECESQUARETABLES:0.47731636958661533
C_MOBILITY:0.5094162229792211
C_KINGSAFETY:0.49391319080203
C_PAWNSTRUCTURE:0.48772177117014015
C_PIECECOORDINATION:0.49469963726104554
C_ROOKANDPAWNMOVEMENT:0.49469963726104554
C_CENTERCONTROL:0.5000916129671223
C_DEVELOPPIECES:0.48987570432824473
C_MATERIAL:0.49482041023700185
C_MOVECOUNT:0.5057671370511423
