ELO:999
CE_PASSEDPAWNS:0.4736925210256748
CE_PAWNWEAKNESSES:0.45243850929604296
CE_PIECEACTIVITY:0.5069893582348354
CE_KINGPAWNSHIELD:0.5458439190441834
CE_PIECECOORDINATION:0.6187237552806951
CE_MATERIAL:0.40724485136565225
CE_KINGSAFETY:0.4824934897583783
C_PIECESQUARETABLES:0.5311464982319752
C_MOBILITY:0.4684458560254586
C_KINGSAFETY:0.516817713403688
C_PAWNSTRUCTURE:0.4819409213574494
C_PIECECOORDINATION:0.5407034054066314
C_ROOKANDPAWNMOVEMENT:0.5407034054066314
C_CENTERCONTROL:0.5008962460142815
C_DEVELOPPIECES:0.4848489173588433
C_MATERIAL:0.5898131948286652
