ELO:961
CE_PASSEDPAWNS:0.45781409875771334
CE_PAWNWEAKNESSES:0.46751558673869753
CE_PIECEACTIVITY:0.4901842626891876
CE_KINGPAWNSHIELD:0.5395214363973198
CE_PIECECOORDINATION:0.47869567716741734
CE_MATERIAL:0.5567605040378453
CE_KINGSAFETY:0.5079422916800446
C_PIECESQUARETABLES:0.49364819741589333
C_MOBILITY:0.42588363672270646
C_KINGSAFETY:0.5859175731578419
C_PAWNSTRUCTURE:0.6064920611564542
C_PIECECOORDINATION:0.42580687631155945
C_ROOKANDPAWNMOVEMENT:0.42580687631155945
C_CENTERCONTROL:0.4711194685129537
C_DEVELOPPIECES:0.35010905934943004
C_MATERIAL:0.5552231443746144
