ELO:905
CE_PASSEDPAWNS:0.497586621849723
CE_PAWNWEAKNESSES:0.5088529486036854
CE_PIECEACTIVITY:0.5313578990602912
CE_KINGPAWNSHIELD:0.47545199424806506
CE_PIECECOORDINATION:0.47278825002427666
CE_MATERIAL:0.5217692559581023
CE_KINGSAFETY:0.5
C_PIECESQUARETABLES:0.5104836615811129
C_MOBILITY:0.48845900932623115
C_KINGSAFETY:0.5222237694827254
C_PAWNSTRUCTURE:0.44982406410110864
C_PIECECOORDINATION:0.4939450188962274
C_ROOK:0.4779890457904134
CE_ROOK:0.4843677294309458
C_CENTERCONTROL:0.488686051929166
C_DEVELOPPIECES:0.4999725487750887
C_MATERIAL:0.5493362182296956
C_MOVECOUNT:0.5080909903338846
C_PAWNMOVEMENT:0.4275581699629171
