ELO:1000
CE_PASSEDPAWNS:0.4876655937509539
CE_PAWNWEAKNESSES:0.5085821161192249
CE_PIECEACTIVITY:0.5155531005925925
CE_KINGPAWNSHIELD:0.4872486499317637
CE_PIECECOORDINATION:0.49421768101348706
CE_MATERIAL:0.48639491107396804
CE_KINGSAFETY:0.519628923618699
C_PIECESQUARETABLES:0.5404908279550655
C_MOBILITY:0.45598950520024506
C_KINGSAFETY:0.5409030327324054
C_PAWNSTRUCTURE:0.5473713209575163
C_PIECECOORDINATION:0.45324273882751415
C_ROOKANDPAWNMOVEMENT:0.45324273882751415
C_CENTERCONTROL:0.4826056340961183
C_DEVELOPPIECES:0.4595454557181877
C_MATERIAL:0.4691793375233304
