ELO:990
CE_PASSEDPAWNS:0.481279750529686
CE_PAWNWEAKNESSES:0.49676957232863206
CE_PIECEACTIVITY:0.5089390861032688
CE_KINGPAWNSHIELD:0.5528113009367954
CE_PIECECOORDINATION:0.45185446380269473
CE_MATERIAL:0.5290594270445829
CE_KINGSAFETY:0.5002031339636557
C_PIECESQUARETABLES:0.4976844810159591
C_MOBILITY:0.4513973389539829
C_KINGSAFETY:0.5551046516526895
C_PAWNSTRUCTURE:0.569272374103009
C_PIECECOORDINATION:0.43944845901998786
C_ROOKANDPAWNMOVEMENT:0.43944845901998786
C_CENTERCONTROL:0.44832963446105734
C_DEVELOPPIECES:0.403809003957762
C_MATERIAL:0.5546427834476737
