ELO:1000
CE_PASSEDPAWNS:0.5012898962438468
CE_PAWNWEAKNESSES:0.4574977606916862
CE_PIECEACTIVITY:0.5211578268415908
CE_KINGPAWNSHIELD:0.534861989250398
CE_PIECECOORDINATION:0.5871524052304228
CE_MATERIAL:0.439050667885068
CE_KINGSAFETY:0.5041111616888542
C_PIECESQUARETABLES:0.5588884290080136
C_MOBILITY:0.4803115696713917
C_KINGSAFETY:0.49639419814703234
C_PAWNSTRUCTURE:0.5024081595154852
C_PIECECOORDINATION:0.5392590797896185
C_ROOKANDPAWNMOVEMENT:0.5392590797896185
C_CENTERCONTROL:0.5335897883835037
C_DEVELOPPIECES:0.4908654060841353
C_MATERIAL:0.5493906814727193
