ELO:1000
CE_PASSEDPAWNS:0.48118348821074225
CE_PAWNWEAKNESSES:0.4521383771144637
CE_PIECEACTIVITY:0.5053773418032121
CE_KINGPAWNSHIELD:0.5458439190441834
CE_PIECECOORDINATION:0.6187237552806951
CE_MATERIAL:0.4107199490353927
CE_KINGSAFETY:0.48005542460662437
C_PIECESQUARETABLES:0.5404206333128759
C_MOBILITY:0.4684458560254586
C_KINGSAFETY:0.506947975097295
C_PAWNSTRUCTURE:0.49195662539936225
C_PIECECOORDINATION:0.5280224410873023
C_ROOKANDPAWNMOVEMENT:0.5280224410873023
C_CENTERCONTROL:0.5199090746726714
C_DEVELOPPIECES:0.4891607833971264
C_MATERIAL:0.5770028638874248
