ELO:1026
CE_PASSEDPAWNS:0.5028002629686632
CE_PAWNWEAKNESSES:0.46684155789450243
CE_PIECEACTIVITY:0.5094087285050862
CE_KINGPAWNSHIELD:0.5146441284508133
CE_PIECECOORDINATION:0.5
CE_MATERIAL:0.5127737667347094
CE_KINGSAFETY:0.4979086043465645
C_PIECESQUARETABLES:0.5
C_MOBILITY:0.5
C_KINGSAFETY:0.5088706860988488
C_PAWNSTRUCTURE:0.5264670491558446
C_PIECECOORDINATION:0.5
C_ROOK:0.5010900715938008
CE_ROOK:0.5
C_CENTERCONTROL:0.4932267983199479
C_DEVELOPPIECES:0.4876096897030814
C_MATERIAL:0.5
C_MOVECOUNT:0.5
C_PAWNMOVEMENT:0.5271441745088034
