ELO:1008
CE_PASSEDPAWNS:0.48957348074566076
CE_PAWNWEAKNESSES:0.5101376647651357
CE_PIECEACTIVITY:0.490472024160499
CE_KINGPAWNSHIELD:0.5
CE_PIECECOORDINATION:0.5
CE_MATERIAL:0.511036905134472
CE_KINGSAFETY:0.5091784421500173
C_PIECESQUARETABLES:0.4810255465943444
C_MOBILITY:0.5013106501741018
C_KINGSAFETY:0.5
C_PAWNSTRUCTURE:0.5
C_PIECECOORDINATION:0.5
C_ROOKANDPAWNMOVEMENT:0.5
C_CENTERCONTROL:0.5008935147833851
C_DEVELOPPIECES:0.5
C_MATERIAL:0.518901239592737
