ELO:1009
CE_PASSEDPAWNS:0.49782727704779434
CE_PAWNWEAKNESSES:0.5066557565630374
CE_PIECEACTIVITY:0.5
CE_KINGPAWNSHIELD:0.5
CE_PIECECOORDINATION:0.5
CE_MATERIAL:0.5
CE_KINGSAFETY:0.5
C_PIECESQUARETABLES:0.49933004247065665
C_MOBILITY:0.5
C_KINGSAFETY:0.5091656271580715
C_PAWNSTRUCTURE:0.5036637334883535
C_PIECECOORDINATION:0.5045487814285614
C_ROOKANDPAWNMOVEMENT:0.5045487814285614
C_CENTERCONTROL:0.49144237245817096
C_DEVELOPPIECES:0.5
C_MATERIAL:0.4991219072250344
C_MOVECOUNT:0.5
