ELO:993
CE_PASSEDPAWNS:0.46900038168884384
CE_PAWNWEAKNESSES:0.48455533501737363
CE_PIECEACTIVITY:0.5186484285238504
CE_KINGPAWNSHIELD:0.4984078321514421
CE_PIECECOORDINATION:0.5149136627239572
CE_MATERIAL:0.5152802412709371
CE_KINGSAFETY:0.5034837799282027
C_PIECESQUARETABLES:0.48764508960666403
C_MOBILITY:0.49562608227891997
C_KINGSAFETY:0.5
C_PAWNSTRUCTURE:0.5074568517624268
C_PIECECOORDINATION:0.5173558821211037
C_ROOKANDPAWNMOVEMENT:0.5173558821211037
C_CENTERCONTROL:0.5037681717195602
C_DEVELOPPIECES:0.5165554179837294
C_MATERIAL:0.5148845407919158
C_MOVECOUNT:0.5
