ELO:992
CE_PASSEDPAWNS:0.49797127396305646
CE_PAWNWEAKNESSES:0.5116830180421408
CE_PIECEACTIVITY:0.5186484285238504
CE_KINGPAWNSHIELD:0.5127379759590944
CE_PIECECOORDINATION:0.5
CE_MATERIAL:0.49510012647184165
CE_KINGSAFETY:0.5068411578425637
C_PIECESQUARETABLES:0.5
C_MOBILITY:0.4928606886996962
C_KINGSAFETY:0.4983283850081204
C_PAWNSTRUCTURE:0.4943456845025395
C_PIECECOORDINATION:0.5175453501247191
C_ROOKANDPAWNMOVEMENT:0.5175453501247191
C_CENTERCONTROL:0.5041406470346538
C_DEVELOPPIECES:0.5243422105806467
C_MATERIAL:0.5026327476902522
C_MOVECOUNT:0.5
