ELO:1044
CE_PASSEDPAWNS:0.5
CE_PAWNWEAKNESSES:0.5
CE_PIECEACTIVITY:0.5
CE_KINGPAWNSHIELD:0.5
CE_PIECECOORDINATION:0.5074693346888955
CE_MATERIAL:0.4893915985208783
CE_KINGSAFETY:0.5
C_PIECESQUARETABLES:0.5
C_MOBILITY:0.5227632607881241
C_KINGSAFETY:0.49263529852109295
C_PAWNSTRUCTURE:0.5084370552998121
C_PIECECOORDINATION:0.4956004366189055
C_ROOKANDPAWNMOVEMENT:0.4956004366189055
C_CENTERCONTROL:0.5064163566707021
C_DEVELOPPIECES:0.5109832976940124
C_MATERIAL:0.5025839257044902
C_MOVECOUNT:0.5
