ELO:971
CE_PASSEDPAWNS:0.4722187379239789
CE_PAWNWEAKNESSES:0.4845417426640421
CE_PIECEACTIVITY:0.48948159546072784
CE_KINGPAWNSHIELD:0.527864995691032
CE_PIECECOORDINATION:0.47149360862514506
CE_MATERIAL:0.5577969446689544
CE_KINGSAFETY:0.5139002569884976
C_PIECESQUARETABLES:0.5120885273045394
C_MOBILITY:0.42541682596391855
C_KINGSAFETY:0.5665722330844386
C_PAWNSTRUCTURE:0.6152424873743471
C_PIECECOORDINATION:0.43542031076427146
C_ROOKANDPAWNMOVEMENT:0.43542031076427146
C_CENTERCONTROL:0.4605287753438149
C_DEVELOPPIECES:0.3457488144890576
C_MATERIAL:0.5686642619317895
