ELO:929
CE_PASSEDPAWNS:0.4724779924563646
CE_PAWNWEAKNESSES:0.5071197849976457
CE_PIECEACTIVITY:0.5313578990602912
CE_KINGPAWNSHIELD:0.47342972587737403
CE_PIECECOORDINATION:0.47452212088485046
CE_MATERIAL:0.5128164306326599
CE_KINGSAFETY:0.5077119462903932
C_PIECESQUARETABLES:0.5
C_MOBILITY:0.4941397337838387
C_KINGSAFETY:0.5131023712337334
C_PAWNSTRUCTURE:0.44684197253283037
C_PIECECOORDINATION:0.4858532481994751
C_ROOK:0.4941548411232937
CE_ROOK:0.47340773084681254
C_CENTERCONTROL:0.49031639206517763
C_DEVELOPPIECES:0.5103099728744672
C_MATERIAL:0.5428063116406647
C_MOVECOUNT:0.5102340440046306
C_PAWNMOVEMENT:0.4623548787981213
