ELO:1000
CE_PASSEDPAWNS:0.48672014254692847
CE_PAWNWEAKNESSES:0.5354630428851697
CE_PIECEACTIVITY:0.49299350233804734
CE_KINGPAWNSHIELD:0.4933991531409254
CE_PIECECOORDINATION:0.501900310372311
CE_MATERIAL:0.5022268077458478
CE_KINGSAFETY:0.5107089368728666
C_PIECESQUARETABLES:0.5515410840636226
C_MOBILITY:0.48498054138885444
C_KINGSAFETY:0.5234875647072789
C_PAWNSTRUCTURE:0.5252754572366335
C_PIECECOORDINATION:0.4486009507563811
C_ROOKANDPAWNMOVEMENT:0.4486009507563811
C_CENTERCONTROL:0.4947735895166043
C_DEVELOPPIECES:0.4750269826137558
C_MATERIAL:0.45567854084432935
