ELO:962
CE_PASSEDPAWNS:0.5050483712180703
CE_PAWNWEAKNESSES:0.5332380468186552
CE_PIECEACTIVITY:0.5439523756479518
CE_KINGPAWNSHIELD:0.4793998495378421
CE_PIECECOORDINATION:0.4777489439747668
CE_MATERIAL:0.5299176744911818
CE_KINGSAFETY:0.4968938804517211
C_PIECESQUARETABLES:0.5
C_MOBILITY:0.5024499490731377
C_KINGSAFETY:0.5149245374003198
C_PAWNSTRUCTURE:0.450556237061539
C_PIECECOORDINATION:0.515698765262822
C_ROOK:0.48059476672299906
CE_ROOK:0.4862367209693651
C_CENTERCONTROL:0.4863152972189542
C_DEVELOPPIECES:0.48426634262873275
C_MATERIAL:0.5603088007109975
C_MOVECOUNT:0.5158687955622925
C_PAWNMOVEMENT:0.39881285378770165
