ELO:856
CE_PASSEDPAWNS:0.46902356695607694
CE_PAWNWEAKNESSES:0.5186310386409448
CE_PIECEACTIVITY:0.5254629258514144
CE_KINGPAWNSHIELD:0.5006150755302813
CE_PIECECOORDINATION:0.5017880469003041
CE_MATERIAL:0.5215916252112581
CE_KINGSAFETY:0.5
C_PIECESQUARETABLES:0.5
C_MOBILITY:0.5326391604973005
C_KINGSAFETY:0.48937784098495496
C_PAWNSTRUCTURE:0.48564995906225294
C_PIECECOORDINATION:0.49784044717366394
C_ROOKANDPAWNMOVEMENT:0.49784044717366394
C_CENTERCONTROL:0.5177047950686906
C_DEVELOPPIECES:0.503843007898572
C_MATERIAL:0.49283573248084966
C_MOVECOUNT:0.5093580348034576
