ELO:970
CE_PASSEDPAWNS:0.4877726522364044
CE_PAWNWEAKNESSES:0.5268459761804328
CE_PIECEACTIVITY:0.5202388039732814
CE_KINGPAWNSHIELD:0.5030913537844425
CE_PIECECOORDINATION:0.4941458818441758
CE_MATERIAL:0.5177950108560335
CE_KINGSAFETY:0.505721953855521
C_PIECESQUARETABLES:0.5082748596893286
C_MOBILITY:0.5086074555096908
C_KINGSAFETY:0.4809218377777894
C_PAWNSTRUCTURE:0.5002221745125871
C_PIECECOORDINATION:0.5077989449263723
C_ROOKANDPAWNMOVEMENT:0.5077989449263723
C_CENTERCONTROL:0.5276144480025414
C_DEVELOPPIECES:0.5130484974595816
C_MATERIAL:0.5096320100838616
C_MOVECOUNT:0.5
