ELO:950
CE_PASSEDPAWNS:0.5298669774288808
CE_PAWNWEAKNESSES:0.5060205760685912
CE_PIECEACTIVITY:0.4997392552616961
CE_KINGPAWNSHIELD:0.447368298212307
CE_PIECECOORDINATION:0.46193332806541054
CE_MATERIAL:0.4963624447067655
CE_KINGSAFETY:0.5268982217644149
C_PIECESQUARETABLES:0.5245035723576533
C_MOBILITY:0.5241007521798288
C_KINGSAFETY:0.49825485867962804
C_PAWNSTRUCTURE:0.518381742492935
C_PIECECOORDINATION:0.4836603307972142
C_ROOKANDPAWNMOVEMENT:0.4836603307972142
C_CENTERCONTROL:0.4771645090850879
C_DEVELOPPIECES:0.5099249128638732
C_MATERIAL:0.45812833762567784
C_MOVECOUNT:0.5019347686585066
