ELO:809
CE_PASSEDPAWNS:0.5246271092021066
CE_PAWNWEAKNESSES:0.5547727922203641
CE_PIECEACTIVITY:0.4355581753138896
CE_KINGPAWNSHIELD:0.5317477099512692
CE_PIECECOORDINATION:0.358367906005292
CE_MATERIAL:0.6400377365703882
CE_KINGSAFETY:0.4948969178837897
C_PIECESQUARETABLES:0.4980725550584265
C_MOBILITY:0.5269952537237094
C_KINGSAFETY:0.6805160665021627
C_PAWNSTRUCTURE:0.46601472446030984
C_PIECECOORDINATION:0.43447643364245864
C_ROOKANDPAWNMOVEMENT:0.43447643364245864
C_CENTERCONTROL:0.4327613852235123
C_DEVELOPPIECES:0.5505431103978268
C_MATERIAL:0.4704945912921174
