ELO:1000
CE_PASSEDPAWNS:0.5302093242684374
CE_PAWNWEAKNESSES:0.5291874576973408
CE_PIECEACTIVITY:0.5284361409165319
CE_KINGPAWNSHIELD:0.48504553297090286
CE_PIECECOORDINATION:0.49447324854589203
CE_MATERIAL:0.49829076251903265
CE_KINGSAFETY:0.5092942185029825
C_PIECESQUARETABLES:0.5146722802094289
C_MOBILITY:0.4940207651226998
C_KINGSAFETY:0.484599750320894
C_PAWNSTRUCTURE:0.43798580010858984
C_PIECECOORDINATION:0.46189312604693533
C_ROOKANDPAWNMOVEMENT:0.46189312604693533
C_CENTERCONTROL:0.5240355946850186
C_DEVELOPPIECES:0.5122420473838528
C_MATERIAL:0.48236920360627017
