ELO:785
CE_PASSEDPAWNS:0.497397854884496
CE_PAWNWEAKNESSES:0.47329716630911106
CE_PIECEACTIVITY:0.5119814012768391
CE_KINGPAWNSHIELD:0.512152732056966
CE_PIECECOORDINATION:0.44380398163637264
CE_MATERIAL:0.4970496103742736
CE_KINGSAFETY:0.4931112096185665
C_PIECESQUARETABLES:0.5302175490655011
C_MOBILITY:0.48546168158754494
C_KINGSAFETY:0.5211087795577736
C_PAWNSTRUCTURE:0.5434901397871745
C_PIECECOORDINATION:0.4538006983484119
C_ROOKANDPAWNMOVEMENT:0.4538006983484119
C_CENTERCONTROL:0.44850483903978233
C_DEVELOPPIECES:0.49972058296130056
C_MATERIAL:0.5207260060461244
C_MOVECOUNT:0.5
