ELO:971
CE_PASSEDPAWNS:0.49983305858076743
CE_PAWNWEAKNESSES:0.5088910743640743
CE_PIECEACTIVITY:0.5249970650375122
CE_KINGPAWNSHIELD:0.5061807580198359
CE_PIECECOORDINATION:0.5
CE_MATERIAL:0.4980261701732225
CE_KINGSAFETY:0.5108560298090287
C_PIECESQUARETABLES:0.5
C_MOBILITY:0.5176095626110642
C_KINGSAFETY:0.49910932516940115
C_PAWNSTRUCTURE:0.5084696735396391
C_PIECECOORDINATION:0.5223253446238676
C_ROOKANDPAWNMOVEMENT:0.5223253446238676
C_CENTERCONTROL:0.44178712785486685
C_DEVELOPPIECES:0.5
C_MATERIAL:0.4840872448013986
C_MOVECOUNT:0.5
