ELO:1000
CE_PASSEDPAWNS:0.5011312033004025
CE_PAWNWEAKNESSES:0.5090332483776866
CE_PIECEACTIVITY:0.5
CE_KINGPAWNSHIELD:0.5169115832150883
CE_PIECECOORDINATION:0.5
CE_MATERIAL:0.49073050207446445
CE_KINGSAFETY:0.5
C_PIECESQUARETABLES:0.5
C_MOBILITY:0.5
C_KINGSAFETY:0.4971119204046467
C_PAWNSTRUCTURE:0.5105072980370337
C_PIECECOORDINATION:0.49044240148216794
C_ROOKANDPAWNMOVEMENT:0.49044240148216794
C_CENTERCONTROL:0.4967982321693889
C_DEVELOPPIECES:0.49408646579694915
C_MATERIAL:0.5020834781634381
C_MOVECOUNT:0.501926982579196
