ELO:1032
CE_PASSEDPAWNS:0.5121823187733482
CE_PAWNWEAKNESSES:0.5
CE_PIECEACTIVITY:0.5
CE_KINGPAWNSHIELD:0.5
CE_PIECECOORDINATION:0.519609585854591
CE_MATERIAL:0.5042222192627882
CE_KINGSAFETY:0.5
C_PIECESQUARETABLES:0.5
C_MOBILITY:0.5
C_KINGSAFETY:0.5
C_PAWNSTRUCTURE:0.4952097547467541
C_PIECECOORDINATION:0.5107036488164808
C_ROOK:0.5
CE_ROOK:0.5
C_CENTERCONTROL:0.5101088073423136
C_DEVELOPPIECES:0.509493895522361
C_MATERIAL:0.5
C_MOVECOUNT:0.491893627719153
C_PAWNMOVEMENT:0.5
