ELO:945
CE_PASSEDPAWNS:0.45690295041709855
CE_PAWNWEAKNESSES:0.570034628152199
CE_PIECEACTIVITY:0.48962284606036127
CE_KINGPAWNSHIELD:0.5224477412061475
CE_PIECECOORDINATION:0.5068099800656956
CE_MATERIAL:0.4584320960601587
CE_KINGSAFETY:0.4840994499499905
C_PIECESQUARETABLES:0.49951014461033066
C_MOBILITY:0.4729535521903627
C_KINGSAFETY:0.5329921630316449
C_PAWNSTRUCTURE:0.4460281998133483
C_PIECECOORDINATION:0.4934781603372524
C_ROOKANDPAWNMOVEMENT:0.4934781603372524
C_CENTERCONTROL:0.5129990915974779
C_DEVELOPPIECES:0.5084167236105901
C_MATERIAL:0.48640459684892046
