ELO:1085
CE_PASSEDPAWNS:0.442778421640529
CE_PAWNWEAKNESSES:0.4411606543784172
CE_PIECEACTIVITY:0.5822554920959389
CE_KINGPAWNSHIELD:0.41023967252045307
CE_PIECECOORDINATION:0.48239501178056654
CE_MATERIAL:0.4508744211252763
CE_KINGSAFETY:0.49962417539701437
C_PIECESQUARETABLES:0.49632078369327487
C_MOBILITY:0.42959761791842566
C_KINGSAFETY:0.6496296164030473
C_PAWNSTRUCTURE:0.4546265859144144
C_PIECECOORDINATION:0.47914387767335564
C_ROOKANDPAWNMOVEMENT:0.47914387767335564
C_CENTERCONTROL:0.5098715460035783
C_DEVELOPPIECES:0.5156397848466846
C_MATERIAL:0.4126862219777663
