ELO:1000
CE_PASSEDPAWNS:0.520000086680232
CE_PAWNWEAKNESSES:0.4804486398003104
CE_PIECEACTIVITY:0.4819902257574044
CE_KINGPAWNSHIELD:0.4959439457979049
CE_PIECECOORDINATION:0.5227076319563461
CE_MATERIAL:0.5095416648856558
CE_KINGSAFETY:0.4616936447150403
C_PIECESQUARETABLES:0.5156047071107093
C_MOBILITY:0.4964968753100759
C_KINGSAFETY:0.5052836512200208
C_PAWNSTRUCTURE:0.501404326010571
C_PIECECOORDINATION:0.4749300062071604
C_ROOKANDPAWNMOVEMENT:0.4749300062071604
C_CENTERCONTROL:0.5003594487990951
C_DEVELOPPIECES:0.5180184501373838
C_MATERIAL:0.5161533691630136
