ELO:898
CE_PASSEDPAWNS:0.49876620103685537
CE_PAWNWEAKNESSES:0.5157055955457869
CE_PIECEACTIVITY:0.516654737770679
CE_KINGPAWNSHIELD:0.6636093215339086
CE_PIECECOORDINATION:0.46590303651907794
CE_MATERIAL:0.6416898528584876
CE_KINGSAFETY:0.4749855774487899
C_PIECESQUARETABLES:0.47381939550029295
C_MOBILITY:0.6282473186465536
C_KINGSAFETY:0.37601697692234193
C_PAWNSTRUCTURE:0.4507484660055962
C_PIECECOORDINATION:0.3991015585159645
C_ROOKANDPAWNMOVEMENT:0.3991015585159645
C_CENTERCONTROL:0.5263337632573335
C_DEVELOPPIECES:0.5590241199105923
C_MATERIAL:0.49943270711538584
