ELO:939
CE_PASSEDPAWNS:0.5218093163200637
CE_PAWNWEAKNESSES:0.5344334867378939
CE_PIECEACTIVITY:0.4289161112461724
CE_KINGPAWNSHIELD:0.494106512928371
CE_PIECECOORDINATION:0.48287711891478974
CE_MATERIAL:0.5428991659799375
CE_KINGSAFETY:0.5077108096081187
C_PIECESQUARETABLES:0.48872070296610026
C_MOBILITY:0.5119039301652785
C_KINGSAFETY:0.5109356065404729
C_PAWNSTRUCTURE:0.4922682083791488
C_PIECECOORDINATION:0.5140290550534454
C_ROOK:0.4733038146444034
CE_ROOK:0.4713968484833899
C_CENTERCONTROL:0.4970281504514107
C_DEVELOPPIECES:0.5021266776944183
C_MATERIAL:0.495838602424014
C_MOVECOUNT:0.5035374048030853
C_PAWNMOVEMENT:0.48740749867178496
