ELO:937
CE_PASSEDPAWNS:0.5389860570163394
CE_PAWNWEAKNESSES:0.520829697149954
CE_PIECEACTIVITY:0.4206229795149305
CE_KINGPAWNSHIELD:0.5718019915500451
CE_PIECECOORDINATION:0.494095393987393
CE_MATERIAL:0.39546306978477386
CE_KINGSAFETY:0.4400322222652141
C_PIECESQUARETABLES:0.5111962734773945
C_MOBILITY:0.54875591048972
C_KINGSAFETY:0.47809061016976095
C_PAWNSTRUCTURE:0.4358363131657702
C_PIECECOORDINATION:0.3878195748555122
C_ROOKANDPAWNMOVEMENT:0.3878195748555122
C_CENTERCONTROL:0.4417458413400357
C_DEVELOPPIECES:0.5603992742896755
C_MATERIAL:0.5032554765850615
