ELO:973
CE_PASSEDPAWNS:0.5317716765031405
CE_PAWNWEAKNESSES:0.5361454455215268
CE_PIECEACTIVITY:0.4225642692656221
CE_KINGPAWNSHIELD:0.4994165113339897
CE_PIECECOORDINATION:0.4604245752454566
CE_MATERIAL:0.46357042445397345
CE_KINGSAFETY:0.49327316816949335
C_PIECESQUARETABLES:0.5048896481614725
C_MOBILITY:0.5043273282149359
C_KINGSAFETY:0.4930572068105557
C_PAWNSTRUCTURE:0.45524445987419304
C_PIECECOORDINATION:0.514715874724358
C_ROOK:0.4733038146444034
CE_ROOK:0.4658306644964894
C_CENTERCONTROL:0.5047306719044389
C_DEVELOPPIECES:0.5022918890320295
C_MATERIAL:0.5328545172180807
C_MOVECOUNT:0.5131265113235155
C_PAWNMOVEMENT:0.45705180784244726
