ELO:975
CE_PASSEDPAWNS:0.5032629525327084
CE_PAWNWEAKNESSES:0.5086858902610709
CE_PIECEACTIVITY:0.4796712390225969
CE_KINGPAWNSHIELD:0.5046217616847397
CE_PIECECOORDINATION:0.505578730591592
CE_MATERIAL:0.5047330032741928
CE_KINGSAFETY:0.5119631655020199
C_PIECESQUARETABLES:0.5106899166357957
C_MOBILITY:0.4976680540906745
C_KINGSAFETY:0.500245778350187
C_PAWNSTRUCTURE:0.49845232630107766
C_PIECECOORDINATION:0.48783131046254247
C_ROOK:0.5088765491491152
CE_ROOK:0.5
C_CENTERCONTROL:0.4931707616339549
C_DEVELOPPIECES:0.5161771653478139
C_MATERIAL:0.4922759574846824
C_MOVECOUNT:0.4909194265509822
C_PAWNMOVEMENT:0.5202300652440983
