ELO:1009
CE_PASSEDPAWNS:0.5183426270832615
CE_PAWNWEAKNESSES:0.5050816153958134
CE_PIECEACTIVITY:0.49870795245963095
CE_KINGPAWNSHIELD:0.5106778068944751
CE_PIECECOORDINATION:0.5
CE_MATERIAL:0.48558433606963897
CE_KINGSAFETY:0.5
C_PIECESQUARETABLES:0.5
C_MOBILITY:0.4937456117851953
C_KINGSAFETY:0.5084518352635756
C_PAWNSTRUCTURE:0.5063033586153741
C_PIECECOORDINATION:0.5214167139398171
C_ROOK:0.495730630112547
CE_ROOK:0.503614211209282
C_CENTERCONTROL:0.5097061219107921
C_DEVELOPPIECES:0.5416454889175935
C_MATERIAL:0.47370363161998413
C_MOVECOUNT:0.4855472504276063
C_PAWNMOVEMENT:0.5067433395669816
