ELO:1000
CE_PASSEDPAWNS:0.49441448179426095
CE_PAWNWEAKNESSES:0.5322817527279993
CE_PIECEACTIVITY:0.5096880868145706
CE_KINGPAWNSHIELD:0.4784658552562588
CE_PIECECOORDINATION:0.48452287357911394
CE_MATERIAL:0.44818133924357817
CE_KINGSAFETY:0.5285867609173706
C_PIECESQUARETABLES:0.49084722034172124
C_MOBILITY:0.48057272043999294
C_KINGSAFETY:0.48576390893000054
C_PAWNSTRUCTURE:0.48237923200222627
C_PIECECOORDINATION:0.48973770019455715
C_ROOKANDPAWNMOVEMENT:0.48973770019455715
C_CENTERCONTROL:0.4916537651586825
C_DEVELOPPIECES:0.5099575671667109
C_MATERIAL:0.47525394967748424
