ELO:1029
CE_PASSEDPAWNS:0.49665471019196156
CE_PAWNWEAKNESSES:0.5166355066295696
CE_PIECEACTIVITY:0.4830485880078221
CE_KINGPAWNSHIELD:0.5058489131059151
CE_PIECECOORDINATION:0.5252347465999906
CE_MATERIAL:0.49782889385480256
CE_KINGSAFETY:0.5
C_PIECESQUARETABLES:0.5
C_MOBILITY:0.49252346533234587
C_KINGSAFETY:0.5154947016018071
C_PAWNSTRUCTURE:0.5068332941276955
C_PIECECOORDINATION:0.5146752819947217
C_ROOK:0.5164644578820308
CE_ROOK:0.494003126079904
C_CENTERCONTROL:0.5
C_DEVELOPPIECES:0.5069449826884757
C_MATERIAL:0.47837023877918194
C_MOVECOUNT:0.5047292587509674
C_PAWNMOVEMENT:0.510063767528001
