ELO:824
CE_PASSEDPAWNS:0.46720700290917505
CE_PAWNWEAKNESSES:0.46866866206516933
CE_PIECEACTIVITY:0.549102203963641
CE_KINGPAWNSHIELD:0.5093604231397885
CE_PIECECOORDINATION:0.40542775070128706
CE_MATERIAL:0.5266354722128401
CE_KINGSAFETY:0.4776682633517195
C_PIECESQUARETABLES:0.48810799717666736
C_MOBILITY:0.47327906742236825
C_KINGSAFETY:0.527560693054016
C_PAWNSTRUCTURE:0.5027658065265178
C_PIECECOORDINATION:0.46380572769187134
C_ROOKANDPAWNMOVEMENT:0.46380572769187134
C_CENTERCONTROL:0.4322071119059609
C_DEVELOPPIECES:0.5086530929429256
C_MATERIAL:0.4995361534322914
C_MOVECOUNT:0.5
