ELO:996
CE_PASSEDPAWNS:0.48060742201247003
CE_PAWNWEAKNESSES:0.5452866140664226
CE_PIECEACTIVITY:0.5195013352085545
CE_KINGPAWNSHIELD:0.5475361843957206
CE_PIECECOORDINATION:0.5198968608675396
CE_MATERIAL:0.4621242600161767
CE_KINGSAFETY:0.504247876801706
C_PIECESQUARETABLES:0.5187367623325391
C_MOBILITY:0.47091359996014404
C_KINGSAFETY:0.5071779844569502
C_PAWNSTRUCTURE:0.4237899385682593
C_PIECECOORDINATION:0.4930761913707458
C_ROOKANDPAWNMOVEMENT:0.4930761913707458
C_CENTERCONTROL:0.5104078286662329
C_DEVELOPPIECES:0.5195543378816808
C_MATERIAL:0.4684937180712856
