ELO:1000
CE_PASSEDPAWNS:0.5182725995193868
CE_PAWNWEAKNESSES:0.5019637828613688
CE_PIECEACTIVITY:0.4827685525909447
CE_KINGPAWNSHIELD:0.5022772876985983
CE_PIECECOORDINATION:0.5252550503346315
CE_MATERIAL:0.4721876262249377
CE_KINGSAFETY:0.45490858789529365
C_PIECESQUARETABLES:0.499641863676027
C_MOBILITY:0.4866030127587911
C_KINGSAFETY:0.4964460980303563
C_PAWNSTRUCTURE:0.489158471577521
C_PIECECOORDINATION:0.46964865173707854
C_ROOKANDPAWNMOVEMENT:0.46964865173707854
C_CENTERCONTROL:0.5033375730114966
C_DEVELOPPIECES:0.5184995454741398
C_MATERIAL:0.5091331964385456
