ELO:1049
CE_PASSEDPAWNS:0.49838873067115047
CE_PAWNWEAKNESSES:0.49335854521530087
CE_PIECEACTIVITY:0.5016175239855094
CE_KINGPAWNSHIELD:0.4909578877990811
CE_PIECECOORDINATION:0.4892590744956842
CE_MATERIAL:0.5
CE_KINGSAFETY:0.5064752376089674
C_PIECESQUARETABLES:0.5001746967128174
C_MOBILITY:0.5
C_KINGSAFETY:0.5225140984393082
C_PAWNSTRUCTURE:0.5035588865719401
C_PIECECOORDINATION:0.5154687180404072
C_ROOKANDPAWNMOVEMENT:0.5154687180404072
C_CENTERCONTROL:0.49839558477761514
C_DEVELOPPIECES:0.5144782547405226
C_MATERIAL:0.5108827094115127
