ELO:1038
CE_PASSEDPAWNS:0.5
CE_PAWNWEAKNESSES:0.5
CE_PIECEACTIVITY:0.4977159048461838
CE_KINGPAWNSHIELD:0.5
CE_PIECECOORDINATION:0.49090611855349686
CE_MATERIAL:0.5174459879681497
CE_KINGSAFETY:0.5
C_PIECESQUARETABLES:0.5
C_MOBILITY:0.48781734377111224
C_KINGSAFETY:0.4896636760931384
C_PAWNSTRUCTURE:0.5
C_PIECECOORDINATION:0.5
C_ROOK:0.5025617923368577
CE_ROOK:0.49604616698547105
C_CENTERCONTROL:0.5
C_DEVELOPPIECES:0.509493895522361
C_MATERIAL:0.49630257389885457
C_MOVECOUNT:0.49258642512256096
C_PAWNMOVEMENT:0.503446959676813
