ELO:987
CE_PASSEDPAWNS:0.518097840576989
CE_PAWNWEAKNESSES:0.49234277688126227
CE_PIECEACTIVITY:0.5078006166697786
CE_KINGPAWNSHIELD:0.5010420649846452
CE_PIECECOORDINATION:0.507735528182119
CE_MATERIAL:0.5010112160626461
CE_KINGSAFETY:0.5179113295116063
C_PIECESQUARETABLES:0.49239791472941496
C_MOBILITY:0.502347763013211
C_KINGSAFETY:0.5
C_PAWNSTRUCTURE:0.5
C_PIECECOORDINATION:0.48015393496270475
C_ROOK:0.519507078597444
CE_ROOK:0.5033884071599287
C_CENTERCONTROL:0.5028005538817024
C_DEVELOPPIECES:0.5321019333727137
C_MATERIAL:0.48495440011446134
C_MOVECOUNT:0.5041997271284812
C_PAWNMOVEMENT:0.5101622995655835
