ELO:881
CE_PASSEDPAWNS:0.4844524346787447
CE_PAWNWEAKNESSES:0.4680560815683098
CE_PIECEACTIVITY:0.49465053954135685
CE_KINGPAWNSHIELD:0.46531557613426233
CE_PIECECOORDINATION:0.48714841303520034
CE_MATERIAL:0.49671698947907644
CE_KINGSAFETY:0.5
C_PIECESQUARETABLES:0.5
C_MOBILITY:0.51155941908146
C_KINGSAFETY:0.4789425699443958
C_PAWNSTRUCTURE:0.49826210931766524
C_PIECECOORDINATION:0.4834266384116073
C_ROOKANDPAWNMOVEMENT:0.4834266384116073
C_CENTERCONTROL:0.5207994553635703
C_DEVELOPPIECES:0.5076739128499148
C_MATERIAL:0.5324909664813904
C_MOVECOUNT:0.49074479254674236
