ELO:947
CE_PASSEDPAWNS:0.5033539129149793
CE_PAWNWEAKNESSES:0.536397925612469
CE_PIECEACTIVITY:0.5574788050822757
CE_KINGPAWNSHIELD:0.6479283418089905
CE_PIECECOORDINATION:0.4719105539866022
CE_MATERIAL:0.6245956528726201
CE_KINGSAFETY:0.4979792969881817
C_PIECESQUARETABLES:0.4767333558084304
C_MOBILITY:0.6258177953638248
C_KINGSAFETY:0.43914475673352016
C_PAWNSTRUCTURE:0.44408039056977766
C_PIECECOORDINATION:0.389552403605039
C_ROOKANDPAWNMOVEMENT:0.389552403605039
C_CENTERCONTROL:0.545756804133218
C_DEVELOPPIECES:0.536761077706615
C_MATERIAL:0.4484402470653232
