ELO:922
CE_PASSEDPAWNS:0.5417066907797724
CE_PAWNWEAKNESSES:0.5386717501501522
CE_PIECEACTIVITY:0.4362211205433607
CE_KINGPAWNSHIELD:0.494106512928371
CE_PIECECOORDINATION:0.4711488500890752
CE_MATERIAL:0.5527608461849207
CE_KINGSAFETY:0.5
C_PIECESQUARETABLES:0.49448487239223626
C_MOBILITY:0.49975777191989135
C_KINGSAFETY:0.5241407688686025
C_PAWNSTRUCTURE:0.4995238144415881
C_PIECECOORDINATION:0.5210849896322325
C_ROOK:0.4733038146444034
CE_ROOK:0.4706610020695736
C_CENTERCONTROL:0.5087529509044959
C_DEVELOPPIECES:0.4902563774952118
C_MATERIAL:0.4973753901891001
C_MOVECOUNT:0.5216678051557626
C_PAWNMOVEMENT:0.48085037114547174
