ELO:990
CE_PASSEDPAWNS:0.3890708556770269
CE_PAWNWEAKNESSES:0.4356105273172672
CE_PIECEACTIVITY:0.511318008837512
CE_KINGPAWNSHIELD:0.4870977589738908
CE_PIECECOORDINATION:0.6092782055877115
CE_MATERIAL:0.41237886705497595
CE_KINGSAFETY:0.5
C_PIECESQUARETABLES:0.5
C_MOBILITY:0.5953804727903466
C_KINGSAFETY:0.5194678114503399
C_PAWNSTRUCTURE:0.62436365227218
C_PIECECOORDINATION:0.6135308168497035
C_ROOKANDPAWNMOVEMENT:0.6135308168497035
C_CENTERCONTROL:0.36466926251351156
C_DEVELOPPIECES:0.5445000421786736
C_MATERIAL:0.5975105807630016
