ELO:982
CE_PASSEDPAWNS:0.48820389043609336
CE_PAWNWEAKNESSES:0.5003022614269488
CE_PIECEACTIVITY:0.4887064818453051
CE_KINGPAWNSHIELD:0.5067441729843638
CE_PIECECOORDINATION:0.5217781882630231
CE_MATERIAL:0.5065526550278039
CE_KINGSAFETY:0.4887998170463788
C_PIECESQUARETABLES:0.5
C_MOBILITY:0.5049429626571597
C_KINGSAFETY:0.49599436397030916
C_PAWNSTRUCTURE:0.5027186107734579
C_PIECECOORDINATION:0.48684264625417856
C_ROOKANDPAWNMOVEMENT:0.48684264625417856
C_CENTERCONTROL:0.49703451293286083
C_DEVELOPPIECES:0.49093823389691943
C_MATERIAL:0.4982830656044832
C_MOVECOUNT:0.5
