ELO:916
CE_PASSEDPAWNS:0.48701044025037915
CE_PAWNWEAKNESSES:0.4885924400608251
CE_PIECEACTIVITY:0.4741914112907987
CE_KINGPAWNSHIELD:0.4836038039142032
CE_PIECECOORDINATION:0.4263676943690702
CE_MATERIAL:0.4773724777581629
CE_KINGSAFETY:0.5038108354553172
C_PIECESQUARETABLES:0.5053590203779871
C_MOBILITY:0.43803978155800005
C_KINGSAFETY:0.5176664604722987
C_PAWNSTRUCTURE:0.5353837302886255
C_PIECECOORDINATION:0.500778132381538
C_ROOKANDPAWNMOVEMENT:0.500778132381538
C_CENTERCONTROL:0.5023432112420843
C_DEVELOPPIECES:0.4969113177021927
C_MATERIAL:0.5980160483052189
C_MOVECOUNT:0.5
