ELO:1019
CE_PASSEDPAWNS:0.5096675313272356
CE_PAWNWEAKNESSES:0.4690268378358571
CE_PIECEACTIVITY:0.5140360282912314
CE_KINGPAWNSHIELD:0.47035427114508144
CE_PIECECOORDINATION:0.507677380675731
CE_MATERIAL:0.5053204903610212
CE_KINGSAFETY:0.5004617987937164
C_PIECESQUARETABLES:0.5
C_MOBILITY:0.5014640266235872
C_KINGSAFETY:0.4532218677956674
C_PAWNSTRUCTURE:0.5259043393878126
C_PIECECOORDINATION:0.5161112147581152
C_ROOK:0.5057630929773514
CE_ROOK:0.5021332737164795
C_CENTERCONTROL:0.5191594541185843
C_DEVELOPPIECES:0.5141989953661699
C_MATERIAL:0.5121962639220392
C_MOVECOUNT:0.5028553153002161
C_PAWNMOVEMENT:0.48888663680470384
