ELO:941
CE_PASSEDPAWNS:0.5178858620680189
CE_PAWNWEAKNESSES:0.5460056527308225
CE_PIECEACTIVITY:0.42441892136149717
CE_KINGPAWNSHIELD:0.49999993565956996
CE_PIECECOORDINATION:0.47172575873457595
CE_MATERIAL:0.5527608461849207
CE_KINGSAFETY:0.49327316816949335
C_PIECESQUARETABLES:0.4876987024348518
C_MOBILITY:0.49975777191989135
C_KINGSAFETY:0.5241407688686025
C_PAWNSTRUCTURE:0.5018263052411602
C_PIECECOORDINATION:0.5210849896322325
C_ROOK:0.4733038146444034
CE_ROOK:0.4658306644964894
C_CENTERCONTROL:0.5207755422224083
C_DEVELOPPIECES:0.4902563774952118
C_MATERIAL:0.4877727968075049
C_MOVECOUNT:0.5216678051557626
C_PAWNMOVEMENT:0.48085037114547174
