ELO:924
CE_PASSEDPAWNS:0.4616033276579745
CE_PAWNWEAKNESSES:0.5657086921048837
CE_PIECEACTIVITY:0.48466921662561313
CE_KINGPAWNSHIELD:0.5215901217808135
CE_PIECECOORDINATION:0.5096645952996582
CE_MATERIAL:0.4686146765351219
CE_KINGSAFETY:0.4968206560901759
C_PIECESQUARETABLES:0.4626987188255655
C_MOBILITY:0.4734361549876391
C_KINGSAFETY:0.5356264127399901
C_PAWNSTRUCTURE:0.428198594407796
C_PIECECOORDINATION:0.4935644896796308
C_ROOKANDPAWNMOVEMENT:0.4935644896796308
C_CENTERCONTROL:0.5048481656886326
C_DEVELOPPIECES:0.49957314849629453
C_MATERIAL:0.4985958740858164
