ELO:990
CE_PASSEDPAWNS:0.39792981371987557
CE_PAWNWEAKNESSES:0.4449176979510626
CE_PIECEACTIVITY:0.5055534717583172
CE_KINGPAWNSHIELD:0.4969112771905379
CE_PIECECOORDINATION:0.6092782055877115
CE_MATERIAL:0.41237886705497595
CE_KINGSAFETY:0.5
C_PIECESQUARETABLES:0.5
C_MOBILITY:0.6106431556756368
C_KINGSAFETY:0.5625718522031207
C_PAWNSTRUCTURE:0.62436365227218
C_PIECECOORDINATION:0.6225157388930028
C_ROOKANDPAWNMOVEMENT:0.6225157388930028
C_CENTERCONTROL:0.3811673507562852
C_DEVELOPPIECES:0.5528173797779841
C_MATERIAL:0.5975105807630016
