ELO:1019
CE_PASSEDPAWNS:0.5
CE_PAWNWEAKNESSES:0.5
CE_PIECEACTIVITY:0.5
CE_KINGPAWNSHIELD:0.5038448145949187
CE_PIECECOORDINATION:0.5
CE_MATERIAL:0.5073124025722682
CE_KINGSAFETY:0.508859203540541
C_PIECESQUARETABLES:0.5139871303170547
C_MOBILITY:0.5
C_KINGSAFETY:0.4971928738204956
C_PAWNSTRUCTURE:0.5067722289689608
C_PIECECOORDINATION:0.4995464450658634
C_ROOKANDPAWNMOVEMENT:0.4995464450658634
C_CENTERCONTROL:0.5
C_DEVELOPPIECES:0.5012111648611667
C_MATERIAL:0.5
C_MOVECOUNT:0.5
