ELO:1041
CE_PASSEDPAWNS:0.5112882339219431
CE_PAWNWEAKNESSES:0.5
CE_PIECEACTIVITY:0.48304219835081835
CE_KINGPAWNSHIELD:0.5
CE_PIECECOORDINATION:0.5
CE_MATERIAL:0.5
CE_KINGSAFETY:0.5
C_PIECESQUARETABLES:0.509869119343223
C_MOBILITY:0.5111909594296903
C_KINGSAFETY:0.4796173994819289
C_PAWNSTRUCTURE:0.5
C_PIECECOORDINATION:0.5
C_ROOKANDPAWNMOVEMENT:0.5
C_CENTERCONTROL:0.4906216464649779
C_DEVELOPPIECES:0.5090375390746386
C_MATERIAL:0.5240346411398933
