ELO:941
CE_PASSEDPAWNS:0.4371207406480992
CE_PAWNWEAKNESSES:0.5402951039483158
CE_PIECEACTIVITY:0.4683204972282345
CE_KINGPAWNSHIELD:0.5139613320868849
CE_PIECECOORDINATION:0.5151334705739037
CE_MATERIAL:0.45938252077784464
CE_KINGSAFETY:0.4989795928479958
C_PIECESQUARETABLES:0.4313491188151757
C_MOBILITY:0.503694061892566
C_KINGSAFETY:0.5614948562622378
C_PAWNSTRUCTURE:0.40962453043923647
C_PIECECOORDINATION:0.5045997229640502
C_ROOKANDPAWNMOVEMENT:0.5045997229640502
C_CENTERCONTROL:0.5055672830288823
C_DEVELOPPIECES:0.5204938057747193
C_MATERIAL:0.5030560005334932
