ELO:946
CE_PASSEDPAWNS:0.5033539129149793
CE_PAWNWEAKNESSES:0.536397925612469
CE_PIECEACTIVITY:0.545172017934394
CE_KINGPAWNSHIELD:0.6483175391843635
CE_PIECECOORDINATION:0.4660438222550861
CE_MATERIAL:0.6245956528726201
CE_KINGSAFETY:0.4979792969881817
C_PIECESQUARETABLES:0.48129751907144697
C_MOBILITY:0.619687146289433
C_KINGSAFETY:0.4361962357512973
C_PAWNSTRUCTURE:0.44408039056977766
C_PIECECOORDINATION:0.38061848419932204
C_ROOKANDPAWNMOVEMENT:0.38061848419932204
C_CENTERCONTROL:0.545756804133218
C_DEVELOPPIECES:0.5448124431324683
C_MATERIAL:0.4484402470653232
