ELO:855
CE_PASSEDPAWNS:0.5033401482355723
CE_PAWNWEAKNESSES:0.610290371454044
CE_PIECEACTIVITY:0.4451785998702872
CE_KINGPAWNSHIELD:0.48036097491164903
CE_PIECECOORDINATION:0.37597591791493074
CE_MATERIAL:0.6047798408734161
CE_KINGSAFETY:0.4345928555378241
C_PIECESQUARETABLES:0.5086266492381959
C_MOBILITY:0.5301086969831681
C_KINGSAFETY:0.6454314275466198
C_PAWNSTRUCTURE:0.4544636074369719
C_PIECECOORDINATION:0.4116769580731512
C_ROOKANDPAWNMOVEMENT:0.4116769580731512
C_CENTERCONTROL:0.4368815380228016
C_DEVELOPPIECES:0.546545218612846
C_MATERIAL:0.4920993854892875
