ELO:877
CE_PASSEDPAWNS:0.4894159307330906
CE_PAWNWEAKNESSES:0.5085998743437186
CE_PIECEACTIVITY:0.5158309209533569
CE_KINGPAWNSHIELD:0.7075097648124793
CE_PIECECOORDINATION:0.4455094972176402
CE_MATERIAL:0.6381482922382399
CE_KINGSAFETY:0.49781312509995734
C_PIECESQUARETABLES:0.5193615440076303
C_MOBILITY:0.6277495185538916
C_KINGSAFETY:0.36527405375693495
C_PAWNSTRUCTURE:0.4511914836658661
C_PIECECOORDINATION:0.3699599179955498
C_ROOKANDPAWNMOVEMENT:0.3699599179955498
C_CENTERCONTROL:0.5572387243355243
C_DEVELOPPIECES:0.589442778703834
C_MATERIAL:0.492629537656021
