ELO:1000
CE_PASSEDPAWNS:0.5049175923406255
CE_PAWNWEAKNESSES:0.4773958951023741
CE_PIECEACTIVITY:0.507046504872926
CE_KINGPAWNSHIELD:0.48682866570393785
CE_PIECECOORDINATION:0.5298717377107869
CE_MATERIAL:0.4938146264372222
CE_KINGSAFETY:0.5063714933753086
C_PIECESQUARETABLES:0.5107206360569885
C_MOBILITY:0.5125126378911291
C_KINGSAFETY:0.4982222347957356
C_PAWNSTRUCTURE:0.5064914634808244
C_PIECECOORDINATION:0.5148994331448548
C_ROOKANDPAWNMOVEMENT:0.5148994331448548
C_CENTERCONTROL:0.4916544409652215
C_DEVELOPPIECES:0.4894007134699434
C_MATERIAL:0.5022353467074728
