ELO:996
CE_PASSEDPAWNS:0.5114879457009284
CE_PAWNWEAKNESSES:0.5050769781863701
CE_PIECEACTIVITY:0.5021535510357856
CE_KINGPAWNSHIELD:0.4977457399439787
CE_PIECECOORDINATION:0.48621996643472815
CE_MATERIAL:0.48739360941488546
CE_KINGSAFETY:0.5
C_PIECESQUARETABLES:0.5
C_MOBILITY:0.49731012672220304
C_KINGSAFETY:0.5051040791393723
C_PAWNSTRUCTURE:0.5077485754869963
C_PIECECOORDINATION:0.5200211482879018
C_ROOK:0.5025617923368577
CE_ROOK:0.5238007629153059
C_CENTERCONTROL:0.5299982789373977
C_DEVELOPPIECES:0.5077780893406347
C_MATERIAL:0.5063068279310138
C_MOVECOUNT:0.513501588422569
C_PAWNMOVEMENT:0.5037223531226751
