ELO:997
CE_PASSEDPAWNS:0.5
CE_PAWNWEAKNESSES:0.5215480994958523
CE_PIECEACTIVITY:0.5022005441781032
CE_KINGPAWNSHIELD:0.504143872753308
CE_PIECECOORDINATION:0.49000713572056576
CE_MATERIAL:0.4861447141333265
CE_KINGSAFETY:0.47852380455300736
C_PIECESQUARETABLES:0.49431980716408613
C_MOBILITY:0.4875259825810193
C_KINGSAFETY:0.49183713077749397
C_PAWNSTRUCTURE:0.503577923610544
C_PIECECOORDINATION:0.5003010720070319
C_ROOKANDPAWNMOVEMENT:0.5003010720070319
C_CENTERCONTROL:0.5122769007041375
C_DEVELOPPIECES:0.5061805084876588
C_MATERIAL:0.5061547810340657
C_MOVECOUNT:0.4983459957044375
