ELO:849
CE_PASSEDPAWNS:0.4832916582994114
CE_PAWNWEAKNESSES:0.43879724668382913
CE_PIECEACTIVITY:0.4944451834886935
CE_KINGPAWNSHIELD:0.47906499024480814
CE_PIECECOORDINATION:0.47804256489330826
CE_MATERIAL:0.47930564789678864
CE_KINGSAFETY:0.4811002755541219
C_PIECESQUARETABLES:0.4919341480370436
C_MOBILITY:0.5059465195900819
C_KINGSAFETY:0.508129841234505
C_PAWNSTRUCTURE:0.4946434945617013
C_PIECECOORDINATION:0.48174599238178595
C_ROOKANDPAWNMOVEMENT:0.48174599238178595
C_CENTERCONTROL:0.5156101060825514
C_DEVELOPPIECES:0.5002481931200187
C_MATERIAL:0.5506577468500875
C_MOVECOUNT:0.49481353202307554
