ELO:979
CE_PASSEDPAWNS:0.5004011974303383
CE_PAWNWEAKNESSES:0.5323986805530633
CE_PIECEACTIVITY:0.5008509227575676
CE_KINGPAWNSHIELD:0.5177570013343502
CE_PIECECOORDINATION:0.49086528155123854
CE_MATERIAL:0.4096060554626085
CE_KINGSAFETY:0.5
C_PIECESQUARETABLES:0.5015320922628388
C_MOBILITY:0.492950468048387
C_KINGSAFETY:0.45913272374463143
C_PAWNSTRUCTURE:0.4391243664204336
C_PIECECOORDINATION:0.4958154643527213
C_ROOKANDPAWNMOVEMENT:0.4958154643527213
C_CENTERCONTROL:0.48909284490295607
C_DEVELOPPIECES:0.522903770994799
C_MATERIAL:0.48772420264370864
