ELO:886
CE_PASSEDPAWNS:0.49026980462248687
CE_PAWNWEAKNESSES:0.4540622031311165
CE_PIECEACTIVITY:0.502431161035456
CE_KINGPAWNSHIELD:0.5146128918758618
CE_PIECECOORDINATION:0.447925008677831
CE_MATERIAL:0.5055078433099962
CE_KINGSAFETY:0.4919586703534674
C_PIECESQUARETABLES:0.5227674711384797
C_MOBILITY:0.49794258839369715
C_KINGSAFETY:0.49185796494177947
C_PAWNSTRUCTURE:0.554386708366124
C_PIECECOORDINATION:0.46289280460812887
C_ROOKANDPAWNMOVEMENT:0.46289280460812887
C_CENTERCONTROL:0.43978775191108976
C_DEVELOPPIECES:0.4769290992729242
C_MATERIAL:0.5002977953892317
C_MOVECOUNT:0.5
