ELO:1001
CE_PASSEDPAWNS:0.47741788547918584
CE_PAWNWEAKNESSES:0.5097461799150887
CE_PIECEACTIVITY:0.49995363588594977
CE_KINGPAWNSHIELD:0.49203704057497205
CE_PIECECOORDINATION:0.5049747856131882
CE_MATERIAL:0.5039547376052514
CE_KINGSAFETY:0.4848798394545042
C_PIECESQUARETABLES:0.49839656524589354
C_MOBILITY:0.5056949417857289
C_KINGSAFETY:0.5040366962509881
C_PAWNSTRUCTURE:0.4949240379035841
C_PIECECOORDINATION:0.4829688333663256
C_ROOKANDPAWNMOVEMENT:0.4829688333663256
C_CENTERCONTROL:0.4992071976205924
C_DEVELOPPIECES:0.5
C_MATERIAL:0.48702435582209797
C_MOVECOUNT:0.48962261066465573
