ELO:989
CE_PASSEDPAWNS:0.5
CE_PAWNWEAKNESSES:0.4908273960924968
CE_PIECEACTIVITY:0.5130884623218129
CE_KINGPAWNSHIELD:0.46624401861100495
CE_PIECECOORDINATION:0.4961217920211382
CE_MATERIAL:0.49873528204923373
CE_KINGSAFETY:0.5
C_PIECESQUARETABLES:0.5
C_MOBILITY:0.5197601571085042
C_KINGSAFETY:0.5554381877944183
C_PAWNSTRUCTURE:0.48800775738046337
C_PIECECOORDINATION:0.5150372926255956
C_ROOK:0.47342411414949226
CE_ROOK:0.49793802045010266
C_CENTERCONTROL:0.49872734645623507
C_DEVELOPPIECES:0.4808340819626096
C_MATERIAL:0.4490350290076491
C_MOVECOUNT:0.4839318357483658
C_PAWNMOVEMENT:0.4920975290637494
