ELO:925
CE_PASSEDPAWNS:0.4654461756494185
CE_PAWNWEAKNESSES:0.5061970897052148
CE_PIECEACTIVITY:0.49982260714129234
CE_KINGPAWNSHIELD:0.5317104879346664
CE_PIECECOORDINATION:0.5175788612377338
CE_MATERIAL:0.45721560633028435
CE_KINGSAFETY:0.49560310829191995
C_PIECESQUARETABLES:0.4945114974808752
C_MOBILITY:0.4797181725825574
C_KINGSAFETY:0.4812456322820226
C_PAWNSTRUCTURE:0.5196937457418167
C_PIECECOORDINATION:0.4772842961338121
C_ROOKANDPAWNMOVEMENT:0.4772842961338121
C_CENTERCONTROL:0.5118898896828613
C_DEVELOPPIECES:0.5375442652473555
C_MATERIAL:0.4769356611304758
C_MOVECOUNT:0.5301193614660069
