ELO:1026
CE_PASSEDPAWNS:0.5002455961212399
CE_PAWNWEAKNESSES:0.5006252767988147
CE_PIECEACTIVITY:0.5
CE_KINGPAWNSHIELD:0.5
CE_PIECECOORDINATION:0.4945482925136101
CE_MATERIAL:0.5
CE_KINGSAFETY:0.5002893656342264
C_PIECESQUARETABLES:0.49918120413391925
C_MOBILITY:0.5
C_KINGSAFETY:0.5208067656215744
C_PAWNSTRUCTURE:0.45430722095486936
C_PIECECOORDINATION:0.5116127454885447
C_ROOKANDPAWNMOVEMENT:0.5116127454885447
C_CENTERCONTROL:0.5088763036664322
C_DEVELOPPIECES:0.5102136296208681
C_MATERIAL:0.4922503797558699
