ELO:1247
CE_PASSEDPAWNS:0.4252726010080512
CE_PAWNWEAKNESSES:0.5871784973734809
CE_PIECEACTIVITY:0.45271969066834933
CE_KINGPAWNSHIELD:0.40172116116984813
CE_PIECECOORDINATION:0.5411440339610603
CE_MATERIAL:0.35699070302895597
CE_KINGSAFETY:0.5
C_PIECESQUARETABLES:0.5
C_MOBILITY:0.4410223019042261
C_KINGSAFETY:0.37980997626220936
C_PAWNSTRUCTURE:0.5140935344353591
C_PIECECOORDINATION:0.5447852188236804
C_ROOKANDPAWNMOVEMENT:0.5447852188236804
C_CENTERCONTROL:0.5232826369555287
C_DEVELOPPIECES:0.5528173797779841
C_MATERIAL:0.5483384372176751
