ELO:967
CE_PASSEDPAWNS:0.5215680098127502
CE_PAWNWEAKNESSES:0.36811680031687777
CE_PIECEACTIVITY:0.38481065561404315
CE_KINGPAWNSHIELD:0.49443388275456185
CE_PIECECOORDINATION:0.5209003916453686
CE_MATERIAL:0.4533986010399903
CE_KINGSAFETY:0.5049600291741063
C_PIECESQUARETABLES:0.5083766424350101
C_MOBILITY:0.5031390174418164
C_KINGSAFETY:0.42141383648321573
C_PAWNSTRUCTURE:0.4652781949599915
C_PIECECOORDINATION:0.5169734748579682
C_ROOKANDPAWNMOVEMENT:0.5169734748579682
C_CENTERCONTROL:0.49174956525625724
C_DEVELOPPIECES:0.4398270257771999
C_MATERIAL:0.4093174325319487
