ELO:949
CE_PASSEDPAWNS:0.49960816089041604
CE_PAWNWEAKNESSES:0.4916013314214099
CE_PIECEACTIVITY:0.518461668466724
CE_KINGPAWNSHIELD:0.4841860796295604
CE_PIECECOORDINATION:0.5050205769599233
CE_MATERIAL:0.5040873848831289
CE_KINGSAFETY:0.48465220942099796
C_PIECESQUARETABLES:0.5031767768819342
C_MOBILITY:0.5042087572767883
C_KINGSAFETY:0.507964255270007
C_PAWNSTRUCTURE:0.4758857098184505
C_PIECECOORDINATION:0.5011524382199821
C_ROOK:0.5
CE_ROOK:0.5
C_CENTERCONTROL:0.511961596256207
C_DEVELOPPIECES:0.5085869123526277
C_MATERIAL:0.5073398116131995
C_MOVECOUNT:0.4997082907726017
C_PAWNMOVEMENT:0.5
