ELO:710
CE_PASSEDPAWNS:0.4355974886523385
CE_PAWNWEAKNESSES:0.39950066991457045
CE_PIECEACTIVITY:0.5338589634723029
CE_KINGPAWNSHIELD:0.48520546075225335
CE_PIECECOORDINATION:0.49069980588658324
CE_MATERIAL:0.5800542065716544
CE_KINGSAFETY:0.4807261770222736
C_PIECESQUARETABLES:0.5124063578665556
C_MOBILITY:0.4096087852091705
C_KINGSAFETY:0.46299285502513476
C_PAWNSTRUCTURE:0.5100052325405156
C_PIECECOORDINATION:0.5460866132461561
C_ROOKANDPAWNMOVEMENT:0.5460866132461561
C_CENTERCONTROL:0.4966063846676793
C_DEVELOPPIECES:0.5885172657693579
C_MATERIAL:0.4611216184308277
C_MOVECOUNT:0.5
