ELO:975
CE_PASSEDPAWNS:0.503967876588156
CE_PAWNWEAKNESSES:0.4935116855835511
CE_PIECEACTIVITY:0.4946805637144003
CE_KINGPAWNSHIELD:0.4968844500839209
CE_PIECECOORDINATION:0.49763300282479556
CE_MATERIAL:0.49783759618196377
CE_KINGSAFETY:0.48441547780034877
C_PIECESQUARETABLES:0.4791652430119832
C_MOBILITY:0.48565322614667966
C_KINGSAFETY:0.5049209772869603
C_PAWNSTRUCTURE:0.4666746813408962
C_PIECECOORDINATION:0.49172889217674726
C_ROOKANDPAWNMOVEMENT:0.49172889217674726
C_CENTERCONTROL:0.49080618216111915
C_DEVELOPPIECES:0.5076076260325597
C_MATERIAL:0.5087507600317938
C_MOVECOUNT:0.4960777078014111
