ELO:734
CE_PASSEDPAWNS:0.4625426337926624
CE_PAWNWEAKNESSES:0.3693589136592356
CE_PIECEACTIVITY:0.5484258402498919
CE_KINGPAWNSHIELD:0.5338019009885672
CE_PIECECOORDINATION:0.5740328529982079
CE_MATERIAL:0.5470880650305191
CE_KINGSAFETY:0.49479908561654384
C_PIECESQUARETABLES:0.5011183128463321
C_MOBILITY:0.5528665694126986
C_KINGSAFETY:0.5316548181774577
C_PAWNSTRUCTURE:0.5286883011725482
C_PIECECOORDINATION:0.4906934689091713
C_ROOKANDPAWNMOVEMENT:0.4906934689091713
C_CENTERCONTROL:0.4548593755534923
C_DEVELOPPIECES:0.6885129536440746
C_MATERIAL:0.5575415896742255
C_MOVECOUNT:0.5089325414804211
