ELO:934
CE_PASSEDPAWNS:0.5219960588955939
CE_PAWNWEAKNESSES:0.3581389040549191
CE_PIECEACTIVITY:0.403621084492502
CE_KINGPAWNSHIELD:0.49896261604818504
CE_PIECECOORDINATION:0.5172679212720196
CE_MATERIAL:0.4587633137314824
CE_KINGSAFETY:0.5272599158413256
C_PIECESQUARETABLES:0.4911768490402094
C_MOBILITY:0.481900388463793
C_KINGSAFETY:0.3754615037077853
C_PAWNSTRUCTURE:0.4738983813720432
C_PIECECOORDINATION:0.49376318120186835
C_ROOKANDPAWNMOVEMENT:0.49376318120186835
C_CENTERCONTROL:0.4948731945101537
C_DEVELOPPIECES:0.43626493893157864
C_MATERIAL:0.4248545500063748
