ELO:788
CE_PASSEDPAWNS:0.4899247897160548
CE_PAWNWEAKNESSES:0.5646768905303429
CE_PIECEACTIVITY:0.5005854704065347
CE_KINGPAWNSHIELD:0.4850882260983482
CE_PIECECOORDINATION:0.4657838402366816
CE_MATERIAL:0.4613437361297689
CE_KINGSAFETY:0.5091199787933444
C_PIECESQUARETABLES:0.5073082391055678
C_MOBILITY:0.4567832109924911
C_KINGSAFETY:0.5281384440998109
C_PAWNSTRUCTURE:0.5368420573219703
C_PIECECOORDINATION:0.49947633139363556
C_ROOKANDPAWNMOVEMENT:0.49947633139363556
C_CENTERCONTROL:0.4723176864087615
C_DEVELOPPIECES:0.5415459796108057
C_MATERIAL:0.46753671478977943
C_MOVECOUNT:0.5
