ELO:890
CE_PASSEDPAWNS:0.5033871811739546
CE_PAWNWEAKNESSES:0.5703526925226833
CE_PIECEACTIVITY:0.4956577466613416
CE_KINGPAWNSHIELD:0.4817135779974896
CE_PIECECOORDINATION:0.4534543410388783
CE_MATERIAL:0.4767530297850624
CE_KINGSAFETY:0.5134529598917288
C_PIECESQUARETABLES:0.5276194737016028
C_MOBILITY:0.45872491770664187
C_KINGSAFETY:0.4732619916686806
C_PAWNSTRUCTURE:0.5214779569739992
C_PIECECOORDINATION:0.5061328432057447
C_ROOKANDPAWNMOVEMENT:0.5061328432057447
C_CENTERCONTROL:0.4753179851886599
C_DEVELOPPIECES:0.52437050425646
C_MATERIAL:0.4776662737986887
C_MOVECOUNT:0.5
