ELO:1017
CE_PASSEDPAWNS:0.47912806477801456
CE_PAWNWEAKNESSES:0.5018274149743518
CE_PIECEACTIVITY:0.5045744521137052
CE_KINGPAWNSHIELD:0.5082752360963054
CE_PIECECOORDINATION:0.5
CE_MATERIAL:0.4994793841422356
CE_KINGSAFETY:0.5
C_PIECESQUARETABLES:0.5
C_MOBILITY:0.49511995947111004
C_KINGSAFETY:0.5070249263959133
C_PAWNSTRUCTURE:0.4752434061058694
C_PIECECOORDINATION:0.5129933973770763
C_ROOK:0.4972203104908796
CE_ROOK:0.4828363138292949
C_CENTERCONTROL:0.4981043461682603
C_DEVELOPPIECES:0.5459323106087586
C_MATERIAL:0.47142428767594374
C_MOVECOUNT:0.5021343610710851
C_PAWNMOVEMENT:0.4451262352644556
