ELO:960
CE_PASSEDPAWNS:0.49962526008365843
CE_PAWNWEAKNESSES:0.520926820613886
CE_PIECEACTIVITY:0.509331881709297
CE_KINGPAWNSHIELD:0.5024241977383106
CE_PIECECOORDINATION:0.5099253807614893
CE_MATERIAL:0.482564388890301
CE_KINGSAFETY:0.4947467709791541
C_PIECESQUARETABLES:0.5075000787716059
C_MOBILITY:0.5323562929350016
C_KINGSAFETY:0.501829773662612
C_PAWNSTRUCTURE:0.5098553990383434
C_PIECECOORDINATION:0.5243525400182202
C_ROOKANDPAWNMOVEMENT:0.5243525400182202
C_CENTERCONTROL:0.5064589228302043
C_DEVELOPPIECES:0.5003083008816978
C_MATERIAL:0.5071192463845237
C_MOVECOUNT:0.5024761611429039
