ELO:722
CE_PASSEDPAWNS:0.48141724029377225
CE_PAWNWEAKNESSES:0.37822946608193275
CE_PIECEACTIVITY:0.5215020272530438
CE_KINGPAWNSHIELD:0.5375506229863005
CE_PIECECOORDINATION:0.5169877164551064
CE_MATERIAL:0.6051820159220005
CE_KINGSAFETY:0.4842966402026981
C_PIECESQUARETABLES:0.4982185157244009
C_MOBILITY:0.45000064572359616
C_KINGSAFETY:0.4036250149922539
C_PAWNSTRUCTURE:0.518832528143105
C_PIECECOORDINATION:0.5133118774766603
C_ROOKANDPAWNMOVEMENT:0.5133118774766603
C_CENTERCONTROL:0.5726076933781054
C_DEVELOPPIECES:0.6534499638592968
C_MATERIAL:0.46150680520585663
C_MOVECOUNT:0.4695959621279997
