ELO:1041
CE_PASSEDPAWNS:0.5180083099842604
CE_PAWNWEAKNESSES:0.43965897736578674
CE_PIECEACTIVITY:0.47314982421306334
CE_KINGPAWNSHIELD:0.5661683447176373
CE_PIECECOORDINATION:0.5044982868754488
CE_MATERIAL:0.4455208132630115
CE_KINGSAFETY:0.5
C_PIECESQUARETABLES:0.4922914054887661
C_MOBILITY:0.5779313164691857
C_KINGSAFETY:0.5417763856336248
C_PAWNSTRUCTURE:0.47512040194241134
C_PIECECOORDINATION:0.5223537001974304
C_ROOKANDPAWNMOVEMENT:0.5223537001974304
C_CENTERCONTROL:0.41198366917285323
C_DEVELOPPIECES:0.49085084564649445
C_MATERIAL:0.5085756696771824
