ELO:1044
CE_PASSEDPAWNS:0.48901928451859905
CE_PAWNWEAKNESSES:0.5155961722826075
CE_PIECEACTIVITY:0.5
CE_KINGPAWNSHIELD:0.49534413592779913
CE_PIECECOORDINATION:0.5
CE_MATERIAL:0.4970534598584468
CE_KINGSAFETY:0.5163646302272735
C_PIECESQUARETABLES:0.5
C_MOBILITY:0.4888177452491481
C_KINGSAFETY:0.5007251234178703
C_PAWNSTRUCTURE:0.492086963761732
C_PIECECOORDINATION:0.5309029386890644
C_ROOK:0.5056365679939732
CE_ROOK:0.48953967063931647
C_CENTERCONTROL:0.5286028097637193
C_DEVELOPPIECES:0.4996572584844065
C_MATERIAL:0.5
C_MOVECOUNT:0.49086572459090394
C_PAWNMOVEMENT:0.5
