ELO:936
CE_PASSEDPAWNS:0.49525068794668514
CE_PAWNWEAKNESSES:0.5445347422220966
CE_PIECEACTIVITY:0.5009005543064371
CE_KINGPAWNSHIELD:0.45555732927071635
CE_PIECECOORDINATION:0.4875540389863084
CE_MATERIAL:0.3841432350796235
CE_KINGSAFETY:0.4827262548907918
C_PIECESQUARETABLES:0.5207911689310872
C_MOBILITY:0.48972727994709947
C_KINGSAFETY:0.4489962705595969
C_PAWNSTRUCTURE:0.5408212727945454
C_PIECECOORDINATION:0.5679862968454841
C_ROOKANDPAWNMOVEMENT:0.5679862968454841
C_CENTERCONTROL:0.391779043022066
C_DEVELOPPIECES:0.4809889293243418
C_MATERIAL:0.5201446994189504
