ELO:723
CE_PASSEDPAWNS:0.506103991242322
CE_PAWNWEAKNESSES:0.3726721264542513
CE_PIECEACTIVITY:0.55308485143572
CE_KINGPAWNSHIELD:0.5377283527729155
CE_PIECECOORDINATION:0.47753784337467503
CE_MATERIAL:0.6087276963055669
CE_KINGSAFETY:0.5099100905587622
C_PIECESQUARETABLES:0.478860923998258
C_MOBILITY:0.4534616663626555
C_KINGSAFETY:0.3953199620065102
C_PAWNSTRUCTURE:0.528911696834132
C_PIECECOORDINATION:0.5533750119804262
C_ROOKANDPAWNMOVEMENT:0.5533750119804262
C_CENTERCONTROL:0.5590562376973808
C_DEVELOPPIECES:0.5950757039637873
C_MATERIAL:0.4082396441558976
C_MOVECOUNT:0.5
