ELO:983
CE_PASSEDPAWNS:0.4804554956190684
CE_PAWNWEAKNESSES:0.5134330499078902
CE_PIECEACTIVITY:0.503546224067498
CE_KINGPAWNSHIELD:0.48563071645476674
CE_PIECECOORDINATION:0.5169251915914642
CE_MATERIAL:0.4619047196106085
CE_KINGSAFETY:0.5101053101937794
C_PIECESQUARETABLES:0.49117376051518247
C_MOBILITY:0.5092270476833146
C_KINGSAFETY:0.5002904805267173
C_PAWNSTRUCTURE:0.48609314404034126
C_PIECECOORDINATION:0.4831118340572522
C_ROOKANDPAWNMOVEMENT:0.4831118340572522
C_CENTERCONTROL:0.48867716425769897
C_DEVELOPPIECES:0.48850240012198487
C_MATERIAL:0.4937784353499074
C_MOVECOUNT:0.5053791978216473
