ELO:979
CE_PASSEDPAWNS:0.5294737371223784
CE_PAWNWEAKNESSES:0.537443784359278
CE_PIECEACTIVITY:0.4772994901098669
CE_KINGPAWNSHIELD:0.4486897553867186
CE_PIECECOORDINATION:0.49251045192214543
CE_MATERIAL:0.3760889663205226
CE_KINGSAFETY:0.45380387273173833
C_PIECESQUARETABLES:0.49611691484598075
C_MOBILITY:0.538871621958136
C_KINGSAFETY:0.42956145349386454
C_PAWNSTRUCTURE:0.5046378480234777
C_PIECECOORDINATION:0.561897714013152
C_ROOKANDPAWNMOVEMENT:0.561897714013152
C_CENTERCONTROL:0.45807749102257433
C_DEVELOPPIECES:0.4597217052445314
C_MATERIAL:0.5321720284924945
