ELO:954
CE_PASSEDPAWNS:0.5137563396322153
CE_PAWNWEAKNESSES:0.36715368537476994
CE_PIECEACTIVITY:0.38731550024494443
CE_KINGPAWNSHIELD:0.4981261527819893
CE_PIECECOORDINATION:0.5143580300082509
CE_MATERIAL:0.44557558922538926
CE_KINGSAFETY:0.5233790709065262
C_PIECESQUARETABLES:0.5070385932448745
C_MOBILITY:0.48871802154751737
C_KINGSAFETY:0.4136419509497669
C_PAWNSTRUCTURE:0.4636673325560426
C_PIECECOORDINATION:0.504229134600129
C_ROOKANDPAWNMOVEMENT:0.504229134600129
C_CENTERCONTROL:0.5026875140723364
C_DEVELOPPIECES:0.43841419836341894
C_MATERIAL:0.4235081111350649
