ELO:1133
CE_PASSEDPAWNS:0.4044021109818718
CE_PAWNWEAKNESSES:0.590261458922248
CE_PIECEACTIVITY:0.5129139171742804
CE_KINGPAWNSHIELD:0.4675483960701007
CE_PIECECOORDINATION:0.5228665876218258
CE_MATERIAL:0.48144944841874326
CE_KINGSAFETY:0.5
C_PIECESQUARETABLES:0.5
C_MOBILITY:0.5741900549396723
C_KINGSAFETY:0.3948765310991503
C_PAWNSTRUCTURE:0.62436365227218
C_PIECECOORDINATION:0.5824912919337145
C_ROOKANDPAWNMOVEMENT:0.5824912919337145
C_CENTERCONTROL:0.4906048030664564
C_DEVELOPPIECES:0.40461262886758054
C_MATERIAL:0.5638506673996677
