ELO:1000
CE_PASSEDPAWNS:0.45192389489938095
CE_PAWNWEAKNESSES:0.5261814089110631
CE_PIECEACTIVITY:0.5986891290218944
CE_KINGPAWNSHIELD:0.5379784122070427
CE_PIECECOORDINATION:0.48081825291282615
CE_MATERIAL:0.4928549767568019
CE_KINGSAFETY:0.5311534670889958
C_PIECESQUARETABLES:0.4805575738611113
C_MOBILITY:0.5313937533467538
C_KINGSAFETY:0.5122257601359844
C_PAWNSTRUCTURE:0.4876854347059747
C_PIECECOORDINATION:0.5121622356848526
C_ROOKANDPAWNMOVEMENT:0.5121622356848526
C_CENTERCONTROL:0.5007401469260571
C_DEVELOPPIECES:0.5422749204442144
C_MATERIAL:0.5643126955672693
