ELO:909
CE_PASSEDPAWNS:0.5140396059312629
CE_PAWNWEAKNESSES:0.4350791753542807
CE_PIECEACTIVITY:0.48003289018247197
CE_KINGPAWNSHIELD:0.535034203934854
CE_PIECECOORDINATION:0.4576196969572965
CE_MATERIAL:0.428374963121482
CE_KINGSAFETY:0.5100507214915717
C_PIECESQUARETABLES:0.4858205364395059
C_MOBILITY:0.5072993062059492
C_KINGSAFETY:0.47820024775254066
C_PAWNSTRUCTURE:0.4924553228368882
C_PIECECOORDINATION:0.5160817143631637
C_ROOKANDPAWNMOVEMENT:0.5160817143631637
C_CENTERCONTROL:0.5445285938977859
C_DEVELOPPIECES:0.47646953908721723
C_MATERIAL:0.47737292626087063
C_MOVECOUNT:0.4986984259620583
