ELO:722
CE_PASSEDPAWNS:0.4924053092193383
CE_PAWNWEAKNESSES:0.3731286235258824
CE_PIECEACTIVITY:0.5368409311928918
CE_KINGPAWNSHIELD:0.5226280970724526
CE_PIECECOORDINATION:0.47898791582210026
CE_MATERIAL:0.6219637554537473
CE_KINGSAFETY:0.5063832966518156
C_PIECESQUARETABLES:0.46275875693176255
C_MOBILITY:0.4646550510623583
C_KINGSAFETY:0.3985917739093002
C_PAWNSTRUCTURE:0.5284387804354912
C_PIECECOORDINATION:0.5530916467034602
C_ROOKANDPAWNMOVEMENT:0.5530916467034602
C_CENTERCONTROL:0.5515900221875427
C_DEVELOPPIECES:0.5987691791665055
C_MATERIAL:0.4220074837489155
C_MOVECOUNT:0.5
