ELO:1126
CE_PASSEDPAWNS:0.442778421640529
CE_PAWNWEAKNESSES:0.5049538678398092
CE_PIECEACTIVITY:0.4475014133348354
CE_KINGPAWNSHIELD:0.4774259118591802
CE_PIECECOORDINATION:0.5449900128502336
CE_MATERIAL:0.45169883639644864
CE_KINGSAFETY:0.5051849834823003
C_PIECESQUARETABLES:0.5
C_MOBILITY:0.41257200501396873
C_KINGSAFETY:0.6262714741918367
C_PAWNSTRUCTURE:0.40447063245465203
C_PIECECOORDINATION:0.36062421724656424
C_ROOKANDPAWNMOVEMENT:0.36062421724656424
C_CENTERCONTROL:0.5804348894538358
C_DEVELOPPIECES:0.5576237735754453
C_MATERIAL:0.4073474203952967
