ELO:1063
CE_PASSEDPAWNS:0.4526448212368272
CE_PAWNWEAKNESSES:0.5698219771467662
CE_PIECEACTIVITY:0.5785351381383929
CE_KINGPAWNSHIELD:0.46865639744945076
CE_PIECECOORDINATION:0.532691344258474
CE_MATERIAL:0.5232515991107118
CE_KINGSAFETY:0.5
C_PIECESQUARETABLES:0.5
C_MOBILITY:0.5815278059008262
C_KINGSAFETY:0.35557480878985126
C_PAWNSTRUCTURE:0.5233585227687203
C_PIECECOORDINATION:0.49350886085864354
C_ROOKANDPAWNMOVEMENT:0.49350886085864354
C_CENTERCONTROL:0.4906048030664564
C_DEVELOPPIECES:0.5528173797779841
C_MATERIAL:0.6310644924673378
