ELO:1008
CE_PASSEDPAWNS:0.5151713136197547
CE_PAWNWEAKNESSES:0.5
CE_PIECEACTIVITY:0.4873627514545728
CE_KINGPAWNSHIELD:0.5
CE_PIECECOORDINATION:0.5020106568285081
CE_MATERIAL:0.4924145787585219
CE_KINGSAFETY:0.5
C_PIECESQUARETABLES:0.5045653716148277
C_MOBILITY:0.4946121814809405
C_KINGSAFETY:0.5
C_PAWNSTRUCTURE:0.504884745886199
C_PIECECOORDINATION:0.5236154447971575
C_ROOKANDPAWNMOVEMENT:0.5236154447971575
C_CENTERCONTROL:0.49940844390230804
C_DEVELOPPIECES:0.49992388703390556
C_MATERIAL:0.49343328821870097
