ELO:909
CE_PASSEDPAWNS:0.46583967142604604
CE_PAWNWEAKNESSES:0.5825213336585936
CE_PIECEACTIVITY:0.49603619603312527
CE_KINGPAWNSHIELD:0.4337583661917419
CE_PIECECOORDINATION:0.4935535660718134
CE_MATERIAL:0.3503131070208648
CE_KINGSAFETY:0.4695139021995013
C_PIECESQUARETABLES:0.5108136579061732
C_MOBILITY:0.5049728107769224
C_KINGSAFETY:0.3969513753657266
C_PAWNSTRUCTURE:0.5828500094945147
C_PIECECOORDINATION:0.5004365491704182
C_ROOKANDPAWNMOVEMENT:0.5004365491704182
C_CENTERCONTROL:0.4206964195153981
C_DEVELOPPIECES:0.4122088467253188
C_MATERIAL:0.6420480427052015
