ELO:766
CE_PASSEDPAWNS:0.48280460120096674
CE_PAWNWEAKNESSES:0.5012909115828611
CE_PIECEACTIVITY:0.4461493355003734
CE_KINGPAWNSHIELD:0.5030415675480846
CE_PIECECOORDINATION:0.5165496290528628
CE_MATERIAL:0.5371823491240248
CE_KINGSAFETY:0.5
C_PIECESQUARETABLES:0.5124724236658125
C_MOBILITY:0.4736798505268286
C_KINGSAFETY:0.5281599466894856
C_PAWNSTRUCTURE:0.45521041958940467
C_PIECECOORDINATION:0.494998331112793
C_ROOKANDPAWNMOVEMENT:0.494998331112793
C_CENTERCONTROL:0.5270681437383204
C_DEVELOPPIECES:0.4997802167975931
C_MATERIAL:0.49867433994120414
C_MOVECOUNT:0.44033304960963043
