ELO:923
CE_PASSEDPAWNS:0.49969780885512594
CE_PAWNWEAKNESSES:0.4875905933689797
CE_PIECEACTIVITY:0.444933085779323
CE_KINGPAWNSHIELD:0.5136683803537817
CE_PIECECOORDINATION:0.4880063099414535
CE_MATERIAL:0.5510727401525166
CE_KINGSAFETY:0.49316928772799584
C_PIECESQUARETABLES:0.49421802519623326
C_MOBILITY:0.4967087007999586
C_KINGSAFETY:0.5137298512718922
C_PAWNSTRUCTURE:0.4793767735983989
C_PIECECOORDINATION:0.45607546933159965
C_ROOKANDPAWNMOVEMENT:0.45607546933159965
C_CENTERCONTROL:0.48665272279809135
C_DEVELOPPIECES:0.5848238455509234
C_MATERIAL:0.47397958674225127
C_MOVECOUNT:0.4877228520356655
