ELO:1029
CE_PASSEDPAWNS:0.5438429740743952
CE_PAWNWEAKNESSES:0.5070842024604231
CE_PIECEACTIVITY:0.5064717264688003
CE_KINGPAWNSHIELD:0.4731053906566993
CE_PIECECOORDINATION:0.49243489196063395
CE_MATERIAL:0.5124374318761079
CE_KINGSAFETY:0.5
C_PIECESQUARETABLES:0.4993845918901354
C_MOBILITY:0.5028209787007483
C_KINGSAFETY:0.4705933037692467
C_PAWNSTRUCTURE:0.5080916085028273
C_PIECECOORDINATION:0.5263241007074753
C_ROOK:0.46687634147408036
CE_ROOK:0.4942618233668955
C_CENTERCONTROL:0.5149045760519924
C_DEVELOPPIECES:0.4961384099354208
C_MATERIAL:0.4844678741815801
C_MOVECOUNT:0.5214743265417351
C_PAWNMOVEMENT:0.5001007894048618
