ELO:909
CE_PASSEDPAWNS:0.47298389121265877
CE_PAWNWEAKNESSES:0.5867391045252843
CE_PIECEACTIVITY:0.49476706172805945
CE_KINGPAWNSHIELD:0.45230019801655547
CE_PIECECOORDINATION:0.4947527018868748
CE_MATERIAL:0.3528317582789303
CE_KINGSAFETY:0.4635633914386823
C_PIECESQUARETABLES:0.515924950042155
C_MOBILITY:0.49230903288980493
C_KINGSAFETY:0.39734811479619764
C_PAWNSTRUCTURE:0.6141857204276099
C_PIECECOORDINATION:0.5118374990234029
C_ROOKANDPAWNMOVEMENT:0.5118374990234029
C_CENTERCONTROL:0.43174061549984216
C_DEVELOPPIECES:0.40707698839867185
C_MATERIAL:0.6370296286934767
