ELO:1029
CE_PASSEDPAWNS:0.4424532228714801
CE_PAWNWEAKNESSES:0.5046422954316496
CE_PIECEACTIVITY:0.47730482955289316
CE_KINGPAWNSHIELD:0.5661683447176373
CE_PIECECOORDINATION:0.471519832921901
CE_MATERIAL:0.5221723018191875
CE_KINGSAFETY:0.5048238949456118
C_PIECESQUARETABLES:0.4922914054887661
C_MOBILITY:0.6013641091756341
C_KINGSAFETY:0.6276170929045072
C_PAWNSTRUCTURE:0.44856709333594685
C_PIECECOORDINATION:0.5223537001974304
C_ROOKANDPAWNMOVEMENT:0.5223537001974304
C_CENTERCONTROL:0.5732547161342879
C_DEVELOPPIECES:0.44116060501393994
C_MATERIAL:0.5219994414060783
