ELO:1192
CE_PASSEDPAWNS:0.47121509640258147
CE_PAWNWEAKNESSES:0.45753908675987287
CE_PIECEACTIVITY:0.42506633836760355
CE_KINGPAWNSHIELD:0.40008057349030945
CE_PIECECOORDINATION:0.4873020158659769
CE_MATERIAL:0.4701053431366152
CE_KINGSAFETY:0.5
C_PIECESQUARETABLES:0.5
C_MOBILITY:0.3465104698062914
C_KINGSAFETY:0.35456652827360086
C_PAWNSTRUCTURE:0.5565549327089838
C_PIECECOORDINATION:0.5960146041974088
C_ROOKANDPAWNMOVEMENT:0.5960146041974088
C_CENTERCONTROL:0.49689184494824484
C_DEVELOPPIECES:0.4763303950629413
C_MATERIAL:0.6320895787071104
