ELO:901
CE_PASSEDPAWNS:0.5268562038863988
CE_PAWNWEAKNESSES:0.37514119658350675
CE_PIECEACTIVITY:0.3992549167208456
CE_KINGPAWNSHIELD:0.5205109157341185
CE_PIECECOORDINATION:0.5001758285910893
CE_MATERIAL:0.4203042116984876
CE_KINGSAFETY:0.4985201886923608
C_PIECESQUARETABLES:0.5132355450364664
C_MOBILITY:0.43551585773713875
C_KINGSAFETY:0.3682879326815578
C_PAWNSTRUCTURE:0.47774539458238974
C_PIECECOORDINATION:0.5150831540449728
C_ROOKANDPAWNMOVEMENT:0.5150831540449728
C_CENTERCONTROL:0.5089074912150332
C_DEVELOPPIECES:0.4740005009517403
C_MATERIAL:0.436284969238448
