ELO:1013
CE_PASSEDPAWNS:0.4830823450993661
CE_PAWNWEAKNESSES:0.5070842024604231
CE_PIECEACTIVITY:0.49607853506020144
CE_KINGPAWNSHIELD:0.5121598557673049
CE_PIECECOORDINATION:0.5002465030205382
CE_MATERIAL:0.4939458398004939
CE_KINGSAFETY:0.5
C_PIECESQUARETABLES:0.5
C_MOBILITY:0.5446054300523895
C_KINGSAFETY:0.4866629361882198
C_PAWNSTRUCTURE:0.4859267463608704
C_PIECECOORDINATION:0.502393833119759
C_ROOK:0.5277144583847722
CE_ROOK:0.4788438337428083
C_CENTERCONTROL:0.4973729449371697
C_DEVELOPPIECES:0.5254485109542685
C_MATERIAL:0.5177977038124614
C_MOVECOUNT:0.484254033797517
C_PAWNMOVEMENT:0.48166362070105234
