ELO:800
CE_PASSEDPAWNS:0.43838931625073624
CE_PAWNWEAKNESSES:0.4355001120459112
CE_PIECEACTIVITY:0.5354240378601354
CE_KINGPAWNSHIELD:0.48409436833133745
CE_PIECECOORDINATION:0.4824938980827195
CE_MATERIAL:0.5716817340377444
CE_KINGSAFETY:0.4694445157127374
C_PIECESQUARETABLES:0.4876340978811484
C_MOBILITY:0.42963224977637204
C_KINGSAFETY:0.4573604892244405
C_PAWNSTRUCTURE:0.508783576634448
C_PIECECOORDINATION:0.5326749045274778
C_ROOKANDPAWNMOVEMENT:0.5326749045274778
C_CENTERCONTROL:0.49746373298273094
C_DEVELOPPIECES:0.6021801362046401
C_MATERIAL:0.4323419415731877
C_MOVECOUNT:0.5
