ELO:1000
CE_PASSEDPAWNS:0.5103430904041352
CE_PAWNWEAKNESSES:0.4975542905757174
CE_PIECEACTIVITY:0.4989891040892773
CE_KINGPAWNSHIELD:0.5078692794709845
CE_PIECECOORDINATION:0.5094918321371573
CE_MATERIAL:0.5113559924848831
CE_KINGSAFETY:0.5205572805735503
C_PIECESQUARETABLES:0.5052665553179146
C_MOBILITY:0.5201794182720928
C_KINGSAFETY:0.5024608092339304
C_PAWNSTRUCTURE:0.4888127649315623
C_PIECECOORDINATION:0.5002658931463759
C_ROOKANDPAWNMOVEMENT:0.5002658931463759
C_CENTERCONTROL:0.48736122740163584
C_DEVELOPPIECES:0.527144382428903
C_MATERIAL:0.5147796333122585
