ELO:1031
CE_PASSEDPAWNS:0.46727693989758634
CE_PAWNWEAKNESSES:0.5201033280014875
CE_PIECEACTIVITY:0.5180690068294841
CE_KINGPAWNSHIELD:0.4957620792623882
CE_PIECECOORDINATION:0.5063329275755295
CE_MATERIAL:0.5127784846434584
CE_KINGSAFETY:0.5
C_PIECESQUARETABLES:0.5
C_MOBILITY:0.5139887119244537
C_KINGSAFETY:0.4884726715446014
C_PAWNSTRUCTURE:0.48981130424927877
C_PIECECOORDINATION:0.5123774048573894
C_ROOK:0.5040680513327354
CE_ROOK:0.4767635087560862
C_CENTERCONTROL:0.5101910784123721
C_DEVELOPPIECES:0.5010440137727993
C_MATERIAL:0.4971971897610752
C_MOVECOUNT:0.454750959340167
C_PAWNMOVEMENT:0.5180565328160587
