ELO:1053
CE_PASSEDPAWNS:0.5
CE_PAWNWEAKNESSES:0.5011569131639104
CE_PIECEACTIVITY:0.4698611518029458
CE_KINGPAWNSHIELD:0.5105549806944905
CE_PIECECOORDINATION:0.49972441217918245
CE_MATERIAL:0.5
CE_KINGSAFETY:0.5
C_PIECESQUARETABLES:0.5315271794465436
C_MOBILITY:0.4930410502080145
C_KINGSAFETY:0.497775324703678
C_PAWNSTRUCTURE:0.49753025124826017
C_PIECECOORDINATION:0.5077536358927663
C_ROOKANDPAWNMOVEMENT:0.5077536358927663
C_CENTERCONTROL:0.5045830121417082
C_DEVELOPPIECES:0.4995319578281024
C_MATERIAL:0.4846101792762186
