ELO:1021
CE_PASSEDPAWNS:0.5163565444381443
CE_PAWNWEAKNESSES:0.5050816153958134
CE_PIECEACTIVITY:0.5211149527824238
CE_KINGPAWNSHIELD:0.4731053906566993
CE_PIECECOORDINATION:0.5099862208455264
CE_MATERIAL:0.49434134690751447
CE_KINGSAFETY:0.5
C_PIECESQUARETABLES:0.5
C_MOBILITY:0.5057745642532829
C_KINGSAFETY:0.5240590034009495
C_PAWNSTRUCTURE:0.500906228312213
C_PIECECOORDINATION:0.47186079018722366
C_ROOK:0.5057630929773514
CE_ROOK:0.481432679306885
C_CENTERCONTROL:0.4920725275443621
C_DEVELOPPIECES:0.49539531084576294
C_MATERIAL:0.4844678741815801
C_MOVECOUNT:0.5068550705463991
C_PAWNMOVEMENT:0.48888663680470384
