ELO:1000
CE_PASSEDPAWNS:0.5
CE_PAWNWEAKNESSES:0.5
CE_PIECEACTIVITY:0.5
CE_KINGPAWNSHIELD:0.5
CE_PIECECOORDINATION:0.5
CE_MATERIAL:0.5
CE_KINGSAFETY:0.5
C_PIECESQUARETABLES:0.5
C_MOBILITY:0.48597989343732334
C_KINGSAFETY:0.5
C_PAWNSTRUCTURE:0.5043384392070381
C_PIECECOORDINATION:0.5
C_ROOKANDPAWNMOVEMENT:0.5
C_CENTERCONTROL:0.5052083503942958
C_DEVELOPPIECES:0.5
C_MATERIAL:0.5047776193780118
C_MOVECOUNT:0.5
