ELO:969
CE_PASSEDPAWNS:0.4767412706329028
CE_PAWNWEAKNESSES:0.5312034608628312
CE_PIECEACTIVITY:0.5074039948540574
CE_KINGPAWNSHIELD:0.5076894511733373
CE_PIECECOORDINATION:0.4984985152386101
CE_MATERIAL:0.5089086264549944
CE_KINGSAFETY:0.5
C_PIECESQUARETABLES:0.5117957610392644
C_MOBILITY:0.47645403248368895
C_KINGSAFETY:0.4969081625573815
C_PAWNSTRUCTURE:0.5294480827639764
C_PIECECOORDINATION:0.48029747134044054
C_ROOKANDPAWNMOVEMENT:0.48029747134044054
C_CENTERCONTROL:0.4559111867148727
C_DEVELOPPIECES:0.5009046871598661
C_MATERIAL:0.4923631751836941
C_MOVECOUNT:0.49541088487036505
