ELO:1271
CE_PASSEDPAWNS:0.4015345199837102
CE_PAWNWEAKNESSES:0.45753908675987287
CE_PIECEACTIVITY:0.39635184151541014
CE_KINGPAWNSHIELD:0.44600764767306644
CE_PIECECOORDINATION:0.5084715853159553
CE_MATERIAL:0.4879868932312145
CE_KINGSAFETY:0.4757026987009055
C_PIECESQUARETABLES:0.5264943911150194
C_MOBILITY:0.4485987724365621
C_KINGSAFETY:0.40220539142586287
C_PAWNSTRUCTURE:0.5584186759862515
C_PIECECOORDINATION:0.5686614356759275
C_ROOKANDPAWNMOVEMENT:0.5686614356759275
C_CENTERCONTROL:0.4910158207041803
C_DEVELOPPIECES:0.4609963570258212
C_MATERIAL:0.6242308573948059
