ELO:1000
CE_PASSEDPAWNS:0.5219520671461448
CE_PAWNWEAKNESSES:0.5
CE_PIECEACTIVITY:0.5113119557679269
CE_KINGPAWNSHIELD:0.5156958032477408
CE_PIECECOORDINATION:0.48583701458920936
CE_MATERIAL:0.5177747974002976
CE_KINGSAFETY:0.4937312989836797
C_PIECESQUARETABLES:0.49976869517287853
C_MOBILITY:0.4891784239540726
C_KINGSAFETY:0.4926687093366037
C_PAWNSTRUCTURE:0.5098351584750014
C_PIECECOORDINATION:0.4967818879824427
C_ROOK:0.49637313418119033
CE_ROOK:0.5103211737769671
C_CENTERCONTROL:0.49330063574897187
C_DEVELOPPIECES:0.4848277837955627
C_MATERIAL:0.4968019001928708
C_MOVECOUNT:0.5005853856237258
C_PAWNMOVEMENT:0.5016151465316391
