ELO:1017
CE_PASSEDPAWNS:0.4830823450993661
CE_PAWNWEAKNESSES:0.483415461790615
CE_PIECEACTIVITY:0.49607853506020144
CE_KINGPAWNSHIELD:0.5179883651661399
CE_PIECECOORDINATION:0.5021572903359859
CE_MATERIAL:0.46275865749933687
CE_KINGSAFETY:0.5
C_PIECESQUARETABLES:0.5
C_MOBILITY:0.5139887119244537
C_KINGSAFETY:0.5088586798689533
C_PAWNSTRUCTURE:0.48412695891234964
C_PIECECOORDINATION:0.5411358506732914
C_ROOK:0.5099060923727498
CE_ROOK:0.4922410822318803
C_CENTERCONTROL:0.47972147466404774
C_DEVELOPPIECES:0.5010440137727993
C_MATERIAL:0.5121962639220392
C_MOVECOUNT:0.454750959340167
C_PAWNMOVEMENT:0.5
