ELO:1118
CE_PASSEDPAWNS:0.39792981371987557
CE_PAWNWEAKNESSES:0.5936476439564067
CE_PIECEACTIVITY:0.5129139171742804
CE_KINGPAWNSHIELD:0.4675483960701007
CE_PIECECOORDINATION:0.5138962178399454
CE_MATERIAL:0.396596065925367
CE_KINGSAFETY:0.5
C_PIECESQUARETABLES:0.5
C_MOBILITY:0.44740251955950305
C_KINGSAFETY:0.4059744259724239
C_PAWNSTRUCTURE:0.6053318156205673
C_PIECECOORDINATION:0.5686614356759275
C_ROOKANDPAWNMOVEMENT:0.5686614356759275
C_CENTERCONTROL:0.5141888635703844
C_DEVELOPPIECES:0.5528173797779841
C_MATERIAL:0.6249562774005232
