ELO:932
CE_PASSEDPAWNS:0.508287842104921
CE_PAWNWEAKNESSES:0.4963899771454158
CE_PIECEACTIVITY:0.5024624570378206
CE_KINGPAWNSHIELD:0.47654545520863134
CE_PIECECOORDINATION:0.5205024878962808
CE_MATERIAL:0.5586984431409419
CE_KINGSAFETY:0.491264507857478
C_PIECESQUARETABLES:0.5119602498734587
C_MOBILITY:0.4903133680510719
C_KINGSAFETY:0.5311454577961684
C_PAWNSTRUCTURE:0.49731486757186766
C_PIECECOORDINATION:0.5065810929386417
C_ROOKANDPAWNMOVEMENT:0.5065810929386417
C_CENTERCONTROL:0.5302628569219806
C_DEVELOPPIECES:0.5258716794086385
C_MATERIAL:0.49289962813564986
C_MOVECOUNT:0.5
