ELO:877
CE_PASSEDPAWNS:0.4935968430228974
CE_PAWNWEAKNESSES:0.49975926287595906
CE_PIECEACTIVITY:0.43555239815626806
CE_KINGPAWNSHIELD:0.506717319651099
CE_PIECECOORDINATION:0.516902227384463
CE_MATERIAL:0.5395383977551256
CE_KINGSAFETY:0.46153044007580235
C_PIECESQUARETABLES:0.507028153597645
C_MOBILITY:0.4959587193012905
C_KINGSAFETY:0.5156656989639832
C_PAWNSTRUCTURE:0.46321530822167434
C_PIECECOORDINATION:0.5019915315090377
C_ROOKANDPAWNMOVEMENT:0.5019915315090377
C_CENTERCONTROL:0.5314805991716794
C_DEVELOPPIECES:0.5163858658704826
C_MATERIAL:0.5075079850215128
C_MOVECOUNT:0.4622101415427304
