ELO:915
CE_PASSEDPAWNS:0.5349295177229542
CE_PAWNWEAKNESSES:0.3652320476418312
CE_PIECEACTIVITY:0.3992549167208456
CE_KINGPAWNSHIELD:0.5264319842693732
CE_PIECECOORDINATION:0.49731234627366877
CE_MATERIAL:0.41842596934723697
CE_KINGSAFETY:0.50580057837088
C_PIECESQUARETABLES:0.5132355450364664
C_MOBILITY:0.4473759039164679
C_KINGSAFETY:0.3682879326815578
C_PAWNSTRUCTURE:0.486026260759931
C_PIECECOORDINATION:0.514994873341705
C_ROOKANDPAWNMOVEMENT:0.514994873341705
C_CENTERCONTROL:0.5089074912150332
C_DEVELOPPIECES:0.4740005009517403
C_MATERIAL:0.436284969238448
