ELO:876
CE_PASSEDPAWNS:0.5357804930817269
CE_PAWNWEAKNESSES:0.39771624681034745
CE_PIECEACTIVITY:0.4096075429098611
CE_KINGPAWNSHIELD:0.528396936560822
CE_PIECECOORDINATION:0.508255099829383
CE_MATERIAL:0.42901481077366266
CE_KINGSAFETY:0.5169331440332885
C_PIECESQUARETABLES:0.537873701407428
C_MOBILITY:0.42515842662286357
C_KINGSAFETY:0.3761622042362869
C_PAWNSTRUCTURE:0.47774539458238974
C_PIECECOORDINATION:0.5213655029767921
C_ROOKANDPAWNMOVEMENT:0.5213655029767921
C_CENTERCONTROL:0.4932048357055508
C_DEVELOPPIECES:0.47326109257876076
C_MATERIAL:0.41808210260742223
