ELO:1000
CE_PASSEDPAWNS:0.49812129913425257
CE_PAWNWEAKNESSES:0.5405988589394077
CE_PIECEACTIVITY:0.5945245207574894
CE_KINGPAWNSHIELD:0.5097763567509819
CE_PIECECOORDINATION:0.4914220163289777
CE_MATERIAL:0.49697027404650246
CE_KINGSAFETY:0.5573012330291919
C_PIECESQUARETABLES:0.490490491247083
C_MOBILITY:0.5422111266586037
C_KINGSAFETY:0.5072194121419435
C_PAWNSTRUCTURE:0.49150179170247743
C_PIECECOORDINATION:0.5241594182573148
C_ROOKANDPAWNMOVEMENT:0.5241594182573148
C_CENTERCONTROL:0.4945803815649604
C_DEVELOPPIECES:0.5224427852292625
C_MATERIAL:0.5392546496838782
