ELO:987
CE_PASSEDPAWNS:0.495651162208786
CE_PAWNWEAKNESSES:0.49477333883439
CE_PIECEACTIVITY:0.5
CE_KINGPAWNSHIELD:0.5098919970140164
CE_PIECECOORDINATION:0.5035314813125679
CE_MATERIAL:0.4967186033449556
CE_KINGSAFETY:0.49230185293036205
C_PIECESQUARETABLES:0.4987810173674055
C_MOBILITY:0.5
C_KINGSAFETY:0.5
C_PAWNSTRUCTURE:0.5114692495181186
C_PIECECOORDINATION:0.5124271316832756
C_ROOKANDPAWNMOVEMENT:0.5124271316832756
C_CENTERCONTROL:0.5
C_DEVELOPPIECES:0.4898816550290427
C_MATERIAL:0.5
