ELO:879
CE_PASSEDPAWNS:0.4678407497896268
CE_PAWNWEAKNESSES:0.49332595029194526
CE_PIECEACTIVITY:0.5097984277142739
CE_KINGPAWNSHIELD:0.47048132174751456
CE_PIECECOORDINATION:0.49202799510147605
CE_MATERIAL:0.5502981595329988
CE_KINGSAFETY:0.491264507857478
C_PIECESQUARETABLES:0.5349912502493487
C_MOBILITY:0.49847129009055424
C_KINGSAFETY:0.5084618743498514
C_PAWNSTRUCTURE:0.5036498755430763
C_PIECECOORDINATION:0.4935393350000951
C_ROOKANDPAWNMOVEMENT:0.4935393350000951
C_CENTERCONTROL:0.5245813381673723
C_DEVELOPPIECES:0.551141317925523
C_MATERIAL:0.47542201333023276
C_MOVECOUNT:0.5
