ELO:709
CE_PASSEDPAWNS:0.5091015185660226
CE_PAWNWEAKNESSES:0.39764168511102344
CE_PIECEACTIVITY:0.5212516856687028
CE_KINGPAWNSHIELD:0.5286863465494914
CE_PIECECOORDINATION:0.5002665625729477
CE_MATERIAL:0.6268505056958409
CE_KINGSAFETY:0.496977826131957
C_PIECESQUARETABLES:0.4979532202822812
C_MOBILITY:0.4548312181044819
C_KINGSAFETY:0.3972576320796018
C_PAWNSTRUCTURE:0.5108510942470922
C_PIECECOORDINATION:0.5294878704902044
C_ROOKANDPAWNMOVEMENT:0.5294878704902044
C_CENTERCONTROL:0.5628334443736676
C_DEVELOPPIECES:0.5989571989281339
C_MATERIAL:0.45138718817880724
C_MOVECOUNT:0.48190472048619193
