ELO:999
CE_PASSEDPAWNS:0.4626258880231547
CE_PAWNWEAKNESSES:0.5095079868427732
CE_PIECEACTIVITY:0.6486153515964374
CE_KINGPAWNSHIELD:0.5370526559166187
CE_PIECECOORDINATION:0.47640920655145674
CE_MATERIAL:0.4798850076691217
CE_KINGSAFETY:0.4706095833881726
C_PIECESQUARETABLES:0.4877568182986486
C_MOBILITY:0.5154236578371698
C_KINGSAFETY:0.48970457825654656
C_PAWNSTRUCTURE:0.4977201710265085
C_PIECECOORDINATION:0.5328211156426472
C_ROOKANDPAWNMOVEMENT:0.5328211156426472
C_CENTERCONTROL:0.5349031357483142
C_DEVELOPPIECES:0.5374762847632971
C_MATERIAL:0.5923964849269905
