ELO:946
CE_PASSEDPAWNS:0.514980432949014
CE_PAWNWEAKNESSES:0.5133252748832399
CE_PIECEACTIVITY:0.49360764308128113
CE_KINGPAWNSHIELD:0.4625724074812941
CE_PIECECOORDINATION:0.551476941431955
CE_MATERIAL:0.4373644891900815
CE_KINGSAFETY:0.5082164204748422
C_PIECESQUARETABLES:0.5099397612364323
C_MOBILITY:0.4390632715968561
C_KINGSAFETY:0.5024721795203079
C_PAWNSTRUCTURE:0.5319024017317966
C_PIECECOORDINATION:0.45347435583439777
C_ROOKANDPAWNMOVEMENT:0.45347435583439777
C_CENTERCONTROL:0.4554752445765162
C_DEVELOPPIECES:0.4899956349115579
C_MATERIAL:0.5239856141398592
C_MOVECOUNT:0.46600270224146706
