ELO:884
CE_PASSEDPAWNS:0.4610418629371311
CE_PAWNWEAKNESSES:0.5429800881287059
CE_PIECEACTIVITY:0.48003289018247197
CE_KINGPAWNSHIELD:0.5285573817897704
CE_PIECECOORDINATION:0.49023546700816534
CE_MATERIAL:0.4675014439683167
CE_KINGSAFETY:0.49503190361010646
C_PIECESQUARETABLES:0.48159918845005645
C_MOBILITY:0.4108835263604451
C_KINGSAFETY:0.4895063737981585
C_PAWNSTRUCTURE:0.4897129177144827
C_PIECECOORDINATION:0.4986003416444312
C_ROOKANDPAWNMOVEMENT:0.4986003416444312
C_CENTERCONTROL:0.5004934356510019
C_DEVELOPPIECES:0.47823117491150063
C_MATERIAL:0.5003233434520513
C_MOVECOUNT:0.49960443982677133
