ELO:761
CE_PASSEDPAWNS:0.5079438263718506
CE_PAWNWEAKNESSES:0.4136354120707702
CE_PIECEACTIVITY:0.5325609241465078
CE_KINGPAWNSHIELD:0.5204006237357557
CE_PIECECOORDINATION:0.5335831430162239
CE_MATERIAL:0.5475668060998861
CE_KINGSAFETY:0.5279025923724221
C_PIECESQUARETABLES:0.49690324803544583
C_MOBILITY:0.5969141037937672
C_KINGSAFETY:0.5276949878861366
C_PAWNSTRUCTURE:0.527214930555617
C_PIECECOORDINATION:0.5104784711285802
C_ROOKANDPAWNMOVEMENT:0.5104784711285802
C_CENTERCONTROL:0.4220776989041531
C_DEVELOPPIECES:0.672984893833626
C_MATERIAL:0.5386357313053752
C_MOVECOUNT:0.5425681970473282
