ELO:902
CE_PASSEDPAWNS:0.49676870622823976
CE_PAWNWEAKNESSES:0.487862906546193
CE_PIECEACTIVITY:0.4766547287559055
CE_KINGPAWNSHIELD:0.4697236379246529
CE_PIECECOORDINATION:0.5262695203180564
CE_MATERIAL:0.5056326822064776
CE_KINGSAFETY:0.4978739379248237
C_PIECESQUARETABLES:0.5
C_MOBILITY:0.5000486229296637
C_KINGSAFETY:0.5226701874411289
C_PAWNSTRUCTURE:0.4673251757224472
C_PIECECOORDINATION:0.5080026750983904
C_ROOK:0.49140412553406027
CE_ROOK:0.4937930795360487
C_CENTERCONTROL:0.5041590047442968
C_DEVELOPPIECES:0.4829973852465113
C_MATERIAL:0.48017250411416057
C_MOVECOUNT:0.5092765611279156
C_PAWNMOVEMENT:0.5214610572172608
