ELO:1104
CE_PASSEDPAWNS:0.442778421640529
CE_PAWNWEAKNESSES:0.4326292060453278
CE_PIECEACTIVITY:0.46873749135697146
CE_KINGPAWNSHIELD:0.6208131797722044
CE_PIECECOORDINATION:0.5449900128502336
CE_MATERIAL:0.4300704708423255
CE_KINGSAFETY:0.4984675879876654
C_PIECESQUARETABLES:0.5
C_MOBILITY:0.5262076456545042
C_KINGSAFETY:0.6009543595079152
C_PAWNSTRUCTURE:0.4417501100211813
C_PIECECOORDINATION:0.48430233874975176
C_ROOKANDPAWNMOVEMENT:0.48430233874975176
C_CENTERCONTROL:0.5916556751746048
C_DEVELOPPIECES:0.576706058990356
C_MATERIAL:0.4073474203952967
