ELO:1036
CE_PASSEDPAWNS:0.47391601771006325
CE_PAWNWEAKNESSES:0.5031733976868626
CE_PIECEACTIVITY:0.500113336584728
CE_KINGPAWNSHIELD:0.5292612059159568
CE_PIECECOORDINATION:0.5020545011067487
CE_MATERIAL:0.5127784846434584
CE_KINGSAFETY:0.5
C_PIECESQUARETABLES:0.5
C_MOBILITY:0.4958575839663233
C_KINGSAFETY:0.4884726715446014
C_PAWNSTRUCTURE:0.500906228312213
C_PIECECOORDINATION:0.5014574809208541
C_ROOK:0.49542490709654047
CE_ROOK:0.5032317218143227
C_CENTERCONTROL:0.4935227025387516
C_DEVELOPPIECES:0.5062155232727209
C_MATERIAL:0.5323491725086331
C_MOVECOUNT:0.45993138121384947
C_PAWNMOVEMENT:0.5000142196998014
