ELO:1000
CE_PASSEDPAWNS:0.4965661381923289
CE_PAWNWEAKNESSES:0.5086555468318542
CE_PIECEACTIVITY:0.512706558197707
CE_KINGPAWNSHIELD:0.5000525054576564
CE_PIECECOORDINATION:0.49316082203683625
CE_MATERIAL:0.49264535581702046
CE_KINGSAFETY:0.49826848708885857
C_PIECESQUARETABLES:0.4796316000139576
C_MOBILITY:0.5072694525549215
C_KINGSAFETY:0.5058342783504117
C_PAWNSTRUCTURE:0.4975966737572416
C_PIECECOORDINATION:0.4696208441286011
C_ROOKANDPAWNMOVEMENT:0.4696208441286011
C_CENTERCONTROL:0.4891543457749896
C_DEVELOPPIECES:0.4937825660096782
C_MATERIAL:0.47863002175968883
