ELO:1027
CE_PASSEDPAWNS:0.48471041513052615
CE_PAWNWEAKNESSES:0.4452781501028834
CE_PIECEACTIVITY:0.49799470088882486
CE_KINGPAWNSHIELD:0.5087438922533923
CE_PIECECOORDINATION:0.5181320476387868
CE_MATERIAL:0.48278712721993206
CE_KINGSAFETY:0.4927332092372453
C_PIECESQUARETABLES:0.43882376652266825
C_MOBILITY:0.5403218307940384
C_KINGSAFETY:0.5143077489730965
C_PAWNSTRUCTURE:0.5076679485543145
C_PIECECOORDINATION:0.5092211678005004
C_ROOKANDPAWNMOVEMENT:0.5092211678005004
C_CENTERCONTROL:0.4479033668148358
C_DEVELOPPIECES:0.48258997994755465
C_MATERIAL:0.5394919580833459
C_MOVECOUNT:0.5
