ELO:994
CE_PASSEDPAWNS:0.5107401012370614
CE_PAWNWEAKNESSES:0.53086083304101
CE_PIECEACTIVITY:0.429583253156304
CE_KINGPAWNSHIELD:0.4242593932542414
CE_PIECECOORDINATION:0.4746336784370103
CE_MATERIAL:0.4957915872855351
CE_KINGSAFETY:0.5357963686912368
C_PIECESQUARETABLES:0.5362859811051308
C_MOBILITY:0.42456533329600543
C_KINGSAFETY:0.3922870088053978
C_PAWNSTRUCTURE:0.6132624413931553
C_PIECECOORDINATION:0.45579778911502294
C_ROOKANDPAWNMOVEMENT:0.45579778911502294
C_CENTERCONTROL:0.6331867049466454
C_DEVELOPPIECES:0.3963136986434149
C_MATERIAL:0.47669627652474955
