ELO:1114
CE_PASSEDPAWNS:0.44976224705761564
CE_PAWNWEAKNESSES:0.4800719337683516
CE_PIECEACTIVITY:0.4699788544305009
CE_KINGPAWNSHIELD:0.43239624297814777
CE_PIECECOORDINATION:0.49116966935425543
CE_MATERIAL:0.48134409306202863
CE_KINGSAFETY:0.5
C_PIECESQUARETABLES:0.5
C_MOBILITY:0.42607742098237683
C_KINGSAFETY:0.6198456879932558
C_PAWNSTRUCTURE:0.4599251294473798
C_PIECECOORDINATION:0.5167401171849013
C_ROOKANDPAWNMOVEMENT:0.5167401171849013
C_CENTERCONTROL:0.49635062785388473
C_DEVELOPPIECES:0.5548503152653308
C_MATERIAL:0.3724349232208572
