ELO:1022
CE_PASSEDPAWNS:0.48988584357042053
CE_PAWNWEAKNESSES:0.5070842024604231
CE_PIECEACTIVITY:0.4910859468162683
CE_KINGPAWNSHIELD:0.5120062770961185
CE_PIECECOORDINATION:0.49243489196063395
CE_MATERIAL:0.5064661152402773
CE_KINGSAFETY:0.5
C_PIECESQUARETABLES:0.5
C_MOBILITY:0.5
C_KINGSAFETY:0.47906360941770565
C_PAWNSTRUCTURE:0.5197885429922712
C_PIECECOORDINATION:0.5411358506732914
C_ROOK:0.5082618200115928
CE_ROOK:0.49256612520847703
C_CENTERCONTROL:0.4678671090758215
C_DEVELOPPIECES:0.5069449826884757
C_MATERIAL:0.49088206620205865
C_MOVECOUNT:0.4811508754496449
C_PAWNMOVEMENT:0.5029316072697483
