ELO:1000
CE_PASSEDPAWNS:0.5128644652595569
CE_PAWNWEAKNESSES:0.5132592119050695
CE_PIECEACTIVITY:0.5133205303865735
CE_KINGPAWNSHIELD:0.4963452406883778
CE_PIECECOORDINATION:0.5081789676829147
CE_MATERIAL:0.4986268350984028
CE_KINGSAFETY:0.4901837708930626
C_PIECESQUARETABLES:0.5
C_MOBILITY:0.5
C_KINGSAFETY:0.4940453650116071
C_PAWNSTRUCTURE:0.5015610180354836
C_PIECECOORDINATION:0.49938406308311617
C_ROOKANDPAWNMOVEMENT:0.49938406308311617
C_CENTERCONTROL:0.4949858783754729
C_DEVELOPPIECES:0.5044972467459884
C_MATERIAL:0.4876389137389958
