ELO:928
CE_PASSEDPAWNS:0.5632269560576729
CE_PAWNWEAKNESSES:0.5067606378375008
CE_PIECEACTIVITY:0.4665120605383121
CE_KINGPAWNSHIELD:0.3805551976178432
CE_PIECECOORDINATION:0.5227014715252519
CE_MATERIAL:0.5151777990686787
CE_KINGSAFETY:0.5267995118778658
C_PIECESQUARETABLES:0.5089953095600915
C_MOBILITY:0.39365471989892076
C_KINGSAFETY:0.3861014057914019
C_PAWNSTRUCTURE:0.6173449417321719
C_PIECECOORDINATION:0.4276645561180741
C_ROOKANDPAWNMOVEMENT:0.4276645561180741
C_CENTERCONTROL:0.5971011724794486
C_DEVELOPPIECES:0.3725559833866579
C_MATERIAL:0.4457083505919523
