ELO:896
CE_PASSEDPAWNS:0.5409159095281924
CE_PAWNWEAKNESSES:0.49735637921459874
CE_PIECEACTIVITY:0.472361707977294
CE_KINGPAWNSHIELD:0.4622742532210184
CE_PIECECOORDINATION:0.5230967481403549
CE_MATERIAL:0.5842998997741335
CE_KINGSAFETY:0.5
C_PIECESQUARETABLES:0.5
C_MOBILITY:0.5827593384128239
C_KINGSAFETY:0.48622116027682893
C_PAWNSTRUCTURE:0.6251595874769247
C_PIECECOORDINATION:0.4149634324723401
C_ROOKANDPAWNMOVEMENT:0.4149634324723401
C_CENTERCONTROL:0.5235677011126042
C_DEVELOPPIECES:0.43602159911893235
C_MATERIAL:0.5413181762054141
