ELO:1022
CE_PASSEDPAWNS:0.4859401613552304
CE_PAWNWEAKNESSES:0.5023671154484513
CE_PIECEACTIVITY:0.5
CE_KINGPAWNSHIELD:0.5170938629885469
CE_PIECECOORDINATION:0.5114344105562015
CE_MATERIAL:0.49833302690317116
CE_KINGSAFETY:0.5
C_PIECESQUARETABLES:0.5
C_MOBILITY:0.52166885803624
C_KINGSAFETY:0.48406572747192883
C_PAWNSTRUCTURE:0.5201564779106247
C_PIECECOORDINATION:0.5200587711481103
C_ROOK:0.4820435025592838
CE_ROOK:0.5057337175583507
C_CENTERCONTROL:0.523507036819424
C_DEVELOPPIECES:0.526285254586999
C_MATERIAL:0.5005844375595324
C_MOVECOUNT:0.5003199788881134
C_PAWNMOVEMENT:0.4890726682780991
