ELO:1005
CE_PASSEDPAWNS:0.49189253080402395
CE_PAWNWEAKNESSES:0.47649945417332584
CE_PIECEACTIVITY:0.5034018655540928
CE_KINGPAWNSHIELD:0.4994973409202768
CE_PIECECOORDINATION:0.5
CE_MATERIAL:0.48848409624366906
CE_KINGSAFETY:0.4946728162303527
C_PIECESQUARETABLES:0.5
C_MOBILITY:0.4906074484118369
C_KINGSAFETY:0.5043413541502637
C_PAWNSTRUCTURE:0.5
C_PIECECOORDINATION:0.5069950113034568
C_ROOKANDPAWNMOVEMENT:0.5069950113034568
C_CENTERCONTROL:0.505231780965326
C_DEVELOPPIECES:0.5057842214141596
C_MATERIAL:0.4963726013337804
C_MOVECOUNT:0.49153230919408675
