ELO:985
CE_PASSEDPAWNS:0.5122760606171913
CE_PAWNWEAKNESSES:0.5
CE_PIECEACTIVITY:0.4908809042338925
CE_KINGPAWNSHIELD:0.5115430951700939
CE_PIECECOORDINATION:0.49725913879359795
CE_MATERIAL:0.48647850869812564
CE_KINGSAFETY:0.4891686635224735
C_PIECESQUARETABLES:0.5067540910699564
C_MOBILITY:0.49810620845727605
C_KINGSAFETY:0.48089250693393715
C_PAWNSTRUCTURE:0.5083813007007363
C_PIECECOORDINATION:0.4927575479940545
C_ROOKANDPAWNMOVEMENT:0.4927575479940545
C_CENTERCONTROL:0.5
C_DEVELOPPIECES:0.4913552540741267
C_MATERIAL:0.5
