ELO:999
CE_PASSEDPAWNS:0.5792949862571566
CE_PAWNWEAKNESSES:0.4954568527711317
CE_PIECEACTIVITY:0.47583888658510415
CE_KINGPAWNSHIELD:0.5609863251864357
CE_PIECECOORDINATION:0.4258970567623526
CE_MATERIAL:0.5084060801444301
CE_KINGSAFETY:0.4898133912465146
C_PIECESQUARETABLES:0.500761931415289
C_MOBILITY:0.4834351434602425
C_KINGSAFETY:0.5386038458810288
C_PAWNSTRUCTURE:0.46313684375470715
C_PIECECOORDINATION:0.4737761546595003
C_ROOKANDPAWNMOVEMENT:0.4737761546595003
C_CENTERCONTROL:0.4945088271032032
C_DEVELOPPIECES:0.5074349407656238
C_MATERIAL:0.41562255313060686
