ELO:970
CE_PASSEDPAWNS:0.5201874368020429
CE_PAWNWEAKNESSES:0.5006206992084887
CE_PIECEACTIVITY:0.45253463786573345
CE_KINGPAWNSHIELD:0.3757287533338887
CE_PIECECOORDINATION:0.4875525837468572
CE_MATERIAL:0.5169870824565903
CE_KINGSAFETY:0.5161488556301046
C_PIECESQUARETABLES:0.4912674951614313
C_MOBILITY:0.4605760240788031
C_KINGSAFETY:0.39079865892680454
C_PAWNSTRUCTURE:0.5955550116234954
C_PIECECOORDINATION:0.4423461721889043
C_ROOKANDPAWNMOVEMENT:0.4423461721889043
C_CENTERCONTROL:0.6287377284833346
C_DEVELOPPIECES:0.37962864399672397
C_MATERIAL:0.4831119101749494
