ELO:947
CE_PASSEDPAWNS:0.4833090971686701
CE_PAWNWEAKNESSES:0.5125213015545156
CE_PIECEACTIVITY:0.4693619403522977
CE_KINGPAWNSHIELD:0.4942099565315767
CE_PIECECOORDINATION:0.4289334218849684
CE_MATERIAL:0.4637801276826252
CE_KINGSAFETY:0.5
C_PIECESQUARETABLES:0.5
C_MOBILITY:0.5389166453645836
C_KINGSAFETY:0.5102013496068885
C_PAWNSTRUCTURE:0.4949034795280463
C_PIECECOORDINATION:0.5183792520936575
C_ROOK:0.48798788367088375
CE_ROOK:0.47061203676525865
C_CENTERCONTROL:0.47235731995111935
C_DEVELOPPIECES:0.43854882670418804
C_MATERIAL:0.5089049629392004
C_MOVECOUNT:0.49905453701562685
C_PAWNMOVEMENT:0.4602734151340139
