ELO:1004
CE_PASSEDPAWNS:0.49189253080402395
CE_PAWNWEAKNESSES:0.4872168756764039
CE_PIECEACTIVITY:0.5002517063683571
CE_KINGPAWNSHIELD:0.4994973409202768
CE_PIECECOORDINATION:0.5
CE_MATERIAL:0.5016055182069986
CE_KINGSAFETY:0.4915159910051269
C_PIECESQUARETABLES:0.5
C_MOBILITY:0.49481967650168285
C_KINGSAFETY:0.5020061677836384
C_PAWNSTRUCTURE:0.5000428431545416
C_PIECECOORDINATION:0.5369994920121435
C_ROOKANDPAWNMOVEMENT:0.5369994920121435
C_CENTERCONTROL:0.5
C_DEVELOPPIECES:0.5057842214141596
C_MATERIAL:0.5
C_MOVECOUNT:0.5
