ELO:954
CE_PASSEDPAWNS:0.42469398952094567
CE_PAWNWEAKNESSES:0.4732168258111022
CE_PIECEACTIVITY:0.5128786230901973
CE_KINGPAWNSHIELD:0.5815493539387595
CE_PIECECOORDINATION:0.5030341871747629
CE_MATERIAL:0.41580947100242804
CE_KINGSAFETY:0.5117128077049485
C_PIECESQUARETABLES:0.5099396844162388
C_MOBILITY:0.5992644245212057
C_KINGSAFETY:0.4335624601384094
C_PAWNSTRUCTURE:0.5088917579471194
C_PIECECOORDINATION:0.42514984840205616
C_ROOKANDPAWNMOVEMENT:0.42514984840205616
C_CENTERCONTROL:0.47926067457337895
C_DEVELOPPIECES:0.44487144050355404
C_MATERIAL:0.5070375564239087
