ELO:1018
CE_PASSEDPAWNS:0.44092765848662013
CE_PAWNWEAKNESSES:0.5146002264810835
CE_PIECEACTIVITY:0.5887119023452457
CE_KINGPAWNSHIELD:0.5431594084568164
CE_PIECECOORDINATION:0.4803925721213925
CE_MATERIAL:0.43191333409211224
CE_KINGSAFETY:0.5
C_PIECESQUARETABLES:0.5
C_MOBILITY:0.6380900369998296
C_KINGSAFETY:0.5696716141674766
C_PAWNSTRUCTURE:0.4834855052388764
C_PIECECOORDINATION:0.5682912251921968
C_ROOKANDPAWNMOVEMENT:0.5682912251921968
C_CENTERCONTROL:0.5494560607790362
C_DEVELOPPIECES:0.5104890030307951
C_MATERIAL:0.5035498950845876
