ELO:909
CE_PASSEDPAWNS:0.39784174855385773
CE_PAWNWEAKNESSES:0.45863529296700506
CE_PIECEACTIVITY:0.544039691323665
CE_KINGPAWNSHIELD:0.5815037029748577
CE_PIECECOORDINATION:0.4875369027159204
CE_MATERIAL:0.4677562403954289
CE_KINGSAFETY:0.531827568976161
C_PIECESQUARETABLES:0.5018833988653313
C_MOBILITY:0.6262787797330319
C_KINGSAFETY:0.4435864588476691
C_PAWNSTRUCTURE:0.5764544597683279
C_PIECECOORDINATION:0.40044547323117863
C_ROOKANDPAWNMOVEMENT:0.40044547323117863
C_CENTERCONTROL:0.5269694617673761
C_DEVELOPPIECES:0.419009940013166
C_MATERIAL:0.4937358562954361
