ELO:1000
CE_PASSEDPAWNS:0.5
CE_PAWNWEAKNESSES:0.5
CE_PIECEACTIVITY:0.5
CE_KINGPAWNSHIELD:0.5122459303305799
CE_PIECECOORDINATION:0.49905490686090875
CE_MATERIAL:0.4970538936340173
CE_KINGSAFETY:0.5011232846319419
C_PIECESQUARETABLES:0.4926361243238852
C_MOBILITY:0.514976771463479
C_KINGSAFETY:0.5
C_PAWNSTRUCTURE:0.4914957019140171
C_PIECECOORDINATION:0.5
C_ROOK:0.4911506033665936
CE_ROOK:0.5000614287941743
C_CENTERCONTROL:0.5
C_DEVELOPPIECES:0.49123908657102316
C_MATERIAL:0.5099915497712386
C_MOVECOUNT:0.5023161853707108
C_PAWNMOVEMENT:0.5059427901580204
