ELO:998
CE_PASSEDPAWNS:0.5050394182539062
CE_PAWNWEAKNESSES:0.5
CE_PIECEACTIVITY:0.4778485541773369
CE_KINGPAWNSHIELD:0.530306495054948
CE_PIECECOORDINATION:0.5121445699013351
CE_MATERIAL:0.4905784043360896
CE_KINGSAFETY:0.5
C_PIECESQUARETABLES:0.4966545980240371
C_MOBILITY:0.4984535128507796
C_KINGSAFETY:0.48976992118739393
C_PAWNSTRUCTURE:0.4952097547467541
C_PIECECOORDINATION:0.49968707665337186
C_ROOK:0.5207418532573288
CE_ROOK:0.49740838020590217
C_CENTERCONTROL:0.49892954768602615
C_DEVELOPPIECES:0.49401719335160393
C_MATERIAL:0.5001572577541161
C_MOVECOUNT:0.5033073189774112
C_PAWNMOVEMENT:0.5
