ELO:1026
CE_PASSEDPAWNS:0.49443775310209565
CE_PAWNWEAKNESSES:0.530985393901956
CE_PIECEACTIVITY:0.4830485880078221
CE_KINGPAWNSHIELD:0.4952663971815441
CE_PIECECOORDINATION:0.5165875885347805
CE_MATERIAL:0.5177029599918084
CE_KINGSAFETY:0.5115920541450879
C_PIECESQUARETABLES:0.523460533491367
C_MOBILITY:0.5044564496057101
C_KINGSAFETY:0.5045955515499131
C_PAWNSTRUCTURE:0.5025755205481844
C_PIECECOORDINATION:0.534155015582187
C_ROOK:0.5009662701519307
CE_ROOK:0.4828363138292949
C_CENTERCONTROL:0.5101088073423136
C_DEVELOPPIECES:0.4787131896974093
C_MATERIAL:0.49649630162887737
C_MOVECOUNT:0.510902853622266
C_PAWNMOVEMENT:0.5327872628443148
