ELO:1022
CE_PASSEDPAWNS:0.47428961058948177
CE_PAWNWEAKNESSES:0.4925061936222964
CE_PIECEACTIVITY:0.4799488361370788
CE_KINGPAWNSHIELD:0.4863375406543566
CE_PIECECOORDINATION:0.5114344105562015
CE_MATERIAL:0.48815775451456217
CE_KINGSAFETY:0.5
C_PIECESQUARETABLES:0.5
C_MOBILITY:0.52166885803624
C_KINGSAFETY:0.4890094461229128
C_PAWNSTRUCTURE:0.5173756872893983
C_PIECECOORDINATION:0.5179891344063673
C_ROOK:0.49542490709654047
CE_ROOK:0.5016273857142091
C_CENTERCONTROL:0.5013749059447414
C_DEVELOPPIECES:0.4874532957104763
C_MATERIAL:0.4863575817299442
C_MOVECOUNT:0.5068550705463991
C_PAWNMOVEMENT:0.49912436464649584
