ELO:997
CE_PASSEDPAWNS:0.5
CE_PAWNWEAKNESSES:0.4929500773763804
CE_PIECEACTIVITY:0.47108207915943767
CE_KINGPAWNSHIELD:0.5117580498508573
CE_PIECECOORDINATION:0.5059391305617968
CE_MATERIAL:0.4979580497480982
CE_KINGSAFETY:0.5
C_PIECESQUARETABLES:0.5
C_MOBILITY:0.5001380541295053
C_KINGSAFETY:0.49684219246583167
C_PAWNSTRUCTURE:0.5144225031108666
C_PIECECOORDINATION:0.5140086521281312
C_ROOKANDPAWNMOVEMENT:0.5140086521281312
C_CENTERCONTROL:0.49244344712161986
C_DEVELOPPIECES:0.48506227824081477
C_MATERIAL:0.5
C_MOVECOUNT:0.5266763907548099
