ELO:1005
CE_PASSEDPAWNS:0.49950994730859793
CE_PAWNWEAKNESSES:0.4798869312688707
CE_PIECEACTIVITY:0.5099769093134577
CE_KINGPAWNSHIELD:0.5029039173709873
CE_PIECECOORDINATION:0.5
CE_MATERIAL:0.5
CE_KINGSAFETY:0.5120334400764136
C_PIECESQUARETABLES:0.5198695009024445
C_MOBILITY:0.5
C_KINGSAFETY:0.5
C_PAWNSTRUCTURE:0.49773037065996223
C_PIECECOORDINATION:0.49974869408461814
C_ROOKANDPAWNMOVEMENT:0.49974869408461814
C_CENTERCONTROL:0.49169148682254527
C_DEVELOPPIECES:0.5001692788929344
C_MATERIAL:0.49725174653535836
C_MOVECOUNT:0.5073651157868521
