ELO:941
CE_PASSEDPAWNS:0.4838827582046228
CE_PAWNWEAKNESSES:0.48966670599064843
CE_PIECEACTIVITY:0.5129303563747846
CE_KINGPAWNSHIELD:0.4767149358356158
CE_PIECECOORDINATION:0.4752500411283649
CE_MATERIAL:0.49604259661914507
CE_KINGSAFETY:0.4630529391350485
C_PIECESQUARETABLES:0.5116198260911711
C_MOBILITY:0.4812584214626492
C_KINGSAFETY:0.508201312881001
C_PAWNSTRUCTURE:0.5394620476956119
C_PIECECOORDINATION:0.478829634416216
C_ROOKANDPAWNMOVEMENT:0.478829634416216
C_CENTERCONTROL:0.4923667967716392
C_DEVELOPPIECES:0.4942490299842104
C_MATERIAL:0.5625377904891629
C_MOVECOUNT:0.5
