ELO:939
CE_PASSEDPAWNS:0.41010513193458487
CE_PAWNWEAKNESSES:0.48307989278753444
CE_PIECEACTIVITY:0.5483236756054389
CE_KINGPAWNSHIELD:0.5897446561957302
CE_PIECECOORDINATION:0.531567368578921
CE_MATERIAL:0.48080991362803677
CE_KINGSAFETY:0.4785972251905565
C_PIECESQUARETABLES:0.5087628403889021
C_MOBILITY:0.6095150053144928
C_KINGSAFETY:0.4462800872886328
C_PAWNSTRUCTURE:0.5276798334840027
C_PIECECOORDINATION:0.39785245209041503
C_ROOKANDPAWNMOVEMENT:0.39785245209041503
C_CENTERCONTROL:0.482119102295366
C_DEVELOPPIECES:0.47731887241034077
C_MATERIAL:0.4938734894180793
