ELO:1000
CE_PASSEDPAWNS:0.49125493956914484
CE_PAWNWEAKNESSES:0.5072280176690581
CE_PIECEACTIVITY:0.48917838886222137
CE_KINGPAWNSHIELD:0.5111978374294559
CE_PIECECOORDINATION:0.5189635611071786
CE_MATERIAL:0.5078377567633634
CE_KINGSAFETY:0.49268034405380823
C_PIECESQUARETABLES:0.5133551483616204
C_MOBILITY:0.4905921613219345
C_KINGSAFETY:0.4927654946572068
C_PAWNSTRUCTURE:0.5172485366553035
C_PIECECOORDINATION:0.4806856315038154
C_ROOKANDPAWNMOVEMENT:0.4806856315038154
C_CENTERCONTROL:0.5083238080555001
C_DEVELOPPIECES:0.48559531290645186
C_MATERIAL:0.5057283371560987
