ELO:967
CE_PASSEDPAWNS:0.5082747385440037
CE_PAWNWEAKNESSES:0.5116632895152108
CE_PIECEACTIVITY:0.5011849085803816
CE_KINGPAWNSHIELD:0.47305379864375696
CE_PIECECOORDINATION:0.514314271296826
CE_MATERIAL:0.5098850869719339
CE_KINGSAFETY:0.5
C_PIECESQUARETABLES:0.5
C_MOBILITY:0.5338334519052533
C_KINGSAFETY:0.49107704090387455
C_PAWNSTRUCTURE:0.4985258355090748
C_PIECECOORDINATION:0.501756087542889
C_ROOKANDPAWNMOVEMENT:0.501756087542889
C_CENTERCONTROL:0.5159148073194039
C_DEVELOPPIECES:0.5
C_MATERIAL:0.49468999479382136
C_MOVECOUNT:0.4884926596004241
