ELO:989
CE_PASSEDPAWNS:0.525253655399372
CE_PAWNWEAKNESSES:0.5021468058637683
CE_PIECEACTIVITY:0.44597036103743254
CE_KINGPAWNSHIELD:0.42954015960588343
CE_PIECECOORDINATION:0.48459360078045716
CE_MATERIAL:0.4856084819010001
CE_KINGSAFETY:0.53701483699659
C_PIECESQUARETABLES:0.5507881976070468
C_MOBILITY:0.43300543331895297
C_KINGSAFETY:0.40314432270320716
C_PAWNSTRUCTURE:0.6104004316812516
C_PIECECOORDINATION:0.4591104239014894
C_ROOKANDPAWNMOVEMENT:0.4591104239014894
C_CENTERCONTROL:0.6106995450470101
C_DEVELOPPIECES:0.3895712802744221
C_MATERIAL:0.46248190346721874
