ELO:1009
CE_PASSEDPAWNS:0.5
CE_PAWNWEAKNESSES:0.4919877397827842
CE_PIECEACTIVITY:0.4971577073402031
CE_KINGPAWNSHIELD:0.49144661845613125
CE_PIECECOORDINATION:0.5065087664431608
CE_MATERIAL:0.4881755456531759
CE_KINGSAFETY:0.5163930818294322
C_PIECESQUARETABLES:0.5127013596028034
C_MOBILITY:0.5116044002035202
C_KINGSAFETY:0.5
C_PAWNSTRUCTURE:0.5088445558575265
C_PIECECOORDINATION:0.505722605735035
C_ROOKANDPAWNMOVEMENT:0.505722605735035
C_CENTERCONTROL:0.510123551239968
C_DEVELOPPIECES:0.4992328502615094
C_MATERIAL:0.48593708181157114
