ELO:989
CE_PASSEDPAWNS:0.39193402845681735
CE_PAWNWEAKNESSES:0.46012477885377634
CE_PIECEACTIVITY:0.5038543316293372
CE_KINGPAWNSHIELD:0.47891695619688524
CE_PIECECOORDINATION:0.6092782055877115
CE_MATERIAL:0.41237886705497595
CE_KINGSAFETY:0.5
C_PIECESQUARETABLES:0.5008667310852047
C_MOBILITY:0.6012375065314792
C_KINGSAFETY:0.5758962455982918
C_PAWNSTRUCTURE:0.6312732070560647
C_PIECECOORDINATION:0.6070993815224753
C_ROOKANDPAWNMOVEMENT:0.6070993815224753
C_CENTERCONTROL:0.3840766358345023
C_DEVELOPPIECES:0.5458109711863622
C_MATERIAL:0.5775062255203282
