ELO:1029
CE_PASSEDPAWNS:0.48370687275370494
CE_PAWNWEAKNESSES:0.4534113002961457
CE_PIECEACTIVITY:0.5265909029189028
CE_KINGPAWNSHIELD:0.48255604842934646
CE_PIECECOORDINATION:0.4986479316490109
CE_MATERIAL:0.4340882362581037
CE_KINGSAFETY:0.5
C_PIECESQUARETABLES:0.5
C_MOBILITY:0.5319870640295287
C_KINGSAFETY:0.4334803575933409
C_PAWNSTRUCTURE:0.4834855052388764
C_PIECECOORDINATION:0.5455865334957429
C_ROOKANDPAWNMOVEMENT:0.5455865334957429
C_CENTERCONTROL:0.4091917803352244
C_DEVELOPPIECES:0.44590054720841193
C_MATERIAL:0.4000426418962501
