ELO:1017
CE_PASSEDPAWNS:0.49189253080402395
CE_PAWNWEAKNESSES:0.4872168756764039
CE_PIECEACTIVITY:0.5034018655540928
CE_KINGPAWNSHIELD:0.4994973409202768
CE_PIECECOORDINATION:0.5
CE_MATERIAL:0.5016055182069986
CE_KINGSAFETY:0.5112664242299227
C_PIECESQUARETABLES:0.5
C_MOBILITY:0.49481967650168285
C_KINGSAFETY:0.48253486805971374
C_PAWNSTRUCTURE:0.5
C_PIECECOORDINATION:0.5069950113034568
C_ROOKANDPAWNMOVEMENT:0.5069950113034568
C_CENTERCONTROL:0.4897383586302145
C_DEVELOPPIECES:0.5120850822795441
C_MATERIAL:0.5
C_MOVECOUNT:0.49153230919408675
