ELO:959
CE_PASSEDPAWNS:0.5290366202548487
CE_PAWNWEAKNESSES:0.48775606492698276
CE_PIECEACTIVITY:0.46320559648005505
CE_KINGPAWNSHIELD:0.3894595074152095
CE_PIECECOORDINATION:0.48356095558222845
CE_MATERIAL:0.535166760394566
CE_KINGSAFETY:0.49129254338299183
C_PIECESQUARETABLES:0.4640438463490114
C_MOBILITY:0.4661183301945559
C_KINGSAFETY:0.4011485756332067
C_PAWNSTRUCTURE:0.6006695233157613
C_PIECECOORDINATION:0.42598212943045893
C_ROOKANDPAWNMOVEMENT:0.42598212943045893
C_CENTERCONTROL:0.6249888827060494
C_DEVELOPPIECES:0.3644531934289299
C_MATERIAL:0.4794733371627058
