ELO:998
CE_PASSEDPAWNS:0.5
CE_PAWNWEAKNESSES:0.5005600568511269
CE_PIECEACTIVITY:0.5142106011340076
CE_KINGPAWNSHIELD:0.49541326180904555
CE_PIECECOORDINATION:0.51133157859073
CE_MATERIAL:0.49096607766387657
CE_KINGSAFETY:0.5026253821791568
C_PIECESQUARETABLES:0.4904210655512059
C_MOBILITY:0.500031186074155
C_KINGSAFETY:0.5035775983908648
C_PAWNSTRUCTURE:0.5
C_PIECECOORDINATION:0.5113605064492136
C_ROOK:0.5
CE_ROOK:0.5087030016337353
C_CENTERCONTROL:0.5060748924393822
C_DEVELOPPIECES:0.5
C_MATERIAL:0.49049184726941625
C_MOVECOUNT:0.5
C_PAWNMOVEMENT:0.4986038411608366
