ELO:1010
CE_PASSEDPAWNS:0.496741647464355
CE_PAWNWEAKNESSES:0.5078585741661461
CE_PIECEACTIVITY:0.49982299032198285
CE_KINGPAWNSHIELD:0.5122459303305799
CE_PIECECOORDINATION:0.49067908115444525
CE_MATERIAL:0.4970538936340173
CE_KINGSAFETY:0.5
C_PIECESQUARETABLES:0.5
C_MOBILITY:0.49036780423308046
C_KINGSAFETY:0.49574419396020497
C_PAWNSTRUCTURE:0.4888749454108597
C_PIECECOORDINATION:0.510397425213085
C_ROOK:0.5064903687206919
CE_ROOK:0.5094755245146686
C_CENTERCONTROL:0.5
C_DEVELOPPIECES:0.49749539153852795
C_MATERIAL:0.49696768843122674
C_MOVECOUNT:0.5033073189774112
C_PAWNMOVEMENT:0.5000718840291383
