ELO:936
CE_PASSEDPAWNS:0.5446724786863796
CE_PAWNWEAKNESSES:0.5160992923343748
CE_PIECEACTIVITY:0.4612657237899135
CE_KINGPAWNSHIELD:0.3845671684228675
CE_PIECECOORDINATION:0.49848225206785973
CE_MATERIAL:0.5453082230597254
CE_KINGSAFETY:0.5097545818153241
C_PIECESQUARETABLES:0.5088361850734724
C_MOBILITY:0.41075301470164466
C_KINGSAFETY:0.42343028305534897
C_PAWNSTRUCTURE:0.6289877178705814
C_PIECECOORDINATION:0.43464682431362794
C_ROOKANDPAWNMOVEMENT:0.43464682431362794
C_CENTERCONTROL:0.61693378373422
C_DEVELOPPIECES:0.3931050086546864
C_MATERIAL:0.43187541251778794
