ELO:1079
CE_PASSEDPAWNS:0.4257253707188916
CE_PAWNWEAKNESSES:0.5391072416082201
CE_PIECEACTIVITY:0.5744635788222857
CE_KINGPAWNSHIELD:0.4743176175043309
CE_PIECECOORDINATION:0.5535110489472908
CE_MATERIAL:0.45064737808274413
CE_KINGSAFETY:0.4900047524015449
C_PIECESQUARETABLES:0.4916400996276898
C_MOBILITY:0.4282955573479254
C_KINGSAFETY:0.5370263457057809
C_PAWNSTRUCTURE:0.3974313306931432
C_PIECECOORDINATION:0.46611443316879314
C_ROOKANDPAWNMOVEMENT:0.46611443316879314
C_CENTERCONTROL:0.5975174587179771
C_DEVELOPPIECES:0.5820451445558772
C_MATERIAL:0.4097156042859578
