ELO:999
CE_PASSEDPAWNS:0.5107401012370614
CE_PAWNWEAKNESSES:0.5166332079625529
CE_PIECEACTIVITY:0.43337119439389676
CE_KINGPAWNSHIELD:0.43356645795678284
CE_PIECECOORDINATION:0.46703243135299455
CE_MATERIAL:0.4970307014887705
CE_KINGSAFETY:0.5357963686912368
C_PIECESQUARETABLES:0.5252750673982304
C_MOBILITY:0.42984871332308905
C_KINGSAFETY:0.41764503421833976
C_PAWNSTRUCTURE:0.6070338614560764
C_PIECECOORDINATION:0.49391350688144275
C_ROOKANDPAWNMOVEMENT:0.49391350688144275
C_CENTERCONTROL:0.6383787516286491
C_DEVELOPPIECES:0.39886792787522296
C_MATERIAL:0.48005099310513766
