ELO:1000
CE_PASSEDPAWNS:0.5270335551007547
CE_PAWNWEAKNESSES:0.49413775636635277
CE_PIECEACTIVITY:0.5218113792779644
CE_KINGPAWNSHIELD:0.48863754175759966
CE_PIECECOORDINATION:0.46307957453599863
CE_MATERIAL:0.4792020882566331
CE_KINGSAFETY:0.5608235857311746
C_PIECESQUARETABLES:0.4937084611845875
C_MOBILITY:0.479345113307487
C_KINGSAFETY:0.5128860663242666
C_PAWNSTRUCTURE:0.4430859959269385
C_PIECECOORDINATION:0.48051737431050984
C_ROOKANDPAWNMOVEMENT:0.48051737431050984
C_CENTERCONTROL:0.5193707250286276
C_DEVELOPPIECES:0.5066534049909834
C_MATERIAL:0.4415133255945554
