ELO:867
CE_PASSEDPAWNS:0.47832368466005787
CE_PAWNWEAKNESSES:0.45826154286719145
CE_PIECEACTIVITY:0.4628364303502515
CE_KINGPAWNSHIELD:0.47887141396021593
CE_PIECECOORDINATION:0.5596212806240942
CE_MATERIAL:0.5186030563764674
CE_KINGSAFETY:0.5
C_PIECESQUARETABLES:0.5108721401390139
C_MOBILITY:0.533871270528364
C_KINGSAFETY:0.4003078171263969
C_PAWNSTRUCTURE:0.45224421291182715
C_PIECECOORDINATION:0.49838604876999903
C_ROOKANDPAWNMOVEMENT:0.49838604876999903
C_CENTERCONTROL:0.5399582745858673
C_DEVELOPPIECES:0.5360530170180213
C_MATERIAL:0.5386710768541596
C_MOVECOUNT:0.5
