ELO:905
CE_PASSEDPAWNS:0.48164427427969225
CE_PAWNWEAKNESSES:0.4543230314445365
CE_PIECEACTIVITY:0.48360322384041915
CE_KINGPAWNSHIELD:0.5136281074613501
CE_PIECECOORDINATION:0.5135981481552009
CE_MATERIAL:0.4910792675887527
CE_KINGSAFETY:0.4782913263976014
C_PIECESQUARETABLES:0.5069417642777447
C_MOBILITY:0.4013890349262932
C_KINGSAFETY:0.4521703069557087
C_PAWNSTRUCTURE:0.5635029367098453
C_PIECECOORDINATION:0.4276645561180741
C_ROOKANDPAWNMOVEMENT:0.4276645561180741
C_CENTERCONTROL:0.5188110416212682
C_DEVELOPPIECES:0.4528887404175724
C_MATERIAL:0.3752819743508992
