ELO:988
CE_PASSEDPAWNS:0.5095262300552729
CE_PAWNWEAKNESSES:0.5
CE_PIECEACTIVITY:0.5034018655540928
CE_KINGPAWNSHIELD:0.49638505392797655
CE_PIECECOORDINATION:0.5
CE_MATERIAL:0.510196983468748
CE_KINGSAFETY:0.5010780667168996
C_PIECESQUARETABLES:0.49132294747606786
C_MOBILITY:0.4906074484118369
C_KINGSAFETY:0.48253486805971374
C_PAWNSTRUCTURE:0.5
C_PIECECOORDINATION:0.4858401192706866
C_ROOKANDPAWNMOVEMENT:0.4858401192706866
C_CENTERCONTROL:0.49762608966571115
C_DEVELOPPIECES:0.5
C_MATERIAL:0.5004571430737955
C_MOVECOUNT:0.5205891974124768
