ELO:1003
CE_PASSEDPAWNS:0.4158474588693736
CE_PAWNWEAKNESSES:0.505532562030472
CE_PIECEACTIVITY:0.6290349306068983
CE_KINGPAWNSHIELD:0.5431594084568164
CE_PIECECOORDINATION:0.47200327341492326
CE_MATERIAL:0.504559712298054
CE_KINGSAFETY:0.480618558559197
C_PIECESQUARETABLES:0.5091721197161586
C_MOBILITY:0.5278922233536928
C_KINGSAFETY:0.5122393280205892
C_PAWNSTRUCTURE:0.44856709333594685
C_PIECECOORDINATION:0.40827154331792265
C_ROOKANDPAWNMOVEMENT:0.40827154331792265
C_CENTERCONTROL:0.47374121504657185
C_DEVELOPPIECES:0.49077436390728546
C_MATERIAL:0.4026495488060158
