ELO:865
CE_PASSEDPAWNS:0.40714207093443544
CE_PAWNWEAKNESSES:0.45826154286719145
CE_PIECEACTIVITY:0.47511423563248434
CE_KINGPAWNSHIELD:0.4441017128144029
CE_PIECECOORDINATION:0.5423730207347914
CE_MATERIAL:0.42430636413708417
CE_KINGSAFETY:0.5
C_PIECESQUARETABLES:0.5
C_MOBILITY:0.37663954300942876
C_KINGSAFETY:0.3135830274395996
C_PAWNSTRUCTURE:0.4787608613014261
C_PIECECOORDINATION:0.47354502248290115
C_ROOKANDPAWNMOVEMENT:0.47354502248290115
C_CENTERCONTROL:0.4039963150616886
C_DEVELOPPIECES:0.540995000445538
C_MATERIAL:0.41146163438459543
C_MOVECOUNT:0.5
