ELO:1000
CE_PASSEDPAWNS:0.4970665592775254
CE_PAWNWEAKNESSES:0.5212387218292373
CE_PIECEACTIVITY:0.4728143685537595
CE_KINGPAWNSHIELD:0.5117505459168762
CE_PIECECOORDINATION:0.5103554120358595
CE_MATERIAL:0.5009358059218394
CE_KINGSAFETY:0.4979440352420132
C_PIECESQUARETABLES:0.49407665486376534
C_MOBILITY:0.4732226388009586
C_KINGSAFETY:0.48908355094994593
C_PAWNSTRUCTURE:0.5114757883420447
C_PIECECOORDINATION:0.48278545231255354
C_ROOKANDPAWNMOVEMENT:0.48278545231255354
C_CENTERCONTROL:0.5142286135105016
C_DEVELOPPIECES:0.4737955748161653
C_MATERIAL:0.5143935508344646
