ELO:1006
CE_PASSEDPAWNS:0.49950994730859793
CE_PAWNWEAKNESSES:0.4916929155277968
CE_PIECEACTIVITY:0.5090363534124955
CE_KINGPAWNSHIELD:0.5029039173709873
CE_PIECECOORDINATION:0.5
CE_MATERIAL:0.4890382826459007
CE_KINGSAFETY:0.5120334400764136
C_PIECESQUARETABLES:0.4995339856113335
C_MOBILITY:0.48987863061581766
C_KINGSAFETY:0.5
C_PAWNSTRUCTURE:0.5
C_PIECECOORDINATION:0.5
C_ROOKANDPAWNMOVEMENT:0.5
C_CENTERCONTROL:0.49169148682254527
C_DEVELOPPIECES:0.5029805645996867
C_MATERIAL:0.49725174653535836
C_MOVECOUNT:0.5110969651924743
