ELO:936
CE_PASSEDPAWNS:0.5634150478151478
CE_PAWNWEAKNESSES:0.5173641955332607
CE_PIECEACTIVITY:0.44523542929624843
CE_KINGPAWNSHIELD:0.39984329455590695
CE_PIECECOORDINATION:0.4613101952701676
CE_MATERIAL:0.5609571505409228
CE_KINGSAFETY:0.4768199563605749
C_PIECESQUARETABLES:0.4405538257415897
C_MOBILITY:0.43024653233024396
C_KINGSAFETY:0.4156985229953658
C_PAWNSTRUCTURE:0.6207512487733066
C_PIECECOORDINATION:0.4515306562144248
C_ROOKANDPAWNMOVEMENT:0.4515306562144248
C_CENTERCONTROL:0.6292730721447692
C_DEVELOPPIECES:0.3783126608941963
C_MATERIAL:0.47462110935429674
