ELO:1000
CE_PASSEDPAWNS:0.5283112519196603
CE_PAWNWEAKNESSES:0.5109115680554226
CE_PIECEACTIVITY:0.4585158276470436
CE_KINGPAWNSHIELD:0.4454260561053265
CE_PIECECOORDINATION:0.46578029423837936
CE_MATERIAL:0.4790078231170737
CE_KINGSAFETY:0.5067595382040518
C_PIECESQUARETABLES:0.5250915848530204
C_MOBILITY:0.4155959545765139
C_KINGSAFETY:0.4372272477915225
C_PAWNSTRUCTURE:0.5891981874716542
C_PIECECOORDINATION:0.4796449862668267
C_ROOKANDPAWNMOVEMENT:0.4796449862668267
C_CENTERCONTROL:0.6143883043237403
C_DEVELOPPIECES:0.39624375778072707
C_MATERIAL:0.4833805560912917
