ELO:1000
CE_PASSEDPAWNS:0.5502846697763465
CE_PAWNWEAKNESSES:0.5156347348218809
CE_PIECEACTIVITY:0.4659091130133181
CE_KINGPAWNSHIELD:0.43123320811085203
CE_PIECECOORDINATION:0.5113577051279812
CE_MATERIAL:0.4940789070784305
CE_KINGSAFETY:0.4847277979861432
C_PIECESQUARETABLES:0.5100007566025034
C_MOBILITY:0.42249098446219846
C_KINGSAFETY:0.4770545962434997
C_PAWNSTRUCTURE:0.5599502326683288
C_PIECECOORDINATION:0.5024730461758367
C_ROOKANDPAWNMOVEMENT:0.5024730461758367
C_CENTERCONTROL:0.6062881776956826
C_DEVELOPPIECES:0.39429300955351404
C_MATERIAL:0.5039818192259452
