ELO:905
CE_PASSEDPAWNS:0.4993687989065306
CE_PAWNWEAKNESSES:0.5753735386544282
CE_PIECEACTIVITY:0.5206833696634237
CE_KINGPAWNSHIELD:0.5441720116723011
CE_PIECECOORDINATION:0.505397162209266
CE_MATERIAL:0.5663394262420256
CE_KINGSAFETY:0.4938433882767196
C_PIECESQUARETABLES:0.5
C_MOBILITY:0.3842000693337956
C_KINGSAFETY:0.5916732450284423
C_PAWNSTRUCTURE:0.5014397826031239
C_PIECECOORDINATION:0.3466509062621709
C_ROOKANDPAWNMOVEMENT:0.3466509062621709
C_CENTERCONTROL:0.5854351990203562
C_DEVELOPPIECES:0.4621416921279829
C_MATERIAL:0.413503214706362
