ELO:1006
CE_PASSEDPAWNS:0.48246293202598906
CE_PAWNWEAKNESSES:0.4572812060613141
CE_PIECEACTIVITY:0.5198282669020579
CE_KINGPAWNSHIELD:0.5321512290216611
CE_PIECECOORDINATION:0.49969885853736506
CE_MATERIAL:0.499864817343186
CE_KINGSAFETY:0.46687050670433067
C_PIECESQUARETABLES:0.5
C_MOBILITY:0.4949698754927532
C_KINGSAFETY:0.545450638944934
C_PAWNSTRUCTURE:0.46072662276923615
C_PIECECOORDINATION:0.5361095372830116
C_ROOKANDPAWNMOVEMENT:0.5361095372830116
C_CENTERCONTROL:0.6051999654039842
C_DEVELOPPIECES:0.5082899603189234
C_MATERIAL:0.5309388772442225
C_MOVECOUNT:0.5
