ELO:1000
CE_PASSEDPAWNS:0.5389831046014867
CE_PAWNWEAKNESSES:0.5022574670370178
CE_PIECEACTIVITY:0.5454470589431666
CE_KINGPAWNSHIELD:0.5043310080003581
CE_PIECECOORDINATION:0.48629078197729636
CE_MATERIAL:0.4870620520295773
CE_KINGSAFETY:0.5412424396596452
C_PIECESQUARETABLES:0.46726496078255925
C_MOBILITY:0.49713920556123636
C_KINGSAFETY:0.5031075244086319
C_PAWNSTRUCTURE:0.45298246582070634
C_PIECECOORDINATION:0.4572274348030316
C_ROOKANDPAWNMOVEMENT:0.4572274348030316
C_CENTERCONTROL:0.5107550086273432
C_DEVELOPPIECES:0.49425106057993184
C_MATERIAL:0.4320665271134264
