ELO:990
CE_PASSEDPAWNS:0.3843977719052282
CE_PAWNWEAKNESSES:0.43582649283336783
CE_PIECEACTIVITY:0.5055534717583172
CE_KINGPAWNSHIELD:0.4969112771905379
CE_PIECECOORDINATION:0.6148472474926933
CE_MATERIAL:0.4177285312177162
CE_KINGSAFETY:0.49069322242503205
C_PIECESQUARETABLES:0.4880307366253357
C_MOBILITY:0.5953804727903466
C_KINGSAFETY:0.5742475742575268
C_PAWNSTRUCTURE:0.62436365227218
C_PIECECOORDINATION:0.6135308168497035
C_ROOKANDPAWNMOVEMENT:0.6135308168497035
C_CENTERCONTROL:0.3852356588848949
C_DEVELOPPIECES:0.5528173797779841
C_MATERIAL:0.5830350828590258
