ELO:956
CE_PASSEDPAWNS:0.4769207205790516
CE_PAWNWEAKNESSES:0.4693099285392125
CE_PIECEACTIVITY:0.46828327405909576
CE_KINGPAWNSHIELD:0.45241916565656676
CE_PIECECOORDINATION:0.5237752876471996
CE_MATERIAL:0.4315463335792018
CE_KINGSAFETY:0.493936418224748
C_PIECESQUARETABLES:0.5258612808139708
C_MOBILITY:0.49424175763369804
C_KINGSAFETY:0.47918947319679417
C_PAWNSTRUCTURE:0.5054213055324559
C_PIECECOORDINATION:0.5460966245390421
C_ROOKANDPAWNMOVEMENT:0.5460966245390421
C_CENTERCONTROL:0.4896849829019183
C_DEVELOPPIECES:0.5187127736535975
C_MATERIAL:0.3915307793997684
