ELO:953
CE_PASSEDPAWNS:0.5860276066149607
CE_PAWNWEAKNESSES:0.40020105103847503
CE_PIECEACTIVITY:0.5450788851306392
CE_KINGPAWNSHIELD:0.4348298633077417
CE_PIECECOORDINATION:0.5398024522060332
CE_MATERIAL:0.5094429134567708
CE_KINGSAFETY:0.4883878726418974
C_PIECESQUARETABLES:0.4890822440896229
C_MOBILITY:0.4471731710194883
C_KINGSAFETY:0.5375824055177525
C_PAWNSTRUCTURE:0.5122675472858035
C_PIECECOORDINATION:0.4900514885666599
C_ROOKANDPAWNMOVEMENT:0.4900514885666599
C_CENTERCONTROL:0.5294300845255765
C_DEVELOPPIECES:0.3688174450607676
C_MATERIAL:0.5023139603092424
