ELO:1003
CE_PASSEDPAWNS:0.49383298611205506
CE_PAWNWEAKNESSES:0.4958685600653191
CE_PIECEACTIVITY:0.5
CE_KINGPAWNSHIELD:0.5092878330827633
CE_PIECECOORDINATION:0.5068198689420264
CE_MATERIAL:0.49515498432676336
CE_KINGSAFETY:0.5
C_PIECESQUARETABLES:0.5
C_MOBILITY:0.47463171598527054
C_KINGSAFETY:0.5
C_PAWNSTRUCTURE:0.5
C_PIECECOORDINATION:0.486488932925112
C_ROOKANDPAWNMOVEMENT:0.486488932925112
C_CENTERCONTROL:0.525052303843467
C_DEVELOPPIECES:0.5259519105929273
C_MATERIAL:0.4985094798482511
C_MOVECOUNT:0.491499194892963
