ELO:908
CE_PASSEDPAWNS:0.3896981315604708
CE_PAWNWEAKNESSES:0.5264938399239836
CE_PIECEACTIVITY:0.3789875994660321
CE_KINGPAWNSHIELD:0.4625162686469533
CE_PIECECOORDINATION:0.45702998273289847
CE_MATERIAL:0.5780151421979921
CE_KINGSAFETY:0.4503140824815997
C_PIECESQUARETABLES:0.5164344053598987
C_MOBILITY:0.5305847762976222
C_KINGSAFETY:0.5471448913829354
C_PAWNSTRUCTURE:0.5021971038438647
C_PIECECOORDINATION:0.5283125923879495
C_ROOKANDPAWNMOVEMENT:0.5283125923879495
C_CENTERCONTROL:0.4681480259929178
C_DEVELOPPIECES:0.4613646199337672
C_MATERIAL:0.5820210459811085
