ELO:989
CE_PASSEDPAWNS:0.5277288571395565
CE_PAWNWEAKNESSES:0.4449176979510626
CE_PIECEACTIVITY:0.5071613102601884
CE_KINGPAWNSHIELD:0.4979914576683308
CE_PIECECOORDINATION:0.6092782055877115
CE_MATERIAL:0.41237886705497595
CE_KINGSAFETY:0.5
C_PIECESQUARETABLES:0.5073486163291333
C_MOBILITY:0.6203519573799798
C_KINGSAFETY:0.5779506373926978
C_PAWNSTRUCTURE:0.62436365227218
C_PIECECOORDINATION:0.6106923271110358
C_ROOKANDPAWNMOVEMENT:0.6106923271110358
C_CENTERCONTROL:0.3741605971613072
C_DEVELOPPIECES:0.5445000421786736
C_MATERIAL:0.580010705924123
