ELO:916
CE_PASSEDPAWNS:0.46067309446256777
CE_PAWNWEAKNESSES:0.5050282661748546
CE_PIECEACTIVITY:0.4482905266780505
CE_KINGPAWNSHIELD:0.5073553918926457
CE_PIECECOORDINATION:0.5310713257924737
CE_MATERIAL:0.5183120826167712
CE_KINGSAFETY:0.5180471424972463
C_PIECESQUARETABLES:0.4909469674150377
C_MOBILITY:0.4636070144285014
C_KINGSAFETY:0.5059113449833907
C_PAWNSTRUCTURE:0.5542048401497975
C_PIECECOORDINATION:0.5226401427012917
C_ROOK:0.5188485417909703
CE_ROOK:0.448909047959847
C_CENTERCONTROL:0.4707430001509167
C_DEVELOPPIECES:0.5351361663210268
C_MATERIAL:0.544008207735912
C_MOVECOUNT:0.49601182505750807
C_PAWNMOVEMENT:0.5360038563302496
