ELO:941
CE_PASSEDPAWNS:0.4450510194320934
CE_PAWNWEAKNESSES:0.5391130692191977
CE_PIECEACTIVITY:0.4135352396360878
CE_KINGPAWNSHIELD:0.47685472965805814
CE_PIECECOORDINATION:0.5409852178985034
CE_MATERIAL:0.4476954784999247
CE_KINGSAFETY:0.5131425603684765
C_PIECESQUARETABLES:0.5191443140155415
C_MOBILITY:0.512284781198013
C_KINGSAFETY:0.5154818444426038
C_PAWNSTRUCTURE:0.5734734139747267
C_PIECECOORDINATION:0.43773058825158395
C_ROOKANDPAWNMOVEMENT:0.43773058825158395
C_CENTERCONTROL:0.5214812159133403
C_DEVELOPPIECES:0.41488899323116185
C_MATERIAL:0.40901029998050337
