ELO:1008
CE_PASSEDPAWNS:0.4886825330912901
CE_PAWNWEAKNESSES:0.5084457993044136
CE_PIECEACTIVITY:0.5026681354597533
CE_KINGPAWNSHIELD:0.5
CE_PIECECOORDINATION:0.5037643533695666
CE_MATERIAL:0.5
CE_KINGSAFETY:0.5038415091521675
C_PIECESQUARETABLES:0.4970616693828769
C_MOBILITY:0.5069649755901523
C_KINGSAFETY:0.49713393689049257
C_PAWNSTRUCTURE:0.5115847339689438
C_PIECECOORDINATION:0.4925236392296189
C_ROOKANDPAWNMOVEMENT:0.4925236392296189
C_CENTERCONTROL:0.5056545155050115
C_DEVELOPPIECES:0.5
C_MATERIAL:0.5053085953232397
