ELO:731
CE_PASSEDPAWNS:0.5037601404558527
CE_PAWNWEAKNESSES:0.5128266456000937
CE_PIECEACTIVITY:0.7100626052306166
CE_KINGPAWNSHIELD:0.5210712358106134
CE_PIECECOORDINATION:0.5382037756756346
CE_MATERIAL:0.470675019082344
CE_KINGSAFETY:0.5029863813141096
C_PIECESQUARETABLES:0.5028965228385878
C_MOBILITY:0.5311733112229078
C_KINGSAFETY:0.5059692467573729
C_PAWNSTRUCTURE:0.6054856583405119
C_PIECECOORDINATION:0.5591889033798234
C_ROOKANDPAWNMOVEMENT:0.5591889033798234
C_CENTERCONTROL:0.46440348753585114
C_DEVELOPPIECES:0.45700608091456335
C_MATERIAL:0.49195885347363516
C_MOVECOUNT:0.4890645859966659
