ELO:1018
CE_PASSEDPAWNS:0.4848753099248825
CE_PAWNWEAKNESSES:0.5142680609703872
CE_PIECEACTIVITY:0.5
CE_KINGPAWNSHIELD:0.5
CE_PIECECOORDINATION:0.4958329749066985
CE_MATERIAL:0.4640154622167962
CE_KINGSAFETY:0.5
C_PIECESQUARETABLES:0.5
C_MOBILITY:0.5017631126804445
C_KINGSAFETY:0.5433542724093239
C_PAWNSTRUCTURE:0.4916104137017852
C_PIECECOORDINATION:0.5
C_ROOKANDPAWNMOVEMENT:0.5
C_CENTERCONTROL:0.4788039330858914
C_DEVELOPPIECES:0.500472869671754
C_MATERIAL:0.49251297629168234
C_MOVECOUNT:0.5
