ELO:855
CE_PASSEDPAWNS:0.4556320437105337
CE_PAWNWEAKNESSES:0.3655622345860608
CE_PIECEACTIVITY:0.5417692164697326
CE_KINGPAWNSHIELD:0.6063863350927228
CE_PIECECOORDINATION:0.5379889184940527
CE_MATERIAL:0.4960636690163913
CE_KINGSAFETY:0.43496135057980156
C_PIECESQUARETABLES:0.4986852184251377
C_MOBILITY:0.3598113570847084
C_KINGSAFETY:0.5236403519055581
C_PAWNSTRUCTURE:0.5923695952562404
C_PIECECOORDINATION:0.5436847675592562
C_ROOKANDPAWNMOVEMENT:0.5436847675592562
C_CENTERCONTROL:0.48765667633746823
C_DEVELOPPIECES:0.5540175422083881
C_MATERIAL:0.49331979899711564
