ELO:860
CE_PASSEDPAWNS:0.4586560983729062
CE_PAWNWEAKNESSES:0.5171119411664217
CE_PIECEACTIVITY:0.4726237938669562
CE_KINGPAWNSHIELD:0.5278262514571814
CE_PIECECOORDINATION:0.4820989603061766
CE_MATERIAL:0.5423368649868109
CE_KINGSAFETY:0.5314727675871687
C_PIECESQUARETABLES:0.5680045918732137
C_MOBILITY:0.5561368662438334
C_KINGSAFETY:0.47736998260217484
C_PAWNSTRUCTURE:0.5287759520251084
C_PIECECOORDINATION:0.4875416702303311
C_ROOKANDPAWNMOVEMENT:0.4875416702303311
C_CENTERCONTROL:0.5296167657759264
C_DEVELOPPIECES:0.5060698906201938
C_MATERIAL:0.4996351916029024
C_MOVECOUNT:0.45366028253381774
