ELO:1000
CE_PASSEDPAWNS:0.4575347750830638
CE_PAWNWEAKNESSES:0.4969961963549204
CE_PIECEACTIVITY:0.4984847583242521
CE_KINGPAWNSHIELD:0.4384369981225987
CE_PIECECOORDINATION:0.43083501176562483
CE_MATERIAL:0.6076203124130042
CE_KINGSAFETY:0.49275945299401475
C_PIECESQUARETABLES:0.5
C_MOBILITY:0.44491974721162636
C_KINGSAFETY:0.473434288526147
C_PAWNSTRUCTURE:0.503989655138926
C_PIECECOORDINATION:0.6006707244451442
C_ROOKANDPAWNMOVEMENT:0.6006707244451442
C_CENTERCONTROL:0.42733268452089884
C_DEVELOPPIECES:0.5434657767834344
C_MATERIAL:0.5245751635663809
