ELO:966
CE_PASSEDPAWNS:0.46004157108079596
CE_PAWNWEAKNESSES:0.412338787403899
CE_PIECEACTIVITY:0.49678033565198637
CE_KINGPAWNSHIELD:0.3823901326180262
CE_PIECECOORDINATION:0.4257516677678639
CE_MATERIAL:0.45562659006524125
CE_KINGSAFETY:0.5262230369882198
C_PIECESQUARETABLES:0.4885396021188023
C_MOBILITY:0.459827660215011
C_KINGSAFETY:0.5470902815552454
C_PAWNSTRUCTURE:0.4157882794029814
C_PIECECOORDINATION:0.4625533791711262
C_ROOKANDPAWNMOVEMENT:0.4625533791711262
C_CENTERCONTROL:0.511016093675152
C_DEVELOPPIECES:0.5577163540743052
C_MATERIAL:0.47003607359151195
