ELO:954
CE_PASSEDPAWNS:0.4221183563466872
CE_PAWNWEAKNESSES:0.5834921605166855
CE_PIECEACTIVITY:0.4704668485640424
CE_KINGPAWNSHIELD:0.50740411971389
CE_PIECECOORDINATION:0.4703397297484841
CE_MATERIAL:0.6001664626860087
CE_KINGSAFETY:0.5158714121766319
C_PIECESQUARETABLES:0.47185071131843376
C_MOBILITY:0.5389690950600579
C_KINGSAFETY:0.4757965199427858
C_PAWNSTRUCTURE:0.5042196862314787
C_PIECECOORDINATION:0.5369782140478863
C_ROOKANDPAWNMOVEMENT:0.5369782140478863
C_CENTERCONTROL:0.4356230496981006
C_DEVELOPPIECES:0.5209594711622766
C_MATERIAL:0.5628158838507875
