ELO:955
CE_PASSEDPAWNS:0.41694022830906685
CE_PAWNWEAKNESSES:0.5883631640998367
CE_PIECEACTIVITY:0.4704668485640424
CE_KINGPAWNSHIELD:0.50740411971389
CE_PIECECOORDINATION:0.4766913242352185
CE_MATERIAL:0.6001664626860087
CE_KINGSAFETY:0.5078952494394854
C_PIECESQUARETABLES:0.47969854422491703
C_MOBILITY:0.5348246445723076
C_KINGSAFETY:0.4757965199427858
C_PAWNSTRUCTURE:0.502108970132765
C_PIECECOORDINATION:0.5309379248764358
C_ROOKANDPAWNMOVEMENT:0.5309379248764358
C_CENTERCONTROL:0.4356230496981006
C_DEVELOPPIECES:0.5151203913543289
C_MATERIAL:0.5721156972037319
