ELO:921
CE_PASSEDPAWNS:0.3915071109766126
CE_PAWNWEAKNESSES:0.5317867706584836
CE_PIECEACTIVITY:0.40753154323160584
CE_KINGPAWNSHIELD:0.5005759278354223
CE_PIECECOORDINATION:0.4954399459992585
CE_MATERIAL:0.5614425855285656
CE_KINGSAFETY:0.4797146896193102
C_PIECESQUARETABLES:0.5275139458349067
C_MOBILITY:0.5309700383766476
C_KINGSAFETY:0.5035589587325771
C_PAWNSTRUCTURE:0.510726405880587
C_PIECECOORDINATION:0.5556323677801895
C_ROOKANDPAWNMOVEMENT:0.5556323677801895
C_CENTERCONTROL:0.4571123987688501
C_DEVELOPPIECES:0.492749969147008
C_MATERIAL:0.5781454848993063
