ELO:969
CE_PASSEDPAWNS:0.5023873624880882
CE_PAWNWEAKNESSES:0.4967705660784614
CE_PIECEACTIVITY:0.48170807453660486
CE_KINGPAWNSHIELD:0.48984493520793837
CE_PIECECOORDINATION:0.4383960893372127
CE_MATERIAL:0.4646074633260434
CE_KINGSAFETY:0.5
C_PIECESQUARETABLES:0.5
C_MOBILITY:0.5166567264347124
C_KINGSAFETY:0.4938348027528515
C_PAWNSTRUCTURE:0.5311831767483355
C_PIECECOORDINATION:0.5040207188215662
C_ROOK:0.4649928650855013
CE_ROOK:0.4875252414280208
C_CENTERCONTROL:0.5059239767878135
C_DEVELOPPIECES:0.47200237553300906
C_MATERIAL:0.4979444665424123
C_MOVECOUNT:0.4945223149625236
C_PAWNMOVEMENT:0.5112608747185341
