ELO:1041
CE_PASSEDPAWNS:0.494826082858107
CE_PAWNWEAKNESSES:0.5
CE_PIECEACTIVITY:0.5
CE_KINGPAWNSHIELD:0.5093530874992502
CE_PIECECOORDINATION:0.5004128849171847
CE_MATERIAL:0.5076295956201073
CE_KINGSAFETY:0.4967593168197559
C_PIECESQUARETABLES:0.5014250304823572
C_MOBILITY:0.505891876768896
C_KINGSAFETY:0.4953393588553784
C_PAWNSTRUCTURE:0.48818600615809893
C_PIECECOORDINATION:0.4900226596314105
C_ROOK:0.5
CE_ROOK:0.5
C_CENTERCONTROL:0.5
C_DEVELOPPIECES:0.4947424473113545
C_MATERIAL:0.5
C_MOVECOUNT:0.5
C_PAWNMOVEMENT:0.5
