ELO:1035
CE_PASSEDPAWNS:0.5021614383286719
CE_PAWNWEAKNESSES:0.5035119039736761
CE_PIECEACTIVITY:0.4846295378443273
CE_KINGPAWNSHIELD:0.4593213987530438
CE_PIECECOORDINATION:0.5262386673574365
CE_MATERIAL:0.4884001920647264
CE_KINGSAFETY:0.5
C_PIECESQUARETABLES:0.5
C_MOBILITY:0.4936655387905322
C_KINGSAFETY:0.5
C_PAWNSTRUCTURE:0.5000472854475159
C_PIECECOORDINATION:0.49433819567698795
C_ROOKANDPAWNMOVEMENT:0.49433819567698795
C_CENTERCONTROL:0.48851393652144637
C_DEVELOPPIECES:0.4685989444400152
C_MATERIAL:0.47306175763564134
C_MOVECOUNT:0.5
