ELO:1000
CE_PASSEDPAWNS:0.4894415584308477
CE_PAWNWEAKNESSES:0.4975608168299537
CE_PIECEACTIVITY:0.5158490476649249
CE_KINGPAWNSHIELD:0.4864359806340052
CE_PIECECOORDINATION:0.4373999168879707
CE_MATERIAL:0.48166821545810745
CE_KINGSAFETY:0.49325393925667915
C_PIECESQUARETABLES:0.4967035724854533
C_MOBILITY:0.4631076719258199
C_KINGSAFETY:0.47557334510542193
C_PAWNSTRUCTURE:0.5195061869596604
C_PIECECOORDINATION:0.5345208219106721
C_ROOKANDPAWNMOVEMENT:0.5345208219106721
C_CENTERCONTROL:0.4837488829048498
C_DEVELOPPIECES:0.48579897233904007
C_MATERIAL:0.5335088057774493
