ELO:942
CE_PASSEDPAWNS:0.5431414182351877
CE_PAWNWEAKNESSES:0.5212490816979285
CE_PIECEACTIVITY:0.491398929862427
CE_KINGPAWNSHIELD:0.5219695492409858
CE_PIECECOORDINATION:0.5207292714899288
CE_MATERIAL:0.5253405241117858
CE_KINGSAFETY:0.489013358866156
C_PIECESQUARETABLES:0.4942320451812582
C_MOBILITY:0.48975257090767593
C_KINGSAFETY:0.49444864637852315
C_PAWNSTRUCTURE:0.4895361653893433
C_PIECECOORDINATION:0.5266001773576581
C_ROOKANDPAWNMOVEMENT:0.5266001773576581
C_CENTERCONTROL:0.46377520060422434
C_DEVELOPPIECES:0.4912455501439712
C_MATERIAL:0.4811613956576975
C_MOVECOUNT:0.5284900079055852
