ELO:839
CE_PASSEDPAWNS:0.45942937740471956
CE_PAWNWEAKNESSES:0.37334967339206443
CE_PIECEACTIVITY:0.5347196347043238
CE_KINGPAWNSHIELD:0.6364284374128367
CE_PIECECOORDINATION:0.5625181929540617
CE_MATERIAL:0.467141270374828
CE_KINGSAFETY:0.39956302143397837
C_PIECESQUARETABLES:0.4881167013803959
C_MOBILITY:0.3503392085548611
C_KINGSAFETY:0.4851385875316175
C_PAWNSTRUCTURE:0.5819946039542792
C_PIECECOORDINATION:0.5370548237017317
C_ROOKANDPAWNMOVEMENT:0.5370548237017317
C_CENTERCONTROL:0.48341877918508586
C_DEVELOPPIECES:0.5372626872883899
C_MATERIAL:0.4818886432128555
