ELO:955
CE_PASSEDPAWNS:0.5003770828880673
CE_PAWNWEAKNESSES:0.4954794233953346
CE_PIECEACTIVITY:0.5126192375523859
CE_KINGPAWNSHIELD:0.4816940564694211
CE_PIECECOORDINATION:0.4984853003120931
CE_MATERIAL:0.47876028543765636
CE_KINGSAFETY:0.505942653386206
C_PIECESQUARETABLES:0.4584058804298232
C_MOBILITY:0.5353921032807769
C_KINGSAFETY:0.48018859867961194
C_PAWNSTRUCTURE:0.517392104660502
C_PIECECOORDINATION:0.49735987422778827
C_ROOK:0.48737428738534794
CE_ROOK:0.5043207395028426
C_CENTERCONTROL:0.4380832388946568
C_DEVELOPPIECES:0.5092677670200862
C_MATERIAL:0.45270921554386684
C_MOVECOUNT:0.5214185296451047
C_PAWNMOVEMENT:0.5199036915891616
