ELO:949
CE_PASSEDPAWNS:0.42364644458039874
CE_PAWNWEAKNESSES:0.5780273192193325
CE_PIECEACTIVITY:0.4625761857742813
CE_KINGPAWNSHIELD:0.4973585461948137
CE_PIECECOORDINATION:0.46928554096640535
CE_MATERIAL:0.5983356911910304
CE_KINGSAFETY:0.5048549447918164
C_PIECESQUARETABLES:0.47902943392678987
C_MOBILITY:0.5471080978542658
C_KINGSAFETY:0.494162880881163
C_PAWNSTRUCTURE:0.48914857431830205
C_PIECECOORDINATION:0.532763869518619
C_ROOKANDPAWNMOVEMENT:0.532763869518619
C_CENTERCONTROL:0.42881917144226667
C_DEVELOPPIECES:0.5240137675079084
C_MATERIAL:0.5554220358271891
