ELO:998
CE_PASSEDPAWNS:0.5156110639686304
CE_PAWNWEAKNESSES:0.4875628454380718
CE_PIECEACTIVITY:0.5108128516561793
CE_KINGPAWNSHIELD:0.478193070849734
CE_PIECECOORDINATION:0.5024697953801938
CE_MATERIAL:0.5
CE_KINGSAFETY:0.4731374019503345
C_PIECESQUARETABLES:0.5128785853421851
C_MOBILITY:0.5047460410122332
C_KINGSAFETY:0.4902652865418439
C_PAWNSTRUCTURE:0.5
C_PIECECOORDINATION:0.48995159798666144
C_ROOKANDPAWNMOVEMENT:0.48995159798666144
C_CENTERCONTROL:0.5003174035303025
C_DEVELOPPIECES:0.4868997963338161
C_MATERIAL:0.4974278494195614
C_MOVECOUNT:0.5206544687709506
