ELO:989
CE_PASSEDPAWNS:0.5097732798231216
CE_PAWNWEAKNESSES:0.5124602191516778
CE_PIECEACTIVITY:0.4622444855172641
CE_KINGPAWNSHIELD:0.5078132424710646
CE_PIECECOORDINATION:0.48807044391855525
CE_MATERIAL:0.5138736898223715
CE_KINGSAFETY:0.5041114571616355
C_PIECESQUARETABLES:0.5062859734045618
C_MOBILITY:0.4852487425913275
C_KINGSAFETY:0.4908123195806317
C_PAWNSTRUCTURE:0.5417117950066365
C_PIECECOORDINATION:0.4964166249005862
C_ROOK:0.49230571162098186
CE_ROOK:0.5102765102684508
C_CENTERCONTROL:0.5135881405753314
C_DEVELOPPIECES:0.48790195517087864
C_MATERIAL:0.5380200977459629
C_MOVECOUNT:0.5207151900359365
C_PAWNMOVEMENT:0.5021933146598162
