ELO:716
CE_PASSEDPAWNS:0.5071210147576615
CE_PAWNWEAKNESSES:0.5260847609304359
CE_PIECEACTIVITY:0.7025510988611912
CE_KINGPAWNSHIELD:0.5371535705182344
CE_PIECECOORDINATION:0.543910048024629
CE_MATERIAL:0.481931239371403
CE_KINGSAFETY:0.5151927465157131
C_PIECESQUARETABLES:0.5037878574655262
C_MOBILITY:0.5311733112229078
C_KINGSAFETY:0.4954159915686854
C_PAWNSTRUCTURE:0.6012139692726908
C_PIECECOORDINATION:0.5672467015104349
C_ROOKANDPAWNMOVEMENT:0.5672467015104349
C_CENTERCONTROL:0.4640118862389943
C_DEVELOPPIECES:0.463339322752728
C_MATERIAL:0.49838871195364265
C_MOVECOUNT:0.498614058113807
