ELO:967
CE_PASSEDPAWNS:0.4853012658956126
CE_PAWNWEAKNESSES:0.5074525182830135
CE_PIECEACTIVITY:0.5
CE_KINGPAWNSHIELD:0.5157189354468834
CE_PIECECOORDINATION:0.5057614347239983
CE_MATERIAL:0.497575314747248
CE_KINGSAFETY:0.5105095785452863
C_PIECESQUARETABLES:0.49187005188462884
C_MOBILITY:0.4999701683219108
C_KINGSAFETY:0.4713352626547782
C_PAWNSTRUCTURE:0.5093326696712613
C_PIECECOORDINATION:0.4982851810597811
C_ROOKANDPAWNMOVEMENT:0.4982851810597811
C_CENTERCONTROL:0.4817454177972497
C_DEVELOPPIECES:0.5169172508519713
C_MATERIAL:0.48983448058781154
C_MOVECOUNT:0.5
