ELO:971
CE_PASSEDPAWNS:0.4356704290352561
CE_PAWNWEAKNESSES:0.537538881852156
CE_PIECEACTIVITY:0.4481944712442501
CE_KINGPAWNSHIELD:0.5321795581662224
CE_PIECECOORDINATION:0.4694254897132958
CE_MATERIAL:0.5804080256848625
CE_KINGSAFETY:0.49524610395825336
C_PIECESQUARETABLES:0.5117814808784248
C_MOBILITY:0.49490257359888445
C_KINGSAFETY:0.47730737344564317
C_PAWNSTRUCTURE:0.4969390624387696
C_PIECECOORDINATION:0.5109053306594096
C_ROOKANDPAWNMOVEMENT:0.5109053306594096
C_CENTERCONTROL:0.46117681633471713
C_DEVELOPPIECES:0.5011545987469475
C_MATERIAL:0.5829361392347275
