ELO:972
CE_PASSEDPAWNS:0.5069791166115869
CE_PAWNWEAKNESSES:0.5112639149190371
CE_PIECEACTIVITY:0.49950828306801975
CE_KINGPAWNSHIELD:0.5114293073366151
CE_PIECECOORDINATION:0.5
CE_MATERIAL:0.4930404507686856
CE_KINGSAFETY:0.5111446834867136
C_PIECESQUARETABLES:0.5
C_MOBILITY:0.5062832118717057
C_KINGSAFETY:0.5063278283472071
C_PAWNSTRUCTURE:0.5071803262969526
C_PIECECOORDINATION:0.5160175788052734
C_ROOKANDPAWNMOVEMENT:0.5160175788052734
C_CENTERCONTROL:0.4880274941807836
C_DEVELOPPIECES:0.5021859901008505
C_MATERIAL:0.4881662773054309
C_MOVECOUNT:0.5
