ELO:1018
CE_PASSEDPAWNS:0.5
CE_PAWNWEAKNESSES:0.5
CE_PIECEACTIVITY:0.5026681354597533
CE_KINGPAWNSHIELD:0.5098934112317506
CE_PIECECOORDINATION:0.49609471629276325
CE_MATERIAL:0.4982177783840496
CE_KINGSAFETY:0.478308930739258
C_PIECESQUARETABLES:0.51839900633743
C_MOBILITY:0.48601238351908843
C_KINGSAFETY:0.5226741868166684
C_PAWNSTRUCTURE:0.5219193714652426
C_PIECECOORDINATION:0.5
C_ROOKANDPAWNMOVEMENT:0.5
C_CENTERCONTROL:0.5
C_DEVELOPPIECES:0.5156410637916918
C_MATERIAL:0.5
