ELO:686
CE_PASSEDPAWNS:0.47681308062151845
CE_PAWNWEAKNESSES:0.5729319807171781
CE_PIECEACTIVITY:0.7423610533098118
CE_KINGPAWNSHIELD:0.5433135759365703
CE_PIECECOORDINATION:0.5217138519684247
CE_MATERIAL:0.47323877784029006
CE_KINGSAFETY:0.5066567111867588
C_PIECESQUARETABLES:0.5047900891609525
C_MOBILITY:0.5501860585247984
C_KINGSAFETY:0.5252039794307296
C_PAWNSTRUCTURE:0.5788147866486146
C_PIECECOORDINATION:0.5508846303074495
C_ROOKANDPAWNMOVEMENT:0.5508846303074495
C_CENTERCONTROL:0.48434288002946535
C_DEVELOPPIECES:0.46703729533911076
C_MATERIAL:0.48142583465691186
C_MOVECOUNT:0.5445779293685771
