ELO:941
CE_PASSEDPAWNS:0.4509023370600454
CE_PAWNWEAKNESSES:0.528509028352407
CE_PIECEACTIVITY:0.41973274951729944
CE_KINGPAWNSHIELD:0.4545711962819031
CE_PIECECOORDINATION:0.5066015928385016
CE_MATERIAL:0.4583503599284581
CE_KINGSAFETY:0.49751593732529437
C_PIECESQUARETABLES:0.5042677074680945
C_MOBILITY:0.5342738356225232
C_KINGSAFETY:0.49795492170881855
C_PAWNSTRUCTURE:0.5577825389225762
C_PIECECOORDINATION:0.46838845122139844
C_ROOKANDPAWNMOVEMENT:0.46838845122139844
C_CENTERCONTROL:0.5269374246003996
C_DEVELOPPIECES:0.43481362762688885
C_MATERIAL:0.40818965459813894
