ELO:894
CE_PASSEDPAWNS:0.5058693647361531
CE_PAWNWEAKNESSES:0.4826931755829342
CE_PIECEACTIVITY:0.49396512537463233
CE_KINGPAWNSHIELD:0.49409416804245737
CE_PIECECOORDINATION:0.5743066191397286
CE_MATERIAL:0.4582209298369249
CE_KINGSAFETY:0.5030800358468472
C_PIECESQUARETABLES:0.46325220109329834
C_MOBILITY:0.4655176992061931
C_KINGSAFETY:0.43583496448798037
C_PAWNSTRUCTURE:0.5281557128632159
C_PIECECOORDINATION:0.5592089834196696
C_ROOKANDPAWNMOVEMENT:0.5592089834196696
C_CENTERCONTROL:0.5772578087692098
C_DEVELOPPIECES:0.5043198474218271
C_MATERIAL:0.5048059517335145
C_MOVECOUNT:0.5
