ELO:917
CE_PASSEDPAWNS:0.4711716514490806
CE_PAWNWEAKNESSES:0.5155783888596883
CE_PIECEACTIVITY:0.4482905266780505
CE_KINGPAWNSHIELD:0.5073553918926457
CE_PIECECOORDINATION:0.5310713257924737
CE_MATERIAL:0.5090420096456633
CE_KINGSAFETY:0.5180471424972463
C_PIECESQUARETABLES:0.4909469674150377
C_MOBILITY:0.45206574854048315
C_KINGSAFETY:0.5105094838096466
C_PAWNSTRUCTURE:0.5503835971789931
C_PIECECOORDINATION:0.5226401427012917
C_ROOK:0.5230714085226609
CE_ROOK:0.4612469890229409
C_CENTERCONTROL:0.4613293673310532
C_DEVELOPPIECES:0.5351361663210268
C_MATERIAL:0.5376090502496947
C_MOVECOUNT:0.49601182505750807
C_PAWNMOVEMENT:0.5360038563302496
