ELO:999
CE_PASSEDPAWNS:0.5
CE_PAWNWEAKNESSES:0.5
CE_PIECEACTIVITY:0.5041540740822452
CE_KINGPAWNSHIELD:0.49271292931069083
CE_PIECECOORDINATION:0.5121513371252162
CE_MATERIAL:0.5
CE_KINGSAFETY:0.5
C_PIECESQUARETABLES:0.4922904132217069
C_MOBILITY:0.5
C_KINGSAFETY:0.5
C_PAWNSTRUCTURE:0.5
C_PIECECOORDINATION:0.5106600139416866
C_ROOK:0.5
CE_ROOK:0.5057512067838172
C_CENTERCONTROL:0.4881204833004962
C_DEVELOPPIECES:0.4983441331747392
C_MATERIAL:0.5046099551972112
C_MOVECOUNT:0.5
C_PAWNMOVEMENT:0.5083367225948746
