ELO:1000
CE_PASSEDPAWNS:0.44369611922246455
CE_PAWNWEAKNESSES:0.4804866732918058
CE_PIECEACTIVITY:0.5110634150153713
CE_KINGPAWNSHIELD:0.5043746582472237
CE_PIECECOORDINATION:0.4831506418491015
CE_MATERIAL:0.47547091558877197
CE_KINGSAFETY:0.47077846787215
C_PIECESQUARETABLES:0.4931856332169752
C_MOBILITY:0.4817054652824276
C_KINGSAFETY:0.47406426473527
C_PAWNSTRUCTURE:0.5252237229301182
C_PIECECOORDINATION:0.5627417989902009
C_ROOKANDPAWNMOVEMENT:0.5627417989902009
C_CENTERCONTROL:0.5082845966406372
C_DEVELOPPIECES:0.4955513227991429
C_MATERIAL:0.43298330018353537
