ELO:1000
CE_PASSEDPAWNS:0.4841983392780896
CE_PAWNWEAKNESSES:0.5638519333788256
CE_PIECEACTIVITY:0.4804919101616282
CE_KINGPAWNSHIELD:0.45212353801928695
CE_PIECECOORDINATION:0.42250616988381745
CE_MATERIAL:0.5983255611559662
CE_KINGSAFETY:0.4794019302313542
C_PIECESQUARETABLES:0.49246210366797827
C_MOBILITY:0.43514358144651705
C_KINGSAFETY:0.49161727995496696
C_PAWNSTRUCTURE:0.4682875724571471
C_PIECECOORDINATION:0.5393015496289874
C_ROOKANDPAWNMOVEMENT:0.5393015496289874
C_CENTERCONTROL:0.4557530784228635
C_DEVELOPPIECES:0.5370143124573192
C_MATERIAL:0.5235082996318889
