ELO:991
CE_PASSEDPAWNS:0.5017170672741337
CE_PAWNWEAKNESSES:0.5003902715685036
CE_PIECEACTIVITY:0.4438867196111857
CE_KINGPAWNSHIELD:0.48657174983803003
CE_PIECECOORDINATION:0.4810716089541193
CE_MATERIAL:0.532737070503067
CE_KINGSAFETY:0.49118020112358707
C_PIECESQUARETABLES:0.5018192988545039
C_MOBILITY:0.4668075554486564
C_KINGSAFETY:0.48324024530184656
C_PAWNSTRUCTURE:0.5468610927676897
C_PIECECOORDINATION:0.5082937951683871
C_ROOK:0.4942244056475741
CE_ROOK:0.5203484857845094
C_CENTERCONTROL:0.5081514357779137
C_DEVELOPPIECES:0.4535944594174508
C_MATERIAL:0.5462136887491075
C_MOVECOUNT:0.5338163376874483
C_PAWNMOVEMENT:0.5082059288005639
