ELO:1000
CE_PASSEDPAWNS:0.49641423991150074
CE_PAWNWEAKNESSES:0.508036407305554
CE_PIECEACTIVITY:0.5
CE_KINGPAWNSHIELD:0.5
CE_PIECECOORDINATION:0.4919628055407166
CE_MATERIAL:0.49693122415411767
CE_KINGSAFETY:0.5
C_PIECESQUARETABLES:0.49909173500614074
C_MOBILITY:0.4998322920201519
C_KINGSAFETY:0.5
C_PAWNSTRUCTURE:0.5
C_PIECECOORDINATION:0.5121191404542834
C_ROOKANDPAWNMOVEMENT:0.5121191404542834
C_CENTERCONTROL:0.5
C_DEVELOPPIECES:0.5094917548709436
C_MATERIAL:0.5055137580702249
