ELO:1000
CE_PASSEDPAWNS:0.4956502634277452
CE_PAWNWEAKNESSES:0.4866926026780981
CE_PIECEACTIVITY:0.5083620097556255
CE_KINGPAWNSHIELD:0.47374742928939967
CE_PIECECOORDINATION:0.4507928997337867
CE_MATERIAL:0.5246363277453535
CE_KINGSAFETY:0.48191145830664495
C_PIECESQUARETABLES:0.48979767255279777
C_MOBILITY:0.4554319691338959
C_KINGSAFETY:0.46480362089124666
C_PAWNSTRUCTURE:0.5164501915204135
C_PIECECOORDINATION:0.5550208111798427
C_ROOKANDPAWNMOVEMENT:0.5550208111798427
C_CENTERCONTROL:0.4407514083285583
C_DEVELOPPIECES:0.5575897586973279
C_MATERIAL:0.5182056427415513
