ELO:959
CE_PASSEDPAWNS:0.473644317143807
CE_PAWNWEAKNESSES:0.5039052232828651
CE_PIECEACTIVITY:0.47373314721716386
CE_KINGPAWNSHIELD:0.42683344372266496
CE_PIECECOORDINATION:0.5191892758396869
CE_MATERIAL:0.4114038529570606
CE_KINGSAFETY:0.5082718518776421
C_PIECESQUARETABLES:0.5272882509827538
C_MOBILITY:0.5098423934150278
C_KINGSAFETY:0.47340298065998726
C_PAWNSTRUCTURE:0.5035640026065116
C_PIECECOORDINATION:0.547386873112404
C_ROOKANDPAWNMOVEMENT:0.547386873112404
C_CENTERCONTROL:0.48524767998645935
C_DEVELOPPIECES:0.5315687656113663
C_MATERIAL:0.4044936631147129
