ELO:999
CE_PASSEDPAWNS:0.4796032801980136
CE_PAWNWEAKNESSES:0.5558068441372722
CE_PIECEACTIVITY:0.46534108864775225
CE_KINGPAWNSHIELD:0.4571399182626903
CE_PIECECOORDINATION:0.42250616988381745
CE_MATERIAL:0.5880496697749681
CE_KINGSAFETY:0.4880614135200157
C_PIECESQUARETABLES:0.5081684784088109
C_MOBILITY:0.44208860399193883
C_KINGSAFETY:0.4843259552606916
C_PAWNSTRUCTURE:0.4746799796006338
C_PIECECOORDINATION:0.5386005273445694
C_ROOKANDPAWNMOVEMENT:0.5386005273445694
C_CENTERCONTROL:0.4561630098348279
C_DEVELOPPIECES:0.5229893676807535
C_MATERIAL:0.5235082996318889
