ELO:951
CE_PASSEDPAWNS:0.45209308940877313
CE_PAWNWEAKNESSES:0.5416717937915344
CE_PIECEACTIVITY:0.4145538719528832
CE_KINGPAWNSHIELD:0.5132070597564863
CE_PIECECOORDINATION:0.5608481806883227
CE_MATERIAL:0.4450572705201578
CE_KINGSAFETY:0.5104443203495347
C_PIECESQUARETABLES:0.5324004477194789
C_MOBILITY:0.5242401421495738
C_KINGSAFETY:0.49553711517682364
C_PAWNSTRUCTURE:0.5842927881922985
C_PIECECOORDINATION:0.4183722895987881
C_ROOKANDPAWNMOVEMENT:0.4183722895987881
C_CENTERCONTROL:0.5203850514065645
C_DEVELOPPIECES:0.4251355101417115
C_MATERIAL:0.4474500147336724
