ELO:927
CE_PASSEDPAWNS:0.4857866597052305
CE_PAWNWEAKNESSES:0.5413555012974213
CE_PIECEACTIVITY:0.43399666334272063
CE_KINGPAWNSHIELD:0.533880951687436
CE_PIECECOORDINATION:0.540058985879613
CE_MATERIAL:0.4987872024677092
CE_KINGSAFETY:0.5218360958333459
C_PIECESQUARETABLES:0.5117472792347834
C_MOBILITY:0.4728278654828063
C_KINGSAFETY:0.4304603725767322
C_PAWNSTRUCTURE:0.4787608613014261
C_PIECECOORDINATION:0.48884865848828024
C_ROOKANDPAWNMOVEMENT:0.48884865848828024
C_CENTERCONTROL:0.4054756888600244
C_DEVELOPPIECES:0.47292663757419795
C_MATERIAL:0.4708611042762181
C_MOVECOUNT:0.5
