ELO:941
CE_PASSEDPAWNS:0.44381330659490886
CE_PAWNWEAKNESSES:0.50373656866927
CE_PIECEACTIVITY:0.43398911712020777
CE_KINGPAWNSHIELD:0.4245893489562098
CE_PIECECOORDINATION:0.4966497531671537
CE_MATERIAL:0.463265024599369
CE_KINGSAFETY:0.49791851489888345
C_PIECESQUARETABLES:0.4898955732723033
C_MOBILITY:0.5327503870557143
C_KINGSAFETY:0.5048530623252767
C_PAWNSTRUCTURE:0.559540600923005
C_PIECECOORDINATION:0.47472335842290503
C_ROOKANDPAWNMOVEMENT:0.47472335842290503
C_CENTERCONTROL:0.5183629322029008
C_DEVELOPPIECES:0.44598640805388123
C_MATERIAL:0.41538170218108517
