ELO:1003
CE_PASSEDPAWNS:0.5148741466117702
CE_PAWNWEAKNESSES:0.5040803772081812
CE_PIECEACTIVITY:0.5025432424790163
CE_KINGPAWNSHIELD:0.5080456856119061
CE_PIECECOORDINATION:0.5490682192946441
CE_MATERIAL:0.4898141809996113
CE_KINGSAFETY:0.5131408513778518
C_PIECESQUARETABLES:0.4752620083417389
C_MOBILITY:0.48768308349733
C_KINGSAFETY:0.54442275391403
C_PAWNSTRUCTURE:0.5042739008751344
C_PIECECOORDINATION:0.4908040907561018
C_ROOKANDPAWNMOVEMENT:0.4908040907561018
C_CENTERCONTROL:0.49605906626036383
C_DEVELOPPIECES:0.5108152459390728
C_MATERIAL:0.49750328478027517
C_MOVECOUNT:0.5
