ELO:970
CE_PASSEDPAWNS:0.5638736959374162
CE_PAWNWEAKNESSES:0.44942767617810614
CE_PIECEACTIVITY:0.5011233599754976
CE_KINGPAWNSHIELD:0.38681682273824824
CE_PIECECOORDINATION:0.5079026112089187
CE_MATERIAL:0.5060703042531387
CE_KINGSAFETY:0.4951721704584459
C_PIECESQUARETABLES:0.47117945164193026
C_MOBILITY:0.5108958256117082
C_KINGSAFETY:0.5449591337046386
C_PAWNSTRUCTURE:0.5269435322695939
C_PIECECOORDINATION:0.5938953810919196
C_ROOKANDPAWNMOVEMENT:0.5938953810919196
C_CENTERCONTROL:0.539504693754764
C_DEVELOPPIECES:0.505727129974127
C_MATERIAL:0.4747974520024273
