ELO:999
CE_PASSEDPAWNS:0.5686052176532201
CE_PAWNWEAKNESSES:0.5116332448936826
CE_PIECEACTIVITY:0.5418958334046989
CE_KINGPAWNSHIELD:0.49411309137484777
CE_PIECECOORDINATION:0.5126285362279565
CE_MATERIAL:0.5066833802692865
CE_KINGSAFETY:0.530865854659423
C_PIECESQUARETABLES:0.508551034001522
C_MOBILITY:0.4842654223805959
C_KINGSAFETY:0.5567456088840645
C_PAWNSTRUCTURE:0.43968535374855455
C_PIECECOORDINATION:0.45522986320239783
C_ROOKANDPAWNMOVEMENT:0.45522986320239783
C_CENTERCONTROL:0.4310968892317626
C_DEVELOPPIECES:0.32602443824950045
C_MATERIAL:0.5151334519973659
