ELO:1000
CE_PASSEDPAWNS:0.5109373386434607
CE_PAWNWEAKNESSES:0.4952526026576805
CE_PIECEACTIVITY:0.5
CE_KINGPAWNSHIELD:0.5
CE_PIECECOORDINATION:0.5057006929728937
CE_MATERIAL:0.5
CE_KINGSAFETY:0.5
C_PIECESQUARETABLES:0.50683556075787
C_MOBILITY:0.5079596773295553
C_KINGSAFETY:0.49320731758167435
C_PAWNSTRUCTURE:0.5
C_PIECECOORDINATION:0.5033860536899691
C_ROOKANDPAWNMOVEMENT:0.5033860536899691
C_CENTERCONTROL:0.5014774351100245
C_DEVELOPPIECES:0.492927296842361
C_MATERIAL:0.4993499543372023
