ELO:917
CE_PASSEDPAWNS:0.5297755213990268
CE_PAWNWEAKNESSES:0.42434726313756893
CE_PIECEACTIVITY:0.5
CE_KINGPAWNSHIELD:0.5100949539134413
CE_PIECECOORDINATION:0.5535801691925389
CE_MATERIAL:0.5045394290582833
CE_KINGSAFETY:0.5
C_PIECESQUARETABLES:0.46072279874139294
C_MOBILITY:0.5273199888306345
C_KINGSAFETY:0.5
C_PAWNSTRUCTURE:0.5044091513538949
C_PIECECOORDINATION:0.47190114290000507
C_ROOKANDPAWNMOVEMENT:0.47190114290000507
C_CENTERCONTROL:0.49305745019874114
C_DEVELOPPIECES:0.5096379307570734
C_MATERIAL:0.4708434099915567
C_MOVECOUNT:0.5
