ELO:1000
CE_PASSEDPAWNS:0.5420921618194445
CE_PAWNWEAKNESSES:0.5015648978263928
CE_PIECEACTIVITY:0.4944215551209907
CE_KINGPAWNSHIELD:0.48063951893173373
CE_PIECECOORDINATION:0.5433746213791046
CE_MATERIAL:0.5003675854548139
CE_KINGSAFETY:0.4888360295969623
C_PIECESQUARETABLES:0.5121446952922578
C_MOBILITY:0.5148124949742411
C_KINGSAFETY:0.48739941662586944
C_PAWNSTRUCTURE:0.5200269637218803
C_PIECECOORDINATION:0.5196176084221104
C_ROOKANDPAWNMOVEMENT:0.5196176084221104
C_CENTERCONTROL:0.5220500719305937
C_DEVELOPPIECES:0.4749405625266077
C_MATERIAL:0.5059889391838002
