ELO:990
CE_PASSEDPAWNS:0.3843977719052282
CE_PAWNWEAKNESSES:0.4538253698395628
CE_PIECEACTIVITY:0.5055534717583172
CE_KINGPAWNSHIELD:0.4979914576683308
CE_PIECECOORDINATION:0.6028987663087719
CE_MATERIAL:0.42350071630399677
CE_KINGSAFETY:0.48351429620033964
C_PIECESQUARETABLES:0.5073486163291333
C_MOBILITY:0.6106431556756368
C_KINGSAFETY:0.5742475742575268
C_PAWNSTRUCTURE:0.62436365227218
C_PIECECOORDINATION:0.5986869754973448
C_ROOKANDPAWNMOVEMENT:0.5986869754973448
C_CENTERCONTROL:0.37155517094897816
C_DEVELOPPIECES:0.552826066787945
C_MATERIAL:0.5941941634931736
