ELO:1022
CE_PASSEDPAWNS:0.5153536632303981
CE_PAWNWEAKNESSES:0.520770323407938
CE_PIECEACTIVITY:0.5198351705680782
CE_KINGPAWNSHIELD:0.48174392717033565
CE_PIECECOORDINATION:0.5
CE_MATERIAL:0.5225382615264585
CE_KINGSAFETY:0.5187227877109581
C_PIECESQUARETABLES:0.5076739951253917
C_MOBILITY:0.4896177955244636
C_KINGSAFETY:0.5026988812023968
C_PAWNSTRUCTURE:0.5195105268191124
C_PIECECOORDINATION:0.5036097950614675
C_ROOKANDPAWNMOVEMENT:0.5036097950614675
C_CENTERCONTROL:0.5
C_DEVELOPPIECES:0.48039117011969373
C_MATERIAL:0.4925921130694401
