ELO:931
CE_PASSEDPAWNS:0.5652658131975532
CE_PAWNWEAKNESSES:0.47598181264989414
CE_PIECEACTIVITY:0.4875496103083357
CE_KINGPAWNSHIELD:0.42180311205656984
CE_PIECECOORDINATION:0.5254969154503474
CE_MATERIAL:0.4664688524789127
CE_KINGSAFETY:0.4952011114553937
C_PIECESQUARETABLES:0.48279315429278774
C_MOBILITY:0.4762968979418935
C_KINGSAFETY:0.5357720037608649
C_PAWNSTRUCTURE:0.5212769597639323
C_PIECECOORDINATION:0.6256269710860537
C_ROOKANDPAWNMOVEMENT:0.6256269710860537
C_CENTERCONTROL:0.5204558966791272
C_DEVELOPPIECES:0.5235800313963663
C_MATERIAL:0.49027529991979285
