ELO:1000
CE_PASSEDPAWNS:0.5694569686069714
CE_PAWNWEAKNESSES:0.5235821954523906
CE_PIECEACTIVITY:0.49125239571639434
CE_KINGPAWNSHIELD:0.4675854218149567
CE_PIECECOORDINATION:0.5153174157814016
CE_MATERIAL:0.44612058174591657
CE_KINGSAFETY:0.4968224194407151
C_PIECESQUARETABLES:0.5
C_MOBILITY:0.4921507169784848
C_KINGSAFETY:0.537344616789184
C_PAWNSTRUCTURE:0.5300677964276169
C_PIECECOORDINATION:0.5395318901441035
C_ROOKANDPAWNMOVEMENT:0.5395318901441035
C_CENTERCONTROL:0.49194756477513685
C_DEVELOPPIECES:0.49683360813674626
C_MATERIAL:0.5294277367895969
