ELO:907
CE_PASSEDPAWNS:0.4409790688977132
CE_PAWNWEAKNESSES:0.5358389166218317
CE_PIECEACTIVITY:0.49127542705440547
CE_KINGPAWNSHIELD:0.45754285291374486
CE_PIECECOORDINATION:0.5072790638240413
CE_MATERIAL:0.5862488011887681
CE_KINGSAFETY:0.49819808505306845
C_PIECESQUARETABLES:0.4857888949215853
C_MOBILITY:0.5317375769650352
C_KINGSAFETY:0.503675988203751
C_PAWNSTRUCTURE:0.49169025351206863
C_PIECECOORDINATION:0.4811251317890344
C_ROOKANDPAWNMOVEMENT:0.4811251317890344
C_CENTERCONTROL:0.5157847147188777
C_DEVELOPPIECES:0.49728505877535384
C_MATERIAL:0.4942626237216323
C_MOVECOUNT:0.4830754668483341
