ELO:898
CE_PASSEDPAWNS:0.5867841865127332
CE_PAWNWEAKNESSES:0.46941337906276137
CE_PIECEACTIVITY:0.4896588909638433
CE_KINGPAWNSHIELD:0.42604563557131536
CE_PIECECOORDINATION:0.5278298785685243
CE_MATERIAL:0.48959046678701446
CE_KINGSAFETY:0.4925100910778005
C_PIECESQUARETABLES:0.5102063024502468
C_MOBILITY:0.4987910173082766
C_KINGSAFETY:0.5375145929731758
C_PAWNSTRUCTURE:0.5089706948579212
C_PIECECOORDINATION:0.6436375128070708
C_ROOKANDPAWNMOVEMENT:0.6436375128070708
C_CENTERCONTROL:0.5204440555352928
C_DEVELOPPIECES:0.5180051249841027
C_MATERIAL:0.46937152691645573
