ELO:1042
CE_PASSEDPAWNS:0.426740123751249
CE_PAWNWEAKNESSES:0.48235005563987043
CE_PIECEACTIVITY:0.5365768794968729
CE_KINGPAWNSHIELD:0.4802974368313872
CE_PIECECOORDINATION:0.5265190915181994
CE_MATERIAL:0.3866131443299003
CE_KINGSAFETY:0.5086959833689966
C_PIECESQUARETABLES:0.49165046449917554
C_MOBILITY:0.44127884828954445
C_KINGSAFETY:0.6394571784414798
C_PAWNSTRUCTURE:0.43421699667785674
C_PIECECOORDINATION:0.4592608388320544
C_ROOKANDPAWNMOVEMENT:0.4592608388320544
C_CENTERCONTROL:0.4915190932651765
C_DEVELOPPIECES:0.5646834116336197
C_MATERIAL:0.4189630276886443
