ELO:996
CE_PASSEDPAWNS:0.49350374104715355
CE_PAWNWEAKNESSES:0.5176785809768669
CE_PIECEACTIVITY:0.476884566991011
CE_KINGPAWNSHIELD:0.502708750402447
CE_PIECECOORDINATION:0.49972441217918245
CE_MATERIAL:0.4921201158927291
CE_KINGSAFETY:0.5026333577298652
C_PIECESQUARETABLES:0.4894457237806162
C_MOBILITY:0.4987361140425767
C_KINGSAFETY:0.49642337329026087
C_PAWNSTRUCTURE:0.49688951804691744
C_PIECECOORDINATION:0.5056694772097017
C_ROOKANDPAWNMOVEMENT:0.5056694772097017
C_CENTERCONTROL:0.4862884339499901
C_DEVELOPPIECES:0.5
C_MATERIAL:0.5042038469638384
