ELO:1075
CE_PASSEDPAWNS:0.4402945525838125
CE_PAWNWEAKNESSES:0.4962090179758073
CE_PIECEACTIVITY:0.5727612661897991
CE_KINGPAWNSHIELD:0.46841552711305257
CE_PIECECOORDINATION:0.5381845377313406
CE_MATERIAL:0.39783305558335186
CE_KINGSAFETY:0.4830901074544576
C_PIECESQUARETABLES:0.47838215437371795
C_MOBILITY:0.4391043896620319
C_KINGSAFETY:0.6311931945049094
C_PAWNSTRUCTURE:0.4404303014169953
C_PIECECOORDINATION:0.47047285337535283
C_ROOKANDPAWNMOVEMENT:0.47047285337535283
C_CENTERCONTROL:0.5014188595021803
C_DEVELOPPIECES:0.5431406577094283
C_MATERIAL:0.4063918105112338
