ELO:967
CE_PASSEDPAWNS:0.509390009304858
CE_PAWNWEAKNESSES:0.5055594925001233
CE_PIECEACTIVITY:0.47987998789821
CE_KINGPAWNSHIELD:0.5
CE_PIECECOORDINATION:0.4555370116957363
CE_MATERIAL:0.494859001917315
CE_KINGSAFETY:0.524384357625063
C_PIECESQUARETABLES:0.4863600136392378
C_MOBILITY:0.4807861654087732
C_KINGSAFETY:0.4754099110723544
C_PAWNSTRUCTURE:0.4934178661056654
C_PIECECOORDINATION:0.5056694772097017
C_ROOKANDPAWNMOVEMENT:0.5056694772097017
C_CENTERCONTROL:0.4862884339499901
C_DEVELOPPIECES:0.5479646056325465
C_MATERIAL:0.5135014836744172
