ELO:1000
CE_PASSEDPAWNS:0.5795154105390298
CE_PAWNWEAKNESSES:0.5235821954523906
CE_PIECEACTIVITY:0.46746026427067777
CE_KINGPAWNSHIELD:0.4675854218149567
CE_PIECECOORDINATION:0.5032292790218863
CE_MATERIAL:0.4448645260612599
CE_KINGSAFETY:0.5
C_PIECESQUARETABLES:0.5
C_MOBILITY:0.5039395133503602
C_KINGSAFETY:0.5409497721627843
C_PAWNSTRUCTURE:0.5214551058054564
C_PIECECOORDINATION:0.5357075143844362
C_ROOKANDPAWNMOVEMENT:0.5357075143844362
C_CENTERCONTROL:0.49194756477513685
C_DEVELOPPIECES:0.488674087383742
C_MATERIAL:0.5294277367895969
