ELO:989
CE_PASSEDPAWNS:0.3898118595263917
CE_PAWNWEAKNESSES:0.45623159304973426
CE_PIECEACTIVITY:0.5165958690283309
CE_KINGPAWNSHIELD:0.4036895452651429
CE_PIECECOORDINATION:0.43872841192981876
CE_MATERIAL:0.43260339301881345
CE_KINGSAFETY:0.49971134898444325
C_PIECESQUARETABLES:0.4951208515069139
C_MOBILITY:0.6106431556756368
C_KINGSAFETY:0.592618547118087
C_PAWNSTRUCTURE:0.499918165412768
C_PIECECOORDINATION:0.6089087037188613
C_ROOKANDPAWNMOVEMENT:0.6089087037188613
C_CENTERCONTROL:0.3852356588848949
C_DEVELOPPIECES:0.5528173797779841
C_MATERIAL:0.580010705924123
