ELO:988
CE_PASSEDPAWNS:0.589661103089584
CE_PAWNWEAKNESSES:0.5240738108719898
CE_PIECEACTIVITY:0.5500826870592275
CE_KINGPAWNSHIELD:0.48724336939331414
CE_PIECECOORDINATION:0.4887628525625931
CE_MATERIAL:0.5011048541714745
CE_KINGSAFETY:0.5193907447027613
C_PIECESQUARETABLES:0.4966110111705224
C_MOBILITY:0.49425844337453134
C_KINGSAFETY:0.5556743253858154
C_PAWNSTRUCTURE:0.46725452227037767
C_PIECECOORDINATION:0.46589290838839964
C_ROOKANDPAWNMOVEMENT:0.46589290838839964
C_CENTERCONTROL:0.4151858804245843
C_DEVELOPPIECES:0.3080098646421427
C_MATERIAL:0.517544762520095
