ELO:1000
CE_PASSEDPAWNS:0.519187518858882
CE_PAWNWEAKNESSES:0.5618460171120612
CE_PIECEACTIVITY:0.47228168250778246
CE_KINGPAWNSHIELD:0.4663592292540312
CE_PIECECOORDINATION:0.5281821719202173
CE_MATERIAL:0.5174757001742056
CE_KINGSAFETY:0.49927525765853126
C_PIECESQUARETABLES:0.511166992694435
C_MOBILITY:0.47288100139177414
C_KINGSAFETY:0.5109187739594399
C_PAWNSTRUCTURE:0.4762252691713854
C_PIECECOORDINATION:0.5137101248802454
C_ROOKANDPAWNMOVEMENT:0.5137101248802454
C_CENTERCONTROL:0.5026192119975276
C_DEVELOPPIECES:0.41115356942832837
C_MATERIAL:0.5135001539590787
