ELO:884
CE_PASSEDPAWNS:0.5305583675008789
CE_PAWNWEAKNESSES:0.5400453241504058
CE_PIECEACTIVITY:0.5345263538416064
CE_KINGPAWNSHIELD:0.5206544607340681
CE_PIECECOORDINATION:0.4792136488240377
CE_MATERIAL:0.5514383118417233
CE_KINGSAFETY:0.5217594541118473
C_PIECESQUARETABLES:0.5034380088425676
C_MOBILITY:0.5292486008757232
C_KINGSAFETY:0.6059097835515121
C_PAWNSTRUCTURE:0.4729323513364576
C_PIECECOORDINATION:0.523924224771377
C_ROOKANDPAWNMOVEMENT:0.523924224771377
C_CENTERCONTROL:0.44570553858041395
C_DEVELOPPIECES:0.2654538389704227
C_MATERIAL:0.5141188304226669
