ELO:953
CE_PASSEDPAWNS:0.5050483712180703
CE_PAWNWEAKNESSES:0.5313985760100405
CE_PIECEACTIVITY:0.495638667690777
CE_KINGPAWNSHIELD:0.5
CE_PIECECOORDINATION:0.545778122978973
CE_MATERIAL:0.47309379423968784
CE_KINGSAFETY:0.5
C_PIECESQUARETABLES:0.5
C_MOBILITY:0.49780467194902733
C_KINGSAFETY:0.4991844272485667
C_PAWNSTRUCTURE:0.5225520589444259
C_PIECECOORDINATION:0.5088570865852784
C_ROOK:0.48472540538020903
CE_ROOK:0.4581024540593625
C_CENTERCONTROL:0.47142544243260426
C_DEVELOPPIECES:0.5087684923928297
C_MATERIAL:0.518624601014649
C_MOVECOUNT:0.47557454200632626
C_PAWNMOVEMENT:0.5304734051124029
