ELO:1027
CE_PASSEDPAWNS:0.4917426340294713
CE_PAWNWEAKNESSES:0.504139893248912
CE_PIECEACTIVITY:0.5
CE_KINGPAWNSHIELD:0.5106436287855377
CE_PIECECOORDINATION:0.5013760535880808
CE_MATERIAL:0.4978877448012778
CE_KINGSAFETY:0.5
C_PIECESQUARETABLES:0.5073398487232486
C_MOBILITY:0.5
C_KINGSAFETY:0.4867291838391062
C_PAWNSTRUCTURE:0.5021649184127625
C_PIECECOORDINATION:0.4951314460662843
C_ROOKANDPAWNMOVEMENT:0.4951314460662843
C_CENTERCONTROL:0.50516427937247
C_DEVELOPPIECES:0.5
C_MATERIAL:0.5
C_MOVECOUNT:0.4833112715864767
