ELO:1000
CE_PASSEDPAWNS:0.5
CE_PAWNWEAKNESSES:0.5062022752049754
CE_PIECEACTIVITY:0.5016117123024519
CE_KINGPAWNSHIELD:0.49817467339797855
CE_PIECECOORDINATION:0.5116087055158328
CE_MATERIAL:0.5063632311948244
CE_KINGSAFETY:0.5
C_PIECESQUARETABLES:0.5
C_MOBILITY:0.5179423441449934
C_KINGSAFETY:0.4925804190336119
C_PAWNSTRUCTURE:0.4997387554765401
C_PIECECOORDINATION:0.4981583383554649
C_ROOK:0.5
CE_ROOK:0.5018925251720716
C_CENTERCONTROL:0.48966192280634113
C_DEVELOPPIECES:0.4904218754184109
C_MATERIAL:0.5
C_MOVECOUNT:0.5021345018729763
C_PAWNMOVEMENT:0.5046735322739366
