ELO:979
CE_PASSEDPAWNS:0.5636659613476814
CE_PAWNWEAKNESSES:0.4477060845465902
CE_PIECEACTIVITY:0.4971225374251296
CE_KINGPAWNSHIELD:0.4008784885771758
CE_PIECECOORDINATION:0.5021139414051956
CE_MATERIAL:0.5054618425869434
CE_KINGSAFETY:0.4909936542113117
C_PIECESQUARETABLES:0.49973674395969275
C_MOBILITY:0.5255104144817555
C_KINGSAFETY:0.5352988189747918
C_PAWNSTRUCTURE:0.5372830851454924
C_PIECECOORDINATION:0.6000698550087549
C_ROOKANDPAWNMOVEMENT:0.6000698550087549
C_CENTERCONTROL:0.5246496902013759
C_DEVELOPPIECES:0.49856903442968964
C_MATERIAL:0.4975594583448115
