ELO:978
CE_PASSEDPAWNS:0.5030875763400846
CE_PAWNWEAKNESSES:0.4962354002798471
CE_PIECEACTIVITY:0.5189077031609206
CE_KINGPAWNSHIELD:0.5146612235031133
CE_PIECECOORDINATION:0.5250544176839832
CE_MATERIAL:0.4931700664492001
CE_KINGSAFETY:0.4783314925590603
C_PIECESQUARETABLES:0.5052486175752667
C_MOBILITY:0.49292904989901226
C_KINGSAFETY:0.5018240899886638
C_PAWNSTRUCTURE:0.5120564968162461
C_PIECECOORDINATION:0.5111825353151369
C_ROOKANDPAWNMOVEMENT:0.5111825353151369
C_CENTERCONTROL:0.49548473828872486
C_DEVELOPPIECES:0.48641435150291545
C_MATERIAL:0.5334818661395292
C_MOVECOUNT:0.5054487175159909
