ELO:990
CE_PASSEDPAWNS:0.486536751054104
CE_PAWNWEAKNESSES:0.5136046363306124
CE_PIECEACTIVITY:0.5016542430602849
CE_KINGPAWNSHIELD:0.5
CE_PIECECOORDINATION:0.5223265645771192
CE_MATERIAL:0.5142927656695688
CE_KINGSAFETY:0.5187227877109581
C_PIECESQUARETABLES:0.5
C_MOBILITY:0.49486346664073405
C_KINGSAFETY:0.5131597083822781
C_PAWNSTRUCTURE:0.5098322370750938
C_PIECECOORDINATION:0.5000178995370091
C_ROOKANDPAWNMOVEMENT:0.5000178995370091
C_CENTERCONTROL:0.5086934423918971
C_DEVELOPPIECES:0.5120933822216392
C_MATERIAL:0.48622820627472807
