ELO:998
CE_PASSEDPAWNS:0.46800047905949943
CE_PAWNWEAKNESSES:0.4984488080292072
CE_PIECEACTIVITY:0.5037910304469981
CE_KINGPAWNSHIELD:0.4838031946479812
CE_PIECECOORDINATION:0.5138592974625364
CE_MATERIAL:0.5080119589208594
CE_KINGSAFETY:0.5
C_PIECESQUARETABLES:0.5
C_MOBILITY:0.5060814663978379
C_KINGSAFETY:0.507520798021155
C_PAWNSTRUCTURE:0.4940345722226701
C_PIECECOORDINATION:0.5051143122912318
C_ROOKANDPAWNMOVEMENT:0.5051143122912318
C_CENTERCONTROL:0.48118366903146903
C_DEVELOPPIECES:0.5005123406214853
C_MATERIAL:0.495189441833826
C_MOVECOUNT:0.5054487175159909
