ELO:909
CE_PASSEDPAWNS:0.5742758450284016
CE_PAWNWEAKNESSES:0.4665574603983691
CE_PIECEACTIVITY:0.48803946311606644
CE_KINGPAWNSHIELD:0.4162658352679326
CE_PIECECOORDINATION:0.5327799152655766
CE_MATERIAL:0.4777524598181515
CE_KINGSAFETY:0.48825850944328336
C_PIECESQUARETABLES:0.5102063024502468
C_MOBILITY:0.4786650288776466
C_KINGSAFETY:0.5375145929731758
C_PAWNSTRUCTURE:0.5190130118962506
C_PIECECOORDINATION:0.6261811716951703
C_ROOKANDPAWNMOVEMENT:0.6261811716951703
C_CENTERCONTROL:0.5205065957423917
C_DEVELOPPIECES:0.5333134662342265
C_MATERIAL:0.486660494705092
