ELO:1009
CE_PASSEDPAWNS:0.5
CE_PAWNWEAKNESSES:0.5108966955025357
CE_PIECEACTIVITY:0.502473926702442
CE_KINGPAWNSHIELD:0.5
CE_PIECECOORDINATION:0.49541517450247996
CE_MATERIAL:0.4988075254221495
CE_KINGSAFETY:0.513810861766378
C_PIECESQUARETABLES:0.5139871303170547
C_MOBILITY:0.5
C_KINGSAFETY:0.486585257926752
C_PAWNSTRUCTURE:0.5
C_PIECECOORDINATION:0.5234085484283751
C_ROOKANDPAWNMOVEMENT:0.5234085484283751
C_CENTERCONTROL:0.5
C_DEVELOPPIECES:0.48902338944986584
C_MATERIAL:0.5337405140143638
C_MOVECOUNT:0.5
