ELO:996
CE_PASSEDPAWNS:0.49189253080402395
CE_PAWNWEAKNESSES:0.4995305220569058
CE_PIECEACTIVITY:0.4903657394800746
CE_KINGPAWNSHIELD:0.5013885770420813
CE_PIECECOORDINATION:0.5096032838379425
CE_MATERIAL:0.5079917197342119
CE_KINGSAFETY:0.5
C_PIECESQUARETABLES:0.5042056164454388
C_MOBILITY:0.5044402668236421
C_KINGSAFETY:0.5062328211187641
C_PAWNSTRUCTURE:0.5043343658716225
C_PIECECOORDINATION:0.5033689377394138
C_ROOKANDPAWNMOVEMENT:0.5033689377394138
C_CENTERCONTROL:0.5220977833383476
C_DEVELOPPIECES:0.47966146554209393
C_MATERIAL:0.4980380482141032
C_MOVECOUNT:0.5079023763735621
