ELO:1014
CE_PASSEDPAWNS:0.5058770812857342
CE_PAWNWEAKNESSES:0.4750354767957558
CE_PIECEACTIVITY:0.5029960254815035
CE_KINGPAWNSHIELD:0.474689607277231
CE_PIECECOORDINATION:0.550459832242452
CE_MATERIAL:0.4980261701732225
CE_KINGSAFETY:0.5327409725280493
C_PIECESQUARETABLES:0.4884094158412655
C_MOBILITY:0.5208547446083857
C_KINGSAFETY:0.5236040780285054
C_PAWNSTRUCTURE:0.5
C_PIECECOORDINATION:0.5
C_ROOKANDPAWNMOVEMENT:0.5
C_CENTERCONTROL:0.49437299787549477
C_DEVELOPPIECES:0.5041466958906371
C_MATERIAL:0.5
C_MOVECOUNT:0.5
