ELO:988
CE_PASSEDPAWNS:0.5208510371272065
CE_PAWNWEAKNESSES:0.5121278790153884
CE_PIECEACTIVITY:0.48179101401366603
CE_KINGPAWNSHIELD:0.5039752368501532
CE_PIECECOORDINATION:0.4772124460233121
CE_MATERIAL:0.48351048141075814
CE_KINGSAFETY:0.4965253147032084
C_PIECESQUARETABLES:0.515266878962432
C_MOBILITY:0.5116691995545699
C_KINGSAFETY:0.5158373359231233
C_PAWNSTRUCTURE:0.5146628575648402
C_PIECECOORDINATION:0.5315616625570425
C_ROOK:0.4687446762389437
CE_ROOK:0.5209231368438768
C_CENTERCONTROL:0.5026859508130906
C_DEVELOPPIECES:0.5161351633370452
C_MATERIAL:0.49707237767778706
C_MOVECOUNT:0.48669654830225484
C_PAWNMOVEMENT:0.501701173088018
