ELO:992
CE_PASSEDPAWNS:0.5093415634439458
CE_PAWNWEAKNESSES:0.5209834842717586
CE_PIECEACTIVITY:0.4838221249115661
CE_KINGPAWNSHIELD:0.5039752368501532
CE_PIECECOORDINATION:0.47955311100019343
CE_MATERIAL:0.4895189910293352
CE_KINGSAFETY:0.4977759777403299
C_PIECESQUARETABLES:0.4999233488969057
C_MOBILITY:0.509711766991517
C_KINGSAFETY:0.5065121629964162
C_PAWNSTRUCTURE:0.5024765323275123
C_PIECECOORDINATION:0.5315616625570425
C_ROOK:0.47650424600665015
CE_ROOK:0.5056019303572276
C_CENTERCONTROL:0.5060194428120234
C_DEVELOPPIECES:0.5084458726945337
C_MATERIAL:0.49707237767778706
C_MOVECOUNT:0.48669654830225484
C_PAWNMOVEMENT:0.5096280932721555
