ELO:736
CE_PASSEDPAWNS:0.5089227940062971
CE_PAWNWEAKNESSES:0.4999467044444187
CE_PIECEACTIVITY:0.4840179311436197
CE_KINGPAWNSHIELD:0.4319538115412125
CE_PIECECOORDINATION:0.4714037162838212
CE_MATERIAL:0.4360620328013538
CE_KINGSAFETY:0.4995026370256695
C_PIECESQUARETABLES:0.5073194829430662
C_MOBILITY:0.5479776661421377
C_KINGSAFETY:0.534623821705445
C_PAWNSTRUCTURE:0.4556026803378697
C_PIECECOORDINATION:0.5167085561320766
C_ROOKANDPAWNMOVEMENT:0.5167085561320766
C_CENTERCONTROL:0.491871977562364
C_DEVELOPPIECES:0.5184162734698903
C_MATERIAL:0.5175228973967576
C_MOVECOUNT:0.5
