ELO:1008
CE_PASSEDPAWNS:0.5
CE_PAWNWEAKNESSES:0.5233289158481702
CE_PIECEACTIVITY:0.47742522973352286
CE_KINGPAWNSHIELD:0.5108232258570368
CE_PIECECOORDINATION:0.4950851369769728
CE_MATERIAL:0.5
CE_KINGSAFETY:0.5
C_PIECESQUARETABLES:0.5040629000127194
C_MOBILITY:0.5010068504348657
C_KINGSAFETY:0.5154949701674423
C_PAWNSTRUCTURE:0.5
C_PIECECOORDINATION:0.5
C_ROOK:0.5
CE_ROOK:0.5
C_CENTERCONTROL:0.5
C_DEVELOPPIECES:0.49411371654316305
C_MATERIAL:0.5000611103544906
C_MOVECOUNT:0.48997878438740006
C_PAWNMOVEMENT:0.5
