ELO:982
CE_PASSEDPAWNS:0.5
CE_PAWNWEAKNESSES:0.5022409895914108
CE_PIECEACTIVITY:0.500987210099119
CE_KINGPAWNSHIELD:0.4737575601915491
CE_PIECECOORDINATION:0.4935156657526634
CE_MATERIAL:0.5061165131361313
CE_KINGSAFETY:0.49890679876002536
C_PIECESQUARETABLES:0.5167323553362914
C_MOBILITY:0.4741812568778767
C_KINGSAFETY:0.49484935295392113
C_PAWNSTRUCTURE:0.4966825881411438
C_PIECECOORDINATION:0.4978400702749862
C_ROOKANDPAWNMOVEMENT:0.4978400702749862
C_CENTERCONTROL:0.49478901084837684
C_DEVELOPPIECES:0.4900650544455405
C_MATERIAL:0.5325117783818737
C_MOVECOUNT:0.49754248467363216
