ELO:988
CE_PASSEDPAWNS:0.3979105146399667
CE_PAWNWEAKNESSES:0.4397749606036245
CE_PIECEACTIVITY:0.5055534717583172
CE_KINGPAWNSHIELD:0.5163824414521608
CE_PIECECOORDINATION:0.6107263379333363
CE_MATERIAL:0.42350071630399677
CE_KINGSAFETY:0.5
C_PIECESQUARETABLES:0.4880307366253357
C_MOBILITY:0.6156591551866423
C_KINGSAFETY:0.5723456654548997
C_PAWNSTRUCTURE:0.499918165412768
C_PIECECOORDINATION:0.6135308168497035
C_ROOKANDPAWNMOVEMENT:0.6135308168497035
C_CENTERCONTROL:0.3791738811592719
C_DEVELOPPIECES:0.5415288184457425
C_MATERIAL:0.5924817848689135
