ELO:976
CE_PASSEDPAWNS:0.5939075008475155
CE_PAWNWEAKNESSES:0.5240738108719898
CE_PIECEACTIVITY:0.5618110427003414
CE_KINGPAWNSHIELD:0.48733392920067514
CE_PIECECOORDINATION:0.48109621895437177
CE_MATERIAL:0.5188876880466688
CE_KINGSAFETY:0.5151205078819003
C_PIECESQUARETABLES:0.511951758787587
C_MOBILITY:0.47349077349228813
C_KINGSAFETY:0.5548119616294407
C_PAWNSTRUCTURE:0.48335436922186636
C_PIECECOORDINATION:0.47037816545163064
C_ROOKANDPAWNMOVEMENT:0.47037816545163064
C_CENTERCONTROL:0.41920971026671117
C_DEVELOPPIECES:0.31224378156940524
C_MATERIAL:0.5062874628973029
