ELO:972
CE_PASSEDPAWNS:0.48609736072952214
CE_PAWNWEAKNESSES:0.5501482311311554
CE_PIECEACTIVITY:0.5223401111745447
CE_KINGPAWNSHIELD:0.5002787011936971
CE_PIECECOORDINATION:0.5221282012611932
CE_MATERIAL:0.5172592100333285
CE_KINGSAFETY:0.5
C_PIECESQUARETABLES:0.5
C_MOBILITY:0.5017787346568249
C_KINGSAFETY:0.5112292241415517
C_PAWNSTRUCTURE:0.5197944521444902
C_PIECECOORDINATION:0.5281652221800786
C_ROOK:0.46182905609992636
CE_ROOK:0.5204864445526711
C_CENTERCONTROL:0.5059217442234845
C_DEVELOPPIECES:0.5456388349025609
C_MATERIAL:0.5437942502329153
C_MOVECOUNT:0.5173747193311806
C_PAWNMOVEMENT:0.5051090263514019
