ELO:695
CE_PASSEDPAWNS:0.522241346596136
CE_PAWNWEAKNESSES:0.49208611475396075
CE_PIECEACTIVITY:0.4539906362779738
CE_KINGPAWNSHIELD:0.4057310591234528
CE_PIECECOORDINATION:0.4833734899274953
CE_MATERIAL:0.43823138655418253
CE_KINGSAFETY:0.4874386752383845
C_PIECESQUARETABLES:0.4733418893178839
C_MOBILITY:0.5499820701794452
C_KINGSAFETY:0.51740110385052
C_PAWNSTRUCTURE:0.4771819587482592
C_PIECECOORDINATION:0.5072994527425215
C_ROOKANDPAWNMOVEMENT:0.5072994527425215
C_CENTERCONTROL:0.4884302597266434
C_DEVELOPPIECES:0.5607696199989118
C_MATERIAL:0.4679271667853554
C_MOVECOUNT:0.48427233588531765
