ELO:973
CE_PASSEDPAWNS:0.5348125991535642
CE_PAWNWEAKNESSES:0.4641021468075304
CE_PIECEACTIVITY:0.5150706489765859
CE_KINGPAWNSHIELD:0.5044698743323073
CE_PIECECOORDINATION:0.5121276999314677
CE_MATERIAL:0.4963953967887168
CE_KINGSAFETY:0.5
C_PIECESQUARETABLES:0.4844118716355408
C_MOBILITY:0.4884686599990722
C_KINGSAFETY:0.5266219372205012
C_PAWNSTRUCTURE:0.5038211518642112
C_PIECECOORDINATION:0.5
C_ROOKANDPAWNMOVEMENT:0.5
C_CENTERCONTROL:0.486313235387377
C_DEVELOPPIECES:0.5025208875105633
C_MATERIAL:0.538492848592651
C_MOVECOUNT:0.5
