ELO:1000
CE_PASSEDPAWNS:0.5579443048041067
CE_PAWNWEAKNESSES:0.5207650525893686
CE_PIECEACTIVITY:0.5508406056848074
CE_KINGPAWNSHIELD:0.499810966229433
CE_PIECECOORDINATION:0.5207974164110094
CE_MATERIAL:0.5066833802692865
CE_KINGSAFETY:0.5335645177785264
C_PIECESQUARETABLES:0.5161127344262804
C_MOBILITY:0.4900877594161484
C_KINGSAFETY:0.5417176075636718
C_PAWNSTRUCTURE:0.4504414435899695
C_PIECECOORDINATION:0.4783593679345943
C_ROOKANDPAWNMOVEMENT:0.4783593679345943
C_CENTERCONTROL:0.4308183797459371
C_DEVELOPPIECES:0.3394043575228727
C_MATERIAL:0.5049151774948569
