ELO:906
CE_PASSEDPAWNS:0.557285502974292
CE_PAWNWEAKNESSES:0.543333673972804
CE_PIECEACTIVITY:0.5463908526210093
CE_KINGPAWNSHIELD:0.5003686237083711
CE_PIECECOORDINATION:0.5037219242680918
CE_MATERIAL:0.5562526564879242
CE_KINGSAFETY:0.5102396764770715
C_PIECESQUARETABLES:0.5344403962424673
C_MOBILITY:0.5331431778209818
C_KINGSAFETY:0.5783896445684855
C_PAWNSTRUCTURE:0.4777299474308505
C_PIECECOORDINATION:0.5346190299993885
C_ROOKANDPAWNMOVEMENT:0.5346190299993885
C_CENTERCONTROL:0.4304675534913705
C_DEVELOPPIECES:0.261518184767044
C_MATERIAL:0.5286458413455787
