ELO:943
CE_PASSEDPAWNS:0.5467953775668972
CE_PAWNWEAKNESSES:0.44957126294250077
CE_PIECEACTIVITY:0.45467779174442374
CE_KINGPAWNSHIELD:0.4456169094010379
CE_PIECECOORDINATION:0.5470874047006203
CE_MATERIAL:0.5308568339920058
CE_KINGSAFETY:0.5
C_PIECESQUARETABLES:0.4904627813648956
C_MOBILITY:0.5
C_KINGSAFETY:0.5050028268622786
C_PAWNSTRUCTURE:0.47535243507655806
C_PIECECOORDINATION:0.5
C_ROOKANDPAWNMOVEMENT:0.5
C_CENTERCONTROL:0.5500839147970149
C_DEVELOPPIECES:0.53759167220694
C_MATERIAL:0.4776920883680677
C_MOVECOUNT:0.5
