ELO:986
CE_PASSEDPAWNS:0.5030127090870645
CE_PAWNWEAKNESSES:0.5105860448868877
CE_PIECEACTIVITY:0.47165909069205764
CE_KINGPAWNSHIELD:0.5114126583345032
CE_PIECECOORDINATION:0.4871993194417916
CE_MATERIAL:0.514540886768564
CE_KINGSAFETY:0.5
C_PIECESQUARETABLES:0.5
C_MOBILITY:0.490971264576086
C_KINGSAFETY:0.5045746692603652
C_PAWNSTRUCTURE:0.5127544177763033
C_PIECECOORDINATION:0.5377894460590339
C_ROOK:0.4975671529022726
CE_ROOK:0.5061721061828043
C_CENTERCONTROL:0.5301289448011852
C_DEVELOPPIECES:0.5161351633370452
C_MATERIAL:0.45184424152703795
C_MOVECOUNT:0.4842505015688156
C_PAWNMOVEMENT:0.5286183012937419
