ELO:826
CE_PASSEDPAWNS:0.4097965988390741
CE_PAWNWEAKNESSES:0.5124124559148217
CE_PIECEACTIVITY:0.46759460128793484
CE_KINGPAWNSHIELD:0.43613065161983455
CE_PIECECOORDINATION:0.4931007716083791
CE_MATERIAL:0.5760377570896373
CE_KINGSAFETY:0.5150166273289577
C_PIECESQUARETABLES:0.507326168951022
C_MOBILITY:0.4960981741646912
C_KINGSAFETY:0.49537568709118135
C_PAWNSTRUCTURE:0.5546494947210187
C_PIECECOORDINATION:0.513137582262899
C_ROOKANDPAWNMOVEMENT:0.513137582262899
C_CENTERCONTROL:0.5558521074050558
C_DEVELOPPIECES:0.4652839278681614
C_MATERIAL:0.5279693399720613
C_MOVECOUNT:0.437526047061431
