ELO:1000
CE_PASSEDPAWNS:0.5002351145520174
CE_PAWNWEAKNESSES:0.5360662435628579
CE_PIECEACTIVITY:0.49602050813931514
CE_KINGPAWNSHIELD:0.4780581523977121
CE_PIECECOORDINATION:0.49871380640954915
CE_MATERIAL:0.496559244395755
CE_KINGSAFETY:0.512190668028743
C_PIECESQUARETABLES:0.49415558839971513
C_MOBILITY:0.49378033102152935
C_KINGSAFETY:0.5148812503563096
C_PAWNSTRUCTURE:0.4578567377746505
C_PIECECOORDINATION:0.5156857250513779
C_ROOKANDPAWNMOVEMENT:0.5156857250513779
C_CENTERCONTROL:0.5082311213435191
C_DEVELOPPIECES:0.49619984268595196
C_MATERIAL:0.5192913987636164
