ELO:863
CE_PASSEDPAWNS:0.4941045653097777
CE_PAWNWEAKNESSES:0.5089394310679225
CE_PIECEACTIVITY:0.5033588936178186
CE_KINGPAWNSHIELD:0.5571769825875635
CE_PIECECOORDINATION:0.49158955596285
CE_MATERIAL:0.47572770351222987
CE_KINGSAFETY:0.4918383883347672
C_PIECESQUARETABLES:0.5132257287304265
C_MOBILITY:0.5267990452859604
C_KINGSAFETY:0.4911247493046381
C_PAWNSTRUCTURE:0.4794392855259221
C_PIECECOORDINATION:0.44895000216104775
C_ROOKANDPAWNMOVEMENT:0.44895000216104775
C_CENTERCONTROL:0.5244892996419261
C_DEVELOPPIECES:0.532712965205937
C_MATERIAL:0.49673231743012586
C_MOVECOUNT:0.5
