ELO:931
CE_PASSEDPAWNS:0.5116618577348773
CE_PAWNWEAKNESSES:0.5
CE_PIECEACTIVITY:0.5249462647681036
CE_KINGPAWNSHIELD:0.539380338680297
CE_PIECECOORDINATION:0.4654061213901054
CE_MATERIAL:0.46992503655993906
CE_KINGSAFETY:0.5
C_PIECESQUARETABLES:0.4875767735633514
C_MOBILITY:0.5334564971379576
C_KINGSAFETY:0.5034241915608586
C_PAWNSTRUCTURE:0.5085048496892141
C_PIECECOORDINATION:0.5266187511024933
C_ROOKANDPAWNMOVEMENT:0.5266187511024933
C_CENTERCONTROL:0.4940178433256478
C_DEVELOPPIECES:0.4817747181304766
C_MATERIAL:0.469011078871542
C_MOVECOUNT:0.5
