ELO:1000
CE_PASSEDPAWNS:0.496325852834757
CE_PAWNWEAKNESSES:0.46592816247569874
CE_PIECEACTIVITY:0.6039107623587666
CE_KINGPAWNSHIELD:0.482942393271623
CE_PIECECOORDINATION:0.44041613529949986
CE_MATERIAL:0.4648424228214948
CE_KINGSAFETY:0.4830104565922688
C_PIECESQUARETABLES:0.45680857184979584
C_MOBILITY:0.49811019368070747
C_KINGSAFETY:0.4677880383416309
C_PAWNSTRUCTURE:0.5293447598276905
C_PIECECOORDINATION:0.5075172600342569
C_ROOKANDPAWNMOVEMENT:0.5075172600342569
C_CENTERCONTROL:0.48212056884632676
C_DEVELOPPIECES:0.4682411993633589
C_MATERIAL:0.49601018095103394
