ELO:900
CE_PASSEDPAWNS:0.5277258094765752
CE_PAWNWEAKNESSES:0.476232462814832
CE_PIECEACTIVITY:0.4922782561175126
CE_KINGPAWNSHIELD:0.5901239475079527
CE_PIECECOORDINATION:0.47267489677206015
CE_MATERIAL:0.42249162348448216
CE_KINGSAFETY:0.5095108922072863
C_PIECESQUARETABLES:0.507429544660812
C_MOBILITY:0.4920635416279772
C_KINGSAFETY:0.40322226091664887
C_PAWNSTRUCTURE:0.49388704349810314
C_PIECECOORDINATION:0.5558142192781873
C_ROOKANDPAWNMOVEMENT:0.5558142192781873
C_CENTERCONTROL:0.4775150651753987
C_DEVELOPPIECES:0.4810064224275695
C_MATERIAL:0.44593792710587604
