ELO:1004
CE_PASSEDPAWNS:0.4961274792246587
CE_PAWNWEAKNESSES:0.49089491396490376
CE_PIECEACTIVITY:0.4892622587797301
CE_KINGPAWNSHIELD:0.49537115973779433
CE_PIECECOORDINATION:0.49969885853736506
CE_MATERIAL:0.5031057475759783
CE_KINGSAFETY:0.5
C_PIECESQUARETABLES:0.5
C_MOBILITY:0.48906804098171075
C_KINGSAFETY:0.5
C_PAWNSTRUCTURE:0.5332183313168409
C_PIECECOORDINATION:0.48883607836604714
C_ROOKANDPAWNMOVEMENT:0.48883607836604714
C_CENTERCONTROL:0.45898287082601785
C_DEVELOPPIECES:0.4693761254151244
C_MATERIAL:0.5290947028085552
C_MOVECOUNT:0.5
