ELO:974
CE_PASSEDPAWNS:0.5666613696955141
CE_PAWNWEAKNESSES:0.4241779665492427
CE_PIECEACTIVITY:0.5007288914763066
CE_KINGPAWNSHIELD:0.43430494989807494
CE_PIECECOORDINATION:0.5242965714773742
CE_MATERIAL:0.4870295111059694
CE_KINGSAFETY:0.46206927541255355
C_PIECESQUARETABLES:0.5140744262837748
C_MOBILITY:0.4346577513251201
C_KINGSAFETY:0.4472398514234826
C_PAWNSTRUCTURE:0.43728913058424834
C_PIECECOORDINATION:0.47674580706326
C_ROOKANDPAWNMOVEMENT:0.47674580706326
C_CENTERCONTROL:0.4419533695018257
C_DEVELOPPIECES:0.47378643978697116
C_MATERIAL:0.5436225824378638
