ELO:978
CE_PASSEDPAWNS:0.5007002291589171
CE_PAWNWEAKNESSES:0.49827150936723513
CE_PIECEACTIVITY:0.5221811889550545
CE_KINGPAWNSHIELD:0.5077183943204965
CE_PIECECOORDINATION:0.5039866710914098
CE_MATERIAL:0.5043907298459133
CE_KINGSAFETY:0.4943818700626585
C_PIECESQUARETABLES:0.5
C_MOBILITY:0.5059954027100378
C_KINGSAFETY:0.5045968518230279
C_PAWNSTRUCTURE:0.4886866612327806
C_PIECECOORDINATION:0.5254061715328981
C_ROOKANDPAWNMOVEMENT:0.5254061715328981
C_CENTERCONTROL:0.5102785602730907
C_DEVELOPPIECES:0.5097105448247101
C_MATERIAL:0.4882466533585822
C_MOVECOUNT:0.5
