ELO:949
CE_PASSEDPAWNS:0.5497747461717724
CE_PAWNWEAKNESSES:0.43710588298960074
CE_PIECEACTIVITY:0.4432698081719949
CE_KINGPAWNSHIELD:0.39887470186722834
CE_PIECECOORDINATION:0.5330866161154468
CE_MATERIAL:0.5155421891752728
CE_KINGSAFETY:0.4967908197889492
C_PIECESQUARETABLES:0.4675547927774004
C_MOBILITY:0.39190084162146893
C_KINGSAFETY:0.4348986705397193
C_PAWNSTRUCTURE:0.4253397731865495
C_PIECECOORDINATION:0.47014316824288876
C_ROOKANDPAWNMOVEMENT:0.47014316824288876
C_CENTERCONTROL:0.43183430477563717
C_DEVELOPPIECES:0.45610308252952697
C_MATERIAL:0.5635848288932543
