ELO:971
CE_PASSEDPAWNS:0.506308408045697
CE_PAWNWEAKNESSES:0.5275618889511055
CE_PIECEACTIVITY:0.49853738797328256
CE_KINGPAWNSHIELD:0.4931279155900227
CE_PIECECOORDINATION:0.49379298313574843
CE_MATERIAL:0.5178657113447727
CE_KINGSAFETY:0.5313274485789622
C_PIECESQUARETABLES:0.4799032600995531
C_MOBILITY:0.5
C_KINGSAFETY:0.5061887060752237
C_PAWNSTRUCTURE:0.5254329510414922
C_PIECECOORDINATION:0.4989320237199875
C_ROOKANDPAWNMOVEMENT:0.4989320237199875
C_CENTERCONTROL:0.4953593146529492
C_DEVELOPPIECES:0.5039414839679711
C_MATERIAL:0.5003477454518697
C_MOVECOUNT:0.5
