ELO:1011
CE_PASSEDPAWNS:0.5022009132282569
CE_PAWNWEAKNESSES:0.4946621509430282
CE_PIECEACTIVITY:0.5
CE_KINGPAWNSHIELD:0.5087180644458044
CE_PIECECOORDINATION:0.5
CE_MATERIAL:0.5
CE_KINGSAFETY:0.5
C_PIECESQUARETABLES:0.5
C_MOBILITY:0.5
C_KINGSAFETY:0.5015084467813297
C_PAWNSTRUCTURE:0.5
C_PIECECOORDINATION:0.5
C_ROOKANDPAWNMOVEMENT:0.5
C_CENTERCONTROL:0.5
C_DEVELOPPIECES:0.5113089050553966
C_MATERIAL:0.511803553707634
