ELO:1000
CE_PASSEDPAWNS:0.49131312417283446
CE_PAWNWEAKNESSES:0.488029587017287
CE_PIECEACTIVITY:0.5055339210266204
CE_KINGPAWNSHIELD:0.49796143249852526
CE_PIECECOORDINATION:0.48035622438714354
CE_MATERIAL:0.49397332982266845
CE_KINGSAFETY:0.5019054825206156
C_PIECESQUARETABLES:0.488614860500792
C_MOBILITY:0.4926000342374446
C_KINGSAFETY:0.5163915689504525
C_PAWNSTRUCTURE:0.506636595073741
C_PIECECOORDINATION:0.49231802655527257
C_ROOKANDPAWNMOVEMENT:0.49231802655527257
C_CENTERCONTROL:0.5008759813575808
C_DEVELOPPIECES:0.5125404360622093
C_MATERIAL:0.49345591746696044
