ELO:844
CE_PASSEDPAWNS:0.597813416079429
CE_PAWNWEAKNESSES:0.5100717059348502
CE_PIECEACTIVITY:0.5392122193381071
CE_KINGPAWNSHIELD:0.4672448262792057
CE_PIECECOORDINATION:0.5345106481654921
CE_MATERIAL:0.4516039547614443
CE_KINGSAFETY:0.49208817439112945
C_PIECESQUARETABLES:0.4360845665015105
C_MOBILITY:0.48727568383219916
C_KINGSAFETY:0.4707933619373193
C_PAWNSTRUCTURE:0.48328742934654106
C_PIECECOORDINATION:0.4332173300059722
C_ROOKANDPAWNMOVEMENT:0.4332173300059722
C_CENTERCONTROL:0.4659217251226963
C_DEVELOPPIECES:0.5247555568051667
C_MATERIAL:0.4881211486778146
C_MOVECOUNT:0.49089256126172803
