ELO:987
CE_PASSEDPAWNS:0.4934275263140791
CE_PAWNWEAKNESSES:0.49161025736956326
CE_PIECEACTIVITY:0.47257927173762637
CE_KINGPAWNSHIELD:0.5752276756328877
CE_PIECECOORDINATION:0.47066283708714896
CE_MATERIAL:0.49351013837254964
CE_KINGSAFETY:0.4960517736407048
C_PIECESQUARETABLES:0.5194080900090882
C_MOBILITY:0.5353538985678945
C_KINGSAFETY:0.4393869470537687
C_PAWNSTRUCTURE:0.5009904155328399
C_PIECECOORDINATION:0.5287210474195271
C_ROOKANDPAWNMOVEMENT:0.5287210474195271
C_CENTERCONTROL:0.46504101279095544
C_DEVELOPPIECES:0.5100533551790423
C_MATERIAL:0.49512659304797574
