ELO:1019
CE_PASSEDPAWNS:0.5100963428654872
CE_PAWNWEAKNESSES:0.5006422312829267
CE_PIECEACTIVITY:0.4933698137720657
CE_KINGPAWNSHIELD:0.5
CE_PIECECOORDINATION:0.5042950635344491
CE_MATERIAL:0.5020936886606845
CE_KINGSAFETY:0.5121459517676269
C_PIECESQUARETABLES:0.503038735812669
C_MOBILITY:0.4962307954668936
C_KINGSAFETY:0.5
C_PAWNSTRUCTURE:0.5076178606403114
C_PIECECOORDINATION:0.5
C_ROOKANDPAWNMOVEMENT:0.5
C_CENTERCONTROL:0.5
C_DEVELOPPIECES:0.5123507158252396
C_MATERIAL:0.5
C_MOVECOUNT:0.5013721746333146
