ELO:881
CE_PASSEDPAWNS:0.5385785334030992
CE_PAWNWEAKNESSES:0.4333244298547934
CE_PIECEACTIVITY:0.4284701807667608
CE_KINGPAWNSHIELD:0.3881709012909253
CE_PIECECOORDINATION:0.5081773598153586
CE_MATERIAL:0.5252830623093303
CE_KINGSAFETY:0.45845808778112646
C_PIECESQUARETABLES:0.5105112467386157
C_MOBILITY:0.427296830297478
C_KINGSAFETY:0.4304022790165724
C_PAWNSTRUCTURE:0.41572195581571836
C_PIECECOORDINATION:0.43949085453261344
C_ROOKANDPAWNMOVEMENT:0.43949085453261344
C_CENTERCONTROL:0.46125278607756853
C_DEVELOPPIECES:0.49111250561606723
C_MATERIAL:0.5881029231942008
