ELO:991
CE_PASSEDPAWNS:0.480546209759764
CE_PAWNWEAKNESSES:0.5450153942708813
CE_PIECEACTIVITY:0.5033950908044756
CE_KINGPAWNSHIELD:0.4820862293330612
CE_PIECECOORDINATION:0.5
CE_MATERIAL:0.47226898004781376
CE_KINGSAFETY:0.5
C_PIECESQUARETABLES:0.5
C_MOBILITY:0.4843162026247597
C_KINGSAFETY:0.5
C_PAWNSTRUCTURE:0.5157973747084403
C_PIECECOORDINATION:0.45716789910260763
C_ROOKANDPAWNMOVEMENT:0.45716789910260763
C_CENTERCONTROL:0.4054756888600244
C_DEVELOPPIECES:0.4304333526097535
C_MATERIAL:0.4439192751479143
C_MOVECOUNT:0.5
