ELO:1000
CE_PASSEDPAWNS:0.496168329407651
CE_PAWNWEAKNESSES:0.5074437019580919
CE_PIECEACTIVITY:0.49984168418664426
CE_KINGPAWNSHIELD:0.5
CE_PIECECOORDINATION:0.48955194245618666
CE_MATERIAL:0.5050033505651097
CE_KINGSAFETY:0.5091514042270148
C_PIECESQUARETABLES:0.4979522991891893
C_MOBILITY:0.5084120927599404
C_KINGSAFETY:0.4896669841763959
C_PAWNSTRUCTURE:0.5134639476875806
C_PIECECOORDINATION:0.4886423720802756
C_ROOKANDPAWNMOVEMENT:0.4886423720802756
C_CENTERCONTROL:0.5104938251166472
C_DEVELOPPIECES:0.5053681929478081
C_MATERIAL:0.4939894780081127
