ELO:934
CE_PASSEDPAWNS:0.5177564726518219
CE_PAWNWEAKNESSES:0.5425845511311702
CE_PIECEACTIVITY:0.43058754217595246
CE_KINGPAWNSHIELD:0.5909027918235619
CE_PIECECOORDINATION:0.4544801803997253
CE_MATERIAL:0.44280277972683696
CE_KINGSAFETY:0.4979626268035412
C_PIECESQUARETABLES:0.5176192249654358
C_MOBILITY:0.491660083011712
C_KINGSAFETY:0.3812081646105762
C_PAWNSTRUCTURE:0.5146152312770241
C_PIECECOORDINATION:0.5390549431097856
C_ROOKANDPAWNMOVEMENT:0.5390549431097856
C_CENTERCONTROL:0.49243778601890087
C_DEVELOPPIECES:0.44992989096644087
C_MATERIAL:0.4885400575529019
