ELO:1016
CE_PASSEDPAWNS:0.5118114683640493
CE_PAWNWEAKNESSES:0.4979478514664927
CE_PIECEACTIVITY:0.48303755804411486
CE_KINGPAWNSHIELD:0.49861896854626964
CE_PIECECOORDINATION:0.4982640718031913
CE_MATERIAL:0.4843288414573457
CE_KINGSAFETY:0.5
C_PIECESQUARETABLES:0.5
C_MOBILITY:0.4969407453162884
C_KINGSAFETY:0.5
C_PAWNSTRUCTURE:0.5154433842934825
C_PIECECOORDINATION:0.5097452558420773
C_ROOKANDPAWNMOVEMENT:0.5097452558420773
C_CENTERCONTROL:0.4863054844689016
C_DEVELOPPIECES:0.494402377685231
C_MATERIAL:0.4854656492881104
C_MOVECOUNT:0.5089480879406498
