ELO:951
CE_PASSEDPAWNS:0.4847015298602437
CE_PAWNWEAKNESSES:0.5042802764144181
CE_PIECEACTIVITY:0.4548416050951864
CE_KINGPAWNSHIELD:0.5637835875357681
CE_PIECECOORDINATION:0.4782942972428173
CE_MATERIAL:0.5005649999857243
CE_KINGSAFETY:0.5028715464569964
C_PIECESQUARETABLES:0.5041593678488814
C_MOBILITY:0.5316647572542456
C_KINGSAFETY:0.43373405471773646
C_PAWNSTRUCTURE:0.5005067203008641
C_PIECECOORDINATION:0.5205262218501661
C_ROOKANDPAWNMOVEMENT:0.5205262218501661
C_CENTERCONTROL:0.4624678265119501
C_DEVELOPPIECES:0.5107647860395889
C_MATERIAL:0.4980032361192266
