ELO:1000
CE_PASSEDPAWNS:0.5081280027762193
CE_PAWNWEAKNESSES:0.5
CE_PIECEACTIVITY:0.5
CE_KINGPAWNSHIELD:0.4949830175287513
CE_PIECECOORDINATION:0.5
CE_MATERIAL:0.5
CE_KINGSAFETY:0.48943759283776883
C_PIECESQUARETABLES:0.5
C_MOBILITY:0.5111490166252688
C_KINGSAFETY:0.48769416792319636
C_PAWNSTRUCTURE:0.5042351060129132
C_PIECECOORDINATION:0.5031019494971567
C_ROOK:0.5114913982358095
CE_ROOK:0.5
C_CENTERCONTROL:0.5
C_DEVELOPPIECES:0.5037151203084472
C_MATERIAL:0.49180975789760045
C_MOVECOUNT:0.5
C_PAWNMOVEMENT:0.497233544850517
