ELO:877
CE_PASSEDPAWNS:0.5041466108976274
CE_PAWNWEAKNESSES:0.49855993824264005
CE_PIECEACTIVITY:0.5185595633232416
CE_KINGPAWNSHIELD:0.5309787611995987
CE_PIECECOORDINATION:0.4926295064112671
CE_MATERIAL:0.485986686732385
CE_KINGSAFETY:0.4918383883347672
C_PIECESQUARETABLES:0.49891555277806265
C_MOBILITY:0.5146252088997612
C_KINGSAFETY:0.48808524910387996
C_PAWNSTRUCTURE:0.47152529221854517
C_PIECECOORDINATION:0.4703126958445264
C_ROOKANDPAWNMOVEMENT:0.4703126958445264
C_CENTERCONTROL:0.5138477405422045
C_DEVELOPPIECES:0.5132544396981222
C_MATERIAL:0.49415406438803844
C_MOVECOUNT:0.5
