ELO:1159
CE_PASSEDPAWNS:0.48648259105472186
CE_PAWNWEAKNESSES:0.5
CE_PIECEACTIVITY:0.47220855041262344
CE_KINGPAWNSHIELD:0.5
CE_PIECECOORDINATION:0.5214771618589702
CE_MATERIAL:0.5169957844604913
CE_KINGSAFETY:0.5
C_PIECESQUARETABLES:0.5
C_MOBILITY:0.5068923201911351
C_KINGSAFETY:0.49710073663360144
C_PAWNSTRUCTURE:0.4649378781023648
C_PIECECOORDINATION:0.5183704837768273
C_ROOK:0.5100557964461885
CE_ROOK:0.46918049438940834
C_CENTERCONTROL:0.5310111338234811
C_DEVELOPPIECES:0.4631289165320919
C_MATERIAL:0.4729796226216417
C_MOVECOUNT:0.4972319091545409
C_PAWNMOVEMENT:0.47099577499993855
