ELO:1000
CE_PASSEDPAWNS:0.5331723305925381
CE_PAWNWEAKNESSES:0.4712929445059695
CE_PIECEACTIVITY:0.451743607429567
CE_KINGPAWNSHIELD:0.5209250385222467
CE_PIECECOORDINATION:0.4883386774254979
CE_MATERIAL:0.4914893532138868
CE_KINGSAFETY:0.5119926591590548
C_PIECESQUARETABLES:0.5153113092861681
C_MOBILITY:0.5313368700784034
C_KINGSAFETY:0.45866907541395635
C_PAWNSTRUCTURE:0.4898849946751853
C_PIECECOORDINATION:0.4946833348821085
C_ROOKANDPAWNMOVEMENT:0.4946833348821085
C_CENTERCONTROL:0.4992644152668998
C_DEVELOPPIECES:0.5177374692969984
C_MATERIAL:0.4999553306436021
