ELO:1002
CE_PASSEDPAWNS:0.5159853612044368
CE_PAWNWEAKNESSES:0.5
CE_PIECEACTIVITY:0.5152143065782735
CE_KINGPAWNSHIELD:0.4997630282252989
CE_PIECECOORDINATION:0.5
CE_MATERIAL:0.530946349997155
CE_KINGSAFETY:0.4938971450163659
C_PIECESQUARETABLES:0.5
C_MOBILITY:0.5014128538621071
C_KINGSAFETY:0.5128510087347602
C_PAWNSTRUCTURE:0.4876845597902097
C_PIECECOORDINATION:0.5
C_ROOKANDPAWNMOVEMENT:0.5
C_CENTERCONTROL:0.4863054844689016
C_DEVELOPPIECES:0.47628771604549514
C_MATERIAL:0.49270858215404
C_MOVECOUNT:0.48835698250566206
