ELO:1026
CE_PASSEDPAWNS:0.5142892442732371
CE_PAWNWEAKNESSES:0.5006422312829267
CE_PIECEACTIVITY:0.5089598918128792
CE_KINGPAWNSHIELD:0.49680224552320507
CE_PIECECOORDINATION:0.4945545908217723
CE_MATERIAL:0.5058225693504869
CE_KINGSAFETY:0.5
C_PIECESQUARETABLES:0.5
C_MOBILITY:0.5066540375879506
C_KINGSAFETY:0.5
C_PAWNSTRUCTURE:0.5030040624045893
C_PIECECOORDINATION:0.49909435943095715
C_ROOKANDPAWNMOVEMENT:0.49909435943095715
C_CENTERCONTROL:0.4936319354124451
C_DEVELOPPIECES:0.5
C_MATERIAL:0.5009489901793601
C_MOVECOUNT:0.5072347635950086
