ELO:926
CE_PASSEDPAWNS:0.521024784436562
CE_PAWNWEAKNESSES:0.5319905116026115
CE_PIECEACTIVITY:0.4179878402421214
CE_KINGPAWNSHIELD:0.5984382086717526
CE_PIECECOORDINATION:0.44453034718921125
CE_MATERIAL:0.42817960345935097
CE_KINGSAFETY:0.5061435362887913
C_PIECESQUARETABLES:0.5386911363909311
C_MOBILITY:0.5041464402328227
C_KINGSAFETY:0.39316992724343436
C_PAWNSTRUCTURE:0.48475364653821845
C_PIECECOORDINATION:0.529550632270022
C_ROOKANDPAWNMOVEMENT:0.529550632270022
C_CENTERCONTROL:0.49680837170976894
C_DEVELOPPIECES:0.4380477060549091
C_MATERIAL:0.48298810417641275
