ELO:946
CE_PASSEDPAWNS:0.4937371831357159
CE_PAWNWEAKNESSES:0.4825147054252683
CE_PIECEACTIVITY:0.5046440451438885
CE_KINGPAWNSHIELD:0.5271780922685442
CE_PIECECOORDINATION:0.5085899924413093
CE_MATERIAL:0.46867093960032574
CE_KINGSAFETY:0.5
C_PIECESQUARETABLES:0.4743729696286406
C_MOBILITY:0.477282777055405
C_KINGSAFETY:0.5592081792571376
C_PAWNSTRUCTURE:0.4866942820130459
C_PIECECOORDINATION:0.5163963294793318
C_ROOKANDPAWNMOVEMENT:0.5163963294793318
C_CENTERCONTROL:0.4808390914463597
C_DEVELOPPIECES:0.4185100998877913
C_MATERIAL:0.4826293274600824
C_MOVECOUNT:0.5
