ELO:983
CE_PASSEDPAWNS:0.5097744676800733
CE_PAWNWEAKNESSES:0.49867287880448774
CE_PIECEACTIVITY:0.5126431272684592
CE_KINGPAWNSHIELD:0.49856737065839274
CE_PIECECOORDINATION:0.5031178820118767
CE_MATERIAL:0.5180543026944704
CE_KINGSAFETY:0.5379807677235766
C_PIECESQUARETABLES:0.48291403782592424
C_MOBILITY:0.4911201974629889
C_KINGSAFETY:0.5086090202737423
C_PAWNSTRUCTURE:0.5195022373625442
C_PIECECOORDINATION:0.49438149710364626
C_ROOK:0.5093228990350223
CE_ROOK:0.5150316543334413
C_CENTERCONTROL:0.4852912214027281
C_DEVELOPPIECES:0.5236220037670214
C_MATERIAL:0.5203049921851026
C_MOVECOUNT:0.47814537873487434
C_PAWNMOVEMENT:0.5014678507405237
