ELO:1056
CE_PASSEDPAWNS:0.5036163909542182
CE_PAWNWEAKNESSES:0.5143739487374894
CE_PIECEACTIVITY:0.5180690068294841
CE_KINGPAWNSHIELD:0.5061944852608466
CE_PIECECOORDINATION:0.5079671768032734
CE_MATERIAL:0.4936647227553223
CE_KINGSAFETY:0.5
C_PIECESQUARETABLES:0.5
C_MOBILITY:0.5027895105486977
C_KINGSAFETY:0.5042051878248334
C_PAWNSTRUCTURE:0.5217660696434157
C_PIECECOORDINATION:0.5025087255872847
C_ROOK:0.5025617923368577
CE_ROOK:0.4979724417262677
C_CENTERCONTROL:0.5047226692606631
C_DEVELOPPIECES:0.4889545924510755
C_MATERIAL:0.5169640389670006
C_MOVECOUNT:0.5074212407980186
C_PAWNMOVEMENT:0.5115033278778504
