ELO:949
CE_PASSEDPAWNS:0.5331549190176466
CE_PAWNWEAKNESSES:0.4589440830669437
CE_PIECEACTIVITY:0.515848374334583
CE_KINGPAWNSHIELD:0.4931656775486634
CE_PIECECOORDINATION:0.4877005970295476
CE_MATERIAL:0.5368589530491384
CE_KINGSAFETY:0.5
C_PIECESQUARETABLES:0.5060742464448991
C_MOBILITY:0.48851296625301766
C_KINGSAFETY:0.5111157968121752
C_PAWNSTRUCTURE:0.47158480463951125
C_PIECECOORDINATION:0.49241590478135727
C_ROOKANDPAWNMOVEMENT:0.49241590478135727
C_CENTERCONTROL:0.5217716223121447
C_DEVELOPPIECES:0.5087123561729208
C_MATERIAL:0.5014915938727236
C_MOVECOUNT:0.4990663385820501
