ELO:899
CE_PASSEDPAWNS:0.5305645398615833
CE_PAWNWEAKNESSES:0.4703390038967941
CE_PIECEACTIVITY:0.49384803124730553
CE_KINGPAWNSHIELD:0.5851541947388934
CE_PIECECOORDINATION:0.499206337682839
CE_MATERIAL:0.4647547930255315
CE_KINGSAFETY:0.5023415308014593
C_PIECESQUARETABLES:0.4983252484507548
C_MOBILITY:0.5029419824963551
C_KINGSAFETY:0.38595839664799403
C_PAWNSTRUCTURE:0.5127506056971574
C_PIECECOORDINATION:0.5629461943180841
C_ROOKANDPAWNMOVEMENT:0.5629461943180841
C_CENTERCONTROL:0.46783038983457254
C_DEVELOPPIECES:0.49437074590876207
C_MATERIAL:0.47064098489398154
