ELO:988
CE_PASSEDPAWNS:0.5826863985317952
CE_PAWNWEAKNESSES:0.5235344207657282
CE_PIECEACTIVITY:0.4652364669109064
CE_KINGPAWNSHIELD:0.43905310744528625
CE_PIECECOORDINATION:0.5447097129124167
CE_MATERIAL:0.3976640263747856
CE_KINGSAFETY:0.5045523257459528
C_PIECESQUARETABLES:0.5023131821414605
C_MOBILITY:0.5445734244578492
C_KINGSAFETY:0.5716956503778291
C_PAWNSTRUCTURE:0.4361413737293819
C_PIECECOORDINATION:0.46103432936485383
C_ROOKANDPAWNMOVEMENT:0.46103432936485383
C_CENTERCONTROL:0.5142528725106569
C_DEVELOPPIECES:0.4471582606897919
C_MATERIAL:0.4518269152822311
