ELO:959
CE_PASSEDPAWNS:0.5467953775668972
CE_PAWNWEAKNESSES:0.5481040726379212
CE_PIECEACTIVITY:0.5024122875339803
CE_KINGPAWNSHIELD:0.5295127548945567
CE_PIECECOORDINATION:0.49257642280129504
CE_MATERIAL:0.507053347380692
CE_KINGSAFETY:0.5
C_PIECESQUARETABLES:0.5
C_MOBILITY:0.48526123344429195
C_KINGSAFETY:0.5050028268622786
C_PAWNSTRUCTURE:0.4933667901990573
C_PIECECOORDINATION:0.4717461359295356
C_ROOKANDPAWNMOVEMENT:0.4717461359295356
C_CENTERCONTROL:0.47341395211139814
C_DEVELOPPIECES:0.5149659708774952
C_MATERIAL:0.5201584906579828
C_MOVECOUNT:0.5
