ELO:990
CE_PASSEDPAWNS:0.40050777495520584
CE_PAWNWEAKNESSES:0.4576304332065111
CE_PIECEACTIVITY:0.5256534381721791
CE_KINGPAWNSHIELD:0.48778194682901593
CE_PIECECOORDINATION:0.5990589164901857
CE_MATERIAL:0.42350071630399677
CE_KINGSAFETY:0.5
C_PIECESQUARETABLES:0.49078384410432047
C_MOBILITY:0.6088220706285413
C_KINGSAFETY:0.5640967580630547
C_PAWNSTRUCTURE:0.6252974550310533
C_PIECECOORDINATION:0.6106923271110358
C_ROOKANDPAWNMOVEMENT:0.6106923271110358
C_CENTERCONTROL:0.38895685937836916
C_DEVELOPPIECES:0.5608206234051077
C_MATERIAL:0.5840507293065954
