ELO:1010
CE_PASSEDPAWNS:0.5
CE_PAWNWEAKNESSES:0.49526360043360773
CE_PIECEACTIVITY:0.5
CE_KINGPAWNSHIELD:0.49835858279898226
CE_PIECECOORDINATION:0.5
CE_MATERIAL:0.510539330108009
CE_KINGSAFETY:0.5
C_PIECESQUARETABLES:0.4983992457028091
C_MOBILITY:0.5043238498953178
C_KINGSAFETY:0.5015084467813297
C_PAWNSTRUCTURE:0.5
C_PIECECOORDINATION:0.5
C_ROOKANDPAWNMOVEMENT:0.5
C_CENTERCONTROL:0.4973650911533458
C_DEVELOPPIECES:0.4980211313547956
C_MATERIAL:0.511310402491442
