ELO:1082
CE_PASSEDPAWNS:0.4955273104592464
CE_PAWNWEAKNESSES:0.4842631040916708
CE_PIECEACTIVITY:0.47907011340525874
CE_KINGPAWNSHIELD:0.5068540187535086
CE_PIECECOORDINATION:0.5
CE_MATERIAL:0.48755275926830105
CE_KINGSAFETY:0.5
C_PIECESQUARETABLES:0.5
C_MOBILITY:0.5449041839869
C_KINGSAFETY:0.5
C_PAWNSTRUCTURE:0.51178020923408
C_PIECECOORDINATION:0.5210789240236054
C_ROOK:0.48960068424671976
CE_ROOK:0.5080424662482982
C_CENTERCONTROL:0.5
C_DEVELOPPIECES:0.539108871080059
C_MATERIAL:0.4729796226216417
C_MOVECOUNT:0.48987931154882625
C_PAWNMOVEMENT:0.5049870011267442
