ELO:887
CE_PASSEDPAWNS:0.5205332915746436
CE_PAWNWEAKNESSES:0.4815858740493992
CE_PIECEACTIVITY:0.4679358051798356
CE_KINGPAWNSHIELD:0.5910470912269217
CE_PIECECOORDINATION:0.5137357122895628
CE_MATERIAL:0.46265079311392304
CE_KINGSAFETY:0.5066317583295744
C_PIECESQUARETABLES:0.504651158462702
C_MOBILITY:0.5044912954654547
C_KINGSAFETY:0.3883457704645965
C_PAWNSTRUCTURE:0.4996599902852421
C_PIECECOORDINATION:0.5710661778758355
C_ROOKANDPAWNMOVEMENT:0.5710661778758355
C_CENTERCONTROL:0.4711982341175999
C_DEVELOPPIECES:0.48871609257687376
C_MATERIAL:0.44878466497343744
