ELO:1064
CE_PASSEDPAWNS:0.5023498298700007
CE_PAWNWEAKNESSES:0.5101304147258322
CE_PIECEACTIVITY:0.5016266317876139
CE_KINGPAWNSHIELD:0.49593712777323334
CE_PIECECOORDINATION:0.5080308433606796
CE_MATERIAL:0.4981089047036181
CE_KINGSAFETY:0.5
C_PIECESQUARETABLES:0.5
C_MOBILITY:0.4882012949921861
C_KINGSAFETY:0.5168036488374377
C_PAWNSTRUCTURE:0.5195972582034951
C_PIECECOORDINATION:0.5323051446557503
C_ROOK:0.49956361153595036
CE_ROOK:0.4981899573446161
C_CENTERCONTROL:0.4852912214027281
C_DEVELOPPIECES:0.4787920258108393
C_MATERIAL:0.5066462544311117
C_MOVECOUNT:0.49110702908087334
C_PAWNMOVEMENT:0.48715733345721796
