ELO:991
CE_PASSEDPAWNS:0.525464330829893
CE_PAWNWEAKNESSES:0.4755012417502156
CE_PIECEACTIVITY:0.5014024689092036
CE_KINGPAWNSHIELD:0.5030571267066213
CE_PIECECOORDINATION:0.49622963179823426
CE_MATERIAL:0.5107168111450335
CE_KINGSAFETY:0.47190212356857514
C_PIECESQUARETABLES:0.5026400140341396
C_MOBILITY:0.5039698440731912
C_KINGSAFETY:0.48443906358532796
C_PAWNSTRUCTURE:0.5061505066893418
C_PIECECOORDINATION:0.48439839900673526
C_ROOKANDPAWNMOVEMENT:0.48439839900673526
C_CENTERCONTROL:0.4735589544201826
C_DEVELOPPIECES:0.5097592013738586
C_MATERIAL:0.5045305862042629
C_MOVECOUNT:0.5
