ELO:990
CE_PASSEDPAWNS:0.45219741941909253
CE_PAWNWEAKNESSES:0.5353509108459815
CE_PIECEACTIVITY:0.49735413377676013
CE_KINGPAWNSHIELD:0.46922688344635294
CE_PIECECOORDINATION:0.4930945492937679
CE_MATERIAL:0.613492615225549
CE_KINGSAFETY:0.5212962530725992
C_PIECESQUARETABLES:0.5257516639327339
C_MOBILITY:0.508091602799387
C_KINGSAFETY:0.5819554909381184
C_PAWNSTRUCTURE:0.5555589217926502
C_PIECECOORDINATION:0.5136653927250026
C_ROOKANDPAWNMOVEMENT:0.5136653927250026
C_CENTERCONTROL:0.523031809819104
C_DEVELOPPIECES:0.5060229368679138
C_MATERIAL:0.541649162967983
