ELO:1023
CE_PASSEDPAWNS:0.5107094453990239
CE_PAWNWEAKNESSES:0.49684026511337964
CE_PIECEACTIVITY:0.48854762414782416
CE_KINGPAWNSHIELD:0.49959333238038367
CE_PIECECOORDINATION:0.5022958067214339
CE_MATERIAL:0.5011334257322061
CE_KINGSAFETY:0.5
C_PIECESQUARETABLES:0.5
C_MOBILITY:0.5176320924884253
C_KINGSAFETY:0.48966126462828063
C_PAWNSTRUCTURE:0.5062333264723871
C_PIECECOORDINATION:0.5206880657465078
C_ROOKANDPAWNMOVEMENT:0.5206880657465078
C_CENTERCONTROL:0.5066541922571762
C_DEVELOPPIECES:0.514758518718268
C_MATERIAL:0.49923350388631776
C_MOVECOUNT:0.49617049408750574
