ELO:1006
CE_PASSEDPAWNS:0.4632553827494533
CE_PAWNWEAKNESSES:0.483415461790615
CE_PIECEACTIVITY:0.5054269034939335
CE_KINGPAWNSHIELD:0.48801044114110864
CE_PIECECOORDINATION:0.45940476837782396
CE_MATERIAL:0.49772630847706006
CE_KINGSAFETY:0.5
C_PIECESQUARETABLES:0.5
C_MOBILITY:0.5164581125171444
C_KINGSAFETY:0.48911729326956044
C_PAWNSTRUCTURE:0.5024571490482777
C_PIECECOORDINATION:0.49880658112518755
C_ROOK:0.5057630929773514
CE_ROOK:0.5131704461704223
C_CENTERCONTROL:0.5356153810659864
C_DEVELOPPIECES:0.4961452687840419
C_MATERIAL:0.4837412608299341
C_MOVECOUNT:0.4908997420402082
C_PAWNMOVEMENT:0.5278017375887827
