ELO:976
CE_PASSEDPAWNS:0.4788694374285955
CE_PAWNWEAKNESSES:0.5417696900555852
CE_PIECEACTIVITY:0.5226784247137107
CE_KINGPAWNSHIELD:0.5379388680162072
CE_PIECECOORDINATION:0.5029992794663124
CE_MATERIAL:0.4831388265599491
CE_KINGSAFETY:0.4769593061089378
C_PIECESQUARETABLES:0.5211541356033524
C_MOBILITY:0.5068115804472355
C_KINGSAFETY:0.5510101357757673
C_PAWNSTRUCTURE:0.48269324461937824
C_PIECECOORDINATION:0.43324314246939566
C_ROOKANDPAWNMOVEMENT:0.43324314246939566
C_CENTERCONTROL:0.6059601828683333
C_DEVELOPPIECES:0.5230730759209385
C_MATERIAL:0.5201412139395994
C_MOVECOUNT:0.544081236235424
