ELO:780
CE_PASSEDPAWNS:0.4457235269937731
CE_PAWNWEAKNESSES:0.5150056472796648
CE_PIECEACTIVITY:0.4419632874098761
CE_KINGPAWNSHIELD:0.43435623913160254
CE_PIECECOORDINATION:0.5259631124151984
CE_MATERIAL:0.5002804355447372
CE_KINGSAFETY:0.49832289200147345
C_PIECESQUARETABLES:0.503589620441712
C_MOBILITY:0.5124639076854038
C_KINGSAFETY:0.5226725118902061
C_PAWNSTRUCTURE:0.5130928738034062
C_PIECECOORDINATION:0.49033027850499095
C_ROOKANDPAWNMOVEMENT:0.49033027850499095
C_CENTERCONTROL:0.5381636357644218
C_DEVELOPPIECES:0.4679791806058044
C_MATERIAL:0.5599076393729961
C_MOVECOUNT:0.5
