ELO:1002
CE_PASSEDPAWNS:0.5
CE_PAWNWEAKNESSES:0.49871541681542647
CE_PIECEACTIVITY:0.508737180584381
CE_KINGPAWNSHIELD:0.4838031946479812
CE_PIECECOORDINATION:0.5299917154937523
CE_MATERIAL:0.4848576888408148
CE_KINGSAFETY:0.5
C_PIECESQUARETABLES:0.5
C_MOBILITY:0.5011119542381912
C_KINGSAFETY:0.5
C_PAWNSTRUCTURE:0.5130126103360457
C_PIECECOORDINATION:0.5051143122912318
C_ROOKANDPAWNMOVEMENT:0.5051143122912318
C_CENTERCONTROL:0.5041398842171395
C_DEVELOPPIECES:0.4836010868411453
C_MATERIAL:0.4824677998414435
C_MOVECOUNT:0.5036525475035208
