ELO:1009
CE_PASSEDPAWNS:0.5027230560981786
CE_PAWNWEAKNESSES:0.4758549934309976
CE_PIECEACTIVITY:0.5044483528572965
CE_KINGPAWNSHIELD:0.4973917718002567
CE_PIECECOORDINATION:0.5009093622375294
CE_MATERIAL:0.5098457914445861
CE_KINGSAFETY:0.5
C_PIECESQUARETABLES:0.5
C_MOBILITY:0.48209560630350645
C_KINGSAFETY:0.5138213943043263
C_PAWNSTRUCTURE:0.5197885429922712
C_PIECECOORDINATION:0.5147520835346416
C_ROOK:0.5000151810501162
CE_ROOK:0.5465382772098452
C_CENTERCONTROL:0.4797949178573378
C_DEVELOPPIECES:0.47782947764943645
C_MATERIAL:0.49088206620205865
C_MOVECOUNT:0.5063024472324568
C_PAWNMOVEMENT:0.48444180846960017
