ELO:988
CE_PASSEDPAWNS:0.5
CE_PAWNWEAKNESSES:0.49157115340244284
CE_PIECEACTIVITY:0.5
CE_KINGPAWNSHIELD:0.5005960998378376
CE_PIECECOORDINATION:0.5
CE_MATERIAL:0.49033869213395165
CE_KINGSAFETY:0.498645056016583
C_PIECESQUARETABLES:0.5
C_MOBILITY:0.5
C_KINGSAFETY:0.5
C_PAWNSTRUCTURE:0.5
C_PIECECOORDINATION:0.5
C_ROOKANDPAWNMOVEMENT:0.5
C_CENTERCONTROL:0.5
C_DEVELOPPIECES:0.5
C_MATERIAL:0.5029260236759436
C_MOVECOUNT:0.49238825732092345
