ELO:1034
CE_PASSEDPAWNS:0.5159582111715216
CE_PAWNWEAKNESSES:0.43874787753408656
CE_PIECEACTIVITY:0.4757132825725757
CE_KINGPAWNSHIELD:0.47730155231522853
CE_PIECECOORDINATION:0.45418027690279134
CE_MATERIAL:0.44062021500203624
CE_KINGSAFETY:0.513458747949027
C_PIECESQUARETABLES:0.5164660815829882
C_MOBILITY:0.5727070361313277
C_KINGSAFETY:0.5878946833999377
C_PAWNSTRUCTURE:0.504672773086015
C_PIECECOORDINATION:0.5018292544183833
C_ROOKANDPAWNMOVEMENT:0.5018292544183833
C_CENTERCONTROL:0.5185626244835413
C_DEVELOPPIECES:0.5054152146519241
C_MATERIAL:0.390919085648725
