ELO:756
CE_PASSEDPAWNS:0.49028505080924867
CE_PAWNWEAKNESSES:0.47974056191386943
CE_PIECEACTIVITY:0.41937945080180034
CE_KINGPAWNSHIELD:0.3852641446666944
CE_PIECECOORDINATION:0.5983403379850389
CE_MATERIAL:0.4882184422868503
CE_KINGSAFETY:0.49189430422505115
C_PIECESQUARETABLES:0.5
C_MOBILITY:0.5737276857044754
C_KINGSAFETY:0.5641602310195448
C_PAWNSTRUCTURE:0.4793884205477246
C_PIECECOORDINATION:0.5268839488806724
C_ROOKANDPAWNMOVEMENT:0.5268839488806724
C_CENTERCONTROL:0.4594337595094538
C_DEVELOPPIECES:0.4922529019111715
C_MATERIAL:0.617141268593939
C_MOVECOUNT:0.4945770398552183
