ELO:990
CE_PASSEDPAWNS:0.399707010934364
CE_PAWNWEAKNESSES:0.4449176979510626
CE_PIECEACTIVITY:0.5071613102601884
CE_KINGPAWNSHIELD:0.4899903558601494
CE_PIECECOORDINATION:0.6092782055877115
CE_MATERIAL:0.41237886705497595
CE_KINGSAFETY:0.4893012066296873
C_PIECESQUARETABLES:0.5121406741775654
C_MOBILITY:0.6106431556756368
C_KINGSAFETY:0.5735797694907562
C_PAWNSTRUCTURE:0.6258749164433197
C_PIECECOORDINATION:0.6193917876477523
C_ROOKANDPAWNMOVEMENT:0.6193917876477523
C_CENTERCONTROL:0.38895685937836916
C_DEVELOPPIECES:0.5528173797779841
C_MATERIAL:0.5857145267725407
