ELO:1050
CE_PASSEDPAWNS:0.5718876362281508
CE_PAWNWEAKNESSES:0.49979730276839146
CE_PIECEACTIVITY:0.40316532384929604
CE_KINGPAWNSHIELD:0.5444522290573259
CE_PIECECOORDINATION:0.5684565618590547
CE_MATERIAL:0.41165349124594175
CE_KINGSAFETY:0.5133309537523547
C_PIECESQUARETABLES:0.4838185504796021
C_MOBILITY:0.651793576435184
C_KINGSAFETY:0.5541407120875715
C_PAWNSTRUCTURE:0.5547391149211344
C_PIECECOORDINATION:0.49746237814923977
C_ROOKANDPAWNMOVEMENT:0.49746237814923977
C_CENTERCONTROL:0.6360443080309477
C_DEVELOPPIECES:0.5013016154100823
C_MATERIAL:0.4168301567471307
