ELO:1013
CE_PASSEDPAWNS:0.4908227906667299
CE_PAWNWEAKNESSES:0.5085554893798061
CE_PIECEACTIVITY:0.5021453969900513
CE_KINGPAWNSHIELD:0.5070615653123848
CE_PIECECOORDINATION:0.48033366618608303
CE_MATERIAL:0.5087584990758984
CE_KINGSAFETY:0.5092079663394947
C_PIECESQUARETABLES:0.5037962127026493
C_MOBILITY:0.5065276034026169
C_KINGSAFETY:0.4764381731410812
C_PAWNSTRUCTURE:0.5175893163227536
C_PIECECOORDINATION:0.5099582952662511
C_ROOKANDPAWNMOVEMENT:0.5099582952662511
C_CENTERCONTROL:0.48856322476675174
C_DEVELOPPIECES:0.5
C_MATERIAL:0.5
C_MOVECOUNT:0.5
