ELO:961
CE_PASSEDPAWNS:0.4919400992924181
CE_PAWNWEAKNESSES:0.45753908675987287
CE_PIECEACTIVITY:0.47695881684933505
CE_KINGPAWNSHIELD:0.5081599254705373
CE_PIECECOORDINATION:0.47241335711600324
CE_MATERIAL:0.402763592214918
CE_KINGSAFETY:0.49468946149730214
C_PIECESQUARETABLES:0.5138186790918097
C_MOBILITY:0.5453039505910394
C_KINGSAFETY:0.6141612017190802
C_PAWNSTRUCTURE:0.4903468518419207
C_PIECECOORDINATION:0.44378669724447545
C_ROOKANDPAWNMOVEMENT:0.44378669724447545
C_CENTERCONTROL:0.6494141386113016
C_DEVELOPPIECES:0.4923320693428989
C_MATERIAL:0.6480006401927535
