ELO:1009
CE_PASSEDPAWNS:0.5246544712513653
CE_PAWNWEAKNESSES:0.5112779314619631
CE_PIECEACTIVITY:0.48312591596718785
CE_KINGPAWNSHIELD:0.5223091071042263
CE_PIECECOORDINATION:0.5009093622375294
CE_MATERIAL:0.5098457914445861
CE_KINGSAFETY:0.5
C_PIECESQUARETABLES:0.5
C_MOBILITY:0.5050819751964495
C_KINGSAFETY:0.4540954444205863
C_PAWNSTRUCTURE:0.4894187503603023
C_PIECECOORDINATION:0.4549572441180041
C_ROOK:0.4955225921970349
CE_ROOK:0.49173339792315435
C_CENTERCONTROL:0.5043067833774971
C_DEVELOPPIECES:0.5077780893406347
C_MATERIAL:0.47370363161998413
C_MOVECOUNT:0.4855472504276063
C_PAWNMOVEMENT:0.5079621491419254
