ELO:999
CE_PASSEDPAWNS:0.5
CE_PAWNWEAKNESSES:0.49332983856140883
CE_PIECEACTIVITY:0.5072613942543419
CE_KINGPAWNSHIELD:0.5
CE_PIECECOORDINATION:0.5058039122356364
CE_MATERIAL:0.5062856584528214
CE_KINGSAFETY:0.5
C_PIECESQUARETABLES:0.5
C_MOBILITY:0.5055486156910424
C_KINGSAFETY:0.5068314304137996
C_PAWNSTRUCTURE:0.500603934589647
C_PIECECOORDINATION:0.5062604555684037
C_ROOK:0.4964602878967001
CE_ROOK:0.5102031362256239
C_CENTERCONTROL:0.4891746643234787
C_DEVELOPPIECES:0.5049119378958494
C_MATERIAL:0.5040220829809056
C_MOVECOUNT:0.4888932448959347
C_PAWNMOVEMENT:0.4790855617042807
