ELO:994
CE_PASSEDPAWNS:0.48680801548163527
CE_PAWNWEAKNESSES:0.5041852802899994
CE_PIECEACTIVITY:0.49753062268778275
CE_KINGPAWNSHIELD:0.48676071068464893
CE_PIECECOORDINATION:0.5137592112046714
CE_MATERIAL:0.5047063137866324
CE_KINGSAFETY:0.4899571264729601
C_PIECESQUARETABLES:0.5082519797927204
C_MOBILITY:0.49770720688126713
C_KINGSAFETY:0.48538577874009803
C_PAWNSTRUCTURE:0.512625621014363
C_PIECECOORDINATION:0.48508120829751
C_ROOKANDPAWNMOVEMENT:0.48508120829751
C_CENTERCONTROL:0.5041496976624376
C_DEVELOPPIECES:0.5208178458165454
C_MATERIAL:0.4960085268723775
C_MOVECOUNT:0.5
