ELO:1022
CE_PASSEDPAWNS:0.5138731349787817
CE_PAWNWEAKNESSES:0.5101043998491279
CE_PIECEACTIVITY:0.48192327502881066
CE_KINGPAWNSHIELD:0.5117670508613658
CE_PIECECOORDINATION:0.5017789695501722
CE_MATERIAL:0.5098457914445861
CE_KINGSAFETY:0.5
C_PIECESQUARETABLES:0.5
C_MOBILITY:0.5014640266235872
C_KINGSAFETY:0.5138213943043263
C_PAWNSTRUCTURE:0.5197885429922712
C_PIECECOORDINATION:0.5109883289375442
C_ROOK:0.49420521844694215
CE_ROOK:0.481273291951512
C_CENTERCONTROL:0.5153936630648578
C_DEVELOPPIECES:0.5035537695140523
C_MATERIAL:0.49088206620205865
C_MOVECOUNT:0.5
C_PAWNMOVEMENT:0.47987234053637556
