ELO:950
CE_PASSEDPAWNS:0.5100982097710616
CE_PAWNWEAKNESSES:0.41409564748651273
CE_PIECEACTIVITY:0.46058068809744396
CE_KINGPAWNSHIELD:0.538443150969955
CE_PIECECOORDINATION:0.5844534968171106
CE_MATERIAL:0.5450224714102783
CE_KINGSAFETY:0.5
C_PIECESQUARETABLES:0.5
C_MOBILITY:0.6266307597813231
C_KINGSAFETY:0.5188046138661232
C_PAWNSTRUCTURE:0.5117309508471879
C_PIECECOORDINATION:0.5940449574630327
C_ROOKANDPAWNMOVEMENT:0.5940449574630327
C_CENTERCONTROL:0.5419081515997246
C_DEVELOPPIECES:0.4262195422799493
C_MATERIAL:0.622840321325036
