ELO:1000
CE_PASSEDPAWNS:0.4790385700387598
CE_PAWNWEAKNESSES:0.5238766364571198
CE_PIECEACTIVITY:0.5278522720726689
CE_KINGPAWNSHIELD:0.5112164677201058
CE_PIECECOORDINATION:0.4836559910380568
CE_MATERIAL:0.4897193981238427
CE_KINGSAFETY:0.5093781630071009
C_PIECESQUARETABLES:0.49032509452640316
C_MOBILITY:0.49759713648352477
C_KINGSAFETY:0.5019579452112732
C_PAWNSTRUCTURE:0.511843595927213
C_PIECECOORDINATION:0.5048801449541436
C_ROOKANDPAWNMOVEMENT:0.5048801449541436
C_CENTERCONTROL:0.4833071967602533
C_DEVELOPPIECES:0.5099593875149462
C_MATERIAL:0.4907315858971443
