ELO:791
CE_PASSEDPAWNS:0.4331965529725602
CE_PAWNWEAKNESSES:0.617189119575321
CE_PIECEACTIVITY:0.5553878995998002
CE_KINGPAWNSHIELD:0.477208425667172
CE_PIECECOORDINATION:0.48992434702703547
CE_MATERIAL:0.6600571542429906
CE_KINGSAFETY:0.5125638347672238
C_PIECESQUARETABLES:0.49847543528000166
C_MOBILITY:0.4759830388215597
C_KINGSAFETY:0.5325912955089321
C_PAWNSTRUCTURE:0.45023285838397487
C_PIECECOORDINATION:0.39408270413300056
C_ROOKANDPAWNMOVEMENT:0.39408270413300056
C_CENTERCONTROL:0.5293062207124106
C_DEVELOPPIECES:0.343646577548527
C_MATERIAL:0.45218314398520754
C_MOVECOUNT:0.4892750130211073
