ELO:988
CE_PASSEDPAWNS:0.4579615978590137
CE_PAWNWEAKNESSES:0.5487115596773957
CE_PIECEACTIVITY:0.4888805020048678
CE_KINGPAWNSHIELD:0.499274779211787
CE_PIECECOORDINATION:0.48823872269518603
CE_MATERIAL:0.5794475908686157
CE_KINGSAFETY:0.4896403483529272
C_PIECESQUARETABLES:0.5434640358156055
C_MOBILITY:0.49824423139743973
C_KINGSAFETY:0.5149131568834947
C_PAWNSTRUCTURE:0.5851040245905658
C_PIECECOORDINATION:0.5037505418353926
C_ROOKANDPAWNMOVEMENT:0.5037505418353926
C_CENTERCONTROL:0.4991840222831374
C_DEVELOPPIECES:0.49461714087034353
C_MATERIAL:0.5464900922781011
