ELO:987
CE_PASSEDPAWNS:0.4958985866853638
CE_PAWNWEAKNESSES:0.5
CE_PIECEACTIVITY:0.516546191313618
CE_KINGPAWNSHIELD:0.5
CE_PIECECOORDINATION:0.4908715712117223
CE_MATERIAL:0.49706483919540795
CE_KINGSAFETY:0.49415225007423536
C_PIECESQUARETABLES:0.5024629110238809
C_MOBILITY:0.5043959174863868
C_KINGSAFETY:0.5077083211813148
C_PAWNSTRUCTURE:0.4965532476200529
C_PIECECOORDINATION:0.5052449729266302
C_ROOKANDPAWNMOVEMENT:0.5052449729266302
C_CENTERCONTROL:0.4979511011812769
C_DEVELOPPIECES:0.4903048942123224
C_MATERIAL:0.4973994594506032
