ELO:990
CE_PASSEDPAWNS:0.4631799336360439
CE_PAWNWEAKNESSES:0.5344270689310567
CE_PIECEACTIVITY:0.4779903243065482
CE_KINGPAWNSHIELD:0.49109744776971376
CE_PIECECOORDINATION:0.498306639491368
CE_MATERIAL:0.5932566712419572
CE_KINGSAFETY:0.5016116985829672
C_PIECESQUARETABLES:0.5093099839949966
C_MOBILITY:0.4969140127461117
C_KINGSAFETY:0.5250427490496531
C_PAWNSTRUCTURE:0.5804681939782109
C_PIECECOORDINATION:0.5015136847820337
C_ROOKANDPAWNMOVEMENT:0.5015136847820337
C_CENTERCONTROL:0.517879781314444
C_DEVELOPPIECES:0.5053467353315836
C_MATERIAL:0.5507148845731712
