ELO:1000
CE_PASSEDPAWNS:0.491985748824064
CE_PAWNWEAKNESSES:0.5239789721511893
CE_PIECEACTIVITY:0.5065389764316746
CE_KINGPAWNSHIELD:0.5197134502376128
CE_PIECECOORDINATION:0.4917196637818897
CE_MATERIAL:0.4966975795993487
CE_KINGSAFETY:0.5065263086186401
C_PIECESQUARETABLES:0.49032509452640316
C_MOBILITY:0.5031695500377763
C_KINGSAFETY:0.5
C_PAWNSTRUCTURE:0.5082275016513139
C_PIECECOORDINATION:0.5103566966335062
C_ROOKANDPAWNMOVEMENT:0.5103566966335062
C_CENTERCONTROL:0.49005177781568
C_DEVELOPPIECES:0.501401191957425
C_MATERIAL:0.49267461860495104
