ELO:1054
CE_PASSEDPAWNS:0.442778421640529
CE_PAWNWEAKNESSES:0.486533391277349
CE_PIECEACTIVITY:0.4738257662449022
CE_KINGPAWNSHIELD:0.5036131754061384
CE_PIECECOORDINATION:0.45002483751863387
CE_MATERIAL:0.42755133271902196
CE_KINGSAFETY:0.5133309537523547
C_PIECESQUARETABLES:0.5042252821029721
C_MOBILITY:0.5452259809661169
C_KINGSAFETY:0.5475608124083989
C_PAWNSTRUCTURE:0.5472721461625651
C_PIECECOORDINATION:0.49746237814923977
C_ROOKANDPAWNMOVEMENT:0.49746237814923977
C_CENTERCONTROL:0.5860893986353549
C_DEVELOPPIECES:0.5034004472324135
C_MATERIAL:0.3922314395020307
