ELO:1003
CE_PASSEDPAWNS:0.501573030139073
CE_PAWNWEAKNESSES:0.5093753577208673
CE_PIECEACTIVITY:0.49753062268778275
CE_KINGPAWNSHIELD:0.48676071068464893
CE_PIECECOORDINATION:0.47516810240881435
CE_MATERIAL:0.5089206300138286
CE_KINGSAFETY:0.481959250133533
C_PIECESQUARETABLES:0.5082519797927204
C_MOBILITY:0.49770720688126713
C_KINGSAFETY:0.503661675475461
C_PAWNSTRUCTURE:0.5
C_PIECECOORDINATION:0.45923972311535516
C_ROOKANDPAWNMOVEMENT:0.45923972311535516
C_CENTERCONTROL:0.4959745651856188
C_DEVELOPPIECES:0.5022806013909342
C_MATERIAL:0.4960085268723775
C_MOVECOUNT:0.5
