ELO:814
CE_PASSEDPAWNS:0.4872725094787337
CE_PAWNWEAKNESSES:0.5082268901892509
CE_PIECEACTIVITY:0.5021503611960041
CE_KINGPAWNSHIELD:0.4992424179492827
CE_PIECECOORDINATION:0.48721578181034386
CE_MATERIAL:0.4180278561104003
CE_KINGSAFETY:0.5041536620823898
C_PIECESQUARETABLES:0.5014021180133784
C_MOBILITY:0.45052883652978837
C_KINGSAFETY:0.6078602305423672
C_PAWNSTRUCTURE:0.6201913067702195
C_PIECECOORDINATION:0.44124647437130854
C_ROOKANDPAWNMOVEMENT:0.44124647437130854
C_CENTERCONTROL:0.42064270294963385
C_DEVELOPPIECES:0.5377905540593652
C_MATERIAL:0.5950962834741966
