ELO:756
CE_PASSEDPAWNS:0.49943532237417926
CE_PAWNWEAKNESSES:0.4712100653585411
CE_PIECEACTIVITY:0.41375678619582207
CE_KINGPAWNSHIELD:0.38595715118036455
CE_PIECECOORDINATION:0.5902912652689494
CE_MATERIAL:0.496627128504567
CE_KINGSAFETY:0.49347513675074234
C_PIECESQUARETABLES:0.507661116686944
C_MOBILITY:0.5635991218840352
C_KINGSAFETY:0.5597641391562375
C_PAWNSTRUCTURE:0.4821985596312951
C_PIECECOORDINATION:0.5174465209674993
C_ROOKANDPAWNMOVEMENT:0.5174465209674993
C_CENTERCONTROL:0.4859677129487835
C_DEVELOPPIECES:0.5302613238461664
C_MATERIAL:0.6233861056973363
C_MOVECOUNT:0.5346270790197837
