ELO:1018
CE_PASSEDPAWNS:0.4632553827494533
CE_PAWNWEAKNESSES:0.483415461790615
CE_PIECEACTIVITY:0.5054269034939335
CE_KINGPAWNSHIELD:0.5259888257878387
CE_PIECECOORDINATION:0.5
CE_MATERIAL:0.5234843884097562
CE_KINGSAFETY:0.5
C_PIECESQUARETABLES:0.5
C_MOBILITY:0.5164581125171444
C_KINGSAFETY:0.48911729326956044
C_PAWNSTRUCTURE:0.5024571490482777
C_PIECECOORDINATION:0.49880658112518755
C_ROOK:0.4592540197753857
CE_ROOK:0.5020078863354348
C_CENTERCONTROL:0.5356153810659864
C_DEVELOPPIECES:0.4961452687840419
C_MATERIAL:0.4837412608299341
C_MOVECOUNT:0.5030960188704372
C_PAWNMOVEMENT:0.5278017375887827
