ELO:944
CE_PASSEDPAWNS:0.47726510835516545
CE_PAWNWEAKNESSES:0.5
CE_PIECEACTIVITY:0.45859273803042794
CE_KINGPAWNSHIELD:0.4694339118219629
CE_PIECECOORDINATION:0.5051631162307214
CE_MATERIAL:0.48949401981261653
CE_KINGSAFETY:0.5339693611535883
C_PIECESQUARETABLES:0.5
C_MOBILITY:0.5358147365435271
C_KINGSAFETY:0.4945586675461192
C_PAWNSTRUCTURE:0.49373748945457785
C_PIECECOORDINATION:0.47570390468768714
C_ROOKANDPAWNMOVEMENT:0.47570390468768714
C_CENTERCONTROL:0.513552361204556
C_DEVELOPPIECES:0.47284467920386575
C_MATERIAL:0.5564443315854284
C_MOVECOUNT:0.5
