ELO:1003
CE_PASSEDPAWNS:0.48887116102432654
CE_PAWNWEAKNESSES:0.502507698738974
CE_PIECEACTIVITY:0.5084753267229781
CE_KINGPAWNSHIELD:0.4929758484547815
CE_PIECECOORDINATION:0.4953147165888198
CE_MATERIAL:0.5121239755084155
CE_KINGSAFETY:0.49304449061871203
C_PIECESQUARETABLES:0.49905568606721745
C_MOBILITY:0.5
C_KINGSAFETY:0.5280336428640423
C_PAWNSTRUCTURE:0.5119372256730341
C_PIECECOORDINATION:0.4916235097418079
C_ROOKANDPAWNMOVEMENT:0.4916235097418079
C_CENTERCONTROL:0.48092394867543653
C_DEVELOPPIECES:0.5089420737176198
C_MATERIAL:0.5370549228190806
C_MOVECOUNT:0.5
