ELO:958
CE_PASSEDPAWNS:0.399707010934364
CE_PAWNWEAKNESSES:0.5159804433344081
CE_PIECEACTIVITY:0.5149984699983181
CE_KINGPAWNSHIELD:0.4969112771905379
CE_PIECECOORDINATION:0.4502399956338441
CE_MATERIAL:0.4064360667437218
CE_KINGSAFETY:0.49630623694466847
C_PIECESQUARETABLES:0.5121406741775654
C_MOBILITY:0.4973584749904264
C_KINGSAFETY:0.5742475742575268
C_PAWNSTRUCTURE:0.5006281247243053
C_PIECECOORDINATION:0.5350567576815112
C_ROOKANDPAWNMOVEMENT:0.5350567576815112
C_CENTERCONTROL:0.3676952865574265
C_DEVELOPPIECES:0.5528173797779841
C_MATERIAL:0.5733169669585156
