ELO:953
CE_PASSEDPAWNS:0.5076978957743249
CE_PAWNWEAKNESSES:0.5599399678985881
CE_PIECEACTIVITY:0.5115176338359544
CE_KINGPAWNSHIELD:0.4718013014648412
CE_PIECECOORDINATION:0.5585805763117688
CE_MATERIAL:0.4926454362637205
CE_KINGSAFETY:0.48253961080422314
C_PIECESQUARETABLES:0.5008047415731666
C_MOBILITY:0.5016330125405327
C_KINGSAFETY:0.48060215567183895
C_PAWNSTRUCTURE:0.5003854258573981
C_PIECECOORDINATION:0.533486633996734
C_ROOKANDPAWNMOVEMENT:0.533486633996734
C_CENTERCONTROL:0.47984025186801116
C_DEVELOPPIECES:0.5156010968264668
C_MATERIAL:0.6186704437941237
