ELO:1003
CE_PASSEDPAWNS:0.49318009983413225
CE_PAWNWEAKNESSES:0.4960053946106098
CE_PIECEACTIVITY:0.4996157051673918
CE_KINGPAWNSHIELD:0.5267511725719263
CE_PIECECOORDINATION:0.49095379935293487
CE_MATERIAL:0.5185532909095287
CE_KINGSAFETY:0.49145953659069463
C_PIECESQUARETABLES:0.5
C_MOBILITY:0.5115171251516146
C_KINGSAFETY:0.5168036488374377
C_PAWNSTRUCTURE:0.5002885947249716
C_PIECECOORDINATION:0.5064126572242699
C_ROOK:0.49887149732454117
CE_ROOK:0.4967726377850701
C_CENTERCONTROL:0.5138805772355112
C_DEVELOPPIECES:0.5149028448848842
C_MATERIAL:0.5221270365789384
C_MOVECOUNT:0.49294661647875043
C_PAWNMOVEMENT:0.480759499790023
