ELO:1019
CE_PASSEDPAWNS:0.49321698212850085
CE_PAWNWEAKNESSES:0.5116065626173442
CE_PIECEACTIVITY:0.5070586195703659
CE_KINGPAWNSHIELD:0.5
CE_PIECECOORDINATION:0.5
CE_MATERIAL:0.4962974332198511
CE_KINGSAFETY:0.48989104083208546
C_PIECESQUARETABLES:0.48482439829355467
C_MOBILITY:0.4998028424993514
C_KINGSAFETY:0.5
C_PAWNSTRUCTURE:0.5
C_PIECECOORDINATION:0.495655876055179
C_ROOKANDPAWNMOVEMENT:0.495655876055179
C_CENTERCONTROL:0.5
C_DEVELOPPIECES:0.5038628301030613
C_MATERIAL:0.5
C_MOVECOUNT:0.5
