ELO:984
CE_PASSEDPAWNS:0.48058975765427975
CE_PAWNWEAKNESSES:0.5
CE_PIECEACTIVITY:0.5068550069602561
CE_KINGPAWNSHIELD:0.4938711372145902
CE_PIECECOORDINATION:0.4897874656793697
CE_MATERIAL:0.502733976281027
CE_KINGSAFETY:0.5
C_PIECESQUARETABLES:0.4880352701655447
C_MOBILITY:0.5136014586271503
C_KINGSAFETY:0.49363265905872444
C_PAWNSTRUCTURE:0.49316531395015883
C_PIECECOORDINATION:0.5
C_ROOKANDPAWNMOVEMENT:0.5
C_CENTERCONTROL:0.4957007099529771
C_DEVELOPPIECES:0.4966385841332951
C_MATERIAL:0.5061014412309561
