ELO:989
CE_PASSEDPAWNS:0.5183426270832615
CE_PAWNWEAKNESSES:0.5009967320258657
CE_PIECEACTIVITY:0.49160117964293376
CE_KINGPAWNSHIELD:0.5214719627553477
CE_PIECECOORDINATION:0.5050075192592172
CE_MATERIAL:0.45647599549486023
CE_KINGSAFETY:0.5
C_PIECESQUARETABLES:0.5
C_MOBILITY:0.4932626104315095
C_KINGSAFETY:0.5080210108582089
C_PAWNSTRUCTURE:0.45254515097650766
C_PIECECOORDINATION:0.5224818566120074
C_ROOK:0.49887149732454117
CE_ROOK:0.49393603822296267
C_CENTERCONTROL:0.5201641232324601
C_DEVELOPPIECES:0.5149028448848842
C_MATERIAL:0.5221270365789384
C_MOVECOUNT:0.4676428540608036
C_PAWNMOVEMENT:0.47468417962757986
