ELO:965
CE_PASSEDPAWNS:0.4794450241588136
CE_PAWNWEAKNESSES:0.4956318767541468
CE_PIECEACTIVITY:0.4727658550972411
CE_KINGPAWNSHIELD:0.5355337606826646
CE_PIECECOORDINATION:0.4963680333946525
CE_MATERIAL:0.5176102980181854
CE_KINGSAFETY:0.5001101877637574
C_PIECESQUARETABLES:0.4976412313456129
C_MOBILITY:0.49820123428650903
C_KINGSAFETY:0.4859733384074695
C_PAWNSTRUCTURE:0.4956607395568837
C_PIECECOORDINATION:0.48347109228996954
C_ROOKANDPAWNMOVEMENT:0.48347109228996954
C_CENTERCONTROL:0.49118964321049974
C_DEVELOPPIECES:0.47482499290980346
C_MATERIAL:0.5399564653167065
C_MOVECOUNT:0.4814524612507821
