ELO:986
CE_PASSEDPAWNS:0.4669059855216663
CE_PAWNWEAKNESSES:0.5489017768014562
CE_PIECEACTIVITY:0.5059206054928937
CE_KINGPAWNSHIELD:0.4840634936761575
CE_PIECECOORDINATION:0.49457918493017494
CE_MATERIAL:0.5743584543277374
CE_KINGSAFETY:0.5116009399022354
C_PIECESQUARETABLES:0.4968478889760008
C_MOBILITY:0.4931944321758809
C_KINGSAFETY:0.49642515991343217
C_PAWNSTRUCTURE:0.5645756295393486
C_PIECECOORDINATION:0.5280722586959281
C_ROOKANDPAWNMOVEMENT:0.5280722586959281
C_CENTERCONTROL:0.516881168803608
C_DEVELOPPIECES:0.484961492941551
C_MATERIAL:0.6009874535428248
