ELO:1009
CE_PASSEDPAWNS:0.5027230560981786
CE_PAWNWEAKNESSES:0.5101043998491279
CE_PIECEACTIVITY:0.5044483528572965
CE_KINGPAWNSHIELD:0.4752415700233207
CE_PIECECOORDINATION:0.5009093622375294
CE_MATERIAL:0.5098457914445861
CE_KINGSAFETY:0.5
C_PIECESQUARETABLES:0.5
C_MOBILITY:0.48209560630350645
C_KINGSAFETY:0.5138213943043263
C_PAWNSTRUCTURE:0.5197885429922712
C_PIECECOORDINATION:0.5237433802912844
C_ROOK:0.4651365318984273
CE_ROOK:0.481273291951512
C_CENTERCONTROL:0.46592307703464025
C_DEVELOPPIECES:0.5035537695140523
C_MATERIAL:0.49088206620205865
C_MOVECOUNT:0.5063024472324568
C_PAWNMOVEMENT:0.48444180846960017
