ELO:1000
CE_PASSEDPAWNS:0.46497039195656514
CE_PAWNWEAKNESSES:0.5372977299336944
CE_PIECEACTIVITY:0.49939834387295534
CE_KINGPAWNSHIELD:0.4984517052118238
CE_PIECECOORDINATION:0.4951837496859512
CE_MATERIAL:0.45853537760063856
CE_KINGSAFETY:0.5067781463523692
C_PIECESQUARETABLES:0.4827864621908012
C_MOBILITY:0.5151194372175404
C_KINGSAFETY:0.5188526305964272
C_PAWNSTRUCTURE:0.4944443102949022
C_PIECECOORDINATION:0.48926432090331495
C_ROOKANDPAWNMOVEMENT:0.48926432090331495
C_CENTERCONTROL:0.44377474078569157
C_DEVELOPPIECES:0.4640487431526592
C_MATERIAL:0.5081388495906964
