ELO:990
CE_PASSEDPAWNS:0.456235534708375
CE_PAWNWEAKNESSES:0.5360070084803893
CE_PIECEACTIVITY:0.5099458172412665
CE_KINGPAWNSHIELD:0.46672356153464767
CE_PIECECOORDINATION:0.48147198072285224
CE_MATERIAL:0.5754493451338795
CE_KINGSAFETY:0.5169667454123155
C_PIECESQUARETABLES:0.5415838927581733
C_MOBILITY:0.5010296307256925
C_KINGSAFETY:0.5464564311656808
C_PAWNSTRUCTURE:0.5700589839069099
C_PIECECOORDINATION:0.49563100081608175
C_ROOKANDPAWNMOVEMENT:0.49563100081608175
C_CENTERCONTROL:0.5336239178577156
C_DEVELOPPIECES:0.504863222576708
C_MATERIAL:0.5387854315627622
