ELO:1059
CE_PASSEDPAWNS:0.5222267129789422
CE_PAWNWEAKNESSES:0.5046422954316496
CE_PIECEACTIVITY:0.431127104197333
CE_KINGPAWNSHIELD:0.4732305834243692
CE_PIECECOORDINATION:0.5748706983698917
CE_MATERIAL:0.4785550111252898
CE_KINGSAFETY:0.5
C_PIECESQUARETABLES:0.5
C_MOBILITY:0.5609158844977064
C_KINGSAFETY:0.5558218218528597
C_PAWNSTRUCTURE:0.5377722380333291
C_PIECECOORDINATION:0.5031960238929707
C_ROOKANDPAWNMOVEMENT:0.5031960238929707
C_CENTERCONTROL:0.5112637921646583
C_DEVELOPPIECES:0.464302331748555
C_MATERIAL:0.41241937310112153
