ELO:958
CE_PASSEDPAWNS:0.48151162896302285
CE_PAWNWEAKNESSES:0.4852174953581695
CE_PIECEACTIVITY:0.5564642236686833
CE_KINGPAWNSHIELD:0.5606009522503806
CE_PIECECOORDINATION:0.4803006788801784
CE_MATERIAL:0.3864492021838943
CE_KINGSAFETY:0.5583740850528591
C_PIECESQUARETABLES:0.49570911869580503
C_MOBILITY:0.4368557215431115
C_KINGSAFETY:0.515677968625645
C_PAWNSTRUCTURE:0.49689806067513864
C_PIECECOORDINATION:0.4836813678463026
C_ROOKANDPAWNMOVEMENT:0.4836813678463026
C_CENTERCONTROL:0.5405474748644074
C_DEVELOPPIECES:0.3950066309256781
C_MATERIAL:0.5514360756167227
