ELO:917
CE_PASSEDPAWNS:0.4738573964698201
CE_PAWNWEAKNESSES:0.48915191652796025
CE_PIECEACTIVITY:0.4920641995365647
CE_KINGPAWNSHIELD:0.4642596862860126
CE_PIECECOORDINATION:0.5257497751838588
CE_MATERIAL:0.4944509427191705
CE_KINGSAFETY:0.5093873123974338
C_PIECESQUARETABLES:0.4912211911728456
C_MOBILITY:0.48754800244429247
C_KINGSAFETY:0.5332584434314289
C_PAWNSTRUCTURE:0.4948287576257565
C_PIECECOORDINATION:0.5224292444738204
C_ROOKANDPAWNMOVEMENT:0.5224292444738204
C_CENTERCONTROL:0.5229180941116338
C_DEVELOPPIECES:0.5015008266940688
C_MATERIAL:0.4998177971355683
C_MOVECOUNT:0.5
