ELO:1027
CE_PASSEDPAWNS:0.4952200342755845
CE_PAWNWEAKNESSES:0.5100662614335795
CE_PIECEACTIVITY:0.5051143571212406
CE_KINGPAWNSHIELD:0.5092266144124342
CE_PIECECOORDINATION:0.5114664345765811
CE_MATERIAL:0.50183024906627
CE_KINGSAFETY:0.5
C_PIECESQUARETABLES:0.5297119447678881
C_MOBILITY:0.4977967223912186
C_KINGSAFETY:0.501116036208802
C_PAWNSTRUCTURE:0.514958549981128
C_PIECECOORDINATION:0.5
C_ROOKANDPAWNMOVEMENT:0.5
C_CENTERCONTROL:0.5046667905576174
C_DEVELOPPIECES:0.4799487017602996
C_MATERIAL:0.5025273148322343
C_MOVECOUNT:0.5204914363815915
