ELO:979
CE_PASSEDPAWNS:0.48721984633104926
CE_PAWNWEAKNESSES:0.5364954004388383
CE_PIECEACTIVITY:0.48151232563153784
CE_KINGPAWNSHIELD:0.48040969874915557
CE_PIECECOORDINATION:0.47528352373398364
CE_MATERIAL:0.5620424493202865
CE_KINGSAFETY:0.5
C_PIECESQUARETABLES:0.499355144151445
C_MOBILITY:0.4743492609013428
C_KINGSAFETY:0.500396514473237
C_PAWNSTRUCTURE:0.5451500510672243
C_PIECECOORDINATION:0.5368407905632153
C_ROOKANDPAWNMOVEMENT:0.5368407905632153
C_CENTERCONTROL:0.4930837309405879
C_DEVELOPPIECES:0.4945609889648018
C_MATERIAL:0.6038417244184615
