ELO:992
CE_PASSEDPAWNS:0.5178404477610676
CE_PAWNWEAKNESSES:0.5608199954455354
CE_PIECEACTIVITY:0.47084617972266773
CE_KINGPAWNSHIELD:0.4764387847478165
CE_PIECECOORDINATION:0.5211327384548321
CE_MATERIAL:0.417202955007294
CE_KINGSAFETY:0.49872064853754444
C_PIECESQUARETABLES:0.5012949941446257
C_MOBILITY:0.570258227838497
C_KINGSAFETY:0.5153540272729082
C_PAWNSTRUCTURE:0.5055832721642287
C_PIECECOORDINATION:0.4868510565437185
C_ROOKANDPAWNMOVEMENT:0.4868510565437185
C_CENTERCONTROL:0.5182688998978021
C_DEVELOPPIECES:0.47700595889691655
C_MATERIAL:0.506882224283852
