ELO:955
CE_PASSEDPAWNS:0.500682354121414
CE_PAWNWEAKNESSES:0.548700434248678
CE_PIECEACTIVITY:0.500319027614659
CE_KINGPAWNSHIELD:0.4779151934219757
CE_PIECECOORDINATION:0.5585805763117688
CE_MATERIAL:0.4926454362637205
CE_KINGSAFETY:0.48253961080422314
C_PIECESQUARETABLES:0.5021667151013508
C_MOBILITY:0.5016330125405327
C_KINGSAFETY:0.4882081346244731
C_PAWNSTRUCTURE:0.5003854258573981
C_PIECECOORDINATION:0.5238706672865434
C_ROOKANDPAWNMOVEMENT:0.5238706672865434
C_CENTERCONTROL:0.47984025186801116
C_DEVELOPPIECES:0.5156010968264668
C_MATERIAL:0.6178326659149802
