ELO:1000
CE_PASSEDPAWNS:0.4667970708079422
CE_PAWNWEAKNESSES:0.514882248569695
CE_PIECEACTIVITY:0.49722234773248575
CE_KINGPAWNSHIELD:0.4900586551973055
CE_PIECECOORDINATION:0.4944908752789082
CE_MATERIAL:0.46450207312034136
CE_KINGSAFETY:0.5164002272603123
C_PIECESQUARETABLES:0.4820899186887522
C_MOBILITY:0.4938735608811171
C_KINGSAFETY:0.521077783278696
C_PAWNSTRUCTURE:0.49876345130162864
C_PIECECOORDINATION:0.4963508576765716
C_ROOKANDPAWNMOVEMENT:0.4963508576765716
C_CENTERCONTROL:0.43200310193770086
C_DEVELOPPIECES:0.49324180411368107
C_MATERIAL:0.5012807539597777
