ELO:1079
CE_PASSEDPAWNS:0.5286349654662806
CE_PAWNWEAKNESSES:0.5942385255537602
CE_PIECEACTIVITY:0.466895427356736
CE_KINGPAWNSHIELD:0.5453239208561943
CE_PIECECOORDINATION:0.5018972865324888
CE_MATERIAL:0.4517613566555027
CE_KINGSAFETY:0.5
C_PIECESQUARETABLES:0.5
C_MOBILITY:0.537270422028948
C_KINGSAFETY:0.4875493829777033
C_PAWNSTRUCTURE:0.47346563515752116
C_PIECECOORDINATION:0.5887071019309874
C_ROOKANDPAWNMOVEMENT:0.5887071019309874
C_CENTERCONTROL:0.4142805872686891
C_DEVELOPPIECES:0.4940958756864275
C_MATERIAL:0.4257165687524671
