ELO:967
CE_PASSEDPAWNS:0.4779137333745393
CE_PAWNWEAKNESSES:0.5256046307810404
CE_PIECEACTIVITY:0.4683267027960148
CE_KINGPAWNSHIELD:0.4991800036921439
CE_PIECECOORDINATION:0.4827662526666919
CE_MATERIAL:0.5699943924146998
CE_KINGSAFETY:0.5132664877223625
C_PIECESQUARETABLES:0.48871034656064494
C_MOBILITY:0.4786888969317121
C_KINGSAFETY:0.500396514473237
C_PAWNSTRUCTURE:0.538067648754797
C_PIECECOORDINATION:0.5422788641360796
C_ROOKANDPAWNMOVEMENT:0.5422788641360796
C_CENTERCONTROL:0.4970689466707537
C_DEVELOPPIECES:0.48842369446720085
C_MATERIAL:0.6026571729430901
