ELO:968
CE_PASSEDPAWNS:0.5096844240633478
CE_PAWNWEAKNESSES:0.46032589904387705
CE_PIECEACTIVITY:0.47419366916310135
CE_KINGPAWNSHIELD:0.48655406505904053
CE_PIECECOORDINATION:0.5214289663597527
CE_MATERIAL:0.4684814074428132
CE_KINGSAFETY:0.49609207098234487
C_PIECESQUARETABLES:0.4789208359307277
C_MOBILITY:0.4916548023256388
C_KINGSAFETY:0.5024937113060876
C_PAWNSTRUCTURE:0.4919519773019549
C_PIECECOORDINATION:0.5047530319594348
C_ROOKANDPAWNMOVEMENT:0.5047530319594348
C_CENTERCONTROL:0.5041398842171395
C_DEVELOPPIECES:0.4836010868411453
C_MATERIAL:0.4824677998414435
C_MOVECOUNT:0.510446103948757
