ELO:999
CE_PASSEDPAWNS:0.5231699248844857
CE_PAWNWEAKNESSES:0.5011385985573431
CE_PIECEACTIVITY:0.5078560757332157
CE_KINGPAWNSHIELD:0.4855328685164068
CE_PIECECOORDINATION:0.4839924821075707
CE_MATERIAL:0.4932357279639293
CE_KINGSAFETY:0.4885094396255187
C_PIECESQUARETABLES:0.5
C_MOBILITY:0.47970461746795423
C_KINGSAFETY:0.5062588819830283
C_PAWNSTRUCTURE:0.5022338424382897
C_PIECECOORDINATION:0.5
C_ROOKANDPAWNMOVEMENT:0.5
C_CENTERCONTROL:0.5016729894231823
C_DEVELOPPIECES:0.494262032170653
C_MATERIAL:0.5066664690606757
