ELO:1000
CE_PASSEDPAWNS:0.5149026286577172
CE_PAWNWEAKNESSES:0.501863100628517
CE_PIECEACTIVITY:0.5248957155461824
CE_KINGPAWNSHIELD:0.49462430082432446
CE_PIECECOORDINATION:0.51035634562442
CE_MATERIAL:0.45488155443217443
CE_KINGSAFETY:0.47963154554905446
C_PIECESQUARETABLES:0.5081312548955055
C_MOBILITY:0.5096789286169173
C_KINGSAFETY:0.5333477947499999
C_PAWNSTRUCTURE:0.5041614776729479
C_PIECECOORDINATION:0.5031925299140544
C_ROOKANDPAWNMOVEMENT:0.5031925299140544
C_CENTERCONTROL:0.47597295450978466
C_DEVELOPPIECES:0.4960343767199127
C_MATERIAL:0.5425982555806349
