ELO:1000
CE_PASSEDPAWNS:0.4784270874684718
CE_PAWNWEAKNESSES:0.5402219949546283
CE_PIECEACTIVITY:0.5154277633310198
CE_KINGPAWNSHIELD:0.49346581953628593
CE_PIECECOORDINATION:0.5194474488431148
CE_MATERIAL:0.47717359331174714
CE_KINGSAFETY:0.5050421542810607
C_PIECESQUARETABLES:0.4916480902767781
C_MOBILITY:0.5021527177276579
C_KINGSAFETY:0.5447137892002641
C_PAWNSTRUCTURE:0.447187484568944
C_PIECECOORDINATION:0.5387893318197386
C_ROOKANDPAWNMOVEMENT:0.5387893318197386
C_CENTERCONTROL:0.4588404062132267
C_DEVELOPPIECES:0.5315719990413016
C_MATERIAL:0.4844847665831977
