ELO:1010
CE_PASSEDPAWNS:0.5
CE_PAWNWEAKNESSES:0.5
CE_PIECEACTIVITY:0.4993199321056978
CE_KINGPAWNSHIELD:0.4884504006212529
CE_PIECECOORDINATION:0.5
CE_MATERIAL:0.514888080040671
CE_KINGSAFETY:0.5097519021581126
C_PIECESQUARETABLES:0.4988742571563167
C_MOBILITY:0.5145268665768512
C_KINGSAFETY:0.4875234061574291
C_PAWNSTRUCTURE:0.4893924929975266
C_PIECECOORDINATION:0.5
C_ROOKANDPAWNMOVEMENT:0.5
C_CENTERCONTROL:0.5
C_DEVELOPPIECES:0.4982617695553611
C_MATERIAL:0.5091931279409333
