ELO:1007
CE_PASSEDPAWNS:0.5021179166209763
CE_PAWNWEAKNESSES:0.5149288192932064
CE_PIECEACTIVITY:0.4998941356780834
CE_KINGPAWNSHIELD:0.5107679249380362
CE_PIECECOORDINATION:0.5297466418926724
CE_MATERIAL:0.5
CE_KINGSAFETY:0.49609717957349475
C_PIECESQUARETABLES:0.4992014617085275
C_MOBILITY:0.4961378403432535
C_KINGSAFETY:0.5
C_PAWNSTRUCTURE:0.5
C_PIECECOORDINATION:0.5
C_ROOKANDPAWNMOVEMENT:0.5
C_CENTERCONTROL:0.48341735494626803
C_DEVELOPPIECES:0.4868032577108318
C_MATERIAL:0.49476787934666455
C_MOVECOUNT:0.5
