ELO:982
CE_PASSEDPAWNS:0.4699831254201955
CE_PAWNWEAKNESSES:0.4927731665410845
CE_PIECEACTIVITY:0.4814481218617867
CE_KINGPAWNSHIELD:0.5139610986181848
CE_PIECECOORDINATION:0.537183364261677
CE_MATERIAL:0.5066135159365536
CE_KINGSAFETY:0.5069366817496915
C_PIECESQUARETABLES:0.5186382258678484
C_MOBILITY:0.5168459035836713
C_KINGSAFETY:0.5040492782740488
C_PAWNSTRUCTURE:0.42768207386294355
C_PIECECOORDINATION:0.5633336203176903
C_ROOKANDPAWNMOVEMENT:0.5633336203176903
C_CENTERCONTROL:0.484829690796381
C_DEVELOPPIECES:0.5157390588722263
C_MATERIAL:0.5
C_MOVECOUNT:0.46014047189488777
