ELO:1056
CE_PASSEDPAWNS:0.5013787131414988
CE_PAWNWEAKNESSES:0.4934967799216349
CE_PIECEACTIVITY:0.49702535401778575
CE_KINGPAWNSHIELD:0.5
CE_PIECECOORDINATION:0.503640349052995
CE_MATERIAL:0.5040456915730079
CE_KINGSAFETY:0.5
C_PIECESQUARETABLES:0.5
C_MOBILITY:0.47763626907497486
C_KINGSAFETY:0.5178239702295742
C_PAWNSTRUCTURE:0.4810397474137898
C_PIECECOORDINATION:0.5025087255872847
C_ROOK:0.500771044552258
CE_ROOK:0.49339661021007886
C_CENTERCONTROL:0.5197282966320029
C_DEVELOPPIECES:0.5019174547484602
C_MATERIAL:0.5067994727192402
C_MOVECOUNT:0.509723540237199
C_PAWNMOVEMENT:0.47177221394573227
