ELO:995
CE_PASSEDPAWNS:0.516262816322133
CE_PAWNWEAKNESSES:0.5104494398564898
CE_PIECEACTIVITY:0.5064437601941703
CE_KINGPAWNSHIELD:0.515855518868933
CE_PIECECOORDINATION:0.48149009967784384
CE_MATERIAL:0.483697790077815
CE_KINGSAFETY:0.5088821318863129
C_PIECESQUARETABLES:0.5
C_MOBILITY:0.511146782599002
C_KINGSAFETY:0.4952105763991428
C_PAWNSTRUCTURE:0.5057447524143742
C_PIECECOORDINATION:0.48457943991324554
C_ROOKANDPAWNMOVEMENT:0.48457943991324554
C_CENTERCONTROL:0.5093221646712439
C_DEVELOPPIECES:0.5204325318795715
C_MATERIAL:0.493384295092263
C_MOVECOUNT:0.5059918600679776
