ELO:988
CE_PASSEDPAWNS:0.5
CE_PAWNWEAKNESSES:0.48548560108394173
CE_PIECEACTIVITY:0.5061345896802938
CE_KINGPAWNSHIELD:0.5132648208966114
CE_PIECECOORDINATION:0.48883839500583287
CE_MATERIAL:0.5116853821236661
CE_KINGSAFETY:0.5084263968227296
C_PIECESQUARETABLES:0.4916575288030646
C_MOBILITY:0.5090014995606535
C_KINGSAFETY:0.49364535317474745
C_PAWNSTRUCTURE:0.4961264087014993
C_PIECECOORDINATION:0.5051708150166501
C_ROOK:0.5
CE_ROOK:0.5
C_CENTERCONTROL:0.5027369528340047
C_DEVELOPPIECES:0.5136058608623247
C_MATERIAL:0.48676313826089246
C_MOVECOUNT:0.5041837375122532
C_PAWNMOVEMENT:0.4875750921097032
