ELO:1000
CE_PASSEDPAWNS:0.44037023937801933
CE_PAWNWEAKNESSES:0.5167055475429412
CE_PIECEACTIVITY:0.5002588919597497
CE_KINGPAWNSHIELD:0.487553458650796
CE_PIECECOORDINATION:0.517800069929938
CE_MATERIAL:0.5028868149146452
CE_KINGSAFETY:0.5042414070057314
C_PIECESQUARETABLES:0.5106904373683029
C_MOBILITY:0.49392529680673825
C_KINGSAFETY:0.5252696962331564
C_PAWNSTRUCTURE:0.49744255186092495
C_PIECECOORDINATION:0.5331702857692814
C_ROOKANDPAWNMOVEMENT:0.5331702857692814
C_CENTERCONTROL:0.5043160304390619
C_DEVELOPPIECES:0.5125432676102232
C_MATERIAL:0.48611549412567806
