ELO:1009
CE_PASSEDPAWNS:0.4864936178964253
CE_PAWNWEAKNESSES:0.5
CE_PIECEACTIVITY:0.5449022043246524
CE_KINGPAWNSHIELD:0.5456154405025809
CE_PIECECOORDINATION:0.45787155773489346
CE_MATERIAL:0.5010813735763364
CE_KINGSAFETY:0.5
C_PIECESQUARETABLES:0.5
C_MOBILITY:0.47753918233060155
C_KINGSAFETY:0.5316703811205317
C_PAWNSTRUCTURE:0.48441085114102267
C_PIECECOORDINATION:0.5213573656448819
C_ROOKANDPAWNMOVEMENT:0.5213573656448819
C_CENTERCONTROL:0.49649418434852305
C_DEVELOPPIECES:0.5112600506353134
C_MATERIAL:0.5
C_MOVECOUNT:0.499039855928921
