ELO:1055
CE_PASSEDPAWNS:0.5086078626992011
CE_PAWNWEAKNESSES:0.5007823580873638
CE_PIECEACTIVITY:0.5100890023247386
CE_KINGPAWNSHIELD:0.49795435638811325
CE_PIECECOORDINATION:0.4990128937947933
CE_MATERIAL:0.5169957844604913
CE_KINGSAFETY:0.5
C_PIECESQUARETABLES:0.5
C_MOBILITY:0.471753631585008
C_KINGSAFETY:0.479614052768268
C_PAWNSTRUCTURE:0.49886089381198834
C_PIECECOORDINATION:0.5196892275294726
C_ROOK:0.5357322013222873
CE_ROOK:0.485503642279331
C_CENTERCONTROL:0.5035731574394081
C_DEVELOPPIECES:0.494324250607125
C_MATERIAL:0.5085119268006085
C_MOVECOUNT:0.48163558042647137
C_PAWNMOVEMENT:0.5068568556343356
