ELO:1013
CE_PASSEDPAWNS:0.41828257884316317
CE_PAWNWEAKNESSES:0.5489863359321003
CE_PIECEACTIVITY:0.4428997381960304
CE_KINGPAWNSHIELD:0.46848208291007115
CE_PIECECOORDINATION:0.4606107667651164
CE_MATERIAL:0.49050793737750814
CE_KINGSAFETY:0.47017909390841767
C_PIECESQUARETABLES:0.5896126659033447
C_MOBILITY:0.4821858779126058
C_KINGSAFETY:0.5098952654926089
C_PAWNSTRUCTURE:0.6420034172491432
C_PIECECOORDINATION:0.4901290053349751
C_ROOKANDPAWNMOVEMENT:0.4901290053349751
C_CENTERCONTROL:0.43066777505037235
C_DEVELOPPIECES:0.48744967708425585
C_MATERIAL:0.5555915312898784
