ELO:990
CE_PASSEDPAWNS:0.39792981371987557
CE_PAWNWEAKNESSES:0.46012477885377634
CE_PIECEACTIVITY:0.5167454979549229
CE_KINGPAWNSHIELD:0.4969112771905379
CE_PIECECOORDINATION:0.6114667280799047
CE_MATERIAL:0.40921561049310107
CE_KINGSAFETY:0.5
C_PIECESQUARETABLES:0.5073486163291333
C_MOBILITY:0.607914623859799
C_KINGSAFETY:0.5625718522031207
C_PAWNSTRUCTURE:0.6228900090357796
C_PIECECOORDINATION:0.6135308168497035
C_ROOKANDPAWNMOVEMENT:0.6135308168497035
C_CENTERCONTROL:0.3852356588848949
C_DEVELOPPIECES:0.5608206234051077
C_MATERIAL:0.5860511022612617
