ELO:954
CE_PASSEDPAWNS:0.5332507708654624
CE_PAWNWEAKNESSES:0.557419031318581
CE_PIECEACTIVITY:0.52343344443432
CE_KINGPAWNSHIELD:0.46869315521776594
CE_PIECECOORDINATION:0.5622394496985899
CE_MATERIAL:0.4450980015988215
CE_KINGSAFETY:0.498464462100678
C_PIECESQUARETABLES:0.5271614145276294
C_MOBILITY:0.49258618218155376
C_KINGSAFETY:0.5497390554732388
C_PAWNSTRUCTURE:0.528618486130686
C_PIECECOORDINATION:0.5253165842431655
C_ROOKANDPAWNMOVEMENT:0.5253165842431655
C_CENTERCONTROL:0.45506879939180694
C_DEVELOPPIECES:0.5011086848458856
C_MATERIAL:0.48261553645584415
