ELO:928
CE_PASSEDPAWNS:0.4647588907782525
CE_PAWNWEAKNESSES:0.5800799958762213
CE_PIECEACTIVITY:0.550466118072713
CE_KINGPAWNSHIELD:0.5244750443565322
CE_PIECECOORDINATION:0.5513900629853072
CE_MATERIAL:0.42494562091774657
CE_KINGSAFETY:0.5153031884388078
C_PIECESQUARETABLES:0.5096821224329795
C_MOBILITY:0.4890583574376918
C_KINGSAFETY:0.42829559564179687
C_PAWNSTRUCTURE:0.4499482061319324
C_PIECECOORDINATION:0.4634560630852491
C_ROOKANDPAWNMOVEMENT:0.4634560630852491
C_CENTERCONTROL:0.4138191763473307
C_DEVELOPPIECES:0.4393511947470247
C_MATERIAL:0.46917767101173324
