ELO:1002
CE_PASSEDPAWNS:0.5
CE_PAWNWEAKNESSES:0.5055506396090632
CE_PIECEACTIVITY:0.5014924059239291
CE_KINGPAWNSHIELD:0.5
CE_PIECECOORDINATION:0.5
CE_MATERIAL:0.504609872110685
CE_KINGSAFETY:0.5
C_PIECESQUARETABLES:0.5
C_MOBILITY:0.4891253783280277
C_KINGSAFETY:0.5061987785778607
C_PAWNSTRUCTURE:0.5043049945115081
C_PIECECOORDINATION:0.49162974515052915
C_ROOKANDPAWNMOVEMENT:0.49162974515052915
C_CENTERCONTROL:0.5019854349951782
C_DEVELOPPIECES:0.4934302577550171
C_MATERIAL:0.48571527239630974
C_MOVECOUNT:0.49430982513446087
