ELO:785
CE_PASSEDPAWNS:0.4464366400148266
CE_PAWNWEAKNESSES:0.3802400748876266
CE_PIECEACTIVITY:0.3599552061404778
CE_KINGPAWNSHIELD:0.4924587211548426
CE_PIECECOORDINATION:0.5404800766245621
CE_MATERIAL:0.4717533248586124
CE_KINGSAFETY:0.47311282070038024
C_PIECESQUARETABLES:0.47584674739251764
C_MOBILITY:0.5476543850336454
C_KINGSAFETY:0.39969336759701524
C_PAWNSTRUCTURE:0.44192010185043484
C_PIECECOORDINATION:0.3679341014051551
C_ROOKANDPAWNMOVEMENT:0.3679341014051551
C_CENTERCONTROL:0.37125564118566556
C_DEVELOPPIECES:0.5246069730706047
C_MATERIAL:0.5037576152137182
