ELO:932
CE_PASSEDPAWNS:0.5097213163743407
CE_PAWNWEAKNESSES:0.5460701383023187
CE_PIECEACTIVITY:0.5337016341000145
CE_KINGPAWNSHIELD:0.5209902910392195
CE_PIECECOORDINATION:0.5394019148852179
CE_MATERIAL:0.42735448888415556
CE_KINGSAFETY:0.49921753111688316
C_PIECESQUARETABLES:0.5107991628055943
C_MOBILITY:0.46645317510167417
C_KINGSAFETY:0.44135666505522636
C_PAWNSTRUCTURE:0.4737746026281123
C_PIECECOORDINATION:0.4935662969252136
C_ROOKANDPAWNMOVEMENT:0.4935662969252136
C_CENTERCONTROL:0.4535234394062646
C_DEVELOPPIECES:0.4336050196720337
C_MATERIAL:0.4467116964166776
