ELO:1000
CE_PASSEDPAWNS:0.5
CE_PAWNWEAKNESSES:0.49305644188016495
CE_PIECEACTIVITY:0.5061345896802938
CE_KINGPAWNSHIELD:0.5093483052901454
CE_PIECECOORDINATION:0.48883839500583287
CE_MATERIAL:0.5116853821236661
CE_KINGSAFETY:0.4904285292430373
C_PIECESQUARETABLES:0.5088586710968542
C_MOBILITY:0.5090014995606535
C_KINGSAFETY:0.5026917661034189
C_PAWNSTRUCTURE:0.4961264087014993
C_PIECECOORDINATION:0.5000624362946373
C_ROOK:0.5
CE_ROOK:0.5
C_CENTERCONTROL:0.5027369528340047
C_DEVELOPPIECES:0.5063460090282283
C_MATERIAL:0.4801789710764427
C_MOVECOUNT:0.5030384628187946
C_PAWNMOVEMENT:0.5
