ELO:990
CE_PASSEDPAWNS:0.3974299510717367
CE_PAWNWEAKNESSES:0.43582649283336783
CE_PIECEACTIVITY:0.5237753168921556
CE_KINGPAWNSHIELD:0.4909448313510854
CE_PIECECOORDINATION:0.5990589164901857
CE_MATERIAL:0.41237886705497595
CE_KINGSAFETY:0.49069322242503205
C_PIECESQUARETABLES:0.5
C_MOBILITY:0.5964803695348339
C_KINGSAFETY:0.5630763271871789
C_PAWNSTRUCTURE:0.6335789025094591
C_PIECECOORDINATION:0.6120622038618423
C_ROOKANDPAWNMOVEMENT:0.6120622038618423
C_CENTERCONTROL:0.3774109307287555
C_DEVELOPPIECES:0.5528173797779841
C_MATERIAL:0.5866536899795093
