ELO:971
CE_PASSEDPAWNS:0.48906432818148116
CE_PAWNWEAKNESSES:0.5178342165607912
CE_PIECEACTIVITY:0.523607844649937
CE_KINGPAWNSHIELD:0.5032241512404526
CE_PIECECOORDINATION:0.5123071737726937
CE_MATERIAL:0.5086627453809798
CE_KINGSAFETY:0.5063029709808194
C_PIECESQUARETABLES:0.5048188743009964
C_MOBILITY:0.48365404443907034
C_KINGSAFETY:0.49824160905656584
C_PAWNSTRUCTURE:0.4878764518656187
C_PIECECOORDINATION:0.4880189677909196
C_ROOKANDPAWNMOVEMENT:0.4880189677909196
C_CENTERCONTROL:0.48482027404451444
C_DEVELOPPIECES:0.49015069969875186
C_MATERIAL:0.4973143374672045
C_MOVECOUNT:0.4953085927025668
