ELO:895
CE_PASSEDPAWNS:0.5637060326985853
CE_PAWNWEAKNESSES:0.5807705062969657
CE_PIECEACTIVITY:0.4462124925515937
CE_KINGPAWNSHIELD:0.4516551024007714
CE_PIECECOORDINATION:0.49373848221260896
CE_MATERIAL:0.5360605741286831
CE_KINGSAFETY:0.5560442931743892
C_PIECESQUARETABLES:0.44321496075421324
C_MOBILITY:0.48993011350546484
C_KINGSAFETY:0.5538274903164341
C_PAWNSTRUCTURE:0.40913524809709695
C_PIECECOORDINATION:0.5563266933817865
C_ROOKANDPAWNMOVEMENT:0.5563266933817865
C_CENTERCONTROL:0.4671042641217986
C_DEVELOPPIECES:0.49391889572822484
C_MATERIAL:0.43658170177450467
C_MOVECOUNT:0.5
