ELO:1047
CE_PASSEDPAWNS:0.5130955025364945
CE_PAWNWEAKNESSES:0.5162263594970332
CE_PIECEACTIVITY:0.45641853827048906
CE_KINGPAWNSHIELD:0.4662986907521495
CE_PIECECOORDINATION:0.5120168469824028
CE_MATERIAL:0.5
CE_KINGSAFETY:0.5
C_PIECESQUARETABLES:0.5
C_MOBILITY:0.4747987292695115
C_KINGSAFETY:0.5042051878248334
C_PAWNSTRUCTURE:0.49886089381198834
C_PIECECOORDINATION:0.5164738090207023
C_ROOK:0.5
CE_ROOK:0.485503642279331
C_CENTERCONTROL:0.5053794469088625
C_DEVELOPPIECES:0.48357526442606574
C_MATERIAL:0.4964541094673097
C_MOVECOUNT:0.5
C_PAWNMOVEMENT:0.5068568556343356
