ELO:881
CE_PASSEDPAWNS:0.5269942065947344
CE_PAWNWEAKNESSES:0.4677057060315898
CE_PIECEACTIVITY:0.5444026028082231
CE_KINGPAWNSHIELD:0.5267000190653706
CE_PIECECOORDINATION:0.516221295919587
CE_MATERIAL:0.49030622443971555
CE_KINGSAFETY:0.4986520111698608
C_PIECESQUARETABLES:0.4450894594365457
C_MOBILITY:0.5797425793084003
C_KINGSAFETY:0.5530899573200436
C_PAWNSTRUCTURE:0.4150964405001079
C_PIECECOORDINATION:0.5277732150526262
C_ROOKANDPAWNMOVEMENT:0.5277732150526262
C_CENTERCONTROL:0.5752663702415014
C_DEVELOPPIECES:0.44092712979343224
C_MATERIAL:0.457921704970346
C_MOVECOUNT:0.5
