ELO:1008
CE_PASSEDPAWNS:0.5049890871068871
CE_PAWNWEAKNESSES:0.5096467951785545
CE_PIECEACTIVITY:0.5118598785547702
CE_KINGPAWNSHIELD:0.5098934112317506
CE_PIECECOORDINATION:0.5
CE_MATERIAL:0.5
CE_KINGSAFETY:0.5
C_PIECESQUARETABLES:0.5
C_MOBILITY:0.5113933499252562
C_KINGSAFETY:0.5
C_PAWNSTRUCTURE:0.49227911731785984
C_PIECECOORDINATION:0.5103819442479943
C_ROOKANDPAWNMOVEMENT:0.5103819442479943
C_CENTERCONTROL:0.5
C_DEVELOPPIECES:0.5119091655841658
C_MATERIAL:0.5036175448965883
