ELO:1019
CE_PASSEDPAWNS:0.5
CE_PAWNWEAKNESSES:0.4882482094212052
CE_PIECEACTIVITY:0.5
CE_KINGPAWNSHIELD:0.5
CE_PIECECOORDINATION:0.5
CE_MATERIAL:0.5
CE_KINGSAFETY:0.5
C_PIECESQUARETABLES:0.5
C_MOBILITY:0.5
C_KINGSAFETY:0.5
C_PAWNSTRUCTURE:0.4982109884553027
C_PIECECOORDINATION:0.5047428311727687
C_ROOKANDPAWNMOVEMENT:0.5047428311727687
C_CENTERCONTROL:0.48951209521226147
C_DEVELOPPIECES:0.5
C_MATERIAL:0.5072721074207905
C_MOVECOUNT:0.5
