ELO:981
CE_PASSEDPAWNS:0.49132537440647367
CE_PAWNWEAKNESSES:0.48310299098099235
CE_PIECEACTIVITY:0.512039854274107
CE_KINGPAWNSHIELD:0.5055528614235288
CE_PIECECOORDINATION:0.4997091442927707
CE_MATERIAL:0.4780055381815175
CE_KINGSAFETY:0.5241225953920933
C_PIECESQUARETABLES:0.5341553210338064
C_MOBILITY:0.5005117900292522
C_KINGSAFETY:0.4952222952500779
C_PAWNSTRUCTURE:0.4863514922116952
C_PIECECOORDINATION:0.517213326403899
C_ROOKANDPAWNMOVEMENT:0.517213326403899
C_CENTERCONTROL:0.5038819781551592
C_DEVELOPPIECES:0.5082907597892317
C_MATERIAL:0.5272340728675144
C_MOVECOUNT:0.5
