ELO:1000
CE_PASSEDPAWNS:0.5178181206314236
CE_PAWNWEAKNESSES:0.5069129264385258
CE_PIECEACTIVITY:0.4762298077846083
CE_KINGPAWNSHIELD:0.5128309854298237
CE_PIECECOORDINATION:0.4949923612463245
CE_MATERIAL:0.48303243901300763
CE_KINGSAFETY:0.5217001530639683
C_PIECESQUARETABLES:0.511192610787655
C_MOBILITY:0.47681043443820337
C_KINGSAFETY:0.5046409422961714
C_PAWNSTRUCTURE:0.511384409990097
C_PIECECOORDINATION:0.4879574919454913
C_ROOKANDPAWNMOVEMENT:0.4879574919454913
C_CENTERCONTROL:0.4870107059791182
C_DEVELOPPIECES:0.5009742232411909
C_MATERIAL:0.5147740899836232
