ELO:938
CE_PASSEDPAWNS:0.5211092949628798
CE_PAWNWEAKNESSES:0.5118733695436603
CE_PIECEACTIVITY:0.4979229842055598
CE_KINGPAWNSHIELD:0.49150140693908745
CE_PIECECOORDINATION:0.4918687749619946
CE_MATERIAL:0.486295250963586
CE_KINGSAFETY:0.5612082476457309
C_PIECESQUARETABLES:0.5388296351973442
C_MOBILITY:0.48295173265282454
C_KINGSAFETY:0.5049087926950176
C_PAWNSTRUCTURE:0.5137979331469887
C_PIECECOORDINATION:0.5194260886600487
C_ROOKANDPAWNMOVEMENT:0.5194260886600487
C_CENTERCONTROL:0.49782800119177156
C_DEVELOPPIECES:0.49536813382218015
C_MATERIAL:0.5221333327921887
C_MOVECOUNT:0.5
