ELO:1000
CE_PASSEDPAWNS:0.5038162921352134
CE_PAWNWEAKNESSES:0.5210967980671578
CE_PIECEACTIVITY:0.48075141002037214
CE_KINGPAWNSHIELD:0.5095920240580868
CE_PIECECOORDINATION:0.49790491514626894
CE_MATERIAL:0.4688502302226828
CE_KINGSAFETY:0.5128269949213388
C_PIECESQUARETABLES:0.512616525653642
C_MOBILITY:0.4925351473520617
C_KINGSAFETY:0.494684771416838
C_PAWNSTRUCTURE:0.508551489661315
C_PIECECOORDINATION:0.5136180170089392
C_ROOKANDPAWNMOVEMENT:0.5136180170089392
C_CENTERCONTROL:0.46944685178888484
C_DEVELOPPIECES:0.5077000020656559
C_MATERIAL:0.5167170775216539
