ELO:1005
CE_PASSEDPAWNS:0.49923176236073086
CE_PAWNWEAKNESSES:0.48706252218042245
CE_PIECEACTIVITY:0.5060445996774061
CE_KINGPAWNSHIELD:0.5070383045562461
CE_PIECECOORDINATION:0.48307064595412075
CE_MATERIAL:0.5580156684893838
CE_KINGSAFETY:0.5
C_PIECESQUARETABLES:0.5049070115639678
C_MOBILITY:0.5212860337408602
C_KINGSAFETY:0.4956446088611064
C_PAWNSTRUCTURE:0.5
C_PIECECOORDINATION:0.48766705665343074
C_ROOKANDPAWNMOVEMENT:0.48766705665343074
C_CENTERCONTROL:0.49632149067400677
C_DEVELOPPIECES:0.4851525374510143
C_MATERIAL:0.492062995706922
C_MOVECOUNT:0.5
