ELO:984
CE_PASSEDPAWNS:0.4564726925870325
CE_PAWNWEAKNESSES:0.5240349771383002
CE_PIECEACTIVITY:0.523020847384099
CE_KINGPAWNSHIELD:0.5
CE_PIECECOORDINATION:0.534049923273838
CE_MATERIAL:0.5010813735763364
CE_KINGSAFETY:0.5
C_PIECESQUARETABLES:0.5254916499917455
C_MOBILITY:0.48172942413301467
C_KINGSAFETY:0.5127233463491858
C_PAWNSTRUCTURE:0.5046195666137633
C_PIECECOORDINATION:0.47276151165128116
C_ROOKANDPAWNMOVEMENT:0.47276151165128116
C_CENTERCONTROL:0.49122498487891625
C_DEVELOPPIECES:0.4917967320594953
C_MATERIAL:0.48868066979825997
C_MOVECOUNT:0.5500202394165297
