ELO:1000
CE_PASSEDPAWNS:0.4519627227308839
CE_PAWNWEAKNESSES:0.5172516499433524
CE_PIECEACTIVITY:0.5004256246271063
CE_KINGPAWNSHIELD:0.49488708369465023
CE_PIECECOORDINATION:0.5240009793682194
CE_MATERIAL:0.5115940010374346
CE_KINGSAFETY:0.4958844356538773
C_PIECESQUARETABLES:0.513666643181948
C_MOBILITY:0.49981565971051733
C_KINGSAFETY:0.5246328970001745
C_PAWNSTRUCTURE:0.500064413606056
C_PIECECOORDINATION:0.5335087750527504
C_ROOKANDPAWNMOVEMENT:0.5335087750527504
C_CENTERCONTROL:0.5082185266572172
C_DEVELOPPIECES:0.5077597416491693
C_MATERIAL:0.46558345238016186
