ELO:1000
CE_PASSEDPAWNS:0.5189562032960656
CE_PAWNWEAKNESSES:0.5029003765105852
CE_PIECEACTIVITY:0.4762298077846083
CE_KINGPAWNSHIELD:0.5082293149910367
CE_PIECECOORDINATION:0.4949923612463245
CE_MATERIAL:0.4722311297282354
CE_KINGSAFETY:0.5217001530639683
C_PIECESQUARETABLES:0.511192610787655
C_MOBILITY:0.47681043443820337
C_KINGSAFETY:0.5019113635353866
C_PAWNSTRUCTURE:0.511384409990097
C_PIECECOORDINATION:0.4879574919454913
C_ROOKANDPAWNMOVEMENT:0.4879574919454913
C_CENTERCONTROL:0.4962131504188821
C_DEVELOPPIECES:0.5025910732968112
C_MATERIAL:0.5096337368232224
