ELO:1020
CE_PASSEDPAWNS:0.4838517114520818
CE_PAWNWEAKNESSES:0.4786811087368064
CE_PIECEACTIVITY:0.5061345896802938
CE_KINGPAWNSHIELD:0.4925285013512147
CE_PIECECOORDINATION:0.5003591470819672
CE_MATERIAL:0.5256228848451041
CE_KINGSAFETY:0.4957500027685976
C_PIECESQUARETABLES:0.502562069011594
C_MOBILITY:0.4984177026253114
C_KINGSAFETY:0.4864501050669436
C_PAWNSTRUCTURE:0.5080793963539373
C_PIECECOORDINATION:0.5024062923218431
C_ROOK:0.5080680340894013
CE_ROOK:0.49313229552724686
C_CENTERCONTROL:0.4984748892862861
C_DEVELOPPIECES:0.5138853617547288
C_MATERIAL:0.48509585717386206
C_MOVECOUNT:0.4939827515543085
C_PAWNMOVEMENT:0.4875750921097032
