ELO:811
CE_PASSEDPAWNS:0.4873199985646077
CE_PAWNWEAKNESSES:0.4243387918514559
CE_PIECEACTIVITY:0.5983600301263989
CE_KINGPAWNSHIELD:0.44738141550314453
CE_PIECECOORDINATION:0.5992235529662985
CE_MATERIAL:0.5247002249037225
CE_KINGSAFETY:0.5
C_PIECESQUARETABLES:0.5279574783934426
C_MOBILITY:0.36836329758800923
C_KINGSAFETY:0.5236997959707751
C_PAWNSTRUCTURE:0.45023285838397487
C_PIECECOORDINATION:0.5090779917276391
C_ROOKANDPAWNMOVEMENT:0.5090779917276391
C_CENTERCONTROL:0.5719849924366864
C_DEVELOPPIECES:0.5326055569191506
C_MATERIAL:0.5
C_MOVECOUNT:0.5014810107265906
