ELO:966
CE_PASSEDPAWNS:0.4918018818223935
CE_PAWNWEAKNESSES:0.5
CE_PIECEACTIVITY:0.5047281354738985
CE_KINGPAWNSHIELD:0.4992995113368332
CE_PIECECOORDINATION:0.49335140841868735
CE_MATERIAL:0.4822073610881488
CE_KINGSAFETY:0.4956672188085179
C_PIECESQUARETABLES:0.5069431464720648
C_MOBILITY:0.5020605598287722
C_KINGSAFETY:0.4699816776666045
C_PAWNSTRUCTURE:0.5094615041730015
C_PIECECOORDINATION:0.5023551051093436
C_ROOKANDPAWNMOVEMENT:0.5023551051093436
C_CENTERCONTROL:0.5102428627931109
C_DEVELOPPIECES:0.4892443772343622
C_MATERIAL:0.492924050628196
C_MOVECOUNT:0.5
