ELO:991
CE_PASSEDPAWNS:0.4844974338866937
CE_PAWNWEAKNESSES:0.5
CE_PIECEACTIVITY:0.5086931560917293
CE_KINGPAWNSHIELD:0.5243593658214623
CE_PIECECOORDINATION:0.4959261231431025
CE_MATERIAL:0.5
CE_KINGSAFETY:0.5
C_PIECESQUARETABLES:0.5
C_MOBILITY:0.5
C_KINGSAFETY:0.47107445992461244
C_PAWNSTRUCTURE:0.5074622845496078
C_PIECECOORDINATION:0.46872094901938427
C_ROOKANDPAWNMOVEMENT:0.46872094901938427
C_CENTERCONTROL:0.5
C_DEVELOPPIECES:0.49511927225869073
C_MATERIAL:0.5048492956346716
C_MOVECOUNT:0.5
