ELO:1171
CE_PASSEDPAWNS:0.5
CE_PAWNWEAKNESSES:0.5
CE_PIECEACTIVITY:0.48608314872715286
CE_KINGPAWNSHIELD:0.5089916107534054
CE_PIECECOORDINATION:0.5104278836793662
CE_MATERIAL:0.5345138918916292
CE_KINGSAFETY:0.5
C_PIECESQUARETABLES:0.5
C_MOBILITY:0.5
C_KINGSAFETY:0.48826985307553
C_PAWNSTRUCTURE:0.5159198244203845
C_PIECECOORDINATION:0.5138827603328362
C_ROOK:0.5177414041264156
CE_ROOK:0.4811678256649255
C_CENTERCONTROL:0.5002605612675087
C_DEVELOPPIECES:0.4631289165320919
C_MATERIAL:0.4729796226216417
C_MOVECOUNT:0.4972319091545409
C_PAWNMOVEMENT:0.47099577499993855
