ELO:505
CE_PASSEDPAWNS:0.5044410888487468
CE_PAWNWEAKNESSES:0.45747226626269644
CE_PIECEACTIVITY:0.49098262889216365
CE_KINGPAWNSHIELD:0.6472929239268249
CE_PIECECOORDINATION:0.6369752801314753
CE_MATERIAL:0.4426627990528272
CE_KINGSAFETY:0.5
C_PIECESQUARETABLES:0.4933077900072316
C_MOBILITY:0.4507882783320986
C_KINGSAFETY:0.6081095666679421
C_PAWNSTRUCTURE:0.6399369179839581
C_PIECECOORDINATION:0.4503110287590615
C_ROOKANDPAWNMOVEMENT:0.4503110287590615
C_CENTERCONTROL:0.49830549819899733
C_DEVELOPPIECES:0.4429617227238153
C_MATERIAL:0.44653223458746927
C_MOVECOUNT:0.5
