ELO:1000
CE_PASSEDPAWNS:0.4784075047954891
CE_PAWNWEAKNESSES:0.4581728714557963
CE_PIECEACTIVITY:0.4807151664295138
CE_KINGPAWNSHIELD:0.497356335397516
CE_PIECECOORDINATION:0.5253265540431286
CE_MATERIAL:0.5146459992086235
CE_KINGSAFETY:0.5021999483717995
C_PIECESQUARETABLES:0.49694873958103136
C_MOBILITY:0.5086224019420973
C_KINGSAFETY:0.5009094089443359
C_PAWNSTRUCTURE:0.4878211934103967
C_PIECECOORDINATION:0.515706544192784
C_ROOKANDPAWNMOVEMENT:0.515706544192784
C_CENTERCONTROL:0.49077364631213927
C_DEVELOPPIECES:0.45154951953922373
C_MATERIAL:0.5012613503344973
