ELO:1082
CE_PASSEDPAWNS:0.4537608041474794
CE_PAWNWEAKNESSES:0.484315602427769
CE_PIECEACTIVITY:0.48777840661659194
CE_KINGPAWNSHIELD:0.4194799385075637
CE_PIECECOORDINATION:0.5321997013783706
CE_MATERIAL:0.4662253447731471
CE_KINGSAFETY:0.5
C_PIECESQUARETABLES:0.5
C_MOBILITY:0.4270418382870468
C_KINGSAFETY:0.4819884736971897
C_PAWNSTRUCTURE:0.4816098248101227
C_PIECECOORDINATION:0.48523663730595346
C_ROOKANDPAWNMOVEMENT:0.48523663730595346
C_CENTERCONTROL:0.49311698435155293
C_DEVELOPPIECES:0.5815650065707242
C_MATERIAL:0.4073474203952967
