ELO:975
CE_PASSEDPAWNS:0.45771774179877794
CE_PAWNWEAKNESSES:0.5990745032952153
CE_PIECEACTIVITY:0.504205108667354
CE_KINGPAWNSHIELD:0.5669508323109625
CE_PIECECOORDINATION:0.42425845133564155
CE_MATERIAL:0.5961346654285948
CE_KINGSAFETY:0.504262896084493
C_PIECESQUARETABLES:0.5128794478646835
C_MOBILITY:0.4502004599685431
C_KINGSAFETY:0.5012812337603455
C_PAWNSTRUCTURE:0.41865254809318075
C_PIECECOORDINATION:0.5107659783274126
C_ROOKANDPAWNMOVEMENT:0.5107659783274126
C_CENTERCONTROL:0.49981955148618307
C_DEVELOPPIECES:0.5362378395435721
C_MATERIAL:0.4558630236169606
