ELO:576
CE_PASSEDPAWNS:0.516530757736358
CE_PAWNWEAKNESSES:0.43954628181275884
CE_PIECEACTIVITY:0.496001270942939
CE_KINGPAWNSHIELD:0.6569471309896087
CE_PIECECOORDINATION:0.6353863098905067
CE_MATERIAL:0.4289867095279644
CE_KINGSAFETY:0.4613483404346604
C_PIECESQUARETABLES:0.47762362491435223
C_MOBILITY:0.4613306790449678
C_KINGSAFETY:0.6159778477001431
C_PAWNSTRUCTURE:0.6334996635461859
C_PIECECOORDINATION:0.4427899081657787
C_ROOKANDPAWNMOVEMENT:0.4427899081657787
C_CENTERCONTROL:0.5134739020836749
C_DEVELOPPIECES:0.46147818233085336
C_MATERIAL:0.44870459309460603
C_MOVECOUNT:0.5072860754286516
