ELO:938
CE_PASSEDPAWNS:0.3861674854620412
CE_PAWNWEAKNESSES:0.5731326380849637
CE_PIECEACTIVITY:0.4766291285813908
CE_KINGPAWNSHIELD:0.5541151841990711
CE_PIECECOORDINATION:0.43717414430433654
CE_MATERIAL:0.5711621463871436
CE_KINGSAFETY:0.518399136287475
C_PIECESQUARETABLES:0.5302495440590016
C_MOBILITY:0.42250492422855646
C_KINGSAFETY:0.508572952846312
C_PAWNSTRUCTURE:0.3782831667106494
C_PIECECOORDINATION:0.5055059427169927
C_ROOKANDPAWNMOVEMENT:0.5055059427169927
C_CENTERCONTROL:0.45838776384484925
C_DEVELOPPIECES:0.5327918366604765
C_MATERIAL:0.43468754861446185
