ELO:728
CE_PASSEDPAWNS:0.469039274057084
CE_PAWNWEAKNESSES:0.4935352971594179
CE_PIECEACTIVITY:0.4573841813342056
CE_KINGPAWNSHIELD:0.583602294804701
CE_PIECECOORDINATION:0.5352102220250943
CE_MATERIAL:0.4867160587049524
CE_KINGSAFETY:0.48170712470788707
C_PIECESQUARETABLES:0.5112700866277193
C_MOBILITY:0.48921406193790007
C_KINGSAFETY:0.5804109553048723
C_PAWNSTRUCTURE:0.5963089590532402
C_PIECECOORDINATION:0.5162569899892757
C_ROOKANDPAWNMOVEMENT:0.5162569899892757
C_CENTERCONTROL:0.5158950086562016
C_DEVELOPPIECES:0.4712040527145279
C_MATERIAL:0.5155612668347002
C_MOVECOUNT:0.5
