ELO:867
CE_PASSEDPAWNS:0.47992506994310424
CE_PAWNWEAKNESSES:0.47033375539757416
CE_PIECEACTIVITY:0.4601929960797808
CE_KINGPAWNSHIELD:0.5709845880588925
CE_PIECECOORDINATION:0.4917951175313844
CE_MATERIAL:0.49311919000050464
CE_KINGSAFETY:0.47935868831596584
C_PIECESQUARETABLES:0.5339190363423862
C_MOBILITY:0.47633894045743974
C_KINGSAFETY:0.5811940899326643
C_PAWNSTRUCTURE:0.5352293633028183
C_PIECECOORDINATION:0.49568479903687557
C_ROOKANDPAWNMOVEMENT:0.49568479903687557
C_CENTERCONTROL:0.5005897810772599
C_DEVELOPPIECES:0.49969085155048054
C_MATERIAL:0.5775337673911385
C_MOVECOUNT:0.5
