ELO:982
CE_PASSEDPAWNS:0.4778775246407327
CE_PAWNWEAKNESSES:0.5213397840654657
CE_PIECEACTIVITY:0.5177673133942698
CE_KINGPAWNSHIELD:0.47553927789317674
CE_PIECECOORDINATION:0.5573160672301315
CE_MATERIAL:0.4716261027642622
CE_KINGSAFETY:0.49397868072949713
C_PIECESQUARETABLES:0.48902717854416344
C_MOBILITY:0.5178074665505891
C_KINGSAFETY:0.5499553010667966
C_PAWNSTRUCTURE:0.512588317366626
C_PIECECOORDINATION:0.5359130647619642
C_ROOK:0.5426140210063214
CE_ROOK:0.5035547391877903
C_CENTERCONTROL:0.5122596979888903
C_DEVELOPPIECES:0.4862027422442436
C_MATERIAL:0.4732252231773733
C_MOVECOUNT:0.4891104888535709
C_PAWNMOVEMENT:0.4832878211660598
