ELO:930
CE_PASSEDPAWNS:0.39634282023278555
CE_PAWNWEAKNESSES:0.5744225961497681
CE_PIECEACTIVITY:0.4865299226323994
CE_KINGPAWNSHIELD:0.5461615487252481
CE_PIECECOORDINATION:0.41111965261770494
CE_MATERIAL:0.5332403543695059
CE_KINGSAFETY:0.5370269378337599
C_PIECESQUARETABLES:0.5476245449790276
C_MOBILITY:0.44104201420794353
C_KINGSAFETY:0.5092326508217793
C_PAWNSTRUCTURE:0.40881684979395577
C_PIECECOORDINATION:0.5007615661604217
C_ROOKANDPAWNMOVEMENT:0.5007615661604217
C_CENTERCONTROL:0.4998533520474023
C_DEVELOPPIECES:0.512295770086547
C_MATERIAL:0.46030106160493095
