ELO:983
CE_PASSEDPAWNS:0.49609010350740035
CE_PAWNWEAKNESSES:0.5180956542285485
CE_PIECEACTIVITY:0.5015331207287644
CE_KINGPAWNSHIELD:0.4871690635648653
CE_PIECECOORDINATION:0.5135358201855925
CE_MATERIAL:0.5091492037953559
CE_KINGSAFETY:0.4880921470666429
C_PIECESQUARETABLES:0.51528705890789
C_MOBILITY:0.49384287488509326
C_KINGSAFETY:0.5041596652188315
C_PAWNSTRUCTURE:0.5021436795780925
C_PIECECOORDINATION:0.47157876484992023
C_ROOKANDPAWNMOVEMENT:0.47157876484992023
C_CENTERCONTROL:0.4962794189572291
C_DEVELOPPIECES:0.5165167693497522
C_MATERIAL:0.5360971772023536
C_MOVECOUNT:0.5
