ELO:769
CE_PASSEDPAWNS:0.4610889923596534
CE_PAWNWEAKNESSES:0.5008420065748598
CE_PIECEACTIVITY:0.4472389383630817
CE_KINGPAWNSHIELD:0.5830547035145891
CE_PIECECOORDINATION:0.5379879455693006
CE_MATERIAL:0.47418654746901073
CE_KINGSAFETY:0.48700041808672934
C_PIECESQUARETABLES:0.5445417945896832
C_MOBILITY:0.475570844850774
C_KINGSAFETY:0.5764685289268358
C_PAWNSTRUCTURE:0.5967060087808371
C_PIECECOORDINATION:0.528532669623162
C_ROOKANDPAWNMOVEMENT:0.528532669623162
C_CENTERCONTROL:0.5377345189476554
C_DEVELOPPIECES:0.4908920206606614
C_MATERIAL:0.5112523369107438
C_MOVECOUNT:0.5
