ELO:864
CE_PASSEDPAWNS:0.5065459178051247
CE_PAWNWEAKNESSES:0.5113306496945781
CE_PIECEACTIVITY:0.4876172276244854
CE_KINGPAWNSHIELD:0.5357838160955377
CE_PIECECOORDINATION:0.49484391617569695
CE_MATERIAL:0.5451289606292514
CE_KINGSAFETY:0.3793227608160529
C_PIECESQUARETABLES:0.5129209125748725
C_MOBILITY:0.5554630700388345
C_KINGSAFETY:0.5365052256324001
C_PAWNSTRUCTURE:0.41856628827108194
C_PIECECOORDINATION:0.49162391104718084
C_ROOKANDPAWNMOVEMENT:0.49162391104718084
C_CENTERCONTROL:0.5637688659715226
C_DEVELOPPIECES:0.4314699722431885
C_MATERIAL:0.5233174185501387
C_MOVECOUNT:0.5290232318883457
