ELO:849
CE_PASSEDPAWNS:0.3353310819110196
CE_PAWNWEAKNESSES:0.36255191990135927
CE_PIECEACTIVITY:0.4790793458706769
CE_KINGPAWNSHIELD:0.6234178830455985
CE_PIECECOORDINATION:0.6022562701143149
CE_MATERIAL:0.5767747192583719
CE_KINGSAFETY:0.4816319562173925
C_PIECESQUARETABLES:0.5595309547941385
C_MOBILITY:0.4183697697970349
C_KINGSAFETY:0.5525946834347497
C_PAWNSTRUCTURE:0.4696133930717501
C_PIECECOORDINATION:0.5228957353931539
C_ROOKANDPAWNMOVEMENT:0.5228957353931539
C_CENTERCONTROL:0.5432655226704682
C_DEVELOPPIECES:0.5440413446147205
C_MATERIAL:0.5708111326702796
