ELO:984
CE_PASSEDPAWNS:0.48096436837291257
CE_PAWNWEAKNESSES:0.4938443265006668
CE_PIECEACTIVITY:0.5007864129201585
CE_KINGPAWNSHIELD:0.47715285830507187
CE_PIECECOORDINATION:0.4788699127170801
CE_MATERIAL:0.5028586966203231
CE_KINGSAFETY:0.5028671975550216
C_PIECESQUARETABLES:0.5
C_MOBILITY:0.5061501972899197
C_KINGSAFETY:0.4891548321802484
C_PAWNSTRUCTURE:0.49128684733687883
C_PIECECOORDINATION:0.5111769558976121
C_ROOKANDPAWNMOVEMENT:0.5111769558976121
C_CENTERCONTROL:0.49215275474738535
C_DEVELOPPIECES:0.5194098164335227
C_MATERIAL:0.4740993959080324
C_MOVECOUNT:0.5108491498099252
