ELO:718
CE_PASSEDPAWNS:0.561040635627763
CE_PAWNWEAKNESSES:0.3868647934066753
CE_PIECEACTIVITY:0.4755628355652661
CE_KINGPAWNSHIELD:0.6226921783274164
CE_PIECECOORDINATION:0.6807496014343987
CE_MATERIAL:0.42246662999858137
CE_KINGSAFETY:0.47157931450187907
C_PIECESQUARETABLES:0.4794682083165952
C_MOBILITY:0.47573580711473246
C_KINGSAFETY:0.6471313336485741
C_PAWNSTRUCTURE:0.6318693335109267
C_PIECECOORDINATION:0.3880768711755502
C_ROOKANDPAWNMOVEMENT:0.3880768711755502
C_CENTERCONTROL:0.5235358099530909
C_DEVELOPPIECES:0.4636767323194446
C_MATERIAL:0.4276632267578498
C_MOVECOUNT:0.49520195458197797
