ELO:977
CE_PASSEDPAWNS:0.398056225584729
CE_PAWNWEAKNESSES:0.44105576783280165
CE_PIECEACTIVITY:0.5447736398950866
CE_KINGPAWNSHIELD:0.5632615957098864
CE_PIECECOORDINATION:0.549585316538065
CE_MATERIAL:0.5182821835233306
CE_KINGSAFETY:0.5567954604821832
C_PIECESQUARETABLES:0.5271056709996272
C_MOBILITY:0.415418395440563
C_KINGSAFETY:0.5404489207708333
C_PAWNSTRUCTURE:0.5275090436283784
C_PIECECOORDINATION:0.5337814556634072
C_ROOKANDPAWNMOVEMENT:0.5337814556634072
C_CENTERCONTROL:0.5222181830617765
C_DEVELOPPIECES:0.4712999075895153
C_MATERIAL:0.46666291371216284
