ELO:988
CE_PASSEDPAWNS:0.5186584755661088
CE_PAWNWEAKNESSES:0.5002767638886618
CE_PIECEACTIVITY:0.49609965473413575
CE_KINGPAWNSHIELD:0.5
CE_PIECECOORDINATION:0.5041558912383085
CE_MATERIAL:0.5058325900123606
CE_KINGSAFETY:0.48198829889957645
C_PIECESQUARETABLES:0.4895917442293765
C_MOBILITY:0.49635537419371045
C_KINGSAFETY:0.5079852071354732
C_PAWNSTRUCTURE:0.4880071162107068
C_PIECECOORDINATION:0.5056858823581891
C_ROOKANDPAWNMOVEMENT:0.5056858823581891
C_CENTERCONTROL:0.5
C_DEVELOPPIECES:0.5
C_MATERIAL:0.5096605142431327
C_MOVECOUNT:0.49911303197083595
