ELO:1041
CE_PASSEDPAWNS:0.4930213233886304
CE_PAWNWEAKNESSES:0.5
CE_PIECEACTIVITY:0.4964083372145309
CE_KINGPAWNSHIELD:0.5
CE_PIECECOORDINATION:0.5060198755197993
CE_MATERIAL:0.5
CE_KINGSAFETY:0.489689358536108
C_PIECESQUARETABLES:0.5
C_MOBILITY:0.5
C_KINGSAFETY:0.49784760982001786
C_PAWNSTRUCTURE:0.49512830171999667
C_PIECECOORDINATION:0.5
C_ROOK:0.5039526511127933
CE_ROOK:0.5294079233835054
C_CENTERCONTROL:0.49226425659162304
C_DEVELOPPIECES:0.49960655897323725
C_MATERIAL:0.5
C_MOVECOUNT:0.512386377942195
C_PAWNMOVEMENT:0.5
