ELO:1092
CE_PASSEDPAWNS:0.4489820375035917
CE_PAWNWEAKNESSES:0.43609879124906037
CE_PIECEACTIVITY:0.5246505869573949
CE_KINGPAWNSHIELD:0.4204988566917468
CE_PIECECOORDINATION:0.4522243703382709
CE_MATERIAL:0.4373942465007948
CE_KINGSAFETY:0.4823321566074411
C_PIECESQUARETABLES:0.47262876949715416
C_MOBILITY:0.4224184145137289
C_KINGSAFETY:0.6374809102290377
C_PAWNSTRUCTURE:0.4403940746312369
C_PIECECOORDINATION:0.4979327032620321
C_ROOKANDPAWNMOVEMENT:0.4979327032620321
C_CENTERCONTROL:0.5069228232756293
C_DEVELOPPIECES:0.5649385208946519
C_MATERIAL:0.3853113540473307
