ELO:634
CE_PASSEDPAWNS:0.5645780386793271
CE_PAWNWEAKNESSES:0.41189137010697263
CE_PIECEACTIVITY:0.46591744701909943
CE_KINGPAWNSHIELD:0.6513270449422751
CE_PIECECOORDINATION:0.6877386636983372
CE_MATERIAL:0.4206428823154249
CE_KINGSAFETY:0.47534095284031436
C_PIECESQUARETABLES:0.4827879668268148
C_MOBILITY:0.49792706528913366
C_KINGSAFETY:0.6439661334313163
C_PAWNSTRUCTURE:0.6378135769384022
C_PIECECOORDINATION:0.3963800978581173
C_ROOKANDPAWNMOVEMENT:0.3963800978581173
C_CENTERCONTROL:0.5167252631720008
C_DEVELOPPIECES:0.4947075105319009
C_MATERIAL:0.42827611848942354
C_MOVECOUNT:0.5068255918283785
