ELO:866
CE_PASSEDPAWNS:0.3637849138828002
CE_PAWNWEAKNESSES:0.4424761728666951
CE_PIECEACTIVITY:0.5177115582559789
CE_KINGPAWNSHIELD:0.5613043567044308
CE_PIECECOORDINATION:0.5811316398978865
CE_MATERIAL:0.5684988222560877
CE_KINGSAFETY:0.503849908893717
C_PIECESQUARETABLES:0.5209145433747685
C_MOBILITY:0.40799107587800515
C_KINGSAFETY:0.581842794166467
C_PAWNSTRUCTURE:0.5019361976038234
C_PIECECOORDINATION:0.5268680428567292
C_ROOKANDPAWNMOVEMENT:0.5268680428567292
C_CENTERCONTROL:0.571390312986701
C_DEVELOPPIECES:0.55090051793775
C_MATERIAL:0.49944107774470825
