ELO:936
CE_PASSEDPAWNS:0.41216601408907244
CE_PAWNWEAKNESSES:0.45495143990985776
CE_PIECEACTIVITY:0.5414406355732145
CE_KINGPAWNSHIELD:0.558535976295575
CE_PIECECOORDINATION:0.5471346743430868
CE_MATERIAL:0.5461697701720618
CE_KINGSAFETY:0.4796578615603958
C_PIECESQUARETABLES:0.47940609636269266
C_MOBILITY:0.41518717887576595
C_KINGSAFETY:0.5121612941869254
C_PAWNSTRUCTURE:0.508951419881604
C_PIECECOORDINATION:0.5372107722175105
C_ROOKANDPAWNMOVEMENT:0.5372107722175105
C_CENTERCONTROL:0.5542656962424299
C_DEVELOPPIECES:0.5092711690580605
C_MATERIAL:0.4884861134574136
