ELO:985
CE_PASSEDPAWNS:0.5073998169247097
CE_PAWNWEAKNESSES:0.4889990996327604
CE_PIECEACTIVITY:0.4859837314471431
CE_KINGPAWNSHIELD:0.5085542451339539
CE_PIECECOORDINATION:0.49567040671894924
CE_MATERIAL:0.5140509496191746
CE_KINGSAFETY:0.49604707538633835
C_PIECESQUARETABLES:0.5
C_MOBILITY:0.5
C_KINGSAFETY:0.5
C_PAWNSTRUCTURE:0.5129973856613056
C_PIECECOORDINATION:0.5
C_ROOK:0.5008756140235956
CE_ROOK:0.48890507859017973
C_CENTERCONTROL:0.5213713428400855
C_DEVELOPPIECES:0.4983209370541191
C_MATERIAL:0.4815384779595697
C_MOVECOUNT:0.499179022601576
C_PAWNMOVEMENT:0.4963480682484854
