ELO:999
CE_PASSEDPAWNS:0.5012566267258577
CE_PAWNWEAKNESSES:0.5437050348484268
CE_PIECEACTIVITY:0.48758526810772607
CE_KINGPAWNSHIELD:0.5371312394403763
CE_PIECECOORDINATION:0.46367303561118306
CE_MATERIAL:0.5608026564464834
CE_KINGSAFETY:0.5294620956336946
C_PIECESQUARETABLES:0.45433118328800043
C_MOBILITY:0.46750507570662797
C_KINGSAFETY:0.5061727739463946
C_PAWNSTRUCTURE:0.42760535964245117
C_PIECECOORDINATION:0.5328184986608354
C_ROOKANDPAWNMOVEMENT:0.5328184986608354
C_CENTERCONTROL:0.4863782013356055
C_DEVELOPPIECES:0.5625513567106772
C_MATERIAL:0.4570943403665573
