ELO:1074
CE_PASSEDPAWNS:0.45357462122975595
CE_PAWNWEAKNESSES:0.43045842348707436
CE_PIECEACTIVITY:0.5118878201654281
CE_KINGPAWNSHIELD:0.40610797930315906
CE_PIECECOORDINATION:0.45241374342120566
CE_MATERIAL:0.4417463838773838
CE_KINGSAFETY:0.49099782821478777
C_PIECESQUARETABLES:0.4799815187782507
C_MOBILITY:0.42069868769946467
C_KINGSAFETY:0.6482921046731986
C_PAWNSTRUCTURE:0.4328536873644535
C_PIECECOORDINATION:0.4955649697128847
C_ROOKANDPAWNMOVEMENT:0.4955649697128847
C_CENTERCONTROL:0.5124601844351063
C_DEVELOPPIECES:0.5457940407484617
C_MATERIAL:0.38207892378361047
