ELO:949
CE_PASSEDPAWNS:0.548404418016094
CE_PAWNWEAKNESSES:0.4824436028934391
CE_PIECEACTIVITY:0.5057493488202242
CE_KINGPAWNSHIELD:0.5066805686258724
CE_PIECECOORDINATION:0.5242061428348889
CE_MATERIAL:0.5136555087181017
CE_KINGSAFETY:0.483156275101711
C_PIECESQUARETABLES:0.5
C_MOBILITY:0.49842376091969837
C_KINGSAFETY:0.4962438460097502
C_PAWNSTRUCTURE:0.4926242051348404
C_PIECECOORDINATION:0.5058123187119173
C_ROOKANDPAWNMOVEMENT:0.5058123187119173
C_CENTERCONTROL:0.5572687220515453
C_DEVELOPPIECES:0.4880603545848973
C_MATERIAL:0.4946310238639433
C_MOVECOUNT:0.4956258116376774
