ELO:989
CE_PASSEDPAWNS:0.4128032399900828
CE_PAWNWEAKNESSES:0.4449176979510626
CE_PIECEACTIVITY:0.50655590981704
CE_KINGPAWNSHIELD:0.4899903558601494
CE_PIECECOORDINATION:0.6173289017826741
CE_MATERIAL:0.4041459403424796
CE_KINGSAFETY:0.5
C_PIECESQUARETABLES:0.5
C_MOBILITY:0.6029977804430955
C_KINGSAFETY:0.5250912115677565
C_PAWNSTRUCTURE:0.62436365227218
C_PIECECOORDINATION:0.6243155870617656
C_ROOKANDPAWNMOVEMENT:0.6243155870617656
C_CENTERCONTROL:0.39485971105392254
C_DEVELOPPIECES:0.5566100321577538
C_MATERIAL:0.5860511022612617
