ELO:1000
CE_PASSEDPAWNS:0.5037580820237986
CE_PAWNWEAKNESSES:0.48671731231513454
CE_PIECEACTIVITY:0.5
CE_KINGPAWNSHIELD:0.5
CE_PIECECOORDINATION:0.5127438320671369
CE_MATERIAL:0.5227079195257754
CE_KINGSAFETY:0.5041123184177826
C_PIECESQUARETABLES:0.5032366973697927
C_MOBILITY:0.4940822039939323
C_KINGSAFETY:0.4884441196510328
C_PAWNSTRUCTURE:0.49526708130608604
C_PIECECOORDINATION:0.5049408802288857
C_ROOKANDPAWNMOVEMENT:0.5049408802288857
C_CENTERCONTROL:0.49801919559393754
C_DEVELOPPIECES:0.4896785765380521
C_MATERIAL:0.4891749422263307
