ELO:985
CE_PASSEDPAWNS:0.5119731790142776
CE_PAWNWEAKNESSES:0.5158204099871017
CE_PIECEACTIVITY:0.47327554548185946
CE_KINGPAWNSHIELD:0.4507183481704379
CE_PIECECOORDINATION:0.5058486072619338
CE_MATERIAL:0.48595362843010736
CE_KINGSAFETY:0.5
C_PIECESQUARETABLES:0.5
C_MOBILITY:0.5260194635113078
C_KINGSAFETY:0.525636592926838
C_PAWNSTRUCTURE:0.5247840182821865
C_PIECECOORDINATION:0.5200211482879018
C_ROOK:0.5272298454178094
CE_ROOK:0.48177680341716517
C_CENTERCONTROL:0.4914732669025888
C_DEVELOPPIECES:0.5116790496228046
C_MATERIAL:0.49469357712805306
C_MOVECOUNT:0.4983452634178509
C_PAWNMOVEMENT:0.5069949329040052
