ELO:1017
CE_PASSEDPAWNS:0.47450298205620545
CE_PAWNWEAKNESSES:0.48917071945373714
CE_PIECEACTIVITY:0.4905183688531095
CE_KINGPAWNSHIELD:0.4894732843301471
CE_PIECECOORDINATION:0.4903581243828067
CE_MATERIAL:0.5036905929148366
CE_KINGSAFETY:0.5
C_PIECESQUARETABLES:0.5
C_MOBILITY:0.49090097614238587
C_KINGSAFETY:0.4796782585905045
C_PAWNSTRUCTURE:0.5017539198243214
C_PIECECOORDINATION:0.5
C_ROOK:0.4385438268696086
CE_ROOK:0.4939924255204084
C_CENTERCONTROL:0.5
C_DEVELOPPIECES:0.48635866283104867
C_MATERIAL:0.48345985973522876
C_MOVECOUNT:0.4888952176647281
C_PAWNMOVEMENT:0.5
