ELO:948
CE_PASSEDPAWNS:0.39325142848347455
CE_PAWNWEAKNESSES:0.44461054597332283
CE_PIECEACTIVITY:0.5320692633638965
CE_KINGPAWNSHIELD:0.5627726167009462
CE_PIECECOORDINATION:0.5831180917364539
CE_MATERIAL:0.5649968333197534
CE_KINGSAFETY:0.4827584947113075
C_PIECESQUARETABLES:0.4605224977290778
C_MOBILITY:0.43096136157194825
C_KINGSAFETY:0.5707977261418958
C_PAWNSTRUCTURE:0.5187435018600525
C_PIECECOORDINATION:0.5527433919288747
C_ROOKANDPAWNMOVEMENT:0.5527433919288747
C_CENTERCONTROL:0.5301805374502186
C_DEVELOPPIECES:0.508507386003421
C_MATERIAL:0.5074695398179271
