ELO:923
CE_PASSEDPAWNS:0.49813150821079843
CE_PAWNWEAKNESSES:0.49686360942210933
CE_PIECEACTIVITY:0.4854909371204914
CE_KINGPAWNSHIELD:0.5213380675335513
CE_PIECECOORDINATION:0.5074828240463751
CE_MATERIAL:0.504990961902601
CE_KINGSAFETY:0.5
C_PIECESQUARETABLES:0.4972112049618849
C_MOBILITY:0.47461344348874074
C_KINGSAFETY:0.4915429337835402
C_PAWNSTRUCTURE:0.5442463049074258
C_PIECECOORDINATION:0.46250637163436265
C_ROOK:0.5012745607797789
CE_ROOK:0.47622825714993894
C_CENTERCONTROL:0.5298145302919726
C_DEVELOPPIECES:0.5106806258530068
C_MATERIAL:0.4552529327524754
C_MOVECOUNT:0.4791871934239732
C_PAWNMOVEMENT:0.49100520467718867
