ELO:969
CE_PASSEDPAWNS:0.4951402661631807
CE_PAWNWEAKNESSES:0.49686360942210933
CE_PIECEACTIVITY:0.49008627438854246
CE_KINGPAWNSHIELD:0.5061921527795944
CE_PIECECOORDINATION:0.49152615276058614
CE_MATERIAL:0.5052010398736402
CE_KINGSAFETY:0.4910592813052394
C_PIECESQUARETABLES:0.4877218418040866
C_MOBILITY:0.5076217071482737
C_KINGSAFETY:0.4915429337835402
C_PAWNSTRUCTURE:0.5274447061713314
C_PIECECOORDINATION:0.4782677722068806
C_ROOK:0.48816195534914153
CE_ROOK:0.47280197430545956
C_CENTERCONTROL:0.524080212148709
C_DEVELOPPIECES:0.4983209370541191
C_MATERIAL:0.4635760327283909
C_MOVECOUNT:0.499179022601576
C_PAWNMOVEMENT:0.4910724033654488
