ELO:933
CE_PASSEDPAWNS:0.39944561504410825
CE_PAWNWEAKNESSES:0.5712988786948303
CE_PIECEACTIVITY:0.4843253747539867
CE_KINGPAWNSHIELD:0.5501070353767357
CE_PIECECOORDINATION:0.436487545388547
CE_MATERIAL:0.5650274045286465
CE_KINGSAFETY:0.5257738947803577
C_PIECESQUARETABLES:0.5452432465270507
C_MOBILITY:0.42250492422855646
C_KINGSAFETY:0.49429187446305056
C_PAWNSTRUCTURE:0.4028139204460315
C_PIECECOORDINATION:0.5039642789468657
C_ROOKANDPAWNMOVEMENT:0.5039642789468657
C_CENTERCONTROL:0.47580325836637993
C_DEVELOPPIECES:0.5236306623455551
C_MATERIAL:0.43773857213256195
