ELO:1000
CE_PASSEDPAWNS:0.49289706383824755
CE_PAWNWEAKNESSES:0.5
CE_PIECEACTIVITY:0.4921045950401126
CE_KINGPAWNSHIELD:0.5045367552136903
CE_PIECECOORDINATION:0.5
CE_MATERIAL:0.5
CE_KINGSAFETY:0.5
C_PIECESQUARETABLES:0.5
C_MOBILITY:0.5051368698531514
C_KINGSAFETY:0.5098236632913431
C_PAWNSTRUCTURE:0.5061314111466181
C_PIECECOORDINATION:0.5
C_ROOKANDPAWNMOVEMENT:0.5
C_CENTERCONTROL:0.5157212120756529
C_DEVELOPPIECES:0.5
C_MATERIAL:0.5102224299676205
C_MOVECOUNT:0.5
