ELO:1000
CE_PASSEDPAWNS:0.4376009695124503
CE_PAWNWEAKNESSES:0.4476598580582383
CE_PIECEACTIVITY:0.5304375850464494
CE_KINGPAWNSHIELD:0.5615985948334338
CE_PIECECOORDINATION:0.5180666337326694
CE_MATERIAL:0.4763954945115299
CE_KINGSAFETY:0.5217673243546976
C_PIECESQUARETABLES:0.5019949838298783
C_MOBILITY:0.4656053516317646
C_KINGSAFETY:0.5344812255003343
C_PAWNSTRUCTURE:0.5049160009261544
C_PIECECOORDINATION:0.5112925628389834
C_ROOKANDPAWNMOVEMENT:0.5112925628389834
C_CENTERCONTROL:0.52468343696454
C_DEVELOPPIECES:0.4652853810554519
C_MATERIAL:0.510114458560187
