ELO:945
CE_PASSEDPAWNS:0.4945824127849904
CE_PAWNWEAKNESSES:0.49686360942210933
CE_PIECEACTIVITY:0.49008627438854246
CE_KINGPAWNSHIELD:0.5181383480155263
CE_PIECECOORDINATION:0.49152615276058614
CE_MATERIAL:0.5163352803403469
CE_KINGSAFETY:0.5096087922370831
C_PIECESQUARETABLES:0.4953600328691384
C_MOBILITY:0.4971943661641867
C_KINGSAFETY:0.4915429337835402
C_PAWNSTRUCTURE:0.5378027122361171
C_PIECECOORDINATION:0.4780970724800354
C_ROOK:0.47985540373669044
CE_ROOK:0.47280197430545956
C_CENTERCONTROL:0.5278252856740916
C_DEVELOPPIECES:0.4983209370541191
C_MATERIAL:0.4635760327283909
C_MOVECOUNT:0.4881863141471188
C_PAWNMOVEMENT:0.48725229552832605
