ELO:985
CE_PASSEDPAWNS:0.5240666794014457
CE_PAWNWEAKNESSES:0.4732670009158487
CE_PIECEACTIVITY:0.4934048980530621
CE_KINGPAWNSHIELD:0.5089849341898938
CE_PIECECOORDINATION:0.5309374804812022
CE_MATERIAL:0.4843400746473582
CE_KINGSAFETY:0.5
C_PIECESQUARETABLES:0.5
C_MOBILITY:0.5260194635113078
C_KINGSAFETY:0.5519169929926283
C_PAWNSTRUCTURE:0.48618254542664374
C_PIECECOORDINATION:0.5050363850304275
C_ROOK:0.48109466107774695
CE_ROOK:0.48177680341716517
C_CENTERCONTROL:0.5355791018005656
C_DEVELOPPIECES:0.4530352531963832
C_MATERIAL:0.49469357712805306
C_MOVECOUNT:0.47267920689212456
C_PAWNMOVEMENT:0.47665429700056966
