ELO:740
CE_PASSEDPAWNS:0.5415281960374391
CE_PAWNWEAKNESSES:0.39946351154876214
CE_PIECEACTIVITY:0.47477669467817746
CE_KINGPAWNSHIELD:0.6310219700427246
CE_PIECECOORDINATION:0.6615947187569657
CE_MATERIAL:0.4185595594611295
CE_KINGSAFETY:0.47331926541917163
C_PIECESQUARETABLES:0.49127448961707976
C_MOBILITY:0.4737294276350069
C_KINGSAFETY:0.6344839718331408
C_PAWNSTRUCTURE:0.6392885152744072
C_PIECECOORDINATION:0.4078696935228033
C_ROOKANDPAWNMOVEMENT:0.4078696935228033
C_CENTERCONTROL:0.5357988875072913
C_DEVELOPPIECES:0.4686357115253133
C_MATERIAL:0.4611515073092135
C_MOVECOUNT:0.496101518997365
