ELO:863
CE_PASSEDPAWNS:0.3621828006281664
CE_PAWNWEAKNESSES:0.4424761728666951
CE_PIECEACTIVITY:0.5190927783018418
CE_KINGPAWNSHIELD:0.567295427560952
CE_PIECECOORDINATION:0.5923953822968522
CE_MATERIAL:0.5803215779699171
CE_KINGSAFETY:0.49827137324478876
C_PIECESQUARETABLES:0.5163336607583117
C_MOBILITY:0.4017224352138286
C_KINGSAFETY:0.5835911087653907
C_PAWNSTRUCTURE:0.4927501164490021
C_PIECECOORDINATION:0.5372091936018533
C_ROOKANDPAWNMOVEMENT:0.5372091936018533
C_CENTERCONTROL:0.5665090655436957
C_DEVELOPPIECES:0.5467358239874242
C_MATERIAL:0.5049963620330977
