ELO:903
CE_PASSEDPAWNS:0.4912932905218766
CE_PAWNWEAKNESSES:0.5437623479921863
CE_PIECEACTIVITY:0.45396689760711356
CE_KINGPAWNSHIELD:0.49455153563607496
CE_PIECECOORDINATION:0.4167431617684059
CE_MATERIAL:0.5691497658819876
CE_KINGSAFETY:0.5045062532353559
C_PIECESQUARETABLES:0.49470107187907864
C_MOBILITY:0.5759016557792728
C_KINGSAFETY:0.5892808198036903
C_PAWNSTRUCTURE:0.4286982041344442
C_PIECECOORDINATION:0.5011553186559182
C_ROOKANDPAWNMOVEMENT:0.5011553186559182
C_CENTERCONTROL:0.4799811402326239
C_DEVELOPPIECES:0.4714618620243113
C_MATERIAL:0.45755043492572095
