ELO:997
CE_PASSEDPAWNS:0.49193322725009425
CE_PAWNWEAKNESSES:0.5038191007039388
CE_PIECEACTIVITY:0.4978870987938629
CE_KINGPAWNSHIELD:0.5036056767679618
CE_PIECECOORDINATION:0.5214049028790176
CE_MATERIAL:0.4842416637928032
CE_KINGSAFETY:0.5072546594056885
C_PIECESQUARETABLES:0.5102201577520402
C_MOBILITY:0.5057977825568865
C_KINGSAFETY:0.5204089580970092
C_PAWNSTRUCTURE:0.5105535745088915
C_PIECECOORDINATION:0.5009000379883689
C_ROOKANDPAWNMOVEMENT:0.5009000379883689
C_CENTERCONTROL:0.4909574460261308
C_DEVELOPPIECES:0.4938971917865744
C_MATERIAL:0.5202875207271763
C_MOVECOUNT:0.5027201627007436
