ELO:1000
CE_PASSEDPAWNS:0.5505631194034108
CE_PAWNWEAKNESSES:0.5298871046375487
CE_PIECEACTIVITY:0.49817832043813204
CE_KINGPAWNSHIELD:0.4685332135038174
CE_PIECECOORDINATION:0.5965816751137999
CE_MATERIAL:0.5300843384198438
CE_KINGSAFETY:0.5
C_PIECESQUARETABLES:0.5
C_MOBILITY:0.4838734613119693
C_KINGSAFETY:0.48992826954388585
C_PAWNSTRUCTURE:0.5049878188890268
C_PIECECOORDINATION:0.5740680900707604
C_ROOKANDPAWNMOVEMENT:0.5740680900707604
C_CENTERCONTROL:0.4796945579819261
C_DEVELOPPIECES:0.5697279389840625
C_MATERIAL:0.46948546086794596
