ELO:943
CE_PASSEDPAWNS:0.522227253354995
CE_PAWNWEAKNESSES:0.4367128369196758
CE_PIECEACTIVITY:0.5068484142995442
CE_KINGPAWNSHIELD:0.4692662612759559
CE_PIECECOORDINATION:0.6338594006249285
CE_MATERIAL:0.5022875738158666
CE_KINGSAFETY:0.5211624607585904
C_PIECESQUARETABLES:0.48279011440507585
C_MOBILITY:0.45816855304527604
C_KINGSAFETY:0.4378827921000984
C_PAWNSTRUCTURE:0.5389848594521471
C_PIECECOORDINATION:0.5424918896549522
C_ROOKANDPAWNMOVEMENT:0.5424918896549522
C_CENTERCONTROL:0.4272645463057062
C_DEVELOPPIECES:0.5455666344258183
C_MATERIAL:0.4466691679107146
