ELO:985
CE_PASSEDPAWNS:0.49134569136872186
CE_PAWNWEAKNESSES:0.49525399586174446
CE_PIECEACTIVITY:0.506029962374875
CE_KINGPAWNSHIELD:0.4972463369375939
CE_PIECECOORDINATION:0.47650835254420243
CE_MATERIAL:0.49945099254674163
CE_KINGSAFETY:0.5017034178017307
C_PIECESQUARETABLES:0.5067485080540209
C_MOBILITY:0.5218269246465628
C_KINGSAFETY:0.4963387666501889
C_PAWNSTRUCTURE:0.4985633280418827
C_PIECECOORDINATION:0.4872171144905342
C_ROOK:0.48787126072219555
CE_ROOK:0.4969046189720765
C_CENTERCONTROL:0.5283591992162768
C_DEVELOPPIECES:0.5130536472966382
C_MATERIAL:0.48888180186041436
C_MOVECOUNT:0.4729689922734821
C_PAWNMOVEMENT:0.48455109546697467
