ELO:1019
CE_PASSEDPAWNS:0.5
CE_PAWNWEAKNESSES:0.5116830180421408
CE_PIECEACTIVITY:0.5053009635435445
CE_KINGPAWNSHIELD:0.5
CE_PIECECOORDINATION:0.48859239850306174
CE_MATERIAL:0.49510012647184165
CE_KINGSAFETY:0.5
C_PIECESQUARETABLES:0.5
C_MOBILITY:0.4902889989403408
C_KINGSAFETY:0.4918893714169307
C_PAWNSTRUCTURE:0.49953831100299456
C_PIECECOORDINATION:0.5
C_ROOKANDPAWNMOVEMENT:0.5
C_CENTERCONTROL:0.5
C_DEVELOPPIECES:0.5
C_MATERIAL:0.500928064968936
C_MOVECOUNT:0.5
