ELO:942
CE_PASSEDPAWNS:0.5864337462971501
CE_PAWNWEAKNESSES:0.4514058556509647
CE_PIECEACTIVITY:0.44831661276889667
CE_KINGPAWNSHIELD:0.4707126852425044
CE_PIECECOORDINATION:0.6096752302041001
CE_MATERIAL:0.47632120555839536
CE_KINGSAFETY:0.5
C_PIECESQUARETABLES:0.5
C_MOBILITY:0.48782552128616075
C_KINGSAFETY:0.5055771720275775
C_PAWNSTRUCTURE:0.5393043487361028
C_PIECECOORDINATION:0.6201557444772945
C_ROOKANDPAWNMOVEMENT:0.6201557444772945
C_CENTERCONTROL:0.39529770240452783
C_DEVELOPPIECES:0.5528413990220697
C_MATERIAL:0.46832001267800977
