ELO:918
CE_PASSEDPAWNS:0.47343489534305
CE_PAWNWEAKNESSES:0.4765671513544503
CE_PIECEACTIVITY:0.49342637973828996
CE_KINGPAWNSHIELD:0.5289446781068187
CE_PIECECOORDINATION:0.47054365554241817
CE_MATERIAL:0.4816201910662788
CE_KINGSAFETY:0.4754045729869096
C_PIECESQUARETABLES:0.4915045659431016
C_MOBILITY:0.5159630785120835
C_KINGSAFETY:0.4678994580501456
C_PAWNSTRUCTURE:0.47911581402820597
C_PIECECOORDINATION:0.5146663119485538
C_ROOKANDPAWNMOVEMENT:0.5146663119485538
C_CENTERCONTROL:0.5115307761217026
C_DEVELOPPIECES:0.46250015291749724
C_MATERIAL:0.49540568788432765
C_MOVECOUNT:0.5
