ELO:968
CE_PASSEDPAWNS:0.4734565538271046
CE_PAWNWEAKNESSES:0.48393262276097904
CE_PIECEACTIVITY:0.5075926318634196
CE_KINGPAWNSHIELD:0.5050526783060196
CE_PIECECOORDINATION:0.47667087315965756
CE_MATERIAL:0.5218601116508091
CE_KINGSAFETY:0.5
C_PIECESQUARETABLES:0.5
C_MOBILITY:0.5316924435508873
C_KINGSAFETY:0.4864742440201013
C_PAWNSTRUCTURE:0.520541597134988
C_PIECECOORDINATION:0.48960518568413575
C_ROOK:0.49522884028092495
CE_ROOK:0.4891399992339966
C_CENTERCONTROL:0.5180551111023444
C_DEVELOPPIECES:0.5131249515434695
C_MATERIAL:0.4907952291147117
C_MOVECOUNT:0.4666687133457993
C_PAWNMOVEMENT:0.4997466227991263
