ELO:1010
CE_PASSEDPAWNS:0.49666089684015446
CE_PAWNWEAKNESSES:0.478219647497634
CE_PIECEACTIVITY:0.5050141477033739
CE_KINGPAWNSHIELD:0.5249550835608966
CE_PIECECOORDINATION:0.5125035609083783
CE_MATERIAL:0.5
CE_KINGSAFETY:0.5
C_PIECESQUARETABLES:0.5
C_MOBILITY:0.48209560630350645
C_KINGSAFETY:0.5
C_PAWNSTRUCTURE:0.5137532917762233
C_PIECECOORDINATION:0.5164964441641188
C_ROOK:0.47702746268531815
CE_ROOK:0.5105260679165217
C_CENTERCONTROL:0.5301531798962803
C_DEVELOPPIECES:0.5026729740278436
C_MATERIAL:0.5220246160394035
C_MOVECOUNT:0.45496312736866934
C_PAWNMOVEMENT:0.4997328587630776
