ELO:863
CE_PASSEDPAWNS:0.4982327597147058
CE_PAWNWEAKNESSES:0.4029528166594496
CE_PIECEACTIVITY:0.45744741077893175
CE_KINGPAWNSHIELD:0.4274158903473598
CE_PIECECOORDINATION:0.6199393454564766
CE_MATERIAL:0.4681402138229523
CE_KINGSAFETY:0.538172585590767
C_PIECESQUARETABLES:0.4288694199407933
C_MOBILITY:0.38845235933078714
C_KINGSAFETY:0.4610051408369652
C_PAWNSTRUCTURE:0.5588928639650145
C_PIECECOORDINATION:0.5684978377036781
C_ROOKANDPAWNMOVEMENT:0.5684978377036781
C_CENTERCONTROL:0.43077900291684607
C_DEVELOPPIECES:0.5578443427721892
C_MATERIAL:0.4453361992191822
