ELO:1011
CE_PASSEDPAWNS:0.49666089684015446
CE_PAWNWEAKNESSES:0.5003902715685036
CE_PIECEACTIVITY:0.5050141477033739
CE_KINGPAWNSHIELD:0.5031750223237406
CE_PIECECOORDINATION:0.5125035609083783
CE_MATERIAL:0.46275865749933687
CE_KINGSAFETY:0.5
C_PIECESQUARETABLES:0.5
C_MOBILITY:0.5000325414969815
C_KINGSAFETY:0.5339859865910486
C_PAWNSTRUCTURE:0.47918332653388335
C_PIECECOORDINATION:0.5
C_ROOK:0.47702746268531815
CE_ROOK:0.49282004855011463
C_CENTERCONTROL:0.5301531798962803
C_DEVELOPPIECES:0.5026729740278436
C_MATERIAL:0.5220246160394035
C_MOVECOUNT:0.4819960869242839
C_PAWNMOVEMENT:0.5286183012937419
