ELO:955
CE_PASSEDPAWNS:0.5012836684078319
CE_PAWNWEAKNESSES:0.5114396820926895
CE_PIECEACTIVITY:0.48493555603678373
CE_KINGPAWNSHIELD:0.5125454791370496
CE_PIECECOORDINATION:0.47724724507015526
CE_MATERIAL:0.5059193265697938
CE_KINGSAFETY:0.4961539219039724
C_PIECESQUARETABLES:0.4967258205728288
C_MOBILITY:0.5106200109475725
C_KINGSAFETY:0.5139084711235494
C_PAWNSTRUCTURE:0.49414943021004704
C_PIECECOORDINATION:0.5098345379891689
C_ROOKANDPAWNMOVEMENT:0.5098345379891689
C_CENTERCONTROL:0.5121563537941975
C_DEVELOPPIECES:0.4542216804186029
C_MATERIAL:0.5034781460515092
C_MOVECOUNT:0.5
