ELO:1000
CE_PASSEDPAWNS:0.4798404826256217
CE_PAWNWEAKNESSES:0.5
CE_PIECEACTIVITY:0.5056650574541256
CE_KINGPAWNSHIELD:0.5
CE_PIECECOORDINATION:0.4981934952831176
CE_MATERIAL:0.5110200560205054
CE_KINGSAFETY:0.5115592905956853
C_PIECESQUARETABLES:0.5
C_MOBILITY:0.48935883548915626
C_KINGSAFETY:0.4899154958838736
C_PAWNSTRUCTURE:0.5
C_PIECECOORDINATION:0.5
C_ROOKANDPAWNMOVEMENT:0.5
C_CENTERCONTROL:0.5
C_DEVELOPPIECES:0.5131006945955535
C_MATERIAL:0.49056415910735907
