ELO:863
CE_PASSEDPAWNS:0.49491597001399146
CE_PAWNWEAKNESSES:0.4054233737835136
CE_PIECEACTIVITY:0.4719329650520918
CE_KINGPAWNSHIELD:0.4233014059969045
CE_PIECECOORDINATION:0.6185312043764098
CE_MATERIAL:0.4888614043741807
CE_KINGSAFETY:0.5328103994773574
C_PIECESQUARETABLES:0.4288694199407933
C_MOBILITY:0.40973480394977213
C_KINGSAFETY:0.4480631175366216
C_PAWNSTRUCTURE:0.5690221267937927
C_PIECECOORDINATION:0.5616652991298182
C_ROOKANDPAWNMOVEMENT:0.5616652991298182
C_CENTERCONTROL:0.44156603661975286
C_DEVELOPPIECES:0.5680783985075947
C_MATERIAL:0.43247255911080085
