ELO:955
CE_PASSEDPAWNS:0.5872116301340027
CE_PAWNWEAKNESSES:0.46787483394137264
CE_PIECEACTIVITY:0.4603676310682632
CE_KINGPAWNSHIELD:0.46706026930703776
CE_PIECECOORDINATION:0.599558556539963
CE_MATERIAL:0.48463061581921757
CE_KINGSAFETY:0.5110535364237092
C_PIECESQUARETABLES:0.5284137067120146
C_MOBILITY:0.4705502236849197
C_KINGSAFETY:0.48027804905963545
C_PAWNSTRUCTURE:0.5169452967897952
C_PIECECOORDINATION:0.5961493409682862
C_ROOKANDPAWNMOVEMENT:0.5961493409682862
C_CENTERCONTROL:0.412473285502506
C_DEVELOPPIECES:0.5840713087705834
C_MATERIAL:0.45099175492717297
