ELO:979
CE_PASSEDPAWNS:0.4693530526530905
CE_PAWNWEAKNESSES:0.5223861486887469
CE_PIECEACTIVITY:0.48990574532221115
CE_KINGPAWNSHIELD:0.5221058311647878
CE_PIECECOORDINATION:0.508991555793592
CE_MATERIAL:0.5174420143347094
CE_KINGSAFETY:0.5035210991818988
C_PIECESQUARETABLES:0.4936183649648002
C_MOBILITY:0.5026930713319722
C_KINGSAFETY:0.5046333532946302
C_PAWNSTRUCTURE:0.4927180869018704
C_PIECECOORDINATION:0.5286889541410913
C_ROOKANDPAWNMOVEMENT:0.5286889541410913
C_CENTERCONTROL:0.49630874902297506
C_DEVELOPPIECES:0.506793549544055
C_MATERIAL:0.5210346053714855
C_MOVECOUNT:0.49423680029454625
