ELO:961
CE_PASSEDPAWNS:0.4704320771843243
CE_PAWNWEAKNESSES:0.4708143976755877
CE_PIECEACTIVITY:0.485971628073019
CE_KINGPAWNSHIELD:0.4871919944846183
CE_PIECECOORDINATION:0.46282521604494264
CE_MATERIAL:0.5179108603682885
CE_KINGSAFETY:0.5113019894444529
C_PIECESQUARETABLES:0.4852225129730037
C_MOBILITY:0.5350622805492697
C_KINGSAFETY:0.47715031939131236
C_PAWNSTRUCTURE:0.520541597134988
C_PIECECOORDINATION:0.5151369290569386
C_ROOK:0.5142857253220228
CE_ROOK:0.5011252254260364
C_CENTERCONTROL:0.5287428567193866
C_DEVELOPPIECES:0.5226956710684132
C_MATERIAL:0.4964659548036329
C_MOVECOUNT:0.47617743903333565
C_PAWNMOVEMENT:0.5014130245835381
