ELO:1006
CE_PASSEDPAWNS:0.49350374104715355
CE_PAWNWEAKNESSES:0.5
CE_PIECEACTIVITY:0.5
CE_KINGPAWNSHIELD:0.4680724295735096
CE_PIECECOORDINATION:0.4952783641329399
CE_MATERIAL:0.503905793252805
CE_KINGSAFETY:0.5
C_PIECESQUARETABLES:0.5
C_MOBILITY:0.5154884093410723
C_KINGSAFETY:0.4895164998941115
C_PAWNSTRUCTURE:0.5390454773445382
C_PIECECOORDINATION:0.48119653139318214
C_ROOKANDPAWNMOVEMENT:0.48119653139318214
C_CENTERCONTROL:0.48968035375040403
C_DEVELOPPIECES:0.5
C_MATERIAL:0.488603892200838
