ELO:958
CE_PASSEDPAWNS:0.47530955072309344
CE_PAWNWEAKNESSES:0.5626392905242845
CE_PIECEACTIVITY:0.4546859836321908
CE_KINGPAWNSHIELD:0.49586819204446186
CE_PIECECOORDINATION:0.43716226962749694
CE_MATERIAL:0.5241639314651242
CE_KINGSAFETY:0.5102264536422206
C_PIECESQUARETABLES:0.4905674621266672
C_MOBILITY:0.5803126841679086
C_KINGSAFETY:0.5545145241456829
C_PAWNSTRUCTURE:0.4004858961288683
C_PIECECOORDINATION:0.5322572533773232
C_ROOKANDPAWNMOVEMENT:0.5322572533773232
C_CENTERCONTROL:0.49405949272751537
C_DEVELOPPIECES:0.49854833206062693
C_MATERIAL:0.5259404441747693
