ELO:1000
CE_PASSEDPAWNS:0.49235896123761147
CE_PAWNWEAKNESSES:0.4847994179997509
CE_PIECEACTIVITY:0.44495859230501955
CE_KINGPAWNSHIELD:0.5019033627403051
CE_PIECECOORDINATION:0.4991972017743276
CE_MATERIAL:0.4781039780798707
CE_KINGSAFETY:0.4617476583812315
C_PIECESQUARETABLES:0.49736600260887864
C_MOBILITY:0.47428646077098685
C_KINGSAFETY:0.5474974153920221
C_PAWNSTRUCTURE:0.48897761685193913
C_PIECECOORDINATION:0.5151770129323193
C_ROOKANDPAWNMOVEMENT:0.5151770129323193
C_CENTERCONTROL:0.4806903410679669
C_DEVELOPPIECES:0.523632341150698
C_MATERIAL:0.4935875942016627
