ELO:906
CE_PASSEDPAWNS:0.5078721774101923
CE_PAWNWEAKNESSES:0.5852149348563807
CE_PIECEACTIVITY:0.4487510385547428
CE_KINGPAWNSHIELD:0.5225242987520577
CE_PIECECOORDINATION:0.41331092069210645
CE_MATERIAL:0.5268570016228766
CE_KINGSAFETY:0.5065794053851903
C_PIECESQUARETABLES:0.48349579614738086
C_MOBILITY:0.5460440495509968
C_KINGSAFETY:0.598196278959097
C_PAWNSTRUCTURE:0.38510106164966884
C_PIECECOORDINATION:0.4694905285413985
C_ROOKANDPAWNMOVEMENT:0.4694905285413985
C_CENTERCONTROL:0.4992934124711979
C_DEVELOPPIECES:0.4805100088854596
C_MATERIAL:0.49749053781396285
