ELO:994
CE_PASSEDPAWNS:0.5264457695707425
CE_PAWNWEAKNESSES:0.51361623713273
CE_PIECEACTIVITY:0.47969193320371656
CE_KINGPAWNSHIELD:0.5
CE_PIECECOORDINATION:0.5215401345003775
CE_MATERIAL:0.47545332281985053
CE_KINGSAFETY:0.5010934421422194
C_PIECESQUARETABLES:0.5049028227584954
C_MOBILITY:0.46370480353198057
C_KINGSAFETY:0.520803120729068
C_PAWNSTRUCTURE:0.47590635933089115
C_PIECECOORDINATION:0.49121879805147267
C_ROOKANDPAWNMOVEMENT:0.49121879805147267
C_CENTERCONTROL:0.6021627900645626
C_DEVELOPPIECES:0.5065505398604103
C_MATERIAL:0.4880027477038189
C_MOVECOUNT:0.45740117943581515
