ELO:836
CE_PASSEDPAWNS:0.42229797492347476
CE_PAWNWEAKNESSES:0.5726944917833362
CE_PIECEACTIVITY:0.49394754527384577
CE_KINGPAWNSHIELD:0.46631571617221124
CE_PIECECOORDINATION:0.31529316761670584
CE_MATERIAL:0.6025151829906225
CE_KINGSAFETY:0.5056444612994264
C_PIECESQUARETABLES:0.493694902133312
C_MOBILITY:0.47031550799488503
C_KINGSAFETY:0.41692141245448655
C_PAWNSTRUCTURE:0.5929652960352707
C_PIECECOORDINATION:0.48990038623738114
C_ROOKANDPAWNMOVEMENT:0.48990038623738114
C_CENTERCONTROL:0.4550990917045279
C_DEVELOPPIECES:0.5867229875820416
C_MATERIAL:0.5138791521837466
