ELO:936
CE_PASSEDPAWNS:0.5197432783844144
CE_PAWNWEAKNESSES:0.4774806406020326
CE_PIECEACTIVITY:0.5081876493383805
CE_KINGPAWNSHIELD:0.49153142866563726
CE_PIECECOORDINATION:0.5135076979966088
CE_MATERIAL:0.5499720848051574
CE_KINGSAFETY:0.46589506651518164
C_PIECESQUARETABLES:0.4562389037945945
C_MOBILITY:0.47880158775704074
C_KINGSAFETY:0.5259779057933285
C_PAWNSTRUCTURE:0.5354751804595624
C_PIECECOORDINATION:0.432393393801181
C_ROOKANDPAWNMOVEMENT:0.432393393801181
C_CENTERCONTROL:0.4574082519886651
C_DEVELOPPIECES:0.4806542977904933
C_MATERIAL:0.48125628801063614
C_MOVECOUNT:0.4403313586934602
