ELO:985
CE_PASSEDPAWNS:0.47536596609500986
CE_PAWNWEAKNESSES:0.5313653737146832
CE_PIECEACTIVITY:0.5542539197165903
CE_KINGPAWNSHIELD:0.4975270905950907
CE_PIECECOORDINATION:0.47498603795912236
CE_MATERIAL:0.5075247288523708
CE_KINGSAFETY:0.5059740984976308
C_PIECESQUARETABLES:0.47569124116465444
C_MOBILITY:0.5101190964187103
C_KINGSAFETY:0.49299741512001133
C_PAWNSTRUCTURE:0.4938477666674465
C_PIECECOORDINATION:0.512498657081424
C_ROOKANDPAWNMOVEMENT:0.512498657081424
C_CENTERCONTROL:0.491660956873178
C_DEVELOPPIECES:0.49959003745030567
C_MATERIAL:0.5108404209443546
C_MOVECOUNT:0.5
