ELO:953
CE_PASSEDPAWNS:0.47448654631853765
CE_PAWNWEAKNESSES:0.4642839177061637
CE_PIECEACTIVITY:0.48390510194351444
CE_KINGPAWNSHIELD:0.4923099114043523
CE_PIECECOORDINATION:0.44401015502394114
CE_MATERIAL:0.5179108603682885
CE_KINGSAFETY:0.5092377562086553
C_PIECESQUARETABLES:0.5
C_MOBILITY:0.5471594171913592
C_KINGSAFETY:0.4824622316424704
C_PAWNSTRUCTURE:0.5319732097916994
C_PIECECOORDINATION:0.5155467429332727
C_ROOK:0.5111570960335274
CE_ROOK:0.5011252254260364
C_CENTERCONTROL:0.5212847939521635
C_DEVELOPPIECES:0.5226956710684132
C_MATERIAL:0.49135570741677775
C_MOVECOUNT:0.488962383167949
C_PAWNMOVEMENT:0.5026717611475454
