ELO:990
CE_PASSEDPAWNS:0.3974299510717367
CE_PAWNWEAKNESSES:0.4449176979510626
CE_PIECEACTIVITY:0.511318008837512
CE_KINGPAWNSHIELD:0.5044248907794167
CE_PIECECOORDINATION:0.6100521398055796
CE_MATERIAL:0.4189870611658924
CE_KINGSAFETY:0.5
C_PIECESQUARETABLES:0.5008667310852047
C_MOBILITY:0.6106431556756368
C_KINGSAFETY:0.5630763271871789
C_PAWNSTRUCTURE:0.62436365227218
C_PIECECOORDINATION:0.6224246103362719
C_ROOKANDPAWNMOVEMENT:0.6224246103362719
C_CENTERCONTROL:0.3787872266595869
C_DEVELOPPIECES:0.5544634317183483
C_MATERIAL:0.5866536899795093
