ELO:912
CE_PASSEDPAWNS:0.5039555230906795
CE_PAWNWEAKNESSES:0.5853137120593275
CE_PIECEACTIVITY:0.45624569019256234
CE_KINGPAWNSHIELD:0.5043065299506783
CE_PIECECOORDINATION:0.4215447292496805
CE_MATERIAL:0.5318546116199319
CE_KINGSAFETY:0.5129550619593333
C_PIECESQUARETABLES:0.4889019685815531
C_MOBILITY:0.5428750088005216
C_KINGSAFETY:0.6090019488236258
C_PAWNSTRUCTURE:0.4002420291343817
C_PIECECOORDINATION:0.4608183094315681
C_ROOKANDPAWNMOVEMENT:0.4608183094315681
C_CENTERCONTROL:0.4895973368061874
C_DEVELOPPIECES:0.4663356012883206
C_MATERIAL:0.49840706590037737
