ELO:969
CE_PASSEDPAWNS:0.47448654631853765
CE_PAWNWEAKNESSES:0.4708143976755877
CE_PIECEACTIVITY:0.48390510194351444
CE_KINGPAWNSHIELD:0.4923099114043523
CE_PIECECOORDINATION:0.46282521604494264
CE_MATERIAL:0.5179108603682885
CE_KINGSAFETY:0.5107852328183471
C_PIECESQUARETABLES:0.48192952928607385
C_MOBILITY:0.5374242161519652
C_KINGSAFETY:0.47715031939131236
C_PAWNSTRUCTURE:0.520541597134988
C_PIECECOORDINATION:0.5151369290569386
C_ROOK:0.5093008801831825
CE_ROOK:0.5011252254260364
C_CENTERCONTROL:0.5262565943906935
C_DEVELOPPIECES:0.5226956710684132
C_MATERIAL:0.4974002679359501
C_MOVECOUNT:0.488962383167949
C_PAWNMOVEMENT:0.5026717611475454
