ELO:989
CE_PASSEDPAWNS:0.3979993405552574
CE_PAWNWEAKNESSES:0.4612447774247508
CE_PIECEACTIVITY:0.50962592425649
CE_KINGPAWNSHIELD:0.4909448313510854
CE_PIECECOORDINATION:0.5990589164901857
CE_MATERIAL:0.42350071630399677
CE_KINGSAFETY:0.4879074360504327
C_PIECESQUARETABLES:0.5099631900114714
C_MOBILITY:0.6144851981925826
C_KINGSAFETY:0.5250912115677565
C_PAWNSTRUCTURE:0.62436365227218
C_PIECECOORDINATION:0.6080614413026602
C_ROOKANDPAWNMOVEMENT:0.6080614413026602
C_CENTERCONTROL:0.36466926251351156
C_DEVELOPPIECES:0.5421507298511069
C_MATERIAL:0.580630367547973
