ELO:966
CE_PASSEDPAWNS:0.5084372185977749
CE_PAWNWEAKNESSES:0.5002126093053403
CE_PIECEACTIVITY:0.5
CE_KINGPAWNSHIELD:0.5223442473260933
CE_PIECECOORDINATION:0.4866174516423465
CE_MATERIAL:0.5053607451945948
CE_KINGSAFETY:0.5
C_PIECESQUARETABLES:0.5
C_MOBILITY:0.49627523288674463
C_KINGSAFETY:0.4868128751748285
C_PAWNSTRUCTURE:0.49354147330458314
C_PIECECOORDINATION:0.4931910844326314
C_ROOKANDPAWNMOVEMENT:0.4931910844326314
C_CENTERCONTROL:0.48520558007395226
C_DEVELOPPIECES:0.4898148448156222
C_MATERIAL:0.49652881497186274
C_MOVECOUNT:0.491499194892963
