ELO:1000
CE_PASSEDPAWNS:0.533209191503329
CE_PAWNWEAKNESSES:0.4926745032940044
CE_PIECEACTIVITY:0.49499911867657814
CE_KINGPAWNSHIELD:0.49317965786777745
CE_PIECECOORDINATION:0.5404098521662848
CE_MATERIAL:0.5051309391974149
CE_KINGSAFETY:0.5100250488699357
C_PIECESQUARETABLES:0.5026868437925534
C_MOBILITY:0.5243603851879606
C_KINGSAFETY:0.4776362018942977
C_PAWNSTRUCTURE:0.5119449986382397
C_PIECECOORDINATION:0.4874205073116467
C_ROOKANDPAWNMOVEMENT:0.4874205073116467
C_CENTERCONTROL:0.49524855738922857
C_DEVELOPPIECES:0.5101944691458472
C_MATERIAL:0.48402550577326087
