ELO:1018
CE_PASSEDPAWNS:0.49944941034837786
CE_PAWNWEAKNESSES:0.5026734297447525
CE_PIECEACTIVITY:0.5008075193463103
CE_KINGPAWNSHIELD:0.5013428265522908
CE_PIECECOORDINATION:0.5032525350280342
CE_MATERIAL:0.5073243049650996
CE_KINGSAFETY:0.5
C_PIECESQUARETABLES:0.5
C_MOBILITY:0.5009597381342237
C_KINGSAFETY:0.5
C_PAWNSTRUCTURE:0.48300879416231207
C_PIECECOORDINATION:0.4963470729584982
C_ROOKANDPAWNMOVEMENT:0.4963470729584982
C_CENTERCONTROL:0.4963892546418327
C_DEVELOPPIECES:0.5178267520125824
C_MATERIAL:0.5
