ELO:955
CE_PASSEDPAWNS:0.45732340992869436
CE_PAWNWEAKNESSES:0.5590738566412636
CE_PIECEACTIVITY:0.44337549817725097
CE_KINGPAWNSHIELD:0.5083266464337568
CE_PIECECOORDINATION:0.43194183182418233
CE_MATERIAL:0.5278308405765831
CE_KINGSAFETY:0.504491517404718
C_PIECESQUARETABLES:0.4837699364319863
C_MOBILITY:0.5892381726354998
C_KINGSAFETY:0.5572500426647918
C_PAWNSTRUCTURE:0.4070563303793315
C_PIECECOORDINATION:0.5266794334814142
C_ROOKANDPAWNMOVEMENT:0.5266794334814142
C_CENTERCONTROL:0.46420150074212385
C_DEVELOPPIECES:0.5199773687868785
C_MATERIAL:0.5259404441747693
