ELO:980
CE_PASSEDPAWNS:0.4886306414406885
CE_PAWNWEAKNESSES:0.49831608112247117
CE_PIECEACTIVITY:0.4788771803914117
CE_KINGPAWNSHIELD:0.5218379005100966
CE_PIECECOORDINATION:0.4383960893372127
CE_MATERIAL:0.5251124271834237
CE_KINGSAFETY:0.5083825837272338
C_PIECESQUARETABLES:0.5
C_MOBILITY:0.548477925018504
C_KINGSAFETY:0.5138175720512391
C_PAWNSTRUCTURE:0.523664617534234
C_PIECECOORDINATION:0.5214892225183783
C_ROOK:0.4982612363632709
CE_ROOK:0.501874100794426
C_CENTERCONTROL:0.45547399386637577
C_DEVELOPPIECES:0.4941493299577897
C_MATERIAL:0.5011939301347549
C_MOVECOUNT:0.4945223149625236
C_PAWNMOVEMENT:0.4898770183305598
