ELO:1000
CE_PASSEDPAWNS:0.572521669798569
CE_PAWNWEAKNESSES:0.5071710673022497
CE_PIECEACTIVITY:0.4514586345518509
CE_KINGPAWNSHIELD:0.45625323302715026
CE_PIECECOORDINATION:0.5899992387648466
CE_MATERIAL:0.5204805991434022
CE_KINGSAFETY:0.4963502693385361
C_PIECESQUARETABLES:0.5144347329160858
C_MOBILITY:0.4515838812692721
C_KINGSAFETY:0.4655119077225688
C_PAWNSTRUCTURE:0.5051405194467555
C_PIECECOORDINATION:0.5894452572111264
C_ROOKANDPAWNMOVEMENT:0.5894452572111264
C_CENTERCONTROL:0.4271945739010623
C_DEVELOPPIECES:0.578345358503516
C_MATERIAL:0.4685872156116389
