ELO:947
CE_PASSEDPAWNS:0.4720951653585924
CE_PAWNWEAKNESSES:0.49605173022703425
CE_PIECEACTIVITY:0.4936918678352129
CE_KINGPAWNSHIELD:0.4325658370010916
CE_PIECECOORDINATION:0.5002443791095551
CE_MATERIAL:0.48933180279500804
CE_KINGSAFETY:0.5084185069870071
C_PIECESQUARETABLES:0.5279424749612311
C_MOBILITY:0.555706898686569
C_KINGSAFETY:0.4797332948428772
C_PAWNSTRUCTURE:0.48543865650024476
C_PIECECOORDINATION:0.4450367203541231
C_ROOKANDPAWNMOVEMENT:0.4450367203541231
C_CENTERCONTROL:0.49478172545190874
C_DEVELOPPIECES:0.5191433525764366
C_MATERIAL:0.4626562749980981
C_MOVECOUNT:0.5882900533808614
