ELO:1000
CE_PASSEDPAWNS:0.5167901542298102
CE_PAWNWEAKNESSES:0.4876950674437919
CE_PIECEACTIVITY:0.48292426965232876
CE_KINGPAWNSHIELD:0.5028044051114005
CE_PIECECOORDINATION:0.5102477877264855
CE_MATERIAL:0.5062453287649853
CE_KINGSAFETY:0.5015080810092866
C_PIECESQUARETABLES:0.5008384222497024
C_MOBILITY:0.5181650835596612
C_KINGSAFETY:0.4995438567086014
C_PAWNSTRUCTURE:0.506863014221743
C_PIECECOORDINATION:0.49598645543452957
C_ROOKANDPAWNMOVEMENT:0.49598645543452957
C_CENTERCONTROL:0.484846491998769
C_DEVELOPPIECES:0.495769942028441
C_MATERIAL:0.4965786014895757
