ELO:883
CE_PASSEDPAWNS:0.518513573768069
CE_PAWNWEAKNESSES:0.5619760028015117
CE_PIECEACTIVITY:0.5387323828061055
CE_KINGPAWNSHIELD:0.48277697611590487
CE_PIECECOORDINATION:0.49542426884545754
CE_MATERIAL:0.4723444174446392
CE_KINGSAFETY:0.46811560945522085
C_PIECESQUARETABLES:0.4968407106395198
C_MOBILITY:0.5099272475181854
C_KINGSAFETY:0.5305793790294306
C_PAWNSTRUCTURE:0.5088533670844265
C_PIECECOORDINATION:0.4644322167368024
C_ROOKANDPAWNMOVEMENT:0.4644322167368024
C_CENTERCONTROL:0.45531597498933435
C_DEVELOPPIECES:0.47669200257732763
C_MATERIAL:0.507423707392522
C_MOVECOUNT:0.5
