ELO:819
CE_PASSEDPAWNS:0.5202501496267291
CE_PAWNWEAKNESSES:0.4766697155708391
CE_PIECEACTIVITY:0.48331057803205457
CE_KINGPAWNSHIELD:0.5099925511941561
CE_PIECECOORDINATION:0.4962525401832557
CE_MATERIAL:0.5046663467752613
CE_KINGSAFETY:0.5130850834552785
C_PIECESQUARETABLES:0.45836122038629507
C_MOBILITY:0.5640803022309383
C_KINGSAFETY:0.5088352327787802
C_PAWNSTRUCTURE:0.4805831843722766
C_PIECECOORDINATION:0.458907515329266
C_ROOKANDPAWNMOVEMENT:0.458907515329266
C_CENTERCONTROL:0.5174625948780922
C_DEVELOPPIECES:0.47818021185173637
C_MATERIAL:0.5465676748578061
C_MOVECOUNT:0.5
