ELO:943
CE_PASSEDPAWNS:0.46204809180287876
CE_PAWNWEAKNESSES:0.5476626141688863
CE_PIECEACTIVITY:0.5087157465351025
CE_KINGPAWNSHIELD:0.5188861268115894
CE_PIECECOORDINATION:0.48598384646529763
CE_MATERIAL:0.5022238276183962
CE_KINGSAFETY:0.5004491846220877
C_PIECESQUARETABLES:0.5
C_MOBILITY:0.48840050887164976
C_KINGSAFETY:0.4851878143308007
C_PAWNSTRUCTURE:0.49878994006281124
C_PIECECOORDINATION:0.492967431885221
C_ROOKANDPAWNMOVEMENT:0.492967431885221
C_CENTERCONTROL:0.500879960531406
C_DEVELOPPIECES:0.5163313324954151
C_MATERIAL:0.5051806958495336
C_MOVECOUNT:0.5
