ELO:1000
CE_PASSEDPAWNS:0.48143416902814157
CE_PAWNWEAKNESSES:0.5519051151105886
CE_PIECEACTIVITY:0.4775620665532962
CE_KINGPAWNSHIELD:0.5065870965589152
CE_PIECECOORDINATION:0.4611434387364706
CE_MATERIAL:0.5290203510180296
CE_KINGSAFETY:0.500638577907116
C_PIECESQUARETABLES:0.4896003452875983
C_MOBILITY:0.5594002781829855
C_KINGSAFETY:0.5469133152484241
C_PAWNSTRUCTURE:0.42566717871185683
C_PIECECOORDINATION:0.49931335840992525
C_ROOKANDPAWNMOVEMENT:0.49931335840992525
C_CENTERCONTROL:0.5055372994726255
C_DEVELOPPIECES:0.47483136582200497
C_MATERIAL:0.5162073333580738
