ELO:997
CE_PASSEDPAWNS:0.4809697230053073
CE_PAWNWEAKNESSES:0.5039306529021941
CE_PIECEACTIVITY:0.4935339957687455
CE_KINGPAWNSHIELD:0.5221058311647878
CE_PIECECOORDINATION:0.5051111843838081
CE_MATERIAL:0.5150551927138636
CE_KINGSAFETY:0.4881897778840273
C_PIECESQUARETABLES:0.5118666800882755
C_MOBILITY:0.4883705025634982
C_KINGSAFETY:0.5021497049608757
C_PAWNSTRUCTURE:0.5014291397172952
C_PIECECOORDINATION:0.5105437342995387
C_ROOKANDPAWNMOVEMENT:0.5105437342995387
C_CENTERCONTROL:0.5
C_DEVELOPPIECES:0.501016931378772
C_MATERIAL:0.5
C_MOVECOUNT:0.5
