ELO:776
CE_PASSEDPAWNS:0.459298868132561
CE_PAWNWEAKNESSES:0.5342837553323937
CE_PIECEACTIVITY:0.5057751927442989
CE_KINGPAWNSHIELD:0.5038788410675185
CE_PIECECOORDINATION:0.5157690938503499
CE_MATERIAL:0.4870522995680432
CE_KINGSAFETY:0.4993736390916408
C_PIECESQUARETABLES:0.476003335245391
C_MOBILITY:0.4964365879133906
C_KINGSAFETY:0.516900985403309
C_PAWNSTRUCTURE:0.5221233037941464
C_PIECECOORDINATION:0.4558453001466072
C_ROOKANDPAWNMOVEMENT:0.4558453001466072
C_CENTERCONTROL:0.5165884681033656
C_DEVELOPPIECES:0.46306875343500337
C_MATERIAL:0.4917524621003677
C_MOVECOUNT:0.4648714242641706
