ELO:997
CE_PASSEDPAWNS:0.49134569136872186
CE_PAWNWEAKNESSES:0.4962467611389078
CE_PIECEACTIVITY:0.506029962374875
CE_KINGPAWNSHIELD:0.49675977225742857
CE_PIECECOORDINATION:0.47650835254420243
CE_MATERIAL:0.5062347543152076
CE_KINGSAFETY:0.4959989312574853
C_PIECESQUARETABLES:0.5067485080540209
C_MOBILITY:0.5218269246465628
C_KINGSAFETY:0.48780759789553774
C_PAWNSTRUCTURE:0.4909137026118149
C_PIECECOORDINATION:0.4872171144905342
C_ROOK:0.48787126072219555
CE_ROOK:0.4969046189720765
C_CENTERCONTROL:0.5283591992162768
C_DEVELOPPIECES:0.5130536472966382
C_MATERIAL:0.4827413061194625
C_MOVECOUNT:0.4736561691347131
C_PAWNMOVEMENT:0.4629649398021542
