ELO:1012
CE_PASSEDPAWNS:0.5
CE_PAWNWEAKNESSES:0.5
CE_PIECEACTIVITY:0.5104114566762821
CE_KINGPAWNSHIELD:0.5
CE_PIECECOORDINATION:0.510576411055881
CE_MATERIAL:0.4960085049600898
CE_KINGSAFETY:0.5
C_PIECESQUARETABLES:0.5
C_MOBILITY:0.516063630652985
C_KINGSAFETY:0.4894186282144054
C_PAWNSTRUCTURE:0.5
C_PIECECOORDINATION:0.5
C_ROOKANDPAWNMOVEMENT:0.5
C_CENTERCONTROL:0.5
C_DEVELOPPIECES:0.5
C_MATERIAL:0.5074346093568373
C_MOVECOUNT:0.5
