ELO:926
CE_PASSEDPAWNS:0.4737909889963464
CE_PAWNWEAKNESSES:0.48887963213383173
CE_PIECEACTIVITY:0.5037522144231232
CE_KINGPAWNSHIELD:0.47014550777858605
CE_PIECECOORDINATION:0.5241562728792917
CE_MATERIAL:0.48037953377789055
CE_KINGSAFETY:0.4684356316043404
C_PIECESQUARETABLES:0.4885884526571505
C_MOBILITY:0.4963362568621335
C_KINGSAFETY:0.5200966755183015
C_PAWNSTRUCTURE:0.5139856952528664
C_PIECECOORDINATION:0.5072129670883972
C_ROOKANDPAWNMOVEMENT:0.5072129670883972
C_CENTERCONTROL:0.490051422681475
C_DEVELOPPIECES:0.4838152642286874
C_MATERIAL:0.473592715604486
C_MOVECOUNT:0.5
