ELO:897
CE_PASSEDPAWNS:0.5302271591047955
CE_PAWNWEAKNESSES:0.5105570692805826
CE_PIECEACTIVITY:0.5058577411416548
CE_KINGPAWNSHIELD:0.45426080709416145
CE_PIECECOORDINATION:0.5173077382270904
CE_MATERIAL:0.49015164953708423
CE_KINGSAFETY:0.5
C_PIECESQUARETABLES:0.48881422024599686
C_MOBILITY:0.45556297758829045
C_KINGSAFETY:0.5428577357617754
C_PAWNSTRUCTURE:0.5169995641124274
C_PIECECOORDINATION:0.5006779650626254
C_ROOK:0.4700209282717796
CE_ROOK:0.5450244049879286
C_CENTERCONTROL:0.5308953205360404
C_DEVELOPPIECES:0.5033987816373456
C_MATERIAL:0.48359175061039056
C_MOVECOUNT:0.5026304911344767
C_PAWNMOVEMENT:0.5082108368708186
