ELO:987
CE_PASSEDPAWNS:0.44762217324842735
CE_PAWNWEAKNESSES:0.39252326647094454
CE_PIECEACTIVITY:0.4732412639064044
CE_KINGPAWNSHIELD:0.5
CE_PIECECOORDINATION:0.5121939847453969
CE_MATERIAL:0.4888614351493812
CE_KINGSAFETY:0.5
C_PIECESQUARETABLES:0.5
C_MOBILITY:0.5214648957387107
C_KINGSAFETY:0.5731047208553322
C_PAWNSTRUCTURE:0.4410855088994318
C_PIECECOORDINATION:0.4735141388030254
C_ROOKANDPAWNMOVEMENT:0.4735141388030254
C_CENTERCONTROL:0.4395137691267157
C_DEVELOPPIECES:0.4976746320734282
C_MATERIAL:0.4944610651511498
C_MOVECOUNT:0.5
