ELO:915
CE_PASSEDPAWNS:0.4715443924058776
CE_PAWNWEAKNESSES:0.5624333871500677
CE_PIECEACTIVITY:0.6116170720195672
CE_KINGPAWNSHIELD:0.36160050329371957
CE_PIECECOORDINATION:0.46977881784313796
CE_MATERIAL:0.5302457080866646
CE_KINGSAFETY:0.4996927409530262
C_PIECESQUARETABLES:0.4961200869435003
C_MOBILITY:0.4649333476566052
C_KINGSAFETY:0.5510300139747267
C_PAWNSTRUCTURE:0.466416585421753
C_PIECECOORDINATION:0.5070520012772122
C_ROOKANDPAWNMOVEMENT:0.5070520012772122
C_CENTERCONTROL:0.5104095064119344
C_DEVELOPPIECES:0.6044129141630853
C_MATERIAL:0.4734563707292366
