ELO:860
CE_PASSEDPAWNS:0.4829697088805208
CE_PAWNWEAKNESSES:0.46028603993814576
CE_PIECEACTIVITY:0.5089360182747379
CE_KINGPAWNSHIELD:0.4800022979171716
CE_PIECECOORDINATION:0.5854913882487317
CE_MATERIAL:0.5113052049927178
CE_KINGSAFETY:0.5219254915198437
C_PIECESQUARETABLES:0.49637374222568337
C_MOBILITY:0.5520317610219144
C_KINGSAFETY:0.5449448305082175
C_PAWNSTRUCTURE:0.44786770444234975
C_PIECECOORDINATION:0.47813113701266735
C_ROOKANDPAWNMOVEMENT:0.47813113701266735
C_CENTERCONTROL:0.5302439830888059
C_DEVELOPPIECES:0.4861128629174645
C_MATERIAL:0.5204021044183056
