ELO:971
CE_PASSEDPAWNS:0.6011803193036567
CE_PAWNWEAKNESSES:0.593666684494194
CE_PIECEACTIVITY:0.43276746009356043
CE_KINGPAWNSHIELD:0.5549459919785544
CE_PIECECOORDINATION:0.46080622267819504
CE_MATERIAL:0.5623400821806819
CE_KINGSAFETY:0.5181633788493841
C_PIECESQUARETABLES:0.4888937746104763
C_MOBILITY:0.4820808736766849
C_KINGSAFETY:0.39001110612218526
C_PAWNSTRUCTURE:0.4196523703920061
C_PIECECOORDINATION:0.4470561728246369
C_ROOKANDPAWNMOVEMENT:0.4470561728246369
C_CENTERCONTROL:0.5345518332126977
C_DEVELOPPIECES:0.4443625065443243
C_MATERIAL:0.5190890082056504
