ELO:1000
CE_PASSEDPAWNS:0.45523959982369744
CE_PAWNWEAKNESSES:0.49704583305473743
CE_PIECEACTIVITY:0.5834170198561464
CE_KINGPAWNSHIELD:0.46862416308961674
CE_PIECECOORDINATION:0.5394034508438887
CE_MATERIAL:0.4776793654920988
CE_KINGSAFETY:0.47649558511308027
C_PIECESQUARETABLES:0.48098852566661854
C_MOBILITY:0.4976284541724722
C_KINGSAFETY:0.5151591200470677
C_PAWNSTRUCTURE:0.5369714544564337
C_PIECECOORDINATION:0.5569701928058588
C_ROOKANDPAWNMOVEMENT:0.5569701928058588
C_CENTERCONTROL:0.519646999196353
C_DEVELOPPIECES:0.4764232823300062
C_MATERIAL:0.4691701390710373
