ELO:971
CE_PASSEDPAWNS:0.5954091727738011
CE_PAWNWEAKNESSES:0.6006604386842683
CE_PIECEACTIVITY:0.45730686009860794
CE_KINGPAWNSHIELD:0.5425669093488303
CE_PIECECOORDINATION:0.46999870474619293
CE_MATERIAL:0.5722973369573883
CE_KINGSAFETY:0.5379623373625841
C_PIECESQUARETABLES:0.4830791672485937
C_MOBILITY:0.4683103593443387
C_KINGSAFETY:0.3881366642630937
C_PAWNSTRUCTURE:0.41398529160867564
C_PIECECOORDINATION:0.46005415857943943
C_ROOKANDPAWNMOVEMENT:0.46005415857943943
C_CENTERCONTROL:0.5244235128624201
C_DEVELOPPIECES:0.43173360742639527
C_MATERIAL:0.5275210779420583
