ELO:927
CE_PASSEDPAWNS:0.5974377406999108
CE_PAWNWEAKNESSES:0.5864728412499907
CE_PIECEACTIVITY:0.47112036764097376
CE_KINGPAWNSHIELD:0.5531766537354531
CE_PIECECOORDINATION:0.45145518902834547
CE_MATERIAL:0.6045627129258212
CE_KINGSAFETY:0.5130483341066161
C_PIECESQUARETABLES:0.5075734442276354
C_MOBILITY:0.4832633153310489
C_KINGSAFETY:0.3801695620648631
C_PAWNSTRUCTURE:0.3878123794894889
C_PIECECOORDINATION:0.4528303562533875
C_ROOKANDPAWNMOVEMENT:0.4528303562533875
C_CENTERCONTROL:0.49487147884351135
C_DEVELOPPIECES:0.38187704925287363
C_MATERIAL:0.556407853727423
