ELO:1000
CE_PASSEDPAWNS:0.486493046708394
CE_PAWNWEAKNESSES:0.5199272952469436
CE_PIECEACTIVITY:0.5081731569252732
CE_KINGPAWNSHIELD:0.44768394555059626
CE_PIECECOORDINATION:0.48746955346135423
CE_MATERIAL:0.5229983849634141
CE_KINGSAFETY:0.5065613581559608
C_PIECESQUARETABLES:0.4737944875967246
C_MOBILITY:0.5319157664705392
C_KINGSAFETY:0.5227270370439882
C_PAWNSTRUCTURE:0.48168591370107766
C_PIECECOORDINATION:0.5184264867209007
C_ROOKANDPAWNMOVEMENT:0.5184264867209007
C_CENTERCONTROL:0.4387380221974301
C_DEVELOPPIECES:0.49949464311288927
C_MATERIAL:0.4911195399294226
