ELO:873
CE_PASSEDPAWNS:0.5588514673352764
CE_PAWNWEAKNESSES:0.5203093496965941
CE_PIECEACTIVITY:0.5198701444870338
CE_KINGPAWNSHIELD:0.4593860638686086
CE_PIECECOORDINATION:0.5113898742333411
CE_MATERIAL:0.4919934346075211
CE_KINGSAFETY:0.4997560951573565
C_PIECESQUARETABLES:0.5038620601013177
C_MOBILITY:0.452628954663812
C_KINGSAFETY:0.5428577357617754
C_PAWNSTRUCTURE:0.520093592425938
C_PIECECOORDINATION:0.46914550111655823
C_ROOK:0.4699879636797687
CE_ROOK:0.5536441931708783
C_CENTERCONTROL:0.5295092276546925
C_DEVELOPPIECES:0.4912769874951341
C_MATERIAL:0.48359175061039056
C_MOVECOUNT:0.5023317055192078
C_PAWNMOVEMENT:0.499875766354484
