ELO:1033
CE_PASSEDPAWNS:0.4638668402751234
CE_PAWNWEAKNESSES:0.531139043716317
CE_PIECEACTIVITY:0.5101156012149163
CE_KINGPAWNSHIELD:0.4918803405965697
CE_PIECECOORDINATION:0.4485956125357362
CE_MATERIAL:0.4868496530773326
CE_KINGSAFETY:0.5
C_PIECESQUARETABLES:0.4849265779733406
C_MOBILITY:0.5
C_KINGSAFETY:0.5252171715570149
C_PAWNSTRUCTURE:0.4772345568655496
C_PIECECOORDINATION:0.5171599319707153
C_ROOKANDPAWNMOVEMENT:0.5171599319707153
C_CENTERCONTROL:0.46252506508354035
C_DEVELOPPIECES:0.48872829184308847
C_MATERIAL:0.4918059110068433
C_MOVECOUNT:0.5
