ELO:1007
CE_PASSEDPAWNS:0.5034851761364274
CE_PAWNWEAKNESSES:0.50782316781143
CE_PIECEACTIVITY:0.5111789904511402
CE_KINGPAWNSHIELD:0.49151856294301294
CE_PIECECOORDINATION:0.4996416392786762
CE_MATERIAL:0.5225472319489256
CE_KINGSAFETY:0.5149193404634046
C_PIECESQUARETABLES:0.4889098101684643
C_MOBILITY:0.48115654907301375
C_KINGSAFETY:0.4893196792785724
C_PAWNSTRUCTURE:0.5
C_PIECECOORDINATION:0.49393685030878687
C_ROOKANDPAWNMOVEMENT:0.49393685030878687
C_CENTERCONTROL:0.49306079421693233
C_DEVELOPPIECES:0.49030236691958234
C_MATERIAL:0.48920696384653295
C_MOVECOUNT:0.5114082047914955
