ELO:918
CE_PASSEDPAWNS:0.4694110944485454
CE_PAWNWEAKNESSES:0.5397756469241664
CE_PIECEACTIVITY:0.5841980707105517
CE_KINGPAWNSHIELD:0.36418961915929504
CE_PIECECOORDINATION:0.4804774893341293
CE_MATERIAL:0.537558198484804
CE_KINGSAFETY:0.5145451264885549
C_PIECESQUARETABLES:0.4940304409746263
C_MOBILITY:0.45463312649283316
C_KINGSAFETY:0.5534053211192306
C_PAWNSTRUCTURE:0.5005681306171186
C_PIECECOORDINATION:0.49209002942939584
C_ROOKANDPAWNMOVEMENT:0.49209002942939584
C_CENTERCONTROL:0.5070465181184441
C_DEVELOPPIECES:0.6063101589690844
C_MATERIAL:0.4456172643853136
