ELO:1021
CE_PASSEDPAWNS:0.5836072496647572
CE_PAWNWEAKNESSES:0.5381989847802796
CE_PIECEACTIVITY:0.41917288944942965
CE_KINGPAWNSHIELD:0.5426482596783211
CE_PIECECOORDINATION:0.4604898395560025
CE_MATERIAL:0.5190218241128935
CE_KINGSAFETY:0.5255860512077867
C_PIECESQUARETABLES:0.4883572200769537
C_MOBILITY:0.5274577199116331
C_KINGSAFETY:0.40303747373678206
C_PAWNSTRUCTURE:0.4690427341229156
C_PIECECOORDINATION:0.4776956145075118
C_ROOKANDPAWNMOVEMENT:0.4776956145075118
C_CENTERCONTROL:0.49919459892168666
C_DEVELOPPIECES:0.45348521688577187
C_MATERIAL:0.5384458430728142
