ELO:999
CE_PASSEDPAWNS:0.5
CE_PAWNWEAKNESSES:0.5
CE_PIECEACTIVITY:0.4880949053111936
CE_KINGPAWNSHIELD:0.5
CE_PIECECOORDINATION:0.49949023353212824
CE_MATERIAL:0.4894641672476098
CE_KINGSAFETY:0.49476499651458794
C_PIECESQUARETABLES:0.495675257123772
C_MOBILITY:0.48759640620544886
C_KINGSAFETY:0.48910548817776284
C_PAWNSTRUCTURE:0.5036222846163949
C_PIECECOORDINATION:0.5
C_ROOKANDPAWNMOVEMENT:0.5
C_CENTERCONTROL:0.5
C_DEVELOPPIECES:0.5082305875239536
C_MATERIAL:0.5060284859928774
C_MOVECOUNT:0.5
