ELO:911
CE_PASSEDPAWNS:0.5241482702963164
CE_PAWNWEAKNESSES:0.5240643360559755
CE_PIECEACTIVITY:0.4954347425877601
CE_KINGPAWNSHIELD:0.4495557492966103
CE_PIECECOORDINATION:0.5184087717955107
CE_MATERIAL:0.4906695786063442
CE_KINGSAFETY:0.5
C_PIECESQUARETABLES:0.5
C_MOBILITY:0.4911542550551648
C_KINGSAFETY:0.5462629638822496
C_PAWNSTRUCTURE:0.5169995641124274
C_PIECECOORDINATION:0.49127392030826295
C_ROOK:0.46308191373964286
CE_ROOK:0.5197332923710604
C_CENTERCONTROL:0.5311792001422041
C_DEVELOPPIECES:0.505644898882102
C_MATERIAL:0.4822603957728455
C_MOVECOUNT:0.4862009685339627
C_PAWNMOVEMENT:0.4952272908462133
