ELO:1027
CE_PASSEDPAWNS:0.5087521647608677
CE_PAWNWEAKNESSES:0.5030521650763471
CE_PIECEACTIVITY:0.5039748565884419
CE_KINGPAWNSHIELD:0.5000436307457887
CE_PIECECOORDINATION:0.49354751014177595
CE_MATERIAL:0.5
CE_KINGSAFETY:0.4876168118698511
C_PIECESQUARETABLES:0.4750268269350214
C_MOBILITY:0.5050713456053179
C_KINGSAFETY:0.5
C_PAWNSTRUCTURE:0.5
C_PIECECOORDINATION:0.4705597270021839
C_ROOKANDPAWNMOVEMENT:0.4705597270021839
C_CENTERCONTROL:0.5029865019711822
C_DEVELOPPIECES:0.5
C_MATERIAL:0.48814034019724695
C_MOVECOUNT:0.5
