ELO:968
CE_PASSEDPAWNS:0.5181565150550443
CE_PAWNWEAKNESSES:0.5722788871246072
CE_PIECEACTIVITY:0.48972367410773054
CE_KINGPAWNSHIELD:0.497147241712378
CE_PIECECOORDINATION:0.5348150918791749
CE_MATERIAL:0.4688168437300998
CE_KINGSAFETY:0.5247891425164668
C_PIECESQUARETABLES:0.5186932374722297
C_MOBILITY:0.5053428499850943
C_KINGSAFETY:0.5039057386516407
C_PAWNSTRUCTURE:0.4885038127482756
C_PIECECOORDINATION:0.46303720366414663
C_ROOKANDPAWNMOVEMENT:0.46303720366414663
C_CENTERCONTROL:0.5076925120764675
C_DEVELOPPIECES:0.5005413232035097
C_MATERIAL:0.4810368430306505
C_MOVECOUNT:0.5
