ELO:916
CE_PASSEDPAWNS:0.5251372985840802
CE_PAWNWEAKNESSES:0.5043962579902934
CE_PIECEACTIVITY:0.5056370989879843
CE_KINGPAWNSHIELD:0.46035597227648106
CE_PIECECOORDINATION:0.5129764815559156
CE_MATERIAL:0.5077597567732397
CE_KINGSAFETY:0.5
C_PIECESQUARETABLES:0.5127297637527712
C_MOBILITY:0.48021376522648057
C_KINGSAFETY:0.5401804689433205
C_PAWNSTRUCTURE:0.5142441935958674
C_PIECECOORDINATION:0.480094229434876
C_ROOK:0.4826643615186427
CE_ROOK:0.5177309208314577
C_CENTERCONTROL:0.5422595505633653
C_DEVELOPPIECES:0.5273975871857416
C_MATERIAL:0.48825966682365857
C_MOVECOUNT:0.48564988681541404
C_PAWNMOVEMENT:0.5202153656980849
