ELO:1047
CE_PASSEDPAWNS:0.49983305858076743
CE_PAWNWEAKNESSES:0.5101787995395966
CE_PIECEACTIVITY:0.537894709832281
CE_KINGPAWNSHIELD:0.4593213987530438
CE_PIECECOORDINATION:0.5088885429659978
CE_MATERIAL:0.5196266433722815
CE_KINGSAFETY:0.5131408513778518
C_PIECESQUARETABLES:0.5
C_MOBILITY:0.43143216850071237
C_KINGSAFETY:0.5493057075191667
C_PAWNSTRUCTURE:0.4782243422008113
C_PIECECOORDINATION:0.4978046757467898
C_ROOKANDPAWNMOVEMENT:0.4978046757467898
C_CENTERCONTROL:0.49605906626036383
C_DEVELOPPIECES:0.48258997994755465
C_MATERIAL:0.4869974467888816
C_MOVECOUNT:0.5
