ELO:1026
CE_PASSEDPAWNS:0.5087521647608677
CE_PAWNWEAKNESSES:0.5
CE_PIECEACTIVITY:0.5
CE_KINGPAWNSHIELD:0.5
CE_PIECECOORDINATION:0.5
CE_MATERIAL:0.5013969306759026
CE_KINGSAFETY:0.5
C_PIECESQUARETABLES:0.5
C_MOBILITY:0.506761326538133
C_KINGSAFETY:0.5
C_PAWNSTRUCTURE:0.5
C_PIECECOORDINATION:0.5038876608115066
C_ROOKANDPAWNMOVEMENT:0.5038876608115066
C_CENTERCONTROL:0.5
C_DEVELOPPIECES:0.5070875250325665
C_MATERIAL:0.5
C_MOVECOUNT:0.5
