ELO:1000
CE_PASSEDPAWNS:0.487523663460224
CE_PAWNWEAKNESSES:0.5343730186754299
CE_PIECEACTIVITY:0.5048192475726546
CE_KINGPAWNSHIELD:0.444691865076118
CE_PIECECOORDINATION:0.49910531012828263
CE_MATERIAL:0.5341708961937177
CE_KINGSAFETY:0.49761029525372935
C_PIECESQUARETABLES:0.49223617093559846
C_MOBILITY:0.540852520716064
C_KINGSAFETY:0.5031086287798403
C_PAWNSTRUCTURE:0.48213768259379725
C_PIECECOORDINATION:0.5104496386205496
C_ROOKANDPAWNMOVEMENT:0.5104496386205496
C_CENTERCONTROL:0.482159765944122
C_DEVELOPPIECES:0.5357042454373753
C_MATERIAL:0.48842487934285006
