ELO:959
CE_PASSEDPAWNS:0.593314240273552
CE_PAWNWEAKNESSES:0.6077260769284122
CE_PIECEACTIVITY:0.47298511005597266
CE_KINGPAWNSHIELD:0.5392203616632901
CE_PIECECOORDINATION:0.4635100482235437
CE_MATERIAL:0.5934719444397374
CE_KINGSAFETY:0.5229176545738307
C_PIECESQUARETABLES:0.4990710593388721
C_MOBILITY:0.47487451437922656
C_KINGSAFETY:0.39028228565755546
C_PAWNSTRUCTURE:0.42163314044771943
C_PIECECOORDINATION:0.43716267719743834
C_ROOKANDPAWNMOVEMENT:0.43716267719743834
C_CENTERCONTROL:0.49900727046458976
C_DEVELOPPIECES:0.3929662811002104
C_MATERIAL:0.541117041209382
