ELO:1000
CE_PASSEDPAWNS:0.4897749484471975
CE_PAWNWEAKNESSES:0.49632678393505997
CE_PIECEACTIVITY:0.5015397920713206
CE_KINGPAWNSHIELD:0.5096255396642196
CE_PIECECOORDINATION:0.5
CE_MATERIAL:0.5
CE_KINGSAFETY:0.49465790457903014
C_PIECESQUARETABLES:0.5106836720910249
C_MOBILITY:0.5016698992525211
C_KINGSAFETY:0.5
C_PAWNSTRUCTURE:0.5086135547608489
C_PIECECOORDINATION:0.5089093798640871
C_ROOKANDPAWNMOVEMENT:0.5089093798640871
C_CENTERCONTROL:0.5052185542341049
C_DEVELOPPIECES:0.48759662351902205
C_MATERIAL:0.5038485961027502
