ELO:996
CE_PASSEDPAWNS:0.49587981139642473
CE_PAWNWEAKNESSES:0.5097448360009207
CE_PIECEACTIVITY:0.49789111229907956
CE_KINGPAWNSHIELD:0.504143872753308
CE_PIECECOORDINATION:0.5
CE_MATERIAL:0.4880606848403743
CE_KINGSAFETY:0.5
C_PIECESQUARETABLES:0.5
C_MOBILITY:0.5007034037063163
C_KINGSAFETY:0.5
C_PAWNSTRUCTURE:0.4892659031250158
C_PIECECOORDINATION:0.5257410691688768
C_ROOKANDPAWNMOVEMENT:0.5257410691688768
C_CENTERCONTROL:0.4869598621674687
C_DEVELOPPIECES:0.4898671610962405
C_MATERIAL:0.5068270866241559
C_MOVECOUNT:0.46258030889187085
