ELO:1094
CE_PASSEDPAWNS:0.45698088104193607
CE_PAWNWEAKNESSES:0.4476413466186686
CE_PIECEACTIVITY:0.48280837259635145
CE_KINGPAWNSHIELD:0.41999154371089625
CE_PIECECOORDINATION:0.47700915316891923
CE_MATERIAL:0.45010939930116606
CE_KINGSAFETY:0.5
C_PIECESQUARETABLES:0.5033412641411668
C_MOBILITY:0.4248722025850633
C_KINGSAFETY:0.6374809102290377
C_PAWNSTRUCTURE:0.44700913795848674
C_PIECECOORDINATION:0.4886580873218714
C_ROOKANDPAWNMOVEMENT:0.4886580873218714
C_CENTERCONTROL:0.49426960786521607
C_DEVELOPPIECES:0.5576237735754453
C_MATERIAL:0.3857935264943868
