ELO:1000
CE_PASSEDPAWNS:0.45523959982369744
CE_PAWNWEAKNESSES:0.5027601081697988
CE_PIECEACTIVITY:0.5834170198561464
CE_KINGPAWNSHIELD:0.46920024176135033
CE_PIECECOORDINATION:0.5375567098468947
CE_MATERIAL:0.4776793654920988
CE_KINGSAFETY:0.4864138765128416
C_PIECESQUARETABLES:0.4938058339214218
C_MOBILITY:0.497767362896077
C_KINGSAFETY:0.5244359449378633
C_PAWNSTRUCTURE:0.531858394802915
C_PIECECOORDINATION:0.5569701928058588
C_ROOKANDPAWNMOVEMENT:0.5569701928058588
C_CENTERCONTROL:0.519646999196353
C_DEVELOPPIECES:0.48543340814500174
C_MATERIAL:0.4691701390710373
