ELO:1050
CE_PASSEDPAWNS:0.5
CE_PAWNWEAKNESSES:0.5061756796884485
CE_PIECEACTIVITY:0.5
CE_KINGPAWNSHIELD:0.5
CE_PIECECOORDINATION:0.5071336665431772
CE_MATERIAL:0.5
CE_KINGSAFETY:0.4876168118698511
C_PIECESQUARETABLES:0.5
C_MOBILITY:0.5
C_KINGSAFETY:0.4998548630673308
C_PAWNSTRUCTURE:0.5111394028281625
C_PIECECOORDINATION:0.5
C_ROOKANDPAWNMOVEMENT:0.5
C_CENTERCONTROL:0.48263804344356853
C_DEVELOPPIECES:0.5
C_MATERIAL:0.5097665363938618
C_MOVECOUNT:0.5
