ELO:982
CE_PASSEDPAWNS:0.4966923339476404
CE_PAWNWEAKNESSES:0.5034477442226141
CE_PIECEACTIVITY:0.4993293588859304
CE_KINGPAWNSHIELD:0.49801898466092964
CE_PIECECOORDINATION:0.501171178141164
CE_MATERIAL:0.5
CE_KINGSAFETY:0.5
C_PIECESQUARETABLES:0.48773621852463067
C_MOBILITY:0.5063778885588621
C_KINGSAFETY:0.5110847575479173
C_PAWNSTRUCTURE:0.47982051006152276
C_PIECECOORDINATION:0.5
C_ROOKANDPAWNMOVEMENT:0.5
C_CENTERCONTROL:0.4811140444159673
C_DEVELOPPIECES:0.5091848149486188
C_MATERIAL:0.5092626391975806
