ELO:761
CE_PASSEDPAWNS:0.48115305529843827
CE_PAWNWEAKNESSES:0.49970223757758975
CE_PIECEACTIVITY:0.49493175311681853
CE_KINGPAWNSHIELD:0.4626785664507395
CE_PIECECOORDINATION:0.4228215073221156
CE_MATERIAL:0.5195394875381011
CE_KINGSAFETY:0.4751074501284276
C_PIECESQUARETABLES:0.5263233809886585
C_MOBILITY:0.5418341269197734
C_KINGSAFETY:0.4585710642451427
C_PAWNSTRUCTURE:0.5392956395972061
C_PIECECOORDINATION:0.5156747019131723
C_ROOKANDPAWNMOVEMENT:0.5156747019131723
C_CENTERCONTROL:0.4833814975608473
C_DEVELOPPIECES:0.3586511337093482
C_MATERIAL:0.519879378670873
C_MOVECOUNT:0.5232903021318204
