ELO:1000
CE_PASSEDPAWNS:0.5014570204483211
CE_PAWNWEAKNESSES:0.4965710418264498
CE_PIECEACTIVITY:0.5133654721016272
CE_KINGPAWNSHIELD:0.5132037280286741
CE_PIECECOORDINATION:0.5410399895040904
CE_MATERIAL:0.4943294615246065
CE_KINGSAFETY:0.5076249407832283
C_PIECESQUARETABLES:0.49931432525019276
C_MOBILITY:0.5
C_KINGSAFETY:0.5019152899123223
C_PAWNSTRUCTURE:0.5062881031840377
C_PIECECOORDINATION:0.496992743176028
C_ROOKANDPAWNMOVEMENT:0.496992743176028
C_CENTERCONTROL:0.4979026069248329
C_DEVELOPPIECES:0.49667210793802685
C_MATERIAL:0.5108627020307093
