ELO:1034
CE_PASSEDPAWNS:0.5087521647608677
CE_PAWNWEAKNESSES:0.5072248954703874
CE_PIECEACTIVITY:0.5081439519656143
CE_KINGPAWNSHIELD:0.5208285102688698
CE_PIECECOORDINATION:0.5
CE_MATERIAL:0.5013969306759026
CE_KINGSAFETY:0.48934230485505115
C_PIECESQUARETABLES:0.5071909144188359
C_MOBILITY:0.5
C_KINGSAFETY:0.5
C_PAWNSTRUCTURE:0.5
C_PIECECOORDINATION:0.4969649170403147
C_ROOKANDPAWNMOVEMENT:0.4969649170403147
C_CENTERCONTROL:0.5
C_DEVELOPPIECES:0.4934291648674611
C_MATERIAL:0.4938966483895727
C_MOVECOUNT:0.5
