ELO:1000
CE_PASSEDPAWNS:0.48091169500321285
CE_PAWNWEAKNESSES:0.525874962008249
CE_PIECEACTIVITY:0.5181711509619893
CE_KINGPAWNSHIELD:0.45685591161781997
CE_PIECECOORDINATION:0.49496515172552213
CE_MATERIAL:0.5241685931374959
CE_KINGSAFETY:0.521084319142328
C_PIECESQUARETABLES:0.44699941037757784
C_MOBILITY:0.5332674801628863
C_KINGSAFETY:0.5147903019476016
C_PAWNSTRUCTURE:0.4671354628183848
C_PIECECOORDINATION:0.506947255115131
C_ROOKANDPAWNMOVEMENT:0.506947255115131
C_CENTERCONTROL:0.45260339502942964
C_DEVELOPPIECES:0.5259814187227592
C_MATERIAL:0.46607639447048443
