ELO:1037
CE_PASSEDPAWNS:0.5007949786052449
CE_PAWNWEAKNESSES:0.4965116189971045
CE_PIECEACTIVITY:0.5
CE_KINGPAWNSHIELD:0.4894119599102055
CE_PIECECOORDINATION:0.4949858313300699
CE_MATERIAL:0.49469391405514157
CE_KINGSAFETY:0.5006933427050426
C_PIECESQUARETABLES:0.48518079309598083
C_MOBILITY:0.5007409394850927
C_KINGSAFETY:0.49458084479236664
C_PAWNSTRUCTURE:0.4827870987437292
C_PIECECOORDINATION:0.49961449616109127
C_ROOKANDPAWNMOVEMENT:0.49961449616109127
C_CENTERCONTROL:0.5
C_DEVELOPPIECES:0.5084436437369393
C_MATERIAL:0.49299806593705053
C_MOVECOUNT:0.5
