ELO:923
CE_PASSEDPAWNS:0.5241482702963164
CE_PAWNWEAKNESSES:0.5141696783766253
CE_PIECEACTIVITY:0.4903385164004564
CE_KINGPAWNSHIELD:0.46035597227648106
CE_PIECECOORDINATION:0.5070590021905172
CE_MATERIAL:0.495493268417266
CE_KINGSAFETY:0.5175538638792267
C_PIECESQUARETABLES:0.5156810853676258
C_MOBILITY:0.4834203109852643
C_KINGSAFETY:0.5495735628997475
C_PAWNSTRUCTURE:0.5142441935958674
C_PIECECOORDINATION:0.49594632256951376
C_ROOK:0.48705758092884605
CE_ROOK:0.5197332923710604
C_CENTERCONTROL:0.5323851039003524
C_DEVELOPPIECES:0.5239189049729954
C_MATERIAL:0.4855570307037596
C_MOVECOUNT:0.47841354545103665
C_PAWNMOVEMENT:0.507086341698337
