ELO:1000
CE_PASSEDPAWNS:0.47104142506180857
CE_PAWNWEAKNESSES:0.5075211255087674
CE_PIECEACTIVITY:0.5897012780076445
CE_KINGPAWNSHIELD:0.47980623982550785
CE_PIECECOORDINATION:0.5316104957041686
CE_MATERIAL:0.4752429514012073
CE_KINGSAFETY:0.4750849714694275
C_PIECESQUARETABLES:0.4926594683447317
C_MOBILITY:0.5285495937720441
C_KINGSAFETY:0.529554889823909
C_PAWNSTRUCTURE:0.5462296605443999
C_PIECECOORDINATION:0.5405021835764621
C_ROOKANDPAWNMOVEMENT:0.5405021835764621
C_CENTERCONTROL:0.519646999196353
C_DEVELOPPIECES:0.4613013067905584
C_MATERIAL:0.4806996020005899
