ELO:941
CE_PASSEDPAWNS:0.5102947136359998
CE_PAWNWEAKNESSES:0.48757195856155006
CE_PIECEACTIVITY:0.5588170806061936
CE_KINGPAWNSHIELD:0.5004614664506701
CE_PIECECOORDINATION:0.5082233858327451
CE_MATERIAL:0.48993820627438234
CE_KINGSAFETY:0.5423326498010873
C_PIECESQUARETABLES:0.504003878044893
C_MOBILITY:0.48435478150806227
C_KINGSAFETY:0.510622846860608
C_PAWNSTRUCTURE:0.5969454534897619
C_PIECECOORDINATION:0.5332649568418527
C_ROOKANDPAWNMOVEMENT:0.5332649568418527
C_CENTERCONTROL:0.446365933583725
C_DEVELOPPIECES:0.494571414525155
C_MATERIAL:0.5328652005454848
C_MOVECOUNT:0.5240526345339529
