ELO:1049
CE_PASSEDPAWNS:0.5005757056401804
CE_PAWNWEAKNESSES:0.5061756796884485
CE_PIECEACTIVITY:0.5
CE_KINGPAWNSHIELD:0.5001699309388536
CE_PIECECOORDINATION:0.5
CE_MATERIAL:0.5
CE_KINGSAFETY:0.47640029649824583
C_PIECESQUARETABLES:0.5
C_MOBILITY:0.5007409394850927
C_KINGSAFETY:0.4998548630673308
C_PAWNSTRUCTURE:0.5111394028281625
C_PIECECOORDINATION:0.5
C_ROOKANDPAWNMOVEMENT:0.5
C_CENTERCONTROL:0.5
C_DEVELOPPIECES:0.506992335884555
C_MATERIAL:0.4938966483895727
C_MOVECOUNT:0.5
