ELO:993
CE_PASSEDPAWNS:0.49936309776144594
CE_PAWNWEAKNESSES:0.5
CE_PIECEACTIVITY:0.5055066679943079
CE_KINGPAWNSHIELD:0.5121282390978458
CE_PIECECOORDINATION:0.5169261358386519
CE_MATERIAL:0.5138718299156436
CE_KINGSAFETY:0.5
C_PIECESQUARETABLES:0.5
C_MOBILITY:0.5214963966638473
C_KINGSAFETY:0.48658609167484485
C_PAWNSTRUCTURE:0.49372037610399605
C_PIECECOORDINATION:0.46852575669764573
C_ROOKANDPAWNMOVEMENT:0.46852575669764573
C_CENTERCONTROL:0.503499230312765
C_DEVELOPPIECES:0.49659098445475847
C_MATERIAL:0.5030430533909389
C_MOVECOUNT:0.4757445296284071
