ELO:955
CE_PASSEDPAWNS:0.5379112264421415
CE_PAWNWEAKNESSES:0.5436218345455711
CE_PIECEACTIVITY:0.49301355912221634
CE_KINGPAWNSHIELD:0.5295294115102487
CE_PIECECOORDINATION:0.5040032650237193
CE_MATERIAL:0.5134529698771971
CE_KINGSAFETY:0.49039370621659184
C_PIECESQUARETABLES:0.4896782207939321
C_MOBILITY:0.5099879616718984
C_KINGSAFETY:0.4891600330745318
C_PAWNSTRUCTURE:0.5116773449832821
C_PIECECOORDINATION:0.5337303053926005
C_ROOK:0.4782663416240261
CE_ROOK:0.49320940740666164
C_CENTERCONTROL:0.46924021319455295
C_DEVELOPPIECES:0.48495999675815565
C_MATERIAL:0.4793728848110527
C_MOVECOUNT:0.5168881068239723
C_PAWNMOVEMENT:0.4903443830382495
