ELO:963
CE_PASSEDPAWNS:0.5316207519092576
CE_PAWNWEAKNESSES:0.5127502664287236
CE_PIECEACTIVITY:0.5018522600629741
CE_KINGPAWNSHIELD:0.4977457399439787
CE_PIECECOORDINATION:0.5327392459760963
CE_MATERIAL:0.4858537759759671
CE_KINGSAFETY:0.5
C_PIECESQUARETABLES:0.5
C_MOBILITY:0.4741584394823213
C_KINGSAFETY:0.4966951947397706
C_PAWNSTRUCTURE:0.5248674010688692
C_PIECECOORDINATION:0.5245932169937864
C_ROOK:0.4593354332879302
CE_ROOK:0.5108056098386401
C_CENTERCONTROL:0.5095385792575721
C_DEVELOPPIECES:0.5055656453320148
C_MATERIAL:0.44429065570285425
C_MOVECOUNT:0.4301731145270687
C_PAWNMOVEMENT:0.478147263263504
