ELO:852
CE_PASSEDPAWNS:0.46957482723715993
CE_PAWNWEAKNESSES:0.5717130002691726
CE_PIECEACTIVITY:0.46730315645896586
CE_KINGPAWNSHIELD:0.4757958418591476
CE_PIECECOORDINATION:0.5036160308180146
CE_MATERIAL:0.47850268392339707
CE_KINGSAFETY:0.5467353566374948
C_PIECESQUARETABLES:0.5209843820707639
C_MOBILITY:0.5436724769729057
C_KINGSAFETY:0.5218076471044011
C_PAWNSTRUCTURE:0.48182220622703903
C_PIECECOORDINATION:0.564478451667987
C_ROOKANDPAWNMOVEMENT:0.564478451667987
C_CENTERCONTROL:0.4477659825858953
C_DEVELOPPIECES:0.5212004303326795
C_MATERIAL:0.47047694292133785
C_MOVECOUNT:0.5
