ELO:895
CE_PASSEDPAWNS:0.5130538495998136
CE_PAWNWEAKNESSES:0.49275145345241844
CE_PIECEACTIVITY:0.49257132167558987
CE_KINGPAWNSHIELD:0.506109600920107
CE_PIECECOORDINATION:0.4602487006386642
CE_MATERIAL:0.5361047424005272
CE_KINGSAFETY:0.45442861129557616
C_PIECESQUARETABLES:0.517987332927842
C_MOBILITY:0.44946122658022725
C_KINGSAFETY:0.4882221211075867
C_PAWNSTRUCTURE:0.4878751051711206
C_PIECECOORDINATION:0.5251415427544874
C_ROOKANDPAWNMOVEMENT:0.5251415427544874
C_CENTERCONTROL:0.517737169369308
C_DEVELOPPIECES:0.5140731322281717
C_MATERIAL:0.5007293154610628
C_MOVECOUNT:0.5
