ELO:895
CE_PASSEDPAWNS:0.5299047218846731
CE_PAWNWEAKNESSES:0.5281783843647901
CE_PIECEACTIVITY:0.44829800314294915
CE_KINGPAWNSHIELD:0.6382712601089872
CE_PIECECOORDINATION:0.4570599006393218
CE_MATERIAL:0.5502258810065315
CE_KINGSAFETY:0.4898233167175193
C_PIECESQUARETABLES:0.5021114134258053
C_MOBILITY:0.4656159304792252
C_KINGSAFETY:0.5244554682959996
C_PAWNSTRUCTURE:0.39424686545016
C_PIECECOORDINATION:0.6000288027304611
C_ROOKANDPAWNMOVEMENT:0.6000288027304611
C_CENTERCONTROL:0.5820553734113785
C_DEVELOPPIECES:0.5863811856057041
C_MATERIAL:0.5118639749084466
