ELO:874
CE_PASSEDPAWNS:0.5594878082926026
CE_PAWNWEAKNESSES:0.46103113583136324
CE_PIECEACTIVITY:0.4922640584778265
CE_KINGPAWNSHIELD:0.5039693158087809
CE_PIECECOORDINATION:0.5007119138487099
CE_MATERIAL:0.44526035105058676
CE_KINGSAFETY:0.476187598454266
C_PIECESQUARETABLES:0.5079348839124803
C_MOBILITY:0.5123740495268249
C_KINGSAFETY:0.514181704955056
C_PAWNSTRUCTURE:0.4885582694242713
C_PIECECOORDINATION:0.4894477284589465
C_ROOKANDPAWNMOVEMENT:0.4894477284589465
C_CENTERCONTROL:0.4782877177016814
C_DEVELOPPIECES:0.4833090260185481
C_MATERIAL:0.467662296915746
C_MOVECOUNT:0.4966099623521732
