ELO:860
CE_PASSEDPAWNS:0.503439810617739
CE_PAWNWEAKNESSES:0.4119883704417055
CE_PIECEACTIVITY:0.5405158363885431
CE_KINGPAWNSHIELD:0.4301854698688515
CE_PIECECOORDINATION:0.41449726263806197
CE_MATERIAL:0.5239173021654272
CE_KINGSAFETY:0.5
C_PIECESQUARETABLES:0.5
C_MOBILITY:0.6106049933227166
C_KINGSAFETY:0.4720005434502013
C_PAWNSTRUCTURE:0.5152198241198971
C_PIECECOORDINATION:0.4764066537320234
C_ROOKANDPAWNMOVEMENT:0.4764066537320234
C_CENTERCONTROL:0.5106151578651017
C_DEVELOPPIECES:0.490501647611751
C_MATERIAL:0.48809869006266005
C_MOVECOUNT:0.5
