ELO:838
CE_PASSEDPAWNS:0.4850275399192601
CE_PAWNWEAKNESSES:0.474758678995159
CE_PIECEACTIVITY:0.5032417107605748
CE_KINGPAWNSHIELD:0.5617250210188084
CE_PIECECOORDINATION:0.6185405943136718
CE_MATERIAL:0.353351810852193
CE_KINGSAFETY:0.45074608462607185
C_PIECESQUARETABLES:0.5026012848868214
C_MOBILITY:0.33891925973427245
C_KINGSAFETY:0.5891806823362402
C_PAWNSTRUCTURE:0.49783764503769296
C_PIECECOORDINATION:0.48574594996821174
C_ROOKANDPAWNMOVEMENT:0.48574594996821174
C_CENTERCONTROL:0.49539114578416393
C_DEVELOPPIECES:0.45886817326714285
C_MATERIAL:0.5942752977649277
