ELO:1000
CE_PASSEDPAWNS:0.47663882811319924
CE_PAWNWEAKNESSES:0.4960524140600466
CE_PIECEACTIVITY:0.43076614709968675
CE_KINGPAWNSHIELD:0.5654841003926658
CE_PIECECOORDINATION:0.5007923729974569
CE_MATERIAL:0.48194891412668184
CE_KINGSAFETY:0.47528126625915684
C_PIECESQUARETABLES:0.4552502374535809
C_MOBILITY:0.5040132187108317
C_KINGSAFETY:0.46713474617127154
C_PAWNSTRUCTURE:0.47003133192542207
C_PIECECOORDINATION:0.4925251009668278
C_ROOKANDPAWNMOVEMENT:0.4925251009668278
C_CENTERCONTROL:0.5208144742377971
C_DEVELOPPIECES:0.5115554030085228
C_MATERIAL:0.500270513381023
