ELO:998
CE_PASSEDPAWNS:0.5178311743794346
CE_PAWNWEAKNESSES:0.4998399936050794
CE_PIECEACTIVITY:0.5
CE_KINGPAWNSHIELD:0.511869409719407
CE_PIECECOORDINATION:0.5121317115363792
CE_MATERIAL:0.49629559560382625
CE_KINGSAFETY:0.5
C_PIECESQUARETABLES:0.5008077890474331
C_MOBILITY:0.48810107478362014
C_KINGSAFETY:0.48875251722487706
C_PAWNSTRUCTURE:0.48648673547205845
C_PIECECOORDINATION:0.4915588546521832
C_ROOKANDPAWNMOVEMENT:0.4915588546521832
C_CENTERCONTROL:0.4997421427062486
C_DEVELOPPIECES:0.4893326371520995
C_MATERIAL:0.49749781200585314
C_MOVECOUNT:0.5
