ELO:933
CE_PASSEDPAWNS:0.568147477678052
CE_PAWNWEAKNESSES:0.4771359587830715
CE_PIECEACTIVITY:0.48607117306944336
CE_KINGPAWNSHIELD:0.5022461124441082
CE_PIECECOORDINATION:0.5250291698219565
CE_MATERIAL:0.4433017119076616
CE_KINGSAFETY:0.4857740683358028
C_PIECESQUARETABLES:0.5181292510257522
C_MOBILITY:0.5123740495268249
C_KINGSAFETY:0.5206716768229703
C_PAWNSTRUCTURE:0.48340234988964204
C_PIECECOORDINATION:0.44204884225028174
C_ROOKANDPAWNMOVEMENT:0.44204884225028174
C_CENTERCONTROL:0.49134052715344617
C_DEVELOPPIECES:0.4719972485839326
C_MATERIAL:0.48844106178943786
C_MOVECOUNT:0.49980299225795854
