ELO:989
CE_PASSEDPAWNS:0.39792981371987557
CE_PAWNWEAKNESSES:0.44426718186823605
CE_PIECEACTIVITY:0.5038543316293372
CE_KINGPAWNSHIELD:0.4899903558601494
CE_PIECECOORDINATION:0.6026923812399553
CE_MATERIAL:0.4172787174822064
CE_KINGSAFETY:0.5104571147243163
C_PIECESQUARETABLES:0.49078384410432047
C_MOBILITY:0.5953804727903466
C_KINGSAFETY:0.5677350770636194
C_PAWNSTRUCTURE:0.62436365227218
C_PIECECOORDINATION:0.6135308168497035
C_ROOKANDPAWNMOVEMENT:0.6135308168497035
C_CENTERCONTROL:0.3791738811592719
C_DEVELOPPIECES:0.5528173797779841
C_MATERIAL:0.5918775538350269
