ELO:1000
CE_PASSEDPAWNS:0.4918548916180208
CE_PAWNWEAKNESSES:0.4964159095177481
CE_PIECEACTIVITY:0.4117207762698251
CE_KINGPAWNSHIELD:0.5676064861046414
CE_PIECECOORDINATION:0.5237424471320806
CE_MATERIAL:0.4878659072905916
CE_KINGSAFETY:0.5
C_PIECESQUARETABLES:0.4947451789219085
C_MOBILITY:0.49581935593719395
C_KINGSAFETY:0.4664651233727432
C_PAWNSTRUCTURE:0.4966493037072931
C_PIECECOORDINATION:0.49823278125514986
C_ROOKANDPAWNMOVEMENT:0.49823278125514986
C_CENTERCONTROL:0.47946887958913975
C_DEVELOPPIECES:0.5393630687213501
C_MATERIAL:0.5244993338662878
