ELO:909
CE_PASSEDPAWNS:0.5557467055754435
CE_PAWNWEAKNESSES:0.48932303198746135
CE_PIECEACTIVITY:0.5070145791617977
CE_KINGPAWNSHIELD:0.3840780378821146
CE_PIECECOORDINATION:0.4583910497225626
CE_MATERIAL:0.43073348941363077
CE_KINGSAFETY:0.5064420551789853
C_PIECESQUARETABLES:0.5220991440254654
C_MOBILITY:0.3827120965936779
C_KINGSAFETY:0.44872885650057465
C_PAWNSTRUCTURE:0.4817633961877215
C_PIECECOORDINATION:0.46839763499887876
C_ROOKANDPAWNMOVEMENT:0.46839763499887876
C_CENTERCONTROL:0.5329963107805189
C_DEVELOPPIECES:0.4781951338049613
C_MATERIAL:0.599508998431512
