ELO:997
CE_PASSEDPAWNS:0.5316207519092576
CE_PAWNWEAKNESSES:0.5347975852215318
CE_PIECEACTIVITY:0.4735029863248786
CE_KINGPAWNSHIELD:0.46215872839697675
CE_PIECECOORDINATION:0.5118594336930758
CE_MATERIAL:0.5019441226429974
CE_KINGSAFETY:0.5
C_PIECESQUARETABLES:0.5
C_MOBILITY:0.5494539271581198
C_KINGSAFETY:0.5010525877093442
C_PAWNSTRUCTURE:0.4784442675077222
C_PIECECOORDINATION:0.5185126645912487
C_ROOK:0.48836618437409807
CE_ROOK:0.5085086838710242
C_CENTERCONTROL:0.49339456657067904
C_DEVELOPPIECES:0.477456118726311
C_MATERIAL:0.5008729222419563
C_MOVECOUNT:0.5083426054011211
C_PAWNMOVEMENT:0.478147263263504
