ELO:862
CE_PASSEDPAWNS:0.4997243083153846
CE_PAWNWEAKNESSES:0.4474128418982332
CE_PIECEACTIVITY:0.4744040810824734
CE_KINGPAWNSHIELD:0.5506044506687173
CE_PIECECOORDINATION:0.6026053315321349
CE_MATERIAL:0.37714615359871123
CE_KINGSAFETY:0.5004419647066236
C_PIECESQUARETABLES:0.5
C_MOBILITY:0.35422266618613796
C_KINGSAFETY:0.5783542877222361
C_PAWNSTRUCTURE:0.5035821967038177
C_PIECECOORDINATION:0.5117619479261474
C_ROOKANDPAWNMOVEMENT:0.5117619479261474
C_CENTERCONTROL:0.5089125979722531
C_DEVELOPPIECES:0.46206857837722126
C_MATERIAL:0.5722586867376672
