ELO:873
CE_PASSEDPAWNS:0.6077732829712587
CE_PAWNWEAKNESSES:0.47997622219359265
CE_PIECEACTIVITY:0.46981667438693353
CE_KINGPAWNSHIELD:0.5558234393598552
CE_PIECECOORDINATION:0.5373858506154366
CE_MATERIAL:0.46805404479248086
CE_KINGSAFETY:0.5086956740342965
C_PIECESQUARETABLES:0.49535869686983336
C_MOBILITY:0.5766798523255978
C_KINGSAFETY:0.5081895905100753
C_PAWNSTRUCTURE:0.530209095439651
C_PIECECOORDINATION:0.524278146361725
C_ROOKANDPAWNMOVEMENT:0.524278146361725
C_CENTERCONTROL:0.527986696527425
C_DEVELOPPIECES:0.5377452938632747
C_MATERIAL:0.4344432609196945
C_MOVECOUNT:0.5362776115730548
