ELO:858
CE_PASSEDPAWNS:0.4885888180514
CE_PAWNWEAKNESSES:0.5138595894425888
CE_PIECEACTIVITY:0.464618610232864
CE_KINGPAWNSHIELD:0.5693811767331587
CE_PIECECOORDINATION:0.5020221771793876
CE_MATERIAL:0.5121001791837403
CE_KINGSAFETY:0.47538741105672827
C_PIECESQUARETABLES:0.48328827038633665
C_MOBILITY:0.5195559087122568
C_KINGSAFETY:0.507318051061627
C_PAWNSTRUCTURE:0.49618636524004356
C_PIECECOORDINATION:0.49003726783179646
C_ROOKANDPAWNMOVEMENT:0.49003726783179646
C_CENTERCONTROL:0.49852548621909176
C_DEVELOPPIECES:0.5008355609324648
C_MATERIAL:0.46046352336369756
C_MOVECOUNT:0.5
