ELO:1000
CE_PASSEDPAWNS:0.5038824023033296
CE_PAWNWEAKNESSES:0.5130581663998668
CE_PIECEACTIVITY:0.4117207762698251
CE_KINGPAWNSHIELD:0.5586682195274301
CE_PIECECOORDINATION:0.5135300301262922
CE_MATERIAL:0.4787091391213899
CE_KINGSAFETY:0.4818019723690721
C_PIECESQUARETABLES:0.4898348942435506
C_MOBILITY:0.49269456340196205
C_KINGSAFETY:0.4909638713946261
C_PAWNSTRUCTURE:0.49662285717724697
C_PIECECOORDINATION:0.49417017734517027
C_ROOKANDPAWNMOVEMENT:0.49417017734517027
C_CENTERCONTROL:0.49674155526560304
C_DEVELOPPIECES:0.5156792982972022
C_MATERIAL:0.5430262342770277
