ELO:993
CE_PASSEDPAWNS:0.5017005965893168
CE_PAWNWEAKNESSES:0.5188441257410947
CE_PIECEACTIVITY:0.5
CE_KINGPAWNSHIELD:0.4887535167904153
CE_PIECECOORDINATION:0.5
CE_MATERIAL:0.5097740897304865
CE_KINGSAFETY:0.5
C_PIECESQUARETABLES:0.5
C_MOBILITY:0.5
C_KINGSAFETY:0.4899925033304716
C_PAWNSTRUCTURE:0.49159766358721785
C_PIECECOORDINATION:0.48924468988071756
C_ROOKANDPAWNMOVEMENT:0.48924468988071756
C_CENTERCONTROL:0.508594589164701
C_DEVELOPPIECES:0.5
C_MATERIAL:0.5
C_MOVECOUNT:0.5017931928239497
