ELO:850
CE_PASSEDPAWNS:0.5468525318457615
CE_PAWNWEAKNESSES:0.4776936241577434
CE_PIECEACTIVITY:0.5018797204171352
CE_KINGPAWNSHIELD:0.5556462185434989
CE_PIECECOORDINATION:0.5187335660431088
CE_MATERIAL:0.47932891498522795
CE_KINGSAFETY:0.47974983150177153
C_PIECESQUARETABLES:0.4934192081958662
C_MOBILITY:0.4918279828831358
C_KINGSAFETY:0.5308390395145168
C_PAWNSTRUCTURE:0.5103107028028071
C_PIECECOORDINATION:0.5130296499567145
C_ROOKANDPAWNMOVEMENT:0.5130296499567145
C_CENTERCONTROL:0.5006610106653222
C_DEVELOPPIECES:0.4822066229247636
C_MATERIAL:0.42486328907282395
C_MOVECOUNT:0.4866443549036399
