ELO:1000
CE_PASSEDPAWNS:0.46920131463452264
CE_PAWNWEAKNESSES:0.49761365049687367
CE_PIECEACTIVITY:0.41001410573906516
CE_KINGPAWNSHIELD:0.5684453886618358
CE_PIECECOORDINATION:0.511449360710207
CE_MATERIAL:0.48516706523485
CE_KINGSAFETY:0.48495171445648655
C_PIECESQUARETABLES:0.4816422538861766
C_MOBILITY:0.49272864653346016
C_KINGSAFETY:0.5049293404979164
C_PAWNSTRUCTURE:0.45511019934222197
C_PIECECOORDINATION:0.47349499604569995
C_ROOKANDPAWNMOVEMENT:0.47349499604569995
C_CENTERCONTROL:0.532583187441244
C_DEVELOPPIECES:0.46633992913414923
C_MATERIAL:0.4920284346041452
