ELO:901
CE_PASSEDPAWNS:0.4788213353306994
CE_PAWNWEAKNESSES:0.5186127471415909
CE_PIECEACTIVITY:0.4683178558778456
CE_KINGPAWNSHIELD:0.5720129515967325
CE_PIECECOORDINATION:0.5044973997836463
CE_MATERIAL:0.5041086096938083
CE_KINGSAFETY:0.5058938086342856
C_PIECESQUARETABLES:0.5131409274212295
C_MOBILITY:0.5194570925823311
C_KINGSAFETY:0.4974383712564898
C_PAWNSTRUCTURE:0.46434000187694924
C_PIECECOORDINATION:0.47032097256132643
C_ROOKANDPAWNMOVEMENT:0.47032097256132643
C_CENTERCONTROL:0.45541292149855356
C_DEVELOPPIECES:0.5075852931312435
C_MATERIAL:0.4837120897523047
C_MOVECOUNT:0.5
