ELO:1000
CE_PASSEDPAWNS:0.47895549445632263
CE_PAWNWEAKNESSES:0.5156373937553268
CE_PIECEACTIVITY:0.5213944362314219
CE_KINGPAWNSHIELD:0.4971709502458269
CE_PIECECOORDINATION:0.5402890266590421
CE_MATERIAL:0.4888123683216534
CE_KINGSAFETY:0.5087974436842279
C_PIECESQUARETABLES:0.48203102817888127
C_MOBILITY:0.5157259899841888
C_KINGSAFETY:0.5081592955813669
C_PAWNSTRUCTURE:0.5225947747210855
C_PIECECOORDINATION:0.5288406340327492
C_ROOKANDPAWNMOVEMENT:0.5288406340327492
C_CENTERCONTROL:0.4830590459417703
C_DEVELOPPIECES:0.5293223814640258
C_MATERIAL:0.5172377277516305
