ELO:997
CE_PASSEDPAWNS:0.4924846964093179
CE_PAWNWEAKNESSES:0.4956637357396737
CE_PIECEACTIVITY:0.5
CE_KINGPAWNSHIELD:0.502943684582588
CE_PIECECOORDINATION:0.5
CE_MATERIAL:0.5
CE_KINGSAFETY:0.4911181966667789
C_PIECESQUARETABLES:0.4935218469467932
C_MOBILITY:0.5
C_KINGSAFETY:0.5041131315742778
C_PAWNSTRUCTURE:0.5
C_PIECECOORDINATION:0.4800542817272807
C_ROOKANDPAWNMOVEMENT:0.4800542817272807
C_CENTERCONTROL:0.49921736677268697
C_DEVELOPPIECES:0.5019187019560492
C_MATERIAL:0.49735411530841306
C_MOVECOUNT:0.5061828639961614
