ELO:831
CE_PASSEDPAWNS:0.6000523711722894
CE_PAWNWEAKNESSES:0.47003411824414887
CE_PIECEACTIVITY:0.472059153202702
CE_KINGPAWNSHIELD:0.5758482677765969
CE_PIECECOORDINATION:0.5314174088016925
CE_MATERIAL:0.4683612894429451
CE_KINGSAFETY:0.4952729219206614
C_PIECESQUARETABLES:0.4980802299496028
C_MOBILITY:0.5913917656171904
C_KINGSAFETY:0.500296534911125
C_PAWNSTRUCTURE:0.5347151222218363
C_PIECECOORDINATION:0.5457023103311827
C_ROOKANDPAWNMOVEMENT:0.5457023103311827
C_CENTERCONTROL:0.5182886081126352
C_DEVELOPPIECES:0.5433189191904575
C_MATERIAL:0.44532160123209635
C_MOVECOUNT:0.5345547456909294
