ELO:967
CE_PASSEDPAWNS:0.5455269305613518
CE_PAWNWEAKNESSES:0.5426906867663436
CE_PIECEACTIVITY:0.49301355912221634
CE_KINGPAWNSHIELD:0.5295294115102487
CE_PIECECOORDINATION:0.5096422003742722
CE_MATERIAL:0.5239219157785928
CE_KINGSAFETY:0.5
C_PIECESQUARETABLES:0.49755438555191533
C_MOBILITY:0.5050031500894384
C_KINGSAFETY:0.48349665087465626
C_PAWNSTRUCTURE:0.5116773449832821
C_PIECECOORDINATION:0.5262028019183848
C_ROOK:0.47741752403584253
CE_ROOK:0.499321995484118
C_CENTERCONTROL:0.47249000549037495
C_DEVELOPPIECES:0.48495999675815565
C_MATERIAL:0.4901483422717673
C_MOVECOUNT:0.5091781665272478
C_PAWNMOVEMENT:0.4903443830382495
