ELO:1000
CE_PASSEDPAWNS:0.4614192356633857
CE_PAWNWEAKNESSES:0.5129214182139432
CE_PIECEACTIVITY:0.513951433506571
CE_KINGPAWNSHIELD:0.5254807672029382
CE_PIECECOORDINATION:0.5296111283849636
CE_MATERIAL:0.46724951093730416
CE_KINGSAFETY:0.5086890516676146
C_PIECESQUARETABLES:0.4305939662726099
C_MOBILITY:0.533847695260835
C_KINGSAFETY:0.5064639877986334
C_PAWNSTRUCTURE:0.5061104828747549
C_PIECECOORDINATION:0.5326357472151703
C_ROOKANDPAWNMOVEMENT:0.5326357472151703
C_CENTERCONTROL:0.4561449837346706
C_DEVELOPPIECES:0.515749234323105
C_MATERIAL:0.5047484990222347
