ELO:969
CE_PASSEDPAWNS:0.5258525899533255
CE_PAWNWEAKNESSES:0.49955010529909966
CE_PIECEACTIVITY:0.5001496371592581
CE_KINGPAWNSHIELD:0.5529479044002252
CE_PIECECOORDINATION:0.5074173421341239
CE_MATERIAL:0.4519799527357963
CE_KINGSAFETY:0.490640313745885
C_PIECESQUARETABLES:0.5
C_MOBILITY:0.48920037430051555
C_KINGSAFETY:0.5045955515499131
C_PAWNSTRUCTURE:0.49977640932776074
C_PIECECOORDINATION:0.4847014649058669
C_ROOK:0.5100744761584012
CE_ROOK:0.47054408274494136
C_CENTERCONTROL:0.5115451209440659
C_DEVELOPPIECES:0.5019411915932267
C_MATERIAL:0.5
C_MOVECOUNT:0.48034869103219885
C_PAWNMOVEMENT:0.522876333978836
