ELO:1000
CE_PASSEDPAWNS:0.49724324057867925
CE_PAWNWEAKNESSES:0.49127151021670673
CE_PIECEACTIVITY:0.4209717547132456
CE_KINGPAWNSHIELD:0.5370075441961912
CE_PIECECOORDINATION:0.5439643948885953
CE_MATERIAL:0.46790535888983475
CE_KINGSAFETY:0.48564549451780176
C_PIECESQUARETABLES:0.49838790808081634
C_MOBILITY:0.49901337108514165
C_KINGSAFETY:0.511663692914314
C_PAWNSTRUCTURE:0.5050393734669113
C_PIECECOORDINATION:0.5070717135843161
C_ROOKANDPAWNMOVEMENT:0.5070717135843161
C_CENTERCONTROL:0.48851295456600136
C_DEVELOPPIECES:0.5226436926065852
C_MATERIAL:0.554929053406684
