ELO:1119
CE_PASSEDPAWNS:0.6148525161274421
CE_PAWNWEAKNESSES:0.5942385255537602
CE_PIECEACTIVITY:0.4730468517056937
CE_KINGPAWNSHIELD:0.4895592688374684
CE_PIECECOORDINATION:0.5213610497695826
CE_MATERIAL:0.3963786524687434
CE_KINGSAFETY:0.510701586632703
C_PIECESQUARETABLES:0.49912362532215016
C_MOBILITY:0.4067449804561486
C_KINGSAFETY:0.6371933686044461
C_PAWNSTRUCTURE:0.4417501100211813
C_PIECECOORDINATION:0.4895055045734293
C_ROOKANDPAWNMOVEMENT:0.4895055045734293
C_CENTERCONTROL:0.5088760283478337
C_DEVELOPPIECES:0.565466670897137
C_MATERIAL:0.4063918105112338
