ELO:804
CE_PASSEDPAWNS:0.47568717232027613
CE_PAWNWEAKNESSES:0.47096386117279376
CE_PIECEACTIVITY:0.5926453607511755
CE_KINGPAWNSHIELD:0.6005351653160883
CE_PIECECOORDINATION:0.47495738090434364
CE_MATERIAL:0.5717856178299955
CE_KINGSAFETY:0.5166468558866589
C_PIECESQUARETABLES:0.4659636444917613
C_MOBILITY:0.5259110334665417
C_KINGSAFETY:0.4758666038417484
C_PAWNSTRUCTURE:0.5521164342402172
C_PIECECOORDINATION:0.499976604016106
C_ROOKANDPAWNMOVEMENT:0.499976604016106
C_CENTERCONTROL:0.5652171360100634
C_DEVELOPPIECES:0.4541587484171606
C_MATERIAL:0.5157526245467071
C_MOVECOUNT:0.5
