ELO:861
CE_PASSEDPAWNS:0.4834288416644091
CE_PAWNWEAKNESSES:0.5504711382955165
CE_PIECEACTIVITY:0.46759950785115173
CE_KINGPAWNSHIELD:0.5508925629547524
CE_PIECECOORDINATION:0.5019615945444869
CE_MATERIAL:0.5052133566057916
CE_KINGSAFETY:0.4687439144521047
C_PIECESQUARETABLES:0.5222933388324514
C_MOBILITY:0.5035099738132058
C_KINGSAFETY:0.5038787322471878
C_PAWNSTRUCTURE:0.45593760978000103
C_PIECECOORDINATION:0.430175829826362
C_ROOKANDPAWNMOVEMENT:0.430175829826362
C_CENTERCONTROL:0.4543503054006721
C_DEVELOPPIECES:0.5527747986672507
C_MATERIAL:0.4731364216554279
C_MOVECOUNT:0.5
