ELO:790
CE_PASSEDPAWNS:0.5080649545029535
CE_PAWNWEAKNESSES:0.5521068399465233
CE_PIECEACTIVITY:0.43112995198385246
CE_KINGPAWNSHIELD:0.5276551335423159
CE_PIECECOORDINATION:0.5047918540905847
CE_MATERIAL:0.5011611110682174
CE_KINGSAFETY:0.4443231740090897
C_PIECESQUARETABLES:0.5149069811995975
C_MOBILITY:0.5315643691114151
C_KINGSAFETY:0.5432404883198411
C_PAWNSTRUCTURE:0.4618731080506933
C_PIECECOORDINATION:0.5306671461926653
C_ROOKANDPAWNMOVEMENT:0.5306671461926653
C_CENTERCONTROL:0.4575498554760249
C_DEVELOPPIECES:0.5177999777320327
C_MATERIAL:0.48087234183237026
C_MOVECOUNT:0.5
