ELO:1000
CE_PASSEDPAWNS:0.5122711421835783
CE_PAWNWEAKNESSES:0.4850409720191863
CE_PIECEACTIVITY:0.45045656190457894
CE_KINGPAWNSHIELD:0.5134162841347628
CE_PIECECOORDINATION:0.5177389576642991
CE_MATERIAL:0.4645015353988181
CE_KINGSAFETY:0.4889453630025955
C_PIECESQUARETABLES:0.49804586627696823
C_MOBILITY:0.49154729098710204
C_KINGSAFETY:0.4955552156591658
C_PAWNSTRUCTURE:0.5113461222537831
C_PIECECOORDINATION:0.5221503627419056
C_ROOKANDPAWNMOVEMENT:0.5221503627419056
C_CENTERCONTROL:0.5000387548907167
C_DEVELOPPIECES:0.49451869566632656
C_MATERIAL:0.5366070078061324
