ELO:703
CE_PASSEDPAWNS:0.472602420313344
CE_PAWNWEAKNESSES:0.4657816456162351
CE_PIECEACTIVITY:0.5042765580041588
CE_KINGPAWNSHIELD:0.5040303475038909
CE_PIECECOORDINATION:0.537551645704804
CE_MATERIAL:0.5867571633417842
CE_KINGSAFETY:0.49833524316758937
C_PIECESQUARETABLES:0.5039495878220239
C_MOBILITY:0.5623332463181766
C_KINGSAFETY:0.4671564989948167
C_PAWNSTRUCTURE:0.5116325927416959
C_PIECECOORDINATION:0.5444281302266271
C_ROOKANDPAWNMOVEMENT:0.5444281302266271
C_CENTERCONTROL:0.5425157273818341
C_DEVELOPPIECES:0.4939225274809735
C_MATERIAL:0.4631316830133325
C_MOVECOUNT:0.5476821660606683
