ELO:867
CE_PASSEDPAWNS:0.5352578051362908
CE_PAWNWEAKNESSES:0.5017252009899601
CE_PIECEACTIVITY:0.44065919934420683
CE_KINGPAWNSHIELD:0.6537517891138036
CE_PIECECOORDINATION:0.46445348033381023
CE_MATERIAL:0.5567161253458578
CE_KINGSAFETY:0.4754244896396221
C_PIECESQUARETABLES:0.5509801285471493
C_MOBILITY:0.4619601258487006
C_KINGSAFETY:0.4628395556144477
C_PAWNSTRUCTURE:0.39377878142970957
C_PIECECOORDINATION:0.5364612213022347
C_ROOKANDPAWNMOVEMENT:0.5364612213022347
C_CENTERCONTROL:0.6042307917903895
C_DEVELOPPIECES:0.6224043073875425
C_MATERIAL:0.5483606968169682
