ELO:896
CE_PASSEDPAWNS:0.5240854627228859
CE_PAWNWEAKNESSES:0.525272909180439
CE_PIECEACTIVITY:0.4091639371895581
CE_KINGPAWNSHIELD:0.6528000866212753
CE_PIECECOORDINATION:0.45393166228706217
CE_MATERIAL:0.5885842210089415
CE_KINGSAFETY:0.4576718654497127
C_PIECESQUARETABLES:0.5315366839168215
C_MOBILITY:0.4531499943441551
C_KINGSAFETY:0.45100926041493467
C_PAWNSTRUCTURE:0.46052467553239596
C_PIECECOORDINATION:0.5022107255706696
C_ROOKANDPAWNMOVEMENT:0.5022107255706696
C_CENTERCONTROL:0.5944579207852979
C_DEVELOPPIECES:0.5879691466159942
C_MATERIAL:0.5466703552292931
