ELO:1000
CE_PASSEDPAWNS:0.4914092147574012
CE_PAWNWEAKNESSES:0.4960524140600466
CE_PIECEACTIVITY:0.4290763362803597
CE_KINGPAWNSHIELD:0.5612683992784792
CE_PIECECOORDINATION:0.5360197905932373
CE_MATERIAL:0.48645243121036913
CE_KINGSAFETY:0.4840618518347524
C_PIECESQUARETABLES:0.4671271632633193
C_MOBILITY:0.514048793851005
C_KINGSAFETY:0.45037015986308804
C_PAWNSTRUCTURE:0.4932997058836539
C_PIECECOORDINATION:0.49385707591882283
C_ROOKANDPAWNMOVEMENT:0.49385707591882283
C_CENTERCONTROL:0.5213222856446159
C_DEVELOPPIECES:0.5238236259435917
C_MATERIAL:0.5052314560487436
