ELO:872
CE_PASSEDPAWNS:0.5479440173849647
CE_PAWNWEAKNESSES:0.4979065107088751
CE_PIECEACTIVITY:0.4914708680936708
CE_KINGPAWNSHIELD:0.5372271297831843
CE_PIECECOORDINATION:0.5108756473483832
CE_MATERIAL:0.46534803973684996
CE_KINGSAFETY:0.46321572069450473
C_PIECESQUARETABLES:0.4933578153670335
C_MOBILITY:0.48356252873907213
C_KINGSAFETY:0.5140744591345084
C_PAWNSTRUCTURE:0.5225388374279707
C_PIECECOORDINATION:0.4914660461211656
C_ROOKANDPAWNMOVEMENT:0.4914660461211656
C_CENTERCONTROL:0.5065000813609074
C_DEVELOPPIECES:0.4833839688049357
C_MATERIAL:0.4346884828577738
C_MOVECOUNT:0.48788146550709466
