ELO:962
CE_PASSEDPAWNS:0.472910627236431
CE_PAWNWEAKNESSES:0.5136497875179821
CE_PIECEACTIVITY:0.48159480705002233
CE_KINGPAWNSHIELD:0.5036273347540438
CE_PIECECOORDINATION:0.4713802710648171
CE_MATERIAL:0.4925526753733557
CE_KINGSAFETY:0.48522103848379877
C_PIECESQUARETABLES:0.5313007144907385
C_MOBILITY:0.44751286044671534
C_KINGSAFETY:0.5025889561448834
C_PAWNSTRUCTURE:0.5220941807795538
C_PIECECOORDINATION:0.525135846285009
C_ROOKANDPAWNMOVEMENT:0.525135846285009
C_CENTERCONTROL:0.49398476184228307
C_DEVELOPPIECES:0.5201684030247872
C_MATERIAL:0.49071640724649085
