ELO:1078
CE_PASSEDPAWNS:0.4079005525203903
CE_PAWNWEAKNESSES:0.46397346447741805
CE_PIECEACTIVITY:0.4723358979938975
CE_KINGPAWNSHIELD:0.45972796664678944
CE_PIECECOORDINATION:0.4766696496438339
CE_MATERIAL:0.4528147295036972
CE_KINGSAFETY:0.5
C_PIECESQUARETABLES:0.48840738562017166
C_MOBILITY:0.4455399706475441
C_KINGSAFETY:0.5033579917843757
C_PAWNSTRUCTURE:0.4569535522081703
C_PIECECOORDINATION:0.4639765763968747
C_ROOKANDPAWNMOVEMENT:0.4639765763968747
C_CENTERCONTROL:0.5768792648234099
C_DEVELOPPIECES:0.451790170121774
C_MATERIAL:0.40969948108436594
