ELO:932
CE_PASSEDPAWNS:0.5207577565927456
CE_PAWNWEAKNESSES:0.4952653943321153
CE_PIECEACTIVITY:0.5512902911329228
CE_KINGPAWNSHIELD:0.5218686590146158
CE_PIECECOORDINATION:0.5231591258207076
CE_MATERIAL:0.47080433273303657
CE_KINGSAFETY:0.5022583884614248
C_PIECESQUARETABLES:0.47398773525034804
C_MOBILITY:0.544722215604674
C_KINGSAFETY:0.5132466430446752
C_PAWNSTRUCTURE:0.46674052198773275
C_PIECECOORDINATION:0.5228630703319234
C_ROOKANDPAWNMOVEMENT:0.5228630703319234
C_CENTERCONTROL:0.5101822494406961
C_DEVELOPPIECES:0.48352415679773414
C_MATERIAL:0.4898144792446819
C_MOVECOUNT:0.5
