ELO:1000
CE_PASSEDPAWNS:0.4538499404669256
CE_PAWNWEAKNESSES:0.4446091061768206
CE_PIECEACTIVITY:0.46104340149726325
CE_KINGPAWNSHIELD:0.4913785355089193
CE_PIECECOORDINATION:0.49092191057113427
CE_MATERIAL:0.4825123541486176
CE_KINGSAFETY:0.535568799691949
C_PIECESQUARETABLES:0.5113163151290246
C_MOBILITY:0.46229575321931493
C_KINGSAFETY:0.4744842273837894
C_PAWNSTRUCTURE:0.4929138032988265
C_PIECECOORDINATION:0.5248816651760776
C_ROOKANDPAWNMOVEMENT:0.5248816651760776
C_CENTERCONTROL:0.5042718756905035
C_DEVELOPPIECES:0.4731673660454277
C_MATERIAL:0.4472493964018707
