ELO:974
CE_PASSEDPAWNS:0.5334977015059155
CE_PAWNWEAKNESSES:0.49968187896294614
CE_PIECEACTIVITY:0.530709437103471
CE_KINGPAWNSHIELD:0.5024690055009954
CE_PIECECOORDINATION:0.47557109308484813
CE_MATERIAL:0.4741910039745525
CE_KINGSAFETY:0.5056100194749777
C_PIECESQUARETABLES:0.4999712831552974
C_MOBILITY:0.47727189956904836
C_KINGSAFETY:0.5325851777225976
C_PAWNSTRUCTURE:0.48466227967529113
C_PIECECOORDINATION:0.4560004130896527
C_ROOK:0.5353829378326236
CE_ROOK:0.5123070790276288
C_CENTERCONTROL:0.5207811102654952
C_DEVELOPPIECES:0.5380800841609992
C_MATERIAL:0.5105417469825109
C_MOVECOUNT:0.5174252478471064
C_PAWNMOVEMENT:0.5080830858080705
