ELO:964
CE_PASSEDPAWNS:0.5269820996907284
CE_PAWNWEAKNESSES:0.49968187896294614
CE_PIECEACTIVITY:0.5352405184937019
CE_KINGPAWNSHIELD:0.48132065803379903
CE_PIECECOORDINATION:0.4876522957607889
CE_MATERIAL:0.4741910039745525
CE_KINGSAFETY:0.5016313115394533
C_PIECESQUARETABLES:0.5
C_MOBILITY:0.472266615490244
C_KINGSAFETY:0.5334514633272934
C_PAWNSTRUCTURE:0.48815241718669494
C_PIECECOORDINATION:0.45241925945548384
C_ROOK:0.5415427487352495
CE_ROOK:0.5023567383308962
C_CENTERCONTROL:0.5137459564902702
C_DEVELOPPIECES:0.5403200390664987
C_MATERIAL:0.519295663051561
C_MOVECOUNT:0.5255004926369002
C_PAWNMOVEMENT:0.5125506661952529
