ELO:963
CE_PASSEDPAWNS:0.5334977015059155
CE_PAWNWEAKNESSES:0.49968187896294614
CE_PIECEACTIVITY:0.5313488091845198
CE_KINGPAWNSHIELD:0.49606470921030776
CE_PIECECOORDINATION:0.4876522957607889
CE_MATERIAL:0.4741910039745525
CE_KINGSAFETY:0.5056100194749777
C_PIECESQUARETABLES:0.4999712831552974
C_MOBILITY:0.4802397290102239
C_KINGSAFETY:0.5334514633272934
C_PAWNSTRUCTURE:0.48815241718669494
C_PIECECOORDINATION:0.45241925945548384
C_ROOK:0.5292788962926983
CE_ROOK:0.5023567383308962
C_CENTERCONTROL:0.5207811102654952
C_DEVELOPPIECES:0.5366002685543558
C_MATERIAL:0.519295663051561
C_MOVECOUNT:0.5255004926369002
C_PAWNMOVEMENT:0.5127329857324925
