ELO:906
CE_PASSEDPAWNS:0.4617022562124277
CE_PAWNWEAKNESSES:0.4965908493960193
CE_PIECEACTIVITY:0.6592039916794373
CE_KINGPAWNSHIELD:0.4797506258678241
CE_PIECECOORDINATION:0.44847224218170845
CE_MATERIAL:0.3973260481416159
CE_KINGSAFETY:0.5136209959329279
C_PIECESQUARETABLES:0.4825909692761928
C_MOBILITY:0.5801141865167523
C_KINGSAFETY:0.42272807912495547
C_PAWNSTRUCTURE:0.5969192271924401
C_PIECECOORDINATION:0.48287868021566244
C_ROOKANDPAWNMOVEMENT:0.48287868021566244
C_CENTERCONTROL:0.4918628766577185
C_DEVELOPPIECES:0.38938747606555063
C_MATERIAL:0.47187902694895817
