ELO:1000
CE_PASSEDPAWNS:0.5034654182924381
CE_PAWNWEAKNESSES:0.506673158174026
CE_PIECEACTIVITY:0.4996156780434333
CE_KINGPAWNSHIELD:0.5093555155674685
CE_PIECECOORDINATION:0.5207302445807767
CE_MATERIAL:0.4892151011708939
CE_KINGSAFETY:0.5102978306973165
C_PIECESQUARETABLES:0.4961507213169128
C_MOBILITY:0.5
C_KINGSAFETY:0.516294474040222
C_PAWNSTRUCTURE:0.5
C_PIECECOORDINATION:0.4841399477260791
C_ROOK:0.5177761199090621
CE_ROOK:0.49229185667468
C_CENTERCONTROL:0.511447558329401
C_DEVELOPPIECES:0.5096060771103429
C_MATERIAL:0.5062236470206916
C_MOVECOUNT:0.5014800348251895
C_PAWNMOVEMENT:0.5077764989535978
