ELO:985
CE_PASSEDPAWNS:0.5334977015059155
CE_PAWNWEAKNESSES:0.49968187896294614
CE_PIECEACTIVITY:0.5345377262834891
CE_KINGPAWNSHIELD:0.5024690055009954
CE_PIECECOORDINATION:0.4831342486536469
CE_MATERIAL:0.49255860986349914
CE_KINGSAFETY:0.5025839444832919
C_PIECESQUARETABLES:0.4990479972031754
C_MOBILITY:0.47727189956904836
C_KINGSAFETY:0.5325851777225976
C_PAWNSTRUCTURE:0.48466227967529113
C_PIECECOORDINATION:0.4679251370815648
C_ROOK:0.5262966666848177
CE_ROOK:0.5123070790276288
C_CENTERCONTROL:0.5207811102654952
C_DEVELOPPIECES:0.5401877545173869
C_MATERIAL:0.5206191101941107
C_MOVECOUNT:0.5174252478471064
C_PAWNMOVEMENT:0.5080830858080705
