ELO:936
CE_PASSEDPAWNS:0.5199204009186505
CE_PAWNWEAKNESSES:0.515940543857157
CE_PIECEACTIVITY:0.4778070681591489
CE_KINGPAWNSHIELD:0.5401020431327103
CE_PIECECOORDINATION:0.4682399321712213
CE_MATERIAL:0.4990487178333956
CE_KINGSAFETY:0.5354518617661879
C_PIECESQUARETABLES:0.5406158845125346
C_MOBILITY:0.5358819114699587
C_KINGSAFETY:0.49502207915630675
C_PAWNSTRUCTURE:0.4938224294177237
C_PIECECOORDINATION:0.5003647681286765
C_ROOKANDPAWNMOVEMENT:0.5003647681286765
C_CENTERCONTROL:0.4732017523277904
C_DEVELOPPIECES:0.4816721253054282
C_MATERIAL:0.5006506449217091
