ELO:972
CE_PASSEDPAWNS:0.5216272307602344
CE_PAWNWEAKNESSES:0.49968187896294614
CE_PIECEACTIVITY:0.5313488091845198
CE_KINGPAWNSHIELD:0.4904953486949158
CE_PIECECOORDINATION:0.4876522957607889
CE_MATERIAL:0.4741910039745525
CE_KINGSAFETY:0.5016313115394533
C_PIECESQUARETABLES:0.49074516561041026
C_MOBILITY:0.4779236345707766
C_KINGSAFETY:0.5334514633272934
C_PAWNSTRUCTURE:0.48815241718669494
C_PIECECOORDINATION:0.45241925945548384
C_ROOK:0.5292788962926983
CE_ROOK:0.5023567383308962
C_CENTERCONTROL:0.5191679015251407
C_DEVELOPPIECES:0.5366002685543558
C_MATERIAL:0.519295663051561
C_MOVECOUNT:0.5255004926369002
C_PAWNMOVEMENT:0.5106564624908518
