ELO:988
CE_PASSEDPAWNS:0.500834783618743
CE_PAWNWEAKNESSES:0.495146686253371
CE_PIECEACTIVITY:0.4996156780434333
CE_KINGPAWNSHIELD:0.5093555155674685
CE_PIECECOORDINATION:0.5102508303713743
CE_MATERIAL:0.47707443382224357
CE_KINGSAFETY:0.5
C_PIECESQUARETABLES:0.5
C_MOBILITY:0.5
C_KINGSAFETY:0.503940562154491
C_PAWNSTRUCTURE:0.49005010988452524
C_PIECECOORDINATION:0.4746934249405075
C_ROOK:0.5177761199090621
CE_ROOK:0.49229185667468
C_CENTERCONTROL:0.5210594912354244
C_DEVELOPPIECES:0.5148708776708291
C_MATERIAL:0.49465488802106367
C_MOVECOUNT:0.5014800348251895
C_PAWNMOVEMENT:0.5077764989535978
