ELO:1216
CE_PASSEDPAWNS:0.4178661814678017
CE_PAWNWEAKNESSES:0.5936476439564067
CE_PIECEACTIVITY:0.4342753515086702
CE_KINGPAWNSHIELD:0.4873640784077908
CE_PIECECOORDINATION:0.5464076372288086
CE_MATERIAL:0.4776552760705661
CE_KINGSAFETY:0.5
C_PIECESQUARETABLES:0.5
C_MOBILITY:0.3716594832402479
C_KINGSAFETY:0.38760738330964906
C_PAWNSTRUCTURE:0.5610315317917739
C_PIECECOORDINATION:0.5546562877460437
C_ROOKANDPAWNMOVEMENT:0.5546562877460437
C_CENTERCONTROL:0.48833387149675983
C_DEVELOPPIECES:0.5528173797779841
C_MATERIAL:0.624181433609084
