ELO:966
CE_PASSEDPAWNS:0.48936518143123225
CE_PAWNWEAKNESSES:0.5113958432698971
CE_PIECEACTIVITY:0.36473898339661126
CE_KINGPAWNSHIELD:0.4779685022898076
CE_PIECECOORDINATION:0.497219759941882
CE_MATERIAL:0.4522794319519826
CE_KINGSAFETY:0.4800320639927429
C_PIECESQUARETABLES:0.5512692913057743
C_MOBILITY:0.45883837550307105
C_KINGSAFETY:0.5001543618269225
C_PAWNSTRUCTURE:0.5260578807620484
C_PIECECOORDINATION:0.5238744830041557
C_ROOKANDPAWNMOVEMENT:0.5238744830041557
C_CENTERCONTROL:0.574532335223504
C_DEVELOPPIECES:0.46353719643282365
C_MATERIAL:0.4493560608070076
