ELO:963
CE_PASSEDPAWNS:0.45610768298066817
CE_PAWNWEAKNESSES:0.4959326244262905
CE_PIECEACTIVITY:0.4030014205168381
CE_KINGPAWNSHIELD:0.4736944810730755
CE_PIECECOORDINATION:0.48026889896865277
CE_MATERIAL:0.5008392976530278
CE_KINGSAFETY:0.5
C_PIECESQUARETABLES:0.5
C_MOBILITY:0.44456946431100874
C_KINGSAFETY:0.4755177166932174
C_PAWNSTRUCTURE:0.49997810499488626
C_PIECECOORDINATION:0.5335665002101505
C_ROOKANDPAWNMOVEMENT:0.5335665002101505
C_CENTERCONTROL:0.5704056611729978
C_DEVELOPPIECES:0.48960480021230035
C_MATERIAL:0.4015077204223869
