ELO:1000
CE_PASSEDPAWNS:0.4797399785378625
CE_PAWNWEAKNESSES:0.47792115747226055
CE_PIECEACTIVITY:0.48815995196458845
CE_KINGPAWNSHIELD:0.5124024912653727
CE_PIECECOORDINATION:0.4585847952345039
CE_MATERIAL:0.46920439705359507
CE_KINGSAFETY:0.5395424167783612
C_PIECESQUARETABLES:0.5053337971362323
C_MOBILITY:0.5385554616709403
C_KINGSAFETY:0.4757900056342024
C_PAWNSTRUCTURE:0.5042587564428127
C_PIECECOORDINATION:0.52113100225466
C_ROOKANDPAWNMOVEMENT:0.52113100225466
C_CENTERCONTROL:0.4916392680831118
C_DEVELOPPIECES:0.48618161262289733
C_MATERIAL:0.48820835672300655
