ELO:1000
CE_PASSEDPAWNS:0.44729228077611666
CE_PAWNWEAKNESSES:0.44002440389254843
CE_PIECEACTIVITY:0.4676994331310239
CE_KINGPAWNSHIELD:0.4939251512331463
CE_PIECECOORDINATION:0.48054552112428855
CE_MATERIAL:0.49499078113730544
CE_KINGSAFETY:0.5455592964388346
C_PIECESQUARETABLES:0.4984379933806486
C_MOBILITY:0.47562887538326154
C_KINGSAFETY:0.4672353385223157
C_PAWNSTRUCTURE:0.5318184905555609
C_PIECECOORDINATION:0.5391033830551641
C_ROOKANDPAWNMOVEMENT:0.5391033830551641
C_CENTERCONTROL:0.48748137530724694
C_DEVELOPPIECES:0.4669101816963808
C_MATERIAL:0.4553297331776778
