ELO:1000
CE_PASSEDPAWNS:0.46972424441362276
CE_PAWNWEAKNESSES:0.4663221584469575
CE_PIECEACTIVITY:0.4905632078234661
CE_KINGPAWNSHIELD:0.5105978220676493
CE_PIECECOORDINATION:0.4476226414714392
CE_MATERIAL:0.4721199447617921
CE_KINGSAFETY:0.5395424167783612
C_PIECESQUARETABLES:0.5173890515118377
C_MOBILITY:0.5214408506018042
C_KINGSAFETY:0.45623025922678395
C_PAWNSTRUCTURE:0.534778689644358
C_PIECECOORDINATION:0.5136266330642701
C_ROOKANDPAWNMOVEMENT:0.5136266330642701
C_CENTERCONTROL:0.4916392680831118
C_DEVELOPPIECES:0.4876546938670028
C_MATERIAL:0.49252057779976943
