ELO:968
CE_PASSEDPAWNS:0.39333784621815976
CE_PAWNWEAKNESSES:0.46625261036440724
CE_PIECEACTIVITY:0.4645040127077724
CE_KINGPAWNSHIELD:0.4668696965823581
CE_PIECECOORDINATION:0.47428544805430206
CE_MATERIAL:0.5421705651468476
CE_KINGSAFETY:0.5
C_PIECESQUARETABLES:0.5
C_MOBILITY:0.5001465408952577
C_KINGSAFETY:0.43429754420201305
C_PAWNSTRUCTURE:0.5900401004510172
C_PIECECOORDINATION:0.5332150454217474
C_ROOKANDPAWNMOVEMENT:0.5332150454217474
C_CENTERCONTROL:0.43069982463100537
C_DEVELOPPIECES:0.49271680245207605
C_MATERIAL:0.6311498589491384
