ELO:1000
CE_PASSEDPAWNS:0.4995266552487455
CE_PAWNWEAKNESSES:0.506673158174026
CE_PIECEACTIVITY:0.5104788211115189
CE_KINGPAWNSHIELD:0.5045664867801206
CE_PIECECOORDINATION:0.4986434091328211
CE_MATERIAL:0.4927980476587272
CE_KINGSAFETY:0.5
C_PIECESQUARETABLES:0.5
C_MOBILITY:0.5
C_KINGSAFETY:0.5110785696894282
C_PAWNSTRUCTURE:0.5
C_PIECECOORDINATION:0.5
C_ROOK:0.5116946409112075
CE_ROOK:0.5
C_CENTERCONTROL:0.5058795515573055
C_DEVELOPPIECES:0.5096060771103429
C_MATERIAL:0.5
C_MOVECOUNT:0.5
C_PAWNMOVEMENT:0.5
