ELO:967
CE_PASSEDPAWNS:0.4923415125626612
CE_PAWNWEAKNESSES:0.4974206840473999
CE_PIECEACTIVITY:0.5259314169399294
CE_KINGPAWNSHIELD:0.5112499556985839
CE_PIECECOORDINATION:0.5137248881026926
CE_MATERIAL:0.4799241714565784
CE_KINGSAFETY:0.5
C_PIECESQUARETABLES:0.48195127746825966
C_MOBILITY:0.5155152733226978
C_KINGSAFETY:0.5094702599788993
C_PAWNSTRUCTURE:0.4976403594369511
C_PIECECOORDINATION:0.4884117445832572
C_ROOKANDPAWNMOVEMENT:0.4884117445832572
C_CENTERCONTROL:0.4917085568703527
C_DEVELOPPIECES:0.4937470027297133
C_MATERIAL:0.4982561163912989
C_MOVECOUNT:0.5
