ELO:991
CE_PASSEDPAWNS:0.4791419061337576
CE_PAWNWEAKNESSES:0.48734720158687805
CE_PIECEACTIVITY:0.3794233487997445
CE_KINGPAWNSHIELD:0.4801249336797725
CE_PIECECOORDINATION:0.5032254273960234
CE_MATERIAL:0.508547219163011
CE_KINGSAFETY:0.48179981193921706
C_PIECESQUARETABLES:0.5150372226358283
C_MOBILITY:0.4439646428910027
C_KINGSAFETY:0.47897107941129025
C_PAWNSTRUCTURE:0.47872022194203817
C_PIECECOORDINATION:0.5381066941696732
C_ROOKANDPAWNMOVEMENT:0.5381066941696732
C_CENTERCONTROL:0.5896583377407142
C_DEVELOPPIECES:0.4833532498746323
C_MATERIAL:0.3935796081928113
