ELO:1078
CE_PASSEDPAWNS:0.4271339491974158
CE_PAWNWEAKNESSES:0.5766202175451366
CE_PIECEACTIVITY:0.4381841345240536
CE_KINGPAWNSHIELD:0.523881191727355
CE_PIECECOORDINATION:0.5633060168617502
CE_MATERIAL:0.47142943546382343
CE_KINGSAFETY:0.5
C_PIECESQUARETABLES:0.5
C_MOBILITY:0.38254123263739204
C_KINGSAFETY:0.38760738330964906
C_PAWNSTRUCTURE:0.5336263995800835
C_PIECECOORDINATION:0.5630257093956104
C_ROOKANDPAWNMOVEMENT:0.5630257093956104
C_CENTERCONTROL:0.5250617028753457
C_DEVELOPPIECES:0.44786742023894355
C_MATERIAL:0.5555915312898784
