ELO:932
CE_PASSEDPAWNS:0.49646284662740076
CE_PAWNWEAKNESSES:0.5135740760068567
CE_PIECEACTIVITY:0.4997296869776281
CE_KINGPAWNSHIELD:0.4548437509655668
CE_PIECECOORDINATION:0.5148097146301069
CE_MATERIAL:0.4679610849536574
CE_KINGSAFETY:0.5
C_PIECESQUARETABLES:0.5039496686983909
C_MOBILITY:0.4980970369585785
C_KINGSAFETY:0.47082391942318247
C_PAWNSTRUCTURE:0.49230632833379745
C_PIECECOORDINATION:0.4947825108622858
C_ROOKANDPAWNMOVEMENT:0.4947825108622858
C_CENTERCONTROL:0.5447682982955558
C_DEVELOPPIECES:0.5274808641310607
C_MATERIAL:0.47507317192021115
C_MOVECOUNT:0.4878692848466706
