ELO:1027
CE_PASSEDPAWNS:0.4526448212368272
CE_PAWNWEAKNESSES:0.47240986889805625
CE_PIECEACTIVITY:0.5196784855284156
CE_KINGPAWNSHIELD:0.47007856838159223
CE_PIECECOORDINATION:0.47562283627409313
CE_MATERIAL:0.45026813773258334
CE_KINGSAFETY:0.5066749421449815
C_PIECESQUARETABLES:0.45959940892347045
C_MOBILITY:0.3910770357088864
C_KINGSAFETY:0.5425306981333862
C_PAWNSTRUCTURE:0.5539855562847558
C_PIECECOORDINATION:0.5221406349139489
C_ROOKANDPAWNMOVEMENT:0.5221406349139489
C_CENTERCONTROL:0.47712355219728225
C_DEVELOPPIECES:0.4911671815612675
C_MATERIAL:0.5158074081322398
