ELO:940
CE_PASSEDPAWNS:0.512424875824193
CE_PAWNWEAKNESSES:0.5086912778885564
CE_PIECEACTIVITY:0.37725038867968497
CE_KINGPAWNSHIELD:0.4708410507871614
CE_PIECECOORDINATION:0.47479574882499076
CE_MATERIAL:0.4215648326199553
CE_KINGSAFETY:0.5217144088807855
C_PIECESQUARETABLES:0.5085896405353981
C_MOBILITY:0.43682018823188323
C_KINGSAFETY:0.5074799322752866
C_PAWNSTRUCTURE:0.5293792246798187
C_PIECECOORDINATION:0.5607496971446149
C_ROOKANDPAWNMOVEMENT:0.5607496971446149
C_CENTERCONTROL:0.5833794613029051
C_DEVELOPPIECES:0.4632738889910478
C_MATERIAL:0.4895167576936589
