ELO:1010
CE_PASSEDPAWNS:0.4934621649496556
CE_PAWNWEAKNESSES:0.4941974748027194
CE_PIECEACTIVITY:0.49324045242898057
CE_KINGPAWNSHIELD:0.5
CE_PIECECOORDINATION:0.5
CE_MATERIAL:0.5
CE_KINGSAFETY:0.5
C_PIECESQUARETABLES:0.4979049751161538
C_MOBILITY:0.49315425094434484
C_KINGSAFETY:0.4978225424460529
C_PAWNSTRUCTURE:0.5
C_PIECECOORDINATION:0.5
C_ROOK:0.5
CE_ROOK:0.5
C_CENTERCONTROL:0.5
C_DEVELOPPIECES:0.5012830369821125
C_MATERIAL:0.5
C_MOVECOUNT:0.5141195329565235
C_PAWNMOVEMENT:0.5
