ELO:986
CE_PASSEDPAWNS:0.50838442045441
CE_PAWNWEAKNESSES:0.49381305785012997
CE_PIECEACTIVITY:0.5046035788099037
CE_KINGPAWNSHIELD:0.4991119755178232
CE_PIECECOORDINATION:0.5050824769837194
CE_MATERIAL:0.47707443382224357
CE_KINGSAFETY:0.5
C_PIECESQUARETABLES:0.4957178812048208
C_MOBILITY:0.49619008466547265
C_KINGSAFETY:0.5253559902603754
C_PAWNSTRUCTURE:0.48923546756551056
C_PIECECOORDINATION:0.4746934249405075
C_ROOK:0.5348887495102477
CE_ROOK:0.4910334956824187
C_CENTERCONTROL:0.5118144171587676
C_DEVELOPPIECES:0.5263428350687316
C_MATERIAL:0.4947111584451622
C_MOVECOUNT:0.5117287733130249
C_PAWNMOVEMENT:0.5077764989535978
