ELO:964
CE_PASSEDPAWNS:0.5101309341718102
CE_PAWNWEAKNESSES:0.4971131511429639
CE_PIECEACTIVITY:0.5222574238219929
CE_KINGPAWNSHIELD:0.48533025232670096
CE_PIECECOORDINATION:0.4945153699273124
CE_MATERIAL:0.4770907128394856
CE_KINGSAFETY:0.4813497235739186
C_PIECESQUARETABLES:0.49762392441575765
C_MOBILITY:0.4734161996021008
C_KINGSAFETY:0.5194708167126219
C_PAWNSTRUCTURE:0.48815241718669494
C_PIECECOORDINATION:0.45508998844029913
C_ROOK:0.5354192714994145
CE_ROOK:0.4854251133232119
C_CENTERCONTROL:0.5164704834461789
C_DEVELOPPIECES:0.5403200390664987
C_MATERIAL:0.5165446236662734
C_MOVECOUNT:0.5211608794546306
C_PAWNMOVEMENT:0.5036098507646244
