ELO:987
CE_PASSEDPAWNS:0.49592156713158475
CE_PAWNWEAKNESSES:0.5
CE_PIECEACTIVITY:0.4957326189170692
CE_KINGPAWNSHIELD:0.49955063752203804
CE_PIECECOORDINATION:0.48561885153579554
CE_MATERIAL:0.5110472736068808
CE_KINGSAFETY:0.494244538908382
C_PIECESQUARETABLES:0.5164038730477792
C_MOBILITY:0.5206705534427425
C_KINGSAFETY:0.5052911731435713
C_PAWNSTRUCTURE:0.5034460166806641
C_PIECECOORDINATION:0.5000849832382661
C_ROOK:0.5050819261822154
CE_ROOK:0.5007821344074402
C_CENTERCONTROL:0.5032077351002222
C_DEVELOPPIECES:0.49395680367938527
C_MATERIAL:0.5153970888535924
C_MOVECOUNT:0.5012083631281187
C_PAWNMOVEMENT:0.5067154088922577
