ELO:961
CE_PASSEDPAWNS:0.5052658054607628
CE_PAWNWEAKNESSES:0.4391483354155107
CE_PIECEACTIVITY:0.4213638082722981
CE_KINGPAWNSHIELD:0.5448356146172475
CE_PIECECOORDINATION:0.49858750305281396
CE_MATERIAL:0.5216111308918994
CE_KINGSAFETY:0.5449942008724372
C_PIECESQUARETABLES:0.5147410028448592
C_MOBILITY:0.4814104067030915
C_KINGSAFETY:0.47935951299913515
C_PAWNSTRUCTURE:0.5117309508471879
C_PIECECOORDINATION:0.49481266204964397
C_ROOKANDPAWNMOVEMENT:0.49481266204964397
C_CENTERCONTROL:0.5847455270043311
C_DEVELOPPIECES:0.40364666085406
C_MATERIAL:0.6186788157250397
