ELO:965
CE_PASSEDPAWNS:0.4937202811632562
CE_PAWNWEAKNESSES:0.5052821286481884
CE_PIECEACTIVITY:0.5083249717669039
CE_KINGPAWNSHIELD:0.5
CE_PIECECOORDINATION:0.5177801457998619
CE_MATERIAL:0.5076087433286723
CE_KINGSAFETY:0.4981344462787551
C_PIECESQUARETABLES:0.4987979173779387
C_MOBILITY:0.4998787210080837
C_KINGSAFETY:0.49196257952812916
C_PAWNSTRUCTURE:0.4951849911077528
C_PIECECOORDINATION:0.515199969908453
C_ROOKANDPAWNMOVEMENT:0.515199969908453
C_CENTERCONTROL:0.49513175293364814
C_DEVELOPPIECES:0.5048869370458337
C_MATERIAL:0.5
C_MOVECOUNT:0.5141190649981384
