ELO:905
CE_PASSEDPAWNS:0.41463949222265706
CE_PAWNWEAKNESSES:0.4565282063031728
CE_PIECEACTIVITY:0.6043759933960795
CE_KINGPAWNSHIELD:0.4499891835501989
CE_PIECECOORDINATION:0.4622157249277998
CE_MATERIAL:0.4170190303333683
CE_KINGSAFETY:0.5107252033610862
C_PIECESQUARETABLES:0.505410487755262
C_MOBILITY:0.5895156435253079
C_KINGSAFETY:0.4322536204834565
C_PAWNSTRUCTURE:0.5426301805318552
C_PIECECOORDINATION:0.4630406070591414
C_ROOKANDPAWNMOVEMENT:0.4630406070591414
C_CENTERCONTROL:0.5028533487845539
C_DEVELOPPIECES:0.44335191267455715
C_MATERIAL:0.46136926633381287
