ELO:1016
CE_PASSEDPAWNS:0.5207781198568497
CE_PAWNWEAKNESSES:0.5095114882014274
CE_PIECEACTIVITY:0.4942451485575602
CE_KINGPAWNSHIELD:0.4868629542626994
CE_PIECECOORDINATION:0.5256356255902479
CE_MATERIAL:0.5107216171510552
CE_KINGSAFETY:0.5
C_PIECESQUARETABLES:0.5
C_MOBILITY:0.5046399608640394
C_KINGSAFETY:0.5
C_PAWNSTRUCTURE:0.5113985712608656
C_PIECECOORDINATION:0.4789964918977318
C_ROOKANDPAWNMOVEMENT:0.4789964918977318
C_CENTERCONTROL:0.5738308201682844
C_DEVELOPPIECES:0.5096271284377922
C_MATERIAL:0.4786624886508768
C_MOVECOUNT:0.5
