ELO:977
CE_PASSEDPAWNS:0.511201953910688
CE_PAWNWEAKNESSES:0.5170368510747994
CE_PIECEACTIVITY:0.4777074234874022
CE_KINGPAWNSHIELD:0.5118262692049336
CE_PIECECOORDINATION:0.5042993763044149
CE_MATERIAL:0.4990660347658259
CE_KINGSAFETY:0.5096585749381369
C_PIECESQUARETABLES:0.49474062334528135
C_MOBILITY:0.5015821508323225
C_KINGSAFETY:0.4981133600404868
C_PAWNSTRUCTURE:0.49589659734086905
C_PIECECOORDINATION:0.48859011809971514
C_ROOKANDPAWNMOVEMENT:0.48859011809971514
C_CENTERCONTROL:0.5049870702374011
C_DEVELOPPIECES:0.5019305754914903
C_MATERIAL:0.5034735486833855
