ELO:993
CE_PASSEDPAWNS:0.5195008228646731
CE_PAWNWEAKNESSES:0.49896472452861146
CE_PIECEACTIVITY:0.5033318511325385
CE_KINGPAWNSHIELD:0.5201700472438997
CE_PIECECOORDINATION:0.5
CE_MATERIAL:0.4958215728186309
CE_KINGSAFETY:0.5
C_PIECESQUARETABLES:0.5
C_MOBILITY:0.4918905680188294
C_KINGSAFETY:0.5240132980384018
C_PAWNSTRUCTURE:0.5101512806420104
C_PIECECOORDINATION:0.48252870982922264
C_ROOKANDPAWNMOVEMENT:0.48252870982922264
C_CENTERCONTROL:0.5
C_DEVELOPPIECES:0.5082874331583349
C_MATERIAL:0.4725445946394094
C_MOVECOUNT:0.5
