ELO:1000
CE_PASSEDPAWNS:0.46501490493231
CE_PAWNWEAKNESSES:0.47792115747226055
CE_PIECEACTIVITY:0.49496627414572925
CE_KINGPAWNSHIELD:0.5182300933862174
CE_PIECECOORDINATION:0.48142119659103183
CE_MATERIAL:0.47792830778322737
CE_KINGSAFETY:0.5314759845277639
C_PIECESQUARETABLES:0.4826344694476342
C_MOBILITY:0.5261673280636837
C_KINGSAFETY:0.46336729414887096
C_PAWNSTRUCTURE:0.49495962374480945
C_PIECECOORDINATION:0.516115238741653
C_ROOKANDPAWNMOVEMENT:0.516115238741653
C_CENTERCONTROL:0.5110553322306238
C_DEVELOPPIECES:0.48866965961246767
C_MATERIAL:0.48250621704550095
