ELO:1067
CE_PASSEDPAWNS:0.644609823494596
CE_PAWNWEAKNESSES:0.4724378969062413
CE_PIECEACTIVITY:0.47069241780468357
CE_KINGPAWNSHIELD:0.4347511108984238
CE_PIECECOORDINATION:0.4610753917726815
CE_MATERIAL:0.4648948315222086
CE_KINGSAFETY:0.5079673736898553
C_PIECESQUARETABLES:0.47825774510849794
C_MOBILITY:0.5160666437109367
C_KINGSAFETY:0.4948264178537234
C_PAWNSTRUCTURE:0.47076651466875274
C_PIECECOORDINATION:0.46352203787524227
C_ROOKANDPAWNMOVEMENT:0.46352203787524227
C_CENTERCONTROL:0.5058355232464183
C_DEVELOPPIECES:0.45518900731801537
C_MATERIAL:0.3844421342962308
