ELO:842
CE_PASSEDPAWNS:0.4450962180530363
CE_PAWNWEAKNESSES:0.493700447911105
CE_PIECEACTIVITY:0.6429241146217712
CE_KINGPAWNSHIELD:0.4647120455440018
CE_PIECECOORDINATION:0.4564700721362748
CE_MATERIAL:0.42002335383567324
CE_KINGSAFETY:0.47777528943570824
C_PIECESQUARETABLES:0.5351225589966323
C_MOBILITY:0.5894325310187034
C_KINGSAFETY:0.41586562484657913
C_PAWNSTRUCTURE:0.5817545848034429
C_PIECECOORDINATION:0.48142742362158136
C_ROOKANDPAWNMOVEMENT:0.48142742362158136
C_CENTERCONTROL:0.48835704346139386
C_DEVELOPPIECES:0.3921048547734751
C_MATERIAL:0.45915324597857077
