ELO:936
CE_PASSEDPAWNS:0.48470177281042104
CE_PAWNWEAKNESSES:0.502196523926451
CE_PIECEACTIVITY:0.4911775666875327
CE_KINGPAWNSHIELD:0.5252989169934998
CE_PIECECOORDINATION:0.5547846607502137
CE_MATERIAL:0.5020394858754854
CE_KINGSAFETY:0.508941392527133
C_PIECESQUARETABLES:0.5
C_MOBILITY:0.4635835996721516
C_KINGSAFETY:0.505125088414055
C_PAWNSTRUCTURE:0.4699566691478534
C_PIECECOORDINATION:0.5133456618238166
C_ROOKANDPAWNMOVEMENT:0.5133456618238166
C_CENTERCONTROL:0.4894794949971354
C_DEVELOPPIECES:0.471303456628729
C_MATERIAL:0.49031094197051817
C_MOVECOUNT:0.522427265838026
