ELO:934
CE_PASSEDPAWNS:0.4908204949993317
CE_PAWNWEAKNESSES:0.48477140224798915
CE_PIECEACTIVITY:0.49635604031349423
CE_KINGPAWNSHIELD:0.5297490549729108
CE_PIECECOORDINATION:0.4569452596303021
CE_MATERIAL:0.5029450549792513
CE_KINGSAFETY:0.4848300760527582
C_PIECESQUARETABLES:0.5245828773558067
C_MOBILITY:0.49860310079977727
C_KINGSAFETY:0.49431808922375436
C_PAWNSTRUCTURE:0.5253811727057178
C_PIECECOORDINATION:0.48248142364243857
C_ROOKANDPAWNMOVEMENT:0.48248142364243857
C_CENTERCONTROL:0.5085380386654148
C_DEVELOPPIECES:0.5023996378879506
C_MATERIAL:0.4693409017476289
C_MOVECOUNT:0.5
