ELO:918
CE_PASSEDPAWNS:0.5078714967691056
CE_PAWNWEAKNESSES:0.5104401412516182
CE_PIECEACTIVITY:0.5355272093628515
CE_KINGPAWNSHIELD:0.5242639627869956
CE_PIECECOORDINATION:0.5185699697126378
CE_MATERIAL:0.4759169037426014
CE_KINGSAFETY:0.5009709302649851
C_PIECESQUARETABLES:0.47033627388833216
C_MOBILITY:0.5333842343265134
C_KINGSAFETY:0.5278018938346757
C_PAWNSTRUCTURE:0.49259754380504067
C_PIECECOORDINATION:0.5175484936509137
C_ROOKANDPAWNMOVEMENT:0.5175484936509137
C_CENTERCONTROL:0.5132880992413131
C_DEVELOPPIECES:0.4950444481883573
C_MATERIAL:0.4898144792446819
C_MOVECOUNT:0.5
