ELO:974
CE_PASSEDPAWNS:0.44484373830438373
CE_PAWNWEAKNESSES:0.45629504085819056
CE_PIECEACTIVITY:0.4184044436657267
CE_KINGPAWNSHIELD:0.5053464004892047
CE_PIECECOORDINATION:0.4761766138765733
CE_MATERIAL:0.5001856850057982
CE_KINGSAFETY:0.5038407844307267
C_PIECESQUARETABLES:0.5066210422052256
C_MOBILITY:0.4356288350718101
C_KINGSAFETY:0.47690220101187
C_PAWNSTRUCTURE:0.48764627640088337
C_PIECECOORDINATION:0.5364532449423178
C_ROOKANDPAWNMOVEMENT:0.5364532449423178
C_CENTERCONTROL:0.5439420025608374
C_DEVELOPPIECES:0.48896746079547276
C_MATERIAL:0.4169900855702609
