ELO:980
CE_PASSEDPAWNS:0.5130454361235968
CE_PAWNWEAKNESSES:0.5170368510747994
CE_PIECEACTIVITY:0.4989847378948792
CE_KINGPAWNSHIELD:0.5081610120682384
CE_PIECECOORDINATION:0.5076305139002651
CE_MATERIAL:0.4940437949335927
CE_KINGSAFETY:0.5127211364989803
C_PIECESQUARETABLES:0.49108634412181207
C_MOBILITY:0.5100698043700475
C_KINGSAFETY:0.48866104339666067
C_PAWNSTRUCTURE:0.495469520887332
C_PIECECOORDINATION:0.4701793923653674
C_ROOKANDPAWNMOVEMENT:0.4701793923653674
C_CENTERCONTROL:0.4943209624306117
C_DEVELOPPIECES:0.4972907556340785
C_MATERIAL:0.4986123292377552
