ELO:1082
CE_PASSEDPAWNS:0.4271339491974158
CE_PAWNWEAKNESSES:0.540257495688603
CE_PIECEACTIVITY:0.4381841345240536
CE_KINGPAWNSHIELD:0.46865639744945076
CE_PIECECOORDINATION:0.48438192449001055
CE_MATERIAL:0.4990994058124339
CE_KINGSAFETY:0.5
C_PIECESQUARETABLES:0.5
C_MOBILITY:0.3976216888052514
C_KINGSAFETY:0.36910277290662097
C_PAWNSTRUCTURE:0.5565549327089838
C_PIECECOORDINATION:0.5630257093956104
C_ROOKANDPAWNMOVEMENT:0.5630257093956104
C_CENTERCONTROL:0.4906048030664564
C_DEVELOPPIECES:0.44786742023894355
C_MATERIAL:0.5555915312898784
