ELO:983
CE_PASSEDPAWNS:0.49424108628794977
CE_PAWNWEAKNESSES:0.48365086534427054
CE_PIECEACTIVITY:0.49833161450269914
CE_KINGPAWNSHIELD:0.46146755550480073
CE_PIECECOORDINATION:0.505636468170963
CE_MATERIAL:0.4974334822918105
CE_KINGSAFETY:0.4959482840921201
C_PIECESQUARETABLES:0.5
C_MOBILITY:0.48207677873189825
C_KINGSAFETY:0.49967278399232384
C_PAWNSTRUCTURE:0.4672220714395548
C_PIECECOORDINATION:0.5007138505637528
C_ROOK:0.5054350946489752
CE_ROOK:0.4983657250353404
C_CENTERCONTROL:0.4931919974861807
C_DEVELOPPIECES:0.49299663734607996
C_MATERIAL:0.5177364255238226
C_MOVECOUNT:0.5012394238464674
C_PAWNMOVEMENT:0.5719374247490445
