ELO:953
CE_PASSEDPAWNS:0.46647196230127314
CE_PAWNWEAKNESSES:0.5081335213621182
CE_PIECEACTIVITY:0.4853378074558927
CE_KINGPAWNSHIELD:0.5036273347540438
CE_PIECECOORDINATION:0.47023297298045924
CE_MATERIAL:0.5
CE_KINGSAFETY:0.5121915240032501
C_PIECESQUARETABLES:0.5206447734359697
C_MOBILITY:0.45650260854282415
C_KINGSAFETY:0.497730207668942
C_PAWNSTRUCTURE:0.5140981267223307
C_PIECECOORDINATION:0.523100968209312
C_ROOKANDPAWNMOVEMENT:0.523100968209312
C_CENTERCONTROL:0.4981491975986807
C_DEVELOPPIECES:0.5231846334762228
C_MATERIAL:0.48663661391866087
