ELO:736
CE_PASSEDPAWNS:0.5335184338681346
CE_PAWNWEAKNESSES:0.47292928619901287
CE_PIECEACTIVITY:0.41003983756327517
CE_KINGPAWNSHIELD:0.5090128047330196
CE_PIECECOORDINATION:0.5358322848615926
CE_MATERIAL:0.5107566723247682
CE_KINGSAFETY:0.48918396690219534
C_PIECESQUARETABLES:0.5854999841872187
C_MOBILITY:0.4289975509094805
C_KINGSAFETY:0.48369875154994346
C_PAWNSTRUCTURE:0.5293530242922243
C_PIECECOORDINATION:0.5658575618188282
C_ROOKANDPAWNMOVEMENT:0.5658575618188282
C_CENTERCONTROL:0.4530202517594984
C_DEVELOPPIECES:0.5460542967058305
C_MATERIAL:0.48194317255852953
C_MOVECOUNT:0.5204512767659215
