ELO:945
CE_PASSEDPAWNS:0.5375233750301596
CE_PAWNWEAKNESSES:0.4992887472000755
CE_PIECEACTIVITY:0.5046141778562879
CE_KINGPAWNSHIELD:0.5262732239167975
CE_PIECECOORDINATION:0.5426850695792671
CE_MATERIAL:0.4742890286585572
CE_KINGSAFETY:0.5238010241648602
C_PIECESQUARETABLES:0.5091135823489139
C_MOBILITY:0.4991207433218408
C_KINGSAFETY:0.5303387815454645
C_PAWNSTRUCTURE:0.47609231634301086
C_PIECECOORDINATION:0.4697304293425143
C_ROOKANDPAWNMOVEMENT:0.4697304293425143
C_CENTERCONTROL:0.5209137744876062
C_DEVELOPPIECES:0.5081014592028777
C_MATERIAL:0.5137643119417673
C_MOVECOUNT:0.5
