ELO:1261
CE_PASSEDPAWNS:0.414768507815632
CE_PAWNWEAKNESSES:0.45753908675987287
CE_PIECEACTIVITY:0.4255948402422537
CE_KINGPAWNSHIELD:0.4652486043048658
CE_PIECECOORDINATION:0.49892967985177217
CE_MATERIAL:0.47142943546382343
CE_KINGSAFETY:0.5
C_PIECESQUARETABLES:0.5
C_MOBILITY:0.4485987724365621
C_KINGSAFETY:0.41496517016321266
C_PAWNSTRUCTURE:0.5876106179707854
C_PIECECOORDINATION:0.5842283600812508
C_ROOKANDPAWNMOVEMENT:0.5842283600812508
C_CENTERCONTROL:0.5265679586594536
C_DEVELOPPIECES:0.4763303950629413
C_MATERIAL:0.622840321325036
