ELO:1000
CE_PASSEDPAWNS:0.5444991944970202
CE_PAWNWEAKNESSES:0.5394798880586209
CE_PIECEACTIVITY:0.5393960459410575
CE_KINGPAWNSHIELD:0.5123384662545265
CE_PIECECOORDINATION:0.5038580956428566
CE_MATERIAL:0.4794644624737204
CE_KINGSAFETY:0.4764625478363932
C_PIECESQUARETABLES:0.48718540979946195
C_MOBILITY:0.4640325138627335
C_KINGSAFETY:0.4865616276792533
C_PAWNSTRUCTURE:0.5311201263741298
C_PIECECOORDINATION:0.4743059302140091
C_ROOKANDPAWNMOVEMENT:0.4743059302140091
C_CENTERCONTROL:0.46734876669316433
C_DEVELOPPIECES:0.4847587928626865
C_MATERIAL:0.5032517585234962
