ELO:1000
CE_PASSEDPAWNS:0.4944476126294761
CE_PAWNWEAKNESSES:0.4621528648358674
CE_PIECEACTIVITY:0.5027481049633993
CE_KINGPAWNSHIELD:0.482320772145295
CE_PIECECOORDINATION:0.5251626366504479
CE_MATERIAL:0.5110754357905127
CE_KINGSAFETY:0.46208796274983627
C_PIECESQUARETABLES:0.5361426958573865
C_MOBILITY:0.4986354347318834
C_KINGSAFETY:0.4709431691387066
C_PAWNSTRUCTURE:0.4878466732547994
C_PIECECOORDINATION:0.508276288573653
C_ROOKANDPAWNMOVEMENT:0.508276288573653
C_CENTERCONTROL:0.49667867102735924
C_DEVELOPPIECES:0.4180145508815612
C_MATERIAL:0.5061349005896052
