ELO:972
CE_PASSEDPAWNS:0.496468422857019
CE_PAWNWEAKNESSES:0.49285056731093785
CE_PIECEACTIVITY:0.5115453074478072
CE_KINGPAWNSHIELD:0.5300722525087711
CE_PIECECOORDINATION:0.4973830192996552
CE_MATERIAL:0.5202511608272408
CE_KINGSAFETY:0.5116965864953987
C_PIECESQUARETABLES:0.5
C_MOBILITY:0.4494780166359204
C_KINGSAFETY:0.5210119243146716
C_PAWNSTRUCTURE:0.48542315904161304
C_PIECECOORDINATION:0.5143304587819199
C_ROOK:0.4709894110004325
CE_ROOK:0.5105563258499096
C_CENTERCONTROL:0.49040800753848485
C_DEVELOPPIECES:0.5076575402598399
C_MATERIAL:0.5432609365752382
C_MOVECOUNT:0.4918818798279729
C_PAWNMOVEMENT:0.49081152050651267
