ELO:942
CE_PASSEDPAWNS:0.45466971357196445
CE_PAWNWEAKNESSES:0.5173298073263561
CE_PIECEACTIVITY:0.5344606451312113
CE_KINGPAWNSHIELD:0.5135832093653155
CE_PIECECOORDINATION:0.5661073231753134
CE_MATERIAL:0.5139519739237516
CE_KINGSAFETY:0.4616238320805435
C_PIECESQUARETABLES:0.4743119894113483
C_MOBILITY:0.5255911624911572
C_KINGSAFETY:0.5382422728661443
C_PAWNSTRUCTURE:0.5029286691343375
C_PIECECOORDINATION:0.5029513272836916
C_ROOKANDPAWNMOVEMENT:0.5029513272836916
C_CENTERCONTROL:0.5061906449411864
C_DEVELOPPIECES:0.4806542977904933
C_MATERIAL:0.487305334263258
C_MOVECOUNT:0.46694926368320194
