ELO:976
CE_PASSEDPAWNS:0.4960953027949179
CE_PAWNWEAKNESSES:0.45046761445385636
CE_PIECEACTIVITY:0.49590210558154446
CE_KINGPAWNSHIELD:0.5054255629086506
CE_PIECECOORDINATION:0.5204382952921428
CE_MATERIAL:0.509773033062491
CE_KINGSAFETY:0.5
C_PIECESQUARETABLES:0.5
C_MOBILITY:0.4828175302277787
C_KINGSAFETY:0.4727276072228764
C_PAWNSTRUCTURE:0.5102622619739604
C_PIECECOORDINATION:0.5372358219386494
C_ROOK:0.5297210892489224
CE_ROOK:0.5292476418616322
C_CENTERCONTROL:0.49677546005559614
C_DEVELOPPIECES:0.4901660349226472
C_MATERIAL:0.5406644746234553
C_MOVECOUNT:0.49365857020253057
C_PAWNMOVEMENT:0.48879222331845207
