ELO:826
CE_PASSEDPAWNS:0.5629793283115165
CE_PAWNWEAKNESSES:0.5931779431102494
CE_PIECEACTIVITY:0.5201255854029438
CE_KINGPAWNSHIELD:0.48939643605102934
CE_PIECECOORDINATION:0.5866407711124229
CE_MATERIAL:0.43431754980539755
CE_KINGSAFETY:0.503425932173776
C_PIECESQUARETABLES:0.5127644138531613
C_MOBILITY:0.3964542692002441
C_KINGSAFETY:0.4084047523854245
C_PAWNSTRUCTURE:0.4271235200701385
C_PIECECOORDINATION:0.5870914697362141
C_ROOKANDPAWNMOVEMENT:0.5870914697362141
C_CENTERCONTROL:0.47990616268219966
C_DEVELOPPIECES:0.5362254206928025
C_MATERIAL:0.3691894138101906
