ELO:961
CE_PASSEDPAWNS:0.5065152689502044
CE_PAWNWEAKNESSES:0.5046057126406962
CE_PIECEACTIVITY:0.5111815062651951
CE_KINGPAWNSHIELD:0.5101235136014772
CE_PIECECOORDINATION:0.5
CE_MATERIAL:0.5009108323671153
CE_KINGSAFETY:0.5
C_PIECESQUARETABLES:0.4955133363104068
C_MOBILITY:0.4986788651172561
C_KINGSAFETY:0.48956045689194877
C_PAWNSTRUCTURE:0.49930205238647973
C_PIECECOORDINATION:0.5
C_ROOKANDPAWNMOVEMENT:0.5
C_CENTERCONTROL:0.5020734117206297
C_DEVELOPPIECES:0.47933762591469276
C_MATERIAL:0.5048492956346716
C_MOVECOUNT:0.5
