ELO:990
CE_PASSEDPAWNS:0.3936729894856766
CE_PAWNWEAKNESSES:0.44512294890545856
CE_PIECEACTIVITY:0.5038543316293372
CE_KINGPAWNSHIELD:0.4909448313510854
CE_PIECECOORDINATION:0.607723057007639
CE_MATERIAL:0.4290915536327273
CE_KINGSAFETY:0.5
C_PIECESQUARETABLES:0.4895068029411608
C_MOBILITY:0.6106431556756368
C_KINGSAFETY:0.574264405057285
C_PAWNSTRUCTURE:0.62436365227218
C_PIECECOORDINATION:0.6070993815224753
C_ROOKANDPAWNMOVEMENT:0.6070993815224753
C_CENTERCONTROL:0.3791738811592719
C_DEVELOPPIECES:0.5544400660727571
C_MATERIAL:0.580630367547973
