ELO:938
CE_PASSEDPAWNS:0.45163252849921626
CE_PAWNWEAKNESSES:0.44684607569901463
CE_PIECEACTIVITY:0.5047610777299164
CE_KINGPAWNSHIELD:0.4905755819987365
CE_PIECECOORDINATION:0.48856717061844773
CE_MATERIAL:0.5441457880801259
CE_KINGSAFETY:0.5000263596305389
C_PIECESQUARETABLES:0.49995798950373865
C_MOBILITY:0.48830086787660765
C_KINGSAFETY:0.528293406185989
C_PAWNSTRUCTURE:0.4957054123101301
C_PIECECOORDINATION:0.5580073495986473
C_ROOKANDPAWNMOVEMENT:0.5580073495986473
C_CENTERCONTROL:0.49105483669142735
C_DEVELOPPIECES:0.4842216603023786
C_MATERIAL:0.48635478691082645
C_MOVECOUNT:0.5175003983895524
