ELO:996
CE_PASSEDPAWNS:0.4722016020262772
CE_PAWNWEAKNESSES:0.5516698161579662
CE_PIECEACTIVITY:0.5973058162582101
CE_KINGPAWNSHIELD:0.536979658412252
CE_PIECECOORDINATION:0.5039044681466388
CE_MATERIAL:0.38783270881691567
CE_KINGSAFETY:0.49666502157308806
C_PIECESQUARETABLES:0.5321620045113733
C_MOBILITY:0.48364989812057957
C_KINGSAFETY:0.5318967908232626
C_PAWNSTRUCTURE:0.556655740710843
C_PIECECOORDINATION:0.5133520800472895
C_ROOKANDPAWNMOVEMENT:0.5133520800472895
C_CENTERCONTROL:0.4464637242322895
C_DEVELOPPIECES:0.4479092282711471
C_MATERIAL:0.41414343220045857
