ELO:942
CE_PASSEDPAWNS:0.45988004516546754
CE_PAWNWEAKNESSES:0.49425051186085117
CE_PIECEACTIVITY:0.5
CE_KINGPAWNSHIELD:0.48192499504869396
CE_PIECECOORDINATION:0.5231591258207076
CE_MATERIAL:0.5
CE_KINGSAFETY:0.4924720818345669
C_PIECESQUARETABLES:0.4669059204083347
C_MOBILITY:0.5262330402490472
C_KINGSAFETY:0.5098144957779405
C_PAWNSTRUCTURE:0.5271615076858757
C_PIECECOORDINATION:0.44070156408331496
C_ROOKANDPAWNMOVEMENT:0.44070156408331496
C_CENTERCONTROL:0.5122877666933161
C_DEVELOPPIECES:0.47900962528971397
C_MATERIAL:0.5111493124526257
C_MOVECOUNT:0.5
