ELO:1000
CE_PASSEDPAWNS:0.48038646310365124
CE_PAWNWEAKNESSES:0.47056454281997034
CE_PIECEACTIVITY:0.49992443692531063
CE_KINGPAWNSHIELD:0.49467178001090567
CE_PIECECOORDINATION:0.5086862798776165
CE_MATERIAL:0.5375167818140658
CE_KINGSAFETY:0.43180653816838954
C_PIECESQUARETABLES:0.48514659015888784
C_MOBILITY:0.5050014621726149
C_KINGSAFETY:0.5081002871437095
C_PAWNSTRUCTURE:0.5158566033784585
C_PIECECOORDINATION:0.5253372310042932
C_ROOKANDPAWNMOVEMENT:0.5253372310042932
C_CENTERCONTROL:0.4472607595583519
C_DEVELOPPIECES:0.4356955166721533
C_MATERIAL:0.4973371470500744
