ELO:944
CE_PASSEDPAWNS:0.5284244028263253
CE_PAWNWEAKNESSES:0.5034645148649036
CE_PIECEACTIVITY:0.5036793888160833
CE_KINGPAWNSHIELD:0.5092030259072895
CE_PIECECOORDINATION:0.48765172308443416
CE_MATERIAL:0.4796799531388552
CE_KINGSAFETY:0.518382361217409
C_PIECESQUARETABLES:0.4826730891761413
C_MOBILITY:0.5154930182873725
C_KINGSAFETY:0.5126698696018346
C_PAWNSTRUCTURE:0.5187889217923072
C_PIECECOORDINATION:0.5110435501976295
C_ROOKANDPAWNMOVEMENT:0.5110435501976295
C_CENTERCONTROL:0.5099601645878498
C_DEVELOPPIECES:0.4650316702704235
C_MATERIAL:0.49684769956946423
C_MOVECOUNT:0.49492293507630825
