ELO:999
CE_PASSEDPAWNS:0.6059219519296358
CE_PAWNWEAKNESSES:0.55439001426244
CE_PIECEACTIVITY:0.4491460556110896
CE_KINGPAWNSHIELD:0.4904122489579935
CE_PIECECOORDINATION:0.5456181117980412
CE_MATERIAL:0.48130696488377894
CE_KINGSAFETY:0.5283199892655043
C_PIECESQUARETABLES:0.48111745492837943
C_MOBILITY:0.44885576564770796
C_KINGSAFETY:0.48266102336344097
C_PAWNSTRUCTURE:0.5196297895933717
C_PIECECOORDINATION:0.5448617355454458
C_ROOKANDPAWNMOVEMENT:0.5448617355454458
C_CENTERCONTROL:0.478720365690374
C_DEVELOPPIECES:0.44654683176183646
C_MATERIAL:0.49098527698641714
