ELO:1000
CE_PASSEDPAWNS:0.4742373981022196
CE_PAWNWEAKNESSES:0.4728674732370836
CE_PIECEACTIVITY:0.46733635537287843
CE_KINGPAWNSHIELD:0.5082843169016168
CE_PIECECOORDINATION:0.5263954430982115
CE_MATERIAL:0.5165938516167621
CE_KINGSAFETY:0.43180653816838954
C_PIECESQUARETABLES:0.5054688236999835
C_MOBILITY:0.5014565095910468
C_KINGSAFETY:0.5002981494087773
C_PAWNSTRUCTURE:0.5186101166710032
C_PIECECOORDINATION:0.5253372310042932
C_ROOKANDPAWNMOVEMENT:0.5253372310042932
C_CENTERCONTROL:0.4656344005509732
C_DEVELOPPIECES:0.43118833475254525
C_MATERIAL:0.5118686902930272
