ELO:990
CE_PASSEDPAWNS:0.40154588352296366
CE_PAWNWEAKNESSES:0.4170653010982303
CE_PIECEACTIVITY:0.5237753168921556
CE_KINGPAWNSHIELD:0.48471486778320405
CE_PIECECOORDINATION:0.6084366178707024
CE_MATERIAL:0.4290915536327273
CE_KINGSAFETY:0.5104571147243163
C_PIECESQUARETABLES:0.4900650569570265
C_MOBILITY:0.6106431556756368
C_KINGSAFETY:0.5742475742575268
C_PAWNSTRUCTURE:0.62436365227218
C_PIECECOORDINATION:0.6070993815224753
C_ROOKANDPAWNMOVEMENT:0.6070993815224753
C_CENTERCONTROL:0.37728580530260164
C_DEVELOPPIECES:0.5505063150357657
C_MATERIAL:0.580010705924123
