ELO:806
CE_PASSEDPAWNS:0.5496828116534347
CE_PAWNWEAKNESSES:0.5551806374174001
CE_PIECEACTIVITY:0.5379647794115281
CE_KINGPAWNSHIELD:0.47336684400700507
CE_PIECECOORDINATION:0.5611614962803791
CE_MATERIAL:0.44486385794006134
CE_KINGSAFETY:0.47195507955118887
C_PIECESQUARETABLES:0.49568780837253906
C_MOBILITY:0.442486845222593
C_KINGSAFETY:0.3581772797408191
C_PAWNSTRUCTURE:0.40559693966420535
C_PIECECOORDINATION:0.6344282427509527
C_ROOKANDPAWNMOVEMENT:0.6344282427509527
C_CENTERCONTROL:0.47924043310257897
C_DEVELOPPIECES:0.5378154536629933
C_MATERIAL:0.3835791318803436
