ELO:1001
CE_PASSEDPAWNS:0.4989467453626757
CE_PAWNWEAKNESSES:0.5188441257410947
CE_PIECEACTIVITY:0.5047479899726335
CE_KINGPAWNSHIELD:0.48561383184712487
CE_PIECECOORDINATION:0.5
CE_MATERIAL:0.49436801475346626
CE_KINGSAFETY:0.5
C_PIECESQUARETABLES:0.5
C_MOBILITY:0.5407915902068846
C_KINGSAFETY:0.49149460427935127
C_PAWNSTRUCTURE:0.4880071162107068
C_PIECECOORDINATION:0.4938910248153539
C_ROOKANDPAWNMOVEMENT:0.4938910248153539
C_CENTERCONTROL:0.5012947940092474
C_DEVELOPPIECES:0.5169433430230224
C_MATERIAL:0.5114105776332671
C_MOVECOUNT:0.48910057381025596
