ELO:897
CE_PASSEDPAWNS:0.44698577440060144
CE_PAWNWEAKNESSES:0.5498383763980099
CE_PIECEACTIVITY:0.5013211763281307
CE_KINGPAWNSHIELD:0.51354698321096
CE_PIECECOORDINATION:0.5008995890414654
CE_MATERIAL:0.5040216626523041
CE_KINGSAFETY:0.5002906820112081
C_PIECESQUARETABLES:0.5047354430771416
C_MOBILITY:0.43534164070657744
C_KINGSAFETY:0.49021556500132557
C_PAWNSTRUCTURE:0.4479887918587882
C_PIECECOORDINATION:0.48459959563604377
C_ROOKANDPAWNMOVEMENT:0.48459959563604377
C_CENTERCONTROL:0.5115959590507931
C_DEVELOPPIECES:0.46636809549167324
C_MATERIAL:0.5362458189798871
C_MOVECOUNT:0.5
