ELO:885
CE_PASSEDPAWNS:0.5214599018278923
CE_PAWNWEAKNESSES:0.4929138189282292
CE_PIECEACTIVITY:0.4511573328203096
CE_KINGPAWNSHIELD:0.4724681566113601
CE_PIECECOORDINATION:0.5272483060592266
CE_MATERIAL:0.5490834732827953
CE_KINGSAFETY:0.4551590463781915
C_PIECESQUARETABLES:0.5253763590326928
C_MOBILITY:0.4837178216598429
C_KINGSAFETY:0.5104866662266444
C_PAWNSTRUCTURE:0.5049399841698388
C_PIECECOORDINATION:0.49422461625199304
C_ROOKANDPAWNMOVEMENT:0.49422461625199304
C_CENTERCONTROL:0.4269288683543729
C_DEVELOPPIECES:0.5162996145223949
C_MATERIAL:0.5138640738260273
C_MOVECOUNT:0.5
