ELO:997
CE_PASSEDPAWNS:0.4973185724258157
CE_PAWNWEAKNESSES:0.5
CE_PIECEACTIVITY:0.5077312330497874
CE_KINGPAWNSHIELD:0.4891825283108953
CE_PIECECOORDINATION:0.510576411055881
CE_MATERIAL:0.5
CE_KINGSAFETY:0.4966256711730166
C_PIECESQUARETABLES:0.500698725520975
C_MOBILITY:0.4882815972284669
C_KINGSAFETY:0.5
C_PAWNSTRUCTURE:0.496311272449345
C_PIECECOORDINATION:0.4908512450637055
C_ROOKANDPAWNMOVEMENT:0.4908512450637055
C_CENTERCONTROL:0.5
C_DEVELOPPIECES:0.5109431975755678
C_MATERIAL:0.5067732497285915
C_MOVECOUNT:0.5
