ELO:1000
CE_PASSEDPAWNS:0.5639719141081289
CE_PAWNWEAKNESSES:0.5389800773871628
CE_PIECEACTIVITY:0.5303174548989649
CE_KINGPAWNSHIELD:0.5177052369250956
CE_PIECECOORDINATION:0.482697618252322
CE_MATERIAL:0.48683988553560303
CE_KINGSAFETY:0.4965662672164205
C_PIECESQUARETABLES:0.4888860443194153
C_MOBILITY:0.4914400156657643
C_KINGSAFETY:0.4824577315583078
C_PAWNSTRUCTURE:0.5467844029116011
C_PIECECOORDINATION:0.47996367175511345
C_ROOKANDPAWNMOVEMENT:0.47996367175511345
C_CENTERCONTROL:0.47601639410533
C_DEVELOPPIECES:0.5001104628129025
C_MATERIAL:0.4944712987459632
