ELO:988
CE_PASSEDPAWNS:0.39792981371987557
CE_PAWNWEAKNESSES:0.43676396125761996
CE_PIECEACTIVITY:0.5055534717583172
CE_KINGPAWNSHIELD:0.4909448313510854
CE_PIECECOORDINATION:0.6078991648471125
CE_MATERIAL:0.41237886705497595
CE_KINGSAFETY:0.5
C_PIECESQUARETABLES:0.496202796578023
C_MOBILITY:0.6106431556756368
C_KINGSAFETY:0.5764365774328128
C_PAWNSTRUCTURE:0.6345736772368997
C_PIECECOORDINATION:0.6080614413026602
C_ROOKANDPAWNMOVEMENT:0.6080614413026602
C_CENTERCONTROL:0.39485971105392254
C_DEVELOPPIECES:0.5035720376979077
C_MATERIAL:0.587743362848563
