ELO:880
CE_PASSEDPAWNS:0.4944782955484404
CE_PAWNWEAKNESSES:0.5279032318167448
CE_PIECEACTIVITY:0.5724809632511962
CE_KINGPAWNSHIELD:0.4878877803070448
CE_PIECECOORDINATION:0.5038538315976049
CE_MATERIAL:0.5109952478552683
CE_KINGSAFETY:0.4742035394888998
C_PIECESQUARETABLES:0.5082657480431152
C_MOBILITY:0.5476534033340301
C_KINGSAFETY:0.5203850110320555
C_PAWNSTRUCTURE:0.46915085944525803
C_PIECECOORDINATION:0.48658289089330914
C_ROOKANDPAWNMOVEMENT:0.48658289089330914
C_CENTERCONTROL:0.5353424655734778
C_DEVELOPPIECES:0.4516016192473455
C_MATERIAL:0.5390573801410808
C_MOVECOUNT:0.5
