ELO:929
CE_PASSEDPAWNS:0.4673601736831607
CE_PAWNWEAKNESSES:0.4816528965350486
CE_PIECEACTIVITY:0.57925127623779
CE_KINGPAWNSHIELD:0.5445219622039371
CE_PIECECOORDINATION:0.5004815036012042
CE_MATERIAL:0.5031432821966362
CE_KINGSAFETY:0.5
C_PIECESQUARETABLES:0.5244398330461705
C_MOBILITY:0.45724014409734487
C_KINGSAFETY:0.5270173829344249
C_PAWNSTRUCTURE:0.4772345568655496
C_PIECECOORDINATION:0.4607036691161573
C_ROOKANDPAWNMOVEMENT:0.4607036691161573
C_CENTERCONTROL:0.47868217581889744
C_DEVELOPPIECES:0.5055828695806448
C_MATERIAL:0.5396958311201931
C_MOVECOUNT:0.5
