ELO:982
CE_PASSEDPAWNS:0.5037512944302717
CE_PAWNWEAKNESSES:0.5043596826733621
CE_PIECEACTIVITY:0.49187814033047245
CE_KINGPAWNSHIELD:0.5173925820030841
CE_PIECECOORDINATION:0.5
CE_MATERIAL:0.5074291865734761
CE_KINGSAFETY:0.5106881368775061
C_PIECESQUARETABLES:0.49984525748094866
C_MOBILITY:0.5040660262721411
C_KINGSAFETY:0.510410304368461
C_PAWNSTRUCTURE:0.48380617422256234
C_PIECECOORDINATION:0.4875451726223618
C_ROOKANDPAWNMOVEMENT:0.4875451726223618
C_CENTERCONTROL:0.5155391883625188
C_DEVELOPPIECES:0.513061493420993
C_MATERIAL:0.4962426053513661
