ELO:953
CE_PASSEDPAWNS:0.4877795268295767
CE_PAWNWEAKNESSES:0.48486847458153365
CE_PIECEACTIVITY:0.4956409563779066
CE_KINGPAWNSHIELD:0.5376164050992602
CE_PIECECOORDINATION:0.4877138077772046
CE_MATERIAL:0.47939653717745706
CE_KINGSAFETY:0.49520701277408774
C_PIECESQUARETABLES:0.5
C_MOBILITY:0.5037077783843178
C_KINGSAFETY:0.5142885120146999
C_PAWNSTRUCTURE:0.4902340218187925
C_PIECECOORDINATION:0.5020556305445553
C_ROOK:0.5009675216503213
CE_ROOK:0.5218679700818551
C_CENTERCONTROL:0.5497404535857391
C_DEVELOPPIECES:0.4488668594818477
C_MATERIAL:0.5073209664917566
C_MOVECOUNT:0.5069737049319464
C_PAWNMOVEMENT:0.5203503362592449
