ELO:1000
CE_PASSEDPAWNS:0.5100191581655507
CE_PAWNWEAKNESSES:0.4917279912319189
CE_PIECEACTIVITY:0.5185263988604054
CE_KINGPAWNSHIELD:0.49037250899063295
CE_PIECECOORDINATION:0.50156339323359
CE_MATERIAL:0.5136556657978361
CE_KINGSAFETY:0.5005919636467431
C_PIECESQUARETABLES:0.5
C_MOBILITY:0.4947498101073411
C_KINGSAFETY:0.4926345399629098
C_PAWNSTRUCTURE:0.5025954795749615
C_PIECECOORDINATION:0.49897247776843007
C_ROOK:0.5058741943331956
CE_ROOK:0.4896007429169631
C_CENTERCONTROL:0.5
C_DEVELOPPIECES:0.49963985252725623
C_MATERIAL:0.5158068826589611
C_MOVECOUNT:0.4975312220151869
C_PAWNMOVEMENT:0.487893047349203
