ELO:989
CE_PASSEDPAWNS:0.5142074107850939
CE_PAWNWEAKNESSES:0.49285056731093785
CE_PIECEACTIVITY:0.5222661160656697
CE_KINGPAWNSHIELD:0.5320913240550786
CE_PIECECOORDINATION:0.5018117379558924
CE_MATERIAL:0.5198139750034214
CE_KINGSAFETY:0.5174157691475794
C_PIECESQUARETABLES:0.4968795630655505
C_MOBILITY:0.464947279028606
C_KINGSAFETY:0.49566466077273996
C_PAWNSTRUCTURE:0.48542315904161304
C_PIECECOORDINATION:0.5260711805883272
C_ROOK:0.4709894110004325
CE_ROOK:0.5118870643396486
C_CENTERCONTROL:0.4984748892862861
C_DEVELOPPIECES:0.5235878465051838
C_MATERIAL:0.5415601563398248
C_MOVECOUNT:0.504657706019793
C_PAWNMOVEMENT:0.49081152050651267
