ELO:970
CE_PASSEDPAWNS:0.4775336518011
CE_PAWNWEAKNESSES:0.49285056731093785
CE_PIECEACTIVITY:0.5178707860794625
CE_KINGPAWNSHIELD:0.521553197989743
CE_PIECECOORDINATION:0.48209927769255473
CE_MATERIAL:0.5202511608272408
CE_KINGSAFETY:0.5116965864953987
C_PIECESQUARETABLES:0.5019301046220634
C_MOBILITY:0.4494780166359204
C_KINGSAFETY:0.5224453466767832
C_PAWNSTRUCTURE:0.48542315904161304
C_PIECECOORDINATION:0.5018566918079677
C_ROOK:0.4781646911231947
CE_ROOK:0.5126593323446715
C_CENTERCONTROL:0.49040800753848485
C_DEVELOPPIECES:0.5055214961826844
C_MATERIAL:0.5517551916290052
C_MOVECOUNT:0.4918818798279729
C_PAWNMOVEMENT:0.4939795528943997
