ELO:871
CE_PASSEDPAWNS:0.4973131960564966
CE_PAWNWEAKNESSES:0.5013026314835394
CE_PIECEACTIVITY:0.500817229892123
CE_KINGPAWNSHIELD:0.5167733299495715
CE_PIECECOORDINATION:0.5048248485892183
CE_MATERIAL:0.46828006352873097
CE_KINGSAFETY:0.5002750928646097
C_PIECESQUARETABLES:0.49285768430428367
C_MOBILITY:0.5365788871362617
C_KINGSAFETY:0.4449465733895426
C_PAWNSTRUCTURE:0.4484624556160307
C_PIECECOORDINATION:0.45228686513826527
C_ROOKANDPAWNMOVEMENT:0.45228686513826527
C_CENTERCONTROL:0.47945837653326884
C_DEVELOPPIECES:0.4982380594864227
C_MATERIAL:0.45896775653627636
C_MOVECOUNT:0.5
