ELO:996
CE_PASSEDPAWNS:0.5944494682597286
CE_PAWNWEAKNESSES:0.5481559018984001
CE_PIECEACTIVITY:0.5013863924865152
CE_KINGPAWNSHIELD:0.4706778893387958
CE_PIECECOORDINATION:0.49430933035569335
CE_MATERIAL:0.3767930207767547
CE_KINGSAFETY:0.4659975537831114
C_PIECESQUARETABLES:0.5404395220141843
C_MOBILITY:0.4625010151445975
C_KINGSAFETY:0.5674968650896001
C_PAWNSTRUCTURE:0.5564897753849979
C_PIECECOORDINATION:0.5443471951227169
C_ROOKANDPAWNMOVEMENT:0.5443471951227169
C_CENTERCONTROL:0.42032429613961775
C_DEVELOPPIECES:0.48817509463024145
C_MATERIAL:0.4076326695478025
