ELO:904
CE_PASSEDPAWNS:0.5246639059128264
CE_PAWNWEAKNESSES:0.48590126571104447
CE_PIECEACTIVITY:0.45367927831275506
CE_KINGPAWNSHIELD:0.4789538659493962
CE_PIECECOORDINATION:0.5167236069700464
CE_MATERIAL:0.5544383271129754
CE_KINGSAFETY:0.4517031903123582
C_PIECESQUARETABLES:0.5312602749076454
C_MOBILITY:0.5068642432331963
C_KINGSAFETY:0.5104866662266444
C_PAWNSTRUCTURE:0.5023947555870387
C_PIECECOORDINATION:0.501481084386514
C_ROOKANDPAWNMOVEMENT:0.501481084386514
C_CENTERCONTROL:0.4250131073555898
C_DEVELOPPIECES:0.5021074028178734
C_MATERIAL:0.5061209716848486
C_MOVECOUNT:0.5
