ELO:890
CE_PASSEDPAWNS:0.49874841645666473
CE_PAWNWEAKNESSES:0.522416749932733
CE_PIECEACTIVITY:0.4819654570319658
CE_KINGPAWNSHIELD:0.4937965222693523
CE_PIECECOORDINATION:0.5288211526614096
CE_MATERIAL:0.5254003992408486
CE_KINGSAFETY:0.5035467104524046
C_PIECESQUARETABLES:0.5120082224467201
C_MOBILITY:0.5023492322023937
C_KINGSAFETY:0.5646832780358546
C_PAWNSTRUCTURE:0.5159907790172824
C_PIECECOORDINATION:0.4799569574894137
C_ROOKANDPAWNMOVEMENT:0.4799569574894137
C_CENTERCONTROL:0.5394644289132018
C_DEVELOPPIECES:0.4603871929881147
C_MATERIAL:0.5296827898548375
C_MOVECOUNT:0.5
