ELO:967
CE_PASSEDPAWNS:0.4683998230699671
CE_PAWNWEAKNESSES:0.48486847458153365
CE_PIECEACTIVITY:0.5107867443284998
CE_KINGPAWNSHIELD:0.521553197989743
CE_PIECECOORDINATION:0.48209927769255473
CE_MATERIAL:0.5305126008560768
CE_KINGSAFETY:0.5
C_PIECESQUARETABLES:0.49089740179973385
C_MOBILITY:0.4494780166359204
C_KINGSAFETY:0.5286625062752959
C_PAWNSTRUCTURE:0.48542315904161304
C_PIECECOORDINATION:0.5019983967939193
C_ROOK:0.4781646911231947
CE_ROOK:0.5200757352441392
C_CENTERCONTROL:0.46996261007184037
C_DEVELOPPIECES:0.4951971286940276
C_MATERIAL:0.5406644746234553
C_MOVECOUNT:0.46274427197556356
C_PAWNMOVEMENT:0.504837676898707
