ELO:986
CE_PASSEDPAWNS:0.5064841646961608
CE_PAWNWEAKNESSES:0.49285056731093785
CE_PIECEACTIVITY:0.5222661160656697
CE_KINGPAWNSHIELD:0.5300722525087711
CE_PIECECOORDINATION:0.4973830192996552
CE_MATERIAL:0.5202511608272408
CE_KINGSAFETY:0.5079524475241428
C_PIECESQUARETABLES:0.5084234186029444
C_MOBILITY:0.46099778960861515
C_KINGSAFETY:0.5054007179143164
C_PAWNSTRUCTURE:0.48542315904161304
C_PIECECOORDINATION:0.5188946931069804
C_ROOK:0.4709894110004325
CE_ROOK:0.50773925491283
C_CENTERCONTROL:0.4984748892862861
C_DEVELOPPIECES:0.5174749793321479
C_MATERIAL:0.5355841371847344
C_MOVECOUNT:0.4978940396383354
C_PAWNMOVEMENT:0.49081152050651267
