ELO:893
CE_PASSEDPAWNS:0.5214599018278923
CE_PAWNWEAKNESSES:0.5031384710069967
CE_PIECEACTIVITY:0.4663776369005067
CE_KINGPAWNSHIELD:0.4615316285604698
CE_PIECECOORDINATION:0.5272483060592266
CE_MATERIAL:0.5490834732827953
CE_KINGSAFETY:0.43356524820582043
C_PIECESQUARETABLES:0.5300065179909638
C_MOBILITY:0.4887066753044801
C_KINGSAFETY:0.5099858573436155
C_PAWNSTRUCTURE:0.5183828105480585
C_PIECECOORDINATION:0.5003622553720032
C_ROOKANDPAWNMOVEMENT:0.5003622553720032
C_CENTERCONTROL:0.4269288683543729
C_DEVELOPPIECES:0.4991248265353051
C_MATERIAL:0.5063114282594045
C_MOVECOUNT:0.5
