ELO:989
CE_PASSEDPAWNS:0.46228532763494407
CE_PAWNWEAKNESSES:0.563688583052712
CE_PIECEACTIVITY:0.597136643445828
CE_KINGPAWNSHIELD:0.5237734248364299
CE_PIECECOORDINATION:0.49381682361252255
CE_MATERIAL:0.391917118606532
CE_KINGSAFETY:0.5018045848791695
C_PIECESQUARETABLES:0.5020822137735569
C_MOBILITY:0.4678232448448481
C_KINGSAFETY:0.5318967908232626
C_PAWNSTRUCTURE:0.5474729585254817
C_PIECECOORDINATION:0.5207741857264716
C_ROOKANDPAWNMOVEMENT:0.5207741857264716
C_CENTERCONTROL:0.45094569480389224
C_DEVELOPPIECES:0.4448899530223844
C_MATERIAL:0.4059084972188957
