ELO:858
CE_PASSEDPAWNS:0.5800277758455473
CE_PAWNWEAKNESSES:0.5833250995767157
CE_PIECEACTIVITY:0.495022372614141
CE_KINGPAWNSHIELD:0.49782857418214416
CE_PIECECOORDINATION:0.546560908505644
CE_MATERIAL:0.44409833272937327
CE_KINGSAFETY:0.4920008381607746
C_PIECESQUARETABLES:0.5158904217344656
C_MOBILITY:0.4015968609661538
C_KINGSAFETY:0.40677862451355645
C_PAWNSTRUCTURE:0.457854244545579
C_PIECECOORDINATION:0.5972379363853981
C_ROOKANDPAWNMOVEMENT:0.5972379363853981
C_CENTERCONTROL:0.47820043198267825
C_DEVELOPPIECES:0.549370214538269
C_MATERIAL:0.3650438289904966
