ELO:1000
CE_PASSEDPAWNS:0.5287532008225093
CE_PAWNWEAKNESSES:0.5505613302994655
CE_PIECEACTIVITY:0.5227074481693763
CE_KINGPAWNSHIELD:0.5165910230817332
CE_PIECECOORDINATION:0.4825433284686629
CE_MATERIAL:0.5020570717272317
CE_KINGSAFETY:0.4711312507871324
C_PIECESQUARETABLES:0.4849920703936545
C_MOBILITY:0.48426263883199705
C_KINGSAFETY:0.49667221867351263
C_PAWNSTRUCTURE:0.5386773584113519
C_PIECECOORDINATION:0.4695319006126077
C_ROOKANDPAWNMOVEMENT:0.4695319006126077
C_CENTERCONTROL:0.48430903249991536
C_DEVELOPPIECES:0.49495908140241435
C_MATERIAL:0.5003368295959242
