ELO:967
CE_PASSEDPAWNS:0.4683998230699671
CE_PAWNWEAKNESSES:0.49285056731093785
CE_PIECEACTIVITY:0.5117878191675569
CE_KINGPAWNSHIELD:0.521553197989743
CE_PIECECOORDINATION:0.48209927769255473
CE_MATERIAL:0.5202511608272408
CE_KINGSAFETY:0.5116965864953987
C_PIECESQUARETABLES:0.49625473422743205
C_MOBILITY:0.4494780166359204
C_KINGSAFETY:0.5208936289379983
C_PAWNSTRUCTURE:0.48542315904161304
C_PIECECOORDINATION:0.5018566918079677
C_ROOK:0.4781646911231947
CE_ROOK:0.5200757352441392
C_CENTERCONTROL:0.4797800148163363
C_DEVELOPPIECES:0.5006826583851055
C_MATERIAL:0.5517551916290052
C_MOVECOUNT:0.48614461787599317
C_PAWNMOVEMENT:0.504837676898707
