ELO:836
CE_PASSEDPAWNS:0.546414447533549
CE_PAWNWEAKNESSES:0.5872776245265239
CE_PIECEACTIVITY:0.5402985928951345
CE_KINGPAWNSHIELD:0.4913389773029947
CE_PIECECOORDINATION:0.5630356189996917
CE_MATERIAL:0.4171344174066097
CE_KINGSAFETY:0.5
C_PIECESQUARETABLES:0.5
C_MOBILITY:0.42483720933014235
C_KINGSAFETY:0.36257296118237126
C_PAWNSTRUCTURE:0.40500680041122833
C_PIECECOORDINATION:0.6152523108996231
C_ROOKANDPAWNMOVEMENT:0.6152523108996231
C_CENTERCONTROL:0.4675452698419989
C_DEVELOPPIECES:0.5369589470817507
C_MATERIAL:0.37882028804111834
