ELO:990
CE_PASSEDPAWNS:0.3936729894856766
CE_PAWNWEAKNESSES:0.44512294890545856
CE_PIECEACTIVITY:0.5101934609987724
CE_KINGPAWNSHIELD:0.49605552237641726
CE_PIECECOORDINATION:0.6106760426140295
CE_MATERIAL:0.42350071630399677
CE_KINGSAFETY:0.5
C_PIECESQUARETABLES:0.4895068029411608
C_MOBILITY:0.6144851981925826
C_KINGSAFETY:0.5742475742575268
C_PAWNSTRUCTURE:0.6198578079803074
C_PIECECOORDINATION:0.6070993815224753
C_ROOKANDPAWNMOVEMENT:0.6070993815224753
C_CENTERCONTROL:0.3791738811592719
C_DEVELOPPIECES:0.5544400660727571
C_MATERIAL:0.5948598010147513
