ELO:988
CE_PASSEDPAWNS:0.6073592660449534
CE_PAWNWEAKNESSES:0.5569546888450865
CE_PIECEACTIVITY:0.4414663462218003
CE_KINGPAWNSHIELD:0.4939815834156861
CE_PIECECOORDINATION:0.5371254261921747
CE_MATERIAL:0.47929764188256485
CE_KINGSAFETY:0.54293140977621
C_PIECESQUARETABLES:0.4873585786494515
C_MOBILITY:0.4478312580956683
C_KINGSAFETY:0.46751391381236784
C_PAWNSTRUCTURE:0.4968215401164828
C_PIECECOORDINATION:0.5244524099648258
C_ROOKANDPAWNMOVEMENT:0.5244524099648258
C_CENTERCONTROL:0.4732339891327535
C_DEVELOPPIECES:0.46183344676021454
C_MATERIAL:0.47483850724954024
