ELO:984
CE_PASSEDPAWNS:0.5037512944302717
CE_PAWNWEAKNESSES:0.5
CE_PIECEACTIVITY:0.5
CE_KINGPAWNSHIELD:0.5071758172953359
CE_PIECECOORDINATION:0.5
CE_MATERIAL:0.5029823866893337
CE_KINGSAFETY:0.5106881368775061
C_PIECESQUARETABLES:0.49984525748094866
C_MOBILITY:0.5040660262721411
C_KINGSAFETY:0.4980869913430813
C_PAWNSTRUCTURE:0.4894587483868294
C_PIECECOORDINATION:0.4968476705975512
C_ROOKANDPAWNMOVEMENT:0.4968476705975512
C_CENTERCONTROL:0.5155391883625188
C_DEVELOPPIECES:0.5013360526864366
C_MATERIAL:0.4962426053513661
