ELO:1003
CE_PASSEDPAWNS:0.5167925283210557
CE_PAWNWEAKNESSES:0.48352035199329985
CE_PIECEACTIVITY:0.5264615769060215
CE_KINGPAWNSHIELD:0.4909656557843953
CE_PIECECOORDINATION:0.5149684480181834
CE_MATERIAL:0.519587709780644
CE_KINGSAFETY:0.4997011960725506
C_PIECESQUARETABLES:0.4968795630655505
C_MOBILITY:0.47157671955357655
C_KINGSAFETY:0.4909027351037201
C_PAWNSTRUCTURE:0.5144032954271751
C_PIECECOORDINATION:0.5009852795487845
C_ROOK:0.4799638612359361
CE_ROOK:0.49152990218853526
C_CENTERCONTROL:0.5093481988600143
C_DEVELOPPIECES:0.48484242830150825
C_MATERIAL:0.5415601563398248
C_MOVECOUNT:0.5163665305781538
C_PAWNMOVEMENT:0.5166132914539359
