ELO:958
CE_PASSEDPAWNS:0.6106572540897461
CE_PAWNWEAKNESSES:0.5726432800290303
CE_PIECEACTIVITY:0.4569383525730688
CE_KINGPAWNSHIELD:0.5192300717398812
CE_PIECECOORDINATION:0.5409635402278048
CE_MATERIAL:0.5194425977232223
CE_KINGSAFETY:0.5150972493694179
C_PIECESQUARETABLES:0.516916575850155
C_MOBILITY:0.43149974241663047
C_KINGSAFETY:0.45385194933181494
C_PAWNSTRUCTURE:0.4723866169576268
C_PIECECOORDINATION:0.5584670333072962
C_ROOKANDPAWNMOVEMENT:0.5584670333072962
C_CENTERCONTROL:0.49695697899676994
C_DEVELOPPIECES:0.5190669424603791
C_MATERIAL:0.4423222390499963
