ELO:1000
CE_PASSEDPAWNS:0.5940523237807807
CE_PAWNWEAKNESSES:0.5634302298207552
CE_PIECEACTIVITY:0.46385135464750143
CE_KINGPAWNSHIELD:0.500620597451647
CE_PIECECOORDINATION:0.5456181117980412
CE_MATERIAL:0.4577650103168939
CE_KINGSAFETY:0.5283199892655043
C_PIECESQUARETABLES:0.4922857931756576
C_MOBILITY:0.44388715320678335
C_KINGSAFETY:0.48776901660831884
C_PAWNSTRUCTURE:0.5240344939187804
C_PIECECOORDINATION:0.5389883436869501
C_ROOKANDPAWNMOVEMENT:0.5389883436869501
C_CENTERCONTROL:0.4730226780103741
C_DEVELOPPIECES:0.4472857873237811
C_MATERIAL:0.4855653188493369
