ELO:1000
CE_PASSEDPAWNS:0.4944476126294761
CE_PAWNWEAKNESSES:0.4959410054926051
CE_PIECEACTIVITY:0.5111429926285598
CE_KINGPAWNSHIELD:0.4797218701067637
CE_PIECECOORDINATION:0.5053630179912215
CE_MATERIAL:0.5000785418555043
CE_KINGSAFETY:0.45743122306434847
C_PIECESQUARETABLES:0.5177024573517938
C_MOBILITY:0.49738157230000607
C_KINGSAFETY:0.4827241715590286
C_PAWNSTRUCTURE:0.4967252464673644
C_PIECECOORDINATION:0.4949098527013808
C_ROOKANDPAWNMOVEMENT:0.4949098527013808
C_CENTERCONTROL:0.5066245902795525
C_DEVELOPPIECES:0.4280116492404035
C_MATERIAL:0.4998171309664
