ELO:953
CE_PASSEDPAWNS:0.5815574271380439
CE_PAWNWEAKNESSES:0.5675319103549963
CE_PIECEACTIVITY:0.46905156716738483
CE_KINGPAWNSHIELD:0.5351966065013599
CE_PIECECOORDINATION:0.5563227976333193
CE_MATERIAL:0.5300197352189668
CE_KINGSAFETY:0.5169414149418249
C_PIECESQUARETABLES:0.516916575850155
C_MOBILITY:0.44148209792479315
C_KINGSAFETY:0.4318488088955754
C_PAWNSTRUCTURE:0.47407231321874327
C_PIECECOORDINATION:0.5923421091801044
C_ROOKANDPAWNMOVEMENT:0.5923421091801044
C_CENTERCONTROL:0.47470065338985945
C_DEVELOPPIECES:0.5129795465530101
C_MATERIAL:0.432460672452012
