ELO:741
CE_PASSEDPAWNS:0.5154199907200797
CE_PAWNWEAKNESSES:0.5267690215414846
CE_PIECEACTIVITY:0.5377402046209601
CE_KINGPAWNSHIELD:0.5151058468298793
CE_PIECECOORDINATION:0.48564306039756727
CE_MATERIAL:0.4321540784999254
CE_KINGSAFETY:0.47183204292102804
C_PIECESQUARETABLES:0.4936211836038825
C_MOBILITY:0.44309648805454893
C_KINGSAFETY:0.4842660811496746
C_PAWNSTRUCTURE:0.5083921112291242
C_PIECECOORDINATION:0.5236655428896743
C_ROOKANDPAWNMOVEMENT:0.5236655428896743
C_CENTERCONTROL:0.5157623448567928
C_DEVELOPPIECES:0.458629977344198
C_MATERIAL:0.6238075561968389
C_MOVECOUNT:0.4879208775245297
