ELO:999
CE_PASSEDPAWNS:0.5250385217599487
CE_PAWNWEAKNESSES:0.4444573420315989
CE_PIECEACTIVITY:0.5285201054871045
CE_KINGPAWNSHIELD:0.47045636781952005
CE_PIECECOORDINATION:0.469155233879394
CE_MATERIAL:0.48914472306130985
CE_KINGSAFETY:0.5025974226645794
C_PIECESQUARETABLES:0.4990103834201994
C_MOBILITY:0.4077065370931186
C_KINGSAFETY:0.6169538820869166
C_PAWNSTRUCTURE:0.517463209771323
C_PIECECOORDINATION:0.5640588743104229
C_ROOKANDPAWNMOVEMENT:0.5640588743104229
C_CENTERCONTROL:0.4065495734422172
C_DEVELOPPIECES:0.42251175155443965
C_MATERIAL:0.49694770936387894
