ELO:914
CE_PASSEDPAWNS:0.4889310930430975
CE_PAWNWEAKNESSES:0.5006000750695536
CE_PIECEACTIVITY:0.5037836231834134
CE_KINGPAWNSHIELD:0.5072204909061512
CE_PIECECOORDINATION:0.5463102076708789
CE_MATERIAL:0.5110088906425053
CE_KINGSAFETY:0.4739673033011949
C_PIECESQUARETABLES:0.49081565829360785
C_MOBILITY:0.4836431501139325
C_KINGSAFETY:0.4895284358603563
C_PAWNSTRUCTURE:0.48551377258588124
C_PIECECOORDINATION:0.5116700472933288
C_ROOKANDPAWNMOVEMENT:0.5116700472933288
C_CENTERCONTROL:0.49552097514386934
C_DEVELOPPIECES:0.5250492148860172
C_MATERIAL:0.46664677334963434
C_MOVECOUNT:0.5
