ELO:885
CE_PASSEDPAWNS:0.3880588955789737
CE_PAWNWEAKNESSES:0.570557735497822
CE_PIECEACTIVITY:0.37676980489958256
CE_KINGPAWNSHIELD:0.5016035251764674
CE_PIECECOORDINATION:0.4717436370930782
CE_MATERIAL:0.36368955034436556
CE_KINGSAFETY:0.5
C_PIECESQUARETABLES:0.47229657031222105
C_MOBILITY:0.5060407619111108
C_KINGSAFETY:0.5840921840505595
C_PAWNSTRUCTURE:0.5784704544571357
C_PIECECOORDINATION:0.5296983878894186
C_ROOKANDPAWNMOVEMENT:0.5296983878894186
C_CENTERCONTROL:0.5247205724588789
C_DEVELOPPIECES:0.4531995163191145
C_MATERIAL:0.3920245401397528
