ELO:704
CE_PASSEDPAWNS:0.5033828718170813
CE_PAWNWEAKNESSES:0.7018987221055706
CE_PIECEACTIVITY:0.44679518716231764
CE_KINGPAWNSHIELD:0.41094877850845074
CE_PIECECOORDINATION:0.5319979898758667
CE_MATERIAL:0.4564543829059256
CE_KINGSAFETY:0.5429479491765905
C_PIECESQUARETABLES:0.5124965698464923
C_MOBILITY:0.4641597957016224
C_KINGSAFETY:0.49134582088786244
C_PAWNSTRUCTURE:0.4593579039293009
C_PIECECOORDINATION:0.5422989605019112
C_ROOKANDPAWNMOVEMENT:0.5422989605019112
C_CENTERCONTROL:0.437403178385836
C_DEVELOPPIECES:0.4703349498223738
C_MATERIAL:0.4465181473371436
C_MOVECOUNT:0.49111572903513623
