ELO:1001
CE_PASSEDPAWNS:0.5
CE_PAWNWEAKNESSES:0.5
CE_PIECEACTIVITY:0.4785586566548197
CE_KINGPAWNSHIELD:0.49675633503627525
CE_PIECECOORDINATION:0.5
CE_MATERIAL:0.49727510524020585
CE_KINGSAFETY:0.5
C_PIECESQUARETABLES:0.509183373875801
C_MOBILITY:0.5
C_KINGSAFETY:0.5
C_PAWNSTRUCTURE:0.49256525058196354
C_PIECECOORDINATION:0.4971276280079848
C_ROOKANDPAWNMOVEMENT:0.4971276280079848
C_CENTERCONTROL:0.48980891721561215
C_DEVELOPPIECES:0.49259325939499954
C_MATERIAL:0.5093945032982081
C_MOVECOUNT:0.5038486347077359
