ELO:983
CE_PASSEDPAWNS:0.48345143137257435
CE_PAWNWEAKNESSES:0.5
CE_PIECEACTIVITY:0.4878203864238961
CE_KINGPAWNSHIELD:0.5030498583436464
CE_PIECECOORDINATION:0.5265704015473306
CE_MATERIAL:0.48736042331105434
CE_KINGSAFETY:0.5
C_PIECESQUARETABLES:0.5
C_MOBILITY:0.45310282657567147
C_KINGSAFETY:0.5068895038896897
C_PAWNSTRUCTURE:0.4846313895785372
C_PIECECOORDINATION:0.4908040907561018
C_ROOKANDPAWNMOVEMENT:0.4908040907561018
C_CENTERCONTROL:0.4891920711475252
C_DEVELOPPIECES:0.4890721728504396
C_MATERIAL:0.5069237692989075
C_MOVECOUNT:0.5
