ELO:990
CE_PASSEDPAWNS:0.40154588352296366
CE_PAWNWEAKNESSES:0.4170653010982303
CE_PIECEACTIVITY:0.5165958690283309
CE_KINGPAWNSHIELD:0.49308177199325837
CE_PIECECOORDINATION:0.607723057007639
CE_MATERIAL:0.4041459403424796
CE_KINGSAFETY:0.5
C_PIECESQUARETABLES:0.48797264824612185
C_MOBILITY:0.6119042226186673
C_KINGSAFETY:0.5742475742575268
C_PAWNSTRUCTURE:0.62436365227218
C_PIECECOORDINATION:0.6079340603664014
C_ROOKANDPAWNMOVEMENT:0.6079340603664014
C_CENTERCONTROL:0.3690292037078339
C_DEVELOPPIECES:0.5566100321577538
C_MATERIAL:0.587684451597877
