ELO:974
CE_PASSEDPAWNS:0.41522464889645844
CE_PAWNWEAKNESSES:0.4330600644681959
CE_PIECEACTIVITY:0.5045659729730476
CE_KINGPAWNSHIELD:0.5511037556751417
CE_PIECECOORDINATION:0.49053548866122637
CE_MATERIAL:0.5677519538809132
CE_KINGSAFETY:0.5
C_PIECESQUARETABLES:0.5111843660259865
C_MOBILITY:0.4591956779555593
C_KINGSAFETY:0.4560381690682906
C_PAWNSTRUCTURE:0.5918987529551055
C_PIECECOORDINATION:0.519436889273391
C_ROOKANDPAWNMOVEMENT:0.519436889273391
C_CENTERCONTROL:0.4534511555397619
C_DEVELOPPIECES:0.49894010911454406
C_MATERIAL:0.48031945701189793
