ELO:990
CE_PASSEDPAWNS:0.3936729894856766
CE_PAWNWEAKNESSES:0.4449176979510626
CE_PIECEACTIVITY:0.5129680783696293
CE_KINGPAWNSHIELD:0.4909448313510854
CE_PIECECOORDINATION:0.6073090035028212
CE_MATERIAL:0.41237886705497595
CE_KINGSAFETY:0.5104571147243163
C_PIECESQUARETABLES:0.4944819390631004
C_MOBILITY:0.6096578501700374
C_KINGSAFETY:0.5749797919930308
C_PAWNSTRUCTURE:0.6198578079803074
C_PIECECOORDINATION:0.632850231708375
C_ROOKANDPAWNMOVEMENT:0.632850231708375
C_CENTERCONTROL:0.38974910821866054
C_DEVELOPPIECES:0.5505063150357657
C_MATERIAL:0.5941941634931736
