ELO:780
CE_PASSEDPAWNS:0.5073724347040443
CE_PAWNWEAKNESSES:0.6840843811771715
CE_PIECEACTIVITY:0.4438431897876205
CE_KINGPAWNSHIELD:0.43551878899180946
CE_PIECECOORDINATION:0.5344245330031724
CE_MATERIAL:0.48316221908674367
CE_KINGSAFETY:0.4991498345128025
C_PIECESQUARETABLES:0.5080900794261131
C_MOBILITY:0.49489041757333113
C_KINGSAFETY:0.4467678652921766
C_PAWNSTRUCTURE:0.4434685565704573
C_PIECECOORDINATION:0.5155505515831411
C_ROOKANDPAWNMOVEMENT:0.5155505515831411
C_CENTERCONTROL:0.41025757533176077
C_DEVELOPPIECES:0.4806563175816387
C_MATERIAL:0.4206730884730436
C_MOVECOUNT:0.4953474790486599
