ELO:913
CE_PASSEDPAWNS:0.48377549999670033
CE_PAWNWEAKNESSES:0.49778558396596906
CE_PIECEACTIVITY:0.5333523676830381
CE_KINGPAWNSHIELD:0.5016458265034887
CE_PIECECOORDINATION:0.4576303637385327
CE_MATERIAL:0.49486890989653687
CE_KINGSAFETY:0.4956550944705875
C_PIECESQUARETABLES:0.5041239092892544
C_MOBILITY:0.48155881387870736
C_KINGSAFETY:0.5083874781218225
C_PAWNSTRUCTURE:0.530599581972691
C_PIECECOORDINATION:0.5162931003976811
C_ROOKANDPAWNMOVEMENT:0.5162931003976811
C_CENTERCONTROL:0.5151393746697526
C_DEVELOPPIECES:0.4601548147023351
C_MATERIAL:0.5098171260825091
C_MOVECOUNT:0.4772400604495292
