ELO:883
CE_PASSEDPAWNS:0.4986285105102109
CE_PAWNWEAKNESSES:0.5475756098020882
CE_PIECEACTIVITY:0.5356581759421889
CE_KINGPAWNSHIELD:0.47692223069731393
CE_PIECECOORDINATION:0.4761013960523566
CE_MATERIAL:0.5083654159577256
CE_KINGSAFETY:0.494501831987765
C_PIECESQUARETABLES:0.5042244144707203
C_MOBILITY:0.4587946040857317
C_KINGSAFETY:0.5076933588235548
C_PAWNSTRUCTURE:0.5116152497267411
C_PIECECOORDINATION:0.5181523397831216
C_ROOKANDPAWNMOVEMENT:0.5181523397831216
C_CENTERCONTROL:0.49994560337950894
C_DEVELOPPIECES:0.49947913208703343
C_MATERIAL:0.5715150550498379
C_MOVECOUNT:0.487033239810687
