ELO:904
CE_PASSEDPAWNS:0.4761525561813196
CE_PAWNWEAKNESSES:0.5003344819738372
CE_PIECEACTIVITY:0.4794388651902262
CE_KINGPAWNSHIELD:0.5383498608505433
CE_PIECECOORDINATION:0.48111256596945345
CE_MATERIAL:0.4626315475979278
CE_KINGSAFETY:0.5002912882281983
C_PIECESQUARETABLES:0.4462345630369734
C_MOBILITY:0.5971048497012658
C_KINGSAFETY:0.5108747443794086
C_PAWNSTRUCTURE:0.4948648959009012
C_PIECECOORDINATION:0.4784796387375268
C_ROOKANDPAWNMOVEMENT:0.4784796387375268
C_CENTERCONTROL:0.5195356206121423
C_DEVELOPPIECES:0.473667295614482
C_MATERIAL:0.5405233816454265
C_MOVECOUNT:0.5
