ELO:865
CE_PASSEDPAWNS:0.48793097372580246
CE_PAWNWEAKNESSES:0.422780288500275
CE_PIECEACTIVITY:0.5674774439828171
CE_KINGPAWNSHIELD:0.49342237355329427
CE_PIECECOORDINATION:0.3703133399004415
CE_MATERIAL:0.5520200637257657
CE_KINGSAFETY:0.5745977534549356
C_PIECESQUARETABLES:0.4751181172572399
C_MOBILITY:0.5291426251710428
C_KINGSAFETY:0.3997532417063172
C_PAWNSTRUCTURE:0.5703004057865423
C_PIECECOORDINATION:0.5736971635857128
C_ROOKANDPAWNMOVEMENT:0.5736971635857128
C_CENTERCONTROL:0.4517906617202643
C_DEVELOPPIECES:0.41194774829091835
C_MATERIAL:0.42634869357607613
