ELO:1000
CE_PASSEDPAWNS:0.4695347410490895
CE_PAWNWEAKNESSES:0.47718853862797433
CE_PIECEACTIVITY:0.4903268233305189
CE_KINGPAWNSHIELD:0.49959187485846346
CE_PIECECOORDINATION:0.500969308364219
CE_MATERIAL:0.5092610031767439
CE_KINGSAFETY:0.49886466001773827
C_PIECESQUARETABLES:0.520783208257585
C_MOBILITY:0.4474129006258334
C_KINGSAFETY:0.507683692586899
C_PAWNSTRUCTURE:0.5207468160158276
C_PIECECOORDINATION:0.5097319475084057
C_ROOKANDPAWNMOVEMENT:0.5097319475084057
C_CENTERCONTROL:0.45974661319478943
C_DEVELOPPIECES:0.5027366265840927
C_MATERIAL:0.4995575655693087
