ELO:714
CE_PASSEDPAWNS:0.5157403532996441
CE_PAWNWEAKNESSES:0.6926103628548195
CE_PIECEACTIVITY:0.44612471699691014
CE_KINGPAWNSHIELD:0.42787612702079936
CE_PIECECOORDINATION:0.5465415449377193
CE_MATERIAL:0.49113381290750185
CE_KINGSAFETY:0.5199204473583395
C_PIECESQUARETABLES:0.5059526278385046
C_MOBILITY:0.4612683661520216
C_KINGSAFETY:0.4549946897578624
C_PAWNSTRUCTURE:0.4347455594866242
C_PIECECOORDINATION:0.526240703035504
C_ROOKANDPAWNMOVEMENT:0.526240703035504
C_CENTERCONTROL:0.44046706739849595
C_DEVELOPPIECES:0.46374970033377216
C_MATERIAL:0.42508632469844193
C_MOVECOUNT:0.48511706583137987
