ELO:819
CE_PASSEDPAWNS:0.49650327139809636
CE_PAWNWEAKNESSES:0.6786464761977962
CE_PIECEACTIVITY:0.4329311706833671
CE_KINGPAWNSHIELD:0.43178814167520957
CE_PIECECOORDINATION:0.5259706458379929
CE_MATERIAL:0.4611153128580974
CE_KINGSAFETY:0.45025337159017764
C_PIECESQUARETABLES:0.4597897128751703
C_MOBILITY:0.5032720626933703
C_KINGSAFETY:0.4533787067690784
C_PAWNSTRUCTURE:0.4499488399244021
C_PIECECOORDINATION:0.5047276341744414
C_ROOKANDPAWNMOVEMENT:0.5047276341744414
C_CENTERCONTROL:0.41193402312357735
C_DEVELOPPIECES:0.49663544813070437
C_MATERIAL:0.43907528633178794
C_MOVECOUNT:0.5
