ELO:966
CE_PASSEDPAWNS:0.5017692143723628
CE_PAWNWEAKNESSES:0.49071049038667824
CE_PIECEACTIVITY:0.48942664468444386
CE_KINGPAWNSHIELD:0.5021960360589002
CE_PIECECOORDINATION:0.5080069709246647
CE_MATERIAL:0.5032240183683663
CE_KINGSAFETY:0.494005587024332
C_PIECESQUARETABLES:0.5063986905002853
C_MOBILITY:0.4822423045098842
C_KINGSAFETY:0.4773877332966834
C_PAWNSTRUCTURE:0.49231036609419304
C_PIECECOORDINATION:0.5147674646167508
C_ROOKANDPAWNMOVEMENT:0.5147674646167508
C_CENTERCONTROL:0.5170886248648995
C_DEVELOPPIECES:0.5
C_MATERIAL:0.47392147710594223
C_MOVECOUNT:0.5134544533659753
