ELO:999
CE_PASSEDPAWNS:0.49588147359889795
CE_PAWNWEAKNESSES:0.4871237524227915
CE_PIECEACTIVITY:0.5029889504241498
CE_KINGPAWNSHIELD:0.5085651610079851
CE_PIECECOORDINATION:0.49967342206635085
CE_MATERIAL:0.5126606203689787
CE_KINGSAFETY:0.5
C_PIECESQUARETABLES:0.5
C_MOBILITY:0.5243351720784342
C_KINGSAFETY:0.5190555819595981
C_PAWNSTRUCTURE:0.4974646699593389
C_PIECECOORDINATION:0.48958766672981346
C_ROOK:0.49005495341918015
CE_ROOK:0.5130465693775439
C_CENTERCONTROL:0.5115040692763259
C_DEVELOPPIECES:0.507863861336787
C_MATERIAL:0.510864829382293
C_MOVECOUNT:0.5052386860982799
C_PAWNMOVEMENT:0.50047622091062
