ELO:981
CE_PASSEDPAWNS:0.45647505695991103
CE_PAWNWEAKNESSES:0.4364619251466939
CE_PIECEACTIVITY:0.5043827848399075
CE_KINGPAWNSHIELD:0.5172888991161098
CE_PIECECOORDINATION:0.45299857561115
CE_MATERIAL:0.5224858100545988
CE_KINGSAFETY:0.4616459872484581
C_PIECESQUARETABLES:0.4711285922856392
C_MOBILITY:0.4755514004667511
C_KINGSAFETY:0.45100543362830825
C_PAWNSTRUCTURE:0.5612787871113672
C_PIECECOORDINATION:0.5187419022454535
C_ROOKANDPAWNMOVEMENT:0.5187419022454535
C_CENTERCONTROL:0.4631391477586382
C_DEVELOPPIECES:0.4665873908718316
C_MATERIAL:0.5266888937624001
