ELO:940
CE_PASSEDPAWNS:0.5009040065256462
CE_PAWNWEAKNESSES:0.48856730756038297
CE_PIECEACTIVITY:0.5181571015019616
CE_KINGPAWNSHIELD:0.4945283173581656
CE_PIECECOORDINATION:0.5038489058881617
CE_MATERIAL:0.4737725316429889
CE_KINGSAFETY:0.5128318662870681
C_PIECESQUARETABLES:0.4897622969912755
C_MOBILITY:0.5096074012960582
C_KINGSAFETY:0.5048188396251081
C_PAWNSTRUCTURE:0.4751597909308428
C_PIECECOORDINATION:0.49968585310432584
C_ROOKANDPAWNMOVEMENT:0.49968585310432584
C_CENTERCONTROL:0.5009055764173913
C_DEVELOPPIECES:0.4778261716705425
C_MATERIAL:0.4861077023580467
C_MOVECOUNT:0.4833112715864767
