ELO:954
CE_PASSEDPAWNS:0.5724661930176618
CE_PAWNWEAKNESSES:0.4718214131992125
CE_PIECEACTIVITY:0.519112053276119
CE_KINGPAWNSHIELD:0.42384793725186254
CE_PIECECOORDINATION:0.4181623538443826
CE_MATERIAL:0.5045883443117474
CE_KINGSAFETY:0.5049028414753547
C_PIECESQUARETABLES:0.47470141947060124
C_MOBILITY:0.4713504505469849
C_KINGSAFETY:0.6602695117068237
C_PAWNSTRUCTURE:0.5240465145417215
C_PIECECOORDINATION:0.4955227253047708
C_ROOKANDPAWNMOVEMENT:0.4955227253047708
C_CENTERCONTROL:0.38544707845774456
C_DEVELOPPIECES:0.3996412398442256
C_MATERIAL:0.5065830644288858
