ELO:996
CE_PASSEDPAWNS:0.4592272660856908
CE_PAWNWEAKNESSES:0.4441827102728234
CE_PIECEACTIVITY:0.5095829683024738
CE_KINGPAWNSHIELD:0.5643502216890662
CE_PIECECOORDINATION:0.47020122919237334
CE_MATERIAL:0.5708758416557075
CE_KINGSAFETY:0.43251102217616066
C_PIECESQUARETABLES:0.4915116054510014
C_MOBILITY:0.4963211318721185
C_KINGSAFETY:0.416168678888344
C_PAWNSTRUCTURE:0.5652034623611657
C_PIECECOORDINATION:0.5042684879476681
C_ROOKANDPAWNMOVEMENT:0.5042684879476681
C_CENTERCONTROL:0.45488438667184705
C_DEVELOPPIECES:0.5088404971548786
C_MATERIAL:0.4996229071187959
