ELO:1014
CE_PASSEDPAWNS:0.5082340453952596
CE_PAWNWEAKNESSES:0.5036340228062586
CE_PIECEACTIVITY:0.5116524082447477
CE_KINGPAWNSHIELD:0.4886043371578794
CE_PIECECOORDINATION:0.49961294441154747
CE_MATERIAL:0.5041041465563233
CE_KINGSAFETY:0.5
C_PIECESQUARETABLES:0.5
C_MOBILITY:0.5068843522881807
C_KINGSAFETY:0.5055876792061822
C_PAWNSTRUCTURE:0.5113503800801119
C_PIECECOORDINATION:0.4889508474526632
C_ROOKANDPAWNMOVEMENT:0.4889508474526632
C_CENTERCONTROL:0.4990259669818058
C_DEVELOPPIECES:0.48651319263339915
C_MATERIAL:0.49825842288673083
C_MOVECOUNT:0.5147180942839835
