ELO:950
CE_PASSEDPAWNS:0.4035403837322503
CE_PAWNWEAKNESSES:0.44987121805925123
CE_PIECEACTIVITY:0.5070856224244544
CE_KINGPAWNSHIELD:0.565781585019076
CE_PIECECOORDINATION:0.49564267798321665
CE_MATERIAL:0.5900911204442869
CE_KINGSAFETY:0.5055838695885354
C_PIECESQUARETABLES:0.4768807973662735
C_MOBILITY:0.4763533029791995
C_KINGSAFETY:0.4354684748148415
C_PAWNSTRUCTURE:0.6138103193445258
C_PIECECOORDINATION:0.5117767025125446
C_ROOKANDPAWNMOVEMENT:0.5117767025125446
C_CENTERCONTROL:0.44206028311436923
C_DEVELOPPIECES:0.5076929763738823
C_MATERIAL:0.4431450324496945
