ELO:795
CE_PASSEDPAWNS:0.5002187258157467
CE_PAWNWEAKNESSES:0.6591882597492078
CE_PIECEACTIVITY:0.4185838565264793
CE_KINGPAWNSHIELD:0.4283395670339892
CE_PIECECOORDINATION:0.5102010312405539
CE_MATERIAL:0.47365520229891633
CE_KINGSAFETY:0.4574986168704976
C_PIECESQUARETABLES:0.4770441763550913
C_MOBILITY:0.5074716274278298
C_KINGSAFETY:0.4552548776061105
C_PAWNSTRUCTURE:0.4256996809489592
C_PIECECOORDINATION:0.5263313434952733
C_ROOKANDPAWNMOVEMENT:0.5263313434952733
C_CENTERCONTROL:0.4560057350169994
C_DEVELOPPIECES:0.48077488855998773
C_MATERIAL:0.4607192974688846
C_MOVECOUNT:0.5
