ELO:954
CE_PASSEDPAWNS:0.46983515066887976
CE_PAWNWEAKNESSES:0.5000001084488834
CE_PIECEACTIVITY:0.512275128068639
CE_KINGPAWNSHIELD:0.4895882147778654
CE_PIECECOORDINATION:0.45944668297882546
CE_MATERIAL:0.5049338363622284
CE_KINGSAFETY:0.48038881983655823
C_PIECESQUARETABLES:0.5118234275672212
C_MOBILITY:0.45310282657567147
C_KINGSAFETY:0.5076715697705144
C_PAWNSTRUCTURE:0.47541222389915444
C_PIECECOORDINATION:0.5440490702205066
C_ROOKANDPAWNMOVEMENT:0.5440490702205066
C_CENTERCONTROL:0.5119587350433616
C_DEVELOPPIECES:0.5129690017990775
C_MATERIAL:0.46602073173223857
C_MOVECOUNT:0.5
