ELO:988
CE_PASSEDPAWNS:0.5030350950408186
CE_PAWNWEAKNESSES:0.5
CE_PIECEACTIVITY:0.4842401553525795
CE_KINGPAWNSHIELD:0.501011955528106
CE_PIECECOORDINATION:0.5016740512387599
CE_MATERIAL:0.5
CE_KINGSAFETY:0.47648089875070826
C_PIECESQUARETABLES:0.5
C_MOBILITY:0.4958943711530901
C_KINGSAFETY:0.4925805104560372
C_PAWNSTRUCTURE:0.5090804724807344
C_PIECECOORDINATION:0.5
C_ROOKANDPAWNMOVEMENT:0.5
C_CENTERCONTROL:0.49276234994260876
C_DEVELOPPIECES:0.5
C_MATERIAL:0.4989345322988644
C_MOVECOUNT:0.5
