ELO:990
CE_PASSEDPAWNS:0.40154588352296366
CE_PAWNWEAKNESSES:0.4449176979510626
CE_PIECEACTIVITY:0.5129680783696293
CE_KINGPAWNSHIELD:0.47891695619688524
CE_PIECECOORDINATION:0.6098548999199701
CE_MATERIAL:0.40905649312415493
CE_KINGSAFETY:0.5
C_PIECESQUARETABLES:0.4944819390631004
C_MOBILITY:0.6144851981925826
C_KINGSAFETY:0.5742475742575268
C_PAWNSTRUCTURE:0.6198578079803074
C_PIECECOORDINATION:0.6135308168497035
C_ROOKANDPAWNMOVEMENT:0.6135308168497035
C_CENTERCONTROL:0.37728580530260164
C_DEVELOPPIECES:0.5410730682186933
C_MATERIAL:0.5948598010147513
