ELO:874
CE_PASSEDPAWNS:0.47771373410457935
CE_PAWNWEAKNESSES:0.41470754896092493
CE_PIECEACTIVITY:0.5750846658884345
CE_KINGPAWNSHIELD:0.4967989892894254
CE_PIECECOORDINATION:0.383874277024134
CE_MATERIAL:0.548058293871388
CE_KINGSAFETY:0.5769346473834358
C_PIECESQUARETABLES:0.4836693978869576
C_MOBILITY:0.5189217499362245
C_KINGSAFETY:0.39528004389088345
C_PAWNSTRUCTURE:0.5725728459554856
C_PIECECOORDINATION:0.5854358340271933
C_ROOKANDPAWNMOVEMENT:0.5854358340271933
C_CENTERCONTROL:0.4491422029361913
C_DEVELOPPIECES:0.41576977157336975
C_MATERIAL:0.4179978331791905
