ELO:963
CE_PASSEDPAWNS:0.4216609877011505
CE_PAWNWEAKNESSES:0.4397922223032698
CE_PIECEACTIVITY:0.5130221643788934
CE_KINGPAWNSHIELD:0.5554527134924075
CE_PIECECOORDINATION:0.48707376154503623
CE_MATERIAL:0.5755028705222366
CE_KINGSAFETY:0.5023122222665273
C_PIECESQUARETABLES:0.5104821590918787
C_MOBILITY:0.46664436817748606
C_KINGSAFETY:0.44902569117051483
C_PAWNSTRUCTURE:0.5998337463819694
C_PIECECOORDINATION:0.5259333227086718
C_ROOKANDPAWNMOVEMENT:0.5259333227086718
C_CENTERCONTROL:0.4450274884650955
C_DEVELOPPIECES:0.5001403221123084
C_MATERIAL:0.4614603426071866
