ELO:980
CE_PASSEDPAWNS:0.4846675118871263
CE_PAWNWEAKNESSES:0.49249222031515644
CE_PIECEACTIVITY:0.5064767985406771
CE_KINGPAWNSHIELD:0.4561254455314004
CE_PIECECOORDINATION:0.5
CE_MATERIAL:0.4879486145114166
CE_KINGSAFETY:0.5
C_PIECESQUARETABLES:0.5097322032126712
C_MOBILITY:0.5118570638019507
C_KINGSAFETY:0.5054858343243341
C_PAWNSTRUCTURE:0.5006347812869136
C_PIECECOORDINATION:0.5265100778075485
C_ROOK:0.4994479204564794
CE_ROOK:0.48868307557968155
C_CENTERCONTROL:0.4500302694857482
C_DEVELOPPIECES:0.5364384243842256
C_MATERIAL:0.4686078095623444
C_MOVECOUNT:0.502897995122182
C_PAWNMOVEMENT:0.5295876152568851
