ELO:972
CE_PASSEDPAWNS:0.5489254017958912
CE_PAWNWEAKNESSES:0.4402122201979908
CE_PIECEACTIVITY:0.5148465813302707
CE_KINGPAWNSHIELD:0.4137153328671219
CE_PIECECOORDINATION:0.4534052756206305
CE_MATERIAL:0.4989351744212199
CE_KINGSAFETY:0.45967289970577346
C_PIECESQUARETABLES:0.483031291191577
C_MOBILITY:0.451792148366716
C_KINGSAFETY:0.6484587422550211
C_PAWNSTRUCTURE:0.5116877729314593
C_PIECECOORDINATION:0.5245581742893961
C_ROOKANDPAWNMOVEMENT:0.5245581742893961
C_CENTERCONTROL:0.3727132929299366
C_DEVELOPPIECES:0.43019850248964403
C_MATERIAL:0.5077129537438376
