ELO:969
CE_PASSEDPAWNS:0.5085182298860726
CE_PAWNWEAKNESSES:0.4953854110814301
CE_PIECEACTIVITY:0.47423806936120527
CE_KINGPAWNSHIELD:0.5155496269465607
CE_PIECECOORDINATION:0.49256168966308106
CE_MATERIAL:0.5141287961297515
CE_KINGSAFETY:0.495965946564979
C_PIECESQUARETABLES:0.522268556672289
C_MOBILITY:0.5175088242143232
C_KINGSAFETY:0.5113000397355479
C_PAWNSTRUCTURE:0.4970538799212041
C_PIECECOORDINATION:0.4952370087981297
C_ROOKANDPAWNMOVEMENT:0.4952370087981297
C_CENTERCONTROL:0.5012381661823333
C_DEVELOPPIECES:0.48221287994730533
C_MATERIAL:0.5124467879147924
C_MOVECOUNT:0.5
