ELO:989
CE_PASSEDPAWNS:0.39792981371987557
CE_PAWNWEAKNESSES:0.4449176979510626
CE_PIECEACTIVITY:0.496647502293503
CE_KINGPAWNSHIELD:0.4969112771905379
CE_PIECECOORDINATION:0.5973524348678694
CE_MATERIAL:0.41237886705497595
CE_KINGSAFETY:0.5
C_PIECESQUARETABLES:0.4951208515069139
C_MOBILITY:0.6096578501700374
C_KINGSAFETY:0.5625718522031207
C_PAWNSTRUCTURE:0.6345736772368997
C_PIECECOORDINATION:0.613409534463801
C_ROOKANDPAWNMOVEMENT:0.613409534463801
C_CENTERCONTROL:0.39485971105392254
C_DEVELOPPIECES:0.552826066787945
C_MATERIAL:0.587743362848563
