ELO:985
CE_PASSEDPAWNS:0.5273021917679531
CE_PAWNWEAKNESSES:0.4444573420315989
CE_PIECEACTIVITY:0.5109398377980149
CE_KINGPAWNSHIELD:0.4599370990449581
CE_PIECECOORDINATION:0.4825549277738177
CE_MATERIAL:0.47707229386886557
CE_KINGSAFETY:0.5
C_PIECESQUARETABLES:0.5009232687487698
C_MOBILITY:0.42535603950158407
C_KINGSAFETY:0.6196880567882167
C_PAWNSTRUCTURE:0.5170846375721156
C_PIECECOORDINATION:0.5412587009793467
C_ROOKANDPAWNMOVEMENT:0.5412587009793467
C_CENTERCONTROL:0.40253714366481735
C_DEVELOPPIECES:0.4286776836230151
C_MATERIAL:0.5187760250679373
