ELO:898
CE_PASSEDPAWNS:0.3680280790003676
CE_PAWNWEAKNESSES:0.43219136281380754
CE_PIECEACTIVITY:0.5155315440247852
CE_KINGPAWNSHIELD:0.5258213801872703
CE_PIECECOORDINATION:0.4999575814790123
CE_MATERIAL:0.5561562922142143
CE_KINGSAFETY:0.5544466995558639
C_PIECESQUARETABLES:0.5162354507124359
C_MOBILITY:0.4172006053373127
C_KINGSAFETY:0.4419647062211347
C_PAWNSTRUCTURE:0.5698014634250125
C_PIECECOORDINATION:0.5857072416357361
C_ROOKANDPAWNMOVEMENT:0.5857072416357361
C_CENTERCONTROL:0.45444743982315017
C_DEVELOPPIECES:0.5235068288128504
C_MATERIAL:0.4908501353187272
