ELO:1002
CE_PASSEDPAWNS:0.5022103606363747
CE_PAWNWEAKNESSES:0.5
CE_PIECEACTIVITY:0.5073698461943228
CE_KINGPAWNSHIELD:0.49675633503627525
CE_PIECECOORDINATION:0.49822562685820293
CE_MATERIAL:0.5
CE_KINGSAFETY:0.49884519680027595
C_PIECESQUARETABLES:0.4888427790785482
C_MOBILITY:0.49384881588222557
C_KINGSAFETY:0.493249725148315
C_PAWNSTRUCTURE:0.5
C_PIECECOORDINATION:0.4959515647262928
C_ROOKANDPAWNMOVEMENT:0.4959515647262928
C_CENTERCONTROL:0.5
C_DEVELOPPIECES:0.5
C_MATERIAL:0.5018232069090628
C_MOVECOUNT:0.5
