ELO:947
CE_PASSEDPAWNS:0.5013476578619294
CE_PAWNWEAKNESSES:0.5028348074327063
CE_PIECEACTIVITY:0.5063159421655584
CE_KINGPAWNSHIELD:0.49962647841443925
CE_PIECECOORDINATION:0.5263890360612227
CE_MATERIAL:0.5130875505393059
CE_KINGSAFETY:0.4796901562759523
C_PIECESQUARETABLES:0.5006987279906905
C_MOBILITY:0.5487842061028458
C_KINGSAFETY:0.5026382586586902
C_PAWNSTRUCTURE:0.4764699042341382
C_PIECECOORDINATION:0.4706104200163564
C_ROOK:0.48262320139797793
CE_ROOK:0.49502262583013634
C_CENTERCONTROL:0.5350002798319127
C_DEVELOPPIECES:0.4968423829029581
C_MATERIAL:0.5055450713102255
C_MOVECOUNT:0.5297692804859322
C_PAWNMOVEMENT:0.4922585595119437
