ELO:771
CE_PASSEDPAWNS:0.444645052585034
CE_PAWNWEAKNESSES:0.4460899073159487
CE_PIECEACTIVITY:0.4843448853793386
CE_KINGPAWNSHIELD:0.47120760595300915
CE_PIECECOORDINATION:0.5178449392635331
CE_MATERIAL:0.5091433467879736
CE_KINGSAFETY:0.5100350667174557
C_PIECESQUARETABLES:0.5204195152536014
C_MOBILITY:0.383823065609468
C_KINGSAFETY:0.5752273023530636
C_PAWNSTRUCTURE:0.4350394380352975
C_PIECECOORDINATION:0.6651335980584614
C_ROOKANDPAWNMOVEMENT:0.6651335980584614
C_CENTERCONTROL:0.6242766384138807
C_DEVELOPPIECES:0.5551329294918418
C_MATERIAL:0.5101567351466177
