ELO:992
CE_PASSEDPAWNS:0.44130490465803324
CE_PAWNWEAKNESSES:0.48398647468518635
CE_PIECEACTIVITY:0.455052240185326
CE_KINGPAWNSHIELD:0.48755732387768796
CE_PIECECOORDINATION:0.42884357625218666
CE_MATERIAL:0.42252063222821323
CE_KINGSAFETY:0.43580853930020064
C_PIECESQUARETABLES:0.5341782599958499
C_MOBILITY:0.4622968927577983
C_KINGSAFETY:0.4665519340587802
C_PAWNSTRUCTURE:0.5095456486251536
C_PIECECOORDINATION:0.5976149301322654
C_ROOKANDPAWNMOVEMENT:0.5976149301322654
C_CENTERCONTROL:0.5198498067389635
C_DEVELOPPIECES:0.5341377466389386
C_MATERIAL:0.5384318951656503
