ELO:984
CE_PASSEDPAWNS:0.44296627509766545
CE_PAWNWEAKNESSES:0.510028875926673
CE_PIECEACTIVITY:0.4885833532185048
CE_KINGPAWNSHIELD:0.4839273471576043
CE_PIECECOORDINATION:0.45340168145408305
CE_MATERIAL:0.38380115320484287
CE_KINGSAFETY:0.49532768434708785
C_PIECESQUARETABLES:0.5055951512956006
C_MOBILITY:0.4294118181101067
C_KINGSAFETY:0.48371225229086373
C_PAWNSTRUCTURE:0.5140650851219658
C_PIECECOORDINATION:0.6156772554776614
C_ROOKANDPAWNMOVEMENT:0.6156772554776614
C_CENTERCONTROL:0.5506587876689898
C_DEVELOPPIECES:0.5234184389279247
C_MATERIAL:0.4953820067490032
