ELO:900
CE_PASSEDPAWNS:0.5913787976890741
CE_PAWNWEAKNESSES:0.4757306280597223
CE_PIECEACTIVITY:0.42314830812012794
CE_KINGPAWNSHIELD:0.4563021076709392
CE_PIECECOORDINATION:0.4775556481747669
CE_MATERIAL:0.5989270535811858
CE_KINGSAFETY:0.5383158292695743
C_PIECESQUARETABLES:0.51897670775301
C_MOBILITY:0.5261529587551057
C_KINGSAFETY:0.4688028819783576
C_PAWNSTRUCTURE:0.5329486093970834
C_PIECECOORDINATION:0.5215767981340114
C_ROOKANDPAWNMOVEMENT:0.5215767981340114
C_CENTERCONTROL:0.48071220436763396
C_DEVELOPPIECES:0.46444984161524283
C_MATERIAL:0.48523051256553656
C_MOVECOUNT:0.5303207517258616
