ELO:832
CE_PASSEDPAWNS:0.43326403290320487
CE_PAWNWEAKNESSES:0.4730424644052838
CE_PIECEACTIVITY:0.4598825952081199
CE_KINGPAWNSHIELD:0.4912533896889847
CE_PIECECOORDINATION:0.5600322681952845
CE_MATERIAL:0.48514173043871617
CE_KINGSAFETY:0.4829594404676321
C_PIECESQUARETABLES:0.4677868134658351
C_MOBILITY:0.40442690839490764
C_KINGSAFETY:0.5705373997708655
C_PAWNSTRUCTURE:0.4670250167959503
C_PIECECOORDINATION:0.6599890864749659
C_ROOKANDPAWNMOVEMENT:0.6599890864749659
C_CENTERCONTROL:0.5860850283874298
C_DEVELOPPIECES:0.5352842975521401
C_MATERIAL:0.49211543482302333
