ELO:1053
CE_PASSEDPAWNS:0.4666745112920473
CE_PAWNWEAKNESSES:0.5039394997578583
CE_PIECEACTIVITY:0.46687442237134996
CE_KINGPAWNSHIELD:0.39790822041364354
CE_PIECECOORDINATION:0.4466217955515025
CE_MATERIAL:0.44797762651667694
CE_KINGSAFETY:0.5040130857563095
C_PIECESQUARETABLES:0.506090566570342
C_MOBILITY:0.4820922873340964
C_KINGSAFETY:0.6125936801561523
C_PAWNSTRUCTURE:0.4716528293430209
C_PIECECOORDINATION:0.5228148367814102
C_ROOKANDPAWNMOVEMENT:0.5228148367814102
C_CENTERCONTROL:0.5567496422694186
C_DEVELOPPIECES:0.5605313053047235
C_MATERIAL:0.36123967178985894
