ELO:1000
CE_PASSEDPAWNS:0.5017005965893168
CE_PAWNWEAKNESSES:0.5037844749734167
CE_PIECEACTIVITY:0.5095027067999589
CE_KINGPAWNSHIELD:0.49306358990501414
CE_PIECECOORDINATION:0.5171188055662395
CE_MATERIAL:0.4898789702830149
CE_KINGSAFETY:0.48950786767887194
C_PIECESQUARETABLES:0.5038114768756079
C_MOBILITY:0.4820277970994968
C_KINGSAFETY:0.4973490727075305
C_PAWNSTRUCTURE:0.5081321884297298
C_PIECECOORDINATION:0.5028764685389334
C_ROOKANDPAWNMOVEMENT:0.5028764685389334
C_CENTERCONTROL:0.5024754767379719
C_DEVELOPPIECES:0.48651319263339915
C_MATERIAL:0.49175863568709816
C_MOVECOUNT:0.5055915868949651
