ELO:958
CE_PASSEDPAWNS:0.4452907153555541
CE_PAWNWEAKNESSES:0.48257513465780016
CE_PIECEACTIVITY:0.4915550611090397
CE_KINGPAWNSHIELD:0.496142339346787
CE_PIECECOORDINATION:0.4571246893294039
CE_MATERIAL:0.4113433584028122
CE_KINGSAFETY:0.5201929849809395
C_PIECESQUARETABLES:0.5188750676671783
C_MOBILITY:0.44319963592200207
C_KINGSAFETY:0.49045165518308104
C_PAWNSTRUCTURE:0.4933428413613618
C_PIECECOORDINATION:0.6196252047843708
C_ROOKANDPAWNMOVEMENT:0.6196252047843708
C_CENTERCONTROL:0.5371865393393475
C_DEVELOPPIECES:0.5090707915300641
C_MATERIAL:0.5221862674671233
