ELO:740
CE_PASSEDPAWNS:0.4862256745183054
CE_PAWNWEAKNESSES:0.5241110074672021
CE_PIECEACTIVITY:0.43572286404188476
CE_KINGPAWNSHIELD:0.5066452926521353
CE_PIECECOORDINATION:0.4521659117573301
CE_MATERIAL:0.4839828351691873
CE_KINGSAFETY:0.516165310476632
C_PIECESQUARETABLES:0.509002983131064
C_MOBILITY:0.5801941041385262
C_KINGSAFETY:0.525511310686014
C_PAWNSTRUCTURE:0.5145187585182358
C_PIECECOORDINATION:0.4591160742194122
C_ROOKANDPAWNMOVEMENT:0.4591160742194122
C_CENTERCONTROL:0.4546522023837039
C_DEVELOPPIECES:0.5424916039478727
C_MATERIAL:0.4976216785615977
C_MOVECOUNT:0.5
