ELO:1000
CE_PASSEDPAWNS:0.42258246843801067
CE_PAWNWEAKNESSES:0.48379588298765386
CE_PIECEACTIVITY:0.44040553044473457
CE_KINGPAWNSHIELD:0.4841683342594988
CE_PIECECOORDINATION:0.43838975117427925
CE_MATERIAL:0.41869894324298357
CE_KINGSAFETY:0.4572010563698176
C_PIECESQUARETABLES:0.5167001161742432
C_MOBILITY:0.522924246668755
C_KINGSAFETY:0.4560391982986657
C_PAWNSTRUCTURE:0.49114545190758835
C_PIECECOORDINATION:0.5681181502580968
C_ROOKANDPAWNMOVEMENT:0.5681181502580968
C_CENTERCONTROL:0.52883370373755
C_DEVELOPPIECES:0.5281456137318287
C_MATERIAL:0.5102395495037468
