ELO:987
CE_PASSEDPAWNS:0.44782203931487824
CE_PAWNWEAKNESSES:0.5023639049486857
CE_PIECEACTIVITY:0.4631867024534339
CE_KINGPAWNSHIELD:0.49603745388855525
CE_PIECECOORDINATION:0.4696285838210379
CE_MATERIAL:0.4013425229938654
CE_KINGSAFETY:0.43524045813708157
C_PIECESQUARETABLES:0.5479084820605622
C_MOBILITY:0.4572192439703083
C_KINGSAFETY:0.4937061913971427
C_PAWNSTRUCTURE:0.5225245600749346
C_PIECECOORDINATION:0.6199553740575848
C_ROOKANDPAWNMOVEMENT:0.6199553740575848
C_CENTERCONTROL:0.5521162900588018
C_DEVELOPPIECES:0.4959870660504011
C_MATERIAL:0.491430212392258
