ELO:1012
CE_PASSEDPAWNS:0.5500034315510345
CE_PAWNWEAKNESSES:0.5112779314619631
CE_PIECEACTIVITY:0.5054269034939335
CE_KINGPAWNSHIELD:0.5223091071042263
CE_PIECECOORDINATION:0.49508892530879683
CE_MATERIAL:0.48401706878860484
CE_KINGSAFETY:0.5
C_PIECESQUARETABLES:0.5
C_MOBILITY:0.4700232983813267
C_KINGSAFETY:0.5080434949944064
C_PAWNSTRUCTURE:0.5
C_PIECECOORDINATION:0.5161112147581152
C_ROOK:0.49506600001955076
CE_ROOK:0.5131704461704223
C_CENTERCONTROL:0.4975115328985506
C_DEVELOPPIECES:0.4854328376552627
C_MATERIAL:0.5302928021425948
C_MOVECOUNT:0.5
C_PAWNMOVEMENT:0.48890777999213453
