ELO:754
CE_PASSEDPAWNS:0.5072884199280318
CE_PAWNWEAKNESSES:0.5108985333437815
CE_PIECEACTIVITY:0.4321666085305954
CE_KINGPAWNSHIELD:0.49129612364464437
CE_PIECECOORDINATION:0.4340371007648656
CE_MATERIAL:0.48290637229044353
CE_KINGSAFETY:0.5032025187440737
C_PIECESQUARETABLES:0.5075380750622618
C_MOBILITY:0.5740135671699883
C_KINGSAFETY:0.5152835005749135
C_PAWNSTRUCTURE:0.5013561792103055
C_PIECECOORDINATION:0.4495363976389115
C_ROOKANDPAWNMOVEMENT:0.4495363976389115
C_CENTERCONTROL:0.4650449638078826
C_DEVELOPPIECES:0.539277392381697
C_MATERIAL:0.4935392389478285
C_MOVECOUNT:0.5
