ELO:950
CE_PASSEDPAWNS:0.5598429456132467
CE_PAWNWEAKNESSES:0.5233801158107189
CE_PIECEACTIVITY:0.5071247808591506
CE_KINGPAWNSHIELD:0.58173910476592
CE_PIECECOORDINATION:0.6272920074354684
CE_MATERIAL:0.47787241831274146
CE_KINGSAFETY:0.5
C_PIECESQUARETABLES:0.5
C_MOBILITY:0.5382921521336806
C_KINGSAFETY:0.4559497374201182
C_PAWNSTRUCTURE:0.4624353786748756
C_PIECECOORDINATION:0.4297131093213466
C_ROOKANDPAWNMOVEMENT:0.4297131093213466
C_CENTERCONTROL:0.6150305496321244
C_DEVELOPPIECES:0.6153415539217583
C_MATERIAL:0.5059125447165254
