ELO:1000
CE_PASSEDPAWNS:0.43101300620210936
CE_PAWNWEAKNESSES:0.4979808290051006
CE_PIECEACTIVITY:0.4590781378908402
CE_KINGPAWNSHIELD:0.48451987578535743
CE_PIECECOORDINATION:0.4542499107099541
CE_MATERIAL:0.40773450968640007
CE_KINGSAFETY:0.45987604372359364
C_PIECESQUARETABLES:0.492350391225546
C_MOBILITY:0.49293553655380457
C_KINGSAFETY:0.44512582707381476
C_PAWNSTRUCTURE:0.5048947574047855
C_PIECECOORDINATION:0.5791351318291569
C_ROOKANDPAWNMOVEMENT:0.5791351318291569
C_CENTERCONTROL:0.5228091073320403
C_DEVELOPPIECES:0.5200837413695685
C_MATERIAL:0.5106500320934492
