ELO:1000
CE_PASSEDPAWNS:0.5228153189835175
CE_PAWNWEAKNESSES:0.5484723199922018
CE_PIECEACTIVITY:0.48325969234846144
CE_KINGPAWNSHIELD:0.509387167751042
CE_PIECECOORDINATION:0.5367100658026066
CE_MATERIAL:0.45426072457382394
CE_KINGSAFETY:0.48077642680237553
C_PIECESQUARETABLES:0.5261308915382275
C_MOBILITY:0.502007603531743
C_KINGSAFETY:0.5570603624765665
C_PAWNSTRUCTURE:0.472207131197474
C_PIECECOORDINATION:0.5132295919442099
C_ROOKANDPAWNMOVEMENT:0.5132295919442099
C_CENTERCONTROL:0.5407296488563017
C_DEVELOPPIECES:0.5368386995984404
C_MATERIAL:0.48515127636847927
