ELO:996
CE_PASSEDPAWNS:0.5140207011967262
CE_PAWNWEAKNESSES:0.5340020100010292
CE_PIECEACTIVITY:0.4678721167927843
CE_KINGPAWNSHIELD:0.540754172416468
CE_PIECECOORDINATION:0.5898137523177122
CE_MATERIAL:0.4973877889160401
CE_KINGSAFETY:0.5
C_PIECESQUARETABLES:0.5067982629177393
C_MOBILITY:0.4989084166868556
C_KINGSAFETY:0.44913652554405936
C_PAWNSTRUCTURE:0.5139807955732542
C_PIECECOORDINATION:0.43265026947654395
C_ROOKANDPAWNMOVEMENT:0.43265026947654395
C_CENTERCONTROL:0.5749573646867395
C_DEVELOPPIECES:0.6104398758274204
C_MATERIAL:0.48806863022289637
