ELO:973
CE_PASSEDPAWNS:0.507002208966363
CE_PAWNWEAKNESSES:0.48622696050280995
CE_PIECEACTIVITY:0.4869043783378133
CE_KINGPAWNSHIELD:0.47270928932007394
CE_PIECECOORDINATION:0.5062112530777765
CE_MATERIAL:0.5025531914688559
CE_KINGSAFETY:0.492700455971538
C_PIECESQUARETABLES:0.4963139410110378
C_MOBILITY:0.5088805816401992
C_KINGSAFETY:0.4940734462856769
C_PAWNSTRUCTURE:0.4999999188064719
C_PIECECOORDINATION:0.4968333690776063
C_ROOK:0.49982418923247485
CE_ROOK:0.5000337482293715
C_CENTERCONTROL:0.5142246587953294
C_DEVELOPPIECES:0.503956975301816
C_MATERIAL:0.5122925263919198
C_MOVECOUNT:0.48798067152400926
C_PAWNMOVEMENT:0.5011096484668849
