ELO:977
CE_PASSEDPAWNS:0.49983305858076743
CE_PAWNWEAKNESSES:0.5
CE_PIECEACTIVITY:0.5077719313952975
CE_KINGPAWNSHIELD:0.4995979446616929
CE_PIECECOORDINATION:0.5437813074972995
CE_MATERIAL:0.5008515225805549
CE_KINGSAFETY:0.5
C_PIECESQUARETABLES:0.5101958348362519
C_MOBILITY:0.5
C_KINGSAFETY:0.4848460696814588
C_PAWNSTRUCTURE:0.521251200112403
C_PIECECOORDINATION:0.5
C_ROOKANDPAWNMOVEMENT:0.5
C_CENTERCONTROL:0.5036339292514015
C_DEVELOPPIECES:0.5107615232670285
C_MATERIAL:0.5
C_MOVECOUNT:0.5
