ELO:724
CE_PASSEDPAWNS:0.512059205533552
CE_PAWNWEAKNESSES:0.5176083417942156
CE_PIECEACTIVITY:0.4529198770167583
CE_KINGPAWNSHIELD:0.4972852599368936
CE_PIECECOORDINATION:0.43493935865257943
CE_MATERIAL:0.5230975075050173
CE_KINGSAFETY:0.5003532253887697
C_PIECESQUARETABLES:0.467242373196282
C_MOBILITY:0.606960889555256
C_KINGSAFETY:0.5109065003142224
C_PAWNSTRUCTURE:0.5116857127843322
C_PIECECOORDINATION:0.4599392673001035
C_ROOKANDPAWNMOVEMENT:0.4599392673001035
C_CENTERCONTROL:0.47157499181481666
C_DEVELOPPIECES:0.5436710612134881
C_MATERIAL:0.5067388205917684
C_MOVECOUNT:0.5
