ELO:771
CE_PASSEDPAWNS:0.4348829409459962
CE_PAWNWEAKNESSES:0.44212386628852973
CE_PIECEACTIVITY:0.4773728894371257
CE_KINGPAWNSHIELD:0.46030170820397487
CE_PIECECOORDINATION:0.5383141305485699
CE_MATERIAL:0.5079220183840272
CE_KINGSAFETY:0.5287646422885903
C_PIECESQUARETABLES:0.509114903613429
C_MOBILITY:0.37152434471599755
C_KINGSAFETY:0.5749578651540344
C_PAWNSTRUCTURE:0.463974124617767
C_PIECECOORDINATION:0.6566903189200414
C_ROOKANDPAWNMOVEMENT:0.6566903189200414
C_CENTERCONTROL:0.6246087111336882
C_DEVELOPPIECES:0.5507772459805483
C_MATERIAL:0.5048291022333471
