ELO:975
CE_PASSEDPAWNS:0.4973462420794128
CE_PAWNWEAKNESSES:0.4774301582089154
CE_PIECEACTIVITY:0.48153132689001543
CE_KINGPAWNSHIELD:0.4788791954606524
CE_PIECECOORDINATION:0.5018875092447885
CE_MATERIAL:0.5093582518305626
CE_KINGSAFETY:0.5
C_PIECESQUARETABLES:0.5
C_MOBILITY:0.5117151105488265
C_KINGSAFETY:0.4921215470181815
C_PAWNSTRUCTURE:0.506743716597756
C_PIECECOORDINATION:0.4964525041475066
C_ROOK:0.4940355085763993
CE_ROOK:0.5000337482293715
C_CENTERCONTROL:0.514747823287139
C_DEVELOPPIECES:0.5026310288679954
C_MATERIAL:0.5087624450173664
C_MOVECOUNT:0.4869074605227157
C_PAWNMOVEMENT:0.5011096484668849
