ELO:925
CE_PASSEDPAWNS:0.4531835171603679
CE_PAWNWEAKNESSES:0.4844661703653002
CE_PIECEACTIVITY:0.44077197890887304
CE_KINGPAWNSHIELD:0.4568178282645352
CE_PIECECOORDINATION:0.5248662688179497
CE_MATERIAL:0.414592357679841
CE_KINGSAFETY:0.5159044973347052
C_PIECESQUARETABLES:0.4815411885397909
C_MOBILITY:0.3901511991638937
C_KINGSAFETY:0.5529286782634371
C_PAWNSTRUCTURE:0.5055627813623519
C_PIECECOORDINATION:0.6429591614482297
C_ROOKANDPAWNMOVEMENT:0.6429591614482297
C_CENTERCONTROL:0.5661059947485926
C_DEVELOPPIECES:0.5167450572714775
C_MATERIAL:0.5226184127938843
