ELO:988
CE_PASSEDPAWNS:0.4579328893400395
CE_PAWNWEAKNESSES:0.49148179388749663
CE_PIECEACTIVITY:0.45447862658950433
CE_KINGPAWNSHIELD:0.4962426374848116
CE_PIECECOORDINATION:0.4628458589121404
CE_MATERIAL:0.40917703368581126
CE_KINGSAFETY:0.4259479561921546
C_PIECESQUARETABLES:0.5430775498342912
C_MOBILITY:0.46583670829631435
C_KINGSAFETY:0.4937061913971427
C_PAWNSTRUCTURE:0.5257556903014167
C_PIECECOORDINATION:0.6091587894758969
C_ROOKANDPAWNMOVEMENT:0.6091587894758969
C_CENTERCONTROL:0.5550342514214291
C_DEVELOPPIECES:0.5067924357095508
C_MATERIAL:0.4965596179941408
