ELO:985
CE_PASSEDPAWNS:0.4960912333370903
CE_PAWNWEAKNESSES:0.5117966008096566
CE_PIECEACTIVITY:0.46303318812646843
CE_KINGPAWNSHIELD:0.5337169361400453
CE_PIECECOORDINATION:0.5008352571293604
CE_MATERIAL:0.5108749029245293
CE_KINGSAFETY:0.5257727019229128
C_PIECESQUARETABLES:0.5018417137310984
C_MOBILITY:0.5132935147195503
C_KINGSAFETY:0.4966038212060235
C_PAWNSTRUCTURE:0.4960611753733666
C_PIECECOORDINATION:0.4951465069889228
C_ROOK:0.5237452250783602
CE_ROOK:0.4890294484984263
C_CENTERCONTROL:0.5089385771873413
C_DEVELOPPIECES:0.49913392961948494
C_MATERIAL:0.4841549606667374
C_MOVECOUNT:0.49155135553896295
C_PAWNMOVEMENT:0.5075257282335699
