ELO:996
CE_PASSEDPAWNS:0.5075667703652417
CE_PAWNWEAKNESSES:0.4850553704185615
CE_PIECEACTIVITY:0.5
CE_KINGPAWNSHIELD:0.4965326484574025
CE_PIECECOORDINATION:0.4952809171452223
CE_MATERIAL:0.5116880109082133
CE_KINGSAFETY:0.5
C_PIECESQUARETABLES:0.5
C_MOBILITY:0.49674707127017137
C_KINGSAFETY:0.478346590001151
C_PAWNSTRUCTURE:0.49872984361836725
C_PIECECOORDINATION:0.46918209597241606
C_ROOKANDPAWNMOVEMENT:0.46918209597241606
C_CENTERCONTROL:0.48617282750387697
C_DEVELOPPIECES:0.48961477449649937
C_MATERIAL:0.5254371410430176
C_MOVECOUNT:0.5127355789803764
