ELO:983
CE_PASSEDPAWNS:0.5128941035563046
CE_PAWNWEAKNESSES:0.5
CE_PIECEACTIVITY:0.4978234505389264
CE_KINGPAWNSHIELD:0.5053174674741298
CE_PIECECOORDINATION:0.5060776525054013
CE_MATERIAL:0.5038362860235382
CE_KINGSAFETY:0.49807410625701215
C_PIECESQUARETABLES:0.4945102157198186
C_MOBILITY:0.48550672130083244
C_KINGSAFETY:0.49135074166961973
C_PAWNSTRUCTURE:0.5
C_PIECECOORDINATION:0.4879056664198937
C_ROOK:0.5
CE_ROOK:0.5
C_CENTERCONTROL:0.4840472202568344
C_DEVELOPPIECES:0.500294655477184
C_MATERIAL:0.5100984445529065
C_MOVECOUNT:0.5
C_PAWNMOVEMENT:0.5
