ELO:984
CE_PASSEDPAWNS:0.5160015616411402
CE_PAWNWEAKNESSES:0.48622696050280995
CE_PIECEACTIVITY:0.49573349540477873
CE_KINGPAWNSHIELD:0.4790292834894403
CE_PIECECOORDINATION:0.5062112530777765
CE_MATERIAL:0.5025531914688559
CE_KINGSAFETY:0.5
C_PIECESQUARETABLES:0.5
C_MOBILITY:0.5213981078297314
C_KINGSAFETY:0.49063407410564247
C_PAWNSTRUCTURE:0.5008241974884444
C_PIECECOORDINATION:0.4945263710342142
C_ROOK:0.48632339445064
CE_ROOK:0.5051608316755509
C_CENTERCONTROL:0.5055873241266863
C_DEVELOPPIECES:0.49479977153835697
C_MATERIAL:0.5128256281606872
C_MOVECOUNT:0.4632737715320696
C_PAWNMOVEMENT:0.5011096484668849
