ELO:1014
CE_PASSEDPAWNS:0.4991476105102762
CE_PAWNWEAKNESSES:0.4954764608152721
CE_PIECEACTIVITY:0.4898041831431378
CE_KINGPAWNSHIELD:0.52058562773721
CE_PIECECOORDINATION:0.5027081192633627
CE_MATERIAL:0.4922840215466089
CE_KINGSAFETY:0.5
C_PIECESQUARETABLES:0.5
C_MOBILITY:0.5025681928293101
C_KINGSAFETY:0.5096669659847455
C_PAWNSTRUCTURE:0.5115708483294449
C_PIECECOORDINATION:0.5019408431407206
C_ROOKANDPAWNMOVEMENT:0.5019408431407206
C_CENTERCONTROL:0.4897383586302145
C_DEVELOPPIECES:0.5183142074527839
C_MATERIAL:0.4963726013337804
C_MOVECOUNT:0.5
