ELO:878
CE_PASSEDPAWNS:0.5462821574475737
CE_PAWNWEAKNESSES:0.466709388698572
CE_PIECEACTIVITY:0.42408515890863285
CE_KINGPAWNSHIELD:0.45100116501245463
CE_PIECECOORDINATION:0.5082718827227721
CE_MATERIAL:0.5868849774918831
CE_KINGSAFETY:0.5334280053538851
C_PIECESQUARETABLES:0.5167768806347286
C_MOBILITY:0.5176237874067485
C_KINGSAFETY:0.46161889703894515
C_PAWNSTRUCTURE:0.5202289295678526
C_PIECECOORDINATION:0.517363803657558
C_ROOKANDPAWNMOVEMENT:0.517363803657558
C_CENTERCONTROL:0.48071220436763396
C_DEVELOPPIECES:0.46656638022492164
C_MATERIAL:0.4881144392610581
C_MOVECOUNT:0.5269053119630497
