ELO:890
CE_PASSEDPAWNS:0.48132891902197
CE_PAWNWEAKNESSES:0.5568611211532448
CE_PIECEACTIVITY:0.4427873781877918
CE_KINGPAWNSHIELD:0.5170900741568727
CE_PIECECOORDINATION:0.48177654967888756
CE_MATERIAL:0.5041293403750268
CE_KINGSAFETY:0.5292448593166449
C_PIECESQUARETABLES:0.5015446898045555
C_MOBILITY:0.4674366250239575
C_KINGSAFETY:0.49111376113583405
C_PAWNSTRUCTURE:0.5194752617225231
C_PIECECOORDINATION:0.4765016450144379
C_ROOKANDPAWNMOVEMENT:0.4765016450144379
C_CENTERCONTROL:0.4449197647202598
C_DEVELOPPIECES:0.4799307540560547
C_MATERIAL:0.5081601391336413
C_MOVECOUNT:0.5
