ELO:1000
CE_PASSEDPAWNS:0.5067553840020939
CE_PAWNWEAKNESSES:0.5389664043707718
CE_PIECEACTIVITY:0.48177763921961597
CE_KINGPAWNSHIELD:0.5202661081739635
CE_PIECECOORDINATION:0.5370324670933164
CE_MATERIAL:0.4785927901394381
CE_KINGSAFETY:0.501491350077827
C_PIECESQUARETABLES:0.5163575190791437
C_MOBILITY:0.49854082281799356
C_KINGSAFETY:0.5407198644095347
C_PAWNSTRUCTURE:0.4708330746326669
C_PIECECOORDINATION:0.5005600178432783
C_ROOKANDPAWNMOVEMENT:0.5005600178432783
C_CENTERCONTROL:0.5584659093695817
C_DEVELOPPIECES:0.528608682033843
C_MATERIAL:0.5056327265983701
