ELO:890
CE_PASSEDPAWNS:0.5105328570750819
CE_PAWNWEAKNESSES:0.5186134358594808
CE_PIECEACTIVITY:0.42854685746915167
CE_KINGPAWNSHIELD:0.5221302040427158
CE_PIECECOORDINATION:0.4908879382814653
CE_MATERIAL:0.4587082631670373
CE_KINGSAFETY:0.48086426986060044
C_PIECESQUARETABLES:0.5094446799497633
C_MOBILITY:0.5738934678853432
C_KINGSAFETY:0.5265957579569769
C_PAWNSTRUCTURE:0.49469873602824527
C_PIECECOORDINATION:0.480341250489461
C_ROOKANDPAWNMOVEMENT:0.480341250489461
C_CENTERCONTROL:0.43274546216157445
C_DEVELOPPIECES:0.5274006655788082
C_MATERIAL:0.49440866640655107
C_MOVECOUNT:0.5
