ELO:999
CE_PASSEDPAWNS:0.5112099305045645
CE_PAWNWEAKNESSES:0.5310081703799798
CE_PIECEACTIVITY:0.4783776320210843
CE_KINGPAWNSHIELD:0.5377836768623766
CE_PIECECOORDINATION:0.5898137523177122
CE_MATERIAL:0.5057733747902159
CE_KINGSAFETY:0.5119373417393683
C_PIECESQUARETABLES:0.49635533416549266
C_MOBILITY:0.5042172146010948
C_KINGSAFETY:0.44913652554405936
C_PAWNSTRUCTURE:0.5186178650372066
C_PIECECOORDINATION:0.4233362603114469
C_ROOKANDPAWNMOVEMENT:0.4233362603114469
C_CENTERCONTROL:0.5749573646867395
C_DEVELOPPIECES:0.6177061260232762
C_MATERIAL:0.4809080856329745
