ELO:982
CE_PASSEDPAWNS:0.5033685682048508
CE_PAWNWEAKNESSES:0.49763811076790354
CE_PIECEACTIVITY:0.5177625051397977
CE_KINGPAWNSHIELD:0.4886261515020741
CE_PIECECOORDINATION:0.4968350872677936
CE_MATERIAL:0.4978473111378316
CE_KINGSAFETY:0.5
C_PIECESQUARETABLES:0.515194272556377
C_MOBILITY:0.4976130420704937
C_KINGSAFETY:0.5086642156015937
C_PAWNSTRUCTURE:0.4862897401993444
C_PIECECOORDINATION:0.5213174514509723
C_ROOKANDPAWNMOVEMENT:0.5213174514509723
C_CENTERCONTROL:0.5151829232389785
C_DEVELOPPIECES:0.4860290831872416
C_MATERIAL:0.5183973095306939
