ELO:996
CE_PASSEDPAWNS:0.5186584755661088
CE_PAWNWEAKNESSES:0.5
CE_PIECEACTIVITY:0.5
CE_KINGPAWNSHIELD:0.5
CE_PIECECOORDINATION:0.5
CE_MATERIAL:0.4848576888408148
CE_KINGSAFETY:0.5
C_PIECESQUARETABLES:0.5
C_MOBILITY:0.5
C_KINGSAFETY:0.47601277718222085
C_PAWNSTRUCTURE:0.5071080165023145
C_PIECECOORDINATION:0.5
C_ROOKANDPAWNMOVEMENT:0.5
C_CENTERCONTROL:0.5027294519802975
C_DEVELOPPIECES:0.4988385811646636
C_MATERIAL:0.4865288501160491
C_MOVECOUNT:0.48821614248102707
