ELO:925
CE_PASSEDPAWNS:0.51236770428206
CE_PAWNWEAKNESSES:0.48139988862896466
CE_PIECEACTIVITY:0.48847803714342053
CE_KINGPAWNSHIELD:0.48171234303224264
CE_PIECECOORDINATION:0.49611905061006556
CE_MATERIAL:0.47857698805002735
CE_KINGSAFETY:0.4776081313023402
C_PIECESQUARETABLES:0.4892256715085226
C_MOBILITY:0.4743306941258626
C_KINGSAFETY:0.5273610932158277
C_PAWNSTRUCTURE:0.5294792685506174
C_PIECECOORDINATION:0.42779206933828584
C_ROOK:0.48541721470707394
CE_ROOK:0.45044457274500416
C_CENTERCONTROL:0.5119211648245751
C_DEVELOPPIECES:0.498720486998075
C_MATERIAL:0.47007913652765654
C_MOVECOUNT:0.49418157372353155
C_PAWNMOVEMENT:0.5210128025697723
