ELO:924
CE_PASSEDPAWNS:0.586732927265797
CE_PAWNWEAKNESSES:0.49634330957219713
CE_PIECEACTIVITY:0.47432285977634914
CE_KINGPAWNSHIELD:0.5965668087655471
CE_PIECECOORDINATION:0.644690633544705
CE_MATERIAL:0.4735227269573811
CE_KINGSAFETY:0.5536274857704114
C_PIECESQUARETABLES:0.5206629391906928
C_MOBILITY:0.5483909693581396
C_KINGSAFETY:0.4642302633130235
C_PAWNSTRUCTURE:0.3889216811094927
C_PIECECOORDINATION:0.4477352363539424
C_ROOKANDPAWNMOVEMENT:0.4477352363539424
C_CENTERCONTROL:0.5957431452482259
C_DEVELOPPIECES:0.6197038049639995
C_MATERIAL:0.5103607624489708
