ELO:1000
CE_PASSEDPAWNS:0.48779089685335686
CE_PAWNWEAKNESSES:0.5145732539425321
CE_PIECEACTIVITY:0.4979629211773387
CE_KINGPAWNSHIELD:0.49871733231550014
CE_PIECECOORDINATION:0.4797568425469036
CE_MATERIAL:0.49921248329480283
CE_KINGSAFETY:0.5068849348453729
C_PIECESQUARETABLES:0.5105327048856994
C_MOBILITY:0.4806264327259328
C_KINGSAFETY:0.5064583737927753
C_PAWNSTRUCTURE:0.5041231363936616
C_PIECECOORDINATION:0.4826015397031114
C_ROOKANDPAWNMOVEMENT:0.4826015397031114
C_CENTERCONTROL:0.5
C_DEVELOPPIECES:0.4987441033091233
C_MATERIAL:0.5
