ELO:971
CE_PASSEDPAWNS:0.4861233861904566
CE_PAWNWEAKNESSES:0.5284611235276082
CE_PIECEACTIVITY:0.5056108491767966
CE_KINGPAWNSHIELD:0.49219003146481777
CE_PIECECOORDINATION:0.5005646908349783
CE_MATERIAL:0.48900443902571133
CE_KINGSAFETY:0.4952622557153314
C_PIECESQUARETABLES:0.5121530609887102
C_MOBILITY:0.5218552693159254
C_KINGSAFETY:0.4989563687220539
C_PAWNSTRUCTURE:0.5101634369303842
C_PIECECOORDINATION:0.5393794850073513
C_ROOKANDPAWNMOVEMENT:0.5393794850073513
C_CENTERCONTROL:0.48369594530142385
C_DEVELOPPIECES:0.5063555576224386
C_MATERIAL:0.5215718484921064
