ELO:696
CE_PASSEDPAWNS:0.45609538744697353
CE_PAWNWEAKNESSES:0.5321794990382234
CE_PIECEACTIVITY:0.4455383042697226
CE_KINGPAWNSHIELD:0.5438829584234899
CE_PIECECOORDINATION:0.4394101136656885
CE_MATERIAL:0.5200038212298078
CE_KINGSAFETY:0.4787363255683107
C_PIECESQUARETABLES:0.4512334742716518
C_MOBILITY:0.5658419328297035
C_KINGSAFETY:0.5060874925118075
C_PAWNSTRUCTURE:0.5468622392859831
C_PIECECOORDINATION:0.5201803805980031
C_ROOKANDPAWNMOVEMENT:0.5201803805980031
C_CENTERCONTROL:0.5211093228297634
C_DEVELOPPIECES:0.5719517961571564
C_MATERIAL:0.5298894053789439
C_MOVECOUNT:0.5
