ELO:914
CE_PASSEDPAWNS:0.46241688746525317
CE_PAWNWEAKNESSES:0.4860382817681566
CE_PIECEACTIVITY:0.47678890043811195
CE_KINGPAWNSHIELD:0.4897740836923791
CE_PIECECOORDINATION:0.4667748514636564
CE_MATERIAL:0.4245861705842801
CE_KINGSAFETY:0.5010278317059812
C_PIECESQUARETABLES:0.4917225140848225
C_MOBILITY:0.4069659442694949
C_KINGSAFETY:0.5268445970537159
C_PAWNSTRUCTURE:0.49912000014371255
C_PIECECOORDINATION:0.6438082369788146
C_ROOKANDPAWNMOVEMENT:0.6438082369788146
C_CENTERCONTROL:0.5334148119282018
C_DEVELOPPIECES:0.5024572415152513
C_MATERIAL:0.5208927484468706
