ELO:1000
CE_PASSEDPAWNS:0.4442878276975767
CE_PAWNWEAKNESSES:0.5002644444714898
CE_PIECEACTIVITY:0.45696039451739995
CE_KINGPAWNSHIELD:0.4740533071764262
CE_PIECECOORDINATION:0.44597563621237873
CE_MATERIAL:0.4176729192928985
CE_KINGSAFETY:0.45639800271021813
C_PIECESQUARETABLES:0.49901945533437964
C_MOBILITY:0.5015012504387977
C_KINGSAFETY:0.4577450908927782
C_PAWNSTRUCTURE:0.5093498619406773
C_PIECECOORDINATION:0.5920989704191169
C_ROOKANDPAWNMOVEMENT:0.5920989704191169
C_CENTERCONTROL:0.5228091073320403
C_DEVELOPPIECES:0.5213307034179628
C_MATERIAL:0.5313777899353516
