ELO:986
CE_PASSEDPAWNS:0.5102725531394218
CE_PAWNWEAKNESSES:0.4941481917205083
CE_PIECEACTIVITY:0.5397067564951061
CE_KINGPAWNSHIELD:0.5004012873361272
CE_PIECECOORDINATION:0.526942479293
CE_MATERIAL:0.5009162432623727
CE_KINGSAFETY:0.5
C_PIECESQUARETABLES:0.5
C_MOBILITY:0.54387804628315
C_KINGSAFETY:0.5149615272511102
C_PAWNSTRUCTURE:0.47229996450026107
C_PIECECOORDINATION:0.4640622939880321
C_ROOK:0.5362745065726938
CE_ROOK:0.5133019470923462
C_CENTERCONTROL:0.49288856789372476
C_DEVELOPPIECES:0.4786169769470885
C_MATERIAL:0.4882969655538142
C_MOVECOUNT:0.5066957442885371
C_PAWNMOVEMENT:0.49760073491699014
