ELO:957
CE_PASSEDPAWNS:0.4984914746980494
CE_PAWNWEAKNESSES:0.5180569393234614
CE_PIECEACTIVITY:0.5075546734683272
CE_KINGPAWNSHIELD:0.4992933939626
CE_PIECECOORDINATION:0.49469964729376337
CE_MATERIAL:0.4777926871208536
CE_KINGSAFETY:0.5079715408143879
C_PIECESQUARETABLES:0.4926014727778709
C_MOBILITY:0.5265422427238111
C_KINGSAFETY:0.5245106375994837
C_PAWNSTRUCTURE:0.48377779180550634
C_PIECECOORDINATION:0.4976894233727293
C_ROOKANDPAWNMOVEMENT:0.4976894233727293
C_CENTERCONTROL:0.5039621015391597
C_DEVELOPPIECES:0.4969902750696106
C_MATERIAL:0.5296387018637522
C_MOVECOUNT:0.49437542752978614
