ELO:1000
CE_PASSEDPAWNS:0.4864173360899747
CE_PAWNWEAKNESSES:0.45190941163763854
CE_PIECEACTIVITY:0.5265423317325092
CE_KINGPAWNSHIELD:0.5241965542314505
CE_PIECECOORDINATION:0.4660293174970265
CE_MATERIAL:0.49474799038233214
CE_KINGSAFETY:0.4854653214547846
C_PIECESQUARETABLES:0.4997233000848887
C_MOBILITY:0.5081418361086881
C_KINGSAFETY:0.4921421928125313
C_PAWNSTRUCTURE:0.4995816568484917
C_PIECECOORDINATION:0.4928379155620662
C_ROOKANDPAWNMOVEMENT:0.4928379155620662
C_CENTERCONTROL:0.5083374570156972
C_DEVELOPPIECES:0.5121073279651698
C_MATERIAL:0.5234702331787164
