ELO:999
CE_PASSEDPAWNS:0.5052302068934743
CE_PAWNWEAKNESSES:0.604069276507533
CE_PIECEACTIVITY:0.47126232253192474
CE_KINGPAWNSHIELD:0.4973043899547041
CE_PIECECOORDINATION:0.4972346325976632
CE_MATERIAL:0.5206599677349596
CE_KINGSAFETY:0.4914633359137715
C_PIECESQUARETABLES:0.4978400481342303
C_MOBILITY:0.5190358304121805
C_KINGSAFETY:0.5141416246568302
C_PAWNSTRUCTURE:0.48121903316706877
C_PIECECOORDINATION:0.5528119206749226
C_ROOKANDPAWNMOVEMENT:0.5528119206749226
C_CENTERCONTROL:0.5536616268599095
C_DEVELOPPIECES:0.5275191666410527
C_MATERIAL:0.4918153039899857
