ELO:1000
CE_PASSEDPAWNS:0.4667465943563
CE_PAWNWEAKNESSES:0.4634204901211562
CE_PIECEACTIVITY:0.5091437304344428
CE_KINGPAWNSHIELD:0.5104817131711038
CE_PIECECOORDINATION:0.47443004519108684
CE_MATERIAL:0.5030395194011563
CE_KINGSAFETY:0.5127242630508594
C_PIECESQUARETABLES:0.48116183219090086
C_MOBILITY:0.5086086532289961
C_KINGSAFETY:0.49401326916737515
C_PAWNSTRUCTURE:0.4896532436027628
C_PIECECOORDINATION:0.5117752047750411
C_ROOKANDPAWNMOVEMENT:0.5117752047750411
C_CENTERCONTROL:0.4941699726516771
C_DEVELOPPIECES:0.505690824982269
C_MATERIAL:0.5011842061075484
