ELO:963
CE_PASSEDPAWNS:0.4908089143534735
CE_PAWNWEAKNESSES:0.5066041622595303
CE_PIECEACTIVITY:0.484656480376307
CE_KINGPAWNSHIELD:0.47861314055781884
CE_PIECECOORDINATION:0.5070413176722902
CE_MATERIAL:0.522922067385707
CE_KINGSAFETY:0.49443369559748357
C_PIECESQUARETABLES:0.519678400561141
C_MOBILITY:0.47155996616980445
C_KINGSAFETY:0.5345272897067253
C_PAWNSTRUCTURE:0.5091887159535678
C_PIECECOORDINATION:0.4720323070398307
C_ROOKANDPAWNMOVEMENT:0.4720323070398307
C_CENTERCONTROL:0.5083762209446664
C_DEVELOPPIECES:0.5133714741391149
C_MATERIAL:0.5078662243647281
C_MOVECOUNT:0.5219996654317169
