ELO:929
CE_PASSEDPAWNS:0.48783336839658814
CE_PAWNWEAKNESSES:0.5235215878796741
CE_PIECEACTIVITY:0.46446537471883215
CE_KINGPAWNSHIELD:0.502975338656167
CE_PIECECOORDINATION:0.38819835063106467
CE_MATERIAL:0.5216678510205345
CE_KINGSAFETY:0.5681981645859799
C_PIECESQUARETABLES:0.5039416384453537
C_MOBILITY:0.4044412435899739
C_KINGSAFETY:0.42757052709104476
C_PAWNSTRUCTURE:0.554766745626815
C_PIECECOORDINATION:0.42055464317742525
C_ROOKANDPAWNMOVEMENT:0.42055464317742525
C_CENTERCONTROL:0.4648665751698052
C_DEVELOPPIECES:0.4277161599362084
C_MATERIAL:0.6099487220962042
