ELO:977
CE_PASSEDPAWNS:0.5057420230970916
CE_PAWNWEAKNESSES:0.5246961779879266
CE_PIECEACTIVITY:0.4957292906858756
CE_KINGPAWNSHIELD:0.45975468308841855
CE_PIECECOORDINATION:0.4486016414329584
CE_MATERIAL:0.5232874358031067
CE_KINGSAFETY:0.5071709033904916
C_PIECESQUARETABLES:0.5093250231296306
C_MOBILITY:0.47624714647352695
C_KINGSAFETY:0.4775752535058397
C_PAWNSTRUCTURE:0.503354724617491
C_PIECECOORDINATION:0.5098488878188017
C_ROOK:0.5001818721528822
CE_ROOK:0.4751366044579431
C_CENTERCONTROL:0.544225333425223
C_DEVELOPPIECES:0.4530352531963832
C_MATERIAL:0.5081360650411647
C_MOVECOUNT:0.5004312606227973
C_PAWNMOVEMENT:0.4768077352741748
