ELO:987
CE_PASSEDPAWNS:0.48828201960452106
CE_PAWNWEAKNESSES:0.48466819088190105
CE_PIECEACTIVITY:0.4905552081658719
CE_KINGPAWNSHIELD:0.5022017698691672
CE_PIECECOORDINATION:0.4114271078973296
CE_MATERIAL:0.514080197450481
CE_KINGSAFETY:0.4744572745948457
C_PIECESQUARETABLES:0.5199323540971268
C_MOBILITY:0.5083038952614521
C_KINGSAFETY:0.43174181207299045
C_PAWNSTRUCTURE:0.5490205484879077
C_PIECECOORDINATION:0.42716887562441747
C_ROOKANDPAWNMOVEMENT:0.42716887562441747
C_CENTERCONTROL:0.4906821363836443
C_DEVELOPPIECES:0.4960972495887761
C_MATERIAL:0.5595006824949749
