ELO:956
CE_PASSEDPAWNS:0.5074051089175717
CE_PAWNWEAKNESSES:0.48803042583467693
CE_PIECEACTIVITY:0.4996597609353085
CE_KINGPAWNSHIELD:0.4654690751104848
CE_PIECECOORDINATION:0.527160932570079
CE_MATERIAL:0.4681455686847671
CE_KINGSAFETY:0.5312855860950577
C_PIECESQUARETABLES:0.5003675610562887
C_MOBILITY:0.5088165810748189
C_KINGSAFETY:0.49346532422884976
C_PAWNSTRUCTURE:0.4915813942036336
C_PIECECOORDINATION:0.4685145314304399
C_ROOKANDPAWNMOVEMENT:0.4685145314304399
C_CENTERCONTROL:0.4857051530228012
C_DEVELOPPIECES:0.5
C_MATERIAL:0.4684095401744994
C_MOVECOUNT:0.5207604927531695
