ELO:1000
CE_PASSEDPAWNS:0.4987560391319106
CE_PAWNWEAKNESSES:0.577632184457123
CE_PIECEACTIVITY:0.4846256233154883
CE_KINGPAWNSHIELD:0.5256253768089619
CE_PIECECOORDINATION:0.5018210078947971
CE_MATERIAL:0.47663197958678555
CE_KINGSAFETY:0.47724585594786256
C_PIECESQUARETABLES:0.5104602100653215
C_MOBILITY:0.5239855278199322
C_KINGSAFETY:0.5353045445784641
C_PAWNSTRUCTURE:0.5086563719567498
C_PIECECOORDINATION:0.5512607087062307
C_ROOKANDPAWNMOVEMENT:0.5512607087062307
C_CENTERCONTROL:0.5237812503848505
C_DEVELOPPIECES:0.43755602548743067
C_MATERIAL:0.49519322825821305
