ELO:990
CE_PASSEDPAWNS:0.3979993405552574
CE_PAWNWEAKNESSES:0.44512294890545856
CE_PIECEACTIVITY:0.5055534717583172
CE_KINGPAWNSHIELD:0.4969112771905379
CE_PIECECOORDINATION:0.6106760426140295
CE_MATERIAL:0.41237886705497595
CE_KINGSAFETY:0.5
C_PIECESQUARETABLES:0.4900650569570265
C_MOBILITY:0.6157037364311847
C_KINGSAFETY:0.5677350770636194
C_PAWNSTRUCTURE:0.6345736772368997
C_PIECECOORDINATION:0.6079340603664014
C_ROOKANDPAWNMOVEMENT:0.6079340603664014
C_CENTERCONTROL:0.38775289317449596
C_DEVELOPPIECES:0.5528173797779841
C_MATERIAL:0.580630367547973
