ELO:957
CE_PASSEDPAWNS:0.537561827000435
CE_PAWNWEAKNESSES:0.5596948002835354
CE_PIECEACTIVITY:0.48522055716081225
CE_KINGPAWNSHIELD:0.48613399622903114
CE_PIECECOORDINATION:0.4906700768260569
CE_MATERIAL:0.5485701193392571
CE_KINGSAFETY:0.48410876735644603
C_PIECESQUARETABLES:0.5111010230930495
C_MOBILITY:0.5224335764652198
C_KINGSAFETY:0.552550468237246
C_PAWNSTRUCTURE:0.4104253956287211
C_PIECECOORDINATION:0.5420763493289675
C_ROOKANDPAWNMOVEMENT:0.5420763493289675
C_CENTERCONTROL:0.5566058351063584
C_DEVELOPPIECES:0.5855700404335606
C_MATERIAL:0.4719643692370347
