ELO:998
CE_PASSEDPAWNS:0.5007698875475928
CE_PAWNWEAKNESSES:0.4518447629386393
CE_PIECEACTIVITY:0.5298080191534977
CE_KINGPAWNSHIELD:0.5180720201893073
CE_PIECECOORDINATION:0.44014082172328944
CE_MATERIAL:0.5084761292583715
CE_KINGSAFETY:0.4657136763874192
C_PIECESQUARETABLES:0.5253037953505963
C_MOBILITY:0.49246659268731774
C_KINGSAFETY:0.46334907145678467
C_PAWNSTRUCTURE:0.5592635431420683
C_PIECECOORDINATION:0.43010683497907337
C_ROOKANDPAWNMOVEMENT:0.43010683497907337
C_CENTERCONTROL:0.4862560479037686
C_DEVELOPPIECES:0.5018375350484183
C_MATERIAL:0.5319129968671463
