ELO:995
CE_PASSEDPAWNS:0.49834427287923533
CE_PAWNWEAKNESSES:0.505828611687468
CE_PIECEACTIVITY:0.48831986471727795
CE_KINGPAWNSHIELD:0.47613634321460063
CE_PIECECOORDINATION:0.4681340476228898
CE_MATERIAL:0.524639688323
CE_KINGSAFETY:0.4824596658775061
C_PIECESQUARETABLES:0.49746339314470145
C_MOBILITY:0.4904296391717857
C_KINGSAFETY:0.4993997150099419
C_PAWNSTRUCTURE:0.5287620883474353
C_PIECECOORDINATION:0.5194833008707225
C_ROOK:0.5072251485749497
CE_ROOK:0.49079045968431784
C_CENTERCONTROL:0.5108058017869505
C_DEVELOPPIECES:0.4971757138766407
C_MATERIAL:0.49417717072192285
C_MOVECOUNT:0.5081579455809446
C_PAWNMOVEMENT:0.48648557358674177
