ELO:935
CE_PASSEDPAWNS:0.5034637120588829
CE_PAWNWEAKNESSES:0.5652374179071152
CE_PIECEACTIVITY:0.46563660660643164
CE_KINGPAWNSHIELD:0.4802879740424202
CE_PIECECOORDINATION:0.4844948677778154
CE_MATERIAL:0.5804129434785501
CE_KINGSAFETY:0.4709402988371797
C_PIECESQUARETABLES:0.5481195036082045
C_MOBILITY:0.508289576723361
C_KINGSAFETY:0.5555556465573487
C_PAWNSTRUCTURE:0.3940325638679554
C_PIECECOORDINATION:0.5526701378272548
C_ROOKANDPAWNMOVEMENT:0.5526701378272548
C_CENTERCONTROL:0.5425002608853141
C_DEVELOPPIECES:0.5724200153907907
C_MATERIAL:0.47538432890896665
