ELO:967
CE_PASSEDPAWNS:0.5044597934930088
CE_PAWNWEAKNESSES:0.5174351500881218
CE_PIECEACTIVITY:0.4957292906858756
CE_KINGPAWNSHIELD:0.47597724828018007
CE_PIECECOORDINATION:0.46393893086948657
CE_MATERIAL:0.5224471484311826
CE_KINGSAFETY:0.5
C_PIECESQUARETABLES:0.5
C_MOBILITY:0.4796324997174551
C_KINGSAFETY:0.4775752535058397
C_PAWNSTRUCTURE:0.502670219434536
C_PIECECOORDINATION:0.5097673981707767
C_ROOK:0.49833011011190226
CE_ROOK:0.47256936898950824
C_CENTERCONTROL:0.5356745389684333
C_DEVELOPPIECES:0.4730747112227289
C_MATERIAL:0.49954102734279954
C_MOVECOUNT:0.49633807292103854
C_PAWNMOVEMENT:0.48032243728182805
