ELO:1000
CE_PASSEDPAWNS:0.48633831252741955
CE_PAWNWEAKNESSES:0.482415093874399
CE_PIECEACTIVITY:0.5161722937983695
CE_KINGPAWNSHIELD:0.5024200755107339
CE_PIECECOORDINATION:0.49108910189334615
CE_MATERIAL:0.5017265644378229
CE_KINGSAFETY:0.505701940883671
C_PIECESQUARETABLES:0.49628695210765994
C_MOBILITY:0.5040897596056301
C_KINGSAFETY:0.4945344329289354
C_PAWNSTRUCTURE:0.49746587991123653
C_PIECECOORDINATION:0.4846740138870964
C_ROOKANDPAWNMOVEMENT:0.4846740138870964
C_CENTERCONTROL:0.5003538015728076
C_DEVELOPPIECES:0.5010348235716002
C_MATERIAL:0.5046993974366949
