ELO:987
CE_PASSEDPAWNS:0.5
CE_PAWNWEAKNESSES:0.4916480819478659
CE_PIECEACTIVITY:0.5
CE_KINGPAWNSHIELD:0.48783446037079203
CE_PIECECOORDINATION:0.4982725926852346
CE_MATERIAL:0.5
CE_KINGSAFETY:0.49729340945469724
C_PIECESQUARETABLES:0.5
C_MOBILITY:0.4964894886784727
C_KINGSAFETY:0.5
C_PAWNSTRUCTURE:0.4898802091168712
C_PIECECOORDINATION:0.5
C_ROOKANDPAWNMOVEMENT:0.5
C_CENTERCONTROL:0.4942512348022139
C_DEVELOPPIECES:0.5
C_MATERIAL:0.5
C_MOVECOUNT:0.49407275827767333
