ELO:1101
CE_PASSEDPAWNS:0.6301507105626472
CE_PAWNWEAKNESSES:0.5942385255537602
CE_PIECEACTIVITY:0.4872329092604055
CE_KINGPAWNSHIELD:0.41398155007322657
CE_PIECECOORDINATION:0.5368575728124563
CE_MATERIAL:0.47130789431568726
CE_KINGSAFETY:0.5
C_PIECESQUARETABLES:0.5
C_MOBILITY:0.4455170774255024
C_KINGSAFETY:0.48484941365337136
C_PAWNSTRUCTURE:0.4639867709554349
C_PIECECOORDINATION:0.36109705900445505
C_ROOKANDPAWNMOVEMENT:0.36109705900445505
C_CENTERCONTROL:0.5320652508689919
C_DEVELOPPIECES:0.5427982333887715
C_MATERIAL:0.4035761943515041
