ELO:1000
CE_PASSEDPAWNS:0.5
CE_PAWNWEAKNESSES:0.5037770804075438
CE_PIECEACTIVITY:0.48021292991004383
CE_KINGPAWNSHIELD:0.485049539104903
CE_PIECECOORDINATION:0.5
CE_MATERIAL:0.5124660204428556
CE_KINGSAFETY:0.5000900976650259
C_PIECESQUARETABLES:0.5
C_MOBILITY:0.5005933623219063
C_KINGSAFETY:0.5
C_PAWNSTRUCTURE:0.5099197353031235
C_PIECECOORDINATION:0.48729607437528843
C_ROOK:0.5104780366143842
CE_ROOK:0.5
C_CENTERCONTROL:0.5088795334267192
C_DEVELOPPIECES:0.5
C_MATERIAL:0.5
C_MOVECOUNT:0.5083683355010339
C_PAWNMOVEMENT:0.5085336532702942
