ELO:1027
CE_PASSEDPAWNS:0.4687804866913704
CE_PAWNWEAKNESSES:0.5166393381816807
CE_PIECEACTIVITY:0.4846295378443273
CE_KINGPAWNSHIELD:0.5457555527739077
CE_PIECECOORDINATION:0.48133289922894645
CE_MATERIAL:0.4846019672748053
CE_KINGSAFETY:0.488932282262182
C_PIECESQUARETABLES:0.5073483077165981
C_MOBILITY:0.5
C_KINGSAFETY:0.5310493350741666
C_PAWNSTRUCTURE:0.4972323081345645
C_PIECECOORDINATION:0.5117016030445382
C_ROOKANDPAWNMOVEMENT:0.5117016030445382
C_CENTERCONTROL:0.4976563033333722
C_DEVELOPPIECES:0.5133119343445793
C_MATERIAL:0.4784760195289673
C_MOVECOUNT:0.5
