ELO:961
CE_PASSEDPAWNS:0.5003615382932095
CE_PAWNWEAKNESSES:0.5462521485161287
CE_PIECEACTIVITY:0.48845871295726195
CE_KINGPAWNSHIELD:0.47361223588942575
CE_PIECECOORDINATION:0.4973550831864519
CE_MATERIAL:0.6036464671144811
CE_KINGSAFETY:0.4883622638640015
C_PIECESQUARETABLES:0.5215531098663416
C_MOBILITY:0.5396029878290671
C_KINGSAFETY:0.5903804774598878
C_PAWNSTRUCTURE:0.3787334900762786
C_PIECECOORDINATION:0.5247593747680885
C_ROOKANDPAWNMOVEMENT:0.5247593747680885
C_CENTERCONTROL:0.5710325297925992
C_DEVELOPPIECES:0.5900188095590782
C_MATERIAL:0.42669315051243023
