ELO:829
CE_PASSEDPAWNS:0.3453926477361543
CE_PAWNWEAKNESSES:0.4164410364223601
CE_PIECEACTIVITY:0.5836328034513122
CE_KINGPAWNSHIELD:0.47034376934673744
CE_PIECECOORDINATION:0.3965633393861611
CE_MATERIAL:0.4874815250813107
CE_KINGSAFETY:0.5054986260519815
C_PIECESQUARETABLES:0.4513114417884693
C_MOBILITY:0.49209929920577994
C_KINGSAFETY:0.5840613819439838
C_PAWNSTRUCTURE:0.39488606055878855
C_PIECECOORDINATION:0.5036642912013449
C_ROOKANDPAWNMOVEMENT:0.5036642912013449
C_CENTERCONTROL:0.405475335329059
C_DEVELOPPIECES:0.44464994665668195
C_MATERIAL:0.4634726510498241
