ELO:994
CE_PASSEDPAWNS:0.49808893846927715
CE_PAWNWEAKNESSES:0.4821178014170699
CE_PIECEACTIVITY:0.49676216115909727
CE_KINGPAWNSHIELD:0.49585702477276367
CE_PIECECOORDINATION:0.39340058260610206
CE_MATERIAL:0.5184845718278922
CE_KINGSAFETY:0.5
C_PIECESQUARETABLES:0.5
C_MOBILITY:0.5056278720383209
C_KINGSAFETY:0.4213549402736967
C_PAWNSTRUCTURE:0.5700604330267142
C_PIECECOORDINATION:0.43416052043399983
C_ROOKANDPAWNMOVEMENT:0.43416052043399983
C_CENTERCONTROL:0.5009591589354753
C_DEVELOPPIECES:0.47185440738771206
C_MATERIAL:0.5754250798071933
