ELO:704
CE_PASSEDPAWNS:0.4238908956450643
CE_PAWNWEAKNESSES:0.5215295118924994
CE_PIECEACTIVITY:0.47842721840015423
CE_KINGPAWNSHIELD:0.5330241207212786
CE_PIECECOORDINATION:0.4621702549174457
CE_MATERIAL:0.6565177796529142
CE_KINGSAFETY:0.507702710508767
C_PIECESQUARETABLES:0.5486776133406948
C_MOBILITY:0.5224465184006976
C_KINGSAFETY:0.4524902996074383
C_PAWNSTRUCTURE:0.5780665300320654
C_PIECECOORDINATION:0.5543556484293858
C_ROOKANDPAWNMOVEMENT:0.5543556484293858
C_CENTERCONTROL:0.42724632331337886
C_DEVELOPPIECES:0.47656371544527165
C_MATERIAL:0.521134434008034
C_MOVECOUNT:0.5
