ELO:1000
CE_PASSEDPAWNS:0.48975959718126266
CE_PAWNWEAKNESSES:0.462397493569333
CE_PIECEACTIVITY:0.5258419051959798
CE_KINGPAWNSHIELD:0.5031072161557947
CE_PIECECOORDINATION:0.45374196081035323
CE_MATERIAL:0.49324203108704195
CE_KINGSAFETY:0.5043695386028784
C_PIECESQUARETABLES:0.5083204066601774
C_MOBILITY:0.48076773378891
C_KINGSAFETY:0.503268986235192
C_PAWNSTRUCTURE:0.5218230548858594
C_PIECECOORDINATION:0.4789210186604095
C_ROOKANDPAWNMOVEMENT:0.4789210186604095
C_CENTERCONTROL:0.5027507392160508
C_DEVELOPPIECES:0.5351811182333781
C_MATERIAL:0.5485419178784215
