ELO:979
CE_PASSEDPAWNS:0.4949210745805986
CE_PAWNWEAKNESSES:0.5067685532279155
CE_PIECEACTIVITY:0.5146590146472905
CE_KINGPAWNSHIELD:0.46861632022128036
CE_PIECECOORDINATION:0.503915613077767
CE_MATERIAL:0.48822326213544126
CE_KINGSAFETY:0.5059309698428425
C_PIECESQUARETABLES:0.4887366259288518
C_MOBILITY:0.5133601124623874
C_KINGSAFETY:0.5174836466494621
C_PAWNSTRUCTURE:0.5152396304221089
C_PIECECOORDINATION:0.5108134165302771
C_ROOKANDPAWNMOVEMENT:0.5108134165302771
C_CENTERCONTROL:0.5191082505796744
C_DEVELOPPIECES:0.4773646974471012
C_MATERIAL:0.49487805019304654
C_MOVECOUNT:0.5138888505654404
