ELO:1000
CE_PASSEDPAWNS:0.4882370495481118
CE_PAWNWEAKNESSES:0.6317701996254943
CE_PIECEACTIVITY:0.5010114716854849
CE_KINGPAWNSHIELD:0.5039441836466535
CE_PIECECOORDINATION:0.4972346325976632
CE_MATERIAL:0.5113397084739997
CE_KINGSAFETY:0.4809274717886968
C_PIECESQUARETABLES:0.5022173641845168
C_MOBILITY:0.5203823202865849
C_KINGSAFETY:0.5025566741851297
C_PAWNSTRUCTURE:0.4941327444427702
C_PIECECOORDINATION:0.572844643024573
C_ROOKANDPAWNMOVEMENT:0.572844643024573
C_CENTERCONTROL:0.5343466931898749
C_DEVELOPPIECES:0.5466594207553568
C_MATERIAL:0.49114382049963207
