ELO:1000
CE_PASSEDPAWNS:0.48482464193314134
CE_PAWNWEAKNESSES:0.46270999961237874
CE_PIECEACTIVITY:0.5145574130418493
CE_KINGPAWNSHIELD:0.5324926381890928
CE_PIECECOORDINATION:0.4777851855827761
CE_MATERIAL:0.4949794640083875
CE_KINGSAFETY:0.4803578645469914
C_PIECESQUARETABLES:0.502660575565736
C_MOBILITY:0.5178229705024299
C_KINGSAFETY:0.49437955490090635
C_PAWNSTRUCTURE:0.49083900248469503
C_PIECECOORDINATION:0.4671250937343125
C_ROOKANDPAWNMOVEMENT:0.4671250937343125
C_CENTERCONTROL:0.49632104755898954
C_DEVELOPPIECES:0.5121073279651698
C_MATERIAL:0.5145731613777125
