ELO:920
CE_PASSEDPAWNS:0.45217470060103476
CE_PAWNWEAKNESSES:0.4841424106859951
CE_PIECEACTIVITY:0.5317854201687795
CE_KINGPAWNSHIELD:0.5008024581312477
CE_PIECECOORDINATION:0.5532299667829521
CE_MATERIAL:0.4940797579423155
CE_KINGSAFETY:0.5098558083717385
C_PIECESQUARETABLES:0.535163816249871
C_MOBILITY:0.5213033830322062
C_KINGSAFETY:0.4898540385520465
C_PAWNSTRUCTURE:0.4774485488156095
C_PIECECOORDINATION:0.5092284645290461
C_ROOKANDPAWNMOVEMENT:0.5092284645290461
C_CENTERCONTROL:0.5167541634024704
C_DEVELOPPIECES:0.5822767953927832
C_MATERIAL:0.5203986203793084
C_MOVECOUNT:0.45045117624108283
