ELO:989
CE_PASSEDPAWNS:0.47983400365226464
CE_PAWNWEAKNESSES:0.5069419827366047
CE_PIECEACTIVITY:0.5460960940988434
CE_KINGPAWNSHIELD:0.5039398357244769
CE_PIECECOORDINATION:0.5
CE_MATERIAL:0.4980261701732225
CE_KINGSAFETY:0.4875891356501876
C_PIECESQUARETABLES:0.48284505424008084
C_MOBILITY:0.5055780763957871
C_KINGSAFETY:0.5499126579532706
C_PAWNSTRUCTURE:0.49155286495881056
C_PIECECOORDINATION:0.4872749895627366
C_ROOKANDPAWNMOVEMENT:0.4872749895627366
C_CENTERCONTROL:0.45604979588250216
C_DEVELOPPIECES:0.4725073564925931
C_MATERIAL:0.5084787978917126
C_MOVECOUNT:0.5
