ELO:1044
CE_PASSEDPAWNS:0.4866508024862897
CE_PAWNWEAKNESSES:0.5
CE_PIECEACTIVITY:0.5035911978749628
CE_KINGPAWNSHIELD:0.4993528238784093
CE_PIECECOORDINATION:0.5335067897172182
CE_MATERIAL:0.5016283000152311
CE_KINGSAFETY:0.5012731526401657
C_PIECESQUARETABLES:0.5
C_MOBILITY:0.4958715711078809
C_KINGSAFETY:0.5028125776007344
C_PAWNSTRUCTURE:0.48729397773934846
C_PIECECOORDINATION:0.5019082211645594
C_ROOKANDPAWNMOVEMENT:0.5019082211645594
C_CENTERCONTROL:0.5
C_DEVELOPPIECES:0.5
C_MATERIAL:0.5
