ELO:962
CE_PASSEDPAWNS:0.48622189990886266
CE_PAWNWEAKNESSES:0.5633815340161807
CE_PIECEACTIVITY:0.5059326999428128
CE_KINGPAWNSHIELD:0.49843567760033414
CE_PIECECOORDINATION:0.4290249836194385
CE_MATERIAL:0.54275690144216
CE_KINGSAFETY:0.5007363719182227
C_PIECESQUARETABLES:0.5110134023840883
C_MOBILITY:0.5419012678296333
C_KINGSAFETY:0.5112569999594444
C_PAWNSTRUCTURE:0.4917544526764757
C_PIECECOORDINATION:0.4604325406037227
C_ROOKANDPAWNMOVEMENT:0.4604325406037227
C_CENTERCONTROL:0.5186679972627385
C_DEVELOPPIECES:0.5003047074749983
C_MATERIAL:0.5123569691446477
C_MOVECOUNT:0.5154427674745224
