ELO:970
CE_PASSEDPAWNS:0.5025879076530052
CE_PAWNWEAKNESSES:0.5025607381774927
CE_PIECEACTIVITY:0.5023478708561661
CE_KINGPAWNSHIELD:0.4683839956884592
CE_PIECECOORDINATION:0.4749519519392512
CE_MATERIAL:0.524639688323
CE_KINGSAFETY:0.5
C_PIECESQUARETABLES:0.503360583894622
C_MOBILITY:0.48842952104131165
C_KINGSAFETY:0.5012462234666225
C_PAWNSTRUCTURE:0.5287620883474353
C_PIECECOORDINATION:0.5224207999668271
C_ROOK:0.5054455336226039
CE_ROOK:0.47801539606627513
C_CENTERCONTROL:0.518259037419981
C_DEVELOPPIECES:0.4929062350964088
C_MATERIAL:0.5032748005667631
C_MOVECOUNT:0.5004623064642078
C_PAWNMOVEMENT:0.491200844011087
