ELO:961
CE_PASSEDPAWNS:0.5191537466908233
CE_PAWNWEAKNESSES:0.498614024751474
CE_PIECEACTIVITY:0.5102481379875129
CE_KINGPAWNSHIELD:0.5188513232073334
CE_PIECECOORDINATION:0.3882824365491816
CE_MATERIAL:0.5067909991384371
CE_KINGSAFETY:0.5132067104364331
C_PIECESQUARETABLES:0.5098619589122898
C_MOBILITY:0.4681225681750156
C_KINGSAFETY:0.38356005832845275
C_PAWNSTRUCTURE:0.5372367130247255
C_PIECECOORDINATION:0.4570048117715298
C_ROOKANDPAWNMOVEMENT:0.4570048117715298
C_CENTERCONTROL:0.4432643631249509
C_DEVELOPPIECES:0.4924934652504079
C_MATERIAL:0.6036209835634752
