ELO:969
CE_PASSEDPAWNS:0.49421008105761743
CE_PAWNWEAKNESSES:0.5323183028553508
CE_PIECEACTIVITY:0.5055079705541365
CE_KINGPAWNSHIELD:0.48575985743480365
CE_PIECECOORDINATION:0.5076780146514251
CE_MATERIAL:0.5232874358031067
CE_KINGSAFETY:0.5
C_PIECESQUARETABLES:0.5
C_MOBILITY:0.48517342573546374
C_KINGSAFETY:0.5125258110192741
C_PAWNSTRUCTURE:0.5147408758580376
C_PIECECOORDINATION:0.5295066086308019
C_ROOK:0.46331222112440407
CE_ROOK:0.47640830638491294
C_CENTERCONTROL:0.5271324132323973
C_DEVELOPPIECES:0.49108760848803495
C_MATERIAL:0.44319810766886314
C_MOVECOUNT:0.4842505015688156
C_PAWNMOVEMENT:0.5245578243515557
