ELO:983
CE_PASSEDPAWNS:0.5
CE_PAWNWEAKNESSES:0.5005850555633885
CE_PIECEACTIVITY:0.5142378228117285
CE_KINGPAWNSHIELD:0.49895008631484505
CE_PIECECOORDINATION:0.4871546978779072
CE_MATERIAL:0.4986887104177626
CE_KINGSAFETY:0.5
C_PIECESQUARETABLES:0.5
C_MOBILITY:0.5
C_KINGSAFETY:0.5313326343007384
C_PAWNSTRUCTURE:0.5
C_PIECECOORDINATION:0.500742589265609
C_ROOKANDPAWNMOVEMENT:0.500742589265609
C_CENTERCONTROL:0.49614967063068816
C_DEVELOPPIECES:0.49517132622332993
C_MATERIAL:0.4885114675110489
C_MOVECOUNT:0.4910989820005708
