ELO:963
CE_PASSEDPAWNS:0.5007268332824185
CE_PAWNWEAKNESSES:0.4940515520417035
CE_PIECEACTIVITY:0.48216416737067574
CE_KINGPAWNSHIELD:0.46939708417484843
CE_PIECECOORDINATION:0.482818550159968
CE_MATERIAL:0.5071493533960805
CE_KINGSAFETY:0.5
C_PIECESQUARETABLES:0.5114901048902071
C_MOBILITY:0.4638807600516547
C_KINGSAFETY:0.5382977828356961
C_PAWNSTRUCTURE:0.5223339975931403
C_PIECECOORDINATION:0.48053952331021904
C_ROOKANDPAWNMOVEMENT:0.48053952331021904
C_CENTERCONTROL:0.4960912374718629
C_DEVELOPPIECES:0.471660504905537
C_MATERIAL:0.5453065043096392
C_MOVECOUNT:0.5037660483944949
