ELO:690
CE_PASSEDPAWNS:0.4145006110559447
CE_PAWNWEAKNESSES:0.5070481451521248
CE_PIECEACTIVITY:0.47338867311710264
CE_KINGPAWNSHIELD:0.525037458636643
CE_PIECECOORDINATION:0.4562686849932701
CE_MATERIAL:0.6519069563119295
CE_KINGSAFETY:0.48440446710962154
C_PIECESQUARETABLES:0.5342525439459868
C_MOBILITY:0.5256333305647795
C_KINGSAFETY:0.45499882375058753
C_PAWNSTRUCTURE:0.5905928979596818
C_PIECECOORDINATION:0.5691648177983177
C_ROOKANDPAWNMOVEMENT:0.5691648177983177
C_CENTERCONTROL:0.4399593549499028
C_DEVELOPPIECES:0.4757030714622865
C_MATERIAL:0.5294933327771532
C_MOVECOUNT:0.5
