ELO:856
CE_PASSEDPAWNS:0.3205791174611817
CE_PAWNWEAKNESSES:0.41219805951144123
CE_PIECEACTIVITY:0.59101845640734
CE_KINGPAWNSHIELD:0.48933245948194826
CE_PIECECOORDINATION:0.3941053754264712
CE_MATERIAL:0.500554928759724
CE_KINGSAFETY:0.5072736456999127
C_PIECESQUARETABLES:0.5039031794964083
C_MOBILITY:0.4816165653403143
C_KINGSAFETY:0.587982786067778
C_PAWNSTRUCTURE:0.3851166693469742
C_PIECECOORDINATION:0.5007507174724549
C_ROOKANDPAWNMOVEMENT:0.5007507174724549
C_CENTERCONTROL:0.3923290803107452
C_DEVELOPPIECES:0.4510697795437029
C_MATERIAL:0.4536662592714213
