ELO:1017
CE_PASSEDPAWNS:0.47116816440926446
CE_PAWNWEAKNESSES:0.5074418526160339
CE_PIECEACTIVITY:0.51028657113175
CE_KINGPAWNSHIELD:0.4909363487565438
CE_PIECECOORDINATION:0.5
CE_MATERIAL:0.5121034747651657
CE_KINGSAFETY:0.5112034210397137
C_PIECESQUARETABLES:0.4862537767853801
C_MOBILITY:0.5108877941656755
C_KINGSAFETY:0.501813056827061
C_PAWNSTRUCTURE:0.5052285336532368
C_PIECECOORDINATION:0.5329456088857981
C_ROOK:0.5
CE_ROOK:0.5
C_CENTERCONTROL:0.4948363529700822
C_DEVELOPPIECES:0.49629026332122544
C_MATERIAL:0.4983086954032506
C_MOVECOUNT:0.5078883007257722
C_PAWNMOVEMENT:0.5376911433556777
