ELO:976
CE_PASSEDPAWNS:0.5213475548799119
CE_PAWNWEAKNESSES:0.5323183028553508
CE_PIECEACTIVITY:0.5055079705541365
CE_KINGPAWNSHIELD:0.4772885861857269
CE_PIECECOORDINATION:0.4734986327371034
CE_MATERIAL:0.5232874358031067
CE_KINGSAFETY:0.5
C_PIECESQUARETABLES:0.5
C_MOBILITY:0.5254793556882357
C_KINGSAFETY:0.5125258110192741
C_PAWNSTRUCTURE:0.5197121028494018
C_PIECECOORDINATION:0.49799449173777066
C_ROOK:0.5040269060899341
CE_ROOK:0.49523984459034853
C_CENTERCONTROL:0.4959744464988885
C_DEVELOPPIECES:0.49965160675801606
C_MATERIAL:0.45976700344647287
C_MOVECOUNT:0.4842505015688156
C_PAWNMOVEMENT:0.498348357431739
