ELO:967
CE_PASSEDPAWNS:0.5038846982880655
CE_PAWNWEAKNESSES:0.5246961779879266
CE_PIECEACTIVITY:0.4957292906858756
CE_KINGPAWNSHIELD:0.47912751956619454
CE_PIECECOORDINATION:0.46805814475411756
CE_MATERIAL:0.5301628724998533
CE_KINGSAFETY:0.4952351735729713
C_PIECESQUARETABLES:0.5041018127236722
C_MOBILITY:0.4741610953676548
C_KINGSAFETY:0.4775752535058397
C_PAWNSTRUCTURE:0.502670219434536
C_PIECECOORDINATION:0.5097673981707767
C_ROOK:0.5048390619470002
CE_ROOK:0.46117810146732174
C_CENTERCONTROL:0.5356745389684333
C_DEVELOPPIECES:0.4613343874311183
C_MATERIAL:0.49961269131223757
C_MOVECOUNT:0.49633807292103854
C_PAWNMOVEMENT:0.49050223085647626
