ELO:982
CE_PASSEDPAWNS:0.4908089143534735
CE_PAWNWEAKNESSES:0.505625372330825
CE_PIECEACTIVITY:0.4929700484065157
CE_KINGPAWNSHIELD:0.49525565318960224
CE_PIECECOORDINATION:0.5120156744722147
CE_MATERIAL:0.5117893859851681
CE_KINGSAFETY:0.5
C_PIECESQUARETABLES:0.5
C_MOBILITY:0.4752633056227174
C_KINGSAFETY:0.5016627895520881
C_PAWNSTRUCTURE:0.5016128273730401
C_PIECECOORDINATION:0.4764200525950507
C_ROOKANDPAWNMOVEMENT:0.4764200525950507
C_CENTERCONTROL:0.49374830628455174
C_DEVELOPPIECES:0.5
C_MATERIAL:0.5053386664287801
C_MOVECOUNT:0.5076727785668768
