ELO:990
CE_PASSEDPAWNS:0.4128032399900828
CE_PAWNWEAKNESSES:0.43676396125761996
CE_PIECEACTIVITY:0.5055534717583172
CE_KINGPAWNSHIELD:0.4969112771905379
CE_PIECECOORDINATION:0.6170975409221419
CE_MATERIAL:0.41717145242441395
CE_KINGSAFETY:0.5104571147243163
C_PIECESQUARETABLES:0.5
C_MOBILITY:0.6142242823519903
C_KINGSAFETY:0.568595099338109
C_PAWNSTRUCTURE:0.6175990202179429
C_PIECECOORDINATION:0.6135308168497035
C_ROOKANDPAWNMOVEMENT:0.6135308168497035
C_CENTERCONTROL:0.37891853462510683
C_DEVELOPPIECES:0.5421507298511069
C_MATERIAL:0.587684451597877
