ELO:871
CE_PASSEDPAWNS:0.4298668076239133
CE_PAWNWEAKNESSES:0.46354893274851644
CE_PIECEACTIVITY:0.523758483447658
CE_KINGPAWNSHIELD:0.5239410130090137
CE_PIECECOORDINATION:0.5361371354962238
CE_MATERIAL:0.47565747712617074
CE_KINGSAFETY:0.5240607842956442
C_PIECESQUARETABLES:0.5281072170907652
C_MOBILITY:0.5397949857708552
C_KINGSAFETY:0.48643885104903145
C_PAWNSTRUCTURE:0.4582852733116359
C_PIECECOORDINATION:0.5242343975026078
C_ROOKANDPAWNMOVEMENT:0.5242343975026078
C_CENTERCONTROL:0.5131403890352281
C_DEVELOPPIECES:0.5814136231742757
C_MATERIAL:0.5063267357822382
C_MOVECOUNT:0.49210528332503917
