ELO:944
CE_PASSEDPAWNS:0.4833096546181441
CE_PAWNWEAKNESSES:0.5076418357051218
CE_PIECEACTIVITY:0.46759345719389694
CE_KINGPAWNSHIELD:0.5221109292464322
CE_PIECECOORDINATION:0.3835918631766533
CE_MATERIAL:0.5216678510205345
CE_KINGSAFETY:0.5549726258817689
C_PIECESQUARETABLES:0.49966342759124527
C_MOBILITY:0.41090194466691493
C_KINGSAFETY:0.42128426115436124
C_PAWNSTRUCTURE:0.5327383821006141
C_PIECECOORDINATION:0.4168047991883433
C_ROOKANDPAWNMOVEMENT:0.4168047991883433
C_CENTERCONTROL:0.4641581398884726
C_DEVELOPPIECES:0.43879404395112337
C_MATERIAL:0.6141637528698597
