ELO:878
CE_PASSEDPAWNS:0.3239548534988077
CE_PAWNWEAKNESSES:0.41533805483865965
CE_PIECEACTIVITY:0.5785301772057744
CE_KINGPAWNSHIELD:0.47830770032689857
CE_PIECECOORDINATION:0.4004772780324438
CE_MATERIAL:0.47928994460695507
CE_KINGSAFETY:0.49859458497924974
C_PIECESQUARETABLES:0.5112676405307897
C_MOBILITY:0.5180024444196464
C_KINGSAFETY:0.6016063635531385
C_PAWNSTRUCTURE:0.3664122380085362
C_PIECECOORDINATION:0.4847877627640696
C_ROOKANDPAWNMOVEMENT:0.4847877627640696
C_CENTERCONTROL:0.3978508210997076
C_DEVELOPPIECES:0.4751899371047494
C_MATERIAL:0.4335278465652305
