ELO:1030
CE_PASSEDPAWNS:0.5138941491554128
CE_PAWNWEAKNESSES:0.531139043716317
CE_PIECEACTIVITY:0.49799470088882486
CE_KINGPAWNSHIELD:0.5
CE_PIECECOORDINATION:0.5636056708566783
CE_MATERIAL:0.5059701539096821
CE_KINGSAFETY:0.48916583739819397
C_PIECESQUARETABLES:0.43882376652266825
C_MOBILITY:0.5
C_KINGSAFETY:0.5310493350741666
C_PAWNSTRUCTURE:0.4654827010940101
C_PIECECOORDINATION:0.4884715829569522
C_ROOKANDPAWNMOVEMENT:0.4884715829569522
C_CENTERCONTROL:0.48524254130822453
C_DEVELOPPIECES:0.5244042797997907
C_MATERIAL:0.4896703024798377
C_MOVECOUNT:0.5
