ELO:729
CE_PASSEDPAWNS:0.4580663221572989
CE_PAWNWEAKNESSES:0.42114269778493885
CE_PIECEACTIVITY:0.5009569070714169
CE_KINGPAWNSHIELD:0.5726822865304716
CE_PIECECOORDINATION:0.5426735376072865
CE_MATERIAL:0.38117902494449624
CE_KINGSAFETY:0.48395619967011483
C_PIECESQUARETABLES:0.49942788862025655
C_MOBILITY:0.4873079763608042
C_KINGSAFETY:0.5673508510023867
C_PAWNSTRUCTURE:0.3524156539660003
C_PIECECOORDINATION:0.5054782094947354
C_ROOKANDPAWNMOVEMENT:0.5054782094947354
C_CENTERCONTROL:0.5789522638649126
C_DEVELOPPIECES:0.49868118439813774
C_MATERIAL:0.6457122457664487
C_MOVECOUNT:0.4785699303500946
