ELO:968
CE_PASSEDPAWNS:0.5050483712180703
CE_PAWNWEAKNESSES:0.5030111910654494
CE_PIECEACTIVITY:0.49468624896274266
CE_KINGPAWNSHIELD:0.5120518489768132
CE_PIECECOORDINATION:0.49184687177244035
CE_MATERIAL:0.45438935435461875
CE_KINGSAFETY:0.5
C_PIECESQUARETABLES:0.5
C_MOBILITY:0.5072759551668762
C_KINGSAFETY:0.5189627442987587
C_PAWNSTRUCTURE:0.5833608947857618
C_PIECECOORDINATION:0.515698765262822
C_ROOK:0.5518007708166158
CE_ROOK:0.5053141418547596
C_CENTERCONTROL:0.4715974297276645
C_DEVELOPPIECES:0.43939650581177936
C_MATERIAL:0.4788536737363118
C_MOVECOUNT:0.48434888115352515
C_PAWNMOVEMENT:0.4881798154950746
