ELO:946
CE_PASSEDPAWNS:0.5044597934930088
CE_PAWNWEAKNESSES:0.5117602710265001
CE_PIECEACTIVITY:0.4957292906858756
CE_KINGPAWNSHIELD:0.47597724828018007
CE_PIECECOORDINATION:0.46393893086948657
CE_MATERIAL:0.524639688323
CE_KINGSAFETY:0.522038384532041
C_PIECESQUARETABLES:0.5065361088276941
C_MOBILITY:0.48779774680051624
C_KINGSAFETY:0.5013056170730047
C_PAWNSTRUCTURE:0.5307474586864326
C_PIECECOORDINATION:0.512384058916615
C_ROOK:0.5060344687868364
CE_ROOK:0.4727113824677305
C_CENTERCONTROL:0.5365478278183018
C_DEVELOPPIECES:0.48286184686012334
C_MATERIAL:0.49954102734279954
C_MOVECOUNT:0.49310893935676375
C_PAWNMOVEMENT:0.4800289577585527
