ELO:998
CE_PASSEDPAWNS:0.4998853903260736
CE_PAWNWEAKNESSES:0.47092951094902885
CE_PIECEACTIVITY:0.4620524643818539
CE_KINGPAWNSHIELD:0.4928185429089629
CE_PIECECOORDINATION:0.5066007004585024
CE_MATERIAL:0.4985080810553707
CE_KINGSAFETY:0.4873501456521733
C_PIECESQUARETABLES:0.5096466968001436
C_MOBILITY:0.5136029669217708
C_KINGSAFETY:0.4825802785534833
C_PAWNSTRUCTURE:0.4438543835547318
C_PIECECOORDINATION:0.528076292895359
C_ROOKANDPAWNMOVEMENT:0.528076292895359
C_CENTERCONTROL:0.49858895121959995
C_DEVELOPPIECES:0.5
C_MATERIAL:0.5
