ELO:720
CE_PASSEDPAWNS:0.4576706206206333
CE_PAWNWEAKNESSES:0.41694830315626674
CE_PIECEACTIVITY:0.5019197006524665
CE_KINGPAWNSHIELD:0.5798133471513687
CE_PIECECOORDINATION:0.5601121109789271
CE_MATERIAL:0.3856944895705594
CE_KINGSAFETY:0.5116053811541275
C_PIECESQUARETABLES:0.5094321277609751
C_MOBILITY:0.4656275600183097
C_KINGSAFETY:0.5880044419332909
C_PAWNSTRUCTURE:0.364247170597485
C_PIECECOORDINATION:0.5232820610275954
C_ROOKANDPAWNMOVEMENT:0.5232820610275954
C_CENTERCONTROL:0.5806180843431786
C_DEVELOPPIECES:0.5102113253093382
C_MATERIAL:0.6254931598179999
C_MOVECOUNT:0.48651354882279524
