ELO:949
CE_PASSEDPAWNS:0.5027688572102296
CE_PAWNWEAKNESSES:0.5052239871297567
CE_PIECEACTIVITY:0.5177948989160901
CE_KINGPAWNSHIELD:0.5070764588684231
CE_PIECECOORDINATION:0.48862393776568663
CE_MATERIAL:0.48404886468377845
CE_KINGSAFETY:0.5
C_PIECESQUARETABLES:0.5
C_MOBILITY:0.49720931694638454
C_KINGSAFETY:0.4935939711949
C_PAWNSTRUCTURE:0.4761813145117776
C_PIECECOORDINATION:0.49150779710291265
C_ROOK:0.5149606881661417
CE_ROOK:0.49719435292832215
C_CENTERCONTROL:0.47209651907151
C_DEVELOPPIECES:0.5549807487750575
C_MATERIAL:0.5291522707731067
C_MOVECOUNT:0.49593440745849443
C_PAWNMOVEMENT:0.5262936960842669
