ELO:966
CE_PASSEDPAWNS:0.633031888074189
CE_PAWNWEAKNESSES:0.5162321413813915
CE_PIECEACTIVITY:0.47480862752844805
CE_KINGPAWNSHIELD:0.4766455590528111
CE_PIECECOORDINATION:0.5370051115769072
CE_MATERIAL:0.5045960195870844
CE_KINGSAFETY:0.49215071120315207
C_PIECESQUARETABLES:0.5091008486597568
C_MOBILITY:0.5644820928799071
C_KINGSAFETY:0.4672856301928835
C_PAWNSTRUCTURE:0.4545172540928177
C_PIECECOORDINATION:0.5005785717859673
C_ROOKANDPAWNMOVEMENT:0.5005785717859673
C_CENTERCONTROL:0.512725638287563
C_DEVELOPPIECES:0.5145634783401393
C_MATERIAL:0.4615034943442083
