ELO:989
CE_PASSEDPAWNS:0.5076831654736651
CE_PAWNWEAKNESSES:0.42038806259170375
CE_PIECEACTIVITY:0.45430201252533264
CE_KINGPAWNSHIELD:0.4263280689750433
CE_PIECECOORDINATION:0.4584323468278762
CE_MATERIAL:0.5279668066092502
CE_KINGSAFETY:0.5127179000913329
C_PIECESQUARETABLES:0.512278690396925
C_MOBILITY:0.4567377977107285
C_KINGSAFETY:0.5132980171414379
C_PAWNSTRUCTURE:0.5304688605149835
C_PIECECOORDINATION:0.5177095562367914
C_ROOKANDPAWNMOVEMENT:0.5177095562367914
C_CENTERCONTROL:0.5397239092532486
C_DEVELOPPIECES:0.5417221743494199
C_MATERIAL:0.398158836987559
