ELO:981
CE_PASSEDPAWNS:0.5124115337132794
CE_PAWNWEAKNESSES:0.4025326183434775
CE_PIECEACTIVITY:0.4509808156181989
CE_KINGPAWNSHIELD:0.4256487456034142
CE_PIECECOORDINATION:0.4576579287516876
CE_MATERIAL:0.5401772588536035
CE_KINGSAFETY:0.5141085680229083
C_PIECESQUARETABLES:0.4995422144832315
C_MOBILITY:0.4767930524324084
C_KINGSAFETY:0.504642907472768
C_PAWNSTRUCTURE:0.5249207321569416
C_PIECECOORDINATION:0.495013093991024
C_ROOKANDPAWNMOVEMENT:0.495013093991024
C_CENTERCONTROL:0.5525333080435934
C_DEVELOPPIECES:0.5117776200086429
C_MATERIAL:0.4055777064177227
