ELO:901
CE_PASSEDPAWNS:0.5437624509249114
CE_PAWNWEAKNESSES:0.4589948835834404
CE_PIECEACTIVITY:0.523115788425458
CE_KINGPAWNSHIELD:0.4954470295992959
CE_PIECECOORDINATION:0.47642526914530126
CE_MATERIAL:0.542573616170597
CE_KINGSAFETY:0.5051457041394967
C_PIECESQUARETABLES:0.5
C_MOBILITY:0.5027416742248033
C_KINGSAFETY:0.5078936283040206
C_PAWNSTRUCTURE:0.4843061080008752
C_PIECECOORDINATION:0.4947871254771793
C_ROOK:0.505664703991873
CE_ROOK:0.4956474307188166
C_CENTERCONTROL:0.5086872624318167
C_DEVELOPPIECES:0.5359087244669684
C_MATERIAL:0.5514528284243695
C_MOVECOUNT:0.5691512560929382
C_PAWNMOVEMENT:0.5140599278076883
