ELO:990
CE_PASSEDPAWNS:0.4070162024443445
CE_PAWNWEAKNESSES:0.43884220866326806
CE_PIECEACTIVITY:0.5171308198906557
CE_KINGPAWNSHIELD:0.49308177199325837
CE_PIECECOORDINATION:0.6092782055877115
CE_MATERIAL:0.41717145242441395
CE_KINGSAFETY:0.5
C_PIECESQUARETABLES:0.48797264824612185
C_MOBILITY:0.6283234545829143
C_KINGSAFETY:0.574264405057285
C_PAWNSTRUCTURE:0.6057635925230915
C_PIECECOORDINATION:0.6135308168497035
C_ROOKANDPAWNMOVEMENT:0.6135308168497035
C_CENTERCONTROL:0.3840766358345023
C_DEVELOPPIECES:0.5421507298511069
C_MATERIAL:0.587743362848563
