ELO:1000
CE_PASSEDPAWNS:0.4778182997001642
CE_PAWNWEAKNESSES:0.520117661454732
CE_PIECEACTIVITY:0.4853273686448762
CE_KINGPAWNSHIELD:0.4982673912117007
CE_PIECECOORDINATION:0.47762238834170717
CE_MATERIAL:0.49163156687327486
CE_KINGSAFETY:0.5095147533606058
C_PIECESQUARETABLES:0.5084646681577518
C_MOBILITY:0.49005957976222986
C_KINGSAFETY:0.5019438862308704
C_PAWNSTRUCTURE:0.4927010585763318
C_PIECECOORDINATION:0.5016300127762339
C_ROOKANDPAWNMOVEMENT:0.5016300127762339
C_CENTERCONTROL:0.4957869310171703
C_DEVELOPPIECES:0.4861370913137808
C_MATERIAL:0.4937533511534507
