ELO:982
CE_PASSEDPAWNS:0.5049033242507504
CE_PAWNWEAKNESSES:0.49736914557440054
CE_PIECEACTIVITY:0.5082209111856288
CE_KINGPAWNSHIELD:0.5068755488471101
CE_PIECECOORDINATION:0.5
CE_MATERIAL:0.5057701135840114
CE_KINGSAFETY:0.49254752965334336
C_PIECESQUARETABLES:0.48782095341737447
C_MOBILITY:0.5
C_KINGSAFETY:0.502887358141681
C_PAWNSTRUCTURE:0.5
C_PIECECOORDINATION:0.4717437241314243
C_ROOKANDPAWNMOVEMENT:0.4717437241314243
C_CENTERCONTROL:0.4953059537234912
C_DEVELOPPIECES:0.48704405448947025
C_MATERIAL:0.5
C_MOVECOUNT:0.4885023394354846
