ELO:984
CE_PASSEDPAWNS:0.4909078059942596
CE_PAWNWEAKNESSES:0.5108287702782915
CE_PIECEACTIVITY:0.49706884684058805
CE_KINGPAWNSHIELD:0.5042833960623844
CE_PIECECOORDINATION:0.5100702562309025
CE_MATERIAL:0.48164814229071906
CE_KINGSAFETY:0.5048989361449739
C_PIECESQUARETABLES:0.49049984085408177
C_MOBILITY:0.49647441573840295
C_KINGSAFETY:0.5062029641252851
C_PAWNSTRUCTURE:0.49583626112560397
C_PIECECOORDINATION:0.5
C_ROOKANDPAWNMOVEMENT:0.5
C_CENTERCONTROL:0.5068552060252302
C_DEVELOPPIECES:0.4887893757088063
C_MATERIAL:0.502986757485593
