ELO:686
CE_PASSEDPAWNS:0.5552378102515466
CE_PAWNWEAKNESSES:0.5567276936968574
CE_PIECEACTIVITY:0.588624963117804
CE_KINGPAWNSHIELD:0.4790496261045165
CE_PIECECOORDINATION:0.4858693557980182
CE_MATERIAL:0.5290155373428778
CE_KINGSAFETY:0.5
C_PIECESQUARETABLES:0.5
C_MOBILITY:0.5012254894881605
C_KINGSAFETY:0.5339992156168839
C_PAWNSTRUCTURE:0.5109089644277666
C_PIECECOORDINATION:0.46989507743450815
C_ROOKANDPAWNMOVEMENT:0.46989507743450815
C_CENTERCONTROL:0.49094211035484875
C_DEVELOPPIECES:0.49608557652703594
C_MATERIAL:0.4744811507375699
C_MOVECOUNT:0.5
