ELO:953
CE_PASSEDPAWNS:0.519645578037041
CE_PAWNWEAKNESSES:0.4608997526386565
CE_PIECEACTIVITY:0.5204693238407436
CE_KINGPAWNSHIELD:0.4927147061127195
CE_PIECECOORDINATION:0.49030810174335093
CE_MATERIAL:0.5083025748105015
CE_KINGSAFETY:0.5
C_PIECESQUARETABLES:0.49665402616002474
C_MOBILITY:0.5027941839908888
C_KINGSAFETY:0.5015406701184857
C_PAWNSTRUCTURE:0.5118399122357588
C_PIECECOORDINATION:0.4950659171211258
C_ROOK:0.5052419180149293
CE_ROOK:0.52997855859965
C_CENTERCONTROL:0.49906087552742817
C_DEVELOPPIECES:0.5368058528193017
C_MATERIAL:0.5347077467889696
C_MOVECOUNT:0.5390972869385807
C_PAWNMOVEMENT:0.5055245040876651
