ELO:895
CE_PASSEDPAWNS:0.5348996648581128
CE_PAWNWEAKNESSES:0.46424894797218963
CE_PIECEACTIVITY:0.5204693238407436
CE_KINGPAWNSHIELD:0.49335379732329915
CE_PIECECOORDINATION:0.4945786116465028
CE_MATERIAL:0.5229512222013377
CE_KINGSAFETY:0.49165374410708584
C_PIECESQUARETABLES:0.49231967356828554
C_MOBILITY:0.5063289769990375
C_KINGSAFETY:0.5078936283040206
C_PAWNSTRUCTURE:0.5061178220324665
C_PIECECOORDINATION:0.49591237465863225
C_ROOK:0.5131245613014844
CE_ROOK:0.5205831536992196
C_CENTERCONTROL:0.49906087552742817
C_DEVELOPPIECES:0.5382500867242626
C_MATERIAL:0.5450715449811505
C_MOVECOUNT:0.5601750718315155
C_PAWNMOVEMENT:0.49903655151261084
