ELO:826
CE_PASSEDPAWNS:0.5835013903881162
CE_PAWNWEAKNESSES:0.5556837689812466
CE_PIECEACTIVITY:0.472157890637378
CE_KINGPAWNSHIELD:0.460916391662384
CE_PIECECOORDINATION:0.37008061134850284
CE_MATERIAL:0.33432449072882037
CE_KINGSAFETY:0.4919024474258518
C_PIECESQUARETABLES:0.4811438815194507
C_MOBILITY:0.5296926196094066
C_KINGSAFETY:0.5378114456116211
C_PAWNSTRUCTURE:0.5116234210668391
C_PIECECOORDINATION:0.5603347692218094
C_ROOKANDPAWNMOVEMENT:0.5603347692218094
C_CENTERCONTROL:0.5435953531800631
C_DEVELOPPIECES:0.5220253920350975
C_MATERIAL:0.5094684924998246
