ELO:1001
CE_PASSEDPAWNS:0.40772031443821133
CE_PAWNWEAKNESSES:0.4449176979510626
CE_PIECEACTIVITY:0.5594978002495871
CE_KINGPAWNSHIELD:0.49308177199325837
CE_PIECECOORDINATION:0.46544225017118723
CE_MATERIAL:0.5494374673169167
CE_KINGSAFETY:0.49386204287370905
C_PIECESQUARETABLES:0.5085368512678677
C_MOBILITY:0.5001465408952577
C_KINGSAFETY:0.5742475742575268
C_PAWNSTRUCTURE:0.5036299686703688
C_PIECECOORDINATION:0.5392806373079977
C_ROOKANDPAWNMOVEMENT:0.5392806373079977
C_CENTERCONTROL:0.40317108322685413
C_DEVELOPPIECES:0.5478324778066758
C_MATERIAL:0.5859692747107864
