ELO:1035
CE_PASSEDPAWNS:0.45008266980891753
CE_PAWNWEAKNESSES:0.5049538678398092
CE_PIECEACTIVITY:0.40531437537792864
CE_KINGPAWNSHIELD:0.5296581229568379
CE_PIECECOORDINATION:0.5006029319595113
CE_MATERIAL:0.4504426496425704
CE_KINGSAFETY:0.5
C_PIECESQUARETABLES:0.5212298971663466
C_MOBILITY:0.5452259809661169
C_KINGSAFETY:0.5780699152014404
C_PAWNSTRUCTURE:0.4380781442162761
C_PIECECOORDINATION:0.5236299452333085
C_ROOKANDPAWNMOVEMENT:0.5236299452333085
C_CENTERCONTROL:0.5278307586518151
C_DEVELOPPIECES:0.5777227163754834
C_MATERIAL:0.42037145141469806
