ELO:1011
CE_PASSEDPAWNS:0.5090558142271296
CE_PAWNWEAKNESSES:0.4971733519505061
CE_PIECEACTIVITY:0.5108780770683703
CE_KINGPAWNSHIELD:0.49420073899978817
CE_PIECECOORDINATION:0.5077172545982651
CE_MATERIAL:0.5092035967292284
CE_KINGSAFETY:0.5
C_PIECESQUARETABLES:0.5
C_MOBILITY:0.5
C_KINGSAFETY:0.5
C_PAWNSTRUCTURE:0.5
C_PIECECOORDINATION:0.5
C_ROOKANDPAWNMOVEMENT:0.5
C_CENTERCONTROL:0.5
C_DEVELOPPIECES:0.49219289247013864
C_MATERIAL:0.5100766989601756
C_MOVECOUNT:0.5027284986752557
