ELO:982
CE_PASSEDPAWNS:0.47376532701170065
CE_PAWNWEAKNESSES:0.5282616707380666
CE_PIECEACTIVITY:0.5
CE_KINGPAWNSHIELD:0.5164740268084762
CE_PIECECOORDINATION:0.548842895272234
CE_MATERIAL:0.4534229663923394
CE_KINGSAFETY:0.5
C_PIECESQUARETABLES:0.4862028810382105
C_MOBILITY:0.48966103305426634
C_KINGSAFETY:0.4378530140917839
C_PAWNSTRUCTURE:0.4730668739372655
C_PIECECOORDINATION:0.5059089768021294
C_ROOKANDPAWNMOVEMENT:0.5059089768021294
C_CENTERCONTROL:0.49478172545190874
C_DEVELOPPIECES:0.44222288798357295
C_MATERIAL:0.5209483411634692
C_MOVECOUNT:0.4682205667221182
