ELO:863
CE_PASSEDPAWNS:0.5404996963613935
CE_PAWNWEAKNESSES:0.45146740015627157
CE_PIECEACTIVITY:0.558638603663371
CE_KINGPAWNSHIELD:0.4732282300499085
CE_PIECECOORDINATION:0.47132681361301415
CE_MATERIAL:0.5439104697765222
CE_KINGSAFETY:0.4950382901583482
C_PIECESQUARETABLES:0.4962803268773959
C_MOBILITY:0.4870065037961897
C_KINGSAFETY:0.5116135126824374
C_PAWNSTRUCTURE:0.49431911306034093
C_PIECECOORDINATION:0.5104833772262826
C_ROOK:0.5066844557338512
CE_ROOK:0.5036779148440047
C_CENTERCONTROL:0.5068826223344159
C_DEVELOPPIECES:0.5459260717770444
C_MATERIAL:0.5520635317987285
C_MOVECOUNT:0.5842196886168923
C_PAWNMOVEMENT:0.5223814913400862
