ELO:990
CE_PASSEDPAWNS:0.39792981371987557
CE_PAWNWEAKNESSES:0.44413812852465423
CE_PIECEACTIVITY:0.5139781179319792
CE_KINGPAWNSHIELD:0.4969112771905379
CE_PIECECOORDINATION:0.6078991648471125
CE_MATERIAL:0.41717145242441395
CE_KINGSAFETY:0.4879074360504327
C_PIECESQUARETABLES:0.49126086879634406
C_MOBILITY:0.6142242823519903
C_KINGSAFETY:0.5789060231315419
C_PAWNSTRUCTURE:0.62436365227218
C_PIECECOORDINATION:0.6135308168497035
C_ROOKANDPAWNMOVEMENT:0.6135308168497035
C_CENTERCONTROL:0.3791738811592719
C_DEVELOPPIECES:0.5421507298511069
C_MATERIAL:0.587684451597877
