ELO:950
CE_PASSEDPAWNS:0.4777785540013551
CE_PAWNWEAKNESSES:0.4927947793152122
CE_PIECEACTIVITY:0.5211950427389482
CE_KINGPAWNSHIELD:0.49393098557553433
CE_PIECECOORDINATION:0.501468003644728
CE_MATERIAL:0.4836758185536645
CE_KINGSAFETY:0.4962529848389551
C_PIECESQUARETABLES:0.5035901457205343
C_MOBILITY:0.50491602784393
C_KINGSAFETY:0.4951855371066793
C_PAWNSTRUCTURE:0.5016719692975871
C_PIECECOORDINATION:0.4822256348654008
C_ROOKANDPAWNMOVEMENT:0.4822256348654008
C_CENTERCONTROL:0.4942620315757665
C_DEVELOPPIECES:0.5061776238284341
C_MATERIAL:0.5146655088625319
