ELO:946
CE_PASSEDPAWNS:0.4651180035598216
CE_PAWNWEAKNESSES:0.5010148713390322
CE_PIECEACTIVITY:0.5072863816882645
CE_KINGPAWNSHIELD:0.5030081009254167
CE_PIECECOORDINATION:0.5022281172116523
CE_MATERIAL:0.48970171809113217
CE_KINGSAFETY:0.5105815756932657
C_PIECESQUARETABLES:0.4834825912273874
C_MOBILITY:0.5113521516615774
C_KINGSAFETY:0.4882512880657481
C_PAWNSTRUCTURE:0.4845143980620288
C_PIECECOORDINATION:0.522494976569551
C_ROOKANDPAWNMOVEMENT:0.522494976569551
C_CENTERCONTROL:0.508294987407205
C_DEVELOPPIECES:0.5067378803859502
C_MATERIAL:0.5135897761115934
C_MOVECOUNT:0.5
