ELO:1000
CE_PASSEDPAWNS:0.48902918788073885
CE_PAWNWEAKNESSES:0.5377268053334608
CE_PIECEACTIVITY:0.5034614970748746
CE_KINGPAWNSHIELD:0.5338548660729914
CE_PIECECOORDINATION:0.46894456448961
CE_MATERIAL:0.4852623484957103
CE_KINGSAFETY:0.5040928118572067
C_PIECESQUARETABLES:0.48408218533703146
C_MOBILITY:0.5196462330630689
C_KINGSAFETY:0.48132203095285486
C_PAWNSTRUCTURE:0.4802187712380698
C_PIECECOORDINATION:0.4936889171939097
C_ROOKANDPAWNMOVEMENT:0.4936889171939097
C_CENTERCONTROL:0.5350595205951566
C_DEVELOPPIECES:0.5483492490074527
C_MATERIAL:0.5119124342409899
