ELO:899
CE_PASSEDPAWNS:0.5327365607648674
CE_PAWNWEAKNESSES:0.4747589477593615
CE_PIECEACTIVITY:0.5709339121904096
CE_KINGPAWNSHIELD:0.4849748329724124
CE_PIECECOORDINATION:0.45114503908801945
CE_MATERIAL:0.555485482494993
CE_KINGSAFETY:0.4890839815416498
C_PIECESQUARETABLES:0.5050847905338546
C_MOBILITY:0.4870065037961897
C_KINGSAFETY:0.507124118488665
C_PAWNSTRUCTURE:0.49431911306034093
C_PIECECOORDINATION:0.512850821153193
C_ROOK:0.5042356476116499
CE_ROOK:0.5036779148440047
C_CENTERCONTROL:0.49823618087088933
C_DEVELOPPIECES:0.5347715424584235
C_MATERIAL:0.5563352238280359
C_MOVECOUNT:0.584458899639653
C_PAWNMOVEMENT:0.531324739755367
