ELO:1017
CE_PASSEDPAWNS:0.5
CE_PAWNWEAKNESSES:0.5090332483776866
CE_PIECEACTIVITY:0.49894036434105443
CE_KINGPAWNSHIELD:0.5050235573242648
CE_PIECECOORDINATION:0.5009445501813712
CE_MATERIAL:0.4848576888408148
CE_KINGSAFETY:0.5
C_PIECESQUARETABLES:0.5
C_MOBILITY:0.4964521848701982
C_KINGSAFETY:0.5
C_PAWNSTRUCTURE:0.5014834085579192
C_PIECECOORDINATION:0.4922331304350956
C_ROOKANDPAWNMOVEMENT:0.4922331304350956
C_CENTERCONTROL:0.5087049974137641
C_DEVELOPPIECES:0.5163334621140755
C_MATERIAL:0.5065608538991785
C_MOVECOUNT:0.4950181380301468
