ELO:840
CE_PASSEDPAWNS:0.5868831097128643
CE_PAWNWEAKNESSES:0.5321517933058143
CE_PIECEACTIVITY:0.47113921902641814
CE_KINGPAWNSHIELD:0.47036245246977443
CE_PIECECOORDINATION:0.3708773837892083
CE_MATERIAL:0.35537620088724864
CE_KINGSAFETY:0.5495617817142607
C_PIECESQUARETABLES:0.49715493118652937
C_MOBILITY:0.49876232501610734
C_KINGSAFETY:0.5263215659490332
C_PAWNSTRUCTURE:0.5341933397197892
C_PIECECOORDINATION:0.5473103396265047
C_ROOKANDPAWNMOVEMENT:0.5473103396265047
C_CENTERCONTROL:0.5848264479921087
C_DEVELOPPIECES:0.5846141892793216
C_MATERIAL:0.5641059226758024
