ELO:818
CE_PASSEDPAWNS:0.5566885477903553
CE_PAWNWEAKNESSES:0.5232241165923456
CE_PIECEACTIVITY:0.5246882947943108
CE_KINGPAWNSHIELD:0.4691759531273728
CE_PIECECOORDINATION:0.5316928128950481
CE_MATERIAL:0.5026754377382203
CE_KINGSAFETY:0.47585250139512164
C_PIECESQUARETABLES:0.5242410515303518
C_MOBILITY:0.4901421824729275
C_KINGSAFETY:0.4983412170899773
C_PAWNSTRUCTURE:0.5095572174006057
C_PIECECOORDINATION:0.4961302749705434
C_ROOKANDPAWNMOVEMENT:0.4961302749705434
C_CENTERCONTROL:0.49451180556614244
C_DEVELOPPIECES:0.5223492927494365
C_MATERIAL:0.4883425549859487
C_MOVECOUNT:0.5
