ELO:980
CE_PASSEDPAWNS:0.5
CE_PAWNWEAKNESSES:0.4898477467617227
CE_PIECEACTIVITY:0.4921109921633405
CE_KINGPAWNSHIELD:0.5171180012063518
CE_PIECECOORDINATION:0.4995495784125249
CE_MATERIAL:0.493139199944367
CE_KINGSAFETY:0.5
C_PIECESQUARETABLES:0.5
C_MOBILITY:0.471790234054755
C_KINGSAFETY:0.504824764599912
C_PAWNSTRUCTURE:0.49372037610399605
C_PIECECOORDINATION:0.4921101297003809
C_ROOKANDPAWNMOVEMENT:0.4921101297003809
C_CENTERCONTROL:0.5133398227701027
C_DEVELOPPIECES:0.46924591922914827
C_MATERIAL:0.5012329552298053
C_MOVECOUNT:0.47131525412378544
