ELO:1000
CE_PASSEDPAWNS:0.4936220902934008
CE_PAWNWEAKNESSES:0.4905699521836556
CE_PIECEACTIVITY:0.45040427817360473
CE_KINGPAWNSHIELD:0.5133397415219559
CE_PIECECOORDINATION:0.4711967845621521
CE_MATERIAL:0.5342245089863392
CE_KINGSAFETY:0.5435009278706461
C_PIECESQUARETABLES:0.5075747276108633
C_MOBILITY:0.46982189173328703
C_KINGSAFETY:0.5050168653148588
C_PAWNSTRUCTURE:0.4903325578217078
C_PIECECOORDINATION:0.4956925185533294
C_ROOKANDPAWNMOVEMENT:0.4956925185533294
C_CENTERCONTROL:0.5142027976222135
C_DEVELOPPIECES:0.5284163901209266
C_MATERIAL:0.4181459693059627
