ELO:1044
CE_PASSEDPAWNS:0.4562353895104593
CE_PAWNWEAKNESSES:0.52180516396023
CE_PIECEACTIVITY:0.43929443826482817
CE_KINGPAWNSHIELD:0.43258659806888883
CE_PIECECOORDINATION:0.4451948080697248
CE_MATERIAL:0.5399394716613274
CE_KINGSAFETY:0.526796911326166
C_PIECESQUARETABLES:0.5242506445655543
C_MOBILITY:0.4501148024575514
C_KINGSAFETY:0.5545891168207643
C_PAWNSTRUCTURE:0.42328952732799063
C_PIECECOORDINATION:0.439924668603395
C_ROOKANDPAWNMOVEMENT:0.439924668603395
C_CENTERCONTROL:0.5112637921646583
C_DEVELOPPIECES:0.5625666899933687
C_MATERIAL:0.3922314395020307
