ELO:1113
CE_PASSEDPAWNS:0.440373327097769
CE_PAWNWEAKNESSES:0.5015024423732799
CE_PIECEACTIVITY:0.462777600989352
CE_KINGPAWNSHIELD:0.4298990756189048
CE_PIECECOORDINATION:0.5400044314085105
CE_MATERIAL:0.39783305558335186
CE_KINGSAFETY:0.5
C_PIECESQUARETABLES:0.4892736846698864
C_MOBILITY:0.4298021704003465
C_KINGSAFETY:0.5111152248682912
C_PAWNSTRUCTURE:0.4481156450119136
C_PIECECOORDINATION:0.47555315146169064
C_ROOKANDPAWNMOVEMENT:0.47555315146169064
C_CENTERCONTROL:0.5306422638890086
C_DEVELOPPIECES:0.5617922970177732
C_MATERIAL:0.3915905868097599
