ELO:900
CE_PASSEDPAWNS:0.5504475816733478
CE_PAWNWEAKNESSES:0.5423953406610743
CE_PIECEACTIVITY:0.48426419884376437
CE_KINGPAWNSHIELD:0.4733408058496182
CE_PIECECOORDINATION:0.3814238039113796
CE_MATERIAL:0.3428433576062339
CE_KINGSAFETY:0.5319613709487188
C_PIECESQUARETABLES:0.48819827178439507
C_MOBILITY:0.5088631076394895
C_KINGSAFETY:0.541004522990743
C_PAWNSTRUCTURE:0.5223462180583278
C_PIECECOORDINATION:0.5760541458167309
C_ROOKANDPAWNMOVEMENT:0.5760541458167309
C_CENTERCONTROL:0.5519110629150328
C_DEVELOPPIECES:0.5908603771375227
C_MATERIAL:0.5520403085317567
