ELO:976
CE_PASSEDPAWNS:0.6466104545588024
CE_PAWNWEAKNESSES:0.5262842241942228
CE_PIECEACTIVITY:0.461439140263592
CE_KINGPAWNSHIELD:0.48921672512868836
CE_PIECECOORDINATION:0.5201119181615458
CE_MATERIAL:0.48746923282356014
CE_KINGSAFETY:0.5405058713024525
C_PIECESQUARETABLES:0.48222962595147617
C_MOBILITY:0.5735837723676522
C_KINGSAFETY:0.46783149192436096
C_PAWNSTRUCTURE:0.48085415710245244
C_PIECECOORDINATION:0.5290865244228103
C_ROOKANDPAWNMOVEMENT:0.5290865244228103
C_CENTERCONTROL:0.5292103843990977
C_DEVELOPPIECES:0.5000813217441935
C_MATERIAL:0.4796253413588181
