ELO:992
CE_PASSEDPAWNS:0.5
CE_PAWNWEAKNESSES:0.49506109642743745
CE_PIECEACTIVITY:0.5046363706006546
CE_KINGPAWNSHIELD:0.49159796887601653
CE_PIECECOORDINATION:0.48542939226962734
CE_MATERIAL:0.48698860425717244
CE_KINGSAFETY:0.5027279915555166
C_PIECESQUARETABLES:0.5
C_MOBILITY:0.5250422532761299
C_KINGSAFETY:0.49611759396675703
C_PAWNSTRUCTURE:0.5118147379932126
C_PIECECOORDINATION:0.503546144298264
C_ROOKANDPAWNMOVEMENT:0.503546144298264
C_CENTERCONTROL:0.4839501629921139
C_DEVELOPPIECES:0.5
C_MATERIAL:0.5
C_MOVECOUNT:0.545576386614609
