ELO:949
CE_PASSEDPAWNS:0.47277135940655024
CE_PAWNWEAKNESSES:0.46145153968702024
CE_PIECEACTIVITY:0.5384919424415455
CE_KINGPAWNSHIELD:0.5840397404635111
CE_PIECECOORDINATION:0.5640570968075613
CE_MATERIAL:0.5054561956061454
CE_KINGSAFETY:0.4922523464582504
C_PIECESQUARETABLES:0.48621929715999185
C_MOBILITY:0.5168817270416299
C_KINGSAFETY:0.4709661911772991
C_PAWNSTRUCTURE:0.44673397309311347
C_PIECECOORDINATION:0.4205429762302807
C_ROOKANDPAWNMOVEMENT:0.4205429762302807
C_CENTERCONTROL:0.5763353375416833
C_DEVELOPPIECES:0.4880949245116066
C_MATERIAL:0.40685471464425976
C_MOVECOUNT:0.4677505018001057
