ELO:891
CE_PASSEDPAWNS:0.5531575017899241
CE_PAWNWEAKNESSES:0.4602093804946658
CE_PIECEACTIVITY:0.544602781239974
CE_KINGPAWNSHIELD:0.48790002471324234
CE_PIECECOORDINATION:0.47665219992061614
CE_MATERIAL:0.5449322163433207
CE_KINGSAFETY:0.5022339575055936
C_PIECESQUARETABLES:0.5007714977563591
C_MOBILITY:0.5037836973990543
C_KINGSAFETY:0.5198826682538394
C_PAWNSTRUCTURE:0.4965032088379128
C_PIECECOORDINATION:0.49494039431388215
C_ROOK:0.505664703991873
CE_ROOK:0.49754466988635404
C_CENTERCONTROL:0.5202704629858228
C_DEVELOPPIECES:0.5427973192034925
C_MATERIAL:0.5459943295695135
C_MOVECOUNT:0.5807446416219821
C_PAWNMOVEMENT:0.5070168897410228
