ELO:987
CE_PASSEDPAWNS:0.5100390995749795
CE_PAWNWEAKNESSES:0.49839488583159575
CE_PIECEACTIVITY:0.4833191344103206
CE_KINGPAWNSHIELD:0.4901555615605664
CE_PIECECOORDINATION:0.496528446646224
CE_MATERIAL:0.48931666639378535
CE_KINGSAFETY:0.5025193062310825
C_PIECESQUARETABLES:0.5
C_MOBILITY:0.5062550050173493
C_KINGSAFETY:0.4964202724423711
C_PAWNSTRUCTURE:0.5084947729167419
C_PIECECOORDINATION:0.5037653364665035
C_ROOK:0.4974501532672412
CE_ROOK:0.49949529391371195
C_CENTERCONTROL:0.5096314060486752
C_DEVELOPPIECES:0.5332709253969184
C_MATERIAL:0.48667147767749086
C_MOVECOUNT:0.5021345018729763
C_PAWNMOVEMENT:0.4969120731197872
