ELO:891
CE_PASSEDPAWNS:0.544225911612332
CE_PAWNWEAKNESSES:0.44821214772878154
CE_PIECEACTIVITY:0.523115788425458
CE_KINGPAWNSHIELD:0.49033965650654654
CE_PIECECOORDINATION:0.47642526914530126
CE_MATERIAL:0.542573616170597
CE_KINGSAFETY:0.5022339575055936
C_PIECESQUARETABLES:0.5
C_MOBILITY:0.4973708871364044
C_KINGSAFETY:0.5198826682538394
C_PAWNSTRUCTURE:0.4843061080008752
C_PIECECOORDINATION:0.49494039431388215
C_ROOK:0.505664703991873
CE_ROOK:0.49754466988635404
C_CENTERCONTROL:0.52052924581047
C_DEVELOPPIECES:0.5359087244669684
C_MATERIAL:0.5601842160906565
C_MOVECOUNT:0.5807446416219821
C_PAWNMOVEMENT:0.5070168897410228
