ELO:1016
CE_PASSEDPAWNS:0.484665273932813
CE_PAWNWEAKNESSES:0.40316015044588066
CE_PIECEACTIVITY:0.40531437537792864
CE_KINGPAWNSHIELD:0.44550877292445756
CE_PIECECOORDINATION:0.45149918885234763
CE_MATERIAL:0.5234841020629898
CE_KINGSAFETY:0.5253384196812718
C_PIECESQUARETABLES:0.5257615204446577
C_MOBILITY:0.4255580807754333
C_KINGSAFETY:0.4749650569943292
C_PAWNSTRUCTURE:0.5321055862458949
C_PIECECOORDINATION:0.5306569908209213
C_ROOKANDPAWNMOVEMENT:0.5306569908209213
C_CENTERCONTROL:0.48106175497965187
C_DEVELOPPIECES:0.5757913049809192
C_MATERIAL:0.4061041291561883
