ELO:1000
CE_PASSEDPAWNS:0.49500757781217763
CE_PAWNWEAKNESSES:0.5021427971852516
CE_PIECEACTIVITY:0.49858927941422987
CE_KINGPAWNSHIELD:0.5170012551517552
CE_PIECECOORDINATION:0.48061045228286076
CE_MATERIAL:0.4925946571660999
CE_KINGSAFETY:0.47950622421520867
C_PIECESQUARETABLES:0.5130544231034303
C_MOBILITY:0.5159250950396501
C_KINGSAFETY:0.48883035703237876
C_PAWNSTRUCTURE:0.5164084819253388
C_PIECECOORDINATION:0.4924265888706506
C_ROOKANDPAWNMOVEMENT:0.4924265888706506
C_CENTERCONTROL:0.4672509212889217
C_DEVELOPPIECES:0.5366652217762559
C_MATERIAL:0.510610263774499
