ELO:952
CE_PASSEDPAWNS:0.6055918499806928
CE_PAWNWEAKNESSES:0.5317490310344737
CE_PIECEACTIVITY:0.49258083056837004
CE_KINGPAWNSHIELD:0.48882925052991666
CE_PIECECOORDINATION:0.5165652055338724
CE_MATERIAL:0.5211882478605108
CE_KINGSAFETY:0.5
C_PIECESQUARETABLES:0.5
C_MOBILITY:0.5741663058400233
C_KINGSAFETY:0.48446717303455095
C_PAWNSTRUCTURE:0.43915036457666007
C_PIECECOORDINATION:0.5127660162053372
C_ROOKANDPAWNMOVEMENT:0.5127660162053372
C_CENTERCONTROL:0.5213689566820835
C_DEVELOPPIECES:0.5373183542087174
C_MATERIAL:0.443145701309876
