ELO:974
CE_PASSEDPAWNS:0.6486297363200213
CE_PAWNWEAKNESSES:0.5148394012306954
CE_PIECEACTIVITY:0.4722602468047542
CE_KINGPAWNSHIELD:0.4978446561629449
CE_PIECECOORDINATION:0.5404686338721132
CE_MATERIAL:0.5000083130716182
CE_KINGSAFETY:0.514020654232473
C_PIECESQUARETABLES:0.5000910836147073
C_MOBILITY:0.5710458523300895
C_KINGSAFETY:0.4746911791778104
C_PAWNSTRUCTURE:0.45037509898724254
C_PIECECOORDINATION:0.5106300871584409
C_ROOKANDPAWNMOVEMENT:0.5106300871584409
C_CENTERCONTROL:0.5147501918080853
C_DEVELOPPIECES:0.4947311172006311
C_MATERIAL:0.46371484825523157
