ELO:815
CE_PASSEDPAWNS:0.5802694880024829
CE_PAWNWEAKNESSES:0.5201362534321287
CE_PIECEACTIVITY:0.6071605670012006
CE_KINGPAWNSHIELD:0.5523218333456573
CE_PIECECOORDINATION:0.5176176864256277
CE_MATERIAL:0.5473085550041286
CE_KINGSAFETY:0.46669021257291354
C_PIECESQUARETABLES:0.47836257290731443
C_MOBILITY:0.5514148346723573
C_KINGSAFETY:0.541620102482585
C_PAWNSTRUCTURE:0.4821223045648586
C_PIECECOORDINATION:0.49811617097192595
C_ROOKANDPAWNMOVEMENT:0.49811617097192595
C_CENTERCONTROL:0.5344371271730817
C_DEVELOPPIECES:0.47693876563681764
C_MATERIAL:0.4499233658106654
C_MOVECOUNT:0.5
