ELO:978
CE_PASSEDPAWNS:0.6455409841345475
CE_PAWNWEAKNESSES:0.5299841142753295
CE_PIECEACTIVITY:0.46352986632816945
CE_KINGPAWNSHIELD:0.48921672512868836
CE_PIECECOORDINATION:0.5163554576336847
CE_MATERIAL:0.4931456835905774
CE_KINGSAFETY:0.5268683069309054
C_PIECESQUARETABLES:0.48222962595147617
C_MOBILITY:0.5686669246420927
C_KINGSAFETY:0.46826210586637174
C_PAWNSTRUCTURE:0.4714092588184743
C_PIECECOORDINATION:0.5292161936419887
C_ROOKANDPAWNMOVEMENT:0.5292161936419887
C_CENTERCONTROL:0.520744225524685
C_DEVELOPPIECES:0.48922094203285704
C_MATERIAL:0.4778755336671732
