ELO:982
CE_PASSEDPAWNS:0.4909078059942596
CE_PAWNWEAKNESSES:0.5227842863725775
CE_PIECEACTIVITY:0.4911094842376498
CE_KINGPAWNSHIELD:0.509100024292859
CE_PIECECOORDINATION:0.5208195730557126
CE_MATERIAL:0.4864956289263213
CE_KINGSAFETY:0.5011858810047677
C_PIECESQUARETABLES:0.49071465185171104
C_MOBILITY:0.507064967362029
C_KINGSAFETY:0.5044665277342556
C_PAWNSTRUCTURE:0.5050111793082235
C_PIECECOORDINATION:0.4879596954624776
C_ROOKANDPAWNMOVEMENT:0.4879596954624776
C_CENTERCONTROL:0.5129953597070742
C_DEVELOPPIECES:0.48597519997818744
C_MATERIAL:0.5051365219744596
