ELO:999
CE_PASSEDPAWNS:0.4940018157151712
CE_PAWNWEAKNESSES:0.5189232140068318
CE_PIECEACTIVITY:0.5007864129201585
CE_KINGPAWNSHIELD:0.5171180012063518
CE_PIECECOORDINATION:0.4995495784125249
CE_MATERIAL:0.5003534540784692
CE_KINGSAFETY:0.5
C_PIECESQUARETABLES:0.5
C_MOBILITY:0.5124576693435843
C_KINGSAFETY:0.4973658703860181
C_PAWNSTRUCTURE:0.5032538718966691
C_PIECECOORDINATION:0.48041066229420215
C_ROOKANDPAWNMOVEMENT:0.48041066229420215
C_CENTERCONTROL:0.5133398227701027
C_DEVELOPPIECES:0.48104735049506964
C_MATERIAL:0.5
C_MOVECOUNT:0.5129399710708031
