ELO:1006
CE_PASSEDPAWNS:0.5
CE_PAWNWEAKNESSES:0.5057032245905353
CE_PIECEACTIVITY:0.49987377283097406
CE_KINGPAWNSHIELD:0.4981429742783049
CE_PIECECOORDINATION:0.5
CE_MATERIAL:0.4997557138213833
CE_KINGSAFETY:0.4983061111265826
C_PIECESQUARETABLES:0.5082998257891707
C_MOBILITY:0.49017283153429037
C_KINGSAFETY:0.5
C_PAWNSTRUCTURE:0.4962296886350502
C_PIECECOORDINATION:0.5
C_ROOK:0.5
CE_ROOK:0.5
C_CENTERCONTROL:0.4876641945642222
C_DEVELOPPIECES:0.48898601955148097
C_MATERIAL:0.5018767770552334
C_MOVECOUNT:0.5
C_PAWNMOVEMENT:0.5
