ELO:902
CE_PASSEDPAWNS:0.4965729169786753
CE_PAWNWEAKNESSES:0.5090367785207056
CE_PIECEACTIVITY:0.5203182950347847
CE_KINGPAWNSHIELD:0.5362985101030352
CE_PIECECOORDINATION:0.49541839768397006
CE_MATERIAL:0.5206133292991719
CE_KINGSAFETY:0.5169029542182979
C_PIECESQUARETABLES:0.5264628399660897
C_MOBILITY:0.4782983447752704
C_KINGSAFETY:0.5312285641629118
C_PAWNSTRUCTURE:0.5035583994848749
C_PIECECOORDINATION:0.5191139831694589
C_ROOKANDPAWNMOVEMENT:0.5191139831694589
C_CENTERCONTROL:0.5633314852240568
C_DEVELOPPIECES:0.5137962600456792
C_MATERIAL:0.5037910711213329
C_MOVECOUNT:0.5
