ELO:990
CE_PASSEDPAWNS:0.3979993405552574
CE_PAWNWEAKNESSES:0.43884220866326806
CE_PIECEACTIVITY:0.5261211379869901
CE_KINGPAWNSHIELD:0.4969112771905379
CE_PIECECOORDINATION:0.6170975409221419
CE_MATERIAL:0.41304097986232186
CE_KINGSAFETY:0.5102704237149288
C_PIECESQUARETABLES:0.4900650569570265
C_MOBILITY:0.6203519573799798
C_KINGSAFETY:0.5793552667636103
C_PAWNSTRUCTURE:0.6183734366661642
C_PIECECOORDINATION:0.6135308168497035
C_ROOKANDPAWNMOVEMENT:0.6135308168497035
C_CENTERCONTROL:0.3791738811592719
C_DEVELOPPIECES:0.5544400660727571
C_MATERIAL:0.5866536899795093
