ELO:813
CE_PASSEDPAWNS:0.4759281467810392
CE_PAWNWEAKNESSES:0.502029974461908
CE_PIECEACTIVITY:0.4716807862917378
CE_KINGPAWNSHIELD:0.4375151114380946
CE_PIECECOORDINATION:0.47047499928210174
CE_MATERIAL:0.44911492433185574
CE_KINGSAFETY:0.4892074861711945
C_PIECESQUARETABLES:0.4583192807703774
C_MOBILITY:0.4481461466530784
C_KINGSAFETY:0.4649472700178391
C_PAWNSTRUCTURE:0.5997599776226811
C_PIECECOORDINATION:0.5471928303056715
C_ROOKANDPAWNMOVEMENT:0.5471928303056715
C_CENTERCONTROL:0.5321424439196493
C_DEVELOPPIECES:0.5329459906029663
C_MATERIAL:0.49485385075152394
