ELO:981
CE_PASSEDPAWNS:0.4566713420150012
CE_PAWNWEAKNESSES:0.4811274508706832
CE_PIECEACTIVITY:0.5052372748869206
CE_KINGPAWNSHIELD:0.4607678424670131
CE_PIECECOORDINATION:0.5671426193251001
CE_MATERIAL:0.5183783986295245
CE_KINGSAFETY:0.5011361497330878
C_PIECESQUARETABLES:0.49448008955160777
C_MOBILITY:0.5202530656868042
C_KINGSAFETY:0.5004114599708805
C_PAWNSTRUCTURE:0.4750560762214941
C_PIECECOORDINATION:0.4918362619144117
C_ROOKANDPAWNMOVEMENT:0.4918362619144117
C_CENTERCONTROL:0.5184454813896221
C_DEVELOPPIECES:0.5038388788695051
C_MATERIAL:0.5292596138876985
