ELO:1010
CE_PASSEDPAWNS:0.49867962208122824
CE_PAWNWEAKNESSES:0.5123765531477057
CE_PIECEACTIVITY:0.4700165101883084
CE_KINGPAWNSHIELD:0.5
CE_PIECECOORDINATION:0.49259611950629456
CE_MATERIAL:0.5062918341550966
CE_KINGSAFETY:0.5
C_PIECESQUARETABLES:0.5
C_MOBILITY:0.501331382596911
C_KINGSAFETY:0.4894923151977082
C_PAWNSTRUCTURE:0.5
C_PIECECOORDINATION:0.5
C_ROOKANDPAWNMOVEMENT:0.5
C_CENTERCONTROL:0.4879251727231068
C_DEVELOPPIECES:0.5
C_MATERIAL:0.5063039389481695
C_MOVECOUNT:0.5
