ELO:1000
CE_PASSEDPAWNS:0.48833428603409
CE_PAWNWEAKNESSES:0.4906045617002773
CE_PIECEACTIVITY:0.4940373828088702
CE_KINGPAWNSHIELD:0.49390390793031425
CE_PIECECOORDINATION:0.49115752771475224
CE_MATERIAL:0.5
CE_KINGSAFETY:0.5
C_PIECESQUARETABLES:0.4981422805932415
C_MOBILITY:0.5
C_KINGSAFETY:0.5
C_PAWNSTRUCTURE:0.5115113468754676
C_PIECECOORDINATION:0.5
C_ROOKANDPAWNMOVEMENT:0.5
C_CENTERCONTROL:0.5
C_DEVELOPPIECES:0.5
C_MATERIAL:0.4829199470067057
