ELO:962
CE_PASSEDPAWNS:0.5043996219183177
CE_PAWNWEAKNESSES:0.5008056249517314
CE_PIECEACTIVITY:0.5012960304879487
CE_KINGPAWNSHIELD:0.4865338220841274
CE_PIECECOORDINATION:0.4980117641119469
CE_MATERIAL:0.49506238030868743
CE_KINGSAFETY:0.5
C_PIECESQUARETABLES:0.5136230203326497
C_MOBILITY:0.5
C_KINGSAFETY:0.4986315596562142
C_PAWNSTRUCTURE:0.4950763004435954
C_PIECECOORDINATION:0.489392733012466
C_ROOKANDPAWNMOVEMENT:0.489392733012466
C_CENTERCONTROL:0.5010988409677315
C_DEVELOPPIECES:0.4945033250651897
C_MATERIAL:0.5057493205079097
C_MOVECOUNT:0.5
