ELO:836
CE_PASSEDPAWNS:0.5586257205662655
CE_PAWNWEAKNESSES:0.500369966536814
CE_PIECEACTIVITY:0.48672378940251715
CE_KINGPAWNSHIELD:0.607921573530219
CE_PIECECOORDINATION:0.5123146171685828
CE_MATERIAL:0.535868819477674
CE_KINGSAFETY:0.4961307721510812
C_PIECESQUARETABLES:0.5186581725056794
C_MOBILITY:0.4729453185762476
C_KINGSAFETY:0.6065936978133376
C_PAWNSTRUCTURE:0.4558097743072284
C_PIECECOORDINATION:0.5182485443453844
C_ROOKANDPAWNMOVEMENT:0.5182485443453844
C_CENTERCONTROL:0.643604838329503
C_DEVELOPPIECES:0.4964135085913487
C_MATERIAL:0.5057762309370827
C_MOVECOUNT:0.5
