ELO:968
CE_PASSEDPAWNS:0.5093975885624212
CE_PAWNWEAKNESSES:0.5445737482473436
CE_PIECEACTIVITY:0.5073570392064468
CE_KINGPAWNSHIELD:0.5107329211147087
CE_PIECECOORDINATION:0.4974388240613745
CE_MATERIAL:0.5182042103753748
CE_KINGSAFETY:0.5
C_PIECESQUARETABLES:0.5018816527208867
C_MOBILITY:0.49213138158990694
C_KINGSAFETY:0.48495250296518255
C_PAWNSTRUCTURE:0.5514195350320729
C_PIECECOORDINATION:0.5223382895650328
C_ROOK:0.4851554987657433
CE_ROOK:0.5099582137068758
C_CENTERCONTROL:0.5195785938621085
C_DEVELOPPIECES:0.5213330857117187
C_MATERIAL:0.4844220811286634
C_MOVECOUNT:0.5110446420487272
C_PAWNMOVEMENT:0.498348357431739
