ELO:973
CE_PASSEDPAWNS:0.5
CE_PAWNWEAKNESSES:0.5217324672589553
CE_PIECEACTIVITY:0.48255431412156036
CE_KINGPAWNSHIELD:0.5121717619233692
CE_PIECECOORDINATION:0.5083857967025249
CE_MATERIAL:0.48646198851627986
CE_KINGSAFETY:0.5244867453612188
C_PIECESQUARETABLES:0.5093805900825004
C_MOBILITY:0.4910726230114028
C_KINGSAFETY:0.501577870272759
C_PAWNSTRUCTURE:0.4955342339954668
C_PIECECOORDINATION:0.5027096521308836
C_ROOKANDPAWNMOVEMENT:0.5027096521308836
C_CENTERCONTROL:0.49112435535980564
C_DEVELOPPIECES:0.4714908879475037
C_MATERIAL:0.4922876675110379
