ELO:1000
CE_PASSEDPAWNS:0.5169441639271324
CE_PAWNWEAKNESSES:0.4839114597013399
CE_PIECEACTIVITY:0.5138701818618971
CE_KINGPAWNSHIELD:0.49264405218495444
CE_PIECECOORDINATION:0.5376425420225036
CE_MATERIAL:0.5256552462346893
CE_KINGSAFETY:0.4882625073181304
C_PIECESQUARETABLES:0.5045534961631174
C_MOBILITY:0.47940507262059695
C_KINGSAFETY:0.4882261442427046
C_PAWNSTRUCTURE:0.5134371858250655
C_PIECECOORDINATION:0.5101760731391322
C_ROOKANDPAWNMOVEMENT:0.5101760731391322
C_CENTERCONTROL:0.49918536397614305
C_DEVELOPPIECES:0.4984416491001943
C_MATERIAL:0.5427753837417703
