ELO:1000
CE_PASSEDPAWNS:0.4571478163785597
CE_PAWNWEAKNESSES:0.47937486189178163
CE_PIECEACTIVITY:0.5255370742623277
CE_KINGPAWNSHIELD:0.49537372579027034
CE_PIECECOORDINATION:0.48350457881882986
CE_MATERIAL:0.5023787307622358
CE_KINGSAFETY:0.48289580914582
C_PIECESQUARETABLES:0.5474754824686362
C_MOBILITY:0.4751780610413219
C_KINGSAFETY:0.5545387523749454
C_PAWNSTRUCTURE:0.5352116206121941
C_PIECECOORDINATION:0.5259390090524751
C_ROOKANDPAWNMOVEMENT:0.5259390090524751
C_CENTERCONTROL:0.5245376883065243
C_DEVELOPPIECES:0.485571887509351
C_MATERIAL:0.46523792977118034
