ELO:958
CE_PASSEDPAWNS:0.5177004786447518
CE_PAWNWEAKNESSES:0.5101617350280433
CE_PIECEACTIVITY:0.5059172768527275
CE_KINGPAWNSHIELD:0.5070422062671894
CE_PIECECOORDINATION:0.5048900419973803
CE_MATERIAL:0.4998091580671111
CE_KINGSAFETY:0.5046085259462535
C_PIECESQUARETABLES:0.4983370576997826
C_MOBILITY:0.49111371086329203
C_KINGSAFETY:0.4902616349641385
C_PAWNSTRUCTURE:0.5339706447313587
C_PIECECOORDINATION:0.5270381520679979
C_ROOK:0.48671014077575947
CE_ROOK:0.5085030820093117
C_CENTERCONTROL:0.5009999674611693
C_DEVELOPPIECES:0.4935303280236494
C_MATERIAL:0.49234690667580727
C_MOVECOUNT:0.5164831986535972
C_PAWNMOVEMENT:0.4953788455240398
