ELO:988
CE_PASSEDPAWNS:0.5534719175328662
CE_PAWNWEAKNESSES:0.5469479011202122
CE_PIECEACTIVITY:0.5147239089990211
CE_KINGPAWNSHIELD:0.4400078925219287
CE_PIECECOORDINATION:0.6228455328695931
CE_MATERIAL:0.4892360709428921
CE_KINGSAFETY:0.45045589446415635
C_PIECESQUARETABLES:0.4966076820117676
C_MOBILITY:0.5399376452992884
C_KINGSAFETY:0.4719473863726111
C_PAWNSTRUCTURE:0.5301268022945497
C_PIECECOORDINATION:0.49388620405252265
C_ROOKANDPAWNMOVEMENT:0.49388620405252265
C_CENTERCONTROL:0.5015505394666601
C_DEVELOPPIECES:0.4800414262240202
C_MATERIAL:0.5548624267681947
