ELO:1000
CE_PASSEDPAWNS:0.4727762680251289
CE_PAWNWEAKNESSES:0.5052159083464429
CE_PIECEACTIVITY:0.5270199057742873
CE_KINGPAWNSHIELD:0.49784325600919443
CE_PIECECOORDINATION:0.5171958279390688
CE_MATERIAL:0.5284173532241146
CE_KINGSAFETY:0.48852039610272846
C_PIECESQUARETABLES:0.49079621655494726
C_MOBILITY:0.4613575285142073
C_KINGSAFETY:0.5028080425229776
C_PAWNSTRUCTURE:0.4908271131982521
C_PIECECOORDINATION:0.4708707192137711
C_ROOKANDPAWNMOVEMENT:0.4708707192137711
C_CENTERCONTROL:0.47780850497171967
C_DEVELOPPIECES:0.4854787261158412
C_MATERIAL:0.5161330498259725
