ELO:972
CE_PASSEDPAWNS:0.5113417384376067
CE_PAWNWEAKNESSES:0.5054600295286236
CE_PIECEACTIVITY:0.5048578815321755
CE_KINGPAWNSHIELD:0.5
CE_PIECECOORDINATION:0.4947902175690689
CE_MATERIAL:0.5072641955266524
CE_KINGSAFETY:0.5127592647790203
C_PIECESQUARETABLES:0.5
C_MOBILITY:0.47131397962121924
C_KINGSAFETY:0.4900476116968535
C_PAWNSTRUCTURE:0.5105639806219817
C_PIECECOORDINATION:0.48482281339116484
C_ROOKANDPAWNMOVEMENT:0.48482281339116484
C_CENTERCONTROL:0.4956882250400726
C_DEVELOPPIECES:0.49149840239338216
C_MATERIAL:0.4847084303197015
C_MOVECOUNT:0.49253525627639255
