ELO:934
CE_PASSEDPAWNS:0.5117147288581478
CE_PAWNWEAKNESSES:0.5082792955050502
CE_PIECEACTIVITY:0.5054936946622155
CE_KINGPAWNSHIELD:0.5083464468006611
CE_PIECECOORDINATION:0.49052423569201276
CE_MATERIAL:0.49602198730925734
CE_KINGSAFETY:0.503583480551986
C_PIECESQUARETABLES:0.5204841201808401
C_MOBILITY:0.46873959473140553
C_KINGSAFETY:0.4918773034502119
C_PAWNSTRUCTURE:0.4874215892740082
C_PIECECOORDINATION:0.5123997084513854
C_ROOKANDPAWNMOVEMENT:0.5123997084513854
C_CENTERCONTROL:0.5433621645451591
C_DEVELOPPIECES:0.5101429131041592
C_MATERIAL:0.49634874782802485
C_MOVECOUNT:0.5
