ELO:987
CE_PASSEDPAWNS:0.4953835772177276
CE_PAWNWEAKNESSES:0.5109666950128288
CE_PIECEACTIVITY:0.5109581803996064
CE_KINGPAWNSHIELD:0.5075040044384929
CE_PIECECOORDINATION:0.50523450241472
CE_MATERIAL:0.5
CE_KINGSAFETY:0.5
C_PIECESQUARETABLES:0.5
C_MOBILITY:0.5035080638868573
C_KINGSAFETY:0.4949313732696489
C_PAWNSTRUCTURE:0.5090730158635616
C_PIECECOORDINATION:0.5
C_ROOK:0.5021916675962453
CE_ROOK:0.5009831652622769
C_CENTERCONTROL:0.49482340719742046
C_DEVELOPPIECES:0.49262758716230604
C_MATERIAL:0.4888742719580624
C_MOVECOUNT:0.5
C_PAWNMOVEMENT:0.5005944401296533
