ELO:975
CE_PASSEDPAWNS:0.516262816322133
CE_PAWNWEAKNESSES:0.49056488171926477
CE_PIECEACTIVITY:0.5014723786462252
CE_KINGPAWNSHIELD:0.5223442473260933
CE_PIECECOORDINATION:0.4936411280865604
CE_MATERIAL:0.5
CE_KINGSAFETY:0.4974445917758512
C_PIECESQUARETABLES:0.5
C_MOBILITY:0.5
C_KINGSAFETY:0.5228557401814703
C_PAWNSTRUCTURE:0.4977463802373906
C_PIECECOORDINATION:0.5072538994606206
C_ROOKANDPAWNMOVEMENT:0.5072538994606206
C_CENTERCONTROL:0.49615700554020203
C_DEVELOPPIECES:0.5
C_MATERIAL:0.5063039389481695
C_MOVECOUNT:0.5188253940705617
