ELO:826
CE_PASSEDPAWNS:0.4485422384703657
CE_PAWNWEAKNESSES:0.5312439748664233
CE_PIECEACTIVITY:0.4809180907981886
CE_KINGPAWNSHIELD:0.43806475686852425
CE_PIECECOORDINATION:0.4606088876096753
CE_MATERIAL:0.4393919274442097
CE_KINGSAFETY:0.5075045785926291
C_PIECESQUARETABLES:0.5251668377720401
C_MOBILITY:0.412455536419796
C_KINGSAFETY:0.48396940806534633
C_PAWNSTRUCTURE:0.6253283851448278
C_PIECECOORDINATION:0.5400042718531975
C_ROOKANDPAWNMOVEMENT:0.5400042718531975
C_CENTERCONTROL:0.5392551660908335
C_DEVELOPPIECES:0.5365171111170114
C_MATERIAL:0.507319948582838
