ELO:1000
CE_PASSEDPAWNS:0.48250666275037263
CE_PAWNWEAKNESSES:0.48340331893876876
CE_PIECEACTIVITY:0.4750743045975491
CE_KINGPAWNSHIELD:0.5039608966595237
CE_PIECECOORDINATION:0.5178942679630167
CE_MATERIAL:0.5089401384919757
CE_KINGSAFETY:0.45278025881880635
C_PIECESQUARETABLES:0.5181811332709096
C_MOBILITY:0.4810338950948835
C_KINGSAFETY:0.49285738090879094
C_PAWNSTRUCTURE:0.5047263054377139
C_PIECECOORDINATION:0.5252245396207043
C_ROOKANDPAWNMOVEMENT:0.5252245396207043
C_CENTERCONTROL:0.5110593414779132
C_DEVELOPPIECES:0.480269224995185
C_MATERIAL:0.4504786588591429
