ELO:944
CE_PASSEDPAWNS:0.540546185790049
CE_PAWNWEAKNESSES:0.5604320141229371
CE_PIECEACTIVITY:0.5327614118365894
CE_KINGPAWNSHIELD:0.42101331685916044
CE_PIECECOORDINATION:0.6159125234019168
CE_MATERIAL:0.5582092497237158
CE_KINGSAFETY:0.4678602321805539
C_PIECESQUARETABLES:0.5735251679346369
C_MOBILITY:0.5500927573203155
C_KINGSAFETY:0.4978900644780365
C_PAWNSTRUCTURE:0.5428225164427284
C_PIECECOORDINATION:0.44357505404428205
C_ROOKANDPAWNMOVEMENT:0.44357505404428205
C_CENTERCONTROL:0.5572658297558366
C_DEVELOPPIECES:0.4831562968716494
C_MATERIAL:0.4885656723081993
