ELO:849
CE_PASSEDPAWNS:0.4650029475442399
CE_PAWNWEAKNESSES:0.5164956993762523
CE_PIECEACTIVITY:0.4569914445225441
CE_KINGPAWNSHIELD:0.4476864803500703
CE_PIECECOORDINATION:0.4649676215889452
CE_MATERIAL:0.44911492433185574
CE_KINGSAFETY:0.5
C_PIECESQUARETABLES:0.5
C_MOBILITY:0.4301712017920906
C_KINGSAFETY:0.46204657766718743
C_PAWNSTRUCTURE:0.6058718976715717
C_PIECECOORDINATION:0.5378712918358765
C_ROOKANDPAWNMOVEMENT:0.5378712918358765
C_CENTERCONTROL:0.5321424439196493
C_DEVELOPPIECES:0.5428728710547409
C_MATERIAL:0.4961143044297059
