ELO:897
CE_PASSEDPAWNS:0.4796352239176661
CE_PAWNWEAKNESSES:0.4344747778277151
CE_PIECEACTIVITY:0.4991055948979366
CE_KINGPAWNSHIELD:0.4512032963645897
CE_PIECECOORDINATION:0.5860185284548388
CE_MATERIAL:0.6185640814975687
CE_KINGSAFETY:0.47856471177497395
C_PIECESQUARETABLES:0.5227191880952435
C_MOBILITY:0.5073576453785946
C_KINGSAFETY:0.5072415810391638
C_PAWNSTRUCTURE:0.47460147589033846
C_PIECECOORDINATION:0.5021887220424146
C_ROOKANDPAWNMOVEMENT:0.5021887220424146
C_CENTERCONTROL:0.4792136743054209
C_DEVELOPPIECES:0.5349305631123316
C_MATERIAL:0.5630786349803852
