ELO:964
CE_PASSEDPAWNS:0.5138731349787817
CE_PAWNWEAKNESSES:0.46598813434274394
CE_PIECEACTIVITY:0.50497685986324
CE_KINGPAWNSHIELD:0.5548682946419531
CE_PIECECOORDINATION:0.501195665394785
CE_MATERIAL:0.5276234619201168
CE_KINGSAFETY:0.49054898462106844
C_PIECESQUARETABLES:0.5
C_MOBILITY:0.5017787346568249
C_KINGSAFETY:0.5224543766800531
C_PAWNSTRUCTURE:0.49872624054051096
C_PIECECOORDINATION:0.5205508551636676
C_ROOK:0.5364493056004946
CE_ROOK:0.492665521601309
C_CENTERCONTROL:0.512843276845775
C_DEVELOPPIECES:0.5145851260360836
C_MATERIAL:0.5157054266024839
C_MOVECOUNT:0.43911214131241
C_PAWNMOVEMENT:0.4777101464986177
