ELO:989
CE_PASSEDPAWNS:0.49189253080402395
CE_PAWNWEAKNESSES:0.5
CE_PIECEACTIVITY:0.5017353948853804
CE_KINGPAWNSHIELD:0.5099715839881269
CE_PIECECOORDINATION:0.5100830009010401
CE_MATERIAL:0.49542004263588296
CE_KINGSAFETY:0.5
C_PIECESQUARETABLES:0.5
C_MOBILITY:0.513363103999191
C_KINGSAFETY:0.4842437713907492
C_PAWNSTRUCTURE:0.5013724821474544
C_PIECECOORDINATION:0.48798306237130107
C_ROOKANDPAWNMOVEMENT:0.48798306237130107
C_CENTERCONTROL:0.5111318913753266
C_DEVELOPPIECES:0.5052244627952568
C_MATERIAL:0.5041826710822785
C_MOVECOUNT:0.5039156597486877
