ELO:856
CE_PASSEDPAWNS:0.5245480919617908
CE_PAWNWEAKNESSES:0.514602929280583
CE_PIECEACTIVITY:0.49746677518447546
CE_KINGPAWNSHIELD:0.5404701659446637
CE_PIECECOORDINATION:0.5151543852062058
CE_MATERIAL:0.5006739543671531
CE_KINGSAFETY:0.49502369394174506
C_PIECESQUARETABLES:0.4789843207586297
C_MOBILITY:0.4601117460867237
C_KINGSAFETY:0.5822727039924787
C_PAWNSTRUCTURE:0.4662617263688404
C_PIECECOORDINATION:0.48099857031168874
C_ROOK:0.5248277188063007
CE_ROOK:0.5386305181316446
C_CENTERCONTROL:0.445348109681763
C_DEVELOPPIECES:0.49537135723908304
C_MATERIAL:0.5415377387934684
C_MOVECOUNT:0.4888277204044087
C_PAWNMOVEMENT:0.4523597326301964
