ELO:976
CE_PASSEDPAWNS:0.47387717637725635
CE_PAWNWEAKNESSES:0.46145153968702024
CE_PIECEACTIVITY:0.5248638011898421
CE_KINGPAWNSHIELD:0.46685235688581983
CE_PIECECOORDINATION:0.533432686834583
CE_MATERIAL:0.4961862011834916
CE_KINGSAFETY:0.5069366817496915
C_PIECESQUARETABLES:0.5104115644752244
C_MOBILITY:0.5331341303381993
C_KINGSAFETY:0.47778236734562024
C_PAWNSTRUCTURE:0.4815857046192189
C_PIECECOORDINATION:0.4886638294845386
C_ROOKANDPAWNMOVEMENT:0.4886638294845386
C_CENTERCONTROL:0.47296664968281305
C_DEVELOPPIECES:0.45758917276601924
C_MATERIAL:0.4382853639341714
C_MOVECOUNT:0.5288743401256972
