ELO:1038
CE_PASSEDPAWNS:0.5
CE_PAWNWEAKNESSES:0.494206190027168
CE_PIECEACTIVITY:0.5020124342360464
CE_KINGPAWNSHIELD:0.5
CE_PIECECOORDINATION:0.5
CE_MATERIAL:0.5052981394666579
CE_KINGSAFETY:0.48855257328575763
C_PIECESQUARETABLES:0.5017493944283105
C_MOBILITY:0.5042219500019953
C_KINGSAFETY:0.4883157854316782
C_PAWNSTRUCTURE:0.5
C_PIECECOORDINATION:0.5
C_ROOKANDPAWNMOVEMENT:0.5
C_CENTERCONTROL:0.5
C_DEVELOPPIECES:0.5154884641759369
C_MATERIAL:0.49910843478997197
C_MOVECOUNT:0.4942034001424052
