ELO:901
CE_PASSEDPAWNS:0.5240323984367009
CE_PAWNWEAKNESSES:0.47791793802163673
CE_PIECEACTIVITY:0.49542395783335785
CE_KINGPAWNSHIELD:0.5517116863349386
CE_PIECECOORDINATION:0.5047882092322256
CE_MATERIAL:0.5055551282403247
CE_KINGSAFETY:0.5014531294936824
C_PIECESQUARETABLES:0.5
C_MOBILITY:0.4667953541770735
C_KINGSAFETY:0.557077005132744
C_PAWNSTRUCTURE:0.4875445635968382
C_PIECECOORDINATION:0.4812918714890613
C_ROOK:0.5411314354544988
CE_ROOK:0.5350982325095336
C_CENTERCONTROL:0.45849173976961555
C_DEVELOPPIECES:0.5003661668093895
C_MATERIAL:0.5213045299689387
C_MOVECOUNT:0.48966336464076526
C_PAWNMOVEMENT:0.4688935632430906
