ELO:986
CE_PASSEDPAWNS:0.5230631409052967
CE_PAWNWEAKNESSES:0.48510288763713866
CE_PIECEACTIVITY:0.48288002038094296
CE_KINGPAWNSHIELD:0.5012069120218045
CE_PIECECOORDINATION:0.4823479647354909
CE_MATERIAL:0.5115126555252048
CE_KINGSAFETY:0.5084841282689697
C_PIECESQUARETABLES:0.47143480111863095
C_MOBILITY:0.5180801373701963
C_KINGSAFETY:0.5048755072480341
C_PAWNSTRUCTURE:0.4952758578597055
C_PIECECOORDINATION:0.5239357495708202
C_ROOKANDPAWNMOVEMENT:0.5239357495708202
C_CENTERCONTROL:0.4836840106884818
C_DEVELOPPIECES:0.5010670260421155
C_MATERIAL:0.5
C_MOVECOUNT:0.5
