ELO:1000
CE_PASSEDPAWNS:0.496559435024596
CE_PAWNWEAKNESSES:0.46474926861516913
CE_PIECEACTIVITY:0.5582226314105059
CE_KINGPAWNSHIELD:0.4366867095987735
CE_PIECECOORDINATION:0.45907514747965456
CE_MATERIAL:0.4936832109524594
CE_KINGSAFETY:0.49621225740753744
C_PIECESQUARETABLES:0.5006003845251533
C_MOBILITY:0.44618818501686974
C_KINGSAFETY:0.5111070776702096
C_PAWNSTRUCTURE:0.5829249991307258
C_PIECECOORDINATION:0.5234010625046793
C_ROOKANDPAWNMOVEMENT:0.5234010625046793
C_CENTERCONTROL:0.5002062758303879
C_DEVELOPPIECES:0.5052497142572422
C_MATERIAL:0.44174597967499923
