ELO:963
CE_PASSEDPAWNS:0.48279053979908354
CE_PAWNWEAKNESSES:0.5126482163384705
CE_PIECEACTIVITY:0.5162823028303868
CE_KINGPAWNSHIELD:0.4777421034346491
CE_PIECECOORDINATION:0.5079690583806046
CE_MATERIAL:0.48640861533019647
CE_KINGSAFETY:0.4922985835174778
C_PIECESQUARETABLES:0.5104536898355813
C_MOBILITY:0.49406658684374644
C_KINGSAFETY:0.48883186500366205
C_PAWNSTRUCTURE:0.49401330298494317
C_PIECECOORDINATION:0.5346654122096742
C_ROOKANDPAWNMOVEMENT:0.5346654122096742
C_CENTERCONTROL:0.4807599636975561
C_DEVELOPPIECES:0.5328274035664642
C_MATERIAL:0.4955793330844229
C_MOVECOUNT:0.5
