ELO:872
CE_PASSEDPAWNS:0.546326545625746
CE_PAWNWEAKNESSES:0.5173631289101978
CE_PIECEACTIVITY:0.49938060969437775
CE_KINGPAWNSHIELD:0.5797036171974729
CE_PIECECOORDINATION:0.5335752397487628
CE_MATERIAL:0.5403013873862029
CE_KINGSAFETY:0.5178286367542214
C_PIECESQUARETABLES:0.5363254717798959
C_MOBILITY:0.45994390479079467
C_KINGSAFETY:0.5809194826344588
C_PAWNSTRUCTURE:0.46148336942902607
C_PIECECOORDINATION:0.5657267658251969
C_ROOKANDPAWNMOVEMENT:0.5657267658251969
C_CENTERCONTROL:0.5795553168829338
C_DEVELOPPIECES:0.47919810226169557
C_MATERIAL:0.4818324096426355
C_MOVECOUNT:0.5
