ELO:990
CE_PASSEDPAWNS:0.4070162024443445
CE_PAWNWEAKNESSES:0.4449176979510626
CE_PIECEACTIVITY:0.5162669480534491
CE_KINGPAWNSHIELD:0.48471486778320405
CE_PIECECOORDINATION:0.6078991648471125
CE_MATERIAL:0.4290915536327273
CE_KINGSAFETY:0.5
C_PIECESQUARETABLES:0.5
C_MOBILITY:0.6142242823519903
C_KINGSAFETY:0.5749797919930308
C_PAWNSTRUCTURE:0.6183734366661642
C_PIECECOORDINATION:0.632850231708375
C_ROOKANDPAWNMOVEMENT:0.632850231708375
C_CENTERCONTROL:0.37728580530260164
C_DEVELOPPIECES:0.5528173797779841
C_MATERIAL:0.5857145267725407
