ELO:1000
CE_PASSEDPAWNS:0.46433255982947225
CE_PAWNWEAKNESSES:0.471902279515398
CE_PIECEACTIVITY:0.5515121358715691
CE_KINGPAWNSHIELD:0.48549289366613874
CE_PIECECOORDINATION:0.4930723967443169
CE_MATERIAL:0.4930914972665338
CE_KINGSAFETY:0.47651051336479167
C_PIECESQUARETABLES:0.5460319519804854
C_MOBILITY:0.4649825453526016
C_KINGSAFETY:0.5321961810294316
C_PAWNSTRUCTURE:0.5493681855667865
C_PIECECOORDINATION:0.5440571785474562
C_ROOKANDPAWNMOVEMENT:0.5440571785474562
C_CENTERCONTROL:0.5220383040666624
C_DEVELOPPIECES:0.49287397249857784
C_MATERIAL:0.49264742329853434
