ELO:874
CE_PASSEDPAWNS:0.5322754564347394
CE_PAWNWEAKNESSES:0.4928577800362376
CE_PIECEACTIVITY:0.5010113161643546
CE_KINGPAWNSHIELD:0.534384976575131
CE_PIECECOORDINATION:0.5151543852062058
CE_MATERIAL:0.5068595449848005
CE_KINGSAFETY:0.4860157738033289
C_PIECESQUARETABLES:0.485108436917915
C_MOBILITY:0.45262326951925097
C_KINGSAFETY:0.5753625205633934
C_PAWNSTRUCTURE:0.4767903390780244
C_PIECECOORDINATION:0.48349614745659225
C_ROOK:0.5183132051625714
CE_ROOK:0.5486236941069873
C_CENTERCONTROL:0.44425577359892104
C_DEVELOPPIECES:0.5003661668093895
C_MATERIAL:0.5316513046572564
C_MOVECOUNT:0.4937106318975436
C_PAWNMOVEMENT:0.4523151451037277
