ELO:987
CE_PASSEDPAWNS:0.5491875172922372
CE_PAWNWEAKNESSES:0.5318324756334943
CE_PIECEACTIVITY:0.5304854008510484
CE_KINGPAWNSHIELD:0.44786219965237634
CE_PIECECOORDINATION:0.6311974867109251
CE_MATERIAL:0.531331374435847
CE_KINGSAFETY:0.4493268456998575
C_PIECESQUARETABLES:0.49306764332436026
C_MOBILITY:0.5273621138133598
C_KINGSAFETY:0.46815857849972364
C_PAWNSTRUCTURE:0.5334229339619544
C_PIECECOORDINATION:0.487564556023495
C_ROOKANDPAWNMOVEMENT:0.487564556023495
C_CENTERCONTROL:0.5183923534383132
C_DEVELOPPIECES:0.486413444851043
C_MATERIAL:0.5587566797500021
