ELO:978
CE_PASSEDPAWNS:0.5218093163200637
CE_PAWNWEAKNESSES:0.5118454343718162
CE_PIECEACTIVITY:0.50497685986324
CE_KINGPAWNSHIELD:0.51317697256337
CE_PIECECOORDINATION:0.5040993239519669
CE_MATERIAL:0.5276234619201168
CE_KINGSAFETY:0.5
C_PIECESQUARETABLES:0.5
C_MOBILITY:0.5017787346568249
C_KINGSAFETY:0.5224543766800531
C_PAWNSTRUCTURE:0.49872624054051096
C_PIECECOORDINATION:0.5163762076300153
C_ROOK:0.4981709711823545
CE_ROOK:0.492665521601309
C_CENTERCONTROL:0.512843276845775
C_DEVELOPPIECES:0.4811649262622389
C_MATERIAL:0.5000493588305275
C_MOVECOUNT:0.4874776275306849
C_PAWNMOVEMENT:0.4777101464986177
