ELO:740
CE_PASSEDPAWNS:0.4897042642043559
CE_PAWNWEAKNESSES:0.4783852375453582
CE_PIECEACTIVITY:0.39684542203248585
CE_KINGPAWNSHIELD:0.4473294983166998
CE_PIECECOORDINATION:0.4714370870480253
CE_MATERIAL:0.4790273780203835
CE_KINGSAFETY:0.4839411997984944
C_PIECESQUARETABLES:0.4243686008206728
C_MOBILITY:0.47898535037820716
C_KINGSAFETY:0.3908422705288527
C_PAWNSTRUCTURE:0.45721959105675286
C_PIECECOORDINATION:0.44868034054835254
C_ROOKANDPAWNMOVEMENT:0.44868034054835254
C_CENTERCONTROL:0.452234987964266
C_DEVELOPPIECES:0.41493889256713434
C_MATERIAL:0.4683952571396883
C_MOVECOUNT:0.5008729304918609
