ELO:1011
CE_PASSEDPAWNS:0.5137413493968619
CE_PAWNWEAKNESSES:0.5097165799329518
CE_PIECEACTIVITY:0.5
CE_KINGPAWNSHIELD:0.5073454135219257
CE_PIECECOORDINATION:0.4986382488496466
CE_MATERIAL:0.5072789779110226
CE_KINGSAFETY:0.5
C_PIECESQUARETABLES:0.5
C_MOBILITY:0.49772689936704667
C_KINGSAFETY:0.5114314471767311
C_PAWNSTRUCTURE:0.5015004844053662
C_PIECECOORDINATION:0.4904152896518162
C_ROOKANDPAWNMOVEMENT:0.4904152896518162
C_CENTERCONTROL:0.49470098680397834
C_DEVELOPPIECES:0.5111299631144216
C_MATERIAL:0.5
C_MOVECOUNT:0.488657140547839
