ELO:1000
CE_PASSEDPAWNS:0.4870130646242475
CE_PAWNWEAKNESSES:0.49678220860825256
CE_PIECEACTIVITY:0.4750743045975491
CE_KINGPAWNSHIELD:0.5003141651695919
CE_PIECECOORDINATION:0.5214240759629734
CE_MATERIAL:0.4997729413542814
CE_KINGSAFETY:0.46303476642998365
C_PIECESQUARETABLES:0.518190112263688
C_MOBILITY:0.4810338950948835
C_KINGSAFETY:0.4913103921443134
C_PAWNSTRUCTURE:0.5001391370732035
C_PIECECOORDINATION:0.5138817144808991
C_ROOKANDPAWNMOVEMENT:0.5138817144808991
C_CENTERCONTROL:0.513550002683606
C_DEVELOPPIECES:0.45680286119342467
C_MATERIAL:0.4504786588591429
