ELO:1001
CE_PASSEDPAWNS:0.5041357821935925
CE_PAWNWEAKNESSES:0.5020744805433164
CE_PIECEACTIVITY:0.5017353948853804
CE_KINGPAWNSHIELD:0.4951222972559722
CE_PIECECOORDINATION:0.5100830009010401
CE_MATERIAL:0.5
CE_KINGSAFETY:0.5
C_PIECESQUARETABLES:0.5
C_MOBILITY:0.5024047604499607
C_KINGSAFETY:0.4895723759717726
C_PAWNSTRUCTURE:0.492651924666642
C_PIECECOORDINATION:0.5
C_ROOKANDPAWNMOVEMENT:0.5
C_CENTERCONTROL:0.4967855137836982
C_DEVELOPPIECES:0.5029748558464427
C_MATERIAL:0.5034066064691584
C_MOVECOUNT:0.4938243907002773
