ELO:971
CE_PASSEDPAWNS:0.5177004786447518
CE_PAWNWEAKNESSES:0.5101617350280433
CE_PIECEACTIVITY:0.5180145719009868
CE_KINGPAWNSHIELD:0.5070422062671894
CE_PIECECOORDINATION:0.5052389176212306
CE_MATERIAL:0.4998091580671111
CE_KINGSAFETY:0.5046085259462535
C_PIECESQUARETABLES:0.5
C_MOBILITY:0.5025884749789092
C_KINGSAFETY:0.48854560954454673
C_PAWNSTRUCTURE:0.5339706447313587
C_PIECECOORDINATION:0.5197027032926539
C_ROOK:0.4855332050588811
CE_ROOK:0.5152064719353103
C_CENTERCONTROL:0.49732758082437467
C_DEVELOPPIECES:0.4935303280236494
C_MATERIAL:0.49234690667580727
C_MOVECOUNT:0.5164831986535972
C_PAWNMOVEMENT:0.4953788455240398
