ELO:988
CE_PASSEDPAWNS:0.507430567156626
CE_PAWNWEAKNESSES:0.4967806011297039
CE_PIECEACTIVITY:0.5049280719218611
CE_KINGPAWNSHIELD:0.47495898661946695
CE_PIECECOORDINATION:0.5096032838379425
CE_MATERIAL:0.4863045204472195
CE_KINGSAFETY:0.5
C_PIECESQUARETABLES:0.5
C_MOBILITY:0.5
C_KINGSAFETY:0.48722015071457525
C_PAWNSTRUCTURE:0.5272836350845352
C_PIECECOORDINATION:0.5
C_ROOKANDPAWNMOVEMENT:0.5
C_CENTERCONTROL:0.4967855137836982
C_DEVELOPPIECES:0.5020902303506988
C_MATERIAL:0.5092863016077436
C_MOVECOUNT:0.4859133363926072
