ELO:983
CE_PASSEDPAWNS:0.490522692449506
CE_PAWNWEAKNESSES:0.5253246555350419
CE_PIECEACTIVITY:0.5113742133599274
CE_KINGPAWNSHIELD:0.4956623118468514
CE_PIECECOORDINATION:0.4783696329387355
CE_MATERIAL:0.5057278593042386
CE_KINGSAFETY:0.5099931085082765
C_PIECESQUARETABLES:0.5062716511903383
C_MOBILITY:0.5087544675312408
C_KINGSAFETY:0.506468312629973
C_PAWNSTRUCTURE:0.4821026050646122
C_PIECECOORDINATION:0.49621479773150795
C_ROOKANDPAWNMOVEMENT:0.49621479773150795
C_CENTERCONTROL:0.4980926617800364
C_DEVELOPPIECES:0.4757839340863033
C_MATERIAL:0.4894760987823927
C_MOVECOUNT:0.5031107108160563
