ELO:963
CE_PASSEDPAWNS:0.5021687857759742
CE_PAWNWEAKNESSES:0.4805832167473416
CE_PIECEACTIVITY:0.4499080765550819
CE_KINGPAWNSHIELD:0.5077112183145827
CE_PIECECOORDINATION:0.46563980996482984
CE_MATERIAL:0.4638470021227581
CE_KINGSAFETY:0.4857828640480605
C_PIECESQUARETABLES:0.48896273686929465
C_MOBILITY:0.47677577647180364
C_KINGSAFETY:0.5053984606588422
C_PAWNSTRUCTURE:0.4761408683822225
C_PIECECOORDINATION:0.5134275693707168
C_ROOK:0.47156096444996226
CE_ROOK:0.5125990258256624
C_CENTERCONTROL:0.5205602890784197
C_DEVELOPPIECES:0.4775783440575758
C_MATERIAL:0.5068395372230947
C_MOVECOUNT:0.4784136861888328
C_PAWNMOVEMENT:0.4933521019018958
