ELO:926
CE_PASSEDPAWNS:0.4723532916065074
CE_PAWNWEAKNESSES:0.5199571176468548
CE_PIECEACTIVITY:0.5759385940878424
CE_KINGPAWNSHIELD:0.5000919889115057
CE_PIECECOORDINATION:0.5827247679917048
CE_MATERIAL:0.4883950855910282
CE_KINGSAFETY:0.5005825263018973
C_PIECESQUARETABLES:0.5247797577955363
C_MOBILITY:0.5011245661698128
C_KINGSAFETY:0.4955815206259612
C_PAWNSTRUCTURE:0.46176815442195457
C_PIECECOORDINATION:0.4080628778256337
C_ROOKANDPAWNMOVEMENT:0.4080628778256337
C_CENTERCONTROL:0.4155513190982987
C_DEVELOPPIECES:0.42735988067184316
C_MATERIAL:0.5120653865454327
