ELO:968
CE_PASSEDPAWNS:0.46552138635128615
CE_PAWNWEAKNESSES:0.47338591191314844
CE_PIECEACTIVITY:0.5076780933345036
CE_KINGPAWNSHIELD:0.5317791572853464
CE_PIECECOORDINATION:0.5029185390500583
CE_MATERIAL:0.5352841177753933
CE_KINGSAFETY:0.5027279915555166
C_PIECESQUARETABLES:0.4915307060556877
C_MOBILITY:0.4670851356955035
C_KINGSAFETY:0.5309763407323584
C_PAWNSTRUCTURE:0.4956607395568837
C_PIECECOORDINATION:0.4838976599166956
C_ROOKANDPAWNMOVEMENT:0.4838976599166956
C_CENTERCONTROL:0.5217584708130202
C_DEVELOPPIECES:0.49766845634679274
C_MATERIAL:0.5088876995857412
C_MOVECOUNT:0.5285599558017263
