ELO:846
CE_PASSEDPAWNS:0.4664317040066454
CE_PAWNWEAKNESSES:0.5788156333817757
CE_PIECEACTIVITY:0.5351246654140461
CE_KINGPAWNSHIELD:0.5865044588532382
CE_PIECECOORDINATION:0.6110499063012677
CE_MATERIAL:0.5333061304181562
CE_KINGSAFETY:0.5097744450113378
C_PIECESQUARETABLES:0.503001824689588
C_MOBILITY:0.44926905476042195
C_KINGSAFETY:0.5096576959932988
C_PAWNSTRUCTURE:0.5419523069782275
C_PIECECOORDINATION:0.4959266421136796
C_ROOKANDPAWNMOVEMENT:0.4959266421136796
C_CENTERCONTROL:0.49372988453556205
C_DEVELOPPIECES:0.4655497644969234
C_MATERIAL:0.5321430179489218
