ELO:980
CE_PASSEDPAWNS:0.5089220187412191
CE_PAWNWEAKNESSES:0.5052079577495644
CE_PIECEACTIVITY:0.5403333216764762
CE_KINGPAWNSHIELD:0.4949456628731347
CE_PIECECOORDINATION:0.5
CE_MATERIAL:0.4799241714565784
CE_KINGSAFETY:0.5
C_PIECESQUARETABLES:0.48825066172296355
C_MOBILITY:0.529606612270638
C_KINGSAFETY:0.48433885915628916
C_PAWNSTRUCTURE:0.5000738533207768
C_PIECECOORDINATION:0.5080305623461917
C_ROOKANDPAWNMOVEMENT:0.5080305623461917
C_CENTERCONTROL:0.48852419241921674
C_DEVELOPPIECES:0.5030104506744931
C_MATERIAL:0.503220936450355
C_MOVECOUNT:0.5
