ELO:1000
CE_PASSEDPAWNS:0.5291367333795745
CE_PAWNWEAKNESSES:0.4391752160282121
CE_PIECEACTIVITY:0.49388749889312233
CE_KINGPAWNSHIELD:0.45463674608176147
CE_PIECECOORDINATION:0.4337852046002626
CE_MATERIAL:0.4612191778432994
CE_KINGSAFETY:0.46798307502582387
C_PIECESQUARETABLES:0.5163228187355147
C_MOBILITY:0.4687427341734053
C_KINGSAFETY:0.39352478063720137
C_PAWNSTRUCTURE:0.49400226275001063
C_PIECECOORDINATION:0.552716152318083
C_ROOKANDPAWNMOVEMENT:0.552716152318083
C_CENTERCONTROL:0.4752459436183638
C_DEVELOPPIECES:0.48661708534550946
C_MATERIAL:0.5051036301713019
