ELO:940
CE_PASSEDPAWNS:0.4429591366345434
CE_PAWNWEAKNESSES:0.5334338343684693
CE_PIECEACTIVITY:0.5707327259748567
CE_KINGPAWNSHIELD:0.5205351232593328
CE_PIECECOORDINATION:0.5793021344775413
CE_MATERIAL:0.49243270654202537
CE_KINGSAFETY:0.5144888627455414
C_PIECESQUARETABLES:0.4978004804522767
C_MOBILITY:0.5009888259553237
C_KINGSAFETY:0.4709882508530131
C_PAWNSTRUCTURE:0.4768620533774006
C_PIECECOORDINATION:0.4345351001096983
C_ROOKANDPAWNMOVEMENT:0.4345351001096983
C_CENTERCONTROL:0.4134710655909995
C_DEVELOPPIECES:0.46400565407120853
C_MATERIAL:0.5183626590266059
