ELO:961
CE_PASSEDPAWNS:0.5090830880273282
CE_PAWNWEAKNESSES:0.49461889452333635
CE_PIECEACTIVITY:0.4997483684592491
CE_KINGPAWNSHIELD:0.4910159625976952
CE_PIECECOORDINATION:0.5339633214267165
CE_MATERIAL:0.5121596675644918
CE_KINGSAFETY:0.5
C_PIECESQUARETABLES:0.5
C_MOBILITY:0.5177846615759955
C_KINGSAFETY:0.4795691690459068
C_PAWNSTRUCTURE:0.4926096378937113
C_PIECECOORDINATION:0.4940329941824383
C_ROOKANDPAWNMOVEMENT:0.4940329941824383
C_CENTERCONTROL:0.5
C_DEVELOPPIECES:0.5329069336283376
C_MATERIAL:0.5070626751834282
C_MOVECOUNT:0.49189400673492195
