ELO:954
CE_PASSEDPAWNS:0.5131467450146134
CE_PAWNWEAKNESSES:0.46422995318815247
CE_PIECEACTIVITY:0.4409207236974978
CE_KINGPAWNSHIELD:0.4984288191194192
CE_PIECECOORDINATION:0.45296440714868386
CE_MATERIAL:0.46966423074698765
CE_KINGSAFETY:0.4965376395733719
C_PIECESQUARETABLES:0.5079139429204051
C_MOBILITY:0.4889786174940329
C_KINGSAFETY:0.49872551872805915
C_PAWNSTRUCTURE:0.46768752432896465
C_PIECECOORDINATION:0.5448012994096715
C_ROOK:0.44270542364323
CE_ROOK:0.5405558830963587
C_CENTERCONTROL:0.525204155587635
C_DEVELOPPIECES:0.5237998217861415
C_MATERIAL:0.5298625710548835
C_MOVECOUNT:0.47678809289378954
C_PAWNMOVEMENT:0.48188676954616294
