ELO:1000
CE_PASSEDPAWNS:0.47026540240722803
CE_PAWNWEAKNESSES:0.500892193065123
CE_PIECEACTIVITY:0.49298408194423227
CE_KINGPAWNSHIELD:0.49866020927508625
CE_PIECECOORDINATION:0.47870250198714154
CE_MATERIAL:0.5020198646938745
CE_KINGSAFETY:0.4789947261217481
C_PIECESQUARETABLES:0.4675979200558423
C_MOBILITY:0.5136138769387145
C_KINGSAFETY:0.4642589628912224
C_PAWNSTRUCTURE:0.5530736327026211
C_PIECECOORDINATION:0.45992810471420575
C_ROOKANDPAWNMOVEMENT:0.45992810471420575
C_CENTERCONTROL:0.5178920979164916
C_DEVELOPPIECES:0.4560546665833125
C_MATERIAL:0.5152728099961518
