ELO:941
CE_PASSEDPAWNS:0.4925722477673031
CE_PAWNWEAKNESSES:0.49322119927527563
CE_PIECEACTIVITY:0.47102163158359345
CE_KINGPAWNSHIELD:0.5082244906562072
CE_PIECECOORDINATION:0.4696012761752904
CE_MATERIAL:0.4810842842013423
CE_KINGSAFETY:0.48993517105288575
C_PIECESQUARETABLES:0.49021372591412127
C_MOBILITY:0.47262876992096065
C_KINGSAFETY:0.5060144345703902
C_PAWNSTRUCTURE:0.47270215944789046
C_PIECECOORDINATION:0.5210939676751268
C_ROOK:0.49625661843411245
CE_ROOK:0.4956555832692327
C_CENTERCONTROL:0.509997737140363
C_DEVELOPPIECES:0.4780389544760116
C_MATERIAL:0.5310815323210092
C_MOVECOUNT:0.4946445252601182
C_PAWNMOVEMENT:0.4898735472946984
