ELO:665
CE_PASSEDPAWNS:0.5072864396959185
CE_PAWNWEAKNESSES:0.4103539447916486
CE_PIECEACTIVITY:0.4634796979015348
CE_KINGPAWNSHIELD:0.5473574484815172
CE_PIECECOORDINATION:0.37154416476003255
CE_MATERIAL:0.5422252640781702
CE_KINGSAFETY:0.4512516258588894
C_PIECESQUARETABLES:0.45972855294187803
C_MOBILITY:0.4031003789132092
C_KINGSAFETY:0.43987050528968435
C_PAWNSTRUCTURE:0.5438017925018108
C_PIECECOORDINATION:0.5820627588921112
C_ROOKANDPAWNMOVEMENT:0.5820627588921112
C_CENTERCONTROL:0.5298113204162656
C_DEVELOPPIECES:0.505126356123205
C_MATERIAL:0.5397076693070473
C_MOVECOUNT:0.5
