ELO:704
CE_PASSEDPAWNS:0.5164546876077598
CE_PAWNWEAKNESSES:0.4597926830541644
CE_PIECEACTIVITY:0.44449693592379147
CE_KINGPAWNSHIELD:0.5533479124293649
CE_PIECECOORDINATION:0.4404129242858859
CE_MATERIAL:0.5826423462211614
CE_KINGSAFETY:0.47680137368399655
C_PIECESQUARETABLES:0.4807298338743762
C_MOBILITY:0.4968200454630013
C_KINGSAFETY:0.4956181068854423
C_PAWNSTRUCTURE:0.5575625013337506
C_PIECECOORDINATION:0.6088375472741849
C_ROOKANDPAWNMOVEMENT:0.6088375472741849
C_CENTERCONTROL:0.5039221815703001
C_DEVELOPPIECES:0.5341451973624984
C_MATERIAL:0.5054910027479403
C_MOVECOUNT:0.5
