ELO:999
CE_PASSEDPAWNS:0.5080539774959005
CE_PAWNWEAKNESSES:0.49473496913811704
CE_PIECEACTIVITY:0.5004847852139893
CE_KINGPAWNSHIELD:0.5
CE_PIECECOORDINATION:0.503420927144197
CE_MATERIAL:0.5
CE_KINGSAFETY:0.4980949247334519
C_PIECESQUARETABLES:0.4867394067829677
C_MOBILITY:0.5055789153776025
C_KINGSAFETY:0.4879298732941535
C_PAWNSTRUCTURE:0.502596948019994
C_PIECECOORDINATION:0.5
C_ROOKANDPAWNMOVEMENT:0.5
C_CENTERCONTROL:0.4875162346778494
C_DEVELOPPIECES:0.5028260942755104
C_MATERIAL:0.4953988096399195
C_MOVECOUNT:0.5
