ELO:932
CE_PASSEDPAWNS:0.5211296270285976
CE_PAWNWEAKNESSES:0.4616288272790171
CE_PIECEACTIVITY:0.44294560920255216
CE_KINGPAWNSHIELD:0.5566887364694717
CE_PIECECOORDINATION:0.4566691348004543
CE_MATERIAL:0.46082639871712583
CE_KINGSAFETY:0.5067549079826129
C_PIECESQUARETABLES:0.4880354293629076
C_MOBILITY:0.4827089992143825
C_KINGSAFETY:0.5047498691329447
C_PAWNSTRUCTURE:0.465978700194417
C_PIECECOORDINATION:0.5256649211464464
C_ROOK:0.4728476869413986
CE_ROOK:0.5327130734116476
C_CENTERCONTROL:0.5146802373073357
C_DEVELOPPIECES:0.5205410571179724
C_MATERIAL:0.53527287272533
C_MOVECOUNT:0.49598354805253253
C_PAWNMOVEMENT:0.47544063806201836
