ELO:935
CE_PASSEDPAWNS:0.5201189214689793
CE_PAWNWEAKNESSES:0.4616288272790171
CE_PIECEACTIVITY:0.44680239850105213
CE_KINGPAWNSHIELD:0.5445578436239799
CE_PIECECOORDINATION:0.46181798869011403
CE_MATERIAL:0.47032243024861364
CE_KINGSAFETY:0.5103328669628759
C_PIECESQUARETABLES:0.48093620402585047
C_MOBILITY:0.4827089992143825
C_KINGSAFETY:0.49124837416088923
C_PAWNSTRUCTURE:0.4709130716916137
C_PIECECOORDINATION:0.5362256124887385
C_ROOK:0.4755017090998622
CE_ROOK:0.5405558830963587
C_CENTERCONTROL:0.5165793861332811
C_DEVELOPPIECES:0.5155370098673675
C_MATERIAL:0.5311336541703311
C_MOVECOUNT:0.5042673218497267
C_PAWNMOVEMENT:0.47544063806201836
