ELO:975
CE_PASSEDPAWNS:0.5081047742431823
CE_PAWNWEAKNESSES:0.50989936247381
CE_PIECEACTIVITY:0.5042277474156799
CE_KINGPAWNSHIELD:0.48044763171868293
CE_PIECECOORDINATION:0.4932348334819656
CE_MATERIAL:0.49156962649484465
CE_KINGSAFETY:0.5249529087894975
C_PIECESQUARETABLES:0.5086736248196168
C_MOBILITY:0.4748324512729038
C_KINGSAFETY:0.5002746271201821
C_PAWNSTRUCTURE:0.4900944976785987
C_PIECECOORDINATION:0.5206277466618671
C_ROOKANDPAWNMOVEMENT:0.5206277466618671
C_CENTERCONTROL:0.5238711234824679
C_DEVELOPPIECES:0.473158511662743
C_MATERIAL:0.4957181304128716
C_MOVECOUNT:0.48172762883202297
