ELO:1000
CE_PASSEDPAWNS:0.5409596187234954
CE_PAWNWEAKNESSES:0.462418053149943
CE_PIECEACTIVITY:0.49574601988533407
CE_KINGPAWNSHIELD:0.4732945257165456
CE_PIECECOORDINATION:0.4811320766707816
CE_MATERIAL:0.47335020066273364
CE_KINGSAFETY:0.4834123467258193
C_PIECESQUARETABLES:0.5168111432208707
C_MOBILITY:0.4812845897012116
C_KINGSAFETY:0.4064144558096096
C_PAWNSTRUCTURE:0.47275697107356396
C_PIECECOORDINATION:0.5597814679380078
C_ROOKANDPAWNMOVEMENT:0.5597814679380078
C_CENTERCONTROL:0.46478654161460264
C_DEVELOPPIECES:0.5025889305787142
C_MATERIAL:0.5191366740792057
