ELO:937
CE_PASSEDPAWNS:0.579708723245514
CE_PAWNWEAKNESSES:0.35955074203067394
CE_PIECEACTIVITY:0.46899667623530195
CE_KINGPAWNSHIELD:0.47384655554868504
CE_PIECECOORDINATION:0.4775381302530613
CE_MATERIAL:0.47586112218996324
CE_KINGSAFETY:0.49125891195316335
C_PIECESQUARETABLES:0.5
C_MOBILITY:0.49049536113064474
C_KINGSAFETY:0.3849976982420306
C_PAWNSTRUCTURE:0.5113620280931725
C_PIECECOORDINATION:0.5572958699637974
C_ROOKANDPAWNMOVEMENT:0.5572958699637974
C_CENTERCONTROL:0.42831809160635803
C_DEVELOPPIECES:0.4315968732570136
C_MATERIAL:0.5053508870463558
