ELO:1000
CE_PASSEDPAWNS:0.5064811181649415
CE_PAWNWEAKNESSES:0.5054329950448804
CE_PIECEACTIVITY:0.49944422756546675
CE_KINGPAWNSHIELD:0.496661601849724
CE_PIECECOORDINATION:0.5
CE_MATERIAL:0.5
CE_KINGSAFETY:0.5034432119246969
C_PIECESQUARETABLES:0.5124152368910037
C_MOBILITY:0.5064215540056386
C_KINGSAFETY:0.506468312629973
C_PAWNSTRUCTURE:0.5
C_PIECECOORDINATION:0.4909109034640577
C_ROOKANDPAWNMOVEMENT:0.4909109034640577
C_CENTERCONTROL:0.5029816910617682
C_DEVELOPPIECES:0.49467281278855024
C_MATERIAL:0.4944546474752289
C_MOVECOUNT:0.5008120853558813
