ELO:962
CE_PASSEDPAWNS:0.5059668466350014
CE_PAWNWEAKNESSES:0.5
CE_PIECEACTIVITY:0.5138297119776395
CE_KINGPAWNSHIELD:0.4987879429740035
CE_PIECECOORDINATION:0.5166513342430368
CE_MATERIAL:0.5057882282829205
CE_KINGSAFETY:0.5
C_PIECESQUARETABLES:0.4917333981454653
C_MOBILITY:0.5034722735509881
C_KINGSAFETY:0.5117658661247528
C_PAWNSTRUCTURE:0.49586611201991815
C_PIECECOORDINATION:0.5068042052813774
C_ROOKANDPAWNMOVEMENT:0.5068042052813774
C_CENTERCONTROL:0.48054851861960174
C_DEVELOPPIECES:0.5015328268448439
C_MATERIAL:0.5
C_MOVECOUNT:0.5016127044457991
