ELO:1095
CE_PASSEDPAWNS:0.4486455581650062
CE_PAWNWEAKNESSES:0.4860899873730244
CE_PIECEACTIVITY:0.566903341620811
CE_KINGPAWNSHIELD:0.49799990151409007
CE_PIECECOORDINATION:0.4737132664781656
CE_MATERIAL:0.390938528271368
CE_KINGSAFETY:0.5
C_PIECESQUARETABLES:0.5
C_MOBILITY:0.42805085884432564
C_KINGSAFETY:0.6343800670208016
C_PAWNSTRUCTURE:0.4402677791378835
C_PIECECOORDINATION:0.5035741764698227
C_ROOKANDPAWNMOVEMENT:0.5035741764698227
C_CENTERCONTROL:0.5497170467412162
C_DEVELOPPIECES:0.5695956788947943
C_MATERIAL:0.4269643308997305
