ELO:988
CE_PASSEDPAWNS:0.4070162024443445
CE_PAWNWEAKNESSES:0.44413812852465423
CE_PIECEACTIVITY:0.5055534717583172
CE_KINGPAWNSHIELD:0.4969112771905379
CE_PIECECOORDINATION:0.6050575445013368
CE_MATERIAL:0.41237886705497595
CE_KINGSAFETY:0.49590739686162666
C_PIECESQUARETABLES:0.48797264824612185
C_MOBILITY:0.6106431556756368
C_KINGSAFETY:0.5793552667636103
C_PAWNSTRUCTURE:0.6198578079803074
C_PIECECOORDINATION:0.6135308168497035
C_ROOKANDPAWNMOVEMENT:0.6135308168497035
C_CENTERCONTROL:0.3787872266595869
C_DEVELOPPIECES:0.5680728300512558
C_MATERIAL:0.5986949443551671
