ELO:989
CE_PASSEDPAWNS:0.5327608101109996
CE_PAWNWEAKNESSES:0.39522331940184086
CE_PIECEACTIVITY:0.4603851515634814
CE_KINGPAWNSHIELD:0.48109354876979477
CE_PIECECOORDINATION:0.43576197141589584
CE_MATERIAL:0.4601280223184813
CE_KINGSAFETY:0.5127411670507279
C_PIECESQUARETABLES:0.5017406647724697
C_MOBILITY:0.48580402405466827
C_KINGSAFETY:0.38996021046563967
C_PAWNSTRUCTURE:0.439610768216716
C_PIECECOORDINATION:0.5829510133563117
C_ROOKANDPAWNMOVEMENT:0.5829510133563117
C_CENTERCONTROL:0.44812376669762105
C_DEVELOPPIECES:0.4541988166786977
C_MATERIAL:0.49999668424603166
