ELO:920
CE_PASSEDPAWNS:0.5211296270285976
CE_PAWNWEAKNESSES:0.4574069723011457
CE_PIECEACTIVITY:0.46476893087444965
CE_KINGPAWNSHIELD:0.5773896135000337
CE_PIECECOORDINATION:0.44578133039943907
CE_MATERIAL:0.46285344773744364
CE_KINGSAFETY:0.4998929256114542
C_PIECESQUARETABLES:0.5060983876819198
C_MOBILITY:0.47412159422157135
C_KINGSAFETY:0.5373376421008532
C_PAWNSTRUCTURE:0.4586339239377343
C_PIECECOORDINATION:0.5296199521891723
C_ROOK:0.48309778062944275
CE_ROOK:0.5327130734116476
C_CENTERCONTROL:0.5283086569086605
C_DEVELOPPIECES:0.5299454147924298
C_MATERIAL:0.53527287272533
C_MOVECOUNT:0.49630137644913747
C_PAWNMOVEMENT:0.4542869422715715
