ELO:984
CE_PASSEDPAWNS:0.4545309798917989
CE_PAWNWEAKNESSES:0.5023061241697924
CE_PIECEACTIVITY:0.5029409160317538
CE_KINGPAWNSHIELD:0.5137089130630959
CE_PIECECOORDINATION:0.49459799873126187
CE_MATERIAL:0.504959414745685
CE_KINGSAFETY:0.48827922463278733
C_PIECESQUARETABLES:0.4791994566555968
C_MOBILITY:0.500418788832362
C_KINGSAFETY:0.46821797526144854
C_PAWNSTRUCTURE:0.49668633479261043
C_PIECECOORDINATION:0.4753201978996174
C_ROOKANDPAWNMOVEMENT:0.4753201978996174
C_CENTERCONTROL:0.4864165929102976
C_DEVELOPPIECES:0.4572969068848521
C_MATERIAL:0.5373678876202097
