ELO:925
CE_PASSEDPAWNS:0.579708723245514
CE_PAWNWEAKNESSES:0.36470764781827436
CE_PIECEACTIVITY:0.46899667623530195
CE_KINGPAWNSHIELD:0.482695873723073
CE_PIECECOORDINATION:0.4760365803826949
CE_MATERIAL:0.47222082092742945
CE_KINGSAFETY:0.49125891195316335
C_PIECESQUARETABLES:0.5
C_MOBILITY:0.4893784469102923
C_KINGSAFETY:0.3849976982420306
C_PAWNSTRUCTURE:0.5073280708822331
C_PIECECOORDINATION:0.5367422529272915
C_ROOKANDPAWNMOVEMENT:0.5367422529272915
C_CENTERCONTROL:0.41549932622367114
C_DEVELOPPIECES:0.4239437077269886
C_MATERIAL:0.5027304619505871
