ELO:911
CE_PASSEDPAWNS:0.45947409660016636
CE_PAWNWEAKNESSES:0.49106802452830134
CE_PIECEACTIVITY:0.5539702255505053
CE_KINGPAWNSHIELD:0.5048533302833336
CE_PIECECOORDINATION:0.5672225130763349
CE_MATERIAL:0.49241985281206047
CE_KINGSAFETY:0.48870987930228005
C_PIECESQUARETABLES:0.5199889006341563
C_MOBILITY:0.5192781922105024
C_KINGSAFETY:0.45811497331422324
C_PAWNSTRUCTURE:0.47050036730955724
C_PIECECOORDINATION:0.40301273133620574
C_ROOKANDPAWNMOVEMENT:0.40301273133620574
C_CENTERCONTROL:0.4034529484687015
C_DEVELOPPIECES:0.4375429821022198
C_MATERIAL:0.515967103015498
