ELO:989
CE_PASSEDPAWNS:0.4036546020825132
CE_PAWNWEAKNESSES:0.4382565972622908
CE_PIECEACTIVITY:0.5055534717583172
CE_KINGPAWNSHIELD:0.48996888222015866
CE_PIECECOORDINATION:0.6050575445013368
CE_MATERIAL:0.41717145242441395
CE_KINGSAFETY:0.49971134898444325
C_PIECESQUARETABLES:0.5010865753630293
C_MOBILITY:0.622849981294
C_KINGSAFETY:0.5723456654548997
C_PAWNSTRUCTURE:0.6175990202179429
C_PIECECOORDINATION:0.6135308168497035
C_ROOKANDPAWNMOVEMENT:0.6135308168497035
C_CENTERCONTROL:0.37891853462510683
C_DEVELOPPIECES:0.5410730682186933
C_MATERIAL:0.586350138018194
