ELO:1026
CE_PASSEDPAWNS:0.5907274281170062
CE_PAWNWEAKNESSES:0.5335610883639179
CE_PIECEACTIVITY:0.46794390131963487
CE_KINGPAWNSHIELD:0.48131921352015106
CE_PIECECOORDINATION:0.48720847133334894
CE_MATERIAL:0.4587186052132177
CE_KINGSAFETY:0.49916380286221224
C_PIECESQUARETABLES:0.49957947970605354
C_MOBILITY:0.443415319477851
C_KINGSAFETY:0.4861325899698736
C_PAWNSTRUCTURE:0.4105119086960187
C_PIECECOORDINATION:0.4778005697762372
C_ROOKANDPAWNMOVEMENT:0.4778005697762372
C_CENTERCONTROL:0.5526733634459369
C_DEVELOPPIECES:0.5512087700466707
C_MATERIAL:0.42693316654393915
