ELO:940
CE_PASSEDPAWNS:0.43483308352159544
CE_PAWNWEAKNESSES:0.5217504988926572
CE_PIECEACTIVITY:0.5437244932155985
CE_KINGPAWNSHIELD:0.5095089620473405
CE_PIECECOORDINATION:0.5439161213940539
CE_MATERIAL:0.4983196864905599
CE_KINGSAFETY:0.5002819486114521
C_PIECESQUARETABLES:0.4922372223010358
C_MOBILITY:0.49513640801866193
C_KINGSAFETY:0.4622353854257317
C_PAWNSTRUCTURE:0.4702006813732433
C_PIECECOORDINATION:0.44367516939057294
C_ROOKANDPAWNMOVEMENT:0.44367516939057294
C_CENTERCONTROL:0.4215312589966111
C_DEVELOPPIECES:0.4406168785908772
C_MATERIAL:0.543997285342426
