ELO:898
CE_PASSEDPAWNS:0.4477745935357189
CE_PAWNWEAKNESSES:0.46323893375125264
CE_PIECEACTIVITY:0.5325371420795318
CE_KINGPAWNSHIELD:0.4509638349284968
CE_PIECECOORDINATION:0.603088939522848
CE_MATERIAL:0.4573382092900355
CE_KINGSAFETY:0.5034901217723287
C_PIECESQUARETABLES:0.4603897292299016
C_MOBILITY:0.5056700768257535
C_KINGSAFETY:0.5014283529461232
C_PAWNSTRUCTURE:0.5014176005812853
C_PIECECOORDINATION:0.4143280194197209
C_ROOKANDPAWNMOVEMENT:0.4143280194197209
C_CENTERCONTROL:0.3750797547108329
C_DEVELOPPIECES:0.4232363231750705
C_MATERIAL:0.5130242694247723
