ELO:959
CE_PASSEDPAWNS:0.4915035527364067
CE_PAWNWEAKNESSES:0.5196375684718954
CE_PIECEACTIVITY:0.4802316429676916
CE_KINGPAWNSHIELD:0.5014655994194513
CE_PIECECOORDINATION:0.4805374835580601
CE_MATERIAL:0.49657845299191283
CE_KINGSAFETY:0.5158391170247396
C_PIECESQUARETABLES:0.5144406317623778
C_MOBILITY:0.49424804938442585
C_KINGSAFETY:0.5239128039331573
C_PAWNSTRUCTURE:0.4854234121902951
C_PIECECOORDINATION:0.5181207404416468
C_ROOK:0.49456648257436214
CE_ROOK:0.49498489964055037
C_CENTERCONTROL:0.5166854231821558
C_DEVELOPPIECES:0.4868663821578316
C_MATERIAL:0.5317337544188855
C_MOVECOUNT:0.4966932630848898
C_PAWNMOVEMENT:0.5070850333263641
