ELO:943
CE_PASSEDPAWNS:0.5045782664453748
CE_PAWNWEAKNESSES:0.4636603634877016
CE_PIECEACTIVITY:0.44162449628194045
CE_KINGPAWNSHIELD:0.4948750818169471
CE_PIECECOORDINATION:0.4618043378045345
CE_MATERIAL:0.46618624919320206
CE_KINGSAFETY:0.5
C_PIECESQUARETABLES:0.5198331835314126
C_MOBILITY:0.4940750147442943
C_KINGSAFETY:0.4991790834465443
C_PAWNSTRUCTURE:0.48817472529490175
C_PIECECOORDINATION:0.5384573838703215
C_ROOK:0.4737123793674767
CE_ROOK:0.5307981438352722
C_CENTERCONTROL:0.5224709865226761
C_DEVELOPPIECES:0.49820882024890106
C_MATERIAL:0.5109920882759884
C_MOVECOUNT:0.48675049892662803
C_PAWNMOVEMENT:0.4975667277443425
