ELO:984
CE_PASSEDPAWNS:0.4523756527204201
CE_PAWNWEAKNESSES:0.49506109642743745
CE_PIECEACTIVITY:0.5112486420720458
CE_KINGPAWNSHIELD:0.5073893657264522
CE_PIECECOORDINATION:0.4970139167747844
CE_MATERIAL:0.48397647510530367
CE_KINGSAFETY:0.5
C_PIECESQUARETABLES:0.5
C_MOBILITY:0.47753918233060155
C_KINGSAFETY:0.4982608108028751
C_PAWNSTRUCTURE:0.47559596345067107
C_PIECECOORDINATION:0.45746963132282825
C_ROOKANDPAWNMOVEMENT:0.45746963132282825
C_CENTERCONTROL:0.4876883902840492
C_DEVELOPPIECES:0.49380366154961225
C_MATERIAL:0.49982116605340965
C_MOVECOUNT:0.45224171151558973
