ELO:816
CE_PASSEDPAWNS:0.49308552671852707
CE_PAWNWEAKNESSES:0.41060874547880816
CE_PIECEACTIVITY:0.5305762638999498
CE_KINGPAWNSHIELD:0.5281232678085441
CE_PIECECOORDINATION:0.43737471280239826
CE_MATERIAL:0.5498493435550311
CE_KINGSAFETY:0.4799587449259258
C_PIECESQUARETABLES:0.4426148313133588
C_MOBILITY:0.5068963811638975
C_KINGSAFETY:0.471546701525555
C_PAWNSTRUCTURE:0.5369564754652212
C_PIECECOORDINATION:0.5919197260265707
C_ROOKANDPAWNMOVEMENT:0.5919197260265707
C_CENTERCONTROL:0.48248257980982334
C_DEVELOPPIECES:0.4740420426718628
C_MATERIAL:0.5398894615059628
C_MOVECOUNT:0.5
