ELO:969
CE_PASSEDPAWNS:0.4967475576334771
CE_PAWNWEAKNESSES:0.5046355394867386
CE_PIECEACTIVITY:0.4784654173404386
CE_KINGPAWNSHIELD:0.5082244906562072
CE_PIECECOORDINATION:0.4837366905482867
CE_MATERIAL:0.4931590940490017
CE_KINGSAFETY:0.5032318732121537
C_PIECESQUARETABLES:0.5144406317623778
C_MOBILITY:0.48749795264930806
C_KINGSAFETY:0.5178047731412958
C_PAWNSTRUCTURE:0.4805850268488367
C_PIECECOORDINATION:0.5181207404416468
C_ROOK:0.5035943116096099
CE_ROOK:0.49498489964055037
C_CENTERCONTROL:0.5166854231821558
C_DEVELOPPIECES:0.4780389544760116
C_MATERIAL:0.530272800385039
C_MOVECOUNT:0.48450913707660304
C_PAWNMOVEMENT:0.506240772960584
