ELO:660
CE_PASSEDPAWNS:0.5389050162095295
CE_PAWNWEAKNESSES:0.4337365232809966
CE_PIECEACTIVITY:0.5083408881036354
CE_KINGPAWNSHIELD:0.5110666724812526
CE_PIECECOORDINATION:0.3318954218336364
CE_MATERIAL:0.5587487045272214
CE_KINGSAFETY:0.5127501761547322
C_PIECESQUARETABLES:0.517388142715779
C_MOBILITY:0.3982465914054983
C_KINGSAFETY:0.4158462896967104
C_PAWNSTRUCTURE:0.5309392203745463
C_PIECECOORDINATION:0.5723867076808985
C_ROOKANDPAWNMOVEMENT:0.5723867076808985
C_CENTERCONTROL:0.5210089467894548
C_DEVELOPPIECES:0.4757709812569497
C_MATERIAL:0.5780377579877533
C_MOVECOUNT:0.49592699831915205
