ELO:955
CE_PASSEDPAWNS:0.5035978527664406
CE_PAWNWEAKNESSES:0.45990953261375217
CE_PIECEACTIVITY:0.4409207236974978
CE_KINGPAWNSHIELD:0.4984288191194192
CE_PIECECOORDINATION:0.45296440714868386
CE_MATERIAL:0.46966423074698765
CE_KINGSAFETY:0.4965376395733719
C_PIECESQUARETABLES:0.5079139429204051
C_MOBILITY:0.4889786174940329
C_KINGSAFETY:0.5006435541509866
C_PAWNSTRUCTURE:0.47986296066748335
C_PIECECOORDINATION:0.5448012994096715
C_ROOK:0.44270542364323
CE_ROOK:0.5314583368737141
C_CENTERCONTROL:0.525204155587635
C_DEVELOPPIECES:0.5298047865644584
C_MATERIAL:0.5225945760667169
C_MOVECOUNT:0.48068101280451436
C_PAWNMOVEMENT:0.47960764784871424
