ELO:952
CE_PASSEDPAWNS:0.4249738419464266
CE_PAWNWEAKNESSES:0.5103419228202581
CE_PIECEACTIVITY:0.5382165228574858
CE_KINGPAWNSHIELD:0.5106334184964005
CE_PIECECOORDINATION:0.5388455946497795
CE_MATERIAL:0.47009040850005096
CE_KINGSAFETY:0.5107553695224077
C_PIECESQUARETABLES:0.4971908271045867
C_MOBILITY:0.48178730056538277
C_KINGSAFETY:0.47951907466362464
C_PAWNSTRUCTURE:0.5031572563356016
C_PIECECOORDINATION:0.46396221007611105
C_ROOKANDPAWNMOVEMENT:0.46396221007611105
C_CENTERCONTROL:0.4873245355362406
C_DEVELOPPIECES:0.4438593862817978
C_MATERIAL:0.5318141963376625
