ELO:992
CE_PASSEDPAWNS:0.5203248691910949
CE_PAWNWEAKNESSES:0.41053758394900464
CE_PIECEACTIVITY:0.4589127128521724
CE_KINGPAWNSHIELD:0.45651747793460407
CE_PIECECOORDINATION:0.43711266521479514
CE_MATERIAL:0.4601280223184813
CE_KINGSAFETY:0.48513274645092913
C_PIECESQUARETABLES:0.516256300001618
C_MOBILITY:0.48580402405466827
C_KINGSAFETY:0.394500616290878
C_PAWNSTRUCTURE:0.47181531731079906
C_PIECECOORDINATION:0.5768298946696964
C_ROOKANDPAWNMOVEMENT:0.5768298946696964
C_CENTERCONTROL:0.45482598778119937
C_DEVELOPPIECES:0.46584814321644924
C_MATERIAL:0.4909571955672867
