ELO:958
CE_PASSEDPAWNS:0.5113723234158616
CE_PAWNWEAKNESSES:0.49093002107760053
CE_PIECEACTIVITY:0.5095586260018136
CE_KINGPAWNSHIELD:0.4877736866975431
CE_PIECECOORDINATION:0.5166513342430368
CE_MATERIAL:0.48839264309524105
CE_KINGSAFETY:0.4935981819106014
C_PIECESQUARETABLES:0.4924452669697993
C_MOBILITY:0.5088658854753145
C_KINGSAFETY:0.5204904498543559
C_PAWNSTRUCTURE:0.4936005983248622
C_PIECECOORDINATION:0.5059056637402126
C_ROOKANDPAWNMOVEMENT:0.5059056637402126
C_CENTERCONTROL:0.47498419937725966
C_DEVELOPPIECES:0.5088482476216649
C_MATERIAL:0.5
C_MOVECOUNT:0.4987542401592442
