ELO:955
CE_PASSEDPAWNS:0.5035978527664406
CE_PAWNWEAKNESSES:0.45990953261375217
CE_PIECEACTIVITY:0.4409207236974978
CE_KINGPAWNSHIELD:0.4948750818169471
CE_PIECECOORDINATION:0.45296440714868386
CE_MATERIAL:0.46966423074698765
CE_KINGSAFETY:0.4893242606265894
C_PIECESQUARETABLES:0.5036529821306291
C_MOBILITY:0.500503011456452
C_KINGSAFETY:0.4891436941241152
C_PAWNSTRUCTURE:0.47986296066748335
C_PIECECOORDINATION:0.5448012994096715
C_ROOK:0.4663939329311869
CE_ROOK:0.526308472101359
C_CENTERCONTROL:0.5267410601959819
C_DEVELOPPIECES:0.5147216314510502
C_MATERIAL:0.5225945760667169
C_MOVECOUNT:0.48068101280451436
C_PAWNMOVEMENT:0.48458905081375037
