ELO:958
CE_PASSEDPAWNS:0.5128004291046773
CE_PAWNWEAKNESSES:0.4892342858033451
CE_PIECEACTIVITY:0.49396512537463233
CE_KINGPAWNSHIELD:0.4966453931061111
CE_PIECECOORDINATION:0.49071588832453067
CE_MATERIAL:0.49266231382866044
CE_KINGSAFETY:0.5243695783157002
C_PIECESQUARETABLES:0.48619627004780386
C_MOBILITY:0.49175871244644886
C_KINGSAFETY:0.5423940686883753
C_PAWNSTRUCTURE:0.5202643247053934
C_PIECECOORDINATION:0.47634622052813286
C_ROOKANDPAWNMOVEMENT:0.47634622052813286
C_CENTERCONTROL:0.4940556379306953
C_DEVELOPPIECES:0.5230108346815606
C_MATERIAL:0.466776217869376
C_MOVECOUNT:0.5
