ELO:869
CE_PASSEDPAWNS:0.546048378094715
CE_PAWNWEAKNESSES:0.4939735108993904
CE_PIECEACTIVITY:0.47887355923773633
CE_KINGPAWNSHIELD:0.4936602937628059
CE_PIECECOORDINATION:0.48772511187722406
CE_MATERIAL:0.4754040585283526
CE_KINGSAFETY:0.521499032810033
C_PIECESQUARETABLES:0.4917079206551312
C_MOBILITY:0.44391867302333105
C_KINGSAFETY:0.46024484668541626
C_PAWNSTRUCTURE:0.5134233665937676
C_PIECECOORDINATION:0.477457374357998
C_ROOKANDPAWNMOVEMENT:0.477457374357998
C_CENTERCONTROL:0.4892425237365195
C_DEVELOPPIECES:0.5087949896406154
C_MATERIAL:0.517586216748391
C_MOVECOUNT:0.5
