ELO:844
CE_PASSEDPAWNS:0.3996225577575957
CE_PAWNWEAKNESSES:0.4653631782642648
CE_PIECEACTIVITY:0.41741757704982013
CE_KINGPAWNSHIELD:0.42080569736604206
CE_PIECECOORDINATION:0.5236158604316875
CE_MATERIAL:0.3747617857728588
CE_KINGSAFETY:0.4984711347619071
C_PIECESQUARETABLES:0.5053911692692816
C_MOBILITY:0.4506624274681072
C_KINGSAFETY:0.46936090024845745
C_PAWNSTRUCTURE:0.683780541440952
C_PIECECOORDINATION:0.42322876293011286
C_ROOKANDPAWNMOVEMENT:0.42322876293011286
C_CENTERCONTROL:0.535692221730234
C_DEVELOPPIECES:0.42930533051143976
C_MATERIAL:0.5637286870201171
