ELO:1043
CE_PASSEDPAWNS:0.4984944715270213
CE_PAWNWEAKNESSES:0.4991714978647708
CE_PIECEACTIVITY:0.47907011340525874
CE_KINGPAWNSHIELD:0.5107714070863236
CE_PIECECOORDINATION:0.5273503149869337
CE_MATERIAL:0.5051880877524377
CE_KINGSAFETY:0.5
C_PIECESQUARETABLES:0.5
C_MOBILITY:0.49790740899273217
C_KINGSAFETY:0.4890094461229128
C_PAWNSTRUCTURE:0.5140388997786214
C_PIECECOORDINATION:0.520225539343415
C_ROOK:0.5093155628967548
CE_ROOK:0.49392803174519356
C_CENTERCONTROL:0.5128788715870748
C_DEVELOPPIECES:0.49379823409339246
C_MATERIAL:0.4694591356605998
C_MOVECOUNT:0.4805938206986978
C_PAWNMOVEMENT:0.5
