ELO:1009
CE_PASSEDPAWNS:0.49864766882081135
CE_PAWNWEAKNESSES:0.501559114998734
CE_PIECEACTIVITY:0.5
CE_KINGPAWNSHIELD:0.4994525569492909
CE_PIECECOORDINATION:0.5153626450603377
CE_MATERIAL:0.5049628978897545
CE_KINGSAFETY:0.5058104254480814
C_PIECESQUARETABLES:0.5229036181686618
C_MOBILITY:0.5048507959884607
C_KINGSAFETY:0.489137335579077
C_PAWNSTRUCTURE:0.5035531942855926
C_PIECECOORDINATION:0.5071381916562131
C_ROOKANDPAWNMOVEMENT:0.5071381916562131
C_CENTERCONTROL:0.5041406470346538
C_DEVELOPPIECES:0.5165325553108141
C_MATERIAL:0.500646310609531
C_MOVECOUNT:0.5
