ELO:1000
CE_PASSEDPAWNS:0.4522774147517136
CE_PAWNWEAKNESSES:0.4355393253002458
CE_PIECEACTIVITY:0.4799726845873034
CE_KINGPAWNSHIELD:0.5043073112930049
CE_PIECECOORDINATION:0.5084116427624563
CE_MATERIAL:0.4459801885970228
CE_KINGSAFETY:0.5467595741515836
C_PIECESQUARETABLES:0.4420630111039846
C_MOBILITY:0.5066007935687956
C_KINGSAFETY:0.4891598451878857
C_PAWNSTRUCTURE:0.428455450554802
C_PIECECOORDINATION:0.466396650160961
C_ROOKANDPAWNMOVEMENT:0.466396650160961
C_CENTERCONTROL:0.4931048961539868
C_DEVELOPPIECES:0.5126558571279446
C_MATERIAL:0.5418749431455389
