ELO:824
CE_PASSEDPAWNS:0.4681959237204224
CE_PAWNWEAKNESSES:0.4932900007809428
CE_PIECEACTIVITY:0.525787858796739
CE_KINGPAWNSHIELD:0.4865303995290595
CE_PIECECOORDINATION:0.5593985580819739
CE_MATERIAL:0.5173348347800646
CE_KINGSAFETY:0.5004882329908026
C_PIECESQUARETABLES:0.49548704282129363
C_MOBILITY:0.46726279153427924
C_KINGSAFETY:0.5461196724490238
C_PAWNSTRUCTURE:0.4728029704135343
C_PIECECOORDINATION:0.5271324747015271
C_ROOKANDPAWNMOVEMENT:0.5271324747015271
C_CENTERCONTROL:0.5359314363547425
C_DEVELOPPIECES:0.4159959869856059
C_MATERIAL:0.4863673841562397
C_MOVECOUNT:0.5114063989288286
