ELO:923
CE_PASSEDPAWNS:0.5002285303247118
CE_PAWNWEAKNESSES:0.5143340129188533
CE_PIECEACTIVITY:0.48941361913629183
CE_KINGPAWNSHIELD:0.49201425574158536
CE_PIECECOORDINATION:0.531102466864071
CE_MATERIAL:0.49393106072510623
CE_KINGSAFETY:0.5008674076531412
C_PIECESQUARETABLES:0.5130224529315633
C_MOBILITY:0.4851788313573726
C_KINGSAFETY:0.5118210689338597
C_PAWNSTRUCTURE:0.4551627222436622
C_PIECECOORDINATION:0.5489567508639174
C_ROOKANDPAWNMOVEMENT:0.5489567508639174
C_CENTERCONTROL:0.5072940731366303
C_DEVELOPPIECES:0.41227891666455607
C_MATERIAL:0.5176540121589053
C_MOVECOUNT:0.48453190090547277
