ELO:957
CE_PASSEDPAWNS:0.4687271470013858
CE_PAWNWEAKNESSES:0.38590206260931265
CE_PIECEACTIVITY:0.5272769659221453
CE_KINGPAWNSHIELD:0.5046112513446204
CE_PIECECOORDINATION:0.39612344001867766
CE_MATERIAL:0.4500483692381045
CE_KINGSAFETY:0.5091268248124545
C_PIECESQUARETABLES:0.46738085629021725
C_MOBILITY:0.5370400437215966
C_KINGSAFETY:0.4232584389678592
C_PAWNSTRUCTURE:0.48102791255896815
C_PIECECOORDINATION:0.392828626823231
C_ROOKANDPAWNMOVEMENT:0.392828626823231
C_CENTERCONTROL:0.498680216360797
C_DEVELOPPIECES:0.5036376644878224
C_MATERIAL:0.502033385648293
