ELO:1017
CE_PASSEDPAWNS:0.4936118726401552
CE_PAWNWEAKNESSES:0.5
CE_PIECEACTIVITY:0.49012116222905705
CE_KINGPAWNSHIELD:0.5042842233069175
CE_PIECECOORDINATION:0.5
CE_MATERIAL:0.5
CE_KINGSAFETY:0.5
C_PIECESQUARETABLES:0.5
C_MOBILITY:0.49677157259692234
C_KINGSAFETY:0.48928570113199704
C_PAWNSTRUCTURE:0.4988976233761561
C_PIECECOORDINATION:0.5116052650428095
C_ROOK:0.4863793706532083
CE_ROOK:0.5
C_CENTERCONTROL:0.5055156476960524
C_DEVELOPPIECES:0.5
C_MATERIAL:0.49893203429691124
C_MOVECOUNT:0.4839318357483658
C_PAWNMOVEMENT:0.5
