ELO:1015
CE_PASSEDPAWNS:0.5106766206312706
CE_PAWNWEAKNESSES:0.5046852023709752
CE_PIECEACTIVITY:0.49046209081848813
CE_KINGPAWNSHIELD:0.5024837139228125
CE_PIECECOORDINATION:0.5070761107935201
CE_MATERIAL:0.48745270515829425
CE_KINGSAFETY:0.5
C_PIECESQUARETABLES:0.5
C_MOBILITY:0.5491744198532802
C_KINGSAFETY:0.4881133443909849
C_PAWNSTRUCTURE:0.5
C_PIECECOORDINATION:0.516105536914867
C_ROOK:0.5099748085010218
CE_ROOK:0.4942618233668955
C_CENTERCONTROL:0.5107528248670821
C_DEVELOPPIECES:0.4990265789269385
C_MATERIAL:0.5014887861664326
C_MOVECOUNT:0.5038832775438904
C_PAWNMOVEMENT:0.45705365480330884
