ELO:1000
CE_PASSEDPAWNS:0.48353823439711563
CE_PAWNWEAKNESSES:0.4107482648446762
CE_PIECEACTIVITY:0.48200625740129216
CE_KINGPAWNSHIELD:0.4582818142948525
CE_PIECECOORDINATION:0.47998138822258285
CE_MATERIAL:0.46209537696046776
CE_KINGSAFETY:0.5075100433849443
C_PIECESQUARETABLES:0.48575493486485244
C_MOBILITY:0.49239995711037166
C_KINGSAFETY:0.49032151988800265
C_PAWNSTRUCTURE:0.4177775989726616
C_PIECECOORDINATION:0.4476122759289622
C_ROOKANDPAWNMOVEMENT:0.4476122759289622
C_CENTERCONTROL:0.48322103238270825
C_DEVELOPPIECES:0.4559300957808685
C_MATERIAL:0.5090276142939859
