ELO:1079
CE_PASSEDPAWNS:0.4936118726401552
CE_PAWNWEAKNESSES:0.5090178634025811
CE_PIECEACTIVITY:0.5093018100212628
CE_KINGPAWNSHIELD:0.5053802018525926
CE_PIECECOORDINATION:0.5
CE_MATERIAL:0.4936647227553223
CE_KINGSAFETY:0.5
C_PIECESQUARETABLES:0.5
C_MOBILITY:0.5097156983564551
C_KINGSAFETY:0.49228112518646927
C_PAWNSTRUCTURE:0.5068332941276955
C_PIECECOORDINATION:0.5201670512737098
C_ROOK:0.5
CE_ROOK:0.5105260679165217
C_CENTERCONTROL:0.5039048454225293
C_DEVELOPPIECES:0.509493895522361
C_MATERIAL:0.49797995460073996
C_MOVECOUNT:0.4900593295644423
C_PAWNMOVEMENT:0.48657398600930984
