ELO:1049
CE_PASSEDPAWNS:0.5172142507225177
CE_PAWNWEAKNESSES:0.5056677931160859
CE_PIECEACTIVITY:0.5061512893869018
CE_KINGPAWNSHIELD:0.5092985468518595
CE_PIECECOORDINATION:0.5063329275755295
CE_MATERIAL:0.5091255916474943
CE_KINGSAFETY:0.5
C_PIECESQUARETABLES:0.5
C_MOBILITY:0.4906554847187669
C_KINGSAFETY:0.48382163288164737
C_PAWNSTRUCTURE:0.5
C_PIECECOORDINATION:0.5110491551584357
C_ROOK:0.5036332535940218
CE_ROOK:0.5
C_CENTERCONTROL:0.4955996416714282
C_DEVELOPPIECES:0.5022918890320295
C_MATERIAL:0.4856094113441688
C_MOVECOUNT:0.5048232963758446
C_PAWNMOVEMENT:0.4992795389654028
