ELO:996
CE_PASSEDPAWNS:0.4951186310600352
CE_PAWNWEAKNESSES:0.5091434419445484
CE_PIECEACTIVITY:0.49122750278372074
CE_KINGPAWNSHIELD:0.5035163566076782
CE_PIECECOORDINATION:0.5013458004053237
CE_MATERIAL:0.4948837089566352
CE_KINGSAFETY:0.5
C_PIECESQUARETABLES:0.481860282073696
C_MOBILITY:0.5124157304033031
C_KINGSAFETY:0.5
C_PAWNSTRUCTURE:0.5
C_PIECECOORDINATION:0.5
C_ROOKANDPAWNMOVEMENT:0.5
C_CENTERCONTROL:0.4632028092655085
C_DEVELOPPIECES:0.48546745896633225
C_MATERIAL:0.5
C_MOVECOUNT:0.5027201627007436
