ELO:1022
CE_PASSEDPAWNS:0.5
CE_PAWNWEAKNESSES:0.4934967799216349
CE_PIECEACTIVITY:0.5
CE_KINGPAWNSHIELD:0.5
CE_PIECECOORDINATION:0.5
CE_MATERIAL:0.5113046221875883
CE_KINGSAFETY:0.49843507069192666
C_PIECESQUARETABLES:0.48990507082878854
C_MOBILITY:0.5
C_KINGSAFETY:0.5030711765613735
C_PAWNSTRUCTURE:0.5
C_PIECECOORDINATION:0.5117245257736837
C_ROOK:0.5
CE_ROOK:0.5
C_CENTERCONTROL:0.5
C_DEVELOPPIECES:0.5026729740278436
C_MATERIAL:0.5
C_MOVECOUNT:0.491893627719153
C_PAWNMOVEMENT:0.5009614100383447
