ELO:990
CE_PASSEDPAWNS:0.3888116440030625
CE_PAWNWEAKNESSES:0.43676396125761996
CE_PIECEACTIVITY:0.48953450389382713
CE_KINGPAWNSHIELD:0.48500690864790497
CE_PIECECOORDINATION:0.6026923812399553
CE_MATERIAL:0.3912447836909673
CE_KINGSAFETY:0.5021873845617231
C_PIECESQUARETABLES:0.4900650569570265
C_MOBILITY:0.6096578501700374
C_KINGSAFETY:0.574264405057285
C_PAWNSTRUCTURE:0.6191323785938111
C_PIECECOORDINATION:0.6135308168497035
C_ROOKANDPAWNMOVEMENT:0.6135308168497035
C_CENTERCONTROL:0.38974910821866054
C_DEVELOPPIECES:0.5528173797779841
C_MATERIAL:0.59254701743313
