ELO:1041
CE_PASSEDPAWNS:0.5
CE_PAWNWEAKNESSES:0.4979227921405464
CE_PIECEACTIVITY:0.4979635127989679
CE_KINGPAWNSHIELD:0.4999278683359575
CE_PIECECOORDINATION:0.501204447294484
CE_MATERIAL:0.48861278833284777
CE_KINGSAFETY:0.5
C_PIECESQUARETABLES:0.5207229103344944
C_MOBILITY:0.5
C_KINGSAFETY:0.5
C_PAWNSTRUCTURE:0.49724487982192306
C_PIECECOORDINATION:0.5
C_ROOK:0.48905172488222565
CE_ROOK:0.5
C_CENTERCONTROL:0.5056689279452063
C_DEVELOPPIECES:0.48848229744133387
C_MATERIAL:0.47017072629692896
C_MOVECOUNT:0.49893813577440776
C_PAWNMOVEMENT:0.5
