ELO:817
CE_PASSEDPAWNS:0.4608294642019895
CE_PAWNWEAKNESSES:0.5404600902528891
CE_PIECEACTIVITY:0.5383335830570066
CE_KINGPAWNSHIELD:0.5068114490097552
CE_PIECECOORDINATION:0.47124410353175833
CE_MATERIAL:0.48302886994624306
CE_KINGSAFETY:0.4820341069829626
C_PIECESQUARETABLES:0.5376999352634776
C_MOBILITY:0.49358424701701087
C_KINGSAFETY:0.4821480141401019
C_PAWNSTRUCTURE:0.4527726863611246
C_PIECECOORDINATION:0.528501700415703
C_ROOKANDPAWNMOVEMENT:0.528501700415703
C_CENTERCONTROL:0.5463315982625061
C_DEVELOPPIECES:0.42241353789989955
C_MATERIAL:0.4998537411898432
C_MOVECOUNT:0.5
