ELO:998
CE_PASSEDPAWNS:0.5037537646743024
CE_PAWNWEAKNESSES:0.5
CE_PIECEACTIVITY:0.4638931148271626
CE_KINGPAWNSHIELD:0.5191007321874601
CE_PIECECOORDINATION:0.5080916076303585
CE_MATERIAL:0.5056575580659863
CE_KINGSAFETY:0.5
C_PIECESQUARETABLES:0.5
C_MOBILITY:0.5305913355179892
C_KINGSAFETY:0.5017018121607408
C_PAWNSTRUCTURE:0.5031559625396848
C_PIECECOORDINATION:0.5132835276511576
C_ROOKANDPAWNMOVEMENT:0.5132835276511576
C_CENTERCONTROL:0.49866898856903286
C_DEVELOPPIECES:0.5002283054040666
C_MATERIAL:0.505057292290034
C_MOVECOUNT:0.5058625302964954
