ELO:1020
CE_PASSEDPAWNS:0.48988584357042053
CE_PAWNWEAKNESSES:0.5056677931160859
CE_PIECEACTIVITY:0.4943332666907198
CE_KINGPAWNSHIELD:0.5158028199227129
CE_PIECECOORDINATION:0.4899103651352972
CE_MATERIAL:0.493550948517145
CE_KINGSAFETY:0.5
C_PIECESQUARETABLES:0.5
C_MOBILITY:0.49680657775462084
C_KINGSAFETY:0.48406572747192883
C_PAWNSTRUCTURE:0.492159784962093
C_PIECECOORDINATION:0.5133516354288787
C_ROOK:0.5018544731710882
CE_ROOK:0.5094720798810508
C_CENTERCONTROL:0.4921312419304174
C_DEVELOPPIECES:0.5249502262436926
C_MATERIAL:0.50017904772337
C_MOVECOUNT:0.48775097414123053
C_PAWNMOVEMENT:0.520502652394057
