ELO:1000
CE_PASSEDPAWNS:0.5064204595117561
CE_PAWNWEAKNESSES:0.5106046051973139
CE_PIECEACTIVITY:0.4872914333349724
CE_KINGPAWNSHIELD:0.502101697817865
CE_PIECECOORDINATION:0.497318668580796
CE_MATERIAL:0.5041973213705031
CE_KINGSAFETY:0.49875952050650274
C_PIECESQUARETABLES:0.4881570897618169
C_MOBILITY:0.5147709434316301
C_KINGSAFETY:0.5028018807117096
C_PAWNSTRUCTURE:0.49238089977207605
C_PIECECOORDINATION:0.4977666859463347
C_ROOKANDPAWNMOVEMENT:0.4977666859463347
C_CENTERCONTROL:0.4974777407374024
C_DEVELOPPIECES:0.4824099148686404
C_MATERIAL:0.500366894553211
