ELO:1003
CE_PASSEDPAWNS:0.5169760193440105
CE_PAWNWEAKNESSES:0.5035392195198948
CE_PIECEACTIVITY:0.4960641123217066
CE_KINGPAWNSHIELD:0.5016849463163026
CE_PIECECOORDINATION:0.5024697953801938
CE_MATERIAL:0.5
CE_KINGSAFETY:0.5
C_PIECESQUARETABLES:0.5
C_MOBILITY:0.5
C_KINGSAFETY:0.5183495245018391
C_PAWNSTRUCTURE:0.5
C_PIECECOORDINATION:0.4904117815265584
C_ROOKANDPAWNMOVEMENT:0.4904117815265584
C_CENTERCONTROL:0.4956882250400726
C_DEVELOPPIECES:0.5074039076591577
C_MATERIAL:0.501105447019186
C_MOVECOUNT:0.5000291857498538
