ELO:1000
CE_PASSEDPAWNS:0.4522774147517136
CE_PAWNWEAKNESSES:0.42547327174757466
CE_PIECEACTIVITY:0.4799726845873034
CE_KINGPAWNSHIELD:0.5161375066318374
CE_PIECECOORDINATION:0.5027767593951
CE_MATERIAL:0.4454724535355179
CE_KINGSAFETY:0.5467595741515836
C_PIECESQUARETABLES:0.4420630111039846
C_MOBILITY:0.49498032170185885
C_KINGSAFETY:0.46328368486096894
C_PAWNSTRUCTURE:0.460056997091684
C_PIECECOORDINATION:0.4370186204552855
C_ROOKANDPAWNMOVEMENT:0.4370186204552855
C_CENTERCONTROL:0.49466051840215053
C_DEVELOPPIECES:0.4957455597530752
C_MATERIAL:0.5356967663621653
