ELO:966
CE_PASSEDPAWNS:0.5058693647361531
CE_PAWNWEAKNESSES:0.526973738951957
CE_PIECEACTIVITY:0.517945054164554
CE_KINGPAWNSHIELD:0.525021536136841
CE_PIECECOORDINATION:0.5029888331603619
CE_MATERIAL:0.48949401981261653
CE_KINGSAFETY:0.4998163083094172
C_PIECESQUARETABLES:0.5
C_MOBILITY:0.5116623085970322
C_KINGSAFETY:0.5080797439710119
C_PAWNSTRUCTURE:0.5186252620714851
C_PIECECOORDINATION:0.475371682415268
C_ROOKANDPAWNMOVEMENT:0.475371682415268
C_CENTERCONTROL:0.5057190343838817
C_DEVELOPPIECES:0.5108306203571978
C_MATERIAL:0.5050461855575866
C_MOVECOUNT:0.5
