ELO:979
CE_PASSEDPAWNS:0.4957960304759015
CE_PAWNWEAKNESSES:0.4946943784492224
CE_PIECEACTIVITY:0.5061116283331946
CE_KINGPAWNSHIELD:0.4957803202885925
CE_PIECECOORDINATION:0.53433782657228
CE_MATERIAL:0.5332727913959253
CE_KINGSAFETY:0.5
C_PIECESQUARETABLES:0.5
C_MOBILITY:0.482347942129719
C_KINGSAFETY:0.492370915594997
C_PAWNSTRUCTURE:0.5187682782030247
C_PIECECOORDINATION:0.5052027164082932
C_ROOK:0.5178986728585836
CE_ROOK:0.4556901687757129
C_CENTERCONTROL:0.503915262968317
C_DEVELOPPIECES:0.5025489035147771
C_MATERIAL:0.5147739259836799
C_MOVECOUNT:0.5017453697479326
C_PAWNMOVEMENT:0.5227946591338658
