ELO:987
CE_PASSEDPAWNS:0.46211595908486375
CE_PAWNWEAKNESSES:0.4223751848509074
CE_PIECEACTIVITY:0.5016970108952217
CE_KINGPAWNSHIELD:0.5121937195627185
CE_PIECECOORDINATION:0.463378292112248
CE_MATERIAL:0.44879311151218887
CE_KINGSAFETY:0.5222580335612012
C_PIECESQUARETABLES:0.4607331913029703
C_MOBILITY:0.5395630770422964
C_KINGSAFETY:0.4527074060695401
C_PAWNSTRUCTURE:0.4346844805692603
C_PIECECOORDINATION:0.41883590156442135
C_ROOKANDPAWNMOVEMENT:0.41883590156442135
C_CENTERCONTROL:0.5334688994414656
C_DEVELOPPIECES:0.5154487370483405
C_MATERIAL:0.5171232735180242
