ELO:1045
CE_PASSEDPAWNS:0.4925151874281655
CE_PAWNWEAKNESSES:0.5056677931160859
CE_PIECEACTIVITY:0.5291606471575581
CE_KINGPAWNSHIELD:0.5
CE_PIECECOORDINATION:0.5070761107935201
CE_MATERIAL:0.4913272283403476
CE_KINGSAFETY:0.5
C_PIECESQUARETABLES:0.5
C_MOBILITY:0.5
C_KINGSAFETY:0.4890094461229128
C_PAWNSTRUCTURE:0.5140388997786214
C_PIECECOORDINATION:0.520225539343415
C_ROOK:0.49977484436432357
CE_ROOK:0.49392803174519356
C_CENTERCONTROL:0.49448602264287395
C_DEVELOPPIECES:0.5025489035147771
C_MATERIAL:0.503537440598957
C_MOVECOUNT:0.4727038447097598
C_PAWNMOVEMENT:0.5059912779636543
