ELO:993
CE_PASSEDPAWNS:0.49998537282627664
CE_PAWNWEAKNESSES:0.5056677931160859
CE_PIECEACTIVITY:0.4869079420425813
CE_KINGPAWNSHIELD:0.467426493073442
CE_PIECECOORDINATION:0.511440232155312
CE_MATERIAL:0.493550948517145
CE_KINGSAFETY:0.48821243233452377
C_PIECESQUARETABLES:0.5
C_MOBILITY:0.5
C_KINGSAFETY:0.5066495983925626
C_PAWNSTRUCTURE:0.49652233837219034
C_PIECECOORDINATION:0.5207678628698796
C_ROOK:0.5363278611052644
CE_ROOK:0.5094720798810508
C_CENTERCONTROL:0.4914732669025888
C_DEVELOPPIECES:0.4990265789269385
C_MATERIAL:0.50017904772337
C_MOVECOUNT:0.5063024472324568
C_PAWNMOVEMENT:0.47062027920533545
