ELO:945
CE_PASSEDPAWNS:0.47339153571484593
CE_PAWNWEAKNESSES:0.5436848584262006
CE_PIECEACTIVITY:0.49419503064901116
CE_KINGPAWNSHIELD:0.4777090491801057
CE_PIECECOORDINATION:0.3963992807253403
CE_MATERIAL:0.5485284213919079
CE_KINGSAFETY:0.46436504876455165
C_PIECESQUARETABLES:0.505992322787424
C_MOBILITY:0.4471731710194883
C_KINGSAFETY:0.4830108356272641
C_PAWNSTRUCTURE:0.4876080768889737
C_PIECECOORDINATION:0.3711326394890603
C_ROOKANDPAWNMOVEMENT:0.3711326394890603
C_CENTERCONTROL:0.433922768900577
C_DEVELOPPIECES:0.6319844107743214
C_MATERIAL:0.5298412294366802
