ELO:990
CE_PASSEDPAWNS:0.4899099996468147
CE_PAWNWEAKNESSES:0.5
CE_PIECEACTIVITY:0.5348668115059104
CE_KINGPAWNSHIELD:0.5205113740364945
CE_PIECECOORDINATION:0.5172603268701081
CE_MATERIAL:0.49740817090558637
CE_KINGSAFETY:0.5
C_PIECESQUARETABLES:0.5
C_MOBILITY:0.5023810543207409
C_KINGSAFETY:0.49611759396675703
C_PAWNSTRUCTURE:0.5
C_PIECECOORDINATION:0.5
C_ROOKANDPAWNMOVEMENT:0.5
C_CENTERCONTROL:0.4783320860201676
C_DEVELOPPIECES:0.5021532186206815
C_MATERIAL:0.5108310096554242
C_MOVECOUNT:0.5025318851409747
