ELO:815
CE_PASSEDPAWNS:0.4713662257545141
CE_PAWNWEAKNESSES:0.5682700851650105
CE_PIECEACTIVITY:0.49733073806324296
CE_KINGPAWNSHIELD:0.4786930497605053
CE_PIECECOORDINATION:0.42563207771729256
CE_MATERIAL:0.45869931065373404
CE_KINGSAFETY:0.4602792991963736
C_PIECESQUARETABLES:0.5470686433940404
C_MOBILITY:0.5198338245887324
C_KINGSAFETY:0.46739168000536485
C_PAWNSTRUCTURE:0.4321407955907646
C_PIECECOORDINATION:0.507664281470708
C_ROOKANDPAWNMOVEMENT:0.507664281470708
C_CENTERCONTROL:0.5324638007283184
C_DEVELOPPIECES:0.3955838941657207
C_MATERIAL:0.547708647649687
C_MOVECOUNT:0.5
