ELO:805
CE_PASSEDPAWNS:0.3900015509716738
CE_PAWNWEAKNESSES:0.47042815152730966
CE_PIECEACTIVITY:0.3957158665847041
CE_KINGPAWNSHIELD:0.46457731416501113
CE_PIECECOORDINATION:0.497255555835002
CE_MATERIAL:0.3496946438318597
CE_KINGSAFETY:0.5168691236301943
C_PIECESQUARETABLES:0.5017325805809774
C_MOBILITY:0.4292805747730974
C_KINGSAFETY:0.4520599941192708
C_PAWNSTRUCTURE:0.690353221397131
C_PIECECOORDINATION:0.38768681449360554
C_ROOKANDPAWNMOVEMENT:0.38768681449360554
C_CENTERCONTROL:0.5425737763838222
C_DEVELOPPIECES:0.4266076044778745
C_MATERIAL:0.5680069034828873
