ELO:745
CE_PASSEDPAWNS:0.4545037840477469
CE_PAWNWEAKNESSES:0.5716053760818506
CE_PIECEACTIVITY:0.47666335368415513
CE_KINGPAWNSHIELD:0.4838783664056592
CE_PIECECOORDINATION:0.4229488386841789
CE_MATERIAL:0.4643153274929308
CE_KINGSAFETY:0.44677270337001657
C_PIECESQUARETABLES:0.544297186706949
C_MOBILITY:0.5166685827611721
C_KINGSAFETY:0.49495705734676343
C_PAWNSTRUCTURE:0.4190025835632057
C_PIECECOORDINATION:0.5182758559872023
C_ROOKANDPAWNMOVEMENT:0.5182758559872023
C_CENTERCONTROL:0.5390118350626648
C_DEVELOPPIECES:0.4218023398072587
C_MATERIAL:0.5296556433659534
C_MOVECOUNT:0.5
