ELO:884
CE_PASSEDPAWNS:0.40280534645121857
CE_PAWNWEAKNESSES:0.43561289957344185
CE_PIECEACTIVITY:0.40718129593357166
CE_KINGPAWNSHIELD:0.42034111574774724
CE_PIECECOORDINATION:0.5073817748511942
CE_MATERIAL:0.3687228144402622
CE_KINGSAFETY:0.5077544439755372
C_PIECESQUARETABLES:0.5027229196028978
C_MOBILITY:0.4676534851814782
C_KINGSAFETY:0.44886753045933653
C_PAWNSTRUCTURE:0.690920976626354
C_PIECECOORDINATION:0.4348931155843752
C_ROOKANDPAWNMOVEMENT:0.4348931155843752
C_CENTERCONTROL:0.5170643827444275
C_DEVELOPPIECES:0.42920965441830794
C_MATERIAL:0.5720623453966656
