ELO:953
CE_PASSEDPAWNS:0.4582531850585919
CE_PAWNWEAKNESSES:0.3882462420080448
CE_PIECEACTIVITY:0.5207227474474531
CE_KINGPAWNSHIELD:0.507626721057514
CE_PIECECOORDINATION:0.40724290153022813
CE_MATERIAL:0.44902102393979715
CE_KINGSAFETY:0.5157338658306441
C_PIECESQUARETABLES:0.4722082471875145
C_MOBILITY:0.5282313691636293
C_KINGSAFETY:0.4337615462148079
C_PAWNSTRUCTURE:0.46661191142047365
C_PIECECOORDINATION:0.38233029285389625
C_ROOKANDPAWNMOVEMENT:0.38233029285389625
C_CENTERCONTROL:0.4942858779930963
C_DEVELOPPIECES:0.5245612373438758
C_MATERIAL:0.5161027710483204
