ELO:1008
CE_PASSEDPAWNS:0.47753518206049705
CE_PAWNWEAKNESSES:0.5215066556781793
CE_PIECEACTIVITY:0.5163910831795497
CE_KINGPAWNSHIELD:0.46086093772286973
CE_PIECECOORDINATION:0.4949047946874286
CE_MATERIAL:0.4768712586067182
CE_KINGSAFETY:0.5
C_PIECESQUARETABLES:0.4977698715739625
C_MOBILITY:0.5163973572765719
C_KINGSAFETY:0.5442508827235891
C_PAWNSTRUCTURE:0.449064200912127
C_PIECECOORDINATION:0.49561317896743634
C_ROOKANDPAWNMOVEMENT:0.49561317896743634
C_CENTERCONTROL:0.47473329186140306
C_DEVELOPPIECES:0.42126721892355956
C_MATERIAL:0.5108071705356251
