ELO:1060
CE_PASSEDPAWNS:0.47479148015810063
CE_PAWNWEAKNESSES:0.5
CE_PIECEACTIVITY:0.50015651884507
CE_KINGPAWNSHIELD:0.4999278683359575
CE_PIECECOORDINATION:0.5093115604542384
CE_MATERIAL:0.49943024272280434
CE_KINGSAFETY:0.518287200808848
C_PIECESQUARETABLES:0.5206133055585649
C_MOBILITY:0.5
C_KINGSAFETY:0.5
C_PAWNSTRUCTURE:0.49559102468305377
C_PIECECOORDINATION:0.5
C_ROOK:0.4963975615059661
CE_ROOK:0.5084158268110656
C_CENTERCONTROL:0.48565541956306224
C_DEVELOPPIECES:0.4974668050260691
C_MATERIAL:0.5
C_MOVECOUNT:0.49893813577440776
C_PAWNMOVEMENT:0.5
