ELO:1023
CE_PASSEDPAWNS:0.4717757927554592
CE_PAWNWEAKNESSES:0.4908273960924968
CE_PIECEACTIVITY:0.4792949854638589
CE_KINGPAWNSHIELD:0.4892652713571424
CE_PIECECOORDINATION:0.49890875767298865
CE_MATERIAL:0.5041278043731872
CE_KINGSAFETY:0.5
C_PIECESQUARETABLES:0.5
C_MOBILITY:0.49790740899273217
C_KINGSAFETY:0.5095925340721521
C_PAWNSTRUCTURE:0.5
C_PIECECOORDINATION:0.5182515999081287
C_ROOK:0.46269784353553245
CE_ROOK:0.5094720798810508
C_CENTERCONTROL:0.5
C_DEVELOPPIECES:0.4990265789269385
C_MATERIAL:0.5070043979534633
C_MOVECOUNT:0.5038832775438904
C_PAWNMOVEMENT:0.5227013263934289
