ELO:998
CE_PASSEDPAWNS:0.49864766882081135
CE_PAWNWEAKNESSES:0.5077464787933629
CE_PIECEACTIVITY:0.4975328339894983
CE_KINGPAWNSHIELD:0.5028654402479912
CE_PIECECOORDINATION:0.49304491464863454
CE_MATERIAL:0.5049628978897545
CE_KINGSAFETY:0.5112044745754372
C_PIECESQUARETABLES:0.502746390422016
C_MOBILITY:0.5048507959884607
C_KINGSAFETY:0.5075652103408608
C_PAWNSTRUCTURE:0.5005071807915786
C_PIECECOORDINATION:0.5
C_ROOKANDPAWNMOVEMENT:0.5
C_CENTERCONTROL:0.5041406470346538
C_DEVELOPPIECES:0.5041610485785963
C_MATERIAL:0.500646310609531
C_MOVECOUNT:0.5
