ELO:1025
CE_PASSEDPAWNS:0.5
CE_PAWNWEAKNESSES:0.4908273960924968
CE_PIECEACTIVITY:0.4792949854638589
CE_KINGPAWNSHIELD:0.4909310683150645
CE_PIECECOORDINATION:0.5273503149869337
CE_MATERIAL:0.5115864410838993
CE_KINGSAFETY:0.5
C_PIECESQUARETABLES:0.5
C_MOBILITY:0.49790740899273217
C_KINGSAFETY:0.4890094461229128
C_PAWNSTRUCTURE:0.5
C_PIECECOORDINATION:0.5102384125149871
C_ROOK:0.5162458546038714
CE_ROOK:0.5236833020158534
C_CENTERCONTROL:0.5128788715870748
C_DEVELOPPIECES:0.4961452687840419
C_MATERIAL:0.4694591356605998
C_MOVECOUNT:0.49742331114217486
C_PAWNMOVEMENT:0.48514905918960954
