ELO:1001
CE_PASSEDPAWNS:0.5
CE_PAWNWEAKNESSES:0.4958685600653191
CE_PIECEACTIVITY:0.5
CE_KINGPAWNSHIELD:0.4826283781820291
CE_PIECECOORDINATION:0.5144196918808982
CE_MATERIAL:0.5024650923329226
CE_KINGSAFETY:0.5
C_PIECESQUARETABLES:0.5
C_MOBILITY:0.4968787702011927
C_KINGSAFETY:0.5
C_PAWNSTRUCTURE:0.48870054781672634
C_PIECECOORDINATION:0.4954306498611173
C_ROOKANDPAWNMOVEMENT:0.4954306498611173
C_CENTERCONTROL:0.561566158391353
C_DEVELOPPIECES:0.47501224188083263
C_MATERIAL:0.5
C_MOVECOUNT:0.5
