ELO:999
CE_PASSEDPAWNS:0.49985161041083276
CE_PAWNWEAKNESSES:0.5133106737301196
CE_PIECEACTIVITY:0.5
CE_KINGPAWNSHIELD:0.5269825828128462
CE_PIECECOORDINATION:0.5118393292539001
CE_MATERIAL:0.49542004263588296
CE_KINGSAFETY:0.5
C_PIECESQUARETABLES:0.5
C_MOBILITY:0.47273018546692847
C_KINGSAFETY:0.48807344140472475
C_PAWNSTRUCTURE:0.5115572988477921
C_PIECECOORDINATION:0.4723959568002817
C_ROOKANDPAWNMOVEMENT:0.4723959568002817
C_CENTERCONTROL:0.4929338769212658
C_DEVELOPPIECES:0.500699362592096
C_MATERIAL:0.49890027829693373
C_MOVECOUNT:0.5108792207109758
