ELO:754
CE_PASSEDPAWNS:0.4855287443544779
CE_PAWNWEAKNESSES:0.46369178752856477
CE_PIECEACTIVITY:0.4380510392234831
CE_KINGPAWNSHIELD:0.45458011542433846
CE_PIECECOORDINATION:0.4429162447402699
CE_MATERIAL:0.49115738785816543
CE_KINGSAFETY:0.4778992018993481
C_PIECESQUARETABLES:0.5055621228874532
C_MOBILITY:0.5885436755843286
C_KINGSAFETY:0.4484875153467375
C_PAWNSTRUCTURE:0.4790800711299238
C_PIECECOORDINATION:0.4933754977631729
C_ROOKANDPAWNMOVEMENT:0.4933754977631729
C_CENTERCONTROL:0.4867760861002791
C_DEVELOPPIECES:0.4601330709095989
C_MATERIAL:0.5525153212763996
C_MOVECOUNT:0.5
