ELO:1000
CE_PASSEDPAWNS:0.5235020042932412
CE_PAWNWEAKNESSES:0.4841188285464482
CE_PIECEACTIVITY:0.45595847203221984
CE_KINGPAWNSHIELD:0.49736625159901765
CE_PIECECOORDINATION:0.4253133121979692
CE_MATERIAL:0.5331446201816018
CE_KINGSAFETY:0.47930036621165284
C_PIECESQUARETABLES:0.49239850230101295
C_MOBILITY:0.5553368820368901
C_KINGSAFETY:0.5065536452554446
C_PAWNSTRUCTURE:0.49642750709365147
C_PIECECOORDINATION:0.4590850700948839
C_ROOKANDPAWNMOVEMENT:0.4590850700948839
C_CENTERCONTROL:0.44671523130119384
C_DEVELOPPIECES:0.5188789514861543
C_MATERIAL:0.44506447028877016
