ELO:1000
CE_PASSEDPAWNS:0.5029779239697646
CE_PAWNWEAKNESSES:0.489165474701271
CE_PIECEACTIVITY:0.4866617668639158
CE_KINGPAWNSHIELD:0.5053191860217434
CE_PIECECOORDINATION:0.484786058018856
CE_MATERIAL:0.5037159445563156
CE_KINGSAFETY:0.5174610117734708
C_PIECESQUARETABLES:0.5010914527188695
C_MOBILITY:0.5060313819102811
C_KINGSAFETY:0.5216751492912839
C_PAWNSTRUCTURE:0.5
C_PIECECOORDINATION:0.5037967469629635
C_ROOKANDPAWNMOVEMENT:0.5037967469629635
C_CENTERCONTROL:0.5
C_DEVELOPPIECES:0.4996554051151321
C_MATERIAL:0.488298342617318
