ELO:962
CE_PASSEDPAWNS:0.520176481849483
CE_PAWNWEAKNESSES:0.4925734518603073
CE_PIECEACTIVITY:0.5100446933132959
CE_KINGPAWNSHIELD:0.4762084634387056
CE_PIECECOORDINATION:0.4797822520974588
CE_MATERIAL:0.4972096047459905
CE_KINGSAFETY:0.49399190851472036
C_PIECESQUARETABLES:0.4992113113615117
C_MOBILITY:0.49920185240293735
C_KINGSAFETY:0.5044253253899859
C_PAWNSTRUCTURE:0.47720356719995527
C_PIECECOORDINATION:0.4926447665750661
C_ROOKANDPAWNMOVEMENT:0.4926447665750661
C_CENTERCONTROL:0.5032196824632545
C_DEVELOPPIECES:0.490817406196688
C_MATERIAL:0.4740727060762457
C_MOVECOUNT:0.4690039680947051
