ELO:1000
CE_PASSEDPAWNS:0.4760643388614973
CE_PAWNWEAKNESSES:0.472722624361678
CE_PIECEACTIVITY:0.47808757995871937
CE_KINGPAWNSHIELD:0.4563263760103605
CE_PIECECOORDINATION:0.44931489995453483
CE_MATERIAL:0.49199739551295635
CE_KINGSAFETY:0.49885591926355055
C_PIECESQUARETABLES:0.4998489701271564
C_MOBILITY:0.5098527820402408
C_KINGSAFETY:0.5081821492231229
C_PAWNSTRUCTURE:0.5365388537874828
C_PIECECOORDINATION:0.505698698258106
C_ROOKANDPAWNMOVEMENT:0.505698698258106
C_CENTERCONTROL:0.5555280347623484
C_DEVELOPPIECES:0.519460898319385
C_MATERIAL:0.5233280885343777
