ELO:996
CE_PASSEDPAWNS:0.5013774951365626
CE_PAWNWEAKNESSES:0.501516659880262
CE_PIECEACTIVITY:0.49458540541022183
CE_KINGPAWNSHIELD:0.5020336619904077
CE_PIECECOORDINATION:0.49441285322047696
CE_MATERIAL:0.48846524688244497
CE_KINGSAFETY:0.5
C_PIECESQUARETABLES:0.5
C_MOBILITY:0.488864453922192
C_KINGSAFETY:0.48582119294323933
C_PAWNSTRUCTURE:0.5016113557555999
C_PIECECOORDINATION:0.49085893782068973
C_ROOK:0.49859518912523276
CE_ROOK:0.5034453043520198
C_CENTERCONTROL:0.4967484723566125
C_DEVELOPPIECES:0.4974404177524108
C_MATERIAL:0.5
C_MOVECOUNT:0.5102438972443284
C_PAWNMOVEMENT:0.5049456440582872
