ELO:688
CE_PASSEDPAWNS:0.4654530006221544
CE_PAWNWEAKNESSES:0.48254077027913433
CE_PIECEACTIVITY:0.3640788645478237
CE_KINGPAWNSHIELD:0.48700843057362764
CE_PIECECOORDINATION:0.43933771008163264
CE_MATERIAL:0.4828120390335576
CE_KINGSAFETY:0.4795065017685121
C_PIECESQUARETABLES:0.44694199810139007
C_MOBILITY:0.5967815846541703
C_KINGSAFETY:0.4132363746295399
C_PAWNSTRUCTURE:0.4743327887609912
C_PIECECOORDINATION:0.48590038138147046
C_ROOKANDPAWNMOVEMENT:0.48590038138147046
C_CENTERCONTROL:0.505584994174866
C_DEVELOPPIECES:0.5256312457063085
C_MATERIAL:0.5543470547251043
C_MOVECOUNT:0.5
