ELO:699
CE_PASSEDPAWNS:0.46167099051454186
CE_PAWNWEAKNESSES:0.4732534016592016
CE_PIECEACTIVITY:0.3607100563657719
CE_KINGPAWNSHIELD:0.4620099355271868
CE_PIECECOORDINATION:0.4588294169450207
CE_MATERIAL:0.48721966554946033
CE_KINGSAFETY:0.5070373568046739
C_PIECESQUARETABLES:0.49578673373752985
C_MOBILITY:0.6188229831121161
C_KINGSAFETY:0.4300038446672239
C_PAWNSTRUCTURE:0.474905606870672
C_PIECECOORDINATION:0.46822668046921145
C_ROOKANDPAWNMOVEMENT:0.46822668046921145
C_CENTERCONTROL:0.5007645466652562
C_DEVELOPPIECES:0.49729686723907257
C_MATERIAL:0.5701850803616108
C_MOVECOUNT:0.48943771820323273
