ELO:1094
CE_PASSEDPAWNS:0.44719373547018243
CE_PAWNWEAKNESSES:0.4476413466186686
CE_PIECEACTIVITY:0.48013743344619403
CE_KINGPAWNSHIELD:0.4163559443447905
CE_PIECECOORDINATION:0.48509815532913175
CE_MATERIAL:0.44356435672464284
CE_KINGSAFETY:0.49536814599666773
C_PIECESQUARETABLES:0.5
C_MOBILITY:0.4248722025850633
C_KINGSAFETY:0.6283151709292027
C_PAWNSTRUCTURE:0.45868583616872105
C_PIECECOORDINATION:0.49827841196511374
C_ROOKANDPAWNMOVEMENT:0.49827841196511374
C_CENTERCONTROL:0.5014188595021803
C_DEVELOPPIECES:0.5576237735754453
C_MATERIAL:0.3927483274108717
