ELO:967
CE_PASSEDPAWNS:0.4960953027949179
CE_PAWNWEAKNESSES:0.4557528463489623
CE_PIECEACTIVITY:0.4978412157792159
CE_KINGPAWNSHIELD:0.5222932855555005
CE_PIECECOORDINATION:0.5222578271834434
CE_MATERIAL:0.48352539420027846
CE_KINGSAFETY:0.5
C_PIECESQUARETABLES:0.5
C_MOBILITY:0.47813124791286965
C_KINGSAFETY:0.4610028430645243
C_PAWNSTRUCTURE:0.4422903694464729
C_PIECECOORDINATION:0.5006771015729706
C_ROOK:0.4728103142230288
CE_ROOK:0.4972285056155696
C_CENTERCONTROL:0.5013428174102812
C_DEVELOPPIECES:0.4941493299577897
C_MATERIAL:0.48240963340563
C_MOVECOUNT:0.5129962208745527
C_PAWNMOVEMENT:0.5315511231117096
