ELO:935
CE_PASSEDPAWNS:0.5024708265146144
CE_PAWNWEAKNESSES:0.5328135613191867
CE_PIECEACTIVITY:0.4495968729335653
CE_KINGPAWNSHIELD:0.4023861371073307
CE_PIECECOORDINATION:0.44277979876143886
CE_MATERIAL:0.595441008936811
CE_KINGSAFETY:0.49330690657325454
C_PIECESQUARETABLES:0.48000775584038335
C_MOBILITY:0.5964526234818601
C_KINGSAFETY:0.3965531618869104
C_PAWNSTRUCTURE:0.44525398626048074
C_PIECECOORDINATION:0.5380059572021942
C_ROOKANDPAWNMOVEMENT:0.5380059572021942
C_CENTERCONTROL:0.5526238023395905
C_DEVELOPPIECES:0.5445561046077613
C_MATERIAL:0.5224224857009057
