ELO:972
CE_PASSEDPAWNS:0.5114030080942271
CE_PAWNWEAKNESSES:0.469836430791953
CE_PIECEACTIVITY:0.5022186535938976
CE_KINGPAWNSHIELD:0.5261608881456458
CE_PIECECOORDINATION:0.5165486150839663
CE_MATERIAL:0.4913026101101731
CE_KINGSAFETY:0.5102666891311824
C_PIECESQUARETABLES:0.5
C_MOBILITY:0.4857971948827332
C_KINGSAFETY:0.4640331562374695
C_PAWNSTRUCTURE:0.47297555411225295
C_PIECECOORDINATION:0.5000337611586588
C_ROOK:0.46598770652500904
CE_ROOK:0.5138119380253681
C_CENTERCONTROL:0.4965985775671194
C_DEVELOPPIECES:0.49208400465611696
C_MATERIAL:0.49724163439560615
C_MOVECOUNT:0.5047246051466968
C_PAWNMOVEMENT:0.5346835243611636
