ELO:859
CE_PASSEDPAWNS:0.49363301473714283
CE_PAWNWEAKNESSES:0.5029662769187124
CE_PIECEACTIVITY:0.5243601556710923
CE_KINGPAWNSHIELD:0.4613992044998299
CE_PIECECOORDINATION:0.5203082848445922
CE_MATERIAL:0.4682518446513318
CE_KINGSAFETY:0.4983875278549797
C_PIECESQUARETABLES:0.4476445225384749
C_MOBILITY:0.5957345738610085
C_KINGSAFETY:0.47821035616913704
C_PAWNSTRUCTURE:0.5498749810601414
C_PIECECOORDINATION:0.46582410372711136
C_ROOKANDPAWNMOVEMENT:0.46582410372711136
C_CENTERCONTROL:0.5000308938852337
C_DEVELOPPIECES:0.5440024233983284
C_MATERIAL:0.47875946796900654
C_MOVECOUNT:0.4930376559900563
