ELO:1008
CE_PASSEDPAWNS:0.503341552644952
CE_PAWNWEAKNESSES:0.5101342833997289
CE_PIECEACTIVITY:0.5034683874290813
CE_KINGPAWNSHIELD:0.5349110139578493
CE_PIECECOORDINATION:0.4906594051929775
CE_MATERIAL:0.5115864410838993
CE_KINGSAFETY:0.5
C_PIECESQUARETABLES:0.5
C_MOBILITY:0.5028170813085642
C_KINGSAFETY:0.501760859317036
C_PAWNSTRUCTURE:0.48451600998608046
C_PIECECOORDINATION:0.5020939457019299
C_ROOK:0.5634299875796682
CE_ROOK:0.5429856062923581
C_CENTERCONTROL:0.47718402223949724
C_DEVELOPPIECES:0.49914624624872594
C_MATERIAL:0.49745362351644534
C_MOVECOUNT:0.48577196235767534
C_PAWNMOVEMENT:0.5060951471904528
