ELO:711
CE_PASSEDPAWNS:0.4622143777585168
CE_PAWNWEAKNESSES:0.5061450553626577
CE_PIECEACTIVITY:0.4638264971045348
CE_KINGPAWNSHIELD:0.5302525067841409
CE_PIECECOORDINATION:0.479072815776598
CE_MATERIAL:0.4861042149429076
CE_KINGSAFETY:0.45889987114810393
C_PIECESQUARETABLES:0.48544268574872657
C_MOBILITY:0.448142371365668
C_KINGSAFETY:0.4777246806140031
C_PAWNSTRUCTURE:0.520600245047497
C_PIECECOORDINATION:0.5475945290779346
C_ROOKANDPAWNMOVEMENT:0.5475945290779346
C_CENTERCONTROL:0.5326635249252638
C_DEVELOPPIECES:0.47385195163681393
C_MATERIAL:0.443971216006617
C_MOVECOUNT:0.47805194635079234
