ELO:1004
CE_PASSEDPAWNS:0.586294516478412
CE_PAWNWEAKNESSES:0.5106218189490205
CE_PIECEACTIVITY:0.5048227039386702
CE_KINGPAWNSHIELD:0.4837864319198935
CE_PIECECOORDINATION:0.5397261738183533
CE_MATERIAL:0.436439210575384
CE_KINGSAFETY:0.4943801349663185
C_PIECESQUARETABLES:0.4849170608725824
C_MOBILITY:0.5767792261713347
C_KINGSAFETY:0.4834052448637776
C_PAWNSTRUCTURE:0.5471795384738599
C_PIECECOORDINATION:0.44428015802293314
C_ROOKANDPAWNMOVEMENT:0.44428015802293314
C_CENTERCONTROL:0.42197371551001844
C_DEVELOPPIECES:0.4640635102954977
C_MATERIAL:0.44031427358448627
