ELO:968
CE_PASSEDPAWNS:0.5006294086909993
CE_PAWNWEAKNESSES:0.4604822461667005
CE_PIECEACTIVITY:0.4860569118692993
CE_KINGPAWNSHIELD:0.5157432351227714
CE_PIECECOORDINATION:0.5020452843341123
CE_MATERIAL:0.4895583099501012
CE_KINGSAFETY:0.4734251696515034
C_PIECESQUARETABLES:0.5
C_MOBILITY:0.4727366543706288
C_KINGSAFETY:0.46903030348556607
C_PAWNSTRUCTURE:0.45661082976403106
C_PIECECOORDINATION:0.5006771015729706
C_ROOK:0.4728103142230288
CE_ROOK:0.4972285056155696
C_CENTERCONTROL:0.5013428174102812
C_DEVELOPPIECES:0.485287250481877
C_MATERIAL:0.4849952042443325
C_MOVECOUNT:0.5106292015667291
C_PAWNMOVEMENT:0.5210855439836577
