ELO:1018
CE_PASSEDPAWNS:0.4917426340294713
CE_PAWNWEAKNESSES:0.500484753023564
CE_PIECEACTIVITY:0.4956251599655687
CE_KINGPAWNSHIELD:0.5068584094865309
CE_PIECECOORDINATION:0.5029992794663124
CE_MATERIAL:0.5
CE_KINGSAFETY:0.5075116606130808
C_PIECESQUARETABLES:0.5091236204638313
C_MOBILITY:0.5
C_KINGSAFETY:0.5
C_PAWNSTRUCTURE:0.5
C_PIECECOORDINATION:0.496243194041132
C_ROOKANDPAWNMOVEMENT:0.496243194041132
C_CENTERCONTROL:0.5
C_DEVELOPPIECES:0.5
C_MATERIAL:0.5
C_MOVECOUNT:0.5
