ELO:998
CE_PASSEDPAWNS:0.4680071292182588
CE_PAWNWEAKNESSES:0.5420560687623416
CE_PIECEACTIVITY:0.5
CE_KINGPAWNSHIELD:0.5013719638725697
CE_PIECECOORDINATION:0.4673311413406331
CE_MATERIAL:0.4780527585395552
CE_KINGSAFETY:0.5
C_PIECESQUARETABLES:0.5
C_MOBILITY:0.4749484665676211
C_KINGSAFETY:0.5240590034009495
C_PAWNSTRUCTURE:0.4964661832765182
C_PIECECOORDINATION:0.5123774048573894
C_ROOK:0.4886227711790178
CE_ROOK:0.5031881430088736
C_CENTERCONTROL:0.48196652240394794
C_DEVELOPPIECES:0.49176792047165824
C_MATERIAL:0.5003954436729884
C_MOVECOUNT:0.4733766181712077
C_PAWNMOVEMENT:0.48657398600930984
