ELO:982
CE_PASSEDPAWNS:0.49388085536480714
CE_PAWNWEAKNESSES:0.4878400937599201
CE_PIECEACTIVITY:0.5024436099125831
CE_KINGPAWNSHIELD:0.5
CE_PIECECOORDINATION:0.49774509583918053
CE_MATERIAL:0.4650325313968213
CE_KINGSAFETY:0.49557277435017383
C_PIECESQUARETABLES:0.4880318965677612
C_MOBILITY:0.5090334328829947
C_KINGSAFETY:0.5
C_PAWNSTRUCTURE:0.5121773350479835
C_PIECECOORDINATION:0.4875398599538994
C_ROOKANDPAWNMOVEMENT:0.4875398599538994
C_CENTERCONTROL:0.4875162346778494
C_DEVELOPPIECES:0.5022435476273907
C_MATERIAL:0.5012437267050226
C_MOVECOUNT:0.5
