ELO:1005
CE_PASSEDPAWNS:0.46641670499081106
CE_PAWNWEAKNESSES:0.5
CE_PIECEACTIVITY:0.4839973358516416
CE_KINGPAWNSHIELD:0.49211600039545994
CE_PIECECOORDINATION:0.5
CE_MATERIAL:0.5164031859318192
CE_KINGSAFETY:0.5
C_PIECESQUARETABLES:0.5
C_MOBILITY:0.50558725043813
C_KINGSAFETY:0.491803600479474
C_PAWNSTRUCTURE:0.5005690301204058
C_PIECECOORDINATION:0.49438533471707913
C_ROOKANDPAWNMOVEMENT:0.49438533471707913
C_CENTERCONTROL:0.4939498356027617
C_DEVELOPPIECES:0.5020902303506988
C_MATERIAL:0.5029490894126952
C_MOVECOUNT:0.5226777607414206
