ELO:752
CE_PASSEDPAWNS:0.4631028994897252
CE_PAWNWEAKNESSES:0.5128310386911966
CE_PIECEACTIVITY:0.4595771228683499
CE_KINGPAWNSHIELD:0.5328310733791193
CE_PIECECOORDINATION:0.48797582188115274
CE_MATERIAL:0.5042775083323144
CE_KINGSAFETY:0.44866500878949606
C_PIECESQUARETABLES:0.48890451810507957
C_MOBILITY:0.4685538868375249
C_KINGSAFETY:0.4524161370485307
C_PAWNSTRUCTURE:0.5249160971048981
C_PIECECOORDINATION:0.5487395857375366
C_ROOKANDPAWNMOVEMENT:0.5487395857375366
C_CENTERCONTROL:0.5305001881977952
C_DEVELOPPIECES:0.48473587612458147
C_MATERIAL:0.4498238486114247
C_MOVECOUNT:0.4971218485370524
