ELO:977
CE_PASSEDPAWNS:0.4780246459236774
CE_PAWNWEAKNESSES:0.4648229411209621
CE_PIECEACTIVITY:0.495418690935257
CE_KINGPAWNSHIELD:0.5009532458376441
CE_PIECECOORDINATION:0.5636899066244102
CE_MATERIAL:0.5
CE_KINGSAFETY:0.5
C_PIECESQUARETABLES:0.5
C_MOBILITY:0.5615648180461223
C_KINGSAFETY:0.4577159948099228
C_PAWNSTRUCTURE:0.4973442938938453
C_PIECECOORDINATION:0.5268608791544476
C_ROOK:0.47342411414949226
CE_ROOK:0.4885019545631035
C_CENTERCONTROL:0.5182369409182954
C_DEVELOPPIECES:0.490731629017627
C_MATERIAL:0.5080029093786893
C_MOVECOUNT:0.4908997420402082
C_PAWNMOVEMENT:0.5271924546016467
