ELO:968
CE_PASSEDPAWNS:0.5114030080942271
CE_PAWNWEAKNESSES:0.4693997629685204
CE_PIECEACTIVITY:0.4860569118692993
CE_KINGPAWNSHIELD:0.5277772006180781
CE_PIECECOORDINATION:0.5135672238662925
CE_MATERIAL:0.4895583099501012
CE_KINGSAFETY:0.47621223817760244
C_PIECESQUARETABLES:0.5
C_MOBILITY:0.481290539921798
C_KINGSAFETY:0.4618763389990566
C_PAWNSTRUCTURE:0.4521080679848269
C_PIECECOORDINATION:0.49408442120964335
C_ROOK:0.4728103142230288
CE_ROOK:0.5088207913636561
C_CENTERCONTROL:0.5000277530836316
C_DEVELOPPIECES:0.485287250481877
C_MATERIAL:0.4927472747404923
C_MOVECOUNT:0.5106292015667291
C_PAWNMOVEMENT:0.5210855439836577
