ELO:686
CE_PASSEDPAWNS:0.4595521274476173
CE_PAWNWEAKNESSES:0.4732534016592016
CE_PIECEACTIVITY:0.351330638064963
CE_KINGPAWNSHIELD:0.45464199518537163
CE_PIECECOORDINATION:0.4528155397070484
CE_MATERIAL:0.48721966554946033
CE_KINGSAFETY:0.5125808592561774
C_PIECESQUARETABLES:0.5046498753550471
C_MOBILITY:0.6188229831121161
C_KINGSAFETY:0.4300038446672239
C_PAWNSTRUCTURE:0.474905606870672
C_PIECECOORDINATION:0.45661064149228664
C_ROOKANDPAWNMOVEMENT:0.45661064149228664
C_CENTERCONTROL:0.49492280355941903
C_DEVELOPPIECES:0.4939283324365682
C_MATERIAL:0.5733463259731091
C_MOVECOUNT:0.47706986585785977
