ELO:990
CE_PASSEDPAWNS:0.39792981371987557
CE_PAWNWEAKNESSES:0.4496416682239731
CE_PIECEACTIVITY:0.5171308198906557
CE_KINGPAWNSHIELD:0.49215283543690386
CE_PIECECOORDINATION:0.5976150958295223
CE_MATERIAL:0.4172787174822064
CE_KINGSAFETY:0.5
C_PIECESQUARETABLES:0.5
C_MOBILITY:0.6152433879563652
C_KINGSAFETY:0.5742475742575268
C_PAWNSTRUCTURE:0.6289042165481391
C_PIECECOORDINATION:0.6135308168497035
C_ROOKANDPAWNMOVEMENT:0.6135308168497035
C_CENTERCONTROL:0.3840766358345023
C_DEVELOPPIECES:0.5528173797779841
C_MATERIAL:0.586350138018194
