ELO:1000
CE_PASSEDPAWNS:0.5305399435548351
CE_PAWNWEAKNESSES:0.4919897840417555
CE_PIECEACTIVITY:0.4825870112233716
CE_KINGPAWNSHIELD:0.49521192877236075
CE_PIECECOORDINATION:0.44151750271660245
CE_MATERIAL:0.5558596935617139
CE_KINGSAFETY:0.48870069904972435
C_PIECESQUARETABLES:0.49695533289381505
C_MOBILITY:0.5444231778403732
C_KINGSAFETY:0.5232923887834702
C_PAWNSTRUCTURE:0.48173676026657936
C_PIECECOORDINATION:0.4653173984767525
C_ROOKANDPAWNMOVEMENT:0.4653173984767525
C_CENTERCONTROL:0.47017261353890166
C_DEVELOPPIECES:0.5194715815256318
C_MATERIAL:0.46370075327285704
