ELO:1000
CE_PASSEDPAWNS:0.5049484310052113
CE_PAWNWEAKNESSES:0.4769603492469976
CE_PIECEACTIVITY:0.4605821983698807
CE_KINGPAWNSHIELD:0.5128815323274367
CE_PIECECOORDINATION:0.4855836898964209
CE_MATERIAL:0.5153923205223042
CE_KINGSAFETY:0.4876705067492889
C_PIECESQUARETABLES:0.5056865745017267
C_MOBILITY:0.4868057838286517
C_KINGSAFETY:0.5072204303940341
C_PAWNSTRUCTURE:0.5171907818466943
C_PIECECOORDINATION:0.4954958200217907
C_ROOKANDPAWNMOVEMENT:0.4954958200217907
C_CENTERCONTROL:0.5155047813611164
C_DEVELOPPIECES:0.5195839199112442
C_MATERIAL:0.5043202050351603
