ELO:1014
CE_PASSEDPAWNS:0.4707435551290376
CE_PAWNWEAKNESSES:0.462717305365148
CE_PIECEACTIVITY:0.5317165661625048
CE_KINGPAWNSHIELD:0.5077731326609959
CE_PIECECOORDINATION:0.471519832921901
CE_MATERIAL:0.5561845079137773
CE_KINGSAFETY:0.4889883487083
C_PIECESQUARETABLES:0.5
C_MOBILITY:0.5792205432411374
C_KINGSAFETY:0.5427861806037517
C_PAWNSTRUCTURE:0.5497176690619987
C_PIECECOORDINATION:0.4892013917203052
C_ROOKANDPAWNMOVEMENT:0.4892013917203052
C_CENTERCONTROL:0.44624597019036766
C_DEVELOPPIECES:0.5071618483771863
C_MATERIAL:0.5041089656500961
