ELO:985
CE_PASSEDPAWNS:0.5153917755817831
CE_PAWNWEAKNESSES:0.4925734518603073
CE_PIECEACTIVITY:0.4886429270285981
CE_KINGPAWNSHIELD:0.4762084634387056
CE_PIECECOORDINATION:0.47811150615804904
CE_MATERIAL:0.4961934422078108
CE_KINGSAFETY:0.49399190851472036
C_PIECESQUARETABLES:0.4869601636609433
C_MOBILITY:0.4949468438672318
C_KINGSAFETY:0.5017165091565569
C_PAWNSTRUCTURE:0.47089508145455705
C_PIECECOORDINATION:0.4926447665750661
C_ROOKANDPAWNMOVEMENT:0.4926447665750661
C_CENTERCONTROL:0.5092915353081563
C_DEVELOPPIECES:0.49543949420352534
C_MATERIAL:0.48402269654992197
C_MOVECOUNT:0.4652952835392602
