ELO:985
CE_PASSEDPAWNS:0.501571763514144
CE_PAWNWEAKNESSES:0.4831698435928337
CE_PIECEACTIVITY:0.5188652511767535
CE_KINGPAWNSHIELD:0.5
CE_PIECECOORDINATION:0.5066529879952931
CE_MATERIAL:0.48474506757499997
CE_KINGSAFETY:0.49932947165201474
C_PIECESQUARETABLES:0.5264106247763487
C_MOBILITY:0.48482437948017726
C_KINGSAFETY:0.49133242234223873
C_PAWNSTRUCTURE:0.5001427886881585
C_PIECECOORDINATION:0.4897164976288644
C_ROOKANDPAWNMOVEMENT:0.4897164976288644
C_CENTERCONTROL:0.5
C_DEVELOPPIECES:0.5
C_MATERIAL:0.4813659180178519
C_MOVECOUNT:0.5
