ELO:870
CE_PASSEDPAWNS:0.4061196345667511
CE_PAWNWEAKNESSES:0.557545715796376
CE_PIECEACTIVITY:0.47625960172684206
CE_KINGPAWNSHIELD:0.4155625097273315
CE_PIECECOORDINATION:0.5294285692381635
CE_MATERIAL:0.4233549631231054
CE_KINGSAFETY:0.49110775128047734
C_PIECESQUARETABLES:0.48280257962029716
C_MOBILITY:0.564850958437519
C_KINGSAFETY:0.4805369904409491
C_PAWNSTRUCTURE:0.4200534722709435
C_PIECECOORDINATION:0.41626327763496507
C_ROOKANDPAWNMOVEMENT:0.41626327763496507
C_CENTERCONTROL:0.5303045891200279
C_DEVELOPPIECES:0.4862744505209071
C_MATERIAL:0.5422605424449775
