ELO:980
CE_PASSEDPAWNS:0.4712402379316421
CE_PAWNWEAKNESSES:0.5319161433074742
CE_PIECEACTIVITY:0.49446188500372246
CE_KINGPAWNSHIELD:0.5001108174848418
CE_PIECECOORDINATION:0.5074362257496845
CE_MATERIAL:0.5769317737195312
CE_KINGSAFETY:0.51293273372503
C_PIECESQUARETABLES:0.47783611029834383
C_MOBILITY:0.5178839383613826
C_KINGSAFETY:0.4898733444490653
C_PAWNSTRUCTURE:0.5469058756038081
C_PIECECOORDINATION:0.5025577530204433
C_ROOKANDPAWNMOVEMENT:0.5025577530204433
C_CENTERCONTROL:0.49546531247038006
C_DEVELOPPIECES:0.4970395660894509
C_MATERIAL:0.4956480503859302
C_MOVECOUNT:0.521975550403894
