ELO:906
CE_PASSEDPAWNS:0.39449268649574554
CE_PAWNWEAKNESSES:0.5598241071712398
CE_PIECEACTIVITY:0.4868114720118602
CE_KINGPAWNSHIELD:0.47255485570823036
CE_PIECECOORDINATION:0.5979132846871313
CE_MATERIAL:0.3709377220456449
CE_KINGSAFETY:0.5
C_PIECESQUARETABLES:0.5
C_MOBILITY:0.49383548292440765
C_KINGSAFETY:0.3314081898094452
C_PAWNSTRUCTURE:0.43343341809219793
C_PIECECOORDINATION:0.586527406762069
C_ROOKANDPAWNMOVEMENT:0.586527406762069
C_CENTERCONTROL:0.5336512322881989
C_DEVELOPPIECES:0.3367809021591362
C_MATERIAL:0.531125529062775
