ELO:1008
CE_PASSEDPAWNS:0.5077771719130012
CE_PAWNWEAKNESSES:0.4949374420748937
CE_PIECEACTIVITY:0.5184076309445452
CE_KINGPAWNSHIELD:0.5120062770961185
CE_PIECECOORDINATION:0.5021572903359859
CE_MATERIAL:0.5251124271834237
CE_KINGSAFETY:0.5
C_PIECESQUARETABLES:0.5
C_MOBILITY:0.5108789503004801
C_KINGSAFETY:0.5014489995702224
C_PAWNSTRUCTURE:0.5055105955898538
C_PIECECOORDINATION:0.5212937570679573
C_ROOK:0.4854536249574806
CE_ROOK:0.47074760639015495
C_CENTERCONTROL:0.46054959780480975
C_DEVELOPPIECES:0.49383403657542363
C_MATERIAL:0.5
C_MOVECOUNT:0.5379381421066286
C_PAWNMOVEMENT:0.4799926178745808
