ELO:984
CE_PASSEDPAWNS:0.44007974263857974
CE_PAWNWEAKNESSES:0.5653429345323618
CE_PIECEACTIVITY:0.45608358061078386
CE_KINGPAWNSHIELD:0.5078899122395661
CE_PIECECOORDINATION:0.46084366033212043
CE_MATERIAL:0.4398519726392882
CE_KINGSAFETY:0.4910917034773922
C_PIECESQUARETABLES:0.5
C_MOBILITY:0.42914831676878035
C_KINGSAFETY:0.42770038937671645
C_PAWNSTRUCTURE:0.5495300105816543
C_PIECECOORDINATION:0.49173114498478293
C_ROOKANDPAWNMOVEMENT:0.49173114498478293
C_CENTERCONTROL:0.5323680073530185
C_DEVELOPPIECES:0.4833991216005175
C_MATERIAL:0.4833200417643024
