ELO:1000
CE_PASSEDPAWNS:0.46982164418670713
CE_PAWNWEAKNESSES:0.4425792128722891
CE_PIECEACTIVITY:0.5063048207544227
CE_KINGPAWNSHIELD:0.4804156541235311
CE_PIECECOORDINATION:0.44383597144931686
CE_MATERIAL:0.4962810254972618
CE_KINGSAFETY:0.4834657539339163
C_PIECESQUARETABLES:0.5189145656475287
C_MOBILITY:0.5219454461602159
C_KINGSAFETY:0.5376906196048715
C_PAWNSTRUCTURE:0.5375342015536694
C_PIECECOORDINATION:0.4942801637936109
C_ROOKANDPAWNMOVEMENT:0.4942801637936109
C_CENTERCONTROL:0.5495469234829676
C_DEVELOPPIECES:0.5560576316407851
C_MATERIAL:0.5439968628370451
