ELO:958
CE_PASSEDPAWNS:0.6103378254721866
CE_PAWNWEAKNESSES:0.5004445793232823
CE_PIECEACTIVITY:0.4842135350724905
CE_KINGPAWNSHIELD:0.3543996453905258
CE_PIECECOORDINATION:0.5254780502060369
CE_MATERIAL:0.5248033120913583
CE_KINGSAFETY:0.5229118396981404
C_PIECESQUARETABLES:0.4812613591275888
C_MOBILITY:0.44858597694454866
C_KINGSAFETY:0.45829651329641896
C_PAWNSTRUCTURE:0.48614844207725266
C_PIECECOORDINATION:0.46043356582307043
C_ROOKANDPAWNMOVEMENT:0.46043356582307043
C_CENTERCONTROL:0.5973424342054678
C_DEVELOPPIECES:0.3454948298578612
C_MATERIAL:0.6385064135175561
