ELO:995
CE_PASSEDPAWNS:0.5
CE_PAWNWEAKNESSES:0.5145380713430788
CE_PIECEACTIVITY:0.4910285458821195
CE_KINGPAWNSHIELD:0.48386584599366855
CE_PIECECOORDINATION:0.4942924682736717
CE_MATERIAL:0.49949843430925867
CE_KINGSAFETY:0.48633410475327976
C_PIECESQUARETABLES:0.5140054423528592
C_MOBILITY:0.4991699807720786
C_KINGSAFETY:0.4980892633050794
C_PAWNSTRUCTURE:0.5009202833797729
C_PIECECOORDINATION:0.4908769748425524
C_ROOKANDPAWNMOVEMENT:0.4908769748425524
C_CENTERCONTROL:0.516544557350856
C_DEVELOPPIECES:0.5105534955853963
C_MATERIAL:0.5173101135500814
C_MOVECOUNT:0.5
