ELO:974
CE_PASSEDPAWNS:0.51209361875173
CE_PAWNWEAKNESSES:0.48835247360744505
CE_PIECEACTIVITY:0.49445669785966523
CE_KINGPAWNSHIELD:0.5135844051961577
CE_PIECECOORDINATION:0.5043034244342973
CE_MATERIAL:0.48925624547229657
CE_KINGSAFETY:0.4949695608446715
C_PIECESQUARETABLES:0.46433063316924333
C_MOBILITY:0.4959507464055532
C_KINGSAFETY:0.4694090402689179
C_PAWNSTRUCTURE:0.4947654015538926
C_PIECECOORDINATION:0.4999764784199242
C_ROOK:0.47631424894060853
CE_ROOK:0.5288025189791399
C_CENTERCONTROL:0.5046456931202804
C_DEVELOPPIECES:0.5011614987979257
C_MATERIAL:0.5042729685605339
C_MOVECOUNT:0.5048471544603949
C_PAWNMOVEMENT:0.5337197486061663
