ELO:1032
CE_PASSEDPAWNS:0.4680071292182588
CE_PAWNWEAKNESSES:0.47286425670431176
CE_PIECEACTIVITY:0.5016471751227473
CE_KINGPAWNSHIELD:0.4958876103864205
CE_PIECECOORDINATION:0.5231004650816856
CE_MATERIAL:0.4872736127080947
CE_KINGSAFETY:0.5
C_PIECESQUARETABLES:0.5
C_MOBILITY:0.5160295201892989
C_KINGSAFETY:0.5014489995702224
C_PAWNSTRUCTURE:0.4859267463608704
C_PIECECOORDINATION:0.49996606131901206
C_ROOK:0.4854536249574806
CE_ROOK:0.49568208707785216
C_CENTERCONTROL:0.4925706165565375
C_DEVELOPPIECES:0.49224300431925777
C_MATERIAL:0.5127653659151674
C_MOVECOUNT:0.4733766181712077
C_PAWNMOVEMENT:0.5255969999201114
