ELO:951
CE_PASSEDPAWNS:0.4940711193135978
CE_PAWNWEAKNESSES:0.5
CE_PIECEACTIVITY:0.5
CE_KINGPAWNSHIELD:0.5122371862995583
CE_PIECECOORDINATION:0.4934803767247565
CE_MATERIAL:0.5
CE_KINGSAFETY:0.5226030738106379
C_PIECESQUARETABLES:0.5
C_MOBILITY:0.5
C_KINGSAFETY:0.4939876713790733
C_PAWNSTRUCTURE:0.5102014651160843
C_PIECECOORDINATION:0.49248444225268145
C_ROOKANDPAWNMOVEMENT:0.49248444225268145
C_CENTERCONTROL:0.5
C_DEVELOPPIECES:0.5014826909462189
C_MATERIAL:0.48906332066878294
C_MOVECOUNT:0.5
