ELO:977
CE_PASSEDPAWNS:0.5472597552816592
CE_PAWNWEAKNESSES:0.4944155772920567
CE_PIECEACTIVITY:0.47544844603174335
CE_KINGPAWNSHIELD:0.5436866878806508
CE_PIECECOORDINATION:0.5066232075357641
CE_MATERIAL:0.5003877061921235
CE_KINGSAFETY:0.5
C_PIECESQUARETABLES:0.5
C_MOBILITY:0.5203041328744696
C_KINGSAFETY:0.46549251813746473
C_PAWNSTRUCTURE:0.49051402911238096
C_PIECECOORDINATION:0.5250345055367492
C_ROOK:0.5426140210063214
CE_ROOK:0.4885019545631035
C_CENTERCONTROL:0.4966853808054438
C_DEVELOPPIECES:0.49326987677886586
C_MATERIAL:0.5080029093786893
C_MOVECOUNT:0.4908997420402082
C_PAWNMOVEMENT:0.5018048502023766
