ELO:874
CE_PASSEDPAWNS:0.5082031525464097
CE_PAWNWEAKNESSES:0.5193517366482387
CE_PIECEACTIVITY:0.4953192583499073
CE_KINGPAWNSHIELD:0.4255257608414461
CE_PIECECOORDINATION:0.49309921416567387
CE_MATERIAL:0.6164024641986767
CE_KINGSAFETY:0.4237201863966387
C_PIECESQUARETABLES:0.48138479344139096
C_MOBILITY:0.5801343989522355
C_KINGSAFETY:0.4007626056291255
C_PAWNSTRUCTURE:0.4633056994197126
C_PIECECOORDINATION:0.5453510838563197
C_ROOKANDPAWNMOVEMENT:0.5453510838563197
C_CENTERCONTROL:0.6377625978999941
C_DEVELOPPIECES:0.47078180928154423
C_MATERIAL:0.4841433951444916
