ELO:982
CE_PASSEDPAWNS:0.5072536722119172
CE_PAWNWEAKNESSES:0.501516659880262
CE_PIECEACTIVITY:0.4962716912190127
CE_KINGPAWNSHIELD:0.5020336619904077
CE_PIECECOORDINATION:0.5016842833378261
CE_MATERIAL:0.4925963736144164
CE_KINGSAFETY:0.5
C_PIECESQUARETABLES:0.5
C_MOBILITY:0.48354346227787715
C_KINGSAFETY:0.47489279589474326
C_PAWNSTRUCTURE:0.5085329544382748
C_PIECECOORDINATION:0.4937571952684309
C_ROOK:0.48925297027469716
CE_ROOK:0.5111980304534375
C_CENTERCONTROL:0.4967484723566125
C_DEVELOPPIECES:0.4961393929696725
C_MATERIAL:0.4994499563878413
C_MOVECOUNT:0.5102438972443284
C_PAWNMOVEMENT:0.5216598968324512
