ELO:987
CE_PASSEDPAWNS:0.5027882757647693
CE_PAWNWEAKNESSES:0.5506911553372502
CE_PIECEACTIVITY:0.4769959488193393
CE_KINGPAWNSHIELD:0.43039737258127453
CE_PIECECOORDINATION:0.4529655568339639
CE_MATERIAL:0.5700443938955588
CE_KINGSAFETY:0.49838646144795506
C_PIECESQUARETABLES:0.5140203319804502
C_MOBILITY:0.5901901233438008
C_KINGSAFETY:0.4274077134275365
C_PAWNSTRUCTURE:0.45703025788407803
C_PIECECOORDINATION:0.5818130914317267
C_ROOKANDPAWNMOVEMENT:0.5818130914317267
C_CENTERCONTROL:0.5746435274208898
C_DEVELOPPIECES:0.5145040507102102
C_MATERIAL:0.5715534867253974
