ELO:827
CE_PASSEDPAWNS:0.4945037413530024
CE_PAWNWEAKNESSES:0.465672851883043
CE_PIECEACTIVITY:0.45494275493520225
CE_KINGPAWNSHIELD:0.46209705131570555
CE_PIECECOORDINATION:0.4406029833841478
CE_MATERIAL:0.5249696957878262
CE_KINGSAFETY:0.5274189958468523
C_PIECESQUARETABLES:0.5732737667324599
C_MOBILITY:0.5566660547709203
C_KINGSAFETY:0.5250652127542285
C_PAWNSTRUCTURE:0.4905181704957267
C_PIECECOORDINATION:0.5040283165943379
C_ROOKANDPAWNMOVEMENT:0.5040283165943379
C_CENTERCONTROL:0.49130909719152643
C_DEVELOPPIECES:0.467365109083695
C_MATERIAL:0.5436612263134757
C_MOVECOUNT:0.5
