ELO:1024
CE_PASSEDPAWNS:0.4771396957160401
CE_PAWNWEAKNESSES:0.4979227921405464
CE_PIECEACTIVITY:0.5
CE_KINGPAWNSHIELD:0.5142660774691574
CE_PIECECOORDINATION:0.5
CE_MATERIAL:0.5110472736068808
CE_KINGSAFETY:0.5163646302272735
C_PIECESQUARETABLES:0.4959760177259288
C_MOBILITY:0.4994608556818633
C_KINGSAFETY:0.5206115447752405
C_PAWNSTRUCTURE:0.48578787363658144
C_PIECECOORDINATION:0.4973201082801804
C_ROOK:0.5170796229043542
CE_ROOK:0.5170228237542049
C_CENTERCONTROL:0.5
C_DEVELOPPIECES:0.49684695928413486
C_MATERIAL:0.5
C_MOVECOUNT:0.49335514454291296
C_PAWNMOVEMENT:0.49009117278947556
