ELO:976
CE_PASSEDPAWNS:0.5119452899156937
CE_PAWNWEAKNESSES:0.5028858303442506
CE_PIECEACTIVITY:0.4983767022901053
CE_KINGPAWNSHIELD:0.49035701734822296
CE_PIECECOORDINATION:0.49225315698258504
CE_MATERIAL:0.4972096047459905
CE_KINGSAFETY:0.5
C_PIECESQUARETABLES:0.49517056007460525
C_MOBILITY:0.5
C_KINGSAFETY:0.5089967516208553
C_PAWNSTRUCTURE:0.491191507636018
C_PIECECOORDINATION:0.4997921040814368
C_ROOKANDPAWNMOVEMENT:0.4997921040814368
C_CENTERCONTROL:0.49361746595632333
C_DEVELOPPIECES:0.490817406196688
C_MATERIAL:0.48410036933888206
C_MOVECOUNT:0.48792949428846266
