ELO:999
CE_PASSEDPAWNS:0.5
CE_PAWNWEAKNESSES:0.5
CE_PIECEACTIVITY:0.5
CE_KINGPAWNSHIELD:0.5059916045068028
CE_PIECECOORDINATION:0.5
CE_MATERIAL:0.48245917413555683
CE_KINGSAFETY:0.49263065627953956
C_PIECESQUARETABLES:0.501816913950753
C_MOBILITY:0.5040406439766131
C_KINGSAFETY:0.5023337518950433
C_PAWNSTRUCTURE:0.5005485921846022
C_PIECECOORDINATION:0.5037989925643518
C_ROOKANDPAWNMOVEMENT:0.5037989925643518
C_CENTERCONTROL:0.5
C_DEVELOPPIECES:0.5
C_MATERIAL:0.5058448336690383
C_MOVECOUNT:0.5
