ELO:999
CE_PASSEDPAWNS:0.5102725531394218
CE_PAWNWEAKNESSES:0.5026700644604273
CE_PIECEACTIVITY:0.5
CE_KINGPAWNSHIELD:0.5009532458376441
CE_PIECECOORDINATION:0.4930723245334506
CE_MATERIAL:0.4780527585395552
CE_KINGSAFETY:0.5
C_PIECESQUARETABLES:0.5
C_MOBILITY:0.511821200527184
C_KINGSAFETY:0.4896636760931384
C_PAWNSTRUCTURE:0.5192282882534173
C_PIECECOORDINATION:0.5214892225183783
C_ROOK:0.4886227711790178
CE_ROOK:0.5007130595705892
C_CENTERCONTROL:0.48196652240394794
C_DEVELOPPIECES:0.49176792047165824
C_MATERIAL:0.5259117974519621
C_MOVECOUNT:0.4733766181712077
C_PAWNMOVEMENT:0.48657398600930984
