ELO:897
CE_PASSEDPAWNS:0.5157772330736754
CE_PAWNWEAKNESSES:0.5532882193256563
CE_PIECEACTIVITY:0.4756472805021078
CE_KINGPAWNSHIELD:0.44562078762122365
CE_PIECECOORDINATION:0.471848697004703
CE_MATERIAL:0.5804865088435177
CE_KINGSAFETY:0.4798737730698382
C_PIECESQUARETABLES:0.4904621386283948
C_MOBILITY:0.6093542771601501
C_KINGSAFETY:0.39855487911512655
C_PAWNSTRUCTURE:0.40218497209837756
C_PIECECOORDINATION:0.5334435767558837
C_ROOKANDPAWNMOVEMENT:0.5334435767558837
C_CENTERCONTROL:0.5695173123989549
C_DEVELOPPIECES:0.5348520638173412
C_MATERIAL:0.497268168239058
