ELO:1000
CE_PASSEDPAWNS:0.521648709360957
CE_PAWNWEAKNESSES:0.5051823892077063
CE_PIECEACTIVITY:0.48251169338496364
CE_KINGPAWNSHIELD:0.4901010229188696
CE_PIECECOORDINATION:0.4401395416356793
CE_MATERIAL:0.5252603942736679
CE_KINGSAFETY:0.5003345657009781
C_PIECESQUARETABLES:0.4902091697652292
C_MOBILITY:0.5480913130193313
C_KINGSAFETY:0.5091070376009043
C_PAWNSTRUCTURE:0.4672823466399348
C_PIECECOORDINATION:0.4623141455151715
C_ROOKANDPAWNMOVEMENT:0.4623141455151715
C_CENTERCONTROL:0.4798881026433458
C_DEVELOPPIECES:0.49859372600174096
C_MATERIAL:0.4583975830450794
