ELO:1000
CE_PASSEDPAWNS:0.49763597079729677
CE_PAWNWEAKNESSES:0.48270594611639644
CE_PIECEACTIVITY:0.4551249272705339
CE_KINGPAWNSHIELD:0.5086511466085104
CE_PIECECOORDINATION:0.47674332775600325
CE_MATERIAL:0.5155433001146144
CE_KINGSAFETY:0.491467585282973
C_PIECESQUARETABLES:0.4972828241022814
C_MOBILITY:0.48518743440419165
C_KINGSAFETY:0.5173836229047553
C_PAWNSTRUCTURE:0.5317944465842396
C_PIECECOORDINATION:0.4880653323622929
C_ROOKANDPAWNMOVEMENT:0.4880653323622929
C_CENTERCONTROL:0.5525638900809046
C_DEVELOPPIECES:0.5023951666476993
C_MATERIAL:0.516682933342164
