ELO:959
CE_PASSEDPAWNS:0.5181192220290008
CE_PAWNWEAKNESSES:0.5063956795998723
CE_PIECEACTIVITY:0.5035688362989019
CE_KINGPAWNSHIELD:0.5
CE_PIECECOORDINATION:0.4891002403195574
CE_MATERIAL:0.445777718406244
CE_KINGSAFETY:0.5204423406321729
C_PIECESQUARETABLES:0.5263122173591535
C_MOBILITY:0.5054585447749205
C_KINGSAFETY:0.4888704406778538
C_PAWNSTRUCTURE:0.4974322311501861
C_PIECECOORDINATION:0.5
C_ROOKANDPAWNMOVEMENT:0.5
C_CENTERCONTROL:0.5375066303622258
C_DEVELOPPIECES:0.5023782342569297
C_MATERIAL:0.5407456670891081
C_MOVECOUNT:0.4801385704821941
