ELO:1000
CE_PASSEDPAWNS:0.5098690897326035
CE_PAWNWEAKNESSES:0.49106625994259173
CE_PIECEACTIVITY:0.4674534493611318
CE_KINGPAWNSHIELD:0.5159263938866199
CE_PIECECOORDINATION:0.435272939879408
CE_MATERIAL:0.5494160786689595
CE_KINGSAFETY:0.5008415208358625
C_PIECESQUARETABLES:0.5
C_MOBILITY:0.5325732508915784
C_KINGSAFETY:0.5332023994880483
C_PAWNSTRUCTURE:0.5106946981224968
C_PIECECOORDINATION:0.4892959587097327
C_ROOKANDPAWNMOVEMENT:0.4892959587097327
C_CENTERCONTROL:0.44012545985183943
C_DEVELOPPIECES:0.5306435492363931
C_MATERIAL:0.4299253546592054
