ELO:948
CE_PASSEDPAWNS:0.6044164259081591
CE_PAWNWEAKNESSES:0.5867378535677306
CE_PIECEACTIVITY:0.43710057961328774
CE_KINGPAWNSHIELD:0.538443150969955
CE_PIECECOORDINATION:0.5768432380830064
CE_MATERIAL:0.4178119913375649
CE_KINGSAFETY:0.5019449576680589
C_PIECESQUARETABLES:0.4715719794478149
C_MOBILITY:0.5710803829492606
C_KINGSAFETY:0.4951844150266471
C_PAWNSTRUCTURE:0.5148773343655957
C_PIECECOORDINATION:0.4460872998074829
C_ROOKANDPAWNMOVEMENT:0.4460872998074829
C_CENTERCONTROL:0.49936860113949944
C_DEVELOPPIECES:0.6046844648987467
C_MATERIAL:0.4471111677993746
