ELO:1000
CE_PASSEDPAWNS:0.5210002157013822
CE_PAWNWEAKNESSES:0.49744219741200124
CE_PIECEACTIVITY:0.4674534493611318
CE_KINGPAWNSHIELD:0.5213138840909329
CE_PIECECOORDINATION:0.4382290915129303
CE_MATERIAL:0.5372362500961707
CE_KINGSAFETY:0.498877103977713
C_PIECESQUARETABLES:0.5
C_MOBILITY:0.5400031233432651
C_KINGSAFETY:0.53441054658269
C_PAWNSTRUCTURE:0.5132168076459674
C_PIECECOORDINATION:0.46899818164936685
C_ROOKANDPAWNMOVEMENT:0.46899818164936685
C_CENTERCONTROL:0.45341432698943107
C_DEVELOPPIECES:0.5306435492363931
C_MATERIAL:0.4230604300127459
