ELO:970
CE_PASSEDPAWNS:0.5114030080942271
CE_PAWNWEAKNESSES:0.48133165369306047
CE_PIECEACTIVITY:0.5022186535938976
CE_KINGPAWNSHIELD:0.5127854287146525
CE_PIECECOORDINATION:0.5090955349743689
CE_MATERIAL:0.4913026101101731
CE_KINGSAFETY:0.501927931012994
C_PIECESQUARETABLES:0.5053047857396994
C_MOBILITY:0.4959507464055532
C_KINGSAFETY:0.46424568742561256
C_PAWNSTRUCTURE:0.48256042991373466
C_PIECECOORDINATION:0.5001437300917939
C_ROOK:0.4640125843043899
CE_ROOK:0.5087430102061582
C_CENTERCONTROL:0.5063521582589388
C_DEVELOPPIECES:0.5011614987979257
C_MATERIAL:0.5015979541500689
C_MOVECOUNT:0.510588788681952
C_PAWNMOVEMENT:0.5238417148191139
