ELO:679
CE_PASSEDPAWNS:0.4634849274264136
CE_PAWNWEAKNESSES:0.46410232661678946
CE_PIECEACTIVITY:0.37802382819597846
CE_KINGPAWNSHIELD:0.49478858958569866
CE_PIECECOORDINATION:0.47802107045640885
CE_MATERIAL:0.4980420121504283
CE_KINGSAFETY:0.46500896610696746
C_PIECESQUARETABLES:0.43559869947370783
C_MOBILITY:0.6137817064613011
C_KINGSAFETY:0.4238213878557366
C_PAWNSTRUCTURE:0.4692423907803165
C_PIECECOORDINATION:0.48172625667126523
C_ROOKANDPAWNMOVEMENT:0.48172625667126523
C_CENTERCONTROL:0.5202860068772012
C_DEVELOPPIECES:0.5121332987549737
C_MATERIAL:0.5552056806577915
C_MOVECOUNT:0.5
