ELO:862
CE_PASSEDPAWNS:0.5017978989166583
CE_PAWNWEAKNESSES:0.48318367005799706
CE_PIECEACTIVITY:0.5308831285434192
CE_KINGPAWNSHIELD:0.4729003140867778
CE_PIECECOORDINATION:0.5189666225409082
CE_MATERIAL:0.46612015211393765
CE_KINGSAFETY:0.4977863785695955
C_PIECESQUARETABLES:0.47693242717054274
C_MOBILITY:0.5861427519047258
C_KINGSAFETY:0.4682002661678897
C_PAWNSTRUCTURE:0.5377243639184522
C_PIECECOORDINATION:0.45863427102728793
C_ROOKANDPAWNMOVEMENT:0.45863427102728793
C_CENTERCONTROL:0.49286067339167255
C_DEVELOPPIECES:0.5559702083712961
C_MATERIAL:0.4979672495712994
C_MOVECOUNT:0.5069172315915476
