ELO:893
CE_PASSEDPAWNS:0.43566187083130714
CE_PAWNWEAKNESSES:0.5712954109862377
CE_PIECEACTIVITY:0.41776731684136525
CE_KINGPAWNSHIELD:0.552647933103325
CE_PIECECOORDINATION:0.4631704529620271
CE_MATERIAL:0.4081764302562417
CE_KINGSAFETY:0.5258874913926486
C_PIECESQUARETABLES:0.49871190745530664
C_MOBILITY:0.44765801595163285
C_KINGSAFETY:0.45413369297418715
C_PAWNSTRUCTURE:0.48998697248852574
C_PIECECOORDINATION:0.3729960924759248
C_ROOKANDPAWNMOVEMENT:0.3729960924759248
C_CENTERCONTROL:0.5707468986582476
C_DEVELOPPIECES:0.4675120095219886
C_MATERIAL:0.5222813685757905
