ELO:977
CE_PASSEDPAWNS:0.5077053590804221
CE_PAWNWEAKNESSES:0.4966084900338982
CE_PIECEACTIVITY:0.47601499584984713
CE_KINGPAWNSHIELD:0.5436866878806508
CE_PIECECOORDINATION:0.5066232075357641
CE_MATERIAL:0.5003877061921235
CE_KINGSAFETY:0.5
C_PIECESQUARETABLES:0.5
C_MOBILITY:0.5203041328744696
C_KINGSAFETY:0.4577159948099228
C_PAWNSTRUCTURE:0.49051402911238096
C_PIECECOORDINATION:0.5120601343050147
C_ROOK:0.5242806517332455
CE_ROOK:0.4885019545631035
C_CENTERCONTROL:0.5699278236536848
C_DEVELOPPIECES:0.49326987677886586
C_MATERIAL:0.5080029093786893
C_MOVECOUNT:0.4908997420402082
C_PAWNMOVEMENT:0.4844584732951027
