ELO:981
CE_PASSEDPAWNS:0.5072536722119172
CE_PAWNWEAKNESSES:0.501516659880262
CE_PIECEACTIVITY:0.4962716912190127
CE_KINGPAWNSHIELD:0.5020336619904077
CE_PIECECOORDINATION:0.4982797122630872
CE_MATERIAL:0.4925963736144164
CE_KINGSAFETY:0.5
C_PIECESQUARETABLES:0.5
C_MOBILITY:0.48354346227787715
C_KINGSAFETY:0.47489279589474326
C_PAWNSTRUCTURE:0.5085329544382748
C_PIECECOORDINATION:0.4969509094591254
C_ROOK:0.48925297027469716
CE_ROOK:0.5111980304534375
C_CENTERCONTROL:0.5015203733521886
C_DEVELOPPIECES:0.4961393929696725
C_MATERIAL:0.5072963601564354
C_MOVECOUNT:0.5178875692342892
C_PAWNMOVEMENT:0.5216598968324512
