ELO:957
CE_PASSEDPAWNS:0.5157684492648144
CE_PAWNWEAKNESSES:0.5107600712424291
CE_PIECEACTIVITY:0.4990334560279236
CE_KINGPAWNSHIELD:0.5
CE_PIECECOORDINATION:0.5163629384585399
CE_MATERIAL:0.5376859763351105
CE_KINGSAFETY:0.5
C_PIECESQUARETABLES:0.5
C_MOBILITY:0.48873247508667556
C_KINGSAFETY:0.5
C_PAWNSTRUCTURE:0.5142582978183011
C_PIECECOORDINATION:0.503928048729916
C_ROOKANDPAWNMOVEMENT:0.503928048729916
C_CENTERCONTROL:0.49559958911996554
C_DEVELOPPIECES:0.4952281516674242
C_MATERIAL:0.50423487798884
C_MOVECOUNT:0.5071452221814339
