ELO:980
CE_PASSEDPAWNS:0.5058104620435437
CE_PAWNWEAKNESSES:0.501516659880262
CE_PIECEACTIVITY:0.4962716912190127
CE_KINGPAWNSHIELD:0.5020336619904077
CE_PIECECOORDINATION:0.4982797122630872
CE_MATERIAL:0.48925624547229657
CE_KINGSAFETY:0.5
C_PIECESQUARETABLES:0.4945950015032897
C_MOBILITY:0.48354346227787715
C_KINGSAFETY:0.47489279589474326
C_PAWNSTRUCTURE:0.5020930290720135
C_PIECECOORDINATION:0.4889039679091149
C_ROOK:0.48925297027469716
CE_ROOK:0.5180151976671816
C_CENTERCONTROL:0.5015203733521886
C_DEVELOPPIECES:0.5011614987979257
C_MATERIAL:0.5147170868256495
C_MOVECOUNT:0.5163490271986281
C_PAWNMOVEMENT:0.5391845165479277
