ELO:954
CE_PASSEDPAWNS:0.5100611422696544
CE_PAWNWEAKNESSES:0.49089491396490376
CE_PIECEACTIVITY:0.5210694524605974
CE_KINGPAWNSHIELD:0.5005407074366659
CE_PIECECOORDINATION:0.5193972836633461
CE_MATERIAL:0.5070755768092056
CE_KINGSAFETY:0.4988955046842305
C_PIECESQUARETABLES:0.43938890502829137
C_MOBILITY:0.5
C_KINGSAFETY:0.5523591663254334
C_PAWNSTRUCTURE:0.5111759092802843
C_PIECECOORDINATION:0.5177525289073145
C_ROOKANDPAWNMOVEMENT:0.5177525289073145
C_CENTERCONTROL:0.5615237280897406
C_DEVELOPPIECES:0.4873938472136128
C_MATERIAL:0.4886396988868942
C_MOVECOUNT:0.5
