ELO:990
CE_PASSEDPAWNS:0.39792981371987557
CE_PAWNWEAKNESSES:0.4496416682239731
CE_PIECEACTIVITY:0.4946679924107661
CE_KINGPAWNSHIELD:0.4976776548950023
CE_PIECECOORDINATION:0.6225081644960021
CE_MATERIAL:0.41237886705497595
CE_KINGSAFETY:0.5
C_PIECESQUARETABLES:0.4920907696034778
C_MOBILITY:0.61433629158186
C_KINGSAFETY:0.5766012924654624
C_PAWNSTRUCTURE:0.6289042165481391
C_PIECECOORDINATION:0.6248865816350849
C_ROOKANDPAWNMOVEMENT:0.6248865816350849
C_CENTERCONTROL:0.3820513722871913
C_DEVELOPPIECES:0.5495525945757301
C_MATERIAL:0.5938790039907612
