ELO:980
CE_PASSEDPAWNS:0.47030153384368195
CE_PAWNWEAKNESSES:0.5099550891409566
CE_PIECEACTIVITY:0.4887569604193323
CE_KINGPAWNSHIELD:0.48800773816577403
CE_PIECECOORDINATION:0.5302752984556811
CE_MATERIAL:0.4944070126570187
CE_KINGSAFETY:0.4967326320640295
C_PIECESQUARETABLES:0.5321767431068232
C_MOBILITY:0.4938701806739367
C_KINGSAFETY:0.5
C_PAWNSTRUCTURE:0.5026136267716861
C_PIECECOORDINATION:0.42967809486035885
C_ROOKANDPAWNMOVEMENT:0.42967809486035885
C_CENTERCONTROL:0.49278035996831016
C_DEVELOPPIECES:0.5
C_MATERIAL:0.5074871163280305
C_MOVECOUNT:0.5107884925615035
