ELO:1000
CE_PASSEDPAWNS:0.5465805697945239
CE_PAWNWEAKNESSES:0.5253987541323647
CE_PIECEACTIVITY:0.5808396503052593
CE_KINGPAWNSHIELD:0.5156566602342656
CE_PIECECOORDINATION:0.5437330951990764
CE_MATERIAL:0.44816468249845065
CE_KINGSAFETY:0.4862655543597408
C_PIECESQUARETABLES:0.47132498106956694
C_MOBILITY:0.4692088977714308
C_KINGSAFETY:0.47025657862907383
C_PAWNSTRUCTURE:0.45995614476158
C_PIECECOORDINATION:0.5232719218894694
C_ROOKANDPAWNMOVEMENT:0.5232719218894694
C_CENTERCONTROL:0.46671147717392686
C_DEVELOPPIECES:0.5108404737709011
C_MATERIAL:0.4935001922428234
