ELO:944
CE_PASSEDPAWNS:0.5231780160387901
CE_PAWNWEAKNESSES:0.5306681473347578
CE_PIECEACTIVITY:0.5509950013570643
CE_KINGPAWNSHIELD:0.4332316729251592
CE_PIECECOORDINATION:0.5749228805646943
CE_MATERIAL:0.4857022524056254
CE_KINGSAFETY:0.5394916042366074
C_PIECESQUARETABLES:0.5168099537502279
C_MOBILITY:0.4813032336731321
C_KINGSAFETY:0.5145185642501792
C_PAWNSTRUCTURE:0.49784018625479565
C_PIECECOORDINATION:0.5710512312968105
C_ROOKANDPAWNMOVEMENT:0.5710512312968105
C_CENTERCONTROL:0.4104332208025327
C_DEVELOPPIECES:0.5566535317328912
C_MATERIAL:0.5681636703547235
