ELO:922
CE_PASSEDPAWNS:0.428541376951807
CE_PAWNWEAKNESSES:0.5361739142351956
CE_PIECEACTIVITY:0.485055599174219
CE_KINGPAWNSHIELD:0.5221520372940561
CE_PIECECOORDINATION:0.5146580100445214
CE_MATERIAL:0.4917715253141818
CE_KINGSAFETY:0.507706002636391
C_PIECESQUARETABLES:0.5132176618259383
C_MOBILITY:0.4659996695826074
C_KINGSAFETY:0.5457031634381967
C_PAWNSTRUCTURE:0.509973536520973
C_PIECECOORDINATION:0.5007826021651759
C_ROOKANDPAWNMOVEMENT:0.5007826021651759
C_CENTERCONTROL:0.5047066378578372
C_DEVELOPPIECES:0.5090499330436041
C_MATERIAL:0.4464168602076192
C_MOVECOUNT:0.5
