ELO:1021
CE_PASSEDPAWNS:0.5
CE_PAWNWEAKNESSES:0.5
CE_PIECEACTIVITY:0.5036793888160833
CE_KINGPAWNSHIELD:0.4967824299224521
CE_PIECECOORDINATION:0.49854417847237975
CE_MATERIAL:0.5
CE_KINGSAFETY:0.5
C_PIECESQUARETABLES:0.5
C_MOBILITY:0.5177846615759955
C_KINGSAFETY:0.49167467003808285
C_PAWNSTRUCTURE:0.502909616524075
C_PIECECOORDINATION:0.49850813828923696
C_ROOKANDPAWNMOVEMENT:0.49850813828923696
C_CENTERCONTROL:0.525052303843467
C_DEVELOPPIECES:0.48991111675954907
C_MATERIAL:0.4937492872837152
C_MOVECOUNT:0.511535141408722
