ELO:1000
CE_PASSEDPAWNS:0.5293190992410713
CE_PAWNWEAKNESSES:0.5518354384856521
CE_PIECEACTIVITY:0.5818525847776334
CE_KINGPAWNSHIELD:0.544635120570558
CE_PIECECOORDINATION:0.5204074376295136
CE_MATERIAL:0.4487630885947543
CE_KINGSAFETY:0.5009445868636752
C_PIECESQUARETABLES:0.4990420414105068
C_MOBILITY:0.4837845466670417
C_KINGSAFETY:0.4339420435104976
C_PAWNSTRUCTURE:0.4650023376308088
C_PIECECOORDINATION:0.5149457417454941
C_ROOKANDPAWNMOVEMENT:0.5149457417454941
C_CENTERCONTROL:0.47265121074120586
C_DEVELOPPIECES:0.5112968794777802
C_MATERIAL:0.4314553453745085
