ELO:996
CE_PASSEDPAWNS:0.5176513151884734
CE_PAWNWEAKNESSES:0.5548186169066517
CE_PIECEACTIVITY:0.5482156223975786
CE_KINGPAWNSHIELD:0.5417269560068717
CE_PIECECOORDINATION:0.5187515546366175
CE_MATERIAL:0.45246479759508096
CE_KINGSAFETY:0.4772028754039747
C_PIECESQUARETABLES:0.4779223834409178
C_MOBILITY:0.5020440196978928
C_KINGSAFETY:0.43169796838278107
C_PAWNSTRUCTURE:0.4736347953297375
C_PIECECOORDINATION:0.5320544825906881
C_ROOKANDPAWNMOVEMENT:0.5320544825906881
C_CENTERCONTROL:0.47867808378104754
C_DEVELOPPIECES:0.49803535148467826
C_MATERIAL:0.4386587966045523
