ELO:942
CE_PASSEDPAWNS:0.5234788032824653
CE_PAWNWEAKNESSES:0.5392254649498596
CE_PIECEACTIVITY:0.5234444675941202
CE_KINGPAWNSHIELD:0.4235556885205128
CE_PIECECOORDINATION:0.577865363798883
CE_MATERIAL:0.48138765387991245
CE_KINGSAFETY:0.5192193565450484
C_PIECESQUARETABLES:0.5230445586812151
C_MOBILITY:0.47425903529276103
C_KINGSAFETY:0.5158749223660419
C_PAWNSTRUCTURE:0.49240567499605536
C_PIECECOORDINATION:0.5764628571986696
C_ROOKANDPAWNMOVEMENT:0.5764628571986696
C_CENTERCONTROL:0.42421832595319453
C_DEVELOPPIECES:0.562091731268154
C_MATERIAL:0.5828324618091114
