ELO:807
CE_PASSEDPAWNS:0.5489113421505197
CE_PAWNWEAKNESSES:0.5492472060166435
CE_PIECEACTIVITY:0.49314120160191877
CE_KINGPAWNSHIELD:0.5134570252440993
CE_PIECECOORDINATION:0.4830722230496706
CE_MATERIAL:0.4703189587944055
CE_KINGSAFETY:0.5129239267614609
C_PIECESQUARETABLES:0.4742782740145729
C_MOBILITY:0.46892320934460274
C_KINGSAFETY:0.4806966260811286
C_PAWNSTRUCTURE:0.45536721574415273
C_PIECECOORDINATION:0.48629612197326355
C_ROOKANDPAWNMOVEMENT:0.48629612197326355
C_CENTERCONTROL:0.45534670100744834
C_DEVELOPPIECES:0.42765741750402103
C_MATERIAL:0.4916155926857463
C_MOVECOUNT:0.5
