ELO:944
CE_PASSEDPAWNS:0.48654914210926836
CE_PAWNWEAKNESSES:0.5124161099281221
CE_PIECEACTIVITY:0.51679918124132
CE_KINGPAWNSHIELD:0.48554059178964826
CE_PIECECOORDINATION:0.47720095578486676
CE_MATERIAL:0.5206780074694688
CE_KINGSAFETY:0.49264624866232803
C_PIECESQUARETABLES:0.49217049250086276
C_MOBILITY:0.4884909884483385
C_KINGSAFETY:0.4948779027797758
C_PAWNSTRUCTURE:0.4879873421790259
C_PIECECOORDINATION:0.535150339572836
C_ROOKANDPAWNMOVEMENT:0.535150339572836
C_CENTERCONTROL:0.5048956801559945
C_DEVELOPPIECES:0.49672372149315513
C_MATERIAL:0.5101829240794856
C_MOVECOUNT:0.5061147784290874
