ELO:970
CE_PASSEDPAWNS:0.5182131526737837
CE_PAWNWEAKNESSES:0.5401569614810477
CE_PIECEACTIVITY:0.5712771971781136
CE_KINGPAWNSHIELD:0.5368856470980792
CE_PIECECOORDINATION:0.5299492640220667
CE_MATERIAL:0.47342511131096837
CE_KINGSAFETY:0.5059551050115606
C_PIECESQUARETABLES:0.496642940949028
C_MOBILITY:0.5111935385899979
C_KINGSAFETY:0.41330703867770174
C_PAWNSTRUCTURE:0.4763518998593963
C_PIECECOORDINATION:0.5396261499453086
C_ROOKANDPAWNMOVEMENT:0.5396261499453086
C_CENTERCONTROL:0.471589918419666
C_DEVELOPPIECES:0.4797581793855875
C_MATERIAL:0.47163458328502506
