ELO:970
CE_PASSEDPAWNS:0.5439167918056027
CE_PAWNWEAKNESSES:0.5897948173192008
CE_PIECEACTIVITY:0.59736820869122
CE_KINGPAWNSHIELD:0.5030687789048861
CE_PIECECOORDINATION:0.5287044533496382
CE_MATERIAL:0.5157573541835013
CE_KINGSAFETY:0.5155981499351615
C_PIECESQUARETABLES:0.4909542438159081
C_MOBILITY:0.5266645156878716
C_KINGSAFETY:0.42238041072453947
C_PAWNSTRUCTURE:0.4751511075414989
C_PIECECOORDINATION:0.49802480021886125
C_ROOKANDPAWNMOVEMENT:0.49802480021886125
C_CENTERCONTROL:0.4111067319603385
C_DEVELOPPIECES:0.471815213274871
C_MATERIAL:0.4104579288578818
