ELO:990
CE_PASSEDPAWNS:0.48765903687558926
CE_PAWNWEAKNESSES:0.5161660629474264
CE_PIECEACTIVITY:0.4996597609353085
CE_KINGPAWNSHIELD:0.47277758471898534
CE_PIECECOORDINATION:0.49815987984876114
CE_MATERIAL:0.48941235745729095
CE_KINGSAFETY:0.49706934950815984
C_PIECESQUARETABLES:0.5001617701984494
C_MOBILITY:0.5177846615759955
C_KINGSAFETY:0.49731936319072045
C_PAWNSTRUCTURE:0.5087063395223568
C_PIECECOORDINATION:0.5031268415324197
C_ROOKANDPAWNMOVEMENT:0.5031268415324197
C_CENTERCONTROL:0.48797464234400817
C_DEVELOPPIECES:0.49475879203848355
C_MATERIAL:0.5173445366851689
C_MOVECOUNT:0.467765553679057
