ELO:1000
CE_PASSEDPAWNS:0.5165055151665183
CE_PAWNWEAKNESSES:0.570813070471688
CE_PIECEACTIVITY:0.5389892442950717
CE_KINGPAWNSHIELD:0.48061490306799304
CE_PIECECOORDINATION:0.5841449770619569
CE_MATERIAL:0.5115882595013557
CE_KINGSAFETY:0.5281056847048959
C_PIECESQUARETABLES:0.5017229616383966
C_MOBILITY:0.429865077807789
C_KINGSAFETY:0.5590511619265008
C_PAWNSTRUCTURE:0.4760184140547067
C_PIECECOORDINATION:0.5047030910219205
C_ROOKANDPAWNMOVEMENT:0.5047030910219205
C_CENTERCONTROL:0.4676203835241754
C_DEVELOPPIECES:0.47412818800817313
C_MATERIAL:0.5312482044324295
