ELO:866
CE_PASSEDPAWNS:0.4847414990236409
CE_PAWNWEAKNESSES:0.5076040686802445
CE_PIECEACTIVITY:0.5299614209445976
CE_KINGPAWNSHIELD:0.48824872668847985
CE_PIECECOORDINATION:0.5742984210613595
CE_MATERIAL:0.47327005105147674
CE_KINGSAFETY:0.49086491203525817
C_PIECESQUARETABLES:0.4650972711689225
C_MOBILITY:0.5607794018922762
C_KINGSAFETY:0.44968652606516013
C_PAWNSTRUCTURE:0.5776456667071465
C_PIECECOORDINATION:0.46639860048121506
C_ROOKANDPAWNMOVEMENT:0.46639860048121506
C_CENTERCONTROL:0.4652148479477422
C_DEVELOPPIECES:0.5090015410561931
C_MATERIAL:0.5182272409853379
C_MOVECOUNT:0.4926354409704404
