ELO:690
CE_PASSEDPAWNS:0.570411512575539
CE_PAWNWEAKNESSES:0.6031574894770254
CE_PIECEACTIVITY:0.5454182417373624
CE_KINGPAWNSHIELD:0.526462172814395
CE_PIECECOORDINATION:0.451751849327612
CE_MATERIAL:0.5039004210681276
CE_KINGSAFETY:0.5113581356959129
C_PIECESQUARETABLES:0.4833951179794273
C_MOBILITY:0.48786971111781824
C_KINGSAFETY:0.5033928588755227
C_PAWNSTRUCTURE:0.4978718049230091
C_PIECECOORDINATION:0.4708794030808411
C_ROOKANDPAWNMOVEMENT:0.4708794030808411
C_CENTERCONTROL:0.4422659004270132
C_DEVELOPPIECES:0.397473055677741
C_MATERIAL:0.5011338614642822
C_MOVECOUNT:0.545336169759279
