ELO:997
CE_PASSEDPAWNS:0.48985412562742053
CE_PAWNWEAKNESSES:0.511918093021984
CE_PIECEACTIVITY:0.4875576926523726
CE_KINGPAWNSHIELD:0.5092699498037535
CE_PIECECOORDINATION:0.5032814251321929
CE_MATERIAL:0.47914031244493677
CE_KINGSAFETY:0.4992734826765898
C_PIECESQUARETABLES:0.5052053582449831
C_MOBILITY:0.4905906733691851
C_KINGSAFETY:0.4939998169603778
C_PAWNSTRUCTURE:0.47828790636662016
C_PIECECOORDINATION:0.5370680117419625
C_ROOK:0.4931278929933798
CE_ROOK:0.4960409440003554
C_CENTERCONTROL:0.5002991938163047
C_DEVELOPPIECES:0.5036794613669016
C_MATERIAL:0.48315664383666834
C_MOVECOUNT:0.4916540627121974
C_PAWNMOVEMENT:0.4925719234350005
