ELO:1043
CE_PASSEDPAWNS:0.4859401613552304
CE_PAWNWEAKNESSES:0.4767844267239877
CE_PIECEACTIVITY:0.51388323393422
CE_KINGPAWNSHIELD:0.5271845610973027
CE_PIECECOORDINATION:0.49283239456934247
CE_MATERIAL:0.5154078060106405
CE_KINGSAFETY:0.5
C_PIECESQUARETABLES:0.5
C_MOBILITY:0.5304724231943106
C_KINGSAFETY:0.46298286703297536
C_PAWNSTRUCTURE:0.5197121028494018
C_PIECECOORDINATION:0.520225539343415
C_ROOK:0.4532034981946334
CE_ROOK:0.48766999446357734
C_CENTERCONTROL:0.4953970785441792
C_DEVELOPPIECES:0.47556151963497695
C_MATERIAL:0.5160514532419177
C_MOVECOUNT:0.4843572589500642
C_PAWNMOVEMENT:0.4947520521633653
