ELO:964
CE_PASSEDPAWNS:0.5206611574217586
CE_PAWNWEAKNESSES:0.5459849652469452
CE_PIECEACTIVITY:0.5928811050702988
CE_KINGPAWNSHIELD:0.5284749332655944
CE_PIECECOORDINATION:0.5411048185170061
CE_MATERIAL:0.45876005739204156
CE_KINGSAFETY:0.49167142416411713
C_PIECESQUARETABLES:0.5061680197923754
C_MOBILITY:0.522163840457838
C_KINGSAFETY:0.40530920589693176
C_PAWNSTRUCTURE:0.4736639106352882
C_PIECECOORDINATION:0.5372325234258395
C_ROOKANDPAWNMOVEMENT:0.5372325234258395
C_CENTERCONTROL:0.4365234127548428
C_DEVELOPPIECES:0.48371421436525036
C_MATERIAL:0.43315670409563894
