ELO:768
CE_PASSEDPAWNS:0.5718235143101326
CE_PAWNWEAKNESSES:0.5565615983098231
CE_PIECEACTIVITY:0.48136002142515566
CE_KINGPAWNSHIELD:0.5351160463569165
CE_PIECECOORDINATION:0.49686647704898296
CE_MATERIAL:0.46175637616143234
CE_KINGSAFETY:0.4987863529688514
C_PIECESQUARETABLES:0.49003221802457897
C_MOBILITY:0.4749590367816766
C_KINGSAFETY:0.47123049800641503
C_PAWNSTRUCTURE:0.4471691562335999
C_PIECECOORDINATION:0.484327657185627
C_ROOKANDPAWNMOVEMENT:0.484327657185627
C_CENTERCONTROL:0.49180480310385727
C_DEVELOPPIECES:0.41030335961748887
C_MATERIAL:0.5022920862872085
C_MOVECOUNT:0.5
