ELO:1000
CE_PASSEDPAWNS:0.5285567513784695
CE_PAWNWEAKNESSES:0.5047656482588196
CE_PIECEACTIVITY:0.5473959104226854
CE_KINGPAWNSHIELD:0.5222782343620983
CE_PIECECOORDINATION:0.5324626497899441
CE_MATERIAL:0.47195711965837456
CE_KINGSAFETY:0.4749971584534578
C_PIECESQUARETABLES:0.4672586035082722
C_MOBILITY:0.5107979830249773
C_KINGSAFETY:0.5070095567279557
C_PAWNSTRUCTURE:0.4789789643441564
C_PIECECOORDINATION:0.5094339388093266
C_ROOKANDPAWNMOVEMENT:0.5094339388093266
C_CENTERCONTROL:0.5028907825707484
C_DEVELOPPIECES:0.5028424580018919
C_MATERIAL:0.5007620120828733
