ELO:1025
CE_PASSEDPAWNS:0.49681004381467697
CE_PAWNWEAKNESSES:0.5195716976273007
CE_PIECEACTIVITY:0.5085548564614705
CE_KINGPAWNSHIELD:0.494459217067934
CE_PIECECOORDINATION:0.5120168469824028
CE_MATERIAL:0.5
CE_KINGSAFETY:0.5
C_PIECESQUARETABLES:0.5
C_MOBILITY:0.5036917756145998
C_KINGSAFETY:0.4884726715446014
C_PAWNSTRUCTURE:0.4886953176764991
C_PIECECOORDINATION:0.5157107652983028
C_ROOK:0.5
CE_ROOK:0.5033036089881361
C_CENTERCONTROL:0.5055320522830962
C_DEVELOPPIECES:0.509493895522361
C_MATERIAL:0.4992123053455677
C_MOVECOUNT:0.5002259207637875
C_PAWNMOVEMENT:0.5049255284258698
