ELO:803
CE_PASSEDPAWNS:0.4353432482364168
CE_PAWNWEAKNESSES:0.48517758570206015
CE_PIECEACTIVITY:0.5431068760633545
CE_KINGPAWNSHIELD:0.4490665075816831
CE_PIECECOORDINATION:0.5549227332178072
CE_MATERIAL:0.47094935204326394
CE_KINGSAFETY:0.48486010183558004
C_PIECESQUARETABLES:0.4484554731758739
C_MOBILITY:0.5708502996722096
C_KINGSAFETY:0.46177340007501266
C_PAWNSTRUCTURE:0.5960489686832463
C_PIECECOORDINATION:0.45030409945193584
C_ROOKANDPAWNMOVEMENT:0.45030409945193584
C_CENTERCONTROL:0.5276810028078275
C_DEVELOPPIECES:0.5228467396313979
C_MATERIAL:0.5102592988676359
C_MOVECOUNT:0.49286180038519795
