ELO:931
CE_PASSEDPAWNS:0.549484634226112
CE_PAWNWEAKNESSES:0.6081956922824681
CE_PIECEACTIVITY:0.614827695502255
CE_KINGPAWNSHIELD:0.5406726887774371
CE_PIECECOORDINATION:0.5255850425976545
CE_MATERIAL:0.49202049132233056
CE_KINGSAFETY:0.4949955661929369
C_PIECESQUARETABLES:0.49586852632334777
C_MOBILITY:0.5442255181721503
C_KINGSAFETY:0.4331571909292583
C_PAWNSTRUCTURE:0.48011079944657076
C_PIECECOORDINATION:0.5248256926329447
C_ROOKANDPAWNMOVEMENT:0.5248256926329447
C_CENTERCONTROL:0.40552619371391047
C_DEVELOPPIECES:0.47929753689275406
C_MATERIAL:0.42484855337484384
