ELO:1028
CE_PASSEDPAWNS:0.5183426270832615
CE_PAWNWEAKNESSES:0.5067864807266567
CE_PIECEACTIVITY:0.5148650656099258
CE_KINGPAWNSHIELD:0.4991323035729298
CE_PIECECOORDINATION:0.5120168469824028
CE_MATERIAL:0.505063677775059
CE_KINGSAFETY:0.5
C_PIECESQUARETABLES:0.5
C_MOBILITY:0.5
C_KINGSAFETY:0.48729358662722727
C_PAWNSTRUCTURE:0.4801854738210639
C_PIECECOORDINATION:0.5116052650428095
C_ROOK:0.5040680513327354
CE_ROOK:0.49604616698547105
C_CENTERCONTROL:0.49044708009795795
C_DEVELOPPIECES:0.509493895522361
C_MATERIAL:0.4992123053455677
C_MOVECOUNT:0.4846707064941805
C_PAWNMOVEMENT:0.503446959676813
