ELO:1035
CE_PASSEDPAWNS:0.47563776268090396
CE_PAWNWEAKNESSES:0.4932735924937282
CE_PIECEACTIVITY:0.4850483380672686
CE_KINGPAWNSHIELD:0.4353320666923301
CE_PIECECOORDINATION:0.4178213437362826
CE_MATERIAL:0.4330266833040729
CE_KINGSAFETY:0.4874344606571745
C_PIECESQUARETABLES:0.4340812656083519
C_MOBILITY:0.45596614533523894
C_KINGSAFETY:0.648679265593383
C_PAWNSTRUCTURE:0.4546851971718166
C_PIECECOORDINATION:0.5042444214029206
C_ROOKANDPAWNMOVEMENT:0.5042444214029206
C_CENTERCONTROL:0.5861026915665127
C_DEVELOPPIECES:0.5085203518775304
C_MATERIAL:0.39119773272480657
