ELO:999
CE_PASSEDPAWNS:0.49675427092603747
CE_PAWNWEAKNESSES:0.49244016109736527
CE_PIECEACTIVITY:0.49682528075104393
CE_KINGPAWNSHIELD:0.4965932859140849
CE_PIECECOORDINATION:0.5
CE_MATERIAL:0.5
CE_KINGSAFETY:0.5
C_PIECESQUARETABLES:0.48323754567302885
C_MOBILITY:0.5124157304033031
C_KINGSAFETY:0.5
C_PAWNSTRUCTURE:0.5
C_PIECECOORDINATION:0.5092569203507331
C_ROOKANDPAWNMOVEMENT:0.5092569203507331
C_CENTERCONTROL:0.5
C_DEVELOPPIECES:0.4972432166108488
C_MATERIAL:0.5
C_MOVECOUNT:0.5
