ELO:861
CE_PASSEDPAWNS:0.3967573253787919
CE_PAWNWEAKNESSES:0.49800004658072544
CE_PIECEACTIVITY:0.48387946552355837
CE_KINGPAWNSHIELD:0.45390465532610424
CE_PIECECOORDINATION:0.4228850180082583
CE_MATERIAL:0.47501808581828425
CE_KINGSAFETY:0.4834184391599888
C_PIECESQUARETABLES:0.49748157283396577
C_MOBILITY:0.44821147978902376
C_KINGSAFETY:0.49532852440550046
C_PAWNSTRUCTURE:0.5171892601175172
C_PIECECOORDINATION:0.5176097644049183
C_ROOKANDPAWNMOVEMENT:0.5176097644049183
C_CENTERCONTROL:0.4882167603094827
C_DEVELOPPIECES:0.5214319498509314
C_MATERIAL:0.5598474322398422
C_MOVECOUNT:0.5
