ELO:988
CE_PASSEDPAWNS:0.3983148445143595
CE_PAWNWEAKNESSES:0.4449176979510626
CE_PIECEACTIVITY:0.48953450389382713
CE_KINGPAWNSHIELD:0.48778194682901593
CE_PIECECOORDINATION:0.6210677905383472
CE_MATERIAL:0.41012758712703823
CE_KINGSAFETY:0.4958966003087156
C_PIECESQUARETABLES:0.5
C_MOBILITY:0.5993002805247111
C_KINGSAFETY:0.5766012924654624
C_PAWNSTRUCTURE:0.62436365227218
C_PIECECOORDINATION:0.6193917876477523
C_ROOKANDPAWNMOVEMENT:0.6193917876477523
C_CENTERCONTROL:0.3774109307287555
C_DEVELOPPIECES:0.5680728300512558
C_MATERIAL:0.59254701743313
