ELO:952
CE_PASSEDPAWNS:0.4890785482199741
CE_PAWNWEAKNESSES:0.5009773722672881
CE_PIECEACTIVITY:0.4998189333818312
CE_KINGPAWNSHIELD:0.5045913266779535
CE_PIECECOORDINATION:0.4883833306783865
CE_MATERIAL:0.47084727360643047
CE_KINGSAFETY:0.4944701617748813
C_PIECESQUARETABLES:0.46946381554997046
C_MOBILITY:0.49224868869949046
C_KINGSAFETY:0.5292654832067643
C_PAWNSTRUCTURE:0.48456312456351736
C_PIECECOORDINATION:0.5185618330305406
C_ROOKANDPAWNMOVEMENT:0.5185618330305406
C_CENTERCONTROL:0.48556912949541664
C_DEVELOPPIECES:0.4958884624540725
C_MATERIAL:0.49250009182325
