ELO:965
CE_PASSEDPAWNS:0.5234482307392415
CE_PAWNWEAKNESSES:0.5404072481627822
CE_PIECEACTIVITY:0.5787120569850993
CE_KINGPAWNSHIELD:0.533125715839122
CE_PIECECOORDINATION:0.5419589688345195
CE_MATERIAL:0.46654892435011824
CE_KINGSAFETY:0.5049292308483728
C_PIECESQUARETABLES:0.5037041048582097
C_MOBILITY:0.522163840457838
C_KINGSAFETY:0.40751316840665874
C_PAWNSTRUCTURE:0.4722608671098571
C_PIECECOORDINATION:0.5279027361871997
C_ROOKANDPAWNMOVEMENT:0.5279027361871997
C_CENTERCONTROL:0.4482182204011761
C_DEVELOPPIECES:0.48005239835038643
C_MATERIAL:0.45597253008593913
