ELO:931
CE_PASSEDPAWNS:0.4996862107345623
CE_PAWNWEAKNESSES:0.4830545785289014
CE_PIECEACTIVITY:0.4813824418487463
CE_KINGPAWNSHIELD:0.4658865292235163
CE_PIECECOORDINATION:0.4971931556700441
CE_MATERIAL:0.5
CE_KINGSAFETY:0.5
C_PIECESQUARETABLES:0.5041696123083957
C_MOBILITY:0.4378045705064772
C_KINGSAFETY:0.5069747514965638
C_PAWNSTRUCTURE:0.44484171165018993
C_PIECECOORDINATION:0.45968937076173744
C_ROOKANDPAWNMOVEMENT:0.45968937076173744
C_CENTERCONTROL:0.4695797758962088
C_DEVELOPPIECES:0.5084992448436536
C_MATERIAL:0.4778916391878081
C_MOVECOUNT:0.5
