ELO:1000
CE_PASSEDPAWNS:0.49346831997743923
CE_PAWNWEAKNESSES:0.549880623112258
CE_PIECEACTIVITY:0.478199963549809
CE_KINGPAWNSHIELD:0.46465947497827426
CE_PIECECOORDINATION:0.5402854437661094
CE_MATERIAL:0.5154067615859892
CE_KINGSAFETY:0.5007067419730846
C_PIECESQUARETABLES:0.52480675575996
C_MOBILITY:0.45100572310272563
C_KINGSAFETY:0.521307601382094
C_PAWNSTRUCTURE:0.49088095293401734
C_PIECECOORDINATION:0.5103918249802142
C_ROOKANDPAWNMOVEMENT:0.5103918249802142
C_CENTERCONTROL:0.5003409319913056
C_DEVELOPPIECES:0.5124829222268636
C_MATERIAL:0.49530420150557375
