ELO:746
CE_PASSEDPAWNS:0.5579582355815346
CE_PAWNWEAKNESSES:0.532300089100958
CE_PIECEACTIVITY:0.5187023264935953
CE_KINGPAWNSHIELD:0.5227137985284205
CE_PIECECOORDINATION:0.5047623066605822
CE_MATERIAL:0.5058228013409906
CE_KINGSAFETY:0.5205465019723906
C_PIECESQUARETABLES:0.5069621743294587
C_MOBILITY:0.44192077164060745
C_KINGSAFETY:0.44134436417500084
C_PAWNSTRUCTURE:0.4446114628954506
C_PIECECOORDINATION:0.4898753733486475
C_ROOKANDPAWNMOVEMENT:0.4898753733486475
C_CENTERCONTROL:0.4759085232795359
C_DEVELOPPIECES:0.4284053648049731
C_MATERIAL:0.47908993562967556
C_MOVECOUNT:0.49933797945660835
