ELO:1046
CE_PASSEDPAWNS:0.5013021631483623
CE_PAWNWEAKNESSES:0.5027490589406856
CE_PIECEACTIVITY:0.5061678211637165
CE_KINGPAWNSHIELD:0.5092699498037535
CE_PIECECOORDINATION:0.5100008315950046
CE_MATERIAL:0.48057989748130914
CE_KINGSAFETY:0.5
C_PIECESQUARETABLES:0.5
C_MOBILITY:0.5164581125171444
C_KINGSAFETY:0.47492810126429
C_PAWNSTRUCTURE:0.4886953176764991
C_PIECECOORDINATION:0.5183704837768273
C_ROOK:0.5
CE_ROOK:0.5
C_CENTERCONTROL:0.5101910784123721
C_DEVELOPPIECES:0.509493895522361
C_MATERIAL:0.4797243308268542
C_MOVECOUNT:0.5066957442885371
C_PAWNMOVEMENT:0.48495830972449494
