ELO:966
CE_PASSEDPAWNS:0.49312742030124573
CE_PAWNWEAKNESSES:0.5096112057137846
CE_PIECEACTIVITY:0.4906881685789812
CE_KINGPAWNSHIELD:0.5007271396026645
CE_PIECECOORDINATION:0.49193539514668855
CE_MATERIAL:0.49232657989643397
CE_KINGSAFETY:0.5083654529047251
C_PIECESQUARETABLES:0.5075705219128825
C_MOBILITY:0.5059757197513856
C_KINGSAFETY:0.5358298367791318
C_PAWNSTRUCTURE:0.5060200746288238
C_PIECECOORDINATION:0.4917543595561692
C_ROOKANDPAWNMOVEMENT:0.4917543595561692
C_CENTERCONTROL:0.5142275056587172
C_DEVELOPPIECES:0.46998649985773605
C_MATERIAL:0.5057035537666451
C_MOVECOUNT:0.5
