ELO:838
CE_PASSEDPAWNS:0.4981518923368142
CE_PAWNWEAKNESSES:0.5165557049384977
CE_PIECEACTIVITY:0.5604210167111976
CE_KINGPAWNSHIELD:0.4836769363454882
CE_PIECECOORDINATION:0.5443553053752258
CE_MATERIAL:0.4828090866304968
CE_KINGSAFETY:0.49961639291339366
C_PIECESQUARETABLES:0.4861748850181081
C_MOBILITY:0.5473843917102774
C_KINGSAFETY:0.4866143964226981
C_PAWNSTRUCTURE:0.581563671669476
C_PIECECOORDINATION:0.47488501645009734
C_ROOKANDPAWNMOVEMENT:0.47488501645009734
C_CENTERCONTROL:0.47094691549846585
C_DEVELOPPIECES:0.5272242967398836
C_MATERIAL:0.5404784632635858
C_MOVECOUNT:0.5085563384533648
