ELO:1046
CE_PASSEDPAWNS:0.49454321782476823
CE_PAWNWEAKNESSES:0.4943979482925915
CE_PIECEACTIVITY:0.5
CE_KINGPAWNSHIELD:0.5
CE_PIECECOORDINATION:0.5
CE_MATERIAL:0.49974111486830464
CE_KINGSAFETY:0.5
C_PIECESQUARETABLES:0.5
C_MOBILITY:0.49920515987463954
C_KINGSAFETY:0.49228535413656704
C_PAWNSTRUCTURE:0.49388598613256685
C_PIECECOORDINATION:0.5
C_ROOK:0.5
CE_ROOK:0.5093872057112798
C_CENTERCONTROL:0.5
C_DEVELOPPIECES:0.4898836159479409
C_MATERIAL:0.5124776845044958
C_MOVECOUNT:0.5
C_PAWNMOVEMENT:0.5086285682917177
