ELO:999
CE_PASSEDPAWNS:0.5022042440069202
CE_PAWNWEAKNESSES:0.465660241736133
CE_PIECEACTIVITY:0.502939485407813
CE_KINGPAWNSHIELD:0.5004012873361272
CE_PIECECOORDINATION:0.4858273279290439
CE_MATERIAL:0.519435309694125
CE_KINGSAFETY:0.5
C_PIECESQUARETABLES:0.5
C_MOBILITY:0.4887849075224211
C_KINGSAFETY:0.4796782585905045
C_PAWNSTRUCTURE:0.499783538468481
C_PIECECOORDINATION:0.5113338472141999
C_ROOK:0.4869485698655712
CE_ROOK:0.4961064697153357
C_CENTERCONTROL:0.5101088073423136
C_DEVELOPPIECES:0.4857010251632798
C_MATERIAL:0.4882969655538142
C_MOVECOUNT:0.4960042907501276
C_PAWNMOVEMENT:0.5037223531226751
