ELO:1000
CE_PASSEDPAWNS:0.5280219129639598
CE_PAWNWEAKNESSES:0.5314776032278179
CE_PIECEACTIVITY:0.5925392489587523
CE_KINGPAWNSHIELD:0.5135917528054986
CE_PIECECOORDINATION:0.5411672323035689
CE_MATERIAL:0.44087795022370935
CE_KINGSAFETY:0.5102912353487725
C_PIECESQUARETABLES:0.4696605924778687
C_MOBILITY:0.46633459703274865
C_KINGSAFETY:0.47341669112233353
C_PAWNSTRUCTURE:0.4669840596902747
C_PIECECOORDINATION:0.5130011866030117
C_ROOKANDPAWNMOVEMENT:0.5130011866030117
C_CENTERCONTROL:0.46451212343195736
C_DEVELOPPIECES:0.526794625515919
C_MATERIAL:0.4562656900367311
