ELO:1000
CE_PASSEDPAWNS:0.4835601116836181
CE_PAWNWEAKNESSES:0.4908791006566757
CE_PIECEACTIVITY:0.5306144333270052
CE_KINGPAWNSHIELD:0.5046981286922205
CE_PIECECOORDINATION:0.4728861917856697
CE_MATERIAL:0.497083504260853
CE_KINGSAFETY:0.4945727064763076
C_PIECESQUARETABLES:0.504941941119009
C_MOBILITY:0.5326956710447851
C_KINGSAFETY:0.4985919371291316
C_PAWNSTRUCTURE:0.487342815896494
C_PIECECOORDINATION:0.46162284642445134
C_ROOKANDPAWNMOVEMENT:0.46162284642445134
C_CENTERCONTROL:0.505992092503803
C_DEVELOPPIECES:0.4691378123428562
C_MATERIAL:0.4915521301198344
