ELO:993
CE_PASSEDPAWNS:0.49183964315766304
CE_PAWNWEAKNESSES:0.4894956487747878
CE_PIECEACTIVITY:0.5048578815321755
CE_KINGPAWNSHIELD:0.5035865222467854
CE_PIECECOORDINATION:0.5335890519907905
CE_MATERIAL:0.49537994039280603
CE_KINGSAFETY:0.5
C_PIECESQUARETABLES:0.5
C_MOBILITY:0.48844736495749896
C_KINGSAFETY:0.5
C_PAWNSTRUCTURE:0.5089744061023002
C_PIECECOORDINATION:0.4998259120316295
C_ROOKANDPAWNMOVEMENT:0.4998259120316295
C_CENTERCONTROL:0.5099220835438049
C_DEVELOPPIECES:0.4996331756266188
C_MATERIAL:0.4898324942704768
C_MOVECOUNT:0.5146920319769093
