ELO:816
CE_PASSEDPAWNS:0.4984491836790837
CE_PAWNWEAKNESSES:0.44987615106608075
CE_PIECEACTIVITY:0.3914437324554526
CE_KINGPAWNSHIELD:0.4634234717075035
CE_PIECECOORDINATION:0.44961984762416685
CE_MATERIAL:0.4712383099749464
CE_KINGSAFETY:0.5131152351666233
C_PIECESQUARETABLES:0.5128134231829297
C_MOBILITY:0.4626933822650209
C_KINGSAFETY:0.4658392906522009
C_PAWNSTRUCTURE:0.43249606223794157
C_PIECECOORDINATION:0.45406270293541623
C_ROOKANDPAWNMOVEMENT:0.45406270293541623
C_CENTERCONTROL:0.5453291873933084
C_DEVELOPPIECES:0.5062837080582208
C_MATERIAL:0.43623339720073095
C_MOVECOUNT:0.49652048668979176
