ELO:948
CE_PASSEDPAWNS:0.40422445981312
CE_PAWNWEAKNESSES:0.5285136571320557
CE_PIECEACTIVITY:0.5093582458328408
CE_KINGPAWNSHIELD:0.5797531202411039
CE_PIECECOORDINATION:0.48793556212482403
CE_MATERIAL:0.4564593508632185
CE_KINGSAFETY:0.47489401840199014
C_PIECESQUARETABLES:0.48415696784963563
C_MOBILITY:0.5743945394395285
C_KINGSAFETY:0.5382047870647171
C_PAWNSTRUCTURE:0.38291360622117054
C_PIECECOORDINATION:0.6059838899696848
C_ROOKANDPAWNMOVEMENT:0.6059838899696848
C_CENTERCONTROL:0.5560575988376075
C_DEVELOPPIECES:0.5248030347764197
C_MATERIAL:0.41367752792418133
