ELO:1044
CE_PASSEDPAWNS:0.47613867485135847
CE_PAWNWEAKNESSES:0.5
CE_PIECEACTIVITY:0.49396107226709207
CE_KINGPAWNSHIELD:0.47667266433524247
CE_PIECECOORDINATION:0.5
CE_MATERIAL:0.517434976272686
CE_KINGSAFETY:0.5
C_PIECESQUARETABLES:0.5
C_MOBILITY:0.47753918233060155
C_KINGSAFETY:0.5751591212110047
C_PAWNSTRUCTURE:0.48543865650024476
C_PIECECOORDINATION:0.5034529882807594
C_ROOKANDPAWNMOVEMENT:0.5034529882807594
C_CENTERCONTROL:0.5
C_DEVELOPPIECES:0.4235210967949825
C_MATERIAL:0.4898324942704768
C_MOVECOUNT:0.514566782606185
