ELO:1114
CE_PASSEDPAWNS:0.43854557177385756
CE_PAWNWEAKNESSES:0.47631279994244136
CE_PIECEACTIVITY:0.7104582568221638
CE_KINGPAWNSHIELD:0.323922972367483
CE_PIECECOORDINATION:0.5232500623776064
CE_MATERIAL:0.35541196933085795
CE_KINGSAFETY:0.49306028935469415
C_PIECESQUARETABLES:0.5533695861300726
C_MOBILITY:0.483961316592866
C_KINGSAFETY:0.42012717785011044
C_PAWNSTRUCTURE:0.5322262687641369
C_PIECECOORDINATION:0.5866215447323871
C_ROOKANDPAWNMOVEMENT:0.5866215447323871
C_CENTERCONTROL:0.4879068382435665
C_DEVELOPPIECES:0.5400936441478609
C_MATERIAL:0.6063479600292779
