ELO:1014
CE_PASSEDPAWNS:0.4576465574091592
CE_PAWNWEAKNESSES:0.4780418216204954
CE_PIECEACTIVITY:0.49572506529201804
CE_KINGPAWNSHIELD:0.5412355627354138
CE_PIECECOORDINATION:0.49306047868002434
CE_MATERIAL:0.4848135341455313
CE_KINGSAFETY:0.48412762048650665
C_PIECESQUARETABLES:0.5438084566657835
C_MOBILITY:0.555747626410101
C_KINGSAFETY:0.48342191469729623
C_PAWNSTRUCTURE:0.4679908356689378
C_PIECECOORDINATION:0.6005974104102394
C_ROOKANDPAWNMOVEMENT:0.6005974104102394
C_CENTERCONTROL:0.5464860442013134
C_DEVELOPPIECES:0.4611921368958567
C_MATERIAL:0.4496154538542952
