ELO:898
CE_PASSEDPAWNS:0.47977664162562306
CE_PAWNWEAKNESSES:0.5226106634097683
CE_PIECEACTIVITY:0.5295067285380308
CE_KINGPAWNSHIELD:0.5066733683227715
CE_PIECECOORDINATION:0.48990271950610376
CE_MATERIAL:0.512852578017343
CE_KINGSAFETY:0.5
C_PIECESQUARETABLES:0.49909076553115966
C_MOBILITY:0.5009447206830658
C_KINGSAFETY:0.49531155176602465
C_PAWNSTRUCTURE:0.43261485592652876
C_PIECECOORDINATION:0.43478485957008317
C_ROOK:0.47319191649282916
CE_ROOK:0.47714207495056016
C_CENTERCONTROL:0.46847476837962043
C_DEVELOPPIECES:0.4375905215899859
C_MATERIAL:0.45295668852508714
C_MOVECOUNT:0.4987283627582937
C_PAWNMOVEMENT:0.4914832815240797
