ELO:958
CE_PASSEDPAWNS:0.47943242551881055
CE_PAWNWEAKNESSES:0.5219896757018821
CE_PIECEACTIVITY:0.4583441130357092
CE_KINGPAWNSHIELD:0.4719800724796209
CE_PIECECOORDINATION:0.47808176495632565
CE_MATERIAL:0.46863343537235175
CE_KINGSAFETY:0.4951623496407977
C_PIECESQUARETABLES:0.498835673444705
C_MOBILITY:0.47698730123738403
C_KINGSAFETY:0.5385857549897756
C_PAWNSTRUCTURE:0.49878909196001103
C_PIECECOORDINATION:0.5017456975239022
C_ROOK:0.48376103098163487
CE_ROOK:0.4827749139791759
C_CENTERCONTROL:0.47471439974312263
C_DEVELOPPIECES:0.49676727535061604
C_MATERIAL:0.5497380658069907
C_MOVECOUNT:0.5025676220622108
C_PAWNMOVEMENT:0.4967875748953252
