ELO:980
CE_PASSEDPAWNS:0.5026765062371268
CE_PAWNWEAKNESSES:0.48226040768662554
CE_PIECEACTIVITY:0.48058254140799994
CE_KINGPAWNSHIELD:0.4835291426516965
CE_PIECECOORDINATION:0.5054140051229844
CE_MATERIAL:0.5258254593524467
CE_KINGSAFETY:0.5
C_PIECESQUARETABLES:0.5
C_MOBILITY:0.509225975986132
C_KINGSAFETY:0.5
C_PAWNSTRUCTURE:0.49773037065996223
C_PIECECOORDINATION:0.5083369653852875
C_ROOKANDPAWNMOVEMENT:0.5083369653852875
C_CENTERCONTROL:0.49814659434946934
C_DEVELOPPIECES:0.4843179716113861
C_MATERIAL:0.47802849053715196
C_MOVECOUNT:0.5005206773364127
