ELO:992
CE_PASSEDPAWNS:0.5053724770531334
CE_PAWNWEAKNESSES:0.5111100600999444
CE_PIECEACTIVITY:0.4965085384817418
CE_KINGPAWNSHIELD:0.48445154389706907
CE_PIECECOORDINATION:0.48823403607620225
CE_MATERIAL:0.5110241675252933
CE_KINGSAFETY:0.505638217795617
C_PIECESQUARETABLES:0.5
C_MOBILITY:0.5005124092841016
C_KINGSAFETY:0.4992530704627697
C_PAWNSTRUCTURE:0.4947636140465434
C_PIECECOORDINATION:0.5100971054693192
C_ROOKANDPAWNMOVEMENT:0.5100971054693192
C_CENTERCONTROL:0.503876731997929
C_DEVELOPPIECES:0.5201624369371033
C_MATERIAL:0.5113211357103183
C_MOVECOUNT:0.5111929147205972
