ELO:937
CE_PASSEDPAWNS:0.44938305153927227
CE_PAWNWEAKNESSES:0.5037454191149019
CE_PIECEACTIVITY:0.5074832480838286
CE_KINGPAWNSHIELD:0.4797530279662799
CE_PIECECOORDINATION:0.5078680227018278
CE_MATERIAL:0.46392847666651565
CE_KINGSAFETY:0.4484695986672621
C_PIECESQUARETABLES:0.47332376951147626
C_MOBILITY:0.5021841815507609
C_KINGSAFETY:0.4895783883860817
C_PAWNSTRUCTURE:0.4711074070864879
C_PIECECOORDINATION:0.5244038724267147
C_ROOKANDPAWNMOVEMENT:0.5244038724267147
C_CENTERCONTROL:0.5003303388883328
C_DEVELOPPIECES:0.4975234680686572
C_MATERIAL:0.516964204534742
C_MOVECOUNT:0.5
