ELO:989
CE_PASSEDPAWNS:0.5227639129507554
CE_PAWNWEAKNESSES:0.49334456888140826
CE_PIECEACTIVITY:0.4948362512793527
CE_KINGPAWNSHIELD:0.539862895378409
CE_PIECECOORDINATION:0.5826753922658391
CE_MATERIAL:0.47666903506119734
CE_KINGSAFETY:0.464566688081504
C_PIECESQUARETABLES:0.46502732918608297
C_MOBILITY:0.5568831397446856
C_KINGSAFETY:0.5446770903525978
C_PAWNSTRUCTURE:0.5763898968983069
C_PIECECOORDINATION:0.5740567992429857
C_ROOKANDPAWNMOVEMENT:0.5740567992429857
C_CENTERCONTROL:0.46614422550406787
C_DEVELOPPIECES:0.417732308238059
C_MATERIAL:0.4856883727264264
