ELO:932
CE_PASSEDPAWNS:0.4989417310945793
CE_PAWNWEAKNESSES:0.48501900503158285
CE_PIECEACTIVITY:0.5039834634410402
CE_KINGPAWNSHIELD:0.5178636693073989
CE_PIECECOORDINATION:0.5125488092756958
CE_MATERIAL:0.5119773140560892
CE_KINGSAFETY:0.5098964629909877
C_PIECESQUARETABLES:0.5
C_MOBILITY:0.5126962260355796
C_KINGSAFETY:0.5171850266302248
C_PAWNSTRUCTURE:0.49409336082002636
C_PIECECOORDINATION:0.5194563939813982
C_ROOKANDPAWNMOVEMENT:0.5194563939813982
C_CENTERCONTROL:0.48001716617735546
C_DEVELOPPIECES:0.5117039165919072
C_MATERIAL:0.5394846034610239
C_MOVECOUNT:0.4971258826193964
