ELO:1009
CE_PASSEDPAWNS:0.5382877637623233
CE_PAWNWEAKNESSES:0.502203352927871
CE_PIECEACTIVITY:0.4988801329009935
CE_KINGPAWNSHIELD:0.5398050996860625
CE_PIECECOORDINATION:0.5574760507443748
CE_MATERIAL:0.41695880794318135
CE_KINGSAFETY:0.5162450518364154
C_PIECESQUARETABLES:0.4834343223403507
C_MOBILITY:0.5403511256742632
C_KINGSAFETY:0.5471508097556501
C_PAWNSTRUCTURE:0.5644701516112816
C_PIECECOORDINATION:0.592986315400827
C_ROOKANDPAWNMOVEMENT:0.592986315400827
C_CENTERCONTROL:0.5280879628885237
C_DEVELOPPIECES:0.4740840384014128
C_MATERIAL:0.4984294070033364
