ELO:1059
CE_PASSEDPAWNS:0.48613629843912126
CE_PAWNWEAKNESSES:0.606050960386387
CE_PIECEACTIVITY:0.5118165486006039
CE_KINGPAWNSHIELD:0.5223488567696821
CE_PIECECOORDINATION:0.4967704149701133
CE_MATERIAL:0.5056410662951966
CE_KINGSAFETY:0.5249065285020103
C_PIECESQUARETABLES:0.4888167611237117
C_MOBILITY:0.48477297061379215
C_KINGSAFETY:0.4908137934298998
C_PAWNSTRUCTURE:0.4831791348278719
C_PIECECOORDINATION:0.4929227239720753
C_ROOKANDPAWNMOVEMENT:0.4929227239720753
C_CENTERCONTROL:0.4878621039945398
C_DEVELOPPIECES:0.45185755986916715
C_MATERIAL:0.48379275883920675
C_MOVECOUNT:0.5022009498494181
