ELO:924
CE_PASSEDPAWNS:0.4804313986969451
CE_PAWNWEAKNESSES:0.4912515942590019
CE_PIECEACTIVITY:0.5447851078160288
CE_KINGPAWNSHIELD:0.5034484917696337
CE_PIECECOORDINATION:0.49491720503336156
CE_MATERIAL:0.5164859191050672
CE_KINGSAFETY:0.5180305197349425
C_PIECESQUARETABLES:0.5309960942915348
C_MOBILITY:0.522817899868011
C_KINGSAFETY:0.505060867463454
C_PAWNSTRUCTURE:0.5263183931659846
C_PIECECOORDINATION:0.45794361925562976
C_ROOKANDPAWNMOVEMENT:0.45794361925562976
C_CENTERCONTROL:0.5016211786746136
C_DEVELOPPIECES:0.519030348859974
C_MATERIAL:0.5269057482287302
