ELO:1003
CE_PASSEDPAWNS:0.40693640998332015
CE_PAWNWEAKNESSES:0.5079474156625775
CE_PIECEACTIVITY:0.5611709230314921
CE_KINGPAWNSHIELD:0.5314454858211098
CE_PIECECOORDINATION:0.48681298440136933
CE_MATERIAL:0.5384157754747159
CE_KINGSAFETY:0.49581939698308053
C_PIECESQUARETABLES:0.5078297547285194
C_MOBILITY:0.5233103254084378
C_KINGSAFETY:0.46356724576762265
C_PAWNSTRUCTURE:0.4903653459858548
C_PIECECOORDINATION:0.42424700556166367
C_ROOKANDPAWNMOVEMENT:0.42424700556166367
C_CENTERCONTROL:0.48433171498194894
C_DEVELOPPIECES:0.49379801007686663
C_MATERIAL:0.4161039525085348
