ELO:985
CE_PASSEDPAWNS:0.49536953920492793
CE_PAWNWEAKNESSES:0.49845266368309094
CE_PIECEACTIVITY:0.48164945057589914
CE_KINGPAWNSHIELD:0.49872113210524865
CE_PIECECOORDINATION:0.48374219651533723
CE_MATERIAL:0.4933406462509804
CE_KINGSAFETY:0.5221143280731221
C_PIECESQUARETABLES:0.49895021432864534
C_MOBILITY:0.47779596248438283
C_KINGSAFETY:0.5204096410086787
C_PAWNSTRUCTURE:0.49878909196001103
C_PIECECOORDINATION:0.5129079426512134
C_ROOK:0.496485498717372
CE_ROOK:0.49090274632975806
C_CENTERCONTROL:0.4877646055865953
C_DEVELOPPIECES:0.4908127887702367
C_MATERIAL:0.5262483254056117
C_MOVECOUNT:0.4980802499532033
C_PAWNMOVEMENT:0.4803355150292643
