ELO:789
CE_PASSEDPAWNS:0.4182662921046753
CE_PAWNWEAKNESSES:0.4619577484755412
CE_PIECEACTIVITY:0.3955258981984094
CE_KINGPAWNSHIELD:0.48934396214143927
CE_PIECECOORDINATION:0.46862909037861766
CE_MATERIAL:0.5564280262325528
CE_KINGSAFETY:0.5339278776380018
C_PIECESQUARETABLES:0.4643197717801764
C_MOBILITY:0.41253839830207156
C_KINGSAFETY:0.4970370489437192
C_PAWNSTRUCTURE:0.47667422066159976
C_PIECECOORDINATION:0.5392456714338659
C_ROOKANDPAWNMOVEMENT:0.5392456714338659
C_CENTERCONTROL:0.5402640512673417
C_DEVELOPPIECES:0.4818003222549814
C_MATERIAL:0.4392891229460793
C_MOVECOUNT:0.5
