ELO:960
CE_PASSEDPAWNS:0.5140668188715992
CE_PAWNWEAKNESSES:0.5192585112812375
CE_PIECEACTIVITY:0.49014868076016943
CE_KINGPAWNSHIELD:0.4741366388944858
CE_PIECECOORDINATION:0.5005831146250023
CE_MATERIAL:0.5310419851177693
CE_KINGSAFETY:0.499394273472904
C_PIECESQUARETABLES:0.4925878199607883
C_MOBILITY:0.5097692551312917
C_KINGSAFETY:0.5277522464917817
C_PAWNSTRUCTURE:0.48312670130126345
C_PIECECOORDINATION:0.5155904990186293
C_ROOKANDPAWNMOVEMENT:0.5155904990186293
C_CENTERCONTROL:0.4691559621447577
C_DEVELOPPIECES:0.538070481677479
C_MATERIAL:0.49831507192468644
C_MOVECOUNT:0.5
