ELO:1000
CE_PASSEDPAWNS:0.4934967629332943
CE_PAWNWEAKNESSES:0.5
CE_PIECEACTIVITY:0.5
CE_KINGPAWNSHIELD:0.5
CE_PIECECOORDINATION:0.5036624466446786
CE_MATERIAL:0.5076651027043615
CE_KINGSAFETY:0.5
C_PIECESQUARETABLES:0.4912342320960528
C_MOBILITY:0.5
C_KINGSAFETY:0.5
C_PAWNSTRUCTURE:0.5
C_PIECECOORDINATION:0.4990616722528764
C_ROOKANDPAWNMOVEMENT:0.4990616722528764
C_CENTERCONTROL:0.5
C_DEVELOPPIECES:0.49996757854090534
C_MATERIAL:0.5
