ELO:937
CE_PASSEDPAWNS:0.41307762341376736
CE_PAWNWEAKNESSES:0.48766324637294295
CE_PIECEACTIVITY:0.47615648359359086
CE_KINGPAWNSHIELD:0.5955314195379973
CE_PIECECOORDINATION:0.5157151304459877
CE_MATERIAL:0.42398853485359095
CE_KINGSAFETY:0.49888851588796496
C_PIECESQUARETABLES:0.496862710949046
C_MOBILITY:0.5942933549981255
C_KINGSAFETY:0.5275652464134475
C_PAWNSTRUCTURE:0.39604478466886245
C_PIECECOORDINATION:0.6013423203061631
C_ROOKANDPAWNMOVEMENT:0.6013423203061631
C_CENTERCONTROL:0.5528539956740554
C_DEVELOPPIECES:0.4853214975885587
C_MATERIAL:0.4445860120840245
