ELO:987
CE_PASSEDPAWNS:0.5286647376666838
CE_PAWNWEAKNESSES:0.5122997985095733
CE_PIECEACTIVITY:0.4988801329009935
CE_KINGPAWNSHIELD:0.5361941557777578
CE_PIECECOORDINATION:0.5574760507443748
CE_MATERIAL:0.4138393044298386
CE_KINGSAFETY:0.5162450518364154
C_PIECESQUARETABLES:0.4913502276399751
C_MOBILITY:0.5473128909087924
C_KINGSAFETY:0.5471508097556501
C_PAWNSTRUCTURE:0.5644701516112816
C_PIECECOORDINATION:0.5850375992073513
C_ROOKANDPAWNMOVEMENT:0.5850375992073513
C_CENTERCONTROL:0.5333523428507396
C_DEVELOPPIECES:0.4740840384014128
C_MATERIAL:0.5289199365946339
