ELO:1268
CE_PASSEDPAWNS:0.4517168292161211
CE_PAWNWEAKNESSES:0.5795836939355303
CE_PIECEACTIVITY:0.4381841345240536
CE_KINGPAWNSHIELD:0.4682512514656819
CE_PIECECOORDINATION:0.5062093759261084
CE_MATERIAL:0.47142943546382343
CE_KINGSAFETY:0.5
C_PIECESQUARETABLES:0.5
C_MOBILITY:0.3960018217790863
C_KINGSAFETY:0.41496517016321266
C_PAWNSTRUCTURE:0.5565549327089838
C_PIECECOORDINATION:0.6034186844261449
C_ROOKANDPAWNMOVEMENT:0.6034186844261449
C_CENTERCONTROL:0.5215481662067727
C_DEVELOPPIECES:0.5659557585650148
C_MATERIAL:0.613901447139935
