ELO:1213
CE_PASSEDPAWNS:0.5799699223621468
CE_PAWNWEAKNESSES:0.555225293914689
CE_PIECEACTIVITY:0.47497304897757625
CE_KINGPAWNSHIELD:0.4865580759825473
CE_PIECECOORDINATION:0.4557333805500986
CE_MATERIAL:0.48687435448462446
CE_KINGSAFETY:0.5024141376468004
C_PIECESQUARETABLES:0.4844460412804044
C_MOBILITY:0.40830469969201305
C_KINGSAFETY:0.3995663984708149
C_PAWNSTRUCTURE:0.5965506141169289
C_PIECECOORDINATION:0.569191935982238
C_ROOKANDPAWNMOVEMENT:0.569191935982238
C_CENTERCONTROL:0.5320084580908401
C_DEVELOPPIECES:0.4349757552001375
C_MATERIAL:0.590004114555504
