ELO:1201
CE_PASSEDPAWNS:0.4382366343002822
CE_PAWNWEAKNESSES:0.5219724986368965
CE_PIECEACTIVITY:0.47497304897757625
CE_KINGPAWNSHIELD:0.4660338238497533
CE_PIECECOORDINATION:0.45438258990947383
CE_MATERIAL:0.48687435448462446
CE_KINGSAFETY:0.511056706093531
C_PIECESQUARETABLES:0.4840299692197267
C_MOBILITY:0.4153709986556749
C_KINGSAFETY:0.400490856708118
C_PAWNSTRUCTURE:0.5965506141169289
C_PIECECOORDINATION:0.5059223756499341
C_ROOKANDPAWNMOVEMENT:0.5059223756499341
C_CENTERCONTROL:0.48996158556964675
C_DEVELOPPIECES:0.44705443822235374
C_MATERIAL:0.5913631961591127
