ELO:1063
CE_PASSEDPAWNS:0.4373422065810057
CE_PAWNWEAKNESSES:0.4399244589951058
CE_PIECEACTIVITY:0.41473668004843384
CE_KINGPAWNSHIELD:0.5048253048239902
CE_PIECECOORDINATION:0.5456174014005164
CE_MATERIAL:0.5293149222687837
CE_KINGSAFETY:0.4699541093297608
C_PIECESQUARETABLES:0.5069148910394597
C_MOBILITY:0.351414221816066
C_KINGSAFETY:0.40303747373678206
C_PAWNSTRUCTURE:0.48831902165202895
C_PIECECOORDINATION:0.49325209225429334
C_ROOKANDPAWNMOVEMENT:0.49325209225429334
C_CENTERCONTROL:0.4587844808739291
C_DEVELOPPIECES:0.438935273568799
C_MATERIAL:0.5117563502161112
