ELO:987
CE_PASSEDPAWNS:0.37094466511492336
CE_PAWNWEAKNESSES:0.481142586072923
CE_PIECEACTIVITY:0.5416639481280703
CE_KINGPAWNSHIELD:0.529305895700906
CE_PIECECOORDINATION:0.503598069196648
CE_MATERIAL:0.5389499032205495
CE_KINGSAFETY:0.5108796369403744
C_PIECESQUARETABLES:0.5036384134708597
C_MOBILITY:0.5651300321278983
C_KINGSAFETY:0.4716024893580924
C_PAWNSTRUCTURE:0.48375189952740777
C_PIECECOORDINATION:0.4163950119982397
C_ROOKANDPAWNMOVEMENT:0.4163950119982397
C_CENTERCONTROL:0.4793974196896088
C_DEVELOPPIECES:0.49194545460805517
C_MATERIAL:0.4277064102112201
