ELO:832
CE_PASSEDPAWNS:0.42585421101267884
CE_PAWNWEAKNESSES:0.546521632141952
CE_PIECEACTIVITY:0.5109775271775341
CE_KINGPAWNSHIELD:0.5765942520764349
CE_PIECECOORDINATION:0.4731275803647064
CE_MATERIAL:0.47636201695860786
CE_KINGSAFETY:0.5296447182944007
C_PIECESQUARETABLES:0.4889444150029791
C_MOBILITY:0.513641162319733
C_KINGSAFETY:0.5921994530949313
C_PAWNSTRUCTURE:0.3856912129914234
C_PIECECOORDINATION:0.6121631876818192
C_ROOKANDPAWNMOVEMENT:0.6121631876818192
C_CENTERCONTROL:0.5603543982686696
C_DEVELOPPIECES:0.4284202829812634
C_MATERIAL:0.5902905987376511
