ELO:843
CE_PASSEDPAWNS:0.565135921973294
CE_PAWNWEAKNESSES:0.47336746664971346
CE_PIECEACTIVITY:0.5314823953970141
CE_KINGPAWNSHIELD:0.5488730912748488
CE_PIECECOORDINATION:0.5128395903119614
CE_MATERIAL:0.49027045536469616
CE_KINGSAFETY:0.5072250847223796
C_PIECESQUARETABLES:0.5203680220461561
C_MOBILITY:0.4894805674960877
C_KINGSAFETY:0.5138979620359447
C_PAWNSTRUCTURE:0.5019185752859715
C_PIECECOORDINATION:0.4772693351893902
C_ROOKANDPAWNMOVEMENT:0.4772693351893902
C_CENTERCONTROL:0.5305138676764749
C_DEVELOPPIECES:0.5065786433523267
C_MATERIAL:0.484560258767306
C_MOVECOUNT:0.5
