ELO:967
CE_PASSEDPAWNS:0.4997234928745617
CE_PAWNWEAKNESSES:0.49968187896294614
CE_PIECEACTIVITY:0.47220855041262344
CE_KINGPAWNSHIELD:0.495629230618913
CE_PIECECOORDINATION:0.5292397919370525
CE_MATERIAL:0.5380550495820645
CE_KINGSAFETY:0.5
C_PIECESQUARETABLES:0.5
C_MOBILITY:0.46919931748490273
C_KINGSAFETY:0.5277562916129463
C_PAWNSTRUCTURE:0.4779380923704642
C_PIECECOORDINATION:0.5223382895650328
C_ROOK:0.5125096641609643
CE_ROOK:0.4958943555188594
C_CENTERCONTROL:0.47634315026408747
C_DEVELOPPIECES:0.46166570735494267
C_MATERIAL:0.4744142015166284
C_MOVECOUNT:0.49746790700371035
C_PAWNMOVEMENT:0.4966630446408586
