ELO:1180
CE_PASSEDPAWNS:0.5955037066111589
CE_PAWNWEAKNESSES:0.5942385255537602
CE_PIECEACTIVITY:0.47542549129359685
CE_KINGPAWNSHIELD:0.6208131797722044
CE_PIECECOORDINATION:0.4845935145058726
CE_MATERIAL:0.39783305558335186
CE_KINGSAFETY:0.5
C_PIECESQUARETABLES:0.5
C_MOBILITY:0.42043076060556034
C_KINGSAFETY:0.30807903020254146
C_PAWNSTRUCTURE:0.43674463414745696
C_PIECECOORDINATION:0.4890072794687378
C_ROOKANDPAWNMOVEMENT:0.4890072794687378
C_CENTERCONTROL:0.5916556751746048
C_DEVELOPPIECES:0.464302331748555
C_MATERIAL:0.4063918105112338
