ELO:987
CE_PASSEDPAWNS:0.40693640998332015
CE_PAWNWEAKNESSES:0.4858561886106764
CE_PIECEACTIVITY:0.5611709230314921
CE_KINGPAWNSHIELD:0.5269896334436276
CE_PIECECOORDINATION:0.506545084761065
CE_MATERIAL:0.5167583152345966
CE_KINGSAFETY:0.5
C_PIECESQUARETABLES:0.495688285943281
C_MOBILITY:0.5351471248930156
C_KINGSAFETY:0.461435766766989
C_PAWNSTRUCTURE:0.4872599861412457
C_PIECECOORDINATION:0.42424700556166367
C_ROOKANDPAWNMOVEMENT:0.42424700556166367
C_CENTERCONTROL:0.4852634156905111
C_DEVELOPPIECES:0.48652993006484146
C_MATERIAL:0.4211423246410638
