ELO:1116
CE_PASSEDPAWNS:0.442778421640529
CE_PAWNWEAKNESSES:0.5049538678398092
CE_PIECEACTIVITY:0.5486142111279464
CE_KINGPAWNSHIELD:0.6208131797722044
CE_PIECECOORDINATION:0.5707969823983154
CE_MATERIAL:0.49618898352033614
CE_KINGSAFETY:0.5106065062932474
C_PIECESQUARETABLES:0.489124606702631
C_MOBILITY:0.5530329857582542
C_KINGSAFETY:0.6290083336177821
C_PAWNSTRUCTURE:0.4402677791378835
C_PIECECOORDINATION:0.47648791021773906
C_ROOKANDPAWNMOVEMENT:0.47648791021773906
C_CENTERCONTROL:0.6136335320466245
C_DEVELOPPIECES:0.5034004472324135
C_MATERIAL:0.3878587385587676
