ELO:868
CE_PASSEDPAWNS:0.40878261463017873
CE_PAWNWEAKNESSES:0.544068418175196
CE_PIECEACTIVITY:0.511984633414152
CE_KINGPAWNSHIELD:0.5798779689128901
CE_PIECECOORDINATION:0.4707070635545378
CE_MATERIAL:0.4704039150326567
CE_KINGSAFETY:0.531879300557423
C_PIECESQUARETABLES:0.5446326198863395
C_MOBILITY:0.5001646251019092
C_KINGSAFETY:0.5962704820959593
C_PAWNSTRUCTURE:0.3691480431144034
C_PIECECOORDINATION:0.6196408835804945
C_ROOKANDPAWNMOVEMENT:0.6196408835804945
C_CENTERCONTROL:0.5860062123105512
C_DEVELOPPIECES:0.4983950070250616
C_MATERIAL:0.5888679417876612
