ELO:998
CE_PASSEDPAWNS:0.49536953920492793
CE_PAWNWEAKNESSES:0.5000087538004737
CE_PIECEACTIVITY:0.49211660596795
CE_KINGPAWNSHIELD:0.5026832460471914
CE_PIECECOORDINATION:0.48144579733215465
CE_MATERIAL:0.49651283272682173
CE_KINGSAFETY:0.5157858691118401
C_PIECESQUARETABLES:0.5023276902474408
C_MOBILITY:0.4897667497341668
C_KINGSAFETY:0.5123154210177858
C_PAWNSTRUCTURE:0.49878909196001103
C_PIECECOORDINATION:0.5044976422033857
C_ROOK:0.49398722724566785
CE_ROOK:0.49090274632975806
C_CENTERCONTROL:0.4911296943569785
C_DEVELOPPIECES:0.49490672221426163
C_MATERIAL:0.516248524087424
C_MOVECOUNT:0.49336359597322466
C_PAWNMOVEMENT:0.4948135852749514
