ELO:1006
CE_PASSEDPAWNS:0.40687494492026627
CE_PAWNWEAKNESSES:0.5047473699184335
CE_PIECEACTIVITY:0.5538534288680224
CE_KINGPAWNSHIELD:0.5208542351214184
CE_PIECECOORDINATION:0.482714306150068
CE_MATERIAL:0.5384157754747159
CE_KINGSAFETY:0.5149192314999325
C_PIECESQUARETABLES:0.4239253449313731
C_MOBILITY:0.5233103254084378
C_KINGSAFETY:0.48583247987894473
C_PAWNSTRUCTURE:0.4907100336833529
C_PIECECOORDINATION:0.4216586231295272
C_ROOKANDPAWNMOVEMENT:0.4216586231295272
C_CENTERCONTROL:0.48780644321225686
C_DEVELOPPIECES:0.48712787536509833
C_MATERIAL:0.4111805455123223
