ELO:1109
CE_PASSEDPAWNS:0.4373422065810057
CE_PAWNWEAKNESSES:0.5363286875609813
CE_PIECEACTIVITY:0.5129139171742804
CE_KINGPAWNSHIELD:0.5119180752208315
CE_PIECECOORDINATION:0.4845882013296475
CE_MATERIAL:0.35562438214654274
CE_KINGSAFETY:0.5
C_PIECESQUARETABLES:0.5
C_MOBILITY:0.4575944242744406
C_KINGSAFETY:0.4024994256990024
C_PAWNSTRUCTURE:0.5265436601396568
C_PIECECOORDINATION:0.5919486360646291
C_ROOKANDPAWNMOVEMENT:0.5919486360646291
C_CENTERCONTROL:0.47463163103333544
C_DEVELOPPIECES:0.4505594579412542
C_MATERIAL:0.543700084889015
