ELO:954
CE_PASSEDPAWNS:0.3975137633222028
CE_PAWNWEAKNESSES:0.5116447736070939
CE_PIECEACTIVITY:0.4675269227625362
CE_KINGPAWNSHIELD:0.5628497359876102
CE_PIECECOORDINATION:0.4720834472143798
CE_MATERIAL:0.4306253077502242
CE_KINGSAFETY:0.49811778173057225
C_PIECESQUARETABLES:0.5160947665822929
C_MOBILITY:0.5631200096411598
C_KINGSAFETY:0.48171208839642177
C_PAWNSTRUCTURE:0.4403645622460104
C_PIECECOORDINATION:0.6061706775539291
C_ROOKANDPAWNMOVEMENT:0.6061706775539291
C_CENTERCONTROL:0.5542233085681973
C_DEVELOPPIECES:0.4544084756091705
C_MATERIAL:0.47275217275376546
