ELO:689
CE_PASSEDPAWNS:0.4286369601834942
CE_PAWNWEAKNESSES:0.5367368172711763
CE_PIECEACTIVITY:0.45652765579824517
CE_KINGPAWNSHIELD:0.5071242311742599
CE_PIECECOORDINATION:0.42697334435287354
CE_MATERIAL:0.47517455881021614
CE_KINGSAFETY:0.4980802494397395
C_PIECESQUARETABLES:0.5185964514867216
C_MOBILITY:0.48350023647062523
C_KINGSAFETY:0.5803058814480871
C_PAWNSTRUCTURE:0.4569676643698327
C_PIECECOORDINATION:0.4272789813341471
C_ROOKANDPAWNMOVEMENT:0.4272789813341471
C_CENTERCONTROL:0.4194549336710296
C_DEVELOPPIECES:0.47328570395589914
C_MATERIAL:0.5328767770943428
C_MOVECOUNT:0.5386728144480927
