ELO:1000
CE_PASSEDPAWNS:0.5
CE_PAWNWEAKNESSES:0.4990317264777892
CE_PIECEACTIVITY:0.5
CE_KINGPAWNSHIELD:0.5063383389568061
CE_PIECECOORDINATION:0.4959756461522825
CE_MATERIAL:0.49797718016874487
CE_KINGSAFETY:0.5
C_PIECESQUARETABLES:0.5057544726481957
C_MOBILITY:0.5
C_KINGSAFETY:0.5123154210177858
C_PAWNSTRUCTURE:0.5
C_PIECECOORDINATION:0.5140687045288987
C_ROOK:0.5
CE_ROOK:0.49666456219840704
C_CENTERCONTROL:0.4855731687444615
C_DEVELOPPIECES:0.5
C_MATERIAL:0.5107600560364357
C_MOVECOUNT:0.496491590044845
C_PAWNMOVEMENT:0.49609876761407984
