ELO:880
CE_PASSEDPAWNS:0.4787088529792503
CE_PAWNWEAKNESSES:0.5124596138418854
CE_PIECEACTIVITY:0.5094467881933609
CE_KINGPAWNSHIELD:0.49555822795771065
CE_PIECECOORDINATION:0.48990271950610376
CE_MATERIAL:0.512852578017343
CE_KINGSAFETY:0.5
C_PIECESQUARETABLES:0.49909076553115966
C_MOBILITY:0.49162272443224087
C_KINGSAFETY:0.49531155176602465
C_PAWNSTRUCTURE:0.44922846477205886
C_PIECECOORDINATION:0.43532580760239514
C_ROOK:0.4568415094125491
CE_ROOK:0.4805300579860062
C_CENTERCONTROL:0.4640494583528143
C_DEVELOPPIECES:0.44773108072821594
C_MATERIAL:0.44511369604201556
C_MOVECOUNT:0.49733440745218355
C_PAWNMOVEMENT:0.48523806005810993
