ELO:1189
CE_PASSEDPAWNS:0.4382366343002822
CE_PAWNWEAKNESSES:0.5918317009246495
CE_PIECEACTIVITY:0.4346489838604221
CE_KINGPAWNSHIELD:0.4626833855257805
CE_PIECECOORDINATION:0.5318051758712565
CE_MATERIAL:0.34433591284733017
CE_KINGSAFETY:0.5
C_PIECESQUARETABLES:0.5
C_MOBILITY:0.36890367320791084
C_KINGSAFETY:0.3880278056557201
C_PAWNSTRUCTURE:0.5447474740515015
C_PIECECOORDINATION:0.5947067428619455
C_ROOKANDPAWNMOVEMENT:0.5947067428619455
C_CENTERCONTROL:0.4910158207041803
C_DEVELOPPIECES:0.4824137655574824
C_MATERIAL:0.630760854865
