ELO:987
CE_PASSEDPAWNS:0.3993970191261264
CE_PAWNWEAKNESSES:0.4731037027789687
CE_PIECEACTIVITY:0.5486884299211182
CE_KINGPAWNSHIELD:0.533172673502657
CE_PIECECOORDINATION:0.50253453348176
CE_MATERIAL:0.5256924579667782
CE_KINGSAFETY:0.5261285344723569
C_PIECESQUARETABLES:0.5048275478004084
C_MOBILITY:0.558575856281741
C_KINGSAFETY:0.4618840774419183
C_PAWNSTRUCTURE:0.48375189952740777
C_PIECECOORDINATION:0.41901208603334583
C_ROOKANDPAWNMOVEMENT:0.41901208603334583
C_CENTERCONTROL:0.4932274532254538
C_DEVELOPPIECES:0.49047111009608124
C_MATERIAL:0.4277064102112201
