ELO:1090
CE_PASSEDPAWNS:0.505135030769393
CE_PAWNWEAKNESSES:0.48813009518314426
CE_PIECEACTIVITY:0.49599819320624305
CE_KINGPAWNSHIELD:0.47305379864375696
CE_PIECECOORDINATION:0.46941375225582915
CE_MATERIAL:0.5422067238317319
CE_KINGSAFETY:0.5
C_PIECESQUARETABLES:0.5
C_MOBILITY:0.5104520023735325
C_KINGSAFETY:0.4908137934298998
C_PAWNSTRUCTURE:0.49593264127277026
C_PIECECOORDINATION:0.4952151803659216
C_ROOKANDPAWNMOVEMENT:0.4952151803659216
C_CENTERCONTROL:0.5789846709498047
C_DEVELOPPIECES:0.43374709335878214
C_MATERIAL:0.48379275883920675
C_MOVECOUNT:0.46765127856093436
