ELO:977
CE_PASSEDPAWNS:0.5407533086330378
CE_PAWNWEAKNESSES:0.4800677856669599
CE_PIECEACTIVITY:0.5198663810198102
CE_KINGPAWNSHIELD:0.5287987329357683
CE_PIECECOORDINATION:0.5503723443841425
CE_MATERIAL:0.40982171119021354
CE_KINGSAFETY:0.4813878791511381
C_PIECESQUARETABLES:0.4684835590222846
C_MOBILITY:0.5473109150858173
C_KINGSAFETY:0.5230976170544263
C_PAWNSTRUCTURE:0.5602734424874463
C_PIECECOORDINATION:0.6069093512362254
C_ROOKANDPAWNMOVEMENT:0.6069093512362254
C_CENTERCONTROL:0.5306345857381342
C_DEVELOPPIECES:0.4605266791855455
C_MATERIAL:0.4916179075197976
