ELO:951
CE_PASSEDPAWNS:0.39447949639633934
CE_PAWNWEAKNESSES:0.4943179588153396
CE_PIECEACTIVITY:0.4631758461894899
CE_KINGPAWNSHIELD:0.5719791855159478
CE_PIECECOORDINATION:0.5119865136974947
CE_MATERIAL:0.428369139508458
CE_KINGSAFETY:0.5142835313676217
C_PIECESQUARETABLES:0.4962087023530292
C_MOBILITY:0.5694470284114675
C_KINGSAFETY:0.5102351680320708
C_PAWNSTRUCTURE:0.42545679712519846
C_PIECECOORDINATION:0.6277064918177165
C_ROOKANDPAWNMOVEMENT:0.6277064918177165
C_CENTERCONTROL:0.5739445395771511
C_DEVELOPPIECES:0.4626359602684531
C_MATERIAL:0.46155781127196716
