ELO:946
CE_PASSEDPAWNS:0.49983190461868954
CE_PAWNWEAKNESSES:0.4727237694366683
CE_PIECEACTIVITY:0.4956410023672406
CE_KINGPAWNSHIELD:0.5057026204282906
CE_PIECECOORDINATION:0.5023597477255589
CE_MATERIAL:0.5054469679985732
CE_KINGSAFETY:0.5065051040650679
C_PIECESQUARETABLES:0.5054566310994989
C_MOBILITY:0.5117792623455915
C_KINGSAFETY:0.5106052879661316
C_PAWNSTRUCTURE:0.49409336082002636
C_PIECECOORDINATION:0.5014756876566421
C_ROOKANDPAWNMOVEMENT:0.5014756876566421
C_CENTERCONTROL:0.48090847339120346
C_DEVELOPPIECES:0.5117039165919072
C_MATERIAL:0.5448002536066416
C_MOVECOUNT:0.4971258826193964
