ELO:987
CE_PASSEDPAWNS:0.5000795906585495
CE_PAWNWEAKNESSES:0.5
CE_PIECEACTIVITY:0.5
CE_KINGPAWNSHIELD:0.5
CE_PIECECOORDINATION:0.5
CE_MATERIAL:0.5
CE_KINGSAFETY:0.5
C_PIECESQUARETABLES:0.4966004836599538
C_MOBILITY:0.4788448761946724
C_KINGSAFETY:0.501478378399646
C_PAWNSTRUCTURE:0.4799407372078983
C_PIECECOORDINATION:0.49303376250463576
C_ROOKANDPAWNMOVEMENT:0.49303376250463576
C_CENTERCONTROL:0.5017490620425026
C_DEVELOPPIECES:0.4863079325238062
C_MATERIAL:0.44460183832034095
C_MOVECOUNT:0.5
