ELO:925
CE_PASSEDPAWNS:0.4992516972230208
CE_PAWNWEAKNESSES:0.5064474793625585
CE_PIECEACTIVITY:0.5068665954377242
CE_KINGPAWNSHIELD:0.49055683374616377
CE_PIECECOORDINATION:0.48307879039835094
CE_MATERIAL:0.5120889673106674
CE_KINGSAFETY:0.5030036953236335
C_PIECESQUARETABLES:0.5048571428366779
C_MOBILITY:0.5262376748644504
C_KINGSAFETY:0.514765223061896
C_PAWNSTRUCTURE:0.4425334376577905
C_PIECECOORDINATION:0.43930691563872987
C_ROOK:0.47806148682078786
CE_ROOK:0.4855770541390809
C_CENTERCONTROL:0.4628579602068816
C_DEVELOPPIECES:0.45283997792911723
C_MATERIAL:0.45910033344261286
C_MOVECOUNT:0.49362137088911284
C_PAWNMOVEMENT:0.49936230840766954
