ELO:965
CE_PASSEDPAWNS:0.4989417310945793
CE_PAWNWEAKNESSES:0.48933276674165144
CE_PIECEACTIVITY:0.493999400065287
CE_KINGPAWNSHIELD:0.516644027322738
CE_PIECECOORDINATION:0.5106281219592238
CE_MATERIAL:0.5110241675252933
CE_KINGSAFETY:0.5036275031677393
C_PIECESQUARETABLES:0.5024988617253757
C_MOBILITY:0.5054328723340684
C_KINGSAFETY:0.5139148193648475
C_PAWNSTRUCTURE:0.48893068818232727
C_PIECECOORDINATION:0.4934203145569737
C_ROOKANDPAWNMOVEMENT:0.4934203145569737
C_CENTERCONTROL:0.490997180017909
C_DEVELOPPIECES:0.5066065441127924
C_MATERIAL:0.5177664550290262
C_MOVECOUNT:0.4977375967383092
