ELO:1000
CE_PASSEDPAWNS:0.47345630436208064
CE_PAWNWEAKNESSES:0.4731365129824311
CE_PIECEACTIVITY:0.5126731988920281
CE_KINGPAWNSHIELD:0.5574887682805659
CE_PIECECOORDINATION:0.5457641901061131
CE_MATERIAL:0.45025686932378706
CE_KINGSAFETY:0.53573343455868
C_PIECESQUARETABLES:0.45649259365072375
C_MOBILITY:0.46182644538728157
C_KINGSAFETY:0.4735696361538237
C_PAWNSTRUCTURE:0.46252543480516994
C_PIECECOORDINATION:0.5244335178006091
C_ROOKANDPAWNMOVEMENT:0.5244335178006091
C_CENTERCONTROL:0.5988920713999214
C_DEVELOPPIECES:0.5054131127391642
C_MATERIAL:0.48946019926575357
