ELO:998
CE_PASSEDPAWNS:0.468773026596027
CE_PAWNWEAKNESSES:0.4888369912529051
CE_PIECEACTIVITY:0.5127748332725116
CE_KINGPAWNSHIELD:0.5633656150249997
CE_PIECECOORDINATION:0.5380412825496669
CE_MATERIAL:0.4566432479915852
CE_KINGSAFETY:0.5473269476633758
C_PIECESQUARETABLES:0.4495365625462606
C_MOBILITY:0.4930042202341758
C_KINGSAFETY:0.49559225953978614
C_PAWNSTRUCTURE:0.46101574621904845
C_PIECECOORDINATION:0.5228311927805948
C_ROOKANDPAWNMOVEMENT:0.5228311927805948
C_CENTERCONTROL:0.5975800576388264
C_DEVELOPPIECES:0.5004479972812891
C_MATERIAL:0.4974174172082699
