ELO:1106
CE_PASSEDPAWNS:0.607061971069402
CE_PAWNWEAKNESSES:0.5049538678398092
CE_PIECEACTIVITY:0.566903341620811
CE_KINGPAWNSHIELD:0.5096316224541257
CE_PIECECOORDINATION:0.4695053228731576
CE_MATERIAL:0.46505902094945073
CE_KINGSAFETY:0.4897867118400478
C_PIECESQUARETABLES:0.5128970076010017
C_MOBILITY:0.4298021704003465
C_KINGSAFETY:0.6003277669921918
C_PAWNSTRUCTURE:0.4417501100211813
C_PIECECOORDINATION:0.48893602150337784
C_ROOKANDPAWNMOVEMENT:0.48893602150337784
C_CENTERCONTROL:0.5916556751746048
C_DEVELOPPIECES:0.5697670670254456
C_MATERIAL:0.360108915805051
