ELO:988
CE_PASSEDPAWNS:0.39645950946789865
CE_PAWNWEAKNESSES:0.4423906217238922
CE_PIECEACTIVITY:0.5055534717583172
CE_KINGPAWNSHIELD:0.49215283543690386
CE_PIECECOORDINATION:0.6156828235283648
CE_MATERIAL:0.550988984239979
CE_KINGSAFETY:0.5
C_PIECESQUARETABLES:0.4920907696034778
C_MOBILITY:0.5993002805247111
C_KINGSAFETY:0.5756815093926871
C_PAWNSTRUCTURE:0.62436365227218
C_PIECECOORDINATION:0.6194393817090963
C_ROOKANDPAWNMOVEMENT:0.6194393817090963
C_CENTERCONTROL:0.3791738811592719
C_DEVELOPPIECES:0.5435269400485698
C_MATERIAL:0.59254701743313
