ELO:924
CE_PASSEDPAWNS:0.5224716046376909
CE_PAWNWEAKNESSES:0.49539034493599154
CE_PIECEACTIVITY:0.5314684164796049
CE_KINGPAWNSHIELD:0.4814424905906077
CE_PIECECOORDINATION:0.4692899264921253
CE_MATERIAL:0.5082435520195697
CE_KINGSAFETY:0.5
C_PIECESQUARETABLES:0.5020284096826892
C_MOBILITY:0.5480130413614104
C_KINGSAFETY:0.5318574812964729
C_PAWNSTRUCTURE:0.4584021055998762
C_PIECECOORDINATION:0.48316283999680976
C_ROOK:0.48447670893457845
CE_ROOK:0.48470883179329793
C_CENTERCONTROL:0.5179881224864455
C_DEVELOPPIECES:0.4986922314228297
C_MATERIAL:0.46939470591852867
C_MOVECOUNT:0.4927615053546521
C_PAWNMOVEMENT:0.5088943131794876
