ELO:857
CE_PASSEDPAWNS:0.575602729283032
CE_PAWNWEAKNESSES:0.4958643664715817
CE_PIECEACTIVITY:0.5084104852117124
CE_KINGPAWNSHIELD:0.5570581314174742
CE_PIECECOORDINATION:0.48861179274716066
CE_MATERIAL:0.5709076927715627
CE_KINGSAFETY:0.5185848292798222
C_PIECESQUARETABLES:0.5165329860232202
C_MOBILITY:0.47015413493026537
C_KINGSAFETY:0.5365938710085135
C_PAWNSTRUCTURE:0.5138861924356865
C_PIECECOORDINATION:0.4432496799519134
C_ROOKANDPAWNMOVEMENT:0.4432496799519134
C_CENTERCONTROL:0.4885151912750992
C_DEVELOPPIECES:0.5291456541141157
C_MATERIAL:0.4911621310939685
C_MOVECOUNT:0.5
