ELO:760
CE_PASSEDPAWNS:0.4413737415057648
CE_PAWNWEAKNESSES:0.48953776228164236
CE_PIECEACTIVITY:0.5239642896739608
CE_KINGPAWNSHIELD:0.5658923297993979
CE_PIECECOORDINATION:0.5145290676877055
CE_MATERIAL:0.48129221735349953
CE_KINGSAFETY:0.4940078599512266
C_PIECESQUARETABLES:0.5371274446496946
C_MOBILITY:0.3841997005598129
C_KINGSAFETY:0.5415177468889886
C_PAWNSTRUCTURE:0.47134228540357026
C_PIECECOORDINATION:0.48582334204390354
C_ROOKANDPAWNMOVEMENT:0.48582334204390354
C_CENTERCONTROL:0.5505171819173459
C_DEVELOPPIECES:0.4707160473012076
C_MATERIAL:0.5879479220555249
C_MOVECOUNT:0.49919868564877556
