ELO:927
CE_PASSEDPAWNS:0.5059962800757695
CE_PAWNWEAKNESSES:0.5306799184461184
CE_PIECEACTIVITY:0.5267291670556589
CE_KINGPAWNSHIELD:0.5473245183796395
CE_PIECECOORDINATION:0.47049818191125503
CE_MATERIAL:0.49129939727632127
CE_KINGSAFETY:0.4965626121670782
C_PIECESQUARETABLES:0.5400335524519199
C_MOBILITY:0.5009090466337629
C_KINGSAFETY:0.4830028369104643
C_PAWNSTRUCTURE:0.5134086007325891
C_PIECECOORDINATION:0.49461741801463033
C_ROOKANDPAWNMOVEMENT:0.49461741801463033
C_CENTERCONTROL:0.5082614885598029
C_DEVELOPPIECES:0.49667759664000005
C_MATERIAL:0.491604075997074
