ELO:981
CE_PASSEDPAWNS:0.4996582355124287
CE_PAWNWEAKNESSES:0.5042598844792909
CE_PIECEACTIVITY:0.4893088612891152
CE_KINGPAWNSHIELD:0.49836441187314245
CE_PIECECOORDINATION:0.47256417196560246
CE_MATERIAL:0.5232096755423327
CE_KINGSAFETY:0.5237940580208784
C_PIECESQUARETABLES:0.5
C_MOBILITY:0.4983436870197068
C_KINGSAFETY:0.5276703969291534
C_PAWNSTRUCTURE:0.4840817089289009
C_PIECECOORDINATION:0.48840253137498496
C_ROOK:0.4958930400168579
CE_ROOK:0.48893797758024365
C_CENTERCONTROL:0.5161265394912168
C_DEVELOPPIECES:0.5331510196815265
C_MATERIAL:0.47576693652484664
C_MOVECOUNT:0.4645460342602473
C_PAWNMOVEMENT:0.507171260860248
