ELO:706
CE_PASSEDPAWNS:0.5776309241490399
CE_PAWNWEAKNESSES:0.49925710237777426
CE_PIECEACTIVITY:0.5432161440067225
CE_KINGPAWNSHIELD:0.5466677484803815
CE_PIECECOORDINATION:0.5318113297970314
CE_MATERIAL:0.577567141064461
CE_KINGSAFETY:0.49749262045953835
C_PIECESQUARETABLES:0.5440192917812039
C_MOBILITY:0.46359357538338763
C_KINGSAFETY:0.5377656541195499
C_PAWNSTRUCTURE:0.5405650084865743
C_PIECECOORDINATION:0.43636335299784756
C_ROOKANDPAWNMOVEMENT:0.43636335299784756
C_CENTERCONTROL:0.469343579504805
C_DEVELOPPIECES:0.5717256560118733
C_MATERIAL:0.49019899513023146
C_MOVECOUNT:0.5
