ELO:1000
CE_PASSEDPAWNS:0.5224499068355023
CE_PAWNWEAKNESSES:0.5460299274700977
CE_PIECEACTIVITY:0.4689693547380963
CE_KINGPAWNSHIELD:0.4947633778331124
CE_PIECECOORDINATION:0.5130583736480685
CE_MATERIAL:0.4878804386433547
CE_KINGSAFETY:0.4626569860266505
C_PIECESQUARETABLES:0.4466569028419068
C_MOBILITY:0.4595884724779626
C_KINGSAFETY:0.49595094343261287
C_PAWNSTRUCTURE:0.47244715306457385
C_PIECECOORDINATION:0.49197543762416635
C_ROOKANDPAWNMOVEMENT:0.49197543762416635
C_CENTERCONTROL:0.5137040369001369
C_DEVELOPPIECES:0.5224964020280994
C_MATERIAL:0.5085173474812786
