ELO:891
CE_PASSEDPAWNS:0.4684319616068888
CE_PAWNWEAKNESSES:0.5367277485117341
CE_PIECEACTIVITY:0.48554061167597296
CE_KINGPAWNSHIELD:0.4528002348117083
CE_PIECECOORDINATION:0.5346813747284636
CE_MATERIAL:0.4711740824939115
CE_KINGSAFETY:0.47735348053877086
C_PIECESQUARETABLES:0.461656523316077
C_MOBILITY:0.5513508055386054
C_KINGSAFETY:0.5172859414923274
C_PAWNSTRUCTURE:0.4238966753920078
C_PIECECOORDINATION:0.5250381856293047
C_ROOKANDPAWNMOVEMENT:0.5250381856293047
C_CENTERCONTROL:0.5201049810740462
C_DEVELOPPIECES:0.49338082983267123
C_MATERIAL:0.47317691865633493
C_MOVECOUNT:0.5088374191514089
