ELO:990
CE_PASSEDPAWNS:0.39792981371987557
CE_PAWNWEAKNESSES:0.4382565972622908
CE_PIECEACTIVITY:0.496647502293503
CE_KINGPAWNSHIELD:0.48500690864790497
CE_PIECECOORDINATION:0.6073090035028212
CE_MATERIAL:0.4133415773079538
CE_KINGSAFETY:0.5132244545651772
C_PIECESQUARETABLES:0.49985523728022685
C_MOBILITY:0.6096578501700374
C_KINGSAFETY:0.5749797919930308
C_PAWNSTRUCTURE:0.6297946189252975
C_PIECECOORDINATION:0.6135308168497035
C_ROOKANDPAWNMOVEMENT:0.6135308168497035
C_CENTERCONTROL:0.3877764092120121
C_DEVELOPPIECES:0.5528173797779841
C_MATERIAL:0.5866536899795093
