ELO:951
CE_PASSEDPAWNS:0.5185274196414678
CE_PAWNWEAKNESSES:0.5145923113843374
CE_PIECEACTIVITY:0.5096319986252061
CE_KINGPAWNSHIELD:0.4976445154897211
CE_PIECECOORDINATION:0.46609510466924625
CE_MATERIAL:0.5083864480652922
CE_KINGSAFETY:0.4996403928825673
C_PIECESQUARETABLES:0.5
C_MOBILITY:0.5122047223335022
C_KINGSAFETY:0.5351085870500549
C_PAWNSTRUCTURE:0.4765364576246006
C_PIECECOORDINATION:0.49468394513655783
C_ROOK:0.4944157539855936
CE_ROOK:0.4925155347318814
C_CENTERCONTROL:0.5211693973931715
C_DEVELOPPIECES:0.5202291612969256
C_MATERIAL:0.46924570076600153
C_MOVECOUNT:0.46357758908629004
C_PAWNMOVEMENT:0.49653295425334293
