ELO:999
CE_PASSEDPAWNS:0.6258740286898163
CE_PAWNWEAKNESSES:0.5768654999775336
CE_PIECEACTIVITY:0.43953105700548617
CE_KINGPAWNSHIELD:0.5000536680172148
CE_PIECECOORDINATION:0.4966896544920961
CE_MATERIAL:0.4794513640235722
CE_KINGSAFETY:0.5
C_PIECESQUARETABLES:0.5080484553379064
C_MOBILITY:0.4601787561521641
C_KINGSAFETY:0.5481147232588762
C_PAWNSTRUCTURE:0.4028573448540872
C_PIECECOORDINATION:0.4601132175320606
C_ROOKANDPAWNMOVEMENT:0.4601132175320606
C_CENTERCONTROL:0.5925409937480064
C_DEVELOPPIECES:0.5127677111509549
C_MATERIAL:0.5211530377272862
