ELO:989
CE_PASSEDPAWNS:0.39792981371987557
CE_PAWNWEAKNESSES:0.4449176979510626
CE_PIECEACTIVITY:0.5139781179319792
CE_KINGPAWNSHIELD:0.4969112771905379
CE_PIECECOORDINATION:0.6092782055877115
CE_MATERIAL:0.4185935450332701
CE_KINGSAFETY:0.5
C_PIECESQUARETABLES:0.496202796578023
C_MOBILITY:0.622849981294
C_KINGSAFETY:0.5742475742575268
C_PAWNSTRUCTURE:0.62436365227218
C_PIECECOORDINATION:0.6135308168497035
C_ROOKANDPAWNMOVEMENT:0.6135308168497035
C_CENTERCONTROL:0.3791738811592719
C_DEVELOPPIECES:0.5435269400485698
C_MATERIAL:0.586350138018194
