ELO:960
CE_PASSEDPAWNS:0.3486180920156173
CE_PAWNWEAKNESSES:0.6118676375864667
CE_PIECEACTIVITY:0.4595682633722793
CE_KINGPAWNSHIELD:0.3543996453905258
CE_PIECECOORDINATION:0.5471578164002573
CE_MATERIAL:0.41655452857298075
CE_KINGSAFETY:0.5
C_PIECESQUARETABLES:0.5
C_MOBILITY:0.4928885672018848
C_KINGSAFETY:0.5640037284657623
C_PAWNSTRUCTURE:0.6141365889097428
C_PIECECOORDINATION:0.5483966181005732
C_ROOKANDPAWNMOVEMENT:0.5483966181005732
C_CENTERCONTROL:0.5379770539866923
C_DEVELOPPIECES:0.4314719782193947
C_MATERIAL:0.6154232304150021
