ELO:1009
CE_PASSEDPAWNS:0.5
CE_PAWNWEAKNESSES:0.5026734297447525
CE_PIECEACTIVITY:0.5
CE_KINGPAWNSHIELD:0.5100712814809052
CE_PIECECOORDINATION:0.5083395744253596
CE_MATERIAL:0.4990931857247901
CE_KINGSAFETY:0.5
C_PIECESQUARETABLES:0.5
C_MOBILITY:0.4985666647261619
C_KINGSAFETY:0.5
C_PAWNSTRUCTURE:0.5110830214679712
C_PIECECOORDINATION:0.5061186627470643
C_ROOKANDPAWNMOVEMENT:0.5061186627470643
C_CENTERCONTROL:0.5076319393015662
C_DEVELOPPIECES:0.4996980310019045
C_MATERIAL:0.5
