ELO:863
CE_PASSEDPAWNS:0.5356110433639862
CE_PAWNWEAKNESSES:0.4893052914622061
CE_PIECEACTIVITY:0.5436953480371256
CE_KINGPAWNSHIELD:0.4709128763702328
CE_PIECECOORDINATION:0.4713986884748875
CE_MATERIAL:0.5358110510749163
CE_KINGSAFETY:0.5045885150929883
C_PIECESQUARETABLES:0.49121521926049655
C_MOBILITY:0.5390107593778479
C_KINGSAFETY:0.5500456197460931
C_PAWNSTRUCTURE:0.45891212659145475
C_PIECECOORDINATION:0.4736632368843756
C_ROOK:0.4707496709161859
CE_ROOK:0.49832853526134624
C_CENTERCONTROL:0.5303112789085151
C_DEVELOPPIECES:0.5085661202612048
C_MATERIAL:0.4694746972333023
C_MOVECOUNT:0.4667634058811621
C_PAWNMOVEMENT:0.50726329507135
