ELO:830
CE_PASSEDPAWNS:0.5625087892357903
CE_PAWNWEAKNESSES:0.4294392200695713
CE_PIECEACTIVITY:0.5463035920590325
CE_KINGPAWNSHIELD:0.467338843955917
CE_PIECECOORDINATION:0.5384899821560687
CE_MATERIAL:0.46638351444304726
CE_KINGSAFETY:0.5039274496608804
C_PIECESQUARETABLES:0.5142282102578294
C_MOBILITY:0.3488922326975094
C_KINGSAFETY:0.48893236796443446
C_PAWNSTRUCTURE:0.5766117486024444
C_PIECECOORDINATION:0.45774856585522805
C_ROOKANDPAWNMOVEMENT:0.45774856585522805
C_CENTERCONTROL:0.5504284322164359
C_DEVELOPPIECES:0.542857768132261
C_MATERIAL:0.48491941096521096
C_MOVECOUNT:0.5
