ELO:987
CE_PASSEDPAWNS:0.49224630956167864
CE_PAWNWEAKNESSES:0.5047850204183677
CE_PIECEACTIVITY:0.5
CE_KINGPAWNSHIELD:0.5
CE_PIECECOORDINATION:0.5
CE_MATERIAL:0.5
CE_KINGSAFETY:0.5
C_PIECESQUARETABLES:0.4973826202222985
C_MOBILITY:0.5
C_KINGSAFETY:0.5
C_PAWNSTRUCTURE:0.5
C_PIECECOORDINATION:0.4898512216843989
C_ROOKANDPAWNMOVEMENT:0.4898512216843989
C_CENTERCONTROL:0.5
C_DEVELOPPIECES:0.49865292922292387
C_MATERIAL:0.5077256798205066
C_MOVECOUNT:0.5
