ELO:954
CE_PASSEDPAWNS:0.4136093410200015
CE_PAWNWEAKNESSES:0.4731376146246283
CE_PIECEACTIVITY:0.5088684240462789
CE_KINGPAWNSHIELD:0.5104633727996382
CE_PIECECOORDINATION:0.4909349613802623
CE_MATERIAL:0.42075603090554226
CE_KINGSAFETY:0.5243166135671187
C_PIECESQUARETABLES:0.5063250529933755
C_MOBILITY:0.5592155310443021
C_KINGSAFETY:0.5118788612258026
C_PAWNSTRUCTURE:0.5481256965009859
C_PIECECOORDINATION:0.5663512275582995
C_ROOKANDPAWNMOVEMENT:0.5663512275582995
C_CENTERCONTROL:0.5959898623567643
C_DEVELOPPIECES:0.5600550126965851
C_MATERIAL:0.43800073377414006
