ELO:850
CE_PASSEDPAWNS:0.5478775944152182
CE_PAWNWEAKNESSES:0.5065541139975692
CE_PIECEACTIVITY:0.5652166035985876
CE_KINGPAWNSHIELD:0.4813264347549158
CE_PIECECOORDINATION:0.43365751737040864
CE_MATERIAL:0.5056925597390545
CE_KINGSAFETY:0.4897035723748639
C_PIECESQUARETABLES:0.5
C_MOBILITY:0.501546538990291
C_KINGSAFETY:0.5543461897204128
C_PAWNSTRUCTURE:0.4564876607883832
C_PIECECOORDINATION:0.4869151898002579
C_ROOK:0.47170942972254554
CE_ROOK:0.515333782698478
C_CENTERCONTROL:0.5455071316281697
C_DEVELOPPIECES:0.5192165745164927
C_MATERIAL:0.47845490957571085
C_MOVECOUNT:0.45412735466316295
C_PAWNMOVEMENT:0.5115772965286827
