ELO:968
CE_PASSEDPAWNS:0.510982920163387
CE_PAWNWEAKNESSES:0.47419162425964817
CE_PIECEACTIVITY:0.5208629555938188
CE_KINGPAWNSHIELD:0.48886516663488894
CE_PIECECOORDINATION:0.5411288291976705
CE_MATERIAL:0.4790707671146016
CE_KINGSAFETY:0.49782516347316813
C_PIECESQUARETABLES:0.5
C_MOBILITY:0.5198961697393546
C_KINGSAFETY:0.49468782359147606
C_PAWNSTRUCTURE:0.48018618821200365
C_PIECECOORDINATION:0.4982948038673819
C_ROOKANDPAWNMOVEMENT:0.4982948038673819
C_CENTERCONTROL:0.5333938411865505
C_DEVELOPPIECES:0.5
C_MATERIAL:0.49281917671110853
C_MOVECOUNT:0.5083097311441732
