ELO:863
CE_PASSEDPAWNS:0.5415419272245248
CE_PAWNWEAKNESSES:0.49210275163741163
CE_PIECEACTIVITY:0.5436953480371256
CE_KINGPAWNSHIELD:0.47966085372533074
CE_PIECECOORDINATION:0.461182885700489
CE_MATERIAL:0.5162207371153303
CE_KINGSAFETY:0.5
C_PIECESQUARETABLES:0.5
C_MOBILITY:0.5254213788504795
C_KINGSAFETY:0.5513973296367392
C_PAWNSTRUCTURE:0.4598870102262602
C_PIECECOORDINATION:0.4869151898002579
C_ROOK:0.4709279016642673
CE_ROOK:0.5088811483573231
C_CENTERCONTROL:0.5250757261694244
C_DEVELOPPIECES:0.5097762590437287
C_MATERIAL:0.472978745498817
C_MOVECOUNT:0.46655046917139037
C_PAWNMOVEMENT:0.50726329507135
