ELO:969
CE_PASSEDPAWNS:0.5037919640002279
CE_PAWNWEAKNESSES:0.49639406740551567
CE_PIECEACTIVITY:0.5205595086257381
CE_KINGPAWNSHIELD:0.5043361436493015
CE_PIECECOORDINATION:0.5014650236168672
CE_MATERIAL:0.5219139934133747
CE_KINGSAFETY:0.4961685548521287
C_PIECESQUARETABLES:0.49736545827040063
C_MOBILITY:0.4981854877168018
C_KINGSAFETY:0.4962826869581998
C_PAWNSTRUCTURE:0.4943558078695757
C_PIECECOORDINATION:0.5097792869212139
C_ROOKANDPAWNMOVEMENT:0.5097792869212139
C_CENTERCONTROL:0.5103617675376335
C_DEVELOPPIECES:0.48045802420608325
C_MATERIAL:0.4983356069369392
C_MOVECOUNT:0.5
