ELO:1085
CE_PASSEDPAWNS:0.45357931922963135
CE_PAWNWEAKNESSES:0.4655082479935079
CE_PIECEACTIVITY:0.47546358215331525
CE_KINGPAWNSHIELD:0.41836264980622795
CE_PIECECOORDINATION:0.4622556507889394
CE_MATERIAL:0.47300802803416914
CE_KINGSAFETY:0.4992634385845768
C_PIECESQUARETABLES:0.4991489093826337
C_MOBILITY:0.40926510217679646
C_KINGSAFETY:0.6281502746161258
C_PAWNSTRUCTURE:0.4529875688770939
C_PIECECOORDINATION:0.48559976301635327
C_ROOKANDPAWNMOVEMENT:0.48559976301635327
C_CENTERCONTROL:0.5178744889997946
C_DEVELOPPIECES:0.5440618269110519
C_MATERIAL:0.390642976563483
