ELO:918
CE_PASSEDPAWNS:0.48313145624553117
CE_PAWNWEAKNESSES:0.4572086036728145
CE_PIECEACTIVITY:0.47221093982131884
CE_KINGPAWNSHIELD:0.5554517414104785
CE_PIECECOORDINATION:0.4820134578361207
CE_MATERIAL:0.563269637821385
CE_KINGSAFETY:0.5330912171338039
C_PIECESQUARETABLES:0.5
C_MOBILITY:0.4928617048955266
C_KINGSAFETY:0.42058323625896715
C_PAWNSTRUCTURE:0.5206624065768257
C_PIECECOORDINATION:0.5
C_ROOKANDPAWNMOVEMENT:0.5
C_CENTERCONTROL:0.522644399220874
C_DEVELOPPIECES:0.5082899603189234
C_MATERIAL:0.520109768115023
C_MOVECOUNT:0.5
