ELO:1017
CE_PASSEDPAWNS:0.6592825327866113
CE_PAWNWEAKNESSES:0.5264361391443083
CE_PIECEACTIVITY:0.44890361686314945
CE_KINGPAWNSHIELD:0.5029554401415343
CE_PIECECOORDINATION:0.5437411323615767
CE_MATERIAL:0.5003341314945815
CE_KINGSAFETY:0.5026263574235731
C_PIECESQUARETABLES:0.4891237794380447
C_MOBILITY:0.4859316013631489
C_KINGSAFETY:0.567061972409992
C_PAWNSTRUCTURE:0.39351192561955706
C_PIECECOORDINATION:0.519449862957757
C_ROOKANDPAWNMOVEMENT:0.519449862957757
C_CENTERCONTROL:0.6384308198817294
C_DEVELOPPIECES:0.4816618431294602
C_MATERIAL:0.5379074968566784
