ELO:1011
CE_PASSEDPAWNS:0.5180180094494681
CE_PAWNWEAKNESSES:0.49677715900236685
CE_PIECEACTIVITY:0.5177282845199835
CE_KINGPAWNSHIELD:0.5100712814809052
CE_PIECECOORDINATION:0.5012007335423623
CE_MATERIAL:0.5
CE_KINGSAFETY:0.510697465862933
C_PIECESQUARETABLES:0.5
C_MOBILITY:0.5093068262614531
C_KINGSAFETY:0.5
C_PAWNSTRUCTURE:0.48838242693519024
C_PIECECOORDINATION:0.5061186627470643
C_ROOKANDPAWNMOVEMENT:0.5061186627470643
C_CENTERCONTROL:0.5076319393015662
C_DEVELOPPIECES:0.4913907067156129
C_MATERIAL:0.5
