ELO:666
CE_PASSEDPAWNS:0.5311570198412888
CE_PAWNWEAKNESSES:0.47090849070086865
CE_PIECEACTIVITY:0.5428865322759913
CE_KINGPAWNSHIELD:0.4574312753328102
CE_PIECECOORDINATION:0.5038537644655832
CE_MATERIAL:0.47819517590916066
CE_KINGSAFETY:0.46367732014361346
C_PIECESQUARETABLES:0.44765741130993514
C_MOBILITY:0.366272298849019
C_KINGSAFETY:0.44857328222460197
C_PAWNSTRUCTURE:0.5625310034600056
C_PIECECOORDINATION:0.4729511991280464
C_ROOKANDPAWNMOVEMENT:0.4729511991280464
C_CENTERCONTROL:0.556148429185446
C_DEVELOPPIECES:0.5607120218236149
C_MATERIAL:0.531630803528809
C_MOVECOUNT:0.5
