ELO:999
CE_PASSEDPAWNS:0.6221655241416838
CE_PAWNWEAKNESSES:0.5768654999775336
CE_PIECEACTIVITY:0.4331946766963604
CE_KINGPAWNSHIELD:0.5000536680172148
CE_PIECECOORDINATION:0.5024521970820347
CE_MATERIAL:0.4883735268466155
CE_KINGSAFETY:0.5
C_PIECESQUARETABLES:0.5080484553379064
C_MOBILITY:0.4601787561521641
C_KINGSAFETY:0.5481147232588762
C_PAWNSTRUCTURE:0.4028573448540872
C_PIECECOORDINATION:0.4678379280624417
C_ROOKANDPAWNMOVEMENT:0.4678379280624417
C_CENTERCONTROL:0.5970545646355117
C_DEVELOPPIECES:0.5127677111509549
C_MATERIAL:0.5211530377272862
