ELO:857
CE_PASSEDPAWNS:0.5075318740495448
CE_PAWNWEAKNESSES:0.5017153384527799
CE_PIECEACTIVITY:0.498829010834525
CE_KINGPAWNSHIELD:0.515915283491458
CE_PIECECOORDINATION:0.5621880859099169
CE_MATERIAL:0.46886195145956205
CE_KINGSAFETY:0.48990304079139074
C_PIECESQUARETABLES:0.47416714238398666
C_MOBILITY:0.5045747516874676
C_KINGSAFETY:0.5446085091768432
C_PAWNSTRUCTURE:0.5468560016983989
C_PIECECOORDINATION:0.48368743173548345
C_ROOKANDPAWNMOVEMENT:0.48368743173548345
C_CENTERCONTROL:0.5516671864940124
C_DEVELOPPIECES:0.5496510468522927
C_MATERIAL:0.4900579639435001
C_MOVECOUNT:0.571617654115097
