ELO:969
CE_PASSEDPAWNS:0.6323492603735392
CE_PAWNWEAKNESSES:0.5737611497010873
CE_PIECEACTIVITY:0.43214299645311877
CE_KINGPAWNSHIELD:0.5065577036082338
CE_PIECECOORDINATION:0.5354130606466753
CE_MATERIAL:0.49120848700306274
CE_KINGSAFETY:0.4821940919272299
C_PIECESQUARETABLES:0.48273876036009605
C_MOBILITY:0.4548400418921356
C_KINGSAFETY:0.5631855734495389
C_PAWNSTRUCTURE:0.42637847817290875
C_PIECECOORDINATION:0.4691681460150879
C_ROOKANDPAWNMOVEMENT:0.4691681460150879
C_CENTERCONTROL:0.6087823356376941
C_DEVELOPPIECES:0.5055903835664428
C_MATERIAL:0.5392919293034673
