ELO:991
CE_PASSEDPAWNS:0.6311457706331924
CE_PAWNWEAKNESSES:0.5674099272206515
CE_PIECEACTIVITY:0.4300066458328689
CE_KINGPAWNSHIELD:0.5000536680172148
CE_PIECECOORDINATION:0.5056524782675087
CE_MATERIAL:0.4834396529313971
CE_KINGSAFETY:0.5049485652070482
C_PIECESQUARETABLES:0.5
C_MOBILITY:0.46594108091443986
C_KINGSAFETY:0.5588842189423422
C_PAWNSTRUCTURE:0.4295597817252702
C_PIECECOORDINATION:0.47232441399833125
C_ROOKANDPAWNMOVEMENT:0.47232441399833125
C_CENTERCONTROL:0.613320486689813
C_DEVELOPPIECES:0.5056531742096902
C_MATERIAL:0.5160167082143329
