ELO:979
CE_PASSEDPAWNS:0.5061901794191601
CE_PAWNWEAKNESSES:0.4984216002137812
CE_PIECEACTIVITY:0.5
CE_KINGPAWNSHIELD:0.4978056460304911
CE_PIECECOORDINATION:0.4819115379611073
CE_MATERIAL:0.4962678996751541
CE_KINGSAFETY:0.5
C_PIECESQUARETABLES:0.5
C_MOBILITY:0.4930328999033508
C_KINGSAFETY:0.515409931679483
C_PAWNSTRUCTURE:0.4926162350249587
C_PIECECOORDINATION:0.5063607971949776
C_ROOKANDPAWNMOVEMENT:0.5063607971949776
C_CENTERCONTROL:0.5165097255609544
C_DEVELOPPIECES:0.501689294226632
C_MATERIAL:0.5032268622883448
C_MOVECOUNT:0.5
