ELO:994
CE_PASSEDPAWNS:0.5024566246358082
CE_PAWNWEAKNESSES:0.511044269245458
CE_PIECEACTIVITY:0.5049210482684954
CE_KINGPAWNSHIELD:0.5
CE_PIECECOORDINATION:0.509322632788116
CE_MATERIAL:0.4895679011208996
CE_KINGSAFETY:0.5
C_PIECESQUARETABLES:0.5
C_MOBILITY:0.5379993452059275
C_KINGSAFETY:0.4721627755691015
C_PAWNSTRUCTURE:0.4974756027845925
C_PIECECOORDINATION:0.48538694142354144
C_ROOKANDPAWNMOVEMENT:0.48538694142354144
C_CENTERCONTROL:0.4949594430069986
C_DEVELOPPIECES:0.5031288247730049
C_MATERIAL:0.5161811181790508
C_MOVECOUNT:0.511320944037044
