ELO:730
CE_PASSEDPAWNS:0.5381215457998952
CE_PAWNWEAKNESSES:0.4835608928409921
CE_PIECEACTIVITY:0.56305894449566
CE_KINGPAWNSHIELD:0.48045420847150455
CE_PIECECOORDINATION:0.4266174346591076
CE_MATERIAL:0.5097714814804319
CE_KINGSAFETY:0.494188689336756
C_PIECESQUARETABLES:0.48980272306663125
C_MOBILITY:0.4804472478893423
C_KINGSAFETY:0.5594899153221546
C_PAWNSTRUCTURE:0.4442219394557212
C_PIECECOORDINATION:0.47984053914867786
C_ROOK:0.46940607716269045
CE_ROOK:0.5017033333426546
C_CENTERCONTROL:0.5525867798025382
C_DEVELOPPIECES:0.5164391655142528
C_MATERIAL:0.4739113364603761
C_MOVECOUNT:0.43379149394657207
C_PAWNMOVEMENT:0.5077778894143935
