ELO:784
CE_PASSEDPAWNS:0.5302669844624439
CE_PAWNWEAKNESSES:0.4702626094052107
CE_PIECEACTIVITY:0.48413292421717724
CE_KINGPAWNSHIELD:0.4829381201529862
CE_PIECECOORDINATION:0.515973607915521
CE_MATERIAL:0.4615382214499726
CE_KINGSAFETY:0.48710847968457943
C_PIECESQUARETABLES:0.5207186647109792
C_MOBILITY:0.45519097005720166
C_KINGSAFETY:0.48980897959782527
C_PAWNSTRUCTURE:0.552789461814681
C_PIECECOORDINATION:0.5333023482454956
C_ROOKANDPAWNMOVEMENT:0.5333023482454956
C_CENTERCONTROL:0.5318377878597477
C_DEVELOPPIECES:0.4729907885558184
C_MATERIAL:0.5098313031969385
C_MOVECOUNT:0.5
