ELO:987
CE_PASSEDPAWNS:0.4996582355124287
CE_PAWNWEAKNESSES:0.5244027796139165
CE_PIECEACTIVITY:0.5001908652912701
CE_KINGPAWNSHIELD:0.48653521233684194
CE_PIECECOORDINATION:0.48835126371632925
CE_MATERIAL:0.5023945537987425
CE_KINGSAFETY:0.5
C_PIECESQUARETABLES:0.5
C_MOBILITY:0.4983436870197068
C_KINGSAFETY:0.5297471294752891
C_PAWNSTRUCTURE:0.4801698804165173
C_PIECECOORDINATION:0.4805424765314617
C_ROOK:0.4947479530352378
CE_ROOK:0.49878153975039025
C_CENTERCONTROL:0.5193882145439355
C_DEVELOPPIECES:0.5097103854590135
C_MATERIAL:0.4957085339253106
C_MOVECOUNT:0.4734866669904531
C_PAWNMOVEMENT:0.4961202927013446
