ELO:1000
CE_PASSEDPAWNS:0.4705165211329617
CE_PAWNWEAKNESSES:0.46825579570949794
CE_PIECEACTIVITY:0.52643870599259
CE_KINGPAWNSHIELD:0.5605945104635247
CE_PIECECOORDINATION:0.5406008059187742
CE_MATERIAL:0.4526256881769866
CE_KINGSAFETY:0.5245320319857232
C_PIECESQUARETABLES:0.468463488105618
C_MOBILITY:0.46182644538728157
C_KINGSAFETY:0.47965227232955954
C_PAWNSTRUCTURE:0.45192862755743046
C_PIECECOORDINATION:0.5205829551386805
C_ROOKANDPAWNMOVEMENT:0.5205829551386805
C_CENTERCONTROL:0.5988920713999214
C_DEVELOPPIECES:0.5054333060427485
C_MATERIAL:0.48615672331230325
