ELO:1079
CE_PASSEDPAWNS:0.416781729334975
CE_PAWNWEAKNESSES:0.44753984314047496
CE_PIECEACTIVITY:0.46566678194615846
CE_KINGPAWNSHIELD:0.49101406783270046
CE_PIECECOORDINATION:0.5449900128502336
CE_MATERIAL:0.44527717455324695
CE_KINGSAFETY:0.4996904430170741
C_PIECESQUARETABLES:0.5197981949494207
C_MOBILITY:0.42786076602765444
C_KINGSAFETY:0.5779684626714019
C_PAWNSTRUCTURE:0.43772954591145746
C_PIECECOORDINATION:0.4746207640707089
C_ROOKANDPAWNMOVEMENT:0.4746207640707089
C_CENTERCONTROL:0.5138500257759644
C_DEVELOPPIECES:0.5965389455803648
C_MATERIAL:0.4200590253955984
