ELO:933
CE_PASSEDPAWNS:0.5390750768248405
CE_PAWNWEAKNESSES:0.5651251162148379
CE_PIECEACTIVITY:0.5123452335214567
CE_KINGPAWNSHIELD:0.5168793454893049
CE_PIECECOORDINATION:0.35520330046966564
CE_MATERIAL:0.5993182191579001
CE_KINGSAFETY:0.49629613084344765
C_PIECESQUARETABLES:0.4924191691270085
C_MOBILITY:0.5234739324769393
C_KINGSAFETY:0.5379480132408372
C_PAWNSTRUCTURE:0.5149225177921352
C_PIECECOORDINATION:0.47366079794093363
C_ROOKANDPAWNMOVEMENT:0.47366079794093363
C_CENTERCONTROL:0.5287049600130637
C_DEVELOPPIECES:0.5733000820157227
C_MATERIAL:0.5261010857827592
