ELO:1000
CE_PASSEDPAWNS:0.523453134258233
CE_PAWNWEAKNESSES:0.4742418266918414
CE_PIECEACTIVITY:0.4935776402647622
CE_KINGPAWNSHIELD:0.4767302260287198
CE_PIECECOORDINATION:0.47999843981592694
CE_MATERIAL:0.48811556834939746
CE_KINGSAFETY:0.5036962797012564
C_PIECESQUARETABLES:0.5075488154639283
C_MOBILITY:0.4563470245237925
C_KINGSAFETY:0.4847100752524553
C_PAWNSTRUCTURE:0.49579955479861504
C_PIECECOORDINATION:0.5147865300352142
C_ROOKANDPAWNMOVEMENT:0.5147865300352142
C_CENTERCONTROL:0.5060884505771639
C_DEVELOPPIECES:0.5253232592414798
C_MATERIAL:0.5156137692146461
