ELO:1000
CE_PASSEDPAWNS:0.5180141931083102
CE_PAWNWEAKNESSES:0.556570179813894
CE_PIECEACTIVITY:0.48733107071757986
CE_KINGPAWNSHIELD:0.5542810144687601
CE_PIECECOORDINATION:0.4846950812827027
CE_MATERIAL:0.49300951369050783
CE_KINGSAFETY:0.4889788324200503
C_PIECESQUARETABLES:0.5235463089317327
C_MOBILITY:0.49888640431170844
C_KINGSAFETY:0.5144693885330405
C_PAWNSTRUCTURE:0.48795317177812875
C_PIECECOORDINATION:0.4903851291495678
C_ROOKANDPAWNMOVEMENT:0.4903851291495678
C_CENTERCONTROL:0.5218145848761477
C_DEVELOPPIECES:0.5112465185606101
C_MATERIAL:0.4787351361344479
