ELO:987
CE_PASSEDPAWNS:0.5614075097629657
CE_PAWNWEAKNESSES:0.5495162168751947
CE_PIECEACTIVITY:0.49529377102136096
CE_KINGPAWNSHIELD:0.5002523904643797
CE_PIECECOORDINATION:0.4496965913706928
CE_MATERIAL:0.606595581265033
CE_KINGSAFETY:0.5016411424735677
C_PIECESQUARETABLES:0.5146171425565085
C_MOBILITY:0.4928147297748603
C_KINGSAFETY:0.5667725296125242
C_PAWNSTRUCTURE:0.5320051737323973
C_PIECECOORDINATION:0.48991987404531057
C_ROOKANDPAWNMOVEMENT:0.48991987404531057
C_CENTERCONTROL:0.49174459083061556
C_DEVELOPPIECES:0.5647043692607967
C_MATERIAL:0.527769747440844
