ELO:1004
CE_PASSEDPAWNS:0.4632553827494533
CE_PAWNWEAKNESSES:0.513316102629144
CE_PIECEACTIVITY:0.4620419996704086
CE_KINGPAWNSHIELD:0.5021902283136767
CE_PIECECOORDINATION:0.4791841676224234
CE_MATERIAL:0.5018430744885616
CE_KINGSAFETY:0.5
C_PIECESQUARETABLES:0.5
C_MOBILITY:0.5140483823372182
C_KINGSAFETY:0.5226750220094558
C_PAWNSTRUCTURE:0.5063033586153741
C_PIECECOORDINATION:0.5226155178413658
C_ROOK:0.5274888587138244
CE_ROOK:0.5095970837639285
C_CENTERCONTROL:0.44787797608847846
C_DEVELOPPIECES:0.499497494093487
C_MATERIAL:0.5004209929277434
C_MOVECOUNT:0.4569634482442573
C_PAWNMOVEMENT:0.47177221394573227
