ELO:970
CE_PASSEDPAWNS:0.4866659638261136
CE_PAWNWEAKNESSES:0.47629132030192906
CE_PIECEACTIVITY:0.4997493829156062
CE_KINGPAWNSHIELD:0.516754529344793
CE_PIECECOORDINATION:0.5061322288673341
CE_MATERIAL:0.5078602982053545
CE_KINGSAFETY:0.5002037616019465
C_PIECESQUARETABLES:0.5081943761237642
C_MOBILITY:0.523016927782333
C_KINGSAFETY:0.5
C_PAWNSTRUCTURE:0.5328061914970413
C_PIECECOORDINATION:0.48242283902242333
C_ROOK:0.5351010946558753
CE_ROOK:0.5274907665314349
C_CENTERCONTROL:0.5260539890315957
C_DEVELOPPIECES:0.4927969846959584
C_MATERIAL:0.4839514907489314
C_MOVECOUNT:0.46905156430446676
C_PAWNMOVEMENT:0.5192767272610227
