ELO:769
CE_PASSEDPAWNS:0.36747620174042755
CE_PAWNWEAKNESSES:0.44276790757437906
CE_PIECEACTIVITY:0.5280729884973752
CE_KINGPAWNSHIELD:0.5929758749073263
CE_PIECECOORDINATION:0.5885560695058468
CE_MATERIAL:0.571101569413855
CE_KINGSAFETY:0.5045352574574518
C_PIECESQUARETABLES:0.5036813805138988
C_MOBILITY:0.49594291287011355
C_KINGSAFETY:0.5308959317282467
C_PAWNSTRUCTURE:0.5116940579819339
C_PIECECOORDINATION:0.4284265226644008
C_ROOKANDPAWNMOVEMENT:0.4284265226644008
C_CENTERCONTROL:0.45179628965936847
C_DEVELOPPIECES:0.5640720543927673
C_MATERIAL:0.5035574142812718
C_MOVECOUNT:0.5
