ELO:1105
CE_PASSEDPAWNS:0.440373327097769
CE_PAWNWEAKNESSES:0.4966025658118943
CE_PIECEACTIVITY:0.4546915218007762
CE_KINGPAWNSHIELD:0.45845872373022756
CE_PIECECOORDINATION:0.4814334562723245
CE_MATERIAL:0.40065854091306913
CE_KINGSAFETY:0.5
C_PIECESQUARETABLES:0.5090694156443494
C_MOBILITY:0.40674871490472714
C_KINGSAFETY:0.5191248500645294
C_PAWNSTRUCTURE:0.43180575994460413
C_PIECECOORDINATION:0.4814445428932465
C_ROOKANDPAWNMOVEMENT:0.4814445428932465
C_CENTERCONTROL:0.5916556751746048
C_DEVELOPPIECES:0.5881420952518097
C_MATERIAL:0.41117389175816205
