ELO:990
CE_PASSEDPAWNS:0.40429501447819083
CE_PAWNWEAKNESSES:0.4449176979510626
CE_PIECEACTIVITY:0.4946679924107661
CE_KINGPAWNSHIELD:0.49514957135749116
CE_PIECECOORDINATION:0.6301683430631558
CE_MATERIAL:0.41237886705497595
CE_KINGSAFETY:0.5
C_PIECESQUARETABLES:0.4777332450656879
C_MOBILITY:0.5911315402472654
C_KINGSAFETY:0.5749797919930308
C_PAWNSTRUCTURE:0.6191323785938111
C_PIECECOORDINATION:0.632850231708375
C_ROOKANDPAWNMOVEMENT:0.632850231708375
C_CENTERCONTROL:0.3855078966688143
C_DEVELOPPIECES:0.5495525945757301
C_MATERIAL:0.5775753205268079
