ELO:965
CE_PASSEDPAWNS:0.4733738051166795
CE_PAWNWEAKNESSES:0.4791618236081264
CE_PIECEACTIVITY:0.5089458040435111
CE_KINGPAWNSHIELD:0.5220991551358524
CE_PIECECOORDINATION:0.48703898218947056
CE_MATERIAL:0.5023676145725321
CE_KINGSAFETY:0.5049375687563751
C_PIECESQUARETABLES:0.49811237261264973
C_MOBILITY:0.54387804628315
C_KINGSAFETY:0.4987630137468121
C_PAWNSTRUCTURE:0.5208642639474997
C_PIECECOORDINATION:0.4692400558505219
C_ROOK:0.5425285513071844
CE_ROOK:0.5004608726350636
C_CENTERCONTROL:0.518072512424161
C_DEVELOPPIECES:0.4843430011612597
C_MATERIAL:0.47555543111870635
C_MOVECOUNT:0.45496312736866934
C_PAWNMOVEMENT:0.5034088782537832
