ELO:736
CE_PASSEDPAWNS:0.4647449308351499
CE_PAWNWEAKNESSES:0.4701819548846688
CE_PIECEACTIVITY:0.48914077471455025
CE_KINGPAWNSHIELD:0.3840446275254004
CE_PIECECOORDINATION:0.47031554085202243
CE_MATERIAL:0.4240602629974625
CE_KINGSAFETY:0.5540440015446523
C_PIECESQUARETABLES:0.49154815251197775
C_MOBILITY:0.4157849233683988
C_KINGSAFETY:0.5437460988879198
C_PAWNSTRUCTURE:0.5360197855059554
C_PIECECOORDINATION:0.48391815409814304
C_ROOKANDPAWNMOVEMENT:0.48391815409814304
C_CENTERCONTROL:0.4420539329462393
C_DEVELOPPIECES:0.5107988525874794
C_MATERIAL:0.4704370224348885
C_MOVECOUNT:0.4853891633362458
