ELO:972
CE_PASSEDPAWNS:0.4773882749029517
CE_PAWNWEAKNESSES:0.47582186864679243
CE_PIECEACTIVITY:0.5012227141153137
CE_KINGPAWNSHIELD:0.5046347767026312
CE_PIECECOORDINATION:0.5103586397911813
CE_MATERIAL:0.5156705554628048
CE_KINGSAFETY:0.48927346713591374
C_PIECESQUARETABLES:0.5
C_MOBILITY:0.5192214787344055
C_KINGSAFETY:0.5
C_PAWNSTRUCTURE:0.503689122138359
C_PIECECOORDINATION:0.486546906475417
C_ROOK:0.514401103484155
CE_ROOK:0.5027389993818748
C_CENTERCONTROL:0.5042909566530824
C_DEVELOPPIECES:0.5001169180630489
C_MATERIAL:0.4952818207860634
C_MOVECOUNT:0.47626639359225476
C_PAWNMOVEMENT:0.5110527482193095
