ELO:1000
CE_PASSEDPAWNS:0.5080111557054079
CE_PAWNWEAKNESSES:0.48786941900135067
CE_PIECEACTIVITY:0.4916533767757725
CE_KINGPAWNSHIELD:0.5017006026605346
CE_PIECECOORDINATION:0.4782698931771982
CE_MATERIAL:0.5031198434705745
CE_KINGSAFETY:0.5075020979938463
C_PIECESQUARETABLES:0.5039018078677402
C_MOBILITY:0.5014084754884535
C_KINGSAFETY:0.49061924349371805
C_PAWNSTRUCTURE:0.5
C_PIECECOORDINATION:0.5021677459790062
C_ROOKANDPAWNMOVEMENT:0.5021677459790062
C_CENTERCONTROL:0.5
C_DEVELOPPIECES:0.5022292902471724
C_MATERIAL:0.4887648555218746
