ELO:745
CE_PASSEDPAWNS:0.47673397110467364
CE_PAWNWEAKNESSES:0.4513110554015917
CE_PIECEACTIVITY:0.4950916641672425
CE_KINGPAWNSHIELD:0.39023188172969536
CE_PIECECOORDINATION:0.44866166666419155
CE_MATERIAL:0.45207591705517447
CE_KINGSAFETY:0.5082495006039423
C_PIECESQUARETABLES:0.5026356354345244
C_MOBILITY:0.3987423300480713
C_KINGSAFETY:0.5641530432356161
C_PAWNSTRUCTURE:0.5474611240620464
C_PIECECOORDINATION:0.4679749537168389
C_ROOKANDPAWNMOVEMENT:0.4679749537168389
C_CENTERCONTROL:0.43313229292091515
C_DEVELOPPIECES:0.4411836064177656
C_MATERIAL:0.4573730549219536
C_MOVECOUNT:0.45594860752361666
