ELO:941
CE_PASSEDPAWNS:0.5652795544569457
CE_PAWNWEAKNESSES:0.5513808839663906
CE_PIECEACTIVITY:0.5254869632295138
CE_KINGPAWNSHIELD:0.4972517156886825
CE_PIECECOORDINATION:0.3597005922182731
CE_MATERIAL:0.609557019472196
CE_KINGSAFETY:0.5075457690821831
C_PIECESQUARETABLES:0.4919851512659107
C_MOBILITY:0.5062748303689935
C_KINGSAFETY:0.5628277059200648
C_PAWNSTRUCTURE:0.5107620675175312
C_PIECECOORDINATION:0.4895277738999654
C_ROOKANDPAWNMOVEMENT:0.4895277738999654
C_CENTERCONTROL:0.51523893533574
C_DEVELOPPIECES:0.5902436530584804
C_MATERIAL:0.5284189033458038
