ELO:971
CE_PASSEDPAWNS:0.496396118761847
CE_PAWNWEAKNESSES:0.5325046563849162
CE_PIECEACTIVITY:0.4911424772629958
CE_KINGPAWNSHIELD:0.5073401684178649
CE_PIECECOORDINATION:0.47461784029950305
CE_MATERIAL:0.5039236020240113
CE_KINGSAFETY:0.5023492926260417
C_PIECESQUARETABLES:0.5102606152493748
C_MOBILITY:0.49810154391715444
C_KINGSAFETY:0.46651517487013033
C_PAWNSTRUCTURE:0.5236907087719173
C_PIECECOORDINATION:0.5373304868613032
C_ROOKANDPAWNMOVEMENT:0.5373304868613032
C_CENTERCONTROL:0.5166553744940314
C_DEVELOPPIECES:0.4923706665098682
C_MATERIAL:0.49253361156346454
C_MOVECOUNT:0.4916888699471135
