ELO:1036
CE_PASSEDPAWNS:0.494486903214714
CE_PAWNWEAKNESSES:0.5058691404005063
CE_PIECEACTIVITY:0.5
CE_KINGPAWNSHIELD:0.5115786101233678
CE_PIECECOORDINATION:0.5
CE_MATERIAL:0.5
CE_KINGSAFETY:0.49929394397170046
C_PIECESQUARETABLES:0.5
C_MOBILITY:0.5
C_KINGSAFETY:0.4921712799787882
C_PAWNSTRUCTURE:0.5069199093975181
C_PIECECOORDINATION:0.5072205675570136
C_ROOKANDPAWNMOVEMENT:0.5072205675570136
C_CENTERCONTROL:0.4885935979961329
C_DEVELOPPIECES:0.5103411953853907
C_MATERIAL:0.5
C_MOVECOUNT:0.5
