ELO:995
CE_PASSEDPAWNS:0.5034232675701122
CE_PAWNWEAKNESSES:0.5
CE_PIECEACTIVITY:0.47805892541928385
CE_KINGPAWNSHIELD:0.521922952135911
CE_PIECECOORDINATION:0.5180690849658993
CE_MATERIAL:0.5037065741826174
CE_KINGSAFETY:0.5037847849649041
C_PIECESQUARETABLES:0.5
C_MOBILITY:0.5
C_KINGSAFETY:0.5059994609796822
C_PAWNSTRUCTURE:0.5218899250873213
C_PIECECOORDINATION:0.49842392795383783
C_ROOKANDPAWNMOVEMENT:0.49842392795383783
C_CENTERCONTROL:0.4930199270645043
C_DEVELOPPIECES:0.5101869241134077
C_MATERIAL:0.5006340000378732
C_MOVECOUNT:0.5253768769477936
