ELO:1000
CE_PASSEDPAWNS:0.554333118027306
CE_PAWNWEAKNESSES:0.5514835504624079
CE_PIECEACTIVITY:0.5199690023767202
CE_KINGPAWNSHIELD:0.5463722003199314
CE_PIECECOORDINATION:0.48004497511257727
CE_MATERIAL:0.4563801421762192
CE_KINGSAFETY:0.4903203806627156
C_PIECESQUARETABLES:0.5
C_MOBILITY:0.47167790417475486
C_KINGSAFETY:0.5547134105446069
C_PAWNSTRUCTURE:0.48186393411288186
C_PIECECOORDINATION:0.4561514467380806
C_ROOKANDPAWNMOVEMENT:0.4561514467380806
C_CENTERCONTROL:0.5822304269408118
C_DEVELOPPIECES:0.5691332334252264
C_MATERIAL:0.4785177797536541
