ELO:843
CE_PASSEDPAWNS:0.34495396468700945
CE_PAWNWEAKNESSES:0.48377551942204056
CE_PIECEACTIVITY:0.5572884405075879
CE_KINGPAWNSHIELD:0.44463794741611484
CE_PIECECOORDINATION:0.4773887317661939
CE_MATERIAL:0.546183290708065
CE_KINGSAFETY:0.5282130745027326
C_PIECESQUARETABLES:0.5034128129903986
C_MOBILITY:0.4070205801813578
C_KINGSAFETY:0.4447721291629031
C_PAWNSTRUCTURE:0.4802043031635356
C_PIECECOORDINATION:0.46482529909323883
C_ROOKANDPAWNMOVEMENT:0.46482529909323883
C_CENTERCONTROL:0.44484829410003074
C_DEVELOPPIECES:0.48832739687122434
C_MATERIAL:0.4028041273611013
