ELO:1000
CE_PASSEDPAWNS:0.5045500863449536
CE_PAWNWEAKNESSES:0.5398647145151222
CE_PIECEACTIVITY:0.4930517487434314
CE_KINGPAWNSHIELD:0.5496506756939629
CE_PIECECOORDINATION:0.47984807977877764
CE_MATERIAL:0.49312682682212444
CE_KINGSAFETY:0.4798066853948819
C_PIECESQUARETABLES:0.49786817096838254
C_MOBILITY:0.4943692872222283
C_KINGSAFETY:0.5037733999430907
C_PAWNSTRUCTURE:0.4899614081420122
C_PIECECOORDINATION:0.4897300832664125
C_ROOKANDPAWNMOVEMENT:0.4897300832664125
C_CENTERCONTROL:0.5161308761794733
C_DEVELOPPIECES:0.48223116619283035
C_MATERIAL:0.4846034886594106
