ELO:876
CE_PASSEDPAWNS:0.5026101920583699
CE_PAWNWEAKNESSES:0.44688002024621004
CE_PIECEACTIVITY:0.42638793863401275
CE_KINGPAWNSHIELD:0.5189406142849495
CE_PIECECOORDINATION:0.4835241624252194
CE_MATERIAL:0.5006402384453837
CE_KINGSAFETY:0.49960366398132666
C_PIECESQUARETABLES:0.5012848343229578
C_MOBILITY:0.5104479127195297
C_KINGSAFETY:0.5116400563175121
C_PAWNSTRUCTURE:0.4600757661602976
C_PIECECOORDINATION:0.4969806873543425
C_ROOKANDPAWNMOVEMENT:0.4969806873543425
C_CENTERCONTROL:0.4910243801636891
C_DEVELOPPIECES:0.5284977274355924
C_MATERIAL:0.5262081488201635
C_MOVECOUNT:0.5
