ELO:966
CE_PASSEDPAWNS:0.4898930958627695
CE_PAWNWEAKNESSES:0.5253508639695222
CE_PIECEACTIVITY:0.5184076309445452
CE_KINGPAWNSHIELD:0.4716754821010434
CE_PIECECOORDINATION:0.4871993194417916
CE_MATERIAL:0.5083952571326121
CE_KINGSAFETY:0.5
C_PIECESQUARETABLES:0.5
C_MOBILITY:0.5168282851524819
C_KINGSAFETY:0.5397296866002514
C_PAWNSTRUCTURE:0.46811384832829306
C_PIECECOORDINATION:0.5156820321760011
C_ROOK:0.5054060702452174
CE_ROOK:0.5120759489548493
C_CENTERCONTROL:0.4813442861530496
C_DEVELOPPIECES:0.468576943974531
C_MATERIAL:0.5356792979729789
C_MOVECOUNT:0.5085808510074188
C_PAWNMOVEMENT:0.5058862914209392
