ELO:990
CE_PASSEDPAWNS:0.3888116440030625
CE_PAWNWEAKNESSES:0.4493551243682851
CE_PIECEACTIVITY:0.4946679924107661
CE_KINGPAWNSHIELD:0.4976776548950023
CE_PIECECOORDINATION:0.5976150958295223
CE_MATERIAL:0.4133415773079538
CE_KINGSAFETY:0.5
C_PIECESQUARETABLES:0.4920907696034778
C_MOBILITY:0.61433629158186
C_KINGSAFETY:0.5719561762937481
C_PAWNSTRUCTURE:0.6289042165481391
C_PIECECOORDINATION:0.6135308168497035
C_ROOKANDPAWNMOVEMENT:0.6135308168497035
C_CENTERCONTROL:0.38974910821866054
C_DEVELOPPIECES:0.5495525945757301
C_MATERIAL:0.5866536899795093
