ELO:1011
CE_PASSEDPAWNS:0.4923077690023568
CE_PAWNWEAKNESSES:0.49056488171926477
CE_PIECEACTIVITY:0.5
CE_KINGPAWNSHIELD:0.5
CE_PIECECOORDINATION:0.5
CE_MATERIAL:0.5099309367960619
CE_KINGSAFETY:0.5
C_PIECESQUARETABLES:0.5
C_MOBILITY:0.5
C_KINGSAFETY:0.5
C_PAWNSTRUCTURE:0.5
C_PIECECOORDINATION:0.4883642431551249
C_ROOKANDPAWNMOVEMENT:0.4883642431551249
C_CENTERCONTROL:0.5
C_DEVELOPPIECES:0.5
C_MATERIAL:0.5083037380947915
C_MOVECOUNT:0.5
