ELO:971
CE_PASSEDPAWNS:0.564705518003188
CE_PAWNWEAKNESSES:0.524358639392819
CE_PIECEACTIVITY:0.47707363337437986
CE_KINGPAWNSHIELD:0.48850998583531585
CE_PIECECOORDINATION:0.4639882782539146
CE_MATERIAL:0.46817038051579846
CE_KINGSAFETY:0.4994133457817509
C_PIECESQUARETABLES:0.5215980633476454
C_MOBILITY:0.4295379914536956
C_KINGSAFETY:0.4858269374459563
C_PAWNSTRUCTURE:0.40586815047447566
C_PIECECOORDINATION:0.48350258148857356
C_ROOKANDPAWNMOVEMENT:0.48350258148857356
C_CENTERCONTROL:0.5451183271698419
C_DEVELOPPIECES:0.49797039366175394
C_MATERIAL:0.5883001934749224
