ELO:953
CE_PASSEDPAWNS:0.544328983962178
CE_PAWNWEAKNESSES:0.5536355847465726
CE_PIECEACTIVITY:0.5195292620877949
CE_KINGPAWNSHIELD:0.49196827658491515
CE_PIECECOORDINATION:0.4683006935961612
CE_MATERIAL:0.4301323660991232
CE_KINGSAFETY:0.5112488289270688
C_PIECESQUARETABLES:0.4849905163632306
C_MOBILITY:0.43123251056666306
C_KINGSAFETY:0.49509554967296704
C_PAWNSTRUCTURE:0.34598046420182993
C_PIECECOORDINATION:0.45750683397338326
C_ROOKANDPAWNMOVEMENT:0.45750683397338326
C_CENTERCONTROL:0.5215485757069783
C_DEVELOPPIECES:0.5002360448800894
C_MATERIAL:0.6691167327355514
