ELO:953
CE_PASSEDPAWNS:0.50792400841608
CE_PAWNWEAKNESSES:0.5
CE_PIECEACTIVITY:0.5027341519069912
CE_KINGPAWNSHIELD:0.49547739885336495
CE_PIECECOORDINATION:0.48736467261020605
CE_MATERIAL:0.5073307242969095
CE_KINGSAFETY:0.5
C_PIECESQUARETABLES:0.5
C_MOBILITY:0.5
C_KINGSAFETY:0.4792871492308343
C_PAWNSTRUCTURE:0.5209349103457399
C_PIECECOORDINATION:0.5111221736753916
C_ROOKANDPAWNMOVEMENT:0.5111221736753916
C_CENTERCONTROL:0.5064663178415607
C_DEVELOPPIECES:0.5000428866431379
C_MATERIAL:0.5016906446429493
C_MOVECOUNT:0.4904266411226155
