ELO:1119
CE_PASSEDPAWNS:0.46251554955716706
CE_PAWNWEAKNESSES:0.4073533017730624
CE_PIECEACTIVITY:0.47707812532962285
CE_KINGPAWNSHIELD:0.373828977561137
CE_PIECECOORDINATION:0.46159558467351497
CE_MATERIAL:0.3963786524687434
CE_KINGSAFETY:0.5
C_PIECESQUARETABLES:0.5
C_MOBILITY:0.5512587578650051
C_KINGSAFETY:0.5255271422532949
C_PAWNSTRUCTURE:0.376600741166476
C_PIECECOORDINATION:0.4844571404037182
C_ROOKANDPAWNMOVEMENT:0.4844571404037182
C_CENTERCONTROL:0.5299536999198825
C_DEVELOPPIECES:0.5753688676062132
C_MATERIAL:0.40330735849882093
