ELO:974
CE_PASSEDPAWNS:0.45087393198393066
CE_PAWNWEAKNESSES:0.48260713146997686
CE_PIECEACTIVITY:0.4914718395505427
CE_KINGPAWNSHIELD:0.49528372197685727
CE_PIECECOORDINATION:0.5036637963096153
CE_MATERIAL:0.5121496190735045
CE_KINGSAFETY:0.5
C_PIECESQUARETABLES:0.5
C_MOBILITY:0.47602403873736665
C_KINGSAFETY:0.5397296866002514
C_PAWNSTRUCTURE:0.46811384832829306
C_PIECECOORDINATION:0.5156820321760011
C_ROOK:0.47204989806748066
CE_ROOK:0.4625697515771121
C_CENTERCONTROL:0.48324616420560906
C_DEVELOPPIECES:0.468576943974531
C_MATERIAL:0.519400209426531
C_MOVECOUNT:0.500764129682438
C_PAWNMOVEMENT:0.5058862914209392
