ELO:969
CE_PASSEDPAWNS:0.49421008105761743
CE_PAWNWEAKNESSES:0.4727394074356036
CE_PIECEACTIVITY:0.47165909069205764
CE_KINGPAWNSHIELD:0.4716754821010434
CE_PIECECOORDINATION:0.4871993194417916
CE_MATERIAL:0.5203387883649906
CE_KINGSAFETY:0.5113758389417021
C_PIECESQUARETABLES:0.5
C_MOBILITY:0.5255590346584077
C_KINGSAFETY:0.5004555565090908
C_PAWNSTRUCTURE:0.5141298906198177
C_PIECECOORDINATION:0.5081438699217163
C_ROOK:0.5054060702452174
CE_ROOK:0.5120759489548493
C_CENTERCONTROL:0.4813442861530496
C_DEVELOPPIECES:0.49108760848803495
C_MATERIAL:0.4923054908172752
C_MOVECOUNT:0.5085808510074188
C_PAWNMOVEMENT:0.5016722068988911
