ELO:857
CE_PASSEDPAWNS:0.6091995559203498
CE_PAWNWEAKNESSES:0.5490120218684768
CE_PIECEACTIVITY:0.47270090004432197
CE_KINGPAWNSHIELD:0.5075867496674851
CE_PIECECOORDINATION:0.35935031695665465
CE_MATERIAL:0.6213457211631268
CE_KINGSAFETY:0.48254274553480525
C_PIECESQUARETABLES:0.4662729265543204
C_MOBILITY:0.5506615018640885
C_KINGSAFETY:0.5258731001602704
C_PAWNSTRUCTURE:0.5905477757075692
C_PIECECOORDINATION:0.5082272369070201
C_ROOKANDPAWNMOVEMENT:0.5082272369070201
C_CENTERCONTROL:0.6230383517607591
C_DEVELOPPIECES:0.5724536717916918
C_MATERIAL:0.4670776614127099
