ELO:991
CE_PASSEDPAWNS:0.5046944130916355
CE_PAWNWEAKNESSES:0.4895799189820762
CE_PIECEACTIVITY:0.5408049927323592
CE_KINGPAWNSHIELD:0.5007363147864393
CE_PIECECOORDINATION:0.5006830865359659
CE_MATERIAL:0.5
CE_KINGSAFETY:0.5
C_PIECESQUARETABLES:0.5
C_MOBILITY:0.4509551657423662
C_KINGSAFETY:0.48863918858385424
C_PAWNSTRUCTURE:0.488059985975898
C_PIECECOORDINATION:0.4930207997013511
C_ROOKANDPAWNMOVEMENT:0.4930207997013511
C_CENTERCONTROL:0.5018163528179863
C_DEVELOPPIECES:0.5002888397829802
C_MATERIAL:0.5
C_MOVECOUNT:0.49708733492835333
