ELO:1030
CE_PASSEDPAWNS:0.49671180420264993
CE_PAWNWEAKNESSES:0.5142680609703872
CE_PIECEACTIVITY:0.5
CE_KINGPAWNSHIELD:0.5167896506963406
CE_PIECECOORDINATION:0.49667395774672707
CE_MATERIAL:0.498774070598658
CE_KINGSAFETY:0.5
C_PIECESQUARETABLES:0.5
C_MOBILITY:0.5
C_KINGSAFETY:0.4891415646306995
C_PAWNSTRUCTURE:0.490871339121346
C_PIECECOORDINATION:0.5
C_ROOKANDPAWNMOVEMENT:0.5
C_CENTERCONTROL:0.4956633731814811
C_DEVELOPPIECES:0.5
C_MATERIAL:0.4842700822110806
C_MOVECOUNT:0.5
