ELO:1019
CE_PASSEDPAWNS:0.50677279132276
CE_PAWNWEAKNESSES:0.5119717978715057
CE_PIECEACTIVITY:0.49803176931619997
CE_KINGPAWNSHIELD:0.5
CE_PIECECOORDINATION:0.4812219491273645
CE_MATERIAL:0.5056530801604028
CE_KINGSAFETY:0.5
C_PIECESQUARETABLES:0.5
C_MOBILITY:0.5
C_KINGSAFETY:0.498102459192509
C_PAWNSTRUCTURE:0.5
C_PIECECOORDINATION:0.5
C_ROOKANDPAWNMOVEMENT:0.5
C_CENTERCONTROL:0.4922221997597864
C_DEVELOPPIECES:0.5
C_MATERIAL:0.5172940977059526
C_MOVECOUNT:0.5
