ELO:918
CE_PASSEDPAWNS:0.48360269996356803
CE_PAWNWEAKNESSES:0.4724616020447751
CE_PIECEACTIVITY:0.47383638843068293
CE_KINGPAWNSHIELD:0.5147454725737566
CE_PIECECOORDINATION:0.4558232522373753
CE_MATERIAL:0.5054875424114613
CE_KINGSAFETY:0.5036111472089474
C_PIECESQUARETABLES:0.4948612037166631
C_MOBILITY:0.4816618789568249
C_KINGSAFETY:0.49245508884843797
C_PAWNSTRUCTURE:0.5255373213258798
C_PIECECOORDINATION:0.48034299072684145
C_ROOKANDPAWNMOVEMENT:0.48034299072684145
C_CENTERCONTROL:0.509286813581157
C_DEVELOPPIECES:0.4663537497445878
C_MATERIAL:0.47410584970971803
C_MOVECOUNT:0.5
