ELO:999
CE_PASSEDPAWNS:0.571988272168113
CE_PAWNWEAKNESSES:0.5624850109351958
CE_PIECEACTIVITY:0.480942463142063
CE_KINGPAWNSHIELD:0.488043514507369
CE_PIECECOORDINATION:0.4660476539928287
CE_MATERIAL:0.5892626897328593
CE_KINGSAFETY:0.51319142709008
C_PIECESQUARETABLES:0.49795046878752935
C_MOBILITY:0.5103704226709606
C_KINGSAFETY:0.5565316993053055
C_PAWNSTRUCTURE:0.5147603039113231
C_PIECECOORDINATION:0.47826939626466647
C_ROOKANDPAWNMOVEMENT:0.47826939626466647
C_CENTERCONTROL:0.5030453254185429
C_DEVELOPPIECES:0.5747159623645367
C_MATERIAL:0.49591838137685573
