ELO:866
CE_PASSEDPAWNS:0.6100748939554335
CE_PAWNWEAKNESSES:0.5443474046390356
CE_PIECEACTIVITY:0.4767933061728107
CE_KINGPAWNSHIELD:0.5352190768436969
CE_PIECECOORDINATION:0.36555440932738364
CE_MATERIAL:0.6276026439595653
CE_KINGSAFETY:0.4921177196394442
C_PIECESQUARETABLES:0.4754639392221951
C_MOBILITY:0.55742865353198
C_KINGSAFETY:0.5367768095722598
C_PAWNSTRUCTURE:0.5819371038359779
C_PIECECOORDINATION:0.48691182385922416
C_ROOKANDPAWNMOVEMENT:0.48691182385922416
C_CENTERCONTROL:0.6425883822094254
C_DEVELOPPIECES:0.5822964133936346
C_MATERIAL:0.4614046639375853
