ELO:1034
CE_PASSEDPAWNS:0.5
CE_PAWNWEAKNESSES:0.4965116189971045
CE_PIECEACTIVITY:0.5273508521846612
CE_KINGPAWNSHIELD:0.4494059992834568
CE_PIECECOORDINATION:0.538520027178688
CE_MATERIAL:0.5314078749939506
CE_KINGSAFETY:0.5416906537963908
C_PIECESQUARETABLES:0.5030023160951106
C_MOBILITY:0.5062847759093358
C_KINGSAFETY:0.5181141731688755
C_PAWNSTRUCTURE:0.5203979785313994
C_PIECECOORDINATION:0.5050524030375835
C_ROOKANDPAWNMOVEMENT:0.5050524030375835
C_CENTERCONTROL:0.49636792903387
C_DEVELOPPIECES:0.504128528908999
C_MATERIAL:0.4929951965813701
C_MOVECOUNT:0.5
