ELO:1013
CE_PASSEDPAWNS:0.5081704547205501
CE_PAWNWEAKNESSES:0.5
CE_PIECEACTIVITY:0.4905792253807147
CE_KINGPAWNSHIELD:0.511867304195319
CE_PIECECOORDINATION:0.5
CE_MATERIAL:0.5047282994488183
CE_KINGSAFETY:0.5
C_PIECESQUARETABLES:0.4905317887919541
C_MOBILITY:0.48007421769157077
C_KINGSAFETY:0.5
C_PAWNSTRUCTURE:0.5172181561008414
C_PIECECOORDINATION:0.510496854847549
C_ROOKANDPAWNMOVEMENT:0.510496854847549
C_CENTERCONTROL:0.5
C_DEVELOPPIECES:0.5
C_MATERIAL:0.4887610835883327
C_MOVECOUNT:0.47233128554976167
