ELO:1000
CE_PASSEDPAWNS:0.5
CE_PAWNWEAKNESSES:0.5053480954084436
CE_PIECEACTIVITY:0.4874367847860286
CE_KINGPAWNSHIELD:0.5219403250376832
CE_PIECECOORDINATION:0.501558204847395
CE_MATERIAL:0.49350732253052637
CE_KINGSAFETY:0.5048328160441947
C_PIECESQUARETABLES:0.5
C_MOBILITY:0.5138146309131089
C_KINGSAFETY:0.5004513367456523
C_PAWNSTRUCTURE:0.5020444722104603
C_PIECECOORDINATION:0.5
C_ROOKANDPAWNMOVEMENT:0.5
C_CENTERCONTROL:0.5104576255925528
C_DEVELOPPIECES:0.4885552665013211
C_MATERIAL:0.49190933085449084
