ELO:1000
CE_PASSEDPAWNS:0.5530267848332163
CE_PAWNWEAKNESSES:0.5442543935438421
CE_PIECEACTIVITY:0.5208942291468605
CE_KINGPAWNSHIELD:0.5649106656882983
CE_PIECECOORDINATION:0.4428300198474573
CE_MATERIAL:0.46442251982741456
CE_KINGSAFETY:0.48044967904094826
C_PIECESQUARETABLES:0.5426407399965079
C_MOBILITY:0.47773296914779984
C_KINGSAFETY:0.5073594695304825
C_PAWNSTRUCTURE:0.4827045857905777
C_PIECECOORDINATION:0.4630462936961428
C_ROOKANDPAWNMOVEMENT:0.4630462936961428
C_CENTERCONTROL:0.5179225508801416
C_DEVELOPPIECES:0.5557903860672119
C_MATERIAL:0.501955806612826
