ELO:974
CE_PASSEDPAWNS:0.5776456408888151
CE_PAWNWEAKNESSES:0.5220505918297091
CE_PIECEACTIVITY:0.5035471729078604
CE_KINGPAWNSHIELD:0.488986963395562
CE_PIECECOORDINATION:0.40555394014166957
CE_MATERIAL:0.5888296213187615
CE_KINGSAFETY:0.5109281815510072
C_PIECESQUARETABLES:0.4825041874868526
C_MOBILITY:0.5055574902857737
C_KINGSAFETY:0.5669070812658993
C_PAWNSTRUCTURE:0.5112328374805536
C_PIECECOORDINATION:0.49694717764672997
C_ROOKANDPAWNMOVEMENT:0.49694717764672997
C_CENTERCONTROL:0.4820671936191493
C_DEVELOPPIECES:0.5700943718886577
C_MATERIAL:0.5319078547427217
