ELO:959
CE_PASSEDPAWNS:0.5625940767753279
CE_PAWNWEAKNESSES:0.5389004359802329
CE_PIECEACTIVITY:0.5089176130968726
CE_KINGPAWNSHIELD:0.5015359295836176
CE_PIECECOORDINATION:0.4602569519815396
CE_MATERIAL:0.42143201026908195
CE_KINGSAFETY:0.4989830558571651
C_PIECESQUARETABLES:0.49408319119246147
C_MOBILITY:0.42931328294231463
C_KINGSAFETY:0.5050224688972714
C_PAWNSTRUCTURE:0.3579220779267948
C_PIECECOORDINATION:0.4586355112686286
C_ROOKANDPAWNMOVEMENT:0.4586355112686286
C_CENTERCONTROL:0.5783919231276496
C_DEVELOPPIECES:0.49133478714667655
C_MATERIAL:0.6434604903891059
