ELO:915
CE_PASSEDPAWNS:0.3855893846701241
CE_PAWNWEAKNESSES:0.4985180962626862
CE_PIECEACTIVITY:0.5521753404365517
CE_KINGPAWNSHIELD:0.4505262783639758
CE_PIECECOORDINATION:0.40947548120016314
CE_MATERIAL:0.5579075001132802
CE_KINGSAFETY:0.5181550839323169
C_PIECESQUARETABLES:0.5327748238003648
C_MOBILITY:0.3911983596695757
C_KINGSAFETY:0.49001802345546214
C_PAWNSTRUCTURE:0.4570768943003753
C_PIECECOORDINATION:0.6231683311564448
C_ROOKANDPAWNMOVEMENT:0.6231683311564448
C_CENTERCONTROL:0.5334526593857087
C_DEVELOPPIECES:0.3698440649486721
C_MATERIAL:0.5634760342889752
