ELO:994
CE_PASSEDPAWNS:0.49647086031998666
CE_PAWNWEAKNESSES:0.49909397672863215
CE_PIECEACTIVITY:0.4903100802332538
CE_KINGPAWNSHIELD:0.49547739885336495
CE_PIECECOORDINATION:0.5171188055662395
CE_MATERIAL:0.5177734933684152
CE_KINGSAFETY:0.5
C_PIECESQUARETABLES:0.5015694234186349
C_MOBILITY:0.5101411537622603
C_KINGSAFETY:0.4913924441540992
C_PAWNSTRUCTURE:0.5262703851165446
C_PIECECOORDINATION:0.5111221736753916
C_ROOKANDPAWNMOVEMENT:0.5111221736753916
C_CENTERCONTROL:0.5
C_DEVELOPPIECES:0.47051090699027437
C_MATERIAL:0.48895388923771027
C_MOVECOUNT:0.5253768769477936
