ELO:969
CE_PASSEDPAWNS:0.5767023133464844
CE_PAWNWEAKNESSES:0.5184494922384578
CE_PIECEACTIVITY:0.47664037068240217
CE_KINGPAWNSHIELD:0.4886863408336404
CE_PIECECOORDINATION:0.4715061150698341
CE_MATERIAL:0.445163913713207
CE_KINGSAFETY:0.5117347987069998
C_PIECESQUARETABLES:0.4940132491164257
C_MOBILITY:0.43824840751412153
C_KINGSAFETY:0.5011724506508275
C_PAWNSTRUCTURE:0.38102516068300873
C_PIECECOORDINATION:0.46728082304646484
C_ROOKANDPAWNMOVEMENT:0.46728082304646484
C_CENTERCONTROL:0.5571367640932062
C_DEVELOPPIECES:0.4944222097265744
C_MATERIAL:0.6165063096289186
