ELO:942
CE_PASSEDPAWNS:0.42573878214843475
CE_PAWNWEAKNESSES:0.5768217429457552
CE_PIECEACTIVITY:0.4723019109576226
CE_KINGPAWNSHIELD:0.5096184377400712
CE_PIECECOORDINATION:0.5601806631932154
CE_MATERIAL:0.5367963379718176
CE_KINGSAFETY:0.46259608958060433
C_PIECESQUARETABLES:0.49190728462413597
C_MOBILITY:0.5035276230800116
C_KINGSAFETY:0.45618432715551926
C_PAWNSTRUCTURE:0.5124605419383919
C_PIECECOORDINATION:0.5076157483102842
C_ROOKANDPAWNMOVEMENT:0.5076157483102842
C_CENTERCONTROL:0.467230539963984
C_DEVELOPPIECES:0.46580561415951405
C_MATERIAL:0.48649442813073807
C_MOVECOUNT:0.50705092382842
