ELO:974
CE_PASSEDPAWNS:0.4811121020525909
CE_PAWNWEAKNESSES:0.4798348453606563
CE_PIECEACTIVITY:0.5105854043681042
CE_KINGPAWNSHIELD:0.4902351533763858
CE_PIECECOORDINATION:0.49315231578296687
CE_MATERIAL:0.5
CE_KINGSAFETY:0.5
C_PIECESQUARETABLES:0.5194207109106
C_MOBILITY:0.49754184685908837
C_KINGSAFETY:0.5009302968240087
C_PAWNSTRUCTURE:0.5185702916130699
C_PIECECOORDINATION:0.5030093509705884
C_ROOKANDPAWNMOVEMENT:0.5030093509705884
C_CENTERCONTROL:0.5132800947599463
C_DEVELOPPIECES:0.5062387204423385
C_MATERIAL:0.5072670510788444
