ELO:998
CE_PASSEDPAWNS:0.5
CE_PAWNWEAKNESSES:0.5
CE_PIECEACTIVITY:0.4886502739030537
CE_KINGPAWNSHIELD:0.5093705358273458
CE_PIECECOORDINATION:0.48703919930828365
CE_MATERIAL:0.5073283301612201
CE_KINGSAFETY:0.5
C_PIECESQUARETABLES:0.5082162263367267
C_MOBILITY:0.5
C_KINGSAFETY:0.5
C_PAWNSTRUCTURE:0.512187047172407
C_PIECECOORDINATION:0.48654387897885715
C_ROOKANDPAWNMOVEMENT:0.48654387897885715
C_CENTERCONTROL:0.492529220338054
C_DEVELOPPIECES:0.49114138250538214
C_MATERIAL:0.4885591750198901
C_MOVECOUNT:0.4884562813248018
