ELO:991
CE_PASSEDPAWNS:0.505222794799286
CE_PAWNWEAKNESSES:0.5159899000262808
CE_PIECEACTIVITY:0.5
CE_KINGPAWNSHIELD:0.5
CE_PIECECOORDINATION:0.5041558912383085
CE_MATERIAL:0.5098392049998903
CE_KINGSAFETY:0.5095725901237199
C_PIECESQUARETABLES:0.5
C_MOBILITY:0.49450685982340203
C_KINGSAFETY:0.5145984561030156
C_PAWNSTRUCTURE:0.5029992623266945
C_PIECECOORDINATION:0.5
C_ROOKANDPAWNMOVEMENT:0.5
C_CENTERCONTROL:0.49446353924374936
C_DEVELOPPIECES:0.49114138250538214
C_MATERIAL:0.5
C_MOVECOUNT:0.5029635196717005
