ELO:879
CE_PASSEDPAWNS:0.5283407768692583
CE_PAWNWEAKNESSES:0.49335416744538896
CE_PIECEACTIVITY:0.5289752187909104
CE_KINGPAWNSHIELD:0.4902950427724115
CE_PIECECOORDINATION:0.4580325946052995
CE_MATERIAL:0.4762667314297301
CE_KINGSAFETY:0.5029297946527729
C_PIECESQUARETABLES:0.5124990157563307
C_MOBILITY:0.48591435678786427
C_KINGSAFETY:0.4592509672255003
C_PAWNSTRUCTURE:0.49361737594252053
C_PIECECOORDINATION:0.507097885544576
C_ROOKANDPAWNMOVEMENT:0.507097885544576
C_CENTERCONTROL:0.48862769829833536
C_DEVELOPPIECES:0.4776693501919202
C_MATERIAL:0.47699500817465434
C_MOVECOUNT:0.5
