ELO:964
CE_PASSEDPAWNS:0.5102575193285162
CE_PAWNWEAKNESSES:0.4196755343990649
CE_PIECEACTIVITY:0.5434315734519648
CE_KINGPAWNSHIELD:0.6007771199627803
CE_PIECECOORDINATION:0.5364093874876428
CE_MATERIAL:0.5056988027176372
CE_KINGSAFETY:0.5094768301539703
C_PIECESQUARETABLES:0.5066419807820818
C_MOBILITY:0.4202778519222917
C_KINGSAFETY:0.45056825958732505
C_PAWNSTRUCTURE:0.4467502113709114
C_PIECECOORDINATION:0.45687069707941336
C_ROOKANDPAWNMOVEMENT:0.45687069707941336
C_CENTERCONTROL:0.535467606868014
C_DEVELOPPIECES:0.47215841378530854
C_MATERIAL:0.47676605257488786
