ELO:1030
CE_PASSEDPAWNS:0.5210035801756262
CE_PAWNWEAKNESSES:0.49258512906704904
CE_PIECEACTIVITY:0.4922525029689287
CE_KINGPAWNSHIELD:0.5
CE_PIECECOORDINATION:0.5163591147891464
CE_MATERIAL:0.5166545639885126
CE_KINGSAFETY:0.5
C_PIECESQUARETABLES:0.5
C_MOBILITY:0.49971663417236684
C_KINGSAFETY:0.49794401795660814
C_PAWNSTRUCTURE:0.5069436927067156
C_PIECECOORDINATION:0.4997755343242795
C_ROOKANDPAWNMOVEMENT:0.4997755343242795
C_CENTERCONTROL:0.4843171318288069
C_DEVELOPPIECES:0.4914671028890998
C_MATERIAL:0.49999580745566313
C_MOVECOUNT:0.5033584056001322
