ELO:872
CE_PASSEDPAWNS:0.501815696857001
CE_PAWNWEAKNESSES:0.500983809436452
CE_PIECEACTIVITY:0.5099696801248256
CE_KINGPAWNSHIELD:0.4739479270414098
CE_PIECECOORDINATION:0.46276971457930927
CE_MATERIAL:0.5462213361922484
CE_KINGSAFETY:0.5
C_PIECESQUARETABLES:0.48247144838595474
C_MOBILITY:0.49399667463348895
C_KINGSAFETY:0.5088640027297914
C_PAWNSTRUCTURE:0.5258209312143756
C_PIECECOORDINATION:0.5273872442337303
C_ROOK:0.4311809155425459
CE_ROOK:0.5313889482891322
C_CENTERCONTROL:0.4871928818120225
C_DEVELOPPIECES:0.5129800700849787
C_MATERIAL:0.4890298347752285
C_MOVECOUNT:0.44115837239999417
C_PAWNMOVEMENT:0.5201448919949373
