ELO:936
CE_PASSEDPAWNS:0.5293001103123699
CE_PAWNWEAKNESSES:0.5032112162517555
CE_PIECEACTIVITY:0.5161684055167253
CE_KINGPAWNSHIELD:0.4929689094165518
CE_PIECECOORDINATION:0.4586312564971792
CE_MATERIAL:0.5211778811979637
CE_KINGSAFETY:0.5
C_PIECESQUARETABLES:0.5
C_MOBILITY:0.47949854478169424
C_KINGSAFETY:0.5034628404623593
C_PAWNSTRUCTURE:0.504852177558889
C_PIECECOORDINATION:0.5070493251912711
C_ROOK:0.46552807541166197
CE_ROOK:0.5041489745881947
C_CENTERCONTROL:0.4778055438061008
C_DEVELOPPIECES:0.51278450651843
C_MATERIAL:0.48596608916955236
C_MOVECOUNT:0.48209183857027293
C_PAWNMOVEMENT:0.5009719813462716
