ELO:937
CE_PASSEDPAWNS:0.5280634355066802
CE_PAWNWEAKNESSES:0.5032112162517555
CE_PIECEACTIVITY:0.5273405830297385
CE_KINGPAWNSHIELD:0.4929689094165518
CE_PIECECOORDINATION:0.4586312564971792
CE_MATERIAL:0.5146149073680086
CE_KINGSAFETY:0.5112209161880651
C_PIECESQUARETABLES:0.491860780974808
C_MOBILITY:0.47949854478169424
C_KINGSAFETY:0.5034628404623593
C_PAWNSTRUCTURE:0.5075263351171654
C_PIECECOORDINATION:0.5070493251912711
C_ROOK:0.46552807541166197
CE_ROOK:0.5041489745881947
C_CENTERCONTROL:0.4778055438061008
C_DEVELOPPIECES:0.5091154652341092
C_MATERIAL:0.48596608916955236
C_MOVECOUNT:0.48209183857027293
C_PAWNMOVEMENT:0.5009719813462716
