ELO:1000
CE_PASSEDPAWNS:0.4596788930584738
CE_PAWNWEAKNESSES:0.505133960133216
CE_PIECEACTIVITY:0.49944268277973064
CE_KINGPAWNSHIELD:0.47864756740298103
CE_PIECECOORDINATION:0.48617152342788544
CE_MATERIAL:0.5336925080093785
CE_KINGSAFETY:0.5132173373898256
C_PIECESQUARETABLES:0.5254817656743718
C_MOBILITY:0.5035105550408097
C_KINGSAFETY:0.4629159574831188
C_PAWNSTRUCTURE:0.49711652060239875
C_PIECECOORDINATION:0.46553422691329205
C_ROOKANDPAWNMOVEMENT:0.46553422691329205
C_CENTERCONTROL:0.4647704731718377
C_DEVELOPPIECES:0.4714328713322365
C_MATERIAL:0.4727268595191425
