ELO:944
CE_PASSEDPAWNS:0.4794590325854315
CE_PAWNWEAKNESSES:0.5042536375774836
CE_PIECEACTIVITY:0.5233049790717166
CE_KINGPAWNSHIELD:0.41450788579767334
CE_PIECECOORDINATION:0.5320722817888595
CE_MATERIAL:0.5228715462575954
CE_KINGSAFETY:0.49450879074374654
C_PIECESQUARETABLES:0.5054358351895746
C_MOBILITY:0.5540908186830004
C_KINGSAFETY:0.4194806722254425
C_PAWNSTRUCTURE:0.4820827486663126
C_PIECECOORDINATION:0.4402691143551253
C_ROOKANDPAWNMOVEMENT:0.4402691143551253
C_CENTERCONTROL:0.5012404277131599
C_DEVELOPPIECES:0.40348181894935775
C_MATERIAL:0.46845281511403225
