ELO:929
CE_PASSEDPAWNS:0.5119946194352336
CE_PAWNWEAKNESSES:0.5245999636932154
CE_PIECEACTIVITY:0.5191008135697562
CE_KINGPAWNSHIELD:0.5012071930159246
CE_PIECECOORDINATION:0.48073719609510207
CE_MATERIAL:0.4737001989179301
CE_KINGSAFETY:0.4975936245484606
C_PIECESQUARETABLES:0.48026014917516846
C_MOBILITY:0.505197242416316
C_KINGSAFETY:0.4710794169281831
C_PAWNSTRUCTURE:0.5
C_PIECECOORDINATION:0.5096802550570169
C_ROOKANDPAWNMOVEMENT:0.5096802550570169
C_CENTERCONTROL:0.5037581148875375
C_DEVELOPPIECES:0.4768054270777115
C_MATERIAL:0.4815587806153487
C_MOVECOUNT:0.5
