ELO:1061
CE_PASSEDPAWNS:0.4973200641185844
CE_PAWNWEAKNESSES:0.5
CE_PIECEACTIVITY:0.5
CE_KINGPAWNSHIELD:0.5
CE_PIECECOORDINATION:0.5005688860707546
CE_MATERIAL:0.5
CE_KINGSAFETY:0.4902564576281284
C_PIECESQUARETABLES:0.5092982019638754
C_MOBILITY:0.5
C_KINGSAFETY:0.49679559489726516
C_PAWNSTRUCTURE:0.48095596215667347
C_PIECECOORDINATION:0.5222089115531231
C_ROOKANDPAWNMOVEMENT:0.5222089115531231
C_CENTERCONTROL:0.49860663058470284
C_DEVELOPPIECES:0.5047571054360761
C_MATERIAL:0.4710021294463846
