ELO:657
CE_PASSEDPAWNS:0.5251893834272907
CE_PAWNWEAKNESSES:0.5309066123465033
CE_PIECEACTIVITY:0.4720957898289843
CE_KINGPAWNSHIELD:0.49042904416371186
CE_PIECECOORDINATION:0.4109586329180349
CE_MATERIAL:0.5038455714637329
CE_KINGSAFETY:0.5076816275053501
C_PIECESQUARETABLES:0.48991036438477986
C_MOBILITY:0.6566396240482413
C_KINGSAFETY:0.5459355266494104
C_PAWNSTRUCTURE:0.5447797601960351
C_PIECECOORDINATION:0.46544094884601755
C_ROOKANDPAWNMOVEMENT:0.46544094884601755
C_CENTERCONTROL:0.48720511124510263
C_DEVELOPPIECES:0.5543069367190953
C_MATERIAL:0.40766952235442266
C_MOVECOUNT:0.49746459137467064
