ELO:1020
CE_PASSEDPAWNS:0.5071813982587167
CE_PAWNWEAKNESSES:0.49258512906704904
CE_PIECEACTIVITY:0.5051740137342629
CE_KINGPAWNSHIELD:0.49999867862818953
CE_PIECECOORDINATION:0.5163591147891464
CE_MATERIAL:0.5166545639885126
CE_KINGSAFETY:0.5
C_PIECESQUARETABLES:0.5
C_MOBILITY:0.49971663417236684
C_KINGSAFETY:0.4923190182341339
C_PAWNSTRUCTURE:0.5069436927067156
C_PIECECOORDINATION:0.5064618722631624
C_ROOKANDPAWNMOVEMENT:0.5064618722631624
C_CENTERCONTROL:0.49441941493671626
C_DEVELOPPIECES:0.5
C_MATERIAL:0.5
C_MOVECOUNT:0.5033584056001322
