ELO:986
CE_PASSEDPAWNS:0.4912477705496433
CE_PAWNWEAKNESSES:0.5104460897808594
CE_PIECEACTIVITY:0.517712922780394
CE_KINGPAWNSHIELD:0.5111519288491092
CE_PIECECOORDINATION:0.5058332202795784
CE_MATERIAL:0.5005751363299693
CE_KINGSAFETY:0.4896493832521508
C_PIECESQUARETABLES:0.5
C_MOBILITY:0.48519586454719443
C_KINGSAFETY:0.4984542845380958
C_PAWNSTRUCTURE:0.5
C_PIECECOORDINATION:0.5122256947836302
C_ROOK:0.4951151774794741
CE_ROOK:0.5
C_CENTERCONTROL:0.5036370187560262
C_DEVELOPPIECES:0.5
C_MATERIAL:0.49626275569130535
C_MOVECOUNT:0.5039661647113164
C_PAWNMOVEMENT:0.4879194648298104
