ELO:964
CE_PASSEDPAWNS:0.48842298268380996
CE_PAWNWEAKNESSES:0.49259886732167063
CE_PIECEACTIVITY:0.5085760877098561
CE_KINGPAWNSHIELD:0.5139801184624107
CE_PIECECOORDINATION:0.46410316328493184
CE_MATERIAL:0.510387094902783
CE_KINGSAFETY:0.5018454263601841
C_PIECESQUARETABLES:0.4981552839425292
C_MOBILITY:0.5051799760228523
C_KINGSAFETY:0.49811441386654765
C_PAWNSTRUCTURE:0.5071730845590066
C_PIECECOORDINATION:0.48495735768100945
C_ROOK:0.4938788402393938
CE_ROOK:0.5022148584770992
C_CENTERCONTROL:0.5127113895659126
C_DEVELOPPIECES:0.510539595297546
C_MATERIAL:0.49145146501764525
C_MOVECOUNT:0.4806458835192259
C_PAWNMOVEMENT:0.4947727939303309
