ELO:1000
CE_PASSEDPAWNS:0.4428719517616908
CE_PAWNWEAKNESSES:0.5049155994037038
CE_PIECEACTIVITY:0.48806929825206125
CE_KINGPAWNSHIELD:0.4696797806664603
CE_PIECECOORDINATION:0.47429273833224994
CE_MATERIAL:0.5380119445709446
CE_KINGSAFETY:0.5
C_PIECESQUARETABLES:0.5000110187527701
C_MOBILITY:0.48954278003987634
C_KINGSAFETY:0.41630706516323435
C_PAWNSTRUCTURE:0.4733342780416704
C_PIECECOORDINATION:0.4568303377267877
C_ROOKANDPAWNMOVEMENT:0.4568303377267877
C_CENTERCONTROL:0.42237322778174086
C_DEVELOPPIECES:0.44826925055108413
C_MATERIAL:0.459031932843554
