ELO:944
CE_PASSEDPAWNS:0.5296572521304893
CE_PAWNWEAKNESSES:0.4179142809590106
CE_PIECEACTIVITY:0.49005534135801787
CE_KINGPAWNSHIELD:0.6012689281995196
CE_PIECECOORDINATION:0.5226329152574858
CE_MATERIAL:0.4932347304976163
CE_KINGSAFETY:0.5002833987825763
C_PIECESQUARETABLES:0.49892917189412034
C_MOBILITY:0.4819128631138162
C_KINGSAFETY:0.4590294839281064
C_PAWNSTRUCTURE:0.407290971939087
C_PIECECOORDINATION:0.41891398388268397
C_ROOKANDPAWNMOVEMENT:0.41891398388268397
C_CENTERCONTROL:0.5678903727820173
C_DEVELOPPIECES:0.49735542053284776
C_MATERIAL:0.4644012055237809
