ELO:930
CE_PASSEDPAWNS:0.5293001103123699
CE_PAWNWEAKNESSES:0.496925677030726
CE_PIECEACTIVITY:0.5181083064133922
CE_KINGPAWNSHIELD:0.4809835374977226
CE_PIECECOORDINATION:0.452292915743132
CE_MATERIAL:0.5292104251953925
CE_KINGSAFETY:0.5
C_PIECESQUARETABLES:0.5107061713876345
C_MOBILITY:0.4772294401573971
C_KINGSAFETY:0.5043657979230688
C_PAWNSTRUCTURE:0.504852177558889
C_PIECECOORDINATION:0.5145641774176091
C_ROOK:0.45491777577771486
CE_ROOK:0.5090975046855238
C_CENTERCONTROL:0.4914893091590636
C_DEVELOPPIECES:0.5106838264060233
C_MATERIAL:0.4800397857012333
C_MOVECOUNT:0.48209183857027293
C_PAWNMOVEMENT:0.5011641113342865
