ELO:1000
CE_PASSEDPAWNS:0.4883590940074273
CE_PAWNWEAKNESSES:0.45989677563089204
CE_PIECEACTIVITY:0.4977395266389192
CE_KINGPAWNSHIELD:0.47133737333783576
CE_PIECECOORDINATION:0.4903744035408137
CE_MATERIAL:0.5
CE_KINGSAFETY:0.4975464317130523
C_PIECESQUARETABLES:0.4898530689018107
C_MOBILITY:0.4764303886725738
C_KINGSAFETY:0.47733037358074176
C_PAWNSTRUCTURE:0.48629736857462796
C_PIECECOORDINATION:0.49700746755584013
C_ROOKANDPAWNMOVEMENT:0.49700746755584013
C_CENTERCONTROL:0.4859749426775567
C_DEVELOPPIECES:0.49682053979149354
C_MATERIAL:0.5014317967963307
