ELO:894
CE_PASSEDPAWNS:0.5175264415338171
CE_PAWNWEAKNESSES:0.5018757278921326
CE_PIECEACTIVITY:0.5434545319603936
CE_KINGPAWNSHIELD:0.49417045145441124
CE_PIECECOORDINATION:0.4892592756065722
CE_MATERIAL:0.4884871353457249
CE_KINGSAFETY:0.48378534464197964
C_PIECESQUARETABLES:0.5553072973568824
C_MOBILITY:0.46894907269215613
C_KINGSAFETY:0.5359653789648645
C_PAWNSTRUCTURE:0.5423281900523158
C_PIECECOORDINATION:0.5377047488204396
C_ROOKANDPAWNMOVEMENT:0.5377047488204396
C_CENTERCONTROL:0.46810031144586695
C_DEVELOPPIECES:0.4606280988237857
C_MATERIAL:0.5492027239790056
C_MOVECOUNT:0.5024849056475119
