ELO:908
CE_PASSEDPAWNS:0.5011796200030438
CE_PAWNWEAKNESSES:0.48358823952589575
CE_PIECEACTIVITY:0.5274128214093708
CE_KINGPAWNSHIELD:0.47501341548638387
CE_PIECECOORDINATION:0.4586775414288191
CE_MATERIAL:0.529233523327574
CE_KINGSAFETY:0.5048259662010767
C_PIECESQUARETABLES:0.48998061249934455
C_MOBILITY:0.4803046302293316
C_KINGSAFETY:0.5018871815610669
C_PAWNSTRUCTURE:0.5413449867019297
C_PIECECOORDINATION:0.5188443803405557
C_ROOK:0.43255241022859736
CE_ROOK:0.5176951050750508
C_CENTERCONTROL:0.49802622794406454
C_DEVELOPPIECES:0.5028623488413521
C_MATERIAL:0.4890298347752285
C_MOVECOUNT:0.44184587764859895
C_PAWNMOVEMENT:0.5127429417054824
