ELO:990
CE_PASSEDPAWNS:0.40429501447819083
CE_PAWNWEAKNESSES:0.4493551243682851
CE_PIECEACTIVITY:0.5079089744217373
CE_KINGPAWNSHIELD:0.4976776548950023
CE_PIECECOORDINATION:0.5976150958295223
CE_MATERIAL:0.40224165476183554
CE_KINGSAFETY:0.5036547939789296
C_PIECESQUARETABLES:0.4920907696034778
C_MOBILITY:0.61433629158186
C_KINGSAFETY:0.5764365774328128
C_PAWNSTRUCTURE:0.62436365227218
C_PIECECOORDINATION:0.6213294850019804
C_ROOKANDPAWNMOVEMENT:0.6213294850019804
C_CENTERCONTROL:0.3791738811592719
C_DEVELOPPIECES:0.5568613257185546
C_MATERIAL:0.5866536899795093
