ELO:1032
CE_PASSEDPAWNS:0.5118932808384188
CE_PAWNWEAKNESSES:0.5
CE_PIECEACTIVITY:0.4912943929066737
CE_KINGPAWNSHIELD:0.5078018087242399
CE_PIECECOORDINATION:0.498132149773996
CE_MATERIAL:0.48668430599438306
CE_KINGSAFETY:0.5
C_PIECESQUARETABLES:0.5
C_MOBILITY:0.5
C_KINGSAFETY:0.5083003683945351
C_PAWNSTRUCTURE:0.4954848581372449
C_PIECECOORDINATION:0.5206880657465078
C_ROOKANDPAWNMOVEMENT:0.5206880657465078
C_CENTERCONTROL:0.49441941493671626
C_DEVELOPPIECES:0.4924132587187512
C_MATERIAL:0.49958183675935414
C_MOVECOUNT:0.4949015510138922
