ELO:1000
CE_PASSEDPAWNS:0.4428719517616908
CE_PAWNWEAKNESSES:0.5096204135501644
CE_PIECEACTIVITY:0.48806929825206125
CE_KINGPAWNSHIELD:0.4713589662665148
CE_PIECECOORDINATION:0.4740414680037656
CE_MATERIAL:0.5317239839042209
CE_KINGSAFETY:0.5
C_PIECESQUARETABLES:0.4994330685135901
C_MOBILITY:0.4816231524681734
C_KINGSAFETY:0.422587516380142
C_PAWNSTRUCTURE:0.4538600367550111
C_PIECECOORDINATION:0.46439150829134024
C_ROOKANDPAWNMOVEMENT:0.46439150829134024
C_CENTERCONTROL:0.4144027075260014
C_DEVELOPPIECES:0.4440477831616809
C_MATERIAL:0.4539606140629354
