ELO:885
CE_PASSEDPAWNS:0.5137062430611944
CE_PAWNWEAKNESSES:0.4903005684890256
CE_PIECEACTIVITY:0.5597570717533489
CE_KINGPAWNSHIELD:0.4982181199421234
CE_PIECECOORDINATION:0.43104559425566596
CE_MATERIAL:0.5107216171510552
CE_KINGSAFETY:0.5151042078193481
C_PIECESQUARETABLES:0.503598967295738
C_MOBILITY:0.4935502428638222
C_KINGSAFETY:0.5267917316481877
C_PAWNSTRUCTURE:0.5149030704184735
C_PIECECOORDINATION:0.4805761544043441
C_ROOKANDPAWNMOVEMENT:0.4805761544043441
C_CENTERCONTROL:0.4831998823914167
C_DEVELOPPIECES:0.49955222642156566
C_MATERIAL:0.49803453921688234
C_MOVECOUNT:0.5
