ELO:848
CE_PASSEDPAWNS:0.5004176485298604
CE_PAWNWEAKNESSES:0.5264476142260999
CE_PIECEACTIVITY:0.5304873169950236
CE_KINGPAWNSHIELD:0.4612756925033947
CE_PIECECOORDINATION:0.4515441749466257
CE_MATERIAL:0.5477383987117685
CE_KINGSAFETY:0.5125447167697681
C_PIECESQUARETABLES:0.523697951471237
C_MOBILITY:0.4901202925265632
C_KINGSAFETY:0.5088640027297914
C_PAWNSTRUCTURE:0.5258209312143756
C_PIECECOORDINATION:0.5090842972462224
C_ROOK:0.4229435452286473
CE_ROOK:0.5197916660566514
C_CENTERCONTROL:0.5004123253761412
C_DEVELOPPIECES:0.5132886758433505
C_MATERIAL:0.5052692400325441
C_MOVECOUNT:0.4316716503547015
C_PAWNMOVEMENT:0.5353699564442058
