ELO:1023
CE_PASSEDPAWNS:0.505222794799286
CE_PAWNWEAKNESSES:0.5058984745070961
CE_PIECEACTIVITY:0.49381768185096864
CE_KINGPAWNSHIELD:0.49504274198782633
CE_PIECECOORDINATION:0.48490889954679145
CE_MATERIAL:0.5000442581340255
CE_KINGSAFETY:0.5
C_PIECESQUARETABLES:0.5
C_MOBILITY:0.4906074484118369
C_KINGSAFETY:0.5
C_PAWNSTRUCTURE:0.5029992623266945
C_PIECECOORDINATION:0.5021470694986049
C_ROOKANDPAWNMOVEMENT:0.5021470694986049
C_CENTERCONTROL:0.48982807180138055
C_DEVELOPPIECES:0.5107865463184259
C_MATERIAL:0.5211033909722077
C_MOVECOUNT:0.4878280240129132
