ELO:996
CE_PASSEDPAWNS:0.49353007754849876
CE_PAWNWEAKNESSES:0.49035419767430993
CE_PIECEACTIVITY:0.5029606508645643
CE_KINGPAWNSHIELD:0.51907164250036
CE_PIECECOORDINATION:0.48472956656577965
CE_MATERIAL:0.5017213151744527
CE_KINGSAFETY:0.488292797953137
C_PIECESQUARETABLES:0.4859943138240833
C_MOBILITY:0.49794092903803655
C_KINGSAFETY:0.5019318139380281
C_PAWNSTRUCTURE:0.5009265121173306
C_PIECECOORDINATION:0.4841265901671986
C_ROOK:0.49856187772953753
CE_ROOK:0.4832509144402729
C_CENTERCONTROL:0.5167988469754489
C_DEVELOPPIECES:0.5129716782049701
C_MATERIAL:0.4806438363544808
C_MOVECOUNT:0.46993087276313494
C_PAWNMOVEMENT:0.48049895484365346
