ELO:886
CE_PASSEDPAWNS:0.5135585835987876
CE_PAWNWEAKNESSES:0.5218906678382571
CE_PIECEACTIVITY:0.526891176582832
CE_KINGPAWNSHIELD:0.47341729253900056
CE_PIECECOORDINATION:0.4819895519941342
CE_MATERIAL:0.5388190827304733
CE_KINGSAFETY:0.4947574958419321
C_PIECESQUARETABLES:0.48418171075183397
C_MOBILITY:0.4698825257222102
C_KINGSAFETY:0.525441597208744
C_PAWNSTRUCTURE:0.5291229160290394
C_PIECECOORDINATION:0.5179112928520234
C_ROOK:0.4195309195032496
CE_ROOK:0.5256465642741631
C_CENTERCONTROL:0.4957005592707752
C_DEVELOPPIECES:0.5272338774033322
C_MATERIAL:0.5148921590394298
C_MOVECOUNT:0.4066206941771342
C_PAWNMOVEMENT:0.5380259195130906
