ELO:1011
CE_PASSEDPAWNS:0.5064244623209533
CE_PAWNWEAKNESSES:0.5
CE_PIECEACTIVITY:0.5
CE_KINGPAWNSHIELD:0.5122644777985444
CE_PIECECOORDINATION:0.5
CE_MATERIAL:0.5120127347614555
CE_KINGSAFETY:0.48614939062812884
C_PIECESQUARETABLES:0.49839503970746507
C_MOBILITY:0.5059011972723587
C_KINGSAFETY:0.5
C_PAWNSTRUCTURE:0.5110830214679712
C_PIECECOORDINATION:0.5
C_ROOKANDPAWNMOVEMENT:0.5
C_CENTERCONTROL:0.5
C_DEVELOPPIECES:0.5
C_MATERIAL:0.5
