ELO:714
CE_PASSEDPAWNS:0.5009431850589628
CE_PAWNWEAKNESSES:0.4853267251677592
CE_PIECEACTIVITY:0.5124810159457873
CE_KINGPAWNSHIELD:0.49883421974258957
CE_PIECECOORDINATION:0.4146189313139388
CE_MATERIAL:0.5495519491495091
CE_KINGSAFETY:0.4695678555531625
C_PIECESQUARETABLES:0.45514867103800527
C_MOBILITY:0.640878453443368
C_KINGSAFETY:0.5448334880385283
C_PAWNSTRUCTURE:0.5225955994794546
C_PIECECOORDINATION:0.47305039536339066
C_ROOKANDPAWNMOVEMENT:0.47305039536339066
C_CENTERCONTROL:0.47768752406707443
C_DEVELOPPIECES:0.5888816598093747
C_MATERIAL:0.44476418401422513
C_MOVECOUNT:0.5
