ELO:1026
CE_PASSEDPAWNS:0.3995168241516531
CE_PAWNWEAKNESSES:0.47932294644130446
CE_PIECEACTIVITY:0.6108596389132268
CE_KINGPAWNSHIELD:0.5415733182702747
CE_PIECECOORDINATION:0.5088571603783693
CE_MATERIAL:0.4805143991645288
CE_KINGSAFETY:0.5
C_PIECESQUARETABLES:0.5
C_MOBILITY:0.6038939416918466
C_KINGSAFETY:0.5822577691948871
C_PAWNSTRUCTURE:0.527060557227316
C_PIECECOORDINATION:0.5222801717845803
C_ROOKANDPAWNMOVEMENT:0.5222801717845803
C_CENTERCONTROL:0.48768030085057196
C_DEVELOPPIECES:0.4896568891429257
C_MATERIAL:0.5260054801239761
