ELO:958
CE_PASSEDPAWNS:0.5175737029188493
CE_PAWNWEAKNESSES:0.4323703232467643
CE_PIECEACTIVITY:0.5298338863035098
CE_KINGPAWNSHIELD:0.6025661496988982
CE_PIECECOORDINATION:0.5480511978308094
CE_MATERIAL:0.4607051173031491
CE_KINGSAFETY:0.5
C_PIECESQUARETABLES:0.49811505640537823
C_MOBILITY:0.4073151664734415
C_KINGSAFETY:0.4470511409151663
C_PAWNSTRUCTURE:0.45002323855506304
C_PIECECOORDINATION:0.4528222585828549
C_ROOKANDPAWNMOVEMENT:0.4528222585828549
C_CENTERCONTROL:0.5721352847337364
C_DEVELOPPIECES:0.4887439044697277
C_MATERIAL:0.5123148551177152
