ELO:990
CE_PASSEDPAWNS:0.3888116440030625
CE_PAWNWEAKNESSES:0.45008554532495343
CE_PIECEACTIVITY:0.5079089744217373
CE_KINGPAWNSHIELD:0.4969112771905379
CE_PIECECOORDINATION:0.6073090035028212
CE_MATERIAL:0.4240920156565914
CE_KINGSAFETY:0.4903658478853706
C_PIECESQUARETABLES:0.4920907696034778
C_MOBILITY:0.6096578501700374
C_KINGSAFETY:0.5735320334538593
C_PAWNSTRUCTURE:0.6297946189252975
C_PIECECOORDINATION:0.6213294850019804
C_ROOKANDPAWNMOVEMENT:0.6213294850019804
C_CENTERCONTROL:0.38144495544683604
C_DEVELOPPIECES:0.5528173797779841
C_MATERIAL:0.5866536899795093
