ELO:800
CE_PASSEDPAWNS:0.4642060610035191
CE_PAWNWEAKNESSES:0.47164333929044955
CE_PIECEACTIVITY:0.5249143522653982
CE_KINGPAWNSHIELD:0.5116063627448679
CE_PIECECOORDINATION:0.43647692297559276
CE_MATERIAL:0.5098807676191445
CE_KINGSAFETY:0.4615285327032616
C_PIECESQUARETABLES:0.4844479190553548
C_MOBILITY:0.6192111978581104
C_KINGSAFETY:0.5295247619139553
C_PAWNSTRUCTURE:0.5252968449418561
C_PIECECOORDINATION:0.46403171589108716
C_ROOKANDPAWNMOVEMENT:0.46403171589108716
C_CENTERCONTROL:0.4691455396106222
C_DEVELOPPIECES:0.5416991277901697
C_MATERIAL:0.47358245374976327
C_MOVECOUNT:0.5
