ELO:946
CE_PASSEDPAWNS:0.3928196604140137
CE_PAWNWEAKNESSES:0.5563293793172177
CE_PIECEACTIVITY:0.45260273161251546
CE_KINGPAWNSHIELD:0.39448555661624196
CE_PIECECOORDINATION:0.6839727267084875
CE_MATERIAL:0.38559934484961755
CE_KINGSAFETY:0.5350493659688099
C_PIECESQUARETABLES:0.5051959364066418
C_MOBILITY:0.4851171294396154
C_KINGSAFETY:0.37360153399675444
C_PAWNSTRUCTURE:0.4853910737984602
C_PIECECOORDINATION:0.5272857107399547
C_ROOKANDPAWNMOVEMENT:0.5272857107399547
C_CENTERCONTROL:0.4890258881639774
C_DEVELOPPIECES:0.4226927039275451
C_MATERIAL:0.4143282197967104
