ELO:620
CE_PASSEDPAWNS:0.5082330489604954
CE_PAWNWEAKNESSES:0.5549805545389158
CE_PIECEACTIVITY:0.48736150934441824
CE_KINGPAWNSHIELD:0.5028190821650746
CE_PIECECOORDINATION:0.44468375003696914
CE_MATERIAL:0.477707038469311
CE_KINGSAFETY:0.4983946533194183
C_PIECESQUARETABLES:0.48657930706830577
C_MOBILITY:0.6238221504382603
C_KINGSAFETY:0.5425282422736115
C_PAWNSTRUCTURE:0.5444543214412999
C_PIECECOORDINATION:0.47728527508408375
C_ROOKANDPAWNMOVEMENT:0.47728527508408375
C_CENTERCONTROL:0.48157923532633834
C_DEVELOPPIECES:0.5344929766512123
C_MATERIAL:0.3963986783614768
C_MOVECOUNT:0.5264563737703898
