ELO:1000
CE_PASSEDPAWNS:0.5
CE_PAWNWEAKNESSES:0.5119369569846138
CE_PIECEACTIVITY:0.5011043370306753
CE_KINGPAWNSHIELD:0.5118276331437354
CE_PIECECOORDINATION:0.4886958627432389
CE_MATERIAL:0.49874822807972724
CE_KINGSAFETY:0.4997947755466101
C_PIECESQUARETABLES:0.5
C_MOBILITY:0.49653192272836505
C_KINGSAFETY:0.49194869983356226
C_PAWNSTRUCTURE:0.4958182548626254
C_PIECECOORDINATION:0.49327950799401654
C_ROOK:0.5
CE_ROOK:0.49252073641771904
C_CENTERCONTROL:0.5118036216510295
C_DEVELOPPIECES:0.5082709650252771
C_MATERIAL:0.4806438363544808
C_MOVECOUNT:0.48981141652447396
C_PAWNMOVEMENT:0.5015294772656335
