ELO:1042
CE_PASSEDPAWNS:0.5093012095274201
CE_PAWNWEAKNESSES:0.49258512906704904
CE_PIECEACTIVITY:0.5094624858988768
CE_KINGPAWNSHIELD:0.5078018087242399
CE_PIECECOORDINATION:0.498132149773996
CE_MATERIAL:0.5
CE_KINGSAFETY:0.5
C_PIECESQUARETABLES:0.5
C_MOBILITY:0.5
C_KINGSAFETY:0.5
C_PAWNSTRUCTURE:0.5062333264723871
C_PIECECOORDINATION:0.5084957328998029
C_ROOKANDPAWNMOVEMENT:0.5084957328998029
C_CENTERCONTROL:0.4960777410320546
C_DEVELOPPIECES:0.5176184565058554
C_MATERIAL:0.49923350388631776
C_MOVECOUNT:0.4949015510138922
