ELO:909
CE_PASSEDPAWNS:0.4768083130404683
CE_PAWNWEAKNESSES:0.4596568903918113
CE_PIECEACTIVITY:0.567100438396047
CE_KINGPAWNSHIELD:0.4324991548518515
CE_PIECECOORDINATION:0.5287894183343451
CE_MATERIAL:0.49462649081413673
CE_KINGSAFETY:0.4799257775115076
C_PIECESQUARETABLES:0.516369833625259
C_MOBILITY:0.5287570159688488
C_KINGSAFETY:0.39703089895097793
C_PAWNSTRUCTURE:0.5110837165457115
C_PIECECOORDINATION:0.4295886235112538
C_ROOKANDPAWNMOVEMENT:0.4295886235112538
C_CENTERCONTROL:0.45833430417316634
C_DEVELOPPIECES:0.4274005099046537
C_MATERIAL:0.5006810579147842
