ELO:1000
CE_PASSEDPAWNS:0.47850509048857554
CE_PAWNWEAKNESSES:0.48689202761430384
CE_PIECEACTIVITY:0.4815281185087676
CE_KINGPAWNSHIELD:0.44204921754507964
CE_PIECECOORDINATION:0.5506395393381144
CE_MATERIAL:0.5503511838418329
CE_KINGSAFETY:0.46526224085548545
C_PIECESQUARETABLES:0.5059214204852134
C_MOBILITY:0.5816332642485412
C_KINGSAFETY:0.4451980766783821
C_PAWNSTRUCTURE:0.5086053154800442
C_PIECECOORDINATION:0.5205043679793818
C_ROOKANDPAWNMOVEMENT:0.5205043679793818
C_CENTERCONTROL:0.5015792651803576
C_DEVELOPPIECES:0.45554865012854806
C_MATERIAL:0.4695258334583839
