ELO:994
CE_PASSEDPAWNS:0.5
CE_PAWNWEAKNESSES:0.4966492522270337
CE_PIECEACTIVITY:0.5
CE_KINGPAWNSHIELD:0.5080543482057327
CE_PIECECOORDINATION:0.5106555214060136
CE_MATERIAL:0.4897051846952114
CE_KINGSAFETY:0.5
C_PIECESQUARETABLES:0.5
C_MOBILITY:0.5
C_KINGSAFETY:0.5
C_PAWNSTRUCTURE:0.5173661267124599
C_PIECECOORDINATION:0.5147901901385286
C_ROOKANDPAWNMOVEMENT:0.5147901901385286
C_CENTERCONTROL:0.49446353924374936
C_DEVELOPPIECES:0.4991953500674397
C_MATERIAL:0.49496096126013833
C_MOVECOUNT:0.5029635196717005
