ELO:1000
CE_PASSEDPAWNS:0.5089929149554545
CE_PAWNWEAKNESSES:0.5101022512936937
CE_PIECEACTIVITY:0.4937471772298165
CE_KINGPAWNSHIELD:0.5109942939856215
CE_PIECECOORDINATION:0.490953613036187
CE_MATERIAL:0.5
CE_KINGSAFETY:0.5107068583453308
C_PIECESQUARETABLES:0.501254739272833
C_MOBILITY:0.4883953740985103
C_KINGSAFETY:0.5122417498664852
C_PAWNSTRUCTURE:0.5
C_PIECECOORDINATION:0.5067247572584257
C_ROOKANDPAWNMOVEMENT:0.5067247572584257
C_CENTERCONTROL:0.5118986240848201
C_DEVELOPPIECES:0.4842397173116236
C_MATERIAL:0.5074607207480838
