ELO:1000
CE_PASSEDPAWNS:0.5025018887446441
CE_PAWNWEAKNESSES:0.5101022512936937
CE_PIECEACTIVITY:0.4937471772298165
CE_KINGPAWNSHIELD:0.5109942939856215
CE_PIECECOORDINATION:0.4821596855222096
CE_MATERIAL:0.5
CE_KINGSAFETY:0.5107068583453308
C_PIECESQUARETABLES:0.501254739272833
C_MOBILITY:0.4815999717568091
C_KINGSAFETY:0.5122417498664852
C_PAWNSTRUCTURE:0.5012414705926821
C_PIECECOORDINATION:0.5117502356950875
C_ROOKANDPAWNMOVEMENT:0.5117502356950875
C_CENTERCONTROL:0.5118986240848201
C_DEVELOPPIECES:0.47440257994234125
C_MATERIAL:0.505363912183489
