ELO:1000
CE_PASSEDPAWNS:0.4845189878223153
CE_PAWNWEAKNESSES:0.490630077988684
CE_PIECEACTIVITY:0.4836822865874034
CE_KINGPAWNSHIELD:0.5555679408095755
CE_PIECECOORDINATION:0.4940498391366571
CE_MATERIAL:0.46943348531294515
CE_KINGSAFETY:0.50735359805068
C_PIECESQUARETABLES:0.4971658948809559
C_MOBILITY:0.5246137061056781
C_KINGSAFETY:0.4890203388730541
C_PAWNSTRUCTURE:0.49149440592430005
C_PIECECOORDINATION:0.5027938043426993
C_ROOKANDPAWNMOVEMENT:0.5027938043426993
C_CENTERCONTROL:0.5061843003703241
C_DEVELOPPIECES:0.4778075409762058
C_MATERIAL:0.5375066018401574
