ELO:989
CE_PASSEDPAWNS:0.39645950946789865
CE_PAWNWEAKNESSES:0.4423906217238922
CE_PIECEACTIVITY:0.5031182424775079
CE_KINGPAWNSHIELD:0.491660480279344
CE_PIECECOORDINATION:0.6210677905383472
CE_MATERIAL:0.4089607917343572
CE_KINGSAFETY:0.5
C_PIECESQUARETABLES:0.4927406223130645
C_MOBILITY:0.6106431556756368
C_KINGSAFETY:0.5660506991076752
C_PAWNSTRUCTURE:0.62436365227218
C_PIECECOORDINATION:0.6223333653862806
C_ROOKANDPAWNMOVEMENT:0.6223333653862806
C_CENTERCONTROL:0.3791738811592719
C_DEVELOPPIECES:0.5484506469258296
C_MATERIAL:0.5866536899795093
