ELO:929
CE_PASSEDPAWNS:0.4959687583937384
CE_PAWNWEAKNESSES:0.5164098954295264
CE_PIECEACTIVITY:0.5191675230717641
CE_KINGPAWNSHIELD:0.49728641865381273
CE_PIECECOORDINATION:0.48571806469857887
CE_MATERIAL:0.5350828384751856
CE_KINGSAFETY:0.5052213565380808
C_PIECESQUARETABLES:0.5450133926013111
C_MOBILITY:0.4731849601446404
C_KINGSAFETY:0.5352773378821396
C_PAWNSTRUCTURE:0.5501209737198701
C_PIECECOORDINATION:0.5277236343160843
C_ROOKANDPAWNMOVEMENT:0.5277236343160843
C_CENTERCONTROL:0.4815747406136629
C_DEVELOPPIECES:0.509951056527038
C_MATERIAL:0.5087649393616823
C_MOVECOUNT:0.4946925522025776
