ELO:867
CE_PASSEDPAWNS:0.5393364663719039
CE_PAWNWEAKNESSES:0.5005002701625201
CE_PIECEACTIVITY:0.5393160294091291
CE_KINGPAWNSHIELD:0.47974518455044796
CE_PIECECOORDINATION:0.4695464246579925
CE_MATERIAL:0.4670683324706639
CE_KINGSAFETY:0.501552521780061
C_PIECESQUARETABLES:0.4998142784801929
C_MOBILITY:0.498316488523097
C_KINGSAFETY:0.4588072499694505
C_PAWNSTRUCTURE:0.48865025427002745
C_PIECECOORDINATION:0.4811088339843843
C_ROOKANDPAWNMOVEMENT:0.4811088339843843
C_CENTERCONTROL:0.4913336391560736
C_DEVELOPPIECES:0.4776693501919202
C_MATERIAL:0.46488667962013325
C_MOVECOUNT:0.5
