ELO:1000
CE_PASSEDPAWNS:0.47170121039955537
CE_PAWNWEAKNESSES:0.49927997483152814
CE_PIECEACTIVITY:0.5015394903903568
CE_KINGPAWNSHIELD:0.4774582030786319
CE_PIECECOORDINATION:0.4945806062619504
CE_MATERIAL:0.5394711384880739
CE_KINGSAFETY:0.5063785660269977
C_PIECESQUARETABLES:0.5130423612013798
C_MOBILITY:0.49159798064129356
C_KINGSAFETY:0.44600309704533414
C_PAWNSTRUCTURE:0.5047278262789747
C_PIECECOORDINATION:0.4579215335478597
C_ROOKANDPAWNMOVEMENT:0.4579215335478597
C_CENTERCONTROL:0.4643508773319561
C_DEVELOPPIECES:0.4610796474366086
C_MATERIAL:0.4703612997077186
