ELO:982
CE_PASSEDPAWNS:0.47954268039312525
CE_PAWNWEAKNESSES:0.5045766810459342
CE_PIECEACTIVITY:0.4959678937183714
CE_KINGPAWNSHIELD:0.5060758151322967
CE_PIECECOORDINATION:0.4781385754530653
CE_MATERIAL:0.4957287240008999
CE_KINGSAFETY:0.4915173425059503
C_PIECESQUARETABLES:0.49265524075982536
C_MOBILITY:0.49711210049688825
C_KINGSAFETY:0.4865901664731366
C_PAWNSTRUCTURE:0.4923369561060396
C_PIECECOORDINATION:0.48779362824830225
C_ROOKANDPAWNMOVEMENT:0.48779362824830225
C_CENTERCONTROL:0.5089610451852093
C_DEVELOPPIECES:0.48766709280018705
C_MATERIAL:0.49867006195495966
