ELO:886
CE_PASSEDPAWNS:0.5006622813822404
CE_PAWNWEAKNESSES:0.5142021921336194
CE_PIECEACTIVITY:0.5324646349812995
CE_KINGPAWNSHIELD:0.4930350443998686
CE_PIECECOORDINATION:0.4966595933062399
CE_MATERIAL:0.49244904898470226
CE_KINGSAFETY:0.4980598109453754
C_PIECESQUARETABLES:0.5284422574764671
C_MOBILITY:0.46896438273200686
C_KINGSAFETY:0.5357787253492038
C_PAWNSTRUCTURE:0.5473261114863659
C_PIECECOORDINATION:0.5463398519319649
C_ROOKANDPAWNMOVEMENT:0.5463398519319649
C_CENTERCONTROL:0.48116240648388886
C_DEVELOPPIECES:0.49163708173966053
C_MATERIAL:0.5176113677616262
C_MOVECOUNT:0.4993578288662431
