ELO:908
CE_PASSEDPAWNS:0.5011796200030438
CE_PAWNWEAKNESSES:0.4907868713788498
CE_PIECEACTIVITY:0.52197352627588
CE_KINGPAWNSHIELD:0.4646816805204943
CE_PIECECOORDINATION:0.4586775414288191
CE_MATERIAL:0.5394955050408882
CE_KINGSAFETY:0.5118122506478192
C_PIECESQUARETABLES:0.48333163320428313
C_MOBILITY:0.47533945077006784
C_KINGSAFETY:0.5116417976866636
C_PAWNSTRUCTURE:0.5329805403596726
C_PIECECOORDINATION:0.5169885077898876
C_ROOK:0.42758106752044595
CE_ROOK:0.5176951050750508
C_CENTERCONTROL:0.4892855985808237
C_DEVELOPPIECES:0.5028623488413521
C_MATERIAL:0.4890298347752285
C_MOVECOUNT:0.44184587764859895
C_PAWNMOVEMENT:0.5109087162227233
