ELO:909
CE_PASSEDPAWNS:0.5617372436610673
CE_PAWNWEAKNESSES:0.4374486719418157
CE_PIECEACTIVITY:0.47766317077195974
CE_KINGPAWNSHIELD:0.59050522572831
CE_PIECECOORDINATION:0.49786569076874876
CE_MATERIAL:0.46889799615802047
CE_KINGSAFETY:0.5084136033705091
C_PIECESQUARETABLES:0.5615188514689928
C_MOBILITY:0.4502488942141016
C_KINGSAFETY:0.4565348530221769
C_PAWNSTRUCTURE:0.4169317323611063
C_PIECECOORDINATION:0.43360362141965003
C_ROOKANDPAWNMOVEMENT:0.43360362141965003
C_CENTERCONTROL:0.5727956639327186
C_DEVELOPPIECES:0.5096658193386695
C_MATERIAL:0.49028404464817815
