ELO:941
CE_PASSEDPAWNS:0.49389645573878055
CE_PAWNWEAKNESSES:0.5042536375774836
CE_PIECEACTIVITY:0.5453050560857766
CE_KINGPAWNSHIELD:0.40317823958506727
CE_PIECECOORDINATION:0.505413370051015
CE_MATERIAL:0.532426843389263
CE_KINGSAFETY:0.5043934023451646
C_PIECESQUARETABLES:0.5004492343897091
C_MOBILITY:0.5262620065795139
C_KINGSAFETY:0.40271282632336736
C_PAWNSTRUCTURE:0.4835168062603852
C_PIECECOORDINATION:0.4477902896231036
C_ROOKANDPAWNMOVEMENT:0.4477902896231036
C_CENTERCONTROL:0.5161776853570915
C_DEVELOPPIECES:0.42687791987416895
C_MATERIAL:0.4689368825214503
