ELO:1000
CE_PASSEDPAWNS:0.4830993518705734
CE_PAWNWEAKNESSES:0.4833534406872022
CE_PIECEACTIVITY:0.5054852851495217
CE_KINGPAWNSHIELD:0.48110936608756466
CE_PIECECOORDINATION:0.4681449416624516
CE_MATERIAL:0.5121612238642698
CE_KINGSAFETY:0.5133985499810101
C_PIECESQUARETABLES:0.5188375427424983
C_MOBILITY:0.512040166581402
C_KINGSAFETY:0.4680555803517589
C_PAWNSTRUCTURE:0.5054610016752007
C_PIECECOORDINATION:0.49771049134495715
C_ROOKANDPAWNMOVEMENT:0.49771049134495715
C_CENTERCONTROL:0.4733732474288194
C_DEVELOPPIECES:0.4898174309280944
C_MATERIAL:0.5121829543579447
