ELO:1000
CE_PASSEDPAWNS:0.5120340844378097
CE_PAWNWEAKNESSES:0.49954793767060013
CE_PIECEACTIVITY:0.4808955337316057
CE_KINGPAWNSHIELD:0.4992758593701388
CE_PIECECOORDINATION:0.5025224543779506
CE_MATERIAL:0.49804324905665276
CE_KINGSAFETY:0.49647844789960127
C_PIECESQUARETABLES:0.5145052689278293
C_MOBILITY:0.4478743013686437
C_KINGSAFETY:0.49756475486799173
C_PAWNSTRUCTURE:0.5146081623923728
C_PIECECOORDINATION:0.5274905715965407
C_ROOKANDPAWNMOVEMENT:0.5274905715965407
C_CENTERCONTROL:0.5109924373320082
C_DEVELOPPIECES:0.5066182276163969
C_MATERIAL:0.49855085716474173
