ELO:1019
CE_PASSEDPAWNS:0.5
CE_PAWNWEAKNESSES:0.5099828926725992
CE_PIECEACTIVITY:0.5
CE_KINGPAWNSHIELD:0.5
CE_PIECECOORDINATION:0.5005532687866822
CE_MATERIAL:0.4872266464683663
CE_KINGSAFETY:0.5
C_PIECESQUARETABLES:0.5
C_MOBILITY:0.5
C_KINGSAFETY:0.4982608108028751
C_PAWNSTRUCTURE:0.490969399161985
C_PIECECOORDINATION:0.49001660855575163
C_ROOKANDPAWNMOVEMENT:0.49001660855575163
C_CENTERCONTROL:0.4859927093774713
C_DEVELOPPIECES:0.5066179601848544
C_MATERIAL:0.4885114675110489
C_MOVECOUNT:0.4941211558133901
