ELO:972
CE_PASSEDPAWNS:0.5278256818292824
CE_PAWNWEAKNESSES:0.5
CE_PIECEACTIVITY:0.5056604743846023
CE_KINGPAWNSHIELD:0.51392830330619
CE_PIECECOORDINATION:0.49356302234718286
CE_MATERIAL:0.5
CE_KINGSAFETY:0.49376477081933845
C_PIECESQUARETABLES:0.4986190040921659
C_MOBILITY:0.5
C_KINGSAFETY:0.4982608108028751
C_PAWNSTRUCTURE:0.49360597453565286
C_PIECECOORDINATION:0.5103731015503723
C_ROOKANDPAWNMOVEMENT:0.5103731015503723
C_CENTERCONTROL:0.5
C_DEVELOPPIECES:0.49219289247013864
C_MATERIAL:0.5
C_MOVECOUNT:0.5095103840521787
