ELO:1000
CE_PASSEDPAWNS:0.4901717131103188
CE_PAWNWEAKNESSES:0.5
CE_PIECEACTIVITY:0.5110814642242385
CE_KINGPAWNSHIELD:0.5
CE_PIECECOORDINATION:0.5
CE_MATERIAL:0.5
CE_KINGSAFETY:0.506635925139396
C_PIECESQUARETABLES:0.5
C_MOBILITY:0.4978606504885207
C_KINGSAFETY:0.4818195676296648
C_PAWNSTRUCTURE:0.5027901844144096
C_PIECECOORDINATION:0.5
C_ROOK:0.4895517282478714
CE_ROOK:0.491929822666541
C_CENTERCONTROL:0.49548947231830887
C_DEVELOPPIECES:0.5
C_MATERIAL:0.4989513723640703
C_MOVECOUNT:0.5199814127144777
C_PAWNMOVEMENT:0.5111555009203634
