ELO:717
CE_PASSEDPAWNS:0.628442590129619
CE_PAWNWEAKNESSES:0.5490111708659664
CE_PIECEACTIVITY:0.5388589533452032
CE_KINGPAWNSHIELD:0.5170714331950423
CE_PIECECOORDINATION:0.5445703498511335
CE_MATERIAL:0.6120355529204866
CE_KINGSAFETY:0.5250038901076491
C_PIECESQUARETABLES:0.5297103534805357
C_MOBILITY:0.5091541330933586
C_KINGSAFETY:0.47124302221409825
C_PAWNSTRUCTURE:0.5072954239118518
C_PIECECOORDINATION:0.6256308075201077
C_ROOKANDPAWNMOVEMENT:0.6256308075201077
C_CENTERCONTROL:0.42917740521041553
C_DEVELOPPIECES:0.5080297119689862
C_MATERIAL:0.5293390375478157
C_MOVECOUNT:0.4973122036733632
