ELO:933
CE_PASSEDPAWNS:0.4044616470580461
CE_PAWNWEAKNESSES:0.5198349689837014
CE_PIECEACTIVITY:0.670492141477175
CE_KINGPAWNSHIELD:0.42297338574304133
CE_PIECECOORDINATION:0.5626393282077683
CE_MATERIAL:0.4578532801873159
CE_KINGSAFETY:0.5300731911767643
C_PIECESQUARETABLES:0.5068564117368752
C_MOBILITY:0.503260456109208
C_KINGSAFETY:0.44487637723194784
C_PAWNSTRUCTURE:0.4351131711281087
C_PIECECOORDINATION:0.5884329052324374
C_ROOKANDPAWNMOVEMENT:0.5884329052324374
C_CENTERCONTROL:0.4691576990249015
C_DEVELOPPIECES:0.46988375599557886
C_MATERIAL:0.4364575783312259
