ELO:924
CE_PASSEDPAWNS:0.41676787238795493
CE_PAWNWEAKNESSES:0.5241481709261735
CE_PIECEACTIVITY:0.6718105149295608
CE_KINGPAWNSHIELD:0.42297338574304133
CE_PIECECOORDINATION:0.5863202920242483
CE_MATERIAL:0.4451539568140896
CE_KINGSAFETY:0.5158507812803641
C_PIECESQUARETABLES:0.4878561869227649
C_MOBILITY:0.5027782283357229
C_KINGSAFETY:0.44172334933782703
C_PAWNSTRUCTURE:0.4348086063560241
C_PIECECOORDINATION:0.5760066365601276
C_ROOKANDPAWNMOVEMENT:0.5760066365601276
C_CENTERCONTROL:0.47257578911554654
C_DEVELOPPIECES:0.4782602185888115
C_MATERIAL:0.4265047505453544
