ELO:1046
CE_PASSEDPAWNS:0.5
CE_PAWNWEAKNESSES:0.4897808099538292
CE_PIECEACTIVITY:0.4736586463170317
CE_KINGPAWNSHIELD:0.4969798661447649
CE_PIECECOORDINATION:0.5
CE_MATERIAL:0.5193978380187424
CE_KINGSAFETY:0.4972157152689318
C_PIECESQUARETABLES:0.5
C_MOBILITY:0.4940372034348175
C_KINGSAFETY:0.5
C_PAWNSTRUCTURE:0.5
C_PIECECOORDINATION:0.5
C_ROOK:0.5
CE_ROOK:0.5230640347302772
C_CENTERCONTROL:0.5069521554527497
C_DEVELOPPIECES:0.4957005523986174
C_MATERIAL:0.502392490773509
C_MOVECOUNT:0.5107801568527933
C_PAWNMOVEMENT:0.49672050284925356
