ELO:1000
CE_PASSEDPAWNS:0.49200837997703073
CE_PAWNWEAKNESSES:0.46921464369808735
CE_PIECEACTIVITY:0.47609869643101504
CE_KINGPAWNSHIELD:0.5235123132392298
CE_PIECECOORDINATION:0.4935703382846824
CE_MATERIAL:0.4978971876310504
CE_KINGSAFETY:0.49643785513344224
C_PIECESQUARETABLES:0.5112430355209996
C_MOBILITY:0.48674923063956566
C_KINGSAFETY:0.4765504809022231
C_PAWNSTRUCTURE:0.506466319969358
C_PIECECOORDINATION:0.4991640595345535
C_ROOKANDPAWNMOVEMENT:0.4991640595345535
C_CENTERCONTROL:0.5109101373263869
C_DEVELOPPIECES:0.5151660554122522
C_MATERIAL:0.5069204126409151
