ELO:1000
CE_PASSEDPAWNS:0.4965301406966984
CE_PAWNWEAKNESSES:0.4306230973250638
CE_PIECEACTIVITY:0.4596377065258005
CE_KINGPAWNSHIELD:0.5166767952643336
CE_PIECECOORDINATION:0.468923378479667
CE_MATERIAL:0.49022704738097284
CE_KINGSAFETY:0.5
C_PIECESQUARETABLES:0.5
C_MOBILITY:0.48279332343805303
C_KINGSAFETY:0.47129451209457623
C_PAWNSTRUCTURE:0.49591518523929057
C_PIECECOORDINATION:0.5288641589650721
C_ROOKANDPAWNMOVEMENT:0.5288641589650721
C_CENTERCONTROL:0.5104875772582771
C_DEVELOPPIECES:0.5079981222771405
C_MATERIAL:0.47769688452134784
