ELO:982
CE_PASSEDPAWNS:0.4940646122513127
CE_PAWNWEAKNESSES:0.5
CE_PIECEACTIVITY:0.4924604796885787
CE_KINGPAWNSHIELD:0.5331451385701008
CE_PIECECOORDINATION:0.49066594856274937
CE_MATERIAL:0.5183740055261032
CE_KINGSAFETY:0.5012181511274043
C_PIECESQUARETABLES:0.5151116128011429
C_MOBILITY:0.5037019757406153
C_KINGSAFETY:0.4991690320404121
C_PAWNSTRUCTURE:0.5
C_PIECECOORDINATION:0.4783374812178252
C_ROOKANDPAWNMOVEMENT:0.4783374812178252
C_CENTERCONTROL:0.4903912929612128
C_DEVELOPPIECES:0.5
C_MATERIAL:0.5059959647883384
C_MOVECOUNT:0.5
