ELO:998
CE_PASSEDPAWNS:0.49410265412736015
CE_PAWNWEAKNESSES:0.5085107309225682
CE_PIECEACTIVITY:0.5262043119629543
CE_KINGPAWNSHIELD:0.5055596437413508
CE_PIECECOORDINATION:0.479730202282924
CE_MATERIAL:0.5066327996226322
CE_KINGSAFETY:0.5123696694545647
C_PIECESQUARETABLES:0.5
C_MOBILITY:0.5038075054238668
C_KINGSAFETY:0.48535728372127596
C_PAWNSTRUCTURE:0.5129865503769775
C_PIECECOORDINATION:0.49904941706676437
C_ROOK:0.4846248399348143
CE_ROOK:0.48249700997216205
C_CENTERCONTROL:0.4943406239938229
C_DEVELOPPIECES:0.5116395575356835
C_MATERIAL:0.5090057414042534
C_MOVECOUNT:0.5128916866347227
C_PAWNMOVEMENT:0.4929192078266542
