ELO:1063
CE_PASSEDPAWNS:0.5
CE_PAWNWEAKNESSES:0.493748915200381
CE_PIECEACTIVITY:0.489851313010209
CE_KINGPAWNSHIELD:0.503739778800363
CE_PIECECOORDINATION:0.5
CE_MATERIAL:0.5070597999917758
CE_KINGSAFETY:0.5
C_PIECESQUARETABLES:0.5
C_MOBILITY:0.5
C_KINGSAFETY:0.501103301942584
C_PAWNSTRUCTURE:0.5
C_PIECECOORDINATION:0.4964026305359628
C_ROOKANDPAWNMOVEMENT:0.4964026305359628
C_CENTERCONTROL:0.5016551891089585
C_DEVELOPPIECES:0.5
C_MATERIAL:0.5027969421592168
C_MOVECOUNT:0.4974783423989626
