ELO:965
CE_PASSEDPAWNS:0.48248089370229
CE_PAWNWEAKNESSES:0.5377025665987047
CE_PIECEACTIVITY:0.42931222046788853
CE_KINGPAWNSHIELD:0.5427610847414537
CE_PIECECOORDINATION:0.4974921076917287
CE_MATERIAL:0.4352983751919719
CE_KINGSAFETY:0.5366523809476806
C_PIECESQUARETABLES:0.5
C_MOBILITY:0.42707119650261405
C_KINGSAFETY:0.3863153114154106
C_PAWNSTRUCTURE:0.5109805493040169
C_PIECECOORDINATION:0.49281500393056277
C_ROOKANDPAWNMOVEMENT:0.49281500393056277
C_CENTERCONTROL:0.4708519952170694
C_DEVELOPPIECES:0.35262453077601924
C_MATERIAL:0.5782662609839158
