ELO:1000
CE_PASSEDPAWNS:0.5607084605032217
CE_PAWNWEAKNESSES:0.48380763146183675
CE_PIECEACTIVITY:0.48150221950794775
CE_KINGPAWNSHIELD:0.5040048144819894
CE_PIECECOORDINATION:0.49972860917257406
CE_MATERIAL:0.49675305153852045
CE_KINGSAFETY:0.46309344383867823
C_PIECESQUARETABLES:0.5068556313752999
C_MOBILITY:0.48125489645788094
C_KINGSAFETY:0.5052672758978444
C_PAWNSTRUCTURE:0.5020480352621395
C_PIECECOORDINATION:0.5309491905341518
C_ROOKANDPAWNMOVEMENT:0.5309491905341518
C_CENTERCONTROL:0.5303783375732609
C_DEVELOPPIECES:0.49482966860935373
C_MATERIAL:0.4744758706806826
