ELO:829
CE_PASSEDPAWNS:0.5368394667596428
CE_PAWNWEAKNESSES:0.5532644438303446
CE_PIECEACTIVITY:0.4424198232902465
CE_KINGPAWNSHIELD:0.5284850193511894
CE_PIECECOORDINATION:0.5325696121211365
CE_MATERIAL:0.4888952763789464
CE_KINGSAFETY:0.49658934478422545
C_PIECESQUARETABLES:0.47459538202304785
C_MOBILITY:0.4072162925531407
C_KINGSAFETY:0.411414892670764
C_PAWNSTRUCTURE:0.5436787623754291
C_PIECECOORDINATION:0.49102577005508036
C_ROOKANDPAWNMOVEMENT:0.49102577005508036
C_CENTERCONTROL:0.48337090997326526
C_DEVELOPPIECES:0.5351448280674151
C_MATERIAL:0.49718784761977636
C_MOVECOUNT:0.5
