ELO:1000
CE_PASSEDPAWNS:0.4933058564078685
CE_PAWNWEAKNESSES:0.48271338268578
CE_PIECEACTIVITY:0.4871761864086476
CE_KINGPAWNSHIELD:0.5113572802532659
CE_PIECECOORDINATION:0.49987607629259373
CE_MATERIAL:0.5033341901836975
CE_KINGSAFETY:0.4982859263282791
C_PIECESQUARETABLES:0.5202340856624216
C_MOBILITY:0.5
C_KINGSAFETY:0.499723203025161
C_PAWNSTRUCTURE:0.5
C_PIECECOORDINATION:0.5015307282565746
C_ROOKANDPAWNMOVEMENT:0.5015307282565746
C_CENTERCONTROL:0.5162230063104944
C_DEVELOPPIECES:0.5
C_MATERIAL:0.5029571129251423
