ELO:999
CE_PASSEDPAWNS:0.5778182337691903
CE_PAWNWEAKNESSES:0.4912765307508456
CE_PIECEACTIVITY:0.5015108563540682
CE_KINGPAWNSHIELD:0.5094131688172588
CE_PIECECOORDINATION:0.550762341431972
CE_MATERIAL:0.4518960141494869
CE_KINGSAFETY:0.5100645606314025
C_PIECESQUARETABLES:0.5081754616552104
C_MOBILITY:0.45037332116666556
C_KINGSAFETY:0.4931954803826701
C_PAWNSTRUCTURE:0.44207444201497403
C_PIECECOORDINATION:0.5269281476752165
C_ROOKANDPAWNMOVEMENT:0.5269281476752165
C_CENTERCONTROL:0.5244661812636893
C_DEVELOPPIECES:0.5149730171668103
C_MATERIAL:0.4714635691277573
