ELO:904
CE_PASSEDPAWNS:0.41338606746472967
CE_PAWNWEAKNESSES:0.4701267590970197
CE_PIECEACTIVITY:0.6878079802165922
CE_KINGPAWNSHIELD:0.4400137202578665
CE_PIECECOORDINATION:0.5688272503995107
CE_MATERIAL:0.4464651588536461
CE_KINGSAFETY:0.49740243503892095
C_PIECESQUARETABLES:0.46815968666300767
C_MOBILITY:0.5027111206203896
C_KINGSAFETY:0.447368384356833
C_PAWNSTRUCTURE:0.44286280669501854
C_PIECECOORDINATION:0.58926991791971
C_ROOKANDPAWNMOVEMENT:0.58926991791971
C_CENTERCONTROL:0.4898425196326849
C_DEVELOPPIECES:0.5161460670950212
C_MATERIAL:0.4153388441764586
