ELO:932
CE_PASSEDPAWNS:0.42338330653041756
CE_PAWNWEAKNESSES:0.42262441233290127
CE_PIECEACTIVITY:0.39537641963217757
CE_KINGPAWNSHIELD:0.5549660192466999
CE_PIECECOORDINATION:0.4810995054114075
CE_MATERIAL:0.5844577228216817
CE_KINGSAFETY:0.5066916086615751
C_PIECESQUARETABLES:0.46894263974561573
C_MOBILITY:0.4223742613190635
C_KINGSAFETY:0.42028852514403475
C_PAWNSTRUCTURE:0.48253095700866455
C_PIECECOORDINATION:0.4678501683120643
C_ROOKANDPAWNMOVEMENT:0.4678501683120643
C_CENTERCONTROL:0.5423816935258513
C_DEVELOPPIECES:0.41717720487363835
C_MATERIAL:0.3644017744635
