ELO:986
CE_PASSEDPAWNS:0.5013174329347957
CE_PAWNWEAKNESSES:0.5132213647318964
CE_PIECEACTIVITY:0.4875641031213212
CE_KINGPAWNSHIELD:0.5
CE_PIECECOORDINATION:0.5
CE_MATERIAL:0.5
CE_KINGSAFETY:0.5004973170802157
C_PIECESQUARETABLES:0.508958988754845
C_MOBILITY:0.5
C_KINGSAFETY:0.4843053504684197
C_PAWNSTRUCTURE:0.4937905614823912
C_PIECECOORDINATION:0.4873622858166983
C_ROOKANDPAWNMOVEMENT:0.4873622858166983
C_CENTERCONTROL:0.5137236118094751
C_DEVELOPPIECES:0.49555442383527953
C_MATERIAL:0.48955067959416276
C_MOVECOUNT:0.5
