ELO:843
CE_PASSEDPAWNS:0.5524205914529157
CE_PAWNWEAKNESSES:0.4632029141347742
CE_PIECEACTIVITY:0.522941561196084
CE_KINGPAWNSHIELD:0.5065707878735695
CE_PIECECOORDINATION:0.5349665907082266
CE_MATERIAL:0.6010941254576344
CE_KINGSAFETY:0.4607881351252565
C_PIECESQUARETABLES:0.4789742729046272
C_MOBILITY:0.4508314607142452
C_KINGSAFETY:0.5212037523085522
C_PAWNSTRUCTURE:0.4910381827966655
C_PIECECOORDINATION:0.5354225044359828
C_ROOKANDPAWNMOVEMENT:0.5354225044359828
C_CENTERCONTROL:0.4936819333710505
C_DEVELOPPIECES:0.5258018621817467
C_MATERIAL:0.49535083842165095
C_MOVECOUNT:0.5
