ELO:1005
CE_PASSEDPAWNS:0.5
CE_PAWNWEAKNESSES:0.5
CE_PIECEACTIVITY:0.5
CE_KINGPAWNSHIELD:0.5028850125653881
CE_PIECECOORDINATION:0.5027350814587145
CE_MATERIAL:0.5019000053278772
CE_KINGSAFETY:0.49018834241534015
C_PIECESQUARETABLES:0.4859290236059263
C_MOBILITY:0.5
C_KINGSAFETY:0.48813616268845966
C_PAWNSTRUCTURE:0.5047530186210029
C_PIECECOORDINATION:0.48483568098550467
C_ROOKANDPAWNMOVEMENT:0.48483568098550467
C_CENTERCONTROL:0.4949149710520171
C_DEVELOPPIECES:0.5
C_MATERIAL:0.4918892224823735
C_MOVECOUNT:0.5
