ELO:990
CE_PASSEDPAWNS:0.39792981371987557
CE_PAWNWEAKNESSES:0.4428008243198482
CE_PIECEACTIVITY:0.5055534717583172
CE_KINGPAWNSHIELD:0.4969112771905379
CE_PIECECOORDINATION:0.611009658716488
CE_MATERIAL:0.41237886705497595
CE_KINGSAFETY:0.5102704237149288
C_PIECESQUARETABLES:0.4879086379690629
C_MOBILITY:0.6106431556756368
C_KINGSAFETY:0.5742475742575268
C_PAWNSTRUCTURE:0.6150530424300729
C_PIECECOORDINATION:0.6238776838784431
C_ROOKANDPAWNMOVEMENT:0.6238776838784431
C_CENTERCONTROL:0.3791738811592719
C_DEVELOPPIECES:0.5528173797779841
C_MATERIAL:0.5866536899795093
