ELO:1000
CE_PASSEDPAWNS:0.5814823203204291
CE_PAWNWEAKNESSES:0.48092043805875095
CE_PIECEACTIVITY:0.4540798482866408
CE_KINGPAWNSHIELD:0.5037347044990055
CE_PIECECOORDINATION:0.536826407293565
CE_MATERIAL:0.5026244623326502
CE_KINGSAFETY:0.4515378403262661
C_PIECESQUARETABLES:0.5413193217056537
C_MOBILITY:0.5140955005215677
C_KINGSAFETY:0.48789298683346444
C_PAWNSTRUCTURE:0.5176559120078191
C_PIECECOORDINATION:0.5518882282752514
C_ROOKANDPAWNMOVEMENT:0.5518882282752514
C_CENTERCONTROL:0.5026919616388948
C_DEVELOPPIECES:0.4866984042491502
C_MATERIAL:0.49687870962940933
