ELO:943
CE_PASSEDPAWNS:0.4096339396511243
CE_PAWNWEAKNESSES:0.42976040024399115
CE_PIECEACTIVITY:0.3954654943526728
CE_KINGPAWNSHIELD:0.5743006866348284
CE_PIECECOORDINATION:0.5015327714982946
CE_MATERIAL:0.5656485147437517
CE_KINGSAFETY:0.5037947731112717
C_PIECESQUARETABLES:0.49919541775862036
C_MOBILITY:0.43439372747381527
C_KINGSAFETY:0.43813730486514546
C_PAWNSTRUCTURE:0.4761439528218295
C_PIECECOORDINATION:0.48791434965095054
C_ROOKANDPAWNMOVEMENT:0.48791434965095054
C_CENTERCONTROL:0.5298687893268152
C_DEVELOPPIECES:0.4065290636111416
C_MATERIAL:0.3651852749924511
