ELO:1110
CE_PASSEDPAWNS:0.6429740159779942
CE_PAWNWEAKNESSES:0.5942385255537602
CE_PIECEACTIVITY:0.47697011045171417
CE_KINGPAWNSHIELD:0.45453372915325807
CE_PIECECOORDINATION:0.5763533202797827
CE_MATERIAL:0.4429993774943819
CE_KINGSAFETY:0.49765203864330404
C_PIECESQUARETABLES:0.5
C_MOBILITY:0.5335361914694342
C_KINGSAFETY:0.6375478447161276
C_PAWNSTRUCTURE:0.40548772147715195
C_PIECECOORDINATION:0.4711961303337697
C_ROOKANDPAWNMOVEMENT:0.4711961303337697
C_CENTERCONTROL:0.4989761242040538
C_DEVELOPPIECES:0.5034004472324135
C_MATERIAL:0.3847798461631917
