ELO:894
CE_PASSEDPAWNS:0.426808191814976
CE_PAWNWEAKNESSES:0.46902527744333866
CE_PIECEACTIVITY:0.7135886859852101
CE_KINGPAWNSHIELD:0.45940341887619685
CE_PIECECOORDINATION:0.5931239556447475
CE_MATERIAL:0.442912218891408
CE_KINGSAFETY:0.49164604497431824
C_PIECESQUARETABLES:0.4670327046376246
C_MOBILITY:0.5022584454991247
C_KINGSAFETY:0.4230526250126291
C_PAWNSTRUCTURE:0.428432606445285
C_PIECECOORDINATION:0.5873550722891625
C_ROOKANDPAWNMOVEMENT:0.5873550722891625
C_CENTERCONTROL:0.47931409177125006
C_DEVELOPPIECES:0.5099132304539709
C_MATERIAL:0.43016714330098654
