ELO:969
CE_PASSEDPAWNS:0.41619795050706854
CE_PAWNWEAKNESSES:0.49126632512884927
CE_PIECEACTIVITY:0.6494065992580912
CE_KINGPAWNSHIELD:0.4374948842319784
CE_PIECECOORDINATION:0.60252883469167
CE_MATERIAL:0.4955900199016882
CE_KINGSAFETY:0.5097393838097354
C_PIECESQUARETABLES:0.4918908394539373
C_MOBILITY:0.49635578180187073
C_KINGSAFETY:0.44400868026481344
C_PAWNSTRUCTURE:0.4334012401083649
C_PIECECOORDINATION:0.5822402480161428
C_ROOKANDPAWNMOVEMENT:0.5822402480161428
C_CENTERCONTROL:0.4685183712736689
C_DEVELOPPIECES:0.45364768549589096
C_MATERIAL:0.4467859672176609
