ELO:969
CE_PASSEDPAWNS:0.47912806477801456
CE_PAWNWEAKNESSES:0.44281089826767356
CE_PIECEACTIVITY:0.45324482389218734
CE_KINGPAWNSHIELD:0.5142653329978302
CE_PIECECOORDINATION:0.5063571488946308
CE_MATERIAL:0.5203718755994604
CE_KINGSAFETY:0.5113203153124699
C_PIECESQUARETABLES:0.5
C_MOBILITY:0.4776585041944293
C_KINGSAFETY:0.4818018216240066
C_PAWNSTRUCTURE:0.5095808864529375
C_PIECECOORDINATION:0.5024062923218431
C_ROOK:0.4883232172404439
CE_ROOK:0.5355285037706317
C_CENTERCONTROL:0.49279706778436055
C_DEVELOPPIECES:0.49108760848803495
C_MATERIAL:0.5069732067700272
C_MOVECOUNT:0.4897387843315683
C_PAWNMOVEMENT:0.47162652793007026
