ELO:942
CE_PASSEDPAWNS:0.4096339396511243
CE_PAWNWEAKNESSES:0.4361515328211067
CE_PIECEACTIVITY:0.3954654943526728
CE_KINGPAWNSHIELD:0.5685087065541963
CE_PIECECOORDINATION:0.5091902656812961
CE_MATERIAL:0.5605484580149526
CE_KINGSAFETY:0.49304704015497786
C_PIECESQUARETABLES:0.48914693384323926
C_MOBILITY:0.43269896748395564
C_KINGSAFETY:0.43448722368607817
C_PAWNSTRUCTURE:0.48530075414706614
C_PIECECOORDINATION:0.48394465354384586
C_ROOKANDPAWNMOVEMENT:0.48394465354384586
C_CENTERCONTROL:0.5298687893268152
C_DEVELOPPIECES:0.4124099419649869
C_MATERIAL:0.3651852749924511
