ELO:1000
CE_PASSEDPAWNS:0.5118868022856886
CE_PAWNWEAKNESSES:0.4632977687831433
CE_PIECEACTIVITY:0.4484188069697796
CE_KINGPAWNSHIELD:0.5288131237382452
CE_PIECECOORDINATION:0.4880012542419897
CE_MATERIAL:0.4976593218817322
CE_KINGSAFETY:0.49870070718317017
C_PIECESQUARETABLES:0.4979230222048613
C_MOBILITY:0.4789417023977708
C_KINGSAFETY:0.48253297861638333
C_PAWNSTRUCTURE:0.4919170833769423
C_PIECECOORDINATION:0.5292762027908796
C_ROOKANDPAWNMOVEMENT:0.5292762027908796
C_CENTERCONTROL:0.5086881483871444
C_DEVELOPPIECES:0.5151660554122522
C_MATERIAL:0.49708933176475484
