ELO:1003
CE_PASSEDPAWNS:0.5102725531394218
CE_PAWNWEAKNESSES:0.5349294243376853
CE_PIECEACTIVITY:0.5218116566205553
CE_KINGPAWNSHIELD:0.4954798298733727
CE_PIECECOORDINATION:0.47649555088981205
CE_MATERIAL:0.4970479559038271
CE_KINGSAFETY:0.5149407838803937
C_PIECESQUARETABLES:0.4840772112950486
C_MOBILITY:0.48421892059408217
C_KINGSAFETY:0.47245436670339336
C_PAWNSTRUCTURE:0.5071478028647383
C_PIECECOORDINATION:0.5033188314669358
C_ROOK:0.4743066350830191
CE_ROOK:0.49474681037765406
C_CENTERCONTROL:0.48797376112897084
C_DEVELOPPIECES:0.5223409283970469
C_MATERIAL:0.49753823162452826
C_MOVECOUNT:0.498878073231577
C_PAWNMOVEMENT:0.49736029905003637
