ELO:1000
CE_PASSEDPAWNS:0.49195096620595824
CE_PAWNWEAKNESSES:0.46515863640270516
CE_PIECEACTIVITY:0.48354513276909855
CE_KINGPAWNSHIELD:0.5177896418268294
CE_PIECECOORDINATION:0.4846229193068967
CE_MATERIAL:0.5023582230060747
CE_KINGSAFETY:0.5036160093697817
C_PIECESQUARETABLES:0.5449645488679449
C_MOBILITY:0.49348672051795484
C_KINGSAFETY:0.4869851464586944
C_PAWNSTRUCTURE:0.4888932615661025
C_PIECECOORDINATION:0.5111331620754086
C_ROOKANDPAWNMOVEMENT:0.5111331620754086
C_CENTERCONTROL:0.516452055532554
C_DEVELOPPIECES:0.5068872529025452
C_MATERIAL:0.4860666150860817
