ELO:923
CE_PASSEDPAWNS:0.5179913544093371
CE_PAWNWEAKNESSES:0.5369400143678739
CE_PIECEACTIVITY:0.5704779765753878
CE_KINGPAWNSHIELD:0.49805203609381166
CE_PIECECOORDINATION:0.47059793830877145
CE_MATERIAL:0.47028832283534866
CE_KINGSAFETY:0.44024329516021943
C_PIECESQUARETABLES:0.5322077347400068
C_MOBILITY:0.49517445240719216
C_KINGSAFETY:0.49024158173493154
C_PAWNSTRUCTURE:0.5373668388743803
C_PIECECOORDINATION:0.5130906226275791
C_ROOKANDPAWNMOVEMENT:0.5130906226275791
C_CENTERCONTROL:0.5209299017654875
C_DEVELOPPIECES:0.5065917796159187
C_MATERIAL:0.47558134454465584
