ELO:1135
CE_PASSEDPAWNS:0.44624247311469056
CE_PAWNWEAKNESSES:0.5942385255537602
CE_PIECEACTIVITY:0.5966590196662426
CE_KINGPAWNSHIELD:0.46665772353698765
CE_PIECECOORDINATION:0.5449900128502336
CE_MATERIAL:0.44254955194018875
CE_KINGSAFETY:0.5
C_PIECESQUARETABLES:0.5
C_MOBILITY:0.4205820835115995
C_KINGSAFETY:0.5163654967756759
C_PAWNSTRUCTURE:0.39941068728287965
C_PIECECOORDINATION:0.36062421724656424
C_ROOKANDPAWNMOVEMENT:0.36062421724656424
C_CENTERCONTROL:0.5054105793357092
C_DEVELOPPIECES:0.5635369173133161
C_MATERIAL:0.3897047268489496
