ELO:1016
CE_PASSEDPAWNS:0.49945353362201694
CE_PAWNWEAKNESSES:0.5
CE_PIECEACTIVITY:0.5
CE_KINGPAWNSHIELD:0.49306358990501414
CE_PIECECOORDINATION:0.516868171244941
CE_MATERIAL:0.5049996443832081
CE_KINGSAFETY:0.5
C_PIECESQUARETABLES:0.5
C_MOBILITY:0.4975506798977356
C_KINGSAFETY:0.5
C_PAWNSTRUCTURE:0.49144585225073656
C_PIECECOORDINATION:0.5147901901385286
C_ROOKANDPAWNMOVEMENT:0.5147901901385286
C_CENTERCONTROL:0.5
C_DEVELOPPIECES:0.5050061781839119
C_MATERIAL:0.5034066064691584
C_MOVECOUNT:0.5
