ELO:1000
CE_PASSEDPAWNS:0.5580113800031313
CE_PAWNWEAKNESSES:0.4762401071228705
CE_PIECEACTIVITY:0.4759691733597818
CE_KINGPAWNSHIELD:0.5047691648628578
CE_PIECECOORDINATION:0.5151977043878552
CE_MATERIAL:0.4929771802367703
CE_KINGSAFETY:0.45770096135002286
C_PIECESQUARETABLES:0.5059581509388708
C_MOBILITY:0.47537341240782705
C_KINGSAFETY:0.5013855139851606
C_PAWNSTRUCTURE:0.5092020930038831
C_PIECECOORDINATION:0.5208166275937192
C_ROOKANDPAWNMOVEMENT:0.5208166275937192
C_CENTERCONTROL:0.5095769764086465
C_DEVELOPPIECES:0.48417414799738745
C_MATERIAL:0.5071678609312096
