ELO:1030
CE_PASSEDPAWNS:0.5131896969230204
CE_PAWNWEAKNESSES:0.49037573213645547
CE_PIECEACTIVITY:0.4995837144561262
CE_KINGPAWNSHIELD:0.5026862539650367
CE_PIECECOORDINATION:0.49681725462868376
CE_MATERIAL:0.5090372711937596
CE_KINGSAFETY:0.48794242210254535
C_PIECESQUARETABLES:0.5
C_MOBILITY:0.4911755769783971
C_KINGSAFETY:0.5005962826366797
C_PAWNSTRUCTURE:0.5402429035349409
C_PIECECOORDINATION:0.5029827667433522
C_ROOKANDPAWNMOVEMENT:0.5029827667433522
C_CENTERCONTROL:0.4935365868474297
C_DEVELOPPIECES:0.5142073172016631
C_MATERIAL:0.4807675209751032
C_MOVECOUNT:0.5
