ELO:988
CE_PASSEDPAWNS:0.49410265412736015
CE_PAWNWEAKNESSES:0.5
CE_PIECEACTIVITY:0.5262043119629543
CE_KINGPAWNSHIELD:0.4981541968483348
CE_PIECECOORDINATION:0.4898045176177227
CE_MATERIAL:0.4998967396449058
CE_KINGSAFETY:0.49908577293247347
C_PIECESQUARETABLES:0.5
C_MOBILITY:0.4978606504885207
C_KINGSAFETY:0.4818195676296648
C_PAWNSTRUCTURE:0.5129865503769775
C_PIECECOORDINATION:0.49904941706676437
C_ROOK:0.4895517282478714
CE_ROOK:0.48249700997216205
C_CENTERCONTROL:0.4923399900701193
C_DEVELOPPIECES:0.5
C_MATERIAL:0.4989513723640703
C_MOVECOUNT:0.523735963247046
C_PAWNMOVEMENT:0.4992921505239348
