ELO:968
CE_PASSEDPAWNS:0.4431637544980722
CE_PAWNWEAKNESSES:0.44993778201625007
CE_PIECEACTIVITY:0.49615126719651825
CE_KINGPAWNSHIELD:0.5444970506892838
CE_PIECECOORDINATION:0.533772175588374
CE_MATERIAL:0.5076005587308823
CE_KINGSAFETY:0.4842205997573921
C_PIECESQUARETABLES:0.5256200920320477
C_MOBILITY:0.45955516562090165
C_KINGSAFETY:0.4623287038756232
C_PAWNSTRUCTURE:0.4783271403661799
C_PIECECOORDINATION:0.5310735796087451
C_ROOKANDPAWNMOVEMENT:0.5310735796087451
C_CENTERCONTROL:0.5119725729744637
C_DEVELOPPIECES:0.4302226237314247
C_MATERIAL:0.3962714615029287
