ELO:964
CE_PASSEDPAWNS:0.5041790602250514
CE_PAWNWEAKNESSES:0.49424391714057464
CE_PIECEACTIVITY:0.4950293037003921
CE_KINGPAWNSHIELD:0.5
CE_PIECECOORDINATION:0.49295416512479284
CE_MATERIAL:0.5
CE_KINGSAFETY:0.5115898181444134
C_PIECESQUARETABLES:0.5
C_MOBILITY:0.4975506798977356
C_KINGSAFETY:0.5080282798491508
C_PAWNSTRUCTURE:0.5000428431545416
C_PIECECOORDINATION:0.5
C_ROOKANDPAWNMOVEMENT:0.5
C_CENTERCONTROL:0.5027581504053397
C_DEVELOPPIECES:0.4954219233337954
C_MATERIAL:0.49142078608784634
C_MOVECOUNT:0.5012045925458605
