ELO:955
CE_PASSEDPAWNS:0.517558126231771
CE_PAWNWEAKNESSES:0.4916262510154092
CE_PIECEACTIVITY:0.4731511006370127
CE_KINGPAWNSHIELD:0.4980280729293407
CE_PIECECOORDINATION:0.5141844723457953
CE_MATERIAL:0.47603341529891724
CE_KINGSAFETY:0.49331114143164334
C_PIECESQUARETABLES:0.47738430332005094
C_MOBILITY:0.48819023954126095
C_KINGSAFETY:0.5027250471477914
C_PAWNSTRUCTURE:0.45146901315316984
C_PIECECOORDINATION:0.5021754741300684
C_ROOKANDPAWNMOVEMENT:0.5021754741300684
C_CENTERCONTROL:0.5244551027806703
C_DEVELOPPIECES:0.46962376039756776
C_MATERIAL:0.48161948377335856
C_MOVECOUNT:0.5050257432901198
