ELO:930
CE_PASSEDPAWNS:0.5500090702909957
CE_PAWNWEAKNESSES:0.5433541923674722
CE_PIECEACTIVITY:0.5395654759657481
CE_KINGPAWNSHIELD:0.5329406206459004
CE_PIECECOORDINATION:0.37127633176306674
CE_MATERIAL:0.39785773033866345
CE_KINGSAFETY:0.4610340191852743
C_PIECESQUARETABLES:0.5147410028448592
C_MOBILITY:0.5288746333261692
C_KINGSAFETY:0.6090893167076958
C_PAWNSTRUCTURE:0.4968420340546485
C_PIECECOORDINATION:0.5465123711391952
C_ROOKANDPAWNMOVEMENT:0.5465123711391952
C_CENTERCONTROL:0.6400777269445824
C_DEVELOPPIECES:0.44565717917463743
C_MATERIAL:0.47742050408830766
