ELO:946
CE_PASSEDPAWNS:0.40609587749445325
CE_PAWNWEAKNESSES:0.4343045245646125
CE_PIECEACTIVITY:0.3893733932595829
CE_KINGPAWNSHIELD:0.5800047934009176
CE_PIECECOORDINATION:0.5056472590257808
CE_MATERIAL:0.5532962954555203
CE_KINGSAFETY:0.48508563916696573
C_PIECESQUARETABLES:0.5212255011549944
C_MOBILITY:0.44074626859941496
C_KINGSAFETY:0.4256289768055107
C_PAWNSTRUCTURE:0.4814693970395877
C_PIECECOORDINATION:0.48791434965095054
C_ROOKANDPAWNMOVEMENT:0.48791434965095054
C_CENTERCONTROL:0.5174408156269418
C_DEVELOPPIECES:0.4157945478972481
C_MATERIAL:0.37398129089118237
