ELO:1000
CE_PASSEDPAWNS:0.5733758632628989
CE_PAWNWEAKNESSES:0.48307349556386325
CE_PIECEACTIVITY:0.4298127623747408
CE_KINGPAWNSHIELD:0.49548696546106885
CE_PIECECOORDINATION:0.5362275644852148
CE_MATERIAL:0.4835186104067378
CE_KINGSAFETY:0.521253910551114
C_PIECESQUARETABLES:0.5
C_MOBILITY:0.5246306720132552
C_KINGSAFETY:0.46621404125457616
C_PAWNSTRUCTURE:0.5162872665854487
C_PIECECOORDINATION:0.5538232199435964
C_ROOKANDPAWNMOVEMENT:0.5538232199435964
C_CENTERCONTROL:0.5008090390380293
C_DEVELOPPIECES:0.4921257200094822
C_MATERIAL:0.49687870962940933
