ELO:1008
CE_PASSEDPAWNS:0.47677579610965753
CE_PAWNWEAKNESSES:0.4938098024219546
CE_PIECEACTIVITY:0.4669048736544542
CE_KINGPAWNSHIELD:0.49120581731470847
CE_PIECECOORDINATION:0.49964702934685445
CE_MATERIAL:0.5009162432623727
CE_KINGSAFETY:0.5
C_PIECESQUARETABLES:0.5
C_MOBILITY:0.48421892059408217
C_KINGSAFETY:0.4532218677956674
C_PAWNSTRUCTURE:0.4897271136415368
C_PIECECOORDINATION:0.5370680117419625
C_ROOK:0.4849052009600495
CE_ROOK:0.5238007629153059
C_CENTERCONTROL:0.49044708009795795
C_DEVELOPPIECES:0.48380344395976543
C_MATERIAL:0.5086945022978877
C_MOVECOUNT:0.498878073231577
C_PAWNMOVEMENT:0.5110640679069708
