ELO:971
CE_PASSEDPAWNS:0.48150145706539754
CE_PAWNWEAKNESSES:0.4374543874387791
CE_PIECEACTIVITY:0.49941668272521417
CE_KINGPAWNSHIELD:0.5471920977405567
CE_PIECECOORDINATION:0.5084510465344717
CE_MATERIAL:0.514587362026756
CE_KINGSAFETY:0.5038569116602277
C_PIECESQUARETABLES:0.5016148298481011
C_MOBILITY:0.46858004461352815
C_KINGSAFETY:0.4371479101015982
C_PAWNSTRUCTURE:0.49133454394090176
C_PIECECOORDINATION:0.5330683842223742
C_ROOKANDPAWNMOVEMENT:0.5330683842223742
C_CENTERCONTROL:0.5204656620025502
C_DEVELOPPIECES:0.4324519247420553
C_MATERIAL:0.4117770676989478
