ELO:956
CE_PASSEDPAWNS:0.5788712787169354
CE_PAWNWEAKNESSES:0.5888880921425235
CE_PIECEACTIVITY:0.464106751224558
CE_KINGPAWNSHIELD:0.5657180930923917
CE_PIECECOORDINATION:0.5133714720071623
CE_MATERIAL:0.4023148031977088
CE_KINGSAFETY:0.5
C_PIECESQUARETABLES:0.5
C_MOBILITY:0.5065588974986445
C_KINGSAFETY:0.5803509583045583
C_PAWNSTRUCTURE:0.6074532715617798
C_PIECECOORDINATION:0.47662699125586877
C_ROOKANDPAWNMOVEMENT:0.47662699125586877
C_CENTERCONTROL:0.5258780934776865
C_DEVELOPPIECES:0.3904251151534421
C_MATERIAL:0.6401978876595843
