ELO:1046
CE_PASSEDPAWNS:0.5
CE_PAWNWEAKNESSES:0.48824047770957013
CE_PIECEACTIVITY:0.5025520061296506
CE_KINGPAWNSHIELD:0.5153198206538553
CE_PIECECOORDINATION:0.4990477265300894
CE_MATERIAL:0.49551802391845684
CE_KINGSAFETY:0.5018635069499816
C_PIECESQUARETABLES:0.49557019828206195
C_MOBILITY:0.5089653072412782
C_KINGSAFETY:0.48929317226320007
C_PAWNSTRUCTURE:0.5169363934960333
C_PIECECOORDINATION:0.4846781141396511
C_ROOKANDPAWNMOVEMENT:0.4846781141396511
C_CENTERCONTROL:0.5
C_DEVELOPPIECES:0.501325966472615
C_MATERIAL:0.5
C_MOVECOUNT:0.48140284232242214
