ELO:995
CE_PASSEDPAWNS:0.4982441772227563
CE_PAWNWEAKNESSES:0.5182822991174492
CE_PIECEACTIVITY:0.5317893267472769
CE_KINGPAWNSHIELD:0.4993347397511295
CE_PIECECOORDINATION:0.467933904934424
CE_MATERIAL:0.50427572441042
CE_KINGSAFETY:0.5084061336740776
C_PIECESQUARETABLES:0.5076476526554787
C_MOBILITY:0.4950005025575098
C_KINGSAFETY:0.475241936290579
C_PAWNSTRUCTURE:0.5172428164674459
C_PIECECOORDINATION:0.4993943224894145
C_ROOK:0.4816044481579402
CE_ROOK:0.48249700997216205
C_CENTERCONTROL:0.4907799523859842
C_DEVELOPPIECES:0.5243431311803225
C_MATERIAL:0.4964378070917946
C_MOVECOUNT:0.4817328322552173
C_PAWNMOVEMENT:0.4949098324698011
