ELO:1019
CE_PASSEDPAWNS:0.5
CE_PAWNWEAKNESSES:0.5034069046189746
CE_PIECEACTIVITY:0.4979767004081049
CE_KINGPAWNSHIELD:0.4971404433087209
CE_PIECECOORDINATION:0.5
CE_MATERIAL:0.5049996443832081
CE_KINGSAFETY:0.5
C_PIECESQUARETABLES:0.5
C_MOBILITY:0.48997149383208166
C_KINGSAFETY:0.5
C_PAWNSTRUCTURE:0.49461196064670243
C_PIECECOORDINATION:0.5051916526588927
C_ROOKANDPAWNMOVEMENT:0.5051916526588927
C_CENTERCONTROL:0.49746299487137013
C_DEVELOPPIECES:0.5
C_MATERIAL:0.5
C_MOVECOUNT:0.5
