ELO:760
CE_PASSEDPAWNS:0.5770863583966079
CE_PAWNWEAKNESSES:0.5145265593858568
CE_PIECEACTIVITY:0.5161262706631264
CE_KINGPAWNSHIELD:0.4611108108887633
CE_PIECECOORDINATION:0.5304021575264185
CE_MATERIAL:0.6267335714333779
CE_KINGSAFETY:0.4795517944703081
C_PIECESQUARETABLES:0.46715048904657
C_MOBILITY:0.462279929821067
C_KINGSAFETY:0.5315124398240499
C_PAWNSTRUCTURE:0.5156625305811512
C_PIECECOORDINATION:0.5210278983071959
C_ROOKANDPAWNMOVEMENT:0.5210278983071959
C_CENTERCONTROL:0.4701808391644505
C_DEVELOPPIECES:0.5407330067686229
C_MATERIAL:0.5244989256521486
C_MOVECOUNT:0.5
