ELO:933
CE_PASSEDPAWNS:0.4176613990124037
CE_PAWNWEAKNESSES:0.42938703633712416
CE_PIECEACTIVITY:0.41094001167973
CE_KINGPAWNSHIELD:0.551636161511436
CE_PIECECOORDINATION:0.4982355858827401
CE_MATERIAL:0.5782506598893022
CE_KINGSAFETY:0.4994479507210409
C_PIECESQUARETABLES:0.46738859190234394
C_MOBILITY:0.42437659546981155
C_KINGSAFETY:0.4315653864832507
C_PAWNSTRUCTURE:0.48253095700866455
C_PIECECOORDINATION:0.468691715022507
C_ROOKANDPAWNMOVEMENT:0.468691715022507
C_CENTERCONTROL:0.5394809786834502
C_DEVELOPPIECES:0.4217215858837009
C_MATERIAL:0.3568307028182584
