ELO:989
CE_PASSEDPAWNS:0.5041790602250514
CE_PAWNWEAKNESSES:0.5011161273189775
CE_PIECEACTIVITY:0.4979767004081049
CE_KINGPAWNSHIELD:0.5
CE_PIECECOORDINATION:0.5
CE_MATERIAL:0.5
CE_KINGSAFETY:0.5
C_PIECESQUARETABLES:0.5
C_MOBILITY:0.4975506798977356
C_KINGSAFETY:0.5073016192243348
C_PAWNSTRUCTURE:0.5000428431545416
C_PIECECOORDINATION:0.5
C_ROOKANDPAWNMOVEMENT:0.5
C_CENTERCONTROL:0.5027581504053397
C_DEVELOPPIECES:0.4954219233337954
C_MATERIAL:0.496872305410749
C_MOVECOUNT:0.5
