ELO:839
CE_PASSEDPAWNS:0.531155347992076
CE_PAWNWEAKNESSES:0.512113859670272
CE_PIECEACTIVITY:0.4510636629930731
CE_KINGPAWNSHIELD:0.48618712985110846
CE_PIECECOORDINATION:0.4940896156180097
CE_MATERIAL:0.4534231085258104
CE_KINGSAFETY:0.47660704998442555
C_PIECESQUARETABLES:0.4510582067382078
C_MOBILITY:0.4353992616008921
C_KINGSAFETY:0.4313994259669767
C_PAWNSTRUCTURE:0.5561941328679539
C_PIECECOORDINATION:0.5059499289275908
C_ROOKANDPAWNMOVEMENT:0.5059499289275908
C_CENTERCONTROL:0.495335707696154
C_DEVELOPPIECES:0.5149905580609107
C_MATERIAL:0.5090384055407048
C_MOVECOUNT:0.5
