ELO:982
CE_PASSEDPAWNS:0.508446774228312
CE_PAWNWEAKNESSES:0.46859820693713217
CE_PIECEACTIVITY:0.5107893850123645
CE_KINGPAWNSHIELD:0.5114126583345032
CE_PIECECOORDINATION:0.49731392053357226
CE_MATERIAL:0.49250116299473357
CE_KINGSAFETY:0.5
C_PIECESQUARETABLES:0.5
C_MOBILITY:0.490971264576086
C_KINGSAFETY:0.4760113520994132
C_PAWNSTRUCTURE:0.48385943018681615
C_PIECECOORDINATION:0.5036829019637381
C_ROOK:0.5135912481000551
CE_ROOK:0.5563534349585727
C_CENTERCONTROL:0.4697852131096807
C_DEVELOPPIECES:0.5263159443029025
C_MATERIAL:0.5029710026176948
C_MOVECOUNT:0.4600642342814968
C_PAWNMOVEMENT:0.5004772319789158
