ELO:968
CE_PASSEDPAWNS:0.41619795050706854
CE_PAWNWEAKNESSES:0.49126632512884927
CE_PIECEACTIVITY:0.6402657831103298
CE_KINGPAWNSHIELD:0.4486209339795491
CE_PIECECOORDINATION:0.6021280519784972
CE_MATERIAL:0.4989982666994949
CE_KINGSAFETY:0.5098047888244289
C_PIECESQUARETABLES:0.4974403329660997
C_MOBILITY:0.5118520865631006
C_KINGSAFETY:0.4400902276464815
C_PAWNSTRUCTURE:0.42179414908718643
C_PIECECOORDINATION:0.5941527450840737
C_ROOKANDPAWNMOVEMENT:0.5941527450840737
C_CENTERCONTROL:0.47131969548445896
C_DEVELOPPIECES:0.44313227752856577
C_MATERIAL:0.45884016393165694
