ELO:984
CE_PASSEDPAWNS:0.505411774730787
CE_PAWNWEAKNESSES:0.5121452342596264
CE_PIECEACTIVITY:0.5040084392519365
CE_KINGPAWNSHIELD:0.4998309801757273
CE_PIECECOORDINATION:0.4970214169111919
CE_MATERIAL:0.5166449286999797
CE_KINGSAFETY:0.5268040732565796
C_PIECESQUARETABLES:0.4926508499554447
C_MOBILITY:0.5171080294153112
C_KINGSAFETY:0.487823238451353
C_PAWNSTRUCTURE:0.49747806108004045
C_PIECECOORDINATION:0.5158917887229179
C_ROOKANDPAWNMOVEMENT:0.5158917887229179
C_CENTERCONTROL:0.5138805155560735
C_DEVELOPPIECES:0.4982341200868328
C_MATERIAL:0.4997975566703024
C_MOVECOUNT:0.5065195418163005
