ELO:1007
CE_PASSEDPAWNS:0.39936350083855154
CE_PAWNWEAKNESSES:0.49502581960587594
CE_PIECEACTIVITY:0.5108019860379818
CE_KINGPAWNSHIELD:0.47045498671817454
CE_PIECECOORDINATION:0.623809510461375
CE_MATERIAL:0.4826035237682827
CE_KINGSAFETY:0.5083411674570167
C_PIECESQUARETABLES:0.48776496670805436
C_MOBILITY:0.5294492496170344
C_KINGSAFETY:0.5273766935755169
C_PAWNSTRUCTURE:0.3737065491896021
C_PIECECOORDINATION:0.5420354310281897
C_ROOKANDPAWNMOVEMENT:0.5420354310281897
C_CENTERCONTROL:0.4706345869000097
C_DEVELOPPIECES:0.5071618483771863
C_MATERIAL:0.4000426418962501
