ELO:867
CE_PASSEDPAWNS:0.3681091989391142
CE_PAWNWEAKNESSES:0.45250678411936013
CE_PIECEACTIVITY:0.5185601447111867
CE_KINGPAWNSHIELD:0.40653084782253823
CE_PIECECOORDINATION:0.6177222441602146
CE_MATERIAL:0.5999800249989347
CE_KINGSAFETY:0.4629296128865378
C_PIECESQUARETABLES:0.5098830100935722
C_MOBILITY:0.5388898862524464
C_KINGSAFETY:0.489503518611294
C_PAWNSTRUCTURE:0.4719226787890932
C_PIECECOORDINATION:0.44443867894385647
C_ROOKANDPAWNMOVEMENT:0.44443867894385647
C_CENTERCONTROL:0.4691809066387823
C_DEVELOPPIECES:0.39989428020535706
C_MATERIAL:0.5249167628697005
