ELO:991
CE_PASSEDPAWNS:0.5316207519092576
CE_PAWNWEAKNESSES:0.4865625852813517
CE_PIECEACTIVITY:0.5050141477033739
CE_KINGPAWNSHIELD:0.5061944852608466
CE_PIECECOORDINATION:0.5146556660273499
CE_MATERIAL:0.47471549401862834
CE_KINGSAFETY:0.5
C_PIECESQUARETABLES:0.5
C_MOBILITY:0.49731012672220304
C_KINGSAFETY:0.4977610177086823
C_PAWNSTRUCTURE:0.5050995289795378
C_PIECECOORDINATION:0.502393833119759
C_ROOK:0.494517374419774
CE_ROOK:0.4812951806850732
C_CENTERCONTROL:0.49002094731559065
C_DEVELOPPIECES:0.5128766097516483
C_MATERIAL:0.5
C_MOVECOUNT:0.47129728408221805
C_PAWNMOVEMENT:0.4920975290637494
