ELO:1000
CE_PASSEDPAWNS:0.5107994641371544
CE_PAWNWEAKNESSES:0.5
CE_PIECEACTIVITY:0.4861555906932299
CE_KINGPAWNSHIELD:0.5015632205543447
CE_PIECECOORDINATION:0.49083686029063683
CE_MATERIAL:0.5139986277525429
CE_KINGSAFETY:0.494417923565346
C_PIECESQUARETABLES:0.5
C_MOBILITY:0.5118744740420154
C_KINGSAFETY:0.5109771354736287
C_PAWNSTRUCTURE:0.5127855422796727
C_PIECECOORDINATION:0.4981537846318131
C_ROOKANDPAWNMOVEMENT:0.4981537846318131
C_CENTERCONTROL:0.4924628580767679
C_DEVELOPPIECES:0.4964437681257357
C_MATERIAL:0.49990186488696237
