ELO:935
CE_PASSEDPAWNS:0.39190501473088707
CE_PAWNWEAKNESSES:0.5026484067601507
CE_PIECEACTIVITY:0.4885372082512601
CE_KINGPAWNSHIELD:0.4431571898331973
CE_PIECECOORDINATION:0.4511159660969341
CE_MATERIAL:0.3724667871032352
CE_KINGSAFETY:0.5119174449059839
C_PIECESQUARETABLES:0.5126447805631934
C_MOBILITY:0.5257874533620368
C_KINGSAFETY:0.47336914667577606
C_PAWNSTRUCTURE:0.5271398366237925
C_PIECECOORDINATION:0.5827056204127328
C_ROOKANDPAWNMOVEMENT:0.5827056204127328
C_CENTERCONTROL:0.487677694802676
C_DEVELOPPIECES:0.5352821837047366
C_MATERIAL:0.5434084079582667
