ELO:1038
CE_PASSEDPAWNS:0.649513872971079
CE_PAWNWEAKNESSES:0.487336763987754
CE_PIECEACTIVITY:0.46701683960903306
CE_KINGPAWNSHIELD:0.6162117849689351
CE_PIECECOORDINATION:0.48826705281625893
CE_MATERIAL:0.42347180876932666
CE_KINGSAFETY:0.5022047190505562
C_PIECESQUARETABLES:0.5265030449662712
C_MOBILITY:0.4224916607954885
C_KINGSAFETY:0.6389137946880598
C_PAWNSTRUCTURE:0.44560439787383943
C_PIECECOORDINATION:0.5007298202486276
C_ROOKANDPAWNMOVEMENT:0.5007298202486276
C_CENTERCONTROL:0.5396492975753406
C_DEVELOPPIECES:0.5655474520056851
C_MATERIAL:0.444680056500017
