ELO:990
CE_PASSEDPAWNS:0.4034808786305801
CE_PAWNWEAKNESSES:0.4449176979510626
CE_PIECEACTIVITY:0.496647502293503
CE_KINGPAWNSHIELD:0.5069208213604426
CE_PIECECOORDINATION:0.6092782055877115
CE_MATERIAL:0.41237886705497595
CE_KINGSAFETY:0.5036547939789296
C_PIECESQUARETABLES:0.5066595200386196
C_MOBILITY:0.61433629158186
C_KINGSAFETY:0.5762274224507263
C_PAWNSTRUCTURE:0.6161798845008765
C_PIECECOORDINATION:0.6135308168497035
C_ROOKANDPAWNMOVEMENT:0.6135308168497035
C_CENTERCONTROL:0.3791738811592719
C_DEVELOPPIECES:0.5415288184457425
C_MATERIAL:0.5918775538350269
