ELO:958
CE_PASSEDPAWNS:0.48884848997459573
CE_PAWNWEAKNESSES:0.5298893245505412
CE_PIECEACTIVITY:0.47304527385513034
CE_KINGPAWNSHIELD:0.4841808049565748
CE_PIECECOORDINATION:0.5191661892356678
CE_MATERIAL:0.5080883281991293
CE_KINGSAFETY:0.49422049052721007
C_PIECESQUARETABLES:0.4950604313154913
C_MOBILITY:0.48520885034487643
C_KINGSAFETY:0.5064203266245173
C_PAWNSTRUCTURE:0.5508272148643084
C_PIECECOORDINATION:0.512655273423094
C_ROOKANDPAWNMOVEMENT:0.512655273423094
C_CENTERCONTROL:0.48869020168538685
C_DEVELOPPIECES:0.49300283244374604
C_MATERIAL:0.525025494506702
