ELO:1094
CE_PASSEDPAWNS:0.4416304520122045
CE_PAWNWEAKNESSES:0.4453456097978355
CE_PIECEACTIVITY:0.48013743344619403
CE_KINGPAWNSHIELD:0.4163559443447905
CE_PIECECOORDINATION:0.4636540500219926
CE_MATERIAL:0.4406578304796957
CE_KINGSAFETY:0.5
C_PIECESQUARETABLES:0.5
C_MOBILITY:0.4143300935019393
C_KINGSAFETY:0.6446060279810438
C_PAWNSTRUCTURE:0.44700913795848674
C_PIECECOORDINATION:0.48286697070839985
C_ROOKANDPAWNMOVEMENT:0.48286697070839985
C_CENTERCONTROL:0.5030244487598104
C_DEVELOPPIECES:0.5576237735754453
C_MATERIAL:0.3847798461631917
