ELO:989
CE_PASSEDPAWNS:0.5046638139600571
CE_PAWNWEAKNESSES:0.43708452777812234
CE_PIECEACTIVITY:0.5138906540930076
CE_KINGPAWNSHIELD:0.3617675200875677
CE_PIECECOORDINATION:0.5468465028366909
CE_MATERIAL:0.5405821798173707
CE_KINGSAFETY:0.5241878615590178
C_PIECESQUARETABLES:0.5409870758894348
C_MOBILITY:0.5255959768777452
C_KINGSAFETY:0.5186505037624611
C_PAWNSTRUCTURE:0.46723169690245947
C_PIECECOORDINATION:0.42890556659551754
C_ROOKANDPAWNMOVEMENT:0.42890556659551754
C_CENTERCONTROL:0.5553909453946972
C_DEVELOPPIECES:0.5273668618818936
C_MATERIAL:0.48511544406667706
