ELO:988
CE_PASSEDPAWNS:0.5
CE_PAWNWEAKNESSES:0.5
CE_PIECEACTIVITY:0.5018416067891021
CE_KINGPAWNSHIELD:0.5025378835290157
CE_PIECECOORDINATION:0.5105983256929735
CE_MATERIAL:0.49675246153540703
CE_KINGSAFETY:0.5
C_PIECESQUARETABLES:0.5
C_MOBILITY:0.5049429626571597
C_KINGSAFETY:0.49684219246583167
C_PAWNSTRUCTURE:0.5144225031108666
C_PIECECOORDINATION:0.5083083218786617
C_ROOKANDPAWNMOVEMENT:0.5083083218786617
C_CENTERCONTROL:0.4694267270333703
C_DEVELOPPIECES:0.5123347195406536
C_MATERIAL:0.4900448986752461
C_MOVECOUNT:0.49087168068343134
