ELO:977
CE_PASSEDPAWNS:0.4877276300063776
CE_PAWNWEAKNESSES:0.4921048434869822
CE_PIECEACTIVITY:0.5149623388887791
CE_KINGPAWNSHIELD:0.4882542795478959
CE_PIECECOORDINATION:0.5162141688651363
CE_MATERIAL:0.5059836044523517
CE_KINGSAFETY:0.48162616238122397
C_PIECESQUARETABLES:0.4873658777742762
C_MOBILITY:0.5151890997471563
C_KINGSAFETY:0.5004408130999484
C_PAWNSTRUCTURE:0.4957205552308512
C_PIECECOORDINATION:0.5443681089805686
C_ROOKANDPAWNMOVEMENT:0.5443681089805686
C_CENTERCONTROL:0.5224001702660375
C_DEVELOPPIECES:0.5082907597892317
C_MATERIAL:0.5023748665432802
C_MOVECOUNT:0.5
