ELO:999
CE_PASSEDPAWNS:0.5127493679425617
CE_PAWNWEAKNESSES:0.5119369569846138
CE_PIECEACTIVITY:0.4690648919434483
CE_KINGPAWNSHIELD:0.5070541644460603
CE_PIECECOORDINATION:0.5023060487130793
CE_MATERIAL:0.4972211693150491
CE_KINGSAFETY:0.5049480207216817
C_PIECESQUARETABLES:0.49622337880335987
C_MOBILITY:0.503023825610725
C_KINGSAFETY:0.4932412674711292
C_PAWNSTRUCTURE:0.4994538789380349
C_PIECECOORDINATION:0.49132436997186957
C_ROOK:0.5087750949185629
CE_ROOK:0.5025779340027506
C_CENTERCONTROL:0.48830230442791106
C_DEVELOPPIECES:0.5082709650252771
C_MATERIAL:0.5023700897231744
C_MOVECOUNT:0.481410534623276
C_PAWNMOVEMENT:0.5015294772656335
