ELO:913
CE_PASSEDPAWNS:0.5068132301007476
CE_PAWNWEAKNESSES:0.4863047441697272
CE_PIECEACTIVITY:0.5179874654672844
CE_KINGPAWNSHIELD:0.48462593739143633
CE_PIECECOORDINATION:0.4926446045739664
CE_MATERIAL:0.5039675622351107
CE_KINGSAFETY:0.5179438817381518
C_PIECESQUARETABLES:0.4924160462259569
C_MOBILITY:0.47390889666045477
C_KINGSAFETY:0.513337889583278
C_PAWNSTRUCTURE:0.4718521821458102
C_PIECECOORDINATION:0.5021279658955806
C_ROOKANDPAWNMOVEMENT:0.5021279658955806
C_CENTERCONTROL:0.5001681528017903
C_DEVELOPPIECES:0.512032463681158
C_MATERIAL:0.5128375431431973
C_MOVECOUNT:0.5271501926298684
