ELO:1000
CE_PASSEDPAWNS:0.5079148977142474
CE_PAWNWEAKNESSES:0.4976816059001558
CE_PIECEACTIVITY:0.47922648814539515
CE_KINGPAWNSHIELD:0.5070541644460603
CE_PIECECOORDINATION:0.49537413668065194
CE_MATERIAL:0.5095394612398797
CE_KINGSAFETY:0.5007574248379444
C_PIECESQUARETABLES:0.508972520256919
C_MOBILITY:0.5007390805726915
C_KINGSAFETY:0.5010027300397111
C_PAWNSTRUCTURE:0.5018856817422855
C_PIECECOORDINATION:0.5
C_ROOK:0.5067834134261143
CE_ROOK:0.5
C_CENTERCONTROL:0.5
C_DEVELOPPIECES:0.5042659264782922
C_MATERIAL:0.5
C_MOVECOUNT:0.4890629002646129
C_PAWNMOVEMENT:0.49608096585862244
