ELO:1002
CE_PASSEDPAWNS:0.6465291603433866
CE_PAWNWEAKNESSES:0.48533723404703766
CE_PIECEACTIVITY:0.4958544185659617
CE_KINGPAWNSHIELD:0.6290030077876416
CE_PIECECOORDINATION:0.48992886927644813
CE_MATERIAL:0.39785597631745995
CE_KINGSAFETY:0.4838688726131501
C_PIECESQUARETABLES:0.4988297483782516
C_MOBILITY:0.4286155904461291
C_KINGSAFETY:0.6207197902192353
C_PAWNSTRUCTURE:0.4581736177452794
C_PIECECOORDINATION:0.49062168549337326
C_ROOKANDPAWNMOVEMENT:0.49062168549337326
C_CENTERCONTROL:0.5197186009604928
C_DEVELOPPIECES:0.5929025083732079
C_MATERIAL:0.4685184188952589
