ELO:990
CE_PASSEDPAWNS:0.4180403535938031
CE_PAWNWEAKNESSES:0.4449176979510626
CE_PIECEACTIVITY:0.496647502293503
CE_KINGPAWNSHIELD:0.4969112771905379
CE_PIECECOORDINATION:0.6225081644960021
CE_MATERIAL:0.4133415773079538
CE_KINGSAFETY:0.5
C_PIECESQUARETABLES:0.5066595200386196
C_MOBILITY:0.6192835123502287
C_KINGSAFETY:0.5762274224507263
C_PAWNSTRUCTURE:0.6161798845008765
C_PIECECOORDINATION:0.6213294850019804
C_ROOKANDPAWNMOVEMENT:0.6213294850019804
C_CENTERCONTROL:0.38144495544683604
C_DEVELOPPIECES:0.5421861592948533
C_MATERIAL:0.5866536899795093
