ELO:1000
CE_PASSEDPAWNS:0.5113851957160243
CE_PAWNWEAKNESSES:0.5058323439366678
CE_PIECEACTIVITY:0.479951930641169
CE_KINGPAWNSHIELD:0.4543661424013591
CE_PIECECOORDINATION:0.5783929345548735
CE_MATERIAL:0.5614800970400781
CE_KINGSAFETY:0.5
C_PIECESQUARETABLES:0.5
C_MOBILITY:0.5058262664034904
C_KINGSAFETY:0.5424382996363916
C_PAWNSTRUCTURE:0.5244642084528429
C_PIECECOORDINATION:0.4317808498854017
C_ROOKANDPAWNMOVEMENT:0.4317808498854017
C_CENTERCONTROL:0.5471573680044696
C_DEVELOPPIECES:0.49067884956181174
C_MATERIAL:0.47437699726968535
