ELO:994
CE_PASSEDPAWNS:0.5182224879539667
CE_PAWNWEAKNESSES:0.49248311381776694
CE_PIECEACTIVITY:0.4690648919434483
CE_KINGPAWNSHIELD:0.5016501338883742
CE_PIECECOORDINATION:0.5030765695632143
CE_MATERIAL:0.5114368978640268
CE_KINGSAFETY:0.5101972451567673
C_PIECESQUARETABLES:0.5
C_MOBILITY:0.516920902617879
C_KINGSAFETY:0.4815823247213784
C_PAWNSTRUCTURE:0.4994178115124446
C_PIECECOORDINATION:0.5025783376752239
C_ROOK:0.49985850379402086
CE_ROOK:0.5118274606626212
C_CENTERCONTROL:0.48849785019085046
C_DEVELOPPIECES:0.5192095011909511
C_MATERIAL:0.4827383597037031
C_MOVECOUNT:0.48074732035883005
C_PAWNMOVEMENT:0.5024090812141276
