ELO:976
CE_PASSEDPAWNS:0.4960953027949179
CE_PAWNWEAKNESSES:0.5128487088560789
CE_PIECEACTIVITY:0.49590210558154446
CE_KINGPAWNSHIELD:0.5068470004284015
CE_PIECECOORDINATION:0.5040993239519669
CE_MATERIAL:0.46636873995506395
CE_KINGSAFETY:0.5
C_PIECESQUARETABLES:0.5
C_MOBILITY:0.4828175302277787
C_KINGSAFETY:0.5241367239369629
C_PAWNSTRUCTURE:0.5046877863970249
C_PIECECOORDINATION:0.5003869208513618
C_ROOK:0.4828615903672591
CE_ROOK:0.5299294655545042
C_CENTERCONTROL:0.49677546005559614
C_DEVELOPPIECES:0.4901660349226472
C_MATERIAL:0.5521231703268941
C_MOVECOUNT:0.5129962208745527
C_PAWNMOVEMENT:0.4958831919451372
