ELO:933
CE_PASSEDPAWNS:0.3929203477977325
CE_PAWNWEAKNESSES:0.5027527698240793
CE_PIECEACTIVITY:0.47627776821246437
CE_KINGPAWNSHIELD:0.45329391781196193
CE_PIECECOORDINATION:0.47897011845150367
CE_MATERIAL:0.36491730076927037
CE_KINGSAFETY:0.5229292696002561
C_PIECESQUARETABLES:0.49884417073286047
C_MOBILITY:0.5355574051227232
C_KINGSAFETY:0.4762148357360111
C_PAWNSTRUCTURE:0.5271398366237925
C_PIECECOORDINATION:0.5920009738279892
C_ROOKANDPAWNMOVEMENT:0.5920009738279892
C_CENTERCONTROL:0.47725765782741425
C_DEVELOPPIECES:0.533607593904254
C_MATERIAL:0.5473457137169703
