ELO:1003
CE_PASSEDPAWNS:0.48680801548163527
CE_PAWNWEAKNESSES:0.4991601794536207
CE_PIECEACTIVITY:0.5013960713889211
CE_KINGPAWNSHIELD:0.5008336068766597
CE_PIECECOORDINATION:0.4993272688350316
CE_MATERIAL:0.4970140169825349
CE_KINGSAFETY:0.5
C_PIECESQUARETABLES:0.4887138696674146
C_MOBILITY:0.5088039402339295
C_KINGSAFETY:0.5
C_PAWNSTRUCTURE:0.512625621014363
C_PIECECOORDINATION:0.5
C_ROOKANDPAWNMOVEMENT:0.5
C_CENTERCONTROL:0.5000448322649048
C_DEVELOPPIECES:0.5208178458165454
C_MATERIAL:0.48838128428690547
C_MOVECOUNT:0.5
