ELO:1014
CE_PASSEDPAWNS:0.4491656074851041
CE_PAWNWEAKNESSES:0.5027529564808221
CE_PIECEACTIVITY:0.5018416067891021
CE_KINGPAWNSHIELD:0.5206070161869611
CE_PIECECOORDINATION:0.4972180040075474
CE_MATERIAL:0.49127985131471136
CE_KINGSAFETY:0.5088616017413529
C_PIECESQUARETABLES:0.5
C_MOBILITY:0.5124576693435843
C_KINGSAFETY:0.5034417335087394
C_PAWNSTRUCTURE:0.5
C_PIECECOORDINATION:0.4971276280079848
C_ROOKANDPAWNMOVEMENT:0.4971276280079848
C_CENTERCONTROL:0.5064388059963814
C_DEVELOPPIECES:0.5190358897611054
C_MATERIAL:0.48157231384335575
C_MOVECOUNT:0.49992898146062864
