ELO:1000
CE_PASSEDPAWNS:0.5400080855410709
CE_PAWNWEAKNESSES:0.510095302179928
CE_PIECEACTIVITY:0.4975635861436844
CE_KINGPAWNSHIELD:0.42769657699594954
CE_PIECECOORDINATION:0.5868054514428485
CE_MATERIAL:0.5539507561783678
CE_KINGSAFETY:0.5003412389671481
C_PIECESQUARETABLES:0.49498010300584633
C_MOBILITY:0.5211972420311041
C_KINGSAFETY:0.5181525508927646
C_PAWNSTRUCTURE:0.5187014413491985
C_PIECECOORDINATION:0.4239814461704527
C_ROOKANDPAWNMOVEMENT:0.4239814461704527
C_CENTERCONTROL:0.5373612339607766
C_DEVELOPPIECES:0.48346073067252493
C_MATERIAL:0.46577433135279306
