ELO:962
CE_PASSEDPAWNS:0.5
CE_PAWNWEAKNESSES:0.4944758415592872
CE_PIECEACTIVITY:0.5203787472955822
CE_KINGPAWNSHIELD:0.524081187009606
CE_PIECECOORDINATION:0.4893311960177708
CE_MATERIAL:0.5121610692695554
CE_KINGSAFETY:0.500053205711397
C_PIECESQUARETABLES:0.4752849644603835
C_MOBILITY:0.5076224755673547
C_KINGSAFETY:0.48987970684858073
C_PAWNSTRUCTURE:0.5095332435381491
C_PIECECOORDINATION:0.4903612222597032
C_ROOKANDPAWNMOVEMENT:0.4903612222597032
C_CENTERCONTROL:0.5093106137487842
C_DEVELOPPIECES:0.4907039967027755
C_MATERIAL:0.511913226040695
C_MOVECOUNT:0.5080886761458829
