ELO:1000
CE_PASSEDPAWNS:0.4746041446397396
CE_PAWNWEAKNESSES:0.5093930549064156
CE_PIECEACTIVITY:0.4894766175718408
CE_KINGPAWNSHIELD:0.5257497856052317
CE_PIECECOORDINATION:0.4541469557492593
CE_MATERIAL:0.4552886392384167
CE_KINGSAFETY:0.5019672450127353
C_PIECESQUARETABLES:0.483570150117305
C_MOBILITY:0.476950897187176
C_KINGSAFETY:0.5301891333662064
C_PAWNSTRUCTURE:0.4606849614202369
C_PIECECOORDINATION:0.5255484975490972
C_ROOKANDPAWNMOVEMENT:0.5255484975490972
C_CENTERCONTROL:0.4992256765816207
C_DEVELOPPIECES:0.5098234012663195
C_MATERIAL:0.4662934406948634
