ELO:811
CE_PASSEDPAWNS:0.3313122164187419
CE_PAWNWEAKNESSES:0.5266469418174927
CE_PIECEACTIVITY:0.4614334158100299
CE_KINGPAWNSHIELD:0.3998592734981039
CE_PIECECOORDINATION:0.5854036045099222
CE_MATERIAL:0.44037900116218326
CE_KINGSAFETY:0.5220349980211895
C_PIECESQUARETABLES:0.5407397378862484
C_MOBILITY:0.43033713048117755
C_KINGSAFETY:0.48349506981441437
C_PAWNSTRUCTURE:0.5820338790783496
C_PIECECOORDINATION:0.49017326677727463
C_ROOKANDPAWNMOVEMENT:0.49017326677727463
C_CENTERCONTROL:0.5009780220835252
C_DEVELOPPIECES:0.38900954919574215
C_MATERIAL:0.5703300434592258
