ELO:988
CE_PASSEDPAWNS:0.5
CE_PAWNWEAKNESSES:0.4981518789619215
CE_PIECEACTIVITY:0.5
CE_KINGPAWNSHIELD:0.5109250473350098
CE_PIECECOORDINATION:0.4976242041992014
CE_MATERIAL:0.493003290568768
CE_KINGSAFETY:0.5
C_PIECESQUARETABLES:0.5124141957053563
C_MOBILITY:0.5036384835186428
C_KINGSAFETY:0.4945236671988408
C_PAWNSTRUCTURE:0.4997247151102806
C_PIECECOORDINATION:0.48893000292734196
C_ROOKANDPAWNMOVEMENT:0.48893000292734196
C_CENTERCONTROL:0.5089704371375863
C_DEVELOPPIECES:0.49013329412549406
C_MATERIAL:0.5019874466426637
C_MOVECOUNT:0.5080886761458829
