ELO:819
CE_PASSEDPAWNS:0.47311778412010624
CE_PAWNWEAKNESSES:0.4968395089139981
CE_PIECEACTIVITY:0.423710017145576
CE_KINGPAWNSHIELD:0.599906990077922
CE_PIECECOORDINATION:0.5171509171094499
CE_MATERIAL:0.4573452407304521
CE_KINGSAFETY:0.5319412920961365
C_PIECESQUARETABLES:0.5167106754286156
C_MOBILITY:0.5512367975215566
C_KINGSAFETY:0.5069616194892925
C_PAWNSTRUCTURE:0.5302424487962852
C_PIECECOORDINATION:0.6021905702150552
C_ROOKANDPAWNMOVEMENT:0.6021905702150552
C_CENTERCONTROL:0.4836872335133817
C_DEVELOPPIECES:0.5072671334893661
C_MATERIAL:0.4494951224242155
C_MOVECOUNT:0.5
