ELO:952
CE_PASSEDPAWNS:0.5174411548508706
CE_PAWNWEAKNESSES:0.49248311381776694
CE_PIECEACTIVITY:0.46174958363819485
CE_KINGPAWNSHIELD:0.5087115928595985
CE_PIECECOORDINATION:0.49227004176786293
CE_MATERIAL:0.5093501521267174
CE_KINGSAFETY:0.5210880139738598
C_PIECESQUARETABLES:0.5
C_MOBILITY:0.514054018216836
C_KINGSAFETY:0.5032880459525231
C_PAWNSTRUCTURE:0.4994178115124446
C_PIECECOORDINATION:0.5068215776993962
C_ROOK:0.49985850379402086
CE_ROOK:0.5168954331499929
C_CENTERCONTROL:0.48208552928881776
C_DEVELOPPIECES:0.5192095011909511
C_MATERIAL:0.47318436670016706
C_MOVECOUNT:0.47775211097120457
C_PAWNMOVEMENT:0.5094559218755188
