ELO:963
CE_PASSEDPAWNS:0.4734028662013729
CE_PAWNWEAKNESSES:0.5367638077200516
CE_PIECEACTIVITY:0.5015886104703331
CE_KINGPAWNSHIELD:0.444562463226917
CE_PIECECOORDINATION:0.47320830524184176
CE_MATERIAL:0.46636873995506395
CE_KINGSAFETY:0.5
C_PIECESQUARETABLES:0.5
C_MOBILITY:0.45829859750131335
C_KINGSAFETY:0.5188819569190886
C_PAWNSTRUCTURE:0.514896142519855
C_PIECECOORDINATION:0.5003869208513618
C_ROOK:0.4777964270691704
CE_ROOK:0.5177127070525199
C_CENTERCONTROL:0.49677546005559614
C_DEVELOPPIECES:0.5100006131954578
C_MATERIAL:0.5521231703268941
C_MOVECOUNT:0.49016881128114226
C_PAWNMOVEMENT:0.4877715858829073
