ELO:1000
CE_PASSEDPAWNS:0.4746041446397396
CE_PAWNWEAKNESSES:0.5133443305038595
CE_PIECEACTIVITY:0.49133800576226333
CE_KINGPAWNSHIELD:0.5297990933030691
CE_PIECECOORDINATION:0.44212568530675744
CE_MATERIAL:0.44140899509292114
CE_KINGSAFETY:0.5019672450127353
C_PIECESQUARETABLES:0.4786869458332705
C_MOBILITY:0.48588771206131093
C_KINGSAFETY:0.5252347006552514
C_PAWNSTRUCTURE:0.4469161724473009
C_PIECECOORDINATION:0.5147710354475072
C_ROOKANDPAWNMOVEMENT:0.5147710354475072
C_CENTERCONTROL:0.4885992505888267
C_DEVELOPPIECES:0.5232327409486632
C_MATERIAL:0.46770754012002647
