ELO:999
CE_PASSEDPAWNS:0.5086845149483613
CE_PAWNWEAKNESSES:0.5048721446539232
CE_PIECEACTIVITY:0.5103090952851786
CE_KINGPAWNSHIELD:0.5
CE_PIECECOORDINATION:0.49304854460719083
CE_MATERIAL:0.5
CE_KINGSAFETY:0.5
C_PIECESQUARETABLES:0.5075714168929474
C_MOBILITY:0.5070421353342136
C_KINGSAFETY:0.49263529852109295
C_PAWNSTRUCTURE:0.5
C_PIECECOORDINATION:0.5020988696871292
C_ROOKANDPAWNMOVEMENT:0.5020988696871292
C_CENTERCONTROL:0.5
C_DEVELOPPIECES:0.4898213493944067
C_MATERIAL:0.5087316172617147
C_MOVECOUNT:0.5
