ELO:808
CE_PASSEDPAWNS:0.4594394674438935
CE_PAWNWEAKNESSES:0.40624493871053213
CE_PIECEACTIVITY:0.44096973107855847
CE_KINGPAWNSHIELD:0.6566434520801687
CE_PIECECOORDINATION:0.4263043054965503
CE_MATERIAL:0.5435022371039837
CE_KINGSAFETY:0.5492760062379434
C_PIECESQUARETABLES:0.5527478567754671
C_MOBILITY:0.5308418151287768
C_KINGSAFETY:0.5184457335333678
C_PAWNSTRUCTURE:0.5588743223208533
C_PIECECOORDINATION:0.6221503383604045
C_ROOKANDPAWNMOVEMENT:0.6221503383604045
C_CENTERCONTROL:0.3928526879814114
C_DEVELOPPIECES:0.5625797410208618
C_MATERIAL:0.4367648055554791
C_MOVECOUNT:0.5
