ELO:947
CE_PASSEDPAWNS:0.3975942555891779
CE_PAWNWEAKNESSES:0.46539036739308115
CE_PIECEACTIVITY:0.47187692774721335
CE_KINGPAWNSHIELD:0.4276019433326336
CE_PIECECOORDINATION:0.5511308430441215
CE_MATERIAL:0.57972413603036
CE_KINGSAFETY:0.5132635108412009
C_PIECESQUARETABLES:0.4979288912132698
C_MOBILITY:0.5492444064888908
C_KINGSAFETY:0.5045989763712523
C_PAWNSTRUCTURE:0.47950974777764616
C_PIECECOORDINATION:0.41157232608062855
C_ROOKANDPAWNMOVEMENT:0.41157232608062855
C_CENTERCONTROL:0.5958353551901925
C_DEVELOPPIECES:0.5053912687701374
C_MATERIAL:0.5390645696916795
