ELO:905
CE_PASSEDPAWNS:0.4964803400638319
CE_PAWNWEAKNESSES:0.506470414343975
CE_PIECEACTIVITY:0.46249610062924473
CE_KINGPAWNSHIELD:0.5225033274232311
CE_PIECECOORDINATION:0.5365153741351799
CE_MATERIAL:0.509402257290851
CE_KINGSAFETY:0.49574095115316064
C_PIECESQUARETABLES:0.4971195550468783
C_MOBILITY:0.4655085202790559
C_KINGSAFETY:0.4708285519175987
C_PAWNSTRUCTURE:0.5055732448794547
C_PIECECOORDINATION:0.5536808422588118
C_ROOKANDPAWNMOVEMENT:0.5536808422588118
C_CENTERCONTROL:0.4910927235025593
C_DEVELOPPIECES:0.49459308724547296
C_MATERIAL:0.4820981099760152
C_MOVECOUNT:0.5
