ELO:997
CE_PASSEDPAWNS:0.5
CE_PAWNWEAKNESSES:0.5048721446539232
CE_PIECEACTIVITY:0.506924045611347
CE_KINGPAWNSHIELD:0.5
CE_PIECECOORDINATION:0.49304854460719083
CE_MATERIAL:0.5
CE_KINGSAFETY:0.5
C_PIECESQUARETABLES:0.5
C_MOBILITY:0.5
C_KINGSAFETY:0.5
C_PAWNSTRUCTURE:0.49398693976363667
C_PIECECOORDINATION:0.5
C_ROOKANDPAWNMOVEMENT:0.5
C_CENTERCONTROL:0.5
C_DEVELOPPIECES:0.4786115549801951
C_MATERIAL:0.5
C_MOVECOUNT:0.5
