ELO:965
CE_PASSEDPAWNS:0.4956016475468728
CE_PAWNWEAKNESSES:0.4970512415939188
CE_PIECEACTIVITY:0.4848316342370258
CE_KINGPAWNSHIELD:0.5032588896949598
CE_PIECECOORDINATION:0.5112500518119519
CE_MATERIAL:0.5
CE_KINGSAFETY:0.5
C_PIECESQUARETABLES:0.5
C_MOBILITY:0.49312357065098483
C_KINGSAFETY:0.5026549309787284
C_PAWNSTRUCTURE:0.4513303932647357
C_PIECECOORDINATION:0.5050792234541887
C_ROOKANDPAWNMOVEMENT:0.5050792234541887
C_CENTERCONTROL:0.45051413551750585
C_DEVELOPPIECES:0.5028407752810493
C_MATERIAL:0.4940415045141506
C_MOVECOUNT:0.5
