ELO:956
CE_PASSEDPAWNS:0.5122328987246825
CE_PAWNWEAKNESSES:0.4802699085303999
CE_PIECEACTIVITY:0.4461897152622129
CE_KINGPAWNSHIELD:0.5147228692148693
CE_PIECECOORDINATION:0.4831161472716509
CE_MATERIAL:0.5226818387106893
CE_KINGSAFETY:0.5123714052136358
C_PIECESQUARETABLES:0.47786500772123414
C_MOBILITY:0.5033797114645787
C_KINGSAFETY:0.49426885156861533
C_PAWNSTRUCTURE:0.5101824285132623
C_PIECECOORDINATION:0.4931054955169737
C_ROOK:0.509771932098689
CE_ROOK:0.5312266395944001
C_CENTERCONTROL:0.4793243302566984
C_DEVELOPPIECES:0.5164134484523054
C_MATERIAL:0.47261489095706777
C_MOVECOUNT:0.49973279217850536
C_PAWNMOVEMENT:0.5271924546016467
