ELO:980
CE_PASSEDPAWNS:0.40816943381592125
CE_PAWNWEAKNESSES:0.5630139511709527
CE_PIECEACTIVITY:0.45368343164072655
CE_KINGPAWNSHIELD:0.4587914498033205
CE_PIECECOORDINATION:0.44184038884063204
CE_MATERIAL:0.3601032726674232
CE_KINGSAFETY:0.5183143275860043
C_PIECESQUARETABLES:0.4957534467262994
C_MOBILITY:0.5106542257199113
C_KINGSAFETY:0.4966952029030406
C_PAWNSTRUCTURE:0.48962923093664457
C_PIECECOORDINATION:0.5404377561658266
C_ROOKANDPAWNMOVEMENT:0.5404377561658266
C_CENTERCONTROL:0.5121494301931968
C_DEVELOPPIECES:0.5456978205321459
C_MATERIAL:0.5032316752024047
