ELO:963
CE_PASSEDPAWNS:0.48657521005361626
CE_PAWNWEAKNESSES:0.5367638077200516
CE_PIECEACTIVITY:0.4916181470287133
CE_KINGPAWNSHIELD:0.5099187560199123
CE_PIECECOORDINATION:0.531713860588585
CE_MATERIAL:0.47650264776541
CE_KINGSAFETY:0.5
C_PIECESQUARETABLES:0.5032674211514533
C_MOBILITY:0.4932047823658854
C_KINGSAFETY:0.5266958467722223
C_PAWNSTRUCTURE:0.5232918478539875
C_PIECECOORDINATION:0.5138478512972927
C_ROOK:0.4918967492947842
CE_ROOK:0.5073396526901766
C_CENTERCONTROL:0.5096640291727689
C_DEVELOPPIECES:0.5090226882339398
C_MATERIAL:0.473391300848832
C_MOVECOUNT:0.5145503778405676
C_PAWNMOVEMENT:0.4633520582796613
