ELO:942
CE_PASSEDPAWNS:0.5119928743722125
CE_PAWNWEAKNESSES:0.4406306129815203
CE_PIECEACTIVITY:0.4819159260424372
CE_KINGPAWNSHIELD:0.47746013915783103
CE_PIECECOORDINATION:0.502577634146966
CE_MATERIAL:0.4434084321569997
CE_KINGSAFETY:0.4470021771578977
C_PIECESQUARETABLES:0.5102130334237097
C_MOBILITY:0.4314059085169562
C_KINGSAFETY:0.47151599193022353
C_PAWNSTRUCTURE:0.5236651656988761
C_PIECECOORDINATION:0.5136353278034721
C_ROOKANDPAWNMOVEMENT:0.5136353278034721
C_CENTERCONTROL:0.5220880105562178
C_DEVELOPPIECES:0.5133138503698499
C_MATERIAL:0.4877238199253502
C_MOVECOUNT:0.5
