ELO:967
CE_PASSEDPAWNS:0.5011776348493744
CE_PAWNWEAKNESSES:0.4802699085303999
CE_PIECEACTIVITY:0.44093640437854514
CE_KINGPAWNSHIELD:0.5236878822714338
CE_PIECECOORDINATION:0.4741374480443857
CE_MATERIAL:0.515041540469349
CE_KINGSAFETY:0.5
C_PIECESQUARETABLES:0.5
C_MOBILITY:0.5168053062679939
C_KINGSAFETY:0.49426885156861533
C_PAWNSTRUCTURE:0.5046877863970249
C_PIECECOORDINATION:0.5001516480342558
C_ROOK:0.5099479016942009
CE_ROOK:0.5312266395944001
C_CENTERCONTROL:0.468369597478581
C_DEVELOPPIECES:0.5164134484523054
C_MATERIAL:0.47261489095706777
C_MOVECOUNT:0.49973279217850536
C_PAWNMOVEMENT:0.5271924546016467
