ELO:809
CE_PASSEDPAWNS:0.5478922806748576
CE_PAWNWEAKNESSES:0.39403668883768833
CE_PIECEACTIVITY:0.4804526205573326
CE_KINGPAWNSHIELD:0.579638274642441
CE_PIECECOORDINATION:0.46855834700314525
CE_MATERIAL:0.42430636413708417
CE_KINGSAFETY:0.49096311377106266
C_PIECESQUARETABLES:0.5165557574301355
C_MOBILITY:0.5655192019124187
C_KINGSAFETY:0.4826384565671409
C_PAWNSTRUCTURE:0.46804474360674647
C_PIECECOORDINATION:0.5740227319600475
C_ROOKANDPAWNMOVEMENT:0.5740227319600475
C_CENTERCONTROL:0.5542210286670709
C_DEVELOPPIECES:0.44199042995800025
C_MATERIAL:0.5280941559526952
C_MOVECOUNT:0.4993730976235955
