ELO:949
CE_PASSEDPAWNS:0.5122328987246825
CE_PAWNWEAKNESSES:0.49156071558681574
CE_PIECEACTIVITY:0.4517159551666675
CE_KINGPAWNSHIELD:0.5082948261001223
CE_PIECECOORDINATION:0.4881281208752805
CE_MATERIAL:0.5120785193260715
CE_KINGSAFETY:0.5210880139738598
C_PIECESQUARETABLES:0.5066389809516116
C_MOBILITY:0.5120991854867816
C_KINGSAFETY:0.5032880459525231
C_PAWNSTRUCTURE:0.4983215616609535
C_PIECECOORDINATION:0.48751110192498587
C_ROOK:0.5145720198967888
CE_ROOK:0.5224304609684293
C_CENTERCONTROL:0.48208552928881776
C_DEVELOPPIECES:0.5192095011909511
C_MATERIAL:0.48348717153960935
C_MOVECOUNT:0.4752645946656265
C_PAWNMOVEMENT:0.5207992182010104
