ELO:976
CE_PASSEDPAWNS:0.4957153292287771
CE_PAWNWEAKNESSES:0.5150943340284969
CE_PIECEACTIVITY:0.457725776565866
CE_KINGPAWNSHIELD:0.5054255629086506
CE_PIECECOORDINATION:0.5204382952921428
CE_MATERIAL:0.500117497012778
CE_KINGSAFETY:0.5
C_PIECESQUARETABLES:0.5
C_MOBILITY:0.44997503398686933
C_KINGSAFETY:0.4577159948099228
C_PAWNSTRUCTURE:0.49019539388341193
C_PIECECOORDINATION:0.5130361085857119
C_ROOK:0.4828615903672591
CE_ROOK:0.5180905184364258
C_CENTERCONTROL:0.4798380519143629
C_DEVELOPPIECES:0.4875875169325721
C_MATERIAL:0.5406644746234553
C_MOVECOUNT:0.49138791883839517
C_PAWNMOVEMENT:0.5271924546016467
