ELO:984
CE_PASSEDPAWNS:0.5091516322008438
CE_PAWNWEAKNESSES:0.5223898962973713
CE_PIECEACTIVITY:0.5011763116278198
CE_KINGPAWNSHIELD:0.5015162310910541
CE_PIECECOORDINATION:0.49263463223715076
CE_MATERIAL:0.49718701896088463
CE_KINGSAFETY:0.4804982945730383
C_PIECESQUARETABLES:0.5
C_MOBILITY:0.5062322361522279
C_KINGSAFETY:0.5
C_PAWNSTRUCTURE:0.5200454687029955
C_PIECECOORDINATION:0.504069362233688
C_ROOKANDPAWNMOVEMENT:0.504069362233688
C_CENTERCONTROL:0.5103797063764849
C_DEVELOPPIECES:0.49231860899454943
C_MATERIAL:0.5
