ELO:862
CE_PASSEDPAWNS:0.49984215039019547
CE_PAWNWEAKNESSES:0.4592507770618512
CE_PIECEACTIVITY:0.5149714784978492
CE_KINGPAWNSHIELD:0.49160841356940765
CE_PIECECOORDINATION:0.49735668787172155
CE_MATERIAL:0.4662030532151173
CE_KINGSAFETY:0.5028177310014521
C_PIECESQUARETABLES:0.4623503033833087
C_MOBILITY:0.4876545687179471
C_KINGSAFETY:0.4940534843451628
C_PAWNSTRUCTURE:0.5081937187174586
C_PIECECOORDINATION:0.479229134882676
C_ROOKANDPAWNMOVEMENT:0.479229134882676
C_CENTERCONTROL:0.5121509147033807
C_DEVELOPPIECES:0.5324601593592578
C_MATERIAL:0.4904064625621326
C_MOVECOUNT:0.4483225651290178
