ELO:983
CE_PASSEDPAWNS:0.5129368946313707
CE_PAWNWEAKNESSES:0.49914146338709625
CE_PIECEACTIVITY:0.5
CE_KINGPAWNSHIELD:0.5095560842642163
CE_PIECECOORDINATION:0.48838584347557756
CE_MATERIAL:0.49156962649484465
CE_KINGSAFETY:0.5076754683790444
C_PIECESQUARETABLES:0.4897885238456132
C_MOBILITY:0.4959611043348039
C_KINGSAFETY:0.4980155026699238
C_PAWNSTRUCTURE:0.5
C_PIECECOORDINATION:0.5162655603369141
C_ROOKANDPAWNMOVEMENT:0.5162655603369141
C_CENTERCONTROL:0.5
C_DEVELOPPIECES:0.4972432166108488
C_MATERIAL:0.5
C_MOVECOUNT:0.5016354295005935
