ELO:933
CE_PASSEDPAWNS:0.39491622514721386
CE_PAWNWEAKNESSES:0.5026484067601507
CE_PIECEACTIVITY:0.47627776821246437
CE_KINGPAWNSHIELD:0.45329391781196193
CE_PIECECOORDINATION:0.4671942686230222
CE_MATERIAL:0.36491730076927037
CE_KINGSAFETY:0.5316249982178676
C_PIECESQUARETABLES:0.49884417073286047
C_MOBILITY:0.5252035588807158
C_KINGSAFETY:0.4685894993979747
C_PAWNSTRUCTURE:0.5271398366237925
C_PIECECOORDINATION:0.5866828234386108
C_ROOKANDPAWNMOVEMENT:0.5866828234386108
C_CENTERCONTROL:0.4890234826585564
C_DEVELOPPIECES:0.5352821837047366
C_MATERIAL:0.5373370354294258
