ELO:971
CE_PASSEDPAWNS:0.48657521005361626
CE_PAWNWEAKNESSES:0.5454280687131543
CE_PIECEACTIVITY:0.4875038228041897
CE_KINGPAWNSHIELD:0.5116326944880939
CE_PIECECOORDINATION:0.531713860588585
CE_MATERIAL:0.47650264776541
CE_KINGSAFETY:0.5
C_PIECESQUARETABLES:0.5
C_MOBILITY:0.4932047823658854
C_KINGSAFETY:0.5266958467722223
C_PAWNSTRUCTURE:0.5232918478539875
C_PIECECOORDINATION:0.5138478512972927
C_ROOK:0.4945506721207051
CE_ROOK:0.5148137128354182
C_CENTERCONTROL:0.5096640291727689
C_DEVELOPPIECES:0.5166321156228973
C_MATERIAL:0.48342637599702853
C_MOVECOUNT:0.5145503778405676
C_PAWNMOVEMENT:0.4534249225736566
