ELO:773
CE_PASSEDPAWNS:0.4844719155554773
CE_PAWNWEAKNESSES:0.5197375360805367
CE_PIECEACTIVITY:0.5312180376405351
CE_KINGPAWNSHIELD:0.5241631236296054
CE_PIECECOORDINATION:0.5058578447865804
CE_MATERIAL:0.5007190352088083
CE_KINGSAFETY:0.539136230304048
C_PIECESQUARETABLES:0.47746222541462796
C_MOBILITY:0.5104402892490203
C_KINGSAFETY:0.5110910037193042
C_PAWNSTRUCTURE:0.5771036007573715
C_PIECECOORDINATION:0.509365289556563
C_ROOKANDPAWNMOVEMENT:0.509365289556563
C_CENTERCONTROL:0.5900096116852762
C_DEVELOPPIECES:0.4991961935272952
C_MATERIAL:0.6452778601285233
C_MOVECOUNT:0.5015082879056995
