ELO:1000
CE_PASSEDPAWNS:0.48314211032016047
CE_PAWNWEAKNESSES:0.5027954449005152
CE_PIECEACTIVITY:0.49693418086637586
CE_KINGPAWNSHIELD:0.5087103802796668
CE_PIECECOORDINATION:0.48556057772439015
CE_MATERIAL:0.4511640274121472
CE_KINGSAFETY:0.503734804361919
C_PIECESQUARETABLES:0.49754954021422265
C_MOBILITY:0.4662688281910407
C_KINGSAFETY:0.500817612784162
C_PAWNSTRUCTURE:0.4889762000095355
C_PIECECOORDINATION:0.474637425146903
C_ROOKANDPAWNMOVEMENT:0.474637425146903
C_CENTERCONTROL:0.46470888153761
C_DEVELOPPIECES:0.45779281494127233
C_MATERIAL:0.4948277986305351
