ELO:1068
CE_PASSEDPAWNS:0.43191101562516576
CE_PAWNWEAKNESSES:0.4135091761931992
CE_PIECEACTIVITY:0.4748006005686469
CE_KINGPAWNSHIELD:0.4057342142792954
CE_PIECECOORDINATION:0.48161227578349675
CE_MATERIAL:0.43125498791274175
CE_KINGSAFETY:0.5007597710486216
C_PIECESQUARETABLES:0.49316716678179146
C_MOBILITY:0.4275160400480945
C_KINGSAFETY:0.6326061190259211
C_PAWNSTRUCTURE:0.43469367457822367
C_PIECECOORDINATION:0.4813062485995426
C_ROOKANDPAWNMOVEMENT:0.4813062485995426
C_CENTERCONTROL:0.5044293296861904
C_DEVELOPPIECES:0.54392605528398
C_MATERIAL:0.3982591276285977
