ELO:1035
CE_PASSEDPAWNS:0.6599507421939153
CE_PAWNWEAKNESSES:0.4855247230586615
CE_PIECEACTIVITY:0.46701683960903306
CE_KINGPAWNSHIELD:0.6155482711843305
CE_PIECECOORDINATION:0.48826705281625893
CE_MATERIAL:0.43492857288996895
CE_KINGSAFETY:0.4966289947751411
C_PIECESQUARETABLES:0.4910700422546214
C_MOBILITY:0.4206100301496427
C_KINGSAFETY:0.6389137946880598
C_PAWNSTRUCTURE:0.45314424600837844
C_PIECECOORDINATION:0.49170416583529614
C_ROOKANDPAWNMOVEMENT:0.49170416583529614
C_CENTERCONTROL:0.5518209298561492
C_DEVELOPPIECES:0.5655474520056851
C_MATERIAL:0.444680056500017
