ELO:985
CE_PASSEDPAWNS:0.4773181821929421
CE_PAWNWEAKNESSES:0.4486141992768476
CE_PIECEACTIVITY:0.5052250436643263
CE_KINGPAWNSHIELD:0.3580875514031262
CE_PIECECOORDINATION:0.5441816282301284
CE_MATERIAL:0.5492049856276007
CE_KINGSAFETY:0.49441799977320877
C_PIECESQUARETABLES:0.5138549432049536
C_MOBILITY:0.5329974248766494
C_KINGSAFETY:0.5209941716052712
C_PAWNSTRUCTURE:0.4649615648198039
C_PIECECOORDINATION:0.4082555388707965
C_ROOKANDPAWNMOVEMENT:0.4082555388707965
C_CENTERCONTROL:0.5564274965462424
C_DEVELOPPIECES:0.5175373743813881
C_MATERIAL:0.5017308276586557
