ELO:706
CE_PASSEDPAWNS:0.4511266827469315
CE_PAWNWEAKNESSES:0.5127918905397708
CE_PIECEACTIVITY:0.44029283836723015
CE_KINGPAWNSHIELD:0.44346365748527944
CE_PIECECOORDINATION:0.403874188624225
CE_MATERIAL:0.5357608687882719
CE_KINGSAFETY:0.49287418793491533
C_PIECESQUARETABLES:0.4925041568766669
C_MOBILITY:0.48931566987163994
C_KINGSAFETY:0.4185546571995141
C_PAWNSTRUCTURE:0.3704154347608415
C_PIECECOORDINATION:0.5029068256392412
C_ROOKANDPAWNMOVEMENT:0.5029068256392412
C_CENTERCONTROL:0.5769158174230641
C_DEVELOPPIECES:0.5657171018283306
C_MATERIAL:0.5923696890866322
C_MOVECOUNT:0.5146201515895701
