ELO:997
CE_PASSEDPAWNS:0.4904386075558015
CE_PAWNWEAKNESSES:0.4656944535781233
CE_PIECEACTIVITY:0.46120669696134264
CE_KINGPAWNSHIELD:0.5737808725407638
CE_PIECECOORDINATION:0.5555219170349345
CE_MATERIAL:0.47971936875305077
CE_KINGSAFETY:0.4979863430313877
C_PIECESQUARETABLES:0.5173072765241471
C_MOBILITY:0.5192273073301934
C_KINGSAFETY:0.5875470830992002
C_PAWNSTRUCTURE:0.4333723523955958
C_PIECECOORDINATION:0.5432927258466836
C_ROOKANDPAWNMOVEMENT:0.5432927258466836
C_CENTERCONTROL:0.41505329048913087
C_DEVELOPPIECES:0.5131104296274336
C_MATERIAL:0.45848821906538056
