ELO:987
CE_PASSEDPAWNS:0.5272752805209224
CE_PAWNWEAKNESSES:0.46906242343249827
CE_PIECEACTIVITY:0.544483191715765
CE_KINGPAWNSHIELD:0.5784309660620569
CE_PIECECOORDINATION:0.5455775437630626
CE_MATERIAL:0.4821632499607873
CE_KINGSAFETY:0.4681881757712544
C_PIECESQUARETABLES:0.486566275423739
C_MOBILITY:0.5176364607876
C_KINGSAFETY:0.537900566179789
C_PAWNSTRUCTURE:0.45399924392075597
C_PIECECOORDINATION:0.5153269616963564
C_ROOKANDPAWNMOVEMENT:0.5153269616963564
C_CENTERCONTROL:0.4165903229794033
C_DEVELOPPIECES:0.5233349598967058
C_MATERIAL:0.4457359585770604
