ELO:943
CE_PASSEDPAWNS:0.5330355589166894
CE_PAWNWEAKNESSES:0.5039476574890634
CE_PIECEACTIVITY:0.5065602425056644
CE_KINGPAWNSHIELD:0.4638696389083729
CE_PIECECOORDINATION:0.49832886903960105
CE_MATERIAL:0.500383119785906
CE_KINGSAFETY:0.503289011377986
C_PIECESQUARETABLES:0.49203653484879345
C_MOBILITY:0.4686649879601509
C_KINGSAFETY:0.4980619683433639
C_PAWNSTRUCTURE:0.5371094168173465
C_PIECECOORDINATION:0.5034098870733454
C_ROOK:0.5224672773583376
CE_ROOK:0.5105989801927835
C_CENTERCONTROL:0.46123120284935526
C_DEVELOPPIECES:0.5541155018224116
C_MATERIAL:0.515405570226468
C_MOVECOUNT:0.5425210453287221
C_PAWNMOVEMENT:0.5030036312329143
