ELO:1006
CE_PASSEDPAWNS:0.5134823615172946
CE_PAWNWEAKNESSES:0.5011465682329012
CE_PIECEACTIVITY:0.5022517305842565
CE_KINGPAWNSHIELD:0.5107690850656039
CE_PIECECOORDINATION:0.49932614317069407
CE_MATERIAL:0.5039547376052514
CE_KINGSAFETY:0.4953062269733549
C_PIECESQUARETABLES:0.5098585841548586
C_MOBILITY:0.5228731936647756
C_KINGSAFETY:0.5054798973223035
C_PAWNSTRUCTURE:0.5
C_PIECECOORDINATION:0.5102876255497688
C_ROOKANDPAWNMOVEMENT:0.5102876255497688
C_CENTERCONTROL:0.4819341401761789
C_DEVELOPPIECES:0.5107600467118889
C_MATERIAL:0.49365473300316154
C_MOVECOUNT:0.5
