ELO:787
CE_PASSEDPAWNS:0.4951912224726159
CE_PAWNWEAKNESSES:0.5106443630520062
CE_PIECEACTIVITY:0.5236847152852099
CE_KINGPAWNSHIELD:0.4892017412771893
CE_PIECECOORDINATION:0.574481281804644
CE_MATERIAL:0.4506336068770291
CE_KINGSAFETY:0.5349993498194622
C_PIECESQUARETABLES:0.5033098714969435
C_MOBILITY:0.4576800481779361
C_KINGSAFETY:0.5027958883943993
C_PAWNSTRUCTURE:0.5684715860919608
C_PIECECOORDINATION:0.5337367039118097
C_ROOKANDPAWNMOVEMENT:0.5337367039118097
C_CENTERCONTROL:0.47497516244344434
C_DEVELOPPIECES:0.4581687549910654
C_MATERIAL:0.5660816490387164
C_MOVECOUNT:0.5
