ELO:983
CE_PASSEDPAWNS:0.5026682758953792
CE_PAWNWEAKNESSES:0.5545435376151856
CE_PIECEACTIVITY:0.5441324910301046
CE_KINGPAWNSHIELD:0.47758092849285133
CE_PIECECOORDINATION:0.4588742416878734
CE_MATERIAL:0.448085622464913
CE_KINGSAFETY:0.5370326988718047
C_PIECESQUARETABLES:0.49141959251393225
C_MOBILITY:0.4746997628558018
C_KINGSAFETY:0.6157013903269734
C_PAWNSTRUCTURE:0.4608559301544848
C_PIECECOORDINATION:0.5095047346632509
C_ROOKANDPAWNMOVEMENT:0.5095047346632509
C_CENTERCONTROL:0.4637072880363952
C_DEVELOPPIECES:0.5046209629668947
C_MATERIAL:0.48040287374927854
