ELO:982
CE_PASSEDPAWNS:0.5174135257437964
CE_PAWNWEAKNESSES:0.49080911620112166
CE_PIECEACTIVITY:0.5138272605526509
CE_KINGPAWNSHIELD:0.4956919606467503
CE_PIECECOORDINATION:0.49254475896054567
CE_MATERIAL:0.4712020193739987
CE_KINGSAFETY:0.5
C_PIECESQUARETABLES:0.5
C_MOBILITY:0.5030390834426404
C_KINGSAFETY:0.49955015396301927
C_PAWNSTRUCTURE:0.5097693486084198
C_PIECECOORDINATION:0.5194760211535047
C_ROOKANDPAWNMOVEMENT:0.5194760211535047
C_CENTERCONTROL:0.4967071340647892
C_DEVELOPPIECES:0.5104972820771065
C_MATERIAL:0.4916353970467618
C_MOVECOUNT:0.49939439996119966
