ELO:908
CE_PASSEDPAWNS:0.5315831506443134
CE_PAWNWEAKNESSES:0.5037929393768824
CE_PIECEACTIVITY:0.5145954020631198
CE_KINGPAWNSHIELD:0.45929845803485336
CE_PIECECOORDINATION:0.4853580638509684
CE_MATERIAL:0.5091564964126791
CE_KINGSAFETY:0.49385650089310584
C_PIECESQUARETABLES:0.5
C_MOBILITY:0.46170894832170073
C_KINGSAFETY:0.5173333280529477
C_PAWNSTRUCTURE:0.5278724557710893
C_PIECECOORDINATION:0.4803190415380107
C_ROOK:0.517397047629125
CE_ROOK:0.5276418483442669
C_CENTERCONTROL:0.44526868271276476
C_DEVELOPPIECES:0.5492231371543849
C_MATERIAL:0.5229178690445411
C_MOVECOUNT:0.5176081945352698
C_PAWNMOVEMENT:0.48250638259818335
