ELO:995
CE_PASSEDPAWNS:0.5034877447179006
CE_PAWNWEAKNESSES:0.47657461018116004
CE_PIECEACTIVITY:0.5443152592419833
CE_KINGPAWNSHIELD:0.5796960378088969
CE_PIECECOORDINATION:0.5304145149774125
CE_MATERIAL:0.48180519507368763
CE_KINGSAFETY:0.493616902894821
C_PIECESQUARETABLES:0.5027488857072079
C_MOBILITY:0.5360772241441611
C_KINGSAFETY:0.52945812268596
C_PAWNSTRUCTURE:0.4663373778549897
C_PIECECOORDINATION:0.5252087879628914
C_ROOKANDPAWNMOVEMENT:0.5252087879628914
C_CENTERCONTROL:0.4380211747616134
C_DEVELOPPIECES:0.5303734702744776
C_MATERIAL:0.43238738137004795
