ELO:974
CE_PASSEDPAWNS:0.5248461160891137
CE_PAWNWEAKNESSES:0.5286037717999732
CE_PIECEACTIVITY:0.5904462594200359
CE_KINGPAWNSHIELD:0.4941452907671743
CE_PIECECOORDINATION:0.41697212765090186
CE_MATERIAL:0.4741141634285477
CE_KINGSAFETY:0.5
C_PIECESQUARETABLES:0.5
C_MOBILITY:0.4777944191373865
C_KINGSAFETY:0.5969413430782258
C_PAWNSTRUCTURE:0.4387686971599536
C_PIECECOORDINATION:0.5512442682536755
C_ROOKANDPAWNMOVEMENT:0.5512442682536755
C_CENTERCONTROL:0.5119834901986043
C_DEVELOPPIECES:0.48185126620915875
C_MATERIAL:0.4633571393970058
