ELO:896
CE_PASSEDPAWNS:0.4408696994456742
CE_PAWNWEAKNESSES:0.5333218948172552
CE_PIECEACTIVITY:0.4971365275610279
CE_KINGPAWNSHIELD:0.4934156089721498
CE_PIECECOORDINATION:0.5273308504702258
CE_MATERIAL:0.4917730114203488
CE_KINGSAFETY:0.5314317150476099
C_PIECESQUARETABLES:0.4682504665388046
C_MOBILITY:0.529187446638757
C_KINGSAFETY:0.5795164154068168
C_PAWNSTRUCTURE:0.3609552660729074
C_PIECECOORDINATION:0.49883619138961355
C_ROOKANDPAWNMOVEMENT:0.49883619138961355
C_CENTERCONTROL:0.6306494734066433
C_DEVELOPPIECES:0.5030212287022885
C_MATERIAL:0.43144549636917406
