ELO:1030
CE_PASSEDPAWNS:0.5
CE_PAWNWEAKNESSES:0.5077128555959647
CE_PIECEACTIVITY:0.5085944728183865
CE_KINGPAWNSHIELD:0.5
CE_PIECECOORDINATION:0.5039713124353019
CE_MATERIAL:0.5
CE_KINGSAFETY:0.4929847398936027
C_PIECESQUARETABLES:0.5
C_MOBILITY:0.49491187463512887
C_KINGSAFETY:0.5
C_PAWNSTRUCTURE:0.49460286639964307
C_PIECECOORDINATION:0.5
C_ROOK:0.5
CE_ROOK:0.5
C_CENTERCONTROL:0.5
C_DEVELOPPIECES:0.5
C_MATERIAL:0.49240574310609464
C_MOVECOUNT:0.5
C_PAWNMOVEMENT:0.5
