ELO:970
CE_PASSEDPAWNS:0.5303209725431061
CE_PAWNWEAKNESSES:0.5009243432727513
CE_PIECEACTIVITY:0.5990475338200119
CE_KINGPAWNSHIELD:0.5169747330337496
CE_PIECECOORDINATION:0.4169835212667806
CE_MATERIAL:0.48269418510602125
CE_KINGSAFETY:0.5
C_PIECESQUARETABLES:0.5
C_MOBILITY:0.4810382500159972
C_KINGSAFETY:0.587453738494848
C_PAWNSTRUCTURE:0.4255236652529421
C_PIECECOORDINATION:0.5622242919447968
C_ROOKANDPAWNMOVEMENT:0.5622242919447968
C_CENTERCONTROL:0.4961275459610535
C_DEVELOPPIECES:0.4801166168366751
C_MATERIAL:0.4552733004276481
