ELO:974
CE_PASSEDPAWNS:0.522170792613443
CE_PAWNWEAKNESSES:0.49690389381834926
CE_PIECEACTIVITY:0.5510102793598609
CE_KINGPAWNSHIELD:0.4990260412985216
CE_PIECECOORDINATION:0.4936411280865604
CE_MATERIAL:0.4761907978959479
CE_KINGSAFETY:0.5
C_PIECESQUARETABLES:0.5
C_MOBILITY:0.45630228351509344
C_KINGSAFETY:0.4889139997225084
C_PAWNSTRUCTURE:0.5013322065245371
C_PIECECOORDINATION:0.5
C_ROOKANDPAWNMOVEMENT:0.5
C_CENTERCONTROL:0.5003174035303025
C_DEVELOPPIECES:0.47501224188083263
C_MATERIAL:0.4994147874719665
C_MOVECOUNT:0.4985580565361507
