ELO:1063
CE_PASSEDPAWNS:0.45946732740968116
CE_PAWNWEAKNESSES:0.46385625206315817
CE_PIECEACTIVITY:0.49238746296403196
CE_KINGPAWNSHIELD:0.4142169248644553
CE_PIECECOORDINATION:0.45252230727468323
CE_MATERIAL:0.4943070949527526
CE_KINGSAFETY:0.49516961230077644
C_PIECESQUARETABLES:0.48272090707634874
C_MOBILITY:0.4385499255420097
C_KINGSAFETY:0.6651398124446282
C_PAWNSTRUCTURE:0.4601527304459647
C_PIECECOORDINATION:0.47822734299305314
C_ROOKANDPAWNMOVEMENT:0.47822734299305314
C_CENTERCONTROL:0.4847491290804885
C_DEVELOPPIECES:0.5794453078153118
C_MATERIAL:0.40196709012409226
