ELO:1044
CE_PASSEDPAWNS:0.5026713052980661
CE_PAWNWEAKNESSES:0.515001949333463
CE_PIECEACTIVITY:0.5052091054097045
CE_KINGPAWNSHIELD:0.5005311397137886
CE_PIECECOORDINATION:0.4893504058284727
CE_MATERIAL:0.5
CE_KINGSAFETY:0.5
C_PIECESQUARETABLES:0.5
C_MOBILITY:0.49731990569851686
C_KINGSAFETY:0.4833327887955052
C_PAWNSTRUCTURE:0.4900787326071133
C_PIECECOORDINATION:0.5124269745948176
C_ROOK:0.5
CE_ROOK:0.5044407932551206
C_CENTERCONTROL:0.5
C_DEVELOPPIECES:0.501679801712066
C_MATERIAL:0.5001096358134437
C_MOVECOUNT:0.491893627719153
C_PAWNMOVEMENT:0.4992795389654028
