ELO:1069
CE_PASSEDPAWNS:0.5
CE_PAWNWEAKNESSES:0.5
CE_PIECEACTIVITY:0.49999247118596896
CE_KINGPAWNSHIELD:0.5
CE_PIECECOORDINATION:0.5
CE_MATERIAL:0.5
CE_KINGSAFETY:0.5
C_PIECESQUARETABLES:0.5
C_MOBILITY:0.4882012949921861
C_KINGSAFETY:0.5014489995702224
C_PAWNSTRUCTURE:0.499783538468481
C_PIECECOORDINATION:0.5108340780944686
C_ROOK:0.5
CE_ROOK:0.5
C_CENTERCONTROL:0.4852142059805234
C_DEVELOPPIECES:0.5074205319448555
C_MATERIAL:0.49965020343408034
C_MOVECOUNT:0.4883094125499912
C_PAWNMOVEMENT:0.48282298105511523
