ELO:946
CE_PASSEDPAWNS:0.5071970590243382
CE_PAWNWEAKNESSES:0.5434065485693458
CE_PIECEACTIVITY:0.4827625904544646
CE_KINGPAWNSHIELD:0.5253711403201022
CE_PIECECOORDINATION:0.5310421491131581
CE_MATERIAL:0.5
CE_KINGSAFETY:0.49278999363681486
C_PIECESQUARETABLES:0.5
C_MOBILITY:0.4753766188717752
C_KINGSAFETY:0.4060725003124179
C_PAWNSTRUCTURE:0.492930891632373
C_PIECECOORDINATION:0.49815880562736414
C_ROOKANDPAWNMOVEMENT:0.49815880562736414
C_CENTERCONTROL:0.5007576345950704
C_DEVELOPPIECES:0.536640451925279
C_MATERIAL:0.5201412139395994
C_MOVECOUNT:0.4657485514287328
