ELO:1022
CE_PASSEDPAWNS:0.49252832573148697
CE_PAWNWEAKNESSES:0.515001949333463
CE_PIECEACTIVITY:0.5
CE_KINGPAWNSHIELD:0.5
CE_PIECECOORDINATION:0.4893504058284727
CE_MATERIAL:0.5022511018694458
CE_KINGSAFETY:0.5
C_PIECESQUARETABLES:0.5
C_MOBILITY:0.49731990569851686
C_KINGSAFETY:0.4833327887955052
C_PAWNSTRUCTURE:0.5011896771177238
C_PIECECOORDINATION:0.5124269745948176
C_ROOK:0.5
CE_ROOK:0.5044407932551206
C_CENTERCONTROL:0.5
C_DEVELOPPIECES:0.501679801712066
C_MATERIAL:0.5001096358134437
C_MOVECOUNT:0.491893627719153
C_PAWNMOVEMENT:0.4992795389654028
