ELO:985
CE_PASSEDPAWNS:0.5045357332381657
CE_PAWNWEAKNESSES:0.5039157242731804
CE_PIECEACTIVITY:0.5007957285944589
CE_KINGPAWNSHIELD:0.5090384090037171
CE_PIECECOORDINATION:0.5029585685325888
CE_MATERIAL:0.5009766657646575
CE_KINGSAFETY:0.5191509752416281
C_PIECESQUARETABLES:0.49427343148176817
C_MOBILITY:0.5
C_KINGSAFETY:0.4941787549770131
C_PAWNSTRUCTURE:0.5090421168367348
C_PIECECOORDINATION:0.4964481993694454
C_ROOKANDPAWNMOVEMENT:0.4964481993694454
C_CENTERCONTROL:0.4747925266645505
C_DEVELOPPIECES:0.5051225743597904
C_MATERIAL:0.4689704832707837
