ELO:1005
CE_PASSEDPAWNS:0.5045636313060854
CE_PAWNWEAKNESSES:0.4883941711911471
CE_PIECEACTIVITY:0.5140086916629228
CE_KINGPAWNSHIELD:0.5115384850874811
CE_PIECECOORDINATION:0.5
CE_MATERIAL:0.49035413409634243
CE_KINGSAFETY:0.5
C_PIECESQUARETABLES:0.5
C_MOBILITY:0.5115023106231782
C_KINGSAFETY:0.5
C_PAWNSTRUCTURE:0.5082750088875655
C_PIECECOORDINATION:0.5
C_ROOKANDPAWNMOVEMENT:0.5
C_CENTERCONTROL:0.47211802285808235
C_DEVELOPPIECES:0.5217427212450777
C_MATERIAL:0.5058534149333358
C_MOVECOUNT:0.5
