ELO:1025
CE_PASSEDPAWNS:0.490839002627558
CE_PAWNWEAKNESSES:0.5
CE_PIECEACTIVITY:0.4965050794124588
CE_KINGPAWNSHIELD:0.5153175121315582
CE_PIECECOORDINATION:0.48715998810015215
CE_MATERIAL:0.4761907978959479
CE_KINGSAFETY:0.5
C_PIECESQUARETABLES:0.5
C_MOBILITY:0.4877373389429647
C_KINGSAFETY:0.48894686486102423
C_PAWNSTRUCTURE:0.5049103851457953
C_PIECECOORDINATION:0.5031268415324197
C_ROOKANDPAWNMOVEMENT:0.5031268415324197
C_CENTERCONTROL:0.5034424817642819
C_DEVELOPPIECES:0.5
C_MATERIAL:0.48755005193927153
C_MOVECOUNT:0.4978195245944477
