ELO:990
CE_PASSEDPAWNS:0.39645950946789865
CE_PAWNWEAKNESSES:0.45008554532495343
CE_PIECEACTIVITY:0.5079089744217373
CE_KINGPAWNSHIELD:0.48500690864790497
CE_PIECECOORDINATION:0.6092782055877115
CE_MATERIAL:0.41237886705497595
CE_KINGSAFETY:0.5
C_PIECESQUARETABLES:0.5
C_MOBILITY:0.6106926406709041
C_KINGSAFETY:0.5735320334538593
C_PAWNSTRUCTURE:0.619085600604868
C_PIECECOORDINATION:0.6089087037188613
C_ROOKANDPAWNMOVEMENT:0.6089087037188613
C_CENTERCONTROL:0.381119733211156
C_DEVELOPPIECES:0.5415288184457425
C_MATERIAL:0.5866536899795093
