ELO:968
CE_PASSEDPAWNS:0.46025577680909235
CE_PAWNWEAKNESSES:0.5209074341993857
CE_PIECEACTIVITY:0.5221544173318787
CE_KINGPAWNSHIELD:0.512395667883618
CE_PIECECOORDINATION:0.5413011224227618
CE_MATERIAL:0.46684185443531806
CE_KINGSAFETY:0.5158790980259512
C_PIECESQUARETABLES:0.48660032483330634
C_MOBILITY:0.5301089708253507
C_KINGSAFETY:0.5713766716775289
C_PAWNSTRUCTURE:0.3803760306025687
C_PIECECOORDINATION:0.5116918346326047
C_ROOKANDPAWNMOVEMENT:0.5116918346326047
C_CENTERCONTROL:0.6367840834262171
C_DEVELOPPIECES:0.5151309429492285
C_MATERIAL:0.4487054174183222
