ELO:975
CE_PASSEDPAWNS:0.5416877728438726
CE_PAWNWEAKNESSES:0.4919223096499191
CE_PIECEACTIVITY:0.5056776074918619
CE_KINGPAWNSHIELD:0.5
CE_PIECECOORDINATION:0.5283304001179073
CE_MATERIAL:0.4957004086323476
CE_KINGSAFETY:0.5136918988995792
C_PIECESQUARETABLES:0.5
C_MOBILITY:0.49896429214417504
C_KINGSAFETY:0.5096344012024692
C_PAWNSTRUCTURE:0.37054878735547075
C_PIECECOORDINATION:0.5
C_ROOKANDPAWNMOVEMENT:0.5
C_CENTERCONTROL:0.47211802285808235
C_DEVELOPPIECES:0.5096413276279392
C_MATERIAL:0.4831849542832359
C_MOVECOUNT:0.5
