ELO:993
CE_PASSEDPAWNS:0.5134823615172946
CE_PAWNWEAKNESSES:0.5
CE_PIECEACTIVITY:0.507644747838215
CE_KINGPAWNSHIELD:0.5106077318665008
CE_PIECECOORDINATION:0.511431261866921
CE_MATERIAL:0.5080119589208594
CE_KINGSAFETY:0.5
C_PIECESQUARETABLES:0.5
C_MOBILITY:0.5228731936647756
C_KINGSAFETY:0.48776248729166843
C_PAWNSTRUCTURE:0.4980222738517495
C_PIECECOORDINATION:0.5
C_ROOKANDPAWNMOVEMENT:0.5
C_CENTERCONTROL:0.5127121067714596
C_DEVELOPPIECES:0.49470328027856153
C_MATERIAL:0.5091911205602955
C_MOVECOUNT:0.5
