ELO:992
CE_PASSEDPAWNS:0.49627853974913144
CE_PAWNWEAKNESSES:0.4560372612110371
CE_PIECEACTIVITY:0.5037597195482715
CE_KINGPAWNSHIELD:0.539530028958938
CE_PIECECOORDINATION:0.5710266750816623
CE_MATERIAL:0.4562252735033027
CE_KINGSAFETY:0.4940638177187953
C_PIECESQUARETABLES:0.48303080054301356
C_MOBILITY:0.5069619773565607
C_KINGSAFETY:0.6072394634967943
C_PAWNSTRUCTURE:0.44265943229921023
C_PIECECOORDINATION:0.5435003357660818
C_ROOKANDPAWNMOVEMENT:0.5435003357660818
C_CENTERCONTROL:0.4046936290054804
C_DEVELOPPIECES:0.5054031181320822
C_MATERIAL:0.4578138278427558
