ELO:936
CE_PASSEDPAWNS:0.5363011303175228
CE_PAWNWEAKNESSES:0.49081088783099747
CE_PIECEACTIVITY:0.4976138758816841
CE_KINGPAWNSHIELD:0.4638696389083729
CE_PIECECOORDINATION:0.48321083156723693
CE_MATERIAL:0.5141780496804862
CE_KINGSAFETY:0.4883671337498335
C_PIECESQUARETABLES:0.5116119756948246
C_MOBILITY:0.4736172687392245
C_KINGSAFETY:0.4980619683433639
C_PAWNSTRUCTURE:0.5424588191636251
C_PIECECOORDINATION:0.5045556307515688
C_ROOK:0.5275837263337694
CE_ROOK:0.532542996600234
C_CENTERCONTROL:0.4782747190505691
C_DEVELOPPIECES:0.5514895573249224
C_MATERIAL:0.4910667596580574
C_MOVECOUNT:0.5412497010507005
C_PAWNMOVEMENT:0.5019692182277085
