ELO:962
CE_PASSEDPAWNS:0.4777392985616028
CE_PAWNWEAKNESSES:0.4441966857689852
CE_PIECEACTIVITY:0.5023078892508906
CE_KINGPAWNSHIELD:0.4609383413292901
CE_PIECECOORDINATION:0.4875623156123702
CE_MATERIAL:0.5215701252880488
CE_KINGSAFETY:0.5107302541736002
C_PIECESQUARETABLES:0.48170961576486443
C_MOBILITY:0.5174494544437656
C_KINGSAFETY:0.5052179518990155
C_PAWNSTRUCTURE:0.5090804724807344
C_PIECECOORDINATION:0.5
C_ROOKANDPAWNMOVEMENT:0.5
C_CENTERCONTROL:0.46752981485419226
C_DEVELOPPIECES:0.5052489829813462
C_MATERIAL:0.555497271901911
C_MOVECOUNT:0.5
