ELO:1005
CE_PASSEDPAWNS:0.5134823615172946
CE_PAWNWEAKNESSES:0.5
CE_PIECEACTIVITY:0.507644747838215
CE_KINGPAWNSHIELD:0.5106077318665008
CE_PIECECOORDINATION:0.5070347646763855
CE_MATERIAL:0.5080119589208594
CE_KINGSAFETY:0.5
C_PIECESQUARETABLES:0.5
C_MOBILITY:0.5
C_KINGSAFETY:0.48776248729166843
C_PAWNSTRUCTURE:0.5
C_PIECECOORDINATION:0.5092133361444846
C_ROOKANDPAWNMOVEMENT:0.5092133361444846
C_CENTERCONTROL:0.5127121067714596
C_DEVELOPPIECES:0.4981135071253161
C_MATERIAL:0.5114105776332671
C_MOVECOUNT:0.48910057381025596
