ELO:994
CE_PASSEDPAWNS:0.4966378322791367
CE_PAWNWEAKNESSES:0.4975080438846542
CE_PIECEACTIVITY:0.5155481058700184
CE_KINGPAWNSHIELD:0.5143704068076096
CE_PIECECOORDINATION:0.4889633680683425
CE_MATERIAL:0.4826208425218473
CE_KINGSAFETY:0.4905791451353384
C_PIECESQUARETABLES:0.49044149963985606
C_MOBILITY:0.4962627852293905
C_KINGSAFETY:0.5272705797371378
C_PAWNSTRUCTURE:0.5103263858960816
C_PIECECOORDINATION:0.48483568098550467
C_ROOKANDPAWNMOVEMENT:0.48483568098550467
C_CENTERCONTROL:0.5209523048047627
C_DEVELOPPIECES:0.4990622213741163
C_MATERIAL:0.49759331858522954
C_MOVECOUNT:0.5
