ELO:955
CE_PASSEDPAWNS:0.5363011303175228
CE_PAWNWEAKNESSES:0.4896933153546517
CE_PIECEACTIVITY:0.4825267426920574
CE_KINGPAWNSHIELD:0.4739360734112349
CE_PIECECOORDINATION:0.48824783824398477
CE_MATERIAL:0.49354832736282134
CE_KINGSAFETY:0.4844086219748242
C_PIECESQUARETABLES:0.49220566113205916
C_MOBILITY:0.48724145310056777
C_KINGSAFETY:0.5044161622277576
C_PAWNSTRUCTURE:0.5378215407589092
C_PIECECOORDINATION:0.4960921966259889
C_ROOK:0.5230729185486835
CE_ROOK:0.5185833713482717
C_CENTERCONTROL:0.47762394428409743
C_DEVELOPPIECES:0.54067344829257
C_MATERIAL:0.4907302443354715
C_MOVECOUNT:0.5325839807772109
C_PAWNMOVEMENT:0.5028673474193338
