ELO:1011
CE_PASSEDPAWNS:0.5
CE_PAWNWEAKNESSES:0.5
CE_PIECEACTIVITY:0.5
CE_KINGPAWNSHIELD:0.5
CE_PIECECOORDINATION:0.5
CE_MATERIAL:0.4883516071577533
CE_KINGSAFETY:0.5059157860354052
C_PIECESQUARETABLES:0.5
C_MOBILITY:0.5
C_KINGSAFETY:0.5
C_PAWNSTRUCTURE:0.5118147379932126
C_PIECECOORDINATION:0.496243194041132
C_ROOKANDPAWNMOVEMENT:0.496243194041132
C_CENTERCONTROL:0.5
C_DEVELOPPIECES:0.4997698200925969
C_MATERIAL:0.49447225261163075
C_MOVECOUNT:0.5
