ELO:968
CE_PASSEDPAWNS:0.4729760683916298
CE_PAWNWEAKNESSES:0.48596883096053656
CE_PIECEACTIVITY:0.4953851301263085
CE_KINGPAWNSHIELD:0.4821007658099792
CE_PIECECOORDINATION:0.48957751907913627
CE_MATERIAL:0.48938469583645317
CE_KINGSAFETY:0.5071194694386373
C_PIECESQUARETABLES:0.5009440590961748
C_MOBILITY:0.5503935476472192
C_KINGSAFETY:0.4816535746827681
C_PAWNSTRUCTURE:0.5122808374934339
C_PIECECOORDINATION:0.4978046757467898
C_ROOKANDPAWNMOVEMENT:0.4978046757467898
C_CENTERCONTROL:0.5536893701857054
C_DEVELOPPIECES:0.5112666072212199
C_MATERIAL:0.49740582581210996
C_MOVECOUNT:0.5
