ELO:978
CE_PASSEDPAWNS:0.5023873624880882
CE_PAWNWEAKNESSES:0.5378138536867874
CE_PIECEACTIVITY:0.5522530691119719
CE_KINGPAWNSHIELD:0.5342941244210528
CE_PIECECOORDINATION:0.5620450345535717
CE_MATERIAL:0.48578632031450625
CE_KINGSAFETY:0.5
C_PIECESQUARETABLES:0.5
C_MOBILITY:0.49473388209296193
C_KINGSAFETY:0.49801781298653286
C_PAWNSTRUCTURE:0.5426560510195958
C_PIECECOORDINATION:0.4886952504622602
C_ROOK:0.5341828004218465
CE_ROOK:0.49864703416653083
C_CENTERCONTROL:0.49044708009795795
C_DEVELOPPIECES:0.49326987677886586
C_MATERIAL:0.4683419706100968
C_MOVECOUNT:0.49365857020253057
C_PAWNMOVEMENT:0.4780333753496678
