ELO:815
CE_PASSEDPAWNS:0.4202945521835428
CE_PAWNWEAKNESSES:0.5026416165276976
CE_PIECEACTIVITY:0.49477510300300853
CE_KINGPAWNSHIELD:0.4975619867821816
CE_PIECECOORDINATION:0.5920908503719156
CE_MATERIAL:0.4979739957882102
CE_KINGSAFETY:0.5658178400284339
C_PIECESQUARETABLES:0.4946499831222866
C_MOBILITY:0.47240462595780586
C_KINGSAFETY:0.4982775683097513
C_PAWNSTRUCTURE:0.5353778684649797
C_PIECECOORDINATION:0.5837910309193347
C_ROOKANDPAWNMOVEMENT:0.5837910309193347
C_CENTERCONTROL:0.4529731940383651
C_DEVELOPPIECES:0.4500243878335939
C_MATERIAL:0.5767582474655546
C_MOVECOUNT:0.5
