ELO:889
CE_PASSEDPAWNS:0.6640121226943861
CE_PAWNWEAKNESSES:0.5246046038177986
CE_PIECEACTIVITY:0.4408242426236676
CE_KINGPAWNSHIELD:0.541405423097538
CE_PIECECOORDINATION:0.44713912079597007
CE_MATERIAL:0.487427962885462
CE_KINGSAFETY:0.4906564647656429
C_PIECESQUARETABLES:0.5
C_MOBILITY:0.5059740806625723
C_KINGSAFETY:0.439147395781964
C_PAWNSTRUCTURE:0.4343922335330648
C_PIECECOORDINATION:0.504408658369217
C_ROOKANDPAWNMOVEMENT:0.504408658369217
C_CENTERCONTROL:0.5758085595677075
C_DEVELOPPIECES:0.5631743475108579
C_MATERIAL:0.5505044483965275
