ELO:1005
CE_PASSEDPAWNS:0.512387411274221
CE_PAWNWEAKNESSES:0.49080039605124
CE_PIECEACTIVITY:0.4972050605488571
CE_KINGPAWNSHIELD:0.5143704068076096
CE_PIECECOORDINATION:0.5
CE_MATERIAL:0.5
CE_KINGSAFETY:0.4905791451353384
C_PIECESQUARETABLES:0.5007607758684842
C_MOBILITY:0.5
C_KINGSAFETY:0.49094559585547876
C_PAWNSTRUCTURE:0.49651141209738214
C_PIECECOORDINATION:0.5
C_ROOKANDPAWNMOVEMENT:0.5
C_CENTERCONTROL:0.5209523048047627
C_DEVELOPPIECES:0.5
C_MATERIAL:0.49759331858522954
C_MOVECOUNT:0.5
