ELO:953
CE_PASSEDPAWNS:0.5363011303175228
CE_PAWNWEAKNESSES:0.49081088783099747
CE_PIECEACTIVITY:0.4825267426920574
CE_KINGPAWNSHIELD:0.4739360734112349
CE_PIECECOORDINATION:0.48824783824398477
CE_MATERIAL:0.5022366612658972
CE_KINGSAFETY:0.5
C_PIECESQUARETABLES:0.5
C_MOBILITY:0.48368099904009226
C_KINGSAFETY:0.5044161622277576
C_PAWNSTRUCTURE:0.5378215407589092
C_PIECECOORDINATION:0.4960921966259889
C_ROOK:0.5230729185486835
CE_ROOK:0.5185833713482717
C_CENTERCONTROL:0.4782747190505691
C_DEVELOPPIECES:0.54067344829257
C_MATERIAL:0.4907302443354715
C_MOVECOUNT:0.5393777600873616
C_PAWNMOVEMENT:0.5028673474193338
