ELO:995
CE_PASSEDPAWNS:0.5
CE_PAWNWEAKNESSES:0.4918759302449162
CE_PIECEACTIVITY:0.5091449587301047
CE_KINGPAWNSHIELD:0.5107690850656039
CE_PIECECOORDINATION:0.5103619522434555
CE_MATERIAL:0.5006232855232948
CE_KINGSAFETY:0.5
C_PIECESQUARETABLES:0.5
C_MOBILITY:0.5123324185819127
C_KINGSAFETY:0.5039636332376942
C_PAWNSTRUCTURE:0.5176961778415572
C_PIECECOORDINATION:0.5053501733667596
C_ROOKANDPAWNMOVEMENT:0.5053501733667596
C_CENTERCONTROL:0.4819341401761789
C_DEVELOPPIECES:0.5
C_MATERIAL:0.5036494666451189
C_MOVECOUNT:0.5
