ELO:849
CE_PASSEDPAWNS:0.4257510215021004
CE_PAWNWEAKNESSES:0.5123807752303032
CE_PIECEACTIVITY:0.4811910032254956
CE_KINGPAWNSHIELD:0.4864615342446509
CE_PIECECOORDINATION:0.5854834463249343
CE_MATERIAL:0.5011402397357577
CE_KINGSAFETY:0.5627895126037339
C_PIECESQUARETABLES:0.4838423487499215
C_MOBILITY:0.44342372231241023
C_KINGSAFETY:0.4649111266475035
C_PAWNSTRUCTURE:0.5309981598280069
C_PIECECOORDINATION:0.6068612637547068
C_ROOKANDPAWNMOVEMENT:0.6068612637547068
C_CENTERCONTROL:0.42744035485384213
C_DEVELOPPIECES:0.410184994731897
C_MATERIAL:0.5751998012913115
C_MOVECOUNT:0.5
