ELO:939
CE_PASSEDPAWNS:0.5081192366261944
CE_PAWNWEAKNESSES:0.4893966176056234
CE_PIECEACTIVITY:0.5748292725502758
CE_KINGPAWNSHIELD:0.5091003630663713
CE_PIECECOORDINATION:0.4368999402381006
CE_MATERIAL:0.4779275238242588
CE_KINGSAFETY:0.500674000069914
C_PIECESQUARETABLES:0.5221402610948496
C_MOBILITY:0.4821899833277077
C_KINGSAFETY:0.5707692489417491
C_PAWNSTRUCTURE:0.3877752987152123
C_PIECECOORDINATION:0.5657809533130546
C_ROOKANDPAWNMOVEMENT:0.5657809533130546
C_CENTERCONTROL:0.4984003277874134
C_DEVELOPPIECES:0.47833565074558365
C_MATERIAL:0.48093662549126365
