ELO:1002
CE_PASSEDPAWNS:0.4895886156742217
CE_PAWNWEAKNESSES:0.5593902848752755
CE_PIECEACTIVITY:0.5195730207955412
CE_KINGPAWNSHIELD:0.49950495043330295
CE_PIECECOORDINATION:0.4528617296195954
CE_MATERIAL:0.4543758458272253
CE_KINGSAFETY:0.5231764229176871
C_PIECESQUARETABLES:0.4595970386138094
C_MOBILITY:0.45375670776002663
C_KINGSAFETY:0.5830116778034459
C_PAWNSTRUCTURE:0.4968711295276745
C_PIECECOORDINATION:0.48609256535787204
C_ROOKANDPAWNMOVEMENT:0.48609256535787204
C_CENTERCONTROL:0.4373032548229367
C_DEVELOPPIECES:0.5155735343382095
C_MATERIAL:0.5076821189068137
