ELO:952
CE_PASSEDPAWNS:0.5224265081888175
CE_PAWNWEAKNESSES:0.5145269117306055
CE_PIECEACTIVITY:0.5065602425056644
CE_KINGPAWNSHIELD:0.4638696389083729
CE_PIECECOORDINATION:0.49071278058064444
CE_MATERIAL:0.500383119785906
CE_KINGSAFETY:0.48726273867337566
C_PIECESQUARETABLES:0.5
C_MOBILITY:0.46521864133235713
C_KINGSAFETY:0.48816754275723023
C_PAWNSTRUCTURE:0.5351425202495413
C_PIECECOORDINATION:0.4803190415380107
C_ROOK:0.5190267628758349
CE_ROOK:0.5105989801927835
C_CENTERCONTROL:0.4568446734946477
C_DEVELOPPIECES:0.5612189290772922
C_MATERIAL:0.5169621456513904
C_MOVECOUNT:0.5272154069049826
C_PAWNMOVEMENT:0.4930362537366958
