ELO:1013
CE_PASSEDPAWNS:0.4808200792121045
CE_PAWNWEAKNESSES:0.5
CE_PIECEACTIVITY:0.51219038230325
CE_KINGPAWNSHIELD:0.48871042208150695
CE_PIECECOORDINATION:0.5065216355875116
CE_MATERIAL:0.46144641990871865
CE_KINGSAFETY:0.5
C_PIECESQUARETABLES:0.5
C_MOBILITY:0.5116963991563891
C_KINGSAFETY:0.4889139997225084
C_PAWNSTRUCTURE:0.4974322311501861
C_PIECECOORDINATION:0.4939822877014159
C_ROOKANDPAWNMOVEMENT:0.4939822877014159
C_CENTERCONTROL:0.5027312069800711
C_DEVELOPPIECES:0.4934302577550171
C_MATERIAL:0.5239856141398592
C_MOVECOUNT:0.4974783423989626
