ELO:1050
CE_PASSEDPAWNS:0.4917338467934456
CE_PAWNWEAKNESSES:0.41843786551288553
CE_PIECEACTIVITY:0.5037351338909941
CE_KINGPAWNSHIELD:0.41171536837027733
CE_PIECECOORDINATION:0.557706568123194
CE_MATERIAL:0.456094382301981
CE_KINGSAFETY:0.5076745732552079
C_PIECESQUARETABLES:0.5058582685285166
C_MOBILITY:0.4455494644967089
C_KINGSAFETY:0.6521372374422157
C_PAWNSTRUCTURE:0.46089834878684977
C_PIECECOORDINATION:0.49490122073259263
C_ROOKANDPAWNMOVEMENT:0.49490122073259263
C_CENTERCONTROL:0.47348838100201446
C_DEVELOPPIECES:0.5078768492951226
C_MATERIAL:0.39710960612452373
