ELO:957
CE_PASSEDPAWNS:0.5248957485138639
CE_PAWNWEAKNESSES:0.5027997697394301
CE_PIECEACTIVITY:0.5065602425056644
CE_KINGPAWNSHIELD:0.4638696389083729
CE_PIECECOORDINATION:0.4829043489007305
CE_MATERIAL:0.49936553066158046
CE_KINGSAFETY:0.4883671337498335
C_PIECESQUARETABLES:0.49942585474507245
C_MOBILITY:0.4736172687392245
C_KINGSAFETY:0.4980619683433639
C_PAWNSTRUCTURE:0.5429575343904686
C_PIECECOORDINATION:0.5034098870733454
C_ROOK:0.5275837263337694
CE_ROOK:0.5219877312332808
C_CENTERCONTROL:0.4782747190505691
C_DEVELOPPIECES:0.5514895573249224
C_MATERIAL:0.4910667596580574
C_MOVECOUNT:0.5499675915974078
C_PAWNMOVEMENT:0.5030036312329143
