ELO:988
CE_PASSEDPAWNS:0.48776903470368566
CE_PAWNWEAKNESSES:0.475843219734477
CE_PIECEACTIVITY:0.4994497267948467
CE_KINGPAWNSHIELD:0.5100949539134413
CE_PIECECOORDINATION:0.525119975530084
CE_MATERIAL:0.4858720975484892
CE_KINGSAFETY:0.4949392220739091
C_PIECESQUARETABLES:0.5054170203208289
C_MOBILITY:0.5101124509834839
C_KINGSAFETY:0.49902032632749227
C_PAWNSTRUCTURE:0.5098472482330738
C_PIECECOORDINATION:0.4900581901944846
C_ROOKANDPAWNMOVEMENT:0.4900581901944846
C_CENTERCONTROL:0.5038952010367849
C_DEVELOPPIECES:0.514750598443005
C_MATERIAL:0.4987069452587998
C_MOVECOUNT:0.5
