ELO:825
CE_PASSEDPAWNS:0.4772360591485572
CE_PAWNWEAKNESSES:0.57719298967216
CE_PIECEACTIVITY:0.5620285781359288
CE_KINGPAWNSHIELD:0.40041216055866635
CE_PIECECOORDINATION:0.5113168694169612
CE_MATERIAL:0.48263896372826065
CE_KINGSAFETY:0.519886432810528
C_PIECESQUARETABLES:0.45995341228175946
C_MOBILITY:0.5134309960750792
C_KINGSAFETY:0.5482145078075895
C_PAWNSTRUCTURE:0.46176908588304366
C_PIECECOORDINATION:0.435070180355763
C_ROOKANDPAWNMOVEMENT:0.435070180355763
C_CENTERCONTROL:0.4734779669099587
C_DEVELOPPIECES:0.4059586070348229
C_MATERIAL:0.47730397748015435
C_MOVECOUNT:0.4360516167190677
