ELO:999
CE_PASSEDPAWNS:0.5062148629114965
CE_PAWNWEAKNESSES:0.41519976473592934
CE_PIECEACTIVITY:0.4920725869178032
CE_KINGPAWNSHIELD:0.5754664855132782
CE_PIECECOORDINATION:0.5484014687603962
CE_MATERIAL:0.5495355015846588
CE_KINGSAFETY:0.48973786515767176
C_PIECESQUARETABLES:0.5
C_MOBILITY:0.558447378023799
C_KINGSAFETY:0.4338715722775219
C_PAWNSTRUCTURE:0.4887098153178523
C_PIECECOORDINATION:0.424844702879032
C_ROOKANDPAWNMOVEMENT:0.424844702879032
C_CENTERCONTROL:0.5357561595652648
C_DEVELOPPIECES:0.4643350310254961
C_MATERIAL:0.47681265818188084
