ELO:1000
CE_PASSEDPAWNS:0.4845271081808615
CE_PAWNWEAKNESSES:0.5048634146728033
CE_PIECEACTIVITY:0.4815663210761111
CE_KINGPAWNSHIELD:0.5081889720155718
CE_PIECECOORDINATION:0.5076667636832966
CE_MATERIAL:0.45663954064783757
CE_KINGSAFETY:0.48762758126923794
C_PIECESQUARETABLES:0.4614072062175183
C_MOBILITY:0.48520970012034426
C_KINGSAFETY:0.5164655612132271
C_PAWNSTRUCTURE:0.4975275314289251
C_PIECECOORDINATION:0.47971434323459716
C_ROOKANDPAWNMOVEMENT:0.47971434323459716
C_CENTERCONTROL:0.4909556404692482
C_DEVELOPPIECES:0.4821348425595438
C_MATERIAL:0.5205662814140274
