ELO:978
CE_PASSEDPAWNS:0.4010924833850646
CE_PAWNWEAKNESSES:0.5742586720239122
CE_PIECEACTIVITY:0.468570155192207
CE_KINGPAWNSHIELD:0.47785980202311934
CE_PIECECOORDINATION:0.5388088651395543
CE_MATERIAL:0.452718918675173
CE_KINGSAFETY:0.4881371515756942
C_PIECESQUARETABLES:0.4893760568473182
C_MOBILITY:0.5389226056225073
C_KINGSAFETY:0.4368911388503961
C_PAWNSTRUCTURE:0.5108844383050825
C_PIECECOORDINATION:0.5930109428251368
C_ROOKANDPAWNMOVEMENT:0.5930109428251368
C_CENTERCONTROL:0.5831658527824513
C_DEVELOPPIECES:0.5376720448345467
C_MATERIAL:0.48017172171985345
