ELO:994
CE_PASSEDPAWNS:0.5043971454661136
CE_PAWNWEAKNESSES:0.5237087331859002
CE_PIECEACTIVITY:0.5
CE_KINGPAWNSHIELD:0.5
CE_PIECECOORDINATION:0.49517672315237443
CE_MATERIAL:0.5050576059334686
CE_KINGSAFETY:0.5038772557621031
C_PIECESQUARETABLES:0.49766111240135236
C_MOBILITY:0.49328831734189743
C_KINGSAFETY:0.49997373436425135
C_PAWNSTRUCTURE:0.49471032901793244
C_PIECECOORDINATION:0.49275663780377865
C_ROOKANDPAWNMOVEMENT:0.49275663780377865
C_CENTERCONTROL:0.5025772434988779
C_DEVELOPPIECES:0.5033911688021301
C_MATERIAL:0.5094687889962815
