ELO:940
CE_PASSEDPAWNS:0.3798829298085501
CE_PAWNWEAKNESSES:0.5038102389464278
CE_PIECEACTIVITY:0.4481166412264119
CE_KINGPAWNSHIELD:0.5198572306028294
CE_PIECECOORDINATION:0.5105568288369083
CE_MATERIAL:0.4950497509564432
CE_KINGSAFETY:0.5062683343063809
C_PIECESQUARETABLES:0.48977778776361375
C_MOBILITY:0.5716819851809698
C_KINGSAFETY:0.46026434711283903
C_PAWNSTRUCTURE:0.5658674509692136
C_PIECECOORDINATION:0.5582181485028161
C_ROOKANDPAWNMOVEMENT:0.5582181485028161
C_CENTERCONTROL:0.5601448759721769
C_DEVELOPPIECES:0.570749734889912
C_MATERIAL:0.5293870987945026
