ELO:797
CE_PASSEDPAWNS:0.4611531491513896
CE_PAWNWEAKNESSES:0.4913904775960919
CE_PIECEACTIVITY:0.4936221852560215
CE_KINGPAWNSHIELD:0.4268682418562441
CE_PIECECOORDINATION:0.5403378440493084
CE_MATERIAL:0.5500073280500352
CE_KINGSAFETY:0.4818583314299103
C_PIECESQUARETABLES:0.4953788420551452
C_MOBILITY:0.5135886532130787
C_KINGSAFETY:0.5182261571247916
C_PAWNSTRUCTURE:0.4793469994842457
C_PIECECOORDINATION:0.4591337313827407
C_ROOKANDPAWNMOVEMENT:0.4591337313827407
C_CENTERCONTROL:0.5230338589314877
C_DEVELOPPIECES:0.5759814730736726
C_MATERIAL:0.5175738600697426
C_MOVECOUNT:0.4742976728423253
