ELO:794
CE_PASSEDPAWNS:0.45729224783160055
CE_PAWNWEAKNESSES:0.4822814303088216
CE_PIECEACTIVITY:0.4899310293195195
CE_KINGPAWNSHIELD:0.5380495767918122
CE_PIECECOORDINATION:0.5578188623661171
CE_MATERIAL:0.4951881552721709
CE_KINGSAFETY:0.539796025036951
C_PIECESQUARETABLES:0.5015975805118085
C_MOBILITY:0.4985034877630845
C_KINGSAFETY:0.44893174847545775
C_PAWNSTRUCTURE:0.43945105325214123
C_PIECECOORDINATION:0.5348584063092154
C_ROOKANDPAWNMOVEMENT:0.5348584063092154
C_CENTERCONTROL:0.5076472818099766
C_DEVELOPPIECES:0.5103179741862772
C_MATERIAL:0.5468846362187255
C_MOVECOUNT:0.5
