ELO:932
CE_PASSEDPAWNS:0.5174388127480816
CE_PAWNWEAKNESSES:0.5309250401439599
CE_PIECEACTIVITY:0.5291529017350607
CE_KINGPAWNSHIELD:0.4744405155912182
CE_PIECECOORDINATION:0.5027841994303496
CE_MATERIAL:0.4612764444987123
CE_KINGSAFETY:0.5033840123774929
C_PIECESQUARETABLES:0.4831726495809949
C_MOBILITY:0.4782883293991869
C_KINGSAFETY:0.6318106421784011
C_PAWNSTRUCTURE:0.5641740439833884
C_PIECECOORDINATION:0.465365626281485
C_ROOKANDPAWNMOVEMENT:0.465365626281485
C_CENTERCONTROL:0.6179463927929647
C_DEVELOPPIECES:0.44953354309646354
C_MATERIAL:0.5355492675509166
