ELO:1000
CE_PASSEDPAWNS:0.4824162198378756
CE_PAWNWEAKNESSES:0.5185884832388543
CE_PIECEACTIVITY:0.4863305461897761
CE_KINGPAWNSHIELD:0.5
CE_PIECECOORDINATION:0.4918892522158005
CE_MATERIAL:0.486330426860426
CE_KINGSAFETY:0.4829609624845177
C_PIECESQUARETABLES:0.5080134132093304
C_MOBILITY:0.508810321543077
C_KINGSAFETY:0.4876869400960383
C_PAWNSTRUCTURE:0.4591858128551913
C_PIECECOORDINATION:0.5206139917429363
C_ROOKANDPAWNMOVEMENT:0.5206139917429363
C_CENTERCONTROL:0.5079967102119051
C_DEVELOPPIECES:0.5045569268628267
C_MATERIAL:0.5168472814403087
