ELO:1000
CE_PASSEDPAWNS:0.49634641399165513
CE_PAWNWEAKNESSES:0.5080579446242409
CE_PIECEACTIVITY:0.4932136963757218
CE_KINGPAWNSHIELD:0.4909638477730291
CE_PIECECOORDINATION:0.5033486303460715
CE_MATERIAL:0.4933980169439123
CE_KINGSAFETY:0.49925691356717045
C_PIECESQUARETABLES:0.5062511385079808
C_MOBILITY:0.5239028949094269
C_KINGSAFETY:0.5238420677510558
C_PAWNSTRUCTURE:0.5147140946040198
C_PIECECOORDINATION:0.48512764392541213
C_ROOKANDPAWNMOVEMENT:0.48512764392541213
C_CENTERCONTROL:0.5432127364519497
C_DEVELOPPIECES:0.5283117605535436
C_MATERIAL:0.519617331778743
