ELO:1070
CE_PASSEDPAWNS:0.48918380166755765
CE_PAWNWEAKNESSES:0.45790605896457093
CE_PIECEACTIVITY:0.4896930497988849
CE_KINGPAWNSHIELD:0.44163490662974564
CE_PIECECOORDINATION:0.5097269414023637
CE_MATERIAL:0.5072677713112468
CE_KINGSAFETY:0.5010249123584564
C_PIECESQUARETABLES:0.5
C_MOBILITY:0.5227632607881241
C_KINGSAFETY:0.5678743419962452
C_PAWNSTRUCTURE:0.5402429035349409
C_PIECECOORDINATION:0.5009818748508645
C_ROOKANDPAWNMOVEMENT:0.5009818748508645
C_CENTERCONTROL:0.4984967620330958
C_DEVELOPPIECES:0.5
C_MATERIAL:0.5
C_MOVECOUNT:0.5
