ELO:846
CE_PASSEDPAWNS:0.45870004820264576
CE_PAWNWEAKNESSES:0.4273689205248635
CE_PIECEACTIVITY:0.4227465612303528
CE_KINGPAWNSHIELD:0.6617892162145221
CE_PIECECOORDINATION:0.45924860760581343
CE_MATERIAL:0.563584361874954
CE_KINGSAFETY:0.4935333447889166
C_PIECESQUARETABLES:0.4619327200217537
C_MOBILITY:0.4309289984156384
C_KINGSAFETY:0.539680801981749
C_PAWNSTRUCTURE:0.5930483504513532
C_PIECECOORDINATION:0.3608108207409478
C_ROOKANDPAWNMOVEMENT:0.3608108207409478
C_CENTERCONTROL:0.6617137327753315
C_DEVELOPPIECES:0.6427823682120705
C_MATERIAL:0.5231437885829059
