ELO:904
CE_PASSEDPAWNS:0.3525076506926778
CE_PAWNWEAKNESSES:0.48780226564167684
CE_PIECEACTIVITY:0.4329530421904262
CE_KINGPAWNSHIELD:0.5500365016086832
CE_PIECECOORDINATION:0.503192320452913
CE_MATERIAL:0.5084523657867672
CE_KINGSAFETY:0.48992025226532787
C_PIECESQUARETABLES:0.46343299854914044
C_MOBILITY:0.5802782977068504
C_KINGSAFETY:0.5019150934137041
C_PAWNSTRUCTURE:0.5845965295116821
C_PIECECOORDINATION:0.5928943656508383
C_ROOKANDPAWNMOVEMENT:0.5928943656508383
C_CENTERCONTROL:0.6014722033706832
C_DEVELOPPIECES:0.5948952776163018
C_MATERIAL:0.5522439194739202
