ELO:1116
CE_PASSEDPAWNS:0.4948427292618502
CE_PAWNWEAKNESSES:0.39252326647094454
CE_PIECEACTIVITY:0.4732412639064044
CE_KINGPAWNSHIELD:0.5005407074366659
CE_PIECECOORDINATION:0.491468146052992
CE_MATERIAL:0.49735430658636265
CE_KINGSAFETY:0.4774414224398658
C_PIECESQUARETABLES:0.5
C_MOBILITY:0.5118440828964529
C_KINGSAFETY:0.5613252402995778
C_PAWNSTRUCTURE:0.4578095095014777
C_PIECECOORDINATION:0.5
C_ROOKANDPAWNMOVEMENT:0.5
C_CENTERCONTROL:0.5722287111439939
C_DEVELOPPIECES:0.504319735952589
C_MATERIAL:0.5232909034287989
C_MOVECOUNT:0.5
