ELO:919
CE_PASSEDPAWNS:0.5320691365572036
CE_PAWNWEAKNESSES:0.5106632350166603
CE_PIECEACTIVITY:0.49429365793167035
CE_KINGPAWNSHIELD:0.47815543113827547
CE_PIECECOORDINATION:0.47554833246627826
CE_MATERIAL:0.5621878314118105
CE_KINGSAFETY:0.47094589562761435
C_PIECESQUARETABLES:0.5057201097395192
C_MOBILITY:0.4216293916171644
C_KINGSAFETY:0.47659525333052616
C_PAWNSTRUCTURE:0.4989367317709799
C_PIECECOORDINATION:0.4917858320203654
C_ROOKANDPAWNMOVEMENT:0.4917858320203654
C_CENTERCONTROL:0.5062547034332889
C_DEVELOPPIECES:0.43606257528796005
C_MATERIAL:0.4539419469652452
C_MOVECOUNT:0.5026231348451483
