ELO:808
CE_PASSEDPAWNS:0.5845361365672066
CE_PAWNWEAKNESSES:0.5042249635848428
CE_PIECEACTIVITY:0.43633388336643186
CE_KINGPAWNSHIELD:0.56027320617593
CE_PIECECOORDINATION:0.4583976268248737
CE_MATERIAL:0.5440686917022489
CE_KINGSAFETY:0.5354929591336659
C_PIECESQUARETABLES:0.5169681179441735
C_MOBILITY:0.48802902044062646
C_KINGSAFETY:0.4475033642959742
C_PAWNSTRUCTURE:0.5058818637774042
C_PIECECOORDINATION:0.45940462613608224
C_ROOKANDPAWNMOVEMENT:0.45940462613608224
C_CENTERCONTROL:0.47995136864312066
C_DEVELOPPIECES:0.47168055961276956
C_MATERIAL:0.3826282030243016
C_MOVECOUNT:0.4439021238832372
