ELO:902
CE_PASSEDPAWNS:0.4325734168390299
CE_PAWNWEAKNESSES:0.48703760448760686
CE_PIECEACTIVITY:0.47655690428114716
CE_KINGPAWNSHIELD:0.4886082346578127
CE_PIECECOORDINATION:0.49376932660681877
CE_MATERIAL:0.4990122579976285
CE_KINGSAFETY:0.5
C_PIECESQUARETABLES:0.5
C_MOBILITY:0.5503935476472192
C_KINGSAFETY:0.5102841517742461
C_PAWNSTRUCTURE:0.4755318840952399
C_PIECECOORDINATION:0.47344995217260843
C_ROOKANDPAWNMOVEMENT:0.47344995217260843
C_CENTERCONTROL:0.49908496881248876
C_DEVELOPPIECES:0.5063298910737072
C_MATERIAL:0.47977983502774646
C_MOVECOUNT:0.5
