ELO:1067
CE_PASSEDPAWNS:0.4475240449764577
CE_PAWNWEAKNESSES:0.45091497559962185
CE_PIECEACTIVITY:0.4785724320516235
CE_KINGPAWNSHIELD:0.43376679161607024
CE_PIECECOORDINATION:0.47802400810087814
CE_MATERIAL:0.4443466108538026
CE_KINGSAFETY:0.5100401560128797
C_PIECESQUARETABLES:0.5045906789975219
C_MOBILITY:0.43024987117138036
C_KINGSAFETY:0.6300975072251725
C_PAWNSTRUCTURE:0.47636193120329795
C_PIECECOORDINATION:0.49089207206302465
C_ROOKANDPAWNMOVEMENT:0.49089207206302465
C_CENTERCONTROL:0.46840699326948876
C_DEVELOPPIECES:0.585966199267776
C_MATERIAL:0.4054183308300941
