ELO:993
CE_PASSEDPAWNS:0.5
CE_PAWNWEAKNESSES:0.4993589196674044
CE_PIECEACTIVITY:0.5
CE_KINGPAWNSHIELD:0.5209285780744096
CE_PIECECOORDINATION:0.5081763254168357
CE_MATERIAL:0.4848576888408148
CE_KINGSAFETY:0.5
C_PIECESQUARETABLES:0.5
C_MOBILITY:0.5025681928293101
C_KINGSAFETY:0.4948779027797758
C_PAWNSTRUCTURE:0.492651924666642
C_PIECECOORDINATION:0.4971276280079848
C_ROOKANDPAWNMOVEMENT:0.4971276280079848
C_CENTERCONTROL:0.4843171318288069
C_DEVELOPPIECES:0.49035514644784883
C_MATERIAL:0.49175863568709816
C_MOVECOUNT:0.5095700092507943
