ELO:1009
CE_PASSEDPAWNS:0.4888963381286715
CE_PAWNWEAKNESSES:0.4985536644043794
CE_PIECEACTIVITY:0.5101405498239223
CE_KINGPAWNSHIELD:0.48265689163865483
CE_PIECECOORDINATION:0.4877477609993937
CE_MATERIAL:0.5085210811447544
CE_KINGSAFETY:0.5
C_PIECESQUARETABLES:0.5
C_MOBILITY:0.49205449306703236
C_KINGSAFETY:0.5012481166276297
C_PAWNSTRUCTURE:0.5005710868025978
C_PIECECOORDINATION:0.5161760185566491
C_ROOKANDPAWNMOVEMENT:0.5161760185566491
C_CENTERCONTROL:0.5085138679568568
C_DEVELOPPIECES:0.5
C_MATERIAL:0.5
C_MOVECOUNT:0.4958261554490951
