ELO:1080
CE_PASSEDPAWNS:0.4678460584951326
CE_PAWNWEAKNESSES:0.5077334334225755
CE_PIECEACTIVITY:0.4685566344428823
CE_KINGPAWNSHIELD:0.4088177871791354
CE_PIECECOORDINATION:0.4982789938169807
CE_MATERIAL:0.4443466108538026
CE_KINGSAFETY:0.5
C_PIECESQUARETABLES:0.5
C_MOBILITY:0.42948178335840514
C_KINGSAFETY:0.5190197106405886
C_PAWNSTRUCTURE:0.4131710846443893
C_PIECECOORDINATION:0.5002005818345671
C_ROOKANDPAWNMOVEMENT:0.5002005818345671
C_CENTERCONTROL:0.5505116522398239
C_DEVELOPPIECES:0.5701666895193717
C_MATERIAL:0.39023493682202537
