ELO:1127
CE_PASSEDPAWNS:0.4980445582674632
CE_PAWNWEAKNESSES:0.45055251555702586
CE_PIECEACTIVITY:0.4732412639064044
CE_KINGPAWNSHIELD:0.5005407074366659
CE_PIECECOORDINATION:0.5023583150149774
CE_MATERIAL:0.4708817634487504
CE_KINGSAFETY:0.5
C_PIECESQUARETABLES:0.5
C_MOBILITY:0.5
C_KINGSAFETY:0.54442275391403
C_PAWNSTRUCTURE:0.5403205223885474
C_PIECECOORDINATION:0.5
C_ROOKANDPAWNMOVEMENT:0.5
C_CENTERCONTROL:0.48378495871307964
C_DEVELOPPIECES:0.504319735952589
C_MATERIAL:0.48735774361741313
C_MOVECOUNT:0.5
