ELO:798
CE_PASSEDPAWNS:0.4360005043088676
CE_PAWNWEAKNESSES:0.4730889226360415
CE_PIECEACTIVITY:0.5275708750836655
CE_KINGPAWNSHIELD:0.4894635973140875
CE_PIECECOORDINATION:0.39881814923152764
CE_MATERIAL:0.6052188110541997
CE_KINGSAFETY:0.5065988449241661
C_PIECESQUARETABLES:0.47000166700149043
C_MOBILITY:0.4827219362540176
C_KINGSAFETY:0.5445167851927527
C_PAWNSTRUCTURE:0.49310216864356127
C_PIECECOORDINATION:0.5088955500886708
C_ROOKANDPAWNMOVEMENT:0.5088955500886708
C_CENTERCONTROL:0.45002711712897436
C_DEVELOPPIECES:0.4757216292970161
C_MATERIAL:0.5520184853043837
C_MOVECOUNT:0.4531516070013601
