ELO:869
CE_PASSEDPAWNS:0.5186521969016848
CE_PAWNWEAKNESSES:0.5036160626852119
CE_PIECEACTIVITY:0.5644994963459798
CE_KINGPAWNSHIELD:0.4869526205487077
CE_PIECECOORDINATION:0.5973605107668964
CE_MATERIAL:0.479137873729332
CE_KINGSAFETY:0.5140106452429183
C_PIECESQUARETABLES:0.5403329380174898
C_MOBILITY:0.47133989045151115
C_KINGSAFETY:0.5221233281258344
C_PAWNSTRUCTURE:0.48516942802846663
C_PIECECOORDINATION:0.5522574122745253
C_ROOKANDPAWNMOVEMENT:0.5522574122745253
C_CENTERCONTROL:0.49566942626350047
C_DEVELOPPIECES:0.5126060315846732
C_MATERIAL:0.45591877734892355
C_MOVECOUNT:0.5
