ELO:1021
CE_PASSEDPAWNS:0.5
CE_PAWNWEAKNESSES:0.5
CE_PIECEACTIVITY:0.4745936245015029
CE_KINGPAWNSHIELD:0.48801267794621417
CE_PIECECOORDINATION:0.49584405896697825
CE_MATERIAL:0.5210239721753559
CE_KINGSAFETY:0.5
C_PIECESQUARETABLES:0.5
C_MOBILITY:0.5
C_KINGSAFETY:0.5020061677836384
C_PAWNSTRUCTURE:0.5
C_PIECECOORDINATION:0.5169581283443035
C_ROOKANDPAWNMOVEMENT:0.5169581283443035
C_CENTERCONTROL:0.4897383586302145
C_DEVELOPPIECES:0.5
C_MATERIAL:0.48834455056218873
C_MOVECOUNT:0.5087039058174678
