ELO:967
CE_PASSEDPAWNS:0.40802737571739744
CE_PAWNWEAKNESSES:0.5419770928584862
CE_PIECEACTIVITY:0.4612478132177027
CE_KINGPAWNSHIELD:0.5206360658418366
CE_PIECECOORDINATION:0.5180838934099085
CE_MATERIAL:0.4560610552960619
CE_KINGSAFETY:0.4793027186133773
C_PIECESQUARETABLES:0.4779122171004076
C_MOBILITY:0.5600664001296666
C_KINGSAFETY:0.43395216245501034
C_PAWNSTRUCTURE:0.5357837448656045
C_PIECECOORDINATION:0.5888708239894042
C_ROOKANDPAWNMOVEMENT:0.5888708239894042
C_CENTERCONTROL:0.5570652782999077
C_DEVELOPPIECES:0.5475886909731726
C_MATERIAL:0.4973533463147515
