ELO:990
CE_PASSEDPAWNS:0.4034808786305801
CE_PAWNWEAKNESSES:0.4496072593174717
CE_PIECEACTIVITY:0.5031182424775079
CE_KINGPAWNSHIELD:0.4969112771905379
CE_PIECECOORDINATION:0.6038287760505281
CE_MATERIAL:0.4213960657971399
CE_KINGSAFETY:0.4903658478853706
C_PIECESQUARETABLES:0.5050211303544061
C_MOBILITY:0.6106431556756368
C_KINGSAFETY:0.5756815093926871
C_PAWNSTRUCTURE:0.62436365227218
C_PIECECOORDINATION:0.6089087037188613
C_ROOKANDPAWNMOVEMENT:0.6089087037188613
C_CENTERCONTROL:0.38144495544683604
C_DEVELOPPIECES:0.5559015353080694
C_MATERIAL:0.5825085239311051
