ELO:772
CE_PASSEDPAWNS:0.5145255714967991
CE_PAWNWEAKNESSES:0.47322787705447006
CE_PIECEACTIVITY:0.5597718891715057
CE_KINGPAWNSHIELD:0.5612125500030456
CE_PIECECOORDINATION:0.4679512159308459
CE_MATERIAL:0.4694122023882911
CE_KINGSAFETY:0.5116028701151029
C_PIECESQUARETABLES:0.4786912427341096
C_MOBILITY:0.4414614368946116
C_KINGSAFETY:0.5062316719448098
C_PAWNSTRUCTURE:0.5478675903728236
C_PIECECOORDINATION:0.4744941753342783
C_ROOKANDPAWNMOVEMENT:0.4744941753342783
C_CENTERCONTROL:0.5644271194397896
C_DEVELOPPIECES:0.44274827462308286
C_MATERIAL:0.5160540977913952
C_MOVECOUNT:0.5058980645216542
