ELO:994
CE_PASSEDPAWNS:0.4928694115684862
CE_PAWNWEAKNESSES:0.5095065772744488
CE_PIECEACTIVITY:0.49105199350876794
CE_KINGPAWNSHIELD:0.4976203288276541
CE_PIECECOORDINATION:0.47678936740328187
CE_MATERIAL:0.5078497853254239
CE_KINGSAFETY:0.5076754683790444
C_PIECESQUARETABLES:0.5062679499481461
C_MOBILITY:0.4960623613228877
C_KINGSAFETY:0.5023601546720825
C_PAWNSTRUCTURE:0.48709411772745503
C_PIECECOORDINATION:0.49263501895732836
C_ROOKANDPAWNMOVEMENT:0.49263501895732836
C_CENTERCONTROL:0.49801072174495675
C_DEVELOPPIECES:0.48888616832966675
C_MATERIAL:0.5067903638996973
C_MOVECOUNT:0.48090450573626253
