ELO:1000
CE_PASSEDPAWNS:0.5043853641464354
CE_PAWNWEAKNESSES:0.5008484106035653
CE_PIECEACTIVITY:0.5040598179942591
CE_KINGPAWNSHIELD:0.5005608386126967
CE_PIECECOORDINATION:0.501115272705026
CE_MATERIAL:0.49650775990473067
CE_KINGSAFETY:0.5
C_PIECESQUARETABLES:0.4993804416505309
C_MOBILITY:0.503055876382707
C_KINGSAFETY:0.5
C_PAWNSTRUCTURE:0.4773724728279221
C_PIECECOORDINATION:0.49501509653532494
C_ROOKANDPAWNMOVEMENT:0.49501509653532494
C_CENTERCONTROL:0.5274016374201163
C_DEVELOPPIECES:0.5032420222654438
C_MATERIAL:0.495207362382173
