ELO:943
CE_PASSEDPAWNS:0.47861109851630296
CE_PAWNWEAKNESSES:0.5266176265210609
CE_PIECEACTIVITY:0.4850067781619074
CE_KINGPAWNSHIELD:0.5375037002769878
CE_PIECECOORDINATION:0.4715479728132516
CE_MATERIAL:0.5356061501943545
CE_KINGSAFETY:0.48311521520772294
C_PIECESQUARETABLES:0.5
C_MOBILITY:0.47643767391605696
C_KINGSAFETY:0.5252599191764237
C_PAWNSTRUCTURE:0.481535476087233
C_PIECECOORDINATION:0.48047661298616107
C_ROOK:0.47204346851180246
CE_ROOK:0.5358492471365052
C_CENTERCONTROL:0.5376926623140347
C_DEVELOPPIECES:0.504726770983111
C_MATERIAL:0.5201169801102828
C_MOVECOUNT:0.5281393369949478
C_PAWNMOVEMENT:0.489325658388118
