ELO:926
CE_PASSEDPAWNS:0.35731846436219106
CE_PAWNWEAKNESSES:0.49323010393473904
CE_PIECEACTIVITY:0.4561326134602602
CE_KINGPAWNSHIELD:0.5422178188106055
CE_PIECECOORDINATION:0.511443805974749
CE_MATERIAL:0.4646348909037201
CE_KINGSAFETY:0.5046741312781239
C_PIECESQUARETABLES:0.5016728931162643
C_MOBILITY:0.5902423504872947
C_KINGSAFETY:0.47798083985585926
C_PAWNSTRUCTURE:0.5755354004583886
C_PIECECOORDINATION:0.5655946814034369
C_ROOKANDPAWNMOVEMENT:0.5655946814034369
C_CENTERCONTROL:0.5797432183983343
C_DEVELOPPIECES:0.5684827642457649
C_MATERIAL:0.556909340916299
