ELO:937
CE_PASSEDPAWNS:0.4891830332777496
CE_PAWNWEAKNESSES:0.4914966715185315
CE_PIECEACTIVITY:0.49317093758002845
CE_KINGPAWNSHIELD:0.4995524553277994
CE_PIECECOORDINATION:0.496278494152342
CE_MATERIAL:0.47523301643582516
CE_KINGSAFETY:0.4972914511783203
C_PIECESQUARETABLES:0.5
C_MOBILITY:0.5019329510135606
C_KINGSAFETY:0.5127337594085901
C_PAWNSTRUCTURE:0.46831693572727856
C_PIECECOORDINATION:0.4895601300640075
C_ROOKANDPAWNMOVEMENT:0.4895601300640075
C_CENTERCONTROL:0.48848126300886036
C_DEVELOPPIECES:0.5146779956219908
C_MATERIAL:0.4898190540301334
C_MOVECOUNT:0.5
