ELO:864
CE_PASSEDPAWNS:0.4703654993848037
CE_PAWNWEAKNESSES:0.4929518817109019
CE_PIECEACTIVITY:0.4958223387316056
CE_KINGPAWNSHIELD:0.5568681314104029
CE_PIECECOORDINATION:0.46570744679362075
CE_MATERIAL:0.5314093789408465
CE_KINGSAFETY:0.5
C_PIECESQUARETABLES:0.5
C_MOBILITY:0.473102360168671
C_KINGSAFETY:0.5314129814614756
C_PAWNSTRUCTURE:0.4517295004266152
C_PIECECOORDINATION:0.4726611420552582
C_ROOK:0.4977484016631562
CE_ROOK:0.504007681827825
C_CENTERCONTROL:0.5086773559122986
C_DEVELOPPIECES:0.47812983312700114
C_MATERIAL:0.5166347002656199
C_MOVECOUNT:0.537259632368122
C_PAWNMOVEMENT:0.49282261147932377
