ELO:1000
CE_PASSEDPAWNS:0.4418736390906531
CE_PAWNWEAKNESSES:0.5391204845324679
CE_PIECEACTIVITY:0.48038728692265653
CE_KINGPAWNSHIELD:0.49295121505249967
CE_PIECECOORDINATION:0.4907052175418199
CE_MATERIAL:0.48775613373842314
CE_KINGSAFETY:0.45766786568995566
C_PIECESQUARETABLES:0.5264167245537987
C_MOBILITY:0.47816222423099586
C_KINGSAFETY:0.4672785060469614
C_PAWNSTRUCTURE:0.4844834715717408
C_PIECECOORDINATION:0.5193655214041105
C_ROOKANDPAWNMOVEMENT:0.5193655214041105
C_CENTERCONTROL:0.5240966248269078
C_DEVELOPPIECES:0.48078331566667554
C_MATERIAL:0.5199710587084522
