ELO:839
CE_PASSEDPAWNS:0.36509523639027147
CE_PAWNWEAKNESSES:0.45155304190220075
CE_PIECEACTIVITY:0.4382550189090454
CE_KINGPAWNSHIELD:0.5226801035000674
CE_PIECECOORDINATION:0.5270526954087004
CE_MATERIAL:0.5154666083745827
CE_KINGSAFETY:0.49362288861274817
C_PIECESQUARETABLES:0.4760686154264528
C_MOBILITY:0.527860533723925
C_KINGSAFETY:0.4713152703900974
C_PAWNSTRUCTURE:0.5585453489965522
C_PIECECOORDINATION:0.5959205755972992
C_ROOKANDPAWNMOVEMENT:0.5959205755972992
C_CENTERCONTROL:0.5920720654608232
C_DEVELOPPIECES:0.6194555685440944
C_MATERIAL:0.580540891457429
