ELO:908
CE_PASSEDPAWNS:0.5198442473734023
CE_PAWNWEAKNESSES:0.5224345928135611
CE_PIECEACTIVITY:0.5034063754732343
CE_KINGPAWNSHIELD:0.48181511773869057
CE_PIECECOORDINATION:0.48385282183438094
CE_MATERIAL:0.5528537050424582
CE_KINGSAFETY:0.4594485088609227
C_PIECESQUARETABLES:0.5035369115630527
C_MOBILITY:0.42445221424488644
C_KINGSAFETY:0.46938112380241337
C_PAWNSTRUCTURE:0.475088109865236
C_PIECECOORDINATION:0.5178209069548654
C_ROOKANDPAWNMOVEMENT:0.5178209069548654
C_CENTERCONTROL:0.48947652266285846
C_DEVELOPPIECES:0.4319420311835999
C_MATERIAL:0.4377273725566061
C_MOVECOUNT:0.48912904114540867
