ELO:958
CE_PASSEDPAWNS:0.3966979971316766
CE_PAWNWEAKNESSES:0.5450987269265765
CE_PIECEACTIVITY:0.45740095912501666
CE_KINGPAWNSHIELD:0.510702099541036
CE_PIECECOORDINATION:0.5096598950340009
CE_MATERIAL:0.45947881158784215
CE_KINGSAFETY:0.453010449165824
C_PIECESQUARETABLES:0.4513965378760063
C_MOBILITY:0.5654475542639602
C_KINGSAFETY:0.43212058956992294
C_PAWNSTRUCTURE:0.5427793779947426
C_PIECECOORDINATION:0.5593935696291965
C_ROOKANDPAWNMOVEMENT:0.5593935696291965
C_CENTERCONTROL:0.5705348533738241
C_DEVELOPPIECES:0.5407811628277073
C_MATERIAL:0.5002501528140672
