ELO:1000
CE_PASSEDPAWNS:0.5821736050153435
CE_PAWNWEAKNESSES:0.43812903857785435
CE_PIECEACTIVITY:0.5080116528359148
CE_KINGPAWNSHIELD:0.44180475718625944
CE_PIECECOORDINATION:0.5227761090682179
CE_MATERIAL:0.5173552036846673
CE_KINGSAFETY:0.47366970184313834
C_PIECESQUARETABLES:0.5060629055614082
C_MOBILITY:0.551553338763113
C_KINGSAFETY:0.5471520001618285
C_PAWNSTRUCTURE:0.5485257128898078
C_PIECECOORDINATION:0.5299231072522417
C_ROOKANDPAWNMOVEMENT:0.5299231072522417
C_CENTERCONTROL:0.5568347894569253
C_DEVELOPPIECES:0.5395449266979163
C_MATERIAL:0.5491886694837437
