ELO:990
CE_PASSEDPAWNS:0.5161856469715411
CE_PAWNWEAKNESSES:0.5086530027826172
CE_PIECEACTIVITY:0.5115517959390631
CE_KINGPAWNSHIELD:0.46619871093145376
CE_PIECECOORDINATION:0.44853978769506736
CE_MATERIAL:0.5030403841932721
CE_KINGSAFETY:0.5105257653378226
C_PIECESQUARETABLES:0.5180664071285476
C_MOBILITY:0.5691043200224767
C_KINGSAFETY:0.564781451435885
C_PAWNSTRUCTURE:0.5082462318553483
C_PIECECOORDINATION:0.49481266204964397
C_ROOKANDPAWNMOVEMENT:0.49481266204964397
C_CENTERCONTROL:0.36542199356911786
C_DEVELOPPIECES:0.5528173797779841
C_MATERIAL:0.6907781932044442
