ELO:1000
CE_PASSEDPAWNS:0.4642855514635469
CE_PAWNWEAKNESSES:0.46623759867865333
CE_PIECEACTIVITY:0.5110686167788089
CE_KINGPAWNSHIELD:0.4881023294733666
CE_PIECECOORDINATION:0.4920172562616171
CE_MATERIAL:0.39579095931261876
CE_KINGSAFETY:0.5192606780113846
C_PIECESQUARETABLES:0.5341538546424232
C_MOBILITY:0.46153119530808956
C_KINGSAFETY:0.46443400394886863
C_PAWNSTRUCTURE:0.5236857052370625
C_PIECECOORDINATION:0.5238686378318806
C_ROOKANDPAWNMOVEMENT:0.5238686378318806
C_CENTERCONTROL:0.6238296574166212
C_DEVELOPPIECES:0.5691475716409128
C_MATERIAL:0.547360976860593
