ELO:997
CE_PASSEDPAWNS:0.4773572434623014
CE_PAWNWEAKNESSES:0.5174357997540168
CE_PIECEACTIVITY:0.5100433420290257
CE_KINGPAWNSHIELD:0.5069688711245167
CE_PIECECOORDINATION:0.48215455663802037
CE_MATERIAL:0.5171656025761135
CE_KINGSAFETY:0.5127753196061925
C_PIECESQUARETABLES:0.4946158512361288
C_MOBILITY:0.48475039666219055
C_KINGSAFETY:0.5123008422406845
C_PAWNSTRUCTURE:0.507598008069841
C_PIECECOORDINATION:0.485433278935874
C_ROOK:0.45293843303243353
CE_ROOK:0.5281092668231107
C_CENTERCONTROL:0.5121336437720925
C_DEVELOPPIECES:0.4943717029985015
C_MATERIAL:0.512988127232272
C_MOVECOUNT:0.5308878905380243
C_PAWNMOVEMENT:0.4810276155421108
