ELO:873
CE_PASSEDPAWNS:0.3515529371620431
CE_PAWNWEAKNESSES:0.47985661903915394
CE_PIECEACTIVITY:0.43688855498643114
CE_KINGPAWNSHIELD:0.5399565071336265
CE_PIECECOORDINATION:0.5025865656968033
CE_MATERIAL:0.5140757031579861
CE_KINGSAFETY:0.49319596929778653
C_PIECESQUARETABLES:0.45582659648467927
C_MOBILITY:0.5686310702840469
C_KINGSAFETY:0.4866115218984894
C_PAWNSTRUCTURE:0.5742590298652024
C_PIECECOORDINATION:0.601151304571768
C_ROOKANDPAWNMOVEMENT:0.601151304571768
C_CENTERCONTROL:0.5841491650133648
C_DEVELOPPIECES:0.6103613581260533
C_MATERIAL:0.5644312449736323
