ELO:795
CE_PASSEDPAWNS:0.5643349485746006
CE_PAWNWEAKNESSES:0.5340829808146775
CE_PIECEACTIVITY:0.42756291673389984
CE_KINGPAWNSHIELD:0.5225877842457197
CE_PIECECOORDINATION:0.4938375397699959
CE_MATERIAL:0.5244364601852803
CE_KINGSAFETY:0.5089145107778721
C_PIECESQUARETABLES:0.4995838335944741
C_MOBILITY:0.4568052516872556
C_KINGSAFETY:0.466190905298519
C_PAWNSTRUCTURE:0.5043848183198564
C_PIECECOORDINATION:0.47860603762126397
C_ROOKANDPAWNMOVEMENT:0.47860603762126397
C_CENTERCONTROL:0.4901326712918636
C_DEVELOPPIECES:0.4709578386809095
C_MATERIAL:0.38146851070013904
C_MOVECOUNT:0.4347882039290168
