ELO:873
CE_PASSEDPAWNS:0.4829508989488817
CE_PAWNWEAKNESSES:0.4835978510720885
CE_PIECEACTIVITY:0.5278238125302156
CE_KINGPAWNSHIELD:0.5489771984853763
CE_PIECECOORDINATION:0.5384598091742705
CE_MATERIAL:0.4614514441175025
CE_KINGSAFETY:0.5137730910915435
C_PIECESQUARETABLES:0.4763934883437839
C_MOBILITY:0.5274272428840606
C_KINGSAFETY:0.4650410029282122
C_PAWNSTRUCTURE:0.47010085021506093
C_PIECECOORDINATION:0.5206585857256081
C_ROOKANDPAWNMOVEMENT:0.5206585857256081
C_CENTERCONTROL:0.4816005915373449
C_DEVELOPPIECES:0.5201032830383726
C_MATERIAL:0.5523524094235736
C_MOVECOUNT:0.5
