ELO:940
CE_PASSEDPAWNS:0.48698477157975917
CE_PAWNWEAKNESSES:0.5420066748099306
CE_PIECEACTIVITY:0.5275629181644003
CE_KINGPAWNSHIELD:0.47787127201374874
CE_PIECECOORDINATION:0.5725918459739889
CE_MATERIAL:0.3536660981100342
CE_KINGSAFETY:0.47462822933201343
C_PIECESQUARETABLES:0.5289324350549617
C_MOBILITY:0.45187873634303216
C_KINGSAFETY:0.4440852502110655
C_PAWNSTRUCTURE:0.5201738120798104
C_PIECECOORDINATION:0.511454754114181
C_ROOKANDPAWNMOVEMENT:0.511454754114181
C_CENTERCONTROL:0.6340829672608288
C_DEVELOPPIECES:0.5310868674779415
C_MATERIAL:0.4943743708113211
