ELO:1000
CE_PASSEDPAWNS:0.4969398064443351
CE_PAWNWEAKNESSES:0.5174357997540168
CE_PIECEACTIVITY:0.5
CE_KINGPAWNSHIELD:0.4894429559249446
CE_PIECECOORDINATION:0.4801577870103015
CE_MATERIAL:0.5092306658857266
CE_KINGSAFETY:0.5013205056927155
C_PIECESQUARETABLES:0.5076076887298804
C_MOBILITY:0.4999135091489575
C_KINGSAFETY:0.5132210100997855
C_PAWNSTRUCTURE:0.507598008069841
C_PIECECOORDINATION:0.4967013754087775
C_ROOK:0.4758138294271792
CE_ROOK:0.5258825096134142
C_CENTERCONTROL:0.5121336437720925
C_DEVELOPPIECES:0.4991787846039677
C_MATERIAL:0.5074275546308005
C_MOVECOUNT:0.5206309526511992
C_PAWNMOVEMENT:0.47826625597867645
