ELO:985
CE_PASSEDPAWNS:0.41604229560197453
CE_PAWNWEAKNESSES:0.5762006406831757
CE_PIECEACTIVITY:0.49225609209273974
CE_KINGPAWNSHIELD:0.5028735159593253
CE_PIECECOORDINATION:0.5114546027190064
CE_MATERIAL:0.4606907498843552
CE_KINGSAFETY:0.5211354455380945
C_PIECESQUARETABLES:0.4845949204023885
C_MOBILITY:0.49749121670944085
C_KINGSAFETY:0.43806775068244747
C_PAWNSTRUCTURE:0.49629465241980003
C_PIECECOORDINATION:0.5782873167633783
C_ROOKANDPAWNMOVEMENT:0.5782873167633783
C_CENTERCONTROL:0.5919364435582747
C_DEVELOPPIECES:0.5339847322561945
C_MATERIAL:0.4594457529814077
