ELO:897
CE_PASSEDPAWNS:0.4465459297787101
CE_PAWNWEAKNESSES:0.47477794055289163
CE_PIECEACTIVITY:0.4740516278268337
CE_KINGPAWNSHIELD:0.5596967512229171
CE_PIECECOORDINATION:0.49985065434475406
CE_MATERIAL:0.5267416407830265
CE_KINGSAFETY:0.5186559251877638
C_PIECESQUARETABLES:0.5
C_MOBILITY:0.46369883347937674
C_KINGSAFETY:0.5142959178996265
C_PAWNSTRUCTURE:0.44491886191815755
C_PIECECOORDINATION:0.4786367478850829
C_ROOK:0.5189773415075773
CE_ROOK:0.4907400244926898
C_CENTERCONTROL:0.5276901813583015
C_DEVELOPPIECES:0.43200948389374166
C_MATERIAL:0.5201553718198525
C_MOVECOUNT:0.5441550290211664
C_PAWNMOVEMENT:0.4386552242571584
