ELO:1091
CE_PASSEDPAWNS:0.44095136291102544
CE_PAWNWEAKNESSES:0.47500544074411305
CE_PIECEACTIVITY:0.5014314027292941
CE_KINGPAWNSHIELD:0.4194799385075637
CE_PIECECOORDINATION:0.4982789938169807
CE_MATERIAL:0.48385976569810507
CE_KINGSAFETY:0.4872089753935862
C_PIECESQUARETABLES:0.4882129591322613
C_MOBILITY:0.5418846679144209
C_KINGSAFETY:0.4939265123229669
C_PAWNSTRUCTURE:0.443570236438135
C_PIECECOORDINATION:0.4577301173142661
C_ROOKANDPAWNMOVEMENT:0.4577301173142661
C_CENTERCONTROL:0.49311698435155293
C_DEVELOPPIECES:0.5034004472324135
C_MATERIAL:0.4063918105112338
