ELO:830
CE_PASSEDPAWNS:0.4717841081534943
CE_PAWNWEAKNESSES:0.40638693583913665
CE_PIECEACTIVITY:0.4498088720173446
CE_KINGPAWNSHIELD:0.6378777914263084
CE_PIECECOORDINATION:0.4828884083307491
CE_MATERIAL:0.5809707653930202
CE_KINGSAFETY:0.49993205928206363
C_PIECESQUARETABLES:0.5075443541812978
C_MOBILITY:0.41490793140017573
C_KINGSAFETY:0.5394126261758418
C_PAWNSTRUCTURE:0.5481886590564174
C_PIECECOORDINATION:0.4030598701670961
C_ROOKANDPAWNMOVEMENT:0.4030598701670961
C_CENTERCONTROL:0.6622152879096563
C_DEVELOPPIECES:0.6135433118620031
C_MATERIAL:0.5126995318005285
