ELO:1000
CE_PASSEDPAWNS:0.43608392841880506
CE_PAWNWEAKNESSES:0.5492429971161392
CE_PIECEACTIVITY:0.47948667092822256
CE_KINGPAWNSHIELD:0.49972637097134676
CE_PIECECOORDINATION:0.4928627484811605
CE_MATERIAL:0.49928906648136184
CE_KINGSAFETY:0.45365764288367316
C_PIECESQUARETABLES:0.5017181813118143
C_MOBILITY:0.47816222423099586
C_KINGSAFETY:0.47632482318616076
C_PAWNSTRUCTURE:0.48978727552169354
C_PIECECOORDINATION:0.5281438777201688
C_ROOKANDPAWNMOVEMENT:0.5281438777201688
C_CENTERCONTROL:0.5382467849124333
C_DEVELOPPIECES:0.4806097060858573
C_MATERIAL:0.5269475094806968
