ELO:959
CE_PASSEDPAWNS:0.46929480454733935
CE_PAWNWEAKNESSES:0.5612159635788233
CE_PIECEACTIVITY:0.5115677107397978
CE_KINGPAWNSHIELD:0.46955432395923113
CE_PIECECOORDINATION:0.5728416623456026
CE_MATERIAL:0.34435405717196194
CE_KINGSAFETY:0.5019873402756414
C_PIECESQUARETABLES:0.4649149143254251
C_MOBILITY:0.5011866813357299
C_KINGSAFETY:0.46853957947551916
C_PAWNSTRUCTURE:0.5268347928081821
C_PIECECOORDINATION:0.5103808431050377
C_ROOKANDPAWNMOVEMENT:0.5103808431050377
C_CENTERCONTROL:0.623191477798753
C_DEVELOPPIECES:0.506257047667422
C_MATERIAL:0.4688044348312053
