ELO:944
CE_PASSEDPAWNS:0.3806441338501442
CE_PAWNWEAKNESSES:0.5118826492847042
CE_PIECEACTIVITY:0.4689007092104688
CE_KINGPAWNSHIELD:0.5178289394474211
CE_PIECECOORDINATION:0.5121698274277239
CE_MATERIAL:0.4950497509564432
CE_KINGSAFETY:0.49732313976090914
C_PIECESQUARETABLES:0.4896753345442389
C_MOBILITY:0.5663060004205194
C_KINGSAFETY:0.43991925426769046
C_PAWNSTRUCTURE:0.5582589670835897
C_PIECECOORDINATION:0.5650581115188311
C_ROOKANDPAWNMOVEMENT:0.5650581115188311
C_CENTERCONTROL:0.5491006831063279
C_DEVELOPPIECES:0.5594645998976607
C_MATERIAL:0.5492515522208268
