ELO:983
CE_PASSEDPAWNS:0.45009896236377617
CE_PAWNWEAKNESSES:0.49246538614692076
CE_PIECEACTIVITY:0.5060505881562707
CE_KINGPAWNSHIELD:0.4883416255561572
CE_PIECECOORDINATION:0.5670489444168171
CE_MATERIAL:0.3818927519467563
CE_KINGSAFETY:0.47170151774114116
C_PIECESQUARETABLES:0.49768838312690705
C_MOBILITY:0.4806559752134778
C_KINGSAFETY:0.47138613108278515
C_PAWNSTRUCTURE:0.5069769726379099
C_PIECECOORDINATION:0.5202561854685143
C_ROOKANDPAWNMOVEMENT:0.5202561854685143
C_CENTERCONTROL:0.629876708128744
C_DEVELOPPIECES:0.5303686745819697
C_MATERIAL:0.5415348089839813
