ELO:1000
CE_PASSEDPAWNS:0.45781422980742703
CE_PAWNWEAKNESSES:0.42203698372030757
CE_PIECEACTIVITY:0.4654563845204151
CE_KINGPAWNSHIELD:0.55503757941931
CE_PIECECOORDINATION:0.4855071133466501
CE_MATERIAL:0.590848355228413
CE_KINGSAFETY:0.5
C_PIECESQUARETABLES:0.4922592170520682
C_MOBILITY:0.5209655314125208
C_KINGSAFETY:0.4719067234153325
C_PAWNSTRUCTURE:0.4988604496900746
C_PIECECOORDINATION:0.44498627119265205
C_ROOKANDPAWNMOVEMENT:0.44498627119265205
C_CENTERCONTROL:0.44848167222179214
C_DEVELOPPIECES:0.5205008011373929
C_MATERIAL:0.5046304832822688
