ELO:1131
CE_PASSEDPAWNS:0.45064882304647513
CE_PAWNWEAKNESSES:0.5049538678398092
CE_PIECEACTIVITY:0.4796148455735248
CE_KINGPAWNSHIELD:0.4774259118591802
CE_PIECECOORDINATION:0.5449900128502336
CE_MATERIAL:0.3963786524687434
CE_KINGSAFETY:0.5
C_PIECESQUARETABLES:0.5
C_MOBILITY:0.43228978917481664
C_KINGSAFETY:0.630014761680952
C_PAWNSTRUCTURE:0.4614331795414956
C_PIECECOORDINATION:0.4743755632327692
C_ROOKANDPAWNMOVEMENT:0.4743755632327692
C_CENTERCONTROL:0.4971758326519334
C_DEVELOPPIECES:0.5633426798961162
C_MATERIAL:0.3750031439378034
