ELO:940
CE_PASSEDPAWNS:0.5831797088332199
CE_PAWNWEAKNESSES:0.5001056381759277
CE_PIECEACTIVITY:0.6237957510890473
CE_KINGPAWNSHIELD:0.571135608343681
CE_PIECECOORDINATION:0.4295485495078927
CE_MATERIAL:0.5863258940267493
CE_KINGSAFETY:0.48457005190617297
C_PIECESQUARETABLES:0.5207077149382696
C_MOBILITY:0.5043184986251563
C_KINGSAFETY:0.5416779714463336
C_PAWNSTRUCTURE:0.5506918200326525
C_PIECECOORDINATION:0.5541178963958998
C_ROOKANDPAWNMOVEMENT:0.5541178963958998
C_CENTERCONTROL:0.517747085549267
C_DEVELOPPIECES:0.53156446923889
C_MATERIAL:0.5436124532470246
