ELO:934
CE_PASSEDPAWNS:0.4526640219380748
CE_PAWNWEAKNESSES:0.43875020808484805
CE_PIECEACTIVITY:0.5073973520365238
CE_KINGPAWNSHIELD:0.5387574390910523
CE_PIECECOORDINATION:0.5244558100532365
CE_MATERIAL:0.4579391020629473
CE_KINGSAFETY:0.5066719951837609
C_PIECESQUARETABLES:0.5111092206392829
C_MOBILITY:0.5422175245754399
C_KINGSAFETY:0.45491442176663877
C_PAWNSTRUCTURE:0.46349085964541425
C_PIECECOORDINATION:0.5045059927880038
C_ROOKANDPAWNMOVEMENT:0.5045059927880038
C_CENTERCONTROL:0.5168215102282273
C_DEVELOPPIECES:0.5370537639288863
C_MATERIAL:0.5108561063177054
