ELO:1000
CE_PASSEDPAWNS:0.5130691451130786
CE_PAWNWEAKNESSES:0.4987185729930718
CE_PIECEACTIVITY:0.5324175256589149
CE_KINGPAWNSHIELD:0.5205201319348352
CE_PIECECOORDINATION:0.5097141289840919
CE_MATERIAL:0.5152800340464444
CE_KINGSAFETY:0.4783445336516344
C_PIECESQUARETABLES:0.4904862330305158
C_MOBILITY:0.5269822426717454
C_KINGSAFETY:0.48905183465940955
C_PAWNSTRUCTURE:0.507092736031276
C_PIECECOORDINATION:0.513216565364194
C_ROOKANDPAWNMOVEMENT:0.513216565364194
C_CENTERCONTROL:0.49464867069001517
C_DEVELOPPIECES:0.5276327988815486
C_MATERIAL:0.528080558161674
