ELO:1006
CE_PASSEDPAWNS:0.49365302712138004
CE_PAWNWEAKNESSES:0.49037573213645547
CE_PIECEACTIVITY:0.5186725186088694
CE_KINGPAWNSHIELD:0.4969653594040064
CE_PIECECOORDINATION:0.5033727516818475
CE_MATERIAL:0.5
CE_KINGSAFETY:0.5
C_PIECESQUARETABLES:0.5
C_MOBILITY:0.5001123792678522
C_KINGSAFETY:0.47591027388373913
C_PAWNSTRUCTURE:0.5113985712608656
C_PIECECOORDINATION:0.5029827667433522
C_ROOKANDPAWNMOVEMENT:0.5029827667433522
C_CENTERCONTROL:0.5
C_DEVELOPPIECES:0.4994996495580474
C_MATERIAL:0.4923440875327483
C_MOVECOUNT:0.5
