ELO:1000
CE_PASSEDPAWNS:0.5084455444630381
CE_PAWNWEAKNESSES:0.4936181456446039
CE_PIECEACTIVITY:0.4963646249435628
CE_KINGPAWNSHIELD:0.5215403202046236
CE_PIECECOORDINATION:0.507779152957661
CE_MATERIAL:0.5213420782514907
CE_KINGSAFETY:0.5092296848411093
C_PIECESQUARETABLES:0.4790279306714945
C_MOBILITY:0.5094427937684473
C_KINGSAFETY:0.49722455533630755
C_PAWNSTRUCTURE:0.5112611004249804
C_PIECECOORDINATION:0.489666452205496
C_ROOKANDPAWNMOVEMENT:0.489666452205496
C_CENTERCONTROL:0.4977435567905852
C_DEVELOPPIECES:0.5446715720127693
C_MATERIAL:0.5029903272504136
