ELO:995
CE_PASSEDPAWNS:0.4689918191214472
CE_PAWNWEAKNESSES:0.42539858525575547
CE_PIECEACTIVITY:0.43426075727224933
CE_KINGPAWNSHIELD:0.5700007836030333
CE_PIECECOORDINATION:0.46752517058652787
CE_MATERIAL:0.48972969959379486
CE_KINGSAFETY:0.4943801349663185
C_PIECESQUARETABLES:0.5198797819465025
C_MOBILITY:0.48791291568018436
C_KINGSAFETY:0.47296034982579954
C_PAWNSTRUCTURE:0.5393197740871174
C_PIECECOORDINATION:0.4645880666266365
C_ROOKANDPAWNMOVEMENT:0.4645880666266365
C_CENTERCONTROL:0.4560821549408389
C_DEVELOPPIECES:0.5507032729382675
C_MATERIAL:0.4822693804141606
