ELO:998
CE_PASSEDPAWNS:0.46505108170674364
CE_PAWNWEAKNESSES:0.4263118298272033
CE_PIECEACTIVITY:0.4425037536831307
CE_KINGPAWNSHIELD:0.5555367228858312
CE_PIECECOORDINATION:0.4720220536863251
CE_MATERIAL:0.47781568405023545
CE_KINGSAFETY:0.48582283834108014
C_PIECESQUARETABLES:0.48331154352622313
C_MOBILITY:0.5059112043146667
C_KINGSAFETY:0.47363204458471353
C_PAWNSTRUCTURE:0.5467643067426515
C_PIECECOORDINATION:0.45224139593885626
C_ROOKANDPAWNMOVEMENT:0.45224139593885626
C_CENTERCONTROL:0.44833780389238936
C_DEVELOPPIECES:0.5356992482282104
C_MATERIAL:0.4861662024874826
