ELO:973
CE_PASSEDPAWNS:0.43619568475500275
CE_PAWNWEAKNESSES:0.48496226872093096
CE_PIECEACTIVITY:0.5098126648018604
CE_KINGPAWNSHIELD:0.4836038039142032
CE_PIECECOORDINATION:0.48906845609513633
CE_MATERIAL:0.497575314747248
CE_KINGSAFETY:0.4751610895839287
C_PIECESQUARETABLES:0.4799274372368826
C_MOBILITY:0.5038654005277864
C_KINGSAFETY:0.4816535746827681
C_PAWNSTRUCTURE:0.48898006140659445
C_PIECECOORDINATION:0.4383496978922531
C_ROOKANDPAWNMOVEMENT:0.4383496978922531
C_CENTERCONTROL:0.4526765689984366
C_DEVELOPPIECES:0.5115154921063294
C_MATERIAL:0.47521725073557747
C_MOVECOUNT:0.5
