ELO:1000
CE_PASSEDPAWNS:0.4972885164370004
CE_PAWNWEAKNESSES:0.49278045495506584
CE_PIECEACTIVITY:0.4968812041783921
CE_KINGPAWNSHIELD:0.5042829595964938
CE_PIECECOORDINATION:0.4942192208108503
CE_MATERIAL:0.5
CE_KINGSAFETY:0.49059826638678355
C_PIECESQUARETABLES:0.5
C_MOBILITY:0.47356140280210934
C_KINGSAFETY:0.5
C_PAWNSTRUCTURE:0.4951934984185772
C_PIECECOORDINATION:0.5009222928617798
C_ROOK:0.49869410531235525
CE_ROOK:0.48276192373606386
C_CENTERCONTROL:0.4970462003686249
C_DEVELOPPIECES:0.5137857384119305
C_MATERIAL:0.5124057133211659
C_MOVECOUNT:0.49106737704959497
C_PAWNMOVEMENT:0.4924639595993194
