ELO:1043
CE_PASSEDPAWNS:0.4855207764622723
CE_PAWNWEAKNESSES:0.4511697084188235
CE_PIECEACTIVITY:0.49396107226709207
CE_KINGPAWNSHIELD:0.48262779370426495
CE_PIECECOORDINATION:0.4970086263605208
CE_MATERIAL:0.4995201459506831
CE_KINGSAFETY:0.5
C_PIECESQUARETABLES:0.5
C_MOBILITY:0.5159471832709115
C_KINGSAFETY:0.5633100318204572
C_PAWNSTRUCTURE:0.5225712099894599
C_PIECECOORDINATION:0.5205924062294259
C_ROOKANDPAWNMOVEMENT:0.5205924062294259
C_CENTERCONTROL:0.5
C_DEVELOPPIECES:0.4996108644888902
C_MATERIAL:0.5043059857056573
C_MOVECOUNT:0.5
