ELO:969
CE_PASSEDPAWNS:0.5012465571718163
CE_PAWNWEAKNESSES:0.5
CE_PIECEACTIVITY:0.5
CE_KINGPAWNSHIELD:0.46346103168779257
CE_PIECECOORDINATION:0.5166000284283684
CE_MATERIAL:0.5054021858125458
CE_KINGSAFETY:0.5
C_PIECESQUARETABLES:0.47518827149728704
C_MOBILITY:0.46298393620446143
C_KINGSAFETY:0.5180682548447948
C_PAWNSTRUCTURE:0.5039781027648487
C_PIECECOORDINATION:0.5
C_ROOKANDPAWNMOVEMENT:0.5
C_CENTERCONTROL:0.4970584593080257
C_DEVELOPPIECES:0.500083242455022
C_MATERIAL:0.49358987473951005
C_MOVECOUNT:0.5
