ELO:702
CE_PASSEDPAWNS:0.45911481262504894
CE_PAWNWEAKNESSES:0.5430184086990456
CE_PIECEACTIVITY:0.5177044785925722
CE_KINGPAWNSHIELD:0.5146294397403153
CE_PIECECOORDINATION:0.4237145783611019
CE_MATERIAL:0.5633212929030474
CE_KINGSAFETY:0.5
C_PIECESQUARETABLES:0.5
C_MOBILITY:0.399462378000329
C_KINGSAFETY:0.4730029842581221
C_PAWNSTRUCTURE:0.49833382287432254
C_PIECECOORDINATION:0.5259467789725648
C_ROOKANDPAWNMOVEMENT:0.5259467789725648
C_CENTERCONTROL:0.6274801473144396
C_DEVELOPPIECES:0.4378640839246973
C_MATERIAL:0.4508132056698427
C_MOVECOUNT:0.49570252481731253
