ELO:940
CE_PASSEDPAWNS:0.49768877529208294
CE_PAWNWEAKNESSES:0.513248416345587
CE_PIECEACTIVITY:0.4937990349895501
CE_KINGPAWNSHIELD:0.4814453426210067
CE_PIECECOORDINATION:0.5098347130219775
CE_MATERIAL:0.5002785439359293
CE_KINGSAFETY:0.5372713096952992
C_PIECESQUARETABLES:0.4751459052216802
C_MOBILITY:0.5275313181800896
C_KINGSAFETY:0.49046133443167883
C_PAWNSTRUCTURE:0.4660612034706467
C_PIECECOORDINATION:0.5128436400388446
C_ROOKANDPAWNMOVEMENT:0.5128436400388446
C_CENTERCONTROL:0.5077976637430927
C_DEVELOPPIECES:0.5273253631937577
C_MATERIAL:0.49876813532426895
C_MOVECOUNT:0.5
