ELO:1023
CE_PASSEDPAWNS:0.5123692565861502
CE_PAWNWEAKNESSES:0.487005456526121
CE_PIECEACTIVITY:0.5067354930697776
CE_KINGPAWNSHIELD:0.5100949539134413
CE_PIECECOORDINATION:0.5
CE_MATERIAL:0.47066917482898923
CE_KINGSAFETY:0.5
C_PIECESQUARETABLES:0.5
C_MOBILITY:0.4816150952492944
C_KINGSAFETY:0.5217859410953756
C_PAWNSTRUCTURE:0.4957537450899923
C_PIECECOORDINATION:0.4438584180692894
C_ROOKANDPAWNMOVEMENT:0.4438584180692894
C_CENTERCONTROL:0.46604785226289636
C_DEVELOPPIECES:0.5
C_MATERIAL:0.4805112615866776
C_MOVECOUNT:0.5
