ELO:969
CE_PASSEDPAWNS:0.49998537282627664
CE_PAWNWEAKNESSES:0.5246961779879266
CE_PIECEACTIVITY:0.47762875086472656
CE_KINGPAWNSHIELD:0.4741297462631972
CE_PIECECOORDINATION:0.5019359667348139
CE_MATERIAL:0.47650264776541
CE_KINGSAFETY:0.5
C_PIECESQUARETABLES:0.5
C_MOBILITY:0.5290514454406589
C_KINGSAFETY:0.49018898760546376
C_PAWNSTRUCTURE:0.5366480514499651
C_PIECECOORDINATION:0.48837452370711515
C_ROOK:0.5127026709461784
CE_ROOK:0.5230223998808768
C_CENTERCONTROL:0.5301289448011852
C_DEVELOPPIECES:0.4808340819626096
C_MATERIAL:0.4856453541341074
C_MOVECOUNT:0.48077047236576254
C_PAWNMOVEMENT:0.5110640679069708
