ELO:999
CE_PASSEDPAWNS:0.5919524177041517
CE_PAWNWEAKNESSES:0.48474162259844983
CE_PIECEACTIVITY:0.6131249102530745
CE_KINGPAWNSHIELD:0.54728714433527
CE_PIECECOORDINATION:0.4944706663670215
CE_MATERIAL:0.535412731481231
CE_KINGSAFETY:0.5040920036069254
C_PIECESQUARETABLES:0.48278538968119955
C_MOBILITY:0.5096685043315112
C_KINGSAFETY:0.5029415529512848
C_PAWNSTRUCTURE:0.5394403898149608
C_PIECECOORDINATION:0.5577911026222006
C_ROOKANDPAWNMOVEMENT:0.5577911026222006
C_CENTERCONTROL:0.4766625660907805
C_DEVELOPPIECES:0.5729327068138655
C_MATERIAL:0.49864994096366316
