ELO:1000
CE_PASSEDPAWNS:0.45405827348924443
CE_PAWNWEAKNESSES:0.4287657870442845
CE_PIECEACTIVITY:0.4690584268731127
CE_KINGPAWNSHIELD:0.561023218545889
CE_PIECECOORDINATION:0.486500898599562
CE_MATERIAL:0.5677926012997765
CE_KINGSAFETY:0.5480781464731181
C_PIECESQUARETABLES:0.5325590473693557
C_MOBILITY:0.5312899900146373
C_KINGSAFETY:0.4883929017307534
C_PAWNSTRUCTURE:0.48665334120050735
C_PIECECOORDINATION:0.43569700697932157
C_ROOKANDPAWNMOVEMENT:0.43569700697932157
C_CENTERCONTROL:0.44848167222179214
C_DEVELOPPIECES:0.5081248441275182
C_MATERIAL:0.5134183754633506
