ELO:976
CE_PASSEDPAWNS:0.5023873624880882
CE_PAWNWEAKNESSES:0.45046761445385636
CE_PIECEACTIVITY:0.49390403353700246
CE_KINGPAWNSHIELD:0.5342941244210528
CE_PIECECOORDINATION:0.48824783824398477
CE_MATERIAL:0.5056940521468837
CE_KINGSAFETY:0.5
C_PIECESQUARETABLES:0.4888128118640999
C_MOBILITY:0.5003931626113698
C_KINGSAFETY:0.4727276072228764
C_PAWNSTRUCTURE:0.5426560510195958
C_PIECECOORDINATION:0.4886952504622602
C_ROOK:0.5143242180426988
CE_ROOK:0.5166363473588294
C_CENTERCONTROL:0.45547399386637577
C_DEVELOPPIECES:0.5090359425664261
C_MATERIAL:0.4856453541341074
C_MOVECOUNT:0.49973279217850536
C_PAWNMOVEMENT:0.5035828257289352
