ELO:1006
CE_PASSEDPAWNS:0.4931523668009104
CE_PAWNWEAKNESSES:0.5015756313928481
CE_PIECEACTIVITY:0.489928934201404
CE_KINGPAWNSHIELD:0.5003949043333648
CE_PIECECOORDINATION:0.49417067068313514
CE_MATERIAL:0.5221006383662515
CE_KINGSAFETY:0.4882266024112188
C_PIECESQUARETABLES:0.4911653742510626
C_MOBILITY:0.4991139851866986
C_KINGSAFETY:0.49953293754300526
C_PAWNSTRUCTURE:0.48251765288906745
C_PIECECOORDINATION:0.5
C_ROOKANDPAWNMOVEMENT:0.5
C_CENTERCONTROL:0.49522871139528424
C_DEVELOPPIECES:0.5
C_MATERIAL:0.5132350259864532
