ELO:1023
CE_PASSEDPAWNS:0.4556428502129184
CE_PAWNWEAKNESSES:0.4994741001427104
CE_PIECEACTIVITY:0.5581693132593651
CE_KINGPAWNSHIELD:0.52592304186511
CE_PIECECOORDINATION:0.4896548176615932
CE_MATERIAL:0.46837377775804356
CE_KINGSAFETY:0.4973649927298087
C_PIECESQUARETABLES:0.48583410603797733
C_MOBILITY:0.5110370538000563
C_KINGSAFETY:0.5641394126616658
C_PAWNSTRUCTURE:0.5170863107158039
C_PIECECOORDINATION:0.5128189785301739
C_ROOKANDPAWNMOVEMENT:0.5128189785301739
C_CENTERCONTROL:0.4238806704231783
C_DEVELOPPIECES:0.5
C_MATERIAL:0.49526968638533214
C_MOVECOUNT:0.5
