ELO:934
CE_PASSEDPAWNS:0.5792382080617137
CE_PAWNWEAKNESSES:0.5001363880677698
CE_PIECEACTIVITY:0.6203664893824297
CE_KINGPAWNSHIELD:0.5736488341290914
CE_PIECECOORDINATION:0.41879560898691187
CE_MATERIAL:0.5837247404444058
CE_KINGSAFETY:0.5
C_PIECESQUARETABLES:0.5007405173251833
C_MOBILITY:0.4856151221357511
C_KINGSAFETY:0.5416779714463336
C_PAWNSTRUCTURE:0.5292924476717003
C_PIECECOORDINATION:0.5541178963958998
C_ROOKANDPAWNMOVEMENT:0.5541178963958998
C_CENTERCONTROL:0.517747085549267
C_DEVELOPPIECES:0.5249156870006143
C_MATERIAL:0.5247073874586861
