ELO:980
CE_PASSEDPAWNS:0.5059477929000695
CE_PAWNWEAKNESSES:0.49110875076286015
CE_PIECEACTIVITY:0.4817842771251044
CE_KINGPAWNSHIELD:0.48345804756710326
CE_PIECECOORDINATION:0.44250140372719315
CE_MATERIAL:0.5144121191243327
CE_KINGSAFETY:0.5
C_PIECESQUARETABLES:0.5
C_MOBILITY:0.4938466882198852
C_KINGSAFETY:0.5090824192887126
C_PAWNSTRUCTURE:0.5359318020701782
C_PIECECOORDINATION:0.5156425914250321
C_ROOK:0.4910837097390936
CE_ROOK:0.5316485421641213
C_CENTERCONTROL:0.46592307703464025
C_DEVELOPPIECES:0.500775870672109
C_MATERIAL:0.5121962639220392
C_MOVECOUNT:0.5010024275466542
C_PAWNMOVEMENT:0.4991627991772496
