ELO:943
CE_PASSEDPAWNS:0.501367055200801
CE_PAWNWEAKNESSES:0.512033053903517
CE_PIECEACTIVITY:0.5072885825597941
CE_KINGPAWNSHIELD:0.4871099107684788
CE_PIECECOORDINATION:0.49664221775117384
CE_MATERIAL:0.49894493227750214
CE_KINGSAFETY:0.4895610476225181
C_PIECESQUARETABLES:0.4846419792326884
C_MOBILITY:0.5
C_KINGSAFETY:0.509427940094867
C_PAWNSTRUCTURE:0.48325160865382993
C_PIECECOORDINATION:0.4974885685300978
C_ROOKANDPAWNMOVEMENT:0.4974885685300978
C_CENTERCONTROL:0.5050630848251774
C_DEVELOPPIECES:0.4958618212426621
C_MATERIAL:0.5151550454973826
C_MOVECOUNT:0.5
