ELO:960
CE_PASSEDPAWNS:0.4767925980787688
CE_PAWNWEAKNESSES:0.47574586582270334
CE_PIECEACTIVITY:0.5165253306019695
CE_KINGPAWNSHIELD:0.523153344478472
CE_PIECECOORDINATION:0.47477997626600776
CE_MATERIAL:0.5144121191243327
CE_KINGSAFETY:0.5
C_PIECESQUARETABLES:0.5
C_MOBILITY:0.5290514454406589
C_KINGSAFETY:0.48558258339097454
C_PAWNSTRUCTURE:0.49478293192095857
C_PIECECOORDINATION:0.53726239249288
C_ROOK:0.4523695276041132
CE_ROOK:0.5358946855291181
C_CENTERCONTROL:0.46592307703464025
C_DEVELOPPIECES:0.49118257692071426
C_MATERIAL:0.47284963606332175
C_MOVECOUNT:0.5141809455062772
C_PAWNMOVEMENT:0.4890883096959666
