ELO:892
CE_PASSEDPAWNS:0.5652093401537659
CE_PAWNWEAKNESSES:0.49834733678446735
CE_PIECEACTIVITY:0.65042066017039
CE_KINGPAWNSHIELD:0.6132953300351066
CE_PIECECOORDINATION:0.3848260586400353
CE_MATERIAL:0.5854969811986097
CE_KINGSAFETY:0.4943075763231379
C_PIECESQUARETABLES:0.506251783619118
C_MOBILITY:0.5348135436597234
C_KINGSAFETY:0.5676659562852
C_PAWNSTRUCTURE:0.4862710213732043
C_PIECECOORDINATION:0.5493270359643913
C_ROOKANDPAWNMOVEMENT:0.5493270359643913
C_CENTERCONTROL:0.5164611498680355
C_DEVELOPPIECES:0.4889853382095591
C_MATERIAL:0.540077144670244
