ELO:925
CE_PASSEDPAWNS:0.4920493337760593
CE_PAWNWEAKNESSES:0.5599653468006488
CE_PIECEACTIVITY:0.5264675594553275
CE_KINGPAWNSHIELD:0.484835041119556
CE_PIECECOORDINATION:0.4841420946980683
CE_MATERIAL:0.465514932890389
CE_KINGSAFETY:0.48490901758153293
C_PIECESQUARETABLES:0.46097432281779965
C_MOBILITY:0.4447267338158843
C_KINGSAFETY:0.5025070284750648
C_PAWNSTRUCTURE:0.5076042062107055
C_PIECECOORDINATION:0.4617413293513518
C_ROOKANDPAWNMOVEMENT:0.4617413293513518
C_CENTERCONTROL:0.4965482825208633
C_DEVELOPPIECES:0.5120143177733883
C_MATERIAL:0.5187780773370121
C_MOVECOUNT:0.5
