ELO:995
CE_PASSEDPAWNS:0.5895509261747229
CE_PAWNWEAKNESSES:0.47181399834509213
CE_PIECEACTIVITY:0.6139538890413166
CE_KINGPAWNSHIELD:0.568970077487072
CE_PIECECOORDINATION:0.4791188974953909
CE_MATERIAL:0.525060415323552
CE_KINGSAFETY:0.5106471179056715
C_PIECESQUARETABLES:0.488601239647832
C_MOBILITY:0.49755364743180536
C_KINGSAFETY:0.5116683076731757
C_PAWNSTRUCTURE:0.5297812528685617
C_PIECECOORDINATION:0.5496890794844471
C_ROOKANDPAWNMOVEMENT:0.5496890794844471
C_CENTERCONTROL:0.47880108129990245
C_DEVELOPPIECES:0.5626975246503326
C_MATERIAL:0.5063741833620052
