ELO:643
CE_PASSEDPAWNS:0.43509722405226425
CE_PAWNWEAKNESSES:0.5635568212573491
CE_PIECEACTIVITY:0.4986202618657925
CE_KINGPAWNSHIELD:0.5079885768217003
CE_PIECECOORDINATION:0.451150487806457
CE_MATERIAL:0.5590870387068285
CE_KINGSAFETY:0.48974602550608876
C_PIECESQUARETABLES:0.48925501205623173
C_MOBILITY:0.3989597530000741
C_KINGSAFETY:0.4836961621068648
C_PAWNSTRUCTURE:0.4780574819176656
C_PIECECOORDINATION:0.49676900220315284
C_ROOKANDPAWNMOVEMENT:0.49676900220315284
C_CENTERCONTROL:0.6276775753687669
C_DEVELOPPIECES:0.4183246843234389
C_MATERIAL:0.4839315673212321
C_MOVECOUNT:0.46833906317260027
