ELO:1019
CE_PASSEDPAWNS:0.5023863293714984
CE_PAWNWEAKNESSES:0.4786811087368064
CE_PIECEACTIVITY:0.49204023118983425
CE_KINGPAWNSHIELD:0.4956211706512778
CE_PIECECOORDINATION:0.49984705936406354
CE_MATERIAL:0.5256228848451041
CE_KINGSAFETY:0.49905154725594514
C_PIECESQUARETABLES:0.502562069011594
C_MOBILITY:0.497576774702515
C_KINGSAFETY:0.48760421906319956
C_PAWNSTRUCTURE:0.49792848330634976
C_PIECECOORDINATION:0.5122583737649822
C_ROOK:0.5007168017806173
CE_ROOK:0.482520921759086
C_CENTERCONTROL:0.4925706165565375
C_DEVELOPPIECES:0.5103527756017221
C_MATERIAL:0.5124057133211659
C_MOVECOUNT:0.49241060356988176
C_PAWNMOVEMENT:0.49912436464649584
