ELO:1000
CE_PASSEDPAWNS:0.590677503573727
CE_PAWNWEAKNESSES:0.4887157775681219
CE_PIECEACTIVITY:0.5943282526265259
CE_KINGPAWNSHIELD:0.5446771753039136
CE_PIECECOORDINATION:0.4928597713976567
CE_MATERIAL:0.5495272322247151
CE_KINGSAFETY:0.49372858372657014
C_PIECESQUARETABLES:0.4890409067298217
C_MOBILITY:0.5122605989924369
C_KINGSAFETY:0.5134844897650357
C_PAWNSTRUCTURE:0.48652362278158334
C_PIECECOORDINATION:0.5418372370469006
C_ROOKANDPAWNMOVEMENT:0.5418372370469006
C_CENTERCONTROL:0.5006689117079732
C_DEVELOPPIECES:0.5665464707837095
C_MATERIAL:0.5096945962243692
