ELO:1002
CE_PASSEDPAWNS:0.4989398323627325
CE_PAWNWEAKNESSES:0.5043443006402143
CE_PIECEACTIVITY:0.5
CE_KINGPAWNSHIELD:0.5139610986181848
CE_PIECECOORDINATION:0.4818338015112776
CE_MATERIAL:0.49176965833779435
CE_KINGSAFETY:0.540974936430641
C_PIECESQUARETABLES:0.4596782506283564
C_MOBILITY:0.5051626154467438
C_KINGSAFETY:0.5496379641301086
C_PAWNSTRUCTURE:0.48543865650024476
C_PIECECOORDINATION:0.5913788208216232
C_ROOKANDPAWNMOVEMENT:0.5913788208216232
C_CENTERCONTROL:0.5912364160710453
C_DEVELOPPIECES:0.48040919390103787
C_MATERIAL:0.48501531366920864
C_MOVECOUNT:0.5100882824475276
