ELO:998
CE_PASSEDPAWNS:0.5143391070167428
CE_PAWNWEAKNESSES:0.5722788871246072
CE_PIECEACTIVITY:0.499937667963375
CE_KINGPAWNSHIELD:0.5715820152975758
CE_PIECECOORDINATION:0.4696356650260049
CE_MATERIAL:0.4980024557928338
CE_KINGSAFETY:0.5
C_PIECESQUARETABLES:0.5
C_MOBILITY:0.513979440550616
C_KINGSAFETY:0.5650158113542884
C_PAWNSTRUCTURE:0.48418409463271117
C_PIECECOORDINATION:0.462321444927323
C_ROOKANDPAWNMOVEMENT:0.462321444927323
C_CENTERCONTROL:0.5115478061113276
C_DEVELOPPIECES:0.5001869956773616
C_MATERIAL:0.5
C_MOVECOUNT:0.5
