ELO:954
CE_PASSEDPAWNS:0.5787372121553676
CE_PAWNWEAKNESSES:0.4970878907334887
CE_PIECEACTIVITY:0.6209926080407481
CE_KINGPAWNSHIELD:0.5627289110027316
CE_PIECECOORDINATION:0.45798934357897697
CE_MATERIAL:0.5367430121936936
CE_KINGSAFETY:0.49377527347659544
C_PIECESQUARETABLES:0.515474835690083
C_MOBILITY:0.498059910154873
C_KINGSAFETY:0.4844262278138452
C_PAWNSTRUCTURE:0.5652775035595201
C_PIECECOORDINATION:0.5512993258002181
C_ROOKANDPAWNMOVEMENT:0.5512993258002181
C_CENTERCONTROL:0.5192074376628246
C_DEVELOPPIECES:0.5111502389984223
C_MATERIAL:0.5137910906589721
