ELO:1028
CE_PASSEDPAWNS:0.5
CE_PAWNWEAKNESSES:0.4954662148007358
CE_PIECEACTIVITY:0.51388323393422
CE_KINGPAWNSHIELD:0.4841842829967064
CE_PIECECOORDINATION:0.512382345544201
CE_MATERIAL:0.5289998839851052
CE_KINGSAFETY:0.4957500027685976
C_PIECESQUARETABLES:0.5
C_MOBILITY:0.497576774702515
C_KINGSAFETY:0.5017986960403579
C_PAWNSTRUCTURE:0.5
C_PIECECOORDINATION:0.5129933973770763
C_ROOK:0.5021610458470172
CE_ROOK:0.49932498609106746
C_CENTERCONTROL:0.5039788871700898
C_DEVELOPPIECES:0.5025489035147771
C_MATERIAL:0.4924564367153651
C_MOVECOUNT:0.5010862674562695
C_PAWNMOVEMENT:0.4904676925178619
