ELO:1000
CE_PASSEDPAWNS:0.5115362890731838
CE_PAWNWEAKNESSES:0.5
CE_PIECEACTIVITY:0.49933372913332463
CE_KINGPAWNSHIELD:0.5101949964798309
CE_PIECECOORDINATION:0.49808905416528004
CE_MATERIAL:0.5080601122546156
CE_KINGSAFETY:0.4982659909656773
C_PIECESQUARETABLES:0.49110917955901984
C_MOBILITY:0.5078983890565197
C_KINGSAFETY:0.4915777481179966
C_PAWNSTRUCTURE:0.4956654684189863
C_PIECECOORDINATION:0.4881490623535575
C_ROOKANDPAWNMOVEMENT:0.4881490623535575
C_CENTERCONTROL:0.48828943251406626
C_DEVELOPPIECES:0.49484511695626104
C_MATERIAL:0.49654943725231987
