ELO:1010
CE_PASSEDPAWNS:0.5039841093475749
CE_PAWNWEAKNESSES:0.4830405011720233
CE_PIECEACTIVITY:0.4968812041783921
CE_KINGPAWNSHIELD:0.4924549102924585
CE_PIECECOORDINATION:0.4930408821257533
CE_MATERIAL:0.5049127695988198
CE_KINGSAFETY:0.49905154725594514
C_PIECESQUARETABLES:0.5
C_MOBILITY:0.498813708989932
C_KINGSAFETY:0.48760421906319956
C_PAWNSTRUCTURE:0.49843578289141854
C_PIECECOORDINATION:0.5122583737649822
C_ROOK:0.5007168017806173
CE_ROOK:0.482520921759086
C_CENTERCONTROL:0.4925706165565375
C_DEVELOPPIECES:0.5284044370215044
C_MATERIAL:0.5124057133211659
C_MOVECOUNT:0.5037168177799068
C_PAWNMOVEMENT:0.49912436464649584
