ELO:1025
CE_PASSEDPAWNS:0.4599478493105759
CE_PAWNWEAKNESSES:0.5
CE_PIECEACTIVITY:0.5
CE_KINGPAWNSHIELD:0.5
CE_PIECECOORDINATION:0.4837889278663279
CE_MATERIAL:0.46369109946441667
CE_KINGSAFETY:0.5
C_PIECESQUARETABLES:0.5
C_MOBILITY:0.5057409685396114
C_KINGSAFETY:0.5633100318204572
C_PAWNSTRUCTURE:0.5022811031231645
C_PIECECOORDINATION:0.4897546384219337
C_ROOKANDPAWNMOVEMENT:0.4897546384219337
C_CENTERCONTROL:0.4954760518193677
C_DEVELOPPIECES:0.48520930556225705
C_MATERIAL:0.4946310238639433
C_MOVECOUNT:0.5
