ELO:1000
CE_PASSEDPAWNS:0.5105387239446186
CE_PAWNWEAKNESSES:0.4865951893055873
CE_PIECEACTIVITY:0.4905677953333988
CE_KINGPAWNSHIELD:0.5013133274603842
CE_PIECECOORDINATION:0.49872595169709294
CE_MATERIAL:0.5448877391566407
CE_KINGSAFETY:0.5486688367747296
C_PIECESQUARETABLES:0.48151756369053417
C_MOBILITY:0.5115641769220202
C_KINGSAFETY:0.49093774520868405
C_PAWNSTRUCTURE:0.4932943475844425
C_PIECECOORDINATION:0.47791353927637714
C_ROOKANDPAWNMOVEMENT:0.47791353927637714
C_CENTERCONTROL:0.4834379795329157
C_DEVELOPPIECES:0.5037952808635775
C_MATERIAL:0.4989741115420271
