ELO:981
CE_PASSEDPAWNS:0.5815822973198617
CE_PAWNWEAKNESSES:0.5002811011875838
CE_PIECEACTIVITY:0.6193950308512041
CE_KINGPAWNSHIELD:0.5956563875759213
CE_PIECECOORDINATION:0.47742487202023154
CE_MATERIAL:0.5257330981595651
CE_KINGSAFETY:0.5292840886365784
C_PIECESQUARETABLES:0.5030742145450471
C_MOBILITY:0.5165758201187959
C_KINGSAFETY:0.5101092652679162
C_PAWNSTRUCTURE:0.5490504388673044
C_PIECECOORDINATION:0.5339400415890455
C_ROOKANDPAWNMOVEMENT:0.5339400415890455
C_CENTERCONTROL:0.5006652493450194
C_DEVELOPPIECES:0.589697072049057
C_MATERIAL:0.5053834603191251
