ELO:998
CE_PASSEDPAWNS:0.4972885164370004
CE_PAWNWEAKNESSES:0.49278045495506584
CE_PIECEACTIVITY:0.4968812041783921
CE_KINGPAWNSHIELD:0.5046228670522984
CE_PIECECOORDINATION:0.49707921453604526
CE_MATERIAL:0.5049127695988198
CE_KINGSAFETY:0.5
C_PIECESQUARETABLES:0.5
C_MOBILITY:0.49189048530741886
C_KINGSAFETY:0.49651848494418965
C_PAWNSTRUCTURE:0.4951934984185772
C_PIECECOORDINATION:0.5009222928617798
C_ROOK:0.49618099360531226
CE_ROOK:0.48276192373606386
C_CENTERCONTROL:0.4916245696112081
C_DEVELOPPIECES:0.5245112746207443
C_MATERIAL:0.5124057133211659
C_MOVECOUNT:0.49106737704959497
C_PAWNMOVEMENT:0.49912436464649584
