ELO:991
CE_PASSEDPAWNS:0.46350285674815733
CE_PAWNWEAKNESSES:0.42642753313464526
CE_PIECEACTIVITY:0.48309587195080733
CE_KINGPAWNSHIELD:0.562235974392839
CE_PIECECOORDINATION:0.5391681665537833
CE_MATERIAL:0.4710253125759435
CE_KINGSAFETY:0.4901526712120657
C_PIECESQUARETABLES:0.48291477288398216
C_MOBILITY:0.49719592595319445
C_KINGSAFETY:0.5060938876572613
C_PAWNSTRUCTURE:0.5303117897081342
C_PIECECOORDINATION:0.5217814385172531
C_ROOKANDPAWNMOVEMENT:0.5217814385172531
C_CENTERCONTROL:0.47901759445665343
C_DEVELOPPIECES:0.5282492957394046
C_MATERIAL:0.49632081710876697
