ELO:848
CE_PASSEDPAWNS:0.5831877260101361
CE_PAWNWEAKNESSES:0.4455894123417668
CE_PIECEACTIVITY:0.6564213766016309
CE_KINGPAWNSHIELD:0.6177993915571812
CE_PIECECOORDINATION:0.40092709270996246
CE_MATERIAL:0.6074603328732959
CE_KINGSAFETY:0.48783359467814763
C_PIECESQUARETABLES:0.4829573783487967
C_MOBILITY:0.4740893224708012
C_KINGSAFETY:0.5352687057608596
C_PAWNSTRUCTURE:0.49730723480377853
C_PIECECOORDINATION:0.5064542068892721
C_ROOKANDPAWNMOVEMENT:0.5064542068892721
C_CENTERCONTROL:0.4686047265898105
C_DEVELOPPIECES:0.4669864815299131
C_MATERIAL:0.547234401236822
