ELO:974
CE_PASSEDPAWNS:0.4921082848623037
CE_PAWNWEAKNESSES:0.5084624631969189
CE_PIECEACTIVITY:0.4888887048428161
CE_KINGPAWNSHIELD:0.5009192686245153
CE_PIECECOORDINATION:0.4998313996547533
CE_MATERIAL:0.4902672246960335
CE_KINGSAFETY:0.5153125670056885
C_PIECESQUARETABLES:0.523046044773531
C_MOBILITY:0.5153174487296501
C_KINGSAFETY:0.5107821997819236
C_PAWNSTRUCTURE:0.4908790637050417
C_PIECECOORDINATION:0.5
C_ROOKANDPAWNMOVEMENT:0.5
C_CENTERCONTROL:0.5094395973003218
C_DEVELOPPIECES:0.5189501048801796
C_MATERIAL:0.49162738702492015
