ELO:667
CE_PASSEDPAWNS:0.5052418817383333
CE_PAWNWEAKNESSES:0.4990064759795738
CE_PIECEACTIVITY:0.4552208529453403
CE_KINGPAWNSHIELD:0.4612050036525033
CE_PIECECOORDINATION:0.5066500461107584
CE_MATERIAL:0.5223311794817136
CE_KINGSAFETY:0.5041682421424508
C_PIECESQUARETABLES:0.47810106354852216
C_MOBILITY:0.5212845153733855
C_KINGSAFETY:0.44984028094588535
C_PAWNSTRUCTURE:0.42196609983738603
C_PIECECOORDINATION:0.5772001857014235
C_ROOKANDPAWNMOVEMENT:0.5772001857014235
C_CENTERCONTROL:0.49661985492951616
C_DEVELOPPIECES:0.562852791688517
C_MATERIAL:0.5700017312300764
C_MOVECOUNT:0.5146926147196748
