ELO:983
CE_PASSEDPAWNS:0.5620759861276746
CE_PAWNWEAKNESSES:0.5186124373027913
CE_PIECEACTIVITY:0.5761692938200312
CE_KINGPAWNSHIELD:0.4790511787134641
CE_PIECECOORDINATION:0.5211072272207357
CE_MATERIAL:0.4266430481754955
CE_KINGSAFETY:0.5095741303451383
C_PIECESQUARETABLES:0.5130701639786454
C_MOBILITY:0.5149415905033113
C_KINGSAFETY:0.49452618945998944
C_PAWNSTRUCTURE:0.47615456313121635
C_PIECECOORDINATION:0.47916090712150067
C_ROOKANDPAWNMOVEMENT:0.47916090712150067
C_CENTERCONTROL:0.5422860959877301
C_DEVELOPPIECES:0.5454955581252648
C_MATERIAL:0.5179025177265568
