ELO:968
CE_PASSEDPAWNS:0.641422643941329
CE_PAWNWEAKNESSES:0.3466452183069595
CE_PIECEACTIVITY:0.4796797287988999
CE_KINGPAWNSHIELD:0.4697194062662413
CE_PIECECOORDINATION:0.5720976621955222
CE_MATERIAL:0.6070343993719298
CE_KINGSAFETY:0.5
C_PIECESQUARETABLES:0.5
C_MOBILITY:0.4170604358301893
C_KINGSAFETY:0.5240867442085723
C_PAWNSTRUCTURE:0.4717683192382676
C_PIECECOORDINATION:0.4789962165914634
C_ROOKANDPAWNMOVEMENT:0.4789962165914634
C_CENTERCONTROL:0.457068840601756
C_DEVELOPPIECES:0.5169865133205891
C_MATERIAL:0.4305111462247573
