ELO:1000
CE_PASSEDPAWNS:0.5192279719206349
CE_PAWNWEAKNESSES:0.5518758142199138
CE_PIECEACTIVITY:0.5479174066790157
CE_KINGPAWNSHIELD:0.5057869675552379
CE_PIECECOORDINATION:0.5311140657360562
CE_MATERIAL:0.44785191547123615
CE_KINGSAFETY:0.4798366043350726
C_PIECESQUARETABLES:0.49746914172274964
C_MOBILITY:0.46966135660519837
C_KINGSAFETY:0.5284997340991688
C_PAWNSTRUCTURE:0.5079166012411133
C_PIECECOORDINATION:0.46457724867345446
C_ROOKANDPAWNMOVEMENT:0.46457724867345446
C_CENTERCONTROL:0.5634454225952561
C_DEVELOPPIECES:0.5136530199566558
C_MATERIAL:0.513641180845249
