ELO:988
CE_PASSEDPAWNS:0.5246555969367872
CE_PAWNWEAKNESSES:0.5092242100524107
CE_PIECEACTIVITY:0.5011300979520098
CE_KINGPAWNSHIELD:0.4377291172754894
CE_PIECECOORDINATION:0.5124887192393485
CE_MATERIAL:0.4857179863277638
CE_KINGSAFETY:0.5
C_PIECESQUARETABLES:0.5
C_MOBILITY:0.4912835967821936
C_KINGSAFETY:0.4962594707329172
C_PAWNSTRUCTURE:0.5199709927670042
C_PIECECOORDINATION:0.46147752540621434
C_ROOK:0.4895091710090385
CE_ROOK:0.5206690808422747
C_CENTERCONTROL:0.5032568892361207
C_DEVELOPPIECES:0.46559293210813407
C_MATERIAL:0.5328545172180807
C_MOVECOUNT:0.45900791228018817
C_PAWNMOVEMENT:0.5655996523806669
