ELO:1000
CE_PASSEDPAWNS:0.5630454376935371
CE_PAWNWEAKNESSES:0.4059993007259912
CE_PIECEACTIVITY:0.4592901028513687
CE_KINGPAWNSHIELD:0.5238612302218149
CE_PIECECOORDINATION:0.5204752201556107
CE_MATERIAL:0.5344442812759789
CE_KINGSAFETY:0.5068865950335465
C_PIECESQUARETABLES:0.48545075284213257
C_MOBILITY:0.4760531635082715
C_KINGSAFETY:0.5111676966316607
C_PAWNSTRUCTURE:0.4449196610004474
C_PIECECOORDINATION:0.4967031825946068
C_ROOKANDPAWNMOVEMENT:0.4967031825946068
C_CENTERCONTROL:0.5192426545237533
C_DEVELOPPIECES:0.4956199195222121
C_MATERIAL:0.47427619892112644
