ELO:912
CE_PASSEDPAWNS:0.5755996864300823
CE_PAWNWEAKNESSES:0.5373932111075197
CE_PIECEACTIVITY:0.5031263337049584
CE_KINGPAWNSHIELD:0.49927926016579444
CE_PIECECOORDINATION:0.5717178046826844
CE_MATERIAL:0.42766194471949937
CE_KINGSAFETY:0.5037667079063871
C_PIECESQUARETABLES:0.48766272162885405
C_MOBILITY:0.5705811341679624
C_KINGSAFETY:0.44961651771325484
C_PAWNSTRUCTURE:0.4642247062436278
C_PIECECOORDINATION:0.5154191457161098
C_ROOKANDPAWNMOVEMENT:0.5154191457161098
C_CENTERCONTROL:0.5607583367208789
C_DEVELOPPIECES:0.49738948595436916
C_MATERIAL:0.5558698401546578
