ELO:963
CE_PASSEDPAWNS:0.5021023153967906
CE_PAWNWEAKNESSES:0.4826333647226899
CE_PIECEACTIVITY:0.49881014484547964
CE_KINGPAWNSHIELD:0.5109266968137413
CE_PIECECOORDINATION:0.4884135043742909
CE_MATERIAL:0.5266774347925881
CE_KINGSAFETY:0.4859129008376388
C_PIECESQUARETABLES:0.5
C_MOBILITY:0.49293119841657435
C_KINGSAFETY:0.5051077309861668
C_PAWNSTRUCTURE:0.49343323605078165
C_PIECECOORDINATION:0.5145151072148587
C_ROOKANDPAWNMOVEMENT:0.5145151072148587
C_CENTERCONTROL:0.5073802869100087
C_DEVELOPPIECES:0.5
C_MATERIAL:0.471398276780243
C_MOVECOUNT:0.5
