ELO:992
CE_PASSEDPAWNS:0.527880045212006
CE_PAWNWEAKNESSES:0.5052144008798211
CE_PIECEACTIVITY:0.5068035494740886
CE_KINGPAWNSHIELD:0.4898504149758407
CE_PIECECOORDINATION:0.4878157754491681
CE_MATERIAL:0.49753820209160377
CE_KINGSAFETY:0.5233118633666387
C_PIECESQUARETABLES:0.5153758197728971
C_MOBILITY:0.4942949457965793
C_KINGSAFETY:0.5069057019623586
C_PAWNSTRUCTURE:0.49822882496927007
C_PIECECOORDINATION:0.47970781965821074
C_ROOKANDPAWNMOVEMENT:0.47970781965821074
C_CENTERCONTROL:0.4786307383469005
C_DEVELOPPIECES:0.5206852134732859
C_MATERIAL:0.502661953557657
C_MOVECOUNT:0.46617986345828466
