ELO:850
CE_PASSEDPAWNS:0.6233158928487309
CE_PAWNWEAKNESSES:0.3323725414498581
CE_PIECEACTIVITY:0.4848324416013915
CE_KINGPAWNSHIELD:0.4227961447467547
CE_PIECECOORDINATION:0.6232999618567894
CE_MATERIAL:0.5590791147404127
CE_KINGSAFETY:0.46527932834982105
C_PIECESQUARETABLES:0.5342552735880541
C_MOBILITY:0.38752608351537593
C_KINGSAFETY:0.5588009563605417
C_PAWNSTRUCTURE:0.5532485255472553
C_PIECECOORDINATION:0.4889057880358684
C_ROOKANDPAWNMOVEMENT:0.4889057880358684
C_CENTERCONTROL:0.36266055433001454
C_DEVELOPPIECES:0.5134988745682774
C_MATERIAL:0.38113664386505897
