ELO:975
CE_PASSEDPAWNS:0.48391423846702436
CE_PAWNWEAKNESSES:0.49411948903276237
CE_PIECEACTIVITY:0.4784995594665833
CE_KINGPAWNSHIELD:0.5
CE_PIECECOORDINATION:0.46961571490753445
CE_MATERIAL:0.4718327990104209
CE_KINGSAFETY:0.48859828092697205
C_PIECESQUARETABLES:0.5114484505516264
C_MOBILITY:0.5140709386876489
C_KINGSAFETY:0.48644923537001156
C_PAWNSTRUCTURE:0.491719756963686
C_PIECECOORDINATION:0.5
C_ROOKANDPAWNMOVEMENT:0.5
C_CENTERCONTROL:0.49478901084837684
C_DEVELOPPIECES:0.5
C_MATERIAL:0.4622849848516736
C_MOVECOUNT:0.4717749847730842
