ELO:999
CE_PASSEDPAWNS:0.5130786078515361
CE_PAWNWEAKNESSES:0.495885952440801
CE_PIECEACTIVITY:0.5
CE_KINGPAWNSHIELD:0.5078860229821884
CE_PIECECOORDINATION:0.5471001596602227
CE_MATERIAL:0.5225472319489256
CE_KINGSAFETY:0.5
C_PIECESQUARETABLES:0.5
C_MOBILITY:0.5
C_KINGSAFETY:0.5
C_PAWNSTRUCTURE:0.5174206190622799
C_PIECECOORDINATION:0.5
C_ROOKANDPAWNMOVEMENT:0.5
C_CENTERCONTROL:0.5
C_DEVELOPPIECES:0.46670227930391944
C_MATERIAL:0.4785908972866987
C_MOVECOUNT:0.5013536673902028
