ELO:1000
CE_PASSEDPAWNS:0.49479202654132803
CE_PAWNWEAKNESSES:0.5573882335562721
CE_PIECEACTIVITY:0.5181024674483924
CE_KINGPAWNSHIELD:0.4956953242715895
CE_PIECECOORDINATION:0.48450017052546285
CE_MATERIAL:0.44594367564502674
CE_KINGSAFETY:0.48044094372238244
C_PIECESQUARETABLES:0.4924035540230933
C_MOBILITY:0.47357239618136915
C_KINGSAFETY:0.5646298358302411
C_PAWNSTRUCTURE:0.5280667406881425
C_PIECECOORDINATION:0.4822492156556642
C_ROOKANDPAWNMOVEMENT:0.4822492156556642
C_CENTERCONTROL:0.5415447069181167
C_DEVELOPPIECES:0.5306234051258288
C_MATERIAL:0.547859897538509
