ELO:1084
CE_PASSEDPAWNS:0.6332196418164856
CE_PAWNWEAKNESSES:0.47724693035323507
CE_PIECEACTIVITY:0.4773195872963171
CE_KINGPAWNSHIELD:0.4268574360654494
CE_PIECECOORDINATION:0.48203712463457865
CE_MATERIAL:0.4489188361610961
CE_KINGSAFETY:0.5
C_PIECESQUARETABLES:0.5
C_MOBILITY:0.5335361914694342
C_KINGSAFETY:0.48303387391337677
C_PAWNSTRUCTURE:0.43097009395128055
C_PIECECOORDINATION:0.4782331049214695
C_ROOKANDPAWNMOVEMENT:0.4782331049214695
C_CENTERCONTROL:0.5323481688590377
C_DEVELOPPIECES:0.4869899782426523
C_MATERIAL:0.414204639430742
