ELO:993
CE_PASSEDPAWNS:0.5173013936817684
CE_PAWNWEAKNESSES:0.4830813881424092
CE_PIECEACTIVITY:0.4805186712246293
CE_KINGPAWNSHIELD:0.5127379759590944
CE_PIECECOORDINATION:0.48498208762157996
CE_MATERIAL:0.520722858265977
CE_KINGSAFETY:0.5119656140847803
C_PIECESQUARETABLES:0.5
C_MOBILITY:0.49525716107946177
C_KINGSAFETY:0.4907510947961434
C_PAWNSTRUCTURE:0.5082786982559596
C_PIECECOORDINATION:0.4906988280142409
C_ROOKANDPAWNMOVEMENT:0.4906988280142409
C_CENTERCONTROL:0.5194295010442714
C_DEVELOPPIECES:0.4963168313436767
C_MATERIAL:0.4875515898651747
C_MOVECOUNT:0.5
