ELO:888
CE_PASSEDPAWNS:0.4901846422652243
CE_PAWNWEAKNESSES:0.49966672786678284
CE_PIECEACTIVITY:0.4743699621057838
CE_KINGPAWNSHIELD:0.4728638416887178
CE_PIECECOORDINATION:0.4686942886126088
CE_MATERIAL:0.4695968527466611
CE_KINGSAFETY:0.463087919037408
C_PIECESQUARETABLES:0.4629075121741214
C_MOBILITY:0.5437339938647865
C_KINGSAFETY:0.5093431772197685
C_PAWNSTRUCTURE:0.4975564422813836
C_PIECECOORDINATION:0.529150054950721
C_ROOKANDPAWNMOVEMENT:0.529150054950721
C_CENTERCONTROL:0.48912226681021187
C_DEVELOPPIECES:0.5529165723976519
C_MATERIAL:0.5657227787558985
C_MOVECOUNT:0.5
