ELO:1009
CE_PASSEDPAWNS:0.4907899144770467
CE_PAWNWEAKNESSES:0.4776614863123513
CE_PIECEACTIVITY:0.5100540260213947
CE_KINGPAWNSHIELD:0.5210214775162824
CE_PIECECOORDINATION:0.5053721830743602
CE_MATERIAL:0.5010422442645707
CE_KINGSAFETY:0.5116954636635895
C_PIECESQUARETABLES:0.5092980702629841
C_MOBILITY:0.50225701162682
C_KINGSAFETY:0.5026437202289434
C_PAWNSTRUCTURE:0.5003919346842141
C_PIECECOORDINATION:0.5039285734902399
C_ROOK:0.5004695252481818
CE_ROOK:0.5174535110286247
C_CENTERCONTROL:0.510546504013575
C_DEVELOPPIECES:0.5006440554748653
C_MATERIAL:0.5098946044976593
C_MOVECOUNT:0.512088621752719
C_PAWNMOVEMENT:0.5
