ELO:1012
CE_PASSEDPAWNS:0.5102075851819978
CE_PAWNWEAKNESSES:0.4955644345516172
CE_PIECEACTIVITY:0.49979297974660813
CE_KINGPAWNSHIELD:0.5028654402479912
CE_PIECECOORDINATION:0.5072894191244781
CE_MATERIAL:0.4960874898207118
CE_KINGSAFETY:0.506775638909428
C_PIECESQUARETABLES:0.5082598413204976
C_MOBILITY:0.5118822344397745
C_KINGSAFETY:0.4907988746808477
C_PAWNSTRUCTURE:0.5102455240699711
C_PIECECOORDINATION:0.4715419024091864
C_ROOKANDPAWNMOVEMENT:0.4715419024091864
C_CENTERCONTROL:0.5
C_DEVELOPPIECES:0.5
C_MATERIAL:0.512868246831592
C_MOVECOUNT:0.5
