ELO:1000
CE_PASSEDPAWNS:0.5431260249705891
CE_PAWNWEAKNESSES:0.4733081525373771
CE_PIECEACTIVITY:0.5060654318678213
CE_KINGPAWNSHIELD:0.49833840608864544
CE_PIECECOORDINATION:0.48622210017710094
CE_MATERIAL:0.49343722247283117
CE_KINGSAFETY:0.49339728145652223
C_PIECESQUARETABLES:0.49388755299490067
C_MOBILITY:0.49924448039348246
C_KINGSAFETY:0.4985194429619614
C_PAWNSTRUCTURE:0.5107459709151352
C_PIECECOORDINATION:0.49391477891120855
C_ROOKANDPAWNMOVEMENT:0.49391477891120855
C_CENTERCONTROL:0.49783833762646096
C_DEVELOPPIECES:0.5069875577462603
C_MATERIAL:0.4812107128330745
