ELO:987
CE_PASSEDPAWNS:0.5170604873017042
CE_PAWNWEAKNESSES:0.5175208877721109
CE_PIECEACTIVITY:0.5011300979520098
CE_KINGPAWNSHIELD:0.4377291172754894
CE_PIECECOORDINATION:0.5124887192393485
CE_MATERIAL:0.44316404070373416
CE_KINGSAFETY:0.5
C_PIECESQUARETABLES:0.5
C_MOBILITY:0.4912835967821936
C_KINGSAFETY:0.4962594707329172
C_PAWNSTRUCTURE:0.5010686300989745
C_PIECECOORDINATION:0.46147752540621434
C_ROOK:0.4895091710090385
CE_ROOK:0.5206690808422747
C_CENTERCONTROL:0.46592307703464025
C_DEVELOPPIECES:0.46559293210813407
C_MATERIAL:0.5313469601825206
C_MOVECOUNT:0.4891104888535709
C_PAWNMOVEMENT:0.5655996523806669
