ELO:639
CE_PASSEDPAWNS:0.5260620178828509
CE_PAWNWEAKNESSES:0.5132569739191162
CE_PIECEACTIVITY:0.460836504578347
CE_KINGPAWNSHIELD:0.45157405384202076
CE_PIECECOORDINATION:0.48739981167450913
CE_MATERIAL:0.5280198107942548
CE_KINGSAFETY:0.4815015946046219
C_PIECESQUARETABLES:0.48598543655723436
C_MOBILITY:0.5289297561761457
C_KINGSAFETY:0.421384154889873
C_PAWNSTRUCTURE:0.4214967667358513
C_PIECECOORDINATION:0.5557025189511475
C_ROOKANDPAWNMOVEMENT:0.5557025189511475
C_CENTERCONTROL:0.5141451531006127
C_DEVELOPPIECES:0.5932866336308568
C_MATERIAL:0.5669332433167437
C_MOVECOUNT:0.49027172595559243
