ELO:995
CE_PASSEDPAWNS:0.5173013936817684
CE_PAWNWEAKNESSES:0.49464534691354817
CE_PIECEACTIVITY:0.4805186712246293
CE_KINGPAWNSHIELD:0.5112682814630133
CE_PIECECOORDINATION:0.48498208762157996
CE_MATERIAL:0.5079127770409534
CE_KINGSAFETY:0.46859455230213987
C_PIECESQUARETABLES:0.5
C_MOBILITY:0.49525716107946177
C_KINGSAFETY:0.518343501590408
C_PAWNSTRUCTURE:0.492102189051103
C_PIECECOORDINATION:0.4906988280142409
C_ROOKANDPAWNMOVEMENT:0.4906988280142409
C_CENTERCONTROL:0.48676473814403787
C_DEVELOPPIECES:0.49815041459987947
C_MATERIAL:0.4875515898651747
C_MOVECOUNT:0.5
