ELO:990
CE_PASSEDPAWNS:0.39792981371987557
CE_PAWNWEAKNESSES:0.44945348486203984
CE_PIECEACTIVITY:0.5055534717583172
CE_KINGPAWNSHIELD:0.4966215477205802
CE_PIECECOORDINATION:0.6119281199717093
CE_MATERIAL:0.4213960657971399
CE_KINGSAFETY:0.5090152662579792
C_PIECESQUARETABLES:0.5
C_MOBILITY:0.6106431556756368
C_KINGSAFETY:0.5756815093926871
C_PAWNSTRUCTURE:0.6280118176701796
C_PIECECOORDINATION:0.6194393817090963
C_ROOKANDPAWNMOVEMENT:0.6194393817090963
C_CENTERCONTROL:0.3791738811592719
C_DEVELOPPIECES:0.5528173797779841
C_MATERIAL:0.5803043984843883
