ELO:1021
CE_PASSEDPAWNS:0.4717757927554592
CE_PAWNWEAKNESSES:0.483415461790615
CE_PIECEACTIVITY:0.5353494129309075
CE_KINGPAWNSHIELD:0.5193063438317401
CE_PIECECOORDINATION:0.5113481351769925
CE_MATERIAL:0.5027004884842425
CE_KINGSAFETY:0.5103697483539722
C_PIECESQUARETABLES:0.5061934426889271
C_MOBILITY:0.5185010580710362
C_KINGSAFETY:0.5265014950059942
C_PAWNSTRUCTURE:0.5125440906912597
C_PIECECOORDINATION:0.4711358384961328
C_ROOK:0.5004201328485155
CE_ROOK:0.5091387913428207
C_CENTERCONTROL:0.48513109523155706
C_DEVELOPPIECES:0.5249502262436926
C_MATERIAL:0.5131654886357258
C_MOVECOUNT:0.5138152306010111
C_PAWNMOVEMENT:0.45705365480330884
