ELO:953
CE_PASSEDPAWNS:0.5416877728438726
CE_PAWNWEAKNESSES:0.4949821251963144
CE_PIECEACTIVITY:0.5137133886517129
CE_KINGPAWNSHIELD:0.5092745315262233
CE_PIECECOORDINATION:0.5231591258207076
CE_MATERIAL:0.4874185337527329
CE_KINGSAFETY:0.4969930739013145
C_PIECESQUARETABLES:0.502909680986577
C_MOBILITY:0.5200561475583665
C_KINGSAFETY:0.522219577319474
C_PAWNSTRUCTURE:0.4916104137017852
C_PIECECOORDINATION:0.5
C_ROOKANDPAWNMOVEMENT:0.5
C_CENTERCONTROL:0.4770829256230738
C_DEVELOPPIECES:0.5007389845631443
C_MATERIAL:0.5020932214535375
C_MOVECOUNT:0.5
