ELO:1022
CE_PASSEDPAWNS:0.5
CE_PAWNWEAKNESSES:0.5091588087879751
CE_PIECEACTIVITY:0.5
CE_KINGPAWNSHIELD:0.5
CE_PIECECOORDINATION:0.4936984962847103
CE_MATERIAL:0.49644123318043515
CE_KINGSAFETY:0.5
C_PIECESQUARETABLES:0.4929751453276464
C_MOBILITY:0.4889019459217315
C_KINGSAFETY:0.5
C_PAWNSTRUCTURE:0.4879574143063145
C_PIECECOORDINATION:0.5086069861637985
C_ROOK:0.5
CE_ROOK:0.5077589950943293
C_CENTERCONTROL:0.4930338050338375
C_DEVELOPPIECES:0.48754410081312055
C_MATERIAL:0.5064913195796432
C_MOVECOUNT:0.5
C_PAWNMOVEMENT:0.5
