ELO:699
CE_PASSEDPAWNS:0.5130059452794192
CE_PAWNWEAKNESSES:0.4935342452101803
CE_PIECEACTIVITY:0.44343769374895137
CE_KINGPAWNSHIELD:0.4706870121989848
CE_PIECECOORDINATION:0.47512271024511954
CE_MATERIAL:0.4704704021558384
CE_KINGSAFETY:0.46823456886181786
C_PIECESQUARETABLES:0.48791346508265343
C_MOBILITY:0.5273125684612512
C_KINGSAFETY:0.5118492948951622
C_PAWNSTRUCTURE:0.48053802410623764
C_PIECECOORDINATION:0.5345575948135701
C_ROOKANDPAWNMOVEMENT:0.5345575948135701
C_CENTERCONTROL:0.5041749963490952
C_DEVELOPPIECES:0.5749403623311433
C_MATERIAL:0.559399771220142
C_MOVECOUNT:0.5
