ELO:657
CE_PASSEDPAWNS:0.5089286426831083
CE_PAWNWEAKNESSES:0.508659129688198
CE_PIECEACTIVITY:0.467223730119052
CE_KINGPAWNSHIELD:0.4662481239534235
CE_PIECECOORDINATION:0.5118230029783516
CE_MATERIAL:0.5211049163220401
CE_KINGSAFETY:0.4854098608345724
C_PIECESQUARETABLES:0.4916518443603386
C_MOBILITY:0.5292430084252447
C_KINGSAFETY:0.43879409713269846
C_PAWNSTRUCTURE:0.42105401133948556
C_PIECECOORDINATION:0.5605591427125858
C_ROOKANDPAWNMOVEMENT:0.5605591427125858
C_CENTERCONTROL:0.5219246847988404
C_DEVELOPPIECES:0.5662942337889013
C_MATERIAL:0.5669332433167437
C_MOVECOUNT:0.5068118376020598
