ELO:1025
CE_PASSEDPAWNS:0.49431460073492195
CE_PAWNWEAKNESSES:0.5
CE_PIECEACTIVITY:0.5248673359012053
CE_KINGPAWNSHIELD:0.49306027686282305
CE_PIECECOORDINATION:0.5163591147891464
CE_MATERIAL:0.5034445291249651
CE_KINGSAFETY:0.5
C_PIECESQUARETABLES:0.5
C_MOBILITY:0.5009763774372408
C_KINGSAFETY:0.5059994609796822
C_PAWNSTRUCTURE:0.5005690301204058
C_PIECECOORDINATION:0.5039784184053445
C_ROOKANDPAWNMOVEMENT:0.5039784184053445
C_CENTERCONTROL:0.5
C_DEVELOPPIECES:0.5
C_MATERIAL:0.5
C_MOVECOUNT:0.4927319987614539
