ELO:988
CE_PASSEDPAWNS:0.6086860920481969
CE_PAWNWEAKNESSES:0.3576197817881653
CE_PIECEACTIVITY:0.47437513363726314
CE_KINGPAWNSHIELD:0.4797330189819396
CE_PIECECOORDINATION:0.5584413478802097
CE_MATERIAL:0.5807295546269238
CE_KINGSAFETY:0.5196211727934991
C_PIECESQUARETABLES:0.493189447764057
C_MOBILITY:0.4435139311018902
C_KINGSAFETY:0.5149650574048816
C_PAWNSTRUCTURE:0.46234101125506105
C_PIECECOORDINATION:0.5122035479352968
C_ROOKANDPAWNMOVEMENT:0.5122035479352968
C_CENTERCONTROL:0.4736230730194842
C_DEVELOPPIECES:0.5060261784499571
C_MATERIAL:0.45142437751768144
