ELO:732
CE_PASSEDPAWNS:0.5054436279161858
CE_PAWNWEAKNESSES:0.4934830005679791
CE_PIECEACTIVITY:0.4625001972608023
CE_KINGPAWNSHIELD:0.4734753862468272
CE_PIECECOORDINATION:0.4759826403570797
CE_MATERIAL:0.4751119558139138
CE_KINGSAFETY:0.46473587657517196
C_PIECESQUARETABLES:0.4726988911878753
C_MOBILITY:0.5346526818718501
C_KINGSAFETY:0.5036209486271463
C_PAWNSTRUCTURE:0.4840057586508088
C_PIECECOORDINATION:0.5372274557813036
C_ROOKANDPAWNMOVEMENT:0.5372274557813036
C_CENTERCONTROL:0.4963306950575383
C_DEVELOPPIECES:0.5499876536707178
C_MATERIAL:0.5460933511017403
C_MOVECOUNT:0.5
