ELO:1008
CE_PASSEDPAWNS:0.4907899144770467
CE_PAWNWEAKNESSES:0.4883195116991325
CE_PIECEACTIVITY:0.5100540260213947
CE_KINGPAWNSHIELD:0.5090687911206052
CE_PIECECOORDINATION:0.5053721830743602
CE_MATERIAL:0.5010422442645707
CE_KINGSAFETY:0.5039471550228678
C_PIECESQUARETABLES:0.49911036518501206
C_MOBILITY:0.50225701162682
C_KINGSAFETY:0.4828533761804419
C_PAWNSTRUCTURE:0.48735031803775153
C_PIECECOORDINATION:0.5037707098723702
C_ROOK:0.5004695252481818
CE_ROOK:0.5174535110286247
C_CENTERCONTROL:0.510546504013575
C_DEVELOPPIECES:0.5018868031164153
C_MATERIAL:0.5047866372775712
C_MOVECOUNT:0.512088621752719
C_PAWNMOVEMENT:0.5
