ELO:1007
CE_PASSEDPAWNS:0.48988584357042053
CE_PAWNWEAKNESSES:0.5
CE_PIECEACTIVITY:0.4837946420583226
CE_KINGPAWNSHIELD:0.4731053906566993
CE_PIECECOORDINATION:0.49964702934685445
CE_MATERIAL:0.5124374318761079
CE_KINGSAFETY:0.5
C_PIECESQUARETABLES:0.5
C_MOBILITY:0.5057806671062562
C_KINGSAFETY:0.5026268781222339
C_PAWNSTRUCTURE:0.5158150803164551
C_PIECECOORDINATION:0.5263241007074753
C_ROOK:0.524028703005296
CE_ROOK:0.49556302697218296
C_CENTERCONTROL:0.4975115328985506
C_DEVELOPPIECES:0.49984471286244797
C_MATERIAL:0.4899455021876946
C_MOVECOUNT:0.4570559319599199
C_PAWNMOVEMENT:0.5452603646238082
