ELO:969
CE_PASSEDPAWNS:0.54118202488164
CE_PAWNWEAKNESSES:0.5206121863347245
CE_PIECEACTIVITY:0.5506505902337158
CE_KINGPAWNSHIELD:0.48758758475944913
CE_PIECECOORDINATION:0.5311524667723329
CE_MATERIAL:0.4451757710172695
CE_KINGSAFETY:0.538923433981779
C_PIECESQUARETABLES:0.5249585678226627
C_MOBILITY:0.5383747172475276
C_KINGSAFETY:0.5059703541091569
C_PAWNSTRUCTURE:0.47338438443702957
C_PIECECOORDINATION:0.4893849077587347
C_ROOKANDPAWNMOVEMENT:0.4893849077587347
C_CENTERCONTROL:0.5571475311402027
C_DEVELOPPIECES:0.5055242003729149
C_MATERIAL:0.5146088961111169
