ELO:950
CE_PASSEDPAWNS:0.5634546073416363
CE_PAWNWEAKNESSES:0.5301834854149852
CE_PIECEACTIVITY:0.5394611484036814
CE_KINGPAWNSHIELD:0.5467320732665262
CE_PIECECOORDINATION:0.5420133809262991
CE_MATERIAL:0.44483957544264213
CE_KINGSAFETY:0.5008698537417152
C_PIECESQUARETABLES:0.5008735992502191
C_MOBILITY:0.5421105506897165
C_KINGSAFETY:0.45978616324633775
C_PAWNSTRUCTURE:0.46246865047089186
C_PIECECOORDINATION:0.5072252822494576
C_ROOKANDPAWNMOVEMENT:0.5072252822494576
C_CENTERCONTROL:0.558493325892683
C_DEVELOPPIECES:0.5101586815228036
C_MATERIAL:0.5358962842780001
