ELO:1000
CE_PASSEDPAWNS:0.5386616711882586
CE_PAWNWEAKNESSES:0.5499094940762378
CE_PIECEACTIVITY:0.5220310565937479
CE_KINGPAWNSHIELD:0.5164463272276054
CE_PIECECOORDINATION:0.5595104755795584
CE_MATERIAL:0.45477343704999285
CE_KINGSAFETY:0.4925823642399865
C_PIECESQUARETABLES:0.5292415088044905
C_MOBILITY:0.5046345588460578
C_KINGSAFETY:0.5208349891040717
C_PAWNSTRUCTURE:0.501332100293198
C_PIECECOORDINATION:0.4610518813027578
C_ROOKANDPAWNMOVEMENT:0.4610518813027578
C_CENTERCONTROL:0.5530578620610079
C_DEVELOPPIECES:0.5281931772440854
C_MATERIAL:0.5163185006966472
