ELO:990
CE_PASSEDPAWNS:0.39877888299057485
CE_PAWNWEAKNESSES:0.44945348486203984
CE_PIECEACTIVITY:0.5031182424775079
CE_KINGPAWNSHIELD:0.4764607891854201
CE_PIECECOORDINATION:0.5973524348678694
CE_MATERIAL:0.41012758712703823
CE_KINGSAFETY:0.48980249203306875
C_PIECESQUARETABLES:0.504417951130588
C_MOBILITY:0.601004617862417
C_KINGSAFETY:0.5766012924654624
C_PAWNSTRUCTURE:0.6280118176701796
C_PIECECOORDINATION:0.6135308168497035
C_ROOKANDPAWNMOVEMENT:0.6135308168497035
C_CENTERCONTROL:0.3791738811592719
C_DEVELOPPIECES:0.5484506469258296
C_MATERIAL:0.5803043984843883
