ELO:986
CE_PASSEDPAWNS:0.5038567022233204
CE_PAWNWEAKNESSES:0.5002961275184221
CE_PIECEACTIVITY:0.5067180430612378
CE_KINGPAWNSHIELD:0.49267431253383487
CE_PIECECOORDINATION:0.49959931657781365
CE_MATERIAL:0.498281021406821
CE_KINGSAFETY:0.4546180322408663
C_PIECESQUARETABLES:0.5411469699323201
C_MOBILITY:0.49484099699904543
C_KINGSAFETY:0.5373463211931285
C_PAWNSTRUCTURE:0.4798886909709248
C_PIECECOORDINATION:0.504906150984685
C_ROOK:0.4933525949581339
CE_ROOK:0.5062118999141664
C_CENTERCONTROL:0.5092240112148793
C_DEVELOPPIECES:0.5002903004887856
C_MATERIAL:0.5048427492239551
C_MOVECOUNT:0.48371565297017927
C_PAWNMOVEMENT:0.5078550154246273
