ELO:954
CE_PASSEDPAWNS:0.5608348803254883
CE_PAWNWEAKNESSES:0.5548403807216657
CE_PIECEACTIVITY:0.5444739356552987
CE_KINGPAWNSHIELD:0.5332725608474137
CE_PIECECOORDINATION:0.5320872323496199
CE_MATERIAL:0.4362192697830924
CE_KINGSAFETY:0.5
C_PIECESQUARETABLES:0.5093924635813964
C_MOBILITY:0.5418270646337942
C_KINGSAFETY:0.4603651257430474
C_PAWNSTRUCTURE:0.46616224789759064
C_PIECECOORDINATION:0.5025609678220591
C_ROOKANDPAWNMOVEMENT:0.5025609678220591
C_CENTERCONTROL:0.5661595629544904
C_DEVELOPPIECES:0.5219608097512466
C_MATERIAL:0.5361749158344511
