ELO:644
CE_PASSEDPAWNS:0.5491685616560253
CE_PAWNWEAKNESSES:0.5365932980069624
CE_PIECEACTIVITY:0.46550153995680543
CE_KINGPAWNSHIELD:0.43924720679710466
CE_PIECECOORDINATION:0.49220873981159585
CE_MATERIAL:0.5450147290919617
CE_KINGSAFETY:0.49986433496876753
C_PIECESQUARETABLES:0.6252453215258964
C_MOBILITY:0.551741071738305
C_KINGSAFETY:0.4503232107857783
C_PAWNSTRUCTURE:0.45391790568256263
C_PIECECOORDINATION:0.5429960822259352
C_ROOKANDPAWNMOVEMENT:0.5429960822259352
C_CENTERCONTROL:0.5337612428319883
C_DEVELOPPIECES:0.5798118504156866
C_MATERIAL:0.5572812653127325
C_MOVECOUNT:0.5
