ELO:1008
CE_PASSEDPAWNS:0.4920454264462412
CE_PAWNWEAKNESSES:0.5
CE_PIECEACTIVITY:0.48791766882087817
CE_KINGPAWNSHIELD:0.5105029182146517
CE_PIECECOORDINATION:0.5112327200848138
CE_MATERIAL:0.4861521084035543
CE_KINGSAFETY:0.5053913946038875
C_PIECESQUARETABLES:0.4878032957303283
C_MOBILITY:0.4991951911504248
C_KINGSAFETY:0.46557213548427967
C_PAWNSTRUCTURE:0.5149390393109464
C_PIECECOORDINATION:0.5017771924124044
C_ROOKANDPAWNMOVEMENT:0.5017771924124044
C_CENTERCONTROL:0.5
C_DEVELOPPIECES:0.5
C_MATERIAL:0.4849711847114942
C_MOVECOUNT:0.5
