ELO:1000
CE_PASSEDPAWNS:0.586843445629918
CE_PAWNWEAKNESSES:0.46654223106298165
CE_PIECEACTIVITY:0.4993877500349193
CE_KINGPAWNSHIELD:0.5088974840645315
CE_PIECECOORDINATION:0.5234853607858032
CE_MATERIAL:0.5319984490541
CE_KINGSAFETY:0.4739364314365985
C_PIECESQUARETABLES:0.5103115898811748
C_MOBILITY:0.5117571416924768
C_KINGSAFETY:0.5230117014657517
C_PAWNSTRUCTURE:0.46846792069120463
C_PIECECOORDINATION:0.4832885618884235
C_ROOKANDPAWNMOVEMENT:0.4832885618884235
C_CENTERCONTROL:0.49594692735919454
C_DEVELOPPIECES:0.49825324266722104
C_MATERIAL:0.48928821885926854
