ELO:1000
CE_PASSEDPAWNS:0.5053157111752856
CE_PAWNWEAKNESSES:0.5043709064346888
CE_PIECEACTIVITY:0.5045881035351036
CE_KINGPAWNSHIELD:0.5
CE_PIECECOORDINATION:0.5
CE_MATERIAL:0.5
CE_KINGSAFETY:0.5
C_PIECESQUARETABLES:0.4923456881782053
C_MOBILITY:0.5044704123337771
C_KINGSAFETY:0.5177785191696438
C_PAWNSTRUCTURE:0.5023183497675286
C_PIECECOORDINATION:0.5
C_ROOKANDPAWNMOVEMENT:0.5
C_CENTERCONTROL:0.49345795967970985
C_DEVELOPPIECES:0.5
C_MATERIAL:0.49340060724644297
