ELO:966
CE_PASSEDPAWNS:0.48777721468427654
CE_PAWNWEAKNESSES:0.520933344212519
CE_PIECEACTIVITY:0.4857030378185814
CE_KINGPAWNSHIELD:0.5052149767201468
CE_PIECECOORDINATION:0.5396599822702219
CE_MATERIAL:0.5215701252880488
CE_KINGSAFETY:0.5126913074847268
C_PIECESQUARETABLES:0.48971240667464766
C_MOBILITY:0.482262502139865
C_KINGSAFETY:0.5036438947259392
C_PAWNSTRUCTURE:0.5042176675149315
C_PIECECOORDINATION:0.5257172218702422
C_ROOKANDPAWNMOVEMENT:0.5257172218702422
C_CENTERCONTROL:0.4949747608808996
C_DEVELOPPIECES:0.4476396959057294
C_MATERIAL:0.4961781326820733
C_MOVECOUNT:0.5
