ELO:939
CE_PASSEDPAWNS:0.6187344961240347
CE_PAWNWEAKNESSES:0.33264423518963004
CE_PIECEACTIVITY:0.46058946628688924
CE_KINGPAWNSHIELD:0.440036273813716
CE_PIECECOORDINATION:0.5826593659284666
CE_MATERIAL:0.5931612113836128
CE_KINGSAFETY:0.5128431171148725
C_PIECESQUARETABLES:0.5337593064065846
C_MOBILITY:0.3828300904871281
C_KINGSAFETY:0.5121020132239924
C_PAWNSTRUCTURE:0.524999137346255
C_PIECECOORDINATION:0.5031410064759528
C_ROOKANDPAWNMOVEMENT:0.5031410064759528
C_CENTERCONTROL:0.4474516497131575
C_DEVELOPPIECES:0.5161195851626753
C_MATERIAL:0.4163998145552101
