ELO:1056
CE_PASSEDPAWNS:0.6173828600858333
CE_PAWNWEAKNESSES:0.48225065902677267
CE_PIECEACTIVITY:0.461895093375306
CE_KINGPAWNSHIELD:0.6369633407247641
CE_PIECECOORDINATION:0.5422741153825782
CE_MATERIAL:0.4535935467082151
CE_KINGSAFETY:0.49667059377228207
C_PIECESQUARETABLES:0.5110962410811467
C_MOBILITY:0.5458867424744407
C_KINGSAFETY:0.5917400408368716
C_PAWNSTRUCTURE:0.4552090100891825
C_PIECECOORDINATION:0.47170565304722767
C_ROOKANDPAWNMOVEMENT:0.47170565304722767
C_CENTERCONTROL:0.5562646045346085
C_DEVELOPPIECES:0.5975646814765749
C_MATERIAL:0.39115537566637726
