ELO:957
CE_PASSEDPAWNS:0.6536317751598778
CE_PAWNWEAKNESSES:0.3371135293771971
CE_PIECEACTIVITY:0.4796797287988999
CE_KINGPAWNSHIELD:0.4680906970333372
CE_PIECECOORDINATION:0.591600739009797
CE_MATERIAL:0.6161610218357271
CE_KINGSAFETY:0.503811211390324
C_PIECESQUARETABLES:0.5032328008934505
C_MOBILITY:0.4164735481848741
C_KINGSAFETY:0.5050201880589138
C_PAWNSTRUCTURE:0.4650422493155435
C_PIECECOORDINATION:0.47472469463647265
C_ROOKANDPAWNMOVEMENT:0.47472469463647265
C_CENTERCONTROL:0.43293949146756217
C_DEVELOPPIECES:0.503251135896132
C_MATERIAL:0.41844078716500444
