ELO:978
CE_PASSEDPAWNS:0.5501063151049164
CE_PAWNWEAKNESSES:0.5367720656911027
CE_PIECEACTIVITY:0.5814301706199235
CE_KINGPAWNSHIELD:0.4833865536533236
CE_PIECECOORDINATION:0.5315626990840313
CE_MATERIAL:0.4266430481754955
CE_KINGSAFETY:0.4985162227719162
C_PIECESQUARETABLES:0.5147348062538329
C_MOBILITY:0.5132379130485096
C_KINGSAFETY:0.49332928060067865
C_PAWNSTRUCTURE:0.47215442414220204
C_PIECECOORDINATION:0.47883869335129603
C_ROOKANDPAWNMOVEMENT:0.47883869335129603
C_CENTERCONTROL:0.5438035520334977
C_DEVELOPPIECES:0.5418835829909883
C_MATERIAL:0.5211362946635579
