ELO:1007
CE_PASSEDPAWNS:0.48988584357042053
CE_PAWNWEAKNESSES:0.48396006495068156
CE_PIECEACTIVITY:0.5167587287593362
CE_KINGPAWNSHIELD:0.4955419174468468
CE_PIECECOORDINATION:0.5017789695501722
CE_MATERIAL:0.5024922298471148
CE_KINGSAFETY:0.5
C_PIECESQUARETABLES:0.5
C_MOBILITY:0.5057806671062562
C_KINGSAFETY:0.5026268781222339
C_PAWNSTRUCTURE:0.5158150803164551
C_PIECECOORDINATION:0.5263241007074753
C_ROOK:0.4826055649049862
CE_ROOK:0.49321024694033866
C_CENTERCONTROL:0.4975115328985506
C_DEVELOPPIECES:0.49984471286244797
C_MATERIAL:0.4899455021876946
C_MOVECOUNT:0.5
C_PAWNMOVEMENT:0.5298283629678308
