ELO:1000
CE_PASSEDPAWNS:0.5
CE_PAWNWEAKNESSES:0.48761434626889744
CE_PIECEACTIVITY:0.48390428046904826
CE_KINGPAWNSHIELD:0.5165539127316199
CE_PIECECOORDINATION:0.5053721830743602
CE_MATERIAL:0.4970833388190615
CE_KINGSAFETY:0.5042329797795226
C_PIECESQUARETABLES:0.5042788899667153
C_MOBILITY:0.5036560027065292
C_KINGSAFETY:0.4887914684282193
C_PAWNSTRUCTURE:0.5000354477929989
C_PIECECOORDINATION:0.5092260290359537
C_ROOK:0.4938048858262684
CE_ROOK:0.505407888437143
C_CENTERCONTROL:0.5
C_DEVELOPPIECES:0.5
C_MATERIAL:0.5
C_MOVECOUNT:0.5041463134936629
C_PAWNMOVEMENT:0.49577740673324827
