ELO:909
CE_PASSEDPAWNS:0.6440841596954122
CE_PAWNWEAKNESSES:0.31700910397195087
CE_PIECEACTIVITY:0.46714256677088456
CE_KINGPAWNSHIELD:0.4159826300971627
CE_PIECECOORDINATION:0.6205455223222762
CE_MATERIAL:0.5503414681431912
CE_KINGSAFETY:0.46018842962418266
C_PIECESQUARETABLES:0.5134130872941705
C_MOBILITY:0.37937835661884595
C_KINGSAFETY:0.5749153835111734
C_PAWNSTRUCTURE:0.5716026851978863
C_PIECECOORDINATION:0.48737675695891375
C_ROOKANDPAWNMOVEMENT:0.48737675695891375
C_CENTERCONTROL:0.3799606567984519
C_DEVELOPPIECES:0.49051257794715786
C_MATERIAL:0.38594613501939395
