ELO:960
CE_PASSEDPAWNS:0.5474084812079919
CE_PAWNWEAKNESSES:0.5300300864753273
CE_PIECEACTIVITY:0.5432233914747417
CE_KINGPAWNSHIELD:0.5082862183012666
CE_PIECECOORDINATION:0.5343121988243069
CE_MATERIAL:0.44424628508491903
CE_KINGSAFETY:0.48120075782758737
C_PIECESQUARETABLES:0.5035592495579925
C_MOBILITY:0.544383513740101
C_KINGSAFETY:0.48601693103360916
C_PAWNSTRUCTURE:0.46343831349852815
C_PIECECOORDINATION:0.49230305014192943
C_ROOKANDPAWNMOVEMENT:0.49230305014192943
C_CENTERCONTROL:0.5603261918781905
C_DEVELOPPIECES:0.5033848429780318
C_MATERIAL:0.5267427349214935
