ELO:957
CE_PASSEDPAWNS:0.5002028453229244
CE_PAWNWEAKNESSES:0.5039997109741067
CE_PIECEACTIVITY:0.49243539294282407
CE_KINGPAWNSHIELD:0.49259452122460934
CE_PIECECOORDINATION:0.5114269480107592
CE_MATERIAL:0.5
CE_KINGSAFETY:0.4913514608682259
C_PIECESQUARETABLES:0.4981622892538046
C_MOBILITY:0.5062001453260411
C_KINGSAFETY:0.4909140126867205
C_PAWNSTRUCTURE:0.45399366356463233
C_PIECECOORDINATION:0.5186015373767792
C_ROOKANDPAWNMOVEMENT:0.5186015373767792
C_CENTERCONTROL:0.503617164367178
C_DEVELOPPIECES:0.5105254738055276
C_MATERIAL:0.498819766425219
C_MOVECOUNT:0.5
