ELO:983
CE_PASSEDPAWNS:0.609940509045603
CE_PAWNWEAKNESSES:0.34252035947510306
CE_PIECEACTIVITY:0.4663324502382483
CE_KINGPAWNSHIELD:0.47252381144534933
CE_PIECECOORDINATION:0.5584413478802097
CE_MATERIAL:0.5996643254408229
CE_KINGSAFETY:0.49008649665117787
C_PIECESQUARETABLES:0.5
C_MOBILITY:0.4435139311018902
C_KINGSAFETY:0.5418896277375945
C_PAWNSTRUCTURE:0.47085547954252666
C_PIECECOORDINATION:0.5058117755818569
C_ROOKANDPAWNMOVEMENT:0.5058117755818569
C_CENTERCONTROL:0.46399585979537605
C_DEVELOPPIECES:0.490652380146362
C_MATERIAL:0.43148650992436494
