ELO:995
CE_PASSEDPAWNS:0.47194698234215937
CE_PAWNWEAKNESSES:0.5726555317059505
CE_PIECEACTIVITY:0.4972748751180784
CE_KINGPAWNSHIELD:0.5218873876165785
CE_PIECECOORDINATION:0.5289505022248621
CE_MATERIAL:0.4572138180603105
CE_KINGSAFETY:0.5610983760215914
C_PIECESQUARETABLES:0.4802206393210337
C_MOBILITY:0.5151565138124551
C_KINGSAFETY:0.49750279519327695
C_PAWNSTRUCTURE:0.5203203700407414
C_PIECECOORDINATION:0.5114827683969917
C_ROOKANDPAWNMOVEMENT:0.5114827683969917
C_CENTERCONTROL:0.511661546540588
C_DEVELOPPIECES:0.5451636563107388
C_MATERIAL:0.5503315580729439
