ELO:975
CE_PASSEDPAWNS:0.5112815733326849
CE_PAWNWEAKNESSES:0.5199226229815731
CE_PIECEACTIVITY:0.497703868742837
CE_KINGPAWNSHIELD:0.5020468879724619
CE_PIECECOORDINATION:0.5062112530777765
CE_MATERIAL:0.4975902733901933
CE_KINGSAFETY:0.5
C_PIECESQUARETABLES:0.5
C_MOBILITY:0.4893268492745207
C_KINGSAFETY:0.4725432228191058
C_PAWNSTRUCTURE:0.5046769638239518
C_PIECECOORDINATION:0.5
C_ROOK:0.5518007708166158
CE_ROOK:0.5184709806234532
C_CENTERCONTROL:0.5394494288374279
C_DEVELOPPIECES:0.5077780893406347
C_MATERIAL:0.4895079298215106
C_MOVECOUNT:0.47689845474745257
C_PAWNMOVEMENT:0.5212553958560441
