ELO:1077
CE_PASSEDPAWNS:0.5
CE_PAWNWEAKNESSES:0.46435121374448257
CE_PIECEACTIVITY:0.5025160134641506
CE_KINGPAWNSHIELD:0.4887692377501839
CE_PIECECOORDINATION:0.5
CE_MATERIAL:0.4999781778789291
CE_KINGSAFETY:0.5
C_PIECESQUARETABLES:0.5
C_MOBILITY:0.5104520023735325
C_KINGSAFETY:0.4908137934298998
C_PAWNSTRUCTURE:0.5134534716202066
C_PIECECOORDINATION:0.4929227239720753
C_ROOKANDPAWNMOVEMENT:0.4929227239720753
C_CENTERCONTROL:0.502279403225834
C_DEVELOPPIECES:0.4716462195756996
C_MATERIAL:0.4920821094820515
C_MOVECOUNT:0.5
