ELO:994
CE_PASSEDPAWNS:0.49464915281183763
CE_PAWNWEAKNESSES:0.5207339581189204
CE_PIECEACTIVITY:0.4984142378542199
CE_KINGPAWNSHIELD:0.4954233793782287
CE_PIECECOORDINATION:0.5
CE_MATERIAL:0.5087217443761004
CE_KINGSAFETY:0.5106965027961795
C_PIECESQUARETABLES:0.5121530609887102
C_MOBILITY:0.5065309148686666
C_KINGSAFETY:0.49449977300321174
C_PAWNSTRUCTURE:0.5142350298442426
C_PIECECOORDINATION:0.5
C_ROOKANDPAWNMOVEMENT:0.5
C_CENTERCONTROL:0.507343343206125
C_DEVELOPPIECES:0.4938731446492182
C_MATERIAL:0.4997367606680972
