ELO:917
CE_PASSEDPAWNS:0.4764846454552014
CE_PAWNWEAKNESSES:0.5263141674777089
CE_PIECEACTIVITY:0.4696645488948173
CE_KINGPAWNSHIELD:0.5062933500498971
CE_PIECECOORDINATION:0.4874995300116479
CE_MATERIAL:0.5772423120088745
CE_KINGSAFETY:0.4888558123516029
C_PIECESQUARETABLES:0.4493014730759813
C_MOBILITY:0.47966156294152273
C_KINGSAFETY:0.5140950827298855
C_PAWNSTRUCTURE:0.5054898566012903
C_PIECECOORDINATION:0.5344205306427393
C_ROOKANDPAWNMOVEMENT:0.5344205306427393
C_CENTERCONTROL:0.5946615854568
C_DEVELOPPIECES:0.5051873127384531
C_MATERIAL:0.548283583135852
C_MOVECOUNT:0.5204741525541924
