ELO:1000
CE_PASSEDPAWNS:0.5495037601159238
CE_PAWNWEAKNESSES:0.49957231013145675
CE_PIECEACTIVITY:0.4896471457946951
CE_KINGPAWNSHIELD:0.525784163322255
CE_PIECECOORDINATION:0.518777638374797
CE_MATERIAL:0.456838835677989
CE_KINGSAFETY:0.5010761978091898
C_PIECESQUARETABLES:0.509466046896394
C_MOBILITY:0.47018436459701457
C_KINGSAFETY:0.5181494243243621
C_PAWNSTRUCTURE:0.5209546864306989
C_PIECECOORDINATION:0.5303915696731654
C_ROOKANDPAWNMOVEMENT:0.5303915696731654
C_CENTERCONTROL:0.4684583168685853
C_DEVELOPPIECES:0.5171859070237874
C_MATERIAL:0.5500097173188585
