ELO:999
CE_PASSEDPAWNS:0.4973625421959393
CE_PAWNWEAKNESSES:0.49582147174773433
CE_PIECEACTIVITY:0.4910844761326422
CE_KINGPAWNSHIELD:0.504349928436262
CE_PIECECOORDINATION:0.498794888502889
CE_MATERIAL:0.4881526642864786
CE_KINGSAFETY:0.4882501777523384
C_PIECESQUARETABLES:0.5
C_MOBILITY:0.5028829437226063
C_KINGSAFETY:0.5063186964134816
C_PAWNSTRUCTURE:0.48504815877871355
C_PIECECOORDINATION:0.5108479716225487
C_ROOK:0.5180632098039836
CE_ROOK:0.49361996371207933
C_CENTERCONTROL:0.5029010550684012
C_DEVELOPPIECES:0.5
C_MATERIAL:0.5073280336075726
C_MOVECOUNT:0.5058996539694846
C_PAWNMOVEMENT:0.492519329940594
