ELO:1057
CE_PASSEDPAWNS:0.44740205073295575
CE_PAWNWEAKNESSES:0.4755089613093766
CE_PIECEACTIVITY:0.45928810621976474
CE_KINGPAWNSHIELD:0.4327238890253882
CE_PIECECOORDINATION:0.4561711578891555
CE_MATERIAL:0.4781092276493427
CE_KINGSAFETY:0.48645433989675796
C_PIECESQUARETABLES:0.4886332617233017
C_MOBILITY:0.5201992921532468
C_KINGSAFETY:0.6068928143917917
C_PAWNSTRUCTURE:0.4793591786108639
C_PIECECOORDINATION:0.4848195956789641
C_ROOKANDPAWNMOVEMENT:0.4848195956789641
C_CENTERCONTROL:0.53287588386882
C_DEVELOPPIECES:0.5744684389841259
C_MATERIAL:0.3882009878172162
