ELO:997
CE_PASSEDPAWNS:0.5062196261059637
CE_PAWNWEAKNESSES:0.500347597389914
CE_PIECEACTIVITY:0.5132635407837074
CE_KINGPAWNSHIELD:0.49441171989046473
CE_PIECECOORDINATION:0.5045390288079443
CE_MATERIAL:0.49831830489691453
CE_KINGSAFETY:0.49172907028870944
C_PIECESQUARETABLES:0.5
C_MOBILITY:0.4916945058128002
C_KINGSAFETY:0.49656214943317173
C_PAWNSTRUCTURE:0.5116924062939744
C_PIECECOORDINATION:0.4910338917828153
C_ROOKANDPAWNMOVEMENT:0.4910338917828153
C_CENTERCONTROL:0.49731321337633916
C_DEVELOPPIECES:0.4913651516453904
C_MATERIAL:0.5068240773018599
C_MOVECOUNT:0.48380035049792885
