ELO:1083
CE_PASSEDPAWNS:0.5
CE_PAWNWEAKNESSES:0.5016212295851243
CE_PIECEACTIVITY:0.5001184731529964
CE_KINGPAWNSHIELD:0.49573638947432386
CE_PIECECOORDINATION:0.5231004650816856
CE_MATERIAL:0.5040456915730079
CE_KINGSAFETY:0.5
C_PIECESQUARETABLES:0.5
C_MOBILITY:0.5108789503004801
C_KINGSAFETY:0.479614052768268
C_PAWNSTRUCTURE:0.5159198244203845
C_PIECECOORDINATION:0.493935076261745
C_ROOK:0.49228219716873883
CE_ROOK:0.49723982626595864
C_CENTERCONTROL:0.49174161712371234
C_DEVELOPPIECES:0.5006731434501108
C_MATERIAL:0.49797995460073996
C_MOVECOUNT:0.48140501164981503
C_PAWNMOVEMENT:0.4803292182279909
