ELO:1000
CE_PASSEDPAWNS:0.5441050268586443
CE_PAWNWEAKNESSES:0.5181922805309027
CE_PIECEACTIVITY:0.48649067837452464
CE_KINGPAWNSHIELD:0.5253384561448378
CE_PIECECOORDINATION:0.49925047607251394
CE_MATERIAL:0.44634279576515623
CE_KINGSAFETY:0.4889614924638025
C_PIECESQUARETABLES:0.4804005293087318
C_MOBILITY:0.47000069155203505
C_KINGSAFETY:0.513261430278483
C_PAWNSTRUCTURE:0.5305431869957569
C_PIECECOORDINATION:0.507247209880373
C_ROOKANDPAWNMOVEMENT:0.507247209880373
C_CENTERCONTROL:0.447804479755505
C_DEVELOPPIECES:0.50832268685921
C_MATERIAL:0.5561350236656588
