ELO:1006
CE_PASSEDPAWNS:0.5103580799564797
CE_PAWNWEAKNESSES:0.49582147174773433
CE_PIECEACTIVITY:0.491293901973536
CE_KINGPAWNSHIELD:0.5078897651424265
CE_PIECECOORDINATION:0.5
CE_MATERIAL:0.4881526642864786
CE_KINGSAFETY:0.5
C_PIECESQUARETABLES:0.5
C_MOBILITY:0.5028829437226063
C_KINGSAFETY:0.50677081586474
C_PAWNSTRUCTURE:0.484192638955179
C_PIECECOORDINATION:0.5008811643848651
C_ROOK:0.5090483676603899
CE_ROOK:0.49963666158093334
C_CENTERCONTROL:0.4964889462689537
C_DEVELOPPIECES:0.5
C_MATERIAL:0.49498026793971084
C_MOVECOUNT:0.49593043625347577
C_PAWNMOVEMENT:0.48938310143155117
