ELO:952
CE_PASSEDPAWNS:0.5174763221126512
CE_PAWNWEAKNESSES:0.5478354928765398
CE_PIECEACTIVITY:0.4271529414291589
CE_KINGPAWNSHIELD:0.49417993688420064
CE_PIECECOORDINATION:0.47527716568833545
CE_MATERIAL:0.4862097587899639
CE_KINGSAFETY:0.5328336134767052
C_PIECESQUARETABLES:0.5050035217050219
C_MOBILITY:0.49379919760863805
C_KINGSAFETY:0.45160091538204794
C_PAWNSTRUCTURE:0.4516279335682787
C_PIECECOORDINATION:0.446277027618953
C_ROOKANDPAWNMOVEMENT:0.446277027618953
C_CENTERCONTROL:0.5262772879235371
C_DEVELOPPIECES:0.5901271249724224
C_MATERIAL:0.5815675477620874
