ELO:933
CE_PASSEDPAWNS:0.4842777025930595
CE_PAWNWEAKNESSES:0.47297703477912684
CE_PIECEACTIVITY:0.5213156172246499
CE_KINGPAWNSHIELD:0.533880951687436
CE_PIECECOORDINATION:0.43109714409075056
CE_MATERIAL:0.46671100637133767
CE_KINGSAFETY:0.5135409726073044
C_PIECESQUARETABLES:0.501773913480392
C_MOBILITY:0.4776380145462135
C_KINGSAFETY:0.5048083633513583
C_PAWNSTRUCTURE:0.5301731393416586
C_PIECECOORDINATION:0.5165402026379077
C_ROOKANDPAWNMOVEMENT:0.5165402026379077
C_CENTERCONTROL:0.4599617598135209
C_DEVELOPPIECES:0.490965589408624
C_MATERIAL:0.5212276041477552
C_MOVECOUNT:0.5
