ELO:1037
CE_PASSEDPAWNS:0.509627366259295
CE_PAWNWEAKNESSES:0.4770001892067944
CE_PIECEACTIVITY:0.49393142336746904
CE_KINGPAWNSHIELD:0.4798197097681056
CE_PIECECOORDINATION:0.5
CE_MATERIAL:0.49181775090965224
CE_KINGSAFETY:0.5
C_PIECESQUARETABLES:0.5
C_MOBILITY:0.5089791542089985
C_KINGSAFETY:0.5
C_PAWNSTRUCTURE:0.5047636744040566
C_PIECECOORDINATION:0.510384696333249
C_ROOK:0.5096401867591909
CE_ROOK:0.5043525010163519
C_CENTERCONTROL:0.5197282966320029
C_DEVELOPPIECES:0.49379823409339246
C_MATERIAL:0.5102334429104047
C_MOVECOUNT:0.4881414214500726
C_PAWNMOVEMENT:0.48282298105511523
