ELO:1000
CE_PASSEDPAWNS:0.5097443468205279
CE_PAWNWEAKNESSES:0.5231467192151276
CE_PIECEACTIVITY:0.5279736305163969
CE_KINGPAWNSHIELD:0.5157252391474936
CE_PIECECOORDINATION:0.5066851771692582
CE_MATERIAL:0.490488263284084
CE_KINGSAFETY:0.5240903334486493
C_PIECESQUARETABLES:0.5141365289223672
C_MOBILITY:0.5008836193266906
C_KINGSAFETY:0.5142750453283544
C_PAWNSTRUCTURE:0.44525265092847355
C_PIECECOORDINATION:0.4778864129844143
C_ROOKANDPAWNMOVEMENT:0.4778864129844143
C_CENTERCONTROL:0.509147615345008
C_DEVELOPPIECES:0.5313550898627857
C_MATERIAL:0.49258682054020003
