ELO:1022
CE_PASSEDPAWNS:0.4632553827494533
CE_PAWNWEAKNESSES:0.5004243223945801
CE_PIECEACTIVITY:0.5043163409532182
CE_KINGPAWNSHIELD:0.5242927748675824
CE_PIECECOORDINATION:0.49964702934685445
CE_MATERIAL:0.48426420079647864
CE_KINGSAFETY:0.5
C_PIECESQUARETABLES:0.5
C_MOBILITY:0.5007032866336861
C_KINGSAFETY:0.5207123532506147
C_PAWNSTRUCTURE:0.48559524386073044
C_PIECECOORDINATION:0.5291701892332789
C_ROOK:0.4947986000930932
CE_ROOK:0.481432679306885
C_CENTERCONTROL:0.5050848026949407
C_DEVELOPPIECES:0.5149028448848842
C_MATERIAL:0.5014887861664326
C_MOVECOUNT:0.48871135583086506
C_PAWNMOVEMENT:0.49808335392436087
