ELO:894
CE_PASSEDPAWNS:0.4535677584732604
CE_PAWNWEAKNESSES:0.5411589957461711
CE_PIECEACTIVITY:0.4656774797164644
CE_KINGPAWNSHIELD:0.4722440135660045
CE_PIECECOORDINATION:0.4911893115804246
CE_MATERIAL:0.6057401707281954
CE_KINGSAFETY:0.5105846018354985
C_PIECESQUARETABLES:0.4634980586859302
C_MOBILITY:0.4677248793271066
C_KINGSAFETY:0.5385090634842629
C_PAWNSTRUCTURE:0.43731830930949006
C_PIECECOORDINATION:0.5391583297764504
C_ROOKANDPAWNMOVEMENT:0.5391583297764504
C_CENTERCONTROL:0.6143843584275693
C_DEVELOPPIECES:0.500739674334048
C_MATERIAL:0.5523648141558455
C_MOVECOUNT:0.5319394793431985
