ELO:736
CE_PASSEDPAWNS:0.49411709426902145
CE_PAWNWEAKNESSES:0.47449111165753427
CE_PIECEACTIVITY:0.532684836783371
CE_KINGPAWNSHIELD:0.5195703971080569
CE_PIECECOORDINATION:0.4474583321579475
CE_MATERIAL:0.515353791829268
CE_KINGSAFETY:0.49510952920012236
C_PIECESQUARETABLES:0.500653156678423
C_MOBILITY:0.5989418562301269
C_KINGSAFETY:0.4807655383118214
C_PAWNSTRUCTURE:0.41722561124039015
C_PIECECOORDINATION:0.5272903015282283
C_ROOKANDPAWNMOVEMENT:0.5272903015282283
C_CENTERCONTROL:0.4911334694569763
C_DEVELOPPIECES:0.4803186879969142
C_MATERIAL:0.4687555182162503
C_MOVECOUNT:0.4956060408090552
