ELO:1017
CE_PASSEDPAWNS:0.5001627123762505
CE_PAWNWEAKNESSES:0.5053483548265357
CE_PIECEACTIVITY:0.5149523703424125
CE_KINGPAWNSHIELD:0.4892652713571424
CE_PIECECOORDINATION:0.4960286398334244
CE_MATERIAL:0.4651754901368229
CE_KINGSAFETY:0.5
C_PIECESQUARETABLES:0.5
C_MOBILITY:0.49924117268537715
C_KINGSAFETY:0.4928851427554678
C_PAWNSTRUCTURE:0.5201564779106247
C_PIECECOORDINATION:0.5224631891386101
C_ROOK:0.5093155628967548
CE_ROOK:0.5165738715399061
C_CENTERCONTROL:0.4925474243780922
C_DEVELOPPIECES:0.5128766097516483
C_MATERIAL:0.5070043979534633
C_MOVECOUNT:0.46836544109434486
C_PAWNMOVEMENT:0.5227013263934289
