ELO:944
CE_PASSEDPAWNS:0.4692271244943807
CE_PAWNWEAKNESSES:0.5399246506976555
CE_PIECEACTIVITY:0.4282515569213717
CE_KINGPAWNSHIELD:0.48446815801484777
CE_PIECECOORDINATION:0.46598777824774307
CE_MATERIAL:0.5048247437698011
CE_KINGSAFETY:0.4841481352643699
C_PIECESQUARETABLES:0.5519758007774077
C_MOBILITY:0.4728716237310108
C_KINGSAFETY:0.4784636576012624
C_PAWNSTRUCTURE:0.5449649812267169
C_PIECECOORDINATION:0.4527107875078611
C_ROOKANDPAWNMOVEMENT:0.4527107875078611
C_CENTERCONTROL:0.5595019607664787
C_DEVELOPPIECES:0.5362968061903758
C_MATERIAL:0.5274807408224529
