ELO:970
CE_PASSEDPAWNS:0.46595897838493566
CE_PAWNWEAKNESSES:0.49962853322689643
CE_PIECEACTIVITY:0.5021729178875305
CE_KINGPAWNSHIELD:0.5026862539650367
CE_PIECECOORDINATION:0.5124446063849504
CE_MATERIAL:0.5139014357536658
CE_KINGSAFETY:0.4674284462761878
C_PIECESQUARETABLES:0.5
C_MOBILITY:0.5290194007194942
C_KINGSAFETY:0.5
C_PAWNSTRUCTURE:0.5122808374934339
C_PIECECOORDINATION:0.4726947072647325
C_ROOKANDPAWNMOVEMENT:0.4726947072647325
C_CENTERCONTROL:0.5014470256636149
C_DEVELOPPIECES:0.5001028367937007
C_MATERIAL:0.4897709194446348
C_MOVECOUNT:0.5
