ELO:841
CE_PASSEDPAWNS:0.48679643756648266
CE_PAWNWEAKNESSES:0.52507720461111
CE_PIECEACTIVITY:0.6448501578422353
CE_KINGPAWNSHIELD:0.40530853418100143
CE_PIECECOORDINATION:0.4664328329263394
CE_MATERIAL:0.603222441669971
CE_KINGSAFETY:0.5139160432170308
C_PIECESQUARETABLES:0.5128846213614575
C_MOBILITY:0.4384021843994132
C_KINGSAFETY:0.4333158190168893
C_PAWNSTRUCTURE:0.5618185807175812
C_PIECECOORDINATION:0.5164775929202798
C_ROOKANDPAWNMOVEMENT:0.5164775929202798
C_CENTERCONTROL:0.572924160581242
C_DEVELOPPIECES:0.43182206541843826
C_MATERIAL:0.3958195337512466
