ELO:989
CE_PASSEDPAWNS:0.40391577975819964
CE_PAWNWEAKNESSES:0.4449176979510626
CE_PIECEACTIVITY:0.5101934609987724
CE_KINGPAWNSHIELD:0.5062526573098571
CE_PIECECOORDINATION:0.593159954041031
CE_MATERIAL:0.41237886705497595
CE_KINGSAFETY:0.5016588480669213
C_PIECESQUARETABLES:0.5067270157491095
C_MOBILITY:0.6106431556756368
C_KINGSAFETY:0.5752206873421944
C_PAWNSTRUCTURE:0.6297946189252975
C_PIECECOORDINATION:0.6077108330545218
C_ROOKANDPAWNMOVEMENT:0.6077108330545218
C_CENTERCONTROL:0.3859093470382714
C_DEVELOPPIECES:0.5495525945757301
C_MATERIAL:0.5855049318813529
