ELO:1041
CE_PASSEDPAWNS:0.509627366259295
CE_PAWNWEAKNESSES:0.5195716976273007
CE_PIECEACTIVITY:0.5078521403032359
CE_KINGPAWNSHIELD:0.5
CE_PIECECOORDINATION:0.5231004650816856
CE_MATERIAL:0.49181775090965224
CE_KINGSAFETY:0.5
C_PIECESQUARETABLES:0.5
C_MOBILITY:0.5089791542089985
C_KINGSAFETY:0.48729358662722727
C_PAWNSTRUCTURE:0.4900787326071133
C_PIECECOORDINATION:0.5116698693111267
C_ROOK:0.5
CE_ROOK:0.49392803174519356
C_CENTERCONTROL:0.5
C_DEVELOPPIECES:0.5019174547484602
C_MATERIAL:0.49893203429691124
C_MOVECOUNT:0.4881414214500726
C_PAWNMOVEMENT:0.5255969999201114
