ELO:927
CE_PASSEDPAWNS:0.4826508701011917
CE_PAWNWEAKNESSES:0.4733536112003065
CE_PIECEACTIVITY:0.48788077743651903
CE_KINGPAWNSHIELD:0.5306891390603178
CE_PIECECOORDINATION:0.5166393621250202
CE_MATERIAL:0.49216199203767813
CE_KINGSAFETY:0.5092677067455725
C_PIECESQUARETABLES:0.5589310045670767
C_MOBILITY:0.47561274298502393
C_KINGSAFETY:0.5107496107173873
C_PAWNSTRUCTURE:0.4539767005635489
C_PIECECOORDINATION:0.4891020127610118
C_ROOKANDPAWNMOVEMENT:0.4891020127610118
C_CENTERCONTROL:0.4979016644342724
C_DEVELOPPIECES:0.5191264324742556
C_MATERIAL:0.5212733959137646
C_MOVECOUNT:0.5
