ELO:804
CE_PASSEDPAWNS:0.4934230357773548
CE_PAWNWEAKNESSES:0.4942566736814301
CE_PIECEACTIVITY:0.5142731282878238
CE_KINGPAWNSHIELD:0.5005747284895371
CE_PIECECOORDINATION:0.48159045852036175
CE_MATERIAL:0.5736620654701133
CE_KINGSAFETY:0.5187565872142922
C_PIECESQUARETABLES:0.41864590727930706
C_MOBILITY:0.5040114821356545
C_KINGSAFETY:0.409146752747617
C_PAWNSTRUCTURE:0.548569488067489
C_PIECECOORDINATION:0.5034274904235325
C_ROOKANDPAWNMOVEMENT:0.5034274904235325
C_CENTERCONTROL:0.4995609471044308
C_DEVELOPPIECES:0.5454496757222966
C_MATERIAL:0.5105966133870775
C_MOVECOUNT:0.5
