ELO:1009
CE_PASSEDPAWNS:0.5103580799564797
CE_PAWNWEAKNESSES:0.5072795735965252
CE_PIECEACTIVITY:0.491293901973536
CE_KINGPAWNSHIELD:0.5
CE_PIECECOORDINATION:0.515491101316025
CE_MATERIAL:0.4881526642864786
CE_KINGSAFETY:0.5
C_PIECESQUARETABLES:0.5
C_MOBILITY:0.5047705251929016
C_KINGSAFETY:0.5040241545841726
C_PAWNSTRUCTURE:0.484192638955179
C_PIECECOORDINATION:0.507081296323835
C_ROOK:0.49063603962234636
CE_ROOK:0.49963666158093334
C_CENTERCONTROL:0.5100861462815999
C_DEVELOPPIECES:0.49958056321023353
C_MATERIAL:0.49498026793971084
C_MOVECOUNT:0.49593043625347577
C_PAWNMOVEMENT:0.48938310143155117
