ELO:748
CE_PASSEDPAWNS:0.5005344311852312
CE_PAWNWEAKNESSES:0.47738912877999673
CE_PIECEACTIVITY:0.47721434750486935
CE_KINGPAWNSHIELD:0.518696510188806
CE_PIECECOORDINATION:0.46062723726485605
CE_MATERIAL:0.6283541728977612
CE_KINGSAFETY:0.4745263217549549
C_PIECESQUARETABLES:0.4930961309691078
C_MOBILITY:0.42230470141064325
C_KINGSAFETY:0.4642860992359173
C_PAWNSTRUCTURE:0.4126925959600041
C_PIECECOORDINATION:0.5078498857698366
C_ROOKANDPAWNMOVEMENT:0.5078498857698366
C_CENTERCONTROL:0.46072909826139014
C_DEVELOPPIECES:0.5284967602717601
C_MATERIAL:0.4907205139949395
C_MOVECOUNT:0.45264640197899464
