ELO:1084
CE_PASSEDPAWNS:0.4634874176567412
CE_PAWNWEAKNESSES:0.4792414945564544
CE_PIECEACTIVITY:0.49151006698050564
CE_KINGPAWNSHIELD:0.4356687640830169
CE_PIECECOORDINATION:0.4749133812929683
CE_MATERIAL:0.4524189024750439
CE_KINGSAFETY:0.4942298323388301
C_PIECESQUARETABLES:0.49352311542307037
C_MOBILITY:0.42251800657387456
C_KINGSAFETY:0.6157854884535743
C_PAWNSTRUCTURE:0.46584556826960705
C_PIECECOORDINATION:0.5618317550306693
C_ROOKANDPAWNMOVEMENT:0.5618317550306693
C_CENTERCONTROL:0.48935777531777774
C_DEVELOPPIECES:0.5270691123428194
C_MATERIAL:0.3996875976254917
