ELO:920
CE_PASSEDPAWNS:0.47409280248458885
CE_PAWNWEAKNESSES:0.48937056768564835
CE_PIECEACTIVITY:0.5223231166709557
CE_KINGPAWNSHIELD:0.4694339118219629
CE_PIECECOORDINATION:0.4960456922388083
CE_MATERIAL:0.5042896119940194
CE_KINGSAFETY:0.5
C_PIECESQUARETABLES:0.5
C_MOBILITY:0.5760198936909185
C_KINGSAFETY:0.562730349985549
C_PAWNSTRUCTURE:0.5468323821861348
C_PIECECOORDINATION:0.5117016030445382
C_ROOKANDPAWNMOVEMENT:0.5117016030445382
C_CENTERCONTROL:0.5357024458348929
C_DEVELOPPIECES:0.5059697991901468
C_MATERIAL:0.5012896926646676
C_MOVECOUNT:0.5
