ELO:943
CE_PASSEDPAWNS:0.48492707798230555
CE_PAWNWEAKNESSES:0.5264305788835546
CE_PIECEACTIVITY:0.4544656939945215
CE_KINGPAWNSHIELD:0.4931879316559352
CE_PIECECOORDINATION:0.4740863135571425
CE_MATERIAL:0.50422628127115
CE_KINGSAFETY:0.47789636664743934
C_PIECESQUARETABLES:0.513801542867086
C_MOBILITY:0.4764596244610923
C_KINGSAFETY:0.4246343980609172
C_PAWNSTRUCTURE:0.5155458114124316
C_PIECECOORDINATION:0.45197831628917684
C_ROOKANDPAWNMOVEMENT:0.45197831628917684
C_CENTERCONTROL:0.5322651939195227
C_DEVELOPPIECES:0.555620551795521
C_MATERIAL:0.5546691420076866
