ELO:944
CE_PASSEDPAWNS:0.4712557446872448
CE_PAWNWEAKNESSES:0.5119448678413034
CE_PIECEACTIVITY:0.5154630122924653
CE_KINGPAWNSHIELD:0.5114412123017003
CE_PIECECOORDINATION:0.5060703604586101
CE_MATERIAL:0.49901655901209646
CE_KINGSAFETY:0.514966563793337
C_PIECESQUARETABLES:0.48992891804960764
C_MOBILITY:0.4962602713715271
C_KINGSAFETY:0.4979267281694921
C_PAWNSTRUCTURE:0.4821538345489143
C_PIECECOORDINATION:0.48847772363381403
C_ROOKANDPAWNMOVEMENT:0.48847772363381403
C_CENTERCONTROL:0.5570269695256578
C_DEVELOPPIECES:0.51493489714353
C_MATERIAL:0.5128344528820473
