ELO:999
CE_PASSEDPAWNS:0.49751641891580767
CE_PAWNWEAKNESSES:0.565255668649513
CE_PIECEACTIVITY:0.5087423500299497
CE_KINGPAWNSHIELD:0.5265353167244576
CE_PIECECOORDINATION:0.5380579254981728
CE_MATERIAL:0.45259737227593944
CE_KINGSAFETY:0.5641699358062431
C_PIECESQUARETABLES:0.48540699152770905
C_MOBILITY:0.5041258408023892
C_KINGSAFETY:0.5227108845333723
C_PAWNSTRUCTURE:0.5134429016134381
C_PIECECOORDINATION:0.4865423430164728
C_ROOKANDPAWNMOVEMENT:0.4865423430164728
C_CENTERCONTROL:0.5301088921579938
C_DEVELOPPIECES:0.5703537565272502
C_MATERIAL:0.5460164514215711
