ELO:1009
CE_PASSEDPAWNS:0.4632553827494533
CE_PAWNWEAKNESSES:0.5157600989488644
CE_PIECEACTIVITY:0.47350394151544634
CE_KINGPAWNSHIELD:0.5242927748675824
CE_PIECECOORDINATION:0.5
CE_MATERIAL:0.5160523937091994
CE_KINGSAFETY:0.5
C_PIECESQUARETABLES:0.5
C_MOBILITY:0.5007032866336861
C_KINGSAFETY:0.5
C_PAWNSTRUCTURE:0.48559524386073044
C_PIECECOORDINATION:0.5009852795487845
C_ROOK:0.4947986000930932
CE_ROOK:0.49254834606368963
C_CENTERCONTROL:0.5356153810659864
C_DEVELOPPIECES:0.5036271228063328
C_MATERIAL:0.5205561432492856
C_MOVECOUNT:0.4756378151880907
C_PAWNMOVEMENT:0.4779707051632558
