ELO:916
CE_PASSEDPAWNS:0.46653485290723135
CE_PAWNWEAKNESSES:0.4792673178056339
CE_PIECEACTIVITY:0.5264716127128583
CE_KINGPAWNSHIELD:0.5213979981290692
CE_PIECECOORDINATION:0.5153140948469215
CE_MATERIAL:0.5045572636543206
CE_KINGSAFETY:0.5173473171528619
C_PIECESQUARETABLES:0.5717397374515119
C_MOBILITY:0.46255723661727727
C_KINGSAFETY:0.5179147799235818
C_PAWNSTRUCTURE:0.44470906354752265
C_PIECECOORDINATION:0.4730781470612317
C_ROOKANDPAWNMOVEMENT:0.4730781470612317
C_CENTERCONTROL:0.4845380682377563
C_DEVELOPPIECES:0.536503759914256
C_MATERIAL:0.538401764101425
C_MOVECOUNT:0.5
