ELO:1017
CE_PASSEDPAWNS:0.5183426270832615
CE_PAWNWEAKNESSES:0.5
CE_PIECEACTIVITY:0.49767328679271217
CE_KINGPAWNSHIELD:0.5
CE_PIECECOORDINATION:0.5097066680735108
CE_MATERIAL:0.493550948517145
CE_KINGSAFETY:0.487759049459463
C_PIECESQUARETABLES:0.5059448202775636
C_MOBILITY:0.5044273759841277
C_KINGSAFETY:0.4864501050669436
C_PAWNSTRUCTURE:0.4951326566476162
C_PIECECOORDINATION:0.5116052650428095
C_ROOK:0.5058578642846168
CE_ROOK:0.4921705720635585
C_CENTERCONTROL:0.504677984482644
C_DEVELOPPIECES:0.5069449826884757
C_MATERIAL:0.48734904163133397
C_MOVECOUNT:0.48140501164981503
C_PAWNMOVEMENT:0.47468417962757986
