ELO:949
CE_PASSEDPAWNS:0.4881341243250546
CE_PAWNWEAKNESSES:0.5084933237600043
CE_PIECEACTIVITY:0.4647129116623179
CE_KINGPAWNSHIELD:0.5268077074214411
CE_PIECECOORDINATION:0.5111844015314971
CE_MATERIAL:0.4707269590648076
CE_KINGSAFETY:0.49871158634080914
C_PIECESQUARETABLES:0.5344959951582652
C_MOBILITY:0.5001908747407463
C_KINGSAFETY:0.5109157994696786
C_PAWNSTRUCTURE:0.4739248763861929
C_PIECECOORDINATION:0.46993909148145996
C_ROOKANDPAWNMOVEMENT:0.46993909148145996
C_CENTERCONTROL:0.49968312100831813
C_DEVELOPPIECES:0.5160326874017024
C_MATERIAL:0.515267890716116
C_MOVECOUNT:0.5
