ELO:789
CE_PASSEDPAWNS:0.49185118212786966
CE_PAWNWEAKNESSES:0.5380346914488741
CE_PIECEACTIVITY:0.5016643329386767
CE_KINGPAWNSHIELD:0.5032099485598936
CE_PIECECOORDINATION:0.5026640834974567
CE_MATERIAL:0.4776043162438315
CE_KINGSAFETY:0.5
C_PIECESQUARETABLES:0.5
C_MOBILITY:0.4354830119885817
C_KINGSAFETY:0.42077467309653455
C_PAWNSTRUCTURE:0.5479727491384172
C_PIECECOORDINATION:0.469909064634519
C_ROOKANDPAWNMOVEMENT:0.469909064634519
C_CENTERCONTROL:0.49611719816255556
C_DEVELOPPIECES:0.5491725662733801
C_MATERIAL:0.4786360223105882
C_MOVECOUNT:0.5
