ELO:983
CE_PASSEDPAWNS:0.491912562771066
CE_PAWNWEAKNESSES:0.5669906379807611
CE_PIECEACTIVITY:0.4671362879133817
CE_KINGPAWNSHIELD:0.5072611511230473
CE_PIECECOORDINATION:0.5117401804173348
CE_MATERIAL:0.4785979285767877
CE_KINGSAFETY:0.4812221258934121
C_PIECESQUARETABLES:0.49322107784023156
C_MOBILITY:0.502679216288048
C_KINGSAFETY:0.4899673465356672
C_PAWNSTRUCTURE:0.4983847855517849
C_PIECECOORDINATION:0.5319976855680273
C_ROOKANDPAWNMOVEMENT:0.5319976855680273
C_CENTERCONTROL:0.5312907903643813
C_DEVELOPPIECES:0.5326314830225389
C_MATERIAL:0.5586397605628036
