ELO:866
CE_PASSEDPAWNS:0.48973143612661957
CE_PAWNWEAKNESSES:0.5113067196392711
CE_PIECEACTIVITY:0.6431932405436631
CE_KINGPAWNSHIELD:0.4105148635125681
CE_PIECECOORDINATION:0.42775173320839055
CE_MATERIAL:0.5794671166091887
CE_KINGSAFETY:0.4825574781751493
C_PIECESQUARETABLES:0.46442814129235327
C_MOBILITY:0.43444642757270807
C_KINGSAFETY:0.41496918773727953
C_PAWNSTRUCTURE:0.498151167570805
C_PIECECOORDINATION:0.4638421186441091
C_ROOKANDPAWNMOVEMENT:0.4638421186441091
C_CENTERCONTROL:0.5623476293001561
C_DEVELOPPIECES:0.4391537004149261
C_MATERIAL:0.4143288415089461
