ELO:953
CE_PASSEDPAWNS:0.49462425033941837
CE_PAWNWEAKNESSES:0.514613434851777
CE_PIECEACTIVITY:0.49127758671711724
CE_KINGPAWNSHIELD:0.496431550124915
CE_PIECECOORDINATION:0.5138952250052171
CE_MATERIAL:0.4913039408700485
CE_KINGSAFETY:0.5084051150415435
C_PIECESQUARETABLES:0.4963807171761203
C_MOBILITY:0.5
C_KINGSAFETY:0.49958596772518093
C_PAWNSTRUCTURE:0.5262703851165446
C_PIECECOORDINATION:0.507633200640504
C_ROOKANDPAWNMOVEMENT:0.507633200640504
C_CENTERCONTROL:0.48586771394347616
C_DEVELOPPIECES:0.5234249817930288
C_MATERIAL:0.48051142345714387
C_MOVECOUNT:0.5238394764466371
