ELO:941
CE_PASSEDPAWNS:0.49852713213647826
CE_PAWNWEAKNESSES:0.5576535413499428
CE_PIECEACTIVITY:0.443393165551502
CE_KINGPAWNSHIELD:0.4978819601836937
CE_PIECECOORDINATION:0.469751074448315
CE_MATERIAL:0.4866136695451638
CE_KINGSAFETY:0.5163255345615902
C_PIECESQUARETABLES:0.4936369752615706
C_MOBILITY:0.49967311527636593
C_KINGSAFETY:0.4541799121504562
C_PAWNSTRUCTURE:0.4753391957552229
C_PIECECOORDINATION:0.4484169841853405
C_ROOKANDPAWNMOVEMENT:0.4484169841853405
C_CENTERCONTROL:0.5122176393103752
C_DEVELOPPIECES:0.5690665803388807
C_MATERIAL:0.566840810836198
