ELO:1016
CE_PASSEDPAWNS:0.49139741034984374
CE_PAWNWEAKNESSES:0.5
CE_PIECEACTIVITY:0.5289056859314311
CE_KINGPAWNSHIELD:0.4887692377501839
CE_PIECECOORDINATION:0.5092295408210925
CE_MATERIAL:0.4905217738808164
CE_KINGSAFETY:0.5
C_PIECESQUARETABLES:0.5
C_MOBILITY:0.5
C_KINGSAFETY:0.49307316301798465
C_PAWNSTRUCTURE:0.514958549981128
C_PIECECOORDINATION:0.4895672643280483
C_ROOKANDPAWNMOVEMENT:0.4895672643280483
C_CENTERCONTROL:0.5120546732858577
C_DEVELOPPIECES:0.5167959980575524
C_MATERIAL:0.5054783122991541
C_MOVECOUNT:0.4978195245944477
