ELO:1035
CE_PASSEDPAWNS:0.4686641297881342
CE_PAWNWEAKNESSES:0.5219350989926019
CE_PIECEACTIVITY:0.4989344825359669
CE_KINGPAWNSHIELD:0.523881191727355
CE_PIECECOORDINATION:0.5273831047927284
CE_MATERIAL:0.370861545389503
CE_KINGSAFETY:0.5
C_PIECESQUARETABLES:0.5050357504578937
C_MOBILITY:0.40970348574348925
C_KINGSAFETY:0.4311173046805429
C_PAWNSTRUCTURE:0.6086893908681681
C_PIECECOORDINATION:0.5554154193301939
C_ROOKANDPAWNMOVEMENT:0.5554154193301939
C_CENTERCONTROL:0.49941516474630016
C_DEVELOPPIECES:0.5175046182303573
C_MATERIAL:0.5243578358255669
