ELO:1005
CE_PASSEDPAWNS:0.5
CE_PAWNWEAKNESSES:0.5
CE_PIECEACTIVITY:0.5128757312524258
CE_KINGPAWNSHIELD:0.49623831887270753
CE_PIECECOORDINATION:0.5
CE_MATERIAL:0.48918843563028036
CE_KINGSAFETY:0.5
C_PIECESQUARETABLES:0.5
C_MOBILITY:0.5
C_KINGSAFETY:0.5280397118547006
C_PAWNSTRUCTURE:0.49336965283468354
C_PIECECOORDINATION:0.5070722429933345
C_ROOKANDPAWNMOVEMENT:0.5070722429933345
C_CENTERCONTROL:0.494284824707916
C_DEVELOPPIECES:0.5064254035021817
C_MATERIAL:0.4917180510668493
C_MOVECOUNT:0.4795388659517698
