ELO:931
CE_PASSEDPAWNS:0.6515822701905154
CE_PAWNWEAKNESSES:0.4499270720034941
CE_PIECEACTIVITY:0.41836187035955513
CE_KINGPAWNSHIELD:0.3970601923118542
CE_PIECECOORDINATION:0.5671282089064884
CE_MATERIAL:0.4107247556808535
CE_KINGSAFETY:0.5094504924306296
C_PIECESQUARETABLES:0.5057785521348473
C_MOBILITY:0.6227947638910376
C_KINGSAFETY:0.3920593468324415
C_PAWNSTRUCTURE:0.5251631956455713
C_PIECECOORDINATION:0.49981403897479415
C_ROOKANDPAWNMOVEMENT:0.49981403897479415
C_CENTERCONTROL:0.46164157710896325
C_DEVELOPPIECES:0.5086470549975098
C_MATERIAL:0.4979642229925859
