ELO:1254
CE_PASSEDPAWNS:0.4155471022398515
CE_PAWNWEAKNESSES:0.6126588636670341
CE_PIECEACTIVITY:0.4378818512389367
CE_KINGPAWNSHIELD:0.4498060339940104
CE_PIECECOORDINATION:0.5228665876218258
CE_MATERIAL:0.38609071767747405
CE_KINGSAFETY:0.5
C_PIECESQUARETABLES:0.5
C_MOBILITY:0.40970348574348925
C_KINGSAFETY:0.39915668343505367
C_PAWNSTRUCTURE:0.6059616060781821
C_PIECECOORDINATION:0.5827958732663536
C_ROOKANDPAWNMOVEMENT:0.5827958732663536
C_CENTERCONTROL:0.5298254162019529
C_DEVELOPPIECES:0.5528173797779841
C_MATERIAL:0.6154232304150021
