ELO:980
CE_PASSEDPAWNS:0.5108693731140217
CE_PAWNWEAKNESSES:0.4596111327178817
CE_PIECEACTIVITY:0.48930932555349865
CE_KINGPAWNSHIELD:0.4940162298905675
CE_PIECECOORDINATION:0.48223830703955095
CE_MATERIAL:0.4861249438042889
CE_KINGSAFETY:0.5
C_PIECESQUARETABLES:0.5
C_MOBILITY:0.5018354937072002
C_KINGSAFETY:0.48765077467026813
C_PAWNSTRUCTURE:0.5258556872831239
C_PIECECOORDINATION:0.48324084125688416
C_ROOK:0.5289796819747269
CE_ROOK:0.470712682074465
C_CENTERCONTROL:0.4975528248991021
C_DEVELOPPIECES:0.4987262495165006
C_MATERIAL:0.5268657208588896
C_MOVECOUNT:0.48932956714348386
C_PAWNMOVEMENT:0.48529731008102406
