ELO:875
CE_PASSEDPAWNS:0.4996862107345623
CE_PAWNWEAKNESSES:0.48170741823328517
CE_PIECEACTIVITY:0.5030920118102998
CE_KINGPAWNSHIELD:0.5141875041695344
CE_PIECECOORDINATION:0.4938206619338361
CE_MATERIAL:0.4820826849994308
CE_KINGSAFETY:0.44509731908554734
C_PIECESQUARETABLES:0.4499563479380877
C_MOBILITY:0.5057675261168976
C_KINGSAFETY:0.5828907576275434
C_PAWNSTRUCTURE:0.44870655722565245
C_PIECECOORDINATION:0.5422309777817065
C_ROOKANDPAWNMOVEMENT:0.5422309777817065
C_CENTERCONTROL:0.4894484712369036
C_DEVELOPPIECES:0.506712358516183
C_MATERIAL:0.5171846796838694
C_MOVECOUNT:0.5
