ELO:992
CE_PASSEDPAWNS:0.5
CE_PAWNWEAKNESSES:0.5
CE_PIECEACTIVITY:0.5005385430949656
CE_KINGPAWNSHIELD:0.5018964555622304
CE_PIECECOORDINATION:0.4812110716632687
CE_MATERIAL:0.4881714257302784
CE_KINGSAFETY:0.4770213864270035
C_PIECESQUARETABLES:0.4878949584195983
C_MOBILITY:0.5
C_KINGSAFETY:0.48356218829696274
C_PAWNSTRUCTURE:0.5027256840152771
C_PIECECOORDINATION:0.4752642104033801
C_ROOKANDPAWNMOVEMENT:0.4752642104033801
C_CENTERCONTROL:0.4759715976046038
C_DEVELOPPIECES:0.5001869956773616
C_MATERIAL:0.5014078712662475
C_MOVECOUNT:0.5
