ELO:921
CE_PASSEDPAWNS:0.4998579046260626
CE_PAWNWEAKNESSES:0.4747565653614781
CE_PIECEACTIVITY:0.4845724366067162
CE_KINGPAWNSHIELD:0.37492299798534856
CE_PIECECOORDINATION:0.4276837135701372
CE_MATERIAL:0.5581658609506608
CE_KINGSAFETY:0.5151693320524191
C_PIECESQUARETABLES:0.5081650203054987
C_MOBILITY:0.39481482636872317
C_KINGSAFETY:0.45859637264797826
C_PAWNSTRUCTURE:0.4660743063254181
C_PIECECOORDINATION:0.46337146683633906
C_ROOKANDPAWNMOVEMENT:0.46337146683633906
C_CENTERCONTROL:0.4185756711050819
C_DEVELOPPIECES:0.5047717746447877
C_MATERIAL:0.44147091652094195
