ELO:854
CE_PASSEDPAWNS:0.48508917646269906
CE_PAWNWEAKNESSES:0.442767584091189
CE_PIECEACTIVITY:0.41582409874592585
CE_KINGPAWNSHIELD:0.5604793191539712
CE_PIECECOORDINATION:0.49455174070583385
CE_MATERIAL:0.472196844266075
CE_KINGSAFETY:0.49801770725104816
C_PIECESQUARETABLES:0.5232172462070849
C_MOBILITY:0.46232360611185236
C_KINGSAFETY:0.46947228629689386
C_PAWNSTRUCTURE:0.513446253673199
C_PIECECOORDINATION:0.48536897113554694
C_ROOKANDPAWNMOVEMENT:0.48536897113554694
C_CENTERCONTROL:0.4922434552455951
C_DEVELOPPIECES:0.4716392120587978
C_MATERIAL:0.5119266361828323
C_MOVECOUNT:0.5
