ELO:657
CE_PASSEDPAWNS:0.41506516037581653
CE_PAWNWEAKNESSES:0.5166487447154069
CE_PIECEACTIVITY:0.5940500616344742
CE_KINGPAWNSHIELD:0.44630859834744363
CE_PIECECOORDINATION:0.5059728433761335
CE_MATERIAL:0.5453607899733819
CE_KINGSAFETY:0.5119485753867639
C_PIECESQUARETABLES:0.4770192952295335
C_MOBILITY:0.4360978344002338
C_KINGSAFETY:0.4873066606002464
C_PAWNSTRUCTURE:0.4718836619062045
C_PIECECOORDINATION:0.4535796050694107
C_ROOKANDPAWNMOVEMENT:0.4535796050694107
C_CENTERCONTROL:0.5381387251490467
C_DEVELOPPIECES:0.6484519796793303
C_MATERIAL:0.5099514445097068
C_MOVECOUNT:0.5169440755516193
