ELO:1021
CE_PASSEDPAWNS:0.5025912064857802
CE_PAWNWEAKNESSES:0.5
CE_PIECEACTIVITY:0.5
CE_KINGPAWNSHIELD:0.5
CE_PIECECOORDINATION:0.5
CE_MATERIAL:0.5114125650061784
CE_KINGSAFETY:0.5
C_PIECESQUARETABLES:0.5
C_MOBILITY:0.5
C_KINGSAFETY:0.507244096369052
C_PAWNSTRUCTURE:0.49946429189122293
C_PIECECOORDINATION:0.5
C_ROOK:0.5
CE_ROOK:0.5
C_CENTERCONTROL:0.5040125880217814
C_DEVELOPPIECES:0.5209779712471153
C_MATERIAL:0.5
C_MOVECOUNT:0.4926002298395146
C_PAWNMOVEMENT:0.5
