ELO:848
CE_PASSEDPAWNS:0.4634878046863705
CE_PAWNWEAKNESSES:0.47291254666780536
CE_PIECEACTIVITY:0.5060554030041676
CE_KINGPAWNSHIELD:0.48155182552264497
CE_PIECECOORDINATION:0.5377472383742637
CE_MATERIAL:0.5453731058086446
CE_KINGSAFETY:0.5193333256296344
C_PIECESQUARETABLES:0.5043363278517509
C_MOBILITY:0.5262234793164755
C_KINGSAFETY:0.4971001745391319
C_PAWNSTRUCTURE:0.5039220151894933
C_PIECECOORDINATION:0.5305541082974475
C_ROOKANDPAWNMOVEMENT:0.5305541082974475
C_CENTERCONTROL:0.5047142626883412
C_DEVELOPPIECES:0.4790287959753711
C_MATERIAL:0.5593821198169104
C_MOVECOUNT:0.5
