ELO:999
CE_PASSEDPAWNS:0.49160469872444357
CE_PAWNWEAKNESSES:0.5036651159210807
CE_PIECEACTIVITY:0.4907860515341648
CE_KINGPAWNSHIELD:0.5122669336461608
CE_PIECECOORDINATION:0.506959720726439
CE_MATERIAL:0.5043203460015222
CE_KINGSAFETY:0.5114000361543151
C_PIECESQUARETABLES:0.5021276309624342
C_MOBILITY:0.502285624870283
C_KINGSAFETY:0.5101328391920751
C_PAWNSTRUCTURE:0.49831992686332416
C_PIECECOORDINATION:0.4924973771155497
C_ROOK:0.5062759698650704
CE_ROOK:0.4851937181955185
C_CENTERCONTROL:0.4950777020948894
C_DEVELOPPIECES:0.5
C_MATERIAL:0.5
C_MOVECOUNT:0.5107801568527933
C_PAWNMOVEMENT:0.49339250560108666
