ELO:983
CE_PASSEDPAWNS:0.5062169673381904
CE_PAWNWEAKNESSES:0.46606491271834816
CE_PIECEACTIVITY:0.48505148793122865
CE_KINGPAWNSHIELD:0.4940162298905675
CE_PIECECOORDINATION:0.4933342995688833
CE_MATERIAL:0.49786731580395377
CE_KINGSAFETY:0.496982168272783
C_PIECESQUARETABLES:0.48047059945275117
C_MOBILITY:0.5154475953538814
C_KINGSAFETY:0.4754902914002725
C_PAWNSTRUCTURE:0.5083307812215102
C_PIECECOORDINATION:0.4956948092886449
C_ROOK:0.5216712097218529
CE_ROOK:0.47919103488783166
C_CENTERCONTROL:0.49209754555764834
C_DEVELOPPIECES:0.49945073006190827
C_MATERIAL:0.521708384823519
C_MOVECOUNT:0.5090711888489637
C_PAWNMOVEMENT:0.503838711834558
