ELO:1000
CE_PASSEDPAWNS:0.49522160401793835
CE_PAWNWEAKNESSES:0.5
CE_PIECEACTIVITY:0.4918524914812059
CE_KINGPAWNSHIELD:0.4861693943572521
CE_PIECECOORDINATION:0.4758006058045726
CE_MATERIAL:0.49444443971968133
CE_KINGSAFETY:0.47657165232613885
C_PIECESQUARETABLES:0.5079963186768365
C_MOBILITY:0.48673115038738485
C_KINGSAFETY:0.5082079791758611
C_PAWNSTRUCTURE:0.5015779700567466
C_PIECECOORDINATION:0.5154424236354878
C_ROOKANDPAWNMOVEMENT:0.5154424236354878
C_CENTERCONTROL:0.511890750641684
C_DEVELOPPIECES:0.4934236993115478
C_MATERIAL:0.4731735238974576
