ELO:1000
CE_PASSEDPAWNS:0.5232647634926063
CE_PAWNWEAKNESSES:0.5113273517462815
CE_PIECEACTIVITY:0.519292397154029
CE_KINGPAWNSHIELD:0.5154562487863086
CE_PIECECOORDINATION:0.4560337649342694
CE_MATERIAL:0.4942146317182271
CE_KINGSAFETY:0.4838287159744543
C_PIECESQUARETABLES:0.4539584769816176
C_MOBILITY:0.5142716372319944
C_KINGSAFETY:0.498759230727561
C_PAWNSTRUCTURE:0.5237314580290283
C_PIECECOORDINATION:0.5675196391914888
C_ROOKANDPAWNMOVEMENT:0.5675196391914888
C_CENTERCONTROL:0.4492496987991087
C_DEVELOPPIECES:0.5108802105289066
C_MATERIAL:0.479151706701186
