ELO:977
CE_PASSEDPAWNS:0.492262551701472
CE_PAWNWEAKNESSES:0.537664389484011
CE_PIECEACTIVITY:0.510656593515054
CE_KINGPAWNSHIELD:0.4800951211613104
CE_PIECECOORDINATION:0.4891002403195574
CE_MATERIAL:0.5376161939587124
CE_KINGSAFETY:0.5002328890238046
C_PIECESQUARETABLES:0.5178449089311863
C_MOBILITY:0.48142637086443946
C_KINGSAFETY:0.49427107223237104
C_PAWNSTRUCTURE:0.5320306609405451
C_PIECECOORDINATION:0.5
C_ROOKANDPAWNMOVEMENT:0.5
C_CENTERCONTROL:0.5140135139139376
C_DEVELOPPIECES:0.5187338154604264
C_MATERIAL:0.504263485694591
C_MOVECOUNT:0.4905260994843137
