ELO:973
CE_PASSEDPAWNS:0.4957153292287771
CE_PAWNWEAKNESSES:0.47466543008113904
CE_PIECEACTIVITY:0.5038421339517635
CE_KINGPAWNSHIELD:0.4559591837190538
CE_PIECECOORDINATION:0.5183329976915353
CE_MATERIAL:0.5055174108847659
CE_KINGSAFETY:0.5044848039812284
C_PIECESQUARETABLES:0.5107753885841771
C_MOBILITY:0.5585766278767992
C_KINGSAFETY:0.5067927256888368
C_PAWNSTRUCTURE:0.5285708705350926
C_PIECECOORDINATION:0.5161277919550157
C_ROOK:0.46089680806347383
CE_ROOK:0.4986050486696191
C_CENTERCONTROL:0.5662434858274209
C_DEVELOPPIECES:0.4999140866341795
C_MATERIAL:0.5178085712123768
C_MOVECOUNT:0.49773628848014706
C_PAWNMOVEMENT:0.5073052585633088
