ELO:900
CE_PASSEDPAWNS:0.5064615482296169
CE_PAWNWEAKNESSES:0.5204424104498379
CE_PIECEACTIVITY:0.5332122684918498
CE_KINGPAWNSHIELD:0.5480195734987239
CE_PIECECOORDINATION:0.5752751104242532
CE_MATERIAL:0.44831993872296527
CE_KINGSAFETY:0.5053152745266644
C_PIECESQUARETABLES:0.45554075958838164
C_MOBILITY:0.47588959041243134
C_KINGSAFETY:0.5182616213310026
C_PAWNSTRUCTURE:0.4844554468354124
C_PIECECOORDINATION:0.5048149858756468
C_ROOKANDPAWNMOVEMENT:0.5048149858756468
C_CENTERCONTROL:0.5456134059506911
C_DEVELOPPIECES:0.5353687575562963
C_MATERIAL:0.5179344939382752
C_MOVECOUNT:0.4648461863256787
