ELO:821
CE_PASSEDPAWNS:0.5373850385050232
CE_PAWNWEAKNESSES:0.5410386676889432
CE_PIECEACTIVITY:0.4879991575137489
CE_KINGPAWNSHIELD:0.5157763519804236
CE_PIECECOORDINATION:0.4921406814111146
CE_MATERIAL:0.4622477500861024
CE_KINGSAFETY:0.5046019074508855
C_PIECESQUARETABLES:0.5050840970250745
C_MOBILITY:0.5396797247037461
C_KINGSAFETY:0.5499350414790702
C_PAWNSTRUCTURE:0.5036712088147579
C_PIECECOORDINATION:0.4961202894096448
C_ROOKANDPAWNMOVEMENT:0.4961202894096448
C_CENTERCONTROL:0.5329851946275179
C_DEVELOPPIECES:0.4878714000498828
C_MATERIAL:0.50670315881042
C_MOVECOUNT:0.46113656091668015
