ELO:1012
CE_PASSEDPAWNS:0.5100468199591249
CE_PAWNWEAKNESSES:0.5
CE_PIECEACTIVITY:0.5236279759294546
CE_KINGPAWNSHIELD:0.5034754309803767
CE_PIECECOORDINATION:0.49325676415046793
CE_MATERIAL:0.522697225093769
CE_KINGSAFETY:0.5
C_PIECESQUARETABLES:0.5
C_MOBILITY:0.5059913216076972
C_KINGSAFETY:0.5
C_PAWNSTRUCTURE:0.5085958026991216
C_PIECECOORDINATION:0.5
C_ROOKANDPAWNMOVEMENT:0.5
C_CENTERCONTROL:0.5
C_DEVELOPPIECES:0.5
C_MATERIAL:0.5
C_MOVECOUNT:0.5106013003355834
