ELO:917
CE_PASSEDPAWNS:0.46207268936554796
CE_PAWNWEAKNESSES:0.3744580085209631
CE_PIECEACTIVITY:0.4976845402937408
CE_KINGPAWNSHIELD:0.6120785319793235
CE_PIECECOORDINATION:0.4738901330012495
CE_MATERIAL:0.5492065802609817
CE_KINGSAFETY:0.4965526997515995
C_PIECESQUARETABLES:0.5421530382196693
C_MOBILITY:0.45443077559473166
C_KINGSAFETY:0.5599060881326261
C_PAWNSTRUCTURE:0.49013369413544866
C_PIECECOORDINATION:0.5446938883717566
C_ROOKANDPAWNMOVEMENT:0.5446938883717566
C_CENTERCONTROL:0.46896639858235917
C_DEVELOPPIECES:0.5262559265891072
C_MATERIAL:0.5807546544832042
