ELO:951
CE_PASSEDPAWNS:0.49172886306561897
CE_PAWNWEAKNESSES:0.4791618236081264
CE_PIECEACTIVITY:0.49128747088699903
CE_KINGPAWNSHIELD:0.5168669079452188
CE_PIECECOORDINATION:0.4947764615485316
CE_MATERIAL:0.5501775003233029
CE_KINGSAFETY:0.5
C_PIECESQUARETABLES:0.5
C_MOBILITY:0.46585763413128345
C_KINGSAFETY:0.502656669600475
C_PAWNSTRUCTURE:0.4816724372047907
C_PIECECOORDINATION:0.474721932813124
C_ROOK:0.5070291320493749
CE_ROOK:0.5529323075035372
C_CENTERCONTROL:0.5122945324123187
C_DEVELOPPIECES:0.5037665423082983
C_MATERIAL:0.5339010379740861
C_MOVECOUNT:0.5086373806851994
C_PAWNMOVEMENT:0.529511032451462
