ELO:1173
CE_PASSEDPAWNS:0.4782439222271057
CE_PAWNWEAKNESSES:0.45753908675987287
CE_PIECEACTIVITY:0.4342753515086702
CE_KINGPAWNSHIELD:0.47007856838159223
CE_PIECECOORDINATION:0.49892967985177217
CE_MATERIAL:0.4990994058124339
CE_KINGSAFETY:0.5
C_PIECESQUARETABLES:0.5
C_MOBILITY:0.44740251955950305
C_KINGSAFETY:0.36910277290662097
C_PAWNSTRUCTURE:0.5850499534865369
C_PIECECOORDINATION:0.6006523227325677
C_ROOKANDPAWNMOVEMENT:0.6006523227325677
C_CENTERCONTROL:0.5482880801453185
C_DEVELOPPIECES:0.4593697475404217
C_MATERIAL:0.5638506673996677
