ELO:896
CE_PASSEDPAWNS:0.4667426820888476
CE_PAWNWEAKNESSES:0.4754709810390866
CE_PIECEACTIVITY:0.4889326196594317
CE_KINGPAWNSHIELD:0.4932403374437697
CE_PIECECOORDINATION:0.5319031155768865
CE_MATERIAL:0.4791956169575396
CE_KINGSAFETY:0.4993278580588162
C_PIECESQUARETABLES:0.5
C_MOBILITY:0.5294660762879178
C_KINGSAFETY:0.488105981786022
C_PAWNSTRUCTURE:0.5119948710784661
C_PIECECOORDINATION:0.4362833228409361
C_ROOKANDPAWNMOVEMENT:0.4362833228409361
C_CENTERCONTROL:0.5112872907714398
C_DEVELOPPIECES:0.50709815719845
C_MATERIAL:0.5146568343856786
C_MOVECOUNT:0.5
