ELO:976
CE_PASSEDPAWNS:0.5579933003127269
CE_PAWNWEAKNESSES:0.45065731370700457
CE_PIECEACTIVITY:0.41019657951616784
CE_KINGPAWNSHIELD:0.47323193529260343
CE_PIECECOORDINATION:0.5364690854096105
CE_MATERIAL:0.3467677977963142
CE_KINGSAFETY:0.47874527938618716
C_PIECESQUARETABLES:0.486903328279699
C_MOBILITY:0.5938724431603176
C_KINGSAFETY:0.3943610966806625
C_PAWNSTRUCTURE:0.5199370874446799
C_PIECECOORDINATION:0.4807331738861709
C_ROOKANDPAWNMOVEMENT:0.4807331738861709
C_CENTERCONTROL:0.5075371321250876
C_DEVELOPPIECES:0.4600316702235695
C_MATERIAL:0.551724839055161
