ELO:973
CE_PASSEDPAWNS:0.5062169673381904
CE_PAWNWEAKNESSES:0.4805313805350549
CE_PIECEACTIVITY:0.48901580675496137
CE_KINGPAWNSHIELD:0.4940162298905675
CE_PIECECOORDINATION:0.4862230938183255
CE_MATERIAL:0.49786731580395377
CE_KINGSAFETY:0.49667047335824194
C_PIECESQUARETABLES:0.4887902296425543
C_MOBILITY:0.5230669933118758
C_KINGSAFETY:0.510115407755524
C_PAWNSTRUCTURE:0.5048441820697693
C_PIECECOORDINATION:0.4959019449437998
C_ROOK:0.5143912838134779
CE_ROOK:0.47919103488783166
C_CENTERCONTROL:0.4999680496941677
C_DEVELOPPIECES:0.4993210422372704
C_MATERIAL:0.5137606009349299
C_MOVECOUNT:0.5198946731436759
C_PAWNMOVEMENT:0.4917251881982422
