ELO:1007
CE_PASSEDPAWNS:0.47946053612353007
CE_PAWNWEAKNESSES:0.5
CE_PIECEACTIVITY:0.5088553887702799
CE_KINGPAWNSHIELD:0.5009155981554093
CE_PIECECOORDINATION:0.5187149353593674
CE_MATERIAL:0.4842185884823938
CE_KINGSAFETY:0.5
C_PIECESQUARETABLES:0.5
C_MOBILITY:0.5
C_KINGSAFETY:0.48697836328499156
C_PAWNSTRUCTURE:0.5075420144672048
C_PIECECOORDINATION:0.4985843483318321
C_ROOKANDPAWNMOVEMENT:0.4985843483318321
C_CENTERCONTROL:0.4436718902494277
C_DEVELOPPIECES:0.49320836962071885
C_MATERIAL:0.4842546444073441
C_MOVECOUNT:0.5
