ELO:1000
CE_PASSEDPAWNS:0.5
CE_PAWNWEAKNESSES:0.5
CE_PIECEACTIVITY:0.5015152076353502
CE_KINGPAWNSHIELD:0.49835874080774967
CE_PIECECOORDINATION:0.5
CE_MATERIAL:0.4757427384868164
CE_KINGSAFETY:0.49888881301210436
C_PIECESQUARETABLES:0.5095500686895337
C_MOBILITY:0.4926375398893402
C_KINGSAFETY:0.5
C_PAWNSTRUCTURE:0.5031565600163472
C_PIECECOORDINATION:0.5022065505862603
C_ROOKANDPAWNMOVEMENT:0.5022065505862603
C_CENTERCONTROL:0.5007359035671912
C_DEVELOPPIECES:0.5
C_MATERIAL:0.4930039947279145
