ELO:1018
CE_PASSEDPAWNS:0.4864503111973572
CE_PAWNWEAKNESSES:0.4986887398856554
CE_PIECEACTIVITY:0.48321009549435673
CE_KINGPAWNSHIELD:0.5051573745578699
CE_PIECECOORDINATION:0.5153626450603377
CE_MATERIAL:0.4949018354746477
CE_KINGSAFETY:0.49295284654635835
C_PIECESQUARETABLES:0.5
C_MOBILITY:0.4894338169848829
C_KINGSAFETY:0.5
C_PAWNSTRUCTURE:0.5099656008571709
C_PIECECOORDINATION:0.506523171639552
C_ROOKANDPAWNMOVEMENT:0.506523171639552
C_CENTERCONTROL:0.49171048697277997
C_DEVELOPPIECES:0.5190189186588297
C_MATERIAL:0.4942107510850331
C_MOVECOUNT:0.5
