ELO:1255
CE_PASSEDPAWNS:0.4155471022398515
CE_PAWNWEAKNESSES:0.6118676375864667
CE_PIECEACTIVITY:0.42718863939113
CE_KINGPAWNSHIELD:0.47007856838159223
CE_PIECECOORDINATION:0.5464076372288086
CE_MATERIAL:0.4990994058124339
CE_KINGSAFETY:0.5
C_PIECESQUARETABLES:0.5
C_MOBILITY:0.36925351823095254
C_KINGSAFETY:0.35456652827360086
C_PAWNSTRUCTURE:0.6053318156205673
C_PIECECOORDINATION:0.6034186844261449
C_ROOKANDPAWNMOVEMENT:0.6034186844261449
C_CENTERCONTROL:0.5298254162019529
C_DEVELOPPIECES:0.5528173797779841
C_MATERIAL:0.5636378109575684
