ELO:911
CE_PASSEDPAWNS:0.6530920547171984
CE_PAWNWEAKNESSES:0.4017871654725313
CE_PIECEACTIVITY:0.462821834077296
CE_KINGPAWNSHIELD:0.42177125592635223
CE_PIECECOORDINATION:0.5470906440503567
CE_MATERIAL:0.4036509829534794
CE_KINGSAFETY:0.5197636203755431
C_PIECESQUARETABLES:0.5123835273625855
C_MOBILITY:0.6173951126984768
C_KINGSAFETY:0.39928224411584634
C_PAWNSTRUCTURE:0.5403752371534121
C_PIECECOORDINATION:0.5224405704735814
C_ROOKANDPAWNMOVEMENT:0.5224405704735814
C_CENTERCONTROL:0.44333131138013426
C_DEVELOPPIECES:0.5186185666392811
C_MATERIAL:0.5270462675877959
