ELO:883
CE_PASSEDPAWNS:0.48986511505479163
CE_PAWNWEAKNESSES:0.48794016041132726
CE_PIECEACTIVITY:0.4522660181608222
CE_KINGPAWNSHIELD:0.5127277265445542
CE_PIECECOORDINATION:0.520423127957996
CE_MATERIAL:0.495055089830739
CE_KINGSAFETY:0.49610671054603755
C_PIECESQUARETABLES:0.5000964308782087
C_MOBILITY:0.49470010772932804
C_KINGSAFETY:0.4569900763528418
C_PAWNSTRUCTURE:0.4954443846494632
C_PIECECOORDINATION:0.49846561681447304
C_ROOKANDPAWNMOVEMENT:0.49846561681447304
C_CENTERCONTROL:0.4772514444418094
C_DEVELOPPIECES:0.5356092464601827
C_MATERIAL:0.4998645688164949
C_MOVECOUNT:0.5
