ELO:993
CE_PASSEDPAWNS:0.5055949935672842
CE_PAWNWEAKNESSES:0.46606491271834816
CE_PIECEACTIVITY:0.48319869012671196
CE_KINGPAWNSHIELD:0.4940162298905675
CE_PIECECOORDINATION:0.4933342995688833
CE_MATERIAL:0.49786731580395377
CE_KINGSAFETY:0.4895674609649502
C_PIECESQUARETABLES:0.49023809412619124
C_MOBILITY:0.5154475953538814
C_KINGSAFETY:0.48259232876528835
C_PAWNSTRUCTURE:0.5180243941388135
C_PIECECOORDINATION:0.4956948092886449
C_ROOK:0.513342266559112
CE_ROOK:0.49078708937788856
C_CENTERCONTROL:0.4973466766745053
C_DEVELOPPIECES:0.4987262495165006
C_MATERIAL:0.521708384823519
C_MOVECOUNT:0.49854136023576656
C_PAWNMOVEMENT:0.5134423725645795
