ELO:688
CE_PASSEDPAWNS:0.43368235190221843
CE_PAWNWEAKNESSES:0.5435893732180497
CE_PIECEACTIVITY:0.6141649790924399
CE_KINGPAWNSHIELD:0.42188299899678355
CE_PIECECOORDINATION:0.48858066981501275
CE_MATERIAL:0.5172402107147309
CE_KINGSAFETY:0.5019984416101426
C_PIECESQUARETABLES:0.49901417459142006
C_MOBILITY:0.479468057244284
C_KINGSAFETY:0.5022030509352295
C_PAWNSTRUCTURE:0.4494302112606311
C_PIECECOORDINATION:0.45206804817214385
C_ROOKANDPAWNMOVEMENT:0.45206804817214385
C_CENTERCONTROL:0.5269592172489973
C_DEVELOPPIECES:0.6244497100139685
C_MATERIAL:0.5370743443369035
C_MOVECOUNT:0.5154154023205761
