ELO:1117
CE_PASSEDPAWNS:0.442778421640529
CE_PAWNWEAKNESSES:0.4476413466186686
CE_PIECEACTIVITY:0.46734301140476625
CE_KINGPAWNSHIELD:0.4774259118591802
CE_PIECECOORDINATION:0.5364624885915099
CE_MATERIAL:0.46470193240120694
CE_KINGSAFETY:0.5011228776943402
C_PIECESQUARETABLES:0.5
C_MOBILITY:0.4181832190547694
C_KINGSAFETY:0.5255271422532949
C_PAWNSTRUCTURE:0.41040599071577993
C_PIECECOORDINATION:0.48430233874975176
C_ROOKANDPAWNMOVEMENT:0.48430233874975176
C_CENTERCONTROL:0.5937278259383029
C_DEVELOPPIECES:0.4974751846360995
C_MATERIAL:0.4165574905698327
