ELO:870
CE_PASSEDPAWNS:0.5013661065848963
CE_PAWNWEAKNESSES:0.46563072069515044
CE_PIECEACTIVITY:0.540360134434479
CE_KINGPAWNSHIELD:0.46943562934945454
CE_PIECECOORDINATION:0.5197260933867661
CE_MATERIAL:0.5067877543213468
CE_KINGSAFETY:0.5207169931661412
C_PIECESQUARETABLES:0.471128515936106
C_MOBILITY:0.5344140086725663
C_KINGSAFETY:0.5080844771049491
C_PAWNSTRUCTURE:0.5182008430817309
C_PIECECOORDINATION:0.5264773348299645
C_ROOK:0.4555413204670334
CE_ROOK:0.5159390015821848
C_CENTERCONTROL:0.5907157469875219
C_DEVELOPPIECES:0.47026903860623387
C_MATERIAL:0.5017990515494434
C_MOVECOUNT:0.49108436483712636
C_PAWNMOVEMENT:0.510288503724409
