ELO:987
CE_PASSEDPAWNS:0.5175286372082618
CE_PAWNWEAKNESSES:0.5262320286976547
CE_PIECEACTIVITY:0.538381525816271
CE_KINGPAWNSHIELD:0.5734808119333318
CE_PIECECOORDINATION:0.47005679731675715
CE_MATERIAL:0.5191225827950523
CE_KINGSAFETY:0.5087290847935498
C_PIECESQUARETABLES:0.5
C_MOBILITY:0.4976563089257763
C_KINGSAFETY:0.5155794180146756
C_PAWNSTRUCTURE:0.5373439755533134
C_PIECECOORDINATION:0.5764857545207683
C_ROOKANDPAWNMOVEMENT:0.5764857545207683
C_CENTERCONTROL:0.45131349217324
C_DEVELOPPIECES:0.5125817158295388
C_MATERIAL:0.46439960496488053
