ELO:1194
CE_PASSEDPAWNS:0.4155471022398515
CE_PAWNWEAKNESSES:0.6132090635102311
CE_PIECEACTIVITY:0.4255948402422537
CE_KINGPAWNSHIELD:0.4490064376454872
CE_PIECECOORDINATION:0.4998464374347677
CE_MATERIAL:0.370861545389503
CE_KINGSAFETY:0.5
C_PIECESQUARETABLES:0.5
C_MOBILITY:0.36925351823095254
C_KINGSAFETY:0.40980908583440107
C_PAWNSTRUCTURE:0.5265605361002453
C_PIECECOORDINATION:0.5546562877460437
C_ROOKANDPAWNMOVEMENT:0.5546562877460437
C_CENTERCONTROL:0.5074219612996926
C_DEVELOPPIECES:0.44786742023894355
C_MATERIAL:0.6242308573948059
