ELO:992
CE_PASSEDPAWNS:0.5094794562504328
CE_PAWNWEAKNESSES:0.5172854852988689
CE_PIECEACTIVITY:0.48876314366380397
CE_KINGPAWNSHIELD:0.507760486131418
CE_PIECECOORDINATION:0.4793837906489719
CE_MATERIAL:0.5261372565984602
CE_KINGSAFETY:0.5098974341922473
C_PIECESQUARETABLES:0.498864730604391
C_MOBILITY:0.526651672634026
C_KINGSAFETY:0.4937710096011418
C_PAWNSTRUCTURE:0.4862335316739511
C_PIECECOORDINATION:0.5252089524423872
C_ROOKANDPAWNMOVEMENT:0.5252089524423872
C_CENTERCONTROL:0.5163416634694219
C_DEVELOPPIECES:0.48001984841910283
C_MATERIAL:0.4895467052846611
