ELO:1017
CE_PASSEDPAWNS:0.5158475457616614
CE_PAWNWEAKNESSES:0.5
CE_PIECEACTIVITY:0.5128757312524258
CE_KINGPAWNSHIELD:0.4965153739995127
CE_PIECECOORDINATION:0.5
CE_MATERIAL:0.48918843563028036
CE_KINGSAFETY:0.5
C_PIECESQUARETABLES:0.5
C_MOBILITY:0.5
C_KINGSAFETY:0.49369748272931663
C_PAWNSTRUCTURE:0.48678666760665307
C_PIECECOORDINATION:0.49943213389028157
C_ROOKANDPAWNMOVEMENT:0.49943213389028157
C_CENTERCONTROL:0.494284824707916
C_DEVELOPPIECES:0.5064254035021817
C_MATERIAL:0.4921865774230893
C_MOVECOUNT:0.4795388659517698
