ELO:967
CE_PASSEDPAWNS:0.49594124835932385
CE_PAWNWEAKNESSES:0.4745082306632454
CE_PIECEACTIVITY:0.5093000561084536
CE_KINGPAWNSHIELD:0.5745307746863548
CE_PIECECOORDINATION:0.4783528888514112
CE_MATERIAL:0.5405408767627932
CE_KINGSAFETY:0.4733895231666615
C_PIECESQUARETABLES:0.5198694298047094
C_MOBILITY:0.4499625873058234
C_KINGSAFETY:0.5376656500438156
C_PAWNSTRUCTURE:0.5000667999368313
C_PIECECOORDINATION:0.5137927343762244
C_ROOKANDPAWNMOVEMENT:0.5137927343762244
C_CENTERCONTROL:0.48379785609387455
C_DEVELOPPIECES:0.5343248164949181
C_MATERIAL:0.5277318717783106
