ELO:971
CE_PASSEDPAWNS:0.5119869253779457
CE_PAWNWEAKNESSES:0.5057492517812454
CE_PIECEACTIVITY:0.5068820882128174
CE_KINGPAWNSHIELD:0.555388474964665
CE_PIECECOORDINATION:0.5052107920351089
CE_MATERIAL:0.518608851525382
CE_KINGSAFETY:0.4927467030094087
C_PIECESQUARETABLES:0.4940742052396914
C_MOBILITY:0.46935415741388786
C_KINGSAFETY:0.5611490827066968
C_PAWNSTRUCTURE:0.4936649617800683
C_PIECECOORDINATION:0.5199439650654991
C_ROOKANDPAWNMOVEMENT:0.5199439650654991
C_CENTERCONTROL:0.46694812540948194
C_DEVELOPPIECES:0.5151414347769343
C_MATERIAL:0.5205600890769337
