ELO:936
CE_PASSEDPAWNS:0.4669394453947906
CE_PAWNWEAKNESSES:0.4748367279515886
CE_PIECEACTIVITY:0.4901313888986706
CE_KINGPAWNSHIELD:0.46505090536460547
CE_PIECECOORDINATION:0.506513488185223
CE_MATERIAL:0.48529319513687996
CE_KINGSAFETY:0.4945716249089863
C_PIECESQUARETABLES:0.5
C_MOBILITY:0.47043538649911953
C_KINGSAFETY:0.4705614662916571
C_PAWNSTRUCTURE:0.5002338706815941
C_PIECECOORDINATION:0.486668435291611
C_ROOKANDPAWNMOVEMENT:0.486668435291611
C_CENTERCONTROL:0.5433988065837398
C_DEVELOPPIECES:0.5065751293981642
C_MATERIAL:0.5057887357165944
C_MOVECOUNT:0.4885032535311135
