ELO:1000
CE_PASSEDPAWNS:0.49762095755973346
CE_PAWNWEAKNESSES:0.48764858053705756
CE_PIECEACTIVITY:0.47527176380942776
CE_KINGPAWNSHIELD:0.5072062336025462
CE_PIECECOORDINATION:0.5089660955220161
CE_MATERIAL:0.5039668725096498
CE_KINGSAFETY:0.5037479038936361
C_PIECESQUARETABLES:0.5
C_MOBILITY:0.49360566954148805
C_KINGSAFETY:0.4986612789894821
C_PAWNSTRUCTURE:0.47650392169100125
C_PIECECOORDINATION:0.5090708008726753
C_ROOKANDPAWNMOVEMENT:0.5090708008726753
C_CENTERCONTROL:0.5150957674489182
C_DEVELOPPIECES:0.5150704950083778
C_MATERIAL:0.47395819577567583
