ELO:999
CE_PASSEDPAWNS:0.5014687750789318
CE_PAWNWEAKNESSES:0.5079636591968402
CE_PIECEACTIVITY:0.48201901538554653
CE_KINGPAWNSHIELD:0.5
CE_PIECECOORDINATION:0.48149214682483055
CE_MATERIAL:0.5108264356674923
CE_KINGSAFETY:0.5
C_PIECESQUARETABLES:0.5
C_MOBILITY:0.4906887249016129
C_KINGSAFETY:0.504219929295452
C_PAWNSTRUCTURE:0.49615108806594793
C_PIECECOORDINATION:0.5106676117893341
C_ROOK:0.5301203565700704
CE_ROOK:0.5142229940207198
C_CENTERCONTROL:0.49527083140484657
C_DEVELOPPIECES:0.5
C_MATERIAL:0.5087044478105611
C_MOVECOUNT:0.4994448872032013
C_PAWNMOVEMENT:0.4883199682047134
