ELO:986
CE_PASSEDPAWNS:0.5117043751685084
CE_PAWNWEAKNESSES:0.5079636591968402
CE_PIECEACTIVITY:0.47359530974224584
CE_KINGPAWNSHIELD:0.5109387196952669
CE_PIECECOORDINATION:0.48149214682483055
CE_MATERIAL:0.5117500217152603
CE_KINGSAFETY:0.5
C_PIECESQUARETABLES:0.5
C_MOBILITY:0.4918415792967982
C_KINGSAFETY:0.504219929295452
C_PAWNSTRUCTURE:0.506319807849914
C_PIECECOORDINATION:0.505522858708778
C_ROOK:0.5301203565700704
CE_ROOK:0.5304255364795049
C_CENTERCONTROL:0.49527083140484657
C_DEVELOPPIECES:0.5014561409075744
C_MATERIAL:0.5087044478105611
C_MOVECOUNT:0.48877264050409375
C_PAWNMOVEMENT:0.4856332179378116
