ELO:911
CE_PASSEDPAWNS:0.5806513339021958
CE_PAWNWEAKNESSES:0.516256314683056
CE_PIECEACTIVITY:0.40247964048688345
CE_KINGPAWNSHIELD:0.5156511964390159
CE_PIECECOORDINATION:0.5217574716109485
CE_MATERIAL:0.47369815059447085
CE_KINGSAFETY:0.5
C_PIECESQUARETABLES:0.505220408882229
C_MOBILITY:0.40182081498885003
C_KINGSAFETY:0.44357847631674485
C_PAWNSTRUCTURE:0.45783928040447525
C_PIECECOORDINATION:0.5651864010228487
C_ROOKANDPAWNMOVEMENT:0.5651864010228487
C_CENTERCONTROL:0.5376017725583834
C_DEVELOPPIECES:0.48222881851497684
C_MATERIAL:0.5033862343550329
