ELO:1000
CE_PASSEDPAWNS:0.5239481263811016
CE_PAWNWEAKNESSES:0.4680305307782923
CE_PIECEACTIVITY:0.5135117726938724
CE_KINGPAWNSHIELD:0.5248532086034479
CE_PIECECOORDINATION:0.5410487378644885
CE_MATERIAL:0.477546393128472
CE_KINGSAFETY:0.5090732475060773
C_PIECESQUARETABLES:0.5060395324687043
C_MOBILITY:0.5285770663642085
C_KINGSAFETY:0.5368306194694156
C_PAWNSTRUCTURE:0.5195283593232431
C_PIECECOORDINATION:0.48559448778884784
C_ROOKANDPAWNMOVEMENT:0.48559448778884784
C_CENTERCONTROL:0.44370819574306825
C_DEVELOPPIECES:0.48442638421049455
C_MATERIAL:0.5082559576563755
