ELO:989
CE_PASSEDPAWNS:0.39792981371987557
CE_PAWNWEAKNESSES:0.4507589904064203
CE_PIECEACTIVITY:0.5008401750642594
CE_KINGPAWNSHIELD:0.5078963304504348
CE_PIECECOORDINATION:0.6166872403338485
CE_MATERIAL:0.40416425780718224
CE_KINGSAFETY:0.49590739686162666
C_PIECESQUARETABLES:0.496202796578023
C_MOBILITY:0.6094409060176654
C_KINGSAFETY:0.5574849741195667
C_PAWNSTRUCTURE:0.6372811393476904
C_PIECECOORDINATION:0.5372373108710783
C_ROOKANDPAWNMOVEMENT:0.5372373108710783
C_CENTERCONTROL:0.3791738811592719
C_DEVELOPPIECES:0.5514593072683028
C_MATERIAL:0.5803043984843883
