ELO:988
CE_PASSEDPAWNS:0.5119160982702654
CE_PAWNWEAKNESSES:0.4386213565734509
CE_PIECEACTIVITY:0.510663440047306
CE_KINGPAWNSHIELD:0.5062526573098571
CE_PIECECOORDINATION:0.6301683430631558
CE_MATERIAL:0.4240920156565914
CE_KINGSAFETY:0.4869362929509814
C_PIECESQUARETABLES:0.4888205560652739
C_MOBILITY:0.6193947590863695
C_KINGSAFETY:0.5812478512826557
C_PAWNSTRUCTURE:0.6161798845008765
C_PIECECOORDINATION:0.6162625792100966
C_ROOKANDPAWNMOVEMENT:0.6162625792100966
C_CENTERCONTROL:0.3665951999584158
C_DEVELOPPIECES:0.556257929598075
C_MATERIAL:0.5912923164868538
