ELO:991
CE_PASSEDPAWNS:0.5037349201395003
CE_PAWNWEAKNESSES:0.4913805214136568
CE_PIECEACTIVITY:0.5
CE_KINGPAWNSHIELD:0.5082100322043552
CE_PIECECOORDINATION:0.5112752511296479
CE_MATERIAL:0.49661233556650025
CE_KINGSAFETY:0.5103286661031439
C_PIECESQUARETABLES:0.5
C_MOBILITY:0.47942304518259676
C_KINGSAFETY:0.5
C_PAWNSTRUCTURE:0.4977463802373906
C_PIECECOORDINATION:0.47944445728304397
C_ROOKANDPAWNMOVEMENT:0.47944445728304397
C_CENTERCONTROL:0.5087251746074105
C_DEVELOPPIECES:0.4908144155354236
C_MATERIAL:0.5315520722041309
C_MOVECOUNT:0.47470301338473797
