ELO:950
CE_PASSEDPAWNS:0.5273344719123519
CE_PAWNWEAKNESSES:0.5128838914554141
CE_PIECEACTIVITY:0.49280814234867826
CE_KINGPAWNSHIELD:0.5188860624288638
CE_PIECECOORDINATION:0.44881696945375876
CE_MATERIAL:0.48639324427539105
CE_KINGSAFETY:0.49430163043457837
C_PIECESQUARETABLES:0.5
C_MOBILITY:0.49183722884069164
C_KINGSAFETY:0.46350516257570085
C_PAWNSTRUCTURE:0.5385210529288902
C_PIECECOORDINATION:0.5183923923265747
C_ROOK:0.49370613335430014
CE_ROOK:0.5238676167865266
C_CENTERCONTROL:0.531661033466033
C_DEVELOPPIECES:0.47274081140086577
C_MATERIAL:0.5100181951173124
C_MOVECOUNT:0.45980392947730425
C_PAWNMOVEMENT:0.4823015862874014
