ELO:972
CE_PASSEDPAWNS:0.5187674078714465
CE_PAWNWEAKNESSES:0.5018044911726643
CE_PIECEACTIVITY:0.5021621818371085
CE_KINGPAWNSHIELD:0.5
CE_PIECECOORDINATION:0.5105855209677029
CE_MATERIAL:0.49958498056512096
CE_KINGSAFETY:0.5
C_PIECESQUARETABLES:0.48510472676319905
C_MOBILITY:0.49103239770061297
C_KINGSAFETY:0.48525857143970935
C_PAWNSTRUCTURE:0.4994919731563632
C_PIECECOORDINATION:0.5
C_ROOKANDPAWNMOVEMENT:0.5
C_CENTERCONTROL:0.5
C_DEVELOPPIECES:0.49716633920043785
C_MATERIAL:0.49681779631472134
