ELO:923
CE_PASSEDPAWNS:0.5204754224571347
CE_PAWNWEAKNESSES:0.5278854183834609
CE_PIECEACTIVITY:0.45595678001848877
CE_KINGPAWNSHIELD:0.5305749418108006
CE_PIECECOORDINATION:0.46255310921914833
CE_MATERIAL:0.4852310543558308
CE_KINGSAFETY:0.4918156090582727
C_PIECESQUARETABLES:0.493948835885352
C_MOBILITY:0.4868723207189593
C_KINGSAFETY:0.5169802461065998
C_PAWNSTRUCTURE:0.5175453745256965
C_PIECECOORDINATION:0.4965143882444342
C_ROOK:0.5350194520734143
CE_ROOK:0.5311633757424796
C_CENTERCONTROL:0.5108838873578413
C_DEVELOPPIECES:0.4904476797741063
C_MATERIAL:0.5069980267874874
C_MOVECOUNT:0.4851102067652084
C_PAWNMOVEMENT:0.46628468976361936
