ELO:937
CE_PASSEDPAWNS:0.5204754224571347
CE_PAWNWEAKNESSES:0.5284980640741916
CE_PIECEACTIVITY:0.4637101782191846
CE_KINGPAWNSHIELD:0.527505695585225
CE_PIECECOORDINATION:0.45725725221481595
CE_MATERIAL:0.49367688904052864
CE_KINGSAFETY:0.4918156090582727
C_PIECESQUARETABLES:0.47451701460302576
C_MOBILITY:0.48612111966321575
C_KINGSAFETY:0.5187861803673601
C_PAWNSTRUCTURE:0.5114836869821107
C_PIECECOORDINATION:0.5016213557669331
C_ROOK:0.5350194520734143
CE_ROOK:0.5130105401811895
C_CENTERCONTROL:0.5147586136807663
C_DEVELOPPIECES:0.48965551852087486
C_MATERIAL:0.5113281580901287
C_MOVECOUNT:0.4870729267403205
C_PAWNMOVEMENT:0.44452133551525347
