ELO:773
CE_PASSEDPAWNS:0.517891340392042
CE_PAWNWEAKNESSES:0.4192144750791667
CE_PIECEACTIVITY:0.4658708669286849
CE_KINGPAWNSHIELD:0.4886609336121873
CE_PIECECOORDINATION:0.4874303724620821
CE_MATERIAL:0.5294596502852296
CE_KINGSAFETY:0.5049646094440321
C_PIECESQUARETABLES:0.4671384402292496
C_MOBILITY:0.4930739049848665
C_KINGSAFETY:0.54137501339038
C_PAWNSTRUCTURE:0.5070704732061696
C_PIECECOORDINATION:0.5749625725653491
C_ROOKANDPAWNMOVEMENT:0.5749625725653491
C_CENTERCONTROL:0.45474586442787607
C_DEVELOPPIECES:0.5463236151564924
C_MATERIAL:0.4928828596965159
C_MOVECOUNT:0.5
