ELO:868
CE_PASSEDPAWNS:0.5829264709806915
CE_PAWNWEAKNESSES:0.4969109520543606
CE_PIECEACTIVITY:0.4448902663273226
CE_KINGPAWNSHIELD:0.48364671571630674
CE_PIECECOORDINATION:0.4658229054379623
CE_MATERIAL:0.5107004082351874
CE_KINGSAFETY:0.4718337507607653
C_PIECESQUARETABLES:0.4986286946236837
C_MOBILITY:0.4935791927672308
C_KINGSAFETY:0.5015163631611997
C_PAWNSTRUCTURE:0.5308234750984347
C_PIECECOORDINATION:0.46539881494303503
C_ROOKANDPAWNMOVEMENT:0.46539881494303503
C_CENTERCONTROL:0.4799239140903338
C_DEVELOPPIECES:0.5494673049178017
C_MATERIAL:0.5683247902612649
C_MOVECOUNT:0.5
