ELO:999
CE_PASSEDPAWNS:0.5067355801061765
CE_PAWNWEAKNESSES:0.5133847509245377
CE_PIECEACTIVITY:0.41796603584023767
CE_KINGPAWNSHIELD:0.47481870872027165
CE_PIECECOORDINATION:0.5140741598525926
CE_MATERIAL:0.4888883687392366
CE_KINGSAFETY:0.48989355660073514
C_PIECESQUARETABLES:0.5170394842440348
C_MOBILITY:0.544450561616447
C_KINGSAFETY:0.5416231848717331
C_PAWNSTRUCTURE:0.49128580560179086
C_PIECECOORDINATION:0.541578882909057
C_ROOKANDPAWNMOVEMENT:0.541578882909057
C_CENTERCONTROL:0.4131948997108951
C_DEVELOPPIECES:0.4595467810386632
C_MATERIAL:0.44876299617664267
