ELO:952
CE_PASSEDPAWNS:0.4840602039341272
CE_PAWNWEAKNESSES:0.541870931677425
CE_PIECEACTIVITY:0.519261670672568
CE_KINGPAWNSHIELD:0.536416295311917
CE_PIECECOORDINATION:0.5403598231845033
CE_MATERIAL:0.45967076593849704
CE_KINGSAFETY:0.5064441574316658
C_PIECESQUARETABLES:0.4937319111938506
C_MOBILITY:0.5456316754437142
C_KINGSAFETY:0.4599584180873484
C_PAWNSTRUCTURE:0.4979070581423624
C_PIECECOORDINATION:0.4345056328500231
C_ROOKANDPAWNMOVEMENT:0.4345056328500231
C_CENTERCONTROL:0.47999302418237694
C_DEVELOPPIECES:0.5162477975190483
C_MATERIAL:0.5755327683536371
