ELO:1000
CE_PASSEDPAWNS:0.516328820057344
CE_PAWNWEAKNESSES:0.47920449751957733
CE_PIECEACTIVITY:0.4606353173115192
CE_KINGPAWNSHIELD:0.49824528690771536
CE_PIECECOORDINATION:0.512561361646662
CE_MATERIAL:0.5066595337345345
CE_KINGSAFETY:0.5
C_PIECESQUARETABLES:0.5082417685778005
C_MOBILITY:0.4721456186877834
C_KINGSAFETY:0.48525006947329646
C_PAWNSTRUCTURE:0.4574541253689969
C_PIECECOORDINATION:0.4812697064288843
C_ROOKANDPAWNMOVEMENT:0.4812697064288843
C_CENTERCONTROL:0.5491045946250254
C_DEVELOPPIECES:0.5136117130505846
C_MATERIAL:0.4786283539456053
