ELO:983
CE_PASSEDPAWNS:0.5906517113936894
CE_PAWNWEAKNESSES:0.42946597834159705
CE_PIECEACTIVITY:0.4599989723009007
CE_KINGPAWNSHIELD:0.49454103756780626
CE_PIECECOORDINATION:0.5187213352508888
CE_MATERIAL:0.4797923122337
CE_KINGSAFETY:0.5404680434654231
C_PIECESQUARETABLES:0.4563421935030375
C_MOBILITY:0.43580851397989645
C_KINGSAFETY:0.44408332950083135
C_PAWNSTRUCTURE:0.4932357037593058
C_PIECECOORDINATION:0.5830554309610694
C_ROOKANDPAWNMOVEMENT:0.5830554309610694
C_CENTERCONTROL:0.5605535251788267
C_DEVELOPPIECES:0.5205424821410067
C_MATERIAL:0.5055502840879196
