ELO:876
CE_PASSEDPAWNS:0.5993221760493336
CE_PAWNWEAKNESSES:0.5244007388072963
CE_PIECEACTIVITY:0.4119537937584022
CE_KINGPAWNSHIELD:0.5355357978027465
CE_PIECECOORDINATION:0.5214335095403979
CE_MATERIAL:0.4464427014153316
CE_KINGSAFETY:0.5387613572845684
C_PIECESQUARETABLES:0.4627663360884839
C_MOBILITY:0.379964041678329
C_KINGSAFETY:0.43852481697200413
C_PAWNSTRUCTURE:0.45646115933760667
C_PIECECOORDINATION:0.5886513546650156
C_ROOKANDPAWNMOVEMENT:0.5886513546650156
C_CENTERCONTROL:0.5104693100689779
C_DEVELOPPIECES:0.4678387852156391
C_MATERIAL:0.5039452312292212
