ELO:1000
CE_PASSEDPAWNS:0.5190612057136862
CE_PAWNWEAKNESSES:0.49113984998031746
CE_PIECEACTIVITY:0.4577541570507623
CE_KINGPAWNSHIELD:0.5023508557402827
CE_PIECECOORDINATION:0.5183506597560027
CE_MATERIAL:0.5134157534580586
CE_KINGSAFETY:0.5162841767192609
C_PIECESQUARETABLES:0.5167962726256597
C_MOBILITY:0.4596545564762221
C_KINGSAFETY:0.482973384070123
C_PAWNSTRUCTURE:0.4733521604794224
C_PIECECOORDINATION:0.5038081268115984
C_ROOKANDPAWNMOVEMENT:0.5038081268115984
C_CENTERCONTROL:0.538257822251704
C_DEVELOPPIECES:0.5186153890299925
C_MATERIAL:0.4786283539456053
