ELO:1087
CE_PASSEDPAWNS:0.4533654529957938
CE_PAWNWEAKNESSES:0.45545733477739936
CE_PIECEACTIVITY:0.485007936539962
CE_KINGPAWNSHIELD:0.41353042408694746
CE_PIECECOORDINATION:0.483377098463067
CE_MATERIAL:0.4382545385948992
CE_KINGSAFETY:0.48377234881234465
C_PIECESQUARETABLES:0.47616703480555506
C_MOBILITY:0.41649126346607235
C_KINGSAFETY:0.6350494350135891
C_PAWNSTRUCTURE:0.4522591631503463
C_PIECECOORDINATION:0.4862006677088946
C_ROOKANDPAWNMOVEMENT:0.4862006677088946
C_CENTERCONTROL:0.4869826392907961
C_DEVELOPPIECES:0.5688199426506902
C_MATERIAL:0.3689585801984144
