ELO:944
CE_PASSEDPAWNS:0.4893005904744279
CE_PAWNWEAKNESSES:0.4383353280581623
CE_PIECEACTIVITY:0.502212395256435
CE_KINGPAWNSHIELD:0.49099620540816447
CE_PIECECOORDINATION:0.4709103348243064
CE_MATERIAL:0.47662937285937657
CE_KINGSAFETY:0.48278665183711816
C_PIECESQUARETABLES:0.4837181763717248
C_MOBILITY:0.5043948796845295
C_KINGSAFETY:0.5024720940478324
C_PAWNSTRUCTURE:0.48549998959016577
C_PIECECOORDINATION:0.5216335921984377
C_ROOKANDPAWNMOVEMENT:0.5216335921984377
C_CENTERCONTROL:0.5078934866746575
C_DEVELOPPIECES:0.5205982049567343
C_MATERIAL:0.5023370569471335
C_MOVECOUNT:0.517534250896092
