ELO:946
CE_PASSEDPAWNS:0.4761100313473961
CE_PAWNWEAKNESSES:0.5343821338321205
CE_PIECEACTIVITY:0.5452054035675025
CE_KINGPAWNSHIELD:0.5384277751498057
CE_PIECECOORDINATION:0.5399316817353039
CE_MATERIAL:0.4575196585436887
CE_KINGSAFETY:0.5114196605678897
C_PIECESQUARETABLES:0.5242091868272502
C_MOBILITY:0.5471075728197389
C_KINGSAFETY:0.45101530854066274
C_PAWNSTRUCTURE:0.47389022531163366
C_PIECECOORDINATION:0.406515575463393
C_ROOKANDPAWNMOVEMENT:0.406515575463393
C_CENTERCONTROL:0.48463269044182006
C_DEVELOPPIECES:0.48516245077663755
C_MATERIAL:0.5612420022431474
