ELO:820
CE_PASSEDPAWNS:0.4944782955484404
CE_PAWNWEAKNESSES:0.512085885397899
CE_PIECEACTIVITY:0.51275084253753
CE_KINGPAWNSHIELD:0.5628096483420836
CE_PIECECOORDINATION:0.5909262901923316
CE_MATERIAL:0.5302850094264273
CE_KINGSAFETY:0.4766455646880884
C_PIECESQUARETABLES:0.5
C_MOBILITY:0.4936268208395549
C_KINGSAFETY:0.5515368395602082
C_PAWNSTRUCTURE:0.4719556232251237
C_PIECECOORDINATION:0.4928675150736712
C_ROOKANDPAWNMOVEMENT:0.4928675150736712
C_CENTERCONTROL:0.5386715652944072
C_DEVELOPPIECES:0.4000830918906373
C_MATERIAL:0.4647995322735678
C_MOVECOUNT:0.5
