ELO:1000
CE_PASSEDPAWNS:0.5592116835441838
CE_PAWNWEAKNESSES:0.4344012231732945
CE_PIECEACTIVITY:0.48011751663723407
CE_KINGPAWNSHIELD:0.5149957358053356
CE_PIECECOORDINATION:0.5234160030933714
CE_MATERIAL:0.49736750130742047
CE_KINGSAFETY:0.5155419399576817
C_PIECESQUARETABLES:0.4867349607694487
C_MOBILITY:0.4379355452865232
C_KINGSAFETY:0.45959388169575427
C_PAWNSTRUCTURE:0.46923957894663076
C_PIECECOORDINATION:0.5686012782985046
C_ROOKANDPAWNMOVEMENT:0.5686012782985046
C_CENTERCONTROL:0.5293195715787309
C_DEVELOPPIECES:0.525690292328597
C_MATERIAL:0.4767176313347536
