ELO:900
CE_PASSEDPAWNS:0.51832184018952
CE_PAWNWEAKNESSES:0.4664986025484173
CE_PIECEACTIVITY:0.5199418756120043
CE_KINGPAWNSHIELD:0.5207741224387169
CE_PIECECOORDINATION:0.4816635401026563
CE_MATERIAL:0.45887630547313535
CE_KINGSAFETY:0.501758711773583
C_PIECESQUARETABLES:0.5208259033725414
C_MOBILITY:0.488112531312434
C_KINGSAFETY:0.5271562246549634
C_PAWNSTRUCTURE:0.478917703556122
C_PIECECOORDINATION:0.5136045727297015
C_ROOKANDPAWNMOVEMENT:0.5136045727297015
C_CENTERCONTROL:0.49263576916397783
C_DEVELOPPIECES:0.498679084815055
C_MATERIAL:0.5297110557577797
C_MOVECOUNT:0.48494186333331946
