ELO:819
CE_PASSEDPAWNS:0.520730644098651
CE_PAWNWEAKNESSES:0.428229643738862
CE_PIECEACTIVITY:0.44275871519926396
CE_KINGPAWNSHIELD:0.5063394010772811
CE_PIECECOORDINATION:0.5394966538785448
CE_MATERIAL:0.5586063705670558
CE_KINGSAFETY:0.5043773908343743
C_PIECESQUARETABLES:0.46724779409511913
C_MOBILITY:0.49579825098450836
C_KINGSAFETY:0.5462403922411586
C_PAWNSTRUCTURE:0.5165056844547831
C_PIECECOORDINATION:0.5494995912965305
C_ROOKANDPAWNMOVEMENT:0.5494995912965305
C_CENTERCONTROL:0.48213283050846323
C_DEVELOPPIECES:0.551704328274489
C_MATERIAL:0.47373894151955376
C_MOVECOUNT:0.5
