ELO:923
CE_PASSEDPAWNS:0.5811033145459207
CE_PAWNWEAKNESSES:0.5236110932411389
CE_PIECEACTIVITY:0.403495937721411
CE_KINGPAWNSHIELD:0.5344697754148001
CE_PIECECOORDINATION:0.5392288309284254
CE_MATERIAL:0.45856393547637986
CE_KINGSAFETY:0.4969588109013104
C_PIECESQUARETABLES:0.5116561103983958
C_MOBILITY:0.38056532309976304
C_KINGSAFETY:0.43933804917553765
C_PAWNSTRUCTURE:0.4670400042928868
C_PIECECOORDINATION:0.5746421704718465
C_ROOKANDPAWNMOVEMENT:0.5746421704718465
C_CENTERCONTROL:0.528869818439097
C_DEVELOPPIECES:0.4667059107863557
C_MATERIAL:0.5141741308887725
