ELO:883
CE_PASSEDPAWNS:0.5809929570694051
CE_PAWNWEAKNESSES:0.400325871814484
CE_PIECEACTIVITY:0.49019335739930087
CE_KINGPAWNSHIELD:0.53549770363234
CE_PIECECOORDINATION:0.4958444184881923
CE_MATERIAL:0.5046178611634631
CE_KINGSAFETY:0.5016203377276733
C_PIECESQUARETABLES:0.5136547988610871
C_MOBILITY:0.527807424418347
C_KINGSAFETY:0.5580527217410085
C_PAWNSTRUCTURE:0.5015271441831053
C_PIECECOORDINATION:0.5478164681015515
C_ROOKANDPAWNMOVEMENT:0.5478164681015515
C_CENTERCONTROL:0.3806505294706535
C_DEVELOPPIECES:0.5248079687823792
C_MATERIAL:0.5029813427181311
C_MOVECOUNT:0.5
