ELO:1061
CE_PASSEDPAWNS:0.6002629146481441
CE_PAWNWEAKNESSES:0.46629173367742105
CE_PIECEACTIVITY:0.4873581968175456
CE_KINGPAWNSHIELD:0.40239623549396825
CE_PIECECOORDINATION:0.5086319349614128
CE_MATERIAL:0.4599974349946862
CE_KINGSAFETY:0.5134794303727904
C_PIECESQUARETABLES:0.4965973613874944
C_MOBILITY:0.4371699998542061
C_KINGSAFETY:0.6226233435898791
C_PAWNSTRUCTURE:0.4353875624330331
C_PIECECOORDINATION:0.4585386354804068
C_ROOKANDPAWNMOVEMENT:0.4585386354804068
C_CENTERCONTROL:0.5110988749142834
C_DEVELOPPIECES:0.5099768954209937
C_MATERIAL:0.39832822759271463
