ELO:951
CE_PASSEDPAWNS:0.4532669382545294
CE_PAWNWEAKNESSES:0.4482732517563525
CE_PIECEACTIVITY:0.4643282279759139
CE_KINGPAWNSHIELD:0.44598260058716505
CE_PIECECOORDINATION:0.49387724075346334
CE_MATERIAL:0.4623519028633117
CE_KINGSAFETY:0.5
C_PIECESQUARETABLES:0.527565206004636
C_MOBILITY:0.5187462133536956
C_KINGSAFETY:0.5108846792802906
C_PAWNSTRUCTURE:0.47660344401262705
C_PIECECOORDINATION:0.48883335759595015
C_ROOKANDPAWNMOVEMENT:0.48883335759595015
C_CENTERCONTROL:0.48799197164786523
C_DEVELOPPIECES:0.4931218282176906
C_MATERIAL:0.5467121716624999
C_MOVECOUNT:0.49533923412687525
