ELO:999
CE_PASSEDPAWNS:0.5067355801061765
CE_PAWNWEAKNESSES:0.5253282409766854
CE_PIECEACTIVITY:0.41796603584023767
CE_KINGPAWNSHIELD:0.48471113472024113
CE_PIECECOORDINATION:0.5107243839135778
CE_MATERIAL:0.4950141539162558
CE_KINGSAFETY:0.48989355660073514
C_PIECESQUARETABLES:0.5088018523524592
C_MOBILITY:0.5410567164064043
C_KINGSAFETY:0.5416231848717331
C_PAWNSTRUCTURE:0.48080678345215266
C_PIECECOORDINATION:0.541578882909057
C_ROOKANDPAWNMOVEMENT:0.541578882909057
C_CENTERCONTROL:0.4131948997108951
C_DEVELOPPIECES:0.4595467810386632
C_MATERIAL:0.44876299617664267
