ELO:990
CE_PASSEDPAWNS:0.3977623217359372
CE_PAWNWEAKNESSES:0.4449176979510626
CE_PIECEACTIVITY:0.5129166716206084
CE_KINGPAWNSHIELD:0.4969112771905379
CE_PIECECOORDINATION:0.593159954041031
CE_MATERIAL:0.40791340867070314
CE_KINGSAFETY:0.4962163086049922
C_PIECESQUARETABLES:0.4983620810447875
C_MOBILITY:0.6022888935355498
C_KINGSAFETY:0.5752206873421944
C_PAWNSTRUCTURE:0.62436365227218
C_PIECECOORDINATION:0.6199154149970815
C_ROOKANDPAWNMOVEMENT:0.6199154149970815
C_CENTERCONTROL:0.3757916690287452
C_DEVELOPPIECES:0.5603714487077367
C_MATERIAL:0.5866536899795093
