ELO:1070
CE_PASSEDPAWNS:0.46237732925490793
CE_PAWNWEAKNESSES:0.4657385485225888
CE_PIECEACTIVITY:0.4687192476038112
CE_KINGPAWNSHIELD:0.42612985280394666
CE_PIECECOORDINATION:0.4669478881329661
CE_MATERIAL:0.4209513345406145
CE_KINGSAFETY:0.5007832427849581
C_PIECESQUARETABLES:0.49331348353330545
C_MOBILITY:0.40028753213971596
C_KINGSAFETY:0.6318753340062762
C_PAWNSTRUCTURE:0.4768816069001894
C_PIECECOORDINATION:0.4825995873960802
C_ROOKANDPAWNMOVEMENT:0.4825995873960802
C_CENTERCONTROL:0.4938158027385192
C_DEVELOPPIECES:0.5531036135997663
C_MATERIAL:0.3783240577870632
