ELO:834
CE_PASSEDPAWNS:0.5160440201749028
CE_PAWNWEAKNESSES:0.42562813045886927
CE_PIECEACTIVITY:0.45605843581259087
CE_KINGPAWNSHIELD:0.503317240240375
CE_PIECECOORDINATION:0.5187168493568823
CE_MATERIAL:0.581504152111496
CE_KINGSAFETY:0.47486614807870875
C_PIECESQUARETABLES:0.4643562482888162
C_MOBILITY:0.5173520640065755
C_KINGSAFETY:0.49826266515454365
C_PAWNSTRUCTURE:0.5351415281058687
C_PIECECOORDINATION:0.5403490745669366
C_ROOKANDPAWNMOVEMENT:0.5403490745669366
C_CENTERCONTROL:0.458924549376644
C_DEVELOPPIECES:0.5583731159921952
C_MATERIAL:0.46438635633647063
C_MOVECOUNT:0.5
