ELO:860
CE_PASSEDPAWNS:0.6054497043145999
CE_PAWNWEAKNESSES:0.4543011084252941
CE_PIECEACTIVITY:0.36171644309357426
CE_KINGPAWNSHIELD:0.5428438140240767
CE_PIECECOORDINATION:0.49023886183547005
CE_MATERIAL:0.4172080157899497
CE_KINGSAFETY:0.5679198575529674
C_PIECESQUARETABLES:0.4810359364495014
C_MOBILITY:0.3760306889012331
C_KINGSAFETY:0.4073192214699045
C_PAWNSTRUCTURE:0.4186069524757542
C_PIECECOORDINATION:0.6171070888221747
C_ROOKANDPAWNMOVEMENT:0.6171070888221747
C_CENTERCONTROL:0.5114020719341984
C_DEVELOPPIECES:0.5305033934895408
C_MATERIAL:0.46677146826507776
