ELO:1000
CE_PASSEDPAWNS:0.5190612057136862
CE_PAWNWEAKNESSES:0.4878258971410044
CE_PIECEACTIVITY:0.4577541570507623
CE_KINGPAWNSHIELD:0.5023508557402827
CE_PIECECOORDINATION:0.5183506597560027
CE_MATERIAL:0.5168369938600954
CE_KINGSAFETY:0.5162841767192609
C_PIECESQUARETABLES:0.5167962726256597
C_MOBILITY:0.47400356378302916
C_KINGSAFETY:0.482973384070123
C_PAWNSTRUCTURE:0.46791939543096156
C_PIECECOORDINATION:0.5038081268115984
C_ROOKANDPAWNMOVEMENT:0.5038081268115984
C_CENTERCONTROL:0.538257822251704
C_DEVELOPPIECES:0.5124868063808915
C_MATERIAL:0.4786283539456053
