ELO:957
CE_PASSEDPAWNS:0.5320079104629116
CE_PAWNWEAKNESSES:0.5239541617954435
CE_PIECEACTIVITY:0.5054473166964387
CE_KINGPAWNSHIELD:0.5359481573669864
CE_PIECECOORDINATION:0.42657080900382977
CE_MATERIAL:0.4746202404835266
CE_KINGSAFETY:0.5015271245782517
C_PIECESQUARETABLES:0.4897602273128732
C_MOBILITY:0.47978931378180617
C_KINGSAFETY:0.46350516257570085
C_PAWNSTRUCTURE:0.5470397740312444
C_PIECECOORDINATION:0.5183923923265747
C_ROOK:0.49370613335430014
CE_ROOK:0.5238676167865266
C_CENTERCONTROL:0.5432819775160532
C_DEVELOPPIECES:0.46597943852058704
C_MATERIAL:0.5045548390395097
C_MOVECOUNT:0.4665965761250106
C_PAWNMOVEMENT:0.4839139431146243
