ELO:984
CE_PASSEDPAWNS:0.5068068197526094
CE_PAWNWEAKNESSES:0.5039748235536933
CE_PIECEACTIVITY:0.5021621818371085
CE_KINGPAWNSHIELD:0.5
CE_PIECECOORDINATION:0.5120691055937655
CE_MATERIAL:0.5068628798834582
CE_KINGSAFETY:0.5090665025512452
C_PIECESQUARETABLES:0.4745974390136618
C_MOBILITY:0.5057892930904532
C_KINGSAFETY:0.47434798027597747
C_PAWNSTRUCTURE:0.507814747426255
C_PIECECOORDINATION:0.4999472137011265
C_ROOKANDPAWNMOVEMENT:0.4999472137011265
C_CENTERCONTROL:0.49384609841611354
C_DEVELOPPIECES:0.5084380077768722
C_MATERIAL:0.5059000300965621
