ELO:1000
CE_PASSEDPAWNS:0.5134450853538971
CE_PAWNWEAKNESSES:0.47747464684920843
CE_PIECEACTIVITY:0.5084387900263068
CE_KINGPAWNSHIELD:0.49755517447755815
CE_PIECECOORDINATION:0.5515776312862398
CE_MATERIAL:0.4602415067202899
CE_KINGSAFETY:0.5132849186690976
C_PIECESQUARETABLES:0.5
C_MOBILITY:0.5264705870113072
C_KINGSAFETY:0.5324114413086343
C_PAWNSTRUCTURE:0.516839452056767
C_PIECECOORDINATION:0.4957894753816122
C_ROOKANDPAWNMOVEMENT:0.4957894753816122
C_CENTERCONTROL:0.4186904200303529
C_DEVELOPPIECES:0.4501640031732338
C_MATERIAL:0.4882045869821356
