ELO:961
CE_PASSEDPAWNS:0.44287007594458866
CE_PAWNWEAKNESSES:0.49750787534132884
CE_PIECEACTIVITY:0.5112370526021887
CE_KINGPAWNSHIELD:0.5226607858397536
CE_PIECECOORDINATION:0.46784055087171905
CE_MATERIAL:0.48521879234544857
CE_KINGSAFETY:0.5212515073250029
C_PIECESQUARETABLES:0.519879389462486
C_MOBILITY:0.4990410218449354
C_KINGSAFETY:0.4775266786735344
C_PAWNSTRUCTURE:0.4661584856382914
C_PIECECOORDINATION:0.4829630047111338
C_ROOKANDPAWNMOVEMENT:0.4829630047111338
C_CENTERCONTROL:0.5088630281549609
C_DEVELOPPIECES:0.5119253460789891
C_MATERIAL:0.4992268423358297
