ELO:887
CE_PASSEDPAWNS:0.6149446339996028
CE_PAWNWEAKNESSES:0.45682223706297825
CE_PIECEACTIVITY:0.362938622775282
CE_KINGPAWNSHIELD:0.5366519834307982
CE_PIECECOORDINATION:0.5130203574479609
CE_MATERIAL:0.42172233644413826
CE_KINGSAFETY:0.5549313367774426
C_PIECESQUARETABLES:0.4437720292524228
C_MOBILITY:0.362154019407814
C_KINGSAFETY:0.418190073816146
C_PAWNSTRUCTURE:0.4069640055513302
C_PIECECOORDINATION:0.6062588220796012
C_ROOKANDPAWNMOVEMENT:0.6062588220796012
C_CENTERCONTROL:0.5087372439308807
C_DEVELOPPIECES:0.46271336864924917
C_MATERIAL:0.4696437088494874
