ELO:830
CE_PASSEDPAWNS:0.5151725371393563
CE_PAWNWEAKNESSES:0.42823257087424144
CE_PIECEACTIVITY:0.4574235436638721
CE_KINGPAWNSHIELD:0.4896782820863564
CE_PIECECOORDINATION:0.5080405408168194
CE_MATERIAL:0.5352227109212637
CE_KINGSAFETY:0.517319011663526
C_PIECESQUARETABLES:0.4581197878002208
C_MOBILITY:0.4930739049848665
C_KINGSAFETY:0.5349491006956056
C_PAWNSTRUCTURE:0.5067807405196681
C_PIECECOORDINATION:0.5728673186851065
C_ROOKANDPAWNMOVEMENT:0.5728673186851065
C_CENTERCONTROL:0.4745470949917294
C_DEVELOPPIECES:0.5487750619586843
C_MATERIAL:0.4687144646182143
C_MOVECOUNT:0.5
