ELO:958
CE_PASSEDPAWNS:0.5758536978899548
CE_PAWNWEAKNESSES:0.4873692501511266
CE_PIECEACTIVITY:0.4061335383620709
CE_KINGPAWNSHIELD:0.48849685180991437
CE_PIECECOORDINATION:0.5099407467720707
CE_MATERIAL:0.49394026042513245
CE_KINGSAFETY:0.5
C_PIECESQUARETABLES:0.5056654921508613
C_MOBILITY:0.44565598655096483
C_KINGSAFETY:0.43540217686182064
C_PAWNSTRUCTURE:0.4664228337860548
C_PIECECOORDINATION:0.5932118473859779
C_ROOKANDPAWNMOVEMENT:0.5932118473859779
C_CENTERCONTROL:0.5821364571520905
C_DEVELOPPIECES:0.5019162349253716
C_MATERIAL:0.5011892131049651
