ELO:849
CE_PASSEDPAWNS:0.5038742423355783
CE_PAWNWEAKNESSES:0.5088679391452045
CE_PIECEACTIVITY:0.5046486146469076
CE_KINGPAWNSHIELD:0.5008881597602796
CE_PIECECOORDINATION:0.47111040447807523
CE_MATERIAL:0.49587061344128436
CE_KINGSAFETY:0.42453801469864744
C_PIECESQUARETABLES:0.5275814170442054
C_MOBILITY:0.5151165991516992
C_KINGSAFETY:0.4869667090832347
C_PAWNSTRUCTURE:0.5429149247939882
C_PIECECOORDINATION:0.5462969672088015
C_ROOKANDPAWNMOVEMENT:0.5462969672088015
C_CENTERCONTROL:0.5044113552518034
C_DEVELOPPIECES:0.49064085154224585
C_MATERIAL:0.48505186028494635
C_MOVECOUNT:0.4667590947727567
