ELO:976
CE_PASSEDPAWNS:0.5570183731080347
CE_PAWNWEAKNESSES:0.3625417198146895
CE_PIECEACTIVITY:0.4645040127077724
CE_KINGPAWNSHIELD:0.555259098717454
CE_PIECECOORDINATION:0.5094822262344411
CE_MATERIAL:0.49874901335122496
CE_KINGSAFETY:0.5
C_PIECESQUARETABLES:0.5
C_MOBILITY:0.40613123142479535
C_KINGSAFETY:0.3887830953872723
C_PAWNSTRUCTURE:0.6141365889097428
C_PIECECOORDINATION:0.6327927698314592
C_ROOKANDPAWNMOVEMENT:0.6327927698314592
C_CENTERCONTROL:0.5484048726493636
C_DEVELOPPIECES:0.45588024667206817
C_MATERIAL:0.6109595182192638
