ELO:980
CE_PASSEDPAWNS:0.44757833656561463
CE_PAWNWEAKNESSES:0.590261458922248
CE_PIECEACTIVITY:0.5055534717583172
CE_KINGPAWNSHIELD:0.508768944104311
CE_PIECECOORDINATION:0.5762654579371934
CE_MATERIAL:0.4958925190220421
CE_KINGSAFETY:0.5
C_PIECESQUARETABLES:0.5
C_MOBILITY:0.5734065367475667
C_KINGSAFETY:0.5586736499195684
C_PAWNSTRUCTURE:0.5917108227469081
C_PIECECOORDINATION:0.42516632582971015
C_ROOKANDPAWNMOVEMENT:0.42516632582971015
C_CENTERCONTROL:0.4319751600244121
C_DEVELOPPIECES:0.5139402770123939
C_MATERIAL:0.5708745540525298
