ELO:893
CE_PASSEDPAWNS:0.5068075430042692
CE_PAWNWEAKNESSES:0.5118791389706986
CE_PIECEACTIVITY:0.5259313325619461
CE_KINGPAWNSHIELD:0.48006019095009667
CE_PIECECOORDINATION:0.48833624862701436
CE_MATERIAL:0.5202954899746608
CE_KINGSAFETY:0.5142433744453314
C_PIECESQUARETABLES:0.5276489576435197
C_MOBILITY:0.4718181868612353
C_KINGSAFETY:0.4982635713426412
C_PAWNSTRUCTURE:0.526936956648672
C_PIECECOORDINATION:0.5508205030266183
C_ROOKANDPAWNMOVEMENT:0.5508205030266183
C_CENTERCONTROL:0.535312540716425
C_DEVELOPPIECES:0.49312002939932387
C_MATERIAL:0.4496411451898402
C_MOVECOUNT:0.4558777730863779
