ELO:863
CE_PASSEDPAWNS:0.5135070520647195
CE_PAWNWEAKNESSES:0.5083949393172718
CE_PIECEACTIVITY:0.5184467562594944
CE_KINGPAWNSHIELD:0.49297110784207904
CE_PIECECOORDINATION:0.44745435073398754
CE_MATERIAL:0.5129466298019341
CE_KINGSAFETY:0.4487930712416138
C_PIECESQUARETABLES:0.5384588670522962
C_MOBILITY:0.5102806752734685
C_KINGSAFETY:0.49694812286739
C_PAWNSTRUCTURE:0.539744683041907
C_PIECECOORDINATION:0.5339781727715707
C_ROOKANDPAWNMOVEMENT:0.5339781727715707
C_CENTERCONTROL:0.5078097266802655
C_DEVELOPPIECES:0.47918650243620553
C_MATERIAL:0.47784477833511846
C_MOVECOUNT:0.455793231063081
