ELO:1006
CE_PASSEDPAWNS:0.4918668874380703
CE_PAWNWEAKNESSES:0.4982166698159907
CE_PIECEACTIVITY:0.5055530111649618
CE_KINGPAWNSHIELD:0.502943684582588
CE_PIECECOORDINATION:0.49932614317069407
CE_MATERIAL:0.5039547376052514
CE_KINGSAFETY:0.5053521318469253
C_PIECESQUARETABLES:0.5
C_MOBILITY:0.49159820028255186
C_KINGSAFETY:0.5040366962509881
C_PAWNSTRUCTURE:0.5
C_PIECECOORDINATION:0.5102876255497688
C_ROOKANDPAWNMOVEMENT:0.5102876255497688
C_CENTERCONTROL:0.5
C_DEVELOPPIECES:0.5071960381310545
C_MATERIAL:0.5
C_MOVECOUNT:0.5
