ELO:1000
CE_PASSEDPAWNS:0.4803795808651397
CE_PAWNWEAKNESSES:0.5028063083731916
CE_PIECEACTIVITY:0.48779042794899236
CE_KINGPAWNSHIELD:0.49926125669542226
CE_PIECECOORDINATION:0.5087961564564994
CE_MATERIAL:0.5056017381634164
CE_KINGSAFETY:0.48194874566224083
C_PIECESQUARETABLES:0.48478575953536185
C_MOBILITY:0.49545577267236474
C_KINGSAFETY:0.5058716264293613
C_PAWNSTRUCTURE:0.48988478646659894
C_PIECECOORDINATION:0.47809951393552136
C_ROOKANDPAWNMOVEMENT:0.47809951393552136
C_CENTERCONTROL:0.48968826675478744
C_DEVELOPPIECES:0.5036805871707687
C_MATERIAL:0.5168379412649355
