ELO:1016
CE_PASSEDPAWNS:0.4960307035248752
CE_PAWNWEAKNESSES:0.5012489375932517
CE_PIECEACTIVITY:0.5
CE_KINGPAWNSHIELD:0.4523522721163376
CE_PIECECOORDINATION:0.5
CE_MATERIAL:0.5
CE_KINGSAFETY:0.5
C_PIECESQUARETABLES:0.5
C_MOBILITY:0.5
C_KINGSAFETY:0.49204437305443544
C_PAWNSTRUCTURE:0.5
C_PIECECOORDINATION:0.519578859176761
C_ROOKANDPAWNMOVEMENT:0.519578859176761
C_CENTERCONTROL:0.4917349776998697
C_DEVELOPPIECES:0.5128347304088375
C_MATERIAL:0.4692835814675614
C_MOVECOUNT:0.5
