ELO:989
CE_PASSEDPAWNS:0.4922757721907091
CE_PAWNWEAKNESSES:0.4691679185327002
CE_PIECEACTIVITY:0.5154186617527424
CE_KINGPAWNSHIELD:0.4855281797100872
CE_PIECECOORDINATION:0.5295660416805771
CE_MATERIAL:0.46133629452414576
CE_KINGSAFETY:0.5040604875203563
C_PIECESQUARETABLES:0.557259206958639
C_MOBILITY:0.45203363808863833
C_KINGSAFETY:0.4685852144415154
C_PAWNSTRUCTURE:0.45710824625712787
C_PIECECOORDINATION:0.43750746317768846
C_ROOKANDPAWNMOVEMENT:0.43750746317768846
C_CENTERCONTROL:0.45550520243337017
C_DEVELOPPIECES:0.5253880005869901
C_MATERIAL:0.45365952168167356
