ELO:983
CE_PASSEDPAWNS:0.48375032549454716
CE_PAWNWEAKNESSES:0.5314262678886349
CE_PIECEACTIVITY:0.522472322551813
CE_KINGPAWNSHIELD:0.467426493073442
CE_PIECECOORDINATION:0.4908512786524617
CE_MATERIAL:0.4863024977962722
CE_KINGSAFETY:0.5
C_PIECESQUARETABLES:0.501152189472207
C_MOBILITY:0.4716019818996213
C_KINGSAFETY:0.49418259875948184
C_PAWNSTRUCTURE:0.45117655436671833
C_PIECECOORDINATION:0.5013312942301533
C_ROOK:0.4687912571360782
CE_ROOK:0.5260501608834532
C_CENTERCONTROL:0.5027840213474806
C_DEVELOPPIECES:0.5028654569697131
C_MATERIAL:0.5153037507723806
C_MOVECOUNT:0.5004312606227973
C_PAWNMOVEMENT:0.5175625270914461
