ELO:969
CE_PASSEDPAWNS:0.5079558933332697
CE_PAWNWEAKNESSES:0.4989115967382583
CE_PIECEACTIVITY:0.5230885508614536
CE_KINGPAWNSHIELD:0.5373860953136036
CE_PIECECOORDINATION:0.4885721529078234
CE_MATERIAL:0.49516261116079224
CE_KINGSAFETY:0.49226513616616885
C_PIECESQUARETABLES:0.4943321796403629
C_MOBILITY:0.4867048918812912
C_KINGSAFETY:0.5247422096416392
C_PAWNSTRUCTURE:0.5018242775564721
C_PIECECOORDINATION:0.4838934162582835
C_ROOKANDPAWNMOVEMENT:0.4838934162582835
C_CENTERCONTROL:0.5046778377260577
C_DEVELOPPIECES:0.49188238997352196
C_MATERIAL:0.5176919664167925
C_MOVECOUNT:0.5
