ELO:1000
CE_PASSEDPAWNS:0.5451428867002853
CE_PAWNWEAKNESSES:0.5069740677576392
CE_PIECEACTIVITY:0.41777757260676657
CE_KINGPAWNSHIELD:0.5474839985718035
CE_PIECECOORDINATION:0.5089302000941366
CE_MATERIAL:0.4814340581520094
CE_KINGSAFETY:0.4975784050376479
C_PIECESQUARETABLES:0.5001706966237204
C_MOBILITY:0.4935644301721074
C_KINGSAFETY:0.5043939926491651
C_PAWNSTRUCTURE:0.5092459899278448
C_PIECECOORDINATION:0.5921081239428208
C_ROOKANDPAWNMOVEMENT:0.5921081239428208
C_CENTERCONTROL:0.4966086669589506
C_DEVELOPPIECES:0.5547424707114621
C_MATERIAL:0.4427852944199797
