ELO:1087
CE_PASSEDPAWNS:0.5021614383286719
CE_PAWNWEAKNESSES:0.436106372196819
CE_PIECEACTIVITY:0.49799470088882486
CE_KINGPAWNSHIELD:0.5
CE_PIECECOORDINATION:0.49681725462868376
CE_MATERIAL:0.487004559189212
CE_KINGSAFETY:0.5
C_PIECESQUARETABLES:0.5
C_MOBILITY:0.5
C_KINGSAFETY:0.5244783218694085
C_PAWNSTRUCTURE:0.5
C_PIECECOORDINATION:0.5072402670932599
C_ROOKANDPAWNMOVEMENT:0.5072402670932599
C_CENTERCONTROL:0.5
C_DEVELOPPIECES:0.5
C_MATERIAL:0.49661817650321544
C_MOVECOUNT:0.5
