ELO:982
CE_PASSEDPAWNS:0.515997605141788
CE_PAWNWEAKNESSES:0.5121372526408933
CE_PIECEACTIVITY:0.457725776565866
CE_KINGPAWNSHIELD:0.4959310865024544
CE_PIECECOORDINATION:0.49938577099670184
CE_MATERIAL:0.48573363536422637
CE_KINGSAFETY:0.5187136323852852
C_PIECESQUARETABLES:0.4990157607497876
C_MOBILITY:0.5166567264347124
C_KINGSAFETY:0.48194004865908446
C_PAWNSTRUCTURE:0.4848742067206832
C_PIECECOORDINATION:0.5071178695625126
C_ROOK:0.4828615903672591
CE_ROOK:0.47678926654717857
C_CENTERCONTROL:0.5005194542805024
C_DEVELOPPIECES:0.47671139680495705
C_MATERIAL:0.4810519527167223
C_MOVECOUNT:0.5225301959225312
C_PAWNMOVEMENT:0.5187512242360377
