ELO:947
CE_PASSEDPAWNS:0.4858364726867123
CE_PAWNWEAKNESSES:0.510796923778665
CE_PIECEACTIVITY:0.4697871451089061
CE_KINGPAWNSHIELD:0.5016475261448259
CE_PIECECOORDINATION:0.5101422175540856
CE_MATERIAL:0.47922182110093103
CE_KINGSAFETY:0.5
C_PIECESQUARETABLES:0.48835114719370093
C_MOBILITY:0.4983544059142708
C_KINGSAFETY:0.5019329746079283
C_PAWNSTRUCTURE:0.5035235412120579
C_PIECECOORDINATION:0.5008327519464515
C_ROOK:0.4846142152273684
CE_ROOK:0.46511952438743337
C_CENTERCONTROL:0.5197057514988269
C_DEVELOPPIECES:0.4849705107655287
C_MATERIAL:0.4739737839172487
C_MOVECOUNT:0.5214899393879059
C_PAWNMOVEMENT:0.508227118625626
