ELO:901
CE_PASSEDPAWNS:0.46241266601216724
CE_PAWNWEAKNESSES:0.48170045478281437
CE_PIECEACTIVITY:0.4783431546363778
CE_KINGPAWNSHIELD:0.4844456621828268
CE_PIECECOORDINATION:0.5003364282191155
CE_MATERIAL:0.4923644911194571
CE_KINGSAFETY:0.48107938869694383
C_PIECESQUARETABLES:0.5345332383091684
C_MOBILITY:0.4902760911496266
C_KINGSAFETY:0.5236671755358637
C_PAWNSTRUCTURE:0.494466577598621
C_PIECECOORDINATION:0.5056354299227992
C_ROOKANDPAWNMOVEMENT:0.5056354299227992
C_CENTERCONTROL:0.4889724320888051
C_DEVELOPPIECES:0.48257887344532197
C_MATERIAL:0.4739437124360541
