ELO:889
CE_PASSEDPAWNS:0.5267375462492698
CE_PAWNWEAKNESSES:0.4836068168567973
CE_PIECEACTIVITY:0.5514330154125301
CE_KINGPAWNSHIELD:0.47229451420030516
CE_PIECECOORDINATION:0.49432502023487396
CE_MATERIAL:0.37434434696598246
CE_KINGSAFETY:0.49870899705809174
C_PIECESQUARETABLES:0.4437274571219841
C_MOBILITY:0.44806244986401383
C_KINGSAFETY:0.5189003570770829
C_PAWNSTRUCTURE:0.4743697677856344
C_PIECECOORDINATION:0.40496269942382973
C_ROOKANDPAWNMOVEMENT:0.40496269942382973
C_CENTERCONTROL:0.479185365450339
C_DEVELOPPIECES:0.5971972430040973
C_MATERIAL:0.4957060669042545
