ELO:1025
CE_PASSEDPAWNS:0.506963564324103
CE_PAWNWEAKNESSES:0.5268421103199291
CE_PIECEACTIVITY:0.5021729178875305
CE_KINGPAWNSHIELD:0.5095210757071279
CE_PIECECOORDINATION:0.48957751907913627
CE_MATERIAL:0.47066917482898923
CE_KINGSAFETY:0.5
C_PIECESQUARETABLES:0.49767220321632033
C_MOBILITY:0.5135505642034407
C_KINGSAFETY:0.49843502607390017
C_PAWNSTRUCTURE:0.5033465386594131
C_PIECECOORDINATION:0.4667301468068255
C_ROOKANDPAWNMOVEMENT:0.4667301468068255
C_CENTERCONTROL:0.449375091062268
C_DEVELOPPIECES:0.5
C_MATERIAL:0.4786624886508768
C_MOVECOUNT:0.5
