ELO:977
CE_PASSEDPAWNS:0.47223011971850193
CE_PAWNWEAKNESSES:0.5029252673834512
CE_PIECEACTIVITY:0.5345377262834891
CE_KINGPAWNSHIELD:0.5005311397137886
CE_PIECECOORDINATION:0.5359465021338999
CE_MATERIAL:0.4970479559038271
CE_KINGSAFETY:0.5
C_PIECESQUARETABLES:0.5
C_MOBILITY:0.5157577603171636
C_KINGSAFETY:0.48751029456479994
C_PAWNSTRUCTURE:0.4931546804004084
C_PIECECOORDINATION:0.44537205713991335
C_ROOK:0.5627054007486144
CE_ROOK:0.5130041355097713
C_CENTERCONTROL:0.47943340078692964
C_DEVELOPPIECES:0.5074752592601202
C_MATERIAL:0.5095154865638536
C_MOVECOUNT:0.521452801007454
C_PAWNMOVEMENT:0.4809901594197928
