ELO:999
CE_PASSEDPAWNS:0.4856019508569333
CE_PAWNWEAKNESSES:0.5171903625035362
CE_PIECEACTIVITY:0.48702191776809284
CE_KINGPAWNSHIELD:0.49577995524245266
CE_PIECECOORDINATION:0.5132191299878885
CE_MATERIAL:0.47566617185043336
CE_KINGSAFETY:0.5
C_PIECESQUARETABLES:0.5020186571229488
C_MOBILITY:0.5112688565608625
C_KINGSAFETY:0.49795925883594383
C_PAWNSTRUCTURE:0.5030537163062258
C_PIECECOORDINATION:0.5088553422457199
C_ROOK:0.4884384970000938
CE_ROOK:0.49903499598159995
C_CENTERCONTROL:0.4962980416951905
C_DEVELOPPIECES:0.4939768762637957
C_MATERIAL:0.4930029403574987
C_MOVECOUNT:0.49476869033240617
C_PAWNMOVEMENT:0.5022315551291407
