ELO:983
CE_PASSEDPAWNS:0.5029165327417641
CE_PAWNWEAKNESSES:0.4958483240299561
CE_PIECEACTIVITY:0.49869231087449495
CE_KINGPAWNSHIELD:0.489725436288602
CE_PIECECOORDINATION:0.5231781703178326
CE_MATERIAL:0.5
CE_KINGSAFETY:0.5
C_PIECESQUARETABLES:0.5
C_MOBILITY:0.4929264045307812
C_KINGSAFETY:0.49536035145408025
C_PAWNSTRUCTURE:0.5305589865736366
C_PIECECOORDINATION:0.4901765006575069
C_ROOKANDPAWNMOVEMENT:0.4901765006575069
C_CENTERCONTROL:0.5168961209199561
C_DEVELOPPIECES:0.4947352571048548
C_MATERIAL:0.5163952007041321
C_MOVECOUNT:0.5
