ELO:1000
CE_PASSEDPAWNS:0.5299313338954472
CE_PAWNWEAKNESSES:0.4988492081216917
CE_PIECEACTIVITY:0.42909752792518996
CE_KINGPAWNSHIELD:0.5223842906148963
CE_PIECECOORDINATION:0.48837962063760426
CE_MATERIAL:0.49300030478174117
CE_KINGSAFETY:0.5
C_PIECESQUARETABLES:0.4881566074683492
C_MOBILITY:0.5106489795006058
C_KINGSAFETY:0.5087561285247167
C_PAWNSTRUCTURE:0.5185599042916647
C_PIECECOORDINATION:0.560812256702714
C_ROOKANDPAWNMOVEMENT:0.560812256702714
C_CENTERCONTROL:0.5129214078076312
C_DEVELOPPIECES:0.5220556165751942
C_MATERIAL:0.47522814483632325
