ELO:996
CE_PASSEDPAWNS:0.5080042039508464
CE_PAWNWEAKNESSES:0.5110921926682331
CE_PIECEACTIVITY:0.5092927639380368
CE_KINGPAWNSHIELD:0.5084628345601329
CE_PIECECOORDINATION:0.49950006366592
CE_MATERIAL:0.5086524286913565
CE_KINGSAFETY:0.5049154341602917
C_PIECESQUARETABLES:0.4842813061248063
C_MOBILITY:0.49529775821955274
C_KINGSAFETY:0.5015719315995643
C_PAWNSTRUCTURE:0.48008760715811366
C_PIECECOORDINATION:0.4968663680006008
C_ROOKANDPAWNMOVEMENT:0.4968663680006008
C_CENTERCONTROL:0.516610668605851
C_DEVELOPPIECES:0.4918654242473832
C_MATERIAL:0.4896997267494416
C_MOVECOUNT:0.48887824192560325
