ELO:895
CE_PASSEDPAWNS:0.6113422155161554
CE_PAWNWEAKNESSES:0.4790568091388618
CE_PIECEACTIVITY:0.4953560961147871
CE_KINGPAWNSHIELD:0.46781972660198906
CE_PIECECOORDINATION:0.5410728583089291
CE_MATERIAL:0.44349793636689294
CE_KINGSAFETY:0.5027935013577894
C_PIECESQUARETABLES:0.5
C_MOBILITY:0.47938200745788007
C_KINGSAFETY:0.50339890142429
C_PAWNSTRUCTURE:0.49405578706718056
C_PIECECOORDINATION:0.5009818748508645
C_ROOKANDPAWNMOVEMENT:0.5009818748508645
C_CENTERCONTROL:0.5842812248640497
C_DEVELOPPIECES:0.4721447635883789
C_MATERIAL:0.4702192731658129
C_MOVECOUNT:0.5
