ELO:1000
CE_PASSEDPAWNS:0.4881181837447854
CE_PAWNWEAKNESSES:0.5055193961743406
CE_PIECEACTIVITY:0.48749957956478895
CE_KINGPAWNSHIELD:0.4924720419856388
CE_PIECECOORDINATION:0.4887861013130096
CE_MATERIAL:0.4731048159473632
CE_KINGSAFETY:0.502962730016033
C_PIECESQUARETABLES:0.47667198724693405
C_MOBILITY:0.4854595906606299
C_KINGSAFETY:0.46731940283185774
C_PAWNSTRUCTURE:0.5027677983139758
C_PIECECOORDINATION:0.4370940497781327
C_ROOKANDPAWNMOVEMENT:0.4370940497781327
C_CENTERCONTROL:0.4952027257864078
C_DEVELOPPIECES:0.4997789541519775
C_MATERIAL:0.4979955663528797
