ELO:979
CE_PASSEDPAWNS:0.4760444123926572
CE_PAWNWEAKNESSES:0.42539858525575547
CE_PIECEACTIVITY:0.527915805433631
CE_KINGPAWNSHIELD:0.533306644198181
CE_PIECECOORDINATION:0.54379886163858
CE_MATERIAL:0.5029749893866872
CE_KINGSAFETY:0.4855809071298337
C_PIECESQUARETABLES:0.5078067389665858
C_MOBILITY:0.501878923572947
C_KINGSAFETY:0.5280648794881222
C_PAWNSTRUCTURE:0.48623526565411584
C_PIECECOORDINATION:0.48972591900404716
C_ROOKANDPAWNMOVEMENT:0.48972591900404716
C_CENTERCONTROL:0.5835523466180711
C_DEVELOPPIECES:0.47786326246189875
C_MATERIAL:0.4508855553999832
