ELO:1104
CE_PASSEDPAWNS:0.45783115818043396
CE_PAWNWEAKNESSES:0.45589055169426723
CE_PIECEACTIVITY:0.48013743344619403
CE_KINGPAWNSHIELD:0.4163559443447905
CE_PIECECOORDINATION:0.4740445867024571
CE_MATERIAL:0.4447918522196773
CE_KINGSAFETY:0.5
C_PIECESQUARETABLES:0.5
C_MOBILITY:0.4248722025850633
C_KINGSAFETY:0.6374809102290377
C_PAWNSTRUCTURE:0.4570066574842288
C_PIECECOORDINATION:0.48310567064327725
C_ROOKANDPAWNMOVEMENT:0.48310567064327725
C_CENTERCONTROL:0.5014188595021803
C_DEVELOPPIECES:0.5661163430962751
C_MATERIAL:0.3847798461631917
