ELO:962
CE_PASSEDPAWNS:0.5380987559511524
CE_PAWNWEAKNESSES:0.4906746947348212
CE_PIECEACTIVITY:0.5070065362773345
CE_KINGPAWNSHIELD:0.5043821370177314
CE_PIECECOORDINATION:0.5220995009373556
CE_MATERIAL:0.43563654599725343
CE_KINGSAFETY:0.49388987251524813
C_PIECESQUARETABLES:0.5226071617677982
C_MOBILITY:0.4693804938072137
C_KINGSAFETY:0.4722710615358594
C_PAWNSTRUCTURE:0.43726010641685925
C_PIECECOORDINATION:0.4264024526685095
C_ROOKANDPAWNMOVEMENT:0.4264024526685095
C_CENTERCONTROL:0.4574718308851704
C_DEVELOPPIECES:0.5186134788266472
C_MATERIAL:0.4721919550127742
