ELO:1005
CE_PASSEDPAWNS:0.5087353698952449
CE_PAWNWEAKNESSES:0.513454063791021
CE_PIECEACTIVITY:0.5055530111649618
CE_KINGPAWNSHIELD:0.5034414936162734
CE_PIECECOORDINATION:0.5027081192633627
CE_MATERIAL:0.5104360105488954
CE_KINGSAFETY:0.5032810573580427
C_PIECESQUARETABLES:0.5
C_MOBILITY:0.5009396665474475
C_KINGSAFETY:0.5040366962509881
C_PAWNSTRUCTURE:0.5
C_PIECECOORDINATION:0.4998421476133073
C_ROOKANDPAWNMOVEMENT:0.4998421476133073
C_CENTERCONTROL:0.5
C_DEVELOPPIECES:0.5071960381310545
C_MATERIAL:0.49966846046361296
C_MOVECOUNT:0.4880638706600611
