ELO:982
CE_PASSEDPAWNS:0.44862205952593726
CE_PAWNWEAKNESSES:0.45970049064563745
CE_PIECEACTIVITY:0.4867847734319154
CE_KINGPAWNSHIELD:0.575110763344733
CE_PIECECOORDINATION:0.5261101980407332
CE_MATERIAL:0.49874901335122496
CE_KINGSAFETY:0.5111894979184392
C_PIECESQUARETABLES:0.47530993670408983
C_MOBILITY:0.4540786934317962
C_KINGSAFETY:0.43857488456320043
C_PAWNSTRUCTURE:0.48156000832816515
C_PIECECOORDINATION:0.3616423911982857
C_ROOKANDPAWNMOVEMENT:0.3616423911982857
C_CENTERCONTROL:0.5484048726493636
C_DEVELOPPIECES:0.44845967546973814
C_MATERIAL:0.6850859057696043
