ELO:942
CE_PASSEDPAWNS:0.5312059417636086
CE_PAWNWEAKNESSES:0.4843836760341148
CE_PIECEACTIVITY:0.5270722784044535
CE_KINGPAWNSHIELD:0.5104535766507763
CE_PIECECOORDINATION:0.5283371900525102
CE_MATERIAL:0.4209887549417713
CE_KINGSAFETY:0.502360249749683
C_PIECESQUARETABLES:0.5226071617677982
C_MOBILITY:0.4693804938072137
C_KINGSAFETY:0.46984759848834834
C_PAWNSTRUCTURE:0.4448067784689574
C_PIECECOORDINATION:0.4096239455222095
C_ROOKANDPAWNMOVEMENT:0.4096239455222095
C_CENTERCONTROL:0.48232468606540907
C_DEVELOPPIECES:0.5146670104883342
C_MATERIAL:0.4768814511696425
