ELO:983
CE_PASSEDPAWNS:0.5
CE_PAWNWEAKNESSES:0.5020253268449837
CE_PIECEACTIVITY:0.5249834301500208
CE_KINGPAWNSHIELD:0.5373860953136036
CE_PIECECOORDINATION:0.49556109930790715
CE_MATERIAL:0.4923138839734647
CE_KINGSAFETY:0.49226513616616885
C_PIECESQUARETABLES:0.4943321796403629
C_MOBILITY:0.48760619260269306
C_KINGSAFETY:0.5203527591544029
C_PAWNSTRUCTURE:0.5060062567057774
C_PIECECOORDINATION:0.47610771366336363
C_ROOKANDPAWNMOVEMENT:0.47610771366336363
C_CENTERCONTROL:0.504387417600458
C_DEVELOPPIECES:0.5039927382987379
C_MATERIAL:0.5120497433549573
C_MOVECOUNT:0.5
