ELO:998
CE_PASSEDPAWNS:0.5525708909320795
CE_PAWNWEAKNESSES:0.5414407826204999
CE_PIECEACTIVITY:0.48075074114893285
CE_KINGPAWNSHIELD:0.5417748666859388
CE_PIECECOORDINATION:0.5083094300578089
CE_MATERIAL:0.43436362065086553
CE_KINGSAFETY:0.4878599317424308
C_PIECESQUARETABLES:0.5061784556347068
C_MOBILITY:0.5266696930818956
C_KINGSAFETY:0.4925599930903285
C_PAWNSTRUCTURE:0.5218216361772778
C_PIECECOORDINATION:0.5034511395399192
C_ROOKANDPAWNMOVEMENT:0.5034511395399192
C_CENTERCONTROL:0.4979367970792618
C_DEVELOPPIECES:0.5300523987137961
C_MATERIAL:0.5442780881990331
