ELO:1000
CE_PASSEDPAWNS:0.5103256761589925
CE_PAWNWEAKNESSES:0.5363176640976126
CE_PIECEACTIVITY:0.4457313082489503
CE_KINGPAWNSHIELD:0.540883473927246
CE_PIECECOORDINATION:0.5165189385367867
CE_MATERIAL:0.5050969597930551
CE_KINGSAFETY:0.5066329385375908
C_PIECESQUARETABLES:0.5764298767429245
C_MOBILITY:0.49276931236518845
C_KINGSAFETY:0.5047413329881305
C_PAWNSTRUCTURE:0.5195337275684979
C_PIECECOORDINATION:0.5471043862184102
C_ROOKANDPAWNMOVEMENT:0.5471043862184102
C_CENTERCONTROL:0.5159580718848483
C_DEVELOPPIECES:0.49029764445467566
C_MATERIAL:0.46345055175883826
