ELO:990
CE_PASSEDPAWNS:0.39877888299057485
CE_PAWNWEAKNESSES:0.4449176979510626
CE_PIECEACTIVITY:0.510663440047306
CE_KINGPAWNSHIELD:0.4969112771905379
CE_PIECECOORDINATION:0.5973524348678694
CE_MATERIAL:0.41237886705497595
CE_KINGSAFETY:0.5090152662579792
C_PIECESQUARETABLES:0.4822898909912191
C_MOBILITY:0.6094409060176654
C_KINGSAFETY:0.5742475742575268
C_PAWNSTRUCTURE:0.6141998969409169
C_PIECECOORDINATION:0.6137658542318026
C_ROOKANDPAWNMOVEMENT:0.6137658542318026
C_CENTERCONTROL:0.3791738811592719
C_DEVELOPPIECES:0.5523234704578016
C_MATERIAL:0.5866536899795093
