ELO:1005
CE_PASSEDPAWNS:0.508446774228312
CE_PAWNWEAKNESSES:0.5268437846969595
CE_PIECEACTIVITY:0.5011412424490588
CE_KINGPAWNSHIELD:0.5089849341898938
CE_PIECECOORDINATION:0.49303858306466297
CE_MATERIAL:0.5027004884842425
CE_KINGSAFETY:0.5
C_PIECESQUARETABLES:0.5
C_MOBILITY:0.44997503398686933
C_KINGSAFETY:0.46371005439926566
C_PAWNSTRUCTURE:0.5071283088989227
C_PIECECOORDINATION:0.5
C_ROOK:0.5277144583847722
CE_ROOK:0.5012328256061186
C_CENTERCONTROL:0.5094154599721322
C_DEVELOPPIECES:0.47200237553300906
C_MATERIAL:0.5323491725086331
C_MOVECOUNT:0.4989213143691052
C_PAWNMOVEMENT:0.5261873643466072
