ELO:984
CE_PASSEDPAWNS:0.4551273816094718
CE_PAWNWEAKNESSES:0.5377025665987047
CE_PIECEACTIVITY:0.5055534717583172
CE_KINGPAWNSHIELD:0.4969112771905379
CE_PIECECOORDINATION:0.5190315742551846
CE_MATERIAL:0.47462912755102915
CE_KINGSAFETY:0.5
C_PIECESQUARETABLES:0.5
C_MOBILITY:0.5883672385649751
C_KINGSAFETY:0.6180568792189061
C_PAWNSTRUCTURE:0.49124294705892413
C_PIECECOORDINATION:0.617331207451572
C_ROOKANDPAWNMOVEMENT:0.617331207451572
C_CENTERCONTROL:0.3497667501580425
C_DEVELOPPIECES:0.42191628610639176
C_MATERIAL:0.5938073447905002
