ELO:999
CE_PASSEDPAWNS:0.4882636347691751
CE_PAWNWEAKNESSES:0.4760038815617986
CE_PIECEACTIVITY:0.5228867061917635
CE_KINGPAWNSHIELD:0.4804227212653027
CE_PIECECOORDINATION:0.529932625489148
CE_MATERIAL:0.47194895855459973
CE_KINGSAFETY:0.5299490993440636
C_PIECESQUARETABLES:0.5168360000501868
C_MOBILITY:0.45470259894483545
C_KINGSAFETY:0.48523803839067886
C_PAWNSTRUCTURE:0.47045900856243583
C_PIECECOORDINATION:0.41421655460927204
C_ROOKANDPAWNMOVEMENT:0.41421655460927204
C_CENTERCONTROL:0.4506100948025176
C_DEVELOPPIECES:0.5478043793396083
C_MATERIAL:0.4604435252771406
