ELO:743
CE_PASSEDPAWNS:0.5441967301301042
CE_PAWNWEAKNESSES:0.49796911327632687
CE_PIECEACTIVITY:0.5215520950624066
CE_KINGPAWNSHIELD:0.5255047244512799
CE_PIECECOORDINATION:0.47658434470410144
CE_MATERIAL:0.5114213948002573
CE_KINGSAFETY:0.4141937560770946
C_PIECESQUARETABLES:0.5238362150701884
C_MOBILITY:0.5391979572399525
C_KINGSAFETY:0.5080895019410964
C_PAWNSTRUCTURE:0.5262317601336108
C_PIECECOORDINATION:0.5220281110109315
C_ROOKANDPAWNMOVEMENT:0.5220281110109315
C_CENTERCONTROL:0.5234623355722344
C_DEVELOPPIECES:0.516196865402231
C_MATERIAL:0.4739712163282718
C_MOVECOUNT:0.45102144091698476
