ELO:983
CE_PASSEDPAWNS:0.4809488108680687
CE_PAWNWEAKNESSES:0.5110921926682331
CE_PIECEACTIVITY:0.5
CE_KINGPAWNSHIELD:0.5065525002119509
CE_PIECECOORDINATION:0.4967924060586102
CE_MATERIAL:0.4832366570229273
CE_KINGSAFETY:0.5
C_PIECESQUARETABLES:0.5
C_MOBILITY:0.49970507944710807
C_KINGSAFETY:0.4953612413486963
C_PAWNSTRUCTURE:0.4991076871281543
C_PIECECOORDINATION:0.5155478296832166
C_ROOKANDPAWNMOVEMENT:0.5155478296832166
C_CENTERCONTROL:0.5270241360496734
C_DEVELOPPIECES:0.513695088124165
C_MATERIAL:0.496340242044006
C_MOVECOUNT:0.49285112122289326
