ELO:1000
CE_PASSEDPAWNS:0.4989240228483819
CE_PAWNWEAKNESSES:0.478473258851113
CE_PIECEACTIVITY:0.5150024576052817
CE_KINGPAWNSHIELD:0.49183339512525387
CE_PIECECOORDINATION:0.5102655019739979
CE_MATERIAL:0.47194895855459973
CE_KINGSAFETY:0.5344324344033975
C_PIECESQUARETABLES:0.4994572659713059
C_MOBILITY:0.44994681158620287
C_KINGSAFETY:0.47166519488355496
C_PAWNSTRUCTURE:0.4654619403935487
C_PIECECOORDINATION:0.41421655460927204
C_ROOKANDPAWNMOVEMENT:0.41421655460927204
C_CENTERCONTROL:0.4495297323973693
C_DEVELOPPIECES:0.5525010005094384
C_MATERIAL:0.4494161733907698
