ELO:983
CE_PASSEDPAWNS:0.508446774228312
CE_PAWNWEAKNESSES:0.5268437846969595
CE_PIECEACTIVITY:0.4815143021810089
CE_KINGPAWNSHIELD:0.4457337826069989
CE_PIECECOORDINATION:0.49303858306466297
CE_MATERIAL:0.5027004884842425
CE_KINGSAFETY:0.5
C_PIECESQUARETABLES:0.5
C_MOBILITY:0.5346322662336985
C_KINGSAFETY:0.46371005439926566
C_PAWNSTRUCTURE:0.4969564328498859
C_PIECECOORDINATION:0.5212937570679573
C_ROOK:0.5141506031753447
CE_ROOK:0.4883724938463677
C_CENTERCONTROL:0.456306594946416
C_DEVELOPPIECES:0.47200237553300906
C_MATERIAL:0.5080029093786893
C_MOVECOUNT:0.521452801007454
C_PAWNMOVEMENT:0.5161582807808635
