ELO:997
CE_PASSEDPAWNS:0.4802235551809423
CE_PAWNWEAKNESSES:0.5099652199843455
CE_PIECEACTIVITY:0.5101156012149163
CE_KINGPAWNSHIELD:0.5780727555957418
CE_PIECECOORDINATION:0.4859026719940845
CE_MATERIAL:0.5098803190765061
CE_KINGSAFETY:0.5
C_PIECESQUARETABLES:0.5
C_MOBILITY:0.5253856812974648
C_KINGSAFETY:0.5414301144465846
C_PAWNSTRUCTURE:0.5074622845496078
C_PIECECOORDINATION:0.4956004366189055
C_ROOKANDPAWNMOVEMENT:0.4956004366189055
C_CENTERCONTROL:0.5889059856285229
C_DEVELOPPIECES:0.4561110614391536
C_MATERIAL:0.47706298309550915
C_MOVECOUNT:0.5
