ELO:990
CE_PASSEDPAWNS:0.39792981371987557
CE_PAWNWEAKNESSES:0.4496072593174717
CE_PIECEACTIVITY:0.5001544370491293
CE_KINGPAWNSHIELD:0.5069208213604426
CE_PIECECOORDINATION:0.6022315767761269
CE_MATERIAL:0.41237886705497595
CE_KINGSAFETY:0.48980249203306875
C_PIECESQUARETABLES:0.504417951130588
C_MOBILITY:0.6192835123502287
C_KINGSAFETY:0.5742475742575268
C_PAWNSTRUCTURE:0.6145138921841324
C_PIECECOORDINATION:0.6069998574490588
C_ROOKANDPAWNMOVEMENT:0.6069998574490588
C_CENTERCONTROL:0.371787677107165
C_DEVELOPPIECES:0.556257929598075
C_MATERIAL:0.5673582818303446
