ELO:836
CE_PASSEDPAWNS:0.47991076348047
CE_PAWNWEAKNESSES:0.40005102977564844
CE_PIECEACTIVITY:0.48806107401031557
CE_KINGPAWNSHIELD:0.5932495367300933
CE_PIECECOORDINATION:0.5574975351947781
CE_MATERIAL:0.3712699505637285
CE_KINGSAFETY:0.5058706092359166
C_PIECESQUARETABLES:0.509070291355796
C_MOBILITY:0.6310963367388874
C_KINGSAFETY:0.4463125174773101
C_PAWNSTRUCTURE:0.5201797319768532
C_PIECECOORDINATION:0.557108865305844
C_ROOKANDPAWNMOVEMENT:0.557108865305844
C_CENTERCONTROL:0.4916581147577554
C_DEVELOPPIECES:0.3668838870838878
C_MATERIAL:0.5284782038561827
