ELO:1000
CE_PASSEDPAWNS:0.5532320592629507
CE_PAWNWEAKNESSES:0.49513483014506005
CE_PIECEACTIVITY:0.4732117219104338
CE_KINGPAWNSHIELD:0.4779303894732812
CE_PIECECOORDINATION:0.5623479601928164
CE_MATERIAL:0.5020566244730974
CE_KINGSAFETY:0.5
C_PIECESQUARETABLES:0.5
C_MOBILITY:0.5319970932082757
C_KINGSAFETY:0.5422292094149408
C_PAWNSTRUCTURE:0.47883343866162636
C_PIECECOORDINATION:0.4757190918805146
C_ROOKANDPAWNMOVEMENT:0.4757190918805146
C_CENTERCONTROL:0.44420903462991845
C_DEVELOPPIECES:0.5021117391573865
C_MATERIAL:0.4702556894184986
