ELO:1000
CE_PASSEDPAWNS:0.5139762416543405
CE_PAWNWEAKNESSES:0.5132707165321608
CE_PIECEACTIVITY:0.4999513888601005
CE_KINGPAWNSHIELD:0.48604010188103497
CE_PIECECOORDINATION:0.5188821527275612
CE_MATERIAL:0.5143830366740607
CE_KINGSAFETY:0.5063734277988794
C_PIECESQUARETABLES:0.4969450454287225
C_MOBILITY:0.5251486512976484
C_KINGSAFETY:0.5134311411328318
C_PAWNSTRUCTURE:0.4903685129406665
C_PIECECOORDINATION:0.5042527911027809
C_ROOKANDPAWNMOVEMENT:0.5042527911027809
C_CENTERCONTROL:0.47819837788409947
C_DEVELOPPIECES:0.4896975922988288
C_MATERIAL:0.46818815653521795
