ELO:911
CE_PASSEDPAWNS:0.5187656500805449
CE_PAWNWEAKNESSES:0.5070103199299189
CE_PIECEACTIVITY:0.5097180809442117
CE_KINGPAWNSHIELD:0.5434020029923557
CE_PIECECOORDINATION:0.48647060222237504
CE_MATERIAL:0.47908400860015554
CE_KINGSAFETY:0.49081853019334565
C_PIECESQUARETABLES:0.49989586549409043
C_MOBILITY:0.48062129952377397
C_KINGSAFETY:0.5167661641949453
C_PAWNSTRUCTURE:0.4850148296555538
C_PIECECOORDINATION:0.49813584774207875
C_ROOK:0.5068268301984851
CE_ROOK:0.4797471501583544
C_CENTERCONTROL:0.47822741544608294
C_DEVELOPPIECES:0.5267711938475454
C_MATERIAL:0.4806081113583783
C_MOVECOUNT:0.5157138958259602
C_PAWNMOVEMENT:0.4712685831537487
