ELO:662
CE_PASSEDPAWNS:0.5133528206654445
CE_PAWNWEAKNESSES:0.5306932355569062
CE_PIECEACTIVITY:0.46626054144323803
CE_KINGPAWNSHIELD:0.46820889342984245
CE_PIECECOORDINATION:0.5601448019392992
CE_MATERIAL:0.5543866785548448
CE_KINGSAFETY:0.4803604019280471
C_PIECESQUARETABLES:0.49189587616319813
C_MOBILITY:0.5493264241179528
C_KINGSAFETY:0.49878617200188885
C_PAWNSTRUCTURE:0.60473362256366
C_PIECECOORDINATION:0.5364738905602762
C_ROOKANDPAWNMOVEMENT:0.5364738905602762
C_CENTERCONTROL:0.49760243908820095
C_DEVELOPPIECES:0.5632914312669923
C_MATERIAL:0.42198786598201793
C_MOVECOUNT:0.5
