ELO:581
CE_PASSEDPAWNS:0.5237533770587881
CE_PAWNWEAKNESSES:0.511624838826076
CE_PIECEACTIVITY:0.5257963279913191
CE_KINGPAWNSHIELD:0.4573919661705084
CE_PIECECOORDINATION:0.5490132717242969
CE_MATERIAL:0.5341613438168519
CE_KINGSAFETY:0.5258442325981979
C_PIECESQUARETABLES:0.5114559351407568
C_MOBILITY:0.5395078512263851
C_KINGSAFETY:0.47060975030960994
C_PAWNSTRUCTURE:0.5893569103266272
C_PIECECOORDINATION:0.5429064298183257
C_ROOKANDPAWNMOVEMENT:0.5429064298183257
C_CENTERCONTROL:0.46056124392781456
C_DEVELOPPIECES:0.541195692201954
C_MATERIAL:0.5131497403310599
C_MOVECOUNT:0.5
