ELO:983
CE_PASSEDPAWNS:0.4713030011973392
CE_PAWNWEAKNESSES:0.5248229059825036
CE_PIECEACTIVITY:0.5262282186377298
CE_KINGPAWNSHIELD:0.5200985503536953
CE_PIECECOORDINATION:0.4559384499443614
CE_MATERIAL:0.5407209147336886
CE_KINGSAFETY:0.5304549279788463
C_PIECESQUARETABLES:0.5267108940147318
C_MOBILITY:0.47302691953094467
C_KINGSAFETY:0.5394214784165778
C_PAWNSTRUCTURE:0.5795406214980231
C_PIECECOORDINATION:0.47086853113029703
C_ROOKANDPAWNMOVEMENT:0.47086853113029703
C_CENTERCONTROL:0.6450006478154402
C_DEVELOPPIECES:0.47011142411539364
C_MATERIAL:0.5042898888437712
