ELO:997
CE_PASSEDPAWNS:0.5101406144117419
CE_PAWNWEAKNESSES:0.5016890522466898
CE_PIECEACTIVITY:0.5184718259392427
CE_KINGPAWNSHIELD:0.5546213129188167
CE_PIECECOORDINATION:0.5298084968316916
CE_MATERIAL:0.47260729510202887
CE_KINGSAFETY:0.47231551285494766
C_PIECESQUARETABLES:0.48987205484183427
C_MOBILITY:0.4845266699542067
C_KINGSAFETY:0.48839784493111316
C_PAWNSTRUCTURE:0.4780023033312052
C_PIECECOORDINATION:0.5750096707705022
C_ROOKANDPAWNMOVEMENT:0.5750096707705022
C_CENTERCONTROL:0.5019455915008549
C_DEVELOPPIECES:0.543426421552116
C_MATERIAL:0.4894990840638773
