ELO:577
CE_PASSEDPAWNS:0.5186114225121959
CE_PAWNWEAKNESSES:0.51140776946036
CE_PIECEACTIVITY:0.5865732674132617
CE_KINGPAWNSHIELD:0.5107007608146827
CE_PIECECOORDINATION:0.5643784570170923
CE_MATERIAL:0.5609185296303477
CE_KINGSAFETY:0.5036564570416171
C_PIECESQUARETABLES:0.498555959651157
C_MOBILITY:0.5114812662723378
C_KINGSAFETY:0.4268926977449557
C_PAWNSTRUCTURE:0.6276398009788398
C_PIECECOORDINATION:0.5633732995069383
C_ROOKANDPAWNMOVEMENT:0.5633732995069383
C_CENTERCONTROL:0.44358157859423614
C_DEVELOPPIECES:0.5317412840086553
C_MATERIAL:0.47900372865006663
C_MOVECOUNT:0.519928101494046
