ELO:870
CE_PASSEDPAWNS:0.47044601656877766
CE_PAWNWEAKNESSES:0.4501463668468447
CE_PIECEACTIVITY:0.49661223814915695
CE_KINGPAWNSHIELD:0.6135688595048784
CE_PIECECOORDINATION:0.5659913611514557
CE_MATERIAL:0.3693825378476971
CE_KINGSAFETY:0.5
C_PIECESQUARETABLES:0.5095609717422277
C_MOBILITY:0.6390437163415748
C_KINGSAFETY:0.466611223716336
C_PAWNSTRUCTURE:0.5245524416014982
C_PIECECOORDINATION:0.5520804342438541
C_ROOKANDPAWNMOVEMENT:0.5520804342438541
C_CENTERCONTROL:0.4875667638011899
C_DEVELOPPIECES:0.37775828931644617
C_MATERIAL:0.5357281852208247
