ELO:933
CE_PASSEDPAWNS:0.5187656500805449
CE_PAWNWEAKNESSES:0.5070103199299189
CE_PIECEACTIVITY:0.5097180809442117
CE_KINGPAWNSHIELD:0.5354230946799395
CE_PIECECOORDINATION:0.4926298459583781
CE_MATERIAL:0.47908400860015554
CE_KINGSAFETY:0.5
C_PIECESQUARETABLES:0.49989586549409043
C_MOBILITY:0.48062129952377397
C_KINGSAFETY:0.5167661641949453
C_PAWNSTRUCTURE:0.4850148296555538
C_PIECECOORDINATION:0.4954708756549121
C_ROOK:0.5068268301984851
CE_ROOK:0.47423980651973313
C_CENTERCONTROL:0.4814053757010382
C_DEVELOPPIECES:0.5267711938475454
C_MATERIAL:0.47925863648323586
C_MOVECOUNT:0.5049807612138466
C_PAWNMOVEMENT:0.4802234783586974
