ELO:1000
CE_PASSEDPAWNS:0.5008345071114301
CE_PAWNWEAKNESSES:0.43636228773736907
CE_PIECEACTIVITY:0.482727547437967
CE_KINGPAWNSHIELD:0.5013452367461213
CE_PIECECOORDINATION:0.4989336120703675
CE_MATERIAL:0.5053299341121948
CE_KINGSAFETY:0.4895623870187781
C_PIECESQUARETABLES:0.459634338959115
C_MOBILITY:0.4805445324009667
C_KINGSAFETY:0.5528217618854728
C_PAWNSTRUCTURE:0.5600106150365312
C_PIECECOORDINATION:0.5344123348120143
C_ROOKANDPAWNMOVEMENT:0.5344123348120143
C_CENTERCONTROL:0.608809406535898
C_DEVELOPPIECES:0.5323591638043367
C_MATERIAL:0.5183645777410851
