ELO:932
CE_PASSEDPAWNS:0.4466878490781984
CE_PAWNWEAKNESSES:0.549921675036016
CE_PIECEACTIVITY:0.5301568396258712
CE_KINGPAWNSHIELD:0.5590419200356821
CE_PIECECOORDINATION:0.3943908660653859
CE_MATERIAL:0.5248664294994063
CE_KINGSAFETY:0.5011812908241506
C_PIECESQUARETABLES:0.5126238273318617
C_MOBILITY:0.5161977223422357
C_KINGSAFETY:0.4952258840693607
C_PAWNSTRUCTURE:0.5632387418003421
C_PIECECOORDINATION:0.4476719281934003
C_ROOKANDPAWNMOVEMENT:0.4476719281934003
C_CENTERCONTROL:0.682680611183272
C_DEVELOPPIECES:0.4862375273184752
C_MATERIAL:0.5229155065724522
