ELO:969
CE_PASSEDPAWNS:0.4908990450596662
CE_PAWNWEAKNESSES:0.48232161675522434
CE_PIECEACTIVITY:0.49323546473255486
CE_KINGPAWNSHIELD:0.5572563739789398
CE_PIECECOORDINATION:0.5058846004438319
CE_MATERIAL:0.5210229613695173
CE_KINGSAFETY:0.5
C_PIECESQUARETABLES:0.5099231707812069
C_MOBILITY:0.5007189102639686
C_KINGSAFETY:0.4715064385045452
C_PAWNSTRUCTURE:0.480030231794625
C_PIECECOORDINATION:0.5633091649754631
C_ROOKANDPAWNMOVEMENT:0.5633091649754631
C_CENTERCONTROL:0.4846911068862273
C_DEVELOPPIECES:0.536166320298137
C_MATERIAL:0.5161244004980875
