ELO:1000
CE_PASSEDPAWNS:0.47638937779118784
CE_PAWNWEAKNESSES:0.4527312749639738
CE_PIECEACTIVITY:0.4863184998630063
CE_KINGPAWNSHIELD:0.5191019862615536
CE_PIECECOORDINATION:0.47571305428222227
CE_MATERIAL:0.4922810751279306
CE_KINGSAFETY:0.4763310003088337
C_PIECESQUARETABLES:0.4809262299073189
C_MOBILITY:0.49873313892199683
C_KINGSAFETY:0.5485880804607147
C_PAWNSTRUCTURE:0.5543109560420602
C_PIECECOORDINATION:0.5234522447438222
C_ROOKANDPAWNMOVEMENT:0.5234522447438222
C_CENTERCONTROL:0.5943128917768443
C_DEVELOPPIECES:0.5407921015001612
C_MATERIAL:0.5303337656917598
