ELO:928
CE_PASSEDPAWNS:0.5541689379197199
CE_PAWNWEAKNESSES:0.49119766961513034
CE_PIECEACTIVITY:0.5207799911421768
CE_KINGPAWNSHIELD:0.5450574168690282
CE_PIECECOORDINATION:0.4508602398068403
CE_MATERIAL:0.45069094827422673
CE_KINGSAFETY:0.500269384121691
C_PIECESQUARETABLES:0.5163409876354723
C_MOBILITY:0.50524841739376
C_KINGSAFETY:0.5130554392992644
C_PAWNSTRUCTURE:0.49651488791717757
C_PIECECOORDINATION:0.5026641358303943
C_ROOK:0.5176928703139121
CE_ROOK:0.4313562595914649
C_CENTERCONTROL:0.4868371446609087
C_DEVELOPPIECES:0.5509740228329411
C_MATERIAL:0.4891548860056897
C_MOVECOUNT:0.509427352365351
C_PAWNMOVEMENT:0.46328138840706984
