ELO:979
CE_PASSEDPAWNS:0.4693114149314461
CE_PAWNWEAKNESSES:0.5139107920586162
CE_PIECEACTIVITY:0.5419429098862182
CE_KINGPAWNSHIELD:0.5499587818485787
CE_PIECECOORDINATION:0.45464447463550817
CE_MATERIAL:0.542087222120028
CE_KINGSAFETY:0.5304549279788463
C_PIECESQUARETABLES:0.5386226537775369
C_MOBILITY:0.47302691953094467
C_KINGSAFETY:0.5234063400936404
C_PAWNSTRUCTURE:0.5829914115864124
C_PIECECOORDINATION:0.46014274353459705
C_ROOKANDPAWNMOVEMENT:0.46014274353459705
C_CENTERCONTROL:0.6544769406172971
C_DEVELOPPIECES:0.47322622553871735
C_MATERIAL:0.5042898888437712
