ELO:1000
CE_PASSEDPAWNS:0.49661511936517433
CE_PAWNWEAKNESSES:0.49624454518788425
CE_PIECEACTIVITY:0.4821142533081282
CE_KINGPAWNSHIELD:0.47946400173445564
CE_PIECECOORDINATION:0.5204282480900062
CE_MATERIAL:0.49811930493136375
CE_KINGSAFETY:0.5025489715521322
C_PIECESQUARETABLES:0.5055432664006082
C_MOBILITY:0.48658919022877767
C_KINGSAFETY:0.49444398897820696
C_PAWNSTRUCTURE:0.5325911284288457
C_PIECECOORDINATION:0.5243467516191681
C_ROOKANDPAWNMOVEMENT:0.5243467516191681
C_CENTERCONTROL:0.536742790050021
C_DEVELOPPIECES:0.4984040379073451
C_MATERIAL:0.4868768530964116
