ELO:989
CE_PASSEDPAWNS:0.5
CE_PAWNWEAKNESSES:0.49974217584860653
CE_PIECEACTIVITY:0.5
CE_KINGPAWNSHIELD:0.49504274198782633
CE_PIECECOORDINATION:0.49138618704032155
CE_MATERIAL:0.5098392049998903
CE_KINGSAFETY:0.5
C_PIECESQUARETABLES:0.5049256053964134
C_MOBILITY:0.5025681928293101
C_KINGSAFETY:0.5
C_PAWNSTRUCTURE:0.516035065929441
C_PIECECOORDINATION:0.5
C_ROOKANDPAWNMOVEMENT:0.5
C_CENTERCONTROL:0.48982807180138055
C_DEVELOPPIECES:0.5012013233066316
C_MATERIAL:0.4900448986752461
C_MOVECOUNT:0.5
