ELO:943
CE_PASSEDPAWNS:0.46893227278667166
CE_PAWNWEAKNESSES:0.5237912936230007
CE_PIECEACTIVITY:0.5403760489334366
CE_KINGPAWNSHIELD:0.5714141997869379
CE_PIECECOORDINATION:0.38208255316812184
CE_MATERIAL:0.5122263137995539
CE_KINGSAFETY:0.5
C_PIECESQUARETABLES:0.5
C_MOBILITY:0.472132105574451
C_KINGSAFETY:0.49463815212957857
C_PAWNSTRUCTURE:0.5607819561420988
C_PIECECOORDINATION:0.4551710143247417
C_ROOKANDPAWNMOVEMENT:0.4551710143247417
C_CENTERCONTROL:0.7139538656539943
C_DEVELOPPIECES:0.47280153357637206
C_MATERIAL:0.5189870860615622
