ELO:929
CE_PASSEDPAWNS:0.529154961025427
CE_PAWNWEAKNESSES:0.5074779883301425
CE_PIECEACTIVITY:0.5189882645960664
CE_KINGPAWNSHIELD:0.5343856030934379
CE_PIECECOORDINATION:0.4712725817298146
CE_MATERIAL:0.4887071350111789
CE_KINGSAFETY:0.5
C_PIECESQUARETABLES:0.5
C_MOBILITY:0.48118441103436405
C_KINGSAFETY:0.5156694042877726
C_PAWNSTRUCTURE:0.47959355029350315
C_PIECECOORDINATION:0.4999423805326672
C_ROOK:0.5006684884136161
CE_ROOK:0.48336393726981913
C_CENTERCONTROL:0.48052425633642815
C_DEVELOPPIECES:0.5405345971957224
C_MATERIAL:0.47164215286750943
C_MOVECOUNT:0.5157138958259602
C_PAWNMOVEMENT:0.4554712416520347
