ELO:930
CE_PASSEDPAWNS:0.5106179544451156
CE_PAWNWEAKNESSES:0.5019410554322631
CE_PIECEACTIVITY:0.5140505045646038
CE_KINGPAWNSHIELD:0.48638947317550285
CE_PIECECOORDINATION:0.5251694441225208
CE_MATERIAL:0.495945373252506
CE_KINGSAFETY:0.4964951487056581
C_PIECESQUARETABLES:0.506900157293423
C_MOBILITY:0.47819406616147825
C_KINGSAFETY:0.5054088051583076
C_PAWNSTRUCTURE:0.49994904975596643
C_PIECECOORDINATION:0.5062139158805901
C_ROOKANDPAWNMOVEMENT:0.5062139158805901
C_CENTERCONTROL:0.5047218596681515
C_DEVELOPPIECES:0.5046057906337428
C_MATERIAL:0.5346220834900423
C_MOVECOUNT:0.4750337308762918
