ELO:932
CE_PASSEDPAWNS:0.5242536599091877
CE_PAWNWEAKNESSES:0.5067342303936967
CE_PIECEACTIVITY:0.5189882645960664
CE_KINGPAWNSHIELD:0.5423071311263802
CE_PIECECOORDINATION:0.4657947506276193
CE_MATERIAL:0.4768260613722201
CE_KINGSAFETY:0.48909648888435936
C_PIECESQUARETABLES:0.48790513494202914
C_MOBILITY:0.4922016520246287
C_KINGSAFETY:0.5156694042877726
C_PAWNSTRUCTURE:0.4904326022696728
C_PIECECOORDINATION:0.4999423805326672
C_ROOK:0.5006684884136161
CE_ROOK:0.47120151451049164
C_CENTERCONTROL:0.48052425633642815
C_DEVELOPPIECES:0.5564978561748882
C_MATERIAL:0.47415401958085157
C_MOVECOUNT:0.5101686612393888
C_PAWNMOVEMENT:0.4554712416520347
