ELO:917
CE_PASSEDPAWNS:0.5099463300051539
CE_PAWNWEAKNESSES:0.4948712769859612
CE_PIECEACTIVITY:0.5630483792309147
CE_KINGPAWNSHIELD:0.499365272465207
CE_PIECECOORDINATION:0.5063186077914585
CE_MATERIAL:0.5003695876031876
CE_KINGSAFETY:0.49761794279675325
C_PIECESQUARETABLES:0.5196018519873699
C_MOBILITY:0.4886389806653402
C_KINGSAFETY:0.5226710653913551
C_PAWNSTRUCTURE:0.4989669785869791
C_PIECECOORDINATION:0.4705150011194052
C_ROOKANDPAWNMOVEMENT:0.4705150011194052
C_CENTERCONTROL:0.5463831218029963
C_DEVELOPPIECES:0.49419450058791936
C_MATERIAL:0.5098790369827962
C_MOVECOUNT:0.46770260883560183
