ELO:929
CE_PASSEDPAWNS:0.4393107046254164
CE_PAWNWEAKNESSES:0.5321178622087406
CE_PIECEACTIVITY:0.5611314839605162
CE_KINGPAWNSHIELD:0.5565840009155306
CE_PIECECOORDINATION:0.3876530045649792
CE_MATERIAL:0.5237951131395916
CE_KINGSAFETY:0.4909188939648864
C_PIECESQUARETABLES:0.5097461279169698
C_MOBILITY:0.5013259566242989
C_KINGSAFETY:0.5049094146967336
C_PAWNSTRUCTURE:0.5838340107237904
C_PIECECOORDINATION:0.42899504185208265
C_ROOKANDPAWNMOVEMENT:0.42899504185208265
C_CENTERCONTROL:0.6966580560709288
C_DEVELOPPIECES:0.46527980838439725
C_MATERIAL:0.5288164397069626
