ELO:1000
CE_PASSEDPAWNS:0.49022596896733844
CE_PAWNWEAKNESSES:0.5
CE_PIECEACTIVITY:0.5
CE_KINGPAWNSHIELD:0.5
CE_PIECECOORDINATION:0.49355857665338265
CE_MATERIAL:0.5
CE_KINGSAFETY:0.5
C_PIECESQUARETABLES:0.5
C_MOBILITY:0.5
C_KINGSAFETY:0.5
C_PAWNSTRUCTURE:0.5
C_PIECECOORDINATION:0.5071348703793528
C_ROOKANDPAWNMOVEMENT:0.5071348703793528
C_CENTERCONTROL:0.5
C_DEVELOPPIECES:0.48892539386482725
C_MATERIAL:0.5
C_MOVECOUNT:0.5
