ELO:998
CE_PASSEDPAWNS:0.48840715079628005
CE_PAWNWEAKNESSES:0.5248186002767626
CE_PIECEACTIVITY:0.5457697541544265
CE_KINGPAWNSHIELD:0.5095454940529597
CE_PIECECOORDINATION:0.4498944443040369
CE_MATERIAL:0.5542711671316765
CE_KINGSAFETY:0.5113338027676548
C_PIECESQUARETABLES:0.5103688919591957
C_MOBILITY:0.44086889229185183
C_KINGSAFETY:0.5612817643173187
C_PAWNSTRUCTURE:0.6013575301904557
C_PIECECOORDINATION:0.5041810544905733
C_ROOKANDPAWNMOVEMENT:0.5041810544905733
C_CENTERCONTROL:0.6296086521753569
C_DEVELOPPIECES:0.46449565189228476
C_MATERIAL:0.512801934262066
