ELO:1056
CE_PASSEDPAWNS:0.49588355464412215
CE_PAWNWEAKNESSES:0.515380042729671
CE_PIECEACTIVITY:0.4393762188904596
CE_KINGPAWNSHIELD:0.49319689116099585
CE_PIECECOORDINATION:0.4879051311656402
CE_MATERIAL:0.41404660902517243
CE_KINGSAFETY:0.4949219961156704
C_PIECESQUARETABLES:0.4979175281885342
C_MOBILITY:0.4188649534809263
C_KINGSAFETY:0.6481419330190016
C_PAWNSTRUCTURE:0.422551085075832
C_PIECECOORDINATION:0.48699405539412366
C_ROOKANDPAWNMOVEMENT:0.48699405539412366
C_CENTERCONTROL:0.4926083779498129
C_DEVELOPPIECES:0.5865860125824406
C_MATERIAL:0.3918271072019264
