ELO:1013
CE_PASSEDPAWNS:0.505222794799286
CE_PAWNWEAKNESSES:0.4945921936351028
CE_PIECEACTIVITY:0.4745936245015029
CE_KINGPAWNSHIELD:0.4923162833745859
CE_PIECECOORDINATION:0.5155351540038402
CE_MATERIAL:0.5122607191349254
CE_KINGSAFETY:0.5
C_PIECESQUARETABLES:0.5
C_MOBILITY:0.517002976517761
C_KINGSAFETY:0.5146553062560553
C_PAWNSTRUCTURE:0.5228348870369013
C_PIECECOORDINATION:0.5
C_ROOKANDPAWNMOVEMENT:0.5
C_CENTERCONTROL:0.49932644595200454
C_DEVELOPPIECES:0.494402377685231
C_MATERIAL:0.5
C_MOVECOUNT:0.49683041997112704
