ELO:957
CE_PASSEDPAWNS:0.4717195475726933
CE_PAWNWEAKNESSES:0.48375404488680507
CE_PIECEACTIVITY:0.5257498856285316
CE_KINGPAWNSHIELD:0.5324561679363595
CE_PIECECOORDINATION:0.4652643172887864
CE_MATERIAL:0.4899040464721273
CE_KINGSAFETY:0.5
C_PIECESQUARETABLES:0.5025979676686961
C_MOBILITY:0.5432851687634238
C_KINGSAFETY:0.5499509665824663
C_PAWNSTRUCTURE:0.4755670196504814
C_PIECECOORDINATION:0.4801600355022941
C_ROOKANDPAWNMOVEMENT:0.4801600355022941
C_CENTERCONTROL:0.4937317358353788
C_DEVELOPPIECES:0.5023966425044623
C_MATERIAL:0.5354975203160897
C_MOVECOUNT:0.5310668167097938
