ELO:833
CE_PASSEDPAWNS:0.541626809580295
CE_PAWNWEAKNESSES:0.49057333970393735
CE_PIECEACTIVITY:0.4793298822368022
CE_KINGPAWNSHIELD:0.5060310976198718
CE_PIECECOORDINATION:0.44335907822700404
CE_MATERIAL:0.4314817652875446
CE_KINGSAFETY:0.5
C_PIECESQUARETABLES:0.5
C_MOBILITY:0.5532665943865387
C_KINGSAFETY:0.5191403109637358
C_PAWNSTRUCTURE:0.4718702315497784
C_PIECECOORDINATION:0.4937468787799713
C_ROOK:0.500956512776073
CE_ROOK:0.4222666739418478
C_CENTERCONTROL:0.4940985273743478
C_DEVELOPPIECES:0.5396540301836369
C_MATERIAL:0.4679633012501948
C_MOVECOUNT:0.5164120517380426
C_PAWNMOVEMENT:0.4832122782939823
