ELO:905
CE_PASSEDPAWNS:0.5519349771566022
CE_PAWNWEAKNESSES:0.486272241314244
CE_PIECEACTIVITY:0.5217475912083516
CE_KINGPAWNSHIELD:0.5270827052378654
CE_PIECECOORDINATION:0.4496550291343738
CE_MATERIAL:0.4398939992142651
CE_KINGSAFETY:0.49168878039631375
C_PIECESQUARETABLES:0.48307442706622095
C_MOBILITY:0.5061144107631161
C_KINGSAFETY:0.5043689580157092
C_PAWNSTRUCTURE:0.49968180601091167
C_PIECECOORDINATION:0.4961937939064014
C_ROOK:0.5001252679851766
CE_ROOK:0.43204510643186606
C_CENTERCONTROL:0.5027692953307756
C_DEVELOPPIECES:0.5541238045836833
C_MATERIAL:0.47020108429753665
C_MOVECOUNT:0.5044829752367821
C_PAWNMOVEMENT:0.4674248580080403
