ELO:917
CE_PASSEDPAWNS:0.5519349771566022
CE_PAWNWEAKNESSES:0.486272241314244
CE_PIECEACTIVITY:0.5284415126610725
CE_KINGPAWNSHIELD:0.5270827052378654
CE_PIECECOORDINATION:0.4496550291343738
CE_MATERIAL:0.4398939992142651
CE_KINGSAFETY:0.49168878039631375
C_PIECESQUARETABLES:0.48307442706622095
C_MOBILITY:0.5165098091143375
C_KINGSAFETY:0.5043689580157092
C_PAWNSTRUCTURE:0.5073448529902311
C_PIECECOORDINATION:0.48790852603681156
C_ROOK:0.5001252679851766
CE_ROOK:0.4401083802050418
C_CENTERCONTROL:0.500685189996946
C_DEVELOPPIECES:0.5532141421238823
C_MATERIAL:0.47020108429753665
C_MOVECOUNT:0.5044829752367821
C_PAWNMOVEMENT:0.4674248580080403
