ELO:1030
CE_PASSEDPAWNS:0.5
CE_PAWNWEAKNESSES:0.4849654191099012
CE_PIECEACTIVITY:0.4745936245015029
CE_KINGPAWNSHIELD:0.5
CE_PIECECOORDINATION:0.5180811306708064
CE_MATERIAL:0.5032595807358167
CE_KINGSAFETY:0.5
C_PIECESQUARETABLES:0.5
C_MOBILITY:0.48444753785313716
C_KINGSAFETY:0.5
C_PAWNSTRUCTURE:0.5228348870369013
C_PIECECOORDINATION:0.5
C_ROOKANDPAWNMOVEMENT:0.5
C_CENTERCONTROL:0.5028914203653504
C_DEVELOPPIECES:0.5
C_MATERIAL:0.5
C_MOVECOUNT:0.4973395828017751
