ELO:1000
CE_PASSEDPAWNS:0.4760009326540365
CE_PAWNWEAKNESSES:0.4554056529734319
CE_PIECEACTIVITY:0.46950447278368446
CE_KINGPAWNSHIELD:0.512834943701067
CE_PIECECOORDINATION:0.5129172959598955
CE_MATERIAL:0.47075821875463125
CE_KINGSAFETY:0.5045808462546167
C_PIECESQUARETABLES:0.47917316919918845
C_MOBILITY:0.480627248495509
C_KINGSAFETY:0.5517169787214751
C_PAWNSTRUCTURE:0.521020276613105
C_PIECECOORDINATION:0.5413238597116925
C_ROOKANDPAWNMOVEMENT:0.5413238597116925
C_CENTERCONTROL:0.5688101822623722
C_DEVELOPPIECES:0.5528019310855781
C_MATERIAL:0.5341201599333488
