ELO:962
CE_PASSEDPAWNS:0.48303080668435333
CE_PAWNWEAKNESSES:0.4662954202242943
CE_PIECEACTIVITY:0.49484450908726774
CE_KINGPAWNSHIELD:0.5607480353444905
CE_PIECECOORDINATION:0.506425799996425
CE_MATERIAL:0.5206963259086925
CE_KINGSAFETY:0.5004074283203667
C_PIECESQUARETABLES:0.49522103527715244
C_MOBILITY:0.4966960396654634
C_KINGSAFETY:0.4794175713366083
C_PAWNSTRUCTURE:0.45304513621706477
C_PIECECOORDINATION:0.6054158926363009
C_ROOKANDPAWNMOVEMENT:0.6054158926363009
C_CENTERCONTROL:0.4566599649327285
C_DEVELOPPIECES:0.5694589185983344
C_MATERIAL:0.5290403118435687
