ELO:814
CE_PASSEDPAWNS:0.47121072850564893
CE_PAWNWEAKNESSES:0.4172436415441722
CE_PIECEACTIVITY:0.5184556023152408
CE_KINGPAWNSHIELD:0.608892593081104
CE_PIECECOORDINATION:0.5866137831402525
CE_MATERIAL:0.3678958258618518
CE_KINGSAFETY:0.504619179574963
C_PIECESQUARETABLES:0.49494518869228404
C_MOBILITY:0.6303099578159673
C_KINGSAFETY:0.45196465713240985
C_PAWNSTRUCTURE:0.540937324776979
C_PIECECOORDINATION:0.5586130951833324
C_ROOKANDPAWNMOVEMENT:0.5586130951833324
C_CENTERCONTROL:0.49074832688261943
C_DEVELOPPIECES:0.35798772889691793
C_MATERIAL:0.5400718865269796
