ELO:998
CE_PASSEDPAWNS:0.550908182415282
CE_PAWNWEAKNESSES:0.5233620675537152
CE_PIECEACTIVITY:0.44387753964911586
CE_KINGPAWNSHIELD:0.48078394541129676
CE_PIECECOORDINATION:0.5471933011490472
CE_MATERIAL:0.49061459682818626
CE_KINGSAFETY:0.48484393381744356
C_PIECESQUARETABLES:0.49623859720526836
C_MOBILITY:0.5487167192534168
C_KINGSAFETY:0.5756398141030525
C_PAWNSTRUCTURE:0.485547632066171
C_PIECECOORDINATION:0.5117606442852287
C_ROOKANDPAWNMOVEMENT:0.5117606442852287
C_CENTERCONTROL:0.4854951089840803
C_DEVELOPPIECES:0.5260816226509527
C_MATERIAL:0.4788969748744022
