ELO:990
CE_PASSEDPAWNS:0.39792981371987557
CE_PAWNWEAKNESSES:0.4449176979510626
CE_PIECEACTIVITY:0.5055534717583172
CE_KINGPAWNSHIELD:0.5078963304504348
CE_PIECECOORDINATION:0.6092782055877115
CE_MATERIAL:0.41336631444981087
CE_KINGSAFETY:0.49590739686162666
C_PIECESQUARETABLES:0.4895063721927051
C_MOBILITY:0.6161609306185186
C_KINGSAFETY:0.5742475742575268
C_PAWNSTRUCTURE:0.6145138921841324
C_PIECECOORDINATION:0.6135308168497035
C_ROOKANDPAWNMOVEMENT:0.6135308168497035
C_CENTERCONTROL:0.3791738811592719
C_DEVELOPPIECES:0.5514593072683028
C_MATERIAL:0.5866536899795093
