ELO:999
CE_PASSEDPAWNS:0.49366893540074797
CE_PAWNWEAKNESSES:0.48440124372757465
CE_PIECEACTIVITY:0.5452308872963469
CE_KINGPAWNSHIELD:0.5216363258800816
CE_PIECECOORDINATION:0.46698064492017705
CE_MATERIAL:0.5474639184137112
CE_KINGSAFETY:0.46387563446115393
C_PIECESQUARETABLES:0.4918519473737444
C_MOBILITY:0.4249767163195984
C_KINGSAFETY:0.5749952560301695
C_PAWNSTRUCTURE:0.5773609211472273
C_PIECECOORDINATION:0.5051701463075079
C_ROOKANDPAWNMOVEMENT:0.5051701463075079
C_CENTERCONTROL:0.640268501659193
C_DEVELOPPIECES:0.4699757690786627
C_MATERIAL:0.5264020173675876
