ELO:941
CE_PASSEDPAWNS:0.46718703587166294
CE_PAWNWEAKNESSES:0.528529679763339
CE_PIECEACTIVITY:0.5419437600199176
CE_KINGPAWNSHIELD:0.5714141997869379
CE_PIECECOORDINATION:0.3750401907007399
CE_MATERIAL:0.516177527433088
CE_KINGSAFETY:0.5
C_PIECESQUARETABLES:0.5
C_MOBILITY:0.4791360012667962
C_KINGSAFETY:0.5064935942529931
C_PAWNSTRUCTURE:0.562522752605415
C_PIECECOORDINATION:0.4551710143247417
C_ROOKANDPAWNMOVEMENT:0.4551710143247417
C_CENTERCONTROL:0.7097154777227648
C_DEVELOPPIECES:0.4777880827812508
C_MATERIAL:0.522755141027249
