ELO:1000
CE_PASSEDPAWNS:0.5503734258729178
CE_PAWNWEAKNESSES:0.49153298874276286
CE_PIECEACTIVITY:0.47381642817673086
CE_KINGPAWNSHIELD:0.48778024812908805
CE_PIECECOORDINATION:0.5699459785553306
CE_MATERIAL:0.5192157185042696
CE_KINGSAFETY:0.49431033303778166
C_PIECESQUARETABLES:0.5052088760403821
C_MOBILITY:0.5106620080522429
C_KINGSAFETY:0.5312352742146395
C_PAWNSTRUCTURE:0.4707692370803214
C_PIECECOORDINATION:0.4848701376168626
C_ROOKANDPAWNMOVEMENT:0.4848701376168626
C_CENTERCONTROL:0.41556472209383694
C_DEVELOPPIECES:0.4838196354829076
C_MATERIAL:0.4620361701422709
