ELO:1014
CE_PASSEDPAWNS:0.5273466685305224
CE_PAWNWEAKNESSES:0.5024536240976807
CE_PIECEACTIVITY:0.5070427071349629
CE_KINGPAWNSHIELD:0.5323770358381926
CE_PIECECOORDINATION:0.5395571360189806
CE_MATERIAL:0.47981717187433165
CE_KINGSAFETY:0.4622727771100309
C_PIECESQUARETABLES:0.49732570123088843
C_MOBILITY:0.46669807801712176
C_KINGSAFETY:0.5018713034424945
C_PAWNSTRUCTURE:0.48015287344348356
C_PIECECOORDINATION:0.5713531674228238
C_ROOKANDPAWNMOVEMENT:0.5713531674228238
C_CENTERCONTROL:0.4866782052334251
C_DEVELOPPIECES:0.5169862902200455
C_MATERIAL:0.4973874463343323
