ELO:984
CE_PASSEDPAWNS:0.5
CE_PAWNWEAKNESSES:0.5013538756920445
CE_PIECEACTIVITY:0.5042952133200088
CE_KINGPAWNSHIELD:0.5
CE_PIECECOORDINATION:0.5001261427560351
CE_MATERIAL:0.510735090723319
CE_KINGSAFETY:0.5177930117088158
C_PIECESQUARETABLES:0.4985926501347256
C_MOBILITY:0.49629928171333615
C_KINGSAFETY:0.5006113803930039
C_PAWNSTRUCTURE:0.5025991393830443
C_PIECECOORDINATION:0.5
C_ROOKANDPAWNMOVEMENT:0.5
C_CENTERCONTROL:0.49421415182158274
C_DEVELOPPIECES:0.507060493356606
C_MATERIAL:0.5
