ELO:1000
CE_PASSEDPAWNS:0.4976198743667747
CE_PAWNWEAKNESSES:0.5065458453904236
CE_PIECEACTIVITY:0.5031389949597284
CE_KINGPAWNSHIELD:0.5263928964523104
CE_PIECECOORDINATION:0.4732776404188758
CE_MATERIAL:0.48829559834484787
CE_KINGSAFETY:0.4776459956337361
C_PIECESQUARETABLES:0.5
C_MOBILITY:0.5032914429273174
C_KINGSAFETY:0.4878226211448367
C_PAWNSTRUCTURE:0.4967032257855541
C_PIECECOORDINATION:0.5073390804674769
C_ROOK:0.5144077609383051
CE_ROOK:0.5
C_CENTERCONTROL:0.5088172278152655
C_DEVELOPPIECES:0.49883757271467005
C_MATERIAL:0.49327717391036524
C_MOVECOUNT:0.4998155989961736
C_PAWNMOVEMENT:0.5376911433556777
