ELO:1094
CE_PASSEDPAWNS:0.4492981918520326
CE_PAWNWEAKNESSES:0.4402975874878015
CE_PIECEACTIVITY:0.48013743344619403
CE_KINGPAWNSHIELD:0.41731953404031463
CE_PIECECOORDINATION:0.4740445867024571
CE_MATERIAL:0.44961005526815945
CE_KINGSAFETY:0.5
C_PIECESQUARETABLES:0.5066651132347237
C_MOBILITY:0.4248722025850633
C_KINGSAFETY:0.6341714714114789
C_PAWNSTRUCTURE:0.44700913795848674
C_PIECECOORDINATION:0.4941055285451583
C_ROOKANDPAWNMOVEMENT:0.4941055285451583
C_CENTERCONTROL:0.4893724143328136
C_DEVELOPPIECES:0.5536759392867532
C_MATERIAL:0.3847798461631917
