ELO:1007
CE_PASSEDPAWNS:0.5
CE_PAWNWEAKNESSES:0.49974217584860653
CE_PIECEACTIVITY:0.5018416067891021
CE_KINGPAWNSHIELD:0.49999867862818953
CE_PIECECOORDINATION:0.49138618704032155
CE_MATERIAL:0.5098392049998903
CE_KINGSAFETY:0.5
C_PIECESQUARETABLES:0.5
C_MOBILITY:0.5114077490841794
C_KINGSAFETY:0.5
C_PAWNSTRUCTURE:0.5115708483294449
C_PIECECOORDINATION:0.49106351078862787
C_ROOKANDPAWNMOVEMENT:0.49106351078862787
C_CENTERCONTROL:0.4930199270645043
C_DEVELOPPIECES:0.4988385811646636
C_MATERIAL:0.5018967976288704
C_MOVECOUNT:0.49683041997112704
