ELO:922
CE_PASSEDPAWNS:0.5242536599091877
CE_PAWNWEAKNESSES:0.4992662346015875
CE_PIECEACTIVITY:0.5189882645960664
CE_KINGPAWNSHIELD:0.5310001796727896
CE_PIECECOORDINATION:0.46243603162783514
CE_MATERIAL:0.4768260613722201
CE_KINGSAFETY:0.4825737350828288
C_PIECESQUARETABLES:0.4912693364511778
C_MOBILITY:0.503566363075259
C_KINGSAFETY:0.5156694042877726
C_PAWNSTRUCTURE:0.48645907211439604
C_PIECECOORDINATION:0.4999423805326672
C_ROOK:0.5006684884136161
CE_ROOK:0.46075047375968353
C_CENTERCONTROL:0.4837500399059251
C_DEVELOPPIECES:0.5564978561748882
C_MATERIAL:0.47415401958085157
C_MOVECOUNT:0.5092249983012109
C_PAWNMOVEMENT:0.4554712416520347
