ELO:960
CE_PASSEDPAWNS:0.5083745601686657
CE_PAWNWEAKNESSES:0.4860622877328933
CE_PIECEACTIVITY:0.5029844881681802
CE_KINGPAWNSHIELD:0.4902104599686843
CE_PIECECOORDINATION:0.48215505479360615
CE_MATERIAL:0.5232307136954119
CE_KINGSAFETY:0.4692766593547522
C_PIECESQUARETABLES:0.5357015432010084
C_MOBILITY:0.5074840809482184
C_KINGSAFETY:0.5011619903566149
C_PAWNSTRUCTURE:0.5011612144146526
C_PIECECOORDINATION:0.49791638607432503
C_ROOKANDPAWNMOVEMENT:0.49791638607432503
C_CENTERCONTROL:0.48744862163129715
C_DEVELOPPIECES:0.48829002721394055
C_MATERIAL:0.4780461941041928
C_MOVECOUNT:0.5
