ELO:998
CE_PASSEDPAWNS:0.48617304197541017
CE_PAWNWEAKNESSES:0.48346241315726174
CE_PIECEACTIVITY:0.5
CE_KINGPAWNSHIELD:0.509720439033926
CE_PIECECOORDINATION:0.47544860788561016
CE_MATERIAL:0.5013083111005446
CE_KINGSAFETY:0.5
C_PIECESQUARETABLES:0.4752620083417389
C_MOBILITY:0.5039186719701176
C_KINGSAFETY:0.5
C_PAWNSTRUCTURE:0.5085328306194568
C_PIECECOORDINATION:0.4867769574259361
C_ROOKANDPAWNMOVEMENT:0.4867769574259361
C_CENTERCONTROL:0.5
C_DEVELOPPIECES:0.5050834149118658
C_MATERIAL:0.48961976207647895
C_MOVECOUNT:0.5
