ELO:1013
CE_PASSEDPAWNS:0.5019051385009652
CE_PAWNWEAKNESSES:0.5185002037571955
CE_PIECEACTIVITY:0.5120497510077455
CE_KINGPAWNSHIELD:0.4955123460628961
CE_PIECECOORDINATION:0.4829386164179933
CE_MATERIAL:0.5
CE_KINGSAFETY:0.5195728606653162
C_PIECESQUARETABLES:0.5116056462879518
C_MOBILITY:0.45272315397925716
C_KINGSAFETY:0.49299741512001133
C_PAWNSTRUCTURE:0.5
C_PIECECOORDINATION:0.5070412397845262
C_ROOKANDPAWNMOVEMENT:0.5070412397845262
C_CENTERCONTROL:0.4884686700298677
C_DEVELOPPIECES:0.5
C_MATERIAL:0.5
C_MOVECOUNT:0.5
