ELO:916
CE_PASSEDPAWNS:0.4845722602724501
CE_PAWNWEAKNESSES:0.4807976384928797
CE_PIECEACTIVITY:0.539834799042632
CE_KINGPAWNSHIELD:0.500747646376178
CE_PIECECOORDINATION:0.5114206688472297
CE_MATERIAL:0.5200057454259915
CE_KINGSAFETY:0.5
C_PIECESQUARETABLES:0.5
C_MOBILITY:0.4889756068711095
C_KINGSAFETY:0.5117735832719053
C_PAWNSTRUCTURE:0.48546770351787744
C_PIECECOORDINATION:0.5
C_ROOKANDPAWNMOVEMENT:0.5
C_CENTERCONTROL:0.5491836512583975
C_DEVELOPPIECES:0.4797806398437118
C_MATERIAL:0.5147363763626386
C_MOVECOUNT:0.4717749847730842
