ELO:892
CE_PASSEDPAWNS:0.5083829636687418
CE_PAWNWEAKNESSES:0.440641811705245
CE_PIECEACTIVITY:0.4000188976539173
CE_KINGPAWNSHIELD:0.602492610941421
CE_PIECECOORDINATION:0.5834139711446605
CE_MATERIAL:0.5320629724508493
CE_KINGSAFETY:0.4645248865836881
C_PIECESQUARETABLES:0.4934452960567417
C_MOBILITY:0.43048071775220886
C_KINGSAFETY:0.540818818727735
C_PAWNSTRUCTURE:0.5272054911977562
C_PIECECOORDINATION:0.5545197547383384
C_ROOKANDPAWNMOVEMENT:0.5545197547383384
C_CENTERCONTROL:0.54593502708209
C_DEVELOPPIECES:0.5298643004665934
C_MATERIAL:0.5011813610318201
