ELO:997
CE_PASSEDPAWNS:0.5
CE_PAWNWEAKNESSES:0.5141570901079888
CE_PIECEACTIVITY:0.4775185681096296
CE_KINGPAWNSHIELD:0.5030790488216582
CE_PIECECOORDINATION:0.48464298584423104
CE_MATERIAL:0.5093515811201359
CE_KINGSAFETY:0.5093085991943225
C_PIECESQUARETABLES:0.5
C_MOBILITY:0.490140067890074
C_KINGSAFETY:0.4900103777839744
C_PAWNSTRUCTURE:0.49920564344192836
C_PIECECOORDINATION:0.49428342355951954
C_ROOKANDPAWNMOVEMENT:0.49428342355951954
C_CENTERCONTROL:0.477403780107435
C_DEVELOPPIECES:0.48977087227759686
C_MATERIAL:0.5063453386766394
C_MOVECOUNT:0.5
