ELO:1000
CE_PASSEDPAWNS:0.5153941769949961
CE_PAWNWEAKNESSES:0.5122113715853824
CE_PIECEACTIVITY:0.48784976763169824
CE_KINGPAWNSHIELD:0.5088230262571676
CE_PIECECOORDINATION:0.5025407727120776
CE_MATERIAL:0.47911668876534863
CE_KINGSAFETY:0.5126348765253774
C_PIECESQUARETABLES:0.5025234051065904
C_MOBILITY:0.5044701323307857
C_KINGSAFETY:0.4884023631158751
C_PAWNSTRUCTURE:0.48029290806339625
C_PIECECOORDINATION:0.49751208926512486
C_ROOKANDPAWNMOVEMENT:0.49751208926512486
C_CENTERCONTROL:0.5112064923436952
C_DEVELOPPIECES:0.5039909396026574
C_MATERIAL:0.5067138162090186
