ELO:1101
CE_PASSEDPAWNS:0.4336334720325186
CE_PAWNWEAKNESSES:0.5049538678398092
CE_PIECEACTIVITY:0.48607575301297073
CE_KINGPAWNSHIELD:0.4748382772340489
CE_PIECECOORDINATION:0.5529539994724397
CE_MATERIAL:0.4400008313258132
CE_KINGSAFETY:0.5
C_PIECESQUARETABLES:0.5
C_MOBILITY:0.4396824624856574
C_KINGSAFETY:0.4885269600446576
C_PAWNSTRUCTURE:0.39497226664417506
C_PIECECOORDINATION:0.45924810453571213
C_ROOKANDPAWNMOVEMENT:0.45924810453571213
C_CENTERCONTROL:0.5952310041286624
C_DEVELOPPIECES:0.5034004472324135
C_MATERIAL:0.4121140094299766
