ELO:987
CE_PASSEDPAWNS:0.5049838229022422
CE_PAWNWEAKNESSES:0.4842249787764364
CE_PIECEACTIVITY:0.48511296549024585
CE_KINGPAWNSHIELD:0.49060897515868696
CE_PIECECOORDINATION:0.48377626685579395
CE_MATERIAL:0.49144835870661463
CE_KINGSAFETY:0.4909077086899265
C_PIECESQUARETABLES:0.5385682717603033
C_MOBILITY:0.4979540471001025
C_KINGSAFETY:0.5013109510813573
C_PAWNSTRUCTURE:0.5078705173207732
C_PIECECOORDINATION:0.49554634597270725
C_ROOK:0.5001638480979749
CE_ROOK:0.4915231264506878
C_CENTERCONTROL:0.49048812821892984
C_DEVELOPPIECES:0.510205135089207
C_MATERIAL:0.4930279738748347
C_MOVECOUNT:0.5
C_PAWNMOVEMENT:0.49656503107515954
