ELO:933
CE_PASSEDPAWNS:0.42911819965394493
CE_PAWNWEAKNESSES:0.51995502903811
CE_PIECEACTIVITY:0.41618399625919295
CE_KINGPAWNSHIELD:0.4959758355195873
CE_PIECECOORDINATION:0.5609985324026395
CE_MATERIAL:0.5311813597012814
CE_KINGSAFETY:0.5272008198884133
C_PIECESQUARETABLES:0.4933342229824073
C_MOBILITY:0.5573278151858372
C_KINGSAFETY:0.41700466419870386
C_PAWNSTRUCTURE:0.44137546149273266
C_PIECECOORDINATION:0.5179980679508894
C_ROOKANDPAWNMOVEMENT:0.5179980679508894
C_CENTERCONTROL:0.4802996459886641
C_DEVELOPPIECES:0.5189246212915547
C_MATERIAL:0.5534758720709886
