ELO:1023
CE_PASSEDPAWNS:0.5055145788900314
CE_PAWNWEAKNESSES:0.5017599731658561
CE_PIECEACTIVITY:0.4961010596293432
CE_KINGPAWNSHIELD:0.5
CE_PIECECOORDINATION:0.5
CE_MATERIAL:0.5
CE_KINGSAFETY:0.49546216429003237
C_PIECESQUARETABLES:0.4908637014635239
C_MOBILITY:0.5100976640321816
C_KINGSAFETY:0.5
C_PAWNSTRUCTURE:0.496498939581715
C_PIECECOORDINATION:0.49789484162712394
C_ROOKANDPAWNMOVEMENT:0.49789484162712394
C_CENTERCONTROL:0.5232238814983241
C_DEVELOPPIECES:0.5
C_MATERIAL:0.5034066064691584
C_MOVECOUNT:0.5
