ELO:1139
CE_PASSEDPAWNS:0.4978730098859009
CE_PAWNWEAKNESSES:0.44953194815636344
CE_PIECEACTIVITY:0.5034338108173293
CE_KINGPAWNSHIELD:0.4608060467372915
CE_PIECECOORDINATION:0.4941702134267602
CE_MATERIAL:0.5
CE_KINGSAFETY:0.5
C_PIECESQUARETABLES:0.5
C_MOBILITY:0.5
C_KINGSAFETY:0.5
C_PAWNSTRUCTURE:0.5051694417506152
C_PIECECOORDINATION:0.5095802994076993
C_ROOKANDPAWNMOVEMENT:0.5095802994076993
C_CENTERCONTROL:0.4878621039945398
C_DEVELOPPIECES:0.5
C_MATERIAL:0.5
C_MOVECOUNT:0.5100882824475276
