ELO:1000
CE_PASSEDPAWNS:0.4861041533803006
CE_PAWNWEAKNESSES:0.5053332932045598
CE_PIECEACTIVITY:0.5050528573422918
CE_KINGPAWNSHIELD:0.5127402561419927
CE_PIECECOORDINATION:0.5114107214682352
CE_MATERIAL:0.5443452717877505
CE_KINGSAFETY:0.4945897816201044
C_PIECESQUARETABLES:0.4847420377360467
C_MOBILITY:0.5208125547912343
C_KINGSAFETY:0.49056017877522584
C_PAWNSTRUCTURE:0.4727176219168733
C_PIECECOORDINATION:0.4804101690875655
C_ROOKANDPAWNMOVEMENT:0.4804101690875655
C_CENTERCONTROL:0.5005792664498026
C_DEVELOPPIECES:0.481131314040307
C_MATERIAL:0.5105836950854871
