ELO:986
CE_PASSEDPAWNS:0.5198251908053501
CE_PAWNWEAKNESSES:0.4686916041855931
CE_PIECEACTIVITY:0.4833961858851981
CE_KINGPAWNSHIELD:0.5172795618158418
CE_PIECECOORDINATION:0.5187054677669618
CE_MATERIAL:0.5242675299003958
CE_KINGSAFETY:0.500158683188079
C_PIECESQUARETABLES:0.47983427830644765
C_MOBILITY:0.5012437283256407
C_KINGSAFETY:0.5289761896168828
C_PAWNSTRUCTURE:0.5141608133268931
C_PIECECOORDINATION:0.4955918837594532
C_ROOK:0.5376305871992728
CE_ROOK:0.5058354309301323
C_CENTERCONTROL:0.4829557525752089
C_DEVELOPPIECES:0.510531665420252
C_MATERIAL:0.5046918270710168
C_MOVECOUNT:0.5231831817134885
C_PAWNMOVEMENT:0.4962129138596531
