ELO:1083
CE_PASSEDPAWNS:0.45347968437646774
CE_PAWNWEAKNESSES:0.4934928913245425
CE_PIECEACTIVITY:0.48910163648931454
CE_KINGPAWNSHIELD:0.4803372654420404
CE_PIECECOORDINATION:0.5594000847128794
CE_MATERIAL:0.47242941111427444
CE_KINGSAFETY:0.5124705762259173
C_PIECESQUARETABLES:0.517240975992881
C_MOBILITY:0.5403384483548253
C_KINGSAFETY:0.6009543595079152
C_PAWNSTRUCTURE:0.4486768455284583
C_PIECECOORDINATION:0.4517371477652434
C_ROOKANDPAWNMOVEMENT:0.4517371477652434
C_CENTERCONTROL:0.5963552997368872
C_DEVELOPPIECES:0.5569428961559563
C_MATERIAL:0.38032458261012986
