ELO:1000
CE_PASSEDPAWNS:0.5043928232151912
CE_PAWNWEAKNESSES:0.522621316032146
CE_PIECEACTIVITY:0.47167304252128434
CE_KINGPAWNSHIELD:0.49142371023304976
CE_PIECECOORDINATION:0.49737496765986705
CE_MATERIAL:0.5104607854557031
CE_KINGSAFETY:0.5237788524619983
C_PIECESQUARETABLES:0.5225425939200551
C_MOBILITY:0.5105165800490521
C_KINGSAFETY:0.5129107021749874
C_PAWNSTRUCTURE:0.4921331370685721
C_PIECECOORDINATION:0.5238164240388095
C_ROOKANDPAWNMOVEMENT:0.5238164240388095
C_CENTERCONTROL:0.5364588523899035
C_DEVELOPPIECES:0.5047163694197679
C_MATERIAL:0.49204906270856597
