ELO:1000
CE_PASSEDPAWNS:0.4906720334489878
CE_PAWNWEAKNESSES:0.5051782995340639
CE_PIECEACTIVITY:0.49788850632241594
CE_KINGPAWNSHIELD:0.4993832329923184
CE_PIECECOORDINATION:0.5079918372710012
CE_MATERIAL:0.579645106154662
CE_KINGSAFETY:0.5093026040263715
C_PIECESQUARETABLES:0.49966473237380676
C_MOBILITY:0.5035999927718158
C_KINGSAFETY:0.4528430356464813
C_PAWNSTRUCTURE:0.4746835722650696
C_PIECECOORDINATION:0.4593377282886795
C_ROOKANDPAWNMOVEMENT:0.4593377282886795
C_CENTERCONTROL:0.48374629301875666
C_DEVELOPPIECES:0.4780800199154798
C_MATERIAL:0.5218190279614744
