ELO:864
CE_PASSEDPAWNS:0.4608850955280622
CE_PAWNWEAKNESSES:0.5326539740132166
CE_PIECEACTIVITY:0.5177538793989496
CE_KINGPAWNSHIELD:0.5555629218730154
CE_PIECECOORDINATION:0.4935488541128212
CE_MATERIAL:0.5352754223850735
CE_KINGSAFETY:0.4872778538760527
C_PIECESQUARETABLES:0.5137071964611755
C_MOBILITY:0.4429128598935444
C_KINGSAFETY:0.49431083319703384
C_PAWNSTRUCTURE:0.5217084749298638
C_PIECECOORDINATION:0.47240144674909207
C_ROOKANDPAWNMOVEMENT:0.47240144674909207
C_CENTERCONTROL:0.516028226510506
C_DEVELOPPIECES:0.5290018954643761
C_MATERIAL:0.4582083148870065
C_MOVECOUNT:0.5
