ELO:1023
CE_PASSEDPAWNS:0.5
CE_PAWNWEAKNESSES:0.5
CE_PIECEACTIVITY:0.5
CE_KINGPAWNSHIELD:0.5
CE_PIECECOORDINATION:0.5099265990011972
CE_MATERIAL:0.5
CE_KINGSAFETY:0.5
C_PIECESQUARETABLES:0.499729447512543
C_MOBILITY:0.5062132879378667
C_KINGSAFETY:0.49997373436425135
C_PAWNSTRUCTURE:0.506632881782137
C_PIECECOORDINATION:0.5010065580370402
C_ROOKANDPAWNMOVEMENT:0.5010065580370402
C_CENTERCONTROL:0.500538905888667
C_DEVELOPPIECES:0.506190052170065
C_MATERIAL:0.5
