ELO:937
CE_PASSEDPAWNS:0.5324523280019003
CE_PAWNWEAKNESSES:0.527378890874952
CE_PIECEACTIVITY:0.4772026592868571
CE_KINGPAWNSHIELD:0.514855821815254
CE_PIECECOORDINATION:0.5076043648184114
CE_MATERIAL:0.5109269069163257
CE_KINGSAFETY:0.5035479261513854
C_PIECESQUARETABLES:0.5
C_MOBILITY:0.5030910860160881
C_KINGSAFETY:0.5433488313662409
C_PAWNSTRUCTURE:0.5426560510195958
C_PIECECOORDINATION:0.476130591322661
C_ROOK:0.5089747378149816
CE_ROOK:0.5024699107443854
C_CENTERCONTROL:0.48729194010107174
C_DEVELOPPIECES:0.534745355465634
C_MATERIAL:0.5178476972984342
C_MOVECOUNT:0.5410599744160782
C_PAWNMOVEMENT:0.504837676898707
