ELO:1056
CE_PASSEDPAWNS:0.5
CE_PAWNWEAKNESSES:0.41870822352113435
CE_PIECEACTIVITY:0.5
CE_KINGPAWNSHIELD:0.49882831569513875
CE_PIECECOORDINATION:0.4892460260833649
CE_MATERIAL:0.4826090046800033
CE_KINGSAFETY:0.4882524681028112
C_PIECESQUARETABLES:0.5050807367315696
C_MOBILITY:0.5207860227840152
C_KINGSAFETY:0.5046986397116634
C_PAWNSTRUCTURE:0.5
C_PIECECOORDINATION:0.5053125384193604
C_ROOKANDPAWNMOVEMENT:0.5053125384193604
C_CENTERCONTROL:0.4764797213506156
C_DEVELOPPIECES:0.5074732449187329
C_MATERIAL:0.5
C_MOVECOUNT:0.5
