ELO:1022
CE_PASSEDPAWNS:0.5
CE_PAWNWEAKNESSES:0.5077036375598466
CE_PIECEACTIVITY:0.4979767004081049
CE_KINGPAWNSHIELD:0.5
CE_PIECECOORDINATION:0.5
CE_MATERIAL:0.4897051846952114
CE_KINGSAFETY:0.5003111614956908
C_PIECESQUARETABLES:0.5
C_MOBILITY:0.5
C_KINGSAFETY:0.5085950348234852
C_PAWNSTRUCTURE:0.5115708483294449
C_PIECECOORDINATION:0.5
C_ROOKANDPAWNMOVEMENT:0.5
C_CENTERCONTROL:0.49746299487137013
C_DEVELOPPIECES:0.4992520059048782
C_MATERIAL:0.49214382440357074
C_MOVECOUNT:0.5
