ELO:1000
CE_PASSEDPAWNS:0.5503542460452995
CE_PAWNWEAKNESSES:0.5404197028323254
CE_PIECEACTIVITY:0.4761289431754198
CE_KINGPAWNSHIELD:0.5275095878717395
CE_PIECECOORDINATION:0.5082760736994011
CE_MATERIAL:0.508501233465619
CE_KINGSAFETY:0.5158274797456341
C_PIECESQUARETABLES:0.5300046522661382
C_MOBILITY:0.4565051188183031
C_KINGSAFETY:0.525280245640812
C_PAWNSTRUCTURE:0.4630576301500029
C_PIECECOORDINATION:0.4610219936103812
C_ROOKANDPAWNMOVEMENT:0.4610219936103812
C_CENTERCONTROL:0.5072399592598774
C_DEVELOPPIECES:0.4886662893843768
C_MATERIAL:0.5312356155202824
