ELO:1013
CE_PASSEDPAWNS:0.47728448169028387
CE_PAWNWEAKNESSES:0.5049024437015641
CE_PIECEACTIVITY:0.5308351370513107
CE_KINGPAWNSHIELD:0.5030571267066213
CE_PIECECOORDINATION:0.5092537523484688
CE_MATERIAL:0.5010998685229807
CE_KINGSAFETY:0.5
C_PIECESQUARETABLES:0.49882575162813964
C_MOBILITY:0.5078304249104028
C_KINGSAFETY:0.49663593751669033
C_PAWNSTRUCTURE:0.49511946566482523
C_PIECECOORDINATION:0.5
C_ROOKANDPAWNMOVEMENT:0.5
C_CENTERCONTROL:0.48341735494626803
C_DEVELOPPIECES:0.44158125415068766
C_MATERIAL:0.5007019348549979
C_MOVECOUNT:0.5
