ELO:1000
CE_PASSEDPAWNS:0.4971890938750091
CE_PAWNWEAKNESSES:0.5066769821959497
CE_PIECEACTIVITY:0.4970606464727841
CE_KINGPAWNSHIELD:0.5080412450965492
CE_PIECECOORDINATION:0.5199054897883761
CE_MATERIAL:0.5557899696875602
CE_KINGSAFETY:0.5
C_PIECESQUARETABLES:0.5
C_MOBILITY:0.5174104957986629
C_KINGSAFETY:0.4602006909184766
C_PAWNSTRUCTURE:0.4595214314212409
C_PIECECOORDINATION:0.46186328589790593
C_ROOKANDPAWNMOVEMENT:0.46186328589790593
C_CENTERCONTROL:0.49500424266974075
C_DEVELOPPIECES:0.4736420129231243
C_MATERIAL:0.5182924292287452
