ELO:982
CE_PASSEDPAWNS:0.5104856601040942
CE_PAWNWEAKNESSES:0.47473182311368917
CE_PIECEACTIVITY:0.48757444191904775
CE_KINGPAWNSHIELD:0.4926592154368395
CE_PIECECOORDINATION:0.5136586156941761
CE_MATERIAL:0.510820467329209
CE_KINGSAFETY:0.4901159587579247
C_PIECESQUARETABLES:0.4789983880302809
C_MOBILITY:0.4940428010314796
C_KINGSAFETY:0.5235053867317455
C_PAWNSTRUCTURE:0.5149520234778483
C_PIECECOORDINATION:0.5047797453250444
C_ROOK:0.5305885761067859
CE_ROOK:0.49974278444059594
C_CENTERCONTROL:0.4921679902801417
C_DEVELOPPIECES:0.4943291412860794
C_MATERIAL:0.4950777103494403
C_MOVECOUNT:0.5243070735704738
C_PAWNMOVEMENT:0.49632183239006195
