ELO:1026
CE_PASSEDPAWNS:0.5
CE_PAWNWEAKNESSES:0.5
CE_PIECEACTIVITY:0.5
CE_KINGPAWNSHIELD:0.511120395168439
CE_PIECECOORDINATION:0.5
CE_MATERIAL:0.5214958727162444
CE_KINGSAFETY:0.48934230485505115
C_PIECESQUARETABLES:0.5
C_MOBILITY:0.5
C_KINGSAFETY:0.49094532681137687
C_PAWNSTRUCTURE:0.5433067970119236
C_PIECECOORDINATION:0.5
C_ROOKANDPAWNMOVEMENT:0.5
C_CENTERCONTROL:0.5000448322649048
C_DEVELOPPIECES:0.5
C_MATERIAL:0.49483529216085703
C_MOVECOUNT:0.5
