ELO:924
CE_PASSEDPAWNS:0.5268866819293408
CE_PAWNWEAKNESSES:0.49282919367316674
CE_PIECEACTIVITY:0.48142068874692523
CE_KINGPAWNSHIELD:0.492536910951997
CE_PIECECOORDINATION:0.4996482049051502
CE_MATERIAL:0.5315379020687955
CE_KINGSAFETY:0.4906791730121644
C_PIECESQUARETABLES:0.5039589510144364
C_MOBILITY:0.4515690300145059
C_KINGSAFETY:0.499468005439492
C_PAWNSTRUCTURE:0.49382223510429213
C_PIECECOORDINATION:0.5168051881116719
C_ROOKANDPAWNMOVEMENT:0.5168051881116719
C_CENTERCONTROL:0.5333630526153654
C_DEVELOPPIECES:0.484370715008268
C_MATERIAL:0.4574521237428772
C_MOVECOUNT:0.5
