ELO:1000
CE_PASSEDPAWNS:0.48995717214893125
CE_PAWNWEAKNESSES:0.5094556154480759
CE_PIECEACTIVITY:0.5
CE_KINGPAWNSHIELD:0.5
CE_PIECECOORDINATION:0.4998222399125267
CE_MATERIAL:0.5034048451270605
CE_KINGSAFETY:0.5
C_PIECESQUARETABLES:0.48802217766766043
C_MOBILITY:0.5
C_KINGSAFETY:0.4901989094810618
C_PAWNSTRUCTURE:0.5
C_PIECECOORDINATION:0.5
C_ROOKANDPAWNMOVEMENT:0.5
C_CENTERCONTROL:0.5
C_DEVELOPPIECES:0.5
C_MATERIAL:0.49773384272819415
C_MOVECOUNT:0.5
