ELO:947
CE_PASSEDPAWNS:0.45223308966247233
CE_PAWNWEAKNESSES:0.4996166376555313
CE_PIECEACTIVITY:0.41453117770809284
CE_KINGPAWNSHIELD:0.5434891831661472
CE_PIECECOORDINATION:0.5623473579265217
CE_MATERIAL:0.5213729865330138
CE_KINGSAFETY:0.5210401638712879
C_PIECESQUARETABLES:0.5146930119597083
C_MOBILITY:0.558433337530969
C_KINGSAFETY:0.413948063739334
C_PAWNSTRUCTURE:0.4025654936605607
C_PIECECOORDINATION:0.5276512469181459
C_ROOKANDPAWNMOVEMENT:0.5276512469181459
C_CENTERCONTROL:0.4719281716569339
C_DEVELOPPIECES:0.536791833429437
C_MATERIAL:0.5415391140171372
