ELO:982
CE_PASSEDPAWNS:0.5336623274397013
CE_PAWNWEAKNESSES:0.4831999714141433
CE_PIECEACTIVITY:0.45171509445565655
CE_KINGPAWNSHIELD:0.5822816162201593
CE_PIECECOORDINATION:0.5425573539540751
CE_MATERIAL:0.5671581015042246
CE_KINGSAFETY:0.5089079295602299
C_PIECESQUARETABLES:0.4994131752224036
C_MOBILITY:0.5802269262101525
C_KINGSAFETY:0.5410922439647661
C_PAWNSTRUCTURE:0.41709888881283647
C_PIECECOORDINATION:0.5841632620990485
C_ROOKANDPAWNMOVEMENT:0.5841632620990485
C_CENTERCONTROL:0.5317191358129628
C_DEVELOPPIECES:0.5111766934224744
C_MATERIAL:0.4665384004427003
