ELO:994
CE_PASSEDPAWNS:0.48942793932136824
CE_PAWNWEAKNESSES:0.5071021568381494
CE_PIECEACTIVITY:0.5068907551065929
CE_KINGPAWNSHIELD:0.4826283781820291
CE_PIECECOORDINATION:0.5075679854890969
CE_MATERIAL:0.48941235745729095
CE_KINGSAFETY:0.5
C_PIECESQUARETABLES:0.5
C_MOBILITY:0.47832743022968427
C_KINGSAFETY:0.48367101556159503
C_PAWNSTRUCTURE:0.4761419465236471
C_PIECECOORDINATION:0.49241590478135727
C_ROOKANDPAWNMOVEMENT:0.49241590478135727
C_CENTERCONTROL:0.504899391189381
C_DEVELOPPIECES:0.4747054492773576
C_MATERIAL:0.4998632449915931
C_MOVECOUNT:0.4801385704821941
