ELO:869
CE_PASSEDPAWNS:0.4428836172304096
CE_PAWNWEAKNESSES:0.35328709511131
CE_PIECEACTIVITY:0.4853046657985602
CE_KINGPAWNSHIELD:0.454011373220605
CE_PIECECOORDINATION:0.45029328004874286
CE_MATERIAL:0.6029207341624108
CE_KINGSAFETY:0.45999839780699153
C_PIECESQUARETABLES:0.4986999279486816
C_MOBILITY:0.47861741592950785
C_KINGSAFETY:0.4899549380845682
C_PAWNSTRUCTURE:0.5047421104996578
C_PIECECOORDINATION:0.4995910185130402
C_ROOKANDPAWNMOVEMENT:0.4995910185130402
C_CENTERCONTROL:0.41142442187270406
C_DEVELOPPIECES:0.4096846091071647
C_MATERIAL:0.4500174943665406
