ELO:979
CE_PASSEDPAWNS:0.5109003261710537
CE_PAWNWEAKNESSES:0.5060183975934192
CE_PIECEACTIVITY:0.47572696279035664
CE_KINGPAWNSHIELD:0.48189006619108743
CE_PIECECOORDINATION:0.5141704394942836
CE_MATERIAL:0.6251433261999546
CE_KINGSAFETY:0.47438301107407055
C_PIECESQUARETABLES:0.4936966994720375
C_MOBILITY:0.47407714015436875
C_KINGSAFETY:0.4438925015565259
C_PAWNSTRUCTURE:0.4659834261454827
C_PIECECOORDINATION:0.4646324543751652
C_ROOKANDPAWNMOVEMENT:0.4646324543751652
C_CENTERCONTROL:0.42657857377122765
C_DEVELOPPIECES:0.37805052800335864
C_MATERIAL:0.48380495963261255
