ELO:980
CE_PASSEDPAWNS:0.5
CE_PAWNWEAKNESSES:0.49926818234878617
CE_PIECEACTIVITY:0.5301076638595627
CE_KINGPAWNSHIELD:0.49689181679334143
CE_PIECECOORDINATION:0.4709654397025299
CE_MATERIAL:0.49668752066190774
CE_KINGSAFETY:0.5
C_PIECESQUARETABLES:0.5
C_MOBILITY:0.49955474344143236
C_KINGSAFETY:0.4732797668172483
C_PAWNSTRUCTURE:0.4941289468478039
C_PIECECOORDINATION:0.4942202236701558
C_ROOKANDPAWNMOVEMENT:0.4942202236701558
C_CENTERCONTROL:0.48214059531570763
C_DEVELOPPIECES:0.5028082335970081
C_MATERIAL:0.5136600367970382
C_MOVECOUNT:0.4782566371568871
