ELO:990
CE_PASSEDPAWNS:0.39792981371987557
CE_PAWNWEAKNESSES:0.4449176979510626
CE_PIECEACTIVITY:0.5129166716206084
CE_KINGPAWNSHIELD:0.4896087497376442
CE_PIECECOORDINATION:0.5973524348678694
CE_MATERIAL:0.4213960657971399
CE_KINGSAFETY:0.5090152662579792
C_PIECESQUARETABLES:0.4895063721927051
C_MOBILITY:0.6022888935355498
C_KINGSAFETY:0.5717660886303186
C_PAWNSTRUCTURE:0.62436365227218
C_PIECECOORDINATION:0.6137658542318026
C_ROOKANDPAWNMOVEMENT:0.6137658542318026
C_CENTERCONTROL:0.3665951999584158
C_DEVELOPPIECES:0.5559015353080694
C_MATERIAL:0.5866536899795093
