ELO:1000
CE_PASSEDPAWNS:0.5527253576250355
CE_PAWNWEAKNESSES:0.5458912497546639
CE_PIECEACTIVITY:0.48477779254658093
CE_KINGPAWNSHIELD:0.5163229268663911
CE_PIECECOORDINATION:0.4959096913275262
CE_MATERIAL:0.5164641674361925
CE_KINGSAFETY:0.5139780955406693
C_PIECESQUARETABLES:0.5300046522661382
C_MOBILITY:0.4548502853058254
C_KINGSAFETY:0.5403158332490693
C_PAWNSTRUCTURE:0.46915436663191834
C_PIECECOORDINATION:0.46295663385460756
C_ROOKANDPAWNMOVEMENT:0.46295663385460756
C_CENTERCONTROL:0.4996064401340986
C_DEVELOPPIECES:0.4859595874872513
C_MATERIAL:0.5364184284829517
