ELO:990
CE_PASSEDPAWNS:0.39842282437811805
CE_PAWNWEAKNESSES:0.4392946097721566
CE_PIECEACTIVITY:0.5101934609987724
CE_KINGPAWNSHIELD:0.4969112771905379
CE_PIECECOORDINATION:0.6092782055877115
CE_MATERIAL:0.41237886705497595
CE_KINGSAFETY:0.5090152662579792
C_PIECESQUARETABLES:0.4888205560652739
C_MOBILITY:0.6077714519039005
C_KINGSAFETY:0.5742475742575268
C_PAWNSTRUCTURE:0.6253337533408194
C_PIECECOORDINATION:0.6077108330545218
C_ROOKANDPAWNMOVEMENT:0.6077108330545218
C_CENTERCONTROL:0.3893235114622975
C_DEVELOPPIECES:0.5497740090459554
C_MATERIAL:0.5866536899795093
