ELO:984
CE_PASSEDPAWNS:0.4956801146347727
CE_PAWNWEAKNESSES:0.5001496350227224
CE_PIECEACTIVITY:0.48359339895019726
CE_KINGPAWNSHIELD:0.515855518868933
CE_PIECECOORDINATION:0.49596079228412665
CE_MATERIAL:0.49151774517180946
CE_KINGSAFETY:0.501862401696569
C_PIECESQUARETABLES:0.48457062240676585
C_MOBILITY:0.5106304341277141
C_KINGSAFETY:0.49997577100712853
C_PAWNSTRUCTURE:0.49889250451807937
C_PIECECOORDINATION:0.4974736782714003
C_ROOKANDPAWNMOVEMENT:0.4974736782714003
C_CENTERCONTROL:0.4728468795303603
C_DEVELOPPIECES:0.5298603246950209
C_MATERIAL:0.5041763924104439
C_MOVECOUNT:0.5042532313414901
