ELO:988
CE_PASSEDPAWNS:0.4064106059705652
CE_PAWNWEAKNESSES:0.4747266971979074
CE_PIECEACTIVITY:0.5101934609987724
CE_KINGPAWNSHIELD:0.49689123898867815
CE_PIECECOORDINATION:0.6092782055877115
CE_MATERIAL:0.4185935450332701
CE_KINGSAFETY:0.5008066327196753
C_PIECESQUARETABLES:0.4822898909912191
C_MOBILITY:0.6106431556756368
C_KINGSAFETY:0.5741690830894993
C_PAWNSTRUCTURE:0.62436365227218
C_PIECECOORDINATION:0.6196243576824312
C_ROOKANDPAWNMOVEMENT:0.6196243576824312
C_CENTERCONTROL:0.3791738811592719
C_DEVELOPPIECES:0.5067495606305472
C_MATERIAL:0.5855049318813529
