ELO:958
CE_PASSEDPAWNS:0.43973374478429494
CE_PAWNWEAKNESSES:0.4598056436750359
CE_PIECEACTIVITY:0.5287500051714263
CE_KINGPAWNSHIELD:0.4973328003387269
CE_PIECECOORDINATION:0.4763044420663084
CE_MATERIAL:0.6414531209204548
CE_KINGSAFETY:0.5038341149485309
C_PIECESQUARETABLES:0.47838251525848113
C_MOBILITY:0.5160786641942634
C_KINGSAFETY:0.5170201052889847
C_PAWNSTRUCTURE:0.4800682525358114
C_PIECECOORDINATION:0.5071139166387836
C_ROOKANDPAWNMOVEMENT:0.5071139166387836
C_CENTERCONTROL:0.4095314081351903
C_DEVELOPPIECES:0.3955778930932702
C_MATERIAL:0.4384374227836145
