ELO:1040
CE_PASSEDPAWNS:0.4967085056994156
CE_PAWNWEAKNESSES:0.5
CE_PIECEACTIVITY:0.49440830407849506
CE_KINGPAWNSHIELD:0.5060883234918445
CE_PIECECOORDINATION:0.4950721986526034
CE_MATERIAL:0.5034012949760374
CE_KINGSAFETY:0.5
C_PIECESQUARETABLES:0.504447103947898
C_MOBILITY:0.5
C_KINGSAFETY:0.5086464815989599
C_PAWNSTRUCTURE:0.5131573037563887
C_PIECECOORDINATION:0.4833197343723788
C_ROOKANDPAWNMOVEMENT:0.4833197343723788
C_CENTERCONTROL:0.49839558477761514
C_DEVELOPPIECES:0.5
C_MATERIAL:0.4940534609014824
