ELO:973
CE_PASSEDPAWNS:0.5198251908053501
CE_PAWNWEAKNESSES:0.4686916041855931
CE_PIECEACTIVITY:0.4833961858851981
CE_KINGPAWNSHIELD:0.5172795618158418
CE_PIECECOORDINATION:0.5187054677669618
CE_MATERIAL:0.5151006111432033
CE_KINGSAFETY:0.510729613023266
C_PIECESQUARETABLES:0.47983427830644765
C_MOBILITY:0.49215026084801144
C_KINGSAFETY:0.5289761896168828
C_PAWNSTRUCTURE:0.5111922661338404
C_PIECECOORDINATION:0.4962827041983366
C_ROOK:0.5376305871992728
CE_ROOK:0.5058354309301323
C_CENTERCONTROL:0.4829557525752089
C_DEVELOPPIECES:0.5161207313747541
C_MATERIAL:0.5006395785205852
C_MOVECOUNT:0.5222035326731094
C_PAWNMOVEMENT:0.49488193516183276
