ELO:957
CE_PASSEDPAWNS:0.4592730859965898
CE_PAWNWEAKNESSES:0.4897209494615385
CE_PIECEACTIVITY:0.4116672863177908
CE_KINGPAWNSHIELD:0.5320475558183841
CE_PIECECOORDINATION:0.544569151242717
CE_MATERIAL:0.5136091326238084
CE_KINGSAFETY:0.5189871207182463
C_PIECESQUARETABLES:0.5075930255671297
C_MOBILITY:0.5775652102730435
C_KINGSAFETY:0.4346864067284207
C_PAWNSTRUCTURE:0.4065824567855624
C_PIECECOORDINATION:0.5226007408927102
C_ROOKANDPAWNMOVEMENT:0.5226007408927102
C_CENTERCONTROL:0.46277243691159403
C_DEVELOPPIECES:0.5707912133529247
C_MATERIAL:0.5385262989350303
