ELO:967
CE_PASSEDPAWNS:0.4944353635562401
CE_PAWNWEAKNESSES:0.5177389780121209
CE_PIECEACTIVITY:0.4936945915512461
CE_KINGPAWNSHIELD:0.4930917463352384
CE_PIECECOORDINATION:0.5157057079475101
CE_MATERIAL:0.517434976272686
CE_KINGSAFETY:0.4845415916505271
C_PIECESQUARETABLES:0.49660735105320497
C_MOBILITY:0.518564455610151
C_KINGSAFETY:0.5288632880827533
C_PAWNSTRUCTURE:0.5134942113140478
C_PIECECOORDINATION:0.511294462631526
C_ROOKANDPAWNMOVEMENT:0.511294462631526
C_CENTERCONTROL:0.48475774622208684
C_DEVELOPPIECES:0.4944740545669039
C_MATERIAL:0.5066732687110977
C_MOVECOUNT:0.5042922998920158
