ELO:999
CE_PASSEDPAWNS:0.5
CE_PAWNWEAKNESSES:0.5
CE_PIECEACTIVITY:0.5071125122719516
CE_KINGPAWNSHIELD:0.5021421969545207
CE_PIECECOORDINATION:0.49379298313574843
CE_MATERIAL:0.5
CE_KINGSAFETY:0.5
C_PIECESQUARETABLES:0.5
C_MOBILITY:0.4991341628136339
C_KINGSAFETY:0.4977455044314271
C_PAWNSTRUCTURE:0.5
C_PIECECOORDINATION:0.5
C_ROOKANDPAWNMOVEMENT:0.5
C_CENTERCONTROL:0.500879960531406
C_DEVELOPPIECES:0.5013894901677293
C_MATERIAL:0.5
C_MOVECOUNT:0.5
