ELO:1004
CE_PASSEDPAWNS:0.5055145788900314
CE_PAWNWEAKNESSES:0.5034069046189746
CE_PIECEACTIVITY:0.4979767004081049
CE_KINGPAWNSHIELD:0.5
CE_PIECECOORDINATION:0.495548639947138
CE_MATERIAL:0.5
CE_KINGSAFETY:0.5
C_PIECESQUARETABLES:0.5
C_MOBILITY:0.5
C_KINGSAFETY:0.49339089680904796
C_PAWNSTRUCTURE:0.5115708483294449
C_PIECECOORDINATION:0.5136329017704235
C_ROOKANDPAWNMOVEMENT:0.5136329017704235
C_CENTERCONTROL:0.49746299487137013
C_DEVELOPPIECES:0.5067273104613929
C_MATERIAL:0.49559869585890004
C_MOVECOUNT:0.4878280240129132
