ELO:916
CE_PASSEDPAWNS:0.45046949906403616
CE_PAWNWEAKNESSES:0.4390725085333269
CE_PIECEACTIVITY:0.49753934847544923
CE_KINGPAWNSHIELD:0.5122391954019109
CE_PIECECOORDINATION:0.5
CE_MATERIAL:0.46867093960032574
CE_KINGSAFETY:0.4824292965119438
C_PIECESQUARETABLES:0.5412683062734105
C_MOBILITY:0.5061598901170652
C_KINGSAFETY:0.4304603725767322
C_PAWNSTRUCTURE:0.5040551356238326
C_PIECECOORDINATION:0.4906719541690644
C_ROOKANDPAWNMOVEMENT:0.4906719541690644
C_CENTERCONTROL:0.5323346320784309
C_DEVELOPPIECES:0.5233319637597854
C_MATERIAL:0.5103156701617461
C_MOVECOUNT:0.5
