ELO:1000
CE_PASSEDPAWNS:0.534488447282913
CE_PAWNWEAKNESSES:0.5350548005612007
CE_PIECEACTIVITY:0.4585821895484782
CE_KINGPAWNSHIELD:0.5236973983754173
CE_PIECECOORDINATION:0.49590934169055706
CE_MATERIAL:0.5103053866757337
CE_KINGSAFETY:0.4937925090442807
C_PIECESQUARETABLES:0.5319792587471579
C_MOBILITY:0.4715970616254936
C_KINGSAFETY:0.5274392265663471
C_PAWNSTRUCTURE:0.48886090740954824
C_PIECECOORDINATION:0.4666331538896148
C_ROOKANDPAWNMOVEMENT:0.4666331538896148
C_CENTERCONTROL:0.5097350905377753
C_DEVELOPPIECES:0.48240299233991496
C_MATERIAL:0.517415269227039
