ELO:943
CE_PASSEDPAWNS:0.4376659911312018
CE_PAWNWEAKNESSES:0.5142571258476445
CE_PIECEACTIVITY:0.4305278779046114
CE_KINGPAWNSHIELD:0.5475830307025709
CE_PIECECOORDINATION:0.5474239297780529
CE_MATERIAL:0.5480463981474645
CE_KINGSAFETY:0.5117466596545825
C_PIECESQUARETABLES:0.5065174694441855
C_MOBILITY:0.557810048198094
C_KINGSAFETY:0.40419916723472193
C_PAWNSTRUCTURE:0.41815731199150535
C_PIECECOORDINATION:0.5207135264177166
C_ROOKANDPAWNMOVEMENT:0.5207135264177166
C_CENTERCONTROL:0.46475064742454064
C_DEVELOPPIECES:0.5147746499410286
C_MATERIAL:0.5462117710334757
