ELO:1000
CE_PASSEDPAWNS:0.49111594107950285
CE_PAWNWEAKNESSES:0.5002862842901498
CE_PIECEACTIVITY:0.4970606464727841
CE_KINGPAWNSHIELD:0.5165466878619028
CE_PIECECOORDINATION:0.5015412468954326
CE_MATERIAL:0.5447370014180514
CE_KINGSAFETY:0.49263795673670474
C_PIECESQUARETABLES:0.4847420377360467
C_MOBILITY:0.5191530262998993
C_KINGSAFETY:0.4619454754989013
C_PAWNSTRUCTURE:0.46769444775563757
C_PIECECOORDINATION:0.4722188271612685
C_ROOKANDPAWNMOVEMENT:0.4722188271612685
C_CENTERCONTROL:0.49995263714826793
C_DEVELOPPIECES:0.47497510483205096
C_MATERIAL:0.5175437325160649
