ELO:691
CE_PASSEDPAWNS:0.44840567713221385
CE_PAWNWEAKNESSES:0.5360723024967529
CE_PIECEACTIVITY:0.43935232753438147
CE_KINGPAWNSHIELD:0.519101867941617
CE_PIECECOORDINATION:0.397415719154461
CE_MATERIAL:0.5897321611135832
CE_KINGSAFETY:0.49303095164760224
C_PIECESQUARETABLES:0.4972824819202073
C_MOBILITY:0.5095149954448528
C_KINGSAFETY:0.5040936374798531
C_PAWNSTRUCTURE:0.61922693599702
C_PIECECOORDINATION:0.45368603139850877
C_ROOKANDPAWNMOVEMENT:0.45368603139850877
C_CENTERCONTROL:0.5080202355282698
C_DEVELOPPIECES:0.5516638066781551
C_MATERIAL:0.5293739892416062
C_MOVECOUNT:0.5026699326084731
