ELO:1000
CE_PASSEDPAWNS:0.4920778144038358
CE_PAWNWEAKNESSES:0.4971359089217953
CE_PIECEACTIVITY:0.48065777560542133
CE_KINGPAWNSHIELD:0.49082026052813255
CE_PIECECOORDINATION:0.5088341005027666
CE_MATERIAL:0.5171799639046933
CE_KINGSAFETY:0.5147395793564588
C_PIECESQUARETABLES:0.49099532651509403
C_MOBILITY:0.5158395462408324
C_KINGSAFETY:0.5017261264377233
C_PAWNSTRUCTURE:0.4743111909448862
C_PIECECOORDINATION:0.47982356911448315
C_ROOKANDPAWNMOVEMENT:0.47982356911448315
C_CENTERCONTROL:0.5063665850018169
C_DEVELOPPIECES:0.48677126913579466
C_MATERIAL:0.5012235280185467
