ELO:992
CE_PASSEDPAWNS:0.5047961664603027
CE_PAWNWEAKNESSES:0.46468980222664186
CE_PIECEACTIVITY:0.4766734691701165
CE_KINGPAWNSHIELD:0.49544663120002186
CE_PIECECOORDINATION:0.5142806089762001
CE_MATERIAL:0.5223066826856564
CE_KINGSAFETY:0.4969547764569142
C_PIECESQUARETABLES:0.4941350582734199
C_MOBILITY:0.5019926786156198
C_KINGSAFETY:0.5131820764037758
C_PAWNSTRUCTURE:0.5273492152744506
C_PIECECOORDINATION:0.50460176921732
C_ROOK:0.5240016440599764
CE_ROOK:0.501226263775922
C_CENTERCONTROL:0.48513564690866184
C_DEVELOPPIECES:0.5054747727390871
C_MATERIAL:0.5014987379704332
C_MOVECOUNT:0.5366789678213787
C_PAWNMOVEMENT:0.492196732376671
