ELO:973
CE_PASSEDPAWNS:0.5042621934475104
CE_PAWNWEAKNESSES:0.5187554461342219
CE_PIECEACTIVITY:0.5128726943272318
CE_KINGPAWNSHIELD:0.4791036922276165
CE_PIECECOORDINATION:0.49378518870718546
CE_MATERIAL:0.49255320139551806
CE_KINGSAFETY:0.5
C_PIECESQUARETABLES:0.492160667135931
C_MOBILITY:0.507372322498041
C_KINGSAFETY:0.5
C_PAWNSTRUCTURE:0.5030639704149867
C_PIECECOORDINATION:0.48065187338187715
C_ROOK:0.5199335901037504
CE_ROOK:0.5070292202947787
C_CENTERCONTROL:0.5047382020752215
C_DEVELOPPIECES:0.5240073493830634
C_MATERIAL:0.47752629183209266
C_MOVECOUNT:0.5015972103781063
C_PAWNMOVEMENT:0.4819404723747831
