ELO:964
CE_PASSEDPAWNS:0.5246555969367872
CE_PAWNWEAKNESSES:0.5496684158644682
CE_PIECEACTIVITY:0.4946264633020862
CE_KINGPAWNSHIELD:0.47895180189311665
CE_PIECECOORDINATION:0.4929417779422302
CE_MATERIAL:0.46597101622411996
CE_KINGSAFETY:0.4907517967427919
C_PIECESQUARETABLES:0.4915116406864803
C_MOBILITY:0.5112774247472535
C_KINGSAFETY:0.5195430503755926
C_PAWNSTRUCTURE:0.495687649875526
C_PIECECOORDINATION:0.48588639083541363
C_ROOK:0.5178986728585836
CE_ROOK:0.5244197153410485
C_CENTERCONTROL:0.4680307801492103
C_DEVELOPPIECES:0.5235446981905946
C_MATERIAL:0.5009855323558237
C_MOVECOUNT:0.4854321101099486
C_PAWNMOVEMENT:0.4761727696428061
