ELO:1000
CE_PASSEDPAWNS:0.5075515317520348
CE_PAWNWEAKNESSES:0.44288760931613996
CE_PIECEACTIVITY:0.5064758877932425
CE_KINGPAWNSHIELD:0.4795255111286614
CE_PIECECOORDINATION:0.4700124263571476
CE_MATERIAL:0.5385362814921733
CE_KINGSAFETY:0.4776015779097145
C_PIECESQUARETABLES:0.5322167533272824
C_MOBILITY:0.5296451943080704
C_KINGSAFETY:0.5395442553085371
C_PAWNSTRUCTURE:0.45452138424918404
C_PIECECOORDINATION:0.5006219223767772
C_ROOKANDPAWNMOVEMENT:0.5006219223767772
C_CENTERCONTROL:0.536818251578954
C_DEVELOPPIECES:0.5075477482403604
C_MATERIAL:0.49734588854724593
