ELO:1033
CE_PASSEDPAWNS:0.43666013453728497
CE_PAWNWEAKNESSES:0.4384037621067351
CE_PIECEACTIVITY:0.5766687983217669
CE_KINGPAWNSHIELD:0.48139451593822763
CE_PIECECOORDINATION:0.5369106199221769
CE_MATERIAL:0.48311601720263353
CE_KINGSAFETY:0.5095255843198223
C_PIECESQUARETABLES:0.5016071125922612
C_MOBILITY:0.47928755310963594
C_KINGSAFETY:0.6130198849110977
C_PAWNSTRUCTURE:0.4013671301626122
C_PIECECOORDINATION:0.49317338256714355
C_ROOKANDPAWNMOVEMENT:0.49317338256714355
C_CENTERCONTROL:0.5775349056227499
C_DEVELOPPIECES:0.5833419185430647
C_MATERIAL:0.4122432305681701
