ELO:1000
CE_PASSEDPAWNS:0.5091959820905716
CE_PAWNWEAKNESSES:0.4777594895749394
CE_PIECEACTIVITY:0.4838459506926779
CE_KINGPAWNSHIELD:0.4792544946443949
CE_PIECECOORDINATION:0.4842878475089421
CE_MATERIAL:0.5335561489067449
CE_KINGSAFETY:0.4839830482412263
C_PIECESQUARETABLES:0.5026071493076776
C_MOBILITY:0.5419230613150924
C_KINGSAFETY:0.5023391263465466
C_PAWNSTRUCTURE:0.469509454754277
C_PIECECOORDINATION:0.4886802489393476
C_ROOKANDPAWNMOVEMENT:0.4886802489393476
C_CENTERCONTROL:0.5214687482936701
C_DEVELOPPIECES:0.4890063256426136
C_MATERIAL:0.5072434652884092
