ELO:939
CE_PASSEDPAWNS:0.49187085916837336
CE_PAWNWEAKNESSES:0.5462566395245712
CE_PIECEACTIVITY:0.4847323272127225
CE_KINGPAWNSHIELD:0.4602168694430615
CE_PIECECOORDINATION:0.5315115134111948
CE_MATERIAL:0.4652886759015461
CE_KINGSAFETY:0.5050281451223578
C_PIECESQUARETABLES:0.49563462518789303
C_MOBILITY:0.5007983330804517
C_KINGSAFETY:0.5553232905611387
C_PAWNSTRUCTURE:0.48957996803416626
C_PIECECOORDINATION:0.49228353795916124
C_ROOK:0.5224880255930112
CE_ROOK:0.5210497766914175
C_CENTERCONTROL:0.4680307801492103
C_DEVELOPPIECES:0.5111346560835095
C_MATERIAL:0.43716741460993325
C_MOVECOUNT:0.4888398341196404
C_PAWNMOVEMENT:0.4942918440859788
