ELO:902
CE_PASSEDPAWNS:0.4982824641427705
CE_PAWNWEAKNESSES:0.4979464835500651
CE_PIECEACTIVITY:0.5098834794234931
CE_KINGPAWNSHIELD:0.49334930024644225
CE_PIECECOORDINATION:0.5117228986041975
CE_MATERIAL:0.500553090123748
CE_KINGSAFETY:0.510492167506626
C_PIECESQUARETABLES:0.5
C_MOBILITY:0.5222126357419358
C_KINGSAFETY:0.49842977876491074
C_PAWNSTRUCTURE:0.5404754625882525
C_PIECECOORDINATION:0.5224790221874384
C_ROOKANDPAWNMOVEMENT:0.5224790221874384
C_CENTERCONTROL:0.5015529204809713
C_DEVELOPPIECES:0.5529690322403897
C_MATERIAL:0.4873416288262014
C_MOVECOUNT:0.4698777896721464
