ELO:1001
CE_PASSEDPAWNS:0.5160585644267714
CE_PAWNWEAKNESSES:0.5
CE_PIECEACTIVITY:0.5000442102249717
CE_KINGPAWNSHIELD:0.4888120705474169
CE_PIECECOORDINATION:0.5009888493259932
CE_MATERIAL:0.5152605549689271
CE_KINGSAFETY:0.5
C_PIECESQUARETABLES:0.498424684963166
C_MOBILITY:0.5
C_KINGSAFETY:0.5
C_PAWNSTRUCTURE:0.5001765620242491
C_PIECECOORDINATION:0.5217476281082348
C_ROOKANDPAWNMOVEMENT:0.5217476281082348
C_CENTERCONTROL:0.5102996121596827
C_DEVELOPPIECES:0.5046630264431045
C_MATERIAL:0.5
