ELO:1000
CE_PASSEDPAWNS:0.4592166171250435
CE_PAWNWEAKNESSES:0.4836004458409961
CE_PIECEACTIVITY:0.43693652012577927
CE_KINGPAWNSHIELD:0.5548787030480306
CE_PIECECOORDINATION:0.5295391885904259
CE_MATERIAL:0.4955528207116439
CE_KINGSAFETY:0.4677757110140364
C_PIECESQUARETABLES:0.4663089820496893
C_MOBILITY:0.5317082716780456
C_KINGSAFETY:0.4941846795054136
C_PAWNSTRUCTURE:0.48928419863875217
C_PIECECOORDINATION:0.46297403379877455
C_ROOKANDPAWNMOVEMENT:0.46297403379877455
C_CENTERCONTROL:0.49773230109511374
C_DEVELOPPIECES:0.5311674803948621
C_MATERIAL:0.5121777904789377
