ELO:694
CE_PASSEDPAWNS:0.5466815287182046
CE_PAWNWEAKNESSES:0.5776206245159199
CE_PIECEACTIVITY:0.5229496630556841
CE_KINGPAWNSHIELD:0.4984871917261397
CE_PIECECOORDINATION:0.3862086833427566
CE_MATERIAL:0.5527303829350247
CE_KINGSAFETY:0.4915032458129209
C_PIECESQUARETABLES:0.49814117393275525
C_MOBILITY:0.5179322700115568
C_KINGSAFETY:0.506794059925456
C_PAWNSTRUCTURE:0.5990387192998429
C_PIECECOORDINATION:0.5607250485227796
C_ROOKANDPAWNMOVEMENT:0.5607250485227796
C_CENTERCONTROL:0.49720750285899873
C_DEVELOPPIECES:0.5022105334077969
C_MATERIAL:0.47053537860410544
C_MOVECOUNT:0.44933446727336623
