ELO:830
CE_PASSEDPAWNS:0.5681402294889204
CE_PAWNWEAKNESSES:0.5048028397685468
CE_PIECEACTIVITY:0.5350474262973133
CE_KINGPAWNSHIELD:0.4456169094010379
CE_PIECECOORDINATION:0.5046582212986466
CE_MATERIAL:0.49848427229614944
CE_KINGSAFETY:0.5
C_PIECESQUARETABLES:0.5
C_MOBILITY:0.47938200745788007
C_KINGSAFETY:0.39245494668422315
C_PAWNSTRUCTURE:0.5326153192890695
C_PIECECOORDINATION:0.539189646654417
C_ROOKANDPAWNMOVEMENT:0.539189646654417
C_CENTERCONTROL:0.5359017513629712
C_DEVELOPPIECES:0.540995000445538
C_MATERIAL:0.4682310004912208
C_MOVECOUNT:0.4984176600546905
