ELO:895
CE_PASSEDPAWNS:0.48801911580774526
CE_PAWNWEAKNESSES:0.5099306458307316
CE_PIECEACTIVITY:0.5141628523077193
CE_KINGPAWNSHIELD:0.5103653529781625
CE_PIECECOORDINATION:0.4395692178510557
CE_MATERIAL:0.542525139234824
CE_KINGSAFETY:0.499227286743625
C_PIECESQUARETABLES:0.4901111630922034
C_MOBILITY:0.5159546369457512
C_KINGSAFETY:0.4753651475745607
C_PAWNSTRUCTURE:0.5774624172560632
C_PIECECOORDINATION:0.5362743715268558
C_ROOKANDPAWNMOVEMENT:0.5362743715268558
C_CENTERCONTROL:0.48366206732926187
C_DEVELOPPIECES:0.4906475478204951
C_MATERIAL:0.4726169925297569
C_MOVECOUNT:0.4644465047065841
