ELO:1000
CE_PASSEDPAWNS:0.5061209341786921
CE_PAWNWEAKNESSES:0.4591539694753837
CE_PIECEACTIVITY:0.48834843210457857
CE_KINGPAWNSHIELD:0.48161132864587697
CE_PIECECOORDINATION:0.4769668183021663
CE_MATERIAL:0.5255552875086699
CE_KINGSAFETY:0.4935035751845195
C_PIECESQUARETABLES:0.5025778512584642
C_MOBILITY:0.5360445660136096
C_KINGSAFETY:0.4730405409931661
C_PAWNSTRUCTURE:0.4970297931515046
C_PIECECOORDINATION:0.48624943015788885
C_ROOKANDPAWNMOVEMENT:0.48624943015788885
C_CENTERCONTROL:0.5223522389114867
C_DEVELOPPIECES:0.4816788818061284
C_MATERIAL:0.5110187253006204
