ELO:942
CE_PASSEDPAWNS:0.5205997041508187
CE_PAWNWEAKNESSES:0.5528911922777795
CE_PIECEACTIVITY:0.43260400777234975
CE_KINGPAWNSHIELD:0.4708165890050393
CE_PIECECOORDINATION:0.5063053306118177
CE_MATERIAL:0.42055222136051823
CE_KINGSAFETY:0.4922929505531367
C_PIECESQUARETABLES:0.4878989009869112
C_MOBILITY:0.39225953921027257
C_KINGSAFETY:0.5911844362294387
C_PAWNSTRUCTURE:0.5323990949417893
C_PIECECOORDINATION:0.5245524856241401
C_ROOKANDPAWNMOVEMENT:0.5245524856241401
C_CENTERCONTROL:0.5042649320221433
C_DEVELOPPIECES:0.5186611263184148
C_MATERIAL:0.5476871930946103
