ELO:932
CE_PASSEDPAWNS:0.49665075157302574
CE_PAWNWEAKNESSES:0.49629534590954744
CE_PIECEACTIVITY:0.48487905596867026
CE_KINGPAWNSHIELD:0.5048254176072519
CE_PIECECOORDINATION:0.5111596940134822
CE_MATERIAL:0.49937783563114235
CE_KINGSAFETY:0.48659868795811845
C_PIECESQUARETABLES:0.5
C_MOBILITY:0.49028120947057724
C_KINGSAFETY:0.5644092230823445
C_PAWNSTRUCTURE:0.46366492439241314
C_PIECECOORDINATION:0.4823321736014228
C_ROOKANDPAWNMOVEMENT:0.4823321736014228
C_CENTERCONTROL:0.4925136762833321
C_DEVELOPPIECES:0.47690334866944384
C_MATERIAL:0.5074134761595969
C_MOVECOUNT:0.5127781305828835
