ELO:1000
CE_PASSEDPAWNS:0.45654106158571095
CE_PAWNWEAKNESSES:0.47281892953281585
CE_PIECEACTIVITY:0.43693652012577927
CE_KINGPAWNSHIELD:0.5548787030480306
CE_PIECECOORDINATION:0.5295391885904259
CE_MATERIAL:0.4955528207116439
CE_KINGSAFETY:0.45852931895983173
C_PIECESQUARETABLES:0.4634262388104427
C_MOBILITY:0.5317082716780456
C_KINGSAFETY:0.4941846795054136
C_PAWNSTRUCTURE:0.48928419863875217
C_PIECECOORDINATION:0.4722618099329105
C_ROOKANDPAWNMOVEMENT:0.4722618099329105
C_CENTERCONTROL:0.49773230109511374
C_DEVELOPPIECES:0.5366719103637106
C_MATERIAL:0.5121777904789377
