ELO:791
CE_PASSEDPAWNS:0.47626372867646577
CE_PAWNWEAKNESSES:0.5079250616651336
CE_PIECEACTIVITY:0.4217923946606499
CE_KINGPAWNSHIELD:0.5347699807006435
CE_PIECECOORDINATION:0.43551566689116017
CE_MATERIAL:0.5794961364210315
CE_KINGSAFETY:0.48854210060707937
C_PIECESQUARETABLES:0.48785662301454613
C_MOBILITY:0.457078585154791
C_KINGSAFETY:0.5011194091508769
C_PAWNSTRUCTURE:0.5879126494599239
C_PIECECOORDINATION:0.4463403631553378
C_ROOKANDPAWNMOVEMENT:0.4463403631553378
C_CENTERCONTROL:0.5462562359598285
C_DEVELOPPIECES:0.5259203281002949
C_MATERIAL:0.4529232735714408
