ELO:1020
CE_PASSEDPAWNS:0.49609814151259446
CE_PAWNWEAKNESSES:0.5049774390792258
CE_PIECEACTIVITY:0.49061872722765
CE_KINGPAWNSHIELD:0.5028865085929669
CE_PIECECOORDINATION:0.5
CE_MATERIAL:0.5109570256368289
CE_KINGSAFETY:0.49101769308745913
C_PIECESQUARETABLES:0.494700784563854
C_MOBILITY:0.5
C_KINGSAFETY:0.49533012407096044
C_PAWNSTRUCTURE:0.5068993820627014
C_PIECECOORDINATION:0.5022279902576889
C_ROOK:0.5
CE_ROOK:0.5
C_CENTERCONTROL:0.49153440566220485
C_DEVELOPPIECES:0.5
C_MATERIAL:0.5051775273048226
C_MOVECOUNT:0.5173495155743361
C_PAWNMOVEMENT:0.5
