ELO:844
CE_PASSEDPAWNS:0.4739978368934115
CE_PAWNWEAKNESSES:0.49885112457693825
CE_PIECEACTIVITY:0.4476152271794163
CE_KINGPAWNSHIELD:0.5395758086662933
CE_PIECECOORDINATION:0.45403763960730187
CE_MATERIAL:0.5988788111919845
CE_KINGSAFETY:0.39500179046208694
C_PIECESQUARETABLES:0.4771114689485074
C_MOBILITY:0.45794892866062614
C_KINGSAFETY:0.48643973715205197
C_PAWNSTRUCTURE:0.578072566934465
C_PIECECOORDINATION:0.44591578568976525
C_ROOKANDPAWNMOVEMENT:0.44591578568976525
C_CENTERCONTROL:0.5719900475365385
C_DEVELOPPIECES:0.6064227276121115
C_MATERIAL:0.5010594460222583
