ELO:889
CE_PASSEDPAWNS:0.5035536061529167
CE_PAWNWEAKNESSES:0.4618648902815815
CE_PIECEACTIVITY:0.5005385430949656
CE_KINGPAWNSHIELD:0.5228245892967807
CE_PIECECOORDINATION:0.5262801088504836
CE_MATERIAL:0.5265130287510893
CE_KINGSAFETY:0.5053128699680239
C_PIECESQUARETABLES:0.4446916068306978
C_MOBILITY:0.5313030553057498
C_KINGSAFETY:0.4778033255135231
C_PAWNSTRUCTURE:0.508495708683039
C_PIECECOORDINATION:0.458035529680419
C_ROOKANDPAWNMOVEMENT:0.458035529680419
C_CENTERCONTROL:0.5423914947877003
C_DEVELOPPIECES:0.5841716371083991
C_MATERIAL:0.4944610651511498
C_MOVECOUNT:0.5
