ELO:1000
CE_PASSEDPAWNS:0.4971415072168842
CE_PAWNWEAKNESSES:0.5046816796603092
CE_PIECEACTIVITY:0.4868934534799002
CE_KINGPAWNSHIELD:0.5218893913253332
CE_PIECECOORDINATION:0.5116655025228078
CE_MATERIAL:0.49466580684655825
CE_KINGSAFETY:0.5156935984904502
C_PIECESQUARETABLES:0.4954002022386378
C_MOBILITY:0.5044940936100754
C_KINGSAFETY:0.45894305933856827
C_PAWNSTRUCTURE:0.47893470288207246
C_PIECECOORDINATION:0.5082557434381386
C_ROOKANDPAWNMOVEMENT:0.5082557434381386
C_CENTERCONTROL:0.5203842562394977
C_DEVELOPPIECES:0.47463795650256735
C_MATERIAL:0.49489288844224044
