ELO:946
CE_PASSEDPAWNS:0.49979576052252683
CE_PAWNWEAKNESSES:0.5873602855172009
CE_PIECEACTIVITY:0.4085619894042536
CE_KINGPAWNSHIELD:0.45375490744174424
CE_PIECECOORDINATION:0.5106275643667806
CE_MATERIAL:0.45906311610412087
CE_KINGSAFETY:0.5114929491068071
C_PIECESQUARETABLES:0.46272776948845956
C_MOBILITY:0.38238930113381003
C_KINGSAFETY:0.65766213256639
C_PAWNSTRUCTURE:0.5174440595610473
C_PIECECOORDINATION:0.5696843724034215
C_ROOKANDPAWNMOVEMENT:0.5696843724034215
C_CENTERCONTROL:0.5431835629335222
C_DEVELOPPIECES:0.48836572941370954
C_MATERIAL:0.4828157607313882
