ELO:979
CE_PASSEDPAWNS:0.46642483481143715
CE_PAWNWEAKNESSES:0.5232036219730065
CE_PIECEACTIVITY:0.45124510630983555
CE_KINGPAWNSHIELD:0.4481361953243158
CE_PIECECOORDINATION:0.4937455451312554
CE_MATERIAL:0.4615214613776801
CE_KINGSAFETY:0.49567820807653734
C_PIECESQUARETABLES:0.5
C_MOBILITY:0.41556465868894704
C_KINGSAFETY:0.5511036984375381
C_PAWNSTRUCTURE:0.5280902844289171
C_PIECECOORDINATION:0.5323549996010486
C_ROOKANDPAWNMOVEMENT:0.5323549996010486
C_CENTERCONTROL:0.5386356918168179
C_DEVELOPPIECES:0.49305818558744086
C_MATERIAL:0.49626314485037226
