ELO:1000
CE_PASSEDPAWNS:0.4896285695951658
CE_PAWNWEAKNESSES:0.44815261453859634
CE_PIECEACTIVITY:0.49610479300439364
CE_KINGPAWNSHIELD:0.4795255111286614
CE_PIECECOORDINATION:0.4771643364406659
CE_MATERIAL:0.5770305406431437
CE_KINGSAFETY:0.48555171995146923
C_PIECESQUARETABLES:0.5365922127739623
C_MOBILITY:0.5385327292018584
C_KINGSAFETY:0.5395442553085371
C_PAWNSTRUCTURE:0.45375101943343416
C_PIECECOORDINATION:0.5182485341598969
C_ROOKANDPAWNMOVEMENT:0.5182485341598969
C_CENTERCONTROL:0.5402250736523432
C_DEVELOPPIECES:0.5303770482718883
C_MATERIAL:0.4875527090389731
