ELO:899
CE_PASSEDPAWNS:0.5051957678038398
CE_PAWNWEAKNESSES:0.503444443394294
CE_PIECEACTIVITY:0.5144639357284299
CE_KINGPAWNSHIELD:0.5156157003203858
CE_PIECECOORDINATION:0.5214246994532318
CE_MATERIAL:0.5286651471574701
CE_KINGSAFETY:0.5904306355553116
C_PIECESQUARETABLES:0.5401407622908977
C_MOBILITY:0.48944764049138295
C_KINGSAFETY:0.45524154695608
C_PAWNSTRUCTURE:0.509456034644092
C_PIECECOORDINATION:0.5226685810493624
C_ROOKANDPAWNMOVEMENT:0.5226685810493624
C_CENTERCONTROL:0.5459244989875427
C_DEVELOPPIECES:0.4747864554123953
C_MATERIAL:0.4711807735611479
C_MOVECOUNT:0.5
