ELO:997
CE_PASSEDPAWNS:0.5122510457815013
CE_PAWNWEAKNESSES:0.4944155772920567
CE_PIECEACTIVITY:0.5048318514440091
CE_KINGPAWNSHIELD:0.5009532458376441
CE_PIECECOORDINATION:0.49243489196063395
CE_MATERIAL:0.5389846954678349
CE_KINGSAFETY:0.5
C_PIECESQUARETABLES:0.5
C_MOBILITY:0.5062819623537188
C_KINGSAFETY:0.47374175066440066
C_PAWNSTRUCTURE:0.5359318020701782
C_PIECECOORDINATION:0.5113876526875692
C_ROOK:0.5
CE_ROOK:0.4791515319057229
C_CENTERCONTROL:0.5
C_DEVELOPPIECES:0.5020969499101668
C_MATERIAL:0.4684159988731095
C_MOVECOUNT:0.5108590832348949
C_PAWNMOVEMENT:0.5200483298857485
