ELO:986
CE_PASSEDPAWNS:0.49368539196198313
CE_PAWNWEAKNESSES:0.48335710037868446
CE_PIECEACTIVITY:0.49441439737291626
CE_KINGPAWNSHIELD:0.5
CE_PIECECOORDINATION:0.5211672995975684
CE_MATERIAL:0.4922258843910317
CE_KINGSAFETY:0.5004585956313795
C_PIECESQUARETABLES:0.49330405305784447
C_MOBILITY:0.5030146036457612
C_KINGSAFETY:0.5063969919441825
C_PAWNSTRUCTURE:0.4954101491812927
C_PIECECOORDINATION:0.5002452361989146
C_ROOKANDPAWNMOVEMENT:0.5002452361989146
C_CENTERCONTROL:0.5
C_DEVELOPPIECES:0.4795787025335758
C_MATERIAL:0.505667876476108
C_MOVECOUNT:0.5
