ELO:999
CE_PASSEDPAWNS:0.47639033368748274
CE_PAWNWEAKNESSES:0.4965723780666498
CE_PIECEACTIVITY:0.44847188946233807
CE_KINGPAWNSHIELD:0.4490122654664926
CE_PIECECOORDINATION:0.4913738512697919
CE_MATERIAL:0.46678776338959044
CE_KINGSAFETY:0.5078066406818599
C_PIECESQUARETABLES:0.5
C_MOBILITY:0.4231807432267202
C_KINGSAFETY:0.5492739443343788
C_PAWNSTRUCTURE:0.5252999039149072
C_PIECECOORDINATION:0.530127940092634
C_ROOKANDPAWNMOVEMENT:0.530127940092634
C_CENTERCONTROL:0.5194556746894028
C_DEVELOPPIECES:0.5029484619145626
C_MATERIAL:0.5109722135292954
