ELO:976
CE_PASSEDPAWNS:0.5246555969367872
CE_PAWNWEAKNESSES:0.5496684158644682
CE_PIECEACTIVITY:0.50497685986324
CE_KINGPAWNSHIELD:0.47895180189311665
CE_PIECECOORDINATION:0.501195665394785
CE_MATERIAL:0.46597101622411996
CE_KINGSAFETY:0.4907517967427919
C_PIECESQUARETABLES:0.4915116406864803
C_MOBILITY:0.49026422296193317
C_KINGSAFETY:0.5195430503755926
C_PAWNSTRUCTURE:0.49872624054051096
C_PIECECOORDINATION:0.5205508551636676
C_ROOK:0.5178986728585836
CE_ROOK:0.4699253908331813
C_CENTERCONTROL:0.512843276845775
C_DEVELOPPIECES:0.5126128682408692
C_MATERIAL:0.5157054266024839
C_MOVECOUNT:0.49452644498185516
C_PAWNMOVEMENT:0.4761727696428061
