ELO:884
CE_PASSEDPAWNS:0.5686004877478475
CE_PAWNWEAKNESSES:0.49996965086541795
CE_PIECEACTIVITY:0.547406527972285
CE_KINGPAWNSHIELD:0.5
CE_PIECECOORDINATION:0.5749544075029634
CE_MATERIAL:0.4953164416967403
CE_KINGSAFETY:0.5
C_PIECESQUARETABLES:0.5
C_MOBILITY:0.4911755769783971
C_KINGSAFETY:0.5568372534715763
C_PAWNSTRUCTURE:0.5433786299961322
C_PIECECOORDINATION:0.4591337313827407
C_ROOKANDPAWNMOVEMENT:0.4591337313827407
C_CENTERCONTROL:0.7077552726956953
C_DEVELOPPIECES:0.5006458145196678
C_MATERIAL:0.5099119021170995
C_MOVECOUNT:0.5
