ELO:989
CE_PASSEDPAWNS:0.39792981371987557
CE_PAWNWEAKNESSES:0.4507589904064203
CE_PIECEACTIVITY:0.5055534717583172
CE_KINGPAWNSHIELD:0.49514957135749116
CE_PIECECOORDINATION:0.44538019471221774
CE_MATERIAL:0.40412114666538773
CE_KINGSAFETY:0.5030435628949533
C_PIECESQUARETABLES:0.4822898909912191
C_MOBILITY:0.6161609306185186
C_KINGSAFETY:0.5812478512826557
C_PAWNSTRUCTURE:0.62436365227218
C_PIECECOORDINATION:0.6196243576824312
C_ROOKANDPAWNMOVEMENT:0.6196243576824312
C_CENTERCONTROL:0.3976101602692124
C_DEVELOPPIECES:0.5392033097689
C_MATERIAL:0.5897513220941274
