ELO:984
CE_PASSEDPAWNS:0.49677091364777237
CE_PAWNWEAKNESSES:0.5060898936161342
CE_PIECEACTIVITY:0.4994361913052806
CE_KINGPAWNSHIELD:0.5103096750166419
CE_PIECECOORDINATION:0.5
CE_MATERIAL:0.5003226182795055
CE_KINGSAFETY:0.5
C_PIECESQUARETABLES:0.4916530179477256
C_MOBILITY:0.4749985657991962
C_KINGSAFETY:0.5022459121128418
C_PAWNSTRUCTURE:0.4907796487977501
C_PIECECOORDINATION:0.48835090183756696
C_ROOKANDPAWNMOVEMENT:0.48835090183756696
C_CENTERCONTROL:0.4837058302572918
C_DEVELOPPIECES:0.5
C_MATERIAL:0.5050638120050184
