ELO:964
CE_PASSEDPAWNS:0.5113903890729643
CE_PAWNWEAKNESSES:0.47752971105503733
CE_PIECEACTIVITY:0.5109064320229416
CE_KINGPAWNSHIELD:0.5224149408318197
CE_PIECECOORDINATION:0.5132357449050167
CE_MATERIAL:0.5096278490631837
CE_KINGSAFETY:0.5132587354694788
C_PIECESQUARETABLES:0.5207548032594282
C_MOBILITY:0.4943675363702574
C_KINGSAFETY:0.4876481321637852
C_PAWNSTRUCTURE:0.5071817879953056
C_PIECECOORDINATION:0.4922972627039199
C_ROOKANDPAWNMOVEMENT:0.4922972627039199
C_CENTERCONTROL:0.5038863622144473
C_DEVELOPPIECES:0.5097347753911912
C_MATERIAL:0.5089611258723584
C_MOVECOUNT:0.5
