ELO:960
CE_PASSEDPAWNS:0.48754275021834126
CE_PAWNWEAKNESSES:0.48052073972977555
CE_PIECEACTIVITY:0.5014251954946561
CE_KINGPAWNSHIELD:0.5196962862499982
CE_PIECECOORDINATION:0.5110691911341041
CE_MATERIAL:0.5015861755862961
CE_KINGSAFETY:0.49656267252483227
C_PIECESQUARETABLES:0.5037448626114691
C_MOBILITY:0.504691956975243
C_KINGSAFETY:0.5425805257490967
C_PAWNSTRUCTURE:0.5103115613108802
C_PIECECOORDINATION:0.5045410480142961
C_ROOKANDPAWNMOVEMENT:0.5045410480142961
C_CENTERCONTROL:0.48519639958427835
C_DEVELOPPIECES:0.4951239331325722
C_MATERIAL:0.5214210638662863
C_MOVECOUNT:0.5046663862026932
