ELO:990
CE_PASSEDPAWNS:0.47375127651283877
CE_PAWNWEAKNESSES:0.5180476004185349
CE_PIECEACTIVITY:0.44254453561755674
CE_KINGPAWNSHIELD:0.5490600759309834
CE_PIECECOORDINATION:0.5344678583365964
CE_MATERIAL:0.5296168927385914
CE_KINGSAFETY:0.46027905152769344
C_PIECESQUARETABLES:0.4525569051257223
C_MOBILITY:0.5268827314000132
C_KINGSAFETY:0.4803465056843565
C_PAWNSTRUCTURE:0.49795183775959617
C_PIECECOORDINATION:0.4364941632849492
C_ROOKANDPAWNMOVEMENT:0.4364941632849492
C_CENTERCONTROL:0.48839134756372216
C_DEVELOPPIECES:0.5392271963351585
C_MATERIAL:0.49933290039998784
