ELO:916
CE_PASSEDPAWNS:0.49355842372119674
CE_PAWNWEAKNESSES:0.39536010161074325
CE_PIECEACTIVITY:0.41305309821066105
CE_KINGPAWNSHIELD:0.5471120441253349
CE_PIECECOORDINATION:0.4746462934223998
CE_MATERIAL:0.4450947452382168
CE_KINGSAFETY:0.44695728292012527
C_PIECESQUARETABLES:0.5265789291227211
C_MOBILITY:0.5410919887654569
C_KINGSAFETY:0.5021044670259379
C_PAWNSTRUCTURE:0.5618165008645718
C_PIECECOORDINATION:0.44996580831467575
C_ROOKANDPAWNMOVEMENT:0.44996580831467575
C_CENTERCONTROL:0.5257632534433861
C_DEVELOPPIECES:0.578524152907725
C_MATERIAL:0.49128208099020515
