ELO:962
CE_PASSEDPAWNS:0.48754275021834126
CE_PAWNWEAKNESSES:0.485276476108094
CE_PIECEACTIVITY:0.5020209611927462
CE_KINGPAWNSHIELD:0.5196962862499982
CE_PIECECOORDINATION:0.5093745213361225
CE_MATERIAL:0.4925973202174716
CE_KINGSAFETY:0.49656267252483227
C_PIECESQUARETABLES:0.5020343215036172
C_MOBILITY:0.49899892267220985
C_KINGSAFETY:0.5208724949408687
C_PAWNSTRUCTURE:0.5103115613108802
C_PIECECOORDINATION:0.5045410480142961
C_ROOKANDPAWNMOVEMENT:0.5045410480142961
C_CENTERCONTROL:0.49057503765681815
C_DEVELOPPIECES:0.4951239331325722
C_MATERIAL:0.5214210638662863
C_MOVECOUNT:0.5046663862026932
