ELO:794
CE_PASSEDPAWNS:0.5368442558258396
CE_PAWNWEAKNESSES:0.5638560496837081
CE_PIECEACTIVITY:0.4884973646362937
CE_KINGPAWNSHIELD:0.5011594027644928
CE_PIECECOORDINATION:0.4264687134976099
CE_MATERIAL:0.5535350653716156
CE_KINGSAFETY:0.523174949623239
C_PIECESQUARETABLES:0.46537309214647565
C_MOBILITY:0.5392875989669609
C_KINGSAFETY:0.4585890174500595
C_PAWNSTRUCTURE:0.5874382139124928
C_PIECECOORDINATION:0.5203207927223036
C_ROOKANDPAWNMOVEMENT:0.5203207927223036
C_CENTERCONTROL:0.5024447428842062
C_DEVELOPPIECES:0.4796982385800697
C_MATERIAL:0.462941857538802
C_MOVECOUNT:0.4469938045879056
