ELO:947
CE_PASSEDPAWNS:0.5020407371014105
CE_PAWNWEAKNESSES:0.530186857875287
CE_PIECEACTIVITY:0.505958819470833
CE_KINGPAWNSHIELD:0.47753857131828076
CE_PIECECOORDINATION:0.5235976266146554
CE_MATERIAL:0.497921954176614
CE_KINGSAFETY:0.5
C_PIECESQUARETABLES:0.5
C_MOBILITY:0.5142059137146834
C_KINGSAFETY:0.5408728921047544
C_PAWNSTRUCTURE:0.5031361744511474
C_PIECECOORDINATION:0.4884766925042795
C_ROOK:0.5269760299769747
CE_ROOK:0.5246460993995385
C_CENTERCONTROL:0.4969295063870087
C_DEVELOPPIECES:0.5044096398453601
C_MATERIAL:0.4655949016586587
C_MOVECOUNT:0.4936075243659089
C_PAWNMOVEMENT:0.49146303237194283
