ELO:860
CE_PASSEDPAWNS:0.5108543197962524
CE_PAWNWEAKNESSES:0.5275076867600208
CE_PIECEACTIVITY:0.5245504042286006
CE_KINGPAWNSHIELD:0.48271260479782857
CE_PIECECOORDINATION:0.4301448042575682
CE_MATERIAL:0.5462932884523037
CE_KINGSAFETY:0.4948530019236119
C_PIECESQUARETABLES:0.4829450013546132
C_MOBILITY:0.5272404633430434
C_KINGSAFETY:0.4747342009449062
C_PAWNSTRUCTURE:0.5740894811988023
C_PIECECOORDINATION:0.5390004054136698
C_ROOKANDPAWNMOVEMENT:0.5390004054136698
C_CENTERCONTROL:0.48366206732926187
C_DEVELOPPIECES:0.498521948968033
C_MATERIAL:0.4789205806971063
C_MOVECOUNT:0.45911809531623043
