ELO:944
CE_PASSEDPAWNS:0.4809795073668134
CE_PAWNWEAKNESSES:0.5236077873030296
CE_PIECEACTIVITY:0.49216022570842866
CE_KINGPAWNSHIELD:0.48635514932979684
CE_PIECECOORDINATION:0.5322747635639489
CE_MATERIAL:0.48405549654089913
CE_KINGSAFETY:0.5
C_PIECESQUARETABLES:0.5
C_MOBILITY:0.5105310192861097
C_KINGSAFETY:0.5580478837651434
C_PAWNSTRUCTURE:0.5001457747611037
C_PIECECOORDINATION:0.48790931697397194
C_ROOK:0.5136749074131294
CE_ROOK:0.5246460993995385
C_CENTERCONTROL:0.47663762314758784
C_DEVELOPPIECES:0.5042391034832868
C_MATERIAL:0.45271586000846753
C_MOVECOUNT:0.4936075243659089
C_PAWNMOVEMENT:0.49146303237194283
