ELO:1000
CE_PASSEDPAWNS:0.4622571655553697
CE_PAWNWEAKNESSES:0.49002945654476204
CE_PIECEACTIVITY:0.45751510168951703
CE_KINGPAWNSHIELD:0.540263375678049
CE_PIECECOORDINATION:0.5226115652082078
CE_MATERIAL:0.4996175356103683
CE_KINGSAFETY:0.4907318574704459
C_PIECESQUARETABLES:0.5097652446532507
C_MOBILITY:0.4872712233395846
C_KINGSAFETY:0.48287146684525734
C_PAWNSTRUCTURE:0.47667737760408824
C_PIECECOORDINATION:0.48855437090291537
C_ROOKANDPAWNMOVEMENT:0.48855437090291537
C_CENTERCONTROL:0.516686678144159
C_DEVELOPPIECES:0.4725945023187051
C_MATERIAL:0.5053083026462674
