ELO:1086
CE_PASSEDPAWNS:0.5984630023239623
CE_PAWNWEAKNESSES:0.44241637957802865
CE_PIECEACTIVITY:0.4950266647111737
CE_KINGPAWNSHIELD:0.4888774821619666
CE_PIECECOORDINATION:0.5038949663586374
CE_MATERIAL:0.4110746193870123
CE_KINGSAFETY:0.49938971383430864
C_PIECESQUARETABLES:0.5034278890090611
C_MOBILITY:0.4274835027088222
C_KINGSAFETY:0.5183421921408697
C_PAWNSTRUCTURE:0.41040599071577993
C_PIECECOORDINATION:0.48591851153925375
C_ROOKANDPAWNMOVEMENT:0.48591851153925375
C_CENTERCONTROL:0.6029187707220053
C_DEVELOPPIECES:0.4955103381318354
C_MATERIAL:0.40591660217104997
