ELO:957
CE_PASSEDPAWNS:0.5031226534679957
CE_PAWNWEAKNESSES:0.4892448204226538
CE_PIECEACTIVITY:0.5204567751032046
CE_KINGPAWNSHIELD:0.48249224893977893
CE_PIECECOORDINATION:0.5240700298966543
CE_MATERIAL:0.4969128699684922
CE_KINGSAFETY:0.5029731878357403
C_PIECESQUARETABLES:0.4801538772008106
C_MOBILITY:0.5194636850052557
C_KINGSAFETY:0.48855332854656236
C_PAWNSTRUCTURE:0.4965168075195643
C_PIECECOORDINATION:0.5231665156645579
C_ROOKANDPAWNMOVEMENT:0.5231665156645579
C_CENTERCONTROL:0.47383495322366
C_DEVELOPPIECES:0.538751540414537
C_MATERIAL:0.5116509512807635
C_MOVECOUNT:0.46218165083189955
