ELO:1000
CE_PASSEDPAWNS:0.49177679588863643
CE_PAWNWEAKNESSES:0.46847931886783484
CE_PIECEACTIVITY:0.4720169966811549
CE_KINGPAWNSHIELD:0.4773014612838248
CE_PIECECOORDINATION:0.4842878475089421
CE_MATERIAL:0.5255552875086699
CE_KINGSAFETY:0.4934756670532286
C_PIECESQUARETABLES:0.507467986137666
C_MOBILITY:0.5453785905174857
C_KINGSAFETY:0.493435028814782
C_PAWNSTRUCTURE:0.4748458940600759
C_PIECECOORDINATION:0.4804729724926658
C_ROOKANDPAWNMOVEMENT:0.4804729724926658
C_CENTERCONTROL:0.5286095084840983
C_DEVELOPPIECES:0.4808849319490454
C_MATERIAL:0.5122165427618028
