ELO:903
CE_PASSEDPAWNS:0.47657372522992786
CE_PAWNWEAKNESSES:0.5309351524563022
CE_PIECEACTIVITY:0.43950135208794383
CE_KINGPAWNSHIELD:0.5191932536380466
CE_PIECECOORDINATION:0.4747280188917037
CE_MATERIAL:0.6290651283573665
CE_KINGSAFETY:0.43823794973439145
C_PIECESQUARETABLES:0.48481909480499935
C_MOBILITY:0.4611173769524079
C_KINGSAFETY:0.5142037008446173
C_PAWNSTRUCTURE:0.5656108338000386
C_PIECECOORDINATION:0.4467083361041552
C_ROOKANDPAWNMOVEMENT:0.4467083361041552
C_CENTERCONTROL:0.5457177238500691
C_DEVELOPPIECES:0.5925375511883296
C_MATERIAL:0.4607883705652887
