ELO:1000
CE_PASSEDPAWNS:0.49990741044794085
CE_PAWNWEAKNESSES:0.4816281285345427
CE_PIECEACTIVITY:0.48940131400647313
CE_KINGPAWNSHIELD:0.48682009919954394
CE_PIECECOORDINATION:0.505222875529437
CE_MATERIAL:0.5154122683964899
CE_KINGSAFETY:0.4935422956643673
C_PIECESQUARETABLES:0.49578069279891407
C_MOBILITY:0.5026500290161208
C_KINGSAFETY:0.4761668145244247
C_PAWNSTRUCTURE:0.49053920443787424
C_PIECECOORDINATION:0.48281713797935977
C_ROOKANDPAWNMOVEMENT:0.48281713797935977
C_CENTERCONTROL:0.5279261438064757
C_DEVELOPPIECES:0.49415413520091844
C_MATERIAL:0.489933993834886
