ELO:976
CE_PASSEDPAWNS:0.5244842858470659
CE_PAWNWEAKNESSES:0.49982074887938144
CE_PIECEACTIVITY:0.5288811039537844
CE_KINGPAWNSHIELD:0.5021735632967658
CE_PIECECOORDINATION:0.4885753190714447
CE_MATERIAL:0.5104181241476546
CE_KINGSAFETY:0.5
C_PIECESQUARETABLES:0.5
C_MOBILITY:0.49293119841657435
C_KINGSAFETY:0.4949850134486136
C_PAWNSTRUCTURE:0.4764773565998878
C_PIECECOORDINATION:0.4917416098143446
C_ROOKANDPAWNMOVEMENT:0.4917416098143446
C_CENTERCONTROL:0.5
C_DEVELOPPIECES:0.5083080035445486
C_MATERIAL:0.4978428677494231
C_MOVECOUNT:0.5
