ELO:958
CE_PASSEDPAWNS:0.4810179009648037
CE_PAWNWEAKNESSES:0.5131803885691479
CE_PIECEACTIVITY:0.5030745883730372
CE_KINGPAWNSHIELD:0.6120797424613573
CE_PIECECOORDINATION:0.484490136961781
CE_MATERIAL:0.4548397978051748
CE_KINGSAFETY:0.5
C_PIECESQUARETABLES:0.5035624532530282
C_MOBILITY:0.49730646209750184
C_KINGSAFETY:0.4626516364154759
C_PAWNSTRUCTURE:0.44687400123437115
C_PIECECOORDINATION:0.49318521599652304
C_ROOKANDPAWNMOVEMENT:0.49318521599652304
C_CENTERCONTROL:0.4060939173952188
C_DEVELOPPIECES:0.4260064701830698
C_MATERIAL:0.45826963346314076
