ELO:988
CE_PASSEDPAWNS:0.46039712817041223
CE_PAWNWEAKNESSES:0.5228258065901985
CE_PIECEACTIVITY:0.5364554875580533
CE_KINGPAWNSHIELD:0.5822465016857603
CE_PIECECOORDINATION:0.4696722371862253
CE_MATERIAL:0.45192056282736137
CE_KINGSAFETY:0.48094009616894107
C_PIECESQUARETABLES:0.5250177016630609
C_MOBILITY:0.47147844290991603
C_KINGSAFETY:0.46452528548042965
C_PAWNSTRUCTURE:0.4257826316712527
C_PIECECOORDINATION:0.4674907887071676
C_ROOKANDPAWNMOVEMENT:0.4674907887071676
C_CENTERCONTROL:0.4678452878940725
C_DEVELOPPIECES:0.4605540641911827
C_MATERIAL:0.42321331991668665
