ELO:909
CE_PASSEDPAWNS:0.5063039139432558
CE_PAWNWEAKNESSES:0.45861356272123466
CE_PIECEACTIVITY:0.5259563627287118
CE_KINGPAWNSHIELD:0.6202215712642216
CE_PIECECOORDINATION:0.5164831046289505
CE_MATERIAL:0.42970153188252486
CE_KINGSAFETY:0.4736428468051524
C_PIECESQUARETABLES:0.47344066100395554
C_MOBILITY:0.5665371762334506
C_KINGSAFETY:0.45385010452731767
C_PAWNSTRUCTURE:0.4598188399772541
C_PIECECOORDINATION:0.49391964356441403
C_ROOKANDPAWNMOVEMENT:0.49391964356441403
C_CENTERCONTROL:0.3736314073341806
C_DEVELOPPIECES:0.44818364498959795
C_MATERIAL:0.4801752115668222
