ELO:694
CE_PASSEDPAWNS:0.2853499081336464
CE_PAWNWEAKNESSES:0.4189987898370086
CE_PIECEACTIVITY:0.47966431873313653
CE_KINGPAWNSHIELD:0.44392832429564566
CE_PIECECOORDINATION:0.57825729360286
CE_MATERIAL:0.5150823955576644
CE_KINGSAFETY:0.511542953866917
C_PIECESQUARETABLES:0.5290268355138955
C_MOBILITY:0.571089867078098
C_KINGSAFETY:0.4458856302892112
C_PAWNSTRUCTURE:0.5707814988850024
C_PIECECOORDINATION:0.4457877475872601
C_ROOKANDPAWNMOVEMENT:0.4457877475872601
C_CENTERCONTROL:0.3922605532165638
C_DEVELOPPIECES:0.4624371724937537
C_MATERIAL:0.5277355657441637
C_MOVECOUNT:0.47189889140475516
