ELO:989
CE_PASSEDPAWNS:0.39792981371987557
CE_PAWNWEAKNESSES:0.4449176979510626
CE_PIECEACTIVITY:0.5975814565428466
CE_KINGPAWNSHIELD:0.4969112771905379
CE_PIECECOORDINATION:0.6119281199717093
CE_MATERIAL:0.40416425780718224
CE_KINGSAFETY:0.5093857171281099
C_PIECESQUARETABLES:0.49985523728022685
C_MOBILITY:0.6137911122435267
C_KINGSAFETY:0.5812478512826557
C_PAWNSTRUCTURE:0.6263873882017414
C_PIECECOORDINATION:0.6196243576824312
C_ROOKANDPAWNMOVEMENT:0.6196243576824312
C_CENTERCONTROL:0.3791738811592719
C_DEVELOPPIECES:0.5528173797779841
C_MATERIAL:0.5866536899795093
