ELO:981
CE_PASSEDPAWNS:0.4288865129004238
CE_PAWNWEAKNESSES:0.4480521911570962
CE_PIECEACTIVITY:0.46303407573308275
CE_KINGPAWNSHIELD:0.5183506142407492
CE_PIECECOORDINATION:0.4956273568325412
CE_MATERIAL:0.5244250654475872
CE_KINGSAFETY:0.48684615819567856
C_PIECESQUARETABLES:0.49610058480085556
C_MOBILITY:0.5863798580227876
C_KINGSAFETY:0.556972684530191
C_PAWNSTRUCTURE:0.4559816608730048
C_PIECECOORDINATION:0.4563950903197499
C_ROOKANDPAWNMOVEMENT:0.4563950903197499
C_CENTERCONTROL:0.4200890118305356
C_DEVELOPPIECES:0.41864349954269464
C_MATERIAL:0.5199637458864521
