ELO:926
CE_PASSEDPAWNS:0.4487373971991793
CE_PAWNWEAKNESSES:0.5764730159221403
CE_PIECEACTIVITY:0.5542907931392197
CE_KINGPAWNSHIELD:0.5474831399973239
CE_PIECECOORDINATION:0.5257012026978793
CE_MATERIAL:0.5074647431795563
CE_KINGSAFETY:0.5004538806606116
C_PIECESQUARETABLES:0.5144769032564347
C_MOBILITY:0.41586713535308933
C_KINGSAFETY:0.5250857599555251
C_PAWNSTRUCTURE:0.5667498482659323
C_PIECECOORDINATION:0.48879165445859646
C_ROOKANDPAWNMOVEMENT:0.48879165445859646
C_CENTERCONTROL:0.4721487590789151
C_DEVELOPPIECES:0.4874460928066801
C_MATERIAL:0.5248932691103293
C_MOVECOUNT:0.5
