ELO:1009
CE_PASSEDPAWNS:0.5067606955311375
CE_PAWNWEAKNESSES:0.5223533284494017
CE_PIECEACTIVITY:0.505881031225999
CE_KINGPAWNSHIELD:0.5177538620526336
CE_PIECECOORDINATION:0.4791841676224234
CE_MATERIAL:0.524792004454686
CE_KINGSAFETY:0.5
C_PIECESQUARETABLES:0.5
C_MOBILITY:0.5003187329585503
C_KINGSAFETY:0.5157503187537403
C_PAWNSTRUCTURE:0.4475307980337445
C_PIECECOORDINATION:0.5130361085857119
C_ROOK:0.4981709711823545
CE_ROOK:0.48881139727124817
C_CENTERCONTROL:0.5075897685907141
C_DEVELOPPIECES:0.47092924696712696
C_MATERIAL:0.4790523925293389
C_MOVECOUNT:0.4960042907501276
C_PAWNMOVEMENT:0.4951274197228298
