ELO:827
CE_PASSEDPAWNS:0.4336136783829724
CE_PAWNWEAKNESSES:0.4380389924134693
CE_PIECEACTIVITY:0.5602523177617379
CE_KINGPAWNSHIELD:0.5862990387397806
CE_PIECECOORDINATION:0.45837294904139864
CE_MATERIAL:0.4080350692017187
CE_KINGSAFETY:0.48228832776462
C_PIECESQUARETABLES:0.4738900447560616
C_MOBILITY:0.5714566881432348
C_KINGSAFETY:0.45975492925619466
C_PAWNSTRUCTURE:0.4047164693718473
C_PIECECOORDINATION:0.4627113689199905
C_ROOKANDPAWNMOVEMENT:0.4627113689199905
C_CENTERCONTROL:0.36838753595013035
C_DEVELOPPIECES:0.4826445476008106
C_MATERIAL:0.5022852032188184
