ELO:964
CE_PASSEDPAWNS:0.5262957067989615
CE_PAWNWEAKNESSES:0.4500677664903709
CE_PIECEACTIVITY:0.5249383300163065
CE_KINGPAWNSHIELD:0.614564843931933
CE_PIECECOORDINATION:0.51693958362942
CE_MATERIAL:0.42896340138984307
CE_KINGSAFETY:0.46365537357742154
C_PIECESQUARETABLES:0.5073539866086767
C_MOBILITY:0.559326687031585
C_KINGSAFETY:0.45610052140349033
C_PAWNSTRUCTURE:0.4409550996420869
C_PIECECOORDINATION:0.4821952601567587
C_ROOKANDPAWNMOVEMENT:0.4821952601567587
C_CENTERCONTROL:0.38762985255063853
C_DEVELOPPIECES:0.45777925116634804
C_MATERIAL:0.46720653892287367
