ELO:1007
CE_PASSEDPAWNS:0.5
CE_PAWNWEAKNESSES:0.5
CE_PIECEACTIVITY:0.5
CE_KINGPAWNSHIELD:0.49867992663752836
CE_PIECECOORDINATION:0.5119300900109952
CE_MATERIAL:0.5
CE_KINGSAFETY:0.47476423233835474
C_PIECESQUARETABLES:0.4859290236059263
C_MOBILITY:0.5017570906998616
C_KINGSAFETY:0.5
C_PAWNSTRUCTURE:0.5140225276092489
C_PIECECOORDINATION:0.49569332088176404
C_ROOKANDPAWNMOVEMENT:0.49569332088176404
C_CENTERCONTROL:0.4979844296914794
C_DEVELOPPIECES:0.5122643572506366
C_MATERIAL:0.5096789888178549
C_MOVECOUNT:0.5
