ELO:882
CE_PASSEDPAWNS:0.49585117663547934
CE_PAWNWEAKNESSES:0.5089839437756372
CE_PIECEACTIVITY:0.4911167782823924
CE_KINGPAWNSHIELD:0.509423031071414
CE_PIECECOORDINATION:0.4612088099007732
CE_MATERIAL:0.5366112751579185
CE_KINGSAFETY:0.48387262728518565
C_PIECESQUARETABLES:0.456510100287484
C_MOBILITY:0.5140524245190224
C_KINGSAFETY:0.45300976436979407
C_PAWNSTRUCTURE:0.5268937063171399
C_PIECECOORDINATION:0.49389778904481874
C_ROOKANDPAWNMOVEMENT:0.49389778904481874
C_CENTERCONTROL:0.5080019174714975
C_DEVELOPPIECES:0.4642639774994871
C_MATERIAL:0.5200819529686876
C_MOVECOUNT:0.5082048675744724
