ELO:966
CE_PASSEDPAWNS:0.5165246447298214
CE_PAWNWEAKNESSES:0.5039650948556027
CE_PIECEACTIVITY:0.5465494216653551
CE_KINGPAWNSHIELD:0.4806829941210323
CE_PIECECOORDINATION:0.5011920490091605
CE_MATERIAL:0.5091267526583342
CE_KINGSAFETY:0.5111959457700482
C_PIECESQUARETABLES:0.5033638024826477
C_MOBILITY:0.548595478193456
C_KINGSAFETY:0.476047728547198
C_PAWNSTRUCTURE:0.5046769638239518
C_PIECECOORDINATION:0.5121076075461656
C_ROOK:0.4895091710090385
CE_ROOK:0.4942978211590888
C_CENTERCONTROL:0.48748816855455884
C_DEVELOPPIECES:0.5135854666727734
C_MATERIAL:0.5095154865638536
C_MOVECOUNT:0.5261196762813662
C_PAWNMOVEMENT:0.47604199232582467
