ELO:983
CE_PASSEDPAWNS:0.4865868871506207
CE_PAWNWEAKNESSES:0.4774442960603694
CE_PIECEACTIVITY:0.49930687832628434
CE_KINGPAWNSHIELD:0.5242927748675824
CE_PIECECOORDINATION:0.48666845138584114
CE_MATERIAL:0.5078851872570453
CE_KINGSAFETY:0.49876970291603395
C_PIECESQUARETABLES:0.48241153628731015
C_MOBILITY:0.47415434442110677
C_KINGSAFETY:0.4930239987923663
C_PAWNSTRUCTURE:0.5100384493555933
C_PIECECOORDINATION:0.48348383717631005
C_ROOK:0.5224747514675058
CE_ROOK:0.49594629440331733
C_CENTERCONTROL:0.5117842844770017
C_DEVELOPPIECES:0.5019411915932267
C_MATERIAL:0.5202354636755953
C_MOVECOUNT:0.4923646067896574
C_PAWNMOVEMENT:0.4578632382303157
