ELO:993
CE_PASSEDPAWNS:0.4856000463693589
CE_PAWNWEAKNESSES:0.5107267654517397
CE_PIECEACTIVITY:0.5147108458968315
CE_KINGPAWNSHIELD:0.5031084523195499
CE_PIECECOORDINATION:0.4952543969016923
CE_MATERIAL:0.5171696262352448
CE_KINGSAFETY:0.5004765213716095
C_PIECESQUARETABLES:0.4918470006139632
C_MOBILITY:0.4943369141726839
C_KINGSAFETY:0.502748556592433
C_PAWNSTRUCTURE:0.4970878250212973
C_PIECECOORDINATION:0.49493919139744724
C_ROOKANDPAWNMOVEMENT:0.49493919139744724
C_CENTERCONTROL:0.4912429528128421
C_DEVELOPPIECES:0.4908415033950022
C_MATERIAL:0.5121281768062484
C_MOVECOUNT:0.5160356597749334
