ELO:984
CE_PASSEDPAWNS:0.48475883045562307
CE_PAWNWEAKNESSES:0.5158790565143216
CE_PIECEACTIVITY:0.48863991931861295
CE_KINGPAWNSHIELD:0.5281262257403098
CE_PIECECOORDINATION:0.5017824532400077
CE_MATERIAL:0.4918155661753202
CE_KINGSAFETY:0.5088832994800121
C_PIECESQUARETABLES:0.5025815590815584
C_MOBILITY:0.4872918139094833
C_KINGSAFETY:0.502406055756286
C_PAWNSTRUCTURE:0.5154377418211988
C_PIECECOORDINATION:0.49397552707178505
C_ROOK:0.5154008932702925
CE_ROOK:0.4947580965785884
C_CENTERCONTROL:0.49004416326133626
C_DEVELOPPIECES:0.5033711512090857
C_MATERIAL:0.5137580109702011
C_MOVECOUNT:0.5247538774292373
C_PAWNMOVEMENT:0.49127855327032993
