ELO:995
CE_PASSEDPAWNS:0.5100615103657709
CE_PAWNWEAKNESSES:0.49489435115406416
CE_PIECEACTIVITY:0.5038710966402667
CE_KINGPAWNSHIELD:0.4807895264340849
CE_PIECECOORDINATION:0.5
CE_MATERIAL:0.4882922016267003
CE_KINGSAFETY:0.5081583966341587
C_PIECESQUARETABLES:0.49049898930812563
C_MOBILITY:0.5124476943591604
C_KINGSAFETY:0.5159354332462827
C_PAWNSTRUCTURE:0.516035065929441
C_PIECECOORDINATION:0.5
C_ROOKANDPAWNMOVEMENT:0.5
C_CENTERCONTROL:0.4843171318288069
C_DEVELOPPIECES:0.5126363644270515
C_MATERIAL:0.5136740139555372
C_MOVECOUNT:0.5200864278946665
