ELO:993
CE_PASSEDPAWNS:0.5227460776169052
CE_PAWNWEAKNESSES:0.4813982325044888
CE_PIECEACTIVITY:0.5207299092689729
CE_KINGPAWNSHIELD:0.5021073642646362
CE_PIECECOORDINATION:0.4904576259468556
CE_MATERIAL:0.5008774399901775
CE_KINGSAFETY:0.5
C_PIECESQUARETABLES:0.5
C_MOBILITY:0.5007032866336861
C_KINGSAFETY:0.48911729326956044
C_PAWNSTRUCTURE:0.4939354896132795
C_PIECECOORDINATION:0.4772679608433942
C_ROOK:0.48132789799166953
CE_ROOK:0.5019346244041857
C_CENTERCONTROL:0.49052767346585663
C_DEVELOPPIECES:0.490731629017627
C_MATERIAL:0.50195356868972
C_MOVECOUNT:0.5
C_PAWNMOVEMENT:0.4715682428502351
