ELO:982
CE_PASSEDPAWNS:0.5016259524126951
CE_PAWNWEAKNESSES:0.47670469249951986
CE_PIECEACTIVITY:0.5009046015889127
CE_KINGPAWNSHIELD:0.5010205982851907
CE_PIECECOORDINATION:0.5220617932804905
CE_MATERIAL:0.5215838242423713
CE_KINGSAFETY:0.46007185879554574
C_PIECESQUARETABLES:0.4764639754317789
C_MOBILITY:0.48899193250401
C_KINGSAFETY:0.49031315000819564
C_PAWNSTRUCTURE:0.4996041792002023
C_PIECECOORDINATION:0.4915401488048393
C_ROOKANDPAWNMOVEMENT:0.4915401488048393
C_CENTERCONTROL:0.49136214659693206
C_DEVELOPPIECES:0.4954281793127
C_MATERIAL:0.4995733947751859
C_MOVECOUNT:0.5
