ELO:986
CE_PASSEDPAWNS:0.5219882693018028
CE_PAWNWEAKNESSES:0.4767833755776999
CE_PIECEACTIVITY:0.5207299092689729
CE_KINGPAWNSHIELD:0.5021073642646362
CE_PIECECOORDINATION:0.49037197389385123
CE_MATERIAL:0.5197297510946643
CE_KINGSAFETY:0.5
C_PIECESQUARETABLES:0.5
C_MOBILITY:0.548595478193456
C_KINGSAFETY:0.48134998905871595
C_PAWNSTRUCTURE:0.4939354896132795
C_PIECECOORDINATION:0.5196047254845971
C_ROOK:0.4895091710090385
CE_ROOK:0.5133696208021866
C_CENTERCONTROL:0.47132817856933606
C_DEVELOPPIECES:0.4459097170332515
C_MATERIAL:0.50195356868972
C_MOVECOUNT:0.5135844700901999
C_PAWNMOVEMENT:0.49713802421880243
