ELO:990
CE_PASSEDPAWNS:0.3766984296587896
CE_PAWNWEAKNESSES:0.4449176979510626
CE_PIECEACTIVITY:0.5073704402467257
CE_KINGPAWNSHIELD:0.4969112771905379
CE_PIECECOORDINATION:0.6191849270451264
CE_MATERIAL:0.41336631444981087
CE_KINGSAFETY:0.5
C_PIECESQUARETABLES:0.5039359438045677
C_MOBILITY:0.5995778074839779
C_KINGSAFETY:0.5574849741195667
C_PAWNSTRUCTURE:0.62436365227218
C_PIECECOORDINATION:0.6069998574490588
C_ROOKANDPAWNMOVEMENT:0.6069998574490588
C_CENTERCONTROL:0.371114874152487
C_DEVELOPPIECES:0.5460072404860321
C_MATERIAL:0.5897513220941274
