ELO:957
CE_PASSEDPAWNS:0.4982082261067972
CE_PAWNWEAKNESSES:0.4933459875342626
CE_PIECEACTIVITY:0.5260652345753124
CE_KINGPAWNSHIELD:0.6213343912545194
CE_PIECECOORDINATION:0.5001704167811737
CE_MATERIAL:0.4325661796680852
CE_KINGSAFETY:0.5160543460866422
C_PIECESQUARETABLES:0.49816215171179645
C_MOBILITY:0.5296424735235576
C_KINGSAFETY:0.47449609054030056
C_PAWNSTRUCTURE:0.43048211354246635
C_PIECECOORDINATION:0.4886116541711171
C_ROOKANDPAWNMOVEMENT:0.4886116541711171
C_CENTERCONTROL:0.4161076290757078
C_DEVELOPPIECES:0.4486059373822865
C_MATERIAL:0.454620963758452
