ELO:997
CE_PASSEDPAWNS:0.5232330932668856
CE_PAWNWEAKNESSES:0.5
CE_PIECEACTIVITY:0.5046299080004304
CE_KINGPAWNSHIELD:0.4574179119315419
CE_PIECECOORDINATION:0.5
CE_MATERIAL:0.47437409593564955
CE_KINGSAFETY:0.4960005927070573
C_PIECESQUARETABLES:0.5000604034552812
C_MOBILITY:0.5280959278037342
C_KINGSAFETY:0.4894308327098606
C_PAWNSTRUCTURE:0.5
C_PIECECOORDINATION:0.49637355754229173
C_ROOKANDPAWNMOVEMENT:0.49637355754229173
C_CENTERCONTROL:0.5004097643161489
C_DEVELOPPIECES:0.5236756230347779
C_MATERIAL:0.4932632510408549
C_MOVECOUNT:0.5
