ELO:953
CE_PASSEDPAWNS:0.4270171682882999
CE_PAWNWEAKNESSES:0.4508642171490081
CE_PIECEACTIVITY:0.4428214345819528
CE_KINGPAWNSHIELD:0.5024098144681324
CE_PIECECOORDINATION:0.497674030957531
CE_MATERIAL:0.48015625989921235
CE_KINGSAFETY:0.5117400259709443
C_PIECESQUARETABLES:0.4490363448544123
C_MOBILITY:0.5876022892031701
C_KINGSAFETY:0.5539739602437982
C_PAWNSTRUCTURE:0.46499276770801407
C_PIECECOORDINATION:0.4954046747653326
C_ROOKANDPAWNMOVEMENT:0.4954046747653326
C_CENTERCONTROL:0.43269520149473595
C_DEVELOPPIECES:0.45736865095476065
C_MATERIAL:0.5242596862353638
