ELO:613
CE_PASSEDPAWNS:0.44159764065693047
CE_PAWNWEAKNESSES:0.4974191528688033
CE_PIECEACTIVITY:0.5073494089003638
CE_KINGPAWNSHIELD:0.5526239144919711
CE_PIECECOORDINATION:0.5814557491531692
CE_MATERIAL:0.49293953611804764
CE_KINGSAFETY:0.48571961321139856
C_PIECESQUARETABLES:0.49807571586579724
C_MOBILITY:0.5417821200038805
C_KINGSAFETY:0.48048835168064813
C_PAWNSTRUCTURE:0.6233485573749183
C_PIECECOORDINATION:0.47981898928473055
C_ROOKANDPAWNMOVEMENT:0.47981898928473055
C_CENTERCONTROL:0.4324746874921328
C_DEVELOPPIECES:0.47978125996972415
C_MATERIAL:0.5562283152994584
C_MOVECOUNT:0.5
