ELO:963
CE_PASSEDPAWNS:0.5324620605718533
CE_PAWNWEAKNESSES:0.447917282501177
CE_PIECEACTIVITY:0.5276438831422965
CE_KINGPAWNSHIELD:0.6137447849217281
CE_PIECECOORDINATION:0.514662768861458
CE_MATERIAL:0.4294508565140739
CE_KINGSAFETY:0.4800735976564609
C_PIECESQUARETABLES:0.5015650381145363
C_MOBILITY:0.563240747653355
C_KINGSAFETY:0.4710542368294473
C_PAWNSTRUCTURE:0.4500345048469179
C_PIECECOORDINATION:0.4928418791617074
C_ROOKANDPAWNMOVEMENT:0.4928418791617074
C_CENTERCONTROL:0.38806709985760907
C_DEVELOPPIECES:0.44818364498959795
C_MATERIAL:0.4838711472607045
