ELO:1000
CE_PASSEDPAWNS:0.44810764454815416
CE_PAWNWEAKNESSES:0.5536101982656357
CE_PIECEACTIVITY:0.5672775075871583
CE_KINGPAWNSHIELD:0.5564103528770209
CE_PIECECOORDINATION:0.4970048979261166
CE_MATERIAL:0.43506846278284894
CE_KINGSAFETY:0.4997238161929178
C_PIECESQUARETABLES:0.526315823278271
C_MOBILITY:0.49856589082502184
C_KINGSAFETY:0.4406470606875186
C_PAWNSTRUCTURE:0.5088676934895687
C_PIECECOORDINATION:0.48578603745229926
C_ROOKANDPAWNMOVEMENT:0.48578603745229926
C_CENTERCONTROL:0.45914210905805386
C_DEVELOPPIECES:0.47772158074504784
C_MATERIAL:0.47220168896996134
