ELO:1005
CE_PASSEDPAWNS:0.49578843895374486
CE_PAWNWEAKNESSES:0.48044871617512885
CE_PIECEACTIVITY:0.5173769677400484
CE_KINGPAWNSHIELD:0.5304779571523831
CE_PIECECOORDINATION:0.49914945543752287
CE_MATERIAL:0.4937982237564264
CE_KINGSAFETY:0.494399057285824
C_PIECESQUARETABLES:0.49701355914308093
C_MOBILITY:0.48676897371746825
C_KINGSAFETY:0.49905458389128166
C_PAWNSTRUCTURE:0.5185521788426458
C_PIECECOORDINATION:0.48473352002879655
C_ROOK:0.5124395363703776
CE_ROOK:0.4754260140478885
C_CENTERCONTROL:0.4971780641506482
C_DEVELOPPIECES:0.500474352085456
C_MATERIAL:0.5226394732944795
C_MOVECOUNT:0.49371257053180306
C_PAWNMOVEMENT:0.4744181699846661
