ELO:1000
CE_PASSEDPAWNS:0.45860056369612956
CE_PAWNWEAKNESSES:0.5171038651821515
CE_PIECEACTIVITY:0.5429244026830707
CE_KINGPAWNSHIELD:0.5573131316300013
CE_PIECECOORDINATION:0.49376737402917326
CE_MATERIAL:0.4323829667586175
CE_KINGSAFETY:0.4761692782711304
C_PIECESQUARETABLES:0.5248497157720782
C_MOBILITY:0.4688080013734481
C_KINGSAFETY:0.4554661794234927
C_PAWNSTRUCTURE:0.45989941326862716
C_PIECECOORDINATION:0.4892774271278796
C_ROOKANDPAWNMOVEMENT:0.4892774271278796
C_CENTERCONTROL:0.472879470347451
C_DEVELOPPIECES:0.46562899976610417
C_MATERIAL:0.44584999769237443
