ELO:971
CE_PASSEDPAWNS:0.42267593848921675
CE_PAWNWEAKNESSES:0.4321652498261123
CE_PIECEACTIVITY:0.4550959725481544
CE_KINGPAWNSHIELD:0.5023211487451943
CE_PIECECOORDINATION:0.457896094022648
CE_MATERIAL:0.47560209395973624
CE_KINGSAFETY:0.5115883677110493
C_PIECESQUARETABLES:0.4880018783781242
C_MOBILITY:0.5778584727741253
C_KINGSAFETY:0.5509218300902445
C_PAWNSTRUCTURE:0.4941355605977017
C_PIECECOORDINATION:0.4975530135568978
C_ROOKANDPAWNMOVEMENT:0.4975530135568978
C_CENTERCONTROL:0.42569518830912634
C_DEVELOPPIECES:0.44769736771302227
C_MATERIAL:0.49774131335717725
