ELO:1000
CE_PASSEDPAWNS:0.45848548121716615
CE_PAWNWEAKNESSES:0.5041654985170697
CE_PIECEACTIVITY:0.47837433613275665
CE_KINGPAWNSHIELD:0.5417792331593555
CE_PIECECOORDINATION:0.47963817665408554
CE_MATERIAL:0.5178402458621655
CE_KINGSAFETY:0.46598096550827584
C_PIECESQUARETABLES:0.5280104695888044
C_MOBILITY:0.5034405785811583
C_KINGSAFETY:0.5649276837004784
C_PAWNSTRUCTURE:0.5307559854383783
C_PIECECOORDINATION:0.45798611166938574
C_ROOKANDPAWNMOVEMENT:0.45798611166938574
C_CENTERCONTROL:0.5372926214156343
C_DEVELOPPIECES:0.469158225733302
C_MATERIAL:0.4753583872107584
