ELO:958
CE_PASSEDPAWNS:0.48596918904907926
CE_PAWNWEAKNESSES:0.49767865428438424
CE_PIECEACTIVITY:0.5083771038713114
CE_KINGPAWNSHIELD:0.6213343912545194
CE_PIECECOORDINATION:0.4951136282521346
CE_MATERIAL:0.43795724440167993
CE_KINGSAFETY:0.5091111130363849
C_PIECESQUARETABLES:0.4935321491431752
C_MOBILITY:0.5030815722281583
C_KINGSAFETY:0.46226144057205815
C_PAWNSTRUCTURE:0.43849052972353486
C_PIECECOORDINATION:0.48872969503596125
C_ROOKANDPAWNMOVEMENT:0.48872969503596125
C_CENTERCONTROL:0.41284962659758984
C_DEVELOPPIECES:0.4354437582079438
C_MATERIAL:0.445543896737926
