ELO:1012
CE_PASSEDPAWNS:0.429929367710505
CE_PAWNWEAKNESSES:0.442627251458355
CE_PIECEACTIVITY:0.44271796315857576
CE_KINGPAWNSHIELD:0.5070194911204264
CE_PIECECOORDINATION:0.4345940667342096
CE_MATERIAL:0.47867069703396264
CE_KINGSAFETY:0.5236026277788381
C_PIECESQUARETABLES:0.491022067443655
C_MOBILITY:0.5548968763284474
C_KINGSAFETY:0.5622686162161629
C_PAWNSTRUCTURE:0.5009888695824903
C_PIECECOORDINATION:0.48983414326747143
C_ROOKANDPAWNMOVEMENT:0.48983414326747143
C_CENTERCONTROL:0.4422478717675075
C_DEVELOPPIECES:0.4513161750881895
C_MATERIAL:0.5009673811549429
