ELO:1000
CE_PASSEDPAWNS:0.497825350917172
CE_PAWNWEAKNESSES:0.5062885841338431
CE_PIECEACTIVITY:0.5121292099834585
CE_KINGPAWNSHIELD:0.5135605280523825
CE_PIECECOORDINATION:0.5201385513756334
CE_MATERIAL:0.4941616912885603
CE_KINGSAFETY:0.5298651733673656
C_PIECESQUARETABLES:0.4843007400124293
C_MOBILITY:0.5007300216448427
C_KINGSAFETY:0.4719447882466062
C_PAWNSTRUCTURE:0.48292668996268395
C_PIECECOORDINATION:0.49154012675159836
C_ROOKANDPAWNMOVEMENT:0.49154012675159836
C_CENTERCONTROL:0.4906445046610945
C_DEVELOPPIECES:0.4551951330626399
C_MATERIAL:0.516819013050957
