ELO:867
CE_PASSEDPAWNS:0.4760331934807397
CE_PAWNWEAKNESSES:0.5993298331501566
CE_PIECEACTIVITY:0.5677690472840675
CE_KINGPAWNSHIELD:0.5764125835108292
CE_PIECECOORDINATION:0.5280357073565102
CE_MATERIAL:0.4630246908473108
CE_KINGSAFETY:0.48293082803683285
C_PIECESQUARETABLES:0.5430046146549231
C_MOBILITY:0.4285605722271939
C_KINGSAFETY:0.5182006344173136
C_PAWNSTRUCTURE:0.581809627293606
C_PIECECOORDINATION:0.4605636942763517
C_ROOKANDPAWNMOVEMENT:0.4605636942763517
C_CENTERCONTROL:0.45451518491162773
C_DEVELOPPIECES:0.48769772806603845
C_MATERIAL:0.50976511965686
C_MOVECOUNT:0.5
