ELO:899
CE_PASSEDPAWNS:0.515586881708291
CE_PAWNWEAKNESSES:0.5311904317923045
CE_PIECEACTIVITY:0.48913848969339735
CE_KINGPAWNSHIELD:0.5176103567274031
CE_PIECECOORDINATION:0.4699927385368695
CE_MATERIAL:0.5202009669079071
CE_KINGSAFETY:0.5133639090229216
C_PIECESQUARETABLES:0.48330118917623643
C_MOBILITY:0.49099763050488354
C_KINGSAFETY:0.4831755284829933
C_PAWNSTRUCTURE:0.5245694939138543
C_PIECECOORDINATION:0.4921524725107672
C_ROOKANDPAWNMOVEMENT:0.4921524725107672
C_CENTERCONTROL:0.5207219797961767
C_DEVELOPPIECES:0.48544687255693697
C_MATERIAL:0.5149589514381312
C_MOVECOUNT:0.49619841619744764
