ELO:963
CE_PASSEDPAWNS:0.48406642516182663
CE_PAWNWEAKNESSES:0.5083920490210925
CE_PIECEACTIVITY:0.4930862585491979
CE_KINGPAWNSHIELD:0.5103565286887175
CE_PIECECOORDINATION:0.49060389635815327
CE_MATERIAL:0.5375327752211886
CE_KINGSAFETY:0.4910689711487542
C_PIECESQUARETABLES:0.48869622223664744
C_MOBILITY:0.5049862490174468
C_KINGSAFETY:0.502348518729275
C_PAWNSTRUCTURE:0.49915007232213615
C_PIECECOORDINATION:0.4575636670753268
C_ROOKANDPAWNMOVEMENT:0.4575636670753268
C_CENTERCONTROL:0.49495151067407234
C_DEVELOPPIECES:0.540181494035774
C_MATERIAL:0.484080985300817
