ELO:992
CE_PASSEDPAWNS:0.5164585183301841
CE_PAWNWEAKNESSES:0.5138395854916308
CE_PIECEACTIVITY:0.4560029770241395
CE_KINGPAWNSHIELD:0.5183660338676439
CE_PIECECOORDINATION:0.4724112139463471
CE_MATERIAL:0.49619141452861865
CE_KINGSAFETY:0.5
C_PIECESQUARETABLES:0.5
C_MOBILITY:0.4856565052097385
C_KINGSAFETY:0.49494624344715815
C_PAWNSTRUCTURE:0.5241965214962074
C_PIECECOORDINATION:0.5045243275686544
C_ROOK:0.5176498829115336
CE_ROOK:0.5122691005717256
C_CENTERCONTROL:0.5086231111145126
C_DEVELOPPIECES:0.5019411915932267
C_MATERIAL:0.5436247333253104
C_MOVECOUNT:0.47243649144778166
C_PAWNMOVEMENT:0.48906501505248945
