ELO:819
CE_PASSEDPAWNS:0.5384126764667007
CE_PAWNWEAKNESSES:0.5095638423508161
CE_PIECEACTIVITY:0.47708852393556667
CE_KINGPAWNSHIELD:0.523899423794251
CE_PIECECOORDINATION:0.42859506482609677
CE_MATERIAL:0.5210160265630426
CE_KINGSAFETY:0.4422870234568021
C_PIECESQUARETABLES:0.43105698338530307
C_MOBILITY:0.47585426667924596
C_KINGSAFETY:0.4525396001519036
C_PAWNSTRUCTURE:0.4676679529370081
C_PIECECOORDINATION:0.5091951039764713
C_ROOKANDPAWNMOVEMENT:0.5091951039764713
C_CENTERCONTROL:0.4858110471066173
C_DEVELOPPIECES:0.5370920429386292
C_MATERIAL:0.5042785905765406
C_MOVECOUNT:0.49151507610616535
