ELO:828
CE_PASSEDPAWNS:0.5570282374377183
CE_PAWNWEAKNESSES:0.4862643498802048
CE_PIECEACTIVITY:0.4779663575705668
CE_KINGPAWNSHIELD:0.5248952091064736
CE_PIECECOORDINATION:0.42155105647433355
CE_MATERIAL:0.52954356151945
CE_KINGSAFETY:0.44913684964176437
C_PIECESQUARETABLES:0.4066364744235169
C_MOBILITY:0.48259714688582567
C_KINGSAFETY:0.42967344608190905
C_PAWNSTRUCTURE:0.46563865868956766
C_PIECECOORDINATION:0.5115382530242356
C_ROOKANDPAWNMOVEMENT:0.5115382530242356
C_CENTERCONTROL:0.45980015206991953
C_DEVELOPPIECES:0.5289838359288465
C_MATERIAL:0.49757901190053894
C_MOVECOUNT:0.4958831798220141
