ELO:984
CE_PASSEDPAWNS:0.5100615103657709
CE_PAWNWEAKNESSES:0.5
CE_PIECEACTIVITY:0.5038710966402667
CE_KINGPAWNSHIELD:0.4932431506884768
CE_PIECECOORDINATION:0.5
CE_MATERIAL:0.48899249628215896
CE_KINGSAFETY:0.49715778479027783
C_PIECESQUARETABLES:0.4861226281814901
C_MOBILITY:0.505647944930523
C_KINGSAFETY:0.5159354332462827
C_PAWNSTRUCTURE:0.516035065929441
C_PIECECOORDINATION:0.5
C_ROOKANDPAWNMOVEMENT:0.5
C_CENTERCONTROL:0.49292994302145987
C_DEVELOPPIECES:0.5022268034639708
C_MATERIAL:0.5112028574744352
C_MOVECOUNT:0.5162488048766195
