ELO:1010
CE_PASSEDPAWNS:0.5086845149483613
CE_PAWNWEAKNESSES:0.49470248843033576
CE_PIECEACTIVITY:0.49977035681617515
CE_KINGPAWNSHIELD:0.5
CE_PIECECOORDINATION:0.5
CE_MATERIAL:0.5
CE_KINGSAFETY:0.5
C_PIECESQUARETABLES:0.5037271310365958
C_MOBILITY:0.5111866866943879
C_KINGSAFETY:0.49171216689654335
C_PAWNSTRUCTURE:0.5
C_PIECECOORDINATION:0.5
C_ROOKANDPAWNMOVEMENT:0.5
C_CENTERCONTROL:0.49305232719063663
C_DEVELOPPIECES:0.496738599198061
C_MATERIAL:0.5
C_MOVECOUNT:0.5
