ELO:937
CE_PASSEDPAWNS:0.5042058780645443
CE_PAWNWEAKNESSES:0.47175212631473196
CE_PIECEACTIVITY:0.5284343993967069
CE_KINGPAWNSHIELD:0.4983856625444878
CE_PIECECOORDINATION:0.514001079390082
CE_MATERIAL:0.5185087072794624
CE_KINGSAFETY:0.493964580650116
C_PIECESQUARETABLES:0.48241811922076394
C_MOBILITY:0.4713520964666825
C_KINGSAFETY:0.537821132493618
C_PAWNSTRUCTURE:0.5014841323262041
C_PIECECOORDINATION:0.5083631544642786
C_ROOKANDPAWNMOVEMENT:0.5083631544642786
C_CENTERCONTROL:0.5029759083261361
C_DEVELOPPIECES:0.4853556774704121
C_MATERIAL:0.5267621778812056
