ELO:1015
CE_PASSEDPAWNS:0.4975865746448969
CE_PAWNWEAKNESSES:0.4871715224824995
CE_PIECEACTIVITY:0.5
CE_KINGPAWNSHIELD:0.5
CE_PIECECOORDINATION:0.5
CE_MATERIAL:0.5
CE_KINGSAFETY:0.5
C_PIECESQUARETABLES:0.5
C_MOBILITY:0.5
C_KINGSAFETY:0.5
C_PAWNSTRUCTURE:0.5
C_PIECECOORDINATION:0.5
C_ROOKANDPAWNMOVEMENT:0.5
C_CENTERCONTROL:0.5027581504053397
C_DEVELOPPIECES:0.4912367431475055
C_MATERIAL:0.5042383834480488
C_MOVECOUNT:0.5
