ELO:522
CE_PASSEDPAWNS:0.5826395434000201
CE_PAWNWEAKNESSES:0.6292644175843416
CE_PIECEACTIVITY:0.4904956623512284
CE_KINGPAWNSHIELD:0.41403654153016844
CE_PIECECOORDINATION:0.6517919505118872
CE_MATERIAL:0.526371010003607
CE_KINGSAFETY:0.494258742256182
C_PIECESQUARETABLES:0.4816653011109007
C_MOBILITY:0.5539657878000503
C_KINGSAFETY:0.5262435876080983
C_PAWNSTRUCTURE:0.6328855873032648
C_PIECECOORDINATION:0.5043296811927294
C_ROOKANDPAWNMOVEMENT:0.5043296811927294
C_CENTERCONTROL:0.46727365351643807
C_DEVELOPPIECES:0.6423817218896372
C_MATERIAL:0.4808748644162858
C_MOVECOUNT:0.5078110603603897
