ELO:1022
CE_PASSEDPAWNS:0.4939530158926566
CE_PAWNWEAKNESSES:0.5
CE_PIECEACTIVITY:0.5047479899726335
CE_KINGPAWNSHIELD:0.49913565866478
CE_PIECECOORDINATION:0.5103704011548332
CE_MATERIAL:0.5192201807081841
CE_KINGSAFETY:0.5
C_PIECESQUARETABLES:0.5
C_MOBILITY:0.5
C_KINGSAFETY:0.4938509226893745
C_PAWNSTRUCTURE:0.5144225031108666
C_PIECECOORDINATION:0.4949860906898488
C_ROOKANDPAWNMOVEMENT:0.4949860906898488
C_CENTERCONTROL:0.5
C_DEVELOPPIECES:0.5005123406214853
C_MATERIAL:0.5118574838416963
C_MOVECOUNT:0.509332248218171
