ELO:787
CE_PASSEDPAWNS:0.4921306957365542
CE_PAWNWEAKNESSES:0.5238207413885129
CE_PIECEACTIVITY:0.53964139105432
CE_KINGPAWNSHIELD:0.5254269290466272
CE_PIECECOORDINATION:0.517713848082385
CE_MATERIAL:0.4961398554293035
CE_KINGSAFETY:0.4787479598736564
C_PIECESQUARETABLES:0.49747520099873144
C_MOBILITY:0.5313747825216685
C_KINGSAFETY:0.4947706297618103
C_PAWNSTRUCTURE:0.5241276296617499
C_PIECECOORDINATION:0.4985932628864121
C_ROOKANDPAWNMOVEMENT:0.4985932628864121
C_CENTERCONTROL:0.5096981664233248
C_DEVELOPPIECES:0.5239324236493953
C_MATERIAL:0.4711036229560939
C_MOVECOUNT:0.5
