ELO:975
CE_PASSEDPAWNS:0.5104715986836206
CE_PAWNWEAKNESSES:0.4999298336050718
CE_PIECEACTIVITY:0.5233841530459569
CE_KINGPAWNSHIELD:0.49425593876046586
CE_PIECECOORDINATION:0.5118781723003085
CE_MATERIAL:0.5147494055940475
CE_KINGSAFETY:0.5047234917173155
C_PIECESQUARETABLES:0.5027345351418415
C_MOBILITY:0.4809209351977601
C_KINGSAFETY:0.5206989114019671
C_PAWNSTRUCTURE:0.49155561926043934
C_PIECECOORDINATION:0.522897488887856
C_ROOKANDPAWNMOVEMENT:0.522897488887856
C_CENTERCONTROL:0.5104361393204353
C_DEVELOPPIECES:0.4726383826812356
C_MATERIAL:0.5078379625155213
