ELO:1003
CE_PASSEDPAWNS:0.5
CE_PAWNWEAKNESSES:0.483518617756178
CE_PIECEACTIVITY:0.4968696297557622
CE_KINGPAWNSHIELD:0.5191404028416677
CE_PIECECOORDINATION:0.5040292313368289
CE_MATERIAL:0.5245686614192376
CE_KINGSAFETY:0.5198117456558433
C_PIECESQUARETABLES:0.5
C_MOBILITY:0.5
C_KINGSAFETY:0.4901679263244641
C_PAWNSTRUCTURE:0.5062791384390606
C_PIECECOORDINATION:0.49817738445067417
C_ROOKANDPAWNMOVEMENT:0.49817738445067417
C_CENTERCONTROL:0.4959745651856188
C_DEVELOPPIECES:0.5150002509294973
C_MATERIAL:0.49389075820907735
C_MOVECOUNT:0.5
