ELO:983
CE_PASSEDPAWNS:0.457873047623499
CE_PAWNWEAKNESSES:0.5909558176666495
CE_PIECEACTIVITY:0.5186449182985755
CE_KINGPAWNSHIELD:0.43186484811762205
CE_PIECECOORDINATION:0.5462518663890432
CE_MATERIAL:0.49419583197000183
CE_KINGSAFETY:0.5
C_PIECESQUARETABLES:0.49787504438449803
C_MOBILITY:0.5120037647952087
C_KINGSAFETY:0.4632421670086279
C_PAWNSTRUCTURE:0.4606600217261036
C_PIECECOORDINATION:0.5551388662038125
C_ROOKANDPAWNMOVEMENT:0.5551388662038125
C_CENTERCONTROL:0.5025304568606478
C_DEVELOPPIECES:0.5403700954981023
C_MATERIAL:0.47905288583615996
