ELO:919
CE_PASSEDPAWNS:0.5164122407982942
CE_PAWNWEAKNESSES:0.5506636932172837
CE_PIECEACTIVITY:0.5250214572464786
CE_KINGPAWNSHIELD:0.46101064472240033
CE_PIECECOORDINATION:0.543974085563375
CE_MATERIAL:0.5079082534496433
CE_KINGSAFETY:0.5161708349554127
C_PIECESQUARETABLES:0.5295926376345781
C_MOBILITY:0.49806282964371695
C_KINGSAFETY:0.5508302329611179
C_PAWNSTRUCTURE:0.48041529953331114
C_PIECECOORDINATION:0.512418008497088
C_ROOKANDPAWNMOVEMENT:0.512418008497088
C_CENTERCONTROL:0.5097228587843263
C_DEVELOPPIECES:0.5582935582942906
C_MATERIAL:0.5130496863720284
C_MOVECOUNT:0.5470884304344021
