ELO:935
CE_PASSEDPAWNS:0.4842715171559646
CE_PAWNWEAKNESSES:0.542643734172972
CE_PIECEACTIVITY:0.41731474758664644
CE_KINGPAWNSHIELD:0.5521425057488728
CE_PIECECOORDINATION:0.5532704179202473
CE_MATERIAL:0.47926746173967344
CE_KINGSAFETY:0.49009766145385975
C_PIECESQUARETABLES:0.5050401604465022
C_MOBILITY:0.5446611579777795
C_KINGSAFETY:0.4721229568212225
C_PAWNSTRUCTURE:0.6481831725499692
C_PIECECOORDINATION:0.5907610315793644
C_ROOKANDPAWNMOVEMENT:0.5907610315793644
C_CENTERCONTROL:0.5246158315324789
C_DEVELOPPIECES:0.4522190666879928
C_MATERIAL:0.4515753541825753
