ELO:1000
CE_PASSEDPAWNS:0.5086791737697784
CE_PAWNWEAKNESSES:0.5578737066885127
CE_PIECEACTIVITY:0.5085918538077389
CE_KINGPAWNSHIELD:0.43501141554565287
CE_PIECECOORDINATION:0.5323017384877013
CE_MATERIAL:0.4898103973720864
CE_KINGSAFETY:0.5211145243506067
C_PIECESQUARETABLES:0.4920494114918795
C_MOBILITY:0.5093953775031416
C_KINGSAFETY:0.4563529906572252
C_PAWNSTRUCTURE:0.4721798641800083
C_PIECECOORDINATION:0.5649430380351935
C_ROOKANDPAWNMOVEMENT:0.5649430380351935
C_CENTERCONTROL:0.4333438110290803
C_DEVELOPPIECES:0.434466032167228
C_MATERIAL:0.4632814363354592
