ELO:1000
CE_PASSEDPAWNS:0.49497410340569
CE_PAWNWEAKNESSES:0.5611420103175159
CE_PIECEACTIVITY:0.4885040915646663
CE_KINGPAWNSHIELD:0.4556165461895718
CE_PIECECOORDINATION:0.5436441278023103
CE_MATERIAL:0.48067092354986635
CE_KINGSAFETY:0.5319378728387171
C_PIECESQUARETABLES:0.4818265617736609
C_MOBILITY:0.4943825509853566
C_KINGSAFETY:0.4736332576370937
C_PAWNSTRUCTURE:0.4753150095308787
C_PIECECOORDINATION:0.5727816957929082
C_ROOKANDPAWNMOVEMENT:0.5727816957929082
C_CENTERCONTROL:0.4192517093328279
C_DEVELOPPIECES:0.4673511156335289
C_MATERIAL:0.4969985918769473
