ELO:1000
CE_PASSEDPAWNS:0.49572821103582154
CE_PAWNWEAKNESSES:0.551678468571848
CE_PIECEACTIVITY:0.5314059359395503
CE_KINGPAWNSHIELD:0.4852338137261715
CE_PIECECOORDINATION:0.5113798875561595
CE_MATERIAL:0.495715366072515
CE_KINGSAFETY:0.49909651811624334
C_PIECESQUARETABLES:0.5036834731441366
C_MOBILITY:0.5042528747337955
C_KINGSAFETY:0.49026921216224373
C_PAWNSTRUCTURE:0.49462547517999994
C_PIECECOORDINATION:0.5644458452029901
C_ROOKANDPAWNMOVEMENT:0.5644458452029901
C_CENTERCONTROL:0.4696253965913154
C_DEVELOPPIECES:0.4745537952907205
C_MATERIAL:0.49170063757773186
