ELO:956
CE_PASSEDPAWNS:0.5101268565434602
CE_PAWNWEAKNESSES:0.49197631859865615
CE_PIECEACTIVITY:0.5235241537985483
CE_KINGPAWNSHIELD:0.499364363348257
CE_PIECECOORDINATION:0.5245035107800977
CE_MATERIAL:0.4972638518556136
CE_KINGSAFETY:0.5040066392104964
C_PIECESQUARETABLES:0.49165946608156397
C_MOBILITY:0.4814628177373614
C_KINGSAFETY:0.5331724736275751
C_PAWNSTRUCTURE:0.4942533806756967
C_PIECECOORDINATION:0.5168746920286719
C_ROOKANDPAWNMOVEMENT:0.5168746920286719
C_CENTERCONTROL:0.5039293273538402
C_DEVELOPPIECES:0.48589768573845243
C_MATERIAL:0.5177395995848484
