ELO:988
CE_PASSEDPAWNS:0.39792981371987557
CE_PAWNWEAKNESSES:0.4449176979510626
CE_PIECEACTIVITY:0.5148623676305903
CE_KINGPAWNSHIELD:0.4969112771905379
CE_PIECECOORDINATION:0.6092782055877115
CE_MATERIAL:0.41237886705497595
CE_KINGSAFETY:0.4869362929509814
C_PIECESQUARETABLES:0.4972958592805137
C_MOBILITY:0.6177596944613561
C_KINGSAFETY:0.5742475742575268
C_PAWNSTRUCTURE:0.6145138921841324
C_PIECECOORDINATION:0.6009620441689905
C_ROOKANDPAWNMOVEMENT:0.6009620441689905
C_CENTERCONTROL:0.3735826884175309
C_DEVELOPPIECES:0.5497740090459554
C_MATERIAL:0.5775753205268079
