ELO:946
CE_PASSEDPAWNS:0.5172848799124612
CE_PAWNWEAKNESSES:0.47889481365961717
CE_PIECEACTIVITY:0.5057210553280889
CE_KINGPAWNSHIELD:0.5041030330777946
CE_PIECECOORDINATION:0.5197262248951217
CE_MATERIAL:0.5215660461509549
CE_KINGSAFETY:0.4975244422219057
C_PIECESQUARETABLES:0.4761511685481391
C_MOBILITY:0.4684710843553562
C_KINGSAFETY:0.528555134698803
C_PAWNSTRUCTURE:0.4992384357848593
C_PIECECOORDINATION:0.5238534682618947
C_ROOKANDPAWNMOVEMENT:0.5238534682618947
C_CENTERCONTROL:0.48820070342834004
C_DEVELOPPIECES:0.4754007614068478
C_MATERIAL:0.5129221990908696
