ELO:979
CE_PASSEDPAWNS:0.453632781707175
CE_PAWNWEAKNESSES:0.5919170537660803
CE_PIECEACTIVITY:0.5186449182985755
CE_KINGPAWNSHIELD:0.4338678271547515
CE_PIECECOORDINATION:0.5507067977975485
CE_MATERIAL:0.5000485205117565
CE_KINGSAFETY:0.5193008513927976
C_PIECESQUARETABLES:0.4867740526810826
C_MOBILITY:0.5102966199393941
C_KINGSAFETY:0.4632421670086279
C_PAWNSTRUCTURE:0.4675906859422583
C_PIECECOORDINATION:0.5638003901758406
C_ROOKANDPAWNMOVEMENT:0.5638003901758406
C_CENTERCONTROL:0.5215043760220722
C_DEVELOPPIECES:0.5426327605730354
C_MATERIAL:0.46128330524100936
