ELO:845
CE_PASSEDPAWNS:0.5391962985067408
CE_PAWNWEAKNESSES:0.4577469743780465
CE_PIECEACTIVITY:0.5548379135356747
CE_KINGPAWNSHIELD:0.430218670869771
CE_PIECECOORDINATION:0.4719082162756986
CE_MATERIAL:0.5619157561251201
CE_KINGSAFETY:0.5114969382309281
C_PIECESQUARETABLES:0.4818465224968866
C_MOBILITY:0.5434594349044328
C_KINGSAFETY:0.5173023849188588
C_PAWNSTRUCTURE:0.5322731154278841
C_PIECECOORDINATION:0.4960184616637361
C_ROOK:0.5300794655467385
CE_ROOK:0.49851558888281566
C_CENTERCONTROL:0.5295775140625636
C_DEVELOPPIECES:0.5183442964468356
C_MATERIAL:0.5020220445549458
C_MOVECOUNT:0.5189420100419981
C_PAWNMOVEMENT:0.4856487604938665
