ELO:993
CE_PASSEDPAWNS:0.4964403298867454
CE_PAWNWEAKNESSES:0.49555311217115217
CE_PIECEACTIVITY:0.5052225190532802
CE_KINGPAWNSHIELD:0.4992737310782159
CE_PIECECOORDINATION:0.5089985015545944
CE_MATERIAL:0.4937191799665794
CE_KINGSAFETY:0.5037448424838834
C_PIECESQUARETABLES:0.483718842962887
C_MOBILITY:0.5129523464022415
C_KINGSAFETY:0.5036708987853012
C_PAWNSTRUCTURE:0.49533334851904764
C_PIECECOORDINATION:0.4760825693859961
C_ROOKANDPAWNMOVEMENT:0.4760825693859961
C_CENTERCONTROL:0.5059770346245107
C_DEVELOPPIECES:0.48095193723653623
C_MATERIAL:0.4871249273898012
C_MOVECOUNT:0.5
