ELO:985
CE_PASSEDPAWNS:0.4803388465265462
CE_PAWNWEAKNESSES:0.5105876536248192
CE_PIECEACTIVITY:0.4990325806121676
CE_KINGPAWNSHIELD:0.508621280127731
CE_PIECECOORDINATION:0.4914027620211003
CE_MATERIAL:0.5039126338041164
CE_KINGSAFETY:0.5
C_PIECESQUARETABLES:0.5
C_MOBILITY:0.5019767183175671
C_KINGSAFETY:0.49331084330595304
C_PAWNSTRUCTURE:0.4817597853370933
C_PIECECOORDINATION:0.4933223711543803
C_ROOKANDPAWNMOVEMENT:0.4933223711543803
C_CENTERCONTROL:0.5
C_DEVELOPPIECES:0.49195625245756447
C_MATERIAL:0.5
C_MOVECOUNT:0.5
