ELO:1046
CE_PASSEDPAWNS:0.5071813982587167
CE_PAWNWEAKNESSES:0.5077036375598466
CE_PIECEACTIVITY:0.5
CE_KINGPAWNSHIELD:0.5169519993172216
CE_PIECECOORDINATION:0.5059612010714428
CE_MATERIAL:0.5
CE_KINGSAFETY:0.5
C_PIECESQUARETABLES:0.5
C_MOBILITY:0.509206582305745
C_KINGSAFETY:0.5
C_PAWNSTRUCTURE:0.5
C_PIECECOORDINATION:0.48698863318339763
C_ROOKANDPAWNMOVEMENT:0.48698863318339763
C_CENTERCONTROL:0.506734056407956
C_DEVELOPPIECES:0.4912367431475055
C_MATERIAL:0.5
C_MOVECOUNT:0.4949015510138922
