ELO:881
CE_PASSEDPAWNS:0.5295268599047307
CE_PAWNWEAKNESSES:0.45749834918527316
CE_PIECEACTIVITY:0.558209987883908
CE_KINGPAWNSHIELD:0.43966600915448345
CE_PIECECOORDINATION:0.4795095018722925
CE_MATERIAL:0.5324077782472983
CE_KINGSAFETY:0.4959588987603266
C_PIECESQUARETABLES:0.5048896033953718
C_MOBILITY:0.5374190310943704
C_KINGSAFETY:0.5129374826005398
C_PAWNSTRUCTURE:0.5209273909358233
C_PIECECOORDINATION:0.5089060793314449
C_ROOK:0.5139026948290747
CE_ROOK:0.5030131767577541
C_CENTERCONTROL:0.5330094382754601
C_DEVELOPPIECES:0.5222016279272709
C_MATERIAL:0.5059365555372795
C_MOVECOUNT:0.4984921598941751
C_PAWNMOVEMENT:0.4864067738377511
