ELO:974
CE_PASSEDPAWNS:0.504018027716488
CE_PAWNWEAKNESSES:0.5
CE_PIECEACTIVITY:0.5016437965397924
CE_KINGPAWNSHIELD:0.4976901095871782
CE_PIECECOORDINATION:0.5055882019498222
CE_MATERIAL:0.5008779550622945
CE_KINGSAFETY:0.48528171605396936
C_PIECESQUARETABLES:0.5398434711570226
C_MOBILITY:0.49160057631047605
C_KINGSAFETY:0.4895478332634363
C_PAWNSTRUCTURE:0.49976092153122254
C_PIECECOORDINATION:0.5041233538740494
C_ROOK:0.47975337109705407
CE_ROOK:0.5045814194907611
C_CENTERCONTROL:0.4900842072580593
C_DEVELOPPIECES:0.5067039958813967
C_MATERIAL:0.4985862376117168
C_MOVECOUNT:0.5041997271284812
C_PAWNMOVEMENT:0.5098056534164174
