ELO:892
CE_PASSEDPAWNS:0.458497394394285
CE_PAWNWEAKNESSES:0.4871580661671939
CE_PIECEACTIVITY:0.5166446247391308
CE_KINGPAWNSHIELD:0.51060583855699
CE_PIECECOORDINATION:0.5076461678251114
CE_MATERIAL:0.5445168648121519
CE_KINGSAFETY:0.4583429015144209
C_PIECESQUARETABLES:0.5144429390289321
C_MOBILITY:0.471238756591937
C_KINGSAFETY:0.4954131277266568
C_PAWNSTRUCTURE:0.5116578590613825
C_PIECECOORDINATION:0.5304190111764394
C_ROOKANDPAWNMOVEMENT:0.5304190111764394
C_CENTERCONTROL:0.48313178732586265
C_DEVELOPPIECES:0.4793294945298485
C_MATERIAL:0.5134345090583164
C_MOVECOUNT:0.5255403375273112
