ELO:637
CE_PASSEDPAWNS:0.54754982941188
CE_PAWNWEAKNESSES:0.5532725559665925
CE_PIECEACTIVITY:0.5385737035145582
CE_KINGPAWNSHIELD:0.493243131036932
CE_PIECECOORDINATION:0.5145543671434084
CE_MATERIAL:0.5098758549364487
CE_KINGSAFETY:0.46441499182263907
C_PIECESQUARETABLES:0.546716942487282
C_MOBILITY:0.5601890272472982
C_KINGSAFETY:0.5037771778646775
C_PAWNSTRUCTURE:0.5781277522090557
C_PIECECOORDINATION:0.5365501639247668
C_ROOKANDPAWNMOVEMENT:0.5365501639247668
C_CENTERCONTROL:0.4645322412586607
C_DEVELOPPIECES:0.669481834619384
C_MATERIAL:0.46113473641729724
C_MOVECOUNT:0.5
