ELO:1000
CE_PASSEDPAWNS:0.5159402151316924
CE_PAWNWEAKNESSES:0.49189623057479054
CE_PIECEACTIVITY:0.5027370339311603
CE_KINGPAWNSHIELD:0.49934443040713383
CE_PIECECOORDINATION:0.4892611434495735
CE_MATERIAL:0.4987504579671243
CE_KINGSAFETY:0.5082336467686636
C_PIECESQUARETABLES:0.5
C_MOBILITY:0.49826894958460444
C_KINGSAFETY:0.49671405297960897
C_PAWNSTRUCTURE:0.5051763573485639
C_PIECECOORDINATION:0.4959526028148205
C_ROOK:0.5123146736166069
CE_ROOK:0.49753563769460024
C_CENTERCONTROL:0.5
C_DEVELOPPIECES:0.5
C_MATERIAL:0.5
C_MOVECOUNT:0.49911417826447985
C_PAWNMOVEMENT:0.5046210209511293
