ELO:1000
CE_PASSEDPAWNS:0.5145930102487598
CE_PAWNWEAKNESSES:0.5212612957197237
CE_PIECEACTIVITY:0.5195922224009186
CE_KINGPAWNSHIELD:0.48807593921967707
CE_PIECECOORDINATION:0.5224677419781002
CE_MATERIAL:0.499690460964574
CE_KINGSAFETY:0.5065296410846687
C_PIECESQUARETABLES:0.5047270125568097
C_MOBILITY:0.48704745137814603
C_KINGSAFETY:0.4902279971109469
C_PAWNSTRUCTURE:0.4998700616697039
C_PIECECOORDINATION:0.5011623407371479
C_ROOKANDPAWNMOVEMENT:0.5011623407371479
C_CENTERCONTROL:0.49422041317187176
C_DEVELOPPIECES:0.4824234761641826
C_MATERIAL:0.5106675678833336
