ELO:989
CE_PASSEDPAWNS:0.3962906882122138
CE_PAWNWEAKNESSES:0.4449176979510626
CE_PIECEACTIVITY:0.5055534717583172
CE_KINGPAWNSHIELD:0.4945919889864657
CE_PIECECOORDINATION:0.6191849270451264
CE_MATERIAL:0.40416425780718224
CE_KINGSAFETY:0.5
C_PIECESQUARETABLES:0.4972958592805137
C_MOBILITY:0.6106431556756368
C_KINGSAFETY:0.5742475742575268
C_PAWNSTRUCTURE:0.6309849938155337
C_PIECECOORDINATION:0.6009620441689905
C_ROOKANDPAWNMOVEMENT:0.6009620441689905
C_CENTERCONTROL:0.3765485647298798
C_DEVELOPPIECES:0.5528173797779841
C_MATERIAL:0.5866536899795093
