ELO:1009
CE_PASSEDPAWNS:0.49126344868571586
CE_PAWNWEAKNESSES:0.4997888674021065
CE_PIECEACTIVITY:0.5
CE_KINGPAWNSHIELD:0.5
CE_PIECECOORDINATION:0.5
CE_MATERIAL:0.4998328650420772
CE_KINGSAFETY:0.5
C_PIECESQUARETABLES:0.48806740688035416
C_MOBILITY:0.4995955348571629
C_KINGSAFETY:0.5
C_PAWNSTRUCTURE:0.5
C_PIECECOORDINATION:0.5
C_ROOKANDPAWNMOVEMENT:0.5
C_CENTERCONTROL:0.5
C_DEVELOPPIECES:0.5
C_MATERIAL:0.5
C_MOVECOUNT:0.5
