ELO:1000
CE_PASSEDPAWNS:0.49626243809459525
CE_PAWNWEAKNESSES:0.5026873334274392
CE_PIECEACTIVITY:0.5094459076461384
CE_KINGPAWNSHIELD:0.49493929160306366
CE_PIECECOORDINATION:0.48303332886444195
CE_MATERIAL:0.4420989360909362
CE_KINGSAFETY:0.514816116406074
C_PIECESQUARETABLES:0.4905063179190077
C_MOBILITY:0.5536355055779031
C_KINGSAFETY:0.4897838350170946
C_PAWNSTRUCTURE:0.5226361879848462
C_PIECECOORDINATION:0.5094118902480355
C_ROOKANDPAWNMOVEMENT:0.5094118902480355
C_CENTERCONTROL:0.48153105056120826
C_DEVELOPPIECES:0.46415207103805106
C_MATERIAL:0.4314340385865336
