ELO:987
CE_PASSEDPAWNS:0.5036857312050456
CE_PAWNWEAKNESSES:0.4903113760924737
CE_PIECEACTIVITY:0.49853738797328256
CE_KINGPAWNSHIELD:0.5161916140823933
CE_PIECECOORDINATION:0.5036413784502264
CE_MATERIAL:0.5
CE_KINGSAFETY:0.501866176809772
C_PIECESQUARETABLES:0.5
C_MOBILITY:0.4882815972284669
C_KINGSAFETY:0.4896475329823696
C_PAWNSTRUCTURE:0.5148886520505802
C_PIECECOORDINATION:0.4985521976757091
C_ROOKANDPAWNMOVEMENT:0.4985521976757091
C_CENTERCONTROL:0.46982275664141154
C_DEVELOPPIECES:0.4793409346271649
C_MATERIAL:0.5164642371662079
C_MOVECOUNT:0.5
