ELO:996
CE_PASSEDPAWNS:0.5017169984097697
CE_PAWNWEAKNESSES:0.505098435019972
CE_PIECEACTIVITY:0.49335868307324826
CE_KINGPAWNSHIELD:0.5178220442813127
CE_PIECECOORDINATION:0.5157410116823408
CE_MATERIAL:0.49430848269561833
CE_KINGSAFETY:0.5064024275900872
C_PIECESQUARETABLES:0.5122563902367544
C_MOBILITY:0.5097975543017291
C_KINGSAFETY:0.4929628546718671
C_PAWNSTRUCTURE:0.5093161269533463
C_PIECECOORDINATION:0.5166561045780796
C_ROOKANDPAWNMOVEMENT:0.5166561045780796
C_CENTERCONTROL:0.470238990185659
C_DEVELOPPIECES:0.5102136296208681
C_MATERIAL:0.4896367790087188
