ELO:1061
CE_PASSEDPAWNS:0.4569897477160903
CE_PAWNWEAKNESSES:0.4340185983992197
CE_PIECEACTIVITY:0.4507089120114438
CE_KINGPAWNSHIELD:0.3868136033613225
CE_PIECECOORDINATION:0.4706485185448356
CE_MATERIAL:0.47093711516796816
CE_KINGSAFETY:0.48387712905243885
C_PIECESQUARETABLES:0.5059118258614963
C_MOBILITY:0.4550017640275355
C_KINGSAFETY:0.6603153786838812
C_PAWNSTRUCTURE:0.4334640162358442
C_PIECECOORDINATION:0.4724788667215979
C_ROOKANDPAWNMOVEMENT:0.4724788667215979
C_CENTERCONTROL:0.5362798248448704
C_DEVELOPPIECES:0.5641971435408467
C_MATERIAL:0.38335227174572095
