ELO:934
CE_PASSEDPAWNS:0.42547896456310547
CE_PAWNWEAKNESSES:0.5761430047758528
CE_PIECEACTIVITY:0.41886711028300483
CE_KINGPAWNSHIELD:0.5785350401053387
CE_PIECECOORDINATION:0.5997998667006074
CE_MATERIAL:0.5137746853607629
CE_KINGSAFETY:0.5058680726157379
C_PIECESQUARETABLES:0.5025678906895389
C_MOBILITY:0.49204412666368835
C_KINGSAFETY:0.5079622032917938
C_PAWNSTRUCTURE:0.5873093167689906
C_PIECECOORDINATION:0.6100101577094327
C_ROOKANDPAWNMOVEMENT:0.6100101577094327
C_CENTERCONTROL:0.515234768736914
C_DEVELOPPIECES:0.4891826835248106
C_MATERIAL:0.40934387905524944
