ELO:935
CE_PASSEDPAWNS:0.4575835545563373
CE_PAWNWEAKNESSES:0.5539629193740606
CE_PIECEACTIVITY:0.4601303662228041
CE_KINGPAWNSHIELD:0.3456344145752979
CE_PIECECOORDINATION:0.567486660351804
CE_MATERIAL:0.511232044490213
CE_KINGSAFETY:0.48401771949644257
C_PIECESQUARETABLES:0.49179130195038306
C_MOBILITY:0.450868741657836
C_KINGSAFETY:0.45631744474349556
C_PAWNSTRUCTURE:0.48705997208379803
C_PIECECOORDINATION:0.5274270004895213
C_ROOKANDPAWNMOVEMENT:0.5274270004895213
C_CENTERCONTROL:0.5392825763062804
C_DEVELOPPIECES:0.5072546771145597
C_MATERIAL:0.43835158801112784
