ELO:958
CE_PASSEDPAWNS:0.47687626669601296
CE_PAWNWEAKNESSES:0.540053175400466
CE_PIECEACTIVITY:0.44098627643075416
CE_KINGPAWNSHIELD:0.504421123700756
CE_PIECECOORDINATION:0.534623143122002
CE_MATERIAL:0.4799225561638141
CE_KINGSAFETY:0.4832019340716439
C_PIECESQUARETABLES:0.5233285079894339
C_MOBILITY:0.547457148017844
C_KINGSAFETY:0.4962393958876939
C_PAWNSTRUCTURE:0.5637901861174199
C_PIECECOORDINATION:0.531954913377715
C_ROOKANDPAWNMOVEMENT:0.531954913377715
C_CENTERCONTROL:0.5137267987964373
C_DEVELOPPIECES:0.5011452675309482
C_MATERIAL:0.4277548495073557
