ELO:957
CE_PASSEDPAWNS:0.47892418671397263
CE_PAWNWEAKNESSES:0.5202876277019126
CE_PIECEACTIVITY:0.4574577714777482
CE_KINGPAWNSHIELD:0.5025083613228188
CE_PIECECOORDINATION:0.528147771369062
CE_MATERIAL:0.48137681683457867
CE_KINGSAFETY:0.4829137844731414
C_PIECESQUARETABLES:0.5153521939963697
C_MOBILITY:0.5366733471444399
C_KINGSAFETY:0.5026479410192974
C_PAWNSTRUCTURE:0.539766835451909
C_PIECECOORDINATION:0.4975009131057147
C_ROOKANDPAWNMOVEMENT:0.4975009131057147
C_CENTERCONTROL:0.4963234086830657
C_DEVELOPPIECES:0.5058576229347638
C_MATERIAL:0.423993663740861
