ELO:914
CE_PASSEDPAWNS:0.38441962809449176
CE_PAWNWEAKNESSES:0.5303724485600938
CE_PIECEACTIVITY:0.4488540565880628
CE_KINGPAWNSHIELD:0.5189905813987377
CE_PIECECOORDINATION:0.5970632330949326
CE_MATERIAL:0.46543609345852066
CE_KINGSAFETY:0.45000369789366274
C_PIECESQUARETABLES:0.4509131230374574
C_MOBILITY:0.5415637789418889
C_KINGSAFETY:0.39255943601736737
C_PAWNSTRUCTURE:0.47150236733802003
C_PIECECOORDINATION:0.46787539133733835
C_ROOKANDPAWNMOVEMENT:0.46787539133733835
C_CENTERCONTROL:0.5383562709407693
C_DEVELOPPIECES:0.5479856956295454
C_MATERIAL:0.49026938323186686
