ELO:713
CE_PASSEDPAWNS:0.5407118409730985
CE_PAWNWEAKNESSES:0.5635693958152286
CE_PIECEACTIVITY:0.5304459213451496
CE_KINGPAWNSHIELD:0.514081213378302
CE_PIECECOORDINATION:0.48955705071459704
CE_MATERIAL:0.5088659097280871
CE_KINGSAFETY:0.4914605942043653
C_PIECESQUARETABLES:0.5306075271159729
C_MOBILITY:0.5543803142715729
C_KINGSAFETY:0.501680361223185
C_PAWNSTRUCTURE:0.572758346666566
C_PIECECOORDINATION:0.5266622508204208
C_ROOKANDPAWNMOVEMENT:0.5266622508204208
C_CENTERCONTROL:0.46223455083062936
C_DEVELOPPIECES:0.6762234726263868
C_MATERIAL:0.4488095654085587
C_MOVECOUNT:0.5
