ELO:910
CE_PASSEDPAWNS:0.4453674089687883
CE_PAWNWEAKNESSES:0.5560773420324333
CE_PIECEACTIVITY:0.4502533808014497
CE_KINGPAWNSHIELD:0.5803981208681411
CE_PIECECOORDINATION:0.5754778443319298
CE_MATERIAL:0.5005919255127094
CE_KINGSAFETY:0.5107265240977227
C_PIECESQUARETABLES:0.49057063061671047
C_MOBILITY:0.5175433354349451
C_KINGSAFETY:0.5247726656867485
C_PAWNSTRUCTURE:0.6123101121195712
C_PIECECOORDINATION:0.5966583188952569
C_ROOKANDPAWNMOVEMENT:0.5966583188952569
C_CENTERCONTROL:0.5105616736264009
C_DEVELOPPIECES:0.4471682172435266
C_MATERIAL:0.4089817782453152
