ELO:932
CE_PASSEDPAWNS:0.4599124074417269
CE_PAWNWEAKNESSES:0.5539246619572595
CE_PIECEACTIVITY:0.4616843929265955
CE_KINGPAWNSHIELD:0.33471970015101643
CE_PIECECOORDINATION:0.5366631981656428
CE_MATERIAL:0.511232044490213
CE_KINGSAFETY:0.5000443408426501
C_PIECESQUARETABLES:0.5030322096121876
C_MOBILITY:0.4546522921185995
C_KINGSAFETY:0.4637519002603932
C_PAWNSTRUCTURE:0.4854544673772346
C_PIECECOORDINATION:0.526290321451344
C_ROOKANDPAWNMOVEMENT:0.526290321451344
C_CENTERCONTROL:0.5602035050916514
C_DEVELOPPIECES:0.5010214478781013
C_MATERIAL:0.44109934138112494
