ELO:1000
CE_PASSEDPAWNS:0.5
CE_PAWNWEAKNESSES:0.49520341196192413
CE_PIECEACTIVITY:0.5
CE_KINGPAWNSHIELD:0.5101795628886907
CE_PIECECOORDINATION:0.5
CE_MATERIAL:0.5
CE_KINGSAFETY:0.5
C_PIECESQUARETABLES:0.4963199178336558
C_MOBILITY:0.5124576693435843
C_KINGSAFETY:0.49071493787719195
C_PAWNSTRUCTURE:0.5022761676878943
C_PIECECOORDINATION:0.5
C_ROOKANDPAWNMOVEMENT:0.5
C_CENTERCONTROL:0.5
C_DEVELOPPIECES:0.5
C_MATERIAL:0.5043158053008913
C_MOVECOUNT:0.4884124607284497
