ELO:933
CE_PASSEDPAWNS:0.423656061574941
CE_PAWNWEAKNESSES:0.5686985817448701
CE_PIECEACTIVITY:0.4121461314338709
CE_KINGPAWNSHIELD:0.5759004744702427
CE_PIECECOORDINATION:0.6039013589296126
CE_MATERIAL:0.5307345848994375
CE_KINGSAFETY:0.4931940148807318
C_PIECESQUARETABLES:0.49934430553524567
C_MOBILITY:0.4878940181910954
C_KINGSAFETY:0.4967744557289474
C_PAWNSTRUCTURE:0.5840740253074289
C_PIECECOORDINATION:0.5948394469957158
C_ROOKANDPAWNMOVEMENT:0.5948394469957158
C_CENTERCONTROL:0.5136699979710263
C_DEVELOPPIECES:0.48266088737752333
C_MATERIAL:0.41451732598387475
