ELO:938
CE_PASSEDPAWNS:0.4455280653487249
CE_PAWNWEAKNESSES:0.5595605067206556
CE_PIECEACTIVITY:0.48999682306537223
CE_KINGPAWNSHIELD:0.36971975291742487
CE_PIECECOORDINATION:0.5850248495955671
CE_MATERIAL:0.5523006591683193
CE_KINGSAFETY:0.5040171818925053
C_PIECESQUARETABLES:0.4913706620007567
C_MOBILITY:0.4790006127485213
C_KINGSAFETY:0.44887220298965197
C_PAWNSTRUCTURE:0.4902566126129402
C_PIECECOORDINATION:0.5358074601533694
C_ROOKANDPAWNMOVEMENT:0.5358074601533694
C_CENTERCONTROL:0.5480282630770166
C_DEVELOPPIECES:0.5082819560088339
C_MATERIAL:0.43521219056091026
