ELO:1057
CE_PASSEDPAWNS:0.42277955743949786
CE_PAWNWEAKNESSES:0.4465785183101065
CE_PIECEACTIVITY:0.43825311358631874
CE_KINGPAWNSHIELD:0.3838349156283692
CE_PIECECOORDINATION:0.42734439643850086
CE_MATERIAL:0.445711384375306
CE_KINGSAFETY:0.47484896889351075
C_PIECESQUARETABLES:0.510839702198349
C_MOBILITY:0.43883357492448305
C_KINGSAFETY:0.6247899488305273
C_PAWNSTRUCTURE:0.48680138394107264
C_PIECECOORDINATION:0.4441804272815209
C_ROOKANDPAWNMOVEMENT:0.4441804272815209
C_CENTERCONTROL:0.6184071494279496
C_DEVELOPPIECES:0.5674941191466145
C_MATERIAL:0.38345513586327107
