ELO:925
CE_PASSEDPAWNS:0.4938141535381917
CE_PAWNWEAKNESSES:0.5462593535804237
CE_PIECEACTIVITY:0.4311169663897439
CE_KINGPAWNSHIELD:0.5555472062629999
CE_PIECECOORDINATION:0.5795218657649712
CE_MATERIAL:0.5124111530204689
CE_KINGSAFETY:0.5149049410818324
C_PIECESQUARETABLES:0.48402716121734785
C_MOBILITY:0.5172292250159825
C_KINGSAFETY:0.48590616242236817
C_PAWNSTRUCTURE:0.6366600377314678
C_PIECECOORDINATION:0.6308607806990437
C_ROOKANDPAWNMOVEMENT:0.6308607806990437
C_CENTERCONTROL:0.49665571823077487
C_DEVELOPPIECES:0.4494250190675583
C_MATERIAL:0.43877378853919635
