ELO:1000
CE_PASSEDPAWNS:0.5050112870936843
CE_PAWNWEAKNESSES:0.5027015229454302
CE_PIECEACTIVITY:0.5079301313725519
CE_KINGPAWNSHIELD:0.49769073504260636
CE_PIECECOORDINATION:0.5115620515901456
CE_MATERIAL:0.4977687038097598
CE_KINGSAFETY:0.5087472999624829
C_PIECESQUARETABLES:0.5079074840944904
C_MOBILITY:0.5
C_KINGSAFETY:0.49134671929318896
C_PAWNSTRUCTURE:0.4998700616697039
C_PIECECOORDINATION:0.5004328484896532
C_ROOKANDPAWNMOVEMENT:0.5004328484896532
C_CENTERCONTROL:0.5016859680863203
C_DEVELOPPIECES:0.4958418249853901
C_MATERIAL:0.5062348171389492
