ELO:896
CE_PASSEDPAWNS:0.41588582765393073
CE_PAWNWEAKNESSES:0.4995776315885412
CE_PIECEACTIVITY:0.46186259743833197
CE_KINGPAWNSHIELD:0.44672896572060194
CE_PIECECOORDINATION:0.4506079982238973
CE_MATERIAL:0.5747257693980082
CE_KINGSAFETY:0.5
C_PIECESQUARETABLES:0.5015436855215472
C_MOBILITY:0.5434916999935397
C_KINGSAFETY:0.3857323028637819
C_PAWNSTRUCTURE:0.5283213896826617
C_PIECECOORDINATION:0.6059892506702917
C_ROOKANDPAWNMOVEMENT:0.6059892506702917
C_CENTERCONTROL:0.5982786853828082
C_DEVELOPPIECES:0.5300066172263109
C_MATERIAL:0.5877307509283943
