ELO:1000
CE_PASSEDPAWNS:0.4937285629064663
CE_PAWNWEAKNESSES:0.5404532427324233
CE_PIECEACTIVITY:0.4703291693526502
CE_KINGPAWNSHIELD:0.4752245381791248
CE_PIECECOORDINATION:0.43413680247436737
CE_MATERIAL:0.433690522015562
CE_KINGSAFETY:0.525587414458104
C_PIECESQUARETABLES:0.4880732890504405
C_MOBILITY:0.4884538883253567
C_KINGSAFETY:0.5662656419022771
C_PAWNSTRUCTURE:0.517101827298637
C_PIECECOORDINATION:0.5102056315891947
C_ROOKANDPAWNMOVEMENT:0.5102056315891947
C_CENTERCONTROL:0.4780448701288347
C_DEVELOPPIECES:0.5314638724614308
C_MATERIAL:0.5144106935518767
