ELO:931
CE_PASSEDPAWNS:0.4720910243967298
CE_PAWNWEAKNESSES:0.6314506070052687
CE_PIECEACTIVITY:0.5024631349784432
CE_KINGPAWNSHIELD:0.3871565476327775
CE_PIECECOORDINATION:0.526810907600145
CE_MATERIAL:0.4414014899479571
CE_KINGSAFETY:0.5308656537372167
C_PIECESQUARETABLES:0.4949253113112708
C_MOBILITY:0.3153885755886346
C_KINGSAFETY:0.520878189293876
C_PAWNSTRUCTURE:0.5136080321443017
C_PIECECOORDINATION:0.4678565936458981
C_ROOKANDPAWNMOVEMENT:0.4678565936458981
C_CENTERCONTROL:0.5236522065445445
C_DEVELOPPIECES:0.5164545822311255
C_MATERIAL:0.4112541498065556
