ELO:982
CE_PASSEDPAWNS:0.4889651941908367
CE_PAWNWEAKNESSES:0.5
CE_PIECEACTIVITY:0.49619839991295156
CE_KINGPAWNSHIELD:0.5
CE_PIECECOORDINATION:0.5166513342430368
CE_MATERIAL:0.5090906323459515
CE_KINGSAFETY:0.5
C_PIECESQUARETABLES:0.5
C_MOBILITY:0.5
C_KINGSAFETY:0.5092669095458857
C_PAWNSTRUCTURE:0.5078121635142162
C_PIECECOORDINATION:0.49461454932099647
C_ROOKANDPAWNMOVEMENT:0.49461454932099647
C_CENTERCONTROL:0.4944174332393421
C_DEVELOPPIECES:0.49741400985545453
C_MATERIAL:0.4769260768852571
C_MOVECOUNT:0.49412144449126805
