ELO:937
CE_PASSEDPAWNS:0.4283067804991077
CE_PAWNWEAKNESSES:0.46491705298598207
CE_PIECEACTIVITY:0.5039378260949656
CE_KINGPAWNSHIELD:0.531446922349917
CE_PIECECOORDINATION:0.3964936767944871
CE_MATERIAL:0.4733376736623494
CE_KINGSAFETY:0.5019449576680589
C_PIECESQUARETABLES:0.5254428572560108
C_MOBILITY:0.5007699148585505
C_KINGSAFETY:0.4982342264969131
C_PAWNSTRUCTURE:0.48853938065879493
C_PIECECOORDINATION:0.42588810961815476
C_ROOKANDPAWNMOVEMENT:0.42588810961815476
C_CENTERCONTROL:0.4185756711050819
C_DEVELOPPIECES:0.46571331681958966
C_MATERIAL:0.5717591769535594
