ELO:911
CE_PASSEDPAWNS:0.5175691285449422
CE_PAWNWEAKNESSES:0.5412764138626647
CE_PIECEACTIVITY:0.5378588599779456
CE_KINGPAWNSHIELD:0.3910069156546944
CE_PIECECOORDINATION:0.5379474047913051
CE_MATERIAL:0.4251318084223378
CE_KINGSAFETY:0.4439939283798039
C_PIECESQUARETABLES:0.4916413017362157
C_MOBILITY:0.5507901131009426
C_KINGSAFETY:0.5074057432228023
C_PAWNSTRUCTURE:0.5906507041179196
C_PIECECOORDINATION:0.5413488218461002
C_ROOKANDPAWNMOVEMENT:0.5413488218461002
C_CENTERCONTROL:0.4181769705117832
C_DEVELOPPIECES:0.4802372974697604
C_MATERIAL:0.43473782350553947
