ELO:986
CE_PASSEDPAWNS:0.5023937323323995
CE_PAWNWEAKNESSES:0.5
CE_PIECEACTIVITY:0.5023218250262678
CE_KINGPAWNSHIELD:0.5088420401169007
CE_PIECECOORDINATION:0.5055341794768492
CE_MATERIAL:0.5003380412632672
CE_KINGSAFETY:0.5
C_PIECESQUARETABLES:0.49860200877759087
C_MOBILITY:0.5019801209675084
C_KINGSAFETY:0.4982343057673273
C_PAWNSTRUCTURE:0.48842796189860477
C_PIECECOORDINATION:0.48928313373324767
C_ROOKANDPAWNMOVEMENT:0.48928313373324767
C_CENTERCONTROL:0.4897290929435271
C_DEVELOPPIECES:0.5
C_MATERIAL:0.5050705952595828
