ELO:991
CE_PASSEDPAWNS:0.4465495261578629
CE_PAWNWEAKNESSES:0.6018451174038719
CE_PIECEACTIVITY:0.44232514005260903
CE_KINGPAWNSHIELD:0.40887195531947684
CE_PIECECOORDINATION:0.46077264880172086
CE_MATERIAL:0.4066159125290961
CE_KINGSAFETY:0.5421929910315507
C_PIECESQUARETABLES:0.47976009254534047
C_MOBILITY:0.5400612098344975
C_KINGSAFETY:0.5022908126652939
C_PAWNSTRUCTURE:0.5983511245147431
C_PIECECOORDINATION:0.5707020255677616
C_ROOKANDPAWNMOVEMENT:0.5707020255677616
C_CENTERCONTROL:0.5482604784416609
C_DEVELOPPIECES:0.5282088233699959
C_MATERIAL:0.49862610050891576
