ELO:1050
CE_PASSEDPAWNS:0.5
CE_PAWNWEAKNESSES:0.5014873518970894
CE_PIECEACTIVITY:0.5069686440002005
CE_KINGPAWNSHIELD:0.5001699309388536
CE_PIECECOORDINATION:0.4981419134725926
CE_MATERIAL:0.5238364609812826
CE_KINGSAFETY:0.5031239822579258
C_PIECESQUARETABLES:0.5
C_MOBILITY:0.507410961885867
C_KINGSAFETY:0.5
C_PAWNSTRUCTURE:0.5
C_PIECECOORDINATION:0.4990219271747618
C_ROOKANDPAWNMOVEMENT:0.4990219271747618
C_CENTERCONTROL:0.5
C_DEVELOPPIECES:0.5073119659243794
C_MATERIAL:0.4948439147547385
C_MOVECOUNT:0.5
