ELO:1007
CE_PASSEDPAWNS:0.5153917755817831
CE_PAWNWEAKNESSES:0.5
CE_PIECEACTIVITY:0.5
CE_KINGPAWNSHIELD:0.47476130166527736
CE_PIECECOORDINATION:0.4952178608209557
CE_MATERIAL:0.4838897303042868
CE_KINGSAFETY:0.49821588051013665
C_PIECESQUARETABLES:0.5
C_MOBILITY:0.5
C_KINGSAFETY:0.5056170833405704
C_PAWNSTRUCTURE:0.5
C_PIECECOORDINATION:0.4926447665750661
C_ROOKANDPAWNMOVEMENT:0.4926447665750661
C_CENTERCONTROL:0.5038554170303029
C_DEVELOPPIECES:0.4983876855789018
C_MATERIAL:0.5
C_MOVECOUNT:0.4652952835392602
