ELO:986
CE_PASSEDPAWNS:0.47380636488858363
CE_PAWNWEAKNESSES:0.5217027976819115
CE_PIECEACTIVITY:0.49871701859045997
CE_KINGPAWNSHIELD:0.4993545881871635
CE_PIECECOORDINATION:0.5219630451083076
CE_MATERIAL:0.46637611428519055
CE_KINGSAFETY:0.518456390117935
C_PIECESQUARETABLES:0.5134575306561264
C_MOBILITY:0.49137943813718715
C_KINGSAFETY:0.5140134773940636
C_PAWNSTRUCTURE:0.5368026041115163
C_PIECECOORDINATION:0.5060209622182432
C_ROOK:0.4842658150634051
CE_ROOK:0.48738649278574714
C_CENTERCONTROL:0.5084392515783593
C_DEVELOPPIECES:0.4898836159479409
C_MATERIAL:0.4886167017941775
C_MOVECOUNT:0.5
C_PAWNMOVEMENT:0.4910370923163577
