ELO:927
CE_PASSEDPAWNS:0.5150677859996442
CE_PAWNWEAKNESSES:0.5395077253069975
CE_PIECEACTIVITY:0.5278634201202563
CE_KINGPAWNSHIELD:0.520967500875247
CE_PIECECOORDINATION:0.49117249717825046
CE_MATERIAL:0.4911716498842695
CE_KINGSAFETY:0.49910083566135266
C_PIECESQUARETABLES:0.5043881720471344
C_MOBILITY:0.5092734181849502
C_KINGSAFETY:0.48702227943328985
C_PAWNSTRUCTURE:0.5442897670549018
C_PIECECOORDINATION:0.47872085035659945
C_ROOK:0.5045934946697032
CE_ROOK:0.48408083611267366
C_CENTERCONTROL:0.4737178465007954
C_DEVELOPPIECES:0.5028210996741612
C_MATERIAL:0.48624634091485097
C_MOVECOUNT:0.5162915837892794
C_PAWNMOVEMENT:0.5097998274859213
