ELO:983
CE_PASSEDPAWNS:0.4952200342755845
CE_PAWNWEAKNESSES:0.480315473508565
CE_PIECEACTIVITY:0.48913306904617987
CE_KINGPAWNSHIELD:0.5
CE_PIECECOORDINATION:0.4852577985700461
CE_MATERIAL:0.5290599534179165
CE_KINGSAFETY:0.5
C_PIECESQUARETABLES:0.5
C_MOBILITY:0.4897285736133728
C_KINGSAFETY:0.49639310229594485
C_PAWNSTRUCTURE:0.49888610299022257
C_PIECECOORDINATION:0.4838976599166956
C_ROOKANDPAWNMOVEMENT:0.4838976599166956
C_CENTERCONTROL:0.49924360538488377
C_DEVELOPPIECES:0.5040396884765359
C_MATERIAL:0.500758320581277
C_MOVECOUNT:0.49394921430023997
