ELO:1029
CE_PASSEDPAWNS:0.47741788547918584
CE_PAWNWEAKNESSES:0.492473816000807
CE_PIECEACTIVITY:0.47950835297923217
CE_KINGPAWNSHIELD:0.49861896854626964
CE_PIECECOORDINATION:0.4981964499600441
CE_MATERIAL:0.4843288414573457
CE_KINGSAFETY:0.5
C_PIECESQUARETABLES:0.5
C_MOBILITY:0.5176320924884253
C_KINGSAFETY:0.5
C_PAWNSTRUCTURE:0.5154433842934825
C_PIECECOORDINATION:0.5277583446304167
C_ROOKANDPAWNMOVEMENT:0.5277583446304167
C_CENTERCONTROL:0.49427059822481095
C_DEVELOPPIECES:0.4906074355484973
C_MATERIAL:0.4854656492881104
C_MOVECOUNT:0.4892323748041535
