ELO:1033
CE_PASSEDPAWNS:0.5035869129749597
CE_PAWNWEAKNESSES:0.5333449161198704
CE_PIECEACTIVITY:0.530210513172374
CE_KINGPAWNSHIELD:0.4285803888150756
CE_PIECECOORDINATION:0.49785424249910504
CE_MATERIAL:0.47584895698331564
CE_KINGSAFETY:0.5026415133394389
C_PIECESQUARETABLES:0.5239404311171284
C_MOBILITY:0.5106985632109411
C_KINGSAFETY:0.5592269283968955
C_PAWNSTRUCTURE:0.43311222366741936
C_PIECECOORDINATION:0.5093348490800231
C_ROOKANDPAWNMOVEMENT:0.5093348490800231
C_CENTERCONTROL:0.4700104554049304
C_DEVELOPPIECES:0.509177359662011
C_MATERIAL:0.4337035802953186
