ELO:1012
CE_PASSEDPAWNS:0.4661566976256629
CE_PAWNWEAKNESSES:0.593442178034002
CE_PIECEACTIVITY:0.4356342976813922
CE_KINGPAWNSHIELD:0.43102844324608264
CE_PIECECOORDINATION:0.43680765152273654
CE_MATERIAL:0.3921521912082711
CE_KINGSAFETY:0.529778327260024
C_PIECESQUARETABLES:0.5514704743859531
C_MOBILITY:0.5030734536469388
C_KINGSAFETY:0.5446390098614976
C_PAWNSTRUCTURE:0.500726359798271
C_PIECECOORDINATION:0.5479382193445305
C_ROOKANDPAWNMOVEMENT:0.5479382193445305
C_CENTERCONTROL:0.48888871883994445
C_DEVELOPPIECES:0.5210678071475725
C_MATERIAL:0.5151106143960109
