ELO:933
CE_PASSEDPAWNS:0.523098405774153
CE_PAWNWEAKNESSES:0.5611473055480851
CE_PIECEACTIVITY:0.5600382515609535
CE_KINGPAWNSHIELD:0.36140313113788614
CE_PIECECOORDINATION:0.5179057495667488
CE_MATERIAL:0.4405642839034203
CE_KINGSAFETY:0.46094676759503095
C_PIECESQUARETABLES:0.47709258453917586
C_MOBILITY:0.5259605912561921
C_KINGSAFETY:0.511410026697112
C_PAWNSTRUCTURE:0.5708635708057002
C_PIECECOORDINATION:0.5464230201310757
C_ROOKANDPAWNMOVEMENT:0.5464230201310757
C_CENTERCONTROL:0.40864727972755477
C_DEVELOPPIECES:0.4988034701098779
C_MATERIAL:0.42817019214581864
