ELO:986
CE_PASSEDPAWNS:0.5
CE_PAWNWEAKNESSES:0.49647442512709616
CE_PIECEACTIVITY:0.5139493508143913
CE_KINGPAWNSHIELD:0.49761640689119874
CE_PIECECOORDINATION:0.49402990342999054
CE_MATERIAL:0.49459254945537123
CE_KINGSAFETY:0.49885528638000465
C_PIECESQUARETABLES:0.5019205476193723
C_MOBILITY:0.5041000795552235
C_KINGSAFETY:0.5047918547857924
C_PAWNSTRUCTURE:0.5245305715028652
C_PIECECOORDINATION:0.4929301196703705
C_ROOK:0.4787532743752117
CE_ROOK:0.4924894434033775
C_CENTERCONTROL:0.4817878488872362
C_DEVELOPPIECES:0.5111780672445784
C_MATERIAL:0.482702185444798
C_MOVECOUNT:0.5144895037639156
C_PAWNMOVEMENT:0.48574601863915134
