ELO:1005
CE_PASSEDPAWNS:0.5106766206312706
CE_PAWNWEAKNESSES:0.49127071991486265
CE_PIECEACTIVITY:0.4799488361370788
CE_KINGPAWNSHIELD:0.4716754821010434
CE_PIECECOORDINATION:0.5
CE_MATERIAL:0.47406151152458953
CE_KINGSAFETY:0.5
C_PIECESQUARETABLES:0.5
C_MOBILITY:0.5
C_KINGSAFETY:0.4966951947397706
C_PAWNSTRUCTURE:0.4939354896132795
C_PIECECOORDINATION:0.5003514978240702
C_ROOK:0.5143477707810431
CE_ROOK:0.49556302697218296
C_CENTERCONTROL:0.5025822292455111
C_DEVELOPPIECES:0.5136122327187768
C_MATERIAL:0.4898058172239515
C_MOVECOUNT:0.5108590832348949
C_PAWNMOVEMENT:0.4951274197228298
