ELO:908
CE_PASSEDPAWNS:0.536079010714388
CE_PAWNWEAKNESSES:0.5574370353588219
CE_PIECEACTIVITY:0.5545945963560205
CE_KINGPAWNSHIELD:0.37718189304193606
CE_PIECECOORDINATION:0.5217028330065687
CE_MATERIAL:0.4221357052400255
CE_KINGSAFETY:0.43836181381394085
C_PIECESQUARETABLES:0.4899342112937476
C_MOBILITY:0.526184623373448
C_KINGSAFETY:0.4985282525795145
C_PAWNSTRUCTURE:0.5697671946534382
C_PIECECOORDINATION:0.5295008511647229
C_ROOKANDPAWNMOVEMENT:0.5295008511647229
C_CENTERCONTROL:0.418061621955997
C_DEVELOPPIECES:0.46696275839251306
C_MATERIAL:0.4562651395347708
