ELO:1001
CE_PASSEDPAWNS:0.48964448703483104
CE_PAWNWEAKNESSES:0.4944155772920567
CE_PIECEACTIVITY:0.4869079420425813
CE_KINGPAWNSHIELD:0.49403016667108346
CE_PIECECOORDINATION:0.5011920490091605
CE_MATERIAL:0.5232874358031067
CE_KINGSAFETY:0.5
C_PIECESQUARETABLES:0.5
C_MOBILITY:0.5021941160797283
C_KINGSAFETY:0.5014489995702224
C_PAWNSTRUCTURE:0.5189090476905582
C_PIECECOORDINATION:0.5203444689430863
C_ROOK:0.4928036586473775
CE_ROOK:0.4834634935435129
C_CENTERCONTROL:0.5099348967727102
C_DEVELOPPIECES:0.49299663734607996
C_MATERIAL:0.5015705017928561
C_MOVECOUNT:0.5108590832348949
C_PAWNMOVEMENT:0.4917087625655837
