ELO:1089
CE_PASSEDPAWNS:0.6096522040798984
CE_PAWNWEAKNESSES:0.5942385255537602
CE_PIECEACTIVITY:0.4748569004206747
CE_KINGPAWNSHIELD:0.4777864577795711
CE_PIECECOORDINATION:0.554691593308102
CE_MATERIAL:0.46231312590928847
CE_KINGSAFETY:0.5072059940646053
C_PIECESQUARETABLES:0.5
C_MOBILITY:0.42105203460517804
C_KINGSAFETY:0.6009543595079152
C_PAWNSTRUCTURE:0.4074106605053835
C_PIECECOORDINATION:0.49444653105974773
C_ROOKANDPAWNMOVEMENT:0.49444653105974773
C_CENTERCONTROL:0.4975893889753114
C_DEVELOPPIECES:0.5034004472324135
C_MATERIAL:0.38629782550297753
