ELO:1083
CE_PASSEDPAWNS:0.5065790784845459
CE_PAWNWEAKNESSES:0.44966359382999416
CE_PIECEACTIVITY:0.528057451432609
CE_KINGPAWNSHIELD:0.5175327452018723
CE_PIECECOORDINATION:0.5071775712242115
CE_MATERIAL:0.5704177698227011
CE_KINGSAFETY:0.5
C_PIECESQUARETABLES:0.5
C_MOBILITY:0.4494825325847286
C_KINGSAFETY:0.5493057075191667
C_PAWNSTRUCTURE:0.4653793516873808
C_PIECECOORDINATION:0.4478202544938807
C_ROOKANDPAWNMOVEMENT:0.4478202544938807
C_CENTERCONTROL:0.4674888041735489
C_DEVELOPPIECES:0.49195625245756447
C_MATERIAL:0.5
C_MOVECOUNT:0.5
