ELO:946
CE_PASSEDPAWNS:0.5219857392838647
CE_PAWNWEAKNESSES:0.5768995032115801
CE_PIECEACTIVITY:0.5152313119897438
CE_KINGPAWNSHIELD:0.5412652312299052
CE_PIECECOORDINATION:0.5116231488082627
CE_MATERIAL:0.47406151152458953
CE_KINGSAFETY:0.500130506540355
C_PIECESQUARETABLES:0.4841030753803811
C_MOBILITY:0.5209840840061878
C_KINGSAFETY:0.46371005439926566
C_PAWNSTRUCTURE:0.547883678180072
C_PIECECOORDINATION:0.46382443273796997
C_ROOK:0.5108768561517943
CE_ROOK:0.49345140351479105
C_CENTERCONTROL:0.4680758399464154
C_DEVELOPPIECES:0.49048455746620917
C_MATERIAL:0.49580642741612757
C_MOVECOUNT:0.4819960869242839
C_PAWNMOVEMENT:0.5161582807808635
