ELO:1086
CE_PASSEDPAWNS:0.45396340128662827
CE_PAWNWEAKNESSES:0.5101787995395966
CE_PIECEACTIVITY:0.500570440588215
CE_KINGPAWNSHIELD:0.5355193258009439
CE_PIECECOORDINATION:0.47523674224117296
CE_MATERIAL:0.5016942396269547
CE_KINGSAFETY:0.5
C_PIECESQUARETABLES:0.5
C_MOBILITY:0.48652779322215495
C_KINGSAFETY:0.55846899721255
C_PAWNSTRUCTURE:0.528271485515296
C_PIECECOORDINATION:0.4752642104033801
C_ROOKANDPAWNMOVEMENT:0.4752642104033801
C_CENTERCONTROL:0.4674888041735489
C_DEVELOPPIECES:0.4476396959057294
C_MATERIAL:0.4631418055548471
C_MOVECOUNT:0.5
