ELO:941
CE_PASSEDPAWNS:0.5212300108023521
CE_PAWNWEAKNESSES:0.5531933866188645
CE_PIECEACTIVITY:0.5598665470796985
CE_KINGPAWNSHIELD:0.35960159441917766
CE_PIECECOORDINATION:0.5223610703765482
CE_MATERIAL:0.4317615147170552
CE_KINGSAFETY:0.4554672531267246
C_PIECESQUARETABLES:0.48387550999005796
C_MOBILITY:0.507123264777505
C_KINGSAFETY:0.47805880292330405
C_PAWNSTRUCTURE:0.5661952169285501
C_PIECECOORDINATION:0.5570303058764691
C_ROOKANDPAWNMOVEMENT:0.5570303058764691
C_CENTERCONTROL:0.40341911720439666
C_DEVELOPPIECES:0.5077936075286149
C_MATERIAL:0.4321805083103788
