ELO:1114
CE_PASSEDPAWNS:0.5955037066111589
CE_PAWNWEAKNESSES:0.4916064590088083
CE_PIECEACTIVITY:0.4428132607325457
CE_KINGPAWNSHIELD:0.46341736369130926
CE_PIECECOORDINATION:0.5074240557114945
CE_MATERIAL:0.46424554298863757
CE_KINGSAFETY:0.501726404520518
C_PIECESQUARETABLES:0.5048550367415392
C_MOBILITY:0.43502327543595065
C_KINGSAFETY:0.6009543595079152
C_PAWNSTRUCTURE:0.4417501100211813
C_PIECECOORDINATION:0.46394527381176215
C_ROOKANDPAWNMOVEMENT:0.46394527381176215
C_CENTERCONTROL:0.5367583063267203
C_DEVELOPPIECES:0.5956362489516843
C_MATERIAL:0.4085247105058814
