ELO:1000
CE_PASSEDPAWNS:0.4747973988157976
CE_PAWNWEAKNESSES:0.5787833570566506
CE_PIECEACTIVITY:0.4337540847209816
CE_KINGPAWNSHIELD:0.42421744857477106
CE_PIECECOORDINATION:0.42750126425428575
CE_MATERIAL:0.3921521912082711
CE_KINGSAFETY:0.5334253155136408
C_PIECESQUARETABLES:0.5498809007028891
C_MOBILITY:0.51003483316146
C_KINGSAFETY:0.5587315317738465
C_PAWNSTRUCTURE:0.5274796490892026
C_PIECECOORDINATION:0.5230251052861333
C_ROOKANDPAWNMOVEMENT:0.5230251052861333
C_CENTERCONTROL:0.47999737936868575
C_DEVELOPPIECES:0.526872899983638
C_MATERIAL:0.5236771177877046
