ELO:969
CE_PASSEDPAWNS:0.49525342694537344
CE_PAWNWEAKNESSES:0.5129820889922819
CE_PIECEACTIVITY:0.5564254412589342
CE_KINGPAWNSHIELD:0.3715725150046498
CE_PIECECOORDINATION:0.5003435032847164
CE_MATERIAL:0.45117652490499704
CE_KINGSAFETY:0.5403039251749333
C_PIECESQUARETABLES:0.5085452935396512
C_MOBILITY:0.5029861545615791
C_KINGSAFETY:0.4677052666656561
C_PAWNSTRUCTURE:0.5516784728828259
C_PIECECOORDINATION:0.5479750829480918
C_ROOKANDPAWNMOVEMENT:0.5479750829480918
C_CENTERCONTROL:0.41422326519269864
C_DEVELOPPIECES:0.49831401873907966
C_MATERIAL:0.47988740725307105
