ELO:972
CE_PASSEDPAWNS:0.4843746522023848
CE_PAWNWEAKNESSES:0.4349335749848414
CE_PIECEACTIVITY:0.4869622755040689
CE_KINGPAWNSHIELD:0.497387998741167
CE_PIECECOORDINATION:0.5037283460926225
CE_MATERIAL:0.4307256871933485
CE_KINGSAFETY:0.5105247244116259
C_PIECESQUARETABLES:0.5
C_MOBILITY:0.4941184934948356
C_KINGSAFETY:0.45698717235949743
C_PAWNSTRUCTURE:0.49872624054051096
C_PIECECOORDINATION:0.5121202158746844
C_ROOK:0.5463051081541216
CE_ROOK:0.5123070790276288
C_CENTERCONTROL:0.4876829822239769
C_DEVELOPPIECES:0.4839499324111823
C_MATERIAL:0.47499379029566563
C_MOVECOUNT:0.5108590832348949
C_PAWNMOVEMENT:0.5105347552713285
