ELO:935
CE_PASSEDPAWNS:0.5247349064760211
CE_PAWNWEAKNESSES:0.49165090060460614
CE_PIECEACTIVITY:0.4886543477180594
CE_KINGPAWNSHIELD:0.5088070088496787
CE_PIECECOORDINATION:0.5068241662812955
CE_MATERIAL:0.5188639254350028
CE_KINGSAFETY:0.5040054966255467
C_PIECESQUARETABLES:0.48323103968399
C_MOBILITY:0.5060789720975678
C_KINGSAFETY:0.5109811099024513
C_PAWNSTRUCTURE:0.47167842424748313
C_PIECECOORDINATION:0.478372774753146
C_ROOKANDPAWNMOVEMENT:0.478372774753146
C_CENTERCONTROL:0.494623250466868
C_DEVELOPPIECES:0.5155720594973722
C_MATERIAL:0.49212357369374515
