ELO:976
CE_PASSEDPAWNS:0.45730090963937403
CE_PAWNWEAKNESSES:0.601586972670469
CE_PIECEACTIVITY:0.44277661782202654
CE_KINGPAWNSHIELD:0.42851433135371975
CE_PIECECOORDINATION:0.49015164805738937
CE_MATERIAL:0.38940880259795624
CE_KINGSAFETY:0.5311084456219746
C_PIECESQUARETABLES:0.45864745376581373
C_MOBILITY:0.5221650042400658
C_KINGSAFETY:0.5002070208426237
C_PAWNSTRUCTURE:0.6210891745308335
C_PIECECOORDINATION:0.5781591441345162
C_ROOKANDPAWNMOVEMENT:0.5781591441345162
C_CENTERCONTROL:0.5426661825331635
C_DEVELOPPIECES:0.5120658652159593
C_MATERIAL:0.47527395038502324
