ELO:1130
CE_PASSEDPAWNS:0.5065790784845459
CE_PAWNWEAKNESSES:0.5101787995395966
CE_PIECEACTIVITY:0.500570440588215
CE_KINGPAWNSHIELD:0.5173946553566114
CE_PIECECOORDINATION:0.5101977157863997
CE_MATERIAL:0.5016942396269547
CE_KINGSAFETY:0.5
C_PIECESQUARETABLES:0.5
C_MOBILITY:0.46984450886973544
C_KINGSAFETY:0.5768060522820262
C_PAWNSTRUCTURE:0.4953830502874278
C_PIECECOORDINATION:0.466788837795545
C_ROOKANDPAWNMOVEMENT:0.466788837795545
C_CENTERCONTROL:0.4794698204199635
C_DEVELOPPIECES:0.4476396959057294
C_MATERIAL:0.5
C_MOVECOUNT:0.5
