ELO:796
CE_PASSEDPAWNS:0.3878912224261915
CE_PAWNWEAKNESSES:0.5145074174507224
CE_PIECEACTIVITY:0.5212881987191861
CE_KINGPAWNSHIELD:0.5041345624205379
CE_PIECECOORDINATION:0.49618406244291363
CE_MATERIAL:0.5819858533094593
CE_KINGSAFETY:0.5210076914007593
C_PIECESQUARETABLES:0.5116355553930948
C_MOBILITY:0.5161310454992075
C_KINGSAFETY:0.5134090836507389
C_PAWNSTRUCTURE:0.49058871402422694
C_PIECECOORDINATION:0.5159129818871547
C_ROOKANDPAWNMOVEMENT:0.5159129818871547
C_CENTERCONTROL:0.5713611657457635
C_DEVELOPPIECES:0.6411075870296021
C_MATERIAL:0.516061055165228
C_MOVECOUNT:0.5
