ELO:992
CE_PASSEDPAWNS:0.47537533225791245
CE_PAWNWEAKNESSES:0.4929096484676568
CE_PIECEACTIVITY:0.5194675097120114
CE_KINGPAWNSHIELD:0.5272631887781833
CE_PIECECOORDINATION:0.510326754828699
CE_MATERIAL:0.49478865339185085
CE_KINGSAFETY:0.4918651475513323
C_PIECESQUARETABLES:0.4507924666886053
C_MOBILITY:0.4902889989403408
C_KINGSAFETY:0.5310856754356316
C_PAWNSTRUCTURE:0.5249327951593435
C_PIECECOORDINATION:0.5195910852607821
C_ROOKANDPAWNMOVEMENT:0.5195910852607821
C_CENTERCONTROL:0.4860908087107677
C_DEVELOPPIECES:0.46313177223041097
C_MATERIAL:0.4948397549999742
C_MOVECOUNT:0.5
