ELO:1016
CE_PASSEDPAWNS:0.5
CE_PAWNWEAKNESSES:0.5
CE_PIECEACTIVITY:0.4834087808855567
CE_KINGPAWNSHIELD:0.5190707248940701
CE_PIECECOORDINATION:0.4875623156123702
CE_MATERIAL:0.5056579388074746
CE_KINGSAFETY:0.5
C_PIECESQUARETABLES:0.5
C_MOBILITY:0.5
C_KINGSAFETY:0.4814009748533811
C_PAWNSTRUCTURE:0.5117308487230274
C_PIECECOORDINATION:0.524863937731698
C_ROOKANDPAWNMOVEMENT:0.524863937731698
C_CENTERCONTROL:0.5023575677760177
C_DEVELOPPIECES:0.5
C_MATERIAL:0.4982561163912989
C_MOVECOUNT:0.5
