ELO:974
CE_PASSEDPAWNS:0.48271775821339535
CE_PAWNWEAKNESSES:0.527328075691866
CE_PIECEACTIVITY:0.5669068134626333
CE_KINGPAWNSHIELD:0.38705587828690124
CE_PIECECOORDINATION:0.5056649849369784
CE_MATERIAL:0.4713672976632425
CE_KINGSAFETY:0.5196281204179153
C_PIECESQUARETABLES:0.5146363934829745
C_MOBILITY:0.5102329471689981
C_KINGSAFETY:0.4908006219821954
C_PAWNSTRUCTURE:0.5739869377512661
C_PIECECOORDINATION:0.5408414775786691
C_ROOKANDPAWNMOVEMENT:0.5408414775786691
C_CENTERCONTROL:0.4337332808804836
C_DEVELOPPIECES:0.5147401662429673
C_MATERIAL:0.4907149795203304
