ELO:932
CE_PASSEDPAWNS:0.47894933753129904
CE_PAWNWEAKNESSES:0.43355434220033207
CE_PIECEACTIVITY:0.37423140496173235
CE_KINGPAWNSHIELD:0.4806629223127984
CE_PIECECOORDINATION:0.47241335711600324
CE_MATERIAL:0.49790962154373225
CE_KINGSAFETY:0.5
C_PIECESQUARETABLES:0.5
C_MOBILITY:0.5026707207852575
C_KINGSAFETY:0.44848044419555855
C_PAWNSTRUCTURE:0.547187426546831
C_PIECECOORDINATION:0.4989427441049165
C_ROOKANDPAWNMOVEMENT:0.4989427441049165
C_CENTERCONTROL:0.6025351735358979
C_DEVELOPPIECES:0.5183512083748709
C_MATERIAL:0.5780462115792331
