ELO:908
CE_PASSEDPAWNS:0.4691093140869077
CE_PAWNWEAKNESSES:0.6378886774581098
CE_PIECEACTIVITY:0.4317390503762702
CE_KINGPAWNSHIELD:0.3897040701319884
CE_PIECECOORDINATION:0.5400472088672525
CE_MATERIAL:0.3962006095383468
CE_KINGSAFETY:0.5184364215524104
C_PIECESQUARETABLES:0.4984415398473601
C_MOBILITY:0.47704195702752883
C_KINGSAFETY:0.49818228976032874
C_PAWNSTRUCTURE:0.6070388268847842
C_PIECECOORDINATION:0.6132940711669862
C_ROOKANDPAWNMOVEMENT:0.6132940711669862
C_CENTERCONTROL:0.5201592162337849
C_DEVELOPPIECES:0.5274341438026567
C_MATERIAL:0.4907855062087287
