ELO:713
CE_PASSEDPAWNS:0.3970073588934966
CE_PAWNWEAKNESSES:0.5039824598998947
CE_PIECEACTIVITY:0.491000605317098
CE_KINGPAWNSHIELD:0.50708966573483
CE_PIECECOORDINATION:0.5583725028100097
CE_MATERIAL:0.479631094801791
CE_KINGSAFETY:0.48890151282323074
C_PIECESQUARETABLES:0.4760335824117023
C_MOBILITY:0.378774350692473
C_KINGSAFETY:0.5085177390055879
C_PAWNSTRUCTURE:0.6315449006741297
C_PIECECOORDINATION:0.5038579089033098
C_ROOKANDPAWNMOVEMENT:0.5038579089033098
C_CENTERCONTROL:0.5036101690533134
C_DEVELOPPIECES:0.540544030556808
C_MATERIAL:0.4398120371257071
C_MOVECOUNT:0.4925517537043666
