ELO:991
CE_PASSEDPAWNS:0.45637116794819843
CE_PAWNWEAKNESSES:0.6018451174038719
CE_PIECEACTIVITY:0.4320651589578007
CE_KINGPAWNSHIELD:0.41898731881094614
CE_PIECECOORDINATION:0.46463994795460095
CE_MATERIAL:0.3959896013600987
CE_KINGSAFETY:0.5421929910315507
C_PIECESQUARETABLES:0.4741982421968436
C_MOBILITY:0.5348273267074745
C_KINGSAFETY:0.5022908126652939
C_PAWNSTRUCTURE:0.5983511245147431
C_PIECECOORDINATION:0.5807388627746296
C_ROOKANDPAWNMOVEMENT:0.5807388627746296
C_CENTERCONTROL:0.5375531341341294
C_DEVELOPPIECES:0.5189722206731496
C_MATERIAL:0.4882506313261441
