ELO:1000
CE_PASSEDPAWNS:0.5078316706298666
CE_PAWNWEAKNESSES:0.5197154812809488
CE_PIECEACTIVITY:0.4897990850793348
CE_KINGPAWNSHIELD:0.47076429451487983
CE_PIECECOORDINATION:0.4792019140095658
CE_MATERIAL:0.4823590148106314
CE_KINGSAFETY:0.5084110112560237
C_PIECESQUARETABLES:0.5341327700700453
C_MOBILITY:0.48652089166182977
C_KINGSAFETY:0.5414147995740236
C_PAWNSTRUCTURE:0.5102166374665705
C_PIECECOORDINATION:0.48958314348947823
C_ROOKANDPAWNMOVEMENT:0.48958314348947823
C_CENTERCONTROL:0.47156495092847883
C_DEVELOPPIECES:0.5071605155086659
C_MATERIAL:0.5008992477920355
