ELO:975
CE_PASSEDPAWNS:0.46762513462482774
CE_PAWNWEAKNESSES:0.5520603136115081
CE_PIECEACTIVITY:0.5
CE_KINGPAWNSHIELD:0.5547478757775055
CE_PIECECOORDINATION:0.5292932210851071
CE_MATERIAL:0.4891721019949245
CE_KINGSAFETY:0.5
C_PIECESQUARETABLES:0.5
C_MOBILITY:0.4071152366177097
C_KINGSAFETY:0.5499126579532706
C_PAWNSTRUCTURE:0.46265399852668665
C_PIECECOORDINATION:0.49865488889536846
C_ROOKANDPAWNMOVEMENT:0.49865488889536846
C_CENTERCONTROL:0.43744573359951083
C_DEVELOPPIECES:0.43685562506617803
C_MATERIAL:0.4862037612695506
C_MOVECOUNT:0.5
