ELO:935
CE_PASSEDPAWNS:0.5178579144072766
CE_PAWNWEAKNESSES:0.5014800170643965
CE_PIECEACTIVITY:0.5078888872909256
CE_KINGPAWNSHIELD:0.5088070088496787
CE_PIECECOORDINATION:0.5115587399957966
CE_MATERIAL:0.5089333588291013
CE_KINGSAFETY:0.509776801895555
C_PIECESQUARETABLES:0.4775181628412361
C_MOBILITY:0.4920145579192824
C_KINGSAFETY:0.522158043133586
C_PAWNSTRUCTURE:0.47167842424748313
C_PIECECOORDINATION:0.485925934736828
C_ROOKANDPAWNMOVEMENT:0.485925934736828
C_CENTERCONTROL:0.48071966279055794
C_DEVELOPPIECES:0.5238297350324205
C_MATERIAL:0.48636340439704573
