ELO:951
CE_PASSEDPAWNS:0.5108459408532323
CE_PAWNWEAKNESSES:0.5778210157814049
CE_PIECEACTIVITY:0.5152313119897438
CE_KINGPAWNSHIELD:0.5324569008392432
CE_PIECECOORDINATION:0.5016935741497199
CE_MATERIAL:0.48020367230426564
CE_KINGSAFETY:0.5
C_PIECESQUARETABLES:0.4841030753803811
C_MOBILITY:0.5296288838527696
C_KINGSAFETY:0.46371005439926566
C_PAWNSTRUCTURE:0.5527668650182446
C_PIECECOORDINATION:0.471608932754952
C_ROOK:0.49924419873141435
CE_ROOK:0.48770752534197603
C_CENTERCONTROL:0.47037250724988705
C_DEVELOPPIECES:0.49048455746620917
C_MATERIAL:0.4892667152941571
C_MOVECOUNT:0.5003593547257498
C_PAWNMOVEMENT:0.5203844580069682
