ELO:1013
CE_PASSEDPAWNS:0.47726510835516545
CE_PAWNWEAKNESSES:0.47612214051117685
CE_PIECEACTIVITY:0.5
CE_KINGPAWNSHIELD:0.4618843732853602
CE_PIECECOORDINATION:0.5
CE_MATERIAL:0.5090372711937596
CE_KINGSAFETY:0.5030344067508757
C_PIECESQUARETABLES:0.5
C_MOBILITY:0.49783980252884624
C_KINGSAFETY:0.5
C_PAWNSTRUCTURE:0.5272901842258192
C_PIECECOORDINATION:0.5022691304614819
C_ROOKANDPAWNMOVEMENT:0.5022691304614819
C_CENTERCONTROL:0.5068339786732192
C_DEVELOPPIECES:0.5
C_MATERIAL:0.5222519657452552
C_MOVECOUNT:0.5
