ELO:1013
CE_PASSEDPAWNS:0.472988604406422
CE_PAWNWEAKNESSES:0.5973769154141896
CE_PIECEACTIVITY:0.43926450666576716
CE_KINGPAWNSHIELD:0.4200667876045934
CE_PIECECOORDINATION:0.45831980654867727
CE_MATERIAL:0.3939781478870146
CE_KINGSAFETY:0.5327939708770305
C_PIECESQUARETABLES:0.5439013322625139
C_MOBILITY:0.5283366456963917
C_KINGSAFETY:0.5296546092315452
C_PAWNSTRUCTURE:0.5254890636801403
C_PIECECOORDINATION:0.5423005365757407
C_ROOKANDPAWNMOVEMENT:0.5423005365757407
C_CENTERCONTROL:0.5131563083269787
C_DEVELOPPIECES:0.5319069172855229
C_MATERIAL:0.5209019543999959
