ELO:1000
CE_PASSEDPAWNS:0.49695303756837667
CE_PAWNWEAKNESSES:0.5565019092204556
CE_PIECEACTIVITY:0.4344013829285595
CE_KINGPAWNSHIELD:0.47592261112230666
CE_PIECECOORDINATION:0.41947917740193913
CE_MATERIAL:0.4386442596375264
CE_KINGSAFETY:0.49963569792499274
C_PIECESQUARETABLES:0.5034856094738366
C_MOBILITY:0.4874318756799552
C_KINGSAFETY:0.5636765131378692
C_PAWNSTRUCTURE:0.5117016850004034
C_PIECECOORDINATION:0.4985564663757994
C_ROOKANDPAWNMOVEMENT:0.4985564663757994
C_CENTERCONTROL:0.4869190357934344
C_DEVELOPPIECES:0.5303611893050753
C_MATERIAL:0.5149850183423693
