ELO:990
CE_PASSEDPAWNS:0.3766984296587896
CE_PAWNWEAKNESSES:0.42416456760923177
CE_PIECEACTIVITY:0.5148623676305903
CE_KINGPAWNSHIELD:0.4969112771905379
CE_PIECECOORDINATION:0.6022315767761269
CE_MATERIAL:0.41237886705497595
CE_KINGSAFETY:0.499979140801199
C_PIECESQUARETABLES:0.5004043231522604
C_MOBILITY:0.6207408584559667
C_KINGSAFETY:0.5742475742575268
C_PAWNSTRUCTURE:0.6238215156239383
C_PIECECOORDINATION:0.6009620441689905
C_ROOKANDPAWNMOVEMENT:0.6009620441689905
C_CENTERCONTROL:0.371114874152487
C_DEVELOPPIECES:0.5560543714495103
C_MATERIAL:0.5897513220941274
