ELO:958
CE_PASSEDPAWNS:0.5058020731161688
CE_PAWNWEAKNESSES:0.5321571964236856
CE_PIECEACTIVITY:0.5334927606696798
CE_KINGPAWNSHIELD:0.4989760570181022
CE_PIECECOORDINATION:0.47430865277451334
CE_MATERIAL:0.4842235985443186
CE_KINGSAFETY:0.4996711908666371
C_PIECESQUARETABLES:0.48997613342552204
C_MOBILITY:0.5047603251098467
C_KINGSAFETY:0.4963822311223115
C_PAWNSTRUCTURE:0.5281355630930314
C_PIECECOORDINATION:0.48078580610638705
C_ROOK:0.4736456203796752
CE_ROOK:0.49038870445944693
C_CENTERCONTROL:0.46931258064050935
C_DEVELOPPIECES:0.5016736937741606
C_MATERIAL:0.49799992146331085
C_MOVECOUNT:0.5230889380516901
C_PAWNMOVEMENT:0.49507255167464814
