ELO:982
CE_PASSEDPAWNS:0.511589265104928
CE_PAWNWEAKNESSES:0.5112666539293269
CE_PIECEACTIVITY:0.5
CE_KINGPAWNSHIELD:0.5
CE_PIECECOORDINATION:0.5013702820155502
CE_MATERIAL:0.4961934422078108
CE_KINGSAFETY:0.5
C_PIECESQUARETABLES:0.5
C_MOBILITY:0.5075956539443262
C_KINGSAFETY:0.5092669095458857
C_PAWNSTRUCTURE:0.5078121635142162
C_PIECECOORDINATION:0.4926447665750661
C_ROOKANDPAWNMOVEMENT:0.4926447665750661
C_CENTERCONTROL:0.5132059239756055
C_DEVELOPPIECES:0.4983876855789018
C_MATERIAL:0.4769260768852571
C_MOVECOUNT:0.5
