ELO:881
CE_PASSEDPAWNS:0.4669149366897397
CE_PAWNWEAKNESSES:0.4590428131209554
CE_PIECEACTIVITY:0.45880164260068185
CE_KINGPAWNSHIELD:0.4555766798006554
CE_PIECECOORDINATION:0.5318697356190379
CE_MATERIAL:0.4989752695141321
CE_KINGSAFETY:0.47059623987124577
C_PIECESQUARETABLES:0.5076128614075649
C_MOBILITY:0.502637859551822
C_KINGSAFETY:0.41609310514194336
C_PAWNSTRUCTURE:0.4399741926906904
C_PIECECOORDINATION:0.465382715942354
C_ROOKANDPAWNMOVEMENT:0.465382715942354
C_CENTERCONTROL:0.4750641252513011
C_DEVELOPPIECES:0.5440846286325959
C_MATERIAL:0.49595482939213137
C_MOVECOUNT:0.5306456930222548
