ELO:1011
CE_PASSEDPAWNS:0.5
CE_PAWNWEAKNESSES:0.48508465425437675
CE_PIECEACTIVITY:0.5036793888160833
CE_KINGPAWNSHIELD:0.49151856294301294
CE_PIECECOORDINATION:0.5070432435362767
CE_MATERIAL:0.5014834190613883
CE_KINGSAFETY:0.5
C_PIECESQUARETABLES:0.5
C_MOBILITY:0.490242090710668
C_KINGSAFETY:0.5
C_PAWNSTRUCTURE:0.49131182818792085
C_PIECECOORDINATION:0.5101054033631025
C_ROOKANDPAWNMOVEMENT:0.5101054033631025
C_CENTERCONTROL:0.5199836936457659
C_DEVELOPPIECES:0.4886879754469162
C_MATERIAL:0.4989261495144291
C_MOVECOUNT:0.5
