ELO:966
CE_PASSEDPAWNS:0.4934297641511739
CE_PAWNWEAKNESSES:0.4560691759656812
CE_PIECEACTIVITY:0.49794687793890224
CE_KINGPAWNSHIELD:0.499669364546031
CE_PIECECOORDINATION:0.48297299213699973
CE_MATERIAL:0.5064751645260095
CE_KINGSAFETY:0.4938465658677643
C_PIECESQUARETABLES:0.49539212966775104
C_MOBILITY:0.5057496015743163
C_KINGSAFETY:0.4997978817410633
C_PAWNSTRUCTURE:0.5017998682868411
C_PIECECOORDINATION:0.5048922554682364
C_ROOKANDPAWNMOVEMENT:0.5048922554682364
C_CENTERCONTROL:0.5170617928350704
C_DEVELOPPIECES:0.49240077898805473
C_MATERIAL:0.5031363668419748
C_MOVECOUNT:0.5049388624829854
