ELO:1000
CE_PASSEDPAWNS:0.5178329695154245
CE_PAWNWEAKNESSES:0.5064076157170173
CE_PIECEACTIVITY:0.5024797136615061
CE_KINGPAWNSHIELD:0.5321048645933905
CE_PIECECOORDINATION:0.5081814217651766
CE_MATERIAL:0.4289782976896619
CE_KINGSAFETY:0.5227208869309713
C_PIECESQUARETABLES:0.516001342285699
C_MOBILITY:0.44421515914932347
C_KINGSAFETY:0.48199403149178055
C_PAWNSTRUCTURE:0.5083586181378749
C_PIECECOORDINATION:0.4358182448372677
C_ROOKANDPAWNMOVEMENT:0.4358182448372677
C_CENTERCONTROL:0.5300365359171415
C_DEVELOPPIECES:0.49562452219451814
C_MATERIAL:0.5202052866125949
