ELO:808
CE_PASSEDPAWNS:0.5810618804367392
CE_PAWNWEAKNESSES:0.6057568197192977
CE_PIECEACTIVITY:0.6050749788422732
CE_KINGPAWNSHIELD:0.4673610991234856
CE_PIECECOORDINATION:0.5369440877886364
CE_MATERIAL:0.6151003972942352
CE_KINGSAFETY:0.4524667127396116
C_PIECESQUARETABLES:0.4710065112324898
C_MOBILITY:0.4495889928002798
C_KINGSAFETY:0.4522072509306271
C_PAWNSTRUCTURE:0.4954569123138838
C_PIECECOORDINATION:0.4080082220264874
C_ROOKANDPAWNMOVEMENT:0.4080082220264874
C_CENTERCONTROL:0.509811608014246
C_DEVELOPPIECES:0.40564257356444955
C_MATERIAL:0.470894163997716
