ELO:992
CE_PASSEDPAWNS:0.4959622268488151
CE_PAWNWEAKNESSES:0.5118026170974865
CE_PIECEACTIVITY:0.5
CE_KINGPAWNSHIELD:0.5107064665995753
CE_PIECECOORDINATION:0.5
CE_MATERIAL:0.49570716225327893
CE_KINGSAFETY:0.5
C_PIECESQUARETABLES:0.48800854248196707
C_MOBILITY:0.4936635846685881
C_KINGSAFETY:0.4971119204046467
C_PAWNSTRUCTURE:0.5130126103360457
C_PIECECOORDINATION:0.5
C_ROOKANDPAWNMOVEMENT:0.5
C_CENTERCONTROL:0.48566374567895476
C_DEVELOPPIECES:0.494402377685231
C_MATERIAL:0.5102397413593361
C_MOVECOUNT:0.5117203120791638
