ELO:1000
CE_PASSEDPAWNS:0.4996883969803994
CE_PAWNWEAKNESSES:0.5009192773180454
CE_PIECEACTIVITY:0.5260358980569874
CE_KINGPAWNSHIELD:0.5328955931568401
CE_PIECECOORDINATION:0.49007610570697463
CE_MATERIAL:0.43655362899441313
CE_KINGSAFETY:0.5410843341145657
C_PIECESQUARETABLES:0.5433214710969422
C_MOBILITY:0.44997967693126584
C_KINGSAFETY:0.46054983780033343
C_PAWNSTRUCTURE:0.495941368419463
C_PIECECOORDINATION:0.4648583254694554
C_ROOKANDPAWNMOVEMENT:0.4648583254694554
C_CENTERCONTROL:0.5392069326888055
C_DEVELOPPIECES:0.5081063965024661
C_MATERIAL:0.5160713026439558
