ELO:998
CE_PASSEDPAWNS:0.4591135816787455
CE_PAWNWEAKNESSES:0.5512725051230661
CE_PIECEACTIVITY:0.4740851192803297
CE_KINGPAWNSHIELD:0.47401707341057
CE_PIECECOORDINATION:0.45444443385911737
CE_MATERIAL:0.5543645522136643
CE_KINGSAFETY:0.5135430913264962
C_PIECESQUARETABLES:0.4979131736852525
C_MOBILITY:0.5476359985494743
C_KINGSAFETY:0.4253408961322624
C_PAWNSTRUCTURE:0.44677750021544016
C_PIECECOORDINATION:0.4138806505238451
C_ROOKANDPAWNMOVEMENT:0.4138806505238451
C_CENTERCONTROL:0.3996015108314718
C_DEVELOPPIECES:0.47704115094018906
C_MATERIAL:0.5614735052912163
