ELO:999
CE_PASSEDPAWNS:0.46973995051440054
CE_PAWNWEAKNESSES:0.5512725051230661
CE_PIECEACTIVITY:0.47685517670886174
CE_KINGPAWNSHIELD:0.4692724343938796
CE_PIECECOORDINATION:0.4550116399355331
CE_MATERIAL:0.5543645522136643
CE_KINGSAFETY:0.5206840438575099
C_PIECESQUARETABLES:0.4979131736852525
C_MOBILITY:0.5522955796917388
C_KINGSAFETY:0.4322662428757842
C_PAWNSTRUCTURE:0.43937808955129737
C_PIECECOORDINATION:0.41998642893797206
C_ROOKANDPAWNMOVEMENT:0.41998642893797206
C_CENTERCONTROL:0.4022354154669436
C_DEVELOPPIECES:0.47704115094018906
C_MATERIAL:0.5609650785574254
