ELO:1012
CE_PASSEDPAWNS:0.5092106481528011
CE_PAWNWEAKNESSES:0.5153852724190008
CE_PIECEACTIVITY:0.49838447446390927
CE_KINGPAWNSHIELD:0.5
CE_PIECECOORDINATION:0.4997217807118262
CE_MATERIAL:0.504671076978937
CE_KINGSAFETY:0.5206374719329495
C_PIECESQUARETABLES:0.4957005556483435
C_MOBILITY:0.4902889989403408
C_KINGSAFETY:0.4981383360386937
C_PAWNSTRUCTURE:0.4918704455677618
C_PIECECOORDINATION:0.492416265097181
C_ROOKANDPAWNMOVEMENT:0.492416265097181
C_CENTERCONTROL:0.4753780636838065
C_DEVELOPPIECES:0.4818089293695883
C_MATERIAL:0.5113760183510133
C_MOVECOUNT:0.5
