ELO:929
CE_PASSEDPAWNS:0.5200584877081057
CE_PAWNWEAKNESSES:0.49497321677838624
CE_PIECEACTIVITY:0.5063425646382381
CE_KINGPAWNSHIELD:0.46402886973827095
CE_PIECECOORDINATION:0.45999235194912774
CE_MATERIAL:0.49022827440495387
CE_KINGSAFETY:0.5
C_PIECESQUARETABLES:0.5
C_MOBILITY:0.5407207991131531
C_KINGSAFETY:0.5225348913727883
C_PAWNSTRUCTURE:0.5227775253112061
C_PIECECOORDINATION:0.5163134091793906
C_ROOK:0.5381591525385975
CE_ROOK:0.54395314211289
C_CENTERCONTROL:0.4865386274254287
C_DEVELOPPIECES:0.47671279094123203
C_MATERIAL:0.5726079015806862
C_MOVECOUNT:0.483275331134638
C_PAWNMOVEMENT:0.5100453090961504
