ELO:1000
CE_PASSEDPAWNS:0.5144571941043886
CE_PAWNWEAKNESSES:0.5074232030372603
CE_PIECEACTIVITY:0.5084985767943535
CE_KINGPAWNSHIELD:0.5249884581982628
CE_PIECECOORDINATION:0.48820364418934925
CE_MATERIAL:0.4414965833315409
CE_KINGSAFETY:0.5593980629399139
C_PIECESQUARETABLES:0.5304771335423352
C_MOBILITY:0.4551649700001188
C_KINGSAFETY:0.46607211815306543
C_PAWNSTRUCTURE:0.48860348046176555
C_PIECECOORDINATION:0.45367919541892604
C_ROOKANDPAWNMOVEMENT:0.45367919541892604
C_CENTERCONTROL:0.5305554195648767
C_DEVELOPPIECES:0.514752807892917
C_MATERIAL:0.5026813202643554
