ELO:988
CE_PASSEDPAWNS:0.5013315362151028
CE_PAWNWEAKNESSES:0.4816813270432183
CE_PIECEACTIVITY:0.47908621066860174
CE_KINGPAWNSHIELD:0.49163451690470783
CE_PIECECOORDINATION:0.5000682727043632
CE_MATERIAL:0.4980009260429095
CE_KINGSAFETY:0.49614861804517807
C_PIECESQUARETABLES:0.4922749598518993
C_MOBILITY:0.4943670708605902
C_KINGSAFETY:0.5043249629293768
C_PAWNSTRUCTURE:0.49823039366414873
C_PIECECOORDINATION:0.48947267819901313
C_ROOK:0.514523342143866
CE_ROOK:0.520083961272675
C_CENTERCONTROL:0.49735770500660403
C_DEVELOPPIECES:0.504404602092608
C_MATERIAL:0.48478265236376106
C_MOVECOUNT:0.4994559007112899
C_PAWNMOVEMENT:0.4858290410486002
