ELO:1000
CE_PASSEDPAWNS:0.44789331213046885
CE_PAWNWEAKNESSES:0.5192539783332975
CE_PIECEACTIVITY:0.49318496772806125
CE_KINGPAWNSHIELD:0.4533445337052013
CE_PIECECOORDINATION:0.4868331514915107
CE_MATERIAL:0.516581508825262
CE_KINGSAFETY:0.5666550785185689
C_PIECESQUARETABLES:0.4893231551309502
C_MOBILITY:0.49551648483333155
C_KINGSAFETY:0.45917906977037193
C_PAWNSTRUCTURE:0.44966295428277203
C_PIECECOORDINATION:0.4562029883006401
C_ROOKANDPAWNMOVEMENT:0.4562029883006401
C_CENTERCONTROL:0.4252607320204391
C_DEVELOPPIECES:0.5206892888790495
C_MATERIAL:0.5134674315040584
