ELO:929
CE_PASSEDPAWNS:0.4023756364361041
CE_PAWNWEAKNESSES:0.47559878800181943
CE_PIECEACTIVITY:0.5376999539323764
CE_KINGPAWNSHIELD:0.47622016722928634
CE_PIECECOORDINATION:0.4899681428730357
CE_MATERIAL:0.5672903143500347
CE_KINGSAFETY:0.48199056286466324
C_PIECESQUARETABLES:0.46139230885530186
C_MOBILITY:0.5739513847137654
C_KINGSAFETY:0.4050361377215915
C_PAWNSTRUCTURE:0.41001661285940977
C_PIECECOORDINATION:0.4032395305385237
C_ROOKANDPAWNMOVEMENT:0.4032395305385237
C_CENTERCONTROL:0.4353275641434516
C_DEVELOPPIECES:0.4424898679887522
C_MATERIAL:0.5470888435118708
