ELO:1077
CE_PASSEDPAWNS:0.45308560972418577
CE_PAWNWEAKNESSES:0.4646509446533734
CE_PIECEACTIVITY:0.44165284548743516
CE_KINGPAWNSHIELD:0.39001747673212767
CE_PIECECOORDINATION:0.46392767050424516
CE_MATERIAL:0.4181648749177985
CE_KINGSAFETY:0.49095173463262176
C_PIECESQUARETABLES:0.4946452297966729
C_MOBILITY:0.3955575399235821
C_KINGSAFETY:0.5097792543505705
C_PAWNSTRUCTURE:0.43743164547609664
C_PIECECOORDINATION:0.4577301173142661
C_ROOKANDPAWNMOVEMENT:0.4577301173142661
C_CENTERCONTROL:0.5928389005501717
C_DEVELOPPIECES:0.5835361042691322
C_MATERIAL:0.40850835810423647
