ELO:983
CE_PASSEDPAWNS:0.4856427249669982
CE_PAWNWEAKNESSES:0.5
CE_PIECEACTIVITY:0.51780380200918
CE_KINGPAWNSHIELD:0.4847849946845362
CE_PIECECOORDINATION:0.5260913832884697
CE_MATERIAL:0.47768061940193995
CE_KINGSAFETY:0.5273049880322359
C_PIECESQUARETABLES:0.5078316746023834
C_MOBILITY:0.48262845478456884
C_KINGSAFETY:0.4874081480110733
C_PAWNSTRUCTURE:0.49240912888909905
C_PIECECOORDINATION:0.5006938956847891
C_ROOKANDPAWNMOVEMENT:0.5006938956847891
C_CENTERCONTROL:0.5047456267784444
C_DEVELOPPIECES:0.5111862676608608
C_MATERIAL:0.5188068525152099
C_MOVECOUNT:0.49724227105601637
