ELO:932
CE_PASSEDPAWNS:0.38787551293872746
CE_PAWNWEAKNESSES:0.4765941776734955
CE_PIECEACTIVITY:0.5076524506493411
CE_KINGPAWNSHIELD:0.47622806574659565
CE_PIECECOORDINATION:0.47726133825774336
CE_MATERIAL:0.5753413373226314
CE_KINGSAFETY:0.4769184944882368
C_PIECESQUARETABLES:0.497313494852312
C_MOBILITY:0.5676892600418018
C_KINGSAFETY:0.39113779191716097
C_PAWNSTRUCTURE:0.4251035273004943
C_PIECECOORDINATION:0.3973909829302212
C_ROOKANDPAWNMOVEMENT:0.3973909829302212
C_CENTERCONTROL:0.427132716485856
C_DEVELOPPIECES:0.4203494064469596
C_MATERIAL:0.5589470558619858
