ELO:890
CE_PASSEDPAWNS:0.5160025952053799
CE_PAWNWEAKNESSES:0.4680821736160975
CE_PIECEACTIVITY:0.49015488507983973
CE_KINGPAWNSHIELD:0.5269681609816766
CE_PIECECOORDINATION:0.4557317484873169
CE_MATERIAL:0.47933112377896786
CE_KINGSAFETY:0.47309570439616305
C_PIECESQUARETABLES:0.5190967776251332
C_MOBILITY:0.48046505281852103
C_KINGSAFETY:0.46511870481344225
C_PAWNSTRUCTURE:0.527566277878083
C_PIECECOORDINATION:0.5229029953305658
C_ROOKANDPAWNMOVEMENT:0.5229029953305658
C_CENTERCONTROL:0.4955486088951873
C_DEVELOPPIECES:0.5114096454990155
C_MATERIAL:0.5141757091018074
C_MOVECOUNT:0.5
