ELO:889
CE_PASSEDPAWNS:0.4730532909872484
CE_PAWNWEAKNESSES:0.4653379459467182
CE_PIECEACTIVITY:0.49983712403429403
CE_KINGPAWNSHIELD:0.5115653022301558
CE_PIECECOORDINATION:0.4430317591109922
CE_MATERIAL:0.5007191679588773
CE_KINGSAFETY:0.5
C_PIECESQUARETABLES:0.4788136090281961
C_MOBILITY:0.5093275788626519
C_KINGSAFETY:0.4997503331451076
C_PAWNSTRUCTURE:0.4770983776307259
C_PIECECOORDINATION:0.44758219917815356
C_ROOKANDPAWNMOVEMENT:0.44758219917815356
C_CENTERCONTROL:0.4709672602002008
C_DEVELOPPIECES:0.4516016192473455
C_MATERIAL:0.4933511936296137
C_MOVECOUNT:0.5
