ELO:984
CE_PASSEDPAWNS:0.4742426554233227
CE_PAWNWEAKNESSES:0.516257966267818
CE_PIECEACTIVITY:0.507669829191695
CE_KINGPAWNSHIELD:0.5240413720901101
CE_PIECECOORDINATION:0.4948165340411687
CE_MATERIAL:0.4701912893052229
CE_KINGSAFETY:0.518535374940621
C_PIECESQUARETABLES:0.4945033626650826
C_MOBILITY:0.42621036308162824
C_KINGSAFETY:0.4367285997011453
C_PAWNSTRUCTURE:0.4755900890613883
C_PIECECOORDINATION:0.40606667356572534
C_ROOKANDPAWNMOVEMENT:0.40606667356572534
C_CENTERCONTROL:0.5532323003722912
C_DEVELOPPIECES:0.503167652379823
C_MATERIAL:0.47448862122205565
