ELO:956
CE_PASSEDPAWNS:0.5100653260997534
CE_PAWNWEAKNESSES:0.48947931532201244
CE_PIECEACTIVITY:0.46766147054343665
CE_KINGPAWNSHIELD:0.4884606222173173
CE_PIECECOORDINATION:0.5089957387645166
CE_MATERIAL:0.49168756254959284
CE_KINGSAFETY:0.5
C_PIECESQUARETABLES:0.5
C_MOBILITY:0.4662199850832002
C_KINGSAFETY:0.5173130433017561
C_PAWNSTRUCTURE:0.5211447155153927
C_PIECECOORDINATION:0.48726871629986895
C_ROOK:0.5139405816655896
CE_ROOK:0.5211177438549655
C_CENTERCONTROL:0.5075719700985771
C_DEVELOPPIECES:0.5099194623046024
C_MATERIAL:0.48785130099890034
C_MOVECOUNT:0.4950236292031601
C_PAWNMOVEMENT:0.48030660793994595
