ELO:1025
CE_PASSEDPAWNS:0.4972323284482079
CE_PAWNWEAKNESSES:0.5000123114794572
CE_PIECEACTIVITY:0.5
CE_KINGPAWNSHIELD:0.5
CE_PIECECOORDINATION:0.4933689815816906
CE_MATERIAL:0.4957004086323476
CE_KINGSAFETY:0.5
C_PIECESQUARETABLES:0.5
C_MOBILITY:0.5
C_KINGSAFETY:0.5
C_PAWNSTRUCTURE:0.5
C_PIECECOORDINATION:0.5
C_ROOKANDPAWNMOVEMENT:0.5
C_CENTERCONTROL:0.509148666596001
C_DEVELOPPIECES:0.5081411235364457
C_MATERIAL:0.4990310294299823
C_MOVECOUNT:0.5
