ELO:1000
CE_PASSEDPAWNS:0.5039443652654327
CE_PAWNWEAKNESSES:0.44695874025701243
CE_PIECEACTIVITY:0.5056998810506048
CE_KINGPAWNSHIELD:0.5483702430726097
CE_PIECECOORDINATION:0.5043752583643187
CE_MATERIAL:0.48017846300014816
CE_KINGSAFETY:0.5720715186320784
C_PIECESQUARETABLES:0.525809497965314
C_MOBILITY:0.4466164295873566
C_KINGSAFETY:0.46308766371405224
C_PAWNSTRUCTURE:0.5282797324449255
C_PIECECOORDINATION:0.4322189443294694
C_ROOKANDPAWNMOVEMENT:0.4322189443294694
C_CENTERCONTROL:0.5318068513932802
C_DEVELOPPIECES:0.49511026159421373
C_MATERIAL:0.4861646482436696
