ELO:1000
CE_PASSEDPAWNS:0.4441017791156322
CE_PAWNWEAKNESSES:0.5395890627191307
CE_PIECEACTIVITY:0.48362906563923475
CE_KINGPAWNSHIELD:0.445079738020758
CE_PIECECOORDINATION:0.4859024465475658
CE_MATERIAL:0.4982365083797194
CE_KINGSAFETY:0.5
C_PIECESQUARETABLES:0.5
C_MOBILITY:0.5149713718014088
C_KINGSAFETY:0.4458315554234372
C_PAWNSTRUCTURE:0.44673534802775916
C_PIECECOORDINATION:0.4357033542909505
C_ROOKANDPAWNMOVEMENT:0.4357033542909505
C_CENTERCONTROL:0.43565394138481506
C_DEVELOPPIECES:0.5413628805324647
C_MATERIAL:0.5419293072873552
