ELO:1000
CE_PASSEDPAWNS:0.44100550648753933
CE_PAWNWEAKNESSES:0.5395890627191307
CE_PIECEACTIVITY:0.4875451682217383
CE_KINGPAWNSHIELD:0.4416458567855517
CE_PIECECOORDINATION:0.47798225167522157
CE_MATERIAL:0.5272543057793428
CE_KINGSAFETY:0.5847339961267688
C_PIECESQUARETABLES:0.47704371925702765
C_MOBILITY:0.5149713718014088
C_KINGSAFETY:0.44891384152001507
C_PAWNSTRUCTURE:0.4656567064057414
C_PIECECOORDINATION:0.435915337051568
C_ROOKANDPAWNMOVEMENT:0.435915337051568
C_CENTERCONTROL:0.4290566039177923
C_DEVELOPPIECES:0.5275893221176199
C_MATERIAL:0.5417393264740449
