ELO:879
CE_PASSEDPAWNS:0.4721152569808126
CE_PAWNWEAKNESSES:0.49367362446059665
CE_PIECEACTIVITY:0.5051697524469453
CE_KINGPAWNSHIELD:0.5134964465055151
CE_PIECECOORDINATION:0.5330972537723866
CE_MATERIAL:0.4615730393004048
CE_KINGSAFETY:0.4679285739136845
C_PIECESQUARETABLES:0.4947378446842083
C_MOBILITY:0.4824200727980465
C_KINGSAFETY:0.44520107012754223
C_PAWNSTRUCTURE:0.4580263135593006
C_PIECECOORDINATION:0.3870278796312469
C_ROOKANDPAWNMOVEMENT:0.3870278796312469
C_CENTERCONTROL:0.589689361049072
C_DEVELOPPIECES:0.5088390856927024
C_MATERIAL:0.5090719800946868
