ELO:1000
CE_PASSEDPAWNS:0.45281207280167196
CE_PAWNWEAKNESSES:0.5232583048436323
CE_PIECEACTIVITY:0.5009526160548726
CE_KINGPAWNSHIELD:0.4512865039840637
CE_PIECECOORDINATION:0.47798225167522157
CE_MATERIAL:0.5177058697814296
CE_KINGSAFETY:0.5849359497649727
C_PIECESQUARETABLES:0.4901023959807424
C_MOBILITY:0.5096815042981189
C_KINGSAFETY:0.44633105685133007
C_PAWNSTRUCTURE:0.4605251611252474
C_PIECECOORDINATION:0.44054354578816046
C_ROOKANDPAWNMOVEMENT:0.44054354578816046
C_CENTERCONTROL:0.430991488361408
C_DEVELOPPIECES:0.5222908129825276
C_MATERIAL:0.5449524727035175
