ELO:961
CE_PASSEDPAWNS:0.4211672021358863
CE_PAWNWEAKNESSES:0.5162263594970332
CE_PIECEACTIVITY:0.47792962790425275
CE_KINGPAWNSHIELD:0.5271089532072107
CE_PIECECOORDINATION:0.46378887040134453
CE_MATERIAL:0.5328426234427042
CE_KINGSAFETY:0.4926271553083399
C_PIECESQUARETABLES:0.5
C_MOBILITY:0.4864230956414711
C_KINGSAFETY:0.5035166460134295
C_PAWNSTRUCTURE:0.5097697769554286
C_PIECECOORDINATION:0.511943612074446
C_ROOK:0.5355562176290635
CE_ROOK:0.45389791115487843
C_CENTERCONTROL:0.4973908829837516
C_DEVELOPPIECES:0.4968974237584047
C_MATERIAL:0.5259117974519621
C_MOVECOUNT:0.5122794123791191
C_PAWNMOVEMENT:0.5304734051124029
