ELO:1064
CE_PASSEDPAWNS:0.47093782826894687
CE_PAWNWEAKNESSES:0.49576606294394177
CE_PIECEACTIVITY:0.5848415174502921
CE_KINGPAWNSHIELD:0.4852998378982041
CE_PIECECOORDINATION:0.5217041033897363
CE_MATERIAL:0.4170351136502987
CE_KINGSAFETY:0.4584179378759925
C_PIECESQUARETABLES:0.5066994204940857
C_MOBILITY:0.41176008030109923
C_KINGSAFETY:0.500758712658003
C_PAWNSTRUCTURE:0.39017782478280877
C_PIECECOORDINATION:0.36574566873904196
C_ROOKANDPAWNMOVEMENT:0.36574566873904196
C_CENTERCONTROL:0.540732969023143
C_DEVELOPPIECES:0.5012615254141565
C_MATERIAL:0.40321023079396295
