ELO:1099
CE_PASSEDPAWNS:0.6146590134088656
CE_PAWNWEAKNESSES:0.5012495369328597
CE_PIECEACTIVITY:0.4544661356248837
CE_KINGPAWNSHIELD:0.4245219982430707
CE_PIECECOORDINATION:0.5238833993784145
CE_MATERIAL:0.4475873502702918
CE_KINGSAFETY:0.5
C_PIECESQUARETABLES:0.5
C_MOBILITY:0.43175505618021753
C_KINGSAFETY:0.5160482799099598
C_PAWNSTRUCTURE:0.41854191002593655
C_PIECECOORDINATION:0.3664406732486266
C_ROOKANDPAWNMOVEMENT:0.3664406732486266
C_CENTERCONTROL:0.531045191741586
C_DEVELOPPIECES:0.5730617617296317
C_MATERIAL:0.40862148187051367
