ELO:753
CE_PASSEDPAWNS:0.567419957906931
CE_PAWNWEAKNESSES:0.5295137352395096
CE_PIECEACTIVITY:0.491208329232187
CE_KINGPAWNSHIELD:0.527924110593527
CE_PIECECOORDINATION:0.4638550251372312
CE_MATERIAL:0.49663921595087784
CE_KINGSAFETY:0.5213290634417975
C_PIECESQUARETABLES:0.5030177383956557
C_MOBILITY:0.5503334104161139
C_KINGSAFETY:0.5348041524489512
C_PAWNSTRUCTURE:0.49154903411714035
C_PIECECOORDINATION:0.5529344942148563
C_ROOKANDPAWNMOVEMENT:0.5529344942148563
C_CENTERCONTROL:0.5415297571035308
C_DEVELOPPIECES:0.5098534651190891
C_MATERIAL:0.43321458442486604
C_MOVECOUNT:0.5374505669845843
