ELO:944
CE_PASSEDPAWNS:0.5255012332788508
CE_PAWNWEAKNESSES:0.5085774925638199
CE_PIECEACTIVITY:0.5034606430054345
CE_KINGPAWNSHIELD:0.4747748303764167
CE_PIECECOORDINATION:0.47537362494673785
CE_MATERIAL:0.493020595462716
CE_KINGSAFETY:0.5105350600159642
C_PIECESQUARETABLES:0.4921878729845766
C_MOBILITY:0.5332981455838551
C_KINGSAFETY:0.5225348913727883
C_PAWNSTRUCTURE:0.5111411503899084
C_PIECECOORDINATION:0.5140911930519203
C_ROOK:0.5379798999071385
CE_ROOK:0.5465576870537054
C_CENTERCONTROL:0.4885755196033984
C_DEVELOPPIECES:0.47671279094123203
C_MATERIAL:0.5660201045974643
C_MOVECOUNT:0.4830585285999182
C_PAWNMOVEMENT:0.5100453090961504
