ELO:1000
CE_PASSEDPAWNS:0.43757293690335836
CE_PAWNWEAKNESSES:0.5192539783332975
CE_PIECEACTIVITY:0.4922998971345953
CE_KINGPAWNSHIELD:0.45092558152431844
CE_PIECECOORDINATION:0.47798225167522157
CE_MATERIAL:0.5091816556837249
CE_KINGSAFETY:0.5773228704462262
C_PIECESQUARETABLES:0.4893231551309502
C_MOBILITY:0.5003625601447079
C_KINGSAFETY:0.4544215987040416
C_PAWNSTRUCTURE:0.4481923266235988
C_PIECECOORDINATION:0.44054354578816046
C_ROOKANDPAWNMOVEMENT:0.44054354578816046
C_CENTERCONTROL:0.4296230111442947
C_DEVELOPPIECES:0.5239660895835582
C_MATERIAL:0.5211742165272327
