ELO:988
CE_PASSEDPAWNS:0.39842282437811805
CE_PAWNWEAKNESSES:0.44525373044986943
CE_PIECEACTIVITY:0.5065306119534689
CE_KINGPAWNSHIELD:0.49514957135749116
CE_PIECECOORDINATION:0.6038287760505281
CE_MATERIAL:0.4240920156565914
CE_KINGSAFETY:0.49909531821225234
C_PIECESQUARETABLES:0.4892490819573002
C_MOBILITY:0.6077714519039005
C_KINGSAFETY:0.5741690830894993
C_PAWNSTRUCTURE:0.62436365227218
C_PIECECOORDINATION:0.6226162108602019
C_ROOKANDPAWNMOVEMENT:0.6226162108602019
C_CENTERCONTROL:0.3893235114622975
C_DEVELOPPIECES:0.56506288630346
C_MATERIAL:0.5866536899795093
