ELO:912
CE_PASSEDPAWNS:0.4854829880750918
CE_PAWNWEAKNESSES:0.5060884527467334
CE_PIECEACTIVITY:0.4993308072498005
CE_KINGPAWNSHIELD:0.4971391184814685
CE_PIECECOORDINATION:0.5348656653944903
CE_MATERIAL:0.4546611281531618
CE_KINGSAFETY:0.4934245010250915
C_PIECESQUARETABLES:0.5102667871380606
C_MOBILITY:0.45266340047760995
C_KINGSAFETY:0.43457299719025483
C_PAWNSTRUCTURE:0.46089456119138544
C_PIECECOORDINATION:0.3886075667413413
C_ROOKANDPAWNMOVEMENT:0.3886075667413413
C_CENTERCONTROL:0.5983098420251775
C_DEVELOPPIECES:0.507310683208224
C_MATERIAL:0.5119502007986948
