ELO:806
CE_PASSEDPAWNS:0.5721693204037863
CE_PAWNWEAKNESSES:0.614117990419706
CE_PIECEACTIVITY:0.5862622928100458
CE_KINGPAWNSHIELD:0.44552117524231194
CE_PIECECOORDINATION:0.5249925855688623
CE_MATERIAL:0.6256922486138753
CE_KINGSAFETY:0.4564446910675849
C_PIECESQUARETABLES:0.4911904043402861
C_MOBILITY:0.44991993850283235
C_KINGSAFETY:0.4522072509306271
C_PAWNSTRUCTURE:0.5035951177487833
C_PIECECOORDINATION:0.3939773372184671
C_ROOKANDPAWNMOVEMENT:0.3939773372184671
C_CENTERCONTROL:0.49652327695663473
C_DEVELOPPIECES:0.39913645026385575
C_MATERIAL:0.47305213685094766
