ELO:899
CE_PASSEDPAWNS:0.5134509952810563
CE_PAWNWEAKNESSES:0.4994423489935244
CE_PIECEACTIVITY:0.5189538508997196
CE_KINGPAWNSHIELD:0.5049561282817429
CE_PIECECOORDINATION:0.5002195378156314
CE_MATERIAL:0.5165992258541823
CE_KINGSAFETY:0.5280173376851071
C_PIECESQUARETABLES:0.506590684290835
C_MOBILITY:0.48932042736262754
C_KINGSAFETY:0.48141612767483555
C_PAWNSTRUCTURE:0.5010989243386176
C_PIECECOORDINATION:0.5240398817720702
C_ROOKANDPAWNMOVEMENT:0.5240398817720702
C_CENTERCONTROL:0.5294072731990014
C_DEVELOPPIECES:0.43721622072419625
C_MATERIAL:0.47529251980992115
