ELO:866
CE_PASSEDPAWNS:0.45799126647534744
CE_PAWNWEAKNESSES:0.43582990504187963
CE_PIECEACTIVITY:0.440416520795922
CE_KINGPAWNSHIELD:0.4631507171358429
CE_PIECECOORDINATION:0.513965078312227
CE_MATERIAL:0.4854749476992034
CE_KINGSAFETY:0.47648771267336143
C_PIECESQUARETABLES:0.5290312589374676
C_MOBILITY:0.5171504199758381
C_KINGSAFETY:0.4124568095323421
C_PAWNSTRUCTURE:0.39215373768204875
C_PIECECOORDINATION:0.44921412053639076
C_ROOKANDPAWNMOVEMENT:0.44921412053639076
C_CENTERCONTROL:0.506489731188876
C_DEVELOPPIECES:0.5524078501207297
C_MATERIAL:0.5198047357038728
C_MOVECOUNT:0.5811398015015969
