ELO:921
CE_PASSEDPAWNS:0.3994009316259228
CE_PAWNWEAKNESSES:0.4411679037992974
CE_PIECEACTIVITY:0.5277086759797432
CE_KINGPAWNSHIELD:0.4886483522462878
CE_PIECECOORDINATION:0.47187105872029533
CE_MATERIAL:0.5386905275292319
CE_KINGSAFETY:0.4802597093480015
C_PIECESQUARETABLES:0.46820128622788737
C_MOBILITY:0.5702893883593234
C_KINGSAFETY:0.40989019601240934
C_PAWNSTRUCTURE:0.41455713108112
C_PIECECOORDINATION:0.40408317993309395
C_ROOKANDPAWNMOVEMENT:0.40408317993309395
C_CENTERCONTROL:0.37806259160954975
C_DEVELOPPIECES:0.4429790227075631
C_MATERIAL:0.5316578723506208
