ELO:1000
CE_PASSEDPAWNS:0.47801544364490645
CE_PAWNWEAKNESSES:0.4777533570984996
CE_PIECEACTIVITY:0.4954648178807232
CE_KINGPAWNSHIELD:0.49230808949583127
CE_PIECECOORDINATION:0.49994375060551227
CE_MATERIAL:0.5275311696945865
CE_KINGSAFETY:0.5410196761591518
C_PIECESQUARETABLES:0.5177828262966793
C_MOBILITY:0.49931389797510434
C_KINGSAFETY:0.48045659519228723
C_PAWNSTRUCTURE:0.4652296737811039
C_PIECECOORDINATION:0.4673026904941857
C_ROOKANDPAWNMOVEMENT:0.4673026904941857
C_CENTERCONTROL:0.4738282079602217
C_DEVELOPPIECES:0.4723685057150801
C_MATERIAL:0.5207915533690125
