ELO:939
CE_PASSEDPAWNS:0.5159122067105024
CE_PAWNWEAKNESSES:0.4916844337022986
CE_PIECEACTIVITY:0.4709432094288879
CE_KINGPAWNSHIELD:0.5000431848656365
CE_PIECECOORDINATION:0.5354505259754039
CE_MATERIAL:0.5156870600623433
CE_KINGSAFETY:0.5103186118423021
C_PIECESQUARETABLES:0.5
C_MOBILITY:0.48311678253583173
C_KINGSAFETY:0.5323594625695749
C_PAWNSTRUCTURE:0.5425468201695608
C_PIECECOORDINATION:0.5058197448975693
C_ROOK:0.5345970623383387
CE_ROOK:0.5284536992749926
C_CENTERCONTROL:0.4934331419188417
C_DEVELOPPIECES:0.49872934655394097
C_MATERIAL:0.4809304277705971
C_MOVECOUNT:0.500345466967257
C_PAWNMOVEMENT:0.45446713620098983
