ELO:1000
CE_PASSEDPAWNS:0.504012840935416
CE_PAWNWEAKNESSES:0.5290533776339389
CE_PIECEACTIVITY:0.49521821133862143
CE_KINGPAWNSHIELD:0.5419538615113552
CE_PIECECOORDINATION:0.4866082356887541
CE_MATERIAL:0.4347832047058749
CE_KINGSAFETY:0.47477410400802017
C_PIECESQUARETABLES:0.5091322200846774
C_MOBILITY:0.4716545565364595
C_KINGSAFETY:0.5046859859349792
C_PAWNSTRUCTURE:0.5220566490197261
C_PIECECOORDINATION:0.44977081996890456
C_ROOKANDPAWNMOVEMENT:0.44977081996890456
C_CENTERCONTROL:0.5204389327338762
C_DEVELOPPIECES:0.521827961741769
C_MATERIAL:0.505657098768784
