ELO:960
CE_PASSEDPAWNS:0.49215683681708283
CE_PAWNWEAKNESSES:0.4560691759656812
CE_PIECEACTIVITY:0.5069190645800058
CE_KINGPAWNSHIELD:0.4943710439326028
CE_PIECECOORDINATION:0.48297299213699973
CE_MATERIAL:0.503035430879901
CE_KINGSAFETY:0.5050561673539559
C_PIECESQUARETABLES:0.5013093248301611
C_MOBILITY:0.5102001554348446
C_KINGSAFETY:0.5147653847129818
C_PAWNSTRUCTURE:0.4956581274333754
C_PIECECOORDINATION:0.5121096918177575
C_ROOKANDPAWNMOVEMENT:0.5121096918177575
C_CENTERCONTROL:0.5276029233618068
C_DEVELOPPIECES:0.4962468488550679
C_MATERIAL:0.48333082777813746
C_MOVECOUNT:0.5040453008343179
