ELO:1040
CE_PASSEDPAWNS:0.5202047592027715
CE_PAWNWEAKNESSES:0.5
CE_PIECEACTIVITY:0.5127291915050637
CE_KINGPAWNSHIELD:0.5089916107534054
CE_PIECECOORDINATION:0.5062596673662701
CE_MATERIAL:0.4829186124525676
CE_KINGSAFETY:0.5
C_PIECESQUARETABLES:0.5
C_MOBILITY:0.5
C_KINGSAFETY:0.5
C_PAWNSTRUCTURE:0.5133619870326541
C_PIECECOORDINATION:0.51230567645642
C_ROOK:0.5330477641632646
CE_ROOK:0.5057204059278045
C_CENTERCONTROL:0.5
C_DEVELOPPIECES:0.5
C_MATERIAL:0.5201039998665292
C_MOVECOUNT:0.4906244269306584
C_PAWNMOVEMENT:0.5215337603030898
