ELO:993
CE_PASSEDPAWNS:0.4917369094087994
CE_PAWNWEAKNESSES:0.49411948903276237
CE_PIECEACTIVITY:0.5075546734683272
CE_KINGPAWNSHIELD:0.5045188842144852
CE_PIECECOORDINATION:0.49789518424019374
CE_MATERIAL:0.4971848487010568
CE_KINGSAFETY:0.5035429739747934
C_PIECESQUARETABLES:0.4800049637721343
C_MOBILITY:0.5145845465991263
C_KINGSAFETY:0.49031315000819564
C_PAWNSTRUCTURE:0.5106991725062036
C_PIECECOORDINATION:0.5176228739006229
C_ROOKANDPAWNMOVEMENT:0.5176228739006229
C_CENTERCONTROL:0.5066593692631294
C_DEVELOPPIECES:0.5037317539606128
C_MATERIAL:0.4995733947751859
C_MOVECOUNT:0.48070903906835943
