ELO:1026
CE_PASSEDPAWNS:0.5101918637393328
CE_PAWNWEAKNESSES:0.5053483548265357
CE_PIECEACTIVITY:0.5018522600629741
CE_KINGPAWNSHIELD:0.48345804756710326
CE_PIECECOORDINATION:0.5335037667055654
CE_MATERIAL:0.5061820749371356
CE_KINGSAFETY:0.5
C_PIECESQUARETABLES:0.5
C_MOBILITY:0.5212935053933127
C_KINGSAFETY:0.4925469210949234
C_PAWNSTRUCTURE:0.5025755205481844
C_PIECECOORDINATION:0.5212416632565356
C_ROOK:0.5084696024925567
CE_ROOK:0.5184709806234532
C_CENTERCONTROL:0.49002094731559065
C_DEVELOPPIECES:0.5078495570605331
C_MATERIAL:0.5039313586180075
C_MOVECOUNT:0.4920436050819054
C_PAWNMOVEMENT:0.49482089210243535
