ELO:871
CE_PASSEDPAWNS:0.47832368466005787
CE_PAWNWEAKNESSES:0.48493809384700953
CE_PIECEACTIVITY:0.5
CE_KINGPAWNSHIELD:0.5727879652419918
CE_PIECECOORDINATION:0.5758364021716363
CE_MATERIAL:0.5075143619909813
CE_KINGSAFETY:0.5
C_PIECESQUARETABLES:0.5
C_MOBILITY:0.5
C_KINGSAFETY:0.5
C_PAWNSTRUCTURE:0.4094508124230892
C_PIECECOORDINATION:0.4483406383801004
C_ROOKANDPAWNMOVEMENT:0.4483406383801004
C_CENTERCONTROL:0.4891567312842854
C_DEVELOPPIECES:0.4996641255213233
C_MATERIAL:0.4784760195289673
C_MOVECOUNT:0.5
