ELO:1000
CE_PASSEDPAWNS:0.516382215187941
CE_PAWNWEAKNESSES:0.5183658017499291
CE_PIECEACTIVITY:0.48020856870050266
CE_KINGPAWNSHIELD:0.49737108396576113
CE_PIECECOORDINATION:0.4797090264894932
CE_MATERIAL:0.5499605532146503
CE_KINGSAFETY:0.4678036928890099
C_PIECESQUARETABLES:0.5243951923909324
C_MOBILITY:0.4497825362006062
C_KINGSAFETY:0.5355092942075427
C_PAWNSTRUCTURE:0.44748715195216043
C_PIECECOORDINATION:0.5663348162289558
C_ROOKANDPAWNMOVEMENT:0.5663348162289558
C_CENTERCONTROL:0.4694115304443234
C_DEVELOPPIECES:0.4604385649433362
C_MATERIAL:0.5260741185737575
