ELO:966
CE_PASSEDPAWNS:0.5070385903799031
CE_PAWNWEAKNESSES:0.5000123114794572
CE_PIECEACTIVITY:0.5
CE_KINGPAWNSHIELD:0.5
CE_PIECECOORDINATION:0.4772055164686169
CE_MATERIAL:0.5004631227741896
CE_KINGSAFETY:0.49180674703008453
C_PIECESQUARETABLES:0.4826032199620406
C_MOBILITY:0.5288472981554347
C_KINGSAFETY:0.4929180226975546
C_PAWNSTRUCTURE:0.5
C_PIECECOORDINATION:0.47636624306628256
C_ROOKANDPAWNMOVEMENT:0.47636624306628256
C_CENTERCONTROL:0.5280204008125826
C_DEVELOPPIECES:0.4979742138955642
C_MATERIAL:0.5
C_MOVECOUNT:0.5
