ELO:1014
CE_PASSEDPAWNS:0.4888963381286715
CE_PAWNWEAKNESSES:0.5
CE_PIECEACTIVITY:0.48917030729517325
CE_KINGPAWNSHIELD:0.5117045959119454
CE_PIECECOORDINATION:0.5
CE_MATERIAL:0.4961708693893945
CE_KINGSAFETY:0.5
C_PIECESQUARETABLES:0.5
C_MOBILITY:0.4931727020125825
C_KINGSAFETY:0.4993209027629956
C_PAWNSTRUCTURE:0.4938172271824761
C_PIECECOORDINATION:0.4959515647262928
C_ROOKANDPAWNMOVEMENT:0.4959515647262928
C_CENTERCONTROL:0.5
C_DEVELOPPIECES:0.5067273104613929
C_MATERIAL:0.49060888741330355
C_MOVECOUNT:0.5029635196717005
