ELO:967
CE_PASSEDPAWNS:0.4673240116164181
CE_PAWNWEAKNESSES:0.4804413192267298
CE_PIECEACTIVITY:0.521200414916676
CE_KINGPAWNSHIELD:0.5532731491565714
CE_PIECECOORDINATION:0.45579769578907425
CE_MATERIAL:0.46909267918707553
CE_KINGSAFETY:0.4830710845618284
C_PIECESQUARETABLES:0.4880340146219549
C_MOBILITY:0.517346612106822
C_KINGSAFETY:0.560833309798629
C_PAWNSTRUCTURE:0.47184439386808785
C_PIECECOORDINATION:0.4808046759585067
C_ROOKANDPAWNMOVEMENT:0.4808046759585067
C_CENTERCONTROL:0.48374389724591194
C_DEVELOPPIECES:0.3675149048944982
C_MATERIAL:0.5196070720147673
