ELO:954
CE_PASSEDPAWNS:0.5158571738084965
CE_PAWNWEAKNESSES:0.5014085799187938
CE_PIECEACTIVITY:0.5004833538302689
CE_KINGPAWNSHIELD:0.47354195941683386
CE_PIECECOORDINATION:0.5359150184165774
CE_MATERIAL:0.45294735725138446
CE_KINGSAFETY:0.49985304492484645
C_PIECESQUARETABLES:0.48875999080601346
C_MOBILITY:0.5693173385024811
C_KINGSAFETY:0.5570350330060324
C_PAWNSTRUCTURE:0.4007849748939785
C_PIECECOORDINATION:0.49638223115932006
C_ROOKANDPAWNMOVEMENT:0.49638223115932006
C_CENTERCONTROL:0.5313234269645059
C_DEVELOPPIECES:0.36578981721244713
C_MATERIAL:0.5545571376763145
