ELO:1006
CE_PASSEDPAWNS:0.4886174725996996
CE_PAWNWEAKNESSES:0.5
CE_PIECEACTIVITY:0.5032263421509758
CE_KINGPAWNSHIELD:0.5020644018734389
CE_PIECECOORDINATION:0.5091277807791292
CE_MATERIAL:0.5032213537897248
CE_KINGSAFETY:0.5048351569742664
C_PIECESQUARETABLES:0.505382548076073
C_MOBILITY:0.5
C_KINGSAFETY:0.517530467086876
C_PAWNSTRUCTURE:0.5064630166482732
C_PIECECOORDINATION:0.4874654711897789
C_ROOKANDPAWNMOVEMENT:0.4874654711897789
C_CENTERCONTROL:0.4943816659862949
C_DEVELOPPIECES:0.4974310178882727
C_MATERIAL:0.4996662096899601
