ELO:1008
CE_PASSEDPAWNS:0.5
CE_PAWNWEAKNESSES:0.4982166698159907
CE_PIECEACTIVITY:0.5
CE_KINGPAWNSHIELD:0.5
CE_PIECECOORDINATION:0.4966772534867128
CE_MATERIAL:0.5104360105488954
CE_KINGSAFETY:0.5000616380625383
C_PIECESQUARETABLES:0.5107995089757802
C_MOBILITY:0.5
C_KINGSAFETY:0.4809672756756484
C_PAWNSTRUCTURE:0.5064738954818103
C_PIECECOORDINATION:0.4990495827522891
C_ROOKANDPAWNMOVEMENT:0.4990495827522891
C_CENTERCONTROL:0.484433964085417
C_DEVELOPPIECES:0.5
C_MATERIAL:0.5
C_MOVECOUNT:0.5
