ELO:1001
CE_PASSEDPAWNS:0.4846908961898089
CE_PAWNWEAKNESSES:0.5
CE_PIECEACTIVITY:0.4949042967911035
CE_KINGPAWNSHIELD:0.5117045959119454
CE_PIECECOORDINATION:0.5
CE_MATERIAL:0.5117770120605405
CE_KINGSAFETY:0.5
C_PIECESQUARETABLES:0.5
C_MOBILITY:0.4931727020125825
C_KINGSAFETY:0.4898115156910853
C_PAWNSTRUCTURE:0.5071080165023145
C_PIECECOORDINATION:0.4959515647262928
C_ROOKANDPAWNMOVEMENT:0.4959515647262928
C_CENTERCONTROL:0.5
C_DEVELOPPIECES:0.49105919346817667
C_MATERIAL:0.5018232069090628
C_MOVECOUNT:0.5029635196717005
