ELO:1000
CE_PASSEDPAWNS:0.5043837711666967
CE_PAWNWEAKNESSES:0.4980386816169866
CE_PIECEACTIVITY:0.4933691131703564
CE_KINGPAWNSHIELD:0.5022313547474627
CE_PIECECOORDINATION:0.5054950465285581
CE_MATERIAL:0.49960645906963363
CE_KINGSAFETY:0.4987379975954899
C_PIECESQUARETABLES:0.5002952131271831
C_MOBILITY:0.501553853952241
C_KINGSAFETY:0.4974781143329735
C_PAWNSTRUCTURE:0.5
C_PIECECOORDINATION:0.48267903131807305
C_ROOKANDPAWNMOVEMENT:0.48267903131807305
C_CENTERCONTROL:0.5081139066092689
C_DEVELOPPIECES:0.47028482984016495
C_MATERIAL:0.5
