ELO:956
CE_PASSEDPAWNS:0.5096392055354388
CE_PAWNWEAKNESSES:0.5
CE_PIECEACTIVITY:0.5198282669020579
CE_KINGPAWNSHIELD:0.49718796842833257
CE_PIECECOORDINATION:0.49265861338676525
CE_MATERIAL:0.5526457147379937
CE_KINGSAFETY:0.5
C_PIECESQUARETABLES:0.4970499905014217
C_MOBILITY:0.5121405080308549
C_KINGSAFETY:0.545450638944934
C_PAWNSTRUCTURE:0.4457391162774414
C_PIECECOORDINATION:0.5131890247621108
C_ROOKANDPAWNMOVEMENT:0.5131890247621108
C_CENTERCONTROL:0.502424884295727
C_DEVELOPPIECES:0.5
C_MATERIAL:0.5980160483052189
C_MOVECOUNT:0.5
