ELO:965
CE_PASSEDPAWNS:0.4672830619702464
CE_PAWNWEAKNESSES:0.4927898187166239
CE_PIECEACTIVITY:0.4899557160994923
CE_KINGPAWNSHIELD:0.5107460630347562
CE_PIECECOORDINATION:0.5200796441329423
CE_MATERIAL:0.5189835962612283
CE_KINGSAFETY:0.5
C_PIECESQUARETABLES:0.5
C_MOBILITY:0.4995002030653801
C_KINGSAFETY:0.5082934718993192
C_PAWNSTRUCTURE:0.4454992680093241
C_PIECECOORDINATION:0.49906285488953195
C_ROOK:0.4888618700137442
CE_ROOK:0.5156455379366026
C_CENTERCONTROL:0.4823016592655368
C_DEVELOPPIECES:0.5346463358666187
C_MATERIAL:0.47837023877918194
C_MOVECOUNT:0.508882622539797
C_PAWNMOVEMENT:0.496777167632788
