ELO:1002
CE_PASSEDPAWNS:0.4130649865880309
CE_PAWNWEAKNESSES:0.5047675699445452
CE_PIECEACTIVITY:0.42946284103155447
CE_KINGPAWNSHIELD:0.5096968787060696
CE_PIECECOORDINATION:0.5067249750003917
CE_MATERIAL:0.3976863104019039
CE_KINGSAFETY:0.4828549137985874
C_PIECESQUARETABLES:0.5
C_MOBILITY:0.5449837681558032
C_KINGSAFETY:0.4046829418136319
C_PAWNSTRUCTURE:0.5329184014835703
C_PIECECOORDINATION:0.5296585511206624
C_ROOKANDPAWNMOVEMENT:0.5296585511206624
C_CENTERCONTROL:0.5189489738904972
C_DEVELOPPIECES:0.4357901301610678
C_MATERIAL:0.48393279474795586
