ELO:919
CE_PASSEDPAWNS:0.4989476308663339
CE_PAWNWEAKNESSES:0.3899747506393576
CE_PIECEACTIVITY:0.611367738923932
CE_KINGPAWNSHIELD:0.4181332745089978
CE_PIECECOORDINATION:0.5068101846252143
CE_MATERIAL:0.5042101211412722
CE_KINGSAFETY:0.5
C_PIECESQUARETABLES:0.5
C_MOBILITY:0.5000020592402309
C_KINGSAFETY:0.6602968088724188
C_PAWNSTRUCTURE:0.45962919223126203
C_PIECECOORDINATION:0.5976369423659149
C_ROOKANDPAWNMOVEMENT:0.5976369423659149
C_CENTERCONTROL:0.6153422684249522
C_DEVELOPPIECES:0.3454948298578612
C_MATERIAL:0.5143500187461767
