ELO:1015
CE_PASSEDPAWNS:0.445225141784009
CE_PAWNWEAKNESSES:0.45370560155277584
CE_PIECEACTIVITY:0.5002331333799195
CE_KINGPAWNSHIELD:0.4665218112750936
CE_PIECECOORDINATION:0.6008821548829901
CE_MATERIAL:0.42233213304393064
CE_KINGSAFETY:0.4892337784592502
C_PIECESQUARETABLES:0.47693754026942975
C_MOBILITY:0.4241965931820174
C_KINGSAFETY:0.5436048496908766
C_PAWNSTRUCTURE:0.42985201474071255
C_PIECECOORDINATION:0.48546902869311226
C_ROOKANDPAWNMOVEMENT:0.48546902869311226
C_CENTERCONTROL:0.5338177326556989
C_DEVELOPPIECES:0.5669436742294884
C_MATERIAL:0.40390844392636366
