ELO:967
CE_PASSEDPAWNS:0.46939610886672906
CE_PAWNWEAKNESSES:0.485195839045793
CE_PIECEACTIVITY:0.5075579796072334
CE_KINGPAWNSHIELD:0.5616934569636028
CE_PIECECOORDINATION:0.46084807430308095
CE_MATERIAL:0.4635102415436668
CE_KINGSAFETY:0.5124924571559537
C_PIECESQUARETABLES:0.49963535939829146
C_MOBILITY:0.522264682508725
C_KINGSAFETY:0.5421659722714396
C_PAWNSTRUCTURE:0.49589468941512627
C_PIECECOORDINATION:0.5070659049137245
C_ROOKANDPAWNMOVEMENT:0.5070659049137245
C_CENTERCONTROL:0.4759626296457024
C_DEVELOPPIECES:0.3643907327763414
C_MATERIAL:0.5168008166876193
