ELO:978
CE_PASSEDPAWNS:0.5087198680625302
CE_PAWNWEAKNESSES:0.4883042072332528
CE_PIECEACTIVITY:0.463532879779921
CE_KINGPAWNSHIELD:0.5125454791370496
CE_PIECECOORDINATION:0.5007984206067841
CE_MATERIAL:0.49806040645136246
CE_KINGSAFETY:0.5
C_PIECESQUARETABLES:0.5079541058944764
C_MOBILITY:0.5028308387110478
C_KINGSAFETY:0.5139084711235494
C_PAWNSTRUCTURE:0.49414943021004704
C_PIECECOORDINATION:0.4804965135127543
C_ROOKANDPAWNMOVEMENT:0.4804965135127543
C_CENTERCONTROL:0.4931382097089286
C_DEVELOPPIECES:0.4997894194261214
C_MATERIAL:0.49549652176908704
C_MOVECOUNT:0.5
