ELO:1000
CE_PASSEDPAWNS:0.4910500829716319
CE_PAWNWEAKNESSES:0.5301684276191008
CE_PIECEACTIVITY:0.49506872427731397
CE_KINGPAWNSHIELD:0.5028107520446049
CE_PIECECOORDINATION:0.45209578376617365
CE_MATERIAL:0.5392634836220782
CE_KINGSAFETY:0.4819849794000096
C_PIECESQUARETABLES:0.5053049582427678
C_MOBILITY:0.4606349883871216
C_KINGSAFETY:0.5083919865322049
C_PAWNSTRUCTURE:0.4341479504746657
C_PIECECOORDINATION:0.5612889597237999
C_ROOKANDPAWNMOVEMENT:0.5612889597237999
C_CENTERCONTROL:0.4625267033335167
C_DEVELOPPIECES:0.46747820838443327
C_MATERIAL:0.5144223820076854
