ELO:986
CE_PASSEDPAWNS:0.43704514408848183
CE_PAWNWEAKNESSES:0.429285102146275
CE_PIECEACTIVITY:0.5011743445207713
CE_KINGPAWNSHIELD:0.5608478372529008
CE_PIECECOORDINATION:0.47416958991835484
CE_MATERIAL:0.48952046629050144
CE_KINGSAFETY:0.5167053853371931
C_PIECESQUARETABLES:0.5167226983314344
C_MOBILITY:0.49547438139051825
C_KINGSAFETY:0.5753072476120185
C_PAWNSTRUCTURE:0.46070919799721155
C_PIECECOORDINATION:0.4767206180145092
C_ROOKANDPAWNMOVEMENT:0.4767206180145092
C_CENTERCONTROL:0.4632924179158559
C_DEVELOPPIECES:0.39882795344012034
C_MATERIAL:0.49551584796057163
