ELO:910
CE_PASSEDPAWNS:0.49370431082811894
CE_PAWNWEAKNESSES:0.4889582358731533
CE_PIECEACTIVITY:0.48406222316042896
CE_KINGPAWNSHIELD:0.49920021412359517
CE_PIECECOORDINATION:0.5341295725751609
CE_MATERIAL:0.5350892453780067
CE_KINGSAFETY:0.4859299275727767
C_PIECESQUARETABLES:0.5152293317382942
C_MOBILITY:0.4549666501553784
C_KINGSAFETY:0.5072722522120174
C_PAWNSTRUCTURE:0.5091056546165162
C_PIECECOORDINATION:0.4996475423755723
C_ROOKANDPAWNMOVEMENT:0.4996475423755723
C_CENTERCONTROL:0.5039942705799533
C_DEVELOPPIECES:0.5679283151983088
C_MATERIAL:0.4939865097063939
C_MOVECOUNT:0.5
