ELO:1040
CE_PASSEDPAWNS:0.4980764605273427
CE_PAWNWEAKNESSES:0.5062148070513521
CE_PIECEACTIVITY:0.5
CE_KINGPAWNSHIELD:0.4868880271940794
CE_PIECECOORDINATION:0.5149684480181834
CE_MATERIAL:0.4920407876591001
CE_KINGSAFETY:0.5
C_PIECESQUARETABLES:0.5
C_MOBILITY:0.5
C_KINGSAFETY:0.48760421906319956
C_PAWNSTRUCTURE:0.5201564779106247
C_PIECECOORDINATION:0.5200587711481103
C_ROOK:0.5062863118625917
CE_ROOK:0.5016273857142091
C_CENTERCONTROL:0.5030476537102214
C_DEVELOPPIECES:0.5078495570605331
C_MATERIAL:0.47370363161998413
C_MOVECOUNT:0.5
C_PAWNMOVEMENT:0.49482089210243535
