ELO:1037
CE_PASSEDPAWNS:0.4888749446358555
CE_PAWNWEAKNESSES:0.5
CE_PIECEACTIVITY:0.5044483528572965
CE_KINGPAWNSHIELD:0.4904458852724681
CE_PIECECOORDINATION:0.4889165545014354
CE_MATERIAL:0.48745270515829425
CE_KINGSAFETY:0.5
C_PIECESQUARETABLES:0.5
C_MOBILITY:0.5
C_KINGSAFETY:0.4957159129901899
C_PAWNSTRUCTURE:0.5
C_PIECECOORDINATION:0.51230567645642
C_ROOK:0.5003972453986638
CE_ROOK:0.4863324650030785
C_CENTERCONTROL:0.5
C_DEVELOPPIECES:0.4877931294293613
C_MATERIAL:0.5
C_MOVECOUNT:0.5095111048500325
C_PAWNMOVEMENT:0.49653921161330294
