ELO:1037
CE_PASSEDPAWNS:0.49611611622759694
CE_PAWNWEAKNESSES:0.5027490589406856
CE_PIECEACTIVITY:0.5
CE_KINGPAWNSHIELD:0.4868880271940794
CE_PIECECOORDINATION:0.5003591470819672
CE_MATERIAL:0.4920407876591001
CE_KINGSAFETY:0.5
C_PIECESQUARETABLES:0.5
C_MOBILITY:0.4967337857073545
C_KINGSAFETY:0.5123723694021942
C_PAWNSTRUCTURE:0.524334623024627
C_PIECECOORDINATION:0.5200587711481103
C_ROOK:0.5369059538193658
CE_ROOK:0.5016273857142091
C_CENTERCONTROL:0.5030476537102214
C_DEVELOPPIECES:0.5078495570605331
C_MATERIAL:0.5230226521637037
C_MOVECOUNT:0.5158813356519456
C_PAWNMOVEMENT:0.49482089210243535
