ELO:975
CE_PASSEDPAWNS:0.5292688031394297
CE_PAWNWEAKNESSES:0.49339376138302254
CE_PIECEACTIVITY:0.5059722652217971
CE_KINGPAWNSHIELD:0.47741900160419654
CE_PIECECOORDINATION:0.5376409799375654
CE_MATERIAL:0.44840696926560997
CE_KINGSAFETY:0.4879735850444727
C_PIECESQUARETABLES:0.4991340801859441
C_MOBILITY:0.564053792783904
C_KINGSAFETY:0.565953821598652
C_PAWNSTRUCTURE:0.4213076265905906
C_PIECECOORDINATION:0.4857469363222526
C_ROOKANDPAWNMOVEMENT:0.4857469363222526
C_CENTERCONTROL:0.5257287855276253
C_DEVELOPPIECES:0.368748984396631
C_MATERIAL:0.5589323978993092
