ELO:1012
CE_PASSEDPAWNS:0.48236245013339285
CE_PAWNWEAKNESSES:0.4548509697315014
CE_PIECEACTIVITY:0.48203589925508367
CE_KINGPAWNSHIELD:0.4989888076295552
CE_PIECECOORDINATION:0.518701377001739
CE_MATERIAL:0.48857636472926436
CE_KINGSAFETY:0.5
C_PIECESQUARETABLES:0.5
C_MOBILITY:0.4840701165601854
C_KINGSAFETY:0.49930664095009764
C_PAWNSTRUCTURE:0.5014195538812061
C_PIECECOORDINATION:0.48149893100913777
C_ROOK:0.5009662701519307
CE_ROOK:0.5134895539361527
C_CENTERCONTROL:0.5051137245676748
C_DEVELOPPIECES:0.4854328376552627
C_MATERIAL:0.5099790927186645
C_MOVECOUNT:0.4760219308894175
C_PAWNMOVEMENT:0.5054683034682986
