ELO:1033
CE_PASSEDPAWNS:0.5110196372096623
CE_PAWNWEAKNESSES:0.4830405011720233
CE_PIECEACTIVITY:0.49204023118983425
CE_KINGPAWNSHIELD:0.5007371787734637
CE_PIECECOORDINATION:0.5003591470819672
CE_MATERIAL:0.4974477316404982
CE_KINGSAFETY:0.5
C_PIECESQUARETABLES:0.5
C_MOBILITY:0.5193443550852914
C_KINGSAFETY:0.4896636760931384
C_PAWNSTRUCTURE:0.524334623024627
C_PIECECOORDINATION:0.502393833119759
C_ROOK:0.5369059538193658
CE_ROOK:0.5043525010163519
C_CENTERCONTROL:0.4935227025387516
C_DEVELOPPIECES:0.49550618521369744
C_MATERIAL:0.5230226521637037
C_MOVECOUNT:0.4760219308894175
C_PAWNMOVEMENT:0.5000142196998014
