ELO:967
CE_PASSEDPAWNS:0.4673240116164181
CE_PAWNWEAKNESSES:0.48621037179429877
CE_PIECEACTIVITY:0.5184189702547074
CE_KINGPAWNSHIELD:0.5511519572613306
CE_PIECECOORDINATION:0.4561035032682246
CE_MATERIAL:0.46150122617380473
CE_KINGSAFETY:0.4873392931834035
C_PIECESQUARETABLES:0.48171517031802114
C_MOBILITY:0.5152010733836522
C_KINGSAFETY:0.560833309798629
C_PAWNSTRUCTURE:0.4861287847327799
C_PIECECOORDINATION:0.5027978068255898
C_ROOKANDPAWNMOVEMENT:0.5027978068255898
C_CENTERCONTROL:0.4759626296457024
C_DEVELOPPIECES:0.37340261148295106
C_MATERIAL:0.5168008166876193
