ELO:1059
CE_PASSEDPAWNS:0.44092765848662013
CE_PAWNWEAKNESSES:0.4596255166640243
CE_PIECEACTIVITY:0.4194670898577308
CE_KINGPAWNSHIELD:0.5162997968099955
CE_PIECECOORDINATION:0.527099155710313
CE_MATERIAL:0.49765331996744905
CE_KINGSAFETY:0.5
C_PIECESQUARETABLES:0.5073645498603472
C_MOBILITY:0.5812693077273573
C_KINGSAFETY:0.584934031435472
C_PAWNSTRUCTURE:0.5120976995819304
C_PIECECOORDINATION:0.38006353344280114
C_ROOKANDPAWNMOVEMENT:0.38006353344280114
C_CENTERCONTROL:0.5596601257984885
C_DEVELOPPIECES:0.5144593405245805
C_MATERIAL:0.4636909139138894
