ELO:1018
CE_PASSEDPAWNS:0.4932340660945623
CE_PAWNWEAKNESSES:0.5053483548265357
CE_PIECEACTIVITY:0.4869355426576438
CE_KINGPAWNSHIELD:0.48345804756710326
CE_PIECECOORDINATION:0.5335037667055654
CE_MATERIAL:0.4970479559038271
CE_KINGSAFETY:0.5
C_PIECESQUARETABLES:0.5
C_MOBILITY:0.4941184934948356
C_KINGSAFETY:0.5123723694021942
C_PAWNSTRUCTURE:0.5014195538812061
C_PIECECOORDINATION:0.534155015582187
C_ROOK:0.47111450233252583
CE_ROOK:0.5121368117509691
C_CENTERCONTROL:0.47943340078692964
C_DEVELOPPIECES:0.5078495570605331
C_MATERIAL:0.4953117642254708
C_MOVECOUNT:0.4760219308894175
C_PAWNMOVEMENT:0.49482089210243535
