ELO:923
CE_PASSEDPAWNS:0.5386468310606745
CE_PAWNWEAKNESSES:0.5372827788417666
CE_PIECEACTIVITY:0.41960913345078704
CE_KINGPAWNSHIELD:0.45722315719196405
CE_PIECECOORDINATION:0.5179472870089095
CE_MATERIAL:0.3988748157770195
CE_KINGSAFETY:0.5129669599053545
C_PIECESQUARETABLES:0.523974422554179
C_MOBILITY:0.5378142020719833
C_KINGSAFETY:0.5076017068831101
C_PAWNSTRUCTURE:0.4040635135513009
C_PIECECOORDINATION:0.5709431757020484
C_ROOKANDPAWNMOVEMENT:0.5709431757020484
C_CENTERCONTROL:0.49247326819692355
C_DEVELOPPIECES:0.4771159047007699
C_MATERIAL:0.43519666330134293
