ELO:1000
CE_PASSEDPAWNS:0.42018282628955
CE_PAWNWEAKNESSES:0.4538863772828593
CE_PIECEACTIVITY:0.5455982528365224
CE_KINGPAWNSHIELD:0.5188619096693821
CE_PIECECOORDINATION:0.46978491045361775
CE_MATERIAL:0.48361704628642194
CE_KINGSAFETY:0.5093115505013748
C_PIECESQUARETABLES:0.49754474176000024
C_MOBILITY:0.5055809507772467
C_KINGSAFETY:0.5345602070578611
C_PAWNSTRUCTURE:0.5120502691025811
C_PIECECOORDINATION:0.474870205341508
C_ROOKANDPAWNMOVEMENT:0.474870205341508
C_CENTERCONTROL:0.5132865804603536
C_DEVELOPPIECES:0.4107865250265185
C_MATERIAL:0.518137188767949
