ELO:920
CE_PASSEDPAWNS:0.4902473816659661
CE_PAWNWEAKNESSES:0.4612675306524931
CE_PIECEACTIVITY:0.5137861871651209
CE_KINGPAWNSHIELD:0.5764037360819706
CE_PIECECOORDINATION:0.4744664394586147
CE_MATERIAL:0.5842264201936253
CE_KINGSAFETY:0.5552273935077282
C_PIECESQUARETABLES:0.4950664660157941
C_MOBILITY:0.3472827379170966
C_KINGSAFETY:0.4567617442256749
C_PAWNSTRUCTURE:0.5499105473496562
C_PIECECOORDINATION:0.57722135131737
C_ROOKANDPAWNMOVEMENT:0.57722135131737
C_CENTERCONTROL:0.44129822834838695
C_DEVELOPPIECES:0.44566600101525
C_MATERIAL:0.38510013821430505
