ELO:922
CE_PASSEDPAWNS:0.5441917068536505
CE_PAWNWEAKNESSES:0.5235215878796741
CE_PIECEACTIVITY:0.6103531904824997
CE_KINGPAWNSHIELD:0.5093085534865939
CE_PIECECOORDINATION:0.36706508784441194
CE_MATERIAL:0.5616515687037974
CE_KINGSAFETY:0.5
C_PIECESQUARETABLES:0.5
C_MOBILITY:0.3969902713426586
C_KINGSAFETY:0.5916732450284423
C_PAWNSTRUCTURE:0.579744606107291
C_PIECECOORDINATION:0.5704330432933271
C_ROOKANDPAWNMOVEMENT:0.5704330432933271
C_CENTERCONTROL:0.5383247512581993
C_DEVELOPPIECES:0.5201041420029603
C_MATERIAL:0.5974925125525006
