ELO:987
CE_PASSEDPAWNS:0.43753311242045184
CE_PAWNWEAKNESSES:0.42971221691493
CE_PIECEACTIVITY:0.48940281720972373
CE_KINGPAWNSHIELD:0.5416374562875942
CE_PIECECOORDINATION:0.4865477688405655
CE_MATERIAL:0.48924016175668483
CE_KINGSAFETY:0.49129656374157427
C_PIECESQUARETABLES:0.511768972699705
C_MOBILITY:0.5010791293610756
C_KINGSAFETY:0.5529303434095696
C_PAWNSTRUCTURE:0.47149482335425236
C_PIECECOORDINATION:0.48929396530274677
C_ROOKANDPAWNMOVEMENT:0.48929396530274677
C_CENTERCONTROL:0.4628909232666778
C_DEVELOPPIECES:0.40027796456337905
C_MATERIAL:0.5067420378212755
