ELO:1000
CE_PASSEDPAWNS:0.4601018460461131
CE_PAWNWEAKNESSES:0.49889826508996377
CE_PIECEACTIVITY:0.5037667352905717
CE_KINGPAWNSHIELD:0.5291988720941443
CE_PIECECOORDINATION:0.5031196224980756
CE_MATERIAL:0.4459091671555256
CE_KINGSAFETY:0.49224142673322757
C_PIECESQUARETABLES:0.5
C_MOBILITY:0.4952458148528986
C_KINGSAFETY:0.5385110924423312
C_PAWNSTRUCTURE:0.5171973676293548
C_PIECECOORDINATION:0.46386365985225275
C_ROOKANDPAWNMOVEMENT:0.46386365985225275
C_CENTERCONTROL:0.541898261778887
C_DEVELOPPIECES:0.43158028327360737
C_MATERIAL:0.5156989497914217
