ELO:964
CE_PASSEDPAWNS:0.4733665880026359
CE_PAWNWEAKNESSES:0.49970628375711346
CE_PIECEACTIVITY:0.5079020282998487
CE_KINGPAWNSHIELD:0.585368272571054
CE_PIECECOORDINATION:0.47219020591078925
CE_MATERIAL:0.4671834818110524
CE_KINGSAFETY:0.5
C_PIECESQUARETABLES:0.5
C_MOBILITY:0.5245165642108237
C_KINGSAFETY:0.5376677476074737
C_PAWNSTRUCTURE:0.4903641249693965
C_PIECECOORDINATION:0.4930128914200104
C_ROOKANDPAWNMOVEMENT:0.4930128914200104
C_CENTERCONTROL:0.46390918678821175
C_DEVELOPPIECES:0.366124792429827
C_MATERIAL:0.5076290150576483
