ELO:971
CE_PASSEDPAWNS:0.4635242114428855
CE_PAWNWEAKNESSES:0.4987629701009962
CE_PIECEACTIVITY:0.4260802006616167
CE_KINGPAWNSHIELD:0.562564645678124
CE_PIECECOORDINATION:0.4890559356557488
CE_MATERIAL:0.4876232341290969
CE_KINGSAFETY:0.5151339547851002
C_PIECESQUARETABLES:0.4979519874189087
C_MOBILITY:0.5301290132614164
C_KINGSAFETY:0.6099866230956478
C_PAWNSTRUCTURE:0.5023318665894683
C_PIECECOORDINATION:0.48137127409253105
C_ROOKANDPAWNMOVEMENT:0.48137127409253105
C_CENTERCONTROL:0.4721188345504563
C_DEVELOPPIECES:0.3674586268628267
C_MATERIAL:0.5080530722321237
