ELO:1026
CE_PASSEDPAWNS:0.4907198642598301
CE_PAWNWEAKNESSES:0.5
CE_PIECEACTIVITY:0.5
CE_KINGPAWNSHIELD:0.4516255944086121
CE_PIECECOORDINATION:0.5
CE_MATERIAL:0.49464478177997334
CE_KINGSAFETY:0.5
C_PIECESQUARETABLES:0.5
C_MOBILITY:0.5118874223146114
C_KINGSAFETY:0.5143077489730965
C_PAWNSTRUCTURE:0.5124348522456827
C_PIECECOORDINATION:0.5057791723666945
C_ROOKANDPAWNMOVEMENT:0.5057791723666945
C_CENTERCONTROL:0.49104682053963716
C_DEVELOPPIECES:0.5
C_MATERIAL:0.5106534497194404
C_MOVECOUNT:0.5
