ELO:1000
CE_PASSEDPAWNS:0.5273371828343015
CE_PAWNWEAKNESSES:0.5136844883055193
CE_PIECEACTIVITY:0.4878796098772005
CE_KINGPAWNSHIELD:0.48611375712692523
CE_PIECECOORDINATION:0.4894808284063695
CE_MATERIAL:0.49043830404858774
CE_KINGSAFETY:0.48670191800640383
C_PIECESQUARETABLES:0.5086262083500466
C_MOBILITY:0.46959895341854174
C_KINGSAFETY:0.4697585937539733
C_PAWNSTRUCTURE:0.5127177823900557
C_PIECECOORDINATION:0.5193962421180289
C_ROOKANDPAWNMOVEMENT:0.5193962421180289
C_CENTERCONTROL:0.49158712453316294
C_DEVELOPPIECES:0.5132670001907557
C_MATERIAL:0.5430940854171287
