ELO:1103
CE_PASSEDPAWNS:0.442778421640529
CE_PAWNWEAKNESSES:0.5942385255537602
CE_PIECEACTIVITY:0.5623380694942438
CE_KINGPAWNSHIELD:0.4240462237363933
CE_PIECECOORDINATION:0.49946929360935743
CE_MATERIAL:0.46010586954880783
CE_KINGSAFETY:0.5
C_PIECESQUARETABLES:0.5
C_MOBILITY:0.40363737721361176
C_KINGSAFETY:0.5913531677063485
C_PAWNSTRUCTURE:0.4851099000536644
C_PIECECOORDINATION:0.4642426391160609
C_ROOKANDPAWNMOVEMENT:0.4642426391160609
C_CENTERCONTROL:0.5081753358676377
C_DEVELOPPIECES:0.5935253092664989
C_MATERIAL:0.41131207091778055
