ELO:1042
CE_PASSEDPAWNS:0.5
CE_PAWNWEAKNESSES:0.5008540239106584
CE_PIECEACTIVITY:0.49556685037013515
CE_KINGPAWNSHIELD:0.48875468384227955
CE_PIECECOORDINATION:0.5106941039431253
CE_MATERIAL:0.5
CE_KINGSAFETY:0.5
C_PIECESQUARETABLES:0.5
C_MOBILITY:0.49033265079144556
C_KINGSAFETY:0.49228112518646927
C_PAWNSTRUCTURE:0.501311123462431
C_PIECECOORDINATION:0.5102384125149871
C_ROOK:0.5
CE_ROOK:0.5
C_CENTERCONTROL:0.493489817732325
C_DEVELOPPIECES:0.4924542313572364
C_MATERIAL:0.4924564367153651
C_MOVECOUNT:0.5102333506431944
C_PAWNMOVEMENT:0.5
