ELO:1277
CE_PASSEDPAWNS:0.4271339491974158
CE_PAWNWEAKNESSES:0.5915994779852465
CE_PIECEACTIVITY:0.4307745057661677
CE_KINGPAWNSHIELD:0.45195813534504686
CE_PIECECOORDINATION:0.5456174014005164
CE_MATERIAL:0.32713345940320887
CE_KINGSAFETY:0.5
C_PIECESQUARETABLES:0.5
C_MOBILITY:0.4575944242744406
C_KINGSAFETY:0.35557480878985126
C_PAWNSTRUCTURE:0.5565549327089838
C_PIECECOORDINATION:0.5546562877460437
C_ROOKANDPAWNMOVEMENT:0.5546562877460437
C_CENTERCONTROL:0.5298254162019529
C_DEVELOPPIECES:0.40461262886758054
C_MATERIAL:0.5555915312898784
