ELO:843
CE_PASSEDPAWNS:0.47799498858710193
CE_PAWNWEAKNESSES:0.5642694995450606
CE_PIECEACTIVITY:0.5162872371816135
CE_KINGPAWNSHIELD:0.5069391009641719
CE_PIECECOORDINATION:0.4928896183355221
CE_MATERIAL:0.48290082653293614
CE_KINGSAFETY:0.5070180344105999
C_PIECESQUARETABLES:0.5090986730043249
C_MOBILITY:0.46855494544198906
C_KINGSAFETY:0.5260428654618405
C_PAWNSTRUCTURE:0.5169311890637056
C_PIECECOORDINATION:0.4983938400816479
C_ROOKANDPAWNMOVEMENT:0.4983938400816479
C_CENTERCONTROL:0.437502653134919
C_DEVELOPPIECES:0.5065075003703018
C_MATERIAL:0.5071050662480701
C_MOVECOUNT:0.494042244883157
