ELO:1000
CE_PASSEDPAWNS:0.5377133496493136
CE_PAWNWEAKNESSES:0.5132294553908624
CE_PIECEACTIVITY:0.5064943857776935
CE_KINGPAWNSHIELD:0.4502576723085614
CE_PIECECOORDINATION:0.5054456248888103
CE_MATERIAL:0.4658711660762787
CE_KINGSAFETY:0.47645372214708415
C_PIECESQUARETABLES:0.5294262336706996
C_MOBILITY:0.4515001671503819
C_KINGSAFETY:0.4976121090904232
C_PAWNSTRUCTURE:0.5191573294354145
C_PIECECOORDINATION:0.5234669228151488
C_ROOKANDPAWNMOVEMENT:0.5234669228151488
C_CENTERCONTROL:0.4909196800350489
C_DEVELOPPIECES:0.5336929877033696
C_MATERIAL:0.5499265621105333
