ELO:1000
CE_PASSEDPAWNS:0.530918047431118
CE_PAWNWEAKNESSES:0.5024059606744995
CE_PIECEACTIVITY:0.48124447677279836
CE_KINGPAWNSHIELD:0.49675246426021397
CE_PIECECOORDINATION:0.5162476410951189
CE_MATERIAL:0.5005580502728175
CE_KINGSAFETY:0.48369814092256874
C_PIECESQUARETABLES:0.4944179168439532
C_MOBILITY:0.500323809691192
C_KINGSAFETY:0.5110860784915803
C_PAWNSTRUCTURE:0.5143617606618056
C_PIECECOORDINATION:0.5253913973785599
C_ROOKANDPAWNMOVEMENT:0.5253913973785599
C_CENTERCONTROL:0.49209348342509607
C_DEVELOPPIECES:0.5036009369522846
C_MATERIAL:0.5250153689669984
