ELO:970
CE_PASSEDPAWNS:0.6031263775443515
CE_PAWNWEAKNESSES:0.5323641360826875
CE_PIECEACTIVITY:0.5561348221955362
CE_KINGPAWNSHIELD:0.4642747710801131
CE_PIECECOORDINATION:0.5089416187143383
CE_MATERIAL:0.4315481901542527
CE_KINGSAFETY:0.5082772478374776
C_PIECESQUARETABLES:0.5351434401248587
C_MOBILITY:0.4495072631518034
C_KINGSAFETY:0.5542014024223324
C_PAWNSTRUCTURE:0.458266297083685
C_PIECECOORDINATION:0.5527174475290166
C_ROOKANDPAWNMOVEMENT:0.5527174475290166
C_CENTERCONTROL:0.4193407150036764
C_DEVELOPPIECES:0.5920564264778212
C_MATERIAL:0.5931777991728832
