ELO:994
CE_PASSEDPAWNS:0.5120605216784264
CE_PAWNWEAKNESSES:0.505840352067515
CE_PIECEACTIVITY:0.5059175714076833
CE_KINGPAWNSHIELD:0.5020740837651961
CE_PIECECOORDINATION:0.5158435374418487
CE_MATERIAL:0.511642455154173
CE_KINGSAFETY:0.5
C_PIECESQUARETABLES:0.5
C_MOBILITY:0.4986788651172561
C_KINGSAFETY:0.48338656446395917
C_PAWNSTRUCTURE:0.5
C_PIECECOORDINATION:0.4858112760684979
C_ROOKANDPAWNMOVEMENT:0.4858112760684979
C_CENTERCONTROL:0.5116641246541748
C_DEVELOPPIECES:0.49755383360090566
C_MATERIAL:0.5071264490751409
C_MOVECOUNT:0.5
