ELO:898
CE_PASSEDPAWNS:0.6160648335956527
CE_PAWNWEAKNESSES:0.4615146915304363
CE_PIECEACTIVITY:0.5533507186984405
CE_KINGPAWNSHIELD:0.439228012820778
CE_PIECECOORDINATION:0.4798409618091903
CE_MATERIAL:0.4202751872944026
CE_KINGSAFETY:0.5343337124404759
C_PIECESQUARETABLES:0.5313229022881063
C_MOBILITY:0.40133110703670044
C_KINGSAFETY:0.49573118369104463
C_PAWNSTRUCTURE:0.39849529717647075
C_PIECECOORDINATION:0.5275978873301963
C_ROOKANDPAWNMOVEMENT:0.5275978873301963
C_CENTERCONTROL:0.41470593321144733
C_DEVELOPPIECES:0.5900914090977054
C_MATERIAL:0.6798648152599817
