ELO:990
CE_PASSEDPAWNS:0.537483179823232
CE_PAWNWEAKNESSES:0.5422272399397456
CE_PIECEACTIVITY:0.38217884397559626
CE_KINGPAWNSHIELD:0.5031155308335427
CE_PIECECOORDINATION:0.5492794075221535
CE_MATERIAL:0.36396670288272454
CE_KINGSAFETY:0.4587108708825171
C_PIECESQUARETABLES:0.48495135316033494
C_MOBILITY:0.5258600867723995
C_KINGSAFETY:0.4413300134024313
C_PAWNSTRUCTURE:0.4504151994167487
C_PIECECOORDINATION:0.4906374907656543
C_ROOKANDPAWNMOVEMENT:0.4906374907656543
C_CENTERCONTROL:0.50587676241103
C_DEVELOPPIECES:0.5041909526946327
C_MATERIAL:0.4738545502495211
