ELO:938
CE_PASSEDPAWNS:0.4999561673008776
CE_PAWNWEAKNESSES:0.4826698231084847
CE_PIECEACTIVITY:0.5060139747268355
CE_KINGPAWNSHIELD:0.5178270504644547
CE_PIECECOORDINATION:0.5
CE_MATERIAL:0.5735219801616478
CE_KINGSAFETY:0.5288765673274584
C_PIECESQUARETABLES:0.49586964950326046
C_MOBILITY:0.4803240154308679
C_KINGSAFETY:0.5
C_PAWNSTRUCTURE:0.5
C_PIECECOORDINATION:0.5425162599525838
C_ROOKANDPAWNMOVEMENT:0.5425162599525838
C_CENTERCONTROL:0.5205094464340729
C_DEVELOPPIECES:0.5143405471837763
C_MATERIAL:0.5092959005522141
C_MOVECOUNT:0.5
