ELO:1169
CE_PASSEDPAWNS:0.41828257884316317
CE_PAWNWEAKNESSES:0.5871784973734809
CE_PIECEACTIVITY:0.4609596897229517
CE_KINGPAWNSHIELD:0.447551487168391
CE_PIECECOORDINATION:0.530960841418149
CE_MATERIAL:0.35699070302895597
CE_KINGSAFETY:0.5
C_PIECESQUARETABLES:0.5
C_MOBILITY:0.36890367320791084
C_KINGSAFETY:0.4094044933739038
C_PAWNSTRUCTURE:0.6086893908681681
C_PIECECOORDINATION:0.6006842502071948
C_ROOKANDPAWNMOVEMENT:0.6006842502071948
C_CENTERCONTROL:0.5215481662067727
C_DEVELOPPIECES:0.4824137655574824
C_MATERIAL:0.5762078369205991
