ELO:1016
CE_PASSEDPAWNS:0.46450794400480433
CE_PAWNWEAKNESSES:0.4846923981430401
CE_PIECEACTIVITY:0.5
CE_KINGPAWNSHIELD:0.5
CE_PIECECOORDINATION:0.5
CE_MATERIAL:0.49463864926729806
CE_KINGSAFETY:0.4849026373581613
C_PIECESQUARETABLES:0.5009937768709811
C_MOBILITY:0.5035823562024039
C_KINGSAFETY:0.5
C_PAWNSTRUCTURE:0.5302493243369072
C_PIECECOORDINATION:0.46464098905586204
C_ROOKANDPAWNMOVEMENT:0.46464098905586204
C_CENTERCONTROL:0.5058524931605428
C_DEVELOPPIECES:0.5325878482277272
C_MATERIAL:0.4885362276063162
C_MOVECOUNT:0.5
