ELO:950
CE_PASSEDPAWNS:0.4937461138822104
CE_PAWNWEAKNESSES:0.5034155091950898
CE_PIECEACTIVITY:0.5357796457874453
CE_KINGPAWNSHIELD:0.5323413456632892
CE_PIECECOORDINATION:0.5024474996913714
CE_MATERIAL:0.5444607423864399
CE_KINGSAFETY:0.4892249959032359
C_PIECESQUARETABLES:0.5214519817775828
C_MOBILITY:0.4684575533188639
C_KINGSAFETY:0.4898407686953163
C_PAWNSTRUCTURE:0.4968953476676945
C_PIECECOORDINATION:0.5280475329410956
C_ROOKANDPAWNMOVEMENT:0.5280475329410956
C_CENTERCONTROL:0.4856304446257427
C_DEVELOPPIECES:0.4809972946757804
C_MATERIAL:0.486208332324373
