ELO:1033
CE_PASSEDPAWNS:0.5165401952833226
CE_PAWNWEAKNESSES:0.523754187620675
CE_PIECEACTIVITY:0.49694185090368365
CE_KINGPAWNSHIELD:0.5276958360318214
CE_PIECECOORDINATION:0.5265756069405853
CE_MATERIAL:0.504960834156813
CE_KINGSAFETY:0.5
C_PIECESQUARETABLES:0.5
C_MOBILITY:0.5209840840061878
C_KINGSAFETY:0.49633639915486416
C_PAWNSTRUCTURE:0.5
C_PIECECOORDINATION:0.5343194762006991
C_ROOK:0.49374555651293894
CE_ROOK:0.4823086312696092
C_CENTERCONTROL:0.49174161712371234
C_DEVELOPPIECES:0.4953098223785365
C_MATERIAL:0.4995791646442188
C_MOVECOUNT:0.46836544109434486
C_PAWNMOVEMENT:0.5452603646238082
