ELO:1300
CE_PASSEDPAWNS:0.481118345749185
CE_PAWNWEAKNESSES:0.583283116983054
CE_PIECEACTIVITY:0.48689553418442844
CE_KINGPAWNSHIELD:0.4865580759825473
CE_PIECECOORDINATION:0.5092207831411224
CE_MATERIAL:0.3908815185222439
CE_KINGSAFETY:0.5021079179242988
C_PIECESQUARETABLES:0.5
C_MOBILITY:0.4484829458483874
C_KINGSAFETY:0.4022034022257092
C_PAWNSTRUCTURE:0.5962015841134619
C_PIECECOORDINATION:0.5455340371686095
C_ROOKANDPAWNMOVEMENT:0.5455340371686095
C_CENTERCONTROL:0.5116883979653233
C_DEVELOPPIECES:0.4465479027097947
C_MATERIAL:0.5906627999901217
