ELO:1037
CE_PASSEDPAWNS:0.4837053003267551
CE_PAWNWEAKNESSES:0.503933769595215
CE_PIECEACTIVITY:0.5313075154750717
CE_KINGPAWNSHIELD:0.5091062708330787
CE_PIECECOORDINATION:0.545778122978973
CE_MATERIAL:0.4775750740388604
CE_KINGSAFETY:0.5
C_PIECESQUARETABLES:0.5
C_MOBILITY:0.5027895105486977
C_KINGSAFETY:0.48760421906319956
C_PAWNSTRUCTURE:0.5071276584343896
C_PIECECOORDINATION:0.5015397872293177
C_ROOK:0.5003972453986638
CE_ROOK:0.5
C_CENTERCONTROL:0.5047226692606631
C_DEVELOPPIECES:0.5022918890320295
C_MATERIAL:0.49649630162887737
C_MOVECOUNT:0.4843572589500642
C_PAWNMOVEMENT:0.5167834503781904
