ELO:853
CE_PASSEDPAWNS:0.4616461691789872
CE_PAWNWEAKNESSES:0.4767057997869004
CE_PIECEACTIVITY:0.5052419575120889
CE_KINGPAWNSHIELD:0.5424059075015848
CE_PIECECOORDINATION:0.5010728824754859
CE_MATERIAL:0.6156007321542322
CE_KINGSAFETY:0.48143304158208955
C_PIECESQUARETABLES:0.5087320371180327
C_MOBILITY:0.4833401589493537
C_KINGSAFETY:0.5259410582540327
C_PAWNSTRUCTURE:0.46610319911934106
C_PIECECOORDINATION:0.38894048569609324
C_ROOKANDPAWNMOVEMENT:0.38894048569609324
C_CENTERCONTROL:0.4131586529159729
C_DEVELOPPIECES:0.4889622061970884
C_MATERIAL:0.5227503717276369
C_MOVECOUNT:0.5
