ELO:1091
CE_PASSEDPAWNS:0.405484255145064
CE_PAWNWEAKNESSES:0.5397273002349429
CE_PIECEACTIVITY:0.5129139171742804
CE_KINGPAWNSHIELD:0.3843516499831841
CE_PIECECOORDINATION:0.4935061755213754
CE_MATERIAL:0.35699070302895597
CE_KINGSAFETY:0.5
C_PIECESQUARETABLES:0.5
C_MOBILITY:0.5815278059008262
C_KINGSAFETY:0.39915668343505367
C_PAWNSTRUCTURE:0.6086893908681681
C_PIECECOORDINATION:0.5960146041974088
C_ROOKANDPAWNMOVEMENT:0.5960146041974088
C_CENTERCONTROL:0.5130123892522163
C_DEVELOPPIECES:0.4558360349969171
C_MATERIAL:0.6466627684671102
