ELO:804
CE_PASSEDPAWNS:0.48079044330726134
CE_PAWNWEAKNESSES:0.4988885786871668
CE_PIECEACTIVITY:0.33437289240257284
CE_KINGPAWNSHIELD:0.4885384717910178
CE_PIECECOORDINATION:0.6187517033127906
CE_MATERIAL:0.4075663188610507
CE_KINGSAFETY:0.5239435731464677
C_PIECESQUARETABLES:0.43719150755301767
C_MOBILITY:0.5329754046384828
C_KINGSAFETY:0.4570515046185385
C_PAWNSTRUCTURE:0.44338590160864305
C_PIECECOORDINATION:0.5043575806418967
C_ROOKANDPAWNMOVEMENT:0.5043575806418967
C_CENTERCONTROL:0.46193215215084893
C_DEVELOPPIECES:0.5041613387377474
C_MATERIAL:0.43744412847411557
