ELO:1052
CE_PASSEDPAWNS:0.4837053003267551
CE_PAWNWEAKNESSES:0.5021945557893446
CE_PIECEACTIVITY:0.525892534061345
CE_KINGPAWNSHIELD:0.49655218645489724
CE_PIECECOORDINATION:0.4815350651019839
CE_MATERIAL:0.5163929973762303
CE_KINGSAFETY:0.5
C_PIECESQUARETABLES:0.5
C_MOBILITY:0.48552213159070967
C_KINGSAFETY:0.5084518352635756
C_PAWNSTRUCTURE:0.5173756872893983
C_PIECECOORDINATION:0.5138827603328362
C_ROOK:0.49542490709654047
CE_ROOK:0.49339661021007886
C_CENTERCONTROL:0.5
C_DEVELOPPIECES:0.48666823431634565
C_MATERIAL:0.5066462544311117
C_MOVECOUNT:0.50531080806715
C_PAWNMOVEMENT:0.49798471160255875
