ELO:894
CE_PASSEDPAWNS:0.4710451918103175
CE_PAWNWEAKNESSES:0.5916147187162111
CE_PIECEACTIVITY:0.5100530536568183
CE_KINGPAWNSHIELD:0.523784272381152
CE_PIECECOORDINATION:0.4694263403420895
CE_MATERIAL:0.5959455398843512
CE_KINGSAFETY:0.5001799314168722
C_PIECESQUARETABLES:0.4419721171772076
C_MOBILITY:0.46259208326173673
C_KINGSAFETY:0.47501861092743297
C_PAWNSTRUCTURE:0.5039530656582005
C_PIECECOORDINATION:0.47166811149479587
C_ROOKANDPAWNMOVEMENT:0.47166811149479587
C_CENTERCONTROL:0.5664282128054154
C_DEVELOPPIECES:0.4873635399849774
C_MATERIAL:0.4501728004031973
C_MOVECOUNT:0.5
