ELO:951
CE_PASSEDPAWNS:0.473282339500386
CE_PAWNWEAKNESSES:0.5207686500952616
CE_PIECEACTIVITY:0.4898000910515921
CE_KINGPAWNSHIELD:0.48617720737372894
CE_PIECECOORDINATION:0.527726076867723
CE_MATERIAL:0.5265693509220268
CE_KINGSAFETY:0.48030439434428335
C_PIECESQUARETABLES:0.5095263658429996
C_MOBILITY:0.5353150555336784
C_KINGSAFETY:0.47245472092426916
C_PAWNSTRUCTURE:0.4881049961531858
C_PIECECOORDINATION:0.4758190425613314
C_ROOK:0.49397650376010854
CE_ROOK:0.5486696379407999
C_CENTERCONTROL:0.5158064268411129
C_DEVELOPPIECES:0.543911819541379
C_MATERIAL:0.5085923235615931
C_MOVECOUNT:0.5222519111746312
C_PAWNMOVEMENT:0.5019097534827209
