ELO:986
CE_PASSEDPAWNS:0.542699417923579
CE_PAWNWEAKNESSES:0.5564929871839117
CE_PIECEACTIVITY:0.37848255422098115
CE_KINGPAWNSHIELD:0.5246095899574422
CE_PIECECOORDINATION:0.5844158047502678
CE_MATERIAL:0.3625079094335772
CE_KINGSAFETY:0.5
C_PIECESQUARETABLES:0.5182055056940317
C_MOBILITY:0.5189890221424616
C_KINGSAFETY:0.43020885664320074
C_PAWNSTRUCTURE:0.4340440554411635
C_PIECECOORDINATION:0.4966913185609977
C_ROOKANDPAWNMOVEMENT:0.4966913185609977
C_CENTERCONTROL:0.5253807321431941
C_DEVELOPPIECES:0.5102910597015655
C_MATERIAL:0.4491835326023756
