ELO:946
CE_PASSEDPAWNS:0.4944031329752556
CE_PAWNWEAKNESSES:0.4763609999406553
CE_PIECEACTIVITY:0.5271993298380754
CE_KINGPAWNSHIELD:0.5294392125616
CE_PIECECOORDINATION:0.5176389549929598
CE_MATERIAL:0.5433191065497059
CE_KINGSAFETY:0.49067626601590447
C_PIECESQUARETABLES:0.5123790588170584
C_MOBILITY:0.47137584890812123
C_KINGSAFETY:0.4898407686953163
C_PAWNSTRUCTURE:0.5011022339807536
C_PIECECOORDINATION:0.5261330359712696
C_ROOKANDPAWNMOVEMENT:0.5261330359712696
C_CENTERCONTROL:0.4891364500101996
C_DEVELOPPIECES:0.4794963528284366
C_MATERIAL:0.49123578267974555
