ELO:898
CE_PASSEDPAWNS:0.603807993227028
CE_PAWNWEAKNESSES:0.4399169138108806
CE_PIECEACTIVITY:0.5726687094380134
CE_KINGPAWNSHIELD:0.4502582393829772
CE_PIECECOORDINATION:0.48023441644113346
CE_MATERIAL:0.37909954581396055
CE_KINGSAFETY:0.5439229497921675
C_PIECESQUARETABLES:0.5194614482419296
C_MOBILITY:0.41299554664833865
C_KINGSAFETY:0.48734629248919814
C_PAWNSTRUCTURE:0.38987714299326565
C_PIECECOORDINATION:0.5334583720629398
C_ROOKANDPAWNMOVEMENT:0.5334583720629398
C_CENTERCONTROL:0.4196976915721543
C_DEVELOPPIECES:0.5992769973403527
C_MATERIAL:0.6616390081002275
