ELO:918
CE_PASSEDPAWNS:0.5307129025771422
CE_PAWNWEAKNESSES:0.5175633571514549
CE_PIECEACTIVITY:0.36814387887958727
CE_KINGPAWNSHIELD:0.5109328111556437
CE_PIECECOORDINATION:0.6406886315946
CE_MATERIAL:0.32989225959468005
CE_KINGSAFETY:0.5055633240214523
C_PIECESQUARETABLES:0.510962619274876
C_MOBILITY:0.4999471991994824
C_KINGSAFETY:0.4092908402913505
C_PAWNSTRUCTURE:0.413039032142188
C_PIECECOORDINATION:0.5412604387431784
C_ROOKANDPAWNMOVEMENT:0.5412604387431784
C_CENTERCONTROL:0.486917756920508
C_DEVELOPPIECES:0.5234507287505963
C_MATERIAL:0.45225689561095594
