ELO:1174
CE_PASSEDPAWNS:0.4474037474468635
CE_PAWNWEAKNESSES:0.584990721280486
CE_PIECEACTIVITY:0.4732284142303066
CE_KINGPAWNSHIELD:0.4865580759825473
CE_PIECECOORDINATION:0.432773578882153
CE_MATERIAL:0.46034455944051356
CE_KINGSAFETY:0.5
C_PIECESQUARETABLES:0.504791679413136
C_MOBILITY:0.371846976219263
C_KINGSAFETY:0.45364862863117617
C_PAWNSTRUCTURE:0.5464113356795772
C_PIECECOORDINATION:0.46211884819497673
C_ROOKANDPAWNMOVEMENT:0.46211884819497673
C_CENTERCONTROL:0.5310609292704748
C_DEVELOPPIECES:0.4545611752176936
C_MATERIAL:0.6238663791385392
