ELO:1152
CE_PASSEDPAWNS:0.43286526413434806
CE_PAWNWEAKNESSES:0.5956871393539003
CE_PIECEACTIVITY:0.4346489838604221
CE_KINGPAWNSHIELD:0.4018912664076091
CE_PIECECOORDINATION:0.5228665876218258
CE_MATERIAL:0.35699070302895597
CE_KINGSAFETY:0.5
C_PIECESQUARETABLES:0.5
C_MOBILITY:0.4410223019042261
C_KINGSAFETY:0.3948765310991503
C_PAWNSTRUCTURE:0.6059616060781821
C_PIECECOORDINATION:0.617331207451572
C_ROOKANDPAWNMOVEMENT:0.617331207451572
C_CENTERCONTROL:0.46964910462107323
C_DEVELOPPIECES:0.40461262886758054
C_MATERIAL:0.613901447139935
