ELO:1045
CE_PASSEDPAWNS:0.4984997249495993
CE_PAWNWEAKNESSES:0.5089050830315284
CE_PIECEACTIVITY:0.49556685037013515
CE_KINGPAWNSHIELD:0.4863375406543566
CE_PIECECOORDINATION:0.5067730976131555
CE_MATERIAL:0.49873528204923373
CE_KINGSAFETY:0.5
C_PIECESQUARETABLES:0.5
C_MOBILITY:0.4882012949921861
C_KINGSAFETY:0.49300306790806625
C_PAWNSTRUCTURE:0.5
C_PIECECOORDINATION:0.5330439623367109
C_ROOK:0.5119277527766181
CE_ROOK:0.5121368117509691
C_CENTERCONTROL:0.5051137245676748
C_DEVELOPPIECES:0.4961452687840419
C_MATERIAL:0.4919401372919477
C_MOVECOUNT:0.4722447649162971
C_PAWNMOVEMENT:0.49912436464649584
