ELO:1003
CE_PASSEDPAWNS:0.5165401952833226
CE_PAWNWEAKNESSES:0.5081533900562797
CE_PIECEACTIVITY:0.49694185090368365
CE_KINGPAWNSHIELD:0.4662986907521495
CE_PIECECOORDINATION:0.4656155595690857
CE_MATERIAL:0.49833302690317116
CE_KINGSAFETY:0.5
C_PIECESQUARETABLES:0.5
C_MOBILITY:0.5136440417553039
C_KINGSAFETY:0.49633639915486416
C_PAWNSTRUCTURE:0.48144421506551865
C_PIECECOORDINATION:0.5403332584563588
C_ROOK:0.47911671830964603
CE_ROOK:0.4821303139038926
C_CENTERCONTROL:0.5407764769159645
C_DEVELOPPIECES:0.4994361975862497
C_MATERIAL:0.5220246160394035
C_MOVECOUNT:0.4551431673987417
C_PAWNMOVEMENT:0.48565174688781987
