ELO:1022
CE_PASSEDPAWNS:0.5094135357455077
CE_PAWNWEAKNESSES:0.4892277773639692
CE_PIECEACTIVITY:0.504775584921255
CE_KINGPAWNSHIELD:0.5009044211171819
CE_PIECECOORDINATION:0.5144196918808982
CE_MATERIAL:0.49608796743247224
CE_KINGSAFETY:0.5008072639828304
C_PIECESQUARETABLES:0.5009775432722999
C_MOBILITY:0.5
C_KINGSAFETY:0.501103301942584
C_PAWNSTRUCTURE:0.4985932247109539
C_PIECECOORDINATION:0.4931910844326314
C_ROOKANDPAWNMOVEMENT:0.4931910844326314
C_CENTERCONTROL:0.5
C_DEVELOPPIECES:0.5057429985901432
C_MATERIAL:0.4973518933597147
C_MOVECOUNT:0.5
