ELO:1039
CE_PASSEDPAWNS:0.5023863293714984
CE_PAWNWEAKNESSES:0.5089050830315284
CE_PIECEACTIVITY:0.49556685037013515
CE_KINGPAWNSHIELD:0.4863375406543566
CE_PIECECOORDINATION:0.515551903436208
CE_MATERIAL:0.49873528204923373
CE_KINGSAFETY:0.504746453003569
C_PIECESQUARETABLES:0.4872540994335202
C_MOBILITY:0.49033265079144556
C_KINGSAFETY:0.49228112518646927
C_PAWNSTRUCTURE:0.4931546804004084
C_PIECECOORDINATION:0.5105061402536476
C_ROOK:0.5119277527766181
CE_ROOK:0.5
C_CENTERCONTROL:0.5039048454225293
C_DEVELOPPIECES:0.49379823409339246
C_MATERIAL:0.47370363161998413
C_MOVECOUNT:0.5083426054011211
C_PAWNMOVEMENT:0.5
