ELO:1334
CE_PASSEDPAWNS:0.4382366343002822
CE_PAWNWEAKNESSES:0.5918317009246495
CE_PIECEACTIVITY:0.44409255989768454
CE_KINGPAWNSHIELD:0.4865580759825473
CE_PIECECOORDINATION:0.48842297688269365
CE_MATERIAL:0.33311751076176793
CE_KINGSAFETY:0.5004319390504014
C_PIECESQUARETABLES:0.5041413682322359
C_MOBILITY:0.4299452440206321
C_KINGSAFETY:0.39616988361601696
C_PAWNSTRUCTURE:0.6348513563724212
C_PIECECOORDINATION:0.5450051674444382
C_ROOKANDPAWNMOVEMENT:0.5450051674444382
C_CENTERCONTROL:0.49493993226471394
C_DEVELOPPIECES:0.4465479027097947
C_MATERIAL:0.6000356716888167
