ELO:1032
CE_PASSEDPAWNS:0.5
CE_PAWNWEAKNESSES:0.5058691404005063
CE_PIECEACTIVITY:0.5
CE_KINGPAWNSHIELD:0.5
CE_PIECECOORDINATION:0.5084812773586571
CE_MATERIAL:0.4826208425218473
CE_KINGSAFETY:0.5089981160136037
C_PIECESQUARETABLES:0.5273223199954847
C_MOBILITY:0.5090212908411739
C_KINGSAFETY:0.5
C_PAWNSTRUCTURE:0.5069199093975181
C_PIECECOORDINATION:0.5039594863264492
C_ROOKANDPAWNMOVEMENT:0.5039594863264492
C_CENTERCONTROL:0.5
C_DEVELOPPIECES:0.4900831658533814
C_MATERIAL:0.5072721074207905
C_MOVECOUNT:0.5
