ELO:1034
CE_PASSEDPAWNS:0.486346085631379
CE_PAWNWEAKNESSES:0.5008540239106584
CE_PIECEACTIVITY:0.5
CE_KINGPAWNSHIELD:0.48974190840497694
CE_PIECECOORDINATION:0.5106941039431253
CE_MATERIAL:0.5022511018694458
CE_KINGSAFETY:0.5
C_PIECESQUARETABLES:0.5
C_MOBILITY:0.5
C_KINGSAFETY:0.4896636760931384
C_PAWNSTRUCTURE:0.4915054920240861
C_PIECECOORDINATION:0.5102384125149871
C_ROOK:0.48110879912403953
CE_ROOK:0.503614211209282
C_CENTERCONTROL:0.493489817732325
C_DEVELOPPIECES:0.4924542313572364
C_MATERIAL:0.5
C_MOVECOUNT:0.5040832496513623
C_PAWNMOVEMENT:0.5
