ELO:1045
CE_PASSEDPAWNS:0.49709284940223286
CE_PAWNWEAKNESSES:0.5201033280014875
CE_PIECEACTIVITY:0.5
CE_KINGPAWNSHIELD:0.5021902283136767
CE_PIECECOORDINATION:0.5
CE_MATERIAL:0.46275865749933687
CE_KINGSAFETY:0.5
C_PIECESQUARETABLES:0.5
C_MOBILITY:0.5
C_KINGSAFETY:0.48826985307553
C_PAWNSTRUCTURE:0.5080209608016621
C_PIECECOORDINATION:0.5192475074753288
C_ROOK:0.523495605081365
CE_ROOK:0.5115540037442572
C_CENTERCONTROL:0.4937708833116085
C_DEVELOPPIECES:0.5078495570605331
C_MATERIAL:0.5
C_MOVECOUNT:0.490821413871107
C_PAWNMOVEMENT:0.4590675100239037
