ELO:992
CE_PASSEDPAWNS:0.49933025310625617
CE_PAWNWEAKNESSES:0.5009693496618829
CE_PIECEACTIVITY:0.4902928787765995
CE_KINGPAWNSHIELD:0.5122409699040863
CE_PIECECOORDINATION:0.4991968848615025
CE_MATERIAL:0.4943955686165634
CE_KINGSAFETY:0.5078601364441142
C_PIECESQUARETABLES:0.513581545329895
C_MOBILITY:0.5035823562024039
C_KINGSAFETY:0.5
C_PAWNSTRUCTURE:0.4948706785908793
C_PIECECOORDINATION:0.5090775298454464
C_ROOKANDPAWNMOVEMENT:0.5090775298454464
C_CENTERCONTROL:0.48981605719260385
C_DEVELOPPIECES:0.5039244006169113
C_MATERIAL:0.4885362276063162
C_MOVECOUNT:0.5
