ELO:988
CE_PASSEDPAWNS:0.4901110852111802
CE_PAWNWEAKNESSES:0.5005886082432123
CE_PIECEACTIVITY:0.4959157592090368
CE_KINGPAWNSHIELD:0.5079396589464082
CE_PIECECOORDINATION:0.4780344925679474
CE_MATERIAL:0.5050148207207331
CE_KINGSAFETY:0.47722550043663065
C_PIECESQUARETABLES:0.518516640806212
C_MOBILITY:0.5112797101673417
C_KINGSAFETY:0.5022215981437816
C_PAWNSTRUCTURE:0.48620033935174073
C_PIECECOORDINATION:0.5077149532853239
C_ROOK:0.5096694973267546
CE_ROOK:0.5185217098746847
C_CENTERCONTROL:0.5
C_DEVELOPPIECES:0.5112521534236009
C_MATERIAL:0.49880662637689194
C_MOVECOUNT:0.5052926350527311
C_PAWNMOVEMENT:0.4916406380105966
