ELO:981
CE_PASSEDPAWNS:0.5339163246693733
CE_PAWNWEAKNESSES:0.5422272399397456
CE_PIECEACTIVITY:0.3797735777736687
CE_KINGPAWNSHIELD:0.5141748967850842
CE_PIECECOORDINATION:0.5602406762908235
CE_MATERIAL:0.36883756031143045
CE_KINGSAFETY:0.4541302400871845
C_PIECESQUARETABLES:0.4879041642499912
C_MOBILITY:0.530909901349067
C_KINGSAFETY:0.432320550214056
C_PAWNSTRUCTURE:0.4385536694287412
C_PIECECOORDINATION:0.4917497608761369
C_ROOKANDPAWNMOVEMENT:0.4917497608761369
C_CENTERCONTROL:0.5132571260621732
C_DEVELOPPIECES:0.49456714566025584
C_MATERIAL:0.453842707873033
