ELO:981
CE_PASSEDPAWNS:0.5268311230461851
CE_PAWNWEAKNESSES:0.5404697989373966
CE_PIECEACTIVITY:0.351904849291973
CE_KINGPAWNSHIELD:0.5208415637055962
CE_PIECECOORDINATION:0.6054459540529313
CE_MATERIAL:0.3348420681677256
CE_KINGSAFETY:0.4887929452674455
C_PIECESQUARETABLES:0.5
C_MOBILITY:0.5097077393695219
C_KINGSAFETY:0.421751581194154
C_PAWNSTRUCTURE:0.41978106097728013
C_PIECECOORDINATION:0.5184013226357591
C_ROOKANDPAWNMOVEMENT:0.5184013226357591
C_CENTERCONTROL:0.4913783048904168
C_DEVELOPPIECES:0.5236576094266425
C_MATERIAL:0.43974056943209067
