ELO:998
CE_PASSEDPAWNS:0.5067065928249358
CE_PAWNWEAKNESSES:0.49266386044737176
CE_PIECEACTIVITY:0.5116564741555317
CE_KINGPAWNSHIELD:0.499563606955465
CE_PIECECOORDINATION:0.5
CE_MATERIAL:0.4934669129523613
CE_KINGSAFETY:0.48794242210254535
C_PIECESQUARETABLES:0.5
C_MOBILITY:0.5
C_KINGSAFETY:0.5
C_PAWNSTRUCTURE:0.5005691598084547
C_PIECECOORDINATION:0.46766292001113247
C_ROOKANDPAWNMOVEMENT:0.46766292001113247
C_CENTERCONTROL:0.4925800260676376
C_DEVELOPPIECES:0.5
C_MATERIAL:0.48289425943929704
C_MOVECOUNT:0.5
