ELO:965
CE_PASSEDPAWNS:0.5140396059312629
CE_PAWNWEAKNESSES:0.4978699101842646
CE_PIECEACTIVITY:0.500959536166376
CE_KINGPAWNSHIELD:0.42996531492872475
CE_PIECECOORDINATION:0.4968127785932259
CE_MATERIAL:0.5720568219289626
CE_KINGSAFETY:0.47951145345787
C_PIECESQUARETABLES:0.4688859315530146
C_MOBILITY:0.5051626154467438
C_KINGSAFETY:0.4040885357670042
C_PAWNSTRUCTURE:0.5277154599291349
C_PIECECOORDINATION:0.41784392164903594
C_ROOKANDPAWNMOVEMENT:0.41784392164903594
C_CENTERCONTROL:0.43333216066202435
C_DEVELOPPIECES:0.5020191051728197
C_MATERIAL:0.4871607617413159
C_MOVECOUNT:0.5802729286496595
