ELO:883
CE_PASSEDPAWNS:0.522100444543005
CE_PAWNWEAKNESSES:0.5016462616099888
CE_PIECEACTIVITY:0.3401509259382268
CE_KINGPAWNSHIELD:0.5397466673518373
CE_PIECECOORDINATION:0.6206800129183156
CE_MATERIAL:0.36203870129755283
CE_KINGSAFETY:0.5045831698392128
C_PIECESQUARETABLES:0.4841834950613315
C_MOBILITY:0.49800193639828744
C_KINGSAFETY:0.43675683156844897
C_PAWNSTRUCTURE:0.45856027676879296
C_PIECECOORDINATION:0.5381204649042535
C_ROOKANDPAWNMOVEMENT:0.5381204649042535
C_CENTERCONTROL:0.4507148470318996
C_DEVELOPPIECES:0.5376657665745002
C_MATERIAL:0.4540874478868394
