ELO:917
CE_PASSEDPAWNS:0.4955727065483329
CE_PAWNWEAKNESSES:0.5666988370080576
CE_PIECEACTIVITY:0.5131362786979584
CE_KINGPAWNSHIELD:0.5771515187299586
CE_PIECECOORDINATION:0.48682204323900363
CE_MATERIAL:0.510224643342045
CE_KINGSAFETY:0.5293735750492243
C_PIECESQUARETABLES:0.5496020378248987
C_MOBILITY:0.52576142825476
C_KINGSAFETY:0.5682376611789222
C_PAWNSTRUCTURE:0.4926107076648195
C_PIECECOORDINATION:0.4854150702413752
C_ROOKANDPAWNMOVEMENT:0.4854150702413752
C_CENTERCONTROL:0.4726032781503338
C_DEVELOPPIECES:0.47069943429022976
C_MATERIAL:0.555676903609792
C_MOVECOUNT:0.5019991286285796
