ELO:973
CE_PASSEDPAWNS:0.6215212917149933
CE_PAWNWEAKNESSES:0.5262139169873056
CE_PIECEACTIVITY:0.5540478784851625
CE_KINGPAWNSHIELD:0.4642747710801131
CE_PIECECOORDINATION:0.47847996832473005
CE_MATERIAL:0.42679886057007377
CE_KINGSAFETY:0.5068255625001431
C_PIECESQUARETABLES:0.5241817300180102
C_MOBILITY:0.4567838026139611
C_KINGSAFETY:0.5469773679956468
C_PAWNSTRUCTURE:0.45737634205070365
C_PIECECOORDINATION:0.5620731114201941
C_ROOKANDPAWNMOVEMENT:0.5620731114201941
C_CENTERCONTROL:0.4005194169022161
C_DEVELOPPIECES:0.5948204928339976
C_MATERIAL:0.5728846638668317
