ELO:1005
CE_PASSEDPAWNS:0.5139828510010208
CE_PAWNWEAKNESSES:0.5026945124566994
CE_PIECEACTIVITY:0.5
CE_KINGPAWNSHIELD:0.5079127629748142
CE_PIECECOORDINATION:0.483364954419543
CE_MATERIAL:0.5084815746744571
CE_KINGSAFETY:0.5
C_PIECESQUARETABLES:0.5
C_MOBILITY:0.4878886953064629
C_KINGSAFETY:0.5
C_PAWNSTRUCTURE:0.5087318312804379
C_PIECECOORDINATION:0.4949860906898488
C_ROOKANDPAWNMOVEMENT:0.4949860906898488
C_CENTERCONTROL:0.5103085168520386
C_DEVELOPPIECES:0.5192237936133134
C_MATERIAL:0.4982929516967319
C_MOVECOUNT:0.5
