ELO:1038
CE_PASSEDPAWNS:0.49681004381467697
CE_PAWNWEAKNESSES:0.5134026644538544
CE_PIECEACTIVITY:0.5
CE_KINGPAWNSHIELD:0.5002514042906095
CE_PIECECOORDINATION:0.5106941039431253
CE_MATERIAL:0.4877936927601707
CE_KINGSAFETY:0.5
C_PIECESQUARETABLES:0.5
C_MOBILITY:0.5
C_KINGSAFETY:0.48387421786891405
C_PAWNSTRUCTURE:0.4915054920240861
C_PIECECOORDINATION:0.5228079246997759
C_ROOK:0.5170262871219831
CE_ROOK:0.503614211209282
C_CENTERCONTROL:0.5053794469088625
C_DEVELOPPIECES:0.5
C_MATERIAL:0.5034199520894864
C_MOVECOUNT:0.5
C_PAWNMOVEMENT:0.5049255284258698
