ELO:1041
CE_PASSEDPAWNS:0.49591990162815325
CE_PAWNWEAKNESSES:0.503933769595215
CE_PIECEACTIVITY:0.4883723620634524
CE_KINGPAWNSHIELD:0.48903805567944
CE_PIECECOORDINATION:0.5
CE_MATERIAL:0.5234377286736973
CE_KINGSAFETY:0.5
C_PIECESQUARETABLES:0.5
C_MOBILITY:0.4906554847187669
C_KINGSAFETY:0.5076948921057516
C_PAWNSTRUCTURE:0.5071276584343896
C_PIECECOORDINATION:0.518897196640127
C_ROOK:0.5
CE_ROOK:0.4979724417262677
C_CENTERCONTROL:0.5101910784123721
C_DEVELOPPIECES:0.47944667082985915
C_MATERIAL:0.48856032298767915
C_MOVECOUNT:0.4811508754496449
C_PAWNMOVEMENT:0.4804229145699416
