ELO:990
CE_PASSEDPAWNS:0.5568134469772826
CE_PAWNWEAKNESSES:0.5403665220771319
CE_PIECEACTIVITY:0.5058700423924068
CE_KINGPAWNSHIELD:0.5321386286642948
CE_PIECECOORDINATION:0.5612151008260331
CE_MATERIAL:0.452911982236197
CE_KINGSAFETY:0.4744149357148678
C_PIECESQUARETABLES:0.5129177251432637
C_MOBILITY:0.457286022244877
C_KINGSAFETY:0.5121004515197362
C_PAWNSTRUCTURE:0.4478971798114019
C_PIECECOORDINATION:0.45888307065077505
C_ROOKANDPAWNMOVEMENT:0.45888307065077505
C_CENTERCONTROL:0.4091674404488662
C_DEVELOPPIECES:0.49197908401194684
C_MATERIAL:0.5671434146470645
