ELO:1014
CE_PASSEDPAWNS:0.5089511830834902
CE_PAWNWEAKNESSES:0.5048897272310392
CE_PIECEACTIVITY:0.4792949854638589
CE_KINGPAWNSHIELD:0.5
CE_PIECECOORDINATION:0.5114344105562015
CE_MATERIAL:0.47385227133657887
CE_KINGSAFETY:0.5
C_PIECESQUARETABLES:0.5
C_MOBILITY:0.482347942129719
C_KINGSAFETY:0.525636592926838
C_PAWNSTRUCTURE:0.504798321983119
C_PIECECOORDINATION:0.5182515999081287
C_ROOK:0.47111450233252583
CE_ROOK:0.5085086838710242
C_CENTERCONTROL:0.4914732669025888
C_DEVELOPPIECES:0.5130285951388897
C_MATERIAL:0.5004624984874123
C_MOVECOUNT:0.5160966464623759
C_PAWNMOVEMENT:0.4779707051632558
