ELO:1066
CE_PASSEDPAWNS:0.5347416359393783
CE_PAWNWEAKNESSES:0.5101342833997289
CE_PIECEACTIVITY:0.5
CE_KINGPAWNSHIELD:0.4863375406543566
CE_PIECECOORDINATION:0.518701377001739
CE_MATERIAL:0.5163929973762303
CE_KINGSAFETY:0.5
C_PIECESQUARETABLES:0.5
C_MOBILITY:0.5048071759022635
C_KINGSAFETY:0.48071666629756693
C_PAWNSTRUCTURE:0.5
C_PIECECOORDINATION:0.5120673871422329
C_ROOK:0.4863793706532083
CE_ROOK:0.4823086312696092
C_CENTERCONTROL:0.5002605612675087
C_DEVELOPPIECES:0.5
C_MATERIAL:0.5083641418491158
C_MOVECOUNT:0.4970293967652607
C_PAWNMOVEMENT:0.5
