ELO:967
CE_PASSEDPAWNS:0.5017873810479345
CE_PAWNWEAKNESSES:0.5161820239824214
CE_PIECEACTIVITY:0.5069328741910016
CE_KINGPAWNSHIELD:0.47449862722782016
CE_PIECECOORDINATION:0.4575497479014419
CE_MATERIAL:0.4906430561213827
CE_KINGSAFETY:0.5124517506220242
C_PIECESQUARETABLES:0.48323380727804777
C_MOBILITY:0.5036011337688453
C_KINGSAFETY:0.5
C_PAWNSTRUCTURE:0.48898003915394006
C_PIECECOORDINATION:0.5
C_ROOKANDPAWNMOVEMENT:0.5
C_CENTERCONTROL:0.5017772152241908
C_DEVELOPPIECES:0.4980048405613614
C_MATERIAL:0.5125377656602371
C_MOVECOUNT:0.5
