ELO:937
CE_PASSEDPAWNS:0.5743727716746386
CE_PAWNWEAKNESSES:0.4191659502090536
CE_PIECEACTIVITY:0.5256366997614796
CE_KINGPAWNSHIELD:0.5902949052791515
CE_PIECECOORDINATION:0.505848413170608
CE_MATERIAL:0.4851564914257094
CE_KINGSAFETY:0.5
C_PIECESQUARETABLES:0.5
C_MOBILITY:0.5613633305493748
C_KINGSAFETY:0.49165360990924656
C_PAWNSTRUCTURE:0.4634964674108086
C_PIECECOORDINATION:0.4194247208049616
C_ROOKANDPAWNMOVEMENT:0.4194247208049616
C_CENTERCONTROL:0.47715434924965905
C_DEVELOPPIECES:0.46305938800641555
C_MATERIAL:0.40625830700363785
