ELO:952
CE_PASSEDPAWNS:0.4651127253511021
CE_PAWNWEAKNESSES:0.5032837044708885
CE_PIECEACTIVITY:0.5403589187150891
CE_KINGPAWNSHIELD:0.5122239133716336
CE_PIECECOORDINATION:0.5475587055432359
CE_MATERIAL:0.544492403460252
CE_KINGSAFETY:0.5003931284027592
C_PIECESQUARETABLES:0.5366674814267771
C_MOBILITY:0.4722986666646817
C_KINGSAFETY:0.4828487714185808
C_PAWNSTRUCTURE:0.4502030400189357
C_PIECECOORDINATION:0.4978055148514124
C_ROOKANDPAWNMOVEMENT:0.4978055148514124
C_CENTERCONTROL:0.5028018848650019
C_DEVELOPPIECES:0.495651994710638
C_MATERIAL:0.46034085583497264
C_MOVECOUNT:0.5
