ELO:1000
CE_PASSEDPAWNS:0.5166479535141196
CE_PAWNWEAKNESSES:0.5175211045283401
CE_PIECEACTIVITY:0.4855751350293773
CE_KINGPAWNSHIELD:0.49802495186346957
CE_PIECECOORDINATION:0.531730614081169
CE_MATERIAL:0.5140790309416856
CE_KINGSAFETY:0.47132105111156325
C_PIECESQUARETABLES:0.5279773826427091
C_MOBILITY:0.451884387556266
C_KINGSAFETY:0.5324671926167649
C_PAWNSTRUCTURE:0.5045501588396822
C_PIECECOORDINATION:0.501425841942591
C_ROOKANDPAWNMOVEMENT:0.501425841942591
C_CENTERCONTROL:0.45831395808728337
C_DEVELOPPIECES:0.4739132418926708
C_MATERIAL:0.5468027528819439
