ELO:746
CE_PASSEDPAWNS:0.5552800875318781
CE_PAWNWEAKNESSES:0.44911161545585626
CE_PIECEACTIVITY:0.4647675753254156
CE_KINGPAWNSHIELD:0.46767581110442197
CE_PIECECOORDINATION:0.5256401173972884
CE_MATERIAL:0.4907125869274203
CE_KINGSAFETY:0.529876954562967
C_PIECESQUARETABLES:0.49887528141813947
C_MOBILITY:0.5134692994276979
C_KINGSAFETY:0.447023804234507
C_PAWNSTRUCTURE:0.5301589434696741
C_PIECECOORDINATION:0.49520764548293394
C_ROOKANDPAWNMOVEMENT:0.49520764548293394
C_CENTERCONTROL:0.48550326599760457
C_DEVELOPPIECES:0.5524203312191025
C_MATERIAL:0.4859743284703894
C_MOVECOUNT:0.497348850570302
