ELO:994
CE_PASSEDPAWNS:0.5071623485411726
CE_PAWNWEAKNESSES:0.5252323056826317
CE_PIECEACTIVITY:0.5186725186088694
CE_KINGPAWNSHIELD:0.5036500652198945
CE_PIECECOORDINATION:0.5
CE_MATERIAL:0.5
CE_KINGSAFETY:0.48772036888398884
C_PIECESQUARETABLES:0.5
C_MOBILITY:0.5022401385135138
C_KINGSAFETY:0.49914380618003557
C_PAWNSTRUCTURE:0.5
C_PIECECOORDINATION:0.5173483778902102
C_ROOKANDPAWNMOVEMENT:0.5173483778902102
C_CENTERCONTROL:0.5
C_DEVELOPPIECES:0.5013214866368728
C_MATERIAL:0.5
C_MOVECOUNT:0.5
