ELO:942
CE_PASSEDPAWNS:0.5955865004852506
CE_PAWNWEAKNESSES:0.5566918326749086
CE_PIECEACTIVITY:0.43269501473301736
CE_KINGPAWNSHIELD:0.4640723077158396
CE_PIECECOORDINATION:0.5292496332461534
CE_MATERIAL:0.37714615359871123
CE_KINGSAFETY:0.5015379614284912
C_PIECESQUARETABLES:0.5232353970809324
C_MOBILITY:0.5491590184266482
C_KINGSAFETY:0.5903305248057261
C_PAWNSTRUCTURE:0.5499105473496562
C_PIECECOORDINATION:0.43304279175309607
C_ROOKANDPAWNMOVEMENT:0.43304279175309607
C_CENTERCONTROL:0.5165256806592003
C_DEVELOPPIECES:0.5859958664825258
C_MATERIAL:0.5992517095791154
