ELO:1164
CE_PASSEDPAWNS:0.4767387696532269
CE_PAWNWEAKNESSES:0.46285997315068333
CE_PIECEACTIVITY:0.4810799329852145
CE_KINGPAWNSHIELD:0.48676338818381
CE_PIECECOORDINATION:0.5092295408210925
CE_MATERIAL:0.49123916246838834
CE_KINGSAFETY:0.5220089480516701
C_PIECESQUARETABLES:0.5
C_MOBILITY:0.4951426635128971
C_KINGSAFETY:0.5207976407728859
C_PAWNSTRUCTURE:0.4744152541688166
C_PIECECOORDINATION:0.49111760486514994
C_ROOKANDPAWNMOVEMENT:0.49111760486514994
C_CENTERCONTROL:0.496297540620851
C_DEVELOPPIECES:0.4214834087919563
C_MATERIAL:0.5046786594130738
C_MOVECOUNT:0.4834318748963732
