ELO:987
CE_PASSEDPAWNS:0.48762706696790853
CE_PAWNWEAKNESSES:0.5159899000262808
CE_PIECEACTIVITY:0.5073220430097741
CE_KINGPAWNSHIELD:0.493301193020999
CE_PIECECOORDINATION:0.5074685198835751
CE_MATERIAL:0.4897613227869752
CE_KINGSAFETY:0.5
C_PIECESQUARETABLES:0.5
C_MOBILITY:0.4866892600209436
C_KINGSAFETY:0.4987110736972889
C_PAWNSTRUCTURE:0.5031194796229609
C_PIECECOORDINATION:0.5
C_ROOKANDPAWNMOVEMENT:0.5
C_CENTERCONTROL:0.4930199270645043
C_DEVELOPPIECES:0.5203289218316578
C_MATERIAL:0.4967984459787995
C_MOVECOUNT:0.5
