ELO:966
CE_PASSEDPAWNS:0.5313710703954289
CE_PAWNWEAKNESSES:0.5601003799432152
CE_PIECEACTIVITY:0.5117104124510562
CE_KINGPAWNSHIELD:0.5634584932661363
CE_PIECECOORDINATION:0.5975652702475971
CE_MATERIAL:0.4272209279673904
CE_KINGSAFETY:0.503384373066434
C_PIECESQUARETABLES:0.5209071714183254
C_MOBILITY:0.42666122517783
C_KINGSAFETY:0.5683818737961627
C_PAWNSTRUCTURE:0.4451302000979235
C_PIECECOORDINATION:0.5434555836968151
C_ROOKANDPAWNMOVEMENT:0.5434555836968151
C_CENTERCONTROL:0.40835337314555614
C_DEVELOPPIECES:0.49256200565326236
C_MATERIAL:0.5641054325290003
