ELO:798
CE_PASSEDPAWNS:0.47264619508793676
CE_PAWNWEAKNESSES:0.48413612436919495
CE_PIECEACTIVITY:0.5212760673194753
CE_KINGPAWNSHIELD:0.5828499930089119
CE_PIECECOORDINATION:0.5211882970938302
CE_MATERIAL:0.46007095877011384
CE_KINGSAFETY:0.584347759965894
C_PIECESQUARETABLES:0.48661949061278964
C_MOBILITY:0.4637102276172514
C_KINGSAFETY:0.47609085407630497
C_PAWNSTRUCTURE:0.5046474133999433
C_PIECECOORDINATION:0.5074074459497927
C_ROOKANDPAWNMOVEMENT:0.5074074459497927
C_CENTERCONTROL:0.4845780196521832
C_DEVELOPPIECES:0.5221893634393476
C_MATERIAL:0.5593711343398758
C_MOVECOUNT:0.5
