ELO:988
CE_PASSEDPAWNS:0.5209269571773786
CE_PAWNWEAKNESSES:0.5226439614932655
CE_PIECEACTIVITY:0.5260991765847954
CE_KINGPAWNSHIELD:0.5378133273752649
CE_PIECECOORDINATION:0.5695365334573467
CE_MATERIAL:0.4444158470182559
CE_KINGSAFETY:0.4478004881696185
C_PIECESQUARETABLES:0.5120809216747589
C_MOBILITY:0.43120468477374135
C_KINGSAFETY:0.5140782803335
C_PAWNSTRUCTURE:0.44677630517042416
C_PIECECOORDINATION:0.46417329214577596
C_ROOKANDPAWNMOVEMENT:0.46417329214577596
C_CENTERCONTROL:0.4063796892728003
C_DEVELOPPIECES:0.4880768561924472
C_MATERIAL:0.5581902215366966
