ELO:1041
CE_PASSEDPAWNS:0.49666089684015446
CE_PAWNWEAKNESSES:0.4846267390213783
CE_PIECEACTIVITY:0.4930891682575395
CE_KINGPAWNSHIELD:0.5231747007757428
CE_PIECECOORDINATION:0.5097066680735108
CE_MATERIAL:0.5207631169085377
CE_KINGSAFETY:0.5
C_PIECESQUARETABLES:0.5
C_MOBILITY:0.4906554847187669
C_KINGSAFETY:0.5100103784524921
C_PAWNSTRUCTURE:0.5
C_PIECECOORDINATION:0.5187121361950087
C_ROOK:0.5101313938642177
CE_ROOK:0.5236833020158534
C_CENTERCONTROL:0.5302842375222394
C_DEVELOPPIECES:0.5006241851502293
C_MATERIAL:0.5001935997123281
C_MOVECOUNT:0.47838146683500443
C_PAWNMOVEMENT:0.5063271016625166
