ELO:1006
CE_PASSEDPAWNS:0.5
CE_PAWNWEAKNESSES:0.49973098282199513
CE_PIECEACTIVITY:0.5
CE_KINGPAWNSHIELD:0.5006529978034341
CE_PIECECOORDINATION:0.5
CE_MATERIAL:0.5
CE_KINGSAFETY:0.4809572461905206
C_PIECESQUARETABLES:0.5116246670825182
C_MOBILITY:0.5
C_KINGSAFETY:0.49660141923861395
C_PAWNSTRUCTURE:0.5011022727293896
C_PIECECOORDINATION:0.49085811845257377
C_ROOKANDPAWNMOVEMENT:0.49085811845257377
C_CENTERCONTROL:0.48879908579735615
C_DEVELOPPIECES:0.5
C_MATERIAL:0.4939374725255083
C_MOVECOUNT:0.5
