ELO:1000
CE_PASSEDPAWNS:0.5070464494339465
CE_PAWNWEAKNESSES:0.4774365405668801
CE_PIECEACTIVITY:0.45939638043233155
CE_KINGPAWNSHIELD:0.4942102135917111
CE_PIECECOORDINATION:0.5169245324553082
CE_MATERIAL:0.49293227242414983
CE_KINGSAFETY:0.4956820959523221
C_PIECESQUARETABLES:0.48354781462496577
C_MOBILITY:0.5090491988408895
C_KINGSAFETY:0.5096440406453772
C_PAWNSTRUCTURE:0.5178573130563932
C_PIECECOORDINATION:0.4954465599814254
C_ROOKANDPAWNMOVEMENT:0.4954465599814254
C_CENTERCONTROL:0.4961451344146264
C_DEVELOPPIECES:0.48818075177136466
C_MATERIAL:0.4639586595438164
