ELO:911
CE_PASSEDPAWNS:0.5275601983170147
CE_PAWNWEAKNESSES:0.5575046571934493
CE_PIECEACTIVITY:0.6076186636110139
CE_KINGPAWNSHIELD:0.5713366728423022
CE_PIECECOORDINATION:0.5683991199579952
CE_MATERIAL:0.4051367193547467
CE_KINGSAFETY:0.5112461097555127
C_PIECESQUARETABLES:0.5146853318667116
C_MOBILITY:0.45040268549725004
C_KINGSAFETY:0.5655113633268841
C_PAWNSTRUCTURE:0.42466403319024365
C_PIECECOORDINATION:0.5650419189291469
C_ROOKANDPAWNMOVEMENT:0.5650419189291469
C_CENTERCONTROL:0.38546000282220455
C_DEVELOPPIECES:0.4966055834774861
C_MATERIAL:0.5534717917422014
