ELO:1027
CE_PASSEDPAWNS:0.5067606955311375
CE_PAWNWEAKNESSES:0.5263341247713677
CE_PIECEACTIVITY:0.5078521403032359
CE_KINGPAWNSHIELD:0.5004594220327684
CE_PIECECOORDINATION:0.5330292707230271
CE_MATERIAL:0.48057989748130914
CE_KINGSAFETY:0.5
C_PIECESQUARETABLES:0.5
C_MOBILITY:0.45854612262387817
C_KINGSAFETY:0.5038692944332201
C_PAWNSTRUCTURE:0.5056086859510552
C_PIECECOORDINATION:0.5280390495162699
C_ROOK:0.4913666979501575
CE_ROOK:0.47507486477495864
C_CENTERCONTROL:0.5109826750191738
C_DEVELOPPIECES:0.48545380561561957
C_MATERIAL:0.5
C_MOVECOUNT:0.5012790181746447
C_PAWNMOVEMENT:0.5029316072697483
