ELO:1007
CE_PASSEDPAWNS:0.4745377365452101
CE_PAWNWEAKNESSES:0.4884975940427986
CE_PIECEACTIVITY:0.530070633116429
CE_KINGPAWNSHIELD:0.535196852119928
CE_PIECECOORDINATION:0.5115909438582664
CE_MATERIAL:0.5098587329353074
CE_KINGSAFETY:0.494980797104022
C_PIECESQUARETABLES:0.487032251016539
C_MOBILITY:0.5003887295080282
C_KINGSAFETY:0.4810172545375181
C_PAWNSTRUCTURE:0.5063596577203805
C_PIECECOORDINATION:0.5400649505094918
C_ROOK:0.521278088202285
CE_ROOK:0.5085086838710242
C_CENTERCONTROL:0.5075827342020711
C_DEVELOPPIECES:0.49527218267547124
C_MATERIAL:0.5070120265577509
C_MOVECOUNT:0.4891311147497693
C_PAWNMOVEMENT:0.5199205352731827
