ELO:1011
CE_PASSEDPAWNS:0.5
CE_PAWNWEAKNESSES:0.5019544743513574
CE_PIECEACTIVITY:0.49977035681617515
CE_KINGPAWNSHIELD:0.5111933454583657
CE_PIECECOORDINATION:0.4979445800360049
CE_MATERIAL:0.5
CE_KINGSAFETY:0.5
C_PIECESQUARETABLES:0.5
C_MOBILITY:0.5
C_KINGSAFETY:0.4947012893008861
C_PAWNSTRUCTURE:0.5
C_PIECECOORDINATION:0.5014652951878112
C_ROOKANDPAWNMOVEMENT:0.5014652951878112
C_CENTERCONTROL:0.5
C_DEVELOPPIECES:0.5
C_MATERIAL:0.5
C_MOVECOUNT:0.5
