ELO:1002
CE_PASSEDPAWNS:0.5183426270832615
CE_PAWNWEAKNESSES:0.5048897272310392
CE_PIECEACTIVITY:0.46083997087136375
CE_KINGPAWNSHIELD:0.5217446807526814
CE_PIECECOORDINATION:0.5114344105562015
CE_MATERIAL:0.4675818787128984
CE_KINGSAFETY:0.5
C_PIECESQUARETABLES:0.5
C_MOBILITY:0.5100460025186435
C_KINGSAFETY:0.479614052768268
C_PAWNSTRUCTURE:0.511669103685065
C_PIECECOORDINATION:0.4964774377490166
C_ROOK:0.49676126426404354
CE_ROOK:0.479067990043031
C_CENTERCONTROL:0.5080224797314908
C_DEVELOPPIECES:0.44542580439486235
C_MATERIAL:0.5004624984874123
C_MOVECOUNT:0.5083426054011211
C_PAWNMOVEMENT:0.5327872628443148
