ELO:951
CE_PASSEDPAWNS:0.5296159656484891
CE_PAWNWEAKNESSES:0.5109626474437062
CE_PIECEACTIVITY:0.564602196390574
CE_KINGPAWNSHIELD:0.5485267215593084
CE_PIECECOORDINATION:0.5822358307652401
CE_MATERIAL:0.421281674525142
CE_KINGSAFETY:0.4757083470078793
C_PIECESQUARETABLES:0.5285894606373163
C_MOBILITY:0.44773312745969684
C_KINGSAFETY:0.5656717170600214
C_PAWNSTRUCTURE:0.439416943035923
C_PIECECOORDINATION:0.5332829049492952
C_ROOKANDPAWNMOVEMENT:0.5332829049492952
C_CENTERCONTROL:0.40418836912868106
C_DEVELOPPIECES:0.49415239558997576
C_MATERIAL:0.5435650768241437
