ELO:949
CE_PASSEDPAWNS:0.43468738468529405
CE_PAWNWEAKNESSES:0.34800456859790396
CE_PIECEACTIVITY:0.5867066531166534
CE_KINGPAWNSHIELD:0.48439228607680357
CE_PIECECOORDINATION:0.49373767601810836
CE_MATERIAL:0.5111411612687886
CE_KINGSAFETY:0.48154207246758307
C_PIECESQUARETABLES:0.49443548618483985
C_MOBILITY:0.4196416687004287
C_KINGSAFETY:0.47935951299913515
C_PAWNSTRUCTURE:0.49328935077305763
C_PIECECOORDINATION:0.3962059647487109
C_ROOKANDPAWNMOVEMENT:0.3962059647487109
C_CENTERCONTROL:0.4708519952170694
C_DEVELOPPIECES:0.47594247419985825
C_MATERIAL:0.4023400196991315
