ELO:952
CE_PASSEDPAWNS:0.5640170709864768
CE_PAWNWEAKNESSES:0.5415236293222451
CE_PIECEACTIVITY:0.48855847142396547
CE_KINGPAWNSHIELD:0.5076299432316821
CE_PIECECOORDINATION:0.41800053454345587
CE_MATERIAL:0.5213094116662415
CE_KINGSAFETY:0.5094331289150353
C_PIECESQUARETABLES:0.4952961840967218
C_MOBILITY:0.496246695933063
C_KINGSAFETY:0.5327415938122222
C_PAWNSTRUCTURE:0.5458466995479551
C_PIECECOORDINATION:0.4872575188548489
C_ROOKANDPAWNMOVEMENT:0.4872575188548489
C_CENTERCONTROL:0.4051763722268282
C_DEVELOPPIECES:0.5652390733290688
C_MATERIAL:0.48763408639745265
