ELO:1186
CE_PASSEDPAWNS:0.4788694374285955
CE_PAWNWEAKNESSES:0.5
CE_PIECEACTIVITY:0.5109598245924349
CE_KINGPAWNSHIELD:0.5
CE_PIECECOORDINATION:0.5024697953801938
CE_MATERIAL:0.5142965430327843
CE_KINGSAFETY:0.5
C_PIECESQUARETABLES:0.512951624508742
C_MOBILITY:0.5005636762447845
C_KINGSAFETY:0.5788638972949244
C_PAWNSTRUCTURE:0.49474513666963427
C_PIECECOORDINATION:0.4924137116997155
C_ROOKANDPAWNMOVEMENT:0.4924137116997155
C_CENTERCONTROL:0.48113744061470126
C_DEVELOPPIECES:0.4235210967949825
C_MATERIAL:0.5213100771433282
C_MOVECOUNT:0.5113826300674094
