ELO:989
CE_PASSEDPAWNS:0.3891431610945866
CE_PAWNWEAKNESSES:0.43676685696533435
CE_PIECEACTIVITY:0.5055534717583172
CE_KINGPAWNSHIELD:0.5080445474460832
CE_PIECECOORDINATION:0.5988802830644484
CE_MATERIAL:0.4206802699632655
CE_KINGSAFETY:0.5
C_PIECESQUARETABLES:0.4951979630588719
C_MOBILITY:0.6056663038302389
C_KINGSAFETY:0.5742475742575268
C_PAWNSTRUCTURE:0.6309849938155337
C_PIECECOORDINATION:0.6021025814007566
C_ROOKANDPAWNMOVEMENT:0.6021025814007566
C_CENTERCONTROL:0.38133514451151135
C_DEVELOPPIECES:0.56506288630346
C_MATERIAL:0.5866536899795093
