ELO:973
CE_PASSEDPAWNS:0.5214323128545378
CE_PAWNWEAKNESSES:0.49294490287834936
CE_PIECEACTIVITY:0.5086581639554055
CE_KINGPAWNSHIELD:0.47106388852303904
CE_PIECECOORDINATION:0.4858273279290439
CE_MATERIAL:0.5036905929148366
CE_KINGSAFETY:0.5
C_PIECESQUARETABLES:0.5
C_MOBILITY:0.5112874909879692
C_KINGSAFETY:0.5089293958929604
C_PAWNSTRUCTURE:0.5189090476905582
C_PIECECOORDINATION:0.49949888377975615
C_ROOK:0.4869485698655712
CE_ROOK:0.5341796477795272
C_CENTERCONTROL:0.48113747089455305
C_DEVELOPPIECES:0.5168549115532532
C_MATERIAL:0.5207333831393444
C_MOVECOUNT:0.536409528219977
C_PAWNMOVEMENT:0.5480746345894217
