ELO:989
CE_PASSEDPAWNS:0.3891431610945866
CE_PAWNWEAKNESSES:0.45560013878264977
CE_PIECEACTIVITY:0.5086871986096095
CE_KINGPAWNSHIELD:0.4125050210314608
CE_PIECECOORDINATION:0.6092782055877115
CE_MATERIAL:0.40612605699050397
CE_KINGSAFETY:0.4869362929509814
C_PIECESQUARETABLES:0.5
C_MOBILITY:0.6056663038302389
C_KINGSAFETY:0.5742475742575268
C_PAWNSTRUCTURE:0.6241206072690195
C_PIECECOORDINATION:0.6135308168497035
C_ROOKANDPAWNMOVEMENT:0.6135308168497035
C_CENTERCONTROL:0.3829642688091831
C_DEVELOPPIECES:0.5490069294688481
C_MATERIAL:0.5887160478239302
