ELO:1000
CE_PASSEDPAWNS:0.5372261927486602
CE_PAWNWEAKNESSES:0.5150775957522331
CE_PIECEACTIVITY:0.5050968694776312
CE_KINGPAWNSHIELD:0.509480199941804
CE_PIECECOORDINATION:0.5123939715833058
CE_MATERIAL:0.46608913882797753
CE_KINGSAFETY:0.48383513813301177
C_PIECESQUARETABLES:0.4774575236008632
C_MOBILITY:0.4607382114402636
C_KINGSAFETY:0.530433620756083
C_PAWNSTRUCTURE:0.48634843180187953
C_PIECECOORDINATION:0.46623627050371935
C_ROOKANDPAWNMOVEMENT:0.46623627050371935
C_CENTERCONTROL:0.44385953533529726
C_DEVELOPPIECES:0.49588640718156746
C_MATERIAL:0.5462674223237179
