ELO:1000
CE_PASSEDPAWNS:0.5049118857741401
CE_PAWNWEAKNESSES:0.5088799628565517
CE_PIECEACTIVITY:0.47989140185738016
CE_KINGPAWNSHIELD:0.5061912228553113
CE_PIECECOORDINATION:0.5117178903057604
CE_MATERIAL:0.49845101299817457
CE_KINGSAFETY:0.4783944727840658
C_PIECESQUARETABLES:0.5437760826659588
C_MOBILITY:0.46269342147711584
C_KINGSAFETY:0.50965001065861
C_PAWNSTRUCTURE:0.4993194718116877
C_PIECECOORDINATION:0.486911227529792
C_ROOKANDPAWNMOVEMENT:0.486911227529792
C_CENTERCONTROL:0.470255542706459
C_DEVELOPPIECES:0.49554709867095476
C_MATERIAL:0.5281061065147189
