ELO:802
CE_PASSEDPAWNS:0.46032767773561334
CE_PAWNWEAKNESSES:0.48270165872643866
CE_PIECEACTIVITY:0.5206982915019273
CE_KINGPAWNSHIELD:0.5864960574665742
CE_PIECECOORDINATION:0.5188329217349922
CE_MATERIAL:0.4455793378571381
CE_KINGSAFETY:0.5929317397988001
C_PIECESQUARETABLES:0.4868345951707305
C_MOBILITY:0.46829600683862155
C_KINGSAFETY:0.46428861574498387
C_PAWNSTRUCTURE:0.5054576906593514
C_PIECECOORDINATION:0.4918946180255434
C_ROOKANDPAWNMOVEMENT:0.4918946180255434
C_CENTERCONTROL:0.4931289660032382
C_DEVELOPPIECES:0.5062922942977012
C_MATERIAL:0.5727172355766214
C_MOVECOUNT:0.5
