ELO:1000
CE_PASSEDPAWNS:0.48651831622571234
CE_PAWNWEAKNESSES:0.4994632039493399
CE_PIECEACTIVITY:0.4923871314080445
CE_KINGPAWNSHIELD:0.5014313697550852
CE_PIECECOORDINATION:0.5098466830021762
CE_MATERIAL:0.5156689545465454
CE_KINGSAFETY:0.4974141196569936
C_PIECESQUARETABLES:0.49482282799811494
C_MOBILITY:0.49993907661269427
C_KINGSAFETY:0.5058227031478301
C_PAWNSTRUCTURE:0.5382486878051433
C_PIECECOORDINATION:0.4875471026875204
C_ROOKANDPAWNMOVEMENT:0.4875471026875204
C_CENTERCONTROL:0.49500369691061424
C_DEVELOPPIECES:0.4860619712945203
C_MATERIAL:0.49142638402234107
