ELO:1001
CE_PASSEDPAWNS:0.5
CE_PAWNWEAKNESSES:0.5159899000262808
CE_PIECEACTIVITY:0.5018416067891021
CE_KINGPAWNSHIELD:0.49999867862818953
CE_PIECECOORDINATION:0.5
CE_MATERIAL:0.49581862933099
CE_KINGSAFETY:0.5
C_PIECESQUARETABLES:0.4886509217945895
C_MOBILITY:0.5025681928293101
C_KINGSAFETY:0.4948779027797758
C_PAWNSTRUCTURE:0.516035065929441
C_PIECECOORDINATION:0.5
C_ROOKANDPAWNMOVEMENT:0.5
C_CENTERCONTROL:0.4930199270645043
C_DEVELOPPIECES:0.5050061781839119
C_MATERIAL:0.49559869585890004
C_MOVECOUNT:0.5
