ELO:956
CE_PASSEDPAWNS:0.5
CE_PAWNWEAKNESSES:0.5130698950631551
CE_PIECEACTIVITY:0.5073356751701842
CE_KINGPAWNSHIELD:0.50093268130252
CE_PIECECOORDINATION:0.5031163349370524
CE_MATERIAL:0.4659111715581138
CE_KINGSAFETY:0.5
C_PIECESQUARETABLES:0.5
C_MOBILITY:0.46410969715752565
C_KINGSAFETY:0.5175336536531352
C_PAWNSTRUCTURE:0.5034937337060007
C_PIECECOORDINATION:0.5408807020148484
C_ROOKANDPAWNMOVEMENT:0.5408807020148484
C_CENTERCONTROL:0.45179628965936847
C_DEVELOPPIECES:0.5159678708616062
C_MATERIAL:0.5118480245388339
C_MOVECOUNT:0.5
