ELO:990
CE_PASSEDPAWNS:0.4623918683102647
CE_PAWNWEAKNESSES:0.5157909877314553
CE_PIECEACTIVITY:0.5479944131931752
CE_KINGPAWNSHIELD:0.5121933909358599
CE_PIECECOORDINATION:0.48449440631539403
CE_MATERIAL:0.5018430744885616
CE_KINGSAFETY:0.5
C_PIECESQUARETABLES:0.5
C_MOBILITY:0.5171961861105956
C_KINGSAFETY:0.5157979995031392
C_PAWNSTRUCTURE:0.5485870111896448
C_PIECECOORDINATION:0.48625320977165704
C_ROOK:0.526435413254912
CE_ROOK:0.5292476418616322
C_CENTERCONTROL:0.5356153810659864
C_DEVELOPPIECES:0.5249502262436926
C_MATERIAL:0.5183513505999062
C_MOVECOUNT:0.5012394238464674
C_PAWNMOVEMENT:0.5327872628443148
