ELO:988
CE_PASSEDPAWNS:0.5289062852382828
CE_PAWNWEAKNESSES:0.5311370882510552
CE_PIECEACTIVITY:0.5185193716233607
CE_KINGPAWNSHIELD:0.5382456249250221
CE_PIECECOORDINATION:0.5518599589107632
CE_MATERIAL:0.4446474099330932
CE_KINGSAFETY:0.4305299848703489
C_PIECESQUARETABLES:0.5129789403691638
C_MOBILITY:0.43056882449311507
C_KINGSAFETY:0.5280302607438824
C_PAWNSTRUCTURE:0.46700663620056915
C_PIECECOORDINATION:0.47827027977618364
C_ROOKANDPAWNMOVEMENT:0.47827027977618364
C_CENTERCONTROL:0.4132075899045722
C_DEVELOPPIECES:0.4768986259533663
C_MATERIAL:0.552072110385195
