ELO:995
CE_PASSEDPAWNS:0.4745377365452101
CE_PAWNWEAKNESSES:0.4884975940427986
CE_PIECEACTIVITY:0.5356612236021119
CE_KINGPAWNSHIELD:0.5283737821849211
CE_PIECECOORDINATION:0.5115909438582664
CE_MATERIAL:0.5058264605120023
CE_KINGSAFETY:0.5111621047007837
C_PIECESQUARETABLES:0.487032251016539
C_MOBILITY:0.5003887295080282
C_KINGSAFETY:0.4810172545375181
C_PAWNSTRUCTURE:0.5063596577203805
C_PIECECOORDINATION:0.5400649505094918
C_ROOK:0.5222731233916156
CE_ROOK:0.49816417653123546
C_CENTERCONTROL:0.49914940272488956
C_DEVELOPPIECES:0.49527218267547124
C_MATERIAL:0.5018099123863069
C_MOVECOUNT:0.5111700869961313
C_PAWNMOVEMENT:0.5017214953596846
