ELO:1010
CE_PASSEDPAWNS:0.5063702024067684
CE_PAWNWEAKNESSES:0.48407892559767157
CE_PIECEACTIVITY:0.5
CE_KINGPAWNSHIELD:0.5
CE_PIECECOORDINATION:0.49500634176763925
CE_MATERIAL:0.47623674395074067
CE_KINGSAFETY:0.5
C_PIECESQUARETABLES:0.5
C_MOBILITY:0.49108933400119376
C_KINGSAFETY:0.5349446824469897
C_PAWNSTRUCTURE:0.5
C_PIECECOORDINATION:0.5051075490785257
C_ROOKANDPAWNMOVEMENT:0.5051075490785257
C_CENTERCONTROL:0.49681230343384497
C_DEVELOPPIECES:0.43338132774258387
C_MATERIAL:0.49863821023844235
C_MOVECOUNT:0.5
