ELO:989
CE_PASSEDPAWNS:0.3891431610945866
CE_PAWNWEAKNESSES:0.4404670105899342
CE_PIECEACTIVITY:0.5055534717583172
CE_KINGPAWNSHIELD:0.4969112771905379
CE_PIECECOORDINATION:0.6137105238316691
CE_MATERIAL:0.40412114666538773
CE_KINGSAFETY:0.5052498429357106
C_PIECESQUARETABLES:0.5014398159431532
C_MOBILITY:0.6056663038302389
C_KINGSAFETY:0.5731529433347424
C_PAWNSTRUCTURE:0.6241206072690195
C_PIECECOORDINATION:0.6135308168497035
C_ROOKANDPAWNMOVEMENT:0.6135308168497035
C_CENTERCONTROL:0.381119733211156
C_DEVELOPPIECES:0.5528173797779841
C_MATERIAL:0.5866536899795093
