ELO:993
CE_PASSEDPAWNS:0.5
CE_PAWNWEAKNESSES:0.5
CE_PIECEACTIVITY:0.4911294738659585
CE_KINGPAWNSHIELD:0.5
CE_PIECECOORDINATION:0.5
CE_MATERIAL:0.5025651914149059
CE_KINGSAFETY:0.5
C_PIECESQUARETABLES:0.5
C_MOBILITY:0.5114077490841794
C_KINGSAFETY:0.5059994609796822
C_PAWNSTRUCTURE:0.5228348870369013
C_PIECECOORDINATION:0.5030819079186434
C_ROOKANDPAWNMOVEMENT:0.5030819079186434
C_CENTERCONTROL:0.4930199270645043
C_DEVELOPPIECES:0.4992520059048782
C_MATERIAL:0.49217052537892403
C_MOVECOUNT:0.4973877449546314
