ELO:1039
CE_PASSEDPAWNS:0.5067606955311375
CE_PAWNWEAKNESSES:0.5263341247713677
CE_PIECEACTIVITY:0.482986077960694
CE_KINGPAWNSHIELD:0.48152885942246226
CE_PIECECOORDINATION:0.4993709251732158
CE_MATERIAL:0.5105705484449106
CE_KINGSAFETY:0.5
C_PIECESQUARETABLES:0.5
C_MOBILITY:0.45854612262387817
C_KINGSAFETY:0.5065945915617065
C_PAWNSTRUCTURE:0.5047636744040566
C_PIECECOORDINATION:0.5108340780944686
C_ROOK:0.4904586565037176
CE_ROOK:0.47507486477495864
C_CENTERCONTROL:0.5039048454225293
C_DEVELOPPIECES:0.4925283032106535
C_MATERIAL:0.5
C_MOVECOUNT:0.5012790181746447
C_PAWNMOVEMENT:0.5024525713830046
