ELO:756
CE_PASSEDPAWNS:0.5362451008265466
CE_PAWNWEAKNESSES:0.4413179397543983
CE_PIECEACTIVITY:0.4565628556177345
CE_KINGPAWNSHIELD:0.49099846174188644
CE_PIECECOORDINATION:0.5326746669288291
CE_MATERIAL:0.5086867356738308
CE_KINGSAFETY:0.513602399538207
C_PIECESQUARETABLES:0.5088474173408907
C_MOBILITY:0.49975936770501556
C_KINGSAFETY:0.44454880650367307
C_PAWNSTRUCTURE:0.5213925284898193
C_PIECECOORDINATION:0.5073794036086319
C_ROOKANDPAWNMOVEMENT:0.5073794036086319
C_CENTERCONTROL:0.4759202937848748
C_DEVELOPPIECES:0.4873780070955747
C_MATERIAL:0.4908738667259344
C_MOVECOUNT:0.5
