ELO:1065
CE_PASSEDPAWNS:0.4902550476904165
CE_PAWNWEAKNESSES:0.5101342833997289
CE_PIECEACTIVITY:0.4883723620634524
CE_KINGPAWNSHIELD:0.49711923057826723
CE_PIECECOORDINATION:0.518701377001739
CE_MATERIAL:0.5
CE_KINGSAFETY:0.5
C_PIECESQUARETABLES:0.5
C_MOBILITY:0.5048071759022635
C_KINGSAFETY:0.5038692944332201
C_PAWNSTRUCTURE:0.5194196246624769
C_PIECECOORDINATION:0.5120673871422329
C_ROOK:0.4863793706532083
CE_ROOK:0.5157836039624435
C_CENTERCONTROL:0.5002605612675087
C_DEVELOPPIECES:0.5
C_MATERIAL:0.5136957097552839
C_MOVECOUNT:0.4970293967652607
C_PAWNMOVEMENT:0.5199205352731827
