ELO:932
CE_PASSEDPAWNS:0.4980835680162197
CE_PAWNWEAKNESSES:0.5
CE_PIECEACTIVITY:0.5313057737235808
CE_KINGPAWNSHIELD:0.4519453615426487
CE_PIECECOORDINATION:0.5227619296843323
CE_MATERIAL:0.4993037999491096
CE_KINGSAFETY:0.5
C_PIECESQUARETABLES:0.5
C_MOBILITY:0.46666771433022686
C_KINGSAFETY:0.4289340946912431
C_PAWNSTRUCTURE:0.5292483426461972
C_PIECECOORDINATION:0.5585006332719209
C_ROOKANDPAWNMOVEMENT:0.5585006332719209
C_CENTERCONTROL:0.4892443194795003
C_DEVELOPPIECES:0.4873767180134107
C_MATERIAL:0.5050360235465934
C_MOVECOUNT:0.5
