ELO:994
CE_PASSEDPAWNS:0.5091034148329712
CE_PAWNWEAKNESSES:0.5033454892594479
CE_PIECEACTIVITY:0.5274727158166297
CE_KINGPAWNSHIELD:0.4981083002776733
CE_PIECECOORDINATION:0.5214279580634498
CE_MATERIAL:0.515041540469349
CE_KINGSAFETY:0.5
C_PIECESQUARETABLES:0.5
C_MOBILITY:0.5026488487209159
C_KINGSAFETY:0.5080210108582089
C_PAWNSTRUCTURE:0.5131077141534812
C_PIECECOORDINATION:0.5003514978240702
C_ROOK:0.4972203104908796
CE_ROOK:0.5120759489548493
C_CENTERCONTROL:0.49963078275450845
C_DEVELOPPIECES:0.45563406218651925
C_MATERIAL:0.5009285379404309
C_MOVECOUNT:0.5040826182598588
C_PAWNMOVEMENT:0.5032302729801571
