ELO:1000
CE_PASSEDPAWNS:0.5290263658814185
CE_PAWNWEAKNESSES:0.4977744105393777
CE_PIECEACTIVITY:0.5124471072208656
CE_KINGPAWNSHIELD:0.5115265553482405
CE_PIECECOORDINATION:0.49406452434035064
CE_MATERIAL:0.505233460354321
CE_KINGSAFETY:0.5046317906086409
C_PIECESQUARETABLES:0.5033342155134336
C_MOBILITY:0.4975576109279759
C_KINGSAFETY:0.49300483761951525
C_PAWNSTRUCTURE:0.4913055128438655
C_PIECECOORDINATION:0.5076980570401073
C_ROOKANDPAWNMOVEMENT:0.5076980570401073
C_CENTERCONTROL:0.5060474338194944
C_DEVELOPPIECES:0.5151345436133794
C_MATERIAL:0.4816504348646568
