ELO:950
CE_PASSEDPAWNS:0.48418562528897646
CE_PAWNWEAKNESSES:0.5223919748266149
CE_PIECEACTIVITY:0.4922031299695381
CE_KINGPAWNSHIELD:0.4649923585578057
CE_PIECECOORDINATION:0.4832476017326801
CE_MATERIAL:0.4930270138552998
CE_KINGSAFETY:0.48068021889692747
C_PIECESQUARETABLES:0.5192340701606211
C_MOBILITY:0.5181289317892007
C_KINGSAFETY:0.47292359301046827
C_PAWNSTRUCTURE:0.49156677566703216
C_PIECECOORDINATION:0.5023354505611874
C_ROOKANDPAWNMOVEMENT:0.5023354505611874
C_CENTERCONTROL:0.5004395543579273
C_DEVELOPPIECES:0.513242521657625
C_MATERIAL:0.4743599345780692
C_MOVECOUNT:0.5001695479577891
