ELO:897
CE_PASSEDPAWNS:0.5244345461192157
CE_PAWNWEAKNESSES:0.4232869930082002
CE_PIECEACTIVITY:0.49414794290731484
CE_KINGPAWNSHIELD:0.49698124825644324
CE_PIECECOORDINATION:0.5354698389982264
CE_MATERIAL:0.4879047183619308
CE_KINGSAFETY:0.5025897570831851
C_PIECESQUARETABLES:0.48258524835799593
C_MOBILITY:0.4919424491567227
C_KINGSAFETY:0.4889004929643136
C_PAWNSTRUCTURE:0.4705184038706658
C_PIECECOORDINATION:0.49789417159664834
C_ROOKANDPAWNMOVEMENT:0.49789417159664834
C_CENTERCONTROL:0.4908269856053667
C_DEVELOPPIECES:0.519740361984345
C_MATERIAL:0.5598466373229238
C_MOVECOUNT:0.5
