ELO:823
CE_PASSEDPAWNS:0.515399928362123
CE_PAWNWEAKNESSES:0.5372159776817094
CE_PIECEACTIVITY:0.4632787052430659
CE_KINGPAWNSHIELD:0.518574525000915
CE_PIECECOORDINATION:0.5533671325533113
CE_MATERIAL:0.5002394790339655
CE_KINGSAFETY:0.5123727259645382
C_PIECESQUARETABLES:0.5019192178901895
C_MOBILITY:0.5230991457290615
C_KINGSAFETY:0.5384655489079369
C_PAWNSTRUCTURE:0.5510221170751882
C_PIECECOORDINATION:0.5098720540636256
C_ROOKANDPAWNMOVEMENT:0.5098720540636256
C_CENTERCONTROL:0.5137639352139555
C_DEVELOPPIECES:0.427101274594564
C_MATERIAL:0.5118281092251645
C_MOVECOUNT:0.5303445203296205
