ELO:960
CE_PASSEDPAWNS:0.5240767564843484
CE_PAWNWEAKNESSES:0.49708759846067235
CE_PIECEACTIVITY:0.4841691354138324
CE_KINGPAWNSHIELD:0.4942565429238425
CE_PIECECOORDINATION:0.5125501431982937
CE_MATERIAL:0.5632792145788058
CE_KINGSAFETY:0.49637753123318423
C_PIECESQUARETABLES:0.499099424651853
C_MOBILITY:0.5140826582181796
C_KINGSAFETY:0.5397296866002514
C_PAWNSTRUCTURE:0.5084548422633448
C_PIECECOORDINATION:0.4913764492542292
C_ROOK:0.48739593457030234
CE_ROOK:0.49154032976559325
C_CENTERCONTROL:0.48111748666449394
C_DEVELOPPIECES:0.48076624957445946
C_MATERIAL:0.5031941102361427
C_MOVECOUNT:0.43786413719721884
C_PAWNMOVEMENT:0.5410265713496601
