ELO:772
CE_PASSEDPAWNS:0.5365574071463874
CE_PAWNWEAKNESSES:0.4585124045056206
CE_PIECEACTIVITY:0.4860568528958955
CE_KINGPAWNSHIELD:0.4727997323022468
CE_PIECECOORDINATION:0.5100334888677178
CE_MATERIAL:0.47912353818575226
CE_KINGSAFETY:0.4649419888815012
C_PIECESQUARETABLES:0.512499548019798
C_MOBILITY:0.493183673044116
C_KINGSAFETY:0.4488369697718942
C_PAWNSTRUCTURE:0.4706369170298591
C_PIECECOORDINATION:0.5786204063524111
C_ROOKANDPAWNMOVEMENT:0.5786204063524111
C_CENTERCONTROL:0.4864117010666605
C_DEVELOPPIECES:0.37887171462013686
C_MATERIAL:0.5166604420934726
C_MOVECOUNT:0.5
