ELO:1000
CE_PASSEDPAWNS:0.5
CE_PAWNWEAKNESSES:0.5
CE_PIECEACTIVITY:0.49494319289035194
CE_KINGPAWNSHIELD:0.5050893456499933
CE_PIECECOORDINATION:0.5
CE_MATERIAL:0.5
CE_KINGSAFETY:0.4980007222885345
C_PIECESQUARETABLES:0.5122901155949015
C_MOBILITY:0.5016900402794968
C_KINGSAFETY:0.49552647811143413
C_PAWNSTRUCTURE:0.5
C_PIECECOORDINATION:0.5024226519079632
C_ROOKANDPAWNMOVEMENT:0.5024226519079632
C_CENTERCONTROL:0.500982163414411
C_DEVELOPPIECES:0.5103025311030966
C_MATERIAL:0.5019734371510809
