ELO:979
CE_PASSEDPAWNS:0.43697488552315045
CE_PAWNWEAKNESSES:0.45086967480211915
CE_PIECEACTIVITY:0.4624656390352547
CE_KINGPAWNSHIELD:0.5681591454987183
CE_PIECECOORDINATION:0.47818420071431744
CE_MATERIAL:0.5491926367383919
CE_KINGSAFETY:0.4995285549548168
C_PIECESQUARETABLES:0.5
C_MOBILITY:0.4241476662440712
C_KINGSAFETY:0.521780431422052
C_PAWNSTRUCTURE:0.5337823160403168
C_PIECECOORDINATION:0.44381766746574564
C_ROOKANDPAWNMOVEMENT:0.44381766746574564
C_CENTERCONTROL:0.4401485810530817
C_DEVELOPPIECES:0.5048882619453948
C_MATERIAL:0.5352214308770927
