ELO:1024
CE_PASSEDPAWNS:0.6235683510308213
CE_PAWNWEAKNESSES:0.5459326964304296
CE_PIECEACTIVITY:0.5627688156293755
CE_KINGPAWNSHIELD:0.4926555352989461
CE_PIECECOORDINATION:0.47078013764066123
CE_MATERIAL:0.5217866792448818
CE_KINGSAFETY:0.4663913188997947
C_PIECESQUARETABLES:0.5041074391425971
C_MOBILITY:0.5408115189188921
C_KINGSAFETY:0.3843037922703037
C_PAWNSTRUCTURE:0.5727139586882376
C_PIECECOORDINATION:0.5194450916404094
C_ROOKANDPAWNMOVEMENT:0.5194450916404094
C_CENTERCONTROL:0.5530213236310032
C_DEVELOPPIECES:0.5165960594738938
C_MATERIAL:0.4632204350245018
