ELO:950
CE_PASSEDPAWNS:0.48033934751996826
CE_PAWNWEAKNESSES:0.44903533522676464
CE_PIECEACTIVITY:0.45620033102852137
CE_KINGPAWNSHIELD:0.5563739649713932
CE_PIECECOORDINATION:0.5015500895204295
CE_MATERIAL:0.5633299214070869
CE_KINGSAFETY:0.5066663300650533
C_PIECESQUARETABLES:0.48006199092457624
C_MOBILITY:0.4150742601728917
C_KINGSAFETY:0.5680263287550321
C_PAWNSTRUCTURE:0.5542027819008545
C_PIECECOORDINATION:0.4601672113970405
C_ROOKANDPAWNMOVEMENT:0.4601672113970405
C_CENTERCONTROL:0.45155690562177253
C_DEVELOPPIECES:0.530558015807419
C_MATERIAL:0.5367736741772817
