ELO:987
CE_PASSEDPAWNS:0.5036826452518158
CE_PAWNWEAKNESSES:0.5055421928311712
CE_PIECEACTIVITY:0.5243334814073479
CE_KINGPAWNSHIELD:0.506333935971746
CE_PIECECOORDINATION:0.49167208266063817
CE_MATERIAL:0.4979106356868836
CE_KINGSAFETY:0.5
C_PIECESQUARETABLES:0.5
C_MOBILITY:0.5111244931385208
C_KINGSAFETY:0.5028409330295247
C_PAWNSTRUCTURE:0.48541431569378024
C_PIECECOORDINATION:0.5079280946237359
C_ROOK:0.499476235751109
CE_ROOK:0.5012721510588273
C_CENTERCONTROL:0.5040173786308946
C_DEVELOPPIECES:0.4918497135625019
C_MATERIAL:0.4790341987597264
C_MOVECOUNT:0.500693967298306
C_PAWNMOVEMENT:0.5101912309755505
