ELO:964
CE_PASSEDPAWNS:0.5045636313060854
CE_PAWNWEAKNESSES:0.49089491396490376
CE_PIECEACTIVITY:0.4924303053098151
CE_KINGPAWNSHIELD:0.5597522860309783
CE_PIECECOORDINATION:0.479884395222556
CE_MATERIAL:0.5297573657517911
CE_KINGSAFETY:0.5247891425164668
C_PIECESQUARETABLES:0.5030969122906587
C_MOBILITY:0.4893017729302253
C_KINGSAFETY:0.4848460696814588
C_PAWNSTRUCTURE:0.4804837528008742
C_PIECECOORDINATION:0.5131890247621108
C_ROOKANDPAWNMOVEMENT:0.5131890247621108
C_CENTERCONTROL:0.5172176693989143
C_DEVELOPPIECES:0.49562735122242385
C_MATERIAL:0.5140306699879482
C_MOVECOUNT:0.5
