ELO:1079
CE_PASSEDPAWNS:0.5270003856948134
CE_PAWNWEAKNESSES:0.5086094244915422
CE_PIECEACTIVITY:0.5274727158166297
CE_KINGPAWNSHIELD:0.519186970517368
CE_PIECECOORDINATION:0.5083436765879812
CE_MATERIAL:0.48857636472926436
CE_KINGSAFETY:0.5
C_PIECESQUARETABLES:0.5
C_MOBILITY:0.48113150113811276
C_KINGSAFETY:0.48597921413543727
C_PAWNSTRUCTURE:0.4810397474137898
C_PIECECOORDINATION:0.5323051446557503
C_ROOK:0.49302113446756246
CE_ROOK:0.489396336366713
C_CENTERCONTROL:0.4678671090758215
C_DEVELOPPIECES:0.49550618521369744
C_MATERIAL:0.45230360181182927
C_MOVECOUNT:0.5237340254126772
C_PAWNMOVEMENT:0.49164695402432995
