ELO:986
CE_PASSEDPAWNS:0.4993108872645027
CE_PAWNWEAKNESSES:0.5
CE_PIECEACTIVITY:0.5087813902542893
CE_KINGPAWNSHIELD:0.5123873071882189
CE_PIECECOORDINATION:0.4712901057136011
CE_MATERIAL:0.5
CE_KINGSAFETY:0.4924608473607074
C_PIECESQUARETABLES:0.5214635667367578
C_MOBILITY:0.5021418273549924
C_KINGSAFETY:0.4951984472669564
C_PAWNSTRUCTURE:0.4829362781515186
C_PIECECOORDINATION:0.4979943591951863
C_ROOKANDPAWNMOVEMENT:0.4979943591951863
C_CENTERCONTROL:0.48342031001027347
C_DEVELOPPIECES:0.49938050772394266
C_MATERIAL:0.4698530229247594
