ELO:874
CE_PASSEDPAWNS:0.6340351884242894
CE_PAWNWEAKNESSES:0.522789773790603
CE_PIECEACTIVITY:0.5607683337270722
CE_KINGPAWNSHIELD:0.4940378052091096
CE_PIECECOORDINATION:0.39802540348329213
CE_MATERIAL:0.5330412294695429
CE_KINGSAFETY:0.5138354516018501
C_PIECESQUARETABLES:0.529934442304908
C_MOBILITY:0.6006210118327175
C_KINGSAFETY:0.3960955320657484
C_PAWNSTRUCTURE:0.5512004562609374
C_PIECECOORDINATION:0.6130193891273042
C_ROOKANDPAWNMOVEMENT:0.6130193891273042
C_CENTERCONTROL:0.5726968720853941
C_DEVELOPPIECES:0.5938436374950287
C_MATERIAL:0.5072554297075103
