ELO:934
CE_PASSEDPAWNS:0.6487260710176913
CE_PAWNWEAKNESSES:0.5197584155856744
CE_PIECEACTIVITY:0.5499732699352295
CE_KINGPAWNSHIELD:0.47139598757756274
CE_PIECECOORDINATION:0.38992250894709524
CE_MATERIAL:0.5544398759299175
CE_KINGSAFETY:0.5100605127694163
C_PIECESQUARETABLES:0.471568248686566
C_MOBILITY:0.6279371565765269
C_KINGSAFETY:0.41729528852501085
C_PAWNSTRUCTURE:0.5590509563512234
C_PIECECOORDINATION:0.6316422696690502
C_ROOKANDPAWNMOVEMENT:0.6316422696690502
C_CENTERCONTROL:0.5442798133131439
C_DEVELOPPIECES:0.569821650057831
C_MATERIAL:0.47446690633823135
