ELO:985
CE_PASSEDPAWNS:0.6384194401084922
CE_PAWNWEAKNESSES:0.5298889566460511
CE_PIECEACTIVITY:0.5650773395156198
CE_KINGPAWNSHIELD:0.49357952882842143
CE_PIECECOORDINATION:0.48033839279252444
CE_MATERIAL:0.5220624737889346
CE_KINGSAFETY:0.42863947006547304
C_PIECESQUARETABLES:0.4878522223213848
C_MOBILITY:0.5560449617194118
C_KINGSAFETY:0.4051564537810332
C_PAWNSTRUCTURE:0.5846248807553156
C_PIECECOORDINATION:0.6209243130464607
C_ROOKANDPAWNMOVEMENT:0.6209243130464607
C_CENTERCONTROL:0.5734999041642274
C_DEVELOPPIECES:0.5182030299341558
C_MATERIAL:0.481725769812028
