ELO:932
CE_PASSEDPAWNS:0.46521650600362147
CE_PAWNWEAKNESSES:0.45995801581146284
CE_PIECEACTIVITY:0.4767068339117309
CE_KINGPAWNSHIELD:0.5033645221602318
CE_PIECECOORDINATION:0.5294208345645531
CE_MATERIAL:0.5796770853549601
CE_KINGSAFETY:0.5018318726312577
C_PIECESQUARETABLES:0.47182194136463773
C_MOBILITY:0.3935959804986061
C_KINGSAFETY:0.5048933280632082
C_PAWNSTRUCTURE:0.5568703306087268
C_PIECECOORDINATION:0.49498513865133337
C_ROOKANDPAWNMOVEMENT:0.49498513865133337
C_CENTERCONTROL:0.4260493095774549
C_DEVELOPPIECES:0.5091957708809799
C_MATERIAL:0.5496781491036572
