ELO:908
CE_PASSEDPAWNS:0.47618308242127183
CE_PAWNWEAKNESSES:0.42991850495099715
CE_PIECEACTIVITY:0.5167427292950874
CE_KINGPAWNSHIELD:0.4810973604051148
CE_PIECECOORDINATION:0.49356058567827804
CE_MATERIAL:0.581352029547641
CE_KINGSAFETY:0.4800595327552953
C_PIECESQUARETABLES:0.49861315611489865
C_MOBILITY:0.4277407065734107
C_KINGSAFETY:0.46683874802429887
C_PAWNSTRUCTURE:0.5882775557326582
C_PIECECOORDINATION:0.48768035643900215
C_ROOKANDPAWNMOVEMENT:0.48768035643900215
C_CENTERCONTROL:0.39824428088153807
C_DEVELOPPIECES:0.4788605618427987
C_MATERIAL:0.5693156528263117
