ELO:892
CE_PASSEDPAWNS:0.5399000220900508
CE_PAWNWEAKNESSES:0.5173691157185971
CE_PIECEACTIVITY:0.42867174916959216
CE_KINGPAWNSHIELD:0.5512600773940683
CE_PIECECOORDINATION:0.5133374342120005
CE_MATERIAL:0.48307292795631696
CE_KINGSAFETY:0.499012395078271
C_PIECESQUARETABLES:0.504426317239636
C_MOBILITY:0.4813649805753142
C_KINGSAFETY:0.4998851787733086
C_PAWNSTRUCTURE:0.5303911636666564
C_PIECECOORDINATION:0.510567797434663
C_ROOKANDPAWNMOVEMENT:0.510567797434663
C_CENTERCONTROL:0.5120239991132823
C_DEVELOPPIECES:0.44082327775393193
C_MATERIAL:0.47480623079124795
C_MOVECOUNT:0.5298149892787101
