ELO:945
CE_PASSEDPAWNS:0.6390770809969845
CE_PAWNWEAKNESSES:0.526117302019796
CE_PIECEACTIVITY:0.5753638555972524
CE_KINGPAWNSHIELD:0.48543133593511045
CE_PIECECOORDINATION:0.44003155202951516
CE_MATERIAL:0.5637276615572608
CE_KINGSAFETY:0.4956216518555332
C_PIECESQUARETABLES:0.4946034230681907
C_MOBILITY:0.594668535110077
C_KINGSAFETY:0.4028295474051296
C_PAWNSTRUCTURE:0.6030840151948987
C_PIECECOORDINATION:0.5727450418820318
C_ROOKANDPAWNMOVEMENT:0.5727450418820318
C_CENTERCONTROL:0.5545037332349573
C_DEVELOPPIECES:0.5677696040211807
C_MATERIAL:0.49102403093276875
