ELO:980
CE_PASSEDPAWNS:0.44796008275740967
CE_PAWNWEAKNESSES:0.4551561814379063
CE_PIECEACTIVITY:0.48082989399164694
CE_KINGPAWNSHIELD:0.5692090713835108
CE_PIECECOORDINATION:0.47818420071431744
CE_MATERIAL:0.5560393236286095
CE_KINGSAFETY:0.4865853385479332
C_PIECESQUARETABLES:0.5044556118069685
C_MOBILITY:0.4241476662440712
C_KINGSAFETY:0.5265915248070678
C_PAWNSTRUCTURE:0.5432158082803005
C_PIECECOORDINATION:0.4433909389909064
C_ROOKANDPAWNMOVEMENT:0.4433909389909064
C_CENTERCONTROL:0.4401485810530817
C_DEVELOPPIECES:0.5048882619453948
C_MATERIAL:0.5228307389401625
