ELO:995
CE_PASSEDPAWNS:0.5162524822576461
CE_PAWNWEAKNESSES:0.49127071991486265
CE_PIECEACTIVITY:0.5274727158166297
CE_KINGPAWNSHIELD:0.4716754821010434
CE_PIECECOORDINATION:0.5620450345535717
CE_MATERIAL:0.46061082776078976
CE_KINGSAFETY:0.5
C_PIECESQUARETABLES:0.5
C_MOBILITY:0.46905911319043975
C_KINGSAFETY:0.49283861844101184
C_PAWNSTRUCTURE:0.48373960838838886
C_PIECECOORDINATION:0.48625320977165704
C_ROOK:0.5627054007486144
CE_ROOK:0.5120759489548493
C_CENTERCONTROL:0.49566916445545905
C_DEVELOPPIECES:0.46257167637646995
C_MATERIAL:0.5009285379404309
C_MOVECOUNT:0.4301731145270687
C_PAWNMOVEMENT:0.5032302729801571
