ELO:948
CE_PASSEDPAWNS:0.5103996266368084
CE_PAWNWEAKNESSES:0.4614509507651796
CE_PIECEACTIVITY:0.5585647464712238
CE_KINGPAWNSHIELD:0.529244122077835
CE_PIECECOORDINATION:0.47865931278315427
CE_MATERIAL:0.47293131875010924
CE_KINGSAFETY:0.46669591087009804
C_PIECESQUARETABLES:0.4857101897038589
C_MOBILITY:0.5148466822439397
C_KINGSAFETY:0.5130993899713878
C_PAWNSTRUCTURE:0.47234203651708534
C_PIECECOORDINATION:0.49690591668151063
C_ROOKANDPAWNMOVEMENT:0.49690591668151063
C_CENTERCONTROL:0.4985838080688466
C_DEVELOPPIECES:0.5090184716994727
C_MATERIAL:0.5141568810240791
C_MOVECOUNT:0.5
