ELO:947
CE_PASSEDPAWNS:0.509779108702129
CE_PAWNWEAKNESSES:0.4797089309060481
CE_PIECEACTIVITY:0.5255786610955765
CE_KINGPAWNSHIELD:0.486923158232051
CE_PIECECOORDINATION:0.5266830439765358
CE_MATERIAL:0.5285191856353185
CE_KINGSAFETY:0.4816914016272232
C_PIECESQUARETABLES:0.5171347763727352
C_MOBILITY:0.4996446277570922
C_KINGSAFETY:0.5309819148798426
C_PAWNSTRUCTURE:0.5025017738090355
C_PIECECOORDINATION:0.4983290931908046
C_ROOK:0.502504575190638
CE_ROOK:0.48989092872218803
C_CENTERCONTROL:0.47645920345042736
C_DEVELOPPIECES:0.48101029942706536
C_MATERIAL:0.49951391313952304
C_MOVECOUNT:0.4929086918362417
C_PAWNMOVEMENT:0.5301675008807706
