ELO:755
CE_PASSEDPAWNS:0.5542663147976935
CE_PAWNWEAKNESSES:0.49625085593080714
CE_PIECEACTIVITY:0.5140619305664254
CE_KINGPAWNSHIELD:0.5029421011559907
CE_PIECECOORDINATION:0.38960599032844534
CE_MATERIAL:0.39011802060274703
CE_KINGSAFETY:0.5042622904919332
C_PIECESQUARETABLES:0.49872129771952384
C_MOBILITY:0.41647370552700386
C_KINGSAFETY:0.6023736423998056
C_PAWNSTRUCTURE:0.5346443361487689
C_PIECECOORDINATION:0.4902991163426341
C_ROOKANDPAWNMOVEMENT:0.4902991163426341
C_CENTERCONTROL:0.46855141926520805
C_DEVELOPPIECES:0.49914522744289086
C_MATERIAL:0.4810575132020487
C_MOVECOUNT:0.4667659291834753
