ELO:1021
CE_PASSEDPAWNS:0.49983916134519946
CE_PAWNWEAKNESSES:0.4937190882787751
CE_PIECEACTIVITY:0.5068887103038718
CE_KINGPAWNSHIELD:0.4975747753424909
CE_PIECECOORDINATION:0.5
CE_MATERIAL:0.5175764455486002
CE_KINGSAFETY:0.5
C_PIECESQUARETABLES:0.5
C_MOBILITY:0.5117158661340427
C_KINGSAFETY:0.4887819262772472
C_PAWNSTRUCTURE:0.5048913578841103
C_PIECECOORDINATION:0.5120648006284545
C_ROOKANDPAWNMOVEMENT:0.5120648006284545
C_CENTERCONTROL:0.5004395543579273
C_DEVELOPPIECES:0.513695088124165
C_MATERIAL:0.5254371410430176
C_MOVECOUNT:0.5138876514789706
