ELO:1000
CE_PASSEDPAWNS:0.5088817915494966
CE_PAWNWEAKNESSES:0.5113609474451823
CE_PIECEACTIVITY:0.49494319289035194
CE_KINGPAWNSHIELD:0.5050893456499933
CE_PIECECOORDINATION:0.5017527360145906
CE_MATERIAL:0.5012026525076423
CE_KINGSAFETY:0.5055660190164967
C_PIECESQUARETABLES:0.5202338784951502
C_MOBILITY:0.4980117453809577
C_KINGSAFETY:0.49667414389458536
C_PAWNSTRUCTURE:0.49788886417804107
C_PIECECOORDINATION:0.5024226519079632
C_ROOKANDPAWNMOVEMENT:0.5024226519079632
C_CENTERCONTROL:0.48162855745412947
C_DEVELOPPIECES:0.5142648805105376
C_MATERIAL:0.5063712706936059
