ELO:993
CE_PASSEDPAWNS:0.5124833551156984
CE_PAWNWEAKNESSES:0.4815056286751413
CE_PIECEACTIVITY:0.5
CE_KINGPAWNSHIELD:0.4943812887298437
CE_PIECECOORDINATION:0.5074442166930789
CE_MATERIAL:0.4897316679982142
CE_KINGSAFETY:0.4994927920715182
C_PIECESQUARETABLES:0.4866097643989462
C_MOBILITY:0.48932468028916937
C_KINGSAFETY:0.49085526289566517
C_PAWNSTRUCTURE:0.48384514406906776
C_PIECECOORDINATION:0.500577979587623
C_ROOKANDPAWNMOVEMENT:0.500577979587623
C_CENTERCONTROL:0.5
C_DEVELOPPIECES:0.4795787025335758
C_MATERIAL:0.487571928597042
C_MOVECOUNT:0.5
