ELO:954
CE_PASSEDPAWNS:0.46459596031659656
CE_PAWNWEAKNESSES:0.5196895820307637
CE_PIECEACTIVITY:0.5004847852139893
CE_KINGPAWNSHIELD:0.47929788639082893
CE_PIECECOORDINATION:0.5
CE_MATERIAL:0.5123821581856887
CE_KINGSAFETY:0.5501464041050037
C_PIECESQUARETABLES:0.5076766053702683
C_MOBILITY:0.5235996689961488
C_KINGSAFETY:0.479855581907202
C_PAWNSTRUCTURE:0.49272399682922774
C_PIECECOORDINATION:0.5063997954233206
C_ROOKANDPAWNMOVEMENT:0.5063997954233206
C_CENTERCONTROL:0.5069027378189768
C_DEVELOPPIECES:0.49041374488221584
C_MATERIAL:0.5025116628096795
C_MOVECOUNT:0.5
