ELO:970
CE_PASSEDPAWNS:0.4279711085236995
CE_PAWNWEAKNESSES:0.44254673184923615
CE_PIECEACTIVITY:0.46304703425747723
CE_KINGPAWNSHIELD:0.5837593425564613
CE_PIECECOORDINATION:0.5128312901071941
CE_MATERIAL:0.5698244251377476
CE_KINGSAFETY:0.5001727948461204
C_PIECESQUARETABLES:0.45345014329747796
C_MOBILITY:0.42632816238162957
C_KINGSAFETY:0.5266002981669662
C_PAWNSTRUCTURE:0.5714706068065746
C_PIECECOORDINATION:0.4397557733628102
C_ROOKANDPAWNMOVEMENT:0.4397557733628102
C_CENTERCONTROL:0.4540008406649437
C_DEVELOPPIECES:0.5482348076371859
C_MATERIAL:0.5358125513812559
