ELO:1104
CE_PASSEDPAWNS:0.4522391623994131
CE_PAWNWEAKNESSES:0.447238146901028
CE_PIECEACTIVITY:0.49139298819490185
CE_KINGPAWNSHIELD:0.4092505595553801
CE_PIECECOORDINATION:0.4740445867024571
CE_MATERIAL:0.44209703098354663
CE_KINGSAFETY:0.5055176938873299
C_PIECESQUARETABLES:0.5
C_MOBILITY:0.42919742431784064
C_KINGSAFETY:0.6374809102290377
C_PAWNSTRUCTURE:0.442954974485966
C_PIECECOORDINATION:0.4886580873218714
C_ROOKANDPAWNMOVEMENT:0.4886580873218714
C_CENTERCONTROL:0.5006291937106299
C_DEVELOPPIECES:0.5576237735754453
C_MATERIAL:0.39589356358707967
