ELO:973
CE_PASSEDPAWNS:0.509779108702129
CE_PAWNWEAKNESSES:0.4949896130922733
CE_PIECEACTIVITY:0.5078515804834308
CE_KINGPAWNSHIELD:0.48348651765229983
CE_PIECECOORDINATION:0.5241034229480878
CE_MATERIAL:0.5180395945317114
CE_KINGSAFETY:0.5039012586620082
C_PIECESQUARETABLES:0.49498189111279317
C_MOBILITY:0.4996446277570922
C_KINGSAFETY:0.5204099075660447
C_PAWNSTRUCTURE:0.4919790394885676
C_PIECECOORDINATION:0.49321431499331503
C_ROOK:0.5100729688084673
CE_ROOK:0.502917916407348
C_CENTERCONTROL:0.47992385580949554
C_DEVELOPPIECES:0.48444448191818623
C_MATERIAL:0.49361860578590905
C_MOVECOUNT:0.49531553268473244
C_PAWNMOVEMENT:0.5183963735116627
