ELO:1003
CE_PASSEDPAWNS:0.5
CE_PAWNWEAKNESSES:0.4887614401436805
CE_PIECEACTIVITY:0.504659385451284
CE_KINGPAWNSHIELD:0.5
CE_PIECECOORDINATION:0.5079234071714392
CE_MATERIAL:0.4969446431615066
CE_KINGSAFETY:0.5029243960088176
C_PIECESQUARETABLES:0.49578101456735274
C_MOBILITY:0.5245454773310557
C_KINGSAFETY:0.5
C_PAWNSTRUCTURE:0.5
C_PIECECOORDINATION:0.4906934115371693
C_ROOKANDPAWNMOVEMENT:0.4906934115371693
C_CENTERCONTROL:0.5116225139719626
C_DEVELOPPIECES:0.5187563570926693
C_MATERIAL:0.49002737235940913
