ELO:990
CE_PASSEDPAWNS:0.39354060010980585
CE_PAWNWEAKNESSES:0.455042964550827
CE_PIECEACTIVITY:0.4990363227000234
CE_KINGPAWNSHIELD:0.4954443713955669
CE_PIECECOORDINATION:0.6092782055877115
CE_MATERIAL:0.4235836003257285
CE_KINGSAFETY:0.4915094491698492
C_PIECESQUARETABLES:0.49008032085372566
C_MOBILITY:0.6106431556756368
C_KINGSAFETY:0.5742475742575268
C_PAWNSTRUCTURE:0.6238215156239383
C_PIECECOORDINATION:0.6135308168497035
C_ROOKANDPAWNMOVEMENT:0.6135308168497035
C_CENTERCONTROL:0.40121302652942425
C_DEVELOPPIECES:0.5505352799738314
C_MATERIAL:0.5866536899795093
