ELO:985
CE_PASSEDPAWNS:0.5140234796103591
CE_PAWNWEAKNESSES:0.5179866734089559
CE_PIECEACTIVITY:0.5
CE_KINGPAWNSHIELD:0.51392830330619
CE_PIECECOORDINATION:0.4994140214721018
CE_MATERIAL:0.5024547434938335
CE_KINGSAFETY:0.505103913076795
C_PIECESQUARETABLES:0.5
C_MOBILITY:0.5047792322397132
C_KINGSAFETY:0.49484935295392113
C_PAWNSTRUCTURE:0.49747806108004045
C_PIECECOORDINATION:0.48598286249276484
C_ROOKANDPAWNMOVEMENT:0.48598286249276484
C_CENTERCONTROL:0.5048101935893966
C_DEVELOPPIECES:0.4899956349115579
C_MATERIAL:0.5005217478029754
C_MOVECOUNT:0.51069432717842
