ELO:1051
CE_PASSEDPAWNS:0.4980764605273427
CE_PAWNWEAKNESSES:0.48352035199329985
CE_PIECEACTIVITY:0.5274727158166297
CE_KINGPAWNSHIELD:0.49593712777323334
CE_PIECECOORDINATION:0.5074158122845649
CE_MATERIAL:0.5000466357657618
CE_KINGSAFETY:0.5
C_PIECESQUARETABLES:0.5
C_MOBILITY:0.5423692736745864
C_KINGSAFETY:0.5042051878248334
C_PAWNSTRUCTURE:0.4810397474137898
C_PIECECOORDINATION:0.5201670512737098
C_ROOK:0.508783418311573
CE_ROOK:0.5030727620260684
C_CENTERCONTROL:0.4953970785441792
C_DEVELOPPIECES:0.4896603053056364
C_MATERIAL:0.4964541094673097
C_MOVECOUNT:0.49891662155735195
C_PAWNMOVEMENT:0.5105671416101011
