ELO:1000
CE_PASSEDPAWNS:0.4414682510907794
CE_PAWNWEAKNESSES:0.5481475170631348
CE_PIECEACTIVITY:0.4973290327965726
CE_KINGPAWNSHIELD:0.521614807511351
CE_PIECECOORDINATION:0.4606216158581788
CE_MATERIAL:0.4763691946453047
CE_KINGSAFETY:0.5206634921880225
C_PIECESQUARETABLES:0.4983141978576853
C_MOBILITY:0.44548024333027203
C_KINGSAFETY:0.5163389551767169
C_PAWNSTRUCTURE:0.5316546524320964
C_PIECECOORDINATION:0.5117973319900095
C_ROOKANDPAWNMOVEMENT:0.5117973319900095
C_CENTERCONTROL:0.44355059700210103
C_DEVELOPPIECES:0.5146451204342535
C_MATERIAL:0.5006862328518059
