ELO:1000
CE_PASSEDPAWNS:0.5
CE_PAWNWEAKNESSES:0.5121138127856643
CE_PIECEACTIVITY:0.5243334814073479
CE_KINGPAWNSHIELD:0.506333935971746
CE_PIECECOORDINATION:0.49167208266063817
CE_MATERIAL:0.4979106356868836
CE_KINGSAFETY:0.5077710799458116
C_PIECESQUARETABLES:0.5109948956837406
C_MOBILITY:0.5078298898244925
C_KINGSAFETY:0.49479836198225896
C_PAWNSTRUCTURE:0.4940907117687663
C_PIECECOORDINATION:0.5079280946237359
C_ROOK:0.499476235751109
CE_ROOK:0.5012721510588273
C_CENTERCONTROL:0.485890902076553
C_DEVELOPPIECES:0.4918497135625019
C_MATERIAL:0.5008440917742534
C_MOVECOUNT:0.500693967298306
C_PAWNMOVEMENT:0.5101912309755505
