ELO:981
CE_PASSEDPAWNS:0.5071261338292467
CE_PAWNWEAKNESSES:0.5
CE_PIECEACTIVITY:0.5103660937746946
CE_KINGPAWNSHIELD:0.5088903700142103
CE_PIECECOORDINATION:0.5
CE_MATERIAL:0.4770960738097861
CE_KINGSAFETY:0.5
C_PIECESQUARETABLES:0.49034603123922693
C_MOBILITY:0.5122708957109642
C_KINGSAFETY:0.5124614959055915
C_PAWNSTRUCTURE:0.4939768598305601
C_PIECECOORDINATION:0.4989830788800756
C_ROOKANDPAWNMOVEMENT:0.4989830788800756
C_CENTERCONTROL:0.516610668605851
C_DEVELOPPIECES:0.5023244036000151
C_MATERIAL:0.49889910549098376
C_MOVECOUNT:0.5
