ELO:953
CE_PASSEDPAWNS:0.45513785460863365
CE_PAWNWEAKNESSES:0.4428596347444477
CE_PIECEACTIVITY:0.438296393308517
CE_KINGPAWNSHIELD:0.5669752109005466
CE_PIECECOORDINATION:0.4893134897660658
CE_MATERIAL:0.5701528571379527
CE_KINGSAFETY:0.5317471348936694
C_PIECESQUARETABLES:0.44746633936714025
C_MOBILITY:0.43202470091859435
C_KINGSAFETY:0.5729445474457642
C_PAWNSTRUCTURE:0.5699472676124392
C_PIECECOORDINATION:0.4638437486540461
C_ROOKANDPAWNMOVEMENT:0.4638437486540461
C_CENTERCONTROL:0.44269898611625225
C_DEVELOPPIECES:0.5401108872769785
C_MATERIAL:0.5298362550874143
