ELO:1027
CE_PASSEDPAWNS:0.5091034148329712
CE_PAWNWEAKNESSES:0.5033454892594479
CE_PIECEACTIVITY:0.4801370515053688
CE_KINGPAWNSHIELD:0.4958876103864205
CE_PIECECOORDINATION:0.5083563648654584
CE_MATERIAL:0.48857636472926436
CE_KINGSAFETY:0.5
C_PIECESQUARETABLES:0.5
C_MOBILITY:0.5026488487209159
C_KINGSAFETY:0.5241857416820597
C_PAWNSTRUCTURE:0.5173756872893983
C_PIECECOORDINATION:0.48625320977165704
C_ROOK:0.4756613100176591
CE_ROOK:0.4938489949810382
C_CENTERCONTROL:0.5
C_DEVELOPPIECES:0.45563406218651925
C_MATERIAL:0.4863575817299442
C_MOVECOUNT:0.49937136281783495
C_PAWNMOVEMENT:0.5164683125121537
