ELO:984
CE_PASSEDPAWNS:0.49538702902290305
CE_PAWNWEAKNESSES:0.49692724315048575
CE_PIECEACTIVITY:0.48168153023936816
CE_KINGPAWNSHIELD:0.5
CE_PIECECOORDINATION:0.5075615582535797
CE_MATERIAL:0.5033225428086531
CE_KINGSAFETY:0.5
C_PIECESQUARETABLES:0.48900796653275524
C_MOBILITY:0.5110330228381852
C_KINGSAFETY:0.5138927570384157
C_PAWNSTRUCTURE:0.49657103637890626
C_PIECECOORDINATION:0.4956425726282388
C_ROOKANDPAWNMOVEMENT:0.4956425726282388
C_CENTERCONTROL:0.5035598202304726
C_DEVELOPPIECES:0.5229899994936926
C_MATERIAL:0.4993888153525662
