ELO:1000
CE_PASSEDPAWNS:0.4631510525667498
CE_PAWNWEAKNESSES:0.48098875399612046
CE_PIECEACTIVITY:0.5122366143280251
CE_KINGPAWNSHIELD:0.5263509899018823
CE_PIECECOORDINATION:0.4801331853390031
CE_MATERIAL:0.5037891375260064
CE_KINGSAFETY:0.4773431501758111
C_PIECESQUARETABLES:0.49231187885369115
C_MOBILITY:0.5279962244881278
C_KINGSAFETY:0.48155256573420313
C_PAWNSTRUCTURE:0.500217288225085
C_PIECECOORDINATION:0.5118057806821594
C_ROOKANDPAWNMOVEMENT:0.5118057806821594
C_CENTERCONTROL:0.5216090871996212
C_DEVELOPPIECES:0.5192181078820176
C_MATERIAL:0.5426186046707362
