ELO:1009
CE_PASSEDPAWNS:0.48854118148305714
CE_PAWNWEAKNESSES:0.47466543008113904
CE_PIECEACTIVITY:0.5044483528572965
CE_KINGPAWNSHIELD:0.4973917718002567
CE_PIECECOORDINATION:0.5009093622375294
CE_MATERIAL:0.4829151603166434
CE_KINGSAFETY:0.5
C_PIECESQUARETABLES:0.5
C_MOBILITY:0.503329068338103
C_KINGSAFETY:0.4540954444205863
C_PAWNSTRUCTURE:0.5004094976663463
C_PIECECOORDINATION:0.5147520835346416
C_ROOK:0.45282523255932994
CE_ROOK:0.5184133480084185
C_CENTERCONTROL:0.4797949178573378
C_DEVELOPPIECES:0.5249502262436926
C_MATERIAL:0.4907302443354715
C_MOVECOUNT:0.5063024472324568
C_PAWNMOVEMENT:0.4920975290637494
