ELO:1024
CE_PASSEDPAWNS:0.44762217324842735
CE_PAWNWEAKNESSES:0.4259859842618815
CE_PIECEACTIVITY:0.5
CE_KINGPAWNSHIELD:0.5
CE_PIECECOORDINATION:0.49265861338676525
CE_MATERIAL:0.562317376963309
CE_KINGSAFETY:0.5
C_PIECESQUARETABLES:0.5
C_MOBILITY:0.503343182060701
C_KINGSAFETY:0.5
C_PAWNSTRUCTURE:0.5
C_PIECECOORDINATION:0.4890164371698547
C_ROOKANDPAWNMOVEMENT:0.4890164371698547
C_CENTERCONTROL:0.46982275664141154
C_DEVELOPPIECES:0.4634175958668163
C_MATERIAL:0.49831507192468644
C_MOVECOUNT:0.5
