ELO:1000
CE_PASSEDPAWNS:0.503095703070598
CE_PAWNWEAKNESSES:0.5039253118741841
CE_PIECEACTIVITY:0.5108906218368519
CE_KINGPAWNSHIELD:0.5393174313378067
CE_PIECECOORDINATION:0.4858769255189722
CE_MATERIAL:0.49070046677203705
CE_KINGSAFETY:0.4986953764640241
C_PIECESQUARETABLES:0.5118582467043921
C_MOBILITY:0.5277270714737802
C_KINGSAFETY:0.4849222575321537
C_PAWNSTRUCTURE:0.49806114723380573
C_PIECECOORDINATION:0.5091841273476807
C_ROOKANDPAWNMOVEMENT:0.5091841273476807
C_CENTERCONTROL:0.526547314185882
C_DEVELOPPIECES:0.5099610744042805
C_MATERIAL:0.5426623218270189
