ELO:994
CE_PASSEDPAWNS:0.5424441301820976
CE_PAWNWEAKNESSES:0.49954479866089246
CE_PIECEACTIVITY:0.527399870673889
CE_KINGPAWNSHIELD:0.4826075983183494
CE_PIECECOORDINATION:0.5284030171610365
CE_MATERIAL:0.5029486415400907
CE_KINGSAFETY:0.48712495084889806
C_PIECESQUARETABLES:0.47960856139020375
C_MOBILITY:0.5205098565559385
C_KINGSAFETY:0.5139426424231518
C_PAWNSTRUCTURE:0.48833594425533267
C_PIECECOORDINATION:0.5033603870381202
C_ROOK:0.5088531611582436
CE_ROOK:0.5171658326484224
C_CENTERCONTROL:0.47472103151159306
C_DEVELOPPIECES:0.5050565777860326
C_MATERIAL:0.5259428197803881
C_MOVECOUNT:0.505007446620115
C_PAWNMOVEMENT:0.516303101586722
