ELO:988
CE_PASSEDPAWNS:0.39792981371987557
CE_PAWNWEAKNESSES:0.455042964550827
CE_PIECEACTIVITY:0.5055534717583172
CE_KINGPAWNSHIELD:0.4969112771905379
CE_PIECECOORDINATION:0.6092782055877115
CE_MATERIAL:0.3912447836909673
CE_KINGSAFETY:0.4962163086049922
C_PIECESQUARETABLES:0.4934721374815988
C_MOBILITY:0.6037959865431323
C_KINGSAFETY:0.5742475742575268
C_PAWNSTRUCTURE:0.6238215156239383
C_PIECECOORDINATION:0.6135308168497035
C_ROOKANDPAWNMOVEMENT:0.6135308168497035
C_CENTERCONTROL:0.3762415546551374
C_DEVELOPPIECES:0.5019170874683271
C_MATERIAL:0.5787121103352519
