ELO:1018
CE_PASSEDPAWNS:0.5270003856948134
CE_PAWNWEAKNESSES:0.4795209796067758
CE_PIECEACTIVITY:0.5106700029888525
CE_KINGPAWNSHIELD:0.48801044114110864
CE_PIECECOORDINATION:0.5083436765879812
CE_MATERIAL:0.4696064997264755
CE_KINGSAFETY:0.5
C_PIECESQUARETABLES:0.5
C_MOBILITY:0.4941184934948356
C_KINGSAFETY:0.5130426352739833
C_PAWNSTRUCTURE:0.5068332941276955
C_PIECECOORDINATION:0.5020939457019299
C_ROOK:0.5045266501051656
CE_ROOK:0.4814625853181572
C_CENTERCONTROL:0.496771288024623
C_DEVELOPPIECES:0.537502768623673
C_MATERIAL:0.4971971897610752
C_MOVECOUNT:0.49561672854330036
C_PAWNMOVEMENT:0.49482089210243535
