ELO:1008
CE_PASSEDPAWNS:0.4604436130034457
CE_PAWNWEAKNESSES:0.482153373872727
CE_PIECEACTIVITY:0.5
CE_KINGPAWNSHIELD:0.512337016501891
CE_PIECECOORDINATION:0.5040451804902757
CE_MATERIAL:0.4900163891315432
CE_KINGSAFETY:0.49668261048528994
C_PIECESQUARETABLES:0.5103768752906209
C_MOBILITY:0.519574025700711
C_KINGSAFETY:0.4919893441671582
C_PAWNSTRUCTURE:0.5
C_PIECECOORDINATION:0.48623895308012566
C_ROOKANDPAWNMOVEMENT:0.48623895308012566
C_CENTERCONTROL:0.4899995660365149
C_DEVELOPPIECES:0.4938558715424989
C_MATERIAL:0.5108515657792845
C_MOVECOUNT:0.5
