ELO:1006
CE_PASSEDPAWNS:0.5270003856948134
CE_PAWNWEAKNESSES:0.4987759338864189
CE_PIECEACTIVITY:0.5313075154750717
CE_KINGPAWNSHIELD:0.48801044114110864
CE_PIECECOORDINATION:0.5099862208455264
CE_MATERIAL:0.4696064997264755
CE_KINGSAFETY:0.5
C_PIECESQUARETABLES:0.5
C_MOBILITY:0.49924117268537715
C_KINGSAFETY:0.48347831322805296
C_PAWNSTRUCTURE:0.4951797095200419
C_PIECECOORDINATION:0.5179891344063673
C_ROOK:0.49676126426404354
CE_ROOK:0.4846549070409977
C_CENTERCONTROL:0.496771288024623
C_DEVELOPPIECES:0.5025489035147771
C_MATERIAL:0.5102334429104047
C_MOVECOUNT:0.4901162367882354
C_PAWNMOVEMENT:0.49482089210243535
