ELO:896
CE_PASSEDPAWNS:0.49522989190226696
CE_PAWNWEAKNESSES:0.4063440314509987
CE_PIECEACTIVITY:0.5460013470050755
CE_KINGPAWNSHIELD:0.6138387402933547
CE_PIECECOORDINATION:0.4879927214437723
CE_MATERIAL:0.5611416483409265
CE_KINGSAFETY:0.5
C_PIECESQUARETABLES:0.5
C_MOBILITY:0.5101968912770709
C_KINGSAFETY:0.49961001100196667
C_PAWNSTRUCTURE:0.4654827010940101
C_PIECECOORDINATION:0.40729891974951327
C_ROOKANDPAWNMOVEMENT:0.40729891974951327
C_CENTERCONTROL:0.5640129693299726
C_DEVELOPPIECES:0.4522273805497995
C_MATERIAL:0.4631418055548471
C_MOVECOUNT:0.5
