ELO:917
CE_PASSEDPAWNS:0.4655605081226793
CE_PAWNWEAKNESSES:0.5598241071712398
CE_PIECEACTIVITY:0.5248019544138082
CE_KINGPAWNSHIELD:0.5288416956161813
CE_PIECECOORDINATION:0.5756118801189172
CE_MATERIAL:0.3709377220456449
CE_KINGSAFETY:0.4879490826515778
C_PIECESQUARETABLES:0.5407043477816191
C_MOBILITY:0.4910719800393004
C_KINGSAFETY:0.5247829727675339
C_PAWNSTRUCTURE:0.43870131788288796
C_PIECECOORDINATION:0.5270707290819212
C_ROOKANDPAWNMOVEMENT:0.5270707290819212
C_CENTERCONTROL:0.46566616960429696
C_DEVELOPPIECES:0.5678348007488923
C_MATERIAL:0.5704812672669405
