ELO:995
CE_PASSEDPAWNS:0.5219737795698305
CE_PAWNWEAKNESSES:0.4787666630964847
CE_PIECEACTIVITY:0.4631861487457918
CE_KINGPAWNSHIELD:0.4994353732922823
CE_PIECECOORDINATION:0.472066816015774
CE_MATERIAL:0.4600346138688412
CE_KINGSAFETY:0.52654083101549
C_PIECESQUARETABLES:0.47308580555184204
C_MOBILITY:0.4368781703195586
C_KINGSAFETY:0.48358722260152687
C_PAWNSTRUCTURE:0.4847846934477063
C_PIECECOORDINATION:0.5147200370937788
C_ROOKANDPAWNMOVEMENT:0.5147200370937788
C_CENTERCONTROL:0.5369952282292091
C_DEVELOPPIECES:0.43855597141376723
C_MATERIAL:0.5315126018157161
