ELO:989
CE_PASSEDPAWNS:0.5141455778174668
CE_PAWNWEAKNESSES:0.470102865579733
CE_PIECEACTIVITY:0.4649400651999863
CE_KINGPAWNSHIELD:0.5196868785253289
CE_PIECECOORDINATION:0.4545223934995793
CE_MATERIAL:0.46371327669944284
CE_KINGSAFETY:0.5020409731311165
C_PIECESQUARETABLES:0.48235335311711125
C_MOBILITY:0.43437260927135607
C_KINGSAFETY:0.4286490470332593
C_PAWNSTRUCTURE:0.4618725268379484
C_PIECECOORDINATION:0.5420009726778059
C_ROOKANDPAWNMOVEMENT:0.5420009726778059
C_CENTERCONTROL:0.49335685383451167
C_DEVELOPPIECES:0.45057594930700823
C_MATERIAL:0.534147438596753
