ELO:903
CE_PASSEDPAWNS:0.5052947857003494
CE_PAWNWEAKNESSES:0.5132037787548156
CE_PIECEACTIVITY:0.4516948349501291
CE_KINGPAWNSHIELD:0.5890423045752045
CE_PIECECOORDINATION:0.48490297064347193
CE_MATERIAL:0.4728465302928714
CE_KINGSAFETY:0.5
C_PIECESQUARETABLES:0.5
C_MOBILITY:0.5683873517041729
C_KINGSAFETY:0.39255943601736737
C_PAWNSTRUCTURE:0.48403050748316384
C_PIECECOORDINATION:0.5140223956946909
C_ROOKANDPAWNMOVEMENT:0.5140223956946909
C_CENTERCONTROL:0.5238027868400249
C_DEVELOPPIECES:0.564365201417344
C_MATERIAL:0.3842312593331207
