ELO:982
CE_PASSEDPAWNS:0.4943230565691344
CE_PAWNWEAKNESSES:0.45952772762843064
CE_PIECEACTIVITY:0.44787952076438137
CE_KINGPAWNSHIELD:0.5152976196141743
CE_PIECECOORDINATION:0.4840772231075812
CE_MATERIAL:0.4743510999555542
CE_KINGSAFETY:0.5013554072366082
C_PIECESQUARETABLES:0.5016663132642959
C_MOBILITY:0.4514518973358389
C_KINGSAFETY:0.4349212991191165
C_PAWNSTRUCTURE:0.4601749849953414
C_PIECECOORDINATION:0.5272115533629137
C_ROOKANDPAWNMOVEMENT:0.5272115533629137
C_CENTERCONTROL:0.523757842498073
C_DEVELOPPIECES:0.45865823439748515
C_MATERIAL:0.5431301088064512
