ELO:1009
CE_PASSEDPAWNS:0.5
CE_PAWNWEAKNESSES:0.49343779758259654
CE_PIECEACTIVITY:0.5099979087104214
CE_KINGPAWNSHIELD:0.508621280127731
CE_PIECECOORDINATION:0.4879005170497916
CE_MATERIAL:0.5110238750556569
CE_KINGSAFETY:0.5
C_PIECESQUARETABLES:0.5
C_MOBILITY:0.5000841407832756
C_KINGSAFETY:0.5
C_PAWNSTRUCTURE:0.5
C_PIECECOORDINATION:0.5116777966195486
C_ROOKANDPAWNMOVEMENT:0.5116777966195486
C_CENTERCONTROL:0.5057051896692689
C_DEVELOPPIECES:0.508341629572972
C_MATERIAL:0.5
C_MOVECOUNT:0.5
