ELO:1009
CE_PASSEDPAWNS:0.4672830619702464
CE_PAWNWEAKNESSES:0.5018759020046714
CE_PIECEACTIVITY:0.540039635994262
CE_KINGPAWNSHIELD:0.5023110307964399
CE_PIECECOORDINATION:0.5083563648654584
CE_MATERIAL:0.5091497262333498
CE_KINGSAFETY:0.5
C_PIECESQUARETABLES:0.5
C_MOBILITY:0.47976044958124736
C_KINGSAFETY:0.5010396651413015
C_PAWNSTRUCTURE:0.5004094976663463
C_PIECECOORDINATION:0.5003514978240702
C_ROOK:0.4888618700137442
CE_ROOK:0.49173339792315435
C_CENTERCONTROL:0.4995520548321699
C_DEVELOPPIECES:0.4791895529237131
C_MATERIAL:0.523434263256855
C_MOVECOUNT:0.5097475948095455
C_PAWNMOVEMENT:0.517665448424873
