ELO:943
CE_PASSEDPAWNS:0.5269158678759592
CE_PAWNWEAKNESSES:0.47738085317291107
CE_PIECEACTIVITY:0.5071382570163774
CE_KINGPAWNSHIELD:0.46452651993750516
CE_PIECECOORDINATION:0.5292932210851071
CE_MATERIAL:0.46035432690749883
CE_KINGSAFETY:0.5
C_PIECESQUARETABLES:0.5
C_MOBILITY:0.48359956867802156
C_KINGSAFETY:0.5201484356548572
C_PAWNSTRUCTURE:0.5121543886242734
C_PIECECOORDINATION:0.4660468412709375
C_ROOKANDPAWNMOVEMENT:0.4660468412709375
C_CENTERCONTROL:0.40737265873548006
C_DEVELOPPIECES:0.45515856606073235
C_MATERIAL:0.4899336518238988
C_MOVECOUNT:0.5
