ELO:985
CE_PASSEDPAWNS:0.5166101950907506
CE_PAWNWEAKNESSES:0.5285877150920296
CE_PIECEACTIVITY:0.5371574881501671
CE_KINGPAWNSHIELD:0.4727074383820546
CE_PIECECOORDINATION:0.5257806822480223
CE_MATERIAL:0.5070325540897792
CE_KINGSAFETY:0.4930009853131704
C_PIECESQUARETABLES:0.49656688917541775
C_MOBILITY:0.5205580085258119
C_KINGSAFETY:0.5
C_PAWNSTRUCTURE:0.495091055507844
C_PIECECOORDINATION:0.5026524613840072
C_ROOK:0.5114249494703064
CE_ROOK:0.5124962936010785
C_CENTERCONTROL:0.48880660361003714
C_DEVELOPPIECES:0.5
C_MATERIAL:0.5218354224872535
C_MOVECOUNT:0.5095456655829714
C_PAWNMOVEMENT:0.5049111816515303
