ELO:1034
CE_PASSEDPAWNS:0.46762423752826154
CE_PAWNWEAKNESSES:0.490055019700637
CE_PIECEACTIVITY:0.5052771341839453
CE_KINGPAWNSHIELD:0.537914036778942
CE_PIECECOORDINATION:0.5024697953801938
CE_MATERIAL:0.5244028772243329
CE_KINGSAFETY:0.5
C_PIECESQUARETABLES:0.5
C_MOBILITY:0.41693084070008396
C_KINGSAFETY:0.5329957667129303
C_PAWNSTRUCTURE:0.485589642265459
C_PIECECOORDINATION:0.49591198082638477
C_ROOKANDPAWNMOVEMENT:0.49591198082638477
C_CENTERCONTROL:0.4385048617886418
C_DEVELOPPIECES:0.4909860014279429
C_MATERIAL:0.46982459527815784
C_MOVECOUNT:0.514566782606185
