ELO:909
CE_PASSEDPAWNS:0.4447688840503782
CE_PAWNWEAKNESSES:0.4300702609617422
CE_PIECEACTIVITY:0.5640008544761167
CE_KINGPAWNSHIELD:0.4082763813669513
CE_PIECECOORDINATION:0.5104234017429506
CE_MATERIAL:0.49695682770202126
CE_KINGSAFETY:0.4322661757353871
C_PIECESQUARETABLES:0.48466605617921726
C_MOBILITY:0.49300136796051824
C_KINGSAFETY:0.42731998108032826
C_PAWNSTRUCTURE:0.5858884035351043
C_PIECECOORDINATION:0.4476109994019014
C_ROOKANDPAWNMOVEMENT:0.4476109994019014
C_CENTERCONTROL:0.5701741669844554
C_DEVELOPPIECES:0.4834757865692753
C_MATERIAL:0.5671546060462961
