ELO:1057
CE_PASSEDPAWNS:0.5065790784845459
CE_PAWNWEAKNESSES:0.4390725085333269
CE_PIECEACTIVITY:0.5045273297886825
CE_KINGPAWNSHIELD:0.5175327452018723
CE_PIECECOORDINATION:0.5026983363909915
CE_MATERIAL:0.5422566771059806
CE_KINGSAFETY:0.5
C_PIECESQUARETABLES:0.5
C_MOBILITY:0.5
C_KINGSAFETY:0.5
C_PAWNSTRUCTURE:0.5032179713012929
C_PIECECOORDINATION:0.4726140488259926
C_ROOKANDPAWNMOVEMENT:0.4726140488259926
C_CENTERCONTROL:0.5
C_DEVELOPPIECES:0.47262760457633274
C_MATERIAL:0.47521725073557747
C_MOVECOUNT:0.5
