ELO:947
CE_PASSEDPAWNS:0.3981093966689988
CE_PAWNWEAKNESSES:0.4157018849158433
CE_PIECEACTIVITY:0.5624284826591897
CE_KINGPAWNSHIELD:0.4295755625237619
CE_PIECECOORDINATION:0.5154782214529209
CE_MATERIAL:0.49666834517881053
CE_KINGSAFETY:0.5095326209087695
C_PIECESQUARETABLES:0.5153619406517826
C_MOBILITY:0.48543731476032087
C_KINGSAFETY:0.487319109223146
C_PAWNSTRUCTURE:0.5757803609183408
C_PIECECOORDINATION:0.4703217734935094
C_ROOKANDPAWNMOVEMENT:0.4703217734935094
C_CENTERCONTROL:0.5563113557950151
C_DEVELOPPIECES:0.47225726134698304
C_MATERIAL:0.5435473494879474
