ELO:973
CE_PASSEDPAWNS:0.5135558357489657
CE_PAWNWEAKNESSES:0.4909980639385178
CE_PIECEACTIVITY:0.4522119355380143
CE_KINGPAWNSHIELD:0.5121126867573249
CE_PIECECOORDINATION:0.4766737925175902
CE_MATERIAL:0.4816602692026385
CE_KINGSAFETY:0.49915339781582024
C_PIECESQUARETABLES:0.5
C_MOBILITY:0.4762222774680199
C_KINGSAFETY:0.4224864175127881
C_PAWNSTRUCTURE:0.4708901593129722
C_PIECECOORDINATION:0.5403277033766442
C_ROOKANDPAWNMOVEMENT:0.5403277033766442
C_CENTERCONTROL:0.5224959812419491
C_DEVELOPPIECES:0.447785051293267
C_MATERIAL:0.5467501664865525
