ELO:945
CE_PASSEDPAWNS:0.47781573685581136
CE_PAWNWEAKNESSES:0.5098418542352253
CE_PIECEACTIVITY:0.48950231578947534
CE_KINGPAWNSHIELD:0.46701976624466807
CE_PIECECOORDINATION:0.5254639287438814
CE_MATERIAL:0.4916632366975667
CE_KINGSAFETY:0.505430759243835
C_PIECESQUARETABLES:0.5023676062214608
C_MOBILITY:0.5305964926228646
C_KINGSAFETY:0.48616115750435046
C_PAWNSTRUCTURE:0.5352531709290982
C_PIECECOORDINATION:0.5109883289375442
C_ROOK:0.497006990327556
CE_ROOK:0.5279619064164109
C_CENTERCONTROL:0.5278529100031427
C_DEVELOPPIECES:0.5021145787847363
C_MATERIAL:0.4969813643342324
C_MOVECOUNT:0.49850519954412426
C_PAWNMOVEMENT:0.4643990203454872
