ELO:968
CE_PASSEDPAWNS:0.5426110962350345
CE_PAWNWEAKNESSES:0.49342156264132053
CE_PIECEACTIVITY:0.49921605031563
CE_KINGPAWNSHIELD:0.4783889472225887
CE_PIECECOORDINATION:0.5424812312525934
CE_MATERIAL:0.5014349864757827
CE_KINGSAFETY:0.5009767579695542
C_PIECESQUARETABLES:0.4876102377793869
C_MOBILITY:0.5055093706188798
C_KINGSAFETY:0.5201823104352818
C_PAWNSTRUCTURE:0.47329450552269364
C_PIECECOORDINATION:0.5321722681370777
C_ROOKANDPAWNMOVEMENT:0.5321722681370777
C_CENTERCONTROL:0.49510834694609807
C_DEVELOPPIECES:0.5117862459561824
C_MATERIAL:0.5069237692989075
C_MOVECOUNT:0.5
