ELO:1009
CE_PASSEDPAWNS:0.5073274378676906
CE_PAWNWEAKNESSES:0.513316102629144
CE_PIECEACTIVITY:0.49558962566582854
CE_KINGPAWNSHIELD:0.4955419174468468
CE_PIECECOORDINATION:0.5009093622375294
CE_MATERIAL:0.4829151603166434
CE_KINGSAFETY:0.5
C_PIECESQUARETABLES:0.5
C_MOBILITY:0.48659007835124873
C_KINGSAFETY:0.4540954444205863
C_PAWNSTRUCTURE:0.49351718152888674
C_PIECECOORDINATION:0.509803514540476
C_ROOK:0.4883232172404439
CE_ROOK:0.498203700551621
C_CENTERCONTROL:0.5006688284442861
C_DEVELOPPIECES:0.45604698656746484
C_MATERIAL:0.5070043979534633
C_MOVECOUNT:0.4980037723595362
C_PAWNMOVEMENT:0.5350473590518101
