ELO:929
CE_PASSEDPAWNS:0.4211779324402765
CE_PAWNWEAKNESSES:0.42793934472902967
CE_PIECEACTIVITY:0.5735459646716986
CE_KINGPAWNSHIELD:0.39894858260907556
CE_PIECECOORDINATION:0.5159742283660018
CE_MATERIAL:0.49239055572063983
CE_KINGSAFETY:0.4579077607306698
C_PIECESQUARETABLES:0.47742703936622144
C_MOBILITY:0.46683647771696
C_KINGSAFETY:0.4431302205499108
C_PAWNSTRUCTURE:0.6028480281846362
C_PIECECOORDINATION:0.4840022530176723
C_ROOKANDPAWNMOVEMENT:0.4840022530176723
C_CENTERCONTROL:0.5691209918645547
C_DEVELOPPIECES:0.488476698181394
C_MATERIAL:0.5657726729101753
