ELO:1009
CE_PASSEDPAWNS:0.5163565444381443
CE_PAWNWEAKNESSES:0.4758549934309976
CE_PIECEACTIVITY:0.48192327502881066
CE_KINGPAWNSHIELD:0.4973917718002567
CE_PIECECOORDINATION:0.47288670749847495
CE_MATERIAL:0.4829151603166434
CE_KINGSAFETY:0.5
C_PIECESQUARETABLES:0.5
C_MOBILITY:0.503329068338103
C_KINGSAFETY:0.4540954444205863
C_PAWNSTRUCTURE:0.5004094976663463
C_PIECECOORDINATION:0.5147520835346416
C_ROOK:0.4886227711790178
CE_ROOK:0.5091387913428207
C_CENTERCONTROL:0.4797949178573378
C_DEVELOPPIECES:0.5249502262436926
C_MATERIAL:0.4973388510432344
C_MOVECOUNT:0.492103632470198
C_PAWNMOVEMENT:0.4920975290637494
