ELO:967
CE_PASSEDPAWNS:0.5140296659399386
CE_PAWNWEAKNESSES:0.49922015408678605
CE_PIECEACTIVITY:0.4459251777392012
CE_KINGPAWNSHIELD:0.49558898692346054
CE_PIECECOORDINATION:0.49274447696328527
CE_MATERIAL:0.4729721393743434
CE_KINGSAFETY:0.4911065001384913
C_PIECESQUARETABLES:0.5
C_MOBILITY:0.46656223210522474
C_KINGSAFETY:0.4197137532935692
C_PAWNSTRUCTURE:0.4590533028938561
C_PIECECOORDINATION:0.5558112018452538
C_ROOKANDPAWNMOVEMENT:0.5558112018452538
C_CENTERCONTROL:0.5256353340526989
C_DEVELOPPIECES:0.46127452342829245
C_MATERIAL:0.5413963207739247
