ELO:940
CE_PASSEDPAWNS:0.46951144604165695
CE_PAWNWEAKNESSES:0.4850709853883662
CE_PIECEACTIVITY:0.5065454078416923
CE_KINGPAWNSHIELD:0.4366272098867214
CE_PIECECOORDINATION:0.5305490617300043
CE_MATERIAL:0.48736307160558984
CE_KINGSAFETY:0.5
C_PIECESQUARETABLES:0.5
C_MOBILITY:0.5256688304432737
C_KINGSAFETY:0.48887107610096037
C_PAWNSTRUCTURE:0.5349284740870462
C_PIECECOORDINATION:0.5109883289375442
C_ROOK:0.49839996954083743
CE_ROOK:0.5290661575615636
C_CENTERCONTROL:0.5225980707887986
C_DEVELOPPIECES:0.4955653056206209
C_MATERIAL:0.518624601014649
C_MOVECOUNT:0.4896001093816988
C_PAWNMOVEMENT:0.45238672050388895
