ELO:1038
CE_PASSEDPAWNS:0.4948427292618502
CE_PAWNWEAKNESSES:0.45970070309526584
CE_PIECEACTIVITY:0.5099979087104214
CE_KINGPAWNSHIELD:0.45129349255670376
CE_PIECECOORDINATION:0.5121939847453969
CE_MATERIAL:0.5601862785699372
CE_KINGSAFETY:0.5
C_PIECESQUARETABLES:0.5
C_MOBILITY:0.503343182060701
C_KINGSAFETY:0.5212630770538783
C_PAWNSTRUCTURE:0.47069581632315793
C_PIECECOORDINATION:0.47157051836009234
C_ROOKANDPAWNMOVEMENT:0.47157051836009234
C_CENTERCONTROL:0.4708432329538287
C_DEVELOPPIECES:0.5
C_MATERIAL:0.49617683533457546
C_MOVECOUNT:0.5
