ELO:995
CE_PASSEDPAWNS:0.5
CE_PAWNWEAKNESSES:0.5067062700124377
CE_PIECEACTIVITY:0.49574693594000435
CE_KINGPAWNSHIELD:0.4963816919815304
CE_PIECECOORDINATION:0.4948509351891239
CE_MATERIAL:0.5124132612579898
CE_KINGSAFETY:0.5052331924077025
C_PIECESQUARETABLES:0.5102425313042236
C_MOBILITY:0.5268291984537178
C_KINGSAFETY:0.5018828446758403
C_PAWNSTRUCTURE:0.5
C_PIECECOORDINATION:0.5017563486109428
C_ROOKANDPAWNMOVEMENT:0.5017563486109428
C_CENTERCONTROL:0.5199836936457659
C_DEVELOPPIECES:0.49837222155489275
C_MATERIAL:0.5
C_MOVECOUNT:0.5
