ELO:1010
CE_PASSEDPAWNS:0.5113334919843036
CE_PAWNWEAKNESSES:0.4908273960924968
CE_PIECEACTIVITY:0.49558962566582854
CE_KINGPAWNSHIELD:0.5023110307964399
CE_PIECECOORDINATION:0.5009093622375294
CE_MATERIAL:0.4829151603166434
CE_KINGSAFETY:0.5
C_PIECESQUARETABLES:0.5
C_MOBILITY:0.5057806671062562
C_KINGSAFETY:0.4540954444205863
C_PAWNSTRUCTURE:0.48878633853806785
C_PIECECOORDINATION:0.5033188314669358
C_ROOK:0.47111450233252583
CE_ROOK:0.4875252414280208
C_CENTERCONTROL:0.46593201512716276
C_DEVELOPPIECES:0.5255994280324449
C_MATERIAL:0.481774444455621
C_MOVECOUNT:0.49509957045493014
C_PAWNMOVEMENT:0.49559199756947975
