ELO:951
CE_PASSEDPAWNS:0.5186704104170772
CE_PAWNWEAKNESSES:0.49198474907377765
CE_PIECEACTIVITY:0.4222011239740073
CE_KINGPAWNSHIELD:0.5051459277028277
CE_PIECECOORDINATION:0.5047954529759617
CE_MATERIAL:0.46130432928724974
CE_KINGSAFETY:0.4758450481525475
C_PIECESQUARETABLES:0.5012833926491143
C_MOBILITY:0.4582438798272517
C_KINGSAFETY:0.4068840259391916
C_PAWNSTRUCTURE:0.48319628843507917
C_PIECECOORDINATION:0.5498595199586351
C_ROOKANDPAWNMOVEMENT:0.5498595199586351
C_CENTERCONTROL:0.5155750493635384
C_DEVELOPPIECES:0.471407569752834
C_MATERIAL:0.5192562716475585
