ELO:994
CE_PASSEDPAWNS:0.5073274378676906
CE_PAWNWEAKNESSES:0.5058600453412452
CE_PIECEACTIVITY:0.5059044144843033
CE_KINGPAWNSHIELD:0.47553927789317674
CE_PIECECOORDINATION:0.4903581243828067
CE_MATERIAL:0.4843400746473582
CE_KINGSAFETY:0.5
C_PIECESQUARETABLES:0.5
C_MOBILITY:0.525877598042396
C_KINGSAFETY:0.47719324272971314
C_PAWNSTRUCTURE:0.5192282882534173
C_PIECECOORDINATION:0.5009852795487845
C_ROOK:0.5223944220193748
CE_ROOK:0.5294343876116507
C_CENTERCONTROL:0.5105169174189829
C_DEVELOPPIECES:0.4827476482380969
C_MATERIAL:0.5146202815946229
C_MOVECOUNT:0.5021343610710851
C_PAWNMOVEMENT:0.5049960021239764
