ELO:923
CE_PASSEDPAWNS:0.4909066882239642
CE_PAWNWEAKNESSES:0.38912200929029683
CE_PIECEACTIVITY:0.5
CE_KINGPAWNSHIELD:0.4155113751696943
CE_PIECECOORDINATION:0.5596212806240942
CE_MATERIAL:0.41454611520159973
CE_KINGSAFETY:0.5
C_PIECESQUARETABLES:0.5
C_MOBILITY:0.39698554990370943
C_KINGSAFETY:0.5754324547780744
C_PAWNSTRUCTURE:0.49155286495881056
C_PIECECOORDINATION:0.5
C_ROOKANDPAWNMOVEMENT:0.5
C_CENTERCONTROL:0.40737265873548006
C_DEVELOPPIECES:0.47503012232711017
C_MATERIAL:0.46519052604340305
C_MOVECOUNT:0.5
