ELO:999
CE_PASSEDPAWNS:0.5017104502217514
CE_PAWNWEAKNESSES:0.5
CE_PIECEACTIVITY:0.5071228053023258
CE_KINGPAWNSHIELD:0.4910185594606518
CE_PIECECOORDINATION:0.49763067586818754
CE_MATERIAL:0.5
CE_KINGSAFETY:0.4961391579996569
C_PIECESQUARETABLES:0.5
C_MOBILITY:0.5
C_KINGSAFETY:0.5
C_PAWNSTRUCTURE:0.4973568888167586
C_PIECECOORDINATION:0.49085811845257377
C_ROOKANDPAWNMOVEMENT:0.49085811845257377
C_CENTERCONTROL:0.49072576105616755
C_DEVELOPPIECES:0.4990386492451449
C_MATERIAL:0.4982023664515978
C_MOVECOUNT:0.5002162550763851
