ELO:899
CE_PASSEDPAWNS:0.5360116419400068
CE_PAWNWEAKNESSES:0.47511788285382195
CE_PIECEACTIVITY:0.43476917773962315
CE_KINGPAWNSHIELD:0.512318275173553
CE_PIECECOORDINATION:0.5105003842628341
CE_MATERIAL:0.43740033449749594
CE_KINGSAFETY:0.49277079544920455
C_PIECESQUARETABLES:0.5052923858007031
C_MOBILITY:0.4800410629343288
C_KINGSAFETY:0.40385860159567694
C_PAWNSTRUCTURE:0.4795317979596293
C_PIECECOORDINATION:0.5262763444012383
C_ROOKANDPAWNMOVEMENT:0.5262763444012383
C_CENTERCONTROL:0.505161324819726
C_DEVELOPPIECES:0.4699732362198329
C_MATERIAL:0.5549911089133428
