ELO:1024
CE_PASSEDPAWNS:0.5
CE_PAWNWEAKNESSES:0.504139893248912
CE_PIECEACTIVITY:0.49987002726682456
CE_KINGPAWNSHIELD:0.5077811234167837
CE_PIECECOORDINATION:0.5
CE_MATERIAL:0.5163571783361794
CE_KINGSAFETY:0.5
C_PIECESQUARETABLES:0.49649062163260665
C_MOBILITY:0.5056522998174472
C_KINGSAFETY:0.5
C_PAWNSTRUCTURE:0.5
C_PIECECOORDINATION:0.49241590478135727
C_ROOKANDPAWNMOVEMENT:0.49241590478135727
C_CENTERCONTROL:0.49652210411877945
C_DEVELOPPIECES:0.5046060813677019
C_MATERIAL:0.4817193056796904
C_MOVECOUNT:0.49124016883981486
