ELO:914
CE_PASSEDPAWNS:0.5232277830264269
CE_PAWNWEAKNESSES:0.4942978253442319
CE_PIECEACTIVITY:0.42924630575019224
CE_KINGPAWNSHIELD:0.5028951263543399
CE_PIECECOORDINATION:0.49382833435590706
CE_MATERIAL:0.4479490513006727
CE_KINGSAFETY:0.48608612800240686
C_PIECESQUARETABLES:0.5100039649752489
C_MOBILITY:0.4882168883761554
C_KINGSAFETY:0.39285998575803993
C_PAWNSTRUCTURE:0.46571584023068785
C_PIECECOORDINATION:0.5331044089043825
C_ROOKANDPAWNMOVEMENT:0.5331044089043825
C_CENTERCONTROL:0.5228466147858702
C_DEVELOPPIECES:0.45268225799495593
C_MATERIAL:0.5422104971421523
