ELO:1000
CE_PASSEDPAWNS:0.5000982539323378
CE_PAWNWEAKNESSES:0.5072805159052933
CE_PIECEACTIVITY:0.4288864360133496
CE_KINGPAWNSHIELD:0.5105667909938103
CE_PIECECOORDINATION:0.5230120770473483
CE_MATERIAL:0.4839799259730271
CE_KINGSAFETY:0.504929710163196
C_PIECESQUARETABLES:0.48315851588006
C_MOBILITY:0.43300257424793187
C_KINGSAFETY:0.5046107389990626
C_PAWNSTRUCTURE:0.5051843760936638
C_PIECECOORDINATION:0.4558214900542486
C_ROOKANDPAWNMOVEMENT:0.4558214900542486
C_CENTERCONTROL:0.51619026346672
C_DEVELOPPIECES:0.43211792644666774
C_MATERIAL:0.5068859477441944
