ELO:999
CE_PASSEDPAWNS:0.5
CE_PAWNWEAKNESSES:0.5123401989838688
CE_PIECEACTIVITY:0.5
CE_KINGPAWNSHIELD:0.5
CE_PIECECOORDINATION:0.5
CE_MATERIAL:0.5
CE_KINGSAFETY:0.5
C_PIECESQUARETABLES:0.48806740688035416
C_MOBILITY:0.4912465710994087
C_KINGSAFETY:0.5003471944984403
C_PAWNSTRUCTURE:0.5002246015811501
C_PIECECOORDINATION:0.5116777966195486
C_ROOKANDPAWNMOVEMENT:0.5116777966195486
C_CENTERCONTROL:0.5
C_DEVELOPPIECES:0.4963400653164192
C_MATERIAL:0.5
C_MOVECOUNT:0.5
