ELO:939
CE_PASSEDPAWNS:0.5186358628366381
CE_PAWNWEAKNESSES:0.47363421569178604
CE_PIECEACTIVITY:0.4599110301278654
CE_KINGPAWNSHIELD:0.4900034023998283
CE_PIECECOORDINATION:0.4987748475211181
CE_MATERIAL:0.42612879004445314
CE_KINGSAFETY:0.4766850894696447
C_PIECESQUARETABLES:0.4695244925742825
C_MOBILITY:0.4902390257894313
C_KINGSAFETY:0.4073040735012894
C_PAWNSTRUCTURE:0.4743647237789719
C_PIECECOORDINATION:0.5263251458882624
C_ROOKANDPAWNMOVEMENT:0.5263251458882624
C_CENTERCONTROL:0.4897259387543741
C_DEVELOPPIECES:0.4560094315116222
C_MATERIAL:0.5661294092934864
