ELO:935
CE_PASSEDPAWNS:0.5851588168054968
CE_PAWNWEAKNESSES:0.501277316285474
CE_PIECEACTIVITY:0.5173613475769865
CE_KINGPAWNSHIELD:0.5327372530986952
CE_PIECECOORDINATION:0.5051496199167317
CE_MATERIAL:0.4897946642284316
CE_KINGSAFETY:0.5
C_PIECESQUARETABLES:0.5
C_MOBILITY:0.5097713678456285
C_KINGSAFETY:0.5033883541099095
C_PAWNSTRUCTURE:0.49482736387542736
C_PIECECOORDINATION:0.499976604016106
C_ROOKANDPAWNMOVEMENT:0.499976604016106
C_CENTERCONTROL:0.4695797758962088
C_DEVELOPPIECES:0.5042619920747541
C_MATERIAL:0.4934958907483694
C_MOVECOUNT:0.5
