ELO:1000
CE_PASSEDPAWNS:0.38931207970133325
CE_PAWNWEAKNESSES:0.4638828301715365
CE_PIECEACTIVITY:0.5272598260190214
CE_KINGPAWNSHIELD:0.5837536002194178
CE_PIECECOORDINATION:0.4838792164968476
CE_MATERIAL:0.4538202421650953
CE_KINGSAFETY:0.4921746341669831
C_PIECESQUARETABLES:0.4931669064574744
C_MOBILITY:0.48149851706698266
C_KINGSAFETY:0.482018770026396
C_PAWNSTRUCTURE:0.4946339781107554
C_PIECECOORDINATION:0.5149556620428459
C_ROOKANDPAWNMOVEMENT:0.5149556620428459
C_CENTERCONTROL:0.5444270518379171
C_DEVELOPPIECES:0.4446867944487528
C_MATERIAL:0.5771476095547359
