ELO:976
CE_PASSEDPAWNS:0.5187062818798
CE_PAWNWEAKNESSES:0.4932661210369963
CE_PIECEACTIVITY:0.494533736603784
CE_KINGPAWNSHIELD:0.5
CE_PIECECOORDINATION:0.49047410108865735
CE_MATERIAL:0.5
CE_KINGSAFETY:0.49527734471168927
C_PIECESQUARETABLES:0.4971732853358136
C_MOBILITY:0.49771570673467663
C_KINGSAFETY:0.5
C_PAWNSTRUCTURE:0.5177548744516113
C_PIECECOORDINATION:0.5114033844661096
C_ROOKANDPAWNMOVEMENT:0.5114033844661096
C_CENTERCONTROL:0.4949561753418911
C_DEVELOPPIECES:0.5
C_MATERIAL:0.5003475659951686
