ELO:1012
CE_PASSEDPAWNS:0.5174828676203559
CE_PAWNWEAKNESSES:0.5
CE_PIECEACTIVITY:0.5
CE_KINGPAWNSHIELD:0.49709706297703693
CE_PIECECOORDINATION:0.5
CE_MATERIAL:0.5016055182069986
CE_KINGSAFETY:0.48766494880985267
C_PIECESQUARETABLES:0.5
C_MOBILITY:0.5
C_KINGSAFETY:0.513319082357872
C_PAWNSTRUCTURE:0.5000428431545416
C_PIECECOORDINATION:0.5
C_ROOKANDPAWNMOVEMENT:0.5
C_CENTERCONTROL:0.49504776613243817
C_DEVELOPPIECES:0.5120850822795441
C_MATERIAL:0.5004177425788948
C_MOVECOUNT:0.4980942693341561
