ELO:1000
CE_PASSEDPAWNS:0.48914844968761284
CE_PAWNWEAKNESSES:0.4948094598698621
CE_PIECEACTIVITY:0.5060281991987715
CE_KINGPAWNSHIELD:0.47495898661946695
CE_PIECECOORDINATION:0.5096032838379425
CE_MATERIAL:0.5025247880162965
CE_KINGSAFETY:0.5
C_PIECESQUARETABLES:0.5
C_MOBILITY:0.4740841787453959
C_KINGSAFETY:0.48722015071457525
C_PAWNSTRUCTURE:0.5278689278144296
C_PIECECOORDINATION:0.5049794286229208
C_ROOKANDPAWNMOVEMENT:0.5049794286229208
C_CENTERCONTROL:0.5
C_DEVELOPPIECES:0.5020902303506988
C_MATERIAL:0.5054446217150789
C_MOVECOUNT:0.5138635319544032
