ELO:1001
CE_PASSEDPAWNS:0.40772031443821133
CE_PAWNWEAKNESSES:0.5001874255599646
CE_PIECEACTIVITY:0.55858019695661
CE_KINGPAWNSHIELD:0.5414944337936595
CE_PIECECOORDINATION:0.5138962178399454
CE_MATERIAL:0.4049016234392006
CE_KINGSAFETY:0.5054420017149645
C_PIECESQUARETABLES:0.49626664578174584
C_MOBILITY:0.4929318009364029
C_KINGSAFETY:0.5144994665604943
C_PAWNSTRUCTURE:0.5055871218218119
C_PIECECOORDINATION:0.6135308168497035
C_ROOKANDPAWNMOVEMENT:0.6135308168497035
C_CENTERCONTROL:0.3628208528192532
C_DEVELOPPIECES:0.43569158432077937
C_MATERIAL:0.6201906658387899
