ELO:976
CE_PASSEDPAWNS:0.4940018157151712
CE_PAWNWEAKNESSES:0.4825696015376038
CE_PIECEACTIVITY:0.5150716065519699
CE_KINGPAWNSHIELD:0.4844826829253318
CE_PIECECOORDINATION:0.5074685198835751
CE_MATERIAL:0.5003534540784692
CE_KINGSAFETY:0.5
C_PIECESQUARETABLES:0.5
C_MOBILITY:0.48918306040433956
C_KINGSAFETY:0.5030681318569454
C_PAWNSTRUCTURE:0.540969233329381
C_PIECECOORDINATION:0.5040425884777654
C_ROOKANDPAWNMOVEMENT:0.5040425884777654
C_CENTERCONTROL:0.5089339082328764
C_DEVELOPPIECES:0.48104735049506964
C_MATERIAL:0.5113211357103183
C_MOVECOUNT:0.4992229907758248
