ELO:1000
CE_PASSEDPAWNS:0.528727713043417
CE_PAWNWEAKNESSES:0.4215098408408658
CE_PIECEACTIVITY:0.5206065625221393
CE_KINGPAWNSHIELD:0.46350067874283724
CE_PIECECOORDINATION:0.48957050856509615
CE_MATERIAL:0.49564171909628374
CE_KINGSAFETY:0.490752222483467
C_PIECESQUARETABLES:0.46756402279930775
C_MOBILITY:0.5156638131411724
C_KINGSAFETY:0.4881017025372394
C_PAWNSTRUCTURE:0.5517063935809693
C_PIECECOORDINATION:0.5395468695245326
C_ROOKANDPAWNMOVEMENT:0.5395468695245326
C_CENTERCONTROL:0.5315945351304571
C_DEVELOPPIECES:0.5130031177638871
C_MATERIAL:0.5178816093590262
