ELO:953
CE_PASSEDPAWNS:0.5178872762913035
CE_PAWNWEAKNESSES:0.5196609492869252
CE_PIECEACTIVITY:0.5239466526242834
CE_KINGPAWNSHIELD:0.5099044729991317
CE_PIECECOORDINATION:0.5124320591401976
CE_MATERIAL:0.4903662706602883
CE_KINGSAFETY:0.4911350608030948
C_PIECESQUARETABLES:0.5113335879721117
C_MOBILITY:0.49434180040610987
C_KINGSAFETY:0.48428658497846605
C_PAWNSTRUCTURE:0.51144689546838
C_PIECECOORDINATION:0.459537600584338
C_ROOK:0.5163282935818166
CE_ROOK:0.5016271285980454
C_CENTERCONTROL:0.5009647358465512
C_DEVELOPPIECES:0.4842021222691011
C_MATERIAL:0.5291539697200806
C_MOVECOUNT:0.522200613513685
C_PAWNMOVEMENT:0.49808378443552853
