ELO:1104
CE_PASSEDPAWNS:0.4522391623994131
CE_PAWNWEAKNESSES:0.4476413466186686
CE_PIECEACTIVITY:0.4896507711185802
CE_KINGPAWNSHIELD:0.4163559443447905
CE_PIECECOORDINATION:0.4740445867024571
CE_MATERIAL:0.4447015913942434
CE_KINGSAFETY:0.5016741236506457
C_PIECESQUARETABLES:0.5
C_MOBILITY:0.41818160936552917
C_KINGSAFETY:0.6374809102290377
C_PAWNSTRUCTURE:0.4521849616534268
C_PIECECOORDINATION:0.4886580873218714
C_ROOKANDPAWNMOVEMENT:0.4886580873218714
C_CENTERCONTROL:0.5089512823005221
C_DEVELOPPIECES:0.5594653719994186
C_MATERIAL:0.38348702664066087
