ELO:946
CE_PASSEDPAWNS:0.5212231131688629
CE_PAWNWEAKNESSES:0.5605343536459112
CE_PIECEACTIVITY:0.5331877367209558
CE_KINGPAWNSHIELD:0.3854016514161875
CE_PIECECOORDINATION:0.397590225518965
CE_MATERIAL:0.516832262535465
CE_KINGSAFETY:0.4873321481535426
C_PIECESQUARETABLES:0.4901097573838168
C_MOBILITY:0.3546222648352803
C_KINGSAFETY:0.49628472149843705
C_PAWNSTRUCTURE:0.537039481159137
C_PIECECOORDINATION:0.4605467830496482
C_ROOKANDPAWNMOVEMENT:0.4605467830496482
C_CENTERCONTROL:0.4729155844915632
C_DEVELOPPIECES:0.4665542533804226
C_MATERIAL:0.40796661331290074
