ELO:740
CE_PASSEDPAWNS:0.4869770403072073
CE_PAWNWEAKNESSES:0.4813727547743453
CE_PIECEACTIVITY:0.4650269357328487
CE_KINGPAWNSHIELD:0.4836083211248432
CE_PIECECOORDINATION:0.49119735505432777
CE_MATERIAL:0.5799014695189785
CE_KINGSAFETY:0.505203186019571
C_PIECESQUARETABLES:0.5392258817178982
C_MOBILITY:0.44564953771362825
C_KINGSAFETY:0.5358056600459272
C_PAWNSTRUCTURE:0.4888831345355323
C_PIECECOORDINATION:0.5269039192818327
C_ROOKANDPAWNMOVEMENT:0.5269039192818327
C_CENTERCONTROL:0.47091086669265875
C_DEVELOPPIECES:0.5465860294249782
C_MATERIAL:0.3710317102591303
C_MOVECOUNT:0.5159293611995244
