ELO:847
CE_PASSEDPAWNS:0.5295728441787403
CE_PAWNWEAKNESSES:0.5227118525541607
CE_PIECEACTIVITY:0.47585476537603516
CE_KINGPAWNSHIELD:0.47911857601348057
CE_PIECECOORDINATION:0.5179186030241216
CE_MATERIAL:0.5089359927427125
CE_KINGSAFETY:0.4865307501747808
C_PIECESQUARETABLES:0.48152466609429817
C_MOBILITY:0.48219593847927666
C_KINGSAFETY:0.5168221895362767
C_PAWNSTRUCTURE:0.471147539618882
C_PIECECOORDINATION:0.5125565455456563
C_ROOKANDPAWNMOVEMENT:0.5125565455456563
C_CENTERCONTROL:0.49588604148713794
C_DEVELOPPIECES:0.5435000272677319
C_MATERIAL:0.5220927226926554
C_MOVECOUNT:0.4835723544428414
