ELO:994
CE_PASSEDPAWNS:0.5104053010400758
CE_PAWNWEAKNESSES:0.5
CE_PIECEACTIVITY:0.4996782823177221
CE_KINGPAWNSHIELD:0.48788484069077037
CE_PIECECOORDINATION:0.5082290116829044
CE_MATERIAL:0.48930481214307514
CE_KINGSAFETY:0.4845301103723223
C_PIECESQUARETABLES:0.5117304324194606
C_MOBILITY:0.5107180640885828
C_KINGSAFETY:0.5014709942975691
C_PAWNSTRUCTURE:0.4984310790985788
C_PIECECOORDINATION:0.5
C_ROOKANDPAWNMOVEMENT:0.5
C_CENTERCONTROL:0.5134837411741564
C_DEVELOPPIECES:0.4953633164966704
C_MATERIAL:0.5
