ELO:1000
CE_PASSEDPAWNS:0.5272192780520732
CE_PAWNWEAKNESSES:0.4921367331364568
CE_PIECEACTIVITY:0.5178973924941349
CE_KINGPAWNSHIELD:0.4418275200836054
CE_PIECECOORDINATION:0.4169671881760267
CE_MATERIAL:0.4419230777940095
CE_KINGSAFETY:0.5358500383781036
C_PIECESQUARETABLES:0.515359621025551
C_MOBILITY:0.44357349741839164
C_KINGSAFETY:0.46045642961175737
C_PAWNSTRUCTURE:0.5380977877313576
C_PIECECOORDINATION:0.5135336160848284
C_ROOKANDPAWNMOVEMENT:0.5135336160848284
C_CENTERCONTROL:0.4877191957091745
C_DEVELOPPIECES:0.46708623825051104
C_MATERIAL:0.44668279410753575
