ELO:913
CE_PASSEDPAWNS:0.5272034588470756
CE_PAWNWEAKNESSES:0.5194061960995405
CE_PIECEACTIVITY:0.4917890635905017
CE_KINGPAWNSHIELD:0.489881762574139
CE_PIECECOORDINATION:0.5115391619400999
CE_MATERIAL:0.5088338010201829
CE_KINGSAFETY:0.486611420924854
C_PIECESQUARETABLES:0.5003007681966618
C_MOBILITY:0.4811060849847704
C_KINGSAFETY:0.5103404046049508
C_PAWNSTRUCTURE:0.4868559421956477
C_PIECECOORDINATION:0.5057114188191082
C_ROOKANDPAWNMOVEMENT:0.5057114188191082
C_CENTERCONTROL:0.49143560318524854
C_DEVELOPPIECES:0.5231801365258912
C_MATERIAL:0.5235968346211224
C_MOVECOUNT:0.4832266068653069
