ELO:926
CE_PASSEDPAWNS:0.5412633603556473
CE_PAWNWEAKNESSES:0.5699838189119274
CE_PIECEACTIVITY:0.4864819645588055
CE_KINGPAWNSHIELD:0.3953544759252447
CE_PIECECOORDINATION:0.42644699552029386
CE_MATERIAL:0.5159386281389001
CE_KINGSAFETY:0.4468146746201425
C_PIECESQUARETABLES:0.5085895833383022
C_MOBILITY:0.33997870161767163
C_KINGSAFETY:0.5254793921920652
C_PAWNSTRUCTURE:0.5290853481548896
C_PIECECOORDINATION:0.458293595482726
C_ROOKANDPAWNMOVEMENT:0.458293595482726
C_CENTERCONTROL:0.46644764640040504
C_DEVELOPPIECES:0.45749941385900167
C_MATERIAL:0.4191468307088533
