ELO:999
CE_PASSEDPAWNS:0.490411698117093
CE_PAWNWEAKNESSES:0.5
CE_PIECEACTIVITY:0.5271176840278625
CE_KINGPAWNSHIELD:0.4956041406438712
CE_PIECECOORDINATION:0.5035215392698342
CE_MATERIAL:0.5
CE_KINGSAFETY:0.5147991123444636
C_PIECESQUARETABLES:0.4955052145588582
C_MOBILITY:0.5
C_KINGSAFETY:0.5
C_PAWNSTRUCTURE:0.5
C_PIECECOORDINATION:0.5076443356299134
C_ROOKANDPAWNMOVEMENT:0.5076443356299134
C_CENTERCONTROL:0.5
C_DEVELOPPIECES:0.5063013065505481
C_MATERIAL:0.5079743538426478
C_MOVECOUNT:0.5099970254165157
