ELO:974
CE_PASSEDPAWNS:0.5016643704488262
CE_PAWNWEAKNESSES:0.48378356854619214
CE_PIECEACTIVITY:0.5067460493640086
CE_KINGPAWNSHIELD:0.5122238729308518
CE_PIECECOORDINATION:0.49934116374907106
CE_MATERIAL:0.48039925964058333
CE_KINGSAFETY:0.5
C_PIECESQUARETABLES:0.5124113372364704
C_MOBILITY:0.5043267943449795
C_KINGSAFETY:0.4881453588979702
C_PAWNSTRUCTURE:0.49429141513644026
C_PIECECOORDINATION:0.49183608874145585
C_ROOK:0.5068474854983619
CE_ROOK:0.5143356517904688
C_CENTERCONTROL:0.4899211244005713
C_DEVELOPPIECES:0.48424856875777605
C_MATERIAL:0.5070849234243252
C_MOVECOUNT:0.5002365344360351
C_PAWNMOVEMENT:0.5006473361872195
