ELO:987
CE_PASSEDPAWNS:0.4961192905266344
CE_PAWNWEAKNESSES:0.4902772069290845
CE_PIECEACTIVITY:0.5139468572759069
CE_KINGPAWNSHIELD:0.5122238729308518
CE_PIECECOORDINATION:0.49934116374907106
CE_MATERIAL:0.49258089535885097
CE_KINGSAFETY:0.5
C_PIECESQUARETABLES:0.5124113372364704
C_MOBILITY:0.4996372142444168
C_KINGSAFETY:0.4825913751591981
C_PAWNSTRUCTURE:0.48952803253686955
C_PIECECOORDINATION:0.49183608874145585
C_ROOK:0.5068474854983619
CE_ROOK:0.5143356517904688
C_CENTERCONTROL:0.5118209470437215
C_DEVELOPPIECES:0.48276436293674824
C_MATERIAL:0.4948745771562504
C_MOVECOUNT:0.49491711748061656
C_PAWNMOVEMENT:0.5029973133408069
