ELO:1000
CE_PASSEDPAWNS:0.5069284330901939
CE_PAWNWEAKNESSES:0.5034455905297756
CE_PIECEACTIVITY:0.4759475075077013
CE_KINGPAWNSHIELD:0.5120760956736288
CE_PIECECOORDINATION:0.5
CE_MATERIAL:0.5
CE_KINGSAFETY:0.5
C_PIECESQUARETABLES:0.5
C_MOBILITY:0.5
C_KINGSAFETY:0.49583647463787067
C_PAWNSTRUCTURE:0.5147192945931431
C_PIECECOORDINATION:0.49976581388698954
C_ROOKANDPAWNMOVEMENT:0.49976581388698954
C_CENTERCONTROL:0.502424884295727
C_DEVELOPPIECES:0.5040892313165541
C_MATERIAL:0.49358987473951005
C_MOVECOUNT:0.5
