ELO:990
CE_PASSEDPAWNS:0.3836945663848431
CE_PAWNWEAKNESSES:0.455042964550827
CE_PIECEACTIVITY:0.4982035057169751
CE_KINGPAWNSHIELD:0.4969112771905379
CE_PIECECOORDINATION:0.6125447426501135
CE_MATERIAL:0.42262519195422876
CE_KINGSAFETY:0.5002940521256788
C_PIECESQUARETABLES:0.5
C_MOBILITY:0.612195378436082
C_KINGSAFETY:0.5742475742575268
C_PAWNSTRUCTURE:0.634430788478921
C_PIECECOORDINATION:0.6135308168497035
C_ROOKANDPAWNMOVEMENT:0.6135308168497035
C_CENTERCONTROL:0.3829642688091831
C_DEVELOPPIECES:0.5528173797779841
C_MATERIAL:0.5866536899795093
