ELO:988
CE_PASSEDPAWNS:0.4959955012542091
CE_PAWNWEAKNESSES:0.4825696015376038
CE_PIECEACTIVITY:0.5150716065519699
CE_KINGPAWNSHIELD:0.5041843434421553
CE_PIECECOORDINATION:0.5054889603363806
CE_MATERIAL:0.4922527848808606
CE_KINGSAFETY:0.506118479365938
C_PIECESQUARETABLES:0.511776216249451
C_MOBILITY:0.5148218048163768
C_KINGSAFETY:0.5037588691293066
C_PAWNSTRUCTURE:0.5294343727557755
C_PIECECOORDINATION:0.49887803818182896
C_ROOKANDPAWNMOVEMENT:0.49887803818182896
C_CENTERCONTROL:0.5089339082328764
C_DEVELOPPIECES:0.48104735049506964
C_MATERIAL:0.4968970377096331
C_MOVECOUNT:0.5
