ELO:933
CE_PASSEDPAWNS:0.5338463501660027
CE_PAWNWEAKNESSES:0.5326353420167365
CE_PIECEACTIVITY:0.5310510943193941
CE_KINGPAWNSHIELD:0.4257605752498093
CE_PIECECOORDINATION:0.37773309135921457
CE_MATERIAL:0.5142856526993587
CE_KINGSAFETY:0.5587542995323908
C_PIECESQUARETABLES:0.48006906993982457
C_MOBILITY:0.366515090054713
C_KINGSAFETY:0.49274473188265594
C_PAWNSTRUCTURE:0.5385572587099714
C_PIECECOORDINATION:0.5053753474046949
C_ROOKANDPAWNMOVEMENT:0.5053753474046949
C_CENTERCONTROL:0.5058788614787568
C_DEVELOPPIECES:0.4690882186875804
C_MATERIAL:0.40536902144776754
