ELO:1004
CE_PASSEDPAWNS:0.40772031443821133
CE_PAWNWEAKNESSES:0.44631530049914425
CE_PIECEACTIVITY:0.5594978002495871
CE_KINGPAWNSHIELD:0.4076561608377238
CE_PIECECOORDINATION:0.4596743226318864
CE_MATERIAL:0.5030403841932721
CE_KINGSAFETY:0.5120981324902131
C_PIECESQUARETABLES:0.5
C_MOBILITY:0.5072952327137363
C_KINGSAFETY:0.5740211012389487
C_PAWNSTRUCTURE:0.3974960377332616
C_PIECECOORDINATION:0.5350567576815112
C_ROOKANDPAWNMOVEMENT:0.5350567576815112
C_CENTERCONTROL:0.3936499680887295
C_DEVELOPPIECES:0.5030842455588501
C_MATERIAL:0.6201906658387899
