ELO:948
CE_PASSEDPAWNS:0.5118288093013502
CE_PAWNWEAKNESSES:0.48884164842191313
CE_PIECEACTIVITY:0.4954874641612042
CE_KINGPAWNSHIELD:0.5027062684714465
CE_PIECECOORDINATION:0.5058074257210804
CE_MATERIAL:0.4821929940866222
CE_KINGSAFETY:0.5
C_PIECESQUARETABLES:0.5159942002221886
C_MOBILITY:0.4936058063160347
C_KINGSAFETY:0.46703072483998903
C_PAWNSTRUCTURE:0.5023531933931851
C_PIECECOORDINATION:0.4779606886928876
C_ROOK:0.5125296720574509
CE_ROOK:0.5012170558502034
C_CENTERCONTROL:0.4877802820019786
C_DEVELOPPIECES:0.4628471564422862
C_MATERIAL:0.5318767511068844
C_MOVECOUNT:0.5017476494065758
C_PAWNMOVEMENT:0.5096005709484438
