ELO:979
CE_PASSEDPAWNS:0.4880402185936058
CE_PAWNWEAKNESSES:0.6135673271777479
CE_PIECEACTIVITY:0.4941959015676503
CE_KINGPAWNSHIELD:0.498722787963094
CE_PIECECOORDINATION:0.45484320269421863
CE_MATERIAL:0.40915803573179516
CE_KINGSAFETY:0.5477701603394866
C_PIECESQUARETABLES:0.4792911628250712
C_MOBILITY:0.4738995393853815
C_KINGSAFETY:0.575424137315575
C_PAWNSTRUCTURE:0.5546126743012745
C_PIECECOORDINATION:0.4997396048532634
C_ROOKANDPAWNMOVEMENT:0.4997396048532634
C_CENTERCONTROL:0.39614399196278405
C_DEVELOPPIECES:0.43513574954114675
C_MATERIAL:0.480301098489546
