ELO:1000
CE_PASSEDPAWNS:0.5272175896773972
CE_PAWNWEAKNESSES:0.48819025255828924
CE_PIECEACTIVITY:0.5178973924941349
CE_KINGPAWNSHIELD:0.4418275200836054
CE_PIECECOORDINATION:0.40803133489060206
CE_MATERIAL:0.42515062211777976
CE_KINGSAFETY:0.5281537316388403
C_PIECESQUARETABLES:0.5095973790611388
C_MOBILITY:0.45615499952403943
C_KINGSAFETY:0.4777249700135527
C_PAWNSTRUCTURE:0.5288579438722895
C_PIECECOORDINATION:0.5180661396635726
C_ROOKANDPAWNMOVEMENT:0.5180661396635726
C_CENTERCONTROL:0.488217832222592
C_DEVELOPPIECES:0.46708623825051104
C_MATERIAL:0.44668279410753575
