ELO:942
CE_PASSEDPAWNS:0.48133800616430766
CE_PAWNWEAKNESSES:0.4949173312292159
CE_PIECEACTIVITY:0.5205121567106039
CE_KINGPAWNSHIELD:0.4585047578325382
CE_PIECECOORDINATION:0.5050030805298388
CE_MATERIAL:0.5289825589646041
CE_KINGSAFETY:0.513810861766378
C_PIECESQUARETABLES:0.4962155774300314
C_MOBILITY:0.46820297510465586
C_KINGSAFETY:0.4996149604066834
C_PAWNSTRUCTURE:0.4772272307668511
C_PIECECOORDINATION:0.5099348142758295
C_ROOKANDPAWNMOVEMENT:0.5099348142758295
C_CENTERCONTROL:0.46054705069491453
C_DEVELOPPIECES:0.5130105115185227
C_MATERIAL:0.4942530329577325
C_MOVECOUNT:0.5
