ELO:1000
CE_PASSEDPAWNS:0.5069355234369769
CE_PAWNWEAKNESSES:0.4494057286956544
CE_PIECEACTIVITY:0.514173323672701
CE_KINGPAWNSHIELD:0.4697822774511278
CE_PIECECOORDINATION:0.4742340664321847
CE_MATERIAL:0.5123874284593363
CE_KINGSAFETY:0.4883973567979037
C_PIECESQUARETABLES:0.49174889181095244
C_MOBILITY:0.4993880103110351
C_KINGSAFETY:0.5003549270016265
C_PAWNSTRUCTURE:0.5202839426419131
C_PIECECOORDINATION:0.529163401121625
C_ROOKANDPAWNMOVEMENT:0.529163401121625
C_CENTERCONTROL:0.5045171873792088
C_DEVELOPPIECES:0.5049227561304988
C_MATERIAL:0.533399224456096
