ELO:777
CE_PASSEDPAWNS:0.43882302544927526
CE_PAWNWEAKNESSES:0.5409764371283513
CE_PIECEACTIVITY:0.5559024600554796
CE_KINGPAWNSHIELD:0.57875415890652
CE_PIECECOORDINATION:0.5651174764136552
CE_MATERIAL:0.5323568777565869
CE_KINGSAFETY:0.5540060805560838
C_PIECESQUARETABLES:0.4950868477977407
C_MOBILITY:0.45526323643192046
C_KINGSAFETY:0.5300189984744564
C_PAWNSTRUCTURE:0.5049956627776566
C_PIECECOORDINATION:0.5223100967921919
C_ROOKANDPAWNMOVEMENT:0.5223100967921919
C_CENTERCONTROL:0.46712199738764487
C_DEVELOPPIECES:0.508842509323017
C_MATERIAL:0.5625361102172364
C_MOVECOUNT:0.5
