ELO:939
CE_PASSEDPAWNS:0.5219575125740747
CE_PAWNWEAKNESSES:0.502607998784667
CE_PIECEACTIVITY:0.5331275196918169
CE_KINGPAWNSHIELD:0.5040142490937818
CE_PIECECOORDINATION:0.5008956413904351
CE_MATERIAL:0.49553248631407737
CE_KINGSAFETY:0.5049768793854986
C_PIECESQUARETABLES:0.49875735481136796
C_MOBILITY:0.5017533480066872
C_KINGSAFETY:0.4789173617711742
C_PAWNSTRUCTURE:0.5108623908702028
C_PIECECOORDINATION:0.44489640935546565
C_ROOK:0.5204682451437779
CE_ROOK:0.5080802156076961
C_CENTERCONTROL:0.4847796528673353
C_DEVELOPPIECES:0.4842021222691011
C_MATERIAL:0.5302621948522743
C_MOVECOUNT:0.5118771366327495
C_PAWNMOVEMENT:0.48340631560229913
