ELO:1000
CE_PASSEDPAWNS:0.5087491454522003
CE_PAWNWEAKNESSES:0.5
CE_PIECEACTIVITY:0.49878093625325093
CE_KINGPAWNSHIELD:0.49194626513734446
CE_PIECECOORDINATION:0.5108470515185504
CE_MATERIAL:0.5070451810578367
CE_KINGSAFETY:0.5035419561834203
C_PIECESQUARETABLES:0.5
C_MOBILITY:0.5057301212629436
C_KINGSAFETY:0.5089978964471722
C_PAWNSTRUCTURE:0.5061523373637888
C_PIECECOORDINATION:0.5002326052450824
C_ROOKANDPAWNMOVEMENT:0.5002326052450824
C_CENTERCONTROL:0.5
C_DEVELOPPIECES:0.5023151612922245
C_MATERIAL:0.5018984473547811
