ELO:1000
CE_PASSEDPAWNS:0.5
CE_PAWNWEAKNESSES:0.5
CE_PIECEACTIVITY:0.5
CE_KINGPAWNSHIELD:0.5
CE_PIECECOORDINATION:0.5
CE_MATERIAL:0.5
CE_KINGSAFETY:0.49484849285935023
C_PIECESQUARETABLES:0.5
C_MOBILITY:0.5
C_KINGSAFETY:0.5
C_PAWNSTRUCTURE:0.5
C_PIECECOORDINATION:0.5
C_ROOK:0.5
CE_ROOK:0.5031655045809856
C_CENTERCONTROL:0.5114859806151019
C_DEVELOPPIECES:0.49180249715741436
C_MATERIAL:0.5
C_MOVECOUNT:0.5026063421528223
C_PAWNMOVEMENT:0.5
