ELO:770
CE_PASSEDPAWNS:0.4994673095123172
CE_PAWNWEAKNESSES:0.502458898271761
CE_PIECEACTIVITY:0.48390344729487633
CE_KINGPAWNSHIELD:0.4884777595633721
CE_PIECECOORDINATION:0.5061077557953554
CE_MATERIAL:0.5915519440480852
CE_KINGSAFETY:0.44593495358092455
C_PIECESQUARETABLES:0.4854809685168963
C_MOBILITY:0.46492030823417957
C_KINGSAFETY:0.48036432301130694
C_PAWNSTRUCTURE:0.4590388196308461
C_PIECECOORDINATION:0.5364967919569448
C_ROOKANDPAWNMOVEMENT:0.5364967919569448
C_CENTERCONTROL:0.5171058317718177
C_DEVELOPPIECES:0.5190838108406544
C_MATERIAL:0.3853625056423506
C_MOVECOUNT:0.5
