ELO:945
CE_PASSEDPAWNS:0.5375860942362688
CE_PAWNWEAKNESSES:0.55310226078798
CE_PIECEACTIVITY:0.5366589207401784
CE_KINGPAWNSHIELD:0.3921995565949324
CE_PIECECOORDINATION:0.3976222569994841
CE_MATERIAL:0.5260489820221405
CE_KINGSAFETY:0.4725188679097536
C_PIECESQUARETABLES:0.4921221889033633
C_MOBILITY:0.33198660886344106
C_KINGSAFETY:0.49732159746678944
C_PAWNSTRUCTURE:0.5301938377623847
C_PIECECOORDINATION:0.4645173651263675
C_ROOKANDPAWNMOVEMENT:0.4645173651263675
C_CENTERCONTROL:0.46247818754886977
C_DEVELOPPIECES:0.4578892348873949
C_MATERIAL:0.4117779677768592
