ELO:862
CE_PASSEDPAWNS:0.4948435396344988
CE_PAWNWEAKNESSES:0.524668098676422
CE_PIECEACTIVITY:0.49025444440900623
CE_KINGPAWNSHIELD:0.4876852720155746
CE_PIECECOORDINATION:0.4308263742101006
CE_MATERIAL:0.5082261415102389
CE_KINGSAFETY:0.5099930370800773
C_PIECESQUARETABLES:0.5312864193020926
C_MOBILITY:0.5984581470981073
C_KINGSAFETY:0.3826727710981343
C_PAWNSTRUCTURE:0.5128654058251013
C_PIECECOORDINATION:0.5105437977950431
C_ROOKANDPAWNMOVEMENT:0.5105437977950431
C_CENTERCONTROL:0.420293659138482
C_DEVELOPPIECES:0.42761927537775274
C_MATERIAL:0.5729085717146293
C_MOVECOUNT:0.5
