ELO:1003
CE_PASSEDPAWNS:0.5107726724168274
CE_PAWNWEAKNESSES:0.5026147984901275
CE_PIECEACTIVITY:0.5
CE_KINGPAWNSHIELD:0.4847750346471308
CE_PIECECOORDINATION:0.5
CE_MATERIAL:0.5049628978897545
CE_KINGSAFETY:0.5010961992619427
C_PIECESQUARETABLES:0.5263278423357958
C_MOBILITY:0.5013346417174642
C_KINGSAFETY:0.4847704287345095
C_PAWNSTRUCTURE:0.5031323552137842
C_PIECECOORDINATION:0.5313023958490077
C_ROOKANDPAWNMOVEMENT:0.5313023958490077
C_CENTERCONTROL:0.4948071985787154
C_DEVELOPPIECES:0.4807451868022721
C_MATERIAL:0.5048700337273712
C_MOVECOUNT:0.5
