ELO:1000
CE_PASSEDPAWNS:0.5166128905647221
CE_PAWNWEAKNESSES:0.5074665723696922
CE_PIECEACTIVITY:0.5352519004812364
CE_KINGPAWNSHIELD:0.48327229197287724
CE_PIECECOORDINATION:0.5155457858900059
CE_MATERIAL:0.4937410980270118
CE_KINGSAFETY:0.5188508938969265
C_PIECESQUARETABLES:0.482029115417395
C_MOBILITY:0.5107992342583557
C_KINGSAFETY:0.5138746438595778
C_PAWNSTRUCTURE:0.5193827014409133
C_PIECECOORDINATION:0.48195622031224855
C_ROOKANDPAWNMOVEMENT:0.48195622031224855
C_CENTERCONTROL:0.4971093233993228
C_DEVELOPPIECES:0.5233152869382686
C_MATERIAL:0.47669093845925264
