ELO:981
CE_PASSEDPAWNS:0.5105049116569355
CE_PAWNWEAKNESSES:0.5124852581441334
CE_PIECEACTIVITY:0.4888790832348244
CE_KINGPAWNSHIELD:0.5265714410189073
CE_PIECECOORDINATION:0.496397020083798
CE_MATERIAL:0.506007186407178
CE_KINGSAFETY:0.478743953457564
C_PIECESQUARETABLES:0.4943162617377524
C_MOBILITY:0.5294041220749394
C_KINGSAFETY:0.507576892428597
C_PAWNSTRUCTURE:0.49381836502151233
C_PIECECOORDINATION:0.5313023958490077
C_ROOKANDPAWNMOVEMENT:0.5313023958490077
C_CENTERCONTROL:0.4948071985787154
C_DEVELOPPIECES:0.5
C_MATERIAL:0.48838128428690547
C_MOVECOUNT:0.5
