ELO:936
CE_PASSEDPAWNS:0.46633842849872764
CE_PAWNWEAKNESSES:0.5007390924985701
CE_PIECEACTIVITY:0.5016257781747242
CE_KINGPAWNSHIELD:0.5257946675357327
CE_PIECECOORDINATION:0.5303338569028352
CE_MATERIAL:0.47413148453102294
CE_KINGSAFETY:0.4706094292689662
C_PIECESQUARETABLES:0.4322284048645934
C_MOBILITY:0.5361477968120049
C_KINGSAFETY:0.5772619674577854
C_PAWNSTRUCTURE:0.3777077548169952
C_PIECECOORDINATION:0.600290751796404
C_ROOKANDPAWNMOVEMENT:0.600290751796404
C_CENTERCONTROL:0.5294134012525339
C_DEVELOPPIECES:0.5276430859909386
C_MATERIAL:0.4303467275783601
