ELO:928
CE_PASSEDPAWNS:0.5279570602893234
CE_PAWNWEAKNESSES:0.51266887476846
CE_PIECEACTIVITY:0.4773990403158889
CE_KINGPAWNSHIELD:0.5207334371763639
CE_PIECECOORDINATION:0.48745246079877497
CE_MATERIAL:0.5121535032739603
CE_KINGSAFETY:0.49610565044982724
C_PIECESQUARETABLES:0.5026870070805567
C_MOBILITY:0.49748807956493796
C_KINGSAFETY:0.5158522073255536
C_PAWNSTRUCTURE:0.5110928821113055
C_PIECECOORDINATION:0.5196098398469431
C_ROOKANDPAWNMOVEMENT:0.5196098398469431
C_CENTERCONTROL:0.5453051531137983
C_DEVELOPPIECES:0.49652923818847317
C_MATERIAL:0.49763669347398787
C_MOVECOUNT:0.4840956952338171
