ELO:988
CE_PASSEDPAWNS:0.4391017927925087
CE_PAWNWEAKNESSES:0.4865084723748586
CE_PIECEACTIVITY:0.5056020381176743
CE_KINGPAWNSHIELD:0.5290505266292468
CE_PIECECOORDINATION:0.4783320649301541
CE_MATERIAL:0.5188063466664152
CE_KINGSAFETY:0.5067371413174447
C_PIECESQUARETABLES:0.5258254400151248
C_MOBILITY:0.5365217165237182
C_KINGSAFETY:0.5438760629131093
C_PAWNSTRUCTURE:0.41775429292173466
C_PIECECOORDINATION:0.526755318346801
C_ROOKANDPAWNMOVEMENT:0.526755318346801
C_CENTERCONTROL:0.49598869766773945
C_DEVELOPPIECES:0.4964203200979881
C_MATERIAL:0.47758202746626055
