ELO:852
CE_PASSEDPAWNS:0.5221675066197335
CE_PAWNWEAKNESSES:0.5220265557895655
CE_PIECEACTIVITY:0.46401588927712556
CE_KINGPAWNSHIELD:0.47516357811782295
CE_PIECECOORDINATION:0.48749781502147704
CE_MATERIAL:0.536350180858864
CE_KINGSAFETY:0.48818271963268584
C_PIECESQUARETABLES:0.47955517363484507
C_MOBILITY:0.5182526627737245
C_KINGSAFETY:0.4491184187691626
C_PAWNSTRUCTURE:0.5112673383348434
C_PIECECOORDINATION:0.537599374813057
C_ROOKANDPAWNMOVEMENT:0.537599374813057
C_CENTERCONTROL:0.47903055715433834
C_DEVELOPPIECES:0.45356939243186556
C_MATERIAL:0.5436644068051331
C_MOVECOUNT:0.5
