ELO:956
CE_PASSEDPAWNS:0.45602646844077815
CE_PAWNWEAKNESSES:0.4921573118169052
CE_PIECEACTIVITY:0.5089729330957811
CE_KINGPAWNSHIELD:0.5181291619713069
CE_PIECECOORDINATION:0.5002390376089845
CE_MATERIAL:0.49632829543394363
CE_KINGSAFETY:0.5095011664963232
C_PIECESQUARETABLES:0.4827003047987586
C_MOBILITY:0.5455824741114211
C_KINGSAFETY:0.5429357730609046
C_PAWNSTRUCTURE:0.3938517073066132
C_PIECECOORDINATION:0.5870290734847384
C_ROOKANDPAWNMOVEMENT:0.5870290734847384
C_CENTERCONTROL:0.5112491647288627
C_DEVELOPPIECES:0.532542472782106
C_MATERIAL:0.44214257820920794
