ELO:1006
CE_PASSEDPAWNS:0.5
CE_PAWNWEAKNESSES:0.5157713116466007
CE_PIECEACTIVITY:0.5227669629064545
CE_KINGPAWNSHIELD:0.5058450179680622
CE_PIECECOORDINATION:0.5088061708763773
CE_MATERIAL:0.5160780744428385
CE_KINGSAFETY:0.5
C_PIECESQUARETABLES:0.48378059564545356
C_MOBILITY:0.5
C_KINGSAFETY:0.49521058115444955
C_PAWNSTRUCTURE:0.5
C_PIECECOORDINATION:0.5003511552445701
C_ROOKANDPAWNMOVEMENT:0.5003511552445701
C_CENTERCONTROL:0.5091600391634652
C_DEVELOPPIECES:0.5
C_MATERIAL:0.4919372137843
