ELO:901
CE_PASSEDPAWNS:0.5284482711309542
CE_PAWNWEAKNESSES:0.48478200131322396
CE_PIECEACTIVITY:0.48016482170018365
CE_KINGPAWNSHIELD:0.5550613880827362
CE_PIECECOORDINATION:0.5172679822905167
CE_MATERIAL:0.5158972304258752
CE_KINGSAFETY:0.5049794350573825
C_PIECESQUARETABLES:0.48418339922056336
C_MOBILITY:0.5345042167851776
C_KINGSAFETY:0.5504757439309101
C_PAWNSTRUCTURE:0.5086511358366009
C_PIECECOORDINATION:0.546239120459341
C_ROOKANDPAWNMOVEMENT:0.546239120459341
C_CENTERCONTROL:0.5455896656132713
C_DEVELOPPIECES:0.49417382165690765
C_MATERIAL:0.49217859150400695
C_MOVECOUNT:0.48188779469671883
