ELO:941
CE_PASSEDPAWNS:0.5039105859476434
CE_PAWNWEAKNESSES:0.4939674752218476
CE_PIECEACTIVITY:0.5191751912469695
CE_KINGPAWNSHIELD:0.4740338886802423
CE_PIECECOORDINATION:0.5277564099244295
CE_MATERIAL:0.49920536464228316
CE_KINGSAFETY:0.5
C_PIECESQUARETABLES:0.4576902222353278
C_MOBILITY:0.5092847483512624
C_KINGSAFETY:0.5351059758829588
C_PAWNSTRUCTURE:0.5118942949724536
C_PIECECOORDINATION:0.4918676084903518
C_ROOKANDPAWNMOVEMENT:0.4918676084903518
C_CENTERCONTROL:0.513659484979921
C_DEVELOPPIECES:0.4900650544455405
C_MATERIAL:0.49659089841840864
C_MOVECOUNT:0.5500202394165297
