ELO:999
CE_PASSEDPAWNS:0.5
CE_PAWNWEAKNESSES:0.5174085643149413
CE_PIECEACTIVITY:0.5070634921115021
CE_KINGPAWNSHIELD:0.5051523730575292
CE_PIECECOORDINATION:0.5021335370000286
CE_MATERIAL:0.47071207075945976
CE_KINGSAFETY:0.5136431185617792
C_PIECESQUARETABLES:0.5
C_MOBILITY:0.5004144437106592
C_KINGSAFETY:0.4964344361370565
C_PAWNSTRUCTURE:0.5302493243369072
C_PIECECOORDINATION:0.5039444652712316
C_ROOKANDPAWNMOVEMENT:0.5039444652712316
C_CENTERCONTROL:0.4915449049219332
C_DEVELOPPIECES:0.5229723611281811
C_MATERIAL:0.5021332105366524
C_MOVECOUNT:0.5
