ELO:994
CE_PASSEDPAWNS:0.5
CE_PAWNWEAKNESSES:0.5
CE_PIECEACTIVITY:0.5013660555534694
CE_KINGPAWNSHIELD:0.5
CE_PIECECOORDINATION:0.5062200937108361
CE_MATERIAL:0.5
CE_KINGSAFETY:0.5038305475671017
C_PIECESQUARETABLES:0.5034835552483022
C_MOBILITY:0.5075383275313223
C_KINGSAFETY:0.5131268759063201
C_PAWNSTRUCTURE:0.5015726442839503
C_PIECECOORDINATION:0.4888164889551891
C_ROOKANDPAWNMOVEMENT:0.4888164889551891
C_CENTERCONTROL:0.5
C_DEVELOPPIECES:0.5
C_MATERIAL:0.5095484690209877
C_MOVECOUNT:0.5
