ELO:953
CE_PASSEDPAWNS:0.4747169439823734
CE_PAWNWEAKNESSES:0.5183671158576989
CE_PIECEACTIVITY:0.5189412440304322
CE_KINGPAWNSHIELD:0.4941533769526249
CE_PIECECOORDINATION:0.5588260288857194
CE_MATERIAL:0.44626085839963137
CE_KINGSAFETY:0.49313435178592313
C_PIECESQUARETABLES:0.49572720508578744
C_MOBILITY:0.552511645286236
C_KINGSAFETY:0.5954554254218319
C_PAWNSTRUCTURE:0.3679029655102634
C_PIECECOORDINATION:0.6262611595727468
C_ROOKANDPAWNMOVEMENT:0.6262611595727468
C_CENTERCONTROL:0.5480675550807517
C_DEVELOPPIECES:0.539063236638773
C_MATERIAL:0.4283925439041126
