ELO:935
CE_PASSEDPAWNS:0.5148216145643411
CE_PAWNWEAKNESSES:0.5714965557622759
CE_PIECEACTIVITY:0.5111535683735927
CE_KINGPAWNSHIELD:0.47348581463749484
CE_PIECECOORDINATION:0.5932769557179536
CE_MATERIAL:0.5233273096290034
CE_KINGSAFETY:0.49590166134165325
C_PIECESQUARETABLES:0.5188256118672504
C_MOBILITY:0.49045081419923003
C_KINGSAFETY:0.5054107843374682
C_PAWNSTRUCTURE:0.4488189731754203
C_PIECECOORDINATION:0.4324116543321149
C_ROOKANDPAWNMOVEMENT:0.4324116543321149
C_CENTERCONTROL:0.49172949007355304
C_DEVELOPPIECES:0.5080683535896845
C_MATERIAL:0.48638758567662327
