ELO:910
CE_PASSEDPAWNS:0.46865456526100696
CE_PAWNWEAKNESSES:0.5069777338290352
CE_PIECEACTIVITY:0.5091433036700715
CE_KINGPAWNSHIELD:0.48684227360448895
CE_PIECECOORDINATION:0.5048980477175647
CE_MATERIAL:0.4971528713922865
CE_KINGSAFETY:0.5
C_PIECESQUARETABLES:0.5
C_MOBILITY:0.4698247856638972
C_KINGSAFETY:0.4977734749358912
C_PAWNSTRUCTURE:0.44305691491438715
C_PIECECOORDINATION:0.4957037219018298
C_ROOK:0.5259660205276258
CE_ROOK:0.46111727849582906
C_CENTERCONTROL:0.498317917059357
C_DEVELOPPIECES:0.5202063044299335
C_MATERIAL:0.49360291425629843
C_MOVECOUNT:0.4582259554766832
C_PAWNMOVEMENT:0.5220485337265691
