ELO:958
CE_PASSEDPAWNS:0.47557621340465916
CE_PAWNWEAKNESSES:0.5069777338290352
CE_PIECEACTIVITY:0.5286381089454151
CE_KINGPAWNSHIELD:0.49197134084379557
CE_PIECECOORDINATION:0.5052981775808976
CE_MATERIAL:0.4922263468161054
CE_KINGSAFETY:0.4901402824349104
C_PIECESQUARETABLES:0.5
C_MOBILITY:0.47462333016757624
C_KINGSAFETY:0.5025424747518301
C_PAWNSTRUCTURE:0.4451393636431174
C_PIECECOORDINATION:0.49876366484438844
C_ROOK:0.5135772390353764
CE_ROOK:0.47224987039263333
C_CENTERCONTROL:0.5084032148489833
C_DEVELOPPIECES:0.5192188745694695
C_MATERIAL:0.48707995952779576
C_MOVECOUNT:0.4508032938363211
C_PAWNMOVEMENT:0.5399844677776229
