ELO:1002
CE_PASSEDPAWNS:0.5
CE_PAWNWEAKNESSES:0.4974210804296302
CE_PIECEACTIVITY:0.5
CE_KINGPAWNSHIELD:0.49438465013869776
CE_PIECECOORDINATION:0.48033090901545056
CE_MATERIAL:0.5217915180044308
CE_KINGSAFETY:0.5
C_PIECESQUARETABLES:0.5
C_MOBILITY:0.5120336028767595
C_KINGSAFETY:0.49523890187068065
C_PAWNSTRUCTURE:0.5
C_PIECECOORDINATION:0.5369994920121435
C_ROOKANDPAWNMOVEMENT:0.5369994920121435
C_CENTERCONTROL:0.5056452823854134
C_DEVELOPPIECES:0.5012493191904631
C_MATERIAL:0.4925685683244397
C_MOVECOUNT:0.49153230919408675
