ELO:837
CE_PASSEDPAWNS:0.49563204988795845
CE_PAWNWEAKNESSES:0.5514927245314394
CE_PIECEACTIVITY:0.4181831543999107
CE_KINGPAWNSHIELD:0.5086575807935835
CE_PIECECOORDINATION:0.48150142730207
CE_MATERIAL:0.4305934811510705
CE_KINGSAFETY:0.43258110677377287
C_PIECESQUARETABLES:0.6068860130934994
C_MOBILITY:0.4570471892303324
C_KINGSAFETY:0.4090954262020791
C_PAWNSTRUCTURE:0.5106343270405628
C_PIECECOORDINATION:0.45292547488517865
C_ROOKANDPAWNMOVEMENT:0.45292547488517865
C_CENTERCONTROL:0.4834018888827064
C_DEVELOPPIECES:0.38555862169066935
C_MATERIAL:0.45594517195206635
C_MOVECOUNT:0.5
