ELO:984
CE_PASSEDPAWNS:0.511290909986327
CE_PAWNWEAKNESSES:0.49751128167760095
CE_PIECEACTIVITY:0.48386593503958814
CE_KINGPAWNSHIELD:0.49209010949766857
CE_PIECECOORDINATION:0.5106134869463742
CE_MATERIAL:0.5044171707276346
CE_KINGSAFETY:0.49120996393626654
C_PIECESQUARETABLES:0.49813555436249524
C_MOBILITY:0.5
C_KINGSAFETY:0.5199201636964053
C_PAWNSTRUCTURE:0.5041068769531778
C_PIECECOORDINATION:0.5
C_ROOKANDPAWNMOVEMENT:0.5
C_CENTERCONTROL:0.5
C_DEVELOPPIECES:0.49518458197280796
C_MATERIAL:0.5078844702114862
