ELO:978
CE_PASSEDPAWNS:0.4712784076590009
CE_PAWNWEAKNESSES:0.5205415838800418
CE_PIECEACTIVITY:0.5020022936422528
CE_KINGPAWNSHIELD:0.5050914370919352
CE_PIECECOORDINATION:0.5206444350470286
CE_MATERIAL:0.4675818787128984
CE_KINGSAFETY:0.5
C_PIECESQUARETABLES:0.5
C_MOBILITY:0.5171961861105956
C_KINGSAFETY:0.4890094461229128
C_PAWNSTRUCTURE:0.5033189599011597
C_PIECECOORDINATION:0.5015864202918262
C_ROOK:0.48739593457030234
CE_ROOK:0.5186176752041565
C_CENTERCONTROL:0.4870490512970448
C_DEVELOPPIECES:0.48610297521597085
C_MATERIAL:0.48830630994167445
C_MOVECOUNT:0.5003199788881134
C_PAWNMOVEMENT:0.4607319148066881
