ELO:990
CE_PASSEDPAWNS:0.39842282437811805
CE_PAWNWEAKNESSES:0.4449176979510626
CE_PIECEACTIVITY:0.5055534717583172
CE_KINGPAWNSHIELD:0.49689123898867815
CE_PIECECOORDINATION:0.6015581652013904
CE_MATERIAL:0.40410840023497746
CE_KINGSAFETY:0.5002940521256788
C_PIECESQUARETABLES:0.5
C_MOBILITY:0.6056663038302389
C_KINGSAFETY:0.5742475742575268
C_PAWNSTRUCTURE:0.634430788478921
C_PIECECOORDINATION:0.6135308168497035
C_ROOKANDPAWNMOVEMENT:0.6135308168497035
C_CENTERCONTROL:0.3829642688091831
C_DEVELOPPIECES:0.5528173797779841
C_MATERIAL:0.5978847603689925
