ELO:1000
CE_PASSEDPAWNS:0.5503889589235874
CE_PAWNWEAKNESSES:0.4807767465230887
CE_PIECEACTIVITY:0.5116086920799006
CE_KINGPAWNSHIELD:0.5305946817329641
CE_PIECECOORDINATION:0.5000915384481742
CE_MATERIAL:0.48537343318950416
CE_KINGSAFETY:0.5200428699196147
C_PIECESQUARETABLES:0.5168110015441283
C_MOBILITY:0.5305193363272336
C_KINGSAFETY:0.5414010710204351
C_PAWNSTRUCTURE:0.4238671347030748
C_PIECECOORDINATION:0.4820784900352065
C_ROOKANDPAWNMOVEMENT:0.4820784900352065
C_CENTERCONTROL:0.517714639530338
C_DEVELOPPIECES:0.5097523368015784
C_MATERIAL:0.47427493210720045
