ELO:1004
CE_PASSEDPAWNS:0.49085666730529504
CE_PAWNWEAKNESSES:0.48978556986678556
CE_PIECEACTIVITY:0.48069674826512215
CE_KINGPAWNSHIELD:0.5
CE_PIECECOORDINATION:0.5080057990414678
CE_MATERIAL:0.4840135340629753
CE_KINGSAFETY:0.5037162934270727
C_PIECESQUARETABLES:0.49691382707253606
C_MOBILITY:0.5
C_KINGSAFETY:0.4855323860916738
C_PAWNSTRUCTURE:0.5
C_PIECECOORDINATION:0.5126651589595742
C_ROOKANDPAWNMOVEMENT:0.5126651589595742
C_CENTERCONTROL:0.5160789715121756
C_DEVELOPPIECES:0.4938558715424989
C_MATERIAL:0.481031529592167
C_MOVECOUNT:0.5
