ELO:1000
CE_PASSEDPAWNS:0.4827145805627333
CE_PAWNWEAKNESSES:0.5350577654179814
CE_PIECEACTIVITY:0.5002858204678943
CE_KINGPAWNSHIELD:0.46656475948921483
CE_PIECECOORDINATION:0.527453925519621
CE_MATERIAL:0.5025206260337126
CE_KINGSAFETY:0.492693353205033
C_PIECESQUARETABLES:0.48534231283853174
C_MOBILITY:0.4877371971210165
C_KINGSAFETY:0.5196752971023442
C_PAWNSTRUCTURE:0.4867655649803916
C_PIECECOORDINATION:0.47325725121197254
C_ROOKANDPAWNMOVEMENT:0.47325725121197254
C_CENTERCONTROL:0.44564548124519904
C_DEVELOPPIECES:0.5048204372081406
C_MATERIAL:0.4806099641686733
