ELO:950
CE_PASSEDPAWNS:0.4791485376105781
CE_PAWNWEAKNESSES:0.5031504223115123
CE_PIECEACTIVITY:0.5231727977780531
CE_KINGPAWNSHIELD:0.49601227036531526
CE_PIECECOORDINATION:0.5588260288857194
CE_MATERIAL:0.45095208749449406
CE_KINGSAFETY:0.49076351595933815
C_PIECESQUARETABLES:0.497636922925393
C_MOBILITY:0.5172894718306715
C_KINGSAFETY:0.5956111449336866
C_PAWNSTRUCTURE:0.3664738910977537
C_PIECECOORDINATION:0.626607379196229
C_ROOKANDPAWNMOVEMENT:0.626607379196229
C_CENTERCONTROL:0.5427348780054756
C_DEVELOPPIECES:0.5280742725358468
C_MATERIAL:0.43272032515266784
