ELO:954
CE_PASSEDPAWNS:0.4660101424205683
CE_PAWNWEAKNESSES:0.5084241688945288
CE_PIECEACTIVITY:0.5065944513520582
CE_KINGPAWNSHIELD:0.4905454070288213
CE_PIECECOORDINATION:0.506794619120537
CE_MATERIAL:0.4987979572806926
CE_KINGSAFETY:0.5
C_PIECESQUARETABLES:0.5
C_MOBILITY:0.4819225928909107
C_KINGSAFETY:0.5082856555831032
C_PAWNSTRUCTURE:0.48014512488545824
C_PIECECOORDINATION:0.4930132970499144
C_ROOK:0.49445859870730274
CE_ROOK:0.4980960588032573
C_CENTERCONTROL:0.537030578955823
C_DEVELOPPIECES:0.5115807227843624
C_MATERIAL:0.49412301097966144
C_MOVECOUNT:0.4674162504154614
C_PAWNMOVEMENT:0.5152644987522632
