ELO:831
CE_PASSEDPAWNS:0.5352908419792025
CE_PAWNWEAKNESSES:0.4977436872935406
CE_PIECEACTIVITY:0.473379375385993
CE_KINGPAWNSHIELD:0.48253143512500657
CE_PIECECOORDINATION:0.47418595951310666
CE_MATERIAL:0.5197692336926849
CE_KINGSAFETY:0.47205047966492697
C_PIECESQUARETABLES:0.4900103788973913
C_MOBILITY:0.5443686515122909
C_KINGSAFETY:0.447572555663445
C_PAWNSTRUCTURE:0.4966357397085926
C_PIECECOORDINATION:0.5410667220618096
C_ROOKANDPAWNMOVEMENT:0.5410667220618096
C_CENTERCONTROL:0.48362246120523955
C_DEVELOPPIECES:0.4426377955441004
C_MATERIAL:0.5516853124104971
C_MOVECOUNT:0.5
