ELO:788
CE_PASSEDPAWNS:0.5180402358394444
CE_PAWNWEAKNESSES:0.5146833441604796
CE_PIECEACTIVITY:0.46969930642516344
CE_KINGPAWNSHIELD:0.5078865305342899
CE_PIECECOORDINATION:0.43252644321914274
CE_MATERIAL:0.47892729682898655
CE_KINGSAFETY:0.44360135651134913
C_PIECESQUARETABLES:0.4799872589628892
C_MOBILITY:0.5330856426386301
C_KINGSAFETY:0.4559464757045614
C_PAWNSTRUCTURE:0.4830005322054714
C_PIECECOORDINATION:0.5527017140363191
C_ROOKANDPAWNMOVEMENT:0.5527017140363191
C_CENTERCONTROL:0.48061177218450957
C_DEVELOPPIECES:0.44110511727982493
C_MATERIAL:0.5608207513348323
C_MOVECOUNT:0.5
