ELO:824
CE_PASSEDPAWNS:0.5228646560155111
CE_PAWNWEAKNESSES:0.5089626454540744
CE_PIECEACTIVITY:0.4597291479503228
CE_KINGPAWNSHIELD:0.49972651982257266
CE_PIECECOORDINATION:0.43338653424021023
CE_MATERIAL:0.47609378128269864
CE_KINGSAFETY:0.440799868609511
C_PIECESQUARETABLES:0.49129622333080214
C_MOBILITY:0.5644350401842791
C_KINGSAFETY:0.437032101124411
C_PAWNSTRUCTURE:0.483808263924626
C_PIECECOORDINATION:0.5323946873828368
C_ROOKANDPAWNMOVEMENT:0.5323946873828368
C_CENTERCONTROL:0.45328432936895124
C_DEVELOPPIECES:0.4299450443609595
C_MATERIAL:0.5664380954842904
C_MOVECOUNT:0.5
