ELO:917
CE_PASSEDPAWNS:0.5132147368255111
CE_PAWNWEAKNESSES:0.49851470455307384
CE_PIECEACTIVITY:0.47872499384298906
CE_KINGPAWNSHIELD:0.5342428299911374
CE_PIECECOORDINATION:0.5151207953791291
CE_MATERIAL:0.5280046357825934
CE_KINGSAFETY:0.5248207154839202
C_PIECESQUARETABLES:0.4986051334352404
C_MOBILITY:0.48939654832004553
C_KINGSAFETY:0.5214385702580434
C_PAWNSTRUCTURE:0.5008613568706175
C_PIECECOORDINATION:0.5297521093384023
C_ROOKANDPAWNMOVEMENT:0.5297521093384023
C_CENTERCONTROL:0.5471266848067298
C_DEVELOPPIECES:0.5049623241825673
C_MATERIAL:0.4964489371546212
C_MOVECOUNT:0.48246627346296317
