ELO:937
CE_PASSEDPAWNS:0.5148216145643411
CE_PAWNWEAKNESSES:0.5808049195774603
CE_PIECEACTIVITY:0.5111535683735927
CE_KINGPAWNSHIELD:0.4656335195900391
CE_PIECECOORDINATION:0.5839610771622286
CE_MATERIAL:0.517864907995678
CE_KINGSAFETY:0.500744064961997
C_PIECESQUARETABLES:0.5098951518079449
C_MOBILITY:0.47082416259409005
C_KINGSAFETY:0.5054107843374682
C_PAWNSTRUCTURE:0.4566333155825212
C_PIECECOORDINATION:0.4324116543321149
C_ROOKANDPAWNMOVEMENT:0.4324116543321149
C_CENTERCONTROL:0.49172949007355304
C_DEVELOPPIECES:0.503603921568091
C_MATERIAL:0.48638758567662327
