ELO:1021
CE_PASSEDPAWNS:0.4894271272805132
CE_PAWNWEAKNESSES:0.5
CE_PIECEACTIVITY:0.49499679798820373
CE_KINGPAWNSHIELD:0.5
CE_PIECECOORDINATION:0.49928998917453765
CE_MATERIAL:0.4942559910930818
CE_KINGSAFETY:0.5029243960088176
C_PIECESQUARETABLES:0.5
C_MOBILITY:0.499502321593998
C_KINGSAFETY:0.5
C_PAWNSTRUCTURE:0.5012105471714884
C_PIECECOORDINATION:0.5
C_ROOKANDPAWNMOVEMENT:0.5
C_CENTERCONTROL:0.5
C_DEVELOPPIECES:0.5086208494116435
C_MATERIAL:0.5
