ELO:954
CE_PASSEDPAWNS:0.4760385699473817
CE_PAWNWEAKNESSES:0.5183671158576989
CE_PIECEACTIVITY:0.5281403205702133
CE_KINGPAWNSHIELD:0.5110011571791363
CE_PIECECOORDINATION:0.5588260288857194
CE_MATERIAL:0.44626085839963137
CE_KINGSAFETY:0.48799130944342833
C_PIECESQUARETABLES:0.49296029860454055
C_MOBILITY:0.5526201081696128
C_KINGSAFETY:0.5903310017434195
C_PAWNSTRUCTURE:0.37339117284714557
C_PIECECOORDINATION:0.6236711988125174
C_ROOKANDPAWNMOVEMENT:0.6236711988125174
C_CENTERCONTROL:0.5422745282307522
C_DEVELOPPIECES:0.535448830339455
C_MATERIAL:0.4200708543069484
