ELO:970
CE_PASSEDPAWNS:0.4742118531215893
CE_PAWNWEAKNESSES:0.5165393086208632
CE_PIECEACTIVITY:0.5005109998676014
CE_KINGPAWNSHIELD:0.5072977834490272
CE_PIECECOORDINATION:0.5121623317321925
CE_MATERIAL:0.483203261126837
CE_KINGSAFETY:0.5089582839235092
C_PIECESQUARETABLES:0.5
C_MOBILITY:0.4854256017742605
C_KINGSAFETY:0.5007601670838973
C_PAWNSTRUCTURE:0.4978065910076664
C_PIECECOORDINATION:0.489698526363461
C_ROOK:0.499517366851085
CE_ROOK:0.5120665976868979
C_CENTERCONTROL:0.5416468388154588
C_DEVELOPPIECES:0.5046358504790279
C_MATERIAL:0.5040409279803895
C_MOVECOUNT:0.49074790167797777
C_PAWNMOVEMENT:0.509746131496851
