ELO:994
CE_PASSEDPAWNS:0.5068410332732989
CE_PAWNWEAKNESSES:0.5533847771741525
CE_PIECEACTIVITY:0.501426516741861
CE_KINGPAWNSHIELD:0.46543922745339167
CE_PIECECOORDINATION:0.5169790631694332
CE_MATERIAL:0.5168445467733255
CE_KINGSAFETY:0.5003292411773674
C_PIECESQUARETABLES:0.5
C_MOBILITY:0.4982206487413914
C_KINGSAFETY:0.5089190094196582
C_PAWNSTRUCTURE:0.43977728877796907
C_PIECECOORDINATION:0.41275373386922243
C_ROOKANDPAWNMOVEMENT:0.41275373386922243
C_CENTERCONTROL:0.5324625546003865
C_DEVELOPPIECES:0.4261105500864243
C_MATERIAL:0.552138312006381
