ELO:866
CE_PASSEDPAWNS:0.3950386541393138
CE_PAWNWEAKNESSES:0.341487524793179
CE_PIECEACTIVITY:0.6829318029434327
CE_KINGPAWNSHIELD:0.43662653685746167
CE_PIECECOORDINATION:0.44616285964380065
CE_MATERIAL:0.4764128409576493
CE_KINGSAFETY:0.5397863836360945
C_PIECESQUARETABLES:0.4768000331441493
C_MOBILITY:0.5478147791879681
C_KINGSAFETY:0.3392980970927772
C_PAWNSTRUCTURE:0.3268828355054112
C_PIECECOORDINATION:0.42509632163030064
C_ROOKANDPAWNMOVEMENT:0.42509632163030064
C_CENTERCONTROL:0.5454600351142365
C_DEVELOPPIECES:0.463789831698655
C_MATERIAL:0.4767963342207559
