ELO:1035
CE_PASSEDPAWNS:0.5
CE_PAWNWEAKNESSES:0.4960525042674549
CE_PIECEACTIVITY:0.5
CE_KINGPAWNSHIELD:0.49738787782138855
CE_PIECECOORDINATION:0.5068001387793809
CE_MATERIAL:0.4993227605581001
CE_KINGSAFETY:0.5
C_PIECESQUARETABLES:0.5
C_MOBILITY:0.5140735574043498
C_KINGSAFETY:0.49794401795660814
C_PAWNSTRUCTURE:0.49819852381852564
C_PIECECOORDINATION:0.508184283426355
C_ROOKANDPAWNMOVEMENT:0.508184283426355
C_CENTERCONTROL:0.4919730216523486
C_DEVELOPPIECES:0.5012493191904631
C_MATERIAL:0.4952737590655228
C_MOVECOUNT:0.49824468897082497
