ELO:1036
CE_PASSEDPAWNS:0.5
CE_PAWNWEAKNESSES:0.5
CE_PIECEACTIVITY:0.48304219835081835
CE_KINGPAWNSHIELD:0.5012696065567838
CE_PIECECOORDINATION:0.5032678325134394
CE_MATERIAL:0.4846596761257515
CE_KINGSAFETY:0.5247953583151366
C_PIECESQUARETABLES:0.5048520136595429
C_MOBILITY:0.47584442735911614
C_KINGSAFETY:0.4934580881446998
C_PAWNSTRUCTURE:0.5070138410159524
C_PIECECOORDINATION:0.4971798318128033
C_ROOKANDPAWNMOVEMENT:0.4971798318128033
C_CENTERCONTROL:0.5
C_DEVELOPPIECES:0.5
C_MATERIAL:0.5
