ELO:1000
CE_PASSEDPAWNS:0.5148753295068866
CE_PAWNWEAKNESSES:0.492228274395478
CE_PIECEACTIVITY:0.5219836949021481
CE_KINGPAWNSHIELD:0.4859839235344858
CE_PIECECOORDINATION:0.4988864716556554
CE_MATERIAL:0.4969288822905284
CE_KINGSAFETY:0.5017749317131944
C_PIECESQUARETABLES:0.48757768550769065
C_MOBILITY:0.49110169904902873
C_KINGSAFETY:0.5128493080530341
C_PAWNSTRUCTURE:0.4988108356065166
C_PIECECOORDINATION:0.49909529095269994
C_ROOKANDPAWNMOVEMENT:0.49909529095269994
C_CENTERCONTROL:0.4917293322291867
C_DEVELOPPIECES:0.526207345250552
C_MATERIAL:0.5117589158906288
