ELO:965
CE_PASSEDPAWNS:0.4725851901900208
CE_PAWNWEAKNESSES:0.4958308117359251
CE_PIECEACTIVITY:0.5227904294531409
CE_KINGPAWNSHIELD:0.508011813346209
CE_PIECECOORDINATION:0.5031956287503786
CE_MATERIAL:0.4922263468161054
CE_KINGSAFETY:0.5
C_PIECESQUARETABLES:0.5
C_MOBILITY:0.47462333016757624
C_KINGSAFETY:0.49752984223344765
C_PAWNSTRUCTURE:0.46063343982839544
C_PIECECOORDINATION:0.48966965905450877
C_ROOK:0.5120059199167282
CE_ROOK:0.4898092543949016
C_CENTERCONTROL:0.516863142683648
C_DEVELOPPIECES:0.5133805458227448
C_MATERIAL:0.47527166581314156
C_MOVECOUNT:0.44570437557838016
C_PAWNMOVEMENT:0.5308794115909584
