ELO:991
CE_PASSEDPAWNS:0.4923415125626612
CE_PAWNWEAKNESSES:0.5192409969354105
CE_PIECEACTIVITY:0.49815639998986455
CE_KINGPAWNSHIELD:0.49936327945488995
CE_PIECECOORDINATION:0.5058981874724983
CE_MATERIAL:0.500625000387792
CE_KINGSAFETY:0.5
C_PIECESQUARETABLES:0.5
C_MOBILITY:0.48905651758312124
C_KINGSAFETY:0.47853233524338373
C_PAWNSTRUCTURE:0.4890014315937722
C_PIECECOORDINATION:0.5
C_ROOKANDPAWNMOVEMENT:0.5
C_CENTERCONTROL:0.5
C_DEVELOPPIECES:0.5053158094094544
C_MATERIAL:0.5092959005522141
C_MOVECOUNT:0.5
