ELO:940
CE_PASSEDPAWNS:0.4912802217296368
CE_PAWNWEAKNESSES:0.5141053834115195
CE_PIECEACTIVITY:0.509115448295183
CE_KINGPAWNSHIELD:0.4859781325624182
CE_PIECECOORDINATION:0.4990805612633393
CE_MATERIAL:0.4895607622225094
CE_KINGSAFETY:0.4737775493798519
C_PIECESQUARETABLES:0.4958381456892031
C_MOBILITY:0.4945382457278809
C_KINGSAFETY:0.47871900940834194
C_PAWNSTRUCTURE:0.4952400710320499
C_PIECECOORDINATION:0.5066006491806216
C_ROOKANDPAWNMOVEMENT:0.5066006491806216
C_CENTERCONTROL:0.478948090846343
C_DEVELOPPIECES:0.4673910826184085
C_MATERIAL:0.4819541974748392
C_MOVECOUNT:0.5
