ELO:1040
CE_PASSEDPAWNS:0.5027885654044989
CE_PAWNWEAKNESSES:0.5
CE_PIECEACTIVITY:0.5042705760249254
CE_KINGPAWNSHIELD:0.4868880271940794
CE_PIECECOORDINATION:0.5042780734726124
CE_MATERIAL:0.5007459510570645
CE_KINGSAFETY:0.5
C_PIECESQUARETABLES:0.5
C_MOBILITY:0.5
C_KINGSAFETY:0.4977610177086823
C_PAWNSTRUCTURE:0.4959800873894563
C_PIECECOORDINATION:0.5141466080046859
C_ROOK:0.4890913295813163
CE_ROOK:0.49216121952105707
C_CENTERCONTROL:0.4852142059805234
C_DEVELOPPIECES:0.4942381983147077
C_MATERIAL:0.49207381283421175
C_MOVECOUNT:0.5008778728888044
C_PAWNMOVEMENT:0.4904676925178619
