ELO:1114
CE_PASSEDPAWNS:0.4474682361460651
CE_PAWNWEAKNESSES:0.5049538678398092
CE_PIECEACTIVITY:0.5914314784072682
CE_KINGPAWNSHIELD:0.4774259118591802
CE_PIECECOORDINATION:0.4783497317627424
CE_MATERIAL:0.39783305558335186
CE_KINGSAFETY:0.5048450077717334
C_PIECESQUARETABLES:0.5102809609252023
C_MOBILITY:0.40572242282818155
C_KINGSAFETY:0.5160482799099598
C_PAWNSTRUCTURE:0.3896309399468508
C_PIECECOORDINATION:0.4743755632327692
C_ROOKANDPAWNMOVEMENT:0.4743755632327692
C_CENTERCONTROL:0.5416243917882473
C_DEVELOPPIECES:0.516485868182997
C_MATERIAL:0.4064198766880933
