ELO:1005
CE_PASSEDPAWNS:0.5394774735440221
CE_PAWNWEAKNESSES:0.4840104548018427
CE_PIECEACTIVITY:0.5018522600629741
CE_KINGPAWNSHIELD:0.5005311397137886
CE_PIECECOORDINATION:0.47768084450944287
CE_MATERIAL:0.4920407876591001
CE_KINGSAFETY:0.5
C_PIECESQUARETABLES:0.5
C_MOBILITY:0.5170970209675061
C_KINGSAFETY:0.49633639915486416
C_PAWNSTRUCTURE:0.5248539856510998
C_PIECECOORDINATION:0.5123471469003492
C_ROOK:0.5293711526009638
CE_ROOK:0.5221912629796174
C_CENTERCONTROL:0.5128788715870748
C_DEVELOPPIECES:0.5076416731541868
C_MATERIAL:0.4973388510432344
C_MOVECOUNT:0.47784288157860777
C_PAWNMOVEMENT:0.5104097384420568
