ELO:996
CE_PASSEDPAWNS:0.5
CE_PAWNWEAKNESSES:0.5166393381816807
CE_PIECEACTIVITY:0.49799470088882486
CE_KINGPAWNSHIELD:0.5
CE_PIECECOORDINATION:0.5016740512387599
CE_MATERIAL:0.4966222728095442
CE_KINGSAFETY:0.5
C_PIECESQUARETABLES:0.5049070115639678
C_MOBILITY:0.5
C_KINGSAFETY:0.499464389076321
C_PAWNSTRUCTURE:0.5085048496892141
C_PIECECOORDINATION:0.4928675150736712
C_ROOKANDPAWNMOVEMENT:0.4928675150736712
C_CENTERCONTROL:0.5064753976503042
C_DEVELOPPIECES:0.5141311301512017
C_MATERIAL:0.5222519657452552
C_MOVECOUNT:0.5
