ELO:983
CE_PASSEDPAWNS:0.4989637314789919
CE_PAWNWEAKNESSES:0.5246449135921298
CE_PIECEACTIVITY:0.613499694058235
CE_KINGPAWNSHIELD:0.5026655143745474
CE_PIECECOORDINATION:0.5022749098172734
CE_MATERIAL:0.5330262280777465
CE_KINGSAFETY:0.5204078046500457
C_PIECESQUARETABLES:0.5135421313269098
C_MOBILITY:0.5141663101164466
C_KINGSAFETY:0.48776665135013886
C_PAWNSTRUCTURE:0.5284014585409242
C_PIECECOORDINATION:0.45651611209932796
C_ROOKANDPAWNMOVEMENT:0.45651611209932796
C_CENTERCONTROL:0.518817160395173
C_DEVELOPPIECES:0.44514081560120133
C_MATERIAL:0.4814571312332292
