ELO:909
CE_PASSEDPAWNS:0.6274950005823252
CE_PAWNWEAKNESSES:0.5338521508106067
CE_PIECEACTIVITY:0.532476126409214
CE_KINGPAWNSHIELD:0.440883347682453
CE_PIECECOORDINATION:0.47595434424530697
CE_MATERIAL:0.3813519440085239
CE_KINGSAFETY:0.4848802260547504
C_PIECESQUARETABLES:0.49877872449580785
C_MOBILITY:0.40439026923845256
C_KINGSAFETY:0.48589305056279014
C_PAWNSTRUCTURE:0.5212767119223226
C_PIECECOORDINATION:0.4208606344806868
C_ROOKANDPAWNMOVEMENT:0.4208606344806868
C_CENTERCONTROL:0.6237871626835593
C_DEVELOPPIECES:0.5691359704906784
C_MATERIAL:0.4628958903803689
