ELO:925
CE_PASSEDPAWNS:0.5100413823549429
CE_PAWNWEAKNESSES:0.48449947531476434
CE_PIECEACTIVITY:0.49625484180346713
CE_KINGPAWNSHIELD:0.46364863081334806
CE_PIECECOORDINATION:0.5339902814404234
CE_MATERIAL:0.49215035491977405
CE_KINGSAFETY:0.4938488002651283
C_PIECESQUARETABLES:0.47685317034366653
C_MOBILITY:0.5243277684735678
C_KINGSAFETY:0.517868717614644
C_PAWNSTRUCTURE:0.5126539136965592
C_PIECECOORDINATION:0.46433403318454236
C_ROOKANDPAWNMOVEMENT:0.46433403318454236
C_CENTERCONTROL:0.45889214541338813
C_DEVELOPPIECES:0.5056637081044942
C_MATERIAL:0.4890151886025801
C_MOVECOUNT:0.53336513924234
