ELO:925
CE_PASSEDPAWNS:0.5983812299802923
CE_PAWNWEAKNESSES:0.5146222143304648
CE_PIECEACTIVITY:0.4804600849605257
CE_KINGPAWNSHIELD:0.49452882587636227
CE_PIECECOORDINATION:0.46060688207705003
CE_MATERIAL:0.43442514311463953
CE_KINGSAFETY:0.5414379042906557
C_PIECESQUARETABLES:0.4934148386338396
C_MOBILITY:0.4717349060311385
C_KINGSAFETY:0.4647691418735169
C_PAWNSTRUCTURE:0.519714646877715
C_PIECECOORDINATION:0.4566150550963911
C_ROOKANDPAWNMOVEMENT:0.4566150550963911
C_CENTERCONTROL:0.5612384218067985
C_DEVELOPPIECES:0.5419155156483086
C_MATERIAL:0.5307016825835654
