ELO:1000
CE_PASSEDPAWNS:0.5070776060442582
CE_PAWNWEAKNESSES:0.5183038029761352
CE_PIECEACTIVITY:0.5989477297430915
CE_KINGPAWNSHIELD:0.5264764958384749
CE_PIECECOORDINATION:0.49243671266865013
CE_MATERIAL:0.5226378279258816
CE_KINGSAFETY:0.49618592719847754
C_PIECESQUARETABLES:0.515613063453913
C_MOBILITY:0.5019362580239333
C_KINGSAFETY:0.5240055947170656
C_PAWNSTRUCTURE:0.5315064689565119
C_PIECECOORDINATION:0.50954921497989
C_ROOKANDPAWNMOVEMENT:0.50954921497989
C_CENTERCONTROL:0.5144500003626274
C_DEVELOPPIECES:0.48752595944251753
C_MATERIAL:0.47431673976898736
