ELO:877
CE_PASSEDPAWNS:0.3390719485066878
CE_PAWNWEAKNESSES:0.4955316108454198
CE_PIECEACTIVITY:0.5496432931869782
CE_KINGPAWNSHIELD:0.47523766249896593
CE_PIECECOORDINATION:0.5220764323536771
CE_MATERIAL:0.510861601480311
CE_KINGSAFETY:0.534790736921727
C_PIECESQUARETABLES:0.5044601853086267
C_MOBILITY:0.45908469657176476
C_KINGSAFETY:0.3971376825002668
C_PAWNSTRUCTURE:0.5336769619739353
C_PIECECOORDINATION:0.4817125099432716
C_ROOKANDPAWNMOVEMENT:0.4817125099432716
C_CENTERCONTROL:0.4671909459852202
C_DEVELOPPIECES:0.5724827703974569
C_MATERIAL:0.5870770927685931
C_MOVECOUNT:0.5
