ELO:797
CE_PASSEDPAWNS:0.5250164000817662
CE_PAWNWEAKNESSES:0.5217099722868328
CE_PIECEACTIVITY:0.6079979001468587
CE_KINGPAWNSHIELD:0.38123720720213145
CE_PIECECOORDINATION:0.465977156876259
CE_MATERIAL:0.43338355933617223
CE_KINGSAFETY:0.5005428579293933
C_PIECESQUARETABLES:0.5012532456086946
C_MOBILITY:0.5399073247896897
C_KINGSAFETY:0.49441934537338955
C_PAWNSTRUCTURE:0.6149623664936117
C_PIECECOORDINATION:0.4516748726163204
C_ROOKANDPAWNMOVEMENT:0.4516748726163204
C_CENTERCONTROL:0.504899000820888
C_DEVELOPPIECES:0.36774920704032665
C_MATERIAL:0.5086559668411391
