ELO:1124
CE_PASSEDPAWNS:0.442778421640529
CE_PAWNWEAKNESSES:0.5049538678398092
CE_PIECEACTIVITY:0.46923106108009593
CE_KINGPAWNSHIELD:0.4105530037766546
CE_PIECECOORDINATION:0.5396422052577521
CE_MATERIAL:0.44636959976522833
CE_KINGSAFETY:0.5116281428758909
C_PIECESQUARETABLES:0.5
C_MOBILITY:0.4455170774255024
C_KINGSAFETY:0.6009543595079152
C_PAWNSTRUCTURE:0.41040599071577993
C_PIECECOORDINATION:0.48430233874975176
C_ROOKANDPAWNMOVEMENT:0.48430233874975176
C_CENTERCONTROL:0.5843497996841054
C_DEVELOPPIECES:0.5059952597808564
C_MATERIAL:0.41729618058112383
