ELO:994
CE_PASSEDPAWNS:0.5091363452661438
CE_PAWNWEAKNESSES:0.4877265337241584
CE_PIECEACTIVITY:0.5264211186154362
CE_KINGPAWNSHIELD:0.4954268275612118
CE_PIECECOORDINATION:0.49566404016540494
CE_MATERIAL:0.49183203143842563
CE_KINGSAFETY:0.49151840487891013
C_PIECESQUARETABLES:0.5
C_MOBILITY:0.4840281039255164
C_KINGSAFETY:0.5013837089558966
C_PAWNSTRUCTURE:0.5120819784817087
C_PIECECOORDINATION:0.5041975936259835
C_ROOKANDPAWNMOVEMENT:0.5041975936259835
C_CENTERCONTROL:0.5003562599273789
C_DEVELOPPIECES:0.5088950394539683
C_MATERIAL:0.4975431995097665
C_MOVECOUNT:0.5
