ELO:1003
CE_PASSEDPAWNS:0.5136690841798297
CE_PAWNWEAKNESSES:0.509353432787157
CE_PIECEACTIVITY:0.5
CE_KINGPAWNSHIELD:0.5014985855398387
CE_PIECECOORDINATION:0.4953147165888198
CE_MATERIAL:0.47894576583308607
CE_KINGSAFETY:0.5041098940354027
C_PIECESQUARETABLES:0.5
C_MOBILITY:0.48932468028916937
C_KINGSAFETY:0.5005810676278888
C_PAWNSTRUCTURE:0.5146697590155803
C_PIECECOORDINATION:0.5071381916562131
C_ROOKANDPAWNMOVEMENT:0.5071381916562131
C_CENTERCONTROL:0.5
C_DEVELOPPIECES:0.48541990282998604
C_MATERIAL:0.4997824884124068
C_MOVECOUNT:0.5
