ELO:981
CE_PASSEDPAWNS:0.5092114151731283
CE_PAWNWEAKNESSES:0.4934738579976963
CE_PIECEACTIVITY:0.4975425726726784
CE_KINGPAWNSHIELD:0.49467967839771
CE_PIECECOORDINATION:0.43720717844002976
CE_MATERIAL:0.39911055568934034
CE_KINGSAFETY:0.5069221650665973
C_PIECESQUARETABLES:0.5
C_MOBILITY:0.4781871375505999
C_KINGSAFETY:0.4714028475561732
C_PAWNSTRUCTURE:0.5142604612432751
C_PIECECOORDINATION:0.48357638205714754
C_ROOKANDPAWNMOVEMENT:0.48357638205714754
C_CENTERCONTROL:0.5600617495416896
C_DEVELOPPIECES:0.5278941575365916
C_MATERIAL:0.5096763461815318
