ELO:975
CE_PASSEDPAWNS:0.4811035043269248
CE_PAWNWEAKNESSES:0.523765621060819
CE_PIECEACTIVITY:0.6236993362387383
CE_KINGPAWNSHIELD:0.4819719463707105
CE_PIECECOORDINATION:0.5294295846860263
CE_MATERIAL:0.526805877427257
CE_KINGSAFETY:0.5047489733523969
C_PIECESQUARETABLES:0.4985480017772726
C_MOBILITY:0.53557594085015
C_KINGSAFETY:0.46557447629299625
C_PAWNSTRUCTURE:0.514592829898732
C_PIECECOORDINATION:0.42414164962553463
C_ROOKANDPAWNMOVEMENT:0.42414164962553463
C_CENTERCONTROL:0.5395498490404715
C_DEVELOPPIECES:0.40663911454779056
C_MATERIAL:0.4931640926306962
