ELO:970
CE_PASSEDPAWNS:0.48301692744195884
CE_PAWNWEAKNESSES:0.47189209556219835
CE_PIECEACTIVITY:0.4904840699881889
CE_KINGPAWNSHIELD:0.495286538652601
CE_PIECECOORDINATION:0.48557906078537255
CE_MATERIAL:0.5070819945305102
CE_KINGSAFETY:0.5240737221826496
C_PIECESQUARETABLES:0.48962623706503794
C_MOBILITY:0.519167720280597
C_KINGSAFETY:0.5122800605202936
C_PAWNSTRUCTURE:0.47373086952489313
C_PIECECOORDINATION:0.49305319963310745
C_ROOKANDPAWNMOVEMENT:0.49305319963310745
C_CENTERCONTROL:0.48165767109522667
C_DEVELOPPIECES:0.5387546288252157
C_MATERIAL:0.45240046216272956
