ELO:942
CE_PASSEDPAWNS:0.49588115555296897
CE_PAWNWEAKNESSES:0.5052245367718685
CE_PIECEACTIVITY:0.49383078995577634
CE_KINGPAWNSHIELD:0.4937737344110539
CE_PIECECOORDINATION:0.512138192134367
CE_MATERIAL:0.49327794778211037
CE_KINGSAFETY:0.517623777382259
C_PIECESQUARETABLES:0.5010214386891366
C_MOBILITY:0.5094193778053875
C_KINGSAFETY:0.498495750775071
C_PAWNSTRUCTURE:0.46870194444906566
C_PIECECOORDINATION:0.524185383395744
C_ROOKANDPAWNMOVEMENT:0.524185383395744
C_CENTERCONTROL:0.48928488470286147
C_DEVELOPPIECES:0.4500885739971565
C_MATERIAL:0.49192546498123746
C_MOVECOUNT:0.49738434379186713
