ELO:1024
CE_PASSEDPAWNS:0.510624593523751
CE_PAWNWEAKNESSES:0.4986385595925889
CE_PIECEACTIVITY:0.5344956890392278
CE_KINGPAWNSHIELD:0.5274779197817854
CE_PIECECOORDINATION:0.5018306002243903
CE_MATERIAL:0.5091255916474943
CE_KINGSAFETY:0.5
C_PIECESQUARETABLES:0.5
C_MOBILITY:0.518517457226229
C_KINGSAFETY:0.5033238579174952
C_PAWNSTRUCTURE:0.5071276584343896
C_PIECECOORDINATION:0.5400649505094918
C_ROOK:0.5030933205222411
CE_ROOK:0.4946626148878957
C_CENTERCONTROL:0.4824005627424918
C_DEVELOPPIECES:0.49173558182974186
C_MATERIAL:0.49745362351644534
C_MOVECOUNT:0.454750959340167
C_PAWNMOVEMENT:0.5167834503781904
