ELO:1000
CE_PASSEDPAWNS:0.49704769540452454
CE_PAWNWEAKNESSES:0.5220069958706383
CE_PIECEACTIVITY:0.48490884263179845
CE_KINGPAWNSHIELD:0.49025799068950654
CE_PIECECOORDINATION:0.5495654190760398
CE_MATERIAL:0.48275484492550125
CE_KINGSAFETY:0.49663453822427456
C_PIECESQUARETABLES:0.5224546884038008
C_MOBILITY:0.48454045357302966
C_KINGSAFETY:0.5321585189039898
C_PAWNSTRUCTURE:0.4568398116665899
C_PIECECOORDINATION:0.46226247487911587
C_ROOKANDPAWNMOVEMENT:0.46226247487911587
C_CENTERCONTROL:0.5178785070969923
C_DEVELOPPIECES:0.5403383810604717
C_MATERIAL:0.4963982939910456
