ELO:978
CE_PASSEDPAWNS:0.4910772619634842
CE_PAWNWEAKNESSES:0.5083976578092751
CE_PIECEACTIVITY:0.6157119650201948
CE_KINGPAWNSHIELD:0.49162159380407855
CE_PIECECOORDINATION:0.5236297881559897
CE_MATERIAL:0.5259002581584947
CE_KINGSAFETY:0.5203088994286253
C_PIECESQUARETABLES:0.5077750347176858
C_MOBILITY:0.5266483698251933
C_KINGSAFETY:0.49390370009090345
C_PAWNSTRUCTURE:0.4980085800731032
C_PIECECOORDINATION:0.4556057753850464
C_ROOKANDPAWNMOVEMENT:0.4556057753850464
C_CENTERCONTROL:0.5253867380636894
C_DEVELOPPIECES:0.41663066670541626
C_MATERIAL:0.47753121540726934
