ELO:950
CE_PASSEDPAWNS:0.48494608554840013
CE_PAWNWEAKNESSES:0.5107945809803183
CE_PIECEACTIVITY:0.4939990660266503
CE_KINGPAWNSHIELD:0.5278152133367933
CE_PIECECOORDINATION:0.482466405121636
CE_MATERIAL:0.48067957279190815
CE_KINGSAFETY:0.4805414863610977
C_PIECESQUARETABLES:0.5011199056158917
C_MOBILITY:0.5030783730986398
C_KINGSAFETY:0.48413169644633786
C_PAWNSTRUCTURE:0.4976328580377557
C_PIECECOORDINATION:0.5062450393446069
C_ROOKANDPAWNMOVEMENT:0.5062450393446069
C_CENTERCONTROL:0.49101700785553276
C_DEVELOPPIECES:0.5198432648372162
C_MATERIAL:0.5203620148559226
C_MOVECOUNT:0.5
