ELO:988
CE_PASSEDPAWNS:0.3906946707969623
CE_PAWNWEAKNESSES:0.4507589904064203
CE_PIECEACTIVITY:0.5137510095826904
CE_KINGPAWNSHIELD:0.41708603776901376
CE_PIECECOORDINATION:0.5988802830644484
CE_MATERIAL:0.4076569263420716
CE_KINGSAFETY:0.5
C_PIECESQUARETABLES:0.5
C_MOBILITY:0.6106431556756368
C_KINGSAFETY:0.570672422222355
C_PAWNSTRUCTURE:0.62436365227218
C_PIECECOORDINATION:0.6135308168497035
C_ROOKANDPAWNMOVEMENT:0.6135308168497035
C_CENTERCONTROL:0.38374058844803594
C_DEVELOPPIECES:0.5528173797779841
C_MATERIAL:0.5910691773901827
