ELO:935
CE_PASSEDPAWNS:0.48722182401741526
CE_PAWNWEAKNESSES:0.5052376143364954
CE_PIECEACTIVITY:0.468918513116292
CE_KINGPAWNSHIELD:0.48260745322983883
CE_PIECECOORDINATION:0.5079177231742842
CE_MATERIAL:0.49170298669776524
CE_KINGSAFETY:0.5111900499711126
C_PIECESQUARETABLES:0.5320811017296085
C_MOBILITY:0.4896117308928096
C_KINGSAFETY:0.5107927605501829
C_PAWNSTRUCTURE:0.4765598699935017
C_PIECECOORDINATION:0.511496358432464
C_ROOKANDPAWNMOVEMENT:0.511496358432464
C_CENTERCONTROL:0.47753467817449213
C_DEVELOPPIECES:0.4434450145477628
C_MATERIAL:0.4940445801355906
C_MOVECOUNT:0.489499168682599
