ELO:930
CE_PASSEDPAWNS:0.47869473017977415
CE_PAWNWEAKNESSES:0.4858582012211886
CE_PIECEACTIVITY:0.5244677994995185
CE_KINGPAWNSHIELD:0.511899914184787
CE_PIECECOORDINATION:0.48464298584423104
CE_MATERIAL:0.5297573657517911
CE_KINGSAFETY:0.5321980379180784
C_PIECESQUARETABLES:0.4807983909094104
C_MOBILITY:0.4776380145462135
C_KINGSAFETY:0.508595150957798
C_PAWNSTRUCTURE:0.5236359056418928
C_PIECECOORDINATION:0.5855682417502374
C_ROOKANDPAWNMOVEMENT:0.5855682417502374
C_CENTERCONTROL:0.5381864437113257
C_DEVELOPPIECES:0.5170563710062529
C_MATERIAL:0.5041097105569392
C_MOVECOUNT:0.5
