ELO:1000
CE_PASSEDPAWNS:0.5232808152004217
CE_PAWNWEAKNESSES:0.5101418277662075
CE_PIECEACTIVITY:0.5635462457661922
CE_KINGPAWNSHIELD:0.5150429741088507
CE_PIECECOORDINATION:0.4901918537566695
CE_MATERIAL:0.5376598381158534
CE_KINGSAFETY:0.4772686806365666
C_PIECESQUARETABLES:0.48720529802263435
C_MOBILITY:0.5239195762627384
C_KINGSAFETY:0.4887617013790139
C_PAWNSTRUCTURE:0.5639778247092921
C_PIECECOORDINATION:0.5041383395033217
C_ROOKANDPAWNMOVEMENT:0.5041383395033217
C_CENTERCONTROL:0.5199972544151156
C_DEVELOPPIECES:0.5055245400322319
C_MATERIAL:0.5097404447916185
