ELO:975
CE_PASSEDPAWNS:0.5116880766877978
CE_PAWNWEAKNESSES:0.5
CE_PIECEACTIVITY:0.485713622021592
CE_KINGPAWNSHIELD:0.4834079447729497
CE_PIECECOORDINATION:0.5
CE_MATERIAL:0.49196930129739713
CE_KINGSAFETY:0.4994591181324036
C_PIECESQUARETABLES:0.5
C_MOBILITY:0.5036522468164659
C_KINGSAFETY:0.5
C_PAWNSTRUCTURE:0.49161040135323214
C_PIECECOORDINATION:0.5
C_ROOKANDPAWNMOVEMENT:0.5
C_CENTERCONTROL:0.5
C_DEVELOPPIECES:0.4902455041508627
C_MATERIAL:0.5116072334941247
C_MOVECOUNT:0.5
