ELO:774
CE_PASSEDPAWNS:0.4730685014756189
CE_PAWNWEAKNESSES:0.5174087416086552
CE_PIECEACTIVITY:0.44755288001385846
CE_KINGPAWNSHIELD:0.5727879652419918
CE_PIECECOORDINATION:0.5336752776703025
CE_MATERIAL:0.583012266714971
CE_KINGSAFETY:0.49389970099360325
C_PIECESQUARETABLES:0.49754976017741076
C_MOBILITY:0.5107641286552246
C_KINGSAFETY:0.43410769479770905
C_PAWNSTRUCTURE:0.5158895660471404
C_PIECECOORDINATION:0.5087245443271976
C_ROOKANDPAWNMOVEMENT:0.5087245443271976
C_CENTERCONTROL:0.5350910933280014
C_DEVELOPPIECES:0.5625852313028988
C_MATERIAL:0.5163362104100852
C_MOVECOUNT:0.4873840598772144
