ELO:1000
CE_PASSEDPAWNS:0.5312265488541906
CE_PAWNWEAKNESSES:0.5019754141672644
CE_PIECEACTIVITY:0.5063173947339483
CE_KINGPAWNSHIELD:0.5103584624011362
CE_PIECECOORDINATION:0.49102593005753226
CE_MATERIAL:0.5106958678869401
CE_KINGSAFETY:0.5132065935599576
C_PIECESQUARETABLES:0.48292763751862755
C_MOBILITY:0.5053127819974597
C_KINGSAFETY:0.5096840714633096
C_PAWNSTRUCTURE:0.5178135673719821
C_PIECECOORDINATION:0.5088512139460373
C_ROOKANDPAWNMOVEMENT:0.5088512139460373
C_CENTERCONTROL:0.5087022724562184
C_DEVELOPPIECES:0.4933263472777551
C_MATERIAL:0.5206907321183935
