ELO:1000
CE_PASSEDPAWNS:0.5179721791234252
CE_PAWNWEAKNESSES:0.5294894677067851
CE_PIECEACTIVITY:0.5038473679156521
CE_KINGPAWNSHIELD:0.5481708398875371
CE_PIECECOORDINATION:0.5838526551876602
CE_MATERIAL:0.4243049667401607
CE_KINGSAFETY:0.5
C_PIECESQUARETABLES:0.5
C_MOBILITY:0.5155499214771119
C_KINGSAFETY:0.4416389827120778
C_PAWNSTRUCTURE:0.509099672757907
C_PIECECOORDINATION:0.4382377252402591
C_ROOKANDPAWNMOVEMENT:0.4382377252402591
C_CENTERCONTROL:0.5250279042325087
C_DEVELOPPIECES:0.4517339614878708
C_MATERIAL:0.4716152639908489
