ELO:1038
CE_PASSEDPAWNS:0.46727693989758634
CE_PAWNWEAKNESSES:0.5
CE_PIECEACTIVITY:0.5042705760249254
CE_KINGPAWNSHIELD:0.4855567023778074
CE_PIECECOORDINATION:0.5042780734726124
CE_MATERIAL:0.5007459510570645
CE_KINGSAFETY:0.5
C_PIECESQUARETABLES:0.5
C_MOBILITY:0.5139887119244537
C_KINGSAFETY:0.4977610177086823
C_PAWNSTRUCTURE:0.492159784962093
C_PIECECOORDINATION:0.5141466080046859
C_ROOK:0.4890913295813163
CE_ROOK:0.510341443228123
C_CENTERCONTROL:0.4921312419304174
C_DEVELOPPIECES:0.4942381983147077
C_MATERIAL:0.49207381283421175
C_MOVECOUNT:0.5
C_PAWNMOVEMENT:0.5284061972254167
