ELO:1000
CE_PASSEDPAWNS:0.49722424399377224
CE_PAWNWEAKNESSES:0.5200877700026454
CE_PIECEACTIVITY:0.5022238094446644
CE_KINGPAWNSHIELD:0.5372600868709868
CE_PIECECOORDINATION:0.5824921640223828
CE_MATERIAL:0.4316545070220058
CE_KINGSAFETY:0.49683929166959706
C_PIECESQUARETABLES:0.5363053045930555
C_MOBILITY:0.5160983308146978
C_KINGSAFETY:0.4606867798661602
C_PAWNSTRUCTURE:0.4843335030489627
C_PIECECOORDINATION:0.43733320599226655
C_ROOKANDPAWNMOVEMENT:0.43733320599226655
C_CENTERCONTROL:0.5348174126738832
C_DEVELOPPIECES:0.45646347447149116
C_MATERIAL:0.47960210689631727
