ELO:907
CE_PASSEDPAWNS:0.6268995660635849
CE_PAWNWEAKNESSES:0.4997058301883267
CE_PIECEACTIVITY:0.5552629610115528
CE_KINGPAWNSHIELD:0.4413802251978507
CE_PIECECOORDINATION:0.46717347380161073
CE_MATERIAL:0.38946251278448707
CE_KINGSAFETY:0.4869813188560068
C_PIECESQUARETABLES:0.5245234619083126
C_MOBILITY:0.39447628782880545
C_KINGSAFETY:0.493216966703681
C_PAWNSTRUCTURE:0.5145219985370679
C_PIECECOORDINATION:0.4213549302508613
C_ROOKANDPAWNMOVEMENT:0.4213549302508613
C_CENTERCONTROL:0.6205620382592015
C_DEVELOPPIECES:0.5739875924531036
C_MATERIAL:0.4518655276523665
