ELO:1021
CE_PASSEDPAWNS:0.49382739139184406
CE_PAWNWEAKNESSES:0.5
CE_PIECEACTIVITY:0.5012210520023992
CE_KINGPAWNSHIELD:0.5
CE_PIECECOORDINATION:0.5043536551504146
CE_MATERIAL:0.5070518049879151
CE_KINGSAFETY:0.5
C_PIECESQUARETABLES:0.5
C_MOBILITY:0.5
C_KINGSAFETY:0.48955206063519147
C_PAWNSTRUCTURE:0.49886089381198834
C_PIECECOORDINATION:0.5107399732473097
C_ROOK:0.49361738851163545
CE_ROOK:0.5
C_CENTERCONTROL:0.5002991938163047
C_DEVELOPPIECES:0.5
C_MATERIAL:0.5
C_MOVECOUNT:0.5
C_PAWNMOVEMENT:0.5
