ELO:922
CE_PASSEDPAWNS:0.4820659855367298
CE_PAWNWEAKNESSES:0.5203333795947188
CE_PIECEACTIVITY:0.5328564764322506
CE_KINGPAWNSHIELD:0.5261863456297539
CE_PIECECOORDINATION:0.45988452256130485
CE_MATERIAL:0.5267310861414345
CE_KINGSAFETY:0.5261233521400089
C_PIECESQUARETABLES:0.5280940855295961
C_MOBILITY:0.5051023942838746
C_KINGSAFETY:0.5140104781132893
C_PAWNSTRUCTURE:0.5166048142909109
C_PIECECOORDINATION:0.45943913962475824
C_ROOKANDPAWNMOVEMENT:0.45943913962475824
C_CENTERCONTROL:0.46597088823022986
C_DEVELOPPIECES:0.5162685675889684
C_MATERIAL:0.5219523918390839
C_MOVECOUNT:0.506948253385515
