ELO:812
CE_PASSEDPAWNS:0.4570316938569381
CE_PAWNWEAKNESSES:0.5441701523979486
CE_PIECEACTIVITY:0.5850114847143443
CE_KINGPAWNSHIELD:0.522559782438059
CE_PIECECOORDINATION:0.46714170880603506
CE_MATERIAL:0.5591216215920971
CE_KINGSAFETY:0.5259622559073245
C_PIECESQUARETABLES:0.5288426728015927
C_MOBILITY:0.5105740011249127
C_KINGSAFETY:0.5214251672361624
C_PAWNSTRUCTURE:0.5565044802515641
C_PIECECOORDINATION:0.4991267922286179
C_ROOKANDPAWNMOVEMENT:0.4991267922286179
C_CENTERCONTROL:0.48247880263216086
C_DEVELOPPIECES:0.5143392024231389
C_MATERIAL:0.5034836726884535
C_MOVECOUNT:0.506491354364498
