ELO:1047
CE_PASSEDPAWNS:0.5
CE_PAWNWEAKNESSES:0.5
CE_PIECEACTIVITY:0.48949266489354554
CE_KINGPAWNSHIELD:0.5042842233069175
CE_PIECECOORDINATION:0.4990128937947933
CE_MATERIAL:0.5
CE_KINGSAFETY:0.5
C_PIECESQUARETABLES:0.5
C_MOBILITY:0.49790740899273217
C_KINGSAFETY:0.4882985501827743
C_PAWNSTRUCTURE:0.49886089381198834
C_PIECECOORDINATION:0.5124872349890299
C_ROOK:0.5
CE_ROOK:0.4883619481493458
C_CENTERCONTROL:0.496771288024623
C_DEVELOPPIECES:0.5
C_MATERIAL:0.5
C_MOVECOUNT:0.5
C_PAWNMOVEMENT:0.5092864184463357
