ELO:887
CE_PASSEDPAWNS:0.4838676271930007
CE_PAWNWEAKNESSES:0.5354554879566839
CE_PIECEACTIVITY:0.626506679309589
CE_KINGPAWNSHIELD:0.4474434236760859
CE_PIECECOORDINATION:0.5022047464199746
CE_MATERIAL:0.5195875753602208
CE_KINGSAFETY:0.4720975333737309
C_PIECESQUARETABLES:0.5017700827974494
C_MOBILITY:0.5120301102276841
C_KINGSAFETY:0.48896985377032187
C_PAWNSTRUCTURE:0.5956050942731344
C_PIECECOORDINATION:0.44739891281994243
C_ROOKANDPAWNMOVEMENT:0.44739891281994243
C_CENTERCONTROL:0.5289697875985077
C_DEVELOPPIECES:0.3423635734301917
C_MATERIAL:0.5293841086002962
