ELO:914
CE_PASSEDPAWNS:0.6089316178247798
CE_PAWNWEAKNESSES:0.5526539393823532
CE_PIECEACTIVITY:0.4996891182165238
CE_KINGPAWNSHIELD:0.5046563055416188
CE_PIECECOORDINATION:0.4598713613646827
CE_MATERIAL:0.4404869569965284
CE_KINGSAFETY:0.5315715991748691
C_PIECESQUARETABLES:0.4997589740828016
C_MOBILITY:0.43853942954969066
C_KINGSAFETY:0.4750469379142092
C_PAWNSTRUCTURE:0.5119414295778699
C_PIECECOORDINATION:0.43201974099836676
C_ROOKANDPAWNMOVEMENT:0.43201974099836676
C_CENTERCONTROL:0.5746929934121046
C_DEVELOPPIECES:0.5819669437867911
C_MATERIAL:0.4766899452544316
