ELO:982
CE_PASSEDPAWNS:0.5001125338785758
CE_PAWNWEAKNESSES:0.5324952195418623
CE_PIECEACTIVITY:0.6191673206129341
CE_KINGPAWNSHIELD:0.5010157393187346
CE_PIECECOORDINATION:0.5166153365310203
CE_MATERIAL:0.5159264213257102
CE_KINGSAFETY:0.5213521040839504
C_PIECESQUARETABLES:0.5116464865040355
C_MOBILITY:0.5001305809546359
C_KINGSAFETY:0.5018318870124073
C_PAWNSTRUCTURE:0.5005713032530353
C_PIECECOORDINATION:0.45915970341906925
C_ROOKANDPAWNMOVEMENT:0.45915970341906925
C_CENTERCONTROL:0.52948912261308
C_DEVELOPPIECES:0.4257417248816296
C_MATERIAL:0.46951789797728327
