ELO:956
CE_PASSEDPAWNS:0.5148567077155048
CE_PAWNWEAKNESSES:0.49700010940072165
CE_PIECEACTIVITY:0.5009845609189434
CE_KINGPAWNSHIELD:0.476217470512696
CE_PIECECOORDINATION:0.4990858953794052
CE_MATERIAL:0.48342434027201786
CE_KINGSAFETY:0.4923951696302419
C_PIECESQUARETABLES:0.49255117546153254
C_MOBILITY:0.49749645698405903
C_KINGSAFETY:0.5055670160239316
C_PAWNSTRUCTURE:0.5274168513290924
C_PIECECOORDINATION:0.48655579141677013
C_ROOK:0.4784943890382756
CE_ROOK:0.5105009364677732
C_CENTERCONTROL:0.449717554884812
C_DEVELOPPIECES:0.501679801712066
C_MATERIAL:0.4923363625330452
C_MOVECOUNT:0.5012552170912848
C_PAWNMOVEMENT:0.5326938184662143
