ELO:1007
CE_PASSEDPAWNS:0.5148619327886235
CE_PAWNWEAKNESSES:0.5188441257410947
CE_PIECEACTIVITY:0.5017353948853804
CE_KINGPAWNSHIELD:0.49438465013869776
CE_PIECECOORDINATION:0.5
CE_MATERIAL:0.49542004263588296
CE_KINGSAFETY:0.48991794843178627
C_PIECESQUARETABLES:0.5
C_MOBILITY:0.5
C_KINGSAFETY:0.5041131315742778
C_PAWNSTRUCTURE:0.49652059429646844
C_PIECECOORDINATION:0.5092133361444846
C_ROOKANDPAWNMOVEMENT:0.5092133361444846
C_CENTERCONTROL:0.4909329305063458
C_DEVELOPPIECES:0.49470328027856153
C_MATERIAL:0.5
C_MOVECOUNT:0.5014671875832037
