ELO:1000
CE_PASSEDPAWNS:0.514276492082763
CE_PAWNWEAKNESSES:0.5044118059712449
CE_PIECEACTIVITY:0.4860172946836214
CE_KINGPAWNSHIELD:0.49388254058871334
CE_PIECECOORDINATION:0.5384369780245956
CE_MATERIAL:0.4797622944427872
CE_KINGSAFETY:0.49212322006819004
C_PIECESQUARETABLES:0.5225478106117628
C_MOBILITY:0.506173861403444
C_KINGSAFETY:0.5321585189039898
C_PAWNSTRUCTURE:0.4568398116665899
C_PIECECOORDINATION:0.44585718638986593
C_ROOKANDPAWNMOVEMENT:0.44585718638986593
C_CENTERCONTROL:0.5161101857264022
C_DEVELOPPIECES:0.526215006430367
C_MATERIAL:0.49626397274663964
