ELO:913
CE_PASSEDPAWNS:0.6181084621201471
CE_PAWNWEAKNESSES:0.5516055192345056
CE_PIECEACTIVITY:0.48988180364058453
CE_KINGPAWNSHIELD:0.4915281396499598
CE_PIECECOORDINATION:0.4532266634801994
CE_MATERIAL:0.42138231612835364
CE_KINGSAFETY:0.49928446900525336
C_PIECESQUARETABLES:0.5089318185791124
C_MOBILITY:0.46344067420059215
C_KINGSAFETY:0.4725779272027287
C_PAWNSTRUCTURE:0.5153113354135682
C_PIECECOORDINATION:0.4193128478499536
C_ROOKANDPAWNMOVEMENT:0.4193128478499536
C_CENTERCONTROL:0.5868106521313493
C_DEVELOPPIECES:0.5763808431804269
C_MATERIAL:0.45318305501909134
