ELO:1000
CE_PASSEDPAWNS:0.5105365362154023
CE_PAWNWEAKNESSES:0.5090030543551922
CE_PIECEACTIVITY:0.5989477297430915
CE_KINGPAWNSHIELD:0.5264764958384749
CE_PIECECOORDINATION:0.49243671266865013
CE_MATERIAL:0.5226378279258816
CE_KINGSAFETY:0.49618592719847754
C_PIECESQUARETABLES:0.5108927928766755
C_MOBILITY:0.5019362580239333
C_KINGSAFETY:0.5341044261786967
C_PAWNSTRUCTURE:0.5315064689565119
C_PIECECOORDINATION:0.50954921497989
C_ROOKANDPAWNMOVEMENT:0.50954921497989
C_CENTERCONTROL:0.5144500003626274
C_DEVELOPPIECES:0.4748509559686856
C_MATERIAL:0.46776800876320784
