ELO:918
CE_PASSEDPAWNS:0.48075432863242096
CE_PAWNWEAKNESSES:0.4823604714811051
CE_PIECEACTIVITY:0.5381859360456455
CE_KINGPAWNSHIELD:0.4856714529331355
CE_PIECECOORDINATION:0.4756702515833329
CE_MATERIAL:0.5272021784518875
CE_KINGSAFETY:0.5030057497304725
C_PIECESQUARETABLES:0.5112102194216861
C_MOBILITY:0.5210887915541222
C_KINGSAFETY:0.5213269591455929
C_PAWNSTRUCTURE:0.5040775135164922
C_PIECECOORDINATION:0.45559515683940705
C_ROOKANDPAWNMOVEMENT:0.45559515683940705
C_CENTERCONTROL:0.4782328931760788
C_DEVELOPPIECES:0.47786613428934394
C_MATERIAL:0.504732432935331
C_MOVECOUNT:0.509921030926939
