ELO:913
CE_PASSEDPAWNS:0.5216553015053836
CE_PAWNWEAKNESSES:0.505651689322119
CE_PIECEACTIVITY:0.509925397776734
CE_KINGPAWNSHIELD:0.46600051823883387
CE_PIECECOORDINATION:0.4780978946560956
CE_MATERIAL:0.47341704670617235
CE_KINGSAFETY:0.49006986199222013
C_PIECESQUARETABLES:0.4909486808615574
C_MOBILITY:0.489811296280536
C_KINGSAFETY:0.5162651432901623
C_PAWNSTRUCTURE:0.5249919654061974
C_PIECECOORDINATION:0.4756791487495704
C_ROOK:0.502556610330723
CE_ROOK:0.49668760212343926
C_CENTERCONTROL:0.45360440607785113
C_DEVELOPPIECES:0.4745768778113319
C_MATERIAL:0.5024910787526752
C_MOVECOUNT:0.5113111766951038
C_PAWNMOVEMENT:0.548441757158271
