ELO:916
CE_PASSEDPAWNS:0.5195590233062595
CE_PAWNWEAKNESSES:0.42771245175847283
CE_PIECEACTIVITY:0.5695618772748031
CE_KINGPAWNSHIELD:0.5241859812824075
CE_PIECECOORDINATION:0.48775309630824704
CE_MATERIAL:0.5087333269364926
CE_KINGSAFETY:0.5
C_PIECESQUARETABLES:0.488304270993721
C_MOBILITY:0.486432360387623
C_KINGSAFETY:0.5447658077805022
C_PAWNSTRUCTURE:0.5800125179070345
C_PIECECOORDINATION:0.4568058035435164
C_ROOKANDPAWNMOVEMENT:0.4568058035435164
C_CENTERCONTROL:0.5337332411042189
C_DEVELOPPIECES:0.5314584839921115
C_MATERIAL:0.4499671347286163
