ELO:1009
CE_PASSEDPAWNS:0.5162233477644413
CE_PAWNWEAKNESSES:0.5101304147258322
CE_PIECEACTIVITY:0.470102383869818
CE_KINGPAWNSHIELD:0.4934647489937365
CE_PIECECOORDINATION:0.5
CE_MATERIAL:0.5022992900921144
CE_KINGSAFETY:0.5
C_PIECESQUARETABLES:0.5
C_MOBILITY:0.4984177026253114
C_KINGSAFETY:0.5084518352635756
C_PAWNSTRUCTURE:0.4888749454108597
C_PIECECOORDINATION:0.5153302482226951
C_ROOK:0.4993359940077455
CE_ROOK:0.4721512202863491
C_CENTERCONTROL:0.49908000958574095
C_DEVELOPPIECES:0.47944667082985915
C_MATERIAL:0.5076142758481443
C_MOVECOUNT:0.50531080806715
C_PAWNMOVEMENT:0.5003787379197111
