ELO:989
CE_PASSEDPAWNS:0.5479466191415837
CE_PAWNWEAKNESSES:0.4775267495695054
CE_PIECEACTIVITY:0.5227288663512044
CE_KINGPAWNSHIELD:0.5077450174278078
CE_PIECECOORDINATION:0.5101977904937952
CE_MATERIAL:0.4443916717608914
CE_KINGSAFETY:0.5561592615674047
C_PIECESQUARETABLES:0.47947305021256714
C_MOBILITY:0.48419373348037587
C_KINGSAFETY:0.43552312503172186
C_PAWNSTRUCTURE:0.4869421190967887
C_PIECECOORDINATION:0.5174833324831519
C_ROOKANDPAWNMOVEMENT:0.5174833324831519
C_CENTERCONTROL:0.491784785527897
C_DEVELOPPIECES:0.5146448127841384
C_MATERIAL:0.49688420479460876
