ELO:953
CE_PASSEDPAWNS:0.49771584719997236
CE_PAWNWEAKNESSES:0.48502333437454315
CE_PIECEACTIVITY:0.4986591444633292
CE_KINGPAWNSHIELD:0.5
CE_PIECECOORDINATION:0.5001899768754369
CE_MATERIAL:0.4987627833161578
CE_KINGSAFETY:0.5
C_PIECESQUARETABLES:0.49024775041843777
C_MOBILITY:0.4730074036069564
C_KINGSAFETY:0.49562986718411345
C_PAWNSTRUCTURE:0.5012786025079613
C_PIECECOORDINATION:0.48987118264836055
C_ROOKANDPAWNMOVEMENT:0.48987118264836055
C_CENTERCONTROL:0.4845500679912833
C_DEVELOPPIECES:0.4495919187555781
C_MATERIAL:0.5110686689475611
C_MOVECOUNT:0.5184422088427147
