ELO:829
CE_PASSEDPAWNS:0.5584708104949682
CE_PAWNWEAKNESSES:0.5263923039969439
CE_PIECEACTIVITY:0.452520940000924
CE_KINGPAWNSHIELD:0.5094645570725218
CE_PIECECOORDINATION:0.5099866037387032
CE_MATERIAL:0.454579209584431
CE_KINGSAFETY:0.49578255993255205
C_PIECESQUARETABLES:0.48559835934049544
C_MOBILITY:0.4766340141466903
C_KINGSAFETY:0.4478285956635303
C_PAWNSTRUCTURE:0.4571557565201405
C_PIECECOORDINATION:0.46075861927739226
C_ROOKANDPAWNMOVEMENT:0.46075861927739226
C_CENTERCONTROL:0.5111828501911905
C_DEVELOPPIECES:0.5336438539460929
C_MATERIAL:0.5376208061185304
C_MOVECOUNT:0.49611818345875414
