ELO:924
CE_PASSEDPAWNS:0.5323698556307069
CE_PAWNWEAKNESSES:0.5257688805818092
CE_PIECEACTIVITY:0.51802983003137
CE_KINGPAWNSHIELD:0.4691903903018957
CE_PIECECOORDINATION:0.5101625731637042
CE_MATERIAL:0.48976900166687415
CE_KINGSAFETY:0.48844332797978324
C_PIECESQUARETABLES:0.5097322381301466
C_MOBILITY:0.5289600936373867
C_KINGSAFETY:0.5316781377144835
C_PAWNSTRUCTURE:0.4791003035706364
C_PIECECOORDINATION:0.511229702480383
C_ROOKANDPAWNMOVEMENT:0.511229702480383
C_CENTERCONTROL:0.5337698431081671
C_DEVELOPPIECES:0.46440825505085115
C_MATERIAL:0.5111377404363415
C_MOVECOUNT:0.5156105494230558
