ELO:1000
CE_PASSEDPAWNS:0.529641227210612
CE_PAWNWEAKNESSES:0.4915996556496858
CE_PIECEACTIVITY:0.47014342906959217
CE_KINGPAWNSHIELD:0.5249796046541658
CE_PIECECOORDINATION:0.503263688385752
CE_MATERIAL:0.4689993997323216
CE_KINGSAFETY:0.5016909423050585
C_PIECESQUARETABLES:0.4665396020733498
C_MOBILITY:0.4997754991738754
C_KINGSAFETY:0.48916097115828894
C_PAWNSTRUCTURE:0.4376516194873628
C_PIECECOORDINATION:0.5177683212894735
C_ROOKANDPAWNMOVEMENT:0.5177683212894735
C_CENTERCONTROL:0.511390435806975
C_DEVELOPPIECES:0.5179689723326946
C_MATERIAL:0.5057148677966022
