ELO:1072
CE_PASSEDPAWNS:0.6368400886027429
CE_PAWNWEAKNESSES:0.5162937660774457
CE_PIECEACTIVITY:0.5708686995868234
CE_KINGPAWNSHIELD:0.43320027902153135
CE_PIECECOORDINATION:0.4980715662704499
CE_MATERIAL:0.46583088581538246
CE_KINGSAFETY:0.5070800183578829
C_PIECESQUARETABLES:0.49172870426004067
C_MOBILITY:0.46308128293399825
C_KINGSAFETY:0.6343526425703231
C_PAWNSTRUCTURE:0.46085407917735544
C_PIECECOORDINATION:0.49326300208126284
C_ROOKANDPAWNMOVEMENT:0.49326300208126284
C_CENTERCONTROL:0.47804554527969095
C_DEVELOPPIECES:0.5494393490288125
C_MATERIAL:0.36997785561688334
