ELO:939
CE_PASSEDPAWNS:0.539069006391489
CE_PAWNWEAKNESSES:0.4986195625242607
CE_PIECEACTIVITY:0.4750886095439656
CE_KINGPAWNSHIELD:0.44886900534528607
CE_PIECECOORDINATION:0.5426986316253694
CE_MATERIAL:0.5002243624127617
CE_KINGSAFETY:0.47834640103906834
C_PIECESQUARETABLES:0.49215650880948575
C_MOBILITY:0.47208952302862034
C_KINGSAFETY:0.43209272197803744
C_PAWNSTRUCTURE:0.598906216949859
C_PIECECOORDINATION:0.5003026527555099
C_ROOKANDPAWNMOVEMENT:0.5003026527555099
C_CENTERCONTROL:0.481700419894521
C_DEVELOPPIECES:0.44847354704958253
C_MATERIAL:0.49034227008315057
