ELO:1034
CE_PASSEDPAWNS:0.5026822638532017
CE_PAWNWEAKNESSES:0.4767844267239877
CE_PIECEACTIVITY:0.49404104466932663
CE_KINGPAWNSHIELD:0.5061944852608466
CE_PIECECOORDINATION:0.5
CE_MATERIAL:0.4842486117367992
CE_KINGSAFETY:0.5
C_PIECESQUARETABLES:0.5
C_MOBILITY:0.4933360089520684
C_KINGSAFETY:0.5207123532506147
C_PAWNSTRUCTURE:0.4894187503603023
C_PIECECOORDINATION:0.5146752819947217
C_ROOK:0.5336412950372417
CE_ROOK:0.5132819044396046
C_CENTERCONTROL:0.5072550734620502
C_DEVELOPPIECES:0.5277752778422563
C_MATERIAL:0.498131800715962
C_MOVECOUNT:0.4923646067896574
C_PAWNMOVEMENT:0.48906501505248945
