ELO:931
CE_PASSEDPAWNS:0.5329328211928069
CE_PAWNWEAKNESSES:0.47158460125821283
CE_PIECEACTIVITY:0.5850932572923552
CE_KINGPAWNSHIELD:0.5087707540509371
CE_PIECECOORDINATION:0.4889923710982536
CE_MATERIAL:0.49478443017077633
CE_KINGSAFETY:0.5182326487211825
C_PIECESQUARETABLES:0.4882168830163692
C_MOBILITY:0.4792997574582326
C_KINGSAFETY:0.5301646132767409
C_PAWNSTRUCTURE:0.5577195034088084
C_PIECECOORDINATION:0.44097816601060363
C_ROOKANDPAWNMOVEMENT:0.44097816601060363
C_CENTERCONTROL:0.5555058120036038
C_DEVELOPPIECES:0.5653615533238623
C_MATERIAL:0.43950043484973683
