ELO:1015
CE_PASSEDPAWNS:0.5264293005350895
CE_PAWNWEAKNESSES:0.4882482094212052
CE_PIECEACTIVITY:0.5002903469794394
CE_KINGPAWNSHIELD:0.5149836308742433
CE_PIECECOORDINATION:0.510224648072627
CE_MATERIAL:0.5212837986852576
CE_KINGSAFETY:0.4899571264729601
C_PIECESQUARETABLES:0.5111826156358205
C_MOBILITY:0.5
C_KINGSAFETY:0.48738541434167854
C_PAWNSTRUCTURE:0.5107386182980034
C_PIECECOORDINATION:0.5047428311727687
C_ROOKANDPAWNMOVEMENT:0.5047428311727687
C_CENTERCONTROL:0.508586553890978
C_DEVELOPPIECES:0.5054729145325626
C_MATERIAL:0.49093146881102456
C_MOVECOUNT:0.5
