ELO:947
CE_PASSEDPAWNS:0.5497284477325275
CE_PAWNWEAKNESSES:0.4990533244904487
CE_PIECEACTIVITY:0.47422766097118646
CE_KINGPAWNSHIELD:0.45090854813277165
CE_PIECECOORDINATION:0.536924470690139
CE_MATERIAL:0.5101485876803739
CE_KINGSAFETY:0.49837218638704595
C_PIECESQUARETABLES:0.4892980759401311
C_MOBILITY:0.4748417356799505
C_KINGSAFETY:0.4147540817753545
C_PAWNSTRUCTURE:0.6053739294421494
C_PIECECOORDINATION:0.5211884453471856
C_ROOKANDPAWNMOVEMENT:0.5211884453471856
C_CENTERCONTROL:0.4881697514849582
C_DEVELOPPIECES:0.43830580775794636
C_MATERIAL:0.44585002997763135
