ELO:978
CE_PASSEDPAWNS:0.49913809365039785
CE_PAWNWEAKNESSES:0.5171310228310035
CE_PIECEACTIVITY:0.49690710225427215
CE_KINGPAWNSHIELD:0.525021536136841
CE_PIECECOORDINATION:0.48989974345629467
CE_MATERIAL:0.478166438258691
CE_KINGSAFETY:0.5052340997162862
C_PIECESQUARETABLES:0.5
C_MOBILITY:0.4613347977939745
C_KINGSAFETY:0.5039191373526382
C_PAWNSTRUCTURE:0.4527082333042475
C_PIECECOORDINATION:0.4840943794637862
C_ROOKANDPAWNMOVEMENT:0.4840943794637862
C_CENTERCONTROL:0.5
C_DEVELOPPIECES:0.5115154921063294
C_MATERIAL:0.4805112615866776
C_MOVECOUNT:0.5
