ELO:899
CE_PASSEDPAWNS:0.4706152101018763
CE_PAWNWEAKNESSES:0.5983695232682396
CE_PIECEACTIVITY:0.39825212531432397
CE_KINGPAWNSHIELD:0.514264068284261
CE_PIECECOORDINATION:0.5053320389120766
CE_MATERIAL:0.4461364046140508
CE_KINGSAFETY:0.5
C_PIECESQUARETABLES:0.5
C_MOBILITY:0.47328258128307504
C_KINGSAFETY:0.40220539142586287
C_PAWNSTRUCTURE:0.5902094557990838
C_PIECECOORDINATION:0.565387117935627
C_ROOKANDPAWNMOVEMENT:0.565387117935627
C_CENTERCONTROL:0.4686173673384442
C_DEVELOPPIECES:0.37262111055653735
C_MATERIAL:0.40716569274600867
