ELO:965
CE_PASSEDPAWNS:0.5
CE_PAWNWEAKNESSES:0.49104560006461445
CE_PIECEACTIVITY:0.4893632747066125
CE_KINGPAWNSHIELD:0.490739214373237
CE_PIECECOORDINATION:0.4927602906368588
CE_MATERIAL:0.4890382826459007
CE_KINGSAFETY:0.5
C_PIECESQUARETABLES:0.5
C_MOBILITY:0.49839973207624944
C_KINGSAFETY:0.5272865791457345
C_PAWNSTRUCTURE:0.4989584740234103
C_PIECECOORDINATION:0.48656649669524504
C_ROOKANDPAWNMOVEMENT:0.48656649669524504
C_CENTERCONTROL:0.5029321452204766
C_DEVELOPPIECES:0.4936491684030078
C_MATERIAL:0.46982459527815784
C_MOVECOUNT:0.4625868779221968
