ELO:1000
CE_PASSEDPAWNS:0.5068945500893893
CE_PAWNWEAKNESSES:0.500384181763457
CE_PIECEACTIVITY:0.5075219743949142
CE_KINGPAWNSHIELD:0.5115096357342022
CE_PIECECOORDINATION:0.46936060699416043
CE_MATERIAL:0.486127906205769
CE_KINGSAFETY:0.48983250857312133
C_PIECESQUARETABLES:0.47767699684971254
C_MOBILITY:0.49951017643121526
C_KINGSAFETY:0.4983098624154423
C_PAWNSTRUCTURE:0.4899156917152987
C_PIECECOORDINATION:0.4904891650677787
C_ROOKANDPAWNMOVEMENT:0.4904891650677787
C_CENTERCONTROL:0.49790502573644296
C_DEVELOPPIECES:0.5016380194110731
C_MATERIAL:0.5177211895080335
