ELO:953
CE_PASSEDPAWNS:0.4817446883903371
CE_PAWNWEAKNESSES:0.5066197893007568
CE_PIECEACTIVITY:0.48108710548187966
CE_KINGPAWNSHIELD:0.48741345010296777
CE_PIECECOORDINATION:0.45794218283743443
CE_MATERIAL:0.5021879306531796
CE_KINGSAFETY:0.5
C_PIECESQUARETABLES:0.4940401662838731
C_MOBILITY:0.5181126706821284
C_KINGSAFETY:0.4900327675028397
C_PAWNSTRUCTURE:0.5483894472922348
C_PIECECOORDINATION:0.4770450594129242
C_ROOK:0.5094431781025273
CE_ROOK:0.4786527703840089
C_CENTERCONTROL:0.49553651368201984
C_DEVELOPPIECES:0.5114124007902093
C_MATERIAL:0.5303337649820428
C_MOVECOUNT:0.5232754944184952
C_PAWNMOVEMENT:0.480993045830313
