ELO:921
CE_PASSEDPAWNS:0.5230592894346774
CE_PAWNWEAKNESSES:0.5227160913865039
CE_PIECEACTIVITY:0.5264382358675315
CE_KINGPAWNSHIELD:0.4677171185602148
CE_PIECECOORDINATION:0.504149317018796
CE_MATERIAL:0.5090076288727375
CE_KINGSAFETY:0.48584258893703147
C_PIECESQUARETABLES:0.5183985678250008
C_MOBILITY:0.5264205489208865
C_KINGSAFETY:0.5211794924583083
C_PAWNSTRUCTURE:0.4782288591776757
C_PIECECOORDINATION:0.49426236672579543
C_ROOKANDPAWNMOVEMENT:0.49426236672579543
C_CENTERCONTROL:0.5056517424164214
C_DEVELOPPIECES:0.4744672669916543
C_MATERIAL:0.5088656872355786
C_MOVECOUNT:0.5116122704948337
