ELO:1022
CE_PASSEDPAWNS:0.4672830619702464
CE_PAWNWEAKNESSES:0.5315084815777993
CE_PIECEACTIVITY:0.506346503157013
CE_KINGPAWNSHIELD:0.4695425906478662
CE_PIECECOORDINATION:0.4967959461992944
CE_MATERIAL:0.5168195112840839
CE_KINGSAFETY:0.5
C_PIECESQUARETABLES:0.5
C_MOBILITY:0.5080002006717624
C_KINGSAFETY:0.5028292516083968
C_PAWNSTRUCTURE:0.48800775738046337
C_PIECECOORDINATION:0.4765832087227855
C_ROOK:0.4731768837174072
CE_ROOK:0.5221912629796174
C_CENTERCONTROL:0.4925474243780922
C_DEVELOPPIECES:0.49173558182974186
C_MATERIAL:0.49078819918661126
C_MOVECOUNT:0.488103641577443
C_PAWNMOVEMENT:0.5171284594586478
