ELO:1000
CE_PASSEDPAWNS:0.4975589830910819
CE_PAWNWEAKNESSES:0.4959639309764538
CE_PIECEACTIVITY:0.4991495641786227
CE_KINGPAWNSHIELD:0.5
CE_PIECECOORDINATION:0.4999198334086981
CE_MATERIAL:0.49581582685022507
CE_KINGSAFETY:0.5058432491059522
C_PIECESQUARETABLES:0.4858498688139486
C_MOBILITY:0.5058565738760246
C_KINGSAFETY:0.5082318770966857
C_PAWNSTRUCTURE:0.503701896048156
C_PIECECOORDINATION:0.5139315877179177
C_ROOKANDPAWNMOVEMENT:0.5139315877179177
C_CENTERCONTROL:0.5032405970243112
C_DEVELOPPIECES:0.5201655377023393
C_MATERIAL:0.49651359154369196
