ELO:1034
CE_PASSEDPAWNS:0.5026822638532017
CE_PAWNWEAKNESSES:0.45998551404873766
CE_PIECEACTIVITY:0.5180690068294841
CE_KINGPAWNSHIELD:0.5120062770961185
CE_PIECECOORDINATION:0.5074158122845649
CE_MATERIAL:0.4842486117367992
CE_KINGSAFETY:0.5
C_PIECESQUARETABLES:0.5
C_MOBILITY:0.5028170813085642
C_KINGSAFETY:0.5207123532506147
C_PAWNSTRUCTURE:0.4894187503603023
C_PIECECOORDINATION:0.5146752819947217
C_ROOK:0.49383542910292344
CE_ROOK:0.5132819044396046
C_CENTERCONTROL:0.5072550734620502
C_DEVELOPPIECES:0.4451163445770102
C_MATERIAL:0.498131800715962
C_MOVECOUNT:0.4923646067896574
C_PAWNMOVEMENT:0.48906501505248945
