ELO:1022
CE_PASSEDPAWNS:0.47912806477801456
CE_PAWNWEAKNESSES:0.4846267390213783
CE_PIECEACTIVITY:0.4830485880078221
CE_KINGPAWNSHIELD:0.4958876103864205
CE_PIECECOORDINATION:0.5074158122845649
CE_MATERIAL:0.4842486117367992
CE_KINGSAFETY:0.5
C_PIECESQUARETABLES:0.5
C_MOBILITY:0.52166885803624
C_KINGSAFETY:0.49228112518646927
C_PAWNSTRUCTURE:0.4984238162774086
C_PIECECOORDINATION:0.5179891344063673
C_ROOK:0.5004201328485155
CE_ROOK:0.5065533373147051
C_CENTERCONTROL:0.5013749059447414
C_DEVELOPPIECES:0.5378158956555593
C_MATERIAL:0.4863575817299442
C_MOVECOUNT:0.5047292587509674
C_PAWNMOVEMENT:0.48707699168824364
