ELO:935
CE_PASSEDPAWNS:0.6080077641680778
CE_PAWNWEAKNESSES:0.49689083360821595
CE_PIECEACTIVITY:0.45716845160708536
CE_KINGPAWNSHIELD:0.5138808460647376
CE_PIECECOORDINATION:0.48796472456872214
CE_MATERIAL:0.49928809766958315
CE_KINGSAFETY:0.4739763910568898
C_PIECESQUARETABLES:0.5023539361270108
C_MOBILITY:0.5051427798484195
C_KINGSAFETY:0.45587021757320134
C_PAWNSTRUCTURE:0.5969738092706318
C_PIECECOORDINATION:0.5515410954197422
C_ROOKANDPAWNMOVEMENT:0.5515410954197422
C_CENTERCONTROL:0.510211682417148
C_DEVELOPPIECES:0.4288378217097972
C_MATERIAL:0.4364879816752076
