ELO:981
CE_PASSEDPAWNS:0.5273501917771032
CE_PAWNWEAKNESSES:0.4716383685144917
CE_PIECEACTIVITY:0.4967816640715502
CE_KINGPAWNSHIELD:0.4487605435768361
CE_PIECECOORDINATION:0.5178865841826008
CE_MATERIAL:0.4460995399205821
CE_KINGSAFETY:0.5584080913907716
C_PIECESQUARETABLES:0.4810311933436565
C_MOBILITY:0.45707429100012437
C_KINGSAFETY:0.4273108632528956
C_PAWNSTRUCTURE:0.5348109409525029
C_PIECECOORDINATION:0.5057190142332545
C_ROOKANDPAWNMOVEMENT:0.5057190142332545
C_CENTERCONTROL:0.4662863783173549
C_DEVELOPPIECES:0.4321315248584553
C_MATERIAL:0.4805907506290436
