ELO:974
CE_PASSEDPAWNS:0.5197424044857251
CE_PAWNWEAKNESSES:0.4716383685144917
CE_PIECEACTIVITY:0.4961534357162403
CE_KINGPAWNSHIELD:0.4668426864907573
CE_PIECECOORDINATION:0.5406050703618435
CE_MATERIAL:0.43680719758458986
CE_KINGSAFETY:0.49633233968649226
C_PIECESQUARETABLES:0.5
C_MOBILITY:0.45455484505507826
C_KINGSAFETY:0.4228425308513599
C_PAWNSTRUCTURE:0.5459363480431327
C_PIECECOORDINATION:0.5182937858791453
C_ROOKANDPAWNMOVEMENT:0.5182937858791453
C_CENTERCONTROL:0.4770227466340424
C_DEVELOPPIECES:0.4344461354553915
C_MATERIAL:0.46902001669480886
