ELO:1000
CE_PASSEDPAWNS:0.5141553215133303
CE_PAWNWEAKNESSES:0.5
CE_PIECEACTIVITY:0.4897559446060817
CE_KINGPAWNSHIELD:0.501657405420738
CE_PIECECOORDINATION:0.4786183304210053
CE_MATERIAL:0.4836856316478711
CE_KINGSAFETY:0.4882649947457536
C_PIECESQUARETABLES:0.49860997732497897
C_MOBILITY:0.526785671078228
C_KINGSAFETY:0.488108016783825
C_PAWNSTRUCTURE:0.5313655690324761
C_PIECECOORDINATION:0.4840837231680257
C_ROOK:0.5121472433095328
CE_ROOK:0.5095016207558356
C_CENTERCONTROL:0.5062160833925595
C_DEVELOPPIECES:0.5
C_MATERIAL:0.5110528152002785
C_MOVECOUNT:0.5035614066641423
C_PAWNMOVEMENT:0.5
