ELO:993
CE_PASSEDPAWNS:0.4940689223997548
CE_PAWNWEAKNESSES:0.48765819429570756
CE_PIECEACTIVITY:0.5063456654993154
CE_KINGPAWNSHIELD:0.5
CE_PIECECOORDINATION:0.5235575044113745
CE_MATERIAL:0.4976093288948715
CE_KINGSAFETY:0.5
C_PIECESQUARETABLES:0.5
C_MOBILITY:0.47892525838399397
C_KINGSAFETY:0.5180682548447948
C_PAWNSTRUCTURE:0.508645937325622
C_PIECECOORDINATION:0.5185831459827874
C_ROOKANDPAWNMOVEMENT:0.5185831459827874
C_CENTERCONTROL:0.4918391122763274
C_DEVELOPPIECES:0.5
C_MATERIAL:0.5061131481383406
C_MOVECOUNT:0.5
