ELO:1009
CE_PASSEDPAWNS:0.5179591658070092
CE_PAWNWEAKNESSES:0.5101304147258322
CE_PIECEACTIVITY:0.5064717264688003
CE_KINGPAWNSHIELD:0.4934647489937365
CE_PIECECOORDINATION:0.5
CE_MATERIAL:0.4928564690364116
CE_KINGSAFETY:0.5
C_PIECESQUARETABLES:0.5
C_MOBILITY:0.4984177026253114
C_KINGSAFETY:0.4991844272485667
C_PAWNSTRUCTURE:0.511669103685065
C_PIECECOORDINATION:0.5129933973770763
C_ROOK:0.496266584649756
CE_ROOK:0.4721512202863491
C_CENTERCONTROL:0.49908000958574095
C_DEVELOPPIECES:0.47944667082985915
C_MATERIAL:0.498131800715962
C_MOVECOUNT:0.4936270663071781
C_PAWNMOVEMENT:0.5003787379197111
