ELO:953
CE_PASSEDPAWNS:0.5319620126008351
CE_PAWNWEAKNESSES:0.4551698250883067
CE_PIECEACTIVITY:0.49622394454244895
CE_KINGPAWNSHIELD:0.4597127679610407
CE_PIECECOORDINATION:0.5732374388992111
CE_MATERIAL:0.4388988363602861
CE_KINGSAFETY:0.4899040323274031
C_PIECESQUARETABLES:0.49973524916895457
C_MOBILITY:0.4477089452862057
C_KINGSAFETY:0.4327203033611216
C_PAWNSTRUCTURE:0.5617237129500398
C_PIECECOORDINATION:0.5099391312978551
C_ROOKANDPAWNMOVEMENT:0.5099391312978551
C_CENTERCONTROL:0.48000843306994845
C_DEVELOPPIECES:0.4477895537880008
C_MATERIAL:0.47100469589060917
