ELO:997
CE_PASSEDPAWNS:0.552048592581458
CE_PAWNWEAKNESSES:0.49860906009210354
CE_PIECEACTIVITY:0.5291050197174995
CE_KINGPAWNSHIELD:0.5196045304145492
CE_PIECECOORDINATION:0.49299295778818786
CE_MATERIAL:0.4252184591812245
CE_KINGSAFETY:0.5462244751028623
C_PIECESQUARETABLES:0.4873184300873251
C_MOBILITY:0.47915131490323115
C_KINGSAFETY:0.4455766981053046
C_PAWNSTRUCTURE:0.510019520390048
C_PIECECOORDINATION:0.5233989052422187
C_ROOKANDPAWNMOVEMENT:0.5233989052422187
C_CENTERCONTROL:0.49764466916560773
C_DEVELOPPIECES:0.5139758533898546
C_MATERIAL:0.4963686770366586
