ELO:908
CE_PASSEDPAWNS:0.5301091320718904
CE_PAWNWEAKNESSES:0.5266982125066069
CE_PIECEACTIVITY:0.51802983003137
CE_KINGPAWNSHIELD:0.45588827704434903
CE_PIECECOORDINATION:0.5028572154044573
CE_MATERIAL:0.48976900166687415
CE_KINGSAFETY:0.5
C_PIECESQUARETABLES:0.49805272971352615
C_MOBILITY:0.5145668243323573
C_KINGSAFETY:0.5437950921866929
C_PAWNSTRUCTURE:0.4791003035706364
C_PIECECOORDINATION:0.5093428455903779
C_ROOKANDPAWNMOVEMENT:0.5093428455903779
C_CENTERCONTROL:0.5372682317966133
C_DEVELOPPIECES:0.4557348277292796
C_MATERIAL:0.525680349205313
C_MOVECOUNT:0.5098829597520399
