ELO:785
CE_PASSEDPAWNS:0.5726182802011588
CE_PAWNWEAKNESSES:0.5083961338117369
CE_PIECEACTIVITY:0.4455572685600151
CE_KINGPAWNSHIELD:0.510323105040971
CE_PIECECOORDINATION:0.4692422045522501
CE_MATERIAL:0.45987305375759846
CE_KINGSAFETY:0.4764499915799598
C_PIECESQUARETABLES:0.4777011277832107
C_MOBILITY:0.4652907331827256
C_KINGSAFETY:0.4590683902485986
C_PAWNSTRUCTURE:0.42271476229840627
C_PIECECOORDINATION:0.43142907645113315
C_ROOKANDPAWNMOVEMENT:0.43142907645113315
C_CENTERCONTROL:0.4852083207865113
C_DEVELOPPIECES:0.5447454459340401
C_MATERIAL:0.5428190767797593
C_MOVECOUNT:0.5057468981871646
