ELO:954
CE_PASSEDPAWNS:0.5395855691498928
CE_PAWNWEAKNESSES:0.4734181021183797
CE_PIECEACTIVITY:0.6116676863198002
CE_KINGPAWNSHIELD:0.4750435706859202
CE_PIECECOORDINATION:0.5082861736340144
CE_MATERIAL:0.47836261800920127
CE_KINGSAFETY:0.5071160670621344
C_PIECESQUARETABLES:0.5
C_MOBILITY:0.5068953540149733
C_KINGSAFETY:0.50139681336883
C_PAWNSTRUCTURE:0.5419952438044583
C_PIECECOORDINATION:0.4657165329611107
C_ROOKANDPAWNMOVEMENT:0.4657165329611107
C_CENTERCONTROL:0.5613266603837871
C_DEVELOPPIECES:0.5675912344643289
C_MATERIAL:0.4549243752411981
