ELO:994
CE_PASSEDPAWNS:0.552048592581458
CE_PAWNWEAKNESSES:0.49860906009210354
CE_PIECEACTIVITY:0.5278787682249857
CE_KINGPAWNSHIELD:0.5038856327036056
CE_PIECECOORDINATION:0.5023168713917542
CE_MATERIAL:0.41343673971991984
CE_KINGSAFETY:0.5454715733122659
C_PIECESQUARETABLES:0.4820285983569803
C_MOBILITY:0.4850262379655263
C_KINGSAFETY:0.44176943008617187
C_PAWNSTRUCTURE:0.49180806091390095
C_PIECECOORDINATION:0.5003290069579752
C_ROOKANDPAWNMOVEMENT:0.5003290069579752
C_CENTERCONTROL:0.49764466916560773
C_DEVELOPPIECES:0.5100570184642128
C_MATERIAL:0.49225865424998355
