ELO:943
CE_PASSEDPAWNS:0.591638291829134
CE_PAWNWEAKNESSES:0.4999388698785335
CE_PIECEACTIVITY:0.45716845160708536
CE_KINGPAWNSHIELD:0.48081722994495296
CE_PIECECOORDINATION:0.49270989782815
CE_MATERIAL:0.48929011965420705
CE_KINGSAFETY:0.46788800697099603
C_PIECESQUARETABLES:0.4988324678945821
C_MOBILITY:0.4922311007535979
C_KINGSAFETY:0.45592247723770424
C_PAWNSTRUCTURE:0.5969738092706318
C_PIECECOORDINATION:0.5465511038401701
C_ROOKANDPAWNMOVEMENT:0.5465511038401701
C_CENTERCONTROL:0.5204893565773263
C_DEVELOPPIECES:0.43533774521660856
C_MATERIAL:0.4380939045404027
