ELO:1022
CE_PASSEDPAWNS:0.4717757927554592
CE_PAWNWEAKNESSES:0.4814907870789716
CE_PIECEACTIVITY:0.4854613966948286
CE_KINGPAWNSHIELD:0.4958876103864205
CE_PIECECOORDINATION:0.5074158122845649
CE_MATERIAL:0.4842486117367992
CE_KINGSAFETY:0.5
C_PIECESQUARETABLES:0.5
C_MOBILITY:0.52166885803624
C_KINGSAFETY:0.4890094461229128
C_PAWNSTRUCTURE:0.4984238162774086
C_PIECECOORDINATION:0.5133516354288787
C_ROOK:0.49634645325755944
CE_ROOK:0.5065533373147051
C_CENTERCONTROL:0.46593201512716276
C_DEVELOPPIECES:0.5378158956555593
C_MATERIAL:0.4863575817299442
C_MOVECOUNT:0.5068550705463991
C_PAWNMOVEMENT:0.5171284594586478
