ELO:1021
CE_PASSEDPAWNS:0.49244450137678064
CE_PAWNWEAKNESSES:0.5247287781109924
CE_PIECEACTIVITY:0.5064717264688003
CE_KINGPAWNSHIELD:0.5007371787734637
CE_PIECECOORDINATION:0.5080308433606796
CE_MATERIAL:0.5419255685676578
CE_KINGSAFETY:0.5
C_PIECESQUARETABLES:0.5
C_MOBILITY:0.4984177026253114
C_KINGSAFETY:0.48760421906319956
C_PAWNSTRUCTURE:0.5
C_PIECECOORDINATION:0.5286364888660213
C_ROOK:0.49228219716873883
CE_ROOK:0.4721512202863491
C_CENTERCONTROL:0.49908000958574095
C_DEVELOPPIECES:0.5228130600638412
C_MATERIAL:0.5205561432492856
C_MOVECOUNT:0.4923646067896574
C_PAWNMOVEMENT:0.49808335392436087
