ELO:948
CE_PASSEDPAWNS:0.5497284477325275
CE_PAWNWEAKNESSES:0.4990533244904487
CE_PIECEACTIVITY:0.481116258539148
CE_KINGPAWNSHIELD:0.45090854813277165
CE_PIECECOORDINATION:0.536924470690139
CE_MATERIAL:0.5101485876803739
CE_KINGSAFETY:0.5032323380954586
C_PIECESQUARETABLES:0.49902912827207674
C_MOBILITY:0.4748417356799505
C_KINGSAFETY:0.42428436434033456
C_PAWNSTRUCTURE:0.598906216949859
C_PIECECOORDINATION:0.5080640529975547
C_ROOKANDPAWNMOVEMENT:0.5080640529975547
C_CENTERCONTROL:0.49229342792986286
C_DEVELOPPIECES:0.43830580775794636
C_MATERIAL:0.4581887700155258
