ELO:992
CE_PASSEDPAWNS:0.4982442047416114
CE_PAWNWEAKNESSES:0.508403404015362
CE_PIECEACTIVITY:0.5
CE_KINGPAWNSHIELD:0.5
CE_PIECECOORDINATION:0.4892093510748163
CE_MATERIAL:0.49511891262820745
CE_KINGSAFETY:0.5
C_PIECESQUARETABLES:0.5142716633479271
C_MOBILITY:0.5023778513992793
C_KINGSAFETY:0.5
C_PAWNSTRUCTURE:0.5
C_PIECECOORDINATION:0.46258933237358013
C_ROOKANDPAWNMOVEMENT:0.46258933237358013
C_CENTERCONTROL:0.49437299787549477
C_DEVELOPPIECES:0.5033602081306519
C_MATERIAL:0.49863821023844235
C_MOVECOUNT:0.5
