ELO:1003
CE_PASSEDPAWNS:0.5043572875931802
CE_PAWNWEAKNESSES:0.48584998843279814
CE_PIECEACTIVITY:0.5063456654993154
CE_KINGPAWNSHIELD:0.4573368835873509
CE_PIECECOORDINATION:0.5007230284930144
CE_MATERIAL:0.5
CE_KINGSAFETY:0.5
C_PIECESQUARETABLES:0.4788198146651888
C_MOBILITY:0.4960834876060091
C_KINGSAFETY:0.49661807740795416
C_PAWNSTRUCTURE:0.5209529107919904
C_PIECECOORDINATION:0.5
C_ROOKANDPAWNMOVEMENT:0.5
C_CENTERCONTROL:0.48179622908996844
C_DEVELOPPIECES:0.5129690017990775
C_MATERIAL:0.5048478465090095
C_MOVECOUNT:0.5
