ELO:1013
CE_PASSEDPAWNS:0.4848753099248825
CE_PAWNWEAKNESSES:0.49523506953182733
CE_PIECEACTIVITY:0.49692460615831135
CE_KINGPAWNSHIELD:0.4885995538087606
CE_PIECECOORDINATION:0.5209806095860022
CE_MATERIAL:0.47054461466129316
CE_KINGSAFETY:0.5083923002857089
C_PIECESQUARETABLES:0.4921081181194455
C_MOBILITY:0.5
C_KINGSAFETY:0.49715020368813634
C_PAWNSTRUCTURE:0.48874200344435725
C_PIECECOORDINATION:0.499976604016106
C_ROOKANDPAWNMOVEMENT:0.499976604016106
C_CENTERCONTROL:0.449375091062268
C_DEVELOPPIECES:0.5
C_MATERIAL:0.5095662347524706
C_MOVECOUNT:0.5
