ELO:981
CE_PASSEDPAWNS:0.47771399851663016
CE_PAWNWEAKNESSES:0.5078877004863401
CE_PIECEACTIVITY:0.4795466981526003
CE_KINGPAWNSHIELD:0.49164275933931634
CE_PIECECOORDINATION:0.4183524898739047
CE_MATERIAL:0.47471549401862834
CE_KINGSAFETY:0.5094717126434505
C_PIECESQUARETABLES:0.5114871082151975
C_MOBILITY:0.5162049255942576
C_KINGSAFETY:0.5084750532379814
C_PAWNSTRUCTURE:0.5395649253893771
C_PIECECOORDINATION:0.480677372078961
C_ROOK:0.5122445369635014
CE_ROOK:0.4878503658314967
C_CENTERCONTROL:0.47366382429953185
C_DEVELOPPIECES:0.4944294650237015
C_MATERIAL:0.5116785879021725
C_MOVECOUNT:0.5354316458024518
C_PAWNMOVEMENT:0.47461279239457116
