ELO:848
CE_PASSEDPAWNS:0.5802186657887142
CE_PAWNWEAKNESSES:0.5051554166591966
CE_PIECEACTIVITY:0.4329923979162698
CE_KINGPAWNSHIELD:0.5058574691115327
CE_PIECECOORDINATION:0.47242706371527615
CE_MATERIAL:0.4813571907654403
CE_KINGSAFETY:0.4647701604385286
C_PIECESQUARETABLES:0.47186203852064473
C_MOBILITY:0.5156568982703853
C_KINGSAFETY:0.4705074039309719
C_PAWNSTRUCTURE:0.42921358756797917
C_PIECECOORDINATION:0.4430937881105867
C_ROOKANDPAWNMOVEMENT:0.4430937881105867
C_CENTERCONTROL:0.494203903162293
C_DEVELOPPIECES:0.5411324233605229
C_MATERIAL:0.5561609037906295
C_MOVECOUNT:0.49562863710364824
