ELO:859
CE_PASSEDPAWNS:0.5788731292403037
CE_PAWNWEAKNESSES:0.5051554166591966
CE_PIECEACTIVITY:0.4360018522717481
CE_KINGPAWNSHIELD:0.5112875199989618
CE_PIECECOORDINATION:0.45797139586874974
CE_MATERIAL:0.46560757627095817
CE_KINGSAFETY:0.4780888463765193
C_PIECESQUARETABLES:0.4467723865624517
C_MOBILITY:0.4893415049682469
C_KINGSAFETY:0.4618142629639342
C_PAWNSTRUCTURE:0.43834824792962457
C_PIECECOORDINATION:0.43359437568106046
C_ROOKANDPAWNMOVEMENT:0.43359437568106046
C_CENTERCONTROL:0.4908864231709277
C_DEVELOPPIECES:0.541312952631083
C_MATERIAL:0.5495500570953993
C_MOVECOUNT:0.4803966411606732
