ELO:1011
CE_PASSEDPAWNS:0.5
CE_PAWNWEAKNESSES:0.5
CE_PIECEACTIVITY:0.5
CE_KINGPAWNSHIELD:0.5
CE_PIECECOORDINATION:0.5065393094165962
CE_MATERIAL:0.5
CE_KINGSAFETY:0.4790926496802164
C_PIECESQUARETABLES:0.5063882555632601
C_MOBILITY:0.4999762391618765
C_KINGSAFETY:0.5
C_PAWNSTRUCTURE:0.5011022727293896
C_PIECECOORDINATION:0.5
C_ROOKANDPAWNMOVEMENT:0.5
C_CENTERCONTROL:0.48879908579735615
C_DEVELOPPIECES:0.5
C_MATERIAL:0.5
C_MOVECOUNT:0.5
