ELO:867
CE_PASSEDPAWNS:0.5519157027541669
CE_PAWNWEAKNESSES:0.4897542685653936
CE_PIECEACTIVITY:0.4612368193907568
CE_KINGPAWNSHIELD:0.498312938577126
CE_PIECECOORDINATION:0.5315439188490506
CE_MATERIAL:0.4705520091774064
CE_KINGSAFETY:0.5025864790923872
C_PIECESQUARETABLES:0.4990392774883545
C_MOBILITY:0.4923982370910601
C_KINGSAFETY:0.4758723024759589
C_PAWNSTRUCTURE:0.4218182641407703
C_PIECECOORDINATION:0.48219183919646497
C_ROOKANDPAWNMOVEMENT:0.48219183919646497
C_CENTERCONTROL:0.4792666046347681
C_DEVELOPPIECES:0.5214628846102027
C_MATERIAL:0.5219848512855583
C_MOVECOUNT:0.48668614918025405
