ELO:921
CE_PASSEDPAWNS:0.5686004877478475
CE_PAWNWEAKNESSES:0.40397564115061907
CE_PIECEACTIVITY:0.5031326280812272
CE_KINGPAWNSHIELD:0.5532486207783606
CE_PIECECOORDINATION:0.43365440201257516
CE_MATERIAL:0.47837145751543514
CE_KINGSAFETY:0.5520647567414401
C_PIECESQUARETABLES:0.4986429300102692
C_MOBILITY:0.5002540796803222
C_KINGSAFETY:0.4988691096108448
C_PAWNSTRUCTURE:0.48741216029676726
C_PIECECOORDINATION:0.5376618651037446
C_ROOKANDPAWNMOVEMENT:0.5376618651037446
C_CENTERCONTROL:0.4489296666287535
C_DEVELOPPIECES:0.4374972107804913
C_MATERIAL:0.49591492222588346
C_MOVECOUNT:0.5
