ELO:1026
CE_PASSEDPAWNS:0.5
CE_PAWNWEAKNESSES:0.47895060299917785
CE_PIECEACTIVITY:0.5005423335833814
CE_KINGPAWNSHIELD:0.5
CE_PIECECOORDINATION:0.5
CE_MATERIAL:0.4891721019949245
CE_KINGSAFETY:0.5
C_PIECESQUARETABLES:0.5
C_MOBILITY:0.5
C_KINGSAFETY:0.49148091137625494
C_PAWNSTRUCTURE:0.5041238504672547
C_PIECECOORDINATION:0.4810489044076505
C_ROOKANDPAWNMOVEMENT:0.4810489044076505
C_CENTERCONTROL:0.5
C_DEVELOPPIECES:0.5008949744067177
C_MATERIAL:0.4751114859836836
C_MOVECOUNT:0.5
