ELO:794
CE_PASSEDPAWNS:0.6116780708464532
CE_PAWNWEAKNESSES:0.45577542914689284
CE_PIECEACTIVITY:0.4979760000043163
CE_KINGPAWNSHIELD:0.568261040881563
CE_PIECECOORDINATION:0.41685144507433997
CE_MATERIAL:0.5310310315965435
CE_KINGSAFETY:0.5
C_PIECESQUARETABLES:0.5134182664376205
C_MOBILITY:0.4302737110402544
C_KINGSAFETY:0.5252171715570149
C_PAWNSTRUCTURE:0.5259288627323753
C_PIECECOORDINATION:0.4819921165373812
C_ROOKANDPAWNMOVEMENT:0.4819921165373812
C_CENTERCONTROL:0.5374985218699717
C_DEVELOPPIECES:0.4674250250065266
C_MATERIAL:0.43688595022031984
C_MOVECOUNT:0.45611742668707306
