ELO:1000
CE_PASSEDPAWNS:0.5022554985186063
CE_PAWNWEAKNESSES:0.49671809638716036
CE_PIECEACTIVITY:0.5069340557620559
CE_KINGPAWNSHIELD:0.4987157481463288
CE_PIECECOORDINATION:0.48305946471554423
CE_MATERIAL:0.4899711883992871
CE_KINGSAFETY:0.5025703973127029
C_PIECESQUARETABLES:0.49137898627967125
C_MOBILITY:0.4959158632034525
C_KINGSAFETY:0.5051648446420045
C_PAWNSTRUCTURE:0.49065621350275745
C_PIECECOORDINATION:0.5108915494550315
C_ROOKANDPAWNMOVEMENT:0.5108915494550315
C_CENTERCONTROL:0.4847344014452686
C_DEVELOPPIECES:0.49849887028460454
C_MATERIAL:0.49974165563090983
