ELO:1046
CE_PASSEDPAWNS:0.5065790784845459
CE_PAWNWEAKNESSES:0.42434726313756893
CE_PIECEACTIVITY:0.49517834046518416
CE_KINGPAWNSHIELD:0.5111436769598859
CE_PIECECOORDINATION:0.5368262928339115
CE_MATERIAL:0.4839441222758687
CE_KINGSAFETY:0.5
C_PIECESQUARETABLES:0.49815228117642446
C_MOBILITY:0.4591128167784079
C_KINGSAFETY:0.5217859410953756
C_PAWNSTRUCTURE:0.42983448870858987
C_PIECECOORDINATION:0.46258933237358013
C_ROOKANDPAWNMOVEMENT:0.46258933237358013
C_CENTERCONTROL:0.4976563033333722
C_DEVELOPPIECES:0.5179150819011946
C_MATERIAL:0.5135972032803453
C_MOVECOUNT:0.5
