ELO:1000
CE_PASSEDPAWNS:0.5112039108511086
CE_PAWNWEAKNESSES:0.5
CE_PIECEACTIVITY:0.4897559446060817
CE_KINGPAWNSHIELD:0.5046689551086447
CE_PIECECOORDINATION:0.4786183304210053
CE_MATERIAL:0.49034592862824783
CE_KINGSAFETY:0.5
C_PIECESQUARETABLES:0.5
C_MOBILITY:0.5216911115100983
C_KINGSAFETY:0.48062648384009743
C_PAWNSTRUCTURE:0.5227648769677276
C_PIECECOORDINATION:0.4884067796236001
C_ROOK:0.5
CE_ROOK:0.5028813035790768
C_CENTERCONTROL:0.5062160833925595
C_DEVELOPPIECES:0.5
C_MATERIAL:0.5059029059399602
C_MOVECOUNT:0.5040120529113455
C_PAWNMOVEMENT:0.5
