ELO:914
CE_PASSEDPAWNS:0.5095299933577364
CE_PAWNWEAKNESSES:0.41197575989478
CE_PIECEACTIVITY:0.5740503827743549
CE_KINGPAWNSHIELD:0.5241859812824075
CE_PIECECOORDINATION:0.4907378045596555
CE_MATERIAL:0.5087333269364926
CE_KINGSAFETY:0.49370179633509054
C_PIECESQUARETABLES:0.4881399571903539
C_MOBILITY:0.507460574532972
C_KINGSAFETY:0.5368832145927689
C_PAWNSTRUCTURE:0.5760048447232111
C_PIECECOORDINATION:0.45513978800363153
C_ROOKANDPAWNMOVEMENT:0.45513978800363153
C_CENTERCONTROL:0.5227356047334816
C_DEVELOPPIECES:0.5314584839921115
C_MATERIAL:0.46485388093411795
