ELO:1009
CE_PASSEDPAWNS:0.5290013539298729
CE_PAWNWEAKNESSES:0.5101304147258322
CE_PIECEACTIVITY:0.5064717264688003
CE_KINGPAWNSHIELD:0.4934647489937365
CE_PIECECOORDINATION:0.5011104980516888
CE_MATERIAL:0.49772630847706006
CE_KINGSAFETY:0.5
C_PIECESQUARETABLES:0.5
C_MOBILITY:0.4984177026253114
C_KINGSAFETY:0.5084518352635756
C_PAWNSTRUCTURE:0.5
C_PIECECOORDINATION:0.5286364888660213
C_ROOK:0.4947986000930932
CE_ROOK:0.4721512202863491
C_CENTERCONTROL:0.49908000958574095
C_DEVELOPPIECES:0.5228130600638412
C_MATERIAL:0.5205561432492856
C_MOVECOUNT:0.4790804045958373
C_PAWNMOVEMENT:0.47449648882613543
