ELO:954
CE_PASSEDPAWNS:0.5496553461964871
CE_PAWNWEAKNESSES:0.5060589929027823
CE_PIECEACTIVITY:0.46504116725917954
CE_KINGPAWNSHIELD:0.454045448423478
CE_PIECECOORDINATION:0.5199049531329056
CE_MATERIAL:0.500801712529342
CE_KINGSAFETY:0.46896055666031755
C_PIECESQUARETABLES:0.4892980759401311
C_MOBILITY:0.5045406032080952
C_KINGSAFETY:0.4175251232722717
C_PAWNSTRUCTURE:0.60868057067572
C_PIECECOORDINATION:0.5425684232232432
C_ROOKANDPAWNMOVEMENT:0.5425684232232432
C_CENTERCONTROL:0.4981532041095097
C_DEVELOPPIECES:0.43830580775794636
C_MATERIAL:0.45202077057794576
