ELO:903
CE_PASSEDPAWNS:0.49127494559998114
CE_PAWNWEAKNESSES:0.5100240061700323
CE_PIECEACTIVITY:0.4831818021304849
CE_KINGPAWNSHIELD:0.4915065037935812
CE_PIECECOORDINATION:0.4362317777981014
CE_MATERIAL:0.4971756187561285
CE_KINGSAFETY:0.5
C_PIECESQUARETABLES:0.49352493865450925
C_MOBILITY:0.5152014967992954
C_KINGSAFETY:0.5084750532379814
C_PAWNSTRUCTURE:0.5524569618793825
C_PIECECOORDINATION:0.4770450594129242
C_ROOK:0.5117673554093658
CE_ROOK:0.4786527703840089
C_CENTERCONTROL:0.48337265031561893
C_DEVELOPPIECES:0.5114124007902093
C_MATERIAL:0.5170725395208844
C_MOVECOUNT:0.5232754944184952
C_PAWNMOVEMENT:0.49218878626338247
