ELO:1016
CE_PASSEDPAWNS:0.489087324765298
CE_PAWNWEAKNESSES:0.4259859842618815
CE_PIECEACTIVITY:0.5344861929030611
CE_KINGPAWNSHIELD:0.5005863210459021
CE_PIECECOORDINATION:0.491468146052992
CE_MATERIAL:0.5159211537434899
CE_KINGSAFETY:0.5
C_PIECESQUARETABLES:0.5
C_MOBILITY:0.49375600138893516
C_KINGSAFETY:0.5219896704433621
C_PAWNSTRUCTURE:0.4624787858680573
C_PIECECOORDINATION:0.49565537645741137
C_ROOKANDPAWNMOVEMENT:0.49565537645741137
C_CENTERCONTROL:0.42273101846889327
C_DEVELOPPIECES:0.4634494012892117
C_MATERIAL:0.5232909034287989
C_MOVECOUNT:0.5
