ELO:1000
CE_PASSEDPAWNS:0.5130282970204197
CE_PAWNWEAKNESSES:0.4897810260503516
CE_PIECEACTIVITY:0.5264563136557474
CE_KINGPAWNSHIELD:0.49035496884244073
CE_PIECECOORDINATION:0.5154994123002384
CE_MATERIAL:0.5038614821028291
CE_KINGSAFETY:0.5210348624882801
C_PIECESQUARETABLES:0.4688344553301659
C_MOBILITY:0.4978072026547803
C_KINGSAFETY:0.507572557254746
C_PAWNSTRUCTURE:0.4938217820641055
C_PIECECOORDINATION:0.48508709568453623
C_ROOKANDPAWNMOVEMENT:0.48508709568453623
C_CENTERCONTROL:0.5319085656642049
C_DEVELOPPIECES:0.5263896937387869
C_MATERIAL:0.46632653680124087
