ELO:955
CE_PASSEDPAWNS:0.5515856296531005
CE_PAWNWEAKNESSES:0.4734181021183797
CE_PIECEACTIVITY:0.6063184432172779
CE_KINGPAWNSHIELD:0.4750435706859202
CE_PIECECOORDINATION:0.5185061345895371
CE_MATERIAL:0.4906306353189768
CE_KINGSAFETY:0.49363034571705855
C_PIECESQUARETABLES:0.48485183176285407
C_MOBILITY:0.5068953540149733
C_KINGSAFETY:0.50139681336883
C_PAWNSTRUCTURE:0.5419952438044583
C_PIECECOORDINATION:0.4657165329611107
C_ROOKANDPAWNMOVEMENT:0.4657165329611107
C_CENTERCONTROL:0.5444509389750912
C_DEVELOPPIECES:0.5793584397323835
C_MATERIAL:0.4620052583180649
