ELO:1000
CE_PASSEDPAWNS:0.5142759483639228
CE_PAWNWEAKNESSES:0.5017991403769665
CE_PIECEACTIVITY:0.5007518819926237
CE_KINGPAWNSHIELD:0.4881558255617185
CE_PIECECOORDINATION:0.4696062334596149
CE_MATERIAL:0.46987499968036056
CE_KINGSAFETY:0.49928370491919993
C_PIECESQUARETABLES:0.47691380922208654
C_MOBILITY:0.5186138065890605
C_KINGSAFETY:0.5083443202340433
C_PAWNSTRUCTURE:0.4539371483432748
C_PIECECOORDINATION:0.4963492068215178
C_ROOKANDPAWNMOVEMENT:0.4963492068215178
C_CENTERCONTROL:0.5237450616113319
C_DEVELOPPIECES:0.5104680110557428
C_MATERIAL:0.5181173881627229
