ELO:993
CE_PASSEDPAWNS:0.5102075851819978
CE_PAWNWEAKNESSES:0.509353432787157
CE_PIECEACTIVITY:0.4968696297557622
CE_KINGPAWNSHIELD:0.5
CE_PIECECOORDINATION:0.5
CE_MATERIAL:0.5107168111450335
CE_KINGSAFETY:0.5
C_PIECESQUARETABLES:0.5055464474045509
C_MOBILITY:0.5118822344397745
C_KINGSAFETY:0.48762930047223346
C_PAWNSTRUCTURE:0.526430545056445
C_PIECECOORDINATION:0.4828011341493372
C_ROOKANDPAWNMOVEMENT:0.4828011341493372
C_CENTERCONTROL:0.5022272325558379
C_DEVELOPPIECES:0.4696004565469488
C_MATERIAL:0.4997824884124068
C_MOVECOUNT:0.5
