ELO:921
CE_PASSEDPAWNS:0.49289174671762653
CE_PAWNWEAKNESSES:0.5284015924079773
CE_PIECEACTIVITY:0.5093516205385507
CE_KINGPAWNSHIELD:0.5223357052947253
CE_PIECECOORDINATION:0.5225680234329388
CE_MATERIAL:0.4782479099962719
CE_KINGSAFETY:0.5004085642690103
C_PIECESQUARETABLES:0.4962374921641127
C_MOBILITY:0.5359394504182295
C_KINGSAFETY:0.4716721128400647
C_PAWNSTRUCTURE:0.47510648873430306
C_PIECECOORDINATION:0.4712009946754006
C_ROOKANDPAWNMOVEMENT:0.4712009946754006
C_CENTERCONTROL:0.4819358711268764
C_DEVELOPPIECES:0.5121419349853022
C_MATERIAL:0.5053672964976386
C_MOVECOUNT:0.5116862256744313
