ELO:1000
CE_PASSEDPAWNS:0.4815607123224243
CE_PAWNWEAKNESSES:0.40199658074322503
CE_PIECEACTIVITY:0.5570423847868257
CE_KINGPAWNSHIELD:0.5267548137301715
CE_PIECECOORDINATION:0.42053957560184296
CE_MATERIAL:0.4825100246808598
CE_KINGSAFETY:0.5010414352967065
C_PIECESQUARETABLES:0.4829969425459553
C_MOBILITY:0.5050842373453167
C_KINGSAFETY:0.5431610866811477
C_PAWNSTRUCTURE:0.4949911100044471
C_PIECECOORDINATION:0.44213445901560233
C_ROOKANDPAWNMOVEMENT:0.44213445901560233
C_CENTERCONTROL:0.5190866522330201
C_DEVELOPPIECES:0.4698589212609873
C_MATERIAL:0.5082819962458197
