ELO:947
CE_PASSEDPAWNS:0.5124797115777092
CE_PAWNWEAKNESSES:0.5076062967932949
CE_PIECEACTIVITY:0.44805914994099455
CE_KINGPAWNSHIELD:0.5
CE_PIECECOORDINATION:0.4985207793644426
CE_MATERIAL:0.5139014357536658
CE_KINGSAFETY:0.5039529685726148
C_PIECESQUARETABLES:0.5
C_MOBILITY:0.45439572361207314
C_KINGSAFETY:0.4560264665557334
C_PAWNSTRUCTURE:0.5165447786604115
C_PIECECOORDINATION:0.4914650361758102
C_ROOKANDPAWNMOVEMENT:0.4914650361758102
C_CENTERCONTROL:0.47978443010605654
C_DEVELOPPIECES:0.5108306203571978
C_MATERIAL:0.5563722530820321
C_MOVECOUNT:0.5
