ELO:949
CE_PASSEDPAWNS:0.49214392398618023
CE_PAWNWEAKNESSES:0.5113590177854844
CE_PIECEACTIVITY:0.4936640575224136
CE_KINGPAWNSHIELD:0.4972951373980695
CE_PIECECOORDINATION:0.4748359182846493
CE_MATERIAL:0.5172325813794585
CE_KINGSAFETY:0.503503490991334
C_PIECESQUARETABLES:0.5040752820015864
C_MOBILITY:0.5370968218068378
C_KINGSAFETY:0.4952123351247041
C_PAWNSTRUCTURE:0.5140248814379597
C_PIECECOORDINATION:0.47769445031970575
C_ROOK:0.4859799534724453
CE_ROOK:0.5061324384539463
C_CENTERCONTROL:0.49322012231796963
C_DEVELOPPIECES:0.5232404610419572
C_MATERIAL:0.5018197736280193
C_MOVECOUNT:0.5077747686839791
C_PAWNMOVEMENT:0.5326101732223961
