ELO:988
CE_PASSEDPAWNS:0.39792981371987557
CE_PAWNWEAKNESSES:0.4392946097721566
CE_PIECEACTIVITY:0.5584833495376336
CE_KINGPAWNSHIELD:0.4969112771905379
CE_PIECECOORDINATION:0.6092782055877115
CE_MATERIAL:0.40612605699050397
CE_KINGSAFETY:0.4915094491698492
C_PIECESQUARETABLES:0.49007651707554817
C_MOBILITY:0.6111469610767595
C_KINGSAFETY:0.562062840580819
C_PAWNSTRUCTURE:0.6280118176701796
C_PIECECOORDINATION:0.6135308168497035
C_ROOKANDPAWNMOVEMENT:0.6135308168497035
C_CENTERCONTROL:0.40121302652942425
C_DEVELOPPIECES:0.5392033097689
C_MATERIAL:0.5936070658774019
