ELO:981
CE_PASSEDPAWNS:0.49920259407072903
CE_PAWNWEAKNESSES:0.48652091813226356
CE_PIECEACTIVITY:0.49536873519595503
CE_KINGPAWNSHIELD:0.49507779878699365
CE_PIECECOORDINATION:0.5046977038754809
CE_MATERIAL:0.5
CE_KINGSAFETY:0.5010591938134477
C_PIECESQUARETABLES:0.4856968175853443
C_MOBILITY:0.490669197417385
C_KINGSAFETY:0.4998018992617424
C_PAWNSTRUCTURE:0.48271248896840274
C_PIECECOORDINATION:0.5144492744557674
C_ROOKANDPAWNMOVEMENT:0.5144492744557674
C_CENTERCONTROL:0.4735981775899154
C_DEVELOPPIECES:0.498718609924388
C_MATERIAL:0.5
C_MOVECOUNT:0.5
