ELO:1000
CE_PASSEDPAWNS:0.5140034846604007
CE_PAWNWEAKNESSES:0.4796117961627959
CE_PIECEACTIVITY:0.507837431186938
CE_KINGPAWNSHIELD:0.4983216882589346
CE_PIECECOORDINATION:0.49317990008474943
CE_MATERIAL:0.5104598224474197
CE_KINGSAFETY:0.5113182359731767
C_PIECESQUARETABLES:0.5
C_MOBILITY:0.4999391844406984
C_KINGSAFETY:0.4735261962629114
C_PAWNSTRUCTURE:0.5143314366462723
C_PIECECOORDINATION:0.49057917964502623
C_ROOKANDPAWNMOVEMENT:0.49057917964502623
C_CENTERCONTROL:0.5187514481729985
C_DEVELOPPIECES:0.4905640155346614
C_MATERIAL:0.49081989734036985
