ELO:973
CE_PASSEDPAWNS:0.48972035455261326
CE_PAWNWEAKNESSES:0.49301059300997024
CE_PIECEACTIVITY:0.4909652452235997
CE_KINGPAWNSHIELD:0.49958928430095695
CE_PIECECOORDINATION:0.4872622342340067
CE_MATERIAL:0.5193397357648923
CE_KINGSAFETY:0.508620999376857
C_PIECESQUARETABLES:0.5108947235694813
C_MOBILITY:0.5128123885006587
C_KINGSAFETY:0.491638625695173
C_PAWNSTRUCTURE:0.5075022814911984
C_PIECECOORDINATION:0.4879412102890564
C_ROOK:0.5051428452692771
CE_ROOK:0.4853398958071089
C_CENTERCONTROL:0.5233791763226
C_DEVELOPPIECES:0.5083225874795225
C_MATERIAL:0.492117996760963
C_MOVECOUNT:0.5192176833981669
C_PAWNMOVEMENT:0.519200950626141
