ELO:932
CE_PASSEDPAWNS:0.5434544594381534
CE_PAWNWEAKNESSES:0.501407393078478
CE_PIECEACTIVITY:0.5703325559355522
CE_KINGPAWNSHIELD:0.4634024957231514
CE_PIECECOORDINATION:0.4747608185366155
CE_MATERIAL:0.5331797561969085
CE_KINGSAFETY:0.47523482239772247
C_PIECESQUARETABLES:0.5730549187764152
C_MOBILITY:0.5349248199876966
C_KINGSAFETY:0.4518547261956922
C_PAWNSTRUCTURE:0.4549143396894285
C_PIECECOORDINATION:0.4091319016424641
C_ROOKANDPAWNMOVEMENT:0.4091319016424641
C_CENTERCONTROL:0.4575655376367301
C_DEVELOPPIECES:0.5902952389667011
C_MATERIAL:0.45263888811581116
