ELO:974
CE_PASSEDPAWNS:0.5528634087028149
CE_PAWNWEAKNESSES:0.4663717900545576
CE_PIECEACTIVITY:0.5577031622099259
CE_KINGPAWNSHIELD:0.4725769949742946
CE_PIECECOORDINATION:0.4899849064405066
CE_MATERIAL:0.4921589836521187
CE_KINGSAFETY:0.48356786033834154
C_PIECESQUARETABLES:0.4760750933165408
C_MOBILITY:0.4754967455474956
C_KINGSAFETY:0.4732993186060754
C_PAWNSTRUCTURE:0.5058801852344029
C_PIECECOORDINATION:0.432648960062499
C_ROOKANDPAWNMOVEMENT:0.432648960062499
C_CENTERCONTROL:0.4710595849392249
C_DEVELOPPIECES:0.5490058776408541
C_MATERIAL:0.45738533204182164
