ELO:904
CE_PASSEDPAWNS:0.5660119577857559
CE_PAWNWEAKNESSES:0.38324158731349306
CE_PIECEACTIVITY:0.5692038862059658
CE_KINGPAWNSHIELD:0.43312165851881534
CE_PIECECOORDINATION:0.43899264265865995
CE_MATERIAL:0.537848309601813
CE_KINGSAFETY:0.51352901753322
C_PIECESQUARETABLES:0.4969063847512945
C_MOBILITY:0.47037737624380244
C_KINGSAFETY:0.5559118530220762
C_PAWNSTRUCTURE:0.4054816068036184
C_PIECECOORDINATION:0.3880784035227743
C_ROOKANDPAWNMOVEMENT:0.3880784035227743
C_CENTERCONTROL:0.5101869096144467
C_DEVELOPPIECES:0.4420779407720748
C_MATERIAL:0.5034960314011092
