ELO:1000
CE_PASSEDPAWNS:0.4930189151538106
CE_PAWNWEAKNESSES:0.39461587673880405
CE_PIECEACTIVITY:0.5516582950474382
CE_KINGPAWNSHIELD:0.5243385393937318
CE_PIECECOORDINATION:0.448657156591706
CE_MATERIAL:0.47770444322015826
CE_KINGSAFETY:0.49478632402394523
C_PIECESQUARETABLES:0.4916478890302847
C_MOBILITY:0.479812499043056
C_KINGSAFETY:0.5301178745025853
C_PAWNSTRUCTURE:0.5150178480642236
C_PIECECOORDINATION:0.42992851451803493
C_ROOKANDPAWNMOVEMENT:0.42992851451803493
C_CENTERCONTROL:0.5033001303660234
C_DEVELOPPIECES:0.4782194963948926
C_MATERIAL:0.5150537854305809
