ELO:960
CE_PASSEDPAWNS:0.5060088628850351
CE_PAWNWEAKNESSES:0.5056379333925368
CE_PIECEACTIVITY:0.4965814916372314
CE_KINGPAWNSHIELD:0.499807648285105
CE_PIECECOORDINATION:0.4910552358662244
CE_MATERIAL:0.5206482868255764
CE_KINGSAFETY:0.49188745542037837
C_PIECESQUARETABLES:0.49764061774967416
C_MOBILITY:0.5332834977973927
C_KINGSAFETY:0.47550927473387555
C_PAWNSTRUCTURE:0.5006971644467866
C_PIECECOORDINATION:0.4776927611111471
C_ROOK:0.502530088696649
CE_ROOK:0.49593768576356195
C_CENTERCONTROL:0.5016439006991675
C_DEVELOPPIECES:0.5150971723292304
C_MATERIAL:0.5059036330269855
C_MOVECOUNT:0.5369057679295677
C_PAWNMOVEMENT:0.5372904951343541
