ELO:1000
CE_PASSEDPAWNS:0.4901793742007838
CE_PAWNWEAKNESSES:0.45997062941180766
CE_PIECEACTIVITY:0.5110172848152281
CE_KINGPAWNSHIELD:0.5085208549288368
CE_PIECECOORDINATION:0.4954647981906793
CE_MATERIAL:0.5251261026128462
CE_KINGSAFETY:0.49959031433037543
C_PIECESQUARETABLES:0.4844482837002679
C_MOBILITY:0.4783594791362599
C_KINGSAFETY:0.5210982447808313
C_PAWNSTRUCTURE:0.4863838032156593
C_PIECECOORDINATION:0.47377258658290117
C_ROOKANDPAWNMOVEMENT:0.47377258658290117
C_CENTERCONTROL:0.5009196322982258
C_DEVELOPPIECES:0.48643114512506425
C_MATERIAL:0.5010350778187622
