ELO:1000
CE_PASSEDPAWNS:0.48133341812035935
CE_PAWNWEAKNESSES:0.5185717133187029
CE_PIECEACTIVITY:0.4469813052897318
CE_KINGPAWNSHIELD:0.48903562651589005
CE_PIECECOORDINATION:0.46281233270406624
CE_MATERIAL:0.4723991225667676
CE_KINGSAFETY:0.4884852671069725
C_PIECESQUARETABLES:0.5123896031984252
C_MOBILITY:0.47732901773767894
C_KINGSAFETY:0.4667289236731405
C_PAWNSTRUCTURE:0.5281692547954465
C_PIECECOORDINATION:0.48147221737655665
C_ROOKANDPAWNMOVEMENT:0.48147221737655665
C_CENTERCONTROL:0.4891399966552417
C_DEVELOPPIECES:0.5162672546193726
C_MATERIAL:0.49641374724112847
