ELO:948
CE_PASSEDPAWNS:0.504950164253133
CE_PAWNWEAKNESSES:0.49786839969410907
CE_PIECEACTIVITY:0.4965814916372314
CE_KINGPAWNSHIELD:0.499807648285105
CE_PIECECOORDINATION:0.4795065431946743
CE_MATERIAL:0.52141660182506
CE_KINGSAFETY:0.5
C_PIECESQUARETABLES:0.5
C_MOBILITY:0.5332834977973927
C_KINGSAFETY:0.4809313847954243
C_PAWNSTRUCTURE:0.5006971644467866
C_PIECECOORDINATION:0.4886779820445246
C_ROOK:0.502530088696649
CE_ROOK:0.5031136414177633
C_CENTERCONTROL:0.5233791763226
C_DEVELOPPIECES:0.4967837722468809
C_MATERIAL:0.49398530449005634
C_MOVECOUNT:0.5296364405931563
C_PAWNMOVEMENT:0.5240021367313068
