ELO:929
CE_PASSEDPAWNS:0.4844119794312883
CE_PAWNWEAKNESSES:0.4978668347111512
CE_PIECEACTIVITY:0.49103496226927146
CE_KINGPAWNSHIELD:0.47416465204750124
CE_PIECECOORDINATION:0.5414768581144481
CE_MATERIAL:0.5475600787890283
CE_KINGSAFETY:0.4931601738337618
C_PIECESQUARETABLES:0.4988849718481827
C_MOBILITY:0.5174494544437656
C_KINGSAFETY:0.4560264665557334
C_PAWNSTRUCTURE:0.5292483426461972
C_PIECECOORDINATION:0.5028477855930352
C_ROOKANDPAWNMOVEMENT:0.5028477855930352
C_CENTERCONTROL:0.496890968157246
C_DEVELOPPIECES:0.47184687534574904
C_MATERIAL:0.5146766393791945
C_MOVECOUNT:0.5
