ELO:940
CE_PASSEDPAWNS:0.5092607640759674
CE_PAWNWEAKNESSES:0.5405902811197528
CE_PIECEACTIVITY:0.5199708783569389
CE_KINGPAWNSHIELD:0.5325040614389046
CE_PIECECOORDINATION:0.5210409452119538
CE_MATERIAL:0.4782479099962719
CE_KINGSAFETY:0.500568501134238
C_PIECESQUARETABLES:0.49025471361536477
C_MOBILITY:0.5359394504182295
C_KINGSAFETY:0.4716721128400647
C_PAWNSTRUCTURE:0.47863961414921613
C_PIECECOORDINATION:0.46132472437272914
C_ROOKANDPAWNMOVEMENT:0.46132472437272914
C_CENTERCONTROL:0.4866305283493181
C_DEVELOPPIECES:0.5121419349853022
C_MATERIAL:0.5087192218415297
C_MOVECOUNT:0.5232540800618637
