ELO:943
CE_PASSEDPAWNS:0.5430473981375029
CE_PAWNWEAKNESSES:0.4700763173407845
CE_PIECEACTIVITY:0.6032605881617823
CE_KINGPAWNSHIELD:0.46820068756240235
CE_PIECECOORDINATION:0.49626431842144836
CE_MATERIAL:0.5395930093557871
CE_KINGSAFETY:0.47721676255164375
C_PIECESQUARETABLES:0.5386662307461576
C_MOBILITY:0.5232217547387416
C_KINGSAFETY:0.43600806225900696
C_PAWNSTRUCTURE:0.4768103342926992
C_PIECECOORDINATION:0.4455090367697121
C_ROOKANDPAWNMOVEMENT:0.4455090367697121
C_CENTERCONTROL:0.44967871300886014
C_DEVELOPPIECES:0.5680044427193378
C_MATERIAL:0.469973744979817
