ELO:994
CE_PASSEDPAWNS:0.4947835215888583
CE_PAWNWEAKNESSES:0.4999918511640845
CE_PIECEACTIVITY:0.5091410036650345
CE_KINGPAWNSHIELD:0.513127578584924
CE_PIECECOORDINATION:0.48886634155795816
CE_MATERIAL:0.4880643831624278
CE_KINGSAFETY:0.49635771835764925
C_PIECESQUARETABLES:0.5088147116555093
C_MOBILITY:0.48344165413275564
C_KINGSAFETY:0.5072772325778737
C_PAWNSTRUCTURE:0.4959542663339314
C_PIECECOORDINATION:0.5
C_ROOKANDPAWNMOVEMENT:0.5
C_CENTERCONTROL:0.5066593692631294
C_DEVELOPPIECES:0.4714842060198015
C_MATERIAL:0.5
C_MOVECOUNT:0.49368037368890383
