ELO:857
CE_PASSEDPAWNS:0.42292387527011316
CE_PAWNWEAKNESSES:0.49642175473438316
CE_PIECEACTIVITY:0.4392232809797463
CE_KINGPAWNSHIELD:0.3989959766804896
CE_PIECECOORDINATION:0.4992007003777015
CE_MATERIAL:0.5080146321121828
CE_KINGSAFETY:0.5
C_PIECESQUARETABLES:0.5
C_MOBILITY:0.49730362744354306
C_KINGSAFETY:0.5190474490468198
C_PAWNSTRUCTURE:0.42555600177024977
C_PIECECOORDINATION:0.5498334879203783
C_ROOKANDPAWNMOVEMENT:0.5498334879203783
C_CENTERCONTROL:0.5359823243200865
C_DEVELOPPIECES:0.4929340577448732
C_MATERIAL:0.5003704629571398
C_MOVECOUNT:0.5
