ELO:1000
CE_PASSEDPAWNS:0.4987748204013718
CE_PAWNWEAKNESSES:0.5456433652827571
CE_PIECEACTIVITY:0.5395732369527263
CE_KINGPAWNSHIELD:0.4488188039889834
CE_PIECECOORDINATION:0.579897914846355
CE_MATERIAL:0.4697951929452651
CE_KINGSAFETY:0.5107868482026899
C_PIECESQUARETABLES:0.5061004333107573
C_MOBILITY:0.5124887903648603
C_KINGSAFETY:0.4652917144720887
C_PAWNSTRUCTURE:0.5293290124797714
C_PIECECOORDINATION:0.5038200105099739
C_ROOKANDPAWNMOVEMENT:0.5038200105099739
C_CENTERCONTROL:0.5138766634685831
C_DEVELOPPIECES:0.5326212782659123
C_MATERIAL:0.44851595131951005
