ELO:980
CE_PASSEDPAWNS:0.4614196145209244
CE_PAWNWEAKNESSES:0.5029335473364235
CE_PIECEACTIVITY:0.4953851301263085
CE_KINGPAWNSHIELD:0.514378818913324
CE_PIECECOORDINATION:0.49121898933006675
CE_MATERIAL:0.4705782095650583
CE_KINGSAFETY:0.49218480235191525
C_PIECESQUARETABLES:0.5
C_MOBILITY:0.5
C_KINGSAFETY:0.5195969174624581
C_PAWNSTRUCTURE:0.49262333373597833
C_PIECECOORDINATION:0.5166865401739306
C_ROOKANDPAWNMOVEMENT:0.5166865401739306
C_CENTERCONTROL:0.5152406088756348
C_DEVELOPPIECES:0.4871145436205389
C_MATERIAL:0.47273385418586017
C_MOVECOUNT:0.5
