ELO:1016
CE_PASSEDPAWNS:0.5023631341016193
CE_PAWNWEAKNESSES:0.4953219895379174
CE_PIECEACTIVITY:0.5003680479920313
CE_KINGPAWNSHIELD:0.513127578584924
CE_PIECECOORDINATION:0.5
CE_MATERIAL:0.5
CE_KINGSAFETY:0.527279051634899
C_PIECESQUARETABLES:0.48584838730676855
C_MOBILITY:0.5124317429573901
C_KINGSAFETY:0.5068669455189245
C_PAWNSTRUCTURE:0.5351512291031787
C_PIECECOORDINATION:0.4954306498611173
C_ROOKANDPAWNMOVEMENT:0.4954306498611173
C_CENTERCONTROL:0.5
C_DEVELOPPIECES:0.501653940616516
C_MATERIAL:0.5
C_MOVECOUNT:0.5
