ELO:1000
CE_PASSEDPAWNS:0.4930189151538106
CE_PAWNWEAKNESSES:0.4033676076801572
CE_PIECEACTIVITY:0.552316468590224
CE_KINGPAWNSHIELD:0.5243278004068216
CE_PIECECOORDINATION:0.42222782000787784
CE_MATERIAL:0.4710671236080609
CE_KINGSAFETY:0.49847342672308453
C_PIECESQUARETABLES:0.4859475505799643
C_MOBILITY:0.5057151137025528
C_KINGSAFETY:0.518298166620361
C_PAWNSTRUCTURE:0.5372704280300536
C_PIECECOORDINATION:0.43949366856746225
C_ROOKANDPAWNMOVEMENT:0.43949366856746225
C_CENTERCONTROL:0.5053210840206565
C_DEVELOPPIECES:0.45502660689496666
C_MATERIAL:0.5224432013827806
