ELO:928
CE_PASSEDPAWNS:0.5672836007877838
CE_PAWNWEAKNESSES:0.35987453012212184
CE_PIECEACTIVITY:0.5629334987194214
CE_KINGPAWNSHIELD:0.41755591562576433
CE_PIECECOORDINATION:0.4432722022075536
CE_MATERIAL:0.5295994937312498
CE_KINGSAFETY:0.489751181576242
C_PIECESQUARETABLES:0.49443712229170245
C_MOBILITY:0.46365565343455106
C_KINGSAFETY:0.5528780940508708
C_PAWNSTRUCTURE:0.4150739161457253
C_PIECECOORDINATION:0.405802027969783
C_ROOKANDPAWNMOVEMENT:0.405802027969783
C_CENTERCONTROL:0.5153350023474648
C_DEVELOPPIECES:0.4418985800108098
C_MATERIAL:0.5067593161369197
