ELO:936
CE_PASSEDPAWNS:0.48934915911950183
CE_PAWNWEAKNESSES:0.5113590177854844
CE_PIECEACTIVITY:0.5090324091573947
CE_KINGPAWNSHIELD:0.4972951373980695
CE_PIECECOORDINATION:0.4694382664026128
CE_MATERIAL:0.5172325813794585
CE_KINGSAFETY:0.503503490991334
C_PIECESQUARETABLES:0.5071548771551373
C_MOBILITY:0.5455049013696106
C_KINGSAFETY:0.4952123351247041
C_PAWNSTRUCTURE:0.5187708912728952
C_PIECECOORDINATION:0.47769445031970575
C_ROOK:0.4948141884078326
CE_ROOK:0.5061324384539463
C_CENTERCONTROL:0.48174033917782283
C_DEVELOPPIECES:0.5232404610419572
C_MATERIAL:0.5018197736280193
C_MOVECOUNT:0.5077747686839791
C_PAWNMOVEMENT:0.5326101732223961
