ELO:990
CE_PASSEDPAWNS:0.3934507405403526
CE_PAWNWEAKNESSES:0.43676685696533435
CE_PIECEACTIVITY:0.49311619667642537
CE_KINGPAWNSHIELD:0.4969112771905379
CE_PIECECOORDINATION:0.6162336194149889
CE_MATERIAL:0.41237886705497595
CE_KINGSAFETY:0.5
C_PIECESQUARETABLES:0.5
C_MOBILITY:0.6056663038302389
C_KINGSAFETY:0.5742475742575268
C_PAWNSTRUCTURE:0.6309849938155337
C_PIECECOORDINATION:0.6135308168497035
C_ROOKANDPAWNMOVEMENT:0.6135308168497035
C_CENTERCONTROL:0.3791738811592719
C_DEVELOPPIECES:0.5485630425853729
C_MATERIAL:0.5866536899795093
