ELO:988
CE_PASSEDPAWNS:0.47684427051229894
CE_PAWNWEAKNESSES:0.4127844025219918
CE_PIECEACTIVITY:0.5568556992970201
CE_KINGPAWNSHIELD:0.5431326228675307
CE_PIECECOORDINATION:0.40056063869869496
CE_MATERIAL:0.49399467012993764
CE_KINGSAFETY:0.4832013686872373
C_PIECESQUARETABLES:0.46748782935273936
C_MOBILITY:0.4688189701276965
C_KINGSAFETY:0.5174189262462572
C_PAWNSTRUCTURE:0.49467052767136965
C_PIECECOORDINATION:0.42921064043704316
C_ROOKANDPAWNMOVEMENT:0.42921064043704316
C_CENTERCONTROL:0.53028849269283
C_DEVELOPPIECES:0.4412724209251401
C_MATERIAL:0.5275777600829149
