ELO:1000
CE_PASSEDPAWNS:0.48972035455261326
CE_PAWNWEAKNESSES:0.5018348641882221
CE_PIECEACTIVITY:0.5069141386651711
CE_KINGPAWNSHIELD:0.5
CE_PIECECOORDINATION:0.49008009676938785
CE_MATERIAL:0.49784691241774776
CE_KINGSAFETY:0.48865828457977445
C_PIECESQUARETABLES:0.503688031839899
C_MOBILITY:0.5128123885006587
C_KINGSAFETY:0.48750800583106896
C_PAWNSTRUCTURE:0.5107994786202508
C_PIECECOORDINATION:0.49897145721819885
C_ROOK:0.4926685588724193
CE_ROOK:0.5015103176461505
C_CENTERCONTROL:0.5173878166835756
C_DEVELOPPIECES:0.5085432394220982
C_MATERIAL:0.5
C_MOVECOUNT:0.4977452580052332
C_PAWNMOVEMENT:0.5026681968875779
