ELO:984
CE_PASSEDPAWNS:0.4947835215888583
CE_PAWNWEAKNESSES:0.5
CE_PIECEACTIVITY:0.50617768649865
CE_KINGPAWNSHIELD:0.5
CE_PIECECOORDINATION:0.4738977433022572
CE_MATERIAL:0.5
CE_KINGSAFETY:0.4912228251857772
C_PIECESQUARETABLES:0.5100556977039422
C_MOBILITY:0.48344165413275564
C_KINGSAFETY:0.4991898360690235
C_PAWNSTRUCTURE:0.5006382290087487
C_PIECECOORDINATION:0.5
C_ROOKANDPAWNMOVEMENT:0.5
C_CENTERCONTROL:0.5122343255852408
C_DEVELOPPIECES:0.5051914825776255
C_MATERIAL:0.5
C_MOVECOUNT:0.5
