ELO:929
CE_PASSEDPAWNS:0.4840724629382429
CE_PAWNWEAKNESSES:0.514215022511826
CE_PIECEACTIVITY:0.5111135399398835
CE_KINGPAWNSHIELD:0.4821532892057421
CE_PIECECOORDINATION:0.47266725648882707
CE_MATERIAL:0.5265454995043631
CE_KINGSAFETY:0.5138641442715705
C_PIECESQUARETABLES:0.5229744339728709
C_MOBILITY:0.53959700366841
C_KINGSAFETY:0.46708222707139657
C_PAWNSTRUCTURE:0.4996408585894822
C_PIECECOORDINATION:0.5090304877583257
C_ROOK:0.4905172225094367
CE_ROOK:0.5087184851425334
C_CENTERCONTROL:0.49781379742652904
C_DEVELOPPIECES:0.5456631012729241
C_MATERIAL:0.5105057425515042
C_MOVECOUNT:0.5164714359561422
C_PAWNMOVEMENT:0.4926645555147913
