ELO:932
CE_PASSEDPAWNS:0.5264561637349059
CE_PAWNWEAKNESSES:0.5019173883567459
CE_PIECEACTIVITY:0.5904848108012367
CE_KINGPAWNSHIELD:0.4681475279332634
CE_PIECECOORDINATION:0.46829205673008767
CE_MATERIAL:0.5466971645247655
CE_KINGSAFETY:0.4912748068017811
C_PIECESQUARETABLES:0.5812096772095362
C_MOBILITY:0.5268616694239147
C_KINGSAFETY:0.46894266098075743
C_PAWNSTRUCTURE:0.4589257618432446
C_PIECECOORDINATION:0.4155219225214217
C_ROOKANDPAWNMOVEMENT:0.4155219225214217
C_CENTERCONTROL:0.4731876755911957
C_DEVELOPPIECES:0.5923244533573802
C_MATERIAL:0.48466305727963815
