ELO:999
CE_PASSEDPAWNS:0.48972035455261326
CE_PAWNWEAKNESSES:0.49301059300997024
CE_PIECEACTIVITY:0.4747637699753214
CE_KINGPAWNSHIELD:0.49958928430095695
CE_PIECECOORDINATION:0.49008009676938785
CE_MATERIAL:0.5026915354993006
CE_KINGSAFETY:0.5
C_PIECESQUARETABLES:0.5
C_MOBILITY:0.5128123885006587
C_KINGSAFETY:0.48750800583106896
C_PAWNSTRUCTURE:0.5107994786202508
C_PIECECOORDINATION:0.4879412102890564
C_ROOK:0.5051428452692771
CE_ROOK:0.492808220475341
C_CENTERCONTROL:0.5335884392142187
C_DEVELOPPIECES:0.5004172051786182
C_MATERIAL:0.5
C_MOVECOUNT:0.4962540333316746
C_PAWNMOVEMENT:0.5026681968875779
