ELO:995
CE_PASSEDPAWNS:0.524472903655644
CE_PAWNWEAKNESSES:0.5081660296836727
CE_PIECEACTIVITY:0.49760386443930343
CE_KINGPAWNSHIELD:0.5101973522641885
CE_PIECECOORDINATION:0.4936850125849466
CE_MATERIAL:0.5
CE_KINGSAFETY:0.4945041410479987
C_PIECESQUARETABLES:0.5
C_MOBILITY:0.5143961038725343
C_KINGSAFETY:0.5077332245624909
C_PAWNSTRUCTURE:0.48107859082559606
C_PIECECOORDINATION:0.5
C_ROOK:0.5009533301465734
CE_ROOK:0.49236456946047075
C_CENTERCONTROL:0.502029885846996
C_DEVELOPPIECES:0.5432562983906547
C_MATERIAL:0.49338378519736636
C_MOVECOUNT:0.49576965601570244
C_PAWNMOVEMENT:0.5076701303961085
