ELO:908
CE_PASSEDPAWNS:0.526048794051958
CE_PAWNWEAKNESSES:0.5171942707675901
CE_PIECEACTIVITY:0.5890815529070846
CE_KINGPAWNSHIELD:0.4573208974852152
CE_PIECECOORDINATION:0.47372962995885753
CE_MATERIAL:0.5403622482641631
CE_KINGSAFETY:0.48078506730114695
C_PIECESQUARETABLES:0.5740841290573577
C_MOBILITY:0.5188165861888819
C_KINGSAFETY:0.4766690005738849
C_PAWNSTRUCTURE:0.4921569101713343
C_PIECECOORDINATION:0.4671046839632057
C_ROOKANDPAWNMOVEMENT:0.4671046839632057
C_CENTERCONTROL:0.4705204866246996
C_DEVELOPPIECES:0.5673534708802136
C_MATERIAL:0.4704518516842997
