ELO:920
CE_PASSEDPAWNS:0.4957709838362657
CE_PAWNWEAKNESSES:0.3981645706950187
CE_PIECEACTIVITY:0.5412503231619679
CE_KINGPAWNSHIELD:0.48763995419959344
CE_PIECECOORDINATION:0.5282234385141286
CE_MATERIAL:0.44659119405874365
CE_KINGSAFETY:0.5
C_PIECESQUARETABLES:0.5
C_MOBILITY:0.48652779322215495
C_KINGSAFETY:0.5417647223350065
C_PAWNSTRUCTURE:0.49821317396912257
C_PIECECOORDINATION:0.48825994617718416
C_ROOKANDPAWNMOVEMENT:0.48825994617718416
C_CENTERCONTROL:0.4238806704231783
C_DEVELOPPIECES:0.5367155461120003
C_MATERIAL:0.4805112615866776
C_MOVECOUNT:0.5
