ELO:944
CE_PASSEDPAWNS:0.48669460123269714
CE_PAWNWEAKNESSES:0.498913590919975
CE_PIECEACTIVITY:0.5214842020154142
CE_KINGPAWNSHIELD:0.47639863459513404
CE_PIECECOORDINATION:0.4982919521019898
CE_MATERIAL:0.46284148104839073
CE_KINGSAFETY:0.5274672974499006
C_PIECESQUARETABLES:0.4921073711568178
C_MOBILITY:0.48047750970689695
C_KINGSAFETY:0.5061215560967617
C_PAWNSTRUCTURE:0.5187024268839057
C_PIECECOORDINATION:0.4845723467282299
C_ROOKANDPAWNMOVEMENT:0.4845723467282299
C_CENTERCONTROL:0.4978285316490143
C_DEVELOPPIECES:0.5368396881721175
C_MATERIAL:0.4985051516139916
