ELO:824
CE_PASSEDPAWNS:0.4809511696056376
CE_PAWNWEAKNESSES:0.5571576457151265
CE_PIECEACTIVITY:0.4885611925692857
CE_KINGPAWNSHIELD:0.4323202205204968
CE_PIECECOORDINATION:0.5402722577495228
CE_MATERIAL:0.542538278111832
CE_KINGSAFETY:0.5169386422402511
C_PIECESQUARETABLES:0.5149491528558585
C_MOBILITY:0.5465881745841458
C_KINGSAFETY:0.5567414146482662
C_PAWNSTRUCTURE:0.44212828198890763
C_PIECECOORDINATION:0.4441753603776481
C_ROOKANDPAWNMOVEMENT:0.4441753603776481
C_CENTERCONTROL:0.41738435194874546
C_DEVELOPPIECES:0.5026345996945952
C_MATERIAL:0.4984688438655801
