ELO:1002
CE_PASSEDPAWNS:0.4638668402751234
CE_PAWNWEAKNESSES:0.4452781501028834
CE_PIECEACTIVITY:0.5212881987191861
CE_KINGPAWNSHIELD:0.5100944285194166
CE_PIECECOORDINATION:0.5088885429659978
CE_MATERIAL:0.48438727908033813
CE_KINGSAFETY:0.5
C_PIECESQUARETABLES:0.5
C_MOBILITY:0.5046399608640394
C_KINGSAFETY:0.5129810545641564
C_PAWNSTRUCTURE:0.4933667901990573
C_PIECECOORDINATION:0.5
C_ROOKANDPAWNMOVEMENT:0.5
C_CENTERCONTROL:0.5722287111439939
C_DEVELOPPIECES:0.4619053533234082
C_MATERIAL:0.5222519657452552
C_MOVECOUNT:0.5
