ELO:1000
CE_PASSEDPAWNS:0.50120320193939
CE_PAWNWEAKNESSES:0.5060157697713586
CE_PIECEACTIVITY:0.4372142081286962
CE_KINGPAWNSHIELD:0.5343604498927366
CE_PIECECOORDINATION:0.47070636763843426
CE_MATERIAL:0.4933345246633029
CE_KINGSAFETY:0.5199295205658486
C_PIECESQUARETABLES:0.4875612237697663
C_MOBILITY:0.46751107455478036
C_KINGSAFETY:0.4612343857611744
C_PAWNSTRUCTURE:0.5039615288462095
C_PIECECOORDINATION:0.49248145422709966
C_ROOKANDPAWNMOVEMENT:0.49248145422709966
C_CENTERCONTROL:0.5314337372000498
C_DEVELOPPIECES:0.5184228346673604
C_MATERIAL:0.48156139407311865
