ELO:860
CE_PASSEDPAWNS:0.4543779997183423
CE_PAWNWEAKNESSES:0.4948428740223381
CE_PIECEACTIVITY:0.45951816696391806
CE_KINGPAWNSHIELD:0.4938759456512366
CE_PIECECOORDINATION:0.5255771994613807
CE_MATERIAL:0.5066892656165481
CE_KINGSAFETY:0.47557264925665055
C_PIECESQUARETABLES:0.465385239662093
C_MOBILITY:0.5198358507524911
C_KINGSAFETY:0.443104676713218
C_PAWNSTRUCTURE:0.48930629790994346
C_PIECECOORDINATION:0.5455364793955282
C_ROOKANDPAWNMOVEMENT:0.5455364793955282
C_CENTERCONTROL:0.4828624268133401
C_DEVELOPPIECES:0.4954316764391944
C_MATERIAL:0.499700714836504
C_MOVECOUNT:0.5
