ELO:899
CE_PASSEDPAWNS:0.5005536984426276
CE_PAWNWEAKNESSES:0.5071233301708982
CE_PIECEACTIVITY:0.49486219950758026
CE_KINGPAWNSHIELD:0.48354231777763057
CE_PIECECOORDINATION:0.47516992261857677
CE_MATERIAL:0.5092548388810508
CE_KINGSAFETY:0.5
C_PIECESQUARETABLES:0.5
C_MOBILITY:0.533989840869542
C_KINGSAFETY:0.4826030141074813
C_PAWNSTRUCTURE:0.5163981669764878
C_PIECECOORDINATION:0.5106019748381643
C_ROOK:0.48418203299757034
CE_ROOK:0.5035025302374134
C_CENTERCONTROL:0.47928291208301643
C_DEVELOPPIECES:0.5354915020780947
C_MATERIAL:0.5018197736280193
C_MOVECOUNT:0.5152521155815325
C_PAWNMOVEMENT:0.5279212664840413
