ELO:953
CE_PASSEDPAWNS:0.5451123072180367
CE_PAWNWEAKNESSES:0.49202886711070476
CE_PIECEACTIVITY:0.6196834729114984
CE_KINGPAWNSHIELD:0.48270935887401945
CE_PIECECOORDINATION:0.4899882205181542
CE_MATERIAL:0.5285246897762842
CE_KINGSAFETY:0.4883812603391495
C_PIECESQUARETABLES:0.512009441349053
C_MOBILITY:0.5078211008775186
C_KINGSAFETY:0.44383129601979837
C_PAWNSTRUCTURE:0.484370385330627
C_PIECECOORDINATION:0.4497279917402875
C_ROOKANDPAWNMOVEMENT:0.4497279917402875
C_CENTERCONTROL:0.4676931533325196
C_DEVELOPPIECES:0.5871675348482264
C_MATERIAL:0.4845840105946757
