ELO:910
CE_PASSEDPAWNS:0.5087286146159404
CE_PAWNWEAKNESSES:0.4248444090473829
CE_PIECEACTIVITY:0.5460786520451985
CE_KINGPAWNSHIELD:0.4519453615426487
CE_PIECECOORDINATION:0.5071775712242115
CE_MATERIAL:0.41454611520159973
CE_KINGSAFETY:0.5
C_PIECESQUARETABLES:0.5
C_MOBILITY:0.4850244591829032
C_KINGSAFETY:0.5652496783831623
C_PAWNSTRUCTURE:0.49821317396912257
C_PIECECOORDINATION:0.4526681308618232
C_ROOKANDPAWNMOVEMENT:0.4526681308618232
C_CENTERCONTROL:0.6101217083780929
C_DEVELOPPIECES:0.5293238225938482
C_MATERIAL:0.4586043215833094
C_MOVECOUNT:0.5
