ELO:936
CE_PASSEDPAWNS:0.49210298185126755
CE_PAWNWEAKNESSES:0.4644780566464513
CE_PIECEACTIVITY:0.4934662949674358
CE_KINGPAWNSHIELD:0.46781972660198906
CE_PIECECOORDINATION:0.5489823704691442
CE_MATERIAL:0.5520261106826039
CE_KINGSAFETY:0.5
C_PIECESQUARETABLES:0.507094505506179
C_MOBILITY:0.46185742402739377
C_KINGSAFETY:0.5152291790710987
C_PAWNSTRUCTURE:0.5207458072853128
C_PIECECOORDINATION:0.4388951135739104
C_ROOKANDPAWNMOVEMENT:0.4388951135739104
C_CENTERCONTROL:0.6002345970280459
C_DEVELOPPIECES:0.4747775736791693
C_MATERIAL:0.5473886347887188
C_MOVECOUNT:0.5
