ELO:1008
CE_PASSEDPAWNS:0.5038420191115935
CE_PAWNWEAKNESSES:0.4683494819470367
CE_PIECEACTIVITY:0.5267778752423243
CE_KINGPAWNSHIELD:0.4817386319474963
CE_PIECECOORDINATION:0.5166701843715586
CE_MATERIAL:0.3868970866683046
CE_KINGSAFETY:0.5
C_PIECESQUARETABLES:0.5392046602751703
C_MOBILITY:0.5
C_KINGSAFETY:0.4975638498013223
C_PAWNSTRUCTURE:0.47660344401262705
C_PIECECOORDINATION:0.47928340348684395
C_ROOKANDPAWNMOVEMENT:0.47928340348684395
C_CENTERCONTROL:0.5789846709498047
C_DEVELOPPIECES:0.4826429303950705
C_MATERIAL:0.496014779519355
C_MOVECOUNT:0.5095908520142413
