ELO:909
CE_PASSEDPAWNS:0.44012240106721046
CE_PAWNWEAKNESSES:0.5025652877323707
CE_PIECEACTIVITY:0.43113992116887845
CE_KINGPAWNSHIELD:0.4982346134917072
CE_PIECECOORDINATION:0.5159921927211204
CE_MATERIAL:0.4978312553272514
CE_KINGSAFETY:0.4692073355755178
C_PIECESQUARETABLES:0.44226676767377465
C_MOBILITY:0.513287121362188
C_KINGSAFETY:0.46967769650306535
C_PAWNSTRUCTURE:0.5232184265721325
C_PIECECOORDINATION:0.5482820404084793
C_ROOKANDPAWNMOVEMENT:0.5482820404084793
C_CENTERCONTROL:0.4719459554466418
C_DEVELOPPIECES:0.5228429282428636
C_MATERIAL:0.47188503595889963
C_MOVECOUNT:0.5
