ELO:987
CE_PASSEDPAWNS:0.4701069243581886
CE_PAWNWEAKNESSES:0.3927028020918631
CE_PIECEACTIVITY:0.5286436380768818
CE_KINGPAWNSHIELD:0.5201135431653907
CE_PIECECOORDINATION:0.3994354852420237
CE_MATERIAL:0.5026963646572017
CE_KINGSAFETY:0.47388188546656507
C_PIECESQUARETABLES:0.45926788533747337
C_MOBILITY:0.4518747421434577
C_KINGSAFETY:0.5174189262462572
C_PAWNSTRUCTURE:0.47231467573929503
C_PIECECOORDINATION:0.4213332222374256
C_ROOKANDPAWNMOVEMENT:0.4213332222374256
C_CENTERCONTROL:0.5379227454565273
C_DEVELOPPIECES:0.43291958721071094
C_MATERIAL:0.5441683446364093
