ELO:916
CE_PASSEDPAWNS:0.4858139657504268
CE_PAWNWEAKNESSES:0.4885512494725327
CE_PIECEACTIVITY:0.49067340735995274
CE_KINGPAWNSHIELD:0.5012860803879415
CE_PIECECOORDINATION:0.5058005706686782
CE_MATERIAL:0.49237077140973934
CE_KINGSAFETY:0.5267131082880631
C_PIECESQUARETABLES:0.4599381200107336
C_MOBILITY:0.49500338991787457
C_KINGSAFETY:0.5194204637742669
C_PAWNSTRUCTURE:0.49988071793228805
C_PIECECOORDINATION:0.4821749539677459
C_ROOKANDPAWNMOVEMENT:0.4821749539677459
C_CENTERCONTROL:0.5142652696625901
C_DEVELOPPIECES:0.5200699377233525
C_MATERIAL:0.48201939430169705
C_MOVECOUNT:0.5
