ELO:909
CE_PASSEDPAWNS:0.49241055657073507
CE_PAWNWEAKNESSES:0.5352917662837651
CE_PIECEACTIVITY:0.5026939636417294
CE_KINGPAWNSHIELD:0.5299166888777744
CE_PIECECOORDINATION:0.5144010762794027
CE_MATERIAL:0.48970934197152693
CE_KINGSAFETY:0.51243521096799
C_PIECESQUARETABLES:0.4937671159919545
C_MOBILITY:0.5350102448596173
C_KINGSAFETY:0.46568550776947243
C_PAWNSTRUCTURE:0.46591557282777424
C_PIECECOORDINATION:0.4587761496418956
C_ROOKANDPAWNMOVEMENT:0.4587761496418956
C_CENTERCONTROL:0.49544479838300537
C_DEVELOPPIECES:0.4966809053820927
C_MATERIAL:0.5209464502217177
C_MOVECOUNT:0.5084346323003213
