ELO:943
CE_PASSEDPAWNS:0.4931508453436396
CE_PAWNWEAKNESSES:0.5151748500613713
CE_PIECEACTIVITY:0.48947835560860264
CE_KINGPAWNSHIELD:0.49063195793225206
CE_PIECECOORDINATION:0.4650271464515772
CE_MATERIAL:0.5179204165219576
CE_KINGSAFETY:0.5
C_PIECESQUARETABLES:0.5
C_MOBILITY:0.5430792397116578
C_KINGSAFETY:0.48915665405245706
C_PAWNSTRUCTURE:0.5045723103360825
C_PIECECOORDINATION:0.5006517347935517
C_ROOK:0.47624201322323995
CE_ROOK:0.49503359069980624
C_CENTERCONTROL:0.49319182148065827
C_DEVELOPPIECES:0.5324259926981155
C_MATERIAL:0.5018197736280193
C_MOVECOUNT:0.5082391546130581
C_PAWNMOVEMENT:0.500266504469144
