ELO:960
CE_PASSEDPAWNS:0.4497508407256319
CE_PAWNWEAKNESSES:0.3945216531991371
CE_PIECEACTIVITY:0.43160245008697956
CE_KINGPAWNSHIELD:0.5606657285894349
CE_PIECECOORDINATION:0.5077814746514828
CE_MATERIAL:0.5870042600650499
CE_KINGSAFETY:0.4952347823871271
C_PIECESQUARETABLES:0.5004939034385626
C_MOBILITY:0.48720653192206737
C_KINGSAFETY:0.41415151632715347
C_PAWNSTRUCTURE:0.4839894944334455
C_PIECECOORDINATION:0.5004671922726189
C_ROOKANDPAWNMOVEMENT:0.5004671922726189
C_CENTERCONTROL:0.4422288761028081
C_DEVELOPPIECES:0.566800131307618
C_MATERIAL:0.5525500050420947
