ELO:1000
CE_PASSEDPAWNS:0.4445222146546499
CE_PAWNWEAKNESSES:0.4495237080386531
CE_PIECEACTIVITY:0.4929105984929442
CE_KINGPAWNSHIELD:0.44808258899274855
CE_PIECECOORDINATION:0.48831300355093465
CE_MATERIAL:0.5541510654243013
CE_KINGSAFETY:0.4810309289795259
C_PIECESQUARETABLES:0.4542322753612379
C_MOBILITY:0.5178095889352438
C_KINGSAFETY:0.5403891612890136
C_PAWNSTRUCTURE:0.5072553603708283
C_PIECECOORDINATION:0.4815628020080285
C_ROOKANDPAWNMOVEMENT:0.4815628020080285
C_CENTERCONTROL:0.5136928708782112
C_DEVELOPPIECES:0.5159264089745552
C_MATERIAL:0.5101607977424637
