ELO:1000
CE_PASSEDPAWNS:0.49516481091550835
CE_PAWNWEAKNESSES:0.4793710984349452
CE_PIECEACTIVITY:0.49873292365133237
CE_KINGPAWNSHIELD:0.4859680758136641
CE_PIECECOORDINATION:0.5027002365027311
CE_MATERIAL:0.5106637285017526
CE_KINGSAFETY:0.5
C_PIECESQUARETABLES:0.5
C_MOBILITY:0.48504345748579575
C_KINGSAFETY:0.5032146918675955
C_PAWNSTRUCTURE:0.5015305498455039
C_PIECECOORDINATION:0.5
C_ROOKANDPAWNMOVEMENT:0.5
C_CENTERCONTROL:0.5
C_DEVELOPPIECES:0.4886655644970465
C_MATERIAL:0.5
