ELO:945
CE_PASSEDPAWNS:0.5384482152675283
CE_PAWNWEAKNESSES:0.49759001833686783
CE_PIECEACTIVITY:0.5162459215653881
CE_KINGPAWNSHIELD:0.46745819217936646
CE_PIECECOORDINATION:0.4832793186186479
CE_MATERIAL:0.533358500330177
CE_KINGSAFETY:0.509303093860459
C_PIECESQUARETABLES:0.49356448484409565
C_MOBILITY:0.4954446812560446
C_KINGSAFETY:0.5277345858619921
C_PAWNSTRUCTURE:0.5354029087501193
C_PIECECOORDINATION:0.5078484633477485
C_ROOKANDPAWNMOVEMENT:0.5078484633477485
C_CENTERCONTROL:0.5118563681376055
C_DEVELOPPIECES:0.48000623464254233
C_MATERIAL:0.5283666236821144
C_MOVECOUNT:0.5
