ELO:1025
CE_PASSEDPAWNS:0.519079221481032
CE_PAWNWEAKNESSES:0.5201033280014875
CE_PIECEACTIVITY:0.512973614661882
CE_KINGPAWNSHIELD:0.48903805567944
CE_PIECECOORDINATION:0.5111036686370785
CE_MATERIAL:0.4963332086602903
CE_KINGSAFETY:0.5
C_PIECESQUARETABLES:0.5
C_MOBILITY:0.5028209787007483
C_KINGSAFETY:0.4778837742082676
C_PAWNSTRUCTURE:0.4923481880842179
C_PIECECOORDINATION:0.5014574809208541
C_ROOK:0.508783418311573
CE_ROOK:0.49431917977143686
C_CENTERCONTROL:0.5016333940623856
C_DEVELOPPIECES:0.5036944895326616
C_MATERIAL:0.5136957097552839
C_MOVECOUNT:0.4173840928817699
C_PAWNMOVEMENT:0.5054683034682986
