ELO:989
CE_PASSEDPAWNS:0.38677506063455785
CE_PAWNWEAKNESSES:0.4449176979510626
CE_PIECEACTIVITY:0.5065306119534689
CE_KINGPAWNSHIELD:0.4969112771905379
CE_PIECECOORDINATION:0.6092782055877115
CE_MATERIAL:0.40549068906736085
CE_KINGSAFETY:0.4921242699369084
C_PIECESQUARETABLES:0.5
C_MOBILITY:0.6097284371337177
C_KINGSAFETY:0.5671446377048363
C_PAWNSTRUCTURE:0.6306316787387327
C_PIECECOORDINATION:0.6089041294077336
C_ROOKANDPAWNMOVEMENT:0.6089041294077336
C_CENTERCONTROL:0.3762415546551374
C_DEVELOPPIECES:0.5638918341434848
C_MATERIAL:0.5779942264247057
