ELO:975
CE_PASSEDPAWNS:0.4810740296721314
CE_PAWNWEAKNESSES:0.4110166579553116
CE_PIECEACTIVITY:0.45511193788350685
CE_KINGPAWNSHIELD:0.5760450258213525
CE_PIECECOORDINATION:0.5037547870221811
CE_MATERIAL:0.5777227143156014
CE_KINGSAFETY:0.5261082816273844
C_PIECESQUARETABLES:0.5162996113025179
C_MOBILITY:0.5013176667637507
C_KINGSAFETY:0.42497507111249266
C_PAWNSTRUCTURE:0.45131384033161803
C_PIECECOORDINATION:0.5005313373701085
C_ROOKANDPAWNMOVEMENT:0.5005313373701085
C_CENTERCONTROL:0.44684142974248886
C_DEVELOPPIECES:0.5654591568152538
C_MATERIAL:0.5825088347098947
