ELO:949
CE_PASSEDPAWNS:0.5000138940270868
CE_PAWNWEAKNESSES:0.5062808787435307
CE_PIECEACTIVITY:0.500449741665812
CE_KINGPAWNSHIELD:0.4999239570334945
CE_PIECECOORDINATION:0.5112828601073931
CE_MATERIAL:0.4718853056387703
CE_KINGSAFETY:0.5042298545160184
C_PIECESQUARETABLES:0.5378009638898974
C_MOBILITY:0.5231797824047054
C_KINGSAFETY:0.45799322559813777
C_PAWNSTRUCTURE:0.5074487315269018
C_PIECECOORDINATION:0.5147900555347037
C_ROOK:0.5017410512571606
CE_ROOK:0.5169818611723337
C_CENTERCONTROL:0.547830520127627
C_DEVELOPPIECES:0.5085838443896251
C_MATERIAL:0.486896398688166
C_MOVECOUNT:0.5239937918659956
C_PAWNMOVEMENT:0.5028385311772545
