ELO:994
CE_PASSEDPAWNS:0.48406255431685835
CE_PAWNWEAKNESSES:0.4970731925965434
CE_PIECEACTIVITY:0.5257498856285316
CE_KINGPAWNSHIELD:0.46180228406765256
CE_PIECECOORDINATION:0.5329183838058527
CE_MATERIAL:0.48644263295828155
CE_KINGSAFETY:0.5
C_PIECESQUARETABLES:0.5
C_MOBILITY:0.47463171598527054
C_KINGSAFETY:0.49496210071390506
C_PAWNSTRUCTURE:0.487011235458674
C_PIECECOORDINATION:0.46230714489505703
C_ROOKANDPAWNMOVEMENT:0.46230714489505703
C_CENTERCONTROL:0.4810765955153231
C_DEVELOPPIECES:0.5298313266179688
C_MATERIAL:0.5079264212443084
C_MOVECOUNT:0.5552692894892173
