ELO:944
CE_PASSEDPAWNS:0.4867755722145535
CE_PAWNWEAKNESSES:0.464921703482902
CE_PIECEACTIVITY:0.38083387048696454
CE_KINGPAWNSHIELD:0.5679193211786289
CE_PIECECOORDINATION:0.49418591676527296
CE_MATERIAL:0.5794924313160005
CE_KINGSAFETY:0.5269957956293203
C_PIECESQUARETABLES:0.5406380976444763
C_MOBILITY:0.48441296585783217
C_KINGSAFETY:0.5508879045297981
C_PAWNSTRUCTURE:0.48124424981117236
C_PIECECOORDINATION:0.5594566497194068
C_ROOKANDPAWNMOVEMENT:0.5594566497194068
C_CENTERCONTROL:0.44693782568360135
C_DEVELOPPIECES:0.41248197124308594
C_MATERIAL:0.40625830700363785
