ELO:777
CE_PASSEDPAWNS:0.531255644188108
CE_PAWNWEAKNESSES:0.4746378458564989
CE_PIECEACTIVITY:0.43582550476019044
CE_KINGPAWNSHIELD:0.6137574231738707
CE_PIECECOORDINATION:0.4057740772394523
CE_MATERIAL:0.5277249261337791
CE_KINGSAFETY:0.5210076914007593
C_PIECESQUARETABLES:0.5058328282895161
C_MOBILITY:0.525678651119727
C_KINGSAFETY:0.511475274638015
C_PAWNSTRUCTURE:0.598697457021529
C_PIECECOORDINATION:0.5500118221540655
C_ROOKANDPAWNMOVEMENT:0.5500118221540655
C_CENTERCONTROL:0.4289473125663021
C_DEVELOPPIECES:0.5037489673801087
C_MATERIAL:0.4663041908620504
C_MOVECOUNT:0.4910108199318895
