ELO:989
CE_PASSEDPAWNS:0.5156839845540195
CE_PAWNWEAKNESSES:0.4404670105899342
CE_PIECEACTIVITY:0.5036629940905194
CE_KINGPAWNSHIELD:0.4125050210314608
CE_PIECECOORDINATION:0.6101738655596186
CE_MATERIAL:0.40549068906736085
CE_KINGSAFETY:0.5
C_PIECESQUARETABLES:0.4934721374815988
C_MOBILITY:0.6106431556756368
C_KINGSAFETY:0.5741690830894993
C_PAWNSTRUCTURE:0.6306316787387327
C_PIECECOORDINATION:0.6226162108602019
C_ROOKANDPAWNMOVEMENT:0.6226162108602019
C_CENTERCONTROL:0.3791738811592719
C_DEVELOPPIECES:0.5603714487077367
C_MATERIAL:0.5866536899795093
