ELO:999
CE_PASSEDPAWNS:0.48795670447629463
CE_PAWNWEAKNESSES:0.49343779758259654
CE_PIECEACTIVITY:0.5
CE_KINGPAWNSHIELD:0.5
CE_PIECECOORDINATION:0.5
CE_MATERIAL:0.5
CE_KINGSAFETY:0.48965759396579145
C_PIECESQUARETABLES:0.5063125356840553
C_MOBILITY:0.5
C_KINGSAFETY:0.5
C_PAWNSTRUCTURE:0.5
C_PIECECOORDINATION:0.5071703347151868
C_ROOKANDPAWNMOVEMENT:0.5071703347151868
C_CENTERCONTROL:0.5044923919154721
C_DEVELOPPIECES:0.5
C_MATERIAL:0.4936759049747197
C_MOVECOUNT:0.5
