ELO:990
CE_PASSEDPAWNS:0.4949576472466736
CE_PAWNWEAKNESSES:0.42969178960297844
CE_PIECEACTIVITY:0.5167397424088506
CE_KINGPAWNSHIELD:0.5334888795176508
CE_PIECECOORDINATION:0.5416174035685526
CE_MATERIAL:0.5117615381676391
CE_KINGSAFETY:0.5
C_PIECESQUARETABLES:0.48661370492144135
C_MOBILITY:0.5191443947576997
C_KINGSAFETY:0.5563022685393729
C_PAWNSTRUCTURE:0.5122647028907474
C_PIECECOORDINATION:0.49400630822374486
C_ROOKANDPAWNMOVEMENT:0.49400630822374486
C_CENTERCONTROL:0.4912860291259615
C_DEVELOPPIECES:0.4594059552281547
C_MATERIAL:0.5250255986906176
C_MOVECOUNT:0.415980293047843
