ELO:950
CE_PASSEDPAWNS:0.5
CE_PAWNWEAKNESSES:0.5136662978635937
CE_PIECEACTIVITY:0.49871407356010433
CE_KINGPAWNSHIELD:0.5506916629086449
CE_PIECECOORDINATION:0.49697220129371383
CE_MATERIAL:0.5064334271365456
CE_KINGSAFETY:0.4746731805375864
C_PIECESQUARETABLES:0.5228516466575371
C_MOBILITY:0.5069770180752149
C_KINGSAFETY:0.47324158140071504
C_PAWNSTRUCTURE:0.4928666367359496
C_PIECECOORDINATION:0.4853774066331474
C_ROOKANDPAWNMOVEMENT:0.4853774066331474
C_CENTERCONTROL:0.4892443194795003
C_DEVELOPPIECES:0.5505095591455419
C_MATERIAL:0.48190467910454
C_MOVECOUNT:0.5
