ELO:1000
CE_PASSEDPAWNS:0.5091524375463883
CE_PAWNWEAKNESSES:0.5
CE_PIECEACTIVITY:0.4999498428767004
CE_KINGPAWNSHIELD:0.502038721133769
CE_PIECECOORDINATION:0.5095784247056451
CE_MATERIAL:0.4909228477840759
CE_KINGSAFETY:0.5
C_PIECESQUARETABLES:0.5165011845646177
C_MOBILITY:0.49936063383697177
C_KINGSAFETY:0.5
C_PAWNSTRUCTURE:0.5
C_PIECECOORDINATION:0.5
C_ROOKANDPAWNMOVEMENT:0.5
C_CENTERCONTROL:0.5
C_DEVELOPPIECES:0.4845525011740743
C_MATERIAL:0.5
C_MOVECOUNT:0.5
