ELO:992
CE_PASSEDPAWNS:0.4996601288543578
CE_PAWNWEAKNESSES:0.5023839635517844
CE_PIECEACTIVITY:0.5092478318196796
CE_KINGPAWNSHIELD:0.5074580334268011
CE_PIECECOORDINATION:0.5025438501343551
CE_MATERIAL:0.49138527328481857
CE_KINGSAFETY:0.5
C_PIECESQUARETABLES:0.5025565120013487
C_MOBILITY:0.4967551293896638
C_KINGSAFETY:0.5
C_PAWNSTRUCTURE:0.492410983947694
C_PIECECOORDINATION:0.4945233419604822
C_ROOKANDPAWNMOVEMENT:0.4945233419604822
C_CENTERCONTROL:0.5
C_DEVELOPPIECES:0.5128374680940411
C_MATERIAL:0.5000929946545853
C_MOVECOUNT:0.5
