ELO:1067
CE_PASSEDPAWNS:0.521696994521181
CE_PAWNWEAKNESSES:0.5041863533903608
CE_PIECEACTIVITY:0.5033552993834758
CE_KINGPAWNSHIELD:0.4841842829967064
CE_PIECECOORDINATION:0.5
CE_MATERIAL:0.5000466357657618
CE_KINGSAFETY:0.5
C_PIECESQUARETABLES:0.5
C_MOBILITY:0.4747987292695115
C_KINGSAFETY:0.4746231616457013
C_PAWNSTRUCTURE:0.5305901744985936
C_PIECECOORDINATION:0.5185126645912487
C_ROOK:0.4532034981946334
CE_ROOK:0.5003472277118782
C_CENTERCONTROL:0.49209401281853055
C_DEVELOPPIECES:0.5127138055121028
C_MATERIAL:0.5000931706638955
C_MOVECOUNT:0.4963060505601836
C_PAWNMOVEMENT:0.4947520521633653
