ELO:1023
CE_PASSEDPAWNS:0.4959867848425562
CE_PAWNWEAKNESSES:0.5281142820514195
CE_PIECEACTIVITY:0.5
CE_KINGPAWNSHIELD:0.5180581980190351
CE_PIECECOORDINATION:0.5
CE_MATERIAL:0.4983786588271506
CE_KINGSAFETY:0.5
C_PIECESQUARETABLES:0.5
C_MOBILITY:0.5
C_KINGSAFETY:0.5
C_PAWNSTRUCTURE:0.5121933878414514
C_PIECECOORDINATION:0.5117016030445382
C_ROOKANDPAWNMOVEMENT:0.5117016030445382
C_CENTERCONTROL:0.5085122657702377
C_DEVELOPPIECES:0.5068393462825627
C_MATERIAL:0.5
C_MOVECOUNT:0.5
