ELO:864
CE_PASSEDPAWNS:0.47782949749380055
CE_PAWNWEAKNESSES:0.5382630995201556
CE_PIECEACTIVITY:0.3925478456636787
CE_KINGPAWNSHIELD:0.4888892405339437
CE_PIECECOORDINATION:0.4301984043873306
CE_MATERIAL:0.45220589935814304
CE_KINGSAFETY:0.484382955537059
C_PIECESQUARETABLES:0.513022192528303
C_MOBILITY:0.5074785732033373
C_KINGSAFETY:0.5151582776657996
C_PAWNSTRUCTURE:0.4277764697340918
C_PIECECOORDINATION:0.5909747576802244
C_ROOKANDPAWNMOVEMENT:0.5909747576802244
C_CENTERCONTROL:0.5219712230693971
C_DEVELOPPIECES:0.49469997239715874
C_MATERIAL:0.6241894063617117
