ELO:1000
CE_PASSEDPAWNS:0.5
CE_PAWNWEAKNESSES:0.4903191727960367
CE_PIECEACTIVITY:0.49873292365133237
CE_KINGPAWNSHIELD:0.4929354747579969
CE_PIECECOORDINATION:0.5
CE_MATERIAL:0.5
CE_KINGSAFETY:0.5
C_PIECESQUARETABLES:0.5
C_MOBILITY:0.5045124181490563
C_KINGSAFETY:0.5032146918675955
C_PAWNSTRUCTURE:0.4900349903217137
C_PIECECOORDINATION:0.5
C_ROOKANDPAWNMOVEMENT:0.5
C_CENTERCONTROL:0.5
C_DEVELOPPIECES:0.4886655644970465
C_MATERIAL:0.5
