ELO:1058
CE_PASSEDPAWNS:0.5014383419152028
CE_PAWNWEAKNESSES:0.5090073923529249
CE_PIECEACTIVITY:0.5
CE_KINGPAWNSHIELD:0.4927302282431317
CE_PIECECOORDINATION:0.503640349052995
CE_MATERIAL:0.5164801937928755
CE_KINGSAFETY:0.5
C_PIECESQUARETABLES:0.5
C_MOBILITY:0.4747987292695115
C_KINGSAFETY:0.4746231616457013
C_PAWNSTRUCTURE:0.49817597534023766
C_PIECECOORDINATION:0.5107036488164808
C_ROOK:0.5
CE_ROOK:0.5380528498106592
C_CENTERCONTROL:0.49209401281853055
C_DEVELOPPIECES:0.4647401750342283
C_MATERIAL:0.5000931706638955
C_MOVECOUNT:0.4963060505601836
C_PAWNMOVEMENT:0.4947520521633653
