ELO:724
CE_PASSEDPAWNS:0.538153292287296
CE_PAWNWEAKNESSES:0.47765493817102206
CE_PIECEACTIVITY:0.511520653278984
CE_KINGPAWNSHIELD:0.5546968698664022
CE_PIECECOORDINATION:0.45863233203657133
CE_MATERIAL:0.45009519739611437
CE_KINGSAFETY:0.4862861026688156
C_PIECESQUARETABLES:0.49245273300387826
C_MOBILITY:0.5260253909842381
C_KINGSAFETY:0.43413897833054516
C_PAWNSTRUCTURE:0.5057871783270166
C_PIECECOORDINATION:0.5586650065858955
C_ROOKANDPAWNMOVEMENT:0.5586650065858955
C_CENTERCONTROL:0.45159089812093695
C_DEVELOPPIECES:0.49378245333545123
C_MATERIAL:0.5120281360553306
C_MOVECOUNT:0.5
