ELO:950
CE_PASSEDPAWNS:0.4966272193647826
CE_PAWNWEAKNESSES:0.5098380396499553
CE_PIECEACTIVITY:0.500449741665812
CE_KINGPAWNSHIELD:0.5062279349644861
CE_PIECECOORDINATION:0.5170113879976586
CE_MATERIAL:0.4795132475601043
CE_KINGSAFETY:0.5042298545160184
C_PIECESQUARETABLES:0.5370314428651909
C_MOBILITY:0.5129560168503473
C_KINGSAFETY:0.4570699269741765
C_PAWNSTRUCTURE:0.5046570857665127
C_PIECECOORDINATION:0.514815701736653
C_ROOK:0.5017410512571606
CE_ROOK:0.49918421043779915
C_CENTERCONTROL:0.5280152656664175
C_DEVELOPPIECES:0.5101561583209518
C_MATERIAL:0.4839901560196966
C_MOVECOUNT:0.5193886472305955
C_PAWNMOVEMENT:0.5087833611068816
