ELO:1000
CE_PASSEDPAWNS:0.5
CE_PAWNWEAKNESSES:0.5137075448499973
CE_PIECEACTIVITY:0.5
CE_KINGPAWNSHIELD:0.48504172710231996
CE_PIECECOORDINATION:0.5074816951749341
CE_MATERIAL:0.5
CE_KINGSAFETY:0.47918669673844455
C_PIECESQUARETABLES:0.5122347412008804
C_MOBILITY:0.4781857800421205
C_KINGSAFETY:0.49941119642066883
C_PAWNSTRUCTURE:0.5015724869422378
C_PIECECOORDINATION:0.49856994207889643
C_ROOKANDPAWNMOVEMENT:0.49856994207889643
C_CENTERCONTROL:0.5
C_DEVELOPPIECES:0.49725088528852573
C_MATERIAL:0.5067539484551611
C_MOVECOUNT:0.4854570988644885
