ELO:969
CE_PASSEDPAWNS:0.5102741335425575
CE_PAWNWEAKNESSES:0.4695602844047775
CE_PIECEACTIVITY:0.4848860319265987
CE_KINGPAWNSHIELD:0.47785903404896113
CE_PIECECOORDINATION:0.4773935213288574
CE_MATERIAL:0.49098737447785973
CE_KINGSAFETY:0.4811472649339727
C_PIECESQUARETABLES:0.48592661037271206
C_MOBILITY:0.5061499852123115
C_KINGSAFETY:0.49098164418255374
C_PAWNSTRUCTURE:0.4850299233909513
C_PIECECOORDINATION:0.5004817281301904
C_ROOKANDPAWNMOVEMENT:0.5004817281301904
C_CENTERCONTROL:0.5
C_DEVELOPPIECES:0.5329747600423691
C_MATERIAL:0.4835834039045318
