ELO:936
CE_PASSEDPAWNS:0.4817080530280767
CE_PAWNWEAKNESSES:0.4606660063035935
CE_PIECEACTIVITY:0.5413825452874501
CE_KINGPAWNSHIELD:0.5129671595286043
CE_PIECECOORDINATION:0.5381352640674167
CE_MATERIAL:0.5095676826127715
CE_KINGSAFETY:0.5177227821631845
C_PIECESQUARETABLES:0.5013188604227884
C_MOBILITY:0.45289086600082057
C_KINGSAFETY:0.5168767224139335
C_PAWNSTRUCTURE:0.5000301236228591
C_PIECECOORDINATION:0.48794451841690234
C_ROOKANDPAWNMOVEMENT:0.48794451841690234
C_CENTERCONTROL:0.4922650142758202
C_DEVELOPPIECES:0.5311952844173953
C_MATERIAL:0.5329068793340695
C_MOVECOUNT:0.500134378889437
