ELO:982
CE_PASSEDPAWNS:0.469004039796803
CE_PAWNWEAKNESSES:0.492277834073879
CE_PIECEACTIVITY:0.5128278611364212
CE_KINGPAWNSHIELD:0.47242570372323206
CE_PIECECOORDINATION:0.5147625824269977
CE_MATERIAL:0.5198564229403595
CE_KINGSAFETY:0.5115190305944242
C_PIECESQUARETABLES:0.4892150246244975
C_MOBILITY:0.48695904136675494
C_KINGSAFETY:0.49190332188682434
C_PAWNSTRUCTURE:0.5068078908554473
C_PIECECOORDINATION:0.50132014944061
C_ROOKANDPAWNMOVEMENT:0.50132014944061
C_CENTERCONTROL:0.5030803649642815
C_DEVELOPPIECES:0.5203080407237505
C_MATERIAL:0.4979421516538923
C_MOVECOUNT:0.5098331805504293
