ELO:961
CE_PASSEDPAWNS:0.5223951262236605
CE_PAWNWEAKNESSES:0.5
CE_PIECEACTIVITY:0.5114502506637071
CE_KINGPAWNSHIELD:0.4894242381900942
CE_PIECECOORDINATION:0.4649878747309426
CE_MATERIAL:0.5199061316256491
CE_KINGSAFETY:0.5118579333498398
C_PIECESQUARETABLES:0.5093908240940171
C_MOBILITY:0.501062593929231
C_KINGSAFETY:0.5307381494510393
C_PAWNSTRUCTURE:0.5158602185738282
C_PIECECOORDINATION:0.5071381916562131
C_ROOKANDPAWNMOVEMENT:0.5071381916562131
C_CENTERCONTROL:0.5064488912027643
C_DEVELOPPIECES:0.4749464071401467
C_MATERIAL:0.5103827487721123
C_MOVECOUNT:0.5
