ELO:943
CE_PASSEDPAWNS:0.5073462997332715
CE_PAWNWEAKNESSES:0.47482611129145613
CE_PIECEACTIVITY:0.5139426186613717
CE_KINGPAWNSHIELD:0.5089946224418201
CE_PIECECOORDINATION:0.49192915665798254
CE_MATERIAL:0.4932923738326788
CE_KINGSAFETY:0.5093509420573127
C_PIECESQUARETABLES:0.5
C_MOBILITY:0.49299560471880616
C_KINGSAFETY:0.46964648909520107
C_PAWNSTRUCTURE:0.510304154309659
C_PIECECOORDINATION:0.5013672898001982
C_ROOKANDPAWNMOVEMENT:0.5013672898001982
C_CENTERCONTROL:0.5061511962762585
C_DEVELOPPIECES:0.5026008014836431
C_MATERIAL:0.5022618578677882
C_MOVECOUNT:0.5
