ELO:959
CE_PASSEDPAWNS:0.5347860362148309
CE_PAWNWEAKNESSES:0.5
CE_PIECEACTIVITY:0.5114502506637071
CE_KINGPAWNSHIELD:0.5006262251390293
CE_PIECECOORDINATION:0.4649878747309426
CE_MATERIAL:0.5248479142922887
CE_KINGSAFETY:0.5118579333498398
C_PIECESQUARETABLES:0.5093908240940171
C_MOBILITY:0.5074999043459312
C_KINGSAFETY:0.5272661851808448
C_PAWNSTRUCTURE:0.5162464686634856
C_PIECECOORDINATION:0.49930594090318786
C_ROOKANDPAWNMOVEMENT:0.49930594090318786
C_CENTERCONTROL:0.5064488912027643
C_DEVELOPPIECES:0.49174934466208303
C_MATERIAL:0.5184036153568101
C_MOVECOUNT:0.5
