ELO:989
CE_PASSEDPAWNS:0.5156839845540195
CE_PAWNWEAKNESSES:0.44525373044986943
CE_PIECEACTIVITY:0.5036629940905194
CE_KINGPAWNSHIELD:0.49689123898867815
CE_PIECECOORDINATION:0.6092782055877115
CE_MATERIAL:0.40549068906736085
CE_KINGSAFETY:0.5
C_PIECESQUARETABLES:0.5
C_MOBILITY:0.6161150989229622
C_KINGSAFETY:0.5916745277085443
C_PAWNSTRUCTURE:0.6306316787387327
C_PIECECOORDINATION:0.6135308168497035
C_ROOKANDPAWNMOVEMENT:0.6135308168497035
C_CENTERCONTROL:0.37805605270737136
C_DEVELOPPIECES:0.5603714487077367
C_MATERIAL:0.5866536899795093
