ELO:1000
CE_PASSEDPAWNS:0.4932856592226033
CE_PAWNWEAKNESSES:0.437278573108408
CE_PIECEACTIVITY:0.4426948467681694
CE_KINGPAWNSHIELD:0.5416426347262523
CE_PIECECOORDINATION:0.5321923154200239
CE_MATERIAL:0.555637401437451
CE_KINGSAFETY:0.49786110981758847
C_PIECESQUARETABLES:0.4965708743480202
C_MOBILITY:0.4850090194721876
C_KINGSAFETY:0.48532809010088973
C_PAWNSTRUCTURE:0.49237638305118697
C_PIECECOORDINATION:0.46940710089349663
C_ROOKANDPAWNMOVEMENT:0.46940710089349663
C_CENTERCONTROL:0.4809676862304972
C_DEVELOPPIECES:0.5780584663846854
C_MATERIAL:0.5817704870783387
