ELO:1048
CE_PASSEDPAWNS:0.47198440453607754
CE_PAWNWEAKNESSES:0.5139428463767269
CE_PIECEACTIVITY:0.49404104466932663
CE_KINGPAWNSHIELD:0.49795435638811325
CE_PIECECOORDINATION:0.4960286398334244
CE_MATERIAL:0.5345138918916292
CE_KINGSAFETY:0.5
C_PIECESQUARETABLES:0.5
C_MOBILITY:0.4367506050265017
C_KINGSAFETY:0.4778837742082676
C_PAWNSTRUCTURE:0.5080209608016621
C_PIECECOORDINATION:0.48310128427797977
C_ROOK:0.508783418311573
CE_ROOK:0.4700809998501912
C_CENTERCONTROL:0.5117148113767311
C_DEVELOPPIECES:0.4880202182608303
C_MATERIAL:0.4953117642254708
C_MOVECOUNT:0.48140501164981503
C_PAWNMOVEMENT:0.5076373988419511
