ELO:1065
CE_PASSEDPAWNS:0.5014383419152028
CE_PAWNWEAKNESSES:0.4887158613248356
CE_PIECEACTIVITY:0.49156792977537245
CE_KINGPAWNSHIELD:0.49573638947432386
CE_PIECECOORDINATION:0.5
CE_MATERIAL:0.49117272036972864
CE_KINGSAFETY:0.5
C_PIECESQUARETABLES:0.5
C_MOBILITY:0.5097156983564551
C_KINGSAFETY:0.487536961408672
C_PAWNSTRUCTURE:0.4951326566476162
C_PIECECOORDINATION:0.5037032257979067
C_ROOK:0.5119277527766181
CE_ROOK:0.5157836039624435
C_CENTERCONTROL:0.49450810470261913
C_DEVELOPPIECES:0.4922570811986294
C_MATERIAL:0.4995791646442188
C_MOVECOUNT:0.5
C_PAWNMOVEMENT:0.5115033278778504
