ELO:1000
CE_PASSEDPAWNS:0.4652041516288989
CE_PAWNWEAKNESSES:0.4721935098580855
CE_PIECEACTIVITY:0.48385621814194263
CE_KINGPAWNSHIELD:0.4420650854408308
CE_PIECECOORDINATION:0.46893584864739984
CE_MATERIAL:0.544503684820378
CE_KINGSAFETY:0.4924126959315648
C_PIECESQUARETABLES:0.4819893290209844
C_MOBILITY:0.5082745751393413
C_KINGSAFETY:0.5229025283136387
C_PAWNSTRUCTURE:0.4769320712298339
C_PIECECOORDINATION:0.5011769450820256
C_ROOKANDPAWNMOVEMENT:0.5011769450820256
C_CENTERCONTROL:0.5373677256743765
C_DEVELOPPIECES:0.5272129212672966
C_MATERIAL:0.5236565768676948
