ELO:1010
CE_PASSEDPAWNS:0.4884219554722153
CE_PAWNWEAKNESSES:0.48361487646423157
CE_PIECEACTIVITY:0.5
CE_KINGPAWNSHIELD:0.48933463503401226
CE_PIECECOORDINATION:0.5019768619261716
CE_MATERIAL:0.5001267511627999
CE_KINGSAFETY:0.5
C_PIECESQUARETABLES:0.4929342007978293
C_MOBILITY:0.4947157515746167
C_KINGSAFETY:0.49100829962910203
C_PAWNSTRUCTURE:0.4928422555941251
C_PIECECOORDINATION:0.5191593895696914
C_ROOK:0.4867367677916752
CE_ROOK:0.5024381412454199
C_CENTERCONTROL:0.4818691978675437
C_DEVELOPPIECES:0.485869467913048
C_MATERIAL:0.5090044378755527
C_MOVECOUNT:0.5136977012723027
C_PAWNMOVEMENT:0.4883420488246979
