ELO:1017
CE_PASSEDPAWNS:0.4959058937910297
CE_PAWNWEAKNESSES:0.4991601794536207
CE_PIECEACTIVITY:0.5017046582793059
CE_KINGPAWNSHIELD:0.508608324332523
CE_PIECECOORDINATION:0.519570813896279
CE_MATERIAL:0.4987636174829429
CE_KINGSAFETY:0.5
C_PIECESQUARETABLES:0.48468883464862633
C_MOBILITY:0.5082349494917601
C_KINGSAFETY:0.5
C_PAWNSTRUCTURE:0.5107386182980034
C_PIECECOORDINATION:0.5077462219203934
C_ROOKANDPAWNMOVEMENT:0.5077462219203934
C_CENTERCONTROL:0.5
C_DEVELOPPIECES:0.5106263624366829
C_MATERIAL:0.48924858494277185
C_MOVECOUNT:0.5
