ELO:857
CE_PASSEDPAWNS:0.46904871026761524
CE_PAWNWEAKNESSES:0.5378631003919964
CE_PIECEACTIVITY:0.3729511644892557
CE_KINGPAWNSHIELD:0.48512813169770147
CE_PIECECOORDINATION:0.42082507534283686
CE_MATERIAL:0.4225110467155779
CE_KINGSAFETY:0.4760934440796927
C_PIECESQUARETABLES:0.5506489623439025
C_MOBILITY:0.5015887595315536
C_KINGSAFETY:0.5092835503679902
C_PAWNSTRUCTURE:0.42805874976667674
C_PIECECOORDINATION:0.6188433910079865
C_ROOKANDPAWNMOVEMENT:0.6188433910079865
C_CENTERCONTROL:0.5486829552579882
C_DEVELOPPIECES:0.4786204911738906
C_MATERIAL:0.6061394240135232
