ELO:1001
CE_PASSEDPAWNS:0.5025947419615765
CE_PAWNWEAKNESSES:0.4950233802284998
CE_PIECEACTIVITY:0.49641660098858187
CE_KINGPAWNSHIELD:0.5
CE_PIECECOORDINATION:0.5
CE_MATERIAL:0.4856107390002796
CE_KINGSAFETY:0.5084841282689697
C_PIECESQUARETABLES:0.5
C_MOBILITY:0.5000953285952945
C_KINGSAFETY:0.5
C_PAWNSTRUCTURE:0.4939224844568478
C_PIECECOORDINATION:0.4897983168761211
C_ROOKANDPAWNMOVEMENT:0.4897983168761211
C_CENTERCONTROL:0.48572713239919685
C_DEVELOPPIECES:0.5118934197715662
C_MATERIAL:0.5
C_MOVECOUNT:0.5
