ELO:908
CE_PASSEDPAWNS:0.4688739345953886
CE_PAWNWEAKNESSES:0.34272705116959706
CE_PIECEACTIVITY:0.450073096335199
CE_KINGPAWNSHIELD:0.534610893025296
CE_PIECECOORDINATION:0.5302645511548563
CE_MATERIAL:0.581344511043256
CE_KINGSAFETY:0.5370957507737781
C_PIECESQUARETABLES:0.5445656860856309
C_MOBILITY:0.46623113125882537
C_KINGSAFETY:0.476963560388501
C_PAWNSTRUCTURE:0.5111227095412151
C_PIECECOORDINATION:0.498208429176363
C_ROOKANDPAWNMOVEMENT:0.498208429176363
C_CENTERCONTROL:0.43454637784223915
C_DEVELOPPIECES:0.625890985238799
C_MATERIAL:0.5894351095758867
