ELO:997
CE_PASSEDPAWNS:0.5325342989353528
CE_PAWNWEAKNESSES:0.4049373326068224
CE_PIECEACTIVITY:0.590389870788241
CE_KINGPAWNSHIELD:0.4896792103442955
CE_PIECECOORDINATION:0.5186710963017114
CE_MATERIAL:0.559594583551015
CE_KINGSAFETY:0.493319764286435
C_PIECESQUARETABLES:0.45304033434570373
C_MOBILITY:0.40865417487875305
C_KINGSAFETY:0.5018668829894278
C_PAWNSTRUCTURE:0.5998110151597095
C_PIECECOORDINATION:0.5812331434307836
C_ROOKANDPAWNMOVEMENT:0.5812331434307836
C_CENTERCONTROL:0.4866129438778592
C_DEVELOPPIECES:0.44251350539219847
C_MATERIAL:0.4751715522645267
