ELO:1027
CE_PASSEDPAWNS:0.5
CE_PAWNWEAKNESSES:0.506394551008702
CE_PIECEACTIVITY:0.5
CE_KINGPAWNSHIELD:0.5170071531871097
CE_PIECECOORDINATION:0.4879194526792159
CE_MATERIAL:0.5
CE_KINGSAFETY:0.5
C_PIECESQUARETABLES:0.5
C_MOBILITY:0.508095267569779
C_KINGSAFETY:0.5
C_PAWNSTRUCTURE:0.5
C_PIECECOORDINATION:0.5
C_ROOKANDPAWNMOVEMENT:0.5
C_CENTERCONTROL:0.5
C_DEVELOPPIECES:0.5112389930153715
C_MATERIAL:0.49355632752321127
C_MOVECOUNT:0.5
