ELO:1038
CE_PASSEDPAWNS:0.4804240922566308
CE_PAWNWEAKNESSES:0.5192482003014202
CE_PIECEACTIVITY:0.5012352309413692
CE_KINGPAWNSHIELD:0.5231747007757428
CE_PIECECOORDINATION:0.5018306002243903
CE_MATERIAL:0.4872736127080947
CE_KINGSAFETY:0.5
C_PIECESQUARETABLES:0.5
C_MOBILITY:0.5164581125171444
C_KINGSAFETY:0.49574419396020497
C_PAWNSTRUCTURE:0.515615051151133
C_PIECECOORDINATION:0.5025087255872847
C_ROOK:0.4828610962900275
CE_ROOK:0.5
C_CENTERCONTROL:0.5016333940623856
C_DEVELOPPIECES:0.4922570811986294
C_MATERIAL:0.4919401372919477
C_MOVECOUNT:0.4857680172518808
C_PAWNMOVEMENT:0.5199205352731827
