ELO:989
CE_PASSEDPAWNS:0.5156839845540195
CE_PAWNWEAKNESSES:0.43676685696533435
CE_PIECEACTIVITY:0.5098476234371638
CE_KINGPAWNSHIELD:0.4969112771905379
CE_PIECECOORDINATION:0.6081871800901878
CE_MATERIAL:0.4118388275840192
CE_KINGSAFETY:0.49909531821225234
C_PIECESQUARETABLES:0.4951979630588719
C_MOBILITY:0.5989051109313804
C_KINGSAFETY:0.5671446377048363
C_PAWNSTRUCTURE:0.62436365227218
C_PIECECOORDINATION:0.6196243576824312
C_ROOKANDPAWNMOVEMENT:0.6196243576824312
C_CENTERCONTROL:0.3765485647298798
C_DEVELOPPIECES:0.5571486695656642
C_MATERIAL:0.5866536899795093
