ELO:645
CE_PASSEDPAWNS:0.5503438919690937
CE_PAWNWEAKNESSES:0.4563938641864021
CE_PIECEACTIVITY:0.4899366039766934
CE_KINGPAWNSHIELD:0.5725022317219479
CE_PIECECOORDINATION:0.4109593167073381
CE_MATERIAL:0.4584867260340894
CE_KINGSAFETY:0.4795798019289611
C_PIECESQUARETABLES:0.4595408592271423
C_MOBILITY:0.5171210890820446
C_KINGSAFETY:0.4417779548553146
C_PAWNSTRUCTURE:0.5033277563068163
C_PIECECOORDINATION:0.5506660245744934
C_ROOKANDPAWNMOVEMENT:0.5506660245744934
C_CENTERCONTROL:0.45125625766015864
C_DEVELOPPIECES:0.5119015772508745
C_MATERIAL:0.4969441946596315
C_MOVECOUNT:0.5
