ELO:1000
CE_PASSEDPAWNS:0.49864674864864805
CE_PAWNWEAKNESSES:0.4923447144166595
CE_PIECEACTIVITY:0.5
CE_KINGPAWNSHIELD:0.5015494300388721
CE_PIECECOORDINATION:0.49636466289342024
CE_MATERIAL:0.4892891059699355
CE_KINGSAFETY:0.5
C_PIECESQUARETABLES:0.49759947131084464
C_MOBILITY:0.4953477459374284
C_KINGSAFETY:0.5029007942344986
C_PAWNSTRUCTURE:0.5044189312894246
C_PIECECOORDINATION:0.5191593895696914
C_ROOK:0.49265921871622126
CE_ROOK:0.5092847318206479
C_CENTERCONTROL:0.4818691978675437
C_DEVELOPPIECES:0.4980764895710781
C_MATERIAL:0.49986843126331887
C_MOVECOUNT:0.5088713225978463
C_PAWNMOVEMENT:0.4985789954118055
