ELO:951
CE_PASSEDPAWNS:0.5058832450458303
CE_PAWNWEAKNESSES:0.48786748113470474
CE_PIECEACTIVITY:0.4671047609954913
CE_KINGPAWNSHIELD:0.520217100081194
CE_PIECECOORDINATION:0.4455032129162104
CE_MATERIAL:0.4742163479846909
CE_KINGSAFETY:0.554529803489559
C_PIECESQUARETABLES:0.5151904473896073
C_MOBILITY:0.48091008385511114
C_KINGSAFETY:0.465336894686192
C_PAWNSTRUCTURE:0.5084910590999453
C_PIECECOORDINATION:0.5022228073027964
C_ROOKANDPAWNMOVEMENT:0.5022228073027964
C_CENTERCONTROL:0.4781918262268755
C_DEVELOPPIECES:0.4580406339896678
C_MATERIAL:0.47424613929982556
C_MOVECOUNT:0.5
