ELO:986
CE_PASSEDPAWNS:0.49171668154535597
CE_PAWNWEAKNESSES:0.41856854211318506
CE_PIECEACTIVITY:0.42525592891929476
CE_KINGPAWNSHIELD:0.5402710616121319
CE_PIECECOORDINATION:0.5296208466510955
CE_MATERIAL:0.5515032524342189
CE_KINGSAFETY:0.5117720850758662
C_PIECESQUARETABLES:0.5153576050235565
C_MOBILITY:0.5136004487090683
C_KINGSAFETY:0.4687063246349431
C_PAWNSTRUCTURE:0.4895790722619306
C_PIECECOORDINATION:0.49546936215488474
C_ROOKANDPAWNMOVEMENT:0.49546936215488474
C_CENTERCONTROL:0.4669878002521929
C_DEVELOPPIECES:0.5517221886741319
C_MATERIAL:0.5760671491157816
