ELO:1068
CE_PASSEDPAWNS:0.5067606955311375
CE_PAWNWEAKNESSES:0.5101304147258322
CE_PIECEACTIVITY:0.5
CE_KINGPAWNSHIELD:0.4970288219113497
CE_PIECECOORDINATION:0.5197609347530578
CE_MATERIAL:0.49140928926484095
CE_KINGSAFETY:0.5
C_PIECESQUARETABLES:0.5
C_MOBILITY:0.5068923201911351
C_KINGSAFETY:0.4746231616457013
C_PAWNSTRUCTURE:0.5305901744985936
C_PIECECOORDINATION:0.5182525005146978
C_ROOK:0.5100557964461885
CE_ROOK:0.5
C_CENTERCONTROL:0.5
C_DEVELOPPIECES:0.49436532366477515
C_MATERIAL:0.5013780486462557
C_MOVECOUNT:0.49891662155735195
C_PAWNMOVEMENT:0.5037547385522029
