ELO:980
CE_PASSEDPAWNS:0.49626706133051035
CE_PAWNWEAKNESSES:0.3895173894132696
CE_PIECEACTIVITY:0.5776048259845316
CE_KINGPAWNSHIELD:0.5609541163428103
CE_PIECECOORDINATION:0.525005326675438
CE_MATERIAL:0.5297358157922433
CE_KINGSAFETY:0.5037489604339849
C_PIECESQUARETABLES:0.4926160973935281
C_MOBILITY:0.35772298774422434
C_KINGSAFETY:0.5164691176165005
C_PAWNSTRUCTURE:0.6116344802637534
C_PIECECOORDINATION:0.5701348302489629
C_ROOKANDPAWNMOVEMENT:0.5701348302489629
C_CENTERCONTROL:0.4981591399801626
C_DEVELOPPIECES:0.46417313567869994
C_MATERIAL:0.4895652122074256
