ELO:1011
CE_PASSEDPAWNS:0.5
CE_PAWNWEAKNESSES:0.5
CE_PIECEACTIVITY:0.5043416020268968
CE_KINGPAWNSHIELD:0.5
CE_PIECECOORDINATION:0.5
CE_MATERIAL:0.4978877448012778
CE_KINGSAFETY:0.5
C_PIECESQUARETABLES:0.5
C_MOBILITY:0.5075383275313223
C_KINGSAFETY:0.5
C_PAWNSTRUCTURE:0.503153173162703
C_PIECECOORDINATION:0.5
C_ROOKANDPAWNMOVEMENT:0.5
C_CENTERCONTROL:0.4982094233513066
C_DEVELOPPIECES:0.5078594717254475
C_MATERIAL:0.5059058372097167
C_MOVECOUNT:0.5
