ELO:989
CE_PASSEDPAWNS:0.5374039511378916
CE_PAWNWEAKNESSES:0.3872378346665788
CE_PIECEACTIVITY:0.6025210999016899
CE_KINGPAWNSHIELD:0.5265700027958381
CE_PIECECOORDINATION:0.5462325552740303
CE_MATERIAL:0.5224825448261227
CE_KINGSAFETY:0.4626624254264683
C_PIECESQUARETABLES:0.45458303817120216
C_MOBILITY:0.3732990702748313
C_KINGSAFETY:0.5023119724070927
C_PAWNSTRUCTURE:0.5955646003907823
C_PIECECOORDINATION:0.583408213636825
C_ROOKANDPAWNMOVEMENT:0.583408213636825
C_CENTERCONTROL:0.4828404390930508
C_DEVELOPPIECES:0.46432521946186894
C_MATERIAL:0.47636887649087334
