ELO:970
CE_PASSEDPAWNS:0.504154076667384
CE_PAWNWEAKNESSES:0.482688408693396
CE_PIECEACTIVITY:0.5232642986093462
CE_KINGPAWNSHIELD:0.5049604864615309
CE_PIECECOORDINATION:0.48937941022649356
CE_MATERIAL:0.5038932937738736
CE_KINGSAFETY:0.5
C_PIECESQUARETABLES:0.5425202017331945
C_MOBILITY:0.4717791647492167
C_KINGSAFETY:0.5037828541955374
C_PAWNSTRUCTURE:0.5
C_PIECECOORDINATION:0.4406339599115222
C_ROOKANDPAWNMOVEMENT:0.4406339599115222
C_CENTERCONTROL:0.489518806526593
C_DEVELOPPIECES:0.5064972189423709
C_MATERIAL:0.5022618578677882
C_MOVECOUNT:0.5
