ELO:1030
CE_PASSEDPAWNS:0.5
CE_PAWNWEAKNESSES:0.506394551008702
CE_PIECEACTIVITY:0.5043416020268968
CE_KINGPAWNSHIELD:0.5
CE_PIECECOORDINATION:0.5
CE_MATERIAL:0.50183024906627
CE_KINGSAFETY:0.4889537465089452
C_PIECESQUARETABLES:0.5063882555632601
C_MOBILITY:0.5019563637883536
C_KINGSAFETY:0.5
C_PAWNSTRUCTURE:0.5011973817413419
C_PIECECOORDINATION:0.5
C_ROOKANDPAWNMOVEMENT:0.5
C_CENTERCONTROL:0.50516427937247
C_DEVELOPPIECES:0.5
C_MATERIAL:0.4983602446445167
C_MOVECOUNT:0.5
