ELO:984
CE_PASSEDPAWNS:0.5840261507933214
CE_PAWNWEAKNESSES:0.5374246343605307
CE_PIECEACTIVITY:0.4591878200516189
CE_KINGPAWNSHIELD:0.5281944568826118
CE_PIECECOORDINATION:0.4880913084508477
CE_MATERIAL:0.5260938294902944
CE_KINGSAFETY:0.5
C_PIECESQUARETABLES:0.4932751385076879
C_MOBILITY:0.4703893366157521
C_KINGSAFETY:0.5662178892918287
C_PAWNSTRUCTURE:0.4677043537464879
C_PIECECOORDINATION:0.48210727175829277
C_ROOKANDPAWNMOVEMENT:0.48210727175829277
C_CENTERCONTROL:0.5942630601498238
C_DEVELOPPIECES:0.44423339522928534
C_MATERIAL:0.4592231948946402
