ELO:1034
CE_PASSEDPAWNS:0.5
CE_PAWNWEAKNESSES:0.4896999637307432
CE_PIECEACTIVITY:0.49503225083946417
CE_KINGPAWNSHIELD:0.5070027793640959
CE_PIECECOORDINATION:0.5
CE_MATERIAL:0.4938970853321358
CE_KINGSAFETY:0.5017075437123824
C_PIECESQUARETABLES:0.5
C_MOBILITY:0.5
C_KINGSAFETY:0.5
C_PAWNSTRUCTURE:0.4996040994393728
C_PIECECOORDINATION:0.49124628727324166
C_ROOK:0.5097384927667575
CE_ROOK:0.5
C_CENTERCONTROL:0.5
C_DEVELOPPIECES:0.5
C_MATERIAL:0.4968209787679346
C_MOVECOUNT:0.5
C_PAWNMOVEMENT:0.5017925012966744
