ELO:908
CE_PASSEDPAWNS:0.5276978588583878
CE_PAWNWEAKNESSES:0.4985276428281678
CE_PIECEACTIVITY:0.5068380851831342
CE_KINGPAWNSHIELD:0.521736833040686
CE_PIECECOORDINATION:0.5707376362135429
CE_MATERIAL:0.5425621744575838
CE_KINGSAFETY:0.4673693909850154
C_PIECESQUARETABLES:0.49982351273087244
C_MOBILITY:0.4671730503996615
C_KINGSAFETY:0.4986387409341929
C_PAWNSTRUCTURE:0.4911422955313463
C_PIECECOORDINATION:0.44905953489158346
C_ROOKANDPAWNMOVEMENT:0.44905953489158346
C_CENTERCONTROL:0.44497804111470873
C_DEVELOPPIECES:0.5057987055606634
C_MATERIAL:0.5363053419688507
