ELO:769
CE_PASSEDPAWNS:0.5427809269110849
CE_PAWNWEAKNESSES:0.49310797413882895
CE_PIECEACTIVITY:0.38567786796238707
CE_KINGPAWNSHIELD:0.501867576253487
CE_PIECECOORDINATION:0.505835407722728
CE_MATERIAL:0.47037061656441825
CE_KINGSAFETY:0.46461487849376315
C_PIECESQUARETABLES:0.49681029676119604
C_MOBILITY:0.5118255238770233
C_KINGSAFETY:0.44066809912505694
C_PAWNSTRUCTURE:0.511879839139748
C_PIECECOORDINATION:0.4691311358933329
C_ROOKANDPAWNMOVEMENT:0.4691311358933329
C_CENTERCONTROL:0.4848831677446174
C_DEVELOPPIECES:0.58331312273701
C_MATERIAL:0.5294520500753198
C_MOVECOUNT:0.5
