ELO:1023
CE_PASSEDPAWNS:0.5027805893895754
CE_PAWNWEAKNESSES:0.5013115473310489
CE_PIECEACTIVITY:0.5013660555534694
CE_KINGPAWNSHIELD:0.49699781287615336
CE_PIECECOORDINATION:0.5
CE_MATERIAL:0.49181286868514695
CE_KINGSAFETY:0.4809572461905206
C_PIECESQUARETABLES:0.4927832259718265
C_MOBILITY:0.47751605261715147
C_KINGSAFETY:0.49605907232087026
C_PAWNSTRUCTURE:0.5
C_PIECECOORDINATION:0.4990673325199326
C_ROOKANDPAWNMOVEMENT:0.4990673325199326
C_CENTERCONTROL:0.5
C_DEVELOPPIECES:0.4896651997489098
C_MATERIAL:0.5
C_MOVECOUNT:0.5095103840521787
