ELO:908
CE_PASSEDPAWNS:0.40717836492309
CE_PAWNWEAKNESSES:0.56830502138789
CE_PIECEACTIVITY:0.360479988251651
CE_KINGPAWNSHIELD:0.47327359990946366
CE_PIECECOORDINATION:0.5920318840567677
CE_MATERIAL:0.2820336020444168
CE_KINGSAFETY:0.5
C_PIECESQUARETABLES:0.5
C_MOBILITY:0.551866858918739
C_KINGSAFETY:0.5574291498423701
C_PAWNSTRUCTURE:0.40419879435720535
C_PIECECOORDINATION:0.5055521296294208
C_ROOKANDPAWNMOVEMENT:0.5055521296294208
C_CENTERCONTROL:0.6272439709946768
C_DEVELOPPIECES:0.41500873098329055
C_MATERIAL:0.44383396942664244
