ELO:914
CE_PASSEDPAWNS:0.5048411415965804
CE_PAWNWEAKNESSES:0.5106290908780285
CE_PIECEACTIVITY:0.505818300895414
CE_KINGPAWNSHIELD:0.4935172126250603
CE_PIECECOORDINATION:0.5486278743927789
CE_MATERIAL:0.5220631005922862
CE_KINGSAFETY:0.5
C_PIECESQUARETABLES:0.5
C_MOBILITY:0.5449578013356527
C_KINGSAFETY:0.4588434144691282
C_PAWNSTRUCTURE:0.478176889821702
C_PIECECOORDINATION:0.5
C_ROOKANDPAWNMOVEMENT:0.5
C_CENTERCONTROL:0.502424884295727
C_DEVELOPPIECES:0.5241593404322096
C_MATERIAL:0.5300873838125564
C_MOVECOUNT:0.5
