ELO:951
CE_PASSEDPAWNS:0.5044851088131906
CE_PAWNWEAKNESSES:0.4847024048310407
CE_PIECEACTIVITY:0.507711454086036
CE_KINGPAWNSHIELD:0.485291155886195
CE_PIECECOORDINATION:0.49470086298279176
CE_MATERIAL:0.48842502439008934
CE_KINGSAFETY:0.4911939919397596
C_PIECESQUARETABLES:0.5168982714464507
C_MOBILITY:0.5125797354235125
C_KINGSAFETY:0.5035991945132609
C_PAWNSTRUCTURE:0.5043293197640919
C_PIECECOORDINATION:0.4931842858349869
C_ROOK:0.47861302424526425
CE_ROOK:0.4807771036285738
C_CENTERCONTROL:0.5151848294408645
C_DEVELOPPIECES:0.541663656561546
C_MATERIAL:0.4600738158407356
C_MOVECOUNT:0.48819497202340234
C_PAWNMOVEMENT:0.4899598710483234
