ELO:1000
CE_PASSEDPAWNS:0.48467537856653514
CE_PAWNWEAKNESSES:0.5666793230536117
CE_PIECEACTIVITY:0.5196891505343874
CE_KINGPAWNSHIELD:0.4945437341660683
CE_PIECECOORDINATION:0.4859140069610924
CE_MATERIAL:0.5035833638801115
CE_KINGSAFETY:0.45892231036209447
C_PIECESQUARETABLES:0.4629064048154863
C_MOBILITY:0.5012847245254349
C_KINGSAFETY:0.49226786067696254
C_PAWNSTRUCTURE:0.48359880253722837
C_PIECECOORDINATION:0.5426976438784104
C_ROOKANDPAWNMOVEMENT:0.5426976438784104
C_CENTERCONTROL:0.5149860067501583
C_DEVELOPPIECES:0.5590736684316399
C_MATERIAL:0.45109662243326204
