ELO:1000
CE_PASSEDPAWNS:0.509898918730889
CE_PAWNWEAKNESSES:0.5175036253007316
CE_PIECEACTIVITY:0.4804801776431134
CE_KINGPAWNSHIELD:0.546495995011336
CE_PIECECOORDINATION:0.49099684824786477
CE_MATERIAL:0.5515832665988813
CE_KINGSAFETY:0.5135215024140866
C_PIECESQUARETABLES:0.48082039216727307
C_MOBILITY:0.4975222616884973
C_KINGSAFETY:0.5401956059683993
C_PAWNSTRUCTURE:0.5241509677506065
C_PIECECOORDINATION:0.5201877988705269
C_ROOKANDPAWNMOVEMENT:0.5201877988705269
C_CENTERCONTROL:0.565540534904301
C_DEVELOPPIECES:0.47958827998722203
C_MATERIAL:0.4882861703693986
