ELO:1000
CE_PASSEDPAWNS:0.509898918730889
CE_PAWNWEAKNESSES:0.5225088261747582
CE_PIECEACTIVITY:0.4737432624392526
CE_KINGPAWNSHIELD:0.5590539314132933
CE_PIECECOORDINATION:0.4878028004360485
CE_MATERIAL:0.5622981027650815
CE_KINGSAFETY:0.5135215024140866
C_PIECESQUARETABLES:0.46836904578982325
C_MOBILITY:0.4975222616884973
C_KINGSAFETY:0.5253337457230843
C_PAWNSTRUCTURE:0.5241509677506065
C_PIECECOORDINATION:0.5201877988705269
C_ROOKANDPAWNMOVEMENT:0.5201877988705269
C_CENTERCONTROL:0.565540534904301
C_DEVELOPPIECES:0.47958827998722203
C_MATERIAL:0.49101158982483356
