ELO:1000
CE_PASSEDPAWNS:0.5442900579729457
CE_PAWNWEAKNESSES:0.5221825399403921
CE_PIECEACTIVITY:0.48007354514034406
CE_KINGPAWNSHIELD:0.5563493895821147
CE_PIECECOORDINATION:0.47669887109017994
CE_MATERIAL:0.5394035501669426
CE_KINGSAFETY:0.5240184129648503
C_PIECESQUARETABLES:0.5085051904968546
C_MOBILITY:0.46264561502497203
C_KINGSAFETY:0.5294462234975291
C_PAWNSTRUCTURE:0.4579876130787149
C_PIECECOORDINATION:0.4887171222464644
C_ROOKANDPAWNMOVEMENT:0.4887171222464644
C_CENTERCONTROL:0.5697746496550862
C_DEVELOPPIECES:0.45206995906520153
C_MATERIAL:0.4974122344709767
