ELO:981
CE_PASSEDPAWNS:0.4981838417443499
CE_PAWNWEAKNESSES:0.49385996533665455
CE_PIECEACTIVITY:0.5000013072810351
CE_KINGPAWNSHIELD:0.4860948247591469
CE_PIECECOORDINATION:0.5026609411627903
CE_MATERIAL:0.4827752134540394
CE_KINGSAFETY:0.5
C_PIECESQUARETABLES:0.5
C_MOBILITY:0.5
C_KINGSAFETY:0.5004682192517603
C_PAWNSTRUCTURE:0.5026715349520172
C_PIECECOORDINATION:0.5
C_ROOKANDPAWNMOVEMENT:0.5
C_CENTERCONTROL:0.4917349776998697
C_DEVELOPPIECES:0.49357640655028573
C_MATERIAL:0.5098966389443673
C_MOVECOUNT:0.5
