ELO:954
CE_PASSEDPAWNS:0.4982442047416114
CE_PAWNWEAKNESSES:0.4441966857689852
CE_PIECEACTIVITY:0.5256538788167867
CE_KINGPAWNSHIELD:0.5101962100985662
CE_PIECECOORDINATION:0.4815200253698035
CE_MATERIAL:0.4986192574156528
CE_KINGSAFETY:0.5107302541736002
C_PIECESQUARETABLES:0.4871087942081865
C_MOBILITY:0.5118874223146114
C_KINGSAFETY:0.505423796006922
C_PAWNSTRUCTURE:0.5301731393416586
C_PIECECOORDINATION:0.5066006491806216
C_ROOKANDPAWNMOVEMENT:0.5066006491806216
C_CENTERCONTROL:0.5
C_DEVELOPPIECES:0.4304333526097535
C_MATERIAL:0.5088922065323263
C_MOVECOUNT:0.5
