ELO:968
CE_PASSEDPAWNS:0.5
CE_PAWNWEAKNESSES:0.5036977512268943
CE_PIECEACTIVITY:0.5162408596838407
CE_KINGPAWNSHIELD:0.5181341333795045
CE_PIECECOORDINATION:0.5031360595054423
CE_MATERIAL:0.49292587408042526
CE_KINGSAFETY:0.5
C_PIECESQUARETABLES:0.5
C_MOBILITY:0.494541863625463
C_KINGSAFETY:0.5
C_PAWNSTRUCTURE:0.4911610004217645
C_PIECECOORDINATION:0.509263091587033
C_ROOKANDPAWNMOVEMENT:0.509263091587033
C_CENTERCONTROL:0.5280204008125826
C_DEVELOPPIECES:0.5074671324719552
C_MATERIAL:0.4847627169429151
C_MOVECOUNT:0.5
