ELO:957
CE_PASSEDPAWNS:0.5039353782898857
CE_PAWNWEAKNESSES:0.49937251873107597
CE_PIECEACTIVITY:0.49360509143196163
CE_KINGPAWNSHIELD:0.4791535293083224
CE_PIECECOORDINATION:0.512256477862633
CE_MATERIAL:0.48303513889935235
CE_KINGSAFETY:0.5
C_PIECESQUARETABLES:0.5
C_MOBILITY:0.5418297695417182
C_KINGSAFETY:0.5241367239369629
C_PAWNSTRUCTURE:0.49384777504768934
C_PIECECOORDINATION:0.4824629030601712
C_ROOK:0.4638887974120394
CE_ROOK:0.4807771036285738
C_CENTERCONTROL:0.48183473868487875
C_DEVELOPPIECES:0.4997809279220636
C_MATERIAL:0.5080207892564216
C_MOVECOUNT:0.5129962208745527
C_PAWNMOVEMENT:0.4724368079674296
