ELO:868
CE_PASSEDPAWNS:0.6085791508222704
CE_PAWNWEAKNESSES:0.43784580814330065
CE_PIECEACTIVITY:0.5324865391858385
CE_KINGPAWNSHIELD:0.48647597157846684
CE_PIECECOORDINATION:0.35392955530660986
CE_MATERIAL:0.4145350935485716
CE_KINGSAFETY:0.5028839931354173
C_PIECESQUARETABLES:0.5
C_MOBILITY:0.4908201697260301
C_KINGSAFETY:0.555297050099564
C_PAWNSTRUCTURE:0.4094508124230892
C_PIECECOORDINATION:0.43998452466163024
C_ROOKANDPAWNMOVEMENT:0.43998452466163024
C_CENTERCONTROL:0.42525373898346563
C_DEVELOPPIECES:0.5001869956773616
C_MATERIAL:0.43658170177450467
C_MOVECOUNT:0.48704047846079124
