ELO:957
CE_PASSEDPAWNS:0.4982611654617838
CE_PAWNWEAKNESSES:0.5212132753220189
CE_PIECEACTIVITY:0.485044031162007
CE_KINGPAWNSHIELD:0.4868287620336945
CE_PIECECOORDINATION:0.5050914577424528
CE_MATERIAL:0.47998609027796796
CE_KINGSAFETY:0.4976362425455859
C_PIECESQUARETABLES:0.4979369712939585
C_MOBILITY:0.5060660163136406
C_KINGSAFETY:0.4938299184193321
C_PAWNSTRUCTURE:0.5073096625785795
C_PIECECOORDINATION:0.47594557693392725
C_ROOK:0.5029970954074324
CE_ROOK:0.486629537884036
C_CENTERCONTROL:0.49828981205332507
C_DEVELOPPIECES:0.5228814714412608
C_MATERIAL:0.46612888412526715
C_MOVECOUNT:0.48616920400926045
C_PAWNMOVEMENT:0.47996156570858695
