ELO:908
CE_PASSEDPAWNS:0.4932996785296025
CE_PAWNWEAKNESSES:0.5061718113038838
CE_PIECEACTIVITY:0.5270113047762179
CE_KINGPAWNSHIELD:0.5222965407385946
CE_PIECECOORDINATION:0.4726854576022644
CE_MATERIAL:0.4349676875996983
CE_KINGSAFETY:0.5393484632162514
C_PIECESQUARETABLES:0.4881942816558071
C_MOBILITY:0.5042744958271466
C_KINGSAFETY:0.48745420374037796
C_PAWNSTRUCTURE:0.49967172538571086
C_PIECECOORDINATION:0.4818632980995148
C_ROOKANDPAWNMOVEMENT:0.4818632980995148
C_CENTERCONTROL:0.47862740956395033
C_DEVELOPPIECES:0.485657613812821
C_MATERIAL:0.5347734217727184
C_MOVECOUNT:0.5
