ELO:1000
CE_PASSEDPAWNS:0.45599215411916927
CE_PAWNWEAKNESSES:0.5059245644082576
CE_PIECEACTIVITY:0.5119111275109355
CE_KINGPAWNSHIELD:0.5215710380604346
CE_PIECECOORDINATION:0.4867867242923678
CE_MATERIAL:0.48200551213564763
CE_KINGSAFETY:0.4724866280032714
C_PIECESQUARETABLES:0.48904689052932326
C_MOBILITY:0.47674604555448585
C_KINGSAFETY:0.5153002427310359
C_PAWNSTRUCTURE:0.400872882885415
C_PIECECOORDINATION:0.5467823378310833
C_ROOKANDPAWNMOVEMENT:0.5467823378310833
C_CENTERCONTROL:0.43303308257990036
C_DEVELOPPIECES:0.4945132735933948
C_MATERIAL:0.4236689209082266
