ELO:1001
CE_PASSEDPAWNS:0.4871437921074297
CE_PAWNWEAKNESSES:0.4941437558117624
CE_PIECEACTIVITY:0.5056138250746505
CE_KINGPAWNSHIELD:0.4898504149758407
CE_PIECECOORDINATION:0.4970437103121356
CE_MATERIAL:0.5065526550278039
CE_KINGSAFETY:0.5
C_PIECESQUARETABLES:0.48800854248196707
C_MOBILITY:0.49086678837311964
C_KINGSAFETY:0.49684684233554177
C_PAWNSTRUCTURE:0.4949240379035841
C_PIECECOORDINATION:0.5169581283443035
C_ROOKANDPAWNMOVEMENT:0.5169581283443035
C_CENTERCONTROL:0.5000352455794389
C_DEVELOPPIECES:0.4907930164355874
C_MATERIAL:0.5065439402414931
C_MOVECOUNT:0.5036525475035208
