ELO:1003
CE_PASSEDPAWNS:0.5162594116160073
CE_PAWNWEAKNESSES:0.5025369881189063
CE_PIECEACTIVITY:0.49995363588594977
CE_KINGPAWNSHIELD:0.5169115832150883
CE_PIECECOORDINATION:0.5049747856131882
CE_MATERIAL:0.4933268137058907
CE_KINGSAFETY:0.4848798394545042
C_PIECESQUARETABLES:0.5
C_MOBILITY:0.4894724311170639
C_KINGSAFETY:0.5145298351245008
C_PAWNSTRUCTURE:0.5127701820553192
C_PIECECOORDINATION:0.4991862703649332
C_ROOKANDPAWNMOVEMENT:0.4991862703649332
C_CENTERCONTROL:0.4992071976205924
C_DEVELOPPIECES:0.4907930164355874
C_MATERIAL:0.4827663677378011
C_MOVECOUNT:0.4890642572787938
