ELO:1000
CE_PASSEDPAWNS:0.5795029910580836
CE_PAWNWEAKNESSES:0.5158983843278829
CE_PIECEACTIVITY:0.4499123653498137
CE_KINGPAWNSHIELD:0.5250403806779077
CE_PIECECOORDINATION:0.48872115403380106
CE_MATERIAL:0.49919010267431446
CE_KINGSAFETY:0.5400456569025154
C_PIECESQUARETABLES:0.5091483052831098
C_MOBILITY:0.4705941740763032
C_KINGSAFETY:0.5487101475347899
C_PAWNSTRUCTURE:0.45746046631756143
C_PIECECOORDINATION:0.4686481396614461
C_ROOKANDPAWNMOVEMENT:0.4686481396614461
C_CENTERCONTROL:0.5837403319075968
C_DEVELOPPIECES:0.44914456953113147
C_MATERIAL:0.4758421627598401
