ELO:935
CE_PASSEDPAWNS:0.49332192120844726
CE_PAWNWEAKNESSES:0.5187667586584085
CE_PIECEACTIVITY:0.4806099336103393
CE_KINGPAWNSHIELD:0.4765621414523503
CE_PIECECOORDINATION:0.527206775695603
CE_MATERIAL:0.510495963172751
CE_KINGSAFETY:0.5055849417713371
C_PIECESQUARETABLES:0.48521752437403953
C_MOBILITY:0.5203096297346385
C_KINGSAFETY:0.4869033439915493
C_PAWNSTRUCTURE:0.4950177671468917
C_PIECECOORDINATION:0.48872243084840833
C_ROOKANDPAWNMOVEMENT:0.48872243084840833
C_CENTERCONTROL:0.5307316175195304
C_DEVELOPPIECES:0.48485456437547236
C_MATERIAL:0.48049247173627213
C_MOVECOUNT:0.5
