ELO:820
CE_PASSEDPAWNS:0.5612511190681105
CE_PAWNWEAKNESSES:0.5101382869299125
CE_PIECEACTIVITY:0.4958692294206736
CE_KINGPAWNSHIELD:0.4689450743947604
CE_PIECECOORDINATION:0.4874273838931523
CE_MATERIAL:0.518762250472962
CE_KINGSAFETY:0.47915361819554164
C_PIECESQUARETABLES:0.5166821855204244
C_MOBILITY:0.5574742743965595
C_KINGSAFETY:0.47174072491248137
C_PAWNSTRUCTURE:0.5302151507131949
C_PIECECOORDINATION:0.5267643417822514
C_ROOKANDPAWNMOVEMENT:0.5267643417822514
C_CENTERCONTROL:0.4624380749898952
C_DEVELOPPIECES:0.6068828552107935
C_MATERIAL:0.5066665113978657
C_MOVECOUNT:0.5137108110131429
