ELO:918
CE_PASSEDPAWNS:0.5033457438424169
CE_PAWNWEAKNESSES:0.5445899122672786
CE_PIECEACTIVITY:0.5909742674167258
CE_KINGPAWNSHIELD:0.4975311854188137
CE_PIECECOORDINATION:0.4360269087496288
CE_MATERIAL:0.2820336020444168
CE_KINGSAFETY:0.5065976800697455
C_PIECESQUARETABLES:0.5554596553234152
C_MOBILITY:0.43911945590534873
C_KINGSAFETY:0.5004411586770491
C_PAWNSTRUCTURE:0.4893587486554886
C_PIECECOORDINATION:0.5264262521801493
C_ROOKANDPAWNMOVEMENT:0.5264262521801493
C_CENTERCONTROL:0.4783917606060643
C_DEVELOPPIECES:0.6931641993581923
C_MATERIAL:0.36930064939078494
