ELO:1000
CE_PASSEDPAWNS:0.4944570366504825
CE_PAWNWEAKNESSES:0.5061145420145784
CE_PIECEACTIVITY:0.4933819208913302
CE_KINGPAWNSHIELD:0.5125726324577429
CE_PIECECOORDINATION:0.5
CE_MATERIAL:0.496432271707865
CE_KINGSAFETY:0.5072566013209848
C_PIECESQUARETABLES:0.4940025489508181
C_MOBILITY:0.5
C_KINGSAFETY:0.4951244330985978
C_PAWNSTRUCTURE:0.4976814224835073
C_PIECECOORDINATION:0.5218311135444036
C_ROOKANDPAWNMOVEMENT:0.5218311135444036
C_CENTERCONTROL:0.5
C_DEVELOPPIECES:0.5
C_MATERIAL:0.5056539364231663
