ELO:880
CE_PASSEDPAWNS:0.566065419620344
CE_PAWNWEAKNESSES:0.49336398623801386
CE_PIECEACTIVITY:0.49959302687865254
CE_KINGPAWNSHIELD:0.5424407880066453
CE_PIECECOORDINATION:0.5938355917475557
CE_MATERIAL:0.5472123138113854
CE_KINGSAFETY:0.4499392187023555
C_PIECESQUARETABLES:0.45633320916436493
C_MOBILITY:0.43299725015999013
C_KINGSAFETY:0.5416603486484183
C_PAWNSTRUCTURE:0.5015064160809484
C_PIECECOORDINATION:0.4456102544848883
C_ROOKANDPAWNMOVEMENT:0.4456102544848883
C_CENTERCONTROL:0.4587782572862198
C_DEVELOPPIECES:0.49721402670802767
C_MATERIAL:0.5463096003599727
