ELO:984
CE_PASSEDPAWNS:0.48046573105658635
CE_PAWNWEAKNESSES:0.5123287641027148
CE_PIECEACTIVITY:0.49122866791393677
CE_KINGPAWNSHIELD:0.49794305431971586
CE_PIECECOORDINATION:0.5130737443386363
CE_MATERIAL:0.48464502561961886
CE_KINGSAFETY:0.4902859486572529
C_PIECESQUARETABLES:0.5
C_MOBILITY:0.4785174278325033
C_KINGSAFETY:0.4701006807404875
C_PAWNSTRUCTURE:0.5026523628044385
C_PIECECOORDINATION:0.5054953624156161
C_ROOKANDPAWNMOVEMENT:0.5054953624156161
C_CENTERCONTROL:0.45257984059245626
C_DEVELOPPIECES:0.5039971691730288
C_MATERIAL:0.5035515482437221
C_MOVECOUNT:0.4871146683596237
