ELO:726
CE_PASSEDPAWNS:0.5823774992855765
CE_PAWNWEAKNESSES:0.5170861080260057
CE_PIECEACTIVITY:0.46951419788815846
CE_KINGPAWNSHIELD:0.4805440953899095
CE_PIECECOORDINATION:0.45255337227372505
CE_MATERIAL:0.5594968812392962
CE_KINGSAFETY:0.5086394662002749
C_PIECESQUARETABLES:0.503219867790275
C_MOBILITY:0.550242779240591
C_KINGSAFETY:0.50318053495617
C_PAWNSTRUCTURE:0.5904073663858089
C_PIECECOORDINATION:0.5104419438284362
C_ROOKANDPAWNMOVEMENT:0.5104419438284362
C_CENTERCONTROL:0.48397459728831965
C_DEVELOPPIECES:0.6214662937294424
C_MATERIAL:0.5350575597762174
C_MOVECOUNT:0.5294909443782242
