ELO:987
CE_PASSEDPAWNS:0.5226947198705815
CE_PAWNWEAKNESSES:0.4885116935250526
CE_PIECEACTIVITY:0.5056568213996095
CE_KINGPAWNSHIELD:0.5017152224958749
CE_PIECECOORDINATION:0.49996230429001115
CE_MATERIAL:0.5
CE_KINGSAFETY:0.5073679240695876
C_PIECESQUARETABLES:0.49452970643634125
C_MOBILITY:0.49911104997688743
C_KINGSAFETY:0.50681853312696
C_PAWNSTRUCTURE:0.5151813320539809
C_PIECECOORDINATION:0.4708272898042656
C_ROOK:0.505098754868071
CE_ROOK:0.4938971243290488
C_CENTERCONTROL:0.5052005520376984
C_DEVELOPPIECES:0.5
C_MATERIAL:0.5
C_MOVECOUNT:0.49056760304872016
C_PAWNMOVEMENT:0.5054341416948874
