ELO:943
CE_PASSEDPAWNS:0.5114560730351662
CE_PAWNWEAKNESSES:0.4654279392572764
CE_PIECEACTIVITY:0.5115424834340712
CE_KINGPAWNSHIELD:0.5500272487560455
CE_PIECECOORDINATION:0.5445346876861246
CE_MATERIAL:0.5358700122687956
CE_KINGSAFETY:0.471696627930368
C_PIECESQUARETABLES:0.5054640821993055
C_MOBILITY:0.46158463031480085
C_KINGSAFETY:0.4771329835827079
C_PAWNSTRUCTURE:0.5086365267674262
C_PIECECOORDINATION:0.4608302707113732
C_ROOKANDPAWNMOVEMENT:0.4608302707113732
C_CENTERCONTROL:0.46940884974562896
C_DEVELOPPIECES:0.48385432443660714
C_MATERIAL:0.4900143258019027
