ELO:952
CE_PASSEDPAWNS:0.5084392283946207
CE_PAWNWEAKNESSES:0.5063896108776534
CE_PIECEACTIVITY:0.49490272316141104
CE_KINGPAWNSHIELD:0.46899295637506555
CE_PIECECOORDINATION:0.5210087528570297
CE_MATERIAL:0.48303513889935235
CE_KINGSAFETY:0.48891002304875486
C_PIECESQUARETABLES:0.508033324983179
C_MOBILITY:0.5689901480305221
C_KINGSAFETY:0.5292641234834923
C_PAWNSTRUCTURE:0.4966761048888284
C_PIECECOORDINATION:0.49426316491515293
C_ROOK:0.46237839944279
CE_ROOK:0.4596309757025982
C_CENTERCONTROL:0.4895840418421651
C_DEVELOPPIECES:0.5062139587992526
C_MATERIAL:0.4993796608326235
C_MOVECOUNT:0.5238927459162089
C_PAWNMOVEMENT:0.466326225278261
