ELO:808
CE_PASSEDPAWNS:0.5495493196350639
CE_PAWNWEAKNESSES:0.5030137312299083
CE_PIECEACTIVITY:0.3788248011075785
CE_KINGPAWNSHIELD:0.4932751171295906
CE_PIECECOORDINATION:0.5031525223255966
CE_MATERIAL:0.48571593123074114
CE_KINGSAFETY:0.47743063201768277
C_PIECESQUARETABLES:0.4942710091795533
C_MOBILITY:0.5176442386384561
C_KINGSAFETY:0.45051568718662527
C_PAWNSTRUCTURE:0.5215786797892878
C_PIECECOORDINATION:0.4686275342247628
C_ROOKANDPAWNMOVEMENT:0.4686275342247628
C_CENTERCONTROL:0.4739608818910825
C_DEVELOPPIECES:0.543329482206545
C_MATERIAL:0.5235411996358303
C_MOVECOUNT:0.5
