ELO:984
CE_PASSEDPAWNS:0.577911420004972
CE_PAWNWEAKNESSES:0.5493869685669325
CE_PIECEACTIVITY:0.4591878200516189
CE_KINGPAWNSHIELD:0.5229717598282959
CE_PIECECOORDINATION:0.4880913084508477
CE_MATERIAL:0.5260938294902944
CE_KINGSAFETY:0.5074976687074167
C_PIECESQUARETABLES:0.4932751385076879
C_MOBILITY:0.4621821533682271
C_KINGSAFETY:0.5662178892918287
C_PAWNSTRUCTURE:0.4677043537464879
C_PIECECOORDINATION:0.4856289342794939
C_ROOKANDPAWNMOVEMENT:0.4856289342794939
C_CENTERCONTROL:0.5942630601498238
C_DEVELOPPIECES:0.4485825256133966
C_MATERIAL:0.4625731390327191
