ELO:977
CE_PASSEDPAWNS:0.4841838574320222
CE_PAWNWEAKNESSES:0.49871541681542647
CE_PIECEACTIVITY:0.5056138250746505
CE_KINGPAWNSHIELD:0.5
CE_PIECECOORDINATION:0.5034367637571876
CE_MATERIAL:0.4848576888408148
CE_KINGSAFETY:0.5
C_PIECESQUARETABLES:0.5
C_MOBILITY:0.5001838558616423
C_KINGSAFETY:0.49684684233554177
C_PAWNSTRUCTURE:0.4949240379035841
C_PIECECOORDINATION:0.5051143122912318
C_ROOKANDPAWNMOVEMENT:0.5051143122912318
C_CENTERCONTROL:0.5000352455794389
C_DEVELOPPIECES:0.5
C_MATERIAL:0.5
C_MOVECOUNT:0.5036525475035208
