ELO:887
CE_PASSEDPAWNS:0.4033149407627392
CE_PAWNWEAKNESSES:0.4363356132651033
CE_PIECEACTIVITY:0.4053436992752305
CE_KINGPAWNSHIELD:0.5648272898666609
CE_PIECECOORDINATION:0.47875303441507516
CE_MATERIAL:0.5212448487702654
CE_KINGSAFETY:0.4874383772526724
C_PIECESQUARETABLES:0.5
C_MOBILITY:0.5437879872485302
C_KINGSAFETY:0.5584474014202582
C_PAWNSTRUCTURE:0.528271485515296
C_PIECECOORDINATION:0.44771597082082454
C_ROOKANDPAWNMOVEMENT:0.44771597082082454
C_CENTERCONTROL:0.44915306091090357
C_DEVELOPPIECES:0.5293238225938482
C_MATERIAL:0.46970726098076754
C_MOVECOUNT:0.5
