ELO:954
CE_PASSEDPAWNS:0.5192062977124987
CE_PAWNWEAKNESSES:0.47878689599139707
CE_PIECEACTIVITY:0.5247556016358479
CE_KINGPAWNSHIELD:0.5330293366669826
CE_PIECECOORDINATION:0.5314892167455315
CE_MATERIAL:0.5494297305132608
CE_KINGSAFETY:0.47966359413852827
C_PIECESQUARETABLES:0.5114462701134511
C_MOBILITY:0.4918696654071605
C_KINGSAFETY:0.4528972863743773
C_PAWNSTRUCTURE:0.5217380837022817
C_PIECECOORDINATION:0.47888292847535313
C_ROOKANDPAWNMOVEMENT:0.47888292847535313
C_CENTERCONTROL:0.47493905820795496
C_DEVELOPPIECES:0.5007708339026462
C_MATERIAL:0.5090936233647377
