ELO:1000
CE_PASSEDPAWNS:0.4722813024226469
CE_PAWNWEAKNESSES:0.5259668141593397
CE_PIECEACTIVITY:0.48843489372734006
CE_KINGPAWNSHIELD:0.4851233320994583
CE_PIECECOORDINATION:0.4696087247126949
CE_MATERIAL:0.5047118516418762
CE_KINGSAFETY:0.48526686272354114
C_PIECESQUARETABLES:0.46580229879564267
C_MOBILITY:0.4897848832532152
C_KINGSAFETY:0.4971246511953742
C_PAWNSTRUCTURE:0.4627423759137163
C_PIECECOORDINATION:0.5229463011312467
C_ROOKANDPAWNMOVEMENT:0.5229463011312467
C_CENTERCONTROL:0.5211798442839316
C_DEVELOPPIECES:0.5521755799554867
C_MATERIAL:0.46543999588428686
