ELO:1000
CE_PASSEDPAWNS:0.48121700600418515
CE_PAWNWEAKNESSES:0.5518144828082606
CE_PIECEACTIVITY:0.523130366250521
CE_KINGPAWNSHIELD:0.5095852916285661
CE_PIECECOORDINATION:0.4782877650861532
CE_MATERIAL:0.4975767596973748
CE_KINGSAFETY:0.4684923312740409
C_PIECESQUARETABLES:0.47175511322768204
C_MOBILITY:0.4875195110586794
C_KINGSAFETY:0.48309727468524405
C_PAWNSTRUCTURE:0.49495302341401964
C_PIECECOORDINATION:0.5473160282929749
C_ROOKANDPAWNMOVEMENT:0.5473160282929749
C_CENTERCONTROL:0.49874977182248087
C_DEVELOPPIECES:0.5527175750737041
C_MATERIAL:0.44931123413202484
