ELO:1000
CE_PASSEDPAWNS:0.4526980278877765
CE_PAWNWEAKNESSES:0.4934221992390949
CE_PIECEACTIVITY:0.5134072656058664
CE_KINGPAWNSHIELD:0.4987316906715148
CE_PIECECOORDINATION:0.47337578959366544
CE_MATERIAL:0.44904248980600486
CE_KINGSAFETY:0.5166198560671222
C_PIECESQUARETABLES:0.4877148191107001
C_MOBILITY:0.5546719833180279
C_KINGSAFETY:0.539485381325479
C_PAWNSTRUCTURE:0.551371427789875
C_PIECECOORDINATION:0.5485315259131227
C_ROOKANDPAWNMOVEMENT:0.5485315259131227
C_CENTERCONTROL:0.42197371551001844
C_DEVELOPPIECES:0.5053920530530206
C_MATERIAL:0.5206602022232719
