ELO:792
CE_PASSEDPAWNS:0.5660043052104115
CE_PAWNWEAKNESSES:0.59481385871509
CE_PIECEACTIVITY:0.4250485171991342
CE_KINGPAWNSHIELD:0.414209528332225
CE_PIECECOORDINATION:0.4426908130391447
CE_MATERIAL:0.5452985806044188
CE_KINGSAFETY:0.48920272735720516
C_PIECESQUARETABLES:0.4660942903798846
C_MOBILITY:0.42604903121497656
C_KINGSAFETY:0.6017001714545026
C_PAWNSTRUCTURE:0.7153159170424681
C_PIECECOORDINATION:0.5333831753744732
C_ROOKANDPAWNMOVEMENT:0.5333831753744732
C_CENTERCONTROL:0.6053629297566638
C_DEVELOPPIECES:0.4684945234393087
C_MATERIAL:0.474464950330616
