ELO:973
CE_PASSEDPAWNS:0.5226947198705815
CE_PAWNWEAKNESSES:0.49871767538286943
CE_PIECEACTIVITY:0.49163310268764976
CE_KINGPAWNSHIELD:0.48371961375432637
CE_PIECECOORDINATION:0.5029411464681295
CE_MATERIAL:0.4904761644507662
CE_KINGSAFETY:0.5050747917075995
C_PIECESQUARETABLES:0.5
C_MOBILITY:0.5011055905828461
C_KINGSAFETY:0.4929321851580451
C_PAWNSTRUCTURE:0.5204899626316135
C_PIECECOORDINATION:0.4620074446910256
C_ROOK:0.5115205308238082
CE_ROOK:0.48291360613275774
C_CENTERCONTROL:0.49560102758969704
C_DEVELOPPIECES:0.5148303446207727
C_MATERIAL:0.4935491912441788
C_MOVECOUNT:0.49056760304872016
C_PAWNMOVEMENT:0.48088546007561767
