ELO:1035
CE_PASSEDPAWNS:0.5
CE_PAWNWEAKNESSES:0.5106882032431963
CE_PIECEACTIVITY:0.5198351705680782
CE_KINGPAWNSHIELD:0.5013428265522908
CE_PIECECOORDINATION:0.47621953791979016
CE_MATERIAL:0.49363520316504067
CE_KINGSAFETY:0.5
C_PIECESQUARETABLES:0.497491802191756
C_MOBILITY:0.5
C_KINGSAFETY:0.48270136277982184
C_PAWNSTRUCTURE:0.5042018152719532
C_PIECECOORDINATION:0.5
C_ROOKANDPAWNMOVEMENT:0.5
C_CENTERCONTROL:0.5
C_DEVELOPPIECES:0.5
C_MATERIAL:0.47887628921889686
