ELO:1021
CE_PASSEDPAWNS:0.4860979555824839
CE_PAWNWEAKNESSES:0.5
CE_PIECEACTIVITY:0.4902414812945636
CE_KINGPAWNSHIELD:0.5
CE_PIECECOORDINATION:0.5
CE_MATERIAL:0.5098006162596482
CE_KINGSAFETY:0.5012088976860445
C_PIECESQUARETABLES:0.48367000915771724
C_MOBILITY:0.5
C_KINGSAFETY:0.5102628691986059
C_PAWNSTRUCTURE:0.5026526607685456
C_PIECECOORDINATION:0.5
C_ROOKANDPAWNMOVEMENT:0.5
C_CENTERCONTROL:0.5
C_DEVELOPPIECES:0.5
C_MATERIAL:0.5
C_MOVECOUNT:0.5089467164046116
