ELO:992
CE_PASSEDPAWNS:0.4969829733208757
CE_PAWNWEAKNESSES:0.46032589904387705
CE_PIECEACTIVITY:0.4976461193886007
CE_KINGPAWNSHIELD:0.49794305431971586
CE_PIECECOORDINATION:0.5134689397037099
CE_MATERIAL:0.4948624029976883
CE_KINGSAFETY:0.5
C_PIECESQUARETABLES:0.5
C_MOBILITY:0.5
C_KINGSAFETY:0.5123853151252918
C_PAWNSTRUCTURE:0.49932156247617776
C_PIECECOORDINATION:0.5050207745246356
C_ROOKANDPAWNMOVEMENT:0.5050207745246356
C_CENTERCONTROL:0.49746139723857846
C_DEVELOPPIECES:0.48697722171389163
C_MATERIAL:0.5029490894126952
C_MOVECOUNT:0.49528012872257604
