ELO:948
CE_PASSEDPAWNS:0.5423764098150116
CE_PAWNWEAKNESSES:0.612220620890429
CE_PIECEACTIVITY:0.4701061593475934
CE_KINGPAWNSHIELD:0.5296578419637944
CE_PIECECOORDINATION:0.5666073988932835
CE_MATERIAL:0.5317751935989019
CE_KINGSAFETY:0.48471960840034006
C_PIECESQUARETABLES:0.5003616335291949
C_MOBILITY:0.48439654515270203
C_KINGSAFETY:0.6045415388170715
C_PAWNSTRUCTURE:0.5035428261575753
C_PIECECOORDINATION:0.48017918377011076
C_ROOKANDPAWNMOVEMENT:0.48017918377011076
C_CENTERCONTROL:0.6318005166350886
C_DEVELOPPIECES:0.4589334639028224
C_MATERIAL:0.4373695081325358
