ELO:892
CE_PASSEDPAWNS:0.5522182359425519
CE_PAWNWEAKNESSES:0.387819504126845
CE_PIECEACTIVITY:0.5193087454311185
CE_KINGPAWNSHIELD:0.48155649043393417
CE_PIECECOORDINATION:0.4796575442026686
CE_MATERIAL:0.2653353684709951
CE_KINGSAFETY:0.4762820225903355
C_PIECESQUARETABLES:0.46336341089100697
C_MOBILITY:0.440309593489042
C_KINGSAFETY:0.405905470275006
C_PAWNSTRUCTURE:0.5416328070113785
C_PIECECOORDINATION:0.5875848606604915
C_ROOKANDPAWNMOVEMENT:0.5875848606604915
C_CENTERCONTROL:0.5300800210466122
C_DEVELOPPIECES:0.3986588707160839
C_MATERIAL:0.4369163231109861
