ELO:984
CE_PASSEDPAWNS:0.4909008078039758
CE_PAWNWEAKNESSES:0.49855577720704936
CE_PIECEACTIVITY:0.5068170880619399
CE_KINGPAWNSHIELD:0.5044558399104748
CE_PIECECOORDINATION:0.49047326342651304
CE_MATERIAL:0.5092423803030386
CE_KINGSAFETY:0.49074325413956665
C_PIECESQUARETABLES:0.5061932506755212
C_MOBILITY:0.49268450087257243
C_KINGSAFETY:0.5069594381920022
C_PAWNSTRUCTURE:0.5022173116123987
C_PIECECOORDINATION:0.4988262601680884
C_ROOKANDPAWNMOVEMENT:0.4988262601680884
C_CENTERCONTROL:0.49028875082254275
C_DEVELOPPIECES:0.49681163095153774
C_MATERIAL:0.49926209717895453
