ELO:1249
CE_PASSEDPAWNS:0.4206150445297281
CE_PAWNWEAKNESSES:0.5936476439564067
CE_PIECEACTIVITY:0.42931222046788853
CE_KINGPAWNSHIELD:0.4434919210077699
CE_PIECECOORDINATION:0.5411440339610603
CE_MATERIAL:0.3650657177794257
CE_KINGSAFETY:0.5
C_PIECESQUARETABLES:0.5
C_MOBILITY:0.38254123263739204
C_KINGSAFETY:0.3556410267781085
C_PAWNSTRUCTURE:0.517992412819532
C_PIECECOORDINATION:0.6006523227325677
C_ROOKANDPAWNMOVEMENT:0.6006523227325677
C_CENTERCONTROL:0.49689184494824484
C_DEVELOPPIECES:0.44786742023894355
C_MATERIAL:0.6169075193765221
