ELO:942
CE_PASSEDPAWNS:0.5724098180705444
CE_PAWNWEAKNESSES:0.5377180435743385
CE_PIECEACTIVITY:0.4265647378847872
CE_KINGPAWNSHIELD:0.563045337354909
CE_PIECECOORDINATION:0.5825429485124638
CE_MATERIAL:0.5489310012026503
CE_KINGSAFETY:0.4950418639350982
C_PIECESQUARETABLES:0.5062965318139694
C_MOBILITY:0.36053909410682033
C_KINGSAFETY:0.5919530055944642
C_PAWNSTRUCTURE:0.47224082488506486
C_PIECECOORDINATION:0.508689267821439
C_ROOKANDPAWNMOVEMENT:0.508689267821439
C_CENTERCONTROL:0.4901300490509617
C_DEVELOPPIECES:0.47564759150485986
C_MATERIAL:0.5581104307740508
C_MOVECOUNT:0.4572526483992252
