ELO:984
CE_PASSEDPAWNS:0.5041406095882516
CE_PAWNWEAKNESSES:0.4988432481834859
CE_PIECEACTIVITY:0.5259314169399294
CE_KINGPAWNSHIELD:0.5020740837651961
CE_PIECECOORDINATION:0.5134776153131401
CE_MATERIAL:0.4976093288948715
CE_KINGSAFETY:0.4991944393924865
C_PIECESQUARETABLES:0.521219306549777
C_MOBILITY:0.5021188975785209
C_KINGSAFETY:0.5183163435597834
C_PAWNSTRUCTURE:0.5
C_PIECECOORDINATION:0.489011410492782
C_ROOKANDPAWNMOVEMENT:0.489011410492782
C_CENTERCONTROL:0.48261656387000096
C_DEVELOPPIECES:0.51076439348791
C_MATERIAL:0.5
C_MOVECOUNT:0.5
