ELO:1000
CE_PASSEDPAWNS:0.4715063551532187
CE_PAWNWEAKNESSES:0.4171760087980561
CE_PIECEACTIVITY:0.5030762916523492
CE_KINGPAWNSHIELD:0.4926274490842222
CE_PIECECOORDINATION:0.5007747899976313
CE_MATERIAL:0.5269300313056706
CE_KINGSAFETY:0.539004838251316
C_PIECESQUARETABLES:0.5235653603881247
C_MOBILITY:0.4887581181654461
C_KINGSAFETY:0.49327123194796296
C_PAWNSTRUCTURE:0.5347945419969962
C_PIECECOORDINATION:0.4930112888441048
C_ROOKANDPAWNMOVEMENT:0.4930112888441048
C_CENTERCONTROL:0.5282238252877344
C_DEVELOPPIECES:0.4765234522264446
C_MATERIAL:0.5354167677154208
