ELO:895
CE_PASSEDPAWNS:0.4767241879414413
CE_PAWNWEAKNESSES:0.5180726408947122
CE_PIECEACTIVITY:0.5222661506670164
CE_KINGPAWNSHIELD:0.5194083939478195
CE_PIECECOORDINATION:0.5223181560150589
CE_MATERIAL:0.5500330715414157
CE_KINGSAFETY:0.47210805678156886
C_PIECESQUARETABLES:0.5335274299745257
C_MOBILITY:0.4788219348988205
C_KINGSAFETY:0.45273958731437547
C_PAWNSTRUCTURE:0.5217062701712133
C_PIECECOORDINATION:0.5203227804185805
C_ROOKANDPAWNMOVEMENT:0.5203227804185805
C_CENTERCONTROL:0.4749457771692499
C_DEVELOPPIECES:0.5066003435527511
C_MATERIAL:0.5021108155989845
C_MOVECOUNT:0.5
