ELO:833
CE_PASSEDPAWNS:0.4729049870987249
CE_PAWNWEAKNESSES:0.518321941536757
CE_PIECEACTIVITY:0.5631130565548335
CE_KINGPAWNSHIELD:0.47389151511138916
CE_PIECECOORDINATION:0.5215525383639072
CE_MATERIAL:0.5610652761771382
CE_KINGSAFETY:0.4545795128083361
C_PIECESQUARETABLES:0.5722295373217194
C_MOBILITY:0.5016599432474663
C_KINGSAFETY:0.5192863885691975
C_PAWNSTRUCTURE:0.5083991948577433
C_PIECECOORDINATION:0.46545152627870867
C_ROOKANDPAWNMOVEMENT:0.46545152627870867
C_CENTERCONTROL:0.44573915699342975
C_DEVELOPPIECES:0.48935164960203154
C_MATERIAL:0.5060643948512327
C_MOVECOUNT:0.5
