ELO:964
CE_PASSEDPAWNS:0.4691186747187211
CE_PAWNWEAKNESSES:0.49589919733755805
CE_PIECEACTIVITY:0.49740359967371756
CE_KINGPAWNSHIELD:0.48862866922825476
CE_PIECECOORDINATION:0.47369426002193726
CE_MATERIAL:0.5091665269860384
CE_KINGSAFETY:0.5
C_PIECESQUARETABLES:0.5050783437610874
C_MOBILITY:0.49180372255536475
C_KINGSAFETY:0.5087362857867703
C_PAWNSTRUCTURE:0.4576686175824472
C_PIECECOORDINATION:0.496213635264659
C_ROOK:0.4851220307140905
CE_ROOK:0.49835456814603113
C_CENTERCONTROL:0.4566014568905001
C_DEVELOPPIECES:0.4925397563637806
C_MATERIAL:0.5084120350189585
C_MOVECOUNT:0.5201166869435416
C_PAWNMOVEMENT:0.5263360339178208
