ELO:962
CE_PASSEDPAWNS:0.4968751171166383
CE_PAWNWEAKNESSES:0.4862885683875714
CE_PIECEACTIVITY:0.49976593815921544
CE_KINGPAWNSHIELD:0.5052705784783007
CE_PIECECOORDINATION:0.5111457923342655
CE_MATERIAL:0.4978189099213402
CE_KINGSAFETY:0.5164896939170183
C_PIECESQUARETABLES:0.49728827224531935
C_MOBILITY:0.4746968431226946
C_KINGSAFETY:0.48690054877794975
C_PAWNSTRUCTURE:0.5097537226463225
C_PIECECOORDINATION:0.5111406967267895
C_ROOKANDPAWNMOVEMENT:0.5111406967267895
C_CENTERCONTROL:0.5083062447600813
C_DEVELOPPIECES:0.500333684732236
C_MATERIAL:0.5034827053078202
C_MOVECOUNT:0.5
