ELO:982
CE_PASSEDPAWNS:0.5130798425002866
CE_PAWNWEAKNESSES:0.48782399567198864
CE_PIECEACTIVITY:0.48598769915721335
CE_KINGPAWNSHIELD:0.47207029404645584
CE_PIECECOORDINATION:0.5099363166046902
CE_MATERIAL:0.48869651739373254
CE_KINGSAFETY:0.503423482936746
C_PIECESQUARETABLES:0.5241270555063208
C_MOBILITY:0.49021110548090946
C_KINGSAFETY:0.5110434419009214
C_PAWNSTRUCTURE:0.5383321914205298
C_PIECECOORDINATION:0.5214016736187279
C_ROOK:0.5058488748683814
CE_ROOK:0.4802497701089687
C_CENTERCONTROL:0.46754429329122815
C_DEVELOPPIECES:0.4842852242165805
C_MATERIAL:0.48659926190873576
C_MOVECOUNT:0.47557454200632626
C_PAWNMOVEMENT:0.5105347552713285
