ELO:971
CE_PASSEDPAWNS:0.5345025725513637
CE_PAWNWEAKNESSES:0.3847964359015605
CE_PIECEACTIVITY:0.47420587951518756
CE_KINGPAWNSHIELD:0.4703931382949039
CE_PIECECOORDINATION:0.4649462685401221
CE_MATERIAL:0.5617862724617912
CE_KINGSAFETY:0.5259530150518641
C_PIECESQUARETABLES:0.5011523421451111
C_MOBILITY:0.4768009953209921
C_KINGSAFETY:0.5209731409864514
C_PAWNSTRUCTURE:0.5447341240354975
C_PIECECOORDINATION:0.4666013033984724
C_ROOKANDPAWNMOVEMENT:0.4666013033984724
C_CENTERCONTROL:0.5494854783872143
C_DEVELOPPIECES:0.4762079787384581
C_MATERIAL:0.5003244933583182
