ELO:1013
CE_PASSEDPAWNS:0.4918595885893368
CE_PAWNWEAKNESSES:0.5085554893798061
CE_PIECEACTIVITY:0.49941919834809323
CE_KINGPAWNSHIELD:0.4810956808436203
CE_PIECECOORDINATION:0.4959022151667902
CE_MATERIAL:0.5
CE_KINGSAFETY:0.5335984034978205
C_PIECESQUARETABLES:0.5133098748490764
C_MOBILITY:0.5
C_KINGSAFETY:0.49087747327824643
C_PAWNSTRUCTURE:0.5
C_PIECECOORDINATION:0.5089975787664593
C_ROOKANDPAWNMOVEMENT:0.5089975787664593
C_CENTERCONTROL:0.49636792903387
C_DEVELOPPIECES:0.4773046357631963
C_MATERIAL:0.4940035875963427
C_MOVECOUNT:0.5
