ELO:1062
CE_PASSEDPAWNS:0.4994769589035356
CE_PAWNWEAKNESSES:0.5773940833613074
CE_PIECEACTIVITY:0.46582126240403443
CE_KINGPAWNSHIELD:0.4763214549849322
CE_PIECECOORDINATION:0.47380835317108616
CE_MATERIAL:0.3974889345246621
CE_KINGSAFETY:0.49025927477808445
C_PIECESQUARETABLES:0.4775967066476547
C_MOBILITY:0.3782571662401818
C_KINGSAFETY:0.3951505242387151
C_PAWNSTRUCTURE:0.5851413187559604
C_PIECECOORDINATION:0.5178437085556356
C_ROOKANDPAWNMOVEMENT:0.5178437085556356
C_CENTERCONTROL:0.5958327776836282
C_DEVELOPPIECES:0.4152434209121721
C_MATERIAL:0.5473675192073795
