ELO:1000
CE_PASSEDPAWNS:0.4637258078170009
CE_PAWNWEAKNESSES:0.4877886350054409
CE_PIECEACTIVITY:0.5243526578955985
CE_KINGPAWNSHIELD:0.4736218317329742
CE_PIECECOORDINATION:0.4865655168190477
CE_MATERIAL:0.5066355201033212
CE_KINGSAFETY:0.5273819988343357
C_PIECESQUARETABLES:0.5127327567657218
C_MOBILITY:0.5087749126942817
C_KINGSAFETY:0.4835955403196522
C_PAWNSTRUCTURE:0.5306385232419262
C_PIECECOORDINATION:0.5082263662363353
C_ROOKANDPAWNMOVEMENT:0.5082263662363353
C_CENTERCONTROL:0.515319122656999
C_DEVELOPPIECES:0.4638225084970732
C_MATERIAL:0.5071175925003616
