ELO:1159
CE_PASSEDPAWNS:0.4382366343002822
CE_PAWNWEAKNESSES:0.44542974891888637
CE_PIECEACTIVITY:0.44631838776408517
CE_KINGPAWNSHIELD:0.45195813534504686
CE_PIECECOORDINATION:0.5464076372288086
CE_MATERIAL:0.4701053431366152
CE_KINGSAFETY:0.5
C_PIECESQUARETABLES:0.5
C_MOBILITY:0.3528883718889461
C_KINGSAFETY:0.35456652827360086
C_PAWNSTRUCTURE:0.6098112579911965
C_PIECECOORDINATION:0.5726966305992744
C_ROOKANDPAWNMOVEMENT:0.5726966305992744
C_CENTERCONTROL:0.49689184494824484
C_DEVELOPPIECES:0.4366559082705016
C_MATERIAL:0.622840321325036
