ELO:1029
CE_PASSEDPAWNS:0.49321776139607665
CE_PAWNWEAKNESSES:0.49481625243946004
CE_PIECEACTIVITY:0.5
CE_KINGPAWNSHIELD:0.505451455244572
CE_PIECECOORDINATION:0.5
CE_MATERIAL:0.5
CE_KINGSAFETY:0.5
C_PIECESQUARETABLES:0.5047167096320843
C_MOBILITY:0.4986167310875692
C_KINGSAFETY:0.5
C_PAWNSTRUCTURE:0.5101663703566798
C_PIECECOORDINATION:0.5194708511263239
C_ROOK:0.4836888620946196
CE_ROOK:0.5
C_CENTERCONTROL:0.5
C_DEVELOPPIECES:0.47179617885379005
C_MATERIAL:0.5006607603635362
C_MOVECOUNT:0.5068763161798031
C_PAWNMOVEMENT:0.48936372554306046
