ELO:1261
CE_PASSEDPAWNS:0.43431025925990174
CE_PAWNWEAKNESSES:0.46186241237079045
CE_PIECEACTIVITY:0.42506633836760355
CE_KINGPAWNSHIELD:0.46865639744945076
CE_PIECECOORDINATION:0.49864366603685284
CE_MATERIAL:0.35699070302895597
CE_KINGSAFETY:0.5
C_PIECESQUARETABLES:0.49404254993956204
C_MOBILITY:0.38254123263739204
C_KINGSAFETY:0.39012888053233563
C_PAWNSTRUCTURE:0.5565549327089838
C_PIECECOORDINATION:0.5562674503149065
C_ROOKANDPAWNMOVEMENT:0.5562674503149065
C_CENTERCONTROL:0.48009522574919483
C_DEVELOPPIECES:0.4558360349969171
C_MATERIAL:0.5638506673996677
