ELO:1153
CE_PASSEDPAWNS:0.41499225218398755
CE_PAWNWEAKNESSES:0.5915994779852465
CE_PIECEACTIVITY:0.4307745057661677
CE_KINGPAWNSHIELD:0.4873640784077908
CE_PIECECOORDINATION:0.5096467097470723
CE_MATERIAL:0.47142943546382343
CE_KINGSAFETY:0.5
C_PIECESQUARETABLES:0.5
C_MOBILITY:0.3528883718889461
C_KINGSAFETY:0.35456652827360086
C_PAWNSTRUCTURE:0.5565549327089838
C_PIECECOORDINATION:0.5726966305992744
C_ROOKANDPAWNMOVEMENT:0.5726966305992744
C_CENTERCONTROL:0.5147140926649106
C_DEVELOPPIECES:0.5528173797779841
C_MATERIAL:0.6828983766046607
