ELO:1000
CE_PASSEDPAWNS:0.46796986636912785
CE_PAWNWEAKNESSES:0.4692602437867015
CE_PIECEACTIVITY:0.5027504569339094
CE_KINGPAWNSHIELD:0.5011623986589558
CE_PIECECOORDINATION:0.4900053241074262
CE_MATERIAL:0.5177846163312518
CE_KINGSAFETY:0.5365652514190332
C_PIECESQUARETABLES:0.5209718813209843
C_MOBILITY:0.49551685765957093
C_KINGSAFETY:0.49664525098377493
C_PAWNSTRUCTURE:0.5547972712781734
C_PIECECOORDINATION:0.4986589439747994
C_ROOKANDPAWNMOVEMENT:0.4986589439747994
C_CENTERCONTROL:0.545482567889581
C_DEVELOPPIECES:0.44750983491568147
C_MATERIAL:0.5524068271919156
