ELO:845
CE_PASSEDPAWNS:0.5027127994059318
CE_PAWNWEAKNESSES:0.46247028127650763
CE_PIECEACTIVITY:0.5600811596725475
CE_KINGPAWNSHIELD:0.5143832000488353
CE_PIECECOORDINATION:0.4728748007651843
CE_MATERIAL:0.40236221205916006
CE_KINGSAFETY:0.4491035411767622
C_PIECESQUARETABLES:0.5156987992097465
C_MOBILITY:0.43025198297931827
C_KINGSAFETY:0.43513174271461796
C_PAWNSTRUCTURE:0.45223320566474606
C_PIECECOORDINATION:0.5355966126771102
C_ROOKANDPAWNMOVEMENT:0.5355966126771102
C_CENTERCONTROL:0.4640057382244588
C_DEVELOPPIECES:0.4929834126420021
C_MATERIAL:0.4776199739535923
C_MOVECOUNT:0.5277449888252935
