ELO:574
CE_PASSEDPAWNS:0.4775072467231527
CE_PAWNWEAKNESSES:0.5011780106363155
CE_PIECEACTIVITY:0.5695340962384634
CE_KINGPAWNSHIELD:0.5721336306625835
CE_PIECECOORDINATION:0.4714484815190555
CE_MATERIAL:0.5159972133540562
CE_KINGSAFETY:0.5261712198119202
C_PIECESQUARETABLES:0.4959049727518832
C_MOBILITY:0.5087112936549396
C_KINGSAFETY:0.5282544769129451
C_PAWNSTRUCTURE:0.48115046271838485
C_PIECECOORDINATION:0.4740090149504159
C_ROOKANDPAWNMOVEMENT:0.4740090149504159
C_CENTERCONTROL:0.36539211707302716
C_DEVELOPPIECES:0.41279443178520253
C_MATERIAL:0.590661073186582
C_MOVECOUNT:0.5040353865768908
