ELO:914
CE_PASSEDPAWNS:0.4543681808577713
CE_PAWNWEAKNESSES:0.45255895033560223
CE_PIECEACTIVITY:0.5187938858387965
CE_KINGPAWNSHIELD:0.4975311854188137
CE_PIECECOORDINATION:0.5636398876486314
CE_MATERIAL:0.45120916812394185
CE_KINGSAFETY:0.5
C_PIECESQUARETABLES:0.5
C_MOBILITY:0.3979143739541896
C_KINGSAFETY:0.505196597134411
C_PAWNSTRUCTURE:0.3708886237608209
C_PIECECOORDINATION:0.5140223956946909
C_ROOKANDPAWNMOVEMENT:0.5140223956946909
C_CENTERCONTROL:0.5238027868400249
C_DEVELOPPIECES:0.5423515696642097
C_MATERIAL:0.4591517965921771
