ELO:966
CE_PASSEDPAWNS:0.510073788580602
CE_PAWNWEAKNESSES:0.38011259072132686
CE_PIECEACTIVITY:0.4589729171228153
CE_KINGPAWNSHIELD:0.5030652325592196
CE_PIECECOORDINATION:0.5008386904173997
CE_MATERIAL:0.5465395528080007
CE_KINGSAFETY:0.5144382132269818
C_PIECESQUARETABLES:0.4994143434623569
C_MOBILITY:0.47742022588705124
C_KINGSAFETY:0.5199419629910246
C_PAWNSTRUCTURE:0.5790034414986803
C_PIECECOORDINATION:0.47896193644414436
C_ROOKANDPAWNMOVEMENT:0.47896193644414436
C_CENTERCONTROL:0.5801837336023256
C_DEVELOPPIECES:0.47423458466728624
C_MATERIAL:0.49967602273160433
