ELO:1046
CE_PASSEDPAWNS:0.5584887331999747
CE_PAWNWEAKNESSES:0.5798076690802525
CE_PIECEACTIVITY:0.418382103856331
CE_KINGPAWNSHIELD:0.5059107812058562
CE_PIECECOORDINATION:0.4544905867870044
CE_MATERIAL:0.4203424929007685
CE_KINGSAFETY:0.5231264295797825
C_PIECESQUARETABLES:0.5063931252814957
C_MOBILITY:0.34126506695706066
C_KINGSAFETY:0.409592595431232
C_PAWNSTRUCTURE:0.5856011251182521
C_PIECECOORDINATION:0.5309997000931439
C_ROOKANDPAWNMOVEMENT:0.5309997000931439
C_CENTERCONTROL:0.5999417025986301
C_DEVELOPPIECES:0.48891283835257365
C_MATERIAL:0.6243745660766857
