ELO:893
CE_PASSEDPAWNS:0.5410151027656092
CE_PAWNWEAKNESSES:0.3871381237330767
CE_PIECEACTIVITY:0.544713317415054
CE_KINGPAWNSHIELD:0.45773486952771236
CE_PIECECOORDINATION:0.4809539529753575
CE_MATERIAL:0.2593113383074579
CE_KINGSAFETY:0.5043472839925841
C_PIECESQUARETABLES:0.5111631626919232
C_MOBILITY:0.4345495289176186
C_KINGSAFETY:0.4157163299363416
C_PAWNSTRUCTURE:0.5543685884167908
C_PIECECOORDINATION:0.5812374491332517
C_ROOKANDPAWNMOVEMENT:0.5812374491332517
C_CENTERCONTROL:0.51950039725674
C_DEVELOPPIECES:0.3895438187235959
C_MATERIAL:0.4378786694560394
