ELO:1020
CE_PASSEDPAWNS:0.4971574479092146
CE_PAWNWEAKNESSES:0.5049024437015641
CE_PIECEACTIVITY:0.5
CE_KINGPAWNSHIELD:0.5143704068076096
CE_PIECECOORDINATION:0.4829386164179933
CE_MATERIAL:0.491688915100474
CE_KINGSAFETY:0.4922728178031414
C_PIECESQUARETABLES:0.5006581097959111
C_MOBILITY:0.4979186141147519
C_KINGSAFETY:0.50700845573482
C_PAWNSTRUCTURE:0.5
C_PIECECOORDINATION:0.48623895308012566
C_ROOKANDPAWNMOVEMENT:0.48623895308012566
C_CENTERCONTROL:0.4779917360986111
C_DEVELOPPIECES:0.46831755653945245
C_MATERIAL:0.485596203003938
C_MOVECOUNT:0.5
