ELO:912
CE_PASSEDPAWNS:0.49394274267654636
CE_PAWNWEAKNESSES:0.507898002881055
CE_PIECEACTIVITY:0.5023140642651761
CE_KINGPAWNSHIELD:0.5194229465275884
CE_PIECECOORDINATION:0.5107406412303044
CE_MATERIAL:0.5400459655328737
CE_KINGSAFETY:0.46967386765829905
C_PIECESQUARETABLES:0.5024408938737178
C_MOBILITY:0.5062218897683904
C_KINGSAFETY:0.47601382011539667
C_PAWNSTRUCTURE:0.4983431238737639
C_PIECECOORDINATION:0.5113368600897195
C_ROOKANDPAWNMOVEMENT:0.5113368600897195
C_CENTERCONTROL:0.494744674593128
C_DEVELOPPIECES:0.5047994097956447
C_MATERIAL:0.5128503910076332
C_MOVECOUNT:0.5
