ELO:1028
CE_PASSEDPAWNS:0.46912368220462763
CE_PAWNWEAKNESSES:0.4322831954427102
CE_PIECEACTIVITY:0.5014024689092036
CE_KINGPAWNSHIELD:0.5
CE_PIECECOORDINATION:0.4884794681511955
CE_MATERIAL:0.5120638905358635
CE_KINGSAFETY:0.5001459941088592
C_PIECESQUARETABLES:0.5032189154387229
C_MOBILITY:0.5129523464022415
C_KINGSAFETY:0.4809400768300177
C_PAWNSTRUCTURE:0.5
C_PIECECOORDINATION:0.4971881177629234
C_ROOKANDPAWNMOVEMENT:0.4971881177629234
C_CENTERCONTROL:0.494133993181485
C_DEVELOPPIECES:0.48850581755607086
C_MATERIAL:0.49203509256482936
C_MOVECOUNT:0.5
