ELO:1125
CE_PASSEDPAWNS:0.40704465353323754
CE_PAWNWEAKNESSES:0.544783945068481
CE_PIECEACTIVITY:0.5124326510190258
CE_KINGPAWNSHIELD:0.6138937954820618
CE_PIECECOORDINATION:0.4402365024653974
CE_MATERIAL:0.39430442775006774
CE_KINGSAFETY:0.4968008462590692
C_PIECESQUARETABLES:0.47662201803696597
C_MOBILITY:0.4928685459006583
C_KINGSAFETY:0.47296781239875824
C_PAWNSTRUCTURE:0.5202877171176898
C_PIECECOORDINATION:0.524860779964441
C_ROOKANDPAWNMOVEMENT:0.524860779964441
C_CENTERCONTROL:0.5609663415759942
C_DEVELOPPIECES:0.5334889195916219
C_MATERIAL:0.6761976091142322
