ELO:951
CE_PASSEDPAWNS:0.5161086011803347
CE_PAWNWEAKNESSES:0.38003145589137644
CE_PIECEACTIVITY:0.43652577287916067
CE_KINGPAWNSHIELD:0.47331319725267873
CE_PIECECOORDINATION:0.5280540302437746
CE_MATERIAL:0.5147124279519316
CE_KINGSAFETY:0.5229170266796764
C_PIECESQUARETABLES:0.49313704250388896
C_MOBILITY:0.41844158531114245
C_KINGSAFETY:0.5104693416093972
C_PAWNSTRUCTURE:0.5448541508139351
C_PIECECOORDINATION:0.4529756328461782
C_ROOKANDPAWNMOVEMENT:0.4529756328461782
C_CENTERCONTROL:0.6040887768844108
C_DEVELOPPIECES:0.48960855589961555
C_MATERIAL:0.504187742618368
