ELO:1000
CE_PASSEDPAWNS:0.5
CE_PAWNWEAKNESSES:0.5
CE_PIECEACTIVITY:0.5
CE_KINGPAWNSHIELD:0.5092099214266319
CE_PIECECOORDINATION:0.5
CE_MATERIAL:0.5
CE_KINGSAFETY:0.5
C_PIECESQUARETABLES:0.5
C_MOBILITY:0.4997736291534222
C_KINGSAFETY:0.5
C_PAWNSTRUCTURE:0.5
C_PIECECOORDINATION:0.48995773734460807
C_ROOK:0.5
CE_ROOK:0.5029250710173876
C_CENTERCONTROL:0.4954474576198316
C_DEVELOPPIECES:0.5
C_MATERIAL:0.49423775583087504
C_MOVECOUNT:0.5
C_PAWNMOVEMENT:0.5064542115301127
