ELO:972
CE_PASSEDPAWNS:0.48073367987805404
CE_PAWNWEAKNESSES:0.4973090626287049
CE_PIECEACTIVITY:0.4969706395250994
CE_KINGPAWNSHIELD:0.4834577054643252
CE_PIECECOORDINATION:0.4916421590211815
CE_MATERIAL:0.510841519156441
CE_KINGSAFETY:0.5
C_PIECESQUARETABLES:0.48320809142686066
C_MOBILITY:0.4806509034314641
C_KINGSAFETY:0.5250488346648706
C_PAWNSTRUCTURE:0.4476435554259794
C_PIECECOORDINATION:0.4958311014420041
C_ROOK:0.4865692178941024
CE_ROOK:0.5082953514088957
C_CENTERCONTROL:0.46600168748633897
C_DEVELOPPIECES:0.48407068202448683
C_MATERIAL:0.5299500952104638
C_MOVECOUNT:0.5166162177106635
C_PAWNMOVEMENT:0.5144213143065886
