ELO:1031
CE_PASSEDPAWNS:0.4585932892608227
CE_PAWNWEAKNESSES:0.5513869754291566
CE_PIECEACTIVITY:0.42506633836760355
CE_KINGPAWNSHIELD:0.4628065437446107
CE_PIECECOORDINATION:0.5463263869110682
CE_MATERIAL:0.4879868932312145
CE_KINGSAFETY:0.4690414430179343
C_PIECESQUARETABLES:0.5
C_MOBILITY:0.5339417710204867
C_KINGSAFETY:0.3511563187462361
C_PAWNSTRUCTURE:0.5669648723719483
C_PIECECOORDINATION:0.5408113181649312
C_ROOKANDPAWNMOVEMENT:0.5408113181649312
C_CENTERCONTROL:0.4950490982955516
C_DEVELOPPIECES:0.43576792826051747
C_MATERIAL:0.5176201651983812
