ELO:951
CE_PASSEDPAWNS:0.46328657174083987
CE_PAWNWEAKNESSES:0.5033661071117272
CE_PIECEACTIVITY:0.48765322564893276
CE_KINGPAWNSHIELD:0.47819612110212895
CE_PIECECOORDINATION:0.5024186275752901
CE_MATERIAL:0.4934308367812878
CE_KINGSAFETY:0.5
C_PIECESQUARETABLES:0.5087743700859612
C_MOBILITY:0.5213549655395504
C_KINGSAFETY:0.5190518580441975
C_PAWNSTRUCTURE:0.5152298648898509
C_PIECECOORDINATION:0.5149551875463272
C_ROOKANDPAWNMOVEMENT:0.5149551875463272
C_CENTERCONTROL:0.492545722850521
C_DEVELOPPIECES:0.4999874723017704
C_MATERIAL:0.4985833635244311
C_MOVECOUNT:0.5
