ELO:950
CE_PASSEDPAWNS:0.5272370197686425
CE_PAWNWEAKNESSES:0.38764270508717075
CE_PIECEACTIVITY:0.4553685086038761
CE_KINGPAWNSHIELD:0.48221593329774454
CE_PIECECOORDINATION:0.5280540302437746
CE_MATERIAL:0.5147124279519316
CE_KINGSAFETY:0.5197381692834429
C_PIECESQUARETABLES:0.49313704250388896
C_MOBILITY:0.41844158531114245
C_KINGSAFETY:0.5104693416093972
C_PAWNSTRUCTURE:0.5441919489983852
C_PIECECOORDINATION:0.46267071717098257
C_ROOKANDPAWNMOVEMENT:0.46267071717098257
C_CENTERCONTROL:0.6125149593338315
C_DEVELOPPIECES:0.49418195075152044
C_MATERIAL:0.4937015007318716
