ELO:1161
CE_PASSEDPAWNS:0.405484255145064
CE_PAWNWEAKNESSES:0.5956871393539003
CE_PIECEACTIVITY:0.44028113545774944
CE_KINGPAWNSHIELD:0.48462237388668
CE_PIECECOORDINATION:0.4873020158659769
CE_MATERIAL:0.4616417505080219
CE_KINGSAFETY:0.5
C_PIECESQUARETABLES:0.5
C_MOBILITY:0.4410223019042261
C_KINGSAFETY:0.3556410267781085
C_PAWNSTRUCTURE:0.6059616060781821
C_PIECECOORDINATION:0.5726966305992744
C_ROOKANDPAWNMOVEMENT:0.5726966305992744
C_CENTERCONTROL:0.5250617028753457
C_DEVELOPPIECES:0.5684118937704338
C_MATERIAL:0.6320895787071104
