ELO:976
CE_PASSEDPAWNS:0.5310748388635699
CE_PAWNWEAKNESSES:0.3910830664808997
CE_PIECEACTIVITY:0.4637662800299417
CE_KINGPAWNSHIELD:0.48812844481579476
CE_PIECECOORDINATION:0.4784616147598957
CE_MATERIAL:0.5373728939203165
CE_KINGSAFETY:0.5274245967903125
C_PIECESQUARETABLES:0.49004542127478573
C_MOBILITY:0.4661738654197136
C_KINGSAFETY:0.5444582034119697
C_PAWNSTRUCTURE:0.5319582128083429
C_PIECECOORDINATION:0.45171966307857986
C_ROOKANDPAWNMOVEMENT:0.45171966307857986
C_CENTERCONTROL:0.552291599577285
C_DEVELOPPIECES:0.46863946041340176
C_MATERIAL:0.4608859814530731
