ELO:985
CE_PASSEDPAWNS:0.4968464804639818
CE_PAWNWEAKNESSES:0.5094715295591574
CE_PIECEACTIVITY:0.5081797257344063
CE_KINGPAWNSHIELD:0.5005931882991518
CE_PIECECOORDINATION:0.503851719368153
CE_MATERIAL:0.5135794806540275
CE_KINGSAFETY:0.5111117286334774
C_PIECESQUARETABLES:0.5
C_MOBILITY:0.49281505948214516
C_KINGSAFETY:0.5
C_PAWNSTRUCTURE:0.48538815424172627
C_PIECECOORDINATION:0.5072327458946981
C_ROOK:0.49172590682788275
CE_ROOK:0.4933263855981998
C_CENTERCONTROL:0.49630565420841727
C_DEVELOPPIECES:0.49656800604048734
C_MATERIAL:0.49475163089340646
C_MOVECOUNT:0.506553814759506
C_PAWNMOVEMENT:0.4865842192678005
