ELO:994
CE_PASSEDPAWNS:0.4886130537434609
CE_PAWNWEAKNESSES:0.5185327255447921
CE_PIECEACTIVITY:0.4929577222569914
CE_KINGPAWNSHIELD:0.4840265659819598
CE_PIECECOORDINATION:0.5008825582520388
CE_MATERIAL:0.5156865721366697
CE_KINGSAFETY:0.5
C_PIECESQUARETABLES:0.5
C_MOBILITY:0.49281505948214516
C_KINGSAFETY:0.5087424857288685
C_PAWNSTRUCTURE:0.4677298419085439
C_PIECECOORDINATION:0.4988175590417899
C_ROOK:0.47954652892394145
CE_ROOK:0.502013150329888
C_CENTERCONTROL:0.47349498978086346
C_DEVELOPPIECES:0.484359004165427
C_MATERIAL:0.4956387291806707
C_MOVECOUNT:0.5042554077281337
C_PAWNMOVEMENT:0.497212873222364
