ELO:923
CE_PASSEDPAWNS:0.5416184611518479
CE_PAWNWEAKNESSES:0.43230269079222355
CE_PIECEACTIVITY:0.4648973614093104
CE_KINGPAWNSHIELD:0.5210933632303186
CE_PIECECOORDINATION:0.566182446959788
CE_MATERIAL:0.4522990067916588
CE_KINGSAFETY:0.5
C_PIECESQUARETABLES:0.5
C_MOBILITY:0.4868000351050136
C_KINGSAFETY:0.5597649237207298
C_PAWNSTRUCTURE:0.42741289766622836
C_PIECECOORDINATION:0.5866455070939013
C_ROOKANDPAWNMOVEMENT:0.5866455070939013
C_CENTERCONTROL:0.603714504857027
C_DEVELOPPIECES:0.4358656867140376
C_MATERIAL:0.6385064135175561
