ELO:983
CE_PASSEDPAWNS:0.4844117472809985
CE_PAWNWEAKNESSES:0.4138202597266274
CE_PIECEACTIVITY:0.48445671306459775
CE_KINGPAWNSHIELD:0.43728043896372887
CE_PIECECOORDINATION:0.4892067353213701
CE_MATERIAL:0.3131621027060425
CE_KINGSAFETY:0.4645834117734717
C_PIECESQUARETABLES:0.4696859792125738
C_MOBILITY:0.4448258619956931
C_KINGSAFETY:0.3782568269435431
C_PAWNSTRUCTURE:0.5250096191996365
C_PIECECOORDINATION:0.5786139061355623
C_ROOKANDPAWNMOVEMENT:0.5786139061355623
C_CENTERCONTROL:0.5476552213351756
C_DEVELOPPIECES:0.43144752065580866
C_MATERIAL:0.48035330135851817
