ELO:982
CE_PASSEDPAWNS:0.5101406632317875
CE_PAWNWEAKNESSES:0.5319670117560773
CE_PIECEACTIVITY:0.48598769915721335
CE_KINGPAWNSHIELD:0.5572003795764335
CE_PIECECOORDINATION:0.4073481356949236
CE_MATERIAL:0.4916310381319203
CE_KINGSAFETY:0.5
C_PIECESQUARETABLES:0.5008101615837541
C_MOBILITY:0.42907113233121164
C_KINGSAFETY:0.4856725485314289
C_PAWNSTRUCTURE:0.5077485754869963
C_PIECECOORDINATION:0.5184820272414
C_ROOK:0.5098791407352947
CE_ROOK:0.514665955239416
C_CENTERCONTROL:0.47088435232152626
C_DEVELOPPIECES:0.5414890211561713
C_MATERIAL:0.5009618165342195
C_MOVECOUNT:0.4651295600714667
C_PAWNMOVEMENT:0.5056353683269922
