ELO:867
CE_PASSEDPAWNS:0.5199447522126994
CE_PAWNWEAKNESSES:0.3655944174407919
CE_PIECEACTIVITY:0.5243372354489603
CE_KINGPAWNSHIELD:0.4554557289897248
CE_PIECECOORDINATION:0.5035329131760036
CE_MATERIAL:0.2567051205450684
CE_KINGSAFETY:0.47462303094714575
C_PIECESQUARETABLES:0.5199673562009305
C_MOBILITY:0.414004663502478
C_KINGSAFETY:0.4189244130936125
C_PAWNSTRUCTURE:0.5426181762872088
C_PIECECOORDINATION:0.5843553846741699
C_ROOKANDPAWNMOVEMENT:0.5843553846741699
C_CENTERCONTROL:0.5003512262979387
C_DEVELOPPIECES:0.3905131979749468
C_MATERIAL:0.4015100272837585
