ELO:1262
CE_PASSEDPAWNS:0.43431025925990174
CE_PAWNWEAKNESSES:0.6118676375864667
CE_PIECEACTIVITY:0.4470630249040625
CE_KINGPAWNSHIELD:0.4581166866071552
CE_PIECECOORDINATION:0.49864366603685284
CE_MATERIAL:0.3619196062827428
CE_KINGSAFETY:0.5101711538112019
C_PIECESQUARETABLES:0.48942768669738246
C_MOBILITY:0.3716594832402479
C_KINGSAFETY:0.35557480878985126
C_PAWNSTRUCTURE:0.6167662320811875
C_PIECECOORDINATION:0.5780803163293589
C_ROOKANDPAWNMOVEMENT:0.5780803163293589
C_CENTERCONTROL:0.49941516474630016
C_DEVELOPPIECES:0.44786742023894355
C_MATERIAL:0.5618289879984053
