ELO:1062
CE_PASSEDPAWNS:0.4271339491974158
CE_PAWNWEAKNESSES:0.5915994779852465
CE_PIECEACTIVITY:0.4342753515086702
CE_KINGPAWNSHIELD:0.5148226189663659
CE_PIECECOORDINATION:0.5633060168617502
CE_MATERIAL:0.4917309885233993
CE_KINGSAFETY:0.48017971412311355
C_PIECESQUARETABLES:0.5
C_MOBILITY:0.3621911048225555
C_KINGSAFETY:0.3612025180063923
C_PAWNSTRUCTURE:0.6107924151544044
C_PIECECOORDINATION:0.5940188455568061
C_ROOKANDPAWNMOVEMENT:0.5940188455568061
C_CENTERCONTROL:0.5147140926649106
C_DEVELOPPIECES:0.4763303950629413
C_MATERIAL:0.5627418685303461
