ELO:886
CE_PASSEDPAWNS:0.5412737083059159
CE_PAWNWEAKNESSES:0.5470089796103679
CE_PIECEACTIVITY:0.4319484851517548
CE_KINGPAWNSHIELD:0.5410628350501845
CE_PIECECOORDINATION:0.5886778655360337
CE_MATERIAL:0.5358607354136987
CE_KINGSAFETY:0.5106928954366422
C_PIECESQUARETABLES:0.4728259266285307
C_MOBILITY:0.34714624258482935
C_KINGSAFETY:0.5529636384718873
C_PAWNSTRUCTURE:0.47293066859863087
C_PIECECOORDINATION:0.5018960785266645
C_ROOKANDPAWNMOVEMENT:0.5018960785266645
C_CENTERCONTROL:0.46073770378669393
C_DEVELOPPIECES:0.4385680786695096
C_MATERIAL:0.530358911032001
C_MOVECOUNT:0.47398212391731426
