ELO:1260
CE_PASSEDPAWNS:0.40284453885677524
CE_PAWNWEAKNESSES:0.5795836939355303
CE_PIECEACTIVITY:0.44028113545774944
CE_KINGPAWNSHIELD:0.4652486043048658
CE_PIECECOORDINATION:0.5245974958184386
CE_MATERIAL:0.396596065925367
CE_KINGSAFETY:0.5
C_PIECESQUARETABLES:0.5
C_MOBILITY:0.3621911048225555
C_KINGSAFETY:0.41496517016321266
C_PAWNSTRUCTURE:0.5213888758850086
C_PIECECOORDINATION:0.5740443386182634
C_ROOKANDPAWNMOVEMENT:0.5740443386182634
C_CENTERCONTROL:0.47861697439238793
C_DEVELOPPIECES:0.4593697475404217
C_MATERIAL:0.5638506673996677
