ELO:619
CE_PASSEDPAWNS:0.48432025827419484
CE_PAWNWEAKNESSES:0.5415193016536011
CE_PIECEACTIVITY:0.5514058645052238
CE_KINGPAWNSHIELD:0.4975262113340742
CE_PIECECOORDINATION:0.5227582469270946
CE_MATERIAL:0.5909225435132017
CE_KINGSAFETY:0.43364662682891775
C_PIECESQUARETABLES:0.505850309952996
C_MOBILITY:0.5068703436042001
C_KINGSAFETY:0.523614743881092
C_PAWNSTRUCTURE:0.5265970419385736
C_PIECECOORDINATION:0.4573623253076681
C_ROOKANDPAWNMOVEMENT:0.4573623253076681
C_CENTERCONTROL:0.4163777259592601
C_DEVELOPPIECES:0.4694821245813223
C_MATERIAL:0.5382280451701575
C_MOVECOUNT:0.5
