ELO:965
CE_PASSEDPAWNS:0.5110196372096623
CE_PAWNWEAKNESSES:0.5026882584148924
CE_PIECEACTIVITY:0.4968658788180095
CE_KINGPAWNSHIELD:0.4737762595459046
CE_PIECECOORDINATION:0.49795378107237265
CE_MATERIAL:0.48561086033278567
CE_KINGSAFETY:0.5
C_PIECESQUARETABLES:0.5
C_MOBILITY:0.49457079253797437
C_KINGSAFETY:0.5100103784524921
C_PAWNSTRUCTURE:0.5263766161083524
C_PIECECOORDINATION:0.5123471469003492
C_ROOK:0.5250726917518113
CE_ROOK:0.49266408791332333
C_CENTERCONTROL:0.4813442861530496
C_DEVELOPPIECES:0.47770290067884724
C_MATERIAL:0.4804060235397108
C_MOVECOUNT:0.49138791883839517
C_PAWNMOVEMENT:0.5179892367790107
