ELO:1082
CE_PASSEDPAWNS:0.4197095893822424
CE_PAWNWEAKNESSES:0.5345279662215596
CE_PIECEACTIVITY:0.4134837075561627
CE_KINGPAWNSHIELD:0.4652486043048658
CE_PIECECOORDINATION:0.5326794059991441
CE_MATERIAL:0.535468753986263
CE_KINGSAFETY:0.5
C_PIECESQUARETABLES:0.5
C_MOBILITY:0.4775985995231743
C_KINGSAFETY:0.3948765310991503
C_PAWNSTRUCTURE:0.5265605361002453
C_PIECECOORDINATION:0.5827958732663536
C_ROOKANDPAWNMOVEMENT:0.5827958732663536
C_CENTERCONTROL:0.5040604191381173
C_DEVELOPPIECES:0.4763303950629413
C_MATERIAL:0.624181433609084
