ELO:1000
CE_PASSEDPAWNS:0.5089626676387956
CE_PAWNWEAKNESSES:0.48652219006043
CE_PIECEACTIVITY:0.5100098179918308
CE_KINGPAWNSHIELD:0.4993455561595263
CE_PIECECOORDINATION:0.5
CE_MATERIAL:0.4902147080049114
CE_KINGSAFETY:0.5029976610533631
C_PIECESQUARETABLES:0.5
C_MOBILITY:0.5
C_KINGSAFETY:0.49881753845363863
C_PAWNSTRUCTURE:0.5
C_PIECECOORDINATION:0.5068079358679203
C_ROOKANDPAWNMOVEMENT:0.5068079358679203
C_CENTERCONTROL:0.5
C_DEVELOPPIECES:0.5
C_MATERIAL:0.5077124798358009
