ELO:981
CE_PASSEDPAWNS:0.5060005693272602
CE_PAWNWEAKNESSES:0.4295665578966041
CE_PIECEACTIVITY:0.46484103605905086
CE_KINGPAWNSHIELD:0.5608273393429056
CE_PIECECOORDINATION:0.40681725724484924
CE_MATERIAL:0.4881742283712939
CE_KINGSAFETY:0.494946284335598
C_PIECESQUARETABLES:0.5
C_MOBILITY:0.540197758715968
C_KINGSAFETY:0.533500781791293
C_PAWNSTRUCTURE:0.5605462498587135
C_PIECECOORDINATION:0.5073608033854478
C_ROOKANDPAWNMOVEMENT:0.5073608033854478
C_CENTERCONTROL:0.41830366263741253
C_DEVELOPPIECES:0.4388467646932984
C_MATERIAL:0.5274024994061333
