ELO:1016
CE_PASSEDPAWNS:0.5032883426574508
CE_PAWNWEAKNESSES:0.5361701749825959
CE_PIECEACTIVITY:0.4388880471533591
CE_KINGPAWNSHIELD:0.5530832519715848
CE_PIECECOORDINATION:0.4607364017660297
CE_MATERIAL:0.49432749557175265
CE_KINGSAFETY:0.5
C_PIECESQUARETABLES:0.4931516119933211
C_MOBILITY:0.553403687094531
C_KINGSAFETY:0.5659016731315514
C_PAWNSTRUCTURE:0.5526433004893921
C_PIECECOORDINATION:0.6372305379108546
C_ROOKANDPAWNMOVEMENT:0.6372305379108546
C_CENTERCONTROL:0.5646977735784506
C_DEVELOPPIECES:0.47255784743792706
C_MATERIAL:0.4457238829181914
