ELO:1083
CE_PASSEDPAWNS:0.44677111992380697
CE_PAWNWEAKNESSES:0.5970120854627878
CE_PIECEACTIVITY:0.49609172222505954
CE_KINGPAWNSHIELD:0.43355413596657416
CE_PIECECOORDINATION:0.5329091101501285
CE_MATERIAL:0.405344375571563
CE_KINGSAFETY:0.4888328855581276
C_PIECESQUARETABLES:0.504687046190331
C_MOBILITY:0.41932718951203024
C_KINGSAFETY:0.6458398297082338
C_PAWNSTRUCTURE:0.4359366835058449
C_PIECECOORDINATION:0.46609164946719395
C_ROOKANDPAWNMOVEMENT:0.46609164946719395
C_CENTERCONTROL:0.5916556751746048
C_DEVELOPPIECES:0.5206344037291925
C_MATERIAL:0.39000598634635814
