ELO:959
CE_PASSEDPAWNS:0.4798698725817944
CE_PAWNWEAKNESSES:0.47461079610891355
CE_PIECEACTIVITY:0.5057774293767618
CE_KINGPAWNSHIELD:0.4805418376319106
CE_PIECECOORDINATION:0.4892654584109196
CE_MATERIAL:0.4787180282265558
CE_KINGSAFETY:0.5033980097391677
C_PIECESQUARETABLES:0.5195788956160067
C_MOBILITY:0.4884013706565945
C_KINGSAFETY:0.5261682757372655
C_PAWNSTRUCTURE:0.47308515797897754
C_PIECECOORDINATION:0.4926094853811894
C_ROOKANDPAWNMOVEMENT:0.4926094853811894
C_CENTERCONTROL:0.5001914946443464
C_DEVELOPPIECES:0.4905385242014539
C_MATERIAL:0.5005461838843013
C_MOVECOUNT:0.5067342002191535
