ELO:979
CE_PASSEDPAWNS:0.4733652475122071
CE_PAWNWEAKNESSES:0.4986888933874725
CE_PIECEACTIVITY:0.5141684451165068
CE_KINGPAWNSHIELD:0.49614520500611375
CE_PIECECOORDINATION:0.47893757178587615
CE_MATERIAL:0.5052189511556382
CE_KINGSAFETY:0.4969618809153612
C_PIECESQUARETABLES:0.5024727083632865
C_MOBILITY:0.5065384818120214
C_KINGSAFETY:0.5016416282605828
C_PAWNSTRUCTURE:0.5241475481163113
C_PIECECOORDINATION:0.5111204839647118
C_ROOKANDPAWNMOVEMENT:0.5111204839647118
C_CENTERCONTROL:0.5146105914949136
C_DEVELOPPIECES:0.49252025796591237
C_MATERIAL:0.5194368050395568
C_MOVECOUNT:0.5
