ELO:987
CE_PASSEDPAWNS:0.5126508096362936
CE_PAWNWEAKNESSES:0.5092416854766985
CE_PIECEACTIVITY:0.5004942887843029
CE_KINGPAWNSHIELD:0.5094158825947488
CE_PIECECOORDINATION:0.5146559868730756
CE_MATERIAL:0.4931067300713389
CE_KINGSAFETY:0.5091997467014737
C_PIECESQUARETABLES:0.5084335676277683
C_MOBILITY:0.5051353872569587
C_KINGSAFETY:0.48461396458620665
C_PAWNSTRUCTURE:0.5026133844072597
C_PIECECOORDINATION:0.5066616089508761
C_ROOK:0.48985535209349396
CE_ROOK:0.5141812580246151
C_CENTERCONTROL:0.5105310515754758
C_DEVELOPPIECES:0.49747096272786395
C_MATERIAL:0.4840448033270534
C_MOVECOUNT:0.5209555814364392
C_PAWNMOVEMENT:0.5078811115234806
