ELO:970
CE_PASSEDPAWNS:0.4941086798987965
CE_PAWNWEAKNESSES:0.51893871953969
CE_PIECEACTIVITY:0.4901944923817655
CE_KINGPAWNSHIELD:0.5010045636981542
CE_PIECECOORDINATION:0.5013810093039961
CE_MATERIAL:0.5013078233408402
CE_KINGSAFETY:0.4839823106938215
C_PIECESQUARETABLES:0.49543472747067907
C_MOBILITY:0.4776329441980328
C_KINGSAFETY:0.5033658189600451
C_PAWNSTRUCTURE:0.4960685740266773
C_PIECECOORDINATION:0.49886138511036926
C_ROOKANDPAWNMOVEMENT:0.49886138511036926
C_CENTERCONTROL:0.5174202707205605
C_DEVELOPPIECES:0.49881090831039326
C_MATERIAL:0.5066242583222789
C_MOVECOUNT:0.5051214697761391
