ELO:849
CE_PASSEDPAWNS:0.5398065935431077
CE_PAWNWEAKNESSES:0.524955924087891
CE_PIECEACTIVITY:0.5928830408779117
CE_KINGPAWNSHIELD:0.5626609395676537
CE_PIECECOORDINATION:0.4747282026381128
CE_MATERIAL:0.50293402065164
CE_KINGSAFETY:0.4809077505967626
C_PIECESQUARETABLES:0.5023458864659194
C_MOBILITY:0.5386829457221879
C_KINGSAFETY:0.5122544355055744
C_PAWNSTRUCTURE:0.4674788637414599
C_PIECECOORDINATION:0.531992497649148
C_ROOKANDPAWNMOVEMENT:0.531992497649148
C_CENTERCONTROL:0.4696304356779394
C_DEVELOPPIECES:0.6271927674162459
C_MATERIAL:0.4896919840678886
