ELO:1000
CE_PASSEDPAWNS:0.5263337086375268
CE_PAWNWEAKNESSES:0.4598677065658899
CE_PIECEACTIVITY:0.48249078946388985
CE_KINGPAWNSHIELD:0.4794829390954964
CE_PIECECOORDINATION:0.4903722879928192
CE_MATERIAL:0.4680695293560259
CE_KINGSAFETY:0.4906294846836315
C_PIECESQUARETABLES:0.4808141526614593
C_MOBILITY:0.5352621879536789
C_KINGSAFETY:0.48633889189996793
C_PAWNSTRUCTURE:0.4834855052388764
C_PIECECOORDINATION:0.46505933528933235
C_ROOKANDPAWNMOVEMENT:0.46505933528933235
C_CENTERCONTROL:0.36257103680414343
C_DEVELOPPIECES:0.4640635102954977
C_MATERIAL:0.46389862116103203
