ELO:1000
CE_PASSEDPAWNS:0.5052744756757621
CE_PAWNWEAKNESSES:0.45358563055440365
CE_PIECEACTIVITY:0.525333598098455
CE_KINGPAWNSHIELD:0.5343581789063774
CE_PIECECOORDINATION:0.4669124845178934
CE_MATERIAL:0.506747000133712
CE_KINGSAFETY:0.49259328944359415
C_PIECESQUARETABLES:0.4608902823987542
C_MOBILITY:0.4797061922649033
C_KINGSAFETY:0.48180192011531625
C_PAWNSTRUCTURE:0.4940462668801124
C_PIECECOORDINATION:0.5069897527049181
C_ROOKANDPAWNMOVEMENT:0.5069897527049181
C_CENTERCONTROL:0.492342207601603
C_DEVELOPPIECES:0.4949190745428584
C_MATERIAL:0.5195441608767969
