ELO:979
CE_PASSEDPAWNS:0.5148741466117702
CE_PAWNWEAKNESSES:0.5084460772604443
CE_PIECEACTIVITY:0.49357150996274374
CE_KINGPAWNSHIELD:0.5269020518416624
CE_PIECECOORDINATION:0.520512080371879
CE_MATERIAL:0.4832764272738817
CE_KINGSAFETY:0.4696957250065266
C_PIECESQUARETABLES:0.5
C_MOBILITY:0.4858590413957327
C_KINGSAFETY:0.4959109281930324
C_PAWNSTRUCTURE:0.4726164125808313
C_PIECECOORDINATION:0.4516818661677615
C_ROOKANDPAWNMOVEMENT:0.4516818661677615
C_CENTERCONTROL:0.5121563537941975
C_DEVELOPPIECES:0.49432221747971156
C_MATERIAL:0.4320836335620464
C_MOVECOUNT:0.5
