ELO:1007
CE_PASSEDPAWNS:0.46374013499691974
CE_PAWNWEAKNESSES:0.484910452181392
CE_PIECEACTIVITY:0.5266236748628303
CE_KINGPAWNSHIELD:0.5205023568817633
CE_PIECECOORDINATION:0.5088690046138885
CE_MATERIAL:0.4714238126210707
CE_KINGSAFETY:0.5100049078904698
C_PIECESQUARETABLES:0.5022943889722967
C_MOBILITY:0.4936428727442346
C_KINGSAFETY:0.5033238579174952
C_PAWNSTRUCTURE:0.5014882851706232
C_PIECECOORDINATION:0.5400649505094918
C_ROOK:0.48415254403224206
CE_ROOK:0.48496254054254256
C_CENTERCONTROL:0.495851031150048
C_DEVELOPPIECES:0.5078115233640101
C_MATERIAL:0.49546414227688845
C_MOVECOUNT:0.4939637985479109
C_PAWNMOVEMENT:0.5018016738769266
