ELO:1000
CE_PASSEDPAWNS:0.49200109550118554
CE_PAWNWEAKNESSES:0.4777869844068294
CE_PIECEACTIVITY:0.5260390385012086
CE_KINGPAWNSHIELD:0.5091777993384949
CE_PIECECOORDINATION:0.4874860610352161
CE_MATERIAL:0.511150453145882
CE_KINGSAFETY:0.48818248438803147
C_PIECESQUARETABLES:0.4762281454370109
C_MOBILITY:0.49573703469259967
C_KINGSAFETY:0.4789144661671051
C_PAWNSTRUCTURE:0.5038806442670352
C_PIECECOORDINATION:0.5066595971807832
C_ROOKANDPAWNMOVEMENT:0.5066595971807832
C_CENTERCONTROL:0.48802562563074064
C_DEVELOPPIECES:0.5003637893375878
C_MATERIAL:0.5072238754065397
