ELO:946
CE_PASSEDPAWNS:0.4851289434910631
CE_PAWNWEAKNESSES:0.46086442171856556
CE_PIECEACTIVITY:0.49947067892769287
CE_KINGPAWNSHIELD:0.47446683939500967
CE_PIECECOORDINATION:0.5051496199167317
CE_MATERIAL:0.5699148294183358
CE_KINGSAFETY:0.4970197998088737
C_PIECESQUARETABLES:0.5
C_MOBILITY:0.5090428569928326
C_KINGSAFETY:0.5219717141548147
C_PAWNSTRUCTURE:0.5088857976053173
C_PIECECOORDINATION:0.3700029558353325
C_ROOKANDPAWNMOVEMENT:0.3700029558353325
C_CENTERCONTROL:0.5075629775793978
C_DEVELOPPIECES:0.4459092101776614
C_MATERIAL:0.4899336518238988
C_MOVECOUNT:0.5
