ELO:1018
CE_PASSEDPAWNS:0.4508642527389526
CE_PAWNWEAKNESSES:0.46204880840391716
CE_PIECEACTIVITY:0.463115082867528
CE_KINGPAWNSHIELD:0.5553020737014156
CE_PIECECOORDINATION:0.561937639512659
CE_MATERIAL:0.4719239821087548
CE_KINGSAFETY:0.5
C_PIECESQUARETABLES:0.49172491882899555
C_MOBILITY:0.5532790212724887
C_KINGSAFETY:0.5233636936785024
C_PAWNSTRUCTURE:0.48185847373790053
C_PIECECOORDINATION:0.4427599401228076
C_ROOKANDPAWNMOVEMENT:0.4427599401228076
C_CENTERCONTROL:0.4770669844922213
C_DEVELOPPIECES:0.4865477949278461
C_MATERIAL:0.5817227157962364
