ELO:912
CE_PASSEDPAWNS:0.44709031892062895
CE_PAWNWEAKNESSES:0.42093136374739804
CE_PIECEACTIVITY:0.4924303053098151
CE_KINGPAWNSHIELD:0.44960910194464
CE_PIECECOORDINATION:0.5248245601785315
CE_MATERIAL:0.5
CE_KINGSAFETY:0.5
C_PIECESQUARETABLES:0.5
C_MOBILITY:0.6203766461222339
C_KINGSAFETY:0.5
C_PAWNSTRUCTURE:0.49542459532696015
C_PIECECOORDINATION:0.5012753871039798
C_ROOKANDPAWNMOVEMENT:0.5012753871039798
C_CENTERCONTROL:0.5883083849579406
C_DEVELOPPIECES:0.5001468294795672
C_MATERIAL:0.5623271248643115
C_MOVECOUNT:0.5
