ELO:934
CE_PASSEDPAWNS:0.49271989053476817
CE_PAWNWEAKNESSES:0.5308806052502612
CE_PIECEACTIVITY:0.5087362691411602
CE_KINGPAWNSHIELD:0.48280035750235895
CE_PIECECOORDINATION:0.4634506597303189
CE_MATERIAL:0.5124745797203191
CE_KINGSAFETY:0.5127963268751949
C_PIECESQUARETABLES:0.5264216060513485
C_MOBILITY:0.48586551454082216
C_KINGSAFETY:0.5288526395557741
C_PAWNSTRUCTURE:0.5087453831509374
C_PIECECOORDINATION:0.48333108499000255
C_ROOKANDPAWNMOVEMENT:0.48333108499000255
C_CENTERCONTROL:0.5575230547656654
C_DEVELOPPIECES:0.4849828839145613
C_MATERIAL:0.5142863198397064
C_MOVECOUNT:0.5079693338662491
