ELO:877
CE_PASSEDPAWNS:0.5185017675200753
CE_PAWNWEAKNESSES:0.5085779346325203
CE_PIECEACTIVITY:0.4966878918175712
CE_KINGPAWNSHIELD:0.5097308481786086
CE_PIECECOORDINATION:0.4737529302256561
CE_MATERIAL:0.5145942580764602
CE_KINGSAFETY:0.4997831135740175
C_PIECESQUARETABLES:0.5064475080065095
C_MOBILITY:0.427131029797799
C_KINGSAFETY:0.5423338228310586
C_PAWNSTRUCTURE:0.510316367686981
C_PIECECOORDINATION:0.48413328694173413
C_ROOKANDPAWNMOVEMENT:0.48413328694173413
C_CENTERCONTROL:0.5732351830522504
C_DEVELOPPIECES:0.56690680241987
C_MATERIAL:0.5220905902975558
C_MOVECOUNT:0.5459627243144914
