ELO:1000
CE_PASSEDPAWNS:0.5362080759125393
CE_PAWNWEAKNESSES:0.46850355114689235
CE_PIECEACTIVITY:0.5189040794591623
CE_KINGPAWNSHIELD:0.5444450321121796
CE_PIECECOORDINATION:0.4877717941341604
CE_MATERIAL:0.4635965625549252
CE_KINGSAFETY:0.47430035106298535
C_PIECESQUARETABLES:0.4770775771224271
C_MOBILITY:0.5468428733404376
C_KINGSAFETY:0.529425133721869
C_PAWNSTRUCTURE:0.49513760518841904
C_PIECECOORDINATION:0.5035856388189348
C_ROOKANDPAWNMOVEMENT:0.5035856388189348
C_CENTERCONTROL:0.48402504240108085
C_DEVELOPPIECES:0.5488539218368942
C_MATERIAL:0.4799309909462272
