ELO:924
CE_PASSEDPAWNS:0.5033457438424169
CE_PAWNWEAKNESSES:0.5345448436889646
CE_PIECEACTIVITY:0.5409573553165711
CE_KINGPAWNSHIELD:0.6029539720171928
CE_PIECECOORDINATION:0.41681703430894157
CE_MATERIAL:0.5049031939818921
CE_KINGSAFETY:0.5
C_PIECESQUARETABLES:0.5
C_MOBILITY:0.43956995469148336
C_KINGSAFETY:0.47773930796390207
C_PAWNSTRUCTURE:0.42848456610419056
C_PIECECOORDINATION:0.49464651719760777
C_ROOKANDPAWNMOVEMENT:0.49464651719760777
C_CENTERCONTROL:0.5191910240225506
C_DEVELOPPIECES:0.46571331681958966
C_MATERIAL:0.36968952423992796
