ELO:992
CE_PASSEDPAWNS:0.5200827495367728
CE_PAWNWEAKNESSES:0.49127071991486265
CE_PIECEACTIVITY:0.4869079420425813
CE_KINGPAWNSHIELD:0.4821638276013704
CE_PIECECOORDINATION:0.5146556660273499
CE_MATERIAL:0.47471549401862834
CE_KINGSAFETY:0.5
C_PIECESQUARETABLES:0.5
C_MOBILITY:0.5139887119244537
C_KINGSAFETY:0.49646121310738495
C_PAWNSTRUCTURE:0.4969564328498859
C_PIECECOORDINATION:0.4886952504622602
C_ROOK:0.49361738851163545
CE_ROOK:0.5051179985572594
C_CENTERCONTROL:0.530705540061533
C_DEVELOPPIECES:0.5028217986566211
C_MATERIAL:0.4978718195360708
C_MOVECOUNT:0.4760219308894175
C_PAWNMOVEMENT:0.499423363874643
