ELO:988
CE_PASSEDPAWNS:0.5075141544444379
CE_PAWNWEAKNESSES:0.4522242230586407
CE_PIECEACTIVITY:0.5407622244475163
CE_KINGPAWNSHIELD:0.5254314498249829
CE_PIECECOORDINATION:0.46383327448212247
CE_MATERIAL:0.4262359041022157
CE_KINGSAFETY:0.47098321098603885
C_PIECESQUARETABLES:0.44294997313903944
C_MOBILITY:0.5220441276990795
C_KINGSAFETY:0.47655200171635087
C_PAWNSTRUCTURE:0.48515434999733736
C_PIECECOORDINATION:0.48925233236531057
C_ROOKANDPAWNMOVEMENT:0.48925233236531057
C_CENTERCONTROL:0.4787635198193803
C_DEVELOPPIECES:0.5697909582307601
C_MATERIAL:0.5053506553026813
