ELO:778
CE_PASSEDPAWNS:0.5023966722221751
CE_PAWNWEAKNESSES:0.43346630710240147
CE_PIECEACTIVITY:0.543175506381628
CE_KINGPAWNSHIELD:0.5400532783029425
CE_PIECECOORDINATION:0.5433650503071565
CE_MATERIAL:0.5994109119753229
CE_KINGSAFETY:0.519020286983122
C_PIECESQUARETABLES:0.5001266442385203
C_MOBILITY:0.5426360375337781
C_KINGSAFETY:0.5278296418819548
C_PAWNSTRUCTURE:0.5445487372990956
C_PIECECOORDINATION:0.4921535243068992
C_ROOKANDPAWNMOVEMENT:0.4921535243068992
C_CENTERCONTROL:0.462641857660975
C_DEVELOPPIECES:0.517704271653891
C_MATERIAL:0.5397706532355576
C_MOVECOUNT:0.4698652037826674
