ELO:934
CE_PASSEDPAWNS:0.4506569260241589
CE_PAWNWEAKNESSES:0.4794531067522474
CE_PIECEACTIVITY:0.49246281144119036
CE_KINGPAWNSHIELD:0.5622132201648203
CE_PIECECOORDINATION:0.5472604240145733
CE_MATERIAL:0.43748276433425864
CE_KINGSAFETY:0.5042837539400836
C_PIECESQUARETABLES:0.4923441746453151
C_MOBILITY:0.5220252617118866
C_KINGSAFETY:0.512964305970653
C_PAWNSTRUCTURE:0.4416657001727984
C_PIECECOORDINATION:0.42457792537165095
C_ROOKANDPAWNMOVEMENT:0.42457792537165095
C_CENTERCONTROL:0.4352365156364005
C_DEVELOPPIECES:0.4678801837552174
C_MATERIAL:0.5570456309630962
