ELO:1000
CE_PASSEDPAWNS:0.5036583764888926
CE_PAWNWEAKNESSES:0.5108678695641834
CE_PIECEACTIVITY:0.48880219449562023
CE_KINGPAWNSHIELD:0.4947470947201744
CE_PIECECOORDINATION:0.5096328627630696
CE_MATERIAL:0.5
CE_KINGSAFETY:0.5
C_PIECESQUARETABLES:0.5
C_MOBILITY:0.5
C_KINGSAFETY:0.5
C_PAWNSTRUCTURE:0.49549622806227833
C_PIECECOORDINATION:0.5
C_ROOK:0.5
CE_ROOK:0.5
C_CENTERCONTROL:0.5
C_DEVELOPPIECES:0.48893921637863774
C_MATERIAL:0.4892243457832647
C_MOVECOUNT:0.5116859523724255
C_PAWNMOVEMENT:0.5078811115234806
