ELO:993
CE_PASSEDPAWNS:0.5116165958821306
CE_PAWNWEAKNESSES:0.4897772129264256
CE_PIECEACTIVITY:0.5266236748628303
CE_KINGPAWNSHIELD:0.5205023568817633
CE_PIECECOORDINATION:0.5207082048196396
CE_MATERIAL:0.5091255916474943
CE_KINGSAFETY:0.5084359909329959
C_PIECESQUARETABLES:0.5
C_MOBILITY:0.5130497973110274
C_KINGSAFETY:0.5033238579174952
C_PAWNSTRUCTURE:0.5014882851706232
C_PIECECOORDINATION:0.5400649505094918
C_ROOK:0.4841492167114163
CE_ROOK:0.48496254054254256
C_CENTERCONTROL:0.4973462119167541
C_DEVELOPPIECES:0.5034831540457619
C_MATERIAL:0.5041703681902727
C_MOVECOUNT:0.4939637985479109
C_PAWNMOVEMENT:0.5329256816135376
