ELO:993
CE_PASSEDPAWNS:0.5064818995535335
CE_PAWNWEAKNESSES:0.48260713146997686
CE_PIECEACTIVITY:0.471977471450534
CE_KINGPAWNSHIELD:0.4309814906970512
CE_PIECECOORDINATION:0.5620450345535717
CE_MATERIAL:0.4970479559038271
CE_KINGSAFETY:0.5
C_PIECESQUARETABLES:0.5
C_MOBILITY:0.5006659927400722
C_KINGSAFETY:0.49578902679125975
C_PAWNSTRUCTURE:0.49478293192095857
C_PIECECOORDINATION:0.5304542664900367
C_ROOK:0.4612576673228623
CE_ROOK:0.40816371276553154
C_CENTERCONTROL:0.49500406223562304
C_DEVELOPPIECES:0.48837650815113426
C_MATERIAL:0.45743527049508753
C_MOVECOUNT:0.4634250635145664
C_PAWNMOVEMENT:0.47916395323726246
