ELO:950
CE_PASSEDPAWNS:0.560180459932797
CE_PAWNWEAKNESSES:0.5009440319763592
CE_PIECEACTIVITY:0.5402150630047595
CE_KINGPAWNSHIELD:0.5393981212797265
CE_PIECECOORDINATION:0.4600302416151483
CE_MATERIAL:0.4263407402574632
CE_KINGSAFETY:0.5328677528878192
C_PIECESQUARETABLES:0.5022720594545614
C_MOBILITY:0.5524055778233552
C_KINGSAFETY:0.4853775546470059
C_PAWNSTRUCTURE:0.4738654096177576
C_PIECECOORDINATION:0.5331086456424541
C_ROOKANDPAWNMOVEMENT:0.5331086456424541
C_CENTERCONTROL:0.4802855814361462
C_DEVELOPPIECES:0.5764367417738947
C_MATERIAL:0.4971648693199784
