ELO:973
CE_PASSEDPAWNS:0.48571216190085875
CE_PAWNWEAKNESSES:0.4697919520605644
CE_PIECEACTIVITY:0.5090637976030615
CE_KINGPAWNSHIELD:0.4805385831094057
CE_PIECECOORDINATION:0.5002388471499739
CE_MATERIAL:0.4792324366259004
CE_KINGSAFETY:0.5058380533361763
C_PIECESQUARETABLES:0.5214209477338891
C_MOBILITY:0.48654304812218724
C_KINGSAFETY:0.5060390420982976
C_PAWNSTRUCTURE:0.49128936945923046
C_PIECECOORDINATION:0.49172189998178123
C_ROOKANDPAWNMOVEMENT:0.49172189998178123
C_CENTERCONTROL:0.49554618062183337
C_DEVELOPPIECES:0.49550776647506967
C_MATERIAL:0.5048049918243219
C_MOVECOUNT:0.5194414866855787
