ELO:1015
CE_PASSEDPAWNS:0.5019051385009652
CE_PAWNWEAKNESSES:0.5
CE_PIECEACTIVITY:0.4982301121491084
CE_KINGPAWNSHIELD:0.5226921557127565
CE_PIECECOORDINATION:0.4716239370322694
CE_MATERIAL:0.49032811468692383
CE_KINGSAFETY:0.4915542282351212
C_PIECESQUARETABLES:0.508167548927563
C_MOBILITY:0.5
C_KINGSAFETY:0.4881362256206645
C_PAWNSTRUCTURE:0.5103263858960816
C_PIECECOORDINATION:0.508229166006414
C_ROOKANDPAWNMOVEMENT:0.508229166006414
C_CENTERCONTROL:0.5
C_DEVELOPPIECES:0.46020860026646826
C_MATERIAL:0.5014663815345382
C_MOVECOUNT:0.5
