ELO:990
CE_PASSEDPAWNS:0.5116165958821306
CE_PAWNWEAKNESSES:0.4895432206578181
CE_PIECEACTIVITY:0.5103196800956653
CE_KINGPAWNSHIELD:0.5234599772809838
CE_PIECECOORDINATION:0.510266396918493
CE_MATERIAL:0.4944177463331895
CE_KINGSAFETY:0.518562798991771
C_PIECESQUARETABLES:0.49347660209079897
C_MOBILITY:0.5
C_KINGSAFETY:0.5272367130451645
C_PAWNSTRUCTURE:0.4961216314847319
C_PIECECOORDINATION:0.4465774157060329
C_ROOK:0.47995593825636174
CE_ROOK:0.47657669743646947
C_CENTERCONTROL:0.4992558470518616
C_DEVELOPPIECES:0.5034831540457619
C_MATERIAL:0.5055195541680912
C_MOVECOUNT:0.47091831860446304
C_PAWNMOVEMENT:0.5329256816135376
