ELO:1001
CE_PASSEDPAWNS:0.4670024264660734
CE_PAWNWEAKNESSES:0.5038547971092121
CE_PIECEACTIVITY:0.5018636099888688
CE_KINGPAWNSHIELD:0.49944443836525254
CE_PIECECOORDINATION:0.5410376442856483
CE_MATERIAL:0.5075216329790434
CE_KINGSAFETY:0.49689934389683876
C_PIECESQUARETABLES:0.502870889364048
C_MOBILITY:0.5007885069177743
C_KINGSAFETY:0.5151465635191381
C_PAWNSTRUCTURE:0.5028932162185197
C_PIECECOORDINATION:0.48508120829751
C_ROOKANDPAWNMOVEMENT:0.48508120829751
C_CENTERCONTROL:0.45998964067872444
C_DEVELOPPIECES:0.4531134095617532
C_MATERIAL:0.5166302646608512
C_MOVECOUNT:0.5
