ELO:982
CE_PASSEDPAWNS:0.520681346753379
CE_PAWNWEAKNESSES:0.4984413093365965
CE_PIECEACTIVITY:0.5077602158973304
CE_KINGPAWNSHIELD:0.5135936748178396
CE_PIECECOORDINATION:0.48980116315134875
CE_MATERIAL:0.4957952710639125
CE_KINGSAFETY:0.4859128240202485
C_PIECESQUARETABLES:0.5
C_MOBILITY:0.4892882537307313
C_KINGSAFETY:0.49540937484319847
C_PAWNSTRUCTURE:0.5026732035582037
C_PIECECOORDINATION:0.5193998035744837
C_ROOKANDPAWNMOVEMENT:0.5193998035744837
C_CENTERCONTROL:0.5002310570553192
C_DEVELOPPIECES:0.4890669953773615
C_MATERIAL:0.49997844866826063
