ELO:1007
CE_PASSEDPAWNS:0.5347416359393783
CE_PAWNWEAKNESSES:0.5367104088225103
CE_PIECEACTIVITY:0.5051842374824005
CE_KINGPAWNSHIELD:0.5205023568817633
CE_PIECECOORDINATION:0.5252618703226792
CE_MATERIAL:0.4813308249497643
CE_KINGSAFETY:0.506316941355649
C_PIECESQUARETABLES:0.4967561841668353
C_MOBILITY:0.4933360089520684
C_KINGSAFETY:0.5001164022236704
C_PAWNSTRUCTURE:0.5014882851706232
C_PIECECOORDINATION:0.5122583737649822
C_ROOK:0.48415254403224206
CE_ROOK:0.48496254054254256
C_CENTERCONTROL:0.49582614529019964
C_DEVELOPPIECES:0.5078115233640101
C_MATERIAL:0.49546414227688845
C_MOVECOUNT:0.5266107333395721
C_PAWNMOVEMENT:0.5018016738769266
