ELO:793
CE_PASSEDPAWNS:0.5623607795586587
CE_PAWNWEAKNESSES:0.6032634008154614
CE_PIECEACTIVITY:0.48883234417946103
CE_KINGPAWNSHIELD:0.519002024793677
CE_PIECECOORDINATION:0.5470874047006203
CE_MATERIAL:0.5427423400736859
CE_KINGSAFETY:0.5
C_PIECESQUARETABLES:0.4907756136925805
C_MOBILITY:0.47468090377024125
C_KINGSAFETY:0.4169232834234675
C_PAWNSTRUCTURE:0.3751136785603601
C_PIECECOORDINATION:0.5133551823919886
C_ROOKANDPAWNMOVEMENT:0.5133551823919886
C_CENTERCONTROL:0.5676889289248548
C_DEVELOPPIECES:0.551743174686739
C_MATERIAL:0.5059009859932169
C_MOVECOUNT:0.5288680213880214
