ELO:996
CE_PASSEDPAWNS:0.5026147068293215
CE_PAWNWEAKNESSES:0.49095223702033813
CE_PIECEACTIVITY:0.5048318514440091
CE_KINGPAWNSHIELD:0.5309822850842159
CE_PIECECOORDINATION:0.5200796441329423
CE_MATERIAL:0.5226600605010233
CE_KINGSAFETY:0.5
C_PIECESQUARETABLES:0.5
C_MOBILITY:0.49990902194374864
C_KINGSAFETY:0.5045955515499131
C_PAWNSTRUCTURE:0.5024445288429544
C_PIECECOORDINATION:0.535573438649579
C_ROOK:0.4612576673228623
CE_ROOK:0.5123070790276288
C_CENTERCONTROL:0.5086231111145126
C_DEVELOPPIECES:0.5322250365635234
C_MATERIAL:0.4729796226216417
C_MOVECOUNT:0.5040826182598588
C_PAWNMOVEMENT:0.5
