ELO:968
CE_PASSEDPAWNS:0.5320438786345927
CE_PAWNWEAKNESSES:0.47687013526192795
CE_PIECEACTIVITY:0.5505597654405345
CE_KINGPAWNSHIELD:0.5279572804125529
CE_PIECECOORDINATION:0.47717908699782285
CE_MATERIAL:0.4292098999744944
CE_KINGSAFETY:0.49681607004086376
C_PIECESQUARETABLES:0.49892864398558673
C_MOBILITY:0.5405535289576836
C_KINGSAFETY:0.4849378737482304
C_PAWNSTRUCTURE:0.4608387590719378
C_PIECECOORDINATION:0.5054146895596076
C_ROOKANDPAWNMOVEMENT:0.5054146895596076
C_CENTERCONTROL:0.47904080735444665
C_DEVELOPPIECES:0.5840246646162268
C_MATERIAL:0.48863901473528903
