ELO:917
CE_PASSEDPAWNS:0.5
CE_PAWNWEAKNESSES:0.4940795758657433
CE_PIECEACTIVITY:0.4817752951172193
CE_KINGPAWNSHIELD:0.4506345606650836
CE_PIECECOORDINATION:0.48672931124158486
CE_MATERIAL:0.46867093960032574
CE_KINGSAFETY:0.46535617270053686
C_PIECESQUARETABLES:0.5099638065966666
C_MOBILITY:0.4797922490752784
C_KINGSAFETY:0.5326835204738988
C_PAWNSTRUCTURE:0.4894819432726565
C_PIECECOORDINATION:0.5168149935853106
C_ROOKANDPAWNMOVEMENT:0.5168149935853106
C_CENTERCONTROL:0.45579061981010127
C_DEVELOPPIECES:0.4888748667940057
C_MATERIAL:0.5
C_MOVECOUNT:0.5
