ELO:1005
CE_PASSEDPAWNS:0.5
CE_PAWNWEAKNESSES:0.5114398631613196
CE_PIECEACTIVITY:0.5
CE_KINGPAWNSHIELD:0.5009155981554093
CE_PIECECOORDINATION:0.5071775712242115
CE_MATERIAL:0.47838775739363004
CE_KINGSAFETY:0.46152843546961886
C_PIECESQUARETABLES:0.5
C_MOBILITY:0.5001688537281401
C_KINGSAFETY:0.5
C_PAWNSTRUCTURE:0.5033465386594131
C_PIECECOORDINATION:0.4777138497090095
C_ROOKANDPAWNMOVEMENT:0.4777138497090095
C_CENTERCONTROL:0.49485939526744854
C_DEVELOPPIECES:0.5
C_MATERIAL:0.5
C_MOVECOUNT:0.5
