ELO:953
CE_PASSEDPAWNS:0.4842777025930595
CE_PAWNWEAKNESSES:0.4662773054242077
CE_PIECEACTIVITY:0.5799777422490265
CE_KINGPAWNSHIELD:0.4764476164303015
CE_PIECECOORDINATION:0.49257642280129504
CE_MATERIAL:0.462584612856381
CE_KINGSAFETY:0.5484080000008663
C_PIECESQUARETABLES:0.48977304503085317
C_MOBILITY:0.5208386888320834
C_KINGSAFETY:0.5145101035112698
C_PAWNSTRUCTURE:0.46517017189559456
C_PIECECOORDINATION:0.49068762329220933
C_ROOKANDPAWNMOVEMENT:0.49068762329220933
C_CENTERCONTROL:0.5334862570056489
C_DEVELOPPIECES:0.5022361346127661
C_MATERIAL:0.528619403827674
C_MOVECOUNT:0.5
