ELO:994
CE_PASSEDPAWNS:0.5038742010158253
CE_PAWNWEAKNESSES:0.4534266833091211
CE_PIECEACTIVITY:0.5297818391602832
CE_KINGPAWNSHIELD:0.5142444907936801
CE_PIECECOORDINATION:0.46149758015290376
CE_MATERIAL:0.4107096226356676
CE_KINGSAFETY:0.45651328561492166
C_PIECESQUARETABLES:0.46454181141230483
C_MOBILITY:0.5119924202818056
C_KINGSAFETY:0.4906627620100997
C_PAWNSTRUCTURE:0.509546835565367
C_PIECECOORDINATION:0.4840045169535687
C_ROOKANDPAWNMOVEMENT:0.4840045169535687
C_CENTERCONTROL:0.47561934457160104
C_DEVELOPPIECES:0.5510214587795456
C_MATERIAL:0.5138348058043871
