ELO:987
CE_PASSEDPAWNS:0.4016094522661604
CE_PAWNWEAKNESSES:0.4404670105899342
CE_PIECEACTIVITY:0.5055534717583172
CE_KINGPAWNSHIELD:0.5080445474460832
CE_PIECECOORDINATION:0.6092782055877115
CE_MATERIAL:0.40791340867070314
CE_KINGSAFETY:0.4954280319957673
C_PIECESQUARETABLES:0.5
C_MOBILITY:0.6161609306185186
C_KINGSAFETY:0.5843653368718612
C_PAWNSTRUCTURE:0.609998281342656
C_PIECECOORDINATION:0.6135308168497035
C_ROOKANDPAWNMOVEMENT:0.6135308168497035
C_CENTERCONTROL:0.3791738811592719
C_DEVELOPPIECES:0.5515044131780094
C_MATERIAL:0.5966458037996694
