ELO:989
CE_PASSEDPAWNS:0.5286439589466798
CE_PAWNWEAKNESSES:0.4895432206578181
CE_PIECEACTIVITY:0.5160773748779487
CE_KINGPAWNSHIELD:0.5234599772809838
CE_PIECECOORDINATION:0.5249493734236195
CE_MATERIAL:0.49152712040933383
CE_KINGSAFETY:0.4893149756233526
C_PIECESQUARETABLES:0.5
C_MOBILITY:0.5067445709193492
C_KINGSAFETY:0.5312523174071944
C_PAWNSTRUCTURE:0.48901104678927043
C_PIECECOORDINATION:0.44969718443294343
C_ROOK:0.4968938725264037
CE_ROOK:0.48486491561958633
C_CENTERCONTROL:0.5092994106567594
C_DEVELOPPIECES:0.510284883286814
C_MATERIAL:0.5055195541680912
C_MOVECOUNT:0.47072655254321116
C_PAWNMOVEMENT:0.5329256816135376
