ELO:915
CE_PASSEDPAWNS:0.5154333585710212
CE_PAWNWEAKNESSES:0.5173354347648166
CE_PIECEACTIVITY:0.5062415622483503
CE_KINGPAWNSHIELD:0.5088162027683467
CE_PIECECOORDINATION:0.4713821228665826
CE_MATERIAL:0.5042617571981253
CE_KINGSAFETY:0.5177778975256278
C_PIECESQUARETABLES:0.5054504885899039
C_MOBILITY:0.42023639507869764
C_KINGSAFETY:0.5469022091455175
C_PAWNSTRUCTURE:0.5189807847671337
C_PIECECOORDINATION:0.4924376817341214
C_ROOKANDPAWNMOVEMENT:0.4924376817341214
C_CENTERCONTROL:0.5606184066057592
C_DEVELOPPIECES:0.5791155938941205
C_MATERIAL:0.5220905902975558
C_MOVECOUNT:0.5496367028207835
