ELO:1051
CE_PASSEDPAWNS:0.514189237161936
CE_PAWNWEAKNESSES:0.4252846410550597
CE_PIECEACTIVITY:0.4648097607110585
CE_KINGPAWNSHIELD:0.5407178409410988
CE_PIECECOORDINATION:0.55780761630307
CE_MATERIAL:0.4550326325028162
CE_KINGSAFETY:0.5
C_PIECESQUARETABLES:0.5
C_MOBILITY:0.5909433545059904
C_KINGSAFETY:0.5545891168207643
C_PAWNSTRUCTURE:0.47346563515752116
C_PIECECOORDINATION:0.440202723035339
C_ROOKANDPAWNMOVEMENT:0.440202723035339
C_CENTERCONTROL:0.5644830436023941
C_DEVELOPPIECES:0.48167878306948514
C_MATERIAL:0.4841748301746779
