ELO:993
CE_PASSEDPAWNS:0.5064818995535335
CE_PAWNWEAKNESSES:0.5400431225396087
CE_PIECEACTIVITY:0.471977471450534
CE_KINGPAWNSHIELD:0.4309814906970512
CE_PIECECOORDINATION:0.5620450345535717
CE_MATERIAL:0.4970479559038271
CE_KINGSAFETY:0.5
C_PIECESQUARETABLES:0.5
C_MOBILITY:0.49540806029184836
C_KINGSAFETY:0.49578902679125975
C_PAWNSTRUCTURE:0.49478293192095857
C_PIECECOORDINATION:0.5024062923218431
C_ROOK:0.4612576673228623
CE_ROOK:0.48708280451823527
C_CENTERCONTROL:0.4711930685857451
C_DEVELOPPIECES:0.549462979607161
C_MATERIAL:0.4744183076085266
C_MOVECOUNT:0.4634250635145664
C_PAWNMOVEMENT:0.4809901594197928
