ELO:992
CE_PASSEDPAWNS:0.5200827495367728
CE_PAWNWEAKNESSES:0.49127071991486265
CE_PIECEACTIVITY:0.4869079420425813
CE_KINGPAWNSHIELD:0.5158028199227129
CE_PIECECOORDINATION:0.5146556660273499
CE_MATERIAL:0.5150623562354972
CE_KINGSAFETY:0.5
C_PIECESQUARETABLES:0.5
C_MOBILITY:0.5139887119244537
C_KINGSAFETY:0.4745022702053904
C_PAWNSTRUCTURE:0.45524445987419304
C_PIECECOORDINATION:0.5109907833435079
C_ROOK:0.49361738851163545
CE_ROOK:0.5051179985572594
C_CENTERCONTROL:0.45547399386637577
C_DEVELOPPIECES:0.5382353483005021
C_MATERIAL:0.5011259277329964
C_MOVECOUNT:0.4760219308894175
C_PAWNMOVEMENT:0.499423363874643
