ELO:852
CE_PASSEDPAWNS:0.4886922387594233
CE_PAWNWEAKNESSES:0.5151140882218956
CE_PIECEACTIVITY:0.4455421937981314
CE_KINGPAWNSHIELD:0.5290605026717048
CE_PIECECOORDINATION:0.43476088820243414
CE_MATERIAL:0.4413867956137432
CE_KINGSAFETY:0.5210099492873728
C_PIECESQUARETABLES:0.5206346020865098
C_MOBILITY:0.6126475966890749
C_KINGSAFETY:0.5908737293402965
C_PAWNSTRUCTURE:0.491431744148312
C_PIECECOORDINATION:0.5366281206024323
C_ROOKANDPAWNMOVEMENT:0.5366281206024323
C_CENTERCONTROL:0.5556069642062031
C_DEVELOPPIECES:0.5300704842585325
C_MATERIAL:0.4924858502164401
C_MOVECOUNT:0.5
