ELO:981
CE_PASSEDPAWNS:0.5211356675062251
CE_PAWNWEAKNESSES:0.4998816717270921
CE_PIECEACTIVITY:0.5400052334860098
CE_KINGPAWNSHIELD:0.4792914016857284
CE_PIECECOORDINATION:0.5620450345535717
CE_MATERIAL:0.4970479559038271
CE_KINGSAFETY:0.5
C_PIECESQUARETABLES:0.5
C_MOBILITY:0.4704863502679606
C_KINGSAFETY:0.49578902679125975
C_PAWNSTRUCTURE:0.48373960838838886
C_PIECECOORDINATION:0.5156425914250321
C_ROOK:0.4612576673228623
CE_ROOK:0.48708280451823527
C_CENTERCONTROL:0.49108735534032993
C_DEVELOPPIECES:0.47104448440850943
C_MATERIAL:0.5121962639220392
C_MOVECOUNT:0.513501588422569
C_PAWNMOVEMENT:0.4809901594197928
