ELO:853
CE_PASSEDPAWNS:0.4782348243122048
CE_PAWNWEAKNESSES:0.5204626228595568
CE_PIECEACTIVITY:0.5113204206670517
CE_KINGPAWNSHIELD:0.4943491143218691
CE_PIECECOORDINATION:0.45887308698780627
CE_MATERIAL:0.4300041017135691
CE_KINGSAFETY:0.5
C_PIECESQUARETABLES:0.5044671621823748
C_MOBILITY:0.4981569266921741
C_KINGSAFETY:0.5067818226511586
C_PAWNSTRUCTURE:0.4654827010940101
C_PIECECOORDINATION:0.4534040265977296
C_ROOKANDPAWNMOVEMENT:0.4534040265977296
C_CENTERCONTROL:0.5591752040666224
C_DEVELOPPIECES:0.47503012232711017
C_MATERIAL:0.5293186098131283
C_MOVECOUNT:0.5
