ELO:1026
CE_PASSEDPAWNS:0.4980764605273427
CE_PAWNWEAKNESSES:0.5122818367088312
CE_PIECEACTIVITY:0.5147738312247219
CE_KINGPAWNSHIELD:0.4899619522231121
CE_PIECECOORDINATION:0.4815350651019839
CE_MATERIAL:0.5091255916474943
CE_KINGSAFETY:0.5
C_PIECESQUARETABLES:0.5
C_MOBILITY:0.5000273697006792
C_KINGSAFETY:0.4818018216240066
C_PAWNSTRUCTURE:0.5
C_PIECECOORDINATION:0.5
C_ROOK:0.4947986000930932
CE_ROOK:0.5032317218143227
C_CENTERCONTROL:0.4824923619859727
C_DEVELOPPIECES:0.48666823431634565
C_MATERIAL:0.49745362351644534
C_MOVECOUNT:0.47715920502183884
C_PAWNMOVEMENT:0.4878275624337509
