ELO:1000
CE_PASSEDPAWNS:0.5798046294266226
CE_PAWNWEAKNESSES:0.5298104235455435
CE_PIECEACTIVITY:0.5246199203717085
CE_KINGPAWNSHIELD:0.49194995876275943
CE_PIECECOORDINATION:0.4563661207740881
CE_MATERIAL:0.5274613413495451
CE_KINGSAFETY:0.5
C_PIECESQUARETABLES:0.5117387661265973
C_MOBILITY:0.4585530345357354
C_KINGSAFETY:0.5007801374379832
C_PAWNSTRUCTURE:0.40333141454779026
C_PIECECOORDINATION:0.5267343908956109
C_ROOKANDPAWNMOVEMENT:0.5267343908956109
C_CENTERCONTROL:0.5071378505053338
C_DEVELOPPIECES:0.48933287389280045
C_MATERIAL:0.4543470109982677
