ELO:1000
CE_PASSEDPAWNS:0.5166646444394485
CE_PAWNWEAKNESSES:0.5080719184334813
CE_PIECEACTIVITY:0.4917828333606752
CE_KINGPAWNSHIELD:0.4901853232341771
CE_PIECECOORDINATION:0.5051389391200647
CE_MATERIAL:0.5062087618910529
CE_KINGSAFETY:0.5046541905703399
C_PIECESQUARETABLES:0.47899753610744505
C_MOBILITY:0.498605859244535
C_KINGSAFETY:0.5
C_PAWNSTRUCTURE:0.4931247310333362
C_PIECECOORDINATION:0.5142725275618433
C_ROOKANDPAWNMOVEMENT:0.5142725275618433
C_CENTERCONTROL:0.4958117165197638
C_DEVELOPPIECES:0.5036786671690623
C_MATERIAL:0.5043604219438058
