ELO:1081
CE_PASSEDPAWNS:0.48049964796061906
CE_PAWNWEAKNESSES:0.43830637038417747
CE_PIECEACTIVITY:0.4955502426405085
CE_KINGPAWNSHIELD:0.42933921361708166
CE_PIECECOORDINATION:0.47296092300565107
CE_MATERIAL:0.47342714786113216
CE_KINGSAFETY:0.5126955524758964
C_PIECESQUARETABLES:0.4813379537840017
C_MOBILITY:0.4206214273870845
C_KINGSAFETY:0.6502629984154621
C_PAWNSTRUCTURE:0.44749974864188036
C_PIECECOORDINATION:0.4993479380898316
C_ROOKANDPAWNMOVEMENT:0.4993479380898316
C_CENTERCONTROL:0.49466178666917227
C_DEVELOPPIECES:0.5361646623643447
C_MATERIAL:0.41753997437835827
