ELO:843
CE_PASSEDPAWNS:0.5554012271631907
CE_PAWNWEAKNESSES:0.5547335203256237
CE_PIECEACTIVITY:0.5005514749252375
CE_KINGPAWNSHIELD:0.5912196712150646
CE_PIECECOORDINATION:0.32195349052417876
CE_MATERIAL:0.6706039483968335
CE_KINGSAFETY:0.49284139361784535
C_PIECESQUARETABLES:0.47930386698854555
C_MOBILITY:0.35992320748772
C_KINGSAFETY:0.41264477740779965
C_PAWNSTRUCTURE:0.4257202910141537
C_PIECECOORDINATION:0.5193002368544717
C_ROOKANDPAWNMOVEMENT:0.5193002368544717
C_CENTERCONTROL:0.5872645787867637
C_DEVELOPPIECES:0.4246147400769832
C_MATERIAL:0.41960014553874786
