ELO:1066
CE_PASSEDPAWNS:0.4470305153370008
CE_PAWNWEAKNESSES:0.43354216141143
CE_PIECEACTIVITY:0.5040858878149381
CE_KINGPAWNSHIELD:0.4473096533609881
CE_PIECECOORDINATION:0.4804035193339517
CE_MATERIAL:0.4485380624787373
CE_KINGSAFETY:0.484642125780815
C_PIECESQUARETABLES:0.49775619172606844
C_MOBILITY:0.4106230036499912
C_KINGSAFETY:0.6389490581362602
C_PAWNSTRUCTURE:0.4591744424614726
C_PIECECOORDINATION:0.5128985603111961
C_ROOKANDPAWNMOVEMENT:0.5128985603111961
C_CENTERCONTROL:0.4753897539953087
C_DEVELOPPIECES:0.5479759751550164
C_MATERIAL:0.3863125423609676
