ELO:732
CE_PASSEDPAWNS:0.5903279516837641
CE_PAWNWEAKNESSES:0.5114837200867962
CE_PIECEACTIVITY:0.5858862614845494
CE_KINGPAWNSHIELD:0.6293005139622272
CE_PIECECOORDINATION:0.5899904544052615
CE_MATERIAL:0.4571722570956608
CE_KINGSAFETY:0.4832862821688541
C_PIECESQUARETABLES:0.526158807477221
C_MOBILITY:0.40658091216107023
C_KINGSAFETY:0.46040351503666044
C_PAWNSTRUCTURE:0.5985084267340178
C_PIECECOORDINATION:0.4615237136949133
C_ROOKANDPAWNMOVEMENT:0.4615237136949133
C_CENTERCONTROL:0.6384393221153285
C_DEVELOPPIECES:0.5417149443336162
C_MATERIAL:0.4826147369821959
C_MOVECOUNT:0.4673866989107687
