ELO:964
CE_PASSEDPAWNS:0.5449287940387951
CE_PAWNWEAKNESSES:0.517318477848387
CE_PIECEACTIVITY:0.5030804779666046
CE_KINGPAWNSHIELD:0.6151924814728805
CE_PIECECOORDINATION:0.35743589385374686
CE_MATERIAL:0.5734247600026164
CE_KINGSAFETY:0.48953187049079394
C_PIECESQUARETABLES:0.516047665039955
C_MOBILITY:0.4476479114036786
C_KINGSAFETY:0.4993988677055922
C_PAWNSTRUCTURE:0.42137185097843294
C_PIECECOORDINATION:0.522651338732384
C_ROOKANDPAWNMOVEMENT:0.522651338732384
C_CENTERCONTROL:0.6228222426024667
C_DEVELOPPIECES:0.4421562466849945
C_MATERIAL:0.4449389008994331
