ELO:1006
CE_PASSEDPAWNS:0.4851289434910631
CE_PAWNWEAKNESSES:0.5076062967932949
CE_PIECEACTIVITY:0.5
CE_KINGPAWNSHIELD:0.48441323650695167
CE_PIECECOORDINATION:0.4936900313868004
CE_MATERIAL:0.5434854834342376
CE_KINGSAFETY:0.48772036888398884
C_PIECESQUARETABLES:0.5110515283031756
C_MOBILITY:0.5017631126804445
C_KINGSAFETY:0.4926674065750558
C_PAWNSTRUCTURE:0.5221543894551163
C_PIECECOORDINATION:0.5023181869044465
C_ROOKANDPAWNMOVEMENT:0.5023181869044465
C_CENTERCONTROL:0.489618061115694
C_DEVELOPPIECES:0.495651994710638
C_MATERIAL:0.5106534497194404
C_MOVECOUNT:0.5
