ELO:1008
CE_PASSEDPAWNS:0.5246544712513653
CE_PAWNWEAKNESSES:0.48352035199329985
CE_PIECEACTIVITY:0.540039635994262
CE_KINGPAWNSHIELD:0.5223091071042263
CE_PIECECOORDINATION:0.5009093622375294
CE_MATERIAL:0.4883921185230075
CE_KINGSAFETY:0.5
C_PIECESQUARETABLES:0.5
C_MOBILITY:0.5000273697006792
C_KINGSAFETY:0.4540954444205863
C_PAWNSTRUCTURE:0.5
C_PIECECOORDINATION:0.5256317355684392
C_ROOK:0.4955225921970349
CE_ROOK:0.479067990043031
C_CENTERCONTROL:0.5043067833774971
C_DEVELOPPIECES:0.48870942002576345
C_MATERIAL:0.4960886216407111
C_MOVECOUNT:0.4971715690452809
C_PAWNMOVEMENT:0.4878275624337509
