ELO:950
CE_PASSEDPAWNS:0.4833452468469884
CE_PAWNWEAKNESSES:0.4924356118088759
CE_PIECEACTIVITY:0.46579157097087814
CE_KINGPAWNSHIELD:0.5297636327086425
CE_PIECECOORDINATION:0.4933689815816906
CE_MATERIAL:0.48467621321530047
CE_KINGSAFETY:0.48457542113877466
C_PIECESQUARETABLES:0.5
C_MOBILITY:0.5178787951658153
C_KINGSAFETY:0.49431808922375436
C_PAWNSTRUCTURE:0.48273804996339503
C_PIECECOORDINATION:0.5488558872474572
C_ROOKANDPAWNMOVEMENT:0.5488558872474572
C_CENTERCONTROL:0.526141319685124
C_DEVELOPPIECES:0.467851394839735
C_MATERIAL:0.5072296849227387
C_MOVECOUNT:0.5
