ELO:842
CE_PASSEDPAWNS:0.5452270211730801
CE_PAWNWEAKNESSES:0.4592909722808974
CE_PIECEACTIVITY:0.5488591750378157
CE_KINGPAWNSHIELD:0.5671730888150596
CE_PIECECOORDINATION:0.545832900745943
CE_MATERIAL:0.47814794930837096
CE_KINGSAFETY:0.5214088036358293
C_PIECESQUARETABLES:0.48167543279763414
C_MOBILITY:0.4253845957921966
C_KINGSAFETY:0.48030212086687096
C_PAWNSTRUCTURE:0.5349909778369948
C_PIECECOORDINATION:0.49214491049761877
C_ROOKANDPAWNMOVEMENT:0.49214491049761877
C_CENTERCONTROL:0.5584628711357524
C_DEVELOPPIECES:0.454893057421062
C_MATERIAL:0.517563885634558
C_MOVECOUNT:0.5
