ELO:1000
CE_PASSEDPAWNS:0.5387111720338903
CE_PAWNWEAKNESSES:0.5194380033964136
CE_PIECEACTIVITY:0.507298265410767
CE_KINGPAWNSHIELD:0.5127093391727435
CE_PIECECOORDINATION:0.4916793949148903
CE_MATERIAL:0.512180128639842
CE_KINGSAFETY:0.4937169646784447
C_PIECESQUARETABLES:0.4928533529782595
C_MOBILITY:0.49502526923542534
C_KINGSAFETY:0.5175526214612834
C_PAWNSTRUCTURE:0.4630645582256239
C_PIECECOORDINATION:0.5035857548238425
C_ROOKANDPAWNMOVEMENT:0.5035857548238425
C_CENTERCONTROL:0.4839359839444887
C_DEVELOPPIECES:0.4923271507480249
C_MATERIAL:0.4855411899357211
