ELO:972
CE_PASSEDPAWNS:0.50144618162169
CE_PAWNWEAKNESSES:0.46432377994060337
CE_PIECEACTIVITY:0.5128495073181688
CE_KINGPAWNSHIELD:0.5600517334352296
CE_PIECECOORDINATION:0.4801295177028082
CE_MATERIAL:0.5265115547600036
CE_KINGSAFETY:0.47548512764736633
C_PIECESQUARETABLES:0.5
C_MOBILITY:0.5091670445821791
C_KINGSAFETY:0.49649965409657476
C_PAWNSTRUCTURE:0.47367162441183025
C_PIECECOORDINATION:0.42161395006257124
C_ROOKANDPAWNMOVEMENT:0.42161395006257124
C_CENTERCONTROL:0.5239107629994144
C_DEVELOPPIECES:0.5016359523196553
C_MATERIAL:0.5171156432484874
C_MOVECOUNT:0.471469397384276
