ELO:1000
CE_PASSEDPAWNS:0.5862299774221573
CE_PAWNWEAKNESSES:0.5514362477382616
CE_PIECEACTIVITY:0.5192217751615946
CE_KINGPAWNSHIELD:0.5036084216064002
CE_PIECECOORDINATION:0.44543588345899476
CE_MATERIAL:0.5360518012454338
CE_KINGSAFETY:0.5058265849585691
C_PIECESQUARETABLES:0.5161084378071281
C_MOBILITY:0.4744265199354566
C_KINGSAFETY:0.5002662003493324
C_PAWNSTRUCTURE:0.4093019492385908
C_PIECECOORDINATION:0.5171644955127728
C_ROOKANDPAWNMOVEMENT:0.5171644955127728
C_CENTERCONTROL:0.531066960199213
C_DEVELOPPIECES:0.4872050083954639
C_MATERIAL:0.45882205947546234
