ELO:963
CE_PASSEDPAWNS:0.4869130489435296
CE_PAWNWEAKNESSES:0.5043887335675742
CE_PIECEACTIVITY:0.5125110381634915
CE_KINGPAWNSHIELD:0.578008660470681
CE_PIECECOORDINATION:0.46499976755160427
CE_MATERIAL:0.532645243871873
CE_KINGSAFETY:0.49604827267962853
C_PIECESQUARETABLES:0.4957443311114387
C_MOBILITY:0.5274710591611474
C_KINGSAFETY:0.44677579226463576
C_PAWNSTRUCTURE:0.5357668020262031
C_PIECECOORDINATION:0.5541446872096267
C_ROOKANDPAWNMOVEMENT:0.5541446872096267
C_CENTERCONTROL:0.408703737953752
C_DEVELOPPIECES:0.5907712363785322
C_MATERIAL:0.5926622195665868
