ELO:899
CE_PASSEDPAWNS:0.5213794853379277
CE_PAWNWEAKNESSES:0.5562456946510286
CE_PIECEACTIVITY:0.4863325086191478
CE_KINGPAWNSHIELD:0.5801275899150901
CE_PIECECOORDINATION:0.3103436894034583
CE_MATERIAL:0.6499947337345156
CE_KINGSAFETY:0.5002976701619681
C_PIECESQUARETABLES:0.48059645138241464
C_MOBILITY:0.3942799886461223
C_KINGSAFETY:0.44542465890133864
C_PAWNSTRUCTURE:0.4242130650873356
C_PIECECOORDINATION:0.5221821288801962
C_ROOKANDPAWNMOVEMENT:0.5221821288801962
C_CENTERCONTROL:0.6039378834814325
C_DEVELOPPIECES:0.4141290305372284
C_MATERIAL:0.42535226112007934
