ELO:940
CE_PASSEDPAWNS:0.5391698853192379
CE_PAWNWEAKNESSES:0.5356811897740172
CE_PIECEACTIVITY:0.4878590613872697
CE_KINGPAWNSHIELD:0.578391795668201
CE_PIECECOORDINATION:0.31868783797851363
CE_MATERIAL:0.5990753863052065
CE_KINGSAFETY:0.5054048314583782
C_PIECESQUARETABLES:0.5295541852846208
C_MOBILITY:0.398773039995431
C_KINGSAFETY:0.4577458402601834
C_PAWNSTRUCTURE:0.4224842176335368
C_PIECECOORDINATION:0.5213210795662314
C_ROOKANDPAWNMOVEMENT:0.5213210795662314
C_CENTERCONTROL:0.6042231894579579
C_DEVELOPPIECES:0.43159436707887744
C_MATERIAL:0.4421264297785393
