ELO:984
CE_PASSEDPAWNS:0.47554162521418364
CE_PAWNWEAKNESSES:0.5
CE_PIECEACTIVITY:0.5128495073181688
CE_KINGPAWNSHIELD:0.509938811315021
CE_PIECECOORDINATION:0.4985000793705205
CE_MATERIAL:0.5098006162596482
CE_KINGSAFETY:0.5
C_PIECESQUARETABLES:0.5
C_MOBILITY:0.4952972574563452
C_KINGSAFETY:0.5014582344062819
C_PAWNSTRUCTURE:0.5062902892386377
C_PIECECOORDINATION:0.5052326581780047
C_ROOKANDPAWNMOVEMENT:0.5052326581780047
C_CENTERCONTROL:0.5252775005183039
C_DEVELOPPIECES:0.5161117990002266
C_MATERIAL:0.4961998822603044
C_MOVECOUNT:0.4945933660311482
