ELO:1000
CE_PASSEDPAWNS:0.49738573052192847
CE_PAWNWEAKNESSES:0.5141223485820379
CE_PIECEACTIVITY:0.5010446128393624
CE_KINGPAWNSHIELD:0.5198670680601836
CE_PIECECOORDINATION:0.4948063749261195
CE_MATERIAL:0.5132370560034003
CE_KINGSAFETY:0.4968331084733621
C_PIECESQUARETABLES:0.4689307772638331
C_MOBILITY:0.48094447004344454
C_KINGSAFETY:0.47175133753048143
C_PAWNSTRUCTURE:0.4756525470815312
C_PIECECOORDINATION:0.4933975693728585
C_ROOKANDPAWNMOVEMENT:0.4933975693728585
C_CENTERCONTROL:0.48547170477500956
C_DEVELOPPIECES:0.5165088568327517
C_MATERIAL:0.5233397715267027
