ELO:1000
CE_PASSEDPAWNS:0.5
CE_PAWNWEAKNESSES:0.4925951790580195
CE_PIECEACTIVITY:0.5
CE_KINGPAWNSHIELD:0.5119814289778883
CE_PIECECOORDINATION:0.4929884381614323
CE_MATERIAL:0.5005974432773651
CE_KINGSAFETY:0.5
C_PIECESQUARETABLES:0.5
C_MOBILITY:0.5
C_KINGSAFETY:0.5
C_PAWNSTRUCTURE:0.5243074653187902
C_PIECECOORDINATION:0.5
C_ROOKANDPAWNMOVEMENT:0.5
C_CENTERCONTROL:0.5
C_DEVELOPPIECES:0.5
C_MATERIAL:0.49706471837425026
C_MOVECOUNT:0.5
