ELO:1034
CE_PASSEDPAWNS:0.5
CE_PAWNWEAKNESSES:0.496935432999772
CE_PIECEACTIVITY:0.5008548777290616
CE_KINGPAWNSHIELD:0.4879273232350927
CE_PIECECOORDINATION:0.5058814615711098
CE_MATERIAL:0.5
CE_KINGSAFETY:0.5006254663429004
C_PIECESQUARETABLES:0.5
C_MOBILITY:0.5
C_KINGSAFETY:0.5
C_PAWNSTRUCTURE:0.4905547748184059
C_PIECECOORDINATION:0.5
C_ROOKANDPAWNMOVEMENT:0.5
C_CENTERCONTROL:0.5
C_DEVELOPPIECES:0.4940745656492959
C_MATERIAL:0.5
