ELO:969
CE_PASSEDPAWNS:0.5
CE_PAWNWEAKNESSES:0.49629462682568437
CE_PIECEACTIVITY:0.516879786448195
CE_KINGPAWNSHIELD:0.4289530537782111
CE_PIECECOORDINATION:0.48860597859006827
CE_MATERIAL:0.4924122844300393
CE_KINGSAFETY:0.5055631429635213
C_PIECESQUARETABLES:0.5
C_MOBILITY:0.5119777476462124
C_KINGSAFETY:0.46912353007384666
C_PAWNSTRUCTURE:0.48371020427389655
C_PIECECOORDINATION:0.5456534663182618
C_ROOKANDPAWNMOVEMENT:0.5456534663182618
C_CENTERCONTROL:0.49148038359801444
C_DEVELOPPIECES:0.5026244944608999
C_MATERIAL:0.5
C_MOVECOUNT:0.5
