ELO:963
CE_PASSEDPAWNS:0.5272468007559427
CE_PAWNWEAKNESSES:0.49235969664252466
CE_PIECEACTIVITY:0.48289625747630466
CE_KINGPAWNSHIELD:0.49614520500611375
CE_PIECECOORDINATION:0.49187828858662674
CE_MATERIAL:0.4938886896845251
CE_KINGSAFETY:0.49419580415009223
C_PIECESQUARETABLES:0.5041780618166504
C_MOBILITY:0.5036617180745339
C_KINGSAFETY:0.5085103148724516
C_PAWNSTRUCTURE:0.5203421934266367
C_PIECECOORDINATION:0.5475467148696123
C_ROOKANDPAWNMOVEMENT:0.5475467148696123
C_CENTERCONTROL:0.48971372379819283
C_DEVELOPPIECES:0.47778814027308664
C_MATERIAL:0.5036247757180645
C_MOVECOUNT:0.5
