ELO:1000
CE_PASSEDPAWNS:0.47689209384840103
CE_PAWNWEAKNESSES:0.5023904493762303
CE_PIECEACTIVITY:0.49359106886521975
CE_KINGPAWNSHIELD:0.5055288313950796
CE_PIECECOORDINATION:0.4641043636381717
CE_MATERIAL:0.5318302037256903
CE_KINGSAFETY:0.5173424136896263
C_PIECESQUARETABLES:0.4650814070928179
C_MOBILITY:0.4694530980515004
C_KINGSAFETY:0.44981671426758313
C_PAWNSTRUCTURE:0.4541397977737863
C_PIECECOORDINATION:0.520242313787949
C_ROOKANDPAWNMOVEMENT:0.520242313787949
C_CENTERCONTROL:0.45204744410276726
C_DEVELOPPIECES:0.5008930118173521
C_MATERIAL:0.5170024144828987
