ELO:1000
CE_PASSEDPAWNS:0.5012183129878074
CE_PAWNWEAKNESSES:0.4878370804849513
CE_PIECEACTIVITY:0.5050231983723139
CE_KINGPAWNSHIELD:0.5114135608106788
CE_PIECECOORDINATION:0.46741225727422503
CE_MATERIAL:0.5411727105206012
CE_KINGSAFETY:0.5122500723303942
C_PIECESQUARETABLES:0.48069358726316597
C_MOBILITY:0.49788827872293717
C_KINGSAFETY:0.4485544738618118
C_PAWNSTRUCTURE:0.4742506174340744
C_PIECECOORDINATION:0.49738974145234444
C_ROOKANDPAWNMOVEMENT:0.49738974145234444
C_CENTERCONTROL:0.4791828614221842
C_DEVELOPPIECES:0.5046842323888205
C_MATERIAL:0.5116121161091606
