ELO:844
CE_PASSEDPAWNS:0.5113377750441913
CE_PAWNWEAKNESSES:0.4685028816415138
CE_PIECEACTIVITY:0.5157600576278476
CE_KINGPAWNSHIELD:0.5417148100019832
CE_PIECECOORDINATION:0.4836207476567675
CE_MATERIAL:0.502902578270785
CE_KINGSAFETY:0.4643880090738472
C_PIECESQUARETABLES:0.5726503807925007
C_MOBILITY:0.49433101395463
C_KINGSAFETY:0.49929588176285833
C_PAWNSTRUCTURE:0.5450360406244419
C_PIECECOORDINATION:0.5614792528439838
C_ROOKANDPAWNMOVEMENT:0.5614792528439838
C_CENTERCONTROL:0.45945989367588835
C_DEVELOPPIECES:0.48675446673309936
C_MATERIAL:0.5027515544894868
C_MOVECOUNT:0.5601113379008117
