ELO:1024
CE_PASSEDPAWNS:0.4859401613552304
CE_PAWNWEAKNESSES:0.5
CE_PIECEACTIVITY:0.5
CE_KINGPAWNSHIELD:0.5013719638725697
CE_PIECECOORDINATION:0.5042780734726124
CE_MATERIAL:0.5154078060106405
CE_KINGSAFETY:0.5
C_PIECESQUARETABLES:0.5
C_MOBILITY:0.5062819623537188
C_KINGSAFETY:0.45404139381650016
C_PAWNSTRUCTURE:0.5273789887842095
C_PIECECOORDINATION:0.5212354776553324
C_ROOK:0.5084696024925567
CE_ROOK:0.49919273348041027
C_CENTERCONTROL:0.49908000958574095
C_DEVELOPPIECES:0.5074205319448555
C_MATERIAL:0.5039313586180075
C_MOVECOUNT:0.4546882607223462
C_PAWNMOVEMENT:0.5167834503781904
