ELO:990
CE_PASSEDPAWNS:0.3906946707969623
CE_PAWNWEAKNESSES:0.4449176979510626
CE_PIECEACTIVITY:0.5055534717583172
CE_KINGPAWNSHIELD:0.4969112771905379
CE_PIECECOORDINATION:0.6117384505837713
CE_MATERIAL:0.40713280702479526
CE_KINGSAFETY:0.4869406493412071
C_PIECESQUARETABLES:0.4892490819573002
C_MOBILITY:0.6111469610767595
C_KINGSAFETY:0.5742475742575268
C_PAWNSTRUCTURE:0.6137456707403695
C_PIECECOORDINATION:0.6097704679408917
C_ROOKANDPAWNMOVEMENT:0.6097704679408917
C_CENTERCONTROL:0.3783208808352875
C_DEVELOPPIECES:0.5641519998367672
C_MATERIAL:0.5870289469220709
