ELO:1031
CE_PASSEDPAWNS:0.505371987852111
CE_PAWNWEAKNESSES:0.48017983155770344
CE_PIECEACTIVITY:0.5109598245924349
CE_KINGPAWNSHIELD:0.4863888059810869
CE_PIECECOORDINATION:0.4970139167747844
CE_MATERIAL:0.461750998664354
CE_KINGSAFETY:0.5
C_PIECESQUARETABLES:0.5
C_MOBILITY:0.5
C_KINGSAFETY:0.4887471870768716
C_PAWNSTRUCTURE:0.49593264127277026
C_PIECECOORDINATION:0.45670100240494227
C_ROOKANDPAWNMOVEMENT:0.45670100240494227
C_CENTERCONTROL:0.4969606766506738
C_DEVELOPPIECES:0.49711785585538115
C_MATERIAL:0.47931317834585113
C_MOVECOUNT:0.5062639900899328
