ELO:973
CE_PASSEDPAWNS:0.4633125113458114
CE_PAWNWEAKNESSES:0.48881610979908724
CE_PIECEACTIVITY:0.507003258709554
CE_KINGPAWNSHIELD:0.4865445604232823
CE_PIECECOORDINATION:0.5106911205663732
CE_MATERIAL:0.504209819414726
CE_KINGSAFETY:0.5069471350359761
C_PIECESQUARETABLES:0.5
C_MOBILITY:0.5088288764778489
C_KINGSAFETY:0.481061720949913
C_PAWNSTRUCTURE:0.4969644633500065
C_PIECECOORDINATION:0.4999096862433085
C_ROOK:0.4917676812773893
CE_ROOK:0.4875514993516308
C_CENTERCONTROL:0.529424307922408
C_DEVELOPPIECES:0.49470416544673923
C_MATERIAL:0.5098831601667407
C_MOVECOUNT:0.4959960446781688
C_PAWNMOVEMENT:0.4883757312732062
