ELO:977
CE_PASSEDPAWNS:0.512886015662076
CE_PAWNWEAKNESSES:0.4767128110321233
CE_PIECEACTIVITY:0.4895349975498816
CE_KINGPAWNSHIELD:0.5423399640037015
CE_PIECECOORDINATION:0.4523322993390022
CE_MATERIAL:0.5021861506694412
CE_KINGSAFETY:0.4806761457292152
C_PIECESQUARETABLES:0.4973911014883112
C_MOBILITY:0.5123446287784428
C_KINGSAFETY:0.4592858568227133
C_PAWNSTRUCTURE:0.5232208942086131
C_PIECECOORDINATION:0.5404063089664628
C_ROOKANDPAWNMOVEMENT:0.5404063089664628
C_CENTERCONTROL:0.42511549704989615
C_DEVELOPPIECES:0.5797888229271453
C_MATERIAL:0.5392387380048488
