ELO:998
CE_PASSEDPAWNS:0.5218978369946505
CE_PAWNWEAKNESSES:0.5111511725064788
CE_PIECEACTIVITY:0.48512593673105797
CE_KINGPAWNSHIELD:0.5256070801959286
CE_PIECECOORDINATION:0.42102542098722306
CE_MATERIAL:0.5602126542297732
CE_KINGSAFETY:0.4932198664473841
C_PIECESQUARETABLES:0.5305452601533769
C_MOBILITY:0.5091731352443108
C_KINGSAFETY:0.5293847972584114
C_PAWNSTRUCTURE:0.4800455277601972
C_PIECECOORDINATION:0.5103059389629461
C_ROOKANDPAWNMOVEMENT:0.5103059389629461
C_CENTERCONTROL:0.5643533128963168
C_DEVELOPPIECES:0.470517692371346
C_MATERIAL:0.46978708971141053
