ELO:1000
CE_PASSEDPAWNS:0.4853527530231336
CE_PAWNWEAKNESSES:0.5164390953892897
CE_PIECEACTIVITY:0.5038123402251857
CE_KINGPAWNSHIELD:0.5033047658330447
CE_PIECECOORDINATION:0.4835227605854107
CE_MATERIAL:0.5047987428892335
CE_KINGSAFETY:0.4968331084733621
C_PIECESQUARETABLES:0.4765371289618461
C_MOBILITY:0.4787381108936436
C_KINGSAFETY:0.4750029890461296
C_PAWNSTRUCTURE:0.4943329766481993
C_PIECECOORDINATION:0.5011036195690448
C_ROOKANDPAWNMOVEMENT:0.5011036195690448
C_CENTERCONTROL:0.4877424117774205
C_DEVELOPPIECES:0.5036143047329534
C_MATERIAL:0.504339277124585
