ELO:833
CE_PASSEDPAWNS:0.4978128096011257
CE_PAWNWEAKNESSES:0.4677196945549436
CE_PIECEACTIVITY:0.5019032056341814
CE_KINGPAWNSHIELD:0.5281090655084124
CE_PIECECOORDINATION:0.465641531565488
CE_MATERIAL:0.48817635586100344
CE_KINGSAFETY:0.48168458465207775
C_PIECESQUARETABLES:0.5683888829664263
C_MOBILITY:0.5410769935346611
C_KINGSAFETY:0.5017150804263066
C_PAWNSTRUCTURE:0.5432090840264483
C_PIECECOORDINATION:0.5699921379176212
C_ROOKANDPAWNMOVEMENT:0.5699921379176212
C_CENTERCONTROL:0.46435662119179055
C_DEVELOPPIECES:0.474676045689746
C_MATERIAL:0.5044240594137799
C_MOVECOUNT:0.5718435460950649
