ELO:1007
CE_PASSEDPAWNS:0.5
CE_PAWNWEAKNESSES:0.48157731871606035
CE_PIECEACTIVITY:0.5
CE_KINGPAWNSHIELD:0.49365412934992003
CE_PIECECOORDINATION:0.48459984032305176
CE_MATERIAL:0.5
CE_KINGSAFETY:0.5
C_PIECESQUARETABLES:0.5
C_MOBILITY:0.5
C_KINGSAFETY:0.5
C_PAWNSTRUCTURE:0.5
C_PIECECOORDINATION:0.5099510274646156
C_ROOKANDPAWNMOVEMENT:0.5099510274646156
C_CENTERCONTROL:0.4979844296914794
C_DEVELOPPIECES:0.5
C_MATERIAL:0.5096789888178549
C_MOVECOUNT:0.5
