ELO:935
CE_PASSEDPAWNS:0.4940334293889965
CE_PAWNWEAKNESSES:0.5099835119218136
CE_PIECEACTIVITY:0.5050656603852246
CE_KINGPAWNSHIELD:0.49748636435893073
CE_PIECECOORDINATION:0.49686321703537195
CE_MATERIAL:0.5055404522553433
CE_KINGSAFETY:0.4947862038522865
C_PIECESQUARETABLES:0.4860418809140418
C_MOBILITY:0.4974203550665266
C_KINGSAFETY:0.4937353572224284
C_PAWNSTRUCTURE:0.48310682299145413
C_PIECECOORDINATION:0.506024973675004
C_ROOKANDPAWNMOVEMENT:0.506024973675004
C_CENTERCONTROL:0.5054673593827196
C_DEVELOPPIECES:0.4970465593732082
C_MATERIAL:0.49312692768173694
C_MOVECOUNT:0.4784810457794086
