ELO:1000
CE_PASSEDPAWNS:0.5488246339476103
CE_PAWNWEAKNESSES:0.5356572357558944
CE_PIECEACTIVITY:0.5189369377686649
CE_KINGPAWNSHIELD:0.5166303921136192
CE_PIECECOORDINATION:0.44669059348360424
CE_MATERIAL:0.5378439507291903
CE_KINGSAFETY:0.5009945749087654
C_PIECESQUARETABLES:0.5107430908158125
C_MOBILITY:0.4653747935822478
C_KINGSAFETY:0.5148174334762344
C_PAWNSTRUCTURE:0.4009352602157676
C_PIECECOORDINATION:0.5142097359565461
C_ROOKANDPAWNMOVEMENT:0.5142097359565461
C_CENTERCONTROL:0.5615004026631003
C_DEVELOPPIECES:0.46227098499068536
C_MATERIAL:0.4546149589321611
