ELO:1003
CE_PASSEDPAWNS:0.5162524822576461
CE_PAWNWEAKNESSES:0.522153535577986
CE_PIECEACTIVITY:0.5012352309413692
CE_KINGPAWNSHIELD:0.5376164050992602
CE_PIECECOORDINATION:0.4928915283119347
CE_MATERIAL:0.4731590488118654
CE_KINGSAFETY:0.5
C_PIECESQUARETABLES:0.5
C_MOBILITY:0.4841970299263169
C_KINGSAFETY:0.48869629517020885
C_PAWNSTRUCTURE:0.4870973044084296
C_PIECECOORDINATION:0.5124872349890299
C_ROOK:0.4656348284675061
CE_ROOK:0.4869882532923281
C_CENTERCONTROL:0.4907432133480504
C_DEVELOPPIECES:0.5111358355607495
C_MATERIAL:0.5436247333253104
C_MOVECOUNT:0.4876704574302038
C_PAWNMOVEMENT:0.4972165362442918
