ELO:1010
CE_PASSEDPAWNS:0.5181565150550443
CE_PAWNWEAKNESSES:0.5
CE_PIECEACTIVITY:0.5
CE_KINGPAWNSHIELD:0.5
CE_PIECECOORDINATION:0.50779366971585
CE_MATERIAL:0.529533102593762
CE_KINGSAFETY:0.5614176933076739
C_PIECESQUARETABLES:0.5
C_MOBILITY:0.5
C_KINGSAFETY:0.49661807740795416
C_PAWNSTRUCTURE:0.5071882392849716
C_PIECECOORDINATION:0.5414174651498439
C_ROOKANDPAWNMOVEMENT:0.5414174651498439
C_CENTERCONTROL:0.49546902313878655
C_DEVELOPPIECES:0.4890721728504396
C_MATERIAL:0.5
C_MOVECOUNT:0.5
