ELO:1021
CE_PASSEDPAWNS:0.5037473903302028
CE_PAWNWEAKNESSES:0.522153535577986
CE_PIECEACTIVITY:0.5088568004368772
CE_KINGPAWNSHIELD:0.47264741306890573
CE_PIECECOORDINATION:0.4906594051929775
CE_MATERIAL:0.47706902982152666
CE_KINGSAFETY:0.5
C_PIECESQUARETABLES:0.5
C_MOBILITY:0.48183786080962987
C_KINGSAFETY:0.4699788242076066
C_PAWNSTRUCTURE:0.5135502999412446
C_PIECECOORDINATION:0.5117530500500119
C_ROOK:0.46101618361128416
CE_ROOK:0.5308422506177983
C_CENTERCONTROL:0.4797949178573378
C_DEVELOPPIECES:0.5183309945605886
C_MATERIAL:0.5376690531374344
C_MOVECOUNT:0.5317895256243793
C_PAWNMOVEMENT:0.5024525713830046
