ELO:832
CE_PASSEDPAWNS:0.5532157065905172
CE_PAWNWEAKNESSES:0.48933281865171857
CE_PIECEACTIVITY:0.5514757253818707
CE_KINGPAWNSHIELD:0.5819260477354412
CE_PIECECOORDINATION:0.5115829750618842
CE_MATERIAL:0.48062181789997976
CE_KINGSAFETY:0.5135350230590466
C_PIECESQUARETABLES:0.4888379895990394
C_MOBILITY:0.48485368111070215
C_KINGSAFETY:0.4910264322813587
C_PAWNSTRUCTURE:0.48119887417287893
C_PIECECOORDINATION:0.5320126399547784
C_ROOKANDPAWNMOVEMENT:0.5320126399547784
C_CENTERCONTROL:0.5134464237371644
C_DEVELOPPIECES:0.49291729300505366
C_MATERIAL:0.49218610887826364
C_MOVECOUNT:0.5
