ELO:1065
CE_PASSEDPAWNS:0.495857615581356
CE_PAWNWEAKNESSES:0.5
CE_PIECEACTIVITY:0.5110600191539338
CE_KINGPAWNSHIELD:0.5
CE_PIECECOORDINATION:0.5069203997583523
CE_MATERIAL:0.48807373824258216
CE_KINGSAFETY:0.5099245784328078
C_PIECESQUARETABLES:0.5
C_MOBILITY:0.5
C_KINGSAFETY:0.4969196590428028
C_PAWNSTRUCTURE:0.4758006059338339
C_PIECECOORDINATION:0.5
C_ROOKANDPAWNMOVEMENT:0.5
C_CENTERCONTROL:0.5
C_DEVELOPPIECES:0.5
C_MATERIAL:0.5
