ELO:804
CE_PASSEDPAWNS:0.6052410671843336
CE_PAWNWEAKNESSES:0.5608021484106822
CE_PIECEACTIVITY:0.5085492778995983
CE_KINGPAWNSHIELD:0.596255278843564
CE_PIECECOORDINATION:0.3408313290425661
CE_MATERIAL:0.7169455618567547
CE_KINGSAFETY:0.5291111684183692
C_PIECESQUARETABLES:0.5156051500006881
C_MOBILITY:0.3783939076401936
C_KINGSAFETY:0.43130023871174183
C_PAWNSTRUCTURE:0.3906684545772329
C_PIECECOORDINATION:0.5318969152479559
C_ROOKANDPAWNMOVEMENT:0.5318969152479559
C_CENTERCONTROL:0.5875266438137942
C_DEVELOPPIECES:0.4871525470849036
C_MATERIAL:0.4155599280251902
