ELO:913
CE_PASSEDPAWNS:0.5213794853379277
CE_PAWNWEAKNESSES:0.5545816755432919
CE_PIECEACTIVITY:0.4863325086191478
CE_KINGPAWNSHIELD:0.5916047513522935
CE_PIECECOORDINATION:0.29460555898350416
CE_MATERIAL:0.6499947337345156
CE_KINGSAFETY:0.5043270806695629
C_PIECESQUARETABLES:0.4731753267233927
C_MOBILITY:0.4002940488223719
C_KINGSAFETY:0.43891198496463774
C_PAWNSTRUCTURE:0.4301459115804602
C_PIECECOORDINATION:0.5220554865541017
C_ROOKANDPAWNMOVEMENT:0.5220554865541017
C_CENTERCONTROL:0.6039378834814325
C_DEVELOPPIECES:0.42491500136140237
C_MATERIAL:0.43575683651101116
