ELO:942
CE_PASSEDPAWNS:0.4858004318785168
CE_PAWNWEAKNESSES:0.516403111628247
CE_PIECEACTIVITY:0.5304320631629532
CE_KINGPAWNSHIELD:0.591601337039234
CE_PIECECOORDINATION:0.47290083289292256
CE_MATERIAL:0.5246161795806934
CE_KINGSAFETY:0.5092874216872547
C_PIECESQUARETABLES:0.5255060274299819
C_MOBILITY:0.5621816399526394
C_KINGSAFETY:0.4404343653345997
C_PAWNSTRUCTURE:0.5271665308980306
C_PIECECOORDINATION:0.5569831975810166
C_ROOKANDPAWNMOVEMENT:0.5569831975810166
C_CENTERCONTROL:0.42340488181551333
C_DEVELOPPIECES:0.6067635507674213
C_MATERIAL:0.5450255144416222
