ELO:901
CE_PASSEDPAWNS:0.48664640650071217
CE_PAWNWEAKNESSES:0.4626631008598846
CE_PIECEACTIVITY:0.5124964582574872
CE_KINGPAWNSHIELD:0.5102553467011861
CE_PIECECOORDINATION:0.5198895629491896
CE_MATERIAL:0.4866507408001684
CE_KINGSAFETY:0.5126195339444086
C_PIECESQUARETABLES:0.4771586236991658
C_MOBILITY:0.5209978602059844
C_KINGSAFETY:0.5235207271846627
C_PAWNSTRUCTURE:0.5194184355715781
C_PIECECOORDINATION:0.5316132557375737
C_ROOK:0.5190656746511695
CE_ROOK:0.49550410086053903
C_CENTERCONTROL:0.46945399757366596
C_DEVELOPPIECES:0.48283081584192505
C_MATERIAL:0.5066502801753664
C_MOVECOUNT:0.5157731855228452
C_PAWNMOVEMENT:0.4929040655954189
