ELO:1071
CE_PASSEDPAWNS:0.46322615305279297
CE_PAWNWEAKNESSES:0.38782719832187545
CE_PIECEACTIVITY:0.4716864615404793
CE_KINGPAWNSHIELD:0.43258509910157744
CE_PIECECOORDINATION:0.4784639299260335
CE_MATERIAL:0.43941211125936164
CE_KINGSAFETY:0.5080943922752229
C_PIECESQUARETABLES:0.5070493733000953
C_MOBILITY:0.45400954717661446
C_KINGSAFETY:0.6563211882722845
C_PAWNSTRUCTURE:0.4782363072073128
C_PIECECOORDINATION:0.465903610438221
C_ROOKANDPAWNMOVEMENT:0.465903610438221
C_CENTERCONTROL:0.497070997080336
C_DEVELOPPIECES:0.5741920510789451
C_MATERIAL:0.3785431592015899
