ELO:982
CE_PASSEDPAWNS:0.5204776179586543
CE_PAWNWEAKNESSES:0.5
CE_PIECEACTIVITY:0.5007864129201585
CE_KINGPAWNSHIELD:0.48776733967180436
CE_PIECECOORDINATION:0.48887659523926413
CE_MATERIAL:0.5073547949113353
CE_KINGSAFETY:0.4919930170454329
C_PIECESQUARETABLES:0.5
C_MOBILITY:0.4879488623417176
C_KINGSAFETY:0.5114314471767311
C_PAWNSTRUCTURE:0.4907101227490717
C_PIECECOORDINATION:0.5
C_ROOKANDPAWNMOVEMENT:0.5
C_CENTERCONTROL:0.5013464219722955
C_DEVELOPPIECES:0.5054882478304163
C_MATERIAL:0.526727502264682
C_MOVECOUNT:0.5024520768188319
