ELO:919
CE_PASSEDPAWNS:0.4942253559591241
CE_PAWNWEAKNESSES:0.6299124998038214
CE_PIECEACTIVITY:0.6075441240263955
CE_KINGPAWNSHIELD:0.47734286405964266
CE_PIECECOORDINATION:0.563460713897258
CE_MATERIAL:0.4025386712855823
CE_KINGSAFETY:0.5060947503704389
C_PIECESQUARETABLES:0.48435703697335797
C_MOBILITY:0.5433452934011574
C_KINGSAFETY:0.5204594466903167
C_PAWNSTRUCTURE:0.6065109878722109
C_PIECECOORDINATION:0.44799740508075725
C_ROOKANDPAWNMOVEMENT:0.44799740508075725
C_CENTERCONTROL:0.35316965460458777
C_DEVELOPPIECES:0.41360266600693996
C_MATERIAL:0.48970050146274363
