ELO:986
CE_PASSEDPAWNS:0.4824726090667818
CE_PAWNWEAKNESSES:0.5827856816087614
CE_PIECEACTIVITY:0.5960725428860119
CE_KINGPAWNSHIELD:0.4635967834229143
CE_PIECECOORDINATION:0.5268513059451856
CE_MATERIAL:0.4852004291649808
CE_KINGSAFETY:0.5092571939914748
C_PIECESQUARETABLES:0.5034158834978448
C_MOBILITY:0.5365883213917106
C_KINGSAFETY:0.48180738446088733
C_PAWNSTRUCTURE:0.6064731231329149
C_PIECECOORDINATION:0.44791630325764586
C_ROOKANDPAWNMOVEMENT:0.44791630325764586
C_CENTERCONTROL:0.3928734684307306
C_DEVELOPPIECES:0.41849294631292616
C_MATERIAL:0.48475107011499946
