ELO:899
CE_PASSEDPAWNS:0.45436129520035534
CE_PAWNWEAKNESSES:0.5496979079184989
CE_PIECEACTIVITY:0.5586111255496595
CE_KINGPAWNSHIELD:0.5270255926335106
CE_PIECECOORDINATION:0.5258455298727118
CE_MATERIAL:0.5036835941321466
CE_KINGSAFETY:0.4652995039343907
C_PIECESQUARETABLES:0.47477257657991995
C_MOBILITY:0.4874722034962195
C_KINGSAFETY:0.5109767957839271
C_PAWNSTRUCTURE:0.5671785742294332
C_PIECECOORDINATION:0.48885633357942043
C_ROOKANDPAWNMOVEMENT:0.48885633357942043
C_CENTERCONTROL:0.450652742392818
C_DEVELOPPIECES:0.4627023024831009
C_MATERIAL:0.553324387324163
C_MOVECOUNT:0.5
