ELO:1000
CE_PASSEDPAWNS:0.48914844968761284
CE_PAWNWEAKNESSES:0.4960479749395114
CE_PIECEACTIVITY:0.49680411617128695
CE_KINGPAWNSHIELD:0.4948569784150494
CE_PIECECOORDINATION:0.5041892363761624
CE_MATERIAL:0.5
CE_KINGSAFETY:0.48129786325665536
C_PIECESQUARETABLES:0.4965795452661852
C_MOBILITY:0.49351711146634036
C_KINGSAFETY:0.5
C_PAWNSTRUCTURE:0.5047882038585817
C_PIECECOORDINATION:0.5011540215733351
C_ROOKANDPAWNMOVEMENT:0.5011540215733351
C_CENTERCONTROL:0.5031669086114969
C_DEVELOPPIECES:0.48821273647824415
C_MATERIAL:0.49272856670817844
C_MOVECOUNT:0.5
