ELO:982
CE_PASSEDPAWNS:0.511322670791836
CE_PAWNWEAKNESSES:0.5062697589275973
CE_PIECEACTIVITY:0.5007257918829927
CE_KINGPAWNSHIELD:0.47326035977410114
CE_PIECECOORDINATION:0.4901574935851547
CE_MATERIAL:0.5170712443172236
CE_KINGSAFETY:0.5
C_PIECESQUARETABLES:0.4927895640957016
C_MOBILITY:0.48615275260027
C_KINGSAFETY:0.4918467480215649
C_PAWNSTRUCTURE:0.49732912431468296
C_PIECECOORDINATION:0.483045083070936
C_ROOKANDPAWNMOVEMENT:0.483045083070936
C_CENTERCONTROL:0.49782631899155405
C_DEVELOPPIECES:0.515542338499632
C_MATERIAL:0.4955688234934552
C_MOVECOUNT:0.5
