ELO:988
CE_PASSEDPAWNS:0.46084983114131567
CE_PAWNWEAKNESSES:0.4724546043375007
CE_PIECEACTIVITY:0.5320155811958243
CE_KINGPAWNSHIELD:0.49691766969883766
CE_PIECECOORDINATION:0.44464666597408375
CE_MATERIAL:0.4957513901742798
CE_KINGSAFETY:0.5152139734351984
C_PIECESQUARETABLES:0.4946104308871533
C_MOBILITY:0.46737403960797735
C_KINGSAFETY:0.5054618321024896
C_PAWNSTRUCTURE:0.4708192298598213
C_PIECECOORDINATION:0.44657996865612865
C_ROOKANDPAWNMOVEMENT:0.44657996865612865
C_CENTERCONTROL:0.4352434893077324
C_DEVELOPPIECES:0.5125961217012619
C_MATERIAL:0.5373375797677239
