ELO:977
CE_PASSEDPAWNS:0.4821288589563216
CE_PAWNWEAKNESSES:0.45272984364843233
CE_PIECEACTIVITY:0.4837603124059437
CE_KINGPAWNSHIELD:0.4838972997425709
CE_PIECECOORDINATION:0.5076780146514251
CE_MATERIAL:0.5305022631364188
CE_KINGSAFETY:0.4910527833215082
C_PIECESQUARETABLES:0.5
C_MOBILITY:0.4789361612802649
C_KINGSAFETY:0.48508906102638655
C_PAWNSTRUCTURE:0.5182140407697212
C_PIECECOORDINATION:0.5295020469269153
C_ROOK:0.5054060702452174
CE_ROOK:0.48261297183082247
C_CENTERCONTROL:0.5078313767187299
C_DEVELOPPIECES:0.520113735771369
C_MATERIAL:0.5003143583772482
C_MOVECOUNT:0.5144863957962429
C_PAWNMOVEMENT:0.5032820411095321
