ELO:845
CE_PASSEDPAWNS:0.45043316722740817
CE_PAWNWEAKNESSES:0.5674222965837084
CE_PIECEACTIVITY:0.5463300460643873
CE_KINGPAWNSHIELD:0.4401633190995744
CE_PIECECOORDINATION:0.41694879212905545
CE_MATERIAL:0.43006486061313076
CE_KINGSAFETY:0.472908748354942
C_PIECESQUARETABLES:0.5147231111823697
C_MOBILITY:0.5268524936269336
C_KINGSAFETY:0.39711822117922774
C_PAWNSTRUCTURE:0.4029153140427996
C_PIECECOORDINATION:0.5261176517169583
C_ROOKANDPAWNMOVEMENT:0.5261176517169583
C_CENTERCONTROL:0.43241471039750096
C_DEVELOPPIECES:0.41118354961018505
C_MATERIAL:0.4354557071986042
