ELO:813
CE_PASSEDPAWNS:0.45417463241051775
CE_PAWNWEAKNESSES:0.6424714997654872
CE_PIECEACTIVITY:0.5505091436630432
CE_KINGPAWNSHIELD:0.4851765048657613
CE_PIECECOORDINATION:0.49906198463031226
CE_MATERIAL:0.4423545103314165
CE_KINGSAFETY:0.4404891383785792
C_PIECESQUARETABLES:0.5356291308400196
C_MOBILITY:0.4780017072045551
C_KINGSAFETY:0.42542443426972737
C_PAWNSTRUCTURE:0.6084869941369405
C_PIECECOORDINATION:0.4625967951427004
C_ROOKANDPAWNMOVEMENT:0.4625967951427004
C_CENTERCONTROL:0.4395952597046636
C_DEVELOPPIECES:0.5186423637976231
C_MATERIAL:0.41572312544852696
C_MOVECOUNT:0.5
