ELO:1016
CE_PASSEDPAWNS:0.452744352179958
CE_PAWNWEAKNESSES:0.5
CE_PIECEACTIVITY:0.5034562598938414
CE_KINGPAWNSHIELD:0.4925680197585166
CE_PIECECOORDINATION:0.49720411585954916
CE_MATERIAL:0.5
CE_KINGSAFETY:0.5327590786419382
C_PIECESQUARETABLES:0.4941944188072584
C_MOBILITY:0.5
C_KINGSAFETY:0.4881362256206645
C_PAWNSTRUCTURE:0.5182000477243908
C_PIECECOORDINATION:0.5196996850625291
C_ROOKANDPAWNMOVEMENT:0.5196996850625291
C_CENTERCONTROL:0.49454358886989935
C_DEVELOPPIECES:0.5084436437369393
C_MATERIAL:0.49638563722999873
C_MOVECOUNT:0.5
