ELO:1019
CE_PASSEDPAWNS:0.4890490725942416
CE_PAWNWEAKNESSES:0.4854814526589114
CE_PIECEACTIVITY:0.5178296754668931
CE_KINGPAWNSHIELD:0.5068878920495345
CE_PIECECOORDINATION:0.45724712091585606
CE_MATERIAL:0.498071357192926
CE_KINGSAFETY:0.5
C_PIECESQUARETABLES:0.5
C_MOBILITY:0.5078466539279142
C_KINGSAFETY:0.489360145671113
C_PAWNSTRUCTURE:0.4950902985279186
C_PIECECOORDINATION:0.5093538163519343
C_ROOK:0.4910398411975883
CE_ROOK:0.502040881386205
C_CENTERCONTROL:0.5117851403947651
C_DEVELOPPIECES:0.49011917197719973
C_MATERIAL:0.5092365221801399
C_MOVECOUNT:0.48744537801667914
C_PAWNMOVEMENT:0.48399930578430655
