ELO:844
CE_PASSEDPAWNS:0.46761455265705654
CE_PAWNWEAKNESSES:0.5009309305740826
CE_PIECEACTIVITY:0.47681757375771605
CE_KINGPAWNSHIELD:0.46723400355176015
CE_PIECECOORDINATION:0.5008524108279487
CE_MATERIAL:0.4581599952693768
CE_KINGSAFETY:0.5215590179990621
C_PIECESQUARETABLES:0.4453386091599913
C_MOBILITY:0.5333575163695461
C_KINGSAFETY:0.5520131326314707
C_PAWNSTRUCTURE:0.4869205457496253
C_PIECECOORDINATION:0.5329037805449689
C_ROOKANDPAWNMOVEMENT:0.5329037805449689
C_CENTERCONTROL:0.4718538149932193
C_DEVELOPPIECES:0.5201312532820201
C_MATERIAL:0.567600683446979
C_MOVECOUNT:0.4328632895557391
