ELO:984
CE_PASSEDPAWNS:0.48117019769402275
CE_PAWNWEAKNESSES:0.5825335232444061
CE_PIECEACTIVITY:0.599551387516127
CE_KINGPAWNSHIELD:0.4686176914726434
CE_PIECECOORDINATION:0.5292274363463172
CE_MATERIAL:0.4852004291649808
CE_KINGSAFETY:0.5
C_PIECESQUARETABLES:0.500993166436308
C_MOBILITY:0.5365883213917106
C_KINGSAFETY:0.4838652335869744
C_PAWNSTRUCTURE:0.598217108316312
C_PIECECOORDINATION:0.44121722931634483
C_ROOKANDPAWNMOVEMENT:0.44121722931634483
C_CENTERCONTROL:0.3826349562271023
C_DEVELOPPIECES:0.42317570311693214
C_MATERIAL:0.47745433681462174
