ELO:936
CE_PASSEDPAWNS:0.41567461865452277
CE_PAWNWEAKNESSES:0.5135841153937213
CE_PIECEACTIVITY:0.45253429986322846
CE_KINGPAWNSHIELD:0.5031365277745159
CE_PIECECOORDINATION:0.5544043154918915
CE_MATERIAL:0.4677817799169699
CE_KINGSAFETY:0.4863379552041909
C_PIECESQUARETABLES:0.5276352156604567
C_MOBILITY:0.5309047485686037
C_KINGSAFETY:0.42591554093260536
C_PAWNSTRUCTURE:0.5312560007269663
C_PIECECOORDINATION:0.4492061166697888
C_ROOKANDPAWNMOVEMENT:0.4492061166697888
C_CENTERCONTROL:0.5553194521805421
C_DEVELOPPIECES:0.5092175390013376
C_MATERIAL:0.5159910491923133
C_MOVECOUNT:0.518643612330485
