ELO:1000
CE_PASSEDPAWNS:0.5321362433148595
CE_PAWNWEAKNESSES:0.48776235526516787
CE_PIECEACTIVITY:0.5075533181390295
CE_KINGPAWNSHIELD:0.5423553322643174
CE_PIECECOORDINATION:0.5129267840609317
CE_MATERIAL:0.48211509095387284
CE_KINGSAFETY:0.5177098780903157
C_PIECESQUARETABLES:0.5060870607218797
C_MOBILITY:0.4788904595556946
C_KINGSAFETY:0.45990638051615973
C_PAWNSTRUCTURE:0.5311632599637285
C_PIECECOORDINATION:0.5183698046244424
C_ROOKANDPAWNMOVEMENT:0.5183698046244424
C_CENTERCONTROL:0.5417319158728757
C_DEVELOPPIECES:0.5067421854192778
C_MATERIAL:0.5210036757927266
