ELO:912
CE_PASSEDPAWNS:0.4970688633506678
CE_PAWNWEAKNESSES:0.6294167786736826
CE_PIECEACTIVITY:0.5997579870628362
CE_KINGPAWNSHIELD:0.49325117498369847
CE_PIECECOORDINATION:0.586516298871514
CE_MATERIAL:0.40983324312964337
CE_KINGSAFETY:0.5135679297958877
C_PIECESQUARETABLES:0.4767773880354322
C_MOBILITY:0.5209027870307524
C_KINGSAFETY:0.5153759988338295
C_PAWNSTRUCTURE:0.6167424017838049
C_PIECECOORDINATION:0.44821819064669516
C_ROOKANDPAWNMOVEMENT:0.44821819064669516
C_CENTERCONTROL:0.3607429791807027
C_DEVELOPPIECES:0.41360266600693996
C_MATERIAL:0.4858072342374163
