ELO:909
CE_PASSEDPAWNS:0.4863660088438532
CE_PAWNWEAKNESSES:0.6354511799972897
CE_PIECEACTIVITY:0.5962280683684116
CE_KINGPAWNSHIELD:0.5169244192990087
CE_PIECECOORDINATION:0.5950805421218276
CE_MATERIAL:0.40204331373120206
CE_KINGSAFETY:0.5092282399838212
C_PIECESQUARETABLES:0.45905837182163534
C_MOBILITY:0.5209027870307524
C_KINGSAFETY:0.5289343850420222
C_PAWNSTRUCTURE:0.6206081103297264
C_PIECECOORDINATION:0.46401313168890124
C_ROOKANDPAWNMOVEMENT:0.46401313168890124
C_CENTERCONTROL:0.350669782924735
C_DEVELOPPIECES:0.3981223265808377
C_MATERIAL:0.48231103688521615
