ELO:979
CE_PASSEDPAWNS:0.49042194949675255
CE_PAWNWEAKNESSES:0.48785927860192724
CE_PIECEACTIVITY:0.48529510930397685
CE_KINGPAWNSHIELD:0.4796295579694253
CE_PIECECOORDINATION:0.4877709520222624
CE_MATERIAL:0.5288322336125766
CE_KINGSAFETY:0.5
C_PIECESQUARETABLES:0.49172779008774714
C_MOBILITY:0.4889598063700825
C_KINGSAFETY:0.48586020992650714
C_PAWNSTRUCTURE:0.5016882478321251
C_PIECECOORDINATION:0.5332751484050597
C_ROOK:0.5147189022090999
CE_ROOK:0.4890625853106546
C_CENTERCONTROL:0.5029783430382871
C_DEVELOPPIECES:0.5094428279465886
C_MATERIAL:0.5046197588011865
C_MOVECOUNT:0.5067561727497784
C_PAWNMOVEMENT:0.49778439453037265
