ELO:830
CE_PASSEDPAWNS:0.5210444461561913
CE_PAWNWEAKNESSES:0.493171632666829
CE_PIECEACTIVITY:0.49918690482327627
CE_KINGPAWNSHIELD:0.5420843820258473
CE_PIECECOORDINATION:0.5077591165700054
CE_MATERIAL:0.53036993687296
CE_KINGSAFETY:0.4942493594341886
C_PIECESQUARETABLES:0.5040938364021234
C_MOBILITY:0.4920383623078626
C_KINGSAFETY:0.49343315036208835
C_PAWNSTRUCTURE:0.45459688063070686
C_PIECECOORDINATION:0.5332957087182785
C_ROOK:0.5419956609668596
CE_ROOK:0.5113824803635525
C_CENTERCONTROL:0.5221478858788615
C_DEVELOPPIECES:0.4372095815169412
C_MATERIAL:0.49375441346593296
C_MOVECOUNT:0.5008138856231568
C_PAWNMOVEMENT:0.5125733263097884
