ELO:930
CE_PASSEDPAWNS:0.4883513583881734
CE_PAWNWEAKNESSES:0.4874837324254656
CE_PIECEACTIVITY:0.47135180250441105
CE_KINGPAWNSHIELD:0.509005011432819
CE_PIECECOORDINATION:0.47982998108137936
CE_MATERIAL:0.5615105465144768
CE_KINGSAFETY:0.5290028063431742
C_PIECESQUARETABLES:0.46183732337829014
C_MOBILITY:0.4276398264098793
C_KINGSAFETY:0.521436522576245
C_PAWNSTRUCTURE:0.4556631014687057
C_PIECECOORDINATION:0.6019150414404063
C_ROOKANDPAWNMOVEMENT:0.6019150414404063
C_CENTERCONTROL:0.41476847965738217
C_DEVELOPPIECES:0.442787902935785
C_MATERIAL:0.42479061474249236
