ELO:977
CE_PASSEDPAWNS:0.4821288589563216
CE_PAWNWEAKNESSES:0.46261996428091245
CE_PIECEACTIVITY:0.4837603124059437
CE_KINGPAWNSHIELD:0.48055151418833136
CE_PIECECOORDINATION:0.4966183260516896
CE_MATERIAL:0.5427749943612512
CE_KINGSAFETY:0.49445910677245486
C_PIECESQUARETABLES:0.48680628248403046
C_MOBILITY:0.4889598063700825
C_KINGSAFETY:0.4881077202599124
C_PAWNSTRUCTURE:0.5182140407697212
C_PIECECOORDINATION:0.5224393344827757
C_ROOK:0.5077193796623589
CE_ROOK:0.4752047978703686
C_CENTERCONTROL:0.5078313767187299
C_DEVELOPPIECES:0.5120315845230288
C_MATERIAL:0.5084757068501629
C_MOVECOUNT:0.5086052230946607
C_PAWNMOVEMENT:0.5032820411095321
