ELO:887
CE_PASSEDPAWNS:0.46074080519047433
CE_PAWNWEAKNESSES:0.5506865924868948
CE_PIECEACTIVITY:0.5620083555139449
CE_KINGPAWNSHIELD:0.5320409496451782
CE_PIECECOORDINATION:0.5310642030827645
CE_MATERIAL:0.47829843327822114
CE_KINGSAFETY:0.47075890639513407
C_PIECESQUARETABLES:0.47761700882507996
C_MOBILITY:0.48705636570918504
C_KINGSAFETY:0.49370372067164664
C_PAWNSTRUCTURE:0.5754695548545415
C_PIECECOORDINATION:0.5105385162309034
C_ROOKANDPAWNMOVEMENT:0.5105385162309034
C_CENTERCONTROL:0.450652742392818
C_DEVELOPPIECES:0.4687164995936322
C_MATERIAL:0.5750208701328295
C_MOVECOUNT:0.5
