ELO:949
CE_PASSEDPAWNS:0.4727478643102343
CE_PAWNWEAKNESSES:0.6347394513297083
CE_PIECEACTIVITY:0.5737444328309369
CE_KINGPAWNSHIELD:0.5008298923822874
CE_PIECECOORDINATION:0.5556253997624706
CE_MATERIAL:0.4000243959713268
CE_KINGSAFETY:0.4897095181645805
C_PIECESQUARETABLES:0.49767715993684875
C_MOBILITY:0.5582357196839223
C_KINGSAFETY:0.49851772192642213
C_PAWNSTRUCTURE:0.6329541422750724
C_PIECECOORDINATION:0.43320421269436926
C_ROOKANDPAWNMOVEMENT:0.43320421269436926
C_CENTERCONTROL:0.36886337869153935
C_DEVELOPPIECES:0.4191297189848102
C_MATERIAL:0.504934470875379
