ELO:997
CE_PASSEDPAWNS:0.5135603641095101
CE_PAWNWEAKNESSES:0.4854814526589114
CE_PIECEACTIVITY:0.517388315537129
CE_KINGPAWNSHIELD:0.5068878920495345
CE_PIECECOORDINATION:0.49400148714066544
CE_MATERIAL:0.498071357192926
CE_KINGSAFETY:0.5174690030986437
C_PIECESQUARETABLES:0.4963139410110378
C_MOBILITY:0.5078466539279142
C_KINGSAFETY:0.4906837631591607
C_PAWNSTRUCTURE:0.5340587285015794
C_PIECECOORDINATION:0.5093538163519343
C_ROOK:0.4910398411975883
CE_ROOK:0.502040881386205
C_CENTERCONTROL:0.5117851403947651
C_DEVELOPPIECES:0.49011917197719973
C_MATERIAL:0.5177364255238226
C_MOVECOUNT:0.48744537801667914
C_PAWNMOVEMENT:0.5408833822352943
