ELO:1000
CE_PASSEDPAWNS:0.5222544276947295
CE_PAWNWEAKNESSES:0.4779678449037941
CE_PIECEACTIVITY:0.5269502996118541
CE_KINGPAWNSHIELD:0.5158236891185048
CE_PIECECOORDINATION:0.5523610567059409
CE_MATERIAL:0.47600245705508337
CE_KINGSAFETY:0.5005517046215527
C_PIECESQUARETABLES:0.5345989959045753
C_MOBILITY:0.4712947237776007
C_KINGSAFETY:0.4321906087007394
C_PAWNSTRUCTURE:0.582468150411892
C_PIECECOORDINATION:0.4805515680466322
C_ROOKANDPAWNMOVEMENT:0.4805515680466322
C_CENTERCONTROL:0.5535895224442899
C_DEVELOPPIECES:0.4921808654769712
C_MATERIAL:0.5035834143630153
