ELO:1024
CE_PASSEDPAWNS:0.5075466929032866
CE_PAWNWEAKNESSES:0.4671866375709505
CE_PIECEACTIVITY:0.5171661253631871
CE_KINGPAWNSHIELD:0.5121659832435179
CE_PIECECOORDINATION:0.5087950927682566
CE_MATERIAL:0.4884303193141036
CE_KINGSAFETY:0.5
C_PIECESQUARETABLES:0.5
C_MOBILITY:0.5057409685396114
C_KINGSAFETY:0.4889139997225084
C_PAWNSTRUCTURE:0.5038266290864318
C_PIECECOORDINATION:0.4915401488048393
C_ROOKANDPAWNMOVEMENT:0.4915401488048393
C_CENTERCONTROL:0.5199836936457659
C_DEVELOPPIECES:0.5167959980575524
C_MATERIAL:0.4919289610012947
C_MOVECOUNT:0.4854570988644885
