ELO:879
CE_PASSEDPAWNS:0.42646521770405726
CE_PAWNWEAKNESSES:0.5756182863268944
CE_PIECEACTIVITY:0.5453338224012506
CE_KINGPAWNSHIELD:0.43161966437071253
CE_PIECECOORDINATION:0.4224324979672592
CE_MATERIAL:0.41943171495309794
CE_KINGSAFETY:0.4876735228234423
C_PIECESQUARETABLES:0.5121477483449856
C_MOBILITY:0.5149584488856632
C_KINGSAFETY:0.4105311465563409
C_PAWNSTRUCTURE:0.37087773363225285
C_PIECECOORDINATION:0.5196998120912528
C_ROOKANDPAWNMOVEMENT:0.5196998120912528
C_CENTERCONTROL:0.40541967594943357
C_DEVELOPPIECES:0.3871818570633058
C_MATERIAL:0.4345344863745289
