ELO:584
CE_PASSEDPAWNS:0.4005291053606477
CE_PAWNWEAKNESSES:0.6553257288762884
CE_PIECEACTIVITY:0.5691572428228897
CE_KINGPAWNSHIELD:0.46895543579023724
CE_PIECECOORDINATION:0.4867095501403619
CE_MATERIAL:0.45283505384460393
CE_KINGSAFETY:0.5099513921372711
C_PIECESQUARETABLES:0.5007275786991285
C_MOBILITY:0.48207602691977514
C_KINGSAFETY:0.3777066165935907
C_PAWNSTRUCTURE:0.6489478588613362
C_PIECECOORDINATION:0.47055994092189096
C_ROOKANDPAWNMOVEMENT:0.47055994092189096
C_CENTERCONTROL:0.42193975704090814
C_DEVELOPPIECES:0.5728210778948527
C_MATERIAL:0.3346020410066753
C_MOVECOUNT:0.4766642363978869
