ELO:874
CE_PASSEDPAWNS:0.4715392018136555
CE_PAWNWEAKNESSES:0.45075096986127566
CE_PIECEACTIVITY:0.5179094827578274
CE_KINGPAWNSHIELD:0.5208949157332184
CE_PIECECOORDINATION:0.5667562544531606
CE_MATERIAL:0.4897574783127812
CE_KINGSAFETY:0.49812709088227614
C_PIECESQUARETABLES:0.4828792190317235
C_MOBILITY:0.4937183045115954
C_KINGSAFETY:0.4615791052225624
C_PAWNSTRUCTURE:0.4961923634689183
C_PIECECOORDINATION:0.509634045703733
C_ROOKANDPAWNMOVEMENT:0.509634045703733
C_CENTERCONTROL:0.4615683985213367
C_DEVELOPPIECES:0.506496384120032
C_MATERIAL:0.5276720805086174
C_MOVECOUNT:0.5
