ELO:979
CE_PASSEDPAWNS:0.49042194949675255
CE_PAWNWEAKNESSES:0.4762877956066345
CE_PIECEACTIVITY:0.4758215731089402
CE_KINGPAWNSHIELD:0.4796295579694253
CE_PIECECOORDINATION:0.4877709520222624
CE_MATERIAL:0.5288322336125766
CE_KINGSAFETY:0.5090402468880443
C_PIECESQUARETABLES:0.5
C_MOBILITY:0.4869912413204029
C_KINGSAFETY:0.48586020992650714
C_PAWNSTRUCTURE:0.5004694133223349
C_PIECECOORDINATION:0.5114615634948896
C_ROOK:0.5147189022090999
CE_ROOK:0.4890625853106546
C_CENTERCONTROL:0.5029783430382871
C_DEVELOPPIECES:0.5094428279465886
C_MATERIAL:0.4864490295358017
C_MOVECOUNT:0.5136109022130618
C_PAWNMOVEMENT:0.4951716091262499
