ELO:953
CE_PASSEDPAWNS:0.492862370096785
CE_PAWNWEAKNESSES:0.6305449416914766
CE_PIECEACTIVITY:0.5672151681248808
CE_KINGPAWNSHIELD:0.497806899190473
CE_PIECECOORDINATION:0.5182070183743007
CE_MATERIAL:0.42256369875864874
CE_KINGSAFETY:0.5
C_PIECESQUARETABLES:0.49598524309608377
C_MOBILITY:0.557339060820686
C_KINGSAFETY:0.5022525141066491
C_PAWNSTRUCTURE:0.6189325497331097
C_PIECECOORDINATION:0.43590927212831804
C_ROOKANDPAWNMOVEMENT:0.43590927212831804
C_CENTERCONTROL:0.3802662822508797
C_DEVELOPPIECES:0.4103008437611809
C_MATERIAL:0.5075672743772488
