ELO:740
CE_PASSEDPAWNS:0.45653919094447376
CE_PAWNWEAKNESSES:0.6011408572966008
CE_PIECEACTIVITY:0.5499522265373082
CE_KINGPAWNSHIELD:0.4898073135253084
CE_PIECECOORDINATION:0.49831606625492086
CE_MATERIAL:0.4427876089888087
CE_KINGSAFETY:0.490911419209514
C_PIECESQUARETABLES:0.5199189202125137
C_MOBILITY:0.4988969322681127
C_KINGSAFETY:0.45602487888248927
C_PAWNSTRUCTURE:0.5634510309859052
C_PIECECOORDINATION:0.455946914263809
C_ROOKANDPAWNMOVEMENT:0.455946914263809
C_CENTERCONTROL:0.43379510647833674
C_DEVELOPPIECES:0.5116876165129266
C_MATERIAL:0.42673706377192383
C_MOVECOUNT:0.5
