ELO:1050
CE_PASSEDPAWNS:0.5023423956369003
CE_PAWNWEAKNESSES:0.5190882174525493
CE_PIECEACTIVITY:0.5091788939950423
CE_KINGPAWNSHIELD:0.5026760606399796
CE_PIECECOORDINATION:0.5005688860707546
CE_MATERIAL:0.5
CE_KINGSAFETY:0.4835926217916857
C_PIECESQUARETABLES:0.4968429269638394
C_MOBILITY:0.5
C_KINGSAFETY:0.5
C_PAWNSTRUCTURE:0.5
C_PIECECOORDINATION:0.5
C_ROOKANDPAWNMOVEMENT:0.5
C_CENTERCONTROL:0.5046689297797745
C_DEVELOPPIECES:0.5064277505877933
C_MATERIAL:0.5
