ELO:1000
CE_PASSEDPAWNS:0.5289415921388104
CE_PAWNWEAKNESSES:0.5007184926517567
CE_PIECEACTIVITY:0.5339938623740513
CE_KINGPAWNSHIELD:0.5119188605633135
CE_PIECECOORDINATION:0.5608571853867265
CE_MATERIAL:0.4834232354939982
CE_KINGSAFETY:0.49113302370274814
C_PIECESQUARETABLES:0.5326943984053494
C_MOBILITY:0.45638789237231564
C_KINGSAFETY:0.4475080651970553
C_PAWNSTRUCTURE:0.5915692319609505
C_PIECECOORDINATION:0.4752865883386975
C_ROOKANDPAWNMOVEMENT:0.4752865883386975
C_CENTERCONTROL:0.5591939197191537
C_DEVELOPPIECES:0.48629421957452884
C_MATERIAL:0.5258491351834975
