ELO:886
CE_PASSEDPAWNS:0.4973728715265321
CE_PAWNWEAKNESSES:0.5298201815218841
CE_PIECEACTIVITY:0.5266909892086291
CE_KINGPAWNSHIELD:0.4987017564447565
CE_PIECECOORDINATION:0.44372270258698315
CE_MATERIAL:0.5182558037308912
CE_KINGSAFETY:0.47556134439107056
C_PIECESQUARETABLES:0.4998838789764902
C_MOBILITY:0.5036140667765933
C_KINGSAFETY:0.49332425008798214
C_PAWNSTRUCTURE:0.47144833653551543
C_PIECECOORDINATION:0.4417574925306301
C_ROOKANDPAWNMOVEMENT:0.4417574925306301
C_CENTERCONTROL:0.4957978866102075
C_DEVELOPPIECES:0.48322501049076877
C_MATERIAL:0.5172280192947307
C_MOVECOUNT:0.5
