ELO:862
CE_PASSEDPAWNS:0.5179726086261828
CE_PAWNWEAKNESSES:0.5205809836130505
CE_PIECEACTIVITY:0.5048027800654465
CE_KINGPAWNSHIELD:0.5369776498048752
CE_PIECECOORDINATION:0.5073386707324756
CE_MATERIAL:0.522520369143463
CE_KINGSAFETY:0.5
C_PIECESQUARETABLES:0.5052717931625036
C_MOBILITY:0.48421010930373104
C_KINGSAFETY:0.5056430522451284
C_PAWNSTRUCTURE:0.43971125057391397
C_PIECECOORDINATION:0.5297943273272039
C_ROOK:0.5394223927227612
CE_ROOK:0.5230880616919592
C_CENTERCONTROL:0.5265009291178216
C_DEVELOPPIECES:0.4366146343592936
C_MATERIAL:0.48429324483895864
C_MOVECOUNT:0.5008138856231568
C_PAWNMOVEMENT:0.5140850924167878
