ELO:993
CE_PASSEDPAWNS:0.48100816627712045
CE_PAWNWEAKNESSES:0.5495436515657907
CE_PIECEACTIVITY:0.5867864617241207
CE_KINGPAWNSHIELD:0.4518755137332124
CE_PIECECOORDINATION:0.5084555330453163
CE_MATERIAL:0.46340849557297425
CE_KINGSAFETY:0.5047615855059747
C_PIECESQUARETABLES:0.42948918336191183
C_MOBILITY:0.5403867697443289
C_KINGSAFETY:0.48428864775404046
C_PAWNSTRUCTURE:0.610655819668655
C_PIECECOORDINATION:0.47033244388159484
C_ROOKANDPAWNMOVEMENT:0.47033244388159484
C_CENTERCONTROL:0.38191144323870774
C_DEVELOPPIECES:0.43699595262634267
C_MATERIAL:0.48746678644247887
