ELO:590
CE_PASSEDPAWNS:0.3956865800350412
CE_PAWNWEAKNESSES:0.6553257288762884
CE_PIECEACTIVITY:0.5598592835837523
CE_KINGPAWNSHIELD:0.4518941869768354
CE_PIECECOORDINATION:0.4867095501403619
CE_MATERIAL:0.45283505384460393
CE_KINGSAFETY:0.5068691369112491
C_PIECESQUARETABLES:0.5111332683802872
C_MOBILITY:0.49436082922053043
C_KINGSAFETY:0.36593032853902857
C_PAWNSTRUCTURE:0.6475575985171794
C_PIECECOORDINATION:0.4682675505864786
C_ROOKANDPAWNMOVEMENT:0.4682675505864786
C_CENTERCONTROL:0.42752083339674696
C_DEVELOPPIECES:0.5705204211551206
C_MATERIAL:0.3346020410066753
C_MOVECOUNT:0.4766642363978869
