ELO:1015
CE_PASSEDPAWNS:0.452744352179958
CE_PAWNWEAKNESSES:0.518243541276286
CE_PIECEACTIVITY:0.5196073244832354
CE_KINGPAWNSHIELD:0.49754092330172345
CE_PIECECOORDINATION:0.509509382085391
CE_MATERIAL:0.5062752250492846
CE_KINGSAFETY:0.4618720977531653
C_PIECESQUARETABLES:0.4772260845701721
C_MOBILITY:0.5008014491835794
C_KINGSAFETY:0.4954284780198703
C_PAWNSTRUCTURE:0.5
C_PIECECOORDINATION:0.4963976648538874
C_ROOKANDPAWNMOVEMENT:0.4963976648538874
C_CENTERCONTROL:0.4884686700298677
C_DEVELOPPIECES:0.4881652560885602
C_MATERIAL:0.4918892224823735
C_MOVECOUNT:0.5
