ELO:1000
CE_PASSEDPAWNS:0.5204333276799146
CE_PAWNWEAKNESSES:0.5
CE_PIECEACTIVITY:0.5
CE_KINGPAWNSHIELD:0.5
CE_PIECECOORDINATION:0.5
CE_MATERIAL:0.5065741255807005
CE_KINGSAFETY:0.5
C_PIECESQUARETABLES:0.5
C_MOBILITY:0.5058962170875079
C_KINGSAFETY:0.4999730040621697
C_PAWNSTRUCTURE:0.5005101534777014
C_PIECECOORDINATION:0.5
C_ROOK:0.50670186099999
CE_ROOK:0.5
C_CENTERCONTROL:0.5
C_DEVELOPPIECES:0.5
C_MATERIAL:0.5
C_MOVECOUNT:0.507298557279868
C_PAWNMOVEMENT:0.5187978516971274
