ELO:984
CE_PASSEDPAWNS:0.5141447348119508
CE_PAWNWEAKNESSES:0.5
CE_PIECEACTIVITY:0.5071539595966339
CE_KINGPAWNSHIELD:0.48719788698562994
CE_PIECECOORDINATION:0.4886970760754109
CE_MATERIAL:0.5071348598257363
CE_KINGSAFETY:0.5
C_PIECESQUARETABLES:0.5068523640282975
C_MOBILITY:0.4944830372438274
C_KINGSAFETY:0.5000685389916419
C_PAWNSTRUCTURE:0.4933994025849013
C_PIECECOORDINATION:0.5134071335819848
C_ROOKANDPAWNMOVEMENT:0.5134071335819848
C_CENTERCONTROL:0.5
C_DEVELOPPIECES:0.495768083784713
C_MATERIAL:0.5091451896850682
