ELO:987
CE_PASSEDPAWNS:0.47390552384336954
CE_PAWNWEAKNESSES:0.5123287641027148
CE_PIECEACTIVITY:0.5168901777032062
CE_KINGPAWNSHIELD:0.4943401215131926
CE_PIECECOORDINATION:0.4562416314200271
CE_MATERIAL:0.5090432845475662
CE_KINGSAFETY:0.5
C_PIECESQUARETABLES:0.49841264030769844
C_MOBILITY:0.4848754046003485
C_KINGSAFETY:0.5236691592762409
C_PAWNSTRUCTURE:0.5119631785825964
C_PIECECOORDINATION:0.5077675160846833
C_ROOKANDPAWNMOVEMENT:0.5077675160846833
C_CENTERCONTROL:0.5002898755979526
C_DEVELOPPIECES:0.4904166528441383
C_MATERIAL:0.5176202133393392
C_MOVECOUNT:0.486370041659203
