ELO:1059
CE_PASSEDPAWNS:0.4841365630586232
CE_PAWNWEAKNESSES:0.5
CE_PIECEACTIVITY:0.5038052260548214
CE_KINGPAWNSHIELD:0.5106427378654373
CE_PIECECOORDINATION:0.5022143295571435
CE_MATERIAL:0.5004956027584847
CE_KINGSAFETY:0.4978696492195949
C_PIECESQUARETABLES:0.5
C_MOBILITY:0.5072888211093223
C_KINGSAFETY:0.4883107654782966
C_PAWNSTRUCTURE:0.5038144659291385
C_PIECECOORDINATION:0.5
C_ROOKANDPAWNMOVEMENT:0.5
C_CENTERCONTROL:0.5
C_DEVELOPPIECES:0.5
C_MATERIAL:0.5105743948833944
