ELO:1000
CE_PASSEDPAWNS:0.5223674951108748
CE_PAWNWEAKNESSES:0.49319437165432556
CE_PIECEACTIVITY:0.5075533181390295
CE_KINGPAWNSHIELD:0.5180512398559721
CE_PIECECOORDINATION:0.5080581840688642
CE_MATERIAL:0.48211509095387284
CE_KINGSAFETY:0.5050869161589147
C_PIECESQUARETABLES:0.4996365088156473
C_MOBILITY:0.498937607498348
C_KINGSAFETY:0.47156046191916745
C_PAWNSTRUCTURE:0.5137464553886559
C_PIECECOORDINATION:0.5143051935527471
C_ROOKANDPAWNMOVEMENT:0.5143051935527471
C_CENTERCONTROL:0.5417230731147203
C_DEVELOPPIECES:0.5080247542792026
C_MATERIAL:0.5019870371185946
