ELO:1000
CE_PASSEDPAWNS:0.45477823310549864
CE_PAWNWEAKNESSES:0.5176185281639906
CE_PIECEACTIVITY:0.5276976943105475
CE_KINGPAWNSHIELD:0.5069656428675043
CE_PIECECOORDINATION:0.4732540773443477
CE_MATERIAL:0.5058317443483947
CE_KINGSAFETY:0.5153548538792738
C_PIECESQUARETABLES:0.4911458800171666
C_MOBILITY:0.48790606738692677
C_KINGSAFETY:0.5120161699749906
C_PAWNSTRUCTURE:0.480306291491609
C_PIECECOORDINATION:0.42592505882559945
C_ROOKANDPAWNMOVEMENT:0.42592505882559945
C_CENTERCONTROL:0.43435492763180406
C_DEVELOPPIECES:0.4829812826946155
C_MATERIAL:0.5426766859079755
