ELO:539
CE_PASSEDPAWNS:0.4471209624318572
CE_PAWNWEAKNESSES:0.6740343561623002
CE_PIECEACTIVITY:0.5843200257957686
CE_KINGPAWNSHIELD:0.4961098899413297
CE_PIECECOORDINATION:0.5271886325453499
CE_MATERIAL:0.46784023336253727
CE_KINGSAFETY:0.4294947262601678
C_PIECESQUARETABLES:0.5623136769917536
C_MOBILITY:0.4884111097447372
C_KINGSAFETY:0.3611919591148034
C_PAWNSTRUCTURE:0.6665792057374391
C_PIECECOORDINATION:0.4799110526020801
C_ROOKANDPAWNMOVEMENT:0.4799110526020801
C_CENTERCONTROL:0.4307603785930822
C_DEVELOPPIECES:0.5307336079359259
C_MATERIAL:0.3834866538488092
C_MOVECOUNT:0.5
