ELO:970
CE_PASSEDPAWNS:0.4827301865591992
CE_PAWNWEAKNESSES:0.5266657858289946
CE_PIECEACTIVITY:0.48051755126834306
CE_KINGPAWNSHIELD:0.45772683579558193
CE_PIECECOORDINATION:0.5076780146514251
CE_MATERIAL:0.5083385906436069
CE_KINGSAFETY:0.5
C_PIECESQUARETABLES:0.5
C_MOBILITY:0.49101867705887986
C_KINGSAFETY:0.5186073860118167
C_PAWNSTRUCTURE:0.502355635637707
C_PIECECOORDINATION:0.5377894460590339
C_ROOK:0.493768372826866
CE_ROOK:0.4911874285297802
C_CENTERCONTROL:0.48062616958380644
C_DEVELOPPIECES:0.479273685447334
C_MATERIAL:0.507768382445936
C_MOVECOUNT:0.4988588414281049
C_PAWNMOVEMENT:0.5272471249197977
