ELO:830
CE_PASSEDPAWNS:0.5117380431460208
CE_PAWNWEAKNESSES:0.4920967643039558
CE_PIECEACTIVITY:0.48780459662627684
CE_KINGPAWNSHIELD:0.5410595165834603
CE_PIECECOORDINATION:0.522214662100826
CE_MATERIAL:0.5590572033336467
CE_KINGSAFETY:0.4901129963600883
C_PIECESQUARETABLES:0.4952779095186906
C_MOBILITY:0.5101832812147729
C_KINGSAFETY:0.4699260887483607
C_PAWNSTRUCTURE:0.4604316220060715
C_PIECECOORDINATION:0.5621644988229331
C_ROOK:0.5451533548335288
CE_ROOK:0.5230818194237542
C_CENTERCONTROL:0.5273993831637258
C_DEVELOPPIECES:0.44893319924391895
C_MATERIAL:0.5135676704655707
C_MOVECOUNT:0.49032139668765545
C_PAWNMOVEMENT:0.4874987885518886
