ELO:1000
CE_PASSEDPAWNS:0.5003157538335358
CE_PAWNWEAKNESSES:0.5
CE_PIECEACTIVITY:0.5
CE_KINGPAWNSHIELD:0.5
CE_PIECECOORDINATION:0.5
CE_MATERIAL:0.5016622228446378
CE_KINGSAFETY:0.49922090090246224
C_PIECESQUARETABLES:0.48968028945905007
C_MOBILITY:0.5
C_KINGSAFETY:0.5
C_PAWNSTRUCTURE:0.5
C_PIECECOORDINATION:0.5119060106570967
C_ROOKANDPAWNMOVEMENT:0.5119060106570967
C_CENTERCONTROL:0.5100032599672524
C_DEVELOPPIECES:0.5
C_MATERIAL:0.5
