ELO:842
CE_PASSEDPAWNS:0.5210444461561913
CE_PAWNWEAKNESSES:0.493171632666829
CE_PIECEACTIVITY:0.49880046860319655
CE_KINGPAWNSHIELD:0.5420843820258473
CE_PIECECOORDINATION:0.5077591165700054
CE_MATERIAL:0.5349461425576911
CE_KINGSAFETY:0.5
C_PIECESQUARETABLES:0.5
C_MOBILITY:0.4920383623078626
C_KINGSAFETY:0.4824276505055006
C_PAWNSTRUCTURE:0.45459688063070686
C_PIECECOORDINATION:0.5527035628993264
C_ROOK:0.5471073861345982
CE_ROOK:0.5236137433282488
C_CENTERCONTROL:0.5221478858788615
C_DEVELOPPIECES:0.43517181003180966
C_MATERIAL:0.5052586821897839
C_MOVECOUNT:0.48948466976950644
C_PAWNMOVEMENT:0.5123244899596567
