ELO:828
CE_PASSEDPAWNS:0.4360855174663858
CE_PAWNWEAKNESSES:0.5740981150406241
CE_PIECEACTIVITY:0.5680137158507348
CE_KINGPAWNSHIELD:0.43078760249319653
CE_PIECECOORDINATION:0.4297019996027655
CE_MATERIAL:0.4294792509453597
CE_KINGSAFETY:0.47844911899043224
C_PIECESQUARETABLES:0.5058156795738373
C_MOBILITY:0.5285386841746386
C_KINGSAFETY:0.39101814396556467
C_PAWNSTRUCTURE:0.4029153140427996
C_PIECECOORDINATION:0.5323735991719736
C_ROOKANDPAWNMOVEMENT:0.5323735991719736
C_CENTERCONTROL:0.41370274213828134
C_DEVELOPPIECES:0.41118354961018505
C_MATERIAL:0.45172336332206364
