ELO:990
CE_PASSEDPAWNS:0.40231625774800683
CE_PAWNWEAKNESSES:0.4379647391266902
CE_PIECEACTIVITY:0.5055534717583172
CE_KINGPAWNSHIELD:0.48752437482193034
CE_PIECECOORDINATION:0.6008383683890817
CE_MATERIAL:0.4082337353431979
CE_KINGSAFETY:0.5
C_PIECESQUARETABLES:0.4892490819573002
C_MOBILITY:0.6111469610767595
C_KINGSAFETY:0.5742475742575268
C_PAWNSTRUCTURE:0.62436365227218
C_PIECECOORDINATION:0.6196878525040417
C_ROOKANDPAWNMOVEMENT:0.6196878525040417
C_CENTERCONTROL:0.3735826884175309
C_DEVELOPPIECES:0.5641519998367672
C_MATERIAL:0.5756630400059508
