ELO:1014
CE_PASSEDPAWNS:0.4983089524819313
CE_PAWNWEAKNESSES:0.43801906370837695
CE_PIECEACTIVITY:0.5267778752423243
CE_KINGPAWNSHIELD:0.4575931234940863
CE_PIECECOORDINATION:0.4914417566353002
CE_MATERIAL:0.5132219908983674
CE_KINGSAFETY:0.549778060693394
C_PIECESQUARETABLES:0.5278709696511537
C_MOBILITY:0.5223346716141573
C_KINGSAFETY:0.5270202738512544
C_PAWNSTRUCTURE:0.4908302189595743
C_PIECECOORDINATION:0.5225112587348882
C_ROOKANDPAWNMOVEMENT:0.5225112587348882
C_CENTERCONTROL:0.4622229517411729
C_DEVELOPPIECES:0.5221476467819297
C_MATERIAL:0.48429523079780906
C_MOVECOUNT:0.5121073011159746
