ELO:987
CE_PASSEDPAWNS:0.5
CE_PAWNWEAKNESSES:0.4737252689873195
CE_PIECEACTIVITY:0.4670941441844117
CE_KINGPAWNSHIELD:0.5092774248004385
CE_PIECECOORDINATION:0.5
CE_MATERIAL:0.49378033240774766
CE_KINGSAFETY:0.5
C_PIECESQUARETABLES:0.505071423936729
C_MOBILITY:0.5043238498953178
C_KINGSAFETY:0.49033689786634094
C_PAWNSTRUCTURE:0.479726509132928
C_PIECECOORDINATION:0.5
C_ROOKANDPAWNMOVEMENT:0.5
C_CENTERCONTROL:0.49487451954425965
C_DEVELOPPIECES:0.4932290045994338
C_MATERIAL:0.4955091560693579
