ELO:1000
CE_PASSEDPAWNS:0.4859214711842841
CE_PAWNWEAKNESSES:0.49936730077653646
CE_PIECEACTIVITY:0.49792434419297676
CE_KINGPAWNSHIELD:0.5
CE_PIECECOORDINATION:0.5061474874775663
CE_MATERIAL:0.5064605411742625
CE_KINGSAFETY:0.49428917181247417
C_PIECESQUARETABLES:0.5
C_MOBILITY:0.4922722672642057
C_KINGSAFETY:0.4980715060054211
C_PAWNSTRUCTURE:0.5059456387146568
C_PIECECOORDINATION:0.4941748859113059
C_ROOK:0.4895786885934189
CE_ROOK:0.5148329313165839
C_CENTERCONTROL:0.5085434213090353
C_DEVELOPPIECES:0.5083405210900326
C_MATERIAL:0.4847465280595675
C_MOVECOUNT:0.5216456157624145
C_PAWNMOVEMENT:0.5
