ELO:911
CE_PASSEDPAWNS:0.5249194452084702
CE_PAWNWEAKNESSES:0.4287811673908939
CE_PIECEACTIVITY:0.4918274091582401
CE_KINGPAWNSHIELD:0.52254228106504
CE_PIECECOORDINATION:0.5190517216191497
CE_MATERIAL:0.5046594200425063
CE_KINGSAFETY:0.48448040638278705
C_PIECESQUARETABLES:0.5063814174596122
C_MOBILITY:0.5392250102782306
C_KINGSAFETY:0.4827517043838896
C_PAWNSTRUCTURE:0.534105333792318
C_PIECECOORDINATION:0.44749229131448504
C_ROOK:0.486551278682076
CE_ROOK:0.4823279931860172
C_CENTERCONTROL:0.47406806232579407
C_DEVELOPPIECES:0.4946502877027665
C_MATERIAL:0.48124461591605494
C_MOVECOUNT:0.4985386319763216
C_PAWNMOVEMENT:0.528154254521503
