ELO:958
CE_PASSEDPAWNS:0.5594085127156433
CE_PAWNWEAKNESSES:0.4691870319745076
CE_PIECEACTIVITY:0.5240741911969262
CE_KINGPAWNSHIELD:0.5027042116184737
CE_PIECECOORDINATION:0.5656651342462891
CE_MATERIAL:0.42923758153578606
CE_KINGSAFETY:0.5513573612956725
C_PIECESQUARETABLES:0.500011226097049
C_MOBILITY:0.5578603456817556
C_KINGSAFETY:0.5860071059344677
C_PAWNSTRUCTURE:0.6072079621461781
C_PIECECOORDINATION:0.5666545761817958
C_ROOKANDPAWNMOVEMENT:0.5666545761817958
C_CENTERCONTROL:0.41073507447462065
C_DEVELOPPIECES:0.5392796740660134
C_MATERIAL:0.5007598709147657
