ELO:999
CE_PASSEDPAWNS:0.49965845812181825
CE_PAWNWEAKNESSES:0.5076575630404229
CE_PIECEACTIVITY:0.5554744823535398
CE_KINGPAWNSHIELD:0.4390124666811492
CE_PIECECOORDINATION:0.4647346200649039
CE_MATERIAL:0.5307605023000763
CE_KINGSAFETY:0.5063272425497511
C_PIECESQUARETABLES:0.5169306813135579
C_MOBILITY:0.4226869893082352
C_KINGSAFETY:0.4870738220269686
C_PAWNSTRUCTURE:0.4885222107239132
C_PIECECOORDINATION:0.5363044848795585
C_ROOKANDPAWNMOVEMENT:0.5363044848795585
C_CENTERCONTROL:0.5320505645798255
C_DEVELOPPIECES:0.49981353075502727
C_MATERIAL:0.44320698368733025
