ELO:933
CE_PASSEDPAWNS:0.513769657324193
CE_PAWNWEAKNESSES:0.4397985685166073
CE_PIECEACTIVITY:0.4932486913512616
CE_KINGPAWNSHIELD:0.5139571730592489
CE_PIECECOORDINATION:0.5147126669978319
CE_MATERIAL:0.5069059069187315
CE_KINGSAFETY:0.5
C_PIECESQUARETABLES:0.5
C_MOBILITY:0.529673379646173
C_KINGSAFETY:0.48040356033743226
C_PAWNSTRUCTURE:0.5250163747243694
C_PIECECOORDINATION:0.4490134637049187
C_ROOK:0.486551278682076
CE_ROOK:0.4823279931860172
C_CENTERCONTROL:0.4767847860853117
C_DEVELOPPIECES:0.5001234050875645
C_MATERIAL:0.4906530225001088
C_MOVECOUNT:0.5055587150479337
C_PAWNMOVEMENT:0.5235422462285775
