ELO:964
CE_PASSEDPAWNS:0.4829651288819046
CE_PAWNWEAKNESSES:0.5137545137951658
CE_PIECEACTIVITY:0.5531443987304238
CE_KINGPAWNSHIELD:0.5231831611838313
CE_PIECECOORDINATION:0.5854837483979695
CE_MATERIAL:0.42913682187936203
CE_KINGSAFETY:0.519293712626708
C_PIECESQUARETABLES:0.49173623721715154
C_MOBILITY:0.528087007006995
C_KINGSAFETY:0.5581230898719495
C_PAWNSTRUCTURE:0.6048355735341693
C_PIECECOORDINATION:0.568370470233514
C_ROOKANDPAWNMOVEMENT:0.568370470233514
C_CENTERCONTROL:0.488671752311495
C_DEVELOPPIECES:0.5489913567134227
C_MATERIAL:0.47633645650421946
