ELO:986
CE_PASSEDPAWNS:0.4980884400911499
CE_PAWNWEAKNESSES:0.4911493440682017
CE_PIECEACTIVITY:0.4817861631527237
CE_KINGPAWNSHIELD:0.5362759493069961
CE_PIECECOORDINATION:0.431161753329391
CE_MATERIAL:0.487900211199987
CE_KINGSAFETY:0.5289547027765447
C_PIECESQUARETABLES:0.5246599619053176
C_MOBILITY:0.5452259809661169
C_KINGSAFETY:0.5625206525740478
C_PAWNSTRUCTURE:0.5546869841194938
C_PIECECOORDINATION:0.561181099280832
C_ROOKANDPAWNMOVEMENT:0.561181099280832
C_CENTERCONTROL:0.438939473451523
C_DEVELOPPIECES:0.5324117174802184
C_MATERIAL:0.43391946177786417
