ELO:937
CE_PASSEDPAWNS:0.5180945017688348
CE_PAWNWEAKNESSES:0.5283124389784987
CE_PIECEACTIVITY:0.511382130751092
CE_KINGPAWNSHIELD:0.45159000628307194
CE_PIECECOORDINATION:0.508347655928048
CE_MATERIAL:0.4808710280466908
CE_KINGSAFETY:0.5066854669307892
C_PIECESQUARETABLES:0.5465605749361614
C_MOBILITY:0.5012822612256833
C_KINGSAFETY:0.4725415612452242
C_PAWNSTRUCTURE:0.46058681001045093
C_PIECECOORDINATION:0.48723006177030026
C_ROOKANDPAWNMOVEMENT:0.48723006177030026
C_CENTERCONTROL:0.4581232490458717
C_DEVELOPPIECES:0.45977976483608407
C_MATERIAL:0.49269643154675885
C_MOVECOUNT:0.47941036823563044
