ELO:1003
CE_PASSEDPAWNS:0.5128275144167672
CE_PAWNWEAKNESSES:0.5395052303700534
CE_PIECEACTIVITY:0.49853120201312134
CE_KINGPAWNSHIELD:0.5078890619213068
CE_PIECECOORDINATION:0.5046922863498773
CE_MATERIAL:0.5065319275944672
CE_KINGSAFETY:0.5
C_PIECESQUARETABLES:0.5
C_MOBILITY:0.5035184945984568
C_KINGSAFETY:0.48623535839089366
C_PAWNSTRUCTURE:0.5152673328794956
C_PIECECOORDINATION:0.5
C_ROOKANDPAWNMOVEMENT:0.5
C_CENTERCONTROL:0.5067472484023048
C_DEVELOPPIECES:0.509088514134899
C_MATERIAL:0.500018212283255
C_MOVECOUNT:0.499089556670538
