ELO:794
CE_PASSEDPAWNS:0.5790995682959458
CE_PAWNWEAKNESSES:0.4265467079761874
CE_PIECEACTIVITY:0.49597090468915667
CE_KINGPAWNSHIELD:0.40102121902145693
CE_PIECECOORDINATION:0.516040914917637
CE_MATERIAL:0.42880102993617875
CE_KINGSAFETY:0.5111171884276934
C_PIECESQUARETABLES:0.49493240889295453
C_MOBILITY:0.30204174408049955
C_KINGSAFETY:0.49614148577998207
C_PAWNSTRUCTURE:0.5440719964058882
C_PIECECOORDINATION:0.4697119422407392
C_ROOKANDPAWNMOVEMENT:0.4697119422407392
C_CENTERCONTROL:0.5860959122920328
C_DEVELOPPIECES:0.4134640766270578
C_MATERIAL:0.5222250465957803
