ELO:923
CE_PASSEDPAWNS:0.551780738355994
CE_PAWNWEAKNESSES:0.449003480622757
CE_PIECEACTIVITY:0.5891518550246156
CE_KINGPAWNSHIELD:0.42219804302706415
CE_PIECECOORDINATION:0.5164361332923705
CE_MATERIAL:0.46505658327229754
CE_KINGSAFETY:0.5502930462463715
C_PIECESQUARETABLES:0.5159819779859867
C_MOBILITY:0.34911628781198184
C_KINGSAFETY:0.46764698990384374
C_PAWNSTRUCTURE:0.4741368841876833
C_PIECECOORDINATION:0.4874633463266396
C_ROOKANDPAWNMOVEMENT:0.4874633463266396
C_CENTERCONTROL:0.571094188326756
C_DEVELOPPIECES:0.48326769337172537
C_MATERIAL:0.5090800961610727
