ELO:994
CE_PASSEDPAWNS:0.5963638231584425
CE_PAWNWEAKNESSES:0.48215112125955667
CE_PIECEACTIVITY:0.517240438391853
CE_KINGPAWNSHIELD:0.5027977503285365
CE_PIECECOORDINATION:0.567259619635333
CE_MATERIAL:0.4092729230964859
CE_KINGSAFETY:0.5419489137826914
C_PIECESQUARETABLES:0.5104335721779361
C_MOBILITY:0.5671761484769422
C_KINGSAFETY:0.5670501588734186
C_PAWNSTRUCTURE:0.591865496606965
C_PIECECOORDINATION:0.5789251590755246
C_ROOKANDPAWNMOVEMENT:0.5789251590755246
C_CENTERCONTROL:0.412538906712873
C_DEVELOPPIECES:0.5458775731461757
C_MATERIAL:0.5057179816613435
