ELO:918
CE_PASSEDPAWNS:0.5085305470755104
CE_PAWNWEAKNESSES:0.42059783041728993
CE_PIECEACTIVITY:0.45803296674744864
CE_KINGPAWNSHIELD:0.5066499979964151
CE_PIECECOORDINATION:0.5181556288866566
CE_MATERIAL:0.49787329444296086
CE_KINGSAFETY:0.5029937099269799
C_PIECESQUARETABLES:0.5122998732720037
C_MOBILITY:0.5445121718017325
C_KINGSAFETY:0.4586823374831058
C_PAWNSTRUCTURE:0.511822563085043
C_PIECECOORDINATION:0.4524209793986214
C_ROOK:0.5066755055384706
CE_ROOK:0.49257772080213663
C_CENTERCONTROL:0.4692659011742343
C_DEVELOPPIECES:0.5289904358435887
C_MATERIAL:0.5179391667869819
C_MOVECOUNT:0.5119569357394476
C_PAWNMOVEMENT:0.5190395195439261
