ELO:959
CE_PASSEDPAWNS:0.5051675990625852
CE_PAWNWEAKNESSES:0.4597162878655136
CE_PIECEACTIVITY:0.5005419436260273
CE_KINGPAWNSHIELD:0.4466014741868101
CE_PIECECOORDINATION:0.4799114445023034
CE_MATERIAL:0.5157476932400211
CE_KINGSAFETY:0.5192726470594135
C_PIECESQUARETABLES:0.5
C_MOBILITY:0.4816150952492944
C_KINGSAFETY:0.5592936925462394
C_PAWNSTRUCTURE:0.4972323081345645
C_PIECECOORDINATION:0.5
C_ROOKANDPAWNMOVEMENT:0.5
C_CENTERCONTROL:0.5738308201682844
C_DEVELOPPIECES:0.5013391619851276
C_MATERIAL:0.3995849967759316
C_MOVECOUNT:0.5
