ELO:1000
CE_PASSEDPAWNS:0.49277974492417126
CE_PAWNWEAKNESSES:0.49446220313280803
CE_PIECEACTIVITY:0.5351857168946371
CE_KINGPAWNSHIELD:0.5069708419826566
CE_PIECECOORDINATION:0.5046494982538182
CE_MATERIAL:0.4723386134323348
CE_KINGSAFETY:0.5314433929790949
C_PIECESQUARETABLES:0.5075171756760508
C_MOBILITY:0.5146987810353999
C_KINGSAFETY:0.5029877504362353
C_PAWNSTRUCTURE:0.5127597272498207
C_PIECECOORDINATION:0.5079448837977367
C_ROOKANDPAWNMOVEMENT:0.5079448837977367
C_CENTERCONTROL:0.4923399873048601
C_DEVELOPPIECES:0.5074055971676
C_MATERIAL:0.4979592524344259
