ELO:889
CE_PASSEDPAWNS:0.5062376394616195
CE_PAWNWEAKNESSES:0.47496675605050437
CE_PIECEACTIVITY:0.49282161946800773
CE_KINGPAWNSHIELD:0.4839075772298212
CE_PIECECOORDINATION:0.49326934632369157
CE_MATERIAL:0.4675403437316084
CE_KINGSAFETY:0.5069428306378472
C_PIECESQUARETABLES:0.4945330415939207
C_MOBILITY:0.5101847069686386
C_KINGSAFETY:0.49370165953640477
C_PAWNSTRUCTURE:0.4524404764952629
C_PIECECOORDINATION:0.4944799005658411
C_ROOKANDPAWNMOVEMENT:0.4944799005658411
C_CENTERCONTROL:0.4839578655140894
C_DEVELOPPIECES:0.49705917643943553
C_MATERIAL:0.47443714387761665
C_MOVECOUNT:0.4681962467150362
