ELO:980
CE_PASSEDPAWNS:0.5
CE_PAWNWEAKNESSES:0.5046045763450028
CE_PIECEACTIVITY:0.505182934283369
CE_KINGPAWNSHIELD:0.49412822223530545
CE_PIECECOORDINATION:0.49455262637875486
CE_MATERIAL:0.5066621705449456
CE_KINGSAFETY:0.490982744516742
C_PIECESQUARETABLES:0.4796686332144723
C_MOBILITY:0.5281760070060865
C_KINGSAFETY:0.5030855237793251
C_PAWNSTRUCTURE:0.5136829860746832
C_PIECECOORDINATION:0.4985830009060044
C_ROOK:0.47782086066422974
CE_ROOK:0.514653875319142
C_CENTERCONTROL:0.4883168165818284
C_DEVELOPPIECES:0.508048798201009
C_MATERIAL:0.532003042511827
C_MOVECOUNT:0.49088669866104523
C_PAWNMOVEMENT:0.5311397779889979
