ELO:977
CE_PASSEDPAWNS:0.513769657324193
CE_PAWNWEAKNESSES:0.43565815342737935
CE_PIECEACTIVITY:0.5152313119897438
CE_KINGPAWNSHIELD:0.4457337826069989
CE_PIECECOORDINATION:0.511820606122752
CE_MATERIAL:0.47406151152458953
CE_KINGSAFETY:0.5
C_PIECESQUARETABLES:0.5010116893355889
C_MOBILITY:0.4710930004900037
C_KINGSAFETY:0.5055670160239316
C_PAWNSTRUCTURE:0.5178086364567924
C_PIECECOORDINATION:0.45091573660539297
C_ROOK:0.5143477707810431
CE_ROOK:0.47440936877793655
C_CENTERCONTROL:0.5359882418433312
C_DEVELOPPIECES:0.46257167637646995
C_MATERIAL:0.48716554509484167
C_MOVECOUNT:0.4276564851977146
C_PAWNMOVEMENT:0.5410265713496601
