ELO:998
CE_PASSEDPAWNS:0.5020455320685063
CE_PAWNWEAKNESSES:0.49982074887938144
CE_PIECEACTIVITY:0.5181163526665757
CE_KINGPAWNSHIELD:0.4974408098415922
CE_PIECECOORDINATION:0.4982088502380135
CE_MATERIAL:0.4983786588271506
CE_KINGSAFETY:0.5
C_PIECESQUARETABLES:0.4786155934706752
C_MOBILITY:0.5061356032839287
C_KINGSAFETY:0.49403981282429343
C_PAWNSTRUCTURE:0.49900569981566073
C_PIECECOORDINATION:0.4932362101482845
C_ROOKANDPAWNMOVEMENT:0.4932362101482845
C_CENTERCONTROL:0.49743915804291117
C_DEVELOPPIECES:0.5
C_MATERIAL:0.49282087919240664
C_MOVECOUNT:0.5
