ELO:983
CE_PASSEDPAWNS:0.48256477462234865
CE_PAWNWEAKNESSES:0.4957301204740706
CE_PIECEACTIVITY:0.4806661222405503
CE_KINGPAWNSHIELD:0.49509296375774264
CE_PIECECOORDINATION:0.4759439344454647
CE_MATERIAL:0.5074738625019547
CE_KINGSAFETY:0.49568449870586223
C_PIECESQUARETABLES:0.4721326982286847
C_MOBILITY:0.4716627340022465
C_KINGSAFETY:0.5035165325827319
C_PAWNSTRUCTURE:0.4928986088638864
C_PIECECOORDINATION:0.47032276082453844
C_ROOK:0.49887224657943524
CE_ROOK:0.5283392453148371
C_CENTERCONTROL:0.5089634807086455
C_DEVELOPPIECES:0.48682514935911236
C_MATERIAL:0.5109750048053274
C_MOVECOUNT:0.531772650519716
C_PAWNMOVEMENT:0.5039266639839354
