ELO:990
CE_PASSEDPAWNS:0.39792981371987557
CE_PAWNWEAKNESSES:0.43804059842882975
CE_PIECEACTIVITY:0.5098476234371638
CE_KINGPAWNSHIELD:0.5021182306527306
CE_PIECECOORDINATION:0.6092782055877115
CE_MATERIAL:0.41237886705497595
CE_KINGSAFETY:0.5030435628949533
C_PIECESQUARETABLES:0.5
C_MOBILITY:0.6111469610767595
C_KINGSAFETY:0.5656563366311712
C_PAWNSTRUCTURE:0.6260019373602326
C_PIECECOORDINATION:0.6135308168497035
C_ROOKANDPAWNMOVEMENT:0.6135308168497035
C_CENTERCONTROL:0.3765485647298798
C_DEVELOPPIECES:0.5528173797779841
C_MATERIAL:0.5962531257548813
