ELO:1062
CE_PASSEDPAWNS:0.4809828180159033
CE_PAWNWEAKNESSES:0.5
CE_PIECEACTIVITY:0.4926457984075724
CE_KINGPAWNSHIELD:0.49576403969998994
CE_PIECECOORDINATION:0.5021784484244298
CE_MATERIAL:0.5097203310523631
CE_KINGSAFETY:0.5
C_PIECESQUARETABLES:0.5
C_MOBILITY:0.5
C_KINGSAFETY:0.5
C_PAWNSTRUCTURE:0.491721400215077
C_PIECECOORDINATION:0.5
C_ROOKANDPAWNMOVEMENT:0.5
C_CENTERCONTROL:0.5
C_DEVELOPPIECES:0.5
C_MATERIAL:0.5
