ELO:1043
CE_PASSEDPAWNS:0.5265050284138625
CE_PAWNWEAKNESSES:0.4565510696416432
CE_PIECEACTIVITY:0.5021165956769557
CE_KINGPAWNSHIELD:0.5132212229002344
CE_PIECECOORDINATION:0.491468146052992
CE_MATERIAL:0.5376942071714466
CE_KINGSAFETY:0.5
C_PIECESQUARETABLES:0.5
C_MOBILITY:0.5079418355792498
C_KINGSAFETY:0.5522135599625418
C_PAWNSTRUCTURE:0.5157973747084403
C_PIECECOORDINATION:0.5138555281193984
C_ROOKANDPAWNMOVEMENT:0.5138555281193984
C_CENTERCONTROL:0.4257167221189581
C_DEVELOPPIECES:0.5
C_MATERIAL:0.45880582442211904
C_MOVECOUNT:0.5
