ELO:988
CE_PASSEDPAWNS:0.39792981371987557
CE_PAWNWEAKNESSES:0.42416456760923177
CE_PIECEACTIVITY:0.5098476234371638
CE_KINGPAWNSHIELD:0.4985355285127799
CE_PIECECOORDINATION:0.6092782055877115
CE_MATERIAL:0.4076283336527567
CE_KINGSAFETY:0.5084590035693302
C_PIECESQUARETABLES:0.5
C_MOBILITY:0.6056663038302389
C_KINGSAFETY:0.5742475742575268
C_PAWNSTRUCTURE:0.6105397422343031
C_PIECECOORDINATION:0.631330758772103
C_ROOKANDPAWNMOVEMENT:0.631330758772103
C_CENTERCONTROL:0.3757916690287452
C_DEVELOPPIECES:0.5371138147630364
C_MATERIAL:0.5866536899795093
