ELO:1026
CE_PASSEDPAWNS:0.4910143942389351
CE_PAWNWEAKNESSES:0.49942487397334195
CE_PIECEACTIVITY:0.47769708389211407
CE_KINGPAWNSHIELD:0.5
CE_PIECECOORDINATION:0.49484177101976035
CE_MATERIAL:0.519369099613187
CE_KINGSAFETY:0.5255295361427144
C_PIECESQUARETABLES:0.5181244624737901
C_MOBILITY:0.5300852781493065
C_KINGSAFETY:0.4996935616494473
C_PAWNSTRUCTURE:0.47657842131025285
C_PIECECOORDINATION:0.49497115172223427
C_ROOKANDPAWNMOVEMENT:0.49497115172223427
C_CENTERCONTROL:0.4958131037998597
C_DEVELOPPIECES:0.5
C_MATERIAL:0.511086742047386
