ELO:929
CE_PASSEDPAWNS:0.5165085365741997
CE_PAWNWEAKNESSES:0.5288075154669546
CE_PIECEACTIVITY:0.5222727879675033
CE_KINGPAWNSHIELD:0.48285270399924474
CE_PIECECOORDINATION:0.49859531922312794
CE_MATERIAL:0.5028388975922012
CE_KINGSAFETY:0.5022833198874327
C_PIECESQUARETABLES:0.5
C_MOBILITY:0.4722385111584663
C_KINGSAFETY:0.47775949659445
C_PAWNSTRUCTURE:0.5054407260479917
C_PIECECOORDINATION:0.5482758423588202
C_ROOKANDPAWNMOVEMENT:0.5482758423588202
C_CENTERCONTROL:0.49698319040248073
C_DEVELOPPIECES:0.490513917263847
C_MATERIAL:0.4922739733192224
C_MOVECOUNT:0.5
