ELO:960
CE_PASSEDPAWNS:0.5067233428306299
CE_PAWNWEAKNESSES:0.5070651084038433
CE_PIECEACTIVITY:0.5133645786403047
CE_KINGPAWNSHIELD:0.49621020097023033
CE_PIECECOORDINATION:0.5086821547433752
CE_MATERIAL:0.49183203143842563
CE_KINGSAFETY:0.5117679752776263
C_PIECESQUARETABLES:0.5
C_MOBILITY:0.5085426105549109
C_KINGSAFETY:0.4884592716326194
C_PAWNSTRUCTURE:0.5079394468436054
C_PIECECOORDINATION:0.43943474896814483
C_ROOKANDPAWNMOVEMENT:0.43943474896814483
C_CENTERCONTROL:0.495621649268458
C_DEVELOPPIECES:0.5140293820152712
C_MATERIAL:0.5037748874341224
C_MOVECOUNT:0.5
