ELO:998
CE_PASSEDPAWNS:0.4993218723451236
CE_PAWNWEAKNESSES:0.5003867594867275
CE_PIECEACTIVITY:0.5631663990773685
CE_KINGPAWNSHIELD:0.4272624542309168
CE_PIECECOORDINATION:0.4647346200649039
CE_MATERIAL:0.5185998750994271
CE_KINGSAFETY:0.5095628313544843
C_PIECESQUARETABLES:0.5276175677598955
C_MOBILITY:0.41920212806919493
C_KINGSAFETY:0.5103967978412287
C_PAWNSTRUCTURE:0.4958696764361742
C_PIECECOORDINATION:0.5454440772208525
C_ROOKANDPAWNMOVEMENT:0.5454440772208525
C_CENTERCONTROL:0.5301791425108695
C_DEVELOPPIECES:0.47515724441620794
C_MATERIAL:0.4468549163740281
