ELO:988
CE_PASSEDPAWNS:0.49086791512919564
CE_PAWNWEAKNESSES:0.5263919336993099
CE_PIECEACTIVITY:0.5440623258627256
CE_KINGPAWNSHIELD:0.5127898616836022
CE_PIECECOORDINATION:0.5147148929354256
CE_MATERIAL:0.4518835750013797
CE_KINGSAFETY:0.5137669394015663
C_PIECESQUARETABLES:0.5040088938333527
C_MOBILITY:0.5403905964636809
C_KINGSAFETY:0.529018310796231
C_PAWNSTRUCTURE:0.5490444544645585
C_PIECECOORDINATION:0.5073837017806088
C_ROOKANDPAWNMOVEMENT:0.5073837017806088
C_CENTERCONTROL:0.4866669125900241
C_DEVELOPPIECES:0.576027670520959
C_MATERIAL:0.47269544379493134
