ELO:748
CE_PASSEDPAWNS:0.47735607021462023
CE_PAWNWEAKNESSES:0.5455182049094595
CE_PIECEACTIVITY:0.47067966239750275
CE_KINGPAWNSHIELD:0.3833685673680101
CE_PIECECOORDINATION:0.4473474575867613
CE_MATERIAL:0.4755383597351931
CE_KINGSAFETY:0.5772193567511692
C_PIECESQUARETABLES:0.5087279016993775
C_MOBILITY:0.4551578946847494
C_KINGSAFETY:0.5467260002357058
C_PAWNSTRUCTURE:0.5600477016331578
C_PIECECOORDINATION:0.514034664828693
C_ROOKANDPAWNMOVEMENT:0.514034664828693
C_CENTERCONTROL:0.5113423968957951
C_DEVELOPPIECES:0.5612214172812411
C_MATERIAL:0.5442445738109067
C_MOVECOUNT:0.5
