ELO:987
CE_PASSEDPAWNS:0.5097354662549501
CE_PAWNWEAKNESSES:0.491769516731841
CE_PIECEACTIVITY:0.5934343944855454
CE_KINGPAWNSHIELD:0.43480802824001535
CE_PIECECOORDINATION:0.45081087110954465
CE_MATERIAL:0.5131401977152276
CE_KINGSAFETY:0.5070745870138748
C_PIECESQUARETABLES:0.5243817724495512
C_MOBILITY:0.4353441455094433
C_KINGSAFETY:0.5146509860187866
C_PAWNSTRUCTURE:0.46704790558558673
C_PIECECOORDINATION:0.5641118839251188
C_ROOKANDPAWNMOVEMENT:0.5641118839251188
C_CENTERCONTROL:0.5294731621759361
C_DEVELOPPIECES:0.4384763171534684
C_MATERIAL:0.4468549163740281
