ELO:1019
CE_PASSEDPAWNS:0.5941088248648235
CE_PAWNWEAKNESSES:0.4800478775307597
CE_PIECEACTIVITY:0.43929443826482817
CE_KINGPAWNSHIELD:0.5447189960865241
CE_PIECECOORDINATION:0.4757147014732117
CE_MATERIAL:0.5127279070099506
CE_KINGSAFETY:0.5050975094463261
C_PIECESQUARETABLES:0.5683043545472819
C_MOBILITY:0.5134614103505721
C_KINGSAFETY:0.5592130739985348
C_PAWNSTRUCTURE:0.507578078531054
C_PIECECOORDINATION:0.5236299452333085
C_ROOKANDPAWNMOVEMENT:0.5236299452333085
C_CENTERCONTROL:0.4574386945290389
C_DEVELOPPIECES:0.47133277857952643
C_MATERIAL:0.44704940849090286
