ELO:988
CE_PASSEDPAWNS:0.4781336998067717
CE_PAWNWEAKNESSES:0.4832803626023885
CE_PIECEACTIVITY:0.5475889336400621
CE_KINGPAWNSHIELD:0.5289983777672858
CE_PIECECOORDINATION:0.5796395804999888
CE_MATERIAL:0.42334809184270483
CE_KINGSAFETY:0.5273262934520462
C_PIECESQUARETABLES:0.5008988967574659
C_MOBILITY:0.5243059722296911
C_KINGSAFETY:0.5322938859986022
C_PAWNSTRUCTURE:0.6053914958274579
C_PIECECOORDINATION:0.5601884664723878
C_ROOKANDPAWNMOVEMENT:0.5601884664723878
C_CENTERCONTROL:0.4490262665730546
C_DEVELOPPIECES:0.5544911726813017
C_MATERIAL:0.4651833405450333
