ELO:927
CE_PASSEDPAWNS:0.5090447621203434
CE_PAWNWEAKNESSES:0.46863831623725505
CE_PIECEACTIVITY:0.4888642608405064
CE_KINGPAWNSHIELD:0.4361478460831617
CE_PIECECOORDINATION:0.4745913539445932
CE_MATERIAL:0.504030506699638
CE_KINGSAFETY:0.5
C_PIECESQUARETABLES:0.5
C_MOBILITY:0.4782364206247512
C_KINGSAFETY:0.5181469344160464
C_PAWNSTRUCTURE:0.49852372292594593
C_PIECECOORDINATION:0.45091573660539297
C_ROOK:0.4900339718109832
CE_ROOK:0.5466492273724703
C_CENTERCONTROL:0.5285709912992916
C_DEVELOPPIECES:0.5326930199695039
C_MATERIAL:0.5091418124976099
C_MOVECOUNT:0.5392722121250136
C_PAWNMOVEMENT:0.5398001505794737
