ELO:811
CE_PASSEDPAWNS:0.5154661820248615
CE_PAWNWEAKNESSES:0.551645793556159
CE_PIECEACTIVITY:0.46362525082098777
CE_KINGPAWNSHIELD:0.3947890856344768
CE_PIECECOORDINATION:0.44037283180020603
CE_MATERIAL:0.45214495539681765
CE_KINGSAFETY:0.4914686949612925
C_PIECESQUARETABLES:0.5130046991863481
C_MOBILITY:0.45814246690106125
C_KINGSAFETY:0.5507305499960721
C_PAWNSTRUCTURE:0.5683839364607788
C_PIECECOORDINATION:0.48766231834899854
C_ROOKANDPAWNMOVEMENT:0.48766231834899854
C_CENTERCONTROL:0.5214236683955229
C_DEVELOPPIECES:0.5560091867500327
C_MATERIAL:0.5630783921800575
C_MOVECOUNT:0.5
