ELO:818
CE_PASSEDPAWNS:0.5825916455551734
CE_PAWNWEAKNESSES:0.43332373032027066
CE_PIECEACTIVITY:0.5115735196203333
CE_KINGPAWNSHIELD:0.41676871625184164
CE_PIECECOORDINATION:0.5369094003065679
CE_MATERIAL:0.44328935219832444
CE_KINGSAFETY:0.5067456593289533
C_PIECESQUARETABLES:0.49493240889295453
C_MOBILITY:0.316121936529369
C_KINGSAFETY:0.48206641342894635
C_PAWNSTRUCTURE:0.5425144917187619
C_PIECECOORDINATION:0.4756414961746236
C_ROOKANDPAWNMOVEMENT:0.4756414961746236
C_CENTERCONTROL:0.5731480202723093
C_DEVELOPPIECES:0.43184449226842014
C_MATERIAL:0.5052931974573248
