ELO:1000
CE_PASSEDPAWNS:0.46464223322039766
CE_PAWNWEAKNESSES:0.4907879902432394
CE_PIECEACTIVITY:0.5611382779808836
CE_KINGPAWNSHIELD:0.4455379266245382
CE_PIECECOORDINATION:0.4992596708178339
CE_MATERIAL:0.5348042581957675
CE_KINGSAFETY:0.5067857873105881
C_PIECESQUARETABLES:0.4987201452641137
C_MOBILITY:0.47285276724054975
C_KINGSAFETY:0.5171386395474379
C_PAWNSTRUCTURE:0.5188248841200456
C_PIECECOORDINATION:0.5355673985688634
C_ROOKANDPAWNMOVEMENT:0.5355673985688634
C_CENTERCONTROL:0.5053809285830998
C_DEVELOPPIECES:0.5434829993373964
C_MATERIAL:0.44745037768054313
