ELO:1005
CE_PASSEDPAWNS:0.4751826972333826
CE_PAWNWEAKNESSES:0.5174341406930014
CE_PIECEACTIVITY:0.5029691530451381
CE_KINGPAWNSHIELD:0.4968197324166859
CE_PIECECOORDINATION:0.4616901304596967
CE_MATERIAL:0.49617497794070237
CE_KINGSAFETY:0.47476423233835474
C_PIECESQUARETABLES:0.5174983814331998
C_MOBILITY:0.48790444890813717
C_KINGSAFETY:0.49087747327824643
C_PAWNSTRUCTURE:0.5205011180804822
C_PIECECOORDINATION:0.5
C_ROOKANDPAWNMOVEMENT:0.5
C_CENTERCONTROL:0.5105090579540796
C_DEVELOPPIECES:0.5
C_MATERIAL:0.5050780461369347
C_MOVECOUNT:0.5
