ELO:989
CE_PASSEDPAWNS:0.5057052928312039
CE_PAWNWEAKNESSES:0.501011953235484
CE_PIECEACTIVITY:0.5
CE_KINGPAWNSHIELD:0.48818782273526823
CE_PIECECOORDINATION:0.4793443239156953
CE_MATERIAL:0.4949018354746477
CE_KINGSAFETY:0.5
C_PIECESQUARETABLES:0.5026400140341396
C_MOBILITY:0.506584781793178
C_KINGSAFETY:0.529709172222573
C_PAWNSTRUCTURE:0.5060804946611425
C_PIECECOORDINATION:0.48244672190449367
C_ROOKANDPAWNMOVEMENT:0.48244672190449367
C_CENTERCONTROL:0.4835295195302745
C_DEVELOPPIECES:0.506632874190772
C_MATERIAL:0.4970051335636048
C_MOVECOUNT:0.5
