ELO:824
CE_PASSEDPAWNS:0.5141615414188602
CE_PAWNWEAKNESSES:0.5013066720961665
CE_PIECEACTIVITY:0.50222289803738
CE_KINGPAWNSHIELD:0.3715714987398781
CE_PIECECOORDINATION:0.5100156087218025
CE_MATERIAL:0.5027507494823477
CE_KINGSAFETY:0.5067791132612757
C_PIECESQUARETABLES:0.5048407212336614
C_MOBILITY:0.46004368630585785
C_KINGSAFETY:0.5654776321664705
C_PAWNSTRUCTURE:0.5260932299801125
C_PIECECOORDINATION:0.5013715477857292
C_ROOKANDPAWNMOVEMENT:0.5013715477857292
C_CENTERCONTROL:0.4896441218662905
C_DEVELOPPIECES:0.5398413000876114
C_MATERIAL:0.509843496611575
C_MOVECOUNT:0.5
