ELO:1000
CE_PASSEDPAWNS:0.49061213773687506
CE_PAWNWEAKNESSES:0.49222235770706657
CE_PIECEACTIVITY:0.5111961132880594
CE_KINGPAWNSHIELD:0.4164388648000181
CE_PIECECOORDINATION:0.4701146869467864
CE_MATERIAL:0.5446082215000383
CE_KINGSAFETY:0.49254512216187735
C_PIECESQUARETABLES:0.49326000212898613
C_MOBILITY:0.45081656826954153
C_KINGSAFETY:0.5027232137551609
C_PAWNSTRUCTURE:0.5002886302715243
C_PIECECOORDINATION:0.5501222516318616
C_ROOKANDPAWNMOVEMENT:0.5501222516318616
C_CENTERCONTROL:0.5434073629432837
C_DEVELOPPIECES:0.5315306063637717
C_MATERIAL:0.4692162566849593
