ELO:990
CE_PASSEDPAWNS:0.39792981371987557
CE_PAWNWEAKNESSES:0.44581357732629245
CE_PIECEACTIVITY:0.5055534717583172
CE_KINGPAWNSHIELD:0.48752437482193034
CE_PIECECOORDINATION:0.6008383683890817
CE_MATERIAL:0.4082337353431979
CE_KINGSAFETY:0.5
C_PIECESQUARETABLES:0.5026043248129012
C_MOBILITY:0.6106431556756368
C_KINGSAFETY:0.5555234018802407
C_PAWNSTRUCTURE:0.6260019373602326
C_PIECECOORDINATION:0.6114705589322064
C_ROOKANDPAWNMOVEMENT:0.6114705589322064
C_CENTERCONTROL:0.37270626989383276
C_DEVELOPPIECES:0.5479010608133196
C_MATERIAL:0.5966458037996694
