ELO:980
CE_PASSEDPAWNS:0.5258631592485973
CE_PAWNWEAKNESSES:0.4986887398856554
CE_PIECEACTIVITY:0.47257297430569195
CE_KINGPAWNSHIELD:0.496216314592047
CE_PIECECOORDINATION:0.49879629601013803
CE_MATERIAL:0.5029562537676973
CE_KINGSAFETY:0.5176503513928403
C_PIECESQUARETABLES:0.47459768643831163
C_MOBILITY:0.5063040485436828
C_KINGSAFETY:0.5064433735026241
C_PAWNSTRUCTURE:0.503810660591108
C_PIECECOORDINATION:0.5155627582766057
C_ROOKANDPAWNMOVEMENT:0.5155627582766057
C_CENTERCONTROL:0.5
C_DEVELOPPIECES:0.5
C_MATERIAL:0.5031884038972401
C_MOVECOUNT:0.5
