ELO:1128
CE_PASSEDPAWNS:0.5955037066111589
CE_PAWNWEAKNESSES:0.5049538678398092
CE_PIECEACTIVITY:0.47413239882986036
CE_KINGPAWNSHIELD:0.41353639191739433
CE_PIECECOORDINATION:0.4815906346349421
CE_MATERIAL:0.4383585318009346
CE_KINGSAFETY:0.5011486487740193
C_PIECESQUARETABLES:0.48330883427757704
C_MOBILITY:0.4046785536375716
C_KINGSAFETY:0.30807903020254146
C_PAWNSTRUCTURE:0.44463873997462566
C_PIECECOORDINATION:0.47413640733661055
C_ROOKANDPAWNMOVEMENT:0.47413640733661055
C_CENTERCONTROL:0.4971758326519334
C_DEVELOPPIECES:0.5603640095070838
C_MATERIAL:0.3713460753593112
