ELO:987
CE_PASSEDPAWNS:0.5015792800312948
CE_PAWNWEAKNESSES:0.500980709517925
CE_PIECEACTIVITY:0.5728355385728218
CE_KINGPAWNSHIELD:0.43516840167177767
CE_PIECECOORDINATION:0.4562595868665183
CE_MATERIAL:0.5130235815403139
CE_KINGSAFETY:0.5215186995283306
C_PIECESQUARETABLES:0.5243817724495512
C_MOBILITY:0.428996780243659
C_KINGSAFETY:0.5182549002246702
C_PAWNSTRUCTURE:0.4633380996877734
C_PIECECOORDINATION:0.5641118839251188
C_ROOKANDPAWNMOVEMENT:0.5641118839251188
C_CENTERCONTROL:0.5223206355815749
C_DEVELOPPIECES:0.4350838681130486
C_MATERIAL:0.4468549163740281
