ELO:1142
CE_PASSEDPAWNS:0.5955037066111589
CE_PAWNWEAKNESSES:0.49958876493474047
CE_PIECEACTIVITY:0.46654741059900684
CE_KINGPAWNSHIELD:0.6208131797722044
CE_PIECECOORDINATION:0.5449900128502336
CE_MATERIAL:0.39783305558335186
CE_KINGSAFETY:0.5
C_PIECESQUARETABLES:0.5
C_MOBILITY:0.4181832190547694
C_KINGSAFETY:0.517176359478015
C_PAWNSTRUCTURE:0.41040599071577993
C_PIECECOORDINATION:0.48430233874975176
C_ROOKANDPAWNMOVEMENT:0.48430233874975176
C_CENTERCONTROL:0.5059524994740475
C_DEVELOPPIECES:0.5138839058658903
C_MATERIAL:0.4063918105112338
