ELO:970
CE_PASSEDPAWNS:0.49212548109619264
CE_PAWNWEAKNESSES:0.4849429745736921
CE_PIECEACTIVITY:0.4884607460477374
CE_KINGPAWNSHIELD:0.49509296375774264
CE_PIECECOORDINATION:0.49936595528280964
CE_MATERIAL:0.5051136506679997
CE_KINGSAFETY:0.4969317821877997
C_PIECESQUARETABLES:0.5
C_MOBILITY:0.478516945782369
C_KINGSAFETY:0.5035165325827319
C_PAWNSTRUCTURE:0.502271840416789
C_PIECECOORDINATION:0.47032276082453844
C_ROOK:0.5003516184783195
CE_ROOK:0.5283392453148371
C_CENTERCONTROL:0.5116275451718729
C_DEVELOPPIECES:0.47817138955403554
C_MATERIAL:0.5109750048053274
C_MOVECOUNT:0.5398981317510898
C_PAWNMOVEMENT:0.5038844899405638
