ELO:988
CE_PASSEDPAWNS:0.47233710615104096
CE_PAWNWEAKNESSES:0.531139043716317
CE_PIECEACTIVITY:0.541148549239684
CE_KINGPAWNSHIELD:0.5123115648212255
CE_PIECECOORDINATION:0.5101977157863997
CE_MATERIAL:0.5438119782970425
CE_KINGSAFETY:0.5
C_PIECESQUARETABLES:0.5
C_MOBILITY:0.5
C_KINGSAFETY:0.5334547423270829
C_PAWNSTRUCTURE:0.4410855088994318
C_PIECECOORDINATION:0.4829247280730019
C_ROOKANDPAWNMOVEMENT:0.4829247280730019
C_CENTERCONTROL:0.44915306091090357
C_DEVELOPPIECES:0.4563986970038693
C_MATERIAL:0.5351067220389177
C_MOVECOUNT:0.5
