ELO:1104
CE_PASSEDPAWNS:0.4522391623994131
CE_PAWNWEAKNESSES:0.44418322102672025
CE_PIECEACTIVITY:0.4919807295275052
CE_KINGPAWNSHIELD:0.4142011128885271
CE_PIECECOORDINATION:0.4740445867024571
CE_MATERIAL:0.4624329772190855
CE_KINGSAFETY:0.5102165207920825
C_PIECESQUARETABLES:0.5
C_MOBILITY:0.4158100677714443
C_KINGSAFETY:0.6374809102290377
C_PAWNSTRUCTURE:0.44700913795848674
C_PIECECOORDINATION:0.4917828820493416
C_ROOKANDPAWNMOVEMENT:0.4917828820493416
C_CENTERCONTROL:0.5014188595021803
C_DEVELOPPIECES:0.5576237735754453
C_MATERIAL:0.3847798461631917
