ELO:770
CE_PASSEDPAWNS:0.4892163325097281
CE_PAWNWEAKNESSES:0.5243909305046552
CE_PIECEACTIVITY:0.4868803540893413
CE_KINGPAWNSHIELD:0.36570519592177453
CE_PIECECOORDINATION:0.46433474524437524
CE_MATERIAL:0.4838660681087408
CE_KINGSAFETY:0.5534615549587479
C_PIECESQUARETABLES:0.522506632944958
C_MOBILITY:0.46609022421018875
C_KINGSAFETY:0.5624330740220281
C_PAWNSTRUCTURE:0.5513906791188861
C_PIECECOORDINATION:0.5163991960690697
C_ROOKANDPAWNMOVEMENT:0.5163991960690697
C_CENTERCONTROL:0.4957468530613149
C_DEVELOPPIECES:0.5623223694759892
C_MATERIAL:0.5326983205428123
C_MOVECOUNT:0.5
