ELO:968
CE_PASSEDPAWNS:0.5024089181240107
CE_PAWNWEAKNESSES:0.46319718645965685
CE_PIECEACTIVITY:0.47991912338818576
CE_KINGPAWNSHIELD:0.4955347356986417
CE_PIECECOORDINATION:0.4910042290101708
CE_MATERIAL:0.5075667488757077
CE_KINGSAFETY:0.4864724530613094
C_PIECESQUARETABLES:0.5005397650235774
C_MOBILITY:0.478516945782369
C_KINGSAFETY:0.5035165325827319
C_PAWNSTRUCTURE:0.4830919740770996
C_PIECECOORDINATION:0.4647124229817328
C_ROOK:0.49686057692949476
CE_ROOK:0.536540961760001
C_CENTERCONTROL:0.5179301873066645
C_DEVELOPPIECES:0.4721379271891277
C_MATERIAL:0.521558046630345
C_MOVECOUNT:0.5278380461489544
C_PAWNMOVEMENT:0.5038844899405638
