ELO:970
CE_PASSEDPAWNS:0.5
CE_PAWNWEAKNESSES:0.42192523370146445
CE_PIECEACTIVITY:0.5
CE_KINGPAWNSHIELD:0.5
CE_PIECECOORDINATION:0.4937259056177772
CE_MATERIAL:0.4709303223813403
CE_KINGSAFETY:0.5
C_PIECESQUARETABLES:0.5
C_MOBILITY:0.49248936794902887
C_KINGSAFETY:0.5049002727282865
C_PAWNSTRUCTURE:0.4902718688768419
C_PIECECOORDINATION:0.5527505299378577
C_ROOKANDPAWNMOVEMENT:0.5527505299378577
C_CENTERCONTROL:0.49219378961367505
C_DEVELOPPIECES:0.5105785503172992
C_MATERIAL:0.5077709676876795
C_MOVECOUNT:0.5
