ELO:998
CE_PASSEDPAWNS:0.5056857042355473
CE_PAWNWEAKNESSES:0.48913285650499955
CE_PIECEACTIVITY:0.5631663990773685
CE_KINGPAWNSHIELD:0.44232446019741584
CE_PIECECOORDINATION:0.4540955236943029
CE_MATERIAL:0.5127654328493431
CE_KINGSAFETY:0.5263557688438106
C_PIECESQUARETABLES:0.5333051156058669
C_MOBILITY:0.4078882444128918
C_KINGSAFETY:0.5067870897920509
C_PAWNSTRUCTURE:0.48311128867397235
C_PIECECOORDINATION:0.5707622434588399
C_ROOKANDPAWNMOVEMENT:0.5707622434588399
C_CENTERCONTROL:0.5170366487229646
C_DEVELOPPIECES:0.45594770906569737
C_MATERIAL:0.4468549163740281
