ELO:981
CE_PASSEDPAWNS:0.4884102202439047
CE_PAWNWEAKNESSES:0.5345103907164961
CE_PIECEACTIVITY:0.5380321658219323
CE_KINGPAWNSHIELD:0.5125933215739077
CE_PIECECOORDINATION:0.5686709793618551
CE_MATERIAL:0.4564404877171973
CE_KINGSAFETY:0.5102611307823264
C_PIECESQUARETABLES:0.4891822524854473
C_MOBILITY:0.5222196651824551
C_KINGSAFETY:0.5636059068812038
C_PAWNSTRUCTURE:0.6023489797739349
C_PIECECOORDINATION:0.5645902618646179
C_ROOKANDPAWNMOVEMENT:0.5645902618646179
C_CENTERCONTROL:0.5023255317754982
C_DEVELOPPIECES:0.5461304960287655
C_MATERIAL:0.47390785821344095
