ELO:962
CE_PASSEDPAWNS:0.5249483643546278
CE_PAWNWEAKNESSES:0.45171371368230573
CE_PIECEACTIVITY:0.6135093203325731
CE_KINGPAWNSHIELD:0.4168493754099286
CE_PIECECOORDINATION:0.4855365541749732
CE_MATERIAL:0.5029919915808369
CE_KINGSAFETY:0.5
C_PIECESQUARETABLES:0.5084399647678118
C_MOBILITY:0.411050071310477
C_KINGSAFETY:0.49232547515236197
C_PAWNSTRUCTURE:0.4532260709699127
C_PIECECOORDINATION:0.5251171403317275
C_ROOKANDPAWNMOVEMENT:0.5251171403317275
C_CENTERCONTROL:0.5384637473410406
C_DEVELOPPIECES:0.47198044819004564
C_MATERIAL:0.4508871893337998
