ELO:943
CE_PASSEDPAWNS:0.5106259844731104
CE_PAWNWEAKNESSES:0.46863831623725505
CE_PIECEACTIVITY:0.4898640126920602
CE_KINGPAWNSHIELD:0.46300802667061053
CE_PIECECOORDINATION:0.4910042290101708
CE_MATERIAL:0.5075667488757077
CE_KINGSAFETY:0.5
C_PIECESQUARETABLES:0.4908478044631572
C_MOBILITY:0.47992969493333215
C_KINGSAFETY:0.4983915198414621
C_PAWNSTRUCTURE:0.49585987953132293
C_PIECECOORDINATION:0.4549119908962739
C_ROOK:0.49836193542525653
CE_ROOK:0.5383170187091624
C_CENTERCONTROL:0.5233059373649224
C_DEVELOPPIECES:0.5039306350609658
C_MATERIAL:0.5234571572549052
C_MOVECOUNT:0.5444799202316805
C_PAWNMOVEMENT:0.5105518861974037
