ELO:987
CE_PASSEDPAWNS:0.5
CE_PAWNWEAKNESSES:0.4890380294957313
CE_PIECEACTIVITY:0.5186717924440758
CE_KINGPAWNSHIELD:0.4949207471264338
CE_PIECECOORDINATION:0.5131645651579062
CE_MATERIAL:0.5
CE_KINGSAFETY:0.4912636731005252
C_PIECESQUARETABLES:0.49457184491173417
C_MOBILITY:0.5
C_KINGSAFETY:0.5
C_PAWNSTRUCTURE:0.5024618342004125
C_PIECECOORDINATION:0.5
C_ROOKANDPAWNMOVEMENT:0.5
C_CENTERCONTROL:0.5
C_DEVELOPPIECES:0.4946018577476037
C_MATERIAL:0.4972821924690725
C_MOVECOUNT:0.5057254934595313
