ELO:1018
CE_PASSEDPAWNS:0.5125540340645126
CE_PAWNWEAKNESSES:0.5
CE_PIECEACTIVITY:0.4978348586000485
CE_KINGPAWNSHIELD:0.5051865022381602
CE_PIECECOORDINATION:0.5002859873943135
CE_MATERIAL:0.49685500254073184
CE_KINGSAFETY:0.5
C_PIECESQUARETABLES:0.5
C_MOBILITY:0.5
C_KINGSAFETY:0.5079777664328555
C_PAWNSTRUCTURE:0.5030040624045893
C_PIECECOORDINATION:0.49762671759744764
C_ROOKANDPAWNMOVEMENT:0.49762671759744764
C_CENTERCONTROL:0.4991244716608035
C_DEVELOPPIECES:0.5072163608188522
C_MATERIAL:0.5047776193780118
C_MOVECOUNT:0.5
