ELO:1000
CE_PASSEDPAWNS:0.4834942531025395
CE_PAWNWEAKNESSES:0.4957475175069034
CE_PIECEACTIVITY:0.4921469194267629
CE_KINGPAWNSHIELD:0.48438649851765075
CE_PIECECOORDINATION:0.49163363993529346
CE_MATERIAL:0.5197696542720918
CE_KINGSAFETY:0.49138122379036375
C_PIECESQUARETABLES:0.49846605437898495
C_MOBILITY:0.48478669653237594
C_KINGSAFETY:0.5
C_PAWNSTRUCTURE:0.4970829242923029
C_PIECECOORDINATION:0.4918296896104423
C_ROOKANDPAWNMOVEMENT:0.4918296896104423
C_CENTERCONTROL:0.49446183164746343
C_DEVELOPPIECES:0.503597288804594
C_MATERIAL:0.48023195352487213
