ELO:997
CE_PASSEDPAWNS:0.5028189983861281
CE_PAWNWEAKNESSES:0.49989443321248916
CE_PIECEACTIVITY:0.4896693360092362
CE_KINGPAWNSHIELD:0.5104162370541317
CE_PIECECOORDINATION:0.5048614642166589
CE_MATERIAL:0.5003116492255893
CE_KINGSAFETY:0.49821588051013665
C_PIECESQUARETABLES:0.4958488808130089
C_MOBILITY:0.4981976561507637
C_KINGSAFETY:0.5145999915094958
C_PAWNSTRUCTURE:0.4941958558975059
C_PIECECOORDINATION:0.5223457009105307
C_ROOKANDPAWNMOVEMENT:0.5223457009105307
C_CENTERCONTROL:0.47677573815491425
C_DEVELOPPIECES:0.515634559045439
C_MATERIAL:0.5
C_MOVECOUNT:0.48726015295013053
