ELO:971
CE_PASSEDPAWNS:0.4862490458898524
CE_PAWNWEAKNESSES:0.49989443321248916
CE_PIECEACTIVITY:0.4896693360092362
CE_KINGPAWNSHIELD:0.4958584175327914
CE_PIECECOORDINATION:0.5048614642166589
CE_MATERIAL:0.49143580979279244
CE_KINGSAFETY:0.4988148531149342
C_PIECESQUARETABLES:0.48701245273571664
C_MOBILITY:0.48249953766462383
C_KINGSAFETY:0.5145999915094958
C_PAWNSTRUCTURE:0.5011352963288814
C_PIECECOORDINATION:0.5181415421335381
C_ROOKANDPAWNMOVEMENT:0.5181415421335381
C_CENTERCONTROL:0.47677573815491425
C_DEVELOPPIECES:0.5094113821318296
C_MATERIAL:0.5205934724217455
C_MOVECOUNT:0.5
