ELO:645
CE_PASSEDPAWNS:0.543713592514752
CE_PAWNWEAKNESSES:0.6796742059496722
CE_PIECEACTIVITY:0.586871068261092
CE_KINGPAWNSHIELD:0.47607613120536707
CE_PIECECOORDINATION:0.4871439902953275
CE_MATERIAL:0.5393700673336795
CE_KINGSAFETY:0.6120465602615558
C_PIECESQUARETABLES:0.4913413499818778
C_MOBILITY:0.5384672705289906
C_KINGSAFETY:0.5186200150922777
C_PAWNSTRUCTURE:0.46690837354185594
C_PIECECOORDINATION:0.4545997927003688
C_ROOKANDPAWNMOVEMENT:0.4545997927003688
C_CENTERCONTROL:0.42421062511781155
C_DEVELOPPIECES:0.5149857986610629
C_MATERIAL:0.5513494146252452
C_MOVECOUNT:0.5
