ELO:918
CE_PASSEDPAWNS:0.4554911119125109
CE_PAWNWEAKNESSES:0.5241927765830421
CE_PIECEACTIVITY:0.5116662429145362
CE_KINGPAWNSHIELD:0.505929277210566
CE_PIECECOORDINATION:0.5405787811438559
CE_MATERIAL:0.5016786038927954
CE_KINGSAFETY:0.5
C_PIECESQUARETABLES:0.4928161132783732
C_MOBILITY:0.49587746905433805
C_KINGSAFETY:0.5443185121444031
C_PAWNSTRUCTURE:0.458505988668991
C_PIECECOORDINATION:0.4779172950965075
C_ROOK:0.4896876983201743
CE_ROOK:0.5156285677059413
C_CENTERCONTROL:0.5198700364694111
C_DEVELOPPIECES:0.5236210133914827
C_MATERIAL:0.5159927796281957
C_MOVECOUNT:0.49388668648599376
C_PAWNMOVEMENT:0.5170718691661209
