ELO:986
CE_PASSEDPAWNS:0.4888292183918852
CE_PAWNWEAKNESSES:0.488931615917102
CE_PIECEACTIVITY:0.5
CE_KINGPAWNSHIELD:0.47034488056838136
CE_PIECECOORDINATION:0.5122597150475153
CE_MATERIAL:0.4899288904682418
CE_KINGSAFETY:0.5
C_PIECESQUARETABLES:0.4892150246244975
C_MOBILITY:0.4978499081319291
C_KINGSAFETY:0.5145999915094958
C_PAWNSTRUCTURE:0.4941958558975059
C_PIECECOORDINATION:0.48076075612445457
C_ROOKANDPAWNMOVEMENT:0.48076075612445457
C_CENTERCONTROL:0.511029566585784
C_DEVELOPPIECES:0.5
C_MATERIAL:0.5
C_MOVECOUNT:0.5010130458212828
