ELO:953
CE_PASSEDPAWNS:0.47702146657804845
CE_PAWNWEAKNESSES:0.46605809509596735
CE_PIECEACTIVITY:0.49499400135008015
CE_KINGPAWNSHIELD:0.5344674847893724
CE_PIECECOORDINATION:0.4977492146978449
CE_MATERIAL:0.4754809024383713
CE_KINGSAFETY:0.47481930860606497
C_PIECESQUARETABLES:0.48962693567982285
C_MOBILITY:0.4196657371392181
C_KINGSAFETY:0.4484451352058581
C_PAWNSTRUCTURE:0.49720035587860684
C_PIECECOORDINATION:0.5325224742378074
C_ROOKANDPAWNMOVEMENT:0.5325224742378074
C_CENTERCONTROL:0.5153075873457666
C_DEVELOPPIECES:0.4962307168542707
C_MATERIAL:0.5270792377932502
