ELO:829
CE_PASSEDPAWNS:0.4211445972116744
CE_PAWNWEAKNESSES:0.4558984404211542
CE_PIECEACTIVITY:0.4858077400934514
CE_KINGPAWNSHIELD:0.39080912967452425
CE_PIECECOORDINATION:0.41662710871738606
CE_MATERIAL:0.4312195182260415
CE_KINGSAFETY:0.4906763328200759
C_PIECESQUARETABLES:0.5028861489603396
C_MOBILITY:0.5983675055574559
C_KINGSAFETY:0.5066273773654447
C_PAWNSTRUCTURE:0.559922378711751
C_PIECECOORDINATION:0.5287922832015687
C_ROOKANDPAWNMOVEMENT:0.5287922832015687
C_CENTERCONTROL:0.4969988256446781
C_DEVELOPPIECES:0.38535268412971363
C_MATERIAL:0.52827783214903
