ELO:973
CE_PASSEDPAWNS:0.49916099959583315
CE_PAWNWEAKNESSES:0.5032449576829511
CE_PIECEACTIVITY:0.5247000279584012
CE_KINGPAWNSHIELD:0.5061961357304197
CE_PIECECOORDINATION:0.49259999319894165
CE_MATERIAL:0.49868227701009604
CE_KINGSAFETY:0.4924951829783411
C_PIECESQUARETABLES:0.5050123363748618
C_MOBILITY:0.5106680179127124
C_KINGSAFETY:0.4958407594166581
C_PAWNSTRUCTURE:0.4837180865608531
C_PIECECOORDINATION:0.4811551420147512
C_ROOKANDPAWNMOVEMENT:0.4811551420147512
C_CENTERCONTROL:0.5019247979131399
C_DEVELOPPIECES:0.5179689020682342
C_MATERIAL:0.5008685620508604
C_MOVECOUNT:0.5
