ELO:921
CE_PASSEDPAWNS:0.46345420249454033
CE_PAWNWEAKNESSES:0.48561262317035553
CE_PIECEACTIVITY:0.4809834591439587
CE_KINGPAWNSHIELD:0.5161817011668981
CE_PIECECOORDINATION:0.46923751406549213
CE_MATERIAL:0.46689796374256687
CE_KINGSAFETY:0.49761474039505627
C_PIECESQUARETABLES:0.4765539661003972
C_MOBILITY:0.435497400176265
C_KINGSAFETY:0.4841649213849269
C_PAWNSTRUCTURE:0.469972505247592
C_PIECECOORDINATION:0.47259958085103776
C_ROOKANDPAWNMOVEMENT:0.47259958085103776
C_CENTERCONTROL:0.4989957126532064
C_DEVELOPPIECES:0.4925999148784078
C_MATERIAL:0.5431465814457774
