ELO:891
CE_PASSEDPAWNS:0.4374585045254669
CE_PAWNWEAKNESSES:0.42093136374739804
CE_PIECEACTIVITY:0.5650199750101185
CE_KINGPAWNSHIELD:0.5628096483420836
CE_PIECECOORDINATION:0.44613457001924045
CE_MATERIAL:0.5285439535528896
CE_KINGSAFETY:0.4932950725081752
C_PIECESQUARETABLES:0.5
C_MOBILITY:0.4599641454295339
C_KINGSAFETY:0.5271658598699666
C_PAWNSTRUCTURE:0.4654827010940101
C_PIECECOORDINATION:0.466788837795545
C_ROOKANDPAWNMOVEMENT:0.466788837795545
C_CENTERCONTROL:0.58425236469144
C_DEVELOPPIECES:0.5039030061056035
C_MATERIAL:0.4369197539743115
C_MOVECOUNT:0.5
