ELO:971
CE_PASSEDPAWNS:0.43077509573216255
CE_PAWNWEAKNESSES:0.4226336026885218
CE_PIECEACTIVITY:0.4981908486893762
CE_KINGPAWNSHIELD:0.4345330781686493
CE_PIECECOORDINATION:0.44668521481353696
CE_MATERIAL:0.40058612617291756
CE_KINGSAFETY:0.47260360454177697
C_PIECESQUARETABLES:0.4998777926815239
C_MOBILITY:0.4981587821129091
C_KINGSAFETY:0.4769562052378403
C_PAWNSTRUCTURE:0.6016092614248026
C_PIECECOORDINATION:0.5229717350401145
C_ROOKANDPAWNMOVEMENT:0.5229717350401145
C_CENTERCONTROL:0.454563068419606
C_DEVELOPPIECES:0.4168756101110439
C_MATERIAL:0.5183668703041534
