ELO:1000
CE_PASSEDPAWNS:0.5024987133140748
CE_PAWNWEAKNESSES:0.4489104474996183
CE_PIECEACTIVITY:0.5101794783057947
CE_KINGPAWNSHIELD:0.5151273308783516
CE_PIECECOORDINATION:0.4957181056375543
CE_MATERIAL:0.48359601361339494
CE_KINGSAFETY:0.49365803325929886
C_PIECESQUARETABLES:0.501454329725525
C_MOBILITY:0.4695541768678232
C_KINGSAFETY:0.5115100635964126
C_PAWNSTRUCTURE:0.5188196230591459
C_PIECECOORDINATION:0.5543357471845829
C_ROOKANDPAWNMOVEMENT:0.5543357471845829
C_CENTERCONTROL:0.5070486301755583
C_DEVELOPPIECES:0.4590846497772005
C_MATERIAL:0.4855905549931261
