ELO:1000
CE_PASSEDPAWNS:0.5128868136822562
CE_PAWNWEAKNESSES:0.43811732218791155
CE_PIECEACTIVITY:0.4963159930618548
CE_KINGPAWNSHIELD:0.5062445309070519
CE_PIECECOORDINATION:0.5024098625515426
CE_MATERIAL:0.4888590928908838
CE_KINGSAFETY:0.48487007935371773
C_PIECESQUARETABLES:0.49654309636563193
C_MOBILITY:0.46025175500110527
C_KINGSAFETY:0.5026168874278855
C_PAWNSTRUCTURE:0.5072192363582642
C_PIECECOORDINATION:0.5526751740669041
C_ROOKANDPAWNMOVEMENT:0.5526751740669041
C_CENTERCONTROL:0.5133763895323267
C_DEVELOPPIECES:0.4765587265504754
C_MATERIAL:0.49072255821403316
