ELO:1002
CE_PASSEDPAWNS:0.5
CE_PAWNWEAKNESSES:0.5044995148797566
CE_PIECEACTIVITY:0.4920555861763772
CE_KINGPAWNSHIELD:0.5
CE_PIECECOORDINATION:0.49854417847237975
CE_MATERIAL:0.4959599682449529
CE_KINGSAFETY:0.5022847863686681
C_PIECESQUARETABLES:0.4952530042711712
C_MOBILITY:0.5
C_KINGSAFETY:0.5067877524005546
C_PAWNSTRUCTURE:0.5047143588100885
C_PIECECOORDINATION:0.5068216461044039
C_ROOKANDPAWNMOVEMENT:0.5068216461044039
C_CENTERCONTROL:0.49972776906831684
C_DEVELOPPIECES:0.48996610866546625
C_MATERIAL:0.4922539944915282
C_MOVECOUNT:0.48828602890953804
