ELO:962
CE_PASSEDPAWNS:0.4750066705529375
CE_PAWNWEAKNESSES:0.5119286027596994
CE_PIECEACTIVITY:0.49852684640605066
CE_KINGPAWNSHIELD:0.5055465981397198
CE_PIECECOORDINATION:0.5258829254498837
CE_MATERIAL:0.482040436787482
CE_KINGSAFETY:0.505770738298781
C_PIECESQUARETABLES:0.5082929291928804
C_MOBILITY:0.5060004588719267
C_KINGSAFETY:0.4954490132719116
C_PAWNSTRUCTURE:0.4709772047877001
C_PIECECOORDINATION:0.48151696735964533
C_ROOK:0.5020236945382268
CE_ROOK:0.49502331746219796
C_CENTERCONTROL:0.5315759435405067
C_DEVELOPPIECES:0.4972180895298342
C_MATERIAL:0.4979627393401144
C_MOVECOUNT:0.5238150870784248
C_PAWNMOVEMENT:0.48534246941409287
