ELO:679
CE_PASSEDPAWNS:0.5689559097247434
CE_PAWNWEAKNESSES:0.6365507427425291
CE_PIECEACTIVITY:0.5663759610404512
CE_KINGPAWNSHIELD:0.4818872878751245
CE_PIECECOORDINATION:0.4439429754569638
CE_MATERIAL:0.502528823234994
CE_KINGSAFETY:0.5462618517173077
C_PIECESQUARETABLES:0.4789162107582886
C_MOBILITY:0.61937328545719
C_KINGSAFETY:0.49958650847251723
C_PAWNSTRUCTURE:0.4785341421689429
C_PIECECOORDINATION:0.498600781033207
C_ROOKANDPAWNMOVEMENT:0.498600781033207
C_CENTERCONTROL:0.4558763818478746
C_DEVELOPPIECES:0.5012278880784818
C_MATERIAL:0.5196828012839969
C_MOVECOUNT:0.5
