ELO:883
CE_PASSEDPAWNS:0.4684479488236896
CE_PAWNWEAKNESSES:0.517464834894171
CE_PIECEACTIVITY:0.5089104384181012
CE_KINGPAWNSHIELD:0.521282158406345
CE_PIECECOORDINATION:0.5290596031261445
CE_MATERIAL:0.48645485702770297
CE_KINGSAFETY:0.493297431152584
C_PIECESQUARETABLES:0.4992773457253601
C_MOBILITY:0.5046739799575164
C_KINGSAFETY:0.5451695676335958
C_PAWNSTRUCTURE:0.4731513680602773
C_PIECECOORDINATION:0.48602213843884523
C_ROOK:0.4667377853873127
CE_ROOK:0.4946573625533383
C_CENTERCONTROL:0.5233412817437199
C_DEVELOPPIECES:0.4977816207952413
C_MATERIAL:0.5236648460412288
C_MOVECOUNT:0.48459714375152535
C_PAWNMOVEMENT:0.5334523233319828
