ELO:1027
CE_PASSEDPAWNS:0.5
CE_PAWNWEAKNESSES:0.5002126093053403
CE_PIECEACTIVITY:0.5
CE_KINGPAWNSHIELD:0.5096410278071436
CE_PIECECOORDINATION:0.48934928464960353
CE_MATERIAL:0.4921702611495589
CE_KINGSAFETY:0.5
C_PIECESQUARETABLES:0.506939199204394
C_MOBILITY:0.5005633187081395
C_KINGSAFETY:0.49752924793040787
C_PAWNSTRUCTURE:0.5188020855249098
C_PIECECOORDINATION:0.5
C_ROOKANDPAWNMOVEMENT:0.5
C_CENTERCONTROL:0.5
C_DEVELOPPIECES:0.5025734350234116
C_MATERIAL:0.5
C_MOVECOUNT:0.5
