ELO:1000
CE_PASSEDPAWNS:0.520476043380175
CE_PAWNWEAKNESSES:0.43646217683551486
CE_PIECEACTIVITY:0.5023683718061971
CE_KINGPAWNSHIELD:0.5217094584332882
CE_PIECECOORDINATION:0.506183841437994
CE_MATERIAL:0.49354306371337187
CE_KINGSAFETY:0.48969237262782545
C_PIECESQUARETABLES:0.49654309636563193
C_MOBILITY:0.46521916613214354
C_KINGSAFETY:0.5026168874278855
C_PAWNSTRUCTURE:0.5212114455414432
C_PIECECOORDINATION:0.5376379452754705
C_ROOKANDPAWNMOVEMENT:0.5376379452754705
C_CENTERCONTROL:0.5069639886296575
C_DEVELOPPIECES:0.46954246840500147
C_MATERIAL:0.4931487427897173
