ELO:914
CE_PASSEDPAWNS:0.4301605916655842
CE_PAWNWEAKNESSES:0.4330478762889986
CE_PIECEACTIVITY:0.47534058383184574
CE_KINGPAWNSHIELD:0.44525234168087713
CE_PIECECOORDINATION:0.4325005832410292
CE_MATERIAL:0.44008467065028495
CE_KINGSAFETY:0.5068450298286027
C_PIECESQUARETABLES:0.5025879370411994
C_MOBILITY:0.5321746155360992
C_KINGSAFETY:0.4927873905794845
C_PAWNSTRUCTURE:0.5527307611579751
C_PIECECOORDINATION:0.5282183146456266
C_ROOKANDPAWNMOVEMENT:0.5282183146456266
C_CENTERCONTROL:0.48281094856966467
C_DEVELOPPIECES:0.4296088546262341
C_MATERIAL:0.5391249103461825
