ELO:997
CE_PASSEDPAWNS:0.3913337888429195
CE_PAWNWEAKNESSES:0.417946394050425
CE_PIECEACTIVITY:0.47044163728322375
CE_KINGPAWNSHIELD:0.5383185370604556
CE_PIECECOORDINATION:0.49241659947309735
CE_MATERIAL:0.5162724113615225
CE_KINGSAFETY:0.5072794094731512
C_PIECESQUARETABLES:0.5147160057505591
C_MOBILITY:0.5459021074734701
C_KINGSAFETY:0.46233832031981414
C_PAWNSTRUCTURE:0.5010588580129295
C_PIECECOORDINATION:0.48602822431753573
C_ROOKANDPAWNMOVEMENT:0.48602822431753573
C_CENTERCONTROL:0.43975968457601866
C_DEVELOPPIECES:0.47432283722830554
C_MATERIAL:0.4324393590291902
