ELO:1000
CE_PASSEDPAWNS:0.5052168406304424
CE_PAWNWEAKNESSES:0.47738170449665945
CE_PIECEACTIVITY:0.5077763671457997
CE_KINGPAWNSHIELD:0.48826083173368634
CE_PIECECOORDINATION:0.4966169431323066
CE_MATERIAL:0.502400188910466
CE_KINGSAFETY:0.4832432614182669
C_PIECESQUARETABLES:0.5003870205659533
C_MOBILITY:0.5009397421692137
C_KINGSAFETY:0.5094168705258437
C_PAWNSTRUCTURE:0.5201999695554101
C_PIECECOORDINATION:0.5068341415325838
C_ROOKANDPAWNMOVEMENT:0.5068341415325838
C_CENTERCONTROL:0.4960038481999295
C_DEVELOPPIECES:0.4854668509085457
C_MATERIAL:0.48856546007547436
