ELO:1000
CE_PASSEDPAWNS:0.46242166736796453
CE_PAWNWEAKNESSES:0.5003274704708809
CE_PIECEACTIVITY:0.498916324630402
CE_KINGPAWNSHIELD:0.5032150513528996
CE_PIECECOORDINATION:0.4904406054054028
CE_MATERIAL:0.5
CE_KINGSAFETY:0.5000423822414811
C_PIECESQUARETABLES:0.5
C_MOBILITY:0.500833505011832
C_KINGSAFETY:0.4899850756773523
C_PAWNSTRUCTURE:0.5068351496100175
C_PIECECOORDINATION:0.5
C_ROOKANDPAWNMOVEMENT:0.5
C_CENTERCONTROL:0.5
C_DEVELOPPIECES:0.49951766825621585
C_MATERIAL:0.4970809984594803
