ELO:723
CE_PASSEDPAWNS:0.568550111620771
CE_PAWNWEAKNESSES:0.6118429559365282
CE_PIECEACTIVITY:0.5458592375573856
CE_KINGPAWNSHIELD:0.4954817541819796
CE_PIECECOORDINATION:0.44306032482766644
CE_MATERIAL:0.5152954701120807
CE_KINGSAFETY:0.4938005640246164
C_PIECESQUARETABLES:0.49877319306901413
C_MOBILITY:0.6105729351145911
C_KINGSAFETY:0.5014628077323552
C_PAWNSTRUCTURE:0.49331643660625374
C_PIECECOORDINATION:0.5261607637816497
C_ROOKANDPAWNMOVEMENT:0.5261607637816497
C_CENTERCONTROL:0.4441912088671124
C_DEVELOPPIECES:0.5253216283487199
C_MATERIAL:0.5054736971208383
C_MOVECOUNT:0.5
