ELO:1012
CE_PASSEDPAWNS:0.5326781893022914
CE_PAWNWEAKNESSES:0.5774360900642169
CE_PIECEACTIVITY:0.5014385784445301
CE_KINGPAWNSHIELD:0.5424303049777096
CE_PIECECOORDINATION:0.49732288552753134
CE_MATERIAL:0.40251910325383744
CE_KINGSAFETY:0.5268888658262615
C_PIECESQUARETABLES:0.5251463028404333
C_MOBILITY:0.4546394938090896
C_KINGSAFETY:0.4413405413541942
C_PAWNSTRUCTURE:0.515774717884521
C_PIECECOORDINATION:0.458230345941241
C_ROOKANDPAWNMOVEMENT:0.458230345941241
C_CENTERCONTROL:0.5039602425388955
C_DEVELOPPIECES:0.4345683724010906
C_MATERIAL:0.5536148669167427
