ELO:1000
CE_PASSEDPAWNS:0.5065664028895963
CE_PAWNWEAKNESSES:0.4717659913844754
CE_PIECEACTIVITY:0.5292407046171114
CE_KINGPAWNSHIELD:0.5141308071096956
CE_PIECECOORDINATION:0.5068889514984968
CE_MATERIAL:0.5027343928550121
CE_KINGSAFETY:0.5062135845844694
C_PIECESQUARETABLES:0.5015868087115987
C_MOBILITY:0.49058716793430895
C_KINGSAFETY:0.5058149819593089
C_PAWNSTRUCTURE:0.5116526889479224
C_PIECECOORDINATION:0.5292926186040674
C_ROOKANDPAWNMOVEMENT:0.5292926186040674
C_CENTERCONTROL:0.506532019779504
C_DEVELOPPIECES:0.49475940256309525
C_MATERIAL:0.49451742091915857
