ELO:986
CE_PASSEDPAWNS:0.5067112129154167
CE_PAWNWEAKNESSES:0.49022562388663865
CE_PIECEACTIVITY:0.4910734431727106
CE_KINGPAWNSHIELD:0.4912171650989682
CE_PIECECOORDINATION:0.4856154698650095
CE_MATERIAL:0.4677516536749343
CE_KINGSAFETY:0.5
C_PIECESQUARETABLES:0.5181123262663364
C_MOBILITY:0.5001789038487429
C_KINGSAFETY:0.530742736965529
C_PAWNSTRUCTURE:0.506527026730672
C_PIECECOORDINATION:0.4942638093500668
C_ROOK:0.4859650917979592
CE_ROOK:0.4812974894297413
C_CENTERCONTROL:0.5042462097016135
C_DEVELOPPIECES:0.48695217207069175
C_MATERIAL:0.5146299851039272
C_MOVECOUNT:0.498455363471706
C_PAWNMOVEMENT:0.4530812793719471
