ELO:1010
CE_PASSEDPAWNS:0.5388974483360366
CE_PAWNWEAKNESSES:0.5813410789089418
CE_PIECEACTIVITY:0.5030591851387858
CE_KINGPAWNSHIELD:0.5411637672738127
CE_PIECECOORDINATION:0.5004161815775918
CE_MATERIAL:0.4019350576921963
CE_KINGSAFETY:0.5268888658262615
C_PIECESQUARETABLES:0.5238830084987728
C_MOBILITY:0.4531987744191056
C_KINGSAFETY:0.4294197537239032
C_PAWNSTRUCTURE:0.5228080632023944
C_PIECECOORDINATION:0.4329341532158905
C_ROOKANDPAWNMOVEMENT:0.4329341532158905
C_CENTERCONTROL:0.5088949803839348
C_DEVELOPPIECES:0.45345952110811466
C_MATERIAL:0.5485937868371861
