ELO:989
CE_PASSEDPAWNS:0.4750066705529375
CE_PAWNWEAKNESSES:0.5119286027596994
CE_PIECEACTIVITY:0.49281501175084286
CE_KINGPAWNSHIELD:0.5055465981397198
CE_PIECECOORDINATION:0.5356385141101678
CE_MATERIAL:0.5058960051606419
CE_KINGSAFETY:0.49343331762437
C_PIECESQUARETABLES:0.5
C_MOBILITY:0.4984590091242655
C_KINGSAFETY:0.5061637969500337
C_PAWNSTRUCTURE:0.4718698299756343
C_PIECECOORDINATION:0.49058420286604165
C_ROOK:0.507215544469684
CE_ROOK:0.4932791755302089
C_CENTERCONTROL:0.526210648917526
C_DEVELOPPIECES:0.4972180895298342
C_MATERIAL:0.5010772770342218
C_MOVECOUNT:0.5128077744357656
C_PAWNMOVEMENT:0.4964154589685165
