ELO:938
CE_PASSEDPAWNS:0.4615577202805226
CE_PAWNWEAKNESSES:0.46605809509596735
CE_PIECEACTIVITY:0.504672171996961
CE_KINGPAWNSHIELD:0.5319287953849339
CE_PIECECOORDINATION:0.4749496200368678
CE_MATERIAL:0.47325562046835945
CE_KINGSAFETY:0.4837609834025119
C_PIECESQUARETABLES:0.5262309976714227
C_MOBILITY:0.41931337716762385
C_KINGSAFETY:0.46779708398738024
C_PAWNSTRUCTURE:0.49507664718022953
C_PIECECOORDINATION:0.5180207900062703
C_ROOKANDPAWNMOVEMENT:0.5180207900062703
C_CENTERCONTROL:0.5074130925319233
C_DEVELOPPIECES:0.502973366936315
C_MATERIAL:0.5326253352637175
