ELO:960
CE_PASSEDPAWNS:0.49548547750356287
CE_PAWNWEAKNESSES:0.4688816699343559
CE_PIECEACTIVITY:0.5072780174780234
CE_KINGPAWNSHIELD:0.49378881301805183
CE_PIECECOORDINATION:0.49888940725810443
CE_MATERIAL:0.5392724907836016
CE_KINGSAFETY:0.5001803617733416
C_PIECESQUARETABLES:0.5
C_MOBILITY:0.4784040450807232
C_KINGSAFETY:0.5113329650839918
C_PAWNSTRUCTURE:0.48958196349424143
C_PIECECOORDINATION:0.5067604863051232
C_ROOKANDPAWNMOVEMENT:0.5067604863051232
C_CENTERCONTROL:0.5162146757864019
C_DEVELOPPIECES:0.5141593998234519
C_MATERIAL:0.48571527239630974
C_MOVECOUNT:0.5166265022550898
