ELO:956
CE_PASSEDPAWNS:0.4897587837799133
CE_PAWNWEAKNESSES:0.5092705160521762
CE_PIECEACTIVITY:0.5107994604047026
CE_KINGPAWNSHIELD:0.5091823925382996
CE_PIECECOORDINATION:0.5060379606943335
CE_MATERIAL:0.4633987594151505
CE_KINGSAFETY:0.508859203540541
C_PIECESQUARETABLES:0.5465227689183355
C_MOBILITY:0.5288953329796877
C_KINGSAFETY:0.518392747256995
C_PAWNSTRUCTURE:0.492245390443509
C_PIECECOORDINATION:0.4933073376451682
C_ROOKANDPAWNMOVEMENT:0.4933073376451682
C_CENTERCONTROL:0.5028857627569144
C_DEVELOPPIECES:0.5007987438064432
C_MATERIAL:0.49259033119723844
C_MOVECOUNT:0.5
