ELO:983
CE_PASSEDPAWNS:0.42956246464483816
CE_PAWNWEAKNESSES:0.4244624568327435
CE_PIECEACTIVITY:0.47792319790213295
CE_KINGPAWNSHIELD:0.432243522961567
CE_PIECECOORDINATION:0.44116260304966975
CE_MATERIAL:0.4227705065505186
CE_KINGSAFETY:0.4729170086545237
C_PIECESQUARETABLES:0.5011926662544818
C_MOBILITY:0.5011229379226295
C_KINGSAFETY:0.463570955890308
C_PAWNSTRUCTURE:0.5747590901816778
C_PIECECOORDINATION:0.5312126386282446
C_ROOKANDPAWNMOVEMENT:0.5312126386282446
C_CENTERCONTROL:0.45106730656132155
C_DEVELOPPIECES:0.42889855507682556
C_MATERIAL:0.5205737576278215
