ELO:1000
CE_PASSEDPAWNS:0.5067821674466332
CE_PAWNWEAKNESSES:0.4905776027084297
CE_PIECEACTIVITY:0.5078295158329483
CE_KINGPAWNSHIELD:0.5
CE_PIECECOORDINATION:0.5005236457537565
CE_MATERIAL:0.5083055463703338
CE_KINGSAFETY:0.488556940312562
C_PIECESQUARETABLES:0.49023620449725414
C_MOBILITY:0.49265967548042444
C_KINGSAFETY:0.5095667116386831
C_PAWNSTRUCTURE:0.5
C_PIECECOORDINATION:0.49275498342049584
C_ROOKANDPAWNMOVEMENT:0.49275498342049584
C_CENTERCONTROL:0.49462001714516957
C_DEVELOPPIECES:0.4992142302594222
C_MATERIAL:0.49581349751350146
