ELO:1008
CE_PASSEDPAWNS:0.41657304498831954
CE_PAWNWEAKNESSES:0.41718571252670705
CE_PIECEACTIVITY:0.44320478976893357
CE_KINGPAWNSHIELD:0.45828094531574975
CE_PIECECOORDINATION:0.45738785331053183
CE_MATERIAL:0.44503291981850346
CE_KINGSAFETY:0.5
C_PIECESQUARETABLES:0.5
C_MOBILITY:0.5083846046847373
C_KINGSAFETY:0.4544071996845438
C_PAWNSTRUCTURE:0.546322555830018
C_PIECECOORDINATION:0.5276360452020713
C_ROOKANDPAWNMOVEMENT:0.5276360452020713
C_CENTERCONTROL:0.46870023970746827
C_DEVELOPPIECES:0.45273299177837545
C_MATERIAL:0.506828471022291
