ELO:1012
CE_PASSEDPAWNS:0.3762865664206616
CE_PAWNWEAKNESSES:0.42095043113028563
CE_PIECEACTIVITY:0.47455546828854533
CE_KINGPAWNSHIELD:0.5524972740404507
CE_PIECECOORDINATION:0.5228665876218258
CE_MATERIAL:0.5153725110429399
CE_KINGSAFETY:0.47687409147850235
C_PIECESQUARETABLES:0.5137133134504397
C_MOBILITY:0.5340184788923522
C_KINGSAFETY:0.4467298455445202
C_PAWNSTRUCTURE:0.5188269706032965
C_PIECECOORDINATION:0.530973405250158
C_ROOKANDPAWNMOVEMENT:0.530973405250158
C_CENTERCONTROL:0.5436735829337295
C_DEVELOPPIECES:0.4826160763584099
C_MATERIAL:0.4322337008453328
