ELO:1000
CE_PASSEDPAWNS:0.4916940513722963
CE_PAWNWEAKNESSES:0.45676883761739884
CE_PIECEACTIVITY:0.4934769094363269
CE_KINGPAWNSHIELD:0.4994322754555005
CE_PIECECOORDINATION:0.5023191530691818
CE_MATERIAL:0.49165393463480367
CE_KINGSAFETY:0.47799304380786123
C_PIECESQUARETABLES:0.5009553327561648
C_MOBILITY:0.4620581740430923
C_KINGSAFETY:0.507182880789413
C_PAWNSTRUCTURE:0.5241077586867401
C_PIECECOORDINATION:0.5364206777283294
C_ROOKANDPAWNMOVEMENT:0.5364206777283294
C_CENTERCONTROL:0.5073815648751079
C_DEVELOPPIECES:0.44116925836690296
C_MATERIAL:0.4949425093256838
