ELO:1043
CE_PASSEDPAWNS:0.49253854838703465
CE_PAWNWEAKNESSES:0.5043908429560144
CE_PIECEACTIVITY:0.5
CE_KINGPAWNSHIELD:0.4958939672006035
CE_PIECECOORDINATION:0.5
CE_MATERIAL:0.5
CE_KINGSAFETY:0.5037153852219136
C_PIECESQUARETABLES:0.5
C_MOBILITY:0.5
C_KINGSAFETY:0.5077853719915926
C_PAWNSTRUCTURE:0.5
C_PIECECOORDINATION:0.5
C_ROOKANDPAWNMOVEMENT:0.5
C_CENTERCONTROL:0.5039815876274545
C_DEVELOPPIECES:0.5
C_MATERIAL:0.511310402491442
