ELO:859
CE_PASSEDPAWNS:0.48164547804554636
CE_PAWNWEAKNESSES:0.5334468056948903
CE_PIECEACTIVITY:0.4964800452414219
CE_KINGPAWNSHIELD:0.5485459418852578
CE_PIECECOORDINATION:0.5208757013575835
CE_MATERIAL:0.4834197026825186
CE_KINGSAFETY:0.4962481538941907
C_PIECESQUARETABLES:0.498035316004318
C_MOBILITY:0.4900580314928108
C_KINGSAFETY:0.5436516353780144
C_PAWNSTRUCTURE:0.4663325942878646
C_PIECECOORDINATION:0.47195322118749516
C_ROOK:0.46281251384596545
CE_ROOK:0.5066023602256515
C_CENTERCONTROL:0.5145104631428024
C_DEVELOPPIECES:0.5047236519768338
C_MATERIAL:0.532801863171679
C_MOVECOUNT:0.4812165834401142
C_PAWNMOVEMENT:0.5331224462260497
