ELO:908
CE_PASSEDPAWNS:0.46454761361556673
CE_PAWNWEAKNESSES:0.5156196617814542
CE_PIECEACTIVITY:0.4585840936658822
CE_KINGPAWNSHIELD:0.5150311350325895
CE_PIECECOORDINATION:0.4604895492961556
CE_MATERIAL:0.4835546667225862
CE_KINGSAFETY:0.49755497848332303
C_PIECESQUARETABLES:0.4835517861055563
C_MOBILITY:0.38370924000217066
C_KINGSAFETY:0.5330308207889907
C_PAWNSTRUCTURE:0.46296813401115466
C_PIECECOORDINATION:0.47342287818804185
C_ROOKANDPAWNMOVEMENT:0.47342287818804185
C_CENTERCONTROL:0.4909991017927358
C_DEVELOPPIECES:0.466238712536742
C_MATERIAL:0.564244155021839
