ELO:937
CE_PASSEDPAWNS:0.5073778932804435
CE_PAWNWEAKNESSES:0.511719071747051
CE_PIECEACTIVITY:0.4972048041819739
CE_KINGPAWNSHIELD:0.5134334620200706
CE_PIECECOORDINATION:0.4924973506832574
CE_MATERIAL:0.48333394477151387
CE_KINGSAFETY:0.5005169057671547
C_PIECESQUARETABLES:0.5124196392316976
C_MOBILITY:0.516326718066978
C_KINGSAFETY:0.4897875373423801
C_PAWNSTRUCTURE:0.49788178235342767
C_PIECECOORDINATION:0.500294899605896
C_ROOKANDPAWNMOVEMENT:0.500294899605896
C_CENTERCONTROL:0.5072160036447347
C_DEVELOPPIECES:0.44288658881246923
C_MATERIAL:0.47908814213602974
C_MOVECOUNT:0.5
