ELO:971
CE_PASSEDPAWNS:0.4835653833627429
CE_PAWNWEAKNESSES:0.4832407394928421
CE_PIECEACTIVITY:0.5240532222093383
CE_KINGPAWNSHIELD:0.5087982387185735
CE_PIECECOORDINATION:0.534323394987714
CE_MATERIAL:0.4746770636405286
CE_KINGSAFETY:0.5021667944496516
C_PIECESQUARETABLES:0.4819588547327187
C_MOBILITY:0.4775167310059311
C_KINGSAFETY:0.50821157679113
C_PAWNSTRUCTURE:0.4921331877110591
C_PIECECOORDINATION:0.49788813619776356
C_ROOKANDPAWNMOVEMENT:0.49788813619776356
C_CENTERCONTROL:0.44884954488625783
C_DEVELOPPIECES:0.46991865871894806
C_MATERIAL:0.5073889173050327
C_MOVECOUNT:0.5
