ELO:982
CE_PASSEDPAWNS:0.4895912640814672
CE_PAWNWEAKNESSES:0.4888154134529967
CE_PIECEACTIVITY:0.4827507640677576
CE_KINGPAWNSHIELD:0.5131058172387151
CE_PIECECOORDINATION:0.4963085757288086
CE_MATERIAL:0.5181834874211699
CE_KINGSAFETY:0.5211723767380598
C_PIECESQUARETABLES:0.4940531287377047
C_MOBILITY:0.4991264176139595
C_KINGSAFETY:0.5087260922513203
C_PAWNSTRUCTURE:0.4887769629989437
C_PIECECOORDINATION:0.4774244814307426
C_ROOKANDPAWNMOVEMENT:0.4774244814307426
C_CENTERCONTROL:0.5025503217605229
C_DEVELOPPIECES:0.5076824899068733
C_MATERIAL:0.5017140757504195
C_MOVECOUNT:0.5
