ELO:1000
CE_PASSEDPAWNS:0.4871990102327114
CE_PAWNWEAKNESSES:0.5279224848858877
CE_PIECEACTIVITY:0.47171045794817507
CE_KINGPAWNSHIELD:0.5085496136174259
CE_PIECECOORDINATION:0.43380482089652006
CE_MATERIAL:0.4525486972920071
CE_KINGSAFETY:0.49229696195722916
C_PIECESQUARETABLES:0.48062205148812354
C_MOBILITY:0.5344704292960073
C_KINGSAFETY:0.43648919501267003
C_PAWNSTRUCTURE:0.5037942578297194
C_PIECECOORDINATION:0.5439789263953815
C_ROOKANDPAWNMOVEMENT:0.5439789263953815
C_CENTERCONTROL:0.5135476868527443
C_DEVELOPPIECES:0.49296576920521257
C_MATERIAL:0.5062555132328918
