ELO:944
CE_PASSEDPAWNS:0.45827412634442666
CE_PAWNWEAKNESSES:0.4462409948191389
CE_PIECEACTIVITY:0.49529683851616224
CE_KINGPAWNSHIELD:0.5964787215001264
CE_PIECECOORDINATION:0.48542939226962734
CE_MATERIAL:0.5229671775946906
CE_KINGSAFETY:0.4874965840444544
C_PIECESQUARETABLES:0.47346127477842587
C_MOBILITY:0.4976202315227952
C_KINGSAFETY:0.4566891532694106
C_PAWNSTRUCTURE:0.5122647028907474
C_PIECECOORDINATION:0.5155458630705013
C_ROOKANDPAWNMOVEMENT:0.5155458630705013
C_CENTERCONTROL:0.5040422163766994
C_DEVELOPPIECES:0.41015392091006003
C_MATERIAL:0.4078024250831648
C_MOVECOUNT:0.546317474011093
