ELO:1000
CE_PASSEDPAWNS:0.4878704592010719
CE_PAWNWEAKNESSES:0.45942481416014724
CE_PIECEACTIVITY:0.5407852428244729
CE_KINGPAWNSHIELD:0.5023826628746733
CE_PIECECOORDINATION:0.5019824953091458
CE_MATERIAL:0.453527545843689
CE_KINGSAFETY:0.47408117588644194
C_PIECESQUARETABLES:0.5187430587942099
C_MOBILITY:0.48116432044220636
C_KINGSAFETY:0.47903350671281114
C_PAWNSTRUCTURE:0.5012391791547313
C_PIECECOORDINATION:0.5515572544544751
C_ROOKANDPAWNMOVEMENT:0.5515572544544751
C_CENTERCONTROL:0.5532892602188121
C_DEVELOPPIECES:0.4462094363318795
C_MATERIAL:0.501171127381549
