ELO:989
CE_PASSEDPAWNS:0.3836945663848431
CE_PAWNWEAKNESSES:0.44990460662359755
CE_PIECEACTIVITY:0.5036975068285509
CE_KINGPAWNSHIELD:0.4969112771905379
CE_PIECECOORDINATION:0.6081871800901878
CE_MATERIAL:0.5572031030060134
CE_KINGSAFETY:0.5
C_PIECESQUARETABLES:0.5
C_MOBILITY:0.619725542852986
C_KINGSAFETY:0.5843653368718612
C_PAWNSTRUCTURE:0.609998281342656
C_PIECECOORDINATION:0.5951221425435111
C_ROOKANDPAWNMOVEMENT:0.5951221425435111
C_CENTERCONTROL:0.3890492155289539
C_DEVELOPPIECES:0.5485847935783625
C_MATERIAL:0.576227983513306
