ELO:942
CE_PASSEDPAWNS:0.47529469746218894
CE_PAWNWEAKNESSES:0.5102368163277861
CE_PIECEACTIVITY:0.5177717829102682
CE_KINGPAWNSHIELD:0.5020816979798317
CE_PIECECOORDINATION:0.529903198268929
CE_MATERIAL:0.5016786038927954
CE_KINGSAFETY:0.5
C_PIECESQUARETABLES:0.4929550042530535
C_MOBILITY:0.5066312751352768
C_KINGSAFETY:0.5330612585452201
C_PAWNSTRUCTURE:0.4754503961837216
C_PIECECOORDINATION:0.48046767774514376
C_ROOK:0.4967526489942327
CE_ROOK:0.508754714101345
C_CENTERCONTROL:0.5285390557865356
C_DEVELOPPIECES:0.5139903629915388
C_MATERIAL:0.5135483827642388
C_MOVECOUNT:0.5048215443270951
C_PAWNMOVEMENT:0.5005291484749351
