ELO:961
CE_PASSEDPAWNS:0.4830456720155685
CE_PAWNWEAKNESSES:0.5180831243947782
CE_PIECEACTIVITY:0.506110732857571
CE_KINGPAWNSHIELD:0.5176776962241054
CE_PIECECOORDINATION:0.529903198268929
CE_MATERIAL:0.4939061925203573
CE_KINGSAFETY:0.5
C_PIECESQUARETABLES:0.5007303729979814
C_MOBILITY:0.5072746032735974
C_KINGSAFETY:0.5073418023432793
C_PAWNSTRUCTURE:0.4709772047877001
C_PIECECOORDINATION:0.4720266181538941
C_ROOK:0.5136041032665202
CE_ROOK:0.5006618215980645
C_CENTERCONTROL:0.53426201088632
C_DEVELOPPIECES:0.5155176610988608
C_MATERIAL:0.5092169711807223
C_MOVECOUNT:0.5083703596995013
C_PAWNMOVEMENT:0.4802725003013218
