ELO:958
CE_PASSEDPAWNS:0.4710750687851516
CE_PAWNWEAKNESSES:0.5245425314137375
CE_PIECEACTIVITY:0.5074207643403547
CE_KINGPAWNSHIELD:0.4704580837501036
CE_PIECECOORDINATION:0.5097221382669257
CE_MATERIAL:0.4633529085009333
CE_KINGSAFETY:0.4863379552041909
C_PIECESQUARETABLES:0.5384838472911613
C_MOBILITY:0.5063487664502442
C_KINGSAFETY:0.584376943448494
C_PAWNSTRUCTURE:0.5029286691343375
C_PIECECOORDINATION:0.45746963132282825
C_ROOKANDPAWNMOVEMENT:0.45746963132282825
C_CENTERCONTROL:0.4625746268689182
C_DEVELOPPIECES:0.4974915351798993
C_MATERIAL:0.4829570625393793
C_MOVECOUNT:0.46219856363528683
