ELO:883
CE_PASSEDPAWNS:0.46420344195536534
CE_PAWNWEAKNESSES:0.5263419971572249
CE_PIECEACTIVITY:0.5054301556388341
CE_KINGPAWNSHIELD:0.505929277210566
CE_PIECECOORDINATION:0.5390586598320811
CE_MATERIAL:0.5050530629673982
CE_KINGSAFETY:0.493297431152584
C_PIECESQUARETABLES:0.510002872088941
C_MOBILITY:0.5035625293534933
C_KINGSAFETY:0.5531258897566609
C_PAWNSTRUCTURE:0.4728633706617309
C_PIECECOORDINATION:0.48213427992584684
C_ROOK:0.4779288312374302
CE_ROOK:0.5156285677059413
C_CENTERCONTROL:0.5198700364694111
C_DEVELOPPIECES:0.5145718829486269
C_MATERIAL:0.5013439156829671
C_MOVECOUNT:0.48036797501558987
C_PAWNMOVEMENT:0.5223811549110604
