ELO:878
CE_PASSEDPAWNS:0.5191054818841099
CE_PAWNWEAKNESSES:0.543322468102598
CE_PIECEACTIVITY:0.5022711203894937
CE_KINGPAWNSHIELD:0.5401335315380988
CE_PIECECOORDINATION:0.46233137246245515
CE_MATERIAL:0.5151680865570871
CE_KINGSAFETY:0.4698094169201411
C_PIECESQUARETABLES:0.5370312936295992
C_MOBILITY:0.5455410756597819
C_KINGSAFETY:0.45507386656170173
C_PAWNSTRUCTURE:0.49126384478479096
C_PIECECOORDINATION:0.501171070255645
C_ROOKANDPAWNMOVEMENT:0.501171070255645
C_CENTERCONTROL:0.517530467905628
C_DEVELOPPIECES:0.42791807596008796
C_MATERIAL:0.474504480910498
C_MOVECOUNT:0.5
