ELO:927
CE_PASSEDPAWNS:0.5149780422229253
CE_PAWNWEAKNESSES:0.48934561165602203
CE_PIECEACTIVITY:0.5005568878807508
CE_KINGPAWNSHIELD:0.4672339843160576
CE_PIECECOORDINATION:0.4610206990525315
CE_MATERIAL:0.48869320194868976
CE_KINGSAFETY:0.471868376001874
C_PIECESQUARETABLES:0.5163457726940777
C_MOBILITY:0.5535901053486176
C_KINGSAFETY:0.4663458539118088
C_PAWNSTRUCTURE:0.48816174100154763
C_PIECECOORDINATION:0.5494071229612635
C_ROOKANDPAWNMOVEMENT:0.5494071229612635
C_CENTERCONTROL:0.5155669933574016
C_DEVELOPPIECES:0.43824016364959417
C_MATERIAL:0.4737922191297542
C_MOVECOUNT:0.5
