ELO:958
CE_PASSEDPAWNS:0.5369284459287277
CE_PAWNWEAKNESSES:0.4376065920390067
CE_PIECEACTIVITY:0.435298822297144
CE_KINGPAWNSHIELD:0.497387998741167
CE_PIECECOORDINATION:0.5366366332823682
CE_MATERIAL:0.47990154547552044
CE_KINGSAFETY:0.509459485249699
C_PIECESQUARETABLES:0.5275706655809052
C_MOBILITY:0.4946734281697263
C_KINGSAFETY:0.46174560287924976
C_PAWNSTRUCTURE:0.5195894518083815
C_PIECECOORDINATION:0.4946266341928649
C_ROOK:0.47002375385540934
CE_ROOK:0.4834634935435129
C_CENTERCONTROL:0.4786980552833744
C_DEVELOPPIECES:0.4831556226729271
C_MATERIAL:0.48183265840828354
C_MOVECOUNT:0.4656394724949776
C_PAWNMOVEMENT:0.4812456565918371
