ELO:966
CE_PASSEDPAWNS:0.4761755469119475
CE_PAWNWEAKNESSES:0.47803332698528217
CE_PIECEACTIVITY:0.5080852266027406
CE_KINGPAWNSHIELD:0.5107329211147087
CE_PIECECOORDINATION:0.4792420862230062
CE_MATERIAL:0.4896348962870532
CE_KINGSAFETY:0.5
C_PIECESQUARETABLES:0.5
C_MOBILITY:0.45612495951039583
C_KINGSAFETY:0.5147532854915027
C_PAWNSTRUCTURE:0.4748741738974717
C_PIECECOORDINATION:0.5209175609672018
C_ROOK:0.5512840783864547
CE_ROOK:0.48037151659605465
C_CENTERCONTROL:0.48324616420560906
C_DEVELOPPIECES:0.47242623496845515
C_MATERIAL:0.5041565254666969
C_MOVECOUNT:0.48023855110324737
C_PAWNMOVEMENT:0.5399729015988021
