ELO:988
CE_PASSEDPAWNS:0.5378647084871331
CE_PAWNWEAKNESSES:0.5627491769000668
CE_PIECEACTIVITY:0.5642505138718606
CE_KINGPAWNSHIELD:0.5356342859506119
CE_PIECECOORDINATION:0.4787041347970286
CE_MATERIAL:0.5195541111312808
CE_KINGSAFETY:0.4591657776264253
C_PIECESQUARETABLES:0.4846054224081733
C_MOBILITY:0.34381709149188017
C_KINGSAFETY:0.4978783896446344
C_PAWNSTRUCTURE:0.43901410689484827
C_PIECECOORDINATION:0.4630855021117244
C_ROOKANDPAWNMOVEMENT:0.4630855021117244
C_CENTERCONTROL:0.4656532175711084
C_DEVELOPPIECES:0.4911856424472895
C_MATERIAL:0.62893041679087
