ELO:945
CE_PASSEDPAWNS:0.41748526942521563
CE_PAWNWEAKNESSES:0.43230269079222355
CE_PIECEACTIVITY:0.4245923515213778
CE_KINGPAWNSHIELD:0.5359012661082442
CE_PIECECOORDINATION:0.5752418881195883
CE_MATERIAL:0.37625060005790234
CE_KINGSAFETY:0.4744424540208352
C_PIECESQUARETABLES:0.47749243994963014
C_MOBILITY:0.5246828890248881
C_KINGSAFETY:0.4418479093897851
C_PAWNSTRUCTURE:0.5158147057355923
C_PIECECOORDINATION:0.39480681027858006
C_ROOKANDPAWNMOVEMENT:0.39480681027858006
C_CENTERCONTROL:0.6129833939427233
C_DEVELOPPIECES:0.43981833381715274
C_MATERIAL:0.4862509421418795
