ELO:845
CE_PASSEDPAWNS:0.4803576041070823
CE_PAWNWEAKNESSES:0.5163519331629496
CE_PIECEACTIVITY:0.5680158691536947
CE_KINGPAWNSHIELD:0.4767209607300212
CE_PIECECOORDINATION:0.46811164071593603
CE_MATERIAL:0.5001602838074324
CE_KINGSAFETY:0.5014647190228184
C_PIECESQUARETABLES:0.504317923837619
C_MOBILITY:0.44654302570346754
C_KINGSAFETY:0.4844265152037103
C_PAWNSTRUCTURE:0.5397054941776406
C_PIECECOORDINATION:0.5150070617425277
C_ROOKANDPAWNMOVEMENT:0.5150070617425277
C_CENTERCONTROL:0.4950244776714021
C_DEVELOPPIECES:0.499366865113471
C_MATERIAL:0.4978976873086432
C_MOVECOUNT:0.4944296485332258
