ELO:865
CE_PASSEDPAWNS:0.516529866648924
CE_PAWNWEAKNESSES:0.4799349155781837
CE_PIECEACTIVITY:0.546548359937571
CE_KINGPAWNSHIELD:0.4909725874860715
CE_PIECECOORDINATION:0.49429880669419735
CE_MATERIAL:0.4924562324162989
CE_KINGSAFETY:0.4932109792658059
C_PIECESQUARETABLES:0.5378630117139461
C_MOBILITY:0.5190987286281585
C_KINGSAFETY:0.5102180154332389
C_PAWNSTRUCTURE:0.5149563031331289
C_PIECECOORDINATION:0.4936423543171578
C_ROOKANDPAWNMOVEMENT:0.4936423543171578
C_CENTERCONTROL:0.451707058539227
C_DEVELOPPIECES:0.522698805866977
C_MATERIAL:0.4540346906911539
C_MOVECOUNT:0.5
