ELO:990
CE_PASSEDPAWNS:0.39792981371987557
CE_PAWNWEAKNESSES:0.43804059842882975
CE_PIECEACTIVITY:0.49309672740202964
CE_KINGPAWNSHIELD:0.5034619191325739
CE_PIECECOORDINATION:0.6092782055877115
CE_MATERIAL:0.40713280702479526
CE_KINGSAFETY:0.5111665895286391
C_PIECESQUARETABLES:0.5026043248129012
C_MOBILITY:0.6129946038286354
C_KINGSAFETY:0.5742475742575268
C_PAWNSTRUCTURE:0.6260019373602326
C_PIECECOORDINATION:0.6114705589322064
C_ROOKANDPAWNMOVEMENT:0.6114705589322064
C_CENTERCONTROL:0.37270626989383276
C_DEVELOPPIECES:0.5371138147630364
C_MATERIAL:0.5910691773901827
