ELO:943
CE_PASSEDPAWNS:0.547659514316156
CE_PAWNWEAKNESSES:0.5436027914189443
CE_PIECEACTIVITY:0.5136755572756497
CE_KINGPAWNSHIELD:0.5379936966674185
CE_PIECECOORDINATION:0.47795072369820274
CE_MATERIAL:0.5633379551269893
CE_KINGSAFETY:0.5152410691680797
C_PIECESQUARETABLES:0.5800136860931853
C_MOBILITY:0.31118254796916583
C_KINGSAFETY:0.46618556832975183
C_PAWNSTRUCTURE:0.44214352417235947
C_PIECECOORDINATION:0.4516751410640026
C_ROOKANDPAWNMOVEMENT:0.4516751410640026
C_CENTERCONTROL:0.39962243788469454
C_DEVELOPPIECES:0.5030702042566194
C_MATERIAL:0.6105763781976434
