ELO:1119
CE_PASSEDPAWNS:0.5955037066111589
CE_PAWNWEAKNESSES:0.45728829352652345
CE_PIECEACTIVITY:0.469901912423422
CE_KINGPAWNSHIELD:0.3979867498412474
CE_PIECECOORDINATION:0.5357302326188603
CE_MATERIAL:0.4553766470929869
CE_KINGSAFETY:0.5
C_PIECESQUARETABLES:0.5072884591562151
C_MOBILITY:0.4160628221028769
C_KINGSAFETY:0.6009543595079152
C_PAWNSTRUCTURE:0.41040599071577993
C_PIECECOORDINATION:0.4814445428932465
C_ROOKANDPAWNMOVEMENT:0.4814445428932465
C_CENTERCONTROL:0.5064171750435937
C_DEVELOPPIECES:0.5486681112742916
C_MATERIAL:0.39351363581967636
