ELO:988
CE_PASSEDPAWNS:0.5081253327455647
CE_PAWNWEAKNESSES:0.49331807142185297
CE_PIECEACTIVITY:0.496453533956921
CE_KINGPAWNSHIELD:0.4925300972422962
CE_PIECECOORDINATION:0.5
CE_MATERIAL:0.5
CE_KINGSAFETY:0.5
C_PIECESQUARETABLES:0.5
C_MOBILITY:0.5
C_KINGSAFETY:0.4958032555753848
C_PAWNSTRUCTURE:0.5013220302399086
C_PIECECOORDINATION:0.5
C_ROOKANDPAWNMOVEMENT:0.5
C_CENTERCONTROL:0.5
C_DEVELOPPIECES:0.5
C_MATERIAL:0.5
C_MOVECOUNT:0.5
