ELO:624
CE_PASSEDPAWNS:0.5400561033793115
CE_PAWNWEAKNESSES:0.48742770923124074
CE_PIECEACTIVITY:0.4672944859107214
CE_KINGPAWNSHIELD:0.4716597921036236
CE_PIECECOORDINATION:0.4627637089805869
CE_MATERIAL:0.48288806252951055
CE_KINGSAFETY:0.520038532691386
C_PIECESQUARETABLES:0.49668449551681854
C_MOBILITY:0.5927059645200665
C_KINGSAFETY:0.4891375661333781
C_PAWNSTRUCTURE:0.5630862637083303
C_PIECECOORDINATION:0.5273566472990182
C_ROOKANDPAWNMOVEMENT:0.5273566472990182
C_CENTERCONTROL:0.4859386828669032
C_DEVELOPPIECES:0.5766546264109361
C_MATERIAL:0.5035266695439351
C_MOVECOUNT:0.4916899048186584
