ELO:996
CE_PASSEDPAWNS:0.5
CE_PAWNWEAKNESSES:0.5096281224457462
CE_PIECEACTIVITY:0.5193253899977649
CE_KINGPAWNSHIELD:0.48775766166065937
CE_PIECECOORDINATION:0.5
CE_MATERIAL:0.4975082853034305
CE_KINGSAFETY:0.5
C_PIECESQUARETABLES:0.4864059211788046
C_MOBILITY:0.49350472855159955
C_KINGSAFETY:0.5072772325778737
C_PAWNSTRUCTURE:0.4959542663339314
C_PIECECOORDINATION:0.5081049766988716
C_ROOKANDPAWNMOVEMENT:0.5081049766988716
C_CENTERCONTROL:0.5
C_DEVELOPPIECES:0.4967421155228902
C_MATERIAL:0.4929100778265802
C_MOVECOUNT:0.5025817130482181
