ELO:878
CE_PASSEDPAWNS:0.4854127523854342
CE_PAWNWEAKNESSES:0.5298421778672252
CE_PIECEACTIVITY:0.5565330053563422
CE_KINGPAWNSHIELD:0.47949573087609454
CE_PIECECOORDINATION:0.4835728356279461
CE_MATERIAL:0.4663136495322306
CE_KINGSAFETY:0.5097068695124182
C_PIECESQUARETABLES:0.49604228363025055
C_MOBILITY:0.4264138482958462
C_KINGSAFETY:0.4840089606258761
C_PAWNSTRUCTURE:0.5405287005479833
C_PIECECOORDINATION:0.5082624415613366
C_ROOKANDPAWNMOVEMENT:0.5082624415613366
C_CENTERCONTROL:0.4844583812857045
C_DEVELOPPIECES:0.5011217166411189
C_MATERIAL:0.4929909686026319
C_MOVECOUNT:0.47813491073199477
