ELO:1031
CE_PASSEDPAWNS:0.4338828842678231
CE_PAWNWEAKNESSES:0.41172162006301066
CE_PIECEACTIVITY:0.4447589136859794
CE_KINGPAWNSHIELD:0.48439998178950466
CE_PIECECOORDINATION:0.5084715853159553
CE_MATERIAL:0.4326265186491391
CE_KINGSAFETY:0.5
C_PIECESQUARETABLES:0.5
C_MOBILITY:0.3910770357088864
C_KINGSAFETY:0.36910277290662097
C_PAWNSTRUCTURE:0.5122675472858035
C_PIECECOORDINATION:0.5554154193301939
C_ROOKANDPAWNMOVEMENT:0.5554154193301939
C_CENTERCONTROL:0.46725428671385183
C_DEVELOPPIECES:0.48129453728084487
C_MATERIAL:0.5243578358255669
