ELO:943
CE_PASSEDPAWNS:0.5
CE_PAWNWEAKNESSES:0.4642013577221113
CE_PIECEACTIVITY:0.55191039025012
CE_KINGPAWNSHIELD:0.525821904458842
CE_PIECECOORDINATION:0.506751134641184
CE_MATERIAL:0.47816339885881154
CE_KINGSAFETY:0.5124951991003557
C_PIECESQUARETABLES:0.5048259085478887
C_MOBILITY:0.49485298395563465
C_KINGSAFETY:0.4888746389056282
C_PAWNSTRUCTURE:0.5094222215598215
C_PIECECOORDINATION:0.5141009810719726
C_ROOKANDPAWNMOVEMENT:0.5141009810719726
C_CENTERCONTROL:0.5085968700082423
C_DEVELOPPIECES:0.4843118957808953
C_MATERIAL:0.4893587236987956
C_MOVECOUNT:0.5
