ELO:1034
CE_PASSEDPAWNS:0.398140655493675
CE_PAWNWEAKNESSES:0.5177327633447988
CE_PIECEACTIVITY:0.4342753515086702
CE_KINGPAWNSHIELD:0.46848208291007115
CE_PIECECOORDINATION:0.5084715853159553
CE_MATERIAL:0.48691058534142634
CE_KINGSAFETY:0.5
C_PIECESQUARETABLES:0.4377037171696451
C_MOBILITY:0.4485987724365621
C_KINGSAFETY:0.44582821327860866
C_PAWNSTRUCTURE:0.46265602469765155
C_PIECECOORDINATION:0.5385264243339882
C_ROOKANDPAWNMOVEMENT:0.5385264243339882
C_CENTERCONTROL:0.4995846817616017
C_DEVELOPPIECES:0.4607935222004995
C_MATERIAL:0.5293167532631268
