ELO:1000
CE_PASSEDPAWNS:0.48168998029710086
CE_PAWNWEAKNESSES:0.4726731724780997
CE_PIECEACTIVITY:0.548772539410704
CE_KINGPAWNSHIELD:0.48229774221367055
CE_PIECECOORDINATION:0.4772394703282245
CE_MATERIAL:0.44570945472143886
CE_KINGSAFETY:0.5054079396699046
C_PIECESQUARETABLES:0.5
C_MOBILITY:0.5234863186540267
C_KINGSAFETY:0.5086527242320725
C_PAWNSTRUCTURE:0.45609237927529567
C_PIECECOORDINATION:0.53019916933733
C_ROOKANDPAWNMOVEMENT:0.53019916933733
C_CENTERCONTROL:0.4851594383250346
C_DEVELOPPIECES:0.536096614506203
C_MATERIAL:0.42966170422907934
