ELO:990
CE_PASSEDPAWNS:0.39792981371987557
CE_PAWNWEAKNESSES:0.43804059842882975
CE_PIECEACTIVITY:0.5055534717583172
CE_KINGPAWNSHIELD:0.4969112771905379
CE_PIECECOORDINATION:0.6092782055877115
CE_MATERIAL:0.40713280702479526
CE_KINGSAFETY:0.49065441557648987
C_PIECESQUARETABLES:0.5
C_MOBILITY:0.6106431556756368
C_KINGSAFETY:0.5788199640369864
C_PAWNSTRUCTURE:0.6260019373602326
C_PIECECOORDINATION:0.6135308168497035
C_ROOKANDPAWNMOVEMENT:0.6135308168497035
C_CENTERCONTROL:0.3783208808352875
C_DEVELOPPIECES:0.559487506734143
C_MATERIAL:0.5962531257548813
