ELO:941
CE_PASSEDPAWNS:0.5349809777991021
CE_PAWNWEAKNESSES:0.5614292559447093
CE_PIECEACTIVITY:0.40249223759901387
CE_KINGPAWNSHIELD:0.5037557815354836
CE_PIECECOORDINATION:0.4309916561014146
CE_MATERIAL:0.4749985585715266
CE_KINGSAFETY:0.4896516692700108
C_PIECESQUARETABLES:0.5190817233698044
C_MOBILITY:0.5296972985164913
C_KINGSAFETY:0.43251098237485547
C_PAWNSTRUCTURE:0.4398814984021617
C_PIECECOORDINATION:0.492913934072669
C_ROOKANDPAWNMOVEMENT:0.492913934072669
C_CENTERCONTROL:0.3772705451710018
C_DEVELOPPIECES:0.45553448573450867
C_MATERIAL:0.49595672832401194
