ELO:1013
CE_PASSEDPAWNS:0.5300766550725302
CE_PAWNWEAKNESSES:0.5353577029248783
CE_PIECEACTIVITY:0.4828691770200445
CE_KINGPAWNSHIELD:0.47589148579123086
CE_PIECECOORDINATION:0.5019052521944135
CE_MATERIAL:0.5416580424342823
CE_KINGSAFETY:0.5194179154950356
C_PIECESQUARETABLES:0.4227092898081768
C_MOBILITY:0.4887165111659782
C_KINGSAFETY:0.5274106162502104
C_PAWNSTRUCTURE:0.46014215695872357
C_PIECECOORDINATION:0.4638369165536275
C_ROOKANDPAWNMOVEMENT:0.4638369165536275
C_CENTERCONTROL:0.530895676322721
C_DEVELOPPIECES:0.5334665677766194
C_MATERIAL:0.46784004338990626
