ELO:862
CE_PASSEDPAWNS:0.461765139342502
CE_PAWNWEAKNESSES:0.497891487179197
CE_PIECEACTIVITY:0.44883395001338733
CE_KINGPAWNSHIELD:0.4788845267062511
CE_PIECECOORDINATION:0.49039420731367406
CE_MATERIAL:0.4613564260714865
CE_KINGSAFETY:0.4351786793069197
C_PIECESQUARETABLES:0.5098137407715697
C_MOBILITY:0.4934230860383262
C_KINGSAFETY:0.5360431866662565
C_PAWNSTRUCTURE:0.46237612039611253
C_PIECECOORDINATION:0.5107049832255701
C_ROOKANDPAWNMOVEMENT:0.5107049832255701
C_CENTERCONTROL:0.511632182953367
C_DEVELOPPIECES:0.5610765252761654
C_MATERIAL:0.5126379480786502
C_MOVECOUNT:0.5
