ELO:668
CE_PASSEDPAWNS:0.537516990902866
CE_PAWNWEAKNESSES:0.5070481161843212
CE_PIECEACTIVITY:0.4704914807512799
CE_KINGPAWNSHIELD:0.4813151936889057
CE_PIECECOORDINATION:0.5098612237973842
CE_MATERIAL:0.4715832231361511
CE_KINGSAFETY:0.49651195044587304
C_PIECESQUARETABLES:0.46015095273870577
C_MOBILITY:0.5718538563267135
C_KINGSAFETY:0.5031076981011362
C_PAWNSTRUCTURE:0.5852706736889042
C_PIECECOORDINATION:0.5618278649519554
C_ROOKANDPAWNMOVEMENT:0.5618278649519554
C_CENTERCONTROL:0.48216886100310496
C_DEVELOPPIECES:0.556756519036905
C_MATERIAL:0.5370856471650789
C_MOVECOUNT:0.5
