ELO:960
CE_PASSEDPAWNS:0.5160653480503103
CE_PAWNWEAKNESSES:0.45808467945696696
CE_PIECEACTIVITY:0.5
CE_KINGPAWNSHIELD:0.5122584500580893
CE_PIECECOORDINATION:0.5056242958662458
CE_MATERIAL:0.4816745366377808
CE_KINGSAFETY:0.5074200338402763
C_PIECESQUARETABLES:0.5054889731610199
C_MOBILITY:0.5148876016452663
C_KINGSAFETY:0.4823942243443487
C_PAWNSTRUCTURE:0.5123949594203289
C_PIECECOORDINATION:0.466788837795545
C_ROOKANDPAWNMOVEMENT:0.466788837795545
C_CENTERCONTROL:0.48179622908996844
C_DEVELOPPIECES:0.4979742138955642
C_MATERIAL:0.47739791320628383
C_MOVECOUNT:0.5
