ELO:643
CE_PASSEDPAWNS:0.52273358985868
CE_PAWNWEAKNESSES:0.47901716629309077
CE_PIECEACTIVITY:0.45610482312403167
CE_KINGPAWNSHIELD:0.46899155578196905
CE_PIECECOORDINATION:0.4572850216544246
CE_MATERIAL:0.48641598966201705
CE_KINGSAFETY:0.5110666884310158
C_PIECESQUARETABLES:0.49668449551681854
C_MOBILITY:0.5927059645200665
C_KINGSAFETY:0.4891375661333781
C_PAWNSTRUCTURE:0.5530238083283013
C_PIECECOORDINATION:0.5273566472990182
C_ROOKANDPAWNMOVEMENT:0.5273566472990182
C_CENTERCONTROL:0.4750200916477195
C_DEVELOPPIECES:0.5834641904805624
C_MATERIAL:0.5099459422994044
C_MOVECOUNT:0.48217029278746115
