ELO:1006
CE_PASSEDPAWNS:0.49933761004846505
CE_PAWNWEAKNESSES:0.5103828419071808
CE_PIECEACTIVITY:0.5031810229978616
CE_KINGPAWNSHIELD:0.5027099854254599
CE_PIECECOORDINATION:0.5084165871911949
CE_MATERIAL:0.5127177887082464
CE_KINGSAFETY:0.5068455271576852
C_PIECESQUARETABLES:0.5039272032967647
C_MOBILITY:0.4914832828676344
C_KINGSAFETY:0.5010031965601558
C_PAWNSTRUCTURE:0.49860544580972477
C_PIECECOORDINATION:0.5146359590088172
C_ROOKANDPAWNMOVEMENT:0.5146359590088172
C_CENTERCONTROL:0.4952871644224376
C_DEVELOPPIECES:0.4939614015925131
C_MATERIAL:0.5087833581907388
