ELO:997
CE_PASSEDPAWNS:0.5131680003581018
CE_PAWNWEAKNESSES:0.5065439880036989
CE_PIECEACTIVITY:0.4910214139291829
CE_KINGPAWNSHIELD:0.5090721228885163
CE_PIECECOORDINATION:0.4644273049799915
CE_MATERIAL:0.47292363247579705
CE_KINGSAFETY:0.4940379031395431
C_PIECESQUARETABLES:0.4993494144589198
C_MOBILITY:0.4994891712249865
C_KINGSAFETY:0.5147535567625484
C_PAWNSTRUCTURE:0.49023281923575796
C_PIECECOORDINATION:0.4965801176997339
C_ROOK:0.5270591010409319
CE_ROOK:0.48788399838444446
C_CENTERCONTROL:0.49235927787749023
C_DEVELOPPIECES:0.49912084492974207
C_MATERIAL:0.511078402918116
C_MOVECOUNT:0.49477617093104836
C_PAWNMOVEMENT:0.5193796765783125
