ELO:911
CE_PASSEDPAWNS:0.49044110105199656
CE_PAWNWEAKNESSES:0.5814386145188488
CE_PIECEACTIVITY:0.42933848035698113
CE_KINGPAWNSHIELD:0.48856117255935666
CE_PIECECOORDINATION:0.4101125967977488
CE_MATERIAL:0.5087329736997418
CE_KINGSAFETY:0.5221816911006469
C_PIECESQUARETABLES:0.4985226720031119
C_MOBILITY:0.5635967371954012
C_KINGSAFETY:0.4302379762223285
C_PAWNSTRUCTURE:0.47591682875236435
C_PIECECOORDINATION:0.5250823206335284
C_ROOKANDPAWNMOVEMENT:0.5250823206335284
C_CENTERCONTROL:0.39071299442093066
C_DEVELOPPIECES:0.46248000271941836
C_MATERIAL:0.49221439200555595
