ELO:1000
CE_PASSEDPAWNS:0.4997324814554179
CE_PAWNWEAKNESSES:0.5
CE_PIECEACTIVITY:0.5029717465293055
CE_KINGPAWNSHIELD:0.49661096207378624
CE_PIECECOORDINATION:0.5
CE_MATERIAL:0.49338049085914937
CE_KINGSAFETY:0.49138902088374603
C_PIECESQUARETABLES:0.5
C_MOBILITY:0.5
C_KINGSAFETY:0.4951691258523745
C_PAWNSTRUCTURE:0.5
C_PIECECOORDINATION:0.5
C_ROOK:0.5
CE_ROOK:0.5
C_CENTERCONTROL:0.49367602908633756
C_DEVELOPPIECES:0.49253005401480027
C_MATERIAL:0.5099502524335995
C_MOVECOUNT:0.5
C_PAWNMOVEMENT:0.5
