ELO:910
CE_PASSEDPAWNS:0.4527178756968805
CE_PAWNWEAKNESSES:0.5037459568389021
CE_PIECEACTIVITY:0.47394992965114596
CE_KINGPAWNSHIELD:0.4848092659080067
CE_PIECECOORDINATION:0.5151510915415215
CE_MATERIAL:0.44967680636042096
CE_KINGSAFETY:0.42225362389427873
C_PIECESQUARETABLES:0.5352030314346687
C_MOBILITY:0.47793561236345833
C_KINGSAFETY:0.5286065741722344
C_PAWNSTRUCTURE:0.45258278299107413
C_PIECECOORDINATION:0.5156599434959116
C_ROOKANDPAWNMOVEMENT:0.5156599434959116
C_CENTERCONTROL:0.5347590989230435
C_DEVELOPPIECES:0.5436802547250379
C_MATERIAL:0.5006821536088167
C_MOVECOUNT:0.5
