ELO:949
CE_PASSEDPAWNS:0.5014593724538706
CE_PAWNWEAKNESSES:0.49788429815107377
CE_PIECEACTIVITY:0.4952770363209145
CE_KINGPAWNSHIELD:0.4940087565746503
CE_PIECECOORDINATION:0.4750268253303601
CE_MATERIAL:0.4828196984076928
CE_KINGSAFETY:0.5094792492526613
C_PIECESQUARETABLES:0.5018389461257949
C_MOBILITY:0.501676937405057
C_KINGSAFETY:0.540914898731734
C_PAWNSTRUCTURE:0.4864123883923596
C_PIECECOORDINATION:0.5098099276830851
C_ROOK:0.5512840783864547
CE_ROOK:0.48083089820635877
C_CENTERCONTROL:0.4915289511169893
C_DEVELOPPIECES:0.47242623496845515
C_MATERIAL:0.5156523891413403
C_MOVECOUNT:0.489322748815997
C_PAWNMOVEMENT:0.5170805914884198
