ELO:975
CE_PASSEDPAWNS:0.4522134994532057
CE_PAWNWEAKNESSES:0.5041392954380768
CE_PIECEACTIVITY:0.5
CE_KINGPAWNSHIELD:0.5087240425061571
CE_PIECECOORDINATION:0.5103302494195257
CE_MATERIAL:0.4745338663342293
CE_KINGSAFETY:0.5068709227425716
C_PIECESQUARETABLES:0.5
C_MOBILITY:0.5009894777418433
C_KINGSAFETY:0.4979534882702048
C_PAWNSTRUCTURE:0.5
C_PIECECOORDINATION:0.49701273387967465
C_ROOKANDPAWNMOVEMENT:0.49701273387967465
C_CENTERCONTROL:0.5122260590740941
C_DEVELOPPIECES:0.49267159848442
C_MATERIAL:0.47931317834585113
C_MOVECOUNT:0.4956258116376774
