ELO:981
CE_PASSEDPAWNS:0.5050250591117494
CE_PAWNWEAKNESSES:0.5014768723922358
CE_PIECEACTIVITY:0.5025207410957604
CE_KINGPAWNSHIELD:0.49259808719157594
CE_PIECECOORDINATION:0.4659348157864582
CE_MATERIAL:0.4892301457014116
CE_KINGSAFETY:0.5
C_PIECESQUARETABLES:0.5004859469981626
C_MOBILITY:0.5206142486063338
C_KINGSAFETY:0.5279880530349973
C_PAWNSTRUCTURE:0.49253651114801905
C_PIECECOORDINATION:0.4864947981146953
C_ROOK:0.5499205126339066
CE_ROOK:0.47990641531924005
C_CENTERCONTROL:0.47604040978209755
C_DEVELOPPIECES:0.47573795293021687
C_MATERIAL:0.5059771307560038
C_MOVECOUNT:0.5024759457882926
C_PAWNMOVEMENT:0.4962303153128479
