ELO:975
CE_PASSEDPAWNS:0.5311601992336776
CE_PAWNWEAKNESSES:0.5815650078038019
CE_PIECEACTIVITY:0.4444576195627812
CE_KINGPAWNSHIELD:0.5142451386567765
CE_PIECECOORDINATION:0.4551332190374264
CE_MATERIAL:0.4773509567952283
CE_KINGSAFETY:0.49619119924111643
C_PIECESQUARETABLES:0.5066786225890133
C_MOBILITY:0.5695627298278599
C_KINGSAFETY:0.4343292179849502
C_PAWNSTRUCTURE:0.45173243468088004
C_PIECECOORDINATION:0.5124963806131305
C_ROOKANDPAWNMOVEMENT:0.5124963806131305
C_CENTERCONTROL:0.3223456783596408
C_DEVELOPPIECES:0.47954819276349747
C_MATERIAL:0.526905196118907
