ELO:999
CE_PASSEDPAWNS:0.4867375318911041
CE_PAWNWEAKNESSES:0.48989096397911197
CE_PIECEACTIVITY:0.48048968576024786
CE_KINGPAWNSHIELD:0.524141701466481
CE_PIECECOORDINATION:0.4368529292536886
CE_MATERIAL:0.4382964353393113
CE_KINGSAFETY:0.5
C_PIECESQUARETABLES:0.4953033104442049
C_MOBILITY:0.5225672573541109
C_KINGSAFETY:0.5223134087669754
C_PAWNSTRUCTURE:0.4911818081721496
C_PIECECOORDINATION:0.5065882796887625
C_ROOKANDPAWNMOVEMENT:0.5065882796887625
C_CENTERCONTROL:0.47308337839199877
C_DEVELOPPIECES:0.46115516200857787
C_MATERIAL:0.515121380037336
