ELO:1099
CE_PASSEDPAWNS:0.6084885555200068
CE_PAWNWEAKNESSES:0.507490365495132
CE_PIECEACTIVITY:0.5727163558634583
CE_KINGPAWNSHIELD:0.5109727651568055
CE_PIECECOORDINATION:0.49106417785302375
CE_MATERIAL:0.4080198986804023
CE_KINGSAFETY:0.47130216831471
C_PIECESQUARETABLES:0.49960773021964255
C_MOBILITY:0.4407454555265612
C_KINGSAFETY:0.5181361516286315
C_PAWNSTRUCTURE:0.40196991548745237
C_PIECECOORDINATION:0.48430233874975176
C_ROOKANDPAWNMOVEMENT:0.48430233874975176
C_CENTERCONTROL:0.5261921345731664
C_DEVELOPPIECES:0.5772416905179063
C_MATERIAL:0.40946985913699896
