ELO:990
CE_PASSEDPAWNS:0.414154363808722
CE_PAWNWEAKNESSES:0.4448075631640178
CE_PIECEACTIVITY:0.5055534717583172
CE_KINGPAWNSHIELD:0.4899863045809675
CE_PIECECOORDINATION:0.595736614553038
CE_MATERIAL:0.4080485901387158
CE_KINGSAFETY:0.4921242699369084
C_PIECESQUARETABLES:0.49146776034644685
C_MOBILITY:0.5894415093519355
C_KINGSAFETY:0.581180200791333
C_PAWNSTRUCTURE:0.609998281342656
C_PIECECOORDINATION:0.6135308168497035
C_ROOKANDPAWNMOVEMENT:0.6135308168497035
C_CENTERCONTROL:0.37805605270737136
C_DEVELOPPIECES:0.5571486695656642
C_MATERIAL:0.5870289469220709
