ELO:822
CE_PASSEDPAWNS:0.4729416631097824
CE_PAWNWEAKNESSES:0.4793499228810826
CE_PIECEACTIVITY:0.4938978707592271
CE_KINGPAWNSHIELD:0.47971251012819427
CE_PIECECOORDINATION:0.47814939631854164
CE_MATERIAL:0.4344194507370609
CE_KINGSAFETY:0.5155581779768731
C_PIECESQUARETABLES:0.5836821535711261
C_MOBILITY:0.47137058737441756
C_KINGSAFETY:0.3976190768859839
C_PAWNSTRUCTURE:0.5224531706129203
C_PIECECOORDINATION:0.5645371671953497
C_ROOKANDPAWNMOVEMENT:0.5645371671953497
C_CENTERCONTROL:0.49398869314035154
C_DEVELOPPIECES:0.4189777823705135
C_MATERIAL:0.46363333327485606
