ELO:990
CE_PASSEDPAWNS:0.39014003362779415
CE_PAWNWEAKNESSES:0.4379647391266902
CE_PIECEACTIVITY:0.5055534717583172
CE_KINGPAWNSHIELD:0.4851192767762497
CE_PIECECOORDINATION:0.6092782055877115
CE_MATERIAL:0.40713280702479526
CE_KINGSAFETY:0.4869406493412071
C_PIECESQUARETABLES:0.5
C_MOBILITY:0.6106431556756368
C_KINGSAFETY:0.5725058816967299
C_PAWNSTRUCTURE:0.6105397422343031
C_PIECECOORDINATION:0.6135308168497035
C_ROOKANDPAWNMOVEMENT:0.6135308168497035
C_CENTERCONTROL:0.3783208808352875
C_DEVELOPPIECES:0.5662442573101826
C_MATERIAL:0.5962531257548813
