ELO:964
CE_PASSEDPAWNS:0.5701025706835993
CE_PAWNWEAKNESSES:0.5237746969541652
CE_PIECEACTIVITY:0.4899925117223306
CE_KINGPAWNSHIELD:0.5495061316682697
CE_PIECECOORDINATION:0.4485071941307319
CE_MATERIAL:0.5747182991978034
CE_KINGSAFETY:0.4950565725042414
C_PIECESQUARETABLES:0.516350788380316
C_MOBILITY:0.3020983335132993
C_KINGSAFETY:0.43723310088656636
C_PAWNSTRUCTURE:0.47763725433809323
C_PIECECOORDINATION:0.4926377774048443
C_ROOKANDPAWNMOVEMENT:0.4926377774048443
C_CENTERCONTROL:0.4180968239294578
C_DEVELOPPIECES:0.5035648531669913
C_MATERIAL:0.5940979565427529
