ELO:658
CE_PASSEDPAWNS:0.5341967929399921
CE_PAWNWEAKNESSES:0.5046026252100636
CE_PIECEACTIVITY:0.46177238527113545
CE_KINGPAWNSHIELD:0.4874898329543606
CE_PIECECOORDINATION:0.475892048178437
CE_MATERIAL:0.4766227741036655
CE_KINGSAFETY:0.5091223738251102
C_PIECESQUARETABLES:0.496379072731932
C_MOBILITY:0.5543011538039216
C_KINGSAFETY:0.46912529226712507
C_PAWNSTRUCTURE:0.5704023727120936
C_PIECECOORDINATION:0.539514604248668
C_ROOKANDPAWNMOVEMENT:0.539514604248668
C_CENTERCONTROL:0.47096539630579515
C_DEVELOPPIECES:0.524439096722199
C_MATERIAL:0.5349341268555359
C_MOVECOUNT:0.5
