ELO:984
CE_PASSEDPAWNS:0.5131680003581018
CE_PAWNWEAKNESSES:0.5014768723922358
CE_PIECEACTIVITY:0.4988822639506489
CE_KINGPAWNSHIELD:0.5018571167886765
CE_PIECECOORDINATION:0.4728201042117642
CE_MATERIAL:0.47292363247579705
CE_KINGSAFETY:0.4940379031395431
C_PIECESQUARETABLES:0.4957343703711038
C_MOBILITY:0.5118815085942653
C_KINGSAFETY:0.5248757605855779
C_PAWNSTRUCTURE:0.4941304039772512
C_PIECECOORDINATION:0.4864947981146953
C_ROOK:0.5392219335660527
CE_ROOK:0.48788399838444446
C_CENTERCONTROL:0.49235927787749023
C_DEVELOPPIECES:0.49912084492974207
C_MATERIAL:0.5122112836983883
C_MOVECOUNT:0.4844962241198386
C_PAWNMOVEMENT:0.505416053254186
