ELO:882
CE_PASSEDPAWNS:0.5592797886323061
CE_PAWNWEAKNESSES:0.4456754661206066
CE_PIECEACTIVITY:0.406000614078006
CE_KINGPAWNSHIELD:0.5355480548271525
CE_PIECECOORDINATION:0.49212596768725
CE_MATERIAL:0.47464830699855154
CE_KINGSAFETY:0.5262655079919519
C_PIECESQUARETABLES:0.5135953117802337
C_MOBILITY:0.5021574660127546
C_KINGSAFETY:0.5238472991474201
C_PAWNSTRUCTURE:0.5055661298977098
C_PIECECOORDINATION:0.4890509468497679
C_ROOKANDPAWNMOVEMENT:0.4890509468497679
C_CENTERCONTROL:0.5332429879347101
C_DEVELOPPIECES:0.6109450778079886
C_MATERIAL:0.49407657607753447
C_MOVECOUNT:0.5
