ELO:1024
CE_PASSEDPAWNS:0.4889164506365826
CE_PAWNWEAKNESSES:0.5
CE_PIECEACTIVITY:0.5045273297886825
CE_KINGPAWNSHIELD:0.514794942165242
CE_PIECECOORDINATION:0.5
CE_MATERIAL:0.5
CE_KINGSAFETY:0.5
C_PIECESQUARETABLES:0.5
C_MOBILITY:0.5
C_KINGSAFETY:0.5
C_PAWNSTRUCTURE:0.5188770446893058
C_PIECECOORDINATION:0.5019581122964554
C_ROOKANDPAWNMOVEMENT:0.5019581122964554
C_CENTERCONTROL:0.49437299787549477
C_DEVELOPPIECES:0.5096413276279392
C_MATERIAL:0.5066120544997541
C_MOVECOUNT:0.5
