ELO:956
CE_PASSEDPAWNS:0.5682582974417819
CE_PAWNWEAKNESSES:0.5751423598967335
CE_PIECEACTIVITY:0.4242993420533537
CE_KINGPAWNSHIELD:0.4976996677984715
CE_PIECECOORDINATION:0.43668332681814837
CE_MATERIAL:0.48278881209522867
CE_KINGSAFETY:0.4862862717459797
C_PIECESQUARETABLES:0.49549081879328866
C_MOBILITY:0.5721211765269262
C_KINGSAFETY:0.41788707628776556
C_PAWNSTRUCTURE:0.462049580544203
C_PIECECOORDINATION:0.5138481985563884
C_ROOKANDPAWNMOVEMENT:0.5138481985563884
C_CENTERCONTROL:0.3405036311005452
C_DEVELOPPIECES:0.4482789266536017
C_MATERIAL:0.5148819447036019
