ELO:957
CE_PASSEDPAWNS:0.486528505641121
CE_PAWNWEAKNESSES:0.4901999304839469
CE_PIECEACTIVITY:0.5048980662914848
CE_KINGPAWNSHIELD:0.4945283318306509
CE_PIECECOORDINATION:0.4673838679265059
CE_MATERIAL:0.4896348962870532
CE_KINGSAFETY:0.5007070829468283
C_PIECESQUARETABLES:0.5026312600666043
C_MOBILITY:0.48665851782836506
C_KINGSAFETY:0.5583984356552104
C_PAWNSTRUCTURE:0.4810092309599422
C_PIECECOORDINATION:0.5134554009352837
C_ROOK:0.5512840783864547
CE_ROOK:0.48037151659605465
C_CENTERCONTROL:0.48324616420560906
C_DEVELOPPIECES:0.47242623496845515
C_MATERIAL:0.5041565254666969
C_MOVECOUNT:0.48023855110324737
C_PAWNMOVEMENT:0.5399729015988021
