ELO:1039
CE_PASSEDPAWNS:0.50144618162169
CE_PAWNWEAKNESSES:0.5334116520417512
CE_PIECEACTIVITY:0.5267778752423243
CE_KINGPAWNSHIELD:0.5150597020882423
CE_PIECECOORDINATION:0.561119584826459
CE_MATERIAL:0.4862906144189865
CE_KINGSAFETY:0.5207703765957
C_PIECESQUARETABLES:0.5
C_MOBILITY:0.5178798588990948
C_KINGSAFETY:0.49752924793040787
C_PAWNSTRUCTURE:0.44271222683973205
C_PIECECOORDINATION:0.4809826389875052
C_ROOKANDPAWNMOVEMENT:0.4809826389875052
C_CENTERCONTROL:0.5485898464949871
C_DEVELOPPIECES:0.48256232256316556
C_MATERIAL:0.480015824319352
C_MOVECOUNT:0.5107511266127475
