ELO:1000
CE_PASSEDPAWNS:0.5772136327390667
CE_PAWNWEAKNESSES:0.4721256643277317
CE_PIECEACTIVITY:0.5166599848140503
CE_KINGPAWNSHIELD:0.4544577992852583
CE_PIECECOORDINATION:0.47310193657208127
CE_MATERIAL:0.5339720466705395
CE_KINGSAFETY:0.4984611563201377
C_PIECESQUARETABLES:0.5797469376673215
C_MOBILITY:0.5091916521357763
C_KINGSAFETY:0.48158363368437296
C_PAWNSTRUCTURE:0.49006300329168967
C_PIECECOORDINATION:0.480439482439014
C_ROOKANDPAWNMOVEMENT:0.480439482439014
C_CENTERCONTROL:0.5239994873870706
C_DEVELOPPIECES:0.456087072981352
C_MATERIAL:0.5513028184841621
