ELO:1000
CE_PASSEDPAWNS:0.48919976539925975
CE_PAWNWEAKNESSES:0.5026792981783031
CE_PIECEACTIVITY:0.5050468611523959
CE_KINGPAWNSHIELD:0.5
CE_PIECECOORDINATION:0.5
CE_MATERIAL:0.5087673570234899
CE_KINGSAFETY:0.5071592512929685
C_PIECESQUARETABLES:0.5063808438986089
C_MOBILITY:0.5113954307942021
C_KINGSAFETY:0.5010889621370214
C_PAWNSTRUCTURE:0.5202631860915115
C_PIECECOORDINATION:0.509301658007409
C_ROOKANDPAWNMOVEMENT:0.509301658007409
C_CENTERCONTROL:0.5005216416550777
C_DEVELOPPIECES:0.5
C_MATERIAL:0.509329839628937
