ELO:1060
CE_PASSEDPAWNS:0.5263766509271866
CE_PAWNWEAKNESSES:0.4924254503572776
CE_PIECEACTIVITY:0.49999247118596896
CE_KINGPAWNSHIELD:0.49593712777323334
CE_PIECECOORDINATION:0.49283239456934247
CE_MATERIAL:0.5
CE_KINGSAFETY:0.5
C_PIECESQUARETABLES:0.5
C_MOBILITY:0.497576774702515
C_KINGSAFETY:0.4746231616457013
C_PAWNSTRUCTURE:0.5035318901192946
C_PIECECOORDINATION:0.5138827603328362
C_ROOK:0.48960068424671976
CE_ROOK:0.49568208707785216
C_CENTERCONTROL:0.5113686412302165
C_DEVELOPPIECES:0.5006731434501108
C_MATERIAL:0.5
C_MOVECOUNT:0.490821413871107
C_PAWNMOVEMENT:0.48715733345721796
