ELO:1000
CE_PASSEDPAWNS:0.5085889703700094
CE_PAWNWEAKNESSES:0.5
CE_PIECEACTIVITY:0.4932371326819222
CE_KINGPAWNSHIELD:0.5017980777504698
CE_PIECECOORDINATION:0.49811819750344044
CE_MATERIAL:0.5053114348223253
CE_KINGSAFETY:0.5013989345899922
C_PIECESQUARETABLES:0.5135904025381136
C_MOBILITY:0.511651008432422
C_KINGSAFETY:0.4902383690107588
C_PAWNSTRUCTURE:0.5046348115869623
C_PIECECOORDINATION:0.4787073188042791
C_ROOKANDPAWNMOVEMENT:0.4787073188042791
C_CENTERCONTROL:0.5063508899369898
C_DEVELOPPIECES:0.4975179515242244
C_MATERIAL:0.4788450796575905
