ELO:930
CE_PASSEDPAWNS:0.4880578017106156
CE_PAWNWEAKNESSES:0.5316827022021102
CE_PIECEACTIVITY:0.5413573535165199
CE_KINGPAWNSHIELD:0.4518144293631301
CE_PIECECOORDINATION:0.5351659845184493
CE_MATERIAL:0.5366709268782984
CE_KINGSAFETY:0.4929515917422864
C_PIECESQUARETABLES:0.532725392712562
C_MOBILITY:0.5196811957825509
C_KINGSAFETY:0.5006512206916838
C_PAWNSTRUCTURE:0.4733649080576435
C_PIECECOORDINATION:0.5070764309629575
C_ROOKANDPAWNMOVEMENT:0.5070764309629575
C_CENTERCONTROL:0.5510233447162443
C_DEVELOPPIECES:0.5075851366313262
C_MATERIAL:0.5206908496970175
C_MOVECOUNT:0.5
