ELO:910
CE_PASSEDPAWNS:0.5851588168054968
CE_PAWNWEAKNESSES:0.542340852797168
CE_PIECEACTIVITY:0.5169871007405055
CE_KINGPAWNSHIELD:0.5907751557455889
CE_PIECECOORDINATION:0.5155373729421421
CE_MATERIAL:0.4554098737544691
CE_KINGSAFETY:0.5122608673877163
C_PIECESQUARETABLES:0.501806598394902
C_MOBILITY:0.5253856812974648
C_KINGSAFETY:0.5
C_PAWNSTRUCTURE:0.4921654110280561
C_PIECECOORDINATION:0.5007853677188074
C_ROOKANDPAWNMOVEMENT:0.5007853677188074
C_CENTERCONTROL:0.5024221689872109
C_DEVELOPPIECES:0.4917662375267236
C_MATERIAL:0.5725560990835323
C_MOVECOUNT:0.5
