ELO:1060
CE_PASSEDPAWNS:0.5130955025364945
CE_PAWNWEAKNESSES:0.48980452886477255
CE_PIECEACTIVITY:0.49441869185896004
CE_KINGPAWNSHIELD:0.4882991666074076
CE_PIECECOORDINATION:0.5086703503588659
CE_MATERIAL:0.5169957844604913
CE_KINGSAFETY:0.5
C_PIECESQUARETABLES:0.5
C_MOBILITY:0.4747987292695115
C_KINGSAFETY:0.4894166856521529
C_PAWNSTRUCTURE:0.5011184076901242
C_PIECECOORDINATION:0.5185126645912487
C_ROOK:0.500771044552258
CE_ROOK:0.5070996351986368
C_CENTERCONTROL:0.5053794469088625
C_DEVELOPPIECES:0.4831363253120554
C_MATERIAL:0.5104270111795414
C_MOVECOUNT:0.4846707064941805
C_PAWNMOVEMENT:0.5105671416101011
