ELO:1018
CE_PASSEDPAWNS:0.5120010759533716
CE_PAWNWEAKNESSES:0.4773770110142628
CE_PIECEACTIVITY:0.5054269034939335
CE_KINGPAWNSHIELD:0.4802410418782697
CE_PIECECOORDINATION:0.5117626846070501
CE_MATERIAL:0.4977749215760867
CE_KINGSAFETY:0.5
C_PIECESQUARETABLES:0.5038080066522265
C_MOBILITY:0.5078847660022714
C_KINGSAFETY:0.48760421906319956
C_PAWNSTRUCTURE:0.5183507903428065
C_PIECECOORDINATION:0.507696543562815
C_ROOK:0.4791789732824061
CE_ROOK:0.48499253174775464
C_CENTERCONTROL:0.49205593678613596
C_DEVELOPPIECES:0.5025489035147771
C_MATERIAL:0.4861961884112748
C_MOVECOUNT:0.5261196762813662
C_PAWNMOVEMENT:0.49760073491699014
