ELO:1000
CE_PASSEDPAWNS:0.47970268893975976
CE_PAWNWEAKNESSES:0.5136326811474139
CE_PIECEACTIVITY:0.5027563786593332
CE_KINGPAWNSHIELD:0.4833879515495933
CE_PIECECOORDINATION:0.4861811415937762
CE_MATERIAL:0.4991052180792465
CE_KINGSAFETY:0.5163273301717436
C_PIECESQUARETABLES:0.524227206342819
C_MOBILITY:0.5295286535950987
C_KINGSAFETY:0.4976391166726948
C_PAWNSTRUCTURE:0.5062801746755541
C_PIECECOORDINATION:0.5192739212908364
C_ROOKANDPAWNMOVEMENT:0.5192739212908364
C_CENTERCONTROL:0.4936075950954617
C_DEVELOPPIECES:0.4816825867959079
C_MATERIAL:0.5257063886803037
