ELO:959
CE_PASSEDPAWNS:0.6298643758626918
CE_PAWNWEAKNESSES:0.3956143048638601
CE_PIECEACTIVITY:0.5372221535858882
CE_KINGPAWNSHIELD:0.47829867127992715
CE_PIECECOORDINATION:0.4322396342927347
CE_MATERIAL:0.6066877602862176
CE_KINGSAFETY:0.4782116446099706
C_PIECESQUARETABLES:0.49975934813561723
C_MOBILITY:0.5640795232786148
C_KINGSAFETY:0.5532729430093715
C_PAWNSTRUCTURE:0.4025333884422296
C_PIECECOORDINATION:0.42742290132433225
C_ROOKANDPAWNMOVEMENT:0.42742290132433225
C_CENTERCONTROL:0.5194242237190042
C_DEVELOPPIECES:0.38771308542271404
C_MATERIAL:0.6361992662669578
