ELO:959
CE_PASSEDPAWNS:0.4601699055493666
CE_PAWNWEAKNESSES:0.5032169133376094
CE_PIECEACTIVITY:0.5321492770417415
CE_KINGPAWNSHIELD:0.5236576530138782
CE_PIECECOORDINATION:0.4956946244999247
CE_MATERIAL:0.4993458147839746
CE_KINGSAFETY:0.4967658218826514
C_PIECESQUARETABLES:0.5111826156358205
C_MOBILITY:0.5074403763625966
C_KINGSAFETY:0.5180909422087173
C_PAWNSTRUCTURE:0.5118910657488425
C_PIECECOORDINATION:0.5040855568164389
C_ROOKANDPAWNMOVEMENT:0.5040855568164389
C_CENTERCONTROL:0.452737290698555
C_DEVELOPPIECES:0.5236849196625231
C_MATERIAL:0.48776439791307286
C_MOVECOUNT:0.5
