ELO:1010
CE_PASSEDPAWNS:0.5163565444381443
CE_PAWNWEAKNESSES:0.4505624223731681
CE_PIECEACTIVITY:0.509603858541549
CE_KINGPAWNSHIELD:0.4792914016857284
CE_PIECECOORDINATION:0.5265756069405853
CE_MATERIAL:0.5632545133160062
CE_KINGSAFETY:0.49664271140972793
C_PIECESQUARETABLES:0.5
C_MOBILITY:0.4933360089520684
C_KINGSAFETY:0.46084536981755964
C_PAWNSTRUCTURE:0.4988976233761561
C_PIECECOORDINATION:0.5009852795487845
C_ROOK:0.5009662701519307
CE_ROOK:0.5136273482996899
C_CENTERCONTROL:0.452511337461954
C_DEVELOPPIECES:0.49547520755593566
C_MATERIAL:0.5069732067700272
C_MOVECOUNT:0.5038832775438904
C_PAWNMOVEMENT:0.5111201784368744
