ELO:1038
CE_PASSEDPAWNS:0.4759577161609423
CE_PAWNWEAKNESSES:0.5053483548265357
CE_PIECEACTIVITY:0.5
CE_KINGPAWNSHIELD:0.5287831373206993
CE_PIECECOORDINATION:0.5127208638421643
CE_MATERIAL:0.5169957844604913
CE_KINGSAFETY:0.5
C_PIECESQUARETABLES:0.5
C_MOBILITY:0.48720210075160986
C_KINGSAFETY:0.4928851427554678
C_PAWNSTRUCTURE:0.5025755205481844
C_PIECECOORDINATION:0.5201293915503789
C_ROOK:0.5159111284774139
CE_ROOK:0.518072906126279
C_CENTERCONTROL:0.5101088073423136
C_DEVELOPPIECES:0.4855322020849323
C_MATERIAL:0.5001787739170104
C_MOVECOUNT:0.4727038447097598
C_PAWNMOVEMENT:0.4896660707013053
