ELO:794
CE_PASSEDPAWNS:0.5435236441241631
CE_PAWNWEAKNESSES:0.46697527591718146
CE_PIECEACTIVITY:0.45648455519791203
CE_KINGPAWNSHIELD:0.5537894213389419
CE_PIECECOORDINATION:0.39871824148034013
CE_MATERIAL:0.43116588827036995
CE_KINGSAFETY:0.4633236520696868
C_PIECESQUARETABLES:0.48999666039331186
C_MOBILITY:0.5007036252938132
C_KINGSAFETY:0.4521598193857503
C_PAWNSTRUCTURE:0.5288837929564911
C_PIECECOORDINATION:0.6525884960875067
C_ROOKANDPAWNMOVEMENT:0.6525884960875067
C_CENTERCONTROL:0.45602640973533626
C_DEVELOPPIECES:0.39942145256214784
C_MATERIAL:0.4942992162137521
C_MOVECOUNT:0.49166099619809706
