ELO:783
CE_PASSEDPAWNS:0.48087800509910467
CE_PAWNWEAKNESSES:0.4498495487947425
CE_PIECEACTIVITY:0.4340832045661853
CE_KINGPAWNSHIELD:0.4918098013860998
CE_PIECECOORDINATION:0.5853597760532824
CE_MATERIAL:0.49102719082967317
CE_KINGSAFETY:0.491842536756921
C_PIECESQUARETABLES:0.5175701278057272
C_MOBILITY:0.4587346819437468
C_KINGSAFETY:0.5002761761588331
C_PAWNSTRUCTURE:0.5437820294324504
C_PIECECOORDINATION:0.5106341374282608
C_ROOKANDPAWNMOVEMENT:0.5106341374282608
C_CENTERCONTROL:0.5115167151165276
C_DEVELOPPIECES:0.599282243655695
C_MATERIAL:0.42219890978620367
C_MOVECOUNT:0.5
