ELO:787
CE_PASSEDPAWNS:0.5333237539922446
CE_PAWNWEAKNESSES:0.606960134653568
CE_PIECEACTIVITY:0.3879425095227048
CE_KINGPAWNSHIELD:0.5222413603378924
CE_PIECECOORDINATION:0.5048501552197782
CE_MATERIAL:0.44540934908629726
CE_KINGSAFETY:0.5
C_PIECESQUARETABLES:0.5009953968635682
C_MOBILITY:0.5017164034738769
C_KINGSAFETY:0.47908836017836914
C_PAWNSTRUCTURE:0.3250914770962993
C_PIECECOORDINATION:0.6057287450760633
C_ROOKANDPAWNMOVEMENT:0.6057287450760633
C_CENTERCONTROL:0.4586131177830098
C_DEVELOPPIECES:0.5881493637642039
C_MATERIAL:0.458176709346548
