ELO:1003
CE_PASSEDPAWNS:0.49867962208122824
CE_PAWNWEAKNESSES:0.40636746849609795
CE_PIECEACTIVITY:0.5267778752423243
CE_KINGPAWNSHIELD:0.5127737823280502
CE_PIECECOORDINATION:0.537183364261677
CE_MATERIAL:0.5056410662951966
CE_KINGSAFETY:0.5
C_PIECESQUARETABLES:0.5080129143450405
C_MOBILITY:0.48467787526411343
C_KINGSAFETY:0.525094461919448
C_PAWNSTRUCTURE:0.5204283177831388
C_PIECECOORDINATION:0.5213573656448819
C_ROOKANDPAWNMOVEMENT:0.5213573656448819
C_CENTERCONTROL:0.5447678957449082
C_DEVELOPPIECES:0.5230730759209385
C_MATERIAL:0.48926081613991
C_MOVECOUNT:0.4732587926158297
