ELO:1106
CE_PASSEDPAWNS:0.4522391623994131
CE_PAWNWEAKNESSES:0.4391583628149098
CE_PIECEACTIVITY:0.4726805089507767
CE_KINGPAWNSHIELD:0.41419292477831166
CE_PIECECOORDINATION:0.47023884741637617
CE_MATERIAL:0.4529216251014509
CE_KINGSAFETY:0.48898778755028594
C_PIECESQUARETABLES:0.4978315134321835
C_MOBILITY:0.434269709559548
C_KINGSAFETY:0.6374809102290377
C_PAWNSTRUCTURE:0.44658776528896027
C_PIECECOORDINATION:0.4886580873218714
C_ROOKANDPAWNMOVEMENT:0.4886580873218714
C_CENTERCONTROL:0.5014188595021803
C_DEVELOPPIECES:0.5576237735754453
C_MATERIAL:0.39308341602418345
