ELO:988
CE_PASSEDPAWNS:0.575979563914771
CE_PAWNWEAKNESSES:0.49948471216993034
CE_PIECEACTIVITY:0.5206807152917109
CE_KINGPAWNSHIELD:0.48619359051957217
CE_PIECECOORDINATION:0.4752543870874872
CE_MATERIAL:0.5685431495704681
CE_KINGSAFETY:0.4981151714759905
C_PIECESQUARETABLES:0.4881400836390136
C_MOBILITY:0.5418270931909541
C_KINGSAFETY:0.48813979261527873
C_PAWNSTRUCTURE:0.48081763385863513
C_PIECECOORDINATION:0.48497914286071914
C_ROOKANDPAWNMOVEMENT:0.48497914286071914
C_CENTERCONTROL:0.4894527433176475
C_DEVELOPPIECES:0.4752618967359455
C_MATERIAL:0.5716324260983643
