ELO:1000
CE_PASSEDPAWNS:0.4122113560643245
CE_PAWNWEAKNESSES:0.5611056300111911
CE_PIECEACTIVITY:0.451444642170766
CE_KINGPAWNSHIELD:0.5200214615359905
CE_PIECECOORDINATION:0.5137865719232927
CE_MATERIAL:0.5777629617323078
CE_KINGSAFETY:0.4848126161808489
C_PIECESQUARETABLES:0.48395472886372176
C_MOBILITY:0.5192187718997632
C_KINGSAFETY:0.5107977805579845
C_PAWNSTRUCTURE:0.5284895728399609
C_PIECECOORDINATION:0.5192793786714982
C_ROOKANDPAWNMOVEMENT:0.5192793786714982
C_CENTERCONTROL:0.4525572383370204
C_DEVELOPPIECES:0.43187276603125396
C_MATERIAL:0.5485731651767685
