ELO:1000
CE_PASSEDPAWNS:0.5701592266106461
CE_PAWNWEAKNESSES:0.4730949273149563
CE_PIECEACTIVITY:0.5269789516935164
CE_KINGPAWNSHIELD:0.4613150432062206
CE_PIECECOORDINATION:0.4621295544464695
CE_MATERIAL:0.5482460137095582
CE_KINGSAFETY:0.49270866843360955
C_PIECESQUARETABLES:0.5753028082409927
C_MOBILITY:0.5173904693856485
C_KINGSAFETY:0.5026045936085017
C_PAWNSTRUCTURE:0.486302821693867
C_PIECECOORDINATION:0.4846581523410938
C_ROOKANDPAWNMOVEMENT:0.4846581523410938
C_CENTERCONTROL:0.5014497495912883
C_DEVELOPPIECES:0.45286478500689936
C_MATERIAL:0.5513028184841621
