ELO:976
CE_PASSEDPAWNS:0.5086263482239336
CE_PAWNWEAKNESSES:0.5166736166961702
CE_PIECEACTIVITY:0.5100614860922841
CE_KINGPAWNSHIELD:0.485862689650946
CE_PIECECOORDINATION:0.4792132404625014
CE_MATERIAL:0.49478046407447357
CE_KINGSAFETY:0.5
C_PIECESQUARETABLES:0.5120312987586015
C_MOBILITY:0.5055911344568134
C_KINGSAFETY:0.5082455148655952
C_PAWNSTRUCTURE:0.4977742079856465
C_PIECECOORDINATION:0.48863274771903736
C_ROOKANDPAWNMOVEMENT:0.48863274771903736
C_CENTERCONTROL:0.48801219130880935
C_DEVELOPPIECES:0.5000064756656978
C_MATERIAL:0.5092428289918992
C_MOVECOUNT:0.5089608877665213
