ELO:1046
CE_PASSEDPAWNS:0.5026822638532017
CE_PAWNWEAKNESSES:0.4972065024037839
CE_PIECEACTIVITY:0.509603858541549
CE_KINGPAWNSHIELD:0.4943817830274692
CE_PIECECOORDINATION:0.5120168469824028
CE_MATERIAL:0.5061497732106206
CE_KINGSAFETY:0.5
C_PIECESQUARETABLES:0.5
C_MOBILITY:0.4934559673954489
C_KINGSAFETY:0.4795235616541757
C_PAWNSTRUCTURE:0.49581633567670125
C_PIECECOORDINATION:0.5182525005146978
C_ROOK:0.5118138365292105
CE_ROOK:0.5157836039624435
C_CENTERCONTROL:0.5
C_DEVELOPPIECES:0.4924542313572364
C_MATERIAL:0.5207333831393444
C_MOVECOUNT:0.5100972410037712
C_PAWNMOVEMENT:0.5260459540625663
