ELO:1000
CE_PASSEDPAWNS:0.5616054485445013
CE_PAWNWEAKNESSES:0.4642451361851649
CE_PIECEACTIVITY:0.5104038719637393
CE_KINGPAWNSHIELD:0.4798940829364592
CE_PIECECOORDINATION:0.44148173266587265
CE_MATERIAL:0.5680009592996824
CE_KINGSAFETY:0.48654253646629775
C_PIECESQUARETABLES:0.4892416504150311
C_MOBILITY:0.5304791715495518
C_KINGSAFETY:0.48695807563518134
C_PAWNSTRUCTURE:0.48864036346718154
C_PIECECOORDINATION:0.5120622843038971
C_ROOKANDPAWNMOVEMENT:0.5120622843038971
C_CENTERCONTROL:0.49984284578622823
C_DEVELOPPIECES:0.4530086943335546
C_MATERIAL:0.549177778610023
