ELO:991
CE_PASSEDPAWNS:0.507430567156626
CE_PAWNWEAKNESSES:0.5076642690218607
CE_PIECEACTIVITY:0.5210488904611165
CE_KINGPAWNSHIELD:0.49290121428112016
CE_PIECECOORDINATION:0.4798892994592069
CE_MATERIAL:0.4909889102194442
CE_KINGSAFETY:0.5
C_PIECESQUARETABLES:0.49165799190775494
C_MOBILITY:0.505816832523644
C_KINGSAFETY:0.512916888800907
C_PAWNSTRUCTURE:0.501158376892975
C_PIECECOORDINATION:0.4946747965239075
C_ROOKANDPAWNMOVEMENT:0.4946747965239075
C_CENTERCONTROL:0.5014354081639298
C_DEVELOPPIECES:0.5
C_MATERIAL:0.5055741794890074
C_MOVECOUNT:0.49828484960010544
