ELO:1038
CE_PASSEDPAWNS:0.4599478493105759
CE_PAWNWEAKNESSES:0.4511697084188235
CE_PIECEACTIVITY:0.48747969220811305
CE_KINGPAWNSHIELD:0.5001108174848418
CE_PIECECOORDINATION:0.5119518836221792
CE_MATERIAL:0.49821605605579333
CE_KINGSAFETY:0.5
C_PIECESQUARETABLES:0.5
C_MOBILITY:0.5018867232658223
C_KINGSAFETY:0.5
C_PAWNSTRUCTURE:0.5217153688324853
C_PIECECOORDINATION:0.501756087542889
C_ROOKANDPAWNMOVEMENT:0.501756087542889
C_CENTERCONTROL:0.4954760518193677
C_DEVELOPPIECES:0.4935007159175937
C_MATERIAL:0.5296387018637522
C_MOVECOUNT:0.5578568109898147
