ELO:968
CE_PASSEDPAWNS:0.4855443784976755
CE_PAWNWEAKNESSES:0.4937535384078561
CE_PIECEACTIVITY:0.4980069369205452
CE_KINGPAWNSHIELD:0.49124595454741765
CE_PIECECOORDINATION:0.5152447168715878
CE_MATERIAL:0.4845393891662249
CE_KINGSAFETY:0.5000713649476961
C_PIECESQUARETABLES:0.5068002563415148
C_MOBILITY:0.504298004086964
C_KINGSAFETY:0.5256640960841502
C_PAWNSTRUCTURE:0.46112144936031235
C_PIECECOORDINATION:0.5062086348605653
C_ROOKANDPAWNMOVEMENT:0.5062086348605653
C_CENTERCONTROL:0.5046980796180668
C_DEVELOPPIECES:0.5103649339415489
C_MATERIAL:0.46273982328672675
