ELO:1000
CE_PASSEDPAWNS:0.409901951932708
CE_PAWNWEAKNESSES:0.5397970705742936
CE_PIECEACTIVITY:0.49035727222718756
CE_KINGPAWNSHIELD:0.5027189085694306
CE_PIECECOORDINATION:0.5170049055414686
CE_MATERIAL:0.5421458518360769
CE_KINGSAFETY:0.49814056481900143
C_PIECESQUARETABLES:0.4890215087070093
C_MOBILITY:0.49870631288571154
C_KINGSAFETY:0.5202834985099407
C_PAWNSTRUCTURE:0.5175350513038538
C_PIECECOORDINATION:0.5376411327510516
C_ROOKANDPAWNMOVEMENT:0.5376411327510516
C_CENTERCONTROL:0.47835449419789206
C_DEVELOPPIECES:0.45354799959833486
C_MATERIAL:0.5466950382569356
