ELO:940
CE_PASSEDPAWNS:0.5098424333821296
CE_PAWNWEAKNESSES:0.472841904282872
CE_PIECEACTIVITY:0.5061356090960802
CE_KINGPAWNSHIELD:0.5203085635962313
CE_PIECECOORDINATION:0.4914222219826816
CE_MATERIAL:0.5086550717030314
CE_KINGSAFETY:0.5120165893054069
C_PIECESQUARETABLES:0.4930621436741443
C_MOBILITY:0.512396135074064
C_KINGSAFETY:0.48422134542161666
C_PAWNSTRUCTURE:0.5132910388657016
C_PIECECOORDINATION:0.5352361544592977
C_ROOKANDPAWNMOVEMENT:0.5352361544592977
C_CENTERCONTROL:0.4861233653391887
C_DEVELOPPIECES:0.4677234950823875
C_MATERIAL:0.4969249583486527
C_MOVECOUNT:0.5
