ELO:973
CE_PASSEDPAWNS:0.486121245078497
CE_PAWNWEAKNESSES:0.48985378491135473
CE_PIECEACTIVITY:0.5083800357013252
CE_KINGPAWNSHIELD:0.48405056496879023
CE_PIECECOORDINATION:0.5329183838058527
CE_MATERIAL:0.5060919783862506
CE_KINGSAFETY:0.5087120122564832
C_PIECESQUARETABLES:0.4662754158968497
C_MOBILITY:0.5192419584213491
C_KINGSAFETY:0.5
C_PAWNSTRUCTURE:0.5035308156115768
C_PIECECOORDINATION:0.4922497234262813
C_ROOKANDPAWNMOVEMENT:0.4922497234262813
C_CENTERCONTROL:0.5601228986966247
C_DEVELOPPIECES:0.5501010507985871
C_MATERIAL:0.477677394815726
C_MOVECOUNT:0.5362897502421633
