ELO:900
CE_PASSEDPAWNS:0.4984647001080505
CE_PAWNWEAKNESSES:0.5092385440738983
CE_PIECEACTIVITY:0.5475545425464203
CE_KINGPAWNSHIELD:0.5495502314733961
CE_PIECECOORDINATION:0.5
CE_MATERIAL:0.4525408970476219
CE_KINGSAFETY:0.5383691631616886
C_PIECESQUARETABLES:0.48431835687014707
C_MOBILITY:0.4575400274838856
C_KINGSAFETY:0.48404629419374173
C_PAWNSTRUCTURE:0.48823981820737594
C_PIECECOORDINATION:0.5090472314005797
C_ROOKANDPAWNMOVEMENT:0.5090472314005797
C_CENTERCONTROL:0.5770368137262541
C_DEVELOPPIECES:0.5387411525722601
C_MATERIAL:0.4154125216048227
C_MOVECOUNT:0.5
