ELO:900
CE_PASSEDPAWNS:0.5118043362603395
CE_PAWNWEAKNESSES:0.4667974471055872
CE_PIECEACTIVITY:0.4703966344225812
CE_KINGPAWNSHIELD:0.4803496310419658
CE_PIECECOORDINATION:0.46311627058162796
CE_MATERIAL:0.5297759696729462
CE_KINGSAFETY:0.5144535877053534
C_PIECESQUARETABLES:0.4928440088143535
C_MOBILITY:0.4768282350545446
C_KINGSAFETY:0.46581551238775726
C_PAWNSTRUCTURE:0.5353717368724042
C_PIECECOORDINATION:0.502711264022356
C_ROOKANDPAWNMOVEMENT:0.502711264022356
C_CENTERCONTROL:0.46231024219054884
C_DEVELOPPIECES:0.46450878863614503
C_MATERIAL:0.5026217238389672
C_MOVECOUNT:0.5
