ELO:924
CE_PASSEDPAWNS:0.5170892915857244
CE_PAWNWEAKNESSES:0.49602558400867724
CE_PIECEACTIVITY:0.49549003387404283
CE_KINGPAWNSHIELD:0.4902399048930843
CE_PIECECOORDINATION:0.516417829234881
CE_MATERIAL:0.4997894895224341
CE_KINGSAFETY:0.5099556869961055
C_PIECESQUARETABLES:0.5159318926265134
C_MOBILITY:0.4793098739269728
C_KINGSAFETY:0.46891705445794124
C_PAWNSTRUCTURE:0.519729059926423
C_PIECECOORDINATION:0.4931864939407389
C_ROOKANDPAWNMOVEMENT:0.4931864939407389
C_CENTERCONTROL:0.48842561263906104
C_DEVELOPPIECES:0.48772333811058016
C_MATERIAL:0.5460925286456512
C_MOVECOUNT:0.5
