ELO:1000
CE_PASSEDPAWNS:0.57326824609523
CE_PAWNWEAKNESSES:0.47326077256112625
CE_PIECEACTIVITY:0.5208853431125554
CE_KINGPAWNSHIELD:0.4690812584641188
CE_PIECECOORDINATION:0.4674675866637988
CE_MATERIAL:0.5549882740353876
CE_KINGSAFETY:0.5
C_PIECESQUARETABLES:0.4986964529080348
C_MOBILITY:0.5464779743025805
C_KINGSAFETY:0.5053064424418898
C_PAWNSTRUCTURE:0.4868999092905832
C_PIECECOORDINATION:0.5226209921222742
C_ROOKANDPAWNMOVEMENT:0.5226209921222742
C_CENTERCONTROL:0.4797701922058079
C_DEVELOPPIECES:0.45198898843248647
C_MATERIAL:0.5513028184841621
