ELO:1066
CE_PASSEDPAWNS:0.5006727524098382
CE_PAWNWEAKNESSES:0.49724289724791626
CE_PIECEACTIVITY:0.47720231126595597
CE_KINGPAWNSHIELD:0.49711923057826723
CE_PIECECOORDINATION:0.5
CE_MATERIAL:0.4968670686508753
CE_KINGSAFETY:0.5
C_PIECESQUARETABLES:0.5
C_MOBILITY:0.5054917583631313
C_KINGSAFETY:0.5178169592379083
C_PAWNSTRUCTURE:0.4951326566476162
C_PIECECOORDINATION:0.5172284595140588
C_ROOK:0.5
CE_ROOK:0.5074594735804256
C_CENTERCONTROL:0.4852912214027281
C_DEVELOPPIECES:0.49383403657542363
C_MATERIAL:0.4733690730580908
C_MOVECOUNT:0.48987931154882625
C_PAWNMOVEMENT:0.5255969999201114
