ELO:1058
CE_PASSEDPAWNS:0.4951186310600352
CE_PAWNWEAKNESSES:0.4980952451665493
CE_PIECEACTIVITY:0.49599819320624305
CE_KINGPAWNSHIELD:0.5170071531871097
CE_PIECECOORDINATION:0.48934928464960353
CE_MATERIAL:0.4948848286128608
CE_KINGSAFETY:0.5
C_PIECESQUARETABLES:0.5
C_MOBILITY:0.5051626154467438
C_KINGSAFETY:0.5751591212110047
C_PAWNSTRUCTURE:0.5051694417506152
C_PIECECOORDINATION:0.5118496065789514
C_ROOKANDPAWNMOVEMENT:0.5118496065789514
C_CENTERCONTROL:0.5
C_DEVELOPPIECES:0.49076219235364443
C_MATERIAL:0.5123660738641375
C_MOVECOUNT:0.5
