ELO:1060
CE_PASSEDPAWNS:0.503341552644952
CE_PAWNWEAKNESSES:0.4972065024037839
CE_PIECEACTIVITY:0.5
CE_KINGPAWNSHIELD:0.5015344094069454
CE_PIECECOORDINATION:0.503640349052995
CE_MATERIAL:0.5077212810683485
CE_KINGSAFETY:0.5
C_PIECESQUARETABLES:0.5
C_MOBILITY:0.5068923201911351
C_KINGSAFETY:0.5168036488374377
C_PAWNSTRUCTURE:0.5140965380153382
C_PIECECOORDINATION:0.5182525005146978
C_ROOK:0.500771044552258
CE_ROOK:0.5
C_CENTERCONTROL:0.4852912214027281
C_DEVELOPPIECES:0.4882427012499089
C_MATERIAL:0.5030436899418252
C_MOVECOUNT:0.49110702908087334
C_PAWNMOVEMENT:0.5028529947868007
