ELO:985
CE_PASSEDPAWNS:0.4916142978448862
CE_PAWNWEAKNESSES:0.49540449452318164
CE_PIECEACTIVITY:0.4947458880575239
CE_KINGPAWNSHIELD:0.5030790488216582
CE_PIECECOORDINATION:0.5300015598098942
CE_MATERIAL:0.49604168635209805
CE_KINGSAFETY:0.5053522093648661
C_PIECESQUARETABLES:0.4943642839585294
C_MOBILITY:0.5081000963784326
C_KINGSAFETY:0.4892429681713602
C_PAWNSTRUCTURE:0.4902718688768419
C_PIECECOORDINATION:0.4978038402634169
C_ROOKANDPAWNMOVEMENT:0.4978038402634169
C_CENTERCONTROL:0.5006881870956097
C_DEVELOPPIECES:0.501800853458168
C_MATERIAL:0.5101353201046117
C_MOVECOUNT:0.5
