ELO:1007
CE_PASSEDPAWNS:0.5120010759533716
CE_PAWNWEAKNESSES:0.4929581112221591
CE_PIECEACTIVITY:0.506346503157013
CE_KINGPAWNSHIELD:0.4774702252632535
CE_PIECECOORDINATION:0.5168904972314008
CE_MATERIAL:0.5
CE_KINGSAFETY:0.5078541469657184
C_PIECESQUARETABLES:0.5093854203014836
C_MOBILITY:0.5078847660022714
C_KINGSAFETY:0.5032323960365905
C_PAWNSTRUCTURE:0.5055380920691174
C_PIECECOORDINATION:0.511906901242115
C_ROOK:0.4899778171994755
CE_ROOK:0.49192060909411994
C_CENTERCONTROL:0.49092436843559933
C_DEVELOPPIECES:0.4851660755878232
C_MATERIAL:0.49797337777480255
C_MOVECOUNT:0.4758765243740194
C_PAWNMOVEMENT:0.4936048232703216
