ELO:1069
CE_PASSEDPAWNS:0.5086078626992011
CE_PAWNWEAKNESSES:0.5090178634025811
CE_PIECEACTIVITY:0.5
CE_KINGPAWNSHIELD:0.4927302282431317
CE_PIECECOORDINATION:0.5120168469824028
CE_MATERIAL:0.4981089047036181
CE_KINGSAFETY:0.5
C_PIECESQUARETABLES:0.5
C_MOBILITY:0.49505961881672944
C_KINGSAFETY:0.5102472978584247
C_PAWNSTRUCTURE:0.5
C_PIECECOORDINATION:0.5108851191526319
C_ROOK:0.5118138365292105
CE_ROOK:0.5157836039624435
C_CENTERCONTROL:0.4869144050227749
C_DEVELOPPIECES:0.5006731434501108
C_MATERIAL:0.5000931706638955
C_MOVECOUNT:0.48987931154882625
C_PAWNMOVEMENT:0.5
