ELO:994
CE_PASSEDPAWNS:0.5053129084590123
CE_PAWNWEAKNESSES:0.5019441525480328
CE_PIECEACTIVITY:0.5039131508518376
CE_KINGPAWNSHIELD:0.5039794575416223
CE_PIECECOORDINATION:0.49310929986045493
CE_MATERIAL:0.5247801671725958
CE_KINGSAFETY:0.5
C_PIECESQUARETABLES:0.47457340704087714
C_MOBILITY:0.49809053812302584
C_KINGSAFETY:0.4860670694816877
C_PAWNSTRUCTURE:0.5038592180655372
C_PIECECOORDINATION:0.5107737167339157
C_ROOKANDPAWNMOVEMENT:0.5107737167339157
C_CENTERCONTROL:0.5027655962993552
C_DEVELOPPIECES:0.5096109719738604
C_MATERIAL:0.49888581267802096
