ELO:1010
CE_PASSEDPAWNS:0.5163565444381443
CE_PAWNWEAKNESSES:0.503933769595215
CE_PIECEACTIVITY:0.506346503157013
CE_KINGPAWNSHIELD:0.49120581731470847
CE_PIECECOORDINATION:0.498980069241355
CE_MATERIAL:0.46416362675648426
CE_KINGSAFETY:0.5
C_PIECESQUARETABLES:0.5
C_MOBILITY:0.5398341316400149
C_KINGSAFETY:0.4638229987792309
C_PAWNSTRUCTURE:0.4988976233761561
C_PIECECOORDINATION:0.5014574809208541
C_ROOK:0.4650633174525654
CE_ROOK:0.5181306469396002
C_CENTERCONTROL:0.4819226877576229
C_DEVELOPPIECES:0.5010440137727993
C_MATERIAL:0.4863575817299442
C_MOVECOUNT:0.4551431673987417
C_PAWNMOVEMENT:0.48444180846960017
