ELO:986
CE_PASSEDPAWNS:0.5672140966427468
CE_PAWNWEAKNESSES:0.49057461236198396
CE_PIECEACTIVITY:0.5206807152917109
CE_KINGPAWNSHIELD:0.4721958412291449
CE_PIECECOORDINATION:0.4752543870874872
CE_MATERIAL:0.5685431495704681
CE_KINGSAFETY:0.5077922552527298
C_PIECESQUARETABLES:0.4735687401228405
C_MOBILITY:0.5454030557131871
C_KINGSAFETY:0.4680727209514567
C_PAWNSTRUCTURE:0.48081763385863513
C_PIECECOORDINATION:0.4892716180673605
C_ROOKANDPAWNMOVEMENT:0.4892716180673605
C_CENTERCONTROL:0.4894527433176475
C_DEVELOPPIECES:0.47575562698469936
C_MATERIAL:0.5618866489000658
