ELO:773
CE_PASSEDPAWNS:0.3541685828390946
CE_PAWNWEAKNESSES:0.5219807722015892
CE_PIECEACTIVITY:0.5118223475499404
CE_KINGPAWNSHIELD:0.5283317209109217
CE_PIECECOORDINATION:0.6474803146107617
CE_MATERIAL:0.5504303740840292
CE_KINGSAFETY:0.47464132117739666
C_PIECESQUARETABLES:0.5609568464969705
C_MOBILITY:0.5327278940288585
C_KINGSAFETY:0.532289092847827
C_PAWNSTRUCTURE:0.4652722841421883
C_PIECECOORDINATION:0.5122059876107329
C_ROOKANDPAWNMOVEMENT:0.5122059876107329
C_CENTERCONTROL:0.5365576311567746
C_DEVELOPPIECES:0.407311514413511
C_MATERIAL:0.4950352149483954
C_MOVECOUNT:0.5
