ELO:936
CE_PASSEDPAWNS:0.44743394958000765
CE_PAWNWEAKNESSES:0.5239285326328205
CE_PIECEACTIVITY:0.37048787431149394
CE_KINGPAWNSHIELD:0.6016617353414608
CE_PIECECOORDINATION:0.5604017800621737
CE_MATERIAL:0.5291573681132983
CE_KINGSAFETY:0.506990516075331
C_PIECESQUARETABLES:0.44864682249262855
C_MOBILITY:0.4841532554349922
C_KINGSAFETY:0.48682424647029104
C_PAWNSTRUCTURE:0.551009222388505
C_PIECECOORDINATION:0.5051282783225283
C_ROOKANDPAWNMOVEMENT:0.5051282783225283
C_CENTERCONTROL:0.39945360701990157
C_DEVELOPPIECES:0.41820594128739774
C_MATERIAL:0.5725854959244363
