ELO:1009
CE_PASSEDPAWNS:0.5052194325636691
CE_PAWNWEAKNESSES:0.48417700319453755
CE_PIECEACTIVITY:0.5
CE_KINGPAWNSHIELD:0.48856740315627617
CE_PIECECOORDINATION:0.5138592974625364
CE_MATERIAL:0.4735484419952725
CE_KINGSAFETY:0.5
C_PIECESQUARETABLES:0.5
C_MOBILITY:0.5016956584053531
C_KINGSAFETY:0.5149952894743394
C_PAWNSTRUCTURE:0.49883582609433114
C_PIECECOORDINATION:0.5039784184053445
C_ROOKANDPAWNMOVEMENT:0.5039784184053445
C_CENTERCONTROL:0.5133369555019474
C_DEVELOPPIECES:0.517496145916969
C_MATERIAL:0.5
C_MOVECOUNT:0.48369150782508535
