ELO:871
CE_PASSEDPAWNS:0.5121253139743409
CE_PAWNWEAKNESSES:0.6078938005889921
CE_PIECEACTIVITY:0.40138871665832176
CE_KINGPAWNSHIELD:0.5483969906735751
CE_PIECECOORDINATION:0.4935607522942144
CE_MATERIAL:0.4244979679497113
CE_KINGSAFETY:0.45530159570580053
C_PIECESQUARETABLES:0.5406987556515866
C_MOBILITY:0.4816009217019848
C_KINGSAFETY:0.5061759844506757
C_PAWNSTRUCTURE:0.3389212277111745
C_PIECECOORDINATION:0.5517110748721568
C_ROOKANDPAWNMOVEMENT:0.5517110748721568
C_CENTERCONTROL:0.4693508278098023
C_DEVELOPPIECES:0.605587178801409
C_MATERIAL:0.44948251173865167
