ELO:999
CE_PASSEDPAWNS:0.5634200121378464
CE_PAWNWEAKNESSES:0.49915379310115904
CE_PIECEACTIVITY:0.5108367495944536
CE_KINGPAWNSHIELD:0.4707665379541968
CE_PIECECOORDINATION:0.43774986579131553
CE_MATERIAL:0.5978424918659301
CE_KINGSAFETY:0.48654253646629775
C_PIECESQUARETABLES:0.5023296008218225
C_MOBILITY:0.5304791715495518
C_KINGSAFETY:0.47968242541124567
C_PAWNSTRUCTURE:0.4907940647448308
C_PIECECOORDINATION:0.4955335270326349
C_ROOKANDPAWNMOVEMENT:0.4955335270326349
C_CENTERCONTROL:0.5171843174345381
C_DEVELOPPIECES:0.44890438803969107
C_MATERIAL:0.5692269023670908
