ELO:1077
CE_PASSEDPAWNS:0.4214423395585675
CE_PAWNWEAKNESSES:0.46148401881970824
CE_PIECEACTIVITY:0.5153405370784565
CE_KINGPAWNSHIELD:0.4013352687576377
CE_PIECECOORDINATION:0.4721683819700494
CE_MATERIAL:0.44297840829692237
CE_KINGSAFETY:0.47761884640652835
C_PIECESQUARETABLES:0.4802670623058482
C_MOBILITY:0.40586040014455343
C_KINGSAFETY:0.6379810436917274
C_PAWNSTRUCTURE:0.4600851876561182
C_PIECECOORDINATION:0.4683511763660629
C_ROOKANDPAWNMOVEMENT:0.4683511763660629
C_CENTERCONTROL:0.5001805486560603
C_DEVELOPPIECES:0.5760507240876604
C_MATERIAL:0.388238407051224
