ELO:988
CE_PASSEDPAWNS:0.5808123234692516
CE_PAWNWEAKNESSES:0.43610352913732753
CE_PIECEACTIVITY:0.3741318103996082
CE_KINGPAWNSHIELD:0.5075199806677672
CE_PIECECOORDINATION:0.4259067357278837
CE_MATERIAL:0.5125340991701338
CE_KINGSAFETY:0.49643537065634735
C_PIECESQUARETABLES:0.48417632916988307
C_MOBILITY:0.5118718133686504
C_KINGSAFETY:0.45024767028776963
C_PAWNSTRUCTURE:0.5289160492459845
C_PIECECOORDINATION:0.48520406750150963
C_ROOKANDPAWNMOVEMENT:0.48520406750150963
C_CENTERCONTROL:0.46463634683904004
C_DEVELOPPIECES:0.41455619657862297
C_MATERIAL:0.5406718195053838
