ELO:784
CE_PASSEDPAWNS:0.4918947071207825
CE_PAWNWEAKNESSES:0.48339009030319924
CE_PIECEACTIVITY:0.48346405075159277
CE_KINGPAWNSHIELD:0.4951492220221318
CE_PIECECOORDINATION:0.46769184093471516
CE_MATERIAL:0.4936594248295158
CE_KINGSAFETY:0.5105833165976581
C_PIECESQUARETABLES:0.48347956741147985
C_MOBILITY:0.515541425468029
C_KINGSAFETY:0.4510474006253033
C_PAWNSTRUCTURE:0.4987507724775856
C_PIECECOORDINATION:0.5296899548526316
C_ROOKANDPAWNMOVEMENT:0.5296899548526316
C_CENTERCONTROL:0.5493961572924283
C_DEVELOPPIECES:0.48549232088987376
C_MATERIAL:0.5428102280214351
C_MOVECOUNT:0.5
