ELO:829
CE_PASSEDPAWNS:0.4838621635909232
CE_PAWNWEAKNESSES:0.40478046255301736
CE_PIECEACTIVITY:0.5099059421588223
CE_KINGPAWNSHIELD:0.5035336260346582
CE_PIECECOORDINATION:0.5422264187523549
CE_MATERIAL:0.3921334673547249
CE_KINGSAFETY:0.504786178200174
C_PIECESQUARETABLES:0.5125754464518911
C_MOBILITY:0.5026733899391286
C_KINGSAFETY:0.4502841140189224
C_PAWNSTRUCTURE:0.4974142900507514
C_PIECECOORDINATION:0.4599270082241316
C_ROOKANDPAWNMOVEMENT:0.4599270082241316
C_CENTERCONTROL:0.46345957869736626
C_DEVELOPPIECES:0.48382496894900984
C_MATERIAL:0.530651923843297
C_MOVECOUNT:0.5
