ELO:874
CE_PASSEDPAWNS:0.5817985413952709
CE_PAWNWEAKNESSES:0.4314476281133023
CE_PIECEACTIVITY:0.39070613248650665
CE_KINGPAWNSHIELD:0.5592321106722549
CE_PIECECOORDINATION:0.4302438088627154
CE_MATERIAL:0.5355867560342485
CE_KINGSAFETY:0.5081115181397866
C_PIECESQUARETABLES:0.5177967466761078
C_MOBILITY:0.48973679305937184
C_KINGSAFETY:0.4596629620124661
C_PAWNSTRUCTURE:0.5707391924936807
C_PIECECOORDINATION:0.5118313816188808
C_ROOKANDPAWNMOVEMENT:0.5118313816188808
C_CENTERCONTROL:0.49210404772555105
C_DEVELOPPIECES:0.44059035511086764
C_MATERIAL:0.5146815728843118
