ELO:967
CE_PASSEDPAWNS:0.5392918738249648
CE_PAWNWEAKNESSES:0.5575954246714865
CE_PIECEACTIVITY:0.4007183266878561
CE_KINGPAWNSHIELD:0.5557018335132088
CE_PIECECOORDINATION:0.4660865072605167
CE_MATERIAL:0.5073171224658882
CE_KINGSAFETY:0.5014718370114605
C_PIECESQUARETABLES:0.49465461256818155
C_MOBILITY:0.5618524162270017
C_KINGSAFETY:0.48199385481543155
C_PAWNSTRUCTURE:0.49224180048525357
C_PIECECOORDINATION:0.5861328066731739
C_ROOKANDPAWNMOVEMENT:0.5861328066731739
C_CENTERCONTROL:0.4857379539363615
C_DEVELOPPIECES:0.35416388463743464
C_MATERIAL:0.5172286095272762
