ELO:970
CE_PASSEDPAWNS:0.5856360691580744
CE_PAWNWEAKNESSES:0.4514099392693983
CE_PIECEACTIVITY:0.3837249697104313
CE_KINGPAWNSHIELD:0.49873051693065523
CE_PIECECOORDINATION:0.4259067357278837
CE_MATERIAL:0.5172100250988542
CE_KINGSAFETY:0.4727244057966183
C_PIECESQUARETABLES:0.46748403646271414
C_MOBILITY:0.5133289656250176
C_KINGSAFETY:0.4487998110283829
C_PAWNSTRUCTURE:0.5318129364636967
C_PIECECOORDINATION:0.4868864699977824
C_ROOKANDPAWNMOVEMENT:0.4868864699977824
C_CENTERCONTROL:0.46293570724785515
C_DEVELOPPIECES:0.406005352163579
C_MATERIAL:0.5298137384708248
