ELO:943
CE_PASSEDPAWNS:0.4515740674536438
CE_PAWNWEAKNESSES:0.5074743271235287
CE_PIECEACTIVITY:0.5323008942702997
CE_KINGPAWNSHIELD:0.5654361719793376
CE_PIECECOORDINATION:0.47470152048246494
CE_MATERIAL:0.5359137385765689
CE_KINGSAFETY:0.5008610464929295
C_PIECESQUARETABLES:0.49488922966600946
C_MOBILITY:0.489552996552306
C_KINGSAFETY:0.5332839672214508
C_PAWNSTRUCTURE:0.5046729980123761
C_PIECECOORDINATION:0.5029739415759683
C_ROOKANDPAWNMOVEMENT:0.5029739415759683
C_CENTERCONTROL:0.4908953430482801
C_DEVELOPPIECES:0.514246468845469
C_MATERIAL:0.4780343192289243
C_MOVECOUNT:0.5367791677073862
