ELO:987
CE_PASSEDPAWNS:0.5417324897294148
CE_PAWNWEAKNESSES:0.5537007339885943
CE_PIECEACTIVITY:0.5016449093579544
CE_KINGPAWNSHIELD:0.5414037980070514
CE_PIECECOORDINATION:0.5201242941961837
CE_MATERIAL:0.5027323310689169
CE_KINGSAFETY:0.5
C_PIECESQUARETABLES:0.5
C_MOBILITY:0.48697135655385193
C_KINGSAFETY:0.4774953588082848
C_PAWNSTRUCTURE:0.5489619941813543
C_PIECECOORDINATION:0.51852399648789
C_ROOKANDPAWNMOVEMENT:0.51852399648789
C_CENTERCONTROL:0.4724036668621936
C_DEVELOPPIECES:0.5198335276214946
C_MATERIAL:0.5486622841735544
