ELO:1018
CE_PASSEDPAWNS:0.4901356255573674
CE_PAWNWEAKNESSES:0.5167718636385193
CE_PIECEACTIVITY:0.5121195786355279
CE_KINGPAWNSHIELD:0.4999808150321683
CE_PIECECOORDINATION:0.49186949783803563
CE_MATERIAL:0.4887262867496522
CE_KINGSAFETY:0.5
C_PIECESQUARETABLES:0.5
C_MOBILITY:0.48469986447742847
C_KINGSAFETY:0.4923753125301518
C_PAWNSTRUCTURE:0.508596931567696
C_PIECECOORDINATION:0.5
C_ROOKANDPAWNMOVEMENT:0.5
C_CENTERCONTROL:0.5067545249835239
C_DEVELOPPIECES:0.5029706385901812
C_MATERIAL:0.49295850808944364
C_MOVECOUNT:0.5026399226358235
