ELO:622
CE_PASSEDPAWNS:0.4846651869626226
CE_PAWNWEAKNESSES:0.44303820920629033
CE_PIECEACTIVITY:0.5211396399142225
CE_KINGPAWNSHIELD:0.47307387661282113
CE_PIECECOORDINATION:0.4353777420650018
CE_MATERIAL:0.3681914236380508
CE_KINGSAFETY:0.5204036051915701
C_PIECESQUARETABLES:0.498794360955573
C_MOBILITY:0.5317538686421501
C_KINGSAFETY:0.45348141049059565
C_PAWNSTRUCTURE:0.5012737510020439
C_PIECECOORDINATION:0.506293763800811
C_ROOKANDPAWNMOVEMENT:0.506293763800811
C_CENTERCONTROL:0.39628831313077123
C_DEVELOPPIECES:0.4710132197682891
C_MATERIAL:0.544809920787283
C_MOVECOUNT:0.46593078501753804
