ELO:888
CE_PASSEDPAWNS:0.4780900477885102
CE_PAWNWEAKNESSES:0.5010466188966415
CE_PIECEACTIVITY:0.5285147660482663
CE_KINGPAWNSHIELD:0.4929839541075571
CE_PIECECOORDINATION:0.5344698271399491
CE_MATERIAL:0.5308935500619821
CE_KINGSAFETY:0.5
C_PIECESQUARETABLES:0.5
C_MOBILITY:0.5151675139646268
C_KINGSAFETY:0.48917727065640876
C_PAWNSTRUCTURE:0.5116062869335694
C_PIECECOORDINATION:0.5027878225097602
C_ROOK:0.5267522439014682
CE_ROOK:0.48134657872061454
C_CENTERCONTROL:0.5564432785662171
C_DEVELOPPIECES:0.46561294464273795
C_MATERIAL:0.508690499740851
C_MOVECOUNT:0.5719002497421806
C_PAWNMOVEMENT:0.5063961262752563
