ELO:1056
CE_PASSEDPAWNS:0.4794450241588136
CE_PAWNWEAKNESSES:0.5334116520417512
CE_PIECEACTIVITY:0.49321792761048117
CE_KINGPAWNSHIELD:0.49355990240142456
CE_PIECECOORDINATION:0.5
CE_MATERIAL:0.5027185876244945
CE_KINGSAFETY:0.5114455271690459
C_PIECESQUARETABLES:0.5030254635457859
C_MOBILITY:0.49540701851144053
C_KINGSAFETY:0.5456788818595697
C_PAWNSTRUCTURE:0.5038995428954798
C_PIECECOORDINATION:0.4895987753004243
C_ROOKANDPAWNMOVEMENT:0.4895987753004243
C_CENTERCONTROL:0.47895547790311793
C_DEVELOPPIECES:0.5
C_MATERIAL:0.5173445366851689
C_MOVECOUNT:0.46351632932153103
