ELO:881
CE_PASSEDPAWNS:0.4810784501278963
CE_PAWNWEAKNESSES:0.5034890363120065
CE_PIECEACTIVITY:0.5236658990580988
CE_KINGPAWNSHIELD:0.4929839541075571
CE_PIECECOORDINATION:0.5032148929957296
CE_MATERIAL:0.5429216329037905
CE_KINGSAFETY:0.5295270742418833
C_PIECESQUARETABLES:0.4990001085096644
C_MOBILITY:0.5081737524351575
C_KINGSAFETY:0.4980375175119029
C_PAWNSTRUCTURE:0.5136488528303139
C_PIECECOORDINATION:0.4857748843826857
C_ROOK:0.510815018696314
CE_ROOK:0.4974435766249786
C_CENTERCONTROL:0.534727531098619
C_DEVELOPPIECES:0.46753275660267823
C_MATERIAL:0.5073351796402483
C_MOVECOUNT:0.5615745643908616
C_PAWNMOVEMENT:0.49487641852198283
