ELO:987
CE_PASSEDPAWNS:0.5417324897294148
CE_PAWNWEAKNESSES:0.5537007339885943
CE_PIECEACTIVITY:0.5094905399549391
CE_KINGPAWNSHIELD:0.5414037980070514
CE_PIECECOORDINATION:0.5201242941961837
CE_MATERIAL:0.5027323310689169
CE_KINGSAFETY:0.5201881121488562
C_PIECESQUARETABLES:0.4637309647009841
C_MOBILITY:0.481129334956076
C_KINGSAFETY:0.47134032133742093
C_PAWNSTRUCTURE:0.5467577540541199
C_PIECECOORDINATION:0.5289660956397038
C_ROOKANDPAWNMOVEMENT:0.5289660956397038
C_CENTERCONTROL:0.476821273820635
C_DEVELOPPIECES:0.5198335276214946
C_MATERIAL:0.537564606758839
