ELO:1000
CE_PASSEDPAWNS:0.4800018471953981
CE_PAWNWEAKNESSES:0.482655514990529
CE_PIECEACTIVITY:0.5022589782368757
CE_KINGPAWNSHIELD:0.4991664323627532
CE_PIECECOORDINATION:0.4868062278429774
CE_MATERIAL:0.5057749320437694
CE_KINGSAFETY:0.5019611816017097
C_PIECESQUARETABLES:0.4901457131539956
C_MOBILITY:0.5120209423137713
C_KINGSAFETY:0.49491066277855594
C_PAWNSTRUCTURE:0.5217567497511602
C_PIECECOORDINATION:0.48842499554216723
C_ROOK:0.49152392156676195
CE_ROOK:0.5049447628449306
C_CENTERCONTROL:0.5072103095029181
C_DEVELOPPIECES:0.4882949753198745
C_MATERIAL:0.4846493171672433
C_MOVECOUNT:0.5276786790555622
C_PAWNMOVEMENT:0.5002538084573096
