ELO:1000
CE_PASSEDPAWNS:0.5009244652736224
CE_PAWNWEAKNESSES:0.4638511006818169
CE_PIECEACTIVITY:0.4936692062363155
CE_KINGPAWNSHIELD:0.5023778624465424
CE_PIECECOORDINATION:0.5010425277939468
CE_MATERIAL:0.5030686613865842
CE_KINGSAFETY:0.47251233722983094
C_PIECESQUARETABLES:0.47293374694857215
C_MOBILITY:0.5127051462592134
C_KINGSAFETY:0.4921992199533577
C_PAWNSTRUCTURE:0.48219098656430087
C_PIECECOORDINATION:0.4584330547371364
C_ROOKANDPAWNMOVEMENT:0.4584330547371364
C_CENTERCONTROL:0.4953039035692988
C_DEVELOPPIECES:0.5175410495372694
C_MATERIAL:0.5450682924127093
