ELO:914
CE_PASSEDPAWNS:0.6079423535757679
CE_PAWNWEAKNESSES:0.5643444979352691
CE_PIECEACTIVITY:0.4765630303612153
CE_KINGPAWNSHIELD:0.5170302981517074
CE_PIECECOORDINATION:0.4706617343944714
CE_MATERIAL:0.4676550714357505
CE_KINGSAFETY:0.47024587524551226
C_PIECESQUARETABLES:0.5205963404348531
C_MOBILITY:0.5251553014603711
C_KINGSAFETY:0.40479672254364824
C_PAWNSTRUCTURE:0.5567870471514857
C_PIECECOORDINATION:0.5697227742376385
C_ROOKANDPAWNMOVEMENT:0.5697227742376385
C_CENTERCONTROL:0.5084832036887836
C_DEVELOPPIECES:0.49815333422145636
C_MATERIAL:0.5489657290193078
