ELO:882
CE_PASSEDPAWNS:0.4985097742752354
CE_PAWNWEAKNESSES:0.47639774997208795
CE_PIECEACTIVITY:0.49723255043325804
CE_KINGPAWNSHIELD:0.4907254794301732
CE_PIECECOORDINATION:0.5096727338039816
CE_MATERIAL:0.5112731025036689
CE_KINGSAFETY:0.48531430874179693
C_PIECESQUARETABLES:0.47980065244825515
C_MOBILITY:0.47443087850563165
C_KINGSAFETY:0.48694273859006953
C_PAWNSTRUCTURE:0.4910213263701757
C_PIECECOORDINATION:0.5054453842733471
C_ROOKANDPAWNMOVEMENT:0.5054453842733471
C_CENTERCONTROL:0.4773426421016449
C_DEVELOPPIECES:0.5082343029154088
C_MATERIAL:0.4965211397425689
C_MOVECOUNT:0.5
