ELO:979
CE_PASSEDPAWNS:0.5104075013293
CE_PAWNWEAKNESSES:0.5593644965463974
CE_PIECEACTIVITY:0.4778605569543032
CE_KINGPAWNSHIELD:0.5330581607557323
CE_PIECECOORDINATION:0.48335791915347687
CE_MATERIAL:0.516447896311559
CE_KINGSAFETY:0.5115566641476382
C_PIECESQUARETABLES:0.48381950052721456
C_MOBILITY:0.5036635451280268
C_KINGSAFETY:0.4641945497596387
C_PAWNSTRUCTURE:0.5404607305987054
C_PIECECOORDINATION:0.5363800215015576
C_ROOKANDPAWNMOVEMENT:0.5363800215015576
C_CENTERCONTROL:0.46396176832071556
C_DEVELOPPIECES:0.4853286330777804
C_MATERIAL:0.5567532503159442
