ELO:983
CE_PASSEDPAWNS:0.48177221869227316
CE_PAWNWEAKNESSES:0.480835719535373
CE_PIECEACTIVITY:0.5120622229872575
CE_KINGPAWNSHIELD:0.49992488601318347
CE_PIECECOORDINATION:0.49508843880934655
CE_MATERIAL:0.5226943083021343
CE_KINGSAFETY:0.5107156538606052
C_PIECESQUARETABLES:0.5050824857115417
C_MOBILITY:0.5145565328482139
C_KINGSAFETY:0.5045046571785758
C_PAWNSTRUCTURE:0.4989324217633911
C_PIECECOORDINATION:0.4894553962374566
C_ROOK:0.5120162689091909
CE_ROOK:0.48936030263733415
C_CENTERCONTROL:0.5269828062750123
C_DEVELOPPIECES:0.46483088270820516
C_MATERIAL:0.49246823010681495
C_MOVECOUNT:0.5379397213378159
C_PAWNMOVEMENT:0.5090321044847022
