ELO:1021
CE_PASSEDPAWNS:0.5125540340645126
CE_PAWNWEAKNESSES:0.5
CE_PIECEACTIVITY:0.5089598918128792
CE_KINGPAWNSHIELD:0.5051865022381602
CE_PIECECOORDINATION:0.5002859873943135
CE_MATERIAL:0.5
CE_KINGSAFETY:0.5
C_PIECESQUARETABLES:0.5
C_MOBILITY:0.50217735310677
C_KINGSAFETY:0.5
C_PAWNSTRUCTURE:0.508596931567696
C_PIECECOORDINATION:0.4878341006350522
C_ROOKANDPAWNMOVEMENT:0.4878341006350522
C_CENTERCONTROL:0.4991244716608035
C_DEVELOPPIECES:0.5029706385901812
C_MATERIAL:0.5
C_MOVECOUNT:0.5
