ELO:990
CE_PASSEDPAWNS:0.39792981371987557
CE_PAWNWEAKNESSES:0.4449176979510626
CE_PIECEACTIVITY:0.5055534717583172
CE_KINGPAWNSHIELD:0.4969112771905379
CE_PIECECOORDINATION:0.6092782055877115
CE_MATERIAL:0.4003186987170884
CE_KINGSAFETY:0.5073999316235774
C_PIECESQUARETABLES:0.5026043248129012
C_MOBILITY:0.5894415093519355
C_KINGSAFETY:0.5725058816967299
C_PAWNSTRUCTURE:0.62436365227218
C_PIECECOORDINATION:0.6114705589322064
C_ROOKANDPAWNMOVEMENT:0.6114705589322064
C_CENTERCONTROL:0.38265330804300807
C_DEVELOPPIECES:0.5545854482019568
C_MATERIAL:0.5937843414646223
