ELO:1012
CE_PASSEDPAWNS:0.5027965376515373
CE_PAWNWEAKNESSES:0.5
CE_PIECEACTIVITY:0.5229728835873283
CE_KINGPAWNSHIELD:0.48862567976982285
CE_PIECECOORDINATION:0.49208302111518754
CE_MATERIAL:0.5
CE_KINGSAFETY:0.5029243960088176
C_PIECESQUARETABLES:0.47827075012509035
C_MOBILITY:0.5142081639025258
C_KINGSAFETY:0.4985185550182471
C_PAWNSTRUCTURE:0.5
C_PIECECOORDINATION:0.5079849434478471
C_ROOKANDPAWNMOVEMENT:0.5079849434478471
C_CENTERCONTROL:0.5
C_DEVELOPPIECES:0.5
C_MATERIAL:0.49241259680322835
