ELO:987
CE_PASSEDPAWNS:0.48980296911148885
CE_PAWNWEAKNESSES:0.5
CE_PIECEACTIVITY:0.5
CE_KINGPAWNSHIELD:0.5080289137262145
CE_PIECECOORDINATION:0.4935156080985821
CE_MATERIAL:0.5
CE_KINGSAFETY:0.5081813551349591
C_PIECESQUARETABLES:0.5
C_MOBILITY:0.5
C_KINGSAFETY:0.5089487330635672
C_PAWNSTRUCTURE:0.5
C_PIECECOORDINATION:0.4982961476006855
C_ROOKANDPAWNMOVEMENT:0.4982961476006855
C_CENTERCONTROL:0.5
C_DEVELOPPIECES:0.49515261220170903
C_MATERIAL:0.49532408403171224
C_MOVECOUNT:0.5
