ELO:1002
CE_PASSEDPAWNS:0.5000476137845032
CE_PAWNWEAKNESSES:0.56436260810892
CE_PIECEACTIVITY:0.47395557782692216
CE_KINGPAWNSHIELD:0.5133449429157622
CE_PIECECOORDINATION:0.5108455208009729
CE_MATERIAL:0.5247907933650535
CE_KINGSAFETY:0.49471768100385893
C_PIECESQUARETABLES:0.4878704613568825
C_MOBILITY:0.526791180234273
C_KINGSAFETY:0.5477342894339668
C_PAWNSTRUCTURE:0.523977890220622
C_PIECECOORDINATION:0.5877888790227341
C_ROOKANDPAWNMOVEMENT:0.5877888790227341
C_CENTERCONTROL:0.5456931397538838
C_DEVELOPPIECES:0.42904168551705885
C_MATERIAL:0.5383439659005701
