ELO:931
CE_PASSEDPAWNS:0.48805102447335974
CE_PAWNWEAKNESSES:0.45229189636855904
CE_PIECEACTIVITY:0.5547721248890931
CE_KINGPAWNSHIELD:0.5034883984917891
CE_PIECECOORDINATION:0.5185931844227097
CE_MATERIAL:0.4986253294864305
CE_KINGSAFETY:0.5
C_PIECESQUARETABLES:0.5
C_MOBILITY:0.5251912768996204
C_KINGSAFETY:0.5056651795230046
C_PAWNSTRUCTURE:0.4922525146743737
C_PIECECOORDINATION:0.45343836201253684
C_ROOK:0.5266338317780649
CE_ROOK:0.45443305139390766
C_CENTERCONTROL:0.5227478181226881
C_DEVELOPPIECES:0.4693483478281163
C_MATERIAL:0.49932253121104053
C_MOVECOUNT:0.5532867481657103
C_PAWNMOVEMENT:0.4830027808978307
