ELO:1000
CE_PASSEDPAWNS:0.48789535496693187
CE_PAWNWEAKNESSES:0.5076432462173508
CE_PIECEACTIVITY:0.5076915486266653
CE_KINGPAWNSHIELD:0.5226458074242614
CE_PIECECOORDINATION:0.48372042897244305
CE_MATERIAL:0.49854187866432964
CE_KINGSAFETY:0.4731165386743913
C_PIECESQUARETABLES:0.5166453151378096
C_MOBILITY:0.5110742050485743
C_KINGSAFETY:0.5045717186719928
C_PAWNSTRUCTURE:0.49327329717899965
C_PIECECOORDINATION:0.504270936579481
C_ROOKANDPAWNMOVEMENT:0.504270936579481
C_CENTERCONTROL:0.5143362275975167
C_DEVELOPPIECES:0.4855549628714273
C_MATERIAL:0.5023976747086534
