ELO:1000
CE_PASSEDPAWNS:0.49130495619925624
CE_PAWNWEAKNESSES:0.524595872246374
CE_PIECEACTIVITY:0.51177665996301
CE_KINGPAWNSHIELD:0.5303433059152926
CE_PIECECOORDINATION:0.5037087652171106
CE_MATERIAL:0.507090747584549
CE_KINGSAFETY:0.4748408185377189
C_PIECESQUARETABLES:0.5303207307192971
C_MOBILITY:0.5519697684372862
C_KINGSAFETY:0.5047316388279699
C_PAWNSTRUCTURE:0.508764274170295
C_PIECECOORDINATION:0.5205287564826615
C_ROOKANDPAWNMOVEMENT:0.5205287564826615
C_CENTERCONTROL:0.5411739306131836
C_DEVELOPPIECES:0.49249148505625967
C_MATERIAL:0.5353827253942692
