ELO:969
CE_PASSEDPAWNS:0.5273032020428249
CE_PAWNWEAKNESSES:0.5600005364033481
CE_PIECEACTIVITY:0.3994861821691756
CE_KINGPAWNSHIELD:0.5517579627781369
CE_PIECECOORDINATION:0.46077134935586345
CE_MATERIAL:0.48723194901522393
CE_KINGSAFETY:0.4965224239140929
C_PIECESQUARETABLES:0.5336282922218492
C_MOBILITY:0.5497734715327957
C_KINGSAFETY:0.5204330384155317
C_PAWNSTRUCTURE:0.535705343740039
C_PIECECOORDINATION:0.5954340659653027
C_ROOKANDPAWNMOVEMENT:0.5954340659653027
C_CENTERCONTROL:0.4997601712218564
C_DEVELOPPIECES:0.3539072031689573
C_MATERIAL:0.5163968713898414
