ELO:1000
CE_PASSEDPAWNS:0.5
CE_PAWNWEAKNESSES:0.5076432462173508
CE_PIECEACTIVITY:0.5076915486266653
CE_KINGPAWNSHIELD:0.5194263675343955
CE_PIECECOORDINATION:0.4993213625715566
CE_MATERIAL:0.49854187866432964
CE_KINGSAFETY:0.48444335279961426
C_PIECESQUARETABLES:0.5249964402071633
C_MOBILITY:0.5025553365739118
C_KINGSAFETY:0.5069044264711278
C_PAWNSTRUCTURE:0.4997187534329873
C_PIECECOORDINATION:0.504270936579481
C_ROOKANDPAWNMOVEMENT:0.504270936579481
C_CENTERCONTROL:0.5113352518273236
C_DEVELOPPIECES:0.4855549628714273
C_MATERIAL:0.5023976747086534
