ELO:960
CE_PASSEDPAWNS:0.5470324692420055
CE_PAWNWEAKNESSES:0.4715516354795847
CE_PIECEACTIVITY:0.37733819398005003
CE_KINGPAWNSHIELD:0.5231470371044412
CE_PIECECOORDINATION:0.4572059078312437
CE_MATERIAL:0.5377634262252995
CE_KINGSAFETY:0.49824697978573806
C_PIECESQUARETABLES:0.48726191898908894
C_MOBILITY:0.5118609254057587
C_KINGSAFETY:0.44630330812477664
C_PAWNSTRUCTURE:0.5099913694340742
C_PIECECOORDINATION:0.6079026801932036
C_ROOKANDPAWNMOVEMENT:0.6079026801932036
C_CENTERCONTROL:0.4776179968636212
C_DEVELOPPIECES:0.3894493665465893
C_MATERIAL:0.5220435291194052
