ELO:886
CE_PASSEDPAWNS:0.4780900477885102
CE_PAWNWEAKNESSES:0.5010466188966415
CE_PIECEACTIVITY:0.5236658990580988
CE_KINGPAWNSHIELD:0.4929839541075571
CE_PIECECOORDINATION:0.5146567677361854
CE_MATERIAL:0.5308935500619821
CE_KINGSAFETY:0.49461516587761195
C_PIECESQUARETABLES:0.5
C_MOBILITY:0.5081737524351575
C_KINGSAFETY:0.4980375175119029
C_PAWNSTRUCTURE:0.5196993768910658
C_PIECECOORDINATION:0.4921779087191507
C_ROOK:0.5267522439014682
CE_ROOK:0.4853756533727177
C_CENTERCONTROL:0.5564432785662171
C_DEVELOPPIECES:0.46561294464273795
C_MATERIAL:0.5073351796402483
C_MOVECOUNT:0.5719002497421806
C_PAWNMOVEMENT:0.4953622979000249
