ELO:1000
CE_PASSEDPAWNS:0.4942757541843262
CE_PAWNWEAKNESSES:0.5072700158035887
CE_PIECEACTIVITY:0.5100867059765781
CE_KINGPAWNSHIELD:0.5264826346861256
CE_PIECECOORDINATION:0.4954491875336664
CE_MATERIAL:0.500769577078102
CE_KINGSAFETY:0.48167625191549185
C_PIECESQUARETABLES:0.5276112685998645
C_MOBILITY:0.5387544534193272
C_KINGSAFETY:0.4882887731987972
C_PAWNSTRUCTURE:0.49875706628599564
C_PIECECOORDINATION:0.4832873357885574
C_ROOKANDPAWNMOVEMENT:0.4832873357885574
C_CENTERCONTROL:0.5193507247947386
C_DEVELOPPIECES:0.5014970305420972
C_MATERIAL:0.5073466865464864
