ELO:662
CE_PASSEDPAWNS:0.4985240149798625
CE_PAWNWEAKNESSES:0.4553252960664834
CE_PIECEACTIVITY:0.49069362744135786
CE_KINGPAWNSHIELD:0.4518519534847359
CE_PIECECOORDINATION:0.4680727639268576
CE_MATERIAL:0.36965807340740003
CE_KINGSAFETY:0.49837155647622816
C_PIECESQUARETABLES:0.49716102811285945
C_MOBILITY:0.5448018892370774
C_KINGSAFETY:0.44909938794741655
C_PAWNSTRUCTURE:0.4958144737583038
C_PIECECOORDINATION:0.5047553694423662
C_ROOKANDPAWNMOVEMENT:0.5047553694423662
C_CENTERCONTROL:0.39262681235963925
C_DEVELOPPIECES:0.4885890698291466
C_MATERIAL:0.5221106207487476
C_MOVECOUNT:0.4746968264811561
