ELO:901
CE_PASSEDPAWNS:0.4563803737739503
CE_PAWNWEAKNESSES:0.5721375374801478
CE_PIECEACTIVITY:0.5158490800373272
CE_KINGPAWNSHIELD:0.4732148502718799
CE_PIECECOORDINATION:0.5048415566178939
CE_MATERIAL:0.5037946155163538
CE_KINGSAFETY:0.5039659795196788
C_PIECESQUARETABLES:0.5186561917977555
C_MOBILITY:0.5135384806168248
C_KINGSAFETY:0.5240758571400824
C_PAWNSTRUCTURE:0.55034180440518
C_PIECECOORDINATION:0.5152404061422189
C_ROOKANDPAWNMOVEMENT:0.5152404061422189
C_CENTERCONTROL:0.49899833182293135
C_DEVELOPPIECES:0.5205746499733517
C_MATERIAL:0.47421999775184137
C_MOVECOUNT:0.5524747144741392
