ELO:1000
CE_PASSEDPAWNS:0.5234907277348073
CE_PAWNWEAKNESSES:0.5364226297645057
CE_PIECEACTIVITY:0.49751350425398305
CE_KINGPAWNSHIELD:0.5454410008382842
CE_PIECECOORDINATION:0.5043525227297451
CE_MATERIAL:0.4892481632364655
CE_KINGSAFETY:0.4624251795448148
C_PIECESQUARETABLES:0.4830108722365795
C_MOBILITY:0.4886458270886573
C_KINGSAFETY:0.47984061718416177
C_PAWNSTRUCTURE:0.5161167533493851
C_PIECECOORDINATION:0.5016594912111677
C_ROOKANDPAWNMOVEMENT:0.5016594912111677
C_CENTERCONTROL:0.4872016989509549
C_DEVELOPPIECES:0.5129051223182814
C_MATERIAL:0.5436543785180121
