ELO:1020
CE_PASSEDPAWNS:0.5019896061856246
CE_PAWNWEAKNESSES:0.5015034553553366
CE_PIECEACTIVITY:0.5110273299206138
CE_KINGPAWNSHIELD:0.5051865022381602
CE_PIECECOORDINATION:0.5
CE_MATERIAL:0.5
CE_KINGSAFETY:0.5
C_PIECESQUARETABLES:0.4953390663214226
C_MOBILITY:0.5
C_KINGSAFETY:0.5088370260498759
C_PAWNSTRUCTURE:0.5
C_PIECECOORDINATION:0.5
C_ROOKANDPAWNMOVEMENT:0.5
C_CENTERCONTROL:0.5
C_DEVELOPPIECES:0.5
C_MATERIAL:0.5
C_MOVECOUNT:0.5021248924508496
