ELO:873
CE_PASSEDPAWNS:0.47993583069855167
CE_PAWNWEAKNESSES:0.49567605890669836
CE_PIECEACTIVITY:0.5259881442046119
CE_KINGPAWNSHIELD:0.5070542050047772
CE_PIECECOORDINATION:0.5315534091272366
CE_MATERIAL:0.5087826437688704
CE_KINGSAFETY:0.5047436204217698
C_PIECESQUARETABLES:0.47402102346923836
C_MOBILITY:0.5347187744946859
C_KINGSAFETY:0.49823765441515694
C_PAWNSTRUCTURE:0.5206780783472679
C_PIECECOORDINATION:0.48434620137373813
C_ROOK:0.5199046617355578
CE_ROOK:0.4361426780658291
C_CENTERCONTROL:0.5504963597671583
C_DEVELOPPIECES:0.4835886301609693
C_MATERIAL:0.519557002183907
C_MOVECOUNT:0.5665531577784112
C_PAWNMOVEMENT:0.48208482950396525
