ELO:1005
CE_PASSEDPAWNS:0.5125540340645126
CE_PAWNWEAKNESSES:0.5
CE_PIECEACTIVITY:0.5
CE_KINGPAWNSHIELD:0.5095734549071415
CE_PIECECOORDINATION:0.49186949783803563
CE_MATERIAL:0.4887262867496522
CE_KINGSAFETY:0.5152765996822516
C_PIECESQUARETABLES:0.5
C_MOBILITY:0.48469986447742847
C_KINGSAFETY:0.4923753125301518
C_PAWNSTRUCTURE:0.508596931567696
C_PIECECOORDINATION:0.4793028802737635
C_ROOKANDPAWNMOVEMENT:0.4793028802737635
C_CENTERCONTROL:0.5067545249835239
C_DEVELOPPIECES:0.4904940586379896
C_MATERIAL:0.49295850808944364
C_MOVECOUNT:0.5026399226358235
