ELO:943
CE_PASSEDPAWNS:0.500754868759714
CE_PAWNWEAKNESSES:0.4813499412450421
CE_PIECEACTIVITY:0.5272499004562793
CE_KINGPAWNSHIELD:0.5358957210772828
CE_PIECECOORDINATION:0.41466538861140045
CE_MATERIAL:0.5049338363622284
CE_KINGSAFETY:0.49745628172451994
C_PIECESQUARETABLES:0.4836722102918529
C_MOBILITY:0.5334792845554928
C_KINGSAFETY:0.4866537258967815
C_PAWNSTRUCTURE:0.4664569012062855
C_PIECECOORDINATION:0.4609851642509523
C_ROOKANDPAWNMOVEMENT:0.4609851642509523
C_CENTERCONTROL:0.4868436836027548
C_DEVELOPPIECES:0.5567416500997321
C_MATERIAL:0.47883907162818157
C_MOVECOUNT:0.5
