ELO:1050
CE_PASSEDPAWNS:0.5080804410898568
CE_PAWNWEAKNESSES:0.4979372910779456
CE_PIECEACTIVITY:0.5084626830390246
CE_KINGPAWNSHIELD:0.5
CE_PIECECOORDINATION:0.5
CE_MATERIAL:0.5
CE_KINGSAFETY:0.5
C_PIECESQUARETABLES:0.5110389044381409
C_MOBILITY:0.4982738417425378
C_KINGSAFETY:0.5
C_PAWNSTRUCTURE:0.49904733053828715
C_PIECECOORDINATION:0.5032936953467456
C_ROOKANDPAWNMOVEMENT:0.5032936953467456
C_CENTERCONTROL:0.508314737900746
C_DEVELOPPIECES:0.5150143352978972
C_MATERIAL:0.5
