ELO:1046
CE_PASSEDPAWNS:0.48905406708678256
CE_PAWNWEAKNESSES:0.4975658013219774
CE_PIECEACTIVITY:0.48768894621917636
CE_KINGPAWNSHIELD:0.503864756932093
CE_PIECECOORDINATION:0.5
CE_MATERIAL:0.491512452500783
CE_KINGSAFETY:0.49581962127275414
C_PIECESQUARETABLES:0.5
C_MOBILITY:0.47065569814568675
C_KINGSAFETY:0.5086464815989599
C_PAWNSTRUCTURE:0.4995442801466633
C_PIECECOORDINATION:0.5041266525024385
C_ROOKANDPAWNMOVEMENT:0.5041266525024385
C_CENTERCONTROL:0.5113791251791949
C_DEVELOPPIECES:0.5450340475134886
C_MATERIAL:0.5176170266431813
