ELO:1000
CE_PASSEDPAWNS:0.5244432229696625
CE_PAWNWEAKNESSES:0.5163667777056509
CE_PIECEACTIVITY:0.5190669804030734
CE_KINGPAWNSHIELD:0.5370604018667132
CE_PIECECOORDINATION:0.5189943262906279
CE_MATERIAL:0.49842664205990606
CE_KINGSAFETY:0.46796478647295353
C_PIECESQUARETABLES:0.4781810565960371
C_MOBILITY:0.49943726416189815
C_KINGSAFETY:0.4851079407859126
C_PAWNSTRUCTURE:0.49641833918742245
C_PIECECOORDINATION:0.472311487467039
C_ROOKANDPAWNMOVEMENT:0.472311487467039
C_CENTERCONTROL:0.5023020382072511
C_DEVELOPPIECES:0.5270452939094316
C_MATERIAL:0.5291595584553787
