ELO:880
CE_PASSEDPAWNS:0.4920427319755604
CE_PAWNWEAKNESSES:0.4865732637396921
CE_PIECEACTIVITY:0.5259881442046119
CE_KINGPAWNSHIELD:0.5044190287154121
CE_PIECECOORDINATION:0.5362522665532323
CE_MATERIAL:0.5215079775276935
CE_KINGSAFETY:0.49886750349050285
C_PIECESQUARETABLES:0.5
C_MOBILITY:0.5149111518381885
C_KINGSAFETY:0.4914697206511359
C_PAWNSTRUCTURE:0.5206780783472679
C_PIECECOORDINATION:0.4842156673143536
C_ROOK:0.5199046617355578
CE_ROOK:0.45641727755024564
C_CENTERCONTROL:0.5568771737338443
C_DEVELOPPIECES:0.47588550399819074
C_MATERIAL:0.5104159362840884
C_MOVECOUNT:0.5530874425627004
C_PAWNMOVEMENT:0.49745748692848396
