ELO:931
CE_PASSEDPAWNS:0.5207343601063805
CE_PAWNWEAKNESSES:0.44957192495489634
CE_PIECEACTIVITY:0.4913177206490739
CE_KINGPAWNSHIELD:0.5413258188266257
CE_PIECECOORDINATION:0.5304382467064983
CE_MATERIAL:0.44336384448683286
CE_KINGSAFETY:0.5061945984949421
C_PIECESQUARETABLES:0.4976477707183621
C_MOBILITY:0.41574547212064883
C_KINGSAFETY:0.43098940862000806
C_PAWNSTRUCTURE:0.5241078367477094
C_PIECECOORDINATION:0.4067026151843069
C_ROOKANDPAWNMOVEMENT:0.4067026151843069
C_CENTERCONTROL:0.5297430786855357
C_DEVELOPPIECES:0.507722864188245
C_MATERIAL:0.5549598287692042
