ELO:859
CE_PASSEDPAWNS:0.4670433548681057
CE_PAWNWEAKNESSES:0.4873553961843523
CE_PIECEACTIVITY:0.4865370141211656
CE_KINGPAWNSHIELD:0.5209603152862795
CE_PIECECOORDINATION:0.5129516433245165
CE_MATERIAL:0.48669401375022997
CE_KINGSAFETY:0.46946338186777237
C_PIECESQUARETABLES:0.5068106630011973
C_MOBILITY:0.5201222925725474
C_KINGSAFETY:0.4926518392177868
C_PAWNSTRUCTURE:0.5201263260835572
C_PIECECOORDINATION:0.5018831731492309
C_ROOK:0.4847922299380762
CE_ROOK:0.5062264829812972
C_CENTERCONTROL:0.4865502665899686
C_DEVELOPPIECES:0.42898254880379594
C_MATERIAL:0.49365478032936655
C_MOVECOUNT:0.4984369432498129
C_PAWNMOVEMENT:0.4876883413871158
