ELO:1000
CE_PASSEDPAWNS:0.4898721115406043
CE_PAWNWEAKNESSES:0.49907421578393596
CE_PIECEACTIVITY:0.49222620360031466
CE_KINGPAWNSHIELD:0.5044153231539659
CE_PIECECOORDINATION:0.5166503470464124
CE_MATERIAL:0.48408135842893735
CE_KINGSAFETY:0.5109321729319697
C_PIECESQUARETABLES:0.4927594547145166
C_MOBILITY:0.5165773659129322
C_KINGSAFETY:0.492484530756084
C_PAWNSTRUCTURE:0.49341724595945663
C_PIECECOORDINATION:0.5
C_ROOKANDPAWNMOVEMENT:0.5
C_CENTERCONTROL:0.5258107743831644
C_DEVELOPPIECES:0.5
C_MATERIAL:0.4879506167665083
