ELO:989
CE_PASSEDPAWNS:0.453056651016626
CE_PAWNWEAKNESSES:0.430304945443574
CE_PIECEACTIVITY:0.48895927536854566
CE_KINGPAWNSHIELD:0.51555478133741
CE_PIECECOORDINATION:0.5340019941455325
CE_MATERIAL:0.47615191814658375
CE_KINGSAFETY:0.5185320422021481
C_PIECESQUARETABLES:0.5012771510317753
C_MOBILITY:0.5075601430037644
C_KINGSAFETY:0.5095674534950182
C_PAWNSTRUCTURE:0.5421844112672626
C_PIECECOORDINATION:0.5477592317059596
C_ROOKANDPAWNMOVEMENT:0.5477592317059596
C_CENTERCONTROL:0.5394647652340723
C_DEVELOPPIECES:0.4907171055826844
C_MATERIAL:0.43494333511129957
