ELO:902
CE_PASSEDPAWNS:0.46326110244178176
CE_PAWNWEAKNESSES:0.5308379805469714
CE_PIECEACTIVITY:0.5875073517158178
CE_KINGPAWNSHIELD:0.48063947727986517
CE_PIECECOORDINATION:0.5292932210851071
CE_MATERIAL:0.5354667004496123
CE_KINGSAFETY:0.509073934941261
C_PIECESQUARETABLES:0.4966929108766455
C_MOBILITY:0.5232626410273061
C_KINGSAFETY:0.4981015218939568
C_PAWNSTRUCTURE:0.46231937676208595
C_PIECECOORDINATION:0.4828277406075321
C_ROOKANDPAWNMOVEMENT:0.4828277406075321
C_CENTERCONTROL:0.497813723046631
C_DEVELOPPIECES:0.506573709205037
C_MATERIAL:0.5177666871723988
C_MOVECOUNT:0.5
