ELO:808
CE_PASSEDPAWNS:0.4915474534122463
CE_PAWNWEAKNESSES:0.5516468051923176
CE_PIECEACTIVITY:0.5453913095051406
CE_KINGPAWNSHIELD:0.49969985738182937
CE_PIECECOORDINATION:0.4715495099569996
CE_MATERIAL:0.48560821198104004
CE_KINGSAFETY:0.4778851652655266
C_PIECESQUARETABLES:0.48348852830427674
C_MOBILITY:0.43127236381574463
C_KINGSAFETY:0.4800047101808221
C_PAWNSTRUCTURE:0.5368484841753914
C_PIECECOORDINATION:0.524935907334785
C_ROOKANDPAWNMOVEMENT:0.524935907334785
C_CENTERCONTROL:0.5334483055775373
C_DEVELOPPIECES:0.5732198436291015
C_MATERIAL:0.49266631226261204
C_MOVECOUNT:0.5
