ELO:970
CE_PASSEDPAWNS:0.5036307878868111
CE_PAWNWEAKNESSES:0.5033107779128823
CE_PIECEACTIVITY:0.495551405086894
CE_KINGPAWNSHIELD:0.5245066822061074
CE_PIECECOORDINATION:0.49848424458628354
CE_MATERIAL:0.5379769975753594
CE_KINGSAFETY:0.5037061711931549
C_PIECESQUARETABLES:0.5
C_MOBILITY:0.5142103127855799
C_KINGSAFETY:0.5635575623002018
C_PAWNSTRUCTURE:0.547883678180072
C_PIECECOORDINATION:0.5236351270499157
C_ROOK:0.5003318912012706
CE_ROOK:0.504678481729518
C_CENTERCONTROL:0.47132817856933606
C_DEVELOPPIECES:0.47329110617539927
C_MATERIAL:0.5280605361904379
C_MOVECOUNT:0.5175239607570739
C_PAWNMOVEMENT:0.4956368333243179
