ELO:972
CE_PASSEDPAWNS:0.37595641904516447
CE_PAWNWEAKNESSES:0.496279646873125
CE_PIECEACTIVITY:0.413715248022621
CE_KINGPAWNSHIELD:0.5061850682313026
CE_PIECECOORDINATION:0.5710025274625049
CE_MATERIAL:0.5843551573966062
CE_KINGSAFETY:0.5
C_PIECESQUARETABLES:0.5
C_MOBILITY:0.5525895087910245
C_KINGSAFETY:0.42170792839764565
C_PAWNSTRUCTURE:0.5473974818694146
C_PIECECOORDINATION:0.5114459557749252
C_ROOKANDPAWNMOVEMENT:0.5114459557749252
C_CENTERCONTROL:0.5844834313667334
C_DEVELOPPIECES:0.5432403653052458
C_MATERIAL:0.44933067678964855
