ELO:934
CE_PASSEDPAWNS:0.497872373528004
CE_PAWNWEAKNESSES:0.522887791119146
CE_PIECEACTIVITY:0.5047823958127556
CE_KINGPAWNSHIELD:0.4932415389727255
CE_PIECECOORDINATION:0.5163719742019534
CE_MATERIAL:0.5150333811096728
CE_KINGSAFETY:0.5216260963329308
C_PIECESQUARETABLES:0.5148590433310166
C_MOBILITY:0.5143869588060197
C_KINGSAFETY:0.5179466721673887
C_PAWNSTRUCTURE:0.43888430879705803
C_PIECECOORDINATION:0.488254614123517
C_ROOKANDPAWNMOVEMENT:0.488254614123517
C_CENTERCONTROL:0.5090376967766814
C_DEVELOPPIECES:0.5011399123286372
C_MATERIAL:0.5123304519929935
C_MOVECOUNT:0.506016983951599
