ELO:986
CE_PASSEDPAWNS:0.5
CE_PAWNWEAKNESSES:0.48493001463157726
CE_PIECEACTIVITY:0.5127294950456465
CE_KINGPAWNSHIELD:0.49267084915133097
CE_PIECECOORDINATION:0.5021086698637148
CE_MATERIAL:0.48439982368698187
CE_KINGSAFETY:0.5010070113813477
C_PIECESQUARETABLES:0.490199646038482
C_MOBILITY:0.5158835630723195
C_KINGSAFETY:0.5
C_PAWNSTRUCTURE:0.5136733808810588
C_PIECECOORDINATION:0.5107009776968439
C_ROOK:0.4880423116386038
CE_ROOK:0.4937158336717788
C_CENTERCONTROL:0.4944949620064489
C_DEVELOPPIECES:0.4874675579330301
C_MATERIAL:0.4918462686237072
C_MOVECOUNT:0.49479436530080856
C_PAWNMOVEMENT:0.5121142120166469
