ELO:1000
CE_PASSEDPAWNS:0.465527498668532
CE_PAWNWEAKNESSES:0.4664901603753804
CE_PIECEACTIVITY:0.4697239468770081
CE_KINGPAWNSHIELD:0.4949383170696562
CE_PIECECOORDINATION:0.5396164443012437
CE_MATERIAL:0.4972296131300858
CE_KINGSAFETY:0.4898530870225846
C_PIECESQUARETABLES:0.4866660320465298
C_MOBILITY:0.4995284831166686
C_KINGSAFETY:0.47459535390784735
C_PAWNSTRUCTURE:0.5013620660138903
C_PIECECOORDINATION:0.4974324678769072
C_ROOKANDPAWNMOVEMENT:0.4974324678769072
C_CENTERCONTROL:0.5380991781243866
C_DEVELOPPIECES:0.4851717026527008
C_MATERIAL:0.4957602276360229
