ELO:919
CE_PASSEDPAWNS:0.5030972381018965
CE_PAWNWEAKNESSES:0.48696393241299163
CE_PIECEACTIVITY:0.5364655254057291
CE_KINGPAWNSHIELD:0.5185674806530363
CE_PIECECOORDINATION:0.526192350425235
CE_MATERIAL:0.47697964723614933
CE_KINGSAFETY:0.5
C_PIECESQUARETABLES:0.5
C_MOBILITY:0.493815828012189
C_KINGSAFETY:0.5650347273976034
C_PAWNSTRUCTURE:0.5085686959911949
C_PIECECOORDINATION:0.49657058002488585
C_ROOK:0.4964771594300612
CE_ROOK:0.5265039473108843
C_CENTERCONTROL:0.49609903400187233
C_DEVELOPPIECES:0.49870829096553204
C_MATERIAL:0.4932152397137198
C_MOVECOUNT:0.550791749945047
C_PAWNMOVEMENT:0.48213197890439435
