ELO:953
CE_PASSEDPAWNS:0.3903778224473538
CE_PAWNWEAKNESSES:0.5282273032016763
CE_PIECEACTIVITY:0.3786476167675204
CE_KINGPAWNSHIELD:0.5513230087828282
CE_PIECECOORDINATION:0.5363136641571813
CE_MATERIAL:0.5048758530135007
CE_KINGSAFETY:0.5604428696011406
C_PIECESQUARETABLES:0.48365152370336845
C_MOBILITY:0.602071955075998
C_KINGSAFETY:0.3981933104701801
C_PAWNSTRUCTURE:0.5239558620322019
C_PIECECOORDINATION:0.5177889942355774
C_ROOKANDPAWNMOVEMENT:0.5177889942355774
C_CENTERCONTROL:0.5443704379897156
C_DEVELOPPIECES:0.5583186564158255
C_MATERIAL:0.40901807985686084
