ELO:990
CE_PASSEDPAWNS:0.39792981371987557
CE_PAWNWEAKNESSES:0.4354045387636327
CE_PIECEACTIVITY:0.5164326744562877
CE_KINGPAWNSHIELD:0.4969112771905379
CE_PIECECOORDINATION:0.6202520467746847
CE_MATERIAL:0.4003186987170884
CE_KINGSAFETY:0.4869406493412071
C_PIECESQUARETABLES:0.4997673282222353
C_MOBILITY:0.6106431556756368
C_KINGSAFETY:0.5747344419205631
C_PAWNSTRUCTURE:0.6160521100857985
C_PIECECOORDINATION:0.6014267109185548
C_ROOKANDPAWNMOVEMENT:0.6014267109185548
C_CENTERCONTROL:0.38880677145601744
C_DEVELOPPIECES:0.5641663195083056
C_MATERIAL:0.5887160478239302
