ELO:960
CE_PASSEDPAWNS:0.4952340679702765
CE_PAWNWEAKNESSES:0.4955224654505868
CE_PIECEACTIVITY:0.5
CE_KINGPAWNSHIELD:0.5096927747418473
CE_PIECECOORDINATION:0.502767425240516
CE_MATERIAL:0.49605551653363356
CE_KINGSAFETY:0.5277354519776125
C_PIECESQUARETABLES:0.501227868700828
C_MOBILITY:0.4841856421059628
C_KINGSAFETY:0.5100933713143927
C_PAWNSTRUCTURE:0.5029553937378791
C_PIECECOORDINATION:0.5020399805313285
C_ROOKANDPAWNMOVEMENT:0.5020399805313285
C_CENTERCONTROL:0.49392286816727365
C_DEVELOPPIECES:0.47978024968686367
C_MATERIAL:0.5057707232494834
