ELO:998
CE_PASSEDPAWNS:0.5156839845540195
CE_PAWNWEAKNESSES:0.45435529719210543
CE_PIECEACTIVITY:0.4408242426236676
CE_KINGPAWNSHIELD:0.5427610847414537
CE_PIECECOORDINATION:0.6092782055877115
CE_MATERIAL:0.5032320733490845
CE_KINGSAFETY:0.5
C_PIECESQUARETABLES:0.5
C_MOBILITY:0.5678409596762424
C_KINGSAFETY:0.42307335860611067
C_PAWNSTRUCTURE:0.5461055495356145
C_PIECECOORDINATION:0.5999716532573657
C_ROOKANDPAWNMOVEMENT:0.5999716532573657
C_CENTERCONTROL:0.5482880801453185
C_DEVELOPPIECES:0.42191628610639176
C_MATERIAL:0.6298293734651538
