ELO:962
CE_PASSEDPAWNS:0.48617304197541017
CE_PAWNWEAKNESSES:0.5
CE_PIECEACTIVITY:0.5
CE_KINGPAWNSHIELD:0.4905528202594517
CE_PIECECOORDINATION:0.4833807582859866
CE_MATERIAL:0.5057336554937988
CE_KINGSAFETY:0.5
C_PIECESQUARETABLES:0.5
C_MOBILITY:0.514827691410481
C_KINGSAFETY:0.49782934937952916
C_PAWNSTRUCTURE:0.4898998036864588
C_PIECECOORDINATION:0.47467477644908795
C_ROOKANDPAWNMOVEMENT:0.47467477644908795
C_CENTERCONTROL:0.5085122657702377
C_DEVELOPPIECES:0.4999282600817773
C_MATERIAL:0.5146780710460334
C_MOVECOUNT:0.5
