ELO:924
CE_PASSEDPAWNS:0.40773737359136547
CE_PAWNWEAKNESSES:0.45560133825894045
CE_PIECEACTIVITY:0.4544906872879366
CE_KINGPAWNSHIELD:0.5122378736157589
CE_PIECECOORDINATION:0.5893697448596852
CE_MATERIAL:0.5450329815680921
CE_KINGSAFETY:0.5143346970528787
C_PIECESQUARETABLES:0.46428518351415377
C_MOBILITY:0.5450295046827522
C_KINGSAFETY:0.420768973505746
C_PAWNSTRUCTURE:0.5515722634893855
C_PIECECOORDINATION:0.5117108415651903
C_ROOKANDPAWNMOVEMENT:0.5117108415651903
C_CENTERCONTROL:0.5808693318094894
C_DEVELOPPIECES:0.5433999536199883
C_MATERIAL:0.44113760557663156
