ELO:1002
CE_PASSEDPAWNS:0.5013841956003886
CE_PAWNWEAKNESSES:0.5150142374402799
CE_PIECEACTIVITY:0.47944752588733186
CE_KINGPAWNSHIELD:0.5062007255974819
CE_PIECECOORDINATION:0.5001979729309316
CE_MATERIAL:0.49767013286329365
CE_KINGSAFETY:0.5
C_PIECESQUARETABLES:0.4998937834658769
C_MOBILITY:0.5033726173534028
C_KINGSAFETY:0.47375262664753465
C_PAWNSTRUCTURE:0.5108865660115669
C_PIECECOORDINATION:0.5002412488931667
C_ROOK:0.5203682825210495
CE_ROOK:0.44738901578751117
C_CENTERCONTROL:0.5401936985897855
C_DEVELOPPIECES:0.5251478684453506
C_MATERIAL:0.4902835906017046
C_MOVECOUNT:0.5049088952505574
C_PAWNMOVEMENT:0.4989002699397569
