ELO:803
CE_PASSEDPAWNS:0.5070751756335667
CE_PAWNWEAKNESSES:0.597713016570912
CE_PIECEACTIVITY:0.534478862507843
CE_KINGPAWNSHIELD:0.525861429590846
CE_PIECECOORDINATION:0.4967799552361456
CE_MATERIAL:0.4676910815683772
CE_KINGSAFETY:0.438982060372074
C_PIECESQUARETABLES:0.5082253176659911
C_MOBILITY:0.4088034256364913
C_KINGSAFETY:0.44697614396079954
C_PAWNSTRUCTURE:0.5240474795002669
C_PIECECOORDINATION:0.5128526240696654
C_ROOKANDPAWNMOVEMENT:0.5128526240696654
C_CENTERCONTROL:0.536759628032131
C_DEVELOPPIECES:0.5258387765375752
C_MATERIAL:0.5012091317705275
C_MOVECOUNT:0.5
