ELO:966
CE_PASSEDPAWNS:0.3926696312897686
CE_PAWNWEAKNESSES:0.4912037537410177
CE_PIECEACTIVITY:0.4254871684258439
CE_KINGPAWNSHIELD:0.507017510904336
CE_PIECECOORDINATION:0.5503596262302766
CE_MATERIAL:0.5702934740961341
CE_KINGSAFETY:0.5
C_PIECESQUARETABLES:0.5027342742142686
C_MOBILITY:0.572217894263353
C_KINGSAFETY:0.42062894680104096
C_PAWNSTRUCTURE:0.5550428971437606
C_PIECECOORDINATION:0.5224215603865727
C_ROOKANDPAWNMOVEMENT:0.5224215603865727
C_CENTERCONTROL:0.5681993023447264
C_DEVELOPPIECES:0.5432403653052458
C_MATERIAL:0.4363995026319142
