ELO:1030
CE_PASSEDPAWNS:0.5044796050536646
CE_PAWNWEAKNESSES:0.5
CE_PIECEACTIVITY:0.5
CE_KINGPAWNSHIELD:0.5
CE_PIECECOORDINATION:0.5
CE_MATERIAL:0.5
CE_KINGSAFETY:0.5
C_PIECESQUARETABLES:0.5
C_MOBILITY:0.498628094054593
C_KINGSAFETY:0.5
C_PAWNSTRUCTURE:0.5105402118447838
C_PIECECOORDINATION:0.5206880657465078
C_ROOKANDPAWNMOVEMENT:0.5206880657465078
C_CENTERCONTROL:0.5
C_DEVELOPPIECES:0.507116843533017
C_MATERIAL:0.5028773643631976
C_MOVECOUNT:0.49617049408750574
