ELO:1026
CE_PASSEDPAWNS:0.505371987852111
CE_PAWNWEAKNESSES:0.5013115473310489
CE_PIECEACTIVITY:0.5
CE_KINGPAWNSHIELD:0.5
CE_PIECECOORDINATION:0.5077023166078048
CE_MATERIAL:0.4880606848403743
CE_KINGSAFETY:0.5041243660855328
C_PIECESQUARETABLES:0.5
C_MOBILITY:0.5
C_KINGSAFETY:0.5
C_PAWNSTRUCTURE:0.5021216682991002
C_PIECECOORDINATION:0.4822617556748793
C_ROOKANDPAWNMOVEMENT:0.4822617556748793
C_CENTERCONTROL:0.5
C_DEVELOPPIECES:0.5028598479655322
C_MATERIAL:0.4853321103787588
C_MOVECOUNT:0.5067811629662807
