ELO:980
CE_PASSEDPAWNS:0.461203850023747
CE_PAWNWEAKNESSES:0.5127737781517616
CE_PIECEACTIVITY:0.4594293321579702
CE_KINGPAWNSHIELD:0.5148008513033554
CE_PIECECOORDINATION:0.5653690539292581
CE_MATERIAL:0.4571076208507398
CE_KINGSAFETY:0.5112698007026314
C_PIECESQUARETABLES:0.4863284369628168
C_MOBILITY:0.3745087195501465
C_KINGSAFETY:0.4430299795138346
C_PAWNSTRUCTURE:0.5160957894267799
C_PIECECOORDINATION:0.4424803321919481
C_ROOKANDPAWNMOVEMENT:0.4424803321919481
C_CENTERCONTROL:0.5109903860462837
C_DEVELOPPIECES:0.5299606508263193
C_MATERIAL:0.5187076462484927
