ELO:928
CE_PASSEDPAWNS:0.504777823835776
CE_PAWNWEAKNESSES:0.42356876656132725
CE_PIECEACTIVITY:0.4867422829556324
CE_KINGPAWNSHIELD:0.5503490458062213
CE_PIECECOORDINATION:0.5148010213982249
CE_MATERIAL:0.501763539514291
CE_KINGSAFETY:0.540482374688106
C_PIECESQUARETABLES:0.4976412313456129
C_MOBILITY:0.49355794312772644
C_KINGSAFETY:0.5323272270987337
C_PAWNSTRUCTURE:0.47039105442368573
C_PIECECOORDINATION:0.5560483900090266
C_ROOKANDPAWNMOVEMENT:0.5560483900090266
C_CENTERCONTROL:0.5495467059372053
C_DEVELOPPIECES:0.5188389236660538
C_MATERIAL:0.5021748700148119
C_MOVECOUNT:0.5834389864814935
