ELO:987
CE_PASSEDPAWNS:0.44639831808299263
CE_PAWNWEAKNESSES:0.5121307428620395
CE_PIECEACTIVITY:0.45518144841683744
CE_KINGPAWNSHIELD:0.5233345931602329
CE_PIECECOORDINATION:0.5698665805326091
CE_MATERIAL:0.47393850810473537
CE_KINGSAFETY:0.49799953125380125
C_PIECESQUARETABLES:0.49093701269904433
C_MOBILITY:0.3871195810378525
C_KINGSAFETY:0.4534434441869155
C_PAWNSTRUCTURE:0.5397925755562594
C_PIECECOORDINATION:0.4328445708975931
C_ROOKANDPAWNMOVEMENT:0.4328445708975931
C_CENTERCONTROL:0.5073025521478526
C_DEVELOPPIECES:0.538452324029617
C_MATERIAL:0.5250829133596743
