ELO:988
CE_PASSEDPAWNS:0.46364776501618243
CE_PAWNWEAKNESSES:0.43466969253049326
CE_PIECEACTIVITY:0.4960247733074213
CE_KINGPAWNSHIELD:0.5237052381610359
CE_PIECECOORDINATION:0.5204847026038838
CE_MATERIAL:0.4765334815738534
CE_KINGSAFETY:0.509351646943519
C_PIECESQUARETABLES:0.5067680698731877
C_MOBILITY:0.5148873379508327
C_KINGSAFETY:0.5197808513094252
C_PAWNSTRUCTURE:0.5255138614662446
C_PIECECOORDINATION:0.5314119798872444
C_ROOKANDPAWNMOVEMENT:0.5314119798872444
C_CENTERCONTROL:0.5439671972940944
C_DEVELOPPIECES:0.4904181869407067
C_MATERIAL:0.44602876178618855
