ELO:872
CE_PASSEDPAWNS:0.4790393240506752
CE_PAWNWEAKNESSES:0.5064152732472834
CE_PIECEACTIVITY:0.5131265658353061
CE_KINGPAWNSHIELD:0.5160690763310903
CE_PIECECOORDINATION:0.5047985273978383
CE_MATERIAL:0.5155546900282734
CE_KINGSAFETY:0.5299473589773748
C_PIECESQUARETABLES:0.4620029192434144
C_MOBILITY:0.4781076262518535
C_KINGSAFETY:0.5439132610696393
C_PAWNSTRUCTURE:0.4507379569019048
C_PIECECOORDINATION:0.5578036631029072
C_ROOKANDPAWNMOVEMENT:0.5578036631029072
C_CENTERCONTROL:0.4874967580755625
C_DEVELOPPIECES:0.44494708427219937
C_MATERIAL:0.5093722452234907
