ELO:949
CE_PASSEDPAWNS:0.5017989860366369
CE_PAWNWEAKNESSES:0.5072247391818673
CE_PIECEACTIVITY:0.5067026073226455
CE_KINGPAWNSHIELD:0.5005921692507634
CE_PIECECOORDINATION:0.5057612326785126
CE_MATERIAL:0.5133654302916981
CE_KINGSAFETY:0.48138807710215864
C_PIECESQUARETABLES:0.521219306549777
C_MOBILITY:0.5057237335442485
C_KINGSAFETY:0.496958995750764
C_PAWNSTRUCTURE:0.5060736689569845
C_PIECECOORDINATION:0.5277116086312275
C_ROOKANDPAWNMOVEMENT:0.5277116086312275
C_CENTERCONTROL:0.495919178786247
C_DEVELOPPIECES:0.5033464156547901
C_MATERIAL:0.5009792353150225
C_MOVECOUNT:0.5
