ELO:981
CE_PASSEDPAWNS:0.5230718370494996
CE_PAWNWEAKNESSES:0.48260713146997686
CE_PIECEACTIVITY:0.5043163409532182
CE_KINGPAWNSHIELD:0.5157861703033618
CE_PIECECOORDINATION:0.43160416783816413
CE_MATERIAL:0.48561086033278567
CE_KINGSAFETY:0.5
C_PIECESQUARETABLES:0.5
C_MOBILITY:0.5450216864259249
C_KINGSAFETY:0.47410255362576315
C_PAWNSTRUCTURE:0.5136470644360726
C_PIECECOORDINATION:0.4679251370815648
C_ROOK:0.5518007708166158
CE_ROOK:0.464748098665756
C_CENTERCONTROL:0.5003922719660694
C_DEVELOPPIECES:0.5401877545173869
C_MATERIAL:0.49816118069663184
C_MOVECOUNT:0.5150415219549568
C_PAWNMOVEMENT:0.5070728644669963
