ELO:1047
CE_PASSEDPAWNS:0.5044796050536646
CE_PAWNWEAKNESSES:0.501691172677017
CE_PIECEACTIVITY:0.5015525592543811
CE_KINGPAWNSHIELD:0.5
CE_PIECECOORDINATION:0.47811150615804904
CE_MATERIAL:0.49916960548256745
CE_KINGSAFETY:0.5
C_PIECESQUARETABLES:0.5004616393387291
C_MOBILITY:0.5105316415079528
C_KINGSAFETY:0.4896389818524507
C_PAWNSTRUCTURE:0.5
C_PIECECOORDINATION:0.5
C_ROOKANDPAWNMOVEMENT:0.5
C_CENTERCONTROL:0.5051312416811972
C_DEVELOPPIECES:0.5063925784826925
C_MATERIAL:0.5024777307736905
C_MOVECOUNT:0.4903770416810901
