ELO:1000
CE_PASSEDPAWNS:0.4650760619598455
CE_PAWNWEAKNESSES:0.5184929655615731
CE_PIECEACTIVITY:0.491851103831978
CE_KINGPAWNSHIELD:0.5191681704313603
CE_PIECECOORDINATION:0.5623742347882162
CE_MATERIAL:0.533579500117869
CE_KINGSAFETY:0.5172167137121372
C_PIECESQUARETABLES:0.5171306628419896
C_MOBILITY:0.4470558157545368
C_KINGSAFETY:0.49229068960890565
C_PAWNSTRUCTURE:0.49408322988548253
C_PIECECOORDINATION:0.4494215706682597
C_ROOKANDPAWNMOVEMENT:0.4494215706682597
C_CENTERCONTROL:0.559626019318383
C_DEVELOPPIECES:0.5099350098893092
C_MATERIAL:0.4891802123591936
