ELO:983
CE_PASSEDPAWNS:0.5230718370494996
CE_PAWNWEAKNESSES:0.48260713146997686
CE_PIECEACTIVITY:0.4665845645048452
CE_KINGPAWNSHIELD:0.5157861703033618
CE_PIECECOORDINATION:0.5030658524628098
CE_MATERIAL:0.48561086033278567
CE_KINGSAFETY:0.5
C_PIECESQUARETABLES:0.5
C_MOBILITY:0.5450216864259249
C_KINGSAFETY:0.5450747541718185
C_PAWNSTRUCTURE:0.5139190083078994
C_PIECECOORDINATION:0.494348612893073
C_ROOK:0.49159342373065285
CE_ROOK:0.464748098665756
C_CENTERCONTROL:0.5003922719660694
C_DEVELOPPIECES:0.512663600673003
C_MATERIAL:0.48409382317216737
C_MOVECOUNT:0.5010167044727849
C_PAWNMOVEMENT:0.518687514686579
