ELO:936
CE_PASSEDPAWNS:0.5100198696995307
CE_PAWNWEAKNESSES:0.4408029848420169
CE_PIECEACTIVITY:0.4961019022041514
CE_KINGPAWNSHIELD:0.5248088489507265
CE_PIECECOORDINATION:0.5328894818374578
CE_MATERIAL:0.46668995748066344
CE_KINGSAFETY:0.5088233897180443
C_PIECESQUARETABLES:0.4954336399387064
C_MOBILITY:0.3970743473099828
C_KINGSAFETY:0.4429124883428539
C_PAWNSTRUCTURE:0.5275881425036651
C_PIECECOORDINATION:0.4263787626341683
C_ROOKANDPAWNMOVEMENT:0.4263787626341683
C_CENTERCONTROL:0.5092704642503041
C_DEVELOPPIECES:0.5068772927619069
C_MATERIAL:0.5357793655872696
