ELO:1005
CE_PASSEDPAWNS:0.5002057211965759
CE_PAWNWEAKNESSES:0.5
CE_PIECEACTIVITY:0.5
CE_KINGPAWNSHIELD:0.5105333219823304
CE_PIECECOORDINATION:0.49634401742949036
CE_MATERIAL:0.5
CE_KINGSAFETY:0.5
C_PIECESQUARETABLES:0.509183373875801
C_MOBILITY:0.5
C_KINGSAFETY:0.48884383351893707
C_PAWNSTRUCTURE:0.4977428129977437
C_PIECECOORDINATION:0.5
C_ROOKANDPAWNMOVEMENT:0.5
C_CENTERCONTROL:0.4937492547982144
C_DEVELOPPIECES:0.5089513454094832
C_MATERIAL:0.4925685683244397
C_MOVECOUNT:0.5003790961678134
