ELO:924
CE_PASSEDPAWNS:0.4156137608956992
CE_PAWNWEAKNESSES:0.45560133825894045
CE_PIECEACTIVITY:0.4544906872879366
CE_KINGPAWNSHIELD:0.5163798456787837
CE_PIECECOORDINATION:0.5893697448596852
CE_MATERIAL:0.5450329815680921
CE_KINGSAFETY:0.5157365039782006
C_PIECESQUARETABLES:0.4757174230920227
C_MOBILITY:0.5492821008225703
C_KINGSAFETY:0.4189205308781772
C_PAWNSTRUCTURE:0.542728163000922
C_PIECECOORDINATION:0.5117108415651903
C_ROOKANDPAWNMOVEMENT:0.5117108415651903
C_CENTERCONTROL:0.5808693318094894
C_DEVELOPPIECES:0.5433999536199883
C_MATERIAL:0.4520305358243254
