ELO:911
CE_PASSEDPAWNS:0.43504179695778517
CE_PAWNWEAKNESSES:0.5439278073631213
CE_PIECEACTIVITY:0.3620011434098007
CE_KINGPAWNSHIELD:0.5201222108405321
CE_PIECECOORDINATION:0.5528698152036443
CE_MATERIAL:0.5711526306705447
CE_KINGSAFETY:0.5107715195902474
C_PIECESQUARETABLES:0.49311237895005566
C_MOBILITY:0.5904031875657767
C_KINGSAFETY:0.40240494088136586
C_PAWNSTRUCTURE:0.5389600183778578
C_PIECECOORDINATION:0.5211083284295113
C_ROOKANDPAWNMOVEMENT:0.5211083284295113
C_CENTERCONTROL:0.5486458341118073
C_DEVELOPPIECES:0.5574983448021945
C_MATERIAL:0.4054960307200035
