ELO:1095
CE_PASSEDPAWNS:0.6492227975634001
CE_PAWNWEAKNESSES:0.43305832734096433
CE_PIECEACTIVITY:0.5821851165006883
CE_KINGPAWNSHIELD:0.48500318089643374
CE_PIECECOORDINATION:0.4688493700654886
CE_MATERIAL:0.47409777219873395
CE_KINGSAFETY:0.46161034157393493
C_PIECESQUARETABLES:0.4905989656285501
C_MOBILITY:0.40363737721361176
C_KINGSAFETY:0.5024355230871307
C_PAWNSTRUCTURE:0.40967058733771533
C_PIECECOORDINATION:0.5137857351780744
C_ROOKANDPAWNMOVEMENT:0.5137857351780744
C_CENTERCONTROL:0.587938549542802
C_DEVELOPPIECES:0.5670481675551875
C_MATERIAL:0.3829228004775647
