ELO:981
CE_PASSEDPAWNS:0.5485004661142113
CE_PAWNWEAKNESSES:0.4389541769811766
CE_PIECEACTIVITY:0.49109967578081604
CE_KINGPAWNSHIELD:0.5106520003315335
CE_PIECECOORDINATION:0.5801356730172262
CE_MATERIAL:0.535468753986263
CE_KINGSAFETY:0.4651637286926741
C_PIECESQUARETABLES:0.5045213175680182
C_MOBILITY:0.4085435941224075
C_KINGSAFETY:0.45255481794382574
C_PAWNSTRUCTURE:0.5982557210997888
C_PIECECOORDINATION:0.5019648727235364
C_ROOKANDPAWNMOVEMENT:0.5019648727235364
C_CENTERCONTROL:0.43069982463100537
C_DEVELOPPIECES:0.5630570599406535
C_MATERIAL:0.6311498589491384
