ELO:777
CE_PASSEDPAWNS:0.4858039458325104
CE_PAWNWEAKNESSES:0.5794913873972414
CE_PIECEACTIVITY:0.5454063551968945
CE_KINGPAWNSHIELD:0.552891580888008
CE_PIECECOORDINATION:0.47140077182575796
CE_MATERIAL:0.4525675663461805
CE_KINGSAFETY:0.4517555936208038
C_PIECESQUARETABLES:0.47805554293747143
C_MOBILITY:0.39761886458286777
C_KINGSAFETY:0.4532472200351818
C_PAWNSTRUCTURE:0.4953910221441944
C_PIECECOORDINATION:0.4884956742498365
C_ROOKANDPAWNMOVEMENT:0.4884956742498365
C_CENTERCONTROL:0.546961055365463
C_DEVELOPPIECES:0.5343140755964163
C_MATERIAL:0.5078680402954859
C_MOVECOUNT:0.5
