ELO:1000
CE_PASSEDPAWNS:0.5021626273406942
CE_PAWNWEAKNESSES:0.5
CE_PIECEACTIVITY:0.5
CE_KINGPAWNSHIELD:0.5132928559222926
CE_PIECECOORDINATION:0.5109426749679138
CE_MATERIAL:0.5058458850295718
CE_KINGSAFETY:0.5
C_PIECESQUARETABLES:0.5
C_MOBILITY:0.4947886505081461
C_KINGSAFETY:0.5052818332848158
C_PAWNSTRUCTURE:0.5018556800726156
C_PIECECOORDINATION:0.4701160632855126
C_ROOKANDPAWNMOVEMENT:0.4701160632855126
C_CENTERCONTROL:0.4891920711475252
C_DEVELOPPIECES:0.4961871445503599
C_MATERIAL:0.5159860389509392
C_MOVECOUNT:0.5
