ELO:990
CE_PASSEDPAWNS:0.47477730105039767
CE_PAWNWEAKNESSES:0.45295233829336956
CE_PIECEACTIVITY:0.48566958852186326
CE_KINGPAWNSHIELD:0.5167601888179297
CE_PIECECOORDINATION:0.51791682620343
CE_MATERIAL:0.47230614855538744
CE_KINGSAFETY:0.5
C_PIECESQUARETABLES:0.5
C_MOBILITY:0.5094617115334512
C_KINGSAFETY:0.4894815813741379
C_PAWNSTRUCTURE:0.5163744055377297
C_PIECECOORDINATION:0.5215635435598104
C_ROOKANDPAWNMOVEMENT:0.5215635435598104
C_CENTERCONTROL:0.5308165048545392
C_DEVELOPPIECES:0.48644785645651306
C_MATERIAL:0.45554053214232465
