ELO:955
CE_PASSEDPAWNS:0.48157182460598424
CE_PAWNWEAKNESSES:0.5168075873700506
CE_PIECEACTIVITY:0.5016039520720689
CE_KINGPAWNSHIELD:0.522955609051185
CE_PIECECOORDINATION:0.49909211926133773
CE_MATERIAL:0.48508343389409986
CE_KINGSAFETY:0.4652727248221687
C_PIECESQUARETABLES:0.5163132438565308
C_MOBILITY:0.5181782945423568
C_KINGSAFETY:0.5572125327499827
C_PAWNSTRUCTURE:0.5071258465898639
C_PIECECOORDINATION:0.5341123273846259
C_ROOKANDPAWNMOVEMENT:0.5341123273846259
C_CENTERCONTROL:0.4803443770903339
C_DEVELOPPIECES:0.47138774263942823
C_MATERIAL:0.4996004842483184
C_MOVECOUNT:0.5
