ELO:988
CE_PASSEDPAWNS:0.5036838404379008
CE_PAWNWEAKNESSES:0.5041191626145729
CE_PIECEACTIVITY:0.48221554895109026
CE_KINGPAWNSHIELD:0.5225554177238872
CE_PIECECOORDINATION:0.4925479726414859
CE_MATERIAL:0.4901062033967275
CE_KINGSAFETY:0.5
C_PIECESQUARETABLES:0.5
C_MOBILITY:0.5106092307628155
C_KINGSAFETY:0.4795810260114292
C_PAWNSTRUCTURE:0.5210388622584184
C_PIECECOORDINATION:0.5013044102545534
C_ROOK:0.5341435225254285
CE_ROOK:0.45995322426722385
C_CENTERCONTROL:0.5335418741610392
C_DEVELOPPIECES:0.5128467471160255
C_MATERIAL:0.49787818352769736
C_MOVECOUNT:0.5002369153267511
C_PAWNMOVEMENT:0.4922898526471164
