ELO:997
CE_PASSEDPAWNS:0.44979010701801575
CE_PAWNWEAKNESSES:0.5121307428620395
CE_PIECEACTIVITY:0.4680967401834133
CE_KINGPAWNSHIELD:0.5136938087847244
CE_PIECECOORDINATION:0.581956865649322
CE_MATERIAL:0.49441374716097647
CE_KINGSAFETY:0.5231183003618296
C_PIECESQUARETABLES:0.5102089911209504
C_MOBILITY:0.3871195810378525
C_KINGSAFETY:0.4553578367494018
C_PAWNSTRUCTURE:0.5350280389174775
C_PIECECOORDINATION:0.4384679809479831
C_ROOKANDPAWNMOVEMENT:0.4384679809479831
C_CENTERCONTROL:0.5140042572350653
C_DEVELOPPIECES:0.5376417325023586
C_MATERIAL:0.5013613698290391
