ELO:985
CE_PASSEDPAWNS:0.51451229464996
CE_PAWNWEAKNESSES:0.49134013142997374
CE_PIECEACTIVITY:0.48600785519242523
CE_KINGPAWNSHIELD:0.5157861703033618
CE_PIECECOORDINATION:0.4925479726414859
CE_MATERIAL:0.49212661934219104
CE_KINGSAFETY:0.49863467329019123
C_PIECESQUARETABLES:0.5
C_MOBILITY:0.5340365841177863
C_KINGSAFETY:0.49926744583581145
C_PAWNSTRUCTURE:0.5277507800488582
C_PIECECOORDINATION:0.502840110271581
C_ROOK:0.5496644779300102
CE_ROOK:0.46726240626982085
C_CENTERCONTROL:0.5250486887919427
C_DEVELOPPIECES:0.5007004062888529
C_MATERIAL:0.48013170100499153
C_MOVECOUNT:0.49967962391439125
C_PAWNMOVEMENT:0.515309383024311
