ELO:931
CE_PASSEDPAWNS:0.4014665545391153
CE_PAWNWEAKNESSES:0.5334661519621479
CE_PIECEACTIVITY:0.35994895188028336
CE_KINGPAWNSHIELD:0.5441135778885214
CE_PIECECOORDINATION:0.5187481378557967
CE_MATERIAL:0.5254093776885307
CE_KINGSAFETY:0.5463683734748015
C_PIECESQUARETABLES:0.48256942955565457
C_MOBILITY:0.5958744153697204
C_KINGSAFETY:0.4071837052040156
C_PAWNSTRUCTURE:0.509916287308713
C_PIECECOORDINATION:0.49834244162012264
C_ROOKANDPAWNMOVEMENT:0.49834244162012264
C_CENTERCONTROL:0.5438025129848317
C_DEVELOPPIECES:0.5567544095709607
C_MATERIAL:0.3952925445190494
