ELO:890
CE_PASSEDPAWNS:0.5293814080865911
CE_PAWNWEAKNESSES:0.5107828529308738
CE_PIECEACTIVITY:0.6211321873990339
CE_KINGPAWNSHIELD:0.5014566626951639
CE_PIECECOORDINATION:0.517629997185175
CE_MATERIAL:0.5161186095049798
CE_KINGSAFETY:0.4443773568477938
C_PIECESQUARETABLES:0.5382058321579076
C_MOBILITY:0.5237791972835414
C_KINGSAFETY:0.5429349140020322
C_PAWNSTRUCTURE:0.5237932736495003
C_PIECECOORDINATION:0.5004396970508052
C_ROOKANDPAWNMOVEMENT:0.5004396970508052
C_CENTERCONTROL:0.4209825328457363
C_DEVELOPPIECES:0.49924461644574286
C_MATERIAL:0.45940073455548885
C_MOVECOUNT:0.47855665632622546
