ELO:994
CE_PASSEDPAWNS:0.4487809792172148
CE_PAWNWEAKNESSES:0.5121307428620395
CE_PIECEACTIVITY:0.4680967401834133
CE_KINGPAWNSHIELD:0.5136938087847244
CE_PIECECOORDINATION:0.5897795668658167
CE_MATERIAL:0.49441374716097647
CE_KINGSAFETY:0.49799953125380125
C_PIECESQUARETABLES:0.5
C_MOBILITY:0.3871195810378525
C_KINGSAFETY:0.4553578367494018
C_PAWNSTRUCTURE:0.5422152084504192
C_PIECECOORDINATION:0.44441008573511764
C_ROOKANDPAWNMOVEMENT:0.44441008573511764
C_CENTERCONTROL:0.5087172216757684
C_DEVELOPPIECES:0.5438566750549184
C_MATERIAL:0.510227631163973
