ELO:745
CE_PASSEDPAWNS:0.5677039395281996
CE_PAWNWEAKNESSES:0.6205880648121453
CE_PIECEACTIVITY:0.549254581891289
CE_KINGPAWNSHIELD:0.5151752624069706
CE_PIECECOORDINATION:0.5028535053852323
CE_MATERIAL:0.4624544066862309
CE_KINGSAFETY:0.5525997987470725
C_PIECESQUARETABLES:0.4860517103602083
C_MOBILITY:0.41148571590962674
C_KINGSAFETY:0.4567107421447562
C_PAWNSTRUCTURE:0.5327323194100091
C_PIECECOORDINATION:0.4959162866021062
C_ROOKANDPAWNMOVEMENT:0.4959162866021062
C_CENTERCONTROL:0.5605268928787889
C_DEVELOPPIECES:0.5384689133751906
C_MATERIAL:0.5226871503627509
C_MOVECOUNT:0.4935726190811197
