ELO:944
CE_PASSEDPAWNS:0.41802710632468093
CE_PAWNWEAKNESSES:0.4962664939983675
CE_PIECEACTIVITY:0.39804301797451186
CE_KINGPAWNSHIELD:0.5164034918220433
CE_PIECECOORDINATION:0.5694120048997476
CE_MATERIAL:0.5702934740961341
CE_KINGSAFETY:0.5222270483777864
C_PIECESQUARETABLES:0.499807932277791
C_MOBILITY:0.5867361936876377
C_KINGSAFETY:0.41429331682773757
C_PAWNSTRUCTURE:0.5553379208722113
C_PIECECOORDINATION:0.5223404710337403
C_ROOKANDPAWNMOVEMENT:0.5223404710337403
C_CENTERCONTROL:0.5705951899063212
C_DEVELOPPIECES:0.55541046425909
C_MATERIAL:0.4315662984428895
