ELO:974
CE_PASSEDPAWNS:0.5026319640802979
CE_PAWNWEAKNESSES:0.4955224654505868
CE_PIECEACTIVITY:0.5
CE_KINGPAWNSHIELD:0.5096927747418473
CE_PIECECOORDINATION:0.5
CE_MATERIAL:0.49605551653363356
CE_KINGSAFETY:0.5189933059970506
C_PIECESQUARETABLES:0.501227868700828
C_MOBILITY:0.5004662307564307
C_KINGSAFETY:0.5100933713143927
C_PAWNSTRUCTURE:0.4980451856574676
C_PIECECOORDINATION:0.4904597766442124
C_ROOKANDPAWNMOVEMENT:0.4904597766442124
C_CENTERCONTROL:0.49392286816727365
C_DEVELOPPIECES:0.47978024968686367
C_MATERIAL:0.5057707232494834
