ELO:976
CE_PASSEDPAWNS:0.47890330879115905
CE_PAWNWEAKNESSES:0.5156872589469992
CE_PIECEACTIVITY:0.5
CE_KINGPAWNSHIELD:0.5096089548707977
CE_PIECECOORDINATION:0.5
CE_MATERIAL:0.5
CE_KINGSAFETY:0.5
C_PIECESQUARETABLES:0.5065222488575529
C_MOBILITY:0.49577120857706164
C_KINGSAFETY:0.4999884096602012
C_PAWNSTRUCTURE:0.4979126386280751
C_PIECECOORDINATION:0.5477221536128583
C_ROOKANDPAWNMOVEMENT:0.5477221536128583
C_CENTERCONTROL:0.4898381844770029
C_DEVELOPPIECES:0.5021532186206815
C_MATERIAL:0.5010807072530449
C_MOVECOUNT:0.5166265022550898
