ELO:969
CE_PASSEDPAWNS:0.5240666794014457
CE_PAWNWEAKNESSES:0.5033107779128823
CE_PIECEACTIVITY:0.5400052334860098
CE_KINGPAWNSHIELD:0.5054908272972806
CE_PIECECOORDINATION:0.5029084943262581
CE_MATERIAL:0.5379769975753594
CE_KINGSAFETY:0.5
C_PIECESQUARETABLES:0.5
C_MOBILITY:0.4900899847976275
C_KINGSAFETY:0.4735696979534192
C_PAWNSTRUCTURE:0.5337684562072561
C_PIECECOORDINATION:0.5236351270499157
C_ROOK:0.4928266083733946
CE_ROOK:0.49218436230643203
C_CENTERCONTROL:0.47132817856933606
C_DEVELOPPIECES:0.42425152644329667
C_MATERIAL:0.49816118069663184
C_MOVECOUNT:0.4928076222270428
C_PAWNMOVEMENT:0.4985179262279614
