ELO:926
CE_PASSEDPAWNS:0.5225838512838247
CE_PAWNWEAKNESSES:0.4553224575787059
CE_PIECEACTIVITY:0.4834678636114033
CE_KINGPAWNSHIELD:0.5607629175008675
CE_PIECECOORDINATION:0.5491597754658601
CE_MATERIAL:0.44911230697053867
CE_KINGSAFETY:0.5264814601716262
C_PIECESQUARETABLES:0.4966889048770047
C_MOBILITY:0.393365156894455
C_KINGSAFETY:0.43409030186668235
C_PAWNSTRUCTURE:0.5189228131450067
C_PIECECOORDINATION:0.3943461846842693
C_ROOKANDPAWNMOVEMENT:0.3943461846842693
C_CENTERCONTROL:0.5386697441794263
C_DEVELOPPIECES:0.5147339862240381
C_MATERIAL:0.5604028285684939
