ELO:729
CE_PASSEDPAWNS:0.5419356533186507
CE_PAWNWEAKNESSES:0.6243585848172681
CE_PIECEACTIVITY:0.5537478869910863
CE_KINGPAWNSHIELD:0.5416500280808786
CE_PIECECOORDINATION:0.4913424960566012
CE_MATERIAL:0.4370924945507539
CE_KINGSAFETY:0.548490713644647
C_PIECESQUARETABLES:0.4735599573213283
C_MOBILITY:0.38955199139936497
C_KINGSAFETY:0.48592321273289774
C_PAWNSTRUCTURE:0.5508660877157945
C_PIECECOORDINATION:0.5106296052697573
C_ROOKANDPAWNMOVEMENT:0.5106296052697573
C_CENTERCONTROL:0.5629413211728478
C_DEVELOPPIECES:0.5096750199073659
C_MATERIAL:0.534277960044089
C_MOVECOUNT:0.45640725673189525
