ELO:1003
CE_PASSEDPAWNS:0.5014983509016123
CE_PAWNWEAKNESSES:0.5150142374402799
CE_PIECEACTIVITY:0.4891222704771098
CE_KINGPAWNSHIELD:0.5229342894990957
CE_PIECECOORDINATION:0.49476141364598486
CE_MATERIAL:0.4878090331153399
CE_KINGSAFETY:0.5
C_PIECESQUARETABLES:0.4885280811305533
C_MOBILITY:0.5100331428565762
C_KINGSAFETY:0.4795810260114292
C_PAWNSTRUCTURE:0.5108865660115669
C_PIECECOORDINATION:0.5118049644600983
C_ROOK:0.5250779910110955
CE_ROOK:0.44738901578751117
C_CENTERCONTROL:0.5335418741610392
C_DEVELOPPIECES:0.5128467471160255
C_MATERIAL:0.4902835906017046
C_MOVECOUNT:0.5049088952505574
C_PAWNMOVEMENT:0.49011485528204185
