ELO:883
CE_PASSEDPAWNS:0.5071000763487923
CE_PAWNWEAKNESSES:0.5021238577546414
CE_PIECEACTIVITY:0.5618891478569206
CE_KINGPAWNSHIELD:0.47691180939914485
CE_PIECECOORDINATION:0.6005697984886071
CE_MATERIAL:0.47869995540389726
CE_KINGSAFETY:0.5135263722211181
C_PIECESQUARETABLES:0.5582899634192076
C_MOBILITY:0.468461227575017
C_KINGSAFETY:0.45622268708170255
C_PAWNSTRUCTURE:0.43607833193518836
C_PIECECOORDINATION:0.5636944451274465
C_ROOKANDPAWNMOVEMENT:0.5636944451274465
C_CENTERCONTROL:0.48998198100988294
C_DEVELOPPIECES:0.5033941336708649
C_MATERIAL:0.4880389459944832
C_MOVECOUNT:0.5534667700338175
