ELO:994
CE_PASSEDPAWNS:0.5179400608520759
CE_PAWNWEAKNESSES:0.5096281224457462
CE_PIECEACTIVITY:0.5100204863924723
CE_KINGPAWNSHIELD:0.48775766166065937
CE_PIECECOORDINATION:0.4913651621962595
CE_MATERIAL:0.4857468607630274
CE_KINGSAFETY:0.5
C_PIECESQUARETABLES:0.5232496108177802
C_MOBILITY:0.47463171598527054
C_KINGSAFETY:0.49667330089331674
C_PAWNSTRUCTURE:0.510976296940638
C_PIECECOORDINATION:0.5230784554755489
C_ROOKANDPAWNMOVEMENT:0.5230784554755489
C_CENTERCONTROL:0.513459918442624
C_DEVELOPPIECES:0.495391753124185
C_MATERIAL:0.49005621424566875
C_MOVECOUNT:0.5103010090850876
