ELO:996
CE_PASSEDPAWNS:0.4948427292618502
CE_PAWNWEAKNESSES:0.5056509921271757
CE_PIECEACTIVITY:0.5
CE_KINGPAWNSHIELD:0.4868629542626994
CE_PIECECOORDINATION:0.4946902206637202
CE_MATERIAL:0.47942231565300375
CE_KINGSAFETY:0.5
C_PIECESQUARETABLES:0.4788198146651888
C_MOBILITY:0.5
C_KINGSAFETY:0.5266219372205012
C_PAWNSTRUCTURE:0.5041511092947907
C_PIECECOORDINATION:0.4755439098109846
C_ROOKANDPAWNMOVEMENT:0.4755439098109846
C_CENTERCONTROL:0.5064753976503042
C_DEVELOPPIECES:0.47647917712678567
C_MATERIAL:0.49480052108365924
C_MOVECOUNT:0.5
