ELO:1053
CE_PASSEDPAWNS:0.5006727524098382
CE_PAWNWEAKNESSES:0.5151759641575235
CE_PIECEACTIVITY:0.5093018100212628
CE_KINGPAWNSHIELD:0.4779380244646073
CE_PIECECOORDINATION:0.5117626846070501
CE_MATERIAL:0.5034413185584637
CE_KINGSAFETY:0.5
C_PIECESQUARETABLES:0.5
C_MOBILITY:0.5132001157821605
C_KINGSAFETY:0.49114415449624815
C_PAWNSTRUCTURE:0.4818942133350111
C_PIECECOORDINATION:0.5228079246997759
C_ROOK:0.5229196765063503
CE_ROOK:0.5236833020158534
C_CENTERCONTROL:0.4953970785441792
C_DEVELOPPIECES:0.4451163445770102
C_MATERIAL:0.48814307046272054
C_MOVECOUNT:0.5063094172742422
C_PAWNMOVEMENT:0.5
