ELO:991
CE_PASSEDPAWNS:0.4999163184253259
CE_PAWNWEAKNESSES:0.49934305940408225
CE_PIECEACTIVITY:0.5336546480026824
CE_KINGPAWNSHIELD:0.49760865975850194
CE_PIECECOORDINATION:0.5
CE_MATERIAL:0.49812748509346544
CE_KINGSAFETY:0.5
C_PIECESQUARETABLES:0.5302234551247013
C_MOBILITY:0.5
C_KINGSAFETY:0.49927067297047106
C_PAWNSTRUCTURE:0.5130515820962889
C_PIECECOORDINATION:0.4985973029749623
C_ROOKANDPAWNMOVEMENT:0.4985973029749623
C_CENTERCONTROL:0.5004481217829531
C_DEVELOPPIECES:0.5028883801191745
C_MATERIAL:0.49413719782387217
C_MOVECOUNT:0.4962619167497463
