ELO:1030
CE_PASSEDPAWNS:0.5173438964917748
CE_PAWNWEAKNESSES:0.4642790189873388
CE_PIECEACTIVITY:0.47538348535080327
CE_KINGPAWNSHIELD:0.465699228202526
CE_PIECECOORDINATION:0.46866221641978567
CE_MATERIAL:0.5292794269768494
CE_KINGSAFETY:0.4883936864037866
C_PIECESQUARETABLES:0.46907408609631257
C_MOBILITY:0.49232303052960424
C_KINGSAFETY:0.40888166852343116
C_PAWNSTRUCTURE:0.4528859635640088
C_PIECECOORDINATION:0.5322118166685283
C_ROOKANDPAWNMOVEMENT:0.5322118166685283
C_CENTERCONTROL:0.5050528331546229
C_DEVELOPPIECES:0.4652702480405211
C_MATERIAL:0.4773591270018137
