ELO:990
CE_PASSEDPAWNS:0.40395776533125405
CE_PAWNWEAKNESSES:0.4404670105899342
CE_PIECEACTIVITY:0.5164326744562877
CE_KINGPAWNSHIELD:0.5202814381234073
CE_PIECECOORDINATION:0.6202520467746847
CE_MATERIAL:0.4213229031465241
CE_KINGSAFETY:0.5
C_PIECESQUARETABLES:0.4997673282222353
C_MOBILITY:0.6106431556756368
C_KINGSAFETY:0.5747344419205631
C_PAWNSTRUCTURE:0.6263456766962712
C_PIECECOORDINATION:0.6115070131181535
C_ROOKANDPAWNMOVEMENT:0.6115070131181535
C_CENTERCONTROL:0.38880677145601744
C_DEVELOPPIECES:0.5641663195083056
C_MATERIAL:0.5777702820950759
