ELO:990
CE_PASSEDPAWNS:0.40231625774800683
CE_PAWNWEAKNESSES:0.4449176979510626
CE_PIECEACTIVITY:0.5137510095826904
CE_KINGPAWNSHIELD:0.4949423844858049
CE_PIECECOORDINATION:0.6092782055877115
CE_MATERIAL:0.41237886705497595
CE_KINGSAFETY:0.5
C_PIECESQUARETABLES:0.5
C_MOBILITY:0.6094100757539611
C_KINGSAFETY:0.562062840580819
C_PAWNSTRUCTURE:0.62436365227218
C_PIECECOORDINATION:0.631330758772103
C_ROOKANDPAWNMOVEMENT:0.631330758772103
C_CENTERCONTROL:0.3695351169800371
C_DEVELOPPIECES:0.559487506734143
C_MATERIAL:0.5756630400059508
