ELO:1053
CE_PASSEDPAWNS:0.509627366259295
CE_PAWNWEAKNESSES:0.5
CE_PIECEACTIVITY:0.5180690068294841
CE_KINGPAWNSHIELD:0.5091062708330787
CE_PIECECOORDINATION:0.515551903436208
CE_MATERIAL:0.4877936927601707
CE_KINGSAFETY:0.5
C_PIECESQUARETABLES:0.5
C_MOBILITY:0.5082413240203919
C_KINGSAFETY:0.5
C_PAWNSTRUCTURE:0.4944988609796438
C_PIECECOORDINATION:0.5002738625061558
C_ROOK:0.4958619021682919
CE_ROOK:0.4811678256649255
C_CENTERCONTROL:0.5093481988600143
C_DEVELOPPIECES:0.5036944895326616
C_MATERIAL:0.5032230441239549
C_MOVECOUNT:0.5083426054011211
C_PAWNMOVEMENT:0.5
