ELO:971
CE_PASSEDPAWNS:0.4729760683916298
CE_PAWNWEAKNESSES:0.4924356118088759
CE_PIECEACTIVITY:0.5268429594071298
CE_KINGPAWNSHIELD:0.5295127548945567
CE_PIECECOORDINATION:0.4896548176615932
CE_MATERIAL:0.48334981731956256
CE_KINGSAFETY:0.5
C_PIECESQUARETABLES:0.48284505424008084
C_MOBILITY:0.4579756952802968
C_KINGSAFETY:0.4635577522427019
C_PAWNSTRUCTURE:0.45363675150204574
C_PIECECOORDINATION:0.4438584180692894
C_ROOKANDPAWNMOVEMENT:0.4438584180692894
C_CENTERCONTROL:0.44531013710155387
C_DEVELOPPIECES:0.49594186963912834
C_MATERIAL:0.4894552241907365
C_MOVECOUNT:0.5
