ELO:1036
CE_PASSEDPAWNS:0.48430081135652187
CE_PAWNWEAKNESSES:0.5069189798665399
CE_PIECEACTIVITY:0.5
CE_KINGPAWNSHIELD:0.5128859561939633
CE_PIECECOORDINATION:0.5119518836221792
CE_MATERIAL:0.5098006162596482
CE_KINGSAFETY:0.5
C_PIECESQUARETABLES:0.5
C_MOBILITY:0.5119384053760151
C_KINGSAFETY:0.5630891593705084
C_PAWNSTRUCTURE:0.5
C_PIECECOORDINATION:0.5091930920456038
C_ROOKANDPAWNMOVEMENT:0.5091930920456038
C_CENTERCONTROL:0.50516427937247
C_DEVELOPPIECES:0.48197983045485365
C_MATERIAL:0.49040968699351795
C_MOVECOUNT:0.5306211711441323
