ELO:946
CE_PASSEDPAWNS:0.5056399420939481
CE_PAWNWEAKNESSES:0.509139229364771
CE_PIECEACTIVITY:0.49002274431372395
CE_KINGPAWNSHIELD:0.486984801853847
CE_PIECECOORDINATION:0.49568146835052995
CE_MATERIAL:0.493408218200515
CE_KINGSAFETY:0.5
C_PIECESQUARETABLES:0.5063164271901134
C_MOBILITY:0.5177058650163254
C_KINGSAFETY:0.4909639958242899
C_PAWNSTRUCTURE:0.5030951462294305
C_PIECECOORDINATION:0.4940318243362367
C_ROOKANDPAWNMOVEMENT:0.4940318243362367
C_CENTERCONTROL:0.4883305733485469
C_DEVELOPPIECES:0.45562395649240134
C_MATERIAL:0.4749778510984348
C_MOVECOUNT:0.5012905130917431
