ELO:947
CE_PASSEDPAWNS:0.48776903470368566
CE_PAWNWEAKNESSES:0.5045255247494724
CE_PIECEACTIVITY:0.543861282684937
CE_KINGPAWNSHIELD:0.4938709957257921
CE_PIECECOORDINATION:0.4416284861085814
CE_MATERIAL:0.5026090058955063
CE_KINGSAFETY:0.499961549570599
C_PIECESQUARETABLES:0.4532223045610277
C_MOBILITY:0.50747291448125
C_KINGSAFETY:0.5129476489491416
C_PAWNSTRUCTURE:0.4264791442429882
C_PIECECOORDINATION:0.44070156408331496
C_ROOKANDPAWNMOVEMENT:0.44070156408331496
C_CENTERCONTROL:0.5556626895820961
C_DEVELOPPIECES:0.514453988305474
C_MATERIAL:0.49665245099471
C_MOVECOUNT:0.5
