ELO:900
CE_PASSEDPAWNS:0.43826299740195274
CE_PAWNWEAKNESSES:0.4369497528811422
CE_PIECEACTIVITY:0.5195798235623994
CE_KINGPAWNSHIELD:0.40972953256754197
CE_PIECECOORDINATION:0.46104343515598417
CE_MATERIAL:0.5900077906824956
CE_KINGSAFETY:0.5047118694024592
C_PIECESQUARETABLES:0.5448982914091349
C_MOBILITY:0.43596253071314905
C_KINGSAFETY:0.5107688764594945
C_PAWNSTRUCTURE:0.49697416835873315
C_PIECECOORDINATION:0.5361647169182459
C_ROOKANDPAWNMOVEMENT:0.5361647169182459
C_CENTERCONTROL:0.5461896999417889
C_DEVELOPPIECES:0.48833322061854734
C_MATERIAL:0.4634699264642771
