ELO:1000
CE_PASSEDPAWNS:0.5090159847468139
CE_PAWNWEAKNESSES:0.4981872990008423
CE_PIECEACTIVITY:0.5110273299206138
CE_KINGPAWNSHIELD:0.5068882171295528
CE_PIECECOORDINATION:0.5
CE_MATERIAL:0.5
CE_KINGSAFETY:0.5019287898993654
C_PIECESQUARETABLES:0.5
C_MOBILITY:0.5
C_KINGSAFETY:0.5088370260498759
C_PAWNSTRUCTURE:0.49777501561027077
C_PIECECOORDINATION:0.5057141082839552
C_ROOKANDPAWNMOVEMENT:0.5057141082839552
C_CENTERCONTROL:0.4882182587650862
C_DEVELOPPIECES:0.48809962501450704
C_MATERIAL:0.4887071157958584
C_MOVECOUNT:0.5
