ELO:989
CE_PASSEDPAWNS:0.39792981371987557
CE_PAWNWEAKNESSES:0.4449176979510626
CE_PIECEACTIVITY:0.4990363227000234
CE_KINGPAWNSHIELD:0.4969112771905379
CE_PIECECOORDINATION:0.4846973356516632
CE_MATERIAL:0.4076283336527567
CE_KINGSAFETY:0.5
C_PIECESQUARETABLES:0.5038840560026617
C_MOBILITY:0.6106431556756368
C_KINGSAFETY:0.5742475742575268
C_PAWNSTRUCTURE:0.6308515473158441
C_PIECECOORDINATION:0.62513922687327
C_ROOKANDPAWNMOVEMENT:0.62513922687327
C_CENTERCONTROL:0.381119733211156
C_DEVELOPPIECES:0.5452845995351192
C_MATERIAL:0.6833586956569498
