ELO:998
CE_PASSEDPAWNS:0.5096840759944526
CE_PAWNWEAKNESSES:0.4979596917393162
CE_PIECEACTIVITY:0.5
CE_KINGPAWNSHIELD:0.5
CE_PIECECOORDINATION:0.4938392925918697
CE_MATERIAL:0.5
CE_KINGSAFETY:0.48996038533833597
C_PIECESQUARETABLES:0.49307483291461074
C_MOBILITY:0.5
C_KINGSAFETY:0.5
C_PAWNSTRUCTURE:0.5016361251316308
C_PIECECOORDINATION:0.5
C_ROOKANDPAWNMOVEMENT:0.5
C_CENTERCONTROL:0.49710237297553783
C_DEVELOPPIECES:0.5113565651068249
C_MATERIAL:0.4951872258404279
