ELO:966
CE_PASSEDPAWNS:0.5056399420939481
CE_PAWNWEAKNESSES:0.502004847659001
CE_PIECEACTIVITY:0.48725152356646767
CE_KINGPAWNSHIELD:0.46919958418843993
CE_PIECECOORDINATION:0.5020828818583538
CE_MATERIAL:0.48621874186001934
CE_KINGSAFETY:0.5103509394447368
C_PIECESQUARETABLES:0.5
C_MOBILITY:0.5076224669644462
C_KINGSAFETY:0.48928414668513626
C_PAWNSTRUCTURE:0.5141258554185645
C_PIECECOORDINATION:0.5003765015470341
C_ROOKANDPAWNMOVEMENT:0.5003765015470341
C_CENTERCONTROL:0.5024359382380188
C_DEVELOPPIECES:0.4572809335352813
C_MATERIAL:0.47252326112920945
C_MOVECOUNT:0.4909049919003874
