ELO:1089
CE_PASSEDPAWNS:0.5466984018163097
CE_PAWNWEAKNESSES:0.5
CE_PIECEACTIVITY:0.5093018100212628
CE_KINGPAWNSHIELD:0.5068540187535086
CE_PIECECOORDINATION:0.5
CE_MATERIAL:0.5010211814414373
CE_KINGSAFETY:0.5
C_PIECESQUARETABLES:0.5
C_MOBILITY:0.5009026001701242
C_KINGSAFETY:0.510903434954333
C_PAWNSTRUCTURE:0.5140965380153382
C_PIECECOORDINATION:0.5228079246997759
C_ROOK:0.5357322013222873
CE_ROOK:0.4967726377850701
C_CENTERCONTROL:0.49451631012463787
C_DEVELOPPIECES:0.47926425733837474
C_MATERIAL:0.5063430896814836
C_MOVECOUNT:0.49937136281783495
C_PAWNMOVEMENT:0.5032302729801571
