ELO:974
CE_PASSEDPAWNS:0.4708938593691172
CE_PAWNWEAKNESSES:0.416630823605048
CE_PIECEACTIVITY:0.5755516778027243
CE_KINGPAWNSHIELD:0.4352564312193641
CE_PIECECOORDINATION:0.47117319765581084
CE_MATERIAL:0.6339817503889784
CE_KINGSAFETY:0.5137374147908608
C_PIECESQUARETABLES:0.49387284296177386
C_MOBILITY:0.458352198656384
C_KINGSAFETY:0.5203392947455083
C_PAWNSTRUCTURE:0.47711490980519294
C_PIECECOORDINATION:0.5591231641129114
C_ROOKANDPAWNMOVEMENT:0.5591231641129114
C_CENTERCONTROL:0.4905063785879063
C_DEVELOPPIECES:0.5219881784984796
C_MATERIAL:0.40169669632159566
