ELO:929
CE_PASSEDPAWNS:0.5413942922441507
CE_PAWNWEAKNESSES:0.6073412349055604
CE_PIECEACTIVITY:0.4297468740020508
CE_KINGPAWNSHIELD:0.499489000603491
CE_PIECECOORDINATION:0.5065638726352585
CE_MATERIAL:0.49736458339253514
CE_KINGSAFETY:0.5765520198155125
C_PIECESQUARETABLES:0.5376529891546402
C_MOBILITY:0.4368557215431115
C_KINGSAFETY:0.4982342264969131
C_PAWNSTRUCTURE:0.47576206223054257
C_PIECECOORDINATION:0.44354502345315233
C_ROOKANDPAWNMOVEMENT:0.44354502345315233
C_CENTERCONTROL:0.4186130688538165
C_DEVELOPPIECES:0.5190858150902068
C_MATERIAL:0.5819743532275397
