ELO:1000
CE_PASSEDPAWNS:0.43241749230489923
CE_PAWNWEAKNESSES:0.5944734627044137
CE_PIECEACTIVITY:0.42731859071839706
CE_KINGPAWNSHIELD:0.5075534167532398
CE_PIECECOORDINATION:0.533417929828805
CE_MATERIAL:0.4491389058431203
CE_KINGSAFETY:0.5057766372890383
C_PIECESQUARETABLES:0.5133517356122519
C_MOBILITY:0.5580908754516781
C_KINGSAFETY:0.5622301055161417
C_PAWNSTRUCTURE:0.45477343165273604
C_PIECECOORDINATION:0.5643798470587892
C_ROOKANDPAWNMOVEMENT:0.5643798470587892
C_CENTERCONTROL:0.45718522742770495
C_DEVELOPPIECES:0.43510322866259665
C_MATERIAL:0.5278765632321204
