ELO:1046
CE_PASSEDPAWNS:0.5438429740743952
CE_PAWNWEAKNESSES:0.5151759641575235
CE_PIECEACTIVITY:0.5177337443179966
CE_KINGPAWNSHIELD:0.4779380244646073
CE_PIECECOORDINATION:0.5054984900123752
CE_MATERIAL:0.4974477316404982
CE_KINGSAFETY:0.5
C_PIECESQUARETABLES:0.5
C_MOBILITY:0.49505961881672944
C_KINGSAFETY:0.48826985307553
C_PAWNSTRUCTURE:0.5038146513846126
C_PIECECOORDINATION:0.5117530500500119
C_ROOK:0.49956361153595036
CE_ROOK:0.4961064697153357
C_CENTERCONTROL:0.49448602264287395
C_DEVELOPPIECES:0.4647401750342283
C_MATERIAL:0.4934285011817089
C_MOVECOUNT:0.4752383491580709
C_PAWNMOVEMENT:0.5141172219421226
