ELO:1014
CE_PASSEDPAWNS:0.5050805160721663
CE_PAWNWEAKNESSES:0.49523506953182733
CE_PIECEACTIVITY:0.5
CE_KINGPAWNSHIELD:0.5001776124905497
CE_PIECECOORDINATION:0.4996239681293009
CE_MATERIAL:0.5120567244959674
CE_KINGSAFETY:0.5033281453210267
C_PIECESQUARETABLES:0.5
C_MOBILITY:0.4858590413957327
C_KINGSAFETY:0.48747136482245745
C_PAWNSTRUCTURE:0.49696613161322994
C_PIECECOORDINATION:0.5161668692186773
C_ROOKANDPAWNMOVEMENT:0.5161668692186773
C_CENTERCONTROL:0.5
C_DEVELOPPIECES:0.49195625245756447
C_MATERIAL:0.4964156117994278
C_MOVECOUNT:0.5
