ELO:1063
CE_PASSEDPAWNS:0.49666089684015446
CE_PAWNWEAKNESSES:0.5
CE_PIECEACTIVITY:0.482986077960694
CE_KINGPAWNSHIELD:0.5091062708330787
CE_PIECECOORDINATION:0.4993709251732158
CE_MATERIAL:0.5234377286736973
CE_KINGSAFETY:0.5
C_PIECESQUARETABLES:0.5
C_MOBILITY:0.5167331414723906
C_KINGSAFETY:0.5076948921057516
C_PAWNSTRUCTURE:0.5140388997786214
C_PIECECOORDINATION:0.5201013249471514
C_ROOK:0.487693347783809
CE_ROOK:0.5065841379310213
C_CENTERCONTROL:0.4730754320533753
C_DEVELOPPIECES:0.5169049356104082
C_MATERIAL:0.5205561432492856
C_MOVECOUNT:0.45993138121384947
C_PAWNMOVEMENT:0.5
