ELO:991
CE_PASSEDPAWNS:0.5067554928180413
CE_PAWNWEAKNESSES:0.4983775082405653
CE_PIECEACTIVITY:0.5
CE_KINGPAWNSHIELD:0.5027307491935564
CE_PIECECOORDINATION:0.49302992645294047
CE_MATERIAL:0.5
CE_KINGSAFETY:0.5
C_PIECESQUARETABLES:0.521219306549777
C_MOBILITY:0.5026611603704335
C_KINGSAFETY:0.4589039740156362
C_PAWNSTRUCTURE:0.5
C_PIECECOORDINATION:0.5029185669416252
C_ROOKANDPAWNMOVEMENT:0.5029185669416252
C_CENTERCONTROL:0.5
C_DEVELOPPIECES:0.5163797851152747
C_MATERIAL:0.5205109673884608
C_MOVECOUNT:0.5
