ELO:1012
CE_PASSEDPAWNS:0.5010086647382663
CE_PAWNWEAKNESSES:0.5021846569631385
CE_PIECEACTIVITY:0.5039748565884419
CE_KINGPAWNSHIELD:0.5
CE_PIECECOORDINATION:0.5
CE_MATERIAL:0.5172347547921693
CE_KINGSAFETY:0.481959250133533
C_PIECESQUARETABLES:0.4917045364490566
C_MOBILITY:0.49554319915617384
C_KINGSAFETY:0.5
C_PAWNSTRUCTURE:0.49688003798202884
C_PIECECOORDINATION:0.4980093832994292
C_ROOKANDPAWNMOVEMENT:0.4980093832994292
C_CENTERCONTROL:0.5248589516513705
C_DEVELOPPIECES:0.4897929518790068
C_MATERIAL:0.4696066039826923
C_MOVECOUNT:0.5
