ELO:882
CE_PASSEDPAWNS:0.42411351830887506
CE_PAWNWEAKNESSES:0.5134422593250546
CE_PIECEACTIVITY:0.46313430693912705
CE_KINGPAWNSHIELD:0.5372869804395093
CE_PIECECOORDINATION:0.48977186376003684
CE_MATERIAL:0.5231961942578424
CE_KINGSAFETY:0.4984413929984679
C_PIECESQUARETABLES:0.4991330434592787
C_MOBILITY:0.47131133887672055
C_KINGSAFETY:0.5618549978353022
C_PAWNSTRUCTURE:0.48467693952976804
C_PIECECOORDINATION:0.48352311360494843
C_ROOKANDPAWNMOVEMENT:0.48352311360494843
C_CENTERCONTROL:0.4961540000846752
C_DEVELOPPIECES:0.5341057652757021
C_MATERIAL:0.4914127274860004
C_MOVECOUNT:0.5434979571215899
