ELO:990
CE_PASSEDPAWNS:0.39792981371987557
CE_PAWNWEAKNESSES:0.4449176979510626
CE_PIECEACTIVITY:0.49512637202807747
CE_KINGPAWNSHIELD:0.4851192767762497
CE_PIECECOORDINATION:0.6028125673562079
CE_MATERIAL:0.42501972241714714
CE_KINGSAFETY:0.5
C_PIECESQUARETABLES:0.4942389401460149
C_MOBILITY:0.6106431556756368
C_KINGSAFETY:0.5742475742575268
C_PAWNSTRUCTURE:0.6236873457266247
C_PIECECOORDINATION:0.6196878525040417
C_ROOKANDPAWNMOVEMENT:0.6196878525040417
C_CENTERCONTROL:0.38374058844803594
C_DEVELOPPIECES:0.5479010608133196
C_MATERIAL:0.5843034704118287
