ELO:953
CE_PASSEDPAWNS:0.46702268758310544
CE_PAWNWEAKNESSES:0.5705743771165012
CE_PIECEACTIVITY:0.3790686452914799
CE_KINGPAWNSHIELD:0.5722225863251862
CE_PIECECOORDINATION:0.6952228750364364
CE_MATERIAL:0.4780454808464034
CE_KINGSAFETY:0.4963873329770559
C_PIECESQUARETABLES:0.5
C_MOBILITY:0.5280385324016038
C_KINGSAFETY:0.5236179295160811
C_PAWNSTRUCTURE:0.5844768096846034
C_PIECECOORDINATION:0.4694780179438744
C_ROOKANDPAWNMOVEMENT:0.4694780179438744
C_CENTERCONTROL:0.5412470444368249
C_DEVELOPPIECES:0.5445527202486071
C_MATERIAL:0.5885508083640322
