ELO:1000
CE_PASSEDPAWNS:0.4291934453705955
CE_PAWNWEAKNESSES:0.5059681356747662
CE_PIECEACTIVITY:0.48734238340113484
CE_KINGPAWNSHIELD:0.5157947738827439
CE_PIECECOORDINATION:0.553215623686088
CE_MATERIAL:0.45939282347972954
CE_KINGSAFETY:0.4841463496737905
C_PIECESQUARETABLES:0.5327742974730691
C_MOBILITY:0.51574891702673
C_KINGSAFETY:0.47996478861010466
C_PAWNSTRUCTURE:0.4917338296404569
C_PIECECOORDINATION:0.5318806630884709
C_ROOKANDPAWNMOVEMENT:0.5318806630884709
C_CENTERCONTROL:0.5143677844354189
C_DEVELOPPIECES:0.48937708350286635
C_MATERIAL:0.5333283133332112
