ELO:950
CE_PASSEDPAWNS:0.45987550026582263
CE_PAWNWEAKNESSES:0.45774551443217687
CE_PIECEACTIVITY:0.5643668115633911
CE_KINGPAWNSHIELD:0.5448356146172475
CE_PIECECOORDINATION:0.43588278993292184
CE_MATERIAL:0.46108545061097655
CE_KINGSAFETY:0.5
C_PIECESQUARETABLES:0.5
C_MOBILITY:0.5716664900448072
C_KINGSAFETY:0.4094044933739038
C_PAWNSTRUCTURE:0.48156000832816515
C_PIECECOORDINATION:0.6651803449750925
C_ROOKANDPAWNMOVEMENT:0.6651803449750925
C_CENTERCONTROL:0.4923794331110115
C_DEVELOPPIECES:0.6157295384807453
C_MATERIAL:0.6003535050461476
