ELO:1000
CE_PASSEDPAWNS:0.5
CE_PAWNWEAKNESSES:0.5026102615373595
CE_PIECEACTIVITY:0.5
CE_KINGPAWNSHIELD:0.5
CE_PIECECOORDINATION:0.5
CE_MATERIAL:0.5018270143910318
CE_KINGSAFETY:0.5074626339819971
C_PIECESQUARETABLES:0.5
C_MOBILITY:0.48959283714881596
C_KINGSAFETY:0.5
C_PAWNSTRUCTURE:0.503893569065534
C_PIECECOORDINATION:0.5031609770837769
C_ROOK:0.5
CE_ROOK:0.5010555945733297
C_CENTERCONTROL:0.5001439683148271
C_DEVELOPPIECES:0.5
C_MATERIAL:0.5
C_MOVECOUNT:0.5079565354329608
C_PAWNMOVEMENT:0.5
