ELO:1123
CE_PASSEDPAWNS:0.4066854739430405
CE_PAWNWEAKNESSES:0.5397273002349429
CE_PIECEACTIVITY:0.4244153970854233
CE_KINGPAWNSHIELD:0.48841573438909003
CE_PIECECOORDINATION:0.5084715853159553
CE_MATERIAL:0.35699070302895597
CE_KINGSAFETY:0.5
C_PIECESQUARETABLES:0.5
C_MOBILITY:0.38199997811389763
C_KINGSAFETY:0.39018265585092654
C_PAWNSTRUCTURE:0.5461055495356145
C_PIECECOORDINATION:0.5880373652657829
C_ROOKANDPAWNMOVEMENT:0.5880373652657829
C_CENTERCONTROL:0.4989420268890047
C_DEVELOPPIECES:0.4824137655574824
C_MATERIAL:0.613901447139935
