ELO:846
CE_PASSEDPAWNS:0.44639747640262917
CE_PAWNWEAKNESSES:0.4243387918514559
CE_PIECEACTIVITY:0.45213439768370567
CE_KINGPAWNSHIELD:0.4771017800477613
CE_PIECECOORDINATION:0.46427819685384875
CE_MATERIAL:0.4839441222758687
CE_KINGSAFETY:0.5
C_PIECESQUARETABLES:0.5054593663579822
C_MOBILITY:0.5002540796803222
C_KINGSAFETY:0.5252171715570149
C_PAWNSTRUCTURE:0.5433786299961322
C_PIECECOORDINATION:0.4461542199662135
C_ROOKANDPAWNMOVEMENT:0.4461542199662135
C_CENTERCONTROL:0.45069792421177135
C_DEVELOPPIECES:0.5237597752371135
C_MATERIAL:0.44827293062199075
C_MOVECOUNT:0.5
