ELO:993
CE_PASSEDPAWNS:0.5109098737559551
CE_PAWNWEAKNESSES:0.5083169374758757
CE_PIECEACTIVITY:0.5232189356151026
CE_KINGPAWNSHIELD:0.49120581731470847
CE_PIECECOORDINATION:0.4929241149174895
CE_MATERIAL:0.5115864410838993
CE_KINGSAFETY:0.5
C_PIECESQUARETABLES:0.5
C_MOBILITY:0.4839706634795561
C_KINGSAFETY:0.48719226813470906
C_PAWNSTRUCTURE:0.5293530529590225
C_PIECECOORDINATION:0.5038309768883652
C_ROOK:0.5083886015898449
CE_ROOK:0.46654804825858026
C_CENTERCONTROL:0.4692784636738053
C_DEVELOPPIECES:0.4960552732685594
C_MATERIAL:0.5007752534780285
C_MOVECOUNT:0.5123781447033238
C_PAWNMOVEMENT:0.479399988874862
