ELO:983
CE_PASSEDPAWNS:0.5
CE_PAWNWEAKNESSES:0.4963918641094843
CE_PIECEACTIVITY:0.5038785898209102
CE_KINGPAWNSHIELD:0.5130036068195319
CE_PIECECOORDINATION:0.5
CE_MATERIAL:0.4874078812187921
CE_KINGSAFETY:0.5039529685726148
C_PIECESQUARETABLES:0.5024193674962798
C_MOBILITY:0.48345283876723455
C_KINGSAFETY:0.4876481321637852
C_PAWNSTRUCTURE:0.5
C_PIECECOORDINATION:0.48766183832276283
C_ROOKANDPAWNMOVEMENT:0.48766183832276283
C_CENTERCONTROL:0.4784039840534033
C_DEVELOPPIECES:0.5
C_MATERIAL:0.48860239092038293
C_MOVECOUNT:0.5
