ELO:865
CE_PASSEDPAWNS:0.4851289434910631
CE_PAWNWEAKNESSES:0.49819832264612846
CE_PIECEACTIVITY:0.5422002272887749
CE_KINGPAWNSHIELD:0.4301892030416735
CE_PIECECOORDINATION:0.5075335895907983
CE_MATERIAL:0.5208202852078582
CE_KINGSAFETY:0.5
C_PIECESQUARETABLES:0.5
C_MOBILITY:0.4763886742227888
C_KINGSAFETY:0.5349446824469897
C_PAWNSTRUCTURE:0.45119420617842204
C_PIECECOORDINATION:0.5
C_ROOKANDPAWNMOVEMENT:0.5
C_CENTERCONTROL:0.6118811846811542
C_DEVELOPPIECES:0.4979742138955642
C_MATERIAL:0.46976986379767866
C_MOVECOUNT:0.5
