ELO:945
CE_PASSEDPAWNS:0.49953734515619436
CE_PAWNWEAKNESSES:0.5069848725756037
CE_PIECEACTIVITY:0.5006099686248747
CE_KINGPAWNSHIELD:0.5158175098084775
CE_PIECECOORDINATION:0.513528884117112
CE_MATERIAL:0.5101907048336266
CE_KINGSAFETY:0.4979349317307575
C_PIECESQUARETABLES:0.5204735716567132
C_MOBILITY:0.5372570039612574
C_KINGSAFETY:0.5179191034436035
C_PAWNSTRUCTURE:0.4586218490067329
C_PIECECOORDINATION:0.5111970955809755
C_ROOKANDPAWNMOVEMENT:0.5111970955809755
C_CENTERCONTROL:0.5262807944219997
C_DEVELOPPIECES:0.45278017962145206
C_MATERIAL:0.45161835017462476
C_MOVECOUNT:0.5271282021565599
