ELO:1010
CE_PASSEDPAWNS:0.5093543890459556
CE_PAWNWEAKNESSES:0.5
CE_PIECEACTIVITY:0.5
CE_KINGPAWNSHIELD:0.5
CE_PIECECOORDINATION:0.5
CE_MATERIAL:0.5
CE_KINGSAFETY:0.49029686021447694
C_PIECESQUARETABLES:0.4954089653888384
C_MOBILITY:0.49173786066817526
C_KINGSAFETY:0.5070141618780286
C_PAWNSTRUCTURE:0.5
C_PIECECOORDINATION:0.510567278105773
C_ROOKANDPAWNMOVEMENT:0.510567278105773
C_CENTERCONTROL:0.49678175527319596
C_DEVELOPPIECES:0.5
C_MATERIAL:0.4935952566800712
C_MOVECOUNT:0.5
