ELO:1012
CE_PASSEDPAWNS:0.48432574673130596
CE_PAWNWEAKNESSES:0.5204148202387374
CE_PIECEACTIVITY:0.5379625585172246
CE_KINGPAWNSHIELD:0.49120581731470847
CE_PIECECOORDINATION:0.5154770334222094
CE_MATERIAL:0.5115864410838993
CE_KINGSAFETY:0.499512225228736
C_PIECESQUARETABLES:0.489084920989308
C_MOBILITY:0.5450842965201043
C_KINGSAFETY:0.5025465621396309
C_PAWNSTRUCTURE:0.5033979652085896
C_PIECECOORDINATION:0.4939065445797985
C_ROOK:0.4897710633930668
CE_ROOK:0.4671050931683059
C_CENTERCONTROL:0.5153936630648578
C_DEVELOPPIECES:0.5228959921161043
C_MATERIAL:0.5201039998665292
C_MOVECOUNT:0.5103916131213675
C_PAWNMOVEMENT:0.502808155716578
