ELO:1023
CE_PASSEDPAWNS:0.49059984310924953
CE_PAWNWEAKNESSES:0.48734803889515793
CE_PIECEACTIVITY:0.49881032118141144
CE_KINGPAWNSHIELD:0.5167896506963406
CE_PIECECOORDINATION:0.5065321676466905
CE_MATERIAL:0.4998328650420772
CE_KINGSAFETY:0.5
C_PIECESQUARETABLES:0.5
C_MOBILITY:0.5212860337408602
C_KINGSAFETY:0.5143077489730965
C_PAWNSTRUCTURE:0.5127002290046653
C_PIECECOORDINATION:0.5
C_ROOKANDPAWNMOVEMENT:0.5
C_CENTERCONTROL:0.49485939526744854
C_DEVELOPPIECES:0.5082874331583349
C_MATERIAL:0.5
C_MOVECOUNT:0.5
