ELO:985
CE_PASSEDPAWNS:0.5077470955700194
CE_PAWNWEAKNESSES:0.5175208877721109
CE_PIECEACTIVITY:0.5479944131931752
CE_KINGPAWNSHIELD:0.5121598557673049
CE_PIECECOORDINATION:0.5234301839269697
CE_MATERIAL:0.48638848684853603
CE_KINGSAFETY:0.5
C_PIECESQUARETABLES:0.5
C_MOBILITY:0.5141173690428485
C_KINGSAFETY:0.47893026108604364
C_PAWNSTRUCTURE:0.5084033372933106
C_PIECECOORDINATION:0.5033674651988211
C_ROOK:0.5315471885123773
CE_ROOK:0.4704869874213464
C_CENTERCONTROL:0.491963323473188
C_DEVELOPPIECES:0.49518488791327264
C_MATERIAL:0.5386969751655986
C_MOVECOUNT:0.5218732569560133
C_PAWNMOVEMENT:0.5197033558161026
