ELO:914
CE_PASSEDPAWNS:0.48224684480892527
CE_PAWNWEAKNESSES:0.42744943321323386
CE_PIECEACTIVITY:0.5049017760445786
CE_KINGPAWNSHIELD:0.5981524451228634
CE_PIECECOORDINATION:0.5730481674446044
CE_MATERIAL:0.44992074655621456
CE_KINGSAFETY:0.45686226062916185
C_PIECESQUARETABLES:0.5049244367619072
C_MOBILITY:0.45428522548419176
C_KINGSAFETY:0.4224594100792259
C_PAWNSTRUCTURE:0.5153529745899131
C_PIECECOORDINATION:0.5493050675765827
C_ROOKANDPAWNMOVEMENT:0.5493050675765827
C_CENTERCONTROL:0.5798703404233473
C_DEVELOPPIECES:0.41772161652427164
C_MATERIAL:0.567617387080311
