ELO:1258
CE_PASSEDPAWNS:0.40284453885677524
CE_PAWNWEAKNESSES:0.5795836939355303
CE_PIECEACTIVITY:0.4249411783250235
CE_KINGPAWNSHIELD:0.4873640784077908
CE_PIECECOORDINATION:0.5228665876218258
CE_MATERIAL:0.4990994058124339
CE_KINGSAFETY:0.5049210073236761
C_PIECESQUARETABLES:0.512516808755379
C_MOBILITY:0.3716594832402479
C_KINGSAFETY:0.3556410267781085
C_PAWNSTRUCTURE:0.5140935344353591
C_PIECECOORDINATION:0.6016523810050916
C_ROOKANDPAWNMOVEMENT:0.6016523810050916
C_CENTERCONTROL:0.5130123892522163
C_DEVELOPPIECES:0.44786742023894355
C_MATERIAL:0.5618289879984053
