ELO:1075
CE_PASSEDPAWNS:0.43286526413434806
CE_PAWNWEAKNESSES:0.6118676375864667
CE_PIECEACTIVITY:0.4255948402422537
CE_KINGPAWNSHIELD:0.3889078965874325
CE_PIECECOORDINATION:0.49892967985177217
CE_MATERIAL:0.4653665795440101
CE_KINGSAFETY:0.5
C_PIECESQUARETABLES:0.5
C_MOBILITY:0.5668796863964455
C_KINGSAFETY:0.4094044933739038
C_PAWNSTRUCTURE:0.5234919025841215
C_PIECECOORDINATION:0.5447852188236804
C_ROOKANDPAWNMOVEMENT:0.5447852188236804
C_CENTERCONTROL:0.5298254162019529
C_DEVELOPPIECES:0.44916666488797985
C_MATERIAL:0.6065845498679263
