ELO:976
CE_PASSEDPAWNS:0.5152774232153771
CE_PAWNWEAKNESSES:0.5455983522164131
CE_PIECEACTIVITY:0.48312591596718785
CE_KINGPAWNSHIELD:0.46142290107919887
CE_PIECECOORDINATION:0.5234261308610808
CE_MATERIAL:0.48957371747160977
CE_KINGSAFETY:0.5
C_PIECESQUARETABLES:0.4945678019965008
C_MOBILITY:0.5172077349624725
C_KINGSAFETY:0.46046927878906263
C_PAWNSTRUCTURE:0.5359318020701782
C_PIECECOORDINATION:0.4937776907065886
C_ROOK:0.5463051081541216
CE_ROOK:0.5126827522142051
C_CENTERCONTROL:0.5259603426439946
C_DEVELOPPIECES:0.5104350169994372
C_MATERIAL:0.5085119268006085
C_MOVECOUNT:0.5338163376874483
C_PAWNMOVEMENT:0.5197033558161026
