ELO:1137
CE_PASSEDPAWNS:0.625763563285758
CE_PAWNWEAKNESSES:0.4800719337683516
CE_PIECEACTIVITY:0.5822554920959389
CE_KINGPAWNSHIELD:0.4774259118591802
CE_PIECECOORDINATION:0.5555329805867526
CE_MATERIAL:0.43649796038080135
CE_KINGSAFETY:0.5146196811555402
C_PIECESQUARETABLES:0.5214978438293333
C_MOBILITY:0.5335361914694342
C_KINGSAFETY:0.30807903020254146
C_PAWNSTRUCTURE:0.42333150008533615
C_PIECECOORDINATION:0.36062421724656424
C_ROOKANDPAWNMOVEMENT:0.36062421724656424
C_CENTERCONTROL:0.4903577919668439
C_DEVELOPPIECES:0.5547780387005391
C_MATERIAL:0.37737475748687166
