ELO:1000
CE_PASSEDPAWNS:0.4993872128269354
CE_PAWNWEAKNESSES:0.5
CE_PIECEACTIVITY:0.4995981444997976
CE_KINGPAWNSHIELD:0.5130689416254027
CE_PIECECOORDINATION:0.49098118766475907
CE_MATERIAL:0.5063355007359817
CE_KINGSAFETY:0.5
C_PIECESQUARETABLES:0.5
C_MOBILITY:0.4876182109829814
C_KINGSAFETY:0.48419335694990584
C_PAWNSTRUCTURE:0.5
C_PIECECOORDINATION:0.510079953840984
C_ROOKANDPAWNMOVEMENT:0.510079953840984
C_CENTERCONTROL:0.49486466761014747
C_DEVELOPPIECES:0.5
C_MATERIAL:0.5095424225750995
