ELO:948
CE_PASSEDPAWNS:0.5020226896887896
CE_PAWNWEAKNESSES:0.4954019151922949
CE_PIECEACTIVITY:0.4906942152391183
CE_KINGPAWNSHIELD:0.5020283114798336
CE_PIECECOORDINATION:0.5111150085338357
CE_MATERIAL:0.4696469455284399
CE_KINGSAFETY:0.5030236531551913
C_PIECESQUARETABLES:0.501746495332768
C_MOBILITY:0.49083261693174873
C_KINGSAFETY:0.4932916000062019
C_PAWNSTRUCTURE:0.5159297752457751
C_PIECECOORDINATION:0.48218878725107656
C_ROOKANDPAWNMOVEMENT:0.48218878725107656
C_CENTERCONTROL:0.513856442471161
C_DEVELOPPIECES:0.4487066558068852
C_MATERIAL:0.5
C_MOVECOUNT:0.46578401950732323
