ELO:989
CE_PASSEDPAWNS:0.5546746427167322
CE_PAWNWEAKNESSES:0.4872052166016934
CE_PIECEACTIVITY:0.5313839234975644
CE_KINGPAWNSHIELD:0.51317697256337
CE_PIECECOORDINATION:0.4724112139463471
CE_MATERIAL:0.4663698346431239
CE_KINGSAFETY:0.5
C_PIECESQUARETABLES:0.5
C_MOBILITY:0.5615648180461223
C_KINGSAFETY:0.5086823228816952
C_PAWNSTRUCTURE:0.5131685097921278
C_PIECECOORDINATION:0.4933292499088929
C_ROOK:0.4977128008582798
CE_ROOK:0.4885019545631035
C_CENTERCONTROL:0.5117842844770017
C_DEVELOPPIECES:0.46329247459338097
C_MATERIAL:0.4973388510432344
C_MOVECOUNT:0.4804020707242641
C_PAWNMOVEMENT:0.5227013263934289
