ELO:800
CE_PASSEDPAWNS:0.4890850182288982
CE_PAWNWEAKNESSES:0.4485804742108532
CE_PIECEACTIVITY:0.4273707365003668
CE_KINGPAWNSHIELD:0.4774397142823642
CE_PIECECOORDINATION:0.5790863001060029
CE_MATERIAL:0.45026757053050254
CE_KINGSAFETY:0.517103878638039
C_PIECESQUARETABLES:0.4668721276575567
C_MOBILITY:0.5582276375963124
C_KINGSAFETY:0.46484038510482284
C_PAWNSTRUCTURE:0.6231240171750245
C_PIECECOORDINATION:0.43732712435489735
C_ROOKANDPAWNMOVEMENT:0.43732712435489735
C_CENTERCONTROL:0.4888458722350967
C_DEVELOPPIECES:0.30804100051620215
C_MATERIAL:0.5010778152882789
