ELO:973
CE_PASSEDPAWNS:0.4999736864413216
CE_PAWNWEAKNESSES:0.5052239871297567
CE_PIECEACTIVITY:0.4497095661761668
CE_KINGPAWNSHIELD:0.49919080677102207
CE_PIECECOORDINATION:0.4851457939125682
CE_MATERIAL:0.5267707294169496
CE_KINGSAFETY:0.5
C_PIECESQUARETABLES:0.5
C_MOBILITY:0.5290514454406589
C_KINGSAFETY:0.5277562916129463
C_PAWNSTRUCTURE:0.45213076630909105
C_PIECECOORDINATION:0.44943656574439855
C_ROOK:0.48211523360225766
CE_ROOK:0.5193738493403914
C_CENTERCONTROL:0.4756873499815467
C_DEVELOPPIECES:0.5095428462503541
C_MATERIAL:0.515678581907972
C_MOVECOUNT:0.4623119328636296
C_PAWNMOVEMENT:0.5052561358650177
