ELO:907
CE_PASSEDPAWNS:0.49248336691647143
CE_PAWNWEAKNESSES:0.4924164149333989
CE_PIECEACTIVITY:0.5195942318390785
CE_KINGPAWNSHIELD:0.5141561493174923
CE_PIECECOORDINATION:0.5179731159826232
CE_MATERIAL:0.5036890443219284
CE_KINGSAFETY:0.5072073870688658
C_PIECESQUARETABLES:0.49011115758891877
C_MOBILITY:0.5432980055662637
C_KINGSAFETY:0.4543996995690587
C_PAWNSTRUCTURE:0.4442245394951342
C_PIECECOORDINATION:0.47021685786819356
C_ROOKANDPAWNMOVEMENT:0.47021685786819356
C_CENTERCONTROL:0.5150851349756854
C_DEVELOPPIECES:0.5020093990554745
C_MATERIAL:0.46861589589753755
C_MOVECOUNT:0.5403214649676122
