ELO:1008
CE_PASSEDPAWNS:0.5069851070676404
CE_PAWNWEAKNESSES:0.5
CE_PIECEACTIVITY:0.5105601090281654
CE_KINGPAWNSHIELD:0.4911776101962127
CE_PIECECOORDINATION:0.500700244581438
CE_MATERIAL:0.4967822042586233
CE_KINGSAFETY:0.49663274234238064
C_PIECESQUARETABLES:0.49408152648882425
C_MOBILITY:0.510645464644716
C_KINGSAFETY:0.4899083383595584
C_PAWNSTRUCTURE:0.5
C_PIECECOORDINATION:0.5041309383822291
C_ROOKANDPAWNMOVEMENT:0.5041309383822291
C_CENTERCONTROL:0.5104140066048717
C_DEVELOPPIECES:0.5
C_MATERIAL:0.5124750202823055
