ELO:1001
CE_PASSEDPAWNS:0.5022995262729496
CE_PAWNWEAKNESSES:0.5156489700855283
CE_PIECEACTIVITY:0.5139426186613717
CE_KINGPAWNSHIELD:0.503313268196719
CE_PIECECOORDINATION:0.4963977615337446
CE_MATERIAL:0.5005873939086712
CE_KINGSAFETY:0.49705355006164215
C_PIECESQUARETABLES:0.5
C_MOBILITY:0.48345916753442364
C_KINGSAFETY:0.49661807740795416
C_PAWNSTRUCTURE:0.5085328306194568
C_PIECECOORDINATION:0.4933223711543803
C_ROOKANDPAWNMOVEMENT:0.4933223711543803
C_CENTERCONTROL:0.5
C_DEVELOPPIECES:0.5096413276279392
C_MATERIAL:0.48122316415777827
C_MOVECOUNT:0.5
