ELO:1004
CE_PASSEDPAWNS:0.5109098737559551
CE_PAWNWEAKNESSES:0.5083169374758757
CE_PIECEACTIVITY:0.5288046617619538
CE_KINGPAWNSHIELD:0.49120581731470847
CE_PIECECOORDINATION:0.4911928915629998
CE_MATERIAL:0.5115864410838993
CE_KINGSAFETY:0.499512225228736
C_PIECESQUARETABLES:0.489084920989308
C_MOBILITY:0.4955366981406029
C_KINGSAFETY:0.48719226813470906
C_PAWNSTRUCTURE:0.5293530529590225
C_PIECECOORDINATION:0.5015879932581476
C_ROOK:0.4988061672855524
CE_ROOK:0.46654804825858026
C_CENTERCONTROL:0.4692784636738053
C_DEVELOPPIECES:0.4960552732685594
C_MATERIAL:0.5029781852088131
C_MOVECOUNT:0.5123781447033238
C_PAWNMOVEMENT:0.479399988874862
