ELO:1023
CE_PASSEDPAWNS:0.4554646723926244
CE_PAWNWEAKNESSES:0.48043733275100864
CE_PIECEACTIVITY:0.454485068440216
CE_KINGPAWNSHIELD:0.5229005282181557
CE_PIECECOORDINATION:0.4434159924639196
CE_MATERIAL:0.5273380975786379
CE_KINGSAFETY:0.5031872983017239
C_PIECESQUARETABLES:0.4826184963049358
C_MOBILITY:0.6111624112725
C_KINGSAFETY:0.586233867722435
C_PAWNSTRUCTURE:0.5023682925991598
C_PIECECOORDINATION:0.5947043002415764
C_ROOKANDPAWNMOVEMENT:0.5947043002415764
C_CENTERCONTROL:0.49707567934273184
C_DEVELOPPIECES:0.5213820053570707
C_MATERIAL:0.5329055732558133
