ELO:920
CE_PASSEDPAWNS:0.47763400265773587
CE_PAWNWEAKNESSES:0.47720126094749654
CE_PIECEACTIVITY:0.5039192778556408
CE_KINGPAWNSHIELD:0.5099454551551419
CE_PIECECOORDINATION:0.4757325010810175
CE_MATERIAL:0.474091883091478
CE_KINGSAFETY:0.5084459244445688
C_PIECESQUARETABLES:0.4839199950582146
C_MOBILITY:0.48126782127956025
C_KINGSAFETY:0.5074253962180082
C_PAWNSTRUCTURE:0.5000147308935797
C_PIECECOORDINATION:0.49787611560568296
C_ROOK:0.5347564678635064
CE_ROOK:0.5076694008588748
C_CENTERCONTROL:0.4780487000305404
C_DEVELOPPIECES:0.549636719193789
C_MATERIAL:0.492224762465564
C_MOVECOUNT:0.4854828405927662
C_PAWNMOVEMENT:0.4847402487996623
