ELO:1000
CE_PASSEDPAWNS:0.448114546993093
CE_PAWNWEAKNESSES:0.5028134605031666
CE_PIECEACTIVITY:0.4808035294583695
CE_KINGPAWNSHIELD:0.5069857941395378
CE_PIECECOORDINATION:0.5628218827659461
CE_MATERIAL:0.474349294679141
CE_KINGSAFETY:0.48840221922654187
C_PIECESQUARETABLES:0.5216220549582588
C_MOBILITY:0.5180722820826225
C_KINGSAFETY:0.4865388842039148
C_PAWNSTRUCTURE:0.5064146491474756
C_PIECECOORDINATION:0.5231938306266255
C_ROOKANDPAWNMOVEMENT:0.5231938306266255
C_CENTERCONTROL:0.4956416689704619
C_DEVELOPPIECES:0.49271416930880146
C_MATERIAL:0.5077771930908076
