ELO:937
CE_PASSEDPAWNS:0.43333687370405183
CE_PAWNWEAKNESSES:0.4946572275738965
CE_PIECEACTIVITY:0.5073452710435017
CE_KINGPAWNSHIELD:0.5626417867556277
CE_PIECECOORDINATION:0.5257072791628951
CE_MATERIAL:0.46899171024812714
CE_KINGSAFETY:0.4835814541065776
C_PIECESQUARETABLES:0.5
C_MOBILITY:0.4989253655426183
C_KINGSAFETY:0.49780284784480666
C_PAWNSTRUCTURE:0.5173199626470429
C_PIECECOORDINATION:0.5143907293559846
C_ROOKANDPAWNMOVEMENT:0.5143907293559846
C_CENTERCONTROL:0.5436667196440742
C_DEVELOPPIECES:0.48471960610739545
C_MATERIAL:0.5504815034361098
