ELO:974
CE_PASSEDPAWNS:0.4997234928745617
CE_PAWNWEAKNESSES:0.5519077950593172
CE_PIECEACTIVITY:0.5037794796456295
CE_KINGPAWNSHIELD:0.479173758562018
CE_PIECECOORDINATION:0.48862393776568663
CE_MATERIAL:0.47420139004120054
CE_KINGSAFETY:0.5
C_PIECESQUARETABLES:0.5
C_MOBILITY:0.46989050929214177
C_KINGSAFETY:0.5264639738924504
C_PAWNSTRUCTURE:0.5050995289795378
C_PIECECOORDINATION:0.5323246319549877
C_ROOK:0.4984338265937287
CE_ROOK:0.49595478811778415
C_CENTERCONTROL:0.4746938423660267
C_DEVELOPPIECES:0.537502768623673
C_MATERIAL:0.46060455042955506
C_MOVECOUNT:0.4937067078428488
C_PAWNMOVEMENT:0.4733491807054828
