ELO:993
CE_PASSEDPAWNS:0.503134404356649
CE_PAWNWEAKNESSES:0.49987546230825664
CE_PIECEACTIVITY:0.49643768090138957
CE_KINGPAWNSHIELD:0.502502342044604
CE_PIECECOORDINATION:0.49185149413540324
CE_MATERIAL:0.4854788915793009
CE_KINGSAFETY:0.5
C_PIECESQUARETABLES:0.5
C_MOBILITY:0.4935323416243412
C_KINGSAFETY:0.4927880055114448
C_PAWNSTRUCTURE:0.4837383007394563
C_PIECECOORDINATION:0.4806733808675069
C_ROOKANDPAWNMOVEMENT:0.4806733808675069
C_CENTERCONTROL:0.5
C_DEVELOPPIECES:0.4905316953930932
C_MATERIAL:0.5123520353131434
C_MOVECOUNT:0.5325756891719334
