ELO:981
CE_PASSEDPAWNS:0.5027885654044989
CE_PAWNWEAKNESSES:0.4623836865989056
CE_PIECEACTIVITY:0.5017174327322741
CE_KINGPAWNSHIELD:0.5015314867403362
CE_PIECECOORDINATION:0.5035629193489104
CE_MATERIAL:0.48638848684853603
CE_KINGSAFETY:0.49544045383349894
C_PIECESQUARETABLES:0.495571430373531
C_MOBILITY:0.501575828209149
C_KINGSAFETY:0.494244186118567
C_PAWNSTRUCTURE:0.47875906947765107
C_PIECECOORDINATION:0.5214892225183783
C_ROOK:0.5375696180018175
CE_ROOK:0.5135408598623666
C_CENTERCONTROL:0.5064946862139831
C_DEVELOPPIECES:0.49778111311249335
C_MATERIAL:0.5028110968219632
C_MOVECOUNT:0.45645335474774623
C_PAWNMOVEMENT:0.5003787379197111
