ELO:965
CE_PASSEDPAWNS:0.482189707318733
CE_PAWNWEAKNESSES:0.5323183028553508
CE_PIECEACTIVITY:0.497703868742837
CE_KINGPAWNSHIELD:0.4877987262153042
CE_PIECECOORDINATION:0.4974388240613745
CE_MATERIAL:0.5232874358031067
CE_KINGSAFETY:0.5
C_PIECESQUARETABLES:0.5
C_MOBILITY:0.48517342573546374
C_KINGSAFETY:0.5125258110192741
C_PAWNSTRUCTURE:0.5197121028494018
C_PIECECOORDINATION:0.49799449173777066
C_ROOK:0.4657603973616968
CE_ROOK:0.49523984459034853
C_CENTERCONTROL:0.4571152685016643
C_DEVELOPPIECES:0.5159131517034422
C_MATERIAL:0.45976700344647287
C_MOVECOUNT:0.4912581741738625
C_PAWNMOVEMENT:0.47745900606331554
