ELO:884
CE_PASSEDPAWNS:0.46615364673587495
CE_PAWNWEAKNESSES:0.47174751111398283
CE_PIECEACTIVITY:0.6036368172448521
CE_KINGPAWNSHIELD:0.5102691120083361
CE_PIECECOORDINATION:0.5036373807172069
CE_MATERIAL:0.4684958686410319
CE_KINGSAFETY:0.4828237920064062
C_PIECESQUARETABLES:0.4928601178764254
C_MOBILITY:0.3356262281525536
C_KINGSAFETY:0.5563680461189181
C_PAWNSTRUCTURE:0.5638099822323581
C_PIECECOORDINATION:0.4295040595388065
C_ROOKANDPAWNMOVEMENT:0.4295040595388065
C_CENTERCONTROL:0.49363320340090866
C_DEVELOPPIECES:0.4649814653477764
C_MATERIAL:0.5265559148767408
