ELO:911
CE_PASSEDPAWNS:0.49527560187567665
CE_PAWNWEAKNESSES:0.49393253139880666
CE_PIECEACTIVITY:0.4933266530040156
CE_KINGPAWNSHIELD:0.4993113079765067
CE_PIECECOORDINATION:0.523532617194487
CE_MATERIAL:0.5011891941943821
CE_KINGSAFETY:0.5136121269627179
C_PIECESQUARETABLES:0.5219778652497002
C_MOBILITY:0.5245813612291523
C_KINGSAFETY:0.5026511781725079
C_PAWNSTRUCTURE:0.46441668675415626
C_PIECECOORDINATION:0.5156022809737727
C_ROOKANDPAWNMOVEMENT:0.5156022809737727
C_CENTERCONTROL:0.5348304133592923
C_DEVELOPPIECES:0.46129413862913937
C_MATERIAL:0.43623004735290777
C_MOVECOUNT:0.5176426674997474
