ELO:808
CE_PASSEDPAWNS:0.6293460431420442
CE_PAWNWEAKNESSES:0.5259208718833698
CE_PIECEACTIVITY:0.4379937026273691
CE_KINGPAWNSHIELD:0.4631428370157435
CE_PIECECOORDINATION:0.4802780829889954
CE_MATERIAL:0.5138040533479987
CE_KINGSAFETY:0.505418474515969
C_PIECESQUARETABLES:0.5092091714977538
C_MOBILITY:0.5277100077092706
C_KINGSAFETY:0.4585978380239403
C_PAWNSTRUCTURE:0.5450404278318481
C_PIECECOORDINATION:0.4632729890019645
C_ROOKANDPAWNMOVEMENT:0.4632729890019645
C_CENTERCONTROL:0.4755568673328779
C_DEVELOPPIECES:0.5065858503501545
C_MATERIAL:0.44844261164131116
C_MOVECOUNT:0.5
