ELO:848
CE_PASSEDPAWNS:0.6032953480655554
CE_PAWNWEAKNESSES:0.5109977191330447
CE_PIECEACTIVITY:0.47126350828652985
CE_KINGPAWNSHIELD:0.48823772305881397
CE_PIECECOORDINATION:0.5252767001604254
CE_MATERIAL:0.48871005018586583
CE_KINGSAFETY:0.5088773110790121
C_PIECESQUARETABLES:0.5184381248866353
C_MOBILITY:0.5109621408155339
C_KINGSAFETY:0.5133084525757121
C_PAWNSTRUCTURE:0.5109149043691651
C_PIECECOORDINATION:0.49615700828519266
C_ROOKANDPAWNMOVEMENT:0.49615700828519266
C_CENTERCONTROL:0.5031038753538558
C_DEVELOPPIECES:0.5073567120703152
C_MATERIAL:0.47870207410684934
C_MOVECOUNT:0.5
