ELO:916
CE_PASSEDPAWNS:0.4718397248895487
CE_PAWNWEAKNESSES:0.44281625525553575
CE_PIECEACTIVITY:0.5041644226525207
CE_KINGPAWNSHIELD:0.6166715461949254
CE_PIECECOORDINATION:0.5648719209090538
CE_MATERIAL:0.4420179585698897
CE_KINGSAFETY:0.49334012871943717
C_PIECESQUARETABLES:0.5
C_MOBILITY:0.4490890803381109
C_KINGSAFETY:0.4494685914856639
C_PAWNSTRUCTURE:0.5273338773181736
C_PIECECOORDINATION:0.5635251814267118
C_ROOKANDPAWNMOVEMENT:0.5635251814267118
C_CENTERCONTROL:0.5759332122565028
C_DEVELOPPIECES:0.4302494539131402
C_MATERIAL:0.5826989439491304
