ELO:1043
CE_PASSEDPAWNS:0.4287281369871026
CE_PAWNWEAKNESSES:0.47279872287809627
CE_PIECEACTIVITY:0.42931222046788853
CE_KINGPAWNSHIELD:0.5188814387178736
CE_PIECECOORDINATION:0.5245974958184386
CE_MATERIAL:0.535468753986263
CE_KINGSAFETY:0.5
C_PIECESQUARETABLES:0.5
C_MOBILITY:0.5858264840274547
C_KINGSAFETY:0.4381987005232809
C_PAWNSTRUCTURE:0.534045671271604
C_PIECECOORDINATION:0.617331207451572
C_ROOKANDPAWNMOVEMENT:0.617331207451572
C_CENTERCONTROL:0.47417192865301605
C_DEVELOPPIECES:0.4725698550021297
C_MATERIAL:0.5371406242857507
