ELO:1154
CE_PASSEDPAWNS:0.5955037066111589
CE_PAWNWEAKNESSES:0.4800719337683516
CE_PIECEACTIVITY:0.47707812532962285
CE_KINGPAWNSHIELD:0.42113067495985607
CE_PIECECOORDINATION:0.5707969823983154
CE_MATERIAL:0.45169883639644864
CE_KINGSAFETY:0.5
C_PIECESQUARETABLES:0.5
C_MOBILITY:0.4455170774255024
C_KINGSAFETY:0.30807903020254146
C_PAWNSTRUCTURE:0.4581348497203184
C_PIECECOORDINATION:0.4890304940126096
C_ROOKANDPAWNMOVEMENT:0.4890304940126096
C_CENTERCONTROL:0.4971758326519334
C_DEVELOPPIECES:0.47642011987690713
C_MATERIAL:0.3731899330491208
