ELO:685
CE_PASSEDPAWNS:0.6830468515400377
CE_PAWNWEAKNESSES:0.5092699508213315
CE_PIECEACTIVITY:0.5000609383971688
CE_KINGPAWNSHIELD:0.524121474618333
CE_PIECECOORDINATION:0.45569880525963974
CE_MATERIAL:0.6286404390190117
CE_KINGSAFETY:0.5
C_PIECESQUARETABLES:0.5
C_MOBILITY:0.524978992205549
C_KINGSAFETY:0.47374071663702616
C_PAWNSTRUCTURE:0.5061711186950867
C_PIECECOORDINATION:0.4245637798843486
C_ROOKANDPAWNMOVEMENT:0.4245637798843486
C_CENTERCONTROL:0.5327332302683002
C_DEVELOPPIECES:0.5396098847641511
C_MATERIAL:0.4800434846376808
C_MOVECOUNT:0.5011184886680069
