ELO:1169
CE_PASSEDPAWNS:0.4382366343002822
CE_PAWNWEAKNESSES:0.49763212905386317
CE_PIECEACTIVITY:0.47984922004180997
CE_KINGPAWNSHIELD:0.4852406563514063
CE_PIECECOORDINATION:0.4873024344899622
CE_MATERIAL:0.38509933662185003
CE_KINGSAFETY:0.50499378544613
C_PIECESQUARETABLES:0.494421585624499
C_MOBILITY:0.4253203527197838
C_KINGSAFETY:0.4454095452405123
C_PAWNSTRUCTURE:0.5766222424739945
C_PIECECOORDINATION:0.5450051674444382
C_ROOKANDPAWNMOVEMENT:0.5450051674444382
C_CENTERCONTROL:0.5608952587422927
C_DEVELOPPIECES:0.522277324323065
C_MATERIAL:0.5884070883677186
