ELO:1084
CE_PASSEDPAWNS:0.4562538120481764
CE_PAWNWEAKNESSES:0.4068430191148758
CE_PIECEACTIVITY:0.4803215077711871
CE_KINGPAWNSHIELD:0.4088177871791354
CE_PIECECOORDINATION:0.463969109980546
CE_MATERIAL:0.45855833170708776
CE_KINGSAFETY:0.5142867599388704
C_PIECESQUARETABLES:0.5095935590492789
C_MOBILITY:0.40634559944141646
C_KINGSAFETY:0.612453626911979
C_PAWNSTRUCTURE:0.4360815195021173
C_PIECECOORDINATION:0.4883994946511447
C_ROOKANDPAWNMOVEMENT:0.4883994946511447
C_CENTERCONTROL:0.529690399571436
C_DEVELOPPIECES:0.5567635790189919
C_MATERIAL:0.38958653062738
