ELO:908
CE_PASSEDPAWNS:0.5099229195457546
CE_PAWNWEAKNESSES:0.4830571767570552
CE_PIECEACTIVITY:0.5200447020241838
CE_KINGPAWNSHIELD:0.4615335890839434
CE_PIECECOORDINATION:0.5274765846474863
CE_MATERIAL:0.5017858053125347
CE_KINGSAFETY:0.5555136843060673
C_PIECESQUARETABLES:0.5157138329704966
C_MOBILITY:0.5171616195372161
C_KINGSAFETY:0.5341084379840678
C_PAWNSTRUCTURE:0.5209530588090407
C_PIECECOORDINATION:0.5123127922090892
C_ROOKANDPAWNMOVEMENT:0.5123127922090892
C_CENTERCONTROL:0.4633290236538381
C_DEVELOPPIECES:0.5151164389932109
C_MATERIAL:0.48442491173463015
C_MOVECOUNT:0.5
