ELO:987
CE_PASSEDPAWNS:0.5691662330637511
CE_PAWNWEAKNESSES:0.5037040421404655
CE_PIECEACTIVITY:0.4563579873306678
CE_KINGPAWNSHIELD:0.495345703881642
CE_PIECECOORDINATION:0.5105746086699043
CE_MATERIAL:0.5216240577375482
CE_KINGSAFETY:0.437695996459416
C_PIECESQUARETABLES:0.5141628554910824
C_MOBILITY:0.5298988565493383
C_KINGSAFETY:0.45654697329645144
C_PAWNSTRUCTURE:0.42710968302985836
C_PIECECOORDINATION:0.48026922585133086
C_ROOKANDPAWNMOVEMENT:0.48026922585133086
C_CENTERCONTROL:0.5341851797133791
C_DEVELOPPIECES:0.4887652018327122
C_MATERIAL:0.6075618593154254
