ELO:968
CE_PASSEDPAWNS:0.4834759294108793
CE_PAWNWEAKNESSES:0.4946008251587399
CE_PIECEACTIVITY:0.47772852019837214
CE_KINGPAWNSHIELD:0.5230718587801828
CE_PIECECOORDINATION:0.5516089874106834
CE_MATERIAL:0.5644269457452779
CE_KINGSAFETY:0.506486191272028
C_PIECESQUARETABLES:0.4789829939273425
C_MOBILITY:0.39630129621852855
C_KINGSAFETY:0.4534089064963769
C_PAWNSTRUCTURE:0.5943306312144409
C_PIECECOORDINATION:0.583074157247383
C_ROOKANDPAWNMOVEMENT:0.583074157247383
C_CENTERCONTROL:0.3806313839479887
C_DEVELOPPIECES:0.549391980278913
C_MATERIAL:0.5107421505211891
