ELO:900
CE_PASSEDPAWNS:0.505884895023299
CE_PAWNWEAKNESSES:0.5139483590760192
CE_PIECEACTIVITY:0.49399194880753144
CE_KINGPAWNSHIELD:0.49103397792279174
CE_PIECECOORDINATION:0.4920602943808303
CE_MATERIAL:0.5163301187996687
CE_KINGSAFETY:0.5111737357563977
C_PIECESQUARETABLES:0.5
C_MOBILITY:0.4959874724258082
C_KINGSAFETY:0.5228860662166377
C_PAWNSTRUCTURE:0.45244000371539783
C_PIECECOORDINATION:0.48073278204091896
C_ROOK:0.49023767218666214
CE_ROOK:0.49557727222719566
C_CENTERCONTROL:0.5213886690854523
C_DEVELOPPIECES:0.4750827594646758
C_MATERIAL:0.5056695131324339
C_MOVECOUNT:0.49242721395834427
C_PAWNMOVEMENT:0.4909062349829421
