ELO:931
CE_PASSEDPAWNS:0.49723800853817707
CE_PAWNWEAKNESSES:0.5123243518436471
CE_PIECEACTIVITY:0.49808745277971744
CE_KINGPAWNSHIELD:0.49138540264957176
CE_PIECECOORDINATION:0.49780800573961387
CE_MATERIAL:0.5155059941300385
CE_KINGSAFETY:0.5016490540235661
C_PIECESQUARETABLES:0.49431405979924214
C_MOBILITY:0.46541798453759303
C_KINGSAFETY:0.5172106105862578
C_PAWNSTRUCTURE:0.44842739648607954
C_PIECECOORDINATION:0.4982967623450826
C_ROOK:0.502305550795075
CE_ROOK:0.49352841270613323
C_CENTERCONTROL:0.49899489243909145
C_DEVELOPPIECES:0.4981179527249338
C_MATERIAL:0.49495665150234647
C_MOVECOUNT:0.49428681388829393
C_PAWNMOVEMENT:0.5026964181743795
