ELO:966
CE_PASSEDPAWNS:0.46669294483591084
CE_PAWNWEAKNESSES:0.5354123802436298
CE_PIECEACTIVITY:0.49652598235968726
CE_KINGPAWNSHIELD:0.5725754676592404
CE_PIECECOORDINATION:0.5169413148531734
CE_MATERIAL:0.461750998664354
CE_KINGSAFETY:0.5217581522139818
C_PIECESQUARETABLES:0.5
C_MOBILITY:0.4573983905616754
C_KINGSAFETY:0.4885810562261294
C_PAWNSTRUCTURE:0.5241870210550309
C_PIECECOORDINATION:0.46312353801760825
C_ROOKANDPAWNMOVEMENT:0.46312353801760825
C_CENTERCONTROL:0.49578880236418815
C_DEVELOPPIECES:0.5403929316787407
C_MATERIAL:0.5134737416674454
C_MOVECOUNT:0.5166713663190483
