ELO:984
CE_PASSEDPAWNS:0.5079230402200513
CE_PAWNWEAKNESSES:0.5067450337671211
CE_PIECEACTIVITY:0.5091782538076735
CE_KINGPAWNSHIELD:0.4936894923231201
CE_PIECECOORDINATION:0.5099656844607285
CE_MATERIAL:0.5052409652759049
CE_KINGSAFETY:0.4959148991555905
C_PIECESQUARETABLES:0.508555450763123
C_MOBILITY:0.46869356653447264
C_KINGSAFETY:0.5196135052670884
C_PAWNSTRUCTURE:0.4692826751315641
C_PIECECOORDINATION:0.4908217856870407
C_ROOK:0.5269924381831841
CE_ROOK:0.482900323471801
C_CENTERCONTROL:0.5062580078524227
C_DEVELOPPIECES:0.5172815704945601
C_MATERIAL:0.4929329082966314
C_MOVECOUNT:0.49116804383692675
C_PAWNMOVEMENT:0.4902957659538319
