ELO:1000
CE_PASSEDPAWNS:0.5589263662905432
CE_PAWNWEAKNESSES:0.4998038783484471
CE_PIECEACTIVITY:0.5359166111889464
CE_KINGPAWNSHIELD:0.5077559089033379
CE_PIECECOORDINATION:0.48504344634070984
CE_MATERIAL:0.5151244925461375
CE_KINGSAFETY:0.5
C_PIECESQUARETABLES:0.5
C_MOBILITY:0.5689223079163399
C_KINGSAFETY:0.4963380370500246
C_PAWNSTRUCTURE:0.45652745833331027
C_PIECECOORDINATION:0.4686319674060686
C_ROOKANDPAWNMOVEMENT:0.4686319674060686
C_CENTERCONTROL:0.5198464352150223
C_DEVELOPPIECES:0.471457454281093
C_MATERIAL:0.5380567749681165
