ELO:938
CE_PASSEDPAWNS:0.5111205199287276
CE_PAWNWEAKNESSES:0.5
CE_PIECEACTIVITY:0.5408661623743616
CE_KINGPAWNSHIELD:0.4691964658821853
CE_PIECECOORDINATION:0.5577657175163869
CE_MATERIAL:0.44593217141290187
CE_KINGSAFETY:0.5072802157855971
C_PIECESQUARETABLES:0.516788512247029
C_MOBILITY:0.49686095104687356
C_KINGSAFETY:0.46560955166983026
C_PAWNSTRUCTURE:0.5250579209283573
C_PIECECOORDINATION:0.5855682417502374
C_ROOKANDPAWNMOVEMENT:0.5855682417502374
C_CENTERCONTROL:0.49525592787221795
C_DEVELOPPIECES:0.4985900262290255
C_MATERIAL:0.5120686803392624
C_MOVECOUNT:0.5
