ELO:927
CE_PASSEDPAWNS:0.5493048812238394
CE_PAWNWEAKNESSES:0.5213402880580419
CE_PIECEACTIVITY:0.5253488415156129
CE_KINGPAWNSHIELD:0.5327372530986952
CE_PIECECOORDINATION:0.5347676119800716
CE_MATERIAL:0.47066486746432656
CE_KINGSAFETY:0.543979350857387
C_PIECESQUARETABLES:0.4931853173041235
C_MOBILITY:0.5063253306900464
C_KINGSAFETY:0.539656443356043
C_PAWNSTRUCTURE:0.5272477064955852
C_PIECECOORDINATION:0.5197706831299165
C_ROOKANDPAWNMOVEMENT:0.5197706831299165
C_CENTERCONTROL:0.4981752336177495
C_DEVELOPPIECES:0.4725073564925931
C_MATERIAL:0.5372011731226172
C_MOVECOUNT:0.5
