ELO:1012
CE_PASSEDPAWNS:0.4538902161281256
CE_PAWNWEAKNESSES:0.466268242912407
CE_PIECEACTIVITY:0.5117390430538529
CE_KINGPAWNSHIELD:0.48871042208150695
CE_PIECECOORDINATION:0.49822569321279075
CE_MATERIAL:0.4822822711650364
CE_KINGSAFETY:0.5
C_PIECESQUARETABLES:0.49402534281457716
C_MOBILITY:0.506767796663473
C_KINGSAFETY:0.5381447205163897
C_PAWNSTRUCTURE:0.5003556573624544
C_PIECECOORDINATION:0.4888683411754388
C_ROOKANDPAWNMOVEMENT:0.4888683411754388
C_CENTERCONTROL:0.48793335003489674
C_DEVELOPPIECES:0.4931218282176906
C_MATERIAL:0.5284314748116213
C_MOVECOUNT:0.5478615456936733
