ELO:944
CE_PASSEDPAWNS:0.48525523202720133
CE_PAWNWEAKNESSES:0.4613923006222379
CE_PIECEACTIVITY:0.4614592115670384
CE_KINGPAWNSHIELD:0.5475134082666336
CE_PIECECOORDINATION:0.554892698391644
CE_MATERIAL:0.5412868662308523
CE_KINGSAFETY:0.4941337471120679
C_PIECESQUARETABLES:0.4730461534878814
C_MOBILITY:0.41985786788230317
C_KINGSAFETY:0.4547287726432131
C_PAWNSTRUCTURE:0.616869192738119
C_PIECECOORDINATION:0.6084769409970674
C_ROOKANDPAWNMOVEMENT:0.6084769409970674
C_CENTERCONTROL:0.3647597285581071
C_DEVELOPPIECES:0.5454393372685222
C_MATERIAL:0.5282660463336397
