ELO:880
CE_PASSEDPAWNS:0.5036126731930024
CE_PAWNWEAKNESSES:0.5166856825582732
CE_PIECEACTIVITY:0.49399194880753144
CE_KINGPAWNSHIELD:0.4968139198774267
CE_PIECECOORDINATION:0.5061934596561674
CE_MATERIAL:0.5305197140972006
CE_KINGSAFETY:0.507070637546216
C_PIECESQUARETABLES:0.49798521653988337
C_MOBILITY:0.5177396636150519
C_KINGSAFETY:0.5124000359333586
C_PAWNSTRUCTURE:0.45244000371539783
C_PIECECOORDINATION:0.4870679225971901
C_ROOK:0.49023767218666214
CE_ROOK:0.4835882834374375
C_CENTERCONTROL:0.5213886690854523
C_DEVELOPPIECES:0.47279741082732785
C_MATERIAL:0.5034501904274409
C_MOVECOUNT:0.48264477791115956
C_PAWNMOVEMENT:0.47563386122213425
