ELO:1016
CE_PASSEDPAWNS:0.5126236326657874
CE_PAWNWEAKNESSES:0.5
CE_PIECEACTIVITY:0.5055530111649618
CE_KINGPAWNSHIELD:0.5
CE_PIECECOORDINATION:0.4939224972474144
CE_MATERIAL:0.5
CE_KINGSAFETY:0.5
C_PIECESQUARETABLES:0.5
C_MOBILITY:0.5
C_KINGSAFETY:0.4928087570357138
C_PAWNSTRUCTURE:0.5
C_PIECECOORDINATION:0.5
C_ROOKANDPAWNMOVEMENT:0.5
C_CENTERCONTROL:0.5204779512648159
C_DEVELOPPIECES:0.5029748558464427
C_MATERIAL:0.5047776193780118
C_MOVECOUNT:0.5101682448055964
