ELO:990
CE_PASSEDPAWNS:0.39792981371987557
CE_PAWNWEAKNESSES:0.4449176979510626
CE_PIECEACTIVITY:0.5101084696997427
CE_KINGPAWNSHIELD:0.513110255752908
CE_PIECECOORDINATION:0.6008383683890817
CE_MATERIAL:0.4244086625391592
CE_KINGSAFETY:0.5
C_PIECESQUARETABLES:0.5
C_MOBILITY:0.6173539262301462
C_KINGSAFETY:0.5738886582227011
C_PAWNSTRUCTURE:0.62436365227218
C_PIECECOORDINATION:0.6135308168497035
C_ROOKANDPAWNMOVEMENT:0.6135308168497035
C_CENTERCONTROL:0.3678330028681369
C_DEVELOPPIECES:0.559487506734143
C_MATERIAL:0.5822714204080871
