ELO:971
CE_PASSEDPAWNS:0.48861771253864034
CE_PAWNWEAKNESSES:0.4606136030553817
CE_PIECEACTIVITY:0.48544830168842545
CE_KINGPAWNSHIELD:0.45617402374369553
CE_PIECECOORDINATION:0.5135868777714362
CE_MATERIAL:0.5101946694192654
CE_KINGSAFETY:0.49866849824335246
C_PIECESQUARETABLES:0.4949501486992644
C_MOBILITY:0.5086041341562193
C_KINGSAFETY:0.4879845410919336
C_PAWNSTRUCTURE:0.5069573382578586
C_PIECECOORDINATION:0.47387302185068403
C_ROOK:0.5
CE_ROOK:0.5
C_CENTERCONTROL:0.4977812995015009
C_DEVELOPPIECES:0.49811187137156376
C_MATERIAL:0.5006982396940057
C_MOVECOUNT:0.4880849460014017
C_PAWNMOVEMENT:0.5
