ELO:948
CE_PASSEDPAWNS:0.5055015222654156
CE_PAWNWEAKNESSES:0.5869824902928948
CE_PIECEACTIVITY:0.49165984890957753
CE_KINGPAWNSHIELD:0.4620702443907293
CE_PIECECOORDINATION:0.5798938329617354
CE_MATERIAL:0.5822608601471002
CE_KINGSAFETY:0.5231311435173668
C_PIECESQUARETABLES:0.4995407905024298
C_MOBILITY:0.4354046038985138
C_KINGSAFETY:0.4708980992762274
C_PAWNSTRUCTURE:0.4182842374023628
C_PIECECOORDINATION:0.4993778414746571
C_ROOKANDPAWNMOVEMENT:0.4993778414746571
C_CENTERCONTROL:0.46073984518347166
C_DEVELOPPIECES:0.4365160076700678
C_MATERIAL:0.6306872702876489
