ELO:993
CE_PASSEDPAWNS:0.5014787382376038
CE_PAWNWEAKNESSES:0.49080911620112166
CE_PIECEACTIVITY:0.5254961770858189
CE_KINGPAWNSHIELD:0.5086253395459225
CE_PIECECOORDINATION:0.4971719703065082
CE_MATERIAL:0.5005133048284875
CE_KINGSAFETY:0.49578462089115577
C_PIECESQUARETABLES:0.5
C_MOBILITY:0.4949541577695115
C_KINGSAFETY:0.5024940692122671
C_PAWNSTRUCTURE:0.5011073572257332
C_PIECECOORDINATION:0.5056396644572085
C_ROOKANDPAWNMOVEMENT:0.5056396644572085
C_CENTERCONTROL:0.48190421921068
C_DEVELOPPIECES:0.5
C_MATERIAL:0.4769456282290482
C_MOVECOUNT:0.4884124607284497
