ELO:1018
CE_PASSEDPAWNS:0.4735989909741357
CE_PAWNWEAKNESSES:0.48725677937248985
CE_PIECEACTIVITY:0.5147162571672295
CE_KINGPAWNSHIELD:0.5049619192046575
CE_PIECECOORDINATION:0.5648520936724691
CE_MATERIAL:0.5414621675469347
CE_KINGSAFETY:0.5
C_PIECESQUARETABLES:0.4961369782483411
C_MOBILITY:0.46196206624535074
C_KINGSAFETY:0.4307670105670186
C_PAWNSTRUCTURE:0.5837231205680339
C_PIECECOORDINATION:0.541982984321547
C_ROOKANDPAWNMOVEMENT:0.541982984321547
C_CENTERCONTROL:0.42801646947193284
C_DEVELOPPIECES:0.5432872349896715
C_MATERIAL:0.528432716844447
