ELO:1000
CE_PASSEDPAWNS:0.5
CE_PAWNWEAKNESSES:0.5
CE_PIECEACTIVITY:0.5
CE_KINGPAWNSHIELD:0.4970011304654588
CE_PIECECOORDINATION:0.5065725810739012
CE_MATERIAL:0.49060641947199407
CE_KINGSAFETY:0.5082421007367781
C_PIECESQUARETABLES:0.5
C_MOBILITY:0.5087999864309428
C_KINGSAFETY:0.5105803532361213
C_PAWNSTRUCTURE:0.48961623195284265
C_PIECECOORDINATION:0.4959647745077787
C_ROOKANDPAWNMOVEMENT:0.4959647745077787
C_CENTERCONTROL:0.5
C_DEVELOPPIECES:0.5
C_MATERIAL:0.5106584554105332
