ELO:1000
CE_PASSEDPAWNS:0.5028638327183377
CE_PAWNWEAKNESSES:0.5064973251005594
CE_PIECEACTIVITY:0.5
CE_KINGPAWNSHIELD:0.49398410584096747
CE_PIECECOORDINATION:0.5110362121516482
CE_MATERIAL:0.5
CE_KINGSAFETY:0.5020391011604776
C_PIECESQUARETABLES:0.5015788037041731
C_MOBILITY:0.48031625663124533
C_KINGSAFETY:0.4936553176523085
C_PAWNSTRUCTURE:0.4899250534704497
C_PIECECOORDINATION:0.4924934370105079
C_ROOK:0.5109442861529947
CE_ROOK:0.4916105952163759
C_CENTERCONTROL:0.5037676288339226
C_DEVELOPPIECES:0.5082706523322783
C_MATERIAL:0.4929329082966314
C_MOVECOUNT:0.4892123064524047
C_PAWNMOVEMENT:0.49879064811906826
