ELO:963
CE_PASSEDPAWNS:0.556364507126029
CE_PAWNWEAKNESSES:0.55002664834742
CE_PIECEACTIVITY:0.4299393703989957
CE_KINGPAWNSHIELD:0.461693500877752
CE_PIECECOORDINATION:0.5624591229221593
CE_MATERIAL:0.5172685475347025
CE_KINGSAFETY:0.5
C_PIECESQUARETABLES:0.5
C_MOBILITY:0.457815992298826
C_KINGSAFETY:0.44321305321812643
C_PAWNSTRUCTURE:0.39577571675216733
C_PIECECOORDINATION:0.5086579130608291
C_ROOKANDPAWNMOVEMENT:0.5086579130608291
C_CENTERCONTROL:0.4957013655005574
C_DEVELOPPIECES:0.4583232082507742
C_MATERIAL:0.6523631671776484
