ELO:1001
CE_PASSEDPAWNS:0.5
CE_PAWNWEAKNESSES:0.5124756532578099
CE_PIECEACTIVITY:0.4911294738659585
CE_KINGPAWNSHIELD:0.5036763675755741
CE_PIECECOORDINATION:0.4936090062779379
CE_MATERIAL:0.49338200528284026
CE_KINGSAFETY:0.5
C_PIECESQUARETABLES:0.5
C_MOBILITY:0.504289283076755
C_KINGSAFETY:0.4987110736972889
C_PAWNSTRUCTURE:0.5
C_PIECECOORDINATION:0.5
C_ROOKANDPAWNMOVEMENT:0.5
C_CENTERCONTROL:0.48190421921068
C_DEVELOPPIECES:0.48385459733236724
C_MATERIAL:0.508712479870481
C_MOVECOUNT:0.5080525367504611
