ELO:1009
CE_PASSEDPAWNS:0.5
CE_PAWNWEAKNESSES:0.49896472452861146
CE_PIECEACTIVITY:0.5040927269512957
CE_KINGPAWNSHIELD:0.5
CE_PIECECOORDINATION:0.5
CE_MATERIAL:0.5005873939086712
CE_KINGSAFETY:0.5093108055232636
C_PIECESQUARETABLES:0.5
C_MOBILITY:0.5
C_KINGSAFETY:0.5
C_PAWNSTRUCTURE:0.5060100826647114
C_PIECECOORDINATION:0.5
C_ROOKANDPAWNMOVEMENT:0.5
C_CENTERCONTROL:0.5149426153860373
C_DEVELOPPIECES:0.5
C_MATERIAL:0.4927759132343085
C_MOVECOUNT:0.5
