ELO:1000
CE_PASSEDPAWNS:0.514758170627557
CE_PAWNWEAKNESSES:0.4738736949534099
CE_PIECEACTIVITY:0.514173008212247
CE_KINGPAWNSHIELD:0.46552648093322807
CE_PIECECOORDINATION:0.5233485580928657
CE_MATERIAL:0.5129107771572725
CE_KINGSAFETY:0.5164508973101902
C_PIECESQUARETABLES:0.5289840903387102
C_MOBILITY:0.46383600819555043
C_KINGSAFETY:0.4923601521826313
C_PAWNSTRUCTURE:0.5148437603775219
C_PIECECOORDINATION:0.5175923725412644
C_ROOKANDPAWNMOVEMENT:0.5175923725412644
C_CENTERCONTROL:0.4585217057352865
C_DEVELOPPIECES:0.5088747687756399
C_MATERIAL:0.5145375745659077
