ELO:1000
CE_PASSEDPAWNS:0.5028638327183377
CE_PAWNWEAKNESSES:0.5044590600290358
CE_PIECEACTIVITY:0.5
CE_KINGPAWNSHIELD:0.4909963365947373
CE_PIECECOORDINATION:0.509610699615641
CE_MATERIAL:0.5
CE_KINGSAFETY:0.5106603920289206
C_PIECESQUARETABLES:0.5
C_MOBILITY:0.48031625663124533
C_KINGSAFETY:0.4907840179842915
C_PAWNSTRUCTURE:0.4899250534704497
C_PIECECOORDINATION:0.4924934370105079
C_ROOK:0.5109442861529947
CE_ROOK:0.5
C_CENTERCONTROL:0.4921674141633389
C_DEVELOPPIECES:0.5082706523322783
C_MATERIAL:0.4929329082966314
C_MOVECOUNT:0.5
C_PAWNMOVEMENT:0.49879064811906826
