ELO:960
CE_PASSEDPAWNS:0.47990512564198173
CE_PAWNWEAKNESSES:0.4776425058637486
CE_PIECEACTIVITY:0.4967692423729937
CE_KINGPAWNSHIELD:0.5
CE_PIECECOORDINATION:0.4934445725629852
CE_MATERIAL:0.48937164150852996
CE_KINGSAFETY:0.5100473574835453
C_PIECESQUARETABLES:0.5091503195652138
C_MOBILITY:0.5280959278037342
C_KINGSAFETY:0.5241908878750458
C_PAWNSTRUCTURE:0.4874260400859416
C_PIECECOORDINATION:0.5150871061844723
C_ROOKANDPAWNMOVEMENT:0.5150871061844723
C_CENTERCONTROL:0.4631951800278521
C_DEVELOPPIECES:0.5203400365924067
C_MATERIAL:0.5050872732236313
C_MOVECOUNT:0.5
