ELO:932
CE_PASSEDPAWNS:0.49723800853817707
CE_PAWNWEAKNESSES:0.5063557933194862
CE_PIECEACTIVITY:0.49808745277971744
CE_KINGPAWNSHIELD:0.4989290498295058
CE_PIECECOORDINATION:0.5081023730734684
CE_MATERIAL:0.5028145712578481
CE_KINGSAFETY:0.49380374143727884
C_PIECESQUARETABLES:0.5030933263820749
C_MOBILITY:0.46541798453759303
C_KINGSAFETY:0.5189994147372861
C_PAWNSTRUCTURE:0.45596719797930874
C_PIECECOORDINATION:0.4943082618696694
C_ROOK:0.501174795995744
CE_ROOK:0.48273146589583915
C_CENTERCONTROL:0.5084537913291673
C_DEVELOPPIECES:0.5148489961392091
C_MATERIAL:0.4896340272248785
C_MOVECOUNT:0.49428681388829393
C_PAWNMOVEMENT:0.5024667316622115
