ELO:984
CE_PASSEDPAWNS:0.4846990925557924
CE_PAWNWEAKNESSES:0.5
CE_PIECEACTIVITY:0.4836405731215736
CE_KINGPAWNSHIELD:0.5040562065847224
CE_PIECECOORDINATION:0.508911608063743
CE_MATERIAL:0.5185727646062466
CE_KINGSAFETY:0.49365454861215186
C_PIECESQUARETABLES:0.5158452057724285
C_MOBILITY:0.48925772478696156
C_KINGSAFETY:0.5
C_PAWNSTRUCTURE:0.49671776736638074
C_PIECECOORDINATION:0.5
C_ROOKANDPAWNMOVEMENT:0.5
C_CENTERCONTROL:0.48790180395590843
C_DEVELOPPIECES:0.5090236562191496
C_MATERIAL:0.4978221645748454
