ELO:959
CE_PASSEDPAWNS:0.5217012394639703
CE_PAWNWEAKNESSES:0.4949815575551709
CE_PIECEACTIVITY:0.4812445278805846
CE_KINGPAWNSHIELD:0.5202632596847591
CE_PIECECOORDINATION:0.5530715143443765
CE_MATERIAL:0.5339062691379034
CE_KINGSAFETY:0.5308524732550888
C_PIECESQUARETABLES:0.4674482284241935
C_MOBILITY:0.3904032119462718
C_KINGSAFETY:0.4696275925590395
C_PAWNSTRUCTURE:0.6104337173019071
C_PIECECOORDINATION:0.6126077595962309
C_ROOKANDPAWNMOVEMENT:0.6126077595962309
C_CENTERCONTROL:0.3773269802900511
C_DEVELOPPIECES:0.5315440632125807
C_MATERIAL:0.5261257917528442
