ELO:560
CE_PASSEDPAWNS:0.47453825789328
CE_PAWNWEAKNESSES:0.5231986997021664
CE_PIECEACTIVITY:0.4991792595374772
CE_KINGPAWNSHIELD:0.5491778019017761
CE_PIECECOORDINATION:0.3821203554028741
CE_MATERIAL:0.5108738098481141
CE_KINGSAFETY:0.4724473541473581
C_PIECESQUARETABLES:0.5257444743068852
C_MOBILITY:0.42679220718998484
C_KINGSAFETY:0.5733029888929045
C_PAWNSTRUCTURE:0.5606137185455732
C_PIECECOORDINATION:0.5125572810497291
C_ROOKANDPAWNMOVEMENT:0.5125572810497291
C_CENTERCONTROL:0.4457127446480744
C_DEVELOPPIECES:0.5485321880249724
C_MATERIAL:0.6265839157203279
C_MOVECOUNT:0.5096564309967624
