ELO:947
CE_PASSEDPAWNS:0.5167937359046313
CE_PAWNWEAKNESSES:0.4761586540722501
CE_PIECEACTIVITY:0.4533967268325243
CE_KINGPAWNSHIELD:0.5416861186241233
CE_PIECECOORDINATION:0.5509646432365884
CE_MATERIAL:0.5160593873634287
CE_KINGSAFETY:0.5
C_PIECESQUARETABLES:0.49988145876302237
C_MOBILITY:0.40037913703669614
C_KINGSAFETY:0.48872873693383095
C_PAWNSTRUCTURE:0.6066419772986108
C_PIECECOORDINATION:0.6170900416446083
C_ROOKANDPAWNMOVEMENT:0.6170900416446083
C_CENTERCONTROL:0.3815212975833905
C_DEVELOPPIECES:0.5553018876368928
C_MATERIAL:0.5395867376217348
