ELO:1000
CE_PASSEDPAWNS:0.505201903221593
CE_PAWNWEAKNESSES:0.4891643811437559
CE_PIECEACTIVITY:0.5303881478424846
CE_KINGPAWNSHIELD:0.4895346428871461
CE_PIECECOORDINATION:0.5294873828032026
CE_MATERIAL:0.5048636661229322
CE_KINGSAFETY:0.5242818778202645
C_PIECESQUARETABLES:0.5287176906121676
C_MOBILITY:0.479454997133159
C_KINGSAFETY:0.5197703510951497
C_PAWNSTRUCTURE:0.5005059405638822
C_PIECECOORDINATION:0.4902831698793208
C_ROOKANDPAWNMOVEMENT:0.4902831698793208
C_CENTERCONTROL:0.47824034962531997
C_DEVELOPPIECES:0.5131384983766196
C_MATERIAL:0.5214529891319888
