ELO:1093
CE_PASSEDPAWNS:0.6301507105626472
CE_PAWNWEAKNESSES:0.48209548364202626
CE_PIECEACTIVITY:0.4866203247457021
CE_KINGPAWNSHIELD:0.47001294427571755
CE_PIECECOORDINATION:0.47803508603542955
CE_MATERIAL:0.4482984429276949
CE_KINGSAFETY:0.5123192531607587
C_PIECESQUARETABLES:0.5045555004749863
C_MOBILITY:0.5328411173104911
C_KINGSAFETY:0.6009543595079152
C_PAWNSTRUCTURE:0.41040599071577993
C_PIECECOORDINATION:0.48430233874975176
C_ROOKANDPAWNMOVEMENT:0.48430233874975176
C_CENTERCONTROL:0.522633535324622
C_DEVELOPPIECES:0.5025746115922745
C_MATERIAL:0.3974801760140403
