ELO:967
CE_PASSEDPAWNS:0.46067005816655526
CE_PAWNWEAKNESSES:0.4684411945146241
CE_PIECEACTIVITY:0.4963987085731789
CE_KINGPAWNSHIELD:0.4878128628902102
CE_PIECECOORDINATION:0.5045553956579646
CE_MATERIAL:0.4829394018153875
CE_KINGSAFETY:0.5125943029684729
C_PIECESQUARETABLES:0.4908210797702824
C_MOBILITY:0.489579278835076
C_KINGSAFETY:0.5006555537064601
C_PAWNSTRUCTURE:0.49642463515824564
C_PIECECOORDINATION:0.5026740606884972
C_ROOKANDPAWNMOVEMENT:0.5026740606884972
C_CENTERCONTROL:0.49278548575068837
C_DEVELOPPIECES:0.4974365287604025
C_MATERIAL:0.4907680378767286
