ELO:912
CE_PASSEDPAWNS:0.4720143204950996
CE_PAWNWEAKNESSES:0.5038508776087586
CE_PIECEACTIVITY:0.43120849203292977
CE_KINGPAWNSHIELD:0.5904341846045167
CE_PIECECOORDINATION:0.5567979536227591
CE_MATERIAL:0.5134685314595768
CE_KINGSAFETY:0.5190981097220305
C_PIECESQUARETABLES:0.4615291078435204
C_MOBILITY:0.4266216212993562
C_KINGSAFETY:0.45748840110433614
C_PAWNSTRUCTURE:0.5973859895192665
C_PIECECOORDINATION:0.5607381941371532
C_ROOKANDPAWNMOVEMENT:0.5607381941371532
C_CENTERCONTROL:0.4158606089853068
C_DEVELOPPIECES:0.5334320013438428
C_MATERIAL:0.5287181772851345
