ELO:734
CE_PASSEDPAWNS:0.4856002933652865
CE_PAWNWEAKNESSES:0.5129874465670455
CE_PIECEACTIVITY:0.5285242642139757
CE_KINGPAWNSHIELD:0.5700025032648351
CE_PIECECOORDINATION:0.3882493536695975
CE_MATERIAL:0.46993815765311536
CE_KINGSAFETY:0.5018623745065225
C_PIECESQUARETABLES:0.5133062514021312
C_MOBILITY:0.466227774379361
C_KINGSAFETY:0.5517686707803101
C_PAWNSTRUCTURE:0.5168574865358302
C_PIECECOORDINATION:0.5300794631762816
C_ROOKANDPAWNMOVEMENT:0.5300794631762816
C_CENTERCONTROL:0.4641816034504336
C_DEVELOPPIECES:0.5257146032433283
C_MATERIAL:0.550088898862763
C_MOVECOUNT:0.5
