ELO:911
CE_PASSEDPAWNS:0.46480224177381624
CE_PAWNWEAKNESSES:0.46631739704652264
CE_PIECEACTIVITY:0.5048441930022626
CE_KINGPAWNSHIELD:0.5054355687946863
CE_PIECECOORDINATION:0.5206079285733349
CE_MATERIAL:0.491805987786771
CE_KINGSAFETY:0.5246723250384362
C_PIECESQUARETABLES:0.4827144097382294
C_MOBILITY:0.5069715166267543
C_KINGSAFETY:0.4845771110335094
C_PAWNSTRUCTURE:0.5073569039762368
C_PIECECOORDINATION:0.48714286613944136
C_ROOKANDPAWNMOVEMENT:0.48714286613944136
C_CENTERCONTROL:0.45739723986198105
C_DEVELOPPIECES:0.4780573556577942
C_MATERIAL:0.47181659648292795
