ELO:938
CE_PASSEDPAWNS:0.5001909980663173
CE_PAWNWEAKNESSES:0.4828295729489728
CE_PIECEACTIVITY:0.5143744848433289
CE_KINGPAWNSHIELD:0.5
CE_PIECECOORDINATION:0.4915035952536019
CE_MATERIAL:0.5024199307648213
CE_KINGSAFETY:0.49133986826568166
C_PIECESQUARETABLES:0.5116173357656754
C_MOBILITY:0.4532664349226648
C_KINGSAFETY:0.48671045911567273
C_PAWNSTRUCTURE:0.513607539195389
C_PIECECOORDINATION:0.49068762329220933
C_ROOKANDPAWNMOVEMENT:0.49068762329220933
C_CENTERCONTROL:0.482016112113608
C_DEVELOPPIECES:0.5041518064863928
C_MATERIAL:0.5444632456319911
C_MOVECOUNT:0.5
