ELO:973
CE_PASSEDPAWNS:0.5532498968306848
CE_PAWNWEAKNESSES:0.5484496442695307
CE_PIECEACTIVITY:0.4463900306532737
CE_KINGPAWNSHIELD:0.48666686161572575
CE_PIECECOORDINATION:0.527829236698616
CE_MATERIAL:0.5295693521375504
CE_KINGSAFETY:0.4177277967393734
C_PIECESQUARETABLES:0.5126316506576658
C_MOBILITY:0.47465639763643175
C_KINGSAFETY:0.42232710241126115
C_PAWNSTRUCTURE:0.4237911693154404
C_PIECECOORDINATION:0.5008759336841286
C_ROOKANDPAWNMOVEMENT:0.5008759336841286
C_CENTERCONTROL:0.5283862032790473
C_DEVELOPPIECES:0.5000071852980852
C_MATERIAL:0.6305851567111336
