ELO:990
CE_PASSEDPAWNS:0.5012836684078319
CE_PAWNWEAKNESSES:0.49934015319707165
CE_PIECEACTIVITY:0.5139426186613717
CE_KINGPAWNSHIELD:0.4981853512324668
CE_PIECECOORDINATION:0.5
CE_MATERIAL:0.5
CE_KINGSAFETY:0.5
C_PIECESQUARETABLES:0.5078806125086796
C_MOBILITY:0.4951433976966723
C_KINGSAFETY:0.5166164012410651
C_PAWNSTRUCTURE:0.4958841935136612
C_PIECECOORDINATION:0.5366890837997114
C_ROOKANDPAWNMOVEMENT:0.5366890837997114
C_CENTERCONTROL:0.5043569146651347
C_DEVELOPPIECES:0.48798910923176514
C_MATERIAL:0.5235583830091396
C_MOVECOUNT:0.5
