ELO:957
CE_PASSEDPAWNS:0.4836128976845743
CE_PAWNWEAKNESSES:0.4812443549117957
CE_PIECEACTIVITY:0.47341812068797223
CE_KINGPAWNSHIELD:0.5269411684154719
CE_PIECECOORDINATION:0.4692114279805411
CE_MATERIAL:0.5196464389414045
CE_KINGSAFETY:0.5256460828007902
C_PIECESQUARETABLES:0.5094133814424858
C_MOBILITY:0.5046115689622478
C_KINGSAFETY:0.5253775216563018
C_PAWNSTRUCTURE:0.4500035374276964
C_PIECECOORDINATION:0.45670100240494227
C_ROOKANDPAWNMOVEMENT:0.45670100240494227
C_CENTERCONTROL:0.4759519947809424
C_DEVELOPPIECES:0.501360000455344
C_MATERIAL:0.48697380845486565
C_MOVECOUNT:0.5221157682065781
