ELO:990
CE_PASSEDPAWNS:0.38799702812156156
CE_PAWNWEAKNESSES:0.4379647391266902
CE_PIECEACTIVITY:0.5036629940905194
CE_KINGPAWNSHIELD:0.513110255752908
CE_PIECECOORDINATION:0.6057005439739515
CE_MATERIAL:0.4082337353431979
CE_KINGSAFETY:0.49992866567481087
C_PIECESQUARETABLES:0.4934721374815988
C_MOBILITY:0.6106431556756368
C_KINGSAFETY:0.5738886582227011
C_PAWNSTRUCTURE:0.6277267782186063
C_PIECECOORDINATION:0.6226162108602019
C_ROOKANDPAWNMOVEMENT:0.6226162108602019
C_CENTERCONTROL:0.3678330028681369
C_DEVELOPPIECES:0.5569568685144827
C_MATERIAL:0.5756630400059508
