ELO:990
CE_PASSEDPAWNS:0.5101706580691122
CE_PAWNWEAKNESSES:0.489833093848965
CE_PIECEACTIVITY:0.502473926702442
CE_KINGPAWNSHIELD:0.5020845860120707
CE_PIECECOORDINATION:0.48907537289846736
CE_MATERIAL:0.5016869754440004
CE_KINGSAFETY:0.5
C_PIECESQUARETABLES:0.4938096166001085
C_MOBILITY:0.5
C_KINGSAFETY:0.5
C_PAWNSTRUCTURE:0.518920057678257
C_PIECECOORDINATION:0.5
C_ROOKANDPAWNMOVEMENT:0.5
C_CENTERCONTROL:0.48571960679200077
C_DEVELOPPIECES:0.48340472350617314
C_MATERIAL:0.5015137566613358
C_MOVECOUNT:0.5
