ELO:958
CE_PASSEDPAWNS:0.5360713717415623
CE_PAWNWEAKNESSES:0.49059800821386845
CE_PIECEACTIVITY:0.5045585095007847
CE_KINGPAWNSHIELD:0.5006910481686357
CE_PIECECOORDINATION:0.4924736110635504
CE_MATERIAL:0.4841652258162437
CE_KINGSAFETY:0.4939007566023845
C_PIECESQUARETABLES:0.4907921768836249
C_MOBILITY:0.4881680755764354
C_KINGSAFETY:0.48727570686128263
C_PAWNSTRUCTURE:0.5126623860943359
C_PIECECOORDINATION:0.48067216567710697
C_ROOK:0.5
CE_ROOK:0.5
C_CENTERCONTROL:0.5102044526459772
C_DEVELOPPIECES:0.4996153762998187
C_MATERIAL:0.4954499436477093
C_MOVECOUNT:0.5159096120825699
C_PAWNMOVEMENT:0.5
