ELO:921
CE_PASSEDPAWNS:0.48896238612091003
CE_PAWNWEAKNESSES:0.5027802400801444
CE_PIECEACTIVITY:0.522623900524273
CE_KINGPAWNSHIELD:0.498874294668933
CE_PIECECOORDINATION:0.5030542639291978
CE_MATERIAL:0.5411910319372685
CE_KINGSAFETY:0.5
C_PIECESQUARETABLES:0.5
C_MOBILITY:0.5095048991419082
C_KINGSAFETY:0.5151231858096953
C_PAWNSTRUCTURE:0.5007895019395864
C_PIECECOORDINATION:0.4842672614493234
C_ROOK:0.5594843143894234
CE_ROOK:0.5464981679147253
C_CENTERCONTROL:0.5495506255663498
C_DEVELOPPIECES:0.48187987808253735
C_MATERIAL:0.5011902774040917
C_MOVECOUNT:0.5192488412785834
C_PAWNMOVEMENT:0.5246450828793422
