ELO:1008
CE_PASSEDPAWNS:0.4983632108384718
CE_PAWNWEAKNESSES:0.4997496531978943
CE_PIECEACTIVITY:0.5
CE_KINGPAWNSHIELD:0.4931973438878576
CE_PIECECOORDINATION:0.499336666333271
CE_MATERIAL:0.49406519331021226
CE_KINGSAFETY:0.5
C_PIECESQUARETABLES:0.5165371386418501
C_MOBILITY:0.5
C_KINGSAFETY:0.4965896533395613
C_PAWNSTRUCTURE:0.48924808073971204
C_PIECECOORDINATION:0.5
C_ROOKANDPAWNMOVEMENT:0.5
C_CENTERCONTROL:0.5
C_DEVELOPPIECES:0.49825273551244137
C_MATERIAL:0.49748792998854063
