ELO:1020
CE_PASSEDPAWNS:0.49287951532188656
CE_PAWNWEAKNESSES:0.5224447637141048
CE_PIECEACTIVITY:0.5272660641145863
CE_KINGPAWNSHIELD:0.5147547126228899
CE_PIECECOORDINATION:0.5095580786838966
CE_MATERIAL:0.4891200327622767
CE_KINGSAFETY:0.4862292388692274
C_PIECESQUARETABLES:0.497913750796623
C_MOBILITY:0.49033265079144556
C_KINGSAFETY:0.5001164022236704
C_PAWNSTRUCTURE:0.49792848330634976
C_PIECECOORDINATION:0.5019665891869357
C_ROOK:0.4836700366402897
CE_ROOK:0.49075441649808876
C_CENTERCONTROL:0.5016661671476136
C_DEVELOPPIECES:0.5103527756017221
C_MATERIAL:0.4974185561333218
C_MOVECOUNT:0.49241060356988176
C_PAWNMOVEMENT:0.4891345321747026
