ELO:1000
CE_PASSEDPAWNS:0.5090142069782116
CE_PAWNWEAKNESSES:0.5099236117831739
CE_PIECEACTIVITY:0.5005110924800031
CE_KINGPAWNSHIELD:0.5047889163912338
CE_PIECECOORDINATION:0.5052600598811006
CE_MATERIAL:0.5
CE_KINGSAFETY:0.5
C_PIECESQUARETABLES:0.5079496132174349
C_MOBILITY:0.4965377751952647
C_KINGSAFETY:0.5040749143832483
C_PAWNSTRUCTURE:0.5
C_PIECECOORDINATION:0.495309644953592
C_ROOKANDPAWNMOVEMENT:0.495309644953592
C_CENTERCONTROL:0.4904852689751453
C_DEVELOPPIECES:0.5118953327921719
C_MATERIAL:0.48761471626135133
