ELO:1000
CE_PASSEDPAWNS:0.5034822769670629
CE_PAWNWEAKNESSES:0.5059149439741923
CE_PIECEACTIVITY:0.5302353657808332
CE_KINGPAWNSHIELD:0.4985705664840842
CE_PIECECOORDINATION:0.49806067196675013
CE_MATERIAL:0.48568598245511974
CE_KINGSAFETY:0.489247329158494
C_PIECESQUARETABLES:0.5
C_MOBILITY:0.5
C_KINGSAFETY:0.5
C_PAWNSTRUCTURE:0.4802333948980841
C_PIECECOORDINATION:0.48959809568923973
C_ROOK:0.5
CE_ROOK:0.49233567765416353
C_CENTERCONTROL:0.5087957236893764
C_DEVELOPPIECES:0.5060475772608221
C_MATERIAL:0.5073752200281669
C_MOVECOUNT:0.49241060356988176
C_PAWNMOVEMENT:0.4891345321747026
