ELO:998
CE_PASSEDPAWNS:0.4864936178964253
CE_PAWNWEAKNESSES:0.47065945875118637
CE_PIECEACTIVITY:0.5062735719235953
CE_KINGPAWNSHIELD:0.5229543359317697
CE_PIECECOORDINATION:0.47974565040473954
CE_MATERIAL:0.517434976272686
CE_KINGSAFETY:0.5
C_PIECESQUARETABLES:0.5
C_MOBILITY:0.47626741709196124
C_KINGSAFETY:0.5145320246249315
C_PAWNSTRUCTURE:0.5365045126994777
C_PIECECOORDINATION:0.46643457049028075
C_ROOKANDPAWNMOVEMENT:0.46643457049028075
C_CENTERCONTROL:0.43742468111065136
C_DEVELOPPIECES:0.4780932818635463
C_MATERIAL:0.48429523079780906
C_MOVECOUNT:0.49718804901173963
