ELO:931
CE_PASSEDPAWNS:0.5292224052790808
CE_PAWNWEAKNESSES:0.49411637783176987
CE_PIECEACTIVITY:0.5372301031658017
CE_KINGPAWNSHIELD:0.5008148038684274
CE_PIECECOORDINATION:0.4913093253090399
CE_MATERIAL:0.4617981884086152
CE_KINGSAFETY:0.5300843419239716
C_PIECESQUARETABLES:0.4886644517322371
C_MOBILITY:0.5240232086442458
C_KINGSAFETY:0.5070773255208935
C_PAWNSTRUCTURE:0.49017720924608943
C_PIECECOORDINATION:0.5165157479644669
C_ROOK:0.5076530870012846
CE_ROOK:0.5159993394605128
C_CENTERCONTROL:0.5002429446158422
C_DEVELOPPIECES:0.535145504009472
C_MATERIAL:0.4937001346411714
C_MOVECOUNT:0.515631784763516
C_PAWNMOVEMENT:0.508648289193954
