ELO:1000
CE_PASSEDPAWNS:0.48090439606816965
CE_PAWNWEAKNESSES:0.48994168988061715
CE_PIECEACTIVITY:0.49327294458872484
CE_KINGPAWNSHIELD:0.49243629866885813
CE_PIECECOORDINATION:0.5025380170978373
CE_MATERIAL:0.4815498504821543
CE_KINGSAFETY:0.5095689894514666
C_PIECESQUARETABLES:0.5103487719634491
C_MOBILITY:0.5222210497419643
C_KINGSAFETY:0.482451974139704
C_PAWNSTRUCTURE:0.48627264806722664
C_PIECECOORDINATION:0.5197658022677137
C_ROOKANDPAWNMOVEMENT:0.5197658022677137
C_CENTERCONTROL:0.4854587941131881
C_DEVELOPPIECES:0.47415469716232067
C_MATERIAL:0.4813173150696388
