ELO:1010
CE_PASSEDPAWNS:0.49511129967827955
CE_PAWNWEAKNESSES:0.5
CE_PIECEACTIVITY:0.5
CE_KINGPAWNSHIELD:0.5
CE_PIECECOORDINATION:0.48494661292025903
CE_MATERIAL:0.5
CE_KINGSAFETY:0.5
C_PIECESQUARETABLES:0.5121416856414032
C_MOBILITY:0.5072888211093223
C_KINGSAFETY:0.500369751762755
C_PAWNSTRUCTURE:0.5002358572836125
C_PIECECOORDINATION:0.5
C_ROOKANDPAWNMOVEMENT:0.5
C_CENTERCONTROL:0.5
C_DEVELOPPIECES:0.48558075223773817
C_MATERIAL:0.5
