ELO:551
CE_PASSEDPAWNS:0.5346916476387715
CE_PAWNWEAKNESSES:0.5388312064092359
CE_PIECEACTIVITY:0.49378886518461207
CE_KINGPAWNSHIELD:0.414430287527762
CE_PIECECOORDINATION:0.4877208675444746
CE_MATERIAL:0.4143790214115204
CE_KINGSAFETY:0.5031474576924184
C_PIECESQUARETABLES:0.5326879412035652
C_MOBILITY:0.5006491695199625
C_KINGSAFETY:0.4102661928519206
C_PAWNSTRUCTURE:0.4104058329812894
C_PIECECOORDINATION:0.6032526723564227
C_ROOKANDPAWNMOVEMENT:0.6032526723564227
C_CENTERCONTROL:0.45791716215302947
C_DEVELOPPIECES:0.4318400067199001
C_MATERIAL:0.6228974486420705
C_MOVECOUNT:0.4944410316869747
