ELO:950
CE_PASSEDPAWNS:0.5256454185611521
CE_PAWNWEAKNESSES:0.4891220951548984
CE_PIECEACTIVITY:0.5049969175974742
CE_KINGPAWNSHIELD:0.528235486628171
CE_PIECECOORDINATION:0.5178616268150733
CE_MATERIAL:0.5106787630322918
CE_KINGSAFETY:0.5
C_PIECESQUARETABLES:0.49329217794572044
C_MOBILITY:0.5062257952596757
C_KINGSAFETY:0.520434393747249
C_PAWNSTRUCTURE:0.5189407805127644
C_PIECECOORDINATION:0.5210158397264312
C_ROOK:0.47117958390022846
CE_ROOK:0.49120198172761337
C_CENTERCONTROL:0.520565553369449
C_DEVELOPPIECES:0.5103939628218684
C_MATERIAL:0.5071122364008878
C_MOVECOUNT:0.4650262146665642
C_PAWNMOVEMENT:0.506141989368339
