ELO:898
CE_PASSEDPAWNS:0.46514260880613234
CE_PAWNWEAKNESSES:0.46434180947872344
CE_PIECEACTIVITY:0.4792115747039428
CE_KINGPAWNSHIELD:0.6240178699459162
CE_PIECECOORDINATION:0.40277167610578357
CE_MATERIAL:0.5047006528688984
CE_KINGSAFETY:0.4749665446065229
C_PIECESQUARETABLES:0.48217708219028854
C_MOBILITY:0.6234981169612456
C_KINGSAFETY:0.5627268900373464
C_PAWNSTRUCTURE:0.4866065856920051
C_PIECECOORDINATION:0.5863986455769248
C_ROOKANDPAWNMOVEMENT:0.5863986455769248
C_CENTERCONTROL:0.46894553820266877
C_DEVELOPPIECES:0.4500818051107985
C_MATERIAL:0.47303585027953543
