ELO:990
CE_PASSEDPAWNS:0.40191674130594796
CE_PAWNWEAKNESSES:0.4449176979510626
CE_PIECEACTIVITY:0.49309672740202964
CE_KINGPAWNSHIELD:0.4969112771905379
CE_PIECECOORDINATION:0.6145487211122644
CE_MATERIAL:0.41237886705497595
CE_KINGSAFETY:0.512036822125934
C_PIECESQUARETABLES:0.5
C_MOBILITY:0.6134515061320381
C_KINGSAFETY:0.5747344419205631
C_PAWNSTRUCTURE:0.6308515473158441
C_PIECECOORDINATION:0.631330758772103
C_ROOKANDPAWNMOVEMENT:0.631330758772103
C_CENTERCONTROL:0.3757916690287452
C_DEVELOPPIECES:0.5634614546335288
C_MATERIAL:0.5866536899795093
