ELO:1009
CE_PASSEDPAWNS:0.4767387696532269
CE_PAWNWEAKNESSES:0.47580349551343887
CE_PIECEACTIVITY:0.4821020429974607
CE_KINGPAWNSHIELD:0.4803484261941957
CE_PIECECOORDINATION:0.47571402678545766
CE_MATERIAL:0.4987855914688538
CE_KINGSAFETY:0.5
C_PIECESQUARETABLES:0.46784177931663357
C_MOBILITY:0.5123801096814035
C_KINGSAFETY:0.5348270148553991
C_PAWNSTRUCTURE:0.5231402551691708
C_PIECECOORDINATION:0.5117435666459866
C_ROOKANDPAWNMOVEMENT:0.5117435666459866
C_CENTERCONTROL:0.47943236938351497
C_DEVELOPPIECES:0.501140068744439
C_MATERIAL:0.4956480503859302
C_MOVECOUNT:0.5251740067429196
