ELO:976
CE_PASSEDPAWNS:0.43851067017495754
CE_PAWNWEAKNESSES:0.5250021402296888
CE_PIECEACTIVITY:0.4827941374337369
CE_KINGPAWNSHIELD:0.5517137390621377
CE_PIECECOORDINATION:0.5075214043182136
CE_MATERIAL:0.38178999467600794
CE_KINGSAFETY:0.49362872846872324
C_PIECESQUARETABLES:0.5038911953456228
C_MOBILITY:0.5459523928369496
C_KINGSAFETY:0.5117806727399634
C_PAWNSTRUCTURE:0.5086519698962949
C_PIECECOORDINATION:0.4789766602078006
C_ROOKANDPAWNMOVEMENT:0.4789766602078006
C_CENTERCONTROL:0.46483762039196336
C_DEVELOPPIECES:0.5201709813618621
C_MATERIAL:0.4570673852758558
