ELO:951
CE_PASSEDPAWNS:0.5256454185611521
CE_PAWNWEAKNESSES:0.4891220951548984
CE_PIECEACTIVITY:0.4985982835667328
CE_KINGPAWNSHIELD:0.5208540126743525
CE_PIECECOORDINATION:0.5059407629400611
CE_MATERIAL:0.4980669194245352
CE_KINGSAFETY:0.5
C_PIECESQUARETABLES:0.5
C_MOBILITY:0.5062257952596757
C_KINGSAFETY:0.5042644422830003
C_PAWNSTRUCTURE:0.5216720253900189
C_PIECECOORDINATION:0.5015495661002548
C_ROOK:0.48012372803401215
CE_ROOK:0.49120198172761337
C_CENTERCONTROL:0.520565553369449
C_DEVELOPPIECES:0.5038632180225879
C_MATERIAL:0.5071122364008878
C_MOVECOUNT:0.4721446815566265
C_PAWNMOVEMENT:0.4847005762356599
