ELO:1016
CE_PASSEDPAWNS:0.47414491361653405
CE_PAWNWEAKNESSES:0.4919877397827842
CE_PIECEACTIVITY:0.5
CE_KINGPAWNSHIELD:0.46224324415464685
CE_PIECECOORDINATION:0.5
CE_MATERIAL:0.5072088748017995
CE_KINGSAFETY:0.5061873707852974
C_PIECESQUARETABLES:0.5032869558899434
C_MOBILITY:0.505232959458698
C_KINGSAFETY:0.5
C_PAWNSTRUCTURE:0.5
C_PIECECOORDINATION:0.4575636670753268
C_ROOKANDPAWNMOVEMENT:0.4575636670753268
C_CENTERCONTROL:0.4702069615922582
C_DEVELOPPIECES:0.5214470610609037
C_MATERIAL:0.4969151147389348
