ELO:752
CE_PASSEDPAWNS:0.5508473239879976
CE_PAWNWEAKNESSES:0.44479398887142835
CE_PIECEACTIVITY:0.45656373562335595
CE_KINGPAWNSHIELD:0.42181409398207564
CE_PIECECOORDINATION:0.45364524743320306
CE_MATERIAL:0.43264026384376475
CE_KINGSAFETY:0.4979158308993234
C_PIECESQUARETABLES:0.4397328258139099
C_MOBILITY:0.45522375647638097
C_KINGSAFETY:0.47617325267420607
C_PAWNSTRUCTURE:0.41091471461662493
C_PIECECOORDINATION:0.5210531280575764
C_ROOKANDPAWNMOVEMENT:0.5210531280575764
C_CENTERCONTROL:0.48018608412279423
C_DEVELOPPIECES:0.5057399941309128
C_MATERIAL:0.5088499847993473
C_MOVECOUNT:0.5
