ELO:966
CE_PASSEDPAWNS:0.5134803011954692
CE_PAWNWEAKNESSES:0.4891220951548984
CE_PIECEACTIVITY:0.5018771809958352
CE_KINGPAWNSHIELD:0.5220969096533656
CE_PIECECOORDINATION:0.5059407629400611
CE_MATERIAL:0.5054473477593822
CE_KINGSAFETY:0.48783880527935347
C_PIECESQUARETABLES:0.4934487376473235
C_MOBILITY:0.49373722352899985
C_KINGSAFETY:0.508705876011159
C_PAWNSTRUCTURE:0.5098595206836859
C_PIECECOORDINATION:0.5158361123555842
C_ROOK:0.4808480328303601
CE_ROOK:0.49120198172761337
C_CENTERCONTROL:0.5237629904167376
C_DEVELOPPIECES:0.5038632180225879
C_MATERIAL:0.5071122364008878
C_MOVECOUNT:0.48499324541822886
C_PAWNMOVEMENT:0.48820510951554086
