ELO:953
CE_PASSEDPAWNS:0.4262948335273577
CE_PAWNWEAKNESSES:0.4628501946693379
CE_PIECEACTIVITY:0.5959893853649424
CE_KINGPAWNSHIELD:0.546098044841309
CE_PIECECOORDINATION:0.571621045800316
CE_MATERIAL:0.5045864029611509
CE_KINGSAFETY:0.5
C_PIECESQUARETABLES:0.49383244156051265
C_MOBILITY:0.5537388159039901
C_KINGSAFETY:0.5487828310458472
C_PAWNSTRUCTURE:0.4577687983551756
C_PIECECOORDINATION:0.5368306505271248
C_ROOKANDPAWNMOVEMENT:0.5368306505271248
C_CENTERCONTROL:0.4745715049681905
C_DEVELOPPIECES:0.47040261269910183
C_MATERIAL:0.5664172073070292
