ELO:911
CE_PASSEDPAWNS:0.4891525489638539
CE_PAWNWEAKNESSES:0.5098973973765916
CE_PIECEACTIVITY:0.5215918302408423
CE_KINGPAWNSHIELD:0.4789405511213799
CE_PIECECOORDINATION:0.49366182801655223
CE_MATERIAL:0.5198959044193334
CE_KINGSAFETY:0.5058722829061256
C_PIECESQUARETABLES:0.5121428963390172
C_MOBILITY:0.5143561717364855
C_KINGSAFETY:0.5203136236808209
C_PAWNSTRUCTURE:0.5136404650713345
C_PIECECOORDINATION:0.48199684846430796
C_ROOK:0.5734013257437227
CE_ROOK:0.5580885408427485
C_CENTERCONTROL:0.557469340994195
C_DEVELOPPIECES:0.48829508631374996
C_MATERIAL:0.4964424943076451
C_MOVECOUNT:0.49104394851257677
C_PAWNMOVEMENT:0.5342087101416544
