ELO:942
CE_PASSEDPAWNS:0.45531337112313913
CE_PAWNWEAKNESSES:0.47673109921664725
CE_PIECEACTIVITY:0.5998544467765313
CE_KINGPAWNSHIELD:0.5195613554980907
CE_PIECECOORDINATION:0.5597097749230796
CE_MATERIAL:0.42153129391677435
CE_KINGSAFETY:0.5246808910256021
C_PIECESQUARETABLES:0.49983132345231013
C_MOBILITY:0.5491549899115358
C_KINGSAFETY:0.552744138731736
C_PAWNSTRUCTURE:0.4885856196739428
C_PIECECOORDINATION:0.5611948767520694
C_ROOKANDPAWNMOVEMENT:0.5611948767520694
C_CENTERCONTROL:0.5055502761454931
C_DEVELOPPIECES:0.5082523311206466
C_MATERIAL:0.5271259110212604
