ELO:1008
CE_PASSEDPAWNS:0.5
CE_PAWNWEAKNESSES:0.5025945176582467
CE_PIECEACTIVITY:0.5163971824449385
CE_KINGPAWNSHIELD:0.5076755722666574
CE_PIECECOORDINATION:0.5
CE_MATERIAL:0.5
CE_KINGSAFETY:0.5
C_PIECESQUARETABLES:0.5121037687776107
C_MOBILITY:0.4907949673592618
C_KINGSAFETY:0.49994702889015435
C_PAWNSTRUCTURE:0.5006786607780853
C_PIECECOORDINATION:0.5
C_ROOKANDPAWNMOVEMENT:0.5
C_CENTERCONTROL:0.5
C_DEVELOPPIECES:0.5
C_MATERIAL:0.49487805019304654
C_MOVECOUNT:0.5003007662420543
