ELO:1012
CE_PASSEDPAWNS:0.4859269317228681
CE_PAWNWEAKNESSES:0.5352104610459191
CE_PIECEACTIVITY:0.557684126412638
CE_KINGPAWNSHIELD:0.5792832006225498
CE_PIECECOORDINATION:0.4742883671185751
CE_MATERIAL:0.4775277548852562
CE_KINGSAFETY:0.5194332221563677
C_PIECESQUARETABLES:0.5726091855273505
C_MOBILITY:0.46091574671911084
C_KINGSAFETY:0.5040545236286985
C_PAWNSTRUCTURE:0.5003416949209929
C_PIECECOORDINATION:0.5050657905868134
C_ROOKANDPAWNMOVEMENT:0.5050657905868134
C_CENTERCONTROL:0.48916323821646174
C_DEVELOPPIECES:0.5064755025800477
C_MATERIAL:0.5508457678723344
