ELO:1008
CE_PASSEDPAWNS:0.4729314156851419
CE_PAWNWEAKNESSES:0.5123765531477057
CE_PIECEACTIVITY:0.49935670754026473
CE_KINGPAWNSHIELD:0.4838285376976995
CE_PIECECOORDINATION:0.5
CE_MATERIAL:0.5316594318523286
CE_KINGSAFETY:0.5
C_PIECESQUARETABLES:0.5
C_MOBILITY:0.5055828841124651
C_KINGSAFETY:0.4909178273072408
C_PAWNSTRUCTURE:0.5
C_PIECECOORDINATION:0.48057998945235963
C_ROOKANDPAWNMOVEMENT:0.48057998945235963
C_CENTERCONTROL:0.48982864105580365
C_DEVELOPPIECES:0.5113253474916062
C_MATERIAL:0.5098313076412525
C_MOVECOUNT:0.510102869106532
