ELO:950
CE_PASSEDPAWNS:0.4972167750278685
CE_PAWNWEAKNESSES:0.5050046749310272
CE_PIECEACTIVITY:0.5289409522549646
CE_KINGPAWNSHIELD:0.487951338333202
CE_PIECECOORDINATION:0.49360367080825635
CE_MATERIAL:0.5071627344042946
CE_KINGSAFETY:0.4912594817508412
C_PIECESQUARETABLES:0.5125296528776055
C_MOBILITY:0.5143087590304298
C_KINGSAFETY:0.5096614010338038
C_PAWNSTRUCTURE:0.4797193606703271
C_PIECECOORDINATION:0.5144695291828694
C_ROOKANDPAWNMOVEMENT:0.5144695291828694
C_CENTERCONTROL:0.48670696553833037
C_DEVELOPPIECES:0.5192456450399705
C_MATERIAL:0.5030531340863973
C_MOVECOUNT:0.4970870466127923
