ELO:1000
CE_PASSEDPAWNS:0.48569847965769053
CE_PAWNWEAKNESSES:0.5082211406922277
CE_PIECEACTIVITY:0.4585347306444222
CE_KINGPAWNSHIELD:0.47059238190976055
CE_PIECECOORDINATION:0.47047251193901046
CE_MATERIAL:0.4583589286598687
CE_KINGSAFETY:0.5071453684050226
C_PIECESQUARETABLES:0.5191345162315282
C_MOBILITY:0.5419321673674274
C_KINGSAFETY:0.5004981705574498
C_PAWNSTRUCTURE:0.4912170008977047
C_PIECECOORDINATION:0.4824274397798524
C_ROOKANDPAWNMOVEMENT:0.4824274397798524
C_CENTERCONTROL:0.48521740201950997
C_DEVELOPPIECES:0.4487768726759076
C_MATERIAL:0.46306271100305285
