ELO:901
CE_PASSEDPAWNS:0.39730820391266214
CE_PAWNWEAKNESSES:0.5049259307015989
CE_PIECEACTIVITY:0.5235815270945668
CE_KINGPAWNSHIELD:0.4958535022029033
CE_PIECECOORDINATION:0.5354159368590438
CE_MATERIAL:0.5305547723501627
CE_KINGSAFETY:0.5076797052205916
C_PIECESQUARETABLES:0.46450233815718134
C_MOBILITY:0.5291798122502174
C_KINGSAFETY:0.537992189004513
C_PAWNSTRUCTURE:0.5134776884696935
C_PIECECOORDINATION:0.5572881974114723
C_ROOKANDPAWNMOVEMENT:0.5572881974114723
C_CENTERCONTROL:0.5521241849373099
C_DEVELOPPIECES:0.5085249848884605
C_MATERIAL:0.5000172484924095
C_MOVECOUNT:0.4431093239913242
