ELO:989
CE_PASSEDPAWNS:0.5529756153292973
CE_PAWNWEAKNESSES:0.45892622547034917
CE_PIECEACTIVITY:0.5831189162964128
CE_KINGPAWNSHIELD:0.567161191805198
CE_PIECECOORDINATION:0.42969154816532146
CE_MATERIAL:0.41461712662673406
CE_KINGSAFETY:0.49845368864596884
C_PIECESQUARETABLES:0.5
C_MOBILITY:0.5644490660702792
C_KINGSAFETY:0.5443869794423758
C_PAWNSTRUCTURE:0.5206612105630631
C_PIECECOORDINATION:0.5244834659079493
C_ROOKANDPAWNMOVEMENT:0.5244834659079493
C_CENTERCONTROL:0.4828933921122123
C_DEVELOPPIECES:0.5166438969624535
C_MATERIAL:0.5408581889212534
