ELO:862
CE_PASSEDPAWNS:0.5474393724439135
CE_PAWNWEAKNESSES:0.4797489883666387
CE_PIECEACTIVITY:0.5191953069820684
CE_KINGPAWNSHIELD:0.4848490722452779
CE_PIECECOORDINATION:0.5038883970048912
CE_MATERIAL:0.4586399650033344
CE_KINGSAFETY:0.4976645179861915
C_PIECESQUARETABLES:0.4502150247115375
C_MOBILITY:0.459441153867643
C_KINGSAFETY:0.47132144750566024
C_PAWNSTRUCTURE:0.45158868717595285
C_PIECECOORDINATION:0.49501491487921556
C_ROOKANDPAWNMOVEMENT:0.49501491487921556
C_CENTERCONTROL:0.5036483926015187
C_DEVELOPPIECES:0.5443022522296642
C_MATERIAL:0.47497499207942906
C_MOVECOUNT:0.5
