ELO:962
CE_PASSEDPAWNS:0.5016988386803543
CE_PAWNWEAKNESSES:0.5076886088945193
CE_PIECEACTIVITY:0.5178146257140657
CE_KINGPAWNSHIELD:0.5248205448943428
CE_PIECECOORDINATION:0.47570221170864124
CE_MATERIAL:0.44384937320364576
CE_KINGSAFETY:0.4598253715385598
C_PIECESQUARETABLES:0.509342018864205
C_MOBILITY:0.607214159232424
C_KINGSAFETY:0.4107489012597132
C_PAWNSTRUCTURE:0.5048807528548063
C_PIECECOORDINATION:0.46209599371922416
C_ROOKANDPAWNMOVEMENT:0.46209599371922416
C_CENTERCONTROL:0.4984165439146943
C_DEVELOPPIECES:0.5
C_MATERIAL:0.5229996194819857
C_MOVECOUNT:0.5303774785804635
