ELO:993
CE_PASSEDPAWNS:0.4995354948564363
CE_PAWNWEAKNESSES:0.49862143690880006
CE_PIECEACTIVITY:0.5022895968625282
CE_KINGPAWNSHIELD:0.5205042639241653
CE_PIECECOORDINATION:0.5140370507025496
CE_MATERIAL:0.4891200327622767
CE_KINGSAFETY:0.5018674210310682
C_PIECESQUARETABLES:0.5049397774370659
C_MOBILITY:0.49455399250749393
C_KINGSAFETY:0.5
C_PAWNSTRUCTURE:0.5139173026588617
C_PIECECOORDINATION:0.5151081034862183
C_ROOK:0.4847357479386414
CE_ROOK:0.48327633059355934
C_CENTERCONTROL:0.5187020956506297
C_DEVELOPPIECES:0.5027011926138137
C_MATERIAL:0.49875449079518536
C_MOVECOUNT:0.46550254328192625
C_PAWNMOVEMENT:0.48820510951554086
