ELO:1001
CE_PASSEDPAWNS:0.45143325491926656
CE_PAWNWEAKNESSES:0.41181347445367245
CE_PIECEACTIVITY:0.5062769575320283
CE_KINGPAWNSHIELD:0.49151856294301294
CE_PIECECOORDINATION:0.537183364261677
CE_MATERIAL:0.4440882108930032
CE_KINGSAFETY:0.5
C_PIECESQUARETABLES:0.5
C_MOBILITY:0.5
C_KINGSAFETY:0.4962438460097502
C_PAWNSTRUCTURE:0.5059661396712094
C_PIECECOORDINATION:0.4735285273051703
C_ROOKANDPAWNMOVEMENT:0.4735285273051703
C_CENTERCONTROL:0.5034424817642819
C_DEVELOPPIECES:0.4931218282176906
C_MATERIAL:0.5005938528640914
C_MOVECOUNT:0.5502687274892467
