ELO:1093
CE_PASSEDPAWNS:0.46928242430050127
CE_PAWNWEAKNESSES:0.4626618143445678
CE_PIECEACTIVITY:0.47741591410155887
CE_KINGPAWNSHIELD:0.4880308263338015
CE_PIECECOORDINATION:0.49461586459249823
CE_MATERIAL:0.4577470089606868
CE_KINGSAFETY:0.5129066833135317
C_PIECESQUARETABLES:0.5038149193905637
C_MOBILITY:0.4248901475032078
C_KINGSAFETY:0.642522564428073
C_PAWNSTRUCTURE:0.43513052599488367
C_PIECECOORDINATION:0.47609733058844816
C_ROOKANDPAWNMOVEMENT:0.47609733058844816
C_CENTERCONTROL:0.49151784816334276
C_DEVELOPPIECES:0.5564042371650014
C_MATERIAL:0.37814171158712945
