ELO:916
CE_PASSEDPAWNS:0.44265713225023684
CE_PAWNWEAKNESSES:0.5511438966514266
CE_PIECEACTIVITY:0.36933569172878716
CE_KINGPAWNSHIELD:0.5416161979013271
CE_PIECECOORDINATION:0.4022148135533006
CE_MATERIAL:0.5518132331093536
CE_KINGSAFETY:0.5
C_PIECESQUARETABLES:0.5
C_MOBILITY:0.5877117266745627
C_KINGSAFETY:0.5564479243517829
C_PAWNSTRUCTURE:0.5466980962044662
C_PIECECOORDINATION:0.44607754549707507
C_ROOKANDPAWNMOVEMENT:0.44607754549707507
C_CENTERCONTROL:0.4551398118209307
C_DEVELOPPIECES:0.4993174689870401
C_MATERIAL:0.5251984845580092
