ELO:957
CE_PASSEDPAWNS:0.5026272936959865
CE_PAWNWEAKNESSES:0.5171567119992909
CE_PIECEACTIVITY:0.5136866016483326
CE_KINGPAWNSHIELD:0.4873984982714674
CE_PIECECOORDINATION:0.5080405715351602
CE_MATERIAL:0.49803611461984815
CE_KINGSAFETY:0.5
C_PIECESQUARETABLES:0.4929681333334927
C_MOBILITY:0.47180784434506845
C_KINGSAFETY:0.5091592957866659
C_PAWNSTRUCTURE:0.4816360058919298
C_PIECECOORDINATION:0.4857292764411645
C_ROOK:0.4990245485710727
CE_ROOK:0.4937376292931026
C_CENTERCONTROL:0.49996680332742327
C_DEVELOPPIECES:0.490926460326103
C_MATERIAL:0.5191191843094459
C_MOVECOUNT:0.5111344796359258
C_PAWNMOVEMENT:0.5181161689719824
