ELO:945
CE_PASSEDPAWNS:0.4938252979587733
CE_PAWNWEAKNESSES:0.528774432615963
CE_PIECEACTIVITY:0.5066896126821928
CE_KINGPAWNSHIELD:0.4873984982714674
CE_PIECECOORDINATION:0.5056016017241978
CE_MATERIAL:0.49803611461984815
CE_KINGSAFETY:0.5083272425049402
C_PIECESQUARETABLES:0.4939265457944323
C_MOBILITY:0.47180784434506845
C_KINGSAFETY:0.5091592957866659
C_PAWNSTRUCTURE:0.4785642449501926
C_PIECECOORDINATION:0.4848043744345526
C_ROOK:0.5053913977060548
CE_ROOK:0.4762347007549571
C_CENTERCONTROL:0.49996680332742327
C_DEVELOPPIECES:0.4862832677579218
C_MATERIAL:0.5214530074040065
C_MOVECOUNT:0.5111344796359258
C_PAWNMOVEMENT:0.5301636302775361
