ELO:928
CE_PASSEDPAWNS:0.5082322638362408
CE_PAWNWEAKNESSES:0.5321814977395902
CE_PIECEACTIVITY:0.509394741889954
CE_KINGPAWNSHIELD:0.4997529445099769
CE_PIECECOORDINATION:0.48583424238180173
CE_MATERIAL:0.48500304825947915
CE_KINGSAFETY:0.5
C_PIECESQUARETABLES:0.5
C_MOBILITY:0.48770252980448536
C_KINGSAFETY:0.5097865125607046
C_PAWNSTRUCTURE:0.4686202327574497
C_PIECECOORDINATION:0.4975462421532573
C_ROOK:0.506812325040693
CE_ROOK:0.47379032452581643
C_CENTERCONTROL:0.4939883842815216
C_DEVELOPPIECES:0.4814515429724635
C_MATERIAL:0.535196721163664
C_MOVECOUNT:0.5003600005209397
C_PAWNMOVEMENT:0.5199556244486396
