ELO:984
CE_PASSEDPAWNS:0.4824477565352846
CE_PAWNWEAKNESSES:0.500029818368089
CE_PIECEACTIVITY:0.5143497663139636
CE_KINGPAWNSHIELD:0.49971011433854523
CE_PIECECOORDINATION:0.4923284170590729
CE_MATERIAL:0.4907205042144093
CE_KINGSAFETY:0.4895181431917114
C_PIECESQUARETABLES:0.5068617394937287
C_MOBILITY:0.5133354532507145
C_KINGSAFETY:0.48899757259632587
C_PAWNSTRUCTURE:0.5196600696039756
C_PIECECOORDINATION:0.5
C_ROOKANDPAWNMOVEMENT:0.5
C_CENTERCONTROL:0.4924282671713816
C_DEVELOPPIECES:0.489499488419617
C_MATERIAL:0.5071997880383341
