ELO:906
CE_PASSEDPAWNS:0.46560147876651475
CE_PAWNWEAKNESSES:0.5602047400067947
CE_PIECEACTIVITY:0.3623643876114039
CE_KINGPAWNSHIELD:0.5407865531287848
CE_PIECECOORDINATION:0.4022148135533006
CE_MATERIAL:0.5518132331093536
CE_KINGSAFETY:0.49759102235549235
C_PIECESQUARETABLES:0.5
C_MOBILITY:0.59896657113315
C_KINGSAFETY:0.5441706856589226
C_PAWNSTRUCTURE:0.5466980962044662
C_PIECECOORDINATION:0.4571344133049051
C_ROOKANDPAWNMOVEMENT:0.4571344133049051
C_CENTERCONTROL:0.4567132328099798
C_DEVELOPPIECES:0.4993174689870401
C_MATERIAL:0.5251984845580092
