ELO:1000
CE_PASSEDPAWNS:0.5
CE_PAWNWEAKNESSES:0.5
CE_PIECEACTIVITY:0.49911647088616684
CE_KINGPAWNSHIELD:0.5026555094793862
CE_PIECECOORDINATION:0.5074000613403158
CE_MATERIAL:0.489892640787925
CE_KINGSAFETY:0.5115906112146744
C_PIECESQUARETABLES:0.5
C_MOBILITY:0.49402787818806165
C_KINGSAFETY:0.489909670603692
C_PAWNSTRUCTURE:0.5
C_PIECECOORDINATION:0.5
C_ROOK:0.5063377087251362
CE_ROOK:0.5
C_CENTERCONTROL:0.4969315469338845
C_DEVELOPPIECES:0.5
C_MATERIAL:0.5344757737459525
C_MOVECOUNT:0.5093820647457993
C_PAWNMOVEMENT:0.5111039182612279
