ELO:963
CE_PASSEDPAWNS:0.5130798425002866
CE_PAWNWEAKNESSES:0.5540432896201053
CE_PIECEACTIVITY:0.5137660724210562
CE_KINGPAWNSHIELD:0.5063273790786584
CE_PIECECOORDINATION:0.5125748355401346
CE_MATERIAL:0.4675818787128984
CE_KINGSAFETY:0.5
C_PIECESQUARETABLES:0.5
C_MOBILITY:0.5139887119244537
C_KINGSAFETY:0.4951104220876886
C_PAWNSTRUCTURE:0.5195829201425514
C_PIECECOORDINATION:0.5045243275686544
C_ROOK:0.5243509698887858
CE_ROOK:0.4877733453707352
C_CENTERCONTROL:0.49375357761393956
C_DEVELOPPIECES:0.4814273422211308
C_MATERIAL:0.5414671902828214
C_MOVECOUNT:0.5003199788881134
C_PAWNMOVEMENT:0.5437844217325019
