ELO:953
CE_PASSEDPAWNS:0.4907181963283543
CE_PAWNWEAKNESSES:0.5395288670166283
CE_PIECEACTIVITY:0.5066896126821928
CE_KINGPAWNSHIELD:0.4960262841910432
CE_PIECECOORDINATION:0.5032540372423602
CE_MATERIAL:0.4937069337244883
CE_KINGSAFETY:0.4967655442010243
C_PIECESQUARETABLES:0.5044006026815329
C_MOBILITY:0.48036257302892577
C_KINGSAFETY:0.5097865125607046
C_PAWNSTRUCTURE:0.46430810036753606
C_PIECECOORDINATION:0.48043044467300794
C_ROOK:0.5072336225842381
CE_ROOK:0.48016129672305413
C_CENTERCONTROL:0.4892978019913346
C_DEVELOPPIECES:0.4901066386806011
C_MATERIAL:0.5208153011717306
C_MOVECOUNT:0.5103330861695173
C_PAWNMOVEMENT:0.5205626829178952
