ELO:991
CE_PASSEDPAWNS:0.5103587577301206
CE_PAWNWEAKNESSES:0.48786748113470474
CE_PIECEACTIVITY:0.5
CE_KINGPAWNSHIELD:0.4838994666716369
CE_PIECECOORDINATION:0.496955899698456
CE_MATERIAL:0.5
CE_KINGSAFETY:0.5
C_PIECESQUARETABLES:0.5
C_MOBILITY:0.5039911801192887
C_KINGSAFETY:0.5
C_PAWNSTRUCTURE:0.5
C_PIECECOORDINATION:0.4966114004281286
C_ROOKANDPAWNMOVEMENT:0.4966114004281286
C_CENTERCONTROL:0.5309781823614677
C_DEVELOPPIECES:0.5025536382807992
C_MATERIAL:0.479118964172791
C_MOVECOUNT:0.5
