ELO:1011
CE_PASSEDPAWNS:0.5047249370807788
CE_PAWNWEAKNESSES:0.5
CE_PIECEACTIVITY:0.4961010596293432
CE_KINGPAWNSHIELD:0.5
CE_PIECECOORDINATION:0.5105313410732445
CE_MATERIAL:0.5044835512512673
CE_KINGSAFETY:0.48629861358897575
C_PIECESQUARETABLES:0.5
C_MOBILITY:0.49332692915105025
C_KINGSAFETY:0.5113643218413719
C_PAWNSTRUCTURE:0.4957132243970851
C_PIECECOORDINATION:0.49811265166956364
C_ROOKANDPAWNMOVEMENT:0.49811265166956364
C_CENTERCONTROL:0.4944174332393421
C_DEVELOPPIECES:0.5080370056142792
C_MATERIAL:0.498512609248177
C_MOVECOUNT:0.501130832463312
