ELO:890
CE_PASSEDPAWNS:0.48653360227681036
CE_PAWNWEAKNESSES:0.49293941629366383
CE_PIECEACTIVITY:0.49063540662897626
CE_KINGPAWNSHIELD:0.5077617325117139
CE_PIECECOORDINATION:0.4908934796071261
CE_MATERIAL:0.4671891880064134
CE_KINGSAFETY:0.5023199451822463
C_PIECESQUARETABLES:0.4965751516912303
C_MOBILITY:0.4935759509513428
C_KINGSAFETY:0.5167736335238553
C_PAWNSTRUCTURE:0.4560419438580626
C_PIECECOORDINATION:0.49372528606814303
C_ROOK:0.5159462948668214
CE_ROOK:0.4581667557301563
C_CENTERCONTROL:0.4814370757047766
C_DEVELOPPIECES:0.4772590864110371
C_MATERIAL:0.5297443825969259
C_MOVECOUNT:0.49003274925244594
C_PAWNMOVEMENT:0.5314750078267754
