ELO:1000
CE_PASSEDPAWNS:0.46048344658033735
CE_PAWNWEAKNESSES:0.4400073799656724
CE_PIECEACTIVITY:0.5333228103309302
CE_KINGPAWNSHIELD:0.4731778689938399
CE_PIECECOORDINATION:0.4529055418701588
CE_MATERIAL:0.48519245231684366
CE_KINGSAFETY:0.49840833175836025
C_PIECESQUARETABLES:0.5126091826475372
C_MOBILITY:0.5158271685367394
C_KINGSAFETY:0.5670171511895131
C_PAWNSTRUCTURE:0.47900970971797874
C_PIECECOORDINATION:0.4429526240028827
C_ROOKANDPAWNMOVEMENT:0.4429526240028827
C_CENTERCONTROL:0.5231934019860572
C_DEVELOPPIECES:0.47726803884646873
C_MATERIAL:0.5620995959985781
