ELO:1000
CE_PASSEDPAWNS:0.5
CE_PAWNWEAKNESSES:0.5
CE_PIECEACTIVITY:0.48775204617749074
CE_KINGPAWNSHIELD:0.5
CE_PIECECOORDINATION:0.5
CE_MATERIAL:0.4981506836168579
CE_KINGSAFETY:0.5
C_PIECESQUARETABLES:0.4878162647307714
C_MOBILITY:0.5
C_KINGSAFETY:0.49145216085956095
C_PAWNSTRUCTURE:0.5024242755583642
C_PIECECOORDINATION:0.4902672541631018
C_ROOKANDPAWNMOVEMENT:0.4902672541631018
C_CENTERCONTROL:0.5
C_DEVELOPPIECES:0.5020288685802067
C_MATERIAL:0.5
C_MOVECOUNT:0.4984554493321598
