ELO:1030
CE_PASSEDPAWNS:0.5010005396274663
CE_PAWNWEAKNESSES:0.5
CE_PIECEACTIVITY:0.48432551729994644
CE_KINGPAWNSHIELD:0.49127197276793877
CE_PIECECOORDINATION:0.5
CE_MATERIAL:0.5
CE_KINGSAFETY:0.5
C_PIECESQUARETABLES:0.5
C_MOBILITY:0.5007385635854817
C_KINGSAFETY:0.4993209027629956
C_PAWNSTRUCTURE:0.4900787662932126
C_PIECECOORDINATION:0.5005231583940678
C_ROOKANDPAWNMOVEMENT:0.5005231583940678
C_CENTERCONTROL:0.5
C_DEVELOPPIECES:0.5063775221457717
C_MATERIAL:0.5252920257265343
C_MOVECOUNT:0.5045364934746284
