ELO:945
CE_PASSEDPAWNS:0.4786567582919766
CE_PAWNWEAKNESSES:0.5340103135238154
CE_PIECEACTIVITY:0.3580431796361606
CE_KINGPAWNSHIELD:0.5196858249074786
CE_PIECECOORDINATION:0.39309748143541756
CE_MATERIAL:0.5773349861748243
CE_KINGSAFETY:0.4864457543479695
C_PIECESQUARETABLES:0.5099817201610554
C_MOBILITY:0.5956018135205491
C_KINGSAFETY:0.5445796499924466
C_PAWNSTRUCTURE:0.5374547726603014
C_PIECECOORDINATION:0.44840408028039896
C_ROOKANDPAWNMOVEMENT:0.44840408028039896
C_CENTERCONTROL:0.4580561320125026
C_DEVELOPPIECES:0.4865883019535882
C_MATERIAL:0.5268440998057444
