ELO:967
CE_PASSEDPAWNS:0.5113420482628095
CE_PAWNWEAKNESSES:0.47173203385216356
CE_PIECEACTIVITY:0.5194990865456067
CE_KINGPAWNSHIELD:0.5557389384497549
CE_PIECECOORDINATION:0.5244598397936162
CE_MATERIAL:0.5
CE_KINGSAFETY:0.5142048879120286
C_PIECESQUARETABLES:0.49062722602953174
C_MOBILITY:0.4967419355003387
C_KINGSAFETY:0.5139215640531707
C_PAWNSTRUCTURE:0.505319064257925
C_PIECECOORDINATION:0.504550849569038
C_ROOKANDPAWNMOVEMENT:0.504550849569038
C_CENTERCONTROL:0.47419580072453404
C_DEVELOPPIECES:0.5
C_MATERIAL:0.4505130422883029
C_MOVECOUNT:0.49716540842028484
