ELO:815
CE_PASSEDPAWNS:0.48491708427756947
CE_PAWNWEAKNESSES:0.4032829765008335
CE_PIECEACTIVITY:0.3360302696302259
CE_KINGPAWNSHIELD:0.5066370722216338
CE_PIECECOORDINATION:0.43070309092048537
CE_MATERIAL:0.353551491835835
CE_KINGSAFETY:0.4949231769019593
C_PIECESQUARETABLES:0.5152520508736129
C_MOBILITY:0.45685794927833207
C_KINGSAFETY:0.39842639522431056
C_PAWNSTRUCTURE:0.5115451398052853
C_PIECECOORDINATION:0.5028588403223008
C_ROOKANDPAWNMOVEMENT:0.5028588403223008
C_CENTERCONTROL:0.546258253762209
C_DEVELOPPIECES:0.46115489369662127
C_MATERIAL:0.48323279132501
