ELO:1018
CE_PASSEDPAWNS:0.5053471439407083
CE_PAWNWEAKNESSES:0.4888520991615074
CE_PIECEACTIVITY:0.5310813722135667
CE_KINGPAWNSHIELD:0.5
CE_PIECECOORDINATION:0.48870129655709765
CE_MATERIAL:0.4705782095650583
CE_KINGSAFETY:0.5525819499179335
C_PIECESQUARETABLES:0.524123227694227
C_MOBILITY:0.4788448761946724
C_KINGSAFETY:0.5024639147924465
C_PAWNSTRUCTURE:0.5119830234756555
C_PIECECOORDINATION:0.46303720366414663
C_ROOKANDPAWNMOVEMENT:0.46303720366414663
C_CENTERCONTROL:0.48560860488198965
C_DEVELOPPIECES:0.5022495976457022
C_MATERIAL:0.5128696956788824
C_MOVECOUNT:0.5
