ELO:905
CE_PASSEDPAWNS:0.5
CE_PAWNWEAKNESSES:0.5463356438990151
CE_PIECEACTIVITY:0.5692919469709599
CE_KINGPAWNSHIELD:0.5080270651655706
CE_PIECECOORDINATION:0.5724939963560148
CE_MATERIAL:0.47428555244000736
CE_KINGSAFETY:0.5168967012476072
C_PIECESQUARETABLES:0.49253972104441307
C_MOBILITY:0.49968397949413207
C_KINGSAFETY:0.5275281250646164
C_PAWNSTRUCTURE:0.5403205223885474
C_PIECECOORDINATION:0.49417629745838876
C_ROOKANDPAWNMOVEMENT:0.49417629745838876
C_CENTERCONTROL:0.4695797758962088
C_DEVELOPPIECES:0.5200461497923323
C_MATERIAL:0.516075265863843
C_MOVECOUNT:0.5
