ELO:929
CE_PASSEDPAWNS:0.4970498720639947
CE_PAWNWEAKNESSES:0.5395288670166283
CE_PIECEACTIVITY:0.5130698707974637
CE_KINGPAWNSHIELD:0.4960262841910432
CE_PIECECOORDINATION:0.49376758562598794
CE_MATERIAL:0.5055927206767654
CE_KINGSAFETY:0.49775325061125847
C_PIECESQUARETABLES:0.5023484963498274
C_MOBILITY:0.48770252980448536
C_KINGSAFETY:0.5097865125607046
C_PAWNSTRUCTURE:0.46430810036753606
C_PIECECOORDINATION:0.4884381622122768
C_ROOK:0.506812325040693
CE_ROOK:0.47094924413770956
C_CENTERCONTROL:0.48266029595778476
C_DEVELOPPIECES:0.4814515429724635
C_MATERIAL:0.528593201702938
C_MOVECOUNT:0.5032786659503624
C_PAWNMOVEMENT:0.5205626829178952
