ELO:768
CE_PASSEDPAWNS:0.4780436820937975
CE_PAWNWEAKNESSES:0.6597902514313653
CE_PIECEACTIVITY:0.5439920730353837
CE_KINGPAWNSHIELD:0.4243042574833284
CE_PIECECOORDINATION:0.7009468910627458
CE_MATERIAL:0.5729526663110677
CE_KINGSAFETY:0.4973853155887566
C_PIECESQUARETABLES:0.49352751821621893
C_MOBILITY:0.525530696807197
C_KINGSAFETY:0.5535445527153328
C_PAWNSTRUCTURE:0.4794599351807793
C_PIECECOORDINATION:0.6146916398894219
C_ROOKANDPAWNMOVEMENT:0.6146916398894219
C_CENTERCONTROL:0.5424165965808544
C_DEVELOPPIECES:0.5529428741215823
C_MATERIAL:0.522308088972749
C_MOVECOUNT:0.4842216726639702
