ELO:990
CE_PASSEDPAWNS:0.38802663019103695
CE_PAWNWEAKNESSES:0.4449176979510626
CE_PIECEACTIVITY:0.5137510095826904
CE_KINGPAWNSHIELD:0.4969112771905379
CE_PIECECOORDINATION:0.5945923831985539
CE_MATERIAL:0.4082337353431979
CE_KINGSAFETY:0.512036822125934
C_PIECESQUARETABLES:0.5028847753784645
C_MOBILITY:0.6106431556756368
C_KINGSAFETY:0.5742475742575268
C_PAWNSTRUCTURE:0.6126654122681799
C_PIECECOORDINATION:0.6226162108602019
C_ROOKANDPAWNMOVEMENT:0.6226162108602019
C_CENTERCONTROL:0.37921966025654236
C_DEVELOPPIECES:0.5569568685144827
C_MATERIAL:0.6054438987847002
