ELO:909
CE_PASSEDPAWNS:0.47970451446814305
CE_PAWNWEAKNESSES:0.5324096646463016
CE_PIECEACTIVITY:0.5259589736013696
CE_KINGPAWNSHIELD:0.4967185906547449
CE_PIECECOORDINATION:0.5712385889174865
CE_MATERIAL:0.46632444872388723
CE_KINGSAFETY:0.5113095844167422
C_PIECESQUARETABLES:0.5014655283807262
C_MOBILITY:0.4826203090497387
C_KINGSAFETY:0.5161613927847425
C_PAWNSTRUCTURE:0.5135355755978519
C_PIECECOORDINATION:0.5151101609186215
C_ROOKANDPAWNMOVEMENT:0.5151101609186215
C_CENTERCONTROL:0.4905117184723588
C_DEVELOPPIECES:0.5284018840064469
C_MATERIAL:0.5217165308089564
C_MOVECOUNT:0.4994291687930612
