ELO:1000
CE_PASSEDPAWNS:0.49232047660481837
CE_PAWNWEAKNESSES:0.5165620955214081
CE_PIECEACTIVITY:0.4441104534111395
CE_KINGPAWNSHIELD:0.5129468413893595
CE_PIECECOORDINATION:0.48806649168208455
CE_MATERIAL:0.5301940674768552
CE_KINGSAFETY:0.5378512133972294
C_PIECESQUARETABLES:0.5047424240604403
C_MOBILITY:0.49839839121436197
C_KINGSAFETY:0.5502196808514489
C_PAWNSTRUCTURE:0.5058166366003611
C_PIECECOORDINATION:0.5396753323769502
C_ROOKANDPAWNMOVEMENT:0.5396753323769502
C_CENTERCONTROL:0.5100522173554127
C_DEVELOPPIECES:0.5004335556900521
C_MATERIAL:0.526086235672386
