ELO:912
CE_PASSEDPAWNS:0.48132717264254804
CE_PAWNWEAKNESSES:0.5309140605430785
CE_PIECEACTIVITY:0.5251987400386168
CE_KINGPAWNSHIELD:0.5122106429366334
CE_PIECECOORDINATION:0.5995998143745578
CE_MATERIAL:0.4422633859770638
CE_KINGSAFETY:0.5292612761295319
C_PIECESQUARETABLES:0.4966251638978867
C_MOBILITY:0.4796015648625946
C_KINGSAFETY:0.5193780805958318
C_PAWNSTRUCTURE:0.5264644653800814
C_PIECECOORDINATION:0.5286010259425651
C_ROOKANDPAWNMOVEMENT:0.5286010259425651
C_CENTERCONTROL:0.487426375813491
C_DEVELOPPIECES:0.5344250066506318
C_MATERIAL:0.5313263059419485
C_MOVECOUNT:0.4988654863458993
