ELO:874
CE_PASSEDPAWNS:0.49513465022498565
CE_PAWNWEAKNESSES:0.523718927268613
CE_PIECEACTIVITY:0.4808037320445696
CE_KINGPAWNSHIELD:0.4956132321926134
CE_PIECECOORDINATION:0.48070261656897373
CE_MATERIAL:0.4901536762104556
CE_KINGSAFETY:0.5
C_PIECESQUARETABLES:0.48391101425324934
C_MOBILITY:0.49625669149602064
C_KINGSAFETY:0.5236208121050443
C_PAWNSTRUCTURE:0.46802664561407814
C_PIECECOORDINATION:0.49372528606814303
C_ROOK:0.5159462948668214
CE_ROOK:0.4581667557301563
C_CENTERCONTROL:0.48857009792111944
C_DEVELOPPIECES:0.48027069215577267
C_MATERIAL:0.5329913990592409
C_MOVECOUNT:0.4925735744894998
C_PAWNMOVEMENT:0.535919591945168
