ELO:990
CE_PASSEDPAWNS:0.5
CE_PAWNWEAKNESSES:0.46787649963100175
CE_PIECEACTIVITY:0.525595675306763
CE_KINGPAWNSHIELD:0.4746880166043944
CE_PIECECOORDINATION:0.4956946244999247
CE_MATERIAL:0.5000666060495537
CE_KINGSAFETY:0.49803951706475524
C_PIECESQUARETABLES:0.5037962127026493
C_MOBILITY:0.4975787110217883
C_KINGSAFETY:0.48745741484480715
C_PAWNSTRUCTURE:0.48703952679326107
C_PIECECOORDINATION:0.49842123671917893
C_ROOKANDPAWNMOVEMENT:0.49842123671917893
C_CENTERCONTROL:0.5103985438238902
C_DEVELOPPIECES:0.4991444513257475
C_MATERIAL:0.49791444887716263
C_MOVECOUNT:0.5
