ELO:940
CE_PASSEDPAWNS:0.44471095811057576
CE_PAWNWEAKNESSES:0.5421846755997202
CE_PIECEACTIVITY:0.39690864095316847
CE_KINGPAWNSHIELD:0.6160836128648554
CE_PIECECOORDINATION:0.41575594488682954
CE_MATERIAL:0.5634472389271744
CE_KINGSAFETY:0.48013988967033056
C_PIECESQUARETABLES:0.4944421712989015
C_MOBILITY:0.6089251909483321
C_KINGSAFETY:0.5456677659641331
C_PAWNSTRUCTURE:0.5154373986487647
C_PIECECOORDINATION:0.41969327760571035
C_ROOKANDPAWNMOVEMENT:0.41969327760571035
C_CENTERCONTROL:0.4841376196052908
C_DEVELOPPIECES:0.5045591692585442
C_MATERIAL:0.5550089071053905
