ELO:854
CE_PASSEDPAWNS:0.5616506351841655
CE_PAWNWEAKNESSES:0.37867741902628055
CE_PIECEACTIVITY:0.5202397492522425
CE_KINGPAWNSHIELD:0.5137795819859867
CE_PIECECOORDINATION:0.4741163751118585
CE_MATERIAL:0.4262570187936415
CE_KINGSAFETY:0.519075879119286
C_PIECESQUARETABLES:0.46887552530580723
C_MOBILITY:0.5088503093350378
C_KINGSAFETY:0.5004454472420495
C_PAWNSTRUCTURE:0.44935422972481637
C_PIECECOORDINATION:0.46161890056148586
C_ROOKANDPAWNMOVEMENT:0.46161890056148586
C_CENTERCONTROL:0.5236903354904581
C_DEVELOPPIECES:0.46146193955889625
C_MATERIAL:0.5161431975141515
