ELO:1029
CE_PASSEDPAWNS:0.5058770812857342
CE_PAWNWEAKNESSES:0.46964970274392376
CE_PIECEACTIVITY:0.5257749088842189
CE_KINGPAWNSHIELD:0.4593213987530438
CE_PIECECOORDINATION:0.5371868962233096
CE_MATERIAL:0.49464478177997334
CE_KINGSAFETY:0.5
C_PIECESQUARETABLES:0.4844530743232977
C_MOBILITY:0.4788448761946724
C_KINGSAFETY:0.5099174910637498
C_PAWNSTRUCTURE:0.5037568545259127
C_PIECECOORDINATION:0.46303720366414663
C_ROOKANDPAWNMOVEMENT:0.46303720366414663
C_CENTERCONTROL:0.4708432329538287
C_DEVELOPPIECES:0.4851525374510143
C_MATERIAL:0.46835532448272466
C_MOVECOUNT:0.5
