ELO:966
CE_PASSEDPAWNS:0.47726510835516545
CE_PAWNWEAKNESSES:0.5075032727017962
CE_PIECEACTIVITY:0.49003140535606626
CE_KINGPAWNSHIELD:0.4506345606650836
CE_PIECECOORDINATION:0.47544860788561016
CE_MATERIAL:0.49630553488519075
CE_KINGSAFETY:0.5052768102576305
C_PIECESQUARETABLES:0.5156714667339864
C_MOBILITY:0.5053428499850943
C_KINGSAFETY:0.5
C_PAWNSTRUCTURE:0.5138954184949205
C_PIECECOORDINATION:0.5085887576635147
C_ROOKANDPAWNMOVEMENT:0.5085887576635147
C_CENTERCONTROL:0.5
C_DEVELOPPIECES:0.5060991731640773
C_MATERIAL:0.49649668722795565
C_MOVECOUNT:0.5
