ELO:999
CE_PASSEDPAWNS:0.47090830293531477
CE_PAWNWEAKNESSES:0.490528264246406
CE_PIECEACTIVITY:0.5038790648371166
CE_KINGPAWNSHIELD:0.5063561060770897
CE_PIECECOORDINATION:0.5029578925284003
CE_MATERIAL:0.5035611284614011
CE_KINGSAFETY:0.49890679876002536
C_PIECESQUARETABLES:0.4988960376883092
C_MOBILITY:0.5145845465991263
C_KINGSAFETY:0.5147370515698617
C_PAWNSTRUCTURE:0.5
C_PIECECOORDINATION:0.4696419516566606
C_ROOKANDPAWNMOVEMENT:0.4696419516566606
C_CENTERCONTROL:0.5093830128494745
C_DEVELOPPIECES:0.5272260942681216
C_MATERIAL:0.5
C_MOVECOUNT:0.5
