ELO:857
CE_PASSEDPAWNS:0.45581889978875545
CE_PAWNWEAKNESSES:0.4913556837341468
CE_PIECEACTIVITY:0.5463257923822631
CE_KINGPAWNSHIELD:0.5177648284143279
CE_PIECECOORDINATION:0.6197003362094105
CE_MATERIAL:0.4180330818714711
CE_KINGSAFETY:0.5371149186510038
C_PIECESQUARETABLES:0.4689904885887937
C_MOBILITY:0.5083210420429309
C_KINGSAFETY:0.5646807192060879
C_PAWNSTRUCTURE:0.4816721946616876
C_PIECECOORDINATION:0.5094347365093581
C_ROOKANDPAWNMOVEMENT:0.5094347365093581
C_CENTERCONTROL:0.4932035104403614
C_DEVELOPPIECES:0.5672438203736735
C_MATERIAL:0.5104757087357918
C_MOVECOUNT:0.4783087871451428
