ELO:941
CE_PASSEDPAWNS:0.470537432652558
CE_PAWNWEAKNESSES:0.529847000560805
CE_PIECEACTIVITY:0.348613020106346
CE_KINGPAWNSHIELD:0.562757900275343
CE_PIECECOORDINATION:0.3917776678605055
CE_MATERIAL:0.5428749742878591
CE_KINGSAFETY:0.4739320839677892
C_PIECESQUARETABLES:0.5287229310120624
C_MOBILITY:0.5344952078164643
C_KINGSAFETY:0.5512986854000703
C_PAWNSTRUCTURE:0.47101448150204905
C_PIECECOORDINATION:0.4522441428335156
C_ROOKANDPAWNMOVEMENT:0.4522441428335156
C_CENTERCONTROL:0.5006279243595496
C_DEVELOPPIECES:0.5261475941630858
C_MATERIAL:0.5400229325295713
