ELO:813
CE_PASSEDPAWNS:0.461367903021812
CE_PAWNWEAKNESSES:0.5076204675626415
CE_PIECEACTIVITY:0.5273949848065391
CE_KINGPAWNSHIELD:0.5293773231559271
CE_PIECECOORDINATION:0.5937892638760381
CE_MATERIAL:0.45679868898869724
CE_KINGSAFETY:0.5377399608078001
C_PIECESQUARETABLES:0.4675336496374908
C_MOBILITY:0.5163916193836742
C_KINGSAFETY:0.5018724812658193
C_PAWNSTRUCTURE:0.49217721895273264
C_PIECECOORDINATION:0.4932859535285639
C_ROOKANDPAWNMOVEMENT:0.4932859535285639
C_CENTERCONTROL:0.4955623671545548
C_DEVELOPPIECES:0.5515786150671833
C_MATERIAL:0.5013567514033728
C_MOVECOUNT:0.4638342388744575
