ELO:990
CE_PASSEDPAWNS:0.38802663019103695
CE_PAWNWEAKNESSES:0.4449176979510626
CE_PIECEACTIVITY:0.5081755949290535
CE_KINGPAWNSHIELD:0.5034619191325739
CE_PIECECOORDINATION:0.6092782055877115
CE_MATERIAL:0.41237886705497595
CE_KINGSAFETY:0.5111002713288428
C_PIECESQUARETABLES:0.4942389401460149
C_MOBILITY:0.6106431556756368
C_KINGSAFETY:0.5742475742575268
C_PAWNSTRUCTURE:0.6126654122681799
C_PIECECOORDINATION:0.626863333264873
C_ROOKANDPAWNMOVEMENT:0.626863333264873
C_CENTERCONTROL:0.37881311372542825
C_DEVELOPPIECES:0.5609281683428775
C_MATERIAL:0.5866536899795093
