ELO:982
CE_PASSEDPAWNS:0.4867179214729763
CE_PAWNWEAKNESSES:0.497110484279414
CE_PIECEACTIVITY:0.5059666056973813
CE_KINGPAWNSHIELD:0.5107658569602505
CE_PIECECOORDINATION:0.4923284170590729
CE_MATERIAL:0.487803729956038
CE_KINGSAFETY:0.4816430553897648
C_PIECESQUARETABLES:0.5013815614770378
C_MOBILITY:0.5219829979547139
C_KINGSAFETY:0.4887770577073248
C_PAWNSTRUCTURE:0.5196600696039756
C_PIECECOORDINATION:0.5030969194994948
C_ROOKANDPAWNMOVEMENT:0.5030969194994948
C_CENTERCONTROL:0.4931221585325828
C_DEVELOPPIECES:0.4940836948159918
C_MATERIAL:0.5133794034164993
