ELO:1106
CE_PASSEDPAWNS:0.444600236594844
CE_PAWNWEAKNESSES:0.45340590773108946
CE_PIECEACTIVITY:0.4626722100057508
CE_KINGPAWNSHIELD:0.41884255249546076
CE_PIECECOORDINATION:0.4660073097158189
CE_MATERIAL:0.45010939930116606
CE_KINGSAFETY:0.4961205997881059
C_PIECESQUARETABLES:0.48120392475171664
C_MOBILITY:0.42927156664129973
C_KINGSAFETY:0.6374809102290377
C_PAWNSTRUCTURE:0.44700913795848674
C_PIECECOORDINATION:0.4886580873218714
C_ROOKANDPAWNMOVEMENT:0.4886580873218714
C_CENTERCONTROL:0.5014188595021803
C_DEVELOPPIECES:0.5695241415259112
C_MATERIAL:0.3742517727093993
