ELO:971
CE_PASSEDPAWNS:0.525650414882462
CE_PAWNWEAKNESSES:0.5441459555844124
CE_PIECEACTIVITY:0.49993126604845467
CE_KINGPAWNSHIELD:0.5171499374782672
CE_PIECECOORDINATION:0.5045912494022018
CE_MATERIAL:0.48023784340919035
CE_KINGSAFETY:0.4859444954074667
C_PIECESQUARETABLES:0.49113741455500165
C_MOBILITY:0.49435943675630983
C_KINGSAFETY:0.49391341980464704
C_PAWNSTRUCTURE:0.48596721959935146
C_PIECECOORDINATION:0.4893119317834828
C_ROOK:0.5
CE_ROOK:0.5
C_CENTERCONTROL:0.5173698066465514
C_DEVELOPPIECES:0.4888261770772751
C_MATERIAL:0.520661429161593
C_MOVECOUNT:0.5158353253954449
C_PAWNMOVEMENT:0.5
