ELO:987
CE_PASSEDPAWNS:0.5013996160112485
CE_PAWNWEAKNESSES:0.49384381078806266
CE_PIECEACTIVITY:0.5
CE_KINGPAWNSHIELD:0.49401295188815275
CE_PIECECOORDINATION:0.5126639957600725
CE_MATERIAL:0.5019802330374438
CE_KINGSAFETY:0.514021634261374
C_PIECESQUARETABLES:0.5077732520916284
C_MOBILITY:0.4993731294899985
C_KINGSAFETY:0.5
C_PAWNSTRUCTURE:0.47740145078126467
C_PIECECOORDINATION:0.49464870345738066
C_ROOKANDPAWNMOVEMENT:0.49464870345738066
C_CENTERCONTROL:0.5081183405739119
C_DEVELOPPIECES:0.5
C_MATERIAL:0.49660330468633984
