ELO:914
CE_PASSEDPAWNS:0.5213489505672991
CE_PAWNWEAKNESSES:0.42847546603059916
CE_PIECEACTIVITY:0.5241492786540932
CE_KINGPAWNSHIELD:0.4949775012258678
CE_PIECECOORDINATION:0.4801914853026328
CE_MATERIAL:0.42403596638434154
CE_KINGSAFETY:0.5303319319783866
C_PIECESQUARETABLES:0.5097385471212006
C_MOBILITY:0.5224092043958447
C_KINGSAFETY:0.5102541209796159
C_PAWNSTRUCTURE:0.4778704884382829
C_PIECECOORDINATION:0.43794676414783223
C_ROOKANDPAWNMOVEMENT:0.43794676414783223
C_CENTERCONTROL:0.5640571068997935
C_DEVELOPPIECES:0.46163475682709926
C_MATERIAL:0.5792522820464077
