ELO:1017
CE_PASSEDPAWNS:0.46151486781473544
CE_PAWNWEAKNESSES:0.4862885683875714
CE_PIECEACTIVITY:0.5
CE_KINGPAWNSHIELD:0.4900217363729191
CE_PIECECOORDINATION:0.5
CE_MATERIAL:0.5011882206862669
CE_KINGSAFETY:0.5
C_PIECESQUARETABLES:0.5
C_MOBILITY:0.4988297089837916
C_KINGSAFETY:0.4934157576200837
C_PAWNSTRUCTURE:0.494279236837219
C_PIECECOORDINATION:0.4810489044076505
C_ROOKANDPAWNMOVEMENT:0.4810489044076505
C_CENTERCONTROL:0.5
C_DEVELOPPIECES:0.5149659708774952
C_MATERIAL:0.5135972032803453
C_MOVECOUNT:0.5
