ELO:1000
CE_PASSEDPAWNS:0.45297417412871505
CE_PAWNWEAKNESSES:0.47162400240865493
CE_PIECEACTIVITY:0.5304314569345753
CE_KINGPAWNSHIELD:0.49898121055443456
CE_PIECECOORDINATION:0.4690444380891072
CE_MATERIAL:0.49866095779730796
CE_KINGSAFETY:0.4894528770064812
C_PIECESQUARETABLES:0.4986101037666015
C_MOBILITY:0.4898468624973043
C_KINGSAFETY:0.5726551532227182
C_PAWNSTRUCTURE:0.48575946697304245
C_PIECECOORDINATION:0.43839043518255877
C_ROOKANDPAWNMOVEMENT:0.43839043518255877
C_CENTERCONTROL:0.5010012517885609
C_DEVELOPPIECES:0.47985742276688587
C_MATERIAL:0.5523781552972156
