ELO:999
CE_PASSEDPAWNS:0.5009682179267971
CE_PAWNWEAKNESSES:0.49652550892468333
CE_PIECEACTIVITY:0.4909930685826694
CE_KINGPAWNSHIELD:0.4918146172807214
CE_PIECECOORDINATION:0.5184671776251514
CE_MATERIAL:0.49803611461984815
CE_KINGSAFETY:0.4918849099398779
C_PIECESQUARETABLES:0.505248310911242
C_MOBILITY:0.4894012865818972
C_KINGSAFETY:0.49902129866969885
C_PAWNSTRUCTURE:0.4913314116845106
C_PIECECOORDINATION:0.4761298391345918
C_ROOK:0.4980397493885914
CE_ROOK:0.49275119179797366
C_CENTERCONTROL:0.509550484357851
C_DEVELOPPIECES:0.48797097268938905
C_MATERIAL:0.5298599197682924
C_MOVECOUNT:0.5137890957589872
C_PAWNMOVEMENT:0.5181161689719824
