ELO:988
CE_PASSEDPAWNS:0.5055146658317443
CE_PAWNWEAKNESSES:0.44298301920986244
CE_PIECEACTIVITY:0.5409748171757371
CE_KINGPAWNSHIELD:0.48471022308194067
CE_PIECECOORDINATION:0.482460678448683
CE_MATERIAL:0.4422173896878751
CE_KINGSAFETY:0.5370704667692408
C_PIECESQUARETABLES:0.583326343660172
C_MOBILITY:0.5129354974966028
C_KINGSAFETY:0.5320978589163653
C_PAWNSTRUCTURE:0.4895193951467612
C_PIECECOORDINATION:0.464206313978873
C_ROOKANDPAWNMOVEMENT:0.464206313978873
C_CENTERCONTROL:0.520397386659755
C_DEVELOPPIECES:0.4642005527846767
C_MATERIAL:0.5774084382630212
