ELO:939
CE_PASSEDPAWNS:0.4578085936611638
CE_PAWNWEAKNESSES:0.5426954656136658
CE_PIECEACTIVITY:0.35216264012504883
CE_KINGPAWNSHIELD:0.5460616970568419
CE_PIECECOORDINATION:0.3697691401716262
CE_MATERIAL:0.5590359875712931
CE_KINGSAFETY:0.4809276679776465
C_PIECESQUARETABLES:0.5287229310120624
C_MOBILITY:0.5525599574432498
C_KINGSAFETY:0.5479068301383229
C_PAWNSTRUCTURE:0.47636761330206984
C_PIECECOORDINATION:0.4266893595759438
C_ROOKANDPAWNMOVEMENT:0.4266893595759438
C_CENTERCONTROL:0.498953237652418
C_DEVELOPPIECES:0.5230938178258561
C_MATERIAL:0.5400229325295713
