ELO:993
CE_PASSEDPAWNS:0.49013461360349025
CE_PAWNWEAKNESSES:0.48192885334381397
CE_PIECEACTIVITY:0.49982864249989384
CE_KINGPAWNSHIELD:0.5047077276600189
CE_PIECECOORDINATION:0.45717086125056056
CE_MATERIAL:0.4995201459506831
CE_KINGSAFETY:0.5002034557014251
C_PIECESQUARETABLES:0.5282019765544103
C_MOBILITY:0.48246526396275424
C_KINGSAFETY:0.525094461919448
C_PAWNSTRUCTURE:0.5
C_PIECECOORDINATION:0.5160033332454198
C_ROOKANDPAWNMOVEMENT:0.5160033332454198
C_CENTERCONTROL:0.5395006583811635
C_DEVELOPPIECES:0.4661236706662108
C_MATERIAL:0.4946310238639433
C_MOVECOUNT:0.5223592630297664
