ELO:890
CE_PASSEDPAWNS:0.48653360227681036
CE_PAWNWEAKNESSES:0.4900112875320083
CE_PIECEACTIVITY:0.49165589267512166
CE_KINGPAWNSHIELD:0.5077617325117139
CE_PIECECOORDINATION:0.4908934796071261
CE_MATERIAL:0.46160450932151104
CE_KINGSAFETY:0.4995530939903337
C_PIECESQUARETABLES:0.4866668916596214
C_MOBILITY:0.4886749100872542
C_KINGSAFETY:0.5149010304419767
C_PAWNSTRUCTURE:0.4536470195836886
C_PIECECOORDINATION:0.49181200961904653
C_ROOK:0.5105734162349993
CE_ROOK:0.4581667557301563
C_CENTERCONTROL:0.4715234402560389
C_DEVELOPPIECES:0.4772590864110371
C_MATERIAL:0.5297443825969259
C_MOVECOUNT:0.4781097148018179
C_PAWNMOVEMENT:0.5314750078267754
