ELO:1000
CE_PASSEDPAWNS:0.47819763492472506
CE_PAWNWEAKNESSES:0.5138834255315143
CE_PIECEACTIVITY:0.5163917838784343
CE_KINGPAWNSHIELD:0.5213611934607745
CE_PIECECOORDINATION:0.4760459561684026
CE_MATERIAL:0.5195214975099504
CE_KINGSAFETY:0.49713682817265475
C_PIECESQUARETABLES:0.4884712455489425
C_MOBILITY:0.4930266356895321
C_KINGSAFETY:0.527092038306755
C_PAWNSTRUCTURE:0.46789413600387714
C_PIECECOORDINATION:0.5166638227727598
C_ROOKANDPAWNMOVEMENT:0.5166638227727598
C_CENTERCONTROL:0.521736116491828
C_DEVELOPPIECES:0.46443168180759437
C_MATERIAL:0.5298581191115787
