ELO:914
CE_PASSEDPAWNS:0.5291731926510359
CE_PAWNWEAKNESSES:0.39918919184434387
CE_PIECEACTIVITY:0.5283889392220372
CE_KINGPAWNSHIELD:0.49048241043999447
CE_PIECECOORDINATION:0.4634871815295563
CE_MATERIAL:0.4389381656064081
CE_KINGSAFETY:0.5456192031250772
C_PIECESQUARETABLES:0.5048352881754181
C_MOBILITY:0.5128031496065978
C_KINGSAFETY:0.5018990364133501
C_PAWNSTRUCTURE:0.4663685950994668
C_PIECECOORDINATION:0.447797230414196
C_ROOKANDPAWNMOVEMENT:0.447797230414196
C_CENTERCONTROL:0.5548719945402195
C_DEVELOPPIECES:0.44416248460444835
C_MATERIAL:0.5072899499844443
