ELO:987
CE_PASSEDPAWNS:0.5009682179267971
CE_PAWNWEAKNESSES:0.49652550892468333
CE_PIECEACTIVITY:0.4909930685826694
CE_KINGPAWNSHIELD:0.4820732598530475
CE_PIECECOORDINATION:0.5269267877535795
CE_MATERIAL:0.49803611461984815
CE_KINGSAFETY:0.4918849099398779
C_PIECESQUARETABLES:0.505248310911242
C_MOBILITY:0.4894012865818972
C_KINGSAFETY:0.49902129866969885
C_PAWNSTRUCTURE:0.4906548344245605
C_PIECECOORDINATION:0.47941501558407557
C_ROOK:0.4980397493885914
CE_ROOK:0.49275119179797366
C_CENTERCONTROL:0.509550484357851
C_DEVELOPPIECES:0.4795738882461137
C_MATERIAL:0.5298599197682924
C_MOVECOUNT:0.5137890957589872
C_PAWNMOVEMENT:0.5181161689719824
