ELO:833
CE_PASSEDPAWNS:0.5786502011842942
CE_PAWNWEAKNESSES:0.6065768151260655
CE_PIECEACTIVITY:0.4755634651562328
CE_KINGPAWNSHIELD:0.48404605800550726
CE_PIECECOORDINATION:0.472586754433622
CE_MATERIAL:0.4708187935701679
CE_KINGSAFETY:0.4802395933995967
C_PIECESQUARETABLES:0.489749618734881
C_MOBILITY:0.5334663637541939
C_KINGSAFETY:0.47591635943773253
C_PAWNSTRUCTURE:0.425928015531295
C_PIECECOORDINATION:0.5034567663769295
C_ROOKANDPAWNMOVEMENT:0.5034567663769295
C_CENTERCONTROL:0.42282143247635356
C_DEVELOPPIECES:0.5618758858617732
C_MATERIAL:0.49639928236805325
C_MOVECOUNT:0.5
