ELO:842
CE_PASSEDPAWNS:0.4568518292681903
CE_PAWNWEAKNESSES:0.5020894246527432
CE_PIECEACTIVITY:0.5368456582577519
CE_KINGPAWNSHIELD:0.511968442759433
CE_PIECECOORDINATION:0.6188367517807255
CE_MATERIAL:0.43193621913715835
CE_KINGSAFETY:0.5323102292016415
C_PIECESQUARETABLES:0.4865616915075692
C_MOBILITY:0.5009083151822952
C_KINGSAFETY:0.5207015193904287
C_PAWNSTRUCTURE:0.49569362486217683
C_PIECECOORDINATION:0.483859944749091
C_ROOKANDPAWNMOVEMENT:0.483859944749091
C_CENTERCONTROL:0.4991682493848742
C_DEVELOPPIECES:0.5632208273760556
C_MATERIAL:0.5288412778041524
C_MOVECOUNT:0.49407554251655805
