ELO:996
CE_PASSEDPAWNS:0.48838153479235646
CE_PAWNWEAKNESSES:0.4370683645354442
CE_PIECEACTIVITY:0.5433768125045196
CE_KINGPAWNSHIELD:0.48062209359412034
CE_PIECECOORDINATION:0.4819010613724262
CE_MATERIAL:0.465695668236536
CE_KINGSAFETY:0.5114561935309778
C_PIECESQUARETABLES:0.52471515884994
C_MOBILITY:0.5218027687035481
C_KINGSAFETY:0.5578702398374515
C_PAWNSTRUCTURE:0.4732448242113559
C_PIECECOORDINATION:0.446234465937096
C_ROOKANDPAWNMOVEMENT:0.446234465937096
C_CENTERCONTROL:0.523967457834093
C_DEVELOPPIECES:0.464659040929172
C_MATERIAL:0.5517607085900788
