ELO:1025
CE_PASSEDPAWNS:0.4979797585875339
CE_PAWNWEAKNESSES:0.5054935215545584
CE_PIECEACTIVITY:0.5268429594071298
CE_KINGPAWNSHIELD:0.5453138921775456
CE_PIECECOORDINATION:0.5088885429659978
CE_MATERIAL:0.4709303223813403
CE_KINGSAFETY:0.5337779757726689
C_PIECESQUARETABLES:0.495283939287458
C_MOBILITY:0.5212860337408602
C_KINGSAFETY:0.5349446824469897
C_PAWNSTRUCTURE:0.5093122671439013
C_PIECECOORDINATION:0.4660468412709375
C_ROOKANDPAWNMOVEMENT:0.4660468412709375
C_CENTERCONTROL:0.45898287082601785
C_DEVELOPPIECES:0.5087359041418192
C_MATERIAL:0.49831507192468644
C_MOVECOUNT:0.5
