ELO:1000
CE_PASSEDPAWNS:0.5
CE_PAWNWEAKNESSES:0.5148985687481132
CE_PIECEACTIVITY:0.5202686523705128
CE_KINGPAWNSHIELD:0.5079705375910523
CE_PIECECOORDINATION:0.4909012069216554
CE_MATERIAL:0.5
CE_KINGSAFETY:0.5
C_PIECESQUARETABLES:0.5
C_MOBILITY:0.516063630652985
C_KINGSAFETY:0.4891415646306995
C_PAWNSTRUCTURE:0.5
C_PIECECOORDINATION:0.49428342355951954
C_ROOKANDPAWNMOVEMENT:0.49428342355951954
C_CENTERCONTROL:0.4892159748478409
C_DEVELOPPIECES:0.5050834149118658
C_MATERIAL:0.49649668722795565
C_MOVECOUNT:0.5
