ELO:1000
CE_PASSEDPAWNS:0.4837230941597085
CE_PAWNWEAKNESSES:0.49722436923258384
CE_PIECEACTIVITY:0.45849513293991784
CE_KINGPAWNSHIELD:0.5224063286916402
CE_PIECECOORDINATION:0.502381079014259
CE_MATERIAL:0.5427524925216034
CE_KINGSAFETY:0.5315543564538419
C_PIECESQUARETABLES:0.5015496265102606
C_MOBILITY:0.5039818442805074
C_KINGSAFETY:0.547156883139267
C_PAWNSTRUCTURE:0.5054279210043818
C_PIECECOORDINATION:0.5295979169388295
C_ROOKANDPAWNMOVEMENT:0.5295979169388295
C_CENTERCONTROL:0.5188475617125475
C_DEVELOPPIECES:0.5035645156894409
C_MATERIAL:0.49544477856381663
