ELO:933
CE_PASSEDPAWNS:0.4938252979587733
CE_PAWNWEAKNESSES:0.5226874382320358
CE_PIECEACTIVITY:0.5066896126821928
CE_KINGPAWNSHIELD:0.4873984982714674
CE_PIECECOORDINATION:0.5035769400568001
CE_MATERIAL:0.4937069337244883
CE_KINGSAFETY:0.5083272425049402
C_PIECESQUARETABLES:0.4939265457944323
C_MOBILITY:0.48152696576950593
C_KINGSAFETY:0.5068570062287172
C_PAWNSTRUCTURE:0.4785642449501926
C_PIECECOORDINATION:0.4848043744345526
C_ROOK:0.5173580554445822
CE_ROOK:0.46729822591149045
C_CENTERCONTROL:0.49996680332742327
C_DEVELOPPIECES:0.4862832677579218
C_MATERIAL:0.5214530074040065
C_MOVECOUNT:0.506473511167748
C_PAWNMOVEMENT:0.5241675230860576
