ELO:969
CE_PASSEDPAWNS:0.5002596747402392
CE_PAWNWEAKNESSES:0.5540432896201053
CE_PIECEACTIVITY:0.5172188845870642
CE_KINGPAWNSHIELD:0.5493074291781268
CE_PIECECOORDINATION:0.4939228771529442
CE_MATERIAL:0.48132559811994047
CE_KINGSAFETY:0.5118517743594581
C_PIECESQUARETABLES:0.5325063225135078
C_MOBILITY:0.5228640022238735
C_KINGSAFETY:0.5108338720654303
C_PAWNSTRUCTURE:0.5080916085028273
C_PIECECOORDINATION:0.520583252398923
C_ROOK:0.5145765675677582
CE_ROOK:0.5301883095063069
C_CENTERCONTROL:0.5078980758179492
C_DEVELOPPIECES:0.46873065210668746
C_MATERIAL:0.561026491801134
C_MOVECOUNT:0.49643306424306444
C_PAWNMOVEMENT:0.4619850445233468
