ELO:897
CE_PASSEDPAWNS:0.572716076286902
CE_PAWNWEAKNESSES:0.49823248572903567
CE_PIECEACTIVITY:0.44691909949346925
CE_KINGPAWNSHIELD:0.46997312047220596
CE_PIECECOORDINATION:0.4766170309559765
CE_MATERIAL:0.45210587801316904
CE_KINGSAFETY:0.47317914567844044
C_PIECESQUARETABLES:0.4446916068306978
C_MOBILITY:0.5279176564528874
C_KINGSAFETY:0.4524084750130886
C_PAWNSTRUCTURE:0.5063566876030668
C_PIECECOORDINATION:0.4752408495261718
C_ROOKANDPAWNMOVEMENT:0.4752408495261718
C_CENTERCONTROL:0.42915530818560993
C_DEVELOPPIECES:0.4563986970038693
C_MATERIAL:0.5510817931211496
C_MOVECOUNT:0.5
