ELO:790
CE_PASSEDPAWNS:0.47364632958474095
CE_PAWNWEAKNESSES:0.533953676920124
CE_PIECEACTIVITY:0.5146988311243553
CE_KINGPAWNSHIELD:0.484413607176337
CE_PIECECOORDINATION:0.6665002583682627
CE_MATERIAL:0.5289364861672583
CE_KINGSAFETY:0.5
C_PIECESQUARETABLES:0.4828152677991829
C_MOBILITY:0.5450419142638583
C_KINGSAFETY:0.5304993834469576
C_PAWNSTRUCTURE:0.4861025728668575
C_PIECECOORDINATION:0.5018518086345995
C_ROOKANDPAWNMOVEMENT:0.5018518086345995
C_CENTERCONTROL:0.5171941966804555
C_DEVELOPPIECES:0.5707805477098319
C_MATERIAL:0.544344909514746
C_MOVECOUNT:0.4887474126885722
