ELO:967
CE_PASSEDPAWNS:0.5026272936959865
CE_PAWNWEAKNESSES:0.5171567119992909
CE_PIECEACTIVITY:0.5136866016483326
CE_KINGPAWNSHIELD:0.4873984982714674
CE_PIECECOORDINATION:0.5191187909362697
CE_MATERIAL:0.49803611461984815
CE_KINGSAFETY:0.5
C_PIECESQUARETABLES:0.5
C_MOBILITY:0.48095459901633675
C_KINGSAFETY:0.5091592957866659
C_PAWNSTRUCTURE:0.4816360058919298
C_PIECECOORDINATION:0.4857292764411645
C_ROOK:0.4990245485710727
CE_ROOK:0.48778119320648816
C_CENTERCONTROL:0.5025758543251226
C_DEVELOPPIECES:0.4999999625718824
C_MATERIAL:0.5215549796106355
C_MOVECOUNT:0.5111344796359258
C_PAWNMOVEMENT:0.5181161689719824
