ELO:966
CE_PASSEDPAWNS:0.4860057365983399
CE_PAWNWEAKNESSES:0.5172415754571099
CE_PIECEACTIVITY:0.4081530571817844
CE_KINGPAWNSHIELD:0.5084636716721418
CE_PIECECOORDINATION:0.4706834846059169
CE_MATERIAL:0.5470270047917227
CE_KINGSAFETY:0.5065665487446185
C_PIECESQUARETABLES:0.5124405860388611
C_MOBILITY:0.5142317177674213
C_KINGSAFETY:0.5511457937050533
C_PAWNSTRUCTURE:0.5044886363614521
C_PIECECOORDINATION:0.48695259516654044
C_ROOKANDPAWNMOVEMENT:0.48695259516654044
C_CENTERCONTROL:0.5195553787588068
C_DEVELOPPIECES:0.5054736300411319
C_MATERIAL:0.5574067903001098
