ELO:835
CE_PASSEDPAWNS:0.5054329840693438
CE_PAWNWEAKNESSES:0.5224754677951562
CE_PIECEACTIVITY:0.49295551137824295
CE_KINGPAWNSHIELD:0.48609771268763463
CE_PIECECOORDINATION:0.47502055172071267
CE_MATERIAL:0.530173739245294
CE_KINGSAFETY:0.5072920795310939
C_PIECESQUARETABLES:0.4835614838891479
C_MOBILITY:0.5193714746581182
C_KINGSAFETY:0.4016193234156563
C_PAWNSTRUCTURE:0.47855030493489553
C_PIECECOORDINATION:0.5337219751500245
C_ROOKANDPAWNMOVEMENT:0.5337219751500245
C_CENTERCONTROL:0.5931132408229814
C_DEVELOPPIECES:0.5491109004323639
C_MATERIAL:0.5841897811320279
C_MOVECOUNT:0.5
