ELO:982
CE_PASSEDPAWNS:0.5516697487459743
CE_PAWNWEAKNESSES:0.6060056125746939
CE_PIECEACTIVITY:0.5342802366124707
CE_KINGPAWNSHIELD:0.4327752614660659
CE_PIECECOORDINATION:0.5093751547623917
CE_MATERIAL:0.43476230716227243
CE_KINGSAFETY:0.5118321145369644
C_PIECESQUARETABLES:0.5
C_MOBILITY:0.46856790301973444
C_KINGSAFETY:0.4050043623638847
C_PAWNSTRUCTURE:0.5054514477659374
C_PIECECOORDINATION:0.5098705332707272
C_ROOKANDPAWNMOVEMENT:0.5098705332707272
C_CENTERCONTROL:0.39999215225554513
C_DEVELOPPIECES:0.5538487640911113
C_MATERIAL:0.4494127337808159
