ELO:994
CE_PASSEDPAWNS:0.5232038078920318
CE_PAWNWEAKNESSES:0.5010535734585029
CE_PIECEACTIVITY:0.49813269243456954
CE_KINGPAWNSHIELD:0.5128598793657879
CE_PIECECOORDINATION:0.5162233341214805
CE_MATERIAL:0.4897356493802934
CE_KINGSAFETY:0.5069979276082991
C_PIECESQUARETABLES:0.5115217125538545
C_MOBILITY:0.5046264142747793
C_KINGSAFETY:0.5251394467153155
C_PAWNSTRUCTURE:0.4832934504623724
C_PIECECOORDINATION:0.49630974155815855
C_ROOK:0.5012904346269912
CE_ROOK:0.5214940768950016
C_CENTERCONTROL:0.5189565106515287
C_DEVELOPPIECES:0.49875423392359475
C_MATERIAL:0.5201020658292167
C_MOVECOUNT:0.5151315282005245
C_PAWNMOVEMENT:0.49373443972280967
