ELO:950
CE_PASSEDPAWNS:0.5291939546572106
CE_PAWNWEAKNESSES:0.6198714391142166
CE_PIECEACTIVITY:0.5278716727075619
CE_KINGPAWNSHIELD:0.45703760306635693
CE_PIECECOORDINATION:0.4765772526382117
CE_MATERIAL:0.4527677525873553
CE_KINGSAFETY:0.5
C_PIECESQUARETABLES:0.5
C_MOBILITY:0.4560211366794503
C_KINGSAFETY:0.4424855425034289
C_PAWNSTRUCTURE:0.4978986862213327
C_PIECECOORDINATION:0.5939208234565477
C_ROOKANDPAWNMOVEMENT:0.5939208234565477
C_CENTERCONTROL:0.41231182068939576
C_DEVELOPPIECES:0.5317593508637027
C_MATERIAL:0.455223551791382
