ELO:963
CE_PASSEDPAWNS:0.4377952471982774
CE_PAWNWEAKNESSES:0.4776467132649858
CE_PIECEACTIVITY:0.5021165956769557
CE_KINGPAWNSHIELD:0.5132535811951585
CE_PIECECOORDINATION:0.6325753584915841
CE_MATERIAL:0.5334749518040921
CE_KINGSAFETY:0.5
C_PIECESQUARETABLES:0.5
C_MOBILITY:0.4905880434953016
C_KINGSAFETY:0.5368657758117246
C_PAWNSTRUCTURE:0.5207458072853128
C_PIECECOORDINATION:0.4344867738523346
C_ROOKANDPAWNMOVEMENT:0.4344867738523346
C_CENTERCONTROL:0.5561952750621797
C_DEVELOPPIECES:0.5
C_MATERIAL:0.49725694105173457
C_MOVECOUNT:0.5
