ELO:941
CE_PASSEDPAWNS:0.49461865709925495
CE_PAWNWEAKNESSES:0.5204163209315227
CE_PIECEACTIVITY:0.4687094776826846
CE_KINGPAWNSHIELD:0.5149468432620394
CE_PIECECOORDINATION:0.526581938221605
CE_MATERIAL:0.5805159386772875
CE_KINGSAFETY:0.5259866874041819
C_PIECESQUARETABLES:0.48276497913183264
C_MOBILITY:0.5062138171089254
C_KINGSAFETY:0.49251742199982923
C_PAWNSTRUCTURE:0.4364089908119983
C_PIECECOORDINATION:0.5680579843010128
C_ROOKANDPAWNMOVEMENT:0.5680579843010128
C_CENTERCONTROL:0.48575847762023694
C_DEVELOPPIECES:0.49334185317828577
C_MATERIAL:0.5133633509387421
C_MOVECOUNT:0.4960525601246006
