ELO:1000
CE_PASSEDPAWNS:0.5172394987955955
CE_PAWNWEAKNESSES:0.4795844720609499
CE_PIECEACTIVITY:0.5381931869599627
CE_KINGPAWNSHIELD:0.4376350384670413
CE_PIECECOORDINATION:0.4908132100636267
CE_MATERIAL:0.4263342979961445
CE_KINGSAFETY:0.5037791379252157
C_PIECESQUARETABLES:0.5
C_MOBILITY:0.5139224943995824
C_KINGSAFETY:0.49095773703206674
C_PAWNSTRUCTURE:0.5368568535140857
C_PIECECOORDINATION:0.5140564557103223
C_ROOKANDPAWNMOVEMENT:0.5140564557103223
C_CENTERCONTROL:0.4055330660466259
C_DEVELOPPIECES:0.48929028089956095
C_MATERIAL:0.5387436425259603
