ELO:1000
CE_PASSEDPAWNS:0.4840790003937852
CE_PAWNWEAKNESSES:0.500114939742174
CE_PIECEACTIVITY:0.5059389646296178
CE_KINGPAWNSHIELD:0.48348377369998513
CE_PIECECOORDINATION:0.5101664655074619
CE_MATERIAL:0.5015215276346507
CE_KINGSAFETY:0.4924197950570946
C_PIECESQUARETABLES:0.508288658576565
C_MOBILITY:0.48907878748805406
C_KINGSAFETY:0.493684997418895
C_PAWNSTRUCTURE:0.531019762922239
C_PIECECOORDINATION:0.5019285334651539
C_ROOKANDPAWNMOVEMENT:0.5019285334651539
C_CENTERCONTROL:0.46034801957586496
C_DEVELOPPIECES:0.48601272334626944
C_MATERIAL:0.49450259229492366
