ELO:823
CE_PASSEDPAWNS:0.44678294375431227
CE_PAWNWEAKNESSES:0.46835719984596286
CE_PIECEACTIVITY:0.47380064328181776
CE_KINGPAWNSHIELD:0.45755029587426466
CE_PIECECOORDINATION:0.4883381863896968
CE_MATERIAL:0.5117657255161007
CE_KINGSAFETY:0.5043157352187376
C_PIECESQUARETABLES:0.5
C_MOBILITY:0.4734211052640779
C_KINGSAFETY:0.5
C_PAWNSTRUCTURE:0.4603107457298666
C_PIECECOORDINATION:0.5079748038444948
C_ROOKANDPAWNMOVEMENT:0.5079748038444948
C_CENTERCONTROL:0.5071473681795383
C_DEVELOPPIECES:0.4847368789290799
C_MATERIAL:0.511563245745463
C_MOVECOUNT:0.5138013413525886
