ELO:957
CE_PASSEDPAWNS:0.506018078458802
CE_PAWNWEAKNESSES:0.6203824436746537
CE_PIECEACTIVITY:0.5558058008845417
CE_KINGPAWNSHIELD:0.4636071475864461
CE_PIECECOORDINATION:0.5040081010581993
CE_MATERIAL:0.45475493814741746
CE_KINGSAFETY:0.4970385934486605
C_PIECESQUARETABLES:0.5023564134407935
C_MOBILITY:0.4685437850899303
C_KINGSAFETY:0.42769972573475096
C_PAWNSTRUCTURE:0.48641621370018817
C_PIECECOORDINATION:0.5914912252772622
C_ROOKANDPAWNMOVEMENT:0.5914912252772622
C_CENTERCONTROL:0.39898827349919674
C_DEVELOPPIECES:0.5362405902256278
C_MATERIAL:0.43542509146267744
