ELO:1107
CE_PASSEDPAWNS:0.4426115826863504
CE_PAWNWEAKNESSES:0.4353858828375489
CE_PIECEACTIVITY:0.4850825081656333
CE_KINGPAWNSHIELD:0.4774259118591802
CE_PIECECOORDINATION:0.48203565953916955
CE_MATERIAL:0.3961139753456826
CE_KINGSAFETY:0.49945068231514267
C_PIECESQUARETABLES:0.5
C_MOBILITY:0.43610298787359364
C_KINGSAFETY:0.6009543595079152
C_PAWNSTRUCTURE:0.4417501100211813
C_PIECECOORDINATION:0.48943621454342756
C_ROOKANDPAWNMOVEMENT:0.48943621454342756
C_CENTERCONTROL:0.4970098192597579
C_DEVELOPPIECES:0.547072711964825
C_MATERIAL:0.38170933882406405
