ELO:951
CE_PASSEDPAWNS:0.5081261528642467
CE_PAWNWEAKNESSES:0.5239672807533404
CE_PIECEACTIVITY:0.4812514861924152
CE_KINGPAWNSHIELD:0.47078399256526743
CE_PIECECOORDINATION:0.5650487821271322
CE_MATERIAL:0.5166444568997862
CE_KINGSAFETY:0.5129673231062957
C_PIECESQUARETABLES:0.48960070847366327
C_MOBILITY:0.5212534576312086
C_KINGSAFETY:0.5466962273741465
C_PAWNSTRUCTURE:0.4546971454814881
C_PIECECOORDINATION:0.5099524206844697
C_ROOKANDPAWNMOVEMENT:0.5099524206844697
C_CENTERCONTROL:0.49027450420316965
C_DEVELOPPIECES:0.4987324560230586
C_MATERIAL:0.4834701864383494
C_MOVECOUNT:0.5
