ELO:990
CE_PASSEDPAWNS:0.38799702812156156
CE_PAWNWEAKNESSES:0.43884146471722235
CE_PIECEACTIVITY:0.5055534717583172
CE_KINGPAWNSHIELD:0.4969112771905379
CE_PIECECOORDINATION:0.6092782055877115
CE_MATERIAL:0.4213229031465241
CE_KINGSAFETY:0.49318739476768486
C_PIECESQUARETABLES:0.5028847753784645
C_MOBILITY:0.5894415093519355
C_KINGSAFETY:0.5747344419205631
C_PAWNSTRUCTURE:0.62436365227218
C_PIECECOORDINATION:0.6115070131181535
C_ROOKANDPAWNMOVEMENT:0.6115070131181535
C_CENTERCONTROL:0.38374058844803594
C_DEVELOPPIECES:0.5528173797779841
C_MATERIAL:0.5866536899795093
