ELO:987
CE_PASSEDPAWNS:0.483022111466786
CE_PAWNWEAKNESSES:0.5232592658603608
CE_PIECEACTIVITY:0.49564450928449094
CE_KINGPAWNSHIELD:0.4935605563363262
CE_PIECECOORDINATION:0.5060592306230518
CE_MATERIAL:0.4950810695999668
CE_KINGSAFETY:0.5
C_PIECESQUARETABLES:0.5207925634718298
C_MOBILITY:0.4965364257691108
C_KINGSAFETY:0.49915633595773795
C_PAWNSTRUCTURE:0.5
C_PIECECOORDINATION:0.5064699602003153
C_ROOK:0.5172835757768356
CE_ROOK:0.48862291144393016
C_CENTERCONTROL:0.5039332537163024
C_DEVELOPPIECES:0.5111194018705242
C_MATERIAL:0.5
C_MOVECOUNT:0.4956186439886189
C_PAWNMOVEMENT:0.5067120745156661
