ELO:1000
CE_PASSEDPAWNS:0.5129991900990308
CE_PAWNWEAKNESSES:0.4900805833871575
CE_PIECEACTIVITY:0.5154403135373298
CE_KINGPAWNSHIELD:0.4692004329595805
CE_PIECECOORDINATION:0.4709715293072736
CE_MATERIAL:0.46214187622219566
CE_KINGSAFETY:0.4583969399901206
C_PIECESQUARETABLES:0.46658684468367156
C_MOBILITY:0.4913667253368494
C_KINGSAFETY:0.4675556148167115
C_PAWNSTRUCTURE:0.547181867997518
C_PIECECOORDINATION:0.48921866840228073
C_ROOKANDPAWNMOVEMENT:0.48921866840228073
C_CENTERCONTROL:0.4446390380450896
C_DEVELOPPIECES:0.47060429551545235
C_MATERIAL:0.5476343165839777
