ELO:972
CE_PASSEDPAWNS:0.5265113574070931
CE_PAWNWEAKNESSES:0.4984116228981102
CE_PIECEACTIVITY:0.5002623561254085
CE_KINGPAWNSHIELD:0.503206060883887
CE_PIECECOORDINATION:0.5182508455645044
CE_MATERIAL:0.5005287392003612
CE_KINGSAFETY:0.5125591900781109
C_PIECESQUARETABLES:0.4965793904410764
C_MOBILITY:0.493229531229399
C_KINGSAFETY:0.5027066247852904
C_PAWNSTRUCTURE:0.49566858469522224
C_PIECECOORDINATION:0.49972541058137343
C_ROOK:0.4986941118976211
CE_ROOK:0.5093071600269015
C_CENTERCONTROL:0.5270090601186239
C_DEVELOPPIECES:0.5111033389477138
C_MATERIAL:0.5026329340227833
C_MOVECOUNT:0.5151315282005245
C_PAWNMOVEMENT:0.48232002543660474
