ELO:1000
CE_PASSEDPAWNS:0.5369601544347105
CE_PAWNWEAKNESSES:0.5399046907320888
CE_PIECEACTIVITY:0.5236210175600137
CE_KINGPAWNSHIELD:0.4913253950215687
CE_PIECECOORDINATION:0.48664991766632376
CE_MATERIAL:0.5315830233181039
CE_KINGSAFETY:0.4975100333403812
C_PIECESQUARETABLES:0.4967310924135753
C_MOBILITY:0.5397268106637001
C_KINGSAFETY:0.5032933632539862
C_PAWNSTRUCTURE:0.5321931565404723
C_PIECECOORDINATION:0.6147168354999418
C_ROOKANDPAWNMOVEMENT:0.6147168354999418
C_CENTERCONTROL:0.43817782772137404
C_DEVELOPPIECES:0.48775842267377784
C_MATERIAL:0.4746005572257742
