ELO:824
CE_PASSEDPAWNS:0.4896567920778621
CE_PAWNWEAKNESSES:0.4693234187784952
CE_PIECEACTIVITY:0.49999449209407315
CE_KINGPAWNSHIELD:0.4456169094010379
CE_PIECECOORDINATION:0.5992235529662985
CE_MATERIAL:0.4873820583362473
CE_KINGSAFETY:0.5012675638685721
C_PIECESQUARETABLES:0.48025613503992315
C_MOBILITY:0.5142546233640225
C_KINGSAFETY:0.3348994401081921
C_PAWNSTRUCTURE:0.4281129261750519
C_PIECECOORDINATION:0.5219551438773498
C_ROOKANDPAWNMOVEMENT:0.5219551438773498
C_CENTERCONTROL:0.4039963150616886
C_DEVELOPPIECES:0.5304138330469567
C_MATERIAL:0.5924268606640063
C_MOVECOUNT:0.5
