ELO:1000
CE_PASSEDPAWNS:0.5164543886739266
CE_PAWNWEAKNESSES:0.5262715539642864
CE_PIECEACTIVITY:0.5195640426906463
CE_KINGPAWNSHIELD:0.5199392825615445
CE_PIECECOORDINATION:0.502166129477414
CE_MATERIAL:0.5577168016428574
CE_KINGSAFETY:0.4921481719523352
C_PIECESQUARETABLES:0.489499777109193
C_MOBILITY:0.5153792945500768
C_KINGSAFETY:0.522422625000024
C_PAWNSTRUCTURE:0.5226822219440911
C_PIECECOORDINATION:0.583547429416783
C_ROOKANDPAWNMOVEMENT:0.583547429416783
C_CENTERCONTROL:0.4423811090860513
C_DEVELOPPIECES:0.48732723724669497
C_MATERIAL:0.46933865548887016
