ELO:981
CE_PASSEDPAWNS:0.513872318352678
CE_PAWNWEAKNESSES:0.5195449974552474
CE_PIECEACTIVITY:0.48987622491080585
CE_KINGPAWNSHIELD:0.48845231776934367
CE_PIECECOORDINATION:0.5054571297332167
CE_MATERIAL:0.48315846156459147
CE_KINGSAFETY:0.46611092677163757
C_PIECESQUARETABLES:0.5
C_MOBILITY:0.5097007224192006
C_KINGSAFETY:0.49434722186660524
C_PAWNSTRUCTURE:0.47797439425550514
C_PIECECOORDINATION:0.5069573709081385
C_ROOKANDPAWNMOVEMENT:0.5069573709081385
C_CENTERCONTROL:0.5190359395152266
C_DEVELOPPIECES:0.4788197956279564
C_MATERIAL:0.49196373504174795
