ELO:977
CE_PASSEDPAWNS:0.5204776179586543
CE_PAWNWEAKNESSES:0.5063042535878421
CE_PIECEACTIVITY:0.5077571504663713
CE_KINGPAWNSHIELD:0.49511053821191614
CE_PIECECOORDINATION:0.5111030641919012
CE_MATERIAL:0.5
CE_KINGSAFETY:0.5
C_PIECESQUARETABLES:0.5
C_MOBILITY:0.5019049505619028
C_KINGSAFETY:0.48838610434333074
C_PAWNSTRUCTURE:0.4829876326054528
C_PIECECOORDINATION:0.5050207745246356
C_ROOKANDPAWNMOVEMENT:0.5050207745246356
C_CENTERCONTROL:0.4930629829259567
C_DEVELOPPIECES:0.5054882478304163
C_MATERIAL:0.48944680551974706
C_MOVECOUNT:0.5
