ELO:941
CE_PASSEDPAWNS:0.5097088915864448
CE_PAWNWEAKNESSES:0.48182318981145467
CE_PIECEACTIVITY:0.46964321828453354
CE_KINGPAWNSHIELD:0.5795473072869438
CE_PIECECOORDINATION:0.5168888395760021
CE_MATERIAL:0.5610331869399529
CE_KINGSAFETY:0.4841364567258905
C_PIECESQUARETABLES:0.49565673171839847
C_MOBILITY:0.44493166326578754
C_KINGSAFETY:0.45909114749370983
C_PAWNSTRUCTURE:0.5566148904148671
C_PIECECOORDINATION:0.6420570883204342
C_ROOKANDPAWNMOVEMENT:0.6420570883204342
C_CENTERCONTROL:0.5275852928841768
C_DEVELOPPIECES:0.4527294286727505
C_MATERIAL:0.46556298106573374
