ELO:838
CE_PASSEDPAWNS:0.43773132041642937
CE_PAWNWEAKNESSES:0.5634285727743109
CE_PIECEACTIVITY:0.5726922858914254
CE_KINGPAWNSHIELD:0.500053472216032
CE_PIECECOORDINATION:0.44412201897566245
CE_MATERIAL:0.5006260723968737
CE_KINGSAFETY:0.48709125744167764
C_PIECESQUARETABLES:0.4824996468201655
C_MOBILITY:0.5317447936202974
C_KINGSAFETY:0.5165044014247022
C_PAWNSTRUCTURE:0.43022351036997425
C_PIECECOORDINATION:0.5337460819216641
C_ROOKANDPAWNMOVEMENT:0.5337460819216641
C_CENTERCONTROL:0.5005765336483251
C_DEVELOPPIECES:0.463126290706105
C_MATERIAL:0.44827169623210644
C_MOVECOUNT:0.6015550648842739
