ELO:1000
CE_PASSEDPAWNS:0.5124312274725348
CE_PAWNWEAKNESSES:0.5147576985898078
CE_PIECEACTIVITY:0.5160034776302796
CE_KINGPAWNSHIELD:0.4902549720464908
CE_PIECECOORDINATION:0.45727464818600233
CE_MATERIAL:0.5357825164224101
CE_KINGSAFETY:0.49822944409866665
C_PIECESQUARETABLES:0.47568309242582313
C_MOBILITY:0.5512897737667358
C_KINGSAFETY:0.5252170749711043
C_PAWNSTRUCTURE:0.5434445394040543
C_PIECECOORDINATION:0.6279534300132293
C_ROOKANDPAWNMOVEMENT:0.6279534300132293
C_CENTERCONTROL:0.4625560976766755
C_DEVELOPPIECES:0.5056176115911946
C_MATERIAL:0.450167164984451
