ELO:962
CE_PASSEDPAWNS:0.49240574456510194
CE_PAWNWEAKNESSES:0.4991182066823326
CE_PIECEACTIVITY:0.5079241286849592
CE_KINGPAWNSHIELD:0.5052060387254346
CE_PIECECOORDINATION:0.48336919962307234
CE_MATERIAL:0.5154969901159271
CE_KINGSAFETY:0.48121120222184305
C_PIECESQUARETABLES:0.5
C_MOBILITY:0.5
C_KINGSAFETY:0.5377819672670852
C_PAWNSTRUCTURE:0.4963863612001842
C_PIECECOORDINATION:0.507465133158181
C_ROOKANDPAWNMOVEMENT:0.507465133158181
C_CENTERCONTROL:0.5253763647890577
C_DEVELOPPIECES:0.47939795101140614
C_MATERIAL:0.5
C_MOVECOUNT:0.43313476006117174
