ELO:943
CE_PASSEDPAWNS:0.522935363071504
CE_PAWNWEAKNESSES:0.5980342936572023
CE_PIECEACTIVITY:0.5525711505252808
CE_KINGPAWNSHIELD:0.46494735549940014
CE_PIECECOORDINATION:0.4982718715703405
CE_MATERIAL:0.45014182284804577
CE_KINGSAFETY:0.4983619787866928
C_PIECESQUARETABLES:0.49896237504598273
C_MOBILITY:0.45111822124940426
C_KINGSAFETY:0.44144888566187346
C_PAWNSTRUCTURE:0.5058441560174768
C_PIECECOORDINATION:0.5796900915527161
C_ROOKANDPAWNMOVEMENT:0.5796900915527161
C_CENTERCONTROL:0.4104693843039216
C_DEVELOPPIECES:0.5457204641641821
C_MATERIAL:0.4527140291369364
