ELO:906
CE_PASSEDPAWNS:0.512106299075274
CE_PAWNWEAKNESSES:0.47483195652916643
CE_PIECEACTIVITY:0.4872228100194825
CE_KINGPAWNSHIELD:0.44159869980032584
CE_PIECECOORDINATION:0.43635579824800724
CE_MATERIAL:0.5057208876322465
CE_KINGSAFETY:0.5637059182464427
C_PIECESQUARETABLES:0.5013940136161551
C_MOBILITY:0.46726817205743615
C_KINGSAFETY:0.442245640840458
C_PAWNSTRUCTURE:0.47536754204891896
C_PIECECOORDINATION:0.5389040331490416
C_ROOKANDPAWNMOVEMENT:0.5389040331490416
C_CENTERCONTROL:0.5084011368340532
C_DEVELOPPIECES:0.49410177655990034
C_MATERIAL:0.4860243190589292
C_MOVECOUNT:0.5
