ELO:1000
CE_PASSEDPAWNS:0.5129991900990308
CE_PAWNWEAKNESSES:0.4832423326792395
CE_PIECEACTIVITY:0.5250602000218353
CE_KINGPAWNSHIELD:0.47881721679907213
CE_PIECECOORDINATION:0.4699495974394998
CE_MATERIAL:0.46470032834120956
CE_KINGSAFETY:0.48290634524344717
C_PIECESQUARETABLES:0.4736621113213586
C_MOBILITY:0.47919283842626764
C_KINGSAFETY:0.47426435325688127
C_PAWNSTRUCTURE:0.5353579127708074
C_PIECECOORDINATION:0.4791416065553998
C_ROOKANDPAWNMOVEMENT:0.4791416065553998
C_CENTERCONTROL:0.43510542495168175
C_DEVELOPPIECES:0.4732362134738294
C_MATERIAL:0.5343968368482755
