ELO:968
CE_PASSEDPAWNS:0.4857461909745168
CE_PAWNWEAKNESSES:0.4926245244282891
CE_PIECEACTIVITY:0.4887569604193323
CE_KINGPAWNSHIELD:0.50837546852863
CE_PIECECOORDINATION:0.47678936740328187
CE_MATERIAL:0.48999448303574533
CE_KINGSAFETY:0.5282023626791891
C_PIECESQUARETABLES:0.5104105103371224
C_MOBILITY:0.5141834650928094
C_KINGSAFETY:0.49202265658485045
C_PAWNSTRUCTURE:0.5306320736908658
C_PIECECOORDINATION:0.5019676615898293
C_ROOKANDPAWNMOVEMENT:0.5019676615898293
C_CENTERCONTROL:0.48898480173124637
C_DEVELOPPIECES:0.5173523277464682
C_MATERIAL:0.5033221804761925
C_MOVECOUNT:0.5544111283069371
