ELO:983
CE_PASSEDPAWNS:0.4965989346334165
CE_PAWNWEAKNESSES:0.47808040641717686
CE_PIECEACTIVITY:0.5316020752880125
CE_KINGPAWNSHIELD:0.5013443914561478
CE_PIECECOORDINATION:0.5
CE_MATERIAL:0.5111210792005003
CE_KINGSAFETY:0.4522736422762009
C_PIECESQUARETABLES:0.48399048849870313
C_MOBILITY:0.49581817984822685
C_KINGSAFETY:0.521591020417255
C_PAWNSTRUCTURE:0.515276452836635
C_PIECECOORDINATION:0.5196741721136496
C_ROOKANDPAWNMOVEMENT:0.5196741721136496
C_CENTERCONTROL:0.4987194214718389
C_DEVELOPPIECES:0.4781568669550858
C_MATERIAL:0.5000280294019773
