ELO:917
CE_PASSEDPAWNS:0.5074401034638827
CE_PAWNWEAKNESSES:0.47354262447823947
CE_PIECEACTIVITY:0.41325893925008056
CE_KINGPAWNSHIELD:0.49467007025105963
CE_PIECECOORDINATION:0.5878311929923696
CE_MATERIAL:0.3824927012596535
CE_KINGSAFETY:0.49910641318304944
C_PIECESQUARETABLES:0.5359460612334754
C_MOBILITY:0.4582572814216271
C_KINGSAFETY:0.6137733101358404
C_PAWNSTRUCTURE:0.47135159637040586
C_PIECECOORDINATION:0.5479472123385818
C_ROOKANDPAWNMOVEMENT:0.5479472123385818
C_CENTERCONTROL:0.49688190743573274
C_DEVELOPPIECES:0.39601469043339127
C_MATERIAL:0.5282440028325092
