ELO:987
CE_PASSEDPAWNS:0.519114021203548
CE_PAWNWEAKNESSES:0.5082854127401966
CE_PIECEACTIVITY:0.5002623561254085
CE_KINGPAWNSHIELD:0.5102814282772853
CE_PIECECOORDINATION:0.5137422404738201
CE_MATERIAL:0.49095378099464343
CE_KINGSAFETY:0.5162182639826248
C_PIECESQUARETABLES:0.5078072134901467
C_MOBILITY:0.49218495010493624
C_KINGSAFETY:0.4906111268153433
C_PAWNSTRUCTURE:0.49916134869584095
C_PIECECOORDINATION:0.4861581895171875
C_ROOK:0.5
CE_ROOK:0.5188953901029991
C_CENTERCONTROL:0.5195257258797865
C_DEVELOPPIECES:0.5048197061653815
C_MATERIAL:0.4965111793315552
C_MOVECOUNT:0.5123210621721638
C_PAWNMOVEMENT:0.48893406608617757
