ELO:912
CE_PASSEDPAWNS:0.5093362422998211
CE_PAWNWEAKNESSES:0.47445639242213755
CE_PIECEACTIVITY:0.4970856914928238
CE_KINGPAWNSHIELD:0.45375004246146533
CE_PIECECOORDINATION:0.4478009238420663
CE_MATERIAL:0.49857316286965425
CE_KINGSAFETY:0.5637059182464427
C_PIECESQUARETABLES:0.500448623463213
C_MOBILITY:0.4617702302842439
C_KINGSAFETY:0.44863081823362044
C_PAWNSTRUCTURE:0.47589754918240157
C_PIECECOORDINATION:0.5306310772429079
C_ROOKANDPAWNMOVEMENT:0.5306310772429079
C_CENTERCONTROL:0.5396515453908773
C_DEVELOPPIECES:0.46521076836608505
C_MATERIAL:0.4713670492489796
C_MOVECOUNT:0.5
