ELO:906
CE_PASSEDPAWNS:0.5051723514933811
CE_PAWNWEAKNESSES:0.4774392860403837
CE_PIECEACTIVITY:0.42953850638167806
CE_KINGPAWNSHIELD:0.5024161107798957
CE_PIECECOORDINATION:0.5934533011292275
CE_MATERIAL:0.395494418124071
CE_KINGSAFETY:0.49507111564575546
C_PIECESQUARETABLES:0.5165673124729693
C_MOBILITY:0.46119064689940126
C_KINGSAFETY:0.6293543786154493
C_PAWNSTRUCTURE:0.45152184067571416
C_PIECECOORDINATION:0.5670235284545702
C_ROOKANDPAWNMOVEMENT:0.5670235284545702
C_CENTERCONTROL:0.5087977425358174
C_DEVELOPPIECES:0.3854158253745888
C_MATERIAL:0.5358691166673799
