ELO:916
CE_PASSEDPAWNS:0.5397614139789384
CE_PAWNWEAKNESSES:0.605762931370107
CE_PIECEACTIVITY:0.5022681162348729
CE_KINGPAWNSHIELD:0.4825499900110217
CE_PIECECOORDINATION:0.4690837556574616
CE_MATERIAL:0.40736151298828244
CE_KINGSAFETY:0.47168500948068964
C_PIECESQUARETABLES:0.48430374253088465
C_MOBILITY:0.4321966808649601
C_KINGSAFETY:0.4096459768413293
C_PAWNSTRUCTURE:0.5125500921800703
C_PIECECOORDINATION:0.6099613993676534
C_ROOKANDPAWNMOVEMENT:0.6099613993676534
C_CENTERCONTROL:0.4401925019947537
C_DEVELOPPIECES:0.590819694883106
C_MATERIAL:0.4474410849466335
