ELO:1011
CE_PASSEDPAWNS:0.5
CE_PAWNWEAKNESSES:0.5026734297447525
CE_PIECEACTIVITY:0.49751346573882604
CE_KINGPAWNSHIELD:0.5
CE_PIECECOORDINATION:0.5001770687831296
CE_MATERIAL:0.5
CE_KINGSAFETY:0.5
C_PIECESQUARETABLES:0.5080118065499016
C_MOBILITY:0.5000355068431511
C_KINGSAFETY:0.5
C_PAWNSTRUCTURE:0.5
C_PIECECOORDINATION:0.5
C_ROOKANDPAWNMOVEMENT:0.5
C_CENTERCONTROL:0.5
C_DEVELOPPIECES:0.5
C_MATERIAL:0.49726239487510304
