ELO:1000
CE_PASSEDPAWNS:0.5165255845580903
CE_PAWNWEAKNESSES:0.4705848336288827
CE_PIECEACTIVITY:0.5481954477428109
CE_KINGPAWNSHIELD:0.463337243451279
CE_PIECECOORDINATION:0.4949893912791763
CE_MATERIAL:0.43439829242216293
CE_KINGSAFETY:0.49885865642093286
C_PIECESQUARETABLES:0.5104289960340491
C_MOBILITY:0.526625020448729
C_KINGSAFETY:0.5005237070730004
C_PAWNSTRUCTURE:0.5474132286137835
C_PIECECOORDINATION:0.5204945513375437
C_ROOKANDPAWNMOVEMENT:0.5204945513375437
C_CENTERCONTROL:0.3918146506301898
C_DEVELOPPIECES:0.5071287571964974
C_MATERIAL:0.5521661583043439
