ELO:954
CE_PASSEDPAWNS:0.5173645332009201
CE_PAWNWEAKNESSES:0.6191369819199704
CE_PIECEACTIVITY:0.530219378107286
CE_KINGPAWNSHIELD:0.46027170035773207
CE_PIECECOORDINATION:0.4765772526382117
CE_MATERIAL:0.4527677525873553
CE_KINGSAFETY:0.514180552719713
C_PIECESQUARETABLES:0.4983571998304623
C_MOBILITY:0.4685437850899303
C_KINGSAFETY:0.4424855425034289
C_PAWNSTRUCTURE:0.48641621370018817
C_PIECECOORDINATION:0.5939208234565477
C_ROOKANDPAWNMOVEMENT:0.5939208234565477
C_CENTERCONTROL:0.405616088197052
C_DEVELOPPIECES:0.539864067010577
C_MATERIAL:0.455223551791382
