ELO:919
CE_PASSEDPAWNS:0.49608096257161177
CE_PAWNWEAKNESSES:0.514785304411285
CE_PIECEACTIVITY:0.484814960914683
CE_KINGPAWNSHIELD:0.5149468432620394
CE_PIECECOORDINATION:0.5357541972532424
CE_MATERIAL:0.5790706564899871
CE_KINGSAFETY:0.5237123946548797
C_PIECESQUARETABLES:0.47753554745376187
C_MOBILITY:0.49522472835246695
C_KINGSAFETY:0.49863394355734547
C_PAWNSTRUCTURE:0.4473154610565591
C_PIECECOORDINATION:0.548865605327908
C_ROOKANDPAWNMOVEMENT:0.548865605327908
C_CENTERCONTROL:0.49445634259742777
C_DEVELOPPIECES:0.49370750222416426
C_MATERIAL:0.5058809225667507
C_MOVECOUNT:0.4918782282034032
