ELO:999
CE_PASSEDPAWNS:0.5102075851819978
CE_PAWNWEAKNESSES:0.49536932260209915
CE_PIECEACTIVITY:0.5004847852139893
CE_KINGPAWNSHIELD:0.5217526733633348
CE_PIECECOORDINATION:0.5
CE_MATERIAL:0.5127752288276752
CE_KINGSAFETY:0.49628285446392256
C_PIECESQUARETABLES:0.5019710835396775
C_MOBILITY:0.4967551293896638
C_KINGSAFETY:0.5
C_PAWNSTRUCTURE:0.49424628576678187
C_PIECECOORDINATION:0.4658653463876577
C_ROOKANDPAWNMOVEMENT:0.4658653463876577
C_CENTERCONTROL:0.5011425887789831
C_DEVELOPPIECES:0.4900831658533814
C_MATERIAL:0.47418320277359016
C_MOVECOUNT:0.5
