ELO:910
CE_PASSEDPAWNS:0.5549074759430777
CE_PAWNWEAKNESSES:0.6019525400950092
CE_PIECEACTIVITY:0.5022681162348729
CE_KINGPAWNSHIELD:0.4878440875999338
CE_PIECECOORDINATION:0.48051524810096335
CE_MATERIAL:0.4178589536246887
CE_KINGSAFETY:0.4764260511911157
C_PIECESQUARETABLES:0.4728170254111388
C_MOBILITY:0.4321966808649601
C_KINGSAFETY:0.4194777754816339
C_PAWNSTRUCTURE:0.5125500921800703
C_PIECECOORDINATION:0.5932195836496468
C_ROOKANDPAWNMOVEMENT:0.5932195836496468
C_CENTERCONTROL:0.42773616915521456
C_DEVELOPPIECES:0.5855982307020705
C_MATERIAL:0.441788539650875
