ELO:1013
CE_PASSEDPAWNS:0.5
CE_PAWNWEAKNESSES:0.5481040726379212
CE_PIECEACTIVITY:0.5069824226566094
CE_KINGPAWNSHIELD:0.5057077387262978
CE_PIECECOORDINATION:0.48870129655709765
CE_MATERIAL:0.5077180426740109
CE_KINGSAFETY:0.5367148285592305
C_PIECESQUARETABLES:0.5101903510758277
C_MOBILITY:0.4941634234457814
C_KINGSAFETY:0.5271877840186611
C_PAWNSTRUCTURE:0.4654827010940101
C_PIECECOORDINATION:0.458035529680419
C_ROOKANDPAWNMOVEMENT:0.458035529680419
C_CENTERCONTROL:0.49546902313878655
C_DEVELOPPIECES:0.48948064753392145
C_MATERIAL:0.5218932826924514
C_MOVECOUNT:0.5
