ELO:998
CE_PASSEDPAWNS:0.5175998428912285
CE_PAWNWEAKNESSES:0.5081195000160523
CE_PIECEACTIVITY:0.5196073244832354
CE_KINGPAWNSHIELD:0.5
CE_PIECECOORDINATION:0.5135009542338124
CE_MATERIAL:0.48508343389409986
CE_KINGSAFETY:0.48461259633816134
C_PIECESQUARETABLES:0.5023382083113972
C_MOBILITY:0.5062626755399422
C_KINGSAFETY:0.4918893714169307
C_PAWNSTRUCTURE:0.4714964873182374
C_PIECECOORDINATION:0.5040257245818697
C_ROOKANDPAWNMOVEMENT:0.5040257245818697
C_CENTERCONTROL:0.5059537819880541
C_DEVELOPPIECES:0.5099843677665348
C_MATERIAL:0.4928767956383494
C_MOVECOUNT:0.5
