ELO:1014
CE_PASSEDPAWNS:0.5128890097248929
CE_PAWNWEAKNESSES:0.5094968725698394
CE_PIECEACTIVITY:0.4596897660002144
CE_KINGPAWNSHIELD:0.47327131344903645
CE_PIECECOORDINATION:0.5429026464648197
CE_MATERIAL:0.4322584468476639
CE_KINGSAFETY:0.49147928933165624
C_PIECESQUARETABLES:0.5101378171927006
C_MOBILITY:0.47949384198298367
C_KINGSAFETY:0.6043859132152235
C_PAWNSTRUCTURE:0.4683443673972997
C_PIECECOORDINATION:0.5739847804035473
C_ROOKANDPAWNMOVEMENT:0.5739847804035473
C_CENTERCONTROL:0.5046011361864366
C_DEVELOPPIECES:0.4478697827777358
C_MATERIAL:0.5392796975785437
