ELO:980
CE_PASSEDPAWNS:0.5004012783957686
CE_PAWNWEAKNESSES:0.5026760983496803
CE_PIECEACTIVITY:0.5338376529686271
CE_KINGPAWNSHIELD:0.4710855825390127
CE_PIECECOORDINATION:0.5301400158461665
CE_MATERIAL:0.5266478794959725
CE_KINGSAFETY:0.49295937353653735
C_PIECESQUARETABLES:0.49841264030769844
C_MOBILITY:0.49266218796433964
C_KINGSAFETY:0.5065246870716656
C_PAWNSTRUCTURE:0.5023930734539624
C_PIECECOORDINATION:0.49494739591353404
C_ROOKANDPAWNMOVEMENT:0.49494739591353404
C_CENTERCONTROL:0.4743622349108476
C_DEVELOPPIECES:0.48974585665480136
C_MATERIAL:0.5089367955648043
C_MOVECOUNT:0.4878374756225452
