ELO:1011
CE_PASSEDPAWNS:0.517221745807381
CE_PAWNWEAKNESSES:0.4968237001724919
CE_PIECEACTIVITY:0.5034562598938414
CE_KINGPAWNSHIELD:0.5079142200124107
CE_PIECECOORDINATION:0.5552769766104739
CE_MATERIAL:0.5127752288276752
CE_KINGSAFETY:0.5
C_PIECESQUARETABLES:0.4921395719796418
C_MOBILITY:0.5
C_KINGSAFETY:0.5
C_PAWNSTRUCTURE:0.5129552823617778
C_PIECECOORDINATION:0.5
C_ROOKANDPAWNMOVEMENT:0.5
C_CENTERCONTROL:0.49123818361340543
C_DEVELOPPIECES:0.4987324560230586
C_MATERIAL:0.5058707411571624
C_MOVECOUNT:0.5
