ELO:845
CE_PASSEDPAWNS:0.5300481750423873
CE_PAWNWEAKNESSES:0.4724080561540542
CE_PIECEACTIVITY:0.43692684292623407
CE_KINGPAWNSHIELD:0.4257105978906415
CE_PIECECOORDINATION:0.5011438550550084
CE_MATERIAL:0.4775780806800654
CE_KINGSAFETY:0.4876278798424515
C_PIECESQUARETABLES:0.5049813370847359
C_MOBILITY:0.5869702182735804
C_KINGSAFETY:0.4036600778658177
C_PAWNSTRUCTURE:0.5147699900618911
C_PIECECOORDINATION:0.47818769084498597
C_ROOKANDPAWNMOVEMENT:0.47818769084498597
C_CENTERCONTROL:0.5351243481421566
C_DEVELOPPIECES:0.46024142029663867
C_MATERIAL:0.515762512801711
