ELO:929
CE_PASSEDPAWNS:0.5263956047756219
CE_PAWNWEAKNESSES:0.607583856638339
CE_PIECEACTIVITY:0.5461998716700456
CE_KINGPAWNSHIELD:0.4573180911229785
CE_PIECECOORDINATION:0.47653844560705794
CE_MATERIAL:0.45266089718449143
CE_KINGSAFETY:0.4779943353641588
C_PIECESQUARETABLES:0.46523785798187356
C_MOBILITY:0.4164907283652324
C_KINGSAFETY:0.4452682458918064
C_PAWNSTRUCTURE:0.49916571271615623
C_PIECECOORDINATION:0.6115417094701272
C_ROOKANDPAWNMOVEMENT:0.6115417094701272
C_CENTERCONTROL:0.4434045677271584
C_DEVELOPPIECES:0.5587378373936621
C_MATERIAL:0.4508018599479892
