ELO:972
CE_PASSEDPAWNS:0.5370405799688718
CE_PAWNWEAKNESSES:0.5150090424160961
CE_PIECEACTIVITY:0.5705062953569614
CE_KINGPAWNSHIELD:0.533475416412608
CE_PIECECOORDINATION:0.4883013941738788
CE_MATERIAL:0.5624858090782838
CE_KINGSAFETY:0.5065233579719086
C_PIECESQUARETABLES:0.4894031434130572
C_MOBILITY:0.5385390305150589
C_KINGSAFETY:0.525998253702205
C_PAWNSTRUCTURE:0.5043481740798863
C_PIECECOORDINATION:0.6328407169330902
C_ROOKANDPAWNMOVEMENT:0.6328407169330902
C_CENTERCONTROL:0.4888399361485633
C_DEVELOPPIECES:0.5010216582780085
C_MATERIAL:0.5196587386261816
