ELO:902
CE_PASSEDPAWNS:0.4979797585875339
CE_PAWNWEAKNESSES:0.41831621447378387
CE_PIECEACTIVITY:0.5257130054352245
CE_KINGPAWNSHIELD:0.4820862293330612
CE_PIECECOORDINATION:0.4937259056177772
CE_MATERIAL:0.41115227355597683
CE_KINGSAFETY:0.5
C_PIECESQUARETABLES:0.5
C_MOBILITY:0.48906804098171075
C_KINGSAFETY:0.5438023022885276
C_PAWNSTRUCTURE:0.4208112989429242
C_PIECECOORDINATION:0.4022686103782038
C_ROOKANDPAWNMOVEMENT:0.4022686103782038
C_CENTERCONTROL:0.5988664572225119
C_DEVELOPPIECES:0.43015403464908786
C_MATERIAL:0.49617683533457546
C_MOVECOUNT:0.5
