ELO:986
CE_PASSEDPAWNS:0.5012360105017081
CE_PAWNWEAKNESSES:0.5
CE_PIECEACTIVITY:0.5083384795390887
CE_KINGPAWNSHIELD:0.5094782664500831
CE_PIECECOORDINATION:0.5
CE_MATERIAL:0.4965917210219932
CE_KINGSAFETY:0.49645895562328207
C_PIECESQUARETABLES:0.4815410632162658
C_MOBILITY:0.5109901998352638
C_KINGSAFETY:0.5079544050061292
C_PAWNSTRUCTURE:0.5097580397725747
C_PIECECOORDINATION:0.49225715732141245
C_ROOKANDPAWNMOVEMENT:0.49225715732141245
C_CENTERCONTROL:0.5
C_DEVELOPPIECES:0.49276711555094377
C_MATERIAL:0.5065053174821021
C_MOVECOUNT:0.5
