ELO:950
CE_PASSEDPAWNS:0.5192979207711574
CE_PAWNWEAKNESSES:0.6198714391142166
CE_PIECEACTIVITY:0.5398725199397028
CE_KINGPAWNSHIELD:0.4692322082089626
CE_PIECECOORDINATION:0.48817172926220587
CE_MATERIAL:0.4527677525873553
CE_KINGSAFETY:0.4941205223091561
C_PIECESQUARETABLES:0.5084862469992626
C_MOBILITY:0.44894283490238557
C_KINGSAFETY:0.4424855425034289
C_PAWNSTRUCTURE:0.5038933456399473
C_PIECECOORDINATION:0.5939208234565477
C_ROOKANDPAWNMOVEMENT:0.5939208234565477
C_CENTERCONTROL:0.4062175717549611
C_DEVELOPPIECES:0.541690521093909
C_MATERIAL:0.455223551791382
