ELO:1000
CE_PASSEDPAWNS:0.5129991900990308
CE_PAWNWEAKNESSES:0.49283518608735233
CE_PIECEACTIVITY:0.5140562767015944
CE_KINGPAWNSHIELD:0.46758189831352637
CE_PIECECOORDINATION:0.46670284448320365
CE_MATERIAL:0.4500009285509186
CE_KINGSAFETY:0.4672903444172753
C_PIECESQUARETABLES:0.471023970257843
C_MOBILITY:0.5087494196991423
C_KINGSAFETY:0.46735803139670534
C_PAWNSTRUCTURE:0.5589555358340376
C_PIECECOORDINATION:0.4984666555888339
C_ROOKANDPAWNMOVEMENT:0.4984666555888339
C_CENTERCONTROL:0.43641490695582696
C_DEVELOPPIECES:0.4825259454558188
C_MATERIAL:0.552384350888753
