ELO:943
CE_PASSEDPAWNS:0.5153231686102919
CE_PAWNWEAKNESSES:0.47839150741795783
CE_PIECEACTIVITY:0.43315522299871123
CE_KINGPAWNSHIELD:0.4920840453501
CE_PIECECOORDINATION:0.5877973569139934
CE_MATERIAL:0.41674523159426413
CE_KINGSAFETY:0.45879078997068684
C_PIECESQUARETABLES:0.4899345863204136
C_MOBILITY:0.46693122707495643
C_KINGSAFETY:0.6279495994162914
C_PAWNSTRUCTURE:0.4515158355536998
C_PIECECOORDINATION:0.5619928231172043
C_ROOKANDPAWNMOVEMENT:0.5619928231172043
C_CENTERCONTROL:0.5241332389080179
C_DEVELOPPIECES:0.4008665473575938
C_MATERIAL:0.530045220971723
