ELO:1108
CE_PASSEDPAWNS:0.4574275705475636
CE_PAWNWEAKNESSES:0.4851162376874783
CE_PIECEACTIVITY:0.4778438750580748
CE_KINGPAWNSHIELD:0.4868466532950606
CE_PIECECOORDINATION:0.542829874304294
CE_MATERIAL:0.47084021983057417
CE_KINGSAFETY:0.4738477049567877
C_PIECESQUARETABLES:0.5
C_MOBILITY:0.4121186585430354
C_KINGSAFETY:0.48303387391337677
C_PAWNSTRUCTURE:0.4419164639413824
C_PIECECOORDINATION:0.49168884313886607
C_ROOKANDPAWNMOVEMENT:0.49168884313886607
C_CENTERCONTROL:0.5508721744361476
C_DEVELOPPIECES:0.5034004472324135
C_MATERIAL:0.42254196551262074
