ELO:759
CE_PASSEDPAWNS:0.48676393649077004
CE_PAWNWEAKNESSES:0.5059782501826736
CE_PIECEACTIVITY:0.49091863643734035
CE_KINGPAWNSHIELD:0.5733817590956656
CE_PIECECOORDINATION:0.4874181334663605
CE_MATERIAL:0.4030967793636419
CE_KINGSAFETY:0.42450426616541725
C_PIECESQUARETABLES:0.5378016644272604
C_MOBILITY:0.5197188362288591
C_KINGSAFETY:0.45643130425623196
C_PAWNSTRUCTURE:0.45799110791502645
C_PIECECOORDINATION:0.485222942640253
C_ROOKANDPAWNMOVEMENT:0.485222942640253
C_CENTERCONTROL:0.40587449794452135
C_DEVELOPPIECES:0.548989064440812
C_MATERIAL:0.4126942241506835
C_MOVECOUNT:0.5
