ELO:1082
CE_PASSEDPAWNS:0.4451967913051668
CE_PAWNWEAKNESSES:0.5264649579312147
CE_PIECEACTIVITY:0.46184647757085695
CE_KINGPAWNSHIELD:0.5132158814363615
CE_PIECECOORDINATION:0.4798118846840442
CE_MATERIAL:0.44883205230976236
CE_KINGSAFETY:0.5
C_PIECESQUARETABLES:0.5
C_MOBILITY:0.5370795469295708
C_KINGSAFETY:0.6411020670012497
C_PAWNSTRUCTURE:0.4497653150059482
C_PIECECOORDINATION:0.48430233874975176
C_ROOKANDPAWNMOVEMENT:0.48430233874975176
C_CENTERCONTROL:0.5466253011615404
C_DEVELOPPIECES:0.5629693309298275
C_MATERIAL:0.4063918105112338
