ELO:894
CE_PASSEDPAWNS:0.4416219172519979
CE_PAWNWEAKNESSES:0.5471169347951147
CE_PIECEACTIVITY:0.5487075611114907
CE_KINGPAWNSHIELD:0.5078278561903318
CE_PIECECOORDINATION:0.438574891377607
CE_MATERIAL:0.4866142040348968
CE_KINGSAFETY:0.5339216527882463
C_PIECESQUARETABLES:0.4898025958164003
C_MOBILITY:0.49991303236370727
C_KINGSAFETY:0.5170819311920343
C_PAWNSTRUCTURE:0.48591266211874007
C_PIECECOORDINATION:0.5079599633411493
C_ROOKANDPAWNMOVEMENT:0.5079599633411493
C_CENTERCONTROL:0.4870722634232954
C_DEVELOPPIECES:0.5111767298098572
C_MATERIAL:0.46870126250225064
C_MOVECOUNT:0.5552050273543956
