ELO:973
CE_PASSEDPAWNS:0.5287864942383564
CE_PAWNWEAKNESSES:0.5082854127401966
CE_PIECEACTIVITY:0.5002623561254085
CE_KINGPAWNSHIELD:0.5044640587074429
CE_PIECECOORDINATION:0.5137422404738201
CE_MATERIAL:0.49368888706641967
CE_KINGSAFETY:0.5058629717628462
C_PIECESQUARETABLES:0.4965793904410764
C_MOBILITY:0.493229531229399
C_KINGSAFETY:0.5027066247852904
C_PAWNSTRUCTURE:0.49566858469522224
C_PIECECOORDINATION:0.48869065134841666
C_ROOK:0.4955795010513798
CE_ROOK:0.5092338361874367
C_CENTERCONTROL:0.5270090601186239
C_DEVELOPPIECES:0.5111033389477138
C_MATERIAL:0.5026329340227833
C_MOVECOUNT:0.5123210621721638
C_PAWNMOVEMENT:0.48219884719379014
