ELO:964
CE_PASSEDPAWNS:0.4286482562951153
CE_PAWNWEAKNESSES:0.5249523493995946
CE_PIECEACTIVITY:0.48051755126834306
CE_KINGPAWNSHIELD:0.45772683579558193
CE_PIECECOORDINATION:0.4611420484720099
CE_MATERIAL:0.5137903215707812
CE_KINGSAFETY:0.5
C_PIECESQUARETABLES:0.5
C_MOBILITY:0.49288465000298043
C_KINGSAFETY:0.5033004732886911
C_PAWNSTRUCTURE:0.502355635637707
C_PIECECOORDINATION:0.5024315682880504
C_ROOK:0.4659394977202467
CE_ROOK:0.48782238905396036
C_CENTERCONTROL:0.5243849534900522
C_DEVELOPPIECES:0.479273685447334
C_MATERIAL:0.5015069324166944
C_MOVECOUNT:0.44207782153567204
C_PAWNMOVEMENT:0.47361592011898507
