ELO:993
CE_PASSEDPAWNS:0.5183480044007989
CE_PAWNWEAKNESSES:0.5075294581567729
CE_PIECEACTIVITY:0.509874273288434
CE_KINGPAWNSHIELD:0.49835858279898226
CE_PIECECOORDINATION:0.5158249611805916
CE_MATERIAL:0.48922619384588845
CE_KINGSAFETY:0.4984006587332709
C_PIECESQUARETABLES:0.5183462259606464
C_MOBILITY:0.5118874096121433
C_KINGSAFETY:0.48872837033597877
C_PAWNSTRUCTURE:0.4438543835547318
C_PIECECOORDINATION:0.5
C_ROOKANDPAWNMOVEMENT:0.5
C_CENTERCONTROL:0.5
C_DEVELOPPIECES:0.5046179382656476
C_MATERIAL:0.5020176478844665
