ELO:980
CE_PASSEDPAWNS:0.5424677121859469
CE_PAWNWEAKNESSES:0.597613824842371
CE_PIECEACTIVITY:0.5390450212432328
CE_KINGPAWNSHIELD:0.44397235383753825
CE_PIECECOORDINATION:0.5075861252927611
CE_MATERIAL:0.4531122070537204
CE_KINGSAFETY:0.5193169492130434
C_PIECESQUARETABLES:0.49842513094861507
C_MOBILITY:0.47188322792886966
C_KINGSAFETY:0.3970675033461819
C_PAWNSTRUCTURE:0.4962468071071579
C_PIECECOORDINATION:0.5030068264013794
C_ROOKANDPAWNMOVEMENT:0.5030068264013794
C_CENTERCONTROL:0.39999215225554513
C_DEVELOPPIECES:0.5469253753848194
C_MATERIAL:0.4368939308173751
