ELO:958
CE_PASSEDPAWNS:0.456514004361299
CE_PAWNWEAKNESSES:0.5545972939212461
CE_PIECEACTIVITY:0.5038808924102247
CE_KINGPAWNSHIELD:0.4775766915620628
CE_PIECECOORDINATION:0.48505296796097047
CE_MATERIAL:0.5
CE_KINGSAFETY:0.4706135669585406
C_PIECESQUARETABLES:0.5583651643072646
C_MOBILITY:0.4771002075147757
C_KINGSAFETY:0.5045686690662607
C_PAWNSTRUCTURE:0.5227390144932188
C_PIECECOORDINATION:0.5110612818670796
C_ROOK:0.4726203849024652
CE_ROOK:0.494756090863021
C_CENTERCONTROL:0.49196191147203777
C_DEVELOPPIECES:0.49267672026656584
C_MATERIAL:0.5034278594863785
C_MOVECOUNT:0.5041886484635433
C_PAWNMOVEMENT:0.5180216895211065
