ELO:972
CE_PASSEDPAWNS:0.5158617634557539
CE_PAWNWEAKNESSES:0.5153751912648077
CE_PIECEACTIVITY:0.4906360146020863
CE_KINGPAWNSHIELD:0.5072777521110182
CE_PIECECOORDINATION:0.5034920751312185
CE_MATERIAL:0.516621566687273
CE_KINGSAFETY:0.5120131820561246
C_PIECESQUARETABLES:0.47206229479972067
C_MOBILITY:0.5076617573961015
C_KINGSAFETY:0.5029380166057442
C_PAWNSTRUCTURE:0.4926097740012522
C_PIECECOORDINATION:0.5079996276136934
C_ROOKANDPAWNMOVEMENT:0.5079996276136934
C_CENTERCONTROL:0.4890354425654556
C_DEVELOPPIECES:0.5034252008892853
C_MATERIAL:0.5215615470184954
C_MOVECOUNT:0.5030713571592433
