ELO:996
CE_PASSEDPAWNS:0.5090029077316954
CE_PAWNWEAKNESSES:0.5080274468732364
CE_PIECEACTIVITY:0.46264652112473603
CE_KINGPAWNSHIELD:0.47800315750408207
CE_PIECECOORDINATION:0.5495577811428496
CE_MATERIAL:0.4256698572390606
CE_KINGSAFETY:0.48943723673028616
C_PIECESQUARETABLES:0.4957387036164005
C_MOBILITY:0.482806420011068
C_KINGSAFETY:0.6214808250856237
C_PAWNSTRUCTURE:0.475104235175449
C_PIECECOORDINATION:0.5652124337972836
C_ROOKANDPAWNMOVEMENT:0.5652124337972836
C_CENTERCONTROL:0.5273581979728099
C_DEVELOPPIECES:0.44835904645889807
C_MATERIAL:0.5413752752767542
