ELO:1000
CE_PASSEDPAWNS:0.5182292843818037
CE_PAWNWEAKNESSES:0.5
CE_PIECEACTIVITY:0.5069806901150835
CE_KINGPAWNSHIELD:0.5075868564784707
CE_PIECECOORDINATION:0.5040832286315402
CE_MATERIAL:0.5
CE_KINGSAFETY:0.494284591994988
C_PIECESQUARETABLES:0.5
C_MOBILITY:0.5002144996305891
C_KINGSAFETY:0.4906111268153433
C_PAWNSTRUCTURE:0.49916134869584095
C_PIECECOORDINATION:0.4984047818361613
C_ROOK:0.5
CE_ROOK:0.5078037673606223
C_CENTERCONTROL:0.5078423087242415
C_DEVELOPPIECES:0.5048197061653815
C_MATERIAL:0.4950128309202123
C_MOVECOUNT:0.5123210621721638
C_PAWNMOVEMENT:0.5
