ELO:1000
CE_PASSEDPAWNS:0.5251603483664712
CE_PAWNWEAKNESSES:0.4916971966844916
CE_PIECEACTIVITY:0.509690085192191
CE_KINGPAWNSHIELD:0.4895458343248459
CE_PIECECOORDINATION:0.5140079552941097
CE_MATERIAL:0.4800504943395966
CE_KINGSAFETY:0.4977688189336239
C_PIECESQUARETABLES:0.48268428455460777
C_MOBILITY:0.49172210232377683
C_KINGSAFETY:0.5019940908507107
C_PAWNSTRUCTURE:0.5175173454334868
C_PIECECOORDINATION:0.5039129465637449
C_ROOKANDPAWNMOVEMENT:0.5039129465637449
C_CENTERCONTROL:0.48370785783196846
C_DEVELOPPIECES:0.5089352176362798
C_MATERIAL:0.5041339267498246
