ELO:968
CE_PASSEDPAWNS:0.5167116313671947
CE_PAWNWEAKNESSES:0.6065984544719716
CE_PIECEACTIVITY:0.5500239131288895
CE_KINGPAWNSHIELD:0.4566976080309977
CE_PIECECOORDINATION:0.49932187251534177
CE_MATERIAL:0.4632408156709665
CE_KINGSAFETY:0.5000980177872677
C_PIECESQUARETABLES:0.4976039257328609
C_MOBILITY:0.45445024384457383
C_KINGSAFETY:0.40957731845371964
C_PAWNSTRUCTURE:0.49229573506374963
C_PIECECOORDINATION:0.5516611858924221
C_ROOKANDPAWNMOVEMENT:0.5516611858924221
C_CENTERCONTROL:0.38312000494228193
C_DEVELOPPIECES:0.53308448107173
C_MATERIAL:0.4502122251694657
