ELO:866
CE_PASSEDPAWNS:0.6091569200914386
CE_PAWNWEAKNESSES:0.4487386699521148
CE_PIECEACTIVITY:0.5225541391233662
CE_KINGPAWNSHIELD:0.5061872803241979
CE_PIECECOORDINATION:0.4341175150858919
CE_MATERIAL:0.5018586043809267
CE_KINGSAFETY:0.5048252256472837
C_PIECESQUARETABLES:0.5151388703130507
C_MOBILITY:0.3994548546562236
C_KINGSAFETY:0.5589241552805517
C_PAWNSTRUCTURE:0.5141906111507836
C_PIECECOORDINATION:0.5518039743324367
C_ROOKANDPAWNMOVEMENT:0.5518039743324367
C_CENTERCONTROL:0.43581045513985067
C_DEVELOPPIECES:0.5580310378525339
C_MATERIAL:0.4402488729976603
C_MOVECOUNT:0.5
