ELO:974
CE_PASSEDPAWNS:0.509080570214487
CE_PAWNWEAKNESSES:0.4682361915986398
CE_PIECEACTIVITY:0.5084990490096724
CE_KINGPAWNSHIELD:0.51326349574304
CE_PIECECOORDINATION:0.5724900690785019
CE_MATERIAL:0.5316234669518332
CE_KINGSAFETY:0.5072037716927204
C_PIECESQUARETABLES:0.49670319034388766
C_MOBILITY:0.5447026650515524
C_KINGSAFETY:0.42400984421272925
C_PAWNSTRUCTURE:0.5354486618188236
C_PIECECOORDINATION:0.43812860400996284
C_ROOKANDPAWNMOVEMENT:0.43812860400996284
C_CENTERCONTROL:0.49498398069461874
C_DEVELOPPIECES:0.4145149625595054
C_MATERIAL:0.4327289880132683
