ELO:898
CE_PASSEDPAWNS:0.4598632949362964
CE_PAWNWEAKNESSES:0.4751481730638171
CE_PIECEACTIVITY:0.4889428119778977
CE_KINGPAWNSHIELD:0.5240631880628599
CE_PIECECOORDINATION:0.4722623613204409
CE_MATERIAL:0.5075441557622126
CE_KINGSAFETY:0.5
C_PIECESQUARETABLES:0.5
C_MOBILITY:0.5187837247334048
C_KINGSAFETY:0.5163698763768106
C_PAWNSTRUCTURE:0.48993621597535614
C_PIECECOORDINATION:0.5175642270163481
C_ROOKANDPAWNMOVEMENT:0.5175642270163481
C_CENTERCONTROL:0.5489741276428957
C_DEVELOPPIECES:0.5246045653889956
C_MATERIAL:0.5096514244482113
C_MOVECOUNT:0.5130947126408818
