ELO:757
CE_PASSEDPAWNS:0.5390196193848881
CE_PAWNWEAKNESSES:0.49914827929272165
CE_PIECEACTIVITY:0.5250250240442061
CE_KINGPAWNSHIELD:0.4906338932282475
CE_PIECECOORDINATION:0.4749945092349928
CE_MATERIAL:0.5134088512098993
CE_KINGSAFETY:0.5101282759112773
C_PIECESQUARETABLES:0.49342635136611795
C_MOBILITY:0.5078657158290301
C_KINGSAFETY:0.5051285367475046
C_PAWNSTRUCTURE:0.5411743463350643
C_PIECECOORDINATION:0.49709839266840905
C_ROOKANDPAWNMOVEMENT:0.49709839266840905
C_CENTERCONTROL:0.4945663885769229
C_DEVELOPPIECES:0.5017428267647086
C_MATERIAL:0.4898438936906432
C_MOVECOUNT:0.5
