ELO:1000
CE_PASSEDPAWNS:0.48872918811721144
CE_PAWNWEAKNESSES:0.504038985081275
CE_PIECEACTIVITY:0.47451122782328886
CE_KINGPAWNSHIELD:0.5190128504086546
CE_PIECECOORDINATION:0.541443422344088
CE_MATERIAL:0.4832986912498438
CE_KINGSAFETY:0.506780869112237
C_PIECESQUARETABLES:0.4670239398934082
C_MOBILITY:0.4979793615978402
C_KINGSAFETY:0.4778400442291764
C_PAWNSTRUCTURE:0.5205784139931082
C_PIECECOORDINATION:0.459064886140482
C_ROOKANDPAWNMOVEMENT:0.459064886140482
C_CENTERCONTROL:0.48522011667320436
C_DEVELOPPIECES:0.45666809147875836
C_MATERIAL:0.47375847968372553
