ELO:953
CE_PASSEDPAWNS:0.5129189114662837
CE_PAWNWEAKNESSES:0.5072435715240564
CE_PIECEACTIVITY:0.545192780436501
CE_KINGPAWNSHIELD:0.45117285517941175
CE_PIECECOORDINATION:0.502353753220785
CE_MATERIAL:0.5248074632712803
CE_KINGSAFETY:0.523697453187816
C_PIECESQUARETABLES:0.5056210582666966
C_MOBILITY:0.48951327865331545
C_KINGSAFETY:0.5147343951571373
C_PAWNSTRUCTURE:0.4813789557888289
C_PIECECOORDINATION:0.3940171593686297
C_ROOKANDPAWNMOVEMENT:0.3940171593686297
C_CENTERCONTROL:0.48990270558289956
C_DEVELOPPIECES:0.43322826589884433
C_MATERIAL:0.4327520229581977
