ELO:996
CE_PASSEDPAWNS:0.4871241605545083
CE_PAWNWEAKNESSES:0.5178407664392699
CE_PIECEACTIVITY:0.5262051930162811
CE_KINGPAWNSHIELD:0.5309822850842159
CE_PIECECOORDINATION:0.5155734835611993
CE_MATERIAL:0.5072523748275584
CE_KINGSAFETY:0.5
C_PIECESQUARETABLES:0.5
C_MOBILITY:0.4946803584072096
C_KINGSAFETY:0.5228183767396659
C_PAWNSTRUCTURE:0.5147963454189276
C_PIECECOORDINATION:0.49996606131901206
C_ROOK:0.5298247203457493
CE_ROOK:0.5019346244041857
C_CENTERCONTROL:0.5088777043542323
C_DEVELOPPIECES:0.5028874463203526
C_MATERIAL:0.4686796593215735
C_MOVECOUNT:0.4983452634178509
C_PAWNMOVEMENT:0.5182325541976434
