ELO:1048
CE_PASSEDPAWNS:0.4588009452720836
CE_PAWNWEAKNESSES:0.4316838531343739
CE_PIECEACTIVITY:0.45683356750784876
CE_KINGPAWNSHIELD:0.42438747798118437
CE_PIECECOORDINATION:0.4691973096045504
CE_MATERIAL:0.4640529703283075
CE_KINGSAFETY:0.4870855682475469
C_PIECESQUARETABLES:0.49928067280784566
C_MOBILITY:0.45372571118921895
C_KINGSAFETY:0.6494445110138705
C_PAWNSTRUCTURE:0.44993998816183534
C_PIECECOORDINATION:0.48108055938730326
C_ROOKANDPAWNMOVEMENT:0.48108055938730326
C_CENTERCONTROL:0.5088915255287909
C_DEVELOPPIECES:0.5426206357963829
C_MATERIAL:0.3951295745489873
