ELO:752
CE_PASSEDPAWNS:0.5362909735704284
CE_PAWNWEAKNESSES:0.5002487321126646
CE_PIECEACTIVITY:0.47080167776815585
CE_KINGPAWNSHIELD:0.48072288762936904
CE_PIECECOORDINATION:0.49285946688669635
CE_MATERIAL:0.5074933901273038
CE_KINGSAFETY:0.47987137647993483
C_PIECESQUARETABLES:0.486706145877547
C_MOBILITY:0.4962974475277796
C_KINGSAFETY:0.4841280269265782
C_PAWNSTRUCTURE:0.5400787450895358
C_PIECECOORDINATION:0.5078973235492651
C_ROOKANDPAWNMOVEMENT:0.5078973235492651
C_CENTERCONTROL:0.4880734919553062
C_DEVELOPPIECES:0.5027037340355973
C_MATERIAL:0.4900315357185848
C_MOVECOUNT:0.5
