ELO:967
CE_PASSEDPAWNS:0.5221238282998898
CE_PAWNWEAKNESSES:0.4954083209473868
CE_PIECEACTIVITY:0.4933089011291954
CE_KINGPAWNSHIELD:0.4996500138631584
CE_PIECECOORDINATION:0.5100773723071377
CE_MATERIAL:0.5206192606638447
CE_KINGSAFETY:0.4899565482017468
C_PIECESQUARETABLES:0.4997868195381267
C_MOBILITY:0.5021350218954478
C_KINGSAFETY:0.5006443575589532
C_PAWNSTRUCTURE:0.4858580613607238
C_PIECECOORDINATION:0.5055478057404104
C_ROOKANDPAWNMOVEMENT:0.5055478057404104
C_CENTERCONTROL:0.4982784286639999
C_DEVELOPPIECES:0.4806663943047512
C_MATERIAL:0.4967169121458551
C_MOVECOUNT:0.5
