ELO:1000
CE_PASSEDPAWNS:0.47276763141490297
CE_PAWNWEAKNESSES:0.5448116877444285
CE_PIECEACTIVITY:0.522344087143894
CE_KINGPAWNSHIELD:0.44506326372842026
CE_PIECECOORDINATION:0.561064884052876
CE_MATERIAL:0.5106336087108058
CE_KINGSAFETY:0.48803823204102126
C_PIECESQUARETABLES:0.5010763669960158
C_MOBILITY:0.48834578946332935
C_KINGSAFETY:0.5227780805571358
C_PAWNSTRUCTURE:0.5159713949922804
C_PIECECOORDINATION:0.48295123134116646
C_ROOKANDPAWNMOVEMENT:0.48295123134116646
C_CENTERCONTROL:0.46580157268027095
C_DEVELOPPIECES:0.4466922367259325
C_MATERIAL:0.5102171073841498
