ELO:975
CE_PASSEDPAWNS:0.4294884365992568
CE_PAWNWEAKNESSES:0.4652004835757909
CE_PIECEACTIVITY:0.514735610612179
CE_KINGPAWNSHIELD:0.49977588505010434
CE_PIECECOORDINATION:0.5395071408364936
CE_MATERIAL:0.5789407309815863
CE_KINGSAFETY:0.49665797210366364
C_PIECESQUARETABLES:0.5013043706745568
C_MOBILITY:0.5448488306824683
C_KINGSAFETY:0.43558209462282294
C_PAWNSTRUCTURE:0.5292371147641394
C_PIECECOORDINATION:0.3714073721863938
C_ROOKANDPAWNMOVEMENT:0.3714073721863938
C_CENTERCONTROL:0.43323590991209604
C_DEVELOPPIECES:0.4558723412799072
C_MATERIAL:0.4096548834598178
