ELO:949
CE_PASSEDPAWNS:0.5047680083037637
CE_PAWNWEAKNESSES:0.5060685803338167
CE_PIECEACTIVITY:0.5
CE_KINGPAWNSHIELD:0.5099841334268524
CE_PIECECOORDINATION:0.5010161179918263
CE_MATERIAL:0.48128926161624924
CE_KINGSAFETY:0.5
C_PIECESQUARETABLES:0.4902376794234002
C_MOBILITY:0.5229613450893933
C_KINGSAFETY:0.5
C_PAWNSTRUCTURE:0.49441032227389714
C_PIECECOORDINATION:0.5117826354401637
C_ROOKANDPAWNMOVEMENT:0.5117826354401637
C_CENTERCONTROL:0.5011355702701507
C_DEVELOPPIECES:0.5024364649018845
C_MATERIAL:0.5083569112412734
