ELO:936
CE_PASSEDPAWNS:0.506354378333576
CE_PAWNWEAKNESSES:0.5025586319729259
CE_PIECEACTIVITY:0.49623978136403024
CE_KINGPAWNSHIELD:0.49285530705384867
CE_PIECECOORDINATION:0.5043884533983599
CE_MATERIAL:0.5288494080597975
CE_KINGSAFETY:0.44505012579834674
C_PIECESQUARETABLES:0.5097855787758132
C_MOBILITY:0.5253640019059601
C_KINGSAFETY:0.49821841160699615
C_PAWNSTRUCTURE:0.504579017015237
C_PIECECOORDINATION:0.5084582434027733
C_ROOKANDPAWNMOVEMENT:0.5084582434027733
C_CENTERCONTROL:0.520154273938709
C_DEVELOPPIECES:0.46635761710912293
C_MATERIAL:0.5114083652430673
