ELO:1013
CE_PASSEDPAWNS:0.5148619327886235
CE_PAWNWEAKNESSES:0.5058984745070961
CE_PIECEACTIVITY:0.49381768185096864
CE_KINGPAWNSHIELD:0.49973151270087435
CE_PIECECOORDINATION:0.49559792536309943
CE_MATERIAL:0.5133800334023999
CE_KINGSAFETY:0.5
C_PIECESQUARETABLES:0.5
C_MOBILITY:0.4906074484118369
C_KINGSAFETY:0.5
C_PAWNSTRUCTURE:0.4913832803040714
C_PIECECOORDINATION:0.5021470694986049
C_ROOKANDPAWNMOVEMENT:0.5021470694986049
C_CENTERCONTROL:0.49678175527319596
C_DEVELOPPIECES:0.5107865463184259
C_MATERIAL:0.48996892387604457
C_MOVECOUNT:0.5321595611987915
