ELO:1039
CE_PASSEDPAWNS:0.539078664870102
CE_PAWNWEAKNESSES:0.4597162878655136
CE_PIECEACTIVITY:0.61135351880436
CE_KINGPAWNSHIELD:0.5007300628660027
CE_PIECECOORDINATION:0.5033727516818475
CE_MATERIAL:0.44658210106264806
CE_KINGSAFETY:0.5
C_PIECESQUARETABLES:0.5
C_MOBILITY:0.4544072092316323
C_KINGSAFETY:0.5650158113542884
C_PAWNSTRUCTURE:0.4804837528008742
C_PIECECOORDINATION:0.4478202544938807
C_ROOKANDPAWNMOVEMENT:0.4478202544938807
C_CENTERCONTROL:0.48851250030790877
C_DEVELOPPIECES:0.46609606453959146
C_MATERIAL:0.48735774361741313
C_MOVECOUNT:0.5
