ELO:988
CE_PASSEDPAWNS:0.5025003579038212
CE_PAWNWEAKNESSES:0.5168747291146538
CE_PIECEACTIVITY:0.47783867964196247
CE_KINGPAWNSHIELD:0.522387164173305
CE_PIECECOORDINATION:0.5629938501904237
CE_MATERIAL:0.5058681032496802
CE_KINGSAFETY:0.5261648435315083
C_PIECESQUARETABLES:0.451116650831456
C_MOBILITY:0.5163290545338283
C_KINGSAFETY:0.47836103184618595
C_PAWNSTRUCTURE:0.5251782987497347
C_PIECECOORDINATION:0.46348161257380066
C_ROOKANDPAWNMOVEMENT:0.46348161257380066
C_CENTERCONTROL:0.5010154733622294
C_DEVELOPPIECES:0.4583182385559635
C_MATERIAL:0.4413661921930853
