ELO:1000
CE_PASSEDPAWNS:0.4754397170515271
CE_PAWNWEAKNESSES:0.54934477514664
CE_PIECEACTIVITY:0.532723812939246
CE_KINGPAWNSHIELD:0.42698271826389717
CE_PIECECOORDINATION:0.5593853152058474
CE_MATERIAL:0.5316979477819845
CE_KINGSAFETY:0.48923840887741105
C_PIECESQUARETABLES:0.5287589494323655
C_MOBILITY:0.49639376465073926
C_KINGSAFETY:0.5203751608328425
C_PAWNSTRUCTURE:0.5014320699598389
C_PIECECOORDINATION:0.4467562629659733
C_ROOKANDPAWNMOVEMENT:0.4467562629659733
C_CENTERCONTROL:0.4390013166534629
C_DEVELOPPIECES:0.426324482152644
C_MATERIAL:0.49798177286656137
