ELO:954
CE_PASSEDPAWNS:0.5367983529983823
CE_PAWNWEAKNESSES:0.49594168512055725
CE_PIECEACTIVITY:0.5399188667735146
CE_KINGPAWNSHIELD:0.49165093718081765
CE_PIECECOORDINATION:0.4915693886801338
CE_MATERIAL:0.46429430807134303
CE_KINGSAFETY:0.4854677217011079
C_PIECESQUARETABLES:0.501215533720601
C_MOBILITY:0.4924837842232211
C_KINGSAFETY:0.5134738026419051
C_PAWNSTRUCTURE:0.498087993053079
C_PIECECOORDINATION:0.4703434151444657
C_ROOKANDPAWNMOVEMENT:0.4703434151444657
C_CENTERCONTROL:0.465270687302885
C_DEVELOPPIECES:0.44728127708085863
C_MATERIAL:0.3918696274505006
