ELO:1000
CE_PASSEDPAWNS:0.45662419603335574
CE_PAWNWEAKNESSES:0.5424062717115019
CE_PIECEACTIVITY:0.5210018860156951
CE_KINGPAWNSHIELD:0.4785498179652601
CE_PIECECOORDINATION:0.5493770540276833
CE_MATERIAL:0.4915580583510542
CE_KINGSAFETY:0.490642142949643
C_PIECESQUARETABLES:0.5010763669960158
C_MOBILITY:0.48684704369294685
C_KINGSAFETY:0.5120295266802664
C_PAWNSTRUCTURE:0.5080665753272819
C_PIECECOORDINATION:0.4869775847525169
C_ROOKANDPAWNMOVEMENT:0.4869775847525169
C_CENTERCONTROL:0.46772445371965393
C_DEVELOPPIECES:0.44704064535789034
C_MATERIAL:0.5005538730236418
