ELO:1016
CE_PASSEDPAWNS:0.5111149673532346
CE_PAWNWEAKNESSES:0.5263341247713677
CE_PIECEACTIVITY:0.5034683874290813
CE_KINGPAWNSHIELD:0.5120062770961185
CE_PIECECOORDINATION:0.5170688577303671
CE_MATERIAL:0.499865950127651
CE_KINGSAFETY:0.5
C_PIECESQUARETABLES:0.5
C_MOBILITY:0.5120783598521339
C_KINGSAFETY:0.49861860869754215
C_PAWNSTRUCTURE:0.5072601080814034
C_PIECECOORDINATION:0.5088834782156937
C_ROOK:0.49383542910292344
CE_ROOK:0.4700809998501912
C_CENTERCONTROL:0.46737685781135413
C_DEVELOPPIECES:0.4847586220875942
C_MATERIAL:0.49669873393668007
C_MOVECOUNT:0.4898257745510507
C_PAWNMOVEMENT:0.501825826357947
