ELO:1000
CE_PASSEDPAWNS:0.49490765634380723
CE_PAWNWEAKNESSES:0.4940040042968234
CE_PIECEACTIVITY:0.4999351811081643
CE_KINGPAWNSHIELD:0.499925270066006
CE_PIECECOORDINATION:0.5425904260331337
CE_MATERIAL:0.4748130746348156
CE_KINGSAFETY:0.49947540600548657
C_PIECESQUARETABLES:0.48738514250548143
C_MOBILITY:0.5143264811686592
C_KINGSAFETY:0.5117997818967589
C_PAWNSTRUCTURE:0.49422402547465505
C_PIECECOORDINATION:0.49534230402478413
C_ROOKANDPAWNMOVEMENT:0.49534230402478413
C_CENTERCONTROL:0.5005672027478727
C_DEVELOPPIECES:0.4663068248078948
C_MATERIAL:0.5034190164240783
