ELO:1000
CE_PASSEDPAWNS:0.39792981371987557
CE_PAWNWEAKNESSES:0.44542974891888637
CE_PIECEACTIVITY:0.5115517959390631
CE_KINGPAWNSHIELD:0.40874333846834854
CE_PIECECOORDINATION:0.6092782055877115
CE_MATERIAL:0.5642871833774825
CE_KINGSAFETY:0.5
C_PIECESQUARETABLES:0.508400396537463
C_MOBILITY:0.49721034588350044
C_KINGSAFETY:0.5555396845641076
C_PAWNSTRUCTURE:0.5045407367719222
C_PIECECOORDINATION:0.5562674503149065
C_ROOKANDPAWNMOVEMENT:0.5562674503149065
C_CENTERCONTROL:0.3628208528192532
C_DEVELOPPIECES:0.5030842455588501
C_MATERIAL:0.5848298434687047
