ELO:973
CE_PASSEDPAWNS:0.504154076667384
CE_PAWNWEAKNESSES:0.4983298297601624
CE_PIECEACTIVITY:0.497363163049975
CE_KINGPAWNSHIELD:0.49583576207054925
CE_PIECECOORDINATION:0.4792417141179841
CE_MATERIAL:0.46914203412623195
CE_KINGSAFETY:0.48934734239235833
C_PIECESQUARETABLES:0.5
C_MOBILITY:0.5225412481104739
C_KINGSAFETY:0.5073572491078053
C_PAWNSTRUCTURE:0.5
C_PIECECOORDINATION:0.5078549214160268
C_ROOKANDPAWNMOVEMENT:0.5078549214160268
C_CENTERCONTROL:0.4873880764895422
C_DEVELOPPIECES:0.4863586677822191
C_MATERIAL:0.5123230636587005
C_MOVECOUNT:0.5
