ELO:1054
CE_PASSEDPAWNS:0.44197056549870234
CE_PAWNWEAKNESSES:0.47272681973498526
CE_PIECEACTIVITY:0.4938169635623246
CE_KINGPAWNSHIELD:0.3691987090983339
CE_PIECECOORDINATION:0.47797317881031964
CE_MATERIAL:0.47585199709980625
CE_KINGSAFETY:0.5065133436209903
C_PIECESQUARETABLES:0.516253493767768
C_MOBILITY:0.4820919408576228
C_KINGSAFETY:0.656414260189077
C_PAWNSTRUCTURE:0.45188643042506016
C_PIECECOORDINATION:0.491280186343635
C_ROOKANDPAWNMOVEMENT:0.491280186343635
C_CENTERCONTROL:0.5049744293988702
C_DEVELOPPIECES:0.5361229636917697
C_MATERIAL:0.42944783121951974
