ELO:866
CE_PASSEDPAWNS:0.3875714223901185
CE_PAWNWEAKNESSES:0.5280352896695233
CE_PIECEACTIVITY:0.5330591520886218
CE_KINGPAWNSHIELD:0.4466202711609904
CE_PIECECOORDINATION:0.43322071682758545
CE_MATERIAL:0.536803730242286
CE_KINGSAFETY:0.4844837051681409
C_PIECESQUARETABLES:0.535042885623251
C_MOBILITY:0.5497929776756374
C_KINGSAFETY:0.5630426436442485
C_PAWNSTRUCTURE:0.44828620833289834
C_PIECECOORDINATION:0.48248806958004786
C_ROOKANDPAWNMOVEMENT:0.48248806958004786
C_CENTERCONTROL:0.5698621430576019
C_DEVELOPPIECES:0.5447887548776414
C_MATERIAL:0.5389603987975263
C_MOVECOUNT:0.5378368211890171
