ELO:1014
CE_PASSEDPAWNS:0.5326631949522173
CE_PAWNWEAKNESSES:0.4520405078003075
CE_PIECEACTIVITY:0.5625666539188074
CE_KINGPAWNSHIELD:0.43670927951811594
CE_PIECECOORDINATION:0.5121939847453969
CE_MATERIAL:0.44659119405874365
CE_KINGSAFETY:0.5
C_PIECESQUARETABLES:0.5
C_MOBILITY:0.49293119841657435
C_KINGSAFETY:0.5799361453212442
C_PAWNSTRUCTURE:0.4433565275523936
C_PIECECOORDINATION:0.4478202544938807
C_ROOKANDPAWNMOVEMENT:0.4478202544938807
C_CENTERCONTROL:0.6051999654039842
C_DEVELOPPIECES:0.4563986970038693
C_MATERIAL:0.48992419487483296
C_MOVECOUNT:0.5
