ELO:1067
CE_PASSEDPAWNS:0.539078664870102
CE_PAWNWEAKNESSES:0.4597162878655136
CE_PIECEACTIVITY:0.5071382570163774
CE_KINGPAWNSHIELD:0.5028713823921754
CE_PIECECOORDINATION:0.49969885853736506
CE_MATERIAL:0.4673561076978038
CE_KINGSAFETY:0.5
C_PIECESQUARETABLES:0.5
C_MOBILITY:0.4591128167784079
C_KINGSAFETY:0.6170932784112692
C_PAWNSTRUCTURE:0.4882333791664807
C_PIECECOORDINATION:0.4478202544938807
C_ROOKANDPAWNMOVEMENT:0.4478202544938807
C_CENTERCONTROL:0.4764889441820766
C_DEVELOPPIECES:0.4185100998877913
C_MATERIAL:0.49354454768949635
C_MOVECOUNT:0.5
