ELO:1017
CE_PASSEDPAWNS:0.5039844281717176
CE_PAWNWEAKNESSES:0.4773770110142628
CE_PIECEACTIVITY:0.5215070276564264
CE_KINGPAWNSHIELD:0.5120062770961185
CE_PIECECOORDINATION:0.5043901861355996
CE_MATERIAL:0.499865950127651
CE_KINGSAFETY:0.5
C_PIECESQUARETABLES:0.5
C_MOBILITY:0.49924117268537715
C_KINGSAFETY:0.49861860869754215
C_PAWNSTRUCTURE:0.5072601080814034
C_PIECECOORDINATION:0.5363186862243169
C_ROOK:0.4925649765274797
CE_ROOK:0.5015736994700967
C_CENTERCONTROL:0.48100842722397014
C_DEVELOPPIECES:0.5322250365635234
C_MATERIAL:0.48436583696894464
C_MOVECOUNT:0.4855472504276063
C_PAWNMOVEMENT:0.501825826357947
