ELO:1044
CE_PASSEDPAWNS:0.539078664870102
CE_PAWNWEAKNESSES:0.4390725085333269
CE_PIECEACTIVITY:0.46372323594931325
CE_KINGPAWNSHIELD:0.5007300628660027
CE_PIECECOORDINATION:0.5332629485176207
CE_MATERIAL:0.49759282398999344
CE_KINGSAFETY:0.5
C_PIECESQUARETABLES:0.5
C_MOBILITY:0.4544072092316323
C_KINGSAFETY:0.5526740091736844
C_PAWNSTRUCTURE:0.4894819432726565
C_PIECECOORDINATION:0.4478202544938807
C_ROOKANDPAWNMOVEMENT:0.4478202544938807
C_CENTERCONTROL:0.4238705028341972
C_DEVELOPPIECES:0.47991129559973267
C_MATERIAL:0.5029686955030372
C_MOVECOUNT:0.5
