ELO:1010
CE_PASSEDPAWNS:0.5
CE_PAWNWEAKNESSES:0.5
CE_PIECEACTIVITY:0.5025342885456121
CE_KINGPAWNSHIELD:0.5092985468518595
CE_PIECECOORDINATION:0.5
CE_MATERIAL:0.4880954168781591
CE_KINGSAFETY:0.501842316618113
C_PIECESQUARETABLES:0.48990126168232967
C_MOBILITY:0.5035396832041096
C_KINGSAFETY:0.5
C_PAWNSTRUCTURE:0.5
C_PIECECOORDINATION:0.5
C_ROOK:0.5
CE_ROOK:0.5
C_CENTERCONTROL:0.4953320518018991
C_DEVELOPPIECES:0.4944226910216701
C_MATERIAL:0.5091607601089978
C_MOVECOUNT:0.5
C_PAWNMOVEMENT:0.5
