ELO:1017
CE_PASSEDPAWNS:0.519079221481032
CE_PAWNWEAKNESSES:0.4758549934309976
CE_PIECEACTIVITY:0.5353494129309075
CE_KINGPAWNSHIELD:0.5084293836041178
CE_PIECECOORDINATION:0.49756185016277316
CE_MATERIAL:0.5115864410838993
CE_KINGSAFETY:0.5
C_PIECESQUARETABLES:0.5
C_MOBILITY:0.521368212583509
C_KINGSAFETY:0.4950862587462479
C_PAWNSTRUCTURE:0.5004094976663463
C_PIECECOORDINATION:0.5179105035451986
C_ROOK:0.5045266501051656
CE_ROOK:0.490586222804463
C_CENTERCONTROL:0.4962465463250829
C_DEVELOPPIECES:0.5322250365635234
C_MATERIAL:0.5090964740507613
C_MOVECOUNT:0.4960042907501276
C_PAWNMOVEMENT:0.501825826357947
