ELO:972
CE_PASSEDPAWNS:0.5232330932668856
CE_PAWNWEAKNESSES:0.4860610050968886
CE_PIECEACTIVITY:0.4975495101758845
CE_KINGPAWNSHIELD:0.5306567478687436
CE_PIECECOORDINATION:0.4873705377788393
CE_MATERIAL:0.5029562537676973
CE_KINGSAFETY:0.508308045983674
C_PIECESQUARETABLES:0.5
C_MOBILITY:0.4981810564747844
C_KINGSAFETY:0.5
C_PAWNSTRUCTURE:0.4929265351862823
C_PIECECOORDINATION:0.5126651589595742
C_ROOKANDPAWNMOVEMENT:0.5126651589595742
C_CENTERCONTROL:0.4764797213506156
C_DEVELOPPIECES:0.4746483408880076
C_MATERIAL:0.4747503531599342
C_MOVECOUNT:0.5
