ELO:1000
CE_PASSEDPAWNS:0.5
CE_PAWNWEAKNESSES:0.500699147073138
CE_PIECEACTIVITY:0.5
CE_KINGPAWNSHIELD:0.5059165799950385
CE_PIECECOORDINATION:0.5087571574270099
CE_MATERIAL:0.4938717075799962
CE_KINGSAFETY:0.5
C_PIECESQUARETABLES:0.5
C_MOBILITY:0.5
C_KINGSAFETY:0.5
C_PAWNSTRUCTURE:0.49252464335573476
C_PIECECOORDINATION:0.48400691733684315
C_ROOKANDPAWNMOVEMENT:0.48400691733684315
C_CENTERCONTROL:0.5
C_DEVELOPPIECES:0.4927785902452246
C_MATERIAL:0.4958095154909523
