ELO:889
CE_PASSEDPAWNS:0.4865676295420392
CE_PAWNWEAKNESSES:0.436729102730282
CE_PIECEACTIVITY:0.5370444507811062
CE_KINGPAWNSHIELD:0.48789830425476316
CE_PIECECOORDINATION:0.4369316321130822
CE_MATERIAL:0.4472290234254803
CE_KINGSAFETY:0.5221262821426482
C_PIECESQUARETABLES:0.5023027328201746
C_MOBILITY:0.5125605301451999
C_KINGSAFETY:0.569233562947721
C_PAWNSTRUCTURE:0.5035831628878171
C_PIECECOORDINATION:0.5546578686456097
C_ROOKANDPAWNMOVEMENT:0.5546578686456097
C_CENTERCONTROL:0.489507361218878
C_DEVELOPPIECES:0.4392892013011039
C_MATERIAL:0.47620745811295223
C_MOVECOUNT:0.5
