ELO:1043
CE_PASSEDPAWNS:0.5123692565861502
CE_PAWNWEAKNESSES:0.48534665037628444
CE_PIECEACTIVITY:0.5
CE_KINGPAWNSHIELD:0.44163490662974564
CE_PIECECOORDINATION:0.47523674224117296
CE_MATERIAL:0.48438727908033813
CE_KINGSAFETY:0.5
C_PIECESQUARETABLES:0.5
C_MOBILITY:0.5
C_KINGSAFETY:0.5
C_PAWNSTRUCTURE:0.5
C_PIECECOORDINATION:0.46258933237358013
C_ROOKANDPAWNMOVEMENT:0.46258933237358013
C_CENTERCONTROL:0.4238806704231783
C_DEVELOPPIECES:0.4693761254151244
C_MATERIAL:0.5025020938627188
C_MOVECOUNT:0.5
