ELO:1000
CE_PASSEDPAWNS:0.4966370008284008
CE_PAWNWEAKNESSES:0.514478776075965
CE_PIECEACTIVITY:0.4843529531590563
CE_KINGPAWNSHIELD:0.5109494231666946
CE_PIECECOORDINATION:0.5277750533823264
CE_MATERIAL:0.4803311634131553
CE_KINGSAFETY:0.5
C_PIECESQUARETABLES:0.5
C_MOBILITY:0.4907164333899827
C_KINGSAFETY:0.498433028781128
C_PAWNSTRUCTURE:0.5024596433864786
C_PIECECOORDINATION:0.49724163466294696
C_ROOKANDPAWNMOVEMENT:0.49724163466294696
C_CENTERCONTROL:0.48500233823311323
C_DEVELOPPIECES:0.4740572699397286
C_MATERIAL:0.4968586547198984
