ELO:713
CE_PASSEDPAWNS:0.5826672042064844
CE_PAWNWEAKNESSES:0.49717797786884427
CE_PIECEACTIVITY:0.5031977000810641
CE_KINGPAWNSHIELD:0.47629625035152257
CE_PIECECOORDINATION:0.46699369492061205
CE_MATERIAL:0.4873321279466506
CE_KINGSAFETY:0.491437601746336
C_PIECESQUARETABLES:0.47970263689945036
C_MOBILITY:0.4171598193787015
C_KINGSAFETY:0.5498089393506261
C_PAWNSTRUCTURE:0.5319533102140505
C_PIECECOORDINATION:0.5047250059205848
C_ROOKANDPAWNMOVEMENT:0.5047250059205848
C_CENTERCONTROL:0.4382753254267038
C_DEVELOPPIECES:0.5358585001103037
C_MATERIAL:0.4355080605491256
C_MOVECOUNT:0.5
