ELO:1005
CE_PASSEDPAWNS:0.5026147068293215
CE_PAWNWEAKNESSES:0.48247943521802344
CE_PIECEACTIVITY:0.49870795245963095
CE_KINGPAWNSHIELD:0.48910981540645687
CE_PIECECOORDINATION:0.5159505491453478
CE_MATERIAL:0.5063541973962732
CE_KINGSAFETY:0.5
C_PIECESQUARETABLES:0.5
C_MOBILITY:0.48879126119455757
C_KINGSAFETY:0.4744622568411968
C_PAWNSTRUCTURE:0.5144032954271751
C_PIECECOORDINATION:0.5263241007074753
C_ROOK:0.4884217645058831
CE_ROOK:0.5
C_CENTERCONTROL:0.5310111338234811
C_DEVELOPPIECES:0.49043214331850343
C_MATERIAL:0.5203805469681384
C_MOVECOUNT:0.46610683802691527
C_PAWNMOVEMENT:0.5
