ELO:1000
CE_PASSEDPAWNS:0.5118968938448659
CE_PAWNWEAKNESSES:0.5064695350137106
CE_PIECEACTIVITY:0.47737976697502915
CE_KINGPAWNSHIELD:0.5229345327064508
CE_PIECECOORDINATION:0.5614315029522626
CE_MATERIAL:0.5092377838210533
CE_KINGSAFETY:0.5234219409178867
C_PIECESQUARETABLES:0.4427228421062947
C_MOBILITY:0.5057700768987897
C_KINGSAFETY:0.46902486696139306
C_PAWNSTRUCTURE:0.5174457087321875
C_PIECECOORDINATION:0.47343771487107766
C_ROOKANDPAWNMOVEMENT:0.47343771487107766
C_CENTERCONTROL:0.49645576713285167
C_DEVELOPPIECES:0.46560152827346735
C_MATERIAL:0.44768192465133977
