ELO:692
CE_PASSEDPAWNS:0.5671200584193515
CE_PAWNWEAKNESSES:0.4567464550472598
CE_PIECEACTIVITY:0.4896474840697144
CE_KINGPAWNSHIELD:0.4839770154183549
CE_PIECECOORDINATION:0.4445508909128459
CE_MATERIAL:0.4717231424116497
CE_KINGSAFETY:0.4867228340188954
C_PIECESQUARETABLES:0.49809013063715957
C_MOBILITY:0.4301909989822354
C_KINGSAFETY:0.548793138290483
C_PAWNSTRUCTURE:0.5164139870883584
C_PIECECOORDINATION:0.5188357493154621
C_ROOKANDPAWNMOVEMENT:0.5188357493154621
C_CENTERCONTROL:0.4588283991081206
C_DEVELOPPIECES:0.543458632022466
C_MATERIAL:0.44054152505452504
C_MOVECOUNT:0.5
