ELO:1025
CE_PASSEDPAWNS:0.5111205199287276
CE_PAWNWEAKNESSES:0.4597162878655136
CE_PIECEACTIVITY:0.4892622587797301
CE_KINGPAWNSHIELD:0.5132212229002344
CE_PIECECOORDINATION:0.5121939847453969
CE_MATERIAL:0.44658210106264806
CE_KINGSAFETY:0.5
C_PIECESQUARETABLES:0.5
C_MOBILITY:0.4642510254447151
C_KINGSAFETY:0.5768060522820262
C_PAWNSTRUCTURE:0.5
C_PIECECOORDINATION:0.4902060327981139
C_ROOKANDPAWNMOVEMENT:0.4902060327981139
C_CENTERCONTROL:0.4238705028341972
C_DEVELOPPIECES:0.4805129026415754
C_MATERIAL:0.4887024044767712
C_MOVECOUNT:0.5
