ELO:963
CE_PASSEDPAWNS:0.5291567657921237
CE_PAWNWEAKNESSES:0.5270100307608917
CE_PIECEACTIVITY:0.5463990366399846
CE_KINGPAWNSHIELD:0.40679657452513707
CE_PIECECOORDINATION:0.5181899187073552
CE_MATERIAL:0.5233137724536933
CE_KINGSAFETY:0.49133843962548307
C_PIECESQUARETABLES:0.495973048014593
C_MOBILITY:0.4915707789580793
C_KINGSAFETY:0.5143404775015596
C_PAWNSTRUCTURE:0.47652933293711214
C_PIECECOORDINATION:0.3910846623145112
C_ROOKANDPAWNMOVEMENT:0.3910846623145112
C_CENTERCONTROL:0.4861462921716268
C_DEVELOPPIECES:0.43772850424317555
C_MATERIAL:0.4491033890541771
