ELO:1021
CE_PASSEDPAWNS:0.5
CE_PAWNWEAKNESSES:0.49985289745132394
CE_PIECEACTIVITY:0.511042485622021
CE_KINGPAWNSHIELD:0.48152885942246226
CE_PIECECOORDINATION:0.5055398459694064
CE_MATERIAL:0.5324006330475526
CE_KINGSAFETY:0.5
C_PIECESQUARETABLES:0.5
C_MOBILITY:0.48369693685389525
C_KINGSAFETY:0.48869629517020885
C_PAWNSTRUCTURE:0.49984145116576834
C_PIECECOORDINATION:0.5129933973770763
C_ROOK:0.5096401867591909
CE_ROOK:0.5068773738365587
C_CENTERCONTROL:0.5259603426439946
C_DEVELOPPIECES:0.516847938314593
C_MATERIAL:0.4924564367153651
C_MOVECOUNT:0.5134782611811842
C_PAWNMOVEMENT:0.4590675100239037
