ELO:997
CE_PASSEDPAWNS:0.4997737256788295
CE_PAWNWEAKNESSES:0.507515185332254
CE_PIECEACTIVITY:0.4988318831959143
CE_KINGPAWNSHIELD:0.5309822850842159
CE_PIECECOORDINATION:0.4703268985804736
CE_MATERIAL:0.48255025668299373
CE_KINGSAFETY:0.5
C_PIECESQUARETABLES:0.5
C_MOBILITY:0.4943791096114075
C_KINGSAFETY:0.4699788242076066
C_PAWNSTRUCTURE:0.5052741492242008
C_PIECECOORDINATION:0.5061952559928976
C_ROOK:0.45347218058010985
CE_ROOK:0.4902422459372493
C_CENTERCONTROL:0.4872338985556909
C_DEVELOPPIECES:0.5103485351996194
C_MATERIAL:0.4686796593215735
C_MOVECOUNT:0.518500689770847
C_PAWNMOVEMENT:0.5364997993855951
