ELO:1015
CE_PASSEDPAWNS:0.5017873468533773
CE_PAWNWEAKNESSES:0.4886838477797177
CE_PIECEACTIVITY:0.5078868212068055
CE_KINGPAWNSHIELD:0.4965089023518789
CE_PIECECOORDINATION:0.5
CE_MATERIAL:0.49476325816364247
CE_KINGSAFETY:0.5035657879730987
C_PIECESQUARETABLES:0.5
C_MOBILITY:0.5076333320353448
C_KINGSAFETY:0.4960078913013387
C_PAWNSTRUCTURE:0.5074560714607994
C_PIECECOORDINATION:0.4983580095870493
C_ROOK:0.4958619021682919
CE_ROOK:0.49988533747510755
C_CENTERCONTROL:0.5
C_DEVELOPPIECES:0.49486487060257084
C_MATERIAL:0.49943679874632624
C_MOVECOUNT:0.515590437297901
C_PAWNMOVEMENT:0.4856284949866455
