ELO:941
CE_PASSEDPAWNS:0.49169742147887013
CE_PAWNWEAKNESSES:0.47698104568553995
CE_PIECEACTIVITY:0.47281404083919565
CE_KINGPAWNSHIELD:0.4821169141665978
CE_PIECECOORDINATION:0.5277564099244295
CE_MATERIAL:0.47546083933574357
CE_KINGSAFETY:0.5060577810424804
C_PIECESQUARETABLES:0.512638108725862
C_MOBILITY:0.5306605413730964
C_KINGSAFETY:0.5351515335523797
C_PAWNSTRUCTURE:0.5230547955224648
C_PIECECOORDINATION:0.5197523943794143
C_ROOKANDPAWNMOVEMENT:0.5197523943794143
C_CENTERCONTROL:0.47644892629836566
C_DEVELOPPIECES:0.4935761971257717
C_MATERIAL:0.5431834270824525
C_MOVECOUNT:0.5710733439984009
