ELO:974
CE_PASSEDPAWNS:0.4182709164617517
CE_PAWNWEAKNESSES:0.4652004835757909
CE_PIECEACTIVITY:0.514735610612179
CE_KINGPAWNSHIELD:0.49099904061849486
CE_PIECECOORDINATION:0.5395071408364936
CE_MATERIAL:0.5716643721133866
CE_KINGSAFETY:0.49665797210366364
C_PIECESQUARETABLES:0.5006060560366067
C_MOBILITY:0.5448488306824683
C_KINGSAFETY:0.43558209462282294
C_PAWNSTRUCTURE:0.5341004242311987
C_PIECECOORDINATION:0.3714073721863938
C_ROOKANDPAWNMOVEMENT:0.3714073721863938
C_CENTERCONTROL:0.42419766999001496
C_DEVELOPPIECES:0.4558723412799072
C_MATERIAL:0.4211932414669027
