ELO:1021
CE_PASSEDPAWNS:0.5063584531813845
CE_PAWNWEAKNESSES:0.5
CE_PIECEACTIVITY:0.5078868212068055
CE_KINGPAWNSHIELD:0.5018475132327397
CE_PIECECOORDINATION:0.5
CE_MATERIAL:0.49430664529996315
CE_KINGSAFETY:0.4894455162015143
C_PIECESQUARETABLES:0.49661564072540876
C_MOBILITY:0.5167778231301341
C_KINGSAFETY:0.5
C_PAWNSTRUCTURE:0.5002356191162017
C_PIECECOORDINATION:0.5172284595140588
C_ROOK:0.5040680513327354
CE_ROOK:0.49988533747510755
C_CENTERCONTROL:0.5053794469088625
C_DEVELOPPIECES:0.4944226910216701
C_MATERIAL:0.5215391005798791
C_MOVECOUNT:0.5
C_PAWNMOVEMENT:0.5086779743654487
