ELO:1024
CE_PASSEDPAWNS:0.5211356675062251
CE_PAWNWEAKNESSES:0.4967877153802503
CE_PIECEACTIVITY:0.49795173283366356
CE_KINGPAWNSHIELD:0.48152885942246226
CE_PIECECOORDINATION:0.5154770334222094
CE_MATERIAL:0.5
CE_KINGSAFETY:0.5
C_PIECESQUARETABLES:0.5
C_MOBILITY:0.5027895105486977
C_KINGSAFETY:0.48367132407162133
C_PAWNSTRUCTURE:0.5080209608016621
C_PIECECOORDINATION:0.5291871919494215
C_ROOK:0.5330477641632646
CE_ROOK:0.49829876777786525
C_CENTERCONTROL:0.5
C_DEVELOPPIECES:0.49436532366477515
C_MATERIAL:0.4733690730580908
C_MOVECOUNT:0.49443263681889044
C_PAWNMOVEMENT:0.4590675100239037
