ELO:966
CE_PASSEDPAWNS:0.38718423987221773
CE_PAWNWEAKNESSES:0.47502348522853294
CE_PIECEACTIVITY:0.5006177485770824
CE_KINGPAWNSHIELD:0.4826677211727655
CE_PIECECOORDINATION:0.576850941102912
CE_MATERIAL:0.5625842047649993
CE_KINGSAFETY:0.5098834995261439
C_PIECESQUARETABLES:0.5190570862392455
C_MOBILITY:0.532772986209047
C_KINGSAFETY:0.3939770489241028
C_PAWNSTRUCTURE:0.5186568414371854
C_PIECECOORDINATION:0.36595937067402257
C_ROOKANDPAWNMOVEMENT:0.36595937067402257
C_CENTERCONTROL:0.4177498107636469
C_DEVELOPPIECES:0.4749572253746628
C_MATERIAL:0.40182270510496465
