ELO:1062
CE_PASSEDPAWNS:0.49522989190226696
CE_PAWNWEAKNESSES:0.4892926816716441
CE_PIECEACTIVITY:0.45467779174442374
CE_KINGPAWNSHIELD:0.49239483193018807
CE_PIECECOORDINATION:0.5033727516818475
CE_MATERIAL:0.4839441222758687
CE_KINGSAFETY:0.5
C_PIECESQUARETABLES:0.5
C_MOBILITY:0.49293119841657435
C_KINGSAFETY:0.5349446824469897
C_PAWNSTRUCTURE:0.4624787858680573
C_PIECECOORDINATION:0.5009818748508645
C_ROOKANDPAWNMOVEMENT:0.5009818748508645
C_CENTERCONTROL:0.5090048804564443
C_DEVELOPPIECES:0.5
C_MATERIAL:0.4805112615866776
C_MOVECOUNT:0.5
