ELO:891
CE_PASSEDPAWNS:0.5868411284346972
CE_PAWNWEAKNESSES:0.39245749703609945
CE_PIECEACTIVITY:0.575117744728481
CE_KINGPAWNSHIELD:0.5687460999360127
CE_PIECECOORDINATION:0.42177729273480663
CE_MATERIAL:0.39694731806101863
CE_KINGSAFETY:0.4984115285087855
C_PIECESQUARETABLES:0.4368160619781871
C_MOBILITY:0.5067450755783488
C_KINGSAFETY:0.4481330918400744
C_PAWNSTRUCTURE:0.5262111657573167
C_PIECECOORDINATION:0.5908492150672772
C_ROOKANDPAWNMOVEMENT:0.5908492150672772
C_CENTERCONTROL:0.5171122469783855
C_DEVELOPPIECES:0.5331661624002897
C_MATERIAL:0.5204571162841172
