ELO:993
CE_PASSEDPAWNS:0.5074383668334821
CE_PAWNWEAKNESSES:0.4997146322235092
CE_PIECEACTIVITY:0.4703826407302911
CE_KINGPAWNSHIELD:0.5304875210963226
CE_PIECECOORDINATION:0.4611420484720099
CE_MATERIAL:0.5190822960769688
CE_KINGSAFETY:0.5
C_PIECESQUARETABLES:0.5
C_MOBILITY:0.5229762936419815
C_KINGSAFETY:0.46200285986768486
C_PAWNSTRUCTURE:0.4877211438988972
C_PIECECOORDINATION:0.5535464128931693
C_ROOK:0.48448932138318784
CE_ROOK:0.5131704461704223
C_CENTERCONTROL:0.46592307703464025
C_DEVELOPPIECES:0.48235580445216464
C_MATERIAL:0.5227870579764127
C_MOVECOUNT:0.49632982623610516
C_PAWNMOVEMENT:0.511618917934365
