ELO:872
CE_PASSEDPAWNS:0.5009853784992538
CE_PAWNWEAKNESSES:0.4416930152452167
CE_PIECEACTIVITY:0.46450536999562175
CE_KINGPAWNSHIELD:0.49976025740019153
CE_PIECECOORDINATION:0.5394986504143163
CE_MATERIAL:0.4969200678725116
CE_KINGSAFETY:0.4919335351082649
C_PIECESQUARETABLES:0.5261104131887804
C_MOBILITY:0.48794326131293386
C_KINGSAFETY:0.47558347958610225
C_PAWNSTRUCTURE:0.5509645763687127
C_PIECECOORDINATION:0.49191078854547005
C_ROOKANDPAWNMOVEMENT:0.49191078854547005
C_CENTERCONTROL:0.5053420411150118
C_DEVELOPPIECES:0.5764393390706085
C_MATERIAL:0.5680121029325041
C_MOVECOUNT:0.5505543041332375
