ELO:981
CE_PASSEDPAWNS:0.5328387888649999
CE_PAWNWEAKNESSES:0.407049213835011
CE_PIECEACTIVITY:0.5561263997922365
CE_KINGPAWNSHIELD:0.5456134625705591
CE_PIECECOORDINATION:0.4771973971052876
CE_MATERIAL:0.3823526597254148
CE_KINGSAFETY:0.5031867311113258
C_PIECESQUARETABLES:0.4908452053912898
C_MOBILITY:0.556613118772615
C_KINGSAFETY:0.4840903986742951
C_PAWNSTRUCTURE:0.4821786455553199
C_PIECECOORDINATION:0.5879803183828533
C_ROOKANDPAWNMOVEMENT:0.5879803183828533
C_CENTERCONTROL:0.5006468705070399
C_DEVELOPPIECES:0.5037740804253918
C_MATERIAL:0.5065865460792497
