ELO:1104
CE_PASSEDPAWNS:0.44733416550200145
CE_PAWNWEAKNESSES:0.4476413466186686
CE_PIECEACTIVITY:0.48013743344619403
CE_KINGPAWNSHIELD:0.42011904769222047
CE_PIECECOORDINATION:0.4740445867024571
CE_MATERIAL:0.4469555582099301
CE_KINGSAFETY:0.5
C_PIECESQUARETABLES:0.5
C_MOBILITY:0.4255275584251181
C_KINGSAFETY:0.6426922311336568
C_PAWNSTRUCTURE:0.44700913795848674
C_PIECECOORDINATION:0.4886580873218714
C_ROOKANDPAWNMOVEMENT:0.4886580873218714
C_CENTERCONTROL:0.4932238593499724
C_DEVELOPPIECES:0.5576237735754453
C_MATERIAL:0.3847798461631917
