ELO:897
CE_PASSEDPAWNS:0.47330455025055157
CE_PAWNWEAKNESSES:0.5089938523989612
CE_PIECEACTIVITY:0.45904466397571553
CE_KINGPAWNSHIELD:0.49754889566158783
CE_PIECECOORDINATION:0.513522895028565
CE_MATERIAL:0.505478643756859
CE_KINGSAFETY:0.5
C_PIECESQUARETABLES:0.5
C_MOBILITY:0.4762164455767038
C_KINGSAFETY:0.4690137977928742
C_PAWNSTRUCTURE:0.4585994027931023
C_PIECECOORDINATION:0.5234774189398452
C_ROOKANDPAWNMOVEMENT:0.5234774189398452
C_CENTERCONTROL:0.5173139160584568
C_DEVELOPPIECES:0.48896931508458347
C_MATERIAL:0.46789295301326783
C_MOVECOUNT:0.5182469840490145
