ELO:966
CE_PASSEDPAWNS:0.5558171510007707
CE_PAWNWEAKNESSES:0.4916390545662414
CE_PIECEACTIVITY:0.4878203864238961
CE_KINGPAWNSHIELD:0.5065933848364763
CE_PIECECOORDINATION:0.49266484586470705
CE_MATERIAL:0.5013083111005446
CE_KINGSAFETY:0.5
C_PIECESQUARETABLES:0.5041885659452779
C_MOBILITY:0.5195698771715453
C_KINGSAFETY:0.4896475329823696
C_PAWNSTRUCTURE:0.47262750677521675
C_PIECECOORDINATION:0.4796296375788465
C_ROOKANDPAWNMOVEMENT:0.4796296375788465
C_CENTERCONTROL:0.49853525062799414
C_DEVELOPPIECES:0.5002933687834901
C_MATERIAL:0.495850473958999
C_MOVECOUNT:0.5
