ELO:883
CE_PASSEDPAWNS:0.5843239401721939
CE_PAWNWEAKNESSES:0.4009951107382737
CE_PIECEACTIVITY:0.5783046421536576
CE_KINGPAWNSHIELD:0.5771626029159356
CE_PIECECOORDINATION:0.4057644598979373
CE_MATERIAL:0.4066462763438516
CE_KINGSAFETY:0.4864007701680248
C_PIECESQUARETABLES:0.44879733395000665
C_MOBILITY:0.5123009793467347
C_KINGSAFETY:0.42718292794917706
C_PAWNSTRUCTURE:0.5051378221545548
C_PIECECOORDINATION:0.5985091134805887
C_ROOKANDPAWNMOVEMENT:0.5985091134805887
C_CENTERCONTROL:0.5134538075417446
C_DEVELOPPIECES:0.5229360971842396
C_MATERIAL:0.5270836183504268
