ELO:1052
CE_PASSEDPAWNS:0.5200206915198264
CE_PAWNWEAKNESSES:0.4873166181669998
CE_PIECEACTIVITY:0.5691207324765991
CE_KINGPAWNSHIELD:0.5353098860582824
CE_PIECECOORDINATION:0.43317222545900413
CE_MATERIAL:0.4089904709090846
CE_KINGSAFETY:0.5096499267483806
C_PIECESQUARETABLES:0.5
C_MOBILITY:0.5705183923555844
C_KINGSAFETY:0.5619528173417558
C_PAWNSTRUCTURE:0.4485928670377041
C_PIECECOORDINATION:0.5065754627522188
C_ROOKANDPAWNMOVEMENT:0.5065754627522188
C_CENTERCONTROL:0.5379465251377044
C_DEVELOPPIECES:0.5345159730310732
C_MATERIAL:0.5128434579659253
