ELO:990
CE_PASSEDPAWNS:0.39792981371987557
CE_PAWNWEAKNESSES:0.455816176721486
CE_PIECEACTIVITY:0.5055534717583172
CE_KINGPAWNSHIELD:0.4992167173726257
CE_PIECECOORDINATION:0.6092782055877115
CE_MATERIAL:0.41237886705497595
CE_KINGSAFETY:0.5
C_PIECESQUARETABLES:0.5087348553358455
C_MOBILITY:0.6140870387378606
C_KINGSAFETY:0.5742475742575268
C_PAWNSTRUCTURE:0.62436365227218
C_PIECECOORDINATION:0.6135308168497035
C_ROOKANDPAWNMOVEMENT:0.6135308168497035
C_CENTERCONTROL:0.3791738811592719
C_DEVELOPPIECES:0.5528173797779841
C_MATERIAL:0.5774870359270923
