ELO:998
CE_PASSEDPAWNS:0.47541377203879515
CE_PAWNWEAKNESSES:0.4632617040400174
CE_PIECEACTIVITY:0.5752823501451009
CE_KINGPAWNSHIELD:0.540133471843998
CE_PIECECOORDINATION:0.5259502513825647
CE_MATERIAL:0.47973555628584386
CE_KINGSAFETY:0.5341547953188827
C_PIECESQUARETABLES:0.4983970495700667
C_MOBILITY:0.47328295023338157
C_KINGSAFETY:0.5355635786657749
C_PAWNSTRUCTURE:0.5929865960617633
C_PIECECOORDINATION:0.49999686390195014
C_ROOKANDPAWNMOVEMENT:0.49999686390195014
C_CENTERCONTROL:0.45462171185949607
C_DEVELOPPIECES:0.38584414074434303
C_MATERIAL:0.46420923093737343
