ELO:949
CE_PASSEDPAWNS:0.404912152952103
CE_PAWNWEAKNESSES:0.448041020906728
CE_PIECEACTIVITY:0.5710392958107797
CE_KINGPAWNSHIELD:0.4903011619171819
CE_PIECECOORDINATION:0.549029765854437
CE_MATERIAL:0.44301698795524536
CE_KINGSAFETY:0.546459853939156
C_PIECESQUARETABLES:0.5161364397134078
C_MOBILITY:0.5059197136735644
C_KINGSAFETY:0.5364015503862205
C_PAWNSTRUCTURE:0.5619546957951979
C_PIECECOORDINATION:0.488789869115995
C_ROOKANDPAWNMOVEMENT:0.488789869115995
C_CENTERCONTROL:0.47175316121431493
C_DEVELOPPIECES:0.33960362343341577
C_MATERIAL:0.4676683200325054
