ELO:1002
CE_PASSEDPAWNS:0.5074383668334821
CE_PAWNWEAKNESSES:0.4503503065468019
CE_PIECEACTIVITY:0.49733231679523277
CE_KINGPAWNSHIELD:0.5572003795764335
CE_PIECECOORDINATION:0.5049561396191451
CE_MATERIAL:0.47959152558517915
CE_KINGSAFETY:0.5
C_PIECESQUARETABLES:0.5
C_MOBILITY:0.5
C_KINGSAFETY:0.490986881758508
C_PAWNSTRUCTURE:0.5079362917316934
C_PIECECOORDINATION:0.5535464128931693
C_ROOK:0.5046898321327159
CE_ROOK:0.5131704461704223
C_CENTERCONTROL:0.46592307703464025
C_DEVELOPPIECES:0.48235580445216464
C_MATERIAL:0.49032703661678356
C_MOVECOUNT:0.49632982623610516
C_PAWNMOVEMENT:0.5147907540876293
