ELO:923
CE_PASSEDPAWNS:0.578845354271884
CE_PAWNWEAKNESSES:0.5063333382522454
CE_PIECEACTIVITY:0.43710057961328774
CE_KINGPAWNSHIELD:0.4641522644172598
CE_PIECECOORDINATION:0.4735106050444195
CE_MATERIAL:0.5666489629960583
CE_KINGSAFETY:0.5062605964368175
C_PIECESQUARETABLES:0.5029404176390059
C_MOBILITY:0.4270164943210741
C_KINGSAFETY:0.3763872814901987
C_PAWNSTRUCTURE:0.5630670164692154
C_PIECECOORDINATION:0.47791410173197246
C_ROOKANDPAWNMOVEMENT:0.47791410173197246
C_CENTERCONTROL:0.5480445967491542
C_DEVELOPPIECES:0.45985590967429213
C_MATERIAL:0.5505044483965275
