ELO:1064
CE_PASSEDPAWNS:0.5357886961217757
CE_PAWNWEAKNESSES:0.4833199910268037
CE_PIECEACTIVITY:0.5691207324765991
CE_KINGPAWNSHIELD:0.5061832043313106
CE_PIECECOORDINATION:0.527099155710313
CE_MATERIAL:0.4517613566555027
CE_KINGSAFETY:0.5
C_PIECESQUARETABLES:0.5
C_MOBILITY:0.5853010773681124
C_KINGSAFETY:0.6276170929045072
C_PAWNSTRUCTURE:0.4884719352793222
C_PIECECOORDINATION:0.4538900953872619
C_ROOKANDPAWNMOVEMENT:0.4538900953872619
C_CENTERCONTROL:0.5732547161342879
C_DEVELOPPIECES:0.5777227163754834
C_MATERIAL:0.5085756696771824
