ELO:973
CE_PASSEDPAWNS:0.4799087933693086
CE_PAWNWEAKNESSES:0.5109323722714664
CE_PIECEACTIVITY:0.4998427343104798
CE_KINGPAWNSHIELD:0.4955962312260628
CE_PIECECOORDINATION:0.502698183387841
CE_MATERIAL:0.5089641024048954
CE_KINGSAFETY:0.5
C_PIECESQUARETABLES:0.5003984674799224
C_MOBILITY:0.4943109035240455
C_KINGSAFETY:0.4985010424206021
C_PAWNSTRUCTURE:0.4882366983787648
C_PIECECOORDINATION:0.5160788003141135
C_ROOKANDPAWNMOVEMENT:0.5160788003141135
C_CENTERCONTROL:0.48820787515813024
C_DEVELOPPIECES:0.5
C_MATERIAL:0.4831862588317855
C_MOVECOUNT:0.5000885533138025
