ELO:1088
CE_PASSEDPAWNS:0.5222267129789422
CE_PAWNWEAKNESSES:0.518779401448761
CE_PIECEACTIVITY:0.5153779650542555
CE_KINGPAWNSHIELD:0.5061832043313106
CE_PIECECOORDINATION:0.5758915534909177
CE_MATERIAL:0.5218495644150136
CE_KINGSAFETY:0.5
C_PIECESQUARETABLES:0.5
C_MOBILITY:0.5913163258768966
C_KINGSAFETY:0.42074287334778315
C_PAWNSTRUCTURE:0.48252833275085205
C_PIECECOORDINATION:0.4622137664692044
C_ROOKANDPAWNMOVEMENT:0.4622137664692044
C_CENTERCONTROL:0.4809881471454767
C_DEVELOPPIECES:0.4186956890767564
C_MATERIAL:0.5131313808803746
