ELO:904
CE_PASSEDPAWNS:0.5181394397832354
CE_PAWNWEAKNESSES:0.5321207042771714
CE_PIECEACTIVITY:0.49072986286383563
CE_KINGPAWNSHIELD:0.48519077131295785
CE_PIECECOORDINATION:0.48254230817626026
CE_MATERIAL:0.48758863930205476
CE_KINGSAFETY:0.5007244054116043
C_PIECESQUARETABLES:0.49395527024874
C_MOBILITY:0.5
C_KINGSAFETY:0.5081377694425501
C_PAWNSTRUCTURE:0.5286921256985939
C_PIECECOORDINATION:0.48084724368170506
C_ROOKANDPAWNMOVEMENT:0.48084724368170506
C_CENTERCONTROL:0.4890972225748154
C_DEVELOPPIECES:0.512931414551406
C_MATERIAL:0.5133922727637308
C_MOVECOUNT:0.5
