ELO:971
CE_PASSEDPAWNS:0.519143046288374
CE_PAWNWEAKNESSES:0.5133163630279179
CE_PIECEACTIVITY:0.4848249305613741
CE_KINGPAWNSHIELD:0.5063735267643308
CE_PIECECOORDINATION:0.49917323601344327
CE_MATERIAL:0.49616111066460783
CE_KINGSAFETY:0.5085125182954567
C_PIECESQUARETABLES:0.4893237626293655
C_MOBILITY:0.5105267440370912
C_KINGSAFETY:0.5005039557212594
C_PAWNSTRUCTURE:0.5252750658636022
C_PIECECOORDINATION:0.5136157227652368
C_ROOK:0.48307741135767557
CE_ROOK:0.505898135179897
C_CENTERCONTROL:0.48366135050014164
C_DEVELOPPIECES:0.5121067412518052
C_MATERIAL:0.512273011926677
C_MOVECOUNT:0.5097086871647605
C_PAWNMOVEMENT:0.5121808725734365
