ELO:999
CE_PASSEDPAWNS:0.4917426340294713
CE_PAWNWEAKNESSES:0.512203530544362
CE_PIECEACTIVITY:0.5
CE_KINGPAWNSHIELD:0.4937199692843888
CE_PIECECOORDINATION:0.5208530579654532
CE_MATERIAL:0.4925316008299895
CE_KINGSAFETY:0.5
C_PIECESQUARETABLES:0.5
C_MOBILITY:0.5056522998174472
C_KINGSAFETY:0.47803829636385037
C_PAWNSTRUCTURE:0.5093708075504373
C_PIECECOORDINATION:0.5022719315515514
C_ROOKANDPAWNMOVEMENT:0.5022719315515514
C_CENTERCONTROL:0.49032786431705905
C_DEVELOPPIECES:0.5088183891436162
C_MATERIAL:0.4878600580638225
C_MOVECOUNT:0.5
