ELO:919
CE_PASSEDPAWNS:0.39494021587909317
CE_PAWNWEAKNESSES:0.4537914847243297
CE_PIECEACTIVITY:0.4897115195368307
CE_KINGPAWNSHIELD:0.4901858529170498
CE_PIECECOORDINATION:0.6214607443971575
CE_MATERIAL:0.40802189049499793
CE_KINGSAFETY:0.5391470924949644
C_PIECESQUARETABLES:0.5229835367760741
C_MOBILITY:0.6245918476504052
C_KINGSAFETY:0.587327780291832
C_PAWNSTRUCTURE:0.6157368549291571
C_PIECECOORDINATION:0.6319833626893123
C_ROOKANDPAWNMOVEMENT:0.6319833626893123
C_CENTERCONTROL:0.3839377594701737
C_DEVELOPPIECES:0.5581735712586533
C_MATERIAL:0.5637579968982648
