ELO:893
CE_PASSEDPAWNS:0.5096605743667216
CE_PAWNWEAKNESSES:0.4940531853848356
CE_PIECEACTIVITY:0.5353771053276917
CE_KINGPAWNSHIELD:0.4926834234469809
CE_PIECECOORDINATION:0.5070223908580188
CE_MATERIAL:0.5089003268412369
CE_KINGSAFETY:0.48667706916299447
C_PIECESQUARETABLES:0.4873367261873353
C_MOBILITY:0.4546844831300136
C_KINGSAFETY:0.49288544804092504
C_PAWNSTRUCTURE:0.5069306807545534
C_PIECECOORDINATION:0.508809574706053
C_ROOKANDPAWNMOVEMENT:0.508809574706053
C_CENTERCONTROL:0.49461635849057634
C_DEVELOPPIECES:0.5046263042908518
C_MATERIAL:0.536669144038448
C_MOVECOUNT:0.5
