ELO:831
CE_PASSEDPAWNS:0.5179655229411119
CE_PAWNWEAKNESSES:0.4727145142618206
CE_PIECEACTIVITY:0.4430120628739286
CE_KINGPAWNSHIELD:0.4810185198656027
CE_PIECECOORDINATION:0.5154782029778057
CE_MATERIAL:0.4888790593175001
CE_KINGSAFETY:0.5001110778190909
C_PIECESQUARETABLES:0.5331653726855914
C_MOBILITY:0.46795989186728937
C_KINGSAFETY:0.4640607664781006
C_PAWNSTRUCTURE:0.508727731731308
C_PIECECOORDINATION:0.5414393279497485
C_ROOKANDPAWNMOVEMENT:0.5414393279497485
C_CENTERCONTROL:0.5234928831121439
C_DEVELOPPIECES:0.5778447854161403
C_MATERIAL:0.5475789311036122
C_MOVECOUNT:0.5459230492241156
