ELO:971
CE_PASSEDPAWNS:0.519143046288374
CE_PAWNWEAKNESSES:0.5133163630279179
CE_PIECEACTIVITY:0.49704184396497575
CE_KINGPAWNSHIELD:0.5063735267643308
CE_PIECECOORDINATION:0.49917323601344327
CE_MATERIAL:0.49616111066460783
CE_KINGSAFETY:0.5085125182954567
C_PIECESQUARETABLES:0.5001231522009181
C_MOBILITY:0.50533745786933
C_KINGSAFETY:0.5005039557212594
C_PAWNSTRUCTURE:0.5148931394498343
C_PIECECOORDINATION:0.5136157227652368
C_ROOK:0.4892342907167489
CE_ROOK:0.5065015632508191
C_CENTERCONTROL:0.484306214711467
C_DEVELOPPIECES:0.5121067412518052
C_MATERIAL:0.5127653659151674
C_MOVECOUNT:0.5097086871647605
C_PAWNMOVEMENT:0.5065234524294385
