ELO:949
CE_PASSEDPAWNS:0.4373733826799113
CE_PAWNWEAKNESSES:0.4535419327081004
CE_PIECEACTIVITY:0.5560136414367421
CE_KINGPAWNSHIELD:0.4605389406998729
CE_PIECECOORDINATION:0.5551566565637773
CE_MATERIAL:0.4589080428799192
CE_KINGSAFETY:0.5460279963993739
C_PIECESQUARETABLES:0.5020810548633627
C_MOBILITY:0.5055787496973527
C_KINGSAFETY:0.5435660755998833
C_PAWNSTRUCTURE:0.5596233224717827
C_PIECECOORDINATION:0.488789869115995
C_ROOKANDPAWNMOVEMENT:0.488789869115995
C_CENTERCONTROL:0.4720529937223958
C_DEVELOPPIECES:0.3469615589724374
C_MATERIAL:0.4828785347807573
