ELO:865
CE_PASSEDPAWNS:0.5255400288558496
CE_PAWNWEAKNESSES:0.5052970731000689
CE_PIECEACTIVITY:0.4096762414040718
CE_KINGPAWNSHIELD:0.6073339818686934
CE_PIECECOORDINATION:0.4996104289041821
CE_MATERIAL:0.5179055507312986
CE_KINGSAFETY:0.4868147721108462
C_PIECESQUARETABLES:0.521630994929172
C_MOBILITY:0.5172484448943089
C_KINGSAFETY:0.47833403631193094
C_PAWNSTRUCTURE:0.5030677582369407
C_PIECECOORDINATION:0.5172924190471871
C_ROOKANDPAWNMOVEMENT:0.5172924190471871
C_CENTERCONTROL:0.5613821111053513
C_DEVELOPPIECES:0.5236748376674104
C_MATERIAL:0.5140738382535044
C_MOVECOUNT:0.5
