ELO:932
CE_PASSEDPAWNS:0.3743121706891737
CE_PAWNWEAKNESSES:0.4578772488102721
CE_PIECEACTIVITY:0.5458882783238892
CE_KINGPAWNSHIELD:0.43131638145769735
CE_PIECECOORDINATION:0.5653033449171203
CE_MATERIAL:0.4042271456445035
CE_KINGSAFETY:0.5225001387472507
C_PIECESQUARETABLES:0.526384860457061
C_MOBILITY:0.530582341954916
C_KINGSAFETY:0.520248511303746
C_PAWNSTRUCTURE:0.5393843669511993
C_PIECECOORDINATION:0.5262184771596727
C_ROOKANDPAWNMOVEMENT:0.5262184771596727
C_CENTERCONTROL:0.47452086635381036
C_DEVELOPPIECES:0.3680457549086731
C_MATERIAL:0.46212459432822545
