ELO:867
CE_PASSEDPAWNS:0.45655278630362345
CE_PAWNWEAKNESSES:0.5100156782391133
CE_PIECEACTIVITY:0.44921999292777626
CE_KINGPAWNSHIELD:0.4637039862172212
CE_PIECECOORDINATION:0.5397115517343298
CE_MATERIAL:0.523178438956959
CE_KINGSAFETY:0.45600835229569436
C_PIECESQUARETABLES:0.47995410541250616
C_MOBILITY:0.5271414188923196
C_KINGSAFETY:0.5573179129916142
C_PAWNSTRUCTURE:0.5281778668265373
C_PIECECOORDINATION:0.47176688004410655
C_ROOKANDPAWNMOVEMENT:0.47176688004410655
C_CENTERCONTROL:0.45827608167783584
C_DEVELOPPIECES:0.5513239423321503
C_MATERIAL:0.5697942304624488
C_MOVECOUNT:0.5031644568474021
