ELO:922
CE_PASSEDPAWNS:0.5373261854512291
CE_PAWNWEAKNESSES:0.5451269021167815
CE_PIECEACTIVITY:0.43710057961328774
CE_KINGPAWNSHIELD:0.5093085534865939
CE_PIECECOORDINATION:0.48947795523643567
CE_MATERIAL:0.5125916341642207
CE_KINGSAFETY:0.48388225054482253
C_PIECESQUARETABLES:0.5464270679994156
C_MOBILITY:0.4368557215431115
C_KINGSAFETY:0.4376034883278618
C_PAWNSTRUCTURE:0.5205354995654621
C_PIECECOORDINATION:0.602090282703983
C_ROOKANDPAWNMOVEMENT:0.602090282703983
C_CENTERCONTROL:0.5077008205989392
C_DEVELOPPIECES:0.4492335363071853
C_MATERIAL:0.5295632941326235
