ELO:1000
CE_PASSEDPAWNS:0.48972360628036915
CE_PAWNWEAKNESSES:0.5299631631690316
CE_PIECEACTIVITY:0.5086881114113597
CE_KINGPAWNSHIELD:0.4752212116114508
CE_PIECECOORDINATION:0.5217917213059265
CE_MATERIAL:0.5135070607721287
CE_KINGSAFETY:0.48265674297601524
C_PIECESQUARETABLES:0.5114504626203058
C_MOBILITY:0.492947386616962
C_KINGSAFETY:0.5208579448566117
C_PAWNSTRUCTURE:0.5417214537621486
C_PIECECOORDINATION:0.46283353313375886
C_ROOKANDPAWNMOVEMENT:0.46283353313375886
C_CENTERCONTROL:0.4568664188918938
C_DEVELOPPIECES:0.4184172453182238
C_MATERIAL:0.4583668824234059
