ELO:990
CE_PASSEDPAWNS:0.4586390103515235
CE_PAWNWEAKNESSES:0.4818090377710279
CE_PIECEACTIVITY:0.5744864594242308
CE_KINGPAWNSHIELD:0.5251172208496501
CE_PIECECOORDINATION:0.5718366276919985
CE_MATERIAL:0.4773553274014068
CE_KINGSAFETY:0.48631210961330046
C_PIECESQUARETABLES:0.4964707160923265
C_MOBILITY:0.47033105900923283
C_KINGSAFETY:0.525432030377334
C_PAWNSTRUCTURE:0.5739499024028322
C_PIECECOORDINATION:0.5012250013423412
C_ROOKANDPAWNMOVEMENT:0.5012250013423412
C_CENTERCONTROL:0.46905179973653327
C_DEVELOPPIECES:0.354381337558727
C_MATERIAL:0.4772675929645408
