ELO:997
CE_PASSEDPAWNS:0.5
CE_PAWNWEAKNESSES:0.4774242189696659
CE_PIECEACTIVITY:0.4842537891997402
CE_KINGPAWNSHIELD:0.5093644089418773
CE_PIECECOORDINATION:0.5106941970387651
CE_MATERIAL:0.4948848286128608
CE_KINGSAFETY:0.5310430781568393
C_PIECESQUARETABLES:0.5067178383722659
C_MOBILITY:0.4904158493927329
C_KINGSAFETY:0.4859799119125923
C_PAWNSTRUCTURE:0.5018517288835662
C_PIECECOORDINATION:0.4990509968940173
C_ROOKANDPAWNMOVEMENT:0.4990509968940173
C_CENTERCONTROL:0.5
C_DEVELOPPIECES:0.4936491684030078
C_MATERIAL:0.4995733947751859
C_MOVECOUNT:0.5031347415075133
