ELO:967
CE_PASSEDPAWNS:0.5074546879371978
CE_PAWNWEAKNESSES:0.48442066959501684
CE_PIECEACTIVITY:0.5185917721211742
CE_KINGPAWNSHIELD:0.5022180158146774
CE_PIECECOORDINATION:0.4935951210267046
CE_MATERIAL:0.47595331772905963
CE_KINGSAFETY:0.49694295421004275
C_PIECESQUARETABLES:0.49811783024909345
C_MOBILITY:0.48446180930257315
C_KINGSAFETY:0.48535096028748986
C_PAWNSTRUCTURE:0.501090815611623
C_PIECECOORDINATION:0.5136707192289048
C_ROOKANDPAWNMOVEMENT:0.5136707192289048
C_CENTERCONTROL:0.5166201318014233
C_DEVELOPPIECES:0.4665384416041167
C_MATERIAL:0.49916121645216305
C_MOVECOUNT:0.5
