ELO:986
CE_PASSEDPAWNS:0.5123963398643081
CE_PAWNWEAKNESSES:0.5119334287393724
CE_PIECEACTIVITY:0.4848249305613741
CE_KINGPAWNSHIELD:0.5054806950721572
CE_PIECECOORDINATION:0.48833432714644365
CE_MATERIAL:0.4959541225940443
CE_KINGSAFETY:0.5085125182954567
C_PIECESQUARETABLES:0.5
C_MOBILITY:0.5
C_KINGSAFETY:0.5017211088381313
C_PAWNSTRUCTURE:0.5133811553686075
C_PIECECOORDINATION:0.49029339098121144
C_ROOK:0.4998567214238067
CE_ROOK:0.5
C_CENTERCONTROL:0.5
C_DEVELOPPIECES:0.5121067412518052
C_MATERIAL:0.5036008791137717
C_MOVECOUNT:0.5046326473628334
C_PAWNMOVEMENT:0.5100108219661061
