ELO:961
CE_PASSEDPAWNS:0.5320662438995516
CE_PAWNWEAKNESSES:0.40385299481073766
CE_PIECEACTIVITY:0.5561982806547268
CE_KINGPAWNSHIELD:0.5444997133361698
CE_PIECECOORDINATION:0.4676888963624483
CE_MATERIAL:0.3874641385262348
CE_KINGSAFETY:0.5116480776439208
C_PIECESQUARETABLES:0.4809007845015089
C_MOBILITY:0.5462682071899981
C_KINGSAFETY:0.4870882790130055
C_PAWNSTRUCTURE:0.49416728099685553
C_PIECECOORDINATION:0.5960511156221913
C_ROOKANDPAWNMOVEMENT:0.5960511156221913
C_CENTERCONTROL:0.4943805362563601
C_DEVELOPPIECES:0.510072174233468
C_MATERIAL:0.5337349370595668
