ELO:919
CE_PASSEDPAWNS:0.37397443148165255
CE_PAWNWEAKNESSES:0.43312006363869093
CE_PIECEACTIVITY:0.4891564127361219
CE_KINGPAWNSHIELD:0.5061770602334562
CE_PIECECOORDINATION:0.4004275743097485
CE_MATERIAL:0.5627167164218362
CE_KINGSAFETY:0.5007035824916686
C_PIECESQUARETABLES:0.4902902455876637
C_MOBILITY:0.5749718554088182
C_KINGSAFETY:0.41805018709238123
C_PAWNSTRUCTURE:0.5060180769054666
C_PIECECOORDINATION:0.5701764788395859
C_ROOKANDPAWNMOVEMENT:0.5701764788395859
C_CENTERCONTROL:0.5454036494388496
C_DEVELOPPIECES:0.5660356366176177
C_MATERIAL:0.5805915642280585
