ELO:907
CE_PASSEDPAWNS:0.4976957592240413
CE_PAWNWEAKNESSES:0.49996965086541795
CE_PIECEACTIVITY:0.4741914112907987
CE_KINGPAWNSHIELD:0.4810167269065977
CE_PIECECOORDINATION:0.4799114445023034
CE_MATERIAL:0.45399760029352115
CE_KINGSAFETY:0.48355269568566944
C_PIECESQUARETABLES:0.4977333325785567
C_MOBILITY:0.4133092428028812
C_KINGSAFETY:0.5923984082827785
C_PAWNSTRUCTURE:0.42884568862334915
C_PIECECOORDINATION:0.4022686103782038
C_ROOKANDPAWNMOVEMENT:0.4022686103782038
C_CENTERCONTROL:0.5423914947877003
C_DEVELOPPIECES:0.5043932599770117
C_MATERIAL:0.5
C_MOVECOUNT:0.5
