ELO:1059
CE_PASSEDPAWNS:0.5809940177761509
CE_PAWNWEAKNESSES:0.48305846232352634
CE_PIECEACTIVITY:0.47822111856819943
CE_KINGPAWNSHIELD:0.4249136897922905
CE_PIECECOORDINATION:0.49954370731498565
CE_MATERIAL:0.4579134971907107
CE_KINGSAFETY:0.5
C_PIECESQUARETABLES:0.5022533514817632
C_MOBILITY:0.4476514663012689
C_KINGSAFETY:0.4919064483424965
C_PAWNSTRUCTURE:0.43572561192670667
C_PIECECOORDINATION:0.34121988142996257
C_ROOKANDPAWNMOVEMENT:0.34121988142996257
C_CENTERCONTROL:0.5183103236722114
C_DEVELOPPIECES:0.5574879692503525
C_MATERIAL:0.4204380545275251
