ELO:1000
CE_PASSEDPAWNS:0.49710913144309515
CE_PAWNWEAKNESSES:0.5082216320754772
CE_PIECEACTIVITY:0.5345206986537447
CE_KINGPAWNSHIELD:0.4867082086208509
CE_PIECECOORDINATION:0.5
CE_MATERIAL:0.5104035811770442
CE_KINGSAFETY:0.5226288780170462
C_PIECESQUARETABLES:0.5024996875901412
C_MOBILITY:0.493632187362595
C_KINGSAFETY:0.5103739367890984
C_PAWNSTRUCTURE:0.5
C_PIECECOORDINATION:0.4803323809757015
C_ROOKANDPAWNMOVEMENT:0.4803323809757015
C_CENTERCONTROL:0.5116446671290602
C_DEVELOPPIECES:0.4893981628012161
C_MATERIAL:0.49497640318186586
