ELO:961
CE_PASSEDPAWNS:0.4799087933693086
CE_PAWNWEAKNESSES:0.5193358642684561
CE_PIECEACTIVITY:0.4837596187788739
CE_KINGPAWNSHIELD:0.4955962312260628
CE_PIECECOORDINATION:0.502698183387841
CE_MATERIAL:0.5089641024048954
CE_KINGSAFETY:0.5110718168871163
C_PIECESQUARETABLES:0.5153751607696884
C_MOBILITY:0.4863247668107826
C_KINGSAFETY:0.4942344669612312
C_PAWNSTRUCTURE:0.47554450234193507
C_PIECECOORDINATION:0.5160788003141135
C_ROOKANDPAWNMOVEMENT:0.5160788003141135
C_CENTERCONTROL:0.4896474662569331
C_DEVELOPPIECES:0.5085882515370905
C_MATERIAL:0.4874124004582062
C_MOVECOUNT:0.5130683645860338
