ELO:906
CE_PASSEDPAWNS:0.5053127833214726
CE_PAWNWEAKNESSES:0.45085805182806565
CE_PIECEACTIVITY:0.49793273012566824
CE_KINGPAWNSHIELD:0.49477598356171143
CE_PIECECOORDINATION:0.5114361555477969
CE_MATERIAL:0.5210601943299782
CE_KINGSAFETY:0.4909689035446152
C_PIECESQUARETABLES:0.4655614795461356
C_MOBILITY:0.4818631069458037
C_KINGSAFETY:0.5195084510875886
C_PAWNSTRUCTURE:0.5583352632722587
C_PIECECOORDINATION:0.5049598151380393
C_ROOKANDPAWNMOVEMENT:0.5049598151380393
C_CENTERCONTROL:0.4927683956452228
C_DEVELOPPIECES:0.4909538161008706
C_MATERIAL:0.5545407580933183
C_MOVECOUNT:0.5
