ELO:859
CE_PASSEDPAWNS:0.3604713876324281
CE_PAWNWEAKNESSES:0.4577849356502233
CE_PIECEACTIVITY:0.5486064851186002
CE_KINGPAWNSHIELD:0.434849675578183
CE_PIECECOORDINATION:0.3878893881742671
CE_MATERIAL:0.4405746574112152
CE_KINGSAFETY:0.43665650429136815
C_PIECESQUARETABLES:0.46436976843969036
C_MOBILITY:0.564643691114747
C_KINGSAFETY:0.5422473391621218
C_PAWNSTRUCTURE:0.4559138775248045
C_PIECECOORDINATION:0.5348474202998309
C_ROOKANDPAWNMOVEMENT:0.5348474202998309
C_CENTERCONTROL:0.49844406955732923
C_DEVELOPPIECES:0.6824290026395547
C_MATERIAL:0.42197963091459906
