ELO:976
CE_PASSEDPAWNS:0.5413813672361164
CE_PAWNWEAKNESSES:0.41886090196637255
CE_PIECEACTIVITY:0.5669517020013257
CE_KINGPAWNSHIELD:0.5448165567223607
CE_PIECECOORDINATION:0.46876335668529406
CE_MATERIAL:0.37153659481042417
CE_KINGSAFETY:0.5109832472676954
C_PIECESQUARETABLES:0.45449211221638813
C_MOBILITY:0.5511570212529509
C_KINGSAFETY:0.5011868571283137
C_PAWNSTRUCTURE:0.5036592782168838
C_PIECECOORDINATION:0.5904018553942337
C_ROOKANDPAWNMOVEMENT:0.5904018553942337
C_CENTERCONTROL:0.49676737804786003
C_DEVELOPPIECES:0.5270770601998571
C_MATERIAL:0.5271974377006907
