ELO:1000
CE_PASSEDPAWNS:0.49795936449946854
CE_PAWNWEAKNESSES:0.48995064914362785
CE_PIECEACTIVITY:0.46668081803987216
CE_KINGPAWNSHIELD:0.5273475710048233
CE_PIECECOORDINATION:0.49881348493622196
CE_MATERIAL:0.5048169665514557
CE_KINGSAFETY:0.5142438053164814
C_PIECESQUARETABLES:0.4222353286498149
C_MOBILITY:0.48908089979896685
C_KINGSAFETY:0.4430588264279109
C_PAWNSTRUCTURE:0.5188867651708275
C_PIECECOORDINATION:0.49621096608387927
C_ROOKANDPAWNMOVEMENT:0.49621096608387927
C_CENTERCONTROL:0.4718357696543074
C_DEVELOPPIECES:0.4674761056264467
C_MATERIAL:0.5029652573764141
