ELO:1013
CE_PASSEDPAWNS:0.5107961514303412
CE_PAWNWEAKNESSES:0.5131400704388956
CE_PIECEACTIVITY:0.5104434148758931
CE_KINGPAWNSHIELD:0.4968018936044546
CE_PIECECOORDINATION:0.4908512786524617
CE_MATERIAL:0.49072364012201547
CE_KINGSAFETY:0.5
C_PIECESQUARETABLES:0.5
C_MOBILITY:0.48720210075160986
C_KINGSAFETY:0.47663303188437883
C_PAWNSTRUCTURE:0.5024445288429544
C_PIECECOORDINATION:0.5379941532924536
C_ROOK:0.4886227711790178
CE_ROOK:0.4946626148878957
C_CENTERCONTROL:0.46592307703464025
C_DEVELOPPIECES:0.4848943518283027
C_MATERIAL:0.47893279485020873
C_MOVECOUNT:0.5158605809478398
C_PAWNMOVEMENT:0.48893630916012565
