ELO:982
CE_PASSEDPAWNS:0.495643364379829
CE_PAWNWEAKNESSES:0.5092295518773727
CE_PIECEACTIVITY:0.5002979940327072
CE_KINGPAWNSHIELD:0.49563590073885117
CE_PIECECOORDINATION:0.5103545781582811
CE_MATERIAL:0.48363336573610033
CE_KINGSAFETY:0.48469246221878715
C_PIECESQUARETABLES:0.5045162806553365
C_MOBILITY:0.4945950895882438
C_KINGSAFETY:0.5190757391176418
C_PAWNSTRUCTURE:0.49770336716371777
C_PIECECOORDINATION:0.48592609645564444
C_ROOKANDPAWNMOVEMENT:0.48592609645564444
C_CENTERCONTROL:0.4941394359945639
C_DEVELOPPIECES:0.4909775664959982
C_MATERIAL:0.5087215890396469
C_MOVECOUNT:0.5
