ELO:983
CE_PASSEDPAWNS:0.49998537282627664
CE_PAWNWEAKNESSES:0.49980589606097403
CE_PIECEACTIVITY:0.5128409583604915
CE_KINGPAWNSHIELD:0.5107923567482057
CE_PIECECOORDINATION:0.5026234285496076
CE_MATERIAL:0.49826675981698254
CE_KINGSAFETY:0.48821243233452377
C_PIECESQUARETABLES:0.5
C_MOBILITY:0.4840701165601854
C_KINGSAFETY:0.5235457369963755
C_PAWNSTRUCTURE:0.4877211438988972
C_PIECECOORDINATION:0.4772679608433942
C_ROOK:0.501276937388392
CE_ROOK:0.5108056098386401
C_CENTERCONTROL:0.4646696933152871
C_DEVELOPPIECES:0.507849194541683
C_MATERIAL:0.521620934607245
C_MOVECOUNT:0.4753000985334712
C_PAWNMOVEMENT:0.47987234053637556
