ELO:907
CE_PASSEDPAWNS:0.4837856318512381
CE_PAWNWEAKNESSES:0.5625691462793418
CE_PIECEACTIVITY:0.5209991121328338
CE_KINGPAWNSHIELD:0.44122097098844704
CE_PIECECOORDINATION:0.5518955219532947
CE_MATERIAL:0.45326667936085746
CE_KINGSAFETY:0.5109431144421283
C_PIECESQUARETABLES:0.5218578742612758
C_MOBILITY:0.4369956275208878
C_KINGSAFETY:0.4801961488901465
C_PAWNSTRUCTURE:0.5654742195272774
C_PIECECOORDINATION:0.563671085067206
C_ROOKANDPAWNMOVEMENT:0.563671085067206
C_CENTERCONTROL:0.4554670812051836
C_DEVELOPPIECES:0.5525483880195894
C_MATERIAL:0.4636241573167963
