ELO:817
CE_PASSEDPAWNS:0.4564468793417577
CE_PAWNWEAKNESSES:0.5856852408124782
CE_PIECEACTIVITY:0.3591756646120419
CE_KINGPAWNSHIELD:0.6182915456776238
CE_PIECECOORDINATION:0.47666398945562516
CE_MATERIAL:0.5570519850215703
CE_KINGSAFETY:0.5142949253824805
C_PIECESQUARETABLES:0.47849363486014024
C_MOBILITY:0.4492840214487453
C_KINGSAFETY:0.41349093083992733
C_PAWNSTRUCTURE:0.5402304299207862
C_PIECECOORDINATION:0.46542838679969994
C_ROOKANDPAWNMOVEMENT:0.46542838679969994
C_CENTERCONTROL:0.5529202856211208
C_DEVELOPPIECES:0.43775892751167106
C_MATERIAL:0.4706938382618757
