ELO:1000
CE_PASSEDPAWNS:0.4928382312703614
CE_PAWNWEAKNESSES:0.5
CE_PIECEACTIVITY:0.48763538527515
CE_KINGPAWNSHIELD:0.5085018934646464
CE_PIECECOORDINATION:0.490688700332005
CE_MATERIAL:0.5
CE_KINGSAFETY:0.5
C_PIECESQUARETABLES:0.5
C_MOBILITY:0.5
C_KINGSAFETY:0.5
C_PAWNSTRUCTURE:0.5
C_PIECECOORDINATION:0.5
C_ROOK:0.49600301532825913
CE_ROOK:0.5
C_CENTERCONTROL:0.5052080022524044
C_DEVELOPPIECES:0.4922512195632383
C_MATERIAL:0.49422714952389163
C_MOVECOUNT:0.5
C_PAWNMOVEMENT:0.49932596764237597
