ELO:1057
CE_PASSEDPAWNS:0.5013787131414988
CE_PAWNWEAKNESSES:0.5121927572378715
CE_PIECEACTIVITY:0.5001184731529964
CE_KINGPAWNSHIELD:0.5218379005100966
CE_PIECECOORDINATION:0.5080081785316549
CE_MATERIAL:0.5055101039910281
CE_KINGSAFETY:0.5
C_PIECESQUARETABLES:0.5
C_MOBILITY:0.5209840840061878
C_KINGSAFETY:0.5038692944332201
C_PAWNSTRUCTURE:0.512463646202381
C_PIECECOORDINATION:0.48976558366580203
C_ROOK:0.495730630112547
CE_ROOK:0.47873097011169324
C_CENTERCONTROL:0.4975115328985506
C_DEVELOPPIECES:0.5098361739591123
C_MATERIAL:0.5126455007579979
C_MOVECOUNT:0.5077527861775265
C_PAWNMOVEMENT:0.5260459540625663
