ELO:925
CE_PASSEDPAWNS:0.5624668581158516
CE_PAWNWEAKNESSES:0.40074414379379897
CE_PIECEACTIVITY:0.35302280432603744
CE_KINGPAWNSHIELD:0.49238450692478225
CE_PIECECOORDINATION:0.44331000166364115
CE_MATERIAL:0.5049031939818921
CE_KINGSAFETY:0.5294150870278033
C_PIECESQUARETABLES:0.4440092179368171
C_MOBILITY:0.4503683748804944
C_KINGSAFETY:0.35840654103670216
C_PAWNSTRUCTURE:0.43638733007227987
C_PIECECOORDINATION:0.5400900918568395
C_ROOKANDPAWNMOVEMENT:0.5400900918568395
C_CENTERCONTROL:0.4523666301122968
C_DEVELOPPIECES:0.45985590967429213
C_MATERIAL:0.4349029573317579
