ELO:973
CE_PASSEDPAWNS:0.5340614050109841
CE_PAWNWEAKNESSES:0.4874676732574103
CE_PIECEACTIVITY:0.5512812893970684
CE_KINGPAWNSHIELD:0.4636655445871245
CE_PIECECOORDINATION:0.5080437908368042
CE_MATERIAL:0.506793841534987
CE_KINGSAFETY:0.5
C_PIECESQUARETABLES:0.5125084435634643
C_MOBILITY:0.4735062829445813
C_KINGSAFETY:0.5161785649391364
C_PAWNSTRUCTURE:0.5151303108850701
C_PIECECOORDINATION:0.46798586758274907
C_ROOKANDPAWNMOVEMENT:0.46798586758274907
C_CENTERCONTROL:0.46504457497281726
C_DEVELOPPIECES:0.48153452082175774
C_MATERIAL:0.42160224765855525
