ELO:952
CE_PASSEDPAWNS:0.4491984912084805
CE_PAWNWEAKNESSES:0.49653040872571164
CE_PIECEACTIVITY:0.5371592504270148
CE_KINGPAWNSHIELD:0.4486829144594359
CE_PIECECOORDINATION:0.5690487147843764
CE_MATERIAL:0.482648051303706
CE_KINGSAFETY:0.5
C_PIECESQUARETABLES:0.5230029996923895
C_MOBILITY:0.4407876561919552
C_KINGSAFETY:0.5045831300950397
C_PAWNSTRUCTURE:0.47281372613495787
C_PIECECOORDINATION:0.4636714777856465
C_ROOKANDPAWNMOVEMENT:0.4636714777856465
C_CENTERCONTROL:0.5649205534514191
C_DEVELOPPIECES:0.4970395660894509
C_MATERIAL:0.5059900543409627
C_MOVECOUNT:0.5360777540363668
