ELO:943
CE_PASSEDPAWNS:0.4979054354407601
CE_PAWNWEAKNESSES:0.4973633897481574
CE_PIECEACTIVITY:0.45818556404386196
CE_KINGPAWNSHIELD:0.5311258291788835
CE_PIECECOORDINATION:0.526923159421733
CE_MATERIAL:0.49950430887227354
CE_KINGSAFETY:0.5251920098883883
C_PIECESQUARETABLES:0.4568907754185422
C_MOBILITY:0.4952767670080874
C_KINGSAFETY:0.5080106378607677
C_PAWNSTRUCTURE:0.5251651133203012
C_PIECECOORDINATION:0.5160640821865868
C_ROOKANDPAWNMOVEMENT:0.5160640821865868
C_CENTERCONTROL:0.4755154953193946
C_DEVELOPPIECES:0.43141368578632255
C_MATERIAL:0.5041097105569392
C_MOVECOUNT:0.5
