ELO:908
CE_PASSEDPAWNS:0.48966579778707553
CE_PAWNWEAKNESSES:0.5471577921884362
CE_PIECEACTIVITY:0.5206124715019983
CE_KINGPAWNSHIELD:0.4558704810672545
CE_PIECECOORDINATION:0.5677543922750572
CE_MATERIAL:0.46303493943921303
CE_KINGSAFETY:0.4841952766177
C_PIECESQUARETABLES:0.525040729130082
C_MOBILITY:0.44226732882403585
C_KINGSAFETY:0.48173900397984637
C_PAWNSTRUCTURE:0.5347322426994559
C_PIECECOORDINATION:0.5631033658278948
C_ROOKANDPAWNMOVEMENT:0.5631033658278948
C_CENTERCONTROL:0.47007543679393227
C_DEVELOPPIECES:0.5281275936481179
C_MATERIAL:0.4709337041676728
