ELO:998
CE_PASSEDPAWNS:0.49391965257626197
CE_PAWNWEAKNESSES:0.4871207369913077
CE_PIECEACTIVITY:0.49444572112506174
CE_KINGPAWNSHIELD:0.47734569184025083
CE_PIECECOORDINATION:0.5209806095860022
CE_MATERIAL:0.4785376211180258
CE_KINGSAFETY:0.4949392220739091
C_PIECESQUARETABLES:0.5209666433812071
C_MOBILITY:0.5080443031900151
C_KINGSAFETY:0.5266219372205012
C_PAWNSTRUCTURE:0.5
C_PIECECOORDINATION:0.45750681799121495
C_ROOKANDPAWNMOVEMENT:0.45750681799121495
C_CENTERCONTROL:0.4750590818385355
C_DEVELOPPIECES:0.5282963345958992
C_MATERIAL:0.4631418055548471
C_MOVECOUNT:0.5
