ELO:985
CE_PASSEDPAWNS:0.518088422726827
CE_PAWNWEAKNESSES:0.4744969288947695
CE_PIECEACTIVITY:0.5492007189562428
CE_KINGPAWNSHIELD:0.4206455680408559
CE_PIECECOORDINATION:0.527051092526462
CE_MATERIAL:0.5201088446457427
CE_KINGSAFETY:0.5422268324755272
C_PIECESQUARETABLES:0.47912665514104047
C_MOBILITY:0.493272268417585
C_KINGSAFETY:0.5158718843994892
C_PAWNSTRUCTURE:0.5486485844540195
C_PIECECOORDINATION:0.4774596699139124
C_ROOKANDPAWNMOVEMENT:0.4774596699139124
C_CENTERCONTROL:0.4637757980389652
C_DEVELOPPIECES:0.4824186527273925
C_MATERIAL:0.40911086105820993
