ELO:987
CE_PASSEDPAWNS:0.38799702812156156
CE_PAWNWEAKNESSES:0.4449176979510626
CE_PIECEACTIVITY:0.5055534717583172
CE_KINGPAWNSHIELD:0.500588528811629
CE_PIECECOORDINATION:0.615492259180201
CE_MATERIAL:0.4139880224927542
CE_KINGSAFETY:0.47957277172680635
C_PIECESQUARETABLES:0.5
C_MOBILITY:0.6106431556756368
C_KINGSAFETY:0.5699364132155544
C_PAWNSTRUCTURE:0.49156655686457373
C_PIECECOORDINATION:0.6135308168497035
C_ROOKANDPAWNMOVEMENT:0.6135308168497035
C_CENTERCONTROL:0.38608198260743726
C_DEVELOPPIECES:0.4791615889907127
C_MATERIAL:0.5822714204080871
