ELO:929
CE_PASSEDPAWNS:0.5149288250579603
CE_PAWNWEAKNESSES:0.5253410170429479
CE_PIECEACTIVITY:0.5426611657949106
CE_KINGPAWNSHIELD:0.473023557820762
CE_PIECECOORDINATION:0.5586594920554361
CE_MATERIAL:0.478357813931724
CE_KINGSAFETY:0.5131694470215467
C_PIECESQUARETABLES:0.5324943425834888
C_MOBILITY:0.45585187238237307
C_KINGSAFETY:0.5102563904696679
C_PAWNSTRUCTURE:0.5078633167076618
C_PIECECOORDINATION:0.5350785631846724
C_ROOKANDPAWNMOVEMENT:0.5350785631846724
C_CENTERCONTROL:0.4513450607363029
C_DEVELOPPIECES:0.5419570104493737
C_MATERIAL:0.4602542802110956
