ELO:1031
CE_PASSEDPAWNS:0.48944242815961686
CE_PAWNWEAKNESSES:0.5089050830315284
CE_PIECEACTIVITY:0.49556685037013515
CE_KINGPAWNSHIELD:0.5
CE_PIECECOORDINATION:0.5067730976131555
CE_MATERIAL:0.4775750740388604
CE_KINGSAFETY:0.5
C_PIECESQUARETABLES:0.5
C_MOBILITY:0.5027895105486977
C_KINGSAFETY:0.49418693488300064
C_PAWNSTRUCTURE:0.5
C_PIECECOORDINATION:0.5330439623367109
C_ROOK:0.5119277527766181
CE_ROOK:0.4863324650030785
C_CENTERCONTROL:0.5051137245676748
C_DEVELOPPIECES:0.4961452687840419
C_MATERIAL:0.47370363161998413
C_MOVECOUNT:0.47689802817489824
C_PAWNMOVEMENT:0.49912436464649584
