ELO:993
CE_PASSEDPAWNS:0.5037473903302028
CE_PAWNWEAKNESSES:0.48145586515788596
CE_PIECEACTIVITY:0.4576607306087017
CE_KINGPAWNSHIELD:0.5009532458376441
CE_PIECECOORDINATION:0.4903581243828067
CE_MATERIAL:0.48558433606963897
CE_KINGSAFETY:0.5
C_PIECESQUARETABLES:0.5
C_MOBILITY:0.525877598042396
C_KINGSAFETY:0.47719324272971314
C_PAWNSTRUCTURE:0.4787336599613985
C_PIECECOORDINATION:0.5337452573437563
C_ROOK:0.482050619793673
CE_ROOK:0.48332193206982976
C_CENTERCONTROL:0.44787797608847846
C_DEVELOPPIECES:0.4827476482380969
C_MATERIAL:0.5004209929277434
C_MOVECOUNT:0.4857680172518808
C_PAWNMOVEMENT:0.4890726682780991
