ELO:995
CE_PASSEDPAWNS:0.4778775246407327
CE_PAWNWEAKNESSES:0.49700010940072165
CE_PIECEACTIVITY:0.5147738312247219
CE_KINGPAWNSHIELD:0.5062572866036095
CE_PIECECOORDINATION:0.4912393934584954
CE_MATERIAL:0.5024922298471148
CE_KINGSAFETY:0.5
C_PIECESQUARETABLES:0.5
C_MOBILITY:0.5178074665505891
C_KINGSAFETY:0.5028292516083968
C_PAWNSTRUCTURE:0.5359318020701782
C_PIECECOORDINATION:0.5
C_ROOK:0.4888618700137442
CE_ROOK:0.49134650467698565
C_CENTERCONTROL:0.49451631012463787
C_DEVELOPPIECES:0.48870942002576345
C_MATERIAL:0.5121962639220392
C_MOVECOUNT:0.4939827515543085
C_PAWNMOVEMENT:0.5452212007611059
