ELO:934
CE_PASSEDPAWNS:0.5294819858896248
CE_PAWNWEAKNESSES:0.48914077041152254
CE_PIECEACTIVITY:0.49882342310191774
CE_KINGPAWNSHIELD:0.4957129128016171
CE_PIECECOORDINATION:0.5262150258907419
CE_MATERIAL:0.5289791685636913
CE_KINGSAFETY:0.4717269432087559
C_PIECESQUARETABLES:0.49479794639457697
C_MOBILITY:0.46268389986930025
C_KINGSAFETY:0.5238373812578051
C_PAWNSTRUCTURE:0.5124503492792718
C_PIECECOORDINATION:0.5197793316431966
C_ROOKANDPAWNMOVEMENT:0.5197793316431966
C_CENTERCONTROL:0.4851463656776524
C_DEVELOPPIECES:0.49762201647304033
C_MATERIAL:0.49340128974963127
C_MOVECOUNT:0.5
