ELO:1007
CE_PASSEDPAWNS:0.519491804661038
CE_PAWNWEAKNESSES:0.5174219070076533
CE_PIECEACTIVITY:0.5016245473231088
CE_KINGPAWNSHIELD:0.5062572866036095
CE_PIECECOORDINATION:0.5053223456183804
CE_MATERIAL:0.5024922298471148
CE_KINGSAFETY:0.5
C_PIECESQUARETABLES:0.5
C_MOBILITY:0.5446054300523895
C_KINGSAFETY:0.49861860869754215
C_PAWNSTRUCTURE:0.5206221487950914
C_PIECECOORDINATION:0.5370680117419625
C_ROOK:0.4888618700137442
CE_ROOK:0.49134650467698565
C_CENTERCONTROL:0.4793325505168307
C_DEVELOPPIECES:0.48870942002576345
C_MATERIAL:0.5090964740507613
C_MOVECOUNT:0.5097475948095455
C_PAWNMOVEMENT:0.48444180846960017
