ELO:919
CE_PASSEDPAWNS:0.5323095162847578
CE_PAWNWEAKNESSES:0.4962858372411928
CE_PIECEACTIVITY:0.49882342310191774
CE_KINGPAWNSHIELD:0.4944941173046527
CE_PIECECOORDINATION:0.5262150258907419
CE_MATERIAL:0.5289791685636913
CE_KINGSAFETY:0.4759491723502465
C_PIECESQUARETABLES:0.49029880486520194
C_MOBILITY:0.4567896017346161
C_KINGSAFETY:0.5238373812578051
C_PAWNSTRUCTURE:0.5195288275233582
C_PIECECOORDINATION:0.508231628483133
C_ROOKANDPAWNMOVEMENT:0.508231628483133
C_CENTERCONTROL:0.47950918473353255
C_DEVELOPPIECES:0.49346306942731155
C_MATERIAL:0.5002824666536481
C_MOVECOUNT:0.5
