ELO:955
CE_PASSEDPAWNS:0.5056446710594682
CE_PAWNWEAKNESSES:0.5222077250891325
CE_PIECEACTIVITY:0.5125828919063992
CE_KINGPAWNSHIELD:0.4828453195751181
CE_PIECECOORDINATION:0.46441047883183106
CE_MATERIAL:0.4767986122634352
CE_KINGSAFETY:0.4809940052153274
C_PIECESQUARETABLES:0.49438453510766267
C_MOBILITY:0.48585339362391533
C_KINGSAFETY:0.5385639228174479
C_PAWNSTRUCTURE:0.4908728947803049
C_PIECECOORDINATION:0.5227197852073963
C_ROOK:0.4860965500329171
CE_ROOK:0.4932602490173661
C_CENTERCONTROL:0.4853870361721201
C_DEVELOPPIECES:0.518820426418251
C_MATERIAL:0.4774546619252616
C_MOVECOUNT:0.46971410978868283
C_PAWNMOVEMENT:0.5172909593756908
