ELO:983
CE_PASSEDPAWNS:0.5219882693018028
CE_PAWNWEAKNESSES:0.49700010940072165
CE_PIECEACTIVITY:0.497703868742837
CE_KINGPAWNSHIELD:0.5107923567482057
CE_PIECECOORDINATION:0.508749282496272
CE_MATERIAL:0.47471549401862834
CE_KINGSAFETY:0.4898224152821381
C_PIECESQUARETABLES:0.5
C_MOBILITY:0.5178074665505891
C_KINGSAFETY:0.49300306790806625
C_PAWNSTRUCTURE:0.547883678180072
C_PIECECOORDINATION:0.5
C_ROOK:0.5426140210063214
CE_ROOK:0.5108056098386401
C_CENTERCONTROL:0.4966853808054438
C_DEVELOPPIECES:0.501679801712066
C_MATERIAL:0.5230681150978677
C_MOVECOUNT:0.5135844700901999
C_PAWNMOVEMENT:0.4956368333243179
