ELO:886
CE_PASSEDPAWNS:0.5
CE_PAWNWEAKNESSES:0.4961736570821138
CE_PIECEACTIVITY:0.48198617886554573
CE_KINGPAWNSHIELD:0.4717089434956077
CE_PIECECOORDINATION:0.5425325060888897
CE_MATERIAL:0.45069031214210264
CE_KINGSAFETY:0.579530644919784
C_PIECESQUARETABLES:0.44994259086770244
C_MOBILITY:0.5521177811191679
C_KINGSAFETY:0.5526740091736844
C_PAWNSTRUCTURE:0.4988748607619655
C_PIECECOORDINATION:0.48367009239941644
C_ROOKANDPAWNMOVEMENT:0.48367009239941644
C_CENTERCONTROL:0.5672733093894031
C_DEVELOPPIECES:0.4594563469054387
C_MATERIAL:0.41491454075174866
C_MOVECOUNT:0.5
