ELO:895
CE_PASSEDPAWNS:0.44307472238490736
CE_PAWNWEAKNESSES:0.4826180329911412
CE_PIECEACTIVITY:0.5590688334343363
CE_KINGPAWNSHIELD:0.5724441127283075
CE_PIECECOORDINATION:0.5886045649027892
CE_MATERIAL:0.5838976736503069
CE_KINGSAFETY:0.5042356771656537
C_PIECESQUARETABLES:0.4936416845505589
C_MOBILITY:0.42792503941987925
C_KINGSAFETY:0.5922562570883515
C_PAWNSTRUCTURE:0.5636874270058124
C_PIECECOORDINATION:0.5302019241851811
C_ROOKANDPAWNMOVEMENT:0.5302019241851811
C_CENTERCONTROL:0.4458495928008343
C_DEVELOPPIECES:0.5699785176694185
C_MATERIAL:0.48205699849314365
