ELO:984
CE_PASSEDPAWNS:0.50091227150492
CE_PAWNWEAKNESSES:0.5
CE_PIECEACTIVITY:0.4898913192796394
CE_KINGPAWNSHIELD:0.4985308256834483
CE_PIECECOORDINATION:0.5125801081616079
CE_MATERIAL:0.49276906800096165
CE_KINGSAFETY:0.48853632774110567
C_PIECESQUARETABLES:0.5000933353877113
C_MOBILITY:0.5121176102422651
C_KINGSAFETY:0.5106017308315607
C_PAWNSTRUCTURE:0.5096547321172772
C_PIECECOORDINATION:0.5
C_ROOKANDPAWNMOVEMENT:0.5
C_CENTERCONTROL:0.48960300326457334
C_DEVELOPPIECES:0.49115877779563827
C_MATERIAL:0.5
