ELO:1000
CE_PASSEDPAWNS:0.5500786431152234
CE_PAWNWEAKNESSES:0.4595560158504031
CE_PIECEACTIVITY:0.5272631236487917
CE_KINGPAWNSHIELD:0.42470060535331666
CE_PIECECOORDINATION:0.5059284130419565
CE_MATERIAL:0.5207864927993094
CE_KINGSAFETY:0.5283449658126911
C_PIECESQUARETABLES:0.4953350648224997
C_MOBILITY:0.5280548587118596
C_KINGSAFETY:0.49218080285887744
C_PAWNSTRUCTURE:0.5544458581402267
C_PIECECOORDINATION:0.508057338918236
C_ROOKANDPAWNMOVEMENT:0.508057338918236
C_CENTERCONTROL:0.48005254579880197
C_DEVELOPPIECES:0.5148439678825563
C_MATERIAL:0.4244132829995444
