ELO:1000
CE_PASSEDPAWNS:0.4953696858177597
CE_PAWNWEAKNESSES:0.45566236781371
CE_PIECEACTIVITY:0.5073916372878399
CE_KINGPAWNSHIELD:0.516540442240959
CE_PIECECOORDINATION:0.5169734116821424
CE_MATERIAL:0.5129778943941583
CE_KINGSAFETY:0.49756160095943386
C_PIECESQUARETABLES:0.47997805437648716
C_MOBILITY:0.5014605153830797
C_KINGSAFETY:0.49256820268965357
C_PAWNSTRUCTURE:0.5042433894402018
C_PIECECOORDINATION:0.5421363404950015
C_ROOKANDPAWNMOVEMENT:0.5421363404950015
C_CENTERCONTROL:0.47981748117042805
C_DEVELOPPIECES:0.5539946358228874
C_MATERIAL:0.5041503518079703
