ELO:1050
CE_PASSEDPAWNS:0.5013787131414988
CE_PAWNWEAKNESSES:0.5089050830315284
CE_PIECEACTIVITY:0.5029766756247558
CE_KINGPAWNSHIELD:0.4863375406543566
CE_PIECECOORDINATION:0.5217953041539427
CE_MATERIAL:0.5061497732106206
CE_KINGSAFETY:0.5
C_PIECESQUARETABLES:0.5
C_MOBILITY:0.49505961881672944
C_KINGSAFETY:0.48783519659163055
C_PAWNSTRUCTURE:0.5
C_PIECECOORDINATION:0.5108897887253867
C_ROOK:0.4755938012153554
CE_ROOK:0.4863324650030785
C_CENTERCONTROL:0.5011855693911038
C_DEVELOPPIECES:0.49383403657542363
C_MATERIAL:0.5085119268006085
C_MOVECOUNT:0.5100972410037712
C_PAWNMOVEMENT:0.48185640040674094
