ELO:959
CE_PASSEDPAWNS:0.5124238847114754
CE_PAWNWEAKNESSES:0.48624080943225756
CE_PIECEACTIVITY:0.4400756733820957
CE_KINGPAWNSHIELD:0.49718796842833257
CE_PIECECOORDINATION:0.4485956125357362
CE_MATERIAL:0.4864678224114407
CE_KINGSAFETY:0.49218480235191525
C_PIECESQUARETABLES:0.5118234275672212
C_MOBILITY:0.5063253306900464
C_KINGSAFETY:0.49959222365660655
C_PAWNSTRUCTURE:0.4457391162774414
C_PIECECOORDINATION:0.4587464988413442
C_ROOKANDPAWNMOVEMENT:0.4587464988413442
C_CENTERCONTROL:0.5152406088756348
C_DEVELOPPIECES:0.5165989337399174
C_MATERIAL:0.48961976207647895
C_MOVECOUNT:0.5
