ELO:1001
CE_PASSEDPAWNS:0.4964035274200059
CE_PAWNWEAKNESSES:0.4609494894757653
CE_PIECEACTIVITY:0.5085570292080309
CE_KINGPAWNSHIELD:0.5387784513938707
CE_PIECECOORDINATION:0.5352336593769411
CE_MATERIAL:0.5708572678168256
CE_KINGSAFETY:0.48505999219563695
C_PIECESQUARETABLES:0.5014882285574813
C_MOBILITY:0.5146465294605715
C_KINGSAFETY:0.5110538058178995
C_PAWNSTRUCTURE:0.5186780584725355
C_PIECECOORDINATION:0.5757068177437765
C_ROOKANDPAWNMOVEMENT:0.5757068177437765
C_CENTERCONTROL:0.48293014417923186
C_DEVELOPPIECES:0.5667271619067669
C_MATERIAL:0.4544040705191526
