ELO:1000
CE_PASSEDPAWNS:0.4879236956788836
CE_PAWNWEAKNESSES:0.46052349190543235
CE_PIECEACTIVITY:0.48833611730953586
CE_KINGPAWNSHIELD:0.5365421424354281
CE_PIECECOORDINATION:0.5425447086100549
CE_MATERIAL:0.5347163506240012
CE_KINGSAFETY:0.500284740848988
C_PIECESQUARETABLES:0.517403131274398
C_MOBILITY:0.49720472307803837
C_KINGSAFETY:0.4696412250004312
C_PAWNSTRUCTURE:0.5005790690322093
C_PIECECOORDINATION:0.5748716178934651
C_ROOKANDPAWNMOVEMENT:0.5748716178934651
C_CENTERCONTROL:0.47631642845776195
C_DEVELOPPIECES:0.5495694962955828
C_MATERIAL:0.4992450378607029
