ELO:998
CE_PASSEDPAWNS:0.49874730203881007
CE_PAWNWEAKNESSES:0.4602845029973463
CE_PIECEACTIVITY:0.4929965261691582
CE_KINGPAWNSHIELD:0.5529425488996368
CE_PIECECOORDINATION:0.5163663200818187
CE_MATERIAL:0.5747036756889781
CE_KINGSAFETY:0.494481079466776
C_PIECESQUARETABLES:0.49545752289099587
C_MOBILITY:0.5098068447320676
C_KINGSAFETY:0.5423858734735788
C_PAWNSTRUCTURE:0.5572595983897868
C_PIECECOORDINATION:0.5459663962027395
C_ROOKANDPAWNMOVEMENT:0.5459663962027395
C_CENTERCONTROL:0.44511570821043295
C_DEVELOPPIECES:0.5958508417479362
C_MATERIAL:0.46174347393373805
