ELO:967
CE_PASSEDPAWNS:0.5071843668691942
CE_PAWNWEAKNESSES:0.5
CE_PIECEACTIVITY:0.5097542969747056
CE_KINGPAWNSHIELD:0.521403050767315
CE_PIECECOORDINATION:0.5034006166457857
CE_MATERIAL:0.5704177698227011
CE_KINGSAFETY:0.5152494973371851
C_PIECESQUARETABLES:0.5509503574116158
C_MOBILITY:0.5197592028106656
C_KINGSAFETY:0.5014552023317744
C_PAWNSTRUCTURE:0.486482278535456
C_PIECECOORDINATION:0.5012222017984921
C_ROOKANDPAWNMOVEMENT:0.5012222017984921
C_CENTERCONTROL:0.4664340880989496
C_DEVELOPPIECES:0.5090207433291198
C_MATERIAL:0.5025020938627188
C_MOVECOUNT:0.5
