ELO:1000
CE_PASSEDPAWNS:0.5050056861726884
CE_PAWNWEAKNESSES:0.5
CE_PIECEACTIVITY:0.49429262495218196
CE_KINGPAWNSHIELD:0.5070009561257396
CE_PIECECOORDINATION:0.5
CE_MATERIAL:0.5
CE_KINGSAFETY:0.5
C_PIECESQUARETABLES:0.5002560973198928
C_MOBILITY:0.5097821344738246
C_KINGSAFETY:0.5042917069712911
C_PAWNSTRUCTURE:0.49273791145235074
C_PIECECOORDINATION:0.5045764818331616
C_ROOKANDPAWNMOVEMENT:0.5045764818331616
C_CENTERCONTROL:0.49463284667538965
C_DEVELOPPIECES:0.5019947625667814
C_MATERIAL:0.5
