ELO:953
CE_PASSEDPAWNS:0.5226516751892798
CE_PAWNWEAKNESSES:0.4506077050176448
CE_PIECEACTIVITY:0.5515552353845894
CE_KINGPAWNSHIELD:0.4658544925035518
CE_PIECECOORDINATION:0.5493017566887379
CE_MATERIAL:0.5170155884015717
CE_KINGSAFETY:0.5012933114183854
C_PIECESQUARETABLES:0.5137276541463395
C_MOBILITY:0.47776436899639463
C_KINGSAFETY:0.4957447387313356
C_PAWNSTRUCTURE:0.5005999313896691
C_PIECECOORDINATION:0.48335193982966224
C_ROOKANDPAWNMOVEMENT:0.48335193982966224
C_CENTERCONTROL:0.43922340611670063
C_DEVELOPPIECES:0.47078945738485006
C_MATERIAL:0.4302011045294257
