ELO:930
CE_PASSEDPAWNS:0.49402763436131647
CE_PAWNWEAKNESSES:0.4844043204343188
CE_PIECEACTIVITY:0.5254307483700527
CE_KINGPAWNSHIELD:0.48602273137851654
CE_PIECECOORDINATION:0.5026799072702671
CE_MATERIAL:0.5221349567380996
CE_KINGSAFETY:0.4938723672250225
C_PIECESQUARETABLES:0.5
C_MOBILITY:0.5
C_KINGSAFETY:0.5062481771650003
C_PAWNSTRUCTURE:0.5227279678269113
C_PIECECOORDINATION:0.49632727897262274
C_ROOKANDPAWNMOVEMENT:0.49632727897262274
C_CENTERCONTROL:0.4998491280751346
C_DEVELOPPIECES:0.484559690441103
C_MATERIAL:0.49114160089210196
C_MOVECOUNT:0.5
