ELO:912
CE_PASSEDPAWNS:0.49160405592798684
CE_PAWNWEAKNESSES:0.5638020999537747
CE_PIECEACTIVITY:0.5986137804709682
CE_KINGPAWNSHIELD:0.45229660608459477
CE_PIECECOORDINATION:0.471734906041944
CE_MATERIAL:0.47879259558407095
CE_KINGSAFETY:0.505043624887395
C_PIECESQUARETABLES:0.49253972104441307
C_MOBILITY:0.5479688617418507
C_KINGSAFETY:0.5828907576275434
C_PAWNSTRUCTURE:0.5270135706454578
C_PIECECOORDINATION:0.4647478229298023
C_ROOKANDPAWNMOVEMENT:0.4647478229298023
C_CENTERCONTROL:0.5477578012654954
C_DEVELOPPIECES:0.5184647207359396
C_MATERIAL:0.4882150819090788
C_MOVECOUNT:0.5
