ELO:1012
CE_PASSEDPAWNS:0.5094635372391659
CE_PAWNWEAKNESSES:0.500794199158567
CE_PIECEACTIVITY:0.48480034545693235
CE_KINGPAWNSHIELD:0.49651369110174554
CE_PIECECOORDINATION:0.4900500436033938
CE_MATERIAL:0.4935610704943572
CE_KINGSAFETY:0.5
C_PIECESQUARETABLES:0.5
C_MOBILITY:0.5090763921469745
C_KINGSAFETY:0.48796062233264975
C_PAWNSTRUCTURE:0.4905779444039379
C_PIECECOORDINATION:0.5107036488164808
C_ROOK:0.49676126426404354
CE_ROOK:0.4954478263954286
C_CENTERCONTROL:0.4828510413168279
C_DEVELOPPIECES:0.4986031622740956
C_MATERIAL:0.49207381283421175
C_MOVECOUNT:0.4840793943582954
C_PAWNMOVEMENT:0.49521221761728357
