ELO:998
CE_PASSEDPAWNS:0.49216918537794124
CE_PAWNWEAKNESSES:0.49670020434547596
CE_PIECEACTIVITY:0.5093245014478782
CE_KINGPAWNSHIELD:0.5075123364813361
CE_PIECECOORDINATION:0.49635398874764286
CE_MATERIAL:0.5
CE_KINGSAFETY:0.5
C_PIECESQUARETABLES:0.510086339573124
C_MOBILITY:0.5
C_KINGSAFETY:0.4995350414935493
C_PAWNSTRUCTURE:0.506855560106389
C_PIECECOORDINATION:0.5
C_ROOK:0.5
CE_ROOK:0.5
C_CENTERCONTROL:0.5
C_DEVELOPPIECES:0.5
C_MATERIAL:0.48902891233203544
C_MOVECOUNT:0.4927699708053395
C_PAWNMOVEMENT:0.5096367503891157
