ELO:1096
CE_PASSEDPAWNS:0.6090997066866249
CE_PAWNWEAKNESSES:0.47724693035323507
CE_PIECEACTIVITY:0.5298419882560017
CE_KINGPAWNSHIELD:0.4957258049316349
CE_PIECECOORDINATION:0.49946929360935743
CE_MATERIAL:0.4083563811483675
CE_KINGSAFETY:0.5
C_PIECESQUARETABLES:0.5
C_MOBILITY:0.43561949191606064
C_KINGSAFETY:0.6037567806779218
C_PAWNSTRUCTURE:0.41040599071577993
C_PIECECOORDINATION:0.35328973080656084
C_ROOKANDPAWNMOVEMENT:0.35328973080656084
C_CENTERCONTROL:0.5046078805618175
C_DEVELOPPIECES:0.5626931598858773
C_MATERIAL:0.38641873556608036
