ELO:883
CE_PASSEDPAWNS:0.5229534170631626
CE_PAWNWEAKNESSES:0.5200234391125174
CE_PIECEACTIVITY:0.46609552869949283
CE_KINGPAWNSHIELD:0.45127328488492113
CE_PIECECOORDINATION:0.4672846701624976
CE_MATERIAL:0.46163970846623503
CE_KINGSAFETY:0.5258101211203108
C_PIECESQUARETABLES:0.44063501244238834
C_MOBILITY:0.4392644303066932
C_KINGSAFETY:0.5204147357257012
C_PAWNSTRUCTURE:0.5053696278584571
C_PIECECOORDINATION:0.529741235848251
C_ROOKANDPAWNMOVEMENT:0.529741235848251
C_CENTERCONTROL:0.5150034600609998
C_DEVELOPPIECES:0.49128072614035845
C_MATERIAL:0.5212925746407915
C_MOVECOUNT:0.521754178872181
