ELO:914
CE_PASSEDPAWNS:0.49767860701214645
CE_PAWNWEAKNESSES:0.5409810919143132
CE_PIECEACTIVITY:0.5330763409690127
CE_KINGPAWNSHIELD:0.473023557820762
CE_PIECECOORDINATION:0.5590894964283033
CE_MATERIAL:0.4639023858356009
CE_KINGSAFETY:0.5169074643653311
C_PIECESQUARETABLES:0.5442648548374597
C_MOBILITY:0.44819755223492563
C_KINGSAFETY:0.4906484115252072
C_PAWNSTRUCTURE:0.5217228897745666
C_PIECECOORDINATION:0.5548135303554159
C_ROOKANDPAWNMOVEMENT:0.5548135303554159
C_CENTERCONTROL:0.46188895429646476
C_DEVELOPPIECES:0.5281275936481179
C_MATERIAL:0.46140926682113814
