ELO:1000
CE_PASSEDPAWNS:0.5319524571023014
CE_PAWNWEAKNESSES:0.4622346131100484
CE_PIECEACTIVITY:0.5239677581380136
CE_KINGPAWNSHIELD:0.44219473857323793
CE_PIECECOORDINATION:0.49444777832543
CE_MATERIAL:0.5196696873437867
CE_KINGSAFETY:0.5231675582974485
C_PIECESQUARETABLES:0.500866402046593
C_MOBILITY:0.5332508555698018
C_KINGSAFETY:0.4739302606951215
C_PAWNSTRUCTURE:0.5447517250389332
C_PIECECOORDINATION:0.5063938139733946
C_ROOKANDPAWNMOVEMENT:0.5063938139733946
C_CENTERCONTROL:0.48005254579880197
C_DEVELOPPIECES:0.5148439678825563
C_MATERIAL:0.4375729481824213
