ELO:1004
CE_PASSEDPAWNS:0.501414110817996
CE_PAWNWEAKNESSES:0.46873429429008673
CE_PIECEACTIVITY:0.506901506670334
CE_KINGPAWNSHIELD:0.5387784513938707
CE_PIECECOORDINATION:0.5350474930680903
CE_MATERIAL:0.5640910754668788
CE_KINGSAFETY:0.4908551461458432
C_PIECESQUARETABLES:0.52658590535554
C_MOBILITY:0.5107323458557887
C_KINGSAFETY:0.5128629224720087
C_PAWNSTRUCTURE:0.5088342202828338
C_PIECECOORDINATION:0.5842113753197807
C_ROOKANDPAWNMOVEMENT:0.5842113753197807
C_CENTERCONTROL:0.45492945245133404
C_DEVELOPPIECES:0.5618003024468939
C_MATERIAL:0.45999721152422657
