ELO:697
CE_PASSEDPAWNS:0.5209517077281585
CE_PAWNWEAKNESSES:0.5540855861769393
CE_PIECEACTIVITY:0.35294898791278684
CE_KINGPAWNSHIELD:0.46456378150571176
CE_PIECECOORDINATION:0.4817789838995256
CE_MATERIAL:0.5057209847352188
CE_KINGSAFETY:0.4833906139275395
C_PIECESQUARETABLES:0.4913094578124611
C_MOBILITY:0.46013178166115765
C_KINGSAFETY:0.5162462524100226
C_PAWNSTRUCTURE:0.5354316877076816
C_PIECECOORDINATION:0.5702005696044932
C_ROOKANDPAWNMOVEMENT:0.5702005696044932
C_CENTERCONTROL:0.4391701396046865
C_DEVELOPPIECES:0.5090638246296022
C_MATERIAL:0.519197193970209
C_MOVECOUNT:0.4692877183358476
