ELO:1008
CE_PASSEDPAWNS:0.5290013539298729
CE_PAWNWEAKNESSES:0.513316102629144
CE_PIECEACTIVITY:0.49354787647860815
CE_KINGPAWNSHIELD:0.48910981540645687
CE_PIECECOORDINATION:0.5037897556183167
CE_MATERIAL:0.5201789570661077
CE_KINGSAFETY:0.5
C_PIECESQUARETABLES:0.5
C_MOBILITY:0.48659007835124873
C_KINGSAFETY:0.5084518352635756
C_PAWNSTRUCTURE:0.46692593618093314
C_PIECECOORDINATION:0.5073957799051089
C_ROOK:0.5426734590129029
CE_ROOK:0.49463821876990005
C_CENTERCONTROL:0.4780860626445822
C_DEVELOPPIECES:0.4848943518283027
C_MATERIAL:0.5131654886357258
C_MOVECOUNT:0.49063625738625116
C_PAWNMOVEMENT:0.49808335392436087
