ELO:989
CE_PASSEDPAWNS:0.529365068087383
CE_PAWNWEAKNESSES:0.488220971920495
CE_PIECEACTIVITY:0.501942461277199
CE_KINGPAWNSHIELD:0.5034552378761844
CE_PIECECOORDINATION:0.5002614476420664
CE_MATERIAL:0.5010813735763364
CE_KINGSAFETY:0.5237933579061864
C_PIECESQUARETABLES:0.5
C_MOBILITY:0.5105897566035937
C_KINGSAFETY:0.520803120729068
C_PAWNSTRUCTURE:0.49949965743844005
C_PIECECOORDINATION:0.47656207738347306
C_ROOKANDPAWNMOVEMENT:0.47656207738347306
C_CENTERCONTROL:0.5020469622563828
C_DEVELOPPIECES:0.48399843575399215
C_MATERIAL:0.4929135120539448
C_MOVECOUNT:0.48252336884712105
