ELO:987
CE_PASSEDPAWNS:0.5
CE_PAWNWEAKNESSES:0.5
CE_PIECEACTIVITY:0.5
CE_KINGPAWNSHIELD:0.4901343386435335
CE_PIECECOORDINATION:0.5
CE_MATERIAL:0.4927082896719796
CE_KINGSAFETY:0.5
C_PIECESQUARETABLES:0.4864743200097103
C_MOBILITY:0.5
C_KINGSAFETY:0.5
C_PAWNSTRUCTURE:0.5
C_PIECECOORDINATION:0.5
C_ROOKANDPAWNMOVEMENT:0.5
C_CENTERCONTROL:0.5
C_DEVELOPPIECES:0.49614454123898927
C_MATERIAL:0.5
C_MOVECOUNT:0.5
