ELO:1009
CE_PASSEDPAWNS:0.5087701170339988
CE_PAWNWEAKNESSES:0.5
CE_PIECEACTIVITY:0.5
CE_KINGPAWNSHIELD:0.5
CE_PIECECOORDINATION:0.5
CE_MATERIAL:0.5007759753439189
CE_KINGSAFETY:0.5064752376089674
C_PIECESQUARETABLES:0.5215647363198932
C_MOBILITY:0.5
C_KINGSAFETY:0.49446615300256713
C_PAWNSTRUCTURE:0.47664286724993005
C_PIECECOORDINATION:0.5
C_ROOKANDPAWNMOVEMENT:0.5
C_CENTERCONTROL:0.5
C_DEVELOPPIECES:0.5
C_MATERIAL:0.49002737235940913
