ELO:954
CE_PASSEDPAWNS:0.4948895894847395
CE_PAWNWEAKNESSES:0.511574747174395
CE_PIECEACTIVITY:0.4958381054240842
CE_KINGPAWNSHIELD:0.5025427464481961
CE_PIECECOORDINATION:0.5
CE_MATERIAL:0.5133467132772037
CE_KINGSAFETY:0.49919526046007157
C_PIECESQUARETABLES:0.4908639751839764
C_MOBILITY:0.5039052085194692
C_KINGSAFETY:0.4897457958168407
C_PAWNSTRUCTURE:0.466994730277357
C_PIECECOORDINATION:0.5104455326426154
C_ROOKANDPAWNMOVEMENT:0.5104455326426154
C_CENTERCONTROL:0.5034603503179398
C_DEVELOPPIECES:0.4915327523329782
C_MATERIAL:0.5117587796956604
C_MOVECOUNT:0.4978706673879353
