ELO:987
CE_PASSEDPAWNS:0.5005708606834827
CE_PAWNWEAKNESSES:0.5135675944757166
CE_PIECEACTIVITY:0.499559482831675
CE_KINGPAWNSHIELD:0.5030487044064751
CE_PIECECOORDINATION:0.49918081668794084
CE_MATERIAL:0.4963853190812089
CE_KINGSAFETY:0.5
C_PIECESQUARETABLES:0.5
C_MOBILITY:0.4984543453004995
C_KINGSAFETY:0.4924340199403035
C_PAWNSTRUCTURE:0.5131569763254542
C_PIECECOORDINATION:0.5
C_ROOK:0.4969184401267111
CE_ROOK:0.5012663114703457
C_CENTERCONTROL:0.5
C_DEVELOPPIECES:0.5178212420320815
C_MATERIAL:0.5172023035744107
C_MOVECOUNT:0.4848233156954634
C_PAWNMOVEMENT:0.5
