ELO:927
CE_PASSEDPAWNS:0.5667831049767615
CE_PAWNWEAKNESSES:0.5173500974457044
CE_PIECEACTIVITY:0.4541388096441857
CE_KINGPAWNSHIELD:0.5452442472229888
CE_PIECECOORDINATION:0.42867872599241535
CE_MATERIAL:0.5490509197277087
CE_KINGSAFETY:0.5
C_PIECESQUARETABLES:0.4942068150482423
C_MOBILITY:0.4846758029729271
C_KINGSAFETY:0.48125553073342586
C_PAWNSTRUCTURE:0.5744408667418839
C_PIECECOORDINATION:0.6311515768638309
C_ROOKANDPAWNMOVEMENT:0.6311515768638309
C_CENTERCONTROL:0.4902430345660339
C_DEVELOPPIECES:0.5032474446885762
C_MATERIAL:0.5532231311036885
