ELO:1000
CE_PASSEDPAWNS:0.5470339392992398
CE_PAWNWEAKNESSES:0.5047388668562934
CE_PIECEACTIVITY:0.47605320051647765
CE_KINGPAWNSHIELD:0.5553822597594951
CE_PIECECOORDINATION:0.4595939086586234
CE_MATERIAL:0.4452455339674106
CE_KINGSAFETY:0.5
C_PIECESQUARETABLES:0.4968293299160004
C_MOBILITY:0.44151945435577294
C_KINGSAFETY:0.43881067072447255
C_PAWNSTRUCTURE:0.5334910556225203
C_PIECECOORDINATION:0.5550067165046063
C_ROOKANDPAWNMOVEMENT:0.5550067165046063
C_CENTERCONTROL:0.5118893902632643
C_DEVELOPPIECES:0.5490745036363979
C_MATERIAL:0.4799741787334203
