ELO:794
CE_PASSEDPAWNS:0.4364257021115056
CE_PAWNWEAKNESSES:0.6125697801413481
CE_PIECEACTIVITY:0.4073389931219392
CE_KINGPAWNSHIELD:0.5498272030441747
CE_PIECECOORDINATION:0.45296466540458324
CE_MATERIAL:0.5108074452671372
CE_KINGSAFETY:0.4508717838713757
C_PIECESQUARETABLES:0.4635017920087097
C_MOBILITY:0.537535563406
C_KINGSAFETY:0.5476345548151302
C_PAWNSTRUCTURE:0.5474808030979944
C_PIECECOORDINATION:0.4346461949218988
C_ROOKANDPAWNMOVEMENT:0.4346461949218988
C_CENTERCONTROL:0.5557277369600845
C_DEVELOPPIECES:0.4891716584108588
C_MATERIAL:0.5793937076236532
C_MOVECOUNT:0.5
