ELO:928
CE_PASSEDPAWNS:0.4723451264953782
CE_PAWNWEAKNESSES:0.5212721144897622
CE_PIECEACTIVITY:0.4799681826745025
CE_KINGPAWNSHIELD:0.4806077056733308
CE_PIECECOORDINATION:0.5015261622400186
CE_MATERIAL:0.4595447712461636
CE_KINGSAFETY:0.47121306813781927
C_PIECESQUARETABLES:0.4760702032091112
C_MOBILITY:0.5151838594298872
C_KINGSAFETY:0.4217941231670082
C_PAWNSTRUCTURE:0.44515418677274476
C_PIECECOORDINATION:0.4817686961556526
C_ROOKANDPAWNMOVEMENT:0.4817686961556526
C_CENTERCONTROL:0.49252087933223276
C_DEVELOPPIECES:0.4896260690592927
C_MATERIAL:0.47082576270461324
