ELO:906
CE_PASSEDPAWNS:0.5691892365412647
CE_PAWNWEAKNESSES:0.5125154638228996
CE_PIECEACTIVITY:0.43874284427796145
CE_KINGPAWNSHIELD:0.4777527990541644
CE_PIECECOORDINATION:0.4767380066450821
CE_MATERIAL:0.5076392836221155
CE_KINGSAFETY:0.5261977020745862
C_PIECESQUARETABLES:0.4435326528763622
C_MOBILITY:0.43347874874791315
C_KINGSAFETY:0.46320021548726364
C_PAWNSTRUCTURE:0.5930137915881403
C_PIECECOORDINATION:0.47523986097131043
C_ROOKANDPAWNMOVEMENT:0.47523986097131043
C_CENTERCONTROL:0.4672406550806811
C_DEVELOPPIECES:0.5207638813364822
C_MATERIAL:0.421075374130474
C_MOVECOUNT:0.4944980492822616
