ELO:1014
CE_PASSEDPAWNS:0.5
CE_PAWNWEAKNESSES:0.5
CE_PIECEACTIVITY:0.49675264649139755
CE_KINGPAWNSHIELD:0.5086051649109262
CE_PIECECOORDINATION:0.5028809183531123
CE_MATERIAL:0.5
CE_KINGSAFETY:0.5
C_PIECESQUARETABLES:0.5
C_MOBILITY:0.5051906369785958
C_KINGSAFETY:0.5084340699743664
C_PAWNSTRUCTURE:0.4869352477728516
C_PIECECOORDINATION:0.480846474573857
C_ROOKANDPAWNMOVEMENT:0.480846474573857
C_CENTERCONTROL:0.5
C_DEVELOPPIECES:0.5
C_MATERIAL:0.5
C_MOVECOUNT:0.4942965638371981
