ELO:1000
CE_PASSEDPAWNS:0.5238320413266576
CE_PAWNWEAKNESSES:0.5349989957168947
CE_PIECEACTIVITY:0.5025108895022391
CE_KINGPAWNSHIELD:0.4909024716531599
CE_PIECECOORDINATION:0.48767243262125815
CE_MATERIAL:0.4960297909718228
CE_KINGSAFETY:0.4761119617569318
C_PIECESQUARETABLES:0.49368448509256063
C_MOBILITY:0.48331509260999633
C_KINGSAFETY:0.4745206962785458
C_PAWNSTRUCTURE:0.4994766911153955
C_PIECECOORDINATION:0.4980233882279725
C_ROOKANDPAWNMOVEMENT:0.4980233882279725
C_CENTERCONTROL:0.5146040768292355
C_DEVELOPPIECES:0.49824522858573633
C_MATERIAL:0.500134618075348
