ELO:948
CE_PASSEDPAWNS:0.4672671124939933
CE_PAWNWEAKNESSES:0.5351784236782294
CE_PIECEACTIVITY:0.49466065122439984
CE_KINGPAWNSHIELD:0.4554270040631875
CE_PIECECOORDINATION:0.49283733468756563
CE_MATERIAL:0.49833302690317116
CE_KINGSAFETY:0.5105247244116259
C_PIECESQUARETABLES:0.5
C_MOBILITY:0.4800458569245843
C_KINGSAFETY:0.4978406320849709
C_PAWNSTRUCTURE:0.5353805258811202
C_PIECECOORDINATION:0.47351831515924
C_ROOK:0.4894256471447493
CE_ROOK:0.49523984459034853
C_CENTERCONTROL:0.49617729939245514
C_DEVELOPPIECES:0.49965160675801606
C_MATERIAL:0.46857939372642404
C_MOVECOUNT:0.5421779575084542
C_PAWNMOVEMENT:0.44199910489092537
