ELO:975
CE_PASSEDPAWNS:0.4956891165736332
CE_PAWNWEAKNESSES:0.5
CE_PIECEACTIVITY:0.5060959605808732
CE_KINGPAWNSHIELD:0.5283943654202103
CE_PIECECOORDINATION:0.514970361766403
CE_MATERIAL:0.5079965804671647
CE_KINGSAFETY:0.5327590786419382
C_PIECESQUARETABLES:0.5055606368600434
C_MOBILITY:0.4797265350232515
C_KINGSAFETY:0.4953139775081264
C_PAWNSTRUCTURE:0.5221339639369784
C_PIECECOORDINATION:0.492416265097181
C_ROOKANDPAWNMOVEMENT:0.492416265097181
C_CENTERCONTROL:0.5013295394428191
C_DEVELOPPIECES:0.5055419968307052
C_MATERIAL:0.520322371474521
C_MOVECOUNT:0.5
