ELO:987
CE_PASSEDPAWNS:0.5268087797952443
CE_PAWNWEAKNESSES:0.4800933337690732
CE_PIECEACTIVITY:0.5136528989944629
CE_KINGPAWNSHIELD:0.48027433482079523
CE_PIECECOORDINATION:0.47933247711247357
CE_MATERIAL:0.5189462280359065
CE_KINGSAFETY:0.4966640416575878
C_PIECESQUARETABLES:0.48476983745653773
C_MOBILITY:0.5958856215669749
C_KINGSAFETY:0.5218990173703816
C_PAWNSTRUCTURE:0.4983540414241624
C_PIECECOORDINATION:0.48608321301707247
C_ROOKANDPAWNMOVEMENT:0.48608321301707247
C_CENTERCONTROL:0.44976373640775136
C_DEVELOPPIECES:0.5127195639043547
C_MATERIAL:0.5660606380517241
