ELO:1000
CE_PASSEDPAWNS:0.5451528205770483
CE_PAWNWEAKNESSES:0.5379075036621644
CE_PIECEACTIVITY:0.4964321468923662
CE_KINGPAWNSHIELD:0.5406124972266292
CE_PIECECOORDINATION:0.4649475170945317
CE_MATERIAL:0.4639644242100143
CE_KINGSAFETY:0.4470268284439862
C_PIECESQUARETABLES:0.4850020578309175
C_MOBILITY:0.4418125585920158
C_KINGSAFETY:0.47515556155682764
C_PAWNSTRUCTURE:0.5068863338742517
C_PIECECOORDINATION:0.5112865587442504
C_ROOKANDPAWNMOVEMENT:0.5112865587442504
C_CENTERCONTROL:0.5357193602963382
C_DEVELOPPIECES:0.5328079003899303
C_MATERIAL:0.5151909477038205
