ELO:962
CE_PASSEDPAWNS:0.5543201046742998
CE_PAWNWEAKNESSES:0.47068302253227357
CE_PIECEACTIVITY:0.5594487491679137
CE_KINGPAWNSHIELD:0.49076305545146376
CE_PIECECOORDINATION:0.4571846958561162
CE_MATERIAL:0.5517839876911468
CE_KINGSAFETY:0.5
C_PIECESQUARETABLES:0.49092741854614624
C_MOBILITY:0.6074569365104033
C_KINGSAFETY:0.49045121897141114
C_PAWNSTRUCTURE:0.5310706486686597
C_PIECECOORDINATION:0.5138920493334956
C_ROOKANDPAWNMOVEMENT:0.5138920493334956
C_CENTERCONTROL:0.4481339332037307
C_DEVELOPPIECES:0.5107112191005135
C_MATERIAL:0.643124556390952
