ELO:1000
CE_PASSEDPAWNS:0.5055709589134414
CE_PAWNWEAKNESSES:0.5001269963490919
CE_PIECEACTIVITY:0.49325852525279196
CE_KINGPAWNSHIELD:0.45311128942318896
CE_PIECECOORDINATION:0.49922235978047025
CE_MATERIAL:0.4879947471189164
CE_KINGSAFETY:0.5084936035418182
C_PIECESQUARETABLES:0.5221320818632479
C_MOBILITY:0.49988301158259535
C_KINGSAFETY:0.5021250632885261
C_PAWNSTRUCTURE:0.4978657618169802
C_PIECECOORDINATION:0.5197219491420941
C_ROOKANDPAWNMOVEMENT:0.5197219491420941
C_CENTERCONTROL:0.5002173107783603
C_DEVELOPPIECES:0.5073859799229354
C_MATERIAL:0.5085023723703196
