ELO:990
CE_PASSEDPAWNS:0.39792981371987557
CE_PAWNWEAKNESSES:0.4449176979510626
CE_PIECEACTIVITY:0.5055534717583172
CE_KINGPAWNSHIELD:0.4969112771905379
CE_PIECECOORDINATION:0.6127841828647781
CE_MATERIAL:0.400610177452818
CE_KINGSAFETY:0.4791430278537054
C_PIECESQUARETABLES:0.49239407275185487
C_MOBILITY:0.6134515061320381
C_KINGSAFETY:0.564781451435885
C_PAWNSTRUCTURE:0.6291088583498949
C_PIECECOORDINATION:0.6219062452367227
C_ROOKANDPAWNMOVEMENT:0.6219062452367227
C_CENTERCONTROL:0.3775322398648958
C_DEVELOPPIECES:0.557162240340428
C_MATERIAL:0.5866564502930511
