ELO:763
CE_PASSEDPAWNS:0.5545825553762018
CE_PAWNWEAKNESSES:0.5149886531445436
CE_PIECEACTIVITY:0.4392732196467105
CE_KINGPAWNSHIELD:0.45648995221761957
CE_PIECECOORDINATION:0.4557210011446572
CE_MATERIAL:0.5270708198164383
CE_KINGSAFETY:0.527016056267295
C_PIECESQUARETABLES:0.4448715231770969
C_MOBILITY:0.435762137491466
C_KINGSAFETY:0.47010844913592453
C_PAWNSTRUCTURE:0.5490020726713536
C_PIECECOORDINATION:0.48425485342532776
C_ROOKANDPAWNMOVEMENT:0.48425485342532776
C_CENTERCONTROL:0.4751903063963114
C_DEVELOPPIECES:0.5215043997457305
C_MATERIAL:0.4416202610551435
C_MOVECOUNT:0.49009420209899024
