ELO:915
CE_PASSEDPAWNS:0.5960266511339181
CE_PAWNWEAKNESSES:0.5243205746000013
CE_PIECEACTIVITY:0.4249994428058023
CE_KINGPAWNSHIELD:0.5678232781153594
CE_PIECECOORDINATION:0.4576832178422674
CE_MATERIAL:0.5487019824873578
CE_KINGSAFETY:0.47792326320145295
C_PIECESQUARETABLES:0.48047313650836426
C_MOBILITY:0.5181942180939857
C_KINGSAFETY:0.48292167617036236
C_PAWNSTRUCTURE:0.5589116825331243
C_PIECECOORDINATION:0.6026168989150072
C_ROOKANDPAWNMOVEMENT:0.6026168989150072
C_CENTERCONTROL:0.4813902424019501
C_DEVELOPPIECES:0.5236610695359242
C_MATERIAL:0.5966186120073365
