ELO:1000
CE_PASSEDPAWNS:0.5380296026514532
CE_PAWNWEAKNESSES:0.5000510799092068
CE_PIECEACTIVITY:0.47810652850934554
CE_KINGPAWNSHIELD:0.526167633597518
CE_PIECECOORDINATION:0.4626817822580131
CE_MATERIAL:0.44677546131393747
CE_KINGSAFETY:0.49718077124353166
C_PIECESQUARETABLES:0.4955956062233717
C_MOBILITY:0.4479006421243148
C_KINGSAFETY:0.43881067072447255
C_PAWNSTRUCTURE:0.5260696864733511
C_PIECECOORDINATION:0.5456399379155559
C_ROOKANDPAWNMOVEMENT:0.5456399379155559
C_CENTERCONTROL:0.5118893902632643
C_DEVELOPPIECES:0.5337297716954554
C_MATERIAL:0.4892788690332349
