ELO:701
CE_PASSEDPAWNS:0.6053903902423496
CE_PAWNWEAKNESSES:0.5811722857883846
CE_PIECEACTIVITY:0.5342690759611324
CE_KINGPAWNSHIELD:0.531674032115338
CE_PIECECOORDINATION:0.5123282496418354
CE_MATERIAL:0.580660702312378
CE_KINGSAFETY:0.4983359267157984
C_PIECESQUARETABLES:0.4666048975696946
C_MOBILITY:0.5460260900907891
C_KINGSAFETY:0.6224492990803044
C_PAWNSTRUCTURE:0.5647794532922005
C_PIECECOORDINATION:0.45774515587920456
C_ROOKANDPAWNMOVEMENT:0.45774515587920456
C_CENTERCONTROL:0.6157862356746474
C_DEVELOPPIECES:0.47457792236453367
C_MATERIAL:0.5214910584219034
C_MOVECOUNT:0.5052307970212705
