ELO:986
CE_PASSEDPAWNS:0.4261611351373619
CE_PAWNWEAKNESSES:0.49955010529909966
CE_PIECEACTIVITY:0.41159485335858104
CE_KINGPAWNSHIELD:0.539450406576755
CE_PIECECOORDINATION:0.5309058576141573
CE_MATERIAL:0.49833302690317116
CE_KINGSAFETY:0.5
C_PIECESQUARETABLES:0.5
C_MOBILITY:0.4933586145113703
C_KINGSAFETY:0.5149273698185248
C_PAWNSTRUCTURE:0.5366480514499651
C_PIECECOORDINATION:0.5040139785423347
C_ROOK:0.47018773140057396
CE_ROOK:0.4937329323517055
C_CENTERCONTROL:0.526919927314315
C_DEVELOPPIECES:0.4843142030511024
C_MATERIAL:0.5011939301347549
C_MOVECOUNT:0.5036660823018904
C_PAWNMOVEMENT:0.501701173088018
