ELO:1000
CE_PASSEDPAWNS:0.4671754433161752
CE_PAWNWEAKNESSES:0.551639570220084
CE_PIECEACTIVITY:0.5176446943955553
CE_KINGPAWNSHIELD:0.4553731158152619
CE_PIECECOORDINATION:0.4901049262073637
CE_MATERIAL:0.4276368818198611
CE_KINGSAFETY:0.4736623143686871
C_PIECESQUARETABLES:0.49592462349550265
C_MOBILITY:0.5001299865204742
C_KINGSAFETY:0.501461347429397
C_PAWNSTRUCTURE:0.49870172284767045
C_PIECECOORDINATION:0.5149479342277307
C_ROOKANDPAWNMOVEMENT:0.5149479342277307
C_CENTERCONTROL:0.509097990823079
C_DEVELOPPIECES:0.4967684157745486
C_MATERIAL:0.4969681766371606
