ELO:971
CE_PASSEDPAWNS:0.506218464364995
CE_PAWNWEAKNESSES:0.5235925538145335
CE_PIECEACTIVITY:0.48181086245199406
CE_KINGPAWNSHIELD:0.4662276623944307
CE_PIECECOORDINATION:0.5121486163288301
CE_MATERIAL:0.5034813883251325
CE_KINGSAFETY:0.49703782189728807
C_PIECESQUARETABLES:0.507317080636431
C_MOBILITY:0.5003404902811893
C_KINGSAFETY:0.4689621815339273
C_PAWNSTRUCTURE:0.5345964404113713
C_PIECECOORDINATION:0.4981970918021996
C_ROOK:0.4744209908725255
CE_ROOK:0.5193439966583545
C_CENTERCONTROL:0.4755965726412441
C_DEVELOPPIECES:0.4968278524840384
C_MATERIAL:0.5241002788555997
C_MOVECOUNT:0.4546882607223462
C_PAWNMOVEMENT:0.5062220724372684
