ELO:953
CE_PASSEDPAWNS:0.5445384786216703
CE_PAWNWEAKNESSES:0.5016973273319069
CE_PIECEACTIVITY:0.45550679710548586
CE_KINGPAWNSHIELD:0.5424100359836262
CE_PIECECOORDINATION:0.45009163223401366
CE_MATERIAL:0.5094272250172553
CE_KINGSAFETY:0.4914012652612741
C_PIECESQUARETABLES:0.4831107606984807
C_MOBILITY:0.5220365023342103
C_KINGSAFETY:0.5268214881215239
C_PAWNSTRUCTURE:0.5461216058400631
C_PIECECOORDINATION:0.5833895104621046
C_ROOKANDPAWNMOVEMENT:0.5833895104621046
C_CENTERCONTROL:0.4743319615552232
C_DEVELOPPIECES:0.45699055259233756
C_MATERIAL:0.5480459408251451
