ELO:908
CE_PASSEDPAWNS:0.4995453733881517
CE_PAWNWEAKNESSES:0.5052888778285746
CE_PIECEACTIVITY:0.48301815784565616
CE_KINGPAWNSHIELD:0.5051974541859174
CE_PIECECOORDINATION:0.49328483274330487
CE_MATERIAL:0.5073411551885664
CE_KINGSAFETY:0.49665768669381427
C_PIECESQUARETABLES:0.4881438400311928
C_MOBILITY:0.49076690812725265
C_KINGSAFETY:0.5046499061337
C_PAWNSTRUCTURE:0.45662629161526685
C_PIECECOORDINATION:0.4969152414755981
C_ROOKANDPAWNMOVEMENT:0.4969152414755981
C_CENTERCONTROL:0.5314751760783204
C_DEVELOPPIECES:0.5157015115533343
C_MATERIAL:0.4747230472967941
C_MOVECOUNT:0.5
