ELO:973
CE_PASSEDPAWNS:0.4743134560211359
CE_PAWNWEAKNESSES:0.48260713146997686
CE_PIECEACTIVITY:0.5009590866711738
CE_KINGPAWNSHIELD:0.5006846271677258
CE_PIECECOORDINATION:0.5146193776241559
CE_MATERIAL:0.4925691126498613
CE_KINGSAFETY:0.5
C_PIECESQUARETABLES:0.5
C_MOBILITY:0.510286932917076
C_KINGSAFETY:0.4725432228191058
C_PAWNSTRUCTURE:0.48412695891234964
C_PIECECOORDINATION:0.5086439537490938
C_ROOK:0.494517374419774
CE_ROOK:0.5
C_CENTERCONTROL:0.4739102795453157
C_DEVELOPPIECES:0.49965160675801606
C_MATERIAL:0.49207381283421175
C_MOVECOUNT:0.5160966464623759
C_PAWNMOVEMENT:0.5933269353825957
