ELO:1006
CE_PASSEDPAWNS:0.48854118148305714
CE_PAWNWEAKNESSES:0.47746315232554654
CE_PIECEACTIVITY:0.5211149527824238
CE_KINGPAWNSHIELD:0.4909656557843953
CE_PIECECOORDINATION:0.5146556660273499
CE_MATERIAL:0.5124374318761079
CE_KINGSAFETY:0.5
C_PIECESQUARETABLES:0.5
C_MOBILITY:0.4743399291075317
C_KINGSAFETY:0.5676155213662948
C_PAWNSTRUCTURE:0.4978537143032031
C_PIECECOORDINATION:0.5403332584563588
C_ROOK:0.45282523255932994
CE_ROOK:0.4906947481753973
C_CENTERCONTROL:0.4690762694874343
C_DEVELOPPIECES:0.5393505470872896
C_MATERIAL:0.4907302443354715
C_MOVECOUNT:0.5327001489347931
C_PAWNMOVEMENT:0.5298283629678308
