ELO:962
CE_PASSEDPAWNS:0.5440513181095269
CE_PAWNWEAKNESSES:0.4614046666774651
CE_PIECEACTIVITY:0.5491759928843869
CE_KINGPAWNSHIELD:0.4867556873052713
CE_PIECECOORDINATION:0.4647696261354287
CE_MATERIAL:0.5543935663723255
CE_KINGSAFETY:0.5
C_PIECESQUARETABLES:0.5
C_MOBILITY:0.6069867734656766
C_KINGSAFETY:0.49045121897141114
C_PAWNSTRUCTURE:0.5312889861056024
C_PIECECOORDINATION:0.5138920493334956
C_ROOKANDPAWNMOVEMENT:0.5138920493334956
C_CENTERCONTROL:0.44036706383807195
C_DEVELOPPIECES:0.5107112191005135
C_MATERIAL:0.6341436336607831
