ELO:1000
CE_PASSEDPAWNS:0.5325211455297489
CE_PAWNWEAKNESSES:0.5045148978760655
CE_PIECEACTIVITY:0.47006216994723177
CE_KINGPAWNSHIELD:0.5406124752457286
CE_PIECECOORDINATION:0.4801812650191099
CE_MATERIAL:0.43460074425048284
CE_KINGSAFETY:0.4631139244489739
C_PIECESQUARETABLES:0.4839547298155432
C_MOBILITY:0.4394180791487105
C_KINGSAFETY:0.43849832276948747
C_PAWNSTRUCTURE:0.526000735802807
C_PIECECOORDINATION:0.5489531950397513
C_ROOKANDPAWNMOVEMENT:0.5489531950397513
C_CENTERCONTROL:0.5284993532899093
C_DEVELOPPIECES:0.5624390585368424
C_MATERIAL:0.4914208032961582
