ELO:915
CE_PASSEDPAWNS:0.5809705909888923
CE_PAWNWEAKNESSES:0.5131628078681855
CE_PIECEACTIVITY:0.45720325046222415
CE_KINGPAWNSHIELD:0.566540622143587
CE_PIECECOORDINATION:0.44709886134297094
CE_MATERIAL:0.5518784429134478
CE_KINGSAFETY:0.49514282196751
C_PIECESQUARETABLES:0.497804008312471
C_MOBILITY:0.5039569684232899
C_KINGSAFETY:0.4688708234718027
C_PAWNSTRUCTURE:0.5468140374396813
C_PIECECOORDINATION:0.613535998946367
C_ROOKANDPAWNMOVEMENT:0.613535998946367
C_CENTERCONTROL:0.48665047694187874
C_DEVELOPPIECES:0.5358124610168241
C_MATERIAL:0.6000366658494101
