ELO:869
CE_PASSEDPAWNS:0.5104954950121923
CE_PAWNWEAKNESSES:0.5426619431583355
CE_PIECEACTIVITY:0.424654543701139
CE_KINGPAWNSHIELD:0.5323653066564983
CE_PIECECOORDINATION:0.496264551522499
CE_MATERIAL:0.4740750463167465
CE_KINGSAFETY:0.5256836202713076
C_PIECESQUARETABLES:0.4576227276312321
C_MOBILITY:0.5088808158491189
C_KINGSAFETY:0.4945835525973342
C_PAWNSTRUCTURE:0.38276504928249416
C_PIECECOORDINATION:0.48684458929422264
C_ROOKANDPAWNMOVEMENT:0.48684458929422264
C_CENTERCONTROL:0.5054877317689758
C_DEVELOPPIECES:0.5304569349426274
C_MATERIAL:0.4934567250081461
C_MOVECOUNT:0.5
