ELO:1098
CE_PASSEDPAWNS:0.45809862779161364
CE_PAWNWEAKNESSES:0.4745627008817301
CE_PIECEACTIVITY:0.4483987668855489
CE_KINGPAWNSHIELD:0.4774259118591802
CE_PIECECOORDINATION:0.46566063086180587
CE_MATERIAL:0.4553766470929869
CE_KINGSAFETY:0.5068096587004768
C_PIECESQUARETABLES:0.5043601402037609
C_MOBILITY:0.4552175061589332
C_KINGSAFETY:0.58472620603566
C_PAWNSTRUCTURE:0.41040599071577993
C_PIECECOORDINATION:0.531328497255345
C_ROOKANDPAWNMOVEMENT:0.531328497255345
C_CENTERCONTROL:0.5416243917882473
C_DEVELOPPIECES:0.5935253092664989
C_MATERIAL:0.39459062721341076
