ELO:988
CE_PASSEDPAWNS:0.5155464818849722
CE_PAWNWEAKNESSES:0.4661827641690437
CE_PIECEACTIVITY:0.5136528989944629
CE_KINGPAWNSHIELD:0.480985068094621
CE_PIECECOORDINATION:0.47488854470916236
CE_MATERIAL:0.5091888657576155
CE_KINGSAFETY:0.49520529109451183
C_PIECESQUARETABLES:0.5068861525164995
C_MOBILITY:0.5958856215669749
C_KINGSAFETY:0.5349175892555122
C_PAWNSTRUCTURE:0.4940461468919156
C_PIECECOORDINATION:0.47818141660066404
C_ROOKANDPAWNMOVEMENT:0.47818141660066404
C_CENTERCONTROL:0.44976373640775136
C_DEVELOPPIECES:0.5129388953980136
C_MATERIAL:0.5702612813308366
