ELO:990
CE_PASSEDPAWNS:0.39792981371987557
CE_PAWNWEAKNESSES:0.4295328023231584
CE_PIECEACTIVITY:0.5101084696997427
CE_KINGPAWNSHIELD:0.4969112771905379
CE_PIECECOORDINATION:0.5138962178399454
CE_MATERIAL:0.4244086625391592
CE_KINGSAFETY:0.49992866567481087
C_PIECESQUARETABLES:0.5
C_MOBILITY:0.6011018372443822
C_KINGSAFETY:0.5742475742575268
C_PAWNSTRUCTURE:0.6333202464364877
C_PIECECOORDINATION:0.6091836746618483
C_ROOKANDPAWNMOVEMENT:0.6091836746618483
C_CENTERCONTROL:0.3695351169800371
C_DEVELOPPIECES:0.5641663195083056
C_MATERIAL:0.6201906658387899
