ELO:1004
CE_PASSEDPAWNS:0.5020528722452041
CE_PAWNWEAKNESSES:0.49286940672126994
CE_PIECEACTIVITY:0.4839042666958268
CE_KINGPAWNSHIELD:0.5237345798767308
CE_PIECECOORDINATION:0.510326754828699
CE_MATERIAL:0.5027365157493999
CE_KINGSAFETY:0.5
C_PIECESQUARETABLES:0.5097529203818708
C_MOBILITY:0.5010281904080058
C_KINGSAFETY:0.483900688490091
C_PAWNSTRUCTURE:0.5106893435486629
C_PIECECOORDINATION:0.47656490087185205
C_ROOKANDPAWNMOVEMENT:0.47656490087185205
C_CENTERCONTROL:0.49681087177803296
C_DEVELOPPIECES:0.520337123237795
C_MATERIAL:0.47833733305138226
C_MOVECOUNT:0.5
