ELO:992
CE_PASSEDPAWNS:0.4836668725960809
CE_PAWNWEAKNESSES:0.5158204099871017
CE_PIECEACTIVITY:0.4857235889785003
CE_KINGPAWNSHIELD:0.539450406576755
CE_PIECECOORDINATION:0.4821395130546438
CE_MATERIAL:0.46131449561252547
CE_KINGSAFETY:0.5
C_PIECESQUARETABLES:0.5
C_MOBILITY:0.49358298231183845
C_KINGSAFETY:0.5519169929926283
C_PAWNSTRUCTURE:0.5007620113084754
C_PIECECOORDINATION:0.529637749746427
C_ROOK:0.45282523255932994
CE_ROOK:0.5292476418616322
C_CENTERCONTROL:0.5027840213474806
C_DEVELOPPIECES:0.5116790496228046
C_MATERIAL:0.4882969655538142
C_MOVECOUNT:0.5077527861775265
C_PAWNMOVEMENT:0.4959987243568744
