ELO:916
CE_PASSEDPAWNS:0.5852087732082342
CE_PAWNWEAKNESSES:0.5314458992783163
CE_PIECEACTIVITY:0.45720325046222415
CE_KINGPAWNSHIELD:0.5543039316551911
CE_PIECECOORDINATION:0.4363193317236167
CE_MATERIAL:0.548939008345521
CE_KINGSAFETY:0.4835316948730326
C_PIECESQUARETABLES:0.514679275244781
C_MOBILITY:0.5039569684232899
C_KINGSAFETY:0.47795309304915323
C_PAWNSTRUCTURE:0.5587905193881889
C_PIECECOORDINATION:0.6120636343159549
C_ROOKANDPAWNMOVEMENT:0.6120636343159549
C_CENTERCONTROL:0.4971060129255281
C_DEVELOPPIECES:0.5241560362204666
C_MATERIAL:0.5894091571850054
