ELO:1000
CE_PASSEDPAWNS:0.5512171102735772
CE_PAWNWEAKNESSES:0.5203490193619049
CE_PIECEACTIVITY:0.49558011049194517
CE_KINGPAWNSHIELD:0.544443779718691
CE_PIECECOORDINATION:0.48654134192003523
CE_MATERIAL:0.43694725716941657
CE_KINGSAFETY:0.45633768240898476
C_PIECESQUARETABLES:0.48991983993497606
C_MOBILITY:0.4498139505572002
C_KINGSAFETY:0.4569638238312841
C_PAWNSTRUCTURE:0.5165964259965252
C_PIECECOORDINATION:0.5181942253117062
C_ROOKANDPAWNMOVEMENT:0.5181942253117062
C_CENTERCONTROL:0.5243185325554088
C_DEVELOPPIECES:0.5446539139353188
C_MATERIAL:0.509279878472159
