ELO:1112
CE_PASSEDPAWNS:0.5
CE_PAWNWEAKNESSES:0.5
CE_PIECEACTIVITY:0.5025668009770549
CE_KINGPAWNSHIELD:0.49607325315132733
CE_PIECECOORDINATION:0.5
CE_MATERIAL:0.5
CE_KINGSAFETY:0.4763933110265223
C_PIECESQUARETABLES:0.5106403127472378
C_MOBILITY:0.5
C_KINGSAFETY:0.5
C_PAWNSTRUCTURE:0.4758006059338339
C_PIECECOORDINATION:0.5029845342968464
C_ROOKANDPAWNMOVEMENT:0.5029845342968464
C_CENTERCONTROL:0.5
C_DEVELOPPIECES:0.5
C_MATERIAL:0.5
