ELO:1010
CE_PASSEDPAWNS:0.5
CE_PAWNWEAKNESSES:0.5
CE_PIECEACTIVITY:0.5
CE_KINGPAWNSHIELD:0.5
CE_PIECECOORDINATION:0.5
CE_MATERIAL:0.5
CE_KINGSAFETY:0.47922222285229654
C_PIECESQUARETABLES:0.5
C_MOBILITY:0.50558725043813
C_KINGSAFETY:0.4823480993844978
C_PAWNSTRUCTURE:0.4900787662932126
C_PIECECOORDINATION:0.5043226757542868
C_ROOKANDPAWNMOVEMENT:0.5043226757542868
C_CENTERCONTROL:0.5
C_DEVELOPPIECES:0.5
C_MATERIAL:0.5117587796956604
C_MOVECOUNT:0.4880513230872828
