ELO:910
CE_PASSEDPAWNS:0.6022233730072657
CE_PAWNWEAKNESSES:0.5194484015881383
CE_PIECEACTIVITY:0.4168410932041795
CE_KINGPAWNSHIELD:0.553164762247582
CE_PIECECOORDINATION:0.4657932338815968
CE_MATERIAL:0.5452712228305766
CE_KINGSAFETY:0.47792326320145295
C_PIECESQUARETABLES:0.4936393210424353
C_MOBILITY:0.513913832109271
C_KINGSAFETY:0.47539996571698284
C_PAWNSTRUCTURE:0.5362936716517279
C_PIECECOORDINATION:0.608817470597205
C_ROOKANDPAWNMOVEMENT:0.608817470597205
C_CENTERCONTROL:0.49793352250881223
C_DEVELOPPIECES:0.5309657322007115
C_MATERIAL:0.6019704210121595
