ELO:1006
CE_PASSEDPAWNS:0.48852562203863503
CE_PAWNWEAKNESSES:0.508546260334308
CE_PIECEACTIVITY:0.48803789302179174
CE_KINGPAWNSHIELD:0.5037076870651487
CE_PIECECOORDINATION:0.4987622805686516
CE_MATERIAL:0.4952071644952731
CE_KINGSAFETY:0.4874376382463522
C_PIECESQUARETABLES:0.4895882322849888
C_MOBILITY:0.4917589937594319
C_KINGSAFETY:0.5101087550737203
C_PAWNSTRUCTURE:0.504446856532339
C_PIECECOORDINATION:0.497523024510702
C_ROOKANDPAWNMOVEMENT:0.497523024510702
C_CENTERCONTROL:0.5086854109458002
C_DEVELOPPIECES:0.5
C_MATERIAL:0.4958055188607391
