ELO:1015
CE_PASSEDPAWNS:0.5079477691857213
CE_PAWNWEAKNESSES:0.5
CE_PIECEACTIVITY:0.5
CE_KINGPAWNSHIELD:0.5086051649109262
CE_PIECECOORDINATION:0.4880548405431562
CE_MATERIAL:0.5
CE_KINGSAFETY:0.5
C_PIECESQUARETABLES:0.5
C_MOBILITY:0.5
C_KINGSAFETY:0.5007841588470223
C_PAWNSTRUCTURE:0.5
C_PIECECOORDINATION:0.4976749001103541
C_ROOKANDPAWNMOVEMENT:0.4976749001103541
C_CENTERCONTROL:0.5
C_DEVELOPPIECES:0.5
C_MATERIAL:0.5
C_MOVECOUNT:0.4942965638371981
