ELO:1000
CE_PASSEDPAWNS:0.5124766700711608
CE_PAWNWEAKNESSES:0.5
CE_PIECEACTIVITY:0.5
CE_KINGPAWNSHIELD:0.494389298053545
CE_PIECECOORDINATION:0.5101496660299923
CE_MATERIAL:0.5
CE_KINGSAFETY:0.5
C_PIECESQUARETABLES:0.5001826420215446
C_MOBILITY:0.4881229677215669
C_KINGSAFETY:0.5059920826919458
C_PAWNSTRUCTURE:0.5
C_PIECECOORDINATION:0.501575268173586
C_ROOKANDPAWNMOVEMENT:0.501575268173586
C_CENTERCONTROL:0.5040725444640816
C_DEVELOPPIECES:0.5116680018443648
C_MATERIAL:0.5030646127228914
