ELO:940
CE_PASSEDPAWNS:0.5647807668925522
CE_PAWNWEAKNESSES:0.43815262531749105
CE_PIECEACTIVITY:0.5663098078289291
CE_KINGPAWNSHIELD:0.45916982876406803
CE_PIECECOORDINATION:0.49977176128751216
CE_MATERIAL:0.5599150136135878
CE_KINGSAFETY:0.4301612197463736
C_PIECESQUARETABLES:0.4862500835970931
C_MOBILITY:0.6294542481813914
C_KINGSAFETY:0.4864732438894788
C_PAWNSTRUCTURE:0.5473284586040031
C_PIECECOORDINATION:0.5373196278892731
C_ROOKANDPAWNMOVEMENT:0.5373196278892731
C_CENTERCONTROL:0.41538163760578356
C_DEVELOPPIECES:0.5086493965024573
C_MATERIAL:0.6230240013141374
