ELO:961
CE_PASSEDPAWNS:0.5081690358738262
CE_PAWNWEAKNESSES:0.5030241230423237
CE_PIECEACTIVITY:0.5036025187661213
CE_KINGPAWNSHIELD:0.5217428515388913
CE_PIECECOORDINATION:0.5211878805389936
CE_MATERIAL:0.5045231842581254
CE_KINGSAFETY:0.4972309721149555
C_PIECESQUARETABLES:0.5
C_MOBILITY:0.5256833781125756
C_KINGSAFETY:0.5030218021708113
C_PAWNSTRUCTURE:0.5114802080309652
C_PIECECOORDINATION:0.5168420351434051
C_ROOK:0.5341828004218465
CE_ROOK:0.5
C_CENTERCONTROL:0.48975350919745086
C_DEVELOPPIECES:0.5073447937595761
C_MATERIAL:0.4893008913115564
C_MOVECOUNT:0.49994018069238577
C_PAWNMOVEMENT:0.5090666273198515
