ELO:851
CE_PASSEDPAWNS:0.5118885037276169
CE_PAWNWEAKNESSES:0.4065050042609039
CE_PIECEACTIVITY:0.569203196148237
CE_KINGPAWNSHIELD:0.5164201629742223
CE_PIECECOORDINATION:0.47875303441507516
CE_MATERIAL:0.4792726460687654
CE_KINGSAFETY:0.5
C_PIECESQUARETABLES:0.5
C_MOBILITY:0.6203766461222339
C_KINGSAFETY:0.5236997959707751
C_PAWNSTRUCTURE:0.4916407851357597
C_PIECECOORDINATION:0.46258933237358013
C_ROOKANDPAWNMOVEMENT:0.46258933237358013
C_CENTERCONTROL:0.5990128211892207
C_DEVELOPPIECES:0.5006458145196678
C_MATERIAL:0.4862037612695506
C_MOVECOUNT:0.5
