ELO:1041
CE_PASSEDPAWNS:0.5
CE_PAWNWEAKNESSES:0.494475346394101
CE_PIECEACTIVITY:0.5
CE_KINGPAWNSHIELD:0.512337016501891
CE_PIECECOORDINATION:0.5000076511126299
CE_MATERIAL:0.5
CE_KINGSAFETY:0.5
C_PIECESQUARETABLES:0.5
C_MOBILITY:0.5058221875965263
C_KINGSAFETY:0.5
C_PAWNSTRUCTURE:0.5
C_PIECECOORDINATION:0.5
C_ROOKANDPAWNMOVEMENT:0.5
C_CENTERCONTROL:0.5041287127625484
C_DEVELOPPIECES:0.5029351912063945
C_MATERIAL:0.4940035875963427
C_MOVECOUNT:0.5
