ELO:951
CE_PASSEDPAWNS:0.4511451826908832
CE_PAWNWEAKNESSES:0.6302534619829175
CE_PIECEACTIVITY:0.5436246383929576
CE_KINGPAWNSHIELD:0.5707721734455999
CE_PIECECOORDINATION:0.45133352522075043
CE_MATERIAL:0.5109641443699653
CE_KINGSAFETY:0.46478897344710235
C_PIECESQUARETABLES:0.46977681844512403
C_MOBILITY:0.5303026540640013
C_KINGSAFETY:0.5732448462491674
C_PAWNSTRUCTURE:0.5712804090517237
C_PIECECOORDINATION:0.5515555595502334
C_ROOKANDPAWNMOVEMENT:0.5515555595502334
C_CENTERCONTROL:0.42040402542940464
C_DEVELOPPIECES:0.5135850710965159
C_MATERIAL:0.4585112165733827
