ELO:974
CE_PASSEDPAWNS:0.41685203756322065
CE_PAWNWEAKNESSES:0.5863855749557972
CE_PIECEACTIVITY:0.5604545027486032
CE_KINGPAWNSHIELD:0.555332572181974
CE_PIECECOORDINATION:0.47248316608924645
CE_MATERIAL:0.4941737133273232
CE_KINGSAFETY:0.502931657986128
C_PIECESQUARETABLES:0.4838981524456871
C_MOBILITY:0.5760125925627136
C_KINGSAFETY:0.5700972373443768
C_PAWNSTRUCTURE:0.523185530759167
C_PIECECOORDINATION:0.5367184589942166
C_ROOKANDPAWNMOVEMENT:0.5367184589942166
C_CENTERCONTROL:0.42894904532742845
C_DEVELOPPIECES:0.4900813088453915
C_MATERIAL:0.44810361932777415
