ELO:999
CE_PASSEDPAWNS:0.4789920200476879
CE_PAWNWEAKNESSES:0.4749675287334213
CE_PIECEACTIVITY:0.49393970900541434
CE_KINGPAWNSHIELD:0.53809755570776
CE_PIECECOORDINATION:0.4330031077311069
CE_MATERIAL:0.4788730412126911
CE_KINGSAFETY:0.49396829848494545
C_PIECESQUARETABLES:0.5248457108174315
C_MOBILITY:0.4965813314286741
C_KINGSAFETY:0.5387996981069967
C_PAWNSTRUCTURE:0.5291330536363262
C_PIECECOORDINATION:0.592055366732036
C_ROOKANDPAWNMOVEMENT:0.592055366732036
C_CENTERCONTROL:0.4533476790771207
C_DEVELOPPIECES:0.46976421388618966
C_MATERIAL:0.4960420333967036
