ELO:1000
CE_PASSEDPAWNS:0.49008867600174494
CE_PAWNWEAKNESSES:0.50381530686282
CE_PIECEACTIVITY:0.5017958804611465
CE_KINGPAWNSHIELD:0.5028464187430757
CE_PIECECOORDINATION:0.4592640003489647
CE_MATERIAL:0.49238669455769407
CE_KINGSAFETY:0.49980659672632227
C_PIECESQUARETABLES:0.4967432191452644
C_MOBILITY:0.504749089104131
C_KINGSAFETY:0.49254400336097276
C_PAWNSTRUCTURE:0.5148102532360881
C_PIECECOORDINATION:0.5320634215091793
C_ROOKANDPAWNMOVEMENT:0.5320634215091793
C_CENTERCONTROL:0.508779102419054
C_DEVELOPPIECES:0.4584759301488887
C_MATERIAL:0.5361051479358667
