ELO:871
CE_PASSEDPAWNS:0.493326766719497
CE_PAWNWEAKNESSES:0.5651935335271654
CE_PIECEACTIVITY:0.5024629906920586
CE_KINGPAWNSHIELD:0.5532293167089287
CE_PIECECOORDINATION:0.4955145285005318
CE_MATERIAL:0.3426453032620404
CE_KINGSAFETY:0.4642419224360945
C_PIECESQUARETABLES:0.5045494174413565
C_MOBILITY:0.42652968702595884
C_KINGSAFETY:0.522775546212729
C_PAWNSTRUCTURE:0.4192967730260146
C_PIECECOORDINATION:0.4577416465049167
C_ROOKANDPAWNMOVEMENT:0.4577416465049167
C_CENTERCONTROL:0.4228178694617455
C_DEVELOPPIECES:0.530405447946896
C_MATERIAL:0.5074472758815598
C_MOVECOUNT:0.5
