ELO:1014
CE_PASSEDPAWNS:0.42753674491966653
CE_PAWNWEAKNESSES:0.45284725841476514
CE_PIECEACTIVITY:0.44877133390830865
CE_KINGPAWNSHIELD:0.4609453685254173
CE_PIECECOORDINATION:0.4272313461670547
CE_MATERIAL:0.484006225652961
CE_KINGSAFETY:0.4979850127082665
C_PIECESQUARETABLES:0.48542796266314836
C_MOBILITY:0.5341887543155073
C_KINGSAFETY:0.5623735158526901
C_PAWNSTRUCTURE:0.4643254578644268
C_PIECECOORDINATION:0.5721593662230765
C_ROOKANDPAWNMOVEMENT:0.5721593662230765
C_CENTERCONTROL:0.5070192110130978
C_DEVELOPPIECES:0.5920222676829213
C_MATERIAL:0.41654906691651883
