ELO:932
CE_PASSEDPAWNS:0.4825033946967986
CE_PAWNWEAKNESSES:0.49664029259782166
CE_PIECEACTIVITY:0.4721466867467975
CE_KINGPAWNSHIELD:0.46310641561256205
CE_PIECECOORDINATION:0.5105678187280217
CE_MATERIAL:0.5118235779352588
CE_KINGSAFETY:0.504704273214994
C_PIECESQUARETABLES:0.4846427811211666
C_MOBILITY:0.49670010473899784
C_KINGSAFETY:0.47249132882535777
C_PAWNSTRUCTURE:0.4732063245070428
C_PIECECOORDINATION:0.4850705961618273
C_ROOKANDPAWNMOVEMENT:0.4850705961618273
C_CENTERCONTROL:0.5090903700748651
C_DEVELOPPIECES:0.48003688953102885
C_MATERIAL:0.5311294909812493
C_MOVECOUNT:0.5108420338045
