ELO:938
CE_PASSEDPAWNS:0.49871770778214464
CE_PAWNWEAKNESSES:0.5094055322073158
CE_PIECEACTIVITY:0.4738104110515759
CE_KINGPAWNSHIELD:0.47744633930518293
CE_PIECECOORDINATION:0.5169441808650671
CE_MATERIAL:0.4959756590216714
CE_KINGSAFETY:0.5023809878960294
C_PIECESQUARETABLES:0.4779051019209559
C_MOBILITY:0.500364029522711
C_KINGSAFETY:0.4821605939954326
C_PAWNSTRUCTURE:0.4743216427471744
C_PIECECOORDINATION:0.4814728061181563
C_ROOKANDPAWNMOVEMENT:0.4814728061181563
C_CENTERCONTROL:0.5109190593451985
C_DEVELOPPIECES:0.47868374693442334
C_MATERIAL:0.5052969098990818
C_MOVECOUNT:0.500535322579261
