ELO:869
CE_PASSEDPAWNS:0.5317195971908597
CE_PAWNWEAKNESSES:0.5104746779931001
CE_PIECEACTIVITY:0.48377438482363894
CE_KINGPAWNSHIELD:0.4787925515274168
CE_PIECECOORDINATION:0.4922262230377016
CE_MATERIAL:0.5145254893494194
CE_KINGSAFETY:0.505184499503967
C_PIECESQUARETABLES:0.4900744960569324
C_MOBILITY:0.3866457509657652
C_KINGSAFETY:0.4969475017132881
C_PAWNSTRUCTURE:0.5172407892732104
C_PIECECOORDINATION:0.5730526986152678
C_ROOKANDPAWNMOVEMENT:0.5730526986152678
C_CENTERCONTROL:0.4548818069437202
C_DEVELOPPIECES:0.5407416546603333
C_MATERIAL:0.4559719154472389
