ELO:986
CE_PASSEDPAWNS:0.4130240182020962
CE_PAWNWEAKNESSES:0.5807983340604599
CE_PIECEACTIVITY:0.5509851669368778
CE_KINGPAWNSHIELD:0.555332572181974
CE_PIECECOORDINATION:0.4760646274829542
CE_MATERIAL:0.4941737133273232
CE_KINGSAFETY:0.502931657986128
C_PIECESQUARETABLES:0.48819273321064854
C_MOBILITY:0.5760125925627136
C_KINGSAFETY:0.5700972373443768
C_PAWNSTRUCTURE:0.5209695154518215
C_PIECECOORDINATION:0.5367184589942166
C_ROOKANDPAWNMOVEMENT:0.5367184589942166
C_CENTERCONTROL:0.4325158162120662
C_DEVELOPPIECES:0.4900813088453915
C_MATERIAL:0.46004801937618234
