ELO:1000
CE_PASSEDPAWNS:0.4873014836189071
CE_PAWNWEAKNESSES:0.5345703179926027
CE_PIECEACTIVITY:0.4736628804641923
CE_KINGPAWNSHIELD:0.5519318629632602
CE_PIECECOORDINATION:0.540287584796917
CE_MATERIAL:0.5164080551974858
CE_KINGSAFETY:0.4877885206868478
C_PIECESQUARETABLES:0.5192800654292092
C_MOBILITY:0.43319343925013526
C_KINGSAFETY:0.46895458147484576
C_PAWNSTRUCTURE:0.5113016209722202
C_PIECECOORDINATION:0.5178808900898547
C_ROOKANDPAWNMOVEMENT:0.5178808900898547
C_CENTERCONTROL:0.5034846101033907
C_DEVELOPPIECES:0.48858265864940353
C_MATERIAL:0.47412391837987955
