ELO:1018
CE_PASSEDPAWNS:0.49481947777183327
CE_PAWNWEAKNESSES:0.5
CE_PIECEACTIVITY:0.4898114895005008
CE_KINGPAWNSHIELD:0.511867304195319
CE_PIECECOORDINATION:0.5
CE_MATERIAL:0.49787091754094187
CE_KINGSAFETY:0.5047904527469474
C_PIECESQUARETABLES:0.5
C_MOBILITY:0.5
C_KINGSAFETY:0.5
C_PAWNSTRUCTURE:0.4953470643391382
C_PIECECOORDINATION:0.5
C_ROOKANDPAWNMOVEMENT:0.5
C_CENTERCONTROL:0.5100995958650341
C_DEVELOPPIECES:0.49667258670350267
C_MATERIAL:0.5159649859743491
C_MOVECOUNT:0.5
