ELO:730
CE_PASSEDPAWNS:0.5189776424002743
CE_PAWNWEAKNESSES:0.4819795904173699
CE_PIECEACTIVITY:0.47447085565698555
CE_KINGPAWNSHIELD:0.5407174911658086
CE_PIECECOORDINATION:0.48865557539294635
CE_MATERIAL:0.41807423634937063
CE_KINGSAFETY:0.47644741837899346
C_PIECESQUARETABLES:0.4736658079165534
C_MOBILITY:0.43918520412319123
C_KINGSAFETY:0.5098574015409456
C_PAWNSTRUCTURE:0.4709278050378932
C_PIECECOORDINATION:0.455576961935522
C_ROOKANDPAWNMOVEMENT:0.455576961935522
C_CENTERCONTROL:0.41763281713339123
C_DEVELOPPIECES:0.5545446977731925
C_MATERIAL:0.4866409588241541
C_MOVECOUNT:0.5
