ELO:887
CE_PASSEDPAWNS:0.4891791261416408
CE_PAWNWEAKNESSES:0.5044272611158647
CE_PIECEACTIVITY:0.49331305814754134
CE_KINGPAWNSHIELD:0.4506914873156581
CE_PIECECOORDINATION:0.4653444455934309
CE_MATERIAL:0.44197531587676053
CE_KINGSAFETY:0.510097516862148
C_PIECESQUARETABLES:0.5043734996728206
C_MOBILITY:0.40723408807671424
C_KINGSAFETY:0.4032593337165763
C_PAWNSTRUCTURE:0.3756470326992282
C_PIECECOORDINATION:0.5592582433444505
C_ROOKANDPAWNMOVEMENT:0.5592582433444505
C_CENTERCONTROL:0.48379742483783345
C_DEVELOPPIECES:0.5367491062732695
C_MATERIAL:0.5241863233501415
