ELO:908
CE_PASSEDPAWNS:0.4295690684994464
CE_PAWNWEAKNESSES:0.6618341967938574
CE_PIECEACTIVITY:0.5817552237686648
CE_KINGPAWNSHIELD:0.5645691743254242
CE_PIECECOORDINATION:0.49562377591195106
CE_MATERIAL:0.5207430252746702
CE_KINGSAFETY:0.5135886244460097
C_PIECESQUARETABLES:0.48713256704802615
C_MOBILITY:0.4785907690863543
C_KINGSAFETY:0.5730039125912497
C_PAWNSTRUCTURE:0.5710012413076787
C_PIECECOORDINATION:0.5197108674427502
C_ROOKANDPAWNMOVEMENT:0.5197108674427502
C_CENTERCONTROL:0.4199059913498408
C_DEVELOPPIECES:0.551476355339679
C_MATERIAL:0.5177697045450588
