ELO:994
CE_PASSEDPAWNS:0.5176929470063448
CE_PAWNWEAKNESSES:0.49373851747723124
CE_PIECEACTIVITY:0.5045365142831162
CE_KINGPAWNSHIELD:0.4873520932732913
CE_PIECECOORDINATION:0.5008387862527666
CE_MATERIAL:0.5121524901872131
CE_KINGSAFETY:0.4858970866702853
C_PIECESQUARETABLES:0.48910583238714467
C_MOBILITY:0.5049279858327221
C_KINGSAFETY:0.5197247139164308
C_PAWNSTRUCTURE:0.5284315204675983
C_PIECECOORDINATION:0.5109594599280299
C_ROOKANDPAWNMOVEMENT:0.5109594599280299
C_CENTERCONTROL:0.4827418678473371
C_DEVELOPPIECES:0.511668354798586
C_MATERIAL:0.500646310609531
C_MOVECOUNT:0.5
