ELO:882
CE_PASSEDPAWNS:0.491245788869301
CE_PAWNWEAKNESSES:0.5023417647230061
CE_PIECEACTIVITY:0.46639534041384223
CE_KINGPAWNSHIELD:0.46321549404303713
CE_PIECECOORDINATION:0.5100188034039989
CE_MATERIAL:0.449887698835361
CE_KINGSAFETY:0.5290378831352196
C_PIECESQUARETABLES:0.5068363670763126
C_MOBILITY:0.39041375656750127
C_KINGSAFETY:0.41337821945976216
C_PAWNSTRUCTURE:0.388185170646418
C_PIECECOORDINATION:0.584091396216395
C_ROOKANDPAWNMOVEMENT:0.584091396216395
C_CENTERCONTROL:0.4761194468901253
C_DEVELOPPIECES:0.5534775428703763
C_MATERIAL:0.5032924889952138
