ELO:952
CE_PASSEDPAWNS:0.4880907601080255
CE_PAWNWEAKNESSES:0.5103925609659831
CE_PIECEACTIVITY:0.49664087649538335
CE_KINGPAWNSHIELD:0.5
CE_PIECECOORDINATION:0.5
CE_MATERIAL:0.5
CE_KINGSAFETY:0.5
C_PIECESQUARETABLES:0.4879860224051198
C_MOBILITY:0.5
C_KINGSAFETY:0.5114803222115614
C_PAWNSTRUCTURE:0.5
C_PIECECOORDINATION:0.5
C_ROOKANDPAWNMOVEMENT:0.5
C_CENTERCONTROL:0.49726861934556055
C_DEVELOPPIECES:0.5
C_MATERIAL:0.5
C_MOVECOUNT:0.5083499608342317
