ELO:961
CE_PASSEDPAWNS:0.4932004342002842
CE_PAWNWEAKNESSES:0.4870277545165253
CE_PIECEACTIVITY:0.49740202746420137
CE_KINGPAWNSHIELD:0.5028055680594916
CE_PIECECOORDINATION:0.4948372015609636
CE_MATERIAL:0.48615749167607375
CE_KINGSAFETY:0.49291351001218864
C_PIECESQUARETABLES:0.5036700824016368
C_MOBILITY:0.48660413923322426
C_KINGSAFETY:0.4985528412912715
C_PAWNSTRUCTURE:0.49248386411882733
C_PIECECOORDINATION:0.5080518219849572
C_ROOKANDPAWNMOVEMENT:0.5080518219849572
C_CENTERCONTROL:0.4951077185096937
C_DEVELOPPIECES:0.5061549551589319
C_MATERIAL:0.4993102801232304
