ELO:854
CE_PASSEDPAWNS:0.5070474737999052
CE_PAWNWEAKNESSES:0.5647015977347759
CE_PIECEACTIVITY:0.501601786461178
CE_KINGPAWNSHIELD:0.5708427795189154
CE_PIECECOORDINATION:0.4869195887968138
CE_MATERIAL:0.36516751638252065
CE_KINGSAFETY:0.4611903734994399
C_PIECESQUARETABLES:0.47736783569903685
C_MOBILITY:0.42488923761132147
C_KINGSAFETY:0.5168592250608959
C_PAWNSTRUCTURE:0.4245277133666902
C_PIECECOORDINATION:0.45903189889222196
C_ROOKANDPAWNMOVEMENT:0.45903189889222196
C_CENTERCONTROL:0.4256090786014048
C_DEVELOPPIECES:0.5195332209924944
C_MATERIAL:0.49463023084849883
C_MOVECOUNT:0.5
