ELO:1023
CE_PASSEDPAWNS:0.49318009983413225
CE_PAWNWEAKNESSES:0.5089262315892731
CE_PIECEACTIVITY:0.5106700029888525
CE_KINGPAWNSHIELD:0.49145047284638205
CE_PIECECOORDINATION:0.5263031917502097
CE_MATERIAL:0.5232874358031067
CE_KINGSAFETY:0.5
C_PIECESQUARETABLES:0.5
C_MOBILITY:0.548595478193456
C_KINGSAFETY:0.48012539474343635
C_PAWNSTRUCTURE:0.5192117874270126
C_PIECECOORDINATION:0.5203444689430863
C_ROOK:0.5098791407352947
CE_ROOK:0.47786988861755686
C_CENTERCONTROL:0.4840961186480024
C_DEVELOPPIECES:0.49379823409339246
C_MATERIAL:0.5003954436729884
C_MOVECOUNT:0.454750959340167
C_PAWNMOVEMENT:0.4917087625655837
