ELO:964
CE_PASSEDPAWNS:0.44440422734027135
CE_PAWNWEAKNESSES:0.5244535951961986
CE_PIECEACTIVITY:0.3847184752064678
CE_KINGPAWNSHIELD:0.5439526157017449
CE_PIECECOORDINATION:0.6067018421310033
CE_MATERIAL:0.5484449239221318
CE_KINGSAFETY:0.47962595111101197
C_PIECESQUARETABLES:0.516153505137987
C_MOBILITY:0.4405484738892387
C_KINGSAFETY:0.5207492298803229
C_PAWNSTRUCTURE:0.516521531509436
C_PIECECOORDINATION:0.5872015957201944
C_ROOKANDPAWNMOVEMENT:0.5872015957201944
C_CENTERCONTROL:0.49563828431112933
C_DEVELOPPIECES:0.49392145848914704
C_MATERIAL:0.5761800534699069
