ELO:935
CE_PASSEDPAWNS:0.45637400894740704
CE_PAWNWEAKNESSES:0.44660786238973443
CE_PIECEACTIVITY:0.3687842851331352
CE_KINGPAWNSHIELD:0.5050851976415277
CE_PIECECOORDINATION:0.5819674176033436
CE_MATERIAL:0.5638475155036395
CE_KINGSAFETY:0.4962295142965939
C_PIECESQUARETABLES:0.5125559412714847
C_MOBILITY:0.4159743239333633
C_KINGSAFETY:0.5382234698604758
C_PAWNSTRUCTURE:0.5703097428361125
C_PIECECOORDINATION:0.610504594613034
C_ROOKANDPAWNMOVEMENT:0.610504594613034
C_CENTERCONTROL:0.5062529682716592
C_DEVELOPPIECES:0.5208188876668163
C_MATERIAL:0.5254885254772039
