ELO:993
CE_PASSEDPAWNS:0.4787109051914559
CE_PAWNWEAKNESSES:0.4636066665416784
CE_PIECEACTIVITY:0.4976885745127796
CE_KINGPAWNSHIELD:0.5340255071299677
CE_PIECECOORDINATION:0.4227812499303612
CE_MATERIAL:0.5036936211750977
CE_KINGSAFETY:0.48915084536257913
C_PIECESQUARETABLES:0.5009372487467536
C_MOBILITY:0.5247202000515034
C_KINGSAFETY:0.5578375697107202
C_PAWNSTRUCTURE:0.5459998747408888
C_PIECECOORDINATION:0.5684732153746747
C_ROOKANDPAWNMOVEMENT:0.5684732153746747
C_CENTERCONTROL:0.4274249406710335
C_DEVELOPPIECES:0.4626069788039475
C_MATERIAL:0.4831738609140357
