ELO:1003
CE_PASSEDPAWNS:0.5
CE_PAWNWEAKNESSES:0.480315473508565
CE_PIECEACTIVITY:0.5
CE_KINGPAWNSHIELD:0.5209753668472222
CE_PIECECOORDINATION:0.5005452224621892
CE_MATERIAL:0.5099239564825485
CE_KINGSAFETY:0.5
C_PIECESQUARETABLES:0.5
C_MOBILITY:0.5144520469473899
C_KINGSAFETY:0.49107704090387455
C_PAWNSTRUCTURE:0.52510869612327
C_PIECECOORDINATION:0.5233061111685043
C_ROOKANDPAWNMOVEMENT:0.5233061111685043
C_CENTERCONTROL:0.4794373991208281
C_DEVELOPPIECES:0.5
C_MATERIAL:0.5188068525152099
C_MOVECOUNT:0.5267952535809205
