ELO:975
CE_PASSEDPAWNS:0.5209349299658836
CE_PAWNWEAKNESSES:0.49994312310593514
CE_PIECEACTIVITY:0.4924503599794071
CE_KINGPAWNSHIELD:0.48635692225824234
CE_PIECECOORDINATION:0.49965124942609435
CE_MATERIAL:0.4954806252208065
CE_KINGSAFETY:0.4846859926177172
C_PIECESQUARETABLES:0.5
C_MOBILITY:0.504866356011717
C_KINGSAFETY:0.5209852444095759
C_PAWNSTRUCTURE:0.5137210695513563
C_PIECECOORDINATION:0.5173159504262193
C_ROOK:0.47906638982004485
CE_ROOK:0.5014374903072688
C_CENTERCONTROL:0.5152256851772412
C_DEVELOPPIECES:0.5190355018503582
C_MATERIAL:0.5272499860443925
C_MOVECOUNT:0.48292909403833073
C_PAWNMOVEMENT:0.48865119172051985
