ELO:1005
CE_PASSEDPAWNS:0.45635948559615847
CE_PAWNWEAKNESSES:0.48771770761884814
CE_PIECEACTIVITY:0.4839973358516416
CE_KINGPAWNSHIELD:0.5220125878588155
CE_PIECECOORDINATION:0.5001251566862258
CE_MATERIAL:0.49476557444365354
CE_KINGSAFETY:0.5
C_PIECESQUARETABLES:0.5
C_MOBILITY:0.5098836229357493
C_KINGSAFETY:0.5007841588470223
C_PAWNSTRUCTURE:0.49514523667882787
C_PIECECOORDINATION:0.5021681237368382
C_ROOKANDPAWNMOVEMENT:0.5021681237368382
C_CENTERCONTROL:0.47732476783951766
C_DEVELOPPIECES:0.4957072901524619
C_MATERIAL:0.5102397413593361
C_MOVECOUNT:0.4793057240913953
