ELO:973
CE_PASSEDPAWNS:0.5502278708513866
CE_PAWNWEAKNESSES:0.4641101569821681
CE_PIECEACTIVITY:0.48726435832388126
CE_KINGPAWNSHIELD:0.476217470512696
CE_PIECECOORDINATION:0.5098499752986094
CE_MATERIAL:0.4969128521895895
CE_KINGSAFETY:0.5
C_PIECESQUARETABLES:0.5
C_MOBILITY:0.5003931626113698
C_KINGSAFETY:0.5497011662201488
C_PAWNSTRUCTURE:0.520909869269948
C_PIECECOORDINATION:0.5118093835307468
C_ROOK:0.45456692306705604
CE_ROOK:0.5094073875889827
C_CENTERCONTROL:0.5125384498280412
C_DEVELOPPIECES:0.44866016137643716
C_MATERIAL:0.5182944304277352
C_MOVECOUNT:0.4718287098958511
C_PAWNMOVEMENT:0.5048344839810038
