ELO:927
CE_PASSEDPAWNS:0.4686059320636721
CE_PAWNWEAKNESSES:0.501504902282235
CE_PIECEACTIVITY:0.4936540199555697
CE_KINGPAWNSHIELD:0.47093259601088405
CE_PIECECOORDINATION:0.5002775971819496
CE_MATERIAL:0.5036631904610718
CE_KINGSAFETY:0.48789550599020975
C_PIECESQUARETABLES:0.46622186128103327
C_MOBILITY:0.4958960786477811
C_KINGSAFETY:0.48680970420285324
C_PAWNSTRUCTURE:0.48607065870720934
C_PIECECOORDINATION:0.4932515860981875
C_ROOKANDPAWNMOVEMENT:0.4932515860981875
C_CENTERCONTROL:0.46265390222062086
C_DEVELOPPIECES:0.5160751774965365
C_MATERIAL:0.5067121064985058
