ELO:992
CE_PASSEDPAWNS:0.505010214656049
CE_PAWNWEAKNESSES:0.49373851747723124
CE_PIECEACTIVITY:0.5025975179900882
CE_KINGPAWNSHIELD:0.48905958146916745
CE_PIECECOORDINATION:0.4925136239074723
CE_MATERIAL:0.5143678119408268
CE_KINGSAFETY:0.4858970866702853
C_PIECESQUARETABLES:0.48910583238714467
C_MOBILITY:0.4945950895882438
C_KINGSAFETY:0.5031926946165749
C_PAWNSTRUCTURE:0.5284315204675983
C_PIECECOORDINATION:0.4837288271936575
C_ROOKANDPAWNMOVEMENT:0.4837288271936575
C_CENTERCONTROL:0.4883540423236241
C_DEVELOPPIECES:0.511668354798586
C_MATERIAL:0.48143992260304674
C_MOVECOUNT:0.5
