ELO:1000
CE_PASSEDPAWNS:0.4427181105171931
CE_PAWNWEAKNESSES:0.530394988116545
CE_PIECEACTIVITY:0.45281120814384934
CE_KINGPAWNSHIELD:0.5263310169198167
CE_PIECECOORDINATION:0.5737860816992706
CE_MATERIAL:0.518788502451981
CE_KINGSAFETY:0.47515146564595123
C_PIECESQUARETABLES:0.46038322829910705
C_MOBILITY:0.42549059871202083
C_KINGSAFETY:0.5028092071616305
C_PAWNSTRUCTURE:0.5383997177721191
C_PIECECOORDINATION:0.5460429565801485
C_ROOKANDPAWNMOVEMENT:0.5460429565801485
C_CENTERCONTROL:0.46941604221496147
C_DEVELOPPIECES:0.47104280328234827
C_MATERIAL:0.5188359650285397
