ELO:839
CE_PASSEDPAWNS:0.4652891665514532
CE_PAWNWEAKNESSES:0.48501549785183723
CE_PIECEACTIVITY:0.5378742859031517
CE_KINGPAWNSHIELD:0.4832406370636849
CE_PIECECOORDINATION:0.49845514478123043
CE_MATERIAL:0.5267451364178303
CE_KINGSAFETY:0.5002523679606896
C_PIECESQUARETABLES:0.5082123471635585
C_MOBILITY:0.5131915646909255
C_KINGSAFETY:0.4669654539796273
C_PAWNSTRUCTURE:0.4554810495290934
C_PIECECOORDINATION:0.5003177081231707
C_ROOKANDPAWNMOVEMENT:0.5003177081231707
C_CENTERCONTROL:0.46916395731635635
C_DEVELOPPIECES:0.5087359041418192
C_MATERIAL:0.48845073152778884
C_MOVECOUNT:0.4673996689140308
