ELO:971
CE_PASSEDPAWNS:0.5258525899533255
CE_PAWNWEAKNESSES:0.4693392744592887
CE_PIECEACTIVITY:0.4928218180599236
CE_KINGPAWNSHIELD:0.45127407511232487
CE_PIECECOORDINATION:0.5097349589842332
CE_MATERIAL:0.47137061472922753
CE_KINGSAFETY:0.5
C_PIECESQUARETABLES:0.5031406971304803
C_MOBILITY:0.479635703876363
C_KINGSAFETY:0.4851764598209058
C_PAWNSTRUCTURE:0.4958025139918902
C_PIECECOORDINATION:0.4602228078974826
C_ROOK:0.49919643542009084
CE_ROOK:0.5
C_CENTERCONTROL:0.5126957788795109
C_DEVELOPPIECES:0.498804904841749
C_MATERIAL:0.47696188409628987
C_MOVECOUNT:0.49994018069238577
C_PAWNMOVEMENT:0.4877715858829073
