ELO:950
CE_PASSEDPAWNS:0.5354752071399074
CE_PAWNWEAKNESSES:0.5009043172113291
CE_PIECEACTIVITY:0.5289413685201387
CE_KINGPAWNSHIELD:0.49091320672503996
CE_PIECECOORDINATION:0.49342831881450394
CE_MATERIAL:0.49131658678906276
CE_KINGSAFETY:0.5023941529125416
C_PIECESQUARETABLES:0.4914975333002222
C_MOBILITY:0.46912887107282264
C_KINGSAFETY:0.5308567063255606
C_PAWNSTRUCTURE:0.4968483380562172
C_PIECECOORDINATION:0.5002169040041334
C_ROOK:0.492957659221378
CE_ROOK:0.49638475742607174
C_CENTERCONTROL:0.5141838953259071
C_DEVELOPPIECES:0.5011334606035872
C_MATERIAL:0.479732469048773
C_MOVECOUNT:0.5329002297299821
C_PAWNMOVEMENT:0.5308446158149445
