ELO:951
CE_PASSEDPAWNS:0.444925425476957
CE_PAWNWEAKNESSES:0.6297645780881689
CE_PIECEACTIVITY:0.5587029695421533
CE_KINGPAWNSHIELD:0.5714487467186502
CE_PIECECOORDINATION:0.46518868345085074
CE_MATERIAL:0.5143138473430888
CE_KINGSAFETY:0.48624542480746114
C_PIECESQUARETABLES:0.458880662703902
C_MOBILITY:0.5360961309423455
C_KINGSAFETY:0.5561292690452939
C_PAWNSTRUCTURE:0.5588805110525382
C_PIECECOORDINATION:0.5649303573349227
C_ROOKANDPAWNMOVEMENT:0.5649303573349227
C_CENTERCONTROL:0.430728630803745
C_DEVELOPPIECES:0.5347438410824478
C_MATERIAL:0.4868939331485398
