ELO:945
CE_PASSEDPAWNS:0.4275826268521134
CE_PAWNWEAKNESSES:0.6420513702760299
CE_PIECEACTIVITY:0.5638561139696443
CE_KINGPAWNSHIELD:0.5803823960444433
CE_PIECECOORDINATION:0.4825568231512019
CE_MATERIAL:0.5076919458966183
CE_KINGSAFETY:0.4942703919906775
C_PIECESQUARETABLES:0.48099206328600186
C_MOBILITY:0.5253520564399904
C_KINGSAFETY:0.5493958863839816
C_PAWNSTRUCTURE:0.5711164355540076
C_PIECECOORDINATION:0.545824588710244
C_ROOKANDPAWNMOVEMENT:0.545824588710244
C_CENTERCONTROL:0.4405255609539351
C_DEVELOPPIECES:0.5181524360931643
C_MATERIAL:0.5065354783083911
