ELO:942
CE_PASSEDPAWNS:0.48980089963291373
CE_PAWNWEAKNESSES:0.4863375920269287
CE_PIECEACTIVITY:0.49489514208537133
CE_KINGPAWNSHIELD:0.5040972196118023
CE_PIECECOORDINATION:0.539204045463163
CE_MATERIAL:0.49170186534659793
CE_KINGSAFETY:0.49775113522964615
C_PIECESQUARETABLES:0.5048452336919271
C_MOBILITY:0.5511723003369213
C_KINGSAFETY:0.5540932679860522
C_PAWNSTRUCTURE:0.49243012183526713
C_PIECECOORDINATION:0.5039847987002849
C_ROOKANDPAWNMOVEMENT:0.5039847987002849
C_CENTERCONTROL:0.5103867272776675
C_DEVELOPPIECES:0.5590702255352517
C_MATERIAL:0.4950069719016452
C_MOVECOUNT:0.5
