ELO:973
CE_PASSEDPAWNS:0.4947934119824448
CE_PAWNWEAKNESSES:0.4641101569821681
CE_PIECEACTIVITY:0.48726435832388126
CE_KINGPAWNSHIELD:0.476217470512696
CE_PIECECOORDINATION:0.5157378773410852
CE_MATERIAL:0.5003104031973215
CE_KINGSAFETY:0.5
C_PIECESQUARETABLES:0.5
C_MOBILITY:0.5003931626113698
C_KINGSAFETY:0.5149615272511102
C_PAWNSTRUCTURE:0.4855296850019906
C_PIECECOORDINATION:0.46147752540621434
C_ROOK:0.4471501858849553
CE_ROOK:0.5095970837639285
C_CENTERCONTROL:0.5125384498280412
C_DEVELOPPIECES:0.44866016137643716
C_MATERIAL:0.521620934607245
C_MOVECOUNT:0.4815710890002079
C_PAWNMOVEMENT:0.5090666273198515
