ELO:935
CE_PASSEDPAWNS:0.5287146540881431
CE_PAWNWEAKNESSES:0.488843627484967
CE_PIECEACTIVITY:0.47084029593389765
CE_KINGPAWNSHIELD:0.4715996628109764
CE_PIECECOORDINATION:0.49965124942609435
CE_MATERIAL:0.4954806252208065
CE_KINGSAFETY:0.5115422533149796
C_PIECESQUARETABLES:0.5096720686758848
C_MOBILITY:0.5000530116400443
C_KINGSAFETY:0.5338645252825226
C_PAWNSTRUCTURE:0.5364839379435207
C_PIECECOORDINATION:0.5162356298200228
C_ROOK:0.47709265074051227
CE_ROOK:0.5095129168263658
C_CENTERCONTROL:0.5303147120645416
C_DEVELOPPIECES:0.5072443287584332
C_MATERIAL:0.5269259564733021
C_MOVECOUNT:0.48663849932083436
C_PAWNMOVEMENT:0.4795344908667573
