ELO:961
CE_PASSEDPAWNS:0.5457557319561914
CE_PAWNWEAKNESSES:0.4964745805888462
CE_PIECEACTIVITY:0.502860810882961
CE_KINGPAWNSHIELD:0.4699028447365184
CE_PIECECOORDINATION:0.5020558589857939
CE_MATERIAL:0.4676171091857654
CE_KINGSAFETY:0.5
C_PIECESQUARETABLES:0.5
C_MOBILITY:0.5053963081820159
C_KINGSAFETY:0.5498521099354312
C_PAWNSTRUCTURE:0.5389036492549661
C_PIECECOORDINATION:0.5064921407712171
C_ROOK:0.4708992425749766
CE_ROOK:0.4939978888776828
C_CENTERCONTROL:0.5442525996391671
C_DEVELOPPIECES:0.4838454040824293
C_MATERIAL:0.5058492057204711
C_MOVECOUNT:0.4751011674078073
C_PAWNMOVEMENT:0.50925769483666
