ELO:935
CE_PASSEDPAWNS:0.45594596456840125
CE_PAWNWEAKNESSES:0.4613325775495338
CE_PIECEACTIVITY:0.34955939789737944
CE_KINGPAWNSHIELD:0.5122239341919305
CE_PIECECOORDINATION:0.5717032155785865
CE_MATERIAL:0.5533260579052005
CE_KINGSAFETY:0.5061940270786662
C_PIECESQUARETABLES:0.5178026699289013
C_MOBILITY:0.41220782864996947
C_KINGSAFETY:0.5700132311718977
C_PAWNSTRUCTURE:0.5478971559358596
C_PIECECOORDINATION:0.6063405106201267
C_ROOKANDPAWNMOVEMENT:0.6063405106201267
C_CENTERCONTROL:0.515560304914404
C_DEVELOPPIECES:0.5052193411945877
C_MATERIAL:0.5274529264692162
