ELO:999
CE_PASSEDPAWNS:0.489157607610389
CE_PAWNWEAKNESSES:0.49172938920064874
CE_PIECEACTIVITY:0.5239258981001707
CE_KINGPAWNSHIELD:0.4933176346445245
CE_PIECECOORDINATION:0.5112917239991689
CE_MATERIAL:0.5
CE_KINGSAFETY:0.5136574558858471
C_PIECESQUARETABLES:0.4999965473287593
C_MOBILITY:0.49835793508468185
C_KINGSAFETY:0.5
C_PAWNSTRUCTURE:0.4948515299968046
C_PIECECOORDINATION:0.5002169040041334
C_ROOK:0.4785946006969746
CE_ROOK:0.5147127112309524
C_CENTERCONTROL:0.5141838953259071
C_DEVELOPPIECES:0.5014406420203527
C_MATERIAL:0.4817795804865226
C_MOVECOUNT:0.46353458883566534
C_PAWNMOVEMENT:0.4971619483012429
