ELO:972
CE_PASSEDPAWNS:0.43685000859154494
CE_PAWNWEAKNESSES:0.5301147276251184
CE_PIECEACTIVITY:0.4051805670644529
CE_KINGPAWNSHIELD:0.5356130452828731
CE_PIECECOORDINATION:0.6119405136203517
CE_MATERIAL:0.5374076602815986
CE_KINGSAFETY:0.48865421269527354
C_PIECESQUARETABLES:0.46864361633374396
C_MOBILITY:0.4388863809876304
C_KINGSAFETY:0.5272048959763497
C_PAWNSTRUCTURE:0.5204718539372819
C_PIECECOORDINATION:0.5787193407899832
C_ROOKANDPAWNMOVEMENT:0.5787193407899832
C_CENTERCONTROL:0.5102394010636413
C_DEVELOPPIECES:0.4879384009335179
C_MATERIAL:0.5903161644035487
