ELO:993
CE_PASSEDPAWNS:0.5170856949872173
CE_PAWNWEAKNESSES:0.49994312310593514
CE_PIECEACTIVITY:0.49505106243144886
CE_KINGPAWNSHIELD:0.48635692225824234
CE_PIECECOORDINATION:0.5013399296497787
CE_MATERIAL:0.4954806252208065
CE_KINGSAFETY:0.49078005630613064
C_PIECESQUARETABLES:0.5
C_MOBILITY:0.504866356011717
C_KINGSAFETY:0.5209852444095759
C_PAWNSTRUCTURE:0.5036860493604279
C_PIECECOORDINATION:0.5087892422554313
C_ROOK:0.4892621086482596
CE_ROOK:0.49555768886907764
C_CENTERCONTROL:0.5032128126236135
C_DEVELOPPIECES:0.5190355018503582
C_MATERIAL:0.5254302501097085
C_MOVECOUNT:0.48292909403833073
C_PAWNMOVEMENT:0.48453835972143944
