ELO:989
CE_PASSEDPAWNS:0.39792981371987557
CE_PAWNWEAKNESSES:0.4379647391266902
CE_PIECEACTIVITY:0.5055534717583172
CE_KINGPAWNSHIELD:0.4851192767762497
CE_PIECECOORDINATION:0.6175657889130963
CE_MATERIAL:0.4244086625391592
CE_KINGSAFETY:0.49992866567481087
C_PIECESQUARETABLES:0.5
C_MOBILITY:0.6106431556756368
C_KINGSAFETY:0.5742475742575268
C_PAWNSTRUCTURE:0.3974960377332616
C_PIECECOORDINATION:0.626863333264873
C_ROOKANDPAWNMOVEMENT:0.626863333264873
C_CENTERCONTROL:0.3955488931852228
C_DEVELOPPIECES:0.5545854482019568
C_MATERIAL:0.5866536899795093
