ELO:924
CE_PASSEDPAWNS:0.5752847504828
CE_PAWNWEAKNESSES:0.5173992390961265
CE_PIECEACTIVITY:0.42046622963911656
CE_KINGPAWNSHIELD:0.4135352566078106
CE_PIECECOORDINATION:0.6269742007627584
CE_MATERIAL:0.4828592622722538
CE_KINGSAFETY:0.5126180595574977
C_PIECESQUARETABLES:0.5239662171763295
C_MOBILITY:0.5209137600753646
C_KINGSAFETY:0.462678151591621
C_PAWNSTRUCTURE:0.6722360722419529
C_PIECECOORDINATION:0.5078668472834064
C_ROOKANDPAWNMOVEMENT:0.5078668472834064
C_CENTERCONTROL:0.7132261019431525
C_DEVELOPPIECES:0.44616293148944247
C_MATERIAL:0.5576034021139679
