ELO:970
CE_PASSEDPAWNS:0.4908146420657366
CE_PAWNWEAKNESSES:0.48741333237370976
CE_PIECEACTIVITY:0.5173714059075601
CE_KINGPAWNSHIELD:0.502806952099709
CE_PIECECOORDINATION:0.5152700977031358
CE_MATERIAL:0.5056524609238948
CE_KINGSAFETY:0.49721835120674945
C_PIECESQUARETABLES:0.5
C_MOBILITY:0.5035981859326978
C_KINGSAFETY:0.46135319492273685
C_PAWNSTRUCTURE:0.518361201433484
C_PIECECOORDINATION:0.4880189677909196
C_ROOKANDPAWNMOVEMENT:0.4880189677909196
C_CENTERCONTROL:0.505281403712557
C_DEVELOPPIECES:0.4908415033950022
C_MATERIAL:0.5086621746171134
C_MOVECOUNT:0.49103430450641095
