ELO:899
CE_PASSEDPAWNS:0.4806934172112709
CE_PAWNWEAKNESSES:0.47367348672552384
CE_PIECEACTIVITY:0.5254949852311305
CE_KINGPAWNSHIELD:0.494412109944964
CE_PIECECOORDINATION:0.5171309327284308
CE_MATERIAL:0.49591554389436315
CE_KINGSAFETY:0.4977344743535399
C_PIECESQUARETABLES:0.4775570167993761
C_MOBILITY:0.4975456576566891
C_KINGSAFETY:0.5075776363620688
C_PAWNSTRUCTURE:0.4742330405905506
C_PIECECOORDINATION:0.4673952032776604
C_ROOK:0.5076146758587873
CE_ROOK:0.4748325971397866
C_CENTERCONTROL:0.4719668872492011
C_DEVELOPPIECES:0.5160967341771311
C_MATERIAL:0.5295174492170278
C_MOVECOUNT:0.5013104806531562
C_PAWNMOVEMENT:0.5165687570324822
