ELO:868
CE_PASSEDPAWNS:0.4863506603291331
CE_PAWNWEAKNESSES:0.4633837745665926
CE_PIECEACTIVITY:0.532404491140571
CE_KINGPAWNSHIELD:0.49795300911184937
CE_PIECECOORDINATION:0.505073848506226
CE_MATERIAL:0.4862872350849043
CE_KINGSAFETY:0.49257523554502186
C_PIECESQUARETABLES:0.5
C_MOBILITY:0.5011834811102192
C_KINGSAFETY:0.5075776363620688
C_PAWNSTRUCTURE:0.4641159174006349
C_PIECECOORDINATION:0.44658619888827755
C_ROOK:0.5172969378788722
CE_ROOK:0.47522995602475077
C_CENTERCONTROL:0.47072122189888443
C_DEVELOPPIECES:0.5055442704975857
C_MATERIAL:0.540786808257425
C_MOVECOUNT:0.4928206556869038
C_PAWNMOVEMENT:0.5119873539597245
