ELO:971
CE_PASSEDPAWNS:0.4791641593634678
CE_PAWNWEAKNESSES:0.4789538566233647
CE_PIECEACTIVITY:0.49769012705028826
CE_KINGPAWNSHIELD:0.5021759647515642
CE_PIECECOORDINATION:0.492145055057865
CE_MATERIAL:0.4875795555721998
CE_KINGSAFETY:0.5185755535180845
C_PIECESQUARETABLES:0.5127672752824866
C_MOBILITY:0.48297716672396623
C_KINGSAFETY:0.5174776408190982
C_PAWNSTRUCTURE:0.4740325438380306
C_PIECECOORDINATION:0.48270631855988494
C_ROOK:0.5076142951737224
CE_ROOK:0.477439010672278
C_CENTERCONTROL:0.4890456805528176
C_DEVELOPPIECES:0.5176784209353539
C_MATERIAL:0.5120865425839348
C_MOVECOUNT:0.5070583004267522
C_PAWNMOVEMENT:0.49713017682816774
