ELO:825
CE_PASSEDPAWNS:0.5809988356967988
CE_PAWNWEAKNESSES:0.5409030245480513
CE_PIECEACTIVITY:0.5828627664794613
CE_KINGPAWNSHIELD:0.501455774285989
CE_PIECECOORDINATION:0.5367855335883002
CE_MATERIAL:0.4790672260743675
CE_KINGSAFETY:0.4908888789419673
C_PIECESQUARETABLES:0.5277354936273732
C_MOBILITY:0.45525581508601115
C_KINGSAFETY:0.4784181056086579
C_PAWNSTRUCTURE:0.4730659200306862
C_PIECECOORDINATION:0.54001782055317
C_ROOKANDPAWNMOVEMENT:0.54001782055317
C_CENTERCONTROL:0.5573014109629297
C_DEVELOPPIECES:0.4446877940646566
C_MATERIAL:0.5497213868355536
C_MOVECOUNT:0.5
