ELO:991
CE_PASSEDPAWNS:0.5152717335037095
CE_PAWNWEAKNESSES:0.48847925533027836
CE_PIECEACTIVITY:0.44702513534374605
CE_KINGPAWNSHIELD:0.5604491815606495
CE_PIECECOORDINATION:0.5621327787856326
CE_MATERIAL:0.42536303641734813
CE_KINGSAFETY:0.4769056799560968
C_PIECESQUARETABLES:0.4838438605859416
C_MOBILITY:0.37645309584603276
C_KINGSAFETY:0.4901667739176923
C_PAWNSTRUCTURE:0.5168199116575725
C_PIECECOORDINATION:0.503152934764877
C_ROOKANDPAWNMOVEMENT:0.503152934764877
C_CENTERCONTROL:0.48987572127801177
C_DEVELOPPIECES:0.5128142145133917
C_MATERIAL:0.5346055994686835
