ELO:1020
CE_PASSEDPAWNS:0.47476730271159173
CE_PAWNWEAKNESSES:0.45753908675987287
CE_PIECEACTIVITY:0.502962933369803
CE_KINGPAWNSHIELD:0.5390317265482717
CE_PIECECOORDINATION:0.4164548573584617
CE_MATERIAL:0.35668956651031225
CE_KINGSAFETY:0.5353123449074025
C_PIECESQUARETABLES:0.5132199669056321
C_MOBILITY:0.36442029235535084
C_KINGSAFETY:0.51859426849148
C_PAWNSTRUCTURE:0.5098564880377524
C_PIECECOORDINATION:0.4955818909797244
C_ROOKANDPAWNMOVEMENT:0.4955818909797244
C_CENTERCONTROL:0.5338627603260951
C_DEVELOPPIECES:0.5434595485553988
C_MATERIAL:0.5210946296885979
