ELO:1000
CE_PASSEDPAWNS:0.5289720967457252
CE_PAWNWEAKNESSES:0.5447220540604144
CE_PIECEACTIVITY:0.5303833244001152
CE_KINGPAWNSHIELD:0.5446298613944017
CE_PIECECOORDINATION:0.49685370935807266
CE_MATERIAL:0.48932676213113613
CE_KINGSAFETY:0.5110139485622298
C_PIECESQUARETABLES:0.4814103843993962
C_MOBILITY:0.5007591962752563
C_KINGSAFETY:0.5301352731015899
C_PAWNSTRUCTURE:0.46396392555237
C_PIECECOORDINATION:0.47912814943991805
C_ROOKANDPAWNMOVEMENT:0.47912814943991805
C_CENTERCONTROL:0.5178361619210712
C_DEVELOPPIECES:0.45161167116390316
C_MATERIAL:0.4924097041401395
