ELO:966
CE_PASSEDPAWNS:0.49136042112995065
CE_PAWNWEAKNESSES:0.5056597523130061
CE_PIECEACTIVITY:0.5
CE_KINGPAWNSHIELD:0.5073781260902795
CE_PIECECOORDINATION:0.5038925613968713
CE_MATERIAL:0.49169796547098527
CE_KINGSAFETY:0.5036390621103018
C_PIECESQUARETABLES:0.4834884092132181
C_MOBILITY:0.5109251179217351
C_KINGSAFETY:0.5088733113489752
C_PAWNSTRUCTURE:0.4996041792002023
C_PIECECOORDINATION:0.5102720907096427
C_ROOKANDPAWNMOVEMENT:0.5102720907096427
C_CENTERCONTROL:0.5087304693381998
C_DEVELOPPIECES:0.4797806398437118
C_MATERIAL:0.4973604335518261
C_MOVECOUNT:0.5012585496588847
