ELO:997
CE_PASSEDPAWNS:0.4528820825661275
CE_PAWNWEAKNESSES:0.486108615644137
CE_PIECEACTIVITY:0.4653496872659789
CE_KINGPAWNSHIELD:0.46633919789194433
CE_PIECECOORDINATION:0.5290269598598026
CE_MATERIAL:0.508888659032052
CE_KINGSAFETY:0.5
C_PIECESQUARETABLES:0.5
C_MOBILITY:0.49952998704543033
C_KINGSAFETY:0.43530700277890766
C_PAWNSTRUCTURE:0.5201703238260312
C_PIECECOORDINATION:0.4592650581822031
C_ROOKANDPAWNMOVEMENT:0.4592650581822031
C_CENTERCONTROL:0.42222982848233787
C_DEVELOPPIECES:0.5039188911612011
C_MATERIAL:0.5461326497490587
