ELO:1000
CE_PASSEDPAWNS:0.5054375270427642
CE_PAWNWEAKNESSES:0.5106794812116818
CE_PIECEACTIVITY:0.5022576886942968
CE_KINGPAWNSHIELD:0.5024622251641335
CE_PIECECOORDINATION:0.5
CE_MATERIAL:0.5083969383902972
CE_KINGSAFETY:0.49907546282722537
C_PIECESQUARETABLES:0.5072677326011056
C_MOBILITY:0.5069264343632567
C_KINGSAFETY:0.5062287172224487
C_PAWNSTRUCTURE:0.4955211514460475
C_PIECECOORDINATION:0.4988820955279115
C_ROOKANDPAWNMOVEMENT:0.4988820955279115
C_CENTERCONTROL:0.49814643664010794
C_DEVELOPPIECES:0.49794151327821023
C_MATERIAL:0.5200571985299711
