ELO:768
CE_PASSEDPAWNS:0.4922357262661697
CE_PAWNWEAKNESSES:0.44948135765757696
CE_PIECEACTIVITY:0.38406320134931415
CE_KINGPAWNSHIELD:0.5494655331261451
CE_PIECECOORDINATION:0.5687007330332328
CE_MATERIAL:0.4969563395678289
CE_KINGSAFETY:0.4915608319549454
C_PIECESQUARETABLES:0.4967505205467298
C_MOBILITY:0.6060760167306936
C_KINGSAFETY:0.4449190364540003
C_PAWNSTRUCTURE:0.4298429489948166
C_PIECECOORDINATION:0.4492242904912015
C_ROOKANDPAWNMOVEMENT:0.4492242904912015
C_CENTERCONTROL:0.4881775583145697
C_DEVELOPPIECES:0.5082000422379472
C_MATERIAL:0.46839801804590625
C_MOVECOUNT:0.4849386071983932
