ELO:915
CE_PASSEDPAWNS:0.5266794380821096
CE_PAWNWEAKNESSES:0.504327016137308
CE_PIECEACTIVITY:0.5057394832805833
CE_KINGPAWNSHIELD:0.46652630180871446
CE_PIECECOORDINATION:0.5109878189279065
CE_MATERIAL:0.5010485332774768
CE_KINGSAFETY:0.5219857044316316
C_PIECESQUARETABLES:0.42060920065145085
C_MOBILITY:0.5335765053407424
C_KINGSAFETY:0.5044196533914881
C_PAWNSTRUCTURE:0.47145513210770096
C_PIECECOORDINATION:0.48897860815299743
C_ROOKANDPAWNMOVEMENT:0.48897860815299743
C_CENTERCONTROL:0.5397257523278255
C_DEVELOPPIECES:0.5520230954285669
C_MATERIAL:0.5219678189415012
C_MOVECOUNT:0.5
