ELO:983
CE_PASSEDPAWNS:0.5026600436794593
CE_PAWNWEAKNESSES:0.4962619906132402
CE_PIECEACTIVITY:0.5005836828885917
CE_KINGPAWNSHIELD:0.502806952099709
CE_PIECECOORDINATION:0.5028809183531123
CE_MATERIAL:0.45369825452738693
CE_KINGSAFETY:0.4938142287604839
C_PIECESQUARETABLES:0.4818555398999975
C_MOBILITY:0.5
C_KINGSAFETY:0.4710893398597702
C_PAWNSTRUCTURE:0.5067684513739733
C_PIECECOORDINATION:0.4922375823786178
C_ROOKANDPAWNMOVEMENT:0.4922375823786178
C_CENTERCONTROL:0.5004565772607609
C_DEVELOPPIECES:0.5
C_MATERIAL:0.5146159576762055
C_MOVECOUNT:0.48030722569133466
