ELO:671
CE_PASSEDPAWNS:0.49039255202631893
CE_PAWNWEAKNESSES:0.4741689507375208
CE_PIECEACTIVITY:0.36139209436627107
CE_KINGPAWNSHIELD:0.39527800017204856
CE_PIECECOORDINATION:0.5587635697242186
CE_MATERIAL:0.5255915422507486
CE_KINGSAFETY:0.5068147254647493
C_PIECESQUARETABLES:0.5144989555195846
C_MOBILITY:0.6074491568870471
C_KINGSAFETY:0.42973842148397323
C_PAWNSTRUCTURE:0.4600813598400115
C_PIECECOORDINATION:0.46984036927834505
C_ROOKANDPAWNMOVEMENT:0.46984036927834505
C_CENTERCONTROL:0.4611005603688079
C_DEVELOPPIECES:0.5042822854347332
C_MATERIAL:0.5504828433142267
C_MOVECOUNT:0.4815750016622429
