ELO:879
CE_PASSEDPAWNS:0.47716442422988103
CE_PAWNWEAKNESSES:0.47567112865746075
CE_PIECEACTIVITY:0.5273455078008882
CE_KINGPAWNSHIELD:0.49795300911184937
CE_PIECECOORDINATION:0.5042500317012698
CE_MATERIAL:0.49409033616620457
CE_KINGSAFETY:0.5038292887701442
C_PIECESQUARETABLES:0.5
C_MOBILITY:0.4896283661235663
C_KINGSAFETY:0.5075776363620688
C_PAWNSTRUCTURE:0.4570716922131224
C_PIECECOORDINATION:0.431098187834708
C_ROOK:0.5183884404131082
CE_ROOK:0.4632719586543641
C_CENTERCONTROL:0.4664798496192841
C_DEVELOPPIECES:0.5058367407547049
C_MATERIAL:0.5585028602787883
C_MOVECOUNT:0.48845194042374646
C_PAWNMOVEMENT:0.5227001434673458
