ELO:947
CE_PASSEDPAWNS:0.5934971470679662
CE_PAWNWEAKNESSES:0.5460510494741384
CE_PIECEACTIVITY:0.5045488115189126
CE_KINGPAWNSHIELD:0.5425180203638366
CE_PIECECOORDINATION:0.4994944663234043
CE_MATERIAL:0.4578075416728034
CE_KINGSAFETY:0.5004824392524883
C_PIECESQUARETABLES:0.5116298794434626
C_MOBILITY:0.32531521132900154
C_KINGSAFETY:0.5713847921300929
C_PAWNSTRUCTURE:0.6646820366250594
C_PIECECOORDINATION:0.4179573482347877
C_ROOKANDPAWNMOVEMENT:0.4179573482347877
C_CENTERCONTROL:0.4701487898525552
C_DEVELOPPIECES:0.4959645606582794
C_MATERIAL:0.671468873133543
