ELO:875
CE_PASSEDPAWNS:0.4447205958083703
CE_PAWNWEAKNESSES:0.5657173298213156
CE_PIECEACTIVITY:0.49330093217923277
CE_KINGPAWNSHIELD:0.5654321935776142
CE_PIECECOORDINATION:0.5008811275572616
CE_MATERIAL:0.4796759527853174
CE_KINGSAFETY:0.5042000254429302
C_PIECESQUARETABLES:0.5045940293871998
C_MOBILITY:0.4270468629716214
C_KINGSAFETY:0.4607145031116855
C_PAWNSTRUCTURE:0.5442653135277292
C_PIECECOORDINATION:0.4483939790457295
C_ROOKANDPAWNMOVEMENT:0.4483939790457295
C_CENTERCONTROL:0.4759376105621787
C_DEVELOPPIECES:0.500759317849759
C_MATERIAL:0.5022798688671538
C_MOVECOUNT:0.5
