ELO:1000
CE_PASSEDPAWNS:0.5402742314484884
CE_PAWNWEAKNESSES:0.5434583805674996
CE_PIECEACTIVITY:0.49994653122484306
CE_KINGPAWNSHIELD:0.5335584192360797
CE_PIECECOORDINATION:0.5427796675416229
CE_MATERIAL:0.5120406960837383
CE_KINGSAFETY:0.48069713800357655
C_PIECESQUARETABLES:0.5010399456647475
C_MOBILITY:0.5388083649496642
C_KINGSAFETY:0.5024709988234887
C_PAWNSTRUCTURE:0.5098989015662473
C_PIECECOORDINATION:0.48374764729546005
C_ROOKANDPAWNMOVEMENT:0.48374764729546005
C_CENTERCONTROL:0.47080170514567643
C_DEVELOPPIECES:0.4685674530066232
C_MATERIAL:0.5459112977708824
