ELO:920
CE_PASSEDPAWNS:0.4761654350039238
CE_PAWNWEAKNESSES:0.4853881583315487
CE_PIECEACTIVITY:0.5213073170186519
CE_KINGPAWNSHIELD:0.5066519296995604
CE_PIECECOORDINATION:0.5033451357793948
CE_MATERIAL:0.4933375713122477
CE_KINGSAFETY:0.5
C_PIECESQUARETABLES:0.4918607604563788
C_MOBILITY:0.48930299988413645
C_KINGSAFETY:0.5227003020163108
C_PAWNSTRUCTURE:0.4747118243440083
C_PIECECOORDINATION:0.48037634205334
C_ROOK:0.49942339563017013
CE_ROOK:0.485804823541096
C_CENTERCONTROL:0.4898956549859183
C_DEVELOPPIECES:0.5128712178093201
C_MATERIAL:0.5295174492170278
C_MOVECOUNT:0.5132684109798893
C_PAWNMOVEMENT:0.5050683865289697
