ELO:937
CE_PASSEDPAWNS:0.5184004228800433
CE_PAWNWEAKNESSES:0.5102356223030032
CE_PIECEACTIVITY:0.5109855875087599
CE_KINGPAWNSHIELD:0.483083872942529
CE_PIECECOORDINATION:0.549865982187572
CE_MATERIAL:0.5286211336321454
CE_KINGSAFETY:0.5308053308499888
C_PIECESQUARETABLES:0.46882884023803206
C_MOBILITY:0.5170561557936779
C_KINGSAFETY:0.4999072271531902
C_PAWNSTRUCTURE:0.4950598061828131
C_PIECECOORDINATION:0.49330343666319343
C_ROOKANDPAWNMOVEMENT:0.49330343666319343
C_CENTERCONTROL:0.5104240806926689
C_DEVELOPPIECES:0.5486818017276577
C_MATERIAL:0.5371535941129112
C_MOVECOUNT:0.5
