ELO:1000
CE_PASSEDPAWNS:0.5573317509895639
CE_PAWNWEAKNESSES:0.5670188761580056
CE_PIECEACTIVITY:0.5439903869266256
CE_KINGPAWNSHIELD:0.5073001669282746
CE_PIECECOORDINATION:0.5032036889499719
CE_MATERIAL:0.5002259725101775
CE_KINGSAFETY:0.5378652573591471
C_PIECESQUARETABLES:0.5063141138114139
C_MOBILITY:0.5011592246248712
C_KINGSAFETY:0.5467923337970586
C_PAWNSTRUCTURE:0.4817034305651484
C_PIECECOORDINATION:0.5167368518454418
C_ROOKANDPAWNMOVEMENT:0.5167368518454418
C_CENTERCONTROL:0.5004524455328607
C_DEVELOPPIECES:0.5004355412102308
C_MATERIAL:0.4786834723178835
