ELO:970
CE_PASSEDPAWNS:0.5171697373316944
CE_PAWNWEAKNESSES:0.4850290349397125
CE_PIECEACTIVITY:0.5104905134681539
CE_KINGPAWNSHIELD:0.48439111987816147
CE_PIECECOORDINATION:0.4866502877913611
CE_MATERIAL:0.48187641273953774
CE_KINGSAFETY:0.5182234686258829
C_PIECESQUARETABLES:0.5069255144557943
C_MOBILITY:0.49126690339802936
C_KINGSAFETY:0.49157840080858717
C_PAWNSTRUCTURE:0.518361201433484
C_PIECECOORDINATION:0.5106906108550268
C_ROOKANDPAWNMOVEMENT:0.5106906108550268
C_CENTERCONTROL:0.4923062554371893
C_DEVELOPPIECES:0.48371509768106347
C_MATERIAL:0.5086621746171134
C_MOVECOUNT:0.4901270245178066
