ELO:941
CE_PASSEDPAWNS:0.5519123348737353
CE_PAWNWEAKNESSES:0.4648966309612494
CE_PIECEACTIVITY:0.4979696788131242
CE_KINGPAWNSHIELD:0.47172549851946793
CE_PIECECOORDINATION:0.5278921787148052
CE_MATERIAL:0.5405488824388075
CE_KINGSAFETY:0.5596206929129833
C_PIECESQUARETABLES:0.4346866835617988
C_MOBILITY:0.535231470757047
C_KINGSAFETY:0.47907016992292106
C_PAWNSTRUCTURE:0.47560605035971704
C_PIECECOORDINATION:0.4907340076917753
C_ROOKANDPAWNMOVEMENT:0.4907340076917753
C_CENTERCONTROL:0.5273569505023983
C_DEVELOPPIECES:0.5470388807254887
C_MATERIAL:0.5227411840481933
C_MOVECOUNT:0.5
