ELO:1000
CE_PASSEDPAWNS:0.5802116809146538
CE_PAWNWEAKNESSES:0.5188542415466093
CE_PIECEACTIVITY:0.5543710580563741
CE_KINGPAWNSHIELD:0.5323489399896074
CE_PIECECOORDINATION:0.605490624146052
CE_MATERIAL:0.48932019353149325
CE_KINGSAFETY:0.4968294610442664
C_PIECESQUARETABLES:0.4806998980934428
C_MOBILITY:0.553403687094531
C_KINGSAFETY:0.4907947046555663
C_PAWNSTRUCTURE:0.534371009066797
C_PIECECOORDINATION:0.5302858905385451
C_ROOKANDPAWNMOVEMENT:0.5302858905385451
C_CENTERCONTROL:0.47770117373449894
C_DEVELOPPIECES:0.5119241335058045
C_MATERIAL:0.5441740582507005
