ELO:1000
CE_PASSEDPAWNS:0.5587194019404848
CE_PAWNWEAKNESSES:0.5154725450231741
CE_PIECEACTIVITY:0.5052012853237853
CE_KINGPAWNSHIELD:0.5533059307556435
CE_PIECECOORDINATION:0.5448071679598546
CE_MATERIAL:0.5024187483297891
CE_KINGSAFETY:0.5109705240738284
C_PIECESQUARETABLES:0.5165451931995998
C_MOBILITY:0.5294834413710713
C_KINGSAFETY:0.5131925852819469
C_PAWNSTRUCTURE:0.5171115725790953
C_PIECECOORDINATION:0.48303481659195907
C_ROOKANDPAWNMOVEMENT:0.48303481659195907
C_CENTERCONTROL:0.46333565987237363
C_DEVELOPPIECES:0.49441410399726116
C_MATERIAL:0.5653742435569404
