ELO:1006
CE_PASSEDPAWNS:0.5174823785743133
CE_PAWNWEAKNESSES:0.5
CE_PIECEACTIVITY:0.509314955736958
CE_KINGPAWNSHIELD:0.5
CE_PIECECOORDINATION:0.48635895243709504
CE_MATERIAL:0.5020669304379035
CE_KINGSAFETY:0.5090588987790189
C_PIECESQUARETABLES:0.4915409602223621
C_MOBILITY:0.49126690339802936
C_KINGSAFETY:0.4890168794746796
C_PAWNSTRUCTURE:0.5
C_PIECECOORDINATION:0.5107010265722889
C_ROOKANDPAWNMOVEMENT:0.5107010265722889
C_CENTERCONTROL:0.5114276487159857
C_DEVELOPPIECES:0.4968313709367048
C_MATERIAL:0.5154719276761974
C_MOVECOUNT:0.49360677436387324
