ELO:1000
CE_PASSEDPAWNS:0.510536835304242
CE_PAWNWEAKNESSES:0.4991902040486069
CE_PIECEACTIVITY:0.521265120171465
CE_KINGPAWNSHIELD:0.5049526174398007
CE_PIECECOORDINATION:0.4870687562669974
CE_MATERIAL:0.5190980186622973
CE_KINGSAFETY:0.4974913740011177
C_PIECESQUARETABLES:0.5077889301815713
C_MOBILITY:0.5313310924889544
C_KINGSAFETY:0.5121695435959139
C_PAWNSTRUCTURE:0.45249467036948393
C_PIECECOORDINATION:0.48986802781989813
C_ROOKANDPAWNMOVEMENT:0.48986802781989813
C_CENTERCONTROL:0.5085843266612131
C_DEVELOPPIECES:0.4596911868085197
C_MATERIAL:0.479055012426951
