ELO:951
CE_PASSEDPAWNS:0.5616073545068627
CE_PAWNWEAKNESSES:0.48750375287202696
CE_PIECEACTIVITY:0.4361749106168216
CE_KINGPAWNSHIELD:0.5270033052797675
CE_PIECECOORDINATION:0.5709002193513946
CE_MATERIAL:0.42720344223819123
CE_KINGSAFETY:0.5243069583274508
C_PIECESQUARETABLES:0.5035586639004346
C_MOBILITY:0.362153166500696
C_KINGSAFETY:0.45153439141003715
C_PAWNSTRUCTURE:0.4774749082949541
C_PIECECOORDINATION:0.47891476699539454
C_ROOKANDPAWNMOVEMENT:0.47891476699539454
C_CENTERCONTROL:0.48237297198203444
C_DEVELOPPIECES:0.4773353810989444
C_MATERIAL:0.5418988358486895
