ELO:952
CE_PASSEDPAWNS:0.4710750687851516
CE_PAWNWEAKNESSES:0.4958483334216917
CE_PIECEACTIVITY:0.5742986289039237
CE_KINGPAWNSHIELD:0.5093595074658585
CE_PIECECOORDINATION:0.5430779025836834
CE_MATERIAL:0.4862593661520996
CE_KINGSAFETY:0.5006077290592988
C_PIECESQUARETABLES:0.484325733320217
C_MOBILITY:0.49013385444028673
C_KINGSAFETY:0.5249771639190055
C_PAWNSTRUCTURE:0.5038413991850473
C_PIECECOORDINATION:0.6149477789258788
C_ROOKANDPAWNMOVEMENT:0.6149477789258788
C_CENTERCONTROL:0.5268292552397796
C_DEVELOPPIECES:0.4876464525831566
C_MATERIAL:0.47447244762847823
C_MOVECOUNT:0.4744362762564953
