ELO:824
CE_PASSEDPAWNS:0.3132909533605922
CE_PAWNWEAKNESSES:0.4493993321667408
CE_PIECEACTIVITY:0.4638779741439392
CE_KINGPAWNSHIELD:0.4844159244262353
CE_PIECECOORDINATION:0.44189065744090056
CE_MATERIAL:0.5068641732695285
CE_KINGSAFETY:0.4981227077433714
C_PIECESQUARETABLES:0.5284418095165143
C_MOBILITY:0.5815991275827138
C_KINGSAFETY:0.5797687848053115
C_PAWNSTRUCTURE:0.6515184731583229
C_PIECECOORDINATION:0.5947306813488943
C_ROOKANDPAWNMOVEMENT:0.5947306813488943
C_CENTERCONTROL:0.48693549921119805
C_DEVELOPPIECES:0.42195636154687494
C_MATERIAL:0.5458164110701247
