ELO:973
CE_PASSEDPAWNS:0.5486112111553724
CE_PAWNWEAKNESSES:0.5038812152064074
CE_PIECEACTIVITY:0.5061027823806294
CE_KINGPAWNSHIELD:0.5384758899306825
CE_PIECECOORDINATION:0.49002242246767935
CE_MATERIAL:0.4608654119169008
CE_KINGSAFETY:0.5
C_PIECESQUARETABLES:0.5035472572100498
C_MOBILITY:0.3832309990441849
C_KINGSAFETY:0.5679526879832791
C_PAWNSTRUCTURE:0.6687928208223989
C_PIECECOORDINATION:0.4238592223656034
C_ROOKANDPAWNMOVEMENT:0.4238592223656034
C_CENTERCONTROL:0.4868980689152955
C_DEVELOPPIECES:0.4876629881996835
C_MATERIAL:0.604859791700093
