ELO:982
CE_PASSEDPAWNS:0.4985020654868969
CE_PAWNWEAKNESSES:0.5013889570751865
CE_PIECEACTIVITY:0.4902414812945636
CE_KINGPAWNSHIELD:0.5080363633987031
CE_PIECECOORDINATION:0.5002614476420664
CE_MATERIAL:0.49740817090558637
CE_KINGSAFETY:0.5
C_PIECESQUARETABLES:0.4984422872296157
C_MOBILITY:0.5025165859349583
C_KINGSAFETY:0.4975638498013223
C_PAWNSTRUCTURE:0.5
C_PIECECOORDINATION:0.49535075217837204
C_ROOKANDPAWNMOVEMENT:0.49535075217837204
C_CENTERCONTROL:0.5020469622563828
C_DEVELOPPIECES:0.4214834087919563
C_MATERIAL:0.4952601721988103
C_MOVECOUNT:0.5
