ELO:907
CE_PASSEDPAWNS:0.46429650826319624
CE_PAWNWEAKNESSES:0.47997333798369274
CE_PIECEACTIVITY:0.5151739231127231
CE_KINGPAWNSHIELD:0.5066519296995604
CE_PIECECOORDINATION:0.49487948119437936
CE_MATERIAL:0.48602438123447517
CE_KINGSAFETY:0.5022201717413528
C_PIECESQUARETABLES:0.48898330565613873
C_MOBILITY:0.48930299988413645
C_KINGSAFETY:0.5124705242661249
C_PAWNSTRUCTURE:0.47731009772921784
C_PIECECOORDINATION:0.48270631855988494
C_ROOK:0.5042267946735739
CE_ROOK:0.48571440673159605
C_CENTERCONTROL:0.4785949784840899
C_DEVELOPPIECES:0.499576962761343
C_MATERIAL:0.513650624775877
C_MOVECOUNT:0.5171467326648964
C_PAWNMOVEMENT:0.49713017682816774
