ELO:963
CE_PASSEDPAWNS:0.5896846728902767
CE_PAWNWEAKNESSES:0.568791146875775
CE_PIECEACTIVITY:0.49165564024696007
CE_KINGPAWNSHIELD:0.5305500273490716
CE_PIECECOORDINATION:0.48742614845852006
CE_MATERIAL:0.48713728280810603
CE_KINGSAFETY:0.49146707542739954
C_PIECESQUARETABLES:0.5120535326516672
C_MOBILITY:0.296223864828051
C_KINGSAFETY:0.5771618135278858
C_PAWNSTRUCTURE:0.6609253875664921
C_PIECECOORDINATION:0.41316316384737856
C_ROOKANDPAWNMOVEMENT:0.41316316384737856
C_CENTERCONTROL:0.4592105613289012
C_DEVELOPPIECES:0.48051639913261984
C_MATERIAL:0.6387787799346816
