ELO:925
CE_PASSEDPAWNS:0.5693570679893725
CE_PAWNWEAKNESSES:0.5115502864801101
CE_PIECEACTIVITY:0.5094987167827015
CE_KINGPAWNSHIELD:0.49159122090940105
CE_PIECECOORDINATION:0.5314472013132424
CE_MATERIAL:0.4867881666478635
CE_KINGSAFETY:0.4813947746445152
C_PIECESQUARETABLES:0.5
C_MOBILITY:0.48409092366460227
C_KINGSAFETY:0.5208811196872679
C_PAWNSTRUCTURE:0.4931731912826744
C_PIECECOORDINATION:0.5072697827773696
C_ROOKANDPAWNMOVEMENT:0.5072697827773696
C_CENTERCONTROL:0.5229619663041863
C_DEVELOPPIECES:0.43000998272228125
C_MATERIAL:0.4978283169567321
C_MOVECOUNT:0.5
