ELO:946
CE_PASSEDPAWNS:0.5110757262837132
CE_PAWNWEAKNESSES:0.4874931599279913
CE_PIECEACTIVITY:0.49731571610654335
CE_KINGPAWNSHIELD:0.4951282723241682
CE_PIECECOORDINATION:0.5027756256601587
CE_MATERIAL:0.48522782905624406
CE_KINGSAFETY:0.5087053950104831
C_PIECESQUARETABLES:0.5212596049395433
C_MOBILITY:0.4986114102661794
C_KINGSAFETY:0.46376898220474966
C_PAWNSTRUCTURE:0.4859011522001249
C_PIECECOORDINATION:0.5219181693684769
C_ROOKANDPAWNMOVEMENT:0.5219181693684769
C_CENTERCONTROL:0.5064723179098249
C_DEVELOPPIECES:0.5011364090910781
C_MATERIAL:0.4753278849235834
C_MOVECOUNT:0.5
