ELO:975
CE_PASSEDPAWNS:0.5
CE_PAWNWEAKNESSES:0.5
CE_PIECEACTIVITY:0.4968111457415952
CE_KINGPAWNSHIELD:0.5
CE_PIECECOORDINATION:0.5091298275148489
CE_MATERIAL:0.5047259866937784
CE_KINGSAFETY:0.5120131820561246
C_PIECESQUARETABLES:0.4910181049597024
C_MOBILITY:0.5
C_KINGSAFETY:0.5044033026651288
C_PAWNSTRUCTURE:0.5148053578700292
C_PIECECOORDINATION:0.5103455889075351
C_ROOKANDPAWNMOVEMENT:0.5103455889075351
C_CENTERCONTROL:0.5081090206768446
C_DEVELOPPIECES:0.5
C_MATERIAL:0.5102320363322914
C_MOVECOUNT:0.5
