ELO:1012
CE_PASSEDPAWNS:0.5216690723799255
CE_PAWNWEAKNESSES:0.5190556432171685
CE_PIECEACTIVITY:0.49937530237861205
CE_KINGPAWNSHIELD:0.5
CE_PIECECOORDINATION:0.5115240111393169
CE_MATERIAL:0.5
CE_KINGSAFETY:0.4934777650786746
C_PIECESQUARETABLES:0.5
C_MOBILITY:0.49307254992587235
C_KINGSAFETY:0.4963348266197027
C_PAWNSTRUCTURE:0.5054389621010532
C_PIECECOORDINATION:0.4949860906898488
C_ROOKANDPAWNMOVEMENT:0.4949860906898488
C_CENTERCONTROL:0.47705540396409135
C_DEVELOPPIECES:0.5116115988231177
C_MATERIAL:0.5176202133393392
C_MOVECOUNT:0.509332248218171
