ELO:920
CE_PASSEDPAWNS:0.43124683651715257
CE_PAWNWEAKNESSES:0.50488370989722
CE_PIECEACTIVITY:0.48504820307991786
CE_KINGPAWNSHIELD:0.44202122241330366
CE_PIECECOORDINATION:0.5613728904688818
CE_MATERIAL:0.5134095765726358
CE_KINGSAFETY:0.5003322493679927
C_PIECESQUARETABLES:0.4976802818410595
C_MOBILITY:0.49294654847544034
C_KINGSAFETY:0.48983138781998087
C_PAWNSTRUCTURE:0.4888972201064988
C_PIECECOORDINATION:0.5142686694252423
C_ROOK:0.5193872822689054
CE_ROOK:0.4959173328768342
C_CENTERCONTROL:0.48236911723575754
C_DEVELOPPIECES:0.5071670003915494
C_MATERIAL:0.4699767754113589
C_MOVECOUNT:0.47124893645014093
C_PAWNMOVEMENT:0.4850595692960303
