ELO:964
CE_PASSEDPAWNS:0.5048028537073952
CE_PAWNWEAKNESSES:0.5005187551619659
CE_PIECEACTIVITY:0.4614070150843406
CE_KINGPAWNSHIELD:0.5080732706224637
CE_PIECECOORDINATION:0.47936012441611436
CE_MATERIAL:0.5114571000542131
CE_KINGSAFETY:0.49595067657608105
C_PIECESQUARETABLES:0.5084990608812812
C_MOBILITY:0.4848692164858015
C_KINGSAFETY:0.46779005234643434
C_PAWNSTRUCTURE:0.5115374483884347
C_PIECECOORDINATION:0.48482281339116484
C_ROOKANDPAWNMOVEMENT:0.48482281339116484
C_CENTERCONTROL:0.5296960974249012
C_DEVELOPPIECES:0.4935007159175937
C_MATERIAL:0.5005217478029754
C_MOVECOUNT:0.4957859242383581
