ELO:875
CE_PASSEDPAWNS:0.4775617881485121
CE_PAWNWEAKNESSES:0.4772457491639068
CE_PIECEACTIVITY:0.47530666142955424
CE_KINGPAWNSHIELD:0.3761138918055608
CE_PIECECOORDINATION:0.5111674761999668
CE_MATERIAL:0.4975724520023191
CE_KINGSAFETY:0.5
C_PIECESQUARETABLES:0.5
C_MOBILITY:0.4349946115589341
C_KINGSAFETY:0.37265417299648895
C_PAWNSTRUCTURE:0.418122038364732
C_PIECECOORDINATION:0.6067321070268237
C_ROOKANDPAWNMOVEMENT:0.6067321070268237
C_CENTERCONTROL:0.5197391124679824
C_DEVELOPPIECES:0.5149925731172618
C_MATERIAL:0.5047056079866931
