ELO:827
CE_PASSEDPAWNS:0.5853406884989164
CE_PAWNWEAKNESSES:0.47001303903048536
CE_PIECEACTIVITY:0.5619576769479016
CE_KINGPAWNSHIELD:0.49542096530863655
CE_PIECECOORDINATION:0.5181355088168756
CE_MATERIAL:0.428895462731105
CE_KINGSAFETY:0.49588035739227926
C_PIECESQUARETABLES:0.46459828823761845
C_MOBILITY:0.45706800934202263
C_KINGSAFETY:0.4477830360595216
C_PAWNSTRUCTURE:0.49680353763881085
C_PIECECOORDINATION:0.5273997308357199
C_ROOKANDPAWNMOVEMENT:0.5273997308357199
C_CENTERCONTROL:0.5812382312414925
C_DEVELOPPIECES:0.4700271168589543
C_MATERIAL:0.5470044899667973
C_MOVECOUNT:0.5
