ELO:1000
CE_PASSEDPAWNS:0.5
CE_PAWNWEAKNESSES:0.5
CE_PIECEACTIVITY:0.4985636398931684
CE_KINGPAWNSHIELD:0.5024622251641335
CE_PIECECOORDINATION:0.5
CE_MATERIAL:0.4975947492753136
CE_KINGSAFETY:0.4899672550399814
C_PIECESQUARETABLES:0.5
C_MOBILITY:0.5069264343632567
C_KINGSAFETY:0.5062287172224487
C_PAWNSTRUCTURE:0.4955211514460475
C_PIECECOORDINATION:0.4901421494874095
C_ROOKANDPAWNMOVEMENT:0.4901421494874095
C_CENTERCONTROL:0.5
C_DEVELOPPIECES:0.5
C_MATERIAL:0.4992352459331542
