ELO:963
CE_PASSEDPAWNS:0.5887002564192418
CE_PAWNWEAKNESSES:0.568791146875775
CE_PIECEACTIVITY:0.49165564024696007
CE_KINGPAWNSHIELD:0.5305500273490716
CE_PIECECOORDINATION:0.4909692562926735
CE_MATERIAL:0.4930387074889396
CE_KINGSAFETY:0.49146707542739954
C_PIECESQUARETABLES:0.5007353235411828
C_MOBILITY:0.3009944383228278
C_KINGSAFETY:0.5771618135278858
C_PAWNSTRUCTURE:0.6635325619681568
C_PIECECOORDINATION:0.41316316384737856
C_ROOKANDPAWNMOVEMENT:0.41316316384737856
C_CENTERCONTROL:0.459661830591832
C_DEVELOPPIECES:0.48051639913261984
C_MATERIAL:0.6387787799346816
