ELO:1023
CE_PASSEDPAWNS:0.4972614422567261
CE_PAWNWEAKNESSES:0.5
CE_PIECEACTIVITY:0.5
CE_KINGPAWNSHIELD:0.5
CE_PIECECOORDINATION:0.5
CE_MATERIAL:0.5
CE_KINGSAFETY:0.5
C_PIECESQUARETABLES:0.5032869558899434
C_MOBILITY:0.5
C_KINGSAFETY:0.4915206210335935
C_PAWNSTRUCTURE:0.4967752330193707
C_PIECECOORDINATION:0.5
C_ROOKANDPAWNMOVEMENT:0.5
C_CENTERCONTROL:0.5
C_DEVELOPPIECES:0.5
C_MATERIAL:0.5
