ELO:996
CE_PASSEDPAWNS:0.5046019565154025
CE_PAWNWEAKNESSES:0.4974663646033221
CE_PIECEACTIVITY:0.5100204863924723
CE_KINGPAWNSHIELD:0.4937199692843888
CE_PIECECOORDINATION:0.5091298275148489
CE_MATERIAL:0.5001863131944481
CE_KINGSAFETY:0.49569009520447466
C_PIECESQUARETABLES:0.4768591409695545
C_MOBILITY:0.5097039912526885
C_KINGSAFETY:0.4989766195112146
C_PAWNSTRUCTURE:0.517863431735644
C_PIECECOORDINATION:0.5
C_ROOKANDPAWNMOVEMENT:0.5
C_CENTERCONTROL:0.513459918442624
C_DEVELOPPIECES:0.49798105818866106
C_MATERIAL:0.4888571497048368
C_MOVECOUNT:0.5111709606535751
