ELO:1295
CE_PASSEDPAWNS:0.41499201794008045
CE_PAWNWEAKNESSES:0.46611337869669206
CE_PIECEACTIVITY:0.547879687568401
CE_KINGPAWNSHIELD:0.4572714229334276
CE_PIECECOORDINATION:0.48706185738170155
CE_MATERIAL:0.3651032662503896
CE_KINGSAFETY:0.4759187697961455
C_PIECESQUARETABLES:0.5251407704886474
C_MOBILITY:0.4338222035146683
C_KINGSAFETY:0.3829057968061907
C_PAWNSTRUCTURE:0.5149158801271806
C_PIECECOORDINATION:0.5307119692589705
C_ROOKANDPAWNMOVEMENT:0.5307119692589705
C_CENTERCONTROL:0.536895564949418
C_DEVELOPPIECES:0.434026312484768
C_MATERIAL:0.6445658418320078
