ELO:1000
CE_PASSEDPAWNS:0.4990008783541786
CE_PAWNWEAKNESSES:0.5054149915797119
CE_PIECEACTIVITY:0.5243150424454275
CE_KINGPAWNSHIELD:0.5074058071253095
CE_PIECECOORDINATION:0.4903429846065219
CE_MATERIAL:0.4789760177779729
CE_KINGSAFETY:0.5033922667025625
C_PIECESQUARETABLES:0.47189109279333535
C_MOBILITY:0.5028650810604711
C_KINGSAFETY:0.4711113878040883
C_PAWNSTRUCTURE:0.4927444802695302
C_PIECECOORDINATION:0.5214838200469026
C_ROOKANDPAWNMOVEMENT:0.5214838200469026
C_CENTERCONTROL:0.4961418489092914
C_DEVELOPPIECES:0.5114964320561384
C_MATERIAL:0.5041943933384511
