ELO:1000
CE_PASSEDPAWNS:0.48783028035117215
CE_PAWNWEAKNESSES:0.5362253066687893
CE_PIECEACTIVITY:0.5069826852629582
CE_KINGPAWNSHIELD:0.5101021287205776
CE_PIECECOORDINATION:0.43938013973675544
CE_MATERIAL:0.4914850134687338
CE_KINGSAFETY:0.5336657246153667
C_PIECESQUARETABLES:0.4490720292087343
C_MOBILITY:0.47538280167036534
C_KINGSAFETY:0.44871351392422815
C_PAWNSTRUCTURE:0.452336576697645
C_PIECECOORDINATION:0.5232002506437041
C_ROOKANDPAWNMOVEMENT:0.5232002506437041
C_CENTERCONTROL:0.524250023756936
C_DEVELOPPIECES:0.5307768165023099
C_MATERIAL:0.4432232324398877
