ELO:990
CE_PASSEDPAWNS:0.5
CE_PAWNWEAKNESSES:0.49465413454373236
CE_PIECEACTIVITY:0.5077633428570446
CE_KINGPAWNSHIELD:0.49272209558403646
CE_PIECECOORDINATION:0.5058696784467054
CE_MATERIAL:0.48918843563028036
CE_KINGSAFETY:0.5
C_PIECESQUARETABLES:0.5
C_MOBILITY:0.521148700820207
C_KINGSAFETY:0.4898931998988103
C_PAWNSTRUCTURE:0.4952045843948466
C_PIECECOORDINATION:0.5117495012326894
C_ROOKANDPAWNMOVEMENT:0.5117495012326894
C_CENTERCONTROL:0.49665364033968873
C_DEVELOPPIECES:0.5
C_MATERIAL:0.5203722436537179
C_MOVECOUNT:0.5
