ELO:1077
CE_PASSEDPAWNS:0.5409088385062152
CE_PAWNWEAKNESSES:0.44542974891888637
CE_PIECEACTIVITY:0.520269533894445
CE_KINGPAWNSHIELD:0.5395758693760447
CE_PIECECOORDINATION:0.5094822262344411
CE_MATERIAL:0.49790962154373225
CE_KINGSAFETY:0.5
C_PIECESQUARETABLES:0.5
C_MOBILITY:0.6106431556756368
C_KINGSAFETY:0.38760738330964906
C_PAWNSTRUCTURE:0.5917108227469081
C_PIECECOORDINATION:0.5630257093956104
C_ROOKANDPAWNMOVEMENT:0.5630257093956104
C_CENTERCONTROL:0.4770636599416912
C_DEVELOPPIECES:0.5373321718782241
C_MATERIAL:0.6242308573948059
