ELO:937
CE_PASSEDPAWNS:0.4855775740671188
CE_PAWNWEAKNESSES:0.5160385256967782
CE_PIECEACTIVITY:0.49605042015130635
CE_KINGPAWNSHIELD:0.5006655438748442
CE_PIECECOORDINATION:0.4945846663828525
CE_MATERIAL:0.47660811133113984
CE_KINGSAFETY:0.516049845946789
C_PIECESQUARETABLES:0.5093837552246825
C_MOBILITY:0.4761224786259542
C_KINGSAFETY:0.47364584545434646
C_PAWNSTRUCTURE:0.5560035130020873
C_PIECECOORDINATION:0.5056736524113958
C_ROOKANDPAWNMOVEMENT:0.5056736524113958
C_CENTERCONTROL:0.47365080365285717
C_DEVELOPPIECES:0.46615137017471986
C_MATERIAL:0.4967726546375204
C_MOVECOUNT:0.5
