ELO:944
CE_PASSEDPAWNS:0.5050161727923347
CE_PAWNWEAKNESSES:0.512270790013862
CE_PIECEACTIVITY:0.4682407688952463
CE_KINGPAWNSHIELD:0.5102335168284742
CE_PIECECOORDINATION:0.5407717081745568
CE_MATERIAL:0.4879269652293554
CE_KINGSAFETY:0.5024925326927671
C_PIECESQUARETABLES:0.5048455000798641
C_MOBILITY:0.49193033941890896
C_KINGSAFETY:0.4906528696725504
C_PAWNSTRUCTURE:0.4985702429523116
C_PIECECOORDINATION:0.5158053566287237
C_ROOK:0.4759028439801525
CE_ROOK:0.4529927025056651
C_CENTERCONTROL:0.4769293586738833
C_DEVELOPPIECES:0.4923861845984757
C_MATERIAL:0.5335518780249566
C_MOVECOUNT:0.4962381790731517
C_PAWNMOVEMENT:0.5464161332625713
