ELO:989
CE_PASSEDPAWNS:0.5100190158843646
CE_PAWNWEAKNESSES:0.5032754839219187
CE_PIECEACTIVITY:0.49754174954145475
CE_KINGPAWNSHIELD:0.5
CE_PIECECOORDINATION:0.5
CE_MATERIAL:0.5007680692818579
CE_KINGSAFETY:0.4984532866366681
C_PIECESQUARETABLES:0.48605765969683057
C_MOBILITY:0.4923310834118912
C_KINGSAFETY:0.5
C_PAWNSTRUCTURE:0.5069926549778955
C_PIECECOORDINATION:0.5014600307311402
C_ROOKANDPAWNMOVEMENT:0.5014600307311402
C_CENTERCONTROL:0.50773312655576
C_DEVELOPPIECES:0.5079685211000786
C_MATERIAL:0.4889926741059607
C_MOVECOUNT:0.49821315150737255
