ELO:1094
CE_PASSEDPAWNS:0.4287281369871026
CE_PAWNWEAKNESSES:0.5345279662215596
CE_PIECEACTIVITY:0.5785351381383929
CE_KINGPAWNSHIELD:0.4675483960701007
CE_PIECECOORDINATION:0.49409961300625693
CE_MATERIAL:0.4990994058124339
CE_KINGSAFETY:0.5
C_PIECESQUARETABLES:0.5
C_MOBILITY:0.5549351283792547
C_KINGSAFETY:0.4082550688282633
C_PAWNSTRUCTURE:0.6059616060781821
C_PIECECOORDINATION:0.617331207451572
C_ROOKANDPAWNMOVEMENT:0.617331207451572
C_CENTERCONTROL:0.5265679586594536
C_DEVELOPPIECES:0.49271680245207605
C_MATERIAL:0.6249562774005232
