ELO:911
CE_PASSEDPAWNS:0.5711143362871345
CE_PAWNWEAKNESSES:0.45511188033758165
CE_PIECEACTIVITY:0.6074929691942768
CE_KINGPAWNSHIELD:0.5515635282882121
CE_PIECECOORDINATION:0.45421803309472697
CE_MATERIAL:0.46458752099412765
CE_KINGSAFETY:0.5156097584847302
C_PIECESQUARETABLES:0.4871977472466444
C_MOBILITY:0.45409307985626174
C_KINGSAFETY:0.48147305128717155
C_PAWNSTRUCTURE:0.5600513994252442
C_PIECECOORDINATION:0.5407160489518572
C_ROOKANDPAWNMOVEMENT:0.5407160489518572
C_CENTERCONTROL:0.5619718983564042
C_DEVELOPPIECES:0.5025089294286711
C_MATERIAL:0.4020038139729746
