ELO:1014
CE_PASSEDPAWNS:0.4829277953605303
CE_PAWNWEAKNESSES:0.502597506071066
CE_PIECEACTIVITY:0.5110956661470901
CE_KINGPAWNSHIELD:0.4942859761992334
CE_PIECECOORDINATION:0.4988482161135646
CE_MATERIAL:0.51130038680987
CE_KINGSAFETY:0.5076448305708974
C_PIECESQUARETABLES:0.5066280617290728
C_MOBILITY:0.4924182947905989
C_KINGSAFETY:0.4998920595036976
C_PAWNSTRUCTURE:0.5039681229638496
C_PIECECOORDINATION:0.5108725484051414
C_ROOK:0.5267052412085024
CE_ROOK:0.5
C_CENTERCONTROL:0.514673375172979
C_DEVELOPPIECES:0.5
C_MATERIAL:0.5173022171000989
C_MOVECOUNT:0.5
C_PAWNMOVEMENT:0.5064703381487748
