ELO:987
CE_PASSEDPAWNS:0.5
CE_PAWNWEAKNESSES:0.5103608777514911
CE_PIECEACTIVITY:0.5
CE_KINGPAWNSHIELD:0.5083075986302547
CE_PIECECOORDINATION:0.49239512233318533
CE_MATERIAL:0.5108691065220817
CE_KINGSAFETY:0.5102331933641568
C_PIECESQUARETABLES:0.4906457704350212
C_MOBILITY:0.4938552074378683
C_KINGSAFETY:0.5052492156681849
C_PAWNSTRUCTURE:0.5005364267696759
C_PIECECOORDINATION:0.4985923391137479
C_ROOKANDPAWNMOVEMENT:0.4985923391137479
C_CENTERCONTROL:0.49989701138782905
C_DEVELOPPIECES:0.5
C_MATERIAL:0.5023823896058107
