ELO:976
CE_PASSEDPAWNS:0.49049406448765304
CE_PAWNWEAKNESSES:0.50782316781143
CE_PIECEACTIVITY:0.49618059242926854
CE_KINGPAWNSHIELD:0.5
CE_PIECECOORDINATION:0.5
CE_MATERIAL:0.4758580306554556
CE_KINGSAFETY:0.5
C_PIECESQUARETABLES:0.48878748708714587
C_MOBILITY:0.48758565974696444
C_KINGSAFETY:0.5050174935779994
C_PAWNSTRUCTURE:0.5017693345124695
C_PIECECOORDINATION:0.49366211711203495
C_ROOKANDPAWNMOVEMENT:0.49366211711203495
C_CENTERCONTROL:0.5018916146387119
C_DEVELOPPIECES:0.4942067585669736
C_MATERIAL:0.5029594670591275
C_MOVECOUNT:0.5
