ELO:866
CE_PASSEDPAWNS:0.5051538693855137
CE_PAWNWEAKNESSES:0.5501825322830024
CE_PIECEACTIVITY:0.5161260677128706
CE_KINGPAWNSHIELD:0.5239969768028957
CE_PIECECOORDINATION:0.44940401296196963
CE_MATERIAL:0.4579386388107139
CE_KINGSAFETY:0.5018699336079827
C_PIECESQUARETABLES:0.5019883232401573
C_MOBILITY:0.4480356676265179
C_KINGSAFETY:0.47792179260575174
C_PAWNSTRUCTURE:0.5128168348324268
C_PIECECOORDINATION:0.4933350695715731
C_ROOKANDPAWNMOVEMENT:0.4933350695715731
C_CENTERCONTROL:0.5272116843087031
C_DEVELOPPIECES:0.4810735464264046
C_MATERIAL:0.4615208587236911
C_MOVECOUNT:0.5
