ELO:1065
CE_PASSEDPAWNS:0.5371827852592099
CE_PAWNWEAKNESSES:0.590261458922248
CE_PIECEACTIVITY:0.520269533894445
CE_KINGPAWNSHIELD:0.4421222922629271
CE_PIECECOORDINATION:0.47428544805430206
CE_MATERIAL:0.49790962154373225
CE_KINGSAFETY:0.5
C_PIECESQUARETABLES:0.5
C_MOBILITY:0.5924555586031269
C_KINGSAFETY:0.41496517016321266
C_PAWNSTRUCTURE:0.5433670847877784
C_PIECECOORDINATION:0.5630257093956104
C_ROOKANDPAWNMOVEMENT:0.5630257093956104
C_CENTERCONTROL:0.46899401965401094
C_DEVELOPPIECES:0.5659557585650148
C_MATERIAL:0.622840321325036
