ELO:955
CE_PASSEDPAWNS:0.552760339264802
CE_PAWNWEAKNESSES:0.4522074062106989
CE_PIECEACTIVITY:0.6016760250704929
CE_KINGPAWNSHIELD:0.5209165156504681
CE_PIECECOORDINATION:0.46664946547565517
CE_MATERIAL:0.4815768263186122
CE_KINGSAFETY:0.4965821713387634
C_PIECESQUARETABLES:0.5
C_MOBILITY:0.4607164321301849
C_KINGSAFETY:0.4949182872729611
C_PAWNSTRUCTURE:0.5805249315795836
C_PIECECOORDINATION:0.5316579130888286
C_ROOKANDPAWNMOVEMENT:0.5316579130888286
C_CENTERCONTROL:0.525493592460492
C_DEVELOPPIECES:0.5291823656685956
C_MATERIAL:0.4168757299013875
