ELO:1191
CE_PASSEDPAWNS:0.4585932892608227
CE_PAWNWEAKNESSES:0.5370690338411751
CE_PIECEACTIVITY:0.4381841345240536
CE_KINGPAWNSHIELD:0.39452144957275465
CE_PIECECOORDINATION:0.5228665876218258
CE_MATERIAL:0.4616417505080219
CE_KINGSAFETY:0.5
C_PIECESQUARETABLES:0.5
C_MOBILITY:0.3910770357088864
C_KINGSAFETY:0.3511563187462361
C_PAWNSTRUCTURE:0.5268921990292897
C_PIECECOORDINATION:0.5880373652657829
C_ROOKANDPAWNMOVEMENT:0.5880373652657829
C_CENTERCONTROL:0.4906048030664564
C_DEVELOPPIECES:0.47008433718429665
C_MATERIAL:0.6828983766046607
