ELO:987
CE_PASSEDPAWNS:0.4758185173148527
CE_PAWNWEAKNESSES:0.4587279332565922
CE_PIECEACTIVITY:0.4391254904829286
CE_KINGPAWNSHIELD:0.4258418499925802
CE_PIECECOORDINATION:0.5243554826500019
CE_MATERIAL:0.396596065925367
CE_KINGSAFETY:0.5
C_PIECESQUARETABLES:0.4930379843628484
C_MOBILITY:0.5741900549396723
C_KINGSAFETY:0.40220539142586287
C_PAWNSTRUCTURE:0.5433670847877784
C_PIECECOORDINATION:0.43347938389676827
C_ROOKANDPAWNMOVEMENT:0.43347938389676827
C_CENTERCONTROL:0.443989311188162
C_DEVELOPPIECES:0.4385721129110245
C_MATERIAL:0.6169075193765221
