ELO:932
CE_PASSEDPAWNS:0.48539552270526526
CE_PAWNWEAKNESSES:0.514595266318304
CE_PIECEACTIVITY:0.4664283185978445
CE_KINGPAWNSHIELD:0.5060899516839903
CE_PIECECOORDINATION:0.5508405771122524
CE_MATERIAL:0.4793249211081332
CE_KINGSAFETY:0.5051941681387923
C_PIECESQUARETABLES:0.5013409053862999
C_MOBILITY:0.49736682713474933
C_KINGSAFETY:0.4748020677888497
C_PAWNSTRUCTURE:0.4985702429523116
C_PIECECOORDINATION:0.5219728593867966
C_ROOK:0.4759028439801525
CE_ROOK:0.45268432561862165
C_CENTERCONTROL:0.47829236518702306
C_DEVELOPPIECES:0.4987699779754847
C_MATERIAL:0.5447959090362494
C_MOVECOUNT:0.4919676139213264
C_PAWNMOVEMENT:0.5403139879196426
