ELO:1135
CE_PASSEDPAWNS:0.561227233223466
CE_PAWNWEAKNESSES:0.540257495688603
CE_PIECEACTIVITY:0.5115517959390631
CE_KINGPAWNSHIELD:0.5007099035767185
CE_PIECECOORDINATION:0.48438192449001055
CE_MATERIAL:0.49790962154373225
CE_KINGSAFETY:0.5
C_PIECESQUARETABLES:0.5
C_MOBILITY:0.6106431556756368
C_KINGSAFETY:0.4082550688282633
C_PAWNSTRUCTURE:0.62436365227218
C_PIECECOORDINATION:0.5630257093956104
C_ROOKANDPAWNMOVEMENT:0.5630257093956104
C_CENTERCONTROL:0.5140107547191766
C_DEVELOPPIECES:0.5528173797779841
C_MATERIAL:0.6154232304150021
