ELO:878
CE_PASSEDPAWNS:0.507734087782325
CE_PAWNWEAKNESSES:0.5708131327068456
CE_PIECEACTIVITY:0.5233266498517969
CE_KINGPAWNSHIELD:0.5158169413510649
CE_PIECECOORDINATION:0.4547255947473885
CE_MATERIAL:0.4571555814622742
CE_KINGSAFETY:0.49560551641814204
C_PIECESQUARETABLES:0.5001354823205794
C_MOBILITY:0.4447838561908364
C_KINGSAFETY:0.47850914755357826
C_PAWNSTRUCTURE:0.49683073214935036
C_PIECECOORDINATION:0.4837563189705355
C_ROOKANDPAWNMOVEMENT:0.4837563189705355
C_CENTERCONTROL:0.5189973767946456
C_DEVELOPPIECES:0.4678453554285984
C_MATERIAL:0.45686027920000855
C_MOVECOUNT:0.5
