ELO:711
CE_PASSEDPAWNS:0.582472710377913
CE_PAWNWEAKNESSES:0.5579359312183547
CE_PIECEACTIVITY:0.5449766710483575
CE_KINGPAWNSHIELD:0.3908779843887279
CE_PIECECOORDINATION:0.49918637528003035
CE_MATERIAL:0.4573696915695185
CE_KINGSAFETY:0.5449273549890086
C_PIECESQUARETABLES:0.5162059461379952
C_MOBILITY:0.5381498416826438
C_KINGSAFETY:0.37871178698710023
C_PAWNSTRUCTURE:0.5446613381951823
C_PIECECOORDINATION:0.38378615422278506
C_ROOKANDPAWNMOVEMENT:0.38378615422278506
C_CENTERCONTROL:0.5129872650404077
C_DEVELOPPIECES:0.4412809437429901
C_MATERIAL:0.4855021958915336
C_MOVECOUNT:0.4433632460154278
