ELO:824
CE_PASSEDPAWNS:0.43950841478732283
CE_PAWNWEAKNESSES:0.48215221152534304
CE_PIECEACTIVITY:0.5074698677721535
CE_KINGPAWNSHIELD:0.4896605838029216
CE_PIECECOORDINATION:0.4524482756111338
CE_MATERIAL:0.43068738947844953
CE_KINGSAFETY:0.5429799547171849
C_PIECESQUARETABLES:0.5152683589584973
C_MOBILITY:0.3967766136231971
C_KINGSAFETY:0.5250994040731846
C_PAWNSTRUCTURE:0.4969501638461457
C_PIECECOORDINATION:0.48710252465267767
C_ROOKANDPAWNMOVEMENT:0.48710252465267767
C_CENTERCONTROL:0.48685411600539596
C_DEVELOPPIECES:0.4498328082688921
C_MATERIAL:0.38905233012849816
C_MOVECOUNT:0.5
