ELO:967
CE_PASSEDPAWNS:0.5474630390322656
CE_PAWNWEAKNESSES:0.47836022179808013
CE_PIECEACTIVITY:0.5462535294864715
CE_KINGPAWNSHIELD:0.5420471276691314
CE_PIECECOORDINATION:0.43256463798775713
CE_MATERIAL:0.4754575999240654
CE_KINGSAFETY:0.45992427544490133
C_PIECESQUARETABLES:0.4736190529663947
C_MOBILITY:0.46995629974405245
C_KINGSAFETY:0.49776311145659835
C_PAWNSTRUCTURE:0.549283684444796
C_PIECECOORDINATION:0.5183544029080345
C_ROOKANDPAWNMOVEMENT:0.5183544029080345
C_CENTERCONTROL:0.5370130784671443
C_DEVELOPPIECES:0.5678438966872802
C_MATERIAL:0.403160636477776
