ELO:946
CE_PASSEDPAWNS:0.5629900126885469
CE_PAWNWEAKNESSES:0.442750580770081
CE_PIECEACTIVITY:0.6080649786570971
CE_KINGPAWNSHIELD:0.5339281353767629
CE_PIECECOORDINATION:0.4480191157069397
CE_MATERIAL:0.46898162208163996
CE_KINGSAFETY:0.49910453676516126
C_PIECESQUARETABLES:0.48917441830304526
C_MOBILITY:0.45855767294495375
C_KINGSAFETY:0.5000240251071214
C_PAWNSTRUCTURE:0.5544463281900396
C_PIECECOORDINATION:0.5469636064525802
C_ROOKANDPAWNMOVEMENT:0.5469636064525802
C_CENTERCONTROL:0.5380442025694101
C_DEVELOPPIECES:0.5075410126713726
C_MATERIAL:0.41347835842039915
