ELO:1114
CE_PASSEDPAWNS:0.4178661814678017
CE_PAWNWEAKNESSES:0.5490730528478448
CE_PIECEACTIVITY:0.44527536166687953
CE_KINGPAWNSHIELD:0.4018912664076091
CE_PIECECOORDINATION:0.5138962178399454
CE_MATERIAL:0.37049330157018157
CE_KINGSAFETY:0.5
C_PIECESQUARETABLES:0.5
C_MOBILITY:0.37157049262550695
C_KINGSAFETY:0.35557480878985126
C_PAWNSTRUCTURE:0.6422891328495314
C_PIECECOORDINATION:0.5546562877460437
C_ROOKANDPAWNMOVEMENT:0.5546562877460437
C_CENTERCONTROL:0.4886459388428822
C_DEVELOPPIECES:0.5664895485205443
C_MATERIAL:0.6130718628900625
