ELO:1004
CE_PASSEDPAWNS:0.5
CE_PAWNWEAKNESSES:0.5122564006942599
CE_PIECEACTIVITY:0.5
CE_KINGPAWNSHIELD:0.49590221886619007
CE_PIECECOORDINATION:0.47062682997472893
CE_MATERIAL:0.49955807247722
CE_KINGSAFETY:0.5
C_PIECESQUARETABLES:0.5052048801303276
C_MOBILITY:0.49581817984822685
C_KINGSAFETY:0.5027187354314083
C_PAWNSTRUCTURE:0.455730678685871
C_PIECECOORDINATION:0.4819178873742689
C_ROOKANDPAWNMOVEMENT:0.4819178873742689
C_CENTERCONTROL:0.49789748194544314
C_DEVELOPPIECES:0.4925681276990838
C_MATERIAL:0.5
