ELO:951
CE_PASSEDPAWNS:0.5550980766912943
CE_PAWNWEAKNESSES:0.44257253856248624
CE_PIECEACTIVITY:0.5968592852445159
CE_KINGPAWNSHIELD:0.5290844360128582
CE_PIECECOORDINATION:0.4590673458792566
CE_MATERIAL:0.4737310123328858
CE_KINGSAFETY:0.4875146267318391
C_PIECESQUARETABLES:0.4869741505968137
C_MOBILITY:0.474375228533007
C_KINGSAFETY:0.502687003424588
C_PAWNSTRUCTURE:0.5884767759747335
C_PIECECOORDINATION:0.5361216074111544
C_ROOKANDPAWNMOVEMENT:0.5361216074111544
C_CENTERCONTROL:0.5341754303370951
C_DEVELOPPIECES:0.5121338744747487
C_MATERIAL:0.4069969451363072
