ELO:797
CE_PASSEDPAWNS:0.4688538231756243
CE_PAWNWEAKNESSES:0.5112834348999186
CE_PIECEACTIVITY:0.522568530633763
CE_KINGPAWNSHIELD:0.49043301137518974
CE_PIECECOORDINATION:0.43584769209883445
CE_MATERIAL:0.4023355300458982
CE_KINGSAFETY:0.5215018927222924
C_PIECESQUARETABLES:0.5027488589977905
C_MOBILITY:0.39772677834762593
C_KINGSAFETY:0.48304361977934573
C_PAWNSTRUCTURE:0.5283838707569758
C_PIECECOORDINATION:0.4692193892579094
C_ROOKANDPAWNMOVEMENT:0.4692193892579094
C_CENTERCONTROL:0.4981880803312197
C_DEVELOPPIECES:0.4841210206427212
C_MATERIAL:0.4076099288500012
C_MOVECOUNT:0.5
