ELO:1013
CE_PASSEDPAWNS:0.5220014652991477
CE_PAWNWEAKNESSES:0.49313021423393016
CE_PIECEACTIVITY:0.5827794003758104
CE_KINGPAWNSHIELD:0.4921830056243816
CE_PIECECOORDINATION:0.6189409142779339
CE_MATERIAL:0.47142943546382343
CE_KINGSAFETY:0.5
C_PIECESQUARETABLES:0.5
C_MOBILITY:0.5883672385649751
C_KINGSAFETY:0.4094044933739038
C_PAWNSTRUCTURE:0.539013579041045
C_PIECECOORDINATION:0.5280342735497159
C_ROOKANDPAWNMOVEMENT:0.5280342735497159
C_CENTERCONTROL:0.43923677488585294
C_DEVELOPPIECES:0.5373321718782241
C_MATERIAL:0.6201906658387899
