ELO:994
CE_PASSEDPAWNS:0.4914381988105331
CE_PAWNWEAKNESSES:0.5006575699341639
CE_PIECEACTIVITY:0.5
CE_KINGPAWNSHIELD:0.5011902041163501
CE_PIECECOORDINATION:0.49074332496655454
CE_MATERIAL:0.5
CE_KINGSAFETY:0.5100092809358319
C_PIECESQUARETABLES:0.48749319372908895
C_MOBILITY:0.5
C_KINGSAFETY:0.4987659957375901
C_PAWNSTRUCTURE:0.4882797245404194
C_PIECECOORDINATION:0.4811501244476153
C_ROOKANDPAWNMOVEMENT:0.4811501244476153
C_CENTERCONTROL:0.5110691350564942
C_DEVELOPPIECES:0.49449199909191405
C_MATERIAL:0.5174686046537893
