ELO:1120
CE_PASSEDPAWNS:0.4526448212368272
CE_PAWNWEAKNESSES:0.45753908675987287
CE_PIECEACTIVITY:0.46058068809744396
CE_KINGPAWNSHIELD:0.4498060339940104
CE_PIECECOORDINATION:0.5097988171153641
CE_MATERIAL:0.4990994058124339
CE_KINGSAFETY:0.4341443524149618
C_PIECESQUARETABLES:0.5
C_MOBILITY:0.6106431556756368
C_KINGSAFETY:0.4082550688282633
C_PAWNSTRUCTURE:0.62436365227218
C_PIECECOORDINATION:0.6006842502071948
C_ROOKANDPAWNMOVEMENT:0.6006842502071948
C_CENTERCONTROL:0.5452449990748603
C_DEVELOPPIECES:0.4590882314975813
C_MATERIAL:0.622840321325036
