ELO:1038
CE_PASSEDPAWNS:0.5809909063820029
CE_PAWNWEAKNESSES:0.5219350989926019
CE_PIECEACTIVITY:0.42931222046788853
CE_KINGPAWNSHIELD:0.4421222922629271
CE_PIECECOORDINATION:0.5094822262344411
CE_MATERIAL:0.5699418530803207
CE_KINGSAFETY:0.5
C_PIECESQUARETABLES:0.5
C_MOBILITY:0.5924555586031269
C_KINGSAFETY:0.41496517016321266
C_PAWNSTRUCTURE:0.5433670847877784
C_PIECECOORDINATION:0.5127343133690373
C_ROOKANDPAWNMOVEMENT:0.5127343133690373
C_CENTERCONTROL:0.47861697439238793
C_DEVELOPPIECES:0.45588024667206817
C_MATERIAL:0.622840321325036
