ELO:842
CE_PASSEDPAWNS:0.49550573176514123
CE_PAWNWEAKNESSES:0.5851540400183269
CE_PIECEACTIVITY:0.5231990267977198
CE_KINGPAWNSHIELD:0.49647633492396176
CE_PIECECOORDINATION:0.4546083965863006
CE_MATERIAL:0.4055815632673732
CE_KINGSAFETY:0.47696717338657907
C_PIECESQUARETABLES:0.5141699486359297
C_MOBILITY:0.45020513082428115
C_KINGSAFETY:0.4895626790815595
C_PAWNSTRUCTURE:0.5165106124085339
C_PIECECOORDINATION:0.47343099135301336
C_ROOKANDPAWNMOVEMENT:0.47343099135301336
C_CENTERCONTROL:0.516865146260742
C_DEVELOPPIECES:0.49843459086844927
C_MATERIAL:0.4234643676264652
C_MOVECOUNT:0.5
