ELO:1000
CE_PASSEDPAWNS:0.4814300353982447
CE_PAWNWEAKNESSES:0.5089066584591809
CE_PIECEACTIVITY:0.5120403721360961
CE_KINGPAWNSHIELD:0.517137591504643
CE_PIECECOORDINATION:0.45464867751459853
CE_MATERIAL:0.4880565557666957
CE_KINGSAFETY:0.5357014683960818
C_PIECESQUARETABLES:0.41992996238444114
C_MOBILITY:0.43345933832924255
C_KINGSAFETY:0.46656856315090145
C_PAWNSTRUCTURE:0.45185566219056555
C_PIECECOORDINATION:0.4968955220617534
C_ROOKANDPAWNMOVEMENT:0.4968955220617534
C_CENTERCONTROL:0.515523270837043
C_DEVELOPPIECES:0.5454625682660391
C_MATERIAL:0.44138084166214087
