ELO:884
CE_PASSEDPAWNS:0.4525364321340442
CE_PAWNWEAKNESSES:0.6212719818987669
CE_PIECEACTIVITY:0.5798184146498693
CE_KINGPAWNSHIELD:0.5169859531817188
CE_PIECECOORDINATION:0.5040424462320539
CE_MATERIAL:0.4840709241006077
CE_KINGSAFETY:0.5248772048490075
C_PIECESQUARETABLES:0.47098128008683143
C_MOBILITY:0.4816150952492944
C_KINGSAFETY:0.46774596409616165
C_PAWNSTRUCTURE:0.46420960889618773
C_PIECECOORDINATION:0.4642459316867456
C_ROOKANDPAWNMOVEMENT:0.4642459316867456
C_CENTERCONTROL:0.43691063138760905
C_DEVELOPPIECES:0.49680530958735863
C_MATERIAL:0.5169389202993152
C_MOVECOUNT:0.5
