ELO:1153
CE_PASSEDPAWNS:0.5220014652991477
CE_PAWNWEAKNESSES:0.45774551443217687
CE_PIECEACTIVITY:0.5580846597125007
CE_KINGPAWNSHIELD:0.37295618858058843
CE_PIECECOORDINATION:0.5261101980407332
CE_MATERIAL:0.3650657177794257
CE_KINGSAFETY:0.5
C_PIECESQUARETABLES:0.4685503826156545
C_MOBILITY:0.5349553877175284
C_KINGSAFETY:0.3960437240447382
C_PAWNSTRUCTURE:0.5198595460926635
C_PIECECOORDINATION:0.5686614356759275
C_ROOKANDPAWNMOVEMENT:0.5686614356759275
C_CENTERCONTROL:0.5265679586594536
C_DEVELOPPIECES:0.40461262886758054
C_MATERIAL:0.5638506673996677
