ELO:791
CE_PASSEDPAWNS:0.4720825111692926
CE_PAWNWEAKNESSES:0.47838029571067875
CE_PIECEACTIVITY:0.506944917997167
CE_KINGPAWNSHIELD:0.5276441303407647
CE_PIECECOORDINATION:0.49592294231145123
CE_MATERIAL:0.4842597877843832
CE_KINGSAFETY:0.528949759591298
C_PIECESQUARETABLES:0.5
C_MOBILITY:0.4672164886593488
C_KINGSAFETY:0.6064929574883101
C_PAWNSTRUCTURE:0.53816842652743
C_PIECECOORDINATION:0.41887958169099804
C_ROOKANDPAWNMOVEMENT:0.41887958169099804
C_CENTERCONTROL:0.49458945834845985
C_DEVELOPPIECES:0.5639807101832058
C_MATERIAL:0.49601472237526906
C_MOVECOUNT:0.43644754189320323
