ELO:983
CE_PASSEDPAWNS:0.5142433052471902
CE_PAWNWEAKNESSES:0.4872448098525314
CE_PIECEACTIVITY:0.5032668412811178
CE_KINGPAWNSHIELD:0.4972463319561485
CE_PIECECOORDINATION:0.5090936170969025
CE_MATERIAL:0.5057866524444921
CE_KINGSAFETY:0.5062945590024114
C_PIECESQUARETABLES:0.49058049631537143
C_MOBILITY:0.49764985378662674
C_KINGSAFETY:0.5086647231792945
C_PAWNSTRUCTURE:0.49650670007309355
C_PIECECOORDINATION:0.4962250534310839
C_ROOKANDPAWNMOVEMENT:0.4962250534310839
C_CENTERCONTROL:0.5091173680459898
C_DEVELOPPIECES:0.5107557781112301
C_MATERIAL:0.5062047984322249
C_MOVECOUNT:0.5107266567228771
