ELO:1000
CE_PASSEDPAWNS:0.4994495752256485
CE_PAWNWEAKNESSES:0.4920106920755314
CE_PIECEACTIVITY:0.5
CE_KINGPAWNSHIELD:0.4942859761992334
CE_PIECECOORDINATION:0.4988482161135646
CE_MATERIAL:0.5
CE_KINGSAFETY:0.5
C_PIECESQUARETABLES:0.5
C_MOBILITY:0.4838151623188422
C_KINGSAFETY:0.4970629551063475
C_PAWNSTRUCTURE:0.5114768121976453
C_PIECECOORDINATION:0.5108725484051414
C_ROOK:0.5192579838905579
CE_ROOK:0.5
C_CENTERCONTROL:0.514673375172979
C_DEVELOPPIECES:0.5
C_MATERIAL:0.5142862164857389
C_MOVECOUNT:0.5
C_PAWNMOVEMENT:0.5002083237074142
