ELO:752
CE_PASSEDPAWNS:0.4676162095125204
CE_PAWNWEAKNESSES:0.5111152059565369
CE_PIECEACTIVITY:0.5410705265051386
CE_KINGPAWNSHIELD:0.47824364615232917
CE_PIECECOORDINATION:0.4366582798304669
CE_MATERIAL:0.41043870879559546
CE_KINGSAFETY:0.5203539378353281
C_PIECESQUARETABLES:0.4868016916524705
C_MOBILITY:0.39847554108232813
C_KINGSAFETY:0.49273123481630204
C_PAWNSTRUCTURE:0.5308898832817702
C_PIECECOORDINATION:0.4673726499004741
C_ROOKANDPAWNMOVEMENT:0.4673726499004741
C_CENTERCONTROL:0.505444224018201
C_DEVELOPPIECES:0.4999835452499701
C_MATERIAL:0.43115204567155974
C_MOVECOUNT:0.5
