ELO:1008
CE_PASSEDPAWNS:0.4979427126154743
CE_PAWNWEAKNESSES:0.4929500773763804
CE_PIECEACTIVITY:0.47875603585435045
CE_KINGPAWNSHIELD:0.49272209558403646
CE_PIECECOORDINATION:0.5058696784467054
CE_MATERIAL:0.5024558375126439
CE_KINGSAFETY:0.5
C_PIECESQUARETABLES:0.5
C_MOBILITY:0.48572605491068027
C_KINGSAFETY:0.4959086767527726
C_PAWNSTRUCTURE:0.5
C_PIECECOORDINATION:0.5211671956087524
C_ROOKANDPAWNMOVEMENT:0.5211671956087524
C_CENTERCONTROL:0.4799011567913346
C_DEVELOPPIECES:0.5094408044977139
C_MATERIAL:0.5
C_MOVECOUNT:0.5037796329683943
