ELO:1122
CE_PASSEDPAWNS:0.39792981371987557
CE_PAWNWEAKNESSES:0.5363286875609813
CE_PIECEACTIVITY:0.4249411783250235
CE_KINGPAWNSHIELD:0.4873640784077908
CE_PIECECOORDINATION:0.49409961300625693
CE_MATERIAL:0.396596065925367
CE_KINGSAFETY:0.5
C_PIECESQUARETABLES:0.5
C_MOBILITY:0.5349553877175284
C_KINGSAFETY:0.43857488456320043
C_PAWNSTRUCTURE:0.6059616060781821
C_PIECECOORDINATION:0.6006523227325677
C_ROOKANDPAWNMOVEMENT:0.6006523227325677
C_CENTERCONTROL:0.5074219612996926
C_DEVELOPPIECES:0.5528173797779841
C_MATERIAL:0.5638506673996677
