ELO:731
CE_PASSEDPAWNS:0.4278167040206872
CE_PAWNWEAKNESSES:0.42498226507527104
CE_PIECEACTIVITY:0.5174626136463688
CE_KINGPAWNSHIELD:0.5033750557447728
CE_PIECECOORDINATION:0.5320512900491745
CE_MATERIAL:0.42064378894862814
CE_KINGSAFETY:0.5046450410268775
C_PIECESQUARETABLES:0.49698665995428287
C_MOBILITY:0.5403229799791593
C_KINGSAFETY:0.5626258583804978
C_PAWNSTRUCTURE:0.5173312984927301
C_PIECECOORDINATION:0.4597828558666824
C_ROOKANDPAWNMOVEMENT:0.4597828558666824
C_CENTERCONTROL:0.49250194254352825
C_DEVELOPPIECES:0.6120517561238257
C_MATERIAL:0.44670442148184
C_MOVECOUNT:0.45816787679711407
