ELO:1000
CE_PASSEDPAWNS:0.50147365303919
CE_PAWNWEAKNESSES:0.5264014230964673
CE_PIECEACTIVITY:0.4979972032502287
CE_KINGPAWNSHIELD:0.5079445975419101
CE_PIECECOORDINATION:0.4562403383993637
CE_MATERIAL:0.4817581665762963
CE_KINGSAFETY:0.5338121433063144
C_PIECESQUARETABLES:0.4496117005317167
C_MOBILITY:0.4863284860197344
C_KINGSAFETY:0.44281729224637845
C_PAWNSTRUCTURE:0.479428760405082
C_PIECECOORDINATION:0.5394158870603698
C_ROOKANDPAWNMOVEMENT:0.5394158870603698
C_CENTERCONTROL:0.5067031522608092
C_DEVELOPPIECES:0.5177723697938832
C_MATERIAL:0.48678798558005704
