ELO:942
CE_PASSEDPAWNS:0.4984539387180407
CE_PAWNWEAKNESSES:0.5201945143117043
CE_PIECEACTIVITY:0.46162734212400147
CE_KINGPAWNSHIELD:0.48105705551305894
CE_PIECECOORDINATION:0.5966971930811504
CE_MATERIAL:0.49078893313267047
CE_KINGSAFETY:0.5069981733933849
C_PIECESQUARETABLES:0.5
C_MOBILITY:0.48667391295692336
C_KINGSAFETY:0.44952313886633655
C_PAWNSTRUCTURE:0.5017710026501274
C_PIECECOORDINATION:0.5357106745573652
C_ROOK:0.4649936523253626
CE_ROOK:0.4670268994252266
C_CENTERCONTROL:0.4981831213890675
C_DEVELOPPIECES:0.520968200249081
C_MATERIAL:0.5514780227436652
C_MOVECOUNT:0.48663574062884213
C_PAWNMOVEMENT:0.5506648277728916
