ELO:989
CE_PASSEDPAWNS:0.5056615962126316
CE_PAWNWEAKNESSES:0.4875452648082692
CE_PIECEACTIVITY:0.4814968293766111
CE_KINGPAWNSHIELD:0.49794305431971586
CE_PIECECOORDINATION:0.4753802533583962
CE_MATERIAL:0.4978781506464017
CE_KINGSAFETY:0.5
C_PIECESQUARETABLES:0.48969277157633767
C_MOBILITY:0.4924360675917885
C_KINGSAFETY:0.47885618694908993
C_PAWNSTRUCTURE:0.4971701961676367
C_PIECECOORDINATION:0.48571423410937736
C_ROOKANDPAWNMOVEMENT:0.48571423410937736
C_CENTERCONTROL:0.49414696258324636
C_DEVELOPPIECES:0.5
C_MATERIAL:0.5053907358831264
C_MOVECOUNT:0.5080525367504611
