ELO:974
CE_PASSEDPAWNS:0.5358155273636456
CE_PAWNWEAKNESSES:0.4909778846715893
CE_PIECEACTIVITY:0.5065517586412933
CE_KINGPAWNSHIELD:0.5316775974459812
CE_PIECECOORDINATION:0.4262279699748988
CE_MATERIAL:0.4525189421076834
CE_KINGSAFETY:0.48577071227906327
C_PIECESQUARETABLES:0.48564788024486966
C_MOBILITY:0.4712646547002116
C_KINGSAFETY:0.5234385265520161
C_PAWNSTRUCTURE:0.5583322754889065
C_PIECECOORDINATION:0.5261916345459424
C_ROOKANDPAWNMOVEMENT:0.5261916345459424
C_CENTERCONTROL:0.5476201000723669
C_DEVELOPPIECES:0.5723885351130601
C_MATERIAL:0.4259291297733493
