ELO:930
CE_PASSEDPAWNS:0.4904850849109074
CE_PAWNWEAKNESSES:0.4643374019598611
CE_PIECEACTIVITY:0.47280136531831246
CE_KINGPAWNSHIELD:0.4467514429610948
CE_PIECECOORDINATION:0.5060455297486837
CE_MATERIAL:0.5037632820627228
CE_KINGSAFETY:0.4943433790164558
C_PIECESQUARETABLES:0.5043011902197019
C_MOBILITY:0.48622589677770367
C_KINGSAFETY:0.4965411673858904
C_PAWNSTRUCTURE:0.5088568042606226
C_PIECECOORDINATION:0.47919180188301597
C_ROOKANDPAWNMOVEMENT:0.47919180188301597
C_CENTERCONTROL:0.5024389016262516
C_DEVELOPPIECES:0.46919019367549575
C_MATERIAL:0.48778848451120227
