ELO:797
CE_PASSEDPAWNS:0.4787618103106385
CE_PAWNWEAKNESSES:0.55448482311273
CE_PIECEACTIVITY:0.5194345658755863
CE_KINGPAWNSHIELD:0.4719558225733316
CE_PIECECOORDINATION:0.4358469831675717
CE_MATERIAL:0.40038703111406126
CE_KINGSAFETY:0.5090962973222094
C_PIECESQUARETABLES:0.5438039311930613
C_MOBILITY:0.44009516210697297
C_KINGSAFETY:0.489987331747025
C_PAWNSTRUCTURE:0.5376229078213945
C_PIECECOORDINATION:0.4765783985213955
C_ROOKANDPAWNMOVEMENT:0.4765783985213955
C_CENTERCONTROL:0.5255757687631076
C_DEVELOPPIECES:0.5149750199146845
C_MATERIAL:0.42946637545784305
C_MOVECOUNT:0.5
