ELO:962
CE_PASSEDPAWNS:0.5228092083015686
CE_PAWNWEAKNESSES:0.49403171012931757
CE_PIECEACTIVITY:0.5026298795355123
CE_KINGPAWNSHIELD:0.5010807451876224
CE_PIECECOORDINATION:0.49664423775152394
CE_MATERIAL:0.5018483882117825
CE_KINGSAFETY:0.49135504149177434
C_PIECESQUARETABLES:0.5065298044016204
C_MOBILITY:0.5027790534431403
C_KINGSAFETY:0.5399891875639877
C_PAWNSTRUCTURE:0.4863934101451288
C_PIECECOORDINATION:0.48100340684892096
C_ROOKANDPAWNMOVEMENT:0.48100340684892096
C_CENTERCONTROL:0.4362526284417797
C_DEVELOPPIECES:0.5183074275069034
C_MATERIAL:0.5103722526557752
C_MOVECOUNT:0.5
