ELO:987
CE_PASSEDPAWNS:0.38932284593729277
CE_PAWNWEAKNESSES:0.5128889835512717
CE_PIECEACTIVITY:0.5256534381721791
CE_KINGPAWNSHIELD:0.5599465954910741
CE_PIECECOORDINATION:0.595736614553038
CE_MATERIAL:0.4244086625391592
CE_KINGSAFETY:0.5097455886915959
C_PIECESQUARETABLES:0.5
C_MOBILITY:0.6085236695087711
C_KINGSAFETY:0.5807171149246039
C_PAWNSTRUCTURE:0.6263456766962712
C_PIECECOORDINATION:0.62513922687327
C_ROOKANDPAWNMOVEMENT:0.62513922687327
C_CENTERCONTROL:0.3678330028681369
C_DEVELOPPIECES:0.5473434854963155
C_MATERIAL:0.6234991122067586
