ELO:1000
CE_PASSEDPAWNS:0.494580961633152
CE_PAWNWEAKNESSES:0.4459001131459182
CE_PIECEACTIVITY:0.5549299543748581
CE_KINGPAWNSHIELD:0.5424106512250827
CE_PIECECOORDINATION:0.49974835759365177
CE_MATERIAL:0.4836817191327807
CE_KINGSAFETY:0.5126225974763549
C_PIECESQUARETABLES:0.5201216412859648
C_MOBILITY:0.5180176137014287
C_KINGSAFETY:0.5370664584831244
C_PAWNSTRUCTURE:0.5155821729246339
C_PIECECOORDINATION:0.5242474519268422
C_ROOKANDPAWNMOVEMENT:0.5242474519268422
C_CENTERCONTROL:0.49589050848336064
C_DEVELOPPIECES:0.47905196744650064
C_MATERIAL:0.5117531659999738
