ELO:1034
CE_PASSEDPAWNS:0.5419591107995607
CE_PAWNWEAKNESSES:0.43778879440552404
CE_PIECEACTIVITY:0.43930691145363493
CE_KINGPAWNSHIELD:0.4800707634210476
CE_PIECECOORDINATION:0.4970752119489183
CE_MATERIAL:0.4965207264907724
CE_KINGSAFETY:0.48874969140823254
C_PIECESQUARETABLES:0.49939405908970386
C_MOBILITY:0.5774525669437638
C_KINGSAFETY:0.45973078291834
C_PAWNSTRUCTURE:0.47257928352697315
C_PIECECOORDINATION:0.5390592239608356
C_ROOKANDPAWNMOVEMENT:0.5390592239608356
C_CENTERCONTROL:0.47459799673864445
C_DEVELOPPIECES:0.5048463134400527
C_MATERIAL:0.4854848258441228
