ELO:923
CE_PASSEDPAWNS:0.502073639662438
CE_PAWNWEAKNESSES:0.46700390064368735
CE_PIECEACTIVITY:0.4855647835021977
CE_KINGPAWNSHIELD:0.5103780937460697
CE_PIECECOORDINATION:0.4601686518473969
CE_MATERIAL:0.4972324499316982
CE_KINGSAFETY:0.4996023898033622
C_PIECESQUARETABLES:0.5023982740010424
C_MOBILITY:0.5516571027427332
C_KINGSAFETY:0.5277661581378006
C_PAWNSTRUCTURE:0.4533868085325081
C_PIECECOORDINATION:0.5108897486684096
C_ROOK:0.5324582917942943
CE_ROOK:0.5143264060446778
C_CENTERCONTROL:0.5021530884344909
C_DEVELOPPIECES:0.4672968195227125
C_MATERIAL:0.4882844197723705
C_MOVECOUNT:0.4895256641045104
C_PAWNMOVEMENT:0.5307409125336338
