ELO:877
CE_PASSEDPAWNS:0.5360985222541215
CE_PAWNWEAKNESSES:0.48245824987111446
CE_PIECEACTIVITY:0.4895746163817073
CE_KINGPAWNSHIELD:0.4572664740387956
CE_PIECECOORDINATION:0.508459673099071
CE_MATERIAL:0.5467584067541601
CE_KINGSAFETY:0.510091037010655
C_PIECESQUARETABLES:0.4944956825274873
C_MOBILITY:0.4710631071984321
C_KINGSAFETY:0.5087201893466747
C_PAWNSTRUCTURE:0.5305649758486902
C_PIECECOORDINATION:0.4519579324026857
C_ROOKANDPAWNMOVEMENT:0.4519579324026857
C_CENTERCONTROL:0.5682020737609529
C_DEVELOPPIECES:0.4314275186223588
C_MATERIAL:0.5045553147553908
C_MOVECOUNT:0.5
