ELO:988
CE_PASSEDPAWNS:0.5093057931038695
CE_PAWNWEAKNESSES:0.5
CE_PIECEACTIVITY:0.48595974017275384
CE_KINGPAWNSHIELD:0.5145479401317928
CE_PIECECOORDINATION:0.48476109590871624
CE_MATERIAL:0.47669012943021466
CE_KINGSAFETY:0.5
C_PIECESQUARETABLES:0.49192285713092576
C_MOBILITY:0.4847654539094021
C_KINGSAFETY:0.5059844692064155
C_PAWNSTRUCTURE:0.5
C_PIECECOORDINATION:0.5116375889524556
C_ROOKANDPAWNMOVEMENT:0.5116375889524556
C_CENTERCONTROL:0.508084158686514
C_DEVELOPPIECES:0.49435157644678296
C_MATERIAL:0.5
C_MOVECOUNT:0.5
