ELO:981
CE_PASSEDPAWNS:0.5147207674297289
CE_PAWNWEAKNESSES:0.4923783631312197
CE_PIECEACTIVITY:0.5004532823458921
CE_KINGPAWNSHIELD:0.5143291740585618
CE_PIECECOORDINATION:0.49978905698415005
CE_MATERIAL:0.5003941426312479
CE_KINGSAFETY:0.5132913701424233
C_PIECESQUARETABLES:0.5101084736256158
C_MOBILITY:0.4853549012375591
C_KINGSAFETY:0.4889577462729519
C_PAWNSTRUCTURE:0.5037865249649665
C_PIECECOORDINATION:0.4920900313799797
C_ROOKANDPAWNMOVEMENT:0.4920900313799797
C_CENTERCONTROL:0.5
C_DEVELOPPIECES:0.518619720735791
C_MATERIAL:0.5131332739557094
