ELO:922
CE_PASSEDPAWNS:0.4986620957792171
CE_PAWNWEAKNESSES:0.5072387254948224
CE_PIECEACTIVITY:0.49789175396677393
CE_KINGPAWNSHIELD:0.5118155035501112
CE_PIECECOORDINATION:0.4976987668484828
CE_MATERIAL:0.4698048247344201
CE_KINGSAFETY:0.5100432789460009
C_PIECESQUARETABLES:0.5019868981498882
C_MOBILITY:0.4369419795021361
C_KINGSAFETY:0.46979004621346354
C_PAWNSTRUCTURE:0.4755001127765771
C_PIECECOORDINATION:0.5031504050977039
C_ROOKANDPAWNMOVEMENT:0.5031504050977039
C_CENTERCONTROL:0.5056285977503545
C_DEVELOPPIECES:0.5008242049801779
C_MATERIAL:0.5
