ELO:980
CE_PASSEDPAWNS:0.5020430640833661
CE_PAWNWEAKNESSES:0.5037865600702117
CE_PIECEACTIVITY:0.5395726004734633
CE_KINGPAWNSHIELD:0.4979119047488536
CE_PIECECOORDINATION:0.46943079566991036
CE_MATERIAL:0.4995782551173533
CE_KINGSAFETY:0.49183710373976125
C_PIECESQUARETABLES:0.5091236204638313
C_MOBILITY:0.4999762391618765
C_KINGSAFETY:0.5273663434063818
C_PAWNSTRUCTURE:0.5024749751470392
C_PIECECOORDINATION:0.5087934701066539
C_ROOKANDPAWNMOVEMENT:0.5087934701066539
C_CENTERCONTROL:0.49032786431705905
C_DEVELOPPIECES:0.5177644482748345
C_MATERIAL:0.50423487798884
C_MOVECOUNT:0.5005455890423202
