ELO:1000
CE_PASSEDPAWNS:0.49554069409327484
CE_PAWNWEAKNESSES:0.49673304029463455
CE_PIECEACTIVITY:0.5
CE_KINGPAWNSHIELD:0.5155284961045195
CE_PIECECOORDINATION:0.5054573595198941
CE_MATERIAL:0.5
CE_KINGSAFETY:0.49243489060120993
C_PIECESQUARETABLES:0.5052568286553609
C_MOBILITY:0.5
C_KINGSAFETY:0.5185892295147965
C_PAWNSTRUCTURE:0.5
C_PIECECOORDINATION:0.4844563453474647
C_ROOK:0.5
CE_ROOK:0.5117285817564278
C_CENTERCONTROL:0.4968047759940026
C_DEVELOPPIECES:0.5
C_MATERIAL:0.5
C_MOVECOUNT:0.49485252877633645
C_PAWNMOVEMENT:0.5
