ELO:1001
CE_PASSEDPAWNS:0.5
CE_PAWNWEAKNESSES:0.5065198029884581
CE_PIECEACTIVITY:0.5
CE_KINGPAWNSHIELD:0.5006067091725654
CE_PIECECOORDINATION:0.49813349069087315
CE_MATERIAL:0.500992482622684
CE_KINGSAFETY:0.492406519263546
C_PIECESQUARETABLES:0.5
C_MOBILITY:0.485495776670846
C_KINGSAFETY:0.49550443504652714
C_PAWNSTRUCTURE:0.5044992944954831
C_PIECECOORDINATION:0.49976581388698954
C_ROOKANDPAWNMOVEMENT:0.49976581388698954
C_CENTERCONTROL:0.5076617448710945
C_DEVELOPPIECES:0.5167172533126061
C_MATERIAL:0.4894550182675427
C_MOVECOUNT:0.5
