ELO:1158
CE_PASSEDPAWNS:0.4155471022398515
CE_PAWNWEAKNESSES:0.45753908675987287
CE_PIECEACTIVITY:0.5580846597125007
CE_KINGPAWNSHIELD:0.40008057349030945
CE_PIECECOORDINATION:0.5062093759261084
CE_MATERIAL:0.498316981915067
CE_KINGSAFETY:0.5
C_PIECESQUARETABLES:0.5
C_MOBILITY:0.5883672385649751
C_KINGSAFETY:0.40220539142586287
C_PAWNSTRUCTURE:0.5511810051279755
C_PIECECOORDINATION:0.5546562877460437
C_ROOKANDPAWNMOVEMENT:0.5546562877460437
C_CENTERCONTROL:0.48833387149675983
C_DEVELOPPIECES:0.40461262886758054
C_MATERIAL:0.6320895787071104
