ELO:1000
CE_PASSEDPAWNS:0.5392648844346999
CE_PAWNWEAKNESSES:0.4860989048013542
CE_PIECEACTIVITY:0.47429528196623233
CE_KINGPAWNSHIELD:0.48569897767763
CE_PIECECOORDINATION:0.47055772929239853
CE_MATERIAL:0.50252445394854
CE_KINGSAFETY:0.5305825719733704
C_PIECESQUARETABLES:0.5077587579973698
C_MOBILITY:0.5264205700337121
C_KINGSAFETY:0.48969572769383873
C_PAWNSTRUCTURE:0.4954038713236261
C_PIECECOORDINATION:0.5012508797763263
C_ROOKANDPAWNMOVEMENT:0.5012508797763263
C_CENTERCONTROL:0.4746159227898824
C_DEVELOPPIECES:0.4991828090467164
C_MATERIAL:0.5140641548168756
