ELO:1098
CE_PASSEDPAWNS:0.4945732073083062
CE_PAWNWEAKNESSES:0.5017511431794623
CE_PIECEACTIVITY:0.5975814565428466
CE_KINGPAWNSHIELD:0.4628065437446107
CE_PIECECOORDINATION:0.5062093759261084
CE_MATERIAL:0.4874072947026655
CE_KINGSAFETY:0.5
C_PIECESQUARETABLES:0.5
C_MOBILITY:0.5836313903895851
C_KINGSAFETY:0.3887830953872723
C_PAWNSTRUCTURE:0.5461055495356145
C_PIECECOORDINATION:0.5827958732663536
C_ROOKANDPAWNMOVEMENT:0.5827958732663536
C_CENTERCONTROL:0.43923677488585294
C_DEVELOPPIECES:0.4332909592322626
C_MATERIAL:0.6243603211084038
