ELO:973
CE_PASSEDPAWNS:0.5363011303175228
CE_PAWNWEAKNESSES:0.4826045735093838
CE_PIECEACTIVITY:0.47531872562329175
CE_KINGPAWNSHIELD:0.5085343055451019
CE_PIECECOORDINATION:0.4692159337757741
CE_MATERIAL:0.5002067280891132
CE_KINGSAFETY:0.4955036007563136
C_PIECESQUARETABLES:0.510496770026173
C_MOBILITY:0.5434012134902169
C_KINGSAFETY:0.5320994360946107
C_PAWNSTRUCTURE:0.4851977220158178
C_PIECECOORDINATION:0.45205541628092255
C_ROOK:0.5347463538785059
CE_ROOK:0.5124262536765402
C_CENTERCONTROL:0.45874895165645846
C_DEVELOPPIECES:0.48277135361068313
C_MATERIAL:0.5289006201509058
C_MOVECOUNT:0.5380283092552556
C_PAWNMOVEMENT:0.5263851943479989
