ELO:937
CE_PASSEDPAWNS:0.5124972275233858
CE_PAWNWEAKNESSES:0.521365312961963
CE_PIECEACTIVITY:0.5870037333149923
CE_KINGPAWNSHIELD:0.5740216542254512
CE_PIECECOORDINATION:0.42310413702006944
CE_MATERIAL:0.4461391966907136
CE_KINGSAFETY:0.5151956151262622
C_PIECESQUARETABLES:0.5029949605435216
C_MOBILITY:0.5226304616163221
C_KINGSAFETY:0.49655410615427775
C_PAWNSTRUCTURE:0.5115270970744235
C_PIECECOORDINATION:0.40868771418913685
C_ROOKANDPAWNMOVEMENT:0.40868771418913685
C_CENTERCONTROL:0.5045395250364255
C_DEVELOPPIECES:0.5055679366258525
C_MATERIAL:0.5100916635266324
