ELO:1094
CE_PASSEDPAWNS:0.4522391623994131
CE_PAWNWEAKNESSES:0.4476413466186686
CE_PIECEACTIVITY:0.48013743344619403
CE_KINGPAWNSHIELD:0.42217784203807107
CE_PIECECOORDINATION:0.4740445867024571
CE_MATERIAL:0.45010939930116606
CE_KINGSAFETY:0.5
C_PIECESQUARETABLES:0.4963267397549297
C_MOBILITY:0.4207142839993723
C_KINGSAFETY:0.6418637992280604
C_PAWNSTRUCTURE:0.44700913795848674
C_PIECECOORDINATION:0.4886580873218714
C_ROOKANDPAWNMOVEMENT:0.4886580873218714
C_CENTERCONTROL:0.49377387165346204
C_DEVELOPPIECES:0.5576237735754453
C_MATERIAL:0.3968160160349447
