ELO:986
CE_PASSEDPAWNS:0.5093057931038695
CE_PAWNWEAKNESSES:0.48229652449221583
CE_PIECEACTIVITY:0.4893230315284628
CE_KINGPAWNSHIELD:0.5104162370541317
CE_PIECECOORDINATION:0.4767325042488657
CE_MATERIAL:0.47203312158824084
CE_KINGSAFETY:0.4875339143966224
C_PIECESQUARETABLES:0.5
C_MOBILITY:0.4889432512188074
C_KINGSAFETY:0.4973658703860181
C_PAWNSTRUCTURE:0.49769497230471105
C_PIECECOORDINATION:0.5010571463175401
C_ROOKANDPAWNMOVEMENT:0.5010571463175401
C_CENTERCONTROL:0.4998107441657465
C_DEVELOPPIECES:0.4888972083083774
C_MATERIAL:0.4999254727817862
C_MOVECOUNT:0.4892323748041535
