ELO:913
CE_PASSEDPAWNS:0.5102267806004092
CE_PAWNWEAKNESSES:0.49929200639269267
CE_PIECEACTIVITY:0.501385424342251
CE_KINGPAWNSHIELD:0.4570346754206132
CE_PIECECOORDINATION:0.517967302053277
CE_MATERIAL:0.5049984466702941
CE_KINGSAFETY:0.5163045101008771
C_PIECESQUARETABLES:0.5077922715043188
C_MOBILITY:0.471624795900391
C_KINGSAFETY:0.5076906637841858
C_PAWNSTRUCTURE:0.5314602489303378
C_PIECECOORDINATION:0.4431869674671248
C_ROOKANDPAWNMOVEMENT:0.4431869674671248
C_CENTERCONTROL:0.5421881148583327
C_DEVELOPPIECES:0.4605619685607688
C_MATERIAL:0.4898664112683503
C_MOVECOUNT:0.5
