ELO:985
CE_PASSEDPAWNS:0.5220014652991477
CE_PAWNWEAKNESSES:0.4449176979510626
CE_PIECEACTIVITY:0.5975814565428466
CE_KINGPAWNSHIELD:0.4921830056243816
CE_PIECECOORDINATION:0.5762654579371934
CE_MATERIAL:0.5561775794490093
CE_KINGSAFETY:0.5
C_PIECESQUARETABLES:0.5
C_MOBILITY:0.5012764036555123
C_KINGSAFETY:0.5582281827842477
C_PAWNSTRUCTURE:0.3974960377332616
C_PIECECOORDINATION:0.5836305981213538
C_ROOKANDPAWNMOVEMENT:0.5836305981213538
C_CENTERCONTROL:0.4267101140819242
C_DEVELOPPIECES:0.5055077391025935
C_MATERIAL:0.6251970777337466
