ELO:875
CE_PASSEDPAWNS:0.5091162134568382
CE_PAWNWEAKNESSES:0.45131824503774004
CE_PIECEACTIVITY:0.41968073828328856
CE_KINGPAWNSHIELD:0.5873298751590821
CE_PIECECOORDINATION:0.5226481576313152
CE_MATERIAL:0.44959873501398073
CE_KINGSAFETY:0.5703858574086307
C_PIECESQUARETABLES:0.5556429900939373
C_MOBILITY:0.5358998159295181
C_KINGSAFETY:0.4874485982386005
C_PAWNSTRUCTURE:0.45684652889905564
C_PIECECOORDINATION:0.5166033580455789
C_ROOKANDPAWNMOVEMENT:0.5166033580455789
C_CENTERCONTROL:0.44398971321150177
C_DEVELOPPIECES:0.5040633955622729
C_MATERIAL:0.4821612202956926
C_MOVECOUNT:0.5021368198854937
