ELO:825
CE_PASSEDPAWNS:0.5381509133588638
CE_PAWNWEAKNESSES:0.5125764743496039
CE_PIECEACTIVITY:0.49243855251773355
CE_KINGPAWNSHIELD:0.4525021777089287
CE_PIECECOORDINATION:0.52091901548597
CE_MATERIAL:0.5358367233824575
CE_KINGSAFETY:0.5073010907038703
C_PIECESQUARETABLES:0.5019565746124207
C_MOBILITY:0.5058362266345038
C_KINGSAFETY:0.5021415836418477
C_PAWNSTRUCTURE:0.5402951940026599
C_PIECECOORDINATION:0.41395616450245837
C_ROOKANDPAWNMOVEMENT:0.41395616450245837
C_CENTERCONTROL:0.5654094600402448
C_DEVELOPPIECES:0.420971002705309
C_MATERIAL:0.49677793636428613
C_MOVECOUNT:0.5
