ELO:982
CE_PASSEDPAWNS:0.4968290452742056
CE_PAWNWEAKNESSES:0.4940308493330016
CE_PIECEACTIVITY:0.4636443063877173
CE_KINGPAWNSHIELD:0.5306379965744648
CE_PIECECOORDINATION:0.4911499124536557
CE_MATERIAL:0.4921104314641642
CE_KINGSAFETY:0.5
C_PIECESQUARETABLES:0.5043394041329489
C_MOBILITY:0.5278867144613643
C_KINGSAFETY:0.5354034948099418
C_PAWNSTRUCTURE:0.4963037157291981
C_PIECECOORDINATION:0.48384529113358393
C_ROOK:0.4882818093759586
CE_ROOK:0.5142636407683895
C_CENTERCONTROL:0.48481704722289765
C_DEVELOPPIECES:0.496034333443059
C_MATERIAL:0.5037580262426613
C_MOVECOUNT:0.5080921134653944
C_PAWNMOVEMENT:0.5207146063994633
