ELO:886
CE_PASSEDPAWNS:0.533363511290749
CE_PAWNWEAKNESSES:0.4934102657598786
CE_PIECEACTIVITY:0.4941493078096273
CE_KINGPAWNSHIELD:0.4817671470629672
CE_PIECECOORDINATION:0.518815487414221
CE_MATERIAL:0.5162370979405666
CE_KINGSAFETY:0.4891446750218028
C_PIECESQUARETABLES:0.5094728905542115
C_MOBILITY:0.4943189554924452
C_KINGSAFETY:0.5166678221373346
C_PAWNSTRUCTURE:0.5049753807395592
C_PIECECOORDINATION:0.5314012514256787
C_ROOKANDPAWNMOVEMENT:0.5314012514256787
C_CENTERCONTROL:0.5103937964280876
C_DEVELOPPIECES:0.495533171806691
C_MATERIAL:0.49320133787920173
C_MOVECOUNT:0.5238257677163513
