ELO:989
CE_PASSEDPAWNS:0.3988710151026208
CE_PAWNWEAKNESSES:0.5128889835512717
CE_PIECEACTIVITY:0.5029854910492
CE_KINGPAWNSHIELD:0.48862017856592743
CE_PIECECOORDINATION:0.5945923831985539
CE_MATERIAL:0.41845344417184516
CE_KINGSAFETY:0.4791430278537054
C_PIECESQUARETABLES:0.49239407275185487
C_MOBILITY:0.6028095715097599
C_KINGSAFETY:0.564781451435885
C_PAWNSTRUCTURE:0.6317966402371517
C_PIECECOORDINATION:0.6135308168497035
C_ROOKANDPAWNMOVEMENT:0.6135308168497035
C_CENTERCONTROL:0.3890492155289539
C_DEVELOPPIECES:0.5485847935783625
C_MATERIAL:0.5866536899795093
