ELO:1110
CE_PASSEDPAWNS:0.503008398271709
CE_PAWNWEAKNESSES:0.5195845780122825
CE_PIECEACTIVITY:0.5461217497574483
CE_KINGPAWNSHIELD:0.4724108304964183
CE_PIECECOORDINATION:0.49892967985177217
CE_MATERIAL:0.540383494701908
CE_KINGSAFETY:0.5
C_PIECESQUARETABLES:0.5
C_MOBILITY:0.5668796863964455
C_KINGSAFETY:0.3887830953872723
C_PAWNSTRUCTURE:0.5461055495356145
C_PIECECOORDINATION:0.5836305981213538
C_ROOKANDPAWNMOVEMENT:0.5836305981213538
C_CENTERCONTROL:0.5685522909256078
C_DEVELOPPIECES:0.4332909592322626
C_MATERIAL:0.6243603211084038
