ELO:931
CE_PASSEDPAWNS:0.5064250451952602
CE_PAWNWEAKNESSES:0.46700390064368735
CE_PIECEACTIVITY:0.4855647835021977
CE_KINGPAWNSHIELD:0.5103780937460697
CE_PIECECOORDINATION:0.4601686518473969
CE_MATERIAL:0.4911761828416832
CE_KINGSAFETY:0.5
C_PIECESQUARETABLES:0.5
C_MOBILITY:0.5616489478215397
C_KINGSAFETY:0.5290265986213271
C_PAWNSTRUCTURE:0.4493828237994984
C_PIECECOORDINATION:0.5108897486684096
C_ROOK:0.5324582917942943
CE_ROOK:0.5011119505388264
C_CENTERCONTROL:0.4993565739798053
C_DEVELOPPIECES:0.4672968195227125
C_MATERIAL:0.49971988406224027
C_MOVECOUNT:0.4895256641045104
C_PAWNMOVEMENT:0.5300356515950603
