ELO:989
CE_PASSEDPAWNS:0.4682633321988182
CE_PAWNWEAKNESSES:0.4948094598698621
CE_PIECEACTIVITY:0.5227283126806886
CE_KINGPAWNSHIELD:0.4851752330262445
CE_PIECECOORDINATION:0.5224069788013944
CE_MATERIAL:0.5192201807081841
CE_KINGSAFETY:0.5
C_PIECESQUARETABLES:0.5
C_MOBILITY:0.4740841787453959
C_KINGSAFETY:0.483263417608805
C_PAWNSTRUCTURE:0.49769497230471105
C_PIECECOORDINATION:0.4989080351254811
C_ROOKANDPAWNMOVEMENT:0.4989080351254811
C_CENTERCONTROL:0.462743962069889
C_DEVELOPPIECES:0.5
C_MATERIAL:0.5031665161956176
C_MOVECOUNT:0.5003899630835368
