ELO:1000
CE_PASSEDPAWNS:0.48680008301526795
CE_PAWNWEAKNESSES:0.49766960317217396
CE_PIECEACTIVITY:0.5285910104108088
CE_KINGPAWNSHIELD:0.5242660823587706
CE_PIECECOORDINATION:0.48930867871763756
CE_MATERIAL:0.4821388544761646
CE_KINGSAFETY:0.47895279433292753
C_PIECESQUARETABLES:0.49198215222806735
C_MOBILITY:0.5100230387586756
C_KINGSAFETY:0.5316460738088807
C_PAWNSTRUCTURE:0.5251361615080402
C_PIECECOORDINATION:0.49672441813298374
C_ROOKANDPAWNMOVEMENT:0.49672441813298374
C_CENTERCONTROL:0.5288416295991961
C_DEVELOPPIECES:0.5132732863513302
C_MATERIAL:0.5315148912211005
