ELO:820
CE_PASSEDPAWNS:0.5254635413738796
CE_PAWNWEAKNESSES:0.49777905522150684
CE_PIECEACTIVITY:0.5184463376559413
CE_KINGPAWNSHIELD:0.42398936411967447
CE_PIECECOORDINATION:0.5235307809148508
CE_MATERIAL:0.5156054622313893
CE_KINGSAFETY:0.5235823237721298
C_PIECESQUARETABLES:0.49467768150623576
C_MOBILITY:0.5278834794810809
C_KINGSAFETY:0.5091166558972712
C_PAWNSTRUCTURE:0.5363127203254554
C_PIECECOORDINATION:0.39694800434213023
C_ROOKANDPAWNMOVEMENT:0.39694800434213023
C_CENTERCONTROL:0.5774672837610316
C_DEVELOPPIECES:0.4156768591675659
C_MATERIAL:0.5193096107435415
C_MOVECOUNT:0.5
