ELO:989
CE_PASSEDPAWNS:0.38932284593729277
CE_PAWNWEAKNESSES:0.4449176979510626
CE_PIECEACTIVITY:0.579243014184643
CE_KINGPAWNSHIELD:0.42158963305178737
CE_PIECECOORDINATION:0.6202640001207428
CE_MATERIAL:0.41237886705497595
CE_KINGSAFETY:0.47957277172680635
C_PIECESQUARETABLES:0.5
C_MOBILITY:0.49776475317986923
C_KINGSAFETY:0.5809955709551379
C_PAWNSTRUCTURE:0.6263456766962712
C_PIECECOORDINATION:0.6135308168497035
C_ROOKANDPAWNMOVEMENT:0.6135308168497035
C_CENTERCONTROL:0.38257410751037846
C_DEVELOPPIECES:0.48463106472835726
C_MATERIAL:0.5825732595096306
