ELO:946
CE_PASSEDPAWNS:0.5121927831268804
CE_PAWNWEAKNESSES:0.5128557000295547
CE_PIECEACTIVITY:0.49648712607329953
CE_KINGPAWNSHIELD:0.505197345421805
CE_PIECECOORDINATION:0.4880527804560726
CE_MATERIAL:0.5089069266832662
CE_KINGSAFETY:0.5007332301391136
C_PIECESQUARETABLES:0.5221247017425332
C_MOBILITY:0.501866545488191
C_KINGSAFETY:0.5113988293318522
C_PAWNSTRUCTURE:0.5141387343818761
C_PIECECOORDINATION:0.49971485788775777
C_ROOK:0.5
CE_ROOK:0.5
C_CENTERCONTROL:0.4868558966410722
C_DEVELOPPIECES:0.504030946769163
C_MATERIAL:0.49841586052994685
C_MOVECOUNT:0.4931874403345961
C_PAWNMOVEMENT:0.5
