ELO:864
CE_PASSEDPAWNS:0.43354466483259957
CE_PAWNWEAKNESSES:0.4178438779134015
CE_PIECEACTIVITY:0.5134951356172185
CE_KINGPAWNSHIELD:0.5362801295884024
CE_PIECECOORDINATION:0.47572710026447235
CE_MATERIAL:0.4489772506155877
CE_KINGSAFETY:0.458925995082102
C_PIECESQUARETABLES:0.4773438960100098
C_MOBILITY:0.5215094987619543
C_KINGSAFETY:0.48379962179328706
C_PAWNSTRUCTURE:0.49203229196414144
C_PIECECOORDINATION:0.5059999528079666
C_ROOKANDPAWNMOVEMENT:0.5059999528079666
C_CENTERCONTROL:0.5364454855235893
C_DEVELOPPIECES:0.416628664061938
C_MATERIAL:0.492717751016914
C_MOVECOUNT:0.5
