ELO:1156
CE_PASSEDPAWNS:0.4758185173148527
CE_PAWNWEAKNESSES:0.45435529719210543
CE_PIECEACTIVITY:0.46141663230729874
CE_KINGPAWNSHIELD:0.4628065437446107
CE_PIECECOORDINATION:0.5094822262344411
CE_MATERIAL:0.5576211995696057
CE_KINGSAFETY:0.5023174501179808
C_PIECESQUARETABLES:0.5
C_MOBILITY:0.5668796863964455
C_KINGSAFETY:0.4094044933739038
C_PAWNSTRUCTURE:0.5511810051279755
C_PIECECOORDINATION:0.5562674503149065
C_ROOKANDPAWNMOVEMENT:0.5562674503149065
C_CENTERCONTROL:0.43923677488585294
C_DEVELOPPIECES:0.4593697475404217
C_MATERIAL:0.5106960349283816
