ELO:970
CE_PASSEDPAWNS:0.5044316382322207
CE_PAWNWEAKNESSES:0.5
CE_PIECEACTIVITY:0.4909846443047512
CE_KINGPAWNSHIELD:0.48777564828602205
CE_PIECECOORDINATION:0.4947140691315694
CE_MATERIAL:0.5054397093801178
CE_KINGSAFETY:0.5045731429414053
C_PIECESQUARETABLES:0.48846375559901273
C_MOBILITY:0.4904293121378132
C_KINGSAFETY:0.5
C_PAWNSTRUCTURE:0.5133840504524626
C_PIECECOORDINATION:0.5051816486325049
C_ROOKANDPAWNMOVEMENT:0.5051816486325049
C_CENTERCONTROL:0.4916738607643183
C_DEVELOPPIECES:0.5064566511708771
C_MATERIAL:0.4964667550962261
C_MOVECOUNT:0.5042776774653293
