ELO:991
CE_PASSEDPAWNS:0.4551273816094718
CE_PAWNWEAKNESSES:0.44542974891888637
CE_PIECEACTIVITY:0.5407582011056409
CE_KINGPAWNSHIELD:0.47475437288721545
CE_PIECECOORDINATION:0.49892967985177217
CE_MATERIAL:0.535468753986263
CE_KINGSAFETY:0.5
C_PIECESQUARETABLES:0.5
C_MOBILITY:0.49816549280442246
C_KINGSAFETY:0.5555396845641076
C_PAWNSTRUCTURE:0.46662491206209794
C_PIECECOORDINATION:0.6135308168497035
C_ROOKANDPAWNMOVEMENT:0.6135308168497035
C_CENTERCONTROL:0.3867788289847833
C_DEVELOPPIECES:0.48463106472835726
C_MATERIAL:0.6242308573948059
