ELO:826
CE_PASSEDPAWNS:0.5211187739130487
CE_PAWNWEAKNESSES:0.46076144645375977
CE_PIECEACTIVITY:0.5222484989521424
CE_KINGPAWNSHIELD:0.44521502537700824
CE_PIECECOORDINATION:0.5068114270956412
CE_MATERIAL:0.4956276834167439
CE_KINGSAFETY:0.4983844631414708
C_PIECESQUARETABLES:0.5064589280221072
C_MOBILITY:0.543668002517108
C_KINGSAFETY:0.5113488186052185
C_PAWNSTRUCTURE:0.5486458642460463
C_PIECECOORDINATION:0.43621291001348805
C_ROOKANDPAWNMOVEMENT:0.43621291001348805
C_CENTERCONTROL:0.5870987572709752
C_DEVELOPPIECES:0.42241308711864567
C_MATERIAL:0.4967389980960791
C_MOVECOUNT:0.5
