ELO:937
CE_PASSEDPAWNS:0.4827808634057386
CE_PAWNWEAKNESSES:0.4651574886426482
CE_PIECEACTIVITY:0.49460343462669865
CE_KINGPAWNSHIELD:0.5094489877753032
CE_PIECECOORDINATION:0.45392683022229086
CE_MATERIAL:0.5007063639523491
CE_KINGSAFETY:0.48755915001188216
C_PIECESQUARETABLES:0.4815181973626108
C_MOBILITY:0.5488259608175214
C_KINGSAFETY:0.5292806229977179
C_PAWNSTRUCTURE:0.46508976634847127
C_PIECECOORDINATION:0.5044627934409082
C_ROOK:0.5235063980059389
CE_ROOK:0.4895737856416193
C_CENTERCONTROL:0.5021530884344909
C_DEVELOPPIECES:0.48409669852492304
C_MATERIAL:0.49521599062832644
C_MOVECOUNT:0.4821930522627782
C_PAWNMOVEMENT:0.5161800895788515
