ELO:889
CE_PASSEDPAWNS:0.5380851934751623
CE_PAWNWEAKNESSES:0.4928052805158197
CE_PIECEACTIVITY:0.494773348499257
CE_KINGPAWNSHIELD:0.46441454781410607
CE_PIECECOORDINATION:0.5102129585687128
CE_MATERIAL:0.5337546444738791
CE_KINGSAFETY:0.5113798615288448
C_PIECESQUARETABLES:0.4887920299033036
C_MOBILITY:0.4638904130012882
C_KINGSAFETY:0.5040883872706531
C_PAWNSTRUCTURE:0.5210985830646454
C_PIECECOORDINATION:0.4606181785358057
C_ROOKANDPAWNMOVEMENT:0.4606181785358057
C_CENTERCONTROL:0.5499699097492811
C_DEVELOPPIECES:0.44854998573220184
C_MATERIAL:0.49769375125801285
C_MOVECOUNT:0.5
