ELO:939
CE_PASSEDPAWNS:0.47460169400575025
CE_PAWNWEAKNESSES:0.49881948352447586
CE_PIECEACTIVITY:0.517829293057129
CE_KINGPAWNSHIELD:0.5036880984593831
CE_PIECECOORDINATION:0.50064551499642
CE_MATERIAL:0.5149772860744142
CE_KINGSAFETY:0.5073247555067748
C_PIECESQUARETABLES:0.5204916521266912
C_MOBILITY:0.4753972867792594
C_KINGSAFETY:0.5071405594879554
C_PAWNSTRUCTURE:0.4999576816296674
C_PIECECOORDINATION:0.5136050786997944
C_ROOKANDPAWNMOVEMENT:0.5136050786997944
C_CENTERCONTROL:0.49115825600591
C_DEVELOPPIECES:0.49669239932379167
C_MATERIAL:0.49336865598440566
C_MOVECOUNT:0.5
