ELO:1007
CE_PASSEDPAWNS:0.4551273816094718
CE_PAWNWEAKNESSES:0.4747266971979074
CE_PIECEACTIVITY:0.46058068809744396
CE_KINGPAWNSHIELD:0.4076561608377238
CE_PIECECOORDINATION:0.5261101980407332
CE_MATERIAL:0.498316981915067
CE_KINGSAFETY:0.5
C_PIECESQUARETABLES:0.447429667971454
C_MOBILITY:0.5856085889373912
C_KINGSAFETY:0.6180568792189061
C_PAWNSTRUCTURE:0.6059616060781821
C_PIECECOORDINATION:0.6006523227325677
C_ROOKANDPAWNMOVEMENT:0.6006523227325677
C_CENTERCONTROL:0.44015294644827285
C_DEVELOPPIECES:0.5528173797779841
C_MATERIAL:0.6127785637759643
