ELO:925
CE_PASSEDPAWNS:0.4827808634057386
CE_PAWNWEAKNESSES:0.47790295385071163
CE_PIECEACTIVITY:0.511768272915442
CE_KINGPAWNSHIELD:0.5116525197539543
CE_PIECECOORDINATION:0.46585153308891325
CE_MATERIAL:0.502331676027603
CE_KINGSAFETY:0.5
C_PIECESQUARETABLES:0.4815181973626108
C_MOBILITY:0.5488259608175214
C_KINGSAFETY:0.5292806229977179
C_PAWNSTRUCTURE:0.4741512137724915
C_PIECECOORDINATION:0.5135580940000919
C_ROOK:0.5351218902688056
CE_ROOK:0.48386733601760057
C_CENTERCONTROL:0.5035264584963122
C_DEVELOPPIECES:0.48409669852492304
C_MATERIAL:0.49795021950970425
C_MOVECOUNT:0.4821930522627782
C_PAWNMOVEMENT:0.5148522901267965
