ELO:814
CE_PASSEDPAWNS:0.5381509133588638
CE_PAWNWEAKNESSES:0.518093642856603
CE_PIECEACTIVITY:0.49243855251773355
CE_KINGPAWNSHIELD:0.4453402928259956
CE_PIECECOORDINATION:0.5180300072539287
CE_MATERIAL:0.5287864994210736
CE_KINGSAFETY:0.5073010907038703
C_PIECESQUARETABLES:0.5019565746124207
C_MOBILITY:0.5113102006273086
C_KINGSAFETY:0.505111348217964
C_PAWNSTRUCTURE:0.5402951940026599
C_PIECECOORDINATION:0.4150277581056696
C_ROOKANDPAWNMOVEMENT:0.4150277581056696
C_CENTERCONTROL:0.5758174275051686
C_DEVELOPPIECES:0.420971002705309
C_MATERIAL:0.5029501518507697
C_MOVECOUNT:0.5
