ELO:954
CE_PASSEDPAWNS:0.5198962732753918
CE_PAWNWEAKNESSES:0.5172029746723246
CE_PIECEACTIVITY:0.5815719350548902
CE_KINGPAWNSHIELD:0.5852918168389736
CE_PIECECOORDINATION:0.4636115033233929
CE_MATERIAL:0.46261409814264937
CE_KINGSAFETY:0.4614521967036579
C_PIECESQUARETABLES:0.5047546119775306
C_MOBILITY:0.5210195520139769
C_KINGSAFETY:0.5032038728058149
C_PAWNSTRUCTURE:0.5108174417827328
C_PIECECOORDINATION:0.41706262628395757
C_ROOKANDPAWNMOVEMENT:0.41706262628395757
C_CENTERCONTROL:0.4854405226879472
C_DEVELOPPIECES:0.5206649875091469
C_MATERIAL:0.5061787807394416
