ELO:967
CE_PASSEDPAWNS:0.48545821142914586
CE_PAWNWEAKNESSES:0.48498163321623244
CE_PIECEACTIVITY:0.46982819591746366
CE_KINGPAWNSHIELD:0.5450932136580537
CE_PIECECOORDINATION:0.47627368726345454
CE_MATERIAL:0.49537575211248425
CE_KINGSAFETY:0.5
C_PIECESQUARETABLES:0.503898629420367
C_MOBILITY:0.5402348921400059
C_KINGSAFETY:0.5442964646662881
C_PAWNSTRUCTURE:0.49152074186102285
C_PIECECOORDINATION:0.4630566117779159
C_ROOK:0.4938287900188566
CE_ROOK:0.510363134421921
C_CENTERCONTROL:0.4729923938074798
C_DEVELOPPIECES:0.496034333443059
C_MATERIAL:0.5098455169625968
C_MOVECOUNT:0.5205528323831983
C_PAWNMOVEMENT:0.5154317143420551
