ELO:1010
CE_PASSEDPAWNS:0.44862205952593726
CE_PAWNWEAKNESSES:0.5017511431794623
CE_PIECEACTIVITY:0.5420593615453828
CE_KINGPAWNSHIELD:0.4873640784077908
CE_PIECECOORDINATION:0.5094822262344411
CE_MATERIAL:0.45487970309941156
CE_KINGSAFETY:0.5
C_PIECESQUARETABLES:0.4727680421497659
C_MOBILITY:0.5836313903895851
C_KINGSAFETY:0.5594239720260957
C_PAWNSTRUCTURE:0.6359391370250999
C_PIECECOORDINATION:0.5132722937278825
C_ROOKANDPAWNMOVEMENT:0.5132722937278825
C_CENTERCONTROL:0.3976101602692124
C_DEVELOPPIECES:0.4354212939766876
C_MATERIAL:0.6152375411669072
