ELO:961
CE_PASSEDPAWNS:0.5128239006757959
CE_PAWNWEAKNESSES:0.4807676154676288
CE_PIECEACTIVITY:0.47531872562329175
CE_KINGPAWNSHIELD:0.5202599620976124
CE_PIECECOORDINATION:0.4692159337757741
CE_MATERIAL:0.5002067280891132
CE_KINGSAFETY:0.5075647078539601
C_PIECESQUARETABLES:0.5
C_MOBILITY:0.5475996128810271
C_KINGSAFETY:0.5354742871946325
C_PAWNSTRUCTURE:0.48656078330036656
C_PIECECOORDINATION:0.4533664059615323
C_ROOK:0.5180383371610798
CE_ROOK:0.507335998086714
C_CENTERCONTROL:0.4539474842077142
C_DEVELOPPIECES:0.48277135361068313
C_MATERIAL:0.5289006201509058
C_MOVECOUNT:0.5330147206199023
C_PAWNMOVEMENT:0.5310829737254741
