ELO:947
CE_PASSEDPAWNS:0.49829782091717856
CE_PAWNWEAKNESSES:0.4982072800997951
CE_PIECEACTIVITY:0.4815157938384516
CE_KINGPAWNSHIELD:0.49943299943537023
CE_PIECECOORDINATION:0.5112752511296479
CE_MATERIAL:0.5024650923329226
CE_KINGSAFETY:0.4846008853472199
C_PIECESQUARETABLES:0.5121880188146017
C_MOBILITY:0.4728747259960657
C_KINGSAFETY:0.4948083649300738
C_PAWNSTRUCTURE:0.4743031374511213
C_PIECECOORDINATION:0.5030381105272008
C_ROOKANDPAWNMOVEMENT:0.5030381105272008
C_CENTERCONTROL:0.5170886248648995
C_DEVELOPPIECES:0.5018147096713685
C_MATERIAL:0.49426734963726304
C_MOVECOUNT:0.49518774767848955
