ELO:999
CE_PASSEDPAWNS:0.5238855248259529
CE_PAWNWEAKNESSES:0.5
CE_PIECEACTIVITY:0.4920415308387899
CE_KINGPAWNSHIELD:0.4814708921224071
CE_PIECECOORDINATION:0.5075679854890969
CE_MATERIAL:0.5099239564825485
CE_KINGSAFETY:0.5
C_PIECESQUARETABLES:0.5
C_MOBILITY:0.45630228351509344
C_KINGSAFETY:0.5788638972949244
C_PAWNSTRUCTURE:0.4951552552469798
C_PIECECOORDINATION:0.5158917887229179
C_ROOKANDPAWNMOVEMENT:0.5158917887229179
C_CENTERCONTROL:0.5003594302613086
C_DEVELOPPIECES:0.49508556580403534
C_MATERIAL:0.4902318465470193
C_MOVECOUNT:0.5
