ELO:1023
CE_PASSEDPAWNS:0.5419591107995607
CE_PAWNWEAKNESSES:0.43778879440552404
CE_PIECEACTIVITY:0.4292623371882669
CE_KINGPAWNSHIELD:0.4800707634210476
CE_PIECECOORDINATION:0.4984802462825386
CE_MATERIAL:0.4965207264907724
CE_KINGSAFETY:0.4927336548727221
C_PIECESQUARETABLES:0.49939405908970386
C_MOBILITY:0.5689118050432733
C_KINGSAFETY:0.4635137336716168
C_PAWNSTRUCTURE:0.4694604452506725
C_PIECECOORDINATION:0.5270517883093102
C_ROOKANDPAWNMOVEMENT:0.5270517883093102
C_CENTERCONTROL:0.47459799673864445
C_DEVELOPPIECES:0.5048463134400527
C_MATERIAL:0.4854848258441228
