ELO:1000
CE_PASSEDPAWNS:0.5072125710582801
CE_PAWNWEAKNESSES:0.49219932274199296
CE_PIECEACTIVITY:0.5104387250143125
CE_KINGPAWNSHIELD:0.49719666252915357
CE_PIECECOORDINATION:0.48428635146147797
CE_MATERIAL:0.4935340928408412
CE_KINGSAFETY:0.48727568684170186
C_PIECESQUARETABLES:0.5008571123184339
C_MOBILITY:0.4991685120322278
C_KINGSAFETY:0.5136440551907044
C_PAWNSTRUCTURE:0.4952091584502275
C_PIECECOORDINATION:0.5140843848517394
C_ROOKANDPAWNMOVEMENT:0.5140843848517394
C_CENTERCONTROL:0.5376340675592582
C_DEVELOPPIECES:0.511611463407821
C_MATERIAL:0.497772541916478
