ELO:875
CE_PASSEDPAWNS:0.5135974120755867
CE_PAWNWEAKNESSES:0.4605556133919569
CE_PIECEACTIVITY:0.42437304670387904
CE_KINGPAWNSHIELD:0.5454717400797395
CE_PIECECOORDINATION:0.5240854208163537
CE_MATERIAL:0.48374674685755265
CE_KINGSAFETY:0.5357562904631321
C_PIECESQUARETABLES:0.5440969958938254
C_MOBILITY:0.5338833753245862
C_KINGSAFETY:0.4490245661374004
C_PAWNSTRUCTURE:0.4607442007629918
C_PIECECOORDINATION:0.5492621434026079
C_ROOKANDPAWNMOVEMENT:0.5492621434026079
C_CENTERCONTROL:0.5098145912540555
C_DEVELOPPIECES:0.4985719785954063
C_MATERIAL:0.4378392768317631
C_MOVECOUNT:0.4812715480104373
