ELO:973
CE_PASSEDPAWNS:0.5026967565659355
CE_PAWNWEAKNESSES:0.492299236151511
CE_PIECEACTIVITY:0.497081569473273
CE_KINGPAWNSHIELD:0.5126474944847063
CE_PIECECOORDINATION:0.5040327044362861
CE_MATERIAL:0.4921104314641642
CE_KINGSAFETY:0.49450994142272614
C_PIECESQUARETABLES:0.4827616018541793
C_MOBILITY:0.5091399860666721
C_KINGSAFETY:0.5241693189041321
C_PAWNSTRUCTURE:0.4851226864689489
C_PIECECOORDINATION:0.4771000859882004
C_ROOK:0.48352917879346335
CE_ROOK:0.5213946518789336
C_CENTERCONTROL:0.5001626548732321
C_DEVELOPPIECES:0.4878106245166516
C_MATERIAL:0.4845391074249576
C_MOVECOUNT:0.4983594146921929
C_PAWNMOVEMENT:0.5123769522314089
