ELO:969
CE_PASSEDPAWNS:0.4862306214085541
CE_PAWNWEAKNESSES:0.4940308493330016
CE_PIECEACTIVITY:0.45242371628138606
CE_KINGPAWNSHIELD:0.5389190745666934
CE_PIECECOORDINATION:0.4911499124536557
CE_MATERIAL:0.4921104314641642
CE_KINGSAFETY:0.5
C_PIECESQUARETABLES:0.5146647487957137
C_MOBILITY:0.5278867144613643
C_KINGSAFETY:0.5316878805770863
C_PAWNSTRUCTURE:0.49017809713673877
C_PIECECOORDINATION:0.48384529113358393
C_ROOK:0.4938287900188566
CE_ROOK:0.5142636407683895
C_CENTERCONTROL:0.48264134839358874
C_DEVELOPPIECES:0.496034333443059
C_MATERIAL:0.5037580262426613
C_MOVECOUNT:0.5080921134653944
C_PAWNMOVEMENT:0.5179425227166041
