ELO:725
CE_PASSEDPAWNS:0.4982683916119118
CE_PAWNWEAKNESSES:0.6457524115468094
CE_PIECEACTIVITY:0.4978258021766903
CE_KINGPAWNSHIELD:0.5356937252201597
CE_PIECECOORDINATION:0.49671123606358625
CE_MATERIAL:0.5514741848038858
CE_KINGSAFETY:0.48979073277056034
C_PIECESQUARETABLES:0.47893669748792955
C_MOBILITY:0.46069582412713306
C_KINGSAFETY:0.493433513934101
C_PAWNSTRUCTURE:0.5158438778451433
C_PIECECOORDINATION:0.44456156745603087
C_ROOKANDPAWNMOVEMENT:0.44456156745603087
C_CENTERCONTROL:0.5152705566252535
C_DEVELOPPIECES:0.5053085052942762
C_MATERIAL:0.5324030135126502
C_MOVECOUNT:0.5
