ELO:997
CE_PASSEDPAWNS:0.4309715744253953
CE_PAWNWEAKNESSES:0.4687591202075671
CE_PIECEACTIVITY:0.5224161707636112
CE_KINGPAWNSHIELD:0.4919111675170373
CE_PIECECOORDINATION:0.4912393934584954
CE_MATERIAL:0.47471445978310794
CE_KINGSAFETY:0.5188452327627382
C_PIECESQUARETABLES:0.5148849803989313
C_MOBILITY:0.5108781470858983
C_KINGSAFETY:0.5107037401780832
C_PAWNSTRUCTURE:0.5101529210124208
C_PIECECOORDINATION:0.5210824609445796
C_ROOK:0.5364976349079635
CE_ROOK:0.49416887651000163
C_CENTERCONTROL:0.51962689649875
C_DEVELOPPIECES:0.5181817617670785
C_MATERIAL:0.5151022618274664
C_MOVECOUNT:0.5240289586474256
C_PAWNMOVEMENT:0.49203759582361883
