ELO:980
CE_PASSEDPAWNS:0.4663526905242085
CE_PAWNWEAKNESSES:0.5104789869732247
CE_PIECEACTIVITY:0.48096337152449026
CE_KINGPAWNSHIELD:0.4859781325624182
CE_PIECECOORDINATION:0.49071588832453067
CE_MATERIAL:0.5060609319399698
CE_KINGSAFETY:0.5
C_PIECESQUARETABLES:0.5
C_MOBILITY:0.48443062989346664
C_KINGSAFETY:0.5233427999977287
C_PAWNSTRUCTURE:0.5123750639498071
C_PIECECOORDINATION:0.4898067799072376
C_ROOKANDPAWNMOVEMENT:0.4898067799072376
C_CENTERCONTROL:0.46916395731635635
C_DEVELOPPIECES:0.5087795876758233
C_MATERIAL:0.4811149522702128
C_MOVECOUNT:0.5
