ELO:1005
CE_PASSEDPAWNS:0.5120223944454932
CE_PAWNWEAKNESSES:0.5
CE_PIECEACTIVITY:0.49499679798820373
CE_KINGPAWNSHIELD:0.4735945408508382
CE_PIECECOORDINATION:0.503146634351606
CE_MATERIAL:0.49606904764182413
CE_KINGSAFETY:0.5
C_PIECESQUARETABLES:0.5
C_MOBILITY:0.4933894461547736
C_KINGSAFETY:0.49383551395506253
C_PAWNSTRUCTURE:0.5
C_PIECECOORDINATION:0.5
C_ROOKANDPAWNMOVEMENT:0.5
C_CENTERCONTROL:0.4997640395896836
C_DEVELOPPIECES:0.4958773620379367
C_MATERIAL:0.4997367606680972
