ELO:817
CE_PASSEDPAWNS:0.5620608749603295
CE_PAWNWEAKNESSES:0.6226925218037096
CE_PIECEACTIVITY:0.4803125926402157
CE_KINGPAWNSHIELD:0.5282158158255841
CE_PIECECOORDINATION:0.4901278998901719
CE_MATERIAL:0.5381209330781423
CE_KINGSAFETY:0.5213356627099884
C_PIECESQUARETABLES:0.5402569967694618
C_MOBILITY:0.4489272521920342
C_KINGSAFETY:0.48926246907733784
C_PAWNSTRUCTURE:0.5174565530759724
C_PIECECOORDINATION:0.416457332095982
C_ROOKANDPAWNMOVEMENT:0.416457332095982
C_CENTERCONTROL:0.5070654753940467
C_DEVELOPPIECES:0.5140333023783209
C_MATERIAL:0.553672700326171
C_MOVECOUNT:0.5
