ELO:987
CE_PASSEDPAWNS:0.5
CE_PAWNWEAKNESSES:0.5001047393725168
CE_PIECEACTIVITY:0.5045821072604323
CE_KINGPAWNSHIELD:0.4977627281249878
CE_PIECECOORDINATION:0.5
CE_MATERIAL:0.49755119510606216
CE_KINGSAFETY:0.5098339768963078
C_PIECESQUARETABLES:0.5
C_MOBILITY:0.515039350202016
C_KINGSAFETY:0.510067902380799
C_PAWNSTRUCTURE:0.4936571912259877
C_PIECECOORDINATION:0.5
C_ROOKANDPAWNMOVEMENT:0.5
C_CENTERCONTROL:0.5113425155696855
C_DEVELOPPIECES:0.4892626467796749
C_MATERIAL:0.49244678130476166
C_MOVECOUNT:0.5
