ELO:959
CE_PASSEDPAWNS:0.5206761287663015
CE_PAWNWEAKNESSES:0.5052658741554179
CE_PIECEACTIVITY:0.5471782334933933
CE_KINGPAWNSHIELD:0.4907914135090848
CE_PIECECOORDINATION:0.5214382215384121
CE_MATERIAL:0.5209354052916438
CE_KINGSAFETY:0.4996618781780773
C_PIECESQUARETABLES:0.49032813440899603
C_MOBILITY:0.47728164391151606
C_KINGSAFETY:0.5189627442987587
C_PAWNSTRUCTURE:0.4836210993918031
C_PIECECOORDINATION:0.5255528211409076
C_ROOK:0.48473326904920266
CE_ROOK:0.5404193395950985
C_CENTERCONTROL:0.5166238391635194
C_DEVELOPPIECES:0.49261835900350504
C_MATERIAL:0.514550822426696
C_MOVECOUNT:0.5218732569560133
C_PAWNMOVEMENT:0.5125366060065799
