ELO:1000
CE_PASSEDPAWNS:0.45467465485333
CE_PAWNWEAKNESSES:0.46842479372940893
CE_PIECEACTIVITY:0.533558983532548
CE_KINGPAWNSHIELD:0.4772725978346399
CE_PIECECOORDINATION:0.4410582061463056
CE_MATERIAL:0.48485493203011
CE_KINGSAFETY:0.495927639117226
C_PIECESQUARETABLES:0.5432939109754484
C_MOBILITY:0.48304652148834326
C_KINGSAFETY:0.49518225237793245
C_PAWNSTRUCTURE:0.491375566071843
C_PIECECOORDINATION:0.5479441379660869
C_ROOKANDPAWNMOVEMENT:0.5479441379660869
C_CENTERCONTROL:0.5265861462631487
C_DEVELOPPIECES:0.5044630281882354
C_MATERIAL:0.5250058547034278
