ELO:966
CE_PASSEDPAWNS:0.4558981024826039
CE_PAWNWEAKNESSES:0.5040049656486315
CE_PIECEACTIVITY:0.4501843907560397
CE_KINGPAWNSHIELD:0.611695343966418
CE_PIECECOORDINATION:0.5327187311625248
CE_MATERIAL:0.46801294975510543
CE_KINGSAFETY:0.4723608499324547
C_PIECESQUARETABLES:0.46394051334297864
C_MOBILITY:0.5001465408952577
C_KINGSAFETY:0.4978900644780365
C_PAWNSTRUCTURE:0.47555065210691755
C_PIECECOORDINATION:0.6109028244868667
C_ROOKANDPAWNMOVEMENT:0.6109028244868667
C_CENTERCONTROL:0.41898681514380204
C_DEVELOPPIECES:0.6157295384807453
C_MATERIAL:0.6186788157250397
