ELO:935
CE_PASSEDPAWNS:0.46151486781473544
CE_PAWNWEAKNESSES:0.40397564115061907
CE_PIECEACTIVITY:0.4800077573265897
CE_KINGPAWNSHIELD:0.5044698743323073
CE_PIECECOORDINATION:0.4854780029178902
CE_MATERIAL:0.5
CE_KINGSAFETY:0.5383691631616886
C_PIECESQUARETABLES:0.47719173303273377
C_MOBILITY:0.5
C_KINGSAFETY:0.5497061745547859
C_PAWNSTRUCTURE:0.41192630111401113
C_PIECECOORDINATION:0.4275801197473687
C_ROOKANDPAWNMOVEMENT:0.4275801197473687
C_CENTERCONTROL:0.60069755670185
C_DEVELOPPIECES:0.46431668124895886
C_MATERIAL:0.4899336518238988
C_MOVECOUNT:0.5
