ELO:955
CE_PASSEDPAWNS:0.44749870354253773
CE_PAWNWEAKNESSES:0.5099573218416275
CE_PIECEACTIVITY:0.42795353385783524
CE_KINGPAWNSHIELD:0.4714356817491596
CE_PIECECOORDINATION:0.5957144604675697
CE_MATERIAL:0.408836337104541
CE_KINGSAFETY:0.5
C_PIECESQUARETABLES:0.5
C_MOBILITY:0.45099085631039765
C_KINGSAFETY:0.3887830953872723
C_PAWNSTRUCTURE:0.5847694772933363
C_PIECECOORDINATION:0.6006842502071948
C_ROOKANDPAWNMOVEMENT:0.6006842502071948
C_CENTERCONTROL:0.3588359050639404
C_DEVELOPPIECES:0.4649814653477764
C_MATERIAL:0.6297152142643776
