ELO:859
CE_PASSEDPAWNS:0.4394445809792443
CE_PAWNWEAKNESSES:0.4979833515825329
CE_PIECEACTIVITY:0.45162068985009557
CE_KINGPAWNSHIELD:0.4774590980680195
CE_PIECECOORDINATION:0.46097267170619843
CE_MATERIAL:0.5249128556330521
CE_KINGSAFETY:0.5231458882888472
C_PIECESQUARETABLES:0.48831146765867306
C_MOBILITY:0.5346241452065719
C_KINGSAFETY:0.45637842471978834
C_PAWNSTRUCTURE:0.5109103528833273
C_PIECECOORDINATION:0.5264408904615152
C_ROOKANDPAWNMOVEMENT:0.5264408904615152
C_CENTERCONTROL:0.5518659783968456
C_DEVELOPPIECES:0.5282912731507785
C_MATERIAL:0.5282159529650865
C_MOVECOUNT:0.5262068779498164
