ELO:935
CE_PASSEDPAWNS:0.5607659268687036
CE_PAWNWEAKNESSES:0.4693137438070136
CE_PIECEACTIVITY:0.4936457368257488
CE_KINGPAWNSHIELD:0.5180025420422657
CE_PIECECOORDINATION:0.4628384955102045
CE_MATERIAL:0.4745987272505397
CE_KINGSAFETY:0.5
C_PIECESQUARETABLES:0.48415396053525633
C_MOBILITY:0.4869471471538024
C_KINGSAFETY:0.49326849073729306
C_PAWNSTRUCTURE:0.48721629014185913
C_PIECECOORDINATION:0.46136386809284197
C_ROOKANDPAWNMOVEMENT:0.46136386809284197
C_CENTERCONTROL:0.5172843716172985
C_DEVELOPPIECES:0.4830106444058828
C_MATERIAL:0.5204222574442298
C_MOVECOUNT:0.5256788500488924
