ELO:989
CE_PASSEDPAWNS:0.5028790836730554
CE_PAWNWEAKNESSES:0.4838674937683094
CE_PIECEACTIVITY:0.5036529379157221
CE_KINGPAWNSHIELD:0.5315776761376629
CE_PIECECOORDINATION:0.5184364972955203
CE_MATERIAL:0.5102098346273714
CE_KINGSAFETY:0.47884146134818595
C_PIECESQUARETABLES:0.5054035454716356
C_MOBILITY:0.4882984040539198
C_KINGSAFETY:0.529709172222573
C_PAWNSTRUCTURE:0.496973063343577
C_PIECECOORDINATION:0.489874823911263
C_ROOKANDPAWNMOVEMENT:0.489874823911263
C_CENTERCONTROL:0.4884387981427784
C_DEVELOPPIECES:0.5061117486196918
C_MATERIAL:0.5041752376952215
C_MOVECOUNT:0.5
