ELO:984
CE_PASSEDPAWNS:0.5109810998105484
CE_PAWNWEAKNESSES:0.45171105976152054
CE_PIECEACTIVITY:0.4952906100006781
CE_KINGPAWNSHIELD:0.4261226509302163
CE_PIECECOORDINATION:0.4646912844700643
CE_MATERIAL:0.37249125142994416
CE_KINGSAFETY:0.5032022366818661
C_PIECESQUARETABLES:0.5232727361863666
C_MOBILITY:0.5049259432385198
C_KINGSAFETY:0.4408933056096695
C_PAWNSTRUCTURE:0.49053594428571196
C_PIECECOORDINATION:0.5612370840541678
C_ROOKANDPAWNMOVEMENT:0.5612370840541678
C_CENTERCONTROL:0.5499312132299451
C_DEVELOPPIECES:0.5410111077326902
C_MATERIAL:0.5468801777797141
