ELO:1000
CE_PASSEDPAWNS:0.4720561558440026
CE_PAWNWEAKNESSES:0.4907870159368178
CE_PIECEACTIVITY:0.5300566729036191
CE_KINGPAWNSHIELD:0.4815279289224283
CE_PIECECOORDINATION:0.42978745344613806
CE_MATERIAL:0.48861440693208713
CE_KINGSAFETY:0.5111584577544241
C_PIECESQUARETABLES:0.5215799970444533
C_MOBILITY:0.5144263457309859
C_KINGSAFETY:0.49570051168270673
C_PAWNSTRUCTURE:0.4885171366936394
C_PIECECOORDINATION:0.5486638688371733
C_ROOKANDPAWNMOVEMENT:0.5486638688371733
C_CENTERCONTROL:0.5443737458243595
C_DEVELOPPIECES:0.48925797457001013
C_MATERIAL:0.5183280108891332
