ELO:994
CE_PASSEDPAWNS:0.5
CE_PAWNWEAKNESSES:0.5
CE_PIECEACTIVITY:0.5249970650375122
CE_KINGPAWNSHIELD:0.513980051977531
CE_PIECECOORDINATION:0.5188738500524404
CE_MATERIAL:0.497844968698783
CE_KINGSAFETY:0.49180674703008453
C_PIECESQUARETABLES:0.5
C_MOBILITY:0.5
C_KINGSAFETY:0.46964648909520107
C_PAWNSTRUCTURE:0.5109235129461697
C_PIECECOORDINATION:0.49563404140281303
C_ROOKANDPAWNMOVEMENT:0.49563404140281303
C_CENTERCONTROL:0.5106139396762142
C_DEVELOPPIECES:0.49320836962071885
C_MATERIAL:0.5
C_MOVECOUNT:0.5
