ELO:989
CE_PASSEDPAWNS:0.5400354084023881
CE_PAWNWEAKNESSES:0.45998551404873766
CE_PIECEACTIVITY:0.5042311385962628
CE_KINGPAWNSHIELD:0.5177538620526336
CE_PIECECOORDINATION:0.4912393934584954
CE_MATERIAL:0.48202887935892647
CE_KINGSAFETY:0.5
C_PIECESQUARETABLES:0.5
C_MOBILITY:0.5336001281886635
C_KINGSAFETY:0.4730541082214185
C_PAWNSTRUCTURE:0.4900577029284544
C_PIECECOORDINATION:0.4640622939880321
C_ROOK:0.5506670870068494
CE_ROOK:0.5021706814473671
C_CENTERCONTROL:0.46500792691694603
C_DEVELOPPIECES:0.4546247288975435
C_MATERIAL:0.4683419706100968
C_MOVECOUNT:0.45496312736866934
C_PAWNMOVEMENT:0.4905319168883052
