ELO:1006
CE_PASSEDPAWNS:0.507382649698263
CE_PAWNWEAKNESSES:0.5112779314619631
CE_PIECEACTIVITY:0.5345377262834891
CE_KINGPAWNSHIELD:0.5122666429956899
CE_PIECECOORDINATION:0.5053223456183804
CE_MATERIAL:0.4857179863277638
CE_KINGSAFETY:0.5
C_PIECESQUARETABLES:0.5
C_MOBILITY:0.4888070558741204
C_KINGSAFETY:0.49930664095009764
C_PAWNSTRUCTURE:0.5206221487950914
C_PIECECOORDINATION:0.5158410203840428
C_ROOK:0.5251904476926308
CE_ROOK:0.46942771092257596
C_CENTERCONTROL:0.47088435232152626
C_DEVELOPPIECES:0.48020853997039276
C_MATERIAL:0.4856094113441688
C_MOVECOUNT:0.5097475948095455
C_PAWNMOVEMENT:0.5037223531226751
