ELO:925
CE_PASSEDPAWNS:0.4817290625835161
CE_PAWNWEAKNESSES:0.470236824182839
CE_PIECEACTIVITY:0.5323559934453991
CE_KINGPAWNSHIELD:0.39397906950678635
CE_PIECECOORDINATION:0.4930775342354242
CE_MATERIAL:0.36604866197055935
CE_KINGSAFETY:0.4840101056739446
C_PIECESQUARETABLES:0.47154624770339026
C_MOBILITY:0.6061625688527461
C_KINGSAFETY:0.4918949178329921
C_PAWNSTRUCTURE:0.5207452651592829
C_PIECECOORDINATION:0.5716228200543092
C_ROOKANDPAWNMOVEMENT:0.5716228200543092
C_CENTERCONTROL:0.6161688723717023
C_DEVELOPPIECES:0.5700100760694043
C_MATERIAL:0.627852584798518
