ELO:915
CE_PASSEDPAWNS:0.5286691204794817
CE_PAWNWEAKNESSES:0.5081457763236801
CE_PIECEACTIVITY:0.4792370517638463
CE_KINGPAWNSHIELD:0.5389029368774072
CE_PIECECOORDINATION:0.5070973115792111
CE_MATERIAL:0.5338561886247171
CE_KINGSAFETY:0.5057425491597802
C_PIECESQUARETABLES:0.5079971956350469
C_MOBILITY:0.5302433801577578
C_KINGSAFETY:0.4923673572208261
C_PAWNSTRUCTURE:0.4837944244069924
C_PIECECOORDINATION:0.47375199043699295
C_ROOKANDPAWNMOVEMENT:0.47375199043699295
C_CENTERCONTROL:0.5072349299760897
C_DEVELOPPIECES:0.517643646504397
C_MATERIAL:0.5367876188704868
C_MOVECOUNT:0.5
