ELO:1024
CE_PASSEDPAWNS:0.5018219831941206
CE_PAWNWEAKNESSES:0.5012508931900792
CE_PIECEACTIVITY:0.49499679798820373
CE_KINGPAWNSHIELD:0.5120966026249539
CE_PIECECOORDINATION:0.4952783641329399
CE_MATERIAL:0.5
CE_KINGSAFETY:0.49676169024589173
C_PIECESQUARETABLES:0.5057061735937973
C_MOBILITY:0.5148859292060605
C_KINGSAFETY:0.4882466743979574
C_PAWNSTRUCTURE:0.49831374103505677
C_PIECECOORDINATION:0.4886148401513321
C_ROOKANDPAWNMOVEMENT:0.4886148401513321
C_CENTERCONTROL:0.49502764878365507
C_DEVELOPPIECES:0.485037393758082
C_MATERIAL:0.5
