ELO:929
CE_PASSEDPAWNS:0.5083326211010348
CE_PAWNWEAKNESSES:0.44031442004324717
CE_PIECEACTIVITY:0.49239041527929306
CE_KINGPAWNSHIELD:0.43416540488893524
CE_PIECECOORDINATION:0.5205726345806612
CE_MATERIAL:0.5409357041592716
CE_KINGSAFETY:0.49860033129470704
C_PIECESQUARETABLES:0.4469673490654336
C_MOBILITY:0.5275927250927548
C_KINGSAFETY:0.5394011337127126
C_PAWNSTRUCTURE:0.4780667792116816
C_PIECECOORDINATION:0.4850042187913672
C_ROOKANDPAWNMOVEMENT:0.4850042187913672
C_CENTERCONTROL:0.4995460874865383
C_DEVELOPPIECES:0.5054047165150161
C_MATERIAL:0.4970481460427138
C_MOVECOUNT:0.4622926850315791
