ELO:1000
CE_PASSEDPAWNS:0.5
CE_PAWNWEAKNESSES:0.5
CE_PIECEACTIVITY:0.48973280510126566
CE_KINGPAWNSHIELD:0.5
CE_PIECECOORDINATION:0.5
CE_MATERIAL:0.5
CE_KINGSAFETY:0.4867979091101717
C_PIECESQUARETABLES:0.49962215584105757
C_MOBILITY:0.5
C_KINGSAFETY:0.4971119204046467
C_PAWNSTRUCTURE:0.5
C_PIECECOORDINATION:0.49546440700264266
C_ROOKANDPAWNMOVEMENT:0.49546440700264266
C_CENTERCONTROL:0.5068640545685902
C_DEVELOPPIECES:0.49612658051683256
C_MATERIAL:0.5019991864597766
C_MOVECOUNT:0.4980687209213107
