ELO:990
CE_PASSEDPAWNS:0.39792981371987557
CE_PAWNWEAKNESSES:0.4449176979510626
CE_PIECEACTIVITY:0.5055534717583172
CE_KINGPAWNSHIELD:0.4969112771905379
CE_PIECECOORDINATION:0.5138962178399454
CE_MATERIAL:0.4076283336527567
CE_KINGSAFETY:0.5
C_PIECESQUARETABLES:0.5
C_MOBILITY:0.6106431556756368
C_KINGSAFETY:0.5555396845641076
C_PAWNSTRUCTURE:0.6224040122053672
C_PIECECOORDINATION:0.626863333264873
C_ROOKANDPAWNMOVEMENT:0.626863333264873
C_CENTERCONTROL:0.3948912352859443
C_DEVELOPPIECES:0.5572269998622278
C_MATERIAL:0.5820243947168665
