ELO:954
CE_PASSEDPAWNS:0.46112052528677494
CE_PAWNWEAKNESSES:0.5084209648060397
CE_PIECEACTIVITY:0.4690463298363945
CE_KINGPAWNSHIELD:0.5198246724105652
CE_PIECECOORDINATION:0.4728613645447401
CE_MATERIAL:0.4808741676439826
CE_KINGSAFETY:0.4788574907083369
C_PIECESQUARETABLES:0.497421374578424
C_MOBILITY:0.5058475035147493
C_KINGSAFETY:0.5442987686883889
C_PAWNSTRUCTURE:0.4785007618206105
C_PIECECOORDINATION:0.4959109537496442
C_ROOKANDPAWNMOVEMENT:0.4959109537496442
C_CENTERCONTROL:0.5673945160174766
C_DEVELOPPIECES:0.4633708659173934
C_MATERIAL:0.47059940558060426
