ELO:1001
CE_PASSEDPAWNS:0.5071803673477031
CE_PAWNWEAKNESSES:0.5090332483776866
CE_PIECEACTIVITY:0.47675154804751424
CE_KINGPAWNSHIELD:0.5
CE_PIECECOORDINATION:0.49385698168507136
CE_MATERIAL:0.5106517809525283
CE_KINGSAFETY:0.5
C_PIECESQUARETABLES:0.5
C_MOBILITY:0.5002609520474511
C_KINGSAFETY:0.4886461373937737
C_PAWNSTRUCTURE:0.4954633400629177
C_PIECECOORDINATION:0.5
C_ROOKANDPAWNMOVEMENT:0.5
C_CENTERCONTROL:0.4960777410320546
C_DEVELOPPIECES:0.4906074355484973
C_MATERIAL:0.5
C_MOVECOUNT:0.5
