ELO:954
CE_PASSEDPAWNS:0.4861633267154796
CE_PAWNWEAKNESSES:0.4763671578313406
CE_PIECEACTIVITY:0.4951751375826756
CE_KINGPAWNSHIELD:0.4595984715962348
CE_PIECECOORDINATION:0.49284933222120536
CE_MATERIAL:0.5078955665802438
CE_KINGSAFETY:0.47659737592968643
C_PIECESQUARETABLES:0.5234444363249348
C_MOBILITY:0.4893322191842411
C_KINGSAFETY:0.48109310788918697
C_PAWNSTRUCTURE:0.47097506979007675
C_PIECECOORDINATION:0.5163019109554264
C_ROOKANDPAWNMOVEMENT:0.5163019109554264
C_CENTERCONTROL:0.5157208070082098
C_DEVELOPPIECES:0.4778261716705425
C_MATERIAL:0.46965448680924193
C_MOVECOUNT:0.4906152292714379
