ELO:974
CE_PASSEDPAWNS:0.49546000847126037
CE_PAWNWEAKNESSES:0.6118676375864667
CE_PIECEACTIVITY:0.5577512686127072
CE_KINGPAWNSHIELD:0.5718019915500451
CE_PIECECOORDINATION:0.5301861676106945
CE_MATERIAL:0.5061029840654949
CE_KINGSAFETY:0.5107159652662504
C_PIECESQUARETABLES:0.4310863481225167
C_MOBILITY:0.5916445574815906
C_KINGSAFETY:0.4082550688282633
C_PAWNSTRUCTURE:0.6416995513535738
C_PIECECOORDINATION:0.5029005162526695
C_ROOKANDPAWNMOVEMENT:0.5029005162526695
C_CENTERCONTROL:0.44653570164025225
C_DEVELOPPIECES:0.3660908132842717
C_MATERIAL:0.6251970777337466
