ELO:746
CE_PASSEDPAWNS:0.4990536123411599
CE_PAWNWEAKNESSES:0.6388173137008581
CE_PIECEACTIVITY:0.4978258021766903
CE_KINGPAWNSHIELD:0.5268317302056635
CE_PIECECOORDINATION:0.49830132875752103
CE_MATERIAL:0.5360125067508372
CE_KINGSAFETY:0.47911302266050104
C_PIECESQUARETABLES:0.43494872086493686
C_MOBILITY:0.4605316375084269
C_KINGSAFETY:0.50292895866792
C_PAWNSTRUCTURE:0.499677300519778
C_PIECECOORDINATION:0.4285595665997715
C_ROOKANDPAWNMOVEMENT:0.4285595665997715
C_CENTERCONTROL:0.4996573387942025
C_DEVELOPPIECES:0.5184874514481442
C_MATERIAL:0.5379882836313191
C_MOVECOUNT:0.5
