ELO:962
CE_PASSEDPAWNS:0.454264630132136
CE_PAWNWEAKNESSES:0.5058251316001301
CE_PIECEACTIVITY:0.4547090150312559
CE_KINGPAWNSHIELD:0.5412328854505428
CE_PIECECOORDINATION:0.44590362649239257
CE_MATERIAL:0.5000077999430721
CE_KINGSAFETY:0.5034611901692544
C_PIECESQUARETABLES:0.5102004045452111
C_MOBILITY:0.49380311799919857
C_KINGSAFETY:0.5579160294058496
C_PAWNSTRUCTURE:0.4167112467663101
C_PIECECOORDINATION:0.5188659906265449
C_ROOKANDPAWNMOVEMENT:0.5188659906265449
C_CENTERCONTROL:0.5270127302629026
C_DEVELOPPIECES:0.4165090393908424
C_MATERIAL:0.47928156366318436
