ELO:1000
CE_PASSEDPAWNS:0.5423382733467145
CE_PAWNWEAKNESSES:0.4653239782218606
CE_PIECEACTIVITY:0.46772794504124043
CE_KINGPAWNSHIELD:0.46106521561608727
CE_PIECECOORDINATION:0.45978241611304077
CE_MATERIAL:0.4372832927487136
CE_KINGSAFETY:0.4985201890246966
C_PIECESQUARETABLES:0.5093570742293246
C_MOBILITY:0.4850278132446308
C_KINGSAFETY:0.43556919762089447
C_PAWNSTRUCTURE:0.47986141273839195
C_PIECECOORDINATION:0.563568515536856
C_ROOKANDPAWNMOVEMENT:0.563568515536856
C_CENTERCONTROL:0.5375084899106654
C_DEVELOPPIECES:0.5233949643491711
C_MATERIAL:0.4940420696863681
