ELO:935
CE_PASSEDPAWNS:0.4449186308985498
CE_PAWNWEAKNESSES:0.5062649597828428
CE_PIECEACTIVITY:0.44865145776074467
CE_KINGPAWNSHIELD:0.5301223479091651
CE_PIECECOORDINATION:0.44104515933432475
CE_MATERIAL:0.5234292237904385
CE_KINGSAFETY:0.5479852371866469
C_PIECESQUARETABLES:0.5186897447591959
C_MOBILITY:0.4840045698639983
C_KINGSAFETY:0.5580709440322283
C_PAWNSTRUCTURE:0.45493331680686444
C_PIECECOORDINATION:0.524219170157072
C_ROOKANDPAWNMOVEMENT:0.524219170157072
C_CENTERCONTROL:0.5563956845494985
C_DEVELOPPIECES:0.40962108827320737
C_MATERIAL:0.44986287836000005
