ELO:962
CE_PASSEDPAWNS:0.4672042104015291
CE_PAWNWEAKNESSES:0.49085848970625107
CE_PIECEACTIVITY:0.512456580459968
CE_KINGPAWNSHIELD:0.5006211271127188
CE_PIECECOORDINATION:0.5028408943425996
CE_MATERIAL:0.4935048671409161
CE_KINGSAFETY:0.5
C_PIECESQUARETABLES:0.5216043937030147
C_MOBILITY:0.5299743074114962
C_KINGSAFETY:0.5034918000960343
C_PAWNSTRUCTURE:0.5
C_PIECECOORDINATION:0.5124431462174118
C_ROOK:0.5114992781723985
CE_ROOK:0.505747929185721
C_CENTERCONTROL:0.5181008441866237
C_DEVELOPPIECES:0.5206011819182461
C_MATERIAL:0.4941605209996077
C_MOVECOUNT:0.5055223084838699
C_PAWNMOVEMENT:0.509773509907753
