ELO:983
CE_PASSEDPAWNS:0.5069780083372324
CE_PAWNWEAKNESSES:0.4913685637483439
CE_PIECEACTIVITY:0.5121195786355279
CE_KINGPAWNSHIELD:0.5
CE_PIECECOORDINATION:0.48318043848999603
CE_MATERIAL:0.4904497133768877
CE_KINGSAFETY:0.5
C_PIECESQUARETABLES:0.5
C_MOBILITY:0.4937059195853738
C_KINGSAFETY:0.5063059277098618
C_PAWNSTRUCTURE:0.4862972595759531
C_PIECECOORDINATION:0.5102882293736665
C_ROOKANDPAWNMOVEMENT:0.5102882293736665
C_CENTERCONTROL:0.500945395444611
C_DEVELOPPIECES:0.4891876119412273
C_MATERIAL:0.4987095014558002
C_MOVECOUNT:0.5017637530313265
