ELO:1007
CE_PASSEDPAWNS:0.49619271697600753
CE_PAWNWEAKNESSES:0.48157731871606035
CE_PIECEACTIVITY:0.49979297974660813
CE_KINGPAWNSHIELD:0.4820150151768669
CE_PIECECOORDINATION:0.48459984032305176
CE_MATERIAL:0.5029623148047692
CE_KINGSAFETY:0.5168402686015433
C_PIECESQUARETABLES:0.47948707573828575
C_MOBILITY:0.5078206853687123
C_KINGSAFETY:0.5137745573233617
C_PAWNSTRUCTURE:0.5302493243369072
C_PIECECOORDINATION:0.5249651237485023
C_ROOKANDPAWNMOVEMENT:0.5249651237485023
C_CENTERCONTROL:0.49800668787871966
C_DEVELOPPIECES:0.48902338944986584
C_MATERIAL:0.5106783152345367
C_MOVECOUNT:0.5
