ELO:985
CE_PASSEDPAWNS:0.5331141742555783
CE_PAWNWEAKNESSES:0.4762150971900408
CE_PIECEACTIVITY:0.5115051373312263
CE_KINGPAWNSHIELD:0.5411593456908269
CE_PIECECOORDINATION:0.48449440631539403
CE_MATERIAL:0.48202887935892647
CE_KINGSAFETY:0.5
C_PIECESQUARETABLES:0.5
C_MOBILITY:0.5336001281886635
C_KINGSAFETY:0.4730541082214185
C_PAWNSTRUCTURE:0.5247840182821865
C_PIECECOORDINATION:0.5212937570679573
C_ROOK:0.49105574140592806
CE_ROOK:0.4951913255250816
C_CENTERCONTROL:0.4739102795453157
C_DEVELOPPIECES:0.549462979607161
C_MATERIAL:0.5227870579764127
C_MOVECOUNT:0.47267920689212456
C_PAWNMOVEMENT:0.4905319168883052
