ELO:990
CE_PASSEDPAWNS:0.39792981371987557
CE_PAWNWEAKNESSES:0.45389339567689807
CE_PIECEACTIVITY:0.5055534717583172
CE_KINGPAWNSHIELD:0.4969112771905379
CE_PIECECOORDINATION:0.6127841828647781
CE_MATERIAL:0.4076283336527567
CE_KINGSAFETY:0.5003447798860782
C_PIECESQUARETABLES:0.4942389401460149
C_MOBILITY:0.6134515061320381
C_KINGSAFETY:0.5738886582227011
C_PAWNSTRUCTURE:0.6236873457266247
C_PIECECOORDINATION:0.6127313855365722
C_ROOKANDPAWNMOVEMENT:0.6127313855365722
C_CENTERCONTROL:0.3948912352859443
C_DEVELOPPIECES:0.5641663195083056
C_MATERIAL:0.5866536899795093
