ELO:957
CE_PASSEDPAWNS:0.4803937344547024
CE_PAWNWEAKNESSES:0.49293661707014186
CE_PIECEACTIVITY:0.4627614820015201
CE_KINGPAWNSHIELD:0.5134885457766992
CE_PIECECOORDINATION:0.47716170441391986
CE_MATERIAL:0.4651534954050636
CE_KINGSAFETY:0.4779922595419805
C_PIECESQUARETABLES:0.5122335423786252
C_MOBILITY:0.49518032653142374
C_KINGSAFETY:0.5582528212927941
C_PAWNSTRUCTURE:0.4757118401998564
C_PIECECOORDINATION:0.4943954888192162
C_ROOKANDPAWNMOVEMENT:0.4943954888192162
C_CENTERCONTROL:0.5793927485684252
C_DEVELOPPIECES:0.450456560720978
C_MATERIAL:0.4656921254518511
