ELO:977
CE_PASSEDPAWNS:0.49424108628794977
CE_PAWNWEAKNESSES:0.5084469879361767
CE_PIECEACTIVITY:0.5184076309445452
CE_KINGPAWNSHIELD:0.5121598557673049
CE_PIECECOORDINATION:0.4818804435125756
CE_MATERIAL:0.45870151250114954
CE_KINGSAFETY:0.5118937882029162
C_PIECESQUARETABLES:0.5024414563048294
C_MOBILITY:0.4838322175608395
C_KINGSAFETY:0.492370915594997
C_PAWNSTRUCTURE:0.4850006768133047
C_PIECECOORDINATION:0.4975916533912914
C_ROOK:0.502507174286498
CE_ROOK:0.48663332938308196
C_CENTERCONTROL:0.47088435232152626
C_DEVELOPPIECES:0.4811649262622389
C_MATERIAL:0.5436247333253104
C_MOVECOUNT:0.4887906035104639
C_PAWNMOVEMENT:0.4451262352644556
