ELO:989
CE_PASSEDPAWNS:0.5075667437716518
CE_PAWNWEAKNESSES:0.43804059842882975
CE_PIECEACTIVITY:0.5110288828866246
CE_KINGPAWNSHIELD:0.5599465954910741
CE_PIECECOORDINATION:0.6004032277802216
CE_MATERIAL:0.4080485901387158
CE_KINGSAFETY:0.5115840269690909
C_PIECESQUARETABLES:0.5
C_MOBILITY:0.580479941274235
C_KINGSAFETY:0.5769582550877161
C_PAWNSTRUCTURE:0.62436365227218
C_PIECECOORDINATION:0.4455295289066636
C_ROOKANDPAWNMOVEMENT:0.4455295289066636
C_CENTERCONTROL:0.3678330028681369
C_DEVELOPPIECES:0.5528173797779841
C_MATERIAL:0.5885886151706934
