ELO:1000
CE_PASSEDPAWNS:0.48304804779285215
CE_PAWNWEAKNESSES:0.4778941612105579
CE_PIECEACTIVITY:0.533558983532548
CE_KINGPAWNSHIELD:0.4777889015904085
CE_PIECECOORDINATION:0.43915356009407047
CE_MATERIAL:0.4775169513599928
CE_KINGSAFETY:0.5026769542824787
C_PIECESQUARETABLES:0.5366218230419447
C_MOBILITY:0.48691875833846304
C_KINGSAFETY:0.49026004597283857
C_PAWNSTRUCTURE:0.4687088617601135
C_PIECECOORDINATION:0.5445267719177174
C_ROOKANDPAWNMOVEMENT:0.5445267719177174
C_CENTERCONTROL:0.5287351867967559
C_DEVELOPPIECES:0.48991633033242726
C_MATERIAL:0.531860593103008
