ELO:959
CE_PASSEDPAWNS:0.44699880967536954
CE_PAWNWEAKNESSES:0.5058251316001301
CE_PIECEACTIVITY:0.46003999318843913
CE_KINGPAWNSHIELD:0.5412328854505428
CE_PIECECOORDINATION:0.44590362649239257
CE_MATERIAL:0.5000077999430721
CE_KINGSAFETY:0.5148624419128989
C_PIECESQUARETABLES:0.5148384424743977
C_MOBILITY:0.49395923431721966
C_KINGSAFETY:0.546670887232757
C_PAWNSTRUCTURE:0.4271268148228705
C_PIECECOORDINATION:0.5188659906265449
C_ROOKANDPAWNMOVEMENT:0.5188659906265449
C_CENTERCONTROL:0.5365102255269685
C_DEVELOPPIECES:0.4099881998785097
C_MATERIAL:0.4829501433053846
