ELO:975
CE_PASSEDPAWNS:0.4882312987759305
CE_PAWNWEAKNESSES:0.488612541056438
CE_PIECEACTIVITY:0.4891553531051581
CE_KINGPAWNSHIELD:0.417634445395198
CE_PIECECOORDINATION:0.4704919970227394
CE_MATERIAL:0.37888639325384643
CE_KINGSAFETY:0.5088410041931272
C_PIECESQUARETABLES:0.5
C_MOBILITY:0.5320413511327499
C_KINGSAFETY:0.4657100949687786
C_PAWNSTRUCTURE:0.49104816641639
C_PIECECOORDINATION:0.538068130691275
C_ROOKANDPAWNMOVEMENT:0.538068130691275
C_CENTERCONTROL:0.5919524269371879
C_DEVELOPPIECES:0.5386174493491248
C_MATERIAL:0.5971120632769276
