ELO:962
CE_PASSEDPAWNS:0.4980410988654245
CE_PAWNWEAKNESSES:0.4987241766558496
CE_PIECEACTIVITY:0.547406527972285
CE_KINGPAWNSHIELD:0.49537115973779433
CE_PIECECOORDINATION:0.5341352422328516
CE_MATERIAL:0.46024995710068145
CE_KINGSAFETY:0.5
C_PIECESQUARETABLES:0.5
C_MOBILITY:0.5214648957387107
C_KINGSAFETY:0.5759398977255347
C_PAWNSTRUCTURE:0.5101175196741319
C_PIECECOORDINATION:0.4646600127190287
C_ROOKANDPAWNMOVEMENT:0.4646600127190287
C_CENTERCONTROL:0.48737583481922847
C_DEVELOPPIECES:0.4643106376537587
C_MATERIAL:0.46802135229456265
C_MOVECOUNT:0.5
