ELO:875
CE_PASSEDPAWNS:0.5254512928214596
CE_PAWNWEAKNESSES:0.5291792475823559
CE_PIECEACTIVITY:0.414732862178834
CE_KINGPAWNSHIELD:0.5031289563616633
CE_PIECECOORDINATION:0.5456678482906479
CE_MATERIAL:0.44910059562069704
CE_KINGSAFETY:0.5164349912565058
C_PIECESQUARETABLES:0.4745578579730581
C_MOBILITY:0.5348160785834666
C_KINGSAFETY:0.5476624283267681
C_PAWNSTRUCTURE:0.5279710520262687
C_PIECECOORDINATION:0.4989580911708406
C_ROOKANDPAWNMOVEMENT:0.4989580911708406
C_CENTERCONTROL:0.47461431632505896
C_DEVELOPPIECES:0.5026925199250365
C_MATERIAL:0.5359631244010992
C_MOVECOUNT:0.5
