ELO:977
CE_PASSEDPAWNS:0.46988783371730963
CE_PAWNWEAKNESSES:0.5058667141925695
CE_PIECEACTIVITY:0.4549450877311691
CE_KINGPAWNSHIELD:0.5376333505487255
CE_PIECECOORDINATION:0.4729078759128025
CE_MATERIAL:0.49807335711351197
CE_KINGSAFETY:0.4814566097535514
C_PIECESQUARETABLES:0.4937832306015862
C_MOBILITY:0.5058475035147493
C_KINGSAFETY:0.5651686010351197
C_PAWNSTRUCTURE:0.49228496653834775
C_PIECECOORDINATION:0.49637788234379643
C_ROOKANDPAWNMOVEMENT:0.49637788234379643
C_CENTERCONTROL:0.5843475235685641
C_DEVELOPPIECES:0.4555953283413552
C_MATERIAL:0.4579098043700538
