ELO:997
CE_PASSEDPAWNS:0.5285873511140743
CE_PAWNWEAKNESSES:0.4886547461374075
CE_PIECEACTIVITY:0.5244108836238115
CE_KINGPAWNSHIELD:0.5122666429956899
CE_PIECECOORDINATION:0.4912393934584954
CE_MATERIAL:0.504960834156813
CE_KINGSAFETY:0.5
C_PIECESQUARETABLES:0.5
C_MOBILITY:0.5178074665505891
C_KINGSAFETY:0.48007484043138215
C_PAWNSTRUCTURE:0.5359318020701782
C_PIECECOORDINATION:0.5158410203840428
C_ROOK:0.5251904476926308
CE_ROOK:0.46942771092257596
C_CENTERCONTROL:0.49451631012463787
C_DEVELOPPIECES:0.48020853997039276
C_MATERIAL:0.48197906261409296
C_MOVECOUNT:0.4939827515543085
C_PAWNMOVEMENT:0.5452212007611059
