ELO:965
CE_PASSEDPAWNS:0.484155606159964
CE_PAWNWEAKNESSES:0.4884859781137382
CE_PIECEACTIVITY:0.48960548581208096
CE_KINGPAWNSHIELD:0.4155106809620388
CE_PIECECOORDINATION:0.49010303739518013
CE_MATERIAL:0.38971135771717286
CE_KINGSAFETY:0.5171208785616217
C_PIECESQUARETABLES:0.5101409080796171
C_MOBILITY:0.5346144726633114
C_KINGSAFETY:0.4898574951736203
C_PAWNSTRUCTURE:0.4924833489574307
C_PIECECOORDINATION:0.5552166118285399
C_ROOKANDPAWNMOVEMENT:0.5552166118285399
C_CENTERCONTROL:0.5996275579852205
C_DEVELOPPIECES:0.5813451132495968
C_MATERIAL:0.6217035221680324
