ELO:854
CE_PASSEDPAWNS:0.4940707365656494
CE_PAWNWEAKNESSES:0.43078886083413925
CE_PIECEACTIVITY:0.5301868733946999
CE_KINGPAWNSHIELD:0.4465722575355563
CE_PIECECOORDINATION:0.5166537355423247
CE_MATERIAL:0.5388255223516831
CE_KINGSAFETY:0.48673308576784463
C_PIECESQUARETABLES:0.426637894704106
C_MOBILITY:0.5461927625926121
C_KINGSAFETY:0.5204982332567702
C_PAWNSTRUCTURE:0.4905498750990269
C_PIECECOORDINATION:0.4870127970976901
C_ROOKANDPAWNMOVEMENT:0.4870127970976901
C_CENTERCONTROL:0.5027911073092998
C_DEVELOPPIECES:0.5243461944873358
C_MATERIAL:0.5054306427170916
C_MOVECOUNT:0.4805614827316304
