ELO:958
CE_PASSEDPAWNS:0.5100982097710616
CE_PAWNWEAKNESSES:0.5312405321319169
CE_PIECEACTIVITY:0.46129341024516546
CE_KINGPAWNSHIELD:0.555259098717454
CE_PIECECOORDINATION:0.5759332013314825
CE_MATERIAL:0.5361079312501847
CE_KINGSAFETY:0.5
C_PIECESQUARETABLES:0.5
C_MOBILITY:0.5926746721608825
C_KINGSAFETY:0.6141612017190802
C_PAWNSTRUCTURE:0.5148773343655957
C_PIECECOORDINATION:0.5960146041974088
C_ROOKANDPAWNMOVEMENT:0.5960146041974088
C_CENTERCONTROL:0.4626689110516123
C_DEVELOPPIECES:0.5373321718782241
C_MATERIAL:0.5705146932061418
