ELO:992
CE_PASSEDPAWNS:0.6085791508222704
CE_PAWNWEAKNESSES:0.4452937683592159
CE_PIECEACTIVITY:0.4914952382561217
CE_KINGPAWNSHIELD:0.4931279155900227
CE_PIECECOORDINATION:0.5112500518119519
CE_MATERIAL:0.4574513819503466
CE_KINGSAFETY:0.5
C_PIECESQUARETABLES:0.5
C_MOBILITY:0.5019263156106182
C_KINGSAFETY:0.5310493350741666
C_PAWNSTRUCTURE:0.49890118870897826
C_PIECECOORDINATION:0.49031404214256535
C_ROOKANDPAWNMOVEMENT:0.49031404214256535
C_CENTERCONTROL:0.5
C_DEVELOPPIECES:0.5122328461735384
C_MATERIAL:0.48442491173463015
C_MOVECOUNT:0.5
