ELO:958
CE_PASSEDPAWNS:0.496428248082058
CE_PAWNWEAKNESSES:0.4849315727662253
CE_PIECEACTIVITY:0.5044920269624246
CE_KINGPAWNSHIELD:0.5038967975384685
CE_PIECECOORDINATION:0.49296242655503286
CE_MATERIAL:0.4930615186718751
CE_KINGSAFETY:0.5042696242003591
C_PIECESQUARETABLES:0.48835568855368844
C_MOBILITY:0.5298916940764006
C_KINGSAFETY:0.5217859410953756
C_PAWNSTRUCTURE:0.37054878735547075
C_PIECECOORDINATION:0.5019709803670327
C_ROOKANDPAWNMOVEMENT:0.5019709803670327
C_CENTERCONTROL:0.4759715976046038
C_DEVELOPPIECES:0.5275627731485721
C_MATERIAL:0.5218932826924514
C_MOVECOUNT:0.5
