ELO:1000
CE_PASSEDPAWNS:0.4997889112812797
CE_PAWNWEAKNESSES:0.5324938856163219
CE_PIECEACTIVITY:0.5376997045338836
CE_KINGPAWNSHIELD:0.5539634233209259
CE_PIECECOORDINATION:0.4497723322834694
CE_MATERIAL:0.5343677619216667
CE_KINGSAFETY:0.5227656158411071
C_PIECESQUARETABLES:0.5194252214201979
C_MOBILITY:0.4804217882894606
C_KINGSAFETY:0.5297019320317752
C_PAWNSTRUCTURE:0.5532405548143229
C_PIECECOORDINATION:0.5139169300831705
C_ROOKANDPAWNMOVEMENT:0.5139169300831705
C_CENTERCONTROL:0.5312600376508121
C_DEVELOPPIECES:0.5422086584685217
C_MATERIAL:0.5312234860681608
