ELO:919
CE_PASSEDPAWNS:0.48601042542085976
CE_PAWNWEAKNESSES:0.473317652627264
CE_PIECEACTIVITY:0.49737401146113636
CE_KINGPAWNSHIELD:0.5190840705800687
CE_PIECECOORDINATION:0.45670650683514674
CE_MATERIAL:0.4584773461482452
CE_KINGSAFETY:0.5182142061314675
C_PIECESQUARETABLES:0.4870465094661352
C_MOBILITY:0.48575223696064246
C_KINGSAFETY:0.5042543680615202
C_PAWNSTRUCTURE:0.4815571472734046
C_PIECECOORDINATION:0.5081328996458861
C_ROOKANDPAWNMOVEMENT:0.5081328996458861
C_CENTERCONTROL:0.5224552873412897
C_DEVELOPPIECES:0.47190662384409454
C_MATERIAL:0.46603933168250744
C_MOVECOUNT:0.5
