ELO:925
CE_PASSEDPAWNS:0.49479570105364307
CE_PAWNWEAKNESSES:0.5290533214847069
CE_PIECEACTIVITY:0.5260145081868505
CE_KINGPAWNSHIELD:0.49716760340951954
CE_PIECECOORDINATION:0.4853356027722869
CE_MATERIAL:0.5005576695973842
CE_KINGSAFETY:0.5071953536079905
C_PIECESQUARETABLES:0.5090157166111473
C_MOBILITY:0.48714069767515533
C_KINGSAFETY:0.5276037892924272
C_PAWNSTRUCTURE:0.5285302244839606
C_PIECECOORDINATION:0.49505843646886805
C_ROOKANDPAWNMOVEMENT:0.49505843646886805
C_CENTERCONTROL:0.5376547931515705
C_DEVELOPPIECES:0.4737676250340158
C_MATERIAL:0.49685728022644343
