ELO:936
CE_PASSEDPAWNS:0.4791431911840001
CE_PAWNWEAKNESSES:0.4902558413301372
CE_PIECEACTIVITY:0.5911488161167449
CE_KINGPAWNSHIELD:0.4945459327929109
CE_PIECECOORDINATION:0.43369125507060996
CE_MATERIAL:0.4303095543975952
CE_KINGSAFETY:0.5326432544849556
C_PIECESQUARETABLES:0.49091266489683466
C_MOBILITY:0.46751559991235003
C_KINGSAFETY:0.3940129463758205
C_PAWNSTRUCTURE:0.498632158967654
C_PIECECOORDINATION:0.38735312997936083
C_ROOKANDPAWNMOVEMENT:0.38735312997936083
C_CENTERCONTROL:0.4737516139582382
C_DEVELOPPIECES:0.5732209413366627
C_MATERIAL:0.5148763311301663
