ELO:950
CE_PASSEDPAWNS:0.5174240805775723
CE_PAWNWEAKNESSES:0.4967981870580829
CE_PIECEACTIVITY:0.5249214677858451
CE_KINGPAWNSHIELD:0.5090089270963892
CE_PIECECOORDINATION:0.4820623326836919
CE_MATERIAL:0.47634853440939445
CE_KINGSAFETY:0.4939536245179197
C_PIECESQUARETABLES:0.48832953726946393
C_MOBILITY:0.4692038442221497
C_KINGSAFETY:0.39584572122226624
C_PAWNSTRUCTURE:0.5351947914752807
C_PIECECOORDINATION:0.4195353154566871
C_ROOKANDPAWNMOVEMENT:0.4195353154566871
C_CENTERCONTROL:0.4416570960168509
C_DEVELOPPIECES:0.5807450717543287
C_MATERIAL:0.5330222965650191
