ELO:847
CE_PASSEDPAWNS:0.6305046227003455
CE_PAWNWEAKNESSES:0.5457541256313911
CE_PIECEACTIVITY:0.4570305949542773
CE_KINGPAWNSHIELD:0.5387356619786388
CE_PIECECOORDINATION:0.36941238761187306
CE_MATERIAL:0.576344203492674
CE_KINGSAFETY:0.5015471177033533
C_PIECESQUARETABLES:0.5249615141177787
C_MOBILITY:0.4634768626364127
C_KINGSAFETY:0.5332242348409271
C_PAWNSTRUCTURE:0.4708362615457835
C_PIECECOORDINATION:0.45485405189304184
C_ROOKANDPAWNMOVEMENT:0.45485405189304184
C_CENTERCONTROL:0.5568756063976211
C_DEVELOPPIECES:0.5132922503400564
C_MATERIAL:0.4953377100750473
