ELO:969
CE_PASSEDPAWNS:0.5199818762189847
CE_PAWNWEAKNESSES:0.5216089092587338
CE_PIECEACTIVITY:0.5003016011362481
CE_KINGPAWNSHIELD:0.5006330761439278
CE_PIECECOORDINATION:0.492727588473275
CE_MATERIAL:0.48231682036880025
CE_KINGSAFETY:0.48905562842056854
C_PIECESQUARETABLES:0.5
C_MOBILITY:0.5032559757952543
C_KINGSAFETY:0.5149192050270959
C_PAWNSTRUCTURE:0.5048187953557206
C_PIECECOORDINATION:0.4732750716351106
C_ROOK:0.48822775280337666
CE_ROOK:0.5008114918610888
C_CENTERCONTROL:0.4983827970845865
C_DEVELOPPIECES:0.5137382472083899
C_MATERIAL:0.4784281616029315
C_MOVECOUNT:0.49529839495928213
C_PAWNMOVEMENT:0.5021437714052875
