ELO:964
CE_PASSEDPAWNS:0.5257576900331306
CE_PAWNWEAKNESSES:0.4859562309184163
CE_PIECEACTIVITY:0.5409368459655582
CE_KINGPAWNSHIELD:0.5551084724535572
CE_PIECECOORDINATION:0.4243104932854428
CE_MATERIAL:0.5519953523237838
CE_KINGSAFETY:0.4965842346036486
C_PIECESQUARETABLES:0.5002588911298265
C_MOBILITY:0.490252298174098
C_KINGSAFETY:0.5206402701878297
C_PAWNSTRUCTURE:0.5020564638763677
C_PIECECOORDINATION:0.4504052503418083
C_ROOKANDPAWNMOVEMENT:0.4504052503418083
C_CENTERCONTROL:0.5801599805313893
C_DEVELOPPIECES:0.5895612694453799
C_MATERIAL:0.5245290026273717
