ELO:901
CE_PASSEDPAWNS:0.4584299773167543
CE_PAWNWEAKNESSES:0.4932174489608521
CE_PIECEACTIVITY:0.45739895468364783
CE_KINGPAWNSHIELD:0.5654321935776142
CE_PIECECOORDINATION:0.5559658895810891
CE_MATERIAL:0.5212448487702654
CE_KINGSAFETY:0.5
C_PIECESQUARETABLES:0.5
C_MOBILITY:0.5012250556987944
C_KINGSAFETY:0.5322767723178451
C_PAWNSTRUCTURE:0.4787608613014261
C_PIECECOORDINATION:0.5394379448002059
C_ROOKANDPAWNMOVEMENT:0.5394379448002059
C_CENTERCONTROL:0.5949008410296197
C_DEVELOPPIECES:0.5043198474218271
C_MATERIAL:0.555497271901911
C_MOVECOUNT:0.5
