ELO:869
CE_PASSEDPAWNS:0.6126235506627651
CE_PAWNWEAKNESSES:0.5620799847542454
CE_PIECEACTIVITY:0.4628806734024895
CE_KINGPAWNSHIELD:0.5169347919665879
CE_PIECECOORDINATION:0.3494832933970538
CE_MATERIAL:0.5734569577096325
CE_KINGSAFETY:0.49406188028283693
C_PIECESQUARETABLES:0.5085938733879083
C_MOBILITY:0.46589925583438874
C_KINGSAFETY:0.5295123745957079
C_PAWNSTRUCTURE:0.48879137490116126
C_PIECECOORDINATION:0.45755557799263147
C_ROOKANDPAWNMOVEMENT:0.45755557799263147
C_CENTERCONTROL:0.5577263182800992
C_DEVELOPPIECES:0.518609093501851
C_MATERIAL:0.4783158326329006
