ELO:956
CE_PASSEDPAWNS:0.5222551754697802
CE_PAWNWEAKNESSES:0.5516681668552912
CE_PIECEACTIVITY:0.5073380221418156
CE_KINGPAWNSHIELD:0.4980705119458353
CE_PIECECOORDINATION:0.5135395711745114
CE_MATERIAL:0.46918298302273903
CE_KINGSAFETY:0.4914366405635017
C_PIECESQUARETABLES:0.5
C_MOBILITY:0.4977370683399282
C_KINGSAFETY:0.5010991591188712
C_PAWNSTRUCTURE:0.5075018487512091
C_PIECECOORDINATION:0.4573139988169883
C_ROOK:0.4825897458480012
CE_ROOK:0.5294865107126578
C_CENTERCONTROL:0.5137504989491904
C_DEVELOPPIECES:0.5385777610097348
C_MATERIAL:0.4741609855961556
C_MOVECOUNT:0.46747351957924926
C_PAWNMOVEMENT:0.47924230744473706
