ELO:763
CE_PASSEDPAWNS:0.4166059018449233
CE_PAWNWEAKNESSES:0.5689430675175615
CE_PIECEACTIVITY:0.6527905062794099
CE_KINGPAWNSHIELD:0.3895414775948097
CE_PIECECOORDINATION:0.549387541736288
CE_MATERIAL:0.5790715516235587
CE_KINGSAFETY:0.4405722450564045
C_PIECESQUARETABLES:0.5016120538666142
C_MOBILITY:0.5695541961466771
C_KINGSAFETY:0.5281365011995826
C_PAWNSTRUCTURE:0.48427433269026565
C_PIECECOORDINATION:0.45040658943296846
C_ROOKANDPAWNMOVEMENT:0.45040658943296846
C_CENTERCONTROL:0.5545810233508754
C_DEVELOPPIECES:0.6245563761836205
C_MATERIAL:0.4966206694807881
