ELO:873
CE_PASSEDPAWNS:0.4859049994231104
CE_PAWNWEAKNESSES:0.5296048320079424
CE_PIECEACTIVITY:0.5374717066671798
CE_KINGPAWNSHIELD:0.49940998450536445
CE_PIECECOORDINATION:0.49028266728470304
CE_MATERIAL:0.48220147762747984
CE_KINGSAFETY:0.5172389330701977
C_PIECESQUARETABLES:0.5072948944958663
C_MOBILITY:0.49901097424240787
C_KINGSAFETY:0.5231953780110219
C_PAWNSTRUCTURE:0.5207959709407625
C_PIECECOORDINATION:0.4841849937282596
C_ROOKANDPAWNMOVEMENT:0.4841849937282596
C_CENTERCONTROL:0.5497546071802049
C_DEVELOPPIECES:0.46627071392825636
C_MATERIAL:0.4819666954821036
