ELO:900
CE_PASSEDPAWNS:0.6159537518818974
CE_PAWNWEAKNESSES:0.5473558836758633
CE_PIECEACTIVITY:0.4493638227536015
CE_KINGPAWNSHIELD:0.5200702982380419
CE_PIECECOORDINATION:0.34904982306957877
CE_MATERIAL:0.5683542962156427
CE_KINGSAFETY:0.48271413214978764
C_PIECESQUARETABLES:0.49831888671186647
C_MOBILITY:0.46355787510952384
C_KINGSAFETY:0.5377902450333601
C_PAWNSTRUCTURE:0.49740963908513625
C_PIECECOORDINATION:0.46615838869238013
C_ROOKANDPAWNMOVEMENT:0.46615838869238013
C_CENTERCONTROL:0.5660163013624047
C_DEVELOPPIECES:0.5206860267727661
C_MATERIAL:0.48358216867715226
