ELO:927
CE_PASSEDPAWNS:0.5322731242808709
CE_PAWNWEAKNESSES:0.5775528160666115
CE_PIECEACTIVITY:0.5102735379446252
CE_KINGPAWNSHIELD:0.5047091945411731
CE_PIECECOORDINATION:0.49850215067557874
CE_MATERIAL:0.4496264091689627
CE_KINGSAFETY:0.5
C_PIECESQUARETABLES:0.4938654701018849
C_MOBILITY:0.4917540607380152
C_KINGSAFETY:0.49301789292766157
C_PAWNSTRUCTURE:0.4888242852699641
C_PIECECOORDINATION:0.4571307936334553
C_ROOK:0.4867131834053899
CE_ROOK:0.507850089981071
C_CENTERCONTROL:0.5188339401584456
C_DEVELOPPIECES:0.5482019483499522
C_MATERIAL:0.46440921956518283
C_MOVECOUNT:0.47068106858082887
C_PAWNMOVEMENT:0.49555994307124407
