ELO:974
CE_PASSEDPAWNS:0.49518857477437933
CE_PAWNWEAKNESSES:0.4840445117594928
CE_PIECEACTIVITY:0.5155322729439386
CE_KINGPAWNSHIELD:0.4966274581689744
CE_PIECECOORDINATION:0.473293788362103
CE_MATERIAL:0.5141727425214417
CE_KINGSAFETY:0.5028536675536623
C_PIECESQUARETABLES:0.4873118951762147
C_MOBILITY:0.4718449831075382
C_KINGSAFETY:0.441287989537629
C_PAWNSTRUCTURE:0.5220689574985258
C_PIECECOORDINATION:0.46837401932598305
C_ROOKANDPAWNMOVEMENT:0.46837401932598305
C_CENTERCONTROL:0.48154110189896954
C_DEVELOPPIECES:0.5366409590805775
C_MATERIAL:0.5389640645695534
