ELO:945
CE_PASSEDPAWNS:0.5761068953593823
CE_PAWNWEAKNESSES:0.46473423774031297
CE_PIECEACTIVITY:0.5332945837602757
CE_KINGPAWNSHIELD:0.5409415288943326
CE_PIECECOORDINATION:0.40875991460667493
CE_MATERIAL:0.5478445675459888
CE_KINGSAFETY:0.5069240591540347
C_PIECESQUARETABLES:0.47185257854278834
C_MOBILITY:0.46976508155704666
C_KINGSAFETY:0.5039321918659282
C_PAWNSTRUCTURE:0.5074999147564851
C_PIECECOORDINATION:0.4941170934250703
C_ROOKANDPAWNMOVEMENT:0.4941170934250703
C_CENTERCONTROL:0.5912407644091564
C_DEVELOPPIECES:0.5583576158093462
C_MATERIAL:0.5051133449620797
