ELO:939
CE_PASSEDPAWNS:0.5322731242808709
CE_PAWNWEAKNESSES:0.5666912982417556
CE_PIECEACTIVITY:0.5102735379446252
CE_KINGPAWNSHIELD:0.5047091945411731
CE_PIECECOORDINATION:0.49248021594894337
CE_MATERIAL:0.4500838556716726
CE_KINGSAFETY:0.5040532749575584
C_PIECESQUARETABLES:0.4938654701018849
C_MOBILITY:0.4917540607380152
C_KINGSAFETY:0.49301789292766157
C_PAWNSTRUCTURE:0.49525281282573563
C_PIECECOORDINATION:0.4571307936334553
C_ROOK:0.4867131834053899
CE_ROOK:0.507850089981071
C_CENTERCONTROL:0.5188339401584456
C_DEVELOPPIECES:0.5482019483499522
C_MATERIAL:0.46440921956518283
C_MOVECOUNT:0.47068106858082887
C_PAWNMOVEMENT:0.5064384133062894
