ELO:904
CE_PASSEDPAWNS:0.4952779062484927
CE_PAWNWEAKNESSES:0.5595100396090551
CE_PIECEACTIVITY:0.57925127623779
CE_KINGPAWNSHIELD:0.4760025535593435
CE_PIECECOORDINATION:0.5744277100952924
CE_MATERIAL:0.5031432821966362
CE_KINGSAFETY:0.4973275093557458
C_PIECESQUARETABLES:0.5
C_MOBILITY:0.5159429620469608
C_KINGSAFETY:0.5290176220128898
C_PAWNSTRUCTURE:0.49984563620519423
C_PIECECOORDINATION:0.549097061417147
C_ROOKANDPAWNMOVEMENT:0.549097061417147
C_CENTERCONTROL:0.4572684751911312
C_DEVELOPPIECES:0.47184687534574904
C_MATERIAL:0.4957047703088326
C_MOVECOUNT:0.5
