ELO:1000
CE_PASSEDPAWNS:0.48246293202598906
CE_PAWNWEAKNESSES:0.5164026582756029
CE_PIECEACTIVITY:0.5025432424790163
CE_KINGPAWNSHIELD:0.5309905097531878
CE_PIECECOORDINATION:0.4846018962954814
CE_MATERIAL:0.462584612856381
CE_KINGSAFETY:0.5075977356283652
C_PIECESQUARETABLES:0.43882376652266825
C_MOBILITY:0.5449578013356527
C_KINGSAFETY:0.5122694938352989
C_PAWNSTRUCTURE:0.5118134440130813
C_PIECECOORDINATION:0.5178845119206233
C_ROOKANDPAWNMOVEMENT:0.5178845119206233
C_CENTERCONTROL:0.48861466415586063
C_DEVELOPPIECES:0.508494494350867
C_MATERIAL:0.47206612333634945
C_MOVECOUNT:0.5
