ELO:978
CE_PASSEDPAWNS:0.49187578742609145
CE_PAWNWEAKNESSES:0.500517512320903
CE_PIECEACTIVITY:0.5006907125234771
CE_KINGPAWNSHIELD:0.49325057364548064
CE_PIECECOORDINATION:0.506751134641184
CE_MATERIAL:0.5077180426740109
CE_KINGSAFETY:0.5
C_PIECESQUARETABLES:0.5
C_MOBILITY:0.5002099431553971
C_KINGSAFETY:0.5349446824469897
C_PAWNSTRUCTURE:0.5042015086711524
C_PIECECOORDINATION:0.4918440919668022
C_ROOKANDPAWNMOVEMENT:0.4918440919668022
C_CENTERCONTROL:0.5
C_DEVELOPPIECES:0.47585329527804243
C_MATERIAL:0.4929748522476021
C_MOVECOUNT:0.5
