ELO:827
CE_PASSEDPAWNS:0.4388078396249355
CE_PAWNWEAKNESSES:0.567463716985497
CE_PIECEACTIVITY:0.6567784225073021
CE_KINGPAWNSHIELD:0.41045834620453253
CE_PIECECOORDINATION:0.5764951833959054
CE_MATERIAL:0.5637862156230958
CE_KINGSAFETY:0.48958332021125106
C_PIECESQUARETABLES:0.5
C_MOBILITY:0.5667385068520708
C_KINGSAFETY:0.5267912313877732
C_PAWNSTRUCTURE:0.45378294228872956
C_PIECECOORDINATION:0.42890200571192155
C_ROOKANDPAWNMOVEMENT:0.42890200571192155
C_CENTERCONTROL:0.5554157866722744
C_DEVELOPPIECES:0.6317628305076444
C_MATERIAL:0.4701606717995102
