ELO:932
CE_PASSEDPAWNS:0.4717084436169961
CE_PAWNWEAKNESSES:0.49685107914741033
CE_PIECEACTIVITY:0.5236969201891319
CE_KINGPAWNSHIELD:0.533012850645294
CE_PIECECOORDINATION:0.5085899924413093
CE_MATERIAL:0.5166235353465902
CE_KINGSAFETY:0.5
C_PIECESQUARETABLES:0.5
C_MOBILITY:0.46256408764890733
C_KINGSAFETY:0.5051686446110306
C_PAWNSTRUCTURE:0.5157177899555178
C_PIECECOORDINATION:0.49708274484867876
C_ROOKANDPAWNMOVEMENT:0.49708274484867876
C_CENTERCONTROL:0.48367799613192836
C_DEVELOPPIECES:0.4539560933288462
C_MATERIAL:0.5113039817118805
C_MOVECOUNT:0.5
