ELO:1003
CE_PASSEDPAWNS:0.5
CE_PAWNWEAKNESSES:0.5009028188943203
CE_PIECEACTIVITY:0.5025432424790163
CE_KINGPAWNSHIELD:0.5
CE_PIECECOORDINATION:0.478846138696751
CE_MATERIAL:0.4895607622225094
CE_KINGSAFETY:0.4973649927298087
C_PIECESQUARETABLES:0.4734166438964058
C_MOBILITY:0.5
C_KINGSAFETY:0.487329975508042
C_PAWNSTRUCTURE:0.5
C_PIECECOORDINATION:0.5159423427094448
C_ROOKANDPAWNMOVEMENT:0.5159423427094448
C_CENTERCONTROL:0.49337036587516203
C_DEVELOPPIECES:0.4996557203086149
C_MATERIAL:0.48442491173463015
C_MOVECOUNT:0.5
