ELO:988
CE_PASSEDPAWNS:0.3614529750774351
CE_PAWNWEAKNESSES:0.5128889835512717
CE_PIECEACTIVITY:0.5122625696390483
CE_KINGPAWNSHIELD:0.4969112771905379
CE_PIECECOORDINATION:0.6260234205290011
CE_MATERIAL:0.5030403841932721
CE_KINGSAFETY:0.5109764563735987
C_PIECESQUARETABLES:0.4997673282222353
C_MOBILITY:0.49776475317986923
C_KINGSAFETY:0.5807171149246039
C_PAWNSTRUCTURE:0.6185667477854205
C_PIECECOORDINATION:0.6030264810572965
C_ROOKANDPAWNMOVEMENT:0.6030264810572965
C_CENTERCONTROL:0.37267561307570324
C_DEVELOPPIECES:0.4791615889907127
C_MATERIAL:0.5866536899795093
