ELO:821
CE_PASSEDPAWNS:0.5501862034824765
CE_PAWNWEAKNESSES:0.512085885397899
CE_PIECEACTIVITY:0.47380064328181776
CE_KINGPAWNSHIELD:0.46781972660198906
CE_PIECECOORDINATION:0.5101177955927897
CE_MATERIAL:0.48904629282146195
CE_KINGSAFETY:0.5
C_PIECESQUARETABLES:0.5153240229259334
C_MOBILITY:0.48093974667367856
C_KINGSAFETY:0.5278102250079605
C_PAWNSTRUCTURE:0.4953830502874278
C_PIECECOORDINATION:0.39058364952872915
C_ROOKANDPAWNMOVEMENT:0.39058364952872915
C_CENTERCONTROL:0.463163676638415
C_DEVELOPPIECES:0.5861852744071311
C_MATERIAL:0.5037057509977325
C_MOVECOUNT:0.49989058305100176
