ELO:961
CE_PASSEDPAWNS:0.5058693647361531
CE_PAWNWEAKNESSES:0.5045622995762313
CE_PIECEACTIVITY:0.45160891738461284
CE_KINGPAWNSHIELD:0.49803570936642116
CE_PIECECOORDINATION:0.48425340724620375
CE_MATERIAL:0.46811983692642434
CE_KINGSAFETY:0.5318283481550832
C_PIECESQUARETABLES:0.524123227694227
C_MOBILITY:0.5
C_KINGSAFETY:0.49234105022336144
C_PAWNSTRUCTURE:0.5076679485543145
C_PIECECOORDINATION:0.4840943794637862
C_ROOKANDPAWNMOVEMENT:0.4840943794637862
C_CENTERCONTROL:0.48560860488198965
C_DEVELOPPIECES:0.5022185945276402
C_MATERIAL:0.49412966069004244
C_MOVECOUNT:0.5
