ELO:1011
CE_PASSEDPAWNS:0.5123472840464665
CE_PAWNWEAKNESSES:0.5067028370892354
CE_PIECEACTIVITY:0.49882589777991626
CE_KINGPAWNSHIELD:0.49537115973779433
CE_PIECECOORDINATION:0.5
CE_MATERIAL:0.5005873939086712
CE_KINGSAFETY:0.5
C_PIECESQUARETABLES:0.5
C_MOBILITY:0.5
C_KINGSAFETY:0.49902032632749227
C_PAWNSTRUCTURE:0.5
C_PIECECOORDINATION:0.5132939543689852
C_ROOKANDPAWNMOVEMENT:0.5132939543689852
C_CENTERCONTROL:0.48851393652144637
C_DEVELOPPIECES:0.5
C_MATERIAL:0.49649668722795565
C_MOVECOUNT:0.5
