ELO:1000
CE_PASSEDPAWNS:0.5
CE_PAWNWEAKNESSES:0.5
CE_PIECEACTIVITY:0.5
CE_KINGPAWNSHIELD:0.5
CE_PIECECOORDINATION:0.49090511473684545
CE_MATERIAL:0.5097683950496394
CE_KINGSAFETY:0.5011108329947322
C_PIECESQUARETABLES:0.50276153387813
C_MOBILITY:0.5
C_KINGSAFETY:0.5043678774170399
C_PAWNSTRUCTURE:0.5068867385243907
C_PIECECOORDINATION:0.5
C_ROOKANDPAWNMOVEMENT:0.5
C_CENTERCONTROL:0.5066852125852361
C_DEVELOPPIECES:0.5
C_MATERIAL:0.4900900525251285
