ELO:992
CE_PASSEDPAWNS:0.4960423514104957
CE_PAWNWEAKNESSES:0.49629462682568437
CE_PIECEACTIVITY:0.5062531708650203
CE_KINGPAWNSHIELD:0.5033476199336225
CE_PIECECOORDINATION:0.49376550556722554
CE_MATERIAL:0.49782298414035353
CE_KINGSAFETY:0.5093769006231657
C_PIECESQUARETABLES:0.5018598734078819
C_MOBILITY:0.4887819949908811
C_KINGSAFETY:0.5085547134154691
C_PAWNSTRUCTURE:0.5039780486893577
C_PIECECOORDINATION:0.4951918147386299
C_ROOKANDPAWNMOVEMENT:0.4951918147386299
C_CENTERCONTROL:0.5098602023499239
C_DEVELOPPIECES:0.5006689487076879
C_MATERIAL:0.5059767313844761
C_MOVECOUNT:0.5
