ELO:943
CE_PASSEDPAWNS:0.507733606435521
CE_PAWNWEAKNESSES:0.5285118618123779
CE_PIECEACTIVITY:0.5003016011362481
CE_KINGPAWNSHIELD:0.4931103801952272
CE_PIECECOORDINATION:0.48830897773498083
CE_MATERIAL:0.48231682036880025
CE_KINGSAFETY:0.5017979337399655
C_PIECESQUARETABLES:0.506337179885972
C_MOBILITY:0.5157439358586988
C_KINGSAFETY:0.5149192050270959
C_PAWNSTRUCTURE:0.5048187953557206
C_PIECECOORDINATION:0.4732750716351106
C_ROOK:0.4976746135548178
CE_ROOK:0.504167327954977
C_CENTERCONTROL:0.4898938344384315
C_DEVELOPPIECES:0.5206037510607198
C_MATERIAL:0.4784281616029315
C_MOVECOUNT:0.5020884670118052
C_PAWNMOVEMENT:0.5040288008617652
