ELO:966
CE_PASSEDPAWNS:0.5135369617282576
CE_PAWNWEAKNESSES:0.5119717978715057
CE_PIECEACTIVITY:0.4927319675605548
CE_KINGPAWNSHIELD:0.5001110776493011
CE_PIECECOORDINATION:0.515172940291041
CE_MATERIAL:0.481325634819834
CE_KINGSAFETY:0.4993407851506227
C_PIECESQUARETABLES:0.5062516504486665
C_MOBILITY:0.505743818339998
C_KINGSAFETY:0.4899562851285955
C_PAWNSTRUCTURE:0.5219946935808002
C_PIECECOORDINATION:0.505294587399091
C_ROOKANDPAWNMOVEMENT:0.505294587399091
C_CENTERCONTROL:0.4798750807921183
C_DEVELOPPIECES:0.5269737726145154
C_MATERIAL:0.48660478638521965
C_MOVECOUNT:0.5
