ELO:973
CE_PASSEDPAWNS:0.5153229106434438
CE_PAWNWEAKNESSES:0.5130285416861239
CE_PIECEACTIVITY:0.5077166933769336
CE_KINGPAWNSHIELD:0.5113945788977898
CE_PIECECOORDINATION:0.498626011251047
CE_MATERIAL:0.49548756883830913
CE_KINGSAFETY:0.49003171768741777
C_PIECESQUARETABLES:0.5062049988353764
C_MOBILITY:0.4892796678745155
C_KINGSAFETY:0.49788206269537894
C_PAWNSTRUCTURE:0.5107018929373884
C_PIECECOORDINATION:0.48752262737012175
C_ROOK:0.47153499758581924
CE_ROOK:0.5037237352949502
C_CENTERCONTROL:0.4973253649610398
C_DEVELOPPIECES:0.49984572231573415
C_MATERIAL:0.48075932580455166
C_MOVECOUNT:0.5179989032782287
C_PAWNMOVEMENT:0.5019962130815172
