ELO:963
CE_PASSEDPAWNS:0.5101233855415669
CE_PAWNWEAKNESSES:0.4885988042108734
CE_PIECEACTIVITY:0.525699726833146
CE_KINGPAWNSHIELD:0.5204234152269642
CE_PIECECOORDINATION:0.48051108602267234
CE_MATERIAL:0.47473327235607854
CE_KINGSAFETY:0.4818162251373916
C_PIECESQUARETABLES:0.46292954191244845
C_MOBILITY:0.47492224583286846
C_KINGSAFETY:0.40431249810729797
C_PAWNSTRUCTURE:0.5058975502830741
C_PIECECOORDINATION:0.41995014926376245
C_ROOKANDPAWNMOVEMENT:0.41995014926376245
C_CENTERCONTROL:0.4287977447368698
C_DEVELOPPIECES:0.5841511658249506
C_MATERIAL:0.5209521697262489
