ELO:1000
CE_PASSEDPAWNS:0.5146178601903667
CE_PAWNWEAKNESSES:0.5140211367130596
CE_PIECEACTIVITY:0.5360657169072569
CE_KINGPAWNSHIELD:0.5235298990357062
CE_PIECECOORDINATION:0.502528497886645
CE_MATERIAL:0.5236145151345063
CE_KINGSAFETY:0.495192252557128
C_PIECESQUARETABLES:0.5125987157313002
C_MOBILITY:0.5071592361153048
C_KINGSAFETY:0.5292464160302354
C_PAWNSTRUCTURE:0.5528859470069926
C_PIECECOORDINATION:0.49367835648425346
C_ROOKANDPAWNMOVEMENT:0.49367835648425346
C_CENTERCONTROL:0.526664689050127
C_DEVELOPPIECES:0.5170696054450636
C_MATERIAL:0.5179591243062236
