ELO:1000
CE_PASSEDPAWNS:0.46654032257389716
CE_PAWNWEAKNESSES:0.5261506629939766
CE_PIECEACTIVITY:0.5187342017893971
CE_KINGPAWNSHIELD:0.4875962400673534
CE_PIECECOORDINATION:0.5058719417551615
CE_MATERIAL:0.5254995572402523
CE_KINGSAFETY:0.4988441516173884
C_PIECESQUARETABLES:0.48872024866762603
C_MOBILITY:0.5033992972978685
C_KINGSAFETY:0.5035428003895837
C_PAWNSTRUCTURE:0.4973893978772039
C_PIECECOORDINATION:0.51089365315453
C_ROOKANDPAWNMOVEMENT:0.51089365315453
C_CENTERCONTROL:0.4919859554202001
C_DEVELOPPIECES:0.509302441178558
C_MATERIAL:0.48792287047084604
