ELO:1000
CE_PASSEDPAWNS:0.5060947603221079
CE_PAWNWEAKNESSES:0.5282508758417558
CE_PIECEACTIVITY:0.5401195858424537
CE_KINGPAWNSHIELD:0.5104118267256972
CE_PIECECOORDINATION:0.4874787614150021
CE_MATERIAL:0.5159192974549885
CE_KINGSAFETY:0.49664842422962036
C_PIECESQUARETABLES:0.5191689478230557
C_MOBILITY:0.47350042409713283
C_KINGSAFETY:0.49546528224068026
C_PAWNSTRUCTURE:0.5388883037406331
C_PIECECOORDINATION:0.49879325448231154
C_ROOKANDPAWNMOVEMENT:0.49879325448231154
C_CENTERCONTROL:0.5134973419254656
C_DEVELOPPIECES:0.5302670316787294
C_MATERIAL:0.5013987884119943
