ELO:1107
CE_PASSEDPAWNS:0.44624247311469056
CE_PAWNWEAKNESSES:0.5049538678398092
CE_PIECEACTIVITY:0.48048357914774237
CE_KINGPAWNSHIELD:0.4163559443447905
CE_PIECECOORDINATION:0.5238833993784145
CE_MATERIAL:0.44962135104069256
CE_KINGSAFETY:0.4752361783742274
C_PIECESQUARETABLES:0.5014799024588763
C_MOBILITY:0.5335361914694342
C_KINGSAFETY:0.4939265123229669
C_PAWNSTRUCTURE:0.41819021306042825
C_PIECECOORDINATION:0.48430233874975176
C_ROOKANDPAWNMOVEMENT:0.48430233874975176
C_CENTERCONTROL:0.5898425102328891
C_DEVELOPPIECES:0.5820801065984278
C_MATERIAL:0.4063918105112338
