ELO:883
CE_PASSEDPAWNS:0.6352394006945054
CE_PAWNWEAKNESSES:0.5330227616639729
CE_PIECEACTIVITY:0.4459436494140234
CE_KINGPAWNSHIELD:0.5198516446994119
CE_PIECECOORDINATION:0.39837081544256187
CE_MATERIAL:0.5758671670545095
CE_KINGSAFETY:0.5043979595841118
C_PIECESQUARETABLES:0.5384295429205803
C_MOBILITY:0.4586303404697134
C_KINGSAFETY:0.5420099038472301
C_PAWNSTRUCTURE:0.45466354556011046
C_PIECECOORDINATION:0.4557032424139418
C_ROOKANDPAWNMOVEMENT:0.4557032424139418
C_CENTERCONTROL:0.568838235929013
C_DEVELOPPIECES:0.5213307808018086
C_MATERIAL:0.49099026588727146
