ELO:764
CE_PASSEDPAWNS:0.5514355239530035
CE_PAWNWEAKNESSES:0.5132591184145916
CE_PIECEACTIVITY:0.522073172713536
CE_KINGPAWNSHIELD:0.44753646523011187
CE_PIECECOORDINATION:0.4145392492408181
CE_MATERIAL:0.5563331367320205
CE_KINGSAFETY:0.494115737838187
C_PIECESQUARETABLES:0.5015377716401859
C_MOBILITY:0.4786783886501105
C_KINGSAFETY:0.5643287125635056
C_PAWNSTRUCTURE:0.49512495090304043
C_PIECECOORDINATION:0.5633499338540378
C_ROOKANDPAWNMOVEMENT:0.5633499338540378
C_CENTERCONTROL:0.49286048662271176
C_DEVELOPPIECES:0.5896764354124855
C_MATERIAL:0.5946109228909474
C_MOVECOUNT:0.5149548692239079
