ELO:943
CE_PASSEDPAWNS:0.5194793398738433
CE_PAWNWEAKNESSES:0.5172461276977173
CE_PIECEACTIVITY:0.5003016011362481
CE_KINGPAWNSHIELD:0.49625904489896455
CE_PIECECOORDINATION:0.5118745688416781
CE_MATERIAL:0.480128746856416
CE_KINGSAFETY:0.488722042759768
C_PIECESQUARETABLES:0.5155288593210817
C_MOBILITY:0.5181036705889545
C_KINGSAFETY:0.5075987052385782
C_PAWNSTRUCTURE:0.5030724414813674
C_PIECECOORDINATION:0.4727101085850443
C_ROOK:0.4897798049742291
CE_ROOK:0.504167327954977
C_CENTERCONTROL:0.4979290592345108
C_DEVELOPPIECES:0.5283654094344216
C_MATERIAL:0.46638851136290826
C_MOVECOUNT:0.4843744266792042
C_PAWNMOVEMENT:0.5024597537678801
