ELO:952
CE_PASSEDPAWNS:0.5196083625482676
CE_PAWNWEAKNESSES:0.5281380681088077
CE_PIECEACTIVITY:0.5020383152791896
CE_KINGPAWNSHIELD:0.5119437743253367
CE_PIECECOORDINATION:0.5140129792133915
CE_MATERIAL:0.4724981990022649
CE_KINGSAFETY:0.5055672711329066
C_PIECESQUARETABLES:0.5
C_MOBILITY:0.49347136367749594
C_KINGSAFETY:0.5211776372028831
C_PAWNSTRUCTURE:0.5162083004607888
C_PIECECOORDINATION:0.4573139988169883
C_ROOK:0.4913805965708981
CE_ROOK:0.5183841596087149
C_CENTERCONTROL:0.4979290592345108
C_DEVELOPPIECES:0.5460227339818003
C_MATERIAL:0.4618758646050935
C_MOVECOUNT:0.47151414105573364
C_PAWNMOVEMENT:0.4996964726517005
