ELO:873
CE_PASSEDPAWNS:0.5091800263327737
CE_PAWNWEAKNESSES:0.5323291814190143
CE_PIECEACTIVITY:0.46231411573571335
CE_KINGPAWNSHIELD:0.4535570306942351
CE_PIECECOORDINATION:0.5661728530586674
CE_MATERIAL:0.4300041017135691
CE_KINGSAFETY:0.4973026607191663
C_PIECESQUARETABLES:0.4288044534225697
C_MOBILITY:0.5081898964511758
C_KINGSAFETY:0.5219324650473148
C_PAWNSTRUCTURE:0.5264393095387071
C_PIECECOORDINATION:0.4375373381934246
C_ROOKANDPAWNMOVEMENT:0.4375373381934246
C_CENTERCONTROL:0.4921880606719304
C_DEVELOPPIECES:0.5614783346474036
C_MATERIAL:0.4673802786840352
C_MOVECOUNT:0.5
