ELO:906
CE_PASSEDPAWNS:0.5793807983152264
CE_PAWNWEAKNESSES:0.4931903516916107
CE_PIECEACTIVITY:0.5106311397396033
CE_KINGPAWNSHIELD:0.5189068135890271
CE_PIECECOORDINATION:0.3740826559948856
CE_MATERIAL:0.5324900727844465
CE_KINGSAFETY:0.48316814304765054
C_PIECESQUARETABLES:0.4936884564387897
C_MOBILITY:0.4725156550426696
C_KINGSAFETY:0.5189130641541894
C_PAWNSTRUCTURE:0.5036965666101252
C_PIECECOORDINATION:0.46889008806286353
C_ROOKANDPAWNMOVEMENT:0.46889008806286353
C_CENTERCONTROL:0.5725233617583665
C_DEVELOPPIECES:0.5229064487924635
C_MATERIAL:0.48387440729540154
