ELO:953
CE_PASSEDPAWNS:0.5194793398738433
CE_PAWNWEAKNESSES:0.5281380681088077
CE_PIECEACTIVITY:0.5020383152791896
CE_KINGPAWNSHIELD:0.5119437743253367
CE_PIECECOORDINATION:0.5015819930935922
CE_MATERIAL:0.480128746856416
CE_KINGSAFETY:0.5055672711329066
C_PIECESQUARETABLES:0.5
C_MOBILITY:0.5052215054840175
C_KINGSAFETY:0.5146272578675548
C_PAWNSTRUCTURE:0.5162083004607888
C_PIECECOORDINATION:0.4573139988169883
C_ROOK:0.49320371501929455
CE_ROOK:0.5244311847963684
C_CENTERCONTROL:0.4979290592345108
C_DEVELOPPIECES:0.5460227339818003
C_MATERIAL:0.4618758646050935
C_MOVECOUNT:0.47151414105573364
C_PAWNMOVEMENT:0.4996964726517005
