ELO:809
CE_PASSEDPAWNS:0.5645108649247841
CE_PAWNWEAKNESSES:0.492250910456886
CE_PIECEACTIVITY:0.5310837412545226
CE_KINGPAWNSHIELD:0.4407146661109641
CE_PIECECOORDINATION:0.39640612576439677
CE_MATERIAL:0.5296847346185501
CE_KINGSAFETY:0.495790550829807
C_PIECESQUARETABLES:0.5
C_MOBILITY:0.5017664041544914
C_KINGSAFETY:0.5831284713509446
C_PAWNSTRUCTURE:0.5058102795850419
C_PIECECOORDINATION:0.5610086524473412
C_ROOKANDPAWNMOVEMENT:0.5610086524473412
C_CENTERCONTROL:0.4726838258047305
C_DEVELOPPIECES:0.6011303348333106
C_MATERIAL:0.5891156908160192
C_MOVECOUNT:0.5
