ELO:1000
CE_PASSEDPAWNS:0.5300331820663499
CE_PAWNWEAKNESSES:0.5116595484311783
CE_PIECEACTIVITY:0.5305797339584276
CE_KINGPAWNSHIELD:0.5376178201466971
CE_PIECECOORDINATION:0.48081638743967015
CE_MATERIAL:0.5179599201504808
CE_KINGSAFETY:0.5041477346322323
C_PIECESQUARETABLES:0.5176090302161849
C_MOBILITY:0.4846705376558066
C_KINGSAFETY:0.5406740741744712
C_PAWNSTRUCTURE:0.5511711819817398
C_PIECECOORDINATION:0.4927272949967568
C_ROOKANDPAWNMOVEMENT:0.4927272949967568
C_CENTERCONTROL:0.49746079862557246
C_DEVELOPPIECES:0.5501803036001051
C_MATERIAL:0.5006435884884627
