ELO:1000
CE_PASSEDPAWNS:0.4963611147395388
CE_PAWNWEAKNESSES:0.5133223448160625
CE_PIECEACTIVITY:0.5010773278087475
CE_KINGPAWNSHIELD:0.49329725420873877
CE_PIECECOORDINATION:0.49837806737512685
CE_MATERIAL:0.5118802105853527
CE_KINGSAFETY:0.5017606906786353
C_PIECESQUARETABLES:0.4909353669495964
C_MOBILITY:0.5022188222471226
C_KINGSAFETY:0.49533720492674277
C_PAWNSTRUCTURE:0.4883830526317552
C_PIECECOORDINATION:0.49085948214782626
C_ROOKANDPAWNMOVEMENT:0.49085948214782626
C_CENTERCONTROL:0.5024834877112001
C_DEVELOPPIECES:0.4956869497644797
C_MATERIAL:0.49569756053212644
