ELO:882
CE_PASSEDPAWNS:0.4086649050396943
CE_PAWNWEAKNESSES:0.5501720265411565
CE_PIECEACTIVITY:0.6237065916783482
CE_KINGPAWNSHIELD:0.44843186907150184
CE_PIECECOORDINATION:0.5698317949172521
CE_MATERIAL:0.5761164697608423
CE_KINGSAFETY:0.4729224706961964
C_PIECESQUARETABLES:0.5069206566444863
C_MOBILITY:0.5736964207423989
C_KINGSAFETY:0.5197744763859289
C_PAWNSTRUCTURE:0.4706711893860847
C_PIECECOORDINATION:0.4334993832764418
C_ROOKANDPAWNMOVEMENT:0.4334993832764418
C_CENTERCONTROL:0.5601945686231189
C_DEVELOPPIECES:0.6308271321293915
C_MATERIAL:0.4973242958926729
