ELO:984
CE_PASSEDPAWNS:0.49459801186234326
CE_PAWNWEAKNESSES:0.49347490034534147
CE_PIECEACTIVITY:0.5091927178108101
CE_KINGPAWNSHIELD:0.5
CE_PIECECOORDINATION:0.5
CE_MATERIAL:0.5014832343818709
CE_KINGSAFETY:0.5
C_PIECESQUARETABLES:0.5
C_MOBILITY:0.5
C_KINGSAFETY:0.5041131315742778
C_PAWNSTRUCTURE:0.49494821285665896
C_PIECECOORDINATION:0.5234244599950953
C_ROOKANDPAWNMOVEMENT:0.5234244599950953
C_CENTERCONTROL:0.4910151555755195
C_DEVELOPPIECES:0.5020288685802067
C_MATERIAL:0.5118574838416963
C_MOVECOUNT:0.5145007530979623
