ELO:995
CE_PASSEDPAWNS:0.4932987731033677
CE_PAWNWEAKNESSES:0.592538859573927
CE_PIECEACTIVITY:0.4511450841823021
CE_KINGPAWNSHIELD:0.4708673065348948
CE_PIECECOORDINATION:0.5124869555789524
CE_MATERIAL:0.5422099630321293
CE_KINGSAFETY:0.5050976808237388
C_PIECESQUARETABLES:0.5265600106642905
C_MOBILITY:0.55179013468511
C_KINGSAFETY:0.3977851926509661
C_PAWNSTRUCTURE:0.5033979079033485
C_PIECECOORDINATION:0.4781619607435399
C_ROOKANDPAWNMOVEMENT:0.4781619607435399
C_CENTERCONTROL:0.4376528873732984
C_DEVELOPPIECES:0.4694094202309999
C_MATERIAL:0.4816399347813095
