ELO:989
CE_PASSEDPAWNS:0.4851289434910631
CE_PAWNWEAKNESSES:0.5056121183366649
CE_PIECEACTIVITY:0.5393478083039729
CE_KINGPAWNSHIELD:0.4868629542626994
CE_PIECECOORDINATION:0.5466120727829046
CE_MATERIAL:0.4709303223813403
CE_KINGSAFETY:0.48369592320063465
C_PIECESQUARETABLES:0.5455198326231492
C_MOBILITY:0.5109049710115718
C_KINGSAFETY:0.5138498981655016
C_PAWNSTRUCTURE:0.49732983298937017
C_PIECECOORDINATION:0.44682546803174716
C_ROOKANDPAWNMOVEMENT:0.44682546803174716
C_CENTERCONTROL:0.4785141927152024
C_DEVELOPPIECES:0.5032788495645691
C_MATERIAL:0.5049357095037518
C_MOVECOUNT:0.5
