ELO:1039
CE_PASSEDPAWNS:0.4923856604022471
CE_PAWNWEAKNESSES:0.4840695020423641
CE_PIECEACTIVITY:0.5
CE_KINGPAWNSHIELD:0.5099164591680407
CE_PIECECOORDINATION:0.5
CE_MATERIAL:0.48590645688520867
CE_KINGSAFETY:0.5016264886236564
C_PIECESQUARETABLES:0.50496810250548
C_MOBILITY:0.4888177452491481
C_KINGSAFETY:0.5
C_PAWNSTRUCTURE:0.4968075061148617
C_PIECECOORDINATION:0.48020319183456195
C_ROOK:0.4966351780763067
CE_ROOK:0.5161909980630333
C_CENTERCONTROL:0.5
C_DEVELOPPIECES:0.47179617885379005
C_MATERIAL:0.5
C_MOVECOUNT:0.4950527838003674
C_PAWNMOVEMENT:0.49181045511278765
