ELO:1000
CE_PASSEDPAWNS:0.49165091621881124
CE_PAWNWEAKNESSES:0.5
CE_PIECEACTIVITY:0.5036826963486101
CE_KINGPAWNSHIELD:0.5
CE_PIECECOORDINATION:0.4951651941116961
CE_MATERIAL:0.5
CE_KINGSAFETY:0.5
C_PIECESQUARETABLES:0.5
C_MOBILITY:0.5
C_KINGSAFETY:0.5086406721146709
C_PAWNSTRUCTURE:0.5035955763020729
C_PIECECOORDINATION:0.48782285287966387
C_ROOKANDPAWNMOVEMENT:0.48782285287966387
C_CENTERCONTROL:0.49742917901195727
C_DEVELOPPIECES:0.5
C_MATERIAL:0.49422287905730633
