ELO:956
CE_PASSEDPAWNS:0.5
CE_PAWNWEAKNESSES:0.48969668598528077
CE_PIECEACTIVITY:0.527290882052926
CE_KINGPAWNSHIELD:0.4787592056276741
CE_PIECECOORDINATION:0.5375696625561638
CE_MATERIAL:0.4464958594002193
CE_KINGSAFETY:0.5
C_PIECESQUARETABLES:0.5184878618541569
C_MOBILITY:0.4970326531719936
C_KINGSAFETY:0.5236079077162334
C_PAWNSTRUCTURE:0.5183454338843372
C_PIECECOORDINATION:0.4760188386543751
C_ROOKANDPAWNMOVEMENT:0.4760188386543751
C_CENTERCONTROL:0.48829140488390643
C_DEVELOPPIECES:0.49590410775202687
C_MATERIAL:0.47214160282176937
C_MOVECOUNT:0.5
