ELO:1038
CE_PASSEDPAWNS:0.5533584320878159
CE_PAWNWEAKNESSES:0.5956871393539003
CE_PIECEACTIVITY:0.44773883051133706
CE_KINGPAWNSHIELD:0.5127497450650865
CE_PIECECOORDINATION:0.5126599967205184
CE_MATERIAL:0.48691663083786435
CE_KINGSAFETY:0.498597113786154
C_PIECESQUARETABLES:0.4377037171696451
C_MOBILITY:0.37900462905485344
C_KINGSAFETY:0.44873308245855564
C_PAWNSTRUCTURE:0.6038857786206357
C_PIECECOORDINATION:0.4950807038540092
C_ROOKANDPAWNMOVEMENT:0.4950807038540092
C_CENTERCONTROL:0.48248378381660795
C_DEVELOPPIECES:0.5601998652803746
C_MATERIAL:0.48527805511738936
