ELO:1018
CE_PASSEDPAWNS:0.5118590748921269
CE_PAWNWEAKNESSES:0.48985378491135473
CE_PIECEACTIVITY:0.4852795738105932
CE_KINGPAWNSHIELD:0.5229543359317697
CE_PIECECOORDINATION:0.4439680077798122
CE_MATERIAL:0.517434976272686
CE_KINGSAFETY:0.5249065285020103
C_PIECESQUARETABLES:0.5
C_MOBILITY:0.5091670445821791
C_KINGSAFETY:0.5270202738512544
C_PAWNSTRUCTURE:0.5029090208591928
C_PIECECOORDINATION:0.46508331676820164
C_ROOKANDPAWNMOVEMENT:0.46508331676820164
C_CENTERCONTROL:0.4912860291259615
C_DEVELOPPIECES:0.5125243048592004
C_MATERIAL:0.5286984392029376
C_MOVECOUNT:0.5
