ELO:1031
CE_PASSEDPAWNS:0.5
CE_PAWNWEAKNESSES:0.5
CE_PIECEACTIVITY:0.5081077186236131
CE_KINGPAWNSHIELD:0.5
CE_PIECECOORDINATION:0.5
CE_MATERIAL:0.49469391405514157
CE_KINGSAFETY:0.49668261048528994
C_PIECESQUARETABLES:0.5
C_MOBILITY:0.5160180105669087
C_KINGSAFETY:0.49969875527195523
C_PAWNSTRUCTURE:0.5
C_PIECECOORDINATION:0.5134651869651766
C_ROOKANDPAWNMOVEMENT:0.5134651869651766
C_CENTERCONTROL:0.5069027378189768
C_DEVELOPPIECES:0.5
C_MATERIAL:0.4789639705318527
C_MOVECOUNT:0.5
