ELO:940
CE_PASSEDPAWNS:0.5265438001350977
CE_PAWNWEAKNESSES:0.5761103424225589
CE_PIECEACTIVITY:0.44527946321318723
CE_KINGPAWNSHIELD:0.5231534911333223
CE_PIECECOORDINATION:0.4616604598252946
CE_MATERIAL:0.49116692837822074
CE_KINGSAFETY:0.5419448605421188
C_PIECESQUARETABLES:0.5026339808294711
C_MOBILITY:0.5213655448729126
C_KINGSAFETY:0.37890747836163735
C_PAWNSTRUCTURE:0.5489293888116816
C_PIECECOORDINATION:0.49468305760417236
C_ROOKANDPAWNMOVEMENT:0.49468305760417236
C_CENTERCONTROL:0.478322673113231
C_DEVELOPPIECES:0.44893102698290466
C_MATERIAL:0.48107678507102036
