ELO:1005
CE_PASSEDPAWNS:0.49792896395499114
CE_PAWNWEAKNESSES:0.4938200913054704
CE_PIECEACTIVITY:0.4986132995361648
CE_KINGPAWNSHIELD:0.49738787782138855
CE_PIECECOORDINATION:0.48736467261020605
CE_MATERIAL:0.5133800334023999
CE_KINGSAFETY:0.5
C_PIECESQUARETABLES:0.5
C_MOBILITY:0.5043395660321826
C_KINGSAFETY:0.49853074914879647
C_PAWNSTRUCTURE:0.5061951641169354
C_PIECECOORDINATION:0.49740088694751117
C_ROOKANDPAWNMOVEMENT:0.49740088694751117
C_CENTERCONTROL:0.4960216375070346
C_DEVELOPPIECES:0.4968313709367048
C_MATERIAL:0.507172460129689
C_MOVECOUNT:0.5015624099031012
