ELO:955
CE_PASSEDPAWNS:0.5185697704402247
CE_PAWNWEAKNESSES:0.5630262320615792
CE_PIECEACTIVITY:0.4814976781573808
CE_KINGPAWNSHIELD:0.5375812636193545
CE_PIECECOORDINATION:0.4837797041714473
CE_MATERIAL:0.49986489936497475
CE_KINGSAFETY:0.4964496464742492
C_PIECESQUARETABLES:0.5090459223670516
C_MOBILITY:0.5239723516870491
C_KINGSAFETY:0.3804489665195435
C_PAWNSTRUCTURE:0.526552105432193
C_PIECECOORDINATION:0.489558280534871
C_ROOKANDPAWNMOVEMENT:0.489558280534871
C_CENTERCONTROL:0.46753023945983463
C_DEVELOPPIECES:0.4443712080954976
C_MATERIAL:0.4908554320747722
