ELO:909
CE_PASSEDPAWNS:0.5297684955560414
CE_PAWNWEAKNESSES:0.6116078492053375
CE_PIECEACTIVITY:0.47119934008408276
CE_KINGPAWNSHIELD:0.5210157449124736
CE_PIECECOORDINATION:0.4641756332645982
CE_MATERIAL:0.49399182071788245
CE_KINGSAFETY:0.4739196061947395
C_PIECESQUARETABLES:0.5076055871611146
C_MOBILITY:0.5234097752199216
C_KINGSAFETY:0.35895885122390025
C_PAWNSTRUCTURE:0.5517570571697106
C_PIECECOORDINATION:0.5318907291557233
C_ROOKANDPAWNMOVEMENT:0.5318907291557233
C_CENTERCONTROL:0.47304800424039994
C_DEVELOPPIECES:0.4431199788590381
C_MATERIAL:0.49316179770299057
