ELO:981
CE_PASSEDPAWNS:0.4466515978491382
CE_PAWNWEAKNESSES:0.5251332201670629
CE_PIECEACTIVITY:0.5590779251852507
CE_KINGPAWNSHIELD:0.4493983429503661
CE_PIECECOORDINATION:0.4471156081896667
CE_MATERIAL:0.39840453552808724
CE_KINGSAFETY:0.47241095877529166
C_PIECESQUARETABLES:0.5084816799298342
C_MOBILITY:0.4188555281829484
C_KINGSAFETY:0.5086013566042498
C_PAWNSTRUCTURE:0.5505746480876921
C_PIECECOORDINATION:0.5208046158763087
C_ROOKANDPAWNMOVEMENT:0.5208046158763087
C_CENTERCONTROL:0.4179174012179713
C_DEVELOPPIECES:0.48699477214344733
C_MATERIAL:0.47413457872991355
