ELO:622
CE_PASSEDPAWNS:0.5439169591004481
CE_PAWNWEAKNESSES:0.5329579342696821
CE_PIECEACTIVITY:0.5599586966697699
CE_KINGPAWNSHIELD:0.5986996610576747
CE_PIECECOORDINATION:0.4860440892664499
CE_MATERIAL:0.43674254695313364
CE_KINGSAFETY:0.5066510934162981
C_PIECESQUARETABLES:0.513420501295559
C_MOBILITY:0.41713802474681044
C_KINGSAFETY:0.3722684550742748
C_PAWNSTRUCTURE:0.5917980693814664
C_PIECECOORDINATION:0.44149692416540376
C_ROOKANDPAWNMOVEMENT:0.44149692416540376
C_CENTERCONTROL:0.5484469162008303
C_DEVELOPPIECES:0.582663669075637
C_MATERIAL:0.40916089535075184
C_MOVECOUNT:0.5024787933900958
