ELO:988
CE_PASSEDPAWNS:0.44171103432363534
CE_PAWNWEAKNESSES:0.5065418928515936
CE_PIECEACTIVITY:0.5534624536135843
CE_KINGPAWNSHIELD:0.4739224290915832
CE_PIECECOORDINATION:0.4755233453054754
CE_MATERIAL:0.39932928235212883
CE_KINGSAFETY:0.5
C_PIECESQUARETABLES:0.5
C_MOBILITY:0.4360425447214023
C_KINGSAFETY:0.5014985915014355
C_PAWNSTRUCTURE:0.5512447696209665
C_PIECECOORDINATION:0.4922056732803078
C_ROOKANDPAWNMOVEMENT:0.4922056732803078
C_CENTERCONTROL:0.4337465047460628
C_DEVELOPPIECES:0.5140442738262059
C_MATERIAL:0.47786575967128153
