ELO:985
CE_PASSEDPAWNS:0.5466984018163097
CE_PAWNWEAKNESSES:0.4553008029673239
CE_PIECEACTIVITY:0.5017174327322741
CE_KINGPAWNSHIELD:0.494106512928371
CE_PIECECOORDINATION:0.5143621151532964
CE_MATERIAL:0.509773033062491
CE_KINGSAFETY:0.5
C_PIECESQUARETABLES:0.5
C_MOBILITY:0.5085335202291681
C_KINGSAFETY:0.5223105102660069
C_PAWNSTRUCTURE:0.47918332653388335
C_PIECECOORDINATION:0.49436539360922677
C_ROOK:0.5505162762172918
CE_ROOK:0.4713968484833899
C_CENTERCONTROL:0.5099252187798841
C_DEVELOPPIECES:0.48096738307398
C_MATERIAL:0.5024675932608175
C_MOVECOUNT:0.4894819112702742
C_PAWNMOVEMENT:0.5297206060621521
