ELO:1000
CE_PASSEDPAWNS:0.4947326348247933
CE_PAWNWEAKNESSES:0.48995772401251614
CE_PIECEACTIVITY:0.5065739336163408
CE_KINGPAWNSHIELD:0.4868263120217691
CE_PIECECOORDINATION:0.495583931074072
CE_MATERIAL:0.4842897572056922
CE_KINGSAFETY:0.5
C_PIECESQUARETABLES:0.5
C_MOBILITY:0.5233439662254828
C_KINGSAFETY:0.5081098199174199
C_PAWNSTRUCTURE:0.5103107009722585
C_PIECECOORDINATION:0.5061258456233292
C_ROOKANDPAWNMOVEMENT:0.5061258456233292
C_CENTERCONTROL:0.5007508934633196
C_DEVELOPPIECES:0.48858525512753537
C_MATERIAL:0.4931539797432757
