ELO:982
CE_PASSEDPAWNS:0.5077356097723444
CE_PAWNWEAKNESSES:0.5420560687623416
CE_PIECEACTIVITY:0.5017174327322741
CE_KINGPAWNSHIELD:0.4821638276013704
CE_PIECECOORDINATION:0.4871128741682738
CE_MATERIAL:0.5517405154590023
CE_KINGSAFETY:0.5
C_PIECESQUARETABLES:0.5
C_MOBILITY:0.4946803584072096
C_KINGSAFETY:0.5223105102660069
C_PAWNSTRUCTURE:0.47918332653388335
C_PIECECOORDINATION:0.5270441091816901
C_ROOK:0.4670510565938005
CE_ROOK:0.5165856400359724
C_CENTERCONTROL:0.5104120867199715
C_DEVELOPPIECES:0.5178565951557476
C_MATERIAL:0.5024675932608175
C_MOVECOUNT:0.5053672180091835
C_PAWNMOVEMENT:0.4913202042988777
