ELO:972
CE_PASSEDPAWNS:0.4650580546838096
CE_PAWNWEAKNESSES:0.5236220086316642
CE_PIECEACTIVITY:0.5748015677255055
CE_KINGPAWNSHIELD:0.45230610572581076
CE_PIECECOORDINATION:0.428697129139973
CE_MATERIAL:0.40669414787624464
CE_KINGSAFETY:0.4773397710864883
C_PIECESQUARETABLES:0.5126129033509195
C_MOBILITY:0.41003962290207835
C_KINGSAFETY:0.5131321589096807
C_PAWNSTRUCTURE:0.526457556686013
C_PIECECOORDINATION:0.5023662246604077
C_ROOKANDPAWNMOVEMENT:0.5023662246604077
C_CENTERCONTROL:0.4226469350778484
C_DEVELOPPIECES:0.47145171492701826
C_MATERIAL:0.4713951563260085
