ELO:905
CE_PASSEDPAWNS:0.51181010112732
CE_PAWNWEAKNESSES:0.4952382197532308
CE_PIECEACTIVITY:0.5294551486514304
CE_KINGPAWNSHIELD:0.5745034353188986
CE_PIECECOORDINATION:0.5261581483733412
CE_MATERIAL:0.531518240061066
CE_KINGSAFETY:0.483516910516158
C_PIECESQUARETABLES:0.496294741596342
C_MOBILITY:0.5165686500731501
C_KINGSAFETY:0.4933710277786006
C_PAWNSTRUCTURE:0.5412005131904528
C_PIECECOORDINATION:0.47519726862025535
C_ROOKANDPAWNMOVEMENT:0.47519726862025535
C_CENTERCONTROL:0.5000673261645789
C_DEVELOPPIECES:0.4726237636717945
C_MATERIAL:0.5010698254018724
C_MOVECOUNT:0.4786139510922582
