ELO:1055
CE_PASSEDPAWNS:0.5
CE_PAWNWEAKNESSES:0.49677715900236685
CE_PIECEACTIVITY:0.5
CE_KINGPAWNSHIELD:0.48738518752199017
CE_PIECECOORDINATION:0.49341182624721874
CE_MATERIAL:0.511033591718466
CE_KINGSAFETY:0.49044093631500957
C_PIECESQUARETABLES:0.4955531504051156
C_MOBILITY:0.5104090407841924
C_KINGSAFETY:0.5008301793451808
C_PAWNSTRUCTURE:0.4883440052180401
C_PIECECOORDINATION:0.4999135212724981
C_ROOKANDPAWNMOVEMENT:0.4999135212724981
C_CENTERCONTROL:0.49710960859590547
C_DEVELOPPIECES:0.5
C_MATERIAL:0.5116716324866228
