ELO:897
CE_PASSEDPAWNS:0.5236069855021589
CE_PAWNWEAKNESSES:0.6071409945901084
CE_PIECEACTIVITY:0.4674190779781066
CE_KINGPAWNSHIELD:0.5210157449124736
CE_PIECECOORDINATION:0.4607129340377554
CE_MATERIAL:0.5020092580645854
CE_KINGSAFETY:0.5000678843413218
C_PIECESQUARETABLES:0.49620391885487
C_MOBILITY:0.5323359462331926
C_KINGSAFETY:0.36588125833062696
C_PAWNSTRUCTURE:0.5501929865374561
C_PIECECOORDINATION:0.5208176691577443
C_ROOKANDPAWNMOVEMENT:0.5208176691577443
C_CENTERCONTROL:0.482085869902159
C_DEVELOPPIECES:0.4439447663866234
C_MATERIAL:0.5127146618632584
