ELO:960
CE_PASSEDPAWNS:0.497865201299459
CE_PAWNWEAKNESSES:0.5145473697176701
CE_PIECEACTIVITY:0.4788920371917877
CE_KINGPAWNSHIELD:0.5129180493739185
CE_PIECECOORDINATION:0.49441831105228995
CE_MATERIAL:0.5201825441235434
CE_KINGSAFETY:0.4961536867138454
C_PIECESQUARETABLES:0.49167477210223687
C_MOBILITY:0.4996729881489924
C_KINGSAFETY:0.5179261016463291
C_PAWNSTRUCTURE:0.48406686016949013
C_PIECECOORDINATION:0.4820556823118827
C_ROOKANDPAWNMOVEMENT:0.4820556823118827
C_CENTERCONTROL:0.5088777346212444
C_DEVELOPPIECES:0.46816215730365485
C_MATERIAL:0.5124249823583896
C_MOVECOUNT:0.5077177208584034
