ELO:988
CE_PASSEDPAWNS:0.4469534363624427
CE_PAWNWEAKNESSES:0.5065418928515936
CE_PIECEACTIVITY:0.5599343490836114
CE_KINGPAWNSHIELD:0.46599499080665197
CE_PIECECOORDINATION:0.4714464441150213
CE_MATERIAL:0.3944795913897005
CE_KINGSAFETY:0.48569214295002344
C_PIECESQUARETABLES:0.5052911154087133
C_MOBILITY:0.446262945810741
C_KINGSAFETY:0.493533281670332
C_PAWNSTRUCTURE:0.5448376435378173
C_PIECECOORDINATION:0.4802779905459717
C_ROOKANDPAWNMOVEMENT:0.4802779905459717
C_CENTERCONTROL:0.4362690708575083
C_DEVELOPPIECES:0.49275876577691563
C_MATERIAL:0.4686155649684313
