ELO:1000
CE_PASSEDPAWNS:0.4994586231442623
CE_PAWNWEAKNESSES:0.4900191835383802
CE_PIECEACTIVITY:0.505157354370765
CE_KINGPAWNSHIELD:0.48131952265918687
CE_PIECECOORDINATION:0.5320373090058835
CE_MATERIAL:0.4645218198457172
CE_KINGSAFETY:0.4922699835046489
C_PIECESQUARETABLES:0.4964266524326026
C_MOBILITY:0.5274762805577345
C_KINGSAFETY:0.4953894108525915
C_PAWNSTRUCTURE:0.5164941591002368
C_PIECECOORDINATION:0.5126442398832965
C_ROOKANDPAWNMOVEMENT:0.5126442398832965
C_CENTERCONTROL:0.49890025873162047
C_DEVELOPPIECES:0.47063351729997954
C_MATERIAL:0.4893792937803305
