ELO:960
CE_PASSEDPAWNS:0.4605347731016162
CE_PAWNWEAKNESSES:0.5485711297387269
CE_PIECEACTIVITY:0.5834100348221389
CE_KINGPAWNSHIELD:0.4782600817858789
CE_PIECECOORDINATION:0.42652258144460303
CE_MATERIAL:0.3964978927037021
CE_KINGSAFETY:0.5121509205650264
C_PIECESQUARETABLES:0.5131645649070946
C_MOBILITY:0.39068525828582595
C_KINGSAFETY:0.5054328280829219
C_PAWNSTRUCTURE:0.5666515343943445
C_PIECECOORDINATION:0.4998111204256869
C_ROOKANDPAWNMOVEMENT:0.4998111204256869
C_CENTERCONTROL:0.3743392086688138
C_DEVELOPPIECES:0.41729921198899045
C_MATERIAL:0.3722296152699409
