ELO:1000
CE_PASSEDPAWNS:0.48510725973290003
CE_PAWNWEAKNESSES:0.49000962406495885
CE_PIECEACTIVITY:0.39949460971934386
CE_KINGPAWNSHIELD:0.5257849890563012
CE_PIECECOORDINATION:0.4571952860066199
CE_MATERIAL:0.5103314091209941
CE_KINGSAFETY:0.5094562036656604
C_PIECESQUARETABLES:0.49441850098043205
C_MOBILITY:0.5259250190672312
C_KINGSAFETY:0.46605522729543225
C_PAWNSTRUCTURE:0.5366620992011346
C_PIECECOORDINATION:0.48972843367991153
C_ROOKANDPAWNMOVEMENT:0.48972843367991153
C_CENTERCONTROL:0.49321871565771586
C_DEVELOPPIECES:0.4886217408309619
C_MATERIAL:0.4365672243847961
