ELO:997
CE_PASSEDPAWNS:0.5026147068293215
CE_PAWNWEAKNESSES:0.45452876766555667
CE_PIECEACTIVITY:0.4801370515053688
CE_KINGPAWNSHIELD:0.48940342227884626
CE_PIECECOORDINATION:0.5100659317703014
CE_MATERIAL:0.4663698346431239
CE_KINGSAFETY:0.5
C_PIECESQUARETABLES:0.5
C_MOBILITY:0.5187970841356156
C_KINGSAFETY:0.5068801504775801
C_PAWNSTRUCTURE:0.4838989639794532
C_PIECECOORDINATION:0.5168420351434051
C_ROOK:0.4942244056475741
CE_ROOK:0.4875252414280208
C_CENTERCONTROL:0.46317219418811734
C_DEVELOPPIECES:0.48837650815113426
C_MATERIAL:0.5462136887491075
C_MOVECOUNT:0.4546882607223462
C_PAWNMOVEMENT:0.5297206060621521
