ELO:855
CE_PASSEDPAWNS:0.5492836024008825
CE_PAWNWEAKNESSES:0.5969060149819901
CE_PIECEACTIVITY:0.48065695004479697
CE_KINGPAWNSHIELD:0.4991911496761452
CE_PIECECOORDINATION:0.40855147080404713
CE_MATERIAL:0.5658222955526727
CE_KINGSAFETY:0.496836374999866
C_PIECESQUARETABLES:0.4812982020940273
C_MOBILITY:0.5765819737014654
C_KINGSAFETY:0.38646739360518
C_PAWNSTRUCTURE:0.5213030406126623
C_PIECECOORDINATION:0.45938291313864177
C_ROOKANDPAWNMOVEMENT:0.45938291313864177
C_CENTERCONTROL:0.5285722726927432
C_DEVELOPPIECES:0.4578156283080749
C_MATERIAL:0.5131562814701272
