ELO:990
CE_PASSEDPAWNS:0.40191674130594796
CE_PAWNWEAKNESSES:0.4449176979510626
CE_PIECEACTIVITY:0.5099595496000452
CE_KINGPAWNSHIELD:0.4969112771905379
CE_PIECECOORDINATION:0.5138962178399454
CE_MATERIAL:0.400610177452818
CE_KINGSAFETY:0.49318739476768486
C_PIECESQUARETABLES:0.5087682728000497
C_MOBILITY:0.5894415093519355
C_KINGSAFETY:0.5601060646073197
C_PAWNSTRUCTURE:0.6329295214013965
C_PIECECOORDINATION:0.6091836746618483
C_ROOKANDPAWNMOVEMENT:0.6091836746618483
C_CENTERCONTROL:0.37729304796932817
C_DEVELOPPIECES:0.559547699791188
C_MATERIAL:0.6201906658387899
