ELO:975
CE_PASSEDPAWNS:0.5
CE_PAWNWEAKNESSES:0.5
CE_PIECEACTIVITY:0.49472986446173545
CE_KINGPAWNSHIELD:0.5082559902088728
CE_PIECECOORDINATION:0.49573921405888355
CE_MATERIAL:0.49816315894700164
CE_KINGSAFETY:0.5025521044870787
C_PIECESQUARETABLES:0.5
C_MOBILITY:0.5265422427238111
C_KINGSAFETY:0.48729036077275245
C_PAWNSTRUCTURE:0.5137204440446687
C_PIECECOORDINATION:0.5205924062294259
C_ROOKANDPAWNMOVEMENT:0.5205924062294259
C_CENTERCONTROL:0.5
C_DEVELOPPIECES:0.5078594717254475
C_MATERIAL:0.5133633509387421
C_MOVECOUNT:0.48842015322144594
