ELO:990
CE_PASSEDPAWNS:0.5368154780610027
CE_PAWNWEAKNESSES:0.4449176979510626
CE_PIECEACTIVITY:0.5099595496000452
CE_KINGPAWNSHIELD:0.5599465954910741
CE_PIECECOORDINATION:0.6117384505837713
CE_MATERIAL:0.401147243037401
CE_KINGSAFETY:0.5
C_PIECESQUARETABLES:0.5055910108175627
C_MOBILITY:0.5894415093519355
C_KINGSAFETY:0.5601060646073197
C_PAWNSTRUCTURE:0.6308515473158441
C_PIECECOORDINATION:0.62513922687327
C_ROOKANDPAWNMOVEMENT:0.62513922687327
C_CENTERCONTROL:0.38048649412723257
C_DEVELOPPIECES:0.5933423053266473
C_MATERIAL:0.5866536899795093
