ELO:1000
CE_PASSEDPAWNS:0.5057762817970148
CE_PAWNWEAKNESSES:0.4915796204836139
CE_PIECEACTIVITY:0.5019358194600109
CE_KINGPAWNSHIELD:0.5
CE_PIECECOORDINATION:0.5010103104015361
CE_MATERIAL:0.5066285995354142
CE_KINGSAFETY:0.5
C_PIECESQUARETABLES:0.5027984617901246
C_MOBILITY:0.48097091701259514
C_KINGSAFETY:0.5214954419478485
C_PAWNSTRUCTURE:0.5
C_PIECECOORDINATION:0.5074988929040444
C_ROOK:0.494191318046228
CE_ROOK:0.5068960912013191
C_CENTERCONTROL:0.48834009020886165
C_DEVELOPPIECES:0.5
C_MATERIAL:0.49415088909367555
C_MOVECOUNT:0.4875337647502383
C_PAWNMOVEMENT:0.5
