ELO:1005
CE_PASSEDPAWNS:0.5044796050536646
CE_PAWNWEAKNESSES:0.49303114442956253
CE_PIECEACTIVITY:0.5116080570137421
CE_KINGPAWNSHIELD:0.5047148551564585
CE_PIECECOORDINATION:0.49523220695064796
CE_MATERIAL:0.5142848928490271
CE_KINGSAFETY:0.5015453600412846
C_PIECESQUARETABLES:0.5
C_MOBILITY:0.5117158661340427
C_KINGSAFETY:0.4887819262772472
C_PAWNSTRUCTURE:0.5249308357716369
C_PIECECOORDINATION:0.48787037814480594
C_ROOKANDPAWNMOVEMENT:0.48787037814480594
C_CENTERCONTROL:0.4960216375070346
C_DEVELOPPIECES:0.48941350551054985
C_MATERIAL:0.5
C_MOVECOUNT:0.5015624099031012
