ELO:990
CE_PASSEDPAWNS:0.38932284593729277
CE_PAWNWEAKNESSES:0.4449176979510626
CE_PIECEACTIVITY:0.5067778106278903
CE_KINGPAWNSHIELD:0.4969112771905379
CE_PIECECOORDINATION:0.6145487211122644
CE_MATERIAL:0.41396548793736365
CE_KINGSAFETY:0.49318739476768486
C_PIECESQUARETABLES:0.5084415657282146
C_MOBILITY:0.6106431556756368
C_KINGSAFETY:0.5699364132155544
C_PAWNSTRUCTURE:0.62436365227218
C_PIECECOORDINATION:0.6169018418945562
C_ROOKANDPAWNMOVEMENT:0.6169018418945562
C_CENTERCONTROL:0.38608198260743726
C_DEVELOPPIECES:0.5473434854963155
C_MATERIAL:0.5970441089496216
