ELO:931
CE_PASSEDPAWNS:0.4829278219043114
CE_PAWNWEAKNESSES:0.5208933398215804
CE_PIECEACTIVITY:0.5749239580194037
CE_KINGPAWNSHIELD:0.4595623254897094
CE_PIECECOORDINATION:0.41876920360982517
CE_MATERIAL:0.36479311041183277
CE_KINGSAFETY:0.4777499773357369
C_PIECESQUARETABLES:0.4979618237918761
C_MOBILITY:0.39773930069885455
C_KINGSAFETY:0.5382136226403726
C_PAWNSTRUCTURE:0.549912536988102
C_PIECECOORDINATION:0.47105234264547674
C_ROOKANDPAWNMOVEMENT:0.47105234264547674
C_CENTERCONTROL:0.3876115369984939
C_DEVELOPPIECES:0.4238061959431161
C_MATERIAL:0.398940467520661
