ELO:1022
CE_PASSEDPAWNS:0.5
CE_PAWNWEAKNESSES:0.5024417288235118
CE_PIECEACTIVITY:0.480810401692599
CE_KINGPAWNSHIELD:0.5
CE_PIECECOORDINATION:0.5
CE_MATERIAL:0.505305562727126
CE_KINGSAFETY:0.48027838694738595
C_PIECESQUARETABLES:0.5058379832182539
C_MOBILITY:0.5081207563924632
C_KINGSAFETY:0.5
C_PAWNSTRUCTURE:0.4853399701038174
C_PIECECOORDINATION:0.5
C_ROOK:0.5010223966706177
CE_ROOK:0.5150200540124852
C_CENTERCONTROL:0.5
C_DEVELOPPIECES:0.48306470273785
C_MATERIAL:0.46939628639371445
C_MOVECOUNT:0.5
C_PAWNMOVEMENT:0.49181045511278765
