ELO:942
CE_PASSEDPAWNS:0.4914455150965042
CE_PAWNWEAKNESSES:0.511904608179349
CE_PIECEACTIVITY:0.4825717860632791
CE_KINGPAWNSHIELD:0.5183185948481931
CE_PIECECOORDINATION:0.48786515501927474
CE_MATERIAL:0.5201825441235434
CE_KINGSAFETY:0.5013428154150259
C_PIECESQUARETABLES:0.5
C_MOBILITY:0.5086054693893197
C_KINGSAFETY:0.5071006158611344
C_PAWNSTRUCTURE:0.47549848882709106
C_PIECECOORDINATION:0.4918854157513793
C_ROOKANDPAWNMOVEMENT:0.4918854157513793
C_CENTERCONTROL:0.5084463778914752
C_DEVELOPPIECES:0.46816215730365485
C_MATERIAL:0.5124249823583896
C_MOVECOUNT:0.5077177208584034
