ELO:1039
CE_PASSEDPAWNS:0.5069273616881883
CE_PAWNWEAKNESSES:0.5195845780122825
CE_PIECEACTIVITY:0.46379129676838704
CE_KINGPAWNSHIELD:0.5171454142827258
CE_PIECECOORDINATION:0.4884853904355054
CE_MATERIAL:0.48691663083786435
CE_KINGSAFETY:0.44755274351487095
C_PIECESQUARETABLES:0.4960803326791136
C_MOBILITY:0.4955327905910525
C_KINGSAFETY:0.4196544061732971
C_PAWNSTRUCTURE:0.5272464335160701
C_PIECECOORDINATION:0.5999716532573657
C_ROOKANDPAWNMOVEMENT:0.5999716532573657
C_CENTERCONTROL:0.46725428671385183
C_DEVELOPPIECES:0.4939259161275603
C_MATERIAL:0.4594198326300601
