ELO:1035
CE_PASSEDPAWNS:0.4837053003267551
CE_PAWNWEAKNESSES:0.5112779314619631
CE_PIECEACTIVITY:0.47907011340525874
CE_KINGPAWNSHIELD:0.4792914016857284
CE_PIECECOORDINATION:0.5171406272205582
CE_MATERIAL:0.4780527585395552
CE_KINGSAFETY:0.5
C_PIECESQUARETABLES:0.5
C_MOBILITY:0.507569516094217
C_KINGSAFETY:0.5073744283588497
C_PAWNSTRUCTURE:0.49700647051795827
C_PIECECOORDINATION:0.529637749746427
C_ROOK:0.4823274963624567
CE_ROOK:0.47507486477495864
C_CENTERCONTROL:0.4964877457508239
C_DEVELOPPIECES:0.5018244956320536
C_MATERIAL:0.4971971897610752
C_MOVECOUNT:0.4733766181712077
C_PAWNMOVEMENT:0.4992795389654028
