ELO:1000
CE_PASSEDPAWNS:0.47875766418628235
CE_PAWNWEAKNESSES:0.49029117574486586
CE_PIECEACTIVITY:0.39949460971934386
CE_KINGPAWNSHIELD:0.5257849890563012
CE_PIECECOORDINATION:0.4581556349100335
CE_MATERIAL:0.49884058949827326
CE_KINGSAFETY:0.5094562036656604
C_PIECESQUARETABLES:0.49441850098043205
C_MOBILITY:0.5259250190672312
C_KINGSAFETY:0.46605522729543225
C_PAWNSTRUCTURE:0.5366620992011346
C_PIECECOORDINATION:0.4941037112299973
C_ROOKANDPAWNMOVEMENT:0.4941037112299973
C_CENTERCONTROL:0.4809728190235591
C_DEVELOPPIECES:0.4981797130477557
C_MATERIAL:0.4365672243847961
