ELO:950
CE_PASSEDPAWNS:0.5058693647361531
CE_PAWNWEAKNESSES:0.48638380271078585
CE_PIECEACTIVITY:0.4934662949674358
CE_KINGPAWNSHIELD:0.4516255944086121
CE_PIECECOORDINATION:0.4852063996030974
CE_MATERIAL:0.5395028305424883
CE_KINGSAFETY:0.5
C_PIECESQUARETABLES:0.5
C_MOBILITY:0.5012250556987944
C_KINGSAFETY:0.5334606540796764
C_PAWNSTRUCTURE:0.4799407372078983
C_PIECECOORDINATION:0.5072787510027456
C_ROOKANDPAWNMOVEMENT:0.5072787510027456
C_CENTERCONTROL:0.6062087373154751
C_DEVELOPPIECES:0.490501647611751
C_MATERIAL:0.549860488537753
C_MOVECOUNT:0.5
