ELO:929
CE_PASSEDPAWNS:0.4767229139558062
CE_PAWNWEAKNESSES:0.5348288169833307
CE_PIECEACTIVITY:0.5824138323434459
CE_KINGPAWNSHIELD:0.4476603110892044
CE_PIECECOORDINATION:0.4245598723525718
CE_MATERIAL:0.36159629715056535
CE_KINGSAFETY:0.4777499773357369
C_PIECESQUARETABLES:0.49422764459688945
C_MOBILITY:0.4046377902481553
C_KINGSAFETY:0.5461029828909835
C_PAWNSTRUCTURE:0.5493444092604985
C_PIECECOORDINATION:0.47034887421295546
C_ROOKANDPAWNMOVEMENT:0.47034887421295546
C_CENTERCONTROL:0.38159730331588665
C_DEVELOPPIECES:0.4238061959431161
C_MATERIAL:0.39817923555049706
