ELO:955
CE_PASSEDPAWNS:0.45143972378193914
CE_PAWNWEAKNESSES:0.5372247329904065
CE_PIECEACTIVITY:0.573304042918627
CE_KINGPAWNSHIELD:0.47883560587741436
CE_PIECECOORDINATION:0.4458263615342383
CE_MATERIAL:0.3787122435111492
CE_KINGSAFETY:0.526690694777266
C_PIECESQUARETABLES:0.5131645649070946
C_MOBILITY:0.4113297442348702
C_KINGSAFETY:0.49472848621159016
C_PAWNSTRUCTURE:0.5713234724763763
C_PIECECOORDINATION:0.48253514035903805
C_ROOKANDPAWNMOVEMENT:0.48253514035903805
C_CENTERCONTROL:0.38584217557430306
C_DEVELOPPIECES:0.42700153032679034
C_MATERIAL:0.3722296152699409
