ELO:956
CE_PASSEDPAWNS:0.48868370679594897
CE_PAWNWEAKNESSES:0.4783741310445907
CE_PIECEACTIVITY:0.4849033194717367
CE_KINGPAWNSHIELD:0.4937199692843888
CE_PIECECOORDINATION:0.49136074999769924
CE_MATERIAL:0.5246332251183294
CE_KINGSAFETY:0.5027873704265957
C_PIECESQUARETABLES:0.5038840498061496
C_MOBILITY:0.5071342765492214
C_KINGSAFETY:0.506149780391639
C_PAWNSTRUCTURE:0.517863431735644
C_PIECECOORDINATION:0.5059718345064332
C_ROOKANDPAWNMOVEMENT:0.5059718345064332
C_CENTERCONTROL:0.5073507389933024
C_DEVELOPPIECES:0.4954281793127
C_MATERIAL:0.5041694046521589
C_MOVECOUNT:0.5
