ELO:1030
CE_PASSEDPAWNS:0.4918693024075597
CE_PAWNWEAKNESSES:0.5
CE_PIECEACTIVITY:0.49774528197449275
CE_KINGPAWNSHIELD:0.4942982512699492
CE_PIECECOORDINATION:0.49508276248518235
CE_MATERIAL:0.5054271062647412
CE_KINGSAFETY:0.5
C_PIECESQUARETABLES:0.5
C_MOBILITY:0.49293119841657435
C_KINGSAFETY:0.5244783218694085
C_PAWNSTRUCTURE:0.5070958756022278
C_PIECECOORDINATION:0.5159423427094448
C_ROOKANDPAWNMOVEMENT:0.5159423427094448
C_CENTERCONTROL:0.5020223756648305
C_DEVELOPPIECES:0.5007677142735136
C_MATERIAL:0.5
C_MOVECOUNT:0.5
