ELO:997
CE_PASSEDPAWNS:0.49238217588289274
CE_PAWNWEAKNESSES:0.4887327117606609
CE_PIECEACTIVITY:0.47717955044882415
CE_KINGPAWNSHIELD:0.5137988155312299
CE_PIECECOORDINATION:0.4809506262625219
CE_MATERIAL:0.4749153726761714
CE_KINGSAFETY:0.488152437764154
C_PIECESQUARETABLES:0.5
C_MOBILITY:0.5028313703939372
C_KINGSAFETY:0.5095283956172021
C_PAWNSTRUCTURE:0.4987890753538381
C_PIECECOORDINATION:0.49045389641612147
C_ROOK:0.5
CE_ROOK:0.4790032333654733
C_CENTERCONTROL:0.521877553065486
C_DEVELOPPIECES:0.5
C_MATERIAL:0.4691752757054801
C_MOVECOUNT:0.4858795196367309
C_PAWNMOVEMENT:0.5140414736723304
