ELO:1000
CE_PASSEDPAWNS:0.5
CE_PAWNWEAKNESSES:0.5
CE_PIECEACTIVITY:0.5
CE_KINGPAWNSHIELD:0.5030124829357616
CE_PIECECOORDINATION:0.5078812182030955
CE_MATERIAL:0.5
CE_KINGSAFETY:0.5078504718533454
C_PIECESQUARETABLES:0.5
C_MOBILITY:0.5133945074135239
C_KINGSAFETY:0.5105524289918932
C_PAWNSTRUCTURE:0.49776975596795314
C_PIECECOORDINATION:0.5150321120132115
C_ROOKANDPAWNMOVEMENT:0.5150321120132115
C_CENTERCONTROL:0.5106203387879507
C_DEVELOPPIECES:0.48807992173097275
C_MATERIAL:0.5
C_MOVECOUNT:0.5
