ELO:974
CE_PASSEDPAWNS:0.4882294741311506
CE_PAWNWEAKNESSES:0.4553008029673239
CE_PIECEACTIVITY:0.5017174327322741
CE_KINGPAWNSHIELD:0.5173617931637818
CE_PIECECOORDINATION:0.5143621151532964
CE_MATERIAL:0.509773033062491
CE_KINGSAFETY:0.5021418484643686
C_PIECESQUARETABLES:0.5
C_MOBILITY:0.5085335202291681
C_KINGSAFETY:0.5223105102660069
C_PAWNSTRUCTURE:0.47918332653388335
C_PIECECOORDINATION:0.5295345180309239
C_ROOK:0.5297210892489224
CE_ROOK:0.487988829614056
C_CENTERCONTROL:0.48992855874121416
C_DEVELOPPIECES:0.5181817617670785
C_MATERIAL:0.521620934607245
C_MOVECOUNT:0.4894819112702742
C_PAWNMOVEMENT:0.5297206060621521
