ELO:1037
CE_PASSEDPAWNS:0.4931628573231589
CE_PAWNWEAKNESSES:0.4952642204331886
CE_PIECEACTIVITY:0.5053009635435445
CE_KINGPAWNSHIELD:0.5103101742964373
CE_PIECECOORDINATION:0.5
CE_MATERIAL:0.5
CE_KINGSAFETY:0.5
C_PIECESQUARETABLES:0.499646904956183
C_MOBILITY:0.5
C_KINGSAFETY:0.495627141206657
C_PAWNSTRUCTURE:0.5059159637712662
C_PIECECOORDINATION:0.5
C_ROOKANDPAWNMOVEMENT:0.5
C_CENTERCONTROL:0.5041287127625484
C_DEVELOPPIECES:0.5115221126113145
C_MATERIAL:0.48957008413017855
C_MOVECOUNT:0.5
