ELO:1000
CE_PASSEDPAWNS:0.5057762817970148
CE_PAWNWEAKNESSES:0.5
CE_PIECEACTIVITY:0.5052317956896397
CE_KINGPAWNSHIELD:0.5
CE_PIECECOORDINATION:0.5010103104015361
CE_MATERIAL:0.5066285995354142
CE_KINGSAFETY:0.5
C_PIECESQUARETABLES:0.5
C_MOBILITY:0.4887640390768254
C_KINGSAFETY:0.513148467608764
C_PAWNSTRUCTURE:0.5
C_PIECECOORDINATION:0.5074988929040444
C_ROOK:0.5
CE_ROOK:0.49844015345980236
C_CENTERCONTROL:0.5
C_DEVELOPPIECES:0.5
C_MATERIAL:0.5005905924780499
C_MOVECOUNT:0.4875337647502383
C_PAWNMOVEMENT:0.5
