ELO:1000
CE_PASSEDPAWNS:0.49165091621881124
CE_PAWNWEAKNESSES:0.49720985238967386
CE_PIECEACTIVITY:0.5065739336163408
CE_KINGPAWNSHIELD:0.5
CE_PIECECOORDINATION:0.4951651941116961
CE_MATERIAL:0.5
CE_KINGSAFETY:0.5
C_PIECESQUARETABLES:0.5
C_MOBILITY:0.508800737585448
C_KINGSAFETY:0.5110038533896404
C_PAWNSTRUCTURE:0.5060249685455427
C_PIECECOORDINATION:0.499515757118333
C_ROOKANDPAWNMOVEMENT:0.499515757118333
C_CENTERCONTROL:0.49742917901195727
C_DEVELOPPIECES:0.48858525512753537
C_MATERIAL:0.4832427892799242
