ELO:994
CE_PASSEDPAWNS:0.5
CE_PAWNWEAKNESSES:0.496935432999772
CE_PIECEACTIVITY:0.48226782257272016
CE_KINGPAWNSHIELD:0.491808772964203
CE_PIECECOORDINATION:0.48902096435378456
CE_MATERIAL:0.4975709377001249
CE_KINGSAFETY:0.4913783688974356
C_PIECESQUARETABLES:0.5
C_MOBILITY:0.5
C_KINGSAFETY:0.4976834095954805
C_PAWNSTRUCTURE:0.5
C_PIECECOORDINATION:0.5000484521130465
C_ROOKANDPAWNMOVEMENT:0.5000484521130465
C_CENTERCONTROL:0.499379428810502
C_DEVELOPPIECES:0.5
C_MATERIAL:0.5039326525904423
