ELO:729
CE_PASSEDPAWNS:0.5247751219679095
CE_PAWNWEAKNESSES:0.48732407751760093
CE_PIECEACTIVITY:0.5892993342774364
CE_KINGPAWNSHIELD:0.4441664883152538
CE_PIECECOORDINATION:0.4641921456656312
CE_MATERIAL:0.4647320033232617
CE_KINGSAFETY:0.4935421451287975
C_PIECESQUARETABLES:0.4929924406549924
C_MOBILITY:0.6188627229809368
C_KINGSAFETY:0.5219449919734382
C_PAWNSTRUCTURE:0.5446440579313842
C_PIECECOORDINATION:0.4810958608685536
C_ROOKANDPAWNMOVEMENT:0.4810958608685536
C_CENTERCONTROL:0.42752008456858664
C_DEVELOPPIECES:0.5113907192228074
C_MATERIAL:0.398950697105345
C_MOVECOUNT:0.5
