ELO:898
CE_PASSEDPAWNS:0.4213351085010905
CE_PAWNWEAKNESSES:0.5187051606178006
CE_PIECEACTIVITY:0.44773326889617054
CE_KINGPAWNSHIELD:0.5990913749422861
CE_PIECECOORDINATION:0.6516401684540079
CE_MATERIAL:0.4561982355952012
CE_KINGSAFETY:0.4840157173697051
C_PIECESQUARETABLES:0.5367721595267854
C_MOBILITY:0.4562149304444768
C_KINGSAFETY:0.4973018877835863
C_PAWNSTRUCTURE:0.4860867888216679
C_PIECECOORDINATION:0.5235686672016026
C_ROOKANDPAWNMOVEMENT:0.5235686672016026
C_CENTERCONTROL:0.5194305845038713
C_DEVELOPPIECES:0.4749617304633335
C_MATERIAL:0.5762070724995961
