ELO:1000
CE_PASSEDPAWNS:0.45300702509638324
CE_PAWNWEAKNESSES:0.475079261949926
CE_PIECEACTIVITY:0.5313088154983843
CE_KINGPAWNSHIELD:0.5161347804368467
CE_PIECECOORDINATION:0.47894297625141524
CE_MATERIAL:0.5319673530485421
CE_KINGSAFETY:0.5101578642144887
C_PIECESQUARETABLES:0.5037723669033428
C_MOBILITY:0.4746852316294371
C_KINGSAFETY:0.510066204116973
C_PAWNSTRUCTURE:0.46415101238678186
C_PIECECOORDINATION:0.5089707964784401
C_ROOKANDPAWNMOVEMENT:0.5089707964784401
C_CENTERCONTROL:0.4977617954326536
C_DEVELOPPIECES:0.49976679546924857
C_MATERIAL:0.46083682701420514
