ELO:1041
CE_PASSEDPAWNS:0.49864766882081135
CE_PAWNWEAKNESSES:0.5077476394669486
CE_PIECEACTIVITY:0.5
CE_KINGPAWNSHIELD:0.5147136031239403
CE_PIECECOORDINATION:0.5119369793867468
CE_MATERIAL:0.48566490543418434
CE_KINGSAFETY:0.49019921454525794
C_PIECESQUARETABLES:0.4976420231069016
C_MOBILITY:0.5
C_KINGSAFETY:0.4918099918766411
C_PAWNSTRUCTURE:0.49669390994795604
C_PIECECOORDINATION:0.49961403875679955
C_ROOKANDPAWNMOVEMENT:0.49961403875679955
C_CENTERCONTROL:0.49847714210261423
C_DEVELOPPIECES:0.4796328968993108
C_MATERIAL:0.5024923738553295
C_MOVECOUNT:0.5
