ELO:1000
CE_PASSEDPAWNS:0.45300702509638324
CE_PAWNWEAKNESSES:0.47612606457147233
CE_PIECEACTIVITY:0.48219302919918355
CE_KINGPAWNSHIELD:0.5168766961135167
CE_PIECECOORDINATION:0.4702327525244519
CE_MATERIAL:0.5384548924909898
CE_KINGSAFETY:0.5072383098159082
C_PIECESQUARETABLES:0.5037723669033428
C_MOBILITY:0.47614068735052856
C_KINGSAFETY:0.5254068417203183
C_PAWNSTRUCTURE:0.459537111135852
C_PIECECOORDINATION:0.5089707964784401
C_ROOKANDPAWNMOVEMENT:0.5089707964784401
C_CENTERCONTROL:0.4982426532060983
C_DEVELOPPIECES:0.49976679546924857
C_MATERIAL:0.45580212623709954
