ELO:955
CE_PASSEDPAWNS:0.5054312636403757
CE_PAWNWEAKNESSES:0.5130423959243767
CE_PIECEACTIVITY:0.46904387637938927
CE_KINGPAWNSHIELD:0.48750932461515484
CE_PIECECOORDINATION:0.4731405756102575
CE_MATERIAL:0.5120463421668559
CE_KINGSAFETY:0.4947674697727174
C_PIECESQUARETABLES:0.5
C_MOBILITY:0.5090704218456431
C_KINGSAFETY:0.5012055015738024
C_PAWNSTRUCTURE:0.49530636736606615
C_PIECECOORDINATION:0.49665962656074114
C_ROOK:0.46672532165612707
CE_ROOK:0.5008348227246333
C_CENTERCONTROL:0.49916896602981686
C_DEVELOPPIECES:0.49167065106483704
C_MATERIAL:0.5178622537045818
C_MOVECOUNT:0.4869199405453595
C_PAWNMOVEMENT:0.5119357924219032
