ELO:1000
CE_PASSEDPAWNS:0.4887311701596867
CE_PAWNWEAKNESSES:0.5002165349446958
CE_PIECEACTIVITY:0.48160680797862165
CE_KINGPAWNSHIELD:0.5281011028012007
CE_PIECECOORDINATION:0.5279072518809688
CE_MATERIAL:0.4152744241836954
CE_KINGSAFETY:0.4744233373413225
C_PIECESQUARETABLES:0.49434004661939224
C_MOBILITY:0.47324229013804986
C_KINGSAFETY:0.5324165461801876
C_PAWNSTRUCTURE:0.49529007801873587
C_PIECECOORDINATION:0.45628624749644997
C_ROOKANDPAWNMOVEMENT:0.45628624749644997
C_CENTERCONTROL:0.5373753971633326
C_DEVELOPPIECES:0.4923618096234296
C_MATERIAL:0.5332076743790585
