ELO:906
CE_PASSEDPAWNS:0.4921990949139688
CE_PAWNWEAKNESSES:0.5092495666623786
CE_PIECEACTIVITY:0.46993200578039673
CE_KINGPAWNSHIELD:0.48759885672666586
CE_PIECECOORDINATION:0.4589339201872734
CE_MATERIAL:0.545275431715529
CE_KINGSAFETY:0.5045351099101346
C_PIECESQUARETABLES:0.4957751553756262
C_MOBILITY:0.5240873226500762
C_KINGSAFETY:0.47655953715651467
C_PAWNSTRUCTURE:0.5135066617005003
C_PIECECOORDINATION:0.45273953980663756
C_ROOK:0.4673068488944427
CE_ROOK:0.5103305380423298
C_CENTERCONTROL:0.5241415996718617
C_DEVELOPPIECES:0.46836760679337874
C_MATERIAL:0.5318957741363092
C_MOVECOUNT:0.5122755520821325
C_PAWNMOVEMENT:0.5185631592901754
