ELO:1000
CE_PASSEDPAWNS:0.49983837670281084
CE_PAWNWEAKNESSES:0.5164901463332073
CE_PIECEACTIVITY:0.4728830593088668
CE_KINGPAWNSHIELD:0.4917746831411562
CE_PIECECOORDINATION:0.5117815163654277
CE_MATERIAL:0.47128969487227157
CE_KINGSAFETY:0.5038525441531638
C_PIECESQUARETABLES:0.504819364875333
C_MOBILITY:0.49804675681272675
C_KINGSAFETY:0.5283927231511497
C_PAWNSTRUCTURE:0.49661218159273973
C_PIECECOORDINATION:0.4979719585954689
C_ROOKANDPAWNMOVEMENT:0.4979719585954689
C_CENTERCONTROL:0.49736315783739604
C_DEVELOPPIECES:0.47737170640151205
C_MATERIAL:0.5393107708038852
