ELO:976
CE_PASSEDPAWNS:0.4997942455438138
CE_PAWNWEAKNESSES:0.5
CE_PIECEACTIVITY:0.4952910671370907
CE_KINGPAWNSHIELD:0.5
CE_PIECECOORDINATION:0.4897461463980262
CE_MATERIAL:0.4914699337370329
CE_KINGSAFETY:0.49796859136896066
C_PIECESQUARETABLES:0.5
C_MOBILITY:0.5
C_KINGSAFETY:0.506642229919864
C_PAWNSTRUCTURE:0.5
C_PIECECOORDINATION:0.5
C_ROOKANDPAWNMOVEMENT:0.5
C_CENTERCONTROL:0.5051985012319375
C_DEVELOPPIECES:0.5097628502229757
C_MATERIAL:0.5
C_MOVECOUNT:0.5
