ELO:803
CE_PASSEDPAWNS:0.4514753262296391
CE_PAWNWEAKNESSES:0.5078892374267906
CE_PIECEACTIVITY:0.5034641039597306
CE_KINGPAWNSHIELD:0.44550533407040754
CE_PIECECOORDINATION:0.5012001207700127
CE_MATERIAL:0.5230880155836766
CE_KINGSAFETY:0.5090705137609765
C_PIECESQUARETABLES:0.5177329499226018
C_MOBILITY:0.458667789626366
C_KINGSAFETY:0.47354722822111844
C_PAWNSTRUCTURE:0.5495093245851237
C_PIECECOORDINATION:0.4980059202107488
C_ROOKANDPAWNMOVEMENT:0.4980059202107488
C_CENTERCONTROL:0.39056503274134796
C_DEVELOPPIECES:0.5172722645756747
C_MATERIAL:0.4342132567091367
C_MOVECOUNT:0.5
