ELO:999
CE_PASSEDPAWNS:0.47464096567716385
CE_PAWNWEAKNESSES:0.48575407307439034
CE_PIECEACTIVITY:0.4886468778375818
CE_KINGPAWNSHIELD:0.5315050757921189
CE_PIECECOORDINATION:0.5083224036475228
CE_MATERIAL:0.4112335091626045
CE_KINGSAFETY:0.4881254502885638
C_PIECESQUARETABLES:0.4944852544938615
C_MOBILITY:0.4918506847700624
C_KINGSAFETY:0.510999048786933
C_PAWNSTRUCTURE:0.48315811832865796
C_PIECECOORDINATION:0.4747299520188196
C_ROOKANDPAWNMOVEMENT:0.4747299520188196
C_CENTERCONTROL:0.5552451668410447
C_DEVELOPPIECES:0.49101471338060415
C_MATERIAL:0.520416464297736
