ELO:981
CE_PASSEDPAWNS:0.5054312636403757
CE_PAWNWEAKNESSES:0.5022648930474983
CE_PIECEACTIVITY:0.46904387637938927
CE_KINGPAWNSHIELD:0.4991199005498859
CE_PIECECOORDINATION:0.4731405756102575
CE_MATERIAL:0.5187438368463131
CE_KINGSAFETY:0.48820611926970836
C_PIECESQUARETABLES:0.4885780392957076
C_MOBILITY:0.5090704218456431
C_KINGSAFETY:0.5022921883145951
C_PAWNSTRUCTURE:0.49842763572325666
C_PIECECOORDINATION:0.4946036997780563
C_ROOK:0.47538895176886165
CE_ROOK:0.5104141160024265
C_CENTERCONTROL:0.49916896602981686
C_DEVELOPPIECES:0.49167065106483704
C_MATERIAL:0.5267925983579304
C_MOVECOUNT:0.4931965493642967
C_PAWNMOVEMENT:0.5046357881425065
