ELO:932
CE_PASSEDPAWNS:0.48037389355197757
CE_PAWNWEAKNESSES:0.5113005738918976
CE_PIECEACTIVITY:0.4669385039974193
CE_KINGPAWNSHIELD:0.4753148856739055
CE_PIECECOORDINATION:0.43770123480062545
CE_MATERIAL:0.497514784636685
CE_KINGSAFETY:0.5
C_PIECESQUARETABLES:0.5
C_MOBILITY:0.5257505863729858
C_KINGSAFETY:0.47032637784918374
C_PAWNSTRUCTURE:0.5036116029089968
C_PIECECOORDINATION:0.45851335755859696
C_ROOK:0.5014563377638864
CE_ROOK:0.5025577707278785
C_CENTERCONTROL:0.5328131848978355
C_DEVELOPPIECES:0.46836760679337874
C_MATERIAL:0.5277666783220616
C_MOVECOUNT:0.49189679644427337
C_PAWNMOVEMENT:0.5159543345591392
