ELO:988
CE_PASSEDPAWNS:0.49517120016438854
CE_PAWNWEAKNESSES:0.5192409969354105
CE_PIECEACTIVITY:0.48764136252024887
CE_KINGPAWNSHIELD:0.5080270651655706
CE_PIECECOORDINATION:0.506751134641184
CE_MATERIAL:0.5148460920039813
CE_KINGSAFETY:0.4919725548780783
C_PIECESQUARETABLES:0.5019500462259504
C_MOBILITY:0.5001628059294317
C_KINGSAFETY:0.5
C_PAWNSTRUCTURE:0.5170863107158039
C_PIECECOORDINATION:0.5159423427094448
C_ROOKANDPAWNMOVEMENT:0.5159423427094448
C_CENTERCONTROL:0.5
C_DEVELOPPIECES:0.48634248808287794
C_MATERIAL:0.48964093829172595
C_MOVECOUNT:0.5
