ELO:1095
CE_PASSEDPAWNS:0.442778421640529
CE_PAWNWEAKNESSES:0.44640645663856104
CE_PIECEACTIVITY:0.49609172222505954
CE_KINGPAWNSHIELD:0.486862812016033
CE_PIECECOORDINATION:0.5739173068080335
CE_MATERIAL:0.3963786524687434
CE_KINGSAFETY:0.5
C_PIECESQUARETABLES:0.504687046190331
C_MOBILITY:0.4176237098386399
C_KINGSAFETY:0.6309540800969917
C_PAWNSTRUCTURE:0.4219762241535039
C_PIECECOORDINATION:0.505199307928276
C_ROOKANDPAWNMOVEMENT:0.505199307928276
C_CENTERCONTROL:0.5087117846587742
C_DEVELOPPIECES:0.464302331748555
C_MATERIAL:0.4048390431688749
