ELO:966
CE_PASSEDPAWNS:0.46642551222685885
CE_PAWNWEAKNESSES:0.4424396056847641
CE_PIECEACTIVITY:0.5209643006187108
CE_KINGPAWNSHIELD:0.6337653080038703
CE_PIECECOORDINATION:0.4286050837416202
CE_MATERIAL:0.49372063788016607
CE_KINGSAFETY:0.5559988454993703
C_PIECESQUARETABLES:0.5343522998782283
C_MOBILITY:0.5218353510989872
C_KINGSAFETY:0.5450124954134471
C_PAWNSTRUCTURE:0.4441996690118959
C_PIECECOORDINATION:0.5032558397195951
C_ROOKANDPAWNMOVEMENT:0.5032558397195951
C_CENTERCONTROL:0.4982958179497083
C_DEVELOPPIECES:0.569719340111331
C_MATERIAL:0.40097390892996926
