ELO:968
CE_PASSEDPAWNS:0.5054312636403757
CE_PAWNWEAKNESSES:0.5022648930474983
CE_PIECEACTIVITY:0.46904387637938927
CE_KINGPAWNSHIELD:0.4991199005498859
CE_PIECECOORDINATION:0.4731405756102575
CE_MATERIAL:0.5120463421668559
CE_KINGSAFETY:0.5
C_PIECESQUARETABLES:0.5
C_MOBILITY:0.5090704218456431
C_KINGSAFETY:0.5012055015738024
C_PAWNSTRUCTURE:0.4957783308415651
C_PIECECOORDINATION:0.4951700247667133
C_ROOK:0.46672532165612707
CE_ROOK:0.5104141160024265
C_CENTERCONTROL:0.49916896602981686
C_DEVELOPPIECES:0.49167065106483704
C_MATERIAL:0.5178622537045818
C_MOVECOUNT:0.4931965493642967
C_PAWNMOVEMENT:0.5119357924219032
