ELO:1000
CE_PASSEDPAWNS:0.4211616266404993
CE_PAWNWEAKNESSES:0.4537300629975617
CE_PIECEACTIVITY:0.4918667334106208
CE_KINGPAWNSHIELD:0.5515809582742194
CE_PIECECOORDINATION:0.4279230996114324
CE_MATERIAL:0.5164776485170294
CE_KINGSAFETY:0.512586523285179
C_PIECESQUARETABLES:0.47413093083970625
C_MOBILITY:0.4829188145599692
C_KINGSAFETY:0.5474134514279997
C_PAWNSTRUCTURE:0.4552806291370006
C_PIECECOORDINATION:0.4897048481276194
C_ROOKANDPAWNMOVEMENT:0.4897048481276194
C_CENTERCONTROL:0.47999901906575027
C_DEVELOPPIECES:0.5310613166369116
C_MATERIAL:0.45085894295372086
