ELO:939
CE_PASSEDPAWNS:0.5080849471196837
CE_PAWNWEAKNESSES:0.5157275319246153
CE_PIECEACTIVITY:0.4746410947342081
CE_KINGPAWNSHIELD:0.5124259574314066
CE_PIECECOORDINATION:0.4645403728257167
CE_MATERIAL:0.5279611722656933
CE_KINGSAFETY:0.49848516215239913
C_PIECESQUARETABLES:0.4802768997685425
C_MOBILITY:0.5166048366987473
C_KINGSAFETY:0.4837041572054893
C_PAWNSTRUCTURE:0.49547315945811404
C_PIECECOORDINATION:0.48664837443243697
C_ROOK:0.4724660835453782
CE_ROOK:0.5017691648035951
C_CENTERCONTROL:0.4958744004215453
C_DEVELOPPIECES:0.4659617484987379
C_MATERIAL:0.5075454119731048
C_MOVECOUNT:0.49096211585720906
C_PAWNMOVEMENT:0.49772952471784326
