ELO:732
CE_PASSEDPAWNS:0.47837475532778684
CE_PAWNWEAKNESSES:0.46961263989871627
CE_PIECEACTIVITY:0.6088023841807487
CE_KINGPAWNSHIELD:0.46435648195050894
CE_PIECECOORDINATION:0.43862231486976105
CE_MATERIAL:0.45896465680995896
CE_KINGSAFETY:0.5058105678615852
C_PIECESQUARETABLES:0.48959714281134775
C_MOBILITY:0.6137726052685627
C_KINGSAFETY:0.5386196940599635
C_PAWNSTRUCTURE:0.5672529222129096
C_PIECECOORDINATION:0.5092856284106827
C_ROOKANDPAWNMOVEMENT:0.5092856284106827
C_CENTERCONTROL:0.47050132584595156
C_DEVELOPPIECES:0.5099400476988576
C_MATERIAL:0.39958758802789984
C_MOVECOUNT:0.5273429599158914
