ELO:1000
CE_PASSEDPAWNS:0.4957863802779516
CE_PAWNWEAKNESSES:0.5089335796494793
CE_PIECEACTIVITY:0.4914685623712261
CE_KINGPAWNSHIELD:0.5022429938707414
CE_PIECECOORDINATION:0.5052493558285361
CE_MATERIAL:0.4782580829752318
CE_KINGSAFETY:0.5167998957393288
C_PIECESQUARETABLES:0.49891964350706214
C_MOBILITY:0.4942403090084598
C_KINGSAFETY:0.49528911997238184
C_PAWNSTRUCTURE:0.5031826296830403
C_PIECECOORDINATION:0.4803618260053868
C_ROOKANDPAWNMOVEMENT:0.4803618260053868
C_CENTERCONTROL:0.509541479812005
C_DEVELOPPIECES:0.47737170640151205
C_MATERIAL:0.5177662218067934
