ELO:797
CE_PASSEDPAWNS:0.4615501336286748
CE_PAWNWEAKNESSES:0.5010111997949603
CE_PIECEACTIVITY:0.5078885769227646
CE_KINGPAWNSHIELD:0.4471628006345104
CE_PIECECOORDINATION:0.5074121138596519
CE_MATERIAL:0.5465264714243665
CE_KINGSAFETY:0.49774177929669733
C_PIECESQUARETABLES:0.54846209427011
C_MOBILITY:0.45890211832678957
C_KINGSAFETY:0.4841387412950706
C_PAWNSTRUCTURE:0.5612606514758811
C_PIECECOORDINATION:0.5244028258890651
C_ROOKANDPAWNMOVEMENT:0.5244028258890651
C_CENTERCONTROL:0.3778284678130795
C_DEVELOPPIECES:0.5373133028845294
C_MATERIAL:0.4249937047968964
C_MOVECOUNT:0.5
