ELO:993
CE_PASSEDPAWNS:0.5163593132073219
CE_PAWNWEAKNESSES:0.5150151452171983
CE_PIECEACTIVITY:0.5077865430981827
CE_KINGPAWNSHIELD:0.5065725328226365
CE_PIECECOORDINATION:0.48328534853140315
CE_MATERIAL:0.47816265388259094
CE_KINGSAFETY:0.5
C_PIECESQUARETABLES:0.4973966370305907
C_MOBILITY:0.5213028839726864
C_KINGSAFETY:0.48931839011677203
C_PAWNSTRUCTURE:0.5008507382629245
C_PIECECOORDINATION:0.52826013153727
C_ROOKANDPAWNMOVEMENT:0.52826013153727
C_CENTERCONTROL:0.5133034462765149
C_DEVELOPPIECES:0.49182620126277016
C_MATERIAL:0.49175245711108695
C_MOVECOUNT:0.5192167208384221
