ELO:972
CE_PASSEDPAWNS:0.4733204381858152
CE_PAWNWEAKNESSES:0.449042683647222
CE_PIECEACTIVITY:0.4985793725907881
CE_KINGPAWNSHIELD:0.5915647793618976
CE_PIECECOORDINATION:0.44352939629478716
CE_MATERIAL:0.5124345433395495
CE_KINGSAFETY:0.5314249949149491
C_PIECESQUARETABLES:0.5275662635924164
C_MOBILITY:0.5238450033284783
C_KINGSAFETY:0.521215260907666
C_PAWNSTRUCTURE:0.4333651751341466
C_PIECECOORDINATION:0.46578960928312335
C_ROOKANDPAWNMOVEMENT:0.46578960928312335
C_CENTERCONTROL:0.502456345957584
C_DEVELOPPIECES:0.5469361223557845
C_MATERIAL:0.4334782005169096
