ELO:1000
CE_PASSEDPAWNS:0.4328909664517762
CE_PAWNWEAKNESSES:0.44432217910383515
CE_PIECEACTIVITY:0.48738338897412536
CE_KINGPAWNSHIELD:0.5357914532068663
CE_PIECECOORDINATION:0.45814356995078
CE_MATERIAL:0.5308669452547702
CE_KINGSAFETY:0.5067112172347552
C_PIECESQUARETABLES:0.48997843409482106
C_MOBILITY:0.4857309369501147
C_KINGSAFETY:0.5264106291355906
C_PAWNSTRUCTURE:0.46939875557962163
C_PIECECOORDINATION:0.490450137841751
C_ROOKANDPAWNMOVEMENT:0.490450137841751
C_CENTERCONTROL:0.4889850446001507
C_DEVELOPPIECES:0.5243553106136976
C_MATERIAL:0.44669183479144847
