ELO:984
CE_PASSEDPAWNS:0.49772923444179873
CE_PAWNWEAKNESSES:0.5105228060487785
CE_PIECEACTIVITY:0.491990290594712
CE_KINGPAWNSHIELD:0.48726401330159386
CE_PIECECOORDINATION:0.5175802070936888
CE_MATERIAL:0.5
CE_KINGSAFETY:0.5019299152809595
C_PIECESQUARETABLES:0.4980023796202107
C_MOBILITY:0.49654999549821405
C_KINGSAFETY:0.5
C_PAWNSTRUCTURE:0.5089991233266093
C_PIECECOORDINATION:0.5
C_ROOKANDPAWNMOVEMENT:0.5
C_CENTERCONTROL:0.5017976035231817
C_DEVELOPPIECES:0.49745146226699577
C_MATERIAL:0.5096832150829231
