ELO:1000
CE_PASSEDPAWNS:0.5010959760484384
CE_PAWNWEAKNESSES:0.48990578265902357
CE_PIECEACTIVITY:0.5
CE_KINGPAWNSHIELD:0.5
CE_PIECECOORDINATION:0.5
CE_MATERIAL:0.5
CE_KINGSAFETY:0.5
C_PIECESQUARETABLES:0.5101017234691811
C_MOBILITY:0.5
C_KINGSAFETY:0.4964374631540554
C_PAWNSTRUCTURE:0.5
C_PIECECOORDINATION:0.5
C_ROOKANDPAWNMOVEMENT:0.5
C_CENTERCONTROL:0.5
C_DEVELOPPIECES:0.4850044256617911
C_MATERIAL:0.5
