ELO:973
CE_PASSEDPAWNS:0.5139104326409755
CE_PAWNWEAKNESSES:0.49265019246486025
CE_PIECEACTIVITY:0.4952910671370907
CE_KINGPAWNSHIELD:0.5041985481551411
CE_PIECECOORDINATION:0.49280299826003576
CE_MATERIAL:0.5086370479491669
CE_KINGSAFETY:0.48623119998172243
C_PIECESQUARETABLES:0.4987350430346062
C_MOBILITY:0.5118560574731003
C_KINGSAFETY:0.5150817021252349
C_PAWNSTRUCTURE:0.5
C_PIECECOORDINATION:0.5079886435595605
C_ROOKANDPAWNMOVEMENT:0.5079886435595605
C_CENTERCONTROL:0.506029794968227
C_DEVELOPPIECES:0.5088987602467734
C_MATERIAL:0.5
C_MOVECOUNT:0.49055838552635406
