ELO:746
CE_PASSEDPAWNS:0.48017801285250744
CE_PAWNWEAKNESSES:0.4801920662500998
CE_PIECEACTIVITY:0.6043210948893528
CE_KINGPAWNSHIELD:0.44991656900154325
CE_PIECECOORDINATION:0.43920957865098065
CE_MATERIAL:0.46691180498294815
CE_KINGSAFETY:0.5000767773440993
C_PIECESQUARETABLES:0.4981629744174398
C_MOBILITY:0.6277242799740926
C_KINGSAFETY:0.5376101919671397
C_PAWNSTRUCTURE:0.5548576375052399
C_PIECECOORDINATION:0.5034037067370761
C_ROOKANDPAWNMOVEMENT:0.5034037067370761
C_CENTERCONTROL:0.47766330062716056
C_DEVELOPPIECES:0.5099400476988576
C_MATERIAL:0.3905819802705537
C_MOVECOUNT:0.5197579233944717
