ELO:764
CE_PASSEDPAWNS:0.4468647892066019
CE_PAWNWEAKNESSES:0.5920480681513082
CE_PIECEACTIVITY:0.38225316052559016
CE_KINGPAWNSHIELD:0.46509980890043073
CE_PIECECOORDINATION:0.6422800558674449
CE_MATERIAL:0.5191549901191903
CE_KINGSAFETY:0.48960811639734714
C_PIECESQUARETABLES:0.5226283294067255
C_MOBILITY:0.5384362346859627
C_KINGSAFETY:0.4111513309575807
C_PAWNSTRUCTURE:0.36139564269769864
C_PIECECOORDINATION:0.5176019677467133
C_ROOKANDPAWNMOVEMENT:0.5176019677467133
C_CENTERCONTROL:0.5484241451270682
C_DEVELOPPIECES:0.4535846169119083
C_MATERIAL:0.40026440827497206
C_MOVECOUNT:0.5397817451834157
