ELO:1000
CE_PASSEDPAWNS:0.5028779318148409
CE_PAWNWEAKNESSES:0.49692942307217625
CE_PIECEACTIVITY:0.5058579988704448
CE_KINGPAWNSHIELD:0.5148764653804149
CE_PIECECOORDINATION:0.511737197789625
CE_MATERIAL:0.5016638183535516
CE_KINGSAFETY:0.4734720860440828
C_PIECESQUARETABLES:0.4859616737410206
C_MOBILITY:0.4967861122664679
C_KINGSAFETY:0.49418790658415773
C_PAWNSTRUCTURE:0.498616127873087
C_PIECECOORDINATION:0.49218492034148575
C_ROOKANDPAWNMOVEMENT:0.49218492034148575
C_CENTERCONTROL:0.5099594846401967
C_DEVELOPPIECES:0.4903933091455978
C_MATERIAL:0.5182056765539552
