ELO:1000
CE_PASSEDPAWNS:0.5
CE_PAWNWEAKNESSES:0.5
CE_PIECEACTIVITY:0.5
CE_KINGPAWNSHIELD:0.5
CE_PIECECOORDINATION:0.5
CE_MATERIAL:0.5
CE_KINGSAFETY:0.5
C_PIECESQUARETABLES:0.5
C_MOBILITY:0.5004299786093691
C_KINGSAFETY:0.50202320321282
C_PAWNSTRUCTURE:0.5
C_PIECECOORDINATION:0.49808586831279844
C_ROOK:0.5
CE_ROOK:0.5039336882385527
C_CENTERCONTROL:0.5
C_DEVELOPPIECES:0.5
C_MATERIAL:0.5052569663422449
C_MOVECOUNT:0.5
C_PAWNMOVEMENT:0.5
