ELO:854
CE_PASSEDPAWNS:0.419966525043642
CE_PAWNWEAKNESSES:0.4984768680906028
CE_PIECEACTIVITY:0.43397149372534927
CE_KINGPAWNSHIELD:0.6465725881417184
CE_PIECECOORDINATION:0.6586272880313941
CE_MATERIAL:0.5007487638450123
CE_KINGSAFETY:0.48357373367533546
C_PIECESQUARETABLES:0.517264196279457
C_MOBILITY:0.5036963165542063
C_KINGSAFETY:0.5460683264687406
C_PAWNSTRUCTURE:0.49796777063582476
C_PIECECOORDINATION:0.5172993111474192
C_ROOKANDPAWNMOVEMENT:0.5172993111474192
C_CENTERCONTROL:0.5359400840568752
C_DEVELOPPIECES:0.4821214007389951
C_MATERIAL:0.5467226430501068
