ELO:987
CE_PASSEDPAWNS:0.505357858840509
CE_PAWNWEAKNESSES:0.5118026170974865
CE_PIECEACTIVITY:0.49571178419959017
CE_KINGPAWNSHIELD:0.4988521621036343
CE_PIECECOORDINATION:0.5012723039435474
CE_MATERIAL:0.5040825805304385
CE_KINGSAFETY:0.49253231260813574
C_PIECESQUARETABLES:0.510405690403412
C_MOBILITY:0.4896158185249792
C_KINGSAFETY:0.5098920044822199
C_PAWNSTRUCTURE:0.5445031723142286
C_PIECECOORDINATION:0.4994454310401079
C_ROOKANDPAWNMOVEMENT:0.4994454310401079
C_CENTERCONTROL:0.49793863501752467
C_DEVELOPPIECES:0.48321186869172117
C_MATERIAL:0.5100443127664541
C_MOVECOUNT:0.5025188248099094
