ELO:1059
CE_PASSEDPAWNS:0.4983089524819313
CE_PAWNWEAKNESSES:0.43525489396232425
CE_PIECEACTIVITY:0.5025160134641506
CE_KINGPAWNSHIELD:0.4788605174323945
CE_PIECECOORDINATION:0.46941375225582915
CE_MATERIAL:0.4895679011208996
CE_KINGSAFETY:0.5
C_PIECESQUARETABLES:0.4441272465722445
C_MOBILITY:0.5077473986971447
C_KINGSAFETY:0.49752924793040787
C_PAWNSTRUCTURE:0.5217153688324853
C_PIECECOORDINATION:0.5034529882807594
C_ROOKANDPAWNMOVEMENT:0.5034529882807594
C_CENTERCONTROL:0.48819929280955476
C_DEVELOPPIECES:0.5065505398604103
C_MATERIAL:0.5272109953476026
C_MOVECOUNT:0.5121073011159746
