ELO:1000
CE_PASSEDPAWNS:0.433005456823725
CE_PAWNWEAKNESSES:0.4607196731497662
CE_PIECEACTIVITY:0.47957990378734583
CE_KINGPAWNSHIELD:0.5358926984233587
CE_PIECECOORDINATION:0.4562688390433763
CE_MATERIAL:0.5263031997206049
CE_KINGSAFETY:0.5075968448710557
C_PIECESQUARETABLES:0.5012813550197825
C_MOBILITY:0.48790601485397667
C_KINGSAFETY:0.513507497463664
C_PAWNSTRUCTURE:0.459537111135852
C_PIECECOORDINATION:0.5047950986527164
C_ROOKANDPAWNMOVEMENT:0.5047950986527164
C_CENTERCONTROL:0.491504502095671
C_DEVELOPPIECES:0.5069830763196926
C_MATERIAL:0.45578034624688707
