ELO:1000
CE_PASSEDPAWNS:0.45239577963722777
CE_PAWNWEAKNESSES:0.4879323470165735
CE_PIECEACTIVITY:0.5264871702962126
CE_KINGPAWNSHIELD:0.5162989487662654
CE_PIECECOORDINATION:0.5057435859159477
CE_MATERIAL:0.5217402411897387
CE_KINGSAFETY:0.5137739289924165
C_PIECESQUARETABLES:0.53364137124326
C_MOBILITY:0.5035984887096282
C_KINGSAFETY:0.5193018845584533
C_PAWNSTRUCTURE:0.5031365620174896
C_PIECECOORDINATION:0.5142101385081529
C_ROOKANDPAWNMOVEMENT:0.5142101385081529
C_CENTERCONTROL:0.5079541739839214
C_DEVELOPPIECES:0.4960226407322509
C_MATERIAL:0.4743946127164881
