ELO:1031
CE_PASSEDPAWNS:0.47174181929979403
CE_PAWNWEAKNESSES:0.4203710936058986
CE_PIECEACTIVITY:0.45575388108941184
CE_KINGPAWNSHIELD:0.6359536941534065
CE_PIECECOORDINATION:0.44685007448350117
CE_MATERIAL:0.4552900601234269
CE_KINGSAFETY:0.5120778672606155
C_PIECESQUARETABLES:0.4839539697200774
C_MOBILITY:0.5408608720931195
C_KINGSAFETY:0.5277624669120444
C_PAWNSTRUCTURE:0.43475740744961316
C_PIECECOORDINATION:0.5152170628778129
C_ROOKANDPAWNMOVEMENT:0.5152170628778129
C_CENTERCONTROL:0.5241516181776379
C_DEVELOPPIECES:0.588399506286969
C_MATERIAL:0.36508347240554473
