ELO:998
CE_PASSEDPAWNS:0.49297999889866617
CE_PAWNWEAKNESSES:0.5071568650576109
CE_PIECEACTIVITY:0.503157602267267
CE_KINGPAWNSHIELD:0.5012608510825503
CE_PIECECOORDINATION:0.5289094214201965
CE_MATERIAL:0.5147679312490382
CE_KINGSAFETY:0.49121217193425015
C_PIECESQUARETABLES:0.5025501499224647
C_MOBILITY:0.5
C_KINGSAFETY:0.5234318807549921
C_PAWNSTRUCTURE:0.5103650966103545
C_PIECECOORDINATION:0.4920038550860971
C_ROOK:0.5020546186677748
CE_ROOK:0.4976988234259904
C_CENTERCONTROL:0.5073588212695033
C_DEVELOPPIECES:0.5046023594983532
C_MATERIAL:0.4866401359833142
C_MOVECOUNT:0.5070577327801655
C_PAWNMOVEMENT:0.49619663438589895
