ELO:1000
CE_PASSEDPAWNS:0.4905288532025869
CE_PAWNWEAKNESSES:0.4931152340130158
CE_PIECEACTIVITY:0.45607606798728334
CE_KINGPAWNSHIELD:0.5184822503618969
CE_PIECECOORDINATION:0.4922099978678797
CE_MATERIAL:0.4688602554109103
CE_KINGSAFETY:0.5074494747463887
C_PIECESQUARETABLES:0.5098500603642022
C_MOBILITY:0.45460380217990315
C_KINGSAFETY:0.5097692470621042
C_PAWNSTRUCTURE:0.49072678761428773
C_PIECECOORDINATION:0.4717870194551987
C_ROOKANDPAWNMOVEMENT:0.4717870194551987
C_CENTERCONTROL:0.5070970556317571
C_DEVELOPPIECES:0.4935740006891034
C_MATERIAL:0.5374409786419487
