ELO:996
CE_PASSEDPAWNS:0.4596722918903251
CE_PAWNWEAKNESSES:0.4353044698951593
CE_PIECEACTIVITY:0.4793005761743066
CE_KINGPAWNSHIELD:0.578637821585945
CE_PIECECOORDINATION:0.45701511136709294
CE_MATERIAL:0.5008637945228344
CE_KINGSAFETY:0.4814202567436492
C_PIECESQUARETABLES:0.5321430078142454
C_MOBILITY:0.4984564813266824
C_KINGSAFETY:0.5165079457091546
C_PAWNSTRUCTURE:0.44076016157936543
C_PIECECOORDINATION:0.4495428669038557
C_ROOKANDPAWNMOVEMENT:0.4495428669038557
C_CENTERCONTROL:0.4843788892210277
C_DEVELOPPIECES:0.5214372012982502
C_MATERIAL:0.45959758448190285
