ELO:1040
CE_PASSEDPAWNS:0.5
CE_PAWNWEAKNESSES:0.4775994177480832
CE_PIECEACTIVITY:0.5
CE_KINGPAWNSHIELD:0.5
CE_PIECECOORDINATION:0.47884052095422663
CE_MATERIAL:0.4995201459506831
CE_KINGSAFETY:0.5
C_PIECESQUARETABLES:0.5
C_MOBILITY:0.48464277971968794
C_KINGSAFETY:0.48910246447423367
C_PAWNSTRUCTURE:0.5038266290864318
C_PIECECOORDINATION:0.5136247812485888
C_ROOKANDPAWNMOVEMENT:0.5136247812485888
C_CENTERCONTROL:0.5
C_DEVELOPPIECES:0.5154884641759369
C_MATERIAL:0.501948961536684
C_MOVECOUNT:0.5208620233431428
