ELO:1000
CE_PASSEDPAWNS:0.4799199119460547
CE_PAWNWEAKNESSES:0.49341055184642385
CE_PIECEACTIVITY:0.49661280642758066
CE_KINGPAWNSHIELD:0.5
CE_PIECECOORDINATION:0.5
CE_MATERIAL:0.5084558684243694
CE_KINGSAFETY:0.5040875833740438
C_PIECESQUARETABLES:0.5101017234691811
C_MOBILITY:0.5
C_KINGSAFETY:0.4964374631540554
C_PAWNSTRUCTURE:0.5034441633643777
C_PIECECOORDINATION:0.5
C_ROOKANDPAWNMOVEMENT:0.5
C_CENTERCONTROL:0.5
C_DEVELOPPIECES:0.490006698640423
C_MATERIAL:0.5
