ELO:1007
CE_PASSEDPAWNS:0.5342374194296192
CE_PAWNWEAKNESSES:0.5544442678030964
CE_PIECEACTIVITY:0.4748906471389981
CE_KINGPAWNSHIELD:0.42301414731538567
CE_PIECECOORDINATION:0.45653525307624926
CE_MATERIAL:0.48513018683114084
CE_KINGSAFETY:0.5453354583420047
C_PIECESQUARETABLES:0.4701961192615807
C_MOBILITY:0.5853010773681124
C_KINGSAFETY:0.6334730580172253
C_PAWNSTRUCTURE:0.52843891660321
C_PIECECOORDINATION:0.45485034925973933
C_ROOKANDPAWNMOVEMENT:0.45485034925973933
C_CENTERCONTROL:0.6337140279097038
C_DEVELOPPIECES:0.5247286684524192
C_MATERIAL:0.3569669869752395
