ELO:1032
CE_PASSEDPAWNS:0.5027965376515373
CE_PAWNWEAKNESSES:0.5
CE_PIECEACTIVITY:0.502556495991248
CE_KINGPAWNSHIELD:0.48182888439228505
CE_PIECECOORDINATION:0.5043201775370626
CE_MATERIAL:0.5010895215909735
CE_KINGSAFETY:0.5242214050474544
C_PIECESQUARETABLES:0.5067540910699564
C_MOBILITY:0.49938727376199554
C_KINGSAFETY:0.48788738545385546
C_PAWNSTRUCTURE:0.48380332490702915
C_PIECECOORDINATION:0.5013615576610606
C_ROOKANDPAWNMOVEMENT:0.5013615576610606
C_CENTERCONTROL:0.5090440837391986
C_DEVELOPPIECES:0.5007253938112762
C_MATERIAL:0.4976563821057879
