ELO:1000
CE_PASSEDPAWNS:0.506639846650195
CE_PAWNWEAKNESSES:0.49724709641400533
CE_PIECEACTIVITY:0.4882715949318285
CE_KINGPAWNSHIELD:0.5075736480704163
CE_PIECECOORDINATION:0.5031276802401812
CE_MATERIAL:0.4744360095300489
CE_KINGSAFETY:0.4792882620463067
C_PIECESQUARETABLES:0.4838721128544377
C_MOBILITY:0.5020200888660997
C_KINGSAFETY:0.5051028702829484
C_PAWNSTRUCTURE:0.4913187571985951
C_PIECECOORDINATION:0.48750474099848146
C_ROOKANDPAWNMOVEMENT:0.48750474099848146
C_CENTERCONTROL:0.5184623581677571
C_DEVELOPPIECES:0.4897927735684216
C_MATERIAL:0.521986975443943
