ELO:989
CE_PASSEDPAWNS:0.38932284593729277
CE_PAWNWEAKNESSES:0.44802116698915045
CE_PIECEACTIVITY:0.5055534717583172
CE_KINGPAWNSHIELD:0.4985355285127799
CE_PIECECOORDINATION:0.6202640001207428
CE_MATERIAL:0.41237886705497595
CE_KINGSAFETY:0.5
C_PIECESQUARETABLES:0.5084415657282146
C_MOBILITY:0.6085236695087711
C_KINGSAFETY:0.5809955709551379
C_PAWNSTRUCTURE:0.6182078383628035
C_PIECECOORDINATION:0.6135308168497035
C_ROOKANDPAWNMOVEMENT:0.6135308168497035
C_CENTERCONTROL:0.37267561307570324
C_DEVELOPPIECES:0.557162240340428
C_MATERIAL:0.5822714204080871
