ELO:988
CE_PASSEDPAWNS:0.4541956205683947
CE_PAWNWEAKNESSES:0.4660671546307085
CE_PIECEACTIVITY:0.4732395217773485
CE_KINGPAWNSHIELD:0.5420269817911523
CE_PIECECOORDINATION:0.5479661104311497
CE_MATERIAL:0.38762586604069565
CE_KINGSAFETY:0.494034182637372
C_PIECESQUARETABLES:0.49917769706024284
C_MOBILITY:0.5139843049429219
C_KINGSAFETY:0.5025389971558591
C_PAWNSTRUCTURE:0.47025501867806596
C_PIECECOORDINATION:0.4886597556335833
C_ROOKANDPAWNMOVEMENT:0.4886597556335833
C_CENTERCONTROL:0.5564707919914658
C_DEVELOPPIECES:0.49360008506390196
C_MATERIAL:0.5359115782970669
