ELO:922
CE_PASSEDPAWNS:0.42042652821099147
CE_PAWNWEAKNESSES:0.5322707579634712
CE_PIECEACTIVITY:0.45920528404137567
CE_KINGPAWNSHIELD:0.5567939891997288
CE_PIECECOORDINATION:0.6143688494524749
CE_MATERIAL:0.401963275452544
CE_KINGSAFETY:0.4913192107008826
C_PIECESQUARETABLES:0.4999957961498515
C_MOBILITY:0.4701552809802603
C_KINGSAFETY:0.48363405934102566
C_PAWNSTRUCTURE:0.4919444418600801
C_PIECECOORDINATION:0.49894273588755006
C_ROOKANDPAWNMOVEMENT:0.49894273588755006
C_CENTERCONTROL:0.5306023997769197
C_DEVELOPPIECES:0.4804020335921054
C_MATERIAL:0.5831024224973047
