ELO:1049
CE_PASSEDPAWNS:0.5117797214775797
CE_PAWNWEAKNESSES:0.5095668132176975
CE_PIECEACTIVITY:0.5
CE_KINGPAWNSHIELD:0.5119510968306196
CE_PIECECOORDINATION:0.49972441217918245
CE_MATERIAL:0.49638953459411295
CE_KINGSAFETY:0.49982939672000315
C_PIECESQUARETABLES:0.5002173224879103
C_MOBILITY:0.5119786985792658
C_KINGSAFETY:0.5027851276566405
C_PAWNSTRUCTURE:0.4892231671243149
C_PIECECOORDINATION:0.5048135912601344
C_ROOKANDPAWNMOVEMENT:0.5048135912601344
C_CENTERCONTROL:0.5
C_DEVELOPPIECES:0.5191328082771474
C_MATERIAL:0.5384602222851771
