ELO:858
CE_PASSEDPAWNS:0.4456338085728445
CE_PAWNWEAKNESSES:0.451626730011374
CE_PIECEACTIVITY:0.4882111464851281
CE_KINGPAWNSHIELD:0.5257348624141189
CE_PIECECOORDINATION:0.5272408757439201
CE_MATERIAL:0.48319342471602816
CE_KINGSAFETY:0.4553826744924622
C_PIECESQUARETABLES:0.5353215418244837
C_MOBILITY:0.5151509861312228
C_KINGSAFETY:0.5360675828057162
C_PAWNSTRUCTURE:0.5075412604769235
C_PIECECOORDINATION:0.4876238421830597
C_ROOKANDPAWNMOVEMENT:0.4876238421830597
C_CENTERCONTROL:0.5115583382382087
C_DEVELOPPIECES:0.566718988438906
C_MATERIAL:0.48608598576925566
C_MOVECOUNT:0.5
