ELO:965
CE_PASSEDPAWNS:0.52916213005521
CE_PAWNWEAKNESSES:0.5262797232942183
CE_PIECEACTIVITY:0.5012528363262067
CE_KINGPAWNSHIELD:0.48837126027670946
CE_PIECECOORDINATION:0.49874769611518865
CE_MATERIAL:0.4776696060996132
CE_KINGSAFETY:0.509003415438149
C_PIECESQUARETABLES:0.5121416856414032
C_MOBILITY:0.5339232748652609
C_KINGSAFETY:0.5161578222919957
C_PAWNSTRUCTURE:0.4727250620720167
C_PIECECOORDINATION:0.48611585513163746
C_ROOKANDPAWNMOVEMENT:0.48611585513163746
C_CENTERCONTROL:0.4676920013815126
C_DEVELOPPIECES:0.47377135384986024
C_MATERIAL:0.49282766060806105
