ELO:980
CE_PASSEDPAWNS:0.40141840369129705
CE_PAWNWEAKNESSES:0.4098482186583814
CE_PIECEACTIVITY:0.5429485285975589
CE_KINGPAWNSHIELD:0.5624139788587883
CE_PIECECOORDINATION:0.4975259396492863
CE_MATERIAL:0.5587375381277326
CE_KINGSAFETY:0.4796167865682663
C_PIECESQUARETABLES:0.4919742825031991
C_MOBILITY:0.4784267591903523
C_KINGSAFETY:0.5544718027645844
C_PAWNSTRUCTURE:0.4957758513616023
C_PIECECOORDINATION:0.38390564926285015
C_ROOKANDPAWNMOVEMENT:0.38390564926285015
C_CENTERCONTROL:0.5258819619756046
C_DEVELOPPIECES:0.44608895762368533
C_MATERIAL:0.5203963763321678
