ELO:936
CE_PASSEDPAWNS:0.4655605081226793
CE_PAWNWEAKNESSES:0.49024397338299264
CE_PIECEACTIVITY:0.468050991618103
CE_KINGPAWNSHIELD:0.5322203461609154
CE_PIECECOORDINATION:0.5940722364200738
CE_MATERIAL:0.4353983600218898
CE_KINGSAFETY:0.482287016354576
C_PIECESQUARETABLES:0.49763793087138536
C_MOBILITY:0.32020203958763543
C_KINGSAFETY:0.45876368815028684
C_PAWNSTRUCTURE:0.45229767322219033
C_PIECECOORDINATION:0.4793870894233035
C_ROOKANDPAWNMOVEMENT:0.4793870894233035
C_CENTERCONTROL:0.49335504455645546
C_DEVELOPPIECES:0.4857486050622603
C_MATERIAL:0.5645180939953731
