ELO:951
CE_PASSEDPAWNS:0.40285549549282546
CE_PAWNWEAKNESSES:0.4493490772563717
CE_PIECEACTIVITY:0.5774003069459432
CE_KINGPAWNSHIELD:0.5463408295282272
CE_PIECECOORDINATION:0.5090857658985125
CE_MATERIAL:0.5439243358213117
CE_KINGSAFETY:0.49084800288749403
C_PIECESQUARETABLES:0.5068400266773156
C_MOBILITY:0.4657662283436297
C_KINGSAFETY:0.5398368505749609
C_PAWNSTRUCTURE:0.5094587829921936
C_PIECECOORDINATION:0.39229305885689386
C_ROOKANDPAWNMOVEMENT:0.39229305885689386
C_CENTERCONTROL:0.5045325808392574
C_DEVELOPPIECES:0.4418727045870889
C_MATERIAL:0.5256988931317618
