ELO:948
CE_PASSEDPAWNS:0.4865811757484661
CE_PAWNWEAKNESSES:0.5001838879885293
CE_PIECEACTIVITY:0.4835281584630339
CE_KINGPAWNSHIELD:0.5086949438586232
CE_PIECECOORDINATION:0.515774214227783
CE_MATERIAL:0.45865405013409877
CE_KINGSAFETY:0.49862793916304554
C_PIECESQUARETABLES:0.5
C_MOBILITY:0.49687929743045395
C_KINGSAFETY:0.5398856754937567
C_PAWNSTRUCTURE:0.522398629623296
C_PIECECOORDINATION:0.4500433647061503
C_ROOK:0.5169973891225896
CE_ROOK:0.5147046878157205
C_CENTERCONTROL:0.481157241405296
C_DEVELOPPIECES:0.49661403499836954
C_MATERIAL:0.5148923866711621
C_MOVECOUNT:0.5023797244932616
C_PAWNMOVEMENT:0.5174115403973325
