ELO:947
CE_PASSEDPAWNS:0.4730558476225042
CE_PAWNWEAKNESSES:0.5074540958191662
CE_PIECEACTIVITY:0.4816601524855063
CE_KINGPAWNSHIELD:0.43307752814583667
CE_PIECECOORDINATION:0.5267556101170511
CE_MATERIAL:0.4516676187704868
CE_KINGSAFETY:0.49439936561769127
C_PIECESQUARETABLES:0.49081412313694717
C_MOBILITY:0.37881977815231715
C_KINGSAFETY:0.44564763193858487
C_PAWNSTRUCTURE:0.473315993745801
C_PIECECOORDINATION:0.44208475476723424
C_ROOKANDPAWNMOVEMENT:0.44208475476723424
C_CENTERCONTROL:0.558582892734294
C_DEVELOPPIECES:0.4873488923512554
C_MATERIAL:0.564383973743857
