ELO:986
CE_PASSEDPAWNS:0.4754468955456119
CE_PAWNWEAKNESSES:0.5263309172636399
CE_PIECEACTIVITY:0.5230958738743888
CE_KINGPAWNSHIELD:0.48374514253039763
CE_PIECECOORDINATION:0.5514904772244131
CE_MATERIAL:0.42442201349131464
CE_KINGSAFETY:0.4901911448330548
C_PIECESQUARETABLES:0.5106179132412029
C_MOBILITY:0.3596655445231149
C_KINGSAFETY:0.446642702156553
C_PAWNSTRUCTURE:0.40608873117625616
C_PIECECOORDINATION:0.49257268058015224
C_ROOKANDPAWNMOVEMENT:0.49257268058015224
C_CENTERCONTROL:0.5833515619138486
C_DEVELOPPIECES:0.4921281245564487
C_MATERIAL:0.5153908919451825
