ELO:947
CE_PASSEDPAWNS:0.456647791014895
CE_PAWNWEAKNESSES:0.5277354329751759
CE_PIECEACTIVITY:0.49304468547742925
CE_KINGPAWNSHIELD:0.43969067834443254
CE_PIECECOORDINATION:0.5438447343168181
CE_MATERIAL:0.45548542256799035
CE_KINGSAFETY:0.4979978854663721
C_PIECESQUARETABLES:0.4930947627900115
C_MOBILITY:0.3733775490150338
C_KINGSAFETY:0.4424493029646977
C_PAWNSTRUCTURE:0.4806958127198238
C_PIECECOORDINATION:0.4390679084431716
C_ROOKANDPAWNMOVEMENT:0.4390679084431716
C_CENTERCONTROL:0.5641563041747183
C_DEVELOPPIECES:0.4873488923512554
C_MATERIAL:0.5538359905868163
