ELO:968
CE_PASSEDPAWNS:0.47381239614195003
CE_PAWNWEAKNESSES:0.4966163727900121
CE_PIECEACTIVITY:0.5211986730619004
CE_KINGPAWNSHIELD:0.4807047555340699
CE_PIECECOORDINATION:0.5138844440518853
CE_MATERIAL:0.5076898783231069
CE_KINGSAFETY:0.5
C_PIECESQUARETABLES:0.4924880926420794
C_MOBILITY:0.49903119504925664
C_KINGSAFETY:0.45102239110432785
C_PAWNSTRUCTURE:0.5074355096543115
C_PIECECOORDINATION:0.4949519240631618
C_ROOKANDPAWNMOVEMENT:0.4949519240631618
C_CENTERCONTROL:0.49214078056247346
C_DEVELOPPIECES:0.4923640723849854
C_MATERIAL:0.49897107229578264
C_MOVECOUNT:0.5215163650601924
