ELO:943
CE_PASSEDPAWNS:0.45759328457791365
CE_PAWNWEAKNESSES:0.5028407888326524
CE_PIECEACTIVITY:0.4710915078554117
CE_KINGPAWNSHIELD:0.5032453106449137
CE_PIECECOORDINATION:0.48355552111925193
CE_MATERIAL:0.5107418246230628
CE_KINGSAFETY:0.5202213949444005
C_PIECESQUARETABLES:0.5018919131954742
C_MOBILITY:0.4719866229253745
C_KINGSAFETY:0.5000648008271579
C_PAWNSTRUCTURE:0.5155414394226483
C_PIECECOORDINATION:0.49129517018037167
C_ROOKANDPAWNMOVEMENT:0.49129517018037167
C_CENTERCONTROL:0.48691439670085723
C_DEVELOPPIECES:0.48550266379676293
C_MATERIAL:0.5182741537332329
