ELO:709
CE_PASSEDPAWNS:0.5066271726720486
CE_PAWNWEAKNESSES:0.49642856814719377
CE_PIECEACTIVITY:0.5187576144282655
CE_KINGPAWNSHIELD:0.48372116673004434
CE_PIECECOORDINATION:0.5604402159211543
CE_MATERIAL:0.41948149821152453
CE_KINGSAFETY:0.4586034763380535
C_PIECESQUARETABLES:0.49834625094765306
C_MOBILITY:0.5017442114139142
C_KINGSAFETY:0.3771733271227904
C_PAWNSTRUCTURE:0.44093829244374244
C_PIECECOORDINATION:0.5950966104967166
C_ROOKANDPAWNMOVEMENT:0.5950966104967166
C_CENTERCONTROL:0.539278482868703
C_DEVELOPPIECES:0.5752620174365243
C_MATERIAL:0.5092610307763374
C_MOVECOUNT:0.47316372492324343
