ELO:998
CE_PASSEDPAWNS:0.48246293202598906
CE_PAWNWEAKNESSES:0.4931621604679206
CE_PIECEACTIVITY:0.487432388077304
CE_KINGPAWNSHIELD:0.5
CE_PIECECOORDINATION:0.5070862827188313
CE_MATERIAL:0.5014955535596644
CE_KINGSAFETY:0.5059787020995877
C_PIECESQUARETABLES:0.506031936999587
C_MOBILITY:0.49295497798303345
C_KINGSAFETY:0.5
C_PAWNSTRUCTURE:0.5
C_PIECECOORDINATION:0.5
C_ROOKANDPAWNMOVEMENT:0.5
C_CENTERCONTROL:0.5082021981816318
C_DEVELOPPIECES:0.4987365011482034
C_MATERIAL:0.4891707456297155
C_MOVECOUNT:0.5
