ELO:1054
CE_PASSEDPAWNS:0.6313569459692956
CE_PAWNWEAKNESSES:0.45635952806307567
CE_PIECEACTIVITY:0.46276113319971734
CE_KINGPAWNSHIELD:0.4815615883751264
CE_PIECECOORDINATION:0.5729130563845312
CE_MATERIAL:0.42654037815983076
CE_KINGSAFETY:0.4993944436021816
C_PIECESQUARETABLES:0.48996959666547824
C_MOBILITY:0.5564368507209706
C_KINGSAFETY:0.6006467841253312
C_PAWNSTRUCTURE:0.392619831135193
C_PIECECOORDINATION:0.47559656534279127
C_ROOKANDPAWNMOVEMENT:0.47559656534279127
C_CENTERCONTROL:0.5226948952462229
C_DEVELOPPIECES:0.5082810929741947
C_MATERIAL:0.40256938321458413
