ELO:945
CE_PASSEDPAWNS:0.45926945118839374
CE_PAWNWEAKNESSES:0.5337071356995988
CE_PIECEACTIVITY:0.5155031057751914
CE_KINGPAWNSHIELD:0.5166061486975253
CE_PIECECOORDINATION:0.5355788526573778
CE_MATERIAL:0.48704561543953956
CE_KINGSAFETY:0.5184594574969832
C_PIECESQUARETABLES:0.5118499410381363
C_MOBILITY:0.4997409086089974
C_KINGSAFETY:0.5073669716380114
C_PAWNSTRUCTURE:0.49729258349581174
C_PIECECOORDINATION:0.5226211251814785
C_ROOKANDPAWNMOVEMENT:0.5226211251814785
C_CENTERCONTROL:0.5
C_DEVELOPPIECES:0.46260532669000215
C_MATERIAL:0.4993958452044111
C_MOVECOUNT:0.5
