ELO:885
CE_PASSEDPAWNS:0.4960556203649099
CE_PAWNWEAKNESSES:0.5872929671623309
CE_PIECEACTIVITY:0.45754318529220556
CE_KINGPAWNSHIELD:0.5057697412346701
CE_PIECECOORDINATION:0.47421847665828915
CE_MATERIAL:0.4727623605886569
CE_KINGSAFETY:0.5
C_PIECESQUARETABLES:0.5104054836726242
C_MOBILITY:0.5241170383495377
C_KINGSAFETY:0.5208576031844487
C_PAWNSTRUCTURE:0.48132812417894905
C_PIECECOORDINATION:0.498752969774895
C_ROOKANDPAWNMOVEMENT:0.498752969774895
C_CENTERCONTROL:0.5214364985718771
C_DEVELOPPIECES:0.5192137956969625
C_MATERIAL:0.4939745813007362
C_MOVECOUNT:0.5
