ELO:899
CE_PASSEDPAWNS:0.4762684807604623
CE_PAWNWEAKNESSES:0.48064074303681775
CE_PIECEACTIVITY:0.473910761241214
CE_KINGPAWNSHIELD:0.4435302821108816
CE_PIECECOORDINATION:0.49786370417681897
CE_MATERIAL:0.42216796991911787
CE_KINGSAFETY:0.4785576369140411
C_PIECESQUARETABLES:0.5172723289175815
C_MOBILITY:0.3415663394553516
C_KINGSAFETY:0.4682830759975459
C_PAWNSTRUCTURE:0.4580635930540452
C_PIECECOORDINATION:0.44351033922332644
C_ROOKANDPAWNMOVEMENT:0.44351033922332644
C_CENTERCONTROL:0.5087860981223253
C_DEVELOPPIECES:0.4948482318835265
C_MATERIAL:0.5656186191745166
