ELO:966
CE_PASSEDPAWNS:0.3750204969636899
CE_PAWNWEAKNESSES:0.4116956910192816
CE_PIECEACTIVITY:0.5433188345143674
CE_KINGPAWNSHIELD:0.5501694090506407
CE_PIECECOORDINATION:0.5166897713564028
CE_MATERIAL:0.5459241556944248
CE_KINGSAFETY:0.5168503027059929
C_PIECESQUARETABLES:0.48920843106996154
C_MOBILITY:0.45737214301583523
C_KINGSAFETY:0.5403559895311708
C_PAWNSTRUCTURE:0.5265748946644682
C_PIECECOORDINATION:0.38320111746106955
C_ROOKANDPAWNMOVEMENT:0.38320111746106955
C_CENTERCONTROL:0.49832037652334854
C_DEVELOPPIECES:0.4505713346079925
C_MATERIAL:0.5236635370716253
