ELO:981
CE_PASSEDPAWNS:0.48230984637814195
CE_PAWNWEAKNESSES:0.5025369881189063
CE_PIECEACTIVITY:0.5180694912490585
CE_KINGPAWNSHIELD:0.4909201763359867
CE_PIECECOORDINATION:0.49825876975922173
CE_MATERIAL:0.4952320891268278
CE_KINGSAFETY:0.5
C_PIECESQUARETABLES:0.5
C_MOBILITY:0.49903119504925664
C_KINGSAFETY:0.5032337305263245
C_PAWNSTRUCTURE:0.506803063597965
C_PIECECOORDINATION:0.499925113036854
C_ROOKANDPAWNMOVEMENT:0.499925113036854
C_CENTERCONTROL:0.49214078056247346
C_DEVELOPPIECES:0.5041295262713116
C_MATERIAL:0.4827663677378011
C_MOVECOUNT:0.49700336371819526
