ELO:1000
CE_PASSEDPAWNS:0.5049985757224785
CE_PAWNWEAKNESSES:0.5352934507220262
CE_PIECEACTIVITY:0.504110946976549
CE_KINGPAWNSHIELD:0.5001611852391754
CE_PIECECOORDINATION:0.5440292077303097
CE_MATERIAL:0.4214476926954497
CE_KINGSAFETY:0.4964294531522371
C_PIECESQUARETABLES:0.5262801167284468
C_MOBILITY:0.4843290947632411
C_KINGSAFETY:0.4644292305611778
C_PAWNSTRUCTURE:0.48673260034417953
C_PIECECOORDINATION:0.449849232763843
C_ROOKANDPAWNMOVEMENT:0.449849232763843
C_CENTERCONTROL:0.5442825665973292
C_DEVELOPPIECES:0.45400831943399833
C_MATERIAL:0.5194551920174141
