ELO:986
CE_PASSEDPAWNS:0.478777229042467
CE_PAWNWEAKNESSES:0.5335745967880536
CE_PIECEACTIVITY:0.5119280273002906
CE_KINGPAWNSHIELD:0.5010422611129505
CE_PIECECOORDINATION:0.5870306827995194
CE_MATERIAL:0.41418645394589654
CE_KINGSAFETY:0.48883029607201417
C_PIECESQUARETABLES:0.5054156871410715
C_MOBILITY:0.3953484728582668
C_KINGSAFETY:0.437276594161809
C_PAWNSTRUCTURE:0.41651435579799717
C_PIECECOORDINATION:0.49458703481459065
C_ROOKANDPAWNMOVEMENT:0.49458703481459065
C_CENTERCONTROL:0.5893953776402311
C_DEVELOPPIECES:0.476394729994799
C_MATERIAL:0.5115230774490371
