ELO:1000
CE_PASSEDPAWNS:0.4512280357110979
CE_PAWNWEAKNESSES:0.49183302854610034
CE_PIECEACTIVITY:0.48025593876706396
CE_KINGPAWNSHIELD:0.5141902283435252
CE_PIECECOORDINATION:0.5077462384279738
CE_MATERIAL:0.47934868564949856
CE_KINGSAFETY:0.5189499059912935
C_PIECESQUARETABLES:0.5225534749771747
C_MOBILITY:0.5000224839371509
C_KINGSAFETY:0.48036986382112845
C_PAWNSTRUCTURE:0.5069801865648746
C_PIECECOORDINATION:0.49628327336579164
C_ROOKANDPAWNMOVEMENT:0.49628327336579164
C_CENTERCONTROL:0.5140490156570656
C_DEVELOPPIECES:0.4925928363372065
C_MATERIAL:0.5125505576764213
