ELO:989
CE_PASSEDPAWNS:0.45973024796079426
CE_PAWNWEAKNESSES:0.41479767732565886
CE_PIECEACTIVITY:0.5511364541979291
CE_KINGPAWNSHIELD:0.5908247086498812
CE_PIECECOORDINATION:0.4951737510421058
CE_MATERIAL:0.5466170120619482
CE_KINGSAFETY:0.4889512417044054
C_PIECESQUARETABLES:0.49159043245211603
C_MOBILITY:0.47293613060529865
C_KINGSAFETY:0.5474992536304693
C_PAWNSTRUCTURE:0.5146782667819518
C_PIECECOORDINATION:0.3975493726110253
C_ROOKANDPAWNMOVEMENT:0.3975493726110253
C_CENTERCONTROL:0.4999271141643476
C_DEVELOPPIECES:0.48146223697764434
C_MATERIAL:0.4961007988423264
