ELO:892
CE_PASSEDPAWNS:0.5082673262588044
CE_PAWNWEAKNESSES:0.4817933618806356
CE_PIECEACTIVITY:0.5560094178227747
CE_KINGPAWNSHIELD:0.5583042860180669
CE_PIECECOORDINATION:0.4931941556408616
CE_MATERIAL:0.50292380441378
CE_KINGSAFETY:0.5253118203577228
C_PIECESQUARETABLES:0.4349298266740987
C_MOBILITY:0.44824786150574447
C_KINGSAFETY:0.48603798997225073
C_PAWNSTRUCTURE:0.5044005754390641
C_PIECECOORDINATION:0.5279802508382496
C_ROOKANDPAWNMOVEMENT:0.5279802508382496
C_CENTERCONTROL:0.47433137598308067
C_DEVELOPPIECES:0.49447226334126376
C_MATERIAL:0.458771209032452
C_MOVECOUNT:0.47812465780093055
