ELO:1000
CE_PASSEDPAWNS:0.5052685062559387
CE_PAWNWEAKNESSES:0.5156300900516577
CE_PIECEACTIVITY:0.49316460479156615
CE_KINGPAWNSHIELD:0.5114588083531617
CE_PIECECOORDINATION:0.5729651136082932
CE_MATERIAL:0.4192001641919909
CE_KINGSAFETY:0.4961862822458572
C_PIECESQUARETABLES:0.49056863613411167
C_MOBILITY:0.41352230957815206
C_KINGSAFETY:0.4484298898138615
C_PAWNSTRUCTURE:0.41611000164099154
C_PIECECOORDINATION:0.46457801874921006
C_ROOKANDPAWNMOVEMENT:0.46457801874921006
C_CENTERCONTROL:0.5906254748407829
C_DEVELOPPIECES:0.4697266099749895
C_MATERIAL:0.512686050958909
