ELO:1000
CE_PASSEDPAWNS:0.5093506718640928
CE_PAWNWEAKNESSES:0.40807985607162217
CE_PIECEACTIVITY:0.5168975764402228
CE_KINGPAWNSHIELD:0.5558594758689956
CE_PIECECOORDINATION:0.50386728451586
CE_MATERIAL:0.5192656432601376
CE_KINGSAFETY:0.49605614881329285
C_PIECESQUARETABLES:0.4795841285400308
C_MOBILITY:0.481696460911094
C_KINGSAFETY:0.5464835506999732
C_PAWNSTRUCTURE:0.5202417406772666
C_PIECECOORDINATION:0.4087286683644305
C_ROOKANDPAWNMOVEMENT:0.4087286683644305
C_CENTERCONTROL:0.49097130919903464
C_DEVELOPPIECES:0.4289169452477379
C_MATERIAL:0.4979240782217355
