ELO:963
CE_PASSEDPAWNS:0.3638694508607349
CE_PAWNWEAKNESSES:0.4202778806591624
CE_PIECEACTIVITY:0.5614643489430939
CE_KINGPAWNSHIELD:0.5442153908889549
CE_PIECECOORDINATION:0.5166897713564028
CE_MATERIAL:0.5689848607005936
CE_KINGSAFETY:0.4996679339278607
C_PIECESQUARETABLES:0.5006498626805906
C_MOBILITY:0.45737214301583523
C_KINGSAFETY:0.5309050941506144
C_PAWNSTRUCTURE:0.5018546114153426
C_PIECECOORDINATION:0.38320111746106955
C_ROOKANDPAWNMOVEMENT:0.38320111746106955
C_CENTERCONTROL:0.4947207461576233
C_DEVELOPPIECES:0.4505713346079925
C_MATERIAL:0.5090127119546859
