ELO:780
CE_PASSEDPAWNS:0.4611990683824021
CE_PAWNWEAKNESSES:0.48231089512140224
CE_PIECEACTIVITY:0.5104781239057521
CE_KINGPAWNSHIELD:0.537302768755429
CE_PIECECOORDINATION:0.573282674012882
CE_MATERIAL:0.4750018962494135
CE_KINGSAFETY:0.4751111521087482
C_PIECESQUARETABLES:0.5407662397576459
C_MOBILITY:0.5168236268223657
C_KINGSAFETY:0.5313964575261034
C_PAWNSTRUCTURE:0.5167843755987093
C_PIECECOORDINATION:0.5344686797250879
C_ROOKANDPAWNMOVEMENT:0.5344686797250879
C_CENTERCONTROL:0.519831483353685
C_DEVELOPPIECES:0.5788840598448941
C_MATERIAL:0.45073558495623095
C_MOVECOUNT:0.5
