ELO:986
CE_PASSEDPAWNS:0.5
CE_PAWNWEAKNESSES:0.5074889200715764
CE_PIECEACTIVITY:0.48805280228999426
CE_KINGPAWNSHIELD:0.5116937853768525
CE_PIECECOORDINATION:0.4978968257112381
CE_MATERIAL:0.5004949867165523
CE_KINGSAFETY:0.5091022697834252
C_PIECESQUARETABLES:0.5
C_MOBILITY:0.4973212633782106
C_KINGSAFETY:0.532730110352471
C_PAWNSTRUCTURE:0.5001974225168025
C_PIECECOORDINATION:0.49340609127685314
C_ROOK:0.5086251729448729
CE_ROOK:0.4846032070089623
C_CENTERCONTROL:0.5386209020882265
C_DEVELOPPIECES:0.4951648226782918
C_MATERIAL:0.5417350597869143
C_MOVECOUNT:0.5117387747911357
C_PAWNMOVEMENT:0.470920599361657
