ELO:863
CE_PASSEDPAWNS:0.47981986842591884
CE_PAWNWEAKNESSES:0.47181927283528896
CE_PIECEACTIVITY:0.4723053276152825
CE_KINGPAWNSHIELD:0.43321064561914385
CE_PIECECOORDINATION:0.5097148649748391
CE_MATERIAL:0.44218479051025583
CE_KINGSAFETY:0.4891234984528066
C_PIECESQUARETABLES:0.5089021110789599
C_MOBILITY:0.32728670653792546
C_KINGSAFETY:0.47055632537111075
C_PAWNSTRUCTURE:0.4418726034148297
C_PIECECOORDINATION:0.44830981592756014
C_ROOKANDPAWNMOVEMENT:0.44830981592756014
C_CENTERCONTROL:0.492627481165415
C_DEVELOPPIECES:0.5013795822492357
C_MATERIAL:0.5656186191745166
