ELO:967
CE_PASSEDPAWNS:0.3740004533070625
CE_PAWNWEAKNESSES:0.40127960759022263
CE_PIECEACTIVITY:0.53253777629609
CE_KINGPAWNSHIELD:0.5565331833591183
CE_PIECECOORDINATION:0.5298666529041848
CE_MATERIAL:0.5391311656406781
CE_KINGSAFETY:0.5060988805247164
C_PIECESQUARETABLES:0.46279730718957734
C_MOBILITY:0.4824724243541099
C_KINGSAFETY:0.5315947464989813
C_PAWNSTRUCTURE:0.531234259771611
C_PIECECOORDINATION:0.3839056987791402
C_ROOKANDPAWNMOVEMENT:0.3839056987791402
C_CENTERCONTROL:0.5248746676645001
C_DEVELOPPIECES:0.46832678092646174
C_MATERIAL:0.5113841204740089
