ELO:941
CE_PASSEDPAWNS:0.4715334881938282
CE_PAWNWEAKNESSES:0.49287676314205187
CE_PIECEACTIVITY:0.4977727166921154
CE_KINGPAWNSHIELD:0.4784748330077663
CE_PIECECOORDINATION:0.4917746756884473
CE_MATERIAL:0.4943816621633478
CE_KINGSAFETY:0.5497753194495637
C_PIECESQUARETABLES:0.47090454390243996
C_MOBILITY:0.5338564136057347
C_KINGSAFETY:0.4774079789923395
C_PAWNSTRUCTURE:0.4995881452070735
C_PIECECOORDINATION:0.4658483527034212
C_ROOKANDPAWNMOVEMENT:0.4658483527034212
C_CENTERCONTROL:0.5126825266433062
C_DEVELOPPIECES:0.48783749536544035
C_MATERIAL:0.5139203354881368
C_MOVECOUNT:0.5
