ELO:927
CE_PASSEDPAWNS:0.49045400842589076
CE_PAWNWEAKNESSES:0.4660505108145996
CE_PIECEACTIVITY:0.47135825052120583
CE_KINGPAWNSHIELD:0.5038543636219411
CE_PIECECOORDINATION:0.5140305520776712
CE_MATERIAL:0.4874930691471979
CE_KINGSAFETY:0.4863114173194067
C_PIECESQUARETABLES:0.5193922419255597
C_MOBILITY:0.513539417209463
C_KINGSAFETY:0.5183143708055675
C_PAWNSTRUCTURE:0.5200502242320326
C_PIECECOORDINATION:0.4867851051973273
C_ROOKANDPAWNMOVEMENT:0.4867851051973273
C_CENTERCONTROL:0.5026213722402662
C_DEVELOPPIECES:0.563452902024045
C_MATERIAL:0.47009231141849894
C_MOVECOUNT:0.5
