ELO:994
CE_PASSEDPAWNS:0.5100382531991672
CE_PAWNWEAKNESSES:0.41705369409848103
CE_PIECEACTIVITY:0.5355989756860458
CE_KINGPAWNSHIELD:0.554246688410852
CE_PIECECOORDINATION:0.5039294557020888
CE_MATERIAL:0.5251936042383251
CE_KINGSAFETY:0.468337022947364
C_PIECESQUARETABLES:0.4766709381243081
C_MOBILITY:0.48434944048921946
C_KINGSAFETY:0.5455815878786233
C_PAWNSTRUCTURE:0.5009046557324338
C_PIECECOORDINATION:0.41794459495696523
C_ROOKANDPAWNMOVEMENT:0.41794459495696523
C_CENTERCONTROL:0.4884701958128474
C_DEVELOPPIECES:0.45933501847617814
C_MATERIAL:0.4744462446717477
