ELO:987
CE_PASSEDPAWNS:0.5
CE_PAWNWEAKNESSES:0.4895799189820762
CE_PIECEACTIVITY:0.48957318537401995
CE_KINGPAWNSHIELD:0.5114377634054479
CE_PIECECOORDINATION:0.5
CE_MATERIAL:0.49787091754094187
CE_KINGSAFETY:0.5
C_PIECESQUARETABLES:0.5
C_MOBILITY:0.5043948796845295
C_KINGSAFETY:0.5
C_PAWNSTRUCTURE:0.5102223830501789
C_PIECECOORDINATION:0.49062668312188773
C_ROOKANDPAWNMOVEMENT:0.49062668312188773
C_CENTERCONTROL:0.5052790470857478
C_DEVELOPPIECES:0.5
C_MATERIAL:0.5
C_MOVECOUNT:0.5
