ELO:932
CE_PASSEDPAWNS:0.3985829369731975
CE_PAWNWEAKNESSES:0.4466683256043486
CE_PIECEACTIVITY:0.5841576906784204
CE_KINGPAWNSHIELD:0.5183993096380551
CE_PIECECOORDINATION:0.5276731806632161
CE_MATERIAL:0.5270962448293992
CE_KINGSAFETY:0.5070214167817393
C_PIECESQUARETABLES:0.5240963107810803
C_MOBILITY:0.46627642278593545
C_KINGSAFETY:0.5363673699064998
C_PAWNSTRUCTURE:0.4701019192325499
C_PIECECOORDINATION:0.39223970474263675
C_ROOKANDPAWNMOVEMENT:0.39223970474263675
C_CENTERCONTROL:0.4954191020009922
C_DEVELOPPIECES:0.44938537990158106
C_MATERIAL:0.5268525597425681
