ELO:910
CE_PASSEDPAWNS:0.45414037837039284
CE_PAWNWEAKNESSES:0.5031682397099966
CE_PIECEACTIVITY:0.4896230644843494
CE_KINGPAWNSHIELD:0.4517243561444195
CE_PIECECOORDINATION:0.48586115771628435
CE_MATERIAL:0.5054973162272987
CE_KINGSAFETY:0.5433369821873592
C_PIECESQUARETABLES:0.4852170819615476
C_MOBILITY:0.5176893148542228
C_KINGSAFETY:0.4927663270818882
C_PAWNSTRUCTURE:0.5293118557670472
C_PIECECOORDINATION:0.47548627084779277
C_ROOKANDPAWNMOVEMENT:0.47548627084779277
C_CENTERCONTROL:0.4867237093662777
C_DEVELOPPIECES:0.4865194082180794
C_MATERIAL:0.47928455503697465
C_MOVECOUNT:0.5
