ELO:1104
CE_PASSEDPAWNS:0.4522391623994131
CE_PAWNWEAKNESSES:0.458709269488504
CE_PIECEACTIVITY:0.48013743344619403
CE_KINGPAWNSHIELD:0.4163559443447905
CE_PIECECOORDINATION:0.4740445867024571
CE_MATERIAL:0.45010939930116606
CE_KINGSAFETY:0.4897713358322186
C_PIECESQUARETABLES:0.49338890935745067
C_MOBILITY:0.4248722025850633
C_KINGSAFETY:0.6374809102290377
C_PAWNSTRUCTURE:0.45257106216697934
C_PIECECOORDINATION:0.4782451708001705
C_ROOKANDPAWNMOVEMENT:0.4782451708001705
C_CENTERCONTROL:0.5118537235350719
C_DEVELOPPIECES:0.5576237735754453
C_MATERIAL:0.3847798461631917
