ELO:1000
CE_PASSEDPAWNS:0.4943952187753831
CE_PAWNWEAKNESSES:0.5171311466120004
CE_PIECEACTIVITY:0.4960517202205715
CE_KINGPAWNSHIELD:0.5033107623776679
CE_PIECECOORDINATION:0.5817985365342665
CE_MATERIAL:0.41756792115367736
CE_KINGSAFETY:0.522282733040667
C_PIECESQUARETABLES:0.4928667048156715
C_MOBILITY:0.4129429658233435
C_KINGSAFETY:0.44877171953877265
C_PAWNSTRUCTURE:0.43329516510264954
C_PIECECOORDINATION:0.46457801874921006
C_ROOKANDPAWNMOVEMENT:0.46457801874921006
C_CENTERCONTROL:0.5722116260189283
C_DEVELOPPIECES:0.4870706572056834
C_MATERIAL:0.5062254989150071
