ELO:989
CE_PASSEDPAWNS:0.4074420121161468
CE_PAWNWEAKNESSES:0.4449176979510626
CE_PIECEACTIVITY:0.5069858900922309
CE_KINGPAWNSHIELD:0.473271664251929
CE_PIECECOORDINATION:0.4535454616714728
CE_MATERIAL:0.401147243037401
CE_KINGSAFETY:0.5
C_PIECESQUARETABLES:0.5
C_MOBILITY:0.6011018372443822
C_KINGSAFETY:0.5017663362919055
C_PAWNSTRUCTURE:0.6178988479427887
C_PIECECOORDINATION:0.6014267109185548
C_ROOKANDPAWNMOVEMENT:0.6014267109185548
C_CENTERCONTROL:0.3628208528192532
C_DEVELOPPIECES:0.5572269998622278
C_MATERIAL:0.5946026789128448
