ELO:950
CE_PASSEDPAWNS:0.4820343742696834
CE_PAWNWEAKNESSES:0.5052715363875543
CE_PIECEACTIVITY:0.4768752815575686
CE_KINGPAWNSHIELD:0.5081133848942141
CE_PIECECOORDINATION:0.5254945741695722
CE_MATERIAL:0.4603346095013322
CE_KINGSAFETY:0.5
C_PIECESQUARETABLES:0.5
C_MOBILITY:0.49687929743045395
C_KINGSAFETY:0.5222552160552851
C_PAWNSTRUCTURE:0.5237852342187386
C_PIECECOORDINATION:0.4500433647061503
C_ROOK:0.5130701821718203
CE_ROOK:0.5147046878157205
C_CENTERCONTROL:0.4970778218872687
C_DEVELOPPIECES:0.4868188941918628
C_MATERIAL:0.5148923866711621
C_MOVECOUNT:0.49010600835689494
C_PAWNMOVEMENT:0.5260193745075283
