ELO:999
CE_PASSEDPAWNS:0.5058876224157711
CE_PAWNWEAKNESSES:0.41889865311262764
CE_PIECEACTIVITY:0.5282641560406162
CE_KINGPAWNSHIELD:0.5514109623635295
CE_PIECECOORDINATION:0.5104788227958531
CE_MATERIAL:0.5204420489799372
CE_KINGSAFETY:0.4834285948345358
C_PIECESQUARETABLES:0.45611471575782114
C_MOBILITY:0.47327891989663223
C_KINGSAFETY:0.5567048430258129
C_PAWNSTRUCTURE:0.5384604434455
C_PIECECOORDINATION:0.41243735586156133
C_ROOKANDPAWNMOVEMENT:0.41243735586156133
C_CENTERCONTROL:0.4969154260734779
C_DEVELOPPIECES:0.4551648579246828
C_MATERIAL:0.506165823128333
