ELO:986
CE_PASSEDPAWNS:0.4836844347891251
CE_PAWNWEAKNESSES:0.5335917897460885
CE_PIECEACTIVITY:0.5198707056930705
CE_KINGPAWNSHIELD:0.48651014624493183
CE_PIECECOORDINATION:0.5797420490912295
CE_MATERIAL:0.4234172467280927
CE_KINGSAFETY:0.48883029607201417
C_PIECESQUARETABLES:0.5139959341323768
C_MOBILITY:0.3763959134635509
C_KINGSAFETY:0.4467907976310773
C_PAWNSTRUCTURE:0.4137107426993768
C_PIECECOORDINATION:0.5069105301417431
C_ROOKANDPAWNMOVEMENT:0.5069105301417431
C_CENTERCONTROL:0.5893953776402311
C_DEVELOPPIECES:0.476394729994799
C_MATERIAL:0.5153908919451825
