ELO:941
CE_PASSEDPAWNS:0.4631043520424414
CE_PAWNWEAKNESSES:0.5030174359527722
CE_PIECEACTIVITY:0.5247966868142377
CE_KINGPAWNSHIELD:0.4855998708115945
CE_PIECECOORDINATION:0.5214249512919095
CE_MATERIAL:0.5076898783231069
CE_KINGSAFETY:0.5
C_PIECESQUARETABLES:0.5
C_MOBILITY:0.5051260387669642
C_KINGSAFETY:0.45102239110432785
C_PAWNSTRUCTURE:0.5175233377006053
C_PIECECOORDINATION:0.4949519240631618
C_ROOKANDPAWNMOVEMENT:0.4949519240631618
C_CENTERCONTROL:0.4819000372245476
C_DEVELOPPIECES:0.4923640723849854
C_MATERIAL:0.4947322553856841
C_MOVECOUNT:0.5180576959386162
