ELO:1000
CE_PASSEDPAWNS:0.5
CE_PAWNWEAKNESSES:0.4986729107821697
CE_PIECEACTIVITY:0.5109667243919477
CE_KINGPAWNSHIELD:0.4955732789042509
CE_PIECECOORDINATION:0.4898918061752197
CE_MATERIAL:0.5033413323976086
CE_KINGSAFETY:0.49531152297849945
C_PIECESQUARETABLES:0.5
C_MOBILITY:0.5119442942878027
C_KINGSAFETY:0.5
C_PAWNSTRUCTURE:0.5109773225040606
C_PIECECOORDINATION:0.49986626972160997
C_ROOKANDPAWNMOVEMENT:0.49986626972160997
C_CENTERCONTROL:0.4933602400968021
C_DEVELOPPIECES:0.4915697881150956
C_MATERIAL:0.5088536084589521
