ELO:997
CE_PASSEDPAWNS:0.5714074543033913
CE_PAWNWEAKNESSES:0.42612312220841003
CE_PIECEACTIVITY:0.4679477599759906
CE_KINGPAWNSHIELD:0.46196922988995803
CE_PIECECOORDINATION:0.5194453169593056
CE_MATERIAL:0.4458735583100538
CE_KINGSAFETY:0.4913197251619681
C_PIECESQUARETABLES:0.48227123439093095
C_MOBILITY:0.49622342023401017
C_KINGSAFETY:0.525160522060508
C_PAWNSTRUCTURE:0.4369936858640357
C_PIECECOORDINATION:0.47530857118382985
C_ROOKANDPAWNMOVEMENT:0.47530857118382985
C_CENTERCONTROL:0.4776654241947412
C_DEVELOPPIECES:0.5104722779035546
C_MATERIAL:0.4652122695925846
