ELO:981
CE_PASSEDPAWNS:0.5031391561667193
CE_PAWNWEAKNESSES:0.48957434749443746
CE_PIECEACTIVITY:0.5
CE_KINGPAWNSHIELD:0.49663468203635264
CE_PIECECOORDINATION:0.5007039151596626
CE_MATERIAL:0.4848753044360902
CE_KINGSAFETY:0.5141227819815608
C_PIECESQUARETABLES:0.5023917363014181
C_MOBILITY:0.5039474654245817
C_KINGSAFETY:0.5143378623017788
C_PAWNSTRUCTURE:0.5
C_PIECECOORDINATION:0.4888164889551891
C_ROOKANDPAWNMOVEMENT:0.4888164889551891
C_CENTERCONTROL:0.4901454171070046
C_DEVELOPPIECES:0.496541386887061
C_MATERIAL:0.5
C_MOVECOUNT:0.47253804674549726
