ELO:978
CE_PASSEDPAWNS:0.5431170255690609
CE_PAWNWEAKNESSES:0.5026857942965474
CE_PIECEACTIVITY:0.49414128841306515
CE_KINGPAWNSHIELD:0.5372369005705637
CE_PIECECOORDINATION:0.5037897556183167
CE_MATERIAL:0.45161370581393634
CE_KINGSAFETY:0.4971965671960669
C_PIECESQUARETABLES:0.5
C_MOBILITY:0.5
C_KINGSAFETY:0.49920248001801576
C_PAWNSTRUCTURE:0.5782000055518433
C_PIECECOORDINATION:0.5045179194163767
C_ROOK:0.5068713917154754
CE_ROOK:0.4759872540985364
C_CENTERCONTROL:0.5115451209440659
C_DEVELOPPIECES:0.47445009952556927
C_MATERIAL:0.48045192605560944
C_MOVECOUNT:0.515182979208826
C_PAWNMOVEMENT:0.5130319177430742
