ELO:1000
CE_PASSEDPAWNS:0.5439946137837833
CE_PAWNWEAKNESSES:0.466292972379197
CE_PIECEACTIVITY:0.49366050187159943
CE_KINGPAWNSHIELD:0.485524889155549
CE_PIECECOORDINATION:0.5343665148734726
CE_MATERIAL:0.47482893174050117
CE_KINGSAFETY:0.49100244804118987
C_PIECESQUARETABLES:0.4916772600263458
C_MOBILITY:0.5109772542549692
C_KINGSAFETY:0.4978372025184162
C_PAWNSTRUCTURE:0.5022865161922903
C_PIECECOORDINATION:0.4782270866877618
C_ROOKANDPAWNMOVEMENT:0.4782270866877618
C_CENTERCONTROL:0.5049340185519945
C_DEVELOPPIECES:0.5152763286683127
C_MATERIAL:0.4783818424466953
