ELO:1000
CE_PASSEDPAWNS:0.5030761696796737
CE_PAWNWEAKNESSES:0.48638268408132923
CE_PIECEACTIVITY:0.5073134675221762
CE_KINGPAWNSHIELD:0.48785739675936307
CE_PIECECOORDINATION:0.48069654681858887
CE_MATERIAL:0.5166017439128292
CE_KINGSAFETY:0.45608474010705063
C_PIECESQUARETABLES:0.5140742557585822
C_MOBILITY:0.4801637822485419
C_KINGSAFETY:0.49549034711681433
C_PAWNSTRUCTURE:0.5198604806825816
C_PIECECOORDINATION:0.5112403937545027
C_ROOKANDPAWNMOVEMENT:0.5112403937545027
C_CENTERCONTROL:0.4867619717247452
C_DEVELOPPIECES:0.4760315838399731
C_MATERIAL:0.5333254893141027
