ELO:977
CE_PASSEDPAWNS:0.5110196372096623
CE_PAWNWEAKNESSES:0.5223533284494017
CE_PIECEACTIVITY:0.528350272934443
CE_KINGPAWNSHIELD:0.47264741306890573
CE_PIECECOORDINATION:0.47360610606814124
CE_MATERIAL:0.49091134820534305
CE_KINGSAFETY:0.5
C_PIECESQUARETABLES:0.5
C_MOBILITY:0.5170970209675061
C_KINGSAFETY:0.5157503187537403
C_PAWNSTRUCTURE:0.47229996450026107
C_PIECECOORDINATION:0.5330439623367109
C_ROOK:0.5223055669905319
CE_ROOK:0.5348033858438919
C_CENTERCONTROL:0.5181664927584207
C_DEVELOPPIECES:0.48786143320810654
C_MATERIAL:0.48409382317216737
C_MOVECOUNT:0.500602818450841
C_PAWNMOVEMENT:0.5297206060621521
