ELO:987
CE_PASSEDPAWNS:0.5
CE_PAWNWEAKNESSES:0.49047066587397736
CE_PIECEACTIVITY:0.5248673359012053
CE_KINGPAWNSHIELD:0.4995597791740991
CE_PIECECOORDINATION:0.5151720233873742
CE_MATERIAL:0.5038637151425879
CE_KINGSAFETY:0.48911826772001626
C_PIECESQUARETABLES:0.49867807779855183
C_MOBILITY:0.5389756573248687
C_KINGSAFETY:0.5007841588470223
C_PAWNSTRUCTURE:0.49406914128749163
C_PIECECOORDINATION:0.5206880657465078
C_ROOKANDPAWNMOVEMENT:0.5206880657465078
C_CENTERCONTROL:0.49473360149604834
C_DEVELOPPIECES:0.501419722840217
C_MATERIAL:0.4920469871252361
C_MOVECOUNT:0.4910026095746901
