ELO:988
CE_PASSEDPAWNS:0.5406537325553008
CE_PAWNWEAKNESSES:0.43739954907175566
CE_PIECEACTIVITY:0.4322567336011751
CE_KINGPAWNSHIELD:0.5039896060368084
CE_PIECECOORDINATION:0.5219682075977412
CE_MATERIAL:0.45899960219636415
CE_KINGSAFETY:0.44887563374395456
C_PIECESQUARETABLES:0.47088367810319726
C_MOBILITY:0.548068623882631
C_KINGSAFETY:0.519536738742209
C_PAWNSTRUCTURE:0.5336758031502844
C_PIECECOORDINATION:0.5317645593938891
C_ROOKANDPAWNMOVEMENT:0.5317645593938891
C_CENTERCONTROL:0.5287012746738095
C_DEVELOPPIECES:0.4206804967057234
C_MATERIAL:0.5397055097365433
