ELO:1000
CE_PASSEDPAWNS:0.5007862843851102
CE_PAWNWEAKNESSES:0.5
CE_PIECEACTIVITY:0.5
CE_KINGPAWNSHIELD:0.4880389340242597
CE_PIECECOORDINATION:0.5097153402005759
CE_MATERIAL:0.49632039586974025
CE_KINGSAFETY:0.5098989276303335
C_PIECESQUARETABLES:0.5
C_MOBILITY:0.5124677827265686
C_KINGSAFETY:0.5118682666664573
C_PAWNSTRUCTURE:0.507218548304267
C_PIECECOORDINATION:0.49928282458305123
C_ROOKANDPAWNMOVEMENT:0.49928282458305123
C_CENTERCONTROL:0.5
C_DEVELOPPIECES:0.5046392802878606
C_MATERIAL:0.5
