ELO:1004
CE_PASSEDPAWNS:0.5941088248648235
CE_PAWNWEAKNESSES:0.52180516396023
CE_PIECEACTIVITY:0.39349920028110386
CE_KINGPAWNSHIELD:0.45546597777505105
CE_PIECECOORDINATION:0.44014683927730447
CE_MATERIAL:0.487900211199987
CE_KINGSAFETY:0.4972915547129299
C_PIECESQUARETABLES:0.5242506445655543
C_MOBILITY:0.49047144650265273
C_KINGSAFETY:0.5889337867786791
C_PAWNSTRUCTURE:0.488239052412154
C_PIECECOORDINATION:0.4379533162125016
C_ROOKANDPAWNMOVEMENT:0.4379533162125016
C_CENTERCONTROL:0.5053743089993965
C_DEVELOPPIECES:0.4870954680435132
C_MATERIAL:0.35901203142878807
