ELO:961
CE_PASSEDPAWNS:0.5252820425691348
CE_PAWNWEAKNESSES:0.45085165688878925
CE_PIECEACTIVITY:0.40526569384187416
CE_KINGPAWNSHIELD:0.4877481690410727
CE_PIECECOORDINATION:0.5328294606498492
CE_MATERIAL:0.4210570512531428
CE_KINGSAFETY:0.49607092194405455
C_PIECESQUARETABLES:0.5
C_MOBILITY:0.5575729119491895
C_KINGSAFETY:0.5201831564969908
C_PAWNSTRUCTURE:0.5428996879433914
C_PIECECOORDINATION:0.5125394360738711
C_ROOKANDPAWNMOVEMENT:0.5125394360738711
C_CENTERCONTROL:0.5124435830488355
C_DEVELOPPIECES:0.4289444028959511
C_MATERIAL:0.5690121278012533
