ELO:976
CE_PASSEDPAWNS:0.5
CE_PAWNWEAKNESSES:0.5093353653756929
CE_PIECEACTIVITY:0.48679111918559953
CE_KINGPAWNSHIELD:0.49582522576260285
CE_PIECECOORDINATION:0.5
CE_MATERIAL:0.5
CE_KINGSAFETY:0.5071216924940938
C_PIECESQUARETABLES:0.5
C_MOBILITY:0.4912713839471128
C_KINGSAFETY:0.5065511311202394
C_PAWNSTRUCTURE:0.4851541270066474
C_PIECECOORDINATION:0.49979191586325583
C_ROOKANDPAWNMOVEMENT:0.49979191586325583
C_CENTERCONTROL:0.5064643448449948
C_DEVELOPPIECES:0.5
C_MATERIAL:0.5
C_MOVECOUNT:0.5
