ELO:950
CE_PASSEDPAWNS:0.47202490901495786
CE_PAWNWEAKNESSES:0.49162698652865805
CE_PIECEACTIVITY:0.525469896526628
CE_KINGPAWNSHIELD:0.49758087833242565
CE_PIECECOORDINATION:0.5098593208515463
CE_MATERIAL:0.5037648693029356
CE_KINGSAFETY:0.5279792130919253
C_PIECESQUARETABLES:0.5
C_MOBILITY:0.49875277072968305
C_KINGSAFETY:0.49171943819088887
C_PAWNSTRUCTURE:0.4914824084697908
C_PIECECOORDINATION:0.4899957923808215
C_ROOKANDPAWNMOVEMENT:0.4899957923808215
C_CENTERCONTROL:0.4981227249516557
C_DEVELOPPIECES:0.4973278988742361
C_MATERIAL:0.5198085877324896
C_MOVECOUNT:0.5
