ELO:1000
CE_PASSEDPAWNS:0.5353266941069089
CE_PAWNWEAKNESSES:0.4566658290114995
CE_PIECEACTIVITY:0.4866965117203908
CE_KINGPAWNSHIELD:0.5189163527032067
CE_PIECECOORDINATION:0.5161707143923658
CE_MATERIAL:0.4614034563817948
CE_KINGSAFETY:0.4564019201608146
C_PIECESQUARETABLES:0.45530073877133204
C_MOBILITY:0.49560978469634115
C_KINGSAFETY:0.5235106326443707
C_PAWNSTRUCTURE:0.5393446748294138
C_PIECECOORDINATION:0.5468387009607938
C_ROOKANDPAWNMOVEMENT:0.5468387009607938
C_CENTERCONTROL:0.49305354545135893
C_DEVELOPPIECES:0.4618302794936465
C_MATERIAL:0.555897831919851
