ELO:1000
CE_PASSEDPAWNS:0.4953475740450442
CE_PAWNWEAKNESSES:0.496845268646219
CE_PIECEACTIVITY:0.48731457245548754
CE_KINGPAWNSHIELD:0.48166930633088295
CE_PIECECOORDINATION:0.48069654681858887
CE_MATERIAL:0.5073033360525636
CE_KINGSAFETY:0.4972609190536338
C_PIECESQUARETABLES:0.516585960301245
C_MOBILITY:0.47191674598890404
C_KINGSAFETY:0.49853931732131934
C_PAWNSTRUCTURE:0.5312988316373003
C_PIECECOORDINATION:0.5236977397453518
C_ROOKANDPAWNMOVEMENT:0.5236977397453518
C_CENTERCONTROL:0.4739586617862243
C_DEVELOPPIECES:0.4723781699394009
C_MATERIAL:0.512899877556552
