ELO:996
CE_PASSEDPAWNS:0.5022071823934835
CE_PAWNWEAKNESSES:0.4990722242229303
CE_PIECEACTIVITY:0.504791271503513
CE_KINGPAWNSHIELD:0.49501007256808066
CE_PIECECOORDINATION:0.5
CE_MATERIAL:0.5162001788005648
CE_KINGSAFETY:0.5227571339942064
C_PIECESQUARETABLES:0.5
C_MOBILITY:0.48939528630584844
C_KINGSAFETY:0.5091123088638267
C_PAWNSTRUCTURE:0.4962414116878445
C_PIECECOORDINATION:0.5115734234105909
C_ROOKANDPAWNMOVEMENT:0.5115734234105909
C_CENTERCONTROL:0.5
C_DEVELOPPIECES:0.5029659791258996
C_MATERIAL:0.5030875712976182
