ELO:805
CE_PASSEDPAWNS:0.5242611971648895
CE_PAWNWEAKNESSES:0.539484770715765
CE_PIECEACTIVITY:0.5108135240329388
CE_KINGPAWNSHIELD:0.470662502663219
CE_PIECECOORDINATION:0.5195803490966499
CE_MATERIAL:0.4969727981799888
CE_KINGSAFETY:0.5192990729055142
C_PIECESQUARETABLES:0.48207268726340435
C_MOBILITY:0.4349531096947891
C_KINGSAFETY:0.46711146944184884
C_PAWNSTRUCTURE:0.4596576693908845
C_PIECECOORDINATION:0.6036311838679844
C_ROOKANDPAWNMOVEMENT:0.6036311838679844
C_CENTERCONTROL:0.5139400400621182
C_DEVELOPPIECES:0.4818568996912593
C_MATERIAL:0.47110246095258024
C_MOVECOUNT:0.5
