ELO:902
CE_PASSEDPAWNS:0.4822445852315425
CE_PAWNWEAKNESSES:0.5015606934679873
CE_PIECEACTIVITY:0.47131090455793884
CE_KINGPAWNSHIELD:0.4821676993600023
CE_PIECECOORDINATION:0.48587956972569074
CE_MATERIAL:0.4672548218223204
CE_KINGSAFETY:0.4797707809170294
C_PIECESQUARETABLES:0.47433276276814224
C_MOBILITY:0.49663785690123047
C_KINGSAFETY:0.53498712613839
C_PAWNSTRUCTURE:0.4917122281554254
C_PIECECOORDINATION:0.4907067424020869
C_ROOKANDPAWNMOVEMENT:0.4907067424020869
C_CENTERCONTROL:0.4951088997500587
C_DEVELOPPIECES:0.5072070896053716
C_MATERIAL:0.5070378244991495
C_MOVECOUNT:0.5
