ELO:1050
CE_PASSEDPAWNS:0.5
CE_PAWNWEAKNESSES:0.4912631104166336
CE_PIECEACTIVITY:0.49215618790470944
CE_KINGPAWNSHIELD:0.4958939672006035
CE_PIECECOORDINATION:0.5029371718630161
CE_MATERIAL:0.48584734817117486
CE_KINGSAFETY:0.5
C_PIECESQUARETABLES:0.5059195980520927
C_MOBILITY:0.5
C_KINGSAFETY:0.4925251161298877
C_PAWNSTRUCTURE:0.5082917317804971
C_PIECECOORDINATION:0.5
C_ROOKANDPAWNMOVEMENT:0.5
C_CENTERCONTROL:0.4968289143882078
C_DEVELOPPIECES:0.5
C_MATERIAL:0.48514028385232294
