ELO:1010
CE_PASSEDPAWNS:0.5
CE_PAWNWEAKNESSES:0.4892924405710949
CE_PIECEACTIVITY:0.504791271503513
CE_KINGPAWNSHIELD:0.5008291871494543
CE_PIECECOORDINATION:0.5115929858944105
CE_MATERIAL:0.5069847762597819
CE_KINGSAFETY:0.5042436872079312
C_PIECESQUARETABLES:0.5
C_MOBILITY:0.5168119774838984
C_KINGSAFETY:0.5
C_PAWNSTRUCTURE:0.51629892019939
C_PIECECOORDINATION:0.5
C_ROOKANDPAWNMOVEMENT:0.5
C_CENTERCONTROL:0.5
C_DEVELOPPIECES:0.502469500050622
C_MATERIAL:0.5023845614438687
