ELO:733
CE_PASSEDPAWNS:0.5209808494238546
CE_PAWNWEAKNESSES:0.5740721503929755
CE_PIECEACTIVITY:0.5471229898873087
CE_KINGPAWNSHIELD:0.47700750175139683
CE_PIECECOORDINATION:0.5330037717374008
CE_MATERIAL:0.49955713283495556
CE_KINGSAFETY:0.48163665838199626
C_PIECESQUARETABLES:0.5320255123537233
C_MOBILITY:0.3730131760760236
C_KINGSAFETY:0.44159733368632204
C_PAWNSTRUCTURE:0.4963294590178576
C_PIECECOORDINATION:0.5393692569232774
C_ROOKANDPAWNMOVEMENT:0.5393692569232774
C_CENTERCONTROL:0.5281363960483807
C_DEVELOPPIECES:0.5197709317715693
C_MATERIAL:0.4234058053635773
C_MOVECOUNT:0.5047655246515149
