ELO:1031
CE_PASSEDPAWNS:0.5120223944454932
CE_PAWNWEAKNESSES:0.5220756101037836
CE_PIECEACTIVITY:0.5
CE_KINGPAWNSHIELD:0.4973442134158641
CE_PIECECOORDINATION:0.5050112861436514
CE_MATERIAL:0.5
CE_KINGSAFETY:0.5012648671015366
C_PIECESQUARETABLES:0.5081531982795403
C_MOBILITY:0.5009597381342237
C_KINGSAFETY:0.4951984472669564
C_PAWNSTRUCTURE:0.5086652287721315
C_PIECECOORDINATION:0.503851854509075
C_ROOKANDPAWNMOVEMENT:0.503851854509075
C_CENTERCONTROL:0.5
C_DEVELOPPIECES:0.4687989001368767
C_MATERIAL:0.4784243324502085
