ELO:996
CE_PASSEDPAWNS:0.49598991381368607
CE_PAWNWEAKNESSES:0.4827234037055935
CE_PIECEACTIVITY:0.4745791087086894
CE_KINGPAWNSHIELD:0.49801073159689885
CE_PIECECOORDINATION:0.486990482529114
CE_MATERIAL:0.5105975439674432
CE_KINGSAFETY:0.5005521378519776
C_PIECESQUARETABLES:0.5
C_MOBILITY:0.49412626239501234
C_KINGSAFETY:0.4743106485888852
C_PAWNSTRUCTURE:0.5194196246624769
C_PIECECOORDINATION:0.5262879576584361
C_ROOK:0.5068507259615967
CE_ROOK:0.4881273548935966
C_CENTERCONTROL:0.4921312419304174
C_DEVELOPPIECES:0.49633172669850434
C_MATERIAL:0.47837023877918194
C_MOVECOUNT:0.501215303231995
C_PAWNMOVEMENT:0.49868412184157773
