ELO:901
CE_PASSEDPAWNS:0.4641555415231479
CE_PAWNWEAKNESSES:0.4681583008700798
CE_PIECEACTIVITY:0.46007584959228487
CE_KINGPAWNSHIELD:0.41607985100749134
CE_PIECECOORDINATION:0.5527677007510551
CE_MATERIAL:0.5998780514990741
CE_KINGSAFETY:0.5177338226752148
C_PIECESQUARETABLES:0.52892094306478
C_MOBILITY:0.5683873517041729
C_KINGSAFETY:0.5497827038520279
C_PAWNSTRUCTURE:0.5047052769782288
C_PIECECOORDINATION:0.4956272287206431
C_ROOKANDPAWNMOVEMENT:0.4956272287206431
C_CENTERCONTROL:0.5100424487028175
C_DEVELOPPIECES:0.442787902935785
C_MATERIAL:0.5641234540522582
