ELO:904
CE_PASSEDPAWNS:0.48853236588020527
CE_PAWNWEAKNESSES:0.5079537529593177
CE_PIECEACTIVITY:0.44124550512267485
CE_KINGPAWNSHIELD:0.5041522158860057
CE_PIECECOORDINATION:0.49185754960827854
CE_MATERIAL:0.4682546649144693
CE_KINGSAFETY:0.49984934477373605
C_PIECESQUARETABLES:0.45584707777922695
C_MOBILITY:0.48736705376803396
C_KINGSAFETY:0.5165810545291173
C_PAWNSTRUCTURE:0.4814257553947482
C_PIECECOORDINATION:0.48417739843086055
C_ROOKANDPAWNMOVEMENT:0.48417739843086055
C_CENTERCONTROL:0.4862005732922637
C_DEVELOPPIECES:0.501458275524741
C_MATERIAL:0.5030477672953864
C_MOVECOUNT:0.5
