ELO:1010
CE_PASSEDPAWNS:0.5
CE_PAWNWEAKNESSES:0.5
CE_PIECEACTIVITY:0.5
CE_KINGPAWNSHIELD:0.4891324076577413
CE_PIECECOORDINATION:0.5124405530692556
CE_MATERIAL:0.5113267390751274
CE_KINGSAFETY:0.5
C_PIECESQUARETABLES:0.49025685273634134
C_MOBILITY:0.5
C_KINGSAFETY:0.4883426818803861
C_PAWNSTRUCTURE:0.5073351803269669
C_PIECECOORDINATION:0.504540359159288
C_ROOK:0.5
CE_ROOK:0.5
C_CENTERCONTROL:0.5
C_DEVELOPPIECES:0.49691573018062196
C_MATERIAL:0.5
C_MOVECOUNT:0.49846421400846597
C_PAWNMOVEMENT:0.5
