ELO:953
CE_PASSEDPAWNS:0.5078519285375549
CE_PAWNWEAKNESSES:0.4277819443138104
CE_PIECEACTIVITY:0.4366206041920362
CE_KINGPAWNSHIELD:0.5013114281083756
CE_PIECECOORDINATION:0.5530649570700704
CE_MATERIAL:0.42632576278775336
CE_KINGSAFETY:0.5152524342977263
C_PIECESQUARETABLES:0.4716000070205472
C_MOBILITY:0.552379471176715
C_KINGSAFETY:0.5063314066246101
C_PAWNSTRUCTURE:0.5519333021120668
C_PIECECOORDINATION:0.5167830750369599
C_ROOKANDPAWNMOVEMENT:0.5167830750369599
C_CENTERCONTROL:0.5071486796651263
C_DEVELOPPIECES:0.4159087837167055
C_MATERIAL:0.5416028111754039
