ELO:988
CE_PASSEDPAWNS:0.5030350950408186
CE_PAWNWEAKNESSES:0.495625898334142
CE_PIECEACTIVITY:0.49517834046518416
CE_KINGPAWNSHIELD:0.503313268196719
CE_PIECECOORDINATION:0.5088885429659978
CE_MATERIAL:0.49660803414340243
CE_KINGSAFETY:0.5
C_PIECESQUARETABLES:0.5
C_MOBILITY:0.4951433976966723
C_KINGSAFETY:0.4994109561248361
C_PAWNSTRUCTURE:0.5153839041096274
C_PIECECOORDINATION:0.4709911097455654
C_ROOKANDPAWNMOVEMENT:0.4709911097455654
C_CENTERCONTROL:0.49525592787221795
C_DEVELOPPIECES:0.5
C_MATERIAL:0.5176902349104348
C_MOVECOUNT:0.5
