ELO:957
CE_PASSEDPAWNS:0.4575239913438309
CE_PAWNWEAKNESSES:0.5110680386442462
CE_PIECEACTIVITY:0.532319082240423
CE_KINGPAWNSHIELD:0.49131988862764564
CE_PIECECOORDINATION:0.5159377005853002
CE_MATERIAL:0.49882628490993874
CE_KINGSAFETY:0.5096092694505673
C_PIECESQUARETABLES:0.5072972003975171
C_MOBILITY:0.48018598531333717
C_KINGSAFETY:0.48951500944895054
C_PAWNSTRUCTURE:0.48825670182174663
C_PIECECOORDINATION:0.5016812341554147
C_ROOKANDPAWNMOVEMENT:0.5016812341554147
C_CENTERCONTROL:0.5084427417492313
C_DEVELOPPIECES:0.48789852966968456
C_MATERIAL:0.507728306111895
C_MOVECOUNT:0.5
