ELO:1000
CE_PASSEDPAWNS:0.5404661543875035
CE_PAWNWEAKNESSES:0.489684583231328
CE_PIECEACTIVITY:0.4928859365885086
CE_KINGPAWNSHIELD:0.4933478041764091
CE_PIECECOORDINATION:0.5046514357722033
CE_MATERIAL:0.5042170894418826
CE_KINGSAFETY:0.5
C_PIECESQUARETABLES:0.5
C_MOBILITY:0.4741832481571854
C_KINGSAFETY:0.5103003173900424
C_PAWNSTRUCTURE:0.48741819338769404
C_PIECECOORDINATION:0.5241177958241829
C_ROOKANDPAWNMOVEMENT:0.5241177958241829
C_CENTERCONTROL:0.48300978667729466
C_DEVELOPPIECES:0.4215941642513429
C_MATERIAL:0.5067947582068176
