ELO:1000
CE_PASSEDPAWNS:0.5521200132170939
CE_PAWNWEAKNESSES:0.4426988898021036
CE_PIECEACTIVITY:0.47914268953585365
CE_KINGPAWNSHIELD:0.49221283343564276
CE_PIECECOORDINATION:0.542271131005519
CE_MATERIAL:0.4652342052252793
CE_KINGSAFETY:0.5232807708607262
C_PIECESQUARETABLES:0.49047631731913244
C_MOBILITY:0.5001080200622113
C_KINGSAFETY:0.5368823531751372
C_PAWNSTRUCTURE:0.47711998129932576
C_PIECECOORDINATION:0.5050749095912489
C_ROOKANDPAWNMOVEMENT:0.5050749095912489
C_CENTERCONTROL:0.4735687732841098
C_DEVELOPPIECES:0.5438767420409126
C_MATERIAL:0.44608705337335436
