ELO:989
CE_PASSEDPAWNS:0.3988710151026208
CE_PAWNWEAKNESSES:0.44542974891888637
CE_PIECEACTIVITY:0.5055534717583172
CE_KINGPAWNSHIELD:0.4894001893032282
CE_PIECECOORDINATION:0.5945923831985539
CE_MATERIAL:0.41237886705497595
CE_KINGSAFETY:0.47957277172680635
C_PIECESQUARETABLES:0.5
C_MOBILITY:0.6080485880047876
C_KINGSAFETY:0.5742475742575268
C_PAWNSTRUCTURE:0.6185667477854205
C_PIECECOORDINATION:0.6219062452367227
C_ROOKANDPAWNMOVEMENT:0.6219062452367227
C_CENTERCONTROL:0.38257410751037846
C_DEVELOPPIECES:0.48463106472835726
C_MATERIAL:0.6054438987847002
