ELO:984
CE_PASSEDPAWNS:0.5
CE_PAWNWEAKNESSES:0.5
CE_PIECEACTIVITY:0.5018101755007194
CE_KINGPAWNSHIELD:0.5046620510408499
CE_PIECECOORDINATION:0.48453609355251864
CE_MATERIAL:0.5085468045655341
CE_KINGSAFETY:0.4893801863776715
C_PIECESQUARETABLES:0.4922415081772454
C_MOBILITY:0.5110762353670556
C_KINGSAFETY:0.4962533846888778
C_PAWNSTRUCTURE:0.48217777098805054
C_PIECECOORDINATION:0.48453417054705805
C_ROOKANDPAWNMOVEMENT:0.48453417054705805
C_CENTERCONTROL:0.4892240594833308
C_DEVELOPPIECES:0.5025442453632842
C_MATERIAL:0.49029185857339197
