ELO:937
CE_PASSEDPAWNS:0.5384096781231397
CE_PAWNWEAKNESSES:0.4188753243605483
CE_PIECEACTIVITY:0.48092312622873024
CE_KINGPAWNSHIELD:0.5132024070119989
CE_PIECECOORDINATION:0.5188459462290146
CE_MATERIAL:0.4341173542346491
CE_KINGSAFETY:0.4976137300544762
C_PIECESQUARETABLES:0.5151278714765135
C_MOBILITY:0.4537814563111621
C_KINGSAFETY:0.5506193108551718
C_PAWNSTRUCTURE:0.473654103060533
C_PIECECOORDINATION:0.49818253565944987
C_ROOKANDPAWNMOVEMENT:0.49818253565944987
C_CENTERCONTROL:0.4596059993365867
C_DEVELOPPIECES:0.538422487025489
C_MATERIAL:0.46860069064294857
