ELO:968
CE_PASSEDPAWNS:0.5347210887139718
CE_PAWNWEAKNESSES:0.5053266360726595
CE_PIECEACTIVITY:0.43552043524387457
CE_KINGPAWNSHIELD:0.5171113831688792
CE_PIECECOORDINATION:0.49078692506640204
CE_MATERIAL:0.4712222191105521
CE_KINGSAFETY:0.5
C_PIECESQUARETABLES:0.5
C_MOBILITY:0.48552213159070967
C_KINGSAFETY:0.49931580890716704
C_PAWNSTRUCTURE:0.5782000055518433
C_PIECECOORDINATION:0.5154938026033589
C_ROOK:0.5137023589119764
CE_ROOK:0.4799624339134603
C_CENTERCONTROL:0.46190291573500836
C_DEVELOPPIECES:0.4781815793096522
C_MATERIAL:0.5021982910563453
C_MOVECOUNT:0.5135126084845257
C_PAWNMOVEMENT:0.5243422764538586
