ELO:1000
CE_PASSEDPAWNS:0.5320280909290158
CE_PAWNWEAKNESSES:0.45912849918941245
CE_PIECEACTIVITY:0.47306036458851675
CE_KINGPAWNSHIELD:0.5189163527032067
CE_PIECECOORDINATION:0.5131081110678959
CE_MATERIAL:0.4614034563817948
CE_KINGSAFETY:0.46596634093126366
C_PIECESQUARETABLES:0.45530073877133204
C_MOBILITY:0.4920217291487883
C_KINGSAFETY:0.5239242794836718
C_PAWNSTRUCTURE:0.5339314169999971
C_PIECECOORDINATION:0.5468387009607938
C_ROOKANDPAWNMOVEMENT:0.5468387009607938
C_CENTERCONTROL:0.49305354545135893
C_DEVELOPPIECES:0.4677065999855905
C_MATERIAL:0.555897831919851
