ELO:977
CE_PASSEDPAWNS:0.5074383668334821
CE_PAWNWEAKNESSES:0.5088697690693521
CE_PIECEACTIVITY:0.48661846218344973
CE_KINGPAWNSHIELD:0.5013719638725697
CE_PIECECOORDINATION:0.4981172965173857
CE_MATERIAL:0.4925612696916468
CE_KINGSAFETY:0.5
C_PIECESQUARETABLES:0.5
C_MOBILITY:0.46989050929214177
C_KINGSAFETY:0.5086823228816952
C_PAWNSTRUCTURE:0.4513481143298612
C_PIECECOORDINATION:0.5535464128931693
C_ROOK:0.5242806517332455
CE_ROOK:0.5312266395944001
C_CENTERCONTROL:0.526919927314315
C_DEVELOPPIECES:0.48076624957445946
C_MATERIAL:0.5103302172478852
C_MOVECOUNT:0.48794601175625624
C_PAWNMOVEMENT:0.5412808016547613
