ELO:993
CE_PASSEDPAWNS:0.5308605471515124
CE_PAWNWEAKNESSES:0.44506917166039206
CE_PIECEACTIVITY:0.48044689432387516
CE_KINGPAWNSHIELD:0.5123512938624173
CE_PIECECOORDINATION:0.49476964156167547
CE_MATERIAL:0.46657059231331366
CE_KINGSAFETY:0.4603448716820879
C_PIECESQUARETABLES:0.45172300815154787
C_MOBILITY:0.5252411554910418
C_KINGSAFETY:0.519553536649889
C_PAWNSTRUCTURE:0.5402304810744862
C_PIECECOORDINATION:0.5279284224496243
C_ROOKANDPAWNMOVEMENT:0.5279284224496243
C_CENTERCONTROL:0.4847250528712344
C_DEVELOPPIECES:0.44917686572656446
C_MATERIAL:0.5339062772346966
