ELO:1000
CE_PASSEDPAWNS:0.5
CE_PAWNWEAKNESSES:0.4987587113642511
CE_PIECEACTIVITY:0.48822565766159387
CE_KINGPAWNSHIELD:0.5095491204489557
CE_PIECECOORDINATION:0.5
CE_MATERIAL:0.5108252551106629
CE_KINGSAFETY:0.5
C_PIECESQUARETABLES:0.5
C_MOBILITY:0.49242001348138303
C_KINGSAFETY:0.5019756181441802
C_PAWNSTRUCTURE:0.5022945486499417
C_PIECECOORDINATION:0.5048090972683291
C_ROOK:0.5035711897647006
CE_ROOK:0.5
C_CENTERCONTROL:0.5
C_DEVELOPPIECES:0.5
C_MATERIAL:0.499124696940777
C_MOVECOUNT:0.5056397459854927
C_PAWNMOVEMENT:0.49868412184157773
