ELO:987
CE_PASSEDPAWNS:0.4790425852009352
CE_PAWNWEAKNESSES:0.5264622158592249
CE_PIECEACTIVITY:0.5021397167621611
CE_KINGPAWNSHIELD:0.4995597791740991
CE_PIECECOORDINATION:0.49282064599415637
CE_MATERIAL:0.5060196398632766
CE_KINGSAFETY:0.5
C_PIECESQUARETABLES:0.5038984010429555
C_MOBILITY:0.5389756573248687
C_KINGSAFETY:0.5061976505566789
C_PAWNSTRUCTURE:0.4943361187327287
C_PIECECOORDINATION:0.49979191586325583
C_ROOKANDPAWNMOVEMENT:0.49979191586325583
C_CENTERCONTROL:0.49473360149604834
C_DEVELOPPIECES:0.5000866031054096
C_MATERIAL:0.48558102836030587
C_MOVECOUNT:0.48832751057770074
