ELO:973
CE_PASSEDPAWNS:0.5001563073884289
CE_PAWNWEAKNESSES:0.48267794455986424
CE_PIECEACTIVITY:0.47854018141897114
CE_KINGPAWNSHIELD:0.5016992672779681
CE_PIECECOORDINATION:0.4879749204869908
CE_MATERIAL:0.5074633244101147
CE_KINGSAFETY:0.5
C_PIECESQUARETABLES:0.5
C_MOBILITY:0.49463566632214573
C_KINGSAFETY:0.4890156864001491
C_PAWNSTRUCTURE:0.5000943302665257
C_PIECECOORDINATION:0.5020202124751343
C_ROOK:0.5068507259615967
CE_ROOK:0.4930739876742333
C_CENTERCONTROL:0.5054103021269466
C_DEVELOPPIECES:0.5043815676268623
C_MATERIAL:0.48698228499984947
C_MOVECOUNT:0.5074998954545129
C_PAWNMOVEMENT:0.49868412184157773
