ELO:755
CE_PASSEDPAWNS:0.5209808494238546
CE_PAWNWEAKNESSES:0.5839839635791281
CE_PIECEACTIVITY:0.5471229898873087
CE_KINGPAWNSHIELD:0.4759557096862314
CE_PIECECOORDINATION:0.5236847517016087
CE_MATERIAL:0.5015549504984851
CE_KINGSAFETY:0.4928303118185729
C_PIECESQUARETABLES:0.5245240778313277
C_MOBILITY:0.4015076700717027
C_KINGSAFETY:0.4503192388260893
C_PAWNSTRUCTURE:0.4727303795880406
C_PIECECOORDINATION:0.5612965204904792
C_ROOKANDPAWNMOVEMENT:0.5612965204904792
C_CENTERCONTROL:0.5381621470579665
C_DEVELOPPIECES:0.5207246809483629
C_MATERIAL:0.4544367250555411
C_MOVECOUNT:0.5083443448798656
