ELO:1008
CE_PASSEDPAWNS:0.4890490725942416
CE_PAWNWEAKNESSES:0.4881029449167241
CE_PIECEACTIVITY:0.49710442561122964
CE_KINGPAWNSHIELD:0.48552581049830257
CE_PIECECOORDINATION:0.45724712091585606
CE_MATERIAL:0.5105975439674432
CE_KINGSAFETY:0.49113967076940934
C_PIECESQUARETABLES:0.49236659267788724
C_MOBILITY:0.5018607444978413
C_KINGSAFETY:0.489360145671113
C_PAWNSTRUCTURE:0.4950902985279186
C_PIECECOORDINATION:0.5262879576584361
C_ROOK:0.47760459327354615
CE_ROOK:0.5012315095666044
C_CENTERCONTROL:0.5114146352705758
C_DEVELOPPIECES:0.49633172669850434
C_MATERIAL:0.5092365221801399
C_MOVECOUNT:0.47742494455911394
C_PAWNMOVEMENT:0.48399930578430655
