ELO:976
CE_PASSEDPAWNS:0.5472597552816592
CE_PAWNWEAKNESSES:0.48917071945373714
CE_PIECEACTIVITY:0.41159485335858104
CE_KINGPAWNSHIELD:0.49403016667108346
CE_PIECECOORDINATION:0.5066232075357641
CE_MATERIAL:0.5103870890660721
CE_KINGSAFETY:0.5
C_PIECESQUARETABLES:0.5
C_MOBILITY:0.47727189956904836
C_KINGSAFETY:0.4577159948099228
C_PAWNSTRUCTURE:0.49051402911238096
C_PIECECOORDINATION:0.5250345055367492
C_ROOK:0.5242806517332455
CE_ROOK:0.5073917308926589
C_CENTERCONTROL:0.46548977497890054
C_DEVELOPPIECES:0.49326987677886586
C_MATERIAL:0.5080029093786893
C_MOVECOUNT:0.48773281876751046
C_PAWNMOVEMENT:0.5271924546016467
