ELO:1035
CE_PASSEDPAWNS:0.503487537645029
CE_PAWNWEAKNESSES:0.4929500773763804
CE_PIECEACTIVITY:0.5227283126806886
CE_KINGPAWNSHIELD:0.5010889238883028
CE_PIECECOORDINATION:0.4995495784125249
CE_MATERIAL:0.4781090402622961
CE_KINGSAFETY:0.4926135511106844
C_PIECESQUARETABLES:0.5
C_MOBILITY:0.5114074977280486
C_KINGSAFETY:0.5121244189888806
C_PAWNSTRUCTURE:0.5068340473451495
C_PIECECOORDINATION:0.5117495012326894
C_ROOKANDPAWNMOVEMENT:0.5117495012326894
C_CENTERCONTROL:0.5006707391688551
C_DEVELOPPIECES:0.5123507158252396
C_MATERIAL:0.49260959798879045
C_MOVECOUNT:0.5046261436038253
