ELO:1000
CE_PASSEDPAWNS:0.5069388681611158
CE_PAWNWEAKNESSES:0.49679247965179946
CE_PIECEACTIVITY:0.5184903952082017
CE_KINGPAWNSHIELD:0.48785739675936307
CE_PIECECOORDINATION:0.48069654681858887
CE_MATERIAL:0.5044263065452486
CE_KINGSAFETY:0.45608474010705063
C_PIECESQUARETABLES:0.5093058817087535
C_MOBILITY:0.49623795065352017
C_KINGSAFETY:0.49549034711681433
C_PAWNSTRUCTURE:0.5087401825395441
C_PIECECOORDINATION:0.5112403937545027
C_ROOKANDPAWNMOVEMENT:0.5112403937545027
C_CENTERCONTROL:0.4867619717247452
C_DEVELOPPIECES:0.4707312599840388
C_MATERIAL:0.5269312297036997
