ELO:973
CE_PASSEDPAWNS:0.5503569284254206
CE_PAWNWEAKNESSES:0.4240901860011369
CE_PIECEACTIVITY:0.460757309981625
CE_KINGPAWNSHIELD:0.4738029076342981
CE_PIECECOORDINATION:0.5324058124911553
CE_MATERIAL:0.4492977513010917
CE_KINGSAFETY:0.5034211745214769
C_PIECESQUARETABLES:0.49175616042061576
C_MOBILITY:0.49326837885404495
C_KINGSAFETY:0.5477242354664296
C_PAWNSTRUCTURE:0.45675406754026426
C_PIECECOORDINATION:0.5159315517711643
C_ROOKANDPAWNMOVEMENT:0.5159315517711643
C_CENTERCONTROL:0.463931785057699
C_DEVELOPPIECES:0.5308545299000207
C_MATERIAL:0.4488205625469077
