ELO:1028
CE_PASSEDPAWNS:0.4676203676947187
CE_PAWNWEAKNESSES:0.5
CE_PIECEACTIVITY:0.49444572112506174
CE_KINGPAWNSHIELD:0.5039398357244769
CE_PIECECOORDINATION:0.4946902206637202
CE_MATERIAL:0.5
CE_KINGSAFETY:0.4783703272211692
C_PIECESQUARETABLES:0.5
C_MOBILITY:0.5109890189012866
C_KINGSAFETY:0.49546514014102466
C_PAWNSTRUCTURE:0.5115051296064201
C_PIECECOORDINATION:0.5111633121769752
C_ROOKANDPAWNMOVEMENT:0.5111633121769752
C_CENTERCONTROL:0.4750590818385355
C_DEVELOPPIECES:0.5096835485515071
C_MATERIAL:0.5
C_MOVECOUNT:0.5
