ELO:1105
CE_PASSEDPAWNS:0.4600521027596017
CE_PAWNWEAKNESSES:0.4476413466186686
CE_PIECEACTIVITY:0.48013743344619403
CE_KINGPAWNSHIELD:0.42330232920735483
CE_PIECECOORDINATION:0.4826207154040854
CE_MATERIAL:0.45010939930116606
CE_KINGSAFETY:0.49746276259756106
C_PIECESQUARETABLES:0.5
C_MOBILITY:0.4248722025850633
C_KINGSAFETY:0.6374809102290377
C_PAWNSTRUCTURE:0.44700913795848674
C_PIECECOORDINATION:0.4941829168375862
C_ROOKANDPAWNMOVEMENT:0.4941829168375862
C_CENTERCONTROL:0.4989600275375068
C_DEVELOPPIECES:0.5576237735754453
C_MATERIAL:0.3853617194257489
