ELO:959
CE_PASSEDPAWNS:0.4929003246780579
CE_PAWNWEAKNESSES:0.4879244308845844
CE_PIECEACTIVITY:0.5070654195658074
CE_KINGPAWNSHIELD:0.490310847329664
CE_PIECECOORDINATION:0.4785240285357997
CE_MATERIAL:0.5105975439674432
CE_KINGSAFETY:0.5057525030880349
C_PIECESQUARETABLES:0.5
C_MOBILITY:0.4951294490353033
C_KINGSAFETY:0.45298375934079543
C_PAWNSTRUCTURE:0.523587940755803
C_PIECECOORDINATION:0.5495164813939619
C_ROOK:0.4884843913496706
CE_ROOK:0.5110000773818486
C_CENTERCONTROL:0.5334771369623152
C_DEVELOPPIECES:0.48076624957445946
C_MATERIAL:0.5139244823582003
C_MOVECOUNT:0.48686192648577664
C_PAWNMOVEMENT:0.54047424126147
