ELO:967
CE_PASSEDPAWNS:0.5213447259410241
CE_PAWNWEAKNESSES:0.4800851088526247
CE_PIECEACTIVITY:0.5070654195658074
CE_KINGPAWNSHIELD:0.4867920571142566
CE_PIECECOORDINATION:0.49531542542042767
CE_MATERIAL:0.5105975439674432
CE_KINGSAFETY:0.4919373299452529
C_PIECESQUARETABLES:0.5054887809468029
C_MOBILITY:0.5018607444978413
C_KINGSAFETY:0.47608521202621007
C_PAWNSTRUCTURE:0.5176806048983121
C_PIECECOORDINATION:0.5509380193494591
C_ROOK:0.48796910371281127
CE_ROOK:0.5012315095666044
C_CENTERCONTROL:0.5180272892636985
C_DEVELOPPIECES:0.48076624957445946
C_MATERIAL:0.5050544294532677
C_MOVECOUNT:0.47742494455911394
C_PAWNMOVEMENT:0.5408833822352943
