ELO:989
CE_PASSEDPAWNS:0.3944903159646276
CE_PAWNWEAKNESSES:0.5086530027826172
CE_PIECEACTIVITY:0.5094805171428842
CE_KINGPAWNSHIELD:0.48500596907200294
CE_PIECECOORDINATION:0.615492259180201
CE_MATERIAL:0.5561775794490093
CE_KINGSAFETY:0.47957277172680635
C_PIECESQUARETABLES:0.5019309729971284
C_MOBILITY:0.6106431556756368
C_KINGSAFETY:0.5811965040372822
C_PAWNSTRUCTURE:0.6246691458807726
C_PIECECOORDINATION:0.6135308168497035
C_ROOKANDPAWNMOVEMENT:0.6135308168497035
C_CENTERCONTROL:0.38880677145601744
C_DEVELOPPIECES:0.48463106472835726
C_MATERIAL:0.5825732595096306
