ELO:988
CE_PASSEDPAWNS:0.5109883771654151
CE_PAWNWEAKNESSES:0.49530411192138374
CE_PIECEACTIVITY:0.5184076309445452
CE_KINGPAWNSHIELD:0.5436866878806508
CE_PIECECOORDINATION:0.47360610606814124
CE_MATERIAL:0.48638848684853603
CE_KINGSAFETY:0.5
C_PIECESQUARETABLES:0.5
C_MOBILITY:0.5170970209675061
C_KINGSAFETY:0.47215378734202507
C_PAWNSTRUCTURE:0.49190256147850125
C_PIECECOORDINATION:0.5130361085857119
C_ROOK:0.5512840783864547
CE_ROOK:0.5348033858438919
C_CENTERCONTROL:0.5075897685907141
C_DEVELOPPIECES:0.5104350169994372
C_MATERIAL:0.49745362351644534
C_MOVECOUNT:0.4887906035104639
C_PAWNMOVEMENT:0.4451262352644556
