ELO:964
CE_PASSEDPAWNS:0.513336019178003
CE_PAWNWEAKNESSES:0.4908914827065066
CE_PIECEACTIVITY:0.5070654195658074
CE_KINGPAWNSHIELD:0.4867920571142566
CE_PIECECOORDINATION:0.4917352059168246
CE_MATERIAL:0.5105975439674432
CE_KINGSAFETY:0.4919373299452529
C_PIECESQUARETABLES:0.4895752054999445
C_MOBILITY:0.5018607444978413
C_KINGSAFETY:0.4734419943784878
C_PAWNSTRUCTURE:0.523587940755803
C_PIECECOORDINATION:0.5509380193494591
C_ROOK:0.48796910371281127
CE_ROOK:0.5134073537815014
C_CENTERCONTROL:0.5297693237305312
C_DEVELOPPIECES:0.48076624957445946
C_MATERIAL:0.5139244823582003
C_MOVECOUNT:0.47724424121163467
C_PAWNMOVEMENT:0.54047424126147
