ELO:1006
CE_PASSEDPAWNS:0.4983029351664606
CE_PAWNWEAKNESSES:0.5098662092027929
CE_PIECEACTIVITY:0.48854762414782416
CE_KINGPAWNSHIELD:0.5080987184059597
CE_PIECECOORDINATION:0.5
CE_MATERIAL:0.4917517422355021
CE_KINGSAFETY:0.5
C_PIECESQUARETABLES:0.5
C_MOBILITY:0.4984828435385964
C_KINGSAFETY:0.4975196854312097
C_PAWNSTRUCTURE:0.5023704306786287
C_PIECECOORDINATION:0.48950949681135203
C_ROOKANDPAWNMOVEMENT:0.48950949681135203
C_CENTERCONTROL:0.49762608966571115
C_DEVELOPPIECES:0.5025381568299455
C_MATERIAL:0.4860452468848618
C_MOVECOUNT:0.5
