ELO:843
CE_PASSEDPAWNS:0.44598928418742106
CE_PAWNWEAKNESSES:0.5050396682500996
CE_PIECEACTIVITY:0.5505719349279176
CE_KINGPAWNSHIELD:0.4318737577714116
CE_PIECECOORDINATION:0.51547892268756
CE_MATERIAL:0.45974367410491945
CE_KINGSAFETY:0.5344424683132509
C_PIECESQUARETABLES:0.4518644929890476
C_MOBILITY:0.4329348310645681
C_KINGSAFETY:0.4560012171183226
C_PAWNSTRUCTURE:0.44163813315118683
C_PIECECOORDINATION:0.530297060407157
C_ROOKANDPAWNMOVEMENT:0.530297060407157
C_CENTERCONTROL:0.4765062204496843
C_DEVELOPPIECES:0.48867972539417204
C_MATERIAL:0.4952399320312185
C_MOVECOUNT:0.5
