ELO:992
CE_PASSEDPAWNS:0.514915807946415
CE_PAWNWEAKNESSES:0.5
CE_PIECEACTIVITY:0.500095750115124
CE_KINGPAWNSHIELD:0.49511053821191614
CE_PIECECOORDINATION:0.4987326815848217
CE_MATERIAL:0.4868864658181234
CE_KINGSAFETY:0.49224474674951113
C_PIECESQUARETABLES:0.508670653763854
C_MOBILITY:0.48983500603041674
C_KINGSAFETY:0.5095009298508965
C_PAWNSTRUCTURE:0.49406914128749163
C_PIECECOORDINATION:0.48144749432029854
C_ROOKANDPAWNMOVEMENT:0.48144749432029854
C_CENTERCONTROL:0.4814955120813917
C_DEVELOPPIECES:0.4697464111650068
C_MATERIAL:0.486908590412404
C_MOVECOUNT:0.5272023278195064
