ELO:984
CE_PASSEDPAWNS:0.5013278299847455
CE_PAWNWEAKNESSES:0.5028180609607463
CE_PIECEACTIVITY:0.48971204952112746
CE_KINGPAWNSHIELD:0.5053642488682409
CE_PIECECOORDINATION:0.49850459036701456
CE_MATERIAL:0.5068204468207901
CE_KINGSAFETY:0.5
C_PIECESQUARETABLES:0.5
C_MOBILITY:0.5076094957677548
C_KINGSAFETY:0.4925112671808735
C_PAWNSTRUCTURE:0.5032704279592158
C_PIECECOORDINATION:0.4768504489728106
C_ROOK:0.5017594707665657
CE_ROOK:0.48913875104306137
C_CENTERCONTROL:0.4975002239142783
C_DEVELOPPIECES:0.5030244442790287
C_MATERIAL:0.513964195605577
C_MOVECOUNT:0.49991897688648124
C_PAWNMOVEMENT:0.5044098645836589
