ELO:964
CE_PASSEDPAWNS:0.5809909063820029
CE_PAWNWEAKNESSES:0.4518967228681749
CE_PIECEACTIVITY:0.4545855239282789
CE_KINGPAWNSHIELD:0.5188814387178736
CE_PIECECOORDINATION:0.44538019471221774
CE_MATERIAL:0.49790962154373225
CE_KINGSAFETY:0.5
C_PIECESQUARETABLES:0.5
C_MOBILITY:0.5001465408952577
C_KINGSAFETY:0.5340574190127672
C_PAWNSTRUCTURE:0.5148773343655957
C_PIECECOORDINATION:0.4065568246499328
C_ROOKANDPAWNMOVEMENT:0.4065568246499328
C_CENTERCONTROL:0.4943250257524477
C_DEVELOPPIECES:0.46219157797816973
C_MATERIAL:0.6777070682498681
