ELO:912
CE_PASSEDPAWNS:0.478681559230141
CE_PAWNWEAKNESSES:0.48353345433083933
CE_PIECEACTIVITY:0.4978879651019723
CE_KINGPAWNSHIELD:0.5883276125486205
CE_PIECECOORDINATION:0.3777575723432297
CE_MATERIAL:0.5083349644107593
CE_KINGSAFETY:0.5484428037774061
C_PIECESQUARETABLES:0.4523088962295553
C_MOBILITY:0.5069855364288892
C_KINGSAFETY:0.6049139493905127
C_PAWNSTRUCTURE:0.4296795803843445
C_PIECECOORDINATION:0.4318734274536964
C_ROOKANDPAWNMOVEMENT:0.4318734274536964
C_CENTERCONTROL:0.43810132480045544
C_DEVELOPPIECES:0.5189466425500624
C_MATERIAL:0.4811988688872966
