ELO:999
CE_PASSEDPAWNS:0.47193590678231134
CE_PAWNWEAKNESSES:0.48807443432068326
CE_PIECEACTIVITY:0.4396272534095481
CE_KINGPAWNSHIELD:0.40995311154887076
CE_PIECECOORDINATION:0.5735337298797921
CE_MATERIAL:0.5277842792205664
CE_KINGSAFETY:0.5174667507127506
C_PIECESQUARETABLES:0.4927124390125487
C_MOBILITY:0.47198668665117044
C_KINGSAFETY:0.5290732115603838
C_PAWNSTRUCTURE:0.5557518670344482
C_PIECECOORDINATION:0.5092959278289324
C_ROOKANDPAWNMOVEMENT:0.5092959278289324
C_CENTERCONTROL:0.49260247757124126
C_DEVELOPPIECES:0.5106312073342946
C_MATERIAL:0.48686569089054116
