ELO:1007
CE_PASSEDPAWNS:0.4815669521233752
CE_PAWNWEAKNESSES:0.48579688300353613
CE_PIECEACTIVITY:0.48854762414782416
CE_KINGPAWNSHIELD:0.5
CE_PIECECOORDINATION:0.49634401742949036
CE_MATERIAL:0.4951115170221667
CE_KINGSAFETY:0.49258437828261403
C_PIECESQUARETABLES:0.5
C_MOBILITY:0.49383172016657606
C_KINGSAFETY:0.5113997873958136
C_PAWNSTRUCTURE:0.5
C_PIECECOORDINATION:0.5
C_ROOKANDPAWNMOVEMENT:0.5
C_CENTERCONTROL:0.5
C_DEVELOPPIECES:0.5055259336734654
C_MATERIAL:0.4860452468848618
C_MOVECOUNT:0.5197080856711842
