ELO:987
CE_PASSEDPAWNS:0.46053096048284003
CE_PAWNWEAKNESSES:0.5122040415105334
CE_PIECEACTIVITY:0.597419456079725
CE_KINGPAWNSHIELD:0.44848904926774674
CE_PIECECOORDINATION:0.5430487623834033
CE_MATERIAL:0.43597299647900517
CE_KINGSAFETY:0.5172172829040225
C_PIECESQUARETABLES:0.4924563899759028
C_MOBILITY:0.5404748648651085
C_KINGSAFETY:0.5215178327837666
C_PAWNSTRUCTURE:0.43785640038204954
C_PIECECOORDINATION:0.4006565304873031
C_ROOKANDPAWNMOVEMENT:0.4006565304873031
C_CENTERCONTROL:0.49864474818120297
C_DEVELOPPIECES:0.4944277457023034
C_MATERIAL:0.43798681170386916
