ELO:947
CE_PASSEDPAWNS:0.5411234163997324
CE_PAWNWEAKNESSES:0.48400716286796275
CE_PIECEACTIVITY:0.4867070752393167
CE_KINGPAWNSHIELD:0.5324228519421993
CE_PIECECOORDINATION:0.47741551204460125
CE_MATERIAL:0.4568300129725845
CE_KINGSAFETY:0.48561798535199874
C_PIECESQUARETABLES:0.5070397775594295
C_MOBILITY:0.501271831118233
C_KINGSAFETY:0.49242584742640816
C_PAWNSTRUCTURE:0.5228680635066886
C_PIECECOORDINATION:0.4859785973443762
C_ROOK:0.49944236305715056
CE_ROOK:0.4776380723187221
C_CENTERCONTROL:0.5226982690591114
C_DEVELOPPIECES:0.47113651605910345
C_MATERIAL:0.4538200529386312
C_MOVECOUNT:0.5081563699096228
C_PAWNMOVEMENT:0.5061996760554014
