ELO:982
CE_PASSEDPAWNS:0.48351581945079414
CE_PAWNWEAKNESSES:0.5
CE_PIECEACTIVITY:0.48435236813014926
CE_KINGPAWNSHIELD:0.5004057360976532
CE_PIECECOORDINATION:0.5091545638270116
CE_MATERIAL:0.5212220368679703
CE_KINGSAFETY:0.5
C_PIECESQUARETABLES:0.492864374460217
C_MOBILITY:0.4848754046003485
C_KINGSAFETY:0.5095009298508965
C_PAWNSTRUCTURE:0.49406914128749163
C_PIECECOORDINATION:0.5091623896909555
C_ROOKANDPAWNMOVEMENT:0.5091623896909555
C_CENTERCONTROL:0.495967693432676
C_DEVELOPPIECES:0.48891397608071296
C_MATERIAL:0.5170513866062157
C_MOVECOUNT:0.4755298617266401
