ELO:924
CE_PASSEDPAWNS:0.48083385768815157
CE_PAWNWEAKNESSES:0.4804626896282441
CE_PIECEACTIVITY:0.48076045962656866
CE_KINGPAWNSHIELD:0.5314053992861701
CE_PIECECOORDINATION:0.4809445221310448
CE_MATERIAL:0.49339316067882083
CE_KINGSAFETY:0.5225870039285683
C_PIECESQUARETABLES:0.45276319259367787
C_MOBILITY:0.4946843672832508
C_KINGSAFETY:0.481926847403896
C_PAWNSTRUCTURE:0.4702098807899584
C_PIECECOORDINATION:0.5273044252327235
C_ROOKANDPAWNMOVEMENT:0.5273044252327235
C_CENTERCONTROL:0.4822333111542545
C_DEVELOPPIECES:0.5107159714441182
C_MATERIAL:0.5127221714723779
C_MOVECOUNT:0.5
