ELO:1000
CE_PASSEDPAWNS:0.5
CE_PAWNWEAKNESSES:0.5
CE_PIECEACTIVITY:0.5
CE_KINGPAWNSHIELD:0.49982891118472345
CE_PIECECOORDINATION:0.50288287532434
CE_MATERIAL:0.5
CE_KINGSAFETY:0.50641797519527
C_PIECESQUARETABLES:0.5
C_MOBILITY:0.5012346303784689
C_KINGSAFETY:0.49494255900541956
C_PAWNSTRUCTURE:0.5
C_PIECECOORDINATION:0.4943544330818549
C_ROOK:0.4897040157031375
CE_ROOK:0.4936692612975583
C_CENTERCONTROL:0.5
C_DEVELOPPIECES:0.5100374426764034
C_MATERIAL:0.5
C_MOVECOUNT:0.49842438247290943
C_PAWNMOVEMENT:0.5
