ELO:990
CE_PASSEDPAWNS:0.39792981371987557
CE_PAWNWEAKNESSES:0.45389339567689807
CE_PIECEACTIVITY:0.5069858900922309
CE_KINGPAWNSHIELD:0.49179088030809737
CE_PIECECOORDINATION:0.6004032277802216
CE_MATERIAL:0.40639745998687077
CE_KINGSAFETY:0.49318739476768486
C_PIECESQUARETABLES:0.5
C_MOBILITY:0.6106431556756368
C_KINGSAFETY:0.5742475742575268
C_PAWNSTRUCTURE:0.6178988479427887
C_PIECECOORDINATION:0.6212102043834439
C_ROOKANDPAWNMOVEMENT:0.6212102043834439
C_CENTERCONTROL:0.37729304796932817
C_DEVELOPPIECES:0.5528173797779841
C_MATERIAL:0.5866536899795093
