ELO:993
CE_PASSEDPAWNS:0.4940120268053264
CE_PAWNWEAKNESSES:0.5098662092027929
CE_PIECEACTIVITY:0.5057026869386831
CE_KINGPAWNSHIELD:0.49511053821191614
CE_PIECECOORDINATION:0.5
CE_MATERIAL:0.5114202720100925
CE_KINGSAFETY:0.5
C_PIECESQUARETABLES:0.5
C_MOBILITY:0.4984828435385964
C_KINGSAFETY:0.48451436299911804
C_PAWNSTRUCTURE:0.5103092413305446
C_PIECECOORDINATION:0.48950949681135203
C_ROOKANDPAWNMOVEMENT:0.48950949681135203
C_CENTERCONTROL:0.49484320928058645
C_DEVELOPPIECES:0.5020288685802067
C_MATERIAL:0.4942815728246329
C_MOVECOUNT:0.5
