ELO:921
CE_PASSEDPAWNS:0.4822403098776418
CE_PAWNWEAKNESSES:0.4907305487971793
CE_PIECEACTIVITY:0.5086878503518859
CE_KINGPAWNSHIELD:0.5781505914190347
CE_PIECECOORDINATION:0.3805612234607594
CE_MATERIAL:0.5100318725789216
CE_KINGSAFETY:0.5285097531919233
C_PIECESQUARETABLES:0.4672402743071324
C_MOBILITY:0.49631615956063896
C_KINGSAFETY:0.5864150343122272
C_PAWNSTRUCTURE:0.4237292623855467
C_PIECECOORDINATION:0.42776544116074616
C_ROOKANDPAWNMOVEMENT:0.42776544116074616
C_CENTERCONTROL:0.4403337396707488
C_DEVELOPPIECES:0.5168164983599257
C_MATERIAL:0.4849841899528878
