ELO:942
CE_PASSEDPAWNS:0.5315643148771224
CE_PAWNWEAKNESSES:0.5005444600533627
CE_PIECEACTIVITY:0.4764875314064222
CE_KINGPAWNSHIELD:0.5439425089760337
CE_PIECECOORDINATION:0.47741551204460125
CE_MATERIAL:0.4617919136835104
CE_KINGSAFETY:0.49690654010078394
C_PIECESQUARETABLES:0.4901611482200432
C_MOBILITY:0.5262716985078614
C_KINGSAFETY:0.49242584742640816
C_PAWNSTRUCTURE:0.524583082790805
C_PIECECOORDINATION:0.4940203910235405
C_ROOK:0.49248507252412704
CE_ROOK:0.47817277760752325
C_CENTERCONTROL:0.5146816374310365
C_DEVELOPPIECES:0.4608493554761624
C_MATERIAL:0.4538200529386312
C_MOVECOUNT:0.5148871603098069
C_PAWNMOVEMENT:0.48472395140777896
