ELO:988
CE_PASSEDPAWNS:0.4777903580569918
CE_PAWNWEAKNESSES:0.5000949273391294
CE_PIECEACTIVITY:0.43829617329185544
CE_KINGPAWNSHIELD:0.40855006622088996
CE_PIECECOORDINATION:0.5741400689013323
CE_MATERIAL:0.5316276806989364
CE_KINGSAFETY:0.5230095787028023
C_PIECESQUARETABLES:0.4847863654623968
C_MOBILITY:0.462144413846627
C_KINGSAFETY:0.540645324872856
C_PAWNSTRUCTURE:0.5603286805528415
C_PIECECOORDINATION:0.4842841918594893
C_ROOKANDPAWNMOVEMENT:0.4842841918594893
C_CENTERCONTROL:0.5001876123464337
C_DEVELOPPIECES:0.5284821143116535
C_MATERIAL:0.48686569089054116
