ELO:968
CE_PASSEDPAWNS:0.5188580491040418
CE_PAWNWEAKNESSES:0.4910401725029601
CE_PIECEACTIVITY:0.48121421808152537
CE_KINGPAWNSHIELD:0.5414272590295
CE_PIECECOORDINATION:0.48276245544206986
CE_MATERIAL:0.481763686787743
CE_KINGSAFETY:0.49226203600072843
C_PIECESQUARETABLES:0.5
C_MOBILITY:0.5005668689555
C_KINGSAFETY:0.47750064138083637
C_PAWNSTRUCTURE:0.5065661185938151
C_PIECECOORDINATION:0.47850055907196587
C_ROOK:0.4802445291676957
CE_ROOK:0.4896215015346708
C_CENTERCONTROL:0.5234291347107822
C_DEVELOPPIECES:0.4966106240595325
C_MATERIAL:0.4860338806996522
C_MOVECOUNT:0.4946977192058464
C_PAWNMOVEMENT:0.48893408123283244
