ELO:1000
CE_PASSEDPAWNS:0.5036097831039483
CE_PAWNWEAKNESSES:0.5
CE_PIECEACTIVITY:0.5
CE_KINGPAWNSHIELD:0.48784325847400434
CE_PIECECOORDINATION:0.5
CE_MATERIAL:0.5
CE_KINGSAFETY:0.49791262768645966
C_PIECESQUARETABLES:0.49594837519962326
C_MOBILITY:0.5
C_KINGSAFETY:0.5
C_PAWNSTRUCTURE:0.5
C_PIECECOORDINATION:0.5
C_ROOKANDPAWNMOVEMENT:0.5
C_CENTERCONTROL:0.5075201674059641
C_DEVELOPPIECES:0.49026590818906296
C_MATERIAL:0.5
C_MOVECOUNT:0.5
