ELO:986
CE_PASSEDPAWNS:0.5013278299847455
CE_PAWNWEAKNESSES:0.49317263467561484
CE_PIECEACTIVITY:0.5
CE_KINGPAWNSHIELD:0.4938029456234098
CE_PIECECOORDINATION:0.49850459036701456
CE_MATERIAL:0.5014960246728583
CE_KINGSAFETY:0.5
C_PIECESQUARETABLES:0.5
C_MOBILITY:0.5072422661116194
C_KINGSAFETY:0.5024402712630406
C_PAWNSTRUCTURE:0.5032704279592158
C_PIECECOORDINATION:0.48505550172223894
C_ROOK:0.5017594707665657
CE_ROOK:0.4931714965096417
C_CENTERCONTROL:0.4975002239142783
C_DEVELOPPIECES:0.5030244442790287
C_MATERIAL:0.5016675107234533
C_MOVECOUNT:0.5010167465432172
C_PAWNMOVEMENT:0.4987206754576736
