ELO:971
CE_PASSEDPAWNS:0.5076424025997156
CE_PAWNWEAKNESSES:0.49218496194272127
CE_PIECEACTIVITY:0.4878230194475171
CE_KINGPAWNSHIELD:0.5154701269837411
CE_PIECECOORDINATION:0.4884638496873977
CE_MATERIAL:0.5068204468207901
CE_KINGSAFETY:0.5123126820201953
C_PIECESQUARETABLES:0.5182586977134154
C_MOBILITY:0.5076094957677548
C_KINGSAFETY:0.48560647423154213
C_PAWNSTRUCTURE:0.5032704279592158
C_PIECECOORDINATION:0.4768504489728106
C_ROOK:0.48945117770585544
CE_ROOK:0.48913875104306137
C_CENTERCONTROL:0.5132280476874244
C_DEVELOPPIECES:0.5161853271916156
C_MATERIAL:0.513964195605577
C_MOVECOUNT:0.4886924435686766
C_PAWNMOVEMENT:0.516178986062556
