ELO:947
CE_PASSEDPAWNS:0.5388489998236438
CE_PAWNWEAKNESSES:0.48884494342175555
CE_PIECEACTIVITY:0.4817842771251044
CE_KINGPAWNSHIELD:0.5596043084100996
CE_PIECECOORDINATION:0.47757069513174616
CE_MATERIAL:0.46163270008636426
CE_KINGSAFETY:0.482133306629441
C_PIECESQUARETABLES:0.5
C_MOBILITY:0.5204560754100713
C_KINGSAFETY:0.49525944127773575
C_PAWNSTRUCTURE:0.5140379293537624
C_PIECECOORDINATION:0.4940203910235405
C_ROOK:0.49248507252412704
CE_ROOK:0.47744436755169944
C_CENTERCONTROL:0.51331746883133
C_DEVELOPPIECES:0.4608493554761624
C_MATERIAL:0.4475779861916762
C_MOVECOUNT:0.5070509326644909
C_PAWNMOVEMENT:0.48030853865518663
