ELO:918
CE_PASSEDPAWNS:0.4798163269911836
CE_PAWNWEAKNESSES:0.4646223869892075
CE_PIECEACTIVITY:0.5128413205464969
CE_KINGPAWNSHIELD:0.5214890852878867
CE_PIECECOORDINATION:0.4826201242553855
CE_MATERIAL:0.5090466224342426
CE_KINGSAFETY:0.5102714381466836
C_PIECESQUARETABLES:0.43689072391753764
C_MOBILITY:0.5049773769948521
C_KINGSAFETY:0.48422175154567154
C_PAWNSTRUCTURE:0.45118268568644887
C_PIECECOORDINATION:0.5233887287561534
C_ROOKANDPAWNMOVEMENT:0.5233887287561534
C_CENTERCONTROL:0.49368966530638125
C_DEVELOPPIECES:0.5130146713912487
C_MATERIAL:0.5443489317951161
C_MOVECOUNT:0.5
