ELO:968
CE_PASSEDPAWNS:0.5173366674557218
CE_PAWNWEAKNESSES:0.5936476439564067
CE_PIECEACTIVITY:0.49681669084825814
CE_KINGPAWNSHIELD:0.48439228607680357
CE_PIECECOORDINATION:0.5844534968171106
CE_MATERIAL:0.35228994826020793
CE_KINGSAFETY:0.5035374119406743
C_PIECESQUARETABLES:0.47693188195840513
C_MOBILITY:0.44609977043268967
C_KINGSAFETY:0.6127096559615858
C_PAWNSTRUCTURE:0.4532522881372722
C_PIECECOORDINATION:0.541017175078816
C_ROOKANDPAWNMOVEMENT:0.541017175078816
C_CENTERCONTROL:0.5351259844178566
C_DEVELOPPIECES:0.4338398722135887
C_MATERIAL:0.6089430316858985
