ELO:989
CE_PASSEDPAWNS:0.505371987852111
CE_PAWNWEAKNESSES:0.4834830533218076
CE_PIECEACTIVITY:0.5121860397547754
CE_KINGPAWNSHIELD:0.4832034166929166
CE_PIECECOORDINATION:0.4872496893332857
CE_MATERIAL:0.4900523054266563
CE_KINGSAFETY:0.5071823759423923
C_PIECESQUARETABLES:0.5
C_MOBILITY:0.5119384053760151
C_KINGSAFETY:0.5077374651836578
C_PAWNSTRUCTURE:0.5
C_PIECECOORDINATION:0.5183951317520201
C_ROOKANDPAWNMOVEMENT:0.5183951317520201
C_CENTERCONTROL:0.4969606766506738
C_DEVELOPPIECES:0.4948870921124002
C_MATERIAL:0.47162477853147056
C_MOVECOUNT:0.501675583080835
