ELO:802
CE_PASSEDPAWNS:0.486329781734686
CE_PAWNWEAKNESSES:0.45035515952421373
CE_PIECEACTIVITY:0.5343362929263789
CE_KINGPAWNSHIELD:0.5403733708015939
CE_PIECECOORDINATION:0.5023089752201113
CE_MATERIAL:0.506163072874838
CE_KINGSAFETY:0.46120033476148503
C_PIECESQUARETABLES:0.4505969663684532
C_MOBILITY:0.4612366658941254
C_KINGSAFETY:0.507176710871382
C_PAWNSTRUCTURE:0.47300337723167485
C_PIECECOORDINATION:0.4950918562338103
C_ROOKANDPAWNMOVEMENT:0.4950918562338103
C_CENTERCONTROL:0.4824275352850417
C_DEVELOPPIECES:0.5571304806942987
C_MATERIAL:0.5474096442353218
C_MOVECOUNT:0.5
