ELO:1000
CE_PASSEDPAWNS:0.5277449529964436
CE_PAWNWEAKNESSES:0.49217409323963823
CE_PIECEACTIVITY:0.48501500310082324
CE_KINGPAWNSHIELD:0.44630226072217827
CE_PIECECOORDINATION:0.556948392200471
CE_MATERIAL:0.5043071659816399
CE_KINGSAFETY:0.5127864633477641
C_PIECESQUARETABLES:0.4767221365502334
C_MOBILITY:0.49323541634060236
C_KINGSAFETY:0.5141900679998291
C_PAWNSTRUCTURE:0.505241545096814
C_PIECECOORDINATION:0.45510033855619786
C_ROOKANDPAWNMOVEMENT:0.45510033855619786
C_CENTERCONTROL:0.4932282949748459
C_DEVELOPPIECES:0.5323484262495882
C_MATERIAL:0.4855910968991587
