ELO:1000
CE_PASSEDPAWNS:0.4917087068668815
CE_PAWNWEAKNESSES:0.4908460327593616
CE_PIECEACTIVITY:0.47607474986392134
CE_KINGPAWNSHIELD:0.49328948459599764
CE_PIECECOORDINATION:0.5300046276158984
CE_MATERIAL:0.5078067166574067
CE_KINGSAFETY:0.5216133979966967
C_PIECESQUARETABLES:0.4972595497567898
C_MOBILITY:0.4972948183456239
C_KINGSAFETY:0.4909316276352024
C_PAWNSTRUCTURE:0.49286955115129477
C_PIECECOORDINATION:0.4919673963813149
C_ROOKANDPAWNMOVEMENT:0.4919673963813149
C_CENTERCONTROL:0.4807587438492585
C_DEVELOPPIECES:0.5020752606479353
C_MATERIAL:0.5007433900001896
