ELO:843
CE_PASSEDPAWNS:0.48216046738690277
CE_PAWNWEAKNESSES:0.4552426397828365
CE_PIECEACTIVITY:0.4970388710566446
CE_KINGPAWNSHIELD:0.5307205970477382
CE_PIECECOORDINATION:0.5044261617248221
CE_MATERIAL:0.5271331700022437
CE_KINGSAFETY:0.4809386721792526
C_PIECESQUARETABLES:0.4506039084564498
C_MOBILITY:0.49258235751478224
C_KINGSAFETY:0.49727602719012276
C_PAWNSTRUCTURE:0.45837443468717265
C_PIECECOORDINATION:0.50901973657362
C_ROOKANDPAWNMOVEMENT:0.50901973657362
C_CENTERCONTROL:0.479010484669718
C_DEVELOPPIECES:0.5169549854326875
C_MATERIAL:0.5398752206925737
C_MOVECOUNT:0.5
