ELO:858
CE_PASSEDPAWNS:0.48347439011982674
CE_PAWNWEAKNESSES:0.5029204933411872
CE_PIECEACTIVITY:0.5335906782823687
CE_KINGPAWNSHIELD:0.4258616333672224
CE_PIECECOORDINATION:0.5066401337516606
CE_MATERIAL:0.459103492775628
CE_KINGSAFETY:0.5109621951614204
C_PIECESQUARETABLES:0.5073130145169787
C_MOBILITY:0.44881477953190446
C_KINGSAFETY:0.4829531388917418
C_PAWNSTRUCTURE:0.4477874254670065
C_PIECECOORDINATION:0.5131359502392631
C_ROOKANDPAWNMOVEMENT:0.5131359502392631
C_CENTERCONTROL:0.47756938743388166
C_DEVELOPPIECES:0.49020230953152427
C_MATERIAL:0.5129450593897166
C_MOVECOUNT:0.5
