ELO:1135
CE_PASSEDPAWNS:0.442778421640529
CE_PAWNWEAKNESSES:0.48322066809478914
CE_PIECEACTIVITY:0.47707812532962285
CE_KINGPAWNSHIELD:0.4272491688507241
CE_PIECECOORDINATION:0.5449900128502336
CE_MATERIAL:0.3963786524687434
CE_KINGSAFETY:0.5
C_PIECESQUARETABLES:0.5143679207481898
C_MOBILITY:0.42537872220651896
C_KINGSAFETY:0.30807903020254146
C_PAWNSTRUCTURE:0.43046154824509053
C_PIECECOORDINATION:0.499892534505928
C_ROOKANDPAWNMOVEMENT:0.499892534505928
C_CENTERCONTROL:0.501214603077859
C_DEVELOPPIECES:0.5577724074087405
C_MATERIAL:0.3830367297990373
