ELO:1000
CE_PASSEDPAWNS:0.4884987678712236
CE_PAWNWEAKNESSES:0.5549582513594821
CE_PIECEACTIVITY:0.5205320386671822
CE_KINGPAWNSHIELD:0.45396754640587667
CE_PIECECOORDINATION:0.5003709425064456
CE_MATERIAL:0.468688371700045
CE_KINGSAFETY:0.4888868105482937
C_PIECESQUARETABLES:0.4783306285339787
C_MOBILITY:0.500492956540857
C_KINGSAFETY:0.5569325498456229
C_PAWNSTRUCTURE:0.49988042220564766
C_PIECECOORDINATION:0.4858835579297076
C_ROOKANDPAWNMOVEMENT:0.4858835579297076
C_CENTERCONTROL:0.49447217327921017
C_DEVELOPPIECES:0.5008299034412322
C_MATERIAL:0.45396092846100033
