ELO:983
CE_PASSEDPAWNS:0.5158531082367114
CE_PAWNWEAKNESSES:0.5055277134243014
CE_PIECEACTIVITY:0.4856797457609348
CE_KINGPAWNSHIELD:0.555817826290955
CE_PIECECOORDINATION:0.43961738675749945
CE_MATERIAL:0.5267089720740905
CE_KINGSAFETY:0.502673973338276
C_PIECESQUARETABLES:0.525753135802506
C_MOBILITY:0.5291823883878239
C_KINGSAFETY:0.5911663622376803
C_PAWNSTRUCTURE:0.45477333673725895
C_PIECECOORDINATION:0.46605791506457644
C_ROOKANDPAWNMOVEMENT:0.46605791506457644
C_CENTERCONTROL:0.4528766340278704
C_DEVELOPPIECES:0.5594859924310557
C_MATERIAL:0.49071840668014904
