ELO:980
CE_PASSEDPAWNS:0.4873823391451844
CE_PAWNWEAKNESSES:0.523880241825506
CE_PIECEACTIVITY:0.5040497912454236
CE_KINGPAWNSHIELD:0.5604937921557408
CE_PIECECOORDINATION:0.44977971735032096
CE_MATERIAL:0.5392561458094317
CE_KINGSAFETY:0.5200484532162899
C_PIECESQUARETABLES:0.49373576764899035
C_MOBILITY:0.528559432319043
C_KINGSAFETY:0.6129090517209198
C_PAWNSTRUCTURE:0.4844637423028792
C_PIECECOORDINATION:0.49640274441375565
C_ROOKANDPAWNMOVEMENT:0.49640274441375565
C_CENTERCONTROL:0.45998519179977604
C_DEVELOPPIECES:0.511743311586567
C_MATERIAL:0.5066352186712662
