ELO:1000
CE_PASSEDPAWNS:0.49745125109819216
CE_PAWNWEAKNESSES:0.562582896584511
CE_PIECEACTIVITY:0.5366146597734391
CE_KINGPAWNSHIELD:0.47086603700554425
CE_PIECECOORDINATION:0.5015999294666658
CE_MATERIAL:0.468688371700045
CE_KINGSAFETY:0.4981307827778849
C_PIECESQUARETABLES:0.46744599021045996
C_MOBILITY:0.5001100154212086
C_KINGSAFETY:0.5686288477832553
C_PAWNSTRUCTURE:0.49590793420586027
C_PIECECOORDINATION:0.4933492746083214
C_ROOKANDPAWNMOVEMENT:0.4933492746083214
C_CENTERCONTROL:0.49639821563009795
C_DEVELOPPIECES:0.5028061448195742
C_MATERIAL:0.4768311999357431
