ELO:984
CE_PASSEDPAWNS:0.49644481687434694
CE_PAWNWEAKNESSES:0.5222634854801197
CE_PIECEACTIVITY:0.5146036847360979
CE_KINGPAWNSHIELD:0.5712901767550478
CE_PIECECOORDINATION:0.4518926602682514
CE_MATERIAL:0.545120997499871
CE_KINGSAFETY:0.5152749437171517
C_PIECESQUARETABLES:0.5066584330404793
C_MOBILITY:0.5028799127565834
C_KINGSAFETY:0.617723287581499
C_PAWNSTRUCTURE:0.4799646820944118
C_PIECECOORDINATION:0.4959258548692867
C_ROOKANDPAWNMOVEMENT:0.4959258548692867
C_CENTERCONTROL:0.4541666978207874
C_DEVELOPPIECES:0.5110923489643684
C_MATERIAL:0.5144514025501432
