ELO:816
CE_PASSEDPAWNS:0.4953037236046767
CE_PAWNWEAKNESSES:0.47018540102945755
CE_PIECEACTIVITY:0.5321436227892258
CE_KINGPAWNSHIELD:0.5669866183552954
CE_PIECECOORDINATION:0.5109248355074016
CE_MATERIAL:0.5286950389390394
CE_KINGSAFETY:0.46120033476148503
C_PIECESQUARETABLES:0.4505969663684532
C_MOBILITY:0.4611382900470052
C_KINGSAFETY:0.5086403644131413
C_PAWNSTRUCTURE:0.4575489668189475
C_PIECECOORDINATION:0.48620698378679955
C_ROOKANDPAWNMOVEMENT:0.48620698378679955
C_CENTERCONTROL:0.4659309268000561
C_DEVELOPPIECES:0.5453679710510079
C_MATERIAL:0.5506038246806616
C_MOVECOUNT:0.5
