ELO:951
CE_PASSEDPAWNS:0.5420046573874101
CE_PAWNWEAKNESSES:0.48400716286796275
CE_PIECEACTIVITY:0.4867070752393167
CE_KINGPAWNSHIELD:0.5269768844014522
CE_PIECECOORDINATION:0.48703474185365875
CE_MATERIAL:0.4750741615984182
CE_KINGSAFETY:0.49396914773722744
C_PIECESQUARETABLES:0.5070397775594295
C_MOBILITY:0.4940819522298665
C_KINGSAFETY:0.5027283898738221
C_PAWNSTRUCTURE:0.525908592436876
C_PIECECOORDINATION:0.4738215584543953
C_ROOK:0.49944236305715056
CE_ROOK:0.48147159890730046
C_CENTERCONTROL:0.5226982690591114
C_DEVELOPPIECES:0.47113651605910345
C_MATERIAL:0.4654572372940226
C_MOVECOUNT:0.501622811956675
C_PAWNMOVEMENT:0.4974489590575014
