ELO:979
CE_PASSEDPAWNS:0.48030946519720036
CE_PAWNWEAKNESSES:0.5067294505779514
CE_PIECEACTIVITY:0.501925526966411
CE_KINGPAWNSHIELD:0.4996022446873482
CE_PIECECOORDINATION:0.4996416392786762
CE_MATERIAL:0.4924648736921594
CE_KINGSAFETY:0.5
C_PIECESQUARETABLES:0.5
C_MOBILITY:0.5010944983037472
C_KINGSAFETY:0.4975638498013223
C_PAWNSTRUCTURE:0.5
C_PIECECOORDINATION:0.48061322534614326
C_ROOKANDPAWNMOVEMENT:0.48061322534614326
C_CENTERCONTROL:0.48264070126665987
C_DEVELOPPIECES:0.47501224188083263
C_MATERIAL:0.4977038586741975
C_MOVECOUNT:0.4641865082746293
