ELO:925
CE_PASSEDPAWNS:0.48745920361320555
CE_PAWNWEAKNESSES:0.4806306928658541
CE_PIECEACTIVITY:0.46784191469926156
CE_KINGPAWNSHIELD:0.5218747559824635
CE_PIECECOORDINATION:0.4762021989824791
CE_MATERIAL:0.49339316067882083
CE_KINGSAFETY:0.5024953342500419
C_PIECESQUARETABLES:0.5
C_MOBILITY:0.47457097164857454
C_KINGSAFETY:0.4829346039520193
C_PAWNSTRUCTURE:0.46464402884874817
C_PIECECOORDINATION:0.5284599506402572
C_ROOKANDPAWNMOVEMENT:0.5284599506402572
C_CENTERCONTROL:0.48679844995812255
C_DEVELOPPIECES:0.4952101300391608
C_MATERIAL:0.5116265759239218
C_MOVECOUNT:0.5
