ELO:834
CE_PASSEDPAWNS:0.5389309110557083
CE_PAWNWEAKNESSES:0.4826134809764369
CE_PIECEACTIVITY:0.574195230794097
CE_KINGPAWNSHIELD:0.43386506621021703
CE_PIECECOORDINATION:0.5201773550578025
CE_MATERIAL:0.43668913756045774
CE_KINGSAFETY:0.5064623710450967
C_PIECESQUARETABLES:0.47273272965898744
C_MOBILITY:0.4004275294779338
C_KINGSAFETY:0.49235282215798315
C_PAWNSTRUCTURE:0.4700102071555518
C_PIECECOORDINATION:0.5292830814667432
C_ROOKANDPAWNMOVEMENT:0.5292830814667432
C_CENTERCONTROL:0.47275685767885534
C_DEVELOPPIECES:0.44214226132513734
C_MATERIAL:0.5014087738857136
C_MOVECOUNT:0.5
