ELO:967
CE_PASSEDPAWNS:0.5570183731080347
CE_PAWNWEAKNESSES:0.4734036510482281
CE_PIECEACTIVITY:0.5882094117581832
CE_KINGPAWNSHIELD:0.4873640784077908
CE_PIECECOORDINATION:0.4105826330027796
CE_MATERIAL:0.4595447712461636
CE_KINGSAFETY:0.5035374119406743
C_PIECESQUARETABLES:0.47784747006010075
C_MOBILITY:0.5633056545718864
C_KINGSAFETY:0.5091010745766055
C_PAWNSTRUCTURE:0.4715842069814769
C_PIECECOORDINATION:0.5483966181005732
C_ROOKANDPAWNMOVEMENT:0.5483966181005732
C_CENTERCONTROL:0.5279372197346731
C_DEVELOPPIECES:0.376716386293959
C_MATERIAL:0.3875128706571604
