ELO:917
CE_PASSEDPAWNS:0.48066039690505175
CE_PAWNWEAKNESSES:0.4910744249651627
CE_PIECEACTIVITY:0.4752795566550907
CE_KINGPAWNSHIELD:0.5112372576411047
CE_PIECECOORDINATION:0.5052895476953145
CE_MATERIAL:0.4829016074207697
CE_KINGSAFETY:0.4983573956918911
C_PIECESQUARETABLES:0.5249616972398948
C_MOBILITY:0.44954461666489853
C_KINGSAFETY:0.5240261704910303
C_PAWNSTRUCTURE:0.4841574823990404
C_PIECECOORDINATION:0.4586928212832142
C_ROOKANDPAWNMOVEMENT:0.4586928212832142
C_CENTERCONTROL:0.511890540848422
C_DEVELOPPIECES:0.5203812608835816
C_MATERIAL:0.5455088391914823
C_MOVECOUNT:0.5
