ELO:1007
CE_PASSEDPAWNS:0.4815669521233752
CE_PAWNWEAKNESSES:0.49759374190516564
CE_PIECEACTIVITY:0.49315170019965887
CE_KINGPAWNSHIELD:0.5
CE_PIECECOORDINATION:0.500053313438649
CE_MATERIAL:0.4863760985765671
CE_KINGSAFETY:0.5
C_PIECESQUARETABLES:0.5
C_MOBILITY:0.483320573303792
C_KINGSAFETY:0.5007607309421702
C_PAWNSTRUCTURE:0.5064484903030275
C_PIECECOORDINATION:0.4912924213658679
C_ROOKANDPAWNMOVEMENT:0.4912924213658679
C_CENTERCONTROL:0.4899409669585852
C_DEVELOPPIECES:0.5145854246620852
C_MATERIAL:0.4860452468848618
C_MOVECOUNT:0.5
