ELO:1000
CE_PASSEDPAWNS:0.49200687153218176
CE_PAWNWEAKNESSES:0.5119386022329525
CE_PIECEACTIVITY:0.5
CE_KINGPAWNSHIELD:0.5029307607126485
CE_PIECECOORDINATION:0.4891140002767791
CE_MATERIAL:0.49110416468879337
CE_KINGSAFETY:0.4916063234764464
C_PIECESQUARETABLES:0.49990931416685924
C_MOBILITY:0.5066452654957087
C_KINGSAFETY:0.507955212482876
C_PAWNSTRUCTURE:0.5
C_PIECECOORDINATION:0.5
C_ROOKANDPAWNMOVEMENT:0.5
C_CENTERCONTROL:0.5
C_DEVELOPPIECES:0.5
C_MATERIAL:0.5
