ELO:996
CE_PASSEDPAWNS:0.47702147415636414
CE_PAWNWEAKNESSES:0.5237310814685422
CE_PIECEACTIVITY:0.48550417080579084
CE_KINGPAWNSHIELD:0.575562221404442
CE_PIECECOORDINATION:0.4516144004466562
CE_MATERIAL:0.5126058626340865
CE_KINGSAFETY:0.4966589914946036
C_PIECESQUARETABLES:0.49467696977379433
C_MOBILITY:0.505369526716666
C_KINGSAFETY:0.606333276737073
C_PAWNSTRUCTURE:0.4552718253772663
C_PIECECOORDINATION:0.4096604572130367
C_ROOKANDPAWNMOVEMENT:0.4096604572130367
C_CENTERCONTROL:0.4497020973412301
C_DEVELOPPIECES:0.5212617293997817
C_MATERIAL:0.4923831940619621
