ELO:996
CE_PASSEDPAWNS:0.4815669521233752
CE_PAWNWEAKNESSES:0.5
CE_PIECEACTIVITY:0.49905671672432983
CE_KINGPAWNSHIELD:0.5
CE_PIECECOORDINATION:0.49634401742949036
CE_MATERIAL:0.5
CE_KINGSAFETY:0.4890007856673852
C_PIECESQUARETABLES:0.5
C_MOBILITY:0.49383172016657606
C_KINGSAFETY:0.5
C_PAWNSTRUCTURE:0.5
C_PIECECOORDINATION:0.5
C_ROOKANDPAWNMOVEMENT:0.5
C_CENTERCONTROL:0.49563170036528276
C_DEVELOPPIECES:0.507116843533017
C_MATERIAL:0.4860452468848618
C_MOVECOUNT:0.511062134078687
