ELO:763
CE_PASSEDPAWNS:0.4892616621258294
CE_PAWNWEAKNESSES:0.5515159856221219
CE_PIECEACTIVITY:0.471842779873795
CE_KINGPAWNSHIELD:0.5503763577828575
CE_PIECECOORDINATION:0.535696530740162
CE_MATERIAL:0.495970516079301
CE_KINGSAFETY:0.48937131403354406
C_PIECESQUARETABLES:0.4951397210984832
C_MOBILITY:0.5302244327684407
C_KINGSAFETY:0.4364200274267527
C_PAWNSTRUCTURE:0.5080666030500958
C_PIECECOORDINATION:0.4418368386020355
C_ROOKANDPAWNMOVEMENT:0.4418368386020355
C_CENTERCONTROL:0.5607441091726193
C_DEVELOPPIECES:0.5382218423942918
C_MATERIAL:0.4649975169993124
C_MOVECOUNT:0.49942345286301254
