ELO:974
CE_PASSEDPAWNS:0.5042561205954692
CE_PAWNWEAKNESSES:0.49557942020199525
CE_PIECEACTIVITY:0.4899581933840575
CE_KINGPAWNSHIELD:0.5469525706589091
CE_PIECECOORDINATION:0.4579346648991104
CE_MATERIAL:0.5143599443573402
CE_KINGSAFETY:0.5118900257732075
C_PIECESQUARETABLES:0.5157783214884286
C_MOBILITY:0.5169860261274488
C_KINGSAFETY:0.5836075079853945
C_PAWNSTRUCTURE:0.47219712486626264
C_PIECECOORDINATION:0.44701681338509774
C_ROOKANDPAWNMOVEMENT:0.44701681338509774
C_CENTERCONTROL:0.4432493941683794
C_DEVELOPPIECES:0.5456319302822659
C_MATERIAL:0.4793985984838731
