ELO:818
CE_PASSEDPAWNS:0.4709381745785391
CE_PAWNWEAKNESSES:0.5159094269001373
CE_PIECEACTIVITY:0.5392446828837666
CE_KINGPAWNSHIELD:0.43245658006611815
CE_PIECECOORDINATION:0.5153494714982788
CE_MATERIAL:0.43841054503161414
CE_KINGSAFETY:0.5203833800866738
C_PIECESQUARETABLES:0.45192277908620637
C_MOBILITY:0.44826532672999725
C_KINGSAFETY:0.47670770299806403
C_PAWNSTRUCTURE:0.4459427832353517
C_PIECECOORDINATION:0.536795324502796
C_ROOKANDPAWNMOVEMENT:0.536795324502796
C_CENTERCONTROL:0.47959592217695457
C_DEVELOPPIECES:0.5011996871493967
C_MATERIAL:0.4761355245762476
C_MOVECOUNT:0.5
