ELO:956
CE_PASSEDPAWNS:0.5388489998236438
CE_PAWNWEAKNESSES:0.5012055555611139
CE_PIECEACTIVITY:0.5008783437885068
CE_KINGPAWNSHIELD:0.4596052584950482
CE_PIECECOORDINATION:0.47757069513174616
CE_MATERIAL:0.49802193573923137
CE_KINGSAFETY:0.4972786820413859
C_PIECESQUARETABLES:0.5
C_MOBILITY:0.45698320221093647
C_KINGSAFETY:0.4766072384447032
C_PAWNSTRUCTURE:0.5140379293537624
C_PIECECOORDINATION:0.5137191963900178
C_ROOK:0.494517374419774
CE_ROOK:0.47744436755169944
C_CENTERCONTROL:0.5171939695791324
C_DEVELOPPIECES:0.4608493554761624
C_MATERIAL:0.5567854577032876
C_MOVECOUNT:0.5164090470228506
C_PAWNMOVEMENT:0.504920170557751
