ELO:939
CE_PASSEDPAWNS:0.5299347653305772
CE_PAWNWEAKNESSES:0.4827087511563472
CE_PIECEACTIVITY:0.4867070752393167
CE_KINGPAWNSHIELD:0.5269768844014522
CE_PIECECOORDINATION:0.48703474185365875
CE_MATERIAL:0.48209390775490935
CE_KINGSAFETY:0.5
C_PIECESQUARETABLES:0.5077154522206458
C_MOBILITY:0.4969453669616003
C_KINGSAFETY:0.5027283898738221
C_PAWNSTRUCTURE:0.5139640757709041
C_PIECECOORDINATION:0.4557311702246296
C_ROOK:0.4873113166909372
CE_ROOK:0.4795555393392295
C_CENTERCONTROL:0.5130705709009611
C_DEVELOPPIECES:0.4733978517488123
C_MATERIAL:0.4655733878171151
C_MOVECOUNT:0.49470965937674394
C_PAWNMOVEMENT:0.4908997158930443
