ELO:958
CE_PASSEDPAWNS:0.4971235805184575
CE_PAWNWEAKNESSES:0.49557942020199525
CE_PIECEACTIVITY:0.49807256160569896
CE_KINGPAWNSHIELD:0.5521568269302503
CE_PIECECOORDINATION:0.4659152083393438
CE_MATERIAL:0.5143599443573402
CE_KINGSAFETY:0.5036667222122163
C_PIECESQUARETABLES:0.4916984925469714
C_MOBILITY:0.5154360458922317
C_KINGSAFETY:0.5987788976095525
C_PAWNSTRUCTURE:0.4736028820856624
C_PIECECOORDINATION:0.4392476234794338
C_ROOKANDPAWNMOVEMENT:0.4392476234794338
C_CENTERCONTROL:0.44227400068789513
C_DEVELOPPIECES:0.5429129383949439
C_MATERIAL:0.4871000524033083
