ELO:1089
CE_PASSEDPAWNS:0.656442444681343
CE_PAWNWEAKNESSES:0.45806701335633515
CE_PIECEACTIVITY:0.48048357914774237
CE_KINGPAWNSHIELD:0.4163559443447905
CE_PIECECOORDINATION:0.5707969823983154
CE_MATERIAL:0.4605668174420282
CE_KINGSAFETY:0.5
C_PIECESQUARETABLES:0.5090694156443494
C_MOBILITY:0.41909322207399285
C_KINGSAFETY:0.5921019229801289
C_PAWNSTRUCTURE:0.44463873997462566
C_PIECECOORDINATION:0.5075973347482442
C_ROOKANDPAWNMOVEMENT:0.5075973347482442
C_CENTERCONTROL:0.4986740152335173
C_DEVELOPPIECES:0.464302331748555
C_MATERIAL:0.41977091524417975
