ELO:1023
CE_PASSEDPAWNS:0.4855100821958456
CE_PAWNWEAKNESSES:0.4888556150843263
CE_PIECEACTIVITY:0.5086038573593461
CE_KINGPAWNSHIELD:0.5099599309815396
CE_PIECECOORDINATION:0.502903680429559
CE_MATERIAL:0.5102330516718669
CE_KINGSAFETY:0.48920266921918787
C_PIECESQUARETABLES:0.5
C_MOBILITY:0.49227452877852235
C_KINGSAFETY:0.4986723662464298
C_PAWNSTRUCTURE:0.5211331007459965
C_PIECECOORDINATION:0.500899365806816
C_ROOK:0.4968569606669356
CE_ROOK:0.492086612264687
C_CENTERCONTROL:0.49835601259327794
C_DEVELOPPIECES:0.49094584126829643
C_MATERIAL:0.5
C_MOVECOUNT:0.5305812740726505
C_PAWNMOVEMENT:0.5152520085441915
