ELO:800
CE_PASSEDPAWNS:0.590769031204542
CE_PAWNWEAKNESSES:0.512153789500613
CE_PIECEACTIVITY:0.4826085426564464
CE_KINGPAWNSHIELD:0.5119449248232054
CE_PIECECOORDINATION:0.5304905494547018
CE_MATERIAL:0.5394524909681635
CE_KINGSAFETY:0.5126948114217958
C_PIECESQUARETABLES:0.4661289868206067
C_MOBILITY:0.5782961403804118
C_KINGSAFETY:0.43015207928326904
C_PAWNSTRUCTURE:0.4850260435901981
C_PIECECOORDINATION:0.5238238392549049
C_ROOKANDPAWNMOVEMENT:0.5238238392549049
C_CENTERCONTROL:0.5113182757055242
C_DEVELOPPIECES:0.5029523995863131
C_MATERIAL:0.5823661133977639
C_MOVECOUNT:0.46058418926376005
