ELO:1010
CE_PASSEDPAWNS:0.5
CE_PAWNWEAKNESSES:0.5159899000262808
CE_PIECEACTIVITY:0.5073220430097741
CE_KINGPAWNSHIELD:0.5
CE_PIECECOORDINATION:0.4816832260514155
CE_MATERIAL:0.5136338643845553
CE_KINGSAFETY:0.5
C_PIECESQUARETABLES:0.5
C_MOBILITY:0.48997149383208166
C_KINGSAFETY:0.5059994609796822
C_PAWNSTRUCTURE:0.5031194796229609
C_PIECECOORDINATION:0.5
C_ROOKANDPAWNMOVEMENT:0.5
C_CENTERCONTROL:0.5
C_DEVELOPPIECES:0.4908275545530001
C_MATERIAL:0.5030384810528
C_MOVECOUNT:0.49683041997112704
