ELO:826
CE_PASSEDPAWNS:0.49793671772669185
CE_PAWNWEAKNESSES:0.5266808681099344
CE_PIECEACTIVITY:0.5715186664441418
CE_KINGPAWNSHIELD:0.5218747609152679
CE_PIECECOORDINATION:0.5218284895609885
CE_MATERIAL:0.5478634070441635
CE_KINGSAFETY:0.45883476833951903
C_PIECESQUARETABLES:0.5647172048237756
C_MOBILITY:0.5635216922654844
C_KINGSAFETY:0.4422065376656254
C_PAWNSTRUCTURE:0.5197381198925592
C_PIECECOORDINATION:0.4339298516425382
C_ROOKANDPAWNMOVEMENT:0.4339298516425382
C_CENTERCONTROL:0.6388111084458391
C_DEVELOPPIECES:0.4944646409491749
C_MATERIAL:0.4472056517235859
C_MOVECOUNT:0.5
