ELO:1005
CE_PASSEDPAWNS:0.4934254297474594
CE_PAWNWEAKNESSES:0.5
CE_PIECEACTIVITY:0.47624788913327826
CE_KINGPAWNSHIELD:0.5002202692162594
CE_PIECECOORDINATION:0.49702260212792293
CE_MATERIAL:0.4907562820726126
CE_KINGSAFETY:0.5
C_PIECESQUARETABLES:0.5111164389194236
C_MOBILITY:0.5085426731514554
C_KINGSAFETY:0.4929695819298569
C_PAWNSTRUCTURE:0.5163507635931073
C_PIECECOORDINATION:0.5
C_ROOKANDPAWNMOVEMENT:0.5
C_CENTERCONTROL:0.49637468680228575
C_DEVELOPPIECES:0.4936491684030078
C_MATERIAL:0.5
C_MOVECOUNT:0.48733454357421147
