ELO:953
CE_PASSEDPAWNS:0.5018191409483372
CE_PAWNWEAKNESSES:0.5921506401181325
CE_PIECEACTIVITY:0.5466933302027965
CE_KINGPAWNSHIELD:0.5425655701200762
CE_PIECECOORDINATION:0.45656387915637364
CE_MATERIAL:0.5218882942347328
CE_KINGSAFETY:0.46887276621546903
C_PIECESQUARETABLES:0.511681520197672
C_MOBILITY:0.47205966559858753
C_KINGSAFETY:0.5177354010951535
C_PAWNSTRUCTURE:0.50515231828598
C_PIECECOORDINATION:0.44734833346991804
C_ROOKANDPAWNMOVEMENT:0.44734833346991804
C_CENTERCONTROL:0.40436629515134925
C_DEVELOPPIECES:0.5224318408100502
C_MATERIAL:0.4010707345107806
