ELO:1000
CE_PASSEDPAWNS:0.5079416311515978
CE_PAWNWEAKNESSES:0.5094974860307971
CE_PIECEACTIVITY:0.4942924197682018
CE_KINGPAWNSHIELD:0.5003969525690253
CE_PIECECOORDINATION:0.5095272818185178
CE_MATERIAL:0.4798560318334635
CE_KINGSAFETY:0.49143921244032235
C_PIECESQUARETABLES:0.5127127714336495
C_MOBILITY:0.47010833836689103
C_KINGSAFETY:0.4567029352817101
C_PAWNSTRUCTURE:0.47505788965251017
C_PIECECOORDINATION:0.49037076523473877
C_ROOKANDPAWNMOVEMENT:0.49037076523473877
C_CENTERCONTROL:0.49724299459694166
C_DEVELOPPIECES:0.5358207105825875
C_MATERIAL:0.4877831035196094
