ELO:1006
CE_PASSEDPAWNS:0.5140685010755365
CE_PAWNWEAKNESSES:0.5067062700124377
CE_PIECEACTIVITY:0.49340484399593865
CE_KINGPAWNSHIELD:0.5
CE_PIECECOORDINATION:0.49702260212792293
CE_MATERIAL:0.49488886931225784
CE_KINGSAFETY:0.493693374678794
C_PIECESQUARETABLES:0.4880594459894668
C_MOBILITY:0.5085426731514554
C_KINGSAFETY:0.5034691602551491
C_PAWNSTRUCTURE:0.5163507635931073
C_PIECECOORDINATION:0.5
C_ROOKANDPAWNMOVEMENT:0.5
C_CENTERCONTROL:0.5
C_DEVELOPPIECES:0.508690629951446
C_MATERIAL:0.49728262001253515
C_MOVECOUNT:0.5
