ELO:996
CE_PASSEDPAWNS:0.5204646648539649
CE_PAWNWEAKNESSES:0.4592068929012446
CE_PIECEACTIVITY:0.538792877321864
CE_KINGPAWNSHIELD:0.5298077861561723
CE_PIECECOORDINATION:0.5422740765737334
CE_MATERIAL:0.4463354561681705
CE_KINGSAFETY:0.5075765941898169
C_PIECESQUARETABLES:0.525698232035387
C_MOBILITY:0.43277907782213487
C_KINGSAFETY:0.4779954920096635
C_PAWNSTRUCTURE:0.44602295656560015
C_PIECECOORDINATION:0.5292259758419334
C_ROOKANDPAWNMOVEMENT:0.5292259758419334
C_CENTERCONTROL:0.431699297235562
C_DEVELOPPIECES:0.5197734694480112
C_MATERIAL:0.583151380286349
