ELO:1000
CE_PASSEDPAWNS:0.5119140811776763
CE_PAWNWEAKNESSES:0.5253380554623193
CE_PIECEACTIVITY:0.4921776808573597
CE_KINGPAWNSHIELD:0.4906577903971715
CE_PIECECOORDINATION:0.47234928900420625
CE_MATERIAL:0.49055067338898384
CE_KINGSAFETY:0.4959820728131416
C_PIECESQUARETABLES:0.5147422078860758
C_MOBILITY:0.498024566358955
C_KINGSAFETY:0.5086221873847165
C_PAWNSTRUCTURE:0.4426378797014143
C_PIECECOORDINATION:0.543318201605412
C_ROOKANDPAWNMOVEMENT:0.543318201605412
C_CENTERCONTROL:0.4845857321653748
C_DEVELOPPIECES:0.5051399849508376
C_MATERIAL:0.49259620333700566
