ELO:996
CE_PASSEDPAWNS:0.4899132889849566
CE_PAWNWEAKNESSES:0.47336505269275414
CE_PIECEACTIVITY:0.5
CE_KINGPAWNSHIELD:0.5027651943227441
CE_PIECECOORDINATION:0.4957261160488047
CE_MATERIAL:0.5119674845696383
CE_KINGSAFETY:0.4808317671984542
C_PIECESQUARETABLES:0.4656930307492216
C_MOBILITY:0.5020494305518771
C_KINGSAFETY:0.49853413424664245
C_PAWNSTRUCTURE:0.48522775447964317
C_PIECECOORDINATION:0.4957400043186619
C_ROOKANDPAWNMOVEMENT:0.4957400043186619
C_CENTERCONTROL:0.49278548575068837
C_DEVELOPPIECES:0.5080140249247939
C_MATERIAL:0.5
