ELO:614
CE_PASSEDPAWNS:0.3677933818038929
CE_PAWNWEAKNESSES:0.5866039680161678
CE_PIECEACTIVITY:0.7186436163487249
CE_KINGPAWNSHIELD:0.5446873791670107
CE_PIECECOORDINATION:0.6254832504106714
CE_MATERIAL:0.5435936307936367
CE_KINGSAFETY:0.5039899399848408
C_PIECESQUARETABLES:0.537483273324064
C_MOBILITY:0.5369652485931949
C_KINGSAFETY:0.45505979522178575
C_PAWNSTRUCTURE:0.6018312615115206
C_PIECECOORDINATION:0.4458791355867075
C_ROOKANDPAWNMOVEMENT:0.4458791355867075
C_CENTERCONTROL:0.6580959546753101
C_DEVELOPPIECES:0.49839778120244754
C_MATERIAL:0.40268493304291836
C_MOVECOUNT:0.46980063112094433
