ELO:1000
CE_PASSEDPAWNS:0.4913392869136137
CE_PAWNWEAKNESSES:0.5301999890370684
CE_PIECEACTIVITY:0.4959731284873217
CE_KINGPAWNSHIELD:0.48253374139290245
CE_PIECECOORDINATION:0.48374692762546373
CE_MATERIAL:0.486731431305862
CE_KINGSAFETY:0.4928994988352076
C_PIECESQUARETABLES:0.5199338101655161
C_MOBILITY:0.498024566358955
C_KINGSAFETY:0.5246110545125057
C_PAWNSTRUCTURE:0.4364609648259849
C_PIECECOORDINATION:0.5440124749526626
C_ROOKANDPAWNMOVEMENT:0.5440124749526626
C_CENTERCONTROL:0.4834318076778262
C_DEVELOPPIECES:0.5031882058890191
C_MATERIAL:0.48241926526529294
