ELO:988
CE_PASSEDPAWNS:0.3768421044874596
CE_PAWNWEAKNESSES:0.5324867503159412
CE_PIECEACTIVITY:0.5055534717583172
CE_KINGPAWNSHIELD:0.5033131280847462
CE_PIECECOORDINATION:0.44709368798588855
CE_MATERIAL:0.5653827236492338
CE_KINGSAFETY:0.49185283808273894
C_PIECESQUARETABLES:0.49816207749376346
C_MOBILITY:0.5125480863662673
C_KINGSAFETY:0.5809955709551379
C_PAWNSTRUCTURE:0.32659486032772983
C_PIECECOORDINATION:0.43698279418656183
C_ROOKANDPAWNMOVEMENT:0.43698279418656183
C_CENTERCONTROL:0.38057901828897406
C_DEVELOPPIECES:0.5473434854963155
C_MATERIAL:0.5866536899795093
