ELO:815
CE_PASSEDPAWNS:0.5247652553397733
CE_PAWNWEAKNESSES:0.5487336231946062
CE_PIECEACTIVITY:0.5496617598474557
CE_KINGPAWNSHIELD:0.48860137535973835
CE_PIECECOORDINATION:0.5376352942801153
CE_MATERIAL:0.5184043870463951
CE_KINGSAFETY:0.4814074897896396
C_PIECESQUARETABLES:0.5705352617220943
C_MOBILITY:0.5563306694706032
C_KINGSAFETY:0.4802953450416741
C_PAWNSTRUCTURE:0.5014020003077172
C_PIECECOORDINATION:0.43978677697004614
C_ROOKANDPAWNMOVEMENT:0.43978677697004614
C_CENTERCONTROL:0.5911300569262116
C_DEVELOPPIECES:0.49857237667239684
C_MATERIAL:0.446699792040628
C_MOVECOUNT:0.5
