ELO:953
CE_PASSEDPAWNS:0.5012326124750038
CE_PAWNWEAKNESSES:0.5742496205165163
CE_PIECEACTIVITY:0.5480290375089448
CE_KINGPAWNSHIELD:0.5424845799183442
CE_PIECECOORDINATION:0.4574894619871324
CE_MATERIAL:0.5196929434543202
CE_KINGSAFETY:0.4690798454099272
C_PIECESQUARETABLES:0.5195275117049472
C_MOBILITY:0.4503262420026552
C_KINGSAFETY:0.5037388682119601
C_PAWNSTRUCTURE:0.4924878287620334
C_PIECECOORDINATION:0.43935673823582444
C_ROOKANDPAWNMOVEMENT:0.43935673823582444
C_CENTERCONTROL:0.39740424607132685
C_DEVELOPPIECES:0.5228760210869782
C_MATERIAL:0.4091198056632646
