ELO:972
CE_PASSEDPAWNS:0.485625688541401
CE_PAWNWEAKNESSES:0.5073450085776432
CE_PIECEACTIVITY:0.5357540822242284
CE_KINGPAWNSHIELD:0.49670026126871464
CE_PIECECOORDINATION:0.5341870813174088
CE_MATERIAL:0.5192512781099013
CE_KINGSAFETY:0.5
C_PIECESQUARETABLES:0.5
C_MOBILITY:0.5019113131292201
C_KINGSAFETY:0.5466452714985792
C_PAWNSTRUCTURE:0.4319173192613044
C_PIECECOORDINATION:0.5352871532408915
C_ROOK:0.4964771594300612
CE_ROOK:0.5052586987959277
C_CENTERCONTROL:0.4585770535958145
C_DEVELOPPIECES:0.5201954593677601
C_MATERIAL:0.49870141964144243
C_MOVECOUNT:0.4937067078428488
C_PAWNMOVEMENT:0.5107510682882381
