ELO:1000
CE_PASSEDPAWNS:0.5
CE_PAWNWEAKNESSES:0.515684040673933
CE_PIECEACTIVITY:0.4861206759425721
CE_KINGPAWNSHIELD:0.5004096862782206
CE_PIECECOORDINATION:0.513364189345808
CE_MATERIAL:0.4849598736136701
CE_KINGSAFETY:0.49304415479633157
C_PIECESQUARETABLES:0.5104707608685513
C_MOBILITY:0.49685202148181284
C_KINGSAFETY:0.4886494373860342
C_PAWNSTRUCTURE:0.5016477334695159
C_PIECECOORDINATION:0.5081347797242854
C_ROOKANDPAWNMOVEMENT:0.5081347797242854
C_CENTERCONTROL:0.4935783489790712
C_DEVELOPPIECES:0.5184179758125865
C_MATERIAL:0.4852220148867953
