ELO:1000
CE_PASSEDPAWNS:0.5070867292207448
CE_PAWNWEAKNESSES:0.5131298763256299
CE_PIECEACTIVITY:0.526083279973743
CE_KINGPAWNSHIELD:0.5221221105622413
CE_PIECECOORDINATION:0.5544603379333634
CE_MATERIAL:0.5068190961240141
CE_KINGSAFETY:0.5221735274768017
C_PIECESQUARETABLES:0.46055101144163635
C_MOBILITY:0.45193431080005025
C_KINGSAFETY:0.43197435847419297
C_PAWNSTRUCTURE:0.46455835209886076
C_PIECECOORDINATION:0.4839274965799254
C_ROOKANDPAWNMOVEMENT:0.4839274965799254
C_CENTERCONTROL:0.4499818522526478
C_DEVELOPPIECES:0.5696310681791096
C_MATERIAL:0.5209362280675738
