ELO:970
CE_PASSEDPAWNS:0.5033495267206165
CE_PAWNWEAKNESSES:0.5665842926121094
CE_PIECEACTIVITY:0.47244661155101686
CE_KINGPAWNSHIELD:0.5204255980520696
CE_PIECECOORDINATION:0.45408039822987784
CE_MATERIAL:0.5101147892116259
CE_KINGSAFETY:0.489539024456148
C_PIECESQUARETABLES:0.4770392866622499
C_MOBILITY:0.44055756809291724
C_KINGSAFETY:0.47629733063795215
C_PAWNSTRUCTURE:0.4844933454369887
C_PIECECOORDINATION:0.46507436892973214
C_ROOKANDPAWNMOVEMENT:0.46507436892973214
C_CENTERCONTROL:0.40825220270375784
C_DEVELOPPIECES:0.5072325841788463
C_MATERIAL:0.398888725641372
