ELO:911
CE_PASSEDPAWNS:0.4690157857660509
CE_PAWNWEAKNESSES:0.4414201343579859
CE_PIECEACTIVITY:0.4197758916493208
CE_KINGPAWNSHIELD:0.3933763998560274
CE_PIECECOORDINATION:0.4637266811957741
CE_MATERIAL:0.5408933313563112
CE_KINGSAFETY:0.4952516791315718
C_PIECESQUARETABLES:0.5332726935199226
C_MOBILITY:0.4681067282457163
C_KINGSAFETY:0.5032781442085146
C_PAWNSTRUCTURE:0.5108118076982474
C_PIECECOORDINATION:0.5615948090952416
C_ROOKANDPAWNMOVEMENT:0.5615948090952416
C_CENTERCONTROL:0.5447678957449082
C_DEVELOPPIECES:0.45238560313781206
C_MATERIAL:0.44531035742290737
C_MOVECOUNT:0.518622839324779
