ELO:821
CE_PASSEDPAWNS:0.5228635847082185
CE_PAWNWEAKNESSES:0.5568221720119523
CE_PIECEACTIVITY:0.5682166334286298
CE_KINGPAWNSHIELD:0.4882891812404642
CE_PIECECOORDINATION:0.5353040902316033
CE_MATERIAL:0.5002630348774451
CE_KINGSAFETY:0.4778191245746944
C_PIECESQUARETABLES:0.5662432603254152
C_MOBILITY:0.5471951429397085
C_KINGSAFETY:0.4997815804574993
C_PAWNSTRUCTURE:0.5058377525488639
C_PIECECOORDINATION:0.43901531741208616
C_ROOKANDPAWNMOVEMENT:0.43901531741208616
C_CENTERCONTROL:0.5904765220669422
C_DEVELOPPIECES:0.49829023523683075
C_MATERIAL:0.45446757695652973
C_MOVECOUNT:0.5
