ELO:984
CE_PASSEDPAWNS:0.5240132999600925
CE_PAWNWEAKNESSES:0.460923218838021
CE_PIECEACTIVITY:0.5390161939530026
CE_KINGPAWNSHIELD:0.5417824484466573
CE_PIECECOORDINATION:0.5329453133308827
CE_MATERIAL:0.4422382326641904
CE_KINGSAFETY:0.5
C_PIECESQUARETABLES:0.50788570320806
C_MOBILITY:0.41569413760007484
C_KINGSAFETY:0.4926392404516545
C_PAWNSTRUCTURE:0.45602253110853025
C_PIECECOORDINATION:0.5423222785231607
C_ROOKANDPAWNMOVEMENT:0.5423222785231607
C_CENTERCONTROL:0.43379796961907646
C_DEVELOPPIECES:0.5469311643902278
C_MATERIAL:0.591532089377317
