ELO:976
CE_PASSEDPAWNS:0.5118210759112872
CE_PAWNWEAKNESSES:0.5073471769913428
CE_PIECEACTIVITY:0.507757422563248
CE_KINGPAWNSHIELD:0.5
CE_PIECECOORDINATION:0.5105563212128068
CE_MATERIAL:0.5023138406432601
CE_KINGSAFETY:0.49398404103440813
C_PIECESQUARETABLES:0.5
C_MOBILITY:0.492499769937203
C_KINGSAFETY:0.49339089680904796
C_PAWNSTRUCTURE:0.5
C_PIECECOORDINATION:0.5
C_ROOKANDPAWNMOVEMENT:0.5
C_CENTERCONTROL:0.5051830386258775
C_DEVELOPPIECES:0.5089513454094832
C_MATERIAL:0.5
C_MOVECOUNT:0.4991464497086005
