ELO:993
CE_PASSEDPAWNS:0.5090036970409725
CE_PAWNWEAKNESSES:0.5385809587962204
CE_PIECEACTIVITY:0.4963562306020133
CE_KINGPAWNSHIELD:0.5154664377924787
CE_PIECECOORDINATION:0.4365525303146494
CE_MATERIAL:0.48110676790298446
CE_KINGSAFETY:0.4870112283118003
C_PIECESQUARETABLES:0.45562372755669944
C_MOBILITY:0.44502281047770775
C_KINGSAFETY:0.4635010067079649
C_PAWNSTRUCTURE:0.4618198440363063
C_PIECECOORDINATION:0.4910231985960834
C_ROOKANDPAWNMOVEMENT:0.4910231985960834
C_CENTERCONTROL:0.4655032189150732
C_DEVELOPPIECES:0.504274235895484
C_MATERIAL:0.4360509941649634
