ELO:1015
CE_PASSEDPAWNS:0.5129924431807888
CE_PAWNWEAKNESSES:0.4950114020143222
CE_PIECEACTIVITY:0.5072481620433791
CE_KINGPAWNSHIELD:0.4735945408508382
CE_PIECECOORDINATION:0.49660989697464114
CE_MATERIAL:0.5
CE_KINGSAFETY:0.5
C_PIECESQUARETABLES:0.4649334101015168
C_MOBILITY:0.5105187879707429
C_KINGSAFETY:0.457997346091711
C_PAWNSTRUCTURE:0.5014775765444284
C_PIECECOORDINATION:0.5036097950614675
C_ROOKANDPAWNMOVEMENT:0.5036097950614675
C_CENTERCONTROL:0.50986827219927
C_DEVELOPPIECES:0.5037716188707468
C_MATERIAL:0.5102008176917848
