ELO:1000
CE_PASSEDPAWNS:0.5465487370251246
CE_PAWNWEAKNESSES:0.5122818367088312
CE_PIECEACTIVITY:0.4840140107414309
CE_KINGPAWNSHIELD:0.4959310865024544
CE_PIECECOORDINATION:0.5318352147662153
CE_MATERIAL:0.524792004454686
CE_KINGSAFETY:0.5124688552711575
C_PIECESQUARETABLES:0.5
C_MOBILITY:0.5
C_KINGSAFETY:0.48012539474343635
C_PAWNSTRUCTURE:0.4969564328498859
C_PIECECOORDINATION:0.4964774377490166
C_ROOK:0.5100744761584012
CE_ROOK:0.4922410822318803
C_CENTERCONTROL:0.5
C_DEVELOPPIECES:0.5019411915932267
C_MATERIAL:0.5011259277329964
C_MOVECOUNT:0.5266063697274388
C_PAWNMOVEMENT:0.5037547385522029
