ELO:999
CE_PASSEDPAWNS:0.5372254271274656
CE_PAWNWEAKNESSES:0.4928214204085329
CE_PIECEACTIVITY:0.5365647998255819
CE_KINGPAWNSHIELD:0.5287114145806019
CE_PIECECOORDINATION:0.5386431291247424
CE_MATERIAL:0.4555999510776298
CE_KINGSAFETY:0.5009523288673445
C_PIECESQUARETABLES:0.496697577251409
C_MOBILITY:0.4463336779378275
C_KINGSAFETY:0.49384718439622843
C_PAWNSTRUCTURE:0.44898470230641807
C_PIECECOORDINATION:0.5303411631350489
C_ROOKANDPAWNMOVEMENT:0.5303411631350489
C_CENTERCONTROL:0.46006832989027363
C_DEVELOPPIECES:0.5565924571798363
C_MATERIAL:0.5299196798668078
