ELO:1001
CE_PASSEDPAWNS:0.5
CE_PAWNWEAKNESSES:0.5111090064851298
CE_PIECEACTIVITY:0.47675154804751424
CE_KINGPAWNSHIELD:0.5
CE_PIECECOORDINATION:0.5043155888609528
CE_MATERIAL:0.5136338643845553
CE_KINGSAFETY:0.5
C_PIECESQUARETABLES:0.519455102287286
C_MOBILITY:0.48997149383208166
C_KINGSAFETY:0.5
C_PAWNSTRUCTURE:0.5031194796229609
C_PIECECOORDINATION:0.5
C_ROOKANDPAWNMOVEMENT:0.5
C_CENTERCONTROL:0.49446353924374936
C_DEVELOPPIECES:0.5203289218316578
C_MATERIAL:0.49559869585890004
C_MOVECOUNT:0.5
