ELO:998
CE_PASSEDPAWNS:0.49695324919108114
CE_PAWNWEAKNESSES:0.5050611768870895
CE_PIECEACTIVITY:0.48443965801595823
CE_KINGPAWNSHIELD:0.5
CE_PIECECOORDINATION:0.4905234965648846
CE_MATERIAL:0.4908369216757435
CE_KINGSAFETY:0.5
C_PIECESQUARETABLES:0.5013082625757194
C_MOBILITY:0.4955772492442601
C_KINGSAFETY:0.5
C_PAWNSTRUCTURE:0.5278689278144296
C_PIECECOORDINATION:0.5
C_ROOKANDPAWNMOVEMENT:0.5
C_CENTERCONTROL:0.49689586302178024
C_DEVELOPPIECES:0.5105054271439102
C_MATERIAL:0.5172994799816206
C_MOVECOUNT:0.5089480879406498
