ELO:1000
CE_PASSEDPAWNS:0.5211296221614244
CE_PAWNWEAKNESSES:0.5037113590939069
CE_PIECEACTIVITY:0.4920497410387279
CE_KINGPAWNSHIELD:0.49250534561866327
CE_PIECECOORDINATION:0.5211666719720156
CE_MATERIAL:0.48517504302335734
CE_KINGSAFETY:0.4785619463964226
C_PIECESQUARETABLES:0.5083987048216261
C_MOBILITY:0.47200201148158205
C_KINGSAFETY:0.4770308126330403
C_PAWNSTRUCTURE:0.4914498884997083
C_PIECECOORDINATION:0.5170520145561254
C_ROOKANDPAWNMOVEMENT:0.5170520145561254
C_CENTERCONTROL:0.505644929503298
C_DEVELOPPIECES:0.5292837187385504
C_MATERIAL:0.4903047109245486
