ELO:1009
CE_PASSEDPAWNS:0.49916099959583315
CE_PAWNWEAKNESSES:0.5
CE_PIECEACTIVITY:0.5140086916629228
CE_KINGPAWNSHIELD:0.5091188190514694
CE_PIECECOORDINATION:0.49255287397135755
CE_MATERIAL:0.5
CE_KINGSAFETY:0.5
C_PIECESQUARETABLES:0.503279436293148
C_MOBILITY:0.5004496687812409
C_KINGSAFETY:0.5
C_PAWNSTRUCTURE:0.5
C_PIECECOORDINATION:0.5
C_ROOKANDPAWNMOVEMENT:0.5
C_CENTERCONTROL:0.4935365868474297
C_DEVELOPPIECES:0.5
C_MATERIAL:0.5098790173758988
C_MOVECOUNT:0.5
