ELO:993
CE_PASSEDPAWNS:0.4838050041058589
CE_PAWNWEAKNESSES:0.5036788253952824
CE_PIECEACTIVITY:0.5204435154518231
CE_KINGPAWNSHIELD:0.49790604638297653
CE_PIECECOORDINATION:0.5010009849975434
CE_MATERIAL:0.5141569035142793
CE_KINGSAFETY:0.5
C_PIECESQUARETABLES:0.48935473075323477
C_MOBILITY:0.49810580053758485
C_KINGSAFETY:0.5330730904571506
C_PAWNSTRUCTURE:0.4560537302112055
C_PIECECOORDINATION:0.5323861332133729
C_ROOK:0.4935106786411893
CE_ROOK:0.5093557411789543
C_CENTERCONTROL:0.46205823120564826
C_DEVELOPPIECES:0.5134651058276535
C_MATERIAL:0.48476178026233213
C_MOVECOUNT:0.48354920320072264
C_PAWNMOVEMENT:0.5047246422658381
