ELO:894
CE_PASSEDPAWNS:0.4707911609742546
CE_PAWNWEAKNESSES:0.5735652247817064
CE_PIECEACTIVITY:0.5770820529786502
CE_KINGPAWNSHIELD:0.5053404395631061
CE_PIECECOORDINATION:0.5106265241510891
CE_MATERIAL:0.5252673742173323
CE_KINGSAFETY:0.5102910443466843
C_PIECESQUARETABLES:0.5615366149565679
C_MOBILITY:0.4388178651184509
C_KINGSAFETY:0.5044543652891099
C_PAWNSTRUCTURE:0.4805869012368162
C_PIECECOORDINATION:0.46143495103910337
C_ROOKANDPAWNMOVEMENT:0.46143495103910337
C_CENTERCONTROL:0.4272065602671781
C_DEVELOPPIECES:0.5101776081757757
C_MATERIAL:0.3822657123721505
