ELO:1000
CE_PASSEDPAWNS:0.5090542978621835
CE_PAWNWEAKNESSES:0.5355113814262012
CE_PIECEACTIVITY:0.5375634005671842
CE_KINGPAWNSHIELD:0.5066756830066372
CE_PIECECOORDINATION:0.5312957742197967
CE_MATERIAL:0.4697439340503502
CE_KINGSAFETY:0.4992160063353275
C_PIECESQUARETABLES:0.49790421748106334
C_MOBILITY:0.44133027599165875
C_KINGSAFETY:0.447027854104162
C_PAWNSTRUCTURE:0.47041423342896765
C_PIECECOORDINATION:0.4813196009762796
C_ROOKANDPAWNMOVEMENT:0.4813196009762796
C_CENTERCONTROL:0.43537284889349037
C_DEVELOPPIECES:0.5798125070308645
C_MATERIAL:0.5336744525630257
