ELO:1048
CE_PASSEDPAWNS:0.44672897838600345
CE_PAWNWEAKNESSES:0.4274484985740201
CE_PIECEACTIVITY:0.48774745810575243
CE_KINGPAWNSHIELD:0.4083472225911226
CE_PIECECOORDINATION:0.46940391914490925
CE_MATERIAL:0.4720685598402374
CE_KINGSAFETY:0.4845005100503673
C_PIECESQUARETABLES:0.48502336372061117
C_MOBILITY:0.426765828595124
C_KINGSAFETY:0.616414596722435
C_PAWNSTRUCTURE:0.4049409050368306
C_PIECECOORDINATION:0.49267818397111013
C_ROOKANDPAWNMOVEMENT:0.49267818397111013
C_CENTERCONTROL:0.49697944542444333
C_DEVELOPPIECES:0.571343347065928
C_MATERIAL:0.36203332229287116
