ELO:1093
CE_PASSEDPAWNS:0.4522391623994131
CE_PAWNWEAKNESSES:0.45963357352032624
CE_PIECEACTIVITY:0.48013743344619403
CE_KINGPAWNSHIELD:0.40885858911904693
CE_PIECECOORDINATION:0.4740445867024571
CE_MATERIAL:0.4506403302645959
CE_KINGSAFETY:0.5
C_PIECESQUARETABLES:0.4901970973783249
C_MOBILITY:0.4248722025850633
C_KINGSAFETY:0.6280692967185377
C_PAWNSTRUCTURE:0.44700913795848674
C_PIECECOORDINATION:0.4886580873218714
C_ROOKANDPAWNMOVEMENT:0.4886580873218714
C_CENTERCONTROL:0.49538123934943873
C_DEVELOPPIECES:0.5582128166831138
C_MATERIAL:0.3759453168562527
