ELO:987
CE_PASSEDPAWNS:0.5291508416340409
CE_PAWNWEAKNESSES:0.4925061936222964
CE_PIECEACTIVITY:0.5167587287593362
CE_KINGPAWNSHIELD:0.5084293836041178
CE_PIECECOORDINATION:0.4820318374666213
CE_MATERIAL:0.48745270515829425
CE_KINGSAFETY:0.5
C_PIECESQUARETABLES:0.5
C_MOBILITY:0.5003187329585503
C_KINGSAFETY:0.477706704182355
C_PAWNSTRUCTURE:0.4969564328498859
C_PIECECOORDINATION:0.5388420617207017
C_ROOK:0.5101313938642177
CE_ROOK:0.5065533373147051
C_CENTERCONTROL:0.45726101526614454
C_DEVELOPPIECES:0.4727473771815632
C_MATERIAL:0.5127653659151674
C_MOVECOUNT:0.5021343610710851
C_PAWNMOVEMENT:0.5175625270914461
