ELO:984
CE_PASSEDPAWNS:0.51674465320672
CE_PAWNWEAKNESSES:0.4888791022454493
CE_PIECEACTIVITY:0.525595675306763
CE_KINGPAWNSHIELD:0.49102719581692406
CE_PIECECOORDINATION:0.49541517450247996
CE_MATERIAL:0.5000666060495537
CE_KINGSAFETY:0.4902547146343992
C_PIECESQUARETABLES:0.5006581097959111
C_MOBILITY:0.4987390326822138
C_KINGSAFETY:0.5
C_PAWNSTRUCTURE:0.5031686698004486
C_PIECECOORDINATION:0.5
C_ROOKANDPAWNMOVEMENT:0.5
C_CENTERCONTROL:0.4791104000155624
C_DEVELOPPIECES:0.5019810689462919
C_MATERIAL:0.46370953575880713
C_MOVECOUNT:0.5
