ELO:960
CE_PASSEDPAWNS:0.5054574302614
CE_PAWNWEAKNESSES:0.4805274297243229
CE_PIECEACTIVITY:0.48396290648358964
CE_KINGPAWNSHIELD:0.5119009216792838
CE_PIECECOORDINATION:0.5299293842474728
CE_MATERIAL:0.5247370065947221
CE_KINGSAFETY:0.48862690062636494
C_PIECESQUARETABLES:0.5238864589487386
C_MOBILITY:0.46032385079907784
C_KINGSAFETY:0.5198800745854945
C_PAWNSTRUCTURE:0.5075108805543491
C_PIECECOORDINATION:0.5068879077144647
C_ROOKANDPAWNMOVEMENT:0.5068879077144647
C_CENTERCONTROL:0.49146339525607363
C_DEVELOPPIECES:0.496025288162882
C_MATERIAL:0.5353334396353954
C_MOVECOUNT:0.5
