ELO:931
CE_PASSEDPAWNS:0.5085404563244502
CE_PAWNWEAKNESSES:0.48760433088887456
CE_PIECEACTIVITY:0.497499029707826
CE_KINGPAWNSHIELD:0.5226893328020065
CE_PIECECOORDINATION:0.5124634207013177
CE_MATERIAL:0.4914322815414528
CE_KINGSAFETY:0.4633082226895519
C_PIECESQUARETABLES:0.4741524059251894
C_MOBILITY:0.49849814516723184
C_KINGSAFETY:0.4912199311936443
C_PAWNSTRUCTURE:0.49650550440899033
C_PIECECOORDINATION:0.5203736395150674
C_ROOKANDPAWNMOVEMENT:0.5203736395150674
C_CENTERCONTROL:0.4645200675614378
C_DEVELOPPIECES:0.5019896495999213
C_MATERIAL:0.48957773300130714
C_MOVECOUNT:0.5138886177470604
