ELO:984
CE_PASSEDPAWNS:0.4823434545343721
CE_PAWNWEAKNESSES:0.467849494386389
CE_PIECEACTIVITY:0.47756732565844917
CE_KINGPAWNSHIELD:0.5038448145949187
CE_PIECECOORDINATION:0.4897423218796106
CE_MATERIAL:0.5111631483660986
CE_KINGSAFETY:0.5055187012758224
C_PIECESQUARETABLES:0.4806168986966821
C_MOBILITY:0.4843482103197143
C_KINGSAFETY:0.49346400555586606
C_PAWNSTRUCTURE:0.5
C_PIECECOORDINATION:0.509539087720709
C_ROOKANDPAWNMOVEMENT:0.509539087720709
C_CENTERCONTROL:0.49562887000267886
C_DEVELOPPIECES:0.4595373951583764
C_MATERIAL:0.5108515657792845
C_MOVECOUNT:0.5
