ELO:987
CE_PASSEDPAWNS:0.4133008037281861
CE_PAWNWEAKNESSES:0.45050049854014135
CE_PIECEACTIVITY:0.5094805171428842
CE_KINGPAWNSHIELD:0.513110255752908
CE_PIECECOORDINATION:0.6057005439739515
CE_MATERIAL:0.4167695698347487
CE_KINGSAFETY:0.49185283808273894
C_PIECESQUARETABLES:0.5055910108175627
C_MOBILITY:0.6106431556756368
C_KINGSAFETY:0.5109406755393973
C_PAWNSTRUCTURE:0.32659486032772983
C_PIECECOORDINATION:0.6135308168497035
C_ROOKANDPAWNMOVEMENT:0.6135308168497035
C_CENTERCONTROL:0.3948912352859443
C_DEVELOPPIECES:0.5432703243177168
C_MATERIAL:0.5866536899795093
