ELO:980
CE_PASSEDPAWNS:0.47908418938718805
CE_PAWNWEAKNESSES:0.5062514440397693
CE_PIECEACTIVITY:0.4860848786109491
CE_KINGPAWNSHIELD:0.47658086390477994
CE_PIECECOORDINATION:0.5111355102131444
CE_MATERIAL:0.5259004085333892
CE_KINGSAFETY:0.5022971676204329
C_PIECESQUARETABLES:0.5121530609887102
C_MOBILITY:0.49771570673467663
C_KINGSAFETY:0.4988432590135278
C_PAWNSTRUCTURE:0.4991867347888019
C_PIECECOORDINATION:0.492816478050021
C_ROOKANDPAWNMOVEMENT:0.492816478050021
C_CENTERCONTROL:0.4978341718316924
C_DEVELOPPIECES:0.5124311492009285
C_MATERIAL:0.4817243459991535
