ELO:1000
CE_PASSEDPAWNS:0.5120797716240433
CE_PAWNWEAKNESSES:0.5148230837923092
CE_PIECEACTIVITY:0.5018416067891021
CE_KINGPAWNSHIELD:0.4914734179902573
CE_PIECECOORDINATION:0.5043155888609528
CE_MATERIAL:0.5117770120605405
CE_KINGSAFETY:0.49398404103440813
C_PIECESQUARETABLES:0.5
C_MOBILITY:0.492499769937203
C_KINGSAFETY:0.49339089680904796
C_PAWNSTRUCTURE:0.4969329701279109
C_PIECECOORDINATION:0.5016239776349221
C_ROOKANDPAWNMOVEMENT:0.5016239776349221
C_CENTERCONTROL:0.5166935409721108
C_DEVELOPPIECES:0.5089513454094832
C_MATERIAL:0.4914595253769186
C_MOVECOUNT:0.4973877449546314
