ELO:999
CE_PASSEDPAWNS:0.4884894330285075
CE_PAWNWEAKNESSES:0.5009932930752004
CE_PIECEACTIVITY:0.49689405464347897
CE_KINGPAWNSHIELD:0.4951221081640281
CE_PIECECOORDINATION:0.5065826588455512
CE_MATERIAL:0.5083314557151445
CE_KINGSAFETY:0.49534536371782073
C_PIECESQUARETABLES:0.49514922069534
C_MOBILITY:0.4713411892549311
C_KINGSAFETY:0.5118180984362515
C_PAWNSTRUCTURE:0.4978376391752533
C_PIECECOORDINATION:0.5084280671440728
C_ROOK:0.5143030034749493
CE_ROOK:0.5131288268902198
C_CENTERCONTROL:0.477358887683433
C_DEVELOPPIECES:0.5027854884901938
C_MATERIAL:0.49477367035794395
C_MOVECOUNT:0.5043389269204427
C_PAWNMOVEMENT:0.4921953078885146
