ELO:777
CE_PASSEDPAWNS:0.5211063936593971
CE_PAWNWEAKNESSES:0.5464075940355375
CE_PIECEACTIVITY:0.5437113680330161
CE_KINGPAWNSHIELD:0.48924195610723714
CE_PIECECOORDINATION:0.5143640554599266
CE_MATERIAL:0.5351046625376867
CE_KINGSAFETY:0.4690911214308006
C_PIECESQUARETABLES:0.5768795340130531
C_MOBILITY:0.5572722377861815
C_KINGSAFETY:0.4516004717649592
C_PAWNSTRUCTURE:0.5081276698252433
C_PIECECOORDINATION:0.43898597424197255
C_ROOKANDPAWNMOVEMENT:0.43898597424197255
C_CENTERCONTROL:0.6136464086494647
C_DEVELOPPIECES:0.5085077216982673
C_MATERIAL:0.4556611681232327
C_MOVECOUNT:0.5
