ELO:858
CE_PASSEDPAWNS:0.3919469138829577
CE_PAWNWEAKNESSES:0.5871976040787331
CE_PIECEACTIVITY:0.5018841763679863
CE_KINGPAWNSHIELD:0.4896902364682459
CE_PIECECOORDINATION:0.5125155506814841
CE_MATERIAL:0.42798322879880024
CE_KINGSAFETY:0.4630465731197926
C_PIECESQUARETABLES:0.5151800981131068
C_MOBILITY:0.34278732716723864
C_KINGSAFETY:0.6121873877866489
C_PAWNSTRUCTURE:0.4132283431583029
C_PIECECOORDINATION:0.5378398983496878
C_ROOKANDPAWNMOVEMENT:0.5378398983496878
C_CENTERCONTROL:0.4929017460781147
C_DEVELOPPIECES:0.542533895433026
C_MATERIAL:0.5323809317440568
