ELO:994
CE_PASSEDPAWNS:0.5091034148329712
CE_PAWNWEAKNESSES:0.5139428463767269
CE_PIECEACTIVITY:0.522857609754833
CE_KINGPAWNSHIELD:0.4672993635636586
CE_PIECECOORDINATION:0.5370771933366398
CE_MATERIAL:0.49772630847706006
CE_KINGSAFETY:0.5
C_PIECESQUARETABLES:0.5
C_MOBILITY:0.4941175199615238
C_KINGSAFETY:0.48019409837470334
C_PAWNSTRUCTURE:0.5241965214962074
C_PIECECOORDINATION:0.5113876526875692
C_ROOK:0.43745306951819535
CE_ROOK:0.49919273348041027
C_CENTERCONTROL:0.4962465463250829
C_DEVELOPPIECES:0.5019411915932267
C_MATERIAL:0.5003954436729884
C_MOVECOUNT:0.5040826182598588
C_PAWNMOVEMENT:0.49855817301213
