ELO:998
CE_PASSEDPAWNS:0.5026147068293215
CE_PAWNWEAKNESSES:0.517799131242908
CE_PIECEACTIVITY:0.5500344868358895
CE_KINGPAWNSHIELD:0.4695425906478662
CE_PIECECOORDINATION:0.4791841676224234
CE_MATERIAL:0.48057989748130914
CE_KINGSAFETY:0.5
C_PIECESQUARETABLES:0.5
C_MOBILITY:0.49976035879796593
C_KINGSAFETY:0.4824927194631046
C_PAWNSTRUCTURE:0.48675408390879066
C_PIECECOORDINATION:0.5174257170603128
C_ROOK:0.5
CE_ROOK:0.5292476418616322
C_CENTERCONTROL:0.48604540223644294
C_DEVELOPPIECES:0.48357968625792025
C_MATERIAL:0.5004209929277434
C_MOVECOUNT:0.5151291691290685
C_PAWNMOVEMENT:0.4940662195207169
