ELO:782
CE_PASSEDPAWNS:0.47388413522615835
CE_PAWNWEAKNESSES:0.4899645548630516
CE_PIECEACTIVITY:0.5144079830637115
CE_KINGPAWNSHIELD:0.5114509857698736
CE_PIECECOORDINATION:0.46816850674386457
CE_MATERIAL:0.5402113544634036
CE_KINGSAFETY:0.5005171391073282
C_PIECESQUARETABLES:0.5053829316218604
C_MOBILITY:0.459007915321135
C_KINGSAFETY:0.471986747149018
C_PAWNSTRUCTURE:0.49888620193484967
C_PIECECOORDINATION:0.5550832855791108
C_ROOKANDPAWNMOVEMENT:0.5550832855791108
C_CENTERCONTROL:0.48624593420980705
C_DEVELOPPIECES:0.46039912244929954
C_MATERIAL:0.4284997038260136
C_MOVECOUNT:0.479534494305654
