ELO:824
CE_PASSEDPAWNS:0.389563437456614
CE_PAWNWEAKNESSES:0.5207749130012268
CE_PIECEACTIVITY:0.49591443204997454
CE_KINGPAWNSHIELD:0.4412014454733376
CE_PIECECOORDINATION:0.5383257483081955
CE_MATERIAL:0.5913698137536526
CE_KINGSAFETY:0.4654311492328304
C_PIECESQUARETABLES:0.4884363327025866
C_MOBILITY:0.37549338127078297
C_KINGSAFETY:0.5716256405916155
C_PAWNSTRUCTURE:0.3805931668221055
C_PIECECOORDINATION:0.46622929304573746
C_ROOKANDPAWNMOVEMENT:0.46622929304573746
C_CENTERCONTROL:0.49166503574894904
C_DEVELOPPIECES:0.498852645303904
C_MATERIAL:0.5123295182181776
