ELO:1000
CE_PASSEDPAWNS:0.49175375039936825
CE_PAWNWEAKNESSES:0.45452876766555667
CE_PIECEACTIVITY:0.4868367018301459
CE_KINGPAWNSHIELD:0.5021073642646362
CE_PIECECOORDINATION:0.49194055585301893
CE_MATERIAL:0.4663698346431239
CE_KINGSAFETY:0.4896246958115042
C_PIECESQUARETABLES:0.5
C_MOBILITY:0.5125279713702324
C_KINGSAFETY:0.5134337776982162
C_PAWNSTRUCTURE:0.5045709592369719
C_PIECECOORDINATION:0.4915556430545138
C_ROOK:0.4942244056475741
CE_ROOK:0.5366552892179991
C_CENTERCONTROL:0.46548977497890054
C_DEVELOPPIECES:0.48020853997039276
C_MATERIAL:0.5127236135019748
C_MOVECOUNT:0.49937136281783495
C_PAWNMOVEMENT:0.5400932642649898
