ELO:961
CE_PASSEDPAWNS:0.4763895689165624
CE_PAWNWEAKNESSES:0.4844043204343188
CE_PIECEACTIVITY:0.5124441431356468
CE_KINGPAWNSHIELD:0.5203957596500767
CE_PIECECOORDINATION:0.5241161774922031
CE_MATERIAL:0.5092744435302304
CE_KINGSAFETY:0.5113649829830044
C_PIECESQUARETABLES:0.4899970596194466
C_MOBILITY:0.4949698754927532
C_KINGSAFETY:0.4723223472934253
C_PAWNSTRUCTURE:0.5042176675149315
C_PIECECOORDINATION:0.48731945307633734
C_ROOKANDPAWNMOVEMENT:0.48731945307633734
C_CENTERCONTROL:0.5256454184203778
C_DEVELOPPIECES:0.5064972189423709
C_MATERIAL:0.5103785729541496
C_MOVECOUNT:0.5
