ELO:1035
CE_PASSEDPAWNS:0.5
CE_PAWNWEAKNESSES:0.49611732857071594
CE_PIECEACTIVITY:0.4926808183006005
CE_KINGPAWNSHIELD:0.4932716214158615
CE_PIECECOORDINATION:0.5050842877280974
CE_MATERIAL:0.5
CE_KINGSAFETY:0.5102717278501088
C_PIECESQUARETABLES:0.5007238708345865
C_MOBILITY:0.4976442832347752
C_KINGSAFETY:0.5
C_PAWNSTRUCTURE:0.4980984360721449
C_PIECECOORDINATION:0.5003511552445701
C_ROOKANDPAWNMOVEMENT:0.5003511552445701
C_CENTERCONTROL:0.5088250443929709
C_DEVELOPPIECES:0.5120933822216392
C_MATERIAL:0.4932267701608859
