ELO:998
CE_PASSEDPAWNS:0.4920896759916136
CE_PAWNWEAKNESSES:0.5139428463767269
CE_PIECEACTIVITY:0.5106700029888525
CE_KINGPAWNSHIELD:0.4672993635636586
CE_PIECECOORDINATION:0.5370771933366398
CE_MATERIAL:0.46843761136436357
CE_KINGSAFETY:0.5
C_PIECESQUARETABLES:0.5
C_MOBILITY:0.5001131143533629
C_KINGSAFETY:0.4906094692738365
C_PAWNSTRUCTURE:0.5241965214962074
C_PIECECOORDINATION:0.5337452573437563
C_ROOK:0.5518007708166158
CE_ROOK:0.4911438099089106
C_CENTERCONTROL:0.4678671090758215
C_DEVELOPPIECES:0.5164134484523054
C_MATERIAL:0.5103302172478852
C_MOVECOUNT:0.502624187763173
C_PAWNMOVEMENT:0.5200483298857485
