ELO:1020
CE_PASSEDPAWNS:0.5434962594430215
CE_PAWNWEAKNESSES:0.4623110681167672
CE_PIECEACTIVITY:0.4905722998889198
CE_KINGPAWNSHIELD:0.3744276403897756
CE_PIECECOORDINATION:0.5340596972439503
CE_MATERIAL:0.47991007566097194
CE_KINGSAFETY:0.5
C_PIECESQUARETABLES:0.4531734733979866
C_MOBILITY:0.32561076629667135
C_KINGSAFETY:0.5408230730529517
C_PAWNSTRUCTURE:0.49655825553430666
C_PIECECOORDINATION:0.4089391562275394
C_ROOKANDPAWNMOVEMENT:0.4089391562275394
C_CENTERCONTROL:0.537008801501241
C_DEVELOPPIECES:0.5677855116794167
C_MATERIAL:0.6163064287211142
