ELO:1003
CE_PASSEDPAWNS:0.5077771719130012
CE_PAWNWEAKNESSES:0.465660241736133
CE_PIECEACTIVITY:0.5074955193910428
CE_KINGPAWNSHIELD:0.5106778068944751
CE_PIECECOORDINATION:0.4687345920328115
CE_MATERIAL:0.49750902054535373
CE_KINGSAFETY:0.5
C_PIECESQUARETABLES:0.5
C_MOBILITY:0.511821200527184
C_KINGSAFETY:0.45404139381650016
C_PAWNSTRUCTURE:0.5241965214962074
C_PIECECOORDINATION:0.5105061402536476
C_ROOK:0.47702746268531815
CE_ROOK:0.5348033858438919
C_CENTERCONTROL:0.49960164770711085
C_DEVELOPPIECES:0.5228130600638412
C_MATERIAL:0.523434263256855
C_MOVECOUNT:0.4781126926424103
C_PAWNMOVEMENT:0.49855817301213
