ELO:975
CE_PASSEDPAWNS:0.48325492037431345
CE_PAWNWEAKNESSES:0.5214120863649653
CE_PIECEACTIVITY:0.4983523083574059
CE_KINGPAWNSHIELD:0.529186305287573
CE_PIECECOORDINATION:0.5273477448954048
CE_MATERIAL:0.5
CE_KINGSAFETY:0.495085554692736
C_PIECESQUARETABLES:0.509437965837653
C_MOBILITY:0.49818889532338195
C_KINGSAFETY:0.5008751547389445
C_PAWNSTRUCTURE:0.4954701342373115
C_PIECECOORDINATION:0.5010141336207342
C_ROOKANDPAWNMOVEMENT:0.5010141336207342
C_CENTERCONTROL:0.5008568467560661
C_DEVELOPPIECES:0.49379116604159196
C_MATERIAL:0.476673796645245
C_MOVECOUNT:0.4911889163471701
