ELO:995
CE_PASSEDPAWNS:0.4888707040150507
CE_PAWNWEAKNESSES:0.491654476139094
CE_PIECEACTIVITY:0.5082508864655205
CE_KINGPAWNSHIELD:0.49805393864039554
CE_PIECECOORDINATION:0.465599109379537
CE_MATERIAL:0.5143366751717156
CE_KINGSAFETY:0.5092972982862819
C_PIECESQUARETABLES:0.4863348521557634
C_MOBILITY:0.49912334840772754
C_KINGSAFETY:0.4917248903962149
C_PAWNSTRUCTURE:0.495913432504041
C_PIECECOORDINATION:0.49281829386089476
C_ROOK:0.5140922657369336
CE_ROOK:0.5017581544091642
C_CENTERCONTROL:0.5194971688000621
C_DEVELOPPIECES:0.510009170253137
C_MATERIAL:0.481227146235207
C_MOVECOUNT:0.4987835675197367
C_PAWNMOVEMENT:0.48561090856344963
