ELO:1036
CE_PASSEDPAWNS:0.5080407817111785
CE_PAWNWEAKNESSES:0.5124527906521703
CE_PIECEACTIVITY:0.5027063945607068
CE_KINGPAWNSHIELD:0.4876503192261948
CE_PIECECOORDINATION:0.49261620862005967
CE_MATERIAL:0.5160976258588258
CE_KINGSAFETY:0.5030903732272797
C_PIECESQUARETABLES:0.4928095051343429
C_MOBILITY:0.5132047847671989
C_KINGSAFETY:0.47485792492720363
C_PAWNSTRUCTURE:0.4879530789573191
C_PIECECOORDINATION:0.49546644005081236
C_ROOK:0.5
CE_ROOK:0.5120440992240479
C_CENTERCONTROL:0.4814939488192405
C_DEVELOPPIECES:0.4842586696233688
C_MATERIAL:0.5117734031843627
C_MOVECOUNT:0.4976849350709913
C_PAWNMOVEMENT:0.5
