ELO:907
CE_PASSEDPAWNS:0.46511962067137735
CE_PAWNWEAKNESSES:0.5355616513150575
CE_PIECEACTIVITY:0.4817752951172193
CE_KINGPAWNSHIELD:0.48166028987627774
CE_PIECECOORDINATION:0.4784273852171126
CE_MATERIAL:0.5808527263293024
CE_KINGSAFETY:0.5
C_PIECESQUARETABLES:0.5
C_MOBILITY:0.5564357124784445
C_KINGSAFETY:0.5019485968385239
C_PAWNSTRUCTURE:0.5041777744939114
C_PIECECOORDINATION:0.49263454692956854
C_ROOKANDPAWNMOVEMENT:0.49263454692956854
C_CENTERCONTROL:0.49209055465684143
C_DEVELOPPIECES:0.5346591693633791
C_MATERIAL:0.44460183832034095
C_MOVECOUNT:0.5
