ELO:1044
CE_PASSEDPAWNS:0.6045390444067682
CE_PAWNWEAKNESSES:0.4271546359441275
CE_PIECEACTIVITY:0.43639146503702525
CE_KINGPAWNSHIELD:0.5074271858743848
CE_PIECECOORDINATION:0.4806204467946918
CE_MATERIAL:0.45346580853395707
CE_KINGSAFETY:0.5
C_PIECESQUARETABLES:0.5113384272045982
C_MOBILITY:0.529623252480785
C_KINGSAFETY:0.6206963812755515
C_PAWNSTRUCTURE:0.43937913017113933
C_PIECECOORDINATION:0.49377495952300615
C_ROOKANDPAWNMOVEMENT:0.49377495952300615
C_CENTERCONTROL:0.5226122443968493
C_DEVELOPPIECES:0.5775699414782529
C_MATERIAL:0.41592988750176507
