ELO:928
CE_PASSEDPAWNS:0.39816156664975677
CE_PAWNWEAKNESSES:0.5724077798762172
CE_PIECEACTIVITY:0.5139499172724278
CE_KINGPAWNSHIELD:0.4578592404398893
CE_PIECECOORDINATION:0.4528776639073799
CE_MATERIAL:0.47967610861333837
CE_KINGSAFETY:0.5
C_PIECESQUARETABLES:0.4985974042487562
C_MOBILITY:0.32596882952592315
C_KINGSAFETY:0.5189003098634408
C_PAWNSTRUCTURE:0.3987445001221738
C_PIECECOORDINATION:0.5458498197720987
C_ROOKANDPAWNMOVEMENT:0.5458498197720987
C_CENTERCONTROL:0.545940049488026
C_DEVELOPPIECES:0.5176141773759316
C_MATERIAL:0.5289613108711381
