ELO:1022
CE_PASSEDPAWNS:0.490839002627558
CE_PAWNWEAKNESSES:0.5
CE_PIECEACTIVITY:0.5142378228117285
CE_KINGPAWNSHIELD:0.4987079551910019
CE_PIECECOORDINATION:0.5031100471232455
CE_MATERIAL:0.5077438906489066
CE_KINGSAFETY:0.5
C_PIECESQUARETABLES:0.5
C_MOBILITY:0.48464277971968794
C_KINGSAFETY:0.5
C_PAWNSTRUCTURE:0.5172181561008414
C_PIECECOORDINATION:0.523706177437589
C_ROOKANDPAWNMOVEMENT:0.523706177437589
C_CENTERCONTROL:0.49725327912438666
C_DEVELOPPIECES:0.520802271990412
C_MATERIAL:0.48778295226850704
C_MOVECOUNT:0.5
