ELO:990
CE_PASSEDPAWNS:0.3944903159646276
CE_PAWNWEAKNESSES:0.4449176979510626
CE_PIECEACTIVITY:0.5094805171428842
CE_KINGPAWNSHIELD:0.4969112771905379
CE_PIECECOORDINATION:0.6113390391678993
CE_MATERIAL:0.40639745998687077
CE_KINGSAFETY:0.490252051362948
C_PIECESQUARETABLES:0.5
C_MOBILITY:0.5968177364902457
C_KINGSAFETY:0.5780951564375444
C_PAWNSTRUCTURE:0.6251672804942213
C_PIECECOORDINATION:0.62513922687327
C_ROOKANDPAWNMOVEMENT:0.62513922687327
C_CENTERCONTROL:0.3955488931852228
C_DEVELOPPIECES:0.559547699791188
C_MATERIAL:0.5826439890182018
