ELO:987
CE_PASSEDPAWNS:0.38201018790933833
CE_PAWNWEAKNESSES:0.5173128206158006
CE_PIECEACTIVITY:0.4628742666543515
CE_KINGPAWNSHIELD:0.446474515229788
CE_PIECECOORDINATION:0.4074443954136568
CE_MATERIAL:0.5272479641702597
CE_KINGSAFETY:0.5124476556085966
C_PIECESQUARETABLES:0.4996626476992198
C_MOBILITY:0.5088820883484488
C_KINGSAFETY:0.4693740258591822
C_PAWNSTRUCTURE:0.5364148200982458
C_PIECECOORDINATION:0.5770055133125349
C_ROOKANDPAWNMOVEMENT:0.5770055133125349
C_CENTERCONTROL:0.4895321829018394
C_DEVELOPPIECES:0.44394049878953645
C_MATERIAL:0.5030246888548018
