ELO:977
CE_PASSEDPAWNS:0.49987358244232494
CE_PAWNWEAKNESSES:0.4998723899579482
CE_PIECEACTIVITY:0.48880505995634643
CE_KINGPAWNSHIELD:0.5078785556506253
CE_PIECECOORDINATION:0.4979620961044199
CE_MATERIAL:0.5114571000542131
CE_KINGSAFETY:0.47463112930940654
C_PIECESQUARETABLES:0.4962407964322435
C_MOBILITY:0.5135448179368751
C_KINGSAFETY:0.5
C_PAWNSTRUCTURE:0.5012786025079613
C_PIECECOORDINATION:0.5052326581780047
C_ROOKANDPAWNMOVEMENT:0.5052326581780047
C_CENTERCONTROL:0.4895573471890655
C_DEVELOPPIECES:0.48756157924472915
C_MATERIAL:0.5
C_MOVECOUNT:0.5146980316260369
