ELO:994
CE_PASSEDPAWNS:0.5036956157070274
CE_PAWNWEAKNESSES:0.5104527479848755
CE_PIECEACTIVITY:0.4912049023746066
CE_KINGPAWNSHIELD:0.48769566800576974
CE_PIECECOORDINATION:0.4962435660652503
CE_MATERIAL:0.4739492156166074
CE_KINGSAFETY:0.5040740980481191
C_PIECESQUARETABLES:0.481232087802142
C_MOBILITY:0.5044350659109379
C_KINGSAFETY:0.5029667729830462
C_PAWNSTRUCTURE:0.49900378229899967
C_PIECECOORDINATION:0.49670625793309947
C_ROOK:0.48089544842958154
CE_ROOK:0.5283860097767745
C_CENTERCONTROL:0.5012109072674208
C_DEVELOPPIECES:0.49678256587478564
C_MATERIAL:0.5209590324224317
C_MOVECOUNT:0.4962804437918532
C_PAWNMOVEMENT:0.5246240587915622
