ELO:911
CE_PASSEDPAWNS:0.5166555221913862
CE_PAWNWEAKNESSES:0.5092414379462592
CE_PIECEACTIVITY:0.5272887929244793
CE_KINGPAWNSHIELD:0.5214011178749558
CE_PIECECOORDINATION:0.5169126500382724
CE_MATERIAL:0.4940832379616913
CE_KINGSAFETY:0.5
C_PIECESQUARETABLES:0.5001549270335388
C_MOBILITY:0.5102457498490568
C_KINGSAFETY:0.4770972879816349
C_PAWNSTRUCTURE:0.47096100976444977
C_PIECECOORDINATION:0.5094988046876195
C_ROOKANDPAWNMOVEMENT:0.5094988046876195
C_CENTERCONTROL:0.48695995647143997
C_DEVELOPPIECES:0.4891027225989709
C_MATERIAL:0.47102727577898784
C_MOVECOUNT:0.5018907970189451
