ELO:963
CE_PASSEDPAWNS:0.4902614842379395
CE_PAWNWEAKNESSES:0.525589025040384
CE_PIECEACTIVITY:0.5010651238644622
CE_KINGPAWNSHIELD:0.5057906657661939
CE_PIECECOORDINATION:0.48806682406028645
CE_MATERIAL:0.501226312210683
CE_KINGSAFETY:0.497419061366081
C_PIECESQUARETABLES:0.4963416870668695
C_MOBILITY:0.48981536877909815
C_KINGSAFETY:0.4894206253282642
C_PAWNSTRUCTURE:0.543756867999489
C_PIECECOORDINATION:0.49329940279618106
C_ROOKANDPAWNMOVEMENT:0.49329940279618106
C_CENTERCONTROL:0.5038455927629936
C_DEVELOPPIECES:0.4797987343903215
C_MATERIAL:0.4857800542362516
C_MOVECOUNT:0.5
