ELO:894
CE_PASSEDPAWNS:0.3622449147051021
CE_PAWNWEAKNESSES:0.4942887558354045
CE_PIECEACTIVITY:0.4299283746286565
CE_KINGPAWNSHIELD:0.41032935095055567
CE_PIECECOORDINATION:0.3983944095717904
CE_MATERIAL:0.5290853198512463
CE_KINGSAFETY:0.43267043362044566
C_PIECESQUARETABLES:0.4642595434405845
C_MOBILITY:0.45471314066404095
C_KINGSAFETY:0.46649770976707833
C_PAWNSTRUCTURE:0.5258448318169586
C_PIECECOORDINATION:0.5623073144285577
C_ROOKANDPAWNMOVEMENT:0.5623073144285577
C_CENTERCONTROL:0.4701279267563958
C_DEVELOPPIECES:0.4285010223031072
C_MATERIAL:0.5155397708949765
