ELO:1000
CE_PASSEDPAWNS:0.4731112023582173
CE_PAWNWEAKNESSES:0.4766993232116865
CE_PIECEACTIVITY:0.482487826107092
CE_KINGPAWNSHIELD:0.4789709341897287
CE_PIECECOORDINATION:0.5461497934051271
CE_MATERIAL:0.4691600323344929
CE_KINGSAFETY:0.5038329731845761
C_PIECESQUARETABLES:0.511715011595176
C_MOBILITY:0.5245609456089917
C_KINGSAFETY:0.5068309156895757
C_PAWNSTRUCTURE:0.5131756055760541
C_PIECECOORDINATION:0.4820808704494816
C_ROOKANDPAWNMOVEMENT:0.4820808704494816
C_CENTERCONTROL:0.5111095208458479
C_DEVELOPPIECES:0.5135352456675578
C_MATERIAL:0.5093270887039245
