ELO:1104
CE_PASSEDPAWNS:0.4522391623994131
CE_PAWNWEAKNESSES:0.45194014815161493
CE_PIECEACTIVITY:0.48013743344619403
CE_KINGPAWNSHIELD:0.40794638880606526
CE_PIECECOORDINATION:0.4789515965066819
CE_MATERIAL:0.45944762745861945
CE_KINGSAFETY:0.5
C_PIECESQUARETABLES:0.5
C_MOBILITY:0.4145543198853038
C_KINGSAFETY:0.6374809102290377
C_PAWNSTRUCTURE:0.4585207597191605
C_PIECECOORDINATION:0.4886580873218714
C_ROOKANDPAWNMOVEMENT:0.4886580873218714
C_CENTERCONTROL:0.5014188595021803
C_DEVELOPPIECES:0.5576237735754453
C_MATERIAL:0.3847798461631917
