ELO:867
CE_PASSEDPAWNS:0.38038953291371264
CE_PAWNWEAKNESSES:0.5972272389180084
CE_PIECEACTIVITY:0.5288841419187761
CE_KINGPAWNSHIELD:0.4961000510450249
CE_PIECECOORDINATION:0.5194050679096198
CE_MATERIAL:0.4622866401707696
CE_KINGSAFETY:0.4630075667647603
C_PIECESQUARETABLES:0.4926272965600617
C_MOBILITY:0.3328591213832584
C_KINGSAFETY:0.6019248684922027
C_PAWNSTRUCTURE:0.4093592653628518
C_PIECECOORDINATION:0.5046441584993102
C_ROOKANDPAWNMOVEMENT:0.5046441584993102
C_CENTERCONTROL:0.5138438543923827
C_DEVELOPPIECES:0.5288367886379324
C_MATERIAL:0.5084566973630491
