ELO:1000
CE_PASSEDPAWNS:0.43521374060429796
CE_PAWNWEAKNESSES:0.5440170380680558
CE_PIECEACTIVITY:0.4974991406385743
CE_KINGPAWNSHIELD:0.47625332469212167
CE_PIECECOORDINATION:0.45486931401418434
CE_MATERIAL:0.4575328471188842
CE_KINGSAFETY:0.5117692195929662
C_PIECESQUARETABLES:0.5029362839182923
C_MOBILITY:0.5040900914485161
C_KINGSAFETY:0.49823924194115254
C_PAWNSTRUCTURE:0.4476204606050926
C_PIECECOORDINATION:0.4646392486110956
C_ROOKANDPAWNMOVEMENT:0.4646392486110956
C_CENTERCONTROL:0.52021276575831
C_DEVELOPPIECES:0.5336545273888876
C_MATERIAL:0.5131737354564279
