ELO:924
CE_PASSEDPAWNS:0.5073792908373561
CE_PAWNWEAKNESSES:0.46485951773073353
CE_PIECEACTIVITY:0.4880634792103061
CE_KINGPAWNSHIELD:0.47033256274858715
CE_PIECECOORDINATION:0.5107141630608739
CE_MATERIAL:0.5338723657458788
CE_KINGSAFETY:0.47891106586026244
C_PIECESQUARETABLES:0.4930669736967995
C_MOBILITY:0.536633779444379
C_KINGSAFETY:0.4675262308720659
C_PAWNSTRUCTURE:0.538795622435861
C_PIECECOORDINATION:0.5098323322397165
C_ROOKANDPAWNMOVEMENT:0.5098323322397165
C_CENTERCONTROL:0.5066689933048427
C_DEVELOPPIECES:0.4452632020748003
C_MATERIAL:0.46053620022607844
C_MOVECOUNT:0.5
