ELO:962
CE_PASSEDPAWNS:0.39528853550858417
CE_PAWNWEAKNESSES:0.5281737726527419
CE_PIECEACTIVITY:0.4500012546966324
CE_KINGPAWNSHIELD:0.45862741765867565
CE_PIECECOORDINATION:0.43400599147022584
CE_MATERIAL:0.5318049464909059
CE_KINGSAFETY:0.4977821791806102
C_PIECESQUARETABLES:0.49952879303021835
C_MOBILITY:0.4917641763727797
C_KINGSAFETY:0.46230242718320697
C_PAWNSTRUCTURE:0.4885743731293135
C_PIECECOORDINATION:0.5688592840482206
C_ROOKANDPAWNMOVEMENT:0.5688592840482206
C_CENTERCONTROL:0.4895497951572035
C_DEVELOPPIECES:0.4536573848833381
C_MATERIAL:0.4957452342205387
