ELO:989
CE_PASSEDPAWNS:0.39792981371987557
CE_PAWNWEAKNESSES:0.5152310268110064
CE_PIECEACTIVITY:0.5055534717583172
CE_KINGPAWNSHIELD:0.48862017856592743
CE_PIECECOORDINATION:0.5138962178399454
CE_MATERIAL:0.42501972241714714
CE_KINGSAFETY:0.4904245997401529
C_PIECESQUARETABLES:0.4919529787929316
C_MOBILITY:0.49816549280442246
C_KINGSAFETY:0.5594239720260957
C_PAWNSTRUCTURE:0.6329295214013965
C_PIECECOORDINATION:0.6196878525040417
C_ROOKANDPAWNMOVEMENT:0.6196878525040417
C_CENTERCONTROL:0.3948912352859443
C_DEVELOPPIECES:0.5933423053266473
C_MATERIAL:0.5897455457268254
