ELO:989
CE_PASSEDPAWNS:0.5277288571395565
CE_PAWNWEAKNESSES:0.45546261098082297
CE_PIECEACTIVITY:0.5055534717583172
CE_KINGPAWNSHIELD:0.473271664251929
CE_PIECECOORDINATION:0.49146138157221103
CE_MATERIAL:0.5133958055092663
CE_KINGSAFETY:0.5
C_PIECESQUARETABLES:0.5
C_MOBILITY:0.5001465408952577
C_KINGSAFETY:0.5594239720260957
C_PAWNSTRUCTURE:0.32659486032772983
C_PIECECOORDINATION:0.5562674503149065
C_ROOKANDPAWNMOVEMENT:0.5562674503149065
C_CENTERCONTROL:0.3976101602692124
C_DEVELOPPIECES:0.47468204607091685
C_MATERIAL:0.6854495077625538
