ELO:1018
CE_PASSEDPAWNS:0.5125692339689379
CE_PAWNWEAKNESSES:0.47935988154536846
CE_PIECEACTIVITY:0.5
CE_KINGPAWNSHIELD:0.49452548687026204
CE_PIECECOORDINATION:0.5112312764195975
CE_MATERIAL:0.513073304102511
CE_KINGSAFETY:0.4995057577214477
C_PIECESQUARETABLES:0.5
C_MOBILITY:0.5115308340276826
C_KINGSAFETY:0.5086464815989599
C_PAWNSTRUCTURE:0.446221099013918
C_PIECECOORDINATION:0.5
C_ROOKANDPAWNMOVEMENT:0.5
C_CENTERCONTROL:0.5
C_DEVELOPPIECES:0.5
C_MATERIAL:0.49572472051827915
