ELO:906
CE_PASSEDPAWNS:0.35439790724202536
CE_PAWNWEAKNESSES:0.4737686867840744
CE_PIECEACTIVITY:0.4288137261235509
CE_KINGPAWNSHIELD:0.44852045303351684
CE_PIECECOORDINATION:0.4220498259692254
CE_MATERIAL:0.5353993874436507
CE_KINGSAFETY:0.44924987856510096
C_PIECESQUARETABLES:0.48330739429790265
C_MOBILITY:0.484413799872842
C_KINGSAFETY:0.4529057563281174
C_PAWNSTRUCTURE:0.5030350445717272
C_PIECECOORDINATION:0.5837740898735676
C_ROOKANDPAWNMOVEMENT:0.5837740898735676
C_CENTERCONTROL:0.5020366750677622
C_DEVELOPPIECES:0.4538174123495331
C_MATERIAL:0.5112111828004662
