ELO:1020
CE_PASSEDPAWNS:0.48971710220226017
CE_PAWNWEAKNESSES:0.5
CE_PIECEACTIVITY:0.49625484180346713
CE_KINGPAWNSHIELD:0.5064525345494791
CE_PIECECOORDINATION:0.5
CE_MATERIAL:0.5052981394666579
CE_KINGSAFETY:0.5
C_PIECESQUARETABLES:0.4942154325668731
C_MOBILITY:0.5
C_KINGSAFETY:0.49882837996327184
C_PAWNSTRUCTURE:0.5
C_PIECECOORDINATION:0.5044527522789677
C_ROOKANDPAWNMOVEMENT:0.5044527522789677
C_CENTERCONTROL:0.4910143707768051
C_DEVELOPPIECES:0.4900650544455405
C_MATERIAL:0.5
C_MOVECOUNT:0.5
