ELO:925
CE_PASSEDPAWNS:0.3512478795090263
CE_PAWNWEAKNESSES:0.5013579412909294
CE_PIECEACTIVITY:0.43924729695130815
CE_KINGPAWNSHIELD:0.4806854468897014
CE_PIECECOORDINATION:0.4247690092187101
CE_MATERIAL:0.5365475670523326
CE_KINGSAFETY:0.4743780713958005
C_PIECESQUARETABLES:0.4789130300625656
C_MOBILITY:0.5100759506198866
C_KINGSAFETY:0.4591387295529706
C_PAWNSTRUCTURE:0.51203457667211
C_PIECECOORDINATION:0.592063857419823
C_ROOKANDPAWNMOVEMENT:0.592063857419823
C_CENTERCONTROL:0.488625102935704
C_DEVELOPPIECES:0.4568437556662363
C_MATERIAL:0.5011440566117418
