ELO:988
CE_PASSEDPAWNS:0.4658743542257625
CE_PAWNWEAKNESSES:0.49829538426302383
CE_PIECEACTIVITY:0.4869622755040689
CE_KINGPAWNSHIELD:0.515500607597445
CE_PIECECOORDINATION:0.48621996643472815
CE_MATERIAL:0.5036905929148366
CE_KINGSAFETY:0.5
C_PIECESQUARETABLES:0.5
C_MOBILITY:0.47976044958124736
C_KINGSAFETY:0.4856725485314289
C_PAWNSTRUCTURE:0.49872624054051096
C_PIECECOORDINATION:0.5103376690900769
C_ROOK:0.5
CE_ROOK:0.5370124901384056
C_CENTERCONTROL:0.4892585375739165
C_DEVELOPPIECES:0.48760436402676033
C_MATERIAL:0.5
C_MOVECOUNT:0.4819960869242839
C_PAWNMOVEMENT:0.521382475953272
