ELO:1009
CE_PASSEDPAWNS:0.5008205458209939
CE_PAWNWEAKNESSES:0.5
CE_PIECEACTIVITY:0.5082508864655205
CE_KINGPAWNSHIELD:0.49600383526507164
CE_PIECECOORDINATION:0.4855384322538499
CE_MATERIAL:0.5118429115397601
CE_KINGSAFETY:0.5
C_PIECESQUARETABLES:0.5
C_MOBILITY:0.5075200140082762
C_KINGSAFETY:0.48885229529768737
C_PAWNSTRUCTURE:0.4914957019140171
C_PIECECOORDINATION:0.4944338614449889
C_ROOK:0.5042037162896238
CE_ROOK:0.5
C_CENTERCONTROL:0.5190906022772447
C_DEVELOPPIECES:0.510009170253137
C_MATERIAL:0.504544232430535
C_MOVECOUNT:0.5051160632555465
C_PAWNMOVEMENT:0.5062852989510203
