ELO:1076
CE_PASSEDPAWNS:0.5146677794615716
CE_PAWNWEAKNESSES:0.41181347445367245
CE_PIECEACTIVITY:0.5791555335116844
CE_KINGPAWNSHIELD:0.5
CE_PIECECOORDINATION:0.4439680077798122
CE_MATERIAL:0.492576952156938
CE_KINGSAFETY:0.5
C_PIECESQUARETABLES:0.5
C_MOBILITY:0.5
C_KINGSAFETY:0.522809225104277
C_PAWNSTRUCTURE:0.49474513666963427
C_PIECECOORDINATION:0.5005203276355432
C_ROOKANDPAWNMOVEMENT:0.5005203276355432
C_CENTERCONTROL:0.4670083201707996
C_DEVELOPPIECES:0.4434906573214633
C_MATERIAL:0.5195521875047253
C_MOVECOUNT:0.5680455659676512
