ELO:1050
CE_PASSEDPAWNS:0.45870832292003694
CE_PAWNWEAKNESSES:0.41181347445367245
CE_PIECEACTIVITY:0.4172509897164616
CE_KINGPAWNSHIELD:0.48886516663488894
CE_PIECECOORDINATION:0.5538817186657965
CE_MATERIAL:0.415653358260288
CE_KINGSAFETY:0.5048658772743019
C_PIECESQUARETABLES:0.5
C_MOBILITY:0.5
C_KINGSAFETY:0.5318618883517553
C_PAWNSTRUCTURE:0.5442139825070893
C_PIECECOORDINATION:0.481469058558643
C_ROOKANDPAWNMOVEMENT:0.481469058558643
C_CENTERCONTROL:0.5690530245785761
C_DEVELOPPIECES:0.4276638676223873
C_MATERIAL:0.5149994861105909
C_MOVECOUNT:0.5480268878896496
