ELO:1000
CE_PASSEDPAWNS:0.4892365568552411
CE_PAWNWEAKNESSES:0.4730858834093926
CE_PIECEACTIVITY:0.47339173810626495
CE_KINGPAWNSHIELD:0.46867603797364016
CE_PIECECOORDINATION:0.5364531607075975
CE_MATERIAL:0.4776419961902172
CE_KINGSAFETY:0.5194735326866228
C_PIECESQUARETABLES:0.507780873052954
C_MOBILITY:0.5216709006430356
C_KINGSAFETY:0.5256302526001617
C_PAWNSTRUCTURE:0.5212340233411995
C_PIECECOORDINATION:0.43694148216607703
C_ROOKANDPAWNMOVEMENT:0.43694148216607703
C_CENTERCONTROL:0.48955824892560285
C_DEVELOPPIECES:0.4998504221942129
C_MATERIAL:0.5128545787610793
