ELO:832
CE_PASSEDPAWNS:0.48255311919296545
CE_PAWNWEAKNESSES:0.5216604528055525
CE_PIECEACTIVITY:0.5053811277684401
CE_KINGPAWNSHIELD:0.5131232852313959
CE_PIECECOORDINATION:0.4995899105219179
CE_MATERIAL:0.5245623510076339
CE_KINGSAFETY:0.49507134491714716
C_PIECESQUARETABLES:0.46755039247018826
C_MOBILITY:0.5085911817715258
C_KINGSAFETY:0.47856568273422484
C_PAWNSTRUCTURE:0.5109406119438256
C_PIECECOORDINATION:0.5469385824378157
C_ROOKANDPAWNMOVEMENT:0.5469385824378157
C_CENTERCONTROL:0.4492085443973006
C_DEVELOPPIECES:0.4627812333575957
C_MATERIAL:0.4900212331444792
C_MOVECOUNT:0.5
