ELO:847
CE_PASSEDPAWNS:0.4613078080552735
CE_PAWNWEAKNESSES:0.4889983274166077
CE_PIECEACTIVITY:0.5138137863060114
CE_KINGPAWNSHIELD:0.5224440680460735
CE_PIECECOORDINATION:0.4815091834124858
CE_MATERIAL:0.5061968844349921
CE_KINGSAFETY:0.47569300114105895
C_PIECESQUARETABLES:0.46749525746882414
C_MOBILITY:0.46389878382428074
C_KINGSAFETY:0.4667212485276929
C_PAWNSTRUCTURE:0.47801127929492765
C_PIECECOORDINATION:0.549243016482097
C_ROOKANDPAWNMOVEMENT:0.549243016482097
C_CENTERCONTROL:0.4819639214020638
C_DEVELOPPIECES:0.4534011068913921
C_MATERIAL:0.39245644884826686
C_MOVECOUNT:0.5
