ELO:1001
CE_PASSEDPAWNS:0.46545302084754575
CE_PAWNWEAKNESSES:0.4949374420748937
CE_PIECEACTIVITY:0.5050141477033739
CE_KINGPAWNSHIELD:0.4972098955473523
CE_PIECECOORDINATION:0.47768084450944287
CE_MATERIAL:0.5190822960769688
CE_KINGSAFETY:0.5078467765079161
C_PIECESQUARETABLES:0.5041855048995052
C_MOBILITY:0.49552886032589183
C_KINGSAFETY:0.4730577194024786
C_PAWNSTRUCTURE:0.5175700024782027
C_PIECECOORDINATION:0.487616982596901
C_ROOK:0.49098017572566566
CE_ROOK:0.49768149465102934
C_CENTERCONTROL:0.5096254495975724
C_DEVELOPPIECES:0.48088587469061456
C_MATERIAL:0.4788564344845853
C_MOVECOUNT:0.5012790181746447
C_PAWNMOVEMENT:0.467708611376341
