ELO:769
CE_PASSEDPAWNS:0.6113422155161554
CE_PAWNWEAKNESSES:0.4678948568890917
CE_PIECEACTIVITY:0.5088721154253809
CE_KINGPAWNSHIELD:0.5234276938046141
CE_PIECECOORDINATION:0.42896062584389366
CE_MATERIAL:0.5065102372465099
CE_KINGSAFETY:0.49014344244682984
C_PIECESQUARETABLES:0.5045337828764929
C_MOBILITY:0.5409247353198186
C_KINGSAFETY:0.4904834761860211
C_PAWNSTRUCTURE:0.561485856521829
C_PIECECOORDINATION:0.573867414722109
C_ROOKANDPAWNMOVEMENT:0.573867414722109
C_CENTERCONTROL:0.45436861843698256
C_DEVELOPPIECES:0.5939921041575066
C_MATERIAL:0.5983129740874243
C_MOVECOUNT:0.5073381957234389
