ELO:1003
CE_PASSEDPAWNS:0.5057860708148748
CE_PAWNWEAKNESSES:0.5059104231922075
CE_PIECEACTIVITY:0.4851172632090607
CE_KINGPAWNSHIELD:0.5001854989295433
CE_PIECECOORDINATION:0.5097306517003052
CE_MATERIAL:0.5319451314677303
CE_KINGSAFETY:0.49520147072270154
C_PIECESQUARETABLES:0.5316502123298895
C_MOBILITY:0.47390659227371607
C_KINGSAFETY:0.5085547134154691
C_PAWNSTRUCTURE:0.4954101491812927
C_PIECECOORDINATION:0.5008464278526786
C_ROOKANDPAWNMOVEMENT:0.5008464278526786
C_CENTERCONTROL:0.5
C_DEVELOPPIECES:0.5041610485785963
C_MATERIAL:0.49462727509589904
C_MOVECOUNT:0.5
