ELO:965
CE_PASSEDPAWNS:0.4373255610311788
CE_PAWNWEAKNESSES:0.506588523329636
CE_PIECEACTIVITY:0.5069824226566094
CE_KINGPAWNSHIELD:0.4294511710010713
CE_PIECECOORDINATION:0.5707069145022846
CE_MATERIAL:0.5003214429765634
CE_KINGSAFETY:0.5192406338209179
C_PIECESQUARETABLES:0.49108256720420856
C_MOBILITY:0.4613347977939745
C_KINGSAFETY:0.4713352626547782
C_PAWNSTRUCTURE:0.49821317396912257
C_PIECECOORDINATION:0.4849047773240956
C_ROOKANDPAWNMOVEMENT:0.4849047773240956
C_CENTERCONTROL:0.508825790884665
C_DEVELOPPIECES:0.50548217452897
C_MATERIAL:0.56905719109485
C_MOVECOUNT:0.5
