ELO:990
CE_PASSEDPAWNS:0.5368154780610027
CE_PAWNWEAKNESSES:0.45389339567689807
CE_PIECEACTIVITY:0.5069858900922309
CE_KINGPAWNSHIELD:0.500588528811629
CE_PIECECOORDINATION:0.6004032277802216
CE_MATERIAL:0.5030403841932721
CE_KINGSAFETY:0.48674146467467777
C_PIECESQUARETABLES:0.5
C_MOBILITY:0.6106431556756368
C_KINGSAFETY:0.5742475742575268
C_PAWNSTRUCTURE:0.6167243620518561
C_PIECECOORDINATION:0.62513922687327
C_ROOKANDPAWNMOVEMENT:0.62513922687327
C_CENTERCONTROL:0.38741879983946736
C_DEVELOPPIECES:0.5528173797779841
C_MATERIAL:0.5946026789128448
