ELO:1011
CE_PASSEDPAWNS:0.5195837229362167
CE_PAWNWEAKNESSES:0.5
CE_PIECEACTIVITY:0.5
CE_KINGPAWNSHIELD:0.49754092330172345
CE_PIECECOORDINATION:0.508349257355291
CE_MATERIAL:0.49797123214837336
CE_KINGSAFETY:0.4967777746160756
C_PIECESQUARETABLES:0.5032189154387229
C_MOBILITY:0.519574025700711
C_KINGSAFETY:0.4837111487472885
C_PAWNSTRUCTURE:0.4934613612082294
C_PIECECOORDINATION:0.4830004903379046
C_ROOKANDPAWNMOVEMENT:0.4830004903379046
C_CENTERCONTROL:0.5
C_DEVELOPPIECES:0.49326462605287197
C_MATERIAL:0.48018656392014075
C_MOVECOUNT:0.5
