ELO:919
CE_PASSEDPAWNS:0.39812722288291735
CE_PAWNWEAKNESSES:0.5892095473468965
CE_PIECEACTIVITY:0.49749149375016394
CE_KINGPAWNSHIELD:0.46017462851182656
CE_PIECECOORDINATION:0.47036125673914403
CE_MATERIAL:0.47446143100658084
CE_KINGSAFETY:0.4933596068461763
C_PIECESQUARETABLES:0.49074965557297007
C_MOBILITY:0.3206890527877708
C_KINGSAFETY:0.5191991981963893
C_PAWNSTRUCTURE:0.3968918910582125
C_PIECECOORDINATION:0.5249707989096825
C_ROOKANDPAWNMOVEMENT:0.5249707989096825
C_CENTERCONTROL:0.5519955632664988
C_DEVELOPPIECES:0.5076826998617001
C_MATERIAL:0.49568326576414923
