ELO:987
CE_PASSEDPAWNS:0.37735959366016525
CE_PAWNWEAKNESSES:0.5369253058321595
CE_PIECEACTIVITY:0.5084954644083924
CE_KINGPAWNSHIELD:0.4933127540219144
CE_PIECECOORDINATION:0.4634594776473301
CE_MATERIAL:0.4733251732090588
CE_KINGSAFETY:0.48805720488004084
C_PIECESQUARETABLES:0.5106256357234334
C_MOBILITY:0.31717769986423977
C_KINGSAFETY:0.519454173316435
C_PAWNSTRUCTURE:0.40682206813679456
C_PIECECOORDINATION:0.5260916589728416
C_ROOKANDPAWNMOVEMENT:0.5260916589728416
C_CENTERCONTROL:0.48811312065034496
C_DEVELOPPIECES:0.5086552574262395
C_MATERIAL:0.5531888558825757
