ELO:933
CE_PASSEDPAWNS:0.44588627292997446
CE_PAWNWEAKNESSES:0.5720467724253366
CE_PIECEACTIVITY:0.5108095343282756
CE_KINGPAWNSHIELD:0.4652244693209511
CE_PIECECOORDINATION:0.49371100699043385
CE_MATERIAL:0.510615629736364
CE_KINGSAFETY:0.5148504796745771
C_PIECESQUARETABLES:0.5433668181214204
C_MOBILITY:0.44434365633809464
C_KINGSAFETY:0.4803398669395455
C_PAWNSTRUCTURE:0.5203865383790494
C_PIECECOORDINATION:0.47707452974753106
C_ROOKANDPAWNMOVEMENT:0.47707452974753106
C_CENTERCONTROL:0.4910485593270419
C_DEVELOPPIECES:0.5181557287290768
C_MATERIAL:0.5315287519798098
C_MOVECOUNT:0.5
