ELO:896
CE_PASSEDPAWNS:0.37761285856138277
CE_PAWNWEAKNESSES:0.6038419267195448
CE_PIECEACTIVITY:0.5289302168175273
CE_KINGPAWNSHIELD:0.5066174222011507
CE_PIECECOORDINATION:0.516283001271988
CE_MATERIAL:0.44095620959723547
CE_KINGSAFETY:0.4715706617351047
C_PIECESQUARETABLES:0.5036323343687603
C_MOBILITY:0.33914629188921336
C_KINGSAFETY:0.57813613830051
C_PAWNSTRUCTURE:0.4014187029627649
C_PIECECOORDINATION:0.5058028365944505
C_ROOKANDPAWNMOVEMENT:0.5058028365944505
C_CENTERCONTROL:0.5106360043784658
C_DEVELOPPIECES:0.512178838855906
C_MATERIAL:0.5071732461629315
