ELO:1000
CE_PASSEDPAWNS:0.4907640623195678
CE_PAWNWEAKNESSES:0.4979246931612498
CE_PIECEACTIVITY:0.4918672482648821
CE_KINGPAWNSHIELD:0.4807655848880973
CE_PIECECOORDINATION:0.48961043238707624
CE_MATERIAL:0.4880179410674047
CE_KINGSAFETY:0.520484080319253
C_PIECESQUARETABLES:0.500604174175819
C_MOBILITY:0.5009453735596032
C_KINGSAFETY:0.4937675449712168
C_PAWNSTRUCTURE:0.5054243360067183
C_PIECECOORDINATION:0.48087381548959923
C_ROOKANDPAWNMOVEMENT:0.48087381548959923
C_CENTERCONTROL:0.5334081948416276
C_DEVELOPPIECES:0.5102408532530553
C_MATERIAL:0.49012908153020374
