ELO:1005
CE_PASSEDPAWNS:0.47441832831967473
CE_PAWNWEAKNESSES:0.5072948761010512
CE_PIECEACTIVITY:0.499379224665463
CE_KINGPAWNSHIELD:0.4972098955473523
CE_PIECECOORDINATION:0.4685275939014448
CE_MATERIAL:0.5085774226459413
CE_KINGSAFETY:0.5048313277024585
C_PIECESQUARETABLES:0.5
C_MOBILITY:0.5068691327794547
C_KINGSAFETY:0.4845327449386956
C_PAWNSTRUCTURE:0.49694429328907774
C_PIECECOORDINATION:0.5052007590851407
C_ROOK:0.5157738755203647
CE_ROOK:0.50838153638604
C_CENTERCONTROL:0.5111077262998706
C_DEVELOPPIECES:0.4925454862093265
C_MATERIAL:0.4867458913301076
C_MOVECOUNT:0.49097408941274145
C_PAWNMOVEMENT:0.47474071519037614
