ELO:1071
CE_PASSEDPAWNS:0.4899828545807147
CE_PAWNWEAKNESSES:0.4833849124604321
CE_PIECEACTIVITY:0.5
CE_KINGPAWNSHIELD:0.49607325315132733
CE_PIECECOORDINATION:0.5
CE_MATERIAL:0.5235290898507252
CE_KINGSAFETY:0.5
C_PIECESQUARETABLES:0.4990847355229168
C_MOBILITY:0.49749466983580803
C_KINGSAFETY:0.49251242720840516
C_PAWNSTRUCTURE:0.48225323964239875
C_PIECECOORDINATION:0.5178147194011264
C_ROOKANDPAWNMOVEMENT:0.5178147194011264
C_CENTERCONTROL:0.5043761932962392
C_DEVELOPPIECES:0.5
C_MATERIAL:0.5
