ELO:1000
CE_PASSEDPAWNS:0.44037433728889924
CE_PAWNWEAKNESSES:0.4172767967946054
CE_PIECEACTIVITY:0.5459202342786411
CE_KINGPAWNSHIELD:0.4780600679639979
CE_PIECECOORDINATION:0.45567513985279473
CE_MATERIAL:0.4735345215554876
CE_KINGSAFETY:0.5362105461321913
C_PIECESQUARETABLES:0.47120004295667817
C_MOBILITY:0.5057419081308412
C_KINGSAFETY:0.5102353598841266
C_PAWNSTRUCTURE:0.4980000890138845
C_PIECECOORDINATION:0.49517658746472804
C_ROOKANDPAWNMOVEMENT:0.49517658746472804
C_CENTERCONTROL:0.5293204808850579
C_DEVELOPPIECES:0.41957489336070963
C_MATERIAL:0.47305962159259823
