ELO:880
CE_PASSEDPAWNS:0.45833735611052207
CE_PAWNWEAKNESSES:0.49046489581543684
CE_PIECEACTIVITY:0.48156951868555314
CE_KINGPAWNSHIELD:0.5186057317491045
CE_PIECECOORDINATION:0.5025923275372459
CE_MATERIAL:0.4771354328161376
CE_KINGSAFETY:0.5361831054362196
C_PIECESQUARETABLES:0.5392112002457817
C_MOBILITY:0.4596406868437026
C_KINGSAFETY:0.5239439722646021
C_PAWNSTRUCTURE:0.510618322474482
C_PIECECOORDINATION:0.504677310934068
C_ROOKANDPAWNMOVEMENT:0.504677310934068
C_CENTERCONTROL:0.49890382347749207
C_DEVELOPPIECES:0.5333354532931565
C_MATERIAL:0.4113513665859863
C_MOVECOUNT:0.5053306488741702
