ELO:1257
CE_PASSEDPAWNS:0.43614387835359075
CE_PAWNWEAKNESSES:0.5490730528478448
CE_PIECEACTIVITY:0.4342753515086702
CE_KINGPAWNSHIELD:0.4628065437446107
CE_PIECECOORDINATION:0.48438192449001055
CE_MATERIAL:0.3441306067438253
CE_KINGSAFETY:0.5
C_PIECESQUARETABLES:0.5
C_MOBILITY:0.3621911048225555
C_KINGSAFETY:0.37980997626220936
C_PAWNSTRUCTURE:0.6098112579911965
C_PIECECOORDINATION:0.5703658203001278
C_ROOKANDPAWNMOVEMENT:0.5703658203001278
C_CENTERCONTROL:0.49941516474630016
C_DEVELOPPIECES:0.5528173797779841
C_MATERIAL:0.5619656346539545
