ELO:846
CE_PASSEDPAWNS:0.500088305939699
CE_PAWNWEAKNESSES:0.5109254521863514
CE_PIECEACTIVITY:0.4689571935773823
CE_KINGPAWNSHIELD:0.496665286099216
CE_PIECECOORDINATION:0.48859648201671846
CE_MATERIAL:0.480277166445923
CE_KINGSAFETY:0.4562213071714611
C_PIECESQUARETABLES:0.5321590071570879
C_MOBILITY:0.4801689713140342
C_KINGSAFETY:0.4484647949726043
C_PAWNSTRUCTURE:0.504546469359413
C_PIECECOORDINATION:0.48911416186373363
C_ROOKANDPAWNMOVEMENT:0.48911416186373363
C_CENTERCONTROL:0.47470915697150873
C_DEVELOPPIECES:0.509873749290637
C_MATERIAL:0.5188231095360091
C_MOVECOUNT:0.5
