ELO:1137
CE_PASSEDPAWNS:0.5955037066111589
CE_PAWNWEAKNESSES:0.5049538678398092
CE_PIECEACTIVITY:0.47707812532962285
CE_KINGPAWNSHIELD:0.4774259118591802
CE_PIECECOORDINATION:0.5707969823983154
CE_MATERIAL:0.3963786524687434
CE_KINGSAFETY:0.514933381987844
C_PIECESQUARETABLES:0.507770715952783
C_MOBILITY:0.4158392283374594
C_KINGSAFETY:0.31211272582636257
C_PAWNSTRUCTURE:0.4065897619935117
C_PIECECOORDINATION:0.36062421724656424
C_ROOKANDPAWNMOVEMENT:0.36062421724656424
C_CENTERCONTROL:0.4971758326519334
C_DEVELOPPIECES:0.5034004472324135
C_MATERIAL:0.3847798461631917
