ELO:1020
CE_PASSEDPAWNS:0.5104703124526736
CE_PAWNWEAKNESSES:0.48998006808545125
CE_PIECEACTIVITY:0.49200059874445207
CE_KINGPAWNSHIELD:0.5173468219008868
CE_PIECECOORDINATION:0.5094945696399805
CE_MATERIAL:0.4954503438290269
CE_KINGSAFETY:0.507294787754042
C_PIECESQUARETABLES:0.5122311583252586
C_MOBILITY:0.48866375287878466
C_KINGSAFETY:0.4985283179367821
C_PAWNSTRUCTURE:0.49481161895278347
C_PIECECOORDINATION:0.5
C_ROOKANDPAWNMOVEMENT:0.5
C_CENTERCONTROL:0.4989011592745065
C_DEVELOPPIECES:0.4886501242163371
C_MATERIAL:0.5
