ELO:700
CE_PASSEDPAWNS:0.5073016626779607
CE_PAWNWEAKNESSES:0.5231875262254361
CE_PIECEACTIVITY:0.4607049224019458
CE_KINGPAWNSHIELD:0.5107320209452985
CE_PIECECOORDINATION:0.4971470758932633
CE_MATERIAL:0.5539736276916712
CE_KINGSAFETY:0.5231416549576186
C_PIECESQUARETABLES:0.5107771760729711
C_MOBILITY:0.5586127108638871
C_KINGSAFETY:0.49380556859259217
C_PAWNSTRUCTURE:0.45544774415833583
C_PIECECOORDINATION:0.5800378248794182
C_ROOKANDPAWNMOVEMENT:0.5800378248794182
C_CENTERCONTROL:0.47194112474058164
C_DEVELOPPIECES:0.4891313369898921
C_MATERIAL:0.47880194863827086
C_MOVECOUNT:0.5068491494094327
