ELO:992
CE_PASSEDPAWNS:0.48536438672450605
CE_PAWNWEAKNESSES:0.49873462221034465
CE_PIECEACTIVITY:0.47425681595065283
CE_KINGPAWNSHIELD:0.49689181679334143
CE_PIECECOORDINATION:0.5040242674681642
CE_MATERIAL:0.49589960183968623
CE_KINGSAFETY:0.5
C_PIECESQUARETABLES:0.5
C_MOBILITY:0.5
C_KINGSAFETY:0.510888381522417
C_PAWNSTRUCTURE:0.49702568143351394
C_PIECECOORDINATION:0.48613957091630433
C_ROOKANDPAWNMOVEMENT:0.48613957091630433
C_CENTERCONTROL:0.48214059531570763
C_DEVELOPPIECES:0.4980116193199181
C_MATERIAL:0.4957664992045895
C_MOVECOUNT:0.48654087190249984
