ELO:953
CE_PASSEDPAWNS:0.5137045064095584
CE_PAWNWEAKNESSES:0.5196287090966115
CE_PIECEACTIVITY:0.4695457324449528
CE_KINGPAWNSHIELD:0.4871987262048801
CE_PIECECOORDINATION:0.47375013552755585
CE_MATERIAL:0.5266670966005316
CE_KINGSAFETY:0.5
C_PIECESQUARETABLES:0.5
C_MOBILITY:0.5224342625572815
C_KINGSAFETY:0.5345330315316439
C_PAWNSTRUCTURE:0.514439942617672
C_PIECECOORDINATION:0.48906454513613157
C_ROOK:0.5238768562624757
CE_ROOK:0.47893551643400956
C_CENTERCONTROL:0.511653370992435
C_DEVELOPPIECES:0.5338404073834648
C_MATERIAL:0.4869093359160341
C_MOVECOUNT:0.5074642533447401
C_PAWNMOVEMENT:0.4739484979525795
