ELO:935
CE_PASSEDPAWNS:0.4310276935152235
CE_PAWNWEAKNESSES:0.45785149772319184
CE_PIECEACTIVITY:0.5066296622480211
CE_KINGPAWNSHIELD:0.4925736019424983
CE_PIECECOORDINATION:0.5353456202975027
CE_MATERIAL:0.5208651065454567
CE_KINGSAFETY:0.4943806658449644
C_PIECESQUARETABLES:0.5012190146332587
C_MOBILITY:0.4261641916911636
C_KINGSAFETY:0.42750388615023227
C_PAWNSTRUCTURE:0.4984989906670072
C_PIECECOORDINATION:0.6121269613799928
C_ROOKANDPAWNMOVEMENT:0.6121269613799928
C_CENTERCONTROL:0.5718969274357315
C_DEVELOPPIECES:0.5395761744734047
C_MATERIAL:0.5235363195335977
