ELO:922
CE_PASSEDPAWNS:0.5226464003886374
CE_PAWNWEAKNESSES:0.48770415304187176
CE_PIECEACTIVITY:0.5083107112640433
CE_KINGPAWNSHIELD:0.53072883078616
CE_PIECECOORDINATION:0.47248242684476016
CE_MATERIAL:0.4939252729734037
CE_KINGSAFETY:0.5
C_PIECESQUARETABLES:0.5099665091175875
C_MOBILITY:0.5256675211044729
C_KINGSAFETY:0.5011804124591925
C_PAWNSTRUCTURE:0.48675408390879066
C_PIECECOORDINATION:0.5376253310442742
C_ROOK:0.4971240629246104
CE_ROOK:0.4875252414280208
C_CENTERCONTROL:0.47421488902722214
C_DEVELOPPIECES:0.48537669115270476
C_MATERIAL:0.4934193442546606
C_MOVECOUNT:0.5064000293835909
C_PAWNMOVEMENT:0.46464717068941014
