ELO:950
CE_PASSEDPAWNS:0.45172727008391306
CE_PAWNWEAKNESSES:0.45250207440144663
CE_PIECEACTIVITY:0.5179838917387456
CE_KINGPAWNSHIELD:0.49508459275562333
CE_PIECECOORDINATION:0.5306379927722047
CE_MATERIAL:0.5173148538218533
CE_KINGSAFETY:0.4779539711549474
C_PIECESQUARETABLES:0.5376238327902715
C_MOBILITY:0.42768015073806714
C_KINGSAFETY:0.4185698558622185
C_PAWNSTRUCTURE:0.4856624228820768
C_PIECECOORDINATION:0.5695141776176761
C_ROOKANDPAWNMOVEMENT:0.5695141776176761
C_CENTERCONTROL:0.595441773571324
C_DEVELOPPIECES:0.5290219267524691
C_MATERIAL:0.5157782274416614
