ELO:998
CE_PASSEDPAWNS:0.5028711143451535
CE_PAWNWEAKNESSES:0.4877079500827014
CE_PIECEACTIVITY:0.49340484399593865
CE_KINGPAWNSHIELD:0.5
CE_PIECECOORDINATION:0.5023737374061283
CE_MATERIAL:0.49248739986091844
CE_KINGSAFETY:0.5091293762055958
C_PIECESQUARETABLES:0.5
C_MOBILITY:0.5
C_KINGSAFETY:0.5161922647986698
C_PAWNSTRUCTURE:0.5038266290864318
C_PIECECOORDINATION:0.4978841223769012
C_ROOKANDPAWNMOVEMENT:0.4978841223769012
C_CENTERCONTROL:0.4990454188120212
C_DEVELOPPIECES:0.49836583747849555
C_MATERIAL:0.5
C_MOVECOUNT:0.5
