ELO:931
CE_PASSEDPAWNS:0.509325611116081
CE_PAWNWEAKNESSES:0.5242537086106247
CE_PIECEACTIVITY:0.4932028705604197
CE_KINGPAWNSHIELD:0.511910211229068
CE_PIECECOORDINATION:0.4629721802676516
CE_MATERIAL:0.5253152805430896
CE_KINGSAFETY:0.5022657232857828
C_PIECESQUARETABLES:0.48979628083038285
C_MOBILITY:0.5248845155230806
C_KINGSAFETY:0.5561977093706848
C_PAWNSTRUCTURE:0.5114977811544261
C_PIECECOORDINATION:0.47767782567753064
C_ROOK:0.5334369790049703
CE_ROOK:0.47893551643400956
C_CENTERCONTROL:0.5047803972259285
C_DEVELOPPIECES:0.5458784849079547
C_MATERIAL:0.4841309064823804
C_MOVECOUNT:0.5121370466440698
C_PAWNMOVEMENT:0.4871249333852298
