ELO:677
CE_PASSEDPAWNS:0.6041764589212109
CE_PAWNWEAKNESSES:0.4595471806356956
CE_PIECEACTIVITY:0.40731044789661486
CE_KINGPAWNSHIELD:0.4089864280996423
CE_PIECECOORDINATION:0.49627712349755243
CE_MATERIAL:0.4750441308623203
CE_KINGSAFETY:0.522596288916119
C_PIECESQUARETABLES:0.5302838940610295
C_MOBILITY:0.4152321261715849
C_KINGSAFETY:0.5370977074747836
C_PAWNSTRUCTURE:0.5525778940534289
C_PIECECOORDINATION:0.5054382230977621
C_ROOKANDPAWNMOVEMENT:0.5054382230977621
C_CENTERCONTROL:0.4347777635922231
C_DEVELOPPIECES:0.5180507243400764
C_MATERIAL:0.50235756849825
C_MOVECOUNT:0.5
