ELO:1023
CE_PASSEDPAWNS:0.5
CE_PAWNWEAKNESSES:0.5
CE_PIECEACTIVITY:0.5003979870547655
CE_KINGPAWNSHIELD:0.5
CE_PIECECOORDINATION:0.4877830249118702
CE_MATERIAL:0.5
CE_KINGSAFETY:0.5083777353517469
C_PIECESQUARETABLES:0.49630066909304676
C_MOBILITY:0.5
C_KINGSAFETY:0.5
C_PAWNSTRUCTURE:0.5008512165482408
C_PIECECOORDINATION:0.5
C_ROOKANDPAWNMOVEMENT:0.5
C_CENTERCONTROL:0.49055175179418786
C_DEVELOPPIECES:0.5
C_MATERIAL:0.5
C_MOVECOUNT:0.5
