ELO:908
CE_PASSEDPAWNS:0.5071894895293789
CE_PAWNWEAKNESSES:0.5074934481588504
CE_PIECEACTIVITY:0.4689571935773823
CE_KINGPAWNSHIELD:0.497061749123396
CE_PIECECOORDINATION:0.5101726687850864
CE_MATERIAL:0.5051977021269444
CE_KINGSAFETY:0.49525990451847685
C_PIECESQUARETABLES:0.509807033766441
C_MOBILITY:0.49646323597067804
C_KINGSAFETY:0.4367026106128551
C_PAWNSTRUCTURE:0.5048235010390809
C_PIECECOORDINATION:0.5138541568655953
C_ROOKANDPAWNMOVEMENT:0.5138541568655953
C_CENTERCONTROL:0.4845743984542565
C_DEVELOPPIECES:0.5274750334210139
C_MATERIAL:0.494390169770965
C_MOVECOUNT:0.5
