ELO:830
CE_PASSEDPAWNS:0.40391402285684896
CE_PAWNWEAKNESSES:0.3894418331177927
CE_PIECEACTIVITY:0.43532877649116747
CE_KINGPAWNSHIELD:0.46536772283229294
CE_PIECECOORDINATION:0.5354584842732214
CE_MATERIAL:0.47101783398296326
CE_KINGSAFETY:0.45631983649868385
C_PIECESQUARETABLES:0.471170706406679
C_MOBILITY:0.331865496474361
C_KINGSAFETY:0.4529827927594299
C_PAWNSTRUCTURE:0.5283802489891868
C_PIECECOORDINATION:0.4654272495601297
C_ROOKANDPAWNMOVEMENT:0.4654272495601297
C_CENTERCONTROL:0.49851773528316834
C_DEVELOPPIECES:0.5202507506266792
C_MATERIAL:0.48982092263488186
