ELO:880
CE_PASSEDPAWNS:0.40926425831755797
CE_PAWNWEAKNESSES:0.41465581741015634
CE_PIECEACTIVITY:0.4543961630668597
CE_KINGPAWNSHIELD:0.509186150953778
CE_PIECECOORDINATION:0.5328560836560277
CE_MATERIAL:0.5055347327982557
CE_KINGSAFETY:0.5112071437572026
C_PIECESQUARETABLES:0.4915737777282692
C_MOBILITY:0.3110414096146426
C_KINGSAFETY:0.43129081657928237
C_PAWNSTRUCTURE:0.5340294877470353
C_PIECECOORDINATION:0.4737704398741288
C_ROOKANDPAWNMOVEMENT:0.4737704398741288
C_CENTERCONTROL:0.4847539415625485
C_DEVELOPPIECES:0.5195367217188451
C_MATERIAL:0.47762287764573674
