ELO:1157
CE_PASSEDPAWNS:0.4575949883343276
CE_PAWNWEAKNESSES:0.590261458922248
CE_PIECEACTIVITY:0.4336294063280298
CE_KINGPAWNSHIELD:0.4675483960701007
CE_PIECECOORDINATION:0.532691344258474
CE_MATERIAL:0.4879868932312145
CE_KINGSAFETY:0.5
C_PIECESQUARETABLES:0.5
C_MOBILITY:0.4114141346865827
C_KINGSAFETY:0.39012888053233563
C_PAWNSTRUCTURE:0.5198595460926635
C_PIECECOORDINATION:0.5408113181649312
C_ROOKANDPAWNMOVEMENT:0.5408113181649312
C_CENTERCONTROL:0.4906048030664564
C_DEVELOPPIECES:0.44786742023894355
C_MATERIAL:0.5619656346539545
