ELO:927
CE_PASSEDPAWNS:0.51503450777927
CE_PAWNWEAKNESSES:0.5242537086106247
CE_PIECEACTIVITY:0.49798489592541323
CE_KINGPAWNSHIELD:0.5224333847005201
CE_PIECECOORDINATION:0.46315094944718094
CE_MATERIAL:0.542228457120408
CE_KINGSAFETY:0.5188486072525101
C_PIECESQUARETABLES:0.49845807109119067
C_MOBILITY:0.5279430761937199
C_KINGSAFETY:0.5561977093706848
C_PAWNSTRUCTURE:0.5114977811544261
C_PIECECOORDINATION:0.47767782567753064
C_ROOK:0.5462075813062597
CE_ROOK:0.4770806504967546
C_CENTERCONTROL:0.5047803972259285
C_DEVELOPPIECES:0.5458784849079547
C_MATERIAL:0.47264159330393113
C_MOVECOUNT:0.5146513015209601
C_PAWNMOVEMENT:0.4769638416459105
