ELO:738
CE_PASSEDPAWNS:0.5088625783981626
CE_PAWNWEAKNESSES:0.5283833747752152
CE_PIECEACTIVITY:0.4584715799977316
CE_KINGPAWNSHIELD:0.5117613105488533
CE_PIECECOORDINATION:0.5052665176267964
CE_MATERIAL:0.5413688275194233
CE_KINGSAFETY:0.5095930565147738
C_PIECESQUARETABLES:0.5090442165348672
C_MOBILITY:0.5512540564989717
C_KINGSAFETY:0.5123328559854426
C_PAWNSTRUCTURE:0.46521639499770545
C_PIECECOORDINATION:0.5981505390021742
C_ROOKANDPAWNMOVEMENT:0.5981505390021742
C_CENTERCONTROL:0.4529003003013194
C_DEVELOPPIECES:0.5037583623884313
C_MATERIAL:0.4621115538924888
C_MOVECOUNT:0.5014748333475416
