ELO:1012
CE_PASSEDPAWNS:0.5093543890459556
CE_PAWNWEAKNESSES:0.5
CE_PIECEACTIVITY:0.5
CE_KINGPAWNSHIELD:0.5
CE_PIECECOORDINATION:0.5
CE_MATERIAL:0.5
CE_KINGSAFETY:0.5
C_PIECESQUARETABLES:0.5
C_MOBILITY:0.4941315443883987
C_KINGSAFETY:0.5
C_PAWNSTRUCTURE:0.5008512165482408
C_PIECECOORDINATION:0.5
C_ROOKANDPAWNMOVEMENT:0.5
C_CENTERCONTROL:0.5
C_DEVELOPPIECES:0.5082342016431685
C_MATERIAL:0.5
C_MOVECOUNT:0.5047576906842085
