ELO:989
CE_PASSEDPAWNS:0.4138613917192492
CE_PAWNWEAKNESSES:0.45591223475255777
CE_PIECEACTIVITY:0.5376482478581307
CE_KINGPAWNSHIELD:0.48716879254072115
CE_PIECECOORDINATION:0.5137509716789133
CE_MATERIAL:0.4925418585237414
CE_KINGSAFETY:0.5375620931088921
C_PIECESQUARETABLES:0.5259328719391384
C_MOBILITY:0.4489692869053799
C_KINGSAFETY:0.46238929827010616
C_PAWNSTRUCTURE:0.47335751836083656
C_PIECECOORDINATION:0.5235714699735855
C_ROOKANDPAWNMOVEMENT:0.5235714699735855
C_CENTERCONTROL:0.5785637447130876
C_DEVELOPPIECES:0.5133034629527954
C_MATERIAL:0.5467946292101217
