ELO:907
CE_PASSEDPAWNS:0.42346536012325314
CE_PAWNWEAKNESSES:0.4477891358710428
CE_PIECEACTIVITY:0.5066296622480211
CE_KINGPAWNSHIELD:0.4925736019424983
CE_PIECECOORDINATION:0.5100707384170177
CE_MATERIAL:0.5448378144543297
CE_KINGSAFETY:0.48841462203237423
C_PIECESQUARETABLES:0.5315075966125591
C_MOBILITY:0.4476461999049118
C_KINGSAFETY:0.43219744376603936
C_PAWNSTRUCTURE:0.5100160879225455
C_PIECECOORDINATION:0.6176872122384102
C_ROOKANDPAWNMOVEMENT:0.6176872122384102
C_CENTERCONTROL:0.5672858526805785
C_DEVELOPPIECES:0.5243470009615077
C_MATERIAL:0.5285397596267686
