ELO:912
CE_PASSEDPAWNS:0.4548446913744293
CE_PAWNWEAKNESSES:0.5066342740746345
CE_PIECEACTIVITY:0.47738008572685814
CE_KINGPAWNSHIELD:0.5271232502307692
CE_PIECECOORDINATION:0.5294192407908724
CE_MATERIAL:0.47996562303778134
CE_KINGSAFETY:0.5453309159003646
C_PIECESQUARETABLES:0.5128296708153988
C_MOBILITY:0.4431839510835611
C_KINGSAFETY:0.5408726391731248
C_PAWNSTRUCTURE:0.5123630849031282
C_PIECECOORDINATION:0.5093156918052022
C_ROOKANDPAWNMOVEMENT:0.5093156918052022
C_CENTERCONTROL:0.5056044524609368
C_DEVELOPPIECES:0.5333354532931565
C_MATERIAL:0.4249884743921241
C_MOVECOUNT:0.5038159107768728
