ELO:998
CE_PASSEDPAWNS:0.5025635411035105
CE_PAWNWEAKNESSES:0.5123765531477057
CE_PIECEACTIVITY:0.4811818288050693
CE_KINGPAWNSHIELD:0.48589110555553505
CE_PIECECOORDINATION:0.5
CE_MATERIAL:0.5168382983878352
CE_KINGSAFETY:0.4875241550610278
C_PIECESQUARETABLES:0.5072723731951552
C_MOBILITY:0.4985526001005625
C_KINGSAFETY:0.5008551066676314
C_PAWNSTRUCTURE:0.5121474925736661
C_PIECECOORDINATION:0.5028231477493375
C_ROOKANDPAWNMOVEMENT:0.5028231477493375
C_CENTERCONTROL:0.5003594302613086
C_DEVELOPPIECES:0.48546745896633225
C_MATERIAL:0.5162222126298669
C_MOVECOUNT:0.48978487966684525
