ELO:733
CE_PASSEDPAWNS:0.5153594524907141
CE_PAWNWEAKNESSES:0.5066953373434016
CE_PIECEACTIVITY:0.4586801754168679
CE_KINGPAWNSHIELD:0.4600262908636693
CE_PIECECOORDINATION:0.4419127179462894
CE_MATERIAL:0.4988819306122657
CE_KINGSAFETY:0.4720159628027511
C_PIECESQUARETABLES:0.4986399334309578
C_MOBILITY:0.42993737532761306
C_KINGSAFETY:0.48582136877911913
C_PAWNSTRUCTURE:0.5286863584990945
C_PIECECOORDINATION:0.4783786139581334
C_ROOKANDPAWNMOVEMENT:0.4783786139581334
C_CENTERCONTROL:0.479888158688117
C_DEVELOPPIECES:0.500947682105512
C_MATERIAL:0.5547759511531523
C_MOVECOUNT:0.5
