ELO:997
CE_PASSEDPAWNS:0.49073083062934786
CE_PAWNWEAKNESSES:0.5
CE_PIECEACTIVITY:0.5119812919098792
CE_KINGPAWNSHIELD:0.5
CE_PIECECOORDINATION:0.4879005170497916
CE_MATERIAL:0.5090372711937596
CE_KINGSAFETY:0.5
C_PIECESQUARETABLES:0.5
C_MOBILITY:0.48223860980473443
C_KINGSAFETY:0.496249540262698
C_PAWNSTRUCTURE:0.5
C_PIECECOORDINATION:0.4966624950918248
C_ROOKANDPAWNMOVEMENT:0.4966624950918248
C_CENTERCONTROL:0.4973472575308759
C_DEVELOPPIECES:0.5086374559444824
C_MATERIAL:0.5
C_MOVECOUNT:0.5
