ELO:702
CE_PASSEDPAWNS:0.5052152766500667
CE_PAWNWEAKNESSES:0.5374779180377013
CE_PIECEACTIVITY:0.4669539720988039
CE_KINGPAWNSHIELD:0.5371294575556415
CE_PIECECOORDINATION:0.4951659743189978
CE_MATERIAL:0.5547900560994642
CE_KINGSAFETY:0.5268016656202847
C_PIECESQUARETABLES:0.5088717018650466
C_MOBILITY:0.5683428262098542
C_KINGSAFETY:0.4743598788449392
C_PAWNSTRUCTURE:0.4466749099537806
C_PIECECOORDINATION:0.5892131765218909
C_ROOKANDPAWNMOVEMENT:0.5892131765218909
C_CENTERCONTROL:0.5021887706968557
C_DEVELOPPIECES:0.48303623949798435
C_MATERIAL:0.47992514775990675
C_MOVECOUNT:0.5256006529027342
