ELO:938
CE_PASSEDPAWNS:0.5116461476967878
CE_PAWNWEAKNESSES:0.5119316386023619
CE_PIECEACTIVITY:0.5102549382805491
CE_KINGPAWNSHIELD:0.5255871342993609
CE_PIECECOORDINATION:0.5086085652798324
CE_MATERIAL:0.47342222392290517
CE_KINGSAFETY:0.5232225978874587
C_PIECESQUARETABLES:0.5258242153373716
C_MOBILITY:0.4966004969593623
C_KINGSAFETY:0.5119610951316497
C_PAWNSTRUCTURE:0.4831158155200288
C_PIECECOORDINATION:0.5026898914822094
C_ROOKANDPAWNMOVEMENT:0.5026898914822094
C_CENTERCONTROL:0.48821659306858894
C_DEVELOPPIECES:0.5039994198992256
C_MATERIAL:0.46159185074471676
C_MOVECOUNT:0.5
