ELO:961
CE_PASSEDPAWNS:0.39792287307330926
CE_PAWNWEAKNESSES:0.4699008912273898
CE_PIECEACTIVITY:0.5251079397157663
CE_KINGPAWNSHIELD:0.47852542029348305
CE_PIECECOORDINATION:0.517464711882605
CE_MATERIAL:0.49812371769689484
CE_KINGSAFETY:0.5276448893324931
C_PIECESQUARETABLES:0.520693238069954
C_MOBILITY:0.4515331547282734
C_KINGSAFETY:0.4584353231274961
C_PAWNSTRUCTURE:0.49981943152385155
C_PIECECOORDINATION:0.5244013651937448
C_ROOKANDPAWNMOVEMENT:0.5244013651937448
C_CENTERCONTROL:0.597273357258338
C_DEVELOPPIECES:0.520784377437938
C_MATERIAL:0.5342993301321116
