ELO:1000
CE_PASSEDPAWNS:0.4674322507561438
CE_PAWNWEAKNESSES:0.4741033631055981
CE_PIECEACTIVITY:0.5030231355529146
CE_KINGPAWNSHIELD:0.49091368757313386
CE_PIECECOORDINATION:0.5020093569806772
CE_MATERIAL:0.5025917801936501
CE_KINGSAFETY:0.5200780305232545
C_PIECESQUARETABLES:0.485559549134836
C_MOBILITY:0.5104045772931038
C_KINGSAFETY:0.5187827848444194
C_PAWNSTRUCTURE:0.5041271395321316
C_PIECECOORDINATION:0.470861948284052
C_ROOKANDPAWNMOVEMENT:0.470861948284052
C_CENTERCONTROL:0.517113550261952
C_DEVELOPPIECES:0.49175012949304
C_MATERIAL:0.4711388780394151
