ELO:1257
CE_PASSEDPAWNS:0.45388094737413365
CE_PAWNWEAKNESSES:0.45753908675987287
CE_PIECEACTIVITY:0.4447589136859794
CE_KINGPAWNSHIELD:0.47007856838159223
CE_PIECECOORDINATION:0.5228665876218258
CE_MATERIAL:0.37049330157018157
CE_KINGSAFETY:0.5
C_PIECESQUARETABLES:0.5
C_MOBILITY:0.3716594832402479
C_KINGSAFETY:0.39018265585092654
C_PAWNSTRUCTURE:0.6098112579911965
C_PIECECOORDINATION:0.6006523227325677
C_ROOKANDPAWNMOVEMENT:0.6006523227325677
C_CENTERCONTROL:0.5074219612996926
C_DEVELOPPIECES:0.4332909592322626
C_MATERIAL:0.6474127764070895
