ELO:966
CE_PASSEDPAWNS:0.4926219886745462
CE_PAWNWEAKNESSES:0.5035392195198948
CE_PIECEACTIVITY:0.5382163838544863
CE_KINGPAWNSHIELD:0.5183120910237898
CE_PIECECOORDINATION:0.5
CE_MATERIAL:0.5033167706922451
CE_KINGSAFETY:0.5
C_PIECESQUARETABLES:0.5
C_MOBILITY:0.5072294529783872
C_KINGSAFETY:0.5023682002167947
C_PAWNSTRUCTURE:0.47674939121849846
C_PIECECOORDINATION:0.46643457049028075
C_ROOKANDPAWNMOVEMENT:0.46643457049028075
C_CENTERCONTROL:0.5108985877855622
C_DEVELOPPIECES:0.5049429094862037
C_MATERIAL:0.4689981942098186
C_MOVECOUNT:0.5215791986025745
