ELO:1046
CE_PASSEDPAWNS:0.48474012380992215
CE_PAWNWEAKNESSES:0.5
CE_PIECEACTIVITY:0.5034338108173293
CE_KINGPAWNSHIELD:0.5121659832435179
CE_PIECECOORDINATION:0.4854453855974096
CE_MATERIAL:0.48404909501543314
CE_KINGSAFETY:0.5
C_PIECESQUARETABLES:0.49388265236385853
C_MOBILITY:0.5108257627892322
C_KINGSAFETY:0.5307199271362666
C_PAWNSTRUCTURE:0.5150117713656321
C_PIECECOORDINATION:0.5158917887229179
C_ROOKANDPAWNMOVEMENT:0.5158917887229179
C_CENTERCONTROL:0.48431328534869905
C_DEVELOPPIECES:0.5198160886447403
C_MATERIAL:0.5
C_MOVECOUNT:0.5264205672608357
