ELO:948
CE_PASSEDPAWNS:0.5148941353610914
CE_PAWNWEAKNESSES:0.5311370655656856
CE_PIECEACTIVITY:0.48909328455446865
CE_KINGPAWNSHIELD:0.5224333847005201
CE_PIECECOORDINATION:0.4664079012156065
CE_MATERIAL:0.542228457120408
CE_KINGSAFETY:0.5119114618089611
C_PIECESQUARETABLES:0.5
C_MOBILITY:0.5302616707220493
C_KINGSAFETY:0.5561977093706848
C_PAWNSTRUCTURE:0.5114977811544261
C_PIECECOORDINATION:0.47767782567753064
C_ROOK:0.5462075813062597
CE_ROOK:0.4695031821161481
C_CENTERCONTROL:0.5047803972259285
C_DEVELOPPIECES:0.5539690791413597
C_MATERIAL:0.47264159330393113
C_MOVECOUNT:0.5146513015209601
C_PAWNMOVEMENT:0.4769638416459105
