ELO:989
CE_PASSEDPAWNS:0.49464915281183763
CE_PAWNWEAKNESSES:0.5
CE_PIECEACTIVITY:0.5
CE_KINGPAWNSHIELD:0.4916056577510133
CE_PIECECOORDINATION:0.5
CE_MATERIAL:0.5017136441428373
CE_KINGSAFETY:0.5304699289149942
C_PIECESQUARETABLES:0.5098866755624563
C_MOBILITY:0.5016709998317297
C_KINGSAFETY:0.5033438761158733
C_PAWNSTRUCTURE:0.5138667637572651
C_PIECECOORDINATION:0.5000178995370091
C_ROOKANDPAWNMOVEMENT:0.5000178995370091
C_CENTERCONTROL:0.4374614197749743
C_DEVELOPPIECES:0.5
C_MATERIAL:0.4718587585107283
