ELO:1043
CE_PASSEDPAWNS:0.4594415609201379
CE_PAWNWEAKNESSES:0.4582065076947049
CE_PIECEACTIVITY:0.5842301932673134
CE_KINGPAWNSHIELD:0.509584576489602
CE_PIECECOORDINATION:0.4630093126760604
CE_MATERIAL:0.46683473348073357
CE_KINGSAFETY:0.5065195620883761
C_PIECESQUARETABLES:0.5081843762756564
C_MOBILITY:0.4153004003668205
C_KINGSAFETY:0.49769111506548824
C_PAWNSTRUCTURE:0.4462378289940454
C_PIECECOORDINATION:0.36566647468536967
C_ROOKANDPAWNMOVEMENT:0.36566647468536967
C_CENTERCONTROL:0.4825264133568681
C_DEVELOPPIECES:0.48458737962162696
C_MATERIAL:0.4155093594209647
