ELO:955
CE_PASSEDPAWNS:0.4598043066888349
CE_PAWNWEAKNESSES:0.4966636577250847
CE_PIECEACTIVITY:0.49876262565859203
CE_KINGPAWNSHIELD:0.5045190297297486
CE_PIECECOORDINATION:0.45756409284081495
CE_MATERIAL:0.48993284284630434
CE_KINGSAFETY:0.4761448229280689
C_PIECESQUARETABLES:0.4832662090633794
C_MOBILITY:0.49996435237202086
C_KINGSAFETY:0.5302623295981898
C_PAWNSTRUCTURE:0.5039205818139064
C_PIECECOORDINATION:0.5000356526559245
C_ROOKANDPAWNMOVEMENT:0.5000356526559245
C_CENTERCONTROL:0.5148867015145642
C_DEVELOPPIECES:0.5319750200211597
C_MATERIAL:0.484063843996272
