ELO:964
CE_PASSEDPAWNS:0.48129971122153464
CE_PAWNWEAKNESSES:0.5223222258069057
CE_PIECEACTIVITY:0.4770437791683562
CE_KINGPAWNSHIELD:0.5343997768811226
CE_PIECECOORDINATION:0.46870344251221985
CE_MATERIAL:0.49240266620309536
CE_KINGSAFETY:0.49186748975175926
C_PIECESQUARETABLES:0.4978505967025127
C_MOBILITY:0.48652747152314724
C_KINGSAFETY:0.517112037480792
C_PAWNSTRUCTURE:0.48816112553776436
C_PIECECOORDINATION:0.5013008657870518
C_ROOKANDPAWNMOVEMENT:0.5013008657870518
C_CENTERCONTROL:0.5115453774174411
C_DEVELOPPIECES:0.52069199976485
C_MATERIAL:0.4994390652922476
