ELO:1000
CE_PASSEDPAWNS:0.49921924273432855
CE_PAWNWEAKNESSES:0.49850760021752055
CE_PIECEACTIVITY:0.5093903710320398
CE_KINGPAWNSHIELD:0.5
CE_PIECECOORDINATION:0.5011727452301146
CE_MATERIAL:0.49956934514148665
CE_KINGSAFETY:0.4883295237428594
C_PIECESQUARETABLES:0.4984332822222572
C_MOBILITY:0.483140622118273
C_KINGSAFETY:0.4724106040100972
C_PAWNSTRUCTURE:0.4846024721235838
C_PIECECOORDINATION:0.4948762739671376
C_ROOKANDPAWNMOVEMENT:0.4948762739671376
C_CENTERCONTROL:0.49900268764393413
C_DEVELOPPIECES:0.5081629429560768
C_MATERIAL:0.5018754043479716
