ELO:956
CE_PASSEDPAWNS:0.4627238241117783
CE_PAWNWEAKNESSES:0.5098163163698592
CE_PIECEACTIVITY:0.4556119224950139
CE_KINGPAWNSHIELD:0.4876423536294204
CE_PIECECOORDINATION:0.45205488530204035
CE_MATERIAL:0.6068730585706431
CE_KINGSAFETY:0.4969429822008725
C_PIECESQUARETABLES:0.49233573753061805
C_MOBILITY:0.5376039165064898
C_KINGSAFETY:0.5191691942125326
C_PAWNSTRUCTURE:0.45976281095963245
C_PIECECOORDINATION:0.48498981427830734
C_ROOKANDPAWNMOVEMENT:0.48498981427830734
C_CENTERCONTROL:0.49931825363375293
C_DEVELOPPIECES:0.47518190307773644
C_MATERIAL:0.5132187182342732
