ELO:993
CE_PASSEDPAWNS:0.5138150635038015
CE_PAWNWEAKNESSES:0.5069189798665399
CE_PIECEACTIVITY:0.5476283564517516
CE_KINGPAWNSHIELD:0.5005332349027878
CE_PIECECOORDINATION:0.548842895272234
CE_MATERIAL:0.6057655518085896
CE_KINGSAFETY:0.5261066794640141
C_PIECESQUARETABLES:0.5
C_MOBILITY:0.47658608463711133
C_KINGSAFETY:0.5201559648042373
C_PAWNSTRUCTURE:0.47450865256877206
C_PIECECOORDINATION:0.46508331676820164
C_ROOKANDPAWNMOVEMENT:0.46508331676820164
C_CENTERCONTROL:0.503544565233626
C_DEVELOPPIECES:0.5091262340910049
C_MATERIAL:0.4758435872444641
C_MOVECOUNT:0.5194546411876289
