ELO:921
CE_PASSEDPAWNS:0.5032499343029149
CE_PAWNWEAKNESSES:0.5122215977220809
CE_PIECEACTIVITY:0.4669644919419341
CE_KINGPAWNSHIELD:0.5023376847355966
CE_PIECECOORDINATION:0.43928876813907447
CE_MATERIAL:0.6026925514974923
CE_KINGSAFETY:0.5112892722567696
C_PIECESQUARETABLES:0.4666314996722064
C_MOBILITY:0.5830410209951529
C_KINGSAFETY:0.5174357287630008
C_PAWNSTRUCTURE:0.47375009345162106
C_PIECECOORDINATION:0.5416383369526729
C_ROOKANDPAWNMOVEMENT:0.5416383369526729
C_CENTERCONTROL:0.5441243538746563
C_DEVELOPPIECES:0.45885352803717194
C_MATERIAL:0.5361592837584084
