ELO:994
CE_PASSEDPAWNS:0.49591361473505724
CE_PAWNWEAKNESSES:0.5143801453010772
CE_PIECEACTIVITY:0.5
CE_KINGPAWNSHIELD:0.48905958146916745
CE_PIECECOORDINATION:0.4965268070318875
CE_MATERIAL:0.48675744559692824
CE_KINGSAFETY:0.49520147072270154
C_PIECESQUARETABLES:0.5036344997810699
C_MOBILITY:0.49646138845429094
C_KINGSAFETY:0.48486705967525756
C_PAWNSTRUCTURE:0.5088263546670079
C_PIECECOORDINATION:0.487771911074425
C_ROOKANDPAWNMOVEMENT:0.487771911074425
C_CENTERCONTROL:0.4985558361800808
C_DEVELOPPIECES:0.49059603727757745
C_MATERIAL:0.48143992260304674
C_MOVECOUNT:0.5
