ELO:1005
CE_PASSEDPAWNS:0.4786400040408563
CE_PAWNWEAKNESSES:0.4842657317850022
CE_PIECEACTIVITY:0.5032710602737938
CE_KINGPAWNSHIELD:0.4944358230143983
CE_PIECECOORDINATION:0.5309374804812022
CE_MATERIAL:0.4929531970630207
CE_KINGSAFETY:0.5119330943251409
C_PIECESQUARETABLES:0.5
C_MOBILITY:0.5446054300523895
C_KINGSAFETY:0.48765578265250314
C_PAWNSTRUCTURE:0.4732161721147163
C_PIECECOORDINATION:0.4528348806195212
C_ROOK:0.5148842331450136
CE_ROOK:0.5111983605971928
C_CENTERCONTROL:0.5174017104762316
C_DEVELOPPIECES:0.5074007101521002
C_MATERIAL:0.4884383996192239
C_MOVECOUNT:0.5156798714015163
C_PAWNMOVEMENT:0.5276388009677092
