ELO:1003
CE_PASSEDPAWNS:0.4774833839603261
CE_PAWNWEAKNESSES:0.5108222066330098
CE_PIECEACTIVITY:0.5004510055352073
CE_KINGPAWNSHIELD:0.520869163397991
CE_PIECECOORDINATION:0.5309374804812022
CE_MATERIAL:0.47749874088954974
CE_KINGSAFETY:0.5
C_PIECESQUARETABLES:0.5
C_MOBILITY:0.4879869534833839
C_KINGSAFETY:0.4908291971994644
C_PAWNSTRUCTURE:0.49009552042265175
C_PIECECOORDINATION:0.4578073882661725
C_ROOK:0.5121246567417876
CE_ROOK:0.5026088710900641
C_CENTERCONTROL:0.4581298334038281
C_DEVELOPPIECES:0.5249586792816496
C_MATERIAL:0.47860971127606433
C_MOVECOUNT:0.5204506784943248
C_PAWNMOVEMENT:0.5017400784675634
