ELO:1074
CE_PASSEDPAWNS:0.4600900643790218
CE_PAWNWEAKNESSES:0.46278369842923195
CE_PIECEACTIVITY:0.5822554920959389
CE_KINGPAWNSHIELD:0.4822677825463045
CE_PIECECOORDINATION:0.45782622373821436
CE_MATERIAL:0.46683473348073357
CE_KINGSAFETY:0.5
C_PIECESQUARETABLES:0.5
C_MOBILITY:0.42709681982767433
C_KINGSAFETY:0.497250595949217
C_PAWNSTRUCTURE:0.42937768264916937
C_PIECECOORDINATION:0.3550944515483613
C_ROOKANDPAWNMOVEMENT:0.3550944515483613
C_CENTERCONTROL:0.48891257291560125
C_DEVELOPPIECES:0.49028338037805974
C_MATERIAL:0.4233025357344282
