ELO:986
CE_PASSEDPAWNS:0.4790999775654415
CE_PAWNWEAKNESSES:0.5124341074011678
CE_PIECEACTIVITY:0.5090261724182852
CE_KINGPAWNSHIELD:0.49079295822712904
CE_PIECECOORDINATION:0.4983484885826459
CE_MATERIAL:0.5166320096205227
CE_KINGSAFETY:0.5
C_PIECESQUARETABLES:0.5
C_MOBILITY:0.543020854722402
C_KINGSAFETY:0.5059952205282893
C_PAWNSTRUCTURE:0.4915733287870692
C_PIECECOORDINATION:0.48671403885331815
C_ROOK:0.5002738195022423
CE_ROOK:0.5001875024371517
C_CENTERCONTROL:0.5146227818737628
C_DEVELOPPIECES:0.5046764726968396
C_MATERIAL:0.4844640502989325
C_MOVECOUNT:0.4952083978477397
C_PAWNMOVEMENT:0.5
