ELO:922
CE_PASSEDPAWNS:0.47958475375644505
CE_PAWNWEAKNESSES:0.5197064090531901
CE_PIECEACTIVITY:0.4425979707905667
CE_KINGPAWNSHIELD:0.4883665743584488
CE_PIECECOORDINATION:0.4517805740662001
CE_MATERIAL:0.6200308836477122
CE_KINGSAFETY:0.5224993894020897
C_PIECESQUARETABLES:0.5047578522024483
C_MOBILITY:0.5759669776490373
C_KINGSAFETY:0.4869260635668471
C_PAWNSTRUCTURE:0.4774972172645583
C_PIECECOORDINATION:0.5336288374086293
C_ROOKANDPAWNMOVEMENT:0.5336288374086293
C_CENTERCONTROL:0.5193918503930937
C_DEVELOPPIECES:0.44514248556709324
C_MATERIAL:0.5523643647589753
