ELO:1010
CE_PASSEDPAWNS:0.5142035377093412
CE_PAWNWEAKNESSES:0.46029651809365585
CE_PIECEACTIVITY:0.5602858926047184
CE_KINGPAWNSHIELD:0.5232864004012102
CE_PIECECOORDINATION:0.5032036889499719
CE_MATERIAL:0.4990142462845326
CE_KINGSAFETY:0.46036511516806133
C_PIECESQUARETABLES:0.4533519587494254
C_MOBILITY:0.5170925159633474
C_KINGSAFETY:0.4306857704817809
C_PAWNSTRUCTURE:0.5128008315034039
C_PIECECOORDINATION:0.45717946738916576
C_ROOKANDPAWNMOVEMENT:0.45717946738916576
C_CENTERCONTROL:0.5672256324810989
C_DEVELOPPIECES:0.55164496422145
C_MATERIAL:0.4250035609178325
