ELO:999
CE_PASSEDPAWNS:0.436612233882955
CE_PAWNWEAKNESSES:0.5062521339868763
CE_PIECEACTIVITY:0.4882204602388435
CE_KINGPAWNSHIELD:0.44884710486387325
CE_PIECECOORDINATION:0.4929915105078047
CE_MATERIAL:0.5592571844933375
CE_KINGSAFETY:0.48847701347673456
C_PIECESQUARETABLES:0.5765517514583728
C_MOBILITY:0.5067329998485088
C_KINGSAFETY:0.5351209282985847
C_PAWNSTRUCTURE:0.45681195507400935
C_PIECECOORDINATION:0.5037086835266367
C_ROOKANDPAWNMOVEMENT:0.5037086835266367
C_CENTERCONTROL:0.5060831699304478
C_DEVELOPPIECES:0.49348562044402994
C_MATERIAL:0.5113096235305571
