ELO:1013
CE_PASSEDPAWNS:0.4798615407349068
CE_PAWNWEAKNESSES:0.5589736374824678
CE_PIECEACTIVITY:0.5066730102100936
CE_KINGPAWNSHIELD:0.4019001517373595
CE_PIECECOORDINATION:0.4998464374347677
CE_MATERIAL:0.5308357103099686
CE_KINGSAFETY:0.5066749421449815
C_PIECESQUARETABLES:0.5460656918438523
C_MOBILITY:0.5202434492158605
C_KINGSAFETY:0.4304338147547986
C_PAWNSTRUCTURE:0.5322649645635188
C_PIECECOORDINATION:0.46674501458451956
C_ROOKANDPAWNMOVEMENT:0.46674501458451956
C_CENTERCONTROL:0.5671340174936469
C_DEVELOPPIECES:0.40334022881648746
C_MATERIAL:0.5129938881321096
