ELO:991
CE_PASSEDPAWNS:0.47118312141999286
CE_PAWNWEAKNESSES:0.4842657317850022
CE_PIECEACTIVITY:0.5045744521137052
CE_KINGPAWNSHIELD:0.5023168067144841
CE_PIECECOORDINATION:0.5309374804812022
CE_MATERIAL:0.4929531970630207
CE_KINGSAFETY:0.5119330943251409
C_PIECESQUARETABLES:0.50867742008924
C_MOBILITY:0.5446054300523895
C_KINGSAFETY:0.48765578265250314
C_PAWNSTRUCTURE:0.4847598663079103
C_PIECECOORDINATION:0.46630716453724147
C_ROOK:0.5307621844579927
CE_ROOK:0.5033961171610566
C_CENTERCONTROL:0.5201308160764048
C_DEVELOPPIECES:0.5139667165794605
C_MATERIAL:0.4884383996192239
C_MOVECOUNT:0.5184056268251027
C_PAWNMOVEMENT:0.5276388009677092
