ELO:960
CE_PASSEDPAWNS:0.508499711137181
CE_PAWNWEAKNESSES:0.5237211382140625
CE_PIECEACTIVITY:0.4924149002806145
CE_KINGPAWNSHIELD:0.5
CE_PIECECOORDINATION:0.48130191141862244
CE_MATERIAL:0.4916542915747194
CE_KINGSAFETY:0.49219995748174
C_PIECESQUARETABLES:0.5
C_MOBILITY:0.4986670878256888
C_KINGSAFETY:0.45661054555668235
C_PAWNSTRUCTURE:0.49402524402997394
C_PIECECOORDINATION:0.5072820532523641
C_ROOKANDPAWNMOVEMENT:0.5072820532523641
C_CENTERCONTROL:0.49848825061410845
C_DEVELOPPIECES:0.49223783643473795
C_MATERIAL:0.503220936450355
C_MOVECOUNT:0.5
