ELO:1010
CE_PASSEDPAWNS:0.4743134560211359
CE_PAWNWEAKNESSES:0.5004243223945801
CE_PIECEACTIVITY:0.49204023118983425
CE_KINGPAWNSHIELD:0.5121598557673049
CE_PIECECOORDINATION:0.5254639287438814
CE_MATERIAL:0.5173491639718055
CE_KINGSAFETY:0.5
C_PIECESQUARETABLES:0.5
C_MOBILITY:0.507569516094217
C_KINGSAFETY:0.49930664095009764
C_PAWNSTRUCTURE:0.5175700024782027
C_PIECECOORDINATION:0.5
C_ROOK:0.4993359940077455
CE_ROOK:0.4788438337428083
C_CENTERCONTROL:0.47088435232152626
C_DEVELOPPIECES:0.5066849647137149
C_MATERIAL:0.4898058172239515
C_MOVECOUNT:0.4892403575327782
C_PAWNMOVEMENT:0.521382475953272
