ELO:1060
CE_PASSEDPAWNS:0.5
CE_PAWNWEAKNESSES:0.4936444770060767
CE_PIECEACTIVITY:0.5
CE_KINGPAWNSHIELD:0.503739778800363
CE_PIECECOORDINATION:0.5010230791338104
CE_MATERIAL:0.4956431946165759
CE_KINGSAFETY:0.49688367205556033
C_PIECESQUARETABLES:0.5038455058365026
C_MOBILITY:0.4817993069161407
C_KINGSAFETY:0.48829655137868155
C_PAWNSTRUCTURE:0.5094911222673606
C_PIECECOORDINATION:0.5
C_ROOKANDPAWNMOVEMENT:0.5
C_CENTERCONTROL:0.5
C_DEVELOPPIECES:0.5
C_MATERIAL:0.4959178343321633
C_MOVECOUNT:0.4916040580363696
