ELO:714
CE_PASSEDPAWNS:0.539389770440317
CE_PAWNWEAKNESSES:0.5031953687979894
CE_PIECEACTIVITY:0.4731985783081584
CE_KINGPAWNSHIELD:0.5313342730248545
CE_PIECECOORDINATION:0.49122160884539995
CE_MATERIAL:0.40803832674394885
CE_KINGSAFETY:0.5326610898847212
C_PIECESQUARETABLES:0.5035438217417186
C_MOBILITY:0.4166690088497857
C_KINGSAFETY:0.4247832196072827
C_PAWNSTRUCTURE:0.5578941383255951
C_PIECECOORDINATION:0.4726374849921655
C_ROOKANDPAWNMOVEMENT:0.4726374849921655
C_CENTERCONTROL:0.5131142617065944
C_DEVELOPPIECES:0.47599576662389026
C_MATERIAL:0.5077761508297552
C_MOVECOUNT:0.5
