ELO:1000
CE_PASSEDPAWNS:0.5047279085248622
CE_PAWNWEAKNESSES:0.5725176797892458
CE_PIECEACTIVITY:0.5756719048313381
CE_KINGPAWNSHIELD:0.5777167830173867
CE_PIECECOORDINATION:0.5255961898449562
CE_MATERIAL:0.51481629940366
CE_KINGSAFETY:0.5003481983772263
C_PIECESQUARETABLES:0.4741206514180409
C_MOBILITY:0.5108409218377479
C_KINGSAFETY:0.4850092776808082
C_PAWNSTRUCTURE:0.49436377767078626
C_PIECECOORDINATION:0.38097623227734667
C_ROOKANDPAWNMOVEMENT:0.38097623227734667
C_CENTERCONTROL:0.5178818175472123
C_DEVELOPPIECES:0.45295102482273664
C_MATERIAL:0.5148052916624418
