ELO:971
CE_PASSEDPAWNS:0.5085065466730524
CE_PAWNWEAKNESSES:0.4888872003055063
CE_PIECEACTIVITY:0.5032312219212844
CE_KINGPAWNSHIELD:0.5092351743885175
CE_PIECECOORDINATION:0.5082726346317411
CE_MATERIAL:0.5055098402900766
CE_KINGSAFETY:0.5067651974869155
C_PIECESQUARETABLES:0.5026942736158155
C_MOBILITY:0.49746464767964654
C_KINGSAFETY:0.5120136665615264
C_PAWNSTRUCTURE:0.49329677316005766
C_PIECECOORDINATION:0.4888271609139421
C_ROOK:0.5
CE_ROOK:0.5
C_CENTERCONTROL:0.5
C_DEVELOPPIECES:0.5094219580805535
C_MATERIAL:0.5018523395815998
C_MOVECOUNT:0.48905921258265905
C_PAWNMOVEMENT:0.5
