ELO:1011
CE_PASSEDPAWNS:0.5165401952833226
CE_PAWNWEAKNESSES:0.48586349155810005
CE_PIECEACTIVITY:0.5207299092689729
CE_KINGPAWNSHIELD:0.5287831373206993
CE_PIECECOORDINATION:0.5159505491453478
CE_MATERIAL:0.4651754901368229
CE_KINGSAFETY:0.5
C_PIECESQUARETABLES:0.5
C_MOBILITY:0.5162049255942576
C_KINGSAFETY:0.5010396651413015
C_PAWNSTRUCTURE:0.5264866366915569
C_PIECECOORDINATION:0.49150779710291265
C_ROOK:0.5009662701519307
CE_ROOK:0.4799624339134603
C_CENTERCONTROL:0.45726101526614454
C_DEVELOPPIECES:0.4791895529237131
C_MATERIAL:0.49949745051944733
C_MOVECOUNT:0.5012790181746447
C_PAWNMOVEMENT:0.4972165362442918
