ELO:1016
CE_PASSEDPAWNS:0.5375239984674971
CE_PAWNWEAKNESSES:0.4395668016530338
CE_PIECEACTIVITY:0.5498511731074953
CE_KINGPAWNSHIELD:0.45987782472334
CE_PIECECOORDINATION:0.4985918126763866
CE_MATERIAL:0.5037878637663256
CE_KINGSAFETY:0.4371360569154437
C_PIECESQUARETABLES:0.5145117379047506
C_MOBILITY:0.4473754734550105
C_KINGSAFETY:0.4789156447744432
C_PAWNSTRUCTURE:0.5006296362006643
C_PIECECOORDINATION:0.5702453483430499
C_ROOKANDPAWNMOVEMENT:0.5702453483430499
C_CENTERCONTROL:0.4371595754896033
C_DEVELOPPIECES:0.5050912762798505
C_MATERIAL:0.4146953782392783
