ELO:888
CE_PASSEDPAWNS:0.6014650784018867
CE_PAWNWEAKNESSES:0.39005592718709164
CE_PIECEACTIVITY:0.5845363100815176
CE_KINGPAWNSHIELD:0.3823686036235426
CE_PIECECOORDINATION:0.6420207620014384
CE_MATERIAL:0.6256553977929796
CE_KINGSAFETY:0.5257736224700826
C_PIECESQUARETABLES:0.49353099896309793
C_MOBILITY:0.4674570692032813
C_KINGSAFETY:0.43458623150577597
C_PAWNSTRUCTURE:0.6199860298222422
C_PIECECOORDINATION:0.4622611499101972
C_ROOKANDPAWNMOVEMENT:0.4622611499101972
C_CENTERCONTROL:0.39189495243141087
C_DEVELOPPIECES:0.4476535471846149
C_MATERIAL:0.3918541576369735
