ELO:938
CE_PASSEDPAWNS:0.48248089370229
CE_PAWNWEAKNESSES:0.45843705782167044
CE_PIECEACTIVITY:0.49202426609004174
CE_KINGPAWNSHIELD:0.6002986488603681
CE_PIECECOORDINATION:0.4875266628249916
CE_MATERIAL:0.4795224447739086
CE_KINGSAFETY:0.5241289195490921
C_PIECESQUARETABLES:0.5331817015069636
C_MOBILITY:0.4953843601602064
C_KINGSAFETY:0.5020106647440062
C_PAWNSTRUCTURE:0.47650015845444077
C_PIECECOORDINATION:0.4941779849555414
C_ROOKANDPAWNMOVEMENT:0.4941779849555414
C_CENTERCONTROL:0.43563406389753195
C_DEVELOPPIECES:0.3454948298578612
C_MATERIAL:0.5316021556556081
