ELO:999
CE_PASSEDPAWNS:0.4831865808875627
CE_PAWNWEAKNESSES:0.5086732238607674
CE_PIECEACTIVITY:0.506213592456273
CE_KINGPAWNSHIELD:0.5121446302366321
CE_PIECECOORDINATION:0.5309374804812022
CE_MATERIAL:0.4651754901368229
CE_KINGSAFETY:0.49715255577702566
C_PIECESQUARETABLES:0.5158817901353342
C_MOBILITY:0.4921389266148337
C_KINGSAFETY:0.49440745002008646
C_PAWNSTRUCTURE:0.5131616961828588
C_PIECECOORDINATION:0.47321133777068014
C_ROOK:0.5051041733008492
CE_ROOK:0.5133696208021866
C_CENTERCONTROL:0.48748816855455884
C_DEVELOPPIECES:0.5007667440019551
C_MATERIAL:0.4791180221920179
C_MOVECOUNT:0.48211362985477973
C_PAWNMOVEMENT:0.4972165362442918
