ELO:1009
CE_PASSEDPAWNS:0.4780246459236774
CE_PAWNWEAKNESSES:0.5101304147258322
CE_PIECEACTIVITY:0.4977159048461838
CE_KINGPAWNSHIELD:0.541125425319214
CE_PIECECOORDINATION:0.5
CE_MATERIAL:0.49772630847706006
CE_KINGSAFETY:0.5
C_PIECESQUARETABLES:0.5
C_MOBILITY:0.5171961861105956
C_KINGSAFETY:0.45404139381650016
C_PAWNSTRUCTURE:0.4888749454108597
C_PIECECOORDINATION:0.5400649505094918
C_ROOK:0.47018773140057396
CE_ROOK:0.5184709806234532
C_CENTERCONTROL:0.5105169174189829
C_DEVELOPPIECES:0.5255994280324449
C_MATERIAL:0.482047255442402
C_MOVECOUNT:0.4691021676539432
C_PAWNMOVEMENT:0.47449648882613543
