ELO:1020
CE_PASSEDPAWNS:0.4963238609508561
CE_PAWNWEAKNESSES:0.511696727387279
CE_PIECEACTIVITY:0.4856238290748543
CE_KINGPAWNSHIELD:0.5
CE_PIECECOORDINATION:0.4939224972474144
CE_MATERIAL:0.5
CE_KINGSAFETY:0.5
C_PIECESQUARETABLES:0.5
C_MOBILITY:0.50558725043813
C_KINGSAFETY:0.5
C_PAWNSTRUCTURE:0.5
C_PIECECOORDINATION:0.5
C_ROOKANDPAWNMOVEMENT:0.5
C_CENTERCONTROL:0.4962340349609286
C_DEVELOPPIECES:0.5057049985367105
C_MATERIAL:0.49999580745566313
C_MOVECOUNT:0.5089928252552371
