ELO:953
CE_PASSEDPAWNS:0.5914839980116654
CE_PAWNWEAKNESSES:0.49102232998073314
CE_PIECEACTIVITY:0.48942607313316916
CE_KINGPAWNSHIELD:0.4713399738380126
CE_PIECECOORDINATION:0.48621629328300775
CE_MATERIAL:0.5719770843957169
CE_KINGSAFETY:0.5044572108200411
C_PIECESQUARETABLES:0.4884752477420804
C_MOBILITY:0.5520592085083469
C_KINGSAFETY:0.43692337990513497
C_PAWNSTRUCTURE:0.42800652847497916
C_PIECECOORDINATION:0.47826465883620484
C_ROOKANDPAWNMOVEMENT:0.47826465883620484
C_CENTERCONTROL:0.5812455777941277
C_DEVELOPPIECES:0.5863339724590314
C_MATERIAL:0.5569685151717927
