ELO:928
CE_PASSEDPAWNS:0.5076537619228948
CE_PAWNWEAKNESSES:0.49181488076892677
CE_PIECEACTIVITY:0.5075100561972533
CE_KINGPAWNSHIELD:0.5315135980045239
CE_PIECECOORDINATION:0.533651716917349
CE_MATERIAL:0.501910427327298
CE_KINGSAFETY:0.5070542603505106
C_PIECESQUARETABLES:0.533347737293452
C_MOBILITY:0.44901976352856926
C_KINGSAFETY:0.4849569844429173
C_PAWNSTRUCTURE:0.554181949265658
C_PIECECOORDINATION:0.5317376727280835
C_ROOKANDPAWNMOVEMENT:0.5317376727280835
C_CENTERCONTROL:0.4839950271644776
C_DEVELOPPIECES:0.4994842903161198
C_MATERIAL:0.49712294480867625
C_MOVECOUNT:0.5
