ELO:994
CE_PASSEDPAWNS:0.5103732673306413
CE_PAWNWEAKNESSES:0.5062148070513521
CE_PIECEACTIVITY:0.5012210520023992
CE_KINGPAWNSHIELD:0.48920812576561806
CE_PIECECOORDINATION:0.47628966069134077
CE_MATERIAL:0.48786067287465257
CE_KINGSAFETY:0.5044317351101679
C_PIECESQUARETABLES:0.5
C_MOBILITY:0.5039358767085127
C_KINGSAFETY:0.49006913785506184
C_PAWNSTRUCTURE:0.5056963668090845
C_PIECECOORDINATION:0.5045243275686544
C_ROOK:0.5246952576187079
CE_ROOK:0.5054023041133433
C_CENTERCONTROL:0.5481572672066495
C_DEVELOPPIECES:0.4634100428116912
C_MATERIAL:0.5177364255238226
C_MOVECOUNT:0.5379381421066286
C_PAWNMOVEMENT:0.5719374247490445
