ELO:1000
CE_PASSEDPAWNS:0.5394192864210032
CE_PAWNWEAKNESSES:0.4993081246317909
CE_PIECEACTIVITY:0.5078482296957295
CE_KINGPAWNSHIELD:0.4311331104756914
CE_PIECECOORDINATION:0.5351934794058563
CE_MATERIAL:0.495326821918118
CE_KINGSAFETY:0.5054213392244008
C_PIECESQUARETABLES:0.45860748453666883
C_MOBILITY:0.4961508866297858
C_KINGSAFETY:0.43058045740183754
C_PAWNSTRUCTURE:0.5014061767305996
C_PIECECOORDINATION:0.5016792092663311
C_ROOKANDPAWNMOVEMENT:0.5016792092663311
C_CENTERCONTROL:0.5267711572540957
C_DEVELOPPIECES:0.513230631438428
C_MATERIAL:0.5350723280531194
