ELO:1013
CE_PASSEDPAWNS:0.5631276367680736
CE_PAWNWEAKNESSES:0.4254789605120306
CE_PIECEACTIVITY:0.5664586716305923
CE_KINGPAWNSHIELD:0.4476902153981423
CE_PIECECOORDINATION:0.5087032275333022
CE_MATERIAL:0.5023198398753456
CE_KINGSAFETY:0.42891722223251
C_PIECESQUARETABLES:0.5164403415932376
C_MOBILITY:0.4357354481312584
C_KINGSAFETY:0.48329597060611623
C_PAWNSTRUCTURE:0.4921574271505968
C_PIECECOORDINATION:0.5823232231481248
C_ROOKANDPAWNMOVEMENT:0.5823232231481248
C_CENTERCONTROL:0.42442424115928823
C_DEVELOPPIECES:0.49521843197677573
C_MATERIAL:0.419560502566377
