ELO:923
CE_PASSEDPAWNS:0.47914081024964345
CE_PAWNWEAKNESSES:0.49644245130961867
CE_PIECEACTIVITY:0.4861917622302199
CE_KINGPAWNSHIELD:0.4804330759257984
CE_PIECECOORDINATION:0.4699873677843578
CE_MATERIAL:0.50859015654203
CE_KINGSAFETY:0.5094755144884364
C_PIECESQUARETABLES:0.5026532707168098
C_MOBILITY:0.5173651351997312
C_KINGSAFETY:0.5002936789005308
C_PAWNSTRUCTURE:0.47728494635802227
C_PIECECOORDINATION:0.48701332058833835
C_ROOKANDPAWNMOVEMENT:0.48701332058833835
C_CENTERCONTROL:0.45701195786169413
C_DEVELOPPIECES:0.47009497496266406
C_MATERIAL:0.5231615905464945
C_MOVECOUNT:0.5
