ELO:1000
CE_PASSEDPAWNS:0.560159192600635
CE_PAWNWEAKNESSES:0.5032258710266817
CE_PIECEACTIVITY:0.5128243237405885
CE_KINGPAWNSHIELD:0.4380789514615343
CE_PIECECOORDINATION:0.5475511618293789
CE_MATERIAL:0.5041900089730386
CE_KINGSAFETY:0.525592728279655
C_PIECESQUARETABLES:0.4647765191027776
C_MOBILITY:0.47185840371965093
C_KINGSAFETY:0.46471653464599816
C_PAWNSTRUCTURE:0.5090829027902664
C_PIECECOORDINATION:0.49088034877882347
C_ROOKANDPAWNMOVEMENT:0.49088034877882347
C_CENTERCONTROL:0.5370182339610501
C_DEVELOPPIECES:0.5350525078315392
C_MATERIAL:0.5393754010649721
