ELO:889
CE_PASSEDPAWNS:0.5824390160154767
CE_PAWNWEAKNESSES:0.4426729427990696
CE_PIECEACTIVITY:0.5626272068525081
CE_KINGPAWNSHIELD:0.3525211514359601
CE_PIECECOORDINATION:0.6278713127129602
CE_MATERIAL:0.5853638323296438
CE_KINGSAFETY:0.4281378476926294
C_PIECESQUARETABLES:0.4585128132498799
C_MOBILITY:0.45774480981324794
C_KINGSAFETY:0.4408429450480651
C_PAWNSTRUCTURE:0.49653578887839744
C_PIECECOORDINATION:0.4594681383614071
C_ROOKANDPAWNMOVEMENT:0.4594681383614071
C_CENTERCONTROL:0.42366405872334373
C_DEVELOPPIECES:0.4361354481047243
C_MATERIAL:0.40846916053421595
