ELO:989
CE_PASSEDPAWNS:0.45108621455394077
CE_PAWNWEAKNESSES:0.5144936993032111
CE_PIECEACTIVITY:0.46038586975633844
CE_KINGPAWNSHIELD:0.4474031231062135
CE_PIECECOORDINATION:0.49287917135522813
CE_MATERIAL:0.5650141196412916
CE_KINGSAFETY:0.4752596927852041
C_PIECESQUARETABLES:0.5656506553411237
C_MOBILITY:0.49438570195629006
C_KINGSAFETY:0.5497121982836419
C_PAWNSTRUCTURE:0.44849897734001826
C_PIECECOORDINATION:0.5096963256889802
C_ROOKANDPAWNMOVEMENT:0.5096963256889802
C_CENTERCONTROL:0.5085814104703403
C_DEVELOPPIECES:0.4751622400968153
C_MATERIAL:0.5031673225127017
