ELO:1000
CE_PASSEDPAWNS:0.5357182411383028
CE_PAWNWEAKNESSES:0.4997764446073977
CE_PIECEACTIVITY:0.5179913285724377
CE_KINGPAWNSHIELD:0.44473305844306943
CE_PIECECOORDINATION:0.5286736921495125
CE_MATERIAL:0.495326821918118
CE_KINGSAFETY:0.4995038284357378
C_PIECESQUARETABLES:0.4482766809203062
C_MOBILITY:0.49630216252934684
C_KINGSAFETY:0.43043874851681063
C_PAWNSTRUCTURE:0.4865360937798944
C_PIECECOORDINATION:0.49162738358427405
C_ROOKANDPAWNMOVEMENT:0.49162738358427405
C_CENTERCONTROL:0.5267711572540957
C_DEVELOPPIECES:0.5095358182850335
C_MATERIAL:0.5138553837476572
