ELO:1009
CE_PASSEDPAWNS:0.5093576111269639
CE_PAWNWEAKNESSES:0.5
CE_PIECEACTIVITY:0.5
CE_KINGPAWNSHIELD:0.5008398854399625
CE_PIECECOORDINATION:0.49100985944055475
CE_MATERIAL:0.4993080573420089
CE_KINGSAFETY:0.5
C_PIECESQUARETABLES:0.5
C_MOBILITY:0.48604483414379346
C_KINGSAFETY:0.504952929805388
C_PAWNSTRUCTURE:0.5
C_PIECECOORDINATION:0.5166907301161321
C_ROOKANDPAWNMOVEMENT:0.5166907301161321
C_CENTERCONTROL:0.5013602752685743
C_DEVELOPPIECES:0.5070194338086725
C_MATERIAL:0.49059587590679216
C_MOVECOUNT:0.48019472203601943
