ELO:994
CE_PASSEDPAWNS:0.4804240922566308
CE_PAWNWEAKNESSES:0.5164753791804529
CE_PIECEACTIVITY:0.5
CE_KINGPAWNSHIELD:0.4769414116665576
CE_PIECECOORDINATION:0.4818804435125756
CE_MATERIAL:0.5199924482568558
CE_KINGSAFETY:0.5
C_PIECESQUARETABLES:0.5
C_MOBILITY:0.5164581125171444
C_KINGSAFETY:0.46564987051527335
C_PAWNSTRUCTURE:0.48800775738046337
C_PIECECOORDINATION:0.5131484016416082
C_ROOK:0.47342411414949226
CE_ROOK:0.4946626148878957
C_CENTERCONTROL:0.5356153810659864
C_DEVELOPPIECES:0.4758786389195161
C_MATERIAL:0.5028110968219632
C_MOVECOUNT:0.5145503778405676
C_PAWNMOVEMENT:0.4894221456424731
