ELO:876
CE_PASSEDPAWNS:0.6028626196747215
CE_PAWNWEAKNESSES:0.3960132836052203
CE_PIECEACTIVITY:0.5796656173348831
CE_KINGPAWNSHIELD:0.39382655676353134
CE_PIECECOORDINATION:0.6472060408291441
CE_MATERIAL:0.6148819572710273
CE_KINGSAFETY:0.4980622293364734
C_PIECESQUARETABLES:0.496151905460037
C_MOBILITY:0.4709517858506597
C_KINGSAFETY:0.43496713235458856
C_PAWNSTRUCTURE:0.6011108399863695
C_PIECECOORDINATION:0.4466397524103799
C_ROOKANDPAWNMOVEMENT:0.4466397524103799
C_CENTERCONTROL:0.39815649272459147
C_DEVELOPPIECES:0.4450451171758399
C_MATERIAL:0.39771173089615514
