ELO:1023
CE_PASSEDPAWNS:0.49986630070883925
CE_PAWNWEAKNESSES:0.49983711524572116
CE_PIECEACTIVITY:0.5043752908235416
CE_KINGPAWNSHIELD:0.5017584704988018
CE_PIECECOORDINATION:0.49100985944055475
CE_MATERIAL:0.49727735722175853
CE_KINGSAFETY:0.5
C_PIECESQUARETABLES:0.5
C_MOBILITY:0.49212784292846895
C_KINGSAFETY:0.49752836746642
C_PAWNSTRUCTURE:0.5199446896879727
C_PIECECOORDINATION:0.48703714573738904
C_ROOKANDPAWNMOVEMENT:0.48703714573738904
C_CENTERCONTROL:0.4821332010707318
C_DEVELOPPIECES:0.5052244627952568
C_MATERIAL:0.5
C_MOVECOUNT:0.48019472203601943
