ELO:1000
CE_PASSEDPAWNS:0.5134502577216196
CE_PAWNWEAKNESSES:0.5213866498420683
CE_PIECEACTIVITY:0.5152052991774578
CE_KINGPAWNSHIELD:0.5124656659892043
CE_PIECECOORDINATION:0.5332754566885659
CE_MATERIAL:0.5120722247921572
CE_KINGSAFETY:0.4919198577965505
C_PIECESQUARETABLES:0.4526345178298052
C_MOBILITY:0.4979602924463683
C_KINGSAFETY:0.5118027953823534
C_PAWNSTRUCTURE:0.4629784163695182
C_PIECECOORDINATION:0.4684942934259536
C_ROOKANDPAWNMOVEMENT:0.4684942934259536
C_CENTERCONTROL:0.5156778772575626
C_DEVELOPPIECES:0.4803776664458954
C_MATERIAL:0.5256640011103141
