ELO:1000
CE_PASSEDPAWNS:0.48499258603067597
CE_PAWNWEAKNESSES:0.5124341074011678
CE_PIECEACTIVITY:0.500906296044389
CE_KINGPAWNSHIELD:0.5
CE_PIECECOORDINATION:0.5
CE_MATERIAL:0.5051030404533519
CE_KINGSAFETY:0.5018307189815279
C_PIECESQUARETABLES:0.500120024295394
C_MOBILITY:0.518247791578328
C_KINGSAFETY:0.5061353058345247
C_PAWNSTRUCTURE:0.5
C_PIECECOORDINATION:0.49367995856936353
C_ROOK:0.5028910772560568
CE_ROOK:0.5058714845743214
C_CENTERCONTROL:0.5
C_DEVELOPPIECES:0.5045745653157084
C_MATERIAL:0.4844640502989325
C_MOVECOUNT:0.5011131414853683
C_PAWNMOVEMENT:0.5
