ELO:923
CE_PASSEDPAWNS:0.4987768403102298
CE_PAWNWEAKNESSES:0.5122215977220809
CE_PIECEACTIVITY:0.4669644919419341
CE_KINGPAWNSHIELD:0.5023376847355966
CE_PIECECOORDINATION:0.43928876813907447
CE_MATERIAL:0.6026925514974923
CE_KINGSAFETY:0.5112892722567696
C_PIECESQUARETABLES:0.4787600721288483
C_MOBILITY:0.5882790475117358
C_KINGSAFETY:0.5174357287630008
C_PAWNSTRUCTURE:0.46493845857783694
C_PIECECOORDINATION:0.5339187984082542
C_ROOKANDPAWNMOVEMENT:0.5339187984082542
C_CENTERCONTROL:0.5516579838445007
C_DEVELOPPIECES:0.45885352803717194
C_MATERIAL:0.541797301782918
