ELO:736
CE_PASSEDPAWNS:0.5313128999353813
CE_PAWNWEAKNESSES:0.4905678021033954
CE_PIECEACTIVITY:0.46824011000685783
CE_KINGPAWNSHIELD:0.5305144884868811
CE_PIECECOORDINATION:0.4936379768323437
CE_MATERIAL:0.4187578523453493
CE_KINGSAFETY:0.5304047932016237
C_PIECESQUARETABLES:0.5146756712979451
C_MOBILITY:0.44425506055698416
C_KINGSAFETY:0.4180201436489304
C_PAWNSTRUCTURE:0.5478077941364838
C_PIECECOORDINATION:0.48296689471783383
C_ROOKANDPAWNMOVEMENT:0.48296689471783383
C_CENTERCONTROL:0.4801410486726193
C_DEVELOPPIECES:0.47181501624411537
C_MATERIAL:0.4785446541960202
C_MOVECOUNT:0.5
