ELO:888
CE_PASSEDPAWNS:0.5011928043111813
CE_PAWNWEAKNESSES:0.5643367985537838
CE_PIECEACTIVITY:0.49827760062379584
CE_KINGPAWNSHIELD:0.5242392007433356
CE_PIECECOORDINATION:0.593098967660264
CE_MATERIAL:0.5031483319395877
CE_KINGSAFETY:0.5609822231195752
C_PIECESQUARETABLES:0.5419444691730898
C_MOBILITY:0.4910719800393004
C_KINGSAFETY:0.503205561043609
C_PAWNSTRUCTURE:0.4165328173522541
C_PIECECOORDINATION:0.5641858139043822
C_ROOKANDPAWNMOVEMENT:0.5641858139043822
C_CENTERCONTROL:0.45657579303247675
C_DEVELOPPIECES:0.4123236818738784
C_MATERIAL:0.5006631108352994
