ELO:941
CE_PASSEDPAWNS:0.5046099669226171
CE_PAWNWEAKNESSES:0.4974134042155603
CE_PIECEACTIVITY:0.46717890542624896
CE_KINGPAWNSHIELD:0.4982614835476464
CE_PIECECOORDINATION:0.49027604035823674
CE_MATERIAL:0.4791181440277595
CE_KINGSAFETY:0.5024911057899697
C_PIECESQUARETABLES:0.511391166330454
C_MOBILITY:0.490291178391743
C_KINGSAFETY:0.49609835810343145
C_PAWNSTRUCTURE:0.5183697698868011
C_PIECECOORDINATION:0.4932966807607898
C_ROOK:0.5047765362022779
CE_ROOK:0.5185241408485936
C_CENTERCONTROL:0.4863322742107008
C_DEVELOPPIECES:0.4615313959065018
C_MATERIAL:0.5104066936323013
C_MOVECOUNT:0.5128493680171782
C_PAWNMOVEMENT:0.5039695991715789
