ELO:948
CE_PASSEDPAWNS:0.5117231664360281
CE_PAWNWEAKNESSES:0.510157848203264
CE_PIECEACTIVITY:0.4929150724769335
CE_KINGPAWNSHIELD:0.4736482923994789
CE_PIECECOORDINATION:0.5103333501840379
CE_MATERIAL:0.47185608340709034
CE_KINGSAFETY:0.5
C_PIECESQUARETABLES:0.5
C_MOBILITY:0.4702451877650684
C_KINGSAFETY:0.5072674868002459
C_PAWNSTRUCTURE:0.5199709927670042
C_PIECECOORDINATION:0.4786568355289951
C_ROOK:0.5072765196470721
CE_ROOK:0.51105214630968
C_CENTERCONTROL:0.4748222728903888
C_DEVELOPPIECES:0.45231987432764836
C_MATERIAL:0.5052532834031792
C_MOVECOUNT:0.5114166112545335
C_PAWNMOVEMENT:0.5062759410882683
