ELO:1000
CE_PASSEDPAWNS:0.5129100384206382
CE_PAWNWEAKNESSES:0.49514386427429924
CE_PIECEACTIVITY:0.5039220489685947
CE_KINGPAWNSHIELD:0.4683321684961137
CE_PIECECOORDINATION:0.49255008491309527
CE_MATERIAL:0.5152609756217776
CE_KINGSAFETY:0.474543393349813
C_PIECESQUARETABLES:0.5013953884957517
C_MOBILITY:0.5034142021628469
C_KINGSAFETY:0.4844472036186151
C_PAWNSTRUCTURE:0.5027531028774946
C_PIECECOORDINATION:0.4877317776388103
C_ROOKANDPAWNMOVEMENT:0.4877317776388103
C_CENTERCONTROL:0.5078127885217725
C_DEVELOPPIECES:0.5103019310344317
C_MATERIAL:0.4958191553815223
