ELO:990
CE_PASSEDPAWNS:0.39792981371987557
CE_PAWNWEAKNESSES:0.4449176979510626
CE_PIECEACTIVITY:0.5089720751091595
CE_KINGPAWNSHIELD:0.500588528811629
CE_PIECECOORDINATION:0.6092782055877115
CE_MATERIAL:0.4648599263749156
CE_KINGSAFETY:0.48674146467467777
C_PIECESQUARETABLES:0.5
C_MOBILITY:0.5968177364902457
C_KINGSAFETY:0.5780951564375444
C_PAWNSTRUCTURE:0.62436365227218
C_PIECECOORDINATION:0.6135308168497035
C_ROOKANDPAWNMOVEMENT:0.6135308168497035
C_CENTERCONTROL:0.3791738811592719
C_DEVELOPPIECES:0.5479716751602937
C_MATERIAL:0.5946026789128448
