ELO:1167
CE_PASSEDPAWNS:0.4959867848425562
CE_PAWNWEAKNESSES:0.436106372196819
CE_PIECEACTIVITY:0.49801539204177525
CE_KINGPAWNSHIELD:0.5
CE_PIECECOORDINATION:0.50779366971585
CE_MATERIAL:0.5704177698227011
CE_KINGSAFETY:0.5
C_PIECESQUARETABLES:0.526210094650427
C_MOBILITY:0.5141906535571928
C_KINGSAFETY:0.5212630770538783
C_PAWNSTRUCTURE:0.5157973747084403
C_PIECECOORDINATION:0.5
C_ROOKANDPAWNMOVEMENT:0.5
C_CENTERCONTROL:0.5561952750621797
C_DEVELOPPIECES:0.5167504656915132
C_MATERIAL:0.49591492222588346
C_MOVECOUNT:0.5
