ELO:990
CE_PASSEDPAWNS:0.505385902760563
CE_PAWNWEAKNESSES:0.4895431446907011
CE_PIECEACTIVITY:0.5085553815473222
CE_KINGPAWNSHIELD:0.5204523919221553
CE_PIECECOORDINATION:0.5054889603363806
CE_MATERIAL:0.4974924632571503
CE_KINGSAFETY:0.5091761416681639
C_PIECESQUARETABLES:0.511776216249451
C_MOBILITY:0.4845541405690243
C_KINGSAFETY:0.5141408135149206
C_PAWNSTRUCTURE:0.49940168182672784
C_PIECECOORDINATION:0.5201726653099978
C_ROOKANDPAWNMOVEMENT:0.5201726653099978
C_CENTERCONTROL:0.5
C_DEVELOPPIECES:0.48104735049506964
C_MATERIAL:0.49159373688717306
C_MOVECOUNT:0.5
