ELO:1010
CE_PASSEDPAWNS:0.5
CE_PAWNWEAKNESSES:0.49772744727678925
CE_PIECEACTIVITY:0.5024961198036405
CE_KINGPAWNSHIELD:0.5
CE_PIECECOORDINATION:0.5072587589900337
CE_MATERIAL:0.4923531085566467
CE_KINGSAFETY:0.49066758027318463
C_PIECESQUARETABLES:0.5
C_MOBILITY:0.4896643454832021
C_KINGSAFETY:0.5
C_PAWNSTRUCTURE:0.5
C_PIECECOORDINATION:0.5
C_ROOK:0.5
CE_ROOK:0.5048984185160867
C_CENTERCONTROL:0.5069521554527497
C_DEVELOPPIECES:0.5
C_MATERIAL:0.49006756258385265
C_MOVECOUNT:0.5089380755409759
C_PAWNMOVEMENT:0.509707762810648
