ELO:986
CE_PASSEDPAWNS:0.5042798293356288
CE_PAWNWEAKNESSES:0.509299571566015
CE_PIECEACTIVITY:0.48940889305992213
CE_KINGPAWNSHIELD:0.506875129383458
CE_PIECECOORDINATION:0.49385567822275356
CE_MATERIAL:0.48457097536326194
CE_KINGSAFETY:0.48820187625737427
C_PIECESQUARETABLES:0.49430163363779006
C_MOBILITY:0.5143690034919043
C_KINGSAFETY:0.492419506282067
C_PAWNSTRUCTURE:0.4954344611245458
C_PIECECOORDINATION:0.4828483071697348
C_ROOK:0.5058419020450167
CE_ROOK:0.5138743068709967
C_CENTERCONTROL:0.48738911374136534
C_DEVELOPPIECES:0.491191583093433
C_MATERIAL:0.5136274984155454
C_MOVECOUNT:0.5009676089572896
C_PAWNMOVEMENT:0.49988178595152155
