ELO:963
CE_PASSEDPAWNS:0.5142215821542055
CE_PAWNWEAKNESSES:0.5006608286718017
CE_PIECEACTIVITY:0.4847694156222724
CE_KINGPAWNSHIELD:0.4768843943450235
CE_PIECECOORDINATION:0.5012532194565403
CE_MATERIAL:0.47483678389802636
CE_KINGSAFETY:0.5029399813313323
C_PIECESQUARETABLES:0.5071514425222657
C_MOBILITY:0.4842429893610219
C_KINGSAFETY:0.4968506116305904
C_PAWNSTRUCTURE:0.5101100889075513
C_PIECECOORDINATION:0.49307694481780173
C_ROOK:0.504693602767713
CE_ROOK:0.5142399778924938
C_CENTERCONTROL:0.4825653277683682
C_DEVELOPPIECES:0.4617921951314572
C_MATERIAL:0.5249381839511856
C_MOVECOUNT:0.516567611820047
C_PAWNMOVEMENT:0.4968384892347315
