ELO:976
CE_PASSEDPAWNS:0.5107496808239994
CE_PAWNWEAKNESSES:0.51361623713273
CE_PIECEACTIVITY:0.5306162511137085
CE_KINGPAWNSHIELD:0.4795637364030705
CE_PIECECOORDINATION:0.4439680077798122
CE_MATERIAL:0.5158234526683703
CE_KINGSAFETY:0.5100646964455696
C_PIECESQUARETABLES:0.505759733697554
C_MOBILITY:0.49182213107000644
C_KINGSAFETY:0.4645589906762437
C_PAWNSTRUCTURE:0.49339736474148693
C_PIECECOORDINATION:0.46508331676820164
C_ROOKANDPAWNMOVEMENT:0.46508331676820164
C_CENTERCONTROL:0.47848966709202634
C_DEVELOPPIECES:0.4948997784957856
C_MATERIAL:0.44823990954828613
C_MOVECOUNT:0.4732587926158297
