ELO:992
CE_PASSEDPAWNS:0.4766152038145501
CE_PAWNWEAKNESSES:0.519568096821704
CE_PIECEACTIVITY:0.5143409473932111
CE_KINGPAWNSHIELD:0.524488737587304
CE_PIECECOORDINATION:0.497727361239891
CE_MATERIAL:0.48008027020487576
CE_KINGSAFETY:0.500952147665576
C_PIECESQUARETABLES:0.47620248910651475
C_MOBILITY:0.5154337197070853
C_KINGSAFETY:0.5055677957283876
C_PAWNSTRUCTURE:0.4607431243744652
C_PIECECOORDINATION:0.47894773163186055
C_ROOKANDPAWNMOVEMENT:0.47894773163186055
C_CENTERCONTROL:0.4753605305922453
C_DEVELOPPIECES:0.515857363690841
C_MATERIAL:0.42511628370580534
