ELO:1000
CE_PASSEDPAWNS:0.5143260838703918
CE_PAWNWEAKNESSES:0.4759645370925445
CE_PIECEACTIVITY:0.5198032110177384
CE_KINGPAWNSHIELD:0.4649006142301443
CE_PIECECOORDINATION:0.49655884799031674
CE_MATERIAL:0.5189003940403207
CE_KINGSAFETY:0.47623384894634874
C_PIECESQUARETABLES:0.49773058775356366
C_MOBILITY:0.49070218869263377
C_KINGSAFETY:0.4756603241392319
C_PAWNSTRUCTURE:0.5051415667103017
C_PIECECOORDINATION:0.4877317776388103
C_ROOKANDPAWNMOVEMENT:0.4877317776388103
C_CENTERCONTROL:0.5043950107331037
C_DEVELOPPIECES:0.5103019310344317
C_MATERIAL:0.4955439563234484
