ELO:1043
CE_PASSEDPAWNS:0.5046019565154025
CE_PAWNWEAKNESSES:0.49684843635728887
CE_PIECEACTIVITY:0.5036793888160833
CE_KINGPAWNSHIELD:0.5146047794896358
CE_PIECECOORDINATION:0.4895926544162038
CE_MATERIAL:0.5
CE_KINGSAFETY:0.5
C_PIECESQUARETABLES:0.5
C_MOBILITY:0.5039474654245817
C_KINGSAFETY:0.4987180335790769
C_PAWNSTRUCTURE:0.5171520904277253
C_PIECECOORDINATION:0.4929227239720753
C_ROOKANDPAWNMOVEMENT:0.4929227239720753
C_CENTERCONTROL:0.48982864105580365
C_DEVELOPPIECES:0.5
C_MATERIAL:0.5007934809183949
C_MOVECOUNT:0.5
