ELO:1024
CE_PASSEDPAWNS:0.44461421920411204
CE_PAWNWEAKNESSES:0.45568446936779544
CE_PIECEACTIVITY:0.5109955512599037
CE_KINGPAWNSHIELD:0.4478143217750533
CE_PIECECOORDINATION:0.511949502720219
CE_MATERIAL:0.436706860186767
CE_KINGSAFETY:0.4789100130037708
C_PIECESQUARETABLES:0.4708835014931347
C_MOBILITY:0.4511420608951
C_KINGSAFETY:0.6565883224519645
C_PAWNSTRUCTURE:0.4584929080526279
C_PIECECOORDINATION:0.48144189071171223
C_ROOKANDPAWNMOVEMENT:0.48144189071171223
C_CENTERCONTROL:0.47492475633916825
C_DEVELOPPIECES:0.5684958665885492
C_MATERIAL:0.41901359585441694
