ELO:1057
CE_PASSEDPAWNS:0.4851289434910631
CE_PAWNWEAKNESSES:0.458504668987023
CE_PIECEACTIVITY:0.5
CE_KINGPAWNSHIELD:0.500770625437377
CE_PIECECOORDINATION:0.5083841870195765
CE_MATERIAL:0.4822439846405513
CE_KINGSAFETY:0.5
C_PIECESQUARETABLES:0.5
C_MOBILITY:0.5176651855181584
C_KINGSAFETY:0.5
C_PAWNSTRUCTURE:0.5076679485543145
C_PIECECOORDINATION:0.5
C_ROOKANDPAWNMOVEMENT:0.5
C_CENTERCONTROL:0.5011764541295259
C_DEVELOPPIECES:0.5
C_MATERIAL:0.5
C_MOVECOUNT:0.5
