ELO:865
CE_PASSEDPAWNS:0.5081558990695378
CE_PAWNWEAKNESSES:0.5597039374930135
CE_PIECEACTIVITY:0.49069902015521066
CE_KINGPAWNSHIELD:0.5048612698508405
CE_PIECECOORDINATION:0.5751185286130464
CE_MATERIAL:0.5241887766191499
CE_KINGSAFETY:0.5609822231195752
C_PIECESQUARETABLES:0.5396051603683358
C_MOBILITY:0.49813926180863327
C_KINGSAFETY:0.51349691383696
C_PAWNSTRUCTURE:0.44756797183258656
C_PIECECOORDINATION:0.5790346998690316
C_ROOKANDPAWNMOVEMENT:0.5790346998690316
C_CENTERCONTROL:0.43687496659502933
C_DEVELOPPIECES:0.42056633776729463
C_MATERIAL:0.5097308912966251
