ELO:955
CE_PASSEDPAWNS:0.4915964807307382
CE_PAWNWEAKNESSES:0.4974134042155603
CE_PIECEACTIVITY:0.47770715655008306
CE_KINGPAWNSHIELD:0.4910583995852465
CE_PIECECOORDINATION:0.5018992096541901
CE_MATERIAL:0.46578459356714863
CE_KINGSAFETY:0.5167298863035159
C_PIECESQUARETABLES:0.5111233645731448
C_MOBILITY:0.49462303578231637
C_KINGSAFETY:0.495190699550464
C_PAWNSTRUCTURE:0.48979000724534816
C_PIECECOORDINATION:0.4797850548452886
C_ROOK:0.5100461316547937
CE_ROOK:0.513616110627699
C_CENTERCONTROL:0.4959731834480936
C_DEVELOPPIECES:0.4818383478063012
C_MATERIAL:0.5137991358933223
C_MOVECOUNT:0.5128493680171782
C_PAWNMOVEMENT:0.5033122661284564
