ELO:930
CE_PASSEDPAWNS:0.5473338044395736
CE_PAWNWEAKNESSES:0.4567980485702178
CE_PIECEACTIVITY:0.4741224242838221
CE_KINGPAWNSHIELD:0.49280698707555154
CE_PIECECOORDINATION:0.5400863828093769
CE_MATERIAL:0.47933684158981166
CE_KINGSAFETY:0.49954551225910193
C_PIECESQUARETABLES:0.5146884991828901
C_MOBILITY:0.46983550583121403
C_KINGSAFETY:0.49070069797838917
C_PAWNSTRUCTURE:0.39884184320581956
C_PIECECOORDINATION:0.5298238138025617
C_ROOKANDPAWNMOVEMENT:0.5298238138025617
C_CENTERCONTROL:0.5846662855217023
C_DEVELOPPIECES:0.38658349570242156
C_MATERIAL:0.45423294668636804
