ELO:1000
CE_PASSEDPAWNS:0.4801518427153178
CE_PAWNWEAKNESSES:0.47056037157242725
CE_PIECEACTIVITY:0.49055586058329276
CE_KINGPAWNSHIELD:0.43196439621828425
CE_PIECECOORDINATION:0.4787601075789449
CE_MATERIAL:0.5409244198489116
CE_KINGSAFETY:0.46305054692131753
C_PIECESQUARETABLES:0.4726952182936985
C_MOBILITY:0.4801584973581892
C_KINGSAFETY:0.4617600022413407
C_PAWNSTRUCTURE:0.5028725059627893
C_PIECECOORDINATION:0.4749436963225386
C_ROOKANDPAWNMOVEMENT:0.4749436963225386
C_CENTERCONTROL:0.5124003566847419
C_DEVELOPPIECES:0.5193516970286609
C_MATERIAL:0.4839589679098711
