ELO:963
CE_PASSEDPAWNS:0.5499490998689875
CE_PAWNWEAKNESSES:0.4391379765262056
CE_PIECEACTIVITY:0.5238840398820503
CE_KINGPAWNSHIELD:0.505704747255451
CE_PIECECOORDINATION:0.5652755209876169
CE_MATERIAL:0.5020144381666094
CE_KINGSAFETY:0.4984665800874452
C_PIECESQUARETABLES:0.5371719986138562
C_MOBILITY:0.6255686579986924
C_KINGSAFETY:0.4462162620749686
C_PAWNSTRUCTURE:0.47131466490502344
C_PIECECOORDINATION:0.42173761202311455
C_ROOKANDPAWNMOVEMENT:0.42173761202311455
C_CENTERCONTROL:0.540538099504191
C_DEVELOPPIECES:0.5372522698136983
C_MATERIAL:0.40881587081367476
