ELO:896
CE_PASSEDPAWNS:0.4938085339109136
CE_PAWNWEAKNESSES:0.5640965393521247
CE_PIECEACTIVITY:0.5115440883358315
CE_KINGPAWNSHIELD:0.499504392665829
CE_PIECECOORDINATION:0.5726176461206163
CE_MATERIAL:0.5000165619529093
CE_KINGSAFETY:0.5515664652899714
C_PIECESQUARETABLES:0.5077734125782281
C_MOBILITY:0.47520379914797867
C_KINGSAFETY:0.5270277524741542
C_PAWNSTRUCTURE:0.4583252819880797
C_PIECECOORDINATION:0.5676732955387609
C_ROOKANDPAWNMOVEMENT:0.5676732955387609
C_CENTERCONTROL:0.45754844307607717
C_DEVELOPPIECES:0.44434969529632606
C_MATERIAL:0.513608473180017
