ELO:982
CE_PASSEDPAWNS:0.5148142372049007
CE_PAWNWEAKNESSES:0.46204927168915183
CE_PIECEACTIVITY:0.50550020963127
CE_KINGPAWNSHIELD:0.48811234609851556
CE_PIECECOORDINATION:0.504653825809567
CE_MATERIAL:0.45130581627555366
CE_KINGSAFETY:0.5040867766023774
C_PIECESQUARETABLES:0.508593691728611
C_MOBILITY:0.4739916994463772
C_KINGSAFETY:0.4765735184748161
C_PAWNSTRUCTURE:0.3858614105447192
C_PIECECOORDINATION:0.5040967435318932
C_ROOKANDPAWNMOVEMENT:0.5040967435318932
C_CENTERCONTROL:0.6044384685560487
C_DEVELOPPIECES:0.4029181508097628
C_MATERIAL:0.41418939160272744
