ELO:960
CE_PASSEDPAWNS:0.5142215821542055
CE_PAWNWEAKNESSES:0.50272951866861
CE_PIECEACTIVITY:0.4966302783535472
CE_KINGPAWNSHIELD:0.4768843943450235
CE_PIECECOORDINATION:0.5012532194565403
CE_MATERIAL:0.46482196543513465
CE_KINGSAFETY:0.49755502637497423
C_PIECESQUARETABLES:0.5007562258586991
C_MOBILITY:0.4793308955643033
C_KINGSAFETY:0.5072674868002459
C_PAWNSTRUCTURE:0.5101100889075513
C_PIECECOORDINATION:0.49307694481780173
C_ROOK:0.5020999662592311
CE_ROOK:0.5086901201997664
C_CENTERCONTROL:0.49482340851851214
C_DEVELOPPIECES:0.45309577877061213
C_MATERIAL:0.5208311268769181
C_MOVECOUNT:0.516567611820047
C_PAWNMOVEMENT:0.4968384892347315
