ELO:961
CE_PASSEDPAWNS:0.4982947621567163
CE_PAWNWEAKNESSES:0.5272859733448548
CE_PIECEACTIVITY:0.47886241068741936
CE_KINGPAWNSHIELD:0.47761939905478
CE_PIECECOORDINATION:0.5617234373016501
CE_MATERIAL:0.477988809909482
CE_KINGSAFETY:0.5468438903782356
C_PIECESQUARETABLES:0.45596322848369336
C_MOBILITY:0.5747267774805226
C_KINGSAFETY:0.45431146495312874
C_PAWNSTRUCTURE:0.4724584597435437
C_PIECECOORDINATION:0.4124050151855359
C_ROOKANDPAWNMOVEMENT:0.4124050151855359
C_CENTERCONTROL:0.45107128783374145
C_DEVELOPPIECES:0.4913793729408751
C_MATERIAL:0.3940997130885018
