ELO:828
CE_PASSEDPAWNS:0.6952830258518854
CE_PAWNWEAKNESSES:0.5219252663184666
CE_PIECEACTIVITY:0.5136225469792481
CE_KINGPAWNSHIELD:0.5185611673276843
CE_PIECECOORDINATION:0.5126581794696443
CE_MATERIAL:0.5058285792744411
CE_KINGSAFETY:0.543137794057646
C_PIECESQUARETABLES:0.49231195464655914
C_MOBILITY:0.5268133176503692
C_KINGSAFETY:0.4420105288658672
C_PAWNSTRUCTURE:0.47965965345353717
C_PIECECOORDINATION:0.5048559756004758
C_ROOKANDPAWNMOVEMENT:0.5048559756004758
C_CENTERCONTROL:0.4716952973596889
C_DEVELOPPIECES:0.4125893744690207
C_MATERIAL:0.48507361391218473
