ELO:990
CE_PASSEDPAWNS:0.4097482920431962
CE_PAWNWEAKNESSES:0.4449176979510626
CE_PIECEACTIVITY:0.5055534717583172
CE_KINGPAWNSHIELD:0.5026526791826237
CE_PIECECOORDINATION:0.6077484876809883
CE_MATERIAL:0.4167695698347487
CE_KINGSAFETY:0.5
C_PIECESQUARETABLES:0.5032828936933635
C_MOBILITY:0.6008973176197199
C_KINGSAFETY:0.5120704862157465
C_PAWNSTRUCTURE:0.6178988479427887
C_PIECECOORDINATION:0.6135308168497035
C_ROOKANDPAWNMOVEMENT:0.6135308168497035
C_CENTERCONTROL:0.3791738811592719
C_DEVELOPPIECES:0.5464496103221981
C_MATERIAL:0.5866536899795093
