ELO:1006
CE_PASSEDPAWNS:0.5202306894360522
CE_PAWNWEAKNESSES:0.5128875691084944
CE_PIECEACTIVITY:0.49772917260623856
CE_KINGPAWNSHIELD:0.5114402033809624
CE_PIECECOORDINATION:0.5063462875422479
CE_MATERIAL:0.48453816516456133
CE_KINGSAFETY:0.48944839663010714
C_PIECESQUARETABLES:0.4794722881759486
C_MOBILITY:0.49366604882118825
C_KINGSAFETY:0.4895891602264685
C_PAWNSTRUCTURE:0.4897420670365187
C_PIECECOORDINATION:0.4930344657505224
C_ROOKANDPAWNMOVEMENT:0.4930344657505224
C_CENTERCONTROL:0.509612028608836
C_DEVELOPPIECES:0.5159082623289787
C_MATERIAL:0.4944081314981634
