ELO:994
CE_PASSEDPAWNS:0.5130786078515361
CE_PAWNWEAKNESSES:0.5026186039072088
CE_PIECEACTIVITY:0.5062769575320283
CE_KINGPAWNSHIELD:0.4958041989858865
CE_PIECECOORDINATION:0.5230198584427119
CE_MATERIAL:0.4892971751709965
CE_KINGSAFETY:0.5041865709195111
C_PIECESQUARETABLES:0.5242647853442148
C_MOBILITY:0.5035029958831969
C_KINGSAFETY:0.48024599505228194
C_PAWNSTRUCTURE:0.5027740460547083
C_PIECECOORDINATION:0.4990509968940173
C_ROOKANDPAWNMOVEMENT:0.4990509968940173
C_CENTERCONTROL:0.49649587157292613
C_DEVELOPPIECES:0.48062098964178784
C_MATERIAL:0.4897440205875664
C_MOVECOUNT:0.51320611374024
