ELO:993
CE_PASSEDPAWNS:0.5404970305216736
CE_PAWNWEAKNESSES:0.43277553780280714
CE_PIECEACTIVITY:0.5024925125050639
CE_KINGPAWNSHIELD:0.4974774893760468
CE_PIECECOORDINATION:0.5055162179961771
CE_MATERIAL:0.46563252430938346
CE_KINGSAFETY:0.48133195034686427
C_PIECESQUARETABLES:0.49953102700253255
C_MOBILITY:0.44783351469746174
C_KINGSAFETY:0.5018042465449657
C_PAWNSTRUCTURE:0.3763766638753856
C_PIECECOORDINATION:0.5164934403115176
C_ROOKANDPAWNMOVEMENT:0.5164934403115176
C_CENTERCONTROL:0.6041118721715498
C_DEVELOPPIECES:0.38918962924858114
C_MATERIAL:0.4532275015114867
