ELO:911
CE_PASSEDPAWNS:0.5365876018606528
CE_PAWNWEAKNESSES:0.486307393056933
CE_PIECEACTIVITY:0.48753070035430784
CE_KINGPAWNSHIELD:0.46533402391229456
CE_PIECECOORDINATION:0.5000720160282699
CE_MATERIAL:0.4238980796794782
CE_KINGSAFETY:0.5164227530942161
C_PIECESQUARETABLES:0.5266667707073065
C_MOBILITY:0.4637978783905084
C_KINGSAFETY:0.4579856770428312
C_PAWNSTRUCTURE:0.44895118667309153
C_PIECECOORDINATION:0.5620253587461698
C_ROOKANDPAWNMOVEMENT:0.5620253587461698
C_CENTERCONTROL:0.5726351776355518
C_DEVELOPPIECES:0.3419952164000578
C_MATERIAL:0.43130700694508955
