ELO:957
CE_PASSEDPAWNS:0.46151486781473544
CE_PAWNWEAKNESSES:0.5209375617151402
CE_PIECEACTIVITY:0.4924303053098151
CE_KINGPAWNSHIELD:0.4506345606650836
CE_PIECECOORDINATION:0.5277910791525199
CE_MATERIAL:0.5
CE_KINGSAFETY:0.5
C_PIECESQUARETABLES:0.4986429300102692
C_MOBILITY:0.5355837111886499
C_KINGSAFETY:0.5230831173300444
C_PAWNSTRUCTURE:0.4281129261750519
C_PIECECOORDINATION:0.4591337313827407
C_ROOKANDPAWNMOVEMENT:0.4591337313827407
C_CENTERCONTROL:0.44915306091090357
C_DEVELOPPIECES:0.5367155461120003
C_MATERIAL:0.5434285036121121
C_MOVECOUNT:0.5
