ELO:1090
CE_PASSEDPAWNS:0.5026721630264454
CE_PAWNWEAKNESSES:0.5
CE_PIECEACTIVITY:0.491355587244187
CE_KINGPAWNSHIELD:0.5095210757071279
CE_PIECECOORDINATION:0.4948977331811782
CE_MATERIAL:0.4708817634487504
CE_KINGSAFETY:0.508600883991528
C_PIECESQUARETABLES:0.4994718319130074
C_MOBILITY:0.5176651855181584
C_KINGSAFETY:0.4902328696954263
C_PAWNSTRUCTURE:0.5037497649805003
C_PIECECOORDINATION:0.5
C_ROOKANDPAWNMOVEMENT:0.5
C_CENTERCONTROL:0.49219378961367505
C_DEVELOPPIECES:0.47647917712678567
C_MATERIAL:0.5
C_MOVECOUNT:0.5
