ELO:994
CE_PASSEDPAWNS:0.48487273679850085
CE_PAWNWEAKNESSES:0.4858580003639878
CE_PIECEACTIVITY:0.49995363588594977
CE_KINGPAWNSHIELD:0.5169115832150883
CE_PIECECOORDINATION:0.4938832985174903
CE_MATERIAL:0.5091197787205515
CE_KINGSAFETY:0.5
C_PIECESQUARETABLES:0.496077299595104
C_MOBILITY:0.5013904169253905
C_KINGSAFETY:0.4966256685172374
C_PAWNSTRUCTURE:0.5009689816440485
C_PIECECOORDINATION:0.5100243852846243
C_ROOKANDPAWNMOVEMENT:0.5100243852846243
C_CENTERCONTROL:0.5015156446048814
C_DEVELOPPIECES:0.5002283054040666
C_MATERIAL:0.4883239202686213
C_MOVECOUNT:0.5215163650601924
