ELO:782
CE_PASSEDPAWNS:0.40789614047439327
CE_PAWNWEAKNESSES:0.5528664295442463
CE_PIECEACTIVITY:0.48512424683704347
CE_KINGPAWNSHIELD:0.5207497429922288
CE_PIECECOORDINATION:0.46009376854979434
CE_MATERIAL:0.5320067346122945
CE_KINGSAFETY:0.48026216370610475
C_PIECESQUARETABLES:0.49960619469280165
C_MOBILITY:0.4548812882902569
C_KINGSAFETY:0.5550843346623909
C_PAWNSTRUCTURE:0.5065027551273596
C_PIECECOORDINATION:0.34471514812497916
C_ROOKANDPAWNMOVEMENT:0.34471514812497916
C_CENTERCONTROL:0.5718529008824584
C_DEVELOPPIECES:0.542930100852179
C_MATERIAL:0.504817313587138
C_MOVECOUNT:0.4840715901273474
