ELO:981
CE_PASSEDPAWNS:0.5204083101613337
CE_PAWNWEAKNESSES:0.4679750412719497
CE_PIECEACTIVITY:0.5059869923909156
CE_KINGPAWNSHIELD:0.4952751190541607
CE_PIECECOORDINATION:0.5129076818880545
CE_MATERIAL:0.453949018866998
CE_KINGSAFETY:0.48529909116667325
C_PIECESQUARETABLES:0.510894913343484
C_MOBILITY:0.46535673201034206
C_KINGSAFETY:0.49316340285071353
C_PAWNSTRUCTURE:0.4030086202888911
C_PIECECOORDINATION:0.5084081527612675
C_ROOKANDPAWNMOVEMENT:0.5084081527612675
C_CENTERCONTROL:0.6087639495293703
C_DEVELOPPIECES:0.40167957094726575
C_MATERIAL:0.4269092217178729
