ELO:921
CE_PASSEDPAWNS:0.5591678769931622
CE_PAWNWEAKNESSES:0.5103221057672249
CE_PIECEACTIVITY:0.5090617064834162
CE_KINGPAWNSHIELD:0.5595445088292569
CE_PIECECOORDINATION:0.5197748743261208
CE_MATERIAL:0.5300346619336926
CE_KINGSAFETY:0.5186263619809263
C_PIECESQUARETABLES:0.47960933032150965
C_MOBILITY:0.5393178208425579
C_KINGSAFETY:0.42323968803730205
C_PAWNSTRUCTURE:0.44654668298138644
C_PIECECOORDINATION:0.5011612944702958
C_ROOKANDPAWNMOVEMENT:0.5011612944702958
C_CENTERCONTROL:0.4903438225604748
C_DEVELOPPIECES:0.5540702541590333
C_MATERIAL:0.48357524813900166
