ELO:1001
CE_PASSEDPAWNS:0.5075511086872541
CE_PAWNWEAKNESSES:0.4866946930492299
CE_PIECEACTIVITY:0.5099643044653721
CE_KINGPAWNSHIELD:0.48309295513756617
CE_PIECECOORDINATION:0.49507616104235286
CE_MATERIAL:0.5012747374457028
CE_KINGSAFETY:0.5
C_PIECESQUARETABLES:0.4942113839602416
C_MOBILITY:0.5329925776047729
C_KINGSAFETY:0.4907862294206341
C_PAWNSTRUCTURE:0.46263978708940334
C_PIECECOORDINATION:0.5138465805849108
C_ROOK:0.49320612459973234
CE_ROOK:0.48305432430961986
C_CENTERCONTROL:0.5174407195581635
C_DEVELOPPIECES:0.49633172669850434
C_MATERIAL:0.5059816499259535
C_MOVECOUNT:0.47951224724174163
C_PAWNMOVEMENT:0.520562137333395
