ELO:1029
CE_PASSEDPAWNS:0.4859401613552304
CE_PAWNWEAKNESSES:0.5128487088560789
CE_PIECEACTIVITY:0.4792949854638589
CE_KINGPAWNSHIELD:0.4952663971815441
CE_PIECECOORDINATION:0.5127208638421643
CE_MATERIAL:0.48282644193788904
CE_KINGSAFETY:0.49602169136811025
C_PIECESQUARETABLES:0.5
C_MOBILITY:0.5044564496057101
C_KINGSAFETY:0.5278895173448409
C_PAWNSTRUCTURE:0.49684653182945093
C_PIECECOORDINATION:0.534155015582187
C_ROOK:0.5159111284774139
CE_ROOK:0.5211191153185273
C_CENTERCONTROL:0.5174407195581635
C_DEVELOPPIECES:0.4848943518283027
C_MATERIAL:0.5070120265577509
C_MOVECOUNT:0.454750959340167
C_PAWNMOVEMENT:0.5167834503781904
