ELO:1000
CE_PASSEDPAWNS:0.5164902266108701
CE_PAWNWEAKNESSES:0.4679557574024513
CE_PIECEACTIVITY:0.5400837802163364
CE_KINGPAWNSHIELD:0.5470451599266392
CE_PIECECOORDINATION:0.4706038614486759
CE_MATERIAL:0.5264511648382225
CE_KINGSAFETY:0.48475476427767805
C_PIECESQUARETABLES:0.46046204527358275
C_MOBILITY:0.49095564612034964
C_KINGSAFETY:0.4980007876753934
C_PAWNSTRUCTURE:0.4722861144609367
C_PIECECOORDINATION:0.5072171375859674
C_ROOKANDPAWNMOVEMENT:0.5072171375859674
C_CENTERCONTROL:0.5090141860567878
C_DEVELOPPIECES:0.4846748421995844
C_MATERIAL:0.4575251348019392
