ELO:792
CE_PASSEDPAWNS:0.5500657409143429
CE_PAWNWEAKNESSES:0.53522761475017
CE_PIECEACTIVITY:0.5248112693295122
CE_KINGPAWNSHIELD:0.5221279227675717
CE_PIECECOORDINATION:0.5113817315831747
CE_MATERIAL:0.6215018391317257
CE_KINGSAFETY:0.5060333539959699
C_PIECESQUARETABLES:0.5047274602691341
C_MOBILITY:0.5064382388678225
C_KINGSAFETY:0.4783319446550082
C_PAWNSTRUCTURE:0.5508280568966951
C_PIECECOORDINATION:0.6223745443472243
C_ROOKANDPAWNMOVEMENT:0.6223745443472243
C_CENTERCONTROL:0.5684227054025693
C_DEVELOPPIECES:0.35580893671779956
C_MATERIAL:0.39069850098315606
