ELO:1000
CE_PASSEDPAWNS:0.5374962724488048
CE_PAWNWEAKNESSES:0.48957486979698794
CE_PIECEACTIVITY:0.5244805117746897
CE_KINGPAWNSHIELD:0.5445020261543613
CE_PIECECOORDINATION:0.4817567801514594
CE_MATERIAL:0.5020779655495305
CE_KINGSAFETY:0.49639564144148496
C_PIECESQUARETABLES:0.5064405745990195
C_MOBILITY:0.45643783070284877
C_KINGSAFETY:0.491991747982543
C_PAWNSTRUCTURE:0.4865265458630016
C_PIECECOORDINATION:0.503148257263909
C_ROOKANDPAWNMOVEMENT:0.503148257263909
C_CENTERCONTROL:0.5157472544641124
C_DEVELOPPIECES:0.5047448808253611
C_MATERIAL:0.44182655655378017
