ELO:979
CE_PASSEDPAWNS:0.5330158613626561
CE_PAWNWEAKNESSES:0.4903530095740739
CE_PIECEACTIVITY:0.5412178012513136
CE_KINGPAWNSHIELD:0.579622385213015
CE_PIECECOORDINATION:0.45288138460382943
CE_MATERIAL:0.5384397733439997
CE_KINGSAFETY:0.5022417169799364
C_PIECESQUARETABLES:0.5159118582605904
C_MOBILITY:0.547430073050709
C_KINGSAFETY:0.4746534475251512
C_PAWNSTRUCTURE:0.4237399821023094
C_PIECECOORDINATION:0.5167281384890622
C_ROOKANDPAWNMOVEMENT:0.5167281384890622
C_CENTERCONTROL:0.4960074973072356
C_DEVELOPPIECES:0.5027179403064548
C_MATERIAL:0.49336845634718257
