ELO:977
CE_PASSEDPAWNS:0.5182261782834413
CE_PAWNWEAKNESSES:0.48085972162416385
CE_PIECEACTIVITY:0.5158019700626288
CE_KINGPAWNSHIELD:0.48309295513756617
CE_PIECECOORDINATION:0.4932713558605497
CE_MATERIAL:0.5012747374457028
CE_KINGSAFETY:0.5
C_PIECESQUARETABLES:0.5061815062632966
C_MOBILITY:0.5499520923708066
C_KINGSAFETY:0.5010585500642676
C_PAWNSTRUCTURE:0.47070775009684124
C_PIECECOORDINATION:0.512353525476979
C_ROOK:0.48258099430639095
CE_ROOK:0.48767766533620915
C_CENTERCONTROL:0.5280456128069315
C_DEVELOPPIECES:0.5044123905783777
C_MATERIAL:0.5158074436216276
C_MOVECOUNT:0.47821241223590455
C_PAWNMOVEMENT:0.520562137333395
