ELO:1016
CE_PASSEDPAWNS:0.5075511086872541
CE_PAWNWEAKNESSES:0.5128487088560789
CE_PIECEACTIVITY:0.4792949854638589
CE_KINGPAWNSHIELD:0.4952663971815441
CE_PIECECOORDINATION:0.5165875885347805
CE_MATERIAL:0.5012747374457028
CE_KINGSAFETY:0.5
C_PIECESQUARETABLES:0.5
C_MOBILITY:0.5044564496057101
C_KINGSAFETY:0.5559268163127525
C_PAWNSTRUCTURE:0.5244192565093838
C_PIECECOORDINATION:0.534155015582187
C_ROOK:0.4845315545972285
CE_ROOK:0.5211191153185273
C_CENTERCONTROL:0.5174407195581635
C_DEVELOPPIECES:0.5127138055121028
C_MATERIAL:0.5070120265577509
C_MOVECOUNT:0.454750959340167
C_PAWNMOVEMENT:0.5167834503781904
