ELO:888
CE_PASSEDPAWNS:0.6147295201135766
CE_PAWNWEAKNESSES:0.5336796591387445
CE_PIECEACTIVITY:0.5169052208805881
CE_KINGPAWNSHIELD:0.5829236691187499
CE_PIECECOORDINATION:0.554050304494774
CE_MATERIAL:0.5415959033710188
CE_KINGSAFETY:0.5469325724795915
C_PIECESQUARETABLES:0.47422511810606677
C_MOBILITY:0.5742364078643619
C_KINGSAFETY:0.3742250092963242
C_PAWNSTRUCTURE:0.4563946739699955
C_PIECECOORDINATION:0.5075114386515382
C_ROOKANDPAWNMOVEMENT:0.5075114386515382
C_CENTERCONTROL:0.507043070679943
C_DEVELOPPIECES:0.5555408087288677
C_MATERIAL:0.4809599140506215
