ELO:1036
CE_PASSEDPAWNS:0.5
CE_PAWNWEAKNESSES:0.5
CE_PIECEACTIVITY:0.4914952382561217
CE_KINGPAWNSHIELD:0.5
CE_PIECECOORDINATION:0.5
CE_MATERIAL:0.49325287345724267
CE_KINGSAFETY:0.5
C_PIECESQUARETABLES:0.459497286070146
C_MOBILITY:0.4816150952492944
C_KINGSAFETY:0.5010536719176765
C_PAWNSTRUCTURE:0.5115051296064201
C_PIECECOORDINATION:0.48766705665343074
C_ROOKANDPAWNMOVEMENT:0.48766705665343074
C_CENTERCONTROL:0.44531013710155387
C_DEVELOPPIECES:0.5025536382807992
C_MATERIAL:0.4807675209751032
C_MOVECOUNT:0.5
