ELO:822
CE_PASSEDPAWNS:0.5464565496664479
CE_PAWNWEAKNESSES:0.5297120543179569
CE_PIECEACTIVITY:0.536197975647182
CE_KINGPAWNSHIELD:0.5562054173672321
CE_PIECECOORDINATION:0.5062156702635222
CE_MATERIAL:0.5849723766604797
CE_KINGSAFETY:0.5092012442432301
C_PIECESQUARETABLES:0.4483557650738166
C_MOBILITY:0.5120079333651577
C_KINGSAFETY:0.5134652800914177
C_PAWNSTRUCTURE:0.5473093672250253
C_PIECECOORDINATION:0.6198977106706196
C_ROOKANDPAWNMOVEMENT:0.6198977106706196
C_CENTERCONTROL:0.5586737968416338
C_DEVELOPPIECES:0.35175080031693134
C_MATERIAL:0.39352901610317575
