ELO:935
CE_PASSEDPAWNS:0.5213453342453255
CE_PAWNWEAKNESSES:0.4809501325471842
CE_PIECEACTIVITY:0.5244784903408398
CE_KINGPAWNSHIELD:0.5079554636039546
CE_PIECECOORDINATION:0.5095574118608813
CE_MATERIAL:0.5125864389700471
CE_KINGSAFETY:0.4946365513318339
C_PIECESQUARETABLES:0.47859962575312487
C_MOBILITY:0.4935365562937902
C_KINGSAFETY:0.4691135294112851
C_PAWNSTRUCTURE:0.486533306933561
C_PIECECOORDINATION:0.5342686292252062
C_ROOKANDPAWNMOVEMENT:0.5342686292252062
C_CENTERCONTROL:0.48767060101714016
C_DEVELOPPIECES:0.436400741465126
C_MATERIAL:0.49882336668056865
C_MOVECOUNT:0.4842337711095281
