ELO:952
CE_PASSEDPAWNS:0.5470562990015213
CE_PAWNWEAKNESSES:0.5014585195697608
CE_PIECEACTIVITY:0.5395211596533898
CE_KINGPAWNSHIELD:0.587259873315138
CE_PIECECOORDINATION:0.4665880288426116
CE_MATERIAL:0.5522242814989398
CE_KINGSAFETY:0.5107551332198519
C_PIECESQUARETABLES:0.5214439222325816
C_MOBILITY:0.5624450510501963
C_KINGSAFETY:0.46521323769834516
C_PAWNSTRUCTURE:0.4104887435179282
C_PIECECOORDINATION:0.4974872774712134
C_ROOKANDPAWNMOVEMENT:0.4974872774712134
C_CENTERCONTROL:0.4733957901004017
C_DEVELOPPIECES:0.5376221480901084
C_MATERIAL:0.49336690440452635
