ELO:940
CE_PASSEDPAWNS:0.5208789615554232
CE_PAWNWEAKNESSES:0.49113834722112937
CE_PIECEACTIVITY:0.5432475223664749
CE_KINGPAWNSHIELD:0.5490571464999136
CE_PIECECOORDINATION:0.4882092805800655
CE_MATERIAL:0.5224798204809493
CE_KINGSAFETY:0.4643643564418706
C_PIECESQUARETABLES:0.5
C_MOBILITY:0.5394299238916158
C_KINGSAFETY:0.4855677024277496
C_PAWNSTRUCTURE:0.41440998190935274
C_PIECECOORDINATION:0.4830134350376953
C_ROOKANDPAWNMOVEMENT:0.4830134350376953
C_CENTERCONTROL:0.4860568345981088
C_DEVELOPPIECES:0.5329619858896223
C_MATERIAL:0.49696623538850915
