ELO:1067
CE_PASSEDPAWNS:0.4337280502648148
CE_PAWNWEAKNESSES:0.44504948154266916
CE_PIECEACTIVITY:0.49229969568159154
CE_KINGPAWNSHIELD:0.4455263442738505
CE_PIECECOORDINATION:0.504276143717932
CE_MATERIAL:0.4430466438647029
CE_KINGSAFETY:0.5065252890900735
C_PIECESQUARETABLES:0.4810972568389985
C_MOBILITY:0.4279585925296526
C_KINGSAFETY:0.6292703561813868
C_PAWNSTRUCTURE:0.4679495706261385
C_PIECECOORDINATION:0.5232705933736524
C_ROOKANDPAWNMOVEMENT:0.5232705933736524
C_CENTERCONTROL:0.4845674998180381
C_DEVELOPPIECES:0.5666848979980276
C_MATERIAL:0.3717209351032504
