ELO:893
CE_PASSEDPAWNS:0.5051484586397287
CE_PAWNWEAKNESSES:0.5484381922782775
CE_PIECEACTIVITY:0.521985035263927
CE_KINGPAWNSHIELD:0.4973284556161055
CE_PIECECOORDINATION:0.5284223343329808
CE_MATERIAL:0.4620186001379629
CE_KINGSAFETY:0.5100333821186245
C_PIECESQUARETABLES:0.4979074957726996
C_MOBILITY:0.518724353797139
C_KINGSAFETY:0.5212190034665615
C_PAWNSTRUCTURE:0.49339405894684446
C_PIECECOORDINATION:0.496850810241157
C_ROOKANDPAWNMOVEMENT:0.496850810241157
C_CENTERCONTROL:0.5612396498167186
C_DEVELOPPIECES:0.45376207341974484
C_MATERIAL:0.5087624900146802
C_MOVECOUNT:0.4692827248234074
