ELO:989
CE_PASSEDPAWNS:0.5642217822479348
CE_PAWNWEAKNESSES:0.550399355928854
CE_PIECEACTIVITY:0.5442691247880699
CE_KINGPAWNSHIELD:0.5641714897346886
CE_PIECECOORDINATION:0.4772416643151865
CE_MATERIAL:0.49990545132967784
CE_KINGSAFETY:0.5866790177461948
C_PIECESQUARETABLES:0.5030791773759138
C_MOBILITY:0.48655200400452575
C_KINGSAFETY:0.5104813385898811
C_PAWNSTRUCTURE:0.4856823054370345
C_PIECECOORDINATION:0.55456687924984
C_ROOKANDPAWNMOVEMENT:0.55456687924984
C_CENTERCONTROL:0.5518280631140656
C_DEVELOPPIECES:0.4527432498752763
C_MATERIAL:0.42557719282153694
