ELO:956
CE_PASSEDPAWNS:0.49209356016710737
CE_PAWNWEAKNESSES:0.4888680005469752
CE_PIECEACTIVITY:0.46436994618840177
CE_KINGPAWNSHIELD:0.47816068650352356
CE_PIECECOORDINATION:0.482875334512471
CE_MATERIAL:0.496817933917283
CE_KINGSAFETY:0.5000940273106845
C_PIECESQUARETABLES:0.4907839298871526
C_MOBILITY:0.5476297874624961
C_KINGSAFETY:0.5082588555070038
C_PAWNSTRUCTURE:0.4954781097844584
C_PIECECOORDINATION:0.4925462984030836
C_ROOKANDPAWNMOVEMENT:0.4925462984030836
C_CENTERCONTROL:0.48718371462425814
C_DEVELOPPIECES:0.5
C_MATERIAL:0.5051501722437082
C_MOVECOUNT:0.5
