ELO:1000
CE_PASSEDPAWNS:0.5215999495250088
CE_PAWNWEAKNESSES:0.4751995668755418
CE_PIECEACTIVITY:0.5281373824122941
CE_KINGPAWNSHIELD:0.5229306748051312
CE_PIECECOORDINATION:0.4762717074275063
CE_MATERIAL:0.533921294749667
CE_KINGSAFETY:0.4872301198541341
C_PIECESQUARETABLES:0.4793768252943057
C_MOBILITY:0.5077539458692336
C_KINGSAFETY:0.4858669911284718
C_PAWNSTRUCTURE:0.4933680520479814
C_PIECECOORDINATION:0.4883186828265397
C_ROOKANDPAWNMOVEMENT:0.4883186828265397
C_CENTERCONTROL:0.49564383037474996
C_DEVELOPPIECES:0.5035926380132179
C_MATERIAL:0.4765824769605253
