ELO:749
CE_PASSEDPAWNS:0.5519633675673775
CE_PAWNWEAKNESSES:0.4282435139490661
CE_PIECEACTIVITY:0.46926715980725825
CE_KINGPAWNSHIELD:0.591651224052039
CE_PIECECOORDINATION:0.42250513568812936
CE_MATERIAL:0.5385378533900066
CE_KINGSAFETY:0.49891066324192473
C_PIECESQUARETABLES:0.5501469328001494
C_MOBILITY:0.44404666758400385
C_KINGSAFETY:0.4795784898143081
C_PAWNSTRUCTURE:0.5473666519332704
C_PIECECOORDINATION:0.5457572917699657
C_ROOKANDPAWNMOVEMENT:0.5457572917699657
C_CENTERCONTROL:0.44692741093219607
C_DEVELOPPIECES:0.45034140732368855
C_MATERIAL:0.5242608554366235
C_MOVECOUNT:0.5074741253704306
