ELO:1030
CE_PASSEDPAWNS:0.5089511830834902
CE_PAWNWEAKNESSES:0.5101304147258322
CE_PIECEACTIVITY:0.4832769337496457
CE_KINGPAWNSHIELD:0.4868880271940794
CE_PIECECOORDINATION:0.5330292707230271
CE_MATERIAL:0.5105705484449106
CE_KINGSAFETY:0.5
C_PIECESQUARETABLES:0.5
C_MOBILITY:0.4700232983813267
C_KINGSAFETY:0.5278895173448409
C_PAWNSTRUCTURE:0.4976611450789206
C_PIECECOORDINATION:0.534155015582187
C_ROOK:0.49956361153595036
CE_ROOK:0.49600486792881154
C_CENTERCONTROL:0.48929246104148905
C_DEVELOPPIECES:0.4847586220875942
C_MATERIAL:0.5044215888116722
C_MOVECOUNT:0.4615734026604893
C_PAWNMOVEMENT:0.520502652394057
