ELO:896
CE_PASSEDPAWNS:0.5222202991864513
CE_PAWNWEAKNESSES:0.5252571255198184
CE_PIECEACTIVITY:0.49878447698570216
CE_KINGPAWNSHIELD:0.5765473174344052
CE_PIECECOORDINATION:0.48084074596653414
CE_MATERIAL:0.5303047049754045
CE_KINGSAFETY:0.5171474879731818
C_PIECESQUARETABLES:0.46050184698261465
C_MOBILITY:0.49206787375930905
C_KINGSAFETY:0.49899790828458923
C_PAWNSTRUCTURE:0.49911124943095236
C_PIECECOORDINATION:0.5498417526928195
C_ROOKANDPAWNMOVEMENT:0.5498417526928195
C_CENTERCONTROL:0.5356712351125565
C_DEVELOPPIECES:0.4042877968328768
C_MATERIAL:0.41632929073305125
