ELO:959
CE_PASSEDPAWNS:0.5369515116126582
CE_PAWNWEAKNESSES:0.5019067252845933
CE_PIECEACTIVITY:0.5455043316200924
CE_KINGPAWNSHIELD:0.6003765921285397
CE_PIECECOORDINATION:0.4697651755845207
CE_MATERIAL:0.534896694527691
CE_KINGSAFETY:0.5089593254173059
C_PIECESQUARETABLES:0.5194059099112687
C_MOBILITY:0.5580569347842353
C_KINGSAFETY:0.4474626800076064
C_PAWNSTRUCTURE:0.39304988267148694
C_PIECECOORDINATION:0.5019362152482025
C_ROOKANDPAWNMOVEMENT:0.5019362152482025
C_CENTERCONTROL:0.4729169604038647
C_DEVELOPPIECES:0.5365216819197999
C_MATERIAL:0.5028505228951926
