ELO:983
CE_PASSEDPAWNS:0.49169742147887013
CE_PAWNWEAKNESSES:0.4163168247197123
CE_PIECEACTIVITY:0.5742986289039237
CE_KINGPAWNSHIELD:0.5047246334682637
CE_PIECECOORDINATION:0.4990477265300894
CE_MATERIAL:0.4987855914688538
CE_KINGSAFETY:0.49800916515186866
C_PIECESQUARETABLES:0.46784177931663357
C_MOBILITY:0.49169808265889664
C_KINGSAFETY:0.46616737109829964
C_PAWNSTRUCTURE:0.5309133739218863
C_PIECECOORDINATION:0.5189409506601677
C_ROOKANDPAWNMOVEMENT:0.5189409506601677
C_CENTERCONTROL:0.5043184480977162
C_DEVELOPPIECES:0.45758917276601924
C_MATERIAL:0.5201412139395994
C_MOVECOUNT:0.49182419949388334
