ELO:981
CE_PASSEDPAWNS:0.5160763315016921
CE_PAWNWEAKNESSES:0.4628306751505653
CE_PIECEACTIVITY:0.45324482389218734
CE_KINGPAWNSHIELD:0.5179157842396204
CE_PIECECOORDINATION:0.543280342314728
CE_MATERIAL:0.5272177126844577
CE_KINGSAFETY:0.5
C_PIECESQUARETABLES:0.5
C_MOBILITY:0.5056431574474025
C_KINGSAFETY:0.523047578812927
C_PAWNSTRUCTURE:0.5620975899602835
C_PIECECOORDINATION:0.48631968092599936
C_ROOK:0.502507174286498
CE_ROOK:0.5230223998808768
C_CENTERCONTROL:0.46805458764724367
C_DEVELOPPIECES:0.47450410999084564
C_MATERIAL:0.49187243954049364
C_MOVECOUNT:0.4821615381242618
C_PAWNMOVEMENT:0.4609596516139118
