ELO:1030
CE_PASSEDPAWNS:0.4859401613552304
CE_PAWNWEAKNESSES:0.5
CE_PIECEACTIVITY:0.4792949854638589
CE_KINGPAWNSHIELD:0.4952663971815441
CE_PIECECOORDINATION:0.49508892530879683
CE_MATERIAL:0.5
CE_KINGSAFETY:0.49602169136811025
C_PIECESQUARETABLES:0.5
C_MOBILITY:0.5044564496057101
C_KINGSAFETY:0.5278895173448409
C_PAWNSTRUCTURE:0.49684653182945093
C_PIECECOORDINATION:0.534155015582187
C_ROOK:0.5159111284774139
CE_ROOK:0.5211191153185273
C_CENTERCONTROL:0.4757702326654161
C_DEVELOPPIECES:0.4848943518283027
C_MATERIAL:0.4893926640072716
C_MOVECOUNT:0.4615734026604893
C_PAWNMOVEMENT:0.5167834503781904
