ELO:885
CE_PASSEDPAWNS:0.5438047380653677
CE_PAWNWEAKNESSES:0.5431248035325483
CE_PIECEACTIVITY:0.5094535145027114
CE_KINGPAWNSHIELD:0.5424142353328364
CE_PIECECOORDINATION:0.48611343443938004
CE_MATERIAL:0.540582347087387
CE_KINGSAFETY:0.5152831768583567
C_PIECESQUARETABLES:0.463610806023934
C_MOBILITY:0.5113695511719093
C_KINGSAFETY:0.5074263519541125
C_PAWNSTRUCTURE:0.49999836244709106
C_PIECECOORDINATION:0.5631701930703462
C_ROOKANDPAWNMOVEMENT:0.5631701930703462
C_CENTERCONTROL:0.5390809648586286
C_DEVELOPPIECES:0.38212805792438387
C_MATERIAL:0.4231702785684681
