ELO:1093
CE_PASSEDPAWNS:0.4522391623994131
CE_PAWNWEAKNESSES:0.44871026244426326
CE_PIECEACTIVITY:0.47158201863595733
CE_KINGPAWNSHIELD:0.4163559443447905
CE_PIECECOORDINATION:0.4740445867024571
CE_MATERIAL:0.45010939930116606
CE_KINGSAFETY:0.5
C_PIECESQUARETABLES:0.49259518115699524
C_MOBILITY:0.4221586371615725
C_KINGSAFETY:0.6455615392077216
C_PAWNSTRUCTURE:0.44700913795848674
C_PIECECOORDINATION:0.5004791502367506
C_ROOKANDPAWNMOVEMENT:0.5004791502367506
C_CENTERCONTROL:0.5014188595021803
C_DEVELOPPIECES:0.5677501675459271
C_MATERIAL:0.3847798461631917
