ELO:1025
CE_PASSEDPAWNS:0.509627366259295
CE_PAWNWEAKNESSES:0.5178407664392699
CE_PIECEACTIVITY:0.5088568004368772
CE_KINGPAWNSHIELD:0.4757421956346314
CE_PIECECOORDINATION:0.491115818936762
CE_MATERIAL:0.48564872966116657
CE_KINGSAFETY:0.5
C_PIECESQUARETABLES:0.5
C_MOBILITY:0.5112874909879692
C_KINGSAFETY:0.5286625062752959
C_PAWNSTRUCTURE:0.49700647051795827
C_PIECECOORDINATION:0.5200822114595114
C_ROOK:0.5415126425962393
CE_ROOK:0.4854361812081888
C_CENTERCONTROL:0.4781220246836041
C_DEVELOPPIECES:0.5
C_MATERIAL:0.5003954436729884
C_MOVECOUNT:0.5008778728888044
C_PAWNMOVEMENT:0.48906501505248945
