ELO:1000
CE_PASSEDPAWNS:0.5
CE_PAWNWEAKNESSES:0.5012423723794908
CE_PIECEACTIVITY:0.5
CE_KINGPAWNSHIELD:0.5083187884838992
CE_PIECECOORDINATION:0.49414682481158756
CE_MATERIAL:0.5039470622017552
CE_KINGSAFETY:0.48794215992915063
C_PIECESQUARETABLES:0.4880539789740936
C_MOBILITY:0.49820781034129
C_KINGSAFETY:0.48755658477767916
C_PAWNSTRUCTURE:0.49915785452153155
C_PIECECOORDINATION:0.48783849478576774
C_ROOKANDPAWNMOVEMENT:0.48783849478576774
C_CENTERCONTROL:0.4937573250257569
C_DEVELOPPIECES:0.5021643540939359
C_MATERIAL:0.4877052659182804
