ELO:975
CE_PASSEDPAWNS:0.525041845115422
CE_PAWNWEAKNESSES:0.46980013431808876
CE_PIECEACTIVITY:0.5275596293394765
CE_KINGPAWNSHIELD:0.4950531074062465
CE_PIECECOORDINATION:0.4932713558605497
CE_MATERIAL:0.5019903905924682
CE_KINGSAFETY:0.514605003445656
C_PIECESQUARETABLES:0.5214244321173014
C_MOBILITY:0.545386864511722
C_KINGSAFETY:0.5010585500642676
C_PAWNSTRUCTURE:0.47070775009684124
C_PIECECOORDINATION:0.510658329714964
C_ROOK:0.48810781456901836
CE_ROOK:0.4921804340382728
C_CENTERCONTROL:0.5251960645037758
C_DEVELOPPIECES:0.5298584007809723
C_MATERIAL:0.5158074436216276
C_MOVECOUNT:0.4749477768597039
C_PAWNMOVEMENT:0.520562137333395
