ELO:942
CE_PASSEDPAWNS:0.5124797115777092
CE_PAWNWEAKNESSES:0.5722788871246072
CE_PIECEACTIVITY:0.5024122875339803
CE_KINGPAWNSHIELD:0.4506345606650836
CE_PIECECOORDINATION:0.5410728583089291
CE_MATERIAL:0.4764395541305852
CE_KINGSAFETY:0.5
C_PIECESQUARETABLES:0.5
C_MOBILITY:0.5012250556987944
C_KINGSAFETY:0.5243048870125062
C_PAWNSTRUCTURE:0.5372386154872856
C_PIECECOORDINATION:0.5
C_ROOKANDPAWNMOVEMENT:0.5
C_CENTERCONTROL:0.488561890752604
C_DEVELOPPIECES:0.538070481677479
C_MATERIAL:0.4894552241907365
C_MOVECOUNT:0.5
