ELO:1001
CE_PASSEDPAWNS:0.5096675313272356
CE_PAWNWEAKNESSES:0.5178407664392699
CE_PIECEACTIVITY:0.49669922482791296
CE_KINGPAWNSHIELD:0.5276958360318214
CE_PIECECOORDINATION:0.5046966644221622
CE_MATERIAL:0.5144121191243327
CE_KINGSAFETY:0.5
C_PIECESQUARETABLES:0.5
C_MOBILITY:0.47602403873736665
C_KINGSAFETY:0.48019409837470334
C_PAWNSTRUCTURE:0.49817597534023766
C_PIECECOORDINATION:0.5179105035451986
C_ROOK:0.5046898321327159
CE_ROOK:0.489396336366713
C_CENTERCONTROL:0.503915262968317
C_DEVELOPPIECES:0.4997824206897802
C_MATERIAL:0.4796912385728734
C_MOVECOUNT:0.4755017809463282
C_PAWNMOVEMENT:0.47916395323726246
