ELO:957
CE_PASSEDPAWNS:0.5
CE_PAWNWEAKNESSES:0.5051909985278779
CE_PIECEACTIVITY:0.5099926029909552
CE_KINGPAWNSHIELD:0.5090246348964714
CE_PIECECOORDINATION:0.4909776239780115
CE_MATERIAL:0.4854918877608375
CE_KINGSAFETY:0.5
C_PIECESQUARETABLES:0.5
C_MOBILITY:0.5073869328820387
C_KINGSAFETY:0.4956368634978619
C_PAWNSTRUCTURE:0.506763516996575
C_PIECECOORDINATION:0.5041346762924033
C_ROOKANDPAWNMOVEMENT:0.5041346762924033
C_CENTERCONTROL:0.4796878444492423
C_DEVELOPPIECES:0.47509344759463046
C_MATERIAL:0.49657231816871206
C_MOVECOUNT:0.5203881901528662
