ELO:888
CE_PASSEDPAWNS:0.49122662782543175
CE_PAWNWEAKNESSES:0.5
CE_PIECEACTIVITY:0.5100080999523146
CE_KINGPAWNSHIELD:0.5
CE_PIECECOORDINATION:0.502388458907146
CE_MATERIAL:0.5076631002205938
CE_KINGSAFETY:0.5
C_PIECESQUARETABLES:0.5
C_MOBILITY:0.5798276467166674
C_KINGSAFETY:0.5086727828536303
C_PAWNSTRUCTURE:0.4452561543059106
C_PIECECOORDINATION:0.5496290901162861
C_ROOKANDPAWNMOVEMENT:0.5496290901162861
C_CENTERCONTROL:0.526795599456779
C_DEVELOPPIECES:0.5455956714917135
C_MATERIAL:0.5
C_MOVECOUNT:0.5
