ELO:980
CE_PASSEDPAWNS:0.47223011971850193
CE_PAWNWEAKNESSES:0.4886547461374075
CE_PIECEACTIVITY:0.5017918775679019
CE_KINGPAWNSHIELD:0.5157861703033618
CE_PIECECOORDINATION:0.4862675375342236
CE_MATERIAL:0.4985980125156811
CE_KINGSAFETY:0.5
C_PIECESQUARETABLES:0.5
C_MOBILITY:0.4788198930901561
C_KINGSAFETY:0.4888484787881579
C_PAWNSTRUCTURE:0.5257721983851996
C_PIECECOORDINATION:0.5408224394220434
C_ROOK:0.5439003054242
CE_ROOK:0.4767635087560862
C_CENTERCONTROL:0.5305155069128057
C_DEVELOPPIECES:0.4997824206897802
C_MATERIAL:0.5131921117727883
C_MOVECOUNT:0.5011757850194616
C_PAWNMOVEMENT:0.5523044749363376
