ELO:1000
CE_PASSEDPAWNS:0.5419381906198173
CE_PAWNWEAKNESSES:0.5033205902623107
CE_PIECEACTIVITY:0.510930688261422
CE_KINGPAWNSHIELD:0.5435424592133581
CE_PIECECOORDINATION:0.47071607840269314
CE_MATERIAL:0.493573663632629
CE_KINGSAFETY:0.5
C_PIECESQUARETABLES:0.5
C_MOBILITY:0.45582167875171076
C_KINGSAFETY:0.5163223391031998
C_PAWNSTRUCTURE:0.490551505663919
C_PIECECOORDINATION:0.5201366169502811
C_ROOKANDPAWNMOVEMENT:0.5201366169502811
C_CENTERCONTROL:0.5169523330582773
C_DEVELOPPIECES:0.5101755972923893
C_MATERIAL:0.435966438081422
