ELO:1000
CE_PASSEDPAWNS:0.5026599792786896
CE_PAWNWEAKNESSES:0.5029055663473289
CE_PIECEACTIVITY:0.516604019474052
CE_KINGPAWNSHIELD:0.5011458805149626
CE_PIECECOORDINATION:0.49913432506151256
CE_MATERIAL:0.5
CE_KINGSAFETY:0.49761690709529943
C_PIECESQUARETABLES:0.5020983729562868
C_MOBILITY:0.5036412838558121
C_KINGSAFETY:0.5
C_PAWNSTRUCTURE:0.5126619100808658
C_PIECECOORDINATION:0.5
C_ROOKANDPAWNMOVEMENT:0.5
C_CENTERCONTROL:0.4863493646300772
C_DEVELOPPIECES:0.5107529487795114
C_MATERIAL:0.49026770504175426
