ELO:986
CE_PASSEDPAWNS:0.5091320316710525
CE_PAWNWEAKNESSES:0.5051479520855736
CE_PIECEACTIVITY:0.5051687701203684
CE_KINGPAWNSHIELD:0.440924927718797
CE_PIECECOORDINATION:0.498317506865159
CE_MATERIAL:0.5048468353822649
CE_KINGSAFETY:0.46794685600292996
C_PIECESQUARETABLES:0.4933489110269995
C_MOBILITY:0.461902345504921
C_KINGSAFETY:0.5274920657275844
C_PAWNSTRUCTURE:0.5162465803410663
C_PIECECOORDINATION:0.4850009461458611
C_ROOKANDPAWNMOVEMENT:0.4850009461458611
C_CENTERCONTROL:0.47467901412137575
C_DEVELOPPIECES:0.4983368709234355
C_MATERIAL:0.4903090580296777
C_MOVECOUNT:0.5
