ELO:976
CE_PASSEDPAWNS:0.5202614931645057
CE_PAWNWEAKNESSES:0.4941437558117624
CE_PIECEACTIVITY:0.5
CE_KINGPAWNSHIELD:0.5028349577182889
CE_PIECECOORDINATION:0.5
CE_MATERIAL:0.5065526550278039
CE_KINGSAFETY:0.5
C_PIECESQUARETABLES:0.5
C_MOBILITY:0.4936635846685881
C_KINGSAFETY:0.5193437377215447
C_PAWNSTRUCTURE:0.49032070607572864
C_PIECECOORDINATION:0.513926306576153
C_ROOKANDPAWNMOVEMENT:0.513926306576153
C_CENTERCONTROL:0.51806872765224
C_DEVELOPPIECES:0.4907930164355874
C_MATERIAL:0.49902166802206416
C_MOVECOUNT:0.4963032494895782
