ELO:998
CE_PASSEDPAWNS:0.5089511830834902
CE_PAWNWEAKNESSES:0.5
CE_PIECEACTIVITY:0.4849561518533383
CE_KINGPAWNSHIELD:0.5
CE_PIECECOORDINATION:0.521548501314807
CE_MATERIAL:0.5093196824022213
CE_KINGSAFETY:0.5063578346087999
C_PIECESQUARETABLES:0.5
C_MOBILITY:0.48161786725360023
C_KINGSAFETY:0.5158580390895485
C_PAWNSTRUCTURE:0.5104012897008351
C_PIECECOORDINATION:0.48951839637776984
C_ROOK:0.49956361153595036
CE_ROOK:0.49600486792881154
C_CENTERCONTROL:0.4909036373332036
C_DEVELOPPIECES:0.5002663294284758
C_MATERIAL:0.4989399118047878
C_MOVECOUNT:0.46941168458937044
C_PAWNMOVEMENT:0.49458597343529714
