ELO:945
CE_PASSEDPAWNS:0.5260865150244145
CE_PAWNWEAKNESSES:0.5047360635071524
CE_PIECEACTIVITY:0.48832236796315676
CE_KINGPAWNSHIELD:0.5028349577182889
CE_PIECECOORDINATION:0.48231590905129584
CE_MATERIAL:0.5023680231228587
CE_KINGSAFETY:0.49775331413461205
C_PIECESQUARETABLES:0.5
C_MOBILITY:0.4843663077317911
C_KINGSAFETY:0.5243607843165852
C_PAWNSTRUCTURE:0.4702725244126926
C_PIECECOORDINATION:0.5051424045049889
C_ROOKANDPAWNMOVEMENT:0.5051424045049889
C_CENTERCONTROL:0.501929433879644
C_DEVELOPPIECES:0.49617699686598676
C_MATERIAL:0.48933338706008056
C_MOVECOUNT:0.49061078332603625
