ELO:908
CE_PASSEDPAWNS:0.5422961198088031
CE_PAWNWEAKNESSES:0.5573894379478306
CE_PIECEACTIVITY:0.5408153535599142
CE_KINGPAWNSHIELD:0.4846206292907216
CE_PIECECOORDINATION:0.48647888820377094
CE_MATERIAL:0.5029042545187198
CE_KINGSAFETY:0.49140888977752295
C_PIECESQUARETABLES:0.4794541672671203
C_MOBILITY:0.5007048639727733
C_KINGSAFETY:0.47562009089199053
C_PAWNSTRUCTURE:0.48974932288823936
C_PIECECOORDINATION:0.49431542941029993
C_ROOKANDPAWNMOVEMENT:0.49431542941029993
C_CENTERCONTROL:0.49611583690244215
C_DEVELOPPIECES:0.49441982837762066
C_MATERIAL:0.41579907218508205
C_MOVECOUNT:0.4900210374835462
