ELO:816
CE_PASSEDPAWNS:0.5464565496664479
CE_PAWNWEAKNESSES:0.5303748454245744
CE_PIECEACTIVITY:0.5083489214756398
CE_KINGPAWNSHIELD:0.5478870575618117
CE_PIECECOORDINATION:0.4998830344111138
CE_MATERIAL:0.5849723766604797
CE_KINGSAFETY:0.5211762372026534
C_PIECESQUARETABLES:0.4565890009327943
C_MOBILITY:0.5081734763069978
C_KINGSAFETY:0.4964276431500017
C_PAWNSTRUCTURE:0.5166732267414625
C_PIECECOORDINATION:0.5871819535642965
C_ROOKANDPAWNMOVEMENT:0.5871819535642965
C_CENTERCONTROL:0.5648041798807335
C_DEVELOPPIECES:0.364244653758636
C_MATERIAL:0.39352901610317575
