ELO:951
CE_PASSEDPAWNS:0.5305342696762663
CE_PAWNWEAKNESSES:0.4963623217390846
CE_PIECEACTIVITY:0.5430713613749003
CE_KINGPAWNSHIELD:0.5781445370671803
CE_PIECECOORDINATION:0.46383470026925105
CE_MATERIAL:0.535176086719336
CE_KINGSAFETY:0.5014096547221523
C_PIECESQUARETABLES:0.5122392054444755
C_MOBILITY:0.5652693684023623
C_KINGSAFETY:0.4600242893130795
C_PAWNSTRUCTURE:0.42459756394646747
C_PIECECOORDINATION:0.4793594347015201
C_ROOKANDPAWNMOVEMENT:0.4793594347015201
C_CENTERCONTROL:0.4672485817600188
C_DEVELOPPIECES:0.5428103961398657
C_MATERIAL:0.48620974971120473
