ELO:988
CE_PASSEDPAWNS:0.5
CE_PAWNWEAKNESSES:0.5
CE_PIECEACTIVITY:0.5073279929333908
CE_KINGPAWNSHIELD:0.4966773591689038
CE_PIECECOORDINATION:0.490525411414472
CE_MATERIAL:0.5068344433093053
CE_KINGSAFETY:0.4928627340632
C_PIECESQUARETABLES:0.49154650705328345
C_MOBILITY:0.5
C_KINGSAFETY:0.5
C_PAWNSTRUCTURE:0.5
C_PIECECOORDINATION:0.5010419022663651
C_ROOKANDPAWNMOVEMENT:0.5010419022663651
C_CENTERCONTROL:0.5
C_DEVELOPPIECES:0.5010344910341848
C_MATERIAL:0.507172460129689
C_MOVECOUNT:0.4997772650708601
