ELO:1000
CE_PASSEDPAWNS:0.5277422944750899
CE_PAWNWEAKNESSES:0.4909409504748183
CE_PIECEACTIVITY:0.561574538753254
CE_KINGPAWNSHIELD:0.5576263770703727
CE_PIECECOORDINATION:0.45325892526920486
CE_MATERIAL:0.5281291228153504
CE_KINGSAFETY:0.5015994366079107
C_PIECESQUARETABLES:0.46529926858130316
C_MOBILITY:0.4841655940700493
C_KINGSAFETY:0.4942308199917107
C_PAWNSTRUCTURE:0.4599843803115713
C_PIECECOORDINATION:0.48525098174993087
C_ROOKANDPAWNMOVEMENT:0.48525098174993087
C_CENTERCONTROL:0.5058549501745857
C_DEVELOPPIECES:0.4992791125958433
C_MATERIAL:0.4577315448031689
