ELO:887
CE_PASSEDPAWNS:0.5096169939883675
CE_PAWNWEAKNESSES:0.5168956648462084
CE_PIECEACTIVITY:0.4839784155032616
CE_KINGPAWNSHIELD:0.47350541543313746
CE_PIECECOORDINATION:0.5472837043158718
CE_MATERIAL:0.45818073806074006
CE_KINGSAFETY:0.5078026217684991
C_PIECESQUARETABLES:0.49110155404327205
C_MOBILITY:0.5292025225975314
C_KINGSAFETY:0.5383967241450123
C_PAWNSTRUCTURE:0.5092421167884211
C_PIECECOORDINATION:0.5077729263141062
C_ROOKANDPAWNMOVEMENT:0.5077729263141062
C_CENTERCONTROL:0.5788775376488664
C_DEVELOPPIECES:0.44104005315326683
C_MATERIAL:0.48887417589416476
C_MOVECOUNT:0.49368759883880153
