ELO:971
CE_PASSEDPAWNS:0.5099102888916672
CE_PAWNWEAKNESSES:0.5381577517328096
CE_PIECEACTIVITY:0.47939325433472596
CE_KINGPAWNSHIELD:0.476832791593016
CE_PIECECOORDINATION:0.48523898116122216
CE_MATERIAL:0.5069984281113369
CE_KINGSAFETY:0.4952072580340228
C_PIECESQUARETABLES:0.49865843886001265
C_MOBILITY:0.5198120329195864
C_KINGSAFETY:0.48193135848649865
C_PAWNSTRUCTURE:0.5061688966567143
C_PIECECOORDINATION:0.48550005154982423
C_ROOK:0.495006852105368
CE_ROOK:0.469198714288564
C_CENTERCONTROL:0.5
C_DEVELOPPIECES:0.4980897841629405
C_MATERIAL:0.47300594065035345
C_MOVECOUNT:0.5146677654161713
C_PAWNMOVEMENT:0.4971434755423906
