ELO:952
CE_PASSEDPAWNS:0.5026765062371268
CE_PAWNWEAKNESSES:0.5090447565405607
CE_PIECEACTIVITY:0.48843375839021186
CE_KINGPAWNSHIELD:0.5086969129421041
CE_PIECECOORDINATION:0.5033580834847932
CE_MATERIAL:0.4976577704439477
CE_KINGSAFETY:0.5028670277504516
C_PIECESQUARETABLES:0.505454158763713
C_MOBILITY:0.4947447922547427
C_KINGSAFETY:0.5
C_PAWNSTRUCTURE:0.5312756874827189
C_PIECECOORDINATION:0.5058172026614512
C_ROOKANDPAWNMOVEMENT:0.5058172026614512
C_CENTERCONTROL:0.5089040945704437
C_DEVELOPPIECES:0.4953460085827106
C_MATERIAL:0.5212533543631216
C_MOVECOUNT:0.5008248758975844
