ELO:1003
CE_PASSEDPAWNS:0.4942730086092248
CE_PAWNWEAKNESSES:0.5
CE_PIECEACTIVITY:0.525595675306763
CE_KINGPAWNSHIELD:0.4494059992834568
CE_PIECECOORDINATION:0.482875334512471
CE_MATERIAL:0.4928096679449268
CE_KINGSAFETY:0.49803951706475524
C_PIECESQUARETABLES:0.4942116566231632
C_MOBILITY:0.5000953285952945
C_KINGSAFETY:0.49094559585547876
C_PAWNSTRUCTURE:0.48703952679326107
C_PIECECOORDINATION:0.49273118474866584
C_ROOKANDPAWNMOVEMENT:0.49273118474866584
C_CENTERCONTROL:0.5103985438238902
C_DEVELOPPIECES:0.4890676814065032
C_MATERIAL:0.49791444887716263
C_MOVECOUNT:0.5
