ELO:931
CE_PASSEDPAWNS:0.6191253940064638
CE_PAWNWEAKNESSES:0.5332705138601845
CE_PIECEACTIVITY:0.5559748040456924
CE_KINGPAWNSHIELD:0.4426924110230837
CE_PIECECOORDINATION:0.4718158546218756
CE_MATERIAL:0.4479507857172068
CE_KINGSAFETY:0.5008685783829955
C_PIECESQUARETABLES:0.4887945440286256
C_MOBILITY:0.4767380496341504
C_KINGSAFETY:0.3966242223088306
C_PAWNSTRUCTURE:0.5976415118994314
C_PIECECOORDINATION:0.4877757282182872
C_ROOKANDPAWNMOVEMENT:0.4877757282182872
C_CENTERCONTROL:0.40149981551081526
C_DEVELOPPIECES:0.5645786538647676
C_MATERIAL:0.48582628173294756
