ELO:1006
CE_PASSEDPAWNS:0.48699129739440383
CE_PAWNWEAKNESSES:0.5161169686268833
CE_PIECEACTIVITY:0.5
CE_KINGPAWNSHIELD:0.5115786101233678
CE_PIECECOORDINATION:0.5141877336487983
CE_MATERIAL:0.49851536882471287
CE_KINGSAFETY:0.5
C_PIECESQUARETABLES:0.4929377029340502
C_MOBILITY:0.48059468392452026
C_KINGSAFETY:0.4873215722030473
C_PAWNSTRUCTURE:0.5042002667964942
C_PIECECOORDINATION:0.5113793729283915
C_ROOKANDPAWNMOVEMENT:0.5113793729283915
C_CENTERCONTROL:0.5
C_DEVELOPPIECES:0.5295272282640732
C_MATERIAL:0.5011941258775295
C_MOVECOUNT:0.5
