ELO:856
CE_PASSEDPAWNS:0.47057502686512126
CE_PAWNWEAKNESSES:0.5242610677956003
CE_PIECEACTIVITY:0.4942028167704892
CE_KINGPAWNSHIELD:0.4904970918840471
CE_PIECECOORDINATION:0.4931288357281781
CE_MATERIAL:0.44833397813206866
CE_KINGSAFETY:0.4806210711859509
C_PIECESQUARETABLES:0.468925166728361
C_MOBILITY:0.504488391455544
C_KINGSAFETY:0.4661075497488386
C_PAWNSTRUCTURE:0.47286527932512823
C_PIECECOORDINATION:0.4973079011625939
C_ROOKANDPAWNMOVEMENT:0.4973079011625939
C_CENTERCONTROL:0.5100963566742804
C_DEVELOPPIECES:0.5113032532787036
C_MATERIAL:0.47229733190858353
C_MOVECOUNT:0.45280742100977645
