ELO:1003
CE_PASSEDPAWNS:0.4743282043435242
CE_PAWNWEAKNESSES:0.49032103013829104
CE_PIECEACTIVITY:0.5005419436260273
CE_KINGPAWNSHIELD:0.449571223496715
CE_PIECECOORDINATION:0.5088885429659978
CE_MATERIAL:0.48854463797780556
CE_KINGSAFETY:0.5159812554341636
C_PIECESQUARETABLES:0.49815228117642446
C_MOBILITY:0.4952767670080874
C_KINGSAFETY:0.5406822512391317
C_PAWNSTRUCTURE:0.48919823805117074
C_PIECECOORDINATION:0.45750681799121495
C_ROOKANDPAWNMOVEMENT:0.45750681799121495
C_CENTERCONTROL:0.4750590818385355
C_DEVELOPPIECES:0.49575426883163337
C_MATERIAL:0.5230875914823659
C_MOVECOUNT:0.5
