ELO:1104
CE_PASSEDPAWNS:0.4522391623994131
CE_PAWNWEAKNESSES:0.4476413466186686
CE_PIECEACTIVITY:0.48013743344619403
CE_KINGPAWNSHIELD:0.4163559443447905
CE_PIECECOORDINATION:0.4782736260260441
CE_MATERIAL:0.4570043316482854
CE_KINGSAFETY:0.49187012634414545
C_PIECESQUARETABLES:0.5
C_MOBILITY:0.4248722025850633
C_KINGSAFETY:0.6374809102290377
C_PAWNSTRUCTURE:0.4375750098137167
C_PIECECOORDINATION:0.4886580873218714
C_ROOKANDPAWNMOVEMENT:0.4886580873218714
C_CENTERCONTROL:0.5014188595021803
C_DEVELOPPIECES:0.55050711938239
C_MATERIAL:0.3930746587655334
