ELO:902
CE_PASSEDPAWNS:0.508088133199927
CE_PAWNWEAKNESSES:0.5278535595618498
CE_PIECEACTIVITY:0.46981121495240513
CE_KINGPAWNSHIELD:0.4880343641002589
CE_PIECECOORDINATION:0.47494425765659515
CE_MATERIAL:0.5061063309631373
CE_KINGSAFETY:0.5018346848737112
C_PIECESQUARETABLES:0.5
C_MOBILITY:0.5267462414132388
C_KINGSAFETY:0.5113205509520906
C_PAWNSTRUCTURE:0.4904235352906746
C_PIECECOORDINATION:0.49623183503786505
C_ROOK:0.49411270179275324
CE_ROOK:0.4449355395199694
C_CENTERCONTROL:0.4595417514246395
C_DEVELOPPIECES:0.5415791662803059
C_MATERIAL:0.46377560549346925
C_MOVECOUNT:0.5364550034983229
C_PAWNMOVEMENT:0.5159903854901686
