ELO:998
CE_PASSEDPAWNS:0.5119305616288589
CE_PAWNWEAKNESSES:0.502507698738974
CE_PIECEACTIVITY:0.5177845848959464
CE_KINGPAWNSHIELD:0.5041333401435651
CE_PIECECOORDINATION:0.5023264210695806
CE_MATERIAL:0.5
CE_KINGSAFETY:0.5078483193900896
C_PIECESQUARETABLES:0.4955507716116805
C_MOBILITY:0.5
C_KINGSAFETY:0.4918893714169307
C_PAWNSTRUCTURE:0.5015179793167162
C_PIECECOORDINATION:0.5250900467478595
C_ROOKANDPAWNMOVEMENT:0.5250900467478595
C_CENTERCONTROL:0.483516859761514
C_DEVELOPPIECES:0.49258406783705105
C_MATERIAL:0.5012437267050226
C_MOVECOUNT:0.5
