ELO:859
CE_PASSEDPAWNS:0.4687639773816536
CE_PAWNWEAKNESSES:0.5344219444113278
CE_PIECEACTIVITY:0.4917735738597406
CE_KINGPAWNSHIELD:0.5084446039792736
CE_PIECECOORDINATION:0.5259808558902183
CE_MATERIAL:0.45879191049908585
CE_KINGSAFETY:0.4854045652912384
C_PIECESQUARETABLES:0.45074796879577445
C_MOBILITY:0.5173863169520143
C_KINGSAFETY:0.47127832460898184
C_PAWNSTRUCTURE:0.4688792099864587
C_PIECECOORDINATION:0.4894360108013434
C_ROOKANDPAWNMOVEMENT:0.4894360108013434
C_CENTERCONTROL:0.5111479127360955
C_DEVELOPPIECES:0.517266375518834
C_MATERIAL:0.4839131303989748
C_MOVECOUNT:0.4660788043038816
