ELO:951
CE_PASSEDPAWNS:0.4729239676445292
CE_PAWNWEAKNESSES:0.49968434350216556
CE_PIECEACTIVITY:0.4880155800809535
CE_KINGPAWNSHIELD:0.5221643869148294
CE_PIECECOORDINATION:0.49785634219119107
CE_MATERIAL:0.49598471188035986
CE_KINGSAFETY:0.4717923981145876
C_PIECESQUARETABLES:0.5095524905577676
C_MOBILITY:0.500697257262175
C_KINGSAFETY:0.4930234235539967
C_PAWNSTRUCTURE:0.450593876306773
C_PIECECOORDINATION:0.5072351138908816
C_ROOKANDPAWNMOVEMENT:0.5072351138908816
C_CENTERCONTROL:0.510224861274336
C_DEVELOPPIECES:0.4790902485415018
C_MATERIAL:0.49744477734862197
