ELO:709
CE_PASSEDPAWNS:0.590743141352717
CE_PAWNWEAKNESSES:0.42630975924386666
CE_PIECEACTIVITY:0.4686367936428788
CE_KINGPAWNSHIELD:0.41557357193984107
CE_PIECECOORDINATION:0.5847353826190927
CE_MATERIAL:0.4054663793546734
CE_KINGSAFETY:0.520368432939052
C_PIECESQUARETABLES:0.5046098901655657
C_MOBILITY:0.47116179568410027
C_KINGSAFETY:0.5337624913671152
C_PAWNSTRUCTURE:0.40796822676499844
C_PIECECOORDINATION:0.4532492163154448
C_ROOKANDPAWNMOVEMENT:0.4532492163154448
C_CENTERCONTROL:0.545619987008086
C_DEVELOPPIECES:0.5726370421564353
C_MATERIAL:0.4911654603879674
C_MOVECOUNT:0.4836714888073014
