ELO:1000
CE_PASSEDPAWNS:0.551225869974142
CE_PAWNWEAKNESSES:0.4780100225296555
CE_PIECEACTIVITY:0.5777541068548869
CE_KINGPAWNSHIELD:0.4571112328936787
CE_PIECECOORDINATION:0.48232830540199106
CE_MATERIAL:0.4652258395316434
CE_KINGSAFETY:0.48900127374402563
C_PIECESQUARETABLES:0.5023184732315145
C_MOBILITY:0.49706636964714856
C_KINGSAFETY:0.44936846997706736
C_PAWNSTRUCTURE:0.5250764061366004
C_PIECECOORDINATION:0.5853020813047742
C_ROOKANDPAWNMOVEMENT:0.5853020813047742
C_CENTERCONTROL:0.5809370257374188
C_DEVELOPPIECES:0.5347151419204165
C_MATERIAL:0.4151421544576911
