ELO:1000
CE_PASSEDPAWNS:0.49291305236310357
CE_PAWNWEAKNESSES:0.5
CE_PIECEACTIVITY:0.49375968569548895
CE_KINGPAWNSHIELD:0.5161992760845158
CE_PIECECOORDINATION:0.5031579015337074
CE_MATERIAL:0.47533275183487816
CE_KINGSAFETY:0.5
C_PIECESQUARETABLES:0.4916760451742424
C_MOBILITY:0.49906932490531825
C_KINGSAFETY:0.5
C_PAWNSTRUCTURE:0.48837329962799403
C_PIECECOORDINATION:0.5118346904313296
C_ROOKANDPAWNMOVEMENT:0.5118346904313296
C_CENTERCONTROL:0.5106166044554594
C_DEVELOPPIECES:0.5089942785151566
C_MATERIAL:0.4708050269655859
