ELO:998
CE_PASSEDPAWNS:0.47754790058891555
CE_PAWNWEAKNESSES:0.5067136155192479
CE_PIECEACTIVITY:0.5038364792262477
CE_KINGPAWNSHIELD:0.5041333401435651
CE_PIECECOORDINATION:0.4976654527727219
CE_MATERIAL:0.5
CE_KINGSAFETY:0.5093769006231657
C_PIECESQUARETABLES:0.4955507716116805
C_MOBILITY:0.5047991210429897
C_KINGSAFETY:0.4918893714169307
C_PAWNSTRUCTURE:0.5
C_PIECECOORDINATION:0.49493118141964876
C_ROOKANDPAWNMOVEMENT:0.49493118141964876
C_CENTERCONTROL:0.498943033139986
C_DEVELOPPIECES:0.49258406783705105
C_MATERIAL:0.5095340560030283
C_MOVECOUNT:0.5
