ELO:982
CE_PASSEDPAWNS:0.5163291044943169
CE_PAWNWEAKNESSES:0.5264622158592249
CE_PIECEACTIVITY:0.4929733115763262
CE_KINGPAWNSHIELD:0.4997907030102182
CE_PIECECOORDINATION:0.4901322047892272
CE_MATERIAL:0.49484128255463233
CE_KINGSAFETY:0.5
C_PIECESQUARETABLES:0.5
C_MOBILITY:0.5179301158658576
C_KINGSAFETY:0.5005596275299088
C_PAWNSTRUCTURE:0.508596931567696
C_PIECECOORDINATION:0.4910226479986953
C_ROOKANDPAWNMOVEMENT:0.4910226479986953
C_CENTERCONTROL:0.5069720108719551
C_DEVELOPPIECES:0.5158353889233167
C_MATERIAL:0.5
C_MOVECOUNT:0.4855723280136309
