ELO:1000
CE_PASSEDPAWNS:0.5043650576049168
CE_PAWNWEAKNESSES:0.4923329376566492
CE_PIECEACTIVITY:0.5841456113198896
CE_KINGPAWNSHIELD:0.5189929774867152
CE_PIECECOORDINATION:0.516516919117639
CE_MATERIAL:0.5440354376852128
CE_KINGSAFETY:0.4461422107503143
C_PIECESQUARETABLES:0.4868213222324353
C_MOBILITY:0.5260054783773322
C_KINGSAFETY:0.5158309228270895
C_PAWNSTRUCTURE:0.5700229609221641
C_PIECECOORDINATION:0.5410139196300552
C_ROOKANDPAWNMOVEMENT:0.5410139196300552
C_CENTERCONTROL:0.5013982404124979
C_DEVELOPPIECES:0.4996592730830459
C_MATERIAL:0.4713712220426391
