ELO:1000
CE_PASSEDPAWNS:0.49361170414200845
CE_PAWNWEAKNESSES:0.5
CE_PIECEACTIVITY:0.5132234124207398
CE_KINGPAWNSHIELD:0.5205243470489913
CE_PIECECOORDINATION:0.5040942929791551
CE_MATERIAL:0.4962730966950658
CE_KINGSAFETY:0.4878074431237605
C_PIECESQUARETABLES:0.483246177882537
C_MOBILITY:0.5009450854528282
C_KINGSAFETY:0.5015957164024545
C_PAWNSTRUCTURE:0.5109665314580929
C_PIECECOORDINATION:0.5070407531466901
C_ROOKANDPAWNMOVEMENT:0.5070407531466901
C_CENTERCONTROL:0.49753793317165185
C_DEVELOPPIECES:0.49467414613525
C_MATERIAL:0.49801225902424934
