ELO:910
CE_PASSEDPAWNS:0.5275474422849106
CE_PAWNWEAKNESSES:0.5371246628621117
CE_PIECEACTIVITY:0.46981121495240513
CE_KINGPAWNSHIELD:0.4900255695288044
CE_PIECECOORDINATION:0.49228050152920455
CE_MATERIAL:0.5098509283530526
CE_KINGSAFETY:0.5014811228721358
C_PIECESQUARETABLES:0.49571424164921835
C_MOBILITY:0.524118281934557
C_KINGSAFETY:0.5230131234335919
C_PAWNSTRUCTURE:0.4677494419314882
C_PIECECOORDINATION:0.5050827263648429
C_ROOK:0.49376204296288423
CE_ROOK:0.4449355395199694
C_CENTERCONTROL:0.4647221216329778
C_DEVELOPPIECES:0.5388020368258022
C_MATERIAL:0.4793341848809665
C_MOVECOUNT:0.5403031351113068
C_PAWNMOVEMENT:0.5301064935751766
