ELO:981
CE_PASSEDPAWNS:0.4676203676947187
CE_PAWNWEAKNESSES:0.49781771796867624
CE_PIECEACTIVITY:0.4791422965900773
CE_KINGPAWNSHIELD:0.533880951687436
CE_PIECECOORDINATION:0.4865180575215708
CE_MATERIAL:0.46605111097074664
CE_KINGSAFETY:0.5
C_PIECESQUARETABLES:0.5063126366768516
C_MOBILITY:0.4951433976966723
C_KINGSAFETY:0.4891415646306995
C_PAWNSTRUCTURE:0.46517017189559456
C_PIECECOORDINATION:0.5049486247240209
C_ROOKANDPAWNMOVEMENT:0.5049486247240209
C_CENTERCONTROL:0.5319782067560206
C_DEVELOPPIECES:0.5013894901677293
C_MATERIAL:0.5103586157394064
C_MOVECOUNT:0.5
