ELO:971
CE_PASSEDPAWNS:0.50196792465168
CE_PAWNWEAKNESSES:0.5485368620400803
CE_PIECEACTIVITY:0.47939325433472596
CE_KINGPAWNSHIELD:0.476832791593016
CE_PIECECOORDINATION:0.48523898116122216
CE_MATERIAL:0.5069984281113369
CE_KINGSAFETY:0.5
C_PIECESQUARETABLES:0.5
C_MOBILITY:0.5198120329195864
C_KINGSAFETY:0.4902636144585374
C_PAWNSTRUCTURE:0.5061688966567143
C_PIECECOORDINATION:0.48550005154982423
C_ROOK:0.495006852105368
CE_ROOK:0.469198714288564
C_CENTERCONTROL:0.5
C_DEVELOPPIECES:0.5104607287797172
C_MATERIAL:0.46057673196294274
C_MOVECOUNT:0.5123696205501086
C_PAWNMOVEMENT:0.4971434755423906
