ELO:804
CE_PASSEDPAWNS:0.5060818757999348
CE_PAWNWEAKNESSES:0.433053107584693
CE_PIECEACTIVITY:0.4604524377765599
CE_KINGPAWNSHIELD:0.4411285868480009
CE_PIECECOORDINATION:0.5333206813586169
CE_MATERIAL:0.433114969385523
CE_KINGSAFETY:0.512320981820842
C_PIECESQUARETABLES:0.49398492307414893
C_MOBILITY:0.4977842925504713
C_KINGSAFETY:0.5346924933645999
C_PAWNSTRUCTURE:0.4330331851128063
C_PIECECOORDINATION:0.46231535172027455
C_ROOKANDPAWNMOVEMENT:0.46231535172027455
C_CENTERCONTROL:0.5344523654051169
C_DEVELOPPIECES:0.5702525747748292
C_MATERIAL:0.5196027264317848
C_MOVECOUNT:0.5
