ELO:971
CE_PASSEDPAWNS:0.5219781104996699
CE_PAWNWEAKNESSES:0.5378902170157324
CE_PIECEACTIVITY:0.49178620633904924
CE_KINGPAWNSHIELD:0.4762284890550178
CE_PIECECOORDINATION:0.48523898116122216
CE_MATERIAL:0.5167535783327158
CE_KINGSAFETY:0.4952072580340228
C_PIECESQUARETABLES:0.4927387023948088
C_MOBILITY:0.5198120329195864
C_KINGSAFETY:0.4977475671238436
C_PAWNSTRUCTURE:0.49472152036098926
C_PIECECOORDINATION:0.4908692488362594
C_ROOK:0.495006852105368
CE_ROOK:0.48138908021067545
C_CENTERCONTROL:0.5
C_DEVELOPPIECES:0.4980897841629405
C_MATERIAL:0.47300594065035345
C_MOVECOUNT:0.5156260426401418
C_PAWNMOVEMENT:0.4971434755423906
