ELO:819
CE_PASSEDPAWNS:0.47959360851228405
CE_PAWNWEAKNESSES:0.3636688119640114
CE_PIECEACTIVITY:0.6343065075007933
CE_KINGPAWNSHIELD:0.5398529249669893
CE_PIECECOORDINATION:0.5242818607495247
CE_MATERIAL:0.7202720795659877
CE_KINGSAFETY:0.5
C_PIECESQUARETABLES:0.4939780926068126
C_MOBILITY:0.6175995080530992
C_KINGSAFETY:0.45307971009856285
C_PAWNSTRUCTURE:0.46986308380217223
C_PIECECOORDINATION:0.5554784286495439
C_ROOKANDPAWNMOVEMENT:0.5554784286495439
C_CENTERCONTROL:0.5563729620631565
C_DEVELOPPIECES:0.48557427197554714
C_MATERIAL:0.4075954201413492
