ELO:969
CE_PASSEDPAWNS:0.49925587108589353
CE_PAWNWEAKNESSES:0.48987155651442743
CE_PIECEACTIVITY:0.4882029470495221
CE_KINGPAWNSHIELD:0.4910913514081982
CE_PIECECOORDINATION:0.4901322047892272
CE_MATERIAL:0.49484128255463233
CE_KINGSAFETY:0.5023183451978237
C_PIECESQUARETABLES:0.5
C_MOBILITY:0.5497127375609488
C_KINGSAFETY:0.5005596275299088
C_PAWNSTRUCTURE:0.5115572988477921
C_PIECECOORDINATION:0.4690636845665376
C_ROOKANDPAWNMOVEMENT:0.4690636845665376
C_CENTERCONTROL:0.5069720108719551
C_DEVELOPPIECES:0.5143478843239525
C_MATERIAL:0.5034509598699832
C_MOVECOUNT:0.490055413410477
