ELO:975
CE_PASSEDPAWNS:0.508063726707471
CE_PAWNWEAKNESSES:0.5
CE_PIECEACTIVITY:0.511196556516694
CE_KINGPAWNSHIELD:0.5067141294660712
CE_PIECECOORDINATION:0.5049476655584416
CE_MATERIAL:0.4957928119504726
CE_KINGSAFETY:0.5041829591181443
C_PIECESQUARETABLES:0.4903319695628344
C_MOBILITY:0.49138952053609164
C_KINGSAFETY:0.5261238650996675
C_PAWNSTRUCTURE:0.5117590827532732
C_PIECECOORDINATION:0.49677236009766235
C_ROOK:0.5032620800067156
CE_ROOK:0.4954311100870609
C_CENTERCONTROL:0.5063536380382587
C_DEVELOPPIECES:0.49872166760286074
C_MATERIAL:0.482494612047799
C_MOVECOUNT:0.4813138632492109
C_PAWNMOVEMENT:0.5067793671706117
