ELO:999
CE_PASSEDPAWNS:0.5115842297842167
CE_PAWNWEAKNESSES:0.5187904122225985
CE_PIECEACTIVITY:0.5074833615545271
CE_KINGPAWNSHIELD:0.4855519071625957
CE_PIECECOORDINATION:0.4943533876257843
CE_MATERIAL:0.49390368271821855
CE_KINGSAFETY:0.5
C_PIECESQUARETABLES:0.5
C_MOBILITY:0.5139012484138037
C_KINGSAFETY:0.5
C_PAWNSTRUCTURE:0.5014504594851211
C_PIECECOORDINATION:0.5008784321614745
C_ROOK:0.4913810396169798
CE_ROOK:0.4769063411109954
C_CENTERCONTROL:0.5
C_DEVELOPPIECES:0.49441135807185355
C_MATERIAL:0.4940677671903662
C_MOVECOUNT:0.49648667569157534
C_PAWNMOVEMENT:0.5098730558031906
