ELO:909
CE_PASSEDPAWNS:0.6142992868566937
CE_PAWNWEAKNESSES:0.5450779210745804
CE_PIECEACTIVITY:0.5603690176604165
CE_KINGPAWNSHIELD:0.4334131632165064
CE_PIECECOORDINATION:0.46503698629731166
CE_MATERIAL:0.49825568672987247
CE_KINGSAFETY:0.5013852792755801
C_PIECESQUARETABLES:0.5105895834078078
C_MOBILITY:0.4963202925355882
C_KINGSAFETY:0.392366678015351
C_PAWNSTRUCTURE:0.6159863760236994
C_PIECECOORDINATION:0.5290600644201012
C_ROOKANDPAWNMOVEMENT:0.5290600644201012
C_CENTERCONTROL:0.42005065709983985
C_DEVELOPPIECES:0.5672007988943192
C_MATERIAL:0.5012204291363329
