ELO:990
CE_PASSEDPAWNS:0.5457345729423272
CE_PAWNWEAKNESSES:0.4449176979510626
CE_PIECEACTIVITY:0.5975814565428466
CE_KINGPAWNSHIELD:0.5599465954910741
CE_PIECECOORDINATION:0.6077484876809883
CE_MATERIAL:0.4648599263749156
CE_KINGSAFETY:0.4943291689277528
C_PIECESQUARETABLES:0.5055910108175627
C_MOBILITY:0.6311278778002184
C_KINGSAFETY:0.5742475742575268
C_PAWNSTRUCTURE:0.6167243620518561
C_PIECECOORDINATION:0.5562674503149065
C_ROOKANDPAWNMOVEMENT:0.5562674503149065
C_CENTERCONTROL:0.38741879983946736
C_DEVELOPPIECES:0.5933423053266473
C_MATERIAL:0.5866536899795093
