ELO:979
CE_PASSEDPAWNS:0.5972351792761347
CE_PAWNWEAKNESSES:0.44904956782835037
CE_PIECEACTIVITY:0.5921707502723325
CE_KINGPAWNSHIELD:0.445960912968925
CE_PIECECOORDINATION:0.5217675683153428
CE_MATERIAL:0.43570553758472486
CE_KINGSAFETY:0.4866340963274247
C_PIECESQUARETABLES:0.48868670178928736
C_MOBILITY:0.44254839137979773
C_KINGSAFETY:0.4277731846578211
C_PAWNSTRUCTURE:0.5436579438051733
C_PIECECOORDINATION:0.49049003173427463
C_ROOKANDPAWNMOVEMENT:0.49049003173427463
C_CENTERCONTROL:0.4455361049401947
C_DEVELOPPIECES:0.5210176922680786
C_MATERIAL:0.48610985200833146
