ELO:857
CE_PASSEDPAWNS:0.479611982856194
CE_PAWNWEAKNESSES:0.3954978585342235
CE_PIECEACTIVITY:0.6146039387982373
CE_KINGPAWNSHIELD:0.5253320577958336
CE_PIECECOORDINATION:0.5285176590340204
CE_MATERIAL:0.7066592227534645
CE_KINGSAFETY:0.5377734569282008
C_PIECESQUARETABLES:0.5201726842631363
C_MOBILITY:0.6207190438089378
C_KINGSAFETY:0.4647712016734719
C_PAWNSTRUCTURE:0.4615975742609844
C_PIECECOORDINATION:0.5705751942830699
C_ROOKANDPAWNMOVEMENT:0.5705751942830699
C_CENTERCONTROL:0.5635918313728464
C_DEVELOPPIECES:0.4645901575346877
C_MATERIAL:0.4106482144733936
