ELO:957
CE_PASSEDPAWNS:0.5054421569337714
CE_PAWNWEAKNESSES:0.5195504506874089
CE_PIECEACTIVITY:0.49584996706711704
CE_KINGPAWNSHIELD:0.5
CE_PIECECOORDINATION:0.4853781290296627
CE_MATERIAL:0.5020318449269437
CE_KINGSAFETY:0.48391353847312696
C_PIECESQUARETABLES:0.48989058830326726
C_MOBILITY:0.5074480007128731
C_KINGSAFETY:0.49169269616341094
C_PAWNSTRUCTURE:0.4772908424332293
C_PIECECOORDINATION:0.4806644719776816
C_ROOKANDPAWNMOVEMENT:0.4806644719776816
C_CENTERCONTROL:0.5242246050784152
C_DEVELOPPIECES:0.48756067135363146
C_MATERIAL:0.512082214956185
