ELO:1000
CE_PASSEDPAWNS:0.4797121052803491
CE_PAWNWEAKNESSES:0.5240551925615016
CE_PIECEACTIVITY:0.5706507444358618
CE_KINGPAWNSHIELD:0.5104025746572778
CE_PIECECOORDINATION:0.49557842934924096
CE_MATERIAL:0.513950894443467
CE_KINGSAFETY:0.5235215665900327
C_PIECESQUARETABLES:0.5060269664516576
C_MOBILITY:0.5124647173215348
C_KINGSAFETY:0.5294603269662111
C_PAWNSTRUCTURE:0.5398296933810672
C_PIECECOORDINATION:0.5243607938885507
C_ROOKANDPAWNMOVEMENT:0.5243607938885507
C_CENTERCONTROL:0.48743244106955375
C_DEVELOPPIECES:0.4973806812538759
C_MATERIAL:0.4648722780470163
