ELO:1000
CE_PASSEDPAWNS:0.47285735665135586
CE_PAWNWEAKNESSES:0.527755047988297
CE_PIECEACTIVITY:0.5859926094558608
CE_KINGPAWNSHIELD:0.5121026651610595
CE_PIECECOORDINATION:0.5059153162848566
CE_MATERIAL:0.4988105309765495
CE_KINGSAFETY:0.4762971221496112
C_PIECESQUARETABLES:0.5071922053282754
C_MOBILITY:0.5028796536669765
C_KINGSAFETY:0.5330604543641779
C_PAWNSTRUCTURE:0.5312230725695368
C_PIECECOORDINATION:0.5015891378385097
C_ROOKANDPAWNMOVEMENT:0.5015891378385097
C_CENTERCONTROL:0.4890387641372168
C_DEVELOPPIECES:0.5215549499794907
C_MATERIAL:0.4858773711640006
