ELO:984
CE_PASSEDPAWNS:0.5028305288301008
CE_PAWNWEAKNESSES:0.49851914493684635
CE_PIECEACTIVITY:0.506702524023395
CE_KINGPAWNSHIELD:0.4953908074114084
CE_PIECECOORDINATION:0.4918204445861049
CE_MATERIAL:0.5107039292977302
CE_KINGSAFETY:0.4829018720204278
C_PIECESQUARETABLES:0.49866764064664854
C_MOBILITY:0.5116191624251087
C_KINGSAFETY:0.49050442914137393
C_PAWNSTRUCTURE:0.4879328261865276
C_PIECECOORDINATION:0.48235101409458675
C_ROOKANDPAWNMOVEMENT:0.48235101409458675
C_CENTERCONTROL:0.49213687263880423
C_DEVELOPPIECES:0.5080035039744136
C_MATERIAL:0.5081164573641238
C_MOVECOUNT:0.5240271870051247
