ELO:997
CE_PASSEDPAWNS:0.5115842297842167
CE_PAWNWEAKNESSES:0.519062548679687
CE_PIECEACTIVITY:0.5041972631441596
CE_KINGPAWNSHIELD:0.4747781416633109
CE_PIECECOORDINATION:0.4960301209447962
CE_MATERIAL:0.49390368271821855
CE_KINGSAFETY:0.5
C_PIECESQUARETABLES:0.5
C_MOBILITY:0.5240809387350015
C_KINGSAFETY:0.5
C_PAWNSTRUCTURE:0.4919406489173832
C_PIECECOORDINATION:0.5008784321614745
C_ROOK:0.49829229331031144
CE_ROOK:0.4769063411109954
C_CENTERCONTROL:0.5
C_DEVELOPPIECES:0.48978340258401337
C_MATERIAL:0.4940677671903662
C_MOVECOUNT:0.49648667569157534
C_PAWNMOVEMENT:0.5098730558031906
