ELO:974
CE_PASSEDPAWNS:0.49502797621518374
CE_PAWNWEAKNESSES:0.5
CE_PIECEACTIVITY:0.5105306478275848
CE_KINGPAWNSHIELD:0.49636844276760816
CE_PIECECOORDINATION:0.5046204244738107
CE_MATERIAL:0.4907258368292446
CE_KINGSAFETY:0.5
C_PIECESQUARETABLES:0.5029044063526072
C_MOBILITY:0.5
C_KINGSAFETY:0.5
C_PAWNSTRUCTURE:0.4970951440618458
C_PIECECOORDINATION:0.5161868453827876
C_ROOKANDPAWNMOVEMENT:0.5161868453827876
C_CENTERCONTROL:0.5248858828100758
C_DEVELOPPIECES:0.4786505668236421
C_MATERIAL:0.4974169411185217
C_MOVECOUNT:0.5
