ELO:931
CE_PASSEDPAWNS:0.4832071581150477
CE_PAWNWEAKNESSES:0.5325447788523184
CE_PIECEACTIVITY:0.5114873310589865
CE_KINGPAWNSHIELD:0.5120971310139018
CE_PIECECOORDINATION:0.49292712705883723
CE_MATERIAL:0.4604471017800451
CE_KINGSAFETY:0.4728994659484983
C_PIECESQUARETABLES:0.4653171698550748
C_MOBILITY:0.49307030249185657
C_KINGSAFETY:0.4727333163226072
C_PAWNSTRUCTURE:0.4727859354348042
C_PIECECOORDINATION:0.48672524569055114
C_ROOKANDPAWNMOVEMENT:0.48672524569055114
C_CENTERCONTROL:0.5077790941015665
C_DEVELOPPIECES:0.49592820457148845
C_MATERIAL:0.46749424902536135
C_MOVECOUNT:0.4615354329713315
