ELO:1000
CE_PASSEDPAWNS:0.49280330524051524
CE_PAWNWEAKNESSES:0.506907745642564
CE_PIECEACTIVITY:0.5844953881483292
CE_KINGPAWNSHIELD:0.5370371346567546
CE_PIECECOORDINATION:0.5195787692241274
CE_MATERIAL:0.5462242816099508
CE_KINGSAFETY:0.4605289552908551
C_PIECESQUARETABLES:0.49718538048338445
C_MOBILITY:0.5036082304475634
C_KINGSAFETY:0.5160591236971629
C_PAWNSTRUCTURE:0.5669342593947412
C_PIECECOORDINATION:0.5540448050851187
C_ROOKANDPAWNMOVEMENT:0.5540448050851187
C_CENTERCONTROL:0.48582783243270367
C_DEVELOPPIECES:0.4883907320690115
C_MATERIAL:0.4825821966725868
