ELO:967
CE_PASSEDPAWNS:0.5147116976684044
CE_PAWNWEAKNESSES:0.4378512215764553
CE_PIECEACTIVITY:0.6067784126897101
CE_KINGPAWNSHIELD:0.5611208747014477
CE_PIECECOORDINATION:0.5198505971803268
CE_MATERIAL:0.6394312041341442
CE_KINGSAFETY:0.5114903363303389
C_PIECESQUARETABLES:0.5189407315410899
C_MOBILITY:0.5865711871264602
C_KINGSAFETY:0.46313988052167354
C_PAWNSTRUCTURE:0.5575044073536497
C_PIECECOORDINATION:0.5154856165612803
C_ROOKANDPAWNMOVEMENT:0.5154856165612803
C_CENTERCONTROL:0.5887474883139869
C_DEVELOPPIECES:0.48336369303592475
C_MATERIAL:0.41010492916208324
