ELO:741
CE_PASSEDPAWNS:0.5758423239142703
CE_PAWNWEAKNESSES:0.41387582387314237
CE_PIECEACTIVITY:0.4284231282263692
CE_KINGPAWNSHIELD:0.4176890623006524
CE_PIECECOORDINATION:0.5841413197611499
CE_MATERIAL:0.4031321097571919
CE_KINGSAFETY:0.5536237995675409
C_PIECESQUARETABLES:0.5035321483228195
C_MOBILITY:0.4759601291010076
C_KINGSAFETY:0.5556114624310363
C_PAWNSTRUCTURE:0.4125076568576746
C_PIECECOORDINATION:0.46677051377531553
C_ROOKANDPAWNMOVEMENT:0.46677051377531553
C_CENTERCONTROL:0.5366646256345745
C_DEVELOPPIECES:0.5785293133610043
C_MATERIAL:0.5059389933256521
C_MOVECOUNT:0.4750910628088128
