ELO:977
CE_PASSEDPAWNS:0.4983750658757436
CE_PAWNWEAKNESSES:0.4949097633578459
CE_PIECEACTIVITY:0.5807678510979797
CE_KINGPAWNSHIELD:0.5143167049770421
CE_PIECECOORDINATION:0.5287153665310702
CE_MATERIAL:0.5633379992721151
CE_KINGSAFETY:0.3979598790535589
C_PIECESQUARETABLES:0.46066113541939124
C_MOBILITY:0.5241633949523753
C_KINGSAFETY:0.4878777822908589
C_PAWNSTRUCTURE:0.5797400439700421
C_PIECECOORDINATION:0.5217816795196657
C_ROOKANDPAWNMOVEMENT:0.5217816795196657
C_CENTERCONTROL:0.5565256071697505
C_DEVELOPPIECES:0.5021672298460557
C_MATERIAL:0.43801878665224153
