ELO:940
CE_PASSEDPAWNS:0.5106644580172229
CE_PAWNWEAKNESSES:0.4199271194168031
CE_PIECEACTIVITY:0.617145603158131
CE_KINGPAWNSHIELD:0.5673553337399183
CE_PIECECOORDINATION:0.5242610054776369
CE_MATERIAL:0.6573614944148662
CE_KINGSAFETY:0.538532125113455
C_PIECESQUARETABLES:0.515887950761559
C_MOBILITY:0.5707592444816239
C_KINGSAFETY:0.4913008767184823
C_PAWNSTRUCTURE:0.5280438213306906
C_PIECECOORDINATION:0.5330262211977168
C_ROOKANDPAWNMOVEMENT:0.5330262211977168
C_CENTERCONTROL:0.5912201431400931
C_DEVELOPPIECES:0.46950669603421064
C_MATERIAL:0.4268877847597707
