ELO:1000
CE_PASSEDPAWNS:0.49420646467373464
CE_PAWNWEAKNESSES:0.5119252775474745
CE_PIECEACTIVITY:0.5816969099935921
CE_KINGPAWNSHIELD:0.5241134102848362
CE_PIECECOORDINATION:0.5225762276356981
CE_MATERIAL:0.5261572093511523
CE_KINGSAFETY:0.48222880239671834
C_PIECESQUARETABLES:0.5065481308996334
C_MOBILITY:0.5003734849054347
C_KINGSAFETY:0.5271943376638603
C_PAWNSTRUCTURE:0.5678440083533896
C_PIECECOORDINATION:0.515797497634111
C_ROOKANDPAWNMOVEMENT:0.515797497634111
C_CENTERCONTROL:0.49071395527817646
C_DEVELOPPIECES:0.507346300541304
C_MATERIAL:0.5105658428603439
