ELO:966
CE_PASSEDPAWNS:0.4920092851627049
CE_PAWNWEAKNESSES:0.4999343445682604
CE_PIECEACTIVITY:0.4885028033770961
CE_KINGPAWNSHIELD:0.5129934532367719
CE_PIECECOORDINATION:0.4853781290296627
CE_MATERIAL:0.4979220516397994
CE_KINGSAFETY:0.4813363058792066
C_PIECESQUARETABLES:0.4850324619106114
C_MOBILITY:0.5016431425975023
C_KINGSAFETY:0.47751184808225816
C_PAWNSTRUCTURE:0.4715567497558738
C_PIECECOORDINATION:0.4806644719776816
C_ROOKANDPAWNMOVEMENT:0.4806644719776816
C_CENTERCONTROL:0.5148494924423649
C_DEVELOPPIECES:0.47875343621487765
C_MATERIAL:0.48981363040366865
