ELO:937
CE_PASSEDPAWNS:0.625238870419205
CE_PAWNWEAKNESSES:0.5327151070806699
CE_PIECEACTIVITY:0.5562581147865328
CE_KINGPAWNSHIELD:0.43224738274774316
CE_PIECECOORDINATION:0.4931665342424322
CE_MATERIAL:0.44839503268840397
CE_KINGSAFETY:0.5013225589693244
C_PIECESQUARETABLES:0.5
C_MOBILITY:0.4503615577258485
C_KINGSAFETY:0.38739751944949474
C_PAWNSTRUCTURE:0.5920392210134696
C_PIECECOORDINATION:0.4929132057695993
C_ROOKANDPAWNMOVEMENT:0.4929132057695993
C_CENTERCONTROL:0.40580756821408476
C_DEVELOPPIECES:0.5574050224702958
C_MATERIAL:0.49564623358553955
