ELO:1000
CE_PASSEDPAWNS:0.5177567738163106
CE_PAWNWEAKNESSES:0.4601645267642534
CE_PIECEACTIVITY:0.5751209685310623
CE_KINGPAWNSHIELD:0.47085741375634443
CE_PIECECOORDINATION:0.5052490254339287
CE_MATERIAL:0.46641025758509636
CE_KINGSAFETY:0.46471679337477356
C_PIECESQUARETABLES:0.4525552302161985
C_MOBILITY:0.5178674489226781
C_KINGSAFETY:0.46124411414040056
C_PAWNSTRUCTURE:0.5347324395134829
C_PIECECOORDINATION:0.5733513595218481
C_ROOKANDPAWNMOVEMENT:0.5733513595218481
C_CENTERCONTROL:0.5488578647869999
C_DEVELOPPIECES:0.5642990073881369
C_MATERIAL:0.4464460885365959
