ELO:1014
CE_PASSEDPAWNS:0.49908747445169216
CE_PAWNWEAKNESSES:0.5196895820307637
CE_PIECEACTIVITY:0.5121355441577262
CE_KINGPAWNSHIELD:0.5
CE_PIECECOORDINATION:0.4886108456735903
CE_MATERIAL:0.47481178022557163
CE_KINGSAFETY:0.4885751271692174
C_PIECESQUARETABLES:0.4928148375087531
C_MOBILITY:0.4977614821733709
C_KINGSAFETY:0.5068085702954956
C_PAWNSTRUCTURE:0.5157276695986496
C_PIECECOORDINATION:0.5156207911731323
C_ROOKANDPAWNMOVEMENT:0.5156207911731323
C_CENTERCONTROL:0.49679328340814427
C_DEVELOPPIECES:0.4842028227216144
C_MATERIAL:0.48976912076840845
C_MOVECOUNT:0.5
