ELO:902
CE_PASSEDPAWNS:0.5168181138303549
CE_PAWNWEAKNESSES:0.5417176364732489
CE_PIECEACTIVITY:0.4656060811700803
CE_KINGPAWNSHIELD:0.47404556367079537
CE_PIECECOORDINATION:0.492044687630426
CE_MATERIAL:0.48817868065474046
CE_KINGSAFETY:0.5089898768262733
C_PIECESQUARETABLES:0.48775041860105667
C_MOBILITY:0.5153462904580645
C_KINGSAFETY:0.5298511613029909
C_PAWNSTRUCTURE:0.46298368670575607
C_PIECECOORDINATION:0.5050827263648429
C_ROOK:0.5032620623322707
CE_ROOK:0.4528347225740079
C_CENTERCONTROL:0.4830566286741425
C_DEVELOPPIECES:0.538581767355454
C_MATERIAL:0.4661745602679764
C_MOVECOUNT:0.528095711333821
C_PAWNMOVEMENT:0.5340291657368379
