ELO:1000
CE_PASSEDPAWNS:0.5192515988132412
CE_PAWNWEAKNESSES:0.4753567963024862
CE_PIECEACTIVITY:0.5777541068548869
CE_KINGPAWNSHIELD:0.45600766498960366
CE_PIECECOORDINATION:0.4836413416340829
CE_MATERIAL:0.47188395054470295
CE_KINGSAFETY:0.5031035617093562
C_PIECESQUARETABLES:0.5003498319593532
C_MOBILITY:0.49826929424865946
C_KINGSAFETY:0.45408301750311747
C_PAWNSTRUCTURE:0.5366947324576143
C_PIECECOORDINATION:0.5787727309471676
C_ROOKANDPAWNMOVEMENT:0.5787727309471676
C_CENTERCONTROL:0.5452147154029604
C_DEVELOPPIECES:0.5679140645354137
C_MATERIAL:0.42969433764490617
