ELO:1097
CE_PASSEDPAWNS:0.4770350156626036
CE_PAWNWEAKNESSES:0.4382234392407758
CE_PIECEACTIVITY:0.4819665607618987
CE_KINGPAWNSHIELD:0.42380178140201147
CE_PIECECOORDINATION:0.4689209404343766
CE_MATERIAL:0.44834053960394815
CE_KINGSAFETY:0.4860466701818482
C_PIECESQUARETABLES:0.5144507513072826
C_MOBILITY:0.4233453690334017
C_KINGSAFETY:0.6333790049096516
C_PAWNSTRUCTURE:0.42783319365445577
C_PIECECOORDINATION:0.49423703745518255
C_ROOKANDPAWNMOVEMENT:0.49423703745518255
C_CENTERCONTROL:0.4946033822342497
C_DEVELOPPIECES:0.5490386990937132
C_MATERIAL:0.36619472070035763
