ELO:949
CE_PASSEDPAWNS:0.6051053890683745
CE_PAWNWEAKNESSES:0.4838327416200641
CE_PIECEACTIVITY:0.5496675757668438
CE_KINGPAWNSHIELD:0.4234531503264706
CE_PIECECOORDINATION:0.4855421711447769
CE_MATERIAL:0.4716350721197291
CE_KINGSAFETY:0.5243692748841311
C_PIECESQUARETABLES:0.5185144726902962
C_MOBILITY:0.4581838687065791
C_KINGSAFETY:0.40503786912591183
C_PAWNSTRUCTURE:0.5865847626167825
C_PIECECOORDINATION:0.4882120322082629
C_ROOKANDPAWNMOVEMENT:0.4882120322082629
C_CENTERCONTROL:0.4206622932231908
C_DEVELOPPIECES:0.5535978000114663
C_MATERIAL:0.49755520427272576
