ELO:981
CE_PASSEDPAWNS:0.5125540340645126
CE_PAWNWEAKNESSES:0.5269690804898018
CE_PIECEACTIVITY:0.506357224996934
CE_KINGPAWNSHIELD:0.5016403116294975
CE_PIECECOORDINATION:0.4999440551406206
CE_MATERIAL:0.5
CE_KINGSAFETY:0.5
C_PIECESQUARETABLES:0.5
C_MOBILITY:0.48469986447742847
C_KINGSAFETY:0.49544774262333163
C_PAWNSTRUCTURE:0.508596931567696
C_PIECECOORDINATION:0.5166428603537134
C_ROOKANDPAWNMOVEMENT:0.5166428603537134
C_CENTERCONTROL:0.5067545249835239
C_DEVELOPPIECES:0.49413048901230966
C_MATERIAL:0.48619597329407255
C_MOVECOUNT:0.5
