ELO:984
CE_PASSEDPAWNS:0.5749527119408535
CE_PAWNWEAKNESSES:0.4431730615128327
CE_PIECEACTIVITY:0.5814516053258062
CE_KINGPAWNSHIELD:0.4474737603520364
CE_PIECECOORDINATION:0.5249734134479672
CE_MATERIAL:0.4351075119043133
CE_KINGSAFETY:0.5066493289224246
C_PIECESQUARETABLES:0.5089136323191416
C_MOBILITY:0.4452792449511328
C_KINGSAFETY:0.4342663250252212
C_PAWNSTRUCTURE:0.5296751573892715
C_PIECECOORDINATION:0.48506499735229114
C_ROOKANDPAWNMOVEMENT:0.48506499735229114
C_CENTERCONTROL:0.4248598574112758
C_DEVELOPPIECES:0.5095699859347592
C_MATERIAL:0.4870056252030802
