ELO:938
CE_PASSEDPAWNS:0.5008608184713735
CE_PAWNWEAKNESSES:0.4223987987401462
CE_PIECEACTIVITY:0.6081501977083951
CE_KINGPAWNSHIELD:0.5673553337399183
CE_PIECECOORDINATION:0.5242610054776369
CE_MATERIAL:0.6573614944148662
CE_KINGSAFETY:0.538532125113455
C_PIECESQUARETABLES:0.515887950761559
C_MOBILITY:0.5707592444816239
C_KINGSAFETY:0.4936624860710624
C_PAWNSTRUCTURE:0.5264472573360605
C_PIECECOORDINATION:0.5330262211977168
C_ROOKANDPAWNMOVEMENT:0.5330262211977168
C_CENTERCONTROL:0.5927123139001811
C_DEVELOPPIECES:0.46950669603421064
C_MATERIAL:0.41525021121597805
