ELO:1032
CE_PASSEDPAWNS:0.5
CE_PAWNWEAKNESSES:0.4988104023832904
CE_PIECEACTIVITY:0.5115711445638751
CE_KINGPAWNSHIELD:0.4912402102478737
CE_PIECECOORDINATION:0.5
CE_MATERIAL:0.5
CE_KINGSAFETY:0.5
C_PIECESQUARETABLES:0.5
C_MOBILITY:0.5051906369785958
C_KINGSAFETY:0.5
C_PAWNSTRUCTURE:0.4941289468478039
C_PIECECOORDINATION:0.5
C_ROOKANDPAWNMOVEMENT:0.5
C_CENTERCONTROL:0.5
C_DEVELOPPIECES:0.4963221382312686
C_MATERIAL:0.5
C_MOVECOUNT:0.5
