ELO:1000
CE_PASSEDPAWNS:0.4892806233635798
CE_PAWNWEAKNESSES:0.5118467885563801
CE_PIECEACTIVITY:0.5970231876669494
CE_KINGPAWNSHIELD:0.532049980386864
CE_PIECECOORDINATION:0.5128492757671864
CE_MATERIAL:0.5343406248630936
CE_KINGSAFETY:0.4592273291932019
C_PIECESQUARETABLES:0.5065481308996334
C_MOBILITY:0.5020449642195247
C_KINGSAFETY:0.5337330100158422
C_PAWNSTRUCTURE:0.5766619906664721
C_PIECECOORDINATION:0.530287751280746
C_ROOKANDPAWNMOVEMENT:0.530287751280746
C_CENTERCONTROL:0.4889893605007159
C_DEVELOPPIECES:0.5094979919314251
C_MATERIAL:0.4963134208843081
