ELO:894
CE_PASSEDPAWNS:0.508273601934796
CE_PAWNWEAKNESSES:0.4154986842527822
CE_PIECEACTIVITY:0.6128461655965646
CE_KINGPAWNSHIELD:0.5443094528107367
CE_PIECECOORDINATION:0.5163907380173923
CE_MATERIAL:0.6630573135438219
CE_KINGSAFETY:0.5588262723412736
C_PIECESQUARETABLES:0.49625454049825146
C_MOBILITY:0.5717811521708402
C_KINGSAFETY:0.4849480661422332
C_PAWNSTRUCTURE:0.5134071472327992
C_PIECECOORDINATION:0.5442537096569178
C_ROOKANDPAWNMOVEMENT:0.5442537096569178
C_CENTERCONTROL:0.5944305799574805
C_DEVELOPPIECES:0.4659345437413861
C_MATERIAL:0.42182675148214993
