ELO:1037
CE_PASSEDPAWNS:0.4888749446358555
CE_PAWNWEAKNESSES:0.5
CE_PIECEACTIVITY:0.5012593221806272
CE_KINGPAWNSHIELD:0.48903805567944
CE_PIECECOORDINATION:0.5100237706681233
CE_MATERIAL:0.48755275926830105
CE_KINGSAFETY:0.5
C_PIECESQUARETABLES:0.5
C_MOBILITY:0.48880449444570667
C_KINGSAFETY:0.5072308788579635
C_PAWNSTRUCTURE:0.5248539856510998
C_PIECECOORDINATION:0.5181771317652789
C_ROOK:0.5068507259615967
CE_ROOK:0.5
C_CENTERCONTROL:0.4935227025387516
C_DEVELOPPIECES:0.5169049356104082
C_MATERIAL:0.5
C_MOVECOUNT:0.48871135583086506
C_PAWNMOVEMENT:0.5037547385522029
