ELO:1034
CE_PASSEDPAWNS:0.47391601771006325
CE_PAWNWEAKNESSES:0.5
CE_PIECEACTIVITY:0.500113336584728
CE_KINGPAWNSHIELD:0.5292612059159568
CE_PIECECOORDINATION:0.5074421045417029
CE_MATERIAL:0.5222246684738875
CE_KINGSAFETY:0.5
C_PIECESQUARETABLES:0.5
C_MOBILITY:0.47763626907497486
C_KINGSAFETY:0.5002406708489867
C_PAWNSTRUCTURE:0.492159784962093
C_PIECECOORDINATION:0.5014574809208541
C_ROOK:0.4770555646613208
CE_ROOK:0.5032317218143227
C_CENTERCONTROL:0.4935227025387516
C_DEVELOPPIECES:0.5074205319448555
C_MATERIAL:0.5
C_MOVECOUNT:0.5021343610710851
C_PAWNMOVEMENT:0.5000142196998014
