ELO:774
CE_PASSEDPAWNS:0.4216588833298507
CE_PAWNWEAKNESSES:0.5292953372133123
CE_PIECEACTIVITY:0.4998423704873649
CE_KINGPAWNSHIELD:0.5217968219760439
CE_PIECECOORDINATION:0.48247577560068083
CE_MATERIAL:0.47806322028030424
CE_KINGSAFETY:0.4845988643651623
C_PIECESQUARETABLES:0.47945689556134424
C_MOBILITY:0.4708317042533741
C_KINGSAFETY:0.45217347330981666
C_PAWNSTRUCTURE:0.5338634409768714
C_PIECECOORDINATION:0.44209245832198374
C_ROOKANDPAWNMOVEMENT:0.44209245832198374
C_CENTERCONTROL:0.43080955316961
C_DEVELOPPIECES:0.5419919796326124
C_MATERIAL:0.5239459332808467
C_MOVECOUNT:0.5
