ELO:1015
CE_PASSEDPAWNS:0.4890785482199741
CE_PAWNWEAKNESSES:0.5
CE_PIECEACTIVITY:0.5084008407381846
CE_KINGPAWNSHIELD:0.5131175460459483
CE_PIECECOORDINATION:0.46240460696061925
CE_MATERIAL:0.49817642356733405
CE_KINGSAFETY:0.5270496285671684
C_PIECESQUARETABLES:0.5130486913288986
C_MOBILITY:0.5
C_KINGSAFETY:0.49251242720840516
C_PAWNSTRUCTURE:0.526667198429366
C_PIECECOORDINATION:0.5006743941866685
C_ROOKANDPAWNMOVEMENT:0.5006743941866685
C_CENTERCONTROL:0.5016729894231823
C_DEVELOPPIECES:0.5161774830112983
C_MATERIAL:0.5013742539614199
