ELO:1022
CE_PASSEDPAWNS:0.5009094585465971
CE_PAWNWEAKNESSES:0.4977326670091991
CE_PIECEACTIVITY:0.5078521403032359
CE_KINGPAWNSHIELD:0.5092371208598846
CE_PIECECOORDINATION:0.5111036686370785
CE_MATERIAL:0.507661575572455
CE_KINGSAFETY:0.5
C_PIECESQUARETABLES:0.5
C_MOBILITY:0.4967337857073545
C_KINGSAFETY:0.497067400002532
C_PAWNSTRUCTURE:0.49895348937271194
C_PIECECOORDINATION:0.5110920784006526
C_ROOK:0.5251904476926308
CE_ROOK:0.5
C_CENTERCONTROL:0.5
C_DEVELOPPIECES:0.5128766097516483
C_MATERIAL:0.499554118281984
C_MOVECOUNT:0.48163558042647137
C_PAWNMOVEMENT:0.5079365445748804
