ELO:1000
CE_PASSEDPAWNS:0.5
CE_PAWNWEAKNESSES:0.5031830205588856
CE_PIECEACTIVITY:0.5016358337954119
CE_KINGPAWNSHIELD:0.5134539507945974
CE_PIECECOORDINATION:0.5045190444321488
CE_MATERIAL:0.5043812163470417
CE_KINGSAFETY:0.5
C_PIECESQUARETABLES:0.5
C_MOBILITY:0.5037290832211825
C_KINGSAFETY:0.4778837742082676
C_PAWNSTRUCTURE:0.4982642932358307
C_PIECECOORDINATION:0.49009903945411243
C_ROOK:0.5029600758095996
CE_ROOK:0.5067031292738066
C_CENTERCONTROL:0.5043010663221579
C_DEVELOPPIECES:0.47556151963497695
C_MATERIAL:0.5178243298918705
C_MOVECOUNT:0.49920840758108787
C_PAWNMOVEMENT:0.5046735322739366
