ELO:674
CE_PASSEDPAWNS:0.46295775363551456
CE_PAWNWEAKNESSES:0.5839044498093456
CE_PIECEACTIVITY:0.5397517799284592
CE_KINGPAWNSHIELD:0.5048084852197505
CE_PIECECOORDINATION:0.460242421653849
CE_MATERIAL:0.4935658667384707
CE_KINGSAFETY:0.5047476350188631
C_PIECESQUARETABLES:0.50093083648244
C_MOBILITY:0.46564687779664843
C_KINGSAFETY:0.4708502835607056
C_PAWNSTRUCTURE:0.5676760312409931
C_PIECECOORDINATION:0.448773252553192
C_ROOKANDPAWNMOVEMENT:0.448773252553192
C_CENTERCONTROL:0.4434392674558629
C_DEVELOPPIECES:0.5697755712460616
C_MATERIAL:0.5072882464778995
C_MOVECOUNT:0.5113542302272123
