ELO:1000
CE_PASSEDPAWNS:0.48373706114385706
CE_PAWNWEAKNESSES:0.49118029576072675
CE_PIECEACTIVITY:0.4757910160414497
CE_KINGPAWNSHIELD:0.5225890932729198
CE_PIECECOORDINATION:0.5620176614846127
CE_MATERIAL:0.4642926320569752
CE_KINGSAFETY:0.4976977634636416
C_PIECESQUARETABLES:0.5138636962396105
C_MOBILITY:0.4978268033556501
C_KINGSAFETY:0.5024376229905919
C_PAWNSTRUCTURE:0.5212296214541238
C_PIECECOORDINATION:0.5042489654648381
C_ROOKANDPAWNMOVEMENT:0.5042489654648381
C_CENTERCONTROL:0.5159256819195412
C_DEVELOPPIECES:0.49568987710293466
C_MATERIAL:0.5460111814139689
