ELO:782
CE_PASSEDPAWNS:0.4953805188464906
CE_PAWNWEAKNESSES:0.512085885397899
CE_PIECEACTIVITY:0.5852386266331422
CE_KINGPAWNSHIELD:0.4158852211130396
CE_PIECECOORDINATION:0.4611711214102257
CE_MATERIAL:0.43671737156931556
CE_KINGSAFETY:0.528949759591298
C_PIECESQUARETABLES:0.5
C_MOBILITY:0.5380931101709673
C_KINGSAFETY:0.5804967910394608
C_PAWNSTRUCTURE:0.5781332785139575
C_PIECECOORDINATION:0.42137327993486834
C_ROOKANDPAWNMOVEMENT:0.42137327993486834
C_CENTERCONTROL:0.5185475282101573
C_DEVELOPPIECES:0.40779779138160127
C_MATERIAL:0.46274665395185477
C_MOVECOUNT:0.5
