ELO:989
CE_PASSEDPAWNS:0.4071122773708671
CE_PAWNWEAKNESSES:0.44542974891888637
CE_PIECEACTIVITY:0.49274308016029517
CE_KINGPAWNSHIELD:0.4696397898063529
CE_PIECECOORDINATION:0.6260234205290011
CE_MATERIAL:0.5030403841932721
CE_KINGSAFETY:0.5097455886915959
C_PIECESQUARETABLES:0.49816207749376346
C_MOBILITY:0.6193947590863695
C_KINGSAFETY:0.5811965040372822
C_PAWNSTRUCTURE:0.6251672804942213
C_PIECECOORDINATION:0.6030264810572965
C_ROOKANDPAWNMOVEMENT:0.6030264810572965
C_CENTERCONTROL:0.36542199356911786
C_DEVELOPPIECES:0.48483576568911063
C_MATERIAL:0.5866536899795093
