ELO:983
CE_PASSEDPAWNS:0.4779566700643086
CE_PAWNWEAKNESSES:0.48811848101165495
CE_PIECEACTIVITY:0.4939973717108349
CE_KINGPAWNSHIELD:0.5232116600455519
CE_PIECECOORDINATION:0.5098703940854438
CE_MATERIAL:0.513781136101705
CE_KINGSAFETY:0.49829317200774165
C_PIECESQUARETABLES:0.499389450732815
C_MOBILITY:0.5166038339715489
C_KINGSAFETY:0.4962793169595268
C_PAWNSTRUCTURE:0.5052069038878271
C_PIECECOORDINATION:0.49094309457599117
C_ROOK:0.5
CE_ROOK:0.5
C_CENTERCONTROL:0.5038911428961462
C_DEVELOPPIECES:0.48617992411414257
C_MATERIAL:0.5051537147955499
C_MOVECOUNT:0.5009239383003584
C_PAWNMOVEMENT:0.5
