ELO:1010
CE_PASSEDPAWNS:0.5025892421772449
CE_PAWNWEAKNESSES:0.4895432206578181
CE_PIECEACTIVITY:0.4846026042519886
CE_KINGPAWNSHIELD:0.5134539507945974
CE_PIECECOORDINATION:0.511440232155312
CE_MATERIAL:0.5043812163470417
CE_KINGSAFETY:0.5
C_PIECESQUARETABLES:0.5
C_MOBILITY:0.49390518534533817
C_KINGSAFETY:0.4778837742082676
C_PAWNSTRUCTURE:0.48658954673136806
C_PIECECOORDINATION:0.5
C_ROOK:0.5221603985362375
CE_ROOK:0.47585774975910505
C_CENTERCONTROL:0.49521653268065924
C_DEVELOPPIECES:0.501110031063066
C_MATERIAL:0.46455180187049616
C_MOVECOUNT:0.49132593592214896
C_PAWNMOVEMENT:0.4815111571007603
