ELO:1033
CE_PASSEDPAWNS:0.5148713994294651
CE_PAWNWEAKNESSES:0.47286425670431176
CE_PIECEACTIVITY:0.5093018100212628
CE_KINGPAWNSHIELD:0.5
CE_PIECECOORDINATION:0.5
CE_MATERIAL:0.49939046905640117
CE_KINGSAFETY:0.5
C_PIECESQUARETABLES:0.5
C_MOBILITY:0.45854612262387817
C_KINGSAFETY:0.49710073663360144
C_PAWNSTRUCTURE:0.5094806339754532
C_PIECECOORDINATION:0.510384696333249
C_ROOK:0.4875011644046835
CE_ROOK:0.49216121952105707
C_CENTERCONTROL:0.5040359277030844
C_DEVELOPPIECES:0.5074205319448555
C_MATERIAL:0.5121936815673546
C_MOVECOUNT:0.5008972420924181
C_PAWNMOVEMENT:0.4803292182279909
