ELO:981
CE_PASSEDPAWNS:0.49146281977825906
CE_PAWNWEAKNESSES:0.43801906370837695
CE_PIECEACTIVITY:0.47593596765230456
CE_KINGPAWNSHIELD:0.4842263911044692
CE_PIECECOORDINATION:0.5438728860681458
CE_MATERIAL:0.46997415174363283
CE_KINGSAFETY:0.5
C_PIECESQUARETABLES:0.5
C_MOBILITY:0.5466775377479339
C_KINGSAFETY:0.476293783743927
C_PAWNSTRUCTURE:0.5897538505878841
C_PIECECOORDINATION:0.5002118302085945
C_ROOKANDPAWNMOVEMENT:0.5002118302085945
C_CENTERCONTROL:0.494013982021968
C_DEVELOPPIECES:0.46899999526841396
C_MATERIAL:0.48755005193927153
C_MOVECOUNT:0.4895778269113519
