ELO:912
CE_PASSEDPAWNS:0.5111624253547784
CE_PAWNWEAKNESSES:0.5072232883360039
CE_PIECEACTIVITY:0.49010451332227123
CE_KINGPAWNSHIELD:0.46359908388456683
CE_PIECECOORDINATION:0.49240962015020295
CE_MATERIAL:0.47413089179509155
CE_KINGSAFETY:0.4743431878219529
C_PIECESQUARETABLES:0.4723863710540313
C_MOBILITY:0.47662526010539713
C_KINGSAFETY:0.5120842674636819
C_PAWNSTRUCTURE:0.5008837004228698
C_PIECECOORDINATION:0.4752050257767139
C_ROOKANDPAWNMOVEMENT:0.4752050257767139
C_CENTERCONTROL:0.5178391269760372
C_DEVELOPPIECES:0.5496861602828256
C_MATERIAL:0.4501944829455022
C_MOVECOUNT:0.46823659232570397
