ELO:1038
CE_PASSEDPAWNS:0.5060846909594365
CE_PAWNWEAKNESSES:0.5
CE_PIECEACTIVITY:0.509891946592569
CE_KINGPAWNSHIELD:0.5
CE_PIECECOORDINATION:0.5009445501813712
CE_MATERIAL:0.5069626410716678
CE_KINGSAFETY:0.5
C_PIECESQUARETABLES:0.5
C_MOBILITY:0.5140735574043498
C_KINGSAFETY:0.5145984561030156
C_PAWNSTRUCTURE:0.5038838005905738
C_PIECECOORDINATION:0.4922331304350956
C_ROOKANDPAWNMOVEMENT:0.4922331304350956
C_CENTERCONTROL:0.5
C_DEVELOPPIECES:0.5053482557449569
C_MATERIAL:0.5064139158796878
C_MOVECOUNT:0.49264352132871253
