ELO:960
CE_PASSEDPAWNS:0.4769251387615962
CE_PAWNWEAKNESSES:0.5022624664034759
CE_PIECEACTIVITY:0.5197539352509488
CE_KINGPAWNSHIELD:0.5140120106675423
CE_PIECECOORDINATION:0.4776062625694635
CE_MATERIAL:0.519992109408809
CE_KINGSAFETY:0.4943547359865905
C_PIECESQUARETABLES:0.4867203494046677
C_MOBILITY:0.5338334519052533
C_KINGSAFETY:0.46555148477353636
C_PAWNSTRUCTURE:0.48386584934670385
C_PIECECOORDINATION:0.4871275302619904
C_ROOKANDPAWNMOVEMENT:0.4871275302619904
C_CENTERCONTROL:0.5258298208224514
C_DEVELOPPIECES:0.5262261285017251
C_MATERIAL:0.5146552980214729
C_MOVECOUNT:0.5317103622915327
