ELO:1000
CE_PASSEDPAWNS:0.47627818828413887
CE_PAWNWEAKNESSES:0.490840011064663
CE_PIECEACTIVITY:0.4954466033980787
CE_KINGPAWNSHIELD:0.5267043179285315
CE_PIECECOORDINATION:0.512509347808861
CE_MATERIAL:0.48151475075238603
CE_KINGSAFETY:0.5185339658777187
C_PIECESQUARETABLES:0.49682217808975815
C_MOBILITY:0.48385685480039947
C_KINGSAFETY:0.48791883553428084
C_PAWNSTRUCTURE:0.5088074998095178
C_PIECECOORDINATION:0.5051011590210427
C_ROOKANDPAWNMOVEMENT:0.5051011590210427
C_CENTERCONTROL:0.5092757273068557
C_DEVELOPPIECES:0.5104773937392271
C_MATERIAL:0.5171271659151483
