ELO:991
CE_PASSEDPAWNS:0.465985903102693
CE_PAWNWEAKNESSES:0.4789269435158035
CE_PIECEACTIVITY:0.46924635834271755
CE_KINGPAWNSHIELD:0.5256238499627687
CE_PIECECOORDINATION:0.5364339447418164
CE_MATERIAL:0.4131604376962326
CE_KINGSAFETY:0.508132302383757
C_PIECESQUARETABLES:0.5
C_MOBILITY:0.4890467687501396
C_KINGSAFETY:0.4894949876928343
C_PAWNSTRUCTURE:0.5284363712968272
C_PIECECOORDINATION:0.4845837474867888
C_ROOKANDPAWNMOVEMENT:0.4845837474867888
C_CENTERCONTROL:0.5190208829202411
C_DEVELOPPIECES:0.4879003737535541
C_MATERIAL:0.5631109586387175
