ELO:942
CE_PASSEDPAWNS:0.5067311820141357
CE_PAWNWEAKNESSES:0.5
CE_PIECEACTIVITY:0.5193253899977649
CE_KINGPAWNSHIELD:0.5314544579802468
CE_PIECECOORDINATION:0.49972850450066497
CE_MATERIAL:0.5263382089476724
CE_KINGSAFETY:0.48623495273660466
C_PIECESQUARETABLES:0.4892843287875193
C_MOBILITY:0.5430070124993993
C_KINGSAFETY:0.47000047431691533
C_PAWNSTRUCTURE:0.48386584934670385
C_PIECECOORDINATION:0.4770400637617143
C_ROOKANDPAWNMOVEMENT:0.4770400637617143
C_CENTERCONTROL:0.5064937399329315
C_DEVELOPPIECES:0.5240157770035764
C_MATERIAL:0.49608673433217393
C_MOVECOUNT:0.5144900298784335
