ELO:867
CE_PASSEDPAWNS:0.47354251427857996
CE_PAWNWEAKNESSES:0.49711614049103936
CE_PIECEACTIVITY:0.45996355248728293
CE_KINGPAWNSHIELD:0.4601918865756199
CE_PIECECOORDINATION:0.518715302856708
CE_MATERIAL:0.4826685814723588
CE_KINGSAFETY:0.5479504194827076
C_PIECESQUARETABLES:0.5094016049717962
C_MOBILITY:0.4308412627753482
C_KINGSAFETY:0.5055503426201432
C_PAWNSTRUCTURE:0.46073349684154047
C_PIECECOORDINATION:0.5049650546760173
C_ROOKANDPAWNMOVEMENT:0.5049650546760173
C_CENTERCONTROL:0.4942706235466465
C_DEVELOPPIECES:0.5552565674131873
C_MATERIAL:0.41015511898876184
C_MOVECOUNT:0.4896960748720183
