ELO:1045
CE_PASSEDPAWNS:0.5202047592027715
CE_PAWNWEAKNESSES:0.5110458012153626
CE_PIECEACTIVITY:0.5344956890392278
CE_KINGPAWNSHIELD:0.48494180170640855
CE_PIECECOORDINATION:0.5083436765879812
CE_MATERIAL:0.48604646353627073
CE_KINGSAFETY:0.5
C_PIECESQUARETABLES:0.5
C_MOBILITY:0.5
C_KINGSAFETY:0.501760859317036
C_PAWNSTRUCTURE:0.5094806339754532
C_PIECECOORDINATION:0.5245577126553166
C_ROOK:0.523495605081365
CE_ROOK:0.4946626148878957
C_CENTERCONTROL:0.514686348894898
C_DEVELOPPIECES:0.539108871080059
C_MATERIAL:0.5227870579764127
C_MOVECOUNT:0.4843004997254273
C_PAWNMOVEMENT:0.48722053629913553
