ELO:951
CE_PASSEDPAWNS:0.5136471527050659
CE_PAWNWEAKNESSES:0.4719818212112807
CE_PIECEACTIVITY:0.4866642766138337
CE_KINGPAWNSHIELD:0.5642912113871644
CE_PIECECOORDINATION:0.4525048200728406
CE_MATERIAL:0.39119665520108055
CE_KINGSAFETY:0.5287112614060416
C_PIECESQUARETABLES:0.474802998691293
C_MOBILITY:0.48708649072089627
C_KINGSAFETY:0.4985629119817842
C_PAWNSTRUCTURE:0.4695115693199305
C_PIECECOORDINATION:0.5153187986560068
C_ROOKANDPAWNMOVEMENT:0.5153187986560068
C_CENTERCONTROL:0.5251535154590913
C_DEVELOPPIECES:0.5093984518796127
C_MATERIAL:0.5652176802604328
