ELO:1000
CE_PASSEDPAWNS:0.46397030201844663
CE_PAWNWEAKNESSES:0.5071092440841573
CE_PIECEACTIVITY:0.48774254350102414
CE_KINGPAWNSHIELD:0.5225976690913822
CE_PIECECOORDINATION:0.5437102453068472
CE_MATERIAL:0.4564568077031959
CE_KINGSAFETY:0.5150441965220047
C_PIECESQUARETABLES:0.48499799391132253
C_MOBILITY:0.4923473002018872
C_KINGSAFETY:0.5069939916508142
C_PAWNSTRUCTURE:0.515945423274581
C_PIECECOORDINATION:0.4971972600105531
C_ROOKANDPAWNMOVEMENT:0.4971972600105531
C_CENTERCONTROL:0.49229451266484425
C_DEVELOPPIECES:0.498379681617935
C_MATERIAL:0.5231066071846735
