ELO:879
CE_PASSEDPAWNS:0.4919458199212946
CE_PAWNWEAKNESSES:0.5200819362589666
CE_PIECEACTIVITY:0.4408858914368574
CE_KINGPAWNSHIELD:0.4704016095219642
CE_PIECECOORDINATION:0.5055317748552268
CE_MATERIAL:0.4430592168930468
CE_KINGSAFETY:0.5243411696238832
C_PIECESQUARETABLES:0.5071446867227524
C_MOBILITY:0.4666571125467161
C_KINGSAFETY:0.40376631759943005
C_PAWNSTRUCTURE:0.5249743547231805
C_PIECECOORDINATION:0.6068386628258753
C_ROOKANDPAWNMOVEMENT:0.6068386628258753
C_CENTERCONTROL:0.512737791856735
C_DEVELOPPIECES:0.35189811838082047
C_MATERIAL:0.4519090298853735
