ELO:879
CE_PASSEDPAWNS:0.4450329175042984
CE_PAWNWEAKNESSES:0.5147617431868546
CE_PIECEACTIVITY:0.4594380801754657
CE_KINGPAWNSHIELD:0.46307489701786175
CE_PIECECOORDINATION:0.43801731555902723
CE_MATERIAL:0.44105092747859276
CE_KINGSAFETY:0.4917818910703327
C_PIECESQUARETABLES:0.5
C_MOBILITY:0.45999292222389004
C_KINGSAFETY:0.38529417598851734
C_PAWNSTRUCTURE:0.5202303416557628
C_PIECECOORDINATION:0.5818927408792866
C_ROOKANDPAWNMOVEMENT:0.5818927408792866
C_CENTERCONTROL:0.5166325811740248
C_DEVELOPPIECES:0.3965718499896773
C_MATERIAL:0.43876631882135847
