ELO:1000
CE_PASSEDPAWNS:0.5141186539298411
CE_PAWNWEAKNESSES:0.5045719123839036
CE_PIECEACTIVITY:0.49200150228628936
CE_KINGPAWNSHIELD:0.5050919449940618
CE_PIECECOORDINATION:0.5470686791087982
CE_MATERIAL:0.5236689276538574
CE_KINGSAFETY:0.46450595554846996
C_PIECESQUARETABLES:0.49099234747340975
C_MOBILITY:0.454334485520486
C_KINGSAFETY:0.5015469519536798
C_PAWNSTRUCTURE:0.4725060003299301
C_PIECECOORDINATION:0.5518822046148893
C_ROOKANDPAWNMOVEMENT:0.5518822046148893
C_CENTERCONTROL:0.5194847139836873
C_DEVELOPPIECES:0.4812783353416746
C_MATERIAL:0.4824145677998004
