ELO:1033
CE_PASSEDPAWNS:0.5
CE_PAWNWEAKNESSES:0.5023671154484513
CE_PIECEACTIVITY:0.49102237647856933
CE_KINGPAWNSHIELD:0.5006846271677258
CE_PIECECOORDINATION:0.5086600058135076
CE_MATERIAL:0.49782889385480256
CE_KINGSAFETY:0.5
C_PIECESQUARETABLES:0.5
C_MOBILITY:0.4776585041944293
C_KINGSAFETY:0.5123723694021942
C_PAWNSTRUCTURE:0.47960076828113696
C_PIECECOORDINATION:0.5168564573665481
C_ROOK:0.5040680513327354
CE_ROOK:0.4863324650030785
C_CENTERCONTROL:0.5010596837802753
C_DEVELOPPIECES:0.49118257692071426
C_MATERIAL:0.49669873393668007
C_MOVECOUNT:0.454750959340167
C_PAWNMOVEMENT:0.4951274197228298
