ELO:989
CE_PASSEDPAWNS:0.4071122773708671
CE_PAWNWEAKNESSES:0.42994409955807894
CE_PIECEACTIVITY:0.49185110300869606
CE_KINGPAWNSHIELD:0.4114235729233731
CE_PIECECOORDINATION:0.4569681124794606
CE_MATERIAL:0.5561775794490093
CE_KINGSAFETY:0.502425454960449
C_PIECESQUARETABLES:0.500250441113787
C_MOBILITY:0.6028095715097599
C_KINGSAFETY:0.5809955709551379
C_PAWNSTRUCTURE:0.5069569876349957
C_PIECECOORDINATION:0.610282278025674
C_ROOKANDPAWNMOVEMENT:0.610282278025674
C_CENTERCONTROL:0.37454796581096805
C_DEVELOPPIECES:0.5416141581729245
C_MATERIAL:0.5806182599055276
