ELO:950
CE_PASSEDPAWNS:0.4208631574791366
CE_PAWNWEAKNESSES:0.4510413255457849
CE_PIECEACTIVITY:0.4736240978530128
CE_KINGPAWNSHIELD:0.5161450464612858
CE_PIECECOORDINATION:0.5087803415627836
CE_MATERIAL:0.5690929530436688
CE_KINGSAFETY:0.5345870196188953
C_PIECESQUARETABLES:0.5266408917336193
C_MOBILITY:0.46783954487422874
C_KINGSAFETY:0.4677735967999001
C_PAWNSTRUCTURE:0.49678819216127956
C_PIECECOORDINATION:0.5308073322026194
C_ROOKANDPAWNMOVEMENT:0.5308073322026194
C_CENTERCONTROL:0.5938231273512126
C_DEVELOPPIECES:0.43848459232256015
C_MATERIAL:0.4606641865700556
