ELO:914
CE_PASSEDPAWNS:0.5271306912700064
CE_PAWNWEAKNESSES:0.49527301951440833
CE_PIECEACTIVITY:0.5195103912991377
CE_KINGPAWNSHIELD:0.5207427111601635
CE_PIECECOORDINATION:0.4989781880909767
CE_MATERIAL:0.5040624647393598
CE_KINGSAFETY:0.50744012348144
C_PIECESQUARETABLES:0.5162575478693638
C_MOBILITY:0.4931695243808988
C_KINGSAFETY:0.5414301144465846
C_PAWNSTRUCTURE:0.5077684787010995
C_PIECECOORDINATION:0.47053593499357593
C_ROOKANDPAWNMOVEMENT:0.47053593499357593
C_CENTERCONTROL:0.5202258457202352
C_DEVELOPPIECES:0.5198725838076037
C_MATERIAL:0.5094444359814694
C_MOVECOUNT:0.5
