ELO:921
CE_PASSEDPAWNS:0.514047080597901
CE_PAWNWEAKNESSES:0.5278397121862378
CE_PIECEACTIVITY:0.4866569381364004
CE_KINGPAWNSHIELD:0.5553947180910208
CE_PIECECOORDINATION:0.4699985769868607
CE_MATERIAL:0.36170206496847507
CE_KINGSAFETY:0.5190088830826985
C_PIECESQUARETABLES:0.5265495817167661
C_MOBILITY:0.42198053669482216
C_KINGSAFETY:0.4381700874679151
C_PAWNSTRUCTURE:0.46029220189641007
C_PIECECOORDINATION:0.5400605765459882
C_ROOKANDPAWNMOVEMENT:0.5400605765459882
C_CENTERCONTROL:0.5325039799408218
C_DEVELOPPIECES:0.4781268932916974
C_MATERIAL:0.5653274218391018
