ELO:929
CE_PASSEDPAWNS:0.4500208483776183
CE_PAWNWEAKNESSES:0.42611780512789055
CE_PIECEACTIVITY:0.42900012353817446
CE_KINGPAWNSHIELD:0.5337436254994758
CE_PIECECOORDINATION:0.5021440802749505
CE_MATERIAL:0.5758510318132349
CE_KINGSAFETY:0.5060179100014248
C_PIECESQUARETABLES:0.523630845924356
C_MOBILITY:0.4861616456675589
C_KINGSAFETY:0.44651897307237054
C_PAWNSTRUCTURE:0.4663750627484547
C_PIECECOORDINATION:0.5566439148137621
C_ROOKANDPAWNMOVEMENT:0.5566439148137621
C_CENTERCONTROL:0.5949037641778773
C_DEVELOPPIECES:0.45943418061867874
C_MATERIAL:0.42282255486607484
