ELO:866
CE_PASSEDPAWNS:0.4875097546661778
CE_PAWNWEAKNESSES:0.5046485457983068
CE_PIECEACTIVITY:0.46772616002341694
CE_KINGPAWNSHIELD:0.46996937558828183
CE_PIECECOORDINATION:0.5045107614441017
CE_MATERIAL:0.49094083518490383
CE_KINGSAFETY:0.5031052203669198
C_PIECESQUARETABLES:0.46409122771512
C_MOBILITY:0.43464970882706594
C_KINGSAFETY:0.50594578501293
C_PAWNSTRUCTURE:0.5026952315065272
C_PIECECOORDINATION:0.4977673053296294
C_ROOKANDPAWNMOVEMENT:0.4977673053296294
C_CENTERCONTROL:0.5178308219590644
C_DEVELOPPIECES:0.559385632761131
C_MATERIAL:0.41503543003460147
C_MOVECOUNT:0.4846464499433402
