ELO:1053
CE_PASSEDPAWNS:0.5
CE_PAWNWEAKNESSES:0.49812568016392245
CE_PIECEACTIVITY:0.4922525029689287
CE_KINGPAWNSHIELD:0.5090177146020164
CE_PIECECOORDINATION:0.48527457116532624
CE_MATERIAL:0.5
CE_KINGSAFETY:0.5
C_PIECESQUARETABLES:0.5
C_MOBILITY:0.498628094054593
C_KINGSAFETY:0.5
C_PAWNSTRUCTURE:0.5
C_PIECECOORDINATION:0.5040071386027235
C_ROOKANDPAWNMOVEMENT:0.5040071386027235
C_CENTERCONTROL:0.49427059822481095
C_DEVELOPPIECES:0.4924475264942522
C_MATERIAL:0.5
C_MOVECOUNT:0.5
