ELO:916
CE_PASSEDPAWNS:0.44658179535571385
CE_PAWNWEAKNESSES:0.43254305348944
CE_PIECEACTIVITY:0.4615592838735202
CE_KINGPAWNSHIELD:0.5386301929467722
CE_PIECECOORDINATION:0.499330505289945
CE_MATERIAL:0.5646059542035504
CE_KINGSAFETY:0.48984582724201753
C_PIECESQUARETABLES:0.5077845880920971
C_MOBILITY:0.4875589812223609
C_KINGSAFETY:0.4736658136878626
C_PAWNSTRUCTURE:0.4794711916415853
C_PIECECOORDINATION:0.5494601034845039
C_ROOKANDPAWNMOVEMENT:0.5494601034845039
C_CENTERCONTROL:0.5631693825038354
C_DEVELOPPIECES:0.44989996155938855
C_MATERIAL:0.44856804929009536
