ELO:953
CE_PASSEDPAWNS:0.4255673983297198
CE_PAWNWEAKNESSES:0.44034058488324473
CE_PIECEACTIVITY:0.47281388300054994
CE_KINGPAWNSHIELD:0.488898724271061
CE_PIECECOORDINATION:0.5265828605154035
CE_MATERIAL:0.5790626493340801
CE_KINGSAFETY:0.5267872723292258
C_PIECESQUARETABLES:0.5266408917336193
C_MOBILITY:0.46783954487422874
C_KINGSAFETY:0.5069655240424438
C_PAWNSTRUCTURE:0.5271186842860549
C_PIECECOORDINATION:0.5101320802300275
C_ROOKANDPAWNMOVEMENT:0.5101320802300275
C_CENTERCONTROL:0.594583924413773
C_DEVELOPPIECES:0.4265091329644578
C_MATERIAL:0.47401595042347
