ELO:925
CE_PASSEDPAWNS:0.5297021910104954
CE_PAWNWEAKNESSES:0.5126101544838872
CE_PIECEACTIVITY:0.49539404207218246
CE_KINGPAWNSHIELD:0.5482660534436191
CE_PIECECOORDINATION:0.47578590392916403
CE_MATERIAL:0.35152718604185856
CE_KINGSAFETY:0.5313381900086731
C_PIECESQUARETABLES:0.5058192739951454
C_MOBILITY:0.43805760200743044
C_KINGSAFETY:0.44622167956080455
C_PAWNSTRUCTURE:0.4725562908093269
C_PIECECOORDINATION:0.5641009868925706
C_ROOKANDPAWNMOVEMENT:0.5641009868925706
C_CENTERCONTROL:0.521612627823715
C_DEVELOPPIECES:0.5301764766162469
C_MATERIAL:0.5246350373704203
