ELO:1000
CE_PASSEDPAWNS:0.4849177527104209
CE_PAWNWEAKNESSES:0.5064483072995015
CE_PIECEACTIVITY:0.4967535989407197
CE_KINGPAWNSHIELD:0.5076126434240101
CE_PIECECOORDINATION:0.513785853595995
CE_MATERIAL:0.4992404799589396
CE_KINGSAFETY:0.5069775372379645
C_PIECESQUARETABLES:0.5055841121549267
C_MOBILITY:0.493093248280279
C_KINGSAFETY:0.5
C_PAWNSTRUCTURE:0.4670745464055998
C_PIECECOORDINATION:0.5113100030634614
C_ROOKANDPAWNMOVEMENT:0.5113100030634614
C_CENTERCONTROL:0.5053440564149273
C_DEVELOPPIECES:0.4915623301152423
C_MATERIAL:0.49791431703825906
