ELO:872
CE_PASSEDPAWNS:0.5321302916980575
CE_PAWNWEAKNESSES:0.49146248061024134
CE_PIECEACTIVITY:0.4653310036867156
CE_KINGPAWNSHIELD:0.49815909491053223
CE_PIECECOORDINATION:0.5341002391165893
CE_MATERIAL:0.4423263982826541
CE_KINGSAFETY:0.5131389852779302
C_PIECESQUARETABLES:0.551620956618065
C_MOBILITY:0.5270878676363666
C_KINGSAFETY:0.4936840120199932
C_PAWNSTRUCTURE:0.49871068435292876
C_PIECECOORDINATION:0.49819032338622293
C_ROOKANDPAWNMOVEMENT:0.49819032338622293
C_CENTERCONTROL:0.49718155689482346
C_DEVELOPPIECES:0.541517892773663
C_MATERIAL:0.49920310475268914
C_MOVECOUNT:0.5
