ELO:1000
CE_PASSEDPAWNS:0.5078506525303017
CE_PAWNWEAKNESSES:0.4931457595426578
CE_PIECEACTIVITY:0.4823535247653825
CE_KINGPAWNSHIELD:0.49004090554001667
CE_PIECECOORDINATION:0.567327197666272
CE_MATERIAL:0.5160010660952072
CE_KINGSAFETY:0.5007884231852617
C_PIECESQUARETABLES:0.5
C_MOBILITY:0.454334485520486
C_KINGSAFETY:0.5123860674256351
C_PAWNSTRUCTURE:0.49236593939033546
C_PIECECOORDINATION:0.5495099440176823
C_ROOKANDPAWNMOVEMENT:0.5495099440176823
C_CENTERCONTROL:0.5343942450002951
C_DEVELOPPIECES:0.4812783353416746
C_MATERIAL:0.4956944696061022
