ELO:1000
CE_PASSEDPAWNS:0.4841629446020778
CE_PAWNWEAKNESSES:0.5124068500820071
CE_PIECEACTIVITY:0.4890556628485656
CE_KINGPAWNSHIELD:0.5131475549648729
CE_PIECECOORDINATION:0.5094759278379967
CE_MATERIAL:0.4947620365023385
CE_KINGSAFETY:0.5210138277091356
C_PIECESQUARETABLES:0.49341381406623386
C_MOBILITY:0.5107744844734532
C_KINGSAFETY:0.4934632844133219
C_PAWNSTRUCTURE:0.527739801931552
C_PIECECOORDINATION:0.4908040611038395
C_ROOKANDPAWNMOVEMENT:0.4908040611038395
C_CENTERCONTROL:0.49962238949908566
C_DEVELOPPIECES:0.5048982701538677
C_MATERIAL:0.5238915491915334
