ELO:897
CE_PASSEDPAWNS:0.436214681746626
CE_PAWNWEAKNESSES:0.4361236684805472
CE_PIECEACTIVITY:0.47597872069507347
CE_KINGPAWNSHIELD:0.5475146280621791
CE_PIECECOORDINATION:0.5072870068283235
CE_MATERIAL:0.5646059542035504
CE_KINGSAFETY:0.49534647882622446
C_PIECESQUARETABLES:0.5037526650235534
C_MOBILITY:0.5107143685274786
C_KINGSAFETY:0.47222719793451545
C_PAWNSTRUCTURE:0.497337014858596
C_PIECECOORDINATION:0.5428061453624389
C_ROOKANDPAWNMOVEMENT:0.5428061453624389
C_CENTERCONTROL:0.5497783244135006
C_DEVELOPPIECES:0.4556897096385261
C_MATERIAL:0.4581082622803411
