ELO:1017
CE_PASSEDPAWNS:0.4850557424873098
CE_PAWNWEAKNESSES:0.5118447805613096
CE_PIECEACTIVITY:0.5
CE_KINGPAWNSHIELD:0.5355193258009439
CE_PIECECOORDINATION:0.5058425112191176
CE_MATERIAL:0.5215701252880488
CE_KINGSAFETY:0.5
C_PIECESQUARETABLES:0.5
C_MOBILITY:0.4808889521956203
C_KINGSAFETY:0.5219896704433621
C_PAWNSTRUCTURE:0.5243123911320211
C_PIECECOORDINATION:0.4951108031370971
C_ROOKANDPAWNMOVEMENT:0.4951108031370971
C_CENTERCONTROL:0.49605906626036383
C_DEVELOPPIECES:0.5087359041418192
C_MATERIAL:0.5
C_MOVECOUNT:0.5
