ELO:969
CE_PASSEDPAWNS:0.49005541439805106
CE_PAWNWEAKNESSES:0.4688577477349114
CE_PIECEACTIVITY:0.4950759509677449
CE_KINGPAWNSHIELD:0.4264225905802872
CE_PIECECOORDINATION:0.4203529851160506
CE_MATERIAL:0.5709368757711296
CE_KINGSAFETY:0.5075893155116049
C_PIECESQUARETABLES:0.5409549148758354
C_MOBILITY:0.4744154133575032
C_KINGSAFETY:0.5240128858221953
C_PAWNSTRUCTURE:0.41680956130700536
C_PIECECOORDINATION:0.4309322516925623
C_ROOKANDPAWNMOVEMENT:0.4309322516925623
C_CENTERCONTROL:0.5894557980496733
C_DEVELOPPIECES:0.5456981151698247
C_MATERIAL:0.4250139151497428
