ELO:974
CE_PASSEDPAWNS:0.5024921034288088
CE_PAWNWEAKNESSES:0.4429472060445027
CE_PIECEACTIVITY:0.5155179956857504
CE_KINGPAWNSHIELD:0.4231428973279854
CE_PIECECOORDINATION:0.3607010508744153
CE_MATERIAL:0.541498578717505
CE_KINGSAFETY:0.5340545196643489
C_PIECESQUARETABLES:0.5393102061809038
C_MOBILITY:0.5261986939446303
C_KINGSAFETY:0.5949624437938326
C_PAWNSTRUCTURE:0.422819588924059
C_PIECECOORDINATION:0.4413307596914606
C_ROOKANDPAWNMOVEMENT:0.4413307596914606
C_CENTERCONTROL:0.5770912744082684
C_DEVELOPPIECES:0.5148738616345934
C_MATERIAL:0.42875316703219507
