ELO:1000
CE_PASSEDPAWNS:0.5638462968161091
CE_PAWNWEAKNESSES:0.47016374311729225
CE_PIECEACTIVITY:0.5497013317418415
CE_KINGPAWNSHIELD:0.520677650309105
CE_PIECECOORDINATION:0.4734353207227482
CE_MATERIAL:0.47016783442762694
CE_KINGSAFETY:0.49142696576027434
C_PIECESQUARETABLES:0.48191067407350396
C_MOBILITY:0.3883510261004206
C_KINGSAFETY:0.5453977312880466
C_PAWNSTRUCTURE:0.5840743557618365
C_PIECECOORDINATION:0.49501806149135014
C_ROOKANDPAWNMOVEMENT:0.49501806149135014
C_CENTERCONTROL:0.45341652081430506
C_DEVELOPPIECES:0.5226140990178151
C_MATERIAL:0.5299709243100345
