ELO:833
CE_PASSEDPAWNS:0.5581074099704779
CE_PAWNWEAKNESSES:0.42827635665373937
CE_PIECEACTIVITY:0.5484672798000058
CE_KINGPAWNSHIELD:0.6063411181304091
CE_PIECECOORDINATION:0.38640595069678974
CE_MATERIAL:0.6595748730721139
CE_KINGSAFETY:0.49096674179084354
C_PIECESQUARETABLES:0.5028110684132022
C_MOBILITY:0.5765129796330117
C_KINGSAFETY:0.4596911360972326
C_PAWNSTRUCTURE:0.3719259862597764
C_PIECECOORDINATION:0.35506500598042084
C_ROOKANDPAWNMOVEMENT:0.35506500598042084
C_CENTERCONTROL:0.43817534210791953
C_DEVELOPPIECES:0.5124556149395979
C_MATERIAL:0.45970131746158077
