ELO:969
CE_PASSEDPAWNS:0.524101421755445
CE_PAWNWEAKNESSES:0.4801704260670577
CE_PIECEACTIVITY:0.48704283291693107
CE_KINGPAWNSHIELD:0.4996244019803607
CE_PIECECOORDINATION:0.4684834096156792
CE_MATERIAL:0.5049968156930096
CE_KINGSAFETY:0.48495495566452596
C_PIECESQUARETABLES:0.5288145727363389
C_MOBILITY:0.500540732935828
C_KINGSAFETY:0.49218723262435
C_PAWNSTRUCTURE:0.4965127486606332
C_PIECECOORDINATION:0.4979731191632522
C_ROOKANDPAWNMOVEMENT:0.4979731191632522
C_CENTERCONTROL:0.5203793012430601
C_DEVELOPPIECES:0.5192807236463108
C_MATERIAL:0.5195565304191839
