ELO:989
CE_PASSEDPAWNS:0.4911942270273176
CE_PAWNWEAKNESSES:0.489033910748966
CE_PIECEACTIVITY:0.4888547233583865
CE_KINGPAWNSHIELD:0.4920725579334784
CE_PIECECOORDINATION:0.5095038550499151
CE_MATERIAL:0.5
CE_KINGSAFETY:0.46688405989113013
C_PIECESQUARETABLES:0.4819689831514907
C_MOBILITY:0.4896177955244636
C_KINGSAFETY:0.5008345429595934
C_PAWNSTRUCTURE:0.4770451646586566
C_PIECECOORDINATION:0.5140032349539047
C_ROOKANDPAWNMOVEMENT:0.5140032349539047
C_CENTERCONTROL:0.49212885792721905
C_DEVELOPPIECES:0.4852776300282684
C_MATERIAL:0.4812509684438972
