ELO:990
CE_PASSEDPAWNS:0.5277288571395565
CE_PAWNWEAKNESSES:0.47536895281646074
CE_PIECEACTIVITY:0.5055534717583172
CE_KINGPAWNSHIELD:0.542603462243025
CE_PIECECOORDINATION:0.472576201179623
CE_MATERIAL:0.4648599263749156
CE_KINGSAFETY:0.5054719396219515
C_PIECESQUARETABLES:0.5
C_MOBILITY:0.6185708321932124
C_KINGSAFETY:0.5827852089990033
C_PAWNSTRUCTURE:0.62436365227218
C_PIECECOORDINATION:0.49481266204964397
C_ROOKANDPAWNMOVEMENT:0.49481266204964397
C_CENTERCONTROL:0.38651864628815474
C_DEVELOPPIECES:0.5933423053266473
C_MATERIAL:0.5885886151706934
