ELO:934
CE_PASSEDPAWNS:0.6240161339770259
CE_PAWNWEAKNESSES:0.4663378403053656
CE_PIECEACTIVITY:0.5665442121607104
CE_KINGPAWNSHIELD:0.4921796672772202
CE_PIECECOORDINATION:0.4354162223369091
CE_MATERIAL:0.42950286667091947
CE_KINGSAFETY:0.4920191134493075
C_PIECESQUARETABLES:0.5123052258178108
C_MOBILITY:0.4227778701519563
C_KINGSAFETY:0.5461161312722387
C_PAWNSTRUCTURE:0.57223703307839
C_PIECECOORDINATION:0.4819596479110465
C_ROOKANDPAWNMOVEMENT:0.4819596479110465
C_CENTERCONTROL:0.3960266824959806
C_DEVELOPPIECES:0.4818003070616692
C_MATERIAL:0.5315735621881388
