ELO:1011
CE_PASSEDPAWNS:0.5063584531813845
CE_PAWNWEAKNESSES:0.48778965789673945
CE_PIECEACTIVITY:0.5
CE_KINGPAWNSHIELD:0.5
CE_PIECECOORDINATION:0.5067730976131555
CE_MATERIAL:0.49560809558395974
CE_KINGSAFETY:0.49981180908194606
C_PIECESQUARETABLES:0.5113741173515434
C_MOBILITY:0.5094994055485769
C_KINGSAFETY:0.5
C_PAWNSTRUCTURE:0.4996727026450676
C_PIECECOORDINATION:0.5084073496690652
C_ROOK:0.5115291861658376
CE_ROOK:0.5
C_CENTERCONTROL:0.499855487373515
C_DEVELOPPIECES:0.48803846654105965
C_MATERIAL:0.48762942608426824
C_MOVECOUNT:0.5
C_PAWNMOVEMENT:0.5
