ELO:1002
CE_PASSEDPAWNS:0.5821697787364019
CE_PAWNWEAKNESSES:0.47037943724122117
CE_PIECEACTIVITY:0.55055333630938
CE_KINGPAWNSHIELD:0.5086980047096683
CE_PIECECOORDINATION:0.46191123868778283
CE_MATERIAL:0.4764962823181236
CE_KINGSAFETY:0.49142696576027434
C_PIECESQUARETABLES:0.4806862853290338
C_MOBILITY:0.3804380037244544
C_KINGSAFETY:0.5336510438507431
C_PAWNSTRUCTURE:0.5764325218761893
C_PIECECOORDINATION:0.48487266106494353
C_ROOKANDPAWNMOVEMENT:0.48487266106494353
C_CENTERCONTROL:0.4646710606458815
C_DEVELOPPIECES:0.5314428624557195
C_MATERIAL:0.5293071049633613
