ELO:986
CE_PASSEDPAWNS:0.5154772786028577
CE_PAWNWEAKNESSES:0.4911874574838963
CE_PIECEACTIVITY:0.49634815126556503
CE_KINGPAWNSHIELD:0.4952125388965345
CE_PIECECOORDINATION:0.5075004660379666
CE_MATERIAL:0.5071039112830125
CE_KINGSAFETY:0.5
C_PIECESQUARETABLES:0.5165175837877375
C_MOBILITY:0.5163483539847035
C_KINGSAFETY:0.4944663127002044
C_PAWNSTRUCTURE:0.5124605419383919
C_PIECECOORDINATION:0.5169393082677938
C_ROOKANDPAWNMOVEMENT:0.5169393082677938
C_CENTERCONTROL:0.49725327912438666
C_DEVELOPPIECES:0.49405978060311545
C_MATERIAL:0.5
C_MOVECOUNT:0.49324107647143955
