ELO:1017
CE_PASSEDPAWNS:0.49464915281183763
CE_PAWNWEAKNESSES:0.5
CE_PIECEACTIVITY:0.49655192893045474
CE_KINGPAWNSHIELD:0.4962544556135289
CE_PIECECOORDINATION:0.5085636232798526
CE_MATERIAL:0.5010817963431042
CE_KINGSAFETY:0.49725323176049546
C_PIECESQUARETABLES:0.5
C_MOBILITY:0.4906217745073853
C_KINGSAFETY:0.5026988812023968
C_PAWNSTRUCTURE:0.5
C_PIECECOORDINATION:0.5006743941866685
C_ROOKANDPAWNMOVEMENT:0.5006743941866685
C_CENTERCONTROL:0.5034900685243772
C_DEVELOPPIECES:0.5260946371842391
C_MATERIAL:0.4964338873641893
