ELO:972
CE_PASSEDPAWNS:0.4951786561701492
CE_PAWNWEAKNESSES:0.5125608167923819
CE_PIECEACTIVITY:0.5108128516561793
CE_KINGPAWNSHIELD:0.5
CE_PIECECOORDINATION:0.5214049028790176
CE_MATERIAL:0.5694391280490134
CE_KINGSAFETY:0.5
C_PIECESQUARETABLES:0.49809522699922093
C_MOBILITY:0.5
C_KINGSAFETY:0.5193477969036008
C_PAWNSTRUCTURE:0.5320306609405451
C_PIECECOORDINATION:0.4898632813635994
C_ROOKANDPAWNMOVEMENT:0.4898632813635994
C_CENTERCONTROL:0.5
C_DEVELOPPIECES:0.4943301830381546
C_MATERIAL:0.49728262001253515
C_MOVECOUNT:0.4896467876283961
