ELO:951
CE_PASSEDPAWNS:0.5144672434468222
CE_PAWNWEAKNESSES:0.4645496336981015
CE_PIECEACTIVITY:0.5258513708984668
CE_KINGPAWNSHIELD:0.4024609041866184
CE_PIECECOORDINATION:0.395724496233267
CE_MATERIAL:0.5648759551376331
CE_KINGSAFETY:0.5016749175829741
C_PIECESQUARETABLES:0.514538334775076
C_MOBILITY:0.5025716371076511
C_KINGSAFETY:0.5801685454072993
C_PAWNSTRUCTURE:0.43373993264198096
C_PIECECOORDINATION:0.46021210119247485
C_ROOKANDPAWNMOVEMENT:0.46021210119247485
C_CENTERCONTROL:0.5912810658830726
C_DEVELOPPIECES:0.5094820432854469
C_MATERIAL:0.4432556344941925
