ELO:1083
CE_PASSEDPAWNS:0.44134387119327956
CE_PAWNWEAKNESSES:0.44333335995745227
CE_PIECEACTIVITY:0.4617460699262247
CE_KINGPAWNSHIELD:0.4040922639522886
CE_PIECECOORDINATION:0.46234178566993533
CE_MATERIAL:0.45080464145401605
CE_KINGSAFETY:0.5103973904304747
C_PIECESQUARETABLES:0.5073322602201426
C_MOBILITY:0.43845994085426965
C_KINGSAFETY:0.6367751316393375
C_PAWNSTRUCTURE:0.45219941571291383
C_PIECECOORDINATION:0.4943796595496726
C_ROOKANDPAWNMOVEMENT:0.4943796595496726
C_CENTERCONTROL:0.47894022509083933
C_DEVELOPPIECES:0.5393640100236611
C_MATERIAL:0.40108725653819866
