ELO:1000
CE_PASSEDPAWNS:0.48818004974080914
CE_PAWNWEAKNESSES:0.4845587448109238
CE_PIECEACTIVITY:0.49377326090960477
CE_KINGPAWNSHIELD:0.4956947822174328
CE_PIECECOORDINATION:0.495158772022978
CE_MATERIAL:0.4768156375014263
CE_KINGSAFETY:0.5053095114593678
C_PIECESQUARETABLES:0.48079949450231896
C_MOBILITY:0.5083901246744172
C_KINGSAFETY:0.4839750333975462
C_PAWNSTRUCTURE:0.5302766547129514
C_PIECECOORDINATION:0.5008253557711496
C_ROOKANDPAWNMOVEMENT:0.5008253557711496
C_CENTERCONTROL:0.4629077696998569
C_DEVELOPPIECES:0.5240633001118821
C_MATERIAL:0.45674274202292325
