ELO:969
CE_PASSEDPAWNS:0.5000850546452412
CE_PAWNWEAKNESSES:0.5235291646574951
CE_PIECEACTIVITY:0.516359951456903
CE_KINGPAWNSHIELD:0.5556643128649215
CE_PIECECOORDINATION:0.49084818774227684
CE_MATERIAL:0.4908053986550251
CE_KINGSAFETY:0.5023529580692812
C_PIECESQUARETABLES:0.49212877415636413
C_MOBILITY:0.5252226495363312
C_KINGSAFETY:0.4838664718867292
C_PAWNSTRUCTURE:0.5048213092441708
C_PIECECOORDINATION:0.5277782658703921
C_ROOKANDPAWNMOVEMENT:0.5277782658703921
C_CENTERCONTROL:0.5198840595931665
C_DEVELOPPIECES:0.459595323855408
C_MATERIAL:0.5319717661562894
C_MOVECOUNT:0.501260475942833
