ELO:1000
CE_PASSEDPAWNS:0.5351049494679702
CE_PAWNWEAKNESSES:0.5125866730704043
CE_PIECEACTIVITY:0.5021209831097381
CE_KINGPAWNSHIELD:0.5297826578371768
CE_PIECECOORDINATION:0.4761966433566012
CE_MATERIAL:0.5204133346858799
CE_KINGSAFETY:0.48430419314644046
C_PIECESQUARETABLES:0.503334369680308
C_MOBILITY:0.44426141536475927
C_KINGSAFETY:0.5276590173557726
C_PAWNSTRUCTURE:0.4914634749685478
C_PIECECOORDINATION:0.513719249945866
C_ROOKANDPAWNMOVEMENT:0.513719249945866
C_CENTERCONTROL:0.5059578589910664
C_DEVELOPPIECES:0.5367008632117584
C_MATERIAL:0.4609988542696806
