ELO:984
CE_PASSEDPAWNS:0.49942402256920676
CE_PAWNWEAKNESSES:0.4864968350848546
CE_PIECEACTIVITY:0.5
CE_KINGPAWNSHIELD:0.5012069120218045
CE_PIECECOORDINATION:0.5009296224469132
CE_MATERIAL:0.5
CE_KINGSAFETY:0.5
C_PIECESQUARETABLES:0.5088217308715142
C_MOBILITY:0.49823462639784366
C_KINGSAFETY:0.4751920846149879
C_PAWNSTRUCTURE:0.5272376499888338
C_PIECECOORDINATION:0.4945613206259756
C_ROOKANDPAWNMOVEMENT:0.4945613206259756
C_CENTERCONTROL:0.4915449049219332
C_DEVELOPPIECES:0.4963039985629255
C_MATERIAL:0.486686468374153
C_MOVECOUNT:0.5
