ELO:1061
CE_PASSEDPAWNS:0.49531891399235334
CE_PAWNWEAKNESSES:0.4693625703334483
CE_PIECEACTIVITY:0.4942451485575602
CE_KINGPAWNSHIELD:0.474689607277231
CE_PIECECOORDINATION:0.5045457043630838
CE_MATERIAL:0.5601862785699372
CE_KINGSAFETY:0.5479707813074993
C_PIECESQUARETABLES:0.489674486465974
C_MOBILITY:0.5017863872172483
C_KINGSAFETY:0.5641394126616658
C_PAWNSTRUCTURE:0.528271485515296
C_PIECECOORDINATION:0.4726140488259926
C_ROOKANDPAWNMOVEMENT:0.4726140488259926
C_CENTERCONTROL:0.5149426153860373
C_DEVELOPPIECES:0.5
C_MATERIAL:0.4784760195289673
C_MOVECOUNT:0.5
