ELO:904
CE_PASSEDPAWNS:0.40076226656199193
CE_PAWNWEAKNESSES:0.31278450981234823
CE_PIECEACTIVITY:0.5058875025377574
CE_KINGPAWNSHIELD:0.4722996817500815
CE_PIECECOORDINATION:0.5641686803361861
CE_MATERIAL:0.49648601756549415
CE_KINGSAFETY:0.4579883392455666
C_PIECESQUARETABLES:0.5056902530527415
C_MOBILITY:0.5426685834244486
C_KINGSAFETY:0.4737706348868654
C_PAWNSTRUCTURE:0.3702596094639142
C_PIECECOORDINATION:0.5954876539531063
C_ROOKANDPAWNMOVEMENT:0.5954876539531063
C_CENTERCONTROL:0.46039680537013505
C_DEVELOPPIECES:0.4869746081701991
C_MATERIAL:0.4537806165315125
