ELO:1009
CE_PASSEDPAWNS:0.5001627123762505
CE_PAWNWEAKNESSES:0.4954728159053592
CE_PIECEACTIVITY:0.49999247118596896
CE_KINGPAWNSHIELD:0.5002514042906095
CE_PIECECOORDINATION:0.5173107621009955
CE_MATERIAL:0.5055101039910281
CE_KINGSAFETY:0.5
C_PIECESQUARETABLES:0.5
C_MOBILITY:0.5185010580710362
C_KINGSAFETY:0.5066495983925626
C_PAWNSTRUCTURE:0.5105640934049577
C_PIECECOORDINATION:0.5179105035451986
C_ROOK:0.48739593457030234
CE_ROOK:0.5121368117509691
C_CENTERCONTROL:0.5027840213474806
C_DEVELOPPIECES:0.4922570811986294
C_MATERIAL:0.5030436899418252
C_MOVECOUNT:0.5058201970632462
C_PAWNMOVEMENT:0.49160887019255506
