ELO:924
CE_PASSEDPAWNS:0.5126890960755056
CE_PAWNWEAKNESSES:0.49488086483857757
CE_PIECEACTIVITY:0.5330433790269856
CE_KINGPAWNSHIELD:0.5174285679078046
CE_PIECECOORDINATION:0.5164686781587898
CE_MATERIAL:0.48430703894322286
CE_KINGSAFETY:0.4816436650492559
C_PIECESQUARETABLES:0.5362064157814027
C_MOBILITY:0.4932644289738163
C_KINGSAFETY:0.4783826393093217
C_PAWNSTRUCTURE:0.49647406936546057
C_PIECECOORDINATION:0.5084281286276996
C_ROOKANDPAWNMOVEMENT:0.5084281286276996
C_CENTERCONTROL:0.48223728219087375
C_DEVELOPPIECES:0.49793024201231595
C_MATERIAL:0.4895388905754215
C_MOVECOUNT:0.5
