ELO:754
CE_PASSEDPAWNS:0.5613431597966387
CE_PAWNWEAKNESSES:0.5785772803688141
CE_PIECEACTIVITY:0.445556858036866
CE_KINGPAWNSHIELD:0.5778689247153839
CE_PIECECOORDINATION:0.3834043341649476
CE_MATERIAL:0.49540199893566367
CE_KINGSAFETY:0.49461303966440734
C_PIECESQUARETABLES:0.48832382044317474
C_MOBILITY:0.4867184894858293
C_KINGSAFETY:0.5427504007985007
C_PAWNSTRUCTURE:0.5479226152133493
C_PIECECOORDINATION:0.4425860789005859
C_ROOKANDPAWNMOVEMENT:0.4425860789005859
C_CENTERCONTROL:0.5519773452399956
C_DEVELOPPIECES:0.497828136220912
C_MATERIAL:0.5020629714535765
C_MOVECOUNT:0.5103195904862451
