ELO:1012
CE_PASSEDPAWNS:0.4907411430035157
CE_PAWNWEAKNESSES:0.5
CE_PIECEACTIVITY:0.4989327028024408
CE_KINGPAWNSHIELD:0.5040170070763889
CE_PIECECOORDINATION:0.5
CE_MATERIAL:0.4983511158310158
CE_KINGSAFETY:0.48732996508009696
C_PIECESQUARETABLES:0.5100675777671417
C_MOBILITY:0.5074302559052896
C_KINGSAFETY:0.49158980096401556
C_PAWNSTRUCTURE:0.5
C_PIECECOORDINATION:0.4945974833860232
C_ROOKANDPAWNMOVEMENT:0.4945974833860232
C_CENTERCONTROL:0.5
C_DEVELOPPIECES:0.5
C_MATERIAL:0.5
C_MOVECOUNT:0.511428362684901
