ELO:928
CE_PASSEDPAWNS:0.622402420627358
CE_PAWNWEAKNESSES:0.48009097821149627
CE_PIECEACTIVITY:0.5629561090845705
CE_KINGPAWNSHIELD:0.5035401326835076
CE_PIECECOORDINATION:0.44757329503556204
CE_MATERIAL:0.4241865165203551
CE_KINGSAFETY:0.47852544381102863
C_PIECESQUARETABLES:0.5287847549219944
C_MOBILITY:0.4251583424280566
C_KINGSAFETY:0.5553818749364293
C_PAWNSTRUCTURE:0.5697162251957553
C_PIECECOORDINATION:0.4690043042792991
C_ROOKANDPAWNMOVEMENT:0.4690043042792991
C_CENTERCONTROL:0.38636393747372777
C_DEVELOPPIECES:0.5159662326002652
C_MATERIAL:0.47735257984551305
