ELO:1013
CE_PASSEDPAWNS:0.4672286731661639
CE_PAWNWEAKNESSES:0.4762946056956586
CE_PIECEACTIVITY:0.5054794746303601
CE_KINGPAWNSHIELD:0.5007320163646668
CE_PIECECOORDINATION:0.4987931172735833
CE_MATERIAL:0.5031413412348756
CE_KINGSAFETY:0.5115671416134463
C_PIECESQUARETABLES:0.5073483077165981
C_MOBILITY:0.5101968912770709
C_KINGSAFETY:0.5003541742414567
C_PAWNSTRUCTURE:0.4538788829927125
C_PIECECOORDINATION:0.5399752995987395
C_ROOKANDPAWNMOVEMENT:0.5399752995987395
C_CENTERCONTROL:0.49337036587516203
C_DEVELOPPIECES:0.5039414839679711
C_MATERIAL:0.4918059110068433
C_MOVECOUNT:0.5
