ELO:1018
CE_PASSEDPAWNS:0.505385902760563
CE_PAWNWEAKNESSES:0.5
CE_PIECEACTIVITY:0.49649231744942546
CE_KINGPAWNSHIELD:0.4816190804823163
CE_PIECECOORDINATION:0.5
CE_MATERIAL:0.4983511158310158
CE_KINGSAFETY:0.5
C_PIECESQUARETABLES:0.5
C_MOBILITY:0.5002609520474511
C_KINGSAFETY:0.4885343013579982
C_PAWNSTRUCTURE:0.5114569436369787
C_PIECECOORDINATION:0.5124001056148584
C_ROOKANDPAWNMOVEMENT:0.5124001056148584
C_CENTERCONTROL:0.4960777410320546
C_DEVELOPPIECES:0.5
C_MATERIAL:0.48996892387604457
C_MOVECOUNT:0.511428362684901
