ELO:935
CE_PASSEDPAWNS:0.6248785308067583
CE_PAWNWEAKNESSES:0.4780561238641599
CE_PIECEACTIVITY:0.5702939435914672
CE_KINGPAWNSHIELD:0.5052865194726409
CE_PIECECOORDINATION:0.4453134521913033
CE_MATERIAL:0.42661938754670453
CE_KINGSAFETY:0.476243051983303
C_PIECESQUARETABLES:0.5415907892444219
C_MOBILITY:0.4264199784934224
C_KINGSAFETY:0.5651012691892939
C_PAWNSTRUCTURE:0.5831878043763871
C_PIECECOORDINATION:0.46321473412174724
C_ROOKANDPAWNMOVEMENT:0.46321473412174724
C_CENTERCONTROL:0.4011928944030218
C_DEVELOPPIECES:0.5382604639913948
C_MATERIAL:0.47259120011572003
