ELO:962
CE_PASSEDPAWNS:0.5865057842738376
CE_PAWNWEAKNESSES:0.44898225447588896
CE_PIECEACTIVITY:0.5342722654537926
CE_KINGPAWNSHIELD:0.48009369238097066
CE_PIECECOORDINATION:0.45311499170043884
CE_MATERIAL:0.4435562267069184
CE_KINGSAFETY:0.5035068056826985
C_PIECESQUARETABLES:0.5
C_MOBILITY:0.40448556623883414
C_KINGSAFETY:0.5471579000313697
C_PAWNSTRUCTURE:0.5281935077601551
C_PIECECOORDINATION:0.4952110195387296
C_ROOKANDPAWNMOVEMENT:0.4952110195387296
C_CENTERCONTROL:0.4446787828327868
C_DEVELOPPIECES:0.4844279517497177
C_MATERIAL:0.5124335760439369
