ELO:932
CE_PASSEDPAWNS:0.5267713218031842
CE_PAWNWEAKNESSES:0.5413278386353613
CE_PIECEACTIVITY:0.5148249680249263
CE_KINGPAWNSHIELD:0.5427322597688755
CE_PIECECOORDINATION:0.48996059455601976
CE_MATERIAL:0.4941003953925314
CE_KINGSAFETY:0.5043562005181024
C_PIECESQUARETABLES:0.4958249598029841
C_MOBILITY:0.49424044609857176
C_KINGSAFETY:0.5347476971239972
C_PAWNSTRUCTURE:0.5431356798353721
C_PIECECOORDINATION:0.48871759947801113
C_ROOKANDPAWNMOVEMENT:0.48871759947801113
C_CENTERCONTROL:0.5297063568886459
C_DEVELOPPIECES:0.4963914446212503
C_MATERIAL:0.5145237136749192
C_MOVECOUNT:0.5091093477053071
