ELO:1000
CE_PASSEDPAWNS:0.5
CE_PAWNWEAKNESSES:0.5
CE_PIECEACTIVITY:0.4919885334638292
CE_KINGPAWNSHIELD:0.5
CE_PIECECOORDINATION:0.5
CE_MATERIAL:0.49560809558395974
CE_KINGSAFETY:0.5
C_PIECESQUARETABLES:0.49386202180344735
C_MOBILITY:0.5111894527009853
C_KINGSAFETY:0.5
C_PAWNSTRUCTURE:0.5
C_PIECECOORDINATION:0.5118871943663932
C_ROOK:0.5
CE_ROOK:0.5
C_CENTERCONTROL:0.5043711180257453
C_DEVELOPPIECES:0.5
C_MATERIAL:0.48762942608426824
C_MOVECOUNT:0.5
C_PAWNMOVEMENT:0.5
