ELO:989
CE_PASSEDPAWNS:0.3671258369474086
CE_PAWNWEAKNESSES:0.5086530027826172
CE_PIECEACTIVITY:0.5594978002495871
CE_KINGPAWNSHIELD:0.4114235729233731
CE_PIECECOORDINATION:0.6092782055877115
CE_MATERIAL:0.5125313430690898
CE_KINGSAFETY:0.5
C_PIECESQUARETABLES:0.5087682728000497
C_MOBILITY:0.6080485880047876
C_KINGSAFETY:0.5527475144527146
C_PAWNSTRUCTURE:0.3974960377332616
C_PIECECOORDINATION:0.6135308168497035
C_ROOKANDPAWNMOVEMENT:0.6135308168497035
C_CENTERCONTROL:0.3782570742216661
C_DEVELOPPIECES:0.4837671527748595
C_MATERIAL:0.587013478114884
