ELO:989
CE_PASSEDPAWNS:0.5268924715411291
CE_PAWNWEAKNESSES:0.5153924372489648
CE_PIECEACTIVITY:0.49185110300869606
CE_KINGPAWNSHIELD:0.47296228941213614
CE_PIECECOORDINATION:0.46192327435954716
CE_MATERIAL:0.4139880224927542
CE_KINGSAFETY:0.502425454960449
C_PIECESQUARETABLES:0.5029366001683395
C_MOBILITY:0.6256967114204832
C_KINGSAFETY:0.5594239720260957
C_PAWNSTRUCTURE:0.32134280223098727
C_PIECECOORDINATION:0.6030264810572965
C_ROOKANDPAWNMOVEMENT:0.6030264810572965
C_CENTERCONTROL:0.34079103873707267
C_DEVELOPPIECES:0.5019170874683271
C_MATERIAL:0.5866536899795093
