ELO:996
CE_PASSEDPAWNS:0.4889548504802237
CE_PAWNWEAKNESSES:0.5
CE_PIECEACTIVITY:0.5079026379709962
CE_KINGPAWNSHIELD:0.5249956588250757
CE_PIECECOORDINATION:0.4926469273523334
CE_MATERIAL:0.5
CE_KINGSAFETY:0.5015453600412846
C_PIECESQUARETABLES:0.5
C_MOBILITY:0.5074302559052896
C_KINGSAFETY:0.5
C_PAWNSTRUCTURE:0.5
C_PIECECOORDINATION:0.49873477432725755
C_ROOKANDPAWNMOVEMENT:0.49873477432725755
C_CENTERCONTROL:0.5
C_DEVELOPPIECES:0.5
C_MATERIAL:0.5
C_MOVECOUNT:0.501130832463312
