ELO:756
CE_PASSEDPAWNS:0.5494155407695003
CE_PAWNWEAKNESSES:0.5476025915426487
CE_PIECEACTIVITY:0.45125653887967326
CE_KINGPAWNSHIELD:0.5438824556936035
CE_PIECECOORDINATION:0.4167158555711034
CE_MATERIAL:0.47912630907969955
CE_KINGSAFETY:0.5009467203316269
C_PIECESQUARETABLES:0.4710653166173876
C_MOBILITY:0.48591735939795355
C_KINGSAFETY:0.5127289366605616
C_PAWNSTRUCTURE:0.5255379381852022
C_PIECECOORDINATION:0.4429654615001163
C_ROOKANDPAWNMOVEMENT:0.4429654615001163
C_CENTERCONTROL:0.4983482100618534
C_DEVELOPPIECES:0.5084775515654887
C_MATERIAL:0.4837810508304817
C_MOVECOUNT:0.5
