ELO:987
CE_PASSEDPAWNS:0.5013330109278415
CE_PAWNWEAKNESSES:0.512136670817862
CE_PIECEACTIVITY:0.499921415458526
CE_KINGPAWNSHIELD:0.49753866929553414
CE_PIECECOORDINATION:0.5
CE_MATERIAL:0.5
CE_KINGSAFETY:0.48482816742130874
C_PIECESQUARETABLES:0.5
C_MOBILITY:0.5026414907662695
C_KINGSAFETY:0.5
C_PAWNSTRUCTURE:0.4986977502625761
C_PIECECOORDINATION:0.5
C_ROOKANDPAWNMOVEMENT:0.5
C_CENTERCONTROL:0.4987071143580794
C_DEVELOPPIECES:0.4979025136152122
C_MATERIAL:0.5
C_MOVECOUNT:0.5
