ELO:920
CE_PASSEDPAWNS:0.4682965105186699
CE_PAWNWEAKNESSES:0.45462074378150014
CE_PIECEACTIVITY:0.5412503231619679
CE_KINGPAWNSHIELD:0.505606272347766
CE_PIECECOORDINATION:0.5813997045381528
CE_MATERIAL:0.4346116110684678
CE_KINGSAFETY:0.5
C_PIECESQUARETABLES:0.5
C_MOBILITY:0.5279529839859319
C_KINGSAFETY:0.5214158252457518
C_PAWNSTRUCTURE:0.48874200344435725
C_PIECECOORDINATION:0.5007853677188074
C_ROOKANDPAWNMOVEMENT:0.5007853677188074
C_CENTERCONTROL:0.47341395211139814
C_DEVELOPPIECES:0.519740361984345
C_MATERIAL:0.5103568905989493
C_MOVECOUNT:0.5
