ELO:974
CE_PASSEDPAWNS:0.477177494503294
CE_PAWNWEAKNESSES:0.4474705084779024
CE_PIECEACTIVITY:0.4904889943849919
CE_KINGPAWNSHIELD:0.4502616150173671
CE_PIECECOORDINATION:0.42261114745881173
CE_MATERIAL:0.5587176367210136
CE_KINGSAFETY:0.5137221823359351
C_PIECESQUARETABLES:0.5366079126028777
C_MOBILITY:0.4650748438097932
C_KINGSAFETY:0.5526325985660602
C_PAWNSTRUCTURE:0.43308706529543745
C_PIECECOORDINATION:0.4306818903092402
C_ROOKANDPAWNMOVEMENT:0.4306818903092402
C_CENTERCONTROL:0.5877476045539366
C_DEVELOPPIECES:0.5519168786415449
C_MATERIAL:0.4205820091200528
