ELO:925
CE_PASSEDPAWNS:0.5232063731765718
CE_PAWNWEAKNESSES:0.46845178024516176
CE_PIECEACTIVITY:0.5166547687452068
CE_KINGPAWNSHIELD:0.4974722064316893
CE_PIECECOORDINATION:0.4889967840517793
CE_MATERIAL:0.4955811009446893
CE_KINGSAFETY:0.48908550928951244
C_PIECESQUARETABLES:0.5
C_MOBILITY:0.5038256181230332
C_KINGSAFETY:0.5387079835084885
C_PAWNSTRUCTURE:0.4981484366290962
C_PIECECOORDINATION:0.46531149515350934
C_ROOK:0.5230365510922443
CE_ROOK:0.48985425240717273
C_CENTERCONTROL:0.474344874944687
C_DEVELOPPIECES:0.4841271077431968
C_MATERIAL:0.4951080091195695
C_MOVECOUNT:0.4868316171976964
C_PAWNMOVEMENT:0.4918523391001212
