ELO:1110
CE_PASSEDPAWNS:0.625763563285758
CE_PAWNWEAKNESSES:0.4816812899806677
CE_PIECEACTIVITY:0.5822554920959389
CE_KINGPAWNSHIELD:0.4857777100323517
CE_PIECECOORDINATION:0.48650662186110605
CE_MATERIAL:0.39783305558335186
CE_KINGSAFETY:0.49484319072009253
C_PIECESQUARETABLES:0.4760802078100708
C_MOBILITY:0.41068694440152304
C_KINGSAFETY:0.4991492708025154
C_PAWNSTRUCTURE:0.43180575994460413
C_PIECECOORDINATION:0.48430233874975176
C_ROOKANDPAWNMOVEMENT:0.48430233874975176
C_CENTERCONTROL:0.5300352937758889
C_DEVELOPPIECES:0.5449267578296713
C_MATERIAL:0.4063918105112338
