ELO:979
CE_PASSEDPAWNS:0.5074800412670771
CE_PAWNWEAKNESSES:0.4930680401283411
CE_PIECEACTIVITY:0.5104909297906506
CE_KINGPAWNSHIELD:0.5018413105303063
CE_PIECECOORDINATION:0.4987621525608595
CE_MATERIAL:0.4890888805565843
CE_KINGSAFETY:0.5182258612033515
C_PIECESQUARETABLES:0.4985518518239766
C_MOBILITY:0.5032006620037559
C_KINGSAFETY:0.4902324818852143
C_PAWNSTRUCTURE:0.4954989982785863
C_PIECECOORDINATION:0.4775592833321573
C_ROOK:0.510734759179813
CE_ROOK:0.5056816319826533
C_CENTERCONTROL:0.4949632329515468
C_DEVELOPPIECES:0.5
C_MATERIAL:0.49504884338241195
C_MOVECOUNT:0.5039788807943999
C_PAWNMOVEMENT:0.5239315353139568
