ELO:1000
CE_PASSEDPAWNS:0.49721638149578296
CE_PAWNWEAKNESSES:0.46320654047213494
CE_PIECEACTIVITY:0.48678132665506224
CE_KINGPAWNSHIELD:0.5115744666199555
CE_PIECECOORDINATION:0.45068147945895426
CE_MATERIAL:0.4701944918446932
CE_KINGSAFETY:0.4954496192992566
C_PIECESQUARETABLES:0.5006307399544586
C_MOBILITY:0.4755059773829628
C_KINGSAFETY:0.5633834546081988
C_PAWNSTRUCTURE:0.521218521282926
C_PIECECOORDINATION:0.4427580781289151
C_ROOKANDPAWNMOVEMENT:0.4427580781289151
C_CENTERCONTROL:0.5813630795347597
C_DEVELOPPIECES:0.434309604212591
C_MATERIAL:0.4503054409021449
