ELO:988
CE_PASSEDPAWNS:0.4900337955678076
CE_PAWNWEAKNESSES:0.46320654047213494
CE_PIECEACTIVITY:0.5271201889780897
CE_KINGPAWNSHIELD:0.41095894376179315
CE_PIECECOORDINATION:0.45068147945895426
CE_MATERIAL:0.5557822312031943
CE_KINGSAFETY:0.4954496192992566
C_PIECESQUARETABLES:0.5006307399544586
C_MOBILITY:0.46443865335090745
C_KINGSAFETY:0.5633834546081988
C_PAWNSTRUCTURE:0.42091901545934424
C_PIECECOORDINATION:0.4427580781289151
C_ROOKANDPAWNMOVEMENT:0.4427580781289151
C_CENTERCONTROL:0.5784440482165307
C_DEVELOPPIECES:0.5304463819431022
C_MATERIAL:0.4549224084890852
