ELO:812
CE_PASSEDPAWNS:0.5421502768073694
CE_PAWNWEAKNESSES:0.5266853457103913
CE_PIECEACTIVITY:0.45125653887967326
CE_KINGPAWNSHIELD:0.5251711489927006
CE_PIECECOORDINATION:0.40878225645766936
CE_MATERIAL:0.48696197057354584
CE_KINGSAFETY:0.4990697039470554
C_PIECESQUARETABLES:0.4796961406455618
C_MOBILITY:0.4847503116889616
C_KINGSAFETY:0.4903455343052366
C_PAWNSTRUCTURE:0.5102210604307346
C_PIECECOORDINATION:0.44461280301167416
C_ROOKANDPAWNMOVEMENT:0.44461280301167416
C_CENTERCONTROL:0.5077135409170206
C_DEVELOPPIECES:0.5081819000387555
C_MATERIAL:0.4941175131906113
C_MOVECOUNT:0.5
