ELO:971
CE_PASSEDPAWNS:0.49695324919108114
CE_PAWNWEAKNESSES:0.5107643867097411
CE_PIECEACTIVITY:0.5079026379709962
CE_KINGPAWNSHIELD:0.5249956588250757
CE_PIECECOORDINATION:0.5009341400053797
CE_MATERIAL:0.5
CE_KINGSAFETY:0.5
C_PIECESQUARETABLES:0.49681379987421204
C_MOBILITY:0.5074302559052896
C_KINGSAFETY:0.494816064500448
C_PAWNSTRUCTURE:0.5040257582621496
C_PIECECOORDINATION:0.49873477432725755
C_ROOKANDPAWNMOVEMENT:0.49873477432725755
C_CENTERCONTROL:0.5
C_DEVELOPPIECES:0.48308531551888384
C_MATERIAL:0.516191981776399
C_MOVECOUNT:0.520726730535987
