ELO:726
CE_PASSEDPAWNS:0.5613431597966387
CE_PAWNWEAKNESSES:0.5748323857512491
CE_PIECEACTIVITY:0.442057793748468
CE_KINGPAWNSHIELD:0.5769468165559543
CE_PIECECOORDINATION:0.3983817239873538
CE_MATERIAL:0.483042939739086
CE_KINGSAFETY:0.48438862634453234
C_PIECESQUARETABLES:0.49222810785612797
C_MOBILITY:0.4882246724173803
C_KINGSAFETY:0.5307269990741104
C_PAWNSTRUCTURE:0.5567435615457283
C_PIECECOORDINATION:0.4466097483152543
C_ROOKANDPAWNMOVEMENT:0.4466097483152543
C_CENTERCONTROL:0.5519773452399956
C_DEVELOPPIECES:0.48758283201879754
C_MATERIAL:0.49497237983721576
C_MOVECOUNT:0.5103195904862451
