ELO:922
CE_PASSEDPAWNS:0.5368100289921971
CE_PAWNWEAKNESSES:0.4594787460548843
CE_PIECEACTIVITY:0.5338747451613243
CE_KINGPAWNSHIELD:0.49855481395799633
CE_PIECECOORDINATION:0.4628937499511647
CE_MATERIAL:0.485341473851374
CE_KINGSAFETY:0.4962114627401752
C_PIECESQUARETABLES:0.49633623908241264
C_MOBILITY:0.5045204597983539
C_KINGSAFETY:0.5246883399103663
C_PAWNSTRUCTURE:0.4739791550471891
C_PIECECOORDINATION:0.4434856119755289
C_ROOK:0.516989672646087
CE_ROOK:0.5137238954868306
C_CENTERCONTROL:0.4627389019573954
C_DEVELOPPIECES:0.4820105741251639
C_MATERIAL:0.4689068933943047
C_MOVECOUNT:0.49452644498185516
C_PAWNMOVEMENT:0.5096188709870436
