ELO:1000
CE_PASSEDPAWNS:0.5406727352457555
CE_PAWNWEAKNESSES:0.5247684243038756
CE_PIECEACTIVITY:0.48869185613571225
CE_KINGPAWNSHIELD:0.5163837738206781
CE_PIECECOORDINATION:0.4890184952102223
CE_MATERIAL:0.5364681265434956
CE_KINGSAFETY:0.4802407046461537
C_PIECESQUARETABLES:0.5154689148960664
C_MOBILITY:0.4675740237290747
C_KINGSAFETY:0.5208892031673811
C_PAWNSTRUCTURE:0.5072819751732028
C_PIECECOORDINATION:0.5051815775178096
C_ROOKANDPAWNMOVEMENT:0.5051815775178096
C_CENTERCONTROL:0.5300459952184636
C_DEVELOPPIECES:0.556553618883068
C_MATERIAL:0.4246195143482319
