ELO:1027
CE_PASSEDPAWNS:0.5718876362281508
CE_PAWNWEAKNESSES:0.5821702730028554
CE_PIECEACTIVITY:0.5026385750832324
CE_KINGPAWNSHIELD:0.5254045619111593
CE_PIECECOORDINATION:0.5028261337430481
CE_MATERIAL:0.5427268574032386
CE_KINGSAFETY:0.4765032049714773
C_PIECESQUARETABLES:0.5074140643348098
C_MOBILITY:0.5727070361313277
C_KINGSAFETY:0.5836218592771625
C_PAWNSTRUCTURE:0.504672773086015
C_PIECECOORDINATION:0.37352544468309573
C_ROOKANDPAWNMOVEMENT:0.37352544468309573
C_CENTERCONTROL:0.5219717181750835
C_DEVELOPPIECES:0.5813601113635255
C_MATERIAL:0.4310950385231046
