ELO:1000
CE_PASSEDPAWNS:0.5421913068783305
CE_PAWNWEAKNESSES:0.5363434201224611
CE_PIECEACTIVITY:0.49499912392940265
CE_KINGPAWNSHIELD:0.5214010807726795
CE_PIECECOORDINATION:0.49966767709618615
CE_MATERIAL:0.5349156908019609
CE_KINGSAFETY:0.4727226021047987
C_PIECESQUARETABLES:0.5112060324078069
C_MOBILITY:0.4651783510522587
C_KINGSAFETY:0.5112445464553352
C_PAWNSTRUCTURE:0.5067223231496959
C_PIECECOORDINATION:0.5051971357119356
C_ROOKANDPAWNMOVEMENT:0.5051971357119356
C_CENTERCONTROL:0.502599229952152
C_DEVELOPPIECES:0.5398866396237402
C_MATERIAL:0.43502673141381726
