ELO:973
CE_PASSEDPAWNS:0.4679095534503731
CE_PAWNWEAKNESSES:0.5155362259809537
CE_PIECEACTIVITY:0.501183418184734
CE_KINGPAWNSHIELD:0.5131661211053844
CE_PIECECOORDINATION:0.5113897913544676
CE_MATERIAL:0.5068601985106496
CE_KINGSAFETY:0.49466505485463214
C_PIECESQUARETABLES:0.47961833048389463
C_MOBILITY:0.46933821864220193
C_KINGSAFETY:0.499777338040776
C_PAWNSTRUCTURE:0.47654172925231486
C_PIECECOORDINATION:0.5069972855518879
C_ROOK:0.520758102556879
CE_ROOK:0.5344677772424855
C_CENTERCONTROL:0.49347395150285345
C_DEVELOPPIECES:0.4938692778754664
C_MATERIAL:0.49871879986360423
C_MOVECOUNT:0.5110357117762971
C_PAWNMOVEMENT:0.5182584007588795
