ELO:946
CE_PASSEDPAWNS:0.4993139397906851
CE_PAWNWEAKNESSES:0.5653893024953823
CE_PIECEACTIVITY:0.612326070076109
CE_KINGPAWNSHIELD:0.514430753435577
CE_PIECECOORDINATION:0.45343762500897994
CE_MATERIAL:0.49194552220503207
CE_KINGSAFETY:0.5139376889084621
C_PIECESQUARETABLES:0.45648916276686097
C_MOBILITY:0.4437993998182724
C_KINGSAFETY:0.4938511750643077
C_PAWNSTRUCTURE:0.5682520327609527
C_PIECECOORDINATION:0.42245629600212276
C_ROOKANDPAWNMOVEMENT:0.42245629600212276
C_CENTERCONTROL:0.539248266248829
C_DEVELOPPIECES:0.39606333017281364
C_MATERIAL:0.532525247137635
