ELO:988
CE_PASSEDPAWNS:0.3614529750774351
CE_PAWNWEAKNESSES:0.5068980752457051
CE_PIECEACTIVITY:0.567300110407923
CE_KINGPAWNSHIELD:0.5033131280847462
CE_PIECECOORDINATION:0.46884432717966207
CE_MATERIAL:0.5125313430690898
CE_KINGSAFETY:0.49185283808273894
C_PIECESQUARETABLES:0.5
C_MOBILITY:0.5005587856784626
C_KINGSAFETY:0.501961791184983
C_PAWNSTRUCTURE:0.32659486032772983
C_PIECECOORDINATION:0.43698279418656183
C_ROOKANDPAWNMOVEMENT:0.43698279418656183
C_CENTERCONTROL:0.35532890144886875
C_DEVELOPPIECES:0.5528173797779841
C_MATERIAL:0.6828983766046607
