ELO:987
CE_PASSEDPAWNS:0.5003977380617686
CE_PAWNWEAKNESSES:0.5
CE_PIECEACTIVITY:0.504706537737093
CE_KINGPAWNSHIELD:0.4902237796441841
CE_PIECECOORDINATION:0.5037564008292039
CE_MATERIAL:0.5017305685742657
CE_KINGSAFETY:0.5
C_PIECESQUARETABLES:0.5
C_MOBILITY:0.5
C_KINGSAFETY:0.5
C_PAWNSTRUCTURE:0.5
C_PIECECOORDINATION:0.5
C_ROOKANDPAWNMOVEMENT:0.5
C_CENTERCONTROL:0.5
C_DEVELOPPIECES:0.49603105039699186
C_MATERIAL:0.49762789232486787
C_MOVECOUNT:0.5
