ELO:989
CE_PASSEDPAWNS:0.39577215450500447
CE_PAWNWEAKNESSES:0.5324867503159412
CE_PIECEACTIVITY:0.49185110300869606
CE_KINGPAWNSHIELD:0.42158963305178737
CE_PIECECOORDINATION:0.6092782055877115
CE_MATERIAL:0.4049016234392006
CE_KINGSAFETY:0.5097455886915959
C_PIECESQUARETABLES:0.49816207749376346
C_MOBILITY:0.5063171398677973
C_KINGSAFETY:0.5579779710186019
C_PAWNSTRUCTURE:0.5069569876349957
C_PIECECOORDINATION:0.4332815383079589
C_ROOKANDPAWNMOVEMENT:0.4332815383079589
C_CENTERCONTROL:0.3690639416025447
C_DEVELOPPIECES:0.5528173797779841
C_MATERIAL:0.5866536899795093
