ELO:994
CE_PASSEDPAWNS:0.43389115226057956
CE_PAWNWEAKNESSES:0.5661640182430824
CE_PIECEACTIVITY:0.5349901748275275
CE_KINGPAWNSHIELD:0.5704167598823976
CE_PIECECOORDINATION:0.4201026469788288
CE_MATERIAL:0.5386815387377822
CE_KINGSAFETY:0.46531293717233646
C_PIECESQUARETABLES:0.5018862206173071
C_MOBILITY:0.43777756263552065
C_KINGSAFETY:0.4796605012651149
C_PAWNSTRUCTURE:0.5479348144048269
C_PIECECOORDINATION:0.4637999648872007
C_ROOKANDPAWNMOVEMENT:0.4637999648872007
C_CENTERCONTROL:0.5032813207075044
C_DEVELOPPIECES:0.44712571115834765
C_MATERIAL:0.5342081627921172
