ELO:1000
CE_PASSEDPAWNS:0.4643072875158866
CE_PAWNWEAKNESSES:0.5493593822884811
CE_PIECEACTIVITY:0.5323708556097554
CE_KINGPAWNSHIELD:0.5858003534534526
CE_PIECECOORDINATION:0.4346817532018925
CE_MATERIAL:0.5204534661257745
CE_KINGSAFETY:0.4686231360092247
C_PIECESQUARETABLES:0.49633860004066327
C_MOBILITY:0.4445805926425544
C_KINGSAFETY:0.4863973386536796
C_PAWNSTRUCTURE:0.4981045277142961
C_PIECECOORDINATION:0.4829337241440065
C_ROOKANDPAWNMOVEMENT:0.4829337241440065
C_CENTERCONTROL:0.5179564787342962
C_DEVELOPPIECES:0.47715309454903176
C_MATERIAL:0.5147492261949036
