ELO:1023
CE_PASSEDPAWNS:0.49706040903316956
CE_PAWNWEAKNESSES:0.4906632502805017
CE_PIECEACTIVITY:0.5172184773930351
CE_KINGPAWNSHIELD:0.5061455147655217
CE_PIECECOORDINATION:0.5040202546375999
CE_MATERIAL:0.5031111219981687
CE_KINGSAFETY:0.5093983073213616
C_PIECESQUARETABLES:0.48491020383690575
C_MOBILITY:0.49486346664073405
C_KINGSAFETY:0.5
C_PAWNSTRUCTURE:0.49674649797420944
C_PIECECOORDINATION:0.4828539543539031
C_ROOKANDPAWNMOVEMENT:0.4828539543539031
C_CENTERCONTROL:0.49839558477761514
C_DEVELOPPIECES:0.5122637840090337
C_MATERIAL:0.5096218136253755
