ELO:1000
CE_PASSEDPAWNS:0.5012273844943805
CE_PAWNWEAKNESSES:0.48713354425476907
CE_PIECEACTIVITY:0.49860388903864367
CE_KINGPAWNSHIELD:0.5075064468821936
CE_PIECECOORDINATION:0.47695010987892994
CE_MATERIAL:0.49434739496190905
CE_KINGSAFETY:0.4987855252716279
C_PIECESQUARETABLES:0.4939546764837166
C_MOBILITY:0.5240608005799569
C_KINGSAFETY:0.5092154005848065
C_PAWNSTRUCTURE:0.5160917159433104
C_PIECECOORDINATION:0.4966099778937009
C_ROOKANDPAWNMOVEMENT:0.4966099778937009
C_CENTERCONTROL:0.44644346530594287
C_DEVELOPPIECES:0.4711510270059175
C_MATERIAL:0.5197720683916647
