ELO:976
CE_PASSEDPAWNS:0.5106550873015341
CE_PAWNWEAKNESSES:0.4992341631981814
CE_PIECEACTIVITY:0.44248934950291063
CE_KINGPAWNSHIELD:0.4586704381750362
CE_PIECECOORDINATION:0.5391211466228981
CE_MATERIAL:0.4982824572475591
CE_KINGSAFETY:0.5062103328931181
C_PIECESQUARETABLES:0.523658659250921
C_MOBILITY:0.4774294502182612
C_KINGSAFETY:0.4811545239037355
C_PAWNSTRUCTURE:0.5624475566404448
C_PIECECOORDINATION:0.4802092972586076
C_ROOKANDPAWNMOVEMENT:0.4802092972586076
C_CENTERCONTROL:0.4897488069533946
C_DEVELOPPIECES:0.47780768925785383
C_MATERIAL:0.45659354510791883
