ELO:1000
CE_PASSEDPAWNS:0.5319494420952781
CE_PAWNWEAKNESSES:0.482638469071438
CE_PIECEACTIVITY:0.48688230448476183
CE_KINGPAWNSHIELD:0.44490219457889835
CE_PIECECOORDINATION:0.525708890605486
CE_MATERIAL:0.4818772844525003
CE_KINGSAFETY:0.5110858785008702
C_PIECESQUARETABLES:0.5030591621626643
C_MOBILITY:0.5083191194843837
C_KINGSAFETY:0.47248432478404767
C_PAWNSTRUCTURE:0.4985714351599148
C_PIECECOORDINATION:0.47627251894101047
C_ROOKANDPAWNMOVEMENT:0.47627251894101047
C_CENTERCONTROL:0.5207280092420404
C_DEVELOPPIECES:0.5094107184066667
C_MATERIAL:0.4593462626437855
