ELO:977
CE_PASSEDPAWNS:0.5060437199213341
CE_PAWNWEAKNESSES:0.5051023813503464
CE_PIECEACTIVITY:0.44248934950291063
CE_KINGPAWNSHIELD:0.4586704381750362
CE_PIECECOORDINATION:0.5391211466228981
CE_MATERIAL:0.49128646745236454
CE_KINGSAFETY:0.5112892468398667
C_PIECESQUARETABLES:0.5149806138696423
C_MOBILITY:0.47553184793241876
C_KINGSAFETY:0.4867918766966693
C_PAWNSTRUCTURE:0.5624475566404448
C_PIECECOORDINATION:0.4802092972586076
C_ROOKANDPAWNMOVEMENT:0.4802092972586076
C_CENTERCONTROL:0.4897488069533946
C_DEVELOPPIECES:0.4755635596721754
C_MATERIAL:0.45659354510791883
