ELO:987
CE_PASSEDPAWNS:0.5457345729423272
CE_PAWNWEAKNESSES:0.5086530027826172
CE_PIECEACTIVITY:0.49274308016029517
CE_KINGPAWNSHIELD:0.4721926911209493
CE_PIECECOORDINATION:0.48398266311985483
CE_MATERIAL:0.505934999764836
CE_KINGSAFETY:0.47716769269672854
C_PIECESQUARETABLES:0.49239407275185487
C_MOBILITY:0.580479941274235
C_KINGSAFETY:0.57923946111499
C_PAWNSTRUCTURE:0.62436365227218
C_PIECECOORDINATION:0.45464813938282267
C_ROOKANDPAWNMOVEMENT:0.45464813938282267
C_CENTERCONTROL:0.38257410751037846
C_DEVELOPPIECES:0.48463106472835726
C_MATERIAL:0.6819981357425864
