ELO:1060
CE_PASSEDPAWNS:0.4967280740982015
CE_PAWNWEAKNESSES:0.4865918621087596
CE_PIECEACTIVITY:0.5
CE_KINGPAWNSHIELD:0.49470807365182223
CE_PIECECOORDINATION:0.5
CE_MATERIAL:0.5
CE_KINGSAFETY:0.5
C_PIECESQUARETABLES:0.4990847355229168
C_MOBILITY:0.5
C_KINGSAFETY:0.4983189962122133
C_PAWNSTRUCTURE:0.49866877261002723
C_PIECECOORDINATION:0.5
C_ROOKANDPAWNMOVEMENT:0.5
C_CENTERCONTROL:0.5
C_DEVELOPPIECES:0.5
C_MATERIAL:0.5080410838487739
