ELO:981
CE_PASSEDPAWNS:0.5155047492001879
CE_PAWNWEAKNESSES:0.5051023813503464
CE_PIECEACTIVITY:0.4559156631694453
CE_KINGPAWNSHIELD:0.44924861234556357
CE_PIECECOORDINATION:0.5470144357305616
CE_MATERIAL:0.49128646745236454
CE_KINGSAFETY:0.5099350521103323
C_PIECESQUARETABLES:0.5
C_MOBILITY:0.46670905813098407
C_KINGSAFETY:0.4889583390903469
C_PAWNSTRUCTURE:0.5421062928299606
C_PIECECOORDINATION:0.45398782284044775
C_ROOKANDPAWNMOVEMENT:0.45398782284044775
C_CENTERCONTROL:0.5086827266023051
C_DEVELOPPIECES:0.4755635596721754
C_MATERIAL:0.4490556432335759
