ELO:1000
CE_PASSEDPAWNS:0.5280781871366996
CE_PAWNWEAKNESSES:0.48824310760314305
CE_PIECEACTIVITY:0.5030378499386157
CE_KINGPAWNSHIELD:0.4218436667292529
CE_PIECECOORDINATION:0.5429021700365985
CE_MATERIAL:0.4745402687665793
CE_KINGSAFETY:0.5229716817167619
C_PIECESQUARETABLES:0.5030591621626643
C_MOBILITY:0.5110782070315911
C_KINGSAFETY:0.47248432478404767
C_PAWNSTRUCTURE:0.4949769867581101
C_PIECECOORDINATION:0.46094856065351736
C_ROOKANDPAWNMOVEMENT:0.46094856065351736
C_CENTERCONTROL:0.5146330950834848
C_DEVELOPPIECES:0.49670760690772964
C_MATERIAL:0.47994764135585916
