ELO:1007
CE_PASSEDPAWNS:0.5
CE_PAWNWEAKNESSES:0.512211579667035
CE_PIECEACTIVITY:0.489048875388905
CE_KINGPAWNSHIELD:0.5008398854399625
CE_PIECECOORDINATION:0.5
CE_MATERIAL:0.49474405797008236
CE_KINGSAFETY:0.4948258181940027
C_PIECESQUARETABLES:0.48900193404912096
C_MOBILITY:0.5124576693435843
C_KINGSAFETY:0.49370927205701265
C_PAWNSTRUCTURE:0.494982459244853
C_PIECECOORDINATION:0.48704790693710154
C_ROOKANDPAWNMOVEMENT:0.48704790693710154
C_CENTERCONTROL:0.5148897114904609
C_DEVELOPPIECES:0.5
C_MATERIAL:0.5
C_MOVECOUNT:0.5
