ELO:1000
CE_PASSEDPAWNS:0.5
CE_PAWNWEAKNESSES:0.5057400924379601
CE_PIECEACTIVITY:0.5078084301180418
CE_KINGPAWNSHIELD:0.49307443434429105
CE_PIECECOORDINATION:0.4998998505517623
CE_MATERIAL:0.5
CE_KINGSAFETY:0.5
C_PIECESQUARETABLES:0.5
C_MOBILITY:0.504010605757442
C_KINGSAFETY:0.4905216695904209
C_PAWNSTRUCTURE:0.5
C_PIECECOORDINATION:0.5036290888329317
C_ROOKANDPAWNMOVEMENT:0.5036290888329317
C_CENTERCONTROL:0.5
C_DEVELOPPIECES:0.4955833591618638
C_MATERIAL:0.5
