ELO:736
CE_PASSEDPAWNS:0.5464504264642249
CE_PAWNWEAKNESSES:0.4581268203453563
CE_PIECEACTIVITY:0.47252911805131176
CE_KINGPAWNSHIELD:0.49548620104499125
CE_PIECECOORDINATION:0.47875733447149926
CE_MATERIAL:0.5224518585891917
CE_KINGSAFETY:0.46531377818930486
C_PIECESQUARETABLES:0.5484744730047623
C_MOBILITY:0.36785447606833294
C_KINGSAFETY:0.396321013467047
C_PAWNSTRUCTURE:0.4872057543576874
C_PIECECOORDINATION:0.5346156575445966
C_ROOKANDPAWNMOVEMENT:0.5346156575445966
C_CENTERCONTROL:0.5001660598329618
C_DEVELOPPIECES:0.511237804978168
C_MATERIAL:0.5548817670971792
C_MOVECOUNT:0.5
