ELO:983
CE_PASSEDPAWNS:0.5155047492001879
CE_PAWNWEAKNESSES:0.5124884668898692
CE_PIECEACTIVITY:0.4616751622946115
CE_KINGPAWNSHIELD:0.44924861234556357
CE_PIECECOORDINATION:0.551451492975674
CE_MATERIAL:0.49128646745236454
CE_KINGSAFETY:0.47636130326282133
C_PIECESQUARETABLES:0.4672367525742687
C_MOBILITY:0.4643311656675412
C_KINGSAFETY:0.5003285635892902
C_PAWNSTRUCTURE:0.5374074170605702
C_PIECECOORDINATION:0.46069718605783583
C_ROOKANDPAWNMOVEMENT:0.46069718605783583
C_CENTERCONTROL:0.5086827266023051
C_DEVELOPPIECES:0.4755635596721754
C_MATERIAL:0.451119952942785
