ELO:989
CE_PASSEDPAWNS:0.39577215450500447
CE_PAWNWEAKNESSES:0.5086530027826172
CE_PIECEACTIVITY:0.5473727389088581
CE_KINGPAWNSHIELD:0.4076561608377238
CE_PIECECOORDINATION:0.6092782055877115
CE_MATERIAL:0.5551482070903758
CE_KINGSAFETY:0.49185283808273894
C_PIECESQUARETABLES:0.5
C_MOBILITY:0.6037959865431323
C_KINGSAFETY:0.5624903905264442
C_PAWNSTRUCTURE:0.6291088583498949
C_PIECECOORDINATION:0.6135308168497035
C_ROOKANDPAWNMOVEMENT:0.6135308168497035
C_CENTERCONTROL:0.3690639416025447
C_DEVELOPPIECES:0.5528173797779841
C_MATERIAL:0.5866536899795093
