ELO:706
CE_PASSEDPAWNS:0.5196764088791517
CE_PAWNWEAKNESSES:0.4501245380757277
CE_PIECEACTIVITY:0.4585332770797994
CE_KINGPAWNSHIELD:0.47887290467321897
CE_PIECECOORDINATION:0.4515422203073514
CE_MATERIAL:0.47057091708983567
CE_KINGSAFETY:0.4756719330864817
C_PIECESQUARETABLES:0.4988691544994539
C_MOBILITY:0.36103622115293205
C_KINGSAFETY:0.3869977723601125
C_PAWNSTRUCTURE:0.47140378994048787
C_PIECECOORDINATION:0.5480702045274768
C_ROOKANDPAWNMOVEMENT:0.5480702045274768
C_CENTERCONTROL:0.5209010607329904
C_DEVELOPPIECES:0.5219033692297513
C_MATERIAL:0.5619433719227442
C_MOVECOUNT:0.5
