ELO:953
CE_PASSEDPAWNS:0.48676245122441764
CE_PAWNWEAKNESSES:0.5036786268068152
CE_PIECEACTIVITY:0.5062735719235953
CE_KINGPAWNSHIELD:0.47285630113456084
CE_PIECECOORDINATION:0.49101898071618744
CE_MATERIAL:0.5116119041233177
CE_KINGSAFETY:0.5374884973930338
C_PIECESQUARETABLES:0.5104115644752244
C_MOBILITY:0.5175181710589319
C_KINGSAFETY:0.5097556181306866
C_PAWNSTRUCTURE:0.5229353482101639
C_PIECECOORDINATION:0.49510098843937456
C_ROOKANDPAWNMOVEMENT:0.49510098843937456
C_CENTERCONTROL:0.5095135990805083
C_DEVELOPPIECES:0.49476552123935624
C_MATERIAL:0.4511265660589259
C_MOVECOUNT:0.4473858954769927
