ELO:1001
CE_PASSEDPAWNS:0.4751416728589527
CE_PAWNWEAKNESSES:0.5484843093195024
CE_PIECEACTIVITY:0.5213512589493299
CE_KINGPAWNSHIELD:0.5757717849086751
CE_PIECECOORDINATION:0.4337307891104271
CE_MATERIAL:0.5237525930759775
CE_KINGSAFETY:0.47109135406297525
C_PIECESQUARETABLES:0.5006326637697398
C_MOBILITY:0.44022824140482664
C_KINGSAFETY:0.46886222819535667
C_PAWNSTRUCTURE:0.5089653376189702
C_PIECECOORDINATION:0.46771737370549454
C_ROOKANDPAWNMOVEMENT:0.46771737370549454
C_CENTERCONTROL:0.5158758563053707
C_DEVELOPPIECES:0.4695753264709868
C_MATERIAL:0.512290610614949
