ELO:713
CE_PASSEDPAWNS:0.3155377869798394
CE_PAWNWEAKNESSES:0.6168019857288798
CE_PIECEACTIVITY:0.516956781597237
CE_KINGPAWNSHIELD:0.5569791169107556
CE_PIECECOORDINATION:0.5137779116743375
CE_MATERIAL:0.5796786369731731
CE_KINGSAFETY:0.5368127952919775
C_PIECESQUARETABLES:0.49839821812229124
C_MOBILITY:0.5201230627125831
C_KINGSAFETY:0.4451847502489387
C_PAWNSTRUCTURE:0.46731980252676036
C_PIECECOORDINATION:0.515877489547244
C_ROOKANDPAWNMOVEMENT:0.515877489547244
C_CENTERCONTROL:0.40666073063810726
C_DEVELOPPIECES:0.5136277142563593
C_MATERIAL:0.4888199287599634
C_MOVECOUNT:0.4842840082990094
