ELO:950
CE_PASSEDPAWNS:0.49247606636340263
CE_PAWNWEAKNESSES:0.5585147022529943
CE_PIECEACTIVITY:0.5923433614817437
CE_KINGPAWNSHIELD:0.5082733223576703
CE_PIECECOORDINATION:0.45680165458450933
CE_MATERIAL:0.4903182804092272
CE_KINGSAFETY:0.5129486238182477
C_PIECESQUARETABLES:0.46927087194641254
C_MOBILITY:0.4376075622310078
C_KINGSAFETY:0.5062000711186416
C_PAWNSTRUCTURE:0.5653276120986421
C_PIECECOORDINATION:0.4169301829746721
C_ROOKANDPAWNMOVEMENT:0.4169301829746721
C_CENTERCONTROL:0.5534756492728243
C_DEVELOPPIECES:0.4050091664615043
C_MATERIAL:0.5339514175413484
