ELO:955
CE_PASSEDPAWNS:0.480129556336867
CE_PAWNWEAKNESSES:0.5405420856392549
CE_PIECEACTIVITY:0.5023371923833705
CE_KINGPAWNSHIELD:0.5078687165913734
CE_PIECECOORDINATION:0.4965204669266151
CE_MATERIAL:0.48745105303714653
CE_KINGSAFETY:0.5109523831168197
C_PIECESQUARETABLES:0.5018629692451961
C_MOBILITY:0.47725402418116697
C_KINGSAFETY:0.5162431785736151
C_PAWNSTRUCTURE:0.4644559270343656
C_PIECECOORDINATION:0.5013947861795361
C_ROOKANDPAWNMOVEMENT:0.5013947861795361
C_CENTERCONTROL:0.4980926617800364
C_DEVELOPPIECES:0.5122326389698717
C_MATERIAL:0.5034901319143976
C_MOVECOUNT:0.4957859242383581
