ELO:921
CE_PASSEDPAWNS:0.4768593330930336
CE_PAWNWEAKNESSES:0.5354911046355876
CE_PIECEACTIVITY:0.5020362597236272
CE_KINGPAWNSHIELD:0.49087076047345857
CE_PIECECOORDINATION:0.5109249964584615
CE_MATERIAL:0.47466470380150383
CE_KINGSAFETY:0.47143648474759386
C_PIECESQUARETABLES:0.4912041304644299
C_MOBILITY:0.4812797357624691
C_KINGSAFETY:0.46618585065274076
C_PAWNSTRUCTURE:0.46165835274564654
C_PIECECOORDINATION:0.5393867719756119
C_ROOKANDPAWNMOVEMENT:0.5393867719756119
C_CENTERCONTROL:0.515032504602442
C_DEVELOPPIECES:0.46900522949169743
C_MATERIAL:0.5158463687681369
C_MOVECOUNT:0.5
