ELO:1000
CE_PASSEDPAWNS:0.5099890322470098
CE_PAWNWEAKNESSES:0.4792507895650787
CE_PIECEACTIVITY:0.5181501007539934
CE_KINGPAWNSHIELD:0.485813410370233
CE_PIECECOORDINATION:0.4965491627746212
CE_MATERIAL:0.4906080255011252
CE_KINGSAFETY:0.5183378419201977
C_PIECESQUARETABLES:0.4948704036055531
C_MOBILITY:0.5014023747808021
C_KINGSAFETY:0.4932957549771026
C_PAWNSTRUCTURE:0.5
C_PIECECOORDINATION:0.49348528092774935
C_ROOKANDPAWNMOVEMENT:0.49348528092774935
C_CENTERCONTROL:0.4748109310865545
C_DEVELOPPIECES:0.49949843623952717
C_MATERIAL:0.520555334198687
