ELO:986
CE_PASSEDPAWNS:0.4866744769363237
CE_PAWNWEAKNESSES:0.5145380713430788
CE_PIECEACTIVITY:0.5122190223408799
CE_KINGPAWNSHIELD:0.4929758484547815
CE_PIECECOORDINATION:0.48839708174030966
CE_MATERIAL:0.5022790631443195
CE_KINGSAFETY:0.4708976059266592
C_PIECESQUARETABLES:0.4955313665579502
C_MOBILITY:0.5
C_KINGSAFETY:0.5004408130999484
C_PAWNSTRUCTURE:0.48645811018387136
C_PIECECOORDINATION:0.5004730279577555
C_ROOKANDPAWNMOVEMENT:0.5004730279577555
C_CENTERCONTROL:0.49268334395957586
C_DEVELOPPIECES:0.47903757442662
C_MATERIAL:0.4780461941041928
C_MOVECOUNT:0.5
