ELO:941
CE_PASSEDPAWNS:0.4059147485799467
CE_PAWNWEAKNESSES:0.529648972377011
CE_PIECEACTIVITY:0.4808310772929249
CE_KINGPAWNSHIELD:0.5617277518420163
CE_PIECECOORDINATION:0.5381227877995974
CE_MATERIAL:0.4987799185422736
CE_KINGSAFETY:0.46707802991018604
C_PIECESQUARETABLES:0.46566478288080937
C_MOBILITY:0.5547187462885541
C_KINGSAFETY:0.5055385177482137
C_PAWNSTRUCTURE:0.5320138691397146
C_PIECECOORDINATION:0.46833955761031887
C_ROOKANDPAWNMOVEMENT:0.46833955761031887
C_CENTERCONTROL:0.5397445372145778
C_DEVELOPPIECES:0.5673569868582411
C_MATERIAL:0.5441379047081617
C_MOVECOUNT:0.46990644256263975
