ELO:969
CE_PASSEDPAWNS:0.4851131786129959
CE_PAWNWEAKNESSES:0.4944952605201521
CE_PIECEACTIVITY:0.4622751497051886
CE_KINGPAWNSHIELD:0.4599479189102679
CE_PIECECOORDINATION:0.5734004979393731
CE_MATERIAL:0.5202429898743525
CE_KINGSAFETY:0.5108854921476852
C_PIECESQUARETABLES:0.5214274236235852
C_MOBILITY:0.4599037701005975
C_KINGSAFETY:0.4608111352299622
C_PAWNSTRUCTURE:0.58332377533156
C_PIECECOORDINATION:0.455991895944387
C_ROOKANDPAWNMOVEMENT:0.455991895944387
C_CENTERCONTROL:0.496446811267262
C_DEVELOPPIECES:0.46156106032277777
C_MATERIAL:0.4461653063934235
