ELO:939
CE_PASSEDPAWNS:0.469321658209835
CE_PAWNWEAKNESSES:0.5200319172724562
CE_PIECEACTIVITY:0.3973509462333653
CE_KINGPAWNSHIELD:0.44037647492397336
CE_PIECECOORDINATION:0.5924021383079093
CE_MATERIAL:0.5389387100507229
CE_KINGSAFETY:0.5082883760963741
C_PIECESQUARETABLES:0.5035977878648081
C_MOBILITY:0.45804401093461955
C_KINGSAFETY:0.4315187494581594
C_PAWNSTRUCTURE:0.6276632766752935
C_PIECECOORDINATION:0.44524746072029864
C_ROOKANDPAWNMOVEMENT:0.44524746072029864
C_CENTERCONTROL:0.540073468693869
C_DEVELOPPIECES:0.4734000739571466
C_MATERIAL:0.3980613645835087
