ELO:843
CE_PASSEDPAWNS:0.503059549324871
CE_PAWNWEAKNESSES:0.49428452921121535
CE_PIECEACTIVITY:0.5046593544334874
CE_KINGPAWNSHIELD:0.48190185133392943
CE_PIECECOORDINATION:0.5150212771928746
CE_MATERIAL:0.4632653089958217
CE_KINGSAFETY:0.4129181083804139
C_PIECESQUARETABLES:0.47898289678747696
C_MOBILITY:0.46253475933370347
C_KINGSAFETY:0.46806875593186575
C_PAWNSTRUCTURE:0.42334218254118877
C_PIECECOORDINATION:0.5064005055112222
C_ROOKANDPAWNMOVEMENT:0.5064005055112222
C_CENTERCONTROL:0.5318943330933183
C_DEVELOPPIECES:0.4824248554778131
C_MATERIAL:0.5588415045587924
C_MOVECOUNT:0.5
