ELO:955
CE_PASSEDPAWNS:0.4737860359643288
CE_PAWNWEAKNESSES:0.5176489442582493
CE_PIECEACTIVITY:0.4395495913290277
CE_KINGPAWNSHIELD:0.45027593777800273
CE_PIECECOORDINATION:0.5924021383079093
CE_MATERIAL:0.5378320084342427
CE_KINGSAFETY:0.49998388966204715
C_PIECESQUARETABLES:0.5084004972197572
C_MOBILITY:0.4740092781345439
C_KINGSAFETY:0.4349118586622461
C_PAWNSTRUCTURE:0.6275014083073809
C_PIECECOORDINATION:0.451828380210934
C_ROOKANDPAWNMOVEMENT:0.451828380210934
C_CENTERCONTROL:0.532328390014384
C_DEVELOPPIECES:0.4882415745497141
C_MATERIAL:0.3907578338966541
