ELO:1000
CE_PASSEDPAWNS:0.5150553746936894
CE_PAWNWEAKNESSES:0.4896779967776636
CE_PIECEACTIVITY:0.5023054107123912
CE_KINGPAWNSHIELD:0.4507528700986773
CE_PIECECOORDINATION:0.5269467164824652
CE_MATERIAL:0.47173625354101684
CE_KINGSAFETY:0.5086137777207435
C_PIECESQUARETABLES:0.5126048548382367
C_MOBILITY:0.48404106052957313
C_KINGSAFETY:0.4678112307970742
C_PAWNSTRUCTURE:0.4850808833428212
C_PIECECOORDINATION:0.48596207290875404
C_ROOKANDPAWNMOVEMENT:0.48596207290875404
C_CENTERCONTROL:0.5062047175246301
C_DEVELOPPIECES:0.5015033140368522
C_MATERIAL:0.4391883662486929
