ELO:992
CE_PASSEDPAWNS:0.506950618051524
CE_PAWNWEAKNESSES:0.5245200332796353
CE_PIECEACTIVITY:0.5056728241118248
CE_KINGPAWNSHIELD:0.46285689524176415
CE_PIECECOORDINATION:0.5041661600849917
CE_MATERIAL:0.5166383856820063
CE_KINGSAFETY:0.5
C_PIECESQUARETABLES:0.5055323452791907
C_MOBILITY:0.48010990263072567
C_KINGSAFETY:0.5
C_PAWNSTRUCTURE:0.4518650699659673
C_PIECECOORDINATION:0.5049889652238411
C_ROOKANDPAWNMOVEMENT:0.5049889652238411
C_CENTERCONTROL:0.4773947114986531
C_DEVELOPPIECES:0.49219289247013864
C_MATERIAL:0.48945903271923635
C_MOVECOUNT:0.4657485514287328
