ELO:902
CE_PASSEDPAWNS:0.5122729938836552
CE_PAWNWEAKNESSES:0.4689928464326093
CE_PIECEACTIVITY:0.5277352540644
CE_KINGPAWNSHIELD:0.4994262713266604
CE_PIECECOORDINATION:0.518728668871101
CE_MATERIAL:0.47617955502590315
CE_KINGSAFETY:0.49801051813206065
C_PIECESQUARETABLES:0.5004086353338999
C_MOBILITY:0.4891163912060932
C_KINGSAFETY:0.5162431785736151
C_PAWNSTRUCTURE:0.45712399568314105
C_PIECECOORDINATION:0.5086338054576416
C_ROOKANDPAWNMOVEMENT:0.5086338054576416
C_CENTERCONTROL:0.5060014380371477
C_DEVELOPPIECES:0.49517388978579746
C_MATERIAL:0.4822820756185828
C_MOVECOUNT:0.4902394768121604
