ELO:946
CE_PASSEDPAWNS:0.47473794304342687
CE_PAWNWEAKNESSES:0.5071836163812196
CE_PIECEACTIVITY:0.49387528074222714
CE_KINGPAWNSHIELD:0.5309261672018744
CE_PIECECOORDINATION:0.5489758634243973
CE_MATERIAL:0.5140315397214784
CE_KINGSAFETY:0.506887557982734
C_PIECESQUARETABLES:0.5
C_MOBILITY:0.4866168780217149
C_KINGSAFETY:0.5340684424581338
C_PAWNSTRUCTURE:0.5192829212073865
C_PIECECOORDINATION:0.517125329560878
C_ROOK:0.4398582445133789
CE_ROOK:0.5286968801072304
C_CENTERCONTROL:0.4490071443697471
C_DEVELOPPIECES:0.5167439812402633
C_MATERIAL:0.45665872666638296
C_MOVECOUNT:0.4262825052300623
C_PAWNMOVEMENT:0.49013617458201747
