ELO:956
CE_PASSEDPAWNS:0.4954474824458961
CE_PAWNWEAKNESSES:0.48458664667490103
CE_PIECEACTIVITY:0.5039528732841233
CE_KINGPAWNSHIELD:0.5055201804998151
CE_PIECECOORDINATION:0.49068779253109496
CE_MATERIAL:0.493814819731235
CE_KINGSAFETY:0.4816686793115057
C_PIECESQUARETABLES:0.5021866308042908
C_MOBILITY:0.511575855013413
C_KINGSAFETY:0.4954105432815854
C_PAWNSTRUCTURE:0.4908802414426065
C_PIECECOORDINATION:0.4893418056042395
C_ROOKANDPAWNMOVEMENT:0.4893418056042395
C_CENTERCONTROL:0.50198199571833
C_DEVELOPPIECES:0.49705746871176404
C_MATERIAL:0.4913141139874538
C_MOVECOUNT:0.5
