ELO:1000
CE_PASSEDPAWNS:0.5280781871366996
CE_PAWNWEAKNESSES:0.4951225982672072
CE_PIECEACTIVITY:0.5055814637489696
CE_KINGPAWNSHIELD:0.42713336724224193
CE_PIECECOORDINATION:0.5357750955443592
CE_MATERIAL:0.4679491907087289
CE_KINGSAFETY:0.5229716817167619
C_PIECESQUARETABLES:0.4933413150075618
C_MOBILITY:0.5090164929456662
C_KINGSAFETY:0.49582257340759905
C_PAWNSTRUCTURE:0.5082429505852691
C_PIECECOORDINATION:0.46091652081147383
C_ROOKANDPAWNMOVEMENT:0.46091652081147383
C_CENTERCONTROL:0.507497791903482
C_DEVELOPPIECES:0.5007776530759229
C_MATERIAL:0.4854671660296245
