ELO:945
CE_PASSEDPAWNS:0.5043414277670062
CE_PAWNWEAKNESSES:0.5653893024953823
CE_PIECEACTIVITY:0.612326070076109
CE_KINGPAWNSHIELD:0.514430753435577
CE_PIECECOORDINATION:0.4514911481917175
CE_MATERIAL:0.49194552220503207
CE_KINGSAFETY:0.5139376889084621
C_PIECESQUARETABLES:0.4553005211785515
C_MOBILITY:0.4437993998182724
C_KINGSAFETY:0.4938511750643077
C_PAWNSTRUCTURE:0.5636414925804851
C_PIECECOORDINATION:0.4316959678271322
C_ROOKANDPAWNMOVEMENT:0.4316959678271322
C_CENTERCONTROL:0.5329603896663455
C_DEVELOPPIECES:0.4012189935351919
C_MATERIAL:0.5200979834001437
