ELO:915
CE_PASSEDPAWNS:0.5344378011687246
CE_PAWNWEAKNESSES:0.4639850650706232
CE_PIECEACTIVITY:0.47930811268258816
CE_KINGPAWNSHIELD:0.4502453231894733
CE_PIECECOORDINATION:0.5311842358925571
CE_MATERIAL:0.4840491313592311
CE_KINGSAFETY:0.4658374626967933
C_PIECESQUARETABLES:0.49841468295492153
C_MOBILITY:0.4655176992061931
C_KINGSAFETY:0.5242698067446804
C_PAWNSTRUCTURE:0.49677837792812624
C_PIECECOORDINATION:0.49044244133627257
C_ROOKANDPAWNMOVEMENT:0.49044244133627257
C_CENTERCONTROL:0.4784039840534033
C_DEVELOPPIECES:0.527013542375929
C_MATERIAL:0.48442491173463015
C_MOVECOUNT:0.5
