ELO:684
CE_PASSEDPAWNS:0.5472741826620429
CE_PAWNWEAKNESSES:0.5726200011784058
CE_PIECEACTIVITY:0.4083122443487307
CE_KINGPAWNSHIELD:0.5046654532313382
CE_PIECECOORDINATION:0.48688295120851377
CE_MATERIAL:0.45852352398327284
CE_KINGSAFETY:0.525066666605863
C_PIECESQUARETABLES:0.4543391592429907
C_MOBILITY:0.5117923608506103
C_KINGSAFETY:0.5087991472398279
C_PAWNSTRUCTURE:0.5053032541887883
C_PIECECOORDINATION:0.5430124046121673
C_ROOKANDPAWNMOVEMENT:0.5430124046121673
C_CENTERCONTROL:0.5221099864153019
C_DEVELOPPIECES:0.5422915640012655
C_MATERIAL:0.4285070891922683
C_MOVECOUNT:0.5035144466014867
