ELO:813
CE_PASSEDPAWNS:0.5038168578879451
CE_PAWNWEAKNESSES:0.5067143053926937
CE_PIECEACTIVITY:0.597936875355709
CE_KINGPAWNSHIELD:0.542810015721041
CE_PIECECOORDINATION:0.4319594931976191
CE_MATERIAL:0.498242875523531
CE_KINGSAFETY:0.48892338155806436
C_PIECESQUARETABLES:0.5202156476077379
C_MOBILITY:0.4120312352446118
C_KINGSAFETY:0.4969508112682155
C_PAWNSTRUCTURE:0.537488809465393
C_PIECECOORDINATION:0.5215554367032811
C_ROOKANDPAWNMOVEMENT:0.5215554367032811
C_CENTERCONTROL:0.5481189615301214
C_DEVELOPPIECES:0.48373912734921887
C_MATERIAL:0.5524926817891707
C_MOVECOUNT:0.5
