ELO:781
CE_PASSEDPAWNS:0.5118327745582455
CE_PAWNWEAKNESSES:0.5743013616138974
CE_PIECEACTIVITY:0.41839175404692086
CE_KINGPAWNSHIELD:0.5031988189173989
CE_PIECECOORDINATION:0.5158495566759368
CE_MATERIAL:0.3936628943334753
CE_KINGSAFETY:0.518579439737885
C_PIECESQUARETABLES:0.5136704724825194
C_MOBILITY:0.497848761320493
C_KINGSAFETY:0.5378887458279764
C_PAWNSTRUCTURE:0.47349148636513216
C_PIECECOORDINATION:0.5938680621877203
C_ROOKANDPAWNMOVEMENT:0.5938680621877203
C_CENTERCONTROL:0.4956447271955351
C_DEVELOPPIECES:0.5274320266574625
C_MATERIAL:0.512666412477807
C_MOVECOUNT:0.5
