ELO:1000
CE_PASSEDPAWNS:0.5107541300784452
CE_PAWNWEAKNESSES:0.5120058708787607
CE_PIECEACTIVITY:0.4816703957746105
CE_KINGPAWNSHIELD:0.49819439835611073
CE_PIECECOORDINATION:0.46516265907689985
CE_MATERIAL:0.4815513594515668
CE_KINGSAFETY:0.5240089967302413
C_PIECESQUARETABLES:0.4555185614347258
C_MOBILITY:0.4818165795194737
C_KINGSAFETY:0.4892875545267333
C_PAWNSTRUCTURE:0.5203680658398878
C_PIECECOORDINATION:0.49386700589013643
C_ROOKANDPAWNMOVEMENT:0.49386700589013643
C_CENTERCONTROL:0.517782671418137
C_DEVELOPPIECES:0.49507354643363327
C_MATERIAL:0.4768415494823664
