ELO:855
CE_PASSEDPAWNS:0.5083116459293134
CE_PAWNWEAKNESSES:0.5015853353958194
CE_PIECEACTIVITY:0.5231980908359175
CE_KINGPAWNSHIELD:0.5270551135023825
CE_PIECECOORDINATION:0.5062422541660231
CE_MATERIAL:0.5128226435745167
CE_KINGSAFETY:0.4751057542403783
C_PIECESQUARETABLES:0.5081089705123522
C_MOBILITY:0.4508558664184801
C_KINGSAFETY:0.4835984961190835
C_PAWNSTRUCTURE:0.5124707480418582
C_PIECECOORDINATION:0.46950669887010543
C_ROOKANDPAWNMOVEMENT:0.46950669887010543
C_CENTERCONTROL:0.5165469433270637
C_DEVELOPPIECES:0.5408527686253639
C_MATERIAL:0.4887802445919172
C_MOVECOUNT:0.5
