ELO:978
CE_PASSEDPAWNS:0.5327315939605141
CE_PAWNWEAKNESSES:0.5082820014639927
CE_PIECEACTIVITY:0.5143800947543474
CE_KINGPAWNSHIELD:0.5025904583178241
CE_PIECECOORDINATION:0.5690487147843764
CE_MATERIAL:0.4923244400607846
CE_KINGSAFETY:0.5100068884794895
C_PIECESQUARETABLES:0.4650450947888629
C_MOBILITY:0.4989881309998051
C_KINGSAFETY:0.5443042407185944
C_PAWNSTRUCTURE:0.5488278595338805
C_PIECECOORDINATION:0.520396843990071
C_ROOKANDPAWNMOVEMENT:0.520396843990071
C_CENTERCONTROL:0.49271689135329205
C_DEVELOPPIECES:0.5267399798387677
C_MATERIAL:0.5059900543409627
C_MOVECOUNT:0.5258176845214692
