ELO:1001
CE_PASSEDPAWNS:0.4809912995137297
CE_PAWNWEAKNESSES:0.48365086534427054
CE_PIECEACTIVITY:0.4868367018301459
CE_KINGPAWNSHIELD:0.5170938629885469
CE_PIECECOORDINATION:0.48287711891478974
CE_MATERIAL:0.5132067850166201
CE_KINGSAFETY:0.5
C_PIECESQUARETABLES:0.5
C_MOBILITY:0.5175450428029121
C_KINGSAFETY:0.5154947016018071
C_PAWNSTRUCTURE:0.5087161839004181
C_PIECECOORDINATION:0.5033188314669358
C_ROOK:0.5041519753694378
CE_ROOK:0.4825625937589016
C_CENTERCONTROL:0.4744785666193554
C_DEVELOPPIECES:0.49173558182974186
C_MATERIAL:0.4960886216407111
C_MOVECOUNT:0.4701640049785616
C_PAWNMOVEMENT:0.5192004843435735
