ELO:953
CE_PASSEDPAWNS:0.4548482533236306
CE_PAWNWEAKNESSES:0.4665554399486942
CE_PIECEACTIVITY:0.48527920889693515
CE_KINGPAWNSHIELD:0.5189962606016599
CE_PIECECOORDINATION:0.47765533909589963
CE_MATERIAL:0.4316526917145963
CE_KINGSAFETY:0.5260003566256481
C_PIECESQUARETABLES:0.46404980154057457
C_MOBILITY:0.5201939914071786
C_KINGSAFETY:0.39162494037910206
C_PAWNSTRUCTURE:0.6062358587518523
C_PIECECOORDINATION:0.42697847581356724
C_ROOKANDPAWNMOVEMENT:0.42697847581356724
C_CENTERCONTROL:0.4766865611229232
C_DEVELOPPIECES:0.5807322910370328
C_MATERIAL:0.5091825770507491
