ELO:1050
CE_PASSEDPAWNS:0.4925151874281655
CE_PAWNWEAKNESSES:0.5090073923529249
CE_PIECEACTIVITY:0.5037946688971411
CE_KINGPAWNSHIELD:0.4882991666074076
CE_PIECECOORDINATION:0.5
CE_MATERIAL:0.4981089047036181
CE_KINGSAFETY:0.5
C_PIECESQUARETABLES:0.5
C_MOBILITY:0.47763626907497486
C_KINGSAFETY:0.49300306790806625
C_PAWNSTRUCTURE:0.4923481880842179
C_PIECECOORDINATION:0.5211295824401159
C_ROOK:0.5099060923727498
CE_ROOK:0.5108056098386401
C_CENTERCONTROL:0.4810849226389004
C_DEVELOPPIECES:0.4961452687840419
C_MATERIAL:0.498131800715962
C_MOVECOUNT:0.5062637963594351
C_PAWNMOVEMENT:0.4870259075401598
