ELO:1029
CE_PASSEDPAWNS:0.49709284940223286
CE_PAWNWEAKNESSES:0.5201033280014875
CE_PIECEACTIVITY:0.5012593221806272
CE_KINGPAWNSHIELD:0.48875468384227955
CE_PIECECOORDINATION:0.5238094004842603
CE_MATERIAL:0.5041278043731872
CE_KINGSAFETY:0.5
C_PIECESQUARETABLES:0.5
C_MOBILITY:0.5
C_KINGSAFETY:0.5123723694021942
C_PAWNSTRUCTURE:0.5201564779106247
C_PIECECOORDINATION:0.5176440927420277
C_ROOK:0.5229196765063503
CE_ROOK:0.5115540037442572
C_CENTERCONTROL:0.4810849226389004
C_DEVELOPPIECES:0.49486487060257084
C_MATERIAL:0.508664708988443
C_MOVECOUNT:0.5102333506431944
C_PAWNMOVEMENT:0.47449648882613543
