ELO:1024
CE_PASSEDPAWNS:0.4935415713966914
CE_PAWNWEAKNESSES:0.5
CE_PIECEACTIVITY:0.509891946592569
CE_KINGPAWNSHIELD:0.5022988077353194
CE_PIECECOORDINATION:0.4986382488496466
CE_MATERIAL:0.5072789779110226
CE_KINGSAFETY:0.5
C_PIECESQUARETABLES:0.49025523270870025
C_MOBILITY:0.49772689936704667
C_KINGSAFETY:0.4877562912009676
C_PAWNSTRUCTURE:0.5020805120842277
C_PIECECOORDINATION:0.508184283426355
C_ROOKANDPAWNMOVEMENT:0.508184283426355
C_CENTERCONTROL:0.4967855137836982
C_DEVELOPPIECES:0.5076058216458842
C_MATERIAL:0.5
C_MOVECOUNT:0.5095700092507943
