ELO:653
CE_PASSEDPAWNS:0.542799580901142
CE_PAWNWEAKNESSES:0.5652969714464319
CE_PIECEACTIVITY:0.4157169822747178
CE_KINGPAWNSHIELD:0.4908862595912138
CE_PIECECOORDINATION:0.4913789718025974
CE_MATERIAL:0.44577064476324296
CE_KINGSAFETY:0.5065563930498689
C_PIECESQUARETABLES:0.4814289362022062
C_MOBILITY:0.47146660686105246
C_KINGSAFETY:0.4761384322711073
C_PAWNSTRUCTURE:0.4936361076037024
C_PIECECOORDINATION:0.5651508471603726
C_ROOKANDPAWNMOVEMENT:0.5651508471603726
C_CENTERCONTROL:0.4752009293895169
C_DEVELOPPIECES:0.5166866120819164
C_MATERIAL:0.4522326125182104
C_MOVECOUNT:0.5082909157122274
