ELO:980
CE_PASSEDPAWNS:0.43638040384808485
CE_PAWNWEAKNESSES:0.4692033463301084
CE_PIECEACTIVITY:0.4536594290994533
CE_KINGPAWNSHIELD:0.5461831284851492
CE_PIECECOORDINATION:0.46771687312403315
CE_MATERIAL:0.4290813685500919
CE_KINGSAFETY:0.48457544359704546
C_PIECESQUARETABLES:0.5514079138005531
C_MOBILITY:0.48303295889436954
C_KINGSAFETY:0.44250786364216654
C_PAWNSTRUCTURE:0.548871830976392
C_PIECECOORDINATION:0.4116446298370901
C_ROOKANDPAWNMOVEMENT:0.4116446298370901
C_CENTERCONTROL:0.5112530164710939
C_DEVELOPPIECES:0.556888539683732
C_MATERIAL:0.4482889088276494
