ELO:1041
CE_PASSEDPAWNS:0.47428961058948177
CE_PAWNWEAKNESSES:0.5101043998491279
CE_PIECEACTIVITY:0.5005067291873136
CE_KINGPAWNSHIELD:0.5120062770961185
CE_PIECECOORDINATION:0.5273503149869337
CE_MATERIAL:0.48282644193788904
CE_KINGSAFETY:0.5
C_PIECESQUARETABLES:0.5
C_MOBILITY:0.4967337857073545
C_KINGSAFETY:0.5026268781222339
C_PAWNSTRUCTURE:0.4944988609796438
C_PIECECOORDINATION:0.516105536914867
C_ROOK:0.523495605081365
CE_ROOK:0.5211191153185273
C_CENTERCONTROL:0.48745490307112077
C_DEVELOPPIECES:0.4787920258108393
C_MATERIAL:0.48814307046272054
C_MOVECOUNT:0.5041077650228579
C_PAWNMOVEMENT:0.5158369651114797
