ELO:942
CE_PASSEDPAWNS:0.5
CE_PAWNWEAKNESSES:0.49665353883472657
CE_PIECEACTIVITY:0.4911203722993921
CE_KINGPAWNSHIELD:0.49079271362333354
CE_PIECECOORDINATION:0.5127290838220138
CE_MATERIAL:0.5233332103334151
CE_KINGSAFETY:0.4951825279099768
C_PIECESQUARETABLES:0.5264905577911868
C_MOBILITY:0.5146552919447129
C_KINGSAFETY:0.5094109443430389
C_PAWNSTRUCTURE:0.502958378363009
C_PIECECOORDINATION:0.5096186933973635
C_ROOKANDPAWNMOVEMENT:0.5096186933973635
C_CENTERCONTROL:0.4887198148226604
C_DEVELOPPIECES:0.5177972399590328
C_MATERIAL:0.5098684590865065
C_MOVECOUNT:0.47412146766374114
