ELO:1010
CE_PASSEDPAWNS:0.5067580909447642
CE_PAWNWEAKNESSES:0.4895927331726631
CE_PIECEACTIVITY:0.5
CE_KINGPAWNSHIELD:0.5108632158770399
CE_PIECECOORDINATION:0.48768538166347714
CE_MATERIAL:0.5
CE_KINGSAFETY:0.4861627340391174
C_PIECESQUARETABLES:0.49810298707480233
C_MOBILITY:0.5098078430843751
C_KINGSAFETY:0.5174862591935193
C_PAWNSTRUCTURE:0.5
C_PIECECOORDINATION:0.5
C_ROOK:0.48820691228006974
CE_ROOK:0.49073101361472976
C_CENTERCONTROL:0.5062802752128492
C_DEVELOPPIECES:0.5
C_MATERIAL:0.4960451462436989
C_MOVECOUNT:0.4943383433023274
C_PAWNMOVEMENT:0.4912508295964534
