ELO:1014
CE_PASSEDPAWNS:0.5244423501098813
CE_PAWNWEAKNESSES:0.5179345407575462
CE_PIECEACTIVITY:0.49204023118983425
CE_KINGPAWNSHIELD:0.5121598557673049
CE_PIECECOORDINATION:0.5254639287438814
CE_MATERIAL:0.4939458398004939
CE_KINGSAFETY:0.5
C_PIECESQUARETABLES:0.5
C_MOBILITY:0.5011218318521301
C_KINGSAFETY:0.5170180512813435
C_PAWNSTRUCTURE:0.5125440906912597
C_PIECECOORDINATION:0.53854140304175
C_ROOK:0.5277144583847722
CE_ROOK:0.4671050931683059
C_CENTERCONTROL:0.5096254495975724
C_DEVELOPPIECES:0.5271781048189464
C_MATERIAL:0.5252441272845891
C_MOVECOUNT:0.4727038447097598
C_PAWNMOVEMENT:0.5049960021239764
