ELO:956
CE_PASSEDPAWNS:0.44865310616842496
CE_PAWNWEAKNESSES:0.4732579566002639
CE_PIECEACTIVITY:0.4831127224465216
CE_KINGPAWNSHIELD:0.5067995326077054
CE_PIECECOORDINATION:0.48865815027234344
CE_MATERIAL:0.44846607796883853
CE_KINGSAFETY:0.5118578940373533
C_PIECESQUARETABLES:0.47987230920326507
C_MOBILITY:0.5395370707795912
C_KINGSAFETY:0.3893908200386742
C_PAWNSTRUCTURE:0.6005151017691881
C_PIECECOORDINATION:0.4382875447799161
C_ROOKANDPAWNMOVEMENT:0.4382875447799161
C_CENTERCONTROL:0.46975557096586723
C_DEVELOPPIECES:0.574176687014221
C_MATERIAL:0.5091825770507491
