ELO:1019
CE_PASSEDPAWNS:0.511461745606021
CE_PAWNWEAKNESSES:0.5004243223945801
CE_PIECEACTIVITY:0.49204023118983425
CE_KINGPAWNSHIELD:0.5179883651661399
CE_PIECECOORDINATION:0.5254639287438814
CE_MATERIAL:0.48937577603872473
CE_KINGSAFETY:0.5
C_PIECESQUARETABLES:0.5
C_MOBILITY:0.4941184934948356
C_KINGSAFETY:0.49780795929225014
C_PAWNSTRUCTURE:0.48412695891234964
C_PIECECOORDINATION:0.5128868997623572
C_ROOK:0.5099060923727498
CE_ROOK:0.5166990486561499
C_CENTERCONTROL:0.4810832353263226
C_DEVELOPPIECES:0.49778111311249335
C_MATERIAL:0.5126455007579979
C_MOVECOUNT:0.4930928224995743
C_PAWNMOVEMENT:0.4451262352644556
