ELO:994
CE_PASSEDPAWNS:0.484176720378783
CE_PAWNWEAKNESSES:0.4974663646033221
CE_PIECEACTIVITY:0.5023382234647957
CE_KINGPAWNSHIELD:0.5199074058542651
CE_PIECECOORDINATION:0.480421089750559
CE_MATERIAL:0.5257471677070732
CE_KINGSAFETY:0.509984068261641
C_PIECESQUARETABLES:0.4951351310048314
C_MOBILITY:0.4832646231260201
C_KINGSAFETY:0.511321676134117
C_PAWNSTRUCTURE:0.5213219500223529
C_PIECECOORDINATION:0.518627826741136
C_ROOKANDPAWNMOVEMENT:0.518627826741136
C_CENTERCONTROL:0.5014874790999141
C_DEVELOPPIECES:0.5080191621583715
C_MATERIAL:0.48320061384516055
C_MOVECOUNT:0.5315434853940636
