ELO:987
CE_PASSEDPAWNS:0.5
CE_PAWNWEAKNESSES:0.5
CE_PIECEACTIVITY:0.5019197222125116
CE_KINGPAWNSHIELD:0.48780252466533075
CE_PIECECOORDINATION:0.504543992927622
CE_MATERIAL:0.49506385603152003
CE_KINGSAFETY:0.5
C_PIECESQUARETABLES:0.49848643967221956
C_MOBILITY:0.5
C_KINGSAFETY:0.5
C_PAWNSTRUCTURE:0.5
C_PIECECOORDINATION:0.5069440501865148
C_ROOKANDPAWNMOVEMENT:0.5069440501865148
C_CENTERCONTROL:0.49083562827682015
C_DEVELOPPIECES:0.483480419273887
C_MATERIAL:0.502722934710299
C_MOVECOUNT:0.5
