ELO:1009
CE_PASSEDPAWNS:0.4778775246407327
CE_PAWNWEAKNESSES:0.49700010940072165
CE_PIECEACTIVITY:0.502939485407813
CE_KINGPAWNSHIELD:0.5220819546302787
CE_PIECECOORDINATION:0.49243489196063395
CE_MATERIAL:0.4842056406862006
CE_KINGSAFETY:0.5
C_PIECESQUARETABLES:0.5
C_MOBILITY:0.4776585041944293
C_KINGSAFETY:0.482503523626669
C_PAWNSTRUCTURE:0.5084033372933106
C_PIECECOORDINATION:0.53854140304175
C_ROOK:0.5150881953636827
CE_ROOK:0.4671050931683059
C_CENTERCONTROL:0.48100842722397014
C_DEVELOPPIECES:0.4889545924510755
C_MATERIAL:0.5177977038124614
C_MOVECOUNT:0.4900593295644423
C_PAWNMOVEMENT:0.5
