ELO:1006
CE_PASSEDPAWNS:0.4815669521233752
CE_PAWNWEAKNESSES:0.5012364772562314
CE_PIECEACTIVITY:0.4923104357495009
CE_KINGPAWNSHIELD:0.5
CE_PIECECOORDINATION:0.5026519460914628
CE_MATERIAL:0.49862200697369263
CE_KINGSAFETY:0.49381447348321134
C_PIECESQUARETABLES:0.5
C_MOBILITY:0.4825433907835051
C_KINGSAFETY:0.49112439520724765
C_PAWNSTRUCTURE:0.5068952753206588
C_PIECECOORDINATION:0.4980178944083901
C_ROOKANDPAWNMOVEMENT:0.4980178944083901
C_CENTERCONTROL:0.5237075934744579
C_DEVELOPPIECES:0.49458334171820456
C_MATERIAL:0.4929146213694425
C_MOVECOUNT:0.4876842521540512
