ELO:985
CE_PASSEDPAWNS:0.518245329956378
CE_PAWNWEAKNESSES:0.5176785809768669
CE_PIECEACTIVITY:0.5021198175627213
CE_KINGPAWNSHIELD:0.5523805497618989
CE_PIECECOORDINATION:0.5
CE_MATERIAL:0.46031511871083386
CE_KINGSAFETY:0.49581795844502
C_PIECESQUARETABLES:0.48592661037271206
C_MOBILITY:0.5221146444842003
C_KINGSAFETY:0.504179040886419
C_PAWNSTRUCTURE:0.498304601665577
C_PIECECOORDINATION:0.5064013195105548
C_ROOKANDPAWNMOVEMENT:0.5064013195105548
C_CENTERCONTROL:0.49606787369973787
C_DEVELOPPIECES:0.5371164397782872
C_MATERIAL:0.47761183717823824
