ELO:839
CE_PASSEDPAWNS:0.49838119973618134
CE_PAWNWEAKNESSES:0.5182030310223678
CE_PIECEACTIVITY:0.5297243895719919
CE_KINGPAWNSHIELD:0.5241426806295638
CE_PIECECOORDINATION:0.49532034471673786
CE_MATERIAL:0.49684738137114925
CE_KINGSAFETY:0.4939706113594384
C_PIECESQUARETABLES:0.522216836025414
C_MOBILITY:0.45920345336082674
C_KINGSAFETY:0.4847904233090877
C_PAWNSTRUCTURE:0.49989844726165766
C_PIECECOORDINATION:0.4760498029917618
C_ROOKANDPAWNMOVEMENT:0.4760498029917618
C_CENTERCONTROL:0.5106016763286462
C_DEVELOPPIECES:0.5358570282437686
C_MATERIAL:0.4899569792366834
C_MOVECOUNT:0.5
