ELO:1012
CE_PASSEDPAWNS:0.49916099959583315
CE_PAWNWEAKNESSES:0.5
CE_PIECEACTIVITY:0.5
CE_KINGPAWNSHIELD:0.5
CE_PIECECOORDINATION:0.49667395774672707
CE_MATERIAL:0.49353776973169927
CE_KINGSAFETY:0.5
C_PIECESQUARETABLES:0.5
C_MOBILITY:0.5011425683366263
C_KINGSAFETY:0.5
C_PAWNSTRUCTURE:0.5
C_PIECECOORDINATION:0.503229618912818
C_ROOKANDPAWNMOVEMENT:0.503229618912818
C_CENTERCONTROL:0.5016496735516847
C_DEVELOPPIECES:0.5022642546052366
C_MATERIAL:0.5098790173758988
C_MOVECOUNT:0.5
