ELO:674
CE_PASSEDPAWNS:0.5386608499811053
CE_PAWNWEAKNESSES:0.5575772621519502
CE_PIECEACTIVITY:0.420330800526023
CE_KINGPAWNSHIELD:0.49229260554084875
CE_PIECECOORDINATION:0.4920582500456481
CE_MATERIAL:0.4530769541933427
CE_KINGSAFETY:0.5070770503555387
C_PIECESQUARETABLES:0.43699916279580975
C_MOBILITY:0.5128709233799541
C_KINGSAFETY:0.5242600135505411
C_PAWNSTRUCTURE:0.4924076220778734
C_PIECECOORDINATION:0.5442468543031044
C_ROOKANDPAWNMOVEMENT:0.5442468543031044
C_CENTERCONTROL:0.5121786749706817
C_DEVELOPPIECES:0.5030180961236779
C_MATERIAL:0.4438693888260162
C_MOVECOUNT:0.5069069593043801
