ELO:1028
CE_PASSEDPAWNS:0.5167050279205743
CE_PAWNWEAKNESSES:0.5167718636385193
CE_PIECEACTIVITY:0.4787996824347837
CE_KINGPAWNSHIELD:0.517047738082707
CE_PIECECOORDINATION:0.5049346467414968
CE_MATERIAL:0.4914661031427333
CE_KINGSAFETY:0.5000543850536237
C_PIECESQUARETABLES:0.5
C_MOBILITY:0.509206582305745
C_KINGSAFETY:0.48866814504154515
C_PAWNSTRUCTURE:0.5024617205588147
C_PIECECOORDINATION:0.49106351078862787
C_ROOKANDPAWNMOVEMENT:0.49106351078862787
C_CENTERCONTROL:0.5107989819377158
C_DEVELOPPIECES:0.5072452112041482
C_MATERIAL:0.5017620250554827
C_MOVECOUNT:0.5244591540719499
