ELO:975
CE_PASSEDPAWNS:0.4704764653041662
CE_PAWNWEAKNESSES:0.47466543008113904
CE_PIECEACTIVITY:0.5016245473231088
CE_KINGPAWNSHIELD:0.5143401918626521
CE_PIECECOORDINATION:0.49731392053357226
CE_MATERIAL:0.48841163043833513
CE_KINGSAFETY:0.5
C_PIECESQUARETABLES:0.5
C_MOBILITY:0.4346272988272857
C_KINGSAFETY:0.4734040342428972
C_PAWNSTRUCTURE:0.5285708705350926
C_PIECECOORDINATION:0.5161277919550157
C_ROOK:0.4952948093751176
CE_ROOK:0.4825625937589016
C_CENTERCONTROL:0.4925474243780922
C_DEVELOPPIECES:0.4963485996426581
C_MATERIAL:0.5291953651422138
C_MOVECOUNT:0.4740560963350432
C_PAWNMOVEMENT:0.5192004843435735
