ELO:1058
CE_PASSEDPAWNS:0.504565068826965
CE_PAWNWEAKNESSES:0.5090073923529249
CE_PIECEACTIVITY:0.5037946688971411
CE_KINGPAWNSHIELD:0.4996552307072707
CE_PIECECOORDINATION:0.5053223456183804
CE_MATERIAL:0.5218302596636045
CE_KINGSAFETY:0.5
C_PIECESQUARETABLES:0.5
C_MOBILITY:0.5139887119244537
C_KINGSAFETY:0.49861860869754215
C_PAWNSTRUCTURE:0.4923481880842179
C_PIECECOORDINATION:0.5211295824401159
C_ROOK:0.5
CE_ROOK:0.4700809998501912
C_CENTERCONTROL:0.5064946862139831
C_DEVELOPPIECES:0.4831363253120554
C_MATERIAL:0.5
C_MOVECOUNT:0.48987931154882625
C_PAWNMOVEMENT:0.5033146514761775
