ELO:931
CE_PASSEDPAWNS:0.5431386935712404
CE_PAWNWEAKNESSES:0.46627790941053704
CE_PIECEACTIVITY:0.5043946273509213
CE_KINGPAWNSHIELD:0.5802151995091727
CE_PIECECOORDINATION:0.575350956384817
CE_MATERIAL:0.4583567086842666
CE_KINGSAFETY:0.4853097662889782
C_PIECESQUARETABLES:0.4985769955726121
C_MOBILITY:0.5132839298542388
C_KINGSAFETY:0.4516563567062694
C_PAWNSTRUCTURE:0.5465661749403486
C_PIECECOORDINATION:0.4861596209212707
C_ROOKANDPAWNMOVEMENT:0.4861596209212707
C_CENTERCONTROL:0.5521537496522374
C_DEVELOPPIECES:0.4871825900883664
C_MATERIAL:0.5499884090755177
