ELO:876
CE_PASSEDPAWNS:0.4648935263045799
CE_PAWNWEAKNESSES:0.4412947381204104
CE_PIECEACTIVITY:0.5031116461614621
CE_KINGPAWNSHIELD:0.5844803840752343
CE_PIECECOORDINATION:0.5258492172886445
CE_MATERIAL:0.363985696859033
CE_KINGSAFETY:0.5041848152940073
C_PIECESQUARETABLES:0.49323999821848513
C_MOBILITY:0.5368511863456313
C_KINGSAFETY:0.3768440729823425
C_PAWNSTRUCTURE:0.5468761656426733
C_PIECECOORDINATION:0.4311725790940783
C_ROOKANDPAWNMOVEMENT:0.4311725790940783
C_CENTERCONTROL:0.47133772213467034
C_DEVELOPPIECES:0.5884946194756802
C_MATERIAL:0.44691064444778905
