ELO:1049
CE_PASSEDPAWNS:0.5380702369356082
CE_PAWNWEAKNESSES:0.5101043998491279
CE_PIECEACTIVITY:0.5272660641145863
CE_KINGPAWNSHIELD:0.4779380244646073
CE_PIECECOORDINATION:0.5238094004842603
CE_MATERIAL:0.48282644193788904
CE_KINGSAFETY:0.5
C_PIECESQUARETABLES:0.5
C_MOBILITY:0.5197601571085042
C_KINGSAFETY:0.4977610177086823
C_PAWNSTRUCTURE:0.5080209608016621
C_PIECECOORDINATION:0.516105536914867
C_ROOK:0.523495605081365
CE_ROOK:0.5007130595705892
C_CENTERCONTROL:0.4921312419304174
C_DEVELOPPIECES:0.48131052813926906
C_MATERIAL:0.48814307046272054
C_MOVECOUNT:0.5008972420924181
C_PAWNMOVEMENT:0.5158369651114797
