ELO:905
CE_PASSEDPAWNS:0.4262854419587634
CE_PAWNWEAKNESSES:0.47786949418774405
CE_PIECEACTIVITY:0.4978455267477922
CE_KINGPAWNSHIELD:0.5409860864480998
CE_PIECECOORDINATION:0.4985474408863852
CE_MATERIAL:0.5310568174785743
CE_KINGSAFETY:0.5
C_PIECESQUARETABLES:0.5
C_MOBILITY:0.4844265635854626
C_KINGSAFETY:0.49236471425538125
C_PAWNSTRUCTURE:0.4246910664450539
C_PIECECOORDINATION:0.47472098556011727
C_ROOK:0.5331507077902085
CE_ROOK:0.49263734446122026
C_CENTERCONTROL:0.49288856789372476
C_DEVELOPPIECES:0.5215944097621115
C_MATERIAL:0.45617074246235206
C_MOVECOUNT:0.4991530519725443
C_PAWNMOVEMENT:0.5131430195897676
