ELO:1009
CE_PASSEDPAWNS:0.4983029351664606
CE_PAWNWEAKNESSES:0.49974217584860653
CE_PIECEACTIVITY:0.492769960762106
CE_KINGPAWNSHIELD:0.49937766130500827
CE_PIECECOORDINATION:0.4902639127984152
CE_MATERIAL:0.5012329682805502
CE_KINGSAFETY:0.5
C_PIECESQUARETABLES:0.5032967331521756
C_MOBILITY:0.49273473309778276
C_KINGSAFETY:0.502145407610777
C_PAWNSTRUCTURE:0.5009689816440485
C_PIECECOORDINATION:0.5
C_ROOKANDPAWNMOVEMENT:0.5
C_CENTERCONTROL:0.5
C_DEVELOPPIECES:0.4968137623869122
C_MATERIAL:0.5
C_MOVECOUNT:0.5117203120791638
