ELO:899
CE_PASSEDPAWNS:0.52611535462928
CE_PAWNWEAKNESSES:0.5504636162825812
CE_PIECEACTIVITY:0.4850082605400886
CE_KINGPAWNSHIELD:0.4931175965852682
CE_PIECECOORDINATION:0.49894751707893814
CE_MATERIAL:0.5127366014938919
CE_KINGSAFETY:0.5119460788758105
C_PIECESQUARETABLES:0.5212036629297381
C_MOBILITY:0.45071415510471075
C_KINGSAFETY:0.48775730275748
C_PAWNSTRUCTURE:0.48701385219748683
C_PIECECOORDINATION:0.4747254199552075
C_ROOKANDPAWNMOVEMENT:0.4747254199552075
C_CENTERCONTROL:0.4991998858493247
C_DEVELOPPIECES:0.5396885503011805
C_MATERIAL:0.49615381103758
C_MOVECOUNT:0.5
