ELO:975
CE_PASSEDPAWNS:0.4518251123084256
CE_PAWNWEAKNESSES:0.4749535944098017
CE_PIECEACTIVITY:0.4755028558089086
CE_KINGPAWNSHIELD:0.5490819587010091
CE_PIECECOORDINATION:0.47217430468199845
CE_MATERIAL:0.44593406330996366
CE_KINGSAFETY:0.48693740016851855
C_PIECESQUARETABLES:0.5184988065830202
C_MOBILITY:0.47160298749848023
C_KINGSAFETY:0.46605192508194354
C_PAWNSTRUCTURE:0.5282391755624739
C_PIECECOORDINATION:0.4426448226647584
C_ROOKANDPAWNMOVEMENT:0.4426448226647584
C_CENTERCONTROL:0.5112207020254058
C_DEVELOPPIECES:0.536909381047762
C_MATERIAL:0.43219924347525407
