ELO:1015
CE_PASSEDPAWNS:0.49657559585567634
CE_PAWNWEAKNESSES:0.5167718636385193
CE_PIECEACTIVITY:0.4863018706381516
CE_KINGPAWNSHIELD:0.517047738082707
CE_PIECECOORDINATION:0.5075702233963667
CE_MATERIAL:0.511737150591661
CE_KINGSAFETY:0.5
C_PIECESQUARETABLES:0.5
C_MOBILITY:0.509206582305745
C_KINGSAFETY:0.48866814504154515
C_PAWNSTRUCTURE:0.5062898605141317
C_PIECECOORDINATION:0.5044485202424783
C_ROOKANDPAWNMOVEMENT:0.5044485202424783
C_CENTERCONTROL:0.5018969843623715
C_DEVELOPPIECES:0.4857411815473796
C_MATERIAL:0.5017620250554827
C_MOVECOUNT:0.5244591540719499
