ELO:1089
CE_PASSEDPAWNS:0.6259198697086122
CE_PAWNWEAKNESSES:0.4913955703625296
CE_PIECEACTIVITY:0.4749362909216822
CE_KINGPAWNSHIELD:0.4888774821619666
CE_PIECECOORDINATION:0.4803925721213925
CE_MATERIAL:0.45398262924940724
CE_KINGSAFETY:0.49197276954723773
C_PIECESQUARETABLES:0.5
C_MOBILITY:0.4315926009750347
C_KINGSAFETY:0.5041759438539853
C_PAWNSTRUCTURE:0.41159374709656454
C_PIECECOORDINATION:0.47863206872267633
C_ROOKANDPAWNMOVEMENT:0.47863206872267633
C_CENTERCONTROL:0.5300570926429089
C_DEVELOPPIECES:0.5749349642068703
C_MATERIAL:0.4254189958711867
