ELO:1018
CE_PASSEDPAWNS:0.5131572615411851
CE_PAWNWEAKNESSES:0.5
CE_PIECEACTIVITY:0.5
CE_KINGPAWNSHIELD:0.5005840429370552
CE_PIECECOORDINATION:0.4934254569498178
CE_MATERIAL:0.5
CE_KINGSAFETY:0.5
C_PIECESQUARETABLES:0.5
C_MOBILITY:0.5
C_KINGSAFETY:0.5002035561020408
C_PAWNSTRUCTURE:0.49852507735818824
C_PIECECOORDINATION:0.4882119562338111
C_ROOKANDPAWNMOVEMENT:0.4882119562338111
C_CENTERCONTROL:0.4785141927152024
C_DEVELOPPIECES:0.5056290485577268
C_MATERIAL:0.5018383165613604
C_MOVECOUNT:0.5
