ELO:996
CE_PASSEDPAWNS:0.5
CE_PAWNWEAKNESSES:0.5001775609765613
CE_PIECEACTIVITY:0.516879786448195
CE_KINGPAWNSHIELD:0.5
CE_PIECECOORDINATION:0.5009371117703055
CE_MATERIAL:0.4986104218058718
CE_KINGSAFETY:0.4749814846111799
C_PIECESQUARETABLES:0.44971067828240785
C_MOBILITY:0.5310004001479587
C_KINGSAFETY:0.5159690510223518
C_PAWNSTRUCTURE:0.5033271182920115
C_PIECECOORDINATION:0.4987892495348505
C_ROOKANDPAWNMOVEMENT:0.4987892495348505
C_CENTERCONTROL:0.5024534246088876
C_DEVELOPPIECES:0.49691386892740286
C_MATERIAL:0.4895519560267949
C_MOVECOUNT:0.5
