ELO:961
CE_PASSEDPAWNS:0.48468664737277267
CE_PAWNWEAKNESSES:0.4788373437781231
CE_PIECEACTIVITY:0.436673827767652
CE_KINGPAWNSHIELD:0.45011959432635296
CE_PIECECOORDINATION:0.44120924700071606
CE_MATERIAL:0.43425221492578553
CE_KINGSAFETY:0.4575509457369676
C_PIECESQUARETABLES:0.5147081768161224
C_MOBILITY:0.43133100336327174
C_KINGSAFETY:0.4400380269325064
C_PAWNSTRUCTURE:0.41426987693182
C_PIECECOORDINATION:0.4570898984348371
C_ROOKANDPAWNMOVEMENT:0.4570898984348371
C_CENTERCONTROL:0.46688483944168874
C_DEVELOPPIECES:0.6298649731345775
C_MATERIAL:0.4504261024872847
