ELO:973
CE_PASSEDPAWNS:0.4835632405612363
CE_PAWNWEAKNESSES:0.4808583259907044
CE_PIECEACTIVITY:0.5058084305328846
CE_KINGPAWNSHIELD:0.48995768617326146
CE_PIECECOORDINATION:0.4931971450008502
CE_MATERIAL:0.4999652783012462
CE_KINGSAFETY:0.5152167170459163
C_PIECESQUARETABLES:0.5094978044103371
C_MOBILITY:0.4918321536445827
C_KINGSAFETY:0.48468003424961603
C_PAWNSTRUCTURE:0.48876211923481266
C_PIECECOORDINATION:0.48745208529995715
C_ROOK:0.537578694899875
CE_ROOK:0.503576421094885
C_CENTERCONTROL:0.49407473600228
C_DEVELOPPIECES:0.5154281791441118
C_MATERIAL:0.5228141303718924
C_MOVECOUNT:0.4863822705839456
C_PAWNMOVEMENT:0.5024192039866517
