ELO:1000
CE_PASSEDPAWNS:0.5122381536311869
CE_PAWNWEAKNESSES:0.5389160940766821
CE_PIECEACTIVITY:0.480161800447605
CE_KINGPAWNSHIELD:0.478853321422315
CE_PIECECOORDINATION:0.4741524353817001
CE_MATERIAL:0.43951706029232146
CE_KINGSAFETY:0.4996264858551613
C_PIECESQUARETABLES:0.47254371190610833
C_MOBILITY:0.5117915203080879
C_KINGSAFETY:0.49899143254186246
C_PAWNSTRUCTURE:0.5016135940025579
C_PIECECOORDINATION:0.467735285243045
C_ROOKANDPAWNMOVEMENT:0.467735285243045
C_CENTERCONTROL:0.48148761142427005
C_DEVELOPPIECES:0.5354631752094853
C_MATERIAL:0.49102064517533767
