ELO:1022
CE_PASSEDPAWNS:0.5034167176031874
CE_PAWNWEAKNESSES:0.5001374607807306
CE_PIECEACTIVITY:0.5005035617757314
CE_KINGPAWNSHIELD:0.5207498646079483
CE_PIECECOORDINATION:0.5117860584435824
CE_MATERIAL:0.5130710067684311
CE_KINGSAFETY:0.4913488158369962
C_PIECESQUARETABLES:0.49571530931866276
C_MOBILITY:0.5109114652906966
C_KINGSAFETY:0.5
C_PAWNSTRUCTURE:0.4892446538273756
C_PIECECOORDINATION:0.5258490945279619
C_ROOK:0.5073798761443389
CE_ROOK:0.5054070596032572
C_CENTERCONTROL:0.5076648440046778
C_DEVELOPPIECES:0.5
C_MATERIAL:0.5142023952186
C_MOVECOUNT:0.48553305228036847
C_PAWNMOVEMENT:0.5090967846618043
