ELO:927
CE_PASSEDPAWNS:0.4682756059380325
CE_PAWNWEAKNESSES:0.4125973642621544
CE_PIECEACTIVITY:0.41348304997321794
CE_KINGPAWNSHIELD:0.4959444941527476
CE_PIECECOORDINATION:0.38760620766925113
CE_MATERIAL:0.36083619689908325
CE_KINGSAFETY:0.5118918511860869
C_PIECESQUARETABLES:0.5053853505798297
C_MOBILITY:0.42502364840605106
C_KINGSAFETY:0.4542904050608517
C_PAWNSTRUCTURE:0.38434350617690893
C_PIECECOORDINATION:0.4885655554782942
C_ROOKANDPAWNMOVEMENT:0.4885655554782942
C_CENTERCONTROL:0.47677004638306075
C_DEVELOPPIECES:0.6124408168733091
C_MATERIAL:0.4340738101997285
