ELO:981
CE_PASSEDPAWNS:0.490839002627558
CE_PAWNWEAKNESSES:0.5165552510423307
CE_PIECEACTIVITY:0.49054306296707384
CE_KINGPAWNSHIELD:0.4740887807674881
CE_PIECECOORDINATION:0.4439680077798122
CE_MATERIAL:0.5027185876244945
CE_KINGSAFETY:0.5
C_PIECESQUARETABLES:0.47948658259696136
C_MOBILITY:0.523543470756352
C_KINGSAFETY:0.548552588294444
C_PAWNSTRUCTURE:0.5
C_PIECECOORDINATION:0.5047348336718358
C_ROOKANDPAWNMOVEMENT:0.5047348336718358
C_CENTERCONTROL:0.4912860291259615
C_DEVELOPPIECES:0.4214834087919563
C_MATERIAL:0.5192448992663594
C_MOVECOUNT:0.5558405697769967
