ELO:973
CE_PASSEDPAWNS:0.4658743542257625
CE_PAWNWEAKNESSES:0.4924984909521727
CE_PIECEACTIVITY:0.5307260367377911
CE_KINGPAWNSHIELD:0.4551641135978707
CE_PIECECOORDINATION:0.47360610606814124
CE_MATERIAL:0.4995801247307172
CE_KINGSAFETY:0.5
C_PIECESQUARETABLES:0.5
C_MOBILITY:0.4927072540120888
C_KINGSAFETY:0.49106639765554444
C_PAWNSTRUCTURE:0.4479368168891425
C_PIECECOORDINATION:0.4810344809469323
C_ROOK:0.4777836332999068
CE_ROOK:0.5301883095063069
C_CENTERCONTROL:0.491963323473188
C_DEVELOPPIECES:0.50148941199738
C_MATERIAL:0.48409382317216737
C_MOVECOUNT:0.5195690096799691
C_PAWNMOVEMENT:0.4807904767779419
