ELO:1000
CE_PASSEDPAWNS:0.48243372580150284
CE_PAWNWEAKNESSES:0.4896085825615662
CE_PIECEACTIVITY:0.47221570822947273
CE_KINGPAWNSHIELD:0.510682176787196
CE_PIECECOORDINATION:0.46741609211147267
CE_MATERIAL:0.469247006020618
CE_KINGSAFETY:0.49023324689346853
C_PIECESQUARETABLES:0.502816936367914
C_MOBILITY:0.5277787050075429
C_KINGSAFETY:0.507609542748732
C_PAWNSTRUCTURE:0.5274322724173219
C_PIECECOORDINATION:0.4970353853162217
C_ROOKANDPAWNMOVEMENT:0.4970353853162217
C_CENTERCONTROL:0.4993497726706553
C_DEVELOPPIECES:0.5133558858152525
C_MATERIAL:0.4564889889015041
