ELO:979
CE_PASSEDPAWNS:0.5183628023821244
CE_PAWNWEAKNESSES:0.4920253534898841
CE_PIECEACTIVITY:0.511360453168229
CE_KINGPAWNSHIELD:0.5079705375910523
CE_PIECECOORDINATION:0.5
CE_MATERIAL:0.4928446932235653
CE_KINGSAFETY:0.5
C_PIECESQUARETABLES:0.5
C_MOBILITY:0.5053235768970451
C_KINGSAFETY:0.47601953489071214
C_PAWNSTRUCTURE:0.49844125969654024
C_PIECECOORDINATION:0.5242921280629178
C_ROOKANDPAWNMOVEMENT:0.5242921280629178
C_CENTERCONTROL:0.49395567592165146
C_DEVELOPPIECES:0.496088674353972
C_MATERIAL:0.5123141346706275
C_MOVECOUNT:0.5
