ELO:941
CE_PASSEDPAWNS:0.48589507983568764
CE_PAWNWEAKNESSES:0.46598813434274394
CE_PIECEACTIVITY:0.4595253579903165
CE_KINGPAWNSHIELD:0.49553452021067035
CE_PIECECOORDINATION:0.43938978558193065
CE_MATERIAL:0.48783177522513366
CE_KINGSAFETY:0.5176215007300098
C_PIECESQUARETABLES:0.5
C_MOBILITY:0.5145123939213778
C_KINGSAFETY:0.5021575935745536
C_PAWNSTRUCTURE:0.5387289565498211
C_PIECECOORDINATION:0.49919381442624833
C_ROOK:0.5312577659396925
CE_ROOK:0.5099497866698209
C_CENTERCONTROL:0.510266229742772
C_DEVELOPPIECES:0.5245092702169099
C_MATERIAL:0.5135296944144317
C_MOVECOUNT:0.4463912150824545
C_PAWNMOVEMENT:0.4661652522471445
