ELO:1011
CE_PASSEDPAWNS:0.48096436837291257
CE_PAWNWEAKNESSES:0.5028486620772644
CE_PIECEACTIVITY:0.47950835297923217
CE_KINGPAWNSHIELD:0.49438465013869776
CE_PIECECOORDINATION:0.4877477609993937
CE_MATERIAL:0.509000036532377
CE_KINGSAFETY:0.5
C_PIECESQUARETABLES:0.5
C_MOBILITY:0.4956408787981097
C_KINGSAFETY:0.4953737851678668
C_PAWNSTRUCTURE:0.5060693306200064
C_PIECECOORDINATION:0.515974955063748
C_ROOKANDPAWNMOVEMENT:0.515974955063748
C_CENTERCONTROL:0.48962136150618724
C_DEVELOPPIECES:0.49722552044808177
C_MATERIAL:0.46818318753114285
C_MOVECOUNT:0.48775021491822507
