ELO:993
CE_PASSEDPAWNS:0.4959016312561622
CE_PAWNWEAKNESSES:0.4982072800997951
CE_PIECEACTIVITY:0.5067549423119729
CE_KINGPAWNSHIELD:0.49503728286187487
CE_PIECECOORDINATION:0.4986365194702702
CE_MATERIAL:0.5
CE_KINGSAFETY:0.5000031046860742
C_PIECESQUARETABLES:0.5099227132875681
C_MOBILITY:0.4897639926820234
C_KINGSAFETY:0.5079452823804699
C_PAWNSTRUCTURE:0.5
C_PIECECOORDINATION:0.4974452259401661
C_ROOKANDPAWNMOVEMENT:0.4974452259401661
C_CENTERCONTROL:0.5086591981511944
C_DEVELOPPIECES:0.5187476141097795
C_MATERIAL:0.5278954288219844
C_MOVECOUNT:0.5168514722071911
