ELO:977
CE_PASSEDPAWNS:0.49768658646256775
CE_PAWNWEAKNESSES:0.47143860123994585
CE_PIECEACTIVITY:0.4968666374743592
CE_KINGPAWNSHIELD:0.496777580794185
CE_PIECECOORDINATION:0.4583508647464975
CE_MATERIAL:0.503498984995064
CE_KINGSAFETY:0.48984303537100177
C_PIECESQUARETABLES:0.5
C_MOBILITY:0.5066407584924855
C_KINGSAFETY:0.48521358454743674
C_PAWNSTRUCTURE:0.5001520575889733
C_PIECECOORDINATION:0.5029812965266035
C_ROOK:0.5251574086669494
CE_ROOK:0.5024346456588096
C_CENTERCONTROL:0.5010790459843614
C_DEVELOPPIECES:0.5214855776795999
C_MATERIAL:0.5288321543020408
C_MOVECOUNT:0.44542386385311006
C_PAWNMOVEMENT:0.490647626058458
