ELO:904
CE_PASSEDPAWNS:0.45578789619105853
CE_PAWNWEAKNESSES:0.4426209873473219
CE_PIECEACTIVITY:0.45534858333587935
CE_KINGPAWNSHIELD:0.4900723178302144
CE_PIECECOORDINATION:0.39306051526556235
CE_MATERIAL:0.37704971821810734
CE_KINGSAFETY:0.4933150941940977
C_PIECESQUARETABLES:0.4826112145198512
C_MOBILITY:0.4488934214774629
C_KINGSAFETY:0.4575466775253385
C_PAWNSTRUCTURE:0.383729885352722
C_PIECECOORDINATION:0.5197329210498252
C_ROOKANDPAWNMOVEMENT:0.5197329210498252
C_CENTERCONTROL:0.49159550689613485
C_DEVELOPPIECES:0.6188201228442488
C_MATERIAL:0.4665714070836354
