ELO:992
CE_PASSEDPAWNS:0.4889916337847002
CE_PAWNWEAKNESSES:0.548730370056999
CE_PIECEACTIVITY:0.49868909944117734
CE_KINGPAWNSHIELD:0.5326941635758748
CE_PIECECOORDINATION:0.3853829946034092
CE_MATERIAL:0.4265120347690965
CE_KINGSAFETY:0.5337650358628917
C_PIECESQUARETABLES:0.5216844522654718
C_MOBILITY:0.5409798678545541
C_KINGSAFETY:0.43116349940580195
C_PAWNSTRUCTURE:0.5616798634835245
C_PIECECOORDINATION:0.5327083257532923
C_ROOKANDPAWNMOVEMENT:0.5327083257532923
C_CENTERCONTROL:0.5756026153533916
C_DEVELOPPIECES:0.5454786250443338
C_MATERIAL:0.48600033122359876
