ELO:1089
CE_PASSEDPAWNS:0.6207427940663891
CE_PAWNWEAKNESSES:0.48047501659048497
CE_PIECEACTIVITY:0.5070544183090125
CE_KINGPAWNSHIELD:0.5064120095683298
CE_PIECECOORDINATION:0.4780655592292409
CE_MATERIAL:0.4499331904875991
CE_KINGSAFETY:0.4986274480482343
C_PIECESQUARETABLES:0.48021802180217116
C_MOBILITY:0.44727396483038345
C_KINGSAFETY:0.502013003072355
C_PAWNSTRUCTURE:0.43139870796338
C_PIECECOORDINATION:0.48033498668852603
C_ROOKANDPAWNMOVEMENT:0.48033498668852603
C_CENTERCONTROL:0.4856018817246901
C_DEVELOPPIECES:0.5889354926514347
C_MATERIAL:0.4050067705708085
