ELO:969
CE_PASSEDPAWNS:0.49809944197719513
CE_PAWNWEAKNESSES:0.49942331955669994
CE_PIECEACTIVITY:0.5093006118860548
CE_KINGPAWNSHIELD:0.5088438112231989
CE_PIECECOORDINATION:0.4962282810121883
CE_MATERIAL:0.5188183075308245
CE_KINGSAFETY:0.5
C_PIECESQUARETABLES:0.4944613992938848
C_MOBILITY:0.49577189038502095
C_KINGSAFETY:0.5114376200454973
C_PAWNSTRUCTURE:0.4985680073019743
C_PIECECOORDINATION:0.4939884803629281
C_ROOKANDPAWNMOVEMENT:0.4939884803629281
C_CENTERCONTROL:0.4829044504640177
C_DEVELOPPIECES:0.5051695256055032
C_MATERIAL:0.500804627824618
C_MOVECOUNT:0.5220141337898915
