ELO:977
CE_PASSEDPAWNS:0.5110196372096623
CE_PAWNWEAKNESSES:0.5223533284494017
CE_PIECEACTIVITY:0.49833161450269914
CE_KINGPAWNSHIELD:0.4983298621053211
CE_PIECECOORDINATION:0.49201615779300845
CE_MATERIAL:0.5239396120641044
CE_KINGSAFETY:0.4990478888468616
C_PIECESQUARETABLES:0.5
C_MOBILITY:0.49418831439180744
C_KINGSAFETY:0.5100103784524921
C_PAWNSTRUCTURE:0.4988728790602516
C_PIECECOORDINATION:0.5130361085857119
C_ROOK:0.4981709711823545
CE_ROOK:0.5123070790276288
C_CENTERCONTROL:0.4813442861530496
C_DEVELOPPIECES:0.44542580439486235
C_MATERIAL:0.5436247333253104
C_MOVECOUNT:0.5154574912145367
C_PAWNMOVEMENT:0.4807904767779419
