ELO:886
CE_PASSEDPAWNS:0.5509756655396171
CE_PAWNWEAKNESSES:0.47125204420051575
CE_PIECEACTIVITY:0.5059298601190948
CE_KINGPAWNSHIELD:0.44414450591551313
CE_PIECECOORDINATION:0.4613160102823614
CE_MATERIAL:0.502575655860882
CE_KINGSAFETY:0.5157650830387736
C_PIECESQUARETABLES:0.5
C_MOBILITY:0.4993401666422501
C_KINGSAFETY:0.5879430986926903
C_PAWNSTRUCTURE:0.5186869231636683
C_PIECECOORDINATION:0.5502975432720075
C_ROOKANDPAWNMOVEMENT:0.5502975432720075
C_CENTERCONTROL:0.6214105488582757
C_DEVELOPPIECES:0.6319844107743214
C_MATERIAL:0.5408530988892242
