ELO:957
CE_PASSEDPAWNS:0.5032305827349649
CE_PAWNWEAKNESSES:0.510214093501757
CE_PIECEACTIVITY:0.5062778820693568
CE_KINGPAWNSHIELD:0.5001276700134248
CE_PIECECOORDINATION:0.5150845513948297
CE_MATERIAL:0.5010460534851029
CE_KINGSAFETY:0.5049011803402019
C_PIECESQUARETABLES:0.4993280592018746
C_MOBILITY:0.4886165581268626
C_KINGSAFETY:0.5
C_PAWNSTRUCTURE:0.5069415413792895
C_PIECECOORDINATION:0.500596645545361
C_ROOKANDPAWNMOVEMENT:0.500596645545361
C_CENTERCONTROL:0.530285163918622
C_DEVELOPPIECES:0.5147267890245111
C_MATERIAL:0.5045571642353793
C_MOVECOUNT:0.48628082146082746
