ELO:934
CE_PASSEDPAWNS:0.5264360348705092
CE_PAWNWEAKNESSES:0.5836682034711812
CE_PIECEACTIVITY:0.48317742619290543
CE_KINGPAWNSHIELD:0.4716617680058598
CE_PIECECOORDINATION:0.3973301939560135
CE_MATERIAL:0.41967597038923554
CE_KINGSAFETY:0.5087969766600718
C_PIECESQUARETABLES:0.4726382588128195
C_MOBILITY:0.5801910285998154
C_KINGSAFETY:0.5018238858287185
C_PAWNSTRUCTURE:0.5113215169266447
C_PIECECOORDINATION:0.5638718270778154
C_ROOKANDPAWNMOVEMENT:0.5638718270778154
C_CENTERCONTROL:0.5529323808137855
C_DEVELOPPIECES:0.560226677475676
C_MATERIAL:0.5199397238360132
