ELO:1000
CE_PASSEDPAWNS:0.4872330098391029
CE_PAWNWEAKNESSES:0.48232021393526636
CE_PIECEACTIVITY:0.4910760396240143
CE_KINGPAWNSHIELD:0.5346112142255498
CE_PIECECOORDINATION:0.46832661759669403
CE_MATERIAL:0.48036332704651624
CE_KINGSAFETY:0.5
C_PIECESQUARETABLES:0.5
C_MOBILITY:0.5404459843052198
C_KINGSAFETY:0.47468455092052836
C_PAWNSTRUCTURE:0.537690858493415
C_PIECECOORDINATION:0.5029394050553925
C_ROOKANDPAWNMOVEMENT:0.5029394050553925
C_CENTERCONTROL:0.4988717694928177
C_DEVELOPPIECES:0.49788443416711503
C_MATERIAL:0.44043184734735585
