ELO:974
CE_PASSEDPAWNS:0.5020369880816857
CE_PAWNWEAKNESSES:0.4800721972620678
CE_PIECEACTIVITY:0.423668107146465
CE_KINGPAWNSHIELD:0.4941843262857158
CE_PIECECOORDINATION:0.4339094531265801
CE_MATERIAL:0.43777392390411185
CE_KINGSAFETY:0.4751983435803812
C_PIECESQUARETABLES:0.5035515096451012
C_MOBILITY:0.43868793526703503
C_KINGSAFETY:0.46019802149515937
C_PAWNSTRUCTURE:0.44315279220432724
C_PIECECOORDINATION:0.4641200809042063
C_ROOKANDPAWNMOVEMENT:0.4641200809042063
C_CENTERCONTROL:0.510230670848505
C_DEVELOPPIECES:0.6353048619403767
C_MATERIAL:0.43629455607174067
