ELO:1000
CE_PASSEDPAWNS:0.47101999338344064
CE_PAWNWEAKNESSES:0.5388669330136152
CE_PIECEACTIVITY:0.48655275009059923
CE_KINGPAWNSHIELD:0.5228417828094488
CE_PIECECOORDINATION:0.39628902936407145
CE_MATERIAL:0.43383803870936044
CE_KINGSAFETY:0.5266355673976582
C_PIECESQUARETABLES:0.5070457174435757
C_MOBILITY:0.5309762214407874
C_KINGSAFETY:0.4573786030279362
C_PAWNSTRUCTURE:0.5874969001538483
C_PIECECOORDINATION:0.5268272604893377
C_ROOKANDPAWNMOVEMENT:0.5268272604893377
C_CENTERCONTROL:0.5648748374177037
C_DEVELOPPIECES:0.5370157651127674
C_MATERIAL:0.47475355429064464
