ELO:986
CE_PASSEDPAWNS:0.5
CE_PAWNWEAKNESSES:0.4870826378112321
CE_PIECEACTIVITY:0.5244081274414039
CE_KINGPAWNSHIELD:0.5103615123638408
CE_PIECECOORDINATION:0.5173016784345358
CE_MATERIAL:0.49744216825713583
CE_KINGSAFETY:0.505721953855521
C_PIECESQUARETABLES:0.5
C_MOBILITY:0.49036372480730334
C_KINGSAFETY:0.5156793512066555
C_PAWNSTRUCTURE:0.5
C_PIECECOORDINATION:0.4808437482291771
C_ROOKANDPAWNMOVEMENT:0.4808437482291771
C_CENTERCONTROL:0.5
C_DEVELOPPIECES:0.48651425234206114
C_MATERIAL:0.5082607475591314
C_MOVECOUNT:0.5
