ELO:937
CE_PASSEDPAWNS:0.5803960307667313
CE_PAWNWEAKNESSES:0.6481197370912616
CE_PIECEACTIVITY:0.5112408229408433
CE_KINGPAWNSHIELD:0.5175604308019601
CE_PIECECOORDINATION:0.5245504363198367
CE_MATERIAL:0.5125916341642207
CE_KINGSAFETY:0.5461450500276124
C_PIECESQUARETABLES:0.5209305301893773
C_MOBILITY:0.4585472281882749
C_KINGSAFETY:0.3920513576136561
C_PAWNSTRUCTURE:0.551501998350316
C_PIECECOORDINATION:0.49438486197371295
C_ROOKANDPAWNMOVEMENT:0.49438486197371295
C_CENTERCONTROL:0.5074219612996926
C_DEVELOPPIECES:0.5521795373837916
C_MATERIAL:0.5399567882309969
