ELO:902
CE_PASSEDPAWNS:0.528513727675426
CE_PAWNWEAKNESSES:0.5486221096711008
CE_PIECEACTIVITY:0.5027723082886126
CE_KINGPAWNSHIELD:0.5051429130390945
CE_PIECECOORDINATION:0.5076799636606708
CE_MATERIAL:0.4784223920523321
CE_KINGSAFETY:0.5
C_PIECESQUARETABLES:0.5
C_MOBILITY:0.49171995714763644
C_KINGSAFETY:0.45114140991975354
C_PAWNSTRUCTURE:0.490871339121346
C_PIECECOORDINATION:0.45584744627329177
C_ROOKANDPAWNMOVEMENT:0.45584744627329177
C_CENTERCONTROL:0.4624536605980519
C_DEVELOPPIECES:0.49432221747971156
C_MATERIAL:0.5507954703144491
C_MOVECOUNT:0.5
