ELO:786
CE_PASSEDPAWNS:0.4351248418814742
CE_PAWNWEAKNESSES:0.5298963138983687
CE_PIECEACTIVITY:0.49791859051897674
CE_KINGPAWNSHIELD:0.5083784261016322
CE_PIECECOORDINATION:0.5063365506366218
CE_MATERIAL:0.4230838293327402
CE_KINGSAFETY:0.5288824751452447
C_PIECESQUARETABLES:0.48295359801825627
C_MOBILITY:0.4878772890532764
C_KINGSAFETY:0.4560367537210166
C_PAWNSTRUCTURE:0.5493290369203031
C_PIECECOORDINATION:0.3864750602900294
C_ROOKANDPAWNMOVEMENT:0.3864750602900294
C_CENTERCONTROL:0.41668279480759995
C_DEVELOPPIECES:0.6255083304860244
C_MATERIAL:0.5238578573668998
C_MOVECOUNT:0.5
