ELO:977
CE_PASSEDPAWNS:0.5109883771654151
CE_PAWNWEAKNESSES:0.5118454343718162
CE_PIECEACTIVITY:0.4681904802037517
CE_KINGPAWNSHIELD:0.4983298621053211
CE_PIECECOORDINATION:0.43938978558193065
CE_MATERIAL:0.48638848684853603
CE_KINGSAFETY:0.5
C_PIECESQUARETABLES:0.488627761136215
C_MOBILITY:0.5102919553394761
C_KINGSAFETY:0.47215378734202507
C_PAWNSTRUCTURE:0.4988728790602516
C_PIECECOORDINATION:0.4975916533912914
C_ROOK:0.4981709711823545
CE_ROOK:0.5180558978635147
C_CENTERCONTROL:0.5119112574492632
C_DEVELOPPIECES:0.5104350169994372
C_MATERIAL:0.49745362351644534
C_MOVECOUNT:0.5163263256411673
C_PAWNMOVEMENT:0.4807904767779419
