ELO:903
CE_PASSEDPAWNS:0.5167292744695476
CE_PAWNWEAKNESSES:0.4868864637351168
CE_PIECEACTIVITY:0.5115764029301578
CE_KINGPAWNSHIELD:0.5048182102736432
CE_PIECECOORDINATION:0.514311663336032
CE_MATERIAL:0.49877377857601435
CE_KINGSAFETY:0.5150572008880545
C_PIECESQUARETABLES:0.4828235295908152
C_MOBILITY:0.49294964475167824
C_KINGSAFETY:0.49334210646574733
C_PAWNSTRUCTURE:0.5215137870999793
C_PIECECOORDINATION:0.5144652459672129
C_ROOKANDPAWNMOVEMENT:0.5144652459672129
C_CENTERCONTROL:0.5411066841505435
C_DEVELOPPIECES:0.5318527038171736
C_MATERIAL:0.45261756904386247
C_MOVECOUNT:0.5182072286338573
