ELO:951
CE_PASSEDPAWNS:0.49818206884866884
CE_PAWNWEAKNESSES:0.5236486759588725
CE_PIECEACTIVITY:0.5163971824449385
CE_KINGPAWNSHIELD:0.5128535994927232
CE_PIECECOORDINATION:0.48336919962307234
CE_MATERIAL:0.503580408203042
CE_KINGSAFETY:0.5089215561543788
C_PIECESQUARETABLES:0.5085412659990249
C_MOBILITY:0.4838751834496715
C_KINGSAFETY:0.4956368634978619
C_PAWNSTRUCTURE:0.45651353533792755
C_PIECECOORDINATION:0.503928048729916
C_ROOKANDPAWNMOVEMENT:0.503928048729916
C_CENTERCONTROL:0.47904294330595143
C_DEVELOPPIECES:0.4952281516674242
C_MATERIAL:0.49361668224084215
C_MOVECOUNT:0.47748007822499255
