ELO:838
CE_PASSEDPAWNS:0.4877829440589118
CE_PAWNWEAKNESSES:0.4679034811078147
CE_PIECEACTIVITY:0.42677573309696076
CE_KINGPAWNSHIELD:0.4854688313765637
CE_PIECECOORDINATION:0.5277388559161095
CE_MATERIAL:0.49979142312860814
CE_KINGSAFETY:0.5019096281614392
C_PIECESQUARETABLES:0.4861860777525187
C_MOBILITY:0.4842206779446597
C_KINGSAFETY:0.5707943698849751
C_PAWNSTRUCTURE:0.4646653913940299
C_PIECECOORDINATION:0.5582427158974371
C_ROOKANDPAWNMOVEMENT:0.5582427158974371
C_CENTERCONTROL:0.45337887031622054
C_DEVELOPPIECES:0.5782164553829368
C_MATERIAL:0.5023343708035853
C_MOVECOUNT:0.46528970513701734
