ELO:996
CE_PASSEDPAWNS:0.5
CE_PAWNWEAKNESSES:0.5
CE_PIECEACTIVITY:0.5
CE_KINGPAWNSHIELD:0.510733418180394
CE_PIECECOORDINATION:0.4976654527727219
CE_MATERIAL:0.5056530801604028
CE_KINGSAFETY:0.5227658415248351
C_PIECESQUARETABLES:0.4990218281037112
C_MOBILITY:0.5070479984974972
C_KINGSAFETY:0.5027332618781213
C_PAWNSTRUCTURE:0.5230580905337123
C_PIECECOORDINATION:0.49895149428044755
C_ROOKANDPAWNMOVEMENT:0.49895149428044755
C_CENTERCONTROL:0.5122740530599302
C_DEVELOPPIECES:0.49874838092984886
C_MATERIAL:0.49573534230033434
C_MOVECOUNT:0.5
