ELO:923
CE_PASSEDPAWNS:0.4861788815605254
CE_PAWNWEAKNESSES:0.5098875705725172
CE_PIECEACTIVITY:0.5864546101881672
CE_KINGPAWNSHIELD:0.5167596769665619
CE_PIECECOORDINATION:0.5559658895810891
CE_MATERIAL:0.5069287988158494
CE_KINGSAFETY:0.5
C_PIECESQUARETABLES:0.5617575172394679
C_MOBILITY:0.4941187549410785
C_KINGSAFETY:0.48801469780571655
C_PAWNSTRUCTURE:0.5311191563070141
C_PIECECOORDINATION:0.522450113407114
C_ROOKANDPAWNMOVEMENT:0.522450113407114
C_CENTERCONTROL:0.5496224392312145
C_DEVELOPPIECES:0.4525674436909587
C_MATERIAL:0.5372771483499545
C_MOVECOUNT:0.5
