ELO:1000
CE_PASSEDPAWNS:0.5151863747532541
CE_PAWNWEAKNESSES:0.5196784705299159
CE_PIECEACTIVITY:0.4667038924180699
CE_KINGPAWNSHIELD:0.45498905968916153
CE_PIECECOORDINATION:0.4574630135282039
CE_MATERIAL:0.42913908983524013
CE_KINGSAFETY:0.5292195832378168
C_PIECESQUARETABLES:0.4926312080834341
C_MOBILITY:0.49969712514542536
C_KINGSAFETY:0.4902813217606133
C_PAWNSTRUCTURE:0.46257211910658547
C_PIECECOORDINATION:0.4845082801587725
C_ROOKANDPAWNMOVEMENT:0.4845082801587725
C_CENTERCONTROL:0.5152995759531274
C_DEVELOPPIECES:0.5896194097208719
C_MATERIAL:0.4679619985513643
