ELO:973
CE_PASSEDPAWNS:0.4835632405612363
CE_PAWNWEAKNESSES:0.49212379014304747
CE_PIECEACTIVITY:0.5058084305328846
CE_KINGPAWNSHIELD:0.48995768617326146
CE_PIECECOORDINATION:0.4931971450008502
CE_MATERIAL:0.4947611014996811
CE_KINGSAFETY:0.5051651811372325
C_PIECESQUARETABLES:0.4971120648237957
C_MOBILITY:0.4918321536445827
C_KINGSAFETY:0.48468003424961603
C_PAWNSTRUCTURE:0.48876211923481266
C_PIECECOORDINATION:0.4840334777398411
C_ROOK:0.537578694899875
CE_ROOK:0.49693497439524126
C_CENTERCONTROL:0.49407473600228
C_DEVELOPPIECES:0.51254200507089
C_MATERIAL:0.5228141303718924
C_MOVECOUNT:0.4863822705839456
C_PAWNMOVEMENT:0.5024192039866517
