ELO:1000
CE_PASSEDPAWNS:0.5
CE_PAWNWEAKNESSES:0.511255526460301
CE_PIECEACTIVITY:0.5
CE_KINGPAWNSHIELD:0.4905497926161922
CE_PIECECOORDINATION:0.49731975622185776
CE_MATERIAL:0.48485029360896553
CE_KINGSAFETY:0.5082484962901742
C_PIECESQUARETABLES:0.5
C_MOBILITY:0.5160351633729467
C_KINGSAFETY:0.49977140151701616
C_PAWNSTRUCTURE:0.5092268543649225
C_PIECECOORDINATION:0.4799122101275035
C_ROOKANDPAWNMOVEMENT:0.4799122101275035
C_CENTERCONTROL:0.4996006245031449
C_DEVELOPPIECES:0.5121395543282858
C_MATERIAL:0.501020223191119
