ELO:1000
CE_PASSEDPAWNS:0.508516967293811
CE_PAWNWEAKNESSES:0.5073672689617256
CE_PIECEACTIVITY:0.4426498135980465
CE_KINGPAWNSHIELD:0.4838483489205299
CE_PIECECOORDINATION:0.4294280029151767
CE_MATERIAL:0.4107190111907967
CE_KINGSAFETY:0.5075942414944898
C_PIECESQUARETABLES:0.4919723518360768
C_MOBILITY:0.47029995930503093
C_KINGSAFETY:0.49016508970866335
C_PAWNSTRUCTURE:0.45511256150540463
C_PIECECOORDINATION:0.47017158422537236
C_ROOKANDPAWNMOVEMENT:0.47017158422537236
C_CENTERCONTROL:0.49121167125559506
C_DEVELOPPIECES:0.6268005465752432
C_MATERIAL:0.46091736156890134
