ELO:760
CE_PASSEDPAWNS:0.47412982764509565
CE_PAWNWEAKNESSES:0.49892673483038436
CE_PIECEACTIVITY:0.48208939405567747
CE_KINGPAWNSHIELD:0.49864908232043587
CE_PIECECOORDINATION:0.5350671929897517
CE_MATERIAL:0.4509917289456519
CE_KINGSAFETY:0.516238407523902
C_PIECESQUARETABLES:0.5021179772513233
C_MOBILITY:0.4882275709772918
C_KINGSAFETY:0.45631861503655013
C_PAWNSTRUCTURE:0.5573531205448967
C_PIECECOORDINATION:0.40363119413399634
C_ROOKANDPAWNMOVEMENT:0.40363119413399634
C_CENTERCONTROL:0.5058386969219563
C_DEVELOPPIECES:0.6245746161445499
C_MATERIAL:0.5087162221897976
C_MOVECOUNT:0.5274685951778433
