ELO:985
CE_PASSEDPAWNS:0.4975907973593775
CE_PAWNWEAKNESSES:0.501974147743974
CE_PIECEACTIVITY:0.5
CE_KINGPAWNSHIELD:0.5006529978034341
CE_PIECECOORDINATION:0.5075679854890969
CE_MATERIAL:0.4965897273274637
CE_KINGSAFETY:0.5164717060317167
C_PIECESQUARETABLES:0.5034448629135769
C_MOBILITY:0.5085564477073821
C_KINGSAFETY:0.4932161522906359
C_PAWNSTRUCTURE:0.5
C_PIECECOORDINATION:0.4984551654802742
C_ROOKANDPAWNMOVEMENT:0.4984551654802742
C_CENTERCONTROL:0.4956882250400726
C_DEVELOPPIECES:0.5125243048592004
C_MATERIAL:0.5
C_MOVECOUNT:0.49450064498305346
