ELO:938
CE_PASSEDPAWNS:0.4899955565938809
CE_PAWNWEAKNESSES:0.43655830896992465
CE_PIECEACTIVITY:0.4138482382435537
CE_KINGPAWNSHIELD:0.49422478645319373
CE_PIECECOORDINATION:0.42980147797713153
CE_MATERIAL:0.37335062207021935
CE_KINGSAFETY:0.49798315126963166
C_PIECESQUARETABLES:0.4776885212434219
C_MOBILITY:0.4397343985475141
C_KINGSAFETY:0.444110636218748
C_PAWNSTRUCTURE:0.41520827863667736
C_PIECECOORDINATION:0.45283345777129447
C_ROOKANDPAWNMOVEMENT:0.45283345777129447
C_CENTERCONTROL:0.456948045648602
C_DEVELOPPIECES:0.6183851925639986
C_MATERIAL:0.45940431690905187
