ELO:943
CE_PASSEDPAWNS:0.4963398545458009
CE_PAWNWEAKNESSES:0.49710410157485285
CE_PIECEACTIVITY:0.46991210538737843
CE_KINGPAWNSHIELD:0.4995090250441657
CE_PIECECOORDINATION:0.49804326207719146
CE_MATERIAL:0.48135615690871897
CE_KINGSAFETY:0.5
C_PIECESQUARETABLES:0.517565984281894
C_MOBILITY:0.4585680771823757
C_KINGSAFETY:0.49101853837200643
C_PAWNSTRUCTURE:0.47265608228689127
C_PIECECOORDINATION:0.5220356616738352
C_ROOKANDPAWNMOVEMENT:0.5220356616738352
C_CENTERCONTROL:0.5082376288152644
C_DEVELOPPIECES:0.5201160476165958
C_MATERIAL:0.5014430013469504
C_MOVECOUNT:0.4899220128134116
