ELO:949
CE_PASSEDPAWNS:0.5059602170679599
CE_PAWNWEAKNESSES:0.41278560561548727
CE_PIECEACTIVITY:0.5070394190024037
CE_KINGPAWNSHIELD:0.5306912811423853
CE_PIECECOORDINATION:0.550245391514137
CE_MATERIAL:0.5353377403506662
CE_KINGSAFETY:0.46637902308367074
C_PIECESQUARETABLES:0.5019397428966439
C_MOBILITY:0.4954699338103871
C_KINGSAFETY:0.4163571433024074
C_PAWNSTRUCTURE:0.5321678258831408
C_PIECECOORDINATION:0.3657146687286509
C_ROOKANDPAWNMOVEMENT:0.3657146687286509
C_CENTERCONTROL:0.5198865338660114
C_DEVELOPPIECES:0.5484482066943168
C_MATERIAL:0.6104095613339103
