ELO:1011
CE_PASSEDPAWNS:0.499465150675044
CE_PAWNWEAKNESSES:0.5211219421866535
CE_PIECEACTIVITY:0.5099441963912161
CE_KINGPAWNSHIELD:0.5
CE_PIECECOORDINATION:0.5
CE_MATERIAL:0.5
CE_KINGSAFETY:0.5
C_PIECESQUARETABLES:0.5040184148341814
C_MOBILITY:0.5111664553252718
C_KINGSAFETY:0.5022077873830322
C_PAWNSTRUCTURE:0.5
C_PIECECOORDINATION:0.5117245257736837
C_ROOK:0.5
CE_ROOK:0.5131347315791434
C_CENTERCONTROL:0.4935227025387516
C_DEVELOPPIECES:0.50587251167812
C_MATERIAL:0.5135057211688829
C_MOVECOUNT:0.5
C_PAWNMOVEMENT:0.49086249188233916
