ELO:975
CE_PASSEDPAWNS:0.49170834666668245
CE_PAWNWEAKNESSES:0.489270514045972
CE_PIECEACTIVITY:0.48779189931261935
CE_KINGPAWNSHIELD:0.49656804208546906
CE_PIECECOORDINATION:0.5
CE_MATERIAL:0.5172020138134159
CE_KINGSAFETY:0.5072899068608323
C_PIECESQUARETABLES:0.4957910860033294
C_MOBILITY:0.5094543434649176
C_KINGSAFETY:0.49015153622020485
C_PAWNSTRUCTURE:0.4648842137993042
C_PIECECOORDINATION:0.49964046842241705
C_ROOK:0.48659020758863897
CE_ROOK:0.4968665587360948
C_CENTERCONTROL:0.5383876692199471
C_DEVELOPPIECES:0.5056271586755959
C_MATERIAL:0.5003104630428169
C_MOVECOUNT:0.5205464220572955
C_PAWNMOVEMENT:0.4788044142476302
