ELO:1081
CE_PASSEDPAWNS:0.44267531642519237
CE_PAWNWEAKNESSES:0.425749760788104
CE_PIECEACTIVITY:0.4753446701741461
CE_KINGPAWNSHIELD:0.40297938279195816
CE_PIECECOORDINATION:0.5035469168538461
CE_MATERIAL:0.43996497428554704
CE_KINGSAFETY:0.5160530650610142
C_PIECESQUARETABLES:0.5338639974180772
C_MOBILITY:0.5305799336973698
C_KINGSAFETY:0.6282369575815159
C_PAWNSTRUCTURE:0.4741200106080598
C_PIECECOORDINATION:0.48359558172269107
C_ROOKANDPAWNMOVEMENT:0.48359558172269107
C_CENTERCONTROL:0.48690695906942594
C_DEVELOPPIECES:0.5846750037156461
C_MATERIAL:0.4115923315591201
