ELO:976
CE_PASSEDPAWNS:0.5058770812857342
CE_PAWNWEAKNESSES:0.48367982690054356
CE_PIECEACTIVITY:0.462092069634432
CE_KINGPAWNSHIELD:0.5328916662157894
CE_PIECECOORDINATION:0.5
CE_MATERIAL:0.5
CE_KINGSAFETY:0.5113649829830044
C_PIECESQUARETABLES:0.5
C_MOBILITY:0.4751817963150504
C_KINGSAFETY:0.49773583466886684
C_PAWNSTRUCTURE:0.45059003132897335
C_PIECECOORDINATION:0.49520037102154024
C_ROOKANDPAWNMOVEMENT:0.49520037102154024
C_CENTERCONTROL:0.5316039673195153
C_DEVELOPPIECES:0.5060644555279782
C_MATERIAL:0.5
C_MOVECOUNT:0.5
