ELO:957
CE_PASSEDPAWNS:0.5063728434806019
CE_PAWNWEAKNESSES:0.502785954709109
CE_PIECEACTIVITY:0.5146184120023644
CE_KINGPAWNSHIELD:0.5115956860240443
CE_PIECECOORDINATION:0.5146617977412046
CE_MATERIAL:0.490190937701751
CE_KINGSAFETY:0.4754790959894217
C_PIECESQUARETABLES:0.47957512507436123
C_MOBILITY:0.49817587652453804
C_KINGSAFETY:0.5156793512066555
C_PAWNSTRUCTURE:0.5173455276852295
C_PIECECOORDINATION:0.5177875833416671
C_ROOKANDPAWNMOVEMENT:0.5177875833416671
C_CENTERCONTROL:0.5
C_DEVELOPPIECES:0.49091376164617884
C_MATERIAL:0.5031430447428289
C_MOVECOUNT:0.5
