ELO:920
CE_PASSEDPAWNS:0.49064626324609295
CE_PAWNWEAKNESSES:0.43238846920658164
CE_PIECEACTIVITY:0.5372752684858445
CE_KINGPAWNSHIELD:0.49475109246809496
CE_PIECECOORDINATION:0.50427553817607
CE_MATERIAL:0.5397782256919328
CE_KINGSAFETY:0.4836094807208709
C_PIECESQUARETABLES:0.5224124595984682
C_MOBILITY:0.4647289911119829
C_KINGSAFETY:0.4754466205863228
C_PAWNSTRUCTURE:0.4770291256108263
C_PIECECOORDINATION:0.5321999113623326
C_ROOKANDPAWNMOVEMENT:0.5321999113623326
C_CENTERCONTROL:0.5192897050259988
C_DEVELOPPIECES:0.5112156322754725
C_MATERIAL:0.478386251326812
C_MOVECOUNT:0.49519525444612345
