ELO:890
CE_PASSEDPAWNS:0.5518026695990856
CE_PAWNWEAKNESSES:0.4572487056686884
CE_PIECEACTIVITY:0.4666139968361476
CE_KINGPAWNSHIELD:0.5743527998201047
CE_PIECECOORDINATION:0.48293323923252274
CE_MATERIAL:0.40750758016765853
CE_KINGSAFETY:0.584110665332562
C_PIECESQUARETABLES:0.5066374305864471
C_MOBILITY:0.4750472823829134
C_KINGSAFETY:0.4352277541048182
C_PAWNSTRUCTURE:0.5461061404479397
C_PIECECOORDINATION:0.48060093597394965
C_ROOKANDPAWNMOVEMENT:0.48060093597394965
C_CENTERCONTROL:0.5350690096362782
C_DEVELOPPIECES:0.45721220404258006
C_MATERIAL:0.5158211132955289
C_MOVECOUNT:0.5049467412704077
