ELO:971
CE_PASSEDPAWNS:0.4985646630133566
CE_PAWNWEAKNESSES:0.483194818236458
CE_PIECEACTIVITY:0.4829099897686696
CE_KINGPAWNSHIELD:0.5067015767314043
CE_PIECECOORDINATION:0.5026679235748079
CE_MATERIAL:0.5172020138134159
CE_KINGSAFETY:0.5046511028623997
C_PIECESQUARETABLES:0.48753075486732245
C_MOBILITY:0.5178677362380227
C_KINGSAFETY:0.4810605340995049
C_PAWNSTRUCTURE:0.47622773129661233
C_PIECECOORDINATION:0.4927190119836064
C_ROOK:0.4896208482546555
CE_ROOK:0.5219628376791138
C_CENTERCONTROL:0.5456046206197547
C_DEVELOPPIECES:0.4980339438794438
C_MATERIAL:0.5008068706989259
C_MOVECOUNT:0.5188585328827443
C_PAWNMOVEMENT:0.460373602688654
