ELO:1000
CE_PASSEDPAWNS:0.49780385125962956
CE_PAWNWEAKNESSES:0.5345170755562207
CE_PIECEACTIVITY:0.5041358144422896
CE_KINGPAWNSHIELD:0.4818811734618113
CE_PIECECOORDINATION:0.5517141302779046
CE_MATERIAL:0.48367121954599596
CE_KINGSAFETY:0.5674406313567092
C_PIECESQUARETABLES:0.4665969721434317
C_MOBILITY:0.5302343892895638
C_KINGSAFETY:0.47477096505601024
C_PAWNSTRUCTURE:0.4906267054690373
C_PIECECOORDINATION:0.45927177306092914
C_ROOKANDPAWNMOVEMENT:0.45927177306092914
C_CENTERCONTROL:0.4345099196017926
C_DEVELOPPIECES:0.5025331445851985
C_MATERIAL:0.5463550566746691
