ELO:807
CE_PASSEDPAWNS:0.518530905613976
CE_PAWNWEAKNESSES:0.4819622134146108
CE_PIECEACTIVITY:0.47789695841408436
CE_KINGPAWNSHIELD:0.5658185063546965
CE_PIECECOORDINATION:0.46013384953343217
CE_MATERIAL:0.507530073508567
CE_KINGSAFETY:0.47240267155735294
C_PIECESQUARETABLES:0.46417661006988786
C_MOBILITY:0.5558462565440704
C_KINGSAFETY:0.5081928387698258
C_PAWNSTRUCTURE:0.47122921749700686
C_PIECECOORDINATION:0.5492532959980656
C_ROOKANDPAWNMOVEMENT:0.5492532959980656
C_CENTERCONTROL:0.4895541415879249
C_DEVELOPPIECES:0.42260321156931124
C_MATERIAL:0.42795561775213514
