ELO:925
CE_PASSEDPAWNS:0.4934864883494082
CE_PAWNWEAKNESSES:0.4500969679247789
CE_PIECEACTIVITY:0.5386332447478307
CE_KINGPAWNSHIELD:0.5195219732642955
CE_PIECECOORDINATION:0.5035668576636325
CE_MATERIAL:0.5717259918525635
CE_KINGSAFETY:0.5523312600215937
C_PIECESQUARETABLES:0.50583157279855
C_MOBILITY:0.43198719567937793
C_KINGSAFETY:0.4944791544126682
C_PAWNSTRUCTURE:0.4866061507923724
C_PIECECOORDINATION:0.5508278461633818
C_ROOKANDPAWNMOVEMENT:0.5508278461633818
C_CENTERCONTROL:0.5329800596110427
C_DEVELOPPIECES:0.5312485666663249
C_MATERIAL:0.44599517119387677
C_MOVECOUNT:0.5240727184089091
