ELO:1000
CE_PASSEDPAWNS:0.5237569736558533
CE_PAWNWEAKNESSES:0.4402563172576429
CE_PIECEACTIVITY:0.45583068198900845
CE_KINGPAWNSHIELD:0.5226859294871168
CE_PIECECOORDINATION:0.5173076352120737
CE_MATERIAL:0.4978703855427421
CE_KINGSAFETY:0.5107210102520354
C_PIECESQUARETABLES:0.49736383630699066
C_MOBILITY:0.5107437991761837
C_KINGSAFETY:0.45099161406991706
C_PAWNSTRUCTURE:0.4732512547231414
C_PIECECOORDINATION:0.5041370275392422
C_ROOKANDPAWNMOVEMENT:0.5041370275392422
C_CENTERCONTROL:0.47944185073635714
C_DEVELOPPIECES:0.49481920242706934
C_MATERIAL:0.4954592955127733
