ELO:940
CE_PASSEDPAWNS:0.48142026818675804
CE_PAWNWEAKNESSES:0.47111307798330954
CE_PIECEACTIVITY:0.4941766547246889
CE_KINGPAWNSHIELD:0.505127888278946
CE_PIECECOORDINATION:0.49395898732517934
CE_MATERIAL:0.5344326342482291
CE_KINGSAFETY:0.49244669271707825
C_PIECESQUARETABLES:0.5086437587881801
C_MOBILITY:0.5160668826146396
C_KINGSAFETY:0.4717951482711623
C_PAWNSTRUCTURE:0.47017916597087106
C_PIECECOORDINATION:0.4829421030637902
C_ROOK:0.504727242695176
CE_ROOK:0.5249911487419999
C_CENTERCONTROL:0.5579205791201926
C_DEVELOPPIECES:0.49906813269291256
C_MATERIAL:0.5052385469652441
C_MOVECOUNT:0.5052483980184171
C_PAWNMOVEMENT:0.44593292873007445
