ELO:947
CE_PASSEDPAWNS:0.4922780125436359
CE_PAWNWEAKNESSES:0.4171753738254588
CE_PIECEACTIVITY:0.5213307673680003
CE_KINGPAWNSHIELD:0.5304519715136276
CE_PIECECOORDINATION:0.547495189986674
CE_MATERIAL:0.5460300376941927
CE_KINGSAFETY:0.4801521206992663
C_PIECESQUARETABLES:0.4941815260539654
C_MOBILITY:0.4823113114842958
C_KINGSAFETY:0.42044975967071907
C_PAWNSTRUCTURE:0.5148702372801374
C_PIECECOORDINATION:0.3576419370705595
C_ROOKANDPAWNMOVEMENT:0.3576419370705595
C_CENTERCONTROL:0.5130010946765561
C_DEVELOPPIECES:0.5352298062636484
C_MATERIAL:0.5870960569211259
