ELO:1003
CE_PASSEDPAWNS:0.5102103759922415
CE_PAWNWEAKNESSES:0.5
CE_PIECEACTIVITY:0.506467948305002
CE_KINGPAWNSHIELD:0.48926149584540285
CE_PIECECOORDINATION:0.5
CE_MATERIAL:0.5044835512512673
CE_KINGSAFETY:0.48770889148884045
C_PIECESQUARETABLES:0.5117922735292051
C_MOBILITY:0.5
C_KINGSAFETY:0.49499163616204916
C_PAWNSTRUCTURE:0.49521982452028573
C_PIECECOORDINATION:0.5
C_ROOKANDPAWNMOVEMENT:0.5
C_CENTERCONTROL:0.49732367897322544
C_DEVELOPPIECES:0.5
C_MATERIAL:0.5066606982732157
C_MOVECOUNT:0.48355595916096816
