ELO:989
CE_PASSEDPAWNS:0.36535631595517176
CE_PAWNWEAKNESSES:0.5206889086836017
CE_PIECEACTIVITY:0.5594978002495871
CE_KINGPAWNSHIELD:0.4632498498082287
CE_PIECECOORDINATION:0.46192327435954716
CE_MATERIAL:0.5165516518769769
CE_KINGSAFETY:0.49310955977398496
C_PIECESQUARETABLES:0.5
C_MOBILITY:0.49776475317986923
C_KINGSAFETY:0.5481096289048754
C_PAWNSTRUCTURE:0.31990094314392614
C_PIECECOORDINATION:0.4455295289066636
C_ROOKANDPAWNMOVEMENT:0.4455295289066636
C_CENTERCONTROL:0.3590075263485695
C_DEVELOPPIECES:0.48463106472835726
C_MATERIAL:0.6919951598050547
