ELO:946
CE_PASSEDPAWNS:0.4912308995476424
CE_PAWNWEAKNESSES:0.5264044239384716
CE_PIECEACTIVITY:0.4370687346376706
CE_KINGPAWNSHIELD:0.5732798300953926
CE_PIECECOORDINATION:0.5293022114818758
CE_MATERIAL:0.4457394608284418
CE_KINGSAFETY:0.46135677119582275
C_PIECESQUARETABLES:0.5490641122084948
C_MOBILITY:0.5139366002029766
C_KINGSAFETY:0.5239062923333186
C_PAWNSTRUCTURE:0.5275049491164198
C_PIECECOORDINATION:0.4949088499781898
C_ROOKANDPAWNMOVEMENT:0.4949088499781898
C_CENTERCONTROL:0.5154310058108302
C_DEVELOPPIECES:0.48531778239268886
C_MATERIAL:0.5381064808613609
