ELO:1000
CE_PASSEDPAWNS:0.49771277449817547
CE_PAWNWEAKNESSES:0.48760835645308603
CE_PIECEACTIVITY:0.47031495893685865
CE_KINGPAWNSHIELD:0.532061356633965
CE_PIECECOORDINATION:0.537284219173189
CE_MATERIAL:0.47354642182599443
CE_KINGSAFETY:0.4930364179459256
C_PIECESQUARETABLES:0.5125221934073055
C_MOBILITY:0.5167464717311195
C_KINGSAFETY:0.47166082339555426
C_PAWNSTRUCTURE:0.5073608090577094
C_PIECECOORDINATION:0.5127025677023475
C_ROOKANDPAWNMOVEMENT:0.5127025677023475
C_CENTERCONTROL:0.5124257288799183
C_DEVELOPPIECES:0.4754064248053391
C_MATERIAL:0.49444247649067635
