ELO:862
CE_PASSEDPAWNS:0.5398593212087736
CE_PAWNWEAKNESSES:0.5141432743996628
CE_PIECEACTIVITY:0.5023720855874104
CE_KINGPAWNSHIELD:0.5140722592767237
CE_PIECECOORDINATION:0.46934325504437413
CE_MATERIAL:0.4498306176263211
CE_KINGSAFETY:0.5316820381485107
C_PIECESQUARETABLES:0.477844249314559
C_MOBILITY:0.49121879079026237
C_KINGSAFETY:0.4985928607057223
C_PAWNSTRUCTURE:0.499088920680681
C_PIECECOORDINATION:0.5171535188711901
C_ROOKANDPAWNMOVEMENT:0.5171535188711901
C_CENTERCONTROL:0.5216141598995535
C_DEVELOPPIECES:0.4978344538295971
C_MATERIAL:0.4782930152850046
C_MOVECOUNT:0.5
