ELO:1000
CE_PASSEDPAWNS:0.5245589586079701
CE_PAWNWEAKNESSES:0.5037649335732569
CE_PIECEACTIVITY:0.47700867000018726
CE_KINGPAWNSHIELD:0.532061356633965
CE_PIECECOORDINATION:0.5250670836251714
CE_MATERIAL:0.46398406411343124
CE_KINGSAFETY:0.49516899601758174
C_PIECESQUARETABLES:0.5088183569347168
C_MOBILITY:0.5101465182205237
C_KINGSAFETY:0.48093627116719934
C_PAWNSTRUCTURE:0.5192049004009999
C_PIECECOORDINATION:0.5034286840255084
C_ROOKANDPAWNMOVEMENT:0.5034286840255084
C_CENTERCONTROL:0.5128905795095143
C_DEVELOPPIECES:0.4754064248053391
C_MATERIAL:0.4968431018226457
