ELO:935
CE_PASSEDPAWNS:0.5025141825416104
CE_PAWNWEAKNESSES:0.48409348864569257
CE_PIECEACTIVITY:0.5225826293418449
CE_KINGPAWNSHIELD:0.5004261354194114
CE_PIECECOORDINATION:0.5017592854020421
CE_MATERIAL:0.5051669918297846
CE_KINGSAFETY:0.4927160791978555
C_PIECESQUARETABLES:0.5129152262956805
C_MOBILITY:0.5144370821217088
C_KINGSAFETY:0.5078631158672903
C_PAWNSTRUCTURE:0.46627601323779955
C_PIECECOORDINATION:0.4761334112827658
C_ROOKANDPAWNMOVEMENT:0.4761334112827658
C_CENTERCONTROL:0.5108390027264333
C_DEVELOPPIECES:0.4735186980736658
C_MATERIAL:0.4940045014979194
C_MOVECOUNT:0.5
