ELO:1000
CE_PASSEDPAWNS:0.5602225110492246
CE_PAWNWEAKNESSES:0.5242214168405729
CE_PIECEACTIVITY:0.49620850426350815
CE_KINGPAWNSHIELD:0.5329450790140652
CE_PIECECOORDINATION:0.5176204867671687
CE_MATERIAL:0.47306806939274354
CE_KINGSAFETY:0.5097520385826553
C_PIECESQUARETABLES:0.5225295703791004
C_MOBILITY:0.4927117943957758
C_KINGSAFETY:0.5065330782284068
C_PAWNSTRUCTURE:0.5113269142992617
C_PIECECOORDINATION:0.5006538588846282
C_ROOKANDPAWNMOVEMENT:0.5006538588846282
C_CENTERCONTROL:0.4982667166526479
C_DEVELOPPIECES:0.4919121156676957
C_MATERIAL:0.49283868816537674
