ELO:1010
CE_PASSEDPAWNS:0.5
CE_PAWNWEAKNESSES:0.5094565915986035
CE_PIECEACTIVITY:0.5
CE_KINGPAWNSHIELD:0.4985517553410452
CE_PIECECOORDINATION:0.49036536671142883
CE_MATERIAL:0.5
CE_KINGSAFETY:0.4993976837347501
C_PIECESQUARETABLES:0.49529156205110486
C_MOBILITY:0.5
C_KINGSAFETY:0.5
C_PAWNSTRUCTURE:0.49460344983934457
C_PIECECOORDINATION:0.5061752295758396
C_ROOK:0.5
CE_ROOK:0.4879611271222977
C_CENTERCONTROL:0.5
C_DEVELOPPIECES:0.5034112041636271
C_MATERIAL:0.4983712400217684
C_MOVECOUNT:0.5013823943790889
C_PAWNMOVEMENT:0.5032491794187971
