ELO:966
CE_PASSEDPAWNS:0.4864622173243554
CE_PAWNWEAKNESSES:0.555268611142639
CE_PIECEACTIVITY:0.42947248837631685
CE_KINGPAWNSHIELD:0.5657111152767238
CE_PIECECOORDINATION:0.5018826260936436
CE_MATERIAL:0.40222793969131926
CE_KINGSAFETY:0.4701831182057093
C_PIECESQUARETABLES:0.4794804764720893
C_MOBILITY:0.49566705642999953
C_KINGSAFETY:0.5467611839681356
C_PAWNSTRUCTURE:0.4960537725090175
C_PIECECOORDINATION:0.5221864434680152
C_ROOKANDPAWNMOVEMENT:0.5221864434680152
C_CENTERCONTROL:0.5090336771774129
C_DEVELOPPIECES:0.4604047536856899
C_MATERIAL:0.5759420869671481
