ELO:819
CE_PASSEDPAWNS:0.5071741080115566
CE_PAWNWEAKNESSES:0.49175535173125917
CE_PIECEACTIVITY:0.48130996089041156
CE_KINGPAWNSHIELD:0.5665040956897326
CE_PIECECOORDINATION:0.46013384953343217
CE_MATERIAL:0.5255970300411067
CE_KINGSAFETY:0.49014936059116465
C_PIECESQUARETABLES:0.5
C_MOBILITY:0.5764737670384612
C_KINGSAFETY:0.5081928387698258
C_PAWNSTRUCTURE:0.48677758467701926
C_PIECECOORDINATION:0.5547399123590581
C_ROOKANDPAWNMOVEMENT:0.5547399123590581
C_CENTERCONTROL:0.4949454461694966
C_DEVELOPPIECES:0.4208522100678679
C_MATERIAL:0.43764528766222865
