ELO:940
CE_PASSEDPAWNS:0.49738772729903175
CE_PAWNWEAKNESSES:0.5301433720167632
CE_PIECEACTIVITY:0.42691923312391256
CE_KINGPAWNSHIELD:0.5692149077334994
CE_PIECECOORDINATION:0.5225795531907139
CE_MATERIAL:0.37862867343358625
CE_KINGSAFETY:0.463215119588947
C_PIECESQUARETABLES:0.4662042074466982
C_MOBILITY:0.48177124886309197
C_KINGSAFETY:0.5324761386314322
C_PAWNSTRUCTURE:0.4785452097459091
C_PIECECOORDINATION:0.5315356215116167
C_ROOKANDPAWNMOVEMENT:0.5315356215116167
C_CENTERCONTROL:0.5009403731091866
C_DEVELOPPIECES:0.4469065692283574
C_MATERIAL:0.614515100492968
