ELO:986
CE_PASSEDPAWNS:0.4765918485657775
CE_PAWNWEAKNESSES:0.4901088884625815
CE_PIECEACTIVITY:0.5540396267700292
CE_KINGPAWNSHIELD:0.46451749340837656
CE_PIECECOORDINATION:0.5399752830247214
CE_MATERIAL:0.5300567534764755
CE_KINGSAFETY:0.5660253288948074
C_PIECESQUARETABLES:0.4365756814120661
C_MOBILITY:0.4893663737735343
C_KINGSAFETY:0.4504180444415061
C_PAWNSTRUCTURE:0.44654551111395274
C_PIECECOORDINATION:0.4188400903554789
C_ROOKANDPAWNMOVEMENT:0.4188400903554789
C_CENTERCONTROL:0.449402675902272
C_DEVELOPPIECES:0.475326412726811
C_MATERIAL:0.5543066123453007
