ELO:1000
CE_PASSEDPAWNS:0.49630258652688625
CE_PAWNWEAKNESSES:0.5331257361766608
CE_PIECEACTIVITY:0.508948388749495
CE_KINGPAWNSHIELD:0.4850716665825329
CE_PIECECOORDINATION:0.5399621376917298
CE_MATERIAL:0.48453364070825555
CE_KINGSAFETY:0.5717308228422043
C_PIECESQUARETABLES:0.47192719785548976
C_MOBILITY:0.5051770753429993
C_KINGSAFETY:0.45529547641329204
C_PAWNSTRUCTURE:0.4940709567647885
C_PIECECOORDINATION:0.4343424417742449
C_ROOKANDPAWNMOVEMENT:0.4343424417742449
C_CENTERCONTROL:0.41310503194263926
C_DEVELOPPIECES:0.4988477690743671
C_MATERIAL:0.541629126676352
