ELO:1000
CE_PASSEDPAWNS:0.5382427857867639
CE_PAWNWEAKNESSES:0.5066212341132066
CE_PIECEACTIVITY:0.4704010985050967
CE_KINGPAWNSHIELD:0.5214755870437443
CE_PIECECOORDINATION:0.5279084624418854
CE_MATERIAL:0.4784856933594279
CE_KINGSAFETY:0.500457801641093
C_PIECESQUARETABLES:0.4836461874400639
C_MOBILITY:0.5191671297631459
C_KINGSAFETY:0.4630397034626266
C_PAWNSTRUCTURE:0.5038640784804459
C_PIECECOORDINATION:0.4870320000965798
C_ROOKANDPAWNMOVEMENT:0.4870320000965798
C_CENTERCONTROL:0.48212872914388705
C_DEVELOPPIECES:0.5015122249418801
C_MATERIAL:0.5160925572652931
