ELO:970
CE_PASSEDPAWNS:0.48916055424715693
CE_PAWNWEAKNESSES:0.4736477369899337
CE_PIECEACTIVITY:0.4913001424424553
CE_KINGPAWNSHIELD:0.5236677766046521
CE_PIECECOORDINATION:0.49359465546967746
CE_MATERIAL:0.5232411248362939
CE_KINGSAFETY:0.5
C_PIECESQUARETABLES:0.5071430427743109
C_MOBILITY:0.5178677362380227
C_KINGSAFETY:0.47411627811822543
C_PAWNSTRUCTURE:0.47622773129661233
C_PIECECOORDINATION:0.48435310983292373
C_ROOK:0.5013845687442846
CE_ROOK:0.5119687863096862
C_CENTERCONTROL:0.5410162708600014
C_DEVELOPPIECES:0.481825319492856
C_MATERIAL:0.5008068706989259
C_MOVECOUNT:0.5173602963121867
C_PAWNMOVEMENT:0.45596848074549734
