ELO:979
CE_PASSEDPAWNS:0.4886038402490955
CE_PAWNWEAKNESSES:0.49341783787611193
CE_PIECEACTIVITY:0.49224938815472397
CE_KINGPAWNSHIELD:0.49826246862599133
CE_PIECECOORDINATION:0.5
CE_MATERIAL:0.5096256508120641
CE_KINGSAFETY:0.503323423265928
C_PIECESQUARETABLES:0.4957910860033294
C_MOBILITY:0.5094543434649176
C_KINGSAFETY:0.49094264647818636
C_PAWNSTRUCTURE:0.4648842137993042
C_PIECECOORDINATION:0.49964046842241705
C_ROOK:0.48867529289672035
CE_ROOK:0.4968665587360948
C_CENTERCONTROL:0.514809098783138
C_DEVELOPPIECES:0.5056271586755959
C_MATERIAL:0.5114669066763455
C_MOVECOUNT:0.5205464220572955
C_PAWNMOVEMENT:0.48787242071031595
