ELO:942
CE_PASSEDPAWNS:0.48916055424715693
CE_PAWNWEAKNESSES:0.4800962692272525
CE_PIECEACTIVITY:0.503687166711941
CE_KINGPAWNSHIELD:0.5038991573173024
CE_PIECECOORDINATION:0.4927009628765323
CE_MATERIAL:0.5334264511054781
CE_KINGSAFETY:0.5
C_PIECESQUARETABLES:0.5123876797525615
C_MOBILITY:0.5160668826146396
C_KINGSAFETY:0.4717951482711623
C_PAWNSTRUCTURE:0.47017916597087106
C_PIECECOORDINATION:0.47140962176708257
C_ROOK:0.504727242695176
CE_ROOK:0.5362972319964467
C_CENTERCONTROL:0.5502536412088205
C_DEVELOPPIECES:0.4908883210609114
C_MATERIAL:0.5052385469652441
C_MOVECOUNT:0.5045049473611246
C_PAWNMOVEMENT:0.44493937005373047
