ELO:988
CE_PASSEDPAWNS:0.4885928987684656
CE_PAWNWEAKNESSES:0.486449157511825
CE_PIECEACTIVITY:0.524245843140492
CE_KINGPAWNSHIELD:0.469026298620832
CE_PIECECOORDINATION:0.5143386429569347
CE_MATERIAL:0.5315320947137436
CE_KINGSAFETY:0.5726380379773527
C_PIECESQUARETABLES:0.44635256957961406
C_MOBILITY:0.48643074723851126
C_KINGSAFETY:0.44382224239792073
C_PAWNSTRUCTURE:0.4695307431458637
C_PIECECOORDINATION:0.4164749789463306
C_ROOKANDPAWNMOVEMENT:0.4164749789463306
C_CENTERCONTROL:0.4417146664450208
C_DEVELOPPIECES:0.4895761513626755
C_MATERIAL:0.5504169612424042
