ELO:1006
CE_PASSEDPAWNS:0.512373373660893
CE_PAWNWEAKNESSES:0.5028640044804777
CE_PIECEACTIVITY:0.5
CE_KINGPAWNSHIELD:0.5038070625731775
CE_PIECECOORDINATION:0.5021335370000286
CE_MATERIAL:0.49291916158377064
CE_KINGSAFETY:0.5090505201085156
C_PIECESQUARETABLES:0.5049599151431824
C_MOBILITY:0.5030593266771037
C_KINGSAFETY:0.49526159834648714
C_PAWNSTRUCTURE:0.48972227972757565
C_PIECECOORDINATION:0.49462189730257167
C_ROOKANDPAWNMOVEMENT:0.49462189730257167
C_CENTERCONTROL:0.5
C_DEVELOPPIECES:0.5142011607553986
C_MATERIAL:0.494028613801552
C_MOVECOUNT:0.5
