ELO:1000
CE_PASSEDPAWNS:0.5020628836928278
CE_PAWNWEAKNESSES:0.5209312142174792
CE_PIECEACTIVITY:0.49440290764806955
CE_KINGPAWNSHIELD:0.517568775590674
CE_PIECECOORDINATION:0.5280310772347511
CE_MATERIAL:0.4870706257627978
CE_KINGSAFETY:0.5255842033367489
C_PIECESQUARETABLES:0.452226132955572
C_MOBILITY:0.5039094801721042
C_KINGSAFETY:0.47319621383484795
C_PAWNSTRUCTURE:0.528337915248976
C_PIECECOORDINATION:0.4721613294108239
C_ROOKANDPAWNMOVEMENT:0.4721613294108239
C_CENTERCONTROL:0.47564147884892244
C_DEVELOPPIECES:0.5011284042275423
C_MATERIAL:0.5509737266777365
