ELO:960
CE_PASSEDPAWNS:0.47661879248290945
CE_PAWNWEAKNESSES:0.4953160206041552
CE_PIECEACTIVITY:0.5111822162096028
CE_KINGPAWNSHIELD:0.5256952635198981
CE_PIECECOORDINATION:0.4898212449208972
CE_MATERIAL:0.5053138765998039
CE_KINGSAFETY:0.5
C_PIECESQUARETABLES:0.5
C_MOBILITY:0.5028562055850335
C_KINGSAFETY:0.5011749441428416
C_PAWNSTRUCTURE:0.4843362365376115
C_PIECECOORDINATION:0.48307146747246404
C_ROOKANDPAWNMOVEMENT:0.48307146747246404
C_CENTERCONTROL:0.44072883753197134
C_DEVELOPPIECES:0.49100446461357755
C_MATERIAL:0.5083462074218731
C_MOVECOUNT:0.49934899760812307
