ELO:1006
CE_PASSEDPAWNS:0.48868370679594897
CE_PAWNWEAKNESSES:0.5077772943755866
CE_PIECEACTIVITY:0.5126814448067759
CE_KINGPAWNSHIELD:0.5060226328583186
CE_PIECECOORDINATION:0.5137658944283133
CE_MATERIAL:0.5
CE_KINGSAFETY:0.5072320292394826
C_PIECESQUARETABLES:0.5121037687776107
C_MOBILITY:0.5060393743723514
C_KINGSAFETY:0.49994702889015435
C_PAWNSTRUCTURE:0.5089642698779238
C_PIECECOORDINATION:0.5022376336336144
C_ROOKANDPAWNMOVEMENT:0.5022376336336144
C_CENTERCONTROL:0.49174203454659215
C_DEVELOPPIECES:0.5
C_MATERIAL:0.5
C_MOVECOUNT:0.5083434261925868
