ELO:961
CE_PASSEDPAWNS:0.5150375861195431
CE_PAWNWEAKNESSES:0.5020179013461917
CE_PIECEACTIVITY:0.5084306438490908
CE_KINGPAWNSHIELD:0.4787494695480653
CE_PIECECOORDINATION:0.5108974782968554
CE_MATERIAL:0.5060533311799117
CE_KINGSAFETY:0.5176628398784792
C_PIECESQUARETABLES:0.5134889431661457
C_MOBILITY:0.5053904614830214
C_KINGSAFETY:0.478551551410719
C_PAWNSTRUCTURE:0.4877440164455576
C_PIECECOORDINATION:0.48434719330061454
C_ROOK:0.5047225091528806
CE_ROOK:0.5282149457803347
C_CENTERCONTROL:0.48542051021951665
C_DEVELOPPIECES:0.5292181845297713
C_MATERIAL:0.5274780455418409
C_MOVECOUNT:0.49731126585132446
C_PAWNMOVEMENT:0.526664501096237
