ELO:1000
CE_PASSEDPAWNS:0.5108928337505924
CE_PAWNWEAKNESSES:0.50195230469152
CE_PIECEACTIVITY:0.488271423614778
CE_KINGPAWNSHIELD:0.4891808460772043
CE_PIECECOORDINATION:0.5095512543001364
CE_MATERIAL:0.5084942609710859
CE_KINGSAFETY:0.5008448020983463
C_PIECESQUARETABLES:0.5126033447346362
C_MOBILITY:0.49451436105620444
C_KINGSAFETY:0.47818705588513044
C_PAWNSTRUCTURE:0.5105316307219377
C_PIECECOORDINATION:0.5196775319600314
C_ROOKANDPAWNMOVEMENT:0.5196775319600314
C_CENTERCONTROL:0.4740503675323441
C_DEVELOPPIECES:0.5029321813086658
C_MATERIAL:0.504265731789579
