ELO:928
CE_PASSEDPAWNS:0.5079164346184252
CE_PAWNWEAKNESSES:0.4718008604322862
CE_PIECEACTIVITY:0.5439830705145117
CE_KINGPAWNSHIELD:0.5091714446766492
CE_PIECECOORDINATION:0.4760424699268639
CE_MATERIAL:0.5484194675565831
CE_KINGSAFETY:0.4792684910647792
C_PIECESQUARETABLES:0.4951635955111323
C_MOBILITY:0.5448959499361286
C_KINGSAFETY:0.4657954785758721
C_PAWNSTRUCTURE:0.4663808002217174
C_PIECECOORDINATION:0.5054952099549946
C_ROOK:0.44172421788991
CE_ROOK:0.49578550524400367
C_CENTERCONTROL:0.5447463245953896
C_DEVELOPPIECES:0.5193761590580277
C_MATERIAL:0.5288650631617192
C_MOVECOUNT:0.5273170934079006
C_PAWNMOVEMENT:0.4566233787695379
