ELO:938
CE_PASSEDPAWNS:0.48142026818675804
CE_PAWNWEAKNESSES:0.47292243576645576
CE_PIECEACTIVITY:0.5045234546364814
CE_KINGPAWNSHIELD:0.5032529417985848
CE_PIECECOORDINATION:0.4967526920489796
CE_MATERIAL:0.5344326342482291
CE_KINGSAFETY:0.49434727563650765
C_PIECESQUARETABLES:0.5
C_MOBILITY:0.5199052399530608
C_KINGSAFETY:0.4648351810615436
C_PAWNSTRUCTURE:0.4609053265640163
C_PIECECOORDINATION:0.49601373030229223
C_ROOK:0.504727242695176
CE_ROOK:0.5249911487419999
C_CENTERCONTROL:0.5594513648939743
C_DEVELOPPIECES:0.5100808900453121
C_MATERIAL:0.5054191335588457
C_MOVECOUNT:0.5256263001357125
C_PAWNMOVEMENT:0.45750375236513985
