ELO:989
CE_PASSEDPAWNS:0.3614529750774351
CE_PAWNWEAKNESSES:0.5086530027826172
CE_PIECEACTIVITY:0.5557265819367553
CE_KINGPAWNSHIELD:0.46184294528711856
CE_PIECECOORDINATION:0.6092782055877115
CE_MATERIAL:0.5113477174652339
CE_KINGSAFETY:0.502425454960449
C_PIECESQUARETABLES:0.49182563969612314
C_MOBILITY:0.5001465408952577
C_KINGSAFETY:0.548173479049873
C_PAWNSTRUCTURE:0.32082810267171913
C_PIECECOORDINATION:0.4456465471099183
C_ROOKANDPAWNMOVEMENT:0.4456465471099183
C_CENTERCONTROL:0.3628208528192532
C_DEVELOPPIECES:0.4791615889907127
C_MATERIAL:0.6595849072912273
