ELO:954
CE_PASSEDPAWNS:0.48916055424715693
CE_PAWNWEAKNESSES:0.47062977178301213
CE_PIECEACTIVITY:0.503687166711941
CE_KINGPAWNSHIELD:0.5072617638430549
CE_PIECECOORDINATION:0.4842842006622186
CE_MATERIAL:0.5218961384926489
CE_KINGSAFETY:0.5
C_PIECESQUARETABLES:0.5
C_MOBILITY:0.5221564659468092
C_KINGSAFETY:0.4717951482711623
C_PAWNSTRUCTURE:0.4818980953671808
C_PIECECOORDINATION:0.47140962176708257
C_ROOK:0.4974142551693712
CE_ROOK:0.5362972319964467
C_CENTERCONTROL:0.5502536412088205
C_DEVELOPPIECES:0.5016235267366028
C_MATERIAL:0.5066458365914887
C_MOVECOUNT:0.4921139929271844
C_PAWNMOVEMENT:0.44493937005373047
