ELO:1029
CE_PASSEDPAWNS:0.5
CE_PAWNWEAKNESSES:0.49973890016388006
CE_PIECEACTIVITY:0.5112496343770295
CE_KINGPAWNSHIELD:0.5105549806944905
CE_PIECECOORDINATION:0.49380526147247816
CE_MATERIAL:0.5043882937789889
CE_KINGSAFETY:0.5014196607579657
C_PIECESQUARETABLES:0.4950233091657813
C_MOBILITY:0.5102843274120401
C_KINGSAFETY:0.5
C_PAWNSTRUCTURE:0.4952197972148292
C_PIECECOORDINATION:0.4986268613267705
C_ROOKANDPAWNMOVEMENT:0.4986268613267705
C_CENTERCONTROL:0.5007304133559365
C_DEVELOPPIECES:0.5
C_MATERIAL:0.4812509684438972
