ELO:835
CE_PASSEDPAWNS:0.5139796968727597
CE_PAWNWEAKNESSES:0.5075109410803063
CE_PIECEACTIVITY:0.4679945409583952
CE_KINGPAWNSHIELD:0.5648376620666694
CE_PIECECOORDINATION:0.47271708237147914
CE_MATERIAL:0.5146173827362376
CE_KINGSAFETY:0.48198789895057076
C_PIECESQUARETABLES:0.5080450630634058
C_MOBILITY:0.555687920975433
C_KINGSAFETY:0.49071380953352023
C_PAWNSTRUCTURE:0.5085743183894423
C_PIECECOORDINATION:0.569514429612762
C_ROOKANDPAWNMOVEMENT:0.569514429612762
C_CENTERCONTROL:0.5232321720321681
C_DEVELOPPIECES:0.429853861637353
C_MATERIAL:0.42752671162330186
