ELO:815
CE_PASSEDPAWNS:0.529552870192063
CE_PAWNWEAKNESSES:0.46524711717501804
CE_PIECEACTIVITY:0.5708859525163714
CE_KINGPAWNSHIELD:0.5105292463258129
CE_PIECECOORDINATION:0.40394973822261604
CE_MATERIAL:0.5213713995285411
CE_KINGSAFETY:0.4673580991488121
C_PIECESQUARETABLES:0.4685197472502525
C_MOBILITY:0.5295524344917252
C_KINGSAFETY:0.49337455255836
C_PAWNSTRUCTURE:0.5054217339544747
C_PIECECOORDINATION:0.5634672324058688
C_ROOKANDPAWNMOVEMENT:0.5634672324058688
C_CENTERCONTROL:0.49858557765635136
C_DEVELOPPIECES:0.5048039623484233
C_MATERIAL:0.5493145048010751
C_MOVECOUNT:0.5
