ELO:923
CE_PASSEDPAWNS:0.5105069957123778
CE_PAWNWEAKNESSES:0.49074929519548266
CE_PIECEACTIVITY:0.5225826293418449
CE_KINGPAWNSHIELD:0.4945009181313784
CE_PIECECOORDINATION:0.5112587188845383
CE_MATERIAL:0.5075825292221335
CE_KINGSAFETY:0.4927160791978555
C_PIECESQUARETABLES:0.51637554264987
C_MOBILITY:0.5144370821217088
C_KINGSAFETY:0.5163545925049347
C_PAWNSTRUCTURE:0.47314559124918526
C_PIECECOORDINATION:0.47146790206364064
C_ROOKANDPAWNMOVEMENT:0.47146790206364064
C_CENTERCONTROL:0.5108390027264333
C_DEVELOPPIECES:0.4735186980736658
C_MATERIAL:0.4940045014979194
C_MOVECOUNT:0.5
