ELO:992
CE_PASSEDPAWNS:0.5192496086030318
CE_PAWNWEAKNESSES:0.47007212287666295
CE_PIECEACTIVITY:0.501186135425622
CE_KINGPAWNSHIELD:0.5056499261056522
CE_PIECECOORDINATION:0.5100040427803206
CE_MATERIAL:0.49138527328481857
CE_KINGSAFETY:0.5094575987510251
C_PIECESQUARETABLES:0.5
C_MOBILITY:0.49999671906337373
C_KINGSAFETY:0.4951662054304316
C_PAWNSTRUCTURE:0.5
C_PIECECOORDINATION:0.5116243508921506
C_ROOKANDPAWNMOVEMENT:0.5116243508921506
C_CENTERCONTROL:0.49233897438323454
C_DEVELOPPIECES:0.5
C_MATERIAL:0.5
C_MOVECOUNT:0.5
