ELO:952
CE_PASSEDPAWNS:0.47012160709077094
CE_PAWNWEAKNESSES:0.5257325578957711
CE_PIECEACTIVITY:0.4485927401364991
CE_KINGPAWNSHIELD:0.5600554404381167
CE_PIECECOORDINATION:0.5104655854952466
CE_MATERIAL:0.3980155949566842
CE_KINGSAFETY:0.48375917340401153
C_PIECESQUARETABLES:0.47611555957842805
C_MOBILITY:0.49508605659562577
C_KINGSAFETY:0.5501672117227824
C_PAWNSTRUCTURE:0.488734104192883
C_PIECECOORDINATION:0.5132808671816375
C_ROOKANDPAWNMOVEMENT:0.5132808671816375
C_CENTERCONTROL:0.5198246870676865
C_DEVELOPPIECES:0.4916973163230975
C_MATERIAL:0.574776791052496
