ELO:814
CE_PASSEDPAWNS:0.518887142381569
CE_PAWNWEAKNESSES:0.46330604775958867
CE_PIECEACTIVITY:0.5611082271378096
CE_KINGPAWNSHIELD:0.542912398380782
CE_PIECECOORDINATION:0.43146761280188595
CE_MATERIAL:0.5655815172696261
CE_KINGSAFETY:0.47481296099863035
C_PIECESQUARETABLES:0.4303427066959496
C_MOBILITY:0.5181959024636128
C_KINGSAFETY:0.45109351653331603
C_PAWNSTRUCTURE:0.49808758355738597
C_PIECECOORDINATION:0.5627605277867844
C_ROOKANDPAWNMOVEMENT:0.5627605277867844
C_CENTERCONTROL:0.5203221308898279
C_DEVELOPPIECES:0.5487184667044023
C_MATERIAL:0.5609717038297684
C_MOVECOUNT:0.5
