ELO:1332
CE_PASSEDPAWNS:0.46859804000387595
CE_PAWNWEAKNESSES:0.5918317009246495
CE_PIECEACTIVITY:0.44409255989768454
CE_KINGPAWNSHIELD:0.39452144957275465
CE_PIECECOORDINATION:0.45651591810547565
CE_MATERIAL:0.5228320742020091
CE_KINGSAFETY:0.5
C_PIECESQUARETABLES:0.5
C_MOBILITY:0.3767154707183268
C_KINGSAFETY:0.3995663984708149
C_PAWNSTRUCTURE:0.5016502204610048
C_PIECECOORDINATION:0.5450051674444382
C_ROOKANDPAWNMOVEMENT:0.5450051674444382
C_CENTERCONTROL:0.5503531566750322
C_DEVELOPPIECES:0.39371200392466954
C_MATERIAL:0.61578636060428
