ELO:947
CE_PASSEDPAWNS:0.4802101993044583
CE_PAWNWEAKNESSES:0.5373347069440709
CE_PIECEACTIVITY:0.4923108262622656
CE_KINGPAWNSHIELD:0.5381195221657006
CE_PIECECOORDINATION:0.5447433768858465
CE_MATERIAL:0.4726020403967403
CE_KINGSAFETY:0.5040625364783758
C_PIECESQUARETABLES:0.5056937992767863
C_MOBILITY:0.45202463015313366
C_KINGSAFETY:0.5011433143170235
C_PAWNSTRUCTURE:0.4975601333029741
C_PIECECOORDINATION:0.4903348102438228
C_ROOKANDPAWNMOVEMENT:0.4903348102438228
C_CENTERCONTROL:0.517115789124795
C_DEVELOPPIECES:0.5049463135777258
C_MATERIAL:0.5028667245630426
C_MOVECOUNT:0.4722777602398718
