ELO:914
CE_PASSEDPAWNS:0.41093090744521527
CE_PAWNWEAKNESSES:0.47629056760028843
CE_PIECEACTIVITY:0.5039506769004091
CE_KINGPAWNSHIELD:0.4510376835558098
CE_PIECECOORDINATION:0.4970981077213129
CE_MATERIAL:0.5249160300623865
CE_KINGSAFETY:0.5
C_PIECESQUARETABLES:0.5
C_MOBILITY:0.5472015655926273
C_KINGSAFETY:0.48526065252003786
C_PAWNSTRUCTURE:0.5015362923134301
C_PIECECOORDINATION:0.5278284008443466
C_ROOKANDPAWNMOVEMENT:0.5278284008443466
C_CENTERCONTROL:0.5182036363151947
C_DEVELOPPIECES:0.5030467271287148
C_MATERIAL:0.5041097105569392
C_MOVECOUNT:0.5
