ELO:930
CE_PASSEDPAWNS:0.48701044025037915
CE_PAWNWEAKNESSES:0.472858713173514
CE_PIECEACTIVITY:0.5290072033139294
CE_KINGPAWNSHIELD:0.49454085826230426
CE_PIECECOORDINATION:0.5605588044966671
CE_MATERIAL:0.4890939229190251
CE_KINGSAFETY:0.4901810582356107
C_PIECESQUARETABLES:0.5174479402852762
C_MOBILITY:0.5297940058026522
C_KINGSAFETY:0.5768060522820262
C_PAWNSTRUCTURE:0.4686703416261149
C_PIECECOORDINATION:0.5028477855930352
C_ROOKANDPAWNMOVEMENT:0.5028477855930352
C_CENTERCONTROL:0.5195479130362255
C_DEVELOPPIECES:0.46781320799690135
C_MATERIAL:0.42549653647861024
C_MOVECOUNT:0.5
