ELO:1018
CE_PASSEDPAWNS:0.5
CE_PAWNWEAKNESSES:0.48898028772105495
CE_PIECEACTIVITY:0.4976124668944403
CE_KINGPAWNSHIELD:0.4892731557581478
CE_PIECECOORDINATION:0.5
CE_MATERIAL:0.5
CE_KINGSAFETY:0.5182585021718913
C_PIECESQUARETABLES:0.5
C_MOBILITY:0.5
C_KINGSAFETY:0.48866814504154515
C_PAWNSTRUCTURE:0.506690053931086
C_PIECECOORDINATION:0.5088468014464035
C_ROOKANDPAWNMOVEMENT:0.5088468014464035
C_CENTERCONTROL:0.5216256578044831
C_DEVELOPPIECES:0.4930563198101012
C_MATERIAL:0.5023548967373742
C_MOVECOUNT:0.509332248218171
