ELO:930
CE_PASSEDPAWNS:0.535749140718434
CE_PAWNWEAKNESSES:0.5315157257684856
CE_PIECEACTIVITY:0.5141636838665519
CE_KINGPAWNSHIELD:0.5454377771599456
CE_PIECECOORDINATION:0.5208105448008529
CE_MATERIAL:0.5844286012459945
CE_KINGSAFETY:0.5148820284503816
C_PIECESQUARETABLES:0.5102748478653318
C_MOBILITY:0.5079843537501538
C_KINGSAFETY:0.4845051758673241
C_PAWNSTRUCTURE:0.4619922453721907
C_PIECECOORDINATION:0.5034130664085829
C_ROOKANDPAWNMOVEMENT:0.5034130664085829
C_CENTERCONTROL:0.3850708780752297
C_DEVELOPPIECES:0.37966026112127294
C_MATERIAL:0.41720299842377767
