ELO:972
CE_PASSEDPAWNS:0.5454154115748915
CE_PAWNWEAKNESSES:0.4165648664678112
CE_PIECEACTIVITY:0.3972838322987276
CE_KINGPAWNSHIELD:0.4713339839552193
CE_PIECECOORDINATION:0.428641453022892
CE_MATERIAL:0.4894719804033069
CE_KINGSAFETY:0.5110188141967276
C_PIECESQUARETABLES:0.4920519790572226
C_MOBILITY:0.3801314635344761
C_KINGSAFETY:0.5163833410135718
C_PAWNSTRUCTURE:0.4857651826598645
C_PIECECOORDINATION:0.38952753046875294
C_ROOKANDPAWNMOVEMENT:0.38952753046875294
C_CENTERCONTROL:0.4727634864782696
C_DEVELOPPIECES:0.46723000875097775
C_MATERIAL:0.5292359826102889
