ELO:1001
CE_PASSEDPAWNS:0.5093238909256602
CE_PAWNWEAKNESSES:0.5046852023709752
CE_PIECEACTIVITY:0.4751403479773209
CE_KINGPAWNSHIELD:0.4845499506864799
CE_PIECECOORDINATION:0.511298527181163
CE_MATERIAL:0.4967528516369443
CE_KINGSAFETY:0.502843417673033
C_PIECESQUARETABLES:0.5067897528413988
C_MOBILITY:0.49460584474930913
C_KINGSAFETY:0.4654028893948472
C_PAWNSTRUCTURE:0.509271582884584
C_PIECECOORDINATION:0.5169396149355192
C_ROOK:0.5140397462881706
CE_ROOK:0.49216121952105707
C_CENTERCONTROL:0.49565272099842045
C_DEVELOPPIECES:0.5103527756017221
C_MATERIAL:0.4920448534913122
C_MOVECOUNT:0.48313077307514846
C_PAWNMOVEMENT:0.5195976800880451
