ELO:1011
CE_PASSEDPAWNS:0.5
CE_PAWNWEAKNESSES:0.4894956487747878
CE_PIECEACTIVITY:0.5
CE_KINGPAWNSHIELD:0.5220799933118081
CE_PIECECOORDINATION:0.5010230791338104
CE_MATERIAL:0.5112254739788761
CE_KINGSAFETY:0.5041414461443525
C_PIECESQUARETABLES:0.4926557213015055
C_MOBILITY:0.5104476449062311
C_KINGSAFETY:0.504597452583538
C_PAWNSTRUCTURE:0.5047143588100885
C_PIECECOORDINATION:0.45983519060401756
C_ROOKANDPAWNMOVEMENT:0.45983519060401756
C_CENTERCONTROL:0.5
C_DEVELOPPIECES:0.5
C_MATERIAL:0.48778295226850704
C_MOVECOUNT:0.500038141192659
