ELO:890
CE_PASSEDPAWNS:0.495128512148431
CE_PAWNWEAKNESSES:0.5268384964598359
CE_PIECEACTIVITY:0.5096342366157399
CE_KINGPAWNSHIELD:0.5726580032053329
CE_PIECECOORDINATION:0.519316560623844
CE_MATERIAL:0.6195913463177329
CE_KINGSAFETY:0.46821549454636313
C_PIECESQUARETABLES:0.5336060185427672
C_MOBILITY:0.46609557255916484
C_KINGSAFETY:0.5390032988065488
C_PAWNSTRUCTURE:0.4609533096901096
C_PIECECOORDINATION:0.45253342337679847
C_ROOKANDPAWNMOVEMENT:0.45253342337679847
C_CENTERCONTROL:0.33403810746224954
C_DEVELOPPIECES:0.3358362185236554
C_MATERIAL:0.46096826286953974
