ELO:1257
CE_PASSEDPAWNS:0.43614387835359075
CE_PAWNWEAKNESSES:0.5490730528478448
CE_PIECEACTIVITY:0.4342753515086702
CE_KINGPAWNSHIELD:0.4385485775007467
CE_PIECECOORDINATION:0.48438192449001055
CE_MATERIAL:0.38609071767747405
CE_KINGSAFETY:0.5
C_PIECESQUARETABLES:0.5
C_MOBILITY:0.4545295946449884
C_KINGSAFETY:0.38760738330964906
C_PAWNSTRUCTURE:0.5850499534865369
C_PIECECOORDINATION:0.6016523810050916
C_ROOKANDPAWNMOVEMENT:0.6016523810050916
C_CENTERCONTROL:0.4886459388428822
C_DEVELOPPIECES:0.4725698550021297
C_MATERIAL:0.5619656346539545
