ELO:1011
CE_PASSEDPAWNS:0.4959088546390476
CE_PAWNWEAKNESSES:0.5175328901576879
CE_PIECEACTIVITY:0.4721711424750041
CE_KINGPAWNSHIELD:0.4654922375338264
CE_PIECECOORDINATION:0.48491933151191763
CE_MATERIAL:0.4538361136019628
CE_KINGSAFETY:0.5162840618833237
C_PIECESQUARETABLES:0.45909300935668557
C_MOBILITY:0.45732141242781604
C_KINGSAFETY:0.46384001249197826
C_PAWNSTRUCTURE:0.5296898632730216
C_PIECECOORDINATION:0.5072165599695687
C_ROOKANDPAWNMOVEMENT:0.5072165599695687
C_CENTERCONTROL:0.4959547090307266
C_DEVELOPPIECES:0.44665174844268546
C_MATERIAL:0.5620728004183186
