ELO:1025
CE_PASSEDPAWNS:0.5
CE_PAWNWEAKNESSES:0.5
CE_PIECEACTIVITY:0.5
CE_KINGPAWNSHIELD:0.4779380244646073
CE_PIECECOORDINATION:0.4950007300197845
CE_MATERIAL:0.4970967322552941
CE_KINGSAFETY:0.5
C_PIECESQUARETABLES:0.5
C_MOBILITY:0.5090763921469745
C_KINGSAFETY:0.49780795929225014
C_PAWNSTRUCTURE:0.4905779444039379
C_PIECECOORDINATION:0.5107036488164808
C_ROOK:0.4961373094690391
CE_ROOK:0.4879694313909562
C_CENTERCONTROL:0.5
C_DEVELOPPIECES:0.4986031622740956
C_MATERIAL:0.5075952282283505
C_MOVECOUNT:0.5047292587509674
C_PAWNMOVEMENT:0.49521221761728357
