ELO:1030
CE_PASSEDPAWNS:0.49611611622759694
CE_PAWNWEAKNESSES:0.5
CE_PIECEACTIVITY:0.5180690068294841
CE_KINGPAWNSHIELD:0.5325070833713661
CE_PIECECOORDINATION:0.5074421045417029
CE_MATERIAL:0.48739360941488546
CE_KINGSAFETY:0.5
C_PIECESQUARETABLES:0.5
C_MOBILITY:0.46926040748353487
C_KINGSAFETY:0.49354428455914456
C_PAWNSTRUCTURE:0.4634524577861632
C_PIECECOORDINATION:0.5183136091662264
C_ROOK:0.49542490709654047
CE_ROOK:0.5032317218143227
C_CENTERCONTROL:0.5101910784123721
C_DEVELOPPIECES:0.5098361739591123
C_MATERIAL:0.5180966590467132
C_MOVECOUNT:0.5018331670220666
C_PAWNMOVEMENT:0.4944878382766273
