ELO:760
CE_PASSEDPAWNS:0.5033397433097648
CE_PAWNWEAKNESSES:0.5129352738075466
CE_PIECEACTIVITY:0.4165196005726089
CE_KINGPAWNSHIELD:0.4389997187441152
CE_PIECECOORDINATION:0.5285666143181337
CE_MATERIAL:0.47706388349197476
CE_KINGSAFETY:0.5592319455793198
C_PIECESQUARETABLES:0.435949853195581
C_MOBILITY:0.5426998245451237
C_KINGSAFETY:0.5359716703384648
C_PAWNSTRUCTURE:0.5227821084453035
C_PIECECOORDINATION:0.5719993747754532
C_ROOKANDPAWNMOVEMENT:0.5719993747754532
C_CENTERCONTROL:0.47832339066976864
C_DEVELOPPIECES:0.5497531132963523
C_MATERIAL:0.6180148011993505
C_MOVECOUNT:0.5
