ELO:1183
CE_PASSEDPAWNS:0.4206150445297281
CE_PAWNWEAKNESSES:0.6118676375864667
CE_PIECEACTIVITY:0.4318476424852504
CE_KINGPAWNSHIELD:0.4581166866071552
CE_PIECECOORDINATION:0.5034178423725996
CE_MATERIAL:0.37049330157018157
CE_KINGSAFETY:0.5
C_PIECESQUARETABLES:0.5
C_MOBILITY:0.4114141346865827
C_KINGSAFETY:0.3960437240447382
C_PAWNSTRUCTURE:0.5140935344353591
C_PIECECOORDINATION:0.5556856238484833
C_ROOKANDPAWNMOVEMENT:0.5556856238484833
C_CENTERCONTROL:0.5482880801453185
C_DEVELOPPIECES:0.5528173797779841
C_MATERIAL:0.5555915312898784
