ELO:827
CE_PASSEDPAWNS:0.4111218476977482
CE_PAWNWEAKNESSES:0.4861912892429245
CE_PIECEACTIVITY:0.42032865812317566
CE_KINGPAWNSHIELD:0.4706166640354231
CE_PIECECOORDINATION:0.5010475147131607
CE_MATERIAL:0.42712571565007623
CE_KINGSAFETY:0.4891339097237342
C_PIECESQUARETABLES:0.5017749080304921
C_MOBILITY:0.3912256542644029
C_KINGSAFETY:0.5406133104933569
C_PAWNSTRUCTURE:0.43411573585826574
C_PIECECOORDINATION:0.5076908225888364
C_ROOKANDPAWNMOVEMENT:0.5076908225888364
C_CENTERCONTROL:0.5966530180288262
C_DEVELOPPIECES:0.5789822692197215
C_MATERIAL:0.5177414991034448
