ELO:1034
CE_PASSEDPAWNS:0.492650591758048
CE_PAWNWEAKNESSES:0.5
CE_PIECEACTIVITY:0.5
CE_KINGPAWNSHIELD:0.5
CE_PIECECOORDINATION:0.5
CE_MATERIAL:0.5
CE_KINGSAFETY:0.5
C_PIECESQUARETABLES:0.5
C_MOBILITY:0.5
C_KINGSAFETY:0.5061887060752237
C_PAWNSTRUCTURE:0.5121933878414514
C_PIECECOORDINATION:0.4952043162428092
C_ROOKANDPAWNMOVEMENT:0.4952043162428092
C_CENTERCONTROL:0.506659634673182
C_DEVELOPPIECES:0.5
C_MATERIAL:0.5
C_MOVECOUNT:0.5
