ELO:957
CE_PASSEDPAWNS:0.5006970172279912
CE_PAWNWEAKNESSES:0.4969403254644073
CE_PIECEACTIVITY:0.5160780651759737
CE_KINGPAWNSHIELD:0.5216852847504309
CE_PIECECOORDINATION:0.5211002903052373
CE_MATERIAL:0.496871197887886
CE_KINGSAFETY:0.4811729618613194
C_PIECESQUARETABLES:0.5082863144609665
C_MOBILITY:0.5150587279593724
C_KINGSAFETY:0.496958995750764
C_PAWNSTRUCTURE:0.5209529107919904
C_PIECECOORDINATION:0.5003722470105557
C_ROOKANDPAWNMOVEMENT:0.5003722470105557
C_CENTERCONTROL:0.5165863400215769
C_DEVELOPPIECES:0.5187502902076063
C_MATERIAL:0.5
C_MOVECOUNT:0.5
