ELO:895
CE_PASSEDPAWNS:0.5749715075069052
CE_PAWNWEAKNESSES:0.44559177175475884
CE_PIECEACTIVITY:0.3671267832700639
CE_KINGPAWNSHIELD:0.4975552159402271
CE_PIECECOORDINATION:0.45755946814450155
CE_MATERIAL:0.4722974456028118
CE_KINGSAFETY:0.5103363904726888
C_PIECESQUARETABLES:0.49010878109610057
C_MOBILITY:0.38487701263839347
C_KINGSAFETY:0.5359616792789321
C_PAWNSTRUCTURE:0.46107007591968685
C_PIECECOORDINATION:0.4059456133896221
C_ROOKANDPAWNMOVEMENT:0.4059456133896221
C_CENTERCONTROL:0.48630323863312075
C_DEVELOPPIECES:0.45497352895578
C_MATERIAL:0.5320350429988677
