ELO:1148
CE_PASSEDPAWNS:0.45320879112887236
CE_PAWNWEAKNESSES:0.5254153294300757
CE_PIECEACTIVITY:0.47707812532962285
CE_KINGPAWNSHIELD:0.42113067495985607
CE_PIECECOORDINATION:0.5707969823983154
CE_MATERIAL:0.3963786524687434
CE_KINGSAFETY:0.5
C_PIECESQUARETABLES:0.5
C_MOBILITY:0.42093784624183095
C_KINGSAFETY:0.4933492463515899
C_PAWNSTRUCTURE:0.44700913795848674
C_PIECECOORDINATION:0.47282754752846295
C_ROOKANDPAWNMOVEMENT:0.47282754752846295
C_CENTERCONTROL:0.4916671771682519
C_DEVELOPPIECES:0.5138839058658903
C_MATERIAL:0.4073474203952967
