ELO:1000
CE_PASSEDPAWNS:0.512599864826023
CE_PAWNWEAKNESSES:0.4976161538190039
CE_PIECEACTIVITY:0.4737404631177181
CE_KINGPAWNSHIELD:0.5500795550531584
CE_PIECECOORDINATION:0.5278284795439017
CE_MATERIAL:0.5283120791274458
CE_KINGSAFETY:0.48371425318107336
C_PIECESQUARETABLES:0.5004314209918127
C_MOBILITY:0.46292486528667176
C_KINGSAFETY:0.4967272230803123
C_PAWNSTRUCTURE:0.5087812454380466
C_PIECECOORDINATION:0.5061011332591241
C_ROOKANDPAWNMOVEMENT:0.5061011332591241
C_CENTERCONTROL:0.4728317075443906
C_DEVELOPPIECES:0.4619277158134477
C_MATERIAL:0.5098255903622968
