ELO:1019
CE_PASSEDPAWNS:0.49287951532188656
CE_PAWNWEAKNESSES:0.5
CE_PIECEACTIVITY:0.5171996192409746
CE_KINGPAWNSHIELD:0.5004594220327684
CE_PIECECOORDINATION:0.5071927586957515
CE_MATERIAL:0.5135565455755512
CE_KINGSAFETY:0.5
C_PIECESQUARETABLES:0.5
C_MOBILITY:0.5197601571085042
C_KINGSAFETY:0.5080026683435823
C_PAWNSTRUCTURE:0.5140388997786214
C_PIECECOORDINATION:0.5116698693111267
C_ROOK:0.5030933205222411
CE_ROOK:0.473966689342418
C_CENTERCONTROL:0.5055156476960524
C_DEVELOPPIECES:0.503790404228409
C_MATERIAL:0.49893203429691124
C_MOVECOUNT:0.47838146683500443
C_PAWNMOVEMENT:0.4590675100239037
