ELO:959
CE_PASSEDPAWNS:0.501571763514144
CE_PAWNWEAKNESSES:0.4956792228423858
CE_PIECEACTIVITY:0.47561801410314125
CE_KINGPAWNSHIELD:0.48685669796029335
CE_PIECECOORDINATION:0.48917142811755454
CE_MATERIAL:0.48894715880159423
CE_KINGSAFETY:0.489031818502907
C_PIECESQUARETABLES:0.4727593959216437
C_MOBILITY:0.4880477738512351
C_KINGSAFETY:0.528265802689742
C_PAWNSTRUCTURE:0.5060468710580158
C_PIECECOORDINATION:0.5194185591741912
C_ROOKANDPAWNMOVEMENT:0.5194185591741912
C_CENTERCONTROL:0.4710404462956682
C_DEVELOPPIECES:0.44099050867908896
C_MATERIAL:0.5076856878120525
C_MOVECOUNT:0.5
