ELO:1089
CE_PASSEDPAWNS:0.4554646723926244
CE_PAWNWEAKNESSES:0.5017511431794623
CE_PIECEACTIVITY:0.4342753515086702
CE_KINGPAWNSHIELD:0.47007856838159223
CE_PIECECOORDINATION:0.5228665876218258
CE_MATERIAL:0.47142943546382343
CE_KINGSAFETY:0.5066749421449815
C_PIECESQUARETABLES:0.5
C_MOBILITY:0.5668796863964455
C_KINGSAFETY:0.37980997626220936
C_PAWNSTRUCTURE:0.46730990204242734
C_PIECECOORDINATION:0.4818334279489415
C_ROOKANDPAWNMOVEMENT:0.4818334279489415
C_CENTERCONTROL:0.4910158207041803
C_DEVELOPPIECES:0.5528173797779841
C_MATERIAL:0.6285834285287608
