ELO:1011
CE_PASSEDPAWNS:0.5
CE_PAWNWEAKNESSES:0.5045984008827437
CE_PIECEACTIVITY:0.4984941820121899
CE_KINGPAWNSHIELD:0.48779430626409226
CE_PIECECOORDINATION:0.5
CE_MATERIAL:0.49775705358293126
CE_KINGSAFETY:0.5112221127307292
C_PIECESQUARETABLES:0.5028581755408509
C_MOBILITY:0.5102374228465967
C_KINGSAFETY:0.49168656900790003
C_PAWNSTRUCTURE:0.48692338710367333
C_PIECECOORDINATION:0.5076265749293124
C_ROOK:0.504176296327041
CE_ROOK:0.5029411402196434
C_CENTERCONTROL:0.5082995929423026
C_DEVELOPPIECES:0.5120431625070566
C_MATERIAL:0.49423042498646436
C_MOVECOUNT:0.4903119435465233
C_PAWNMOVEMENT:0.49951215027443935
