ELO:895
CE_PASSEDPAWNS:0.5302143839444876
CE_PAWNWEAKNESSES:0.5470186637285872
CE_PIECEACTIVITY:0.5010078161195172
CE_KINGPAWNSHIELD:0.533463699006202
CE_PIECECOORDINATION:0.5172879909695439
CE_MATERIAL:0.6280347302038103
CE_KINGSAFETY:0.47532042916586686
C_PIECESQUARETABLES:0.5049581141154498
C_MOBILITY:0.5191387369323479
C_KINGSAFETY:0.4815090308463787
C_PAWNSTRUCTURE:0.46295269960390306
C_PIECECOORDINATION:0.47792786130161463
C_ROOKANDPAWNMOVEMENT:0.47792786130161463
C_CENTERCONTROL:0.3208069139604096
C_DEVELOPPIECES:0.35394749597737457
C_MATERIAL:0.44263607791893717
