ELO:911
CE_PASSEDPAWNS:0.5149642168749422
CE_PAWNWEAKNESSES:0.5217138271996659
CE_PIECEACTIVITY:0.5185912433807426
CE_KINGPAWNSHIELD:0.5304682583420529
CE_PIECECOORDINATION:0.5164294177043364
CE_MATERIAL:0.58367042868615
CE_KINGSAFETY:0.4868091712070113
C_PIECESQUARETABLES:0.49419549694917525
C_MOBILITY:0.5124731524233096
C_KINGSAFETY:0.4871622209607186
C_PAWNSTRUCTURE:0.45852763374983685
C_PIECECOORDINATION:0.48029486879025346
C_ROOKANDPAWNMOVEMENT:0.48029486879025346
C_CENTERCONTROL:0.33295950211120706
C_DEVELOPPIECES:0.3710551521959802
C_MATERIAL:0.41695793560774064
