ELO:925
CE_PASSEDPAWNS:0.48552246444819214
CE_PAWNWEAKNESSES:0.49168761006275313
CE_PIECEACTIVITY:0.49138041089133133
CE_KINGPAWNSHIELD:0.4620991071167379
CE_PIECECOORDINATION:0.445254559021269
CE_MATERIAL:0.5839037879122791
CE_KINGSAFETY:0.5231562243688022
C_PIECESQUARETABLES:0.5196864514461869
C_MOBILITY:0.438234424739389
C_KINGSAFETY:0.5004366591347141
C_PAWNSTRUCTURE:0.5140521915494835
C_PIECECOORDINATION:0.4819294425749061
C_ROOKANDPAWNMOVEMENT:0.4819294425749061
C_CENTERCONTROL:0.5269208031623762
C_DEVELOPPIECES:0.4849682504118212
C_MATERIAL:0.5367890688159123
C_MOVECOUNT:0.5
