ELO:1213
CE_PASSEDPAWNS:0.5799699223621468
CE_PAWNWEAKNESSES:0.5918317009246495
CE_PIECEACTIVITY:0.5327710523877901
CE_KINGPAWNSHIELD:0.4865580759825473
CE_PIECECOORDINATION:0.4557333805500986
CE_MATERIAL:0.48687435448462446
CE_KINGSAFETY:0.4979940340181113
C_PIECESQUARETABLES:0.4909702369089725
C_MOBILITY:0.4153709986556749
C_KINGSAFETY:0.3995663984708149
C_PAWNSTRUCTURE:0.5965506141169289
C_PIECECOORDINATION:0.5142730008758546
C_ROOKANDPAWNMOVEMENT:0.5142730008758546
C_CENTERCONTROL:0.5310609292704748
C_DEVELOPPIECES:0.4349757552001375
C_MATERIAL:0.5852273520815372
