ELO:973
CE_PASSEDPAWNS:0.5042013841129096
CE_PAWNWEAKNESSES:0.49772964309832207
CE_PIECEACTIVITY:0.4995843795560028
CE_KINGPAWNSHIELD:0.5230784432057933
CE_PIECECOORDINATION:0.48328534853140315
CE_MATERIAL:0.47379269226115256
CE_KINGSAFETY:0.5177687359096531
C_PIECESQUARETABLES:0.5041813978402695
C_MOBILITY:0.5031705791109905
C_KINGSAFETY:0.497759794885975
C_PAWNSTRUCTURE:0.5129287606136734
C_PIECECOORDINATION:0.5145761653025207
C_ROOKANDPAWNMOVEMENT:0.5145761653025207
C_CENTERCONTROL:0.505046327622546
C_DEVELOPPIECES:0.5048932728668712
C_MATERIAL:0.502414670126619
C_MOVECOUNT:0.5394185778761772
