ELO:744
CE_PASSEDPAWNS:0.48557380803550215
CE_PAWNWEAKNESSES:0.4771891320639546
CE_PIECEACTIVITY:0.3895114563147005
CE_KINGPAWNSHIELD:0.43661615937822607
CE_PIECECOORDINATION:0.5299160495355936
CE_MATERIAL:0.44594172918402925
CE_KINGSAFETY:0.5809862456905989
C_PIECESQUARETABLES:0.43318883816791687
C_MOBILITY:0.5516388342939224
C_KINGSAFETY:0.5445349079471338
C_PAWNSTRUCTURE:0.5219589097191787
C_PIECECOORDINATION:0.5567325728304121
C_ROOKANDPAWNMOVEMENT:0.5567325728304121
C_CENTERCONTROL:0.47999887597875585
C_DEVELOPPIECES:0.5240259328299653
C_MATERIAL:0.6341689618255738
C_MOVECOUNT:0.5
