ELO:817
CE_PASSEDPAWNS:0.48713243060822414
CE_PAWNWEAKNESSES:0.48878040264654365
CE_PIECEACTIVITY:0.41173025595526924
CE_KINGPAWNSHIELD:0.5079155664049249
CE_PIECECOORDINATION:0.5611310716768279
CE_MATERIAL:0.44930425175418365
CE_KINGSAFETY:0.5322390073389187
C_PIECESQUARETABLES:0.4804581671218515
C_MOBILITY:0.5365927425582884
C_KINGSAFETY:0.5549764342718453
C_PAWNSTRUCTURE:0.5373391472399669
C_PIECECOORDINATION:0.5413706648653774
C_ROOKANDPAWNMOVEMENT:0.5413706648653774
C_CENTERCONTROL:0.4777589021250655
C_DEVELOPPIECES:0.5612419830212558
C_MATERIAL:0.6209058931074555
C_MOVECOUNT:0.5
