ELO:838
CE_PASSEDPAWNS:0.43057438495849665
CE_PAWNWEAKNESSES:0.4363023847187077
CE_PIECEACTIVITY:0.5477867090384188
CE_KINGPAWNSHIELD:0.4340438114754652
CE_PIECECOORDINATION:0.36988437315810146
CE_MATERIAL:0.4983075026135906
CE_KINGSAFETY:0.4785223755677596
C_PIECESQUARETABLES:0.4838938302231317
C_MOBILITY:0.4870587865235285
C_KINGSAFETY:0.5235742747809634
C_PAWNSTRUCTURE:0.5093134734611626
C_PIECECOORDINATION:0.5
C_ROOKANDPAWNMOVEMENT:0.5
C_CENTERCONTROL:0.4832107348764437
C_DEVELOPPIECES:0.49982562540799813
C_MATERIAL:0.5122686499756502
C_MOVECOUNT:0.5
