ELO:959
CE_PASSEDPAWNS:0.5478150623415609
CE_PAWNWEAKNESSES:0.5280659166692908
CE_PIECEACTIVITY:0.4992617366249852
CE_KINGPAWNSHIELD:0.5444133215824516
CE_PIECECOORDINATION:0.5878405631653354
CE_MATERIAL:0.5578427003201839
CE_KINGSAFETY:0.49777553275119435
C_PIECESQUARETABLES:0.464907723147912
C_MOBILITY:0.5079945340941686
C_KINGSAFETY:0.5161333830297522
C_PAWNSTRUCTURE:0.5166457968321295
C_PIECECOORDINATION:0.5193354525424199
C_ROOKANDPAWNMOVEMENT:0.5193354525424199
C_CENTERCONTROL:0.41724655028326724
C_DEVELOPPIECES:0.4124808545570481
C_MATERIAL:0.4879216514921125
