ELO:961
CE_PASSEDPAWNS:0.48239015090751686
CE_PAWNWEAKNESSES:0.4956792228423858
CE_PIECEACTIVITY:0.4646603352125328
CE_KINGPAWNSHIELD:0.48685669796029335
CE_PIECECOORDINATION:0.48917142811755454
CE_MATERIAL:0.48894715880159423
CE_KINGSAFETY:0.4774599310228463
C_PIECESQUARETABLES:0.4727593959216437
C_MOBILITY:0.502276389596908
C_KINGSAFETY:0.5213780602867452
C_PAWNSTRUCTURE:0.5489719219458713
C_PIECECOORDINATION:0.4727453046765977
C_ROOKANDPAWNMOVEMENT:0.4727453046765977
C_CENTERCONTROL:0.4710404462956682
C_DEVELOPPIECES:0.5218673596889136
C_MATERIAL:0.498163111299688
C_MOVECOUNT:0.5
