ELO:1257
CE_PASSEDPAWNS:0.405484255145064
CE_PAWNWEAKNESSES:0.6126588636670341
CE_PIECEACTIVITY:0.45731317843015934
CE_KINGPAWNSHIELD:0.3889078965874325
CE_PIECECOORDINATION:0.5084715853159553
CE_MATERIAL:0.47142943546382343
CE_KINGSAFETY:0.5
C_PIECESQUARETABLES:0.5
C_MOBILITY:0.4545295946449884
C_KINGSAFETY:0.40980908583440107
C_PAWNSTRUCTURE:0.5511810051279755
C_PIECECOORDINATION:0.6016523810050916
C_ROOKANDPAWNMOVEMENT:0.6016523810050916
C_CENTERCONTROL:0.49941516474630016
C_DEVELOPPIECES:0.4332909592322626
C_MATERIAL:0.6152375411669072
