ELO:1253
CE_PASSEDPAWNS:0.4015345199837102
CE_PAWNWEAKNESSES:0.5490730528478448
CE_PIECEACTIVITY:0.4249411783250235
CE_KINGPAWNSHIELD:0.4181592127423635
CE_PIECECOORDINATION:0.5096467097470723
CE_MATERIAL:0.4879868932312145
CE_KINGSAFETY:0.5
C_PIECESQUARETABLES:0.5
C_MOBILITY:0.37157049262550695
C_KINGSAFETY:0.3960437240447382
C_PAWNSTRUCTURE:0.5233585227687203
C_PIECECOORDINATION:0.5824912919337145
C_ROOKANDPAWNMOVEMENT:0.5824912919337145
C_CENTERCONTROL:0.5141888635703844
C_DEVELOPPIECES:0.40461262886758054
C_MATERIAL:0.6285834285287608
