ELO:1026
CE_PASSEDPAWNS:0.5
CE_PAWNWEAKNESSES:0.4830405011720233
CE_PIECEACTIVITY:0.5034683874290813
CE_KINGPAWNSHIELD:0.5
CE_PIECECOORDINATION:0.5054150739868447
CE_MATERIAL:0.4920407876591001
CE_KINGSAFETY:0.5
C_PIECESQUARETABLES:0.5
C_MOBILITY:0.5
C_KINGSAFETY:0.49780795929225014
C_PAWNSTRUCTURE:0.5173756872893983
C_PIECECOORDINATION:0.5176440927420277
C_ROOK:0.503932416167287
CE_ROOK:0.5030727620260684
C_CENTERCONTROL:0.4810849226389004
C_DEVELOPPIECES:0.49173558182974186
C_MATERIAL:0.5121962639220392
C_MOVECOUNT:0.4760219308894175
C_PAWNMOVEMENT:0.4944878382766273
