ELO:972
CE_PASSEDPAWNS:0.5355139889907596
CE_PAWNWEAKNESSES:0.41817687456936764
CE_PIECEACTIVITY:0.40743627130114174
CE_KINGPAWNSHIELD:0.48616409407236527
CE_PIECECOORDINATION:0.44647578790424436
CE_MATERIAL:0.4815932966570152
CE_KINGSAFETY:0.5
C_PIECESQUARETABLES:0.49211541650029456
C_MOBILITY:0.3677345955413592
C_KINGSAFETY:0.5054585496828415
C_PAWNSTRUCTURE:0.4962305211690942
C_PIECECOORDINATION:0.4173819729782696
C_ROOKANDPAWNMOVEMENT:0.4173819729782696
C_CENTERCONTROL:0.46475898218938727
C_DEVELOPPIECES:0.4589511704424713
C_MATERIAL:0.5401023990887232
