ELO:957
CE_PASSEDPAWNS:0.5043358442880231
CE_PAWNWEAKNESSES:0.5217324672589553
CE_PIECEACTIVITY:0.49309208114306863
CE_KINGPAWNSHIELD:0.47625777060017865
CE_PIECECOORDINATION:0.5023962164554623
CE_MATERIAL:0.49617983548927724
CE_KINGSAFETY:0.46545275353116633
C_PIECESQUARETABLES:0.513625502643713
C_MOBILITY:0.505359540981288
C_KINGSAFETY:0.5080410894467321
C_PAWNSTRUCTURE:0.462874156469607
C_PIECECOORDINATION:0.45863623451464847
C_ROOKANDPAWNMOVEMENT:0.45863623451464847
C_CENTERCONTROL:0.46304858392592024
C_DEVELOPPIECES:0.4741256569828354
C_MATERIAL:0.49678838488637284
