ELO:811
CE_PASSEDPAWNS:0.4976957592240413
CE_PAWNWEAKNESSES:0.5805809151887248
CE_PIECEACTIVITY:0.4643558962758163
CE_KINGPAWNSHIELD:0.4008383137086162
CE_PIECECOORDINATION:0.5397482509119187
CE_MATERIAL:0.48386515691834386
CE_KINGSAFETY:0.5113098670480877
C_PIECESQUARETABLES:0.5
C_MOBILITY:0.4764194676478663
C_KINGSAFETY:0.5407583222579824
C_PAWNSTRUCTURE:0.5891901451403877
C_PIECECOORDINATION:0.4146327350944811
C_ROOKANDPAWNMOVEMENT:0.4146327350944811
C_CENTERCONTROL:0.5235446774778598
C_DEVELOPPIECES:0.5087337523350309
C_MATERIAL:0.48953118978019444
C_MOVECOUNT:0.5241969906142038
