ELO:951
CE_PASSEDPAWNS:0.5319496056500927
CE_PAWNWEAKNESSES:0.4277153848569221
CE_PIECEACTIVITY:0.37786029708567775
CE_KINGPAWNSHIELD:0.4788298550653757
CE_PIECECOORDINATION:0.44286064741516185
CE_MATERIAL:0.483453863048508
CE_KINGSAFETY:0.5323267587531232
C_PIECESQUARETABLES:0.4946700294881883
C_MOBILITY:0.3736677675080012
C_KINGSAFETY:0.5424509503303602
C_PAWNSTRUCTURE:0.48025978783456924
C_PIECECOORDINATION:0.3852820416581907
C_ROOKANDPAWNMOVEMENT:0.3852820416581907
C_CENTERCONTROL:0.4613523201136314
C_DEVELOPPIECES:0.46107919944873227
C_MATERIAL:0.5253632966890708
