ELO:959
CE_PASSEDPAWNS:0.5259054648853674
CE_PAWNWEAKNESSES:0.5296359181774656
CE_PIECEACTIVITY:0.5048772889035512
CE_KINGPAWNSHIELD:0.5499721817162644
CE_PIECECOORDINATION:0.5750216706385843
CE_MATERIAL:0.5370772702229516
CE_KINGSAFETY:0.48807028801365415
C_PIECESQUARETABLES:0.5052108878553281
C_MOBILITY:0.5136730826316812
C_KINGSAFETY:0.5084689964773488
C_PAWNSTRUCTURE:0.48931383794346656
C_PIECECOORDINATION:0.5103272324344894
C_ROOKANDPAWNMOVEMENT:0.5103272324344894
C_CENTERCONTROL:0.414910820602787
C_DEVELOPPIECES:0.41086405820636285
C_MATERIAL:0.45787760313679526
