ELO:1072
CE_PASSEDPAWNS:0.398140655493675
CE_PAWNWEAKNESSES:0.45753908675987287
CE_PIECEACTIVITY:0.4255948402422537
CE_KINGPAWNSHIELD:0.4018912664076091
CE_PIECECOORDINATION:0.5065239077532891
CE_MATERIAL:0.47142943546382343
CE_KINGSAFETY:0.5
C_PIECESQUARETABLES:0.504649134088341
C_MOBILITY:0.36925351823095254
C_KINGSAFETY:0.39963621770432795
C_PAWNSTRUCTURE:0.517992412819532
C_PIECECOORDINATION:0.5710539978775424
C_ROOKANDPAWNMOVEMENT:0.5710539978775424
C_CENTERCONTROL:0.5482880801453185
C_DEVELOPPIECES:0.5175046182303573
C_MATERIAL:0.5483384372176751
