ELO:1018
CE_PASSEDPAWNS:0.502972138046628
CE_PAWNWEAKNESSES:0.5
CE_PIECEACTIVITY:0.5
CE_KINGPAWNSHIELD:0.5
CE_PIECECOORDINATION:0.5
CE_MATERIAL:0.5080214717279055
CE_KINGSAFETY:0.5
C_PIECESQUARETABLES:0.5
C_MOBILITY:0.509206582305745
C_KINGSAFETY:0.4971119204046467
C_PAWNSTRUCTURE:0.49389296179652514
C_PIECECOORDINATION:0.5
C_ROOKANDPAWNMOVEMENT:0.5
C_CENTERCONTROL:0.493826787001209
C_DEVELOPPIECES:0.4940220485049552
C_MATERIAL:0.5
C_MOVECOUNT:0.4980687209213107
