ELO:969
CE_PASSEDPAWNS:0.5493245983210526
CE_PAWNWEAKNESSES:0.45753908675987287
CE_PIECEACTIVITY:0.4213638082722981
CE_KINGPAWNSHIELD:0.5474446235193566
CE_PIECECOORDINATION:0.43430725317252494
CE_MATERIAL:0.6051076500701217
CE_KINGSAFETY:0.5
C_PIECESQUARETABLES:0.5
C_MOBILITY:0.44694877980489356
C_KINGSAFETY:0.41310081620943395
C_PAWNSTRUCTURE:0.3758079165372311
C_PIECECOORDINATION:0.48412488203356646
C_ROOKANDPAWNMOVEMENT:0.48412488203356646
C_CENTERCONTROL:0.47107971705445306
C_DEVELOPPIECES:0.4527294286727505
C_MATERIAL:0.6298293734651538
