ELO:937
CE_PASSEDPAWNS:0.4720910243967298
CE_PAWNWEAKNESSES:0.5035450050230031
CE_PIECEACTIVITY:0.572469157438533
CE_KINGPAWNSHIELD:0.5044715708832901
CE_PIECECOORDINATION:0.5327187311625248
CE_MATERIAL:0.5526429426407844
CE_KINGSAFETY:0.5
C_PIECESQUARETABLES:0.5
C_MOBILITY:0.44694877980489356
C_KINGSAFETY:0.4884829053383742
C_PAWNSTRUCTURE:0.4089704330370557
C_PIECECOORDINATION:0.557454661763305
C_ROOKANDPAWNMOVEMENT:0.557454661763305
C_CENTERCONTROL:0.3681940492784078
C_DEVELOPPIECES:0.376716386293959
C_MATERIAL:0.6850859057696043
