ELO:1112
CE_PASSEDPAWNS:0.4980445582674632
CE_PAWNWEAKNESSES:0.48501549785183723
CE_PIECEACTIVITY:0.5
CE_KINGPAWNSHIELD:0.47963454672974554
CE_PIECECOORDINATION:0.5112500518119519
CE_MATERIAL:0.4699618592494867
CE_KINGSAFETY:0.5
C_PIECESQUARETABLES:0.5
C_MOBILITY:0.5
C_KINGSAFETY:0.54442275391403
C_PAWNSTRUCTURE:0.5
C_PIECECOORDINATION:0.5
C_ROOKANDPAWNMOVEMENT:0.5
C_CENTERCONTROL:0.48844363900176696
C_DEVELOPPIECES:0.5
C_MATERIAL:0.4869974467888816
C_MOVECOUNT:0.5
