ELO:1003
CE_PASSEDPAWNS:0.4949966138945517
CE_PAWNWEAKNESSES:0.5534477433413163
CE_PIECEACTIVITY:0.48184201556346357
CE_KINGPAWNSHIELD:0.49706193976065843
CE_PIECECOORDINATION:0.5130590066120266
CE_MATERIAL:0.5243293305932881
CE_KINGSAFETY:0.5
C_PIECESQUARETABLES:0.49400439550850944
C_MOBILITY:0.507569516094217
C_KINGSAFETY:0.49016233489915473
C_PAWNSTRUCTURE:0.5080916085028273
C_PIECECOORDINATION:0.5148323864648544
C_ROOK:0.4955225921970349
CE_ROOK:0.4929018753761603
C_CENTERCONTROL:0.5008749644328411
C_DEVELOPPIECES:0.5139610820183405
C_MATERIAL:0.4796912385728734
C_MOVECOUNT:0.5097475948095455
C_PAWNMOVEMENT:0.5031055484877757
