ELO:1179
CE_PASSEDPAWNS:0.39792981371987557
CE_PAWNWEAKNESSES:0.5195845780122825
CE_PIECEACTIVITY:0.46058068809744396
CE_KINGPAWNSHIELD:0.5086472238067148
CE_PIECECOORDINATION:0.47428544805430206
CE_MATERIAL:0.396596065925367
CE_KINGSAFETY:0.5
C_PIECESQUARETABLES:0.5
C_MOBILITY:0.5649940699021165
C_KINGSAFETY:0.4059744259724239
C_PAWNSTRUCTURE:0.5461055495356145
C_PIECECOORDINATION:0.5718488361848372
C_ROOKANDPAWNMOVEMENT:0.5718488361848372
C_CENTERCONTROL:0.5074219612996926
C_DEVELOPPIECES:0.4593697475404217
C_MATERIAL:0.622840321325036
