ELO:1002
CE_PASSEDPAWNS:0.5114973824019342
CE_PAWNWEAKNESSES:0.5
CE_PIECEACTIVITY:0.5053790726628449
CE_KINGPAWNSHIELD:0.49732921823556653
CE_PIECECOORDINATION:0.507901291661078
CE_MATERIAL:0.505528267688606
CE_KINGSAFETY:0.5
C_PIECESQUARETABLES:0.5
C_MOBILITY:0.5
C_KINGSAFETY:0.4890983709352296
C_PAWNSTRUCTURE:0.5
C_PIECECOORDINATION:0.5
C_ROOKANDPAWNMOVEMENT:0.5
C_CENTERCONTROL:0.5157517060753272
C_DEVELOPPIECES:0.5
C_MATERIAL:0.48413610632280385
C_MOVECOUNT:0.5
