ELO:1172
CE_PASSEDPAWNS:0.4044021109818718
CE_PAWNWEAKNESSES:0.540257495688603
CE_PIECEACTIVITY:0.5420593615453828
CE_KINGPAWNSHIELD:0.5007099035767185
CE_PIECECOORDINATION:0.47428544805430206
CE_MATERIAL:0.498316981915067
CE_KINGSAFETY:0.5
C_PIECESQUARETABLES:0.5
C_MOBILITY:0.5836313903895851
C_KINGSAFETY:0.38961952488319945
C_PAWNSTRUCTURE:0.5565549327089838
C_PIECECOORDINATION:0.5780803163293589
C_ROOKANDPAWNMOVEMENT:0.5780803163293589
C_CENTERCONTROL:0.4598751032221581
C_DEVELOPPIECES:0.5659557585650148
C_MATERIAL:0.6201906658387899
