ELO:933
CE_PASSEDPAWNS:0.497531827110082
CE_PAWNWEAKNESSES:0.6337415762879703
CE_PIECEACTIVITY:0.5024122875339803
CE_KINGPAWNSHIELD:0.519002024793677
CE_PIECECOORDINATION:0.4883381863896968
CE_MATERIAL:0.4754397733398762
CE_KINGSAFETY:0.468509702355772
C_PIECESQUARETABLES:0.5
C_MOBILITY:0.43143216850071237
C_KINGSAFETY:0.545865457903288
C_PAWNSTRUCTURE:0.5013281567211313
C_PIECECOORDINATION:0.5072787510027456
C_ROOKANDPAWNMOVEMENT:0.5072787510027456
C_CENTERCONTROL:0.4442191553024757
C_DEVELOPPIECES:0.4372238399985067
C_MATERIAL:0.4708434099915567
C_MOVECOUNT:0.5
