ELO:866
CE_PASSEDPAWNS:0.4551645471164451
CE_PAWNWEAKNESSES:0.48105314836992447
CE_PIECEACTIVITY:0.37542237032297837
CE_KINGPAWNSHIELD:0.5044698743323073
CE_PIECECOORDINATION:0.5149753401620176
CE_MATERIAL:0.5334841489090172
CE_KINGSAFETY:0.5
C_PIECESQUARETABLES:0.5
C_MOBILITY:0.4807074975718296
C_KINGSAFETY:0.5230831173300444
C_PAWNSTRUCTURE:0.5752555165989044
C_PIECECOORDINATION:0.5887275029478953
C_ROOKANDPAWNMOVEMENT:0.5887275029478953
C_CENTERCONTROL:0.561195144909895
C_DEVELOPPIECES:0.4996641255213233
C_MATERIAL:0.46456084491106076
C_MOVECOUNT:0.5
