ELO:990
CE_PASSEDPAWNS:0.486437579695583
CE_PAWNWEAKNESSES:0.40528030205463933
CE_PIECEACTIVITY:0.5785351381383929
CE_KINGPAWNSHIELD:0.613908416721253
CE_PIECECOORDINATION:0.5228665876218258
CE_MATERIAL:0.45487970309941156
CE_KINGSAFETY:0.5
C_PIECESQUARETABLES:0.4757530832346535
C_MOBILITY:0.340169936253433
C_KINGSAFETY:0.42956262716998794
C_PAWNSTRUCTURE:0.43337021491798206
C_PIECECOORDINATION:0.5001594850432335
C_ROOKANDPAWNMOVEMENT:0.5001594850432335
C_CENTERCONTROL:0.4502589703286065
C_DEVELOPPIECES:0.42191628610639176
C_MATERIAL:0.5866536899795093
