ELO:993
CE_PASSEDPAWNS:0.49942402256920676
CE_PAWNWEAKNESSES:0.4920495426050287
CE_PIECEACTIVITY:0.4848403493928233
CE_KINGPAWNSHIELD:0.5109171899299337
CE_PIECECOORDINATION:0.4917124648275816
CE_MATERIAL:0.4994583649465541
CE_KINGSAFETY:0.4542596980703375
C_PIECESQUARETABLES:0.5
C_MOBILITY:0.5001739577916972
C_KINGSAFETY:0.5100689031336203
C_PAWNSTRUCTURE:0.5
C_PIECECOORDINATION:0.519823693852239
C_ROOKANDPAWNMOVEMENT:0.519823693852239
C_CENTERCONTROL:0.45409143891838055
C_DEVELOPPIECES:0.5271938692797502
C_MATERIAL:0.486686468374153
C_MOVECOUNT:0.5
