ELO:1000
CE_PASSEDPAWNS:0.48907642976187915
CE_PAWNWEAKNESSES:0.48819924569670314
CE_PIECEACTIVITY:0.5
CE_KINGPAWNSHIELD:0.5090154472998135
CE_PIECECOORDINATION:0.49943410054781373
CE_MATERIAL:0.510909323167895
CE_KINGSAFETY:0.5
C_PIECESQUARETABLES:0.5
C_MOBILITY:0.5
C_KINGSAFETY:0.488905835355987
C_PAWNSTRUCTURE:0.5060653580007259
C_PIECECOORDINATION:0.5
C_ROOK:0.5
CE_ROOK:0.50234714780177
C_CENTERCONTROL:0.5
C_DEVELOPPIECES:0.5
C_MATERIAL:0.5046612534177282
C_MOVECOUNT:0.5
C_PAWNMOVEMENT:0.5
