ELO:1047
CE_PASSEDPAWNS:0.5890128981697839
CE_PAWNWEAKNESSES:0.505706928901406
CE_PIECEACTIVITY:0.514831512523587
CE_KINGPAWNSHIELD:0.4732305834243692
CE_PIECECOORDINATION:0.5028261337430481
CE_MATERIAL:0.5016325646985804
CE_KINGSAFETY:0.498494611509749
C_PIECESQUARETABLES:0.5469546155169981
C_MOBILITY:0.5727070361313277
C_KINGSAFETY:0.5190868273825205
C_PAWNSTRUCTURE:0.5146787450607585
C_PIECECOORDINATION:0.48616940388775215
C_ROOKANDPAWNMOVEMENT:0.48616940388775215
C_CENTERCONTROL:0.530896051142319
C_DEVELOPPIECES:0.4993614179685707
C_MATERIAL:0.4310950385231046
