ELO:861
CE_PASSEDPAWNS:0.4894382163968066
CE_PAWNWEAKNESSES:0.48105314836992447
CE_PIECEACTIVITY:0.36625158564895993
CE_KINGPAWNSHIELD:0.5051881386494772
CE_PIECECOORDINATION:0.5512081195537424
CE_MATERIAL:0.5203108676008479
CE_KINGSAFETY:0.48110579120376457
C_PIECESQUARETABLES:0.5
C_MOBILITY:0.5171607446052859
C_KINGSAFETY:0.5219896704433621
C_PAWNSTRUCTURE:0.4953830502874278
C_PIECECOORDINATION:0.5032244432643942
C_ROOKANDPAWNMOVEMENT:0.5032244432643942
C_CENTERCONTROL:0.45604979588250216
C_DEVELOPPIECES:0.520384262040077
C_MATERIAL:0.5066913280224759
C_MOVECOUNT:0.5
