ELO:987
CE_PASSEDPAWNS:0.48281002538555895
CE_PAWNWEAKNESSES:0.4884337397733116
CE_PIECEACTIVITY:0.4916863816242177
CE_KINGPAWNSHIELD:0.5090154472998135
CE_PIECECOORDINATION:0.49943410054781373
CE_MATERIAL:0.510909323167895
CE_KINGSAFETY:0.5094869644779851
C_PIECESQUARETABLES:0.5032324015065036
C_MOBILITY:0.49866660797203066
C_KINGSAFETY:0.4854679749959979
C_PAWNSTRUCTURE:0.501923788387329
C_PIECECOORDINATION:0.5032729795588521
C_ROOK:0.5146028649838172
CE_ROOK:0.50234714780177
C_CENTERCONTROL:0.4812581683862892
C_DEVELOPPIECES:0.48916485467837945
C_MATERIAL:0.49732016824376024
C_MOVECOUNT:0.49027986015483754
C_PAWNMOVEMENT:0.49843863395782395
