ELO:1106
CE_PASSEDPAWNS:0.49869441834099676
CE_PAWNWEAKNESSES:0.5443847763927937
CE_PIECEACTIVITY:0.4977199670808198
CE_KINGPAWNSHIELD:0.4774259118591802
CE_PIECECOORDINATION:0.5527307440599564
CE_MATERIAL:0.4517613566555027
CE_KINGSAFETY:0.5
C_PIECESQUARETABLES:0.5
C_MOBILITY:0.6508980612385604
C_KINGSAFETY:0.6075490778232138
C_PAWNSTRUCTURE:0.4884719352793222
C_PIECECOORDINATION:0.4538900953872619
C_ROOKANDPAWNMOVEMENT:0.4538900953872619
C_CENTERCONTROL:0.5215446772514993
C_DEVELOPPIECES:0.4161931111231357
C_MATERIAL:0.42075000981777144
