ELO:1002
CE_PASSEDPAWNS:0.5040926501111562
CE_PAWNWEAKNESSES:0.5
CE_PIECEACTIVITY:0.5
CE_KINGPAWNSHIELD:0.5074414602066935
CE_PIECECOORDINATION:0.5
CE_MATERIAL:0.49125645368476756
CE_KINGSAFETY:0.5
C_PIECESQUARETABLES:0.5
C_MOBILITY:0.5100976640321816
C_KINGSAFETY:0.5
C_PAWNSTRUCTURE:0.5
C_PIECECOORDINATION:0.5
C_ROOKANDPAWNMOVEMENT:0.5
C_CENTERCONTROL:0.5080456213587433
C_DEVELOPPIECES:0.5202397988652032
C_MATERIAL:0.503308266132725
C_MOVECOUNT:0.5
