ELO:1070
CE_PASSEDPAWNS:0.5809909063820029
CE_PAWNWEAKNESSES:0.590261458922248
CE_PIECEACTIVITY:0.5129139171742804
CE_KINGPAWNSHIELD:0.531446922349917
CE_PIECECOORDINATION:0.42015052510937145
CE_MATERIAL:0.5061029840654949
CE_KINGSAFETY:0.5
C_PIECESQUARETABLES:0.5
C_MOBILITY:0.5855369917671921
C_KINGSAFETY:0.41496517016321266
C_PAWNSTRUCTURE:0.6141365889097428
C_PIECECOORDINATION:0.5718488361848372
C_ROOKANDPAWNMOVEMENT:0.5718488361848372
C_CENTERCONTROL:0.4943250257524477
C_DEVELOPPIECES:0.5659557585650148
C_MATERIAL:0.6310644924673378
