ELO:984
CE_PASSEDPAWNS:0.4883830799188732
CE_PAWNWEAKNESSES:0.5087395693361757
CE_PIECEACTIVITY:0.5137912043688604
CE_KINGPAWNSHIELD:0.510733418180394
CE_PIECECOORDINATION:0.4917124648275816
CE_MATERIAL:0.4892508093028159
CE_KINGSAFETY:0.501103305233142
C_PIECESQUARETABLES:0.4938096166001085
C_MOBILITY:0.5075195318454376
C_KINGSAFETY:0.5100689031336203
C_PAWNSTRUCTURE:0.5078915571066317
C_PIECECOORDINATION:0.519823693852239
C_ROOKANDPAWNMOVEMENT:0.519823693852239
C_CENTERCONTROL:0.5113385023492285
C_DEVELOPPIECES:0.5271938692797502
C_MATERIAL:0.4964860112105978
C_MOVECOUNT:0.5
