ELO:1027
CE_PASSEDPAWNS:0.4804240922566308
CE_PAWNWEAKNESSES:0.5089050830315284
CE_PIECEACTIVITY:0.5034683874290813
CE_KINGPAWNSHIELD:0.5
CE_PIECECOORDINATION:0.5170688577303671
CE_MATERIAL:0.48815775451456217
CE_KINGSAFETY:0.5
C_PIECESQUARETABLES:0.5
C_MOBILITY:0.5398341316400149
C_KINGSAFETY:0.4881133443909849
C_PAWNSTRUCTURE:0.48412695891234964
C_PIECECOORDINATION:0.5107399732473097
C_ROOK:0.4828610962900275
CE_ROOK:0.5065067117715811
C_CENTERCONTROL:0.5023022803291374
C_DEVELOPPIECES:0.49118257692071426
C_MATERIAL:0.47370363161998413
C_MOVECOUNT:0.4760219308894175
C_PAWNMOVEMENT:0.4944878382766273
