ELO:800
CE_PASSEDPAWNS:0.5082978639385399
CE_PAWNWEAKNESSES:0.44046735728660347
CE_PIECEACTIVITY:0.570186677835236
CE_KINGPAWNSHIELD:0.4452626482100564
CE_PIECECOORDINATION:0.5566167494856747
CE_MATERIAL:0.4819221556116649
CE_KINGSAFETY:0.5824048093839871
C_PIECESQUARETABLES:0.46620051038466154
C_MOBILITY:0.5643670687851758
C_KINGSAFETY:0.5490088937376885
C_PAWNSTRUCTURE:0.5859721629478482
C_PIECECOORDINATION:0.4236507029225443
C_ROOKANDPAWNMOVEMENT:0.4236507029225443
C_CENTERCONTROL:0.49164932466909617
C_DEVELOPPIECES:0.4769748567203372
C_MATERIAL:0.5256729220205851
