ELO:919
CE_PASSEDPAWNS:0.495143141064302
CE_PAWNWEAKNESSES:0.5030553430994242
CE_PIECEACTIVITY:0.4957254696899036
CE_KINGPAWNSHIELD:0.4926686738813326
CE_PIECECOORDINATION:0.5213730352194944
CE_MATERIAL:0.5276921161490965
CE_KINGSAFETY:0.4814474874548872
C_PIECESQUARETABLES:0.5103065005580408
C_MOBILITY:0.4908126049311384
C_KINGSAFETY:0.5316836987906194
C_PAWNSTRUCTURE:0.4349776094023363
C_PIECECOORDINATION:0.4792221982847183
C_ROOKANDPAWNMOVEMENT:0.4792221982847183
C_CENTERCONTROL:0.525058774029369
C_DEVELOPPIECES:0.5596021948537024
C_MATERIAL:0.4962509719171415
C_MOVECOUNT:0.4949684840903619
