ELO:1119
CE_PASSEDPAWNS:0.41499225218398755
CE_PAWNWEAKNESSES:0.45753908675987287
CE_PIECEACTIVITY:0.46141663230729874
CE_KINGPAWNSHIELD:0.37833845187161197
CE_PIECECOORDINATION:0.5138962178399454
CE_MATERIAL:0.4701053431366152
CE_KINGSAFETY:0.5
C_PIECESQUARETABLES:0.5
C_MOBILITY:0.5668796863964455
C_KINGSAFETY:0.4381987005232809
C_PAWNSTRUCTURE:0.5265605361002453
C_PIECECOORDINATION:0.5827958732663536
C_ROOKANDPAWNMOVEMENT:0.5827958732663536
C_CENTERCONTROL:0.47861697439238793
C_DEVELOPPIECES:0.4354212939766876
C_MATERIAL:0.6152375411669072
