ELO:1100
CE_PASSEDPAWNS:0.44749870354253773
CE_PAWNWEAKNESSES:0.5241082019211586
CE_PIECEACTIVITY:0.5129139171742804
CE_KINGPAWNSHIELD:0.5395758693760447
CE_PIECECOORDINATION:0.47428544805430206
CE_MATERIAL:0.5232515991107118
CE_KINGSAFETY:0.5
C_PIECESQUARETABLES:0.5
C_MOBILITY:0.6026464392976837
C_KINGSAFETY:0.41496517016321266
C_PAWNSTRUCTURE:0.5565549327089838
C_PIECECOORDINATION:0.591021023076461
C_ROOKANDPAWNMOVEMENT:0.591021023076461
C_CENTERCONTROL:0.46899401965401094
C_DEVELOPPIECES:0.4762473252398372
C_MATERIAL:0.6466627684671102
