ELO:1039
CE_PASSEDPAWNS:0.4984944715270213
CE_PAWNWEAKNESSES:0.5018274149743518
CE_PIECEACTIVITY:0.5291606471575581
CE_KINGPAWNSHIELD:0.46494469660027726
CE_PIECECOORDINATION:0.5086600058135076
CE_MATERIAL:0.4963332086602903
CE_KINGSAFETY:0.5
C_PIECESQUARETABLES:0.5
C_MOBILITY:0.4367506050265017
C_KINGSAFETY:0.5073744283588497
C_PAWNSTRUCTURE:0.4859267463608704
C_PIECECOORDINATION:0.5544853113860224
C_ROOK:0.508783418311573
CE_ROOK:0.5121368117509691
C_CENTERCONTROL:0.5127666271284095
C_DEVELOPPIECES:0.485146299061775
C_MATERIAL:0.5039313586180075
C_MOVECOUNT:0.4811508754496449
C_PAWNMOVEMENT:0.47099577499993855
