ELO:1038
CE_PASSEDPAWNS:0.5409088385062152
CE_PAWNWEAKNESSES:0.43355434220033207
CE_PIECEACTIVITY:0.5461217497574483
CE_KINGPAWNSHIELD:0.5395758693760447
CE_PIECECOORDINATION:0.47823124796233923
CE_MATERIAL:0.4990994058124339
CE_KINGSAFETY:0.5
C_PIECESQUARETABLES:0.5
C_MOBILITY:0.5858264840274547
C_KINGSAFETY:0.4059744259724239
C_PAWNSTRUCTURE:0.5233585227687203
C_PIECECOORDINATION:0.6006842502071948
C_ROOKANDPAWNMOVEMENT:0.6006842502071948
C_CENTERCONTROL:0.47417192865301605
C_DEVELOPPIECES:0.49271680245207605
C_MATERIAL:0.6169075193765221
