ELO:1060
CE_PASSEDPAWNS:0.5330968182416788
CE_PAWNWEAKNESSES:0.5361701749825959
CE_PIECEACTIVITY:0.5370831974487065
CE_KINGPAWNSHIELD:0.48255604842934646
CE_PIECECOORDINATION:0.4607364017660297
CE_MATERIAL:0.4870316157511659
CE_KINGSAFETY:0.5
C_PIECESQUARETABLES:0.5
C_MOBILITY:0.5779313164691857
C_KINGSAFETY:0.4363671831286626
C_PAWNSTRUCTURE:0.4755674058985136
C_PIECECOORDINATION:0.5455865334957429
C_ROOKANDPAWNMOVEMENT:0.5455865334957429
C_CENTERCONTROL:0.5646977735784506
C_DEVELOPPIECES:0.44590054720841193
C_MATERIAL:0.5441740582507005
