ELO:1015
CE_PASSEDPAWNS:0.5955037066111589
CE_PAWNWEAKNESSES:0.5071409585023076
CE_PIECEACTIVITY:0.48122834816689886
CE_KINGPAWNSHIELD:0.44550877292445756
CE_PIECECOORDINATION:0.5532446875693365
CE_MATERIAL:0.46541155084626507
CE_KINGSAFETY:0.45433668274777367
C_PIECESQUARETABLES:0.46376926071364366
C_MOBILITY:0.530503319558735
C_KINGSAFETY:0.502702827099793
C_PAWNSTRUCTURE:0.5146787450607585
C_PIECECOORDINATION:0.47939851942273426
C_ROOKANDPAWNMOVEMENT:0.47939851942273426
C_CENTERCONTROL:0.5162455594660611
C_DEVELOPPIECES:0.44007864986577827
C_MATERIAL:0.36406694968000397
