ELO:965
CE_PASSEDPAWNS:0.5027849569189963
CE_PAWNWEAKNESSES:0.5434087306477821
CE_PIECEACTIVITY:0.41433884331976234
CE_KINGPAWNSHIELD:0.47243707229044146
CE_PIECECOORDINATION:0.43363518780791516
CE_MATERIAL:0.4071835713910453
CE_KINGSAFETY:0.4770401948901777
C_PIECESQUARETABLES:0.5237150605435892
C_MOBILITY:0.384038177408429
C_KINGSAFETY:0.41897112372909556
C_PAWNSTRUCTURE:0.568159673716392
C_PIECECOORDINATION:0.5482797340562424
C_ROOKANDPAWNMOVEMENT:0.5482797340562424
C_CENTERCONTROL:0.5230784069310702
C_DEVELOPPIECES:0.4777542607672225
C_MATERIAL:0.5152568147361353
