ELO:1027
CE_PASSEDPAWNS:0.5112815733326849
CE_PAWNWEAKNESSES:0.5
CE_PIECEACTIVITY:0.4869079420425813
CE_KINGPAWNSHIELD:0.4818929993370571
CE_PIECECOORDINATION:0.49450864543595785
CE_MATERIAL:0.5105705484449106
CE_KINGSAFETY:0.5
C_PIECESQUARETABLES:0.5
C_MOBILITY:0.4958575839663233
C_KINGSAFETY:0.49418693488300064
C_PAWNSTRUCTURE:0.5141366111532795
C_PIECECOORDINATION:0.530079026421654
C_ROOK:0.4947986000930932
CE_ROOK:0.5021332737164795
C_CENTERCONTROL:0.4995431046483367
C_DEVELOPPIECES:0.5001636855728272
C_MATERIAL:0.4939853939632152
C_MOVECOUNT:0.49561672854330036
C_PAWNMOVEMENT:0.5111201784368744
