ELO:968
CE_PASSEDPAWNS:0.4938856616553576
CE_PAWNWEAKNESSES:0.49094364461292533
CE_PIECEACTIVITY:0.5228838612529162
CE_KINGPAWNSHIELD:0.4654474233614232
CE_PIECECOORDINATION:0.48912955088957416
CE_MATERIAL:0.4893118708508419
CE_KINGSAFETY:0.4936260806964903
C_PIECESQUARETABLES:0.4998071537734991
C_MOBILITY:0.5006290101954881
C_KINGSAFETY:0.5289108383744194
C_PAWNSTRUCTURE:0.4940714017857869
C_PIECECOORDINATION:0.4835198193181512
C_ROOKANDPAWNMOVEMENT:0.4835198193181512
C_CENTERCONTROL:0.5141059567978454
C_DEVELOPPIECES:0.48822169604075183
C_MATERIAL:0.5056941703434313
