ELO:982
CE_PASSEDPAWNS:0.5069080853061086
CE_PAWNWEAKNESSES:0.4894718116088618
CE_PIECEACTIVITY:0.505432715197629
CE_KINGPAWNSHIELD:0.5
CE_PIECECOORDINATION:0.4966893841053732
CE_MATERIAL:0.5214333717263518
CE_KINGSAFETY:0.4926225365433265
C_PIECESQUARETABLES:0.48883782184153995
C_MOBILITY:0.49349405485250963
C_KINGSAFETY:0.4992786213781954
C_PAWNSTRUCTURE:0.4823423375718069
C_PIECECOORDINATION:0.49232541899742355
C_ROOKANDPAWNMOVEMENT:0.49232541899742355
C_CENTERCONTROL:0.5
C_DEVELOPPIECES:0.5068114469242079
C_MATERIAL:0.49969411699951266
