ELO:1046
CE_PASSEDPAWNS:0.5094595835636113
CE_PAWNWEAKNESSES:0.4259859842618815
CE_PIECEACTIVITY:0.5
CE_KINGPAWNSHIELD:0.5005407074366659
CE_PIECECOORDINATION:0.5
CE_MATERIAL:0.4586483845903705
CE_KINGSAFETY:0.5
C_PIECESQUARETABLES:0.5
C_MOBILITY:0.4494825325847286
C_KINGSAFETY:0.5592936925462394
C_PAWNSTRUCTURE:0.4433565275523936
C_PIECECOORDINATION:0.4752642104033801
C_ROOKANDPAWNMOVEMENT:0.4752642104033801
C_CENTERCONTROL:0.4692925024858492
C_DEVELOPPIECES:0.4863692719646115
C_MATERIAL:0.5
C_MOVECOUNT:0.5
