ELO:1137
CE_PASSEDPAWNS:0.39792981371987557
CE_PAWNWEAKNESSES:0.590261458922248
CE_PIECEACTIVITY:0.5461217497574483
CE_KINGPAWNSHIELD:0.4675483960701007
CE_PIECECOORDINATION:0.5062093759261084
CE_MATERIAL:0.4701053431366152
CE_KINGSAFETY:0.5
C_PIECESQUARETABLES:0.5
C_MOBILITY:0.6076327737009805
C_KINGSAFETY:0.4381987005232809
C_PAWNSTRUCTURE:0.5198595460926635
C_PIECECOORDINATION:0.5824912919337145
C_ROOKANDPAWNMOVEMENT:0.5824912919337145
C_CENTERCONTROL:0.5232826369555287
C_DEVELOPPIECES:0.43315964958583353
C_MATERIAL:0.6828983766046607
