ELO:963
CE_PASSEDPAWNS:0.49600802966907515
CE_PAWNWEAKNESSES:0.48508465425437675
CE_PIECEACTIVITY:0.5021506279859257
CE_KINGPAWNSHIELD:0.4987686298576182
CE_PIECECOORDINATION:0.5175245609531642
CE_MATERIAL:0.5125682763658146
CE_KINGSAFETY:0.520288224368528
C_PIECESQUARETABLES:0.49406737421153135
C_MOBILITY:0.47379690598820395
C_KINGSAFETY:0.5117735832719053
C_PAWNSTRUCTURE:0.5018283865562689
C_PIECECOORDINATION:0.49098332922602267
C_ROOKANDPAWNMOVEMENT:0.49098332922602267
C_CENTERCONTROL:0.48062113242115734
C_DEVELOPPIECES:0.5042798905243782
C_MATERIAL:0.5150148084675522
C_MOVECOUNT:0.5284056317576458
