ELO:1020
CE_PASSEDPAWNS:0.4658862390349407
CE_PAWNWEAKNESSES:0.4887965977977418
CE_PIECEACTIVITY:0.48312591596718785
CE_KINGPAWNSHIELD:0.5182459719116114
CE_PIECECOORDINATION:0.512382345544201
CE_MATERIAL:0.5259184988399604
CE_KINGSAFETY:0.5060709378375376
C_PIECESQUARETABLES:0.5
C_MOBILITY:0.5023150991351317
C_KINGSAFETY:0.48303551289591057
C_PAWNSTRUCTURE:0.5014882851706232
C_PIECECOORDINATION:0.5210789240236054
C_ROOK:0.505855737548092
CE_ROOK:0.49288054018365546
C_CENTERCONTROL:0.45590160260347984
C_DEVELOPPIECES:0.5068108346955961
C_MATERIAL:0.49706480786024376
C_MOVECOUNT:0.4858795196367309
C_PAWNMOVEMENT:0.4953020681581354
