ELO:1064
CE_PASSEDPAWNS:0.43523509369036395
CE_PAWNWEAKNESSES:0.4214845141692499
CE_PIECEACTIVITY:0.4977199670808198
CE_KINGPAWNSHIELD:0.5407178409410988
CE_PIECECOORDINATION:0.5527307440599564
CE_MATERIAL:0.5395196003297927
CE_KINGSAFETY:0.5048238949456118
C_PIECESQUARETABLES:0.5
C_MOBILITY:0.5504373183683143
C_KINGSAFETY:0.5990940734950471
C_PAWNSTRUCTURE:0.45983952331389183
C_PIECECOORDINATION:0.4920077477585968
C_ROOKANDPAWNMOVEMENT:0.4920077477585968
C_CENTERCONTROL:0.4613931969532703
C_DEVELOPPIECES:0.48881135164504835
C_MATERIAL:0.5131313808803746
