ELO:1173
CE_PASSEDPAWNS:0.44749870354253773
CE_PAWNWEAKNESSES:0.4747266971979074
CE_PIECEACTIVITY:0.49109967578081604
CE_KINGPAWNSHIELD:0.4421222922629271
CE_PIECECOORDINATION:0.5261101980407332
CE_MATERIAL:0.4874072947026655
CE_KINGSAFETY:0.5
C_PIECESQUARETABLES:0.5
C_MOBILITY:0.5836313903895851
C_KINGSAFETY:0.38961952488319945
C_PAWNSTRUCTURE:0.49124294705892413
C_PIECECOORDINATION:0.5686614356759275
C_ROOKANDPAWNMOVEMENT:0.5686614356759275
C_CENTERCONTROL:0.47861697439238793
C_DEVELOPPIECES:0.40461262886758054
C_MATERIAL:0.6169075193765221
