ELO:952
CE_PASSEDPAWNS:0.5048995945583501
CE_PAWNWEAKNESSES:0.48662842940885703
CE_PIECEACTIVITY:0.4843703395190862
CE_KINGPAWNSHIELD:0.47620610720176537
CE_PIECECOORDINATION:0.48924870841430934
CE_MATERIAL:0.45663720292199356
CE_KINGSAFETY:0.5193544350296673
C_PIECESQUARETABLES:0.5026901274252646
C_MOBILITY:0.4895249568347983
C_KINGSAFETY:0.4827584193299648
C_PAWNSTRUCTURE:0.4705303900908156
C_PIECECOORDINATION:0.47072466381151734
C_ROOKANDPAWNMOVEMENT:0.47072466381151734
C_CENTERCONTROL:0.5109190593451985
C_DEVELOPPIECES:0.4965022483941284
C_MATERIAL:0.5029851394592709
C_MOVECOUNT:0.5144806009622332
