ELO:802
CE_PASSEDPAWNS:0.5040032753933245
CE_PAWNWEAKNESSES:0.5415979510199478
CE_PIECEACTIVITY:0.3813845077410701
CE_KINGPAWNSHIELD:0.5472944246844641
CE_PIECECOORDINATION:0.47726537020600296
CE_MATERIAL:0.5524948057990992
CE_KINGSAFETY:0.4999835317832875
C_PIECESQUARETABLES:0.5115769778538877
C_MOBILITY:0.45948148945007616
C_KINGSAFETY:0.511991037314945
C_PAWNSTRUCTURE:0.43072396527622825
C_PIECECOORDINATION:0.47354502248290115
C_ROOKANDPAWNMOVEMENT:0.47354502248290115
C_CENTERCONTROL:0.5430254442435233
C_DEVELOPPIECES:0.4413517345169454
C_MATERIAL:0.3495806610194552
C_MOVECOUNT:0.4695362616333108
