ELO:895
CE_PASSEDPAWNS:0.46311873031588097
CE_PAWNWEAKNESSES:0.4522405596280522
CE_PIECEACTIVITY:0.5172273831828849
CE_KINGPAWNSHIELD:0.4929309853305182
CE_PIECECOORDINATION:0.49734933071922965
CE_MATERIAL:0.4893932942735088
CE_KINGSAFETY:0.5147198068506657
C_PIECESQUARETABLES:0.44262966624604944
C_MOBILITY:0.5571707972271892
C_KINGSAFETY:0.5266826948163623
C_PAWNSTRUCTURE:0.5025595788530394
C_PIECECOORDINATION:0.48082323239187064
C_ROOKANDPAWNMOVEMENT:0.48082323239187064
C_CENTERCONTROL:0.5254045369796322
C_DEVELOPPIECES:0.4615069495442697
C_MATERIAL:0.5132134010170535
