ELO:966
CE_PASSEDPAWNS:0.520873576537608
CE_PAWNWEAKNESSES:0.48267476096609646
CE_PIECEACTIVITY:0.5123663826166757
CE_KINGPAWNSHIELD:0.5440207055945466
CE_PIECECOORDINATION:0.49456651508729255
CE_MATERIAL:0.5
CE_KINGSAFETY:0.5042825077893055
C_PIECESQUARETABLES:0.5153400036031738
C_MOBILITY:0.5
C_KINGSAFETY:0.49605907232087026
C_PAWNSTRUCTURE:0.48964808464117565
C_PIECECOORDINATION:0.4791095264872718
C_ROOKANDPAWNMOVEMENT:0.4791095264872718
C_CENTERCONTROL:0.4946694108248478
C_DEVELOPPIECES:0.4852233528132614
C_MATERIAL:0.49281917671110853
C_MOVECOUNT:0.501317117561181
