ELO:1059
CE_PASSEDPAWNS:0.4942769584981758
CE_PAWNWEAKNESSES:0.47629056760028843
CE_PIECEACTIVITY:0.49357150996274374
CE_KINGPAWNSHIELD:0.5
CE_PIECECOORDINATION:0.5
CE_MATERIAL:0.48949401981261653
CE_KINGSAFETY:0.5
C_PIECESQUARETABLES:0.5
C_MOBILITY:0.5
C_KINGSAFETY:0.5039191373526382
C_PAWNSTRUCTURE:0.5104704862187448
C_PIECECOORDINATION:0.4989320237199875
C_ROOKANDPAWNMOVEMENT:0.4989320237199875
C_CENTERCONTROL:0.5
C_DEVELOPPIECES:0.5060252939587176
C_MATERIAL:0.5
C_MOVECOUNT:0.5
