ELO:1039
CE_PASSEDPAWNS:0.49591990162815325
CE_PAWNWEAKNESSES:0.5090073923529249
CE_PIECEACTIVITY:0.5045744521137052
CE_KINGPAWNSHIELD:0.5209533767107821
CE_PIECECOORDINATION:0.5074421045417029
CE_MATERIAL:0.505063677775059
CE_KINGSAFETY:0.5
C_PIECESQUARETABLES:0.5
C_MOBILITY:0.5
C_KINGSAFETY:0.48382163288164737
C_PAWNSTRUCTURE:0.505449070531077
C_PIECECOORDINATION:0.5544853113860224
C_ROOK:0.508783418311573
CE_ROOK:0.5021332737164795
C_CENTERCONTROL:0.500299860415731
C_DEVELOPPIECES:0.5022918890320295
C_MATERIAL:0.4934285011817089
C_MOVECOUNT:0.4843572589500642
C_PAWNMOVEMENT:0.5063271016625166
