ELO:1051
CE_PASSEDPAWNS:0.5101918637393328
CE_PAWNWEAKNESSES:0.5107951838717879
CE_PIECEACTIVITY:0.482986077960694
CE_KINGPAWNSHIELD:0.4752415700233207
CE_PIECECOORDINATION:0.5086703503588659
CE_MATERIAL:0.5163929973762303
CE_KINGSAFETY:0.5
C_PIECESQUARETABLES:0.5
C_MOBILITY:0.5082413240203919
C_KINGSAFETY:0.5073744283588497
C_PAWNSTRUCTURE:0.505449070531077
C_PIECECOORDINATION:0.5183704837768273
C_ROOK:0.48132789799166953
CE_ROOK:0.49050120432589694
C_CENTERCONTROL:0.5127666271284095
C_DEVELOPPIECES:0.4451163445770102
C_MATERIAL:0.5066462544311117
C_MOVECOUNT:0.4722447649162971
C_PAWNMOVEMENT:0.48312005244132805
