ELO:969
CE_PASSEDPAWNS:0.5008303919894377
CE_PAWNWEAKNESSES:0.4815259912657921
CE_PIECEACTIVITY:0.4648901667724339
CE_KINGPAWNSHIELD:0.5478680551923792
CE_PIECECOORDINATION:0.5255985347731734
CE_MATERIAL:0.5115126555252048
CE_KINGSAFETY:0.48835533909093004
C_PIECESQUARETABLES:0.5026262057335066
C_MOBILITY:0.5060601548752967
C_KINGSAFETY:0.45442427777582517
C_PAWNSTRUCTURE:0.5180335725377956
C_PIECECOORDINATION:0.48113427407895837
C_ROOKANDPAWNMOVEMENT:0.48113427407895837
C_CENTERCONTROL:0.5000347293434759
C_DEVELOPPIECES:0.5269737726145154
C_MATERIAL:0.4852347500890855
C_MOVECOUNT:0.5
