ELO:1089
CE_PASSEDPAWNS:0.6263974573773162
CE_PAWNWEAKNESSES:0.48455490323346073
CE_PIECEACTIVITY:0.48096493318779654
CE_KINGPAWNSHIELD:0.4946212018143896
CE_PIECECOORDINATION:0.4809595521473974
CE_MATERIAL:0.4488056250618722
CE_KINGSAFETY:0.4910378867386733
C_PIECESQUARETABLES:0.48014410865489077
C_MOBILITY:0.43724119305801
C_KINGSAFETY:0.5113335363030856
C_PAWNSTRUCTURE:0.41072043223570986
C_PIECECOORDINATION:0.48018649368476307
C_ROOKANDPAWNMOVEMENT:0.48018649368476307
C_CENTERCONTROL:0.5068266784267343
C_DEVELOPPIECES:0.5914968698954705
C_MATERIAL:0.4240600979305767
