ELO:996
CE_PASSEDPAWNS:0.5
CE_PAWNWEAKNESSES:0.49227691594393097
CE_PIECEACTIVITY:0.4952014999766687
CE_KINGPAWNSHIELD:0.5
CE_PIECECOORDINATION:0.5007008913628802
CE_MATERIAL:0.5047684688599963
CE_KINGSAFETY:0.5045150864695039
C_PIECESQUARETABLES:0.5
C_MOBILITY:0.5
C_KINGSAFETY:0.4929859603312948
C_PAWNSTRUCTURE:0.5079833331295335
C_PIECECOORDINATION:0.5
C_ROOKANDPAWNMOVEMENT:0.5
C_CENTERCONTROL:0.4997640395896836
C_DEVELOPPIECES:0.4995319578281024
C_MATERIAL:0.518195460688355
