ELO:1005
CE_PASSEDPAWNS:0.5
CE_PAWNWEAKNESSES:0.5061461815885514
CE_PIECEACTIVITY:0.5
CE_KINGPAWNSHIELD:0.4894320957389524
CE_PIECECOORDINATION:0.5
CE_MATERIAL:0.49858333962500556
CE_KINGSAFETY:0.5116480016930289
C_PIECESQUARETABLES:0.5
C_MOBILITY:0.5
C_KINGSAFETY:0.4896389818524507
C_PAWNSTRUCTURE:0.5
C_PIECECOORDINATION:0.5021470694986049
C_ROOKANDPAWNMOVEMENT:0.5021470694986049
C_CENTERCONTROL:0.5
C_DEVELOPPIECES:0.4984642510351229
C_MATERIAL:0.5142186068388682
C_MOVECOUNT:0.5080953111208811
