ELO:962
CE_PASSEDPAWNS:0.6066949994864951
CE_PAWNWEAKNESSES:0.5296175447759564
CE_PIECEACTIVITY:0.5420593615453828
CE_KINGPAWNSHIELD:0.508768944104311
CE_PIECECOORDINATION:0.5768432380830064
CE_MATERIAL:0.5120177391715964
CE_KINGSAFETY:0.5220858948872759
C_PIECESQUARETABLES:0.5
C_MOBILITY:0.5536451948000349
C_KINGSAFETY:0.4884829053383742
C_PAWNSTRUCTURE:0.4853910737984602
C_PIECECOORDINATION:0.5132722937278825
C_ROOKANDPAWNMOVEMENT:0.5132722937278825
C_CENTERCONTROL:0.5036183547774751
C_DEVELOPPIECES:0.6192005048180664
C_MATERIAL:0.594137335997751
