ELO:934
CE_PASSEDPAWNS:0.49447950308978017
CE_PAWNWEAKNESSES:0.6090991825098246
CE_PIECEACTIVITY:0.464106751224558
CE_KINGPAWNSHIELD:0.5089024924971692
CE_PIECECOORDINATION:0.564521997175736
CE_MATERIAL:0.5306669466329426
CE_KINGSAFETY:0.5436080956372783
C_PIECESQUARETABLES:0.5331817015069636
C_MOBILITY:0.451104732737165
C_KINGSAFETY:0.5039119198303366
C_PAWNSTRUCTURE:0.7013870869651383
C_PIECECOORDINATION:0.6530013275696301
C_ROOKANDPAWNMOVEMENT:0.6530013275696301
C_CENTERCONTROL:0.5351259844178566
C_DEVELOPPIECES:0.5164545822311255
C_MATERIAL:0.4858132436564285
