ELO:764
CE_PASSEDPAWNS:0.31578469789544256
CE_PAWNWEAKNESSES:0.5941644954754719
CE_PIECEACTIVITY:0.49296792093618813
CE_KINGPAWNSHIELD:0.513464130287805
CE_PIECECOORDINATION:0.3760293660747048
CE_MATERIAL:0.4767140479085296
CE_KINGSAFETY:0.45949397809835846
C_PIECESQUARETABLES:0.4985239029567129
C_MOBILITY:0.47761931022339743
C_KINGSAFETY:0.470060687038435
C_PAWNSTRUCTURE:0.48397766193703146
C_PIECECOORDINATION:0.48593308638787547
C_ROOKANDPAWNMOVEMENT:0.48593308638787547
C_CENTERCONTROL:0.4525911242866573
C_DEVELOPPIECES:0.648228582100761
C_MATERIAL:0.4725197137120004
C_MOVECOUNT:0.5083349408688898
