ELO:869
CE_PASSEDPAWNS:0.4923874128013899
CE_PAWNWEAKNESSES:0.4337976425337243
CE_PIECEACTIVITY:0.5144624424116164
CE_KINGPAWNSHIELD:0.4848049461199226
CE_PIECECOORDINATION:0.4767462969231924
CE_MATERIAL:0.48477322073996093
CE_KINGSAFETY:0.5510671609771393
C_PIECESQUARETABLES:0.45477105700030906
C_MOBILITY:0.4853127635769355
C_KINGSAFETY:0.5071877689144255
C_PAWNSTRUCTURE:0.49920960221473243
C_PIECECOORDINATION:0.47777607183329496
C_ROOK:0.4870574390108545
CE_ROOK:0.4732864098754133
C_CENTERCONTROL:0.5549362625432195
C_DEVELOPPIECES:0.49352962025688396
C_MATERIAL:0.4937586905161377
C_MOVECOUNT:0.5031884546290495
C_PAWNMOVEMENT:0.4834226175347607
