ELO:947
CE_PASSEDPAWNS:0.4743282043435242
CE_PAWNWEAKNESSES:0.49306274864045396
CE_PIECEACTIVITY:0.5243177560165126
CE_KINGPAWNSHIELD:0.5005863210459021
CE_PIECECOORDINATION:0.49947374476486595
CE_MATERIAL:0.5013727966328142
CE_KINGSAFETY:0.52227858639381
C_PIECESQUARETABLES:0.5
C_MOBILITY:0.38715370315532494
C_KINGSAFETY:0.4959109281930324
C_PAWNSTRUCTURE:0.4653793516873808
C_PIECECOORDINATION:0.5171599319707153
C_ROOKANDPAWNMOVEMENT:0.5171599319707153
C_CENTERCONTROL:0.5172176693989143
C_DEVELOPPIECES:0.5186930198281908
C_MATERIAL:0.4924397668284618
C_MOVECOUNT:0.5
