ELO:976
CE_PASSEDPAWNS:0.5
CE_PAWNWEAKNESSES:0.5184828159201096
CE_PIECEACTIVITY:0.48293396462854665
CE_KINGPAWNSHIELD:0.5
CE_PIECECOORDINATION:0.4984368393389666
CE_MATERIAL:0.5420158329103786
CE_KINGSAFETY:0.48330482112040424
C_PIECESQUARETABLES:0.49760922328019175
C_MOBILITY:0.5284748326467964
C_KINGSAFETY:0.4953139775081264
C_PAWNSTRUCTURE:0.5
C_PIECECOORDINATION:0.5
C_ROOKANDPAWNMOVEMENT:0.5
C_CENTERCONTROL:0.5118485334451851
C_DEVELOPPIECES:0.5118198922023616
C_MATERIAL:0.519090697936174
C_MOVECOUNT:0.5
