ELO:1000
CE_PASSEDPAWNS:0.5
CE_PAWNWEAKNESSES:0.5
CE_PIECEACTIVITY:0.5
CE_KINGPAWNSHIELD:0.5
CE_PIECECOORDINATION:0.5059089651432889
CE_MATERIAL:0.5
CE_KINGSAFETY:0.4941810249625464
C_PIECESQUARETABLES:0.4951138260932666
C_MOBILITY:0.5
C_KINGSAFETY:0.4853694786247096
C_PAWNSTRUCTURE:0.5124668126715557
C_PIECECOORDINATION:0.5
C_ROOK:0.5031013278975432
CE_ROOK:0.5095707396944184
C_CENTERCONTROL:0.5
C_DEVELOPPIECES:0.508899913870876
C_MATERIAL:0.5
C_MOVECOUNT:0.5
C_PAWNMOVEMENT:0.5
