ELO:1017
CE_PASSEDPAWNS:0.6194987545573024
CE_PAWNWEAKNESSES:0.494519676158479
CE_PIECEACTIVITY:0.48980449371532175
CE_KINGPAWNSHIELD:0.5024221795697436
CE_PIECECOORDINATION:0.46482411629657594
CE_MATERIAL:0.4116182874833272
CE_KINGSAFETY:0.5090054212951511
C_PIECESQUARETABLES:0.4777182006138412
C_MOBILITY:0.42936234121990074
C_KINGSAFETY:0.49812709386949683
C_PAWNSTRUCTURE:0.41801692806232893
C_PIECECOORDINATION:0.4700498685323942
C_ROOKANDPAWNMOVEMENT:0.4700498685323942
C_CENTERCONTROL:0.5601074926021612
C_DEVELOPPIECES:0.5732328284141266
C_MATERIAL:0.42533862585598015
