ELO:914
CE_PASSEDPAWNS:0.5121131073228439
CE_PAWNWEAKNESSES:0.5378953874341739
CE_PIECEACTIVITY:0.42582133822974616
CE_KINGPAWNSHIELD:0.5507352194131284
CE_PIECECOORDINATION:0.4936572781228226
CE_MATERIAL:0.512456823627593
CE_KINGSAFETY:0.49627019555015717
C_PIECESQUARETABLES:0.5241099825267328
C_MOBILITY:0.5536873115136293
C_KINGSAFETY:0.47745640231905984
C_PAWNSTRUCTURE:0.49627372341883047
C_PIECECOORDINATION:0.5763722074233233
C_ROOKANDPAWNMOVEMENT:0.5763722074233233
C_CENTERCONTROL:0.5100923485380957
C_DEVELOPPIECES:0.3783869437068093
C_MATERIAL:0.44221242401819066
