ELO:1000
CE_PASSEDPAWNS:0.4407205162429503
CE_PAWNWEAKNESSES:0.47710355899155066
CE_PIECEACTIVITY:0.47068409662055166
CE_KINGPAWNSHIELD:0.565163597008917
CE_PIECECOORDINATION:0.5185350738854366
CE_MATERIAL:0.45642525407521845
CE_KINGSAFETY:0.4975929307822332
C_PIECESQUARETABLES:0.5002259162998715
C_MOBILITY:0.46772736745359816
C_KINGSAFETY:0.5241184177878375
C_PAWNSTRUCTURE:0.5047134123091325
C_PIECECOORDINATION:0.45847255890453753
C_ROOKANDPAWNMOVEMENT:0.45847255890453753
C_CENTERCONTROL:0.5135573297754791
C_DEVELOPPIECES:0.4874442734589937
C_MATERIAL:0.45616039530042923
