ELO:869
CE_PASSEDPAWNS:0.5083513220029157
CE_PAWNWEAKNESSES:0.4951519028308606
CE_PIECEACTIVITY:0.5115680030457936
CE_KINGPAWNSHIELD:0.5215166884874932
CE_PIECECOORDINATION:0.4317935630651865
CE_MATERIAL:0.49818307829633374
CE_KINGSAFETY:0.4749989757084053
C_PIECESQUARETABLES:0.4733323316955781
C_MOBILITY:0.5018036171514003
C_KINGSAFETY:0.49962478904944607
C_PAWNSTRUCTURE:0.44657429703129625
C_PIECECOORDINATION:0.5140147010017139
C_ROOKANDPAWNMOVEMENT:0.5140147010017139
C_CENTERCONTROL:0.4708292867638952
C_DEVELOPPIECES:0.5170630416062071
C_MATERIAL:0.47842804154405916
C_MOVECOUNT:0.5
