ELO:997
CE_PASSEDPAWNS:0.5085563210928904
CE_PAWNWEAKNESSES:0.4897051413430057
CE_PIECEACTIVITY:0.5029752102590284
CE_KINGPAWNSHIELD:0.5232433259733533
CE_PIECECOORDINATION:0.5155600486659254
CE_MATERIAL:0.501415383107295
CE_KINGSAFETY:0.5025001658433306
C_PIECESQUARETABLES:0.5001650458279984
C_MOBILITY:0.5121180178079043
C_KINGSAFETY:0.4973500910271024
C_PAWNSTRUCTURE:0.4985855577950579
C_PIECECOORDINATION:0.5182975496337586
C_ROOK:0.5030093427302104
CE_ROOK:0.5123579330114522
C_CENTERCONTROL:0.5022190042583906
C_DEVELOPPIECES:0.5133893849230744
C_MATERIAL:0.48517624131258746
C_MOVECOUNT:0.48359338031242316
C_PAWNMOVEMENT:0.49856099149785443
