ELO:1011
CE_PASSEDPAWNS:0.5026822638532017
CE_PAWNWEAKNESSES:0.49980589606097403
CE_PIECEACTIVITY:0.5059044144843033
CE_KINGPAWNSHIELD:0.4818929993370571
CE_PIECECOORDINATION:0.5146556660273499
CE_MATERIAL:0.5045231842581254
CE_KINGSAFETY:0.5
C_PIECESQUARETABLES:0.5
C_MOBILITY:0.5057806671062562
C_KINGSAFETY:0.5010396651413015
C_PAWNSTRUCTURE:0.5172307238753212
C_PIECECOORDINATION:0.5133516354288787
C_ROOK:0.47911671830964603
CE_ROOK:0.4875252414280208
C_CENTERCONTROL:0.48797376112897084
C_DEVELOPPIECES:0.5008670740254423
C_MATERIAL:0.5127653659151674
C_MOVECOUNT:0.5063024472324568
C_PAWNMOVEMENT:0.501825826357947
