ELO:999
CE_PASSEDPAWNS:0.5219882693018028
CE_PAWNWEAKNESSES:0.5011068893563271
CE_PIECEACTIVITY:0.5042349876417885
CE_KINGPAWNSHIELD:0.520869163397991
CE_PIECECOORDINATION:0.5058356636316229
CE_MATERIAL:0.4887157009083188
CE_KINGSAFETY:0.5
C_PIECESQUARETABLES:0.5
C_MOBILITY:0.49731012672220304
C_KINGSAFETY:0.48719836825394514
C_PAWNSTRUCTURE:0.5045709592369719
C_PIECECOORDINATION:0.5256317355684392
C_ROOK:0.49446766178594015
CE_ROOK:0.5132819044396046
C_CENTERCONTROL:0.49513549206104046
C_DEVELOPPIECES:0.4727473771815632
C_MATERIAL:0.5302928021425948
C_MOVECOUNT:0.4960042907501276
C_PAWNMOVEMENT:0.49164695402432995
