ELO:1009
CE_PASSEDPAWNS:0.5
CE_PAWNWEAKNESSES:0.5
CE_PIECEACTIVITY:0.4894651892460587
CE_KINGPAWNSHIELD:0.5035518407319268
CE_PIECECOORDINATION:0.500674893114705
CE_MATERIAL:0.49374201949863783
CE_KINGSAFETY:0.4986363531414988
C_PIECESQUARETABLES:0.5143306185937891
C_MOBILITY:0.4968787702011927
C_KINGSAFETY:0.5143378623017788
C_PAWNSTRUCTURE:0.5
C_PIECECOORDINATION:0.4632639905361332
C_ROOKANDPAWNMOVEMENT:0.4632639905361332
C_CENTERCONTROL:0.5
C_DEVELOPPIECES:0.48644817620949965
C_MATERIAL:0.4929092527848353
C_MOVECOUNT:0.49124016883981486
