ELO:986
CE_PASSEDPAWNS:0.49011433427385326
CE_PAWNWEAKNESSES:0.49388800268339494
CE_PIECEACTIVITY:0.5
CE_KINGPAWNSHIELD:0.501659045571686
CE_PIECECOORDINATION:0.49261409967897046
CE_MATERIAL:0.5039518365352305
CE_KINGSAFETY:0.5
C_PIECESQUARETABLES:0.5
C_MOBILITY:0.5071652733234622
C_KINGSAFETY:0.49239515940175516
C_PAWNSTRUCTURE:0.5140742977243761
C_PIECECOORDINATION:0.49819488482585367
C_ROOKANDPAWNMOVEMENT:0.49819488482585367
C_CENTERCONTROL:0.49197752557031105
C_DEVELOPPIECES:0.4832001426175247
C_MATERIAL:0.5127432537343276
C_MOVECOUNT:0.5
