ELO:986
CE_PASSEDPAWNS:0.5359931726546081
CE_PAWNWEAKNESSES:0.4420663424633595
CE_PIECEACTIVITY:0.5020270694858545
CE_KINGPAWNSHIELD:0.45894397743111803
CE_PIECECOORDINATION:0.5017416463719305
CE_MATERIAL:0.48884053163869856
CE_KINGSAFETY:0.5747935725816715
C_PIECESQUARETABLES:0.4363874071720509
C_MOBILITY:0.49039114732392575
C_KINGSAFETY:0.4970183496123874
C_PAWNSTRUCTURE:0.47828355971537656
C_PIECECOORDINATION:0.561465357399275
C_ROOKANDPAWNMOVEMENT:0.561465357399275
C_CENTERCONTROL:0.501353072373197
C_DEVELOPPIECES:0.4710632821145071
C_MATERIAL:0.46353276118442044
