ELO:724
CE_PASSEDPAWNS:0.3058254897294956
CE_PAWNWEAKNESSES:0.5909141386983672
CE_PIECEACTIVITY:0.46571284379062533
CE_KINGPAWNSHIELD:0.5070267597433109
CE_PIECECOORDINATION:0.39971650374429984
CE_MATERIAL:0.48160439359980023
CE_KINGSAFETY:0.4663681118274551
C_PIECESQUARETABLES:0.4936460238380282
C_MOBILITY:0.4719923989662474
C_KINGSAFETY:0.46006549014997095
C_PAWNSTRUCTURE:0.48209302194390274
C_PIECECOORDINATION:0.4754444473995585
C_ROOKANDPAWNMOVEMENT:0.4754444473995585
C_CENTERCONTROL:0.4656293179693211
C_DEVELOPPIECES:0.6380316785546466
C_MATERIAL:0.464762414786812
C_MOVECOUNT:0.5133320918466233
