ELO:1000
CE_PASSEDPAWNS:0.5052070816142296
CE_PAWNWEAKNESSES:0.5
CE_PIECEACTIVITY:0.5094409782824573
CE_KINGPAWNSHIELD:0.5076461432079511
CE_PIECECOORDINATION:0.5059089651432889
CE_MATERIAL:0.501415383107295
CE_KINGSAFETY:0.5
C_PIECESQUARETABLES:0.4893590298266728
C_MOBILITY:0.5014569725777973
C_KINGSAFETY:0.5042593226203167
C_PAWNSTRUCTURE:0.5124668126715557
C_PIECECOORDINATION:0.4986789781111663
C_ROOK:0.5030093427302104
CE_ROOK:0.5063753382543864
C_CENTERCONTROL:0.5
C_DEVELOPPIECES:0.5133893849230744
C_MATERIAL:0.4933610630426438
C_MOVECOUNT:0.49596102669106906
C_PAWNMOVEMENT:0.5050750189715593
