ELO:946
CE_PASSEDPAWNS:0.5553930457903129
CE_PAWNWEAKNESSES:0.45256638827758117
CE_PIECEACTIVITY:0.5419461231113459
CE_KINGPAWNSHIELD:0.5657180930923917
CE_PIECECOORDINATION:0.540716149233393
CE_MATERIAL:0.44845541735606176
CE_KINGSAFETY:0.5
C_PIECESQUARETABLES:0.5
C_MOBILITY:0.4186977652796325
C_KINGSAFETY:0.3322834262776044
C_PAWNSTRUCTURE:0.4594827473848571
C_PIECECOORDINATION:0.5630257093956104
C_ROOKANDPAWNMOVEMENT:0.5630257093956104
C_CENTERCONTROL:0.5101968483946481
C_DEVELOPPIECES:0.4600934404516593
C_MATERIAL:0.6005274916010397
