ELO:767
CE_PASSEDPAWNS:0.35855736360493756
CE_PAWNWEAKNESSES:0.5161064292375055
CE_PIECEACTIVITY:0.5067976265327665
CE_KINGPAWNSHIELD:0.47948316697654364
CE_PIECECOORDINATION:0.40969390474485756
CE_MATERIAL:0.4541591564848839
CE_KINGSAFETY:0.50580840102843
C_PIECESQUARETABLES:0.5162958287562119
C_MOBILITY:0.4885373489995863
C_KINGSAFETY:0.4481398074202483
C_PAWNSTRUCTURE:0.4882287455698989
C_PIECECOORDINATION:0.4616860209957727
C_ROOKANDPAWNMOVEMENT:0.4616860209957727
C_CENTERCONTROL:0.4710847209980909
C_DEVELOPPIECES:0.6416246043585022
C_MATERIAL:0.4592266451140984
C_MOVECOUNT:0.5179956263340059
