ELO:1000
CE_PASSEDPAWNS:0.504202609867935
CE_PAWNWEAKNESSES:0.4615563321275751
CE_PIECEACTIVITY:0.5104082931586315
CE_KINGPAWNSHIELD:0.45817640219721
CE_PIECECOORDINATION:0.47393525288332417
CE_MATERIAL:0.47516128543325853
CE_KINGSAFETY:0.5690490280794703
C_PIECESQUARETABLES:0.4731550474457401
C_MOBILITY:0.4920121992646422
C_KINGSAFETY:0.5079952780803185
C_PAWNSTRUCTURE:0.4897506704454504
C_PIECECOORDINATION:0.5652169103388961
C_ROOKANDPAWNMOVEMENT:0.5652169103388961
C_CENTERCONTROL:0.5041311108336558
C_DEVELOPPIECES:0.4818780051184241
C_MATERIAL:0.47735497172325925
