ELO:1043
CE_PASSEDPAWNS:0.4936118726401552
CE_PAWNWEAKNESSES:0.5205415838800418
CE_PIECEACTIVITY:0.4943332666907198
CE_KINGPAWNSHIELD:0.5070139003127128
CE_PIECECOORDINATION:0.5
CE_MATERIAL:0.4775750740388604
CE_KINGSAFETY:0.5
C_PIECESQUARETABLES:0.5
C_MOBILITY:0.521368212583509
C_KINGSAFETY:0.48382163288164737
C_PAWNSTRUCTURE:0.5011184076901242
C_PIECECOORDINATION:0.5187121361950087
C_ROOK:0.5045266501051656
CE_ROOK:0.48766999446357734
C_CENTERCONTROL:0.4955996416714282
C_DEVELOPPIECES:0.4896603053056364
C_MATERIAL:0.5244111220125648
C_MOVECOUNT:0.5018331670220666
C_PAWNMOVEMENT:0.4940662195207169
