ELO:1000
CE_PASSEDPAWNS:0.48128374702997473
CE_PAWNWEAKNESSES:0.4887317011413852
CE_PIECEACTIVITY:0.5013095862568638
CE_KINGPAWNSHIELD:0.5414173455203868
CE_PIECECOORDINATION:0.47700553471881074
CE_MATERIAL:0.4957564007349225
CE_KINGSAFETY:0.46992517537874023
C_PIECESQUARETABLES:0.49442784676442053
C_MOBILITY:0.5
C_KINGSAFETY:0.5061635887111742
C_PAWNSTRUCTURE:0.5186948168543531
C_PIECECOORDINATION:0.4831771119872798
C_ROOKANDPAWNMOVEMENT:0.4831771119872798
C_CENTERCONTROL:0.4917552990043055
C_DEVELOPPIECES:0.4960386373233414
C_MATERIAL:0.5045210242018546
