ELO:773
CE_PASSEDPAWNS:0.36854301480041485
CE_PAWNWEAKNESSES:0.5164205680678645
CE_PIECEACTIVITY:0.4982740097169727
CE_KINGPAWNSHIELD:0.4886516160612125
CE_PIECECOORDINATION:0.40969390474485756
CE_MATERIAL:0.45399760029352115
CE_KINGSAFETY:0.5
C_PIECESQUARETABLES:0.5093274996896057
C_MOBILITY:0.4844752371447129
C_KINGSAFETY:0.4544880774961209
C_PAWNSTRUCTURE:0.49674630494123995
C_PIECECOORDINATION:0.4421538835548055
C_ROOKANDPAWNMOVEMENT:0.4421538835548055
C_CENTERCONTROL:0.4527832174467698
C_DEVELOPPIECES:0.6473694699312329
C_MATERIAL:0.4638198469807326
C_MOVECOUNT:0.5090017601079067
