ELO:979
CE_PASSEDPAWNS:0.4978373369615436
CE_PAWNWEAKNESSES:0.4877566564963931
CE_PIECEACTIVITY:0.5072790901271758
CE_KINGPAWNSHIELD:0.4892258221209581
CE_PIECECOORDINATION:0.5092431791852301
CE_MATERIAL:0.5325648446124663
CE_KINGSAFETY:0.48954696411553345
C_PIECESQUARETABLES:0.5023669741723684
C_MOBILITY:0.5006211138775366
C_KINGSAFETY:0.4954163864068436
C_PAWNSTRUCTURE:0.5123706080300944
C_PIECECOORDINATION:0.5125184281038716
C_ROOKANDPAWNMOVEMENT:0.5125184281038716
C_CENTERCONTROL:0.49788324259165473
C_DEVELOPPIECES:0.5132367588041805
C_MATERIAL:0.47184635349900717
