ELO:978
CE_PASSEDPAWNS:0.5463778356101143
CE_PAWNWEAKNESSES:0.4738631595741522
CE_PIECEACTIVITY:0.4951761976891974
CE_KINGPAWNSHIELD:0.47463223164295304
CE_PIECECOORDINATION:0.5065893149622692
CE_MATERIAL:0.48060897750088544
CE_KINGSAFETY:0.5087786688442351
C_PIECESQUARETABLES:0.5
C_MOBILITY:0.5105576576301493
C_KINGSAFETY:0.4943464532954893
C_PAWNSTRUCTURE:0.4891440168126744
C_PIECECOORDINATION:0.5619840730940917
C_ROOKANDPAWNMOVEMENT:0.5619840730940917
C_CENTERCONTROL:0.5042358495219673
C_DEVELOPPIECES:0.4660488414088645
C_MATERIAL:0.47857060359415454
