ELO:1021
CE_PASSEDPAWNS:0.5034507561763385
CE_PAWNWEAKNESSES:0.5046852023709752
CE_PIECEACTIVITY:0.4830485880078221
CE_KINGPAWNSHIELD:0.4731053906566993
CE_PIECECOORDINATION:0.5
CE_MATERIAL:0.5445469493693262
CE_KINGSAFETY:0.5
C_PIECESQUARETABLES:0.5
C_MOBILITY:0.49676357592563153
C_KINGSAFETY:0.49228112518646927
C_PAWNSTRUCTURE:0.5024571490482777
C_PIECECOORDINATION:0.5015397872293177
C_ROOK:0.5004201328485155
CE_ROOK:0.5094720798810508
C_CENTERCONTROL:0.49731026246193105
C_DEVELOPPIECES:0.49539531084576294
C_MATERIAL:0.4899455021876946
C_MOVECOUNT:0.49561672854330036
C_PAWNMOVEMENT:0.48707699168824364
