ELO:957
CE_PASSEDPAWNS:0.5142705937575432
CE_PAWNWEAKNESSES:0.538362858912341
CE_PIECEACTIVITY:0.46304522700827977
CE_KINGPAWNSHIELD:0.5298979158768798
CE_PIECECOORDINATION:0.41498932211298445
CE_MATERIAL:0.5248033120913583
CE_KINGSAFETY:0.48346734841629013
C_PIECESQUARETABLES:0.5
C_MOBILITY:0.5770457811931825
C_KINGSAFETY:0.5597649237207298
C_PAWNSTRUCTURE:0.4853910737984602
C_PIECECOORDINATION:0.44378669724447545
C_ROOKANDPAWNMOVEMENT:0.44378669724447545
C_CENTERCONTROL:0.5352343209129976
C_DEVELOPPIECES:0.6157295384807453
C_MATERIAL:0.6045653229399606
