ELO:1007
CE_PASSEDPAWNS:0.49661599726461303
CE_PAWNWEAKNESSES:0.49107276696958374
CE_PIECEACTIVITY:0.4751944686046927
CE_KINGPAWNSHIELD:0.49573103099478727
CE_PIECECOORDINATION:0.5164044500545357
CE_MATERIAL:0.5
CE_KINGSAFETY:0.48991960751993374
C_PIECESQUARETABLES:0.515883267008888
C_MOBILITY:0.49763018526177893
C_KINGSAFETY:0.4863797123703398
C_PAWNSTRUCTURE:0.47453773184135317
C_PIECECOORDINATION:0.5043434835959933
C_ROOKANDPAWNMOVEMENT:0.5043434835959933
C_CENTERCONTROL:0.5013826762524803
C_DEVELOPPIECES:0.4925966126566997
C_MATERIAL:0.5048978519132804
