ELO:942
CE_PASSEDPAWNS:0.46531017596495083
CE_PAWNWEAKNESSES:0.5252503571879644
CE_PIECEACTIVITY:0.47512390511503266
CE_KINGPAWNSHIELD:0.529049709985645
CE_PIECECOORDINATION:0.497037262256249
CE_MATERIAL:0.47256510254458156
CE_KINGSAFETY:0.4964467979381315
C_PIECESQUARETABLES:0.46810853284007486
C_MOBILITY:0.49213065736602357
C_KINGSAFETY:0.49163171041201653
C_PAWNSTRUCTURE:0.5425547021055057
C_PIECECOORDINATION:0.4146563837343274
C_ROOKANDPAWNMOVEMENT:0.4146563837343274
C_CENTERCONTROL:0.43450159680804257
C_DEVELOPPIECES:0.5418985389456239
C_MATERIAL:0.41178500645028865
