ELO:980
CE_PASSEDPAWNS:0.4211672021358863
CE_PAWNWEAKNESSES:0.4503503065468019
CE_PIECEACTIVITY:0.4993198526009976
CE_KINGPAWNSHIELD:0.5344590865813407
CE_PIECECOORDINATION:0.49897576706099306
CE_MATERIAL:0.4499604690134153
CE_KINGSAFETY:0.5
C_PIECESQUARETABLES:0.5
C_MOBILITY:0.4864230956414711
C_KINGSAFETY:0.5431565535532519
C_PAWNSTRUCTURE:0.43902350828149855
C_PIECECOORDINATION:0.5212416632565356
C_ROOK:0.5178986728585836
CE_ROOK:0.5082034229799693
C_CENTERCONTROL:0.49777005683040554
C_DEVELOPPIECES:0.47200237553300906
C_MATERIAL:0.4681477682771861
C_MOVECOUNT:0.46902377464355466
C_PAWNMOVEMENT:0.46372474942036457
