ELO:932
CE_PASSEDPAWNS:0.4564726925870325
CE_PAWNWEAKNESSES:0.5168981700897627
CE_PIECEACTIVITY:0.5047259778663058
CE_KINGPAWNSHIELD:0.5302208410395266
CE_PIECECOORDINATION:0.47974565040473954
CE_MATERIAL:0.4648603987142885
CE_KINGSAFETY:0.4769481083202571
C_PIECESQUARETABLES:0.493700752187752
C_MOBILITY:0.5095950805813837
C_KINGSAFETY:0.5182549512086663
C_PAWNSTRUCTURE:0.43662448133647147
C_PIECECOORDINATION:0.5104783837891361
C_ROOKANDPAWNMOVEMENT:0.5104783837891361
C_CENTERCONTROL:0.4997380402855678
C_DEVELOPPIECES:0.4927353537441701
C_MATERIAL:0.5643692582844898
C_MOVECOUNT:0.4991716915257933
