ELO:963
CE_PASSEDPAWNS:0.46825905001357165
CE_PAWNWEAKNESSES:0.5382287893101888
CE_PIECEACTIVITY:0.48291038436301464
CE_KINGPAWNSHIELD:0.5448912977379177
CE_PIECECOORDINATION:0.5037178670413495
CE_MATERIAL:0.4583741580159791
CE_KINGSAFETY:0.5091349336606028
C_PIECESQUARETABLES:0.4805882856218316
C_MOBILITY:0.49213065736602357
C_KINGSAFETY:0.5034439928379242
C_PAWNSTRUCTURE:0.541005790492624
C_PIECECOORDINATION:0.3887853997081048
C_ROOKANDPAWNMOVEMENT:0.3887853997081048
C_CENTERCONTROL:0.4428906973644624
C_DEVELOPPIECES:0.5407258435941348
C_MATERIAL:0.4233688239712715
