ELO:735
CE_PASSEDPAWNS:0.3479695981160306
CE_PAWNWEAKNESSES:0.5430554731312442
CE_PIECEACTIVITY:0.5026759045681016
CE_KINGPAWNSHIELD:0.4901630545766103
CE_PIECECOORDINATION:0.4126618607250744
CE_MATERIAL:0.48323099045882584
CE_KINGSAFETY:0.4538196837182352
C_PIECESQUARETABLES:0.5053262871255108
C_MOBILITY:0.49285953889369716
C_KINGSAFETY:0.4689167833632333
C_PAWNSTRUCTURE:0.47983675031937045
C_PIECECOORDINATION:0.4752381747760378
C_ROOKANDPAWNMOVEMENT:0.4752381747760378
C_CENTERCONTROL:0.47482310236425845
C_DEVELOPPIECES:0.6247983358176821
C_MATERIAL:0.4730848805190527
C_MOVECOUNT:0.5249938692742511
