ELO:1029
CE_PASSEDPAWNS:0.5146140641642772
CE_PAWNWEAKNESSES:0.508957161087916
CE_PIECEACTIVITY:0.5001184731529964
CE_KINGPAWNSHIELD:0.5272050368281263
CE_PIECECOORDINATION:0.4858273279290439
CE_MATERIAL:0.4913272283403476
CE_KINGSAFETY:0.5
C_PIECESQUARETABLES:0.5
C_MOBILITY:0.48209560630350645
C_KINGSAFETY:0.46200285986768486
C_PAWNSTRUCTURE:0.4959800873894563
C_PIECECOORDINATION:0.493935076261745
C_ROOK:0.496266584649756
CE_ROOK:0.4814625853181572
C_CENTERCONTROL:0.48745490307112077
C_DEVELOPPIECES:0.509493895522361
C_MATERIAL:0.4718044583437473
C_MOVECOUNT:0.514116766603907
C_PAWNMOVEMENT:0.4940662195207169
