ELO:1007
CE_PASSEDPAWNS:0.5106766206312706
CE_PAWNWEAKNESSES:0.4991714978647708
CE_PIECEACTIVITY:0.5018522600629741
CE_KINGPAWNSHIELD:0.5254319524687914
CE_PIECECOORDINATION:0.519357377125772
CE_MATERIAL:0.5095199341037742
CE_KINGSAFETY:0.4972534933452032
C_PIECESQUARETABLES:0.5
C_MOBILITY:0.5264890974363093
C_KINGSAFETY:0.5100103784524921
C_PAWNSTRUCTURE:0.49509117371341893
C_PIECECOORDINATION:0.5148323864648544
C_ROOK:0.4969461393487105
CE_ROOK:0.5142932695475265
C_CENTERCONTROL:0.5099348967727102
C_DEVELOPPIECES:0.5210193008596742
C_MATERIAL:0.4841726436364414
C_MOVECOUNT:0.48127203801066454
C_PAWNMOVEMENT:0.49081152050651267
