ELO:927
CE_PASSEDPAWNS:0.5295719880146063
CE_PAWNWEAKNESSES:0.519546674531605
CE_PIECEACTIVITY:0.48908381011985697
CE_KINGPAWNSHIELD:0.4745975445675865
CE_PIECECOORDINATION:0.504900367813555
CE_MATERIAL:0.5144288760031056
CE_KINGSAFETY:0.5070229304806089
C_PIECESQUARETABLES:0.5221708240262404
C_MOBILITY:0.4592327155268152
C_KINGSAFETY:0.5089397506462687
C_PAWNSTRUCTURE:0.5141612406789363
C_PIECECOORDINATION:0.49275826629562186
C_ROOKANDPAWNMOVEMENT:0.49275826629562186
C_CENTERCONTROL:0.4902736030700778
C_DEVELOPPIECES:0.5001653294599939
C_MATERIAL:0.49754602674850534
C_MOVECOUNT:0.5
