ELO:927
CE_PASSEDPAWNS:0.49885749307428273
CE_PAWNWEAKNESSES:0.5355534390082981
CE_PIECEACTIVITY:0.4847486658345745
CE_KINGPAWNSHIELD:0.507101621328034
CE_PIECECOORDINATION:0.465053920485342
CE_MATERIAL:0.44725325688143125
CE_KINGSAFETY:0.5084967961340481
C_PIECESQUARETABLES:0.5124827305217677
C_MOBILITY:0.5672980462633493
C_KINGSAFETY:0.5498075434946564
C_PAWNSTRUCTURE:0.5228293429926353
C_PIECECOORDINATION:0.5250130814904594
C_ROOKANDPAWNMOVEMENT:0.5250130814904594
C_CENTERCONTROL:0.4948831948042904
C_DEVELOPPIECES:0.5138927761202242
C_MATERIAL:0.5173058839781898
C_MOVECOUNT:0.5124774784552414
