ELO:999
CE_PASSEDPAWNS:0.49214067343583395
CE_PAWNWEAKNESSES:0.5090793226098052
CE_PIECEACTIVITY:0.5
CE_KINGPAWNSHIELD:0.5
CE_PIECECOORDINATION:0.5088821484109827
CE_MATERIAL:0.5
CE_KINGSAFETY:0.5
C_PIECESQUARETABLES:0.5
C_MOBILITY:0.4985388475718321
C_KINGSAFETY:0.5063053207914182
C_PAWNSTRUCTURE:0.5
C_PIECECOORDINATION:0.5
C_ROOKANDPAWNMOVEMENT:0.5
C_CENTERCONTROL:0.5
C_DEVELOPPIECES:0.5034363452274748
C_MATERIAL:0.5045049083080758
C_MOVECOUNT:0.5066565165153788
