ELO:916
CE_PASSEDPAWNS:0.40717836492309
CE_PAWNWEAKNESSES:0.44589001385876886
CE_PIECEACTIVITY:0.4124175243743802
CE_KINGPAWNSHIELD:0.47255485570823036
CE_PIECECOORDINATION:0.46598777824774307
CE_MATERIAL:0.49648601756549415
CE_KINGSAFETY:0.47971390433472133
C_PIECESQUARETABLES:0.5002379955005974
C_MOBILITY:0.4349946115589341
C_KINGSAFETY:0.4638785958547814
C_PAWNSTRUCTURE:0.418122038364732
C_PIECECOORDINATION:0.49965533008073676
C_ROOKANDPAWNMOVEMENT:0.49965533008073676
C_CENTERCONTROL:0.5501588496711926
C_DEVELOPPIECES:0.5240365936227445
C_MATERIAL:0.5819743532275397
