ELO:986
CE_PASSEDPAWNS:0.4878847214118576
CE_PAWNWEAKNESSES:0.5115097686560667
CE_PIECEACTIVITY:0.5
CE_KINGPAWNSHIELD:0.4970529870624917
CE_PIECECOORDINATION:0.49689210540319656
CE_MATERIAL:0.5082301330824319
CE_KINGSAFETY:0.4965620400002788
C_PIECESQUARETABLES:0.5008331950720833
C_MOBILITY:0.5098757863900277
C_KINGSAFETY:0.5086257230087765
C_PAWNSTRUCTURE:0.5
C_PIECECOORDINATION:0.5069600245319609
C_ROOKANDPAWNMOVEMENT:0.5069600245319609
C_CENTERCONTROL:0.4904901792606046
C_DEVELOPPIECES:0.49618745294448025
C_MATERIAL:0.5186108574807557
