ELO:691
CE_PASSEDPAWNS:0.5509949230440221
CE_PAWNWEAKNESSES:0.4479177594439216
CE_PIECEACTIVITY:0.5103286842334318
CE_KINGPAWNSHIELD:0.4998666202122277
CE_PIECECOORDINATION:0.4572414176932809
CE_MATERIAL:0.4022636790011155
CE_KINGSAFETY:0.5116830260571975
C_PIECESQUARETABLES:0.5289342804283592
C_MOBILITY:0.5047957105335542
C_KINGSAFETY:0.46442019605201085
C_PAWNSTRUCTURE:0.5506571496357257
C_PIECECOORDINATION:0.47783693301100294
C_ROOKANDPAWNMOVEMENT:0.47783693301100294
C_CENTERCONTROL:0.5043776928211375
C_DEVELOPPIECES:0.5071778096833873
C_MATERIAL:0.47557855716184805
C_MOVECOUNT:0.5
