ELO:1000
CE_PASSEDPAWNS:0.5
CE_PAWNWEAKNESSES:0.52303986180701
CE_PIECEACTIVITY:0.5
CE_KINGPAWNSHIELD:0.5012566550220432
CE_PIECECOORDINATION:0.5014119542730443
CE_MATERIAL:0.5
CE_KINGSAFETY:0.4984277277977898
C_PIECESQUARETABLES:0.4878420239964743
C_MOBILITY:0.5043441841126047
C_KINGSAFETY:0.5
C_PAWNSTRUCTURE:0.492421340950612
C_PIECECOORDINATION:0.4959087880400603
C_ROOKANDPAWNMOVEMENT:0.4959087880400603
C_CENTERCONTROL:0.5
C_DEVELOPPIECES:0.4945217663877142
C_MATERIAL:0.5
