ELO:918
CE_PASSEDPAWNS:0.5018376241430293
CE_PAWNWEAKNESSES:0.49232733489828967
CE_PIECEACTIVITY:0.4904745848442376
CE_KINGPAWNSHIELD:0.5391938049676562
CE_PIECECOORDINATION:0.5295752286685863
CE_MATERIAL:0.5175361199652798
CE_KINGSAFETY:0.5
C_PIECESQUARETABLES:0.5082424213931263
C_MOBILITY:0.49679818082911464
C_KINGSAFETY:0.5011832612268773
C_PAWNSTRUCTURE:0.4730018102202663
C_PIECECOORDINATION:0.5212892554813751
C_ROOK:0.510597535602541
CE_ROOK:0.5071832189802541
C_CENTERCONTROL:0.4631128622439528
C_DEVELOPPIECES:0.5110151782530833
C_MATERIAL:0.5214860973137604
C_MOVECOUNT:0.5895895917813947
C_PAWNMOVEMENT:0.45433721686386186
