ELO:989
CE_PASSEDPAWNS:0.3614529750774351
CE_PAWNWEAKNESSES:0.5086530027826172
CE_PIECEACTIVITY:0.5594978002495871
CE_KINGPAWNSHIELD:0.46184294528711856
CE_PIECECOORDINATION:0.46544225017118723
CE_MATERIAL:0.505934999764836
CE_KINGSAFETY:0.5
C_PIECESQUARETABLES:0.4886936027783175
C_MOBILITY:0.5090457406936619
C_KINGSAFETY:0.561813286641225
C_PAWNSTRUCTURE:0.32134280223098727
C_PIECECOORDINATION:0.45464813938282267
C_ROOKANDPAWNMOVEMENT:0.45464813938282267
C_CENTERCONTROL:0.36374668758801815
C_DEVELOPPIECES:0.48483576568911063
C_MATERIAL:0.6751490881267054
