ELO:978
CE_PASSEDPAWNS:0.5152271366819193
CE_PAWNWEAKNESSES:0.5063042535878421
CE_PIECEACTIVITY:0.490525563905148
CE_KINGPAWNSHIELD:0.49511053821191614
CE_PIECECOORDINATION:0.4709654397025299
CE_MATERIAL:0.49668752066190774
CE_KINGSAFETY:0.5
C_PIECESQUARETABLES:0.5086008776078705
C_MOBILITY:0.4974162370129939
C_KINGSAFETY:0.48838610434333074
C_PAWNSTRUCTURE:0.5198622653987819
C_PIECECOORDINATION:0.515974955063748
C_ROOKANDPAWNMOVEMENT:0.515974955063748
C_CENTERCONTROL:0.48180478101811514
C_DEVELOPPIECES:0.5023177746946333
C_MATERIAL:0.5058495468379601
C_MOVECOUNT:0.5203821732960106
