ELO:832
CE_PASSEDPAWNS:0.4870543863348913
CE_PAWNWEAKNESSES:0.5226268374297782
CE_PIECEACTIVITY:0.4830926996971715
CE_KINGPAWNSHIELD:0.5575326753509372
CE_PIECECOORDINATION:0.4908554647785947
CE_MATERIAL:0.5063606538034474
CE_KINGSAFETY:0.49293294113192704
C_PIECESQUARETABLES:0.4956711779402184
C_MOBILITY:0.501341476798303
C_KINGSAFETY:0.4757057123016437
C_PAWNSTRUCTURE:0.4434886935005732
C_PIECECOORDINATION:0.5093484051373158
C_ROOK:0.4666913222121894
CE_ROOK:0.4648670483383234
C_CENTERCONTROL:0.5046630518560772
C_DEVELOPPIECES:0.5533177298835874
C_MATERIAL:0.4982939079420117
C_MOVECOUNT:0.5729753191518591
C_PAWNMOVEMENT:0.46500290962429325
