ELO:931
CE_PASSEDPAWNS:0.5247684186831206
CE_PAWNWEAKNESSES:0.48895888177672703
CE_PIECEACTIVITY:0.5410414798856752
CE_KINGPAWNSHIELD:0.4943446031332818
CE_PIECECOORDINATION:0.4854840153751176
CE_MATERIAL:0.5291465206769886
CE_KINGSAFETY:0.5149855878054279
C_PIECESQUARETABLES:0.5305323622003502
C_MOBILITY:0.49473525111461036
C_KINGSAFETY:0.5200721960727277
C_PAWNSTRUCTURE:0.5069780296217781
C_PIECECOORDINATION:0.528148507691098
C_ROOKANDPAWNMOVEMENT:0.528148507691098
C_CENTERCONTROL:0.4672893029204308
C_DEVELOPPIECES:0.5274808182681315
C_MATERIAL:0.49428763717927154
C_MOVECOUNT:0.5
