ELO:905
CE_PASSEDPAWNS:0.5575581246639056
CE_PAWNWEAKNESSES:0.48166901168353204
CE_PIECEACTIVITY:0.4620335954931112
CE_KINGPAWNSHIELD:0.491621448269151
CE_PIECECOORDINATION:0.5021292381260885
CE_MATERIAL:0.5189777545066656
CE_KINGSAFETY:0.5115374918573624
C_PIECESQUARETABLES:0.47320465748896845
C_MOBILITY:0.44869581781864326
C_KINGSAFETY:0.48785156103372523
C_PAWNSTRUCTURE:0.5111004597955998
C_PIECECOORDINATION:0.5171323475600551
C_ROOKANDPAWNMOVEMENT:0.5171323475600551
C_CENTERCONTROL:0.51444760288424
C_DEVELOPPIECES:0.5704386472475055
C_MATERIAL:0.46606244064086705
C_MOVECOUNT:0.5
