ELO:985
CE_PASSEDPAWNS:0.5043718179345719
CE_PAWNWEAKNESSES:0.48278030175098374
CE_PIECEACTIVITY:0.6224942259585302
CE_KINGPAWNSHIELD:0.5793061203283828
CE_PIECECOORDINATION:0.39042372716710927
CE_MATERIAL:0.5523914904076437
CE_KINGSAFETY:0.5151545145620727
C_PIECESQUARETABLES:0.48695959458117094
C_MOBILITY:0.6300010650449849
C_KINGSAFETY:0.3992451240561795
C_PAWNSTRUCTURE:0.5374805829081533
C_PIECECOORDINATION:0.5736028429993466
C_ROOKANDPAWNMOVEMENT:0.5736028429993466
C_CENTERCONTROL:0.41916707040849105
C_DEVELOPPIECES:0.5236767997652241
C_MATERIAL:0.44635648328342126
