ELO:968
CE_PASSEDPAWNS:0.4879026756098285
CE_PAWNWEAKNESSES:0.5362856473077564
CE_PIECEACTIVITY:0.6274805354193139
CE_KINGPAWNSHIELD:0.4565304764660295
CE_PIECECOORDINATION:0.5114301507111053
CE_MATERIAL:0.5792839061397623
CE_KINGSAFETY:0.48388918523879504
C_PIECESQUARETABLES:0.5217456552817068
C_MOBILITY:0.5271362991454174
C_KINGSAFETY:0.5823451801338598
C_PAWNSTRUCTURE:0.4989673743326305
C_PIECECOORDINATION:0.5253267126656216
C_ROOKANDPAWNMOVEMENT:0.5253267126656216
C_CENTERCONTROL:0.5053876677827067
C_DEVELOPPIECES:0.46300671918430836
C_MATERIAL:0.5092775425300823
