ELO:989
CE_PASSEDPAWNS:0.5457345729423272
CE_PAWNWEAKNESSES:0.5153924372489648
CE_PIECEACTIVITY:0.5479784491089047
CE_KINGPAWNSHIELD:0.4632498498082287
CE_PIECECOORDINATION:0.4661931619279085
CE_MATERIAL:0.5132821330604168
CE_KINGSAFETY:0.5
C_PIECESQUARETABLES:0.5
C_MOBILITY:0.5125480863662673
C_KINGSAFETY:0.57923946111499
C_PAWNSTRUCTURE:0.32134280223098727
C_PIECECOORDINATION:0.45483095670323115
C_ROOKANDPAWNMOVEMENT:0.45483095670323115
C_CENTERCONTROL:0.34079103873707267
C_DEVELOPPIECES:0.48344206374071397
C_MATERIAL:0.5806182599055276
