ELO:856
CE_PASSEDPAWNS:0.5496784124819738
CE_PAWNWEAKNESSES:0.495553555366311
CE_PIECEACTIVITY:0.555831741856349
CE_KINGPAWNSHIELD:0.4371554762265311
CE_PIECECOORDINATION:0.5130443303932318
CE_MATERIAL:0.5021135166818813
CE_KINGSAFETY:0.5091787375495103
C_PIECESQUARETABLES:0.4931227824496299
C_MOBILITY:0.42506430166017745
C_KINGSAFETY:0.4581830533184241
C_PAWNSTRUCTURE:0.5339768338161699
C_PIECECOORDINATION:0.5863891368701929
C_ROOKANDPAWNMOVEMENT:0.5863891368701929
C_CENTERCONTROL:0.519175282233489
C_DEVELOPPIECES:0.5049364061848868
C_MATERIAL:0.4189283614461547
C_MOVECOUNT:0.5
