ELO:962
CE_PASSEDPAWNS:0.5178021989693374
CE_PAWNWEAKNESSES:0.4849315727662253
CE_PIECEACTIVITY:0.4852607132780449
CE_KINGPAWNSHIELD:0.46055660206799987
CE_PIECECOORDINATION:0.4909315034196782
CE_MATERIAL:0.491803843840243
CE_KINGSAFETY:0.5071194694386373
C_PIECESQUARETABLES:0.5024193674962798
C_MOBILITY:0.5205036082687595
C_KINGSAFETY:0.5051042748977143
C_PAWNSTRUCTURE:0.5040466583913675
C_PIECECOORDINATION:0.5396519652742782
C_ROOKANDPAWNMOVEMENT:0.5396519652742782
C_CENTERCONTROL:0.4934503954891972
C_DEVELOPPIECES:0.5255851041359336
C_MATERIAL:0.4882091351852245
C_MOVECOUNT:0.5
