ELO:921
CE_PASSEDPAWNS:0.4944175662806143
CE_PAWNWEAKNESSES:0.49239015143446774
CE_PIECEACTIVITY:0.5089377799321207
CE_KINGPAWNSHIELD:0.5391938049676562
CE_PIECECOORDINATION:0.5116899796276105
CE_MATERIAL:0.5175361199652798
CE_KINGSAFETY:0.5
C_PIECESQUARETABLES:0.5
C_MOBILITY:0.49679818082911464
C_KINGSAFETY:0.49984166857931045
C_PAWNSTRUCTURE:0.47893673598340153
C_PIECECOORDINATION:0.522286451821776
C_ROOK:0.510597535602541
CE_ROOK:0.4953642881181124
C_CENTERCONTROL:0.46800996605697515
C_DEVELOPPIECES:0.5110151782530833
C_MATERIAL:0.5214860973137604
C_MOVECOUNT:0.5895895917813947
C_PAWNMOVEMENT:0.45433721686386186
