ELO:846
CE_PASSEDPAWNS:0.5221353722209293
CE_PAWNWEAKNESSES:0.5890016833808196
CE_PIECEACTIVITY:0.4622756454609424
CE_KINGPAWNSHIELD:0.6115648896038276
CE_PIECECOORDINATION:0.40317472881428107
CE_MATERIAL:0.46802279653334855
CE_KINGSAFETY:0.5230055688911894
C_PIECESQUARETABLES:0.5350434087422296
C_MOBILITY:0.4392091709036162
C_KINGSAFETY:0.5365966305772787
C_PAWNSTRUCTURE:0.6060825645834464
C_PIECECOORDINATION:0.37276416026453374
C_ROOKANDPAWNMOVEMENT:0.37276416026453374
C_CENTERCONTROL:0.5241853218938093
C_DEVELOPPIECES:0.5638792806109907
C_MATERIAL:0.5248861169836317
