ELO:974
CE_PASSEDPAWNS:0.4984357807725553
CE_PAWNWEAKNESSES:0.4889024305035117
CE_PIECEACTIVITY:0.49115445288894855
CE_KINGPAWNSHIELD:0.49420073899978817
CE_PIECECOORDINATION:0.45787155773489346
CE_MATERIAL:0.516882404006268
CE_KINGSAFETY:0.5
C_PIECESQUARETABLES:0.5042451129434059
C_MOBILITY:0.49314698877381735
C_KINGSAFETY:0.4912478003944541
C_PAWNSTRUCTURE:0.5
C_PIECECOORDINATION:0.530684335206803
C_ROOKANDPAWNMOVEMENT:0.530684335206803
C_CENTERCONTROL:0.5244815900429176
C_DEVELOPPIECES:0.409519749517668
C_MATERIAL:0.47162477853147056
C_MOVECOUNT:0.5038186432332966
