ELO:972
CE_PASSEDPAWNS:0.4615490241708774
CE_PAWNWEAKNESSES:0.4392950600556903
CE_PIECEACTIVITY:0.48206447593548796
CE_KINGPAWNSHIELD:0.41411941934080543
CE_PIECECOORDINATION:0.4475857806427516
CE_MATERIAL:0.49275485668781505
CE_KINGSAFETY:0.512152481945677
C_PIECESQUARETABLES:0.46103399322789607
C_MOBILITY:0.4815468708281749
C_KINGSAFETY:0.6204968807276516
C_PAWNSTRUCTURE:0.4606620217145274
C_PIECECOORDINATION:0.33943760272032264
C_ROOKANDPAWNMOVEMENT:0.33943760272032264
C_CENTERCONTROL:0.47515475106215316
C_DEVELOPPIECES:0.5586687643983947
C_MATERIAL:0.43007466622733376
