ELO:959
CE_PASSEDPAWNS:0.5035381271664685
CE_PAWNWEAKNESSES:0.5216917515695874
CE_PIECEACTIVITY:0.5120548257298794
CE_KINGPAWNSHIELD:0.5006022357033754
CE_PIECECOORDINATION:0.5043230142670388
CE_MATERIAL:0.4938790964401578
CE_KINGSAFETY:0.4899734567448891
C_PIECESQUARETABLES:0.5004139133089408
C_MOBILITY:0.537800261977456
C_KINGSAFETY:0.4942438631638239
C_PAWNSTRUCTURE:0.4924836600308494
C_PIECECOORDINATION:0.5032632497230973
C_ROOKANDPAWNMOVEMENT:0.5032632497230973
C_CENTERCONTROL:0.5009471083070824
C_DEVELOPPIECES:0.474254133211217
C_MATERIAL:0.5095196024607384
C_MOVECOUNT:0.5
