ELO:1000
CE_PASSEDPAWNS:0.5029202806581339
CE_PAWNWEAKNESSES:0.5340005110230513
CE_PIECEACTIVITY:0.5239915589330395
CE_KINGPAWNSHIELD:0.5160726390688063
CE_PIECECOORDINATION:0.5454909098038982
CE_MATERIAL:0.5161819382613914
CE_KINGSAFETY:0.49891262611157533
C_PIECESQUARETABLES:0.46395083850925206
C_MOBILITY:0.4878104740536821
C_KINGSAFETY:0.5023554107381314
C_PAWNSTRUCTURE:0.5044942007431138
C_PIECECOORDINATION:0.48338843869507375
C_ROOKANDPAWNMOVEMENT:0.48338843869507375
C_CENTERCONTROL:0.4529167128129965
C_DEVELOPPIECES:0.5024863388443924
C_MATERIAL:0.5032178033969301
