ELO:1009
CE_PASSEDPAWNS:0.5116890071828696
CE_PAWNWEAKNESSES:0.5106690159013071
CE_PIECEACTIVITY:0.491355587244187
CE_KINGPAWNSHIELD:0.5
CE_PIECECOORDINATION:0.4852063996030974
CE_MATERIAL:0.4891721019949245
CE_KINGSAFETY:0.5
C_PIECESQUARETABLES:0.5
C_MOBILITY:0.5097692551312917
C_KINGSAFETY:0.5028114045468888
C_PAWNSTRUCTURE:0.5040985657012476
C_PIECECOORDINATION:0.5086019740476027
C_ROOKANDPAWNMOVEMENT:0.5086019740476027
C_CENTERCONTROL:0.5121563537941975
C_DEVELOPPIECES:0.4863586677822191
C_MATERIAL:0.5102448866187922
C_MOVECOUNT:0.5
