ELO:979
CE_PASSEDPAWNS:0.5147263755562373
CE_PAWNWEAKNESSES:0.4626986517417011
CE_PIECEACTIVITY:0.6244408113186612
CE_KINGPAWNSHIELD:0.5779928121513734
CE_PIECECOORDINATION:0.3841112050401118
CE_MATERIAL:0.5462279098555732
CE_KINGSAFETY:0.506153794137582
C_PIECESQUARETABLES:0.48745058796780405
C_MOBILITY:0.6174587211377974
C_KINGSAFETY:0.3976269189115549
C_PAWNSTRUCTURE:0.5302325593421368
C_PIECECOORDINATION:0.5642142681309176
C_ROOKANDPAWNMOVEMENT:0.5642142681309176
C_CENTERCONTROL:0.4157111174202268
C_DEVELOPPIECES:0.5205299655133642
C_MATERIAL:0.4529846541947608
