ELO:1008
CE_PASSEDPAWNS:0.4737992565185671
CE_PAWNWEAKNESSES:0.45713829607662276
CE_PIECEACTIVITY:0.4816728767032236
CE_KINGPAWNSHIELD:0.44105476458801984
CE_PIECECOORDINATION:0.4863139914142892
CE_MATERIAL:0.4826396631825247
CE_KINGSAFETY:0.48769728234121323
C_PIECESQUARETABLES:0.5002930204154089
C_MOBILITY:0.47945668007062986
C_KINGSAFETY:0.6080478026622652
C_PAWNSTRUCTURE:0.4684078047488002
C_PIECECOORDINATION:0.3262810746303233
C_ROOKANDPAWNMOVEMENT:0.3262810746303233
C_CENTERCONTROL:0.4876092392401944
C_DEVELOPPIECES:0.5665880433061509
C_MATERIAL:0.4278657084395871
