ELO:1000
CE_PASSEDPAWNS:0.5263205548672586
CE_PAWNWEAKNESSES:0.5561658765415739
CE_PIECEACTIVITY:0.5204937170678878
CE_KINGPAWNSHIELD:0.46104045729835946
CE_PIECECOORDINATION:0.4741217587847188
CE_MATERIAL:0.5399660568115612
CE_KINGSAFETY:0.4895730057881922
C_PIECESQUARETABLES:0.5062799666505914
C_MOBILITY:0.4546103076218812
C_KINGSAFETY:0.5141793489814983
C_PAWNSTRUCTURE:0.5103708082973812
C_PIECECOORDINATION:0.4374148810449387
C_ROOKANDPAWNMOVEMENT:0.4374148810449387
C_CENTERCONTROL:0.5107514141820931
C_DEVELOPPIECES:0.46228924078083394
C_MATERIAL:0.4848794790330799
