ELO:938
CE_PASSEDPAWNS:0.4855646617691611
CE_PAWNWEAKNESSES:0.5648276237779749
CE_PIECEACTIVITY:0.6214151847347149
CE_KINGPAWNSHIELD:0.42153459452742265
CE_PIECECOORDINATION:0.49811337196208877
CE_MATERIAL:0.5625138202564757
CE_KINGSAFETY:0.5113510809330879
C_PIECESQUARETABLES:0.488145341662015
C_MOBILITY:0.503758431450149
C_KINGSAFETY:0.5869249680500506
C_PAWNSTRUCTURE:0.46694544994044906
C_PIECECOORDINATION:0.5431239093077328
C_ROOKANDPAWNMOVEMENT:0.5431239093077328
C_CENTERCONTROL:0.49805685188404825
C_DEVELOPPIECES:0.4084962945146815
C_MATERIAL:0.5232161791379781
