ELO:943
CE_PASSEDPAWNS:0.4973447014037928
CE_PAWNWEAKNESSES:0.5315403785790396
CE_PIECEACTIVITY:0.4864452915146333
CE_KINGPAWNSHIELD:0.4955476755177481
CE_PIECECOORDINATION:0.502843738561162
CE_MATERIAL:0.5351736781071156
CE_KINGSAFETY:0.5199646037412271
C_PIECESQUARETABLES:0.5054752696892263
C_MOBILITY:0.47154800507623246
C_KINGSAFETY:0.4995341218167197
C_PAWNSTRUCTURE:0.5021313164666326
C_PIECECOORDINATION:0.5066275657270887
C_ROOK:0.5021112236373926
CE_ROOK:0.5333980381349063
C_CENTERCONTROL:0.5193141673389069
C_DEVELOPPIECES:0.5249328691025165
C_MATERIAL:0.48776390428707533
C_MOVECOUNT:0.553173415162623
C_PAWNMOVEMENT:0.4782455922231603
