ELO:1000
CE_PASSEDPAWNS:0.505385902760563
CE_PAWNWEAKNESSES:0.5
CE_PIECEACTIVITY:0.5089242457444888
CE_KINGPAWNSHIELD:0.5
CE_PIECECOORDINATION:0.5
CE_MATERIAL:0.49619199287720167
CE_KINGSAFETY:0.5104916583850989
C_PIECESQUARETABLES:0.5
C_MOBILITY:0.5
C_KINGSAFETY:0.5
C_PAWNSTRUCTURE:0.5106871229328716
C_PIECECOORDINATION:0.5124001056148584
C_ROOKANDPAWNMOVEMENT:0.5124001056148584
C_CENTERCONTROL:0.5032959936921696
C_DEVELOPPIECES:0.5
C_MATERIAL:0.48996892387604457
C_MOVECOUNT:0.5
