ELO:945
CE_PASSEDPAWNS:0.4973447014037928
CE_PAWNWEAKNESSES:0.5285606480046084
CE_PIECEACTIVITY:0.49580341559926294
CE_KINGPAWNSHIELD:0.49630516121875395
CE_PIECECOORDINATION:0.5069813505539963
CE_MATERIAL:0.5351736781071156
CE_KINGSAFETY:0.5199646037412271
C_PIECESQUARETABLES:0.5054752696892263
C_MOBILITY:0.47774392836516977
C_KINGSAFETY:0.4995341218167197
C_PAWNSTRUCTURE:0.5021313164666326
C_PIECECOORDINATION:0.4893085196018099
C_ROOK:0.5021112236373926
CE_ROOK:0.538147348844376
C_CENTERCONTROL:0.5193141673389069
C_DEVELOPPIECES:0.5249328691025165
C_MATERIAL:0.48776390428707533
C_MOVECOUNT:0.5304769594819871
C_PAWNMOVEMENT:0.47255807702152
