ELO:1000
CE_PASSEDPAWNS:0.5063245627420064
CE_PAWNWEAKNESSES:0.5427800549236695
CE_PIECEACTIVITY:0.5271428310147963
CE_KINGPAWNSHIELD:0.5159148126666027
CE_PIECECOORDINATION:0.501972840579698
CE_MATERIAL:0.5260248612394145
CE_KINGSAFETY:0.4759554292471837
C_PIECESQUARETABLES:0.44016863896282077
C_MOBILITY:0.5025357345080352
C_KINGSAFETY:0.49845299063729065
C_PAWNSTRUCTURE:0.49111487294182143
C_PIECECOORDINATION:0.4297245492132881
C_ROOKANDPAWNMOVEMENT:0.4297245492132881
C_CENTERCONTROL:0.4375777460182066
C_DEVELOPPIECES:0.5096881921642711
C_MATERIAL:0.4706304119413687
