ELO:829
CE_PASSEDPAWNS:0.49435628602388443
CE_PAWNWEAKNESSES:0.5292247329448683
CE_PIECEACTIVITY:0.4866883413441251
CE_KINGPAWNSHIELD:0.5604951832089239
CE_PIECECOORDINATION:0.5018296749989017
CE_MATERIAL:0.5060000210090861
CE_KINGSAFETY:0.5080898555979982
C_PIECESQUARETABLES:0.48771802183742946
C_MOBILITY:0.49852810206031684
C_KINGSAFETY:0.4853377864900496
C_PAWNSTRUCTURE:0.45542733024625326
C_PIECECOORDINATION:0.5178585822148551
C_ROOK:0.48667180156465034
CE_ROOK:0.4859354792994022
C_CENTERCONTROL:0.48604625529003553
C_DEVELOPPIECES:0.5377548833626572
C_MATERIAL:0.5279521317242731
C_MOVECOUNT:0.5906663306597147
C_PAWNMOVEMENT:0.46708710992688135
