ELO:1022
CE_PASSEDPAWNS:0.510596965701933
CE_PAWNWEAKNESSES:0.48596883096053656
CE_PIECEACTIVITY:0.5
CE_KINGPAWNSHIELD:0.5
CE_PIECECOORDINATION:0.5
CE_MATERIAL:0.5
CE_KINGSAFETY:0.5
C_PIECESQUARETABLES:0.5
C_MOBILITY:0.5115023106231782
C_KINGSAFETY:0.5
C_PAWNSTRUCTURE:0.504003991390294
C_PIECECOORDINATION:0.5011370864075934
C_ROOKANDPAWNMOVEMENT:0.5011370864075934
C_CENTERCONTROL:0.4894791766970122
C_DEVELOPPIECES:0.5
C_MATERIAL:0.4962809530718744
C_MOVECOUNT:0.5
