ELO:1020
CE_PASSEDPAWNS:0.4928856836824982
CE_PAWNWEAKNESSES:0.5
CE_PIECEACTIVITY:0.4905113588462886
CE_KINGPAWNSHIELD:0.5
CE_PIECECOORDINATION:0.5
CE_MATERIAL:0.4948848286128608
CE_KINGSAFETY:0.4824556783707558
C_PIECESQUARETABLES:0.5
C_MOBILITY:0.5
C_KINGSAFETY:0.49934917075454277
C_PAWNSTRUCTURE:0.5
C_PIECECOORDINATION:0.5092569203507331
C_ROOKANDPAWNMOVEMENT:0.5092569203507331
C_CENTERCONTROL:0.5
C_DEVELOPPIECES:0.5
C_MATERIAL:0.5
C_MOVECOUNT:0.49614926186636277
