ELO:889
CE_PASSEDPAWNS:0.56527331546829
CE_PAWNWEAKNESSES:0.44838509905506346
CE_PIECEACTIVITY:0.5075606055231794
CE_KINGPAWNSHIELD:0.5903185469551735
CE_PIECECOORDINATION:0.5544864562942241
CE_MATERIAL:0.4642849027886393
CE_KINGSAFETY:0.48860368209942706
C_PIECESQUARETABLES:0.5275423749457132
C_MOBILITY:0.5956779972118269
C_KINGSAFETY:0.47195444462151953
C_PAWNSTRUCTURE:0.5310215990773189
C_PIECECOORDINATION:0.5465611710376599
C_ROOKANDPAWNMOVEMENT:0.5465611710376599
C_CENTERCONTROL:0.5925869534843445
C_DEVELOPPIECES:0.4112338571942352
C_MATERIAL:0.5517238879325004
