ELO:991
CE_PASSEDPAWNS:0.5000153633049421
CE_PAWNWEAKNESSES:0.5100032299835274
CE_PIECEACTIVITY:0.46784793947790854
CE_KINGPAWNSHIELD:0.4699409344203042
CE_PIECECOORDINATION:0.4948007938454724
CE_MATERIAL:0.48700574722378986
CE_KINGSAFETY:0.49531494401523873
C_PIECESQUARETABLES:0.5086954320860273
C_MOBILITY:0.49465240504371966
C_KINGSAFETY:0.47149627191649335
C_PAWNSTRUCTURE:0.47158270518485934
C_PIECECOORDINATION:0.46767354357325414
C_ROOKANDPAWNMOVEMENT:0.46767354357325414
C_CENTERCONTROL:0.504550165895592
C_DEVELOPPIECES:0.5294938908719278
C_MATERIAL:0.4923911941373668
