ELO:977
CE_PASSEDPAWNS:0.47090830293531477
CE_PAWNWEAKNESSES:0.4946873527930898
CE_PIECEACTIVITY:0.49637523821128515
CE_KINGPAWNSHIELD:0.4962273980144836
CE_PIECECOORDINATION:0.4852104247943309
CE_MATERIAL:0.5037958192661481
CE_KINGSAFETY:0.5
C_PIECESQUARETABLES:0.5
C_MOBILITY:0.5057504886823682
C_KINGSAFETY:0.4962977774524841
C_PAWNSTRUCTURE:0.5
C_PIECECOORDINATION:0.5477221536128583
C_ROOKANDPAWNMOVEMENT:0.5477221536128583
C_CENTERCONTROL:0.4914956976531983
C_DEVELOPPIECES:0.5
C_MATERIAL:0.4958712676840111
C_MOVECOUNT:0.5014147002601613
