ELO:917
CE_PASSEDPAWNS:0.39101066092797127
CE_PAWNWEAKNESSES:0.5698496610691723
CE_PIECEACTIVITY:0.5438501752369062
CE_KINGPAWNSHIELD:0.49612893215203774
CE_PIECECOORDINATION:0.49489728232628366
CE_MATERIAL:0.49648601756549415
CE_KINGSAFETY:0.5
C_PIECESQUARETABLES:0.5
C_MOBILITY:0.4953843601602064
C_KINGSAFETY:0.3727399947987057
C_PAWNSTRUCTURE:0.5171244076733257
C_PIECECOORDINATION:0.45646531120768447
C_ROOKANDPAWNMOVEMENT:0.45646531120768447
C_CENTERCONTROL:0.5842900836173676
C_DEVELOPPIECES:0.36902781715096283
C_MATERIAL:0.575143907429924
