ELO:977
CE_PASSEDPAWNS:0.48627447766482407
CE_PAWNWEAKNESSES:0.5088003078987118
CE_PIECEACTIVITY:0.4912324884790579
CE_KINGPAWNSHIELD:0.4791441641725159
CE_PIECECOORDINATION:0.500053313438649
CE_MATERIAL:0.5
CE_KINGSAFETY:0.5
C_PIECESQUARETABLES:0.5
C_MOBILITY:0.49323468601376524
C_KINGSAFETY:0.5082743224131206
C_PAWNSTRUCTURE:0.49118615436207275
C_PIECECOORDINATION:0.515974955063748
C_ROOKANDPAWNMOVEMENT:0.515974955063748
C_CENTERCONTROL:0.49413675243596106
C_DEVELOPPIECES:0.5042189794626954
C_MATERIAL:0.5084638789870568
C_MOVECOUNT:0.5181708079594721
