ELO:1027
CE_PASSEDPAWNS:0.44900556401952585
CE_PAWNWEAKNESSES:0.45713829607662276
CE_PIECEACTIVITY:0.47502376479856384
CE_KINGPAWNSHIELD:0.44665168308974385
CE_PIECECOORDINATION:0.46353254505341435
CE_MATERIAL:0.4727129762886082
CE_KINGSAFETY:0.4796375647352781
C_PIECESQUARETABLES:0.5043122912719398
C_MOBILITY:0.4548049775457279
C_KINGSAFETY:0.6080478026622652
C_PAWNSTRUCTURE:0.4599129506459484
C_PIECECOORDINATION:0.3312175844082651
C_ROOKANDPAWNMOVEMENT:0.3312175844082651
C_CENTERCONTROL:0.4921137734863767
C_DEVELOPPIECES:0.5653591332819483
C_MATERIAL:0.43168345979236694
