ELO:984
CE_PASSEDPAWNS:0.5079977749232044
CE_PAWNWEAKNESSES:0.49500997225854615
CE_PIECEACTIVITY:0.5275599785487721
CE_KINGPAWNSHIELD:0.5036056767679618
CE_PIECECOORDINATION:0.5020163436059513
CE_MATERIAL:0.49537994039280603
CE_KINGSAFETY:0.5
C_PIECESQUARETABLES:0.5
C_MOBILITY:0.4919495836346297
C_KINGSAFETY:0.48592022344600583
C_PAWNSTRUCTURE:0.5
C_PIECECOORDINATION:0.4945782212858213
C_ROOKANDPAWNMOVEMENT:0.4945782212858213
C_CENTERCONTROL:0.525052303843467
C_DEVELOPPIECES:0.5
C_MATERIAL:0.517189690780827
C_MOVECOUNT:0.4964855795139429
