ELO:975
CE_PASSEDPAWNS:0.48713774371558244
CE_PAWNWEAKNESSES:0.5315403785790396
CE_PIECEACTIVITY:0.5012477792530566
CE_KINGPAWNSHIELD:0.5057020682566291
CE_PIECECOORDINATION:0.5145459382905904
CE_MATERIAL:0.5202575819399395
CE_KINGSAFETY:0.49050159129428944
C_PIECESQUARETABLES:0.4944024560341702
C_MOBILITY:0.4550440283852416
C_KINGSAFETY:0.4948932396140056
C_PAWNSTRUCTURE:0.5016052981466276
C_PIECECOORDINATION:0.5066275657270887
C_ROOK:0.5085863153843646
CE_ROOK:0.5512639845454143
C_CENTERCONTROL:0.5249644624787516
C_DEVELOPPIECES:0.5262834722023814
C_MATERIAL:0.4643250567379407
C_MOVECOUNT:0.5655178453741729
C_PAWNMOVEMENT:0.477887027848118
