ELO:921
CE_PASSEDPAWNS:0.45056077490140317
CE_PAWNWEAKNESSES:0.5040714051852644
CE_PIECEACTIVITY:0.4298197635600926
CE_KINGPAWNSHIELD:0.5505197546459841
CE_PIECECOORDINATION:0.6442276642067065
CE_MATERIAL:0.4713024247033489
CE_KINGSAFETY:0.5235231882665735
C_PIECESQUARETABLES:0.48942430797785397
C_MOBILITY:0.3899237697281215
C_KINGSAFETY:0.4353999968251063
C_PAWNSTRUCTURE:0.5014968732779023
C_PIECECOORDINATION:0.6676572565248297
C_ROOKANDPAWNMOVEMENT:0.6676572565248297
C_CENTERCONTROL:0.5418388775546638
C_DEVELOPPIECES:0.5955682510245537
C_MATERIAL:0.4385989129333709
