ELO:858
CE_PASSEDPAWNS:0.5583156785018337
CE_PAWNWEAKNESSES:0.49111205954293685
CE_PIECEACTIVITY:0.5420609059168414
CE_KINGPAWNSHIELD:0.5132714472253855
CE_PIECECOORDINATION:0.4455794579352219
CE_MATERIAL:0.4683095931256028
CE_KINGSAFETY:0.4855336856932538
C_PIECESQUARETABLES:0.4875860891311812
C_MOBILITY:0.5055933635516993
C_KINGSAFETY:0.48073609384740307
C_PAWNSTRUCTURE:0.5189365874485533
C_PIECECOORDINATION:0.4842904961798706
C_ROOKANDPAWNMOVEMENT:0.4842904961798706
C_CENTERCONTROL:0.48636744384595354
C_DEVELOPPIECES:0.5072211360676884
C_MATERIAL:0.5042294258469355
C_MOVECOUNT:0.5479527607042441
