ELO:1000
CE_PASSEDPAWNS:0.4277781230634806
CE_PAWNWEAKNESSES:0.478952070573433
CE_PIECEACTIVITY:0.4433168707869023
CE_KINGPAWNSHIELD:0.5225457689706416
CE_PIECECOORDINATION:0.4882634361415228
CE_MATERIAL:0.47748827196289434
CE_KINGSAFETY:0.5122046649550276
C_PIECESQUARETABLES:0.50710412361093
C_MOBILITY:0.4883063704832975
C_KINGSAFETY:0.4725807114155179
C_PAWNSTRUCTURE:0.4160553991277048
C_PIECECOORDINATION:0.6006322170226307
C_ROOKANDPAWNMOVEMENT:0.6006322170226307
C_CENTERCONTROL:0.4783254092811033
C_DEVELOPPIECES:0.5110742510381387
C_MATERIAL:0.47521287571140014
