ELO:954
CE_PASSEDPAWNS:0.5257002466634016
CE_PAWNWEAKNESSES:0.5089153051968388
CE_PIECEACTIVITY:0.5125578947343663
CE_KINGPAWNSHIELD:0.5246490204403828
CE_PIECECOORDINATION:0.4809848933636334
CE_MATERIAL:0.5057336554937988
CE_KINGSAFETY:0.4893390747353251
C_PIECESQUARETABLES:0.489767473157976
C_MOBILITY:0.45802788069440037
C_KINGSAFETY:0.5373134522162929
C_PAWNSTRUCTURE:0.49599553539890706
C_PIECECOORDINATION:0.45157329341232105
C_ROOKANDPAWNMOVEMENT:0.45157329341232105
C_CENTERCONTROL:0.4882126408587118
C_DEVELOPPIECES:0.4920230416369446
C_MATERIAL:0.528687898170071
C_MOVECOUNT:0.5
