ELO:845
CE_PASSEDPAWNS:0.5146412072646844
CE_PAWNWEAKNESSES:0.47618584825783783
CE_PIECEACTIVITY:0.49064842252524493
CE_KINGPAWNSHIELD:0.4861802231017417
CE_PIECECOORDINATION:0.4272665510463064
CE_MATERIAL:0.5041973973195708
CE_KINGSAFETY:0.4641900934942138
C_PIECESQUARETABLES:0.5212847615616605
C_MOBILITY:0.4822215416376197
C_KINGSAFETY:0.4992070917065429
C_PAWNSTRUCTURE:0.5349351171171461
C_PIECECOORDINATION:0.49024990469418667
C_ROOKANDPAWNMOVEMENT:0.49024990469418667
C_CENTERCONTROL:0.46573154583868365
C_DEVELOPPIECES:0.5343042750748795
C_MATERIAL:0.5130316733015564
C_MOVECOUNT:0.5521583678654773
