ELO:989
CE_PASSEDPAWNS:0.3671258369474086
CE_PAWNWEAKNESSES:0.5114980999486057
CE_PIECEACTIVITY:0.5473727389088581
CE_KINGPAWNSHIELD:0.4931462005898733
CE_PIECECOORDINATION:0.4680926057578926
CE_MATERIAL:0.5070204512776688
CE_KINGSAFETY:0.5095547635828492
C_PIECESQUARETABLES:0.5
C_MOBILITY:0.5125480863662673
C_KINGSAFETY:0.5768790908769618
C_PAWNSTRUCTURE:0.3261956870201636
C_PIECECOORDINATION:0.443996997644874
C_ROOKANDPAWNMOVEMENT:0.443996997644874
C_CENTERCONTROL:0.3587481201784174
C_DEVELOPPIECES:0.4791615889907127
C_MATERIAL:0.6784791408788065
