ELO:928
CE_PASSEDPAWNS:0.520634755796379
CE_PAWNWEAKNESSES:0.4816379241571808
CE_PIECEACTIVITY:0.49680802873876306
CE_KINGPAWNSHIELD:0.4919584513234838
CE_PIECECOORDINATION:0.5042935028862662
CE_MATERIAL:0.5135536897615307
CE_KINGSAFETY:0.4878083046732999
C_PIECESQUARETABLES:0.5081077925682689
C_MOBILITY:0.4939282466307522
C_KINGSAFETY:0.50268708619857
C_PAWNSTRUCTURE:0.5165009150033519
C_PIECECOORDINATION:0.502872889543029
C_ROOKANDPAWNMOVEMENT:0.502872889543029
C_CENTERCONTROL:0.5110508726302406
C_DEVELOPPIECES:0.4806448800291841
C_MATERIAL:0.5093793995863415
C_MOVECOUNT:0.5071965966351503
