ELO:1017
CE_PASSEDPAWNS:0.5
CE_PAWNWEAKNESSES:0.5
CE_PIECEACTIVITY:0.5
CE_KINGPAWNSHIELD:0.5049350363909642
CE_PIECECOORDINATION:0.498132149773996
CE_MATERIAL:0.528892251356221
CE_KINGSAFETY:0.5
C_PIECESQUARETABLES:0.5
C_MOBILITY:0.4906074484118369
C_KINGSAFETY:0.5238245381428764
C_PAWNSTRUCTURE:0.4962928197706976
C_PIECECOORDINATION:0.5
C_ROOKANDPAWNMOVEMENT:0.5
C_CENTERCONTROL:0.5066656335912153
C_DEVELOPPIECES:0.49622399298245
C_MATERIAL:0.5004177425788948
C_MOVECOUNT:0.4878374756225452
