ELO:988
CE_PASSEDPAWNS:0.5099289848455769
CE_PAWNWEAKNESSES:0.512211579667035
CE_PIECEACTIVITY:0.5016748268643523
CE_KINGPAWNSHIELD:0.4985750147733459
CE_PIECECOORDINATION:0.5014835451269931
CE_MATERIAL:0.49543457749296543
CE_KINGSAFETY:0.4960759216656688
C_PIECESQUARETABLES:0.5
C_MOBILITY:0.5
C_KINGSAFETY:0.5
C_PAWNSTRUCTURE:0.5
C_PIECECOORDINATION:0.5006500446601558
C_ROOKANDPAWNMOVEMENT:0.5006500446601558
C_CENTERCONTROL:0.4963465704416113
C_DEVELOPPIECES:0.47793687239014243
C_MATERIAL:0.49942223636140975
C_MOVECOUNT:0.5
