ELO:946
CE_PASSEDPAWNS:0.535258442119714
CE_PAWNWEAKNESSES:0.5003682202727227
CE_PIECEACTIVITY:0.49266032497538254
CE_KINGPAWNSHIELD:0.5271229332263795
CE_PIECECOORDINATION:0.4614073771469212
CE_MATERIAL:0.4807515290950962
CE_KINGSAFETY:0.49910785813990566
C_PIECESQUARETABLES:0.5044246978133721
C_MOBILITY:0.5146627307627747
C_KINGSAFETY:0.5073447585928317
C_PAWNSTRUCTURE:0.49240173109812313
C_PIECECOORDINATION:0.48280179126590916
C_ROOK:0.5228558866495913
CE_ROOK:0.5279535092143369
C_CENTERCONTROL:0.4718209971744884
C_DEVELOPPIECES:0.5124903169977225
C_MATERIAL:0.49547944009770717
C_MOVECOUNT:0.5048566090455322
C_PAWNMOVEMENT:0.4834397046102029
