ELO:939
CE_PASSEDPAWNS:0.44862205952593726
CE_PAWNWEAKNESSES:0.45256638827758117
CE_PIECEACTIVITY:0.5989710207483733
CE_KINGPAWNSHIELD:0.4766669480292238
CE_PIECECOORDINATION:0.44620702846880583
CE_MATERIAL:0.5049909065141808
CE_KINGSAFETY:0.5
C_PIECESQUARETABLES:0.5
C_MOBILITY:0.6622451054487631
C_KINGSAFETY:0.5508879045297981
C_PAWNSTRUCTURE:0.3758079165372311
C_PIECECOORDINATION:0.5556856238484833
C_ROOKANDPAWNMOVEMENT:0.5556856238484833
C_CENTERCONTROL:0.5200534090186267
C_DEVELOPPIECES:0.4342040252439536
C_MATERIAL:0.6310644924673378
