ELO:1000
CE_PASSEDPAWNS:0.42673643719521015
CE_PAWNWEAKNESSES:0.4754388462143212
CE_PIECEACTIVITY:0.45282451009171126
CE_KINGPAWNSHIELD:0.5347877748688703
CE_PIECECOORDINATION:0.48970904976226254
CE_MATERIAL:0.48358160469797556
CE_KINGSAFETY:0.5
C_PIECESQUARETABLES:0.5
C_MOBILITY:0.49937894210464423
C_KINGSAFETY:0.4741060929803965
C_PAWNSTRUCTURE:0.3990426069890586
C_PIECECOORDINATION:0.573262351526918
C_ROOKANDPAWNMOVEMENT:0.573262351526918
C_CENTERCONTROL:0.4670114686136569
C_DEVELOPPIECES:0.5282321615230117
C_MATERIAL:0.4628613676016886
