ELO:957
CE_PASSEDPAWNS:0.5163934398285503
CE_PAWNWEAKNESSES:0.5306157923047797
CE_PIECEACTIVITY:0.4952330472075183
CE_KINGPAWNSHIELD:0.5117459869234174
CE_PIECECOORDINATION:0.49255517212390193
CE_MATERIAL:0.5020334354081512
CE_KINGSAFETY:0.48978647731896535
C_PIECESQUARETABLES:0.4627130764520394
C_MOBILITY:0.5
C_KINGSAFETY:0.4882225024462361
C_PAWNSTRUCTURE:0.5078401360719956
C_PIECECOORDINATION:0.5020309880758194
C_ROOKANDPAWNMOVEMENT:0.5020309880758194
C_CENTERCONTROL:0.48870111645147973
C_DEVELOPPIECES:0.48989219318264615
C_MATERIAL:0.5315639842429343
C_MOVECOUNT:0.5
