ELO:995
CE_PASSEDPAWNS:0.5217972545425648
CE_PAWNWEAKNESSES:0.5117290466190624
CE_PIECEACTIVITY:0.5
CE_KINGPAWNSHIELD:0.5082615328331734
CE_PIECECOORDINATION:0.5117284973893692
CE_MATERIAL:0.5
CE_KINGSAFETY:0.5091992522676092
C_PIECESQUARETABLES:0.49043957108980896
C_MOBILITY:0.5085037888316004
C_KINGSAFETY:0.5182729353146571
C_PAWNSTRUCTURE:0.5045750824485461
C_PIECECOORDINATION:0.4925764700389054
C_ROOK:0.5
CE_ROOK:0.5
C_CENTERCONTROL:0.4790688411670728
C_DEVELOPPIECES:0.5
C_MATERIAL:0.49155873452530424
C_MOVECOUNT:0.48609075847839306
C_PAWNMOVEMENT:0.5
