ELO:1001
CE_PASSEDPAWNS:0.43781546818335015
CE_PAWNWEAKNESSES:0.5346341683309471
CE_PIECEACTIVITY:0.5220727805466672
CE_KINGPAWNSHIELD:0.44870705348816226
CE_PIECECOORDINATION:0.38938847093956896
CE_MATERIAL:0.47823760779680763
CE_KINGSAFETY:0.4404607902223226
C_PIECESQUARETABLES:0.5598515266607924
C_MOBILITY:0.4363930551052356
C_KINGSAFETY:0.5955539629190468
C_PAWNSTRUCTURE:0.5079790425310062
C_PIECECOORDINATION:0.5856382463863222
C_ROOKANDPAWNMOVEMENT:0.5856382463863222
C_CENTERCONTROL:0.4674838200067282
C_DEVELOPPIECES:0.43464042336480785
C_MATERIAL:0.5694545961713072
