ELO:997
CE_PASSEDPAWNS:0.5119796898498967
CE_PAWNWEAKNESSES:0.4829414260298884
CE_PIECEACTIVITY:0.49499967885220797
CE_KINGPAWNSHIELD:0.4965411004181712
CE_PIECECOORDINATION:0.5123757422885727
CE_MATERIAL:0.5136338643845553
CE_KINGSAFETY:0.5
C_PIECESQUARETABLES:0.5040415806850921
C_MOBILITY:0.4918587922130017
C_KINGSAFETY:0.5084875819312379
C_PAWNSTRUCTURE:0.506690053931086
C_PIECECOORDINATION:0.5369994920121435
C_ROOKANDPAWNMOVEMENT:0.5369994920121435
C_CENTERCONTROL:0.4797726083053296
C_DEVELOPPIECES:0.48621457450799477
C_MATERIAL:0.490860062853229
C_MOVECOUNT:0.49323577152630876
