ELO:971
CE_PASSEDPAWNS:0.5
CE_PAWNWEAKNESSES:0.4953800430266532
CE_PIECEACTIVITY:0.5324865391858385
CE_KINGPAWNSHIELD:0.49481339179427575
CE_PIECECOORDINATION:0.5055091400917353
CE_MATERIAL:0.4678430090031144
CE_KINGSAFETY:0.5
C_PIECESQUARETABLES:0.4844118716355408
C_MOBILITY:0.5135505642034407
C_KINGSAFETY:0.5
C_PAWNSTRUCTURE:0.5093134734611626
C_PIECECOORDINATION:0.462321444927323
C_ROOKANDPAWNMOVEMENT:0.462321444927323
C_CENTERCONTROL:0.4984967620330958
C_DEVELOPPIECES:0.501907556939772
C_MATERIAL:0.5018348349368856
C_MOVECOUNT:0.5
