ELO:1006
CE_PASSEDPAWNS:0.509901935841027
CE_PAWNWEAKNESSES:0.4826779363957124
CE_PIECEACTIVITY:0.4876643951471954
CE_KINGPAWNSHIELD:0.4934654880068768
CE_PIECECOORDINATION:0.5073518952164763
CE_MATERIAL:0.50209684286268
CE_KINGSAFETY:0.5
C_PIECESQUARETABLES:0.4971736541950277
C_MOBILITY:0.5
C_KINGSAFETY:0.4993918495776107
C_PAWNSTRUCTURE:0.5
C_PIECECOORDINATION:0.4918854157513793
C_ROOKANDPAWNMOVEMENT:0.4918854157513793
C_CENTERCONTROL:0.5136888090594014
C_DEVELOPPIECES:0.4983523238180591
C_MATERIAL:0.5
C_MOVECOUNT:0.5004658166321272
