ELO:906
CE_PASSEDPAWNS:0.5217150356508171
CE_PAWNWEAKNESSES:0.4955263907817245
CE_PIECEACTIVITY:0.49266032497538254
CE_KINGPAWNSHIELD:0.5271229332263795
CE_PIECECOORDINATION:0.47121055307367254
CE_MATERIAL:0.482367603063421
CE_KINGSAFETY:0.5
C_PIECESQUARETABLES:0.5
C_MOBILITY:0.5159116087412704
C_KINGSAFETY:0.501442393007166
C_PAWNSTRUCTURE:0.5037054035623236
C_PIECECOORDINATION:0.48532057167922904
C_ROOK:0.5228976156514813
CE_ROOK:0.5184687917122945
C_CENTERCONTROL:0.4645515454062435
C_DEVELOPPIECES:0.5228113556541272
C_MATERIAL:0.500308119053778
C_MOVECOUNT:0.5149277198144985
C_PAWNMOVEMENT:0.4806477367916082
