ELO:1089
CE_PASSEDPAWNS:0.6216628427623379
CE_PAWNWEAKNESSES:0.4913955703625296
CE_PIECEACTIVITY:0.4749362909216822
CE_KINGPAWNSHIELD:0.4929612892682677
CE_PIECECOORDINATION:0.4803925721213925
CE_MATERIAL:0.45398262924940724
CE_KINGSAFETY:0.5009796663595261
C_PIECESQUARETABLES:0.4990486067959909
C_MOBILITY:0.41921263908226414
C_KINGSAFETY:0.48923800654416366
C_PAWNSTRUCTURE:0.40432585920024094
C_PIECECOORDINATION:0.47863206872267633
C_ROOKANDPAWNMOVEMENT:0.47863206872267633
C_CENTERCONTROL:0.5195663812361218
C_DEVELOPPIECES:0.5667341579896918
C_MATERIAL:0.42037145141469806
