ELO:1089
CE_PASSEDPAWNS:0.611832642398762
CE_PAWNWEAKNESSES:0.46735507105379315
CE_PIECEACTIVITY:0.4786067609079284
CE_KINGPAWNSHIELD:0.4959169943322601
CE_PIECECOORDINATION:0.46119054271564325
CE_MATERIAL:0.43850254037032294
CE_KINGSAFETY:0.5014016044764332
C_PIECESQUARETABLES:0.50906587694834
C_MOBILITY:0.40939708016877707
C_KINGSAFETY:0.5068869598271988
C_PAWNSTRUCTURE:0.40556262852766894
C_PIECECOORDINATION:0.47863206872267633
C_ROOKANDPAWNMOVEMENT:0.47863206872267633
C_CENTERCONTROL:0.5316871447268612
C_DEVELOPPIECES:0.569393631917958
C_MATERIAL:0.42761999532695355
