ELO:1000
CE_PASSEDPAWNS:0.492775837756511
CE_PAWNWEAKNESSES:0.49717100650954926
CE_PIECEACTIVITY:0.5
CE_KINGPAWNSHIELD:0.49913074126574386
CE_PIECECOORDINATION:0.500792912085393
CE_MATERIAL:0.48863831918082573
CE_KINGSAFETY:0.5
C_PIECESQUARETABLES:0.5
C_MOBILITY:0.5077498915219247
C_KINGSAFETY:0.5
C_PAWNSTRUCTURE:0.5065143689242994
C_PIECECOORDINATION:0.5
C_ROOKANDPAWNMOVEMENT:0.5
C_CENTERCONTROL:0.5
C_DEVELOPPIECES:0.5136197348645319
C_MATERIAL:0.5
