ELO:996
CE_PASSEDPAWNS:0.5013486098874527
CE_PAWNWEAKNESSES:0.5027109006905256
CE_PIECEACTIVITY:0.5096460432404922
CE_KINGPAWNSHIELD:0.4985750147733459
CE_PIECECOORDINATION:0.5014835451269931
CE_MATERIAL:0.5
CE_KINGSAFETY:0.5
C_PIECESQUARETABLES:0.5
C_MOBILITY:0.48593297085694265
C_KINGSAFETY:0.5047463026214751
C_PAWNSTRUCTURE:0.49192594184531796
C_PIECECOORDINATION:0.49408594284042195
C_ROOKANDPAWNMOVEMENT:0.49408594284042195
C_CENTERCONTROL:0.4963465704416113
C_DEVELOPPIECES:0.48874297200151895
C_MATERIAL:0.512280500978432
C_MOVECOUNT:0.5110289792261484
