ELO:886
CE_PASSEDPAWNS:0.5177962652267354
CE_PAWNWEAKNESSES:0.4955263907817245
CE_PIECEACTIVITY:0.49643215706611954
CE_KINGPAWNSHIELD:0.5387160234199562
CE_PIECECOORDINATION:0.4789160959143095
CE_MATERIAL:0.47585167173771425
CE_KINGSAFETY:0.4948630143690325
C_PIECESQUARETABLES:0.48808768535435293
C_MOBILITY:0.5170336222083456
C_KINGSAFETY:0.501442393007166
C_PAWNSTRUCTURE:0.509911421358456
C_PIECECOORDINATION:0.47267963753920444
C_ROOK:0.5268834646485968
CE_ROOK:0.5174730793781108
C_CENTERCONTROL:0.45903003738479514
C_DEVELOPPIECES:0.5253107845016274
C_MATERIAL:0.5187752829950932
C_MOVECOUNT:0.5301358549488555
C_PAWNMOVEMENT:0.48665957013697164
