ELO:944
CE_PASSEDPAWNS:0.4522164161767281
CE_PAWNWEAKNESSES:0.5034663920441287
CE_PIECEACTIVITY:0.5343150820711895
CE_KINGPAWNSHIELD:0.4588782896410378
CE_PIECECOORDINATION:0.5691006908970991
CE_MATERIAL:0.4732624877505174
CE_KINGSAFETY:0.5
C_PIECESQUARETABLES:0.5
C_MOBILITY:0.5168990217366213
C_KINGSAFETY:0.4893392564911497
C_PAWNSTRUCTURE:0.5670869646061298
C_PIECECOORDINATION:0.4717384194553305
C_ROOK:0.4970146554464995
CE_ROOK:0.5203866893009244
C_CENTERCONTROL:0.47929687509189023
C_DEVELOPPIECES:0.5623991739635684
C_MATERIAL:0.4926685067827698
C_MOVECOUNT:0.5111436116263226
C_PAWNMOVEMENT:0.5118241027320425
