ELO:1008
CE_PASSEDPAWNS:0.5
CE_PAWNWEAKNESSES:0.458623202335436
CE_PIECEACTIVITY:0.5212881987191861
CE_KINGPAWNSHIELD:0.512283353932152
CE_PIECECOORDINATION:0.5075210101460471
CE_MATERIAL:0.4998328650420772
CE_KINGSAFETY:0.5425670958197395
C_PIECESQUARETABLES:0.5
C_MOBILITY:0.5317141102932811
C_KINGSAFETY:0.5039057386516407
C_PAWNSTRUCTURE:0.5000472854475159
C_PIECECOORDINATION:0.4205018166736994
C_ROOKANDPAWNMOVEMENT:0.4205018166736994
C_CENTERCONTROL:0.5023432112420843
C_DEVELOPPIECES:0.5282963345958992
C_MATERIAL:0.5058534149333358
C_MOVECOUNT:0.5
