ELO:1000
CE_PASSEDPAWNS:0.4645126583320204
CE_PAWNWEAKNESSES:0.5368970904190213
CE_PIECEACTIVITY:0.533256349638599
CE_KINGPAWNSHIELD:0.4334009176226531
CE_PIECECOORDINATION:0.392177872143872
CE_MATERIAL:0.4615152410376425
CE_KINGSAFETY:0.4403982545535593
C_PIECESQUARETABLES:0.5977587864519319
C_MOBILITY:0.45475161946426845
C_KINGSAFETY:0.578772345818433
C_PAWNSTRUCTURE:0.4818811980301756
C_PIECECOORDINATION:0.6127247893174858
C_ROOKANDPAWNMOVEMENT:0.6127247893174858
C_CENTERCONTROL:0.4719146474001211
C_DEVELOPPIECES:0.45061579109049094
C_MATERIAL:0.5487818223483755
