ELO:883
CE_PASSEDPAWNS:0.4086858995435001
CE_PAWNWEAKNESSES:0.4663166421512287
CE_PIECEACTIVITY:0.4867501224088626
CE_KINGPAWNSHIELD:0.5195703971080569
CE_PIECECOORDINATION:0.4251850664458644
CE_MATERIAL:0.4963341458831664
CE_KINGSAFETY:0.5
C_PIECESQUARETABLES:0.5
C_MOBILITY:0.48526123344429195
C_KINGSAFETY:0.577001138211634
C_PAWNSTRUCTURE:0.44813076323845213
C_PIECECOORDINATION:0.4526681308618232
C_ROOKANDPAWNMOVEMENT:0.4526681308618232
C_CENTERCONTROL:0.43725914413337436
C_DEVELOPPIECES:0.513382921097591
C_MATERIAL:0.43658170177450467
C_MOVECOUNT:0.5
