ELO:933
CE_PASSEDPAWNS:0.4454291424854304
CE_PAWNWEAKNESSES:0.41728820091340435
CE_PIECEACTIVITY:0.437622634563313
CE_KINGPAWNSHIELD:0.560666815005594
CE_PIECECOORDINATION:0.5514720168794609
CE_MATERIAL:0.5004324624374662
CE_KINGSAFETY:0.4774933835690699
C_PIECESQUARETABLES:0.489761436996701
C_MOBILITY:0.4330604982191455
C_KINGSAFETY:0.4334528107009729
C_PAWNSTRUCTURE:0.4236443705470177
C_PIECECOORDINATION:0.6344109919911973
C_ROOKANDPAWNMOVEMENT:0.6344109919911973
C_CENTERCONTROL:0.5143735542383154
C_DEVELOPPIECES:0.5585071077510134
C_MATERIAL:0.4888410306601246
