ELO:1000
CE_PASSEDPAWNS:0.4551103898141482
CE_PAWNWEAKNESSES:0.5490073946254149
CE_PIECEACTIVITY:0.5032733569638537
CE_KINGPAWNSHIELD:0.4750921796876459
CE_PIECECOORDINATION:0.3840302535989707
CE_MATERIAL:0.5212727380621238
CE_KINGSAFETY:0.4670411772217315
C_PIECESQUARETABLES:0.5314204619248102
C_MOBILITY:0.4621902869465173
C_KINGSAFETY:0.6017226455248109
C_PAWNSTRUCTURE:0.525474345172514
C_PIECECOORDINATION:0.5801627487936624
C_ROOKANDPAWNMOVEMENT:0.5801627487936624
C_CENTERCONTROL:0.47783821421928846
C_DEVELOPPIECES:0.4897097651998601
C_MATERIAL:0.5387996166699042
