ELO:909
CE_PASSEDPAWNS:0.5160125881001598
CE_PAWNWEAKNESSES:0.482444021666158
CE_PIECEACTIVITY:0.5375794246348072
CE_KINGPAWNSHIELD:0.47462438737184337
CE_PIECECOORDINATION:0.4279984462253226
CE_MATERIAL:0.4726502854815528
CE_KINGSAFETY:0.4712235758896002
C_PIECESQUARETABLES:0.5191681811229892
C_MOBILITY:0.49248695043907426
C_KINGSAFETY:0.4980712745404274
C_PAWNSTRUCTURE:0.5494459231832605
C_PIECECOORDINATION:0.48193437132020084
C_ROOKANDPAWNMOVEMENT:0.48193437132020084
C_CENTERCONTROL:0.46927820265662445
C_DEVELOPPIECES:0.5344845201756525
C_MATERIAL:0.5108209486858405
C_MOVECOUNT:0.5516464426622435
