ELO:1018
CE_PASSEDPAWNS:0.5
CE_PAWNWEAKNESSES:0.5
CE_PIECEACTIVITY:0.4926808183006005
CE_KINGPAWNSHIELD:0.4879273232350927
CE_PIECECOORDINATION:0.5019396423401097
CE_MATERIAL:0.5
CE_KINGSAFETY:0.5029243960088176
C_PIECESQUARETABLES:0.5
C_MOBILITY:0.49013794339278505
C_KINGSAFETY:0.5
C_PAWNSTRUCTURE:0.5
C_PIECECOORDINATION:0.5
C_ROOKANDPAWNMOVEMENT:0.5
C_CENTERCONTROL:0.5078008572275678
C_DEVELOPPIECES:0.4977676082244511
C_MATERIAL:0.5046693753309964
