ELO:878
CE_PASSEDPAWNS:0.5313589582891064
CE_PAWNWEAKNESSES:0.5016382219164103
CE_PIECEACTIVITY:0.4995088068918986
CE_KINGPAWNSHIELD:0.5048445329433678
CE_PIECECOORDINATION:0.491236688442251
CE_MATERIAL:0.48688879452736594
CE_KINGSAFETY:0.5148977476149135
C_PIECESQUARETABLES:0.5094530847910878
C_MOBILITY:0.47793958181451995
C_KINGSAFETY:0.4891395337444795
C_PAWNSTRUCTURE:0.5052497293965904
C_PIECECOORDINATION:0.5105060742764774
C_ROOKANDPAWNMOVEMENT:0.5105060742764774
C_CENTERCONTROL:0.5339216388030552
C_DEVELOPPIECES:0.4751654553969438
C_MATERIAL:0.4896025476552285
C_MOVECOUNT:0.5111441998252547
