ELO:951
CE_PASSEDPAWNS:0.49500755435680577
CE_PAWNWEAKNESSES:0.5008147849848462
CE_PIECEACTIVITY:0.5107668713781064
CE_KINGPAWNSHIELD:0.5159428536754519
CE_PIECECOORDINATION:0.49255517212390193
CE_MATERIAL:0.5093094140902656
CE_KINGSAFETY:0.5017976721350449
C_PIECESQUARETABLES:0.5171824294595986
C_MOBILITY:0.4984076972757694
C_KINGSAFETY:0.4963687164694063
C_PAWNSTRUCTURE:0.5095291745723814
C_PIECECOORDINATION:0.4971367603280401
C_ROOKANDPAWNMOVEMENT:0.4971367603280401
C_CENTERCONTROL:0.49547520779942494
C_DEVELOPPIECES:0.4965339219468776
C_MATERIAL:0.49358987473951005
C_MOVECOUNT:0.5
