ELO:924
CE_PASSEDPAWNS:0.4649680280107827
CE_PAWNWEAKNESSES:0.45465905818526137
CE_PIECEACTIVITY:0.43022607232666893
CE_KINGPAWNSHIELD:0.5560176628184895
CE_PIECECOORDINATION:0.6146877647506057
CE_MATERIAL:0.4934678550605492
CE_KINGSAFETY:0.4917902987400107
C_PIECESQUARETABLES:0.48189676504786394
C_MOBILITY:0.4008505813960409
C_KINGSAFETY:0.4236724882546935
C_PAWNSTRUCTURE:0.4879660785029958
C_PIECECOORDINATION:0.6591206157418416
C_ROOKANDPAWNMOVEMENT:0.6591206157418416
C_CENTERCONTROL:0.5336057113007246
C_DEVELOPPIECES:0.5791098953857656
C_MATERIAL:0.4721607932547748
