ELO:999
CE_PASSEDPAWNS:0.5
CE_PAWNWEAKNESSES:0.5
CE_PIECEACTIVITY:0.5029960254815035
CE_KINGPAWNSHIELD:0.46270824368369357
CE_PIECECOORDINATION:0.5465886855290975
CE_MATERIAL:0.5027906780355499
CE_KINGSAFETY:0.5051425707051175
C_PIECESQUARETABLES:0.5020266069316285
C_MOBILITY:0.5
C_KINGSAFETY:0.5090019529887686
C_PAWNSTRUCTURE:0.5042739008751344
C_PIECECOORDINATION:0.5160640821865868
C_ROOKANDPAWNMOVEMENT:0.5160640821865868
C_CENTERCONTROL:0.5
C_DEVELOPPIECES:0.5048930940728602
C_MATERIAL:0.5068698115320655
C_MOVECOUNT:0.5
