ELO:952
CE_PASSEDPAWNS:0.4655557181687325
CE_PAWNWEAKNESSES:0.5091876004762795
CE_PIECEACTIVITY:0.4794529962111099
CE_KINGPAWNSHIELD:0.5012958473277743
CE_PIECECOORDINATION:0.5172749916912216
CE_MATERIAL:0.4772984941295339
CE_KINGSAFETY:0.5362750288088636
C_PIECESQUARETABLES:0.5332759920114165
C_MOBILITY:0.5198372954730595
C_KINGSAFETY:0.497459705510776
C_PAWNSTRUCTURE:0.5062465959525555
C_PIECECOORDINATION:0.4862615195172343
C_ROOKANDPAWNMOVEMENT:0.4862615195172343
C_CENTERCONTROL:0.5646456588413076
C_DEVELOPPIECES:0.48500845598249703
C_MATERIAL:0.5493324396610637
