ELO:904
CE_PASSEDPAWNS:0.5217150356508171
CE_PAWNWEAKNESSES:0.4955263907817245
CE_PIECEACTIVITY:0.4921305420693053
CE_KINGPAWNSHIELD:0.5263641166218689
CE_PIECECOORDINATION:0.46974557857047206
CE_MATERIAL:0.482367603063421
CE_KINGSAFETY:0.498418766634681
C_PIECESQUARETABLES:0.5
C_MOBILITY:0.5170336222083456
C_KINGSAFETY:0.501442393007166
C_PAWNSTRUCTURE:0.5037054035623236
C_PIECECOORDINATION:0.48532057167922904
C_ROOK:0.5228976156514813
CE_ROOK:0.5184687917122945
C_CENTERCONTROL:0.4738628517268199
C_DEVELOPPIECES:0.5228113556541272
C_MATERIAL:0.5081128662655937
C_MOVECOUNT:0.5149277198144985
C_PAWNMOVEMENT:0.4806477367916082
