ELO:989
CE_PASSEDPAWNS:0.36535631595517176
CE_PAWNWEAKNESSES:0.4950084044660916
CE_PIECEACTIVITY:0.5704389340752536
CE_KINGPAWNSHIELD:0.4599823783373076
CE_PIECECOORDINATION:0.4680926057578926
CE_MATERIAL:0.5132821330604168
CE_KINGSAFETY:0.49073884789991284
C_PIECESQUARETABLES:0.5
C_MOBILITY:0.6256967114204832
C_KINGSAFETY:0.5527475144527146
C_PAWNSTRUCTURE:0.31990094314392614
C_PIECECOORDINATION:0.4455295289066636
C_ROOKANDPAWNMOVEMENT:0.4455295289066636
C_CENTERCONTROL:0.35353114753428333
C_DEVELOPPIECES:0.49225134017908323
C_MATERIAL:0.6595849072912273
