ELO:1000
CE_PASSEDPAWNS:0.5
CE_PAWNWEAKNESSES:0.5
CE_PIECEACTIVITY:0.5016748268643523
CE_KINGPAWNSHIELD:0.4903559657408957
CE_PIECECOORDINATION:0.5
CE_MATERIAL:0.4900597272108193
CE_KINGSAFETY:0.4960759216656688
C_PIECESQUARETABLES:0.5
C_MOBILITY:0.5
C_KINGSAFETY:0.5
C_PAWNSTRUCTURE:0.5
C_PIECECOORDINATION:0.5006500446601558
C_ROOKANDPAWNMOVEMENT:0.5006500446601558
C_CENTERCONTROL:0.5
C_DEVELOPPIECES:0.48917661912812477
C_MATERIAL:0.49942223636140975
C_MOVECOUNT:0.5
