ELO:887
CE_PASSEDPAWNS:0.5153257024512962
CE_PAWNWEAKNESSES:0.4999156969357492
CE_PIECEACTIVITY:0.5055600814322264
CE_KINGPAWNSHIELD:0.5504897575752385
CE_PIECECOORDINATION:0.5013259718422997
CE_MATERIAL:0.4621778324622799
CE_KINGSAFETY:0.5
C_PIECESQUARETABLES:0.5042764230107811
C_MOBILITY:0.49343036824771536
C_KINGSAFETY:0.5075496725097878
C_PAWNSTRUCTURE:0.4969003190106032
C_PIECECOORDINATION:0.44537205713991335
C_ROOK:0.5341249732450762
CE_ROOK:0.5054321739364537
C_CENTERCONTROL:0.45378407067999815
C_DEVELOPPIECES:0.5367628430828737
C_MATERIAL:0.511737349718052
C_MOVECOUNT:0.5293258646729317
C_PAWNMOVEMENT:0.4866811244085197
