ELO:1006
CE_PASSEDPAWNS:0.48574410560477144
CE_PAWNWEAKNESSES:0.4520405078003075
CE_PIECEACTIVITY:0.5469039977902123
CE_KINGPAWNSHIELD:0.5246604247967331
CE_PIECECOORDINATION:0.49969885853736506
CE_MATERIAL:0.48842088591216665
CE_KINGSAFETY:0.5
C_PIECESQUARETABLES:0.4956422152553654
C_MOBILITY:0.48906804098171075
C_KINGSAFETY:0.5252171715570149
C_PAWNSTRUCTURE:0.5032179713012929
C_PIECECOORDINATION:0.5097624866653978
C_ROOKANDPAWNMOVEMENT:0.5097624866653978
C_CENTERCONTROL:0.43744573359951083
C_DEVELOPPIECES:0.4805129026415754
C_MATERIAL:0.5
C_MOVECOUNT:0.5
