ELO:1000
CE_PASSEDPAWNS:0.503445064736089
CE_PAWNWEAKNESSES:0.4909399927380602
CE_PIECEACTIVITY:0.5063085868913306
CE_KINGPAWNSHIELD:0.5054730738471562
CE_PIECECOORDINATION:0.49017711076079407
CE_MATERIAL:0.49440847163147605
CE_KINGSAFETY:0.5069900590989139
C_PIECESQUARETABLES:0.5026730139929233
C_MOBILITY:0.5113434282276622
C_KINGSAFETY:0.4902991024483826
C_PAWNSTRUCTURE:0.5065647486505381
C_PIECECOORDINATION:0.5
C_ROOK:0.4969515410072106
CE_ROOK:0.5110560277203033
C_CENTERCONTROL:0.4939955596691239
C_DEVELOPPIECES:0.5013467967449177
C_MATERIAL:0.5
C_MOVECOUNT:0.513018252316082
C_PAWNMOVEMENT:0.4838590179713578
