ELO:978
CE_PASSEDPAWNS:0.4161995501403415
CE_PAWNWEAKNESSES:0.45456708082573277
CE_PIECEACTIVITY:0.4220566242491045
CE_KINGPAWNSHIELD:0.5158658994249334
CE_PIECECOORDINATION:0.5067239524890766
CE_MATERIAL:0.4561373660162389
CE_KINGSAFETY:0.5
C_PIECESQUARETABLES:0.5
C_MOBILITY:0.4915893057330816
C_KINGSAFETY:0.4635227446540434
C_PAWNSTRUCTURE:0.40380579035706754
C_PIECECOORDINATION:0.6083872898472246
C_ROOKANDPAWNMOVEMENT:0.6083872898472246
C_CENTERCONTROL:0.49520299938038725
C_DEVELOPPIECES:0.5021494048332775
C_MATERIAL:0.49063505617953124
