ELO:908
CE_PASSEDPAWNS:0.5170881816067547
CE_PAWNWEAKNESSES:0.5861385760093965
CE_PIECEACTIVITY:0.4343101114874594
CE_KINGPAWNSHIELD:0.4593213987530438
CE_PIECECOORDINATION:0.4251850664458644
CE_MATERIAL:0.5092098859705961
CE_KINGSAFETY:0.5
C_PIECESQUARETABLES:0.5
C_MOBILITY:0.48804439224094837
C_KINGSAFETY:0.4752532476730597
C_PAWNSTRUCTURE:0.4687821691247503
C_PIECECOORDINATION:0.40729891974951327
C_ROOKANDPAWNMOVEMENT:0.40729891974951327
C_CENTERCONTROL:0.4116053257118687
C_DEVELOPPIECES:0.5092582959206459
C_MATERIAL:0.4931440457367891
C_MOVECOUNT:0.5
