ELO:887
CE_PASSEDPAWNS:0.5129566874262885
CE_PAWNWEAKNESSES:0.4999156969357492
CE_PIECEACTIVITY:0.5055600814322264
CE_KINGPAWNSHIELD:0.5484853573238724
CE_PIECECOORDINATION:0.49009255860966777
CE_MATERIAL:0.4741345757034445
CE_KINGSAFETY:0.5
C_PIECESQUARETABLES:0.5
C_MOBILITY:0.5145550652545547
C_KINGSAFETY:0.501442393007166
C_PAWNSTRUCTURE:0.5205180229972967
C_PIECECOORDINATION:0.47267963753920444
C_ROOK:0.5265821381796352
CE_ROOK:0.5174730793781108
C_CENTERCONTROL:0.45903003738479514
C_DEVELOPPIECES:0.528206056234576
C_MATERIAL:0.511737349718052
C_MOVECOUNT:0.5301358549488555
C_PAWNMOVEMENT:0.4866811244085197
