ELO:1009
CE_PASSEDPAWNS:0.5
CE_PAWNWEAKNESSES:0.5
CE_PIECEACTIVITY:0.5015077304973484
CE_KINGPAWNSHIELD:0.5042600997110667
CE_PIECECOORDINATION:0.5
CE_MATERIAL:0.49034362968983175
CE_KINGSAFETY:0.4862625322803077
C_PIECESQUARETABLES:0.4984332949953946
C_MOBILITY:0.5
C_KINGSAFETY:0.5
C_PAWNSTRUCTURE:0.508161153542771
C_PIECECOORDINATION:0.5
C_ROOK:0.5035517565481148
CE_ROOK:0.5
C_CENTERCONTROL:0.4976406556500677
C_DEVELOPPIECES:0.4931998772758726
C_MATERIAL:0.51113285988971
C_MOVECOUNT:0.5
C_PAWNMOVEMENT:0.5046338131998039
