ELO:1000
CE_PASSEDPAWNS:0.48012746893098784
CE_PAWNWEAKNESSES:0.5524869693102129
CE_PIECEACTIVITY:0.5077935748593709
CE_KINGPAWNSHIELD:0.48270038060694187
CE_PIECECOORDINATION:0.3938371605012412
CE_MATERIAL:0.5130509834089787
CE_KINGSAFETY:0.5
C_PIECESQUARETABLES:0.5
C_MOBILITY:0.4742938369451561
C_KINGSAFETY:0.602222785592622
C_PAWNSTRUCTURE:0.5101185542281067
C_PIECECOORDINATION:0.573653638676936
C_ROOKANDPAWNMOVEMENT:0.573653638676936
C_CENTERCONTROL:0.4808831449554939
C_DEVELOPPIECES:0.47064891100931494
C_MATERIAL:0.547148736418765
