ELO:989
CE_PASSEDPAWNS:0.3671258369474086
CE_PAWNWEAKNESSES:0.5032373914017175
CE_PIECEACTIVITY:0.5704389340752536
CE_KINGPAWNSHIELD:0.476594136086733
CE_PIECECOORDINATION:0.4680926057578926
CE_MATERIAL:0.5125313430690898
CE_KINGSAFETY:0.4761062585993976
C_PIECESQUARETABLES:0.4784659278611238
C_MOBILITY:0.5090457406936619
C_KINGSAFETY:0.5527475144527146
C_PAWNSTRUCTURE:0.3253880453706821
C_PIECECOORDINATION:0.4455295289066636
C_ROOKANDPAWNMOVEMENT:0.4455295289066636
C_CENTERCONTROL:0.35353114753428333
C_DEVELOPPIECES:0.48101166202407425
C_MATERIAL:0.6828983766046607
