ELO:829
CE_PASSEDPAWNS:0.5605329006250437
CE_PAWNWEAKNESSES:0.5283814831969449
CE_PIECEACTIVITY:0.5095568508939283
CE_KINGPAWNSHIELD:0.5128174888712745
CE_PIECECOORDINATION:0.4384529505671532
CE_MATERIAL:0.5310765176594617
CE_KINGSAFETY:0.4520337876823138
C_PIECESQUARETABLES:0.5111179015797653
C_MOBILITY:0.5072310173567856
C_KINGSAFETY:0.4668421159938626
C_PAWNSTRUCTURE:0.4852732165736103
C_PIECECOORDINATION:0.49414945920738274
C_ROOKANDPAWNMOVEMENT:0.49414945920738274
C_CENTERCONTROL:0.5336989436159791
C_DEVELOPPIECES:0.5213621763870896
C_MATERIAL:0.482090646777553
C_MOVECOUNT:0.5
