ELO:971
CE_PASSEDPAWNS:0.46298368474307783
CE_PAWNWEAKNESSES:0.5883920745196738
CE_PIECEACTIVITY:0.484288839295797
CE_KINGPAWNSHIELD:0.5143914035053052
CE_PIECECOORDINATION:0.5068311643598743
CE_MATERIAL:0.5673137737400238
CE_KINGSAFETY:0.5161896478946837
C_PIECESQUARETABLES:0.5215950626566108
C_MOBILITY:0.4549934979799871
C_KINGSAFETY:0.4852947128748406
C_PAWNSTRUCTURE:0.47171973347698576
C_PIECECOORDINATION:0.5020800770319319
C_ROOKANDPAWNMOVEMENT:0.5020800770319319
C_CENTERCONTROL:0.5415759514658968
C_DEVELOPPIECES:0.4516439347232639
C_MATERIAL:0.5147073402592292
