ELO:808
CE_PASSEDPAWNS:0.570716346888416
CE_PAWNWEAKNESSES:0.5732553502880073
CE_PIECEACTIVITY:0.49004347561582806
CE_KINGPAWNSHIELD:0.5112917628261684
CE_PIECECOORDINATION:0.46503027088220716
CE_MATERIAL:0.5224292248578115
CE_KINGSAFETY:0.45344275179297405
C_PIECESQUARETABLES:0.5423682433271217
C_MOBILITY:0.5281610998273453
C_KINGSAFETY:0.43944949276067613
C_PAWNSTRUCTURE:0.4836301704509608
C_PIECECOORDINATION:0.48128371042398554
C_ROOKANDPAWNMOVEMENT:0.48128371042398554
C_CENTERCONTROL:0.5295715418274727
C_DEVELOPPIECES:0.5041005417039018
C_MATERIAL:0.5199611782509098
C_MOVECOUNT:0.5
