ELO:1000
CE_PASSEDPAWNS:0.4544308983592061
CE_PAWNWEAKNESSES:0.5031209610776433
CE_PIECEACTIVITY:0.5222045749465383
CE_KINGPAWNSHIELD:0.4803211448000046
CE_PIECECOORDINATION:0.5223500863770733
CE_MATERIAL:0.48259434963239817
CE_KINGSAFETY:0.4722362127874634
C_PIECESQUARETABLES:0.49008970689289677
C_MOBILITY:0.4818117663582476
C_KINGSAFETY:0.5034154991971066
C_PAWNSTRUCTURE:0.5209456225439507
C_PIECECOORDINATION:0.5148984967547288
C_ROOKANDPAWNMOVEMENT:0.5148984967547288
C_CENTERCONTROL:0.486473365331026
C_DEVELOPPIECES:0.5157704434357963
C_MATERIAL:0.5052662685169206
