ELO:951
CE_PASSEDPAWNS:0.47954674477204745
CE_PAWNWEAKNESSES:0.6098643815598211
CE_PIECEACTIVITY:0.5102209663140748
CE_KINGPAWNSHIELD:0.5311019075793242
CE_PIECECOORDINATION:0.49497147824077736
CE_MATERIAL:0.5687993777987935
CE_KINGSAFETY:0.5079471355499627
C_PIECESQUARETABLES:0.5085848781547399
C_MOBILITY:0.48044867654081347
C_KINGSAFETY:0.487709229799645
C_PAWNSTRUCTURE:0.48852863330767066
C_PIECECOORDINATION:0.5178249865593851
C_ROOKANDPAWNMOVEMENT:0.5178249865593851
C_CENTERCONTROL:0.5653369040555289
C_DEVELOPPIECES:0.44208050810064603
C_MATERIAL:0.5048122067768542
