ELO:944
CE_PASSEDPAWNS:0.47954674477204745
CE_PAWNWEAKNESSES:0.6050741618834151
CE_PIECEACTIVITY:0.5320763922318108
CE_KINGPAWNSHIELD:0.5141807171450455
CE_PIECECOORDINATION:0.48167388019520424
CE_MATERIAL:0.5630002549411198
CE_KINGSAFETY:0.505919831479955
C_PIECESQUARETABLES:0.4905223339820046
C_MOBILITY:0.47063747946451295
C_KINGSAFETY:0.4826909835157543
C_PAWNSTRUCTURE:0.48434999010651325
C_PIECECOORDINATION:0.5275436111034167
C_ROOKANDPAWNMOVEMENT:0.5275436111034167
C_CENTERCONTROL:0.5780874442011225
C_DEVELOPPIECES:0.44739832072910735
C_MATERIAL:0.4924559426449653
