ELO:957
CE_PASSEDPAWNS:0.4916924971236242
CE_PAWNWEAKNESSES:0.5304256303970745
CE_PIECEACTIVITY:0.4890734988641532
CE_KINGPAWNSHIELD:0.4919795228120671
CE_PIECECOORDINATION:0.5281050271112611
CE_MATERIAL:0.5188176141682515
CE_KINGSAFETY:0.506600028851352
C_PIECESQUARETABLES:0.4970117680947313
C_MOBILITY:0.4904065071448285
C_KINGSAFETY:0.5195248075581924
C_PAWNSTRUCTURE:0.4733562774432896
C_PIECECOORDINATION:0.5028615541813117
C_ROOK:0.4875887183258067
CE_ROOK:0.5218506215498684
C_CENTERCONTROL:0.5056115139382057
C_DEVELOPPIECES:0.5074766793928497
C_MATERIAL:0.4838770772977631
C_MOVECOUNT:0.5059570904159023
C_PAWNMOVEMENT:0.5228469707997442
