ELO:1000
CE_PASSEDPAWNS:0.4804225224659545
CE_PAWNWEAKNESSES:0.4903418381931492
CE_PIECEACTIVITY:0.4944080149216736
CE_KINGPAWNSHIELD:0.4996104111099842
CE_PIECECOORDINATION:0.5148074345780811
CE_MATERIAL:0.5
CE_KINGSAFETY:0.48701275524318466
C_PIECESQUARETABLES:0.4969647112671173
C_MOBILITY:0.521826660738634
C_KINGSAFETY:0.48555602792757113
C_PAWNSTRUCTURE:0.5147645517598765
C_PIECECOORDINATION:0.501146942112619
C_ROOKANDPAWNMOVEMENT:0.501146942112619
C_CENTERCONTROL:0.4983157205436308
C_DEVELOPPIECES:0.5118732454523616
C_MATERIAL:0.4790393709711798
