ELO:877
CE_PASSEDPAWNS:0.46612347304270174
CE_PAWNWEAKNESSES:0.5427328884328831
CE_PIECEACTIVITY:0.49549663824081436
CE_KINGPAWNSHIELD:0.5199149665341074
CE_PIECECOORDINATION:0.4992592074323189
CE_MATERIAL:0.48239754090207876
CE_KINGSAFETY:0.504097965255873
C_PIECESQUARETABLES:0.47252501762476806
C_MOBILITY:0.4822710403137412
C_KINGSAFETY:0.5255315858576339
C_PAWNSTRUCTURE:0.465682958748261
C_PIECECOORDINATION:0.4946549721055906
C_ROOKANDPAWNMOVEMENT:0.4946549721055906
C_CENTERCONTROL:0.46776451582476386
C_DEVELOPPIECES:0.4747891382974151
C_MATERIAL:0.5544239534938005
C_MOVECOUNT:0.5
