ELO:983
CE_PASSEDPAWNS:0.3969859198645503
CE_PAWNWEAKNESSES:0.5074036060830199
CE_PIECEACTIVITY:0.5146500774428963
CE_KINGPAWNSHIELD:0.5360442516255611
CE_PIECECOORDINATION:0.5028817934483361
CE_MATERIAL:0.4973714281594404
CE_KINGSAFETY:0.4954649985159125
C_PIECESQUARETABLES:0.5044763267912582
C_MOBILITY:0.4988101400018183
C_KINGSAFETY:0.44497171342948694
C_PAWNSTRUCTURE:0.5054871034181965
C_PIECECOORDINATION:0.512121369449149
C_ROOKANDPAWNMOVEMENT:0.512121369449149
C_CENTERCONTROL:0.4411115208034231
C_DEVELOPPIECES:0.5768556326610829
C_MATERIAL:0.590745940330119
