ELO:817
CE_PASSEDPAWNS:0.5094595835636113
CE_PAWNWEAKNESSES:0.46707222438934415
CE_PIECEACTIVITY:0.4606107831511615
CE_KINGPAWNSHIELD:0.4426069587636746
CE_PIECECOORDINATION:0.48204598505459884
CE_MATERIAL:0.4597375012996643
CE_KINGSAFETY:0.49641337851512884
C_PIECESQUARETABLES:0.5
C_MOBILITY:0.46731167507145505
C_KINGSAFETY:0.47908712909753176
C_PAWNSTRUCTURE:0.45247428512670274
C_PIECECOORDINATION:0.49947366273293314
C_ROOKANDPAWNMOVEMENT:0.49947366273293314
C_CENTERCONTROL:0.4637078080447401
C_DEVELOPPIECES:0.3713475223902321
C_MATERIAL:0.40007355038441167
C_MOVECOUNT:0.5047917352330622
