ELO:993
CE_PASSEDPAWNS:0.48894097445956136
CE_PAWNWEAKNESSES:0.49838611862695253
CE_PIECEACTIVITY:0.4815463049694789
CE_KINGPAWNSHIELD:0.4962956458801146
CE_PIECECOORDINATION:0.5028892201748129
CE_MATERIAL:0.48649584950878527
CE_KINGSAFETY:0.5133620489442252
C_PIECESQUARETABLES:0.4649334101015168
C_MOBILITY:0.4620813303776174
C_KINGSAFETY:0.49818148783015354
C_PAWNSTRUCTURE:0.49870109799228207
C_PIECECOORDINATION:0.4941035699854912
C_ROOKANDPAWNMOVEMENT:0.4941035699854912
C_CENTERCONTROL:0.5191467138631225
C_DEVELOPPIECES:0.49126086751523096
C_MATERIAL:0.5124213569084247
