ELO:983
CE_PASSEDPAWNS:0.4954480732012017
CE_PAWNWEAKNESSES:0.4996693623007094
CE_PIECEACTIVITY:0.4950477574548281
CE_KINGPAWNSHIELD:0.5044526028958753
CE_PIECECOORDINATION:0.5091871589229655
CE_MATERIAL:0.5106340979731464
CE_KINGSAFETY:0.4918889517163111
C_PIECESQUARETABLES:0.4923425367547126
C_MOBILITY:0.5080650587559001
C_KINGSAFETY:0.5322521477892656
C_PAWNSTRUCTURE:0.49114395358470586
C_PIECECOORDINATION:0.4919980602751598
C_ROOK:0.48942265199758184
CE_ROOK:0.5122503477486338
C_CENTERCONTROL:0.5085984307158379
C_DEVELOPPIECES:0.5040705366639161
C_MATERIAL:0.4727416828544592
C_MOVECOUNT:0.5108317238680566
C_PAWNMOVEMENT:0.5117635874260333
