ELO:1000
CE_PASSEDPAWNS:0.48055592964187444
CE_PAWNWEAKNESSES:0.5056954115581376
CE_PIECEACTIVITY:0.514580042368294
CE_KINGPAWNSHIELD:0.5039109217749007
CE_PIECECOORDINATION:0.5053093453849532
CE_MATERIAL:0.5103776581606903
CE_KINGSAFETY:0.506051983210148
C_PIECESQUARETABLES:0.5041677223585866
C_MOBILITY:0.5067517455006284
C_KINGSAFETY:0.4812414530758231
C_PAWNSTRUCTURE:0.5161413687724764
C_PIECECOORDINATION:0.5031219011428884
C_ROOKANDPAWNMOVEMENT:0.5031219011428884
C_CENTERCONTROL:0.5023065900137544
C_DEVELOPPIECES:0.49978433504321995
C_MATERIAL:0.5057450820905193
