ELO:1000
CE_PASSEDPAWNS:0.45669996754986325
CE_PAWNWEAKNESSES:0.4860206536457661
CE_PIECEACTIVITY:0.527820566082249
CE_KINGPAWNSHIELD:0.48380152743155064
CE_PIECECOORDINATION:0.5482448526993486
CE_MATERIAL:0.49390438697345324
CE_KINGSAFETY:0.4979726914108415
C_PIECESQUARETABLES:0.48692987658396436
C_MOBILITY:0.44941189283127225
C_KINGSAFETY:0.5050914567842122
C_PAWNSTRUCTURE:0.5089795145439056
C_PIECECOORDINATION:0.4950861205034953
C_ROOKANDPAWNMOVEMENT:0.4950861205034953
C_CENTERCONTROL:0.4809845344708048
C_DEVELOPPIECES:0.5836359842528746
C_MATERIAL:0.5436730517171653
