ELO:908
CE_PASSEDPAWNS:0.46799637188911103
CE_PAWNWEAKNESSES:0.5106787453174764
CE_PIECEACTIVITY:0.4507893923761918
CE_KINGPAWNSHIELD:0.49836457863994127
CE_PIECECOORDINATION:0.513142382232718
CE_MATERIAL:0.4793555314988319
CE_KINGSAFETY:0.5150902021097128
C_PIECESQUARETABLES:0.4963986250201464
C_MOBILITY:0.46185343413886626
C_KINGSAFETY:0.5442232078809268
C_PAWNSTRUCTURE:0.4715699402777586
C_PIECECOORDINATION:0.5096323026362346
C_ROOKANDPAWNMOVEMENT:0.5096323026362346
C_CENTERCONTROL:0.4878665392218537
C_DEVELOPPIECES:0.44023957956894794
C_MATERIAL:0.5696868260844592
C_MOVECOUNT:0.5
