ELO:1000
CE_PASSEDPAWNS:0.4393431104617037
CE_PAWNWEAKNESSES:0.5210262838802983
CE_PIECEACTIVITY:0.513219045255612
CE_KINGPAWNSHIELD:0.4683839387792399
CE_PIECECOORDINATION:0.5157066288088189
CE_MATERIAL:0.5053861898862924
CE_KINGSAFETY:0.49845037077286214
C_PIECESQUARETABLES:0.4889093998547481
C_MOBILITY:0.511600002864899
C_KINGSAFETY:0.5047040373955644
C_PAWNSTRUCTURE:0.5039507350337873
C_PIECECOORDINATION:0.4907013568792476
C_ROOKANDPAWNMOVEMENT:0.4907013568792476
C_CENTERCONTROL:0.5420383893851679
C_DEVELOPPIECES:0.5122430773340059
C_MATERIAL:0.5264041882994561
