ELO:1020
CE_PASSEDPAWNS:0.5
CE_PAWNWEAKNESSES:0.5063266149764932
CE_PIECEACTIVITY:0.5
CE_KINGPAWNSHIELD:0.4820980042252163
CE_PIECECOORDINATION:0.5
CE_MATERIAL:0.5035876577245058
CE_KINGSAFETY:0.48843433000726677
C_PIECESQUARETABLES:0.5
C_MOBILITY:0.5
C_KINGSAFETY:0.5148977307359655
C_PAWNSTRUCTURE:0.4988324172290995
C_PIECECOORDINATION:0.5037263060568353
C_ROOKANDPAWNMOVEMENT:0.5037263060568353
C_CENTERCONTROL:0.5052790470857478
C_DEVELOPPIECES:0.5064428352412309
C_MATERIAL:0.5
C_MOVECOUNT:0.5
