ELO:986
CE_PASSEDPAWNS:0.409595420415137
CE_PAWNWEAKNESSES:0.5158267917371444
CE_PIECEACTIVITY:0.5247579616015295
CE_KINGPAWNSHIELD:0.5261150983274143
CE_PIECECOORDINATION:0.5128203107998242
CE_MATERIAL:0.5286436343841028
CE_KINGSAFETY:0.4683518621351482
C_PIECESQUARETABLES:0.49126999267375093
C_MOBILITY:0.5106076688149999
C_KINGSAFETY:0.460887587618215
C_PAWNSTRUCTURE:0.5275662994337611
C_PIECECOORDINATION:0.5215657428875276
C_ROOKANDPAWNMOVEMENT:0.5215657428875276
C_CENTERCONTROL:0.46074282589667365
C_DEVELOPPIECES:0.5896606894008574
C_MATERIAL:0.5706531591708334
