ELO:1000
CE_PASSEDPAWNS:0.4308638719994322
CE_PAWNWEAKNESSES:0.5201926809540959
CE_PIECEACTIVITY:0.5082348424410018
CE_KINGPAWNSHIELD:0.5088264805169846
CE_PIECECOORDINATION:0.523725416076032
CE_MATERIAL:0.5491952891994516
CE_KINGSAFETY:0.487768938118019
C_PIECESQUARETABLES:0.5
C_MOBILITY:0.51889773012388
C_KINGSAFETY:0.5239771140259148
C_PAWNSTRUCTURE:0.4788818317721578
C_PIECECOORDINATION:0.5477532091473484
C_ROOKANDPAWNMOVEMENT:0.5477532091473484
C_CENTERCONTROL:0.5146691490598635
C_DEVELOPPIECES:0.5044597061632361
C_MATERIAL:0.5294104040208685
