ELO:1000
CE_PASSEDPAWNS:0.43526923423990727
CE_PAWNWEAKNESSES:0.5142722452569811
CE_PIECEACTIVITY:0.5181854889454267
CE_KINGPAWNSHIELD:0.4918249057871724
CE_PIECECOORDINATION:0.4988417437119791
CE_MATERIAL:0.4856694154559533
CE_KINGSAFETY:0.4837510815818742
C_PIECESQUARETABLES:0.5072109711356642
C_MOBILITY:0.5086343018755184
C_KINGSAFETY:0.4999346793489792
C_PAWNSTRUCTURE:0.48707553378580604
C_PIECECOORDINATION:0.5059018051293183
C_ROOKANDPAWNMOVEMENT:0.5059018051293183
C_CENTERCONTROL:0.5167812778984582
C_DEVELOPPIECES:0.5094550947379547
C_MATERIAL:0.5331593330823632
