ELO:925
CE_PASSEDPAWNS:0.46167784672870305
CE_PAWNWEAKNESSES:0.5866428890301212
CE_PIECEACTIVITY:0.5240808833816101
CE_KINGPAWNSHIELD:0.5215232881866508
CE_PIECECOORDINATION:0.46559041176506416
CE_MATERIAL:0.5813088556917235
CE_KINGSAFETY:0.506714492782905
C_PIECESQUARETABLES:0.5002594816145257
C_MOBILITY:0.4915884776246017
C_KINGSAFETY:0.4740814986053002
C_PAWNSTRUCTURE:0.48075330193449645
C_PIECECOORDINATION:0.5298016796135544
C_ROOKANDPAWNMOVEMENT:0.5298016796135544
C_CENTERCONTROL:0.5714039317796648
C_DEVELOPPIECES:0.44720773185957596
C_MATERIAL:0.5104730699056513
