ELO:967
CE_PASSEDPAWNS:0.49426049642649217
CE_PAWNWEAKNESSES:0.5551612121840791
CE_PIECEACTIVITY:0.48195291972320325
CE_KINGPAWNSHIELD:0.4863420655876433
CE_PIECECOORDINATION:0.5446337403852654
CE_MATERIAL:0.4846328956127653
CE_KINGSAFETY:0.5109320577889853
C_PIECESQUARETABLES:0.5000573879570209
C_MOBILITY:0.47682985955024404
C_KINGSAFETY:0.484913492831665
C_PAWNSTRUCTURE:0.504214315721659
C_PIECECOORDINATION:0.5250013196874324
C_ROOK:0.4702210853372277
CE_ROOK:0.5474044530376203
C_CENTERCONTROL:0.492882902342949
C_DEVELOPPIECES:0.501988521448748
C_MATERIAL:0.48151825381964003
C_MOVECOUNT:0.49138745021439134
C_PAWNMOVEMENT:0.5253739309873368
