ELO:899
CE_PASSEDPAWNS:0.5085754337295831
CE_PAWNWEAKNESSES:0.5161435098568643
CE_PIECEACTIVITY:0.5590379135170389
CE_KINGPAWNSHIELD:0.5263620772642036
CE_PIECECOORDINATION:0.4574604619912966
CE_MATERIAL:0.5220780956670258
CE_KINGSAFETY:0.4558074899857621
C_PIECESQUARETABLES:0.5039465078133838
C_MOBILITY:0.5170880947047272
C_KINGSAFETY:0.49276863599125614
C_PAWNSTRUCTURE:0.49863137541524366
C_PIECECOORDINATION:0.4714591405950395
C_ROOKANDPAWNMOVEMENT:0.4714591405950395
C_CENTERCONTROL:0.5486997545370517
C_DEVELOPPIECES:0.4659282867173702
C_MATERIAL:0.49322148771772484
C_MOVECOUNT:0.5
