ELO:971
CE_PASSEDPAWNS:0.5200978358761426
CE_PAWNWEAKNESSES:0.5073826682239388
CE_PIECEACTIVITY:0.5075667406627017
CE_KINGPAWNSHIELD:0.49257453076682584
CE_PIECECOORDINATION:0.5108175972175425
CE_MATERIAL:0.5169613599835978
CE_KINGSAFETY:0.49821947053045995
C_PIECESQUARETABLES:0.5
C_MOBILITY:0.49450268294809285
C_KINGSAFETY:0.5011031547906938
C_PAWNSTRUCTURE:0.49402887963836684
C_PIECECOORDINATION:0.5
C_ROOKANDPAWNMOVEMENT:0.5
C_CENTERCONTROL:0.5003287698241247
C_DEVELOPPIECES:0.5142552031256595
C_MATERIAL:0.5061875536289435
C_MOVECOUNT:0.5054201628866051
