ELO:723
CE_PASSEDPAWNS:0.5730171970987049
CE_PAWNWEAKNESSES:0.48951144145888353
CE_PIECEACTIVITY:0.43222734062156026
CE_KINGPAWNSHIELD:0.4999422768687631
CE_PIECECOORDINATION:0.5295203332745841
CE_MATERIAL:0.5301106950606832
CE_KINGSAFETY:0.49590761824676644
C_PIECESQUARETABLES:0.4541635852822661
C_MOBILITY:0.5235116414038409
C_KINGSAFETY:0.4931245316649704
C_PAWNSTRUCTURE:0.5024506509416024
C_PIECECOORDINATION:0.45504686411132006
C_ROOKANDPAWNMOVEMENT:0.45504686411132006
C_CENTERCONTROL:0.46678020264037995
C_DEVELOPPIECES:0.4969943418786327
C_MATERIAL:0.5179073440056422
C_MOVECOUNT:0.41204105462870594
