ELO:1016
CE_PASSEDPAWNS:0.48389896374655644
CE_PAWNWEAKNESSES:0.5008565300789356
CE_PIECEACTIVITY:0.4894651892460587
CE_KINGPAWNSHIELD:0.4978004791117637
CE_PIECECOORDINATION:0.5230198584427119
CE_MATERIAL:0.5062918341550966
CE_KINGSAFETY:0.49275560889063036
C_PIECESQUARETABLES:0.5121037687776107
C_MOBILITY:0.505382814177081
C_KINGSAFETY:0.5
C_PAWNSTRUCTURE:0.5036420937825845
C_PIECECOORDINATION:0.4990509968940173
C_ROOKANDPAWNMOVEMENT:0.4990509968940173
C_CENTERCONTROL:0.4775761539555929
C_DEVELOPPIECES:0.4943301830381546
C_MATERIAL:0.49005621424566875
C_MOVECOUNT:0.5102311239629914
