ELO:971
CE_PASSEDPAWNS:0.517190008528901
CE_PAWNWEAKNESSES:0.5114759896131928
CE_PIECEACTIVITY:0.4977224294045061
CE_KINGPAWNSHIELD:0.5116190017786754
CE_PIECECOORDINATION:0.5055159627876844
CE_MATERIAL:0.4645436897739357
CE_KINGSAFETY:0.5161678283153902
C_PIECESQUARETABLES:0.5062628798179665
C_MOBILITY:0.49450268294809285
C_KINGSAFETY:0.5137335355017707
C_PAWNSTRUCTURE:0.5218606098239676
C_PIECECOORDINATION:0.4991890623456772
C_ROOKANDPAWNMOVEMENT:0.4991890623456772
C_CENTERCONTROL:0.4856200718213736
C_DEVELOPPIECES:0.5003633879562673
C_MATERIAL:0.5061875536289435
C_MOVECOUNT:0.5126206102455066
