ELO:918
CE_PASSEDPAWNS:0.5146702260777849
CE_PAWNWEAKNESSES:0.5115338991104771
CE_PIECEACTIVITY:0.538885639328192
CE_KINGPAWNSHIELD:0.43917992606862133
CE_PIECECOORDINATION:0.522488953514519
CE_MATERIAL:0.5207773730641998
CE_KINGSAFETY:0.5094137570296037
C_PIECESQUARETABLES:0.4886748185964463
C_MOBILITY:0.47264500978868024
C_KINGSAFETY:0.5256456136412562
C_PAWNSTRUCTURE:0.5233240461168217
C_PIECECOORDINATION:0.5123046450430806
C_ROOK:0.48065852763546507
CE_ROOK:0.5157118341484007
C_CENTERCONTROL:0.48456998809878316
C_DEVELOPPIECES:0.5229109895955885
C_MATERIAL:0.5239344040963537
C_MOVECOUNT:0.4693492290727682
C_PAWNMOVEMENT:0.46997193907855755
