ELO:1000
CE_PASSEDPAWNS:0.46476279909443385
CE_PAWNWEAKNESSES:0.47348190839373355
CE_PIECEACTIVITY:0.5290912894660775
CE_KINGPAWNSHIELD:0.4967358245379497
CE_PIECECOORDINATION:0.5536484205630363
CE_MATERIAL:0.47108136473963114
CE_KINGSAFETY:0.4979726914108415
C_PIECESQUARETABLES:0.48631486132559737
C_MOBILITY:0.44941189283127225
C_KINGSAFETY:0.483370500232449
C_PAWNSTRUCTURE:0.5063283981730364
C_PIECECOORDINATION:0.5135808680567501
C_ROOKANDPAWNMOVEMENT:0.5135808680567501
C_CENTERCONTROL:0.46545982853971785
C_DEVELOPPIECES:0.5848359326471984
C_MATERIAL:0.5508099592577079
