ELO:966
CE_PASSEDPAWNS:0.4971882113953849
CE_PAWNWEAKNESSES:0.5373422439271206
CE_PIECEACTIVITY:0.4890734988641532
CE_KINGPAWNSHIELD:0.4961168664815295
CE_PIECECOORDINATION:0.5240489472816715
CE_MATERIAL:0.5039984421813035
CE_KINGSAFETY:0.506600028851352
C_PIECESQUARETABLES:0.500602346023756
C_MOBILITY:0.49093273056257414
C_KINGSAFETY:0.5146605885529988
C_PAWNSTRUCTURE:0.4733562774432896
C_PIECECOORDINATION:0.5096698020153416
C_ROOK:0.48442356570446665
CE_ROOK:0.5388057615008084
C_CENTERCONTROL:0.5056115139382057
C_DEVELOPPIECES:0.5074766793928497
C_MATERIAL:0.4838770772977631
C_MOVECOUNT:0.5080972799182684
C_PAWNMOVEMENT:0.5228469707997442
