ELO:913
CE_PASSEDPAWNS:0.46175552605193754
CE_PAWNWEAKNESSES:0.5876412340960111
CE_PIECEACTIVITY:0.5271518232323006
CE_KINGPAWNSHIELD:0.5342740260752099
CE_PIECECOORDINATION:0.46262180010262277
CE_MATERIAL:0.5862357009627739
CE_KINGSAFETY:0.5184985688195068
C_PIECESQUARETABLES:0.525580611263526
C_MOBILITY:0.49197056047511695
C_KINGSAFETY:0.4703515957370165
C_PAWNSTRUCTURE:0.49907201070419666
C_PIECECOORDINATION:0.5115305275804684
C_ROOKANDPAWNMOVEMENT:0.5115305275804684
C_CENTERCONTROL:0.5948838203389075
C_DEVELOPPIECES:0.45911336180751394
C_MATERIAL:0.4812287250137149
