ELO:997
CE_PASSEDPAWNS:0.49657559585567634
CE_PAWNWEAKNESSES:0.5033809608504715
CE_PIECEACTIVITY:0.49675264649139755
CE_KINGPAWNSHIELD:0.516544119386674
CE_PIECECOORDINATION:0.5
CE_MATERIAL:0.4800647322302788
CE_KINGSAFETY:0.5
C_PIECESQUARETABLES:0.5
C_MOBILITY:0.5100976640321816
C_KINGSAFETY:0.5145298351245008
C_PAWNSTRUCTURE:0.49941788660009245
C_PIECECOORDINATION:0.508184283426355
C_ROOKANDPAWNMOVEMENT:0.508184283426355
C_CENTERCONTROL:0.5065979542305737
C_DEVELOPPIECES:0.5
C_MATERIAL:0.5166408378464059
C_MOVECOUNT:0.4690243976150856
