ELO:930
CE_PASSEDPAWNS:0.5157575537820355
CE_PAWNWEAKNESSES:0.5151454084367193
CE_PIECEACTIVITY:0.5359651883052082
CE_KINGPAWNSHIELD:0.43917992606862133
CE_PIECECOORDINATION:0.5295726390016379
CE_MATERIAL:0.5094458613413769
CE_KINGSAFETY:0.5
C_PIECESQUARETABLES:0.5
C_MOBILITY:0.4762099568558194
C_KINGSAFETY:0.5256456136412562
C_PAWNSTRUCTURE:0.4902937161351639
C_PIECECOORDINATION:0.5102370798451772
C_ROOK:0.474120110818707
CE_ROOK:0.5262269906496916
C_CENTERCONTROL:0.4944451796580277
C_DEVELOPPIECES:0.516487259393179
C_MATERIAL:0.5222419923049184
C_MOVECOUNT:0.49121965861878986
C_PAWNMOVEMENT:0.46971681993156494
