ELO:994
CE_PASSEDPAWNS:0.5305555267810199
CE_PAWNWEAKNESSES:0.4852443744980351
CE_PIECEACTIVITY:0.47181755904448114
CE_KINGPAWNSHIELD:0.587918549860805
CE_PIECECOORDINATION:0.3937258380353611
CE_MATERIAL:0.4901285709993226
CE_KINGSAFETY:0.4936065551404981
C_PIECESQUARETABLES:0.49112547112033755
C_MOBILITY:0.48626091019616424
C_KINGSAFETY:0.5141177652093941
C_PAWNSTRUCTURE:0.48182290575032966
C_PIECECOORDINATION:0.5041475622318514
C_ROOKANDPAWNMOVEMENT:0.5041475622318514
C_CENTERCONTROL:0.5061471678351939
C_DEVELOPPIECES:0.4958361671002125
C_MATERIAL:0.4113311486172251
