ELO:980
CE_PASSEDPAWNS:0.502084068098397
CE_PAWNWEAKNESSES:0.49350524684762787
CE_PIECEACTIVITY:0.4862124559755998
CE_KINGPAWNSHIELD:0.4916718479074189
CE_PIECECOORDINATION:0.5560001109684466
CE_MATERIAL:0.4952659209139734
CE_KINGSAFETY:0.4894745054836905
C_PIECESQUARETABLES:0.49850698513513225
C_MOBILITY:0.5036917756145998
C_KINGSAFETY:0.4982817447798161
C_PAWNSTRUCTURE:0.49347403622253294
C_PIECECOORDINATION:0.49880399051858676
C_ROOK:0.46189632607736475
CE_ROOK:0.45709458940234365
C_CENTERCONTROL:0.4821397597162268
C_DEVELOPPIECES:0.5099434335011349
C_MATERIAL:0.4891061284862227
C_MOVECOUNT:0.5127955965270174
C_PAWNMOVEMENT:0.49730814264549844
