ELO:961
CE_PASSEDPAWNS:0.5163442068699177
CE_PAWNWEAKNESSES:0.5151617896567712
CE_PIECEACTIVITY:0.49694078734028113
CE_KINGPAWNSHIELD:0.4925294939915817
CE_PIECECOORDINATION:0.49049291175851006
CE_MATERIAL:0.49699926111187365
CE_KINGSAFETY:0.5121000952157798
C_PIECESQUARETABLES:0.4881842470438865
C_MOBILITY:0.4717658007241975
C_KINGSAFETY:0.5274476982096988
C_PAWNSTRUCTURE:0.4828743455884534
C_PIECECOORDINATION:0.49954802115272795
C_ROOKANDPAWNMOVEMENT:0.49954802115272795
C_CENTERCONTROL:0.4575644170623968
C_DEVELOPPIECES:0.5207225747067373
C_MATERIAL:0.5132294953324945
C_MOVECOUNT:0.5148848376745123
