ELO:962
CE_PASSEDPAWNS:0.5350431349952922
CE_PAWNWEAKNESSES:0.5132995407841665
CE_PIECEACTIVITY:0.4921028904062091
CE_KINGPAWNSHIELD:0.4864779456176657
CE_PIECECOORDINATION:0.483316396476612
CE_MATERIAL:0.49699926111187365
CE_KINGSAFETY:0.5
C_PIECESQUARETABLES:0.5
C_MOBILITY:0.47005261652457886
C_KINGSAFETY:0.5135494589795716
C_PAWNSTRUCTURE:0.495194438131117
C_PIECECOORDINATION:0.5079114591277712
C_ROOKANDPAWNMOVEMENT:0.5079114591277712
C_CENTERCONTROL:0.45099407990880463
C_DEVELOPPIECES:0.5040214878325057
C_MATERIAL:0.5053397260580009
C_MOVECOUNT:0.497022651599767
