ELO:934
CE_PASSEDPAWNS:0.4765281666340236
CE_PAWNWEAKNESSES:0.4941221514704318
CE_PIECEACTIVITY:0.5106319491345834
CE_KINGPAWNSHIELD:0.480239809012378
CE_PIECECOORDINATION:0.5322939797146161
CE_MATERIAL:0.5008769959709548
CE_KINGSAFETY:0.5076175798320578
C_PIECESQUARETABLES:0.5040138459276391
C_MOBILITY:0.4655899435060297
C_KINGSAFETY:0.5108700340125566
C_PAWNSTRUCTURE:0.48254616018424606
C_PIECECOORDINATION:0.5074870051795988
C_ROOKANDPAWNMOVEMENT:0.5074870051795988
C_CENTERCONTROL:0.5181326666222407
C_DEVELOPPIECES:0.5070797485296605
C_MATERIAL:0.5161649042880834
C_MOVECOUNT:0.5
