ELO:1000
CE_PASSEDPAWNS:0.50166288597225
CE_PAWNWEAKNESSES:0.48408509990784493
CE_PIECEACTIVITY:0.4894334151322286
CE_KINGPAWNSHIELD:0.49426602439198436
CE_PIECECOORDINATION:0.5708332782520933
CE_MATERIAL:0.4565303011099168
CE_KINGSAFETY:0.5088813460379795
C_PIECESQUARETABLES:0.48268688240999347
C_MOBILITY:0.49427666932662284
C_KINGSAFETY:0.4408234161868776
C_PAWNSTRUCTURE:0.515403344376011
C_PIECECOORDINATION:0.5230506665312805
C_ROOKANDPAWNMOVEMENT:0.5230506665312805
C_CENTERCONTROL:0.5101792665919799
C_DEVELOPPIECES:0.4567356689266119
C_MATERIAL:0.5256709817259634
