ELO:963
CE_PASSEDPAWNS:0.5011167119052714
CE_PAWNWEAKNESSES:0.42192523370146445
CE_PIECEACTIVITY:0.5098126648018604
CE_KINGPAWNSHIELD:0.4940484174454118
CE_PIECECOORDINATION:0.550160451994786
CE_MATERIAL:0.4704369072790327
CE_KINGSAFETY:0.5
C_PIECESQUARETABLES:0.5
C_MOBILITY:0.5416378113683767
C_KINGSAFETY:0.5230831173300444
C_PAWNSTRUCTURE:0.45585284701971995
C_PIECECOORDINATION:0.4896697258066183
C_ROOKANDPAWNMOVEMENT:0.4896697258066183
C_CENTERCONTROL:0.42273101846889327
C_DEVELOPPIECES:0.5037832510930562
C_MATERIAL:0.4708611042762181
C_MOVECOUNT:0.5
