ELO:873
CE_PASSEDPAWNS:0.5873864752733978
CE_PAWNWEAKNESSES:0.567418848383608
CE_PIECEACTIVITY:0.4318554375775938
CE_KINGPAWNSHIELD:0.4864555293214902
CE_PIECECOORDINATION:0.44587209818734047
CE_MATERIAL:0.5247241593669653
CE_KINGSAFETY:0.5067775187448175
C_PIECESQUARETABLES:0.5077966125780733
C_MOBILITY:0.5393325274403208
C_KINGSAFETY:0.43065094292964207
C_PAWNSTRUCTURE:0.637191484969231
C_PIECECOORDINATION:0.5353284009192918
C_ROOKANDPAWNMOVEMENT:0.5353284009192918
C_CENTERCONTROL:0.521763570107805
C_DEVELOPPIECES:0.5611618708943962
C_MATERIAL:0.5636970299329078
