ELO:935
CE_PASSEDPAWNS:0.5106615263791086
CE_PAWNWEAKNESSES:0.46939665416157406
CE_PIECEACTIVITY:0.4801472028474121
CE_KINGPAWNSHIELD:0.5819107801027834
CE_PIECECOORDINATION:0.4067081383501202
CE_MATERIAL:0.562632261704471
CE_KINGSAFETY:0.4891712265370124
C_PIECESQUARETABLES:0.5095973387204381
C_MOBILITY:0.4521322522855535
C_KINGSAFETY:0.530265945354957
C_PAWNSTRUCTURE:0.4888624897575696
C_PIECECOORDINATION:0.6019362963787587
C_ROOKANDPAWNMOVEMENT:0.6019362963787587
C_CENTERCONTROL:0.5180653626509989
C_DEVELOPPIECES:0.4860139513808659
C_MATERIAL:0.42223324555099356
