ELO:972
CE_PASSEDPAWNS:0.501910226219754
CE_PAWNWEAKNESSES:0.496707354758103
CE_PIECEACTIVITY:0.4844546690600521
CE_KINGPAWNSHIELD:0.49087481284406964
CE_PIECECOORDINATION:0.5464069170923682
CE_MATERIAL:0.5099582202175774
CE_KINGSAFETY:0.5
C_PIECESQUARETABLES:0.5172996358038082
C_MOBILITY:0.5036917756145998
C_KINGSAFETY:0.5005069833507546
C_PAWNSTRUCTURE:0.5023799314313367
C_PIECECOORDINATION:0.4925845856306537
C_ROOK:0.4490404257238773
CE_ROOK:0.45056792636862947
C_CENTERCONTROL:0.47439555349526935
C_DEVELOPPIECES:0.5136523422042267
C_MATERIAL:0.4891061284862227
C_MOVECOUNT:0.5047116658693813
C_PAWNMOVEMENT:0.48544897044802304
