ELO:981
CE_PASSEDPAWNS:0.48940031799777506
CE_PAWNWEAKNESSES:0.5384343405615346
CE_PIECEACTIVITY:0.508266966060342
CE_KINGPAWNSHIELD:0.499986348299769
CE_PIECECOORDINATION:0.5189104572783061
CE_MATERIAL:0.500848812223925
CE_KINGSAFETY:0.4919725548780783
C_PIECESQUARETABLES:0.5
C_MOBILITY:0.5148852546729316
C_KINGSAFETY:0.5270017653069593
C_PAWNSTRUCTURE:0.4951533723814264
C_PIECECOORDINATION:0.5012725903035435
C_ROOKANDPAWNMOVEMENT:0.5012725903035435
C_CENTERCONTROL:0.49880340072773094
C_DEVELOPPIECES:0.49389017604568236
C_MATERIAL:0.5
C_MOVECOUNT:0.5
