ELO:971
CE_PASSEDPAWNS:0.5098890361592022
CE_PAWNWEAKNESSES:0.503431764970267
CE_PIECEACTIVITY:0.5001651399219197
CE_KINGPAWNSHIELD:0.5035070745701309
CE_PIECECOORDINATION:0.4997686688430732
CE_MATERIAL:0.5
CE_KINGSAFETY:0.5
C_PIECESQUARETABLES:0.5
C_MOBILITY:0.508095267569779
C_KINGSAFETY:0.5002746271201821
C_PAWNSTRUCTURE:0.5028189823473849
C_PIECECOORDINATION:0.5
C_ROOKANDPAWNMOVEMENT:0.5
C_CENTERCONTROL:0.491221883349188
C_DEVELOPPIECES:0.5115162928060236
C_MATERIAL:0.48914183205194345
C_MOVECOUNT:0.48733454357421147
