ELO:1000
CE_PASSEDPAWNS:0.5019804917617455
CE_PAWNWEAKNESSES:0.47651715441514764
CE_PIECEACTIVITY:0.47795508070299475
CE_KINGPAWNSHIELD:0.4944860742989286
CE_PIECECOORDINATION:0.5752548369519105
CE_MATERIAL:0.4684870083806057
CE_KINGSAFETY:0.5260895978913457
C_PIECESQUARETABLES:0.471963798627896
C_MOBILITY:0.5039142528799342
C_KINGSAFETY:0.43645315986836886
C_PAWNSTRUCTURE:0.5214164523889565
C_PIECECOORDINATION:0.5342697420906761
C_ROOKANDPAWNMOVEMENT:0.5342697420906761
C_CENTERCONTROL:0.5076211395581118
C_DEVELOPPIECES:0.4703690468859337
C_MATERIAL:0.5101478658201439
