ELO:972
CE_PASSEDPAWNS:0.54176187849908
CE_PAWNWEAKNESSES:0.5093641995278332
CE_PIECEACTIVITY:0.49121420051471354
CE_KINGPAWNSHIELD:0.4957766029453801
CE_PIECECOORDINATION:0.4743417291195316
CE_MATERIAL:0.5043460503787753
CE_KINGSAFETY:0.5112947123815673
C_PIECESQUARETABLES:0.5
C_MOBILITY:0.45656598972493434
C_KINGSAFETY:0.49807052090124865
C_PAWNSTRUCTURE:0.5048390123481031
C_PIECECOORDINATION:0.4904700686118289
C_ROOKANDPAWNMOVEMENT:0.4904700686118289
C_CENTERCONTROL:0.4474802992031506
C_DEVELOPPIECES:0.5063437000108819
C_MATERIAL:0.504857612753068
C_MOVECOUNT:0.5088177730878064
