ELO:1043
CE_PASSEDPAWNS:0.5083267754144815
CE_PAWNWEAKNESSES:0.5018879324371956
CE_PIECEACTIVITY:0.5
CE_KINGPAWNSHIELD:0.5
CE_PIECECOORDINATION:0.5
CE_MATERIAL:0.5
CE_KINGSAFETY:0.5
C_PIECESQUARETABLES:0.5
C_MOBILITY:0.5043238498953178
C_KINGSAFETY:0.5
C_PAWNSTRUCTURE:0.49188221098046353
C_PIECECOORDINATION:0.5006475410449903
C_ROOKANDPAWNMOVEMENT:0.5006475410449903
C_CENTERCONTROL:0.4887411925286789
C_DEVELOPPIECES:0.4984141885264271
C_MATERIAL:0.5
