ELO:966
CE_PASSEDPAWNS:0.5019418467804837
CE_PAWNWEAKNESSES:0.5122432321407346
CE_PIECEACTIVITY:0.4916181470287133
CE_KINGPAWNSHIELD:0.4877987262153042
CE_PIECECOORDINATION:0.5030658524628098
CE_MATERIAL:0.49255860986349914
CE_KINGSAFETY:0.5086157117531633
C_PIECESQUARETABLES:0.4919135662404062
C_MOBILITY:0.49473388209296193
C_KINGSAFETY:0.5224543766800531
C_PAWNSTRUCTURE:0.49384777504768934
C_PIECECOORDINATION:0.5180799117535605
C_ROOK:0.4703726737210378
CE_ROOK:0.5482295119782771
C_CENTERCONTROL:0.4861154042306201
C_DEVELOPPIECES:0.5362654972818858
C_MATERIAL:0.5149425619923146
C_MOVECOUNT:0.5153178805464597
C_PAWNMOVEMENT:0.46373298894420556
