ELO:990
CE_PASSEDPAWNS:0.5047423270348672
CE_PAWNWEAKNESSES:0.48878836550001614
CE_PIECEACTIVITY:0.49357150996274374
CE_KINGPAWNSHIELD:0.5
CE_PIECECOORDINATION:0.5490682192946441
CE_MATERIAL:0.5107216171510552
CE_KINGSAFETY:0.5131408513778518
C_PIECESQUARETABLES:0.5004231100535812
C_MOBILITY:0.5
C_KINGSAFETY:0.5244783218694085
C_PAWNSTRUCTURE:0.5065341714168775
C_PIECECOORDINATION:0.47738630309297303
C_ROOKANDPAWNMOVEMENT:0.47738630309297303
C_CENTERCONTROL:0.5
C_DEVELOPPIECES:0.5
C_MATERIAL:0.4894552241907365
C_MOVECOUNT:0.5
