ELO:883
CE_PASSEDPAWNS:0.4842911208916272
CE_PAWNWEAKNESSES:0.43685717367269483
CE_PIECEACTIVITY:0.5422002272887749
CE_KINGPAWNSHIELD:0.539380338680297
CE_PIECECOORDINATION:0.5536479394859591
CE_MATERIAL:0.49565497205795916
CE_KINGSAFETY:0.5
C_PIECESQUARETABLES:0.5
C_MOBILITY:0.6283005913460247
C_KINGSAFETY:0.4752532476730597
C_PAWNSTRUCTURE:0.45005138481709195
C_PIECECOORDINATION:0.443335211104307
C_ROOKANDPAWNMOVEMENT:0.443335211104307
C_CENTERCONTROL:0.5949008410296197
C_DEVELOPPIECES:0.5
C_MATERIAL:0.44691625377870037
C_MOVECOUNT:0.498605381623639
