ELO:1036
CE_PASSEDPAWNS:0.4920896759916136
CE_PAWNWEAKNESSES:0.49519779712999273
CE_PIECEACTIVITY:0.49978264229982444
CE_KINGPAWNSHIELD:0.5
CE_PIECECOORDINATION:0.491115818936762
CE_MATERIAL:0.49782889385480256
CE_KINGSAFETY:0.5040157706126225
C_PIECESQUARETABLES:0.5
C_MOBILITY:0.5164581125171444
C_KINGSAFETY:0.5126680728938731
C_PAWNSTRUCTURE:0.5139555243370186
C_PIECECOORDINATION:0.5181771317652789
C_ROOK:0.49977484436432357
CE_ROOK:0.49568208707785216
C_CENTERCONTROL:0.5
C_DEVELOPPIECES:0.5
C_MATERIAL:0.498131800715962
C_MOVECOUNT:0.4727038447097598
C_PAWNMOVEMENT:0.5167834503781904
