ELO:768
CE_PASSEDPAWNS:0.4691129225771047
CE_PAWNWEAKNESSES:0.4551611962353981
CE_PIECEACTIVITY:0.5052851372340713
CE_KINGPAWNSHIELD:0.4488989799743792
CE_PIECECOORDINATION:0.4630240767894064
CE_MATERIAL:0.45266212631488684
CE_KINGSAFETY:0.5047666280689431
C_PIECESQUARETABLES:0.5172066864825855
C_MOBILITY:0.5065254963818384
C_KINGSAFETY:0.48103468661535215
C_PAWNSTRUCTURE:0.5800860467431215
C_PIECECOORDINATION:0.5251501899267765
C_ROOKANDPAWNMOVEMENT:0.5251501899267765
C_CENTERCONTROL:0.5037387601818606
C_DEVELOPPIECES:0.5325329786014914
C_MATERIAL:0.5093356045228528
C_MOVECOUNT:0.5102387723447265
