ELO:936
CE_PASSEDPAWNS:0.5543994061856732
CE_PAWNWEAKNESSES:0.5037751487809795
CE_PIECEACTIVITY:0.4370809963858951
CE_KINGPAWNSHIELD:0.5282924529288239
CE_PIECECOORDINATION:0.5548000130069827
CE_MATERIAL:0.491984270032094
CE_KINGSAFETY:0.48239756356905794
C_PIECESQUARETABLES:0.513150719565709
C_MOBILITY:0.46577554583008707
C_KINGSAFETY:0.5028958854174156
C_PAWNSTRUCTURE:0.5382870053746077
C_PIECECOORDINATION:0.5414220692618822
C_ROOKANDPAWNMOVEMENT:0.5414220692618822
C_CENTERCONTROL:0.47845521484124864
C_DEVELOPPIECES:0.5013043526850356
C_MATERIAL:0.48378994513085843
