ELO:1000
CE_PASSEDPAWNS:0.502117258774215
CE_PAWNWEAKNESSES:0.5149028398648727
CE_PIECEACTIVITY:0.49812586350686533
CE_KINGPAWNSHIELD:0.5528039799280566
CE_PIECECOORDINATION:0.47131759503949733
CE_MATERIAL:0.49016564246980204
CE_KINGSAFETY:0.5541152456130489
C_PIECESQUARETABLES:0.48788751865045216
C_MOBILITY:0.49847140891209946
C_KINGSAFETY:0.5302387571463343
C_PAWNSTRUCTURE:0.5078425676132812
C_PIECECOORDINATION:0.46828685837927525
C_ROOKANDPAWNMOVEMENT:0.46828685837927525
C_CENTERCONTROL:0.484498047119886
C_DEVELOPPIECES:0.5024231659233054
C_MATERIAL:0.48191925241529276
