ELO:960
CE_PASSEDPAWNS:0.5426852824085021
CE_PAWNWEAKNESSES:0.47787896767923504
CE_PIECEACTIVITY:0.44420961453385155
CE_KINGPAWNSHIELD:0.5435235612702932
CE_PIECECOORDINATION:0.555422494550694
CE_MATERIAL:0.5084792279805332
CE_KINGSAFETY:0.5
C_PIECESQUARETABLES:0.5
C_MOBILITY:0.5001874406926887
C_KINGSAFETY:0.5153116559543017
C_PAWNSTRUCTURE:0.4947981235777003
C_PIECECOORDINATION:0.5489494820307068
C_ROOKANDPAWNMOVEMENT:0.5489494820307068
C_CENTERCONTROL:0.5297534287593314
C_DEVELOPPIECES:0.5438417146101374
C_MATERIAL:0.5312806079861571
