ELO:1108
CE_PASSEDPAWNS:0.5104446768667571
CE_PAWNWEAKNESSES:0.4963918641094843
CE_PIECEACTIVITY:0.5099979087104214
CE_KINGPAWNSHIELD:0.49295909841750346
CE_PIECECOORDINATION:0.4892023209274575
CE_MATERIAL:0.49735430658636265
CE_KINGSAFETY:0.5581996079300934
C_PIECESQUARETABLES:0.48579348952347184
C_MOBILITY:0.5
C_KINGSAFETY:0.5
C_PAWNSTRUCTURE:0.5091220547528964
C_PIECECOORDINATION:0.4752642104033801
C_ROOKANDPAWNMOVEMENT:0.4752642104033801
C_CENTERCONTROL:0.4784039840534033
C_DEVELOPPIECES:0.5042637193257786
C_MATERIAL:0.5003704629571398
C_MOVECOUNT:0.5
