ELO:965
CE_PASSEDPAWNS:0.45087393198393066
CE_PAWNWEAKNESSES:0.5122432321407346
CE_PIECEACTIVITY:0.4916181470287133
CE_KINGPAWNSHIELD:0.4772885861857269
CE_PIECECOORDINATION:0.47019830684370784
CE_MATERIAL:0.49255860986349914
CE_KINGSAFETY:0.5
C_PIECESQUARETABLES:0.5
C_MOBILITY:0.5254793556882357
C_KINGSAFETY:0.502621076820108
C_PAWNSTRUCTURE:0.4978537143032031
C_PIECECOORDINATION:0.5131484016416082
C_ROOK:0.5250502492890529
CE_ROOK:0.5482295119782771
C_CENTERCONTROL:0.4785567911936164
C_DEVELOPPIECES:0.5362654972818858
C_MATERIAL:0.5149425619923146
C_MOVECOUNT:0.5153178805464597
C_PAWNMOVEMENT:0.46373298894420556
