ELO:1020
CE_PASSEDPAWNS:0.4729760683916298
CE_PAWNWEAKNESSES:0.47080899038537255
CE_PIECEACTIVITY:0.5
CE_KINGPAWNSHIELD:0.4618843732853602
CE_PIECECOORDINATION:0.5075335895907983
CE_MATERIAL:0.5060022924239469
CE_KINGSAFETY:0.5
C_PIECESQUARETABLES:0.5
C_MOBILITY:0.5068652566111305
C_KINGSAFETY:0.5251711149764031
C_PAWNSTRUCTURE:0.5115051296064201
C_PIECECOORDINATION:0.46258933237358013
C_ROOKANDPAWNMOVEMENT:0.46258933237358013
C_CENTERCONTROL:0.49908496881248876
C_DEVELOPPIECES:0.47052533932066637
C_MATERIAL:0.49661817650321544
C_MOVECOUNT:0.5
