ELO:1015
CE_PASSEDPAWNS:0.5143391070167428
CE_PAWNWEAKNESSES:0.5
CE_PIECEACTIVITY:0.5
CE_KINGPAWNSHIELD:0.5095210757071279
CE_PIECECOORDINATION:0.48359571126035056
CE_MATERIAL:0.48438727908033813
CE_KINGSAFETY:0.4807459354356822
C_PIECESQUARETABLES:0.5197834199856919
C_MOBILITY:0.49108933400119376
C_KINGSAFETY:0.5
C_PAWNSTRUCTURE:0.45005138481709195
C_PIECECOORDINATION:0.4766081296382619
C_ROOKANDPAWNMOVEMENT:0.4766081296382619
C_CENTERCONTROL:0.5104558754537126
C_DEVELOPPIECES:0.5022495976457022
C_MATERIAL:0.4807675209751032
C_MOVECOUNT:0.5
