ELO:941
CE_PASSEDPAWNS:0.5041355221589727
CE_PAWNWEAKNESSES:0.49869754866835275
CE_PIECEACTIVITY:0.47773796571733046
CE_KINGPAWNSHIELD:0.573211891134539
CE_PIECECOORDINATION:0.39283210131759244
CE_MATERIAL:0.5489159227787284
CE_KINGSAFETY:0.5
C_PIECESQUARETABLES:0.5
C_MOBILITY:0.44918184884524165
C_KINGSAFETY:0.5170426174558722
C_PAWNSTRUCTURE:0.46922227632291863
C_PIECECOORDINATION:0.5605176250496038
C_ROOKANDPAWNMOVEMENT:0.5605176250496038
C_CENTERCONTROL:0.5212399257251498
C_DEVELOPPIECES:0.5108094535096385
C_MATERIAL:0.43029754807770726
