ELO:1072
CE_PASSEDPAWNS:0.4875142720850526
CE_PAWNWEAKNESSES:0.4892926816716441
CE_PIECEACTIVITY:0.463532879779921
CE_KINGPAWNSHIELD:0.5009155981554093
CE_PIECECOORDINATION:0.4988830367256115
CE_MATERIAL:0.5
CE_KINGSAFETY:0.5
C_PIECESQUARETABLES:0.5
C_MOBILITY:0.49375600138893516
C_KINGSAFETY:0.5053259434550856
C_PAWNSTRUCTURE:0.5402429035349409
C_PIECECOORDINATION:0.5128189785301739
C_ROOKANDPAWNMOVEMENT:0.5128189785301739
C_CENTERCONTROL:0.4742081544767967
C_DEVELOPPIECES:0.5
C_MATERIAL:0.48044523517626997
C_MOVECOUNT:0.5
