ELO:974
CE_PASSEDPAWNS:0.5381555865104369
CE_PAWNWEAKNESSES:0.5045245563221151
CE_PIECEACTIVITY:0.4921028904062091
CE_KINGPAWNSHIELD:0.4864779456176657
CE_PIECECOORDINATION:0.483316396476612
CE_MATERIAL:0.49699926111187365
CE_KINGSAFETY:0.5069040186553586
C_PIECESQUARETABLES:0.5
C_MOBILITY:0.47005261652457886
C_KINGSAFETY:0.5071469479244525
C_PAWNSTRUCTURE:0.495194438131117
C_PIECECOORDINATION:0.5085360249761072
C_ROOKANDPAWNMOVEMENT:0.5085360249761072
C_CENTERCONTROL:0.45099407990880463
C_DEVELOPPIECES:0.5063437000108819
C_MATERIAL:0.5045346865118235
C_MOVECOUNT:0.5068609688850676
