ELO:989
CE_PASSEDPAWNS:0.48451117669846594
CE_PAWNWEAKNESSES:0.441011124219595
CE_PIECEACTIVITY:0.48192327502881066
CE_KINGPAWNSHIELD:0.4377291172754894
CE_PIECECOORDINATION:0.47360610606814124
CE_MATERIAL:0.4829151603166434
CE_KINGSAFETY:0.5
C_PIECESQUARETABLES:0.5
C_MOBILITY:0.5503501204393046
C_KINGSAFETY:0.4780892675271773
C_PAWNSTRUCTURE:0.48622638489785863
C_PIECECOORDINATION:0.4914488872122954
C_ROOK:0.5223055669905319
CE_ROOK:0.5348033858438919
C_CENTERCONTROL:0.503935985226219
C_DEVELOPPIECES:0.499497494093487
C_MATERIAL:0.5177364255238226
C_MOVECOUNT:0.500602818450841
C_PAWNMOVEMENT:0.5
