ELO:992
CE_PASSEDPAWNS:0.513218253444905
CE_PAWNWEAKNESSES:0.4949821251963144
CE_PIECEACTIVITY:0.5267408190248277
CE_KINGPAWNSHIELD:0.5029440551844092
CE_PIECECOORDINATION:0.5008541569724249
CE_MATERIAL:0.49148872499368956
CE_KINGSAFETY:0.5
C_PIECESQUARETABLES:0.5
C_MOBILITY:0.4840281039255164
C_KINGSAFETY:0.504429605358975
C_PAWNSTRUCTURE:0.4846313895785372
C_PIECECOORDINATION:0.49885397016072597
C_ROOKANDPAWNMOVEMENT:0.49885397016072597
C_CENTERCONTROL:0.5061511962762585
C_DEVELOPPIECES:0.5
C_MATERIAL:0.48370348255237433
C_MOVECOUNT:0.5
