ELO:941
CE_PASSEDPAWNS:0.47900562353740905
CE_PAWNWEAKNESSES:0.49143260217992774
CE_PIECEACTIVITY:0.48663754769650697
CE_KINGPAWNSHIELD:0.5145500538927488
CE_PIECECOORDINATION:0.47538161252621924
CE_MATERIAL:0.4561156961543168
CE_KINGSAFETY:0.5398973381736992
C_PIECESQUARETABLES:0.4954340565722869
C_MOBILITY:0.48462141540508724
C_KINGSAFETY:0.4889156714216884
C_PAWNSTRUCTURE:0.5093249296774205
C_PIECECOORDINATION:0.4745160312678883
C_ROOKANDPAWNMOVEMENT:0.4745160312678883
C_CENTERCONTROL:0.5033329452875032
C_DEVELOPPIECES:0.5231015787959965
C_MATERIAL:0.4975616420205356
C_MOVECOUNT:0.5187304018274193
