ELO:902
CE_PASSEDPAWNS:0.4944426411274757
CE_PAWNWEAKNESSES:0.47825548909230725
CE_PIECEACTIVITY:0.5510802405021308
CE_KINGPAWNSHIELD:0.4878446158213386
CE_PIECECOORDINATION:0.49859308084097387
CE_MATERIAL:0.5498997062361957
CE_KINGSAFETY:0.48829510402325166
C_PIECESQUARETABLES:0.5
C_MOBILITY:0.4684469642337712
C_KINGSAFETY:0.4788966090341113
C_PAWNSTRUCTURE:0.5054136222010305
C_PIECECOORDINATION:0.5574998948660507
C_ROOK:0.4831713072241086
CE_ROOK:0.46166806545504174
C_CENTERCONTROL:0.4809450917350003
C_DEVELOPPIECES:0.45643854136074263
C_MATERIAL:0.4360564922594403
C_MOVECOUNT:0.5198882041279212
C_PAWNMOVEMENT:0.5245490740440596
