ELO:1005
CE_PASSEDPAWNS:0.5490019782652128
CE_PAWNWEAKNESSES:0.4988970102693507
CE_PIECEACTIVITY:0.49978538633435465
CE_KINGPAWNSHIELD:0.4926658048249367
CE_PIECECOORDINATION:0.4942681606428129
CE_MATERIAL:0.5060964100391612
CE_KINGSAFETY:0.4841630923294674
C_PIECESQUARETABLES:0.4835188398503161
C_MOBILITY:0.4944547275986875
C_KINGSAFETY:0.5020481673470427
C_PAWNSTRUCTURE:0.4861016683331529
C_PIECECOORDINATION:0.5
C_ROOKANDPAWNMOVEMENT:0.5
C_CENTERCONTROL:0.50986827219927
C_DEVELOPPIECES:0.48039117011969373
C_MATERIAL:0.5
