ELO:962
CE_PASSEDPAWNS:0.5438787596499143
CE_PAWNWEAKNESSES:0.4678461716521405
CE_PIECEACTIVITY:0.4676192011836842
CE_KINGPAWNSHIELD:0.5575473257920099
CE_PIECECOORDINATION:0.5651353927046888
CE_MATERIAL:0.5147318422059985
CE_KINGSAFETY:0.5070419709247163
C_PIECESQUARETABLES:0.49654748895858036
C_MOBILITY:0.5086948831184703
C_KINGSAFETY:0.5184785608488008
C_PAWNSTRUCTURE:0.5065416860705094
C_PIECECOORDINATION:0.5781302312550434
C_ROOKANDPAWNMOVEMENT:0.5781302312550434
C_CENTERCONTROL:0.514792260869509
C_DEVELOPPIECES:0.5438417146101374
C_MATERIAL:0.5343283068339618
