ELO:989
CE_PASSEDPAWNS:0.3704297705600193
CE_PAWNWEAKNESSES:0.5032373914017175
CE_PIECEACTIVITY:0.5557265819367553
CE_KINGPAWNSHIELD:0.47296228941213614
CE_PIECECOORDINATION:0.46539242951542165
CE_MATERIAL:0.508726587610651
CE_KINGSAFETY:0.4761062585993976
C_PIECESQUARETABLES:0.5
C_MOBILITY:0.4955951159991288
C_KINGSAFETY:0.548173479049873
C_PAWNSTRUCTURE:0.326646784450363
C_PIECECOORDINATION:0.4456465471099183
C_ROOKANDPAWNMOVEMENT:0.4456465471099183
C_CENTERCONTROL:0.35488331713916
C_DEVELOPPIECES:0.4799209219623094
C_MATERIAL:0.6828983766046607
