ELO:987
CE_PASSEDPAWNS:0.36535631595517176
CE_PAWNWEAKNESSES:0.5086530027826172
CE_PIECEACTIVITY:0.5594978002495871
CE_KINGPAWNSHIELD:0.481107792822177
CE_PIECECOORDINATION:0.46171778963038196
CE_MATERIAL:0.49289598236277943
CE_KINGSAFETY:0.4761062585993976
C_PIECESQUARETABLES:0.5
C_MOBILITY:0.4938148921726565
C_KINGSAFETY:0.548173479049873
C_PAWNSTRUCTURE:0.62436365227218
C_PIECECOORDINATION:0.43998475698287054
C_ROOKANDPAWNMOVEMENT:0.43998475698287054
C_CENTERCONTROL:0.3690639416025447
C_DEVELOPPIECES:0.49648900024527753
C_MATERIAL:0.6828983766046607
