ELO:1023
CE_PASSEDPAWNS:0.5052070816142296
CE_PAWNWEAKNESSES:0.4777603901205947
CE_PIECEACTIVITY:0.49537641990976816
CE_KINGPAWNSHIELD:0.5022828386536182
CE_PIECECOORDINATION:0.48282312343369277
CE_MATERIAL:0.5174187403753018
CE_KINGSAFETY:0.5
C_PIECESQUARETABLES:0.5
C_MOBILITY:0.5059062521820658
C_KINGSAFETY:0.5126680728938731
C_PAWNSTRUCTURE:0.49718218628047534
C_PIECECOORDINATION:0.5104091825345851
C_ROOK:0.49194270083061564
CE_ROOK:0.5115511713584014
C_CENTERCONTROL:0.5027008930331648
C_DEVELOPPIECES:0.4919265550586405
C_MATERIAL:0.5032072069332286
C_MOVECOUNT:0.4727038447097598
C_PAWNMOVEMENT:0.48913890025817985
