ELO:950
CE_PASSEDPAWNS:0.5668087659720444
CE_PAWNWEAKNESSES:0.48138032614432025
CE_PIECEACTIVITY:0.47385120660272023
CE_KINGPAWNSHIELD:0.5587288050380996
CE_PIECECOORDINATION:0.38168913546586775
CE_MATERIAL:0.5280330233750861
CE_KINGSAFETY:0.4769851216018341
C_PIECESQUARETABLES:0.47908378867264784
C_MOBILITY:0.4682368211434312
C_KINGSAFETY:0.5081123222559994
C_PAWNSTRUCTURE:0.4579371827718013
C_PIECECOORDINATION:0.5209875179275931
C_ROOKANDPAWNMOVEMENT:0.5209875179275931
C_CENTERCONTROL:0.4968794261176462
C_DEVELOPPIECES:0.49078797709544203
C_MATERIAL:0.42469557209159975
