ELO:950
CE_PASSEDPAWNS:0.5269569615606462
CE_PAWNWEAKNESSES:0.4947942536920987
CE_PIECEACTIVITY:0.4046529259193557
CE_KINGPAWNSHIELD:0.5482294349131434
CE_PIECECOORDINATION:0.5442420176715869
CE_MATERIAL:0.5039575723109383
CE_KINGSAFETY:0.5
C_PIECESQUARETABLES:0.5
C_MOBILITY:0.49390428410279497
C_KINGSAFETY:0.5139305321658033
C_PAWNSTRUCTURE:0.5283467156215259
C_PIECECOORDINATION:0.5348015267351536
C_ROOKANDPAWNMOVEMENT:0.5348015267351536
C_CENTERCONTROL:0.5108055803535543
C_DEVELOPPIECES:0.5480723177441643
C_MATERIAL:0.5068317410925688
