ELO:1010
CE_PASSEDPAWNS:0.5079490604525979
CE_PAWNWEAKNESSES:0.49350524684762787
CE_PIECEACTIVITY:0.4862124559755998
CE_KINGPAWNSHIELD:0.4956873523821867
CE_PIECECOORDINATION:0.4913743123513324
CE_MATERIAL:0.48394914520888377
CE_KINGSAFETY:0.5
C_PIECESQUARETABLES:0.5
C_MOBILITY:0.5036917756145998
C_KINGSAFETY:0.4982817447798161
C_PAWNSTRUCTURE:0.5061358828922746
C_PIECECOORDINATION:0.5049583293445341
C_ROOK:0.46189632607736475
CE_ROOK:0.5057204059278045
C_CENTERCONTROL:0.486973418709164
C_DEVELOPPIECES:0.5032463080383834
C_MATERIAL:0.508404814760108
C_MOVECOUNT:0.5173729069369447
C_PAWNMOVEMENT:0.5092864184463357
