ELO:947
CE_PASSEDPAWNS:0.527117147708699
CE_PAWNWEAKNESSES:0.5060787646786793
CE_PIECEACTIVITY:0.38771932107351526
CE_KINGPAWNSHIELD:0.5464572332905503
CE_PIECECOORDINATION:0.5486162273355467
CE_MATERIAL:0.5002443248989771
CE_KINGSAFETY:0.49541538610089103
C_PIECESQUARETABLES:0.49801238525448527
C_MOBILITY:0.4818117894262722
C_KINGSAFETY:0.512768394672316
C_PAWNSTRUCTURE:0.5468245862353256
C_PIECECOORDINATION:0.5443651359002509
C_ROOKANDPAWNMOVEMENT:0.5443651359002509
C_CENTERCONTROL:0.47960612294909066
C_DEVELOPPIECES:0.5470593648640478
C_MATERIAL:0.49504181695957733
