ELO:956
CE_PASSEDPAWNS:0.5660010174308662
CE_PAWNWEAKNESSES:0.48140750115839664
CE_PIECEACTIVITY:0.4716671436464376
CE_KINGPAWNSHIELD:0.5837433046811273
CE_PIECECOORDINATION:0.3805094128960506
CE_MATERIAL:0.5314636191850755
CE_KINGSAFETY:0.4768106317296373
C_PIECESQUARETABLES:0.49833597411454117
C_MOBILITY:0.4707448412141464
C_KINGSAFETY:0.5149801035211871
C_PAWNSTRUCTURE:0.476463935461853
C_PIECECOORDINATION:0.5228636561612794
C_ROOKANDPAWNMOVEMENT:0.5228636561612794
C_CENTERCONTROL:0.48099281558770146
C_DEVELOPPIECES:0.4968459403140896
C_MATERIAL:0.4337916492510425
