ELO:1000
CE_PASSEDPAWNS:0.5158291617779669
CE_PAWNWEAKNESSES:0.5313151817765238
CE_PIECEACTIVITY:0.4649512944602918
CE_KINGPAWNSHIELD:0.5627967290597227
CE_PIECECOORDINATION:0.4366609438408165
CE_MATERIAL:0.5194937968900329
CE_KINGSAFETY:0.5634231925785596
C_PIECESQUARETABLES:0.48335495257441935
C_MOBILITY:0.47559196444504526
C_KINGSAFETY:0.5308040830575442
C_PAWNSTRUCTURE:0.5121592001543338
C_PIECECOORDINATION:0.5196607145488934
C_ROOKANDPAWNMOVEMENT:0.5196607145488934
C_CENTERCONTROL:0.47359392506534126
C_DEVELOPPIECES:0.5061830114524972
C_MATERIAL:0.4318279150700114
