ELO:923
CE_PASSEDPAWNS:0.491640499352872
CE_PAWNWEAKNESSES:0.4144046273128385
CE_PIECEACTIVITY:0.48402471502057504
CE_KINGPAWNSHIELD:0.5409194314024326
CE_PIECECOORDINATION:0.3914987568233812
CE_MATERIAL:0.5748847750727456
CE_KINGSAFETY:0.4737007042338821
C_PIECESQUARETABLES:0.5278968965234686
C_MOBILITY:0.42846046480715416
C_KINGSAFETY:0.5496437357938809
C_PAWNSTRUCTURE:0.5154059892219897
C_PIECECOORDINATION:0.6291789743553291
C_ROOKANDPAWNMOVEMENT:0.6291789743553291
C_CENTERCONTROL:0.5206926801613573
C_DEVELOPPIECES:0.48182781367189087
C_MATERIAL:0.4436687916655806
