ELO:967
CE_PASSEDPAWNS:0.5
CE_PAWNWEAKNESSES:0.5076062967932949
CE_PIECEACTIVITY:0.5150706489765859
CE_KINGPAWNSHIELD:0.5303622518896959
CE_PIECECOORDINATION:0.4984222439277631
CE_MATERIAL:0.4870879224925024
CE_KINGSAFETY:0.5262694109192374
C_PIECESQUARETABLES:0.48801273997455735
C_MOBILITY:0.41748096445956956
C_KINGSAFETY:0.4829346039520193
C_PAWNSTRUCTURE:0.4880935224228438
C_PIECECOORDINATION:0.4985843483318321
C_ROOKANDPAWNMOVEMENT:0.4985843483318321
C_CENTERCONTROL:0.48679844995812255
C_DEVELOPPIECES:0.5155787172502372
C_MATERIAL:0.4840015731185357
C_MOVECOUNT:0.5
