ELO:1000
CE_PASSEDPAWNS:0.4909144736370302
CE_PAWNWEAKNESSES:0.5282546966684211
CE_PIECEACTIVITY:0.5244290202147813
CE_KINGPAWNSHIELD:0.4830298342054495
CE_PIECECOORDINATION:0.508436087885038
CE_MATERIAL:0.49442897343751036
CE_KINGSAFETY:0.5033504653774568
C_PIECESQUARETABLES:0.5020001342043573
C_MOBILITY:0.509678641537867
C_KINGSAFETY:0.48544343765553616
C_PAWNSTRUCTURE:0.5055882177380379
C_PIECECOORDINATION:0.49673126008300983
C_ROOKANDPAWNMOVEMENT:0.49673126008300983
C_CENTERCONTROL:0.506180732309504
C_DEVELOPPIECES:0.5092275967299227
C_MATERIAL:0.500376129220308
