ELO:893
CE_PASSEDPAWNS:0.4570178165889917
CE_PAWNWEAKNESSES:0.4775738027901663
CE_PIECEACTIVITY:0.5748980741919021
CE_KINGPAWNSHIELD:0.4185733381308632
CE_PIECECOORDINATION:0.5074020678914054
CE_MATERIAL:0.4801660805309444
CE_KINGSAFETY:0.5167717352050406
C_PIECESQUARETABLES:0.43162679077340443
C_MOBILITY:0.49443736684920936
C_KINGSAFETY:0.4254421732310037
C_PAWNSTRUCTURE:0.5077657365748731
C_PIECECOORDINATION:0.5427717923784593
C_ROOKANDPAWNMOVEMENT:0.5427717923784593
C_CENTERCONTROL:0.44147809408307126
C_DEVELOPPIECES:0.4721447635883789
C_MATERIAL:0.48194753309599936
C_MOVECOUNT:0.5
