ELO:999
CE_PASSEDPAWNS:0.5237998101955397
CE_PAWNWEAKNESSES:0.48938781723823477
CE_PIECEACTIVITY:0.4643756862727775
CE_KINGPAWNSHIELD:0.5663768700808326
CE_PIECECOORDINATION:0.3966897750067482
CE_MATERIAL:0.48927627019355496
CE_KINGSAFETY:0.46362758267526627
C_PIECESQUARETABLES:0.4969400948484783
C_MOBILITY:0.5041245894851467
C_KINGSAFETY:0.5365751446376558
C_PAWNSTRUCTURE:0.49962224699774394
C_PIECECOORDINATION:0.5080907602831956
C_ROOKANDPAWNMOVEMENT:0.5080907602831956
C_CENTERCONTROL:0.47083159061628577
C_DEVELOPPIECES:0.5019825534641787
C_MATERIAL:0.4410393750507207
