ELO:984
CE_PASSEDPAWNS:0.5033691936706123
CE_PAWNWEAKNESSES:0.48319050732072755
CE_PIECEACTIVITY:0.5
CE_KINGPAWNSHIELD:0.5
CE_PIECECOORDINATION:0.5096280999706796
CE_MATERIAL:0.5
CE_KINGSAFETY:0.49426098598840446
C_PIECESQUARETABLES:0.5
C_MOBILITY:0.5060775273025138
C_KINGSAFETY:0.5080510185312954
C_PAWNSTRUCTURE:0.5133312023060974
C_PIECECOORDINATION:0.48634355363968146
C_ROOKANDPAWNMOVEMENT:0.48634355363968146
C_CENTERCONTROL:0.4936566242489112
C_DEVELOPPIECES:0.5
C_MATERIAL:0.5
