ELO:1000
CE_PASSEDPAWNS:0.5245365529300916
CE_PAWNWEAKNESSES:0.5271520521043295
CE_PIECEACTIVITY:0.45196741085224285
CE_KINGPAWNSHIELD:0.5637388370766507
CE_PIECECOORDINATION:0.42309256175625604
CE_MATERIAL:0.5310919040229987
CE_KINGSAFETY:0.5
C_PIECESQUARETABLES:0.4930693577745186
C_MOBILITY:0.48689066773943224
C_KINGSAFETY:0.5340916660149807
C_PAWNSTRUCTURE:0.5035575827588131
C_PIECECOORDINATION:0.5331733163441382
C_ROOKANDPAWNMOVEMENT:0.5331733163441382
C_CENTERCONTROL:0.46696111166037507
C_DEVELOPPIECES:0.504143567338907
C_MATERIAL:0.43580337267835656
