ELO:1000
CE_PASSEDPAWNS:0.5065110288858616
CE_PAWNWEAKNESSES:0.501854017403733
CE_PIECEACTIVITY:0.4935186242262713
CE_KINGPAWNSHIELD:0.5663800093499538
CE_PIECECOORDINATION:0.4419950969431095
CE_MATERIAL:0.5358361461058209
CE_KINGSAFETY:0.5530924982720524
C_PIECESQUARETABLES:0.5054087787964672
C_MOBILITY:0.4844080367840373
C_KINGSAFETY:0.5265873055742945
C_PAWNSTRUCTURE:0.5273390325300171
C_PIECECOORDINATION:0.5159544462175035
C_ROOKANDPAWNMOVEMENT:0.5159544462175035
C_CENTERCONTROL:0.4671310978140547
C_DEVELOPPIECES:0.4886427987965697
C_MATERIAL:0.46699498669997835
