ELO:935
CE_PASSEDPAWNS:0.47098587765185773
CE_PAWNWEAKNESSES:0.47075487456446424
CE_PIECEACTIVITY:0.5119789586259835
CE_KINGPAWNSHIELD:0.4929834527139104
CE_PIECECOORDINATION:0.4843191926455104
CE_MATERIAL:0.43849969955298385
CE_KINGSAFETY:0.5423289274479469
C_PIECESQUARETABLES:0.47517694710959724
C_MOBILITY:0.49095535393354817
C_KINGSAFETY:0.49264595846080705
C_PAWNSTRUCTURE:0.5417243367972918
C_PIECECOORDINATION:0.44959715364160635
C_ROOKANDPAWNMOVEMENT:0.44959715364160635
C_CENTERCONTROL:0.5082193743276419
C_DEVELOPPIECES:0.5300491893578703
C_MATERIAL:0.48418180981695097
C_MOVECOUNT:0.5272500499834176
