ELO:906
CE_PASSEDPAWNS:0.5224676001423394
CE_PAWNWEAKNESSES:0.5983695232682396
CE_PIECEACTIVITY:0.49848925884028644
CE_KINGPAWNSHIELD:0.4655419768713591
CE_PIECECOORDINATION:0.5047196949006124
CE_MATERIAL:0.5782565432637815
CE_KINGSAFETY:0.49205487288398453
C_PIECESQUARETABLES:0.5018266262017409
C_MOBILITY:0.5499440015741905
C_KINGSAFETY:0.47773930796390207
C_PAWNSTRUCTURE:0.5444531726571494
C_PIECECOORDINATION:0.5363416836822952
C_ROOKANDPAWNMOVEMENT:0.5363416836822952
C_CENTERCONTROL:0.5223766888077273
C_DEVELOPPIECES:0.4505253426983199
C_MATERIAL:0.4403933991029596
