ELO:929
CE_PASSEDPAWNS:0.5014741469198383
CE_PAWNWEAKNESSES:0.47825548909230725
CE_PIECEACTIVITY:0.5501189364161994
CE_KINGPAWNSHIELD:0.4878446158213386
CE_PIECECOORDINATION:0.5022255547118644
CE_MATERIAL:0.5405394855952895
CE_KINGSAFETY:0.5
C_PIECESQUARETABLES:0.5
C_MOBILITY:0.4754074904938963
C_KINGSAFETY:0.49037495378504026
C_PAWNSTRUCTURE:0.5186392118115237
C_PIECECOORDINATION:0.5574998948660507
C_ROOK:0.4831713072241086
CE_ROOK:0.45335447964616415
C_CENTERCONTROL:0.4822707595618636
C_DEVELOPPIECES:0.4685972192023235
C_MATERIAL:0.43816287872368453
C_MOVECOUNT:0.5198882041279212
C_PAWNMOVEMENT:0.5245490740440596
