ELO:1005
CE_PASSEDPAWNS:0.4728019209783561
CE_PAWNWEAKNESSES:0.5137834111667695
CE_PIECEACTIVITY:0.4938650676561526
CE_KINGPAWNSHIELD:0.5011026877500883
CE_PIECECOORDINATION:0.5009888493259932
CE_MATERIAL:0.4733660838098166
CE_KINGSAFETY:0.4988358072753058
C_PIECESQUARETABLES:0.49017730429475037
C_MOBILITY:0.525372737602583
C_KINGSAFETY:0.4831895033832494
C_PAWNSTRUCTURE:0.5115044600017584
C_PIECECOORDINATION:0.514941418154005
C_ROOKANDPAWNMOVEMENT:0.514941418154005
C_CENTERCONTROL:0.5040342359099231
C_DEVELOPPIECES:0.4588928942638755
C_MATERIAL:0.49327408122948324
