ELO:1026
CE_PASSEDPAWNS:0.4830823450993661
CE_PAWNWEAKNESSES:0.49985289745132394
CE_PIECEACTIVITY:0.48586854974957905
CE_KINGPAWNSHIELD:0.5092985468518595
CE_PIECECOORDINATION:0.5247762638321302
CE_MATERIAL:0.4920407876591001
CE_KINGSAFETY:0.5
C_PIECESQUARETABLES:0.5
C_MOBILITY:0.5068923201911351
C_KINGSAFETY:0.48865138917695655
C_PAWNSTRUCTURE:0.5
C_PIECECOORDINATION:0.5165029931183787
C_ROOK:0.5177414041264156
CE_ROOK:0.49393603822296267
C_CENTERCONTROL:0.4885014735325812
C_DEVELOPPIECES:0.5090226882339398
C_MATERIAL:0.5124057133211659
C_MOVECOUNT:0.4758765243740194
C_PAWNMOVEMENT:0.4953020681581354
