ELO:980
CE_PASSEDPAWNS:0.5023676547625978
CE_PAWNWEAKNESSES:0.5104677323462722
CE_PIECEACTIVITY:0.48822232335085897
CE_KINGPAWNSHIELD:0.48384002864833614
CE_PIECECOORDINATION:0.5
CE_MATERIAL:0.4977555896164879
CE_KINGSAFETY:0.49374528154540526
C_PIECESQUARETABLES:0.5114484505516264
C_MOBILITY:0.5053676676604045
C_KINGSAFETY:0.49094001154190603
C_PAWNSTRUCTURE:0.5
C_PIECECOORDINATION:0.50925589208522
C_ROOKANDPAWNMOVEMENT:0.50925589208522
C_CENTERCONTROL:0.4972439530862177
C_DEVELOPPIECES:0.5
C_MATERIAL:0.507251111942572
C_MOVECOUNT:0.5013983182154124
