ELO:902
CE_PASSEDPAWNS:0.3914714156368434
CE_PAWNWEAKNESSES:0.5806288127287749
CE_PIECEACTIVITY:0.36543262416211664
CE_KINGPAWNSHIELD:0.3949167141753873
CE_PIECECOORDINATION:0.4002852244251194
CE_MATERIAL:0.5455417443761419
CE_KINGSAFETY:0.6045928620762311
C_PIECESQUARETABLES:0.5514967140469822
C_MOBILITY:0.4364870898029519
C_KINGSAFETY:0.49087120300933385
C_PAWNSTRUCTURE:0.591586545830918
C_PIECECOORDINATION:0.413770949569963
C_ROOKANDPAWNMOVEMENT:0.413770949569963
C_CENTERCONTROL:0.5742050664798132
C_DEVELOPPIECES:0.5501314141922276
C_MATERIAL:0.4694982409242209
