ELO:913
CE_PASSEDPAWNS:0.4833574071264852
CE_PAWNWEAKNESSES:0.5097747031367783
CE_PIECEACTIVITY:0.5338018844781551
CE_KINGPAWNSHIELD:0.4988930319093332
CE_PIECECOORDINATION:0.35244553184358995
CE_MATERIAL:0.5582213617238763
CE_KINGSAFETY:0.5307350869776203
C_PIECESQUARETABLES:0.5008526547790729
C_MOBILITY:0.48530331559583023
C_KINGSAFETY:0.4477829443915524
C_PAWNSTRUCTURE:0.5578800693611029
C_PIECECOORDINATION:0.46874139029999906
C_ROOKANDPAWNMOVEMENT:0.46874139029999906
C_CENTERCONTROL:0.4637823928010732
C_DEVELOPPIECES:0.547159632779442
C_MATERIAL:0.5260836317719754
