ELO:790
CE_PASSEDPAWNS:0.5232997382025826
CE_PAWNWEAKNESSES:0.500650824347754
CE_PIECEACTIVITY:0.5131878752926461
CE_KINGPAWNSHIELD:0.41821415642638793
CE_PIECECOORDINATION:0.5733096130064034
CE_MATERIAL:0.5046839031380818
CE_KINGSAFETY:0.5057227930893106
C_PIECESQUARETABLES:0.4931616531988724
C_MOBILITY:0.37658517410540704
C_KINGSAFETY:0.4920712183123393
C_PAWNSTRUCTURE:0.526791600276863
C_PIECECOORDINATION:0.5640463225708403
C_ROOKANDPAWNMOVEMENT:0.5640463225708403
C_CENTERCONTROL:0.5020765621341386
C_DEVELOPPIECES:0.5458980297094168
C_MATERIAL:0.4615164877561244
C_MOVECOUNT:0.5
