ELO:1000
CE_PASSEDPAWNS:0.4458331933011807
CE_PAWNWEAKNESSES:0.5431777606031719
CE_PIECEACTIVITY:0.5190357376612046
CE_KINGPAWNSHIELD:0.5492809774306229
CE_PIECECOORDINATION:0.47691008202713137
CE_MATERIAL:0.5276872899746062
CE_KINGSAFETY:0.4918592437880273
C_PIECESQUARETABLES:0.4946494764747832
C_MOBILITY:0.5311055192770533
C_KINGSAFETY:0.4464559766950968
C_PAWNSTRUCTURE:0.5621528400474376
C_PIECECOORDINATION:0.48750791597574555
C_ROOKANDPAWNMOVEMENT:0.48750791597574555
C_CENTERCONTROL:0.47779092720266625
C_DEVELOPPIECES:0.5242056345708839
C_MATERIAL:0.6167628754045784
