ELO:1058
CE_PASSEDPAWNS:0.5263766509271866
CE_PAWNWEAKNESSES:0.506642754522303
CE_PIECEACTIVITY:0.5100890023247386
CE_KINGPAWNSHIELD:0.5061944852608466
CE_PIECECOORDINATION:0.5217953041539427
CE_MATERIAL:0.48057989748130914
CE_KINGSAFETY:0.5
C_PIECESQUARETABLES:0.5
C_MOBILITY:0.5009841491690321
C_KINGSAFETY:0.4894166856521529
C_PAWNSTRUCTURE:0.5152175550557272
C_PIECECOORDINATION:0.510384696333249
C_ROOK:0.4532034981946334
CE_ROOK:0.49365928601756126
C_CENTERCONTROL:0.5
C_DEVELOPPIECES:0.49547520755593566
C_MATERIAL:0.5000931706638955
C_MOVECOUNT:0.4824050871242114
C_PAWNMOVEMENT:0.5028529947868007
