ELO:1000
CE_PASSEDPAWNS:0.5007941924571422
CE_PAWNWEAKNESSES:0.47434194865730867
CE_PIECEACTIVITY:0.5091023172086487
CE_KINGPAWNSHIELD:0.47513759953674795
CE_PIECECOORDINATION:0.4448921905147403
CE_MATERIAL:0.5570906798970006
CE_KINGSAFETY:0.47895484804683675
C_PIECESQUARETABLES:0.48181006629482204
C_MOBILITY:0.4643699634925486
C_KINGSAFETY:0.49341670390167663
C_PAWNSTRUCTURE:0.5686765252292173
C_PIECECOORDINATION:0.5325966220287308
C_ROOKANDPAWNMOVEMENT:0.5325966220287308
C_CENTERCONTROL:0.5023385021439002
C_DEVELOPPIECES:0.5490816040638831
C_MATERIAL:0.5498858308044181
