ELO:1013
CE_PASSEDPAWNS:0.5056696579671396
CE_PAWNWEAKNESSES:0.501297683631599
CE_PIECEACTIVITY:0.5
CE_KINGPAWNSHIELD:0.5
CE_PIECECOORDINATION:0.5007552420357312
CE_MATERIAL:0.5
CE_KINGSAFETY:0.5
C_PIECESQUARETABLES:0.5
C_MOBILITY:0.4864441678421682
C_KINGSAFETY:0.5
C_PAWNSTRUCTURE:0.5
C_PIECECOORDINATION:0.490628834244198
C_ROOKANDPAWNMOVEMENT:0.490628834244198
C_CENTERCONTROL:0.5128022375068121
C_DEVELOPPIECES:0.5
C_MATERIAL:0.5056978370694486
C_MOVECOUNT:0.48463233138792355
