ELO:1000
CE_PASSEDPAWNS:0.4957255409582813
CE_PAWNWEAKNESSES:0.48676387688158396
CE_PIECEACTIVITY:0.4838293438996356
CE_KINGPAWNSHIELD:0.5186200155211945
CE_PIECECOORDINATION:0.5050237152143654
CE_MATERIAL:0.5095140001011258
CE_KINGSAFETY:0.5120695419987417
C_PIECESQUARETABLES:0.48927987689450486
C_MOBILITY:0.504945990246797
C_KINGSAFETY:0.4982150970566054
C_PAWNSTRUCTURE:0.5239168460712329
C_PIECECOORDINATION:0.45389549737623736
C_ROOKANDPAWNMOVEMENT:0.45389549737623736
C_CENTERCONTROL:0.5044044646238453
C_DEVELOPPIECES:0.4924392237081634
C_MATERIAL:0.5461160186563772
