ELO:743
CE_PASSEDPAWNS:0.502351777444171
CE_PAWNWEAKNESSES:0.4766777541106063
CE_PIECEACTIVITY:0.49531039755537776
CE_KINGPAWNSHIELD:0.4037205165828427
CE_PIECECOORDINATION:0.5706009539826017
CE_MATERIAL:0.5346148279620748
CE_KINGSAFETY:0.49105880680934105
C_PIECESQUARETABLES:0.5025511534014513
C_MOBILITY:0.3807916573512431
C_KINGSAFETY:0.5150890703362797
C_PAWNSTRUCTURE:0.5092844644777149
C_PIECECOORDINATION:0.5396833940201944
C_ROOKANDPAWNMOVEMENT:0.5396833940201944
C_CENTERCONTROL:0.4683032054843471
C_DEVELOPPIECES:0.5286238523302544
C_MATERIAL:0.4516423530647654
C_MOVECOUNT:0.48350384529515356
