ELO:1025
CE_PASSEDPAWNS:0.5067606955311375
CE_PAWNWEAKNESSES:0.5248598604031688
CE_PIECEACTIVITY:0.4986163519288796
CE_KINGPAWNSHIELD:0.5
CE_PIECECOORDINATION:0.48425377922660406
CE_MATERIAL:0.49782889385480256
CE_KINGSAFETY:0.48932619734331473
C_PIECESQUARETABLES:0.5
C_MOBILITY:0.49946803260838796
C_KINGSAFETY:0.5
C_PAWNSTRUCTURE:0.48856699834121636
C_PIECECOORDINATION:0.5181771317652789
C_ROOK:0.5187550577959981
CE_ROOK:0.48762666329722454
C_CENTERCONTROL:0.5
C_DEVELOPPIECES:0.48610652066239424
C_MATERIAL:0.49310984108194894
C_MOVECOUNT:0.4722447649162971
C_PAWNMOVEMENT:0.5
