ELO:946
CE_PASSEDPAWNS:0.4905626218536804
CE_PAWNWEAKNESSES:0.5255092977158049
CE_PIECEACTIVITY:0.49974938006411984
CE_KINGPAWNSHIELD:0.5368142254759546
CE_PIECECOORDINATION:0.5130954245240033
CE_MATERIAL:0.42208668557491236
CE_KINGSAFETY:0.46328815026509257
C_PIECESQUARETABLES:0.5228109270008072
C_MOBILITY:0.5681910862311397
C_KINGSAFETY:0.5173694329764774
C_PAWNSTRUCTURE:0.46932804607392437
C_PIECECOORDINATION:0.5476001743588642
C_ROOKANDPAWNMOVEMENT:0.5476001743588642
C_CENTERCONTROL:0.49826984413431474
C_DEVELOPPIECES:0.45382557871407336
C_MATERIAL:0.509017480179804
