ELO:1012
CE_PASSEDPAWNS:0.42950598006687624
CE_PAWNWEAKNESSES:0.5455747176695002
CE_PIECEACTIVITY:0.5301459233571395
CE_KINGPAWNSHIELD:0.5590914773972984
CE_PIECECOORDINATION:0.502003751188923
CE_MATERIAL:0.5198304060421878
CE_KINGSAFETY:0.48389076589749314
C_PIECESQUARETABLES:0.4746599382500657
C_MOBILITY:0.5781628502516644
C_KINGSAFETY:0.438352397020814
C_PAWNSTRUCTURE:0.5924108295397424
C_PIECECOORDINATION:0.5129194755524433
C_ROOKANDPAWNMOVEMENT:0.5129194755524433
C_CENTERCONTROL:0.43975968457601866
C_DEVELOPPIECES:0.5554473011492437
C_MATERIAL:0.6574155067936495
