ELO:898
CE_PASSEDPAWNS:0.45799233903481984
CE_PAWNWEAKNESSES:0.5390117895135297
CE_PIECEACTIVITY:0.5474763692222938
CE_KINGPAWNSHIELD:0.4743962046099174
CE_PIECECOORDINATION:0.3610193090300291
CE_MATERIAL:0.5024288911540148
CE_KINGSAFETY:0.5118550425813462
C_PIECESQUARETABLES:0.45704014982600005
C_MOBILITY:0.43982884042466996
C_KINGSAFETY:0.4308443319948663
C_PAWNSTRUCTURE:0.5866982223587496
C_PIECECOORDINATION:0.46932662157401994
C_ROOKANDPAWNMOVEMENT:0.46932662157401994
C_CENTERCONTROL:0.45941704769382996
C_DEVELOPPIECES:0.5595778956224952
C_MATERIAL:0.5551654170184898
