ELO:854
CE_PASSEDPAWNS:0.4118139289001152
CE_PAWNWEAKNESSES:0.5291558601565653
CE_PIECEACTIVITY:0.4897536093024085
CE_KINGPAWNSHIELD:0.5034203164083442
CE_PIECECOORDINATION:0.4317949753548454
CE_MATERIAL:0.47947067149999123
CE_KINGSAFETY:0.507809377448655
C_PIECESQUARETABLES:0.49197303756780986
C_MOBILITY:0.5263217138273925
C_KINGSAFETY:0.5204273024375274
C_PAWNSTRUCTURE:0.49380240024445876
C_PIECECOORDINATION:0.49710447698970556
C_ROOKANDPAWNMOVEMENT:0.49710447698970556
C_CENTERCONTROL:0.5478298601713143
C_DEVELOPPIECES:0.4958813269014514
C_MATERIAL:0.5939582234619565
C_MOVECOUNT:0.5
