ELO:1097
CE_PASSEDPAWNS:0.6638478405657441
CE_PAWNWEAKNESSES:0.4745350915595157
CE_PIECEACTIVITY:0.5030666801209626
CE_KINGPAWNSHIELD:0.5269610674555395
CE_PIECECOORDINATION:0.5138105100582736
CE_MATERIAL:0.43165333044189685
CE_KINGSAFETY:0.4623320058053865
C_PIECESQUARETABLES:0.5360889145625982
C_MOBILITY:0.44292878321360524
C_KINGSAFETY:0.4974177668716237
C_PAWNSTRUCTURE:0.4234428516230705
C_PIECECOORDINATION:0.4893234860683534
C_ROOKANDPAWNMOVEMENT:0.4893234860683534
C_CENTERCONTROL:0.5279533089165723
C_DEVELOPPIECES:0.5823189672594621
C_MATERIAL:0.42507147695924075
