ELO:815
CE_PASSEDPAWNS:0.43057438495849665
CE_PAWNWEAKNESSES:0.5516454750838478
CE_PIECEACTIVITY:0.4606107831511615
CE_KINGPAWNSHIELD:0.4259089501135519
CE_PIECECOORDINATION:0.48880515245008777
CE_MATERIAL:0.4946652000260667
CE_KINGSAFETY:0.49520136921066743
C_PIECESQUARETABLES:0.4933384268135655
C_MOBILITY:0.470884328072985
C_KINGSAFETY:0.3348994401081921
C_PAWNSTRUCTURE:0.45203086399161363
C_PIECECOORDINATION:0.47465297827226616
C_ROOKANDPAWNMOVEMENT:0.47465297827226616
C_CENTERCONTROL:0.44788069469553177
C_DEVELOPPIECES:0.5644394713122295
C_MATERIAL:0.5423210125545298
C_MOVECOUNT:0.5
