ELO:1012
CE_PASSEDPAWNS:0.4875142720850526
CE_PAWNWEAKNESSES:0.5010286916011922
CE_PIECEACTIVITY:0.5082231213356212
CE_KINGPAWNSHIELD:0.44163490662974564
CE_PIECECOORDINATION:0.5
CE_MATERIAL:0.5055460193386794
CE_KINGSAFETY:0.515465734376402
C_PIECESQUARETABLES:0.5
C_MOBILITY:0.5096841680406182
C_KINGSAFETY:0.5186082002835984
C_PAWNSTRUCTURE:0.444023869895834
C_PIECECOORDINATION:0.5088564445761412
C_ROOKANDPAWNMOVEMENT:0.5088564445761412
C_CENTERCONTROL:0.48744684757185097
C_DEVELOPPIECES:0.5063298910737072
C_MATERIAL:0.4886878075887927
C_MOVECOUNT:0.5
