ELO:1000
CE_PASSEDPAWNS:0.4600872811674539
CE_PAWNWEAKNESSES:0.48301337269183026
CE_PIECEACTIVITY:0.5029567771371475
CE_KINGPAWNSHIELD:0.5230438382792324
CE_PIECECOORDINATION:0.4890193294239624
CE_MATERIAL:0.4352822304126095
CE_KINGSAFETY:0.5044895837019808
C_PIECESQUARETABLES:0.472698304168547
C_MOBILITY:0.4737952592082747
C_KINGSAFETY:0.5185962183957511
C_PAWNSTRUCTURE:0.5210373960610445
C_PIECECOORDINATION:0.5594427949072653
C_ROOKANDPAWNMOVEMENT:0.5594427949072653
C_CENTERCONTROL:0.5569654260891015
C_DEVELOPPIECES:0.5331005398157642
C_MATERIAL:0.48604471968953883
