ELO:971
CE_PASSEDPAWNS:0.48131519556944413
CE_PAWNWEAKNESSES:0.5
CE_PIECEACTIVITY:0.49570191900299354
CE_KINGPAWNSHIELD:0.5219042584148607
CE_PIECECOORDINATION:0.5015140457296714
CE_MATERIAL:0.5165926381408127
CE_KINGSAFETY:0.5349078442772914
C_PIECESQUARETABLES:0.493231875725766
C_MOBILITY:0.5190138577958945
C_KINGSAFETY:0.5214731896296455
C_PAWNSTRUCTURE:0.49192512010999184
C_PIECECOORDINATION:0.4994018978721098
C_ROOK:0.4921478208829557
CE_ROOK:0.47556622106123075
C_CENTERCONTROL:0.5202620599787434
C_DEVELOPPIECES:0.5142726126872159
C_MATERIAL:0.5209204345779347
C_MOVECOUNT:0.4989823861775837
C_PAWNMOVEMENT:0.5131608591298618
