ELO:1000
CE_PASSEDPAWNS:0.4714255862051023
CE_PAWNWEAKNESSES:0.5155274361642433
CE_PIECEACTIVITY:0.5055993366192867
CE_KINGPAWNSHIELD:0.5557373715421695
CE_PIECECOORDINATION:0.4950233604739556
CE_MATERIAL:0.5078874978362888
CE_KINGSAFETY:0.5
C_PIECESQUARETABLES:0.5
C_MOBILITY:0.4965380125210395
C_KINGSAFETY:0.4789149082761738
C_PAWNSTRUCTURE:0.533972368195687
C_PIECECOORDINATION:0.47028388763935064
C_ROOKANDPAWNMOVEMENT:0.47028388763935064
C_CENTERCONTROL:0.4810300609329062
C_DEVELOPPIECES:0.5086910909433131
C_MATERIAL:0.584338131241596
