ELO:985
CE_PASSEDPAWNS:0.5103754469585103
CE_PAWNWEAKNESSES:0.4884687552861546
CE_PIECEACTIVITY:0.49022470940345947
CE_KINGPAWNSHIELD:0.5027863462639705
CE_PIECECOORDINATION:0.5075212417951451
CE_MATERIAL:0.4914333714987466
CE_KINGSAFETY:0.49318358699291437
C_PIECESQUARETABLES:0.5
C_MOBILITY:0.5127838210208414
C_KINGSAFETY:0.4947767385198269
C_PAWNSTRUCTURE:0.49785281472468895
C_PIECECOORDINATION:0.5
C_ROOKANDPAWNMOVEMENT:0.5
C_CENTERCONTROL:0.5018945701225737
C_DEVELOPPIECES:0.4854211924824101
C_MATERIAL:0.5000986791613602
