ELO:925
CE_PASSEDPAWNS:0.4440497209341624
CE_PAWNWEAKNESSES:0.505057524295446
CE_PIECEACTIVITY:0.48244565617156726
CE_KINGPAWNSHIELD:0.505236065413088
CE_PIECECOORDINATION:0.5070034145344003
CE_MATERIAL:0.45288678660716253
CE_KINGSAFETY:0.5133539295875273
C_PIECESQUARETABLES:0.490218305810071
C_MOBILITY:0.4931911563096375
C_KINGSAFETY:0.5428600618619661
C_PAWNSTRUCTURE:0.5466104192462263
C_PIECECOORDINATION:0.4648509634442449
C_ROOKANDPAWNMOVEMENT:0.4648509634442449
C_CENTERCONTROL:0.5126368431632297
C_DEVELOPPIECES:0.49401226680352445
C_MATERIAL:0.512534564151721
C_MOVECOUNT:0.49892878356960396
