ELO:1014
CE_PASSEDPAWNS:0.5
CE_PAWNWEAKNESSES:0.5066014455542499
CE_PIECEACTIVITY:0.5331715782585037
CE_KINGPAWNSHIELD:0.4660497360636593
CE_PIECECOORDINATION:0.4859026719940845
CE_MATERIAL:0.4888614351493812
CE_KINGSAFETY:0.5327409725280493
C_PIECESQUARETABLES:0.5101903510758277
C_MOBILITY:0.49611453511893305
C_KINGSAFETY:0.5
C_PAWNSTRUCTURE:0.5099399411777752
C_PIECECOORDINATION:0.48825994617718416
C_ROOKANDPAWNMOVEMENT:0.48825994617718416
C_CENTERCONTROL:0.485781762967303
C_DEVELOPPIECES:0.5154844305521021
C_MATERIAL:0.4805112615866776
C_MOVECOUNT:0.5
