ELO:1029
CE_PASSEDPAWNS:0.4894173233658081
CE_PAWNWEAKNESSES:0.5018759020046714
CE_PIECEACTIVITY:0.4986163519288796
CE_KINGPAWNSHIELD:0.5
CE_PIECECOORDINATION:0.49890875767298865
CE_MATERIAL:0.5
CE_KINGSAFETY:0.5
C_PIECESQUARETABLES:0.5
C_MOBILITY:0.5080833711600587
C_KINGSAFETY:0.47906360941770565
C_PAWNSTRUCTURE:0.5082307205988198
C_PIECECOORDINATION:0.5010780590287234
C_ROOK:0.5182859008400511
CE_ROOK:0.48762666329722454
C_CENTERCONTROL:0.510217845982945
C_DEVELOPPIECES:0.5
C_MATERIAL:0.4988484109711811
C_MOVECOUNT:0.4722447649162971
C_PAWNMOVEMENT:0.5
