ELO:935
CE_PASSEDPAWNS:0.4747943457553509
CE_PAWNWEAKNESSES:0.4944612879205917
CE_PIECEACTIVITY:0.5489062964679828
CE_KINGPAWNSHIELD:0.4678572762878667
CE_PIECECOORDINATION:0.5149950919939034
CE_MATERIAL:0.4743890948723467
CE_KINGSAFETY:0.484894632123875
C_PIECESQUARETABLES:0.4969904202501443
C_MOBILITY:0.5071492089329105
C_KINGSAFETY:0.515995935456184
C_PAWNSTRUCTURE:0.49119059771994916
C_PIECECOORDINATION:0.5588330370914902
C_ROOKANDPAWNMOVEMENT:0.5588330370914902
C_CENTERCONTROL:0.5635539466488082
C_DEVELOPPIECES:0.4593925121524701
C_MATERIAL:0.48975692686840877
C_MOVECOUNT:0.4940659809348072
