ELO:1008
CE_PASSEDPAWNS:0.5
CE_PAWNWEAKNESSES:0.4963980784193747
CE_PIECEACTIVITY:0.5
CE_KINGPAWNSHIELD:0.5068572969184028
CE_PIECECOORDINATION:0.5
CE_MATERIAL:0.5101219478348453
CE_KINGSAFETY:0.4961539219039724
C_PIECESQUARETABLES:0.5
C_MOBILITY:0.5
C_KINGSAFETY:0.4929180226975546
C_PAWNSTRUCTURE:0.48404012405298746
C_PIECECOORDINATION:0.5
C_ROOKANDPAWNMOVEMENT:0.5
C_CENTERCONTROL:0.49856017243192113
C_DEVELOPPIECES:0.508238524862854
C_MATERIAL:0.5095662347524706
C_MOVECOUNT:0.5
