ELO:1019
CE_PASSEDPAWNS:0.4894173233658081
CE_PAWNWEAKNESSES:0.5018759020046714
CE_PIECEACTIVITY:0.5078521403032359
CE_KINGPAWNSHIELD:0.5
CE_PIECECOORDINATION:0.49890875767298865
CE_MATERIAL:0.5
CE_KINGSAFETY:0.5
C_PIECESQUARETABLES:0.5
C_MOBILITY:0.5090763921469745
C_KINGSAFETY:0.47906360941770565
C_PAWNSTRUCTURE:0.4932866450067853
C_PIECECOORDINATION:0.5102384125149871
C_ROOK:0.489354156870857
CE_ROOK:0.48762666329722454
C_CENTERCONTROL:0.510217845982945
C_DEVELOPPIECES:0.5
C_MATERIAL:0.5
C_MOVECOUNT:0.49181151571208087
C_PAWNMOVEMENT:0.4947520521633653
