ELO:948
CE_PASSEDPAWNS:0.4853402374228896
CE_PAWNWEAKNESSES:0.4905649457145887
CE_PIECEACTIVITY:0.5184073826651402
CE_KINGPAWNSHIELD:0.49450629009949526
CE_PIECECOORDINATION:0.36272116900509543
CE_MATERIAL:0.5655354027835143
CE_KINGSAFETY:0.5028846393680904
C_PIECESQUARETABLES:0.4913706481627526
C_MOBILITY:0.4870001562600804
C_KINGSAFETY:0.4548760104084456
C_PAWNSTRUCTURE:0.5508187610795154
C_PIECECOORDINATION:0.5122920075544128
C_ROOKANDPAWNMOVEMENT:0.5122920075544128
C_CENTERCONTROL:0.4553109197389502
C_DEVELOPPIECES:0.5352948589299678
C_MATERIAL:0.5266307295752434
