ELO:977
CE_PASSEDPAWNS:0.5049386973294999
CE_PAWNWEAKNESSES:0.5128889835512717
CE_PIECEACTIVITY:0.5602820114260724
CE_KINGPAWNSHIELD:0.46619871093145376
CE_PIECECOORDINATION:0.47371111467516636
CE_MATERIAL:0.519729473856587
CE_KINGSAFETY:0.4733908888301192
C_PIECESQUARETABLES:0.5180664071285476
C_MOBILITY:0.50263141671753
C_KINGSAFETY:0.5705844756422798
C_PAWNSTRUCTURE:0.326646784450363
C_PIECECOORDINATION:0.5350567576815112
C_ROOKANDPAWNMOVEMENT:0.5350567576815112
C_CENTERCONTROL:0.38211851825908083
C_DEVELOPPIECES:0.49942826832231824
C_MATERIAL:0.5866536899795093
