ELO:989
CE_PASSEDPAWNS:0.3486647690250762
CE_PAWNWEAKNESSES:0.5126890358274858
CE_PIECEACTIVITY:0.563988185976193
CE_KINGPAWNSHIELD:0.476594136086733
CE_PIECECOORDINATION:0.48398266311985483
CE_MATERIAL:0.5132821330604168
CE_KINGSAFETY:0.5
C_PIECESQUARETABLES:0.5
C_MOBILITY:0.4937481556001192
C_KINGSAFETY:0.5688874896882732
C_PAWNSTRUCTURE:0.3230594021082927
C_PIECECOORDINATION:0.4455295289066636
C_ROOKANDPAWNMOVEMENT:0.4455295289066636
C_CENTERCONTROL:0.35858337551177144
C_DEVELOPPIECES:0.48749158738902765
C_MATERIAL:0.6828983766046607
