ELO:1033
CE_PASSEDPAWNS:0.4936118726401552
CE_PAWNWEAKNESSES:0.45998551404873766
CE_PIECEACTIVITY:0.5061512893869018
CE_KINGPAWNSHIELD:0.5325070833713661
CE_PIECECOORDINATION:0.5074158122845649
CE_MATERIAL:0.4913272283403476
CE_KINGSAFETY:0.5
C_PIECESQUARETABLES:0.5
C_MOBILITY:0.5028170813085642
C_KINGSAFETY:0.4980573762221772
C_PAWNSTRUCTURE:0.5072601080814034
C_PIECECOORDINATION:0.5228079246997759
C_ROOK:0.523495605081365
CE_ROOK:0.4979724417262677
C_CENTERCONTROL:0.4953970785441792
C_DEVELOPPIECES:0.4451163445770102
C_MATERIAL:0.48856032298767915
C_MOVECOUNT:0.4841889322857715
C_PAWNMOVEMENT:0.5076373988419511
