ELO:1051
CE_PASSEDPAWNS:0.513420589128736
CE_PAWNWEAKNESSES:0.5101342833997289
CE_PIECEACTIVITY:0.512973614661882
CE_KINGPAWNSHIELD:0.49711923057826723
CE_PIECECOORDINATION:0.5217953041539427
CE_MATERIAL:0.5138007272022727
CE_KINGSAFETY:0.5
C_PIECESQUARETABLES:0.5
C_MOBILITY:0.48552213159070967
C_KINGSAFETY:0.5
C_PAWNSTRUCTURE:0.512463646202381
C_PIECECOORDINATION:0.5027445464555604
C_ROOK:0.48473326904920266
CE_ROOK:0.4979724417262677
C_CENTERCONTROL:0.5040359277030844
C_DEVELOPPIECES:0.5273624076889522
C_MATERIAL:0.4919401372919477
C_MOVECOUNT:0.5100972410037712
C_PAWNMOVEMENT:0.4985402491232781
