ELO:989
CE_PASSEDPAWNS:0.3671258369474086
CE_PAWNWEAKNESSES:0.42994409955807894
CE_PIECEACTIVITY:0.5664952957240075
CE_KINGPAWNSHIELD:0.4931462005898733
CE_PIECECOORDINATION:0.48398266311985483
CE_MATERIAL:0.5222026987490407
CE_KINGSAFETY:0.5
C_PIECESQUARETABLES:0.5
C_MOBILITY:0.4955951159991288
C_KINGSAFETY:0.548173479049873
C_PAWNSTRUCTURE:0.3086529387392602
C_PIECECOORDINATION:0.4455295289066636
C_ROOKANDPAWNMOVEMENT:0.4455295289066636
C_CENTERCONTROL:0.34079103873707267
C_DEVELOPPIECES:0.5416141581729245
C_MATERIAL:0.6819981357425864
