ELO:957
CE_PASSEDPAWNS:0.4873870844011443
CE_PAWNWEAKNESSES:0.48031959409433156
CE_PIECEACTIVITY:0.5210546599795502
CE_KINGPAWNSHIELD:0.4849714768458656
CE_PIECECOORDINATION:0.34147911716077156
CE_MATERIAL:0.5452620812313332
CE_KINGSAFETY:0.5101987982861633
C_PIECESQUARETABLES:0.5059728474141572
C_MOBILITY:0.4820978053574737
C_KINGSAFETY:0.4552756692984425
C_PAWNSTRUCTURE:0.5821096208944647
C_PIECECOORDINATION:0.5210382846310057
C_ROOKANDPAWNMOVEMENT:0.5210382846310057
C_CENTERCONTROL:0.46233164421009737
C_DEVELOPPIECES:0.5375218066089485
C_MATERIAL:0.5186167020591534
