ELO:1000
CE_PASSEDPAWNS:0.5
CE_PAWNWEAKNESSES:0.49153747739782117
CE_PIECEACTIVITY:0.4807098406713453
CE_KINGPAWNSHIELD:0.5
CE_PIECECOORDINATION:0.4993323829069529
CE_MATERIAL:0.49280059742108945
CE_KINGSAFETY:0.49786419984577907
C_PIECESQUARETABLES:0.5
C_MOBILITY:0.4937551823023083
C_KINGSAFETY:0.51248927955752
C_PAWNSTRUCTURE:0.5110929652215398
C_PIECECOORDINATION:0.5122308754604279
C_ROOK:0.5143851110875896
CE_ROOK:0.5109292021234129
C_CENTERCONTROL:0.5035731574394081
C_DEVELOPPIECES:0.5042237413045524
C_MATERIAL:0.5
C_MOVECOUNT:0.49181151571208087
C_PAWNMOVEMENT:0.5
