ELO:954
CE_PASSEDPAWNS:0.5039708566938392
CE_PAWNWEAKNESSES:0.5056705091401675
CE_PIECEACTIVITY:0.4730513610568576
CE_KINGPAWNSHIELD:0.5012228537920592
CE_PIECECOORDINATION:0.5190155778903405
CE_MATERIAL:0.510111829678275
CE_KINGSAFETY:0.4945648091672122
C_PIECESQUARETABLES:0.48817185528523627
C_MOBILITY:0.5233485198925032
C_KINGSAFETY:0.5115687413867704
C_PAWNSTRUCTURE:0.48997492896430733
C_PIECECOORDINATION:0.4997103021194118
C_ROOKANDPAWNMOVEMENT:0.4997103021194118
C_CENTERCONTROL:0.5200533871209571
C_DEVELOPPIECES:0.4765532141499373
C_MATERIAL:0.5250034284888937
C_MOVECOUNT:0.4972650811407537
