ELO:1060
CE_PASSEDPAWNS:0.4948357643847652
CE_PAWNWEAKNESSES:0.506642754522303
CE_PIECEACTIVITY:0.5
CE_KINGPAWNSHIELD:0.5142600735133351
CE_PIECECOORDINATION:0.5
CE_MATERIAL:0.48755275926830105
CE_KINGSAFETY:0.5
C_PIECESQUARETABLES:0.5
C_MOBILITY:0.5
C_KINGSAFETY:0.4957159129901899
C_PAWNSTRUCTURE:0.49886089381198834
C_PIECECOORDINATION:0.5256317355684392
C_ROOK:0.5187550577959981
CE_ROOK:0.5003472277118782
C_CENTERCONTROL:0.5002605612675087
C_DEVELOPPIECES:0.47948199150109994
C_MATERIAL:0.49797995460073996
C_MOVECOUNT:0.509723540237199
C_PAWNMOVEMENT:0.5
