ELO:1000
CE_PASSEDPAWNS:0.4455227623817324
CE_PAWNWEAKNESSES:0.5432794850289275
CE_PIECEACTIVITY:0.5320565392479888
CE_KINGPAWNSHIELD:0.566799869570194
CE_PIECECOORDINATION:0.47686557665002
CE_MATERIAL:0.5131823352210917
CE_KINGSAFETY:0.5208638680341288
C_PIECESQUARETABLES:0.4936586034486966
C_MOBILITY:0.5429059478940875
C_KINGSAFETY:0.4648866287768058
C_PAWNSTRUCTURE:0.5565320188860013
C_PIECECOORDINATION:0.5071718184769988
C_ROOKANDPAWNMOVEMENT:0.5071718184769988
C_CENTERCONTROL:0.4679834200735081
C_DEVELOPPIECES:0.5451273422410833
C_MATERIAL:0.6204584196961216
