ELO:1000
CE_PASSEDPAWNS:0.4991338338996488
CE_PAWNWEAKNESSES:0.4759076143731481
CE_PIECEACTIVITY:0.5296334089686212
CE_KINGPAWNSHIELD:0.5245751619723547
CE_PIECECOORDINATION:0.5004654485855683
CE_MATERIAL:0.5049713349706775
CE_KINGSAFETY:0.4963339502238
C_PIECESQUARETABLES:0.47877027818136275
C_MOBILITY:0.4643414988857998
C_KINGSAFETY:0.5125584154625437
C_PAWNSTRUCTURE:0.5065113158280649
C_PIECECOORDINATION:0.5325966220287308
C_ROOKANDPAWNMOVEMENT:0.5325966220287308
C_CENTERCONTROL:0.5478019010274707
C_DEVELOPPIECES:0.5598289530368766
C_MATERIAL:0.5270025411842569
