ELO:838
CE_PASSEDPAWNS:0.5370564930426612
CE_PAWNWEAKNESSES:0.4695909066367738
CE_PIECEACTIVITY:0.5490722604907406
CE_KINGPAWNSHIELD:0.42025674949936664
CE_PIECECOORDINATION:0.5593057930103199
CE_MATERIAL:0.4972360629497175
CE_KINGSAFETY:0.525684374886435
C_PIECESQUARETABLES:0.4861017049219041
C_MOBILITY:0.3713867811769467
C_KINGSAFETY:0.4959917628974472
C_PAWNSTRUCTURE:0.46203070648952466
C_PIECECOORDINATION:0.5175555111370029
C_ROOKANDPAWNMOVEMENT:0.5175555111370029
C_CENTERCONTROL:0.5087768506987109
C_DEVELOPPIECES:0.5058189934784854
C_MATERIAL:0.4707746694982715
C_MOVECOUNT:0.5
