ELO:948
CE_PASSEDPAWNS:0.4855191824814497
CE_PAWNWEAKNESSES:0.5140789335944875
CE_PIECEACTIVITY:0.5226649947918601
CE_KINGPAWNSHIELD:0.49450629009949526
CE_PIECECOORDINATION:0.36063632804487555
CE_MATERIAL:0.5655354027835143
CE_KINGSAFETY:0.5040171844559633
C_PIECESQUARETABLES:0.4913706481627526
C_MOBILITY:0.4870001562600804
C_KINGSAFETY:0.4480054381273503
C_PAWNSTRUCTURE:0.5459658041624086
C_PIECECOORDINATION:0.5122920075544128
C_ROOKANDPAWNMOVEMENT:0.5122920075544128
C_CENTERCONTROL:0.4553109197389502
C_DEVELOPPIECES:0.5383997062646889
C_MATERIAL:0.5266307295752434
