ELO:1000
CE_PASSEDPAWNS:0.48435811079798147
CE_PAWNWEAKNESSES:0.4742035396084772
CE_PIECEACTIVITY:0.5224935773687226
CE_KINGPAWNSHIELD:0.5361578107771168
CE_PIECECOORDINATION:0.46262463654294883
CE_MATERIAL:0.48488857490016246
CE_KINGSAFETY:0.4876274922260317
C_PIECESQUARETABLES:0.5054205825354194
C_MOBILITY:0.46143080549781595
C_KINGSAFETY:0.522201144079908
C_PAWNSTRUCTURE:0.5256629499661448
C_PIECECOORDINATION:0.5427247702015587
C_ROOKANDPAWNMOVEMENT:0.5427247702015587
C_CENTERCONTROL:0.5530057077944662
C_DEVELOPPIECES:0.5283838850526379
C_MATERIAL:0.497892220704274
