ELO:970
CE_PASSEDPAWNS:0.4867264855099605
CE_PAWNWEAKNESSES:0.4767921164143815
CE_PIECEACTIVITY:0.49156471329570556
CE_KINGPAWNSHIELD:0.4410241765289469
CE_PIECECOORDINATION:0.3942327396956987
CE_MATERIAL:0.5326632886431487
CE_KINGSAFETY:0.5452020546025973
C_PIECESQUARETABLES:0.4736931000046519
C_MOBILITY:0.4806676934980411
C_KINGSAFETY:0.46485200214756595
C_PAWNSTRUCTURE:0.5788673846345934
C_PIECECOORDINATION:0.5353591251236046
C_ROOKANDPAWNMOVEMENT:0.5353591251236046
C_CENTERCONTROL:0.5117361318960458
C_DEVELOPPIECES:0.522018892932681
C_MATERIAL:0.567045172965183
