ELO:1022
CE_PASSEDPAWNS:0.5
CE_PAWNWEAKNESSES:0.49023806547974913
CE_PIECEACTIVITY:0.5
CE_KINGPAWNSHIELD:0.5
CE_PIECECOORDINATION:0.5060219272921139
CE_MATERIAL:0.5013969306759026
CE_KINGSAFETY:0.5046646507171481
C_PIECESQUARETABLES:0.5
C_MOBILITY:0.5
C_KINGSAFETY:0.49013959037463856
C_PAWNSTRUCTURE:0.5030601895522548
C_PIECECOORDINATION:0.4925616982583291
C_ROOKANDPAWNMOVEMENT:0.4925616982583291
C_CENTERCONTROL:0.511139324768391
C_DEVELOPPIECES:0.5084601997126587
C_MATERIAL:0.48467445949347493
C_MOVECOUNT:0.5
