ELO:1022
CE_PASSEDPAWNS:0.49591990162815325
CE_PAWNWEAKNESSES:0.49153747739782117
CE_PIECEACTIVITY:0.5044483528572965
CE_KINGPAWNSHIELD:0.5
CE_PIECECOORDINATION:0.4889165545014354
CE_MATERIAL:0.48745270515829425
CE_KINGSAFETY:0.5
C_PIECESQUARETABLES:0.5
C_MOBILITY:0.49790740899273217
C_KINGSAFETY:0.5
C_PAWNSTRUCTURE:0.48940384011159715
C_PIECECOORDINATION:0.5202582623067273
C_ROOK:0.5
CE_ROOK:0.510341443228123
C_CENTERCONTROL:0.5035731574394081
C_DEVELOPPIECES:0.49370767776037955
C_MATERIAL:0.5
C_MOVECOUNT:0.49181151571208087
C_PAWNMOVEMENT:0.49653921161330294
