ELO:897
CE_PASSEDPAWNS:0.44445987933480385
CE_PAWNWEAKNESSES:0.5339333619218267
CE_PIECEACTIVITY:0.5619077563134763
CE_KINGPAWNSHIELD:0.49390254995387356
CE_PIECECOORDINATION:0.3565738167328425
CE_MATERIAL:0.5139722941585071
CE_KINGSAFETY:0.5038999382649709
C_PIECESQUARETABLES:0.41289444872610565
C_MOBILITY:0.4600151886382706
C_KINGSAFETY:0.443648268552767
C_PAWNSTRUCTURE:0.5777223166172482
C_PIECECOORDINATION:0.44155431874900075
C_ROOKANDPAWNMOVEMENT:0.44155431874900075
C_CENTERCONTROL:0.4732774885974516
C_DEVELOPPIECES:0.5525642582686526
C_MATERIAL:0.5432863071340517
