ELO:940
CE_PASSEDPAWNS:0.4330843187207247
CE_PAWNWEAKNESSES:0.5253353401079826
CE_PIECEACTIVITY:0.4827359400562005
CE_KINGPAWNSHIELD:0.5064901874913943
CE_PIECECOORDINATION:0.510625430151444
CE_MATERIAL:0.3866673462714229
CE_KINGSAFETY:0.4978704175518191
C_PIECESQUARETABLES:0.532379815262272
C_MOBILITY:0.5445454445770764
C_KINGSAFETY:0.47242612513978394
C_PAWNSTRUCTURE:0.4543751355380827
C_PIECECOORDINATION:0.5672377880163616
C_ROOKANDPAWNMOVEMENT:0.5672377880163616
C_CENTERCONTROL:0.5196623816381145
C_DEVELOPPIECES:0.4748896926507303
C_MATERIAL:0.48893330225307113
