ELO:996
CE_PASSEDPAWNS:0.481755468838804
CE_PAWNWEAKNESSES:0.4872092774071814
CE_PIECEACTIVITY:0.48518397849559824
CE_KINGPAWNSHIELD:0.4673520284524188
CE_PIECECOORDINATION:0.49944128034441176
CE_MATERIAL:0.4896192308672331
CE_KINGSAFETY:0.4980491079871642
C_PIECESQUARETABLES:0.5240124322196681
C_MOBILITY:0.49500678225844014
C_KINGSAFETY:0.5004421898579059
C_PAWNSTRUCTURE:0.48928634299866913
C_PIECECOORDINATION:0.5064101295813667
C_ROOK:0.4895347788860908
CE_ROOK:0.5125046090897705
C_CENTERCONTROL:0.49542208313755504
C_DEVELOPPIECES:0.5093027807277021
C_MATERIAL:0.504109626327545
C_MOVECOUNT:0.499893071497512
C_PAWNMOVEMENT:0.48238765103258013
