ELO:949
CE_PASSEDPAWNS:0.5694978732351198
CE_PAWNWEAKNESSES:0.44676849500835714
CE_PIECEACTIVITY:0.4273459393749319
CE_KINGPAWNSHIELD:0.4588701821538493
CE_PIECECOORDINATION:0.5323461778668825
CE_MATERIAL:0.4896855059313179
CE_KINGSAFETY:0.49171820541768807
C_PIECESQUARETABLES:0.500326376088617
C_MOBILITY:0.5695618451213185
C_KINGSAFETY:0.5662184970224668
C_PAWNSTRUCTURE:0.5151415738494408
C_PIECECOORDINATION:0.5084225610713914
C_ROOKANDPAWNMOVEMENT:0.5084225610713914
C_CENTERCONTROL:0.47078432253199887
C_DEVELOPPIECES:0.5250122873502019
C_MATERIAL:0.4270409042270257
