ELO:1000
CE_PASSEDPAWNS:0.5470011290785485
CE_PAWNWEAKNESSES:0.4420359356945455
CE_PIECEACTIVITY:0.4748245724740765
CE_KINGPAWNSHIELD:0.49994573585931806
CE_PIECECOORDINATION:0.49766034241513685
CE_MATERIAL:0.49257935679522685
CE_KINGSAFETY:0.4941113348541934
C_PIECESQUARETABLES:0.5030524402651555
C_MOBILITY:0.5292508457361448
C_KINGSAFETY:0.5152386706921757
C_PAWNSTRUCTURE:0.5073375841290783
C_PIECECOORDINATION:0.4688566783409492
C_ROOKANDPAWNMOVEMENT:0.4688566783409492
C_CENTERCONTROL:0.4439625249514203
C_DEVELOPPIECES:0.48896881244520557
C_MATERIAL:0.48657566166909394
