ELO:1014
CE_PASSEDPAWNS:0.501571763514144
CE_PAWNWEAKNESSES:0.5049024437015641
CE_PIECEACTIVITY:0.5177845848959464
CE_KINGPAWNSHIELD:0.5
CE_PIECECOORDINATION:0.4869274432426768
CE_MATERIAL:0.49851536882471287
CE_KINGSAFETY:0.5
C_PIECESQUARETABLES:0.5
C_MOBILITY:0.4974141367395853
C_KINGSAFETY:0.4999841825872534
C_PAWNSTRUCTURE:0.5205011180804822
C_PIECECOORDINATION:0.5
C_ROOKANDPAWNMOVEMENT:0.5
C_CENTERCONTROL:0.5095212170341359
C_DEVELOPPIECES:0.5
C_MATERIAL:0.5
C_MOVECOUNT:0.5
