ELO:996
CE_PASSEDPAWNS:0.5305904975330347
CE_PAWNWEAKNESSES:0.48352035199329985
CE_PIECEACTIVITY:0.5243860905953495
CE_KINGPAWNSHIELD:0.49420206365711716
CE_PIECECOORDINATION:0.48209927769255473
CE_MATERIAL:0.5232307326160843
CE_KINGSAFETY:0.5
C_PIECESQUARETABLES:0.5
C_MOBILITY:0.5187970841356156
C_KINGSAFETY:0.5130426352739833
C_PAWNSTRUCTURE:0.501965367088728
C_PIECECOORDINATION:0.5197021824486947
C_ROOK:0.4650633174525654
CE_ROOK:0.49173339792315435
C_CENTERCONTROL:0.49500406223562304
C_DEVELOPPIECES:0.48897099722680787
C_MATERIAL:0.5118345773758886
C_MOVECOUNT:0.4840793943582954
C_PAWNMOVEMENT:0.4775684967612875
