ELO:996
CE_PASSEDPAWNS:0.5305904975330347
CE_PAWNWEAKNESSES:0.4806694298255252
CE_PIECEACTIVITY:0.4735029863248786
CE_KINGPAWNSHIELD:0.49420206365711716
CE_PIECECOORDINATION:0.49194055585301893
CE_MATERIAL:0.5232307326160843
CE_KINGSAFETY:0.5
C_PIECESQUARETABLES:0.5
C_MOBILITY:0.5187970841356156
C_KINGSAFETY:0.4744622568411968
C_PAWNSTRUCTURE:0.5010686300989745
C_PIECECOORDINATION:0.4915556430545138
C_ROOK:0.479745591736539
CE_ROOK:0.5091387913428207
C_CENTERCONTROL:0.48748816855455884
C_DEVELOPPIECES:0.5028874463203526
C_MATERIAL:0.5025734843635191
C_MOVECOUNT:0.4827078409043681
C_PAWNMOVEMENT:0.5182325541976434
