ELO:989
CE_PASSEDPAWNS:0.5974926703365337
CE_PAWNWEAKNESSES:0.4630997693467144
CE_PIECEACTIVITY:0.46529431378323904
CE_KINGPAWNSHIELD:0.49248852177545516
CE_PIECECOORDINATION:0.49167324642629245
CE_MATERIAL:0.5241445659292164
CE_KINGSAFETY:0.5147591138574392
C_PIECESQUARETABLES:0.47408964363881745
C_MOBILITY:0.49650252313282756
C_KINGSAFETY:0.49283396123413326
C_PAWNSTRUCTURE:0.4958944845640017
C_PIECECOORDINATION:0.45160734534392405
C_ROOKANDPAWNMOVEMENT:0.45160734534392405
C_CENTERCONTROL:0.44983384666010123
C_DEVELOPPIECES:0.4622122055854893
C_MATERIAL:0.46290086394602126
