ELO:999
CE_PASSEDPAWNS:0.38687985304613204
CE_PAWNWEAKNESSES:0.5107371315820881
CE_PIECEACTIVITY:0.4896365877433172
CE_KINGPAWNSHIELD:0.5699390384883467
CE_PIECECOORDINATION:0.4990590964020771
CE_MATERIAL:0.49187965821237795
CE_KINGSAFETY:0.49411847445476603
C_PIECESQUARETABLES:0.5054545947430346
C_MOBILITY:0.526325976149411
C_KINGSAFETY:0.43818332698872375
C_PAWNSTRUCTURE:0.4605302863248758
C_PIECECOORDINATION:0.5225766843453277
C_ROOKANDPAWNMOVEMENT:0.5225766843453277
C_CENTERCONTROL:0.5661224776957944
C_DEVELOPPIECES:0.48179759157320035
C_MATERIAL:0.5013581884642182
