ELO:954
CE_PASSEDPAWNS:0.5855732105560801
CE_PAWNWEAKNESSES:0.44971977628722953
CE_PIECEACTIVITY:0.4763670524558149
CE_KINGPAWNSHIELD:0.5037169780503017
CE_PIECECOORDINATION:0.5213368832067332
CE_MATERIAL:0.5091753328896428
CE_KINGSAFETY:0.5394148806882545
C_PIECESQUARETABLES:0.5037179239692184
C_MOBILITY:0.5555298975090277
C_KINGSAFETY:0.50515263628014
C_PAWNSTRUCTURE:0.5203270974465225
C_PIECECOORDINATION:0.47480930291161544
C_ROOKANDPAWNMOVEMENT:0.47480930291161544
C_CENTERCONTROL:0.4502333938575689
C_DEVELOPPIECES:0.4818843891424628
C_MATERIAL:0.40931728316903054
