ELO:968
CE_PASSEDPAWNS:0.3505565741194742
CE_PAWNWEAKNESSES:0.5153837428888501
CE_PIECEACTIVITY:0.5018243058278476
CE_KINGPAWNSHIELD:0.5579735465985894
CE_PIECECOORDINATION:0.5470927681099542
CE_MATERIAL:0.4985149910425002
CE_KINGSAFETY:0.5345992891121206
C_PIECESQUARETABLES:0.46373488546101516
C_MOBILITY:0.5529872722728005
C_KINGSAFETY:0.4126791027242341
C_PAWNSTRUCTURE:0.46592463188397487
C_PIECECOORDINATION:0.5223544862352436
C_ROOKANDPAWNMOVEMENT:0.5223544862352436
C_CENTERCONTROL:0.5257334123163329
C_DEVELOPPIECES:0.5116020870940103
C_MATERIAL:0.5448900002227628
