ELO:952
CE_PASSEDPAWNS:0.4945903433771549
CE_PAWNWEAKNESSES:0.45970070309526584
CE_PIECEACTIVITY:0.46733718511214684
CE_KINGPAWNSHIELD:0.5072976075597445
CE_PIECECOORDINATION:0.46832923453324177
CE_MATERIAL:0.48968456763235846
CE_KINGSAFETY:0.5013560409326049
C_PIECESQUARETABLES:0.4934125894397039
C_MOBILITY:0.5181673375353752
C_KINGSAFETY:0.5585595370211323
C_PAWNSTRUCTURE:0.5409677475624823
C_PIECECOORDINATION:0.4755439098109846
C_ROOKANDPAWNMOVEMENT:0.4755439098109846
C_CENTERCONTROL:0.49069398841411466
C_DEVELOPPIECES:0.4883898532807599
C_MATERIAL:0.46938113773005025
C_MOVECOUNT:0.5
