ELO:1006
CE_PASSEDPAWNS:0.5
CE_PAWNWEAKNESSES:0.4920980272616771
CE_PIECEACTIVITY:0.491005087830044
CE_KINGPAWNSHIELD:0.49584051319997086
CE_PIECECOORDINATION:0.48214889931638794
CE_MATERIAL:0.5
CE_KINGSAFETY:0.5
C_PIECESQUARETABLES:0.5015694234186349
C_MOBILITY:0.5224565860258212
C_KINGSAFETY:0.49111852038538656
C_PAWNSTRUCTURE:0.48813237320189773
C_PIECECOORDINATION:0.4998599291109155
C_ROOKANDPAWNMOVEMENT:0.4998599291109155
C_CENTERCONTROL:0.5
C_DEVELOPPIECES:0.5117401532592123
C_MATERIAL:0.5018151300118091
C_MOVECOUNT:0.4938243907002773
