ELO:1000
CE_PASSEDPAWNS:0.46098287090248113
CE_PAWNWEAKNESSES:0.5024451455446602
CE_PIECEACTIVITY:0.47653721698048185
CE_KINGPAWNSHIELD:0.48922117286290256
CE_PIECECOORDINATION:0.47654232564222415
CE_MATERIAL:0.47421879727293204
CE_KINGSAFETY:0.49303287447337096
C_PIECESQUARETABLES:0.46920156199953367
C_MOBILITY:0.5022018353292037
C_KINGSAFETY:0.4621267826073897
C_PAWNSTRUCTURE:0.4824948566595178
C_PIECECOORDINATION:0.50638562236736
C_ROOKANDPAWNMOVEMENT:0.50638562236736
C_CENTERCONTROL:0.5384833433808172
C_DEVELOPPIECES:0.4714766200009545
C_MATERIAL:0.5170647725610003
