ELO:921
CE_PASSEDPAWNS:0.5791886773583407
CE_PAWNWEAKNESSES:0.46854123923302665
CE_PIECEACTIVITY:0.5465022211584009
CE_KINGPAWNSHIELD:0.5035337484949038
CE_PIECECOORDINATION:0.5837724035979102
CE_MATERIAL:0.5738297952684859
CE_KINGSAFETY:0.5073505120955708
C_PIECESQUARETABLES:0.5002241936090911
C_MOBILITY:0.5119431178107252
C_KINGSAFETY:0.5473556467270898
C_PAWNSTRUCTURE:0.5076628639353937
C_PIECECOORDINATION:0.5037232202985706
C_ROOKANDPAWNMOVEMENT:0.5037232202985706
C_CENTERCONTROL:0.5259848220057391
C_DEVELOPPIECES:0.5266108789413887
C_MATERIAL:0.525630356976637
C_MOVECOUNT:0.4720675573497118
