ELO:1000
CE_PASSEDPAWNS:0.4963463437015548
CE_PAWNWEAKNESSES:0.5
CE_PIECEACTIVITY:0.4983984353424193
CE_KINGPAWNSHIELD:0.5
CE_PIECECOORDINATION:0.5
CE_MATERIAL:0.5
CE_KINGSAFETY:0.4889206407760842
C_PIECESQUARETABLES:0.4906231370839494
C_MOBILITY:0.5064579714198593
C_KINGSAFETY:0.5
C_PAWNSTRUCTURE:0.5
C_PIECECOORDINATION:0.5
C_ROOK:0.5
CE_ROOK:0.5
C_CENTERCONTROL:0.5
C_DEVELOPPIECES:0.5
C_MATERIAL:0.5048059891892109
C_MOVECOUNT:0.5
C_PAWNMOVEMENT:0.5
