ELO:1043
CE_PASSEDPAWNS:0.5105531546805911
CE_PAWNWEAKNESSES:0.48242106560233866
CE_PIECEACTIVITY:0.502939485407813
CE_KINGPAWNSHIELD:0.5305970176702418
CE_PIECECOORDINATION:0.5170688577303671
CE_MATERIAL:0.4872736127080947
CE_KINGSAFETY:0.5
C_PIECESQUARETABLES:0.5
C_MOBILITY:0.5167331414723906
C_KINGSAFETY:0.48382163288164737
C_PAWNSTRUCTURE:0.4649378781023648
C_PIECECOORDINATION:0.5129933973770763
C_ROOK:0.4828610962900275
CE_ROOK:0.49384438345778076
C_CENTERCONTROL:0.5044795965366173
C_DEVELOPPIECES:0.45137687262271
C_MATERIAL:0.5169640389670006
C_MOVECOUNT:0.4989213143691052
C_PAWNMOVEMENT:0.48312005244132805
