ELO:987
CE_PASSEDPAWNS:0.5
CE_PAWNWEAKNESSES:0.4911999032379472
CE_PIECEACTIVITY:0.5091216457318575
CE_KINGPAWNSHIELD:0.49285085101922055
CE_PIECECOORDINATION:0.489002243011213
CE_MATERIAL:0.5
CE_KINGSAFETY:0.5
C_PIECESQUARETABLES:0.4938391485112026
C_MOBILITY:0.5
C_KINGSAFETY:0.5028309085909936
C_PAWNSTRUCTURE:0.5
C_PIECECOORDINATION:0.5
C_ROOKANDPAWNMOVEMENT:0.5
C_CENTERCONTROL:0.5
C_DEVELOPPIECES:0.491712991418385
C_MATERIAL:0.491499634401593
C_MOVECOUNT:0.5
