ELO:1090
CE_PASSEDPAWNS:0.6184487045422052
CE_PAWNWEAKNESSES:0.4788887616957076
CE_PIECEACTIVITY:0.4896507711185802
CE_KINGPAWNSHIELD:0.4730058198909026
CE_PIECECOORDINATION:0.4847428073406581
CE_MATERIAL:0.4662253447731471
CE_KINGSAFETY:0.5
C_PIECESQUARETABLES:0.5132944156773137
C_MOBILITY:0.4455170774255024
C_KINGSAFETY:0.515628343929048
C_PAWNSTRUCTURE:0.4895134622851643
C_PIECECOORDINATION:0.47180702788785106
C_ROOKANDPAWNMOVEMENT:0.47180702788785106
C_CENTERCONTROL:0.5217433224072694
C_DEVELOPPIECES:0.5848750524572266
C_MATERIAL:0.38653579899801616
