ELO:761
CE_PASSEDPAWNS:0.41366199772638146
CE_PAWNWEAKNESSES:0.44521065444090846
CE_PIECEACTIVITY:0.5750884253251272
CE_KINGPAWNSHIELD:0.4748715443931061
CE_PIECECOORDINATION:0.4929077823699866
CE_MATERIAL:0.41900830095857977
CE_KINGSAFETY:0.5167305518925166
C_PIECESQUARETABLES:0.5055264808511993
C_MOBILITY:0.4592032605551501
C_KINGSAFETY:0.5357468040433899
C_PAWNSTRUCTURE:0.4921120956538454
C_PIECECOORDINATION:0.5502012763383676
C_ROOKANDPAWNMOVEMENT:0.5502012763383676
C_CENTERCONTROL:0.5139822638108383
C_DEVELOPPIECES:0.4996218218827798
C_MATERIAL:0.5896034332128206
C_MOVECOUNT:0.47664443878089297
