ELO:972
CE_PASSEDPAWNS:0.452744352179958
CE_PAWNWEAKNESSES:0.486815134682247
CE_PIECEACTIVITY:0.5204081326095658
CE_KINGPAWNSHIELD:0.5082753327574363
CE_PIECECOORDINATION:0.4658104521401846
CE_MATERIAL:0.5095829166415407
CE_KINGSAFETY:0.5111619789200587
C_PIECESQUARETABLES:0.5
C_MOBILITY:0.5051645446768356
C_KINGSAFETY:0.5299803939737752
C_PAWNSTRUCTURE:0.4938568367640018
C_PIECECOORDINATION:0.5297690449452503
C_ROOKANDPAWNMOVEMENT:0.5297690449452503
C_CENTERCONTROL:0.544396104380167
C_DEVELOPPIECES:0.4881130030967431
C_MATERIAL:0.5106859202639321
C_MOVECOUNT:0.5
