ELO:861
CE_PASSEDPAWNS:0.5246154485663477
CE_PAWNWEAKNESSES:0.4990042638868323
CE_PIECEACTIVITY:0.515574846054888
CE_KINGPAWNSHIELD:0.5000339263463982
CE_PIECECOORDINATION:0.4056375337899943
CE_MATERIAL:0.46629937692562345
CE_KINGSAFETY:0.5094007953687536
C_PIECESQUARETABLES:0.4762959164626883
C_MOBILITY:0.49837829855117116
C_KINGSAFETY:0.5466853627345541
C_PAWNSTRUCTURE:0.5633306744785219
C_PIECECOORDINATION:0.4839967960370268
C_ROOKANDPAWNMOVEMENT:0.4839967960370268
C_CENTERCONTROL:0.4908559442161082
C_DEVELOPPIECES:0.4889885076331636
C_MATERIAL:0.47858516881448737
C_MOVECOUNT:0.5131384104671901
