ELO:919
CE_PASSEDPAWNS:0.49238689969621824
CE_PAWNWEAKNESSES:0.4984942602015243
CE_PIECEACTIVITY:0.5598609860637495
CE_KINGPAWNSHIELD:0.5011736049937231
CE_PIECECOORDINATION:0.49275504297956385
CE_MATERIAL:0.4794282434757739
CE_KINGSAFETY:0.5133379368490528
C_PIECESQUARETABLES:0.5
C_MOBILITY:0.49813116784702255
C_KINGSAFETY:0.5214158252457518
C_PAWNSTRUCTURE:0.4222442552685595
C_PIECECOORDINATION:0.5300594429270856
C_ROOKANDPAWNMOVEMENT:0.5300594429270856
C_CENTERCONTROL:0.4517526098965279
C_DEVELOPPIECES:0.536213824406643
C_MATERIAL:0.4577082376612336
C_MOVECOUNT:0.5
