ELO:989
CE_PASSEDPAWNS:0.5060754091601789
CE_PAWNWEAKNESSES:0.4920980272616771
CE_PIECEACTIVITY:0.5032061157030431
CE_KINGPAWNSHIELD:0.5
CE_PIECECOORDINATION:0.5
CE_MATERIAL:0.5132747197988623
CE_KINGSAFETY:0.5
C_PIECESQUARETABLES:0.5
C_MOBILITY:0.48469986447742847
C_KINGSAFETY:0.5080024507173895
C_PAWNSTRUCTURE:0.5023456718864093
C_PIECECOORDINATION:0.49670130896313625
C_ROOKANDPAWNMOVEMENT:0.49670130896313625
C_CENTERCONTROL:0.507577652744166
C_DEVELOPPIECES:0.5
C_MATERIAL:0.5
C_MOVECOUNT:0.5276932141558965
