ELO:959
CE_PASSEDPAWNS:0.3593363367525008
CE_PAWNWEAKNESSES:0.5322675090007825
CE_PIECEACTIVITY:0.4961226118207671
CE_KINGPAWNSHIELD:0.581298257735629
CE_PIECECOORDINATION:0.5819564864589838
CE_MATERIAL:0.49752790264088853
CE_KINGSAFETY:0.5267228415662305
C_PIECESQUARETABLES:0.46504554393623304
C_MOBILITY:0.5529872722728005
C_KINGSAFETY:0.38691197054836374
C_PAWNSTRUCTURE:0.44634776921290453
C_PIECECOORDINATION:0.5016218691491064
C_ROOKANDPAWNMOVEMENT:0.5016218691491064
C_CENTERCONTROL:0.5246690420897604
C_DEVELOPPIECES:0.5082453705694824
C_MATERIAL:0.5925328748077306
