ELO:1005
CE_PASSEDPAWNS:0.4958539160848259
CE_PAWNWEAKNESSES:0.5122408321403843
CE_PIECEACTIVITY:0.5075546734683272
CE_KINGPAWNSHIELD:0.5
CE_PIECECOORDINATION:0.5
CE_MATERIAL:0.5
CE_KINGSAFETY:0.5035573991086464
C_PIECESQUARETABLES:0.5
C_MOBILITY:0.5085564477073821
C_KINGSAFETY:0.48928810265576733
C_PAWNSTRUCTURE:0.5110955819296634
C_PIECECOORDINATION:0.5
C_ROOKANDPAWNMOVEMENT:0.5
C_CENTERCONTROL:0.5
C_DEVELOPPIECES:0.506404295770259
C_MATERIAL:0.5033277601143045
C_MOVECOUNT:0.5
