ELO:984
CE_PASSEDPAWNS:0.5169766234376627
CE_PAWNWEAKNESSES:0.4986888933874725
CE_PIECEACTIVITY:0.5219925870198214
CE_KINGPAWNSHIELD:0.510733418180394
CE_PIECECOORDINATION:0.5080057990414678
CE_MATERIAL:0.5247370065947221
CE_KINGSAFETY:0.49223643816223633
C_PIECESQUARETABLES:0.5140596313039032
C_MOBILITY:0.5071969070820355
C_KINGSAFETY:0.49094559585547876
C_PAWNSTRUCTURE:0.5
C_PIECECOORDINATION:0.49597746145238136
C_ROOKANDPAWNMOVEMENT:0.49597746145238136
C_CENTERCONTROL:0.49961425448043817
C_DEVELOPPIECES:0.49905407624309234
C_MATERIAL:0.48190844123690885
C_MOVECOUNT:0.5
