ELO:784
CE_PASSEDPAWNS:0.4541825459254467
CE_PAWNWEAKNESSES:0.45832295400980816
CE_PIECEACTIVITY:0.5049323815289013
CE_KINGPAWNSHIELD:0.5016570650543686
CE_PIECECOORDINATION:0.3900927981539155
CE_MATERIAL:0.4906577380826833
CE_KINGSAFETY:0.5066856521085322
C_PIECESQUARETABLES:0.42060999071187843
C_MOBILITY:0.5922770339389528
C_KINGSAFETY:0.4718709334236109
C_PAWNSTRUCTURE:0.5661541457630861
C_PIECECOORDINATION:0.5661563725773957
C_ROOKANDPAWNMOVEMENT:0.5661563725773957
C_CENTERCONTROL:0.4405809799685149
C_DEVELOPPIECES:0.637007181774909
C_MATERIAL:0.4104652635189012
C_MOVECOUNT:0.5
