ELO:1000
CE_PASSEDPAWNS:0.4656722288250462
CE_PAWNWEAKNESSES:0.5133008109343798
CE_PIECEACTIVITY:0.498719710431407
CE_KINGPAWNSHIELD:0.49984351799425414
CE_PIECECOORDINATION:0.4842241446286405
CE_MATERIAL:0.49118654646138227
CE_KINGSAFETY:0.4925421523646739
C_PIECESQUARETABLES:0.49740575125999803
C_MOBILITY:0.5156278701807979
C_KINGSAFETY:0.4923368020623802
C_PAWNSTRUCTURE:0.4921761590557248
C_PIECECOORDINATION:0.5181176404184802
C_ROOKANDPAWNMOVEMENT:0.5181176404184802
C_CENTERCONTROL:0.5350949261762594
C_DEVELOPPIECES:0.48522260689139185
C_MATERIAL:0.5178223415767205
