ELO:1000
CE_PASSEDPAWNS:0.5767126292159168
CE_PAWNWEAKNESSES:0.4506189065883266
CE_PIECEACTIVITY:0.4651871081523041
CE_KINGPAWNSHIELD:0.4913017469416127
CE_PIECECOORDINATION:0.4701713167662344
CE_MATERIAL:0.5071963088544265
CE_KINGSAFETY:0.5307907721569277
C_PIECESQUARETABLES:0.4982948211214371
C_MOBILITY:0.5208739875938561
C_KINGSAFETY:0.536070841706956
C_PAWNSTRUCTURE:0.5181075503834233
C_PIECECOORDINATION:0.48515831112261704
C_ROOKANDPAWNMOVEMENT:0.48515831112261704
C_CENTERCONTROL:0.47196205321597057
C_DEVELOPPIECES:0.4722508768794954
C_MATERIAL:0.49213615318777004
