ELO:1006
CE_PASSEDPAWNS:0.5053738892074041
CE_PAWNWEAKNESSES:0.5313653737146832
CE_PIECEACTIVITY:0.5024436099125831
CE_KINGPAWNSHIELD:0.5
CE_PIECECOORDINATION:0.5
CE_MATERIAL:0.5041408301099306
CE_KINGSAFETY:0.5
C_PIECESQUARETABLES:0.5
C_MOBILITY:0.5
C_KINGSAFETY:0.5
C_PAWNSTRUCTURE:0.4934613612082294
C_PIECECOORDINATION:0.5
C_ROOKANDPAWNMOVEMENT:0.5
C_CENTERCONTROL:0.5
C_DEVELOPPIECES:0.5120873287816493
C_MATERIAL:0.4964860112105978
C_MOVECOUNT:0.5
