ELO:993
CE_PASSEDPAWNS:0.481100542007693
CE_PAWNWEAKNESSES:0.4944870516306404
CE_PIECEACTIVITY:0.4785883036055151
CE_KINGPAWNSHIELD:0.4756322584562723
CE_PIECECOORDINATION:0.4949849603883947
CE_MATERIAL:0.4899643856191174
CE_KINGSAFETY:0.5
C_PIECESQUARETABLES:0.5
C_MOBILITY:0.49593083066292604
C_KINGSAFETY:0.4924211819800854
C_PAWNSTRUCTURE:0.48928634299866913
C_PIECECOORDINATION:0.5016420816172228
C_ROOK:0.4895347788860908
CE_ROOK:0.5189838520876405
C_CENTERCONTROL:0.4945158238451444
C_DEVELOPPIECES:0.5093027807277021
C_MATERIAL:0.504109626327545
C_MOVECOUNT:0.503265242584609
C_PAWNMOVEMENT:0.48258686441470383
