ELO:1043
CE_PASSEDPAWNS:0.5243511675685115
CE_PAWNWEAKNESSES:0.5150516560095942
CE_PIECEACTIVITY:0.45202716690404365
CE_KINGPAWNSHIELD:0.4973009104810251
CE_PIECECOORDINATION:0.5
CE_MATERIAL:0.5037360870082964
CE_KINGSAFETY:0.5
C_PIECESQUARETABLES:0.5
C_MOBILITY:0.5011218318521301
C_KINGSAFETY:0.4540954444205863
C_PAWNSTRUCTURE:0.5038146513846126
C_PIECECOORDINATION:0.5182525005146978
C_ROOK:0.4532034981946334
CE_ROOK:0.4788438337428083
C_CENTERCONTROL:0.49448602264287395
C_DEVELOPPIECES:0.4942381983147077
C_MATERIAL:0.5244111220125648
C_MOVECOUNT:0.5018331670220666
C_PAWNMOVEMENT:0.5028529947868007
