ELO:901
CE_PASSEDPAWNS:0.5417251982762995
CE_PAWNWEAKNESSES:0.46756407026089913
CE_PIECEACTIVITY:0.5846516897538685
CE_KINGPAWNSHIELD:0.515955050445346
CE_PIECECOORDINATION:0.534676015041712
CE_MATERIAL:0.5115755408932655
CE_KINGSAFETY:0.48631907179037237
C_PIECESQUARETABLES:0.491655433010311
C_MOBILITY:0.5092952149289895
C_KINGSAFETY:0.5024458793532303
C_PAWNSTRUCTURE:0.49751093993275636
C_PIECECOORDINATION:0.5045161838816604
C_ROOKANDPAWNMOVEMENT:0.5045161838816604
C_CENTERCONTROL:0.4839971774070632
C_DEVELOPPIECES:0.5105735636283789
C_MATERIAL:0.49305348256970966
C_MOVECOUNT:0.4671415393369537
