ELO:998
CE_PASSEDPAWNS:0.4951560475529671
CE_PAWNWEAKNESSES:0.5052961088438227
CE_PIECEACTIVITY:0.43879961829661107
CE_KINGPAWNSHIELD:0.5185292458130937
CE_PIECECOORDINATION:0.4982023594627207
CE_MATERIAL:0.5116555712735497
CE_KINGSAFETY:0.4805801292813241
C_PIECESQUARETABLES:0.49091465933752204
C_MOBILITY:0.5106267034827331
C_KINGSAFETY:0.5165961024681697
C_PAWNSTRUCTURE:0.5
C_PIECECOORDINATION:0.5
C_ROOKANDPAWNMOVEMENT:0.5
C_CENTERCONTROL:0.5
C_DEVELOPPIECES:0.5250576290247905
C_MATERIAL:0.5
