ELO:984
CE_PASSEDPAWNS:0.5228702393710509
CE_PAWNWEAKNESSES:0.4989478342619252
CE_PIECEACTIVITY:0.5003549376019683
CE_KINGPAWNSHIELD:0.5117114115792374
CE_PIECECOORDINATION:0.5051094239094652
CE_MATERIAL:0.5128847576251193
CE_KINGSAFETY:0.4851898202730492
C_PIECESQUARETABLES:0.5025230318044457
C_MOBILITY:0.5062606080863136
C_KINGSAFETY:0.4892388598561576
C_PAWNSTRUCTURE:0.47940996756525406
C_PIECECOORDINATION:0.49314299914551685
C_ROOKANDPAWNMOVEMENT:0.49314299914551685
C_CENTERCONTROL:0.5114875882157665
C_DEVELOPPIECES:0.49869382204218954
C_MATERIAL:0.49301341573703
