ELO:944
CE_PASSEDPAWNS:0.49600802966907515
CE_PAWNWEAKNESSES:0.5069270316127142
CE_PIECEACTIVITY:0.5131796606066726
CE_KINGPAWNSHIELD:0.4956152057472047
CE_PIECECOORDINATION:0.5169215778119329
CE_MATERIAL:0.46131429533357615
CE_KINGSAFETY:0.520288224368528
C_PIECESQUARETABLES:0.5
C_MOBILITY:0.4873535849125275
C_KINGSAFETY:0.5220284348758604
C_PAWNSTRUCTURE:0.5049958232383811
C_PIECECOORDINATION:0.5046380217822656
C_ROOKANDPAWNMOVEMENT:0.5046380217822656
C_CENTERCONTROL:0.4829500924286782
C_DEVELOPPIECES:0.5039735949340214
C_MATERIAL:0.5112250117158473
C_MOVECOUNT:0.5076567710265586
