ELO:1000
CE_PASSEDPAWNS:0.45530822910897417
CE_PAWNWEAKNESSES:0.5030876497982504
CE_PIECEACTIVITY:0.48326625736746953
CE_KINGPAWNSHIELD:0.479676782788905
CE_PIECECOORDINATION:0.49002055556192514
CE_MATERIAL:0.4773298016806643
CE_KINGSAFETY:0.5022753043266753
C_PIECESQUARETABLES:0.4702078508448995
C_MOBILITY:0.5101252258641179
C_KINGSAFETY:0.47164465919708154
C_PAWNSTRUCTURE:0.4787213805148081
C_PIECECOORDINATION:0.5010946363861714
C_ROOKANDPAWNMOVEMENT:0.5010946363861714
C_CENTERCONTROL:0.5300134459988479
C_DEVELOPPIECES:0.4714766200009545
C_MATERIAL:0.5229460456191929
