ELO:1010
CE_PASSEDPAWNS:0.4876522454972973
CE_PAWNWEAKNESSES:0.49476477450169615
CE_PIECEACTIVITY:0.48518397849559824
CE_KINGPAWNSHIELD:0.49747645897903964
CE_PIECECOORDINATION:0.5006729618616902
CE_MATERIAL:0.50083859810713
CE_KINGSAFETY:0.5
C_PIECESQUARETABLES:0.5
C_MOBILITY:0.48874619050021006
C_KINGSAFETY:0.5022077873830322
C_PAWNSTRUCTURE:0.5
C_PIECECOORDINATION:0.5064101295813667
C_ROOK:0.4792694496775671
CE_ROOK:0.5105953116967712
C_CENTERCONTROL:0.4893863522372338
C_DEVELOPPIECES:0.5133169096314891
C_MATERIAL:0.49689717873353556
C_MOVECOUNT:0.5063769723465075
C_PAWNMOVEMENT:0.4980659905819863
