ELO:1010
CE_PASSEDPAWNS:0.5001627123762505
CE_PAWNWEAKNESSES:0.49127071991486265
CE_PIECEACTIVITY:0.5176415780810288
CE_KINGPAWNSHIELD:0.5396336400309795
CE_PIECECOORDINATION:0.544843345677933
CE_MATERIAL:0.5232874358031067
CE_KINGSAFETY:0.5
C_PIECESQUARETABLES:0.5
C_MOBILITY:0.47976044958124736
C_KINGSAFETY:0.47499483609132304
C_PAWNSTRUCTURE:0.4888749454108597
C_PIECECOORDINATION:0.5033674651988211
C_ROOK:0.44051502026483935
CE_ROOK:0.4967430384803549
C_CENTERCONTROL:0.4646696933152871
C_DEVELOPPIECES:0.526285254586999
C_MATERIAL:0.5157054266024839
C_MOVECOUNT:0.5012008929338544
C_PAWNMOVEMENT:0.4607319148066881
