ELO:941
CE_PASSEDPAWNS:0.5726367501855821
CE_PAWNWEAKNESSES:0.4708458227357312
CE_PIECEACTIVITY:0.5409437897709878
CE_KINGPAWNSHIELD:0.5091022084228627
CE_PIECECOORDINATION:0.5852107996377413
CE_MATERIAL:0.5685706209852582
CE_KINGSAFETY:0.50450740639366
C_PIECESQUARETABLES:0.5035268523637887
C_MOBILITY:0.5188103533052848
C_KINGSAFETY:0.5384739360125863
C_PAWNSTRUCTURE:0.4841090100104183
C_PIECECOORDINATION:0.5015477250406299
C_ROOKANDPAWNMOVEMENT:0.5015477250406299
C_CENTERCONTROL:0.5213845053518356
C_DEVELOPPIECES:0.5254515629854281
C_MATERIAL:0.5322844063816555
C_MOVECOUNT:0.47800942084792925
