ELO:1000
CE_PASSEDPAWNS:0.38872428633798595
CE_PAWNWEAKNESSES:0.48333749845514695
CE_PIECEACTIVITY:0.49165781567024824
CE_KINGPAWNSHIELD:0.5327931561615012
CE_PIECECOORDINATION:0.5030649407058537
CE_MATERIAL:0.5088291507035059
CE_KINGSAFETY:0.5061384795756321
C_PIECESQUARETABLES:0.491263589942407
C_MOBILITY:0.547761263557584
C_KINGSAFETY:0.44332095258957643
C_PAWNSTRUCTURE:0.4737490636249302
C_PIECECOORDINATION:0.5086748409971044
C_ROOKANDPAWNMOVEMENT:0.5086748409971044
C_CENTERCONTROL:0.5388816364339062
C_DEVELOPPIECES:0.47424903744669855
C_MATERIAL:0.5240183896018793
