ELO:978
CE_PASSEDPAWNS:0.481100542007693
CE_PAWNWEAKNESSES:0.48365086534427054
CE_PIECEACTIVITY:0.4785883036055151
CE_KINGPAWNSHIELD:0.4896883866793462
CE_PIECECOORDINATION:0.4949849603883947
CE_MATERIAL:0.5094650908373475
CE_KINGSAFETY:0.5030812539699134
C_PIECESQUARETABLES:0.5
C_MOBILITY:0.4918945647027876
C_KINGSAFETY:0.4822587986169404
C_PAWNSTRUCTURE:0.48128237223713227
C_PIECECOORDINATION:0.5082753113970758
C_ROOK:0.4895347788860908
CE_ROOK:0.5005425569067223
C_CENTERCONTROL:0.48513109523155706
C_DEVELOPPIECES:0.5093027807277021
C_MATERIAL:0.48436583696894464
C_MOVECOUNT:0.503265242584609
C_PAWNMOVEMENT:0.47794875283502536
