ELO:1000
CE_PASSEDPAWNS:0.4822449699523939
CE_PAWNWEAKNESSES:0.4942862437386726
CE_PIECEACTIVITY:0.4857703692190398
CE_KINGPAWNSHIELD:0.4910725276742832
CE_PIECECOORDINATION:0.5100185404239751
CE_MATERIAL:0.5090813939719
CE_KINGSAFETY:0.498610688342396
C_PIECESQUARETABLES:0.5426638684481947
C_MOBILITY:0.5158699256723536
C_KINGSAFETY:0.5093976914806484
C_PAWNSTRUCTURE:0.492576743776713
C_PIECECOORDINATION:0.5043452897784787
C_ROOKANDPAWNMOVEMENT:0.5043452897784787
C_CENTERCONTROL:0.5098983721309226
C_DEVELOPPIECES:0.49597821821206334
C_MATERIAL:0.4849116552456183
