ELO:988
CE_PASSEDPAWNS:0.502972138046628
CE_PAWNWEAKNESSES:0.4983510329055451
CE_PIECEACTIVITY:0.512458139067022
CE_KINGPAWNSHIELD:0.5073454135219257
CE_PIECECOORDINATION:0.5100830009010401
CE_MATERIAL:0.5162166794143543
CE_KINGSAFETY:0.5
C_PIECESQUARETABLES:0.5
C_MOBILITY:0.49842229773500424
C_KINGSAFETY:0.4877562912009676
C_PAWNSTRUCTURE:0.49341233192606493
C_PIECECOORDINATION:0.5049794286229208
C_ROOKANDPAWNMOVEMENT:0.5049794286229208
C_CENTERCONTROL:0.49689586302178024
C_DEVELOPPIECES:0.5094408044977139
C_MATERIAL:0.5027753249024663
C_MOVECOUNT:0.5162634468405037
