ELO:892
CE_PASSEDPAWNS:0.5996416892477153
CE_PAWNWEAKNESSES:0.36211756597060457
CE_PIECEACTIVITY:0.434720936103139
CE_KINGPAWNSHIELD:0.5302975068765433
CE_PIECECOORDINATION:0.36338423028590944
CE_MATERIAL:0.6365989736316642
CE_KINGSAFETY:0.5022930618294249
C_PIECESQUARETABLES:0.4625450633616425
C_MOBILITY:0.41680260680312675
C_KINGSAFETY:0.5646846479393683
C_PAWNSTRUCTURE:0.4806502741431616
C_PIECECOORDINATION:0.37997343053227733
C_ROOKANDPAWNMOVEMENT:0.37997343053227733
C_CENTERCONTROL:0.49256138782227826
C_DEVELOPPIECES:0.46540521881850094
C_MATERIAL:0.44088948922918236
