ELO:1071
CE_PASSEDPAWNS:0.48918380166755765
CE_PAWNWEAKNESSES:0.48534665037628444
CE_PIECEACTIVITY:0.5412503231619679
CE_KINGPAWNSHIELD:0.5
CE_PIECECOORDINATION:0.5112194759192592
CE_MATERIAL:0.4888614351493812
CE_KINGSAFETY:0.5
C_PIECESQUARETABLES:0.5
C_MOBILITY:0.4843162026247597
C_KINGSAFETY:0.5493057075191667
C_PAWNSTRUCTURE:0.5
C_PIECECOORDINATION:0.45750681799121495
C_ROOKANDPAWNMOVEMENT:0.45750681799121495
C_CENTERCONTROL:0.42273101846889327
C_DEVELOPPIECES:0.5157724497451844
C_MATERIAL:0.5003704629571398
C_MOVECOUNT:0.5
