ELO:1025
CE_PASSEDPAWNS:0.4980132739315103
CE_PAWNWEAKNESSES:0.4963918641094843
CE_PIECEACTIVITY:0.4982362274133278
CE_KINGPAWNSHIELD:0.5087438922533923
CE_PIECECOORDINATION:0.550459832242452
CE_MATERIAL:0.4973983201671193
CE_KINGSAFETY:0.5
C_PIECESQUARETABLES:0.5
C_MOBILITY:0.5000841407832756
C_KINGSAFETY:0.49132415876438457
C_PAWNSTRUCTURE:0.5
C_PIECECOORDINATION:0.5
C_ROOKANDPAWNMOVEMENT:0.5
C_CENTERCONTROL:0.43744573359951083
C_DEVELOPPIECES:0.49240722186366676
C_MATERIAL:0.5
C_MOVECOUNT:0.5
