ELO:981
CE_PASSEDPAWNS:0.4839865439644002
CE_PAWNWEAKNESSES:0.48723681166147786
CE_PIECEACTIVITY:0.5167491849503345
CE_KINGPAWNSHIELD:0.5081325965788411
CE_PIECECOORDINATION:0.4964558282971462
CE_MATERIAL:0.48656505507402353
CE_KINGSAFETY:0.4928810103823429
C_PIECESQUARETABLES:0.5303930002666971
C_MOBILITY:0.4994175611905646
C_KINGSAFETY:0.5090267478465932
C_PAWNSTRUCTURE:0.513035359627822
C_PIECECOORDINATION:0.517111763294637
C_ROOKANDPAWNMOVEMENT:0.517111763294637
C_CENTERCONTROL:0.5016184160308452
C_DEVELOPPIECES:0.46683948653287993
C_MATERIAL:0.5043108129117112
C_MOVECOUNT:0.5
