ELO:1010
CE_PASSEDPAWNS:0.5024713189144208
CE_PAWNWEAKNESSES:0.4936868187332889
CE_PIECEACTIVITY:0.5137722099816169
CE_KINGPAWNSHIELD:0.5
CE_PIECECOORDINATION:0.5111355102131444
CE_MATERIAL:0.48807373824258216
CE_KINGSAFETY:0.5
C_PIECESQUARETABLES:0.5
C_MOBILITY:0.5093339529649109
C_KINGSAFETY:0.49662866868098277
C_PAWNSTRUCTURE:0.4883109074383514
C_PIECECOORDINATION:0.5
C_ROOKANDPAWNMOVEMENT:0.5
C_CENTERCONTROL:0.5078008572275678
C_DEVELOPPIECES:0.5069022965662227
C_MATERIAL:0.493434602286401
