ELO:988
CE_PASSEDPAWNS:0.5454817716190341
CE_PAWNWEAKNESSES:0.4589267151699521
CE_PIECEACTIVITY:0.46389130202124956
CE_KINGPAWNSHIELD:0.5375339401480167
CE_PIECECOORDINATION:0.41652333697357813
CE_MATERIAL:0.5235787493672548
CE_KINGSAFETY:0.4064175877897774
C_PIECESQUARETABLES:0.5132055653012407
C_MOBILITY:0.4102842572050044
C_KINGSAFETY:0.5122321437779859
C_PAWNSTRUCTURE:0.5302930054860253
C_PIECECOORDINATION:0.4702105397965027
C_ROOKANDPAWNMOVEMENT:0.4702105397965027
C_CENTERCONTROL:0.503511706963967
C_DEVELOPPIECES:0.4771847840298999
C_MATERIAL:0.4593830262388257
