ELO:1004
CE_PASSEDPAWNS:0.4901356255573674
CE_PAWNWEAKNESSES:0.5000738202883671
CE_PIECEACTIVITY:0.47675154804751424
CE_KINGPAWNSHIELD:0.4975747753424909
CE_PIECECOORDINATION:0.4958418997548282
CE_MATERIAL:0.4922527848808606
CE_KINGSAFETY:0.5
C_PIECESQUARETABLES:0.48800854248196707
C_MOBILITY:0.5001838558616423
C_KINGSAFETY:0.490606529589838
C_PAWNSTRUCTURE:0.5061069634312818
C_PIECECOORDINATION:0.4973363594308045
C_ROOKANDPAWNMOVEMENT:0.4973363594308045
C_CENTERCONTROL:0.506729536961036
C_DEVELOPPIECES:0.5
C_MATERIAL:0.49981931597894763
C_MOVECOUNT:0.5006169612313478
