ELO:983
CE_PASSEDPAWNS:0.4917340090120624
CE_PAWNWEAKNESSES:0.4623836865989056
CE_PIECEACTIVITY:0.5096751905091116
CE_KINGPAWNSHIELD:0.4507183481704379
CE_PIECECOORDINATION:0.49861795182883617
CE_MATERIAL:0.5132111410526357
CE_KINGSAFETY:0.5
C_PIECESQUARETABLES:0.5
C_MOBILITY:0.5260194635113078
C_KINGSAFETY:0.5065078551916378
C_PAWNSTRUCTURE:0.4683645113919039
C_PIECECOORDINATION:0.4886952504622602
C_ROOK:0.4982612363632709
CE_ROOK:0.4937329323517055
C_CENTERCONTROL:0.4914732669025888
C_DEVELOPPIECES:0.5334467676808223
C_MATERIAL:0.5289006201509058
C_MOVECOUNT:0.4838696226696883
C_PAWNMOVEMENT:0.5035828257289352
