ELO:1054
CE_PASSEDPAWNS:0.6270480049066074
CE_PAWNWEAKNESSES:0.47873960758907724
CE_PIECEACTIVITY:0.4749362909216822
CE_KINGPAWNSHIELD:0.49632306594143444
CE_PIECECOORDINATION:0.47306054270570685
CE_MATERIAL:0.4571635221557663
CE_KINGSAFETY:0.4951428895253623
C_PIECESQUARETABLES:0.4685334820844206
C_MOBILITY:0.4075818918678241
C_KINGSAFETY:0.4890196425441139
C_PAWNSTRUCTURE:0.40817350526389584
C_PIECECOORDINATION:0.4724178481567948
C_ROOKANDPAWNMOVEMENT:0.4724178481567948
C_CENTERCONTROL:0.5343977741599302
C_DEVELOPPIECES:0.5584215546800607
C_MATERIAL:0.44848493150244223
