ELO:1000
CE_PASSEDPAWNS:0.4905568945999272
CE_PAWNWEAKNESSES:0.5366994576785745
CE_PIECEACTIVITY:0.5013299505481512
CE_KINGPAWNSHIELD:0.5000674174692479
CE_PIECECOORDINATION:0.49319248237059976
CE_MATERIAL:0.4979988124932893
CE_KINGSAFETY:0.5
C_PIECESQUARETABLES:0.5150243273433106
C_MOBILITY:0.4740554835949183
C_KINGSAFETY:0.49754239314337956
C_PAWNSTRUCTURE:0.4859837226670817
C_PIECECOORDINATION:0.5085624707394304
C_ROOKANDPAWNMOVEMENT:0.5085624707394304
C_CENTERCONTROL:0.5211965524747331
C_DEVELOPPIECES:0.5090592779883426
C_MATERIAL:0.4822860687855126
