ELO:947
CE_PASSEDPAWNS:0.44838775759779687
CE_PAWNWEAKNESSES:0.42192399129264685
CE_PIECEACTIVITY:0.41816492691714224
CE_KINGPAWNSHIELD:0.4640555156863019
CE_PIECECOORDINATION:0.4284405352981004
CE_MATERIAL:0.5877989487040143
CE_KINGSAFETY:0.4868170088329086
C_PIECESQUARETABLES:0.49889341108998836
C_MOBILITY:0.5041640253171451
C_KINGSAFETY:0.5384071709771341
C_PAWNSTRUCTURE:0.42910399450141906
C_PIECECOORDINATION:0.4702618347154209
C_ROOKANDPAWNMOVEMENT:0.4702618347154209
C_CENTERCONTROL:0.5081980122492742
C_DEVELOPPIECES:0.450320297034071
C_MATERIAL:0.5217270313818049
