ELO:720
CE_PASSEDPAWNS:0.5452650751927375
CE_PAWNWEAKNESSES:0.5064779392828453
CE_PIECEACTIVITY:0.4604912805291916
CE_KINGPAWNSHIELD:0.5727508112032614
CE_PIECECOORDINATION:0.44956494790736373
CE_MATERIAL:0.44935949293855343
CE_KINGSAFETY:0.4936013283646113
C_PIECESQUARETABLES:0.4930747878716411
C_MOBILITY:0.4730374061267546
C_KINGSAFETY:0.5467066548551746
C_PAWNSTRUCTURE:0.4731337776144562
C_PIECECOORDINATION:0.525915754278277
C_ROOKANDPAWNMOVEMENT:0.525915754278277
C_CENTERCONTROL:0.44830982685808346
C_DEVELOPPIECES:0.6029362329814275
C_MATERIAL:0.5528185273751038
C_MOVECOUNT:0.5091229580285036
