ELO:1012
CE_PASSEDPAWNS:0.5
CE_PAWNWEAKNESSES:0.48977924776504206
CE_PIECEACTIVITY:0.5
CE_KINGPAWNSHIELD:0.5
CE_PIECECOORDINATION:0.5166000284283684
CE_MATERIAL:0.497575314747248
CE_KINGSAFETY:0.49331446625967473
C_PIECESQUARETABLES:0.5
C_MOBILITY:0.5026663319743611
C_KINGSAFETY:0.5
C_PAWNSTRUCTURE:0.5
C_PIECECOORDINATION:0.5
C_ROOKANDPAWNMOVEMENT:0.5
C_CENTERCONTROL:0.5
C_DEVELOPPIECES:0.5081348011673432
C_MATERIAL:0.5
C_MOVECOUNT:0.5
