ELO:910
CE_PASSEDPAWNS:0.4026620698503706
CE_PAWNWEAKNESSES:0.4836475226940525
CE_PIECEACTIVITY:0.49059800228395845
CE_KINGPAWNSHIELD:0.42161203933593605
CE_PIECECOORDINATION:0.4516446076386807
CE_MATERIAL:0.6122858273767503
CE_KINGSAFETY:0.5599319761460075
C_PIECESQUARETABLES:0.484694113983226
C_MOBILITY:0.5389519312629233
C_KINGSAFETY:0.5603978137825653
C_PAWNSTRUCTURE:0.47024896588370046
C_PIECECOORDINATION:0.5216569265545278
C_ROOKANDPAWNMOVEMENT:0.5216569265545278
C_CENTERCONTROL:0.47331776554078936
C_DEVELOPPIECES:0.47522143050929944
C_MATERIAL:0.5341284751490747
