ELO:620
CE_PASSEDPAWNS:0.5260021208998252
CE_PAWNWEAKNESSES:0.5194656474382501
CE_PIECEACTIVITY:0.4907359425492825
CE_KINGPAWNSHIELD:0.5995933427431042
CE_PIECECOORDINATION:0.4470294919018069
CE_MATERIAL:0.43973449221975414
CE_KINGSAFETY:0.49108763246295944
C_PIECESQUARETABLES:0.5298961064521741
C_MOBILITY:0.48502335441196204
C_KINGSAFETY:0.5770379279168671
C_PAWNSTRUCTURE:0.48677715234975355
C_PIECECOORDINATION:0.5556439851837456
C_ROOKANDPAWNMOVEMENT:0.5556439851837456
C_CENTERCONTROL:0.41286837815045413
C_DEVELOPPIECES:0.5770318674416297
C_MATERIAL:0.5596531696157071
C_MOVECOUNT:0.5017170317553785
