ELO:1005
CE_PASSEDPAWNS:0.5044796050536646
CE_PAWNWEAKNESSES:0.5000738202883671
CE_PIECEACTIVITY:0.49110692754333546
CE_KINGPAWNSHIELD:0.5021973576437192
CE_PIECECOORDINATION:0.49385698168507136
CE_MATERIAL:0.49619199287720167
CE_KINGSAFETY:0.5
C_PIECESQUARETABLES:0.48800854248196707
C_MOBILITY:0.5
C_KINGSAFETY:0.49626109133263774
C_PAWNSTRUCTURE:0.5096845572345211
C_PIECECOORDINATION:0.48787037814480594
C_ROOKANDPAWNMOVEMENT:0.48787037814480594
C_CENTERCONTROL:0.506729536961036
C_DEVELOPPIECES:0.5
C_MATERIAL:0.49981931597894763
C_MOVECOUNT:0.5073733191498044
