ELO:1000
CE_PASSEDPAWNS:0.4907526362388604
CE_PAWNWEAKNESSES:0.5163277346100777
CE_PIECEACTIVITY:0.46846648086020687
CE_KINGPAWNSHIELD:0.4969797785136747
CE_PIECECOORDINATION:0.4836739469425926
CE_MATERIAL:0.575001217520323
CE_KINGSAFETY:0.4673893634293233
C_PIECESQUARETABLES:0.4987258638121874
C_MOBILITY:0.5495488324723244
C_KINGSAFETY:0.5295744418817189
C_PAWNSTRUCTURE:0.532978340797337
C_PIECECOORDINATION:0.5271858941143057
C_ROOKANDPAWNMOVEMENT:0.5271858941143057
C_CENTERCONTROL:0.5030013868309974
C_DEVELOPPIECES:0.500549456866923
C_MATERIAL:0.4745585755871659
