ELO:943
CE_PASSEDPAWNS:0.5330152876981655
CE_PAWNWEAKNESSES:0.47898736247845514
CE_PIECEACTIVITY:0.47168661656837185
CE_KINGPAWNSHIELD:0.48880632038721766
CE_PIECECOORDINATION:0.5033580834847932
CE_MATERIAL:0.5047792330744294
CE_KINGSAFETY:0.5064603977451526
C_PIECESQUARETABLES:0.5
C_MOBILITY:0.4999833356958403
C_KINGSAFETY:0.5037392325060582
C_PAWNSTRUCTURE:0.5061989545709863
C_PIECECOORDINATION:0.5215055852004556
C_ROOKANDPAWNMOVEMENT:0.5215055852004556
C_CENTERCONTROL:0.5
C_DEVELOPPIECES:0.44390866994986794
C_MATERIAL:0.5094426809055245
C_MOVECOUNT:0.5444213246510843
