ELO:928
CE_PASSEDPAWNS:0.4330108114250593
CE_PAWNWEAKNESSES:0.4610883968580772
CE_PIECEACTIVITY:0.43545015812244253
CE_KINGPAWNSHIELD:0.4488302641508948
CE_PIECECOORDINATION:0.44356511358027295
CE_MATERIAL:0.6148687402846766
CE_KINGSAFETY:0.5332078728270685
C_PIECESQUARETABLES:0.49171877410021103
C_MOBILITY:0.5302750413836022
C_KINGSAFETY:0.5379460529278258
C_PAWNSTRUCTURE:0.48461236043360534
C_PIECECOORDINATION:0.5146108831698805
C_ROOKANDPAWNMOVEMENT:0.5146108831698805
C_CENTERCONTROL:0.4852853641225338
C_DEVELOPPIECES:0.47801080715959227
C_MATERIAL:0.546629391154242
