ELO:718
CE_PASSEDPAWNS:0.43475213149271097
CE_PAWNWEAKNESSES:0.5342101303958671
CE_PIECEACTIVITY:0.47485990328592115
CE_KINGPAWNSHIELD:0.4768500735469364
CE_PIECECOORDINATION:0.5164005474247444
CE_MATERIAL:0.47530952785492414
CE_KINGSAFETY:0.5037510647819768
C_PIECESQUARETABLES:0.5627485529680889
C_MOBILITY:0.5990237250639647
C_KINGSAFETY:0.42641409228035465
C_PAWNSTRUCTURE:0.5271970085409229
C_PIECECOORDINATION:0.4379484161993952
C_ROOKANDPAWNMOVEMENT:0.4379484161993952
C_CENTERCONTROL:0.5174006967318777
C_DEVELOPPIECES:0.4739989623652175
C_MATERIAL:0.5233313820966997
C_MOVECOUNT:0.4975916244921385
