ELO:812
CE_PASSEDPAWNS:0.6092410152601817
CE_PAWNWEAKNESSES:0.3508608373211846
CE_PIECEACTIVITY:0.44110856300599266
CE_KINGPAWNSHIELD:0.5057866310693881
CE_PIECECOORDINATION:0.37545260085036725
CE_MATERIAL:0.6448333069440989
CE_KINGSAFETY:0.4974364450251633
C_PIECESQUARETABLES:0.4958533621624192
C_MOBILITY:0.40238782835406006
C_KINGSAFETY:0.5577442362025973
C_PAWNSTRUCTURE:0.46595782845093736
C_PIECECOORDINATION:0.3961611564296221
C_ROOKANDPAWNMOVEMENT:0.3961611564296221
C_CENTERCONTROL:0.5127033944470055
C_DEVELOPPIECES:0.45468865798663904
C_MATERIAL:0.4428940713902307
