ELO:1000
CE_PASSEDPAWNS:0.5467643760520593
CE_PAWNWEAKNESSES:0.5064592456762066
CE_PIECEACTIVITY:0.47470853962475573
CE_KINGPAWNSHIELD:0.4981590978558638
CE_PIECECOORDINATION:0.45005780237486037
CE_MATERIAL:0.48656203717939966
CE_KINGSAFETY:0.4591217798572286
C_PIECESQUARETABLES:0.5055228094224988
C_MOBILITY:0.44279132027361634
C_KINGSAFETY:0.493044809564627
C_PAWNSTRUCTURE:0.4921934138193082
C_PIECECOORDINATION:0.5247103255377399
C_ROOKANDPAWNMOVEMENT:0.5247103255377399
C_CENTERCONTROL:0.5115337026178686
C_DEVELOPPIECES:0.49470177524455444
C_MATERIAL:0.4428111540262165
