ELO:940
CE_PASSEDPAWNS:0.4910570056191632
CE_PAWNWEAKNESSES:0.5283367095891203
CE_PIECEACTIVITY:0.49843888534658476
CE_KINGPAWNSHIELD:0.5056716666118253
CE_PIECECOORDINATION:0.5016606278994273
CE_MATERIAL:0.4833147674812147
CE_KINGSAFETY:0.5
C_PIECESQUARETABLES:0.5
C_MOBILITY:0.5471530194727716
C_KINGSAFETY:0.4999441627439692
C_PAWNSTRUCTURE:0.5007328978428432
C_PIECECOORDINATION:0.5076154589704158
C_ROOK:0.5062113496482775
CE_ROOK:0.5580077917075459
C_CENTERCONTROL:0.5286027942814211
C_DEVELOPPIECES:0.5467279832335866
C_MATERIAL:0.4487773753378056
C_MOVECOUNT:0.47663210680709506
C_PAWNMOVEMENT:0.4847693940738509
