ELO:1000
CE_PASSEDPAWNS:0.5227499020231131
CE_PAWNWEAKNESSES:0.4832073169811683
CE_PIECEACTIVITY:0.46092896816548706
CE_KINGPAWNSHIELD:0.5154211679727299
CE_PIECECOORDINATION:0.4495207152103181
CE_MATERIAL:0.526772885568564
CE_KINGSAFETY:0.4173165718620646
C_PIECESQUARETABLES:0.49657268900042356
C_MOBILITY:0.4470218365879754
C_KINGSAFETY:0.4919204282228015
C_PAWNSTRUCTURE:0.5229544210626053
C_PIECECOORDINATION:0.49152477330319755
C_ROOKANDPAWNMOVEMENT:0.49152477330319755
C_CENTERCONTROL:0.5043804828244577
C_DEVELOPPIECES:0.48063041850971666
C_MATERIAL:0.44751331509067205
