ELO:1000
CE_PASSEDPAWNS:0.4918706991238095
CE_PAWNWEAKNESSES:0.4937848663482965
CE_PIECEACTIVITY:0.5099962230274716
CE_KINGPAWNSHIELD:0.485981614547981
CE_PIECECOORDINATION:0.5013821142678019
CE_MATERIAL:0.5108379047122672
CE_KINGSAFETY:0.48007452355761
C_PIECESQUARETABLES:0.5311067892616003
C_MOBILITY:0.5337765670431571
C_KINGSAFETY:0.5052187468601376
C_PAWNSTRUCTURE:0.5208924173291091
C_PIECECOORDINATION:0.525638968547517
C_ROOKANDPAWNMOVEMENT:0.525638968547517
C_CENTERCONTROL:0.5065423624664809
C_DEVELOPPIECES:0.4928434540541252
C_MATERIAL:0.4919379016209886
