ELO:836
CE_PASSEDPAWNS:0.4856493202353695
CE_PAWNWEAKNESSES:0.49848762376073846
CE_PIECEACTIVITY:0.49560512946469476
CE_KINGPAWNSHIELD:0.581368323496841
CE_PIECECOORDINATION:0.5518068463352365
CE_MATERIAL:0.46007353583363725
CE_KINGSAFETY:0.5
C_PIECESQUARETABLES:0.49084199341638196
C_MOBILITY:0.5798276467166674
C_KINGSAFETY:0.4871488100696565
C_PAWNSTRUCTURE:0.4094508124230892
C_PIECECOORDINATION:0.41887958169099804
C_ROOKANDPAWNMOVEMENT:0.41887958169099804
C_CENTERCONTROL:0.5988664572225119
C_DEVELOPPIECES:0.5875382345164749
C_MATERIAL:0.5077707035739681
C_MOVECOUNT:0.4936250950890932
