ELO:982
CE_PASSEDPAWNS:0.5
CE_PAWNWEAKNESSES:0.48508465425437675
CE_PIECEACTIVITY:0.4973415057803634
CE_KINGPAWNSHIELD:0.5108278701848533
CE_PIECECOORDINATION:0.48932041053306485
CE_MATERIAL:0.4913423359148245
CE_KINGSAFETY:0.5
C_PIECESQUARETABLES:0.5
C_MOBILITY:0.45630228351509344
C_KINGSAFETY:0.49571508010431686
C_PAWNSTRUCTURE:0.5120297015888287
C_PIECECOORDINATION:0.47101168221032813
C_ROOKANDPAWNMOVEMENT:0.47101168221032813
C_CENTERCONTROL:0.5
C_DEVELOPPIECES:0.5210226340584063
C_MATERIAL:0.5013481332504155
C_MOVECOUNT:0.49182541843791794
