ELO:871
CE_PASSEDPAWNS:0.5668840846072686
CE_PAWNWEAKNESSES:0.4016936001520137
CE_PIECEACTIVITY:0.43174810117859336
CE_KINGPAWNSHIELD:0.5776925177271721
CE_PIECECOORDINATION:0.38546592859435885
CE_MATERIAL:0.6657399397178738
CE_KINGSAFETY:0.5179285909181941
C_PIECESQUARETABLES:0.49510566826439967
C_MOBILITY:0.4482798840015182
C_KINGSAFETY:0.5540574794508418
C_PAWNSTRUCTURE:0.4652281129775555
C_PIECECOORDINATION:0.4070860294514793
C_ROOKANDPAWNMOVEMENT:0.4070860294514793
C_CENTERCONTROL:0.48409278028904507
C_DEVELOPPIECES:0.4955966052947853
C_MATERIAL:0.45511598305612533
