ELO:807
CE_PASSEDPAWNS:0.5841441064824615
CE_PAWNWEAKNESSES:0.38054224075358273
CE_PIECEACTIVITY:0.45999315059286616
CE_KINGPAWNSHIELD:0.464872899201245
CE_PIECECOORDINATION:0.3800456249238142
CE_MATERIAL:0.6481716290381853
CE_KINGSAFETY:0.46622707751100273
C_PIECESQUARETABLES:0.5228928214191195
C_MOBILITY:0.3878195946288627
C_KINGSAFETY:0.5552448289880247
C_PAWNSTRUCTURE:0.467845516035402
C_PIECECOORDINATION:0.39627649062945103
C_ROOKANDPAWNMOVEMENT:0.39627649062945103
C_CENTERCONTROL:0.5462826987463896
C_DEVELOPPIECES:0.48716859303272964
C_MATERIAL:0.44069457055146005
