ELO:932
CE_PASSEDPAWNS:0.4910570056191632
CE_PAWNWEAKNESSES:0.537949206597644
CE_PIECEACTIVITY:0.5078545623193903
CE_KINGPAWNSHIELD:0.4978643710115684
CE_PIECECOORDINATION:0.5052856141116918
CE_MATERIAL:0.48980061463836005
CE_KINGSAFETY:0.5015592477554649
C_PIECESQUARETABLES:0.4873817438726675
C_MOBILITY:0.5427467482559091
C_KINGSAFETY:0.478854217881378
C_PAWNSTRUCTURE:0.4861071975879396
C_PIECECOORDINATION:0.5053952016754832
C_ROOK:0.5062113496482775
CE_ROOK:0.5648436395016421
C_CENTERCONTROL:0.5301289448011852
C_DEVELOPPIECES:0.5467279832335866
C_MATERIAL:0.459952900941087
C_MOVECOUNT:0.47087429180336166
C_PAWNMOVEMENT:0.4772171115424
