ELO:890
CE_PASSEDPAWNS:0.5106331515908177
CE_PAWNWEAKNESSES:0.4434945330084505
CE_PIECEACTIVITY:0.496722537578275
CE_KINGPAWNSHIELD:0.4702009228792604
CE_PIECECOORDINATION:0.4860284062896997
CE_MATERIAL:0.4718251397587867
CE_KINGSAFETY:0.5310893939803806
C_PIECESQUARETABLES:0.5023899445212993
C_MOBILITY:0.4694589400809648
C_KINGSAFETY:0.554816307747958
C_PAWNSTRUCTURE:0.48631446352948887
C_PIECECOORDINATION:0.48475587459369984
C_ROOKANDPAWNMOVEMENT:0.48475587459369984
C_CENTERCONTROL:0.5131441738603892
C_DEVELOPPIECES:0.5147319689306185
C_MATERIAL:0.4969203196544663
