ELO:1062
CE_PASSEDPAWNS:0.48918380166755765
CE_PAWNWEAKNESSES:0.5
CE_PIECEACTIVITY:0.5543215688445811
CE_KINGPAWNSHIELD:0.47963454672974554
CE_PIECECOORDINATION:0.4883381863896968
CE_MATERIAL:0.5376942071714466
CE_KINGSAFETY:0.5
C_PIECESQUARETABLES:0.5073483077165981
C_MOBILITY:0.5046399608640394
C_KINGSAFETY:0.5053259434550856
C_PAWNSTRUCTURE:0.4772345568655496
C_PIECECOORDINATION:0.4810489044076505
C_ROOKANDPAWNMOVEMENT:0.4810489044076505
C_CENTERCONTROL:0.4515917889911812
C_DEVELOPPIECES:0.4863692719646115
C_MATERIAL:0.49354454768949635
C_MOVECOUNT:0.5
