ELO:907
CE_PASSEDPAWNS:0.4976957592240413
CE_PAWNWEAKNESSES:0.48493809384700953
CE_PIECEACTIVITY:0.5265740213369621
CE_KINGPAWNSHIELD:0.48386404279373074
CE_PIECECOORDINATION:0.5736006522934473
CE_MATERIAL:0.49542888626210474
CE_KINGSAFETY:0.5070111399266553
C_PIECESQUARETABLES:0.5069684546375114
C_MOBILITY:0.49036372480730334
C_KINGSAFETY:0.473472170784497
C_PAWNSTRUCTURE:0.49405578706718056
C_PIECECOORDINATION:0.526530945949597
C_ROOKANDPAWNMOVEMENT:0.526530945949597
C_CENTERCONTROL:0.5471245940462505
C_DEVELOPPIECES:0.5001596037509846
C_MATERIAL:0.519581225287897
C_MOVECOUNT:0.5
