ELO:980
CE_PASSEDPAWNS:0.4992903922549811
CE_PAWNWEAKNESSES:0.5004256119896222
CE_PIECEACTIVITY:0.5171911837463475
CE_KINGPAWNSHIELD:0.48950444595650655
CE_PIECECOORDINATION:0.4899403446199403
CE_MATERIAL:0.48939731532254027
CE_KINGSAFETY:0.5074959795516354
C_PIECESQUARETABLES:0.4988219282083137
C_MOBILITY:0.5029838656663915
C_KINGSAFETY:0.512928694560649
C_PAWNSTRUCTURE:0.5166274399039668
C_PIECECOORDINATION:0.5162325177569735
C_ROOK:0.5095982904027669
CE_ROOK:0.48963773438315256
C_CENTERCONTROL:0.5258374627904014
C_DEVELOPPIECES:0.5130513021387896
C_MATERIAL:0.49382283033367497
C_MOVECOUNT:0.49778279427517413
C_PAWNMOVEMENT:0.49779181329001876
