ELO:977
CE_PASSEDPAWNS:0.48375032549454716
CE_PAWNWEAKNESSES:0.5410318306411962
CE_PIECEACTIVITY:0.5096751905091116
CE_KINGPAWNSHIELD:0.49670026126871464
CE_PIECECOORDINATION:0.49861795182883617
CE_MATERIAL:0.49250116299473357
CE_KINGSAFETY:0.5
C_PIECESQUARETABLES:0.5
C_MOBILITY:0.5260194635113078
C_KINGSAFETY:0.46549251813746473
C_PAWNSTRUCTURE:0.4683645113919039
C_PIECECOORDINATION:0.470581401082026
C_ROOK:0.5127026709461784
CE_ROOK:0.5393719721781679
C_CENTERCONTROL:0.4995086811044334
C_DEVELOPPIECES:0.527339437508028
C_MATERIAL:0.4647937018893259
C_MOVECOUNT:0.48211826975847083
C_PAWNMOVEMENT:0.46962964214633873
