ELO:1045
CE_PASSEDPAWNS:0.4746905400534966
CE_PAWNWEAKNESSES:0.500517512320903
CE_PIECEACTIVITY:0.4982362274133278
CE_KINGPAWNSHIELD:0.5
CE_PIECECOORDINATION:0.4946902206637202
CE_MATERIAL:0.49836490514061726
CE_KINGSAFETY:0.4775327980807623
C_PIECESQUARETABLES:0.5
C_MOBILITY:0.5006433490325032
C_KINGSAFETY:0.5492955281175484
C_PAWNSTRUCTURE:0.5124255132059794
C_PIECECOORDINATION:0.5089119274797127
C_ROOKANDPAWNMOVEMENT:0.5089119274797127
C_CENTERCONTROL:0.5536655490873056
C_DEVELOPPIECES:0.4693761254151244
C_MATERIAL:0.45744823192635764
C_MOVECOUNT:0.5
