ELO:985
CE_PASSEDPAWNS:0.5563508499149831
CE_PAWNWEAKNESSES:0.45399717638759
CE_PIECEACTIVITY:0.47226003141194695
CE_KINGPAWNSHIELD:0.5347142324492583
CE_PIECECOORDINATION:0.4129709188292335
CE_MATERIAL:0.5370910892950524
CE_KINGSAFETY:0.38403263127086185
C_PIECESQUARETABLES:0.5324615448201339
C_MOBILITY:0.42367725864342
C_KINGSAFETY:0.5194705659794612
C_PAWNSTRUCTURE:0.5255644489739831
C_PIECECOORDINATION:0.4752751039564421
C_ROOKANDPAWNMOVEMENT:0.4752751039564421
C_CENTERCONTROL:0.5067489536432707
C_DEVELOPPIECES:0.46229627937180273
C_MATERIAL:0.4579411643394954
