ELO:829
CE_PASSEDPAWNS:0.5195124271309494
CE_PAWNWEAKNESSES:0.4186082842086907
CE_PIECEACTIVITY:0.42816317902786594
CE_KINGPAWNSHIELD:0.4720035608903809
CE_PIECECOORDINATION:0.5264716078076833
CE_MATERIAL:0.49531201176062567
CE_KINGSAFETY:0.5
C_PIECESQUARETABLES:0.49145787307276834
C_MOBILITY:0.37850774483025174
C_KINGSAFETY:0.5505531885182073
C_PAWNSTRUCTURE:0.5400524780698233
C_PIECECOORDINATION:0.5668382254899521
C_ROOKANDPAWNMOVEMENT:0.5668382254899521
C_CENTERCONTROL:0.48645617369586497
C_DEVELOPPIECES:0.4651992073599843
C_MATERIAL:0.5195958513451324
C_MOVECOUNT:0.5
