ELO:983
CE_PASSEDPAWNS:0.5062323992275707
CE_PAWNWEAKNESSES:0.4989283283858409
CE_PIECEACTIVITY:0.49328730729767134
CE_KINGPAWNSHIELD:0.5
CE_PIECECOORDINATION:0.4825170927984688
CE_MATERIAL:0.49156962649484465
CE_KINGSAFETY:0.5
C_PIECESQUARETABLES:0.5
C_MOBILITY:0.4848692164858015
C_KINGSAFETY:0.5010648368026067
C_PAWNSTRUCTURE:0.4951552552469798
C_PIECECOORDINATION:0.49083829364150156
C_ROOKANDPAWNMOVEMENT:0.49083829364150156
C_CENTERCONTROL:0.5222280666475986
C_DEVELOPPIECES:0.5
C_MATERIAL:0.4902318465470193
C_MOVECOUNT:0.5012385932266361
