ELO:963
CE_PASSEDPAWNS:0.502672105925326
CE_PAWNWEAKNESSES:0.45244091254105284
CE_PIECEACTIVITY:0.5249226545558044
CE_KINGPAWNSHIELD:0.48950444595650655
CE_PIECECOORDINATION:0.5055055175543434
CE_MATERIAL:0.49750824874857313
CE_KINGSAFETY:0.5022331568250059
C_PIECESQUARETABLES:0.4802439642830924
C_MOBILITY:0.5195756725060089
C_KINGSAFETY:0.5246708888912457
C_PAWNSTRUCTURE:0.5287530442062699
C_PIECECOORDINATION:0.5079758950087029
C_ROOK:0.5191075114813811
CE_ROOK:0.4847260744739234
C_CENTERCONTROL:0.5392029621305322
C_DEVELOPPIECES:0.4949190044094583
C_MATERIAL:0.49212499166214113
C_MOVECOUNT:0.4761121272937301
C_PAWNMOVEMENT:0.5040878530306644
