ELO:980
CE_PASSEDPAWNS:0.5176500217830119
CE_PAWNWEAKNESSES:0.45046761445385636
CE_PIECEACTIVITY:0.546574042086976
CE_KINGPAWNSHIELD:0.49219331615206535
CE_PIECECOORDINATION:0.5157799169373154
CE_MATERIAL:0.49750824874857313
CE_KINGSAFETY:0.5238041844573454
C_PIECESQUARETABLES:0.509875101388398
C_MOBILITY:0.5050821103433392
C_KINGSAFETY:0.500317990489611
C_PAWNSTRUCTURE:0.5331832322079172
C_PIECECOORDINATION:0.5238651092196642
C_ROOK:0.5207295072074236
CE_ROOK:0.4910900271087683
C_CENTERCONTROL:0.5431194749237218
C_DEVELOPPIECES:0.4846097542276746
C_MATERIAL:0.4856453541341074
C_MOVECOUNT:0.4821615381242618
C_PAWNMOVEMENT:0.5076067423925633
