ELO:987
CE_PASSEDPAWNS:0.5111205199287276
CE_PAWNWEAKNESSES:0.5
CE_PIECEACTIVITY:0.47698214128346994
CE_KINGPAWNSHIELD:0.4466014741868101
CE_PIECECOORDINATION:0.505621880955702
CE_MATERIAL:0.5170193478624969
CE_KINGSAFETY:0.5
C_PIECESQUARETABLES:0.49490250624467447
C_MOBILITY:0.4835164013050288
C_KINGSAFETY:0.5176664604722987
C_PAWNSTRUCTURE:0.5026685134419052
C_PIECECOORDINATION:0.4731784831203537
C_ROOKANDPAWNMOVEMENT:0.4731784831203537
C_CENTERCONTROL:0.47892552026770974
C_DEVELOPPIECES:0.4830519797191527
C_MATERIAL:0.49789447213421595
C_MOVECOUNT:0.5
