ELO:947
CE_PASSEDPAWNS:0.4926925314009228
CE_PAWNWEAKNESSES:0.48775771872249873
CE_PIECEACTIVITY:0.5040523650280373
CE_KINGPAWNSHIELD:0.4812435145769207
CE_PIECECOORDINATION:0.5065379517227444
CE_MATERIAL:0.5299945675403618
CE_KINGSAFETY:0.5104189514205385
C_PIECESQUARETABLES:0.48857737355762787
C_MOBILITY:0.4892611411833134
C_KINGSAFETY:0.48881340730618883
C_PAWNSTRUCTURE:0.5084916016918042
C_PIECECOORDINATION:0.4819980352206915
C_ROOKANDPAWNMOVEMENT:0.4819980352206915
C_CENTERCONTROL:0.5254091247874098
C_DEVELOPPIECES:0.5061477338977575
C_MATERIAL:0.5035201561302195
C_MOVECOUNT:0.5
