ELO:1000
CE_PASSEDPAWNS:0.49013925343350945
CE_PAWNWEAKNESSES:0.5
CE_PIECEACTIVITY:0.5057317766106321
CE_KINGPAWNSHIELD:0.5
CE_PIECECOORDINATION:0.5
CE_MATERIAL:0.5011350757827628
CE_KINGSAFETY:0.5
C_PIECESQUARETABLES:0.5
C_MOBILITY:0.510860322127768
C_KINGSAFETY:0.49069856387180644
C_PAWNSTRUCTURE:0.5
C_PIECECOORDINATION:0.5
C_ROOK:0.5
CE_ROOK:0.5051059542296411
C_CENTERCONTROL:0.5
C_DEVELOPPIECES:0.5
C_MATERIAL:0.4879856202510181
C_MOVECOUNT:0.5
C_PAWNMOVEMENT:0.5
