ELO:1000
CE_PASSEDPAWNS:0.5186819112364226
CE_PAWNWEAKNESSES:0.4796274176683653
CE_PIECEACTIVITY:0.4486058657455654
CE_KINGPAWNSHIELD:0.5368462761555916
CE_PIECECOORDINATION:0.43839351029406587
CE_MATERIAL:0.530884037637098
CE_KINGSAFETY:0.41686661405480796
C_PIECESQUARETABLES:0.5050672795076758
C_MOBILITY:0.4361577439696606
C_KINGSAFETY:0.5026457289132273
C_PAWNSTRUCTURE:0.5229544210626053
C_PIECECOORDINATION:0.4993551343907059
C_ROOKANDPAWNMOVEMENT:0.4993551343907059
C_CENTERCONTROL:0.5043804828244577
C_DEVELOPPIECES:0.5140199822989255
C_MATERIAL:0.44072120795316566
