ELO:939
CE_PASSEDPAWNS:0.5113629514960877
CE_PAWNWEAKNESSES:0.4867242829377604
CE_PIECEACTIVITY:0.5092251769177671
CE_KINGPAWNSHIELD:0.4549632792172675
CE_PIECECOORDINATION:0.5977843653231266
CE_MATERIAL:0.5678745983252813
CE_KINGSAFETY:0.506989411709894
C_PIECESQUARETABLES:0.5062285532700387
C_MOBILITY:0.46108817446621175
C_KINGSAFETY:0.54744878532637
C_PAWNSTRUCTURE:0.4564869811074153
C_PIECECOORDINATION:0.5161780262313139
C_ROOKANDPAWNMOVEMENT:0.5161780262313139
C_CENTERCONTROL:0.4905285992260411
C_DEVELOPPIECES:0.48194058303360054
C_MATERIAL:0.4748412430813477
