ELO:954
CE_PASSEDPAWNS:0.4351805720542319
CE_PAWNWEAKNESSES:0.44124547634533
CE_PIECEACTIVITY:0.4557851581180824
CE_KINGPAWNSHIELD:0.45963107657906366
CE_PIECECOORDINATION:0.3952051998847746
CE_MATERIAL:0.5333980765502183
CE_KINGSAFETY:0.4870165464562411
C_PIECESQUARETABLES:0.49785088434320457
C_MOBILITY:0.4516733432286056
C_KINGSAFETY:0.5029195790576575
C_PAWNSTRUCTURE:0.47908143269714787
C_PIECECOORDINATION:0.6127162956518025
C_ROOKANDPAWNMOVEMENT:0.6127162956518025
C_CENTERCONTROL:0.438772858782703
C_DEVELOPPIECES:0.40273080905433667
C_MATERIAL:0.5509301689045581
