ELO:1017
CE_PASSEDPAWNS:0.5130955025364945
CE_PAWNWEAKNESSES:0.49406120878021414
CE_PIECEACTIVITY:0.5029766756247558
CE_KINGPAWNSHIELD:0.4689954011660321
CE_PIECECOORDINATION:0.4935126650520402
CE_MATERIAL:0.46050328956574665
CE_KINGSAFETY:0.4964764496334712
C_PIECESQUARETABLES:0.5
C_MOBILITY:0.4876813844379988
C_KINGSAFETY:0.5142885120146999
C_PAWNSTRUCTURE:0.5072601080814034
C_PIECECOORDINATION:0.5105830304059711
C_ROOK:0.49951072862626983
CE_ROOK:0.4932083150559278
C_CENTERCONTROL:0.5016333940623856
C_DEVELOPPIECES:0.5010440137727993
C_MATERIAL:0.4899455021876946
C_MOVECOUNT:0.4843004997254273
C_PAWNMOVEMENT:0.5033128708409863
