ELO:1000
CE_PASSEDPAWNS:0.47566162754248525
CE_PAWNWEAKNESSES:0.5510208004708194
CE_PIECEACTIVITY:0.49660402252088637
CE_KINGPAWNSHIELD:0.5134233006742712
CE_PIECECOORDINATION:0.5130727049605267
CE_MATERIAL:0.5258211868390728
CE_KINGSAFETY:0.4519011568304011
C_PIECESQUARETABLES:0.4788175926193865
C_MOBILITY:0.47535551333373943
C_KINGSAFETY:0.5207163126057225
C_PAWNSTRUCTURE:0.4957294521526818
C_PIECECOORDINATION:0.5534053201133108
C_ROOKANDPAWNMOVEMENT:0.5534053201133108
C_CENTERCONTROL:0.49296843082912173
C_DEVELOPPIECES:0.4635290259322501
C_MATERIAL:0.47554512768615664
