ELO:989
CE_PASSEDPAWNS:0.3671258369474086
CE_PAWNWEAKNESSES:0.5236000424248881
CE_PIECEACTIVITY:0.5594978002495871
CE_KINGPAWNSHIELD:0.4788753533955993
CE_PIECECOORDINATION:0.4768869579283998
CE_MATERIAL:0.5020802016707379
CE_KINGSAFETY:0.5030994310836772
C_PIECESQUARETABLES:0.506049373238774
C_MOBILITY:0.4938148921726565
C_KINGSAFETY:0.575731993497571
C_PAWNSTRUCTURE:0.30673609561922904
C_PIECECOORDINATION:0.4455295289066636
C_ROOKANDPAWNMOVEMENT:0.4455295289066636
C_CENTERCONTROL:0.3625310926047456
C_DEVELOPPIECES:0.5085158685329896
C_MATERIAL:0.6828983766046607
