ELO:996
CE_PASSEDPAWNS:0.517411681068989
CE_PAWNWEAKNESSES:0.5064430135081264
CE_PIECEACTIVITY:0.47707255255436914
CE_KINGPAWNSHIELD:0.4963912536078848
CE_PIECECOORDINATION:0.48391720819426065
CE_MATERIAL:0.5257967178705362
CE_KINGSAFETY:0.483121489070354
C_PIECESQUARETABLES:0.47972021873851994
C_MOBILITY:0.4966794749181178
C_KINGSAFETY:0.4981575585461709
C_PAWNSTRUCTURE:0.49603174398831434
C_PIECECOORDINATION:0.5071417765451218
C_ROOKANDPAWNMOVEMENT:0.5071417765451218
C_CENTERCONTROL:0.5194521461031572
C_DEVELOPPIECES:0.49626074100113315
C_MATERIAL:0.4998650065481573
