ELO:999
CE_PASSEDPAWNS:0.4495181192095008
CE_PAWNWEAKNESSES:0.5040993958902381
CE_PIECEACTIVITY:0.5227155685455236
CE_KINGPAWNSHIELD:0.47531154832269534
CE_PIECECOORDINATION:0.5456566621208592
CE_MATERIAL:0.5402619367856399
CE_KINGSAFETY:0.5095791852469223
C_PIECESQUARETABLES:0.5142602042454024
C_MOBILITY:0.43379099636613494
C_KINGSAFETY:0.5507716648947013
C_PAWNSTRUCTURE:0.47918735094522485
C_PIECECOORDINATION:0.5028908292127938
C_ROOKANDPAWNMOVEMENT:0.5028908292127938
C_CENTERCONTROL:0.5840149004811239
C_DEVELOPPIECES:0.49417085222078305
C_MATERIAL:0.4412547406440946
