ELO:1018
CE_PASSEDPAWNS:0.49044359777232516
CE_PAWNWEAKNESSES:0.5118222968030637
CE_PIECEACTIVITY:0.5
CE_KINGPAWNSHIELD:0.4955123460628961
CE_PIECECOORDINATION:0.5
CE_MATERIAL:0.49797123214837336
CE_KINGSAFETY:0.5040602294632811
C_PIECESQUARETABLES:0.48948064821573406
C_MOBILITY:0.49802864049866674
C_KINGSAFETY:0.4945503926255498
C_PAWNSTRUCTURE:0.4926466073898459
C_PIECECOORDINATION:0.5069776468885887
C_ROOKANDPAWNMOVEMENT:0.5069776468885887
C_CENTERCONTROL:0.521985277623927
C_DEVELOPPIECES:0.4932721190180447
C_MATERIAL:0.47509628074659144
C_MOVECOUNT:0.5
