ELO:936
CE_PASSEDPAWNS:0.5312489045686261
CE_PAWNWEAKNESSES:0.5141631724977439
CE_PIECEACTIVITY:0.5197353525813042
CE_KINGPAWNSHIELD:0.47509600287249326
CE_PIECECOORDINATION:0.5063571488946308
CE_MATERIAL:0.5189835962612283
CE_KINGSAFETY:0.5
C_PIECESQUARETABLES:0.5
C_MOBILITY:0.462146903203951
C_KINGSAFETY:0.4664773165932933
C_PAWNSTRUCTURE:0.5395348108827966
C_PIECECOORDINATION:0.5080438237496978
C_ROOK:0.4760767077068308
CE_ROOK:0.4716080726206909
C_CENTERCONTROL:0.5242669000840474
C_DEVELOPPIECES:0.5077667497307781
C_MATERIAL:0.5024667215091294
C_MOVECOUNT:0.4840793943582954
C_PAWNMOVEMENT:0.49108945402567095
