ELO:935
CE_PASSEDPAWNS:0.42093197554707895
CE_PAWNWEAKNESSES:0.4564504781807349
CE_PIECEACTIVITY:0.4684358616762061
CE_KINGPAWNSHIELD:0.4567859160109163
CE_PIECECOORDINATION:0.3770132180545131
CE_MATERIAL:0.5400864095278528
CE_KINGSAFETY:0.5050120174346913
C_PIECESQUARETABLES:0.4817931634204012
C_MOBILITY:0.45309377179404187
C_KINGSAFETY:0.46957355781291904
C_PAWNSTRUCTURE:0.4654655334853093
C_PIECECOORDINATION:0.6265391714684858
C_ROOKANDPAWNMOVEMENT:0.6265391714684858
C_CENTERCONTROL:0.43738011132952437
C_DEVELOPPIECES:0.36460721754581454
C_MATERIAL:0.5436066344852186
