ELO:866
CE_PASSEDPAWNS:0.3966410949870029
CE_PAWNWEAKNESSES:0.5109706902781376
CE_PIECEACTIVITY:0.49129730444890995
CE_KINGPAWNSHIELD:0.5769936863899394
CE_PIECECOORDINATION:0.5236308689065454
CE_MATERIAL:0.47066324108048035
CE_KINGSAFETY:0.49044173564259186
C_PIECESQUARETABLES:0.5229294955274649
C_MOBILITY:0.5121405080308549
C_KINGSAFETY:0.5
C_PAWNSTRUCTURE:0.5231381968996581
C_PIECECOORDINATION:0.4925800434173502
C_ROOKANDPAWNMOVEMENT:0.4925800434173502
C_CENTERCONTROL:0.3390429560073201
C_DEVELOPPIECES:0.5854913533873193
C_MATERIAL:0.5274081049177719
C_MOVECOUNT:0.5
