ELO:945
CE_PASSEDPAWNS:0.503121607745627
CE_PAWNWEAKNESSES:0.5003074487000075
CE_PIECEACTIVITY:0.4765488522837217
CE_KINGPAWNSHIELD:0.46940756675481277
CE_PIECECOORDINATION:0.45153464963015655
CE_MATERIAL:0.5346504202487617
CE_KINGSAFETY:0.48661855093519285
C_PIECESQUARETABLES:0.5086221494198102
C_MOBILITY:0.48761596123358686
C_KINGSAFETY:0.5335512100335363
C_PAWNSTRUCTURE:0.5261138882344775
C_PIECECOORDINATION:0.5012117927627395
C_ROOK:0.48874425048035713
CE_ROOK:0.5573276569524354
C_CENTERCONTROL:0.5134242107302688
C_DEVELOPPIECES:0.49477760957487976
C_MATERIAL:0.4843637944028539
C_MOVECOUNT:0.5164090470228506
C_PAWNMOVEMENT:0.4366815222015132
