ELO:1000
CE_PASSEDPAWNS:0.5132238665030333
CE_PAWNWEAKNESSES:0.5063549391360181
CE_PIECEACTIVITY:0.5121436200221297
CE_KINGPAWNSHIELD:0.5169120008164778
CE_PIECECOORDINATION:0.5
CE_MATERIAL:0.5034695012772612
CE_KINGSAFETY:0.5003169460256375
C_PIECESQUARETABLES:0.5041405946986407
C_MOBILITY:0.5030423343899806
C_KINGSAFETY:0.5092906766884263
C_PAWNSTRUCTURE:0.5008722902605237
C_PIECECOORDINATION:0.5071885136796079
C_ROOKANDPAWNMOVEMENT:0.5071885136796079
C_CENTERCONTROL:0.5
C_DEVELOPPIECES:0.48830752669511773
C_MATERIAL:0.48894869338155306
