ELO:1000
CE_PASSEDPAWNS:0.47206321534695744
CE_PAWNWEAKNESSES:0.5113739223467405
CE_PIECEACTIVITY:0.5192981152724708
CE_KINGPAWNSHIELD:0.46536907298152785
CE_PIECECOORDINATION:0.5289471424326605
CE_MATERIAL:0.5259618824579246
CE_KINGSAFETY:0.5016546928524197
C_PIECESQUARETABLES:0.517109631514073
C_MOBILITY:0.42632055608810754
C_KINGSAFETY:0.5508762172349984
C_PAWNSTRUCTURE:0.4993395620032013
C_PIECECOORDINATION:0.4974849611187261
C_ROOKANDPAWNMOVEMENT:0.4974849611187261
C_CENTERCONTROL:0.5754704304948562
C_DEVELOPPIECES:0.47056993902444694
C_MATERIAL:0.4450834591505354
