ELO:978
CE_PASSEDPAWNS:0.43921867844078477
CE_PAWNWEAKNESSES:0.44115129445256934
CE_PIECEACTIVITY:0.4862878406070304
CE_KINGPAWNSHIELD:0.43716997736176777
CE_PIECECOORDINATION:0.3753727486480098
CE_MATERIAL:0.5268613463803044
CE_KINGSAFETY:0.506851625851023
C_PIECESQUARETABLES:0.5
C_MOBILITY:0.4757199053236877
C_KINGSAFETY:0.526748648827153
C_PAWNSTRUCTURE:0.5153430297162571
C_PIECECOORDINATION:0.5819005669232189
C_ROOKANDPAWNMOVEMENT:0.5819005669232189
C_CENTERCONTROL:0.430249899538794
C_DEVELOPPIECES:0.43556295661250055
C_MATERIAL:0.5413261820033786
