ELO:903
CE_PASSEDPAWNS:0.5175755251959733
CE_PAWNWEAKNESSES:0.44830392543547204
CE_PIECEACTIVITY:0.5145090564130486
CE_KINGPAWNSHIELD:0.513039027948865
CE_PIECECOORDINATION:0.556787464429506
CE_MATERIAL:0.6146532488236874
CE_KINGSAFETY:0.5436786855807597
C_PIECESQUARETABLES:0.47830790537425955
C_MOBILITY:0.4842316762392234
C_KINGSAFETY:0.5095519161474057
C_PAWNSTRUCTURE:0.49443682679088624
C_PIECECOORDINATION:0.5178992969652652
C_ROOKANDPAWNMOVEMENT:0.5178992969652652
C_CENTERCONTROL:0.4941256880020423
C_DEVELOPPIECES:0.4190217143823323
C_MATERIAL:0.5380377254687508
