ELO:986
CE_PASSEDPAWNS:0.45146312169808694
CE_PAWNWEAKNESSES:0.4603293896254293
CE_PIECEACTIVITY:0.49438808204665524
CE_KINGPAWNSHIELD:0.4280528104461564
CE_PIECECOORDINATION:0.37875561839061844
CE_MATERIAL:0.5254478693173165
CE_KINGSAFETY:0.4907369410513656
C_PIECESQUARETABLES:0.46878408061663174
C_MOBILITY:0.4880249107226625
C_KINGSAFETY:0.5222087498286228
C_PAWNSTRUCTURE:0.49150315021515595
C_PIECECOORDINATION:0.5755963960818753
C_ROOKANDPAWNMOVEMENT:0.5755963960818753
C_CENTERCONTROL:0.427506247621194
C_DEVELOPPIECES:0.4314977122272445
C_MATERIAL:0.5309224822543617
