ELO:910
CE_PASSEDPAWNS:0.5346772490301199
CE_PAWNWEAKNESSES:0.4288150622204983
CE_PIECEACTIVITY:0.5002326356735363
CE_KINGPAWNSHIELD:0.4947414631891489
CE_PIECECOORDINATION:0.5648901685852967
CE_MATERIAL:0.5914630683319919
CE_KINGSAFETY:0.5580339363791195
C_PIECESQUARETABLES:0.4735552254647602
C_MOBILITY:0.48727242565832996
C_KINGSAFETY:0.5261924092401532
C_PAWNSTRUCTURE:0.4820358038081303
C_PIECECOORDINATION:0.526632485742573
C_ROOKANDPAWNMOVEMENT:0.526632485742573
C_CENTERCONTROL:0.49427432153806555
C_DEVELOPPIECES:0.4223880898170095
C_MATERIAL:0.5330924949401671
