ELO:1000
CE_PASSEDPAWNS:0.5059911672272113
CE_PAWNWEAKNESSES:0.49645463603994955
CE_PIECEACTIVITY:0.5010896024847653
CE_KINGPAWNSHIELD:0.4919839168434537
CE_PIECECOORDINATION:0.5073507078916771
CE_MATERIAL:0.5247060793638645
CE_KINGSAFETY:0.4964764496334712
C_PIECESQUARETABLES:0.5
C_MOBILITY:0.4890047351732448
C_KINGSAFETY:0.537999835363193
C_PAWNSTRUCTURE:0.5183507903428065
C_PIECECOORDINATION:0.5039194657314638
C_ROOK:0.48159707912595356
CE_ROOK:0.5248625606649513
C_CENTERCONTROL:0.5241683386945339
C_DEVELOPPIECES:0.4901919545404535
C_MATERIAL:0.509670200607585
C_MOVECOUNT:0.5089473191192364
C_PAWNMOVEMENT:0.4733321297880031
