ELO:1032
CE_PASSEDPAWNS:0.5083876525627252
CE_PAWNWEAKNESSES:0.5
CE_PIECEACTIVITY:0.5
CE_KINGPAWNSHIELD:0.4983812704453315
CE_PIECECOORDINATION:0.5
CE_MATERIAL:0.5
CE_KINGSAFETY:0.5206374719329495
C_PIECESQUARETABLES:0.5032327997042108
C_MOBILITY:0.5
C_KINGSAFETY:0.5
C_PAWNSTRUCTURE:0.5067722289689608
C_PIECECOORDINATION:0.5050721057325127
C_ROOKANDPAWNMOVEMENT:0.5050721057325127
C_CENTERCONTROL:0.483065104887716
C_DEVELOPPIECES:0.5034089651956711
C_MATERIAL:0.4938966483895727
C_MOVECOUNT:0.5
