ELO:986
CE_PASSEDPAWNS:0.4845822495813136
CE_PAWNWEAKNESSES:0.4994975608823852
CE_PIECEACTIVITY:0.5051740137342629
CE_KINGPAWNSHIELD:0.5085812100474185
CE_PIECECOORDINATION:0.5287239929555798
CE_MATERIAL:0.49414794971482423
CE_KINGSAFETY:0.5184342548273311
C_PIECESQUARETABLES:0.49390954281220634
C_MOBILITY:0.504366749242565
C_KINGSAFETY:0.486419903542752
C_PAWNSTRUCTURE:0.49819852381852564
C_PIECECOORDINATION:0.51815340391493
C_ROOKANDPAWNMOVEMENT:0.51815340391493
C_CENTERCONTROL:0.48953425667220074
C_DEVELOPPIECES:0.48803566628022094
C_MATERIAL:0.47650279851590943
C_MOVECOUNT:0.5
