ELO:900
CE_PASSEDPAWNS:0.49531891399235334
CE_PAWNWEAKNESSES:0.45612845217028675
CE_PIECEACTIVITY:0.4955890266756113
CE_KINGPAWNSHIELD:0.4761209024886939
CE_PIECECOORDINATION:0.4966408127875721
CE_MATERIAL:0.41115227355597683
CE_KINGSAFETY:0.5029723540529943
C_PIECESQUARETABLES:0.49785333296553214
C_MOBILITY:0.5465698919159598
C_KINGSAFETY:0.48924555170399636
C_PAWNSTRUCTURE:0.4847015376501748
C_PIECECOORDINATION:0.49704779867596327
C_ROOKANDPAWNMOVEMENT:0.49704779867596327
C_CENTERCONTROL:0.4962486418901072
C_DEVELOPPIECES:0.48215528999645324
C_MATERIAL:0.5282510596720477
C_MOVECOUNT:0.5
