ELO:1017
CE_PASSEDPAWNS:0.5
CE_PAWNWEAKNESSES:0.500159916751077
CE_PIECEACTIVITY:0.5
CE_KINGPAWNSHIELD:0.5
CE_PIECECOORDINATION:0.5
CE_MATERIAL:0.5115606419110387
CE_KINGSAFETY:0.48971078324934014
C_PIECESQUARETABLES:0.503666026139378
C_MOBILITY:0.5
C_KINGSAFETY:0.5
C_PAWNSTRUCTURE:0.5021216682991002
C_PIECECOORDINATION:0.49813120154808316
C_ROOKANDPAWNMOVEMENT:0.49813120154808316
C_CENTERCONTROL:0.5
C_DEVELOPPIECES:0.5
C_MATERIAL:0.5
C_MOVECOUNT:0.5014147002601613
