ELO:988
CE_PASSEDPAWNS:0.4953230756056219
CE_PAWNWEAKNESSES:0.47986057283809885
CE_PIECEACTIVITY:0.5069704700099527
CE_KINGPAWNSHIELD:0.4662800786606048
CE_PIECECOORDINATION:0.5566923535962894
CE_MATERIAL:0.5529835494723465
CE_KINGSAFETY:0.5
C_PIECESQUARETABLES:0.5
C_MOBILITY:0.4300577470358685
C_KINGSAFETY:0.5728730113681989
C_PAWNSTRUCTURE:0.4682514905169535
C_PIECECOORDINATION:0.49892916454844627
C_ROOKANDPAWNMOVEMENT:0.49892916454844627
C_CENTERCONTROL:0.5623682634584214
C_DEVELOPPIECES:0.49794297635506435
C_MATERIAL:0.48499181616380266
