ELO:949
CE_PASSEDPAWNS:0.41550332913276394
CE_PAWNWEAKNESSES:0.45111346447584855
CE_PIECEACTIVITY:0.46992588326528406
CE_KINGPAWNSHIELD:0.47253371026757157
CE_PIECECOORDINATION:0.3695078394798123
CE_MATERIAL:0.5259053280836206
CE_KINGSAFETY:0.4981473255188171
C_PIECESQUARETABLES:0.49529517358043706
C_MOBILITY:0.43871497265316256
C_KINGSAFETY:0.4801147823709514
C_PAWNSTRUCTURE:0.4596008649058361
C_PIECECOORDINATION:0.6151900057447403
C_ROOKANDPAWNMOVEMENT:0.6151900057447403
C_CENTERCONTROL:0.4472354861470406
C_DEVELOPPIECES:0.38255012600721827
C_MATERIAL:0.5620059613800679
