ELO:1000
CE_PASSEDPAWNS:0.45091393580869216
CE_PAWNWEAKNESSES:0.5247084590442752
CE_PIECEACTIVITY:0.5150992269168546
CE_KINGPAWNSHIELD:0.49879879106529906
CE_PIECECOORDINATION:0.5403763272866601
CE_MATERIAL:0.5289286126749324
CE_KINGSAFETY:0.474926173456298
C_PIECESQUARETABLES:0.4287604926603445
C_MOBILITY:0.4477509857974427
C_KINGSAFETY:0.5490825679145661
C_PAWNSTRUCTURE:0.4843416045644901
C_PIECECOORDINATION:0.4778653952182562
C_ROOKANDPAWNMOVEMENT:0.4778653952182562
C_CENTERCONTROL:0.5600014186406725
C_DEVELOPPIECES:0.46867823706018275
C_MATERIAL:0.4622602682405443
