ELO:1000
CE_PASSEDPAWNS:0.46630017423616077
CE_PAWNWEAKNESSES:0.5227305885663813
CE_PIECEACTIVITY:0.5192981152724708
CE_KINGPAWNSHIELD:0.4924727772831353
CE_PIECECOORDINATION:0.5289471424326605
CE_MATERIAL:0.5314381486219251
CE_KINGSAFETY:0.5048469527882117
C_PIECESQUARETABLES:0.5183809246794291
C_MOBILITY:0.42632055608810754
C_KINGSAFETY:0.5606764246391505
C_PAWNSTRUCTURE:0.49747720936450485
C_PIECECOORDINATION:0.48874005091552186
C_ROOKANDPAWNMOVEMENT:0.48874005091552186
C_CENTERCONTROL:0.5681846583185571
C_DEVELOPPIECES:0.4583809505484117
C_MATERIAL:0.4655313067714605
