ELO:1000
CE_PASSEDPAWNS:0.4668118793089349
CE_PAWNWEAKNESSES:0.5269672029042385
CE_PIECEACTIVITY:0.5172260183633087
CE_KINGPAWNSHIELD:0.4924727772831353
CE_PIECECOORDINATION:0.5306494097787293
CE_MATERIAL:0.5314381486219251
CE_KINGSAFETY:0.45199574727378256
C_PIECESQUARETABLES:0.43780393666806516
C_MOBILITY:0.43129248268133097
C_KINGSAFETY:0.5694574701790555
C_PAWNSTRUCTURE:0.4967831455953362
C_PIECECOORDINATION:0.4778653952182562
C_ROOKANDPAWNMOVEMENT:0.4778653952182562
C_CENTERCONTROL:0.563553687619187
C_DEVELOPPIECES:0.4583809505484117
C_MATERIAL:0.4603850013428343
