ELO:1030
CE_PASSEDPAWNS:0.5004260825839424
CE_PAWNWEAKNESSES:0.49913327254552103
CE_PIECEACTIVITY:0.5
CE_KINGPAWNSHIELD:0.5179472640820005
CE_PIECECOORDINATION:0.482875334512471
CE_MATERIAL:0.4926629236693348
CE_KINGSAFETY:0.4927795876461766
C_PIECESQUARETABLES:0.4936809778783106
C_MOBILITY:0.4977456625581131
C_KINGSAFETY:0.5
C_PAWNSTRUCTURE:0.5
C_PIECECOORDINATION:0.5
C_ROOKANDPAWNMOVEMENT:0.5
C_CENTERCONTROL:0.5121714588872911
C_DEVELOPPIECES:0.5110399839826686
C_MATERIAL:0.5150867969365417
C_MOVECOUNT:0.5
