ELO:981
CE_PASSEDPAWNS:0.461851970258853
CE_PAWNWEAKNESSES:0.48936330627985847
CE_PIECEACTIVITY:0.510345472758876
CE_KINGPAWNSHIELD:0.5019364860454455
CE_PIECECOORDINATION:0.4957606159774331
CE_MATERIAL:0.5155717769614051
CE_KINGSAFETY:0.5108219474453636
C_PIECESQUARETABLES:0.5
C_MOBILITY:0.49178734436865873
C_KINGSAFETY:0.5005596275299088
C_PAWNSTRUCTURE:0.5
C_PIECECOORDINATION:0.4893921256533656
C_ROOKANDPAWNMOVEMENT:0.4893921256533656
C_CENTERCONTROL:0.4993424606758882
C_DEVELOPPIECES:0.49182620126277016
C_MATERIAL:0.49018560609208994
C_MOVECOUNT:0.5192167208384221
