ELO:885
CE_PASSEDPAWNS:0.5155384724345848
CE_PAWNWEAKNESSES:0.43764645584081574
CE_PIECEACTIVITY:0.5295898741631797
CE_KINGPAWNSHIELD:0.5072100488571043
CE_PIECECOORDINATION:0.5537692066326102
CE_MATERIAL:0.5839204610656011
CE_KINGSAFETY:0.5283948427613501
C_PIECESQUARETABLES:0.4498404536023556
C_MOBILITY:0.5137597918045845
C_KINGSAFETY:0.5097804345292288
C_PAWNSTRUCTURE:0.5663532229279986
C_PIECECOORDINATION:0.5006038937753807
C_ROOKANDPAWNMOVEMENT:0.5006038937753807
C_CENTERCONTROL:0.4895543130260206
C_DEVELOPPIECES:0.393424300581305
C_MATERIAL:0.5299731092061974
