ELO:989
CE_PASSEDPAWNS:0.3671258369474086
CE_PAWNWEAKNESSES:0.505504099476525
CE_PIECEACTIVITY:0.5594978002495871
CE_KINGPAWNSHIELD:0.4721926911209493
CE_PIECECOORDINATION:0.4768869579283998
CE_MATERIAL:0.5020802016707379
CE_KINGSAFETY:0.5037484951511783
C_PIECESQUARETABLES:0.4919529787929316
C_MOBILITY:0.4955951159991288
C_KINGSAFETY:0.5495496809090474
C_PAWNSTRUCTURE:0.3086529387392602
C_PIECECOORDINATION:0.45464813938282267
C_ROOKANDPAWNMOVEMENT:0.45464813938282267
C_CENTERCONTROL:0.360872980317613
C_DEVELOPPIECES:0.5085158685329896
C_MATERIAL:0.6828983766046607
