ELO:1031
CE_PASSEDPAWNS:0.5
CE_PAWNWEAKNESSES:0.5
CE_PIECEACTIVITY:0.5
CE_KINGPAWNSHIELD:0.5
CE_PIECECOORDINATION:0.4968220738977996
CE_MATERIAL:0.497844968698783
CE_KINGSAFETY:0.4984522663729636
C_PIECESQUARETABLES:0.5
C_MOBILITY:0.5038654005277864
C_KINGSAFETY:0.49263529852109295
C_PAWNSTRUCTURE:0.5108639740472316
C_PIECECOORDINATION:0.5431709459123982
C_ROOKANDPAWNMOVEMENT:0.5431709459123982
C_CENTERCONTROL:0.5121563537941975
C_DEVELOPPIECES:0.5
C_MATERIAL:0.4897709194446348
C_MOVECOUNT:0.5
