ELO:1051
CE_PASSEDPAWNS:0.48428636273612774
CE_PAWNWEAKNESSES:0.47580349551343887
CE_PIECEACTIVITY:0.5618283267506355
CE_KINGPAWNSHIELD:0.5073345627807008
CE_PIECECOORDINATION:0.5126382435096537
CE_MATERIAL:0.4862906144189865
CE_KINGSAFETY:0.5069366817496915
C_PIECESQUARETABLES:0.4897173165213039
C_MOBILITY:0.4921476726994024
C_KINGSAFETY:0.5163016464147075
C_PAWNSTRUCTURE:0.4871491971889394
C_PIECECOORDINATION:0.4952151803659216
C_ROOKANDPAWNMOVEMENT:0.4952151803659216
C_CENTERCONTROL:0.5120655534750441
C_DEVELOPPIECES:0.4967182338981766
C_MATERIAL:0.4974078176974043
C_MOVECOUNT:0.5627362948025533
