ELO:947
CE_PASSEDPAWNS:0.4988795092776492
CE_PAWNWEAKNESSES:0.4979446209632804
CE_PIECEACTIVITY:0.5060445996774061
CE_KINGPAWNSHIELD:0.49532825216966814
CE_PIECECOORDINATION:0.5198840907865537
CE_MATERIAL:0.5177950108560335
CE_KINGSAFETY:0.5155189996061432
C_PIECESQUARETABLES:0.5186932374722297
C_MOBILITY:0.4412093179968999
C_KINGSAFETY:0.5539471764017733
C_PAWNSTRUCTURE:0.5077813496404054
C_PIECECOORDINATION:0.4723166686455301
C_ROOKANDPAWNMOVEMENT:0.4723166686455301
C_CENTERCONTROL:0.5204101451369662
C_DEVELOPPIECES:0.5
C_MATERIAL:0.5194127939997246
C_MOVECOUNT:0.5
