ELO:989
CE_PASSEDPAWNS:0.3671258369474086
CE_PAWNWEAKNESSES:0.5086530027826172
CE_PIECEACTIVITY:0.5602734682289932
CE_KINGPAWNSHIELD:0.4712723769006492
CE_PIECECOORDINATION:0.47371111467516636
CE_MATERIAL:0.5222026987490407
CE_KINGSAFETY:0.507023992301385
C_PIECESQUARETABLES:0.5053512311066741
C_MOBILITY:0.5007945637902822
C_KINGSAFETY:0.5449560909596148
C_PAWNSTRUCTURE:0.3345955637650048
C_PIECECOORDINATION:0.4403003920223475
C_ROOKANDPAWNMOVEMENT:0.4403003920223475
C_CENTERCONTROL:0.3625310926047456
C_DEVELOPPIECES:0.48101166202407425
C_MATERIAL:0.679281754922533
