ELO:899
CE_PASSEDPAWNS:0.5128073781505458
CE_PAWNWEAKNESSES:0.4344718284515415
CE_PIECEACTIVITY:0.5143168768141317
CE_KINGPAWNSHIELD:0.4954271214580793
CE_PIECECOORDINATION:0.5623855536365718
CE_MATERIAL:0.5928983398138347
CE_KINGSAFETY:0.5471123454541944
C_PIECESQUARETABLES:0.4464220175221386
C_MOBILITY:0.519299515275811
C_KINGSAFETY:0.5245945903832181
C_PAWNSTRUCTURE:0.5607779005173839
C_PIECECOORDINATION:0.5006038937753807
C_ROOKANDPAWNMOVEMENT:0.5006038937753807
C_CENTERCONTROL:0.49332628585481986
C_DEVELOPPIECES:0.39141574431588066
C_MATERIAL:0.542180445171126
