ELO:930
CE_PASSEDPAWNS:0.5337590567204407
CE_PAWNWEAKNESSES:0.48702741091548957
CE_PIECEACTIVITY:0.4871840078280871
CE_KINGPAWNSHIELD:0.45012827050573684
CE_PIECECOORDINATION:0.5984986506999366
CE_MATERIAL:0.5949917960815778
CE_KINGSAFETY:0.5198468825813457
C_PIECESQUARETABLES:0.5041536348528952
C_MOBILITY:0.47839464144396865
C_KINGSAFETY:0.5422604314369761
C_PAWNSTRUCTURE:0.4569506632192912
C_PIECECOORDINATION:0.5100114300411451
C_ROOKANDPAWNMOVEMENT:0.5100114300411451
C_CENTERCONTROL:0.4909007348610226
C_DEVELOPPIECES:0.45085564424050123
C_MATERIAL:0.5004324729957623
