ELO:1000
CE_PASSEDPAWNS:0.46774139510583745
CE_PAWNWEAKNESSES:0.5020557477188635
CE_PIECEACTIVITY:0.4726418154144209
CE_KINGPAWNSHIELD:0.4546571042501837
CE_PIECECOORDINATION:0.4034203399926697
CE_MATERIAL:0.5248689412038181
CE_KINGSAFETY:0.5142645524145801
C_PIECESQUARETABLES:0.4654821776544327
C_MOBILITY:0.4874508350017522
C_KINGSAFETY:0.503004923994098
C_PAWNSTRUCTURE:0.49785519333757056
C_PIECECOORDINATION:0.5589109695430101
C_ROOKANDPAWNMOVEMENT:0.5589109695430101
C_CENTERCONTROL:0.48460860496192354
C_DEVELOPPIECES:0.40402687648022384
C_MATERIAL:0.5159635063178308
