ELO:941
CE_PASSEDPAWNS:0.42858490801617005
CE_PAWNWEAKNESSES:0.4579921095380882
CE_PIECEACTIVITY:0.4382148476659524
CE_KINGPAWNSHIELD:0.44781313968401887
CE_PIECECOORDINATION:0.3675409918342195
CE_MATERIAL:0.5483033850162222
CE_KINGSAFETY:0.4853724607149449
C_PIECESQUARETABLES:0.4952803919180672
C_MOBILITY:0.45181820685318735
C_KINGSAFETY:0.46741631193027167
C_PAWNSTRUCTURE:0.478480553798554
C_PIECECOORDINATION:0.6437808190162405
C_ROOKANDPAWNMOVEMENT:0.6437808190162405
C_CENTERCONTROL:0.4572964271241563
C_DEVELOPPIECES:0.3639451558926581
C_MATERIAL:0.5435527564672827
