ELO:993
CE_PASSEDPAWNS:0.49381989865824855
CE_PAWNWEAKNESSES:0.47553930501145686
CE_PIECEACTIVITY:0.5224354737561515
CE_KINGPAWNSHIELD:0.45879287426174353
CE_PIECECOORDINATION:0.5412309505504288
CE_MATERIAL:0.5599794988471506
CE_KINGSAFETY:0.49682790018555545
C_PIECESQUARETABLES:0.49782851149034923
C_MOBILITY:0.42753100427224605
C_KINGSAFETY:0.5645976809297226
C_PAWNSTRUCTURE:0.4682514905169535
C_PIECECOORDINATION:0.4833100170793902
C_ROOKANDPAWNMOVEMENT:0.4833100170793902
C_CENTERCONTROL:0.5696575336209443
C_DEVELOPPIECES:0.5020001888456215
C_MATERIAL:0.4735352731058742
