ELO:1059
CE_PASSEDPAWNS:0.4984997249495993
CE_PAWNWEAKNESSES:0.5007823580873638
CE_PIECEACTIVITY:0.5100890023247386
CE_KINGPAWNSHIELD:0.4882991666074076
CE_PIECECOORDINATION:0.5330292707230271
CE_MATERIAL:0.5034413185584637
CE_KINGSAFETY:0.5
C_PIECESQUARETABLES:0.5
C_MOBILITY:0.4747987292695115
C_KINGSAFETY:0.479614052768268
C_PAWNSTRUCTURE:0.5011896771177238
C_PIECECOORDINATION:0.5185126645912487
C_ROOK:0.5187550577959981
CE_ROOK:0.5046425883952697
C_CENTERCONTROL:0.4852912214027281
C_DEVELOPPIECES:0.4882427012499089
C_MATERIAL:0.49797995460073996
C_MOVECOUNT:0.47802042898757824
C_PAWNMOVEMENT:0.5068568556343356
