ELO:933
CE_PASSEDPAWNS:0.44243670205573615
CE_PAWNWEAKNESSES:0.4183319398638641
CE_PIECEACTIVITY:0.5166521627112357
CE_KINGPAWNSHIELD:0.40537984772971447
CE_PIECECOORDINATION:0.5621825373027997
CE_MATERIAL:0.3851361552755926
CE_KINGSAFETY:0.4911912167412799
C_PIECESQUARETABLES:0.5020165977935582
C_MOBILITY:0.3633718784660177
C_KINGSAFETY:0.4128097851541196
C_PAWNSTRUCTURE:0.6206750635988454
C_PIECECOORDINATION:0.43926661787284405
C_ROOKANDPAWNMOVEMENT:0.43926661787284405
C_CENTERCONTROL:0.4390964844296069
C_DEVELOPPIECES:0.5391615055081194
C_MATERIAL:0.55030146706124
