ELO:1045
CE_PASSEDPAWNS:0.5086078626992011
CE_PAWNWEAKNESSES:0.5007823580873638
CE_PIECEACTIVITY:0.49556685037013515
CE_KINGPAWNSHIELD:0.4882991666074076
CE_PIECECOORDINATION:0.5086703503588659
CE_MATERIAL:0.5040456915730079
CE_KINGSAFETY:0.5
C_PIECESQUARETABLES:0.5
C_MOBILITY:0.5136440417553039
C_KINGSAFETY:0.499417299048897
C_PAWNSTRUCTURE:0.5011896771177238
C_PIECECOORDINATION:0.5183704837768273
C_ROOK:0.49361738851163545
CE_ROOK:0.5085813513042079
C_CENTERCONTROL:0.5025822292455111
C_DEVELOPPIECES:0.49327848897237697
C_MATERIAL:0.5085119268006085
C_MOVECOUNT:0.48163558042647137
C_PAWNMOVEMENT:0.4953020681581354
