ELO:1000
CE_PASSEDPAWNS:0.5004812591441956
CE_PAWNWEAKNESSES:0.5083190428065066
CE_PIECEACTIVITY:0.486295311721485
CE_KINGPAWNSHIELD:0.4893428185033808
CE_PIECECOORDINATION:0.4836787447879931
CE_MATERIAL:0.4779147607459791
CE_KINGSAFETY:0.4692213963983216
C_PIECESQUARETABLES:0.5143554606694826
C_MOBILITY:0.4982017184841328
C_KINGSAFETY:0.49184071341857966
C_PAWNSTRUCTURE:0.47240042104777974
C_PIECECOORDINATION:0.4390984906460175
C_ROOKANDPAWNMOVEMENT:0.4390984906460175
C_CENTERCONTROL:0.45794501161403184
C_DEVELOPPIECES:0.494619872933391
C_MATERIAL:0.5256307474361648
