ELO:1056
CE_PASSEDPAWNS:0.4948699378877846
CE_PAWNWEAKNESSES:0.48980452886477255
CE_PIECEACTIVITY:0.4792949854638589
CE_KINGPAWNSHIELD:0.5092985468518595
CE_PIECECOORDINATION:0.505924267188826
CE_MATERIAL:0.4736485387625415
CE_KINGSAFETY:0.5
C_PIECESQUARETABLES:0.5
C_MOBILITY:0.5009908887771961
C_KINGSAFETY:0.5102472978584247
C_PAWNSTRUCTURE:0.5035318901192946
C_PIECECOORDINATION:0.5187121361950087
C_ROOK:0.5336412950372417
CE_ROOK:0.4811678256649255
C_CENTERCONTROL:0.49448602264287395
C_DEVELOPPIECES:0.49547520755593566
C_MATERIAL:0.4919401372919477
C_MOVECOUNT:0.5
C_PAWNMOVEMENT:0.5166132914539359
