ELO:995
CE_PASSEDPAWNS:0.4688442618345883
CE_PAWNWEAKNESSES:0.5677235757296571
CE_PIECEACTIVITY:0.4777204305245068
CE_KINGPAWNSHIELD:0.46783224548947727
CE_PIECECOORDINATION:0.4304681529291733
CE_MATERIAL:0.45795547542326764
CE_KINGSAFETY:0.4934928187664959
C_PIECESQUARETABLES:0.49079827448485636
C_MOBILITY:0.5640988456699212
C_KINGSAFETY:0.5098072076728749
C_PAWNSTRUCTURE:0.4979429965166836
C_PIECECOORDINATION:0.4969544527837471
C_ROOKANDPAWNMOVEMENT:0.4969544527837471
C_CENTERCONTROL:0.4646497500730306
C_DEVELOPPIECES:0.46655582909424975
C_MATERIAL:0.4631211953175282
