ELO:1023
CE_PASSEDPAWNS:0.4844974338866937
CE_PAWNWEAKNESSES:0.45790605896457093
CE_PIECEACTIVITY:0.5063456654993154
CE_KINGPAWNSHIELD:0.5103615123638408
CE_PIECECOORDINATION:0.478846138696751
CE_MATERIAL:0.5048252680483948
CE_KINGSAFETY:0.5
C_PIECESQUARETABLES:0.5
C_MOBILITY:0.5
C_KINGSAFETY:0.49263529852109295
C_PAWNSTRUCTURE:0.5102014651160843
C_PIECECOORDINATION:0.5104019544487555
C_ROOKANDPAWNMOVEMENT:0.5104019544487555
C_CENTERCONTROL:0.5
C_DEVELOPPIECES:0.5
C_MATERIAL:0.4895757828325793
C_MOVECOUNT:0.5
