ELO:918
CE_PASSEDPAWNS:0.47122056605412027
CE_PAWNWEAKNESSES:0.5011107224729755
CE_PIECEACTIVITY:0.5046440451438885
CE_KINGPAWNSHIELD:0.4944025051942847
CE_PIECECOORDINATION:0.4996239681293009
CE_MATERIAL:0.49335554202453213
CE_KINGSAFETY:0.5542745101798217
C_PIECESQUARETABLES:0.484864114337276
C_MOBILITY:0.5650845503713063
C_KINGSAFETY:0.493672186320407
C_PAWNSTRUCTURE:0.5113804553286763
C_PIECECOORDINATION:0.5342964270255182
C_ROOKANDPAWNMOVEMENT:0.5342964270255182
C_CENTERCONTROL:0.5101470477610458
C_DEVELOPPIECES:0.5233319637597854
C_MATERIAL:0.4972692187313411
C_MOVECOUNT:0.5
