ELO:1042
CE_PASSEDPAWNS:0.44762217324842735
CE_PAWNWEAKNESSES:0.4411132576103295
CE_PIECEACTIVITY:0.5
CE_KINGPAWNSHIELD:0.5298350564921285
CE_PIECECOORDINATION:0.5058425112191176
CE_MATERIAL:0.4842243280398608
CE_KINGSAFETY:0.5
C_PIECESQUARETABLES:0.5
C_MOBILITY:0.4494825325847286
C_KINGSAFETY:0.5472691352415705
C_PAWNSTRUCTURE:0.5147852278909847
C_PIECECOORDINATION:0.44805197955717574
C_ROOKANDPAWNMOVEMENT:0.44805197955717574
C_CENTERCONTROL:0.48737583481922847
C_DEVELOPPIECES:0.43338132774258387
C_MATERIAL:0.5
C_MOVECOUNT:0.5
