ELO:1012
CE_PASSEDPAWNS:0.510624593523751
CE_PAWNWEAKNESSES:0.4650133829237785
CE_PIECEACTIVITY:0.5353494129309075
CE_KINGPAWNSHIELD:0.5
CE_PIECECOORDINATION:0.48759304101804285
CE_MATERIAL:0.4675818787128984
CE_KINGSAFETY:0.5
C_PIECESQUARETABLES:0.5
C_MOBILITY:0.5073177390941198
C_KINGSAFETY:0.4950862587462479
C_PAWNSTRUCTURE:0.5
C_PIECECOORDINATION:0.48976558366580203
C_ROOK:0.4904586565037176
CE_ROOK:0.5070996351986368
C_CENTERCONTROL:0.49174161712371234
C_DEVELOPPIECES:0.503790404228409
C_MATERIAL:0.5001096358134437
C_MOVECOUNT:0.5021343610710851
C_PAWNMOVEMENT:0.4904676925178619
