ELO:1021
CE_PASSEDPAWNS:0.5
CE_PAWNWEAKNESSES:0.5
CE_PIECEACTIVITY:0.5018992889871717
CE_KINGPAWNSHIELD:0.5
CE_PIECECOORDINATION:0.48365238371780095
CE_MATERIAL:0.5001859394481251
CE_KINGSAFETY:0.5016006043986909
C_PIECESQUARETABLES:0.49125673368432315
C_MOBILITY:0.5
C_KINGSAFETY:0.47291651802790363
C_PAWNSTRUCTURE:0.49058554778665525
C_PIECECOORDINATION:0.5
C_ROOKANDPAWNMOVEMENT:0.5
C_CENTERCONTROL:0.493188999076274
C_DEVELOPPIECES:0.4842028227216144
C_MATERIAL:0.49051316602773365
C_MOVECOUNT:0.5
