ELO:965
CE_PASSEDPAWNS:0.5
CE_PAWNWEAKNESSES:0.5
CE_PIECEACTIVITY:0.4889531273959183
CE_KINGPAWNSHIELD:0.5167123219597685
CE_PIECECOORDINATION:0.5218757757149569
CE_MATERIAL:0.5134574905295081
CE_KINGSAFETY:0.5
C_PIECESQUARETABLES:0.49923974044822095
C_MOBILITY:0.5089129255770051
C_KINGSAFETY:0.49426076367460037
C_PAWNSTRUCTURE:0.5004248449634812
C_PIECECOORDINATION:0.4698970721536116
C_ROOKANDPAWNMOVEMENT:0.4698970721536116
C_CENTERCONTROL:0.4983270493060477
C_DEVELOPPIECES:0.4885452282458716
C_MATERIAL:0.5028862853809458
C_MOVECOUNT:0.49586899510734805
