ELO:1000
CE_PASSEDPAWNS:0.5
CE_PAWNWEAKNESSES:0.5
CE_PIECEACTIVITY:0.5
CE_KINGPAWNSHIELD:0.49289488328345293
CE_PIECECOORDINATION:0.5
CE_MATERIAL:0.5
CE_KINGSAFETY:0.5
C_PIECESQUARETABLES:0.5
C_MOBILITY:0.48815305848002233
C_KINGSAFETY:0.5
C_PAWNSTRUCTURE:0.5104719711501589
C_PIECECOORDINATION:0.5
C_ROOKANDPAWNMOVEMENT:0.5
C_CENTERCONTROL:0.5134407009436646
C_DEVELOPPIECES:0.5
C_MATERIAL:0.5020990579963079
C_MOVECOUNT:0.5
