ELO:874
CE_PASSEDPAWNS:0.5293596949941336
CE_PAWNWEAKNESSES:0.5373449954662546
CE_PIECEACTIVITY:0.5596538786721962
CE_KINGPAWNSHIELD:0.5276306330963645
CE_PIECECOORDINATION:0.4912886766557374
CE_MATERIAL:0.5745284001538937
CE_KINGSAFETY:0.473074772722102
C_PIECESQUARETABLES:0.4996328409144074
C_MOBILITY:0.5251200780040598
C_KINGSAFETY:0.4824081252419627
C_PAWNSTRUCTURE:0.5544413493964463
C_PIECECOORDINATION:0.5566057815124463
C_ROOKANDPAWNMOVEMENT:0.5566057815124463
C_CENTERCONTROL:0.5605378779662545
C_DEVELOPPIECES:0.5138068827164033
C_MATERIAL:0.5169839915575719
C_MOVECOUNT:0.5900224894144688
