ELO:928
CE_PASSEDPAWNS:0.5060338364802643
CE_PAWNWEAKNESSES:0.5117562847273771
CE_PIECEACTIVITY:0.5256538788167867
CE_KINGPAWNSHIELD:0.48065142686028745
CE_PIECECOORDINATION:0.5028472174105767
CE_MATERIAL:0.4791956169575396
CE_KINGSAFETY:0.5151080727103837
C_PIECESQUARETABLES:0.5265271090867617
C_MOBILITY:0.4977261816514473
C_KINGSAFETY:0.4634200647201776
C_PAWNSTRUCTURE:0.511925190455981
C_PIECECOORDINATION:0.5111793698093162
C_ROOKANDPAWNMOVEMENT:0.5111793698093162
C_CENTERCONTROL:0.4906141485781507
C_DEVELOPPIECES:0.5341134151890029
C_MATERIAL:0.4918664521593618
C_MOVECOUNT:0.5
