ELO:983
CE_PASSEDPAWNS:0.4938857530294337
CE_PAWNWEAKNESSES:0.46471774851831904
CE_PIECEACTIVITY:0.4939574497541311
CE_KINGPAWNSHIELD:0.3942114303330058
CE_PIECECOORDINATION:0.5360056935031757
CE_MATERIAL:0.31799155926735756
CE_KINGSAFETY:0.5
C_PIECESQUARETABLES:0.49243131697817294
C_MOBILITY:0.3737741729862744
C_KINGSAFETY:0.41927129678917124
C_PAWNSTRUCTURE:0.6111015569107464
C_PIECECOORDINATION:0.42980916687737286
C_ROOKANDPAWNMOVEMENT:0.42980916687737286
C_CENTERCONTROL:0.4842289498500012
C_DEVELOPPIECES:0.5317215825916215
C_MATERIAL:0.5336941824151229
