ELO:815
CE_PASSEDPAWNS:0.38189229703859434
CE_PAWNWEAKNESSES:0.5452669435050799
CE_PIECEACTIVITY:0.5210725160139935
CE_KINGPAWNSHIELD:0.574772936591172
CE_PIECECOORDINATION:0.4524586679763973
CE_MATERIAL:0.47504595926459336
CE_KINGSAFETY:0.5093004825314578
C_PIECESQUARETABLES:0.5
C_MOBILITY:0.5206450746068685
C_KINGSAFETY:0.4735257924759823
C_PAWNSTRUCTURE:0.5256778356522676
C_PIECECOORDINATION:0.5188508254029337
C_ROOKANDPAWNMOVEMENT:0.5188508254029337
C_CENTERCONTROL:0.5539356321839052
C_DEVELOPPIECES:0.44515462114667076
C_MATERIAL:0.5306779659270814
C_MOVECOUNT:0.5
