ELO:1083
CE_PASSEDPAWNS:0.46101959779809504
CE_PAWNWEAKNESSES:0.46732346189837065
CE_PIECEACTIVITY:0.5788067354952413
CE_KINGPAWNSHIELD:0.4808540915070684
CE_PIECECOORDINATION:0.4755444310080082
CE_MATERIAL:0.4025689241552795
CE_KINGSAFETY:0.5
C_PIECESQUARETABLES:0.5
C_MOBILITY:0.4134455170829318
C_KINGSAFETY:0.5373499458219377
C_PAWNSTRUCTURE:0.40447063245465203
C_PIECECOORDINATION:0.44357861931390924
C_ROOKANDPAWNMOVEMENT:0.44357861931390924
C_CENTERCONTROL:0.5088760283478337
C_DEVELOPPIECES:0.5532881716716493
C_MATERIAL:0.39566402447151294
