ELO:987
CE_PASSEDPAWNS:0.48788556200491096
CE_PAWNWEAKNESSES:0.575317440260212
CE_PIECEACTIVITY:0.47980833946558876
CE_KINGPAWNSHIELD:0.4856162107207616
CE_PIECECOORDINATION:0.41655720793767276
CE_MATERIAL:0.4383826616961279
CE_KINGSAFETY:0.4878762972355113
C_PIECESQUARETABLES:0.5118802017736106
C_MOBILITY:0.5288942565390906
C_KINGSAFETY:0.5091658843159703
C_PAWNSTRUCTURE:0.5034860581944606
C_PIECECOORDINATION:0.5021091465460611
C_ROOKANDPAWNMOVEMENT:0.5021091465460611
C_CENTERCONTROL:0.48638045205540154
C_DEVELOPPIECES:0.46433982976568067
C_MATERIAL:0.4732140589485778
