ELO:946
CE_PASSEDPAWNS:0.44256753386410336
CE_PAWNWEAKNESSES:0.44825932749791597
CE_PIECEACTIVITY:0.5076141103067544
CE_KINGPAWNSHIELD:0.39892261821659925
CE_PIECECOORDINATION:0.5565538614419876
CE_MATERIAL:0.33503694591751976
CE_KINGSAFETY:0.4933320303127371
C_PIECESQUARETABLES:0.5073904745301118
C_MOBILITY:0.360343094848307
C_KINGSAFETY:0.4085967387737085
C_PAWNSTRUCTURE:0.6084278527419137
C_PIECECOORDINATION:0.42567627076174436
C_ROOKANDPAWNMOVEMENT:0.42567627076174436
C_CENTERCONTROL:0.4256666375333602
C_DEVELOPPIECES:0.5250148547722745
C_MATERIAL:0.5208795608729831
