ELO:838
CE_PASSEDPAWNS:0.5614125544090448
CE_PAWNWEAKNESSES:0.5434491290881576
CE_PIECEACTIVITY:0.42438772414955667
CE_KINGPAWNSHIELD:0.5401877949437066
CE_PIECECOORDINATION:0.4014097061560929
CE_MATERIAL:0.36419115409912384
CE_KINGSAFETY:0.5061245312548566
C_PIECESQUARETABLES:0.4711058818351588
C_MOBILITY:0.5614915785397264
C_KINGSAFETY:0.4164437720101012
C_PAWNSTRUCTURE:0.6227735305229041
C_PIECECOORDINATION:0.5821776002735833
C_ROOKANDPAWNMOVEMENT:0.5821776002735833
C_CENTERCONTROL:0.43588097526973457
C_DEVELOPPIECES:0.514309885841825
C_MATERIAL:0.4878683734258855
