ELO:1000
CE_PASSEDPAWNS:0.5062536007427167
CE_PAWNWEAKNESSES:0.47712558842340314
CE_PIECEACTIVITY:0.48270737706595956
CE_KINGPAWNSHIELD:0.4814335704116492
CE_PIECECOORDINATION:0.4711667363843766
CE_MATERIAL:0.4979083195151969
CE_KINGSAFETY:0.5054814059818735
C_PIECESQUARETABLES:0.5003176974917775
C_MOBILITY:0.5376823140207524
C_KINGSAFETY:0.49430658900190855
C_PAWNSTRUCTURE:0.5222547945829251
C_PIECECOORDINATION:0.48547131310839486
C_ROOKANDPAWNMOVEMENT:0.48547131310839486
C_CENTERCONTROL:0.47335467200621517
C_DEVELOPPIECES:0.5578094008358698
C_MATERIAL:0.4996261121378977
