ELO:1000
CE_PASSEDPAWNS:0.48175717814860514
CE_PAWNWEAKNESSES:0.5839447685370457
CE_PIECEACTIVITY:0.46916010523711627
CE_KINGPAWNSHIELD:0.46974019978485715
CE_PIECECOORDINATION:0.41205525285418554
CE_MATERIAL:0.44102188050061997
CE_KINGSAFETY:0.5343306236780885
C_PIECESQUARETABLES:0.4961715430887366
C_MOBILITY:0.5158232780609154
C_KINGSAFETY:0.516929579151199
C_PAWNSTRUCTURE:0.5101941608080961
C_PIECECOORDINATION:0.49817643711454523
C_ROOKANDPAWNMOVEMENT:0.49817643711454523
C_CENTERCONTROL:0.49181861025323986
C_DEVELOPPIECES:0.470833497723625
C_MATERIAL:0.46994375563638774
