ELO:1063
CE_PASSEDPAWNS:0.6233268439809814
CE_PAWNWEAKNESSES:0.511628495109137
CE_PIECEACTIVITY:0.48302758761307985
CE_KINGPAWNSHIELD:0.4589158157706053
CE_PIECECOORDINATION:0.4851940579074086
CE_MATERIAL:0.47181806249751346
CE_KINGSAFETY:0.5140742441395517
C_PIECESQUARETABLES:0.5019509586309842
C_MOBILITY:0.46067376766682466
C_KINGSAFETY:0.4835193132458541
C_PAWNSTRUCTURE:0.40633054213187486
C_PIECECOORDINATION:0.4567280636878081
C_ROOKANDPAWNMOVEMENT:0.4567280636878081
C_CENTERCONTROL:0.49226602358837257
C_DEVELOPPIECES:0.5795799509343093
C_MATERIAL:0.4038154571590728
