ELO:1000
CE_PASSEDPAWNS:0.5
CE_PAWNWEAKNESSES:0.5
CE_PIECEACTIVITY:0.49769744341649697
CE_KINGPAWNSHIELD:0.4957897639017347
CE_PIECECOORDINATION:0.49509614701461846
CE_MATERIAL:0.5
CE_KINGSAFETY:0.4968894696050347
C_PIECESQUARETABLES:0.5048520883412427
C_MOBILITY:0.4965556029328269
C_KINGSAFETY:0.5
C_PAWNSTRUCTURE:0.5
C_PIECECOORDINATION:0.4944117849618943
C_ROOKANDPAWNMOVEMENT:0.4944117849618943
C_CENTERCONTROL:0.5062614032293503
C_DEVELOPPIECES:0.5000527908129724
C_MATERIAL:0.5107076421987276
