ELO:1051
CE_PASSEDPAWNS:0.6027533416597542
CE_PAWNWEAKNESSES:0.46574323021842606
CE_PIECEACTIVITY:0.4845902868109846
CE_KINGPAWNSHIELD:0.4905796778222996
CE_PIECECOORDINATION:0.46957779207538336
CE_MATERIAL:0.46493140520843934
CE_KINGSAFETY:0.517940260964419
C_PIECESQUARETABLES:0.4890222088252568
C_MOBILITY:0.5503443321717874
C_KINGSAFETY:0.599794291390453
C_PAWNSTRUCTURE:0.4036306191717397
C_PIECECOORDINATION:0.44357861931390924
C_ROOKANDPAWNMOVEMENT:0.44357861931390924
C_CENTERCONTROL:0.543335455704406
C_DEVELOPPIECES:0.5416585497061012
C_MATERIAL:0.3931181530314795
