ELO:965
CE_PASSEDPAWNS:0.39792981371987557
CE_PAWNWEAKNESSES:0.4354044031369984
CE_PIECEACTIVITY:0.5196999242550779
CE_KINGPAWNSHIELD:0.47944219741859667
CE_PIECECOORDINATION:0.46544225017118723
CE_MATERIAL:0.5543312360437946
CE_KINGSAFETY:0.49630623694466847
C_PIECESQUARETABLES:0.5
C_MOBILITY:0.49484495106222803
C_KINGSAFETY:0.5688874896882732
C_PAWNSTRUCTURE:0.3185933080351275
C_PIECECOORDINATION:0.5426316131721678
C_ROOKANDPAWNMOVEMENT:0.5426316131721678
C_CENTERCONTROL:0.40832613232301035
C_DEVELOPPIECES:0.5067495606305472
C_MATERIAL:0.6921624257642893
