ELO:1087
CE_PASSEDPAWNS:0.45988004516546754
CE_PAWNWEAKNESSES:0.4390725085333269
CE_PIECEACTIVITY:0.5071382570163774
CE_KINGPAWNSHIELD:0.5
CE_PIECECOORDINATION:0.49845514478123043
CE_MATERIAL:0.46295221950949766
CE_KINGSAFETY:0.5
C_PIECESQUARETABLES:0.5
C_MOBILITY:0.4544072092316323
C_KINGSAFETY:0.5492955281175484
C_PAWNSTRUCTURE:0.5091220547528964
C_PIECECOORDINATION:0.44805197955717574
C_ROOKANDPAWNMOVEMENT:0.44805197955717574
C_CENTERCONTROL:0.4742081544767967
C_DEVELOPPIECES:0.47991129559973267
C_MATERIAL:0.5
C_MOVECOUNT:0.5
