ELO:940
CE_PASSEDPAWNS:0.5111205199287276
CE_PAWNWEAKNESSES:0.4411132576103295
CE_PIECEACTIVITY:0.5451516612652306
CE_KINGPAWNSHIELD:0.5
CE_PIECECOORDINATION:0.6311559494702633
CE_MATERIAL:0.5347047193315649
CE_KINGSAFETY:0.5
C_PIECESQUARETABLES:0.5
C_MOBILITY:0.51815244561494
C_KINGSAFETY:0.49141479951764416
C_PAWNSTRUCTURE:0.5383451718890497
C_PIECECOORDINATION:0.4521346749816416
C_ROOKANDPAWNMOVEMENT:0.4521346749816416
C_CENTERCONTROL:0.6376405652362516
C_DEVELOPPIECES:0.4732142786378269
C_MATERIAL:0.4288870887686325
C_MOVECOUNT:0.49933219625755987
