ELO:1036
CE_PASSEDPAWNS:0.524431766950775
CE_PAWNWEAKNESSES:0.4995970188208967
CE_PIECEACTIVITY:0.5079864363510485
CE_KINGPAWNSHIELD:0.5110461010985974
CE_PIECECOORDINATION:0.5107711059505068
CE_MATERIAL:0.5
CE_KINGSAFETY:0.5
C_PIECESQUARETABLES:0.48842246379927207
C_MOBILITY:0.4977456625581131
C_KINGSAFETY:0.48428783030802935
C_PAWNSTRUCTURE:0.49424628576678187
C_PIECECOORDINATION:0.49273118474866584
C_ROOKANDPAWNMOVEMENT:0.49273118474866584
C_CENTERCONTROL:0.5
C_DEVELOPPIECES:0.5
C_MATERIAL:0.48877939944495813
C_MOVECOUNT:0.5
