ELO:1062
CE_PASSEDPAWNS:0.48944242815961686
CE_PAWNWEAKNESSES:0.5007823580873638
CE_PIECEACTIVITY:0.5100890023247386
CE_KINGPAWNSHIELD:0.5007721174266254
CE_PIECECOORDINATION:0.5127208638421643
CE_MATERIAL:0.5
CE_KINGSAFETY:0.5
C_PIECESQUARETABLES:0.5
C_MOBILITY:0.5068923201911351
C_KINGSAFETY:0.479614052768268
C_PAWNSTRUCTURE:0.5140965380153382
C_PIECECOORDINATION:0.5182525005146978
C_ROOK:0.5187550577959981
CE_ROOK:0.5046425883952697
C_CENTERCONTROL:0.5
C_DEVELOPPIECES:0.4831363253120554
C_MATERIAL:0.5104270111795414
C_MOVECOUNT:0.5
C_PAWNMOVEMENT:0.5068568556343356
