ELO:904
CE_PASSEDPAWNS:0.5170881816067547
CE_PAWNWEAKNESSES:0.490427083146222
CE_PIECEACTIVITY:0.45467779174442374
CE_KINGPAWNSHIELD:0.45744435013890045
CE_PIECECOORDINATION:0.5058425112191176
CE_MATERIAL:0.5376942071714466
CE_KINGSAFETY:0.5
C_PIECESQUARETABLES:0.5
C_MOBILITY:0.4544072092316323
C_KINGSAFETY:0.5212630770538783
C_PAWNSTRUCTURE:0.4515996402433376
C_PIECECOORDINATION:0.466788837795545
C_ROOKANDPAWNMOVEMENT:0.466788837795545
C_CENTERCONTROL:0.48378495871307964
C_DEVELOPPIECES:0.5415559659513193
C_MATERIAL:0.5029686955030372
C_MOVECOUNT:0.5
