ELO:914
CE_PASSEDPAWNS:0.43122184732110014
CE_PAWNWEAKNESSES:0.5470069302888573
CE_PIECEACTIVITY:0.5160697230002005
CE_KINGPAWNSHIELD:0.5540249419450669
CE_PIECECOORDINATION:0.5643244518316124
CE_MATERIAL:0.4479360725927326
CE_KINGSAFETY:0.5542745101798217
C_PIECESQUARETABLES:0.4902509024859375
C_MOBILITY:0.4950783130322792
C_KINGSAFETY:0.48633703725562955
C_PAWNSTRUCTURE:0.5098472482330738
C_PIECECOORDINATION:0.5081794855244139
C_ROOKANDPAWNMOVEMENT:0.5081794855244139
C_CENTERCONTROL:0.5495344184719859
C_DEVELOPPIECES:0.4903622754022048
C_MATERIAL:0.5507954703144491
C_MOVECOUNT:0.5
