ELO:1089
CE_PASSEDPAWNS:0.6244839349281954
CE_PAWNWEAKNESSES:0.4913955703625296
CE_PIECEACTIVITY:0.4749362909216822
CE_KINGPAWNSHIELD:0.48200996443517397
CE_PIECECOORDINATION:0.47500727534164894
CE_MATERIAL:0.45398262924940724
CE_KINGSAFETY:0.5
C_PIECESQUARETABLES:0.5021822673007841
C_MOBILITY:0.42105203460517804
C_KINGSAFETY:0.5076807408223325
C_PAWNSTRUCTURE:0.41159374709656454
C_PIECECOORDINATION:0.47863206872267633
C_ROOKANDPAWNMOVEMENT:0.47863206872267633
C_CENTERCONTROL:0.5252029104467697
C_DEVELOPPIECES:0.5757913049809192
C_MATERIAL:0.42828260800219364
