ELO:1010
CE_PASSEDPAWNS:0.4619094096546953
CE_PAWNWEAKNESSES:0.4633893997730888
CE_PIECEACTIVITY:0.5028338027688394
CE_KINGPAWNSHIELD:0.38388483151504366
CE_PIECECOORDINATION:0.507620518643117
CE_MATERIAL:0.3187006387886864
CE_KINGSAFETY:0.47098269751239824
C_PIECESQUARETABLES:0.4678480152287855
C_MOBILITY:0.3615479109464687
C_KINGSAFETY:0.4450701303612069
C_PAWNSTRUCTURE:0.6163509663753776
C_PIECECOORDINATION:0.42832741677783465
C_ROOKANDPAWNMOVEMENT:0.42832741677783465
C_CENTERCONTROL:0.48483103004513445
C_DEVELOPPIECES:0.5305631201589811
C_MATERIAL:0.5262497853939252
