ELO:874
CE_PASSEDPAWNS:0.5265713360945007
CE_PAWNWEAKNESSES:0.5024584257773732
CE_PIECEACTIVITY:0.5112858453129302
CE_KINGPAWNSHIELD:0.5382619911586198
CE_PIECECOORDINATION:0.48520410603400477
CE_MATERIAL:0.553475917141211
CE_KINGSAFETY:0.4917070023326448
C_PIECESQUARETABLES:0.4968484593554729
C_MOBILITY:0.5231462103890422
C_KINGSAFETY:0.4632233822410068
C_PAWNSTRUCTURE:0.529939416336623
C_PIECECOORDINATION:0.5276847734368495
C_ROOKANDPAWNMOVEMENT:0.5276847734368495
C_CENTERCONTROL:0.505647094007494
C_DEVELOPPIECES:0.47091360330267257
C_MATERIAL:0.5256572897675735
C_MOVECOUNT:0.520698219368571
