ELO:964
CE_PASSEDPAWNS:0.4707194605190057
CE_PAWNWEAKNESSES:0.5199262145919128
CE_PIECEACTIVITY:0.5018744853280969
CE_KINGPAWNSHIELD:0.513980051977531
CE_PIECECOORDINATION:0.5275022494327453
CE_MATERIAL:0.4986256203991907
CE_KINGSAFETY:0.5083923002857089
C_PIECESQUARETABLES:0.4966848462675556
C_MOBILITY:0.5174494544437656
C_KINGSAFETY:0.5
C_PAWNSTRUCTURE:0.4734350493153322
C_PIECECOORDINATION:0.5
C_ROOKANDPAWNMOVEMENT:0.5
C_CENTERCONTROL:0.5051160825285803
C_DEVELOPPIECES:0.47284467920386575
C_MATERIAL:0.48442491173463015
C_MOVECOUNT:0.5
