ELO:989
CE_PASSEDPAWNS:0.3671258369474086
CE_PAWNWEAKNESSES:0.5183850699057587
CE_PIECEACTIVITY:0.5664952957240075
CE_KINGPAWNSHIELD:0.4716168127596081
CE_PIECECOORDINATION:0.4774206621621762
CE_MATERIAL:0.5125313430690898
CE_KINGSAFETY:0.5037484951511783
C_PIECESQUARETABLES:0.4919529787929316
C_MOBILITY:0.49632786208944807
C_KINGSAFETY:0.5527475144527146
C_PAWNSTRUCTURE:0.30673609561922904
C_PIECECOORDINATION:0.4455295289066636
C_ROOKANDPAWNMOVEMENT:0.4455295289066636
C_CENTERCONTROL:0.35488331713916
C_DEVELOPPIECES:0.48463106472835726
C_MATERIAL:0.6729991751784519
