ELO:1051
CE_PASSEDPAWNS:0.49244450137678064
CE_PAWNWEAKNESSES:0.5007823580873638
CE_PIECEACTIVITY:0.512973614661882
CE_KINGPAWNSHIELD:0.5053802018525926
CE_PIECECOORDINATION:0.5149684480181834
CE_MATERIAL:0.5034413185584637
CE_KINGSAFETY:0.5
C_PIECESQUARETABLES:0.5
C_MOBILITY:0.4747987292695115
C_KINGSAFETY:0.499417299048897
C_PAWNSTRUCTURE:0.49817597534023766
C_PIECECOORDINATION:0.5108340780944686
C_ROOK:0.5357322013222873
CE_ROOK:0.47507486477495864
C_CENTERCONTROL:0.5138805772355112
C_DEVELOPPIECES:0.4831363253120554
C_MATERIAL:0.48826105598907077
C_MOVECOUNT:0.5128536074138685
C_PAWNMOVEMENT:0.5068568556343356
