ELO:973
CE_PASSEDPAWNS:0.4574830646867552
CE_PAWNWEAKNESSES:0.5648609884627546
CE_PIECEACTIVITY:0.539189504341278
CE_KINGPAWNSHIELD:0.5226501672458583
CE_PIECECOORDINATION:0.49344533955327513
CE_MATERIAL:0.44997234683093
CE_KINGSAFETY:0.504249942560793
C_PIECESQUARETABLES:0.507948043864353
C_MOBILITY:0.46078656823301206
C_KINGSAFETY:0.48637762687504327
C_PAWNSTRUCTURE:0.49283763947106507
C_PIECECOORDINATION:0.47385329895812534
C_ROOKANDPAWNMOVEMENT:0.47385329895812534
C_CENTERCONTROL:0.4965998179140349
C_DEVELOPPIECES:0.49196925239383327
C_MATERIAL:0.5252555034215076
