ELO:1000
CE_PASSEDPAWNS:0.4954731119021441
CE_PAWNWEAKNESSES:0.4726097050036219
CE_PIECEACTIVITY:0.4768303170169992
CE_KINGPAWNSHIELD:0.4761723355911003
CE_PIECECOORDINATION:0.4598674354044837
CE_MATERIAL:0.49692049810176026
CE_KINGSAFETY:0.49032194770229737
C_PIECESQUARETABLES:0.5
C_MOBILITY:0.5412964037961319
C_KINGSAFETY:0.5042682388754466
C_PAWNSTRUCTURE:0.5272569903287307
C_PIECECOORDINATION:0.4541607257646807
C_ROOKANDPAWNMOVEMENT:0.4541607257646807
C_CENTERCONTROL:0.5020374949686526
C_DEVELOPPIECES:0.5513673100317503
C_MATERIAL:0.48975257074095596
