ELO:1054
CE_PASSEDPAWNS:0.4984997249495993
CE_PAWNWEAKNESSES:0.5162263594970332
CE_PIECEACTIVITY:0.5100890023247386
CE_KINGPAWNSHIELD:0.5050914370919352
CE_PIECECOORDINATION:0.5330292707230271
CE_MATERIAL:0.5169957844604913
CE_KINGSAFETY:0.5
C_PIECESQUARETABLES:0.5
C_MOBILITY:0.49505961881672944
C_KINGSAFETY:0.4778837742082676
C_PAWNSTRUCTURE:0.4810397474137898
C_PIECECOORDINATION:0.5185126645912487
C_ROOK:0.5187550577959981
CE_ROOK:0.47507486477495864
C_CENTERCONTROL:0.5053794469088625
C_DEVELOPPIECES:0.4831363253120554
C_MATERIAL:0.48826105598907077
C_MOVECOUNT:0.47802042898757824
C_PAWNMOVEMENT:0.5068568556343356
