ELO:854
CE_PASSEDPAWNS:0.5341072983417693
CE_PAWNWEAKNESSES:0.5572047888348586
CE_PIECEACTIVITY:0.5392319537388391
CE_KINGPAWNSHIELD:0.5478058575937115
CE_PIECECOORDINATION:0.47163425748150706
CE_MATERIAL:0.5616652997097296
CE_KINGSAFETY:0.46998215762067536
C_PIECESQUARETABLES:0.4836137714638385
C_MOBILITY:0.5450460195125677
C_KINGSAFETY:0.47176584690575857
C_PAWNSTRUCTURE:0.5283066265421797
C_PIECECOORDINATION:0.5310558699841292
C_ROOKANDPAWNMOVEMENT:0.5310558699841292
C_CENTERCONTROL:0.5385194738010932
C_DEVELOPPIECES:0.49472044696140605
C_MATERIAL:0.5286302064367127
C_MOVECOUNT:0.5559405017252361
