ELO:1000
CE_PASSEDPAWNS:0.5027385374934111
CE_PAWNWEAKNESSES:0.5149495748604955
CE_PIECEACTIVITY:0.5135015249480008
CE_KINGPAWNSHIELD:0.4913535639652589
CE_PIECECOORDINATION:0.49455960107973523
CE_MATERIAL:0.4839697371734201
CE_KINGSAFETY:0.47134768240457237
C_PIECESQUARETABLES:0.48003960558066605
C_MOBILITY:0.46698358149862274
C_KINGSAFETY:0.5339844299409472
C_PAWNSTRUCTURE:0.4898024018389158
C_PIECECOORDINATION:0.4768456131995913
C_ROOKANDPAWNMOVEMENT:0.4768456131995913
C_CENTERCONTROL:0.4812431862321916
C_DEVELOPPIECES:0.4667658284109791
C_MATERIAL:0.5373275469840988
