ELO:999
CE_PASSEDPAWNS:0.49163577863337715
CE_PAWNWEAKNESSES:0.5100468872745191
CE_PIECEACTIVITY:0.5251885281595053
CE_KINGPAWNSHIELD:0.5143028763086276
CE_PIECECOORDINATION:0.4616739938299819
CE_MATERIAL:0.4446613424274576
CE_KINGSAFETY:0.5082074955107126
C_PIECESQUARETABLES:0.5381735817166824
C_MOBILITY:0.5071005509389823
C_KINGSAFETY:0.5685928085181842
C_PAWNSTRUCTURE:0.49346551730138155
C_PIECECOORDINATION:0.4376357152714042
C_ROOKANDPAWNMOVEMENT:0.4376357152714042
C_CENTERCONTROL:0.5165588521808369
C_DEVELOPPIECES:0.5536519429488643
C_MATERIAL:0.5260079416790818
