ELO:930
CE_PASSEDPAWNS:0.5201922225172152
CE_PAWNWEAKNESSES:0.520829697149954
CE_PIECEACTIVITY:0.4394679513430686
CE_KINGPAWNSHIELD:0.46325754477557707
CE_PIECECOORDINATION:0.4209904168247734
CE_MATERIAL:0.37610710333643854
CE_KINGSAFETY:0.4486689858897468
C_PIECESQUARETABLES:0.5485272841068395
C_MOBILITY:0.5734065367475667
C_KINGSAFETY:0.44665832943978323
C_PAWNSTRUCTURE:0.6251489044231602
C_PIECECOORDINATION:0.5857087991494065
C_ROOKANDPAWNMOVEMENT:0.5857087991494065
C_CENTERCONTROL:0.42067794666162667
C_DEVELOPPIECES:0.5603992742896755
C_MATERIAL:0.4926137691883587
