ELO:1004
CE_PASSEDPAWNS:0.48390325885431873
CE_PAWNWEAKNESSES:0.46471774851831904
CE_PIECEACTIVITY:0.4942928957576191
CE_KINGPAWNSHIELD:0.3894055327402884
CE_PIECECOORDINATION:0.5235242094084608
CE_MATERIAL:0.3288606029125212
CE_KINGSAFETY:0.46789991621952387
C_PIECESQUARETABLES:0.46193428677764387
C_MOBILITY:0.36430858184321263
C_KINGSAFETY:0.41927129678917124
C_PAWNSTRUCTURE:0.6163509663753776
C_PIECECOORDINATION:0.42783726836687597
C_ROOKANDPAWNMOVEMENT:0.42783726836687597
C_CENTERCONTROL:0.48718863503358784
C_DEVELOPPIECES:0.5317215825916215
C_MATERIAL:0.5275450389663977
