ELO:998
CE_PASSEDPAWNS:0.4872516924594764
CE_PAWNWEAKNESSES:0.5073463927557573
CE_PIECEACTIVITY:0.5121282400724958
CE_KINGPAWNSHIELD:0.4919264161847838
CE_PIECECOORDINATION:0.4803525871015728
CE_MATERIAL:0.4889087150743109
CE_KINGSAFETY:0.5117326964306553
C_PIECESQUARETABLES:0.5097536832798452
C_MOBILITY:0.4981704057596291
C_KINGSAFETY:0.516052353577402
C_PAWNSTRUCTURE:0.48337107789172373
C_PIECECOORDINATION:0.4770061636557262
C_ROOK:0.5428848215082815
CE_ROOK:0.4982026568064192
C_CENTERCONTROL:0.5040321150453012
C_DEVELOPPIECES:0.5074150803377561
C_MATERIAL:0.5329879038311632
C_MOVECOUNT:0.49965283440718755
C_PAWNMOVEMENT:0.46006032796637364
