ELO:1000
CE_PASSEDPAWNS:0.48711337731902415
CE_PAWNWEAKNESSES:0.49624805233934877
CE_PIECEACTIVITY:0.4965003577559664
CE_KINGPAWNSHIELD:0.5278781817775319
CE_PIECECOORDINATION:0.5157730569174307
CE_MATERIAL:0.528567196460674
CE_KINGSAFETY:0.4838414327312723
C_PIECESQUARETABLES:0.49526987325956445
C_MOBILITY:0.4860723277452676
C_KINGSAFETY:0.5036155174659748
C_PAWNSTRUCTURE:0.50014137397415
C_PIECECOORDINATION:0.5220845455660845
C_ROOKANDPAWNMOVEMENT:0.5220845455660845
C_CENTERCONTROL:0.4751933045882339
C_DEVELOPPIECES:0.4776887907392068
C_MATERIAL:0.46640448194463835
