ELO:1036
CE_PASSEDPAWNS:0.5079416956845688
CE_PAWNWEAKNESSES:0.5
CE_PIECEACTIVITY:0.5
CE_KINGPAWNSHIELD:0.5061970556188875
CE_PIECECOORDINATION:0.48033366618608303
CE_MATERIAL:0.4610430865243625
CE_KINGSAFETY:0.5
C_PIECESQUARETABLES:0.5034577028682816
C_MOBILITY:0.5035823562024039
C_KINGSAFETY:0.5
C_PAWNSTRUCTURE:0.4914634407984229
C_PIECECOORDINATION:0.5127926256547507
C_ROOKANDPAWNMOVEMENT:0.5127926256547507
C_CENTERCONTROL:0.4875865750666203
C_DEVELOPPIECES:0.5030410910939745
C_MATERIAL:0.5
C_MOVECOUNT:0.5
