ELO:990
CE_PASSEDPAWNS:0.4932195655559895
CE_PAWNWEAKNESSES:0.519011799478683
CE_PIECEACTIVITY:0.5147864451700268
CE_KINGPAWNSHIELD:0.4956722372752411
CE_PIECECOORDINATION:0.5148664986687805
CE_MATERIAL:0.5017350979395981
CE_KINGSAFETY:0.5
C_PIECESQUARETABLES:0.5
C_MOBILITY:0.4931458866185327
C_KINGSAFETY:0.5095990979205174
C_PAWNSTRUCTURE:0.4891958689557547
C_PIECECOORDINATION:0.5017768706127871
C_ROOK:0.5368792937958999
CE_ROOK:0.5089956230629697
C_CENTERCONTROL:0.5003169723845596
C_DEVELOPPIECES:0.5162309986933612
C_MATERIAL:0.5040220829809056
C_MOVECOUNT:0.4918110178076984
C_PAWNMOVEMENT:0.4852258996761651
