ELO:965
CE_PASSEDPAWNS:0.5028994895014931
CE_PAWNWEAKNESSES:0.48076348146081443
CE_PIECEACTIVITY:0.4871195740571465
CE_KINGPAWNSHIELD:0.4999279261744971
CE_PIECECOORDINATION:0.49749849861410533
CE_MATERIAL:0.47908921558308015
CE_KINGSAFETY:0.49766763665743674
C_PIECESQUARETABLES:0.5
C_MOBILITY:0.5171332637298103
C_KINGSAFETY:0.5042934666361836
C_PAWNSTRUCTURE:0.5049149542103383
C_PIECECOORDINATION:0.5143260290966847
C_ROOKANDPAWNMOVEMENT:0.5143260290966847
C_CENTERCONTROL:0.5031410200216848
C_DEVELOPPIECES:0.4868398392695538
C_MATERIAL:0.49577134322185723
C_MOVECOUNT:0.4860195229967141
