ELO:979
CE_PASSEDPAWNS:0.48778066574603013
CE_PAWNWEAKNESSES:0.5359679880825982
CE_PIECEACTIVITY:0.5101418238361678
CE_KINGPAWNSHIELD:0.48533719734850694
CE_PIECECOORDINATION:0.48757430580780825
CE_MATERIAL:0.4889087150743109
CE_KINGSAFETY:0.5
C_PIECESQUARETABLES:0.49331800093904443
C_MOBILITY:0.4981704057596291
C_KINGSAFETY:0.5201074012854264
C_PAWNSTRUCTURE:0.47977988986113557
C_PIECECOORDINATION:0.4771032725943177
C_ROOK:0.5426945502565559
CE_ROOK:0.4982026568064192
C_CENTERCONTROL:0.5032448879465066
C_DEVELOPPIECES:0.5000749179005517
C_MATERIAL:0.5377474796285482
C_MOVECOUNT:0.5086476948640725
C_PAWNMOVEMENT:0.47092029109822037
