ELO:986
CE_PASSEDPAWNS:0.5019680764251402
CE_PAWNWEAKNESSES:0.5056752521047312
CE_PIECEACTIVITY:0.48814186323993225
CE_KINGPAWNSHIELD:0.5094332955836155
CE_PIECECOORDINATION:0.5044142864324249
CE_MATERIAL:0.5063255490404097
CE_KINGSAFETY:0.5
C_PIECESQUARETABLES:0.5095887236348847
C_MOBILITY:0.4908595985142693
C_KINGSAFETY:0.5030650937485106
C_PAWNSTRUCTURE:0.48128682884209767
C_PIECECOORDINATION:0.5
C_ROOKANDPAWNMOVEMENT:0.5
C_CENTERCONTROL:0.4938585368003773
C_DEVELOPPIECES:0.5022145843399864
C_MATERIAL:0.48286913877852505
C_MOVECOUNT:0.47059354404101705
