ELO:1000
CE_PASSEDPAWNS:0.4943797398447958
CE_PAWNWEAKNESSES:0.5
CE_PIECEACTIVITY:0.5054286817405547
CE_KINGPAWNSHIELD:0.5
CE_PIECECOORDINATION:0.4934365007747959
CE_MATERIAL:0.5
CE_KINGSAFETY:0.5076049799018806
C_PIECESQUARETABLES:0.507654118484335
C_MOBILITY:0.4949859316114893
C_KINGSAFETY:0.5115203885912027
C_PAWNSTRUCTURE:0.5180414665808133
C_PIECECOORDINATION:0.5
C_ROOKANDPAWNMOVEMENT:0.5
C_CENTERCONTROL:0.5
C_DEVELOPPIECES:0.4893001303381698
C_MATERIAL:0.5044598254879966
