ELO:890
CE_PASSEDPAWNS:0.4590198053964585
CE_PAWNWEAKNESSES:0.5390526880707883
CE_PIECEACTIVITY:0.5122767485633479
CE_KINGPAWNSHIELD:0.4607914946723284
CE_PIECECOORDINATION:0.4995580340086564
CE_MATERIAL:0.5216810551311906
CE_KINGSAFETY:0.5093437586051303
C_PIECESQUARETABLES:0.4977130233119977
C_MOBILITY:0.4478741408690577
C_KINGSAFETY:0.5113816094758317
C_PAWNSTRUCTURE:0.5274408903512212
C_PIECECOORDINATION:0.4655701938685598
C_ROOK:0.5543585259214712
CE_ROOK:0.47666405481916474
C_CENTERCONTROL:0.4368293232107625
C_DEVELOPPIECES:0.4995654188519343
C_MATERIAL:0.54366714801708
C_MOVECOUNT:0.4760182383863324
C_PAWNMOVEMENT:0.4258147456318372
