ELO:1070
CE_PASSEDPAWNS:0.45988004516546754
CE_PAWNWEAKNESSES:0.40178426622423635
CE_PIECEACTIVITY:0.5071382570163774
CE_KINGPAWNSHIELD:0.5355193258009439
CE_PIECECOORDINATION:0.5
CE_MATERIAL:0.4764395541305852
CE_KINGSAFETY:0.5
C_PIECESQUARETABLES:0.5
C_MOBILITY:0.4494825325847286
C_KINGSAFETY:0.5362474985487324
C_PAWNSTRUCTURE:0.47069581632315793
C_PIECECOORDINATION:0.41887958169099804
C_ROOKANDPAWNMOVEMENT:0.41887958169099804
C_CENTERCONTROL:0.4436718902494277
C_DEVELOPPIECES:0.39390221496310657
C_MATERIAL:0.47000530886640185
C_MOVECOUNT:0.5
