ELO:1000
CE_PASSEDPAWNS:0.48548845747820585
CE_PAWNWEAKNESSES:0.49193691294056274
CE_PIECEACTIVITY:0.4940635472631264
CE_KINGPAWNSHIELD:0.5179989332114848
CE_PIECECOORDINATION:0.5229712462864311
CE_MATERIAL:0.5383922068965284
CE_KINGSAFETY:0.4760232995761341
C_PIECESQUARETABLES:0.5048055574296059
C_MOBILITY:0.4911448492135469
C_KINGSAFETY:0.5012675084794613
C_PAWNSTRUCTURE:0.5014100605653101
C_PIECECOORDINATION:0.5318906230288956
C_ROOKANDPAWNMOVEMENT:0.5318906230288956
C_CENTERCONTROL:0.4865450968056807
C_DEVELOPPIECES:0.47460109053903105
C_MATERIAL:0.45674060509638753
