ELO:998
CE_PASSEDPAWNS:0.5197113452504678
CE_PAWNWEAKNESSES:0.4986248734092661
CE_PIECEACTIVITY:0.4938417944928334
CE_KINGPAWNSHIELD:0.5103101742964373
CE_PIECECOORDINATION:0.4783148262154162
CE_MATERIAL:0.49554748653520325
CE_KINGSAFETY:0.5074790188647509
C_PIECESQUARETABLES:0.5083815432775761
C_MOBILITY:0.4976863206382492
C_KINGSAFETY:0.527021926318868
C_PAWNSTRUCTURE:0.5083527800205268
C_PIECECOORDINATION:0.5025787174131483
C_ROOKANDPAWNMOVEMENT:0.5025787174131483
C_CENTERCONTROL:0.49049849994004585
C_DEVELOPPIECES:0.5
C_MATERIAL:0.49778283065271595
C_MOVECOUNT:0.5
