ELO:999
CE_PASSEDPAWNS:0.490426276264267
CE_PAWNWEAKNESSES:0.5
CE_PIECEACTIVITY:0.4955636435619268
CE_KINGPAWNSHIELD:0.5111576336543217
CE_PIECECOORDINATION:0.5
CE_MATERIAL:0.506577553539596
CE_KINGSAFETY:0.5
C_PIECESQUARETABLES:0.48897489579775044
C_MOBILITY:0.5012129922233891
C_KINGSAFETY:0.48847080286089767
C_PAWNSTRUCTURE:0.49690834989946836
C_PIECECOORDINATION:0.5
C_ROOK:0.5080240234014134
CE_ROOK:0.5011255191321988
C_CENTERCONTROL:0.5
C_DEVELOPPIECES:0.5
C_MATERIAL:0.509071535100112
C_MOVECOUNT:0.5005033692908879
C_PAWNMOVEMENT:0.5
