ELO:938
CE_PASSEDPAWNS:0.5706998896498552
CE_PAWNWEAKNESSES:0.4733786845917986
CE_PIECEACTIVITY:0.5208299769395274
CE_KINGPAWNSHIELD:0.4192919272872206
CE_PIECECOORDINATION:0.4539553422823747
CE_MATERIAL:0.4603735960179386
CE_KINGSAFETY:0.5006917574212314
C_PIECESQUARETABLES:0.5063974181081435
C_MOBILITY:0.415703079715424
C_KINGSAFETY:0.40042505217690977
C_PAWNSTRUCTURE:0.4470332948542185
C_PIECECOORDINATION:0.4727631028364722
C_ROOKANDPAWNMOVEMENT:0.4727631028364722
C_CENTERCONTROL:0.4718039665350225
C_DEVELOPPIECES:0.5412806896430181
C_MATERIAL:0.5027093340680399
