ELO:901
CE_PASSEDPAWNS:0.5604751124741016
CE_PAWNWEAKNESSES:0.5051420983663673
CE_PIECEACTIVITY:0.5188971706654022
CE_KINGPAWNSHIELD:0.42179749329421207
CE_PIECECOORDINATION:0.42697338454303446
CE_MATERIAL:0.4392559570732829
CE_KINGSAFETY:0.5
C_PIECESQUARETABLES:0.48322853226193907
C_MOBILITY:0.4075137205230621
C_KINGSAFETY:0.40042505217690977
C_PAWNSTRUCTURE:0.43242129220269515
C_PIECECOORDINATION:0.4788718634782144
C_ROOKANDPAWNMOVEMENT:0.4788718634782144
C_CENTERCONTROL:0.46106577899186424
C_DEVELOPPIECES:0.5662138738957845
C_MATERIAL:0.5151385534957931
