ELO:928
CE_PASSEDPAWNS:0.45202296967803884
CE_PAWNWEAKNESSES:0.5307519504666738
CE_PIECEACTIVITY:0.5073096091928596
CE_KINGPAWNSHIELD:0.4443802909532298
CE_PIECECOORDINATION:0.4777113557428415
CE_MATERIAL:0.49906650405751757
CE_KINGSAFETY:0.5
C_PIECESQUARETABLES:0.5
C_MOBILITY:0.4674363954167918
C_KINGSAFETY:0.5095060265835593
C_PAWNSTRUCTURE:0.5154762595530805
C_PIECECOORDINATION:0.4633839418115348
C_ROOK:0.5705502300313697
CE_ROOK:0.48672545568319886
C_CENTERCONTROL:0.4803223679552991
C_DEVELOPPIECES:0.506075230267666
C_MATERIAL:0.545675215975663
C_MOVECOUNT:0.49143877785703166
C_PAWNMOVEMENT:0.44500610297120285
