ELO:919
CE_PASSEDPAWNS:0.4626707868113542
CE_PAWNWEAKNESSES:0.5360004349138969
CE_PIECEACTIVITY:0.5170885636186229
CE_KINGPAWNSHIELD:0.44367336124229406
CE_PIECECOORDINATION:0.4803190588980381
CE_MATERIAL:0.5193473944630261
CE_KINGSAFETY:0.4991365417472053
C_PIECESQUARETABLES:0.49718720129692745
C_MOBILITY:0.4508431283295659
C_KINGSAFETY:0.5209086996493519
C_PAWNSTRUCTURE:0.5153727839548571
C_PIECECOORDINATION:0.45498195157607557
C_ROOK:0.5783920052626405
CE_ROOK:0.4820212582534689
C_CENTERCONTROL:0.46706537724763214
C_DEVELOPPIECES:0.49475895605877007
C_MATERIAL:0.5476161253875959
C_MOVECOUNT:0.4662076912809443
C_PAWNMOVEMENT:0.4395034598041309
