ELO:998
CE_PASSEDPAWNS:0.4929791951970664
CE_PAWNWEAKNESSES:0.5221247159800331
CE_PIECEACTIVITY:0.524894201140857
CE_KINGPAWNSHIELD:0.5104313646902352
CE_PIECECOORDINATION:0.4647504456604265
CE_MATERIAL:0.5094192800054433
CE_KINGSAFETY:0.49038653918697284
C_PIECESQUARETABLES:0.49753267885786145
C_MOBILITY:0.45427756456975665
C_KINGSAFETY:0.4817347217626386
C_PAWNSTRUCTURE:0.4728695316894868
C_PIECECOORDINATION:0.4892754712988424
C_ROOKANDPAWNMOVEMENT:0.4892754712988424
C_CENTERCONTROL:0.46884843642495544
C_DEVELOPPIECES:0.4352541903761932
C_MATERIAL:0.5038743562214438
