ELO:890
CE_PASSEDPAWNS:0.5658657615471511
CE_PAWNWEAKNESSES:0.49614682084763206
CE_PIECEACTIVITY:0.5188971706654022
CE_KINGPAWNSHIELD:0.4293752198249874
CE_PIECECOORDINATION:0.4391075500291432
CE_MATERIAL:0.4439052813668516
CE_KINGSAFETY:0.5
C_PIECESQUARETABLES:0.47948274444195854
C_MOBILITY:0.4186956402816714
C_KINGSAFETY:0.40042505217690977
C_PAWNSTRUCTURE:0.4466450344547617
C_PIECECOORDINATION:0.4788718634782144
C_ROOKANDPAWNMOVEMENT:0.4788718634782144
C_CENTERCONTROL:0.45571625951067507
C_DEVELOPPIECES:0.5570910868894146
C_MATERIAL:0.5047680868244926
