ELO:993
CE_PASSEDPAWNS:0.5024172426947833
CE_PAWNWEAKNESSES:0.5219260574503815
CE_PIECEACTIVITY:0.5029691530451381
CE_KINGPAWNSHIELD:0.4847750346471308
CE_PIECECOORDINATION:0.5209667137830957
CE_MATERIAL:0.5111747087094843
CE_KINGSAFETY:0.47942428061124387
C_PIECESQUARETABLES:0.4919944525162408
C_MOBILITY:0.49951501728213965
C_KINGSAFETY:0.5013580911140901
C_PAWNSTRUCTURE:0.5105370547060655
C_PIECECOORDINATION:0.49901229877050013
C_ROOKANDPAWNMOVEMENT:0.49901229877050013
C_CENTERCONTROL:0.48249144618213274
C_DEVELOPPIECES:0.4857604431998669
C_MATERIAL:0.48018656392014075
C_MOVECOUNT:0.5
