ELO:935
CE_PASSEDPAWNS:0.4470256724341908
CE_PAWNWEAKNESSES:0.4879960154535524
CE_PIECEACTIVITY:0.5528561022389564
CE_KINGPAWNSHIELD:0.604839647860709
CE_PIECECOORDINATION:0.4612588068203538
CE_MATERIAL:0.538754248394312
CE_KINGSAFETY:0.5446765093739828
C_PIECESQUARETABLES:0.4693687609970415
C_MOBILITY:0.5868887303164595
C_KINGSAFETY:0.3899988702717521
C_PAWNSTRUCTURE:0.5155694518568134
C_PIECECOORDINATION:0.4511009140701082
C_ROOKANDPAWNMOVEMENT:0.4511009140701082
C_CENTERCONTROL:0.5631796830494884
C_DEVELOPPIECES:0.5126454443923704
C_MATERIAL:0.6129254781705832
