ELO:1018
CE_PASSEDPAWNS:0.5109398417195216
CE_PAWNWEAKNESSES:0.4860610050968886
CE_PIECEACTIVITY:0.5063631224884217
CE_KINGPAWNSHIELD:0.5000436307457887
CE_PIECECOORDINATION:0.5097626629793832
CE_MATERIAL:0.5018682245969748
CE_KINGSAFETY:0.5076095402978559
C_PIECESQUARETABLES:0.5001028597888981
C_MOBILITY:0.5
C_KINGSAFETY:0.5
C_PAWNSTRUCTURE:0.49545250897420123
C_PIECECOORDINATION:0.4774244814307426
C_ROOKANDPAWNMOVEMENT:0.4774244814307426
C_CENTERCONTROL:0.4553714418882571
C_DEVELOPPIECES:0.5
C_MATERIAL:0.49558678003604567
C_MOVECOUNT:0.5
