ELO:967
CE_PASSEDPAWNS:0.48778066574603013
CE_PAWNWEAKNESSES:0.5133253884530655
CE_PIECEACTIVITY:0.5012028713266798
CE_KINGPAWNSHIELD:0.48533719734850694
CE_PIECECOORDINATION:0.4891566534353216
CE_MATERIAL:0.4889087150743109
CE_KINGSAFETY:0.5
C_PIECESQUARETABLES:0.5
C_MOBILITY:0.4981704057596291
C_KINGSAFETY:0.5122375763736706
C_PAWNSTRUCTURE:0.48337107789172373
C_PIECECOORDINATION:0.4771032725943177
C_ROOK:0.5470628494735666
CE_ROOK:0.4982026568064192
C_CENTERCONTROL:0.49574220030597127
C_DEVELOPPIECES:0.5074150803377561
C_MATERIAL:0.5377474796285482
C_MOVECOUNT:0.49664948438919904
C_PAWNMOVEMENT:0.47092029109822037
