ELO:1000
CE_PASSEDPAWNS:0.48825755132761367
CE_PAWNWEAKNESSES:0.5105908587804068
CE_PIECEACTIVITY:0.5
CE_KINGPAWNSHIELD:0.5020577713214974
CE_PIECECOORDINATION:0.49036887724868466
CE_MATERIAL:0.5037570987574902
CE_KINGSAFETY:0.49796621638831523
C_PIECESQUARETABLES:0.4995940769056931
C_MOBILITY:0.48083062381474584
C_KINGSAFETY:0.4845465745477447
C_PAWNSTRUCTURE:0.48942820918434027
C_PIECECOORDINATION:0.5084987691173208
C_ROOK:0.5
CE_ROOK:0.49547784266724715
C_CENTERCONTROL:0.5
C_DEVELOPPIECES:0.5058437321408874
C_MATERIAL:0.47668387067552637
C_MOVECOUNT:0.5077123796274071
C_PAWNMOVEMENT:0.500507730205769
