ELO:998
CE_PASSEDPAWNS:0.49978330225486584
CE_PAWNWEAKNESSES:0.5207908093966631
CE_PIECEACTIVITY:0.5355247954687723
CE_KINGPAWNSHIELD:0.5099254622032168
CE_PIECECOORDINATION:0.4671975283775457
CE_MATERIAL:0.5131386713242522
CE_KINGSAFETY:0.49061814078142035
C_PIECESQUARETABLES:0.4954034415618678
C_MOBILITY:0.44655084844901594
C_KINGSAFETY:0.4719157149909949
C_PAWNSTRUCTURE:0.4614226625910251
C_PIECECOORDINATION:0.4999108912334304
C_ROOKANDPAWNMOVEMENT:0.4999108912334304
C_CENTERCONTROL:0.47407546725374367
C_DEVELOPPIECES:0.4363306085870355
C_MATERIAL:0.4835703966549841
