ELO:984
CE_PASSEDPAWNS:0.49077479230372945
CE_PAWNWEAKNESSES:0.5003832115082663
CE_PIECEACTIVITY:0.5193890750285115
CE_KINGPAWNSHIELD:0.5103475643153781
CE_PIECECOORDINATION:0.5110222166283142
CE_MATERIAL:0.49109781634760896
CE_KINGSAFETY:0.49798808118183135
C_PIECESQUARETABLES:0.4989936610348535
C_MOBILITY:0.5214963966638473
C_KINGSAFETY:0.5001962866672884
C_PAWNSTRUCTURE:0.5102274798136881
C_PIECECOORDINATION:0.4912220162579831
C_ROOKANDPAWNMOVEMENT:0.4912220162579831
C_CENTERCONTROL:0.5095809990107666
C_DEVELOPPIECES:0.5019190504391446
C_MATERIAL:0.48606784175158513
C_MOVECOUNT:0.5394185778761772
