ELO:902
CE_PASSEDPAWNS:0.4668766050549737
CE_PAWNWEAKNESSES:0.5465893566593418
CE_PIECEACTIVITY:0.4967187912389424
CE_KINGPAWNSHIELD:0.46331637101285394
CE_PIECECOORDINATION:0.4892722512157737
CE_MATERIAL:0.4648452726716778
CE_KINGSAFETY:0.4955320640368392
C_PIECESQUARETABLES:0.5336280026473412
C_MOBILITY:0.5041896958610468
C_KINGSAFETY:0.4848014206947027
C_PAWNSTRUCTURE:0.4735103454129121
C_PIECECOORDINATION:0.4897247127886941
C_ROOKANDPAWNMOVEMENT:0.4897247127886941
C_CENTERCONTROL:0.5242698698862424
C_DEVELOPPIECES:0.488197155923311
C_MATERIAL:0.46693390181993366
C_MOVECOUNT:0.5137444594581879
