ELO:1015
CE_PASSEDPAWNS:0.4934123982488963
CE_PAWNWEAKNESSES:0.5067179007440878
CE_PIECEACTIVITY:0.5107039622894056
CE_KINGPAWNSHIELD:0.510079806702973
CE_PIECECOORDINATION:0.5106827953178035
CE_MATERIAL:0.513073304102511
CE_KINGSAFETY:0.49952080904432683
C_PIECESQUARETABLES:0.5
C_MOBILITY:0.49913369160110566
C_KINGSAFETY:0.4988021584738554
C_PAWNSTRUCTURE:0.48667080046954203
C_PIECECOORDINATION:0.5
C_ROOKANDPAWNMOVEMENT:0.5
C_CENTERCONTROL:0.5
C_DEVELOPPIECES:0.48817619348909724
C_MATERIAL:0.47861974614648783
