ELO:1024
CE_PASSEDPAWNS:0.5020804316366726
CE_PAWNWEAKNESSES:0.5
CE_PIECEACTIVITY:0.5
CE_KINGPAWNSHIELD:0.510811511129474
CE_PIECECOORDINATION:0.5
CE_MATERIAL:0.5076651027043615
CE_KINGSAFETY:0.5
C_PIECESQUARETABLES:0.49598872873807315
C_MOBILITY:0.5
C_KINGSAFETY:0.5
C_PAWNSTRUCTURE:0.5
C_PIECECOORDINATION:0.5079849434478471
C_ROOKANDPAWNMOVEMENT:0.5079849434478471
C_CENTERCONTROL:0.5
C_DEVELOPPIECES:0.5114583232718122
C_MATERIAL:0.5
