ELO:1101
CE_PASSEDPAWNS:0.442778421640529
CE_PAWNWEAKNESSES:0.4860899873730244
CE_PIECEACTIVITY:0.49889095774815845
CE_KINGPAWNSHIELD:0.40381024305520336
CE_PIECECOORDINATION:0.4934458440126612
CE_MATERIAL:0.39956084711948114
CE_KINGSAFETY:0.5
C_PIECESQUARETABLES:0.4889304964284274
C_MOBILITY:0.4189939890219221
C_KINGSAFETY:0.6009543595079152
C_PAWNSTRUCTURE:0.4417501100211813
C_PIECECOORDINATION:0.47906499606324177
C_ROOKANDPAWNMOVEMENT:0.47906499606324177
C_CENTERCONTROL:0.5497170467412162
C_DEVELOPPIECES:0.5820451445558772
C_MATERIAL:0.3994269917539153
