ELO:988
CE_PASSEDPAWNS:0.4970355800074467
CE_PAWNWEAKNESSES:0.5186250383280072
CE_PIECEACTIVITY:0.49182945275259693
CE_KINGPAWNSHIELD:0.5021553408461704
CE_PIECECOORDINATION:0.5044142864324249
CE_MATERIAL:0.48165577376709734
CE_KINGSAFETY:0.49301398771444255
C_PIECESQUARETABLES:0.5095887236348847
C_MOBILITY:0.47273018546692847
C_KINGSAFETY:0.501721183538079
C_PAWNSTRUCTURE:0.47234398701094416
C_PIECECOORDINATION:0.5115248056821516
C_ROOKANDPAWNMOVEMENT:0.5115248056821516
C_CENTERCONTROL:0.5051312416811972
C_DEVELOPPIECES:0.505134417529508
C_MATERIAL:0.500220858111553
C_MOVECOUNT:0.49095595326669966
