ELO:873
CE_PASSEDPAWNS:0.44092849338597506
CE_PAWNWEAKNESSES:0.5252041970258593
CE_PIECEACTIVITY:0.42635045997705845
CE_KINGPAWNSHIELD:0.36692972453893125
CE_PIECECOORDINATION:0.49029445823106965
CE_MATERIAL:0.491372588956134
CE_KINGSAFETY:0.4801193295827478
C_PIECESQUARETABLES:0.5221613203510573
C_MOBILITY:0.35877265408766684
C_KINGSAFETY:0.3605163162101572
C_PAWNSTRUCTURE:0.5051009709193203
C_PIECECOORDINATION:0.4385050064786154
C_ROOKANDPAWNMOVEMENT:0.4385050064786154
C_CENTERCONTROL:0.47024633505867264
C_DEVELOPPIECES:0.38839514447675666
C_MATERIAL:0.4499251077845985
