ELO:1170
CE_PASSEDPAWNS:0.40442257841419577
CE_PAWNWEAKNESSES:0.5490730528478448
CE_PIECEACTIVITY:0.42506633836760355
CE_KINGPAWNSHIELD:0.37295618858058843
CE_PIECECOORDINATION:0.5065239077532891
CE_MATERIAL:0.4653665795440101
CE_KINGSAFETY:0.5
C_PIECESQUARETABLES:0.5
C_MOBILITY:0.44009280725563155
C_KINGSAFETY:0.37767688935622257
C_PAWNSTRUCTURE:0.5565549327089838
C_PIECECOORDINATION:0.6034186844261449
C_ROOKANDPAWNMOVEMENT:0.6034186844261449
C_CENTERCONTROL:0.4910158207041803
C_DEVELOPPIECES:0.5528173797779841
C_MATERIAL:0.6249562774005232
