ELO:911
CE_PASSEDPAWNS:0.45939285109871836
CE_PAWNWEAKNESSES:0.5226689287294214
CE_PIECEACTIVITY:0.5056188928706656
CE_KINGPAWNSHIELD:0.4682384716733581
CE_PIECECOORDINATION:0.49017407642692035
CE_MATERIAL:0.4981067795293451
CE_KINGSAFETY:0.5025942695424835
C_PIECESQUARETABLES:0.5
C_MOBILITY:0.4691138197972926
C_KINGSAFETY:0.5208480461326569
C_PAWNSTRUCTURE:0.4891056909622815
C_PIECECOORDINATION:0.4751130650537024
C_ROOK:0.5705502300313697
CE_ROOK:0.4757805601164795
C_CENTERCONTROL:0.48466808112647247
C_DEVELOPPIECES:0.4975980593959666
C_MATERIAL:0.5345834704249278
C_MOVECOUNT:0.49143877785703166
C_PAWNMOVEMENT:0.44500610297120285
