ELO:946
CE_PASSEDPAWNS:0.5395750673634668
CE_PAWNWEAKNESSES:0.43928206613262105
CE_PIECEACTIVITY:0.5197722221488461
CE_KINGPAWNSHIELD:0.5442040065885997
CE_PIECECOORDINATION:0.4743495838695482
CE_MATERIAL:0.47457105311736614
CE_KINGSAFETY:0.4787542294216046
C_PIECESQUARETABLES:0.5253634436991719
C_MOBILITY:0.45170853257477067
C_KINGSAFETY:0.37279965037843943
C_PAWNSTRUCTURE:0.5659049540376584
C_PIECECOORDINATION:0.5836535275197469
C_ROOKANDPAWNMOVEMENT:0.5836535275197469
C_CENTERCONTROL:0.4884787765219368
C_DEVELOPPIECES:0.5883264239274071
C_MATERIAL:0.46714380982813397
