ELO:1027
CE_PASSEDPAWNS:0.5679166976206428
CE_PAWNWEAKNESSES:0.4601095292981203
CE_PIECEACTIVITY:0.4274498847673133
CE_KINGPAWNSHIELD:0.4963052507058221
CE_PIECECOORDINATION:0.5228665876218258
CE_MATERIAL:0.3812028107152349
CE_KINGSAFETY:0.48080016495060945
C_PIECESQUARETABLES:0.527790639632624
C_MOBILITY:0.3465104698062914
C_KINGSAFETY:0.35456652827360086
C_PAWNSTRUCTURE:0.6086893908681681
C_PIECECOORDINATION:0.5746698981310009
C_ROOKANDPAWNMOVEMENT:0.5746698981310009
C_CENTERCONTROL:0.5113484103944083
C_DEVELOPPIECES:0.42222017802658485
C_MATERIAL:0.6163064287211142
