ELO:988
CE_PASSEDPAWNS:0.49968813362852427
CE_PAWNWEAKNESSES:0.5017366900121812
CE_PIECEACTIVITY:0.49679619052603213
CE_KINGPAWNSHIELD:0.5
CE_PIECECOORDINATION:0.49623880970972595
CE_MATERIAL:0.5
CE_KINGSAFETY:0.4980941987694339
C_PIECESQUARETABLES:0.4952483358831548
C_MOBILITY:0.5039497920473359
C_KINGSAFETY:0.5
C_PAWNSTRUCTURE:0.5
C_PIECECOORDINATION:0.5
C_ROOKANDPAWNMOVEMENT:0.5
C_CENTERCONTROL:0.49657620294842153
C_DEVELOPPIECES:0.5
C_MATERIAL:0.5116955776873385
C_MOVECOUNT:0.5105296283259586
