ELO:951
CE_PASSEDPAWNS:0.479588524644817
CE_PAWNWEAKNESSES:0.5393415506895929
CE_PIECEACTIVITY:0.4950992440027028
CE_KINGPAWNSHIELD:0.47715257386639404
CE_PIECECOORDINATION:0.4747114554156931
CE_MATERIAL:0.5043977669199812
CE_KINGSAFETY:0.5055747847621724
C_PIECESQUARETABLES:0.5
C_MOBILITY:0.5148831317122293
C_KINGSAFETY:0.5307660655204872
C_PAWNSTRUCTURE:0.4769542560223597
C_PIECECOORDINATION:0.48559826505224174
C_ROOK:0.5335419018171885
CE_ROOK:0.48254784272879797
C_CENTERCONTROL:0.48591841105647393
C_DEVELOPPIECES:0.508820987810562
C_MATERIAL:0.5465520960917152
C_MOVECOUNT:0.5005649795907524
C_PAWNMOVEMENT:0.4531075209924494
