ELO:1246
CE_PASSEDPAWNS:0.3762865664206616
CE_PAWNWEAKNESSES:0.5282532905914367
CE_PIECEACTIVITY:0.44561656406994316
CE_KINGPAWNSHIELD:0.40008057349030945
CE_PIECECOORDINATION:0.5427373151120503
CE_MATERIAL:0.3619196062827428
CE_KINGSAFETY:0.5
C_PIECESQUARETABLES:0.5
C_MOBILITY:0.3937691759390352
C_KINGSAFETY:0.3948765310991503
C_PAWNSTRUCTURE:0.5447474740515015
C_PIECECOORDINATION:0.5889764467176994
C_ROOKANDPAWNMOVEMENT:0.5889764467176994
C_CENTERCONTROL:0.5232826369555287
C_DEVELOPPIECES:0.4942373476981868
C_MATERIAL:0.630760854865
