ELO:880
CE_PASSEDPAWNS:0.4616740480508285
CE_PAWNWEAKNESSES:0.4554708307442998
CE_PIECEACTIVITY:0.5637387233326291
CE_KINGPAWNSHIELD:0.4363912863365529
CE_PIECECOORDINATION:0.5736006522934473
CE_MATERIAL:0.48386515691834386
CE_KINGSAFETY:0.5
C_PIECESQUARETABLES:0.5165557574301355
C_MOBILITY:0.48804439224094837
C_KINGSAFETY:0.6249600325997248
C_PAWNSTRUCTURE:0.5073667370258602
C_PIECECOORDINATION:0.48825994617718416
C_ROOKANDPAWNMOVEMENT:0.48825994617718416
C_CENTERCONTROL:0.4695797758962088
C_DEVELOPPIECES:0.5098664531335609
C_MATERIAL:0.4293592815805449
C_MOVECOUNT:0.49200184797454816
