ELO:955
CE_PASSEDPAWNS:0.4901062803330937
CE_PAWNWEAKNESSES:0.5151241079144362
CE_PIECEACTIVITY:0.4926272017051844
CE_KINGPAWNSHIELD:0.4950038142497683
CE_PIECECOORDINATION:0.514721184891451
CE_MATERIAL:0.4590732322115236
CE_KINGSAFETY:0.4549236496552408
C_PIECESQUARETABLES:0.5029523498816635
C_MOBILITY:0.47203146810480345
C_KINGSAFETY:0.4966542992054163
C_PAWNSTRUCTURE:0.48377422104595524
C_PIECECOORDINATION:0.5128595441230218
C_ROOKANDPAWNMOVEMENT:0.5128595441230218
C_CENTERCONTROL:0.48972215982612294
C_DEVELOPPIECES:0.5045913505422561
C_MATERIAL:0.4744590900495625
C_MOVECOUNT:0.5
