ELO:972
CE_PASSEDPAWNS:0.5263462594999752
CE_PAWNWEAKNESSES:0.5003832115082663
CE_PIECEACTIVITY:0.5193890750285115
CE_KINGPAWNSHIELD:0.5103475643153781
CE_PIECECOORDINATION:0.5110222166283142
CE_MATERIAL:0.49109781634760896
CE_KINGSAFETY:0.49868521132796473
C_PIECESQUARETABLES:0.4989936610348535
C_MOBILITY:0.5071705846505187
C_KINGSAFETY:0.4811581959511877
C_PAWNSTRUCTURE:0.5159592602278381
C_PIECECOORDINATION:0.517955453268187
C_ROOKANDPAWNMOVEMENT:0.517955453268187
C_CENTERCONTROL:0.5095809990107666
C_DEVELOPPIECES:0.5019190504391446
C_MATERIAL:0.48606784175158513
C_MOVECOUNT:0.5394185778761772
