ELO:1007
CE_PASSEDPAWNS:0.49939575144363996
CE_PAWNWEAKNESSES:0.5194630851538704
CE_PIECEACTIVITY:0.5
CE_KINGPAWNSHIELD:0.5
CE_PIECECOORDINATION:0.5097626629793832
CE_MATERIAL:0.4948670507837942
CE_KINGSAFETY:0.47073676076649396
C_PIECESQUARETABLES:0.45686419973730935
C_MOBILITY:0.5003566029111212
C_KINGSAFETY:0.49132457008931857
C_PAWNSTRUCTURE:0.5
C_PIECECOORDINATION:0.47404070564085776
C_ROOKANDPAWNMOVEMENT:0.47404070564085776
C_CENTERCONTROL:0.5
C_DEVELOPPIECES:0.5
C_MATERIAL:0.4890052470068712
C_MOVECOUNT:0.5
