ELO:1202
CE_PASSEDPAWNS:0.4382366343002822
CE_PAWNWEAKNESSES:0.5587060085543466
CE_PIECEACTIVITY:0.47984922004180997
CE_KINGPAWNSHIELD:0.4865580759825473
CE_PIECECOORDINATION:0.47120335787026846
CE_MATERIAL:0.43782023180886875
CE_KINGSAFETY:0.5024141376468004
C_PIECESQUARETABLES:0.4909702369089725
C_MOBILITY:0.4137798247166196
C_KINGSAFETY:0.4022970408714912
C_PAWNSTRUCTURE:0.5965506141169289
C_PIECECOORDINATION:0.5450051674444382
C_ROOKANDPAWNMOVEMENT:0.5450051674444382
C_CENTERCONTROL:0.48786735834420064
C_DEVELOPPIECES:0.4558235063453278
C_MATERIAL:0.590004114555504
