ELO:988
CE_PASSEDPAWNS:0.5
CE_PAWNWEAKNESSES:0.5
CE_PIECEACTIVITY:0.4938737571551553
CE_KINGPAWNSHIELD:0.5124292809449097
CE_PIECECOORDINATION:0.5054384704848373
CE_MATERIAL:0.5
CE_KINGSAFETY:0.5
C_PIECESQUARETABLES:0.49995632421376873
C_MOBILITY:0.49916801798118726
C_KINGSAFETY:0.4932735617001455
C_PAWNSTRUCTURE:0.5
C_PIECECOORDINATION:0.5
C_ROOKANDPAWNMOVEMENT:0.5
C_CENTERCONTROL:0.4959154321428122
C_DEVELOPPIECES:0.5
C_MATERIAL:0.49335757178472245
C_MOVECOUNT:0.5
