ELO:878
CE_PASSEDPAWNS:0.45982248567570255
CE_PAWNWEAKNESSES:0.561726240719818
CE_PIECEACTIVITY:0.5021383095483495
CE_KINGPAWNSHIELD:0.5205795872420149
CE_PIECECOORDINATION:0.49610961926981617
CE_MATERIAL:0.3260198778106012
CE_KINGSAFETY:0.5026796617065354
C_PIECESQUARETABLES:0.5071477304282769
C_MOBILITY:0.4731025990236093
C_KINGSAFETY:0.6375572669915603
C_PAWNSTRUCTURE:0.4878543947471
C_PIECECOORDINATION:0.46035093759676315
C_ROOKANDPAWNMOVEMENT:0.46035093759676315
C_CENTERCONTROL:0.5048750844006457
C_DEVELOPPIECES:0.46621292567991074
C_MATERIAL:0.43700256529333326
