ELO:960
CE_PASSEDPAWNS:0.5780013514076948
CE_PAWNWEAKNESSES:0.43469868722450816
CE_PIECEACTIVITY:0.5176056201307799
CE_KINGPAWNSHIELD:0.5522870175895169
CE_PIECECOORDINATION:0.46284776438698333
CE_MATERIAL:0.4575410287404954
CE_KINGSAFETY:0.5036937593443805
C_PIECESQUARETABLES:0.4901080988830217
C_MOBILITY:0.44465238832343973
C_KINGSAFETY:0.3824925060265498
C_PAWNSTRUCTURE:0.5696771413845476
C_PIECECOORDINATION:0.5933966870037185
C_ROOKANDPAWNMOVEMENT:0.5933966870037185
C_CENTERCONTROL:0.4637383323705684
C_DEVELOPPIECES:0.547997844169455
C_MATERIAL:0.439704705008826
