ELO:929
CE_PASSEDPAWNS:0.5252402200337667
CE_PAWNWEAKNESSES:0.4307989900883999
CE_PIECEACTIVITY:0.5560341474536205
CE_KINGPAWNSHIELD:0.5395660564799453
CE_PIECECOORDINATION:0.4953681487861871
CE_MATERIAL:0.4745217035668187
CE_KINGSAFETY:0.4666834907081277
C_PIECESQUARETABLES:0.5097972163985937
C_MOBILITY:0.4625973428043508
C_KINGSAFETY:0.3644841639306988
C_PAWNSTRUCTURE:0.5749455494234093
C_PIECECOORDINATION:0.5761749261950416
C_ROOKANDPAWNMOVEMENT:0.5761749261950416
C_CENTERCONTROL:0.4938232236012507
C_DEVELOPPIECES:0.5448106091864777
C_MATERIAL:0.5148329317905059
