ELO:1000
CE_PASSEDPAWNS:0.4875973562622141
CE_PAWNWEAKNESSES:0.5023744702516175
CE_PIECEACTIVITY:0.5135923858270945
CE_KINGPAWNSHIELD:0.5055020763351663
CE_PIECECOORDINATION:0.4899388006673377
CE_MATERIAL:0.48668124463940393
CE_KINGSAFETY:0.49680944627991047
C_PIECESQUARETABLES:0.5
C_MOBILITY:0.507585627818247
C_KINGSAFETY:0.4877834096879363
C_PAWNSTRUCTURE:0.48881274596102736
C_PIECECOORDINATION:0.500493845454331
C_ROOK:0.511914814560906
CE_ROOK:0.4928680477047758
C_CENTERCONTROL:0.5
C_DEVELOPPIECES:0.5018723046956143
C_MATERIAL:0.48806712108835226
C_MOVECOUNT:0.5
C_PAWNMOVEMENT:0.48385105922382365
