ELO:819
CE_PASSEDPAWNS:0.5448951625625263
CE_PAWNWEAKNESSES:0.631185861369999
CE_PIECEACTIVITY:0.4989023337836007
CE_KINGPAWNSHIELD:0.5032131970404152
CE_PIECECOORDINATION:0.5748534161875136
CE_MATERIAL:0.49454836004306857
CE_KINGSAFETY:0.55412031939472
C_PIECESQUARETABLES:0.5923036872337005
C_MOBILITY:0.6028649923127969
C_KINGSAFETY:0.3998952598532335
C_PAWNSTRUCTURE:0.5122348562449296
C_PIECECOORDINATION:0.4182067439730954
C_ROOKANDPAWNMOVEMENT:0.4182067439730954
C_CENTERCONTROL:0.5467777752099627
C_DEVELOPPIECES:0.6263675899980116
C_MATERIAL:0.5845800499360885
C_MOVECOUNT:0.5
