ELO:889
CE_PASSEDPAWNS:0.49867445978059494
CE_PAWNWEAKNESSES:0.4436583147111298
CE_PIECEACTIVITY:0.5130929738201548
CE_KINGPAWNSHIELD:0.42856191323252313
CE_PIECECOORDINATION:0.469824926072267
CE_MATERIAL:0.4350311001603788
CE_KINGSAFETY:0.5
C_PIECESQUARETABLES:0.5
C_MOBILITY:0.5008955875631695
C_KINGSAFETY:0.5200469048281285
C_PAWNSTRUCTURE:0.5484335447352272
C_PIECECOORDINATION:0.4579973625325013
C_ROOK:0.5007652171882109
CE_ROOK:0.4991167797192954
C_CENTERCONTROL:0.5106453458844211
C_DEVELOPPIECES:0.5036513056201286
C_MATERIAL:0.5124917675095272
C_MOVECOUNT:0.4638858518615243
C_PAWNMOVEMENT:0.4766357348898355
