ELO:988
CE_PASSEDPAWNS:0.5237657803576545
CE_PAWNWEAKNESSES:0.5415421676555784
CE_PIECEACTIVITY:0.5166076878549271
CE_KINGPAWNSHIELD:0.545558548870244
CE_PIECECOORDINATION:0.48223681596944984
CE_MATERIAL:0.41556094342648286
CE_KINGSAFETY:0.4847655163705657
C_PIECESQUARETABLES:0.529984157612949
C_MOBILITY:0.44477852119905564
C_KINGSAFETY:0.5929948101283273
C_PAWNSTRUCTURE:0.5136385997068822
C_PIECECOORDINATION:0.5295820186353627
C_ROOKANDPAWNMOVEMENT:0.5295820186353627
C_CENTERCONTROL:0.4901745960265258
C_DEVELOPPIECES:0.48224058007629383
C_MATERIAL:0.5539168273800826
