ELO:1000
CE_PASSEDPAWNS:0.5071420324856336
CE_PAWNWEAKNESSES:0.5024272662636264
CE_PIECEACTIVITY:0.4489229248030271
CE_KINGPAWNSHIELD:0.5238573658437593
CE_PIECECOORDINATION:0.5375546848961565
CE_MATERIAL:0.45081321772846406
CE_KINGSAFETY:0.5
C_PIECESQUARETABLES:0.5
C_MOBILITY:0.45449204760561607
C_KINGSAFETY:0.4969722604644964
C_PAWNSTRUCTURE:0.5054988040570375
C_PIECECOORDINATION:0.5019670111574084
C_ROOKANDPAWNMOVEMENT:0.5019670111574084
C_CENTERCONTROL:0.5142631752994888
C_DEVELOPPIECES:0.5003535362103682
C_MATERIAL:0.5209227117416719
