ELO:988
CE_PASSEDPAWNS:0.37318785098770035
CE_PAWNWEAKNESSES:0.5221321325984424
CE_PIECEACTIVITY:0.5517927600196982
CE_KINGPAWNSHIELD:0.47296228941213614
CE_PIECECOORDINATION:0.4655190433506069
CE_MATERIAL:0.5163843008522732
CE_KINGSAFETY:0.5095547635828492
C_PIECESQUARETABLES:0.5
C_MOBILITY:0.5005587856784626
C_KINGSAFETY:0.548173479049873
C_PAWNSTRUCTURE:0.3253880453706821
C_PIECECOORDINATION:0.44135327382864503
C_ROOKANDPAWNMOVEMENT:0.44135327382864503
C_CENTERCONTROL:0.40243227921995195
C_DEVELOPPIECES:0.4758555374974979
C_MATERIAL:0.6769568455485256
