ELO:937
CE_PASSEDPAWNS:0.5244453765654329
CE_PAWNWEAKNESSES:0.46689550602229773
CE_PIECEACTIVITY:0.4674966825185674
CE_KINGPAWNSHIELD:0.49782258036512483
CE_PIECECOORDINATION:0.49347177279832405
CE_MATERIAL:0.44751640407900506
CE_KINGSAFETY:0.483616304939198
C_PIECESQUARETABLES:0.5073860850708549
C_MOBILITY:0.546925065866604
C_KINGSAFETY:0.46869172182488605
C_PAWNSTRUCTURE:0.487444322373329
C_PIECECOORDINATION:0.4712986856393086
C_ROOKANDPAWNMOVEMENT:0.4712986856393086
C_CENTERCONTROL:0.5187364553001782
C_DEVELOPPIECES:0.5107870853885115
C_MATERIAL:0.5427529623698933
C_MOVECOUNT:0.5
