ELO:1002
CE_PASSEDPAWNS:0.5124925037577136
CE_PAWNWEAKNESSES:0.49899933355371884
CE_PIECEACTIVITY:0.5099132925339471
CE_KINGPAWNSHIELD:0.4889622971890581
CE_PIECECOORDINATION:0.4725484053117793
CE_MATERIAL:0.47327560109030137
CE_KINGSAFETY:0.5
C_PIECESQUARETABLES:0.48184808623458886
C_MOBILITY:0.5021418273549924
C_KINGSAFETY:0.55363486703359
C_PAWNSTRUCTURE:0.497351998811893
C_PIECECOORDINATION:0.5223419103900488
C_ROOKANDPAWNMOVEMENT:0.5223419103900488
C_CENTERCONTROL:0.49585964299501445
C_DEVELOPPIECES:0.5
C_MATERIAL:0.5050003479465239
