ELO:901
CE_PASSEDPAWNS:0.49867445978059494
CE_PAWNWEAKNESSES:0.4436583147111298
CE_PIECEACTIVITY:0.5204482839878873
CE_KINGPAWNSHIELD:0.42856191323252313
CE_PIECECOORDINATION:0.4643935884366251
CE_MATERIAL:0.44693079127603436
CE_KINGSAFETY:0.49904064216218225
C_PIECESQUARETABLES:0.5
C_MOBILITY:0.4905611564349702
C_KINGSAFETY:0.523492027964407
C_PAWNSTRUCTURE:0.543683369329363
C_PIECECOORDINATION:0.4563560613179608
C_ROOK:0.5084197422160542
CE_ROOK:0.5053939995945911
C_CENTERCONTROL:0.5143474438105923
C_DEVELOPPIECES:0.5141154440460524
C_MATERIAL:0.5124917675095272
C_MOVECOUNT:0.4638858518615243
C_PAWNMOVEMENT:0.4798895008307908
