ELO:1000
CE_PASSEDPAWNS:0.5243702863968146
CE_PAWNWEAKNESSES:0.5240297491941062
CE_PIECEACTIVITY:0.5202801339611153
CE_KINGPAWNSHIELD:0.5258081427093043
CE_PIECECOORDINATION:0.500521737281354
CE_MATERIAL:0.4956656759967411
CE_KINGSAFETY:0.5344354698452534
C_PIECESQUARETABLES:0.5283964472292622
C_MOBILITY:0.4851095571245469
C_KINGSAFETY:0.5230123081367806
C_PAWNSTRUCTURE:0.5358691459686498
C_PIECECOORDINATION:0.5164272901093963
C_ROOKANDPAWNMOVEMENT:0.5164272901093963
C_CENTERCONTROL:0.48703072157486327
C_DEVELOPPIECES:0.4882128618568775
C_MATERIAL:0.4656781792710334
