ELO:951
CE_PASSEDPAWNS:0.4957581577350868
CE_PAWNWEAKNESSES:0.49926075644527573
CE_PIECEACTIVITY:0.5135519096924558
CE_KINGPAWNSHIELD:0.5025016553375964
CE_PIECECOORDINATION:0.5098302335740116
CE_MATERIAL:0.5038810971927933
CE_KINGSAFETY:0.5002588972012416
C_PIECESQUARETABLES:0.49008850646048985
C_MOBILITY:0.4796224356485359
C_KINGSAFETY:0.5386915405533769
C_PAWNSTRUCTURE:0.49273111500893696
C_PIECECOORDINATION:0.5039270730809797
C_ROOK:0.4927255711621146
CE_ROOK:0.5004845038139542
C_CENTERCONTROL:0.4941627031005979
C_DEVELOPPIECES:0.531100993185084
C_MATERIAL:0.47283442557885697
C_MOVECOUNT:0.4821272264766352
C_PAWNMOVEMENT:0.4918284828664698
