ELO:989
CE_PASSEDPAWNS:0.50496619559226
CE_PAWNWEAKNESSES:0.5465835686971866
CE_PIECEACTIVITY:0.5010695113375077
CE_KINGPAWNSHIELD:0.5470641126906389
CE_PIECECOORDINATION:0.4732105715114591
CE_MATERIAL:0.42890493681027725
CE_KINGSAFETY:0.48326796333846894
C_PIECESQUARETABLES:0.5482728907868422
C_MOBILITY:0.47488201429446253
C_KINGSAFETY:0.5999196896963288
C_PAWNSTRUCTURE:0.539424775062847
C_PIECECOORDINATION:0.5203838865914867
C_ROOKANDPAWNMOVEMENT:0.5203838865914867
C_CENTERCONTROL:0.49977002441051205
C_DEVELOPPIECES:0.5022272296220666
C_MATERIAL:0.5465021686456301
