ELO:1035
CE_PASSEDPAWNS:0.6115295059384595
CE_PAWNWEAKNESSES:0.4818882154715695
CE_PIECEACTIVITY:0.4636473416562342
CE_KINGPAWNSHIELD:0.5174422857835099
CE_PIECECOORDINATION:0.4686297889152031
CE_MATERIAL:0.47181391409081874
CE_KINGSAFETY:0.4907206150299868
C_PIECESQUARETABLES:0.5011059369792915
C_MOBILITY:0.4150410668956653
C_KINGSAFETY:0.5391028687708042
C_PAWNSTRUCTURE:0.44358521725707967
C_PIECECOORDINATION:0.46341600110477077
C_ROOKANDPAWNMOVEMENT:0.46341600110477077
C_CENTERCONTROL:0.5582310125334964
C_DEVELOPPIECES:0.5529043154108999
C_MATERIAL:0.42097437053553716
