ELO:895
CE_PASSEDPAWNS:0.4465348936777919
CE_PAWNWEAKNESSES:0.47136819885991865
CE_PIECEACTIVITY:0.5162970185404432
CE_KINGPAWNSHIELD:0.5234571820988805
CE_PIECECOORDINATION:0.47823278641050176
CE_MATERIAL:0.4650007662546563
CE_KINGSAFETY:0.468838869223606
C_PIECESQUARETABLES:0.5223908015072706
C_MOBILITY:0.5154940976394913
C_KINGSAFETY:0.5346064755194017
C_PAWNSTRUCTURE:0.49953129554658304
C_PIECECOORDINATION:0.48428981609702715
C_ROOKANDPAWNMOVEMENT:0.48428981609702715
C_CENTERCONTROL:0.4763422355597129
C_DEVELOPPIECES:0.41782492566414037
C_MATERIAL:0.5372936521535041
C_MOVECOUNT:0.5438476615008505
