ELO:988
CE_PASSEDPAWNS:0.37318785098770035
CE_PAWNWEAKNESSES:0.5103638591680232
CE_PIECEACTIVITY:0.5594978002495871
CE_KINGPAWNSHIELD:0.481107792822177
CE_PIECECOORDINATION:0.46515358801371615
CE_MATERIAL:0.5020802016707379
CE_KINGSAFETY:0.5006541777466718
C_PIECESQUARETABLES:0.491839029760274
C_MOBILITY:0.4938148921726565
C_KINGSAFETY:0.5495496809090474
C_PAWNSTRUCTURE:0.32659486032772983
C_PIECECOORDINATION:0.4286661277066153
C_ROOKANDPAWNMOVEMENT:0.4286661277066153
C_CENTERCONTROL:0.3590075263485695
C_DEVELOPPIECES:0.4888398211619442
C_MATERIAL:0.6751490881267054
