ELO:826
CE_PASSEDPAWNS:0.5266726930257947
CE_PAWNWEAKNESSES:0.5153728658504994
CE_PIECEACTIVITY:0.47102122879818503
CE_KINGPAWNSHIELD:0.5201179140943295
CE_PIECECOORDINATION:0.44079958253371815
CE_MATERIAL:0.38516570525803406
CE_KINGSAFETY:0.4640301050326876
C_PIECESQUARETABLES:0.5270017672947792
C_MOBILITY:0.48919429027327144
C_KINGSAFETY:0.4932098828513284
C_PAWNSTRUCTURE:0.4918464760691041
C_PIECECOORDINATION:0.47408070883967945
C_ROOKANDPAWNMOVEMENT:0.47408070883967945
C_CENTERCONTROL:0.5729139776866093
C_DEVELOPPIECES:0.4604337935670011
C_MATERIAL:0.6106102212391669
