ELO:937
CE_PASSEDPAWNS:0.49799745490900865
CE_PAWNWEAKNESSES:0.553478317417764
CE_PIECEACTIVITY:0.5053571212456943
CE_KINGPAWNSHIELD:0.5106678596326616
CE_PIECECOORDINATION:0.5244767321637144
CE_MATERIAL:0.520944361338008
CE_KINGSAFETY:0.5163639649903196
C_PIECESQUARETABLES:0.5221211695378043
C_MOBILITY:0.547534874772996
C_KINGSAFETY:0.5179097165103358
C_PAWNSTRUCTURE:0.46567252123613
C_PIECECOORDINATION:0.5176586450269207
C_ROOKANDPAWNMOVEMENT:0.5176586450269207
C_CENTERCONTROL:0.4965278752907936
C_DEVELOPPIECES:0.48499337939519643
C_MATERIAL:0.5242636387226849
C_MOVECOUNT:0.5
