ELO:907
CE_PASSEDPAWNS:0.4772483456410938
CE_PAWNWEAKNESSES:0.4893273910458666
CE_PIECEACTIVITY:0.47312110569494126
CE_KINGPAWNSHIELD:0.46805567674974524
CE_PIECECOORDINATION:0.43465313585284016
CE_MATERIAL:0.4569683501200702
CE_KINGSAFETY:0.5014864871666471
C_PIECESQUARETABLES:0.49799746795050226
C_MOBILITY:0.48748254775015604
C_KINGSAFETY:0.4682705638310956
C_PAWNSTRUCTURE:0.5200048315087604
C_PIECECOORDINATION:0.4308071548502468
C_ROOK:0.5345965403412691
CE_ROOK:0.4811474936531694
C_CENTERCONTROL:0.5373664791960943
C_DEVELOPPIECES:0.5531226044530119
C_MATERIAL:0.5210488474953754
C_MOVECOUNT:0.45360399434943516
C_PAWNMOVEMENT:0.45282120318177904
