ELO:1006
CE_PASSEDPAWNS:0.5016173030483437
CE_PAWNWEAKNESSES:0.50177554023238
CE_PIECEACTIVITY:0.49680411617128695
CE_KINGPAWNSHIELD:0.48472412763174183
CE_PIECECOORDINATION:0.4981964499600441
CE_MATERIAL:0.48838686436215756
CE_KINGSAFETY:0.5
C_PIECESQUARETABLES:0.5112738139426872
C_MOBILITY:0.492499769937203
C_KINGSAFETY:0.5
C_PAWNSTRUCTURE:0.5032538718966691
C_PIECECOORDINATION:0.48128021852507885
C_ROOKANDPAWNMOVEMENT:0.48128021852507885
C_CENTERCONTROL:0.4963465704416113
C_DEVELOPPIECES:0.4881443165924422
C_MATERIAL:0.5062452916955863
C_MOVECOUNT:0.5106736140845395
