ELO:934
CE_PASSEDPAWNS:0.49249791685463207
CE_PAWNWEAKNESSES:0.5702136874227485
CE_PIECEACTIVITY:0.4847625895429159
CE_KINGPAWNSHIELD:0.523876993082039
CE_PIECECOORDINATION:0.5280955595794359
CE_MATERIAL:0.47265072315849976
CE_KINGSAFETY:0.4905638255062431
C_PIECESQUARETABLES:0.508009917663527
C_MOBILITY:0.5421645384747021
C_KINGSAFETY:0.5356167447847094
C_PAWNSTRUCTURE:0.45863141322580875
C_PIECECOORDINATION:0.5086762813093412
C_ROOKANDPAWNMOVEMENT:0.5086762813093412
C_CENTERCONTROL:0.4940454025989349
C_DEVELOPPIECES:0.5079064203878024
C_MATERIAL:0.5155168236946609
C_MOVECOUNT:0.5
