ELO:973
CE_PASSEDPAWNS:0.4825285836222433
CE_PAWNWEAKNESSES:0.5314879694555793
CE_PIECEACTIVITY:0.5339006420529907
CE_KINGPAWNSHIELD:0.5149680175072907
CE_PIECECOORDINATION:0.4921402499379622
CE_MATERIAL:0.5499215769367427
CE_KINGSAFETY:0.46942354040710627
C_PIECESQUARETABLES:0.46499631843715056
C_MOBILITY:0.5429922329732061
C_KINGSAFETY:0.5016917379607411
C_PAWNSTRUCTURE:0.5515814234032523
C_PIECECOORDINATION:0.44206738513676824
C_ROOKANDPAWNMOVEMENT:0.44206738513676824
C_CENTERCONTROL:0.5092575562022634
C_DEVELOPPIECES:0.5410611270645711
C_MATERIAL:0.5127571893226347
