ELO:994
CE_PASSEDPAWNS:0.519763933002198
CE_PAWNWEAKNESSES:0.5046761328170423
CE_PIECEACTIVITY:0.47624788913327826
CE_KINGPAWNSHIELD:0.4846630059946785
CE_PIECECOORDINATION:0.4986365194702702
CE_MATERIAL:0.491124778671728
CE_KINGSAFETY:0.533219889126459
C_PIECESQUARETABLES:0.48918632111323196
C_MOBILITY:0.5168960118866981
C_KINGSAFETY:0.5137697960281777
C_PAWNSTRUCTURE:0.4929542937651205
C_PIECECOORDINATION:0.5098925407747809
C_ROOKANDPAWNMOVEMENT:0.5098925407747809
C_CENTERCONTROL:0.5001135080167582
C_DEVELOPPIECES:0.503118216715273
C_MATERIAL:0.5215869499508384
C_MOVECOUNT:0.48733454357421147
