ELO:964
CE_PASSEDPAWNS:0.46668379433929563
CE_PAWNWEAKNESSES:0.4896683598609937
CE_PIECEACTIVITY:0.5213529128949251
CE_KINGPAWNSHIELD:0.5061602572117868
CE_PIECECOORDINATION:0.5049140481782108
CE_MATERIAL:0.5489896053673666
CE_KINGSAFETY:0.47183272093042516
C_PIECESQUARETABLES:0.4444204902861641
C_MOBILITY:0.5540753925075363
C_KINGSAFETY:0.5323538385919131
C_PAWNSTRUCTURE:0.5800707655541056
C_PIECECOORDINATION:0.4739691348230423
C_ROOKANDPAWNMOVEMENT:0.4739691348230423
C_CENTERCONTROL:0.5312149630888935
C_DEVELOPPIECES:0.5159114612239779
C_MATERIAL:0.5332010781966934
