ELO:988
CE_PASSEDPAWNS:0.48488083483701433
CE_PAWNWEAKNESSES:0.49162082925632594
CE_PIECEACTIVITY:0.5057225483669805
CE_KINGPAWNSHIELD:0.5024813765113519
CE_PIECECOORDINATION:0.49429225153844697
CE_MATERIAL:0.5091859545751886
CE_KINGSAFETY:0.5
C_PIECESQUARETABLES:0.5010238374779492
C_MOBILITY:0.48918306040433956
C_KINGSAFETY:0.5007841588470223
C_PAWNSTRUCTURE:0.5
C_PIECECOORDINATION:0.49106351078862787
C_ROOKANDPAWNMOVEMENT:0.49106351078862787
C_CENTERCONTROL:0.5107989819377158
C_DEVELOPPIECES:0.5
C_MATERIAL:0.49190733950588433
C_MOVECOUNT:0.5
