ELO:857
CE_PASSEDPAWNS:0.5347910486228787
CE_PAWNWEAKNESSES:0.536481950994471
CE_PIECEACTIVITY:0.4873525415504689
CE_KINGPAWNSHIELD:0.5009823440717718
CE_PIECECOORDINATION:0.40292073953321883
CE_MATERIAL:0.39265868130524184
CE_KINGSAFETY:0.4888669994172951
C_PIECESQUARETABLES:0.5018266013312427
C_MOBILITY:0.511641944754021
C_KINGSAFETY:0.46342308115243863
C_PAWNSTRUCTURE:0.5003072072843635
C_PIECECOORDINATION:0.4585732765504049
C_ROOKANDPAWNMOVEMENT:0.4585732765504049
C_CENTERCONTROL:0.55364643780272
C_DEVELOPPIECES:0.45711673392651436
C_MATERIAL:0.5911963464637555
