ELO:967
CE_PASSEDPAWNS:0.47778656957659665
CE_PAWNWEAKNESSES:0.5008919252742189
CE_PIECEACTIVITY:0.5271440568222261
CE_KINGPAWNSHIELD:0.5030837013776602
CE_PIECECOORDINATION:0.49626425232408333
CE_MATERIAL:0.5399176178694038
CE_KINGSAFETY:0.46530201287284145
C_PIECESQUARETABLES:0.45603699113171986
C_MOBILITY:0.5544000569842882
C_KINGSAFETY:0.5256600761004555
C_PAWNSTRUCTURE:0.5636553995002258
C_PIECECOORDINATION:0.4658492711534083
C_ROOKANDPAWNMOVEMENT:0.4658492711534083
C_CENTERCONTROL:0.5107539680077245
C_DEVELOPPIECES:0.5218152474962273
C_MATERIAL:0.5262504289441576
