ELO:808
CE_PASSEDPAWNS:0.562590466077095
CE_PAWNWEAKNESSES:0.666321526230942
CE_PIECEACTIVITY:0.4547096376591143
CE_KINGPAWNSHIELD:0.5737782178203171
CE_PIECECOORDINATION:0.5863598111435977
CE_MATERIAL:0.5045108127051043
CE_KINGSAFETY:0.48785208164108107
C_PIECESQUARETABLES:0.5
C_MOBILITY:0.44909521919724305
C_KINGSAFETY:0.5343888574883894
C_PAWNSTRUCTURE:0.5366581140436464
C_PIECECOORDINATION:0.4198539803637084
C_ROOKANDPAWNMOVEMENT:0.4198539803637084
C_CENTERCONTROL:0.42155665114270724
C_DEVELOPPIECES:0.6162851034055944
C_MATERIAL:0.5451021032685562
C_MOVECOUNT:0.4813625283728056
