ELO:1000
CE_PASSEDPAWNS:0.509007114792075
CE_PAWNWEAKNESSES:0.4923154248758422
CE_PIECEACTIVITY:0.47015055982823045
CE_KINGPAWNSHIELD:0.5226754990017717
CE_PIECECOORDINATION:0.542007267793455
CE_MATERIAL:0.44183992529041316
CE_KINGSAFETY:0.47847156332227
C_PIECESQUARETABLES:0.5228798433562357
C_MOBILITY:0.4572961157503419
C_KINGSAFETY:0.48780178335257934
C_PAWNSTRUCTURE:0.503686515010977
C_PIECECOORDINATION:0.4978145676450955
C_ROOKANDPAWNMOVEMENT:0.4978145676450955
C_CENTERCONTROL:0.517086437379864
C_DEVELOPPIECES:0.5027426419238247
C_MATERIAL:0.5322170120441803
