ELO:805
CE_PASSEDPAWNS:0.5754589734765311
CE_PAWNWEAKNESSES:0.45924021507075197
CE_PIECEACTIVITY:0.521858880692063
CE_KINGPAWNSHIELD:0.5219292342214662
CE_PIECECOORDINATION:0.4786410770507386
CE_MATERIAL:0.455700430239477
CE_KINGSAFETY:0.48737294095642436
C_PIECESQUARETABLES:0.4501051653147509
C_MOBILITY:0.4861325307011957
C_KINGSAFETY:0.5214997324933657
C_PAWNSTRUCTURE:0.43721872655555477
C_PIECECOORDINATION:0.5121563933637642
C_ROOKANDPAWNMOVEMENT:0.5121563933637642
C_CENTERCONTROL:0.5225926278567815
C_DEVELOPPIECES:0.48432635014199144
C_MATERIAL:0.492923323272244
C_MOVECOUNT:0.5
