ELO:847
CE_PASSEDPAWNS:0.5267418879360123
CE_PAWNWEAKNESSES:0.532633336037945
CE_PIECEACTIVITY:0.4819505030361247
CE_KINGPAWNSHIELD:0.5275166991103429
CE_PIECECOORDINATION:0.44451252984386475
CE_MATERIAL:0.3820225408383002
CE_KINGSAFETY:0.445130308941561
C_PIECESQUARETABLES:0.5222502930551796
C_MOBILITY:0.4766316573456555
C_KINGSAFETY:0.47920595039103625
C_PAWNSTRUCTURE:0.5081362571998735
C_PIECECOORDINATION:0.49027981535560783
C_ROOKANDPAWNMOVEMENT:0.49027981535560783
C_CENTERCONTROL:0.5835893180850767
C_DEVELOPPIECES:0.4534994886746779
C_MATERIAL:0.595928866933927
