ELO:989
CE_PASSEDPAWNS:0.3671258369474086
CE_PAWNWEAKNESSES:0.5078104206102436
CE_PIECEACTIVITY:0.567300110407923
CE_KINGPAWNSHIELD:0.47296228941213614
CE_PIECECOORDINATION:0.4678941767699799
CE_MATERIAL:0.5092910556090313
CE_KINGSAFETY:0.49082478030180776
C_PIECESQUARETABLES:0.4986235438834287
C_MOBILITY:0.4825079100060699
C_KINGSAFETY:0.5495496809090474
C_PAWNSTRUCTURE:0.32960631400165974
C_PIECECOORDINATION:0.4310469609118854
C_ROOKANDPAWNMOVEMENT:0.4310469609118854
C_CENTERCONTROL:0.3610119152542932
C_DEVELOPPIECES:0.49379299395207454
C_MATERIAL:0.6834559356914126
