ELO:999
CE_PASSEDPAWNS:0.5
CE_PAWNWEAKNESSES:0.4880225104521668
CE_PIECEACTIVITY:0.5
CE_KINGPAWNSHIELD:0.5
CE_PIECECOORDINATION:0.5
CE_MATERIAL:0.5050382961953954
CE_KINGSAFETY:0.5
C_PIECESQUARETABLES:0.4943097556641
C_MOBILITY:0.49680334459983755
C_KINGSAFETY:0.5
C_PAWNSTRUCTURE:0.48906831016959257
C_PIECECOORDINATION:0.49678460225214355
C_ROOKANDPAWNMOVEMENT:0.49678460225214355
C_CENTERCONTROL:0.4899175718313655
C_DEVELOPPIECES:0.5
C_MATERIAL:0.5028659410128334
C_MOVECOUNT:0.5
