ELO:986
CE_PASSEDPAWNS:0.5053398725783435
CE_PAWNWEAKNESSES:0.5260316115267908
CE_PIECEACTIVITY:0.5301609548867976
CE_KINGPAWNSHIELD:0.5430638886634656
CE_PIECECOORDINATION:0.4703142303545444
CE_MATERIAL:0.4252703859490266
CE_KINGSAFETY:0.4820760948106032
C_PIECESQUARETABLES:0.4917224900227674
C_MOBILITY:0.4679214978341946
C_KINGSAFETY:0.5838213318613943
C_PAWNSTRUCTURE:0.5151055359517318
C_PIECECOORDINATION:0.5304751829517972
C_ROOKANDPAWNMOVEMENT:0.5304751829517972
C_CENTERCONTROL:0.47592273722137984
C_DEVELOPPIECES:0.486645378276941
C_MATERIAL:0.5482282883418319
