ELO:1000
CE_PASSEDPAWNS:0.49962477774098346
CE_PAWNWEAKNESSES:0.5230010221021448
CE_PIECEACTIVITY:0.4817207367929041
CE_KINGPAWNSHIELD:0.5281610723478019
CE_PIECECOORDINATION:0.5233889934569376
CE_MATERIAL:0.489725067238622
CE_KINGSAFETY:0.49831987863484634
C_PIECESQUARETABLES:0.5003802154649091
C_MOBILITY:0.4969865921573544
C_KINGSAFETY:0.5138364570352497
C_PAWNSTRUCTURE:0.4947453463959008
C_PIECECOORDINATION:0.4995130049188922
C_ROOKANDPAWNMOVEMENT:0.4995130049188922
C_CENTERCONTROL:0.5115498362291646
C_DEVELOPPIECES:0.517427868011169
C_MATERIAL:0.5207114064735906
