ELO:965
CE_PASSEDPAWNS:0.5142851059577656
CE_PAWNWEAKNESSES:0.5077491072032962
CE_PIECEACTIVITY:0.49939381042123515
CE_KINGPAWNSHIELD:0.5369338371612452
CE_PIECECOORDINATION:0.5137419234900853
CE_MATERIAL:0.39593091511743456
CE_KINGSAFETY:0.5043480852189588
C_PIECESQUARETABLES:0.5104603422137309
C_MOBILITY:0.4646667342822239
C_KINGSAFETY:0.5398702089571858
C_PAWNSTRUCTURE:0.5159924634131682
C_PIECECOORDINATION:0.5317175410751337
C_ROOKANDPAWNMOVEMENT:0.5317175410751337
C_CENTERCONTROL:0.5044403353282085
C_DEVELOPPIECES:0.49605490857637863
C_MATERIAL:0.5403296206794185
