ELO:947
CE_PASSEDPAWNS:0.456595951042188
CE_PAWNWEAKNESSES:0.5250303523166767
CE_PIECEACTIVITY:0.46001785449710103
CE_KINGPAWNSHIELD:0.4940764083720985
CE_PIECECOORDINATION:0.5021424678469799
CE_MATERIAL:0.4803147726733974
CE_KINGSAFETY:0.5009724220622344
C_PIECESQUARETABLES:0.5120016760592888
C_MOBILITY:0.49142821526696
C_KINGSAFETY:0.5106152418573694
C_PAWNSTRUCTURE:0.46502841255835153
C_PIECECOORDINATION:0.5166292185225968
C_ROOKANDPAWNMOVEMENT:0.5166292185225968
C_CENTERCONTROL:0.512245350630368
C_DEVELOPPIECES:0.4678775743477439
C_MATERIAL:0.513786960701173
C_MOVECOUNT:0.5
