ELO:947
CE_PASSEDPAWNS:0.5242005703137064
CE_PAWNWEAKNESSES:0.5093199312513944
CE_PIECEACTIVITY:0.5508571313907094
CE_KINGPAWNSHIELD:0.5006069114312586
CE_PIECECOORDINATION:0.5017448828440982
CE_MATERIAL:0.4469069165674979
CE_KINGSAFETY:0.4863379552041909
C_PIECESQUARETABLES:0.5
C_MOBILITY:0.5331341303381993
C_KINGSAFETY:0.5212122489868404
C_PAWNSTRUCTURE:0.47876380475212527
C_PIECECOORDINATION:0.4788750242436787
C_ROOKANDPAWNMOVEMENT:0.4788750242436787
C_CENTERCONTROL:0.5092032442225598
C_DEVELOPPIECES:0.45758917276601924
C_MATERIAL:0.5021748700148119
C_MOVECOUNT:0.4875892469988412
