ELO:994
CE_PASSEDPAWNS:0.5016173030483437
CE_PAWNWEAKNESSES:0.5
CE_PIECEACTIVITY:0.49680411617128695
CE_KINGPAWNSHIELD:0.5085737028167076
CE_PIECECOORDINATION:0.5080142555930444
CE_MATERIAL:0.5
CE_KINGSAFETY:0.5
C_PIECESQUARETABLES:0.5112738139426872
C_MOBILITY:0.492499769937203
C_KINGSAFETY:0.49111852038538656
C_PAWNSTRUCTURE:0.48813237320189773
C_PIECECOORDINATION:0.5234244599950953
C_ROOKANDPAWNMOVEMENT:0.5234244599950953
C_CENTERCONTROL:0.4963465704416113
C_DEVELOPPIECES:0.4881443165924422
C_MATERIAL:0.5062452916955863
C_MOVECOUNT:0.5106736140845395
