ELO:1011
CE_PASSEDPAWNS:0.49867527545966017
CE_PAWNWEAKNESSES:0.4968692136756924
CE_PIECEACTIVITY:0.5083828907924781
CE_KINGPAWNSHIELD:0.5106778068944751
CE_PIECECOORDINATION:0.4687345920328115
CE_MATERIAL:0.4908231845187665
CE_KINGSAFETY:0.5
C_PIECESQUARETABLES:0.5
C_MOBILITY:0.48659007835124873
C_KINGSAFETY:0.5045955515499131
C_PAWNSTRUCTURE:0.48800775738046337
C_PIECECOORDINATION:0.48310128427797977
C_ROOK:0.4760767077068308
CE_ROOK:0.4593527342123687
C_CENTERCONTROL:0.4780860626445822
C_DEVELOPPIECES:0.5001636855728272
C_MATERIAL:0.508708589878563
C_MOVECOUNT:0.502624187763173
C_PAWNMOVEMENT:0.5072186104954414
