ELO:938
CE_PASSEDPAWNS:0.49986237871292793
CE_PAWNWEAKNESSES:0.5471083370667709
CE_PIECEACTIVITY:0.38584242523602896
CE_KINGPAWNSHIELD:0.5364215535901119
CE_PIECECOORDINATION:0.5132056489767752
CE_MATERIAL:0.4722346888791948
CE_KINGSAFETY:0.46719715697138947
C_PIECESQUARETABLES:0.5399664194420843
C_MOBILITY:0.5281977560631977
C_KINGSAFETY:0.5256524708033556
C_PAWNSTRUCTURE:0.5468268546544929
C_PIECECOORDINATION:0.503539648303999
C_ROOKANDPAWNMOVEMENT:0.503539648303999
C_CENTERCONTROL:0.4995733711221712
C_DEVELOPPIECES:0.47447861450920276
C_MATERIAL:0.49378301625361576
