ELO:937
CE_PASSEDPAWNS:0.4949826887488834
CE_PAWNWEAKNESSES:0.5357711487056089
CE_PIECEACTIVITY:0.38584242523602896
CE_KINGPAWNSHIELD:0.5366950814837533
CE_PIECECOORDINATION:0.5199927305806658
CE_MATERIAL:0.4722346888791948
CE_KINGSAFETY:0.46719715697138947
C_PIECESQUARETABLES:0.5399664194420843
C_MOBILITY:0.5273744182913668
C_KINGSAFETY:0.5256524708033556
C_PAWNSTRUCTURE:0.5468268546544929
C_PIECECOORDINATION:0.5003641080296809
C_ROOKANDPAWNMOVEMENT:0.5003641080296809
C_CENTERCONTROL:0.4994501032767503
C_DEVELOPPIECES:0.46204619776464245
C_MATERIAL:0.4902237796350877
