ELO:1000
CE_PASSEDPAWNS:0.5045804700434198
CE_PAWNWEAKNESSES:0.4543973899903742
CE_PIECEACTIVITY:0.48940028465323626
CE_KINGPAWNSHIELD:0.4619729099486123
CE_PIECECOORDINATION:0.5336845901903055
CE_MATERIAL:0.5510761956453835
CE_KINGSAFETY:0.5243148036832161
C_PIECESQUARETABLES:0.5073734790715801
C_MOBILITY:0.42331022494636517
C_KINGSAFETY:0.515985481073819
C_PAWNSTRUCTURE:0.5115224322540397
C_PIECECOORDINATION:0.5150238805117269
C_ROOKANDPAWNMOVEMENT:0.5150238805117269
C_CENTERCONTROL:0.4420593812814636
C_DEVELOPPIECES:0.4444504309493188
C_MATERIAL:0.4872919100135225
