ELO:717
CE_PASSEDPAWNS:0.5886237859525972
CE_PAWNWEAKNESSES:0.4741194081578105
CE_PIECEACTIVITY:0.5729480245280304
CE_KINGPAWNSHIELD:0.4465460572051321
CE_PIECECOORDINATION:0.4881490259672441
CE_MATERIAL:0.52598235285607
CE_KINGSAFETY:0.5000811040319081
C_PIECESQUARETABLES:0.5614217588215372
C_MOBILITY:0.4873770436352757
C_KINGSAFETY:0.4602635959518882
C_PAWNSTRUCTURE:0.5796858587660658
C_PIECECOORDINATION:0.5699609933296322
C_ROOKANDPAWNMOVEMENT:0.5699609933296322
C_CENTERCONTROL:0.47909704985332285
C_DEVELOPPIECES:0.5374457938993713
C_MATERIAL:0.3691231796539391
C_MOVECOUNT:0.5
