ELO:955
CE_PASSEDPAWNS:0.47565270597114423
CE_PAWNWEAKNESSES:0.5062148070513521
CE_PIECEACTIVITY:0.5558465783008032
CE_KINGPAWNSHIELD:0.5021902283136767
CE_PIECECOORDINATION:0.5035629193489104
CE_MATERIAL:0.4861894381997787
CE_KINGSAFETY:0.5177448839302372
C_PIECESQUARETABLES:0.4890066066203693
C_MOBILITY:0.5043273282149359
C_KINGSAFETY:0.5189627442987587
C_PAWNSTRUCTURE:0.5241934706612111
C_PIECECOORDINATION:0.5363186862243169
C_ROOK:0.47509797001133147
CE_ROOK:0.49523984459034853
C_CENTERCONTROL:0.5055111977846508
C_DEVELOPPIECES:0.5106170210836032
C_MATERIAL:0.5599180707226724
C_MOVECOUNT:0.49643306424306444
C_PAWNMOVEMENT:0.5196688018838899
