ELO:970
CE_PASSEDPAWNS:0.4877726522364044
CE_PAWNWEAKNESSES:0.49453650392314963
CE_PIECEACTIVITY:0.4895529981214814
CE_KINGPAWNSHIELD:0.5081289452987156
CE_PIECECOORDINATION:0.4941458818441758
CE_MATERIAL:0.5019992823144593
CE_KINGSAFETY:0.49322154660168066
C_PIECESQUARETABLES:0.4964391076961484
C_MOBILITY:0.49042899472786033
C_KINGSAFETY:0.5007420819019057
C_PAWNSTRUCTURE:0.48073956667967827
C_PIECECOORDINATION:0.5136501898249806
C_ROOKANDPAWNMOVEMENT:0.5136501898249806
C_CENTERCONTROL:0.4905317431723651
C_DEVELOPPIECES:0.49733295191084
C_MATERIAL:0.48380207275440323
C_MOVECOUNT:0.5
