ELO:1000
CE_PASSEDPAWNS:0.49539434658926024
CE_PAWNWEAKNESSES:0.5349904871934453
CE_PIECEACTIVITY:0.4153187004867072
CE_KINGPAWNSHIELD:0.4727859302195233
CE_PIECECOORDINATION:0.5288645935595321
CE_MATERIAL:0.45535620579482566
CE_KINGSAFETY:0.4689420276327773
C_PIECESQUARETABLES:0.5022181192680715
C_MOBILITY:0.5288257443535492
C_KINGSAFETY:0.4789273976612795
C_PAWNSTRUCTURE:0.511406101608249
C_PIECECOORDINATION:0.47665352489883916
C_ROOKANDPAWNMOVEMENT:0.47665352489883916
C_CENTERCONTROL:0.4431863925262471
C_DEVELOPPIECES:0.47778356548376777
C_MATERIAL:0.5308660297471258
