ELO:902
CE_PASSEDPAWNS:0.6099003872221768
CE_PAWNWEAKNESSES:0.5181170667036786
CE_PIECEACTIVITY:0.49078027742905234
CE_KINGPAWNSHIELD:0.49297173973557995
CE_PIECECOORDINATION:0.5254200658758557
CE_MATERIAL:0.5243442939429431
CE_KINGSAFETY:0.46837073999302076
C_PIECESQUARETABLES:0.47170403099276165
C_MOBILITY:0.49477835657319885
C_KINGSAFETY:0.4662796912425476
C_PAWNSTRUCTURE:0.5127140837089168
C_PIECECOORDINATION:0.5147094900228913
C_ROOKANDPAWNMOVEMENT:0.5147094900228913
C_CENTERCONTROL:0.549357877396762
C_DEVELOPPIECES:0.4566841087927751
C_MATERIAL:0.46445099658975236
C_MOVECOUNT:0.5
