ELO:970
CE_PASSEDPAWNS:0.4942666171351735
CE_PAWNWEAKNESSES:0.5147294221576567
CE_PIECEACTIVITY:0.4964505677452237
CE_KINGPAWNSHIELD:0.5127566743385218
CE_PIECECOORDINATION:0.4654084733990393
CE_MATERIAL:0.5086524286913565
CE_KINGSAFETY:0.49372336839657166
C_PIECESQUARETABLES:0.4940767667706827
C_MOBILITY:0.5037991801946087
C_KINGSAFETY:0.5051127765939494
C_PAWNSTRUCTURE:0.4877934318109735
C_PIECECOORDINATION:0.45493583847267727
C_ROOKANDPAWNMOVEMENT:0.45493583847267727
C_CENTERCONTROL:0.5143719229899318
C_DEVELOPPIECES:0.5045593083739459
C_MATERIAL:0.4845413293211388
C_MOVECOUNT:0.49370985878851076
