ELO:1089
CE_PASSEDPAWNS:0.6216628427623379
CE_PAWNWEAKNESSES:0.46901727628421147
CE_PIECEACTIVITY:0.4749362909216822
CE_KINGPAWNSHIELD:0.4861605449392357
CE_PIECECOORDINATION:0.48943648535430034
CE_MATERIAL:0.45398262924940724
CE_KINGSAFETY:0.5
C_PIECESQUARETABLES:0.5084592957787634
C_MOBILITY:0.4171051011788271
C_KINGSAFETY:0.5034213898137516
C_PAWNSTRUCTURE:0.41159374709656454
C_PIECECOORDINATION:0.4860639636833112
C_ROOKANDPAWNMOVEMENT:0.4860639636833112
C_CENTERCONTROL:0.5241516181776379
C_DEVELOPPIECES:0.5757913049809192
C_MATERIAL:0.42037145141469806
