ELO:946
CE_PASSEDPAWNS:0.49487426860304357
CE_PAWNWEAKNESSES:0.5399487717200429
CE_PIECEACTIVITY:0.4105179004492186
CE_KINGPAWNSHIELD:0.5426415964409371
CE_PIECECOORDINATION:0.5158437819775822
CE_MATERIAL:0.47157598715184035
CE_KINGSAFETY:0.4879564918264304
C_PIECESQUARETABLES:0.50949264639619
C_MOBILITY:0.5248615588186873
C_KINGSAFETY:0.5161592078276608
C_PAWNSTRUCTURE:0.5271696633190127
C_PIECECOORDINATION:0.4892779545406893
C_ROOKANDPAWNMOVEMENT:0.4892779545406893
C_CENTERCONTROL:0.5148959192689655
C_DEVELOPPIECES:0.5091173790186034
C_MATERIAL:0.479272386431824
