ELO:973
CE_PASSEDPAWNS:0.49665772560548516
CE_PAWNWEAKNESSES:0.5025758098231593
CE_PIECEACTIVITY:0.5121417892072657
CE_KINGPAWNSHIELD:0.5
CE_PIECECOORDINATION:0.4908644075631392
CE_MATERIAL:0.498414092482289
CE_KINGSAFETY:0.4922652379863027
C_PIECESQUARETABLES:0.5
C_MOBILITY:0.48776104605355985
C_KINGSAFETY:0.5001436004157528
C_PAWNSTRUCTURE:0.4913623158234828
C_PIECECOORDINATION:0.4869121995660947
C_ROOKANDPAWNMOVEMENT:0.4869121995660947
C_CENTERCONTROL:0.5097415782382824
C_DEVELOPPIECES:0.4921993665508789
C_MATERIAL:0.4865005216965205
