ELO:988
CE_PASSEDPAWNS:0.5177578897142278
CE_PAWNWEAKNESSES:0.5086530027826172
CE_PIECEACTIVITY:0.5594978002495871
CE_KINGPAWNSHIELD:0.5599465954910741
CE_PIECECOORDINATION:0.46884432717966207
CE_MATERIAL:0.5070204512776688
CE_KINGSAFETY:0.5167508351750297
C_PIECESQUARETABLES:0.5
C_MOBILITY:0.4976848562564843
C_KINGSAFETY:0.5565638249198532
C_PAWNSTRUCTURE:0.3230594021082927
C_PIECECOORDINATION:0.4455295289066636
C_ROOKANDPAWNMOVEMENT:0.4455295289066636
C_CENTERCONTROL:0.3646367145709953
C_DEVELOPPIECES:0.48463106472835726
C_MATERIAL:0.6780163640992205
