ELO:1009
CE_PASSEDPAWNS:0.4704764653041662
CE_PAWNWEAKNESSES:0.5084469879361767
CE_PIECEACTIVITY:0.499727573960409
CE_KINGPAWNSHIELD:0.5224832526377359
CE_PIECECOORDINATION:0.48621996643472815
CE_MATERIAL:0.49130699122501675
CE_KINGSAFETY:0.5
C_PIECESQUARETABLES:0.5
C_MOBILITY:0.519473537413262
C_KINGSAFETY:0.4926899323073703
C_PAWNSTRUCTURE:0.5192282882534173
C_PIECECOORDINATION:0.5088175621277743
C_ROOK:0.5150881953636827
CE_ROOK:0.503452879469723
C_CENTERCONTROL:0.4780860626445822
C_DEVELOPPIECES:0.4758786389195161
C_MATERIAL:0.4788564344845853
C_MOVECOUNT:0.513501588422569
C_PAWNMOVEMENT:0.517665448424873
