ELO:910
CE_PASSEDPAWNS:0.5699665180646547
CE_PAWNWEAKNESSES:0.5440476126594248
CE_PIECEACTIVITY:0.5507994868404684
CE_KINGPAWNSHIELD:0.4931790014833638
CE_PIECECOORDINATION:0.5713177149410089
CE_MATERIAL:0.5409708581914278
CE_KINGSAFETY:0.5355265331242224
C_PIECESQUARETABLES:0.5045342766411468
C_MOBILITY:0.42465152687501007
C_KINGSAFETY:0.42944451374536446
C_PAWNSTRUCTURE:0.4732398911833838
C_PIECECOORDINATION:0.5183530768358106
C_ROOKANDPAWNMOVEMENT:0.5183530768358106
C_CENTERCONTROL:0.49226117388633367
C_DEVELOPPIECES:0.501448679001878
C_MATERIAL:0.5617266379866918
