ELO:993
CE_PASSEDPAWNS:0.4698047673757162
CE_PAWNWEAKNESSES:0.5108222066330098
CE_PIECEACTIVITY:0.5005596484368231
CE_KINGPAWNSHIELD:0.5097389271072665
CE_PIECECOORDINATION:0.5008597350669519
CE_MATERIAL:0.49273289785621693
CE_KINGSAFETY:0.5051061841730539
C_PIECESQUARETABLES:0.4877259232857173
C_MOBILITY:0.4836377288899288
C_KINGSAFETY:0.504830752945985
C_PAWNSTRUCTURE:0.4813851992388605
C_PIECECOORDINATION:0.478296159850302
C_ROOK:0.4925296116780115
CE_ROOK:0.503452879469723
C_CENTERCONTROL:0.5132001642724948
C_DEVELOPPIECES:0.5150424456643843
C_MATERIAL:0.4912789215579805
C_MOVECOUNT:0.5233359072962266
C_PAWNMOVEMENT:0.5196438683342943
