ELO:998
CE_PASSEDPAWNS:0.5240767564843484
CE_PAWNWEAKNESSES:0.49955010529909966
CE_PIECEACTIVITY:0.513548150817312
CE_KINGPAWNSHIELD:0.5385650572408696
CE_PIECECOORDINATION:0.4673311413406331
CE_MATERIAL:0.5060931186886353
CE_KINGSAFETY:0.5
C_PIECESQUARETABLES:0.5
C_MOBILITY:0.4749484665676211
C_KINGSAFETY:0.5045955515499131
C_PAWNSTRUCTURE:0.47960076828113696
C_PIECECOORDINATION:0.5086778310267411
C_ROOK:0.47018773140057396
CE_ROOK:0.5
C_CENTERCONTROL:0.47718402223949724
C_DEVELOPPIECES:0.5183881668673112
C_MATERIAL:0.4794041785110094
C_MOVECOUNT:0.525297700067282
C_PAWNMOVEMENT:0.49798471160255875
