ELO:1000
CE_PASSEDPAWNS:0.4704764653041662
CE_PAWNWEAKNESSES:0.5084469879361767
CE_PIECEACTIVITY:0.4832769337496457
CE_KINGPAWNSHIELD:0.4596052584950482
CE_PIECECOORDINATION:0.48621996643472815
CE_MATERIAL:0.519435309694125
CE_KINGSAFETY:0.5
C_PIECESQUARETABLES:0.5
C_MOBILITY:0.519473537413262
C_KINGSAFETY:0.4926899323073703
C_PAWNSTRUCTURE:0.499783538468481
C_PIECECOORDINATION:0.5088175621277743
C_ROOK:0.5150881953636827
CE_ROOK:0.4961064697153357
C_CENTERCONTROL:0.4780860626445822
C_DEVELOPPIECES:0.5183309945605886
C_MATERIAL:0.4788564344845853
C_MOVECOUNT:0.5151291691290685
C_PAWNMOVEMENT:0.517665448424873
