ELO:988
CE_PASSEDPAWNS:0.5
CE_PAWNWEAKNESSES:0.5045538193751156
CE_PIECEACTIVITY:0.4995837144561262
CE_KINGPAWNSHIELD:0.5
CE_PIECECOORDINATION:0.5190488119520007
CE_MATERIAL:0.49511891262820745
CE_KINGSAFETY:0.5163836618307559
C_PIECESQUARETABLES:0.5
C_MOBILITY:0.5015560707809925
C_KINGSAFETY:0.5122272534514335
C_PAWNSTRUCTURE:0.44615512377238875
C_PIECECOORDINATION:0.522414220391481
C_ROOKANDPAWNMOVEMENT:0.522414220391481
C_CENTERCONTROL:0.49197752557031105
C_DEVELOPPIECES:0.47894429894235147
C_MATERIAL:0.4975431995097665
C_MOVECOUNT:0.5
