ELO:949
CE_PASSEDPAWNS:0.4641086605229966
CE_PAWNWEAKNESSES:0.5306495335223752
CE_PIECEACTIVITY:0.48310424324589046
CE_KINGPAWNSHIELD:0.5714364929696526
CE_PIECECOORDINATION:0.47677185752747425
CE_MATERIAL:0.49133364687475534
CE_KINGSAFETY:0.5077446734335036
C_PIECESQUARETABLES:0.5
C_MOBILITY:0.4826999019991289
C_KINGSAFETY:0.5120411482774311
C_PAWNSTRUCTURE:0.4974333357083903
C_PIECECOORDINATION:0.45509934284343023
C_ROOK:0.46636941593276365
CE_ROOK:0.4966002442697726
C_CENTERCONTROL:0.48127159709866923
C_DEVELOPPIECES:0.5069449826884757
C_MATERIAL:0.5470221816547522
C_MOVECOUNT:0.5264900942315891
C_PAWNMOVEMENT:0.5083217540250716
