ELO:1014
CE_PASSEDPAWNS:0.4672830619702464
CE_PAWNWEAKNESSES:0.48396006495068156
CE_PIECEACTIVITY:0.5083828907924781
CE_KINGPAWNSHIELD:0.5106778068944751
CE_PIECECOORDINATION:0.5206120410843308
CE_MATERIAL:0.4908231845187665
CE_KINGSAFETY:0.5
C_PIECESQUARETABLES:0.5
C_MOBILITY:0.5446054300523895
C_KINGSAFETY:0.5045955515499131
C_PAWNSTRUCTURE:0.48800775738046337
C_PIECECOORDINATION:0.49150779710291265
C_ROOK:0.5245312914270226
CE_ROOK:0.503452879469723
C_CENTERCONTROL:0.5201308160764048
C_DEVELOPPIECES:0.5227082644589882
C_MATERIAL:0.508708589878563
C_MOVECOUNT:0.502624187763173
C_PAWNMOVEMENT:0.5171284594586478
