ELO:1035
CE_PASSEDPAWNS:0.49479206429988476
CE_PAWNWEAKNESSES:0.4870369523051619
CE_PIECEACTIVITY:0.5
CE_KINGPAWNSHIELD:0.505943375972533
CE_PIECECOORDINATION:0.5
CE_MATERIAL:0.5014107181651769
CE_KINGSAFETY:0.4848302839233513
C_PIECESQUARETABLES:0.5
C_MOBILITY:0.5129523464022415
C_KINGSAFETY:0.4972630403108966
C_PAWNSTRUCTURE:0.5315382606808673
C_PIECECOORDINATION:0.5078287135296871
C_ROOKANDPAWNMOVEMENT:0.5078287135296871
C_CENTERCONTROL:0.5058732730347052
C_DEVELOPPIECES:0.512353832623105
C_MATERIAL:0.4933340873421669
C_MOVECOUNT:0.5
