ELO:1000
CE_PASSEDPAWNS:0.4987724649798012
CE_PAWNWEAKNESSES:0.5340513727629674
CE_PIECEACTIVITY:0.38995662728759456
CE_KINGPAWNSHIELD:0.5019773189567333
CE_PIECECOORDINATION:0.5350471375293212
CE_MATERIAL:0.44304095038522195
CE_KINGSAFETY:0.5005056561021566
C_PIECESQUARETABLES:0.5
C_MOBILITY:0.5454291172404077
C_KINGSAFETY:0.4866866791059787
C_PAWNSTRUCTURE:0.48675095860924394
C_PIECECOORDINATION:0.47633602243576173
C_ROOKANDPAWNMOVEMENT:0.47633602243576173
C_CENTERCONTROL:0.4495791015607636
C_DEVELOPPIECES:0.47574186273113966
C_MATERIAL:0.5284633582297041
