ELO:991
CE_PASSEDPAWNS:0.49400751107655183
CE_PAWNWEAKNESSES:0.4971115513882177
CE_PIECEACTIVITY:0.4924288856848414
CE_KINGPAWNSHIELD:0.5167896506963406
CE_PIECECOORDINATION:0.5235566931755229
CE_MATERIAL:0.49117072911966025
CE_KINGSAFETY:0.4908006376637631
C_PIECESQUARETABLES:0.5
C_MOBILITY:0.5020085049946837
C_KINGSAFETY:0.5104850657500096
C_PAWNSTRUCTURE:0.49440393518876186
C_PIECECOORDINATION:0.4908040907561018
C_ROOKANDPAWNMOVEMENT:0.4908040907561018
C_CENTERCONTROL:0.5017490620425026
C_DEVELOPPIECES:0.5112071799846751
C_MATERIAL:0.5048478465090095
C_MOVECOUNT:0.5
