ELO:911
CE_PASSEDPAWNS:0.5042418211169865
CE_PAWNWEAKNESSES:0.5147294221576567
CE_PIECEACTIVITY:0.5063924630915181
CE_KINGPAWNSHIELD:0.5028541578569997
CE_PIECECOORDINATION:0.46979345924921173
CE_MATERIAL:0.5065577450079549
CE_KINGSAFETY:0.48472822653181347
C_PIECESQUARETABLES:0.5
C_MOBILITY:0.5138214398861028
C_KINGSAFETY:0.5084731395664301
C_PAWNSTRUCTURE:0.47079193551307275
C_PIECECOORDINATION:0.4403081224956892
C_ROOKANDPAWNMOVEMENT:0.4403081224956892
C_CENTERCONTROL:0.5037797409747272
C_DEVELOPPIECES:0.5145489191170322
C_MATERIAL:0.49188183667949764
C_MOVECOUNT:0.49970360400936004
