ELO:1048
CE_PASSEDPAWNS:0.4974566794896207
CE_PAWNWEAKNESSES:0.490983097512816
CE_PIECEACTIVITY:0.5186484285238504
CE_KINGPAWNSHIELD:0.5
CE_PIECECOORDINATION:0.5085252942078642
CE_MATERIAL:0.5
CE_KINGSAFETY:0.5271827378681891
C_PIECESQUARETABLES:0.5046691824559298
C_MOBILITY:0.5062847759093358
C_KINGSAFETY:0.5
C_PAWNSTRUCTURE:0.5
C_PIECECOORDINATION:0.5
C_ROOKANDPAWNMOVEMENT:0.5
C_CENTERCONTROL:0.4779917360986111
C_DEVELOPPIECES:0.5
C_MATERIAL:0.5465424927518783
C_MOVECOUNT:0.5
