ELO:1005
CE_PASSEDPAWNS:0.5
CE_PAWNWEAKNESSES:0.5075897043723616
CE_PIECEACTIVITY:0.48420458014802015
CE_KINGPAWNSHIELD:0.49908086068937574
CE_PIECECOORDINATION:0.4958418997548282
CE_MATERIAL:0.5
CE_KINGSAFETY:0.49924018108504553
C_PIECESQUARETABLES:0.4944714378163891
C_MOBILITY:0.5001838558616423
C_KINGSAFETY:0.5026222736182663
C_PAWNSTRUCTURE:0.5061069634312818
C_PIECECOORDINATION:0.49967038049270307
C_ROOKANDPAWNMOVEMENT:0.49967038049270307
C_CENTERCONTROL:0.5146696823838238
C_DEVELOPPIECES:0.48697646374200065
C_MATERIAL:0.49704397071799494
C_MOVECOUNT:0.5004956923514258
