ELO:1035
CE_PASSEDPAWNS:0.5
CE_PAWNWEAKNESSES:0.5092257232677961
CE_PIECEACTIVITY:0.5068907551065929
CE_KINGPAWNSHIELD:0.505807969009218
CE_PIECECOORDINATION:0.5045085376771504
CE_MATERIAL:0.49872733568639277
CE_KINGSAFETY:0.5
C_PIECESQUARETABLES:0.5
C_MOBILITY:0.5019563637883536
C_KINGSAFETY:0.5025907764048244
C_PAWNSTRUCTURE:0.49921231276089184
C_PIECECOORDINATION:0.5
C_ROOKANDPAWNMOVEMENT:0.5
C_CENTERCONTROL:0.5125723607937829
C_DEVELOPPIECES:0.5
C_MATERIAL:0.48892442349944737
C_MOVECOUNT:0.47233128554976167
