ELO:979
CE_PASSEDPAWNS:0.48751917339384276
CE_PAWNWEAKNESSES:0.5282285872384397
CE_PIECEACTIVITY:0.39257045183861444
CE_KINGPAWNSHIELD:0.4835929296398072
CE_PIECECOORDINATION:0.5134539607859575
CE_MATERIAL:0.4444677741444742
CE_KINGSAFETY:0.5192634980335241
C_PIECESQUARETABLES:0.49785545870184794
C_MOBILITY:0.5483710802002583
C_KINGSAFETY:0.4923049190358168
C_PAWNSTRUCTURE:0.49679848553777645
C_PIECECOORDINATION:0.5063858647429526
C_ROOKANDPAWNMOVEMENT:0.5063858647429526
C_CENTERCONTROL:0.4647836935862953
C_DEVELOPPIECES:0.4934193832064445
C_MATERIAL:0.5321285542297851
