ELO:936
CE_PASSEDPAWNS:0.4942666171351735
CE_PAWNWEAKNESSES:0.5147294221576567
CE_PIECEACTIVITY:0.5063924630915181
CE_KINGPAWNSHIELD:0.5050649364976032
CE_PIECECOORDINATION:0.4654084733990393
CE_MATERIAL:0.49980368407544684
CE_KINGSAFETY:0.5
C_PIECESQUARETABLES:0.5
C_MOBILITY:0.5068599611190301
C_KINGSAFETY:0.5084731395664301
C_PAWNSTRUCTURE:0.48049458353254154
C_PIECECOORDINATION:0.4575590795584043
C_ROOKANDPAWNMOVEMENT:0.4575590795584043
C_CENTERCONTROL:0.5037797409747272
C_DEVELOPPIECES:0.5145489191170322
C_MATERIAL:0.4803729748703957
C_MOVECOUNT:0.4934050737395269
