ELO:998
CE_PASSEDPAWNS:0.4735391240298662
CE_PAWNWEAKNESSES:0.49256287720457287
CE_PIECEACTIVITY:0.4969356856407182
CE_KINGPAWNSHIELD:0.504932027544456
CE_PIECECOORDINATION:0.5124852947239605
CE_MATERIAL:0.4988907593710406
CE_KINGSAFETY:0.49253960055892265
C_PIECESQUARETABLES:0.507055283557721
C_MOBILITY:0.493042019821027
C_KINGSAFETY:0.49383626771790173
C_PAWNSTRUCTURE:0.4933053234687899
C_PIECECOORDINATION:0.4831525513762943
C_ROOK:0.5097135150808202
CE_ROOK:0.5043293954587789
C_CENTERCONTROL:0.5113174442249274
C_DEVELOPPIECES:0.5068700978893295
C_MATERIAL:0.4988453141492654
C_MOVECOUNT:0.5146869388180914
C_PAWNMOVEMENT:0.5047970998709828
