ELO:921
CE_PASSEDPAWNS:0.47015180359921577
CE_PAWNWEAKNESSES:0.4274631109242629
CE_PIECEACTIVITY:0.459797401246679
CE_KINGPAWNSHIELD:0.45730601147974376
CE_PIECECOORDINATION:0.5599639700881972
CE_MATERIAL:0.44527559072491407
CE_KINGSAFETY:0.4978678144881863
C_PIECESQUARETABLES:0.5308323348876793
C_MOBILITY:0.401885863035681
C_KINGSAFETY:0.4830105831891951
C_PAWNSTRUCTURE:0.3727407469863867
C_PIECECOORDINATION:0.5866455070939013
C_ROOKANDPAWNMOVEMENT:0.5866455070939013
C_CENTERCONTROL:0.47953467003857364
C_DEVELOPPIECES:0.48268549061979793
C_MATERIAL:0.5183812999831595
