ELO:684
CE_PASSEDPAWNS:0.6088950618978013
CE_PAWNWEAKNESSES:0.48241116253880756
CE_PIECEACTIVITY:0.5762494323402899
CE_KINGPAWNSHIELD:0.44862506144539255
CE_PIECECOORDINATION:0.4839650872832518
CE_MATERIAL:0.5304833198057475
CE_KINGSAFETY:0.4808779789097914
C_PIECESQUARETABLES:0.5511126950155008
C_MOBILITY:0.4780061409394185
C_KINGSAFETY:0.4548172775023266
C_PAWNSTRUCTURE:0.5732319800684418
C_PIECECOORDINATION:0.5698795385954976
C_ROOKANDPAWNMOVEMENT:0.5698795385954976
C_CENTERCONTROL:0.4939217599638749
C_DEVELOPPIECES:0.5221653088783217
C_MATERIAL:0.36243138728499175
C_MOVECOUNT:0.5
