ELO:985
CE_PASSEDPAWNS:0.5240767564843484
CE_PAWNWEAKNESSES:0.5245064933115678
CE_PIECEACTIVITY:0.48310424324589046
CE_KINGPAWNSHIELD:0.502804397698472
CE_PIECECOORDINATION:0.5292397919370525
CE_MATERIAL:0.5060931186886353
CE_KINGSAFETY:0.4972309721149555
C_PIECESQUARETABLES:0.5
C_MOBILITY:0.5044564496057101
C_KINGSAFETY:0.5149273698185248
C_PAWNSTRUCTURE:0.4900577029284544
C_PIECECOORDINATION:0.4549572441180041
C_ROOK:0.48193751984178057
CE_ROOK:0.5124262536765402
C_CENTERCONTROL:0.5312182247370342
C_DEVELOPPIECES:0.5069449826884757
C_MATERIAL:0.4884466459178833
C_MOVECOUNT:0.4838696226696883
C_PAWNMOVEMENT:0.5083217540250716
