ELO:1000
CE_PASSEDPAWNS:0.4924564720746365
CE_PAWNWEAKNESSES:0.5
CE_PIECEACTIVITY:0.5084941857667032
CE_KINGPAWNSHIELD:0.4995954681803973
CE_PIECECOORDINATION:0.5055180010487211
CE_MATERIAL:0.5
CE_KINGSAFETY:0.5
C_PIECESQUARETABLES:0.5
C_MOBILITY:0.493042019821027
C_KINGSAFETY:0.4990855529654158
C_PAWNSTRUCTURE:0.5
C_PIECECOORDINATION:0.49686334258976855
C_ROOK:0.4956106784943497
CE_ROOK:0.5
C_CENTERCONTROL:0.5
C_DEVELOPPIECES:0.5110712771376289
C_MATERIAL:0.5
C_MOVECOUNT:0.5
C_PAWNMOVEMENT:0.5
