ELO:1000
CE_PASSEDPAWNS:0.4954945305433409
CE_PAWNWEAKNESSES:0.5312578556136052
CE_PIECEACTIVITY:0.46002394482675985
CE_KINGPAWNSHIELD:0.47826065149424163
CE_PIECECOORDINATION:0.5214597060815077
CE_MATERIAL:0.4654151845929593
CE_KINGSAFETY:0.47773568414015316
C_PIECESQUARETABLES:0.49891755928871734
C_MOBILITY:0.5148616432089738
C_KINGSAFETY:0.528102406626325
C_PAWNSTRUCTURE:0.5088402165236962
C_PIECECOORDINATION:0.5099355256616903
C_ROOKANDPAWNMOVEMENT:0.5099355256616903
C_CENTERCONTROL:0.4743752233189931
C_DEVELOPPIECES:0.4814552521152861
C_MATERIAL:0.49346133007963533
