ELO:1007
CE_PASSEDPAWNS:0.5165888194381504
CE_PAWNWEAKNESSES:0.5081533900562797
CE_PIECEACTIVITY:0.4968658788180095
CE_KINGPAWNSHIELD:0.5058489131059151
CE_PIECECOORDINATION:0.5029084943262581
CE_MATERIAL:0.4877936927601707
CE_KINGSAFETY:0.5
C_PIECESQUARETABLES:0.5
C_MOBILITY:0.4749484665676211
C_KINGSAFETY:0.45404139381650016
C_PAWNSTRUCTURE:0.5004094976663463
C_PIECECOORDINATION:0.480677372078961
C_ROOK:0.49302113446756246
CE_ROOK:0.48625489621868667
C_CENTERCONTROL:0.47546309063142794
C_DEVELOPPIECES:0.46329247459338097
C_MATERIAL:0.523434263256855
C_MOVECOUNT:0.48073797513413424
C_PAWNMOVEMENT:0.5049255284258698
