ELO:999
CE_PASSEDPAWNS:0.5
CE_PAWNWEAKNESSES:0.5
CE_PIECEACTIVITY:0.4898114895005008
CE_KINGPAWNSHIELD:0.5
CE_PIECECOORDINATION:0.5
CE_MATERIAL:0.5
CE_KINGSAFETY:0.49306513093417365
C_PIECESQUARETABLES:0.5
C_MOBILITY:0.5050216085383049
C_KINGSAFETY:0.5022367790542822
C_PAWNSTRUCTURE:0.5036420937825845
C_PIECECOORDINATION:0.5
C_ROOKANDPAWNMOVEMENT:0.5
C_CENTERCONTROL:0.5
C_DEVELOPPIECES:0.5
C_MATERIAL:0.501232070821732
C_MOVECOUNT:0.5
