ELO:1106
CE_PASSEDPAWNS:0.6033495025232265
CE_PAWNWEAKNESSES:0.46883691340947076
CE_PIECEACTIVITY:0.5148256734905233
CE_KINGPAWNSHIELD:0.4675646568981878
CE_PIECECOORDINATION:0.49375830367408635
CE_MATERIAL:0.44981355095394654
CE_KINGSAFETY:0.4850607683076809
C_PIECESQUARETABLES:0.5096846778818185
C_MOBILITY:0.42093784624183095
C_KINGSAFETY:0.5045740804551385
C_PAWNSTRUCTURE:0.42978400586309734
C_PIECECOORDINATION:0.47851722605342817
C_ROOKANDPAWNMOVEMENT:0.47851722605342817
C_CENTERCONTROL:0.5965943563134913
C_DEVELOPPIECES:0.5730597243969155
C_MATERIAL:0.41117389175816205
