ELO:924
CE_PASSEDPAWNS:0.4536653017128467
CE_PAWNWEAKNESSES:0.4132266643875433
CE_PIECEACTIVITY:0.44375606752532254
CE_KINGPAWNSHIELD:0.45300584010731215
CE_PIECECOORDINATION:0.525030150453106
CE_MATERIAL:0.49261991083787476
CE_KINGSAFETY:0.45360646279405986
C_PIECESQUARETABLES:0.5093682910133219
C_MOBILITY:0.39106175626593764
C_KINGSAFETY:0.4924845920020945
C_PAWNSTRUCTURE:0.36773676299499525
C_PIECECOORDINATION:0.5786349055534141
C_ROOKANDPAWNMOVEMENT:0.5786349055534141
C_CENTERCONTROL:0.48410705885011
C_DEVELOPPIECES:0.45673409397051506
C_MATERIAL:0.5013041840449547
