ELO:1000
CE_PASSEDPAWNS:0.4977375800287918
CE_PAWNWEAKNESSES:0.5044977565169634
CE_PIECEACTIVITY:0.5133317520674116
CE_KINGPAWNSHIELD:0.5092976672852987
CE_PIECECOORDINATION:0.5793829787451275
CE_MATERIAL:0.5118270685276396
CE_KINGSAFETY:0.4816938080879543
C_PIECESQUARETABLES:0.5175544753564763
C_MOBILITY:0.4424639958114668
C_KINGSAFETY:0.5334440952590407
C_PAWNSTRUCTURE:0.5422430955473023
C_PIECECOORDINATION:0.5377510812525299
C_ROOKANDPAWNMOVEMENT:0.5377510812525299
C_CENTERCONTROL:0.5042981690621573
C_DEVELOPPIECES:0.4603022015465721
C_MATERIAL:0.5232869938920143
