ELO:524
CE_PASSEDPAWNS:0.5587851139194138
CE_PAWNWEAKNESSES:0.4856243386282464
CE_PIECEACTIVITY:0.5775197672462061
CE_KINGPAWNSHIELD:0.43975042381568397
CE_PIECECOORDINATION:0.5094723426924018
CE_MATERIAL:0.4947430367960304
CE_KINGSAFETY:0.5361953484064003
C_PIECESQUARETABLES:0.5223342578684289
C_MOBILITY:0.5404069389885
C_KINGSAFETY:0.43319269910403363
C_PAWNSTRUCTURE:0.5893240415096563
C_PIECECOORDINATION:0.5923402994101159
C_ROOKANDPAWNMOVEMENT:0.5923402994101159
C_CENTERCONTROL:0.3738229307235675
C_DEVELOPPIECES:0.5322536699611493
C_MATERIAL:0.33746808793194993
C_MOVECOUNT:0.5264766453595657
