ELO:1004
CE_PASSEDPAWNS:0.5102725531394218
CE_PAWNWEAKNESSES:0.5084469879361767
CE_PIECEACTIVITY:0.5244108836238115
CE_KINGPAWNSHIELD:0.49706906107671456
CE_PIECECOORDINATION:0.5207082048196396
CE_MATERIAL:0.5009162432623727
CE_KINGSAFETY:0.5
C_PIECESQUARETABLES:0.5
C_MOBILITY:0.505660742160286
C_KINGSAFETY:0.4796782585905045
C_PAWNSTRUCTURE:0.499783538468481
C_PIECECOORDINATION:0.5010565797952407
C_ROOK:0.5245312914270226
CE_ROOK:0.503614211209282
C_CENTERCONTROL:0.4987911974060962
C_DEVELOPPIECES:0.5183309945605886
C_MATERIAL:0.5160514532419177
C_MOVECOUNT:0.5097475948095455
C_PAWNMOVEMENT:0.5051477017579477
