ELO:994
CE_PASSEDPAWNS:0.4698047673757162
CE_PAWNWEAKNESSES:0.5008759903036386
CE_PIECEACTIVITY:0.5005596484368231
CE_KINGPAWNSHIELD:0.5097389271072665
CE_PIECECOORDINATION:0.5008597350669519
CE_MATERIAL:0.49273289785621693
CE_KINGSAFETY:0.5041846229345839
C_PIECESQUARETABLES:0.4877259232857173
C_MOBILITY:0.4836377288899288
C_KINGSAFETY:0.5154966190147108
C_PAWNSTRUCTURE:0.4813851992388605
C_PIECECOORDINATION:0.4887242797906363
C_ROOK:0.4925296116780115
CE_ROOK:0.5157517685220828
C_CENTERCONTROL:0.5132001642724948
C_DEVELOPPIECES:0.5176566917606281
C_MATERIAL:0.5012037769773352
C_MOVECOUNT:0.5316273710313848
C_PAWNMOVEMENT:0.5196438683342943
