ELO:912
CE_PASSEDPAWNS:0.5038826034300429
CE_PAWNWEAKNESSES:0.5052956822298798
CE_PIECEACTIVITY:0.41329222707362545
CE_KINGPAWNSHIELD:0.5135807201746218
CE_PIECECOORDINATION:0.4848712767361075
CE_MATERIAL:0.43883925011029934
CE_KINGSAFETY:0.45831979258187083
C_PIECESQUARETABLES:0.5765524140965995
C_MOBILITY:0.5433999108985937
C_KINGSAFETY:0.4936873685410476
C_PAWNSTRUCTURE:0.542306437482271
C_PIECECOORDINATION:0.531358540116803
C_ROOKANDPAWNMOVEMENT:0.531358540116803
C_CENTERCONTROL:0.4679259275317064
C_DEVELOPPIECES:0.45950205536135824
C_MATERIAL:0.49249798827697633
