ELO:1000
CE_PASSEDPAWNS:0.4914728349763357
CE_PAWNWEAKNESSES:0.4995306734727412
CE_PIECEACTIVITY:0.49510765650320515
CE_KINGPAWNSHIELD:0.4863421575558191
CE_PIECECOORDINATION:0.5010709798696898
CE_MATERIAL:0.5148183463262386
CE_KINGSAFETY:0.49368565546356347
C_PIECESQUARETABLES:0.4996356838111454
C_MOBILITY:0.5016363950666207
C_KINGSAFETY:0.5
C_PAWNSTRUCTURE:0.5161547840954192
C_PIECECOORDINATION:0.5194237555203053
C_ROOKANDPAWNMOVEMENT:0.5194237555203053
C_CENTERCONTROL:0.4905250189413509
C_DEVELOPPIECES:0.49008611048157597
C_MATERIAL:0.4997673243465234
