ELO:984
CE_PASSEDPAWNS:0.4698047673757162
CE_PAWNWEAKNESSES:0.49643143513934723
CE_PIECEACTIVITY:0.4978762555945348
CE_KINGPAWNSHIELD:0.5038697467151149
CE_PIECECOORDINATION:0.4973659403382005
CE_MATERIAL:0.5025869416280855
CE_KINGSAFETY:0.502083054515694
C_PIECESQUARETABLES:0.4969166978847565
C_MOBILITY:0.48883273240855973
C_KINGSAFETY:0.509445938814649
C_PAWNSTRUCTURE:0.4813851992388605
C_PIECECOORDINATION:0.47859082934047076
C_ROOK:0.498644027091647
CE_ROOK:0.513938214860458
C_CENTERCONTROL:0.504374711165802
C_DEVELOPPIECES:0.5186476979614233
C_MATERIAL:0.5047000982238442
C_MOVECOUNT:0.518061436034849
C_PAWNMOVEMENT:0.5196438683342943
