ELO:958
CE_PASSEDPAWNS:0.46651764550919794
CE_PAWNWEAKNESSES:0.5975488779134402
CE_PIECEACTIVITY:0.4124175243743802
CE_KINGPAWNSHIELD:0.4969112771905379
CE_PIECECOORDINATION:0.43697226921752214
CE_MATERIAL:0.4372418855297633
CE_KINGSAFETY:0.4799654544888579
C_PIECESQUARETABLES:0.5143314936149372
C_MOBILITY:0.5421914025000707
C_KINGSAFETY:0.5903305248057261
C_PAWNSTRUCTURE:0.6077939588232654
C_PIECECOORDINATION:0.5087961471710359
C_ROOKANDPAWNMOVEMENT:0.5087961471710359
C_CENTERCONTROL:0.44284152945722094
C_DEVELOPPIECES:0.3985321482100396
C_MATERIAL:0.41354128118949807
