ELO:1000
CE_PASSEDPAWNS:0.45227101362113137
CE_PAWNWEAKNESSES:0.4729831523639295
CE_PIECEACTIVITY:0.5115430696911651
CE_KINGPAWNSHIELD:0.5465488437720968
CE_PIECECOORDINATION:0.4442212372188272
CE_MATERIAL:0.5053052856408922
CE_KINGSAFETY:0.5051480222857767
C_PIECESQUARETABLES:0.4888238772482646
C_MOBILITY:0.4668992964678293
C_KINGSAFETY:0.4299461069977377
C_PAWNSTRUCTURE:0.5160832213311645
C_PIECECOORDINATION:0.4530511075434315
C_ROOKANDPAWNMOVEMENT:0.4530511075434315
C_CENTERCONTROL:0.4769210011775966
C_DEVELOPPIECES:0.5700926546356638
C_MATERIAL:0.5281904030993025
