ELO:951
CE_PASSEDPAWNS:0.5054108691445084
CE_PAWNWEAKNESSES:0.4872973903865126
CE_PIECEACTIVITY:0.5223905719958453
CE_KINGPAWNSHIELD:0.49500189502345343
CE_PIECECOORDINATION:0.5145196890991045
CE_MATERIAL:0.4961026509759439
CE_KINGSAFETY:0.5147003790702951
C_PIECESQUARETABLES:0.4813446910331337
C_MOBILITY:0.5485899041890382
C_KINGSAFETY:0.5161536099710679
C_PAWNSTRUCTURE:0.515561993368406
C_PIECECOORDINATION:0.48318242557259067
C_ROOKANDPAWNMOVEMENT:0.48318242557259067
C_CENTERCONTROL:0.483584390968369
C_DEVELOPPIECES:0.5000278975982084
C_MATERIAL:0.4871465275437571
C_MOVECOUNT:0.5170306694302084
