ELO:1010
CE_PASSEDPAWNS:0.4899099483449825
CE_PAWNWEAKNESSES:0.4939923464151705
CE_PIECEACTIVITY:0.5137722099816169
CE_KINGPAWNSHIELD:0.5120966026249539
CE_PIECECOORDINATION:0.5
CE_MATERIAL:0.48864863567140904
CE_KINGSAFETY:0.49497398835861584
C_PIECESQUARETABLES:0.48894295288569445
C_MOBILITY:0.4781147404641437
C_KINGSAFETY:0.4892394227318883
C_PAWNSTRUCTURE:0.48729397773934846
C_PIECECOORDINATION:0.5013566258915023
C_ROOKANDPAWNMOVEMENT:0.5013566258915023
C_CENTERCONTROL:0.5018838503921336
C_DEVELOPPIECES:0.5016688913712569
C_MATERIAL:0.5
