ELO:1000
CE_PASSEDPAWNS:0.5236459781488149
CE_PAWNWEAKNESSES:0.5220671670183071
CE_PIECEACTIVITY:0.49700932218154426
CE_KINGPAWNSHIELD:0.5061378507909998
CE_PIECECOORDINATION:0.5288011046852711
CE_MATERIAL:0.4923551773019314
CE_KINGSAFETY:0.48027559430602257
C_PIECESQUARETABLES:0.5126205081082778
C_MOBILITY:0.48511804936195235
C_KINGSAFETY:0.47079353018266834
C_PAWNSTRUCTURE:0.5134074432220451
C_PIECECOORDINATION:0.4969124399552978
C_ROOKANDPAWNMOVEMENT:0.4969124399552978
C_CENTERCONTROL:0.45192157452986165
C_DEVELOPPIECES:0.5137571787906283
C_MATERIAL:0.5461658463072016
