ELO:989
CE_PASSEDPAWNS:0.4221993372656802
CE_PAWNWEAKNESSES:0.50075958061013
CE_PIECEACTIVITY:0.5211300518291798
CE_KINGPAWNSHIELD:0.5117754042947061
CE_PIECECOORDINATION:0.413531047568997
CE_MATERIAL:0.5102523049220123
CE_KINGSAFETY:0.5362736784175152
C_PIECESQUARETABLES:0.5080080571323283
C_MOBILITY:0.4930668213041038
C_KINGSAFETY:0.45187100878432923
C_PAWNSTRUCTURE:0.5118321147939053
C_PIECECOORDINATION:0.5063762001109923
C_ROOKANDPAWNMOVEMENT:0.5063762001109923
C_CENTERCONTROL:0.516527033254111
C_DEVELOPPIECES:0.595095920757235
C_MATERIAL:0.4767598559491481
