ELO:988
CE_PASSEDPAWNS:0.4208633439705416
CE_PAWNWEAKNESSES:0.5094100414469027
CE_PIECEACTIVITY:0.5312013387734719
CE_KINGPAWNSHIELD:0.5350964350246087
CE_PIECECOORDINATION:0.44011875375586396
CE_MATERIAL:0.4902533763455707
CE_KINGSAFETY:0.5269669205556382
C_PIECESQUARETABLES:0.5127736632041644
C_MOBILITY:0.5006769749601125
C_KINGSAFETY:0.42641972033691977
C_PAWNSTRUCTURE:0.5200645047732414
C_PIECECOORDINATION:0.5111506700183224
C_ROOKANDPAWNMOVEMENT:0.5111506700183224
C_CENTERCONTROL:0.5245528573636763
C_DEVELOPPIECES:0.5833164116989572
C_MATERIAL:0.45208421838730345
