ELO:1000
CE_PASSEDPAWNS:0.5597841958328994
CE_PAWNWEAKNESSES:0.51151253863205
CE_PIECEACTIVITY:0.4957992685927228
CE_KINGPAWNSHIELD:0.5543515229235323
CE_PIECECOORDINATION:0.48381702622739964
CE_MATERIAL:0.5500143950416586
CE_KINGSAFETY:0.44734759289961584
C_PIECESQUARETABLES:0.5170946979689451
C_MOBILITY:0.525040559878785
C_KINGSAFETY:0.45768518662393026
C_PAWNSTRUCTURE:0.5115476460552051
C_PIECECOORDINATION:0.4780893581039426
C_ROOKANDPAWNMOVEMENT:0.4780893581039426
C_CENTERCONTROL:0.4981568505700361
C_DEVELOPPIECES:0.5460432388942988
C_MATERIAL:0.5408198010783657
