ELO:936
CE_PASSEDPAWNS:0.407315304203242
CE_PAWNWEAKNESSES:0.48748955019024626
CE_PIECEACTIVITY:0.5131596983398263
CE_KINGPAWNSHIELD:0.5282774452629075
CE_PIECECOORDINATION:0.44126881805310586
CE_MATERIAL:0.5193233439987388
CE_KINGSAFETY:0.5106426815679664
C_PIECESQUARETABLES:0.5314854095434415
C_MOBILITY:0.4994093167746686
C_KINGSAFETY:0.4325689547442509
C_PAWNSTRUCTURE:0.5237696532851421
C_PIECECOORDINATION:0.5491001787785534
C_ROOKANDPAWNMOVEMENT:0.5491001787785534
C_CENTERCONTROL:0.5239615011463292
C_DEVELOPPIECES:0.6646235861250911
C_MATERIAL:0.4432313268718191
