ELO:1015
CE_PASSEDPAWNS:0.5
CE_PAWNWEAKNESSES:0.5
CE_PIECEACTIVITY:0.5030412710002744
CE_KINGPAWNSHIELD:0.511867304195319
CE_PIECECOORDINATION:0.5
CE_MATERIAL:0.4981983006607924
CE_KINGSAFETY:0.502008977994273
C_PIECESQUARETABLES:0.47832639034860813
C_MOBILITY:0.5
C_KINGSAFETY:0.5
C_PAWNSTRUCTURE:0.5
C_PIECECOORDINATION:0.4964026305359628
C_ROOKANDPAWNMOVEMENT:0.4964026305359628
C_CENTERCONTROL:0.5105303231157338
C_DEVELOPPIECES:0.49667258670350267
C_MATERIAL:0.5020245825946672
C_MOVECOUNT:0.5
