ELO:802
CE_PASSEDPAWNS:0.5154148830824549
CE_PAWNWEAKNESSES:0.48229146725383043
CE_PIECEACTIVITY:0.47426125167270783
CE_KINGPAWNSHIELD:0.47140211999788245
CE_PIECECOORDINATION:0.6054090004804648
CE_MATERIAL:0.4933181845966445
CE_KINGSAFETY:0.5093165299876892
C_PIECESQUARETABLES:0.5
C_MOBILITY:0.5774611749725461
C_KINGSAFETY:0.5413612861314168
C_PAWNSTRUCTURE:0.42956093638358844
C_PIECECOORDINATION:0.5193733631022464
C_ROOKANDPAWNMOVEMENT:0.5193733631022464
C_CENTERCONTROL:0.4533186066648827
C_DEVELOPPIECES:0.5168154051824282
C_MATERIAL:0.4735725848304667
C_MOVECOUNT:0.5
