ELO:942
CE_PASSEDPAWNS:0.5767360604183243
CE_PAWNWEAKNESSES:0.4570840097820581
CE_PIECEACTIVITY:0.48778324053409405
CE_KINGPAWNSHIELD:0.3863415894925599
CE_PIECECOORDINATION:0.6633461955397433
CE_MATERIAL:0.574049962254285
CE_KINGSAFETY:0.5106292084356203
C_PIECESQUARETABLES:0.507615492100742
C_MOBILITY:0.5238603821538708
C_KINGSAFETY:0.5031106033558124
C_PAWNSTRUCTURE:0.48520085103761734
C_PIECECOORDINATION:0.5245959121502569
C_ROOKANDPAWNMOVEMENT:0.5245959121502569
C_CENTERCONTROL:0.5469510159552682
C_DEVELOPPIECES:0.526318187388156
C_MATERIAL:0.5018043039633625
