ELO:1015
CE_PASSEDPAWNS:0.6491563745688606
CE_PAWNWEAKNESSES:0.5043693324925762
CE_PIECEACTIVITY:0.5089820782151261
CE_KINGPAWNSHIELD:0.47556998539968615
CE_PIECECOORDINATION:0.4451691089902135
CE_MATERIAL:0.4517621994720899
CE_KINGSAFETY:0.4860210238242667
C_PIECESQUARETABLES:0.47069614899633366
C_MOBILITY:0.41453242010564395
C_KINGSAFETY:0.48578345379362387
C_PAWNSTRUCTURE:0.38198329438128475
C_PIECECOORDINATION:0.45664107760521994
C_ROOKANDPAWNMOVEMENT:0.45664107760521994
C_CENTERCONTROL:0.5241632433880381
C_DEVELOPPIECES:0.5711505904475226
C_MATERIAL:0.44498013639298206
