ELO:973
CE_PASSEDPAWNS:0.45087393198393066
CE_PAWNWEAKNESSES:0.49900555757026466
CE_PIECEACTIVITY:0.5313839234975644
CE_KINGPAWNSHIELD:0.5065157062260263
CE_PIECECOORDINATION:0.5103333501840379
CE_MATERIAL:0.5103870890660721
CE_KINGSAFETY:0.5
C_PIECESQUARETABLES:0.5
C_MOBILITY:0.5274025128559238
C_KINGSAFETY:0.49283861844101184
C_PAWNSTRUCTURE:0.505438535140769
C_PIECECOORDINATION:0.5094619792217536
C_ROOK:0.5160186937085037
CE_ROOK:0.5180905184364258
C_CENTERCONTROL:0.4793325505168307
C_DEVELOPPIECES:0.4607989539807657
C_MATERIAL:0.5209950969478241
C_MOVECOUNT:0.488103641577443
C_PAWNMOVEMENT:0.48410916605307214
