ELO:1000
CE_PASSEDPAWNS:0.4084183944501127
CE_PAWNWEAKNESSES:0.45301589540087156
CE_PIECEACTIVITY:0.5304874551413646
CE_KINGPAWNSHIELD:0.5416790720760548
CE_PIECECOORDINATION:0.43954565227820513
CE_MATERIAL:0.5311633945802463
CE_KINGSAFETY:0.5276193105994408
C_PIECESQUARETABLES:0.510854626468293
C_MOBILITY:0.48049201038675754
C_KINGSAFETY:0.4424196384515586
C_PAWNSTRUCTURE:0.5153185863052532
C_PIECECOORDINATION:0.47798642957749765
C_ROOKANDPAWNMOVEMENT:0.47798642957749765
C_CENTERCONTROL:0.5033424664288871
C_DEVELOPPIECES:0.5913103712868536
C_MATERIAL:0.5043947740303064
