ELO:959
CE_PASSEDPAWNS:0.515694144516821
CE_PAWNWEAKNESSES:0.48987155651442743
CE_PIECEACTIVITY:0.5223905719958453
CE_KINGPAWNSHIELD:0.5027676493367963
CE_PIECECOORDINATION:0.5025634271911539
CE_MATERIAL:0.5090038650517028
CE_KINGSAFETY:0.4897406934238711
C_PIECESQUARETABLES:0.5060590410155535
C_MOBILITY:0.5574305517213
C_KINGSAFETY:0.5174669348868193
C_PAWNSTRUCTURE:0.5113981110142473
C_PIECECOORDINATION:0.4771368221330154
C_ROOKANDPAWNMOVEMENT:0.4771368221330154
C_CENTERCONTROL:0.4899747173811999
C_DEVELOPPIECES:0.5143478843239525
C_MATERIAL:0.489308451681508
C_MOVECOUNT:0.5036374666795045
