ELO:950
CE_PASSEDPAWNS:0.3733240181859566
CE_PAWNWEAKNESSES:0.47428436398804064
CE_PIECEACTIVITY:0.5190663261158655
CE_KINGPAWNSHIELD:0.4729036335892072
CE_PIECECOORDINATION:0.4122223440487429
CE_MATERIAL:0.4939454998068013
CE_KINGSAFETY:0.491758119187848
C_PIECESQUARETABLES:0.48004553123620275
C_MOBILITY:0.4998778967746757
C_KINGSAFETY:0.4252615361092453
C_PAWNSTRUCTURE:0.46333550535206086
C_PIECECOORDINATION:0.5415985951030445
C_ROOKANDPAWNMOVEMENT:0.5415985951030445
C_CENTERCONTROL:0.516654704851927
C_DEVELOPPIECES:0.6598745610680584
C_MATERIAL:0.4273963324978306
