ELO:955
CE_PASSEDPAWNS:0.4921073761506409
CE_PAWNWEAKNESSES:0.5091588087879751
CE_PIECEACTIVITY:0.5063290286820354
CE_KINGPAWNSHIELD:0.47737106263819445
CE_PIECECOORDINATION:0.5082679645932046
CE_MATERIAL:0.5267685548320216
CE_KINGSAFETY:0.5046949439317552
C_PIECESQUARETABLES:0.5265598037241931
C_MOBILITY:0.49024567255319185
C_KINGSAFETY:0.4758149290035884
C_PAWNSTRUCTURE:0.5007373736103174
C_PIECECOORDINATION:0.48410187591546466
C_ROOK:0.5051795352896573
CE_ROOK:0.5010946893328448
C_CENTERCONTROL:0.5226610434065312
C_DEVELOPPIECES:0.5069889961824505
C_MATERIAL:0.5070407994845152
C_MOVECOUNT:0.5026451787015325
C_PAWNMOVEMENT:0.5088125228429476
