ELO:999
CE_PASSEDPAWNS:0.5000180642753781
CE_PAWNWEAKNESSES:0.5
CE_PIECEACTIVITY:0.49043800675152655
CE_KINGPAWNSHIELD:0.5
CE_PIECECOORDINATION:0.5
CE_MATERIAL:0.48279968713093246
CE_KINGSAFETY:0.5
C_PIECESQUARETABLES:0.5
C_MOBILITY:0.496400694492856
C_KINGSAFETY:0.5
C_PAWNSTRUCTURE:0.5065703738897559
C_PIECECOORDINATION:0.5
C_ROOKANDPAWNMOVEMENT:0.5
C_CENTERCONTROL:0.5031322321767262
C_DEVELOPPIECES:0.4930256791489858
C_MATERIAL:0.4923440875327483
C_MOVECOUNT:0.5
