ELO:982
CE_PASSEDPAWNS:0.514595165878726
CE_PAWNWEAKNESSES:0.49250086262525633
CE_PIECEACTIVITY:0.49622030001700157
CE_KINGPAWNSHIELD:0.49205983942061665
CE_PIECECOORDINATION:0.504649944376171
CE_MATERIAL:0.4969573893329923
CE_KINGSAFETY:0.500508509691546
C_PIECESQUARETABLES:0.49156968336383605
C_MOBILITY:0.5007327356930582
C_KINGSAFETY:0.504201837616393
C_PAWNSTRUCTURE:0.496446689244052
C_PIECECOORDINATION:0.5078704037799342
C_ROOKANDPAWNMOVEMENT:0.5078704037799342
C_CENTERCONTROL:0.5187052423877369
C_DEVELOPPIECES:0.5061888270510484
C_MATERIAL:0.5
