ELO:1016
CE_PASSEDPAWNS:0.47391601771006325
CE_PAWNWEAKNESSES:0.5070295224989054
CE_PIECEACTIVITY:0.5050141477033739
CE_KINGPAWNSHIELD:0.5021902283136767
CE_PIECECOORDINATION:0.5135191622050275
CE_MATERIAL:0.5174459879681497
CE_KINGSAFETY:0.5
C_PIECESQUARETABLES:0.5
C_MOBILITY:0.5021941160797283
C_KINGSAFETY:0.5
C_PAWNSTRUCTURE:0.5137532917762233
C_PIECECOORDINATION:0.5200587711481103
C_ROOK:0.489354156870857
CE_ROOK:0.5007130595705892
C_CENTERCONTROL:0.4730754320533753
C_DEVELOPPIECES:0.5
C_MATERIAL:0.5220246160394035
C_MOVECOUNT:0.4570559319599199
C_PAWNMOVEMENT:0.49798471160255875
