ELO:981
CE_PASSEDPAWNS:0.4942769584981758
CE_PAWNWEAKNESSES:0.4953800430266532
CE_PIECEACTIVITY:0.49819995250325183
CE_KINGPAWNSHIELD:0.5121511663024764
CE_PIECECOORDINATION:0.47789405541254554
CE_MATERIAL:0.4659111715581138
CE_KINGSAFETY:0.4978691910822046
C_PIECESQUARETABLES:0.5
C_MOBILITY:0.49510407645803683
C_KINGSAFETY:0.5
C_PAWNSTRUCTURE:0.525043107656834
C_PIECECOORDINATION:0.4900481789161118
C_ROOKANDPAWNMOVEMENT:0.4900481789161118
C_CENTERCONTROL:0.5166512543603767
C_DEVELOPPIECES:0.5
C_MATERIAL:0.5088932836099207
C_MOVECOUNT:0.5
