ELO:826
CE_PASSEDPAWNS:0.5432434098949848
CE_PAWNWEAKNESSES:0.4802217058873573
CE_PIECEACTIVITY:0.4829710303921125
CE_KINGPAWNSHIELD:0.4908425230144405
CE_PIECECOORDINATION:0.5992728221781433
CE_MATERIAL:0.4913794920014326
CE_KINGSAFETY:0.5052148840750117
C_PIECESQUARETABLES:0.5247722956848413
C_MOBILITY:0.5579636408568183
C_KINGSAFETY:0.5125291788564349
C_PAWNSTRUCTURE:0.4585535955783481
C_PIECECOORDINATION:0.5159953971128276
C_ROOKANDPAWNMOVEMENT:0.5159953971128276
C_CENTERCONTROL:0.44886777869053707
C_DEVELOPPIECES:0.5331168898816929
C_MATERIAL:0.48929802512093623
C_MOVECOUNT:0.5
