ELO:770
CE_PASSEDPAWNS:0.5342827840287836
CE_PAWNWEAKNESSES:0.5120252969509839
CE_PIECEACTIVITY:0.43098941524664547
CE_KINGPAWNSHIELD:0.5406562731718205
CE_PIECECOORDINATION:0.5115237205578063
CE_MATERIAL:0.4935524560624439
CE_KINGSAFETY:0.4904164836575215
C_PIECESQUARETABLES:0.5054701145829205
C_MOBILITY:0.5744301728059787
C_KINGSAFETY:0.4937863978594836
C_PAWNSTRUCTURE:0.592744641745281
C_PIECECOORDINATION:0.4724178806616421
C_ROOKANDPAWNMOVEMENT:0.4724178806616421
C_CENTERCONTROL:0.44371946701911597
C_DEVELOPPIECES:0.5175106154326347
C_MATERIAL:0.5271847715610471
C_MOVECOUNT:0.44360786450736817
