ELO:999
CE_PASSEDPAWNS:0.4623918683102647
CE_PAWNWEAKNESSES:0.5158538814199061
CE_PIECEACTIVITY:0.45641853827048906
CE_KINGPAWNSHIELD:0.515500607597445
CE_PIECECOORDINATION:0.5231004650816856
CE_MATERIAL:0.493550948517145
CE_KINGSAFETY:0.5
C_PIECESQUARETABLES:0.5
C_MOBILITY:0.5044564496057101
C_KINGSAFETY:0.5014489995702224
C_PAWNSTRUCTURE:0.523359645266641
C_PIECECOORDINATION:0.4613627714830535
C_ROOK:0.5534603778252365
CE_ROOK:0.49321024694033866
C_CENTERCONTROL:0.5301531798962803
C_DEVELOPPIECES:0.49541031936673596
C_MATERIAL:0.5
C_MOVECOUNT:0.4819960869242839
C_PAWNMOVEMENT:0.49740870933088366
