ELO:712
CE_PASSEDPAWNS:0.4700368515373549
CE_PAWNWEAKNESSES:0.5678204464949381
CE_PIECEACTIVITY:0.5481185163319428
CE_KINGPAWNSHIELD:0.38684183740724754
CE_PIECECOORDINATION:0.5772366940195143
CE_MATERIAL:0.5649551716209298
CE_KINGSAFETY:0.5051830545583643
C_PIECESQUARETABLES:0.5037668828526211
C_MOBILITY:0.5079192967664012
C_KINGSAFETY:0.5023210865395935
C_PAWNSTRUCTURE:0.522670237289114
C_PIECECOORDINATION:0.49749521190882184
C_ROOKANDPAWNMOVEMENT:0.49749521190882184
C_CENTERCONTROL:0.5941066684447385
C_DEVELOPPIECES:0.45866855743932533
C_MATERIAL:0.5093246665707051
C_MOVECOUNT:0.5044275233309369
