ELO:1019
CE_PASSEDPAWNS:0.48913889782306796
CE_PAWNWEAKNESSES:0.507903658015204
CE_PIECEACTIVITY:0.5
CE_KINGPAWNSHIELD:0.5
CE_PIECECOORDINATION:0.5035424892320927
CE_MATERIAL:0.48295344556020814
CE_KINGSAFETY:0.4844015297491675
C_PIECESQUARETABLES:0.5
C_MOBILITY:0.49763018526177893
C_KINGSAFETY:0.5134738228277366
C_PAWNSTRUCTURE:0.5
C_PIECECOORDINATION:0.5323124885565438
C_ROOKANDPAWNMOVEMENT:0.5323124885565438
C_CENTERCONTROL:0.47128009279497945
C_DEVELOPPIECES:0.5090078622068038
C_MATERIAL:0.4993825576146643
