ELO:989
CE_PASSEDPAWNS:0.36715015263829603
CE_PAWNWEAKNESSES:0.5084202117413795
CE_PIECEACTIVITY:0.5594978002495871
CE_KINGPAWNSHIELD:0.47296228941213614
CE_PIECECOORDINATION:0.46171778963038196
CE_MATERIAL:0.5126874479679908
CE_KINGSAFETY:0.4878721471831025
C_PIECESQUARETABLES:0.4919529787929316
C_MOBILITY:0.4938148921726565
C_KINGSAFETY:0.5688874896882732
C_PAWNSTRUCTURE:0.31540038814563587
C_PIECECOORDINATION:0.4443349507677168
C_ROOKANDPAWNMOVEMENT:0.4443349507677168
C_CENTERCONTROL:0.35488331713916
C_DEVELOPPIECES:0.5038487586799334
C_MATERIAL:0.6828983766046607
