ELO:941
CE_PASSEDPAWNS:0.3868949578725895
CE_PAWNWEAKNESSES:0.4761331918409673
CE_PIECEACTIVITY:0.5045876434432227
CE_KINGPAWNSHIELD:0.5047778105992334
CE_PIECECOORDINATION:0.4208662744134219
CE_MATERIAL:0.5344064127971896
CE_KINGSAFETY:0.518431861405377
C_PIECESQUARETABLES:0.5151744033356468
C_MOBILITY:0.5011054113835608
C_KINGSAFETY:0.4336707645065616
C_PAWNSTRUCTURE:0.4887242017430379
C_PIECECOORDINATION:0.518343275842444
C_ROOKANDPAWNMOVEMENT:0.518343275842444
C_CENTERCONTROL:0.5106108027641698
C_DEVELOPPIECES:0.652107631279109
C_MATERIAL:0.4368673072927063
