ELO:1032
CE_PASSEDPAWNS:0.4804240922566308
CE_PAWNWEAKNESSES:0.5070295224989054
CE_PIECEACTIVITY:0.5012593221806272
CE_KINGPAWNSHIELD:0.5021902283136767
CE_PIECECOORDINATION:0.5070761107935201
CE_MATERIAL:0.5
CE_KINGSAFETY:0.5
C_PIECESQUARETABLES:0.5
C_MOBILITY:0.5021941160797283
C_KINGSAFETY:0.5080026683435823
C_PAWNSTRUCTURE:0.5137532917762233
C_PIECECOORDINATION:0.5094619792217536
C_ROOK:0.5369059538193658
CE_ROOK:0.48763154770178085
C_CENTERCONTROL:0.4730754320533753
C_DEVELOPPIECES:0.503790404228409
C_MATERIAL:0.503537440598957
C_MOVECOUNT:0.48871135583086506
C_PAWNMOVEMENT:0.49798471160255875
