ELO:1052
CE_PASSEDPAWNS:0.5
CE_PAWNWEAKNESSES:0.4936444770060767
CE_PIECEACTIVITY:0.5
CE_KINGPAWNSHIELD:0.5013842342483311
CE_PIECECOORDINATION:0.5
CE_MATERIAL:0.5
CE_KINGSAFETY:0.5
C_PIECESQUARETABLES:0.4978503061526087
C_MOBILITY:0.5119950239966857
C_KINGSAFETY:0.5029244858021122
C_PAWNSTRUCTURE:0.5171852647058974
C_PIECECOORDINATION:0.4842497996095
C_ROOKANDPAWNMOVEMENT:0.4842497996095
C_CENTERCONTROL:0.5026177916282478
C_DEVELOPPIECES:0.5239653905631745
C_MATERIAL:0.5
C_MOVECOUNT:0.4916040580363696
