ELO:953
CE_PASSEDPAWNS:0.3960355164219917
CE_PAWNWEAKNESSES:0.452397150301208
CE_PIECEACTIVITY:0.5143342787645198
CE_KINGPAWNSHIELD:0.5211800218662768
CE_PIECECOORDINATION:0.4527966924018129
CE_MATERIAL:0.5067284617612835
CE_KINGSAFETY:0.5
C_PIECESQUARETABLES:0.5108623732668996
C_MOBILITY:0.485580850437062
C_KINGSAFETY:0.42021041735557696
C_PAWNSTRUCTURE:0.4907276268615167
C_PIECECOORDINATION:0.5459934487654526
C_ROOKANDPAWNMOVEMENT:0.5459934487654526
C_CENTERCONTROL:0.5158892960340045
C_DEVELOPPIECES:0.6554026568137165
C_MATERIAL:0.4445089345588929
