ELO:1028
CE_PASSEDPAWNS:0.5
CE_PAWNWEAKNESSES:0.4683494819470367
CE_PIECEACTIVITY:0.49621071539631173
CE_KINGPAWNSHIELD:0.5156576963496411
CE_PIECECOORDINATION:0.4819355639128754
CE_MATERIAL:0.48786407517462166
CE_KINGSAFETY:0.5
C_PIECESQUARETABLES:0.5
C_MOBILITY:0.5063486089006718
C_KINGSAFETY:0.53125830544146
C_PAWNSTRUCTURE:0.5
C_PIECECOORDINATION:0.5034529882807594
C_ROOKANDPAWNMOVEMENT:0.5034529882807594
C_CENTERCONTROL:0.49594324432328324
C_DEVELOPPIECES:0.5100323462125359
C_MATERIAL:0.4982771253810746
C_MOVECOUNT:0.510584113619213
