ELO:989
CE_PASSEDPAWNS:0.37221844385039127
CE_PAWNWEAKNESSES:0.5105488917833146
CE_PIECEACTIVITY:0.5602734682289932
CE_KINGPAWNSHIELD:0.473271664251929
CE_PIECECOORDINATION:0.4678941767699799
CE_MATERIAL:0.5163843008522732
CE_KINGSAFETY:0.49793504755231455
C_PIECESQUARETABLES:0.5058913984298616
C_MOBILITY:0.49714053685092596
C_KINGSAFETY:0.5682360550468802
C_PAWNSTRUCTURE:0.3086529387392602
C_PIECECOORDINATION:0.43629804044600395
C_ROOKANDPAWNMOVEMENT:0.43629804044600395
C_CENTERCONTROL:0.3588501763717532
C_DEVELOPPIECES:0.5085158685329896
C_MATERIAL:0.6729991751784519
