ELO:1016
CE_PASSEDPAWNS:0.6589310790222563
CE_PAWNWEAKNESSES:0.49910631658191923
CE_PIECEACTIVITY:0.49880976287520284
CE_KINGPAWNSHIELD:0.4893523818023754
CE_PIECECOORDINATION:0.43751079753341054
CE_MATERIAL:0.44430084730087
CE_KINGSAFETY:0.5082624931883511
C_PIECESQUARETABLES:0.5032714737843649
C_MOBILITY:0.41420882027425227
C_KINGSAFETY:0.4840279380759182
C_PAWNSTRUCTURE:0.3860156240182911
C_PIECECOORDINATION:0.4485124485236049
C_ROOKANDPAWNMOVEMENT:0.4485124485236049
C_CENTERCONTROL:0.4993637656684812
C_DEVELOPPIECES:0.5729743137044432
C_MATERIAL:0.4534974769351278
