ELO:1086
CE_PASSEDPAWNS:0.497735122015971
CE_PAWNWEAKNESSES:0.5
CE_PIECEACTIVITY:0.5
CE_KINGPAWNSHIELD:0.5
CE_PIECECOORDINATION:0.5
CE_MATERIAL:0.4856789251527647
CE_KINGSAFETY:0.49790895570744564
C_PIECESQUARETABLES:0.5
C_MOBILITY:0.5
C_KINGSAFETY:0.501103301942584
C_PAWNSTRUCTURE:0.4953470643391382
C_PIECECOORDINATION:0.4822617556748793
C_ROOKANDPAWNMOVEMENT:0.4822617556748793
C_CENTERCONTROL:0.5037051054281906
C_DEVELOPPIECES:0.48256232256316556
C_MATERIAL:0.5
C_MOVECOUNT:0.5034100106798751
