ELO:939
CE_PASSEDPAWNS:0.566155535183516
CE_PAWNWEAKNESSES:0.46612115660961273
CE_PIECEACTIVITY:0.48800723605773605
CE_KINGPAWNSHIELD:0.37528809909713107
CE_PIECECOORDINATION:0.6755827645530161
CE_MATERIAL:0.5876241200034866
CE_KINGSAFETY:0.5
C_PIECESQUARETABLES:0.49337287747676856
C_MOBILITY:0.5200275682057797
C_KINGSAFETY:0.5139495578535187
C_PAWNSTRUCTURE:0.49303010139893294
C_PIECECOORDINATION:0.5168226136949591
C_ROOKANDPAWNMOVEMENT:0.5168226136949591
C_CENTERCONTROL:0.5439281390683874
C_DEVELOPPIECES:0.526318187388156
C_MATERIAL:0.499872042618474
