ELO:812
CE_PASSEDPAWNS:0.5088810329253449
CE_PAWNWEAKNESSES:0.4821387781857246
CE_PIECEACTIVITY:0.44617264371816306
CE_KINGPAWNSHIELD:0.5268359913327353
CE_PIECECOORDINATION:0.5158766812152031
CE_MATERIAL:0.4882261562613887
CE_KINGSAFETY:0.46987773518978504
C_PIECESQUARETABLES:0.48309598395348946
C_MOBILITY:0.5267905237483651
C_KINGSAFETY:0.5008637042261807
C_PAWNSTRUCTURE:0.5943420698254682
C_PIECECOORDINATION:0.4865238743710352
C_ROOKANDPAWNMOVEMENT:0.4865238743710352
C_CENTERCONTROL:0.4576575558154708
C_DEVELOPPIECES:0.49156766949067715
C_MATERIAL:0.5347715681507138
C_MOVECOUNT:0.4643058369625588
