ELO:999
CE_PASSEDPAWNS:0.5604305633134865
CE_PAWNWEAKNESSES:0.4735615092690043
CE_PIECEACTIVITY:0.4966622031564024
CE_KINGPAWNSHIELD:0.5287700992175906
CE_PIECECOORDINATION:0.49200617427715837
CE_MATERIAL:0.5509041289443687
CE_KINGSAFETY:0.5131327684543554
C_PIECESQUARETABLES:0.4943672904873695
C_MOBILITY:0.5363170820426295
C_KINGSAFETY:0.459739725580745
C_PAWNSTRUCTURE:0.5195551903176941
C_PIECECOORDINATION:0.4487466458023919
C_ROOKANDPAWNMOVEMENT:0.4487466458023919
C_CENTERCONTROL:0.5231639486299069
C_DEVELOPPIECES:0.5409847907113752
C_MATERIAL:0.5653417056474322
