ELO:1000
CE_PASSEDPAWNS:0.5328123497972331
CE_PAWNWEAKNESSES:0.5413603495022019
CE_PIECEACTIVITY:0.471705037164525
CE_KINGPAWNSHIELD:0.49913641534102465
CE_PIECECOORDINATION:0.5012027984943972
CE_MATERIAL:0.5388674358216713
CE_KINGSAFETY:0.45744956462438907
C_PIECESQUARETABLES:0.5096773437071461
C_MOBILITY:0.4914354195428601
C_KINGSAFETY:0.47568181591932024
C_PAWNSTRUCTURE:0.5222490717474649
C_PIECECOORDINATION:0.48841234711364456
C_ROOKANDPAWNMOVEMENT:0.48841234711364456
C_CENTERCONTROL:0.4777979547082961
C_DEVELOPPIECES:0.5011678139031917
C_MATERIAL:0.545571962324077
