ELO:984
CE_PASSEDPAWNS:0.5096675313272356
CE_PAWNWEAKNESSES:0.49900555757026466
CE_PIECEACTIVITY:0.531514437613172
CE_KINGPAWNSHIELD:0.5065157062260263
CE_PIECECOORDINATION:0.5207385019855977
CE_MATERIAL:0.5227827962589596
CE_KINGSAFETY:0.5051788787359882
C_PIECESQUARETABLES:0.5046011470428454
C_MOBILITY:0.5137251980041518
C_KINGSAFETY:0.49283861844101184
C_PAWNSTRUCTURE:0.5858718753114279
C_PIECECOORDINATION:0.5255713582031676
C_ROOK:0.49446766178594015
CE_ROOK:0.4883724938463677
C_CENTERCONTROL:0.49604428138987816
C_DEVELOPPIECES:0.4607989539807657
C_MATERIAL:0.48409382317216737
C_MOVECOUNT:0.5029397171576264
C_PAWNMOVEMENT:0.5547513576792956
