ELO:1013
CE_PASSEDPAWNS:0.4986981816367199
CE_PAWNWEAKNESSES:0.4887614401436805
CE_PIECEACTIVITY:0.5
CE_KINGPAWNSHIELD:0.4991374983809731
CE_PIECECOORDINATION:0.512040845403592
CE_MATERIAL:0.4842990169633367
CE_KINGSAFETY:0.5002893656342264
C_PIECESQUARETABLES:0.5034129915953007
C_MOBILITY:0.49118995581045827
C_KINGSAFETY:0.49919139611707386
C_PAWNSTRUCTURE:0.5
C_PIECECOORDINATION:0.48863523328633446
C_ROOKANDPAWNMOVEMENT:0.48863523328633446
C_CENTERCONTROL:0.5
C_DEVELOPPIECES:0.51624546003782
C_MATERIAL:0.5
