ELO:875
CE_PASSEDPAWNS:0.6051838597716033
CE_PAWNWEAKNESSES:0.44596121513306164
CE_PIECEACTIVITY:0.44434039236113615
CE_KINGPAWNSHIELD:0.30859254899475325
CE_PIECECOORDINATION:0.7170121507375465
CE_MATERIAL:0.6313169169342605
CE_KINGSAFETY:0.5312715833543376
C_PIECESQUARETABLES:0.45506318525917866
C_MOBILITY:0.5468037652010161
C_KINGSAFETY:0.5509780991955633
C_PAWNSTRUCTURE:0.5237175595870972
C_PIECECOORDINATION:0.4606088935495731
C_ROOKANDPAWNMOVEMENT:0.4606088935495731
C_CENTERCONTROL:0.5344508946032572
C_DEVELOPPIECES:0.5623985437759429
C_MATERIAL:0.5308233887043019
