ELO:970
CE_PASSEDPAWNS:0.5196095803703843
CE_PAWNWEAKNESSES:0.5179816406763019
CE_PIECEACTIVITY:0.5011699085963128
CE_KINGPAWNSHIELD:0.49221844539720566
CE_PIECECOORDINATION:0.5102883181574264
CE_MATERIAL:0.5002006742633119
CE_KINGSAFETY:0.5023604936442779
C_PIECESQUARETABLES:0.5055744319203556
C_MOBILITY:0.47620678186855714
C_KINGSAFETY:0.5050795675788543
C_PAWNSTRUCTURE:0.4719910812975406
C_PIECECOORDINATION:0.500682698225142
C_ROOK:0.4553588466568113
CE_ROOK:0.4756247420427824
C_CENTERCONTROL:0.49353522113016735
C_DEVELOPPIECES:0.49665956646443016
C_MATERIAL:0.5032906960159179
C_MOVECOUNT:0.5313485914627878
C_PAWNMOVEMENT:0.5254058805640366
