ELO:967
CE_PASSEDPAWNS:0.3486180920156173
CE_PAWNWEAKNESSES:0.4827611686457804
CE_PIECEACTIVITY:0.4408242426236676
CE_KINGPAWNSHIELD:0.4224061352317845
CE_PIECECOORDINATION:0.44284994017477075
CE_MATERIAL:0.4701053431366152
CE_KINGSAFETY:0.5
C_PIECESQUARETABLES:0.49768479554567835
C_MOBILITY:0.4969016113204512
C_KINGSAFETY:0.4978900644780365
C_PAWNSTRUCTURE:0.46054427260367564
C_PIECECOORDINATION:0.591021023076461
C_ROOKANDPAWNMOVEMENT:0.591021023076461
C_CENTERCONTROL:0.5101968483946481
C_DEVELOPPIECES:0.5603992742896755
C_MATERIAL:0.3760009612282333
