ELO:855
CE_PASSEDPAWNS:0.49920868792778955
CE_PAWNWEAKNESSES:0.49182618817860185
CE_PIECEACTIVITY:0.4565366256094741
CE_KINGPAWNSHIELD:0.5127988510101034
CE_PIECECOORDINATION:0.5016046752089286
CE_MATERIAL:0.48572469060316975
CE_KINGSAFETY:0.46859583165603547
C_PIECESQUARETABLES:0.4910194277229456
C_MOBILITY:0.5293788711525942
C_KINGSAFETY:0.4947363068456725
C_PAWNSTRUCTURE:0.5884395056268054
C_PIECECOORDINATION:0.4932117635769393
C_ROOKANDPAWNMOVEMENT:0.4932117635769393
C_CENTERCONTROL:0.47329915423213925
C_DEVELOPPIECES:0.4989128816811091
C_MATERIAL:0.5327461755569419
C_MOVECOUNT:0.47803949192731937
