ELO:988
CE_PASSEDPAWNS:0.4208633439705416
CE_PAWNWEAKNESSES:0.49032884983298386
CE_PIECEACTIVITY:0.5296409477419713
CE_KINGPAWNSHIELD:0.5278549103496856
CE_PIECECOORDINATION:0.44011875375586396
CE_MATERIAL:0.4902533763455707
CE_KINGSAFETY:0.5332543024742972
C_PIECESQUARETABLES:0.5127736632041644
C_MOBILITY:0.5029496516276203
C_KINGSAFETY:0.433031905387064
C_PAWNSTRUCTURE:0.5200645047732414
C_PIECECOORDINATION:0.5111506700183224
C_ROOKANDPAWNMOVEMENT:0.5111506700183224
C_CENTERCONTROL:0.5193659680762742
C_DEVELOPPIECES:0.5923893579193129
C_MATERIAL:0.45208421838730345
