ELO:962
CE_PASSEDPAWNS:0.516577069902756
CE_PAWNWEAKNESSES:0.4568623887849655
CE_PIECEACTIVITY:0.4991522818030281
CE_KINGPAWNSHIELD:0.5184244734744897
CE_PIECECOORDINATION:0.4996982802905936
CE_MATERIAL:0.4887946563233641
CE_KINGSAFETY:0.556739137007158
C_PIECESQUARETABLES:0.5017139694873176
C_MOBILITY:0.4750003568107555
C_KINGSAFETY:0.46685346168597747
C_PAWNSTRUCTURE:0.499991374609396
C_PIECECOORDINATION:0.4881706389280314
C_ROOKANDPAWNMOVEMENT:0.4881706389280314
C_CENTERCONTROL:0.5105837434231366
C_DEVELOPPIECES:0.5199948010598366
C_MATERIAL:0.5113739818549955
C_MOVECOUNT:0.5
