ELO:931
CE_PASSEDPAWNS:0.5051770544459356
CE_PAWNWEAKNESSES:0.49475403154884157
CE_PIECEACTIVITY:0.4821488332707968
CE_KINGPAWNSHIELD:0.5115384850874811
CE_PIECECOORDINATION:0.5045841190889875
CE_MATERIAL:0.4986256203991907
CE_KINGSAFETY:0.5099772071696582
C_PIECESQUARETABLES:0.510165479532075
C_MOBILITY:0.5091025362031621
C_KINGSAFETY:0.48333091132271583
C_PAWNSTRUCTURE:0.48874200344435725
C_PIECECOORDINATION:0.4673499120434417
C_ROOKANDPAWNMOVEMENT:0.4673499120434417
C_CENTERCONTROL:0.5598130687615572
C_DEVELOPPIECES:0.5084384233869422
C_MATERIAL:0.5010256444786545
C_MOVECOUNT:0.5
