ELO:963
CE_PASSEDPAWNS:0.5666285454935143
CE_PAWNWEAKNESSES:0.4549332594708586
CE_PIECEACTIVITY:0.47381774470937976
CE_KINGPAWNSHIELD:0.40270434399321964
CE_PIECECOORDINATION:0.6599085415258563
CE_MATERIAL:0.566160100834044
CE_KINGSAFETY:0.5468342961389213
C_PIECESQUARETABLES:0.5450350024584044
C_MOBILITY:0.5223292835398887
C_KINGSAFETY:0.5113148972747757
C_PAWNSTRUCTURE:0.4655100209335629
C_PIECECOORDINATION:0.5284805269937934
C_ROOKANDPAWNMOVEMENT:0.5284805269937934
C_CENTERCONTROL:0.5337238829596537
C_DEVELOPPIECES:0.5252553662328506
C_MATERIAL:0.5359206943170239
