ELO:906
CE_PASSEDPAWNS:0.4251713017728434
CE_PAWNWEAKNESSES:0.5983776276800257
CE_PIECEACTIVITY:0.560915981020624
CE_KINGPAWNSHIELD:0.5465975571265891
CE_PIECECOORDINATION:0.5026026426449196
CE_MATERIAL:0.5163984589559634
CE_KINGSAFETY:0.5253389598732138
C_PIECESQUARETABLES:0.5156020510310829
C_MOBILITY:0.4259068188608802
C_KINGSAFETY:0.5158352948487491
C_PAWNSTRUCTURE:0.557630715772178
C_PIECECOORDINATION:0.526530945949597
C_ROOKANDPAWNMOVEMENT:0.526530945949597
C_CENTERCONTROL:0.5949008410296197
C_DEVELOPPIECES:0.5286551087649906
C_MATERIAL:0.4731927105519797
C_MOVECOUNT:0.5
