ELO:1079
CE_PASSEDPAWNS:0.48928981175390884
CE_PAWNWEAKNESSES:0.4980952451665493
CE_PIECEACTIVITY:0.5
CE_KINGPAWNSHIELD:0.5
CE_PIECECOORDINATION:0.5029992794663124
CE_MATERIAL:0.4884303193141036
CE_KINGSAFETY:0.5
C_PIECESQUARETABLES:0.5
C_MOBILITY:0.511146782599002
C_KINGSAFETY:0.5112569999594444
C_PAWNSTRUCTURE:0.5068347175902358
C_PIECECOORDINATION:0.5
C_ROOKANDPAWNMOVEMENT:0.5
C_CENTERCONTROL:0.5
C_DEVELOPPIECES:0.5148591742560191
C_MATERIAL:0.5061547810340657
C_MOVECOUNT:0.5
