ELO:971
CE_PASSEDPAWNS:0.5163980802039213
CE_PAWNWEAKNESSES:0.5218062559066998
CE_PIECEACTIVITY:0.5011699085963128
CE_KINGPAWNSHIELD:0.48024034650212744
CE_PIECECOORDINATION:0.5191677917377878
CE_MATERIAL:0.4990089571144524
CE_KINGSAFETY:0.49729446502792596
C_PIECESQUARETABLES:0.5
C_MOBILITY:0.4805475844830612
C_KINGSAFETY:0.4944590021184257
C_PAWNSTRUCTURE:0.48013238404448444
C_PIECECOORDINATION:0.4871841493987696
C_ROOK:0.46789739377015643
CE_ROOK:0.49163210122594947
C_CENTERCONTROL:0.504672511462541
C_DEVELOPPIECES:0.5063989912648067
C_MATERIAL:0.4979121366560809
C_MOVECOUNT:0.5271663988263089
C_PAWNMOVEMENT:0.5301838664251489
