ELO:941
CE_PASSEDPAWNS:0.5767360604183243
CE_PAWNWEAKNESSES:0.46612115660961273
CE_PIECEACTIVITY:0.48778324053409405
CE_KINGPAWNSHIELD:0.3789806011480305
CE_PIECECOORDINATION:0.665358197142823
CE_MATERIAL:0.5828786584223314
CE_KINGSAFETY:0.5
C_PIECESQUARETABLES:0.5033152316736561
C_MOBILITY:0.5100147236167425
C_KINGSAFETY:0.5127791314984759
C_PAWNSTRUCTURE:0.48520085103761734
C_PIECECOORDINATION:0.5197198448036746
C_ROOKANDPAWNMOVEMENT:0.5197198448036746
C_CENTERCONTROL:0.5445139027952022
C_DEVELOPPIECES:0.526318187388156
C_MATERIAL:0.499872042618474
