ELO:922
CE_PASSEDPAWNS:0.5890698867050689
CE_PAWNWEAKNESSES:0.43627058598358526
CE_PIECEACTIVITY:0.4797052088243317
CE_KINGPAWNSHIELD:0.3347565898407383
CE_PIECECOORDINATION:0.6989959648961634
CE_MATERIAL:0.6376883117219975
CE_KINGSAFETY:0.5209973500019716
C_PIECESQUARETABLES:0.4729151098325074
C_MOBILITY:0.5374499753325651
C_KINGSAFETY:0.5508434241287274
C_PAWNSTRUCTURE:0.4965979554459177
C_PIECECOORDINATION:0.46657957647682435
C_ROOKANDPAWNMOVEMENT:0.46657957647682435
C_CENTERCONTROL:0.5399821198993766
C_DEVELOPPIECES:0.5614182187534215
C_MATERIAL:0.5103261105772571
