ELO:764
CE_PASSEDPAWNS:0.4859222741336529
CE_PAWNWEAKNESSES:0.5899166598662451
CE_PIECEACTIVITY:0.47629263324651006
CE_KINGPAWNSHIELD:0.42821275834711137
CE_PIECECOORDINATION:0.5420711111235356
CE_MATERIAL:0.5180910338930484
CE_KINGSAFETY:0.4905116132963752
C_PIECESQUARETABLES:0.5011601060018255
C_MOBILITY:0.5051940205398029
C_KINGSAFETY:0.49324631588832146
C_PAWNSTRUCTURE:0.5303283596828
C_PIECECOORDINATION:0.4671726585955328
C_ROOKANDPAWNMOVEMENT:0.4671726585955328
C_CENTERCONTROL:0.5839003128965854
C_DEVELOPPIECES:0.5047357186909643
C_MATERIAL:0.5065656357842592
C_MOVECOUNT:0.5
