ELO:1000
CE_PASSEDPAWNS:0.5568816463233154
CE_PAWNWEAKNESSES:0.518047250535408
CE_PIECEACTIVITY:0.5350901437625569
CE_KINGPAWNSHIELD:0.47571241112218865
CE_PIECECOORDINATION:0.4909355434417572
CE_MATERIAL:0.4124974236090128
CE_KINGSAFETY:0.48353180175917465
C_PIECESQUARETABLES:0.5034487097676468
C_MOBILITY:0.5451817466729287
C_KINGSAFETY:0.585804678947448
C_PAWNSTRUCTURE:0.46995015561250275
C_PIECECOORDINATION:0.485028104285702
C_ROOKANDPAWNMOVEMENT:0.485028104285702
C_CENTERCONTROL:0.4676463036254
C_DEVELOPPIECES:0.45250035081404877
C_MATERIAL:0.4659531375005472
