ELO:1000
CE_PASSEDPAWNS:0.46118604460977586
CE_PAWNWEAKNESSES:0.5561263065251404
CE_PIECEACTIVITY:0.5105620735708867
CE_KINGPAWNSHIELD:0.6065737406107241
CE_PIECECOORDINATION:0.5364510291268071
CE_MATERIAL:0.40040575922985294
CE_KINGSAFETY:0.4858810016480995
C_PIECESQUARETABLES:0.46019344401904144
C_MOBILITY:0.5197558148241794
C_KINGSAFETY:0.49471974232110766
C_PAWNSTRUCTURE:0.490265888348686
C_PIECECOORDINATION:0.5620047039005234
C_ROOKANDPAWNMOVEMENT:0.5620047039005234
C_CENTERCONTROL:0.4682768650053811
C_DEVELOPPIECES:0.45816306278776103
C_MATERIAL:0.48513425318353254
