ELO:654
CE_PASSEDPAWNS:0.6007419731226138
CE_PAWNWEAKNESSES:0.5576386247679277
CE_PIECEACTIVITY:0.5164128930576217
CE_KINGPAWNSHIELD:0.5530888823882197
CE_PIECECOORDINATION:0.4610096973178146
CE_MATERIAL:0.42626949953824544
CE_KINGSAFETY:0.545801310666031
C_PIECESQUARETABLES:0.48377466864439467
C_MOBILITY:0.4017484069347018
C_KINGSAFETY:0.45977032071860874
C_PAWNSTRUCTURE:0.5202368890457255
C_PIECECOORDINATION:0.4623952866423045
C_ROOKANDPAWNMOVEMENT:0.4623952866423045
C_CENTERCONTROL:0.5116632030783586
C_DEVELOPPIECES:0.5711976933819729
C_MATERIAL:0.5052813909819379
C_MOVECOUNT:0.554722185254921
