ELO:996
CE_PASSEDPAWNS:0.5710013006064867
CE_PAWNWEAKNESSES:0.45140211270977487
CE_PIECEACTIVITY:0.5260483633061359
CE_KINGPAWNSHIELD:0.44826295901554225
CE_PIECECOORDINATION:0.4679863845898466
CE_MATERIAL:0.47962338526189613
CE_KINGSAFETY:0.5077865595295419
C_PIECESQUARETABLES:0.47721484763605326
C_MOBILITY:0.45016176246953726
C_KINGSAFETY:0.5329200642079469
C_PAWNSTRUCTURE:0.5415177156885463
C_PIECECOORDINATION:0.4471803596460565
C_ROOKANDPAWNMOVEMENT:0.4471803596460565
C_CENTERCONTROL:0.47983449567722486
C_DEVELOPPIECES:0.518763006067801
C_MATERIAL:0.5380641612724187
