ELO:918
CE_PASSEDPAWNS:0.5307728141252186
CE_PAWNWEAKNESSES:0.5009389958213868
CE_PIECEACTIVITY:0.49207332950383703
CE_KINGPAWNSHIELD:0.5082974267780194
CE_PIECECOORDINATION:0.5063960313975487
CE_MATERIAL:0.48446031849605475
CE_KINGSAFETY:0.5173546910192768
C_PIECESQUARETABLES:0.5180164074080829
C_MOBILITY:0.4831856610761593
C_KINGSAFETY:0.46816204948541007
C_PAWNSTRUCTURE:0.5175987038405462
C_PIECECOORDINATION:0.4995967737443753
C_ROOKANDPAWNMOVEMENT:0.4995967737443753
C_CENTERCONTROL:0.47748274944472197
C_DEVELOPPIECES:0.5088592961700404
C_MATERIAL:0.510274654264809
