ELO:987
CE_PASSEDPAWNS:0.5160612732547992
CE_PAWNWEAKNESSES:0.47080899038537255
CE_PIECEACTIVITY:0.5038698528329483
CE_KINGPAWNSHIELD:0.49878922317868013
CE_PIECECOORDINATION:0.5051658805613657
CE_MATERIAL:0.5
CE_KINGSAFETY:0.5
C_PIECESQUARETABLES:0.5
C_MOBILITY:0.5
C_KINGSAFETY:0.48892232534502816
C_PAWNSTRUCTURE:0.5093442145825158
C_PIECECOORDINATION:0.4966114004281286
C_ROOKANDPAWNMOVEMENT:0.4966114004281286
C_CENTERCONTROL:0.4898549323870957
C_DEVELOPPIECES:0.47601526694580565
C_MATERIAL:0.5113212652979864
C_MOVECOUNT:0.5
