ELO:911
CE_PASSEDPAWNS:0.5161132146331144
CE_PAWNWEAKNESSES:0.5646015177833817
CE_PIECEACTIVITY:0.5915365348253538
CE_KINGPAWNSHIELD:0.42671737193903536
CE_PIECECOORDINATION:0.521110065589733
CE_MATERIAL:0.5276592980355449
CE_KINGSAFETY:0.4817920511463308
C_PIECESQUARETABLES:0.46382000630258424
C_MOBILITY:0.5094632569172157
C_KINGSAFETY:0.5170937464392273
C_PAWNSTRUCTURE:0.48776017347924616
C_PIECECOORDINATION:0.5008948376498876
C_ROOKANDPAWNMOVEMENT:0.5008948376498876
C_CENTERCONTROL:0.49732282143595224
C_DEVELOPPIECES:0.5599815276382866
C_MATERIAL:0.5416614467851912
C_MOVECOUNT:0.5174540590308045
