ELO:954
CE_PASSEDPAWNS:0.4761755469119475
CE_PAWNWEAKNESSES:0.5015497755811792
CE_PIECEACTIVITY:0.491088517774255
CE_KINGPAWNSHIELD:0.5063035646950652
CE_PIECECOORDINATION:0.4927651761512118
CE_MATERIAL:0.4681660494831483
CE_KINGSAFETY:0.4986066170092131
C_PIECESQUARETABLES:0.5
C_MOBILITY:0.5169183494760581
C_KINGSAFETY:0.5389631323762133
C_PAWNSTRUCTURE:0.45567725980184326
C_PIECECOORDINATION:0.508469006614564
C_ROOK:0.4787065640951729
CE_ROOK:0.4795151809954555
C_CENTERCONTROL:0.468078555414263
C_DEVELOPPIECES:0.529636553344865
C_MATERIAL:0.5191667973877806
C_MOVECOUNT:0.5195669695597991
C_PAWNMOVEMENT:0.5455950387404097
