ELO:985
CE_PASSEDPAWNS:0.4877854610423202
CE_PAWNWEAKNESSES:0.501713281746537
CE_PIECEACTIVITY:0.5128932111560073
CE_KINGPAWNSHIELD:0.49865801519771435
CE_PIECECOORDINATION:0.49783279366310845
CE_MATERIAL:0.4975964942715598
CE_KINGSAFETY:0.5166101107356175
C_PIECESQUARETABLES:0.5004109854233717
C_MOBILITY:0.4790463649275331
C_KINGSAFETY:0.518119750841227
C_PAWNSTRUCTURE:0.5219676776414498
C_PIECECOORDINATION:0.5062561854992351
C_ROOK:0.502037806190507
CE_ROOK:0.5052857392573109
C_CENTERCONTROL:0.5220257630159583
C_DEVELOPPIECES:0.5369639602440571
C_MATERIAL:0.47693356702379003
C_MOVECOUNT:0.5
C_PAWNMOVEMENT:0.50387436344886
