ELO:895
CE_PASSEDPAWNS:0.530122354171578
CE_PAWNWEAKNESSES:0.4715560579006242
CE_PIECEACTIVITY:0.4966491254251548
CE_KINGPAWNSHIELD:0.49874200407564556
CE_PIECECOORDINATION:0.4940953643478769
CE_MATERIAL:0.4964588831781743
CE_KINGSAFETY:0.5180711131986617
C_PIECESQUARETABLES:0.5202441785977757
C_MOBILITY:0.4660283143753731
C_KINGSAFETY:0.4445551203618389
C_PAWNSTRUCTURE:0.5304492660554526
C_PIECECOORDINATION:0.48706981193403326
C_ROOKANDPAWNMOVEMENT:0.48706981193403326
C_CENTERCONTROL:0.468539596901083
C_DEVELOPPIECES:0.5032925125684196
C_MATERIAL:0.5226661980533878
