ELO:824
CE_PASSEDPAWNS:0.5032711211343793
CE_PAWNWEAKNESSES:0.5669618171865061
CE_PIECEACTIVITY:0.5626389894000601
CE_KINGPAWNSHIELD:0.4183037702875234
CE_PIECECOORDINATION:0.5472637443057223
CE_MATERIAL:0.516987313127085
CE_KINGSAFETY:0.48962500020097766
C_PIECESQUARETABLES:0.46581281791128587
C_MOBILITY:0.5388045755259442
C_KINGSAFETY:0.5431245573127667
C_PAWNSTRUCTURE:0.48576469606248746
C_PIECECOORDINATION:0.5218165721913625
C_ROOKANDPAWNMOVEMENT:0.5218165721913625
C_CENTERCONTROL:0.5389142703652229
C_DEVELOPPIECES:0.5854137761181294
C_MATERIAL:0.5340116648397637
C_MOVECOUNT:0.4969658825466119
