ELO:1000
CE_PASSEDPAWNS:0.5467553144035172
CE_PAWNWEAKNESSES:0.4962653840526027
CE_PIECEACTIVITY:0.5163023893982265
CE_KINGPAWNSHIELD:0.4621166761445209
CE_PIECECOORDINATION:0.46580649884718095
CE_MATERIAL:0.4375139814560985
CE_KINGSAFETY:0.45789245018298497
C_PIECESQUARETABLES:0.5002184101351426
C_MOBILITY:0.5388590336722366
C_KINGSAFETY:0.5810898655797997
C_PAWNSTRUCTURE:0.46156610580588003
C_PIECECOORDINATION:0.4912441120374471
C_ROOKANDPAWNMOVEMENT:0.4912441120374471
C_CENTERCONTROL:0.4664190850799709
C_DEVELOPPIECES:0.4567000072299571
C_MATERIAL:0.45415568362286907
