ELO:939
CE_PASSEDPAWNS:0.4740220000486421
CE_PAWNWEAKNESSES:0.5098169194767201
CE_PIECEACTIVITY:0.48850346170731596
CE_KINGPAWNSHIELD:0.5002635328259345
CE_PIECECOORDINATION:0.4927651761512118
CE_MATERIAL:0.4710494133072572
CE_KINGSAFETY:0.48524304644495664
C_PIECESQUARETABLES:0.5107254179438023
C_MOBILITY:0.5171019471475158
C_KINGSAFETY:0.5389631323762133
C_PAWNSTRUCTURE:0.45567725980184326
C_PIECECOORDINATION:0.508469006614564
C_ROOK:0.4709906576328341
CE_ROOK:0.4740462558268825
C_CENTERCONTROL:0.468078555414263
C_DEVELOPPIECES:0.529636553344865
C_MATERIAL:0.5191667973877806
C_MOVECOUNT:0.530107429177128
C_PAWNMOVEMENT:0.5293609684074909
