ELO:1000
CE_PASSEDPAWNS:0.5383236550368644
CE_PAWNWEAKNESSES:0.48618639264058294
CE_PIECEACTIVITY:0.4970358046794173
CE_KINGPAWNSHIELD:0.46608260662714146
CE_PIECECOORDINATION:0.4585137470178057
CE_MATERIAL:0.46727764798104515
CE_KINGSAFETY:0.5170722355914602
C_PIECESQUARETABLES:0.5123530925848232
C_MOBILITY:0.43995198697611876
C_KINGSAFETY:0.4632077813426333
C_PAWNSTRUCTURE:0.5048292372910677
C_PIECECOORDINATION:0.47538202834587434
C_ROOKANDPAWNMOVEMENT:0.47538202834587434
C_CENTERCONTROL:0.49152122093018347
C_DEVELOPPIECES:0.49021075467963277
C_MATERIAL:0.5149154547211497
