ELO:907
CE_PASSEDPAWNS:0.500535500903819
CE_PAWNWEAKNESSES:0.5104038874760363
CE_PIECEACTIVITY:0.4998108028691884
CE_KINGPAWNSHIELD:0.5002635328259345
CE_PIECECOORDINATION:0.4956769581982257
CE_MATERIAL:0.4790750859209875
CE_KINGSAFETY:0.49090977484982223
C_PIECESQUARETABLES:0.4992904632364698
C_MOBILITY:0.5258402446619157
C_KINGSAFETY:0.5400332175192663
C_PAWNSTRUCTURE:0.4696134936041165
C_PIECECOORDINATION:0.49103841533308207
C_ROOK:0.48643405708794685
CE_ROOK:0.47563292005817975
C_CENTERCONTROL:0.4710163685860566
C_DEVELOPPIECES:0.5261180681932963
C_MATERIAL:0.5094690008286458
C_MOVECOUNT:0.5237176807187935
C_PAWNMOVEMENT:0.5151070582636473
