ELO:978
CE_PASSEDPAWNS:0.5286288184404926
CE_PAWNWEAKNESSES:0.48797262456321017
CE_PIECEACTIVITY:0.5005898099377336
CE_KINGPAWNSHIELD:0.48753077633654807
CE_PIECECOORDINATION:0.5020623754261874
CE_MATERIAL:0.5043255231556004
CE_KINGSAFETY:0.49117593504530377
C_PIECESQUARETABLES:0.5098828450302915
C_MOBILITY:0.510087830006241
C_KINGSAFETY:0.4843578787070091
C_PAWNSTRUCTURE:0.49127440177399884
C_PIECECOORDINATION:0.4843108129833541
C_ROOKANDPAWNMOVEMENT:0.4843108129833541
C_CENTERCONTROL:0.4893236166757633
C_DEVELOPPIECES:0.5120461248617958
C_MATERIAL:0.497831699033982
C_MOVECOUNT:0.5066891712116333
