ELO:955
CE_PASSEDPAWNS:0.468075706840291
CE_PAWNWEAKNESSES:0.5070016783952299
CE_PIECEACTIVITY:0.47664756335068154
CE_KINGPAWNSHIELD:0.5057578619256781
CE_PIECECOORDINATION:0.47798951166173875
CE_MATERIAL:0.4267320850111548
CE_KINGSAFETY:0.5281900056844202
C_PIECESQUARETABLES:0.5
C_MOBILITY:0.5108689803354647
C_KINGSAFETY:0.511530665546663
C_PAWNSTRUCTURE:0.49060787344341206
C_PIECECOORDINATION:0.5472580749763007
C_ROOKANDPAWNMOVEMENT:0.5472580749763007
C_CENTERCONTROL:0.5060422929241774
C_DEVELOPPIECES:0.4785014774987871
C_MATERIAL:0.5109469474752306
C_MOVECOUNT:0.5
