ELO:980
CE_PASSEDPAWNS:0.5191831283953705
CE_PAWNWEAKNESSES:0.5
CE_PIECEACTIVITY:0.5005898099377336
CE_KINGPAWNSHIELD:0.4939290833003648
CE_PIECECOORDINATION:0.4980713591889604
CE_MATERIAL:0.502216181033405
CE_KINGSAFETY:0.49117593504530377
C_PIECESQUARETABLES:0.5062055768491963
C_MOBILITY:0.510087830006241
C_KINGSAFETY:0.4789036900529846
C_PAWNSTRUCTURE:0.49127440177399884
C_PIECECOORDINATION:0.48793591141000825
C_ROOKANDPAWNMOVEMENT:0.48793591141000825
C_CENTERCONTROL:0.4893236166757633
C_DEVELOPPIECES:0.5118954757390896
C_MATERIAL:0.49726523670890105
C_MOVECOUNT:0.5066891712116333
