ELO:880
CE_PASSEDPAWNS:0.5969105607026587
CE_PAWNWEAKNESSES:0.5538885336238011
CE_PIECEACTIVITY:0.5864573574393093
CE_KINGPAWNSHIELD:0.47399275828192916
CE_PIECECOORDINATION:0.5741625917029383
CE_MATERIAL:0.5516048205502079
CE_KINGSAFETY:0.5406509445265584
C_PIECESQUARETABLES:0.4929297683382909
C_MOBILITY:0.5535419518324742
C_KINGSAFETY:0.4457835383590868
C_PAWNSTRUCTURE:0.46355583233090175
C_PIECECOORDINATION:0.5823675307557328
C_ROOKANDPAWNMOVEMENT:0.5823675307557328
C_CENTERCONTROL:0.5761984105491561
C_DEVELOPPIECES:0.5319980071422897
C_MATERIAL:0.4544405803833312
