ELO:1000
CE_PASSEDPAWNS:0.5602912789833332
CE_PAWNWEAKNESSES:0.5042866524138699
CE_PIECEACTIVITY:0.5359971834408812
CE_KINGPAWNSHIELD:0.47389897709728007
CE_PIECECOORDINATION:0.4689071689131994
CE_MATERIAL:0.43195432006070744
CE_KINGSAFETY:0.4838666358627934
C_PIECESQUARETABLES:0.48580379921826405
C_MOBILITY:0.5334794517618575
C_KINGSAFETY:0.5619614471515167
C_PAWNSTRUCTURE:0.4720924849581791
C_PIECECOORDINATION:0.4723472618101058
C_ROOKANDPAWNMOVEMENT:0.4723472618101058
C_CENTERCONTROL:0.46613166143317725
C_DEVELOPPIECES:0.4617321467251548
C_MATERIAL:0.4382725924655584
