ELO:989
CE_PASSEDPAWNS:0.3641581681628902
CE_PAWNWEAKNESSES:0.5105488917833146
CE_PIECEACTIVITY:0.5651763764239995
CE_KINGPAWNSHIELD:0.45911886693245696
CE_PIECECOORDINATION:0.45111995379114833
CE_MATERIAL:0.5080575365368734
CE_KINGSAFETY:0.4942881610582674
C_PIECESQUARETABLES:0.5
C_MOBILITY:0.49602577353932337
C_KINGSAFETY:0.5623918386622313
C_PAWNSTRUCTURE:0.33058355174733
C_PIECECOORDINATION:0.43998475698287054
C_ROOKANDPAWNMOVEMENT:0.43998475698287054
C_CENTERCONTROL:0.34790903039221255
C_DEVELOPPIECES:0.4837671527748595
C_MATERIAL:0.6800879891110154
