ELO:1017
CE_PASSEDPAWNS:0.5102138582923686
CE_PAWNWEAKNESSES:0.5
CE_PIECEACTIVITY:0.5097770236297566
CE_KINGPAWNSHIELD:0.5
CE_PIECECOORDINATION:0.5122391292010249
CE_MATERIAL:0.48972880317743794
CE_KINGSAFETY:0.5
C_PIECESQUARETABLES:0.5
C_MOBILITY:0.5096841680406182
C_KINGSAFETY:0.5103800320849539
C_PAWNSTRUCTURE:0.5106275322902133
C_PIECECOORDINATION:0.5
C_ROOKANDPAWNMOVEMENT:0.5
C_CENTERCONTROL:0.5066038693351005
C_DEVELOPPIECES:0.5
C_MATERIAL:0.5
C_MOVECOUNT:0.5
