ELO:1000
CE_PASSEDPAWNS:0.5215627101326423
CE_PAWNWEAKNESSES:0.501299685496445
CE_PIECEACTIVITY:0.5506717596257598
CE_KINGPAWNSHIELD:0.4909751911779664
CE_PIECECOORDINATION:0.5079345999642331
CE_MATERIAL:0.45464621464011135
CE_KINGSAFETY:0.5054384515046111
C_PIECESQUARETABLES:0.4930721611322481
C_MOBILITY:0.48925833662853146
C_KINGSAFETY:0.5123219653894987
C_PAWNSTRUCTURE:0.49533024027896877
C_PIECECOORDINATION:0.520363951135273
C_ROOKANDPAWNMOVEMENT:0.520363951135273
C_CENTERCONTROL:0.49613444537075607
C_DEVELOPPIECES:0.47290769389560283
C_MATERIAL:0.47713684207139845
