ELO:1000
CE_PASSEDPAWNS:0.5037419569668521
CE_PAWNWEAKNESSES:0.5
CE_PIECEACTIVITY:0.49579211146115343
CE_KINGPAWNSHIELD:0.5
CE_PIECECOORDINATION:0.5005018364105127
CE_MATERIAL:0.5
CE_KINGSAFETY:0.5073279077647493
C_PIECESQUARETABLES:0.49718200199299317
C_MOBILITY:0.498956469439821
C_KINGSAFETY:0.5
C_PAWNSTRUCTURE:0.5
C_PIECECOORDINATION:0.5
C_ROOKANDPAWNMOVEMENT:0.5
C_CENTERCONTROL:0.5
C_DEVELOPPIECES:0.5
C_MATERIAL:0.5101590031797674
C_MOVECOUNT:0.5
