ELO:960
CE_PASSEDPAWNS:0.5856093560321096
CE_PAWNWEAKNESSES:0.5402326347053998
CE_PIECEACTIVITY:0.5895607476202199
CE_KINGPAWNSHIELD:0.42954484834283563
CE_PIECECOORDINATION:0.5447096475331697
CE_MATERIAL:0.5165193247008206
CE_KINGSAFETY:0.493816839312622
C_PIECESQUARETABLES:0.48878376194084083
C_MOBILITY:0.5790972184477304
C_KINGSAFETY:0.4461930581423685
C_PAWNSTRUCTURE:0.4730874625108085
C_PIECECOORDINATION:0.586353190767978
C_ROOKANDPAWNMOVEMENT:0.586353190767978
C_CENTERCONTROL:0.5198696987172148
C_DEVELOPPIECES:0.5512956168654755
C_MATERIAL:0.44257650494847506
