ELO:1000
CE_PASSEDPAWNS:0.45451208351832545
CE_PAWNWEAKNESSES:0.5419508515831523
CE_PIECEACTIVITY:0.5209519116638309
CE_KINGPAWNSHIELD:0.6087665582096079
CE_PIECECOORDINATION:0.5281959370895245
CE_MATERIAL:0.39865937368729554
CE_KINGSAFETY:0.48855953912644856
C_PIECESQUARETABLES:0.4453893001758143
C_MOBILITY:0.5305609637201525
C_KINGSAFETY:0.48364028801974507
C_PAWNSTRUCTURE:0.4986727536142384
C_PIECECOORDINATION:0.564593064339665
C_ROOKANDPAWNMOVEMENT:0.564593064339665
C_CENTERCONTROL:0.4528984515060418
C_DEVELOPPIECES:0.4697055050063616
C_MATERIAL:0.4807179485602863
