ELO:945
CE_PASSEDPAWNS:0.46557206243923016
CE_PAWNWEAKNESSES:0.4197189233112209
CE_PIECEACTIVITY:0.4792916095368778
CE_KINGPAWNSHIELD:0.6253636746238275
CE_PIECECOORDINATION:0.539063564002681
CE_MATERIAL:0.39344536274940567
CE_KINGSAFETY:0.5071162974239065
C_PIECESQUARETABLES:0.48847810652337403
C_MOBILITY:0.5749560710787629
C_KINGSAFETY:0.4820055925296385
C_PAWNSTRUCTURE:0.4632903672561296
C_PIECECOORDINATION:0.5807778171178478
C_ROOKANDPAWNMOVEMENT:0.5807778171178478
C_CENTERCONTROL:0.4755690538883158
C_DEVELOPPIECES:0.44472008137042873
C_MATERIAL:0.4781086706690554
