ELO:1030
CE_PASSEDPAWNS:0.49085666730529504
CE_PAWNWEAKNESSES:0.5
CE_PIECEACTIVITY:0.5193049312369546
CE_KINGPAWNSHIELD:0.5110461010985974
CE_PIECECOORDINATION:0.5
CE_MATERIAL:0.4988075254221495
CE_KINGSAFETY:0.5
C_PIECESQUARETABLES:0.49066998351054486
C_MOBILITY:0.5
C_KINGSAFETY:0.49742876235793043
C_PAWNSTRUCTURE:0.5
C_PIECECOORDINATION:0.5
C_ROOKANDPAWNMOVEMENT:0.5
C_CENTERCONTROL:0.5
C_DEVELOPPIECES:0.4964310960525313
C_MATERIAL:0.49003926110871526
C_MOVECOUNT:0.5
