ELO:973
CE_PASSEDPAWNS:0.5218101651646684
CE_PAWNWEAKNESSES:0.5223533284494017
CE_PIECEACTIVITY:0.4955435543752434
CE_KINGPAWNSHIELD:0.49852268738518224
CE_PIECECOORDINATION:0.49731392053357226
CE_MATERIAL:0.46131449561252547
CE_KINGSAFETY:0.5
C_PIECESQUARETABLES:0.5
C_MOBILITY:0.49101867705887986
C_KINGSAFETY:0.478854217881378
C_PAWNSTRUCTURE:0.5050995289795378
C_PIECECOORDINATION:0.5068049283593155
C_ROOK:0.5046898321327159
CE_ROOK:0.5207917358560938
C_CENTERCONTROL:0.49928006934993263
C_DEVELOPPIECES:0.4888329169191029
C_MATERIAL:0.5029710026176948
C_MOVECOUNT:0.4734624778240285
C_PAWNMOVEMENT:0.4809901594197928
