ELO:837
CE_PASSEDPAWNS:0.43773469858845526
CE_PAWNWEAKNESSES:0.44012920264232885
CE_PIECEACTIVITY:0.48265678130375295
CE_KINGPAWNSHIELD:0.39697062352255796
CE_PIECECOORDINATION:0.4359478707296746
CE_MATERIAL:0.5526338179119059
CE_KINGSAFETY:0.5469889447280942
C_PIECESQUARETABLES:0.5240735144520029
C_MOBILITY:0.5895971821219036
C_KINGSAFETY:0.6315295244655668
C_PAWNSTRUCTURE:0.6028250291764838
C_PIECECOORDINATION:0.5363614791609551
C_ROOKANDPAWNMOVEMENT:0.5363614791609551
C_CENTERCONTROL:0.4505003312466569
C_DEVELOPPIECES:0.4886645731709792
C_MATERIAL:0.5127048093106923
