ELO:696
CE_PASSEDPAWNS:0.5291618217286549
CE_PAWNWEAKNESSES:0.5465318394374072
CE_PIECEACTIVITY:0.4627739977884021
CE_KINGPAWNSHIELD:0.5220156033982549
CE_PIECECOORDINATION:0.4854653379545459
CE_MATERIAL:0.4669133930957649
CE_KINGSAFETY:0.523405379040619
C_PIECESQUARETABLES:0.5227490071953831
C_MOBILITY:0.45769997873627294
C_KINGSAFETY:0.49112989417798086
C_PAWNSTRUCTURE:0.5046263942827548
C_PIECECOORDINATION:0.4846434937245121
C_ROOKANDPAWNMOVEMENT:0.4846434937245121
C_CENTERCONTROL:0.5161940264705422
C_DEVELOPPIECES:0.5371368677029155
C_MATERIAL:0.5421983512765419
C_MOVECOUNT:0.5
