ELO:976
CE_PASSEDPAWNS:0.44646338673726044
CE_PAWNWEAKNESSES:0.43817747671368756
CE_PIECEACTIVITY:0.48911450997150685
CE_KINGPAWNSHIELD:0.6190969167350233
CE_PIECECOORDINATION:0.5422178972501698
CE_MATERIAL:0.4002456109590283
CE_KINGSAFETY:0.5001265199803784
C_PIECESQUARETABLES:0.5
C_MOBILITY:0.5460965082402565
C_KINGSAFETY:0.46118034675144504
C_PAWNSTRUCTURE:0.46374210122540827
C_PIECECOORDINATION:0.5682570433548578
C_ROOKANDPAWNMOVEMENT:0.5682570433548578
C_CENTERCONTROL:0.45209893770399684
C_DEVELOPPIECES:0.45868715890603684
C_MATERIAL:0.4672570852561133
