ELO:685
CE_PASSEDPAWNS:0.6110033805112187
CE_PAWNWEAKNESSES:0.5777229094417093
CE_PIECEACTIVITY:0.5357479794892933
CE_KINGPAWNSHIELD:0.5436833870295337
CE_PIECECOORDINATION:0.44541095733479913
CE_MATERIAL:0.43781197021620316
CE_KINGSAFETY:0.5657076107047987
C_PIECESQUARETABLES:0.4819702622469094
C_MOBILITY:0.3752303096401704
C_KINGSAFETY:0.45835516621585964
C_PAWNSTRUCTURE:0.5255138573189521
C_PIECECOORDINATION:0.4327667802299442
C_ROOKANDPAWNMOVEMENT:0.4327667802299442
C_CENTERCONTROL:0.5096586648062479
C_DEVELOPPIECES:0.5742013474711253
C_MATERIAL:0.4953173467280384
C_MOVECOUNT:0.5581011940497501
