ELO:962
CE_PASSEDPAWNS:0.5417691227285709
CE_PAWNWEAKNESSES:0.5314010962637871
CE_PIECEACTIVITY:0.48927395310906246
CE_KINGPAWNSHIELD:0.4926781894551712
CE_PIECECOORDINATION:0.5062202179507871
CE_MATERIAL:0.5239438445846997
CE_KINGSAFETY:0.49981573378066574
C_PIECESQUARETABLES:0.49769080078613653
C_MOBILITY:0.4985821154630488
C_KINGSAFETY:0.47818935381414385
C_PAWNSTRUCTURE:0.4797524908856641
C_PIECECOORDINATION:0.47548052594696383
C_ROOKANDPAWNMOVEMENT:0.47548052594696383
C_CENTERCONTROL:0.48648902297777136
C_DEVELOPPIECES:0.5331145713917212
C_MATERIAL:0.4979969196956592
C_MOVECOUNT:0.4687496405470736
