ELO:994
CE_PASSEDPAWNS:0.5164630415441092
CE_PAWNWEAKNESSES:0.5223335910441189
CE_PIECEACTIVITY:0.4849033194717367
CE_KINGPAWNSHIELD:0.495512055683908
CE_PIECECOORDINATION:0.48315232792810253
CE_MATERIAL:0.4797029689880409
CE_KINGSAFETY:0.49306513093417365
C_PIECESQUARETABLES:0.48584838730676855
C_MOBILITY:0.5070327024615845
C_KINGSAFETY:0.49094001154190603
C_PAWNSTRUCTURE:0.5
C_PIECECOORDINATION:0.4978400702749862
C_ROOKANDPAWNMOVEMENT:0.4978400702749862
C_CENTERCONTROL:0.5070176622686426
C_DEVELOPPIECES:0.48399843575399215
C_MATERIAL:0.5049181761424716
C_MOVECOUNT:0.49493718717315816
