ELO:981
CE_PASSEDPAWNS:0.4668027736233422
CE_PAWNWEAKNESSES:0.5173864235669885
CE_PIECEACTIVITY:0.522857609754833
CE_KINGPAWNSHIELD:0.4987145927314319
CE_PIECECOORDINATION:0.5201347071825994
CE_MATERIAL:0.4863024977962722
CE_KINGSAFETY:0.4895697095270485
C_PIECESQUARETABLES:0.5055354417266462
C_MOBILITY:0.4963108783797511
C_KINGSAFETY:0.521586833507336
C_PAWNSTRUCTURE:0.5167109789664993
C_PIECECOORDINATION:0.5302743032200735
C_ROOK:0.48674135783780975
CE_ROOK:0.5061721061828043
C_CENTERCONTROL:0.5281792933528018
C_DEVELOPPIECES:0.5225418582637944
C_MATERIAL:0.4645635040303145
C_MOVECOUNT:0.4892403575327782
C_PAWNMOVEMENT:0.49385448123701675
