ELO:853
CE_PASSEDPAWNS:0.5125036156578241
CE_PAWNWEAKNESSES:0.559037420075055
CE_PIECEACTIVITY:0.5830834072941601
CE_KINGPAWNSHIELD:0.40994789763921974
CE_PIECECOORDINATION:0.5450193701830764
CE_MATERIAL:0.51812826894021
CE_KINGSAFETY:0.4975356009546617
C_PIECESQUARETABLES:0.4632283955447878
C_MOBILITY:0.5283185846702306
C_KINGSAFETY:0.525765855293997
C_PAWNSTRUCTURE:0.49279489285285716
C_PIECECOORDINATION:0.5145382717560884
C_ROOKANDPAWNMOVEMENT:0.5145382717560884
C_CENTERCONTROL:0.5078268773516176
C_DEVELOPPIECES:0.5766093873545408
C_MATERIAL:0.5317487143994477
C_MOVECOUNT:0.5010227432719571
