ELO:956
CE_PASSEDPAWNS:0.5968908735006304
CE_PAWNWEAKNESSES:0.5408076595269522
CE_PIECEACTIVITY:0.5895607476202199
CE_KINGPAWNSHIELD:0.43774925419661215
CE_PIECECOORDINATION:0.541449842031614
CE_MATERIAL:0.5165193247008206
CE_KINGSAFETY:0.49858452213210397
C_PIECESQUARETABLES:0.47946945413760533
C_MOBILITY:0.5849006922518132
C_KINGSAFETY:0.4544804327806634
C_PAWNSTRUCTURE:0.4699647726377087
C_PIECECOORDINATION:0.5866172783144856
C_ROOKANDPAWNMOVEMENT:0.5866172783144856
C_CENTERCONTROL:0.5367663972535116
C_DEVELOPPIECES:0.5512956168654755
C_MATERIAL:0.4284496894206102
