ELO:988
CE_PASSEDPAWNS:0.35142449348486904
CE_PAWNWEAKNESSES:0.4449176979510626
CE_PIECEACTIVITY:0.5602734682289932
CE_KINGPAWNSHIELD:0.4076561608377238
CE_PIECECOORDINATION:0.4769326538999195
CE_MATERIAL:0.5561775794490093
CE_KINGSAFETY:0.4942881610582674
C_PIECESQUARETABLES:0.5087762108583936
C_MOBILITY:0.5152945966223746
C_KINGSAFETY:0.5857922281893586
C_PAWNSTRUCTURE:0.3261956870201636
C_PIECECOORDINATION:0.4455295289066636
C_ROOKANDPAWNMOVEMENT:0.4455295289066636
C_CENTERCONTROL:0.38335060173337465
C_DEVELOPPIECES:0.5085158685329896
C_MATERIAL:0.6800879891110154
