ELO:1000
CE_PASSEDPAWNS:0.5432660081189513
CE_PAWNWEAKNESSES:0.5751341923582981
CE_PIECEACTIVITY:0.5252478436466232
CE_KINGPAWNSHIELD:0.5057527396472093
CE_PIECECOORDINATION:0.5193069460629037
CE_MATERIAL:0.5241788762729266
CE_KINGSAFETY:0.47092126889944763
C_PIECESQUARETABLES:0.48913678725224613
C_MOBILITY:0.48005987824504204
C_KINGSAFETY:0.4674714348628108
C_PAWNSTRUCTURE:0.48939613914617286
C_PIECECOORDINATION:0.48163999145567765
C_ROOKANDPAWNMOVEMENT:0.48163999145567765
C_CENTERCONTROL:0.5325871991673775
C_DEVELOPPIECES:0.5218643864425865
C_MATERIAL:0.5152664603256193
