ELO:914
CE_PASSEDPAWNS:0.5991163375134491
CE_PAWNWEAKNESSES:0.5674237784055814
CE_PIECEACTIVITY:0.6075269570263468
CE_KINGPAWNSHIELD:0.4445599630963624
CE_PIECECOORDINATION:0.5846438840189735
CE_MATERIAL:0.5477723312672539
CE_KINGSAFETY:0.5333714483652097
C_PIECESQUARETABLES:0.4672624081373668
C_MOBILITY:0.5568986896590989
C_KINGSAFETY:0.43539772410980276
C_PAWNSTRUCTURE:0.4593165489034655
C_PIECECOORDINATION:0.582842152750049
C_ROOKANDPAWNMOVEMENT:0.582842152750049
C_CENTERCONTROL:0.5626475893854037
C_DEVELOPPIECES:0.508437787957007
C_MATERIAL:0.4492748230055835
