ELO:930
CE_PASSEDPAWNS:0.4803098150172805
CE_PAWNWEAKNESSES:0.4396580554009043
CE_PIECEACTIVITY:0.4769599772314355
CE_KINGPAWNSHIELD:0.581096841592722
CE_PIECECOORDINATION:0.5395554911310668
CE_MATERIAL:0.4119579523982569
CE_KINGSAFETY:0.49391090022988443
C_PIECESQUARETABLES:0.5085089149282261
C_MOBILITY:0.5923117016457542
C_KINGSAFETY:0.49646509322873933
C_PAWNSTRUCTURE:0.4762054392569768
C_PIECECOORDINATION:0.5234443176460316
C_ROOKANDPAWNMOVEMENT:0.5234443176460316
C_CENTERCONTROL:0.5063461980731984
C_DEVELOPPIECES:0.39719840610039253
C_MATERIAL:0.46728782190183726
