ELO:966
CE_PASSEDPAWNS:0.48294786212362667
CE_PAWNWEAKNESSES:0.5054706649074472
CE_PIECEACTIVITY:0.5024335061066318
CE_KINGPAWNSHIELD:0.5043419831840018
CE_PIECECOORDINATION:0.48672931124158486
CE_MATERIAL:0.5813331402051041
CE_KINGSAFETY:0.4927332092372453
C_PIECESQUARETABLES:0.4849265779733406
C_MOBILITY:0.5177076319632891
C_KINGSAFETY:0.5066076757872338
C_PAWNSTRUCTURE:0.4519343388448548
C_PIECECOORDINATION:0.5081067509295035
C_ROOKANDPAWNMOVEMENT:0.5081067509295035
C_CENTERCONTROL:0.4960609498727738
C_DEVELOPPIECES:0.49891844694427717
C_MATERIAL:0.495155701698133
C_MOVECOUNT:0.5
