ELO:840
CE_PASSEDPAWNS:0.4701204533856675
CE_PAWNWEAKNESSES:0.5053087829986789
CE_PIECEACTIVITY:0.4901968747892362
CE_KINGPAWNSHIELD:0.5361041998676166
CE_PIECECOORDINATION:0.46794434400842416
CE_MATERIAL:0.4331211745882327
CE_KINGSAFETY:0.5311686769048731
C_PIECESQUARETABLES:0.486386760319845
C_MOBILITY:0.5045746828537012
C_KINGSAFETY:0.46270046387543273
C_PAWNSTRUCTURE:0.49417526564532405
C_PIECECOORDINATION:0.5466720127823911
C_ROOKANDPAWNMOVEMENT:0.5466720127823911
C_CENTERCONTROL:0.506508352701556
C_DEVELOPPIECES:0.5305456172160898
C_MATERIAL:0.5085165580295525
C_MOVECOUNT:0.5
