ELO:894
CE_PASSEDPAWNS:0.5996115013490402
CE_PAWNWEAKNESSES:0.551216309079961
CE_PIECEACTIVITY:0.5953755795819312
CE_KINGPAWNSHIELD:0.4491781166206076
CE_PIECECOORDINATION:0.578978482871476
CE_MATERIAL:0.5591787810973047
CE_KINGSAFETY:0.548220481163626
C_PIECESQUARETABLES:0.48204873360275313
C_MOBILITY:0.5698468484092566
C_KINGSAFETY:0.4586814903290504
C_PAWNSTRUCTURE:0.4593165489034655
C_PIECECOORDINATION:0.592592561846988
C_ROOKANDPAWNMOVEMENT:0.592592561846988
C_CENTERCONTROL:0.5694038355085037
C_DEVELOPPIECES:0.5366602002572866
C_MATERIAL:0.4607636785911215
