ELO:1029
CE_PASSEDPAWNS:0.5016259524126951
CE_PAWNWEAKNESSES:0.510157286002575
CE_PIECEACTIVITY:0.49987002726682456
CE_KINGPAWNSHIELD:0.5
CE_PIECECOORDINATION:0.5
CE_MATERIAL:0.5053300296146649
CE_KINGSAFETY:0.5019277358669104
C_PIECESQUARETABLES:0.5
C_MOBILITY:0.5
C_KINGSAFETY:0.48162944639665894
C_PAWNSTRUCTURE:0.5090391410039738
C_PIECECOORDINATION:0.5
C_ROOKANDPAWNMOVEMENT:0.5
C_CENTERCONTROL:0.5
C_DEVELOPPIECES:0.4967421155228902
C_MATERIAL:0.5
C_MOVECOUNT:0.4949758293676579
