ELO:919
CE_PASSEDPAWNS:0.4777941405561813
CE_PAWNWEAKNESSES:0.4754876194289193
CE_PIECEACTIVITY:0.4752337113402812
CE_KINGPAWNSHIELD:0.5030268908795228
CE_PIECECOORDINATION:0.43109714409075056
CE_MATERIAL:0.5011807158940719
CE_KINGSAFETY:0.5393038609712885
C_PIECESQUARETABLES:0.5
C_MOBILITY:0.511688169976413
C_KINGSAFETY:0.49605227732443136
C_PAWNSTRUCTURE:0.5019363124882114
C_PIECECOORDINATION:0.47621686913807726
C_ROOKANDPAWNMOVEMENT:0.47621686913807726
C_CENTERCONTROL:0.46914732247298235
C_DEVELOPPIECES:0.5429849249907318
C_MATERIAL:0.4693409017476289
C_MOVECOUNT:0.5
