ELO:975
CE_PASSEDPAWNS:0.5188522658690078
CE_PAWNWEAKNESSES:0.5047111715222731
CE_PIECEACTIVITY:0.516246950794947
CE_KINGPAWNSHIELD:0.48753077633654807
CE_PIECECOORDINATION:0.4992678422497914
CE_MATERIAL:0.5098378598682711
CE_KINGSAFETY:0.48294351940383595
C_PIECESQUARETABLES:0.5004087159278758
C_MOBILITY:0.5072295210839413
C_KINGSAFETY:0.4739580378430687
C_PAWNSTRUCTURE:0.4995275052947134
C_PIECECOORDINATION:0.476229936561087
C_ROOKANDPAWNMOVEMENT:0.476229936561087
C_CENTERCONTROL:0.49220097164859866
C_DEVELOPPIECES:0.5086829212186009
C_MATERIAL:0.497831699033982
C_MOVECOUNT:0.5009991246807769
