ELO:1018
CE_PASSEDPAWNS:0.49085666730529504
CE_PAWNWEAKNESSES:0.5
CE_PIECEACTIVITY:0.5
CE_KINGPAWNSHIELD:0.5
CE_PIECECOORDINATION:0.5
CE_MATERIAL:0.4923956609715115
CE_KINGSAFETY:0.5
C_PIECESQUARETABLES:0.5
C_MOBILITY:0.5007409394850927
C_KINGSAFETY:0.520573458114439
C_PAWNSTRUCTURE:0.5
C_PIECECOORDINATION:0.5045018630096247
C_ROOKANDPAWNMOVEMENT:0.5045018630096247
C_CENTERCONTROL:0.5084510391466848
C_DEVELOPPIECES:0.5
C_MATERIAL:0.4821765165492091
C_MOVECOUNT:0.5
