ELO:935
CE_PASSEDPAWNS:0.4945612292942966
CE_PAWNWEAKNESSES:0.5017595433704538
CE_PIECEACTIVITY:0.49409017584371845
CE_KINGPAWNSHIELD:0.5002635328259345
CE_PIECECOORDINATION:0.5046016379225277
CE_MATERIAL:0.4710494133072572
CE_KINGSAFETY:0.5
C_PIECESQUARETABLES:0.5
C_MOBILITY:0.5171019471475158
C_KINGSAFETY:0.5463950436027218
C_PAWNSTRUCTURE:0.47116974135322615
C_PIECECOORDINATION:0.508469006614564
C_ROOK:0.4750784381819588
CE_ROOK:0.46208271281570995
C_CENTERCONTROL:0.4702293350536721
C_DEVELOPPIECES:0.5171572300421905
C_MATERIAL:0.5112299761067706
C_MOVECOUNT:0.5328625816349235
C_PAWNMOVEMENT:0.5248296219145577
