ELO:954
CE_PASSEDPAWNS:0.5235457336830303
CE_PAWNWEAKNESSES:0.4941700285259413
CE_PIECEACTIVITY:0.516246950794947
CE_KINGPAWNSHIELD:0.49517705327136835
CE_PIECECOORDINATION:0.5150385188524366
CE_MATERIAL:0.5200207034418057
CE_KINGSAFETY:0.4994323867137759
C_PIECESQUARETABLES:0.507455852097667
C_MOBILITY:0.49501836783642905
C_KINGSAFETY:0.47640493673116446
C_PAWNSTRUCTURE:0.4888012047763689
C_PIECECOORDINATION:0.4861452153739263
C_ROOKANDPAWNMOVEMENT:0.4861452153739263
C_CENTERCONTROL:0.4824051315072478
C_DEVELOPPIECES:0.5114309502190645
C_MATERIAL:0.49597034998178774
C_MOVECOUNT:0.4687496405470736
