ELO:1016
CE_PASSEDPAWNS:0.5
CE_PAWNWEAKNESSES:0.5
CE_PIECEACTIVITY:0.49845077402730137
CE_KINGPAWNSHIELD:0.5
CE_PIECECOORDINATION:0.4753802533583962
CE_MATERIAL:0.5
CE_KINGSAFETY:0.5
C_PIECESQUARETABLES:0.5
C_MOBILITY:0.5
C_KINGSAFETY:0.4890983709352296
C_PAWNSTRUCTURE:0.5058243042912726
C_PIECECOORDINATION:0.49789484162712394
C_ROOKANDPAWNMOVEMENT:0.49789484162712394
C_CENTERCONTROL:0.4935681505253403
C_DEVELOPPIECES:0.5042117036335243
C_MATERIAL:0.5034066064691584
C_MOVECOUNT:0.5118755688748371
