ELO:1000
CE_PASSEDPAWNS:0.49789430238506355
CE_PAWNWEAKNESSES:0.5396574761737094
CE_PIECEACTIVITY:0.4610568321639262
CE_KINGPAWNSHIELD:0.5057073175446822
CE_PIECECOORDINATION:0.5211525736250532
CE_MATERIAL:0.47516977306704056
CE_KINGSAFETY:0.522430550626483
C_PIECESQUARETABLES:0.5076255858528267
C_MOBILITY:0.4532276614854459
C_KINGSAFETY:0.5717426860064577
C_PAWNSTRUCTURE:0.4393108867110308
C_PIECECOORDINATION:0.48189371435367434
C_ROOKANDPAWNMOVEMENT:0.48189371435367434
C_CENTERCONTROL:0.45423400042188544
C_DEVELOPPIECES:0.5446801089843638
C_MATERIAL:0.5559839886137274
