ELO:989
CE_PASSEDPAWNS:0.5236551149215732
CE_PAWNWEAKNESSES:0.49527321738695446
CE_PIECEACTIVITY:0.4384544763224368
CE_KINGPAWNSHIELD:0.4336377753321227
CE_PIECECOORDINATION:0.543634758106325
CE_MATERIAL:0.43802548602813257
CE_KINGSAFETY:0.4700223671127154
C_PIECESQUARETABLES:0.4861371391090929
C_MOBILITY:0.5020319068356411
C_KINGSAFETY:0.5214862065234829
C_PAWNSTRUCTURE:0.42921314681293943
C_PIECECOORDINATION:0.5805588237471416
C_ROOKANDPAWNMOVEMENT:0.5805588237471416
C_CENTERCONTROL:0.47805392000876046
C_DEVELOPPIECES:0.5366628825796227
C_MATERIAL:0.47621470803654264
