ELO:828
CE_PASSEDPAWNS:0.4970151184783053
CE_PAWNWEAKNESSES:0.4370277866661239
CE_PIECEACTIVITY:0.5400567847234584
CE_KINGPAWNSHIELD:0.441199507646791
CE_PIECECOORDINATION:0.512748606351545
CE_MATERIAL:0.5662158190014775
CE_KINGSAFETY:0.4883837439753029
C_PIECESQUARETABLES:0.5170813787407753
C_MOBILITY:0.45680886726199127
C_KINGSAFETY:0.5381285015934401
C_PAWNSTRUCTURE:0.4573650617104491
C_PIECECOORDINATION:0.49614687160333065
C_ROOKANDPAWNMOVEMENT:0.49614687160333065
C_CENTERCONTROL:0.5381429310448119
C_DEVELOPPIECES:0.5629932936956303
C_MATERIAL:0.5305111620272643
C_MOVECOUNT:0.5
