ELO:968
CE_PASSEDPAWNS:0.454835626559227
CE_PAWNWEAKNESSES:0.4482493914781499
CE_PIECEACTIVITY:0.5065313106665438
CE_KINGPAWNSHIELD:0.499065869836323
CE_PIECECOORDINATION:0.5
CE_MATERIAL:0.5869589164506076
CE_KINGSAFETY:0.5
C_PIECESQUARETABLES:0.5
C_MOBILITY:0.5383778901957766
C_KINGSAFETY:0.5664846492898417
C_PAWNSTRUCTURE:0.4279628810253127
C_PIECECOORDINATION:0.47471527578915257
C_ROOKANDPAWNMOVEMENT:0.47471527578915257
C_CENTERCONTROL:0.5113478034729969
C_DEVELOPPIECES:0.4725073564925931
C_MATERIAL:0.509948143377787
C_MOVECOUNT:0.5
