ELO:997
CE_PASSEDPAWNS:0.47312771708340345
CE_PAWNWEAKNESSES:0.5259125309603896
CE_PIECEACTIVITY:0.4903883659968735
CE_KINGPAWNSHIELD:0.49403016667108346
CE_PIECECOORDINATION:0.5270915618726237
CE_MATERIAL:0.5015345786227166
CE_KINGSAFETY:0.4875518675304485
C_PIECESQUARETABLES:0.49303831026938416
C_MOBILITY:0.47821270773592245
C_KINGSAFETY:0.5228183767396659
C_PAWNSTRUCTURE:0.502385628220245
C_PIECECOORDINATION:0.47714052567382875
C_ROOK:0.5326308769791275
CE_ROOK:0.5122691005717256
C_CENTERCONTROL:0.5474185067937731
C_DEVELOPPIECES:0.49898289394845213
C_MATERIAL:0.49782157232683405
C_MOVECOUNT:0.5249548896683783
C_PAWNMOVEMENT:0.49536433494319104
