ELO:1000
CE_PASSEDPAWNS:0.48766032872159465
CE_PAWNWEAKNESSES:0.5705563611249046
CE_PIECEACTIVITY:0.4704735394435287
CE_KINGPAWNSHIELD:0.5081957308808447
CE_PIECECOORDINATION:0.531113442850244
CE_MATERIAL:0.4735780080969021
CE_KINGSAFETY:0.5
C_PIECESQUARETABLES:0.502588338038252
C_MOBILITY:0.46396570207789767
C_KINGSAFETY:0.5901711142212553
C_PAWNSTRUCTURE:0.44592749936374804
C_PIECECOORDINATION:0.4878495508271795
C_ROOKANDPAWNMOVEMENT:0.4878495508271795
C_CENTERCONTROL:0.4549822907619626
C_DEVELOPPIECES:0.5746404595562888
C_MATERIAL:0.5511503224755749
