ELO:935
CE_PASSEDPAWNS:0.4770059814366559
CE_PAWNWEAKNESSES:0.5037180543278819
CE_PIECEACTIVITY:0.45121920566401796
CE_KINGPAWNSHIELD:0.4377471082993807
CE_PIECECOORDINATION:0.5500698886872883
CE_MATERIAL:0.45715771051812104
CE_KINGSAFETY:0.4442581047485389
C_PIECESQUARETABLES:0.48264968579508116
C_MOBILITY:0.4809242261897122
C_KINGSAFETY:0.5295208686701874
C_PAWNSTRUCTURE:0.4358556188851916
C_PIECECOORDINATION:0.5960093596209979
C_ROOKANDPAWNMOVEMENT:0.5960093596209979
C_CENTERCONTROL:0.5348969283985489
C_DEVELOPPIECES:0.5156234074547572
C_MATERIAL:0.43601895470858676
