ELO:1039
CE_PASSEDPAWNS:0.5132270531302282
CE_PAWNWEAKNESSES:0.5077133635864166
CE_PIECEACTIVITY:0.48432551729994644
CE_KINGPAWNSHIELD:0.49306027686282305
CE_PIECECOORDINATION:0.4974681835416194
CE_MATERIAL:0.5119444580834903
CE_KINGSAFETY:0.5
C_PIECESQUARETABLES:0.5
C_MOBILITY:0.5
C_KINGSAFETY:0.48539192132848946
C_PAWNSTRUCTURE:0.5
C_PIECECOORDINATION:0.4896653146699552
C_ROOKANDPAWNMOVEMENT:0.4896653146699552
C_CENTERCONTROL:0.506734056407956
C_DEVELOPPIECES:0.5119059568637833
C_MATERIAL:0.5104180930953575
C_MOVECOUNT:0.5
