ELO:990
CE_PASSEDPAWNS:0.5057917337095162
CE_PAWNWEAKNESSES:0.4855263507346408
CE_PIECEACTIVITY:0.5040225893828453
CE_KINGPAWNSHIELD:0.5087558975491079
CE_PIECECOORDINATION:0.5075870801072071
CE_MATERIAL:0.5
CE_KINGSAFETY:0.4988955150670602
C_PIECESQUARETABLES:0.5061706962992465
C_MOBILITY:0.5
C_KINGSAFETY:0.5086499896643806
C_PAWNSTRUCTURE:0.49741103021382443
C_PIECECOORDINATION:0.502918133374654
C_ROOKANDPAWNMOVEMENT:0.502918133374654
C_CENTERCONTROL:0.49223234618013006
C_DEVELOPPIECES:0.49705010386014814
C_MATERIAL:0.4925239917782779
C_MOVECOUNT:0.5042425120238005
