ELO:981
CE_PASSEDPAWNS:0.5058693647361531
CE_PAWNWEAKNESSES:0.5291558601565653
CE_PIECEACTIVITY:0.5
CE_KINGPAWNSHIELD:0.49803570936642116
CE_PIECECOORDINATION:0.5724939963560148
CE_MATERIAL:0.497575314747248
CE_KINGSAFETY:0.5525819499179335
C_PIECESQUARETABLES:0.47399928906278105
C_MOBILITY:0.5
C_KINGSAFETY:0.5061626004329853
C_PAWNSTRUCTURE:0.5036637334883535
C_PIECECOORDINATION:0.5585006332719209
C_ROOKANDPAWNMOVEMENT:0.5585006332719209
C_CENTERCONTROL:0.5033058301691063
C_DEVELOPPIECES:0.5232090630771882
C_MATERIAL:0.5579337171506007
C_MOVECOUNT:0.5
