ELO:866
CE_PASSEDPAWNS:0.5388224209685137
CE_PAWNWEAKNESSES:0.5010192115390768
CE_PIECEACTIVITY:0.47104727371943983
CE_KINGPAWNSHIELD:0.5425180189174806
CE_PIECECOORDINATION:0.5017865329466131
CE_MATERIAL:0.503014301163485
CE_KINGSAFETY:0.5455605208811545
C_PIECESQUARETABLES:0.4979035796612447
C_MOBILITY:0.49464564662674754
C_KINGSAFETY:0.4871437717589242
C_PAWNSTRUCTURE:0.49398022018970533
C_PIECECOORDINATION:0.5560872728256245
C_ROOKANDPAWNMOVEMENT:0.5560872728256245
C_CENTERCONTROL:0.5022013298270086
C_DEVELOPPIECES:0.5193819143174404
C_MATERIAL:0.5357051504146051
C_MOVECOUNT:0.5
