ELO:984
CE_PASSEDPAWNS:0.5334977015059155
CE_PAWNWEAKNESSES:0.4714080172760018
CE_PIECEACTIVITY:0.49682232567169804
CE_KINGPAWNSHIELD:0.5173617931637818
CE_PIECECOORDINATION:0.48621996643472815
CE_MATERIAL:0.46061082776078976
CE_KINGSAFETY:0.5
C_PIECESQUARETABLES:0.5
C_MOBILITY:0.49617054150946194
C_KINGSAFETY:0.5142885120146999
C_PAWNSTRUCTURE:0.49619028459228515
C_PIECECOORDINATION:0.49799449173777066
C_ROOK:0.49374555651293894
CE_ROOK:0.5091387913428207
C_CENTERCONTROL:0.4478396282272837
C_DEVELOPPIECES:0.4591595714306961
C_MATERIAL:0.5282066117499004
C_MOVECOUNT:0.49593440745849443
C_PAWNMOVEMENT:0.5248083707293063
