ELO:996
CE_PASSEDPAWNS:0.5305904975330347
CE_PAWNWEAKNESSES:0.4714080172760018
CE_PIECEACTIVITY:0.49682232567169804
CE_KINGPAWNSHIELD:0.48020142741329813
CE_PIECECOORDINATION:0.5131686203526431
CE_MATERIAL:0.46061082776078976
CE_KINGSAFETY:0.5
C_PIECESQUARETABLES:0.5
C_MOBILITY:0.5001131143533629
C_KINGSAFETY:0.5130426352739833
C_PAWNSTRUCTURE:0.49619028459228515
C_PIECECOORDINATION:0.5197021824486947
C_ROOK:0.4760767077068308
CE_ROOK:0.4911438099089106
C_CENTERCONTROL:0.5301531798962803
C_DEVELOPPIECES:0.4591595714306961
C_MATERIAL:0.5302928021425948
C_MOVECOUNT:0.5028553153002161
C_PAWNMOVEMENT:0.4962677545256915
