ELO:987
CE_PASSEDPAWNS:0.5087988204011065
CE_PAWNWEAKNESSES:0.5027956473321771
CE_PIECEACTIVITY:0.5191640712544435
CE_KINGPAWNSHIELD:0.48732821521283803
CE_PIECECOORDINATION:0.506141542697318
CE_MATERIAL:0.4810338683499844
CE_KINGSAFETY:0.4878003641481438
C_PIECESQUARETABLES:0.5062102087638367
C_MOBILITY:0.4896643454832021
C_KINGSAFETY:0.466984179446699
C_PAWNSTRUCTURE:0.47532026858159715
C_PIECECOORDINATION:0.5225912480169311
C_ROOK:0.5011146339312895
CE_ROOK:0.49474416472867505
C_CENTERCONTROL:0.5075463232486338
C_DEVELOPPIECES:0.4960282367567046
C_MATERIAL:0.5003172748235575
C_MOVECOUNT:0.48416485263364184
C_PAWNMOVEMENT:0.49143945628861413
