ELO:780
CE_PASSEDPAWNS:0.5023966722221751
CE_PAWNWEAKNESSES:0.48734071610236146
CE_PIECEACTIVITY:0.5353985420195958
CE_KINGPAWNSHIELD:0.4788607105047913
CE_PIECECOORDINATION:0.49615540709185885
CE_MATERIAL:0.5557477894470635
CE_KINGSAFETY:0.4929259871124248
C_PIECESQUARETABLES:0.5133432677293919
C_MOBILITY:0.6063470592285113
C_KINGSAFETY:0.4464540652534238
C_PAWNSTRUCTURE:0.4943837937569826
C_PIECECOORDINATION:0.5403828778191111
C_ROOKANDPAWNMOVEMENT:0.5403828778191111
C_CENTERCONTROL:0.5124866221956991
C_DEVELOPPIECES:0.5473227252244209
C_MATERIAL:0.5289555866325628
C_MOVECOUNT:0.4884549260381366
