ELO:988
CE_PASSEDPAWNS:0.5067554928180413
CE_PAWNWEAKNESSES:0.5
CE_PIECEACTIVITY:0.502292084500146
CE_KINGPAWNSHIELD:0.5161916140823933
CE_PIECECOORDINATION:0.502422079127405
CE_MATERIAL:0.507473845527241
CE_KINGSAFETY:0.5
C_PIECESQUARETABLES:0.5
C_MOBILITY:0.4850482138451543
C_KINGSAFETY:0.5433542724093239
C_PAWNSTRUCTURE:0.5038211518642112
C_PIECECOORDINATION:0.49239474847436066
C_ROOKANDPAWNMOVEMENT:0.49239474847436066
C_CENTERCONTROL:0.49703652967423634
C_DEVELOPPIECES:0.4947888966397184
C_MATERIAL:0.4937707710789246
C_MOVECOUNT:0.5
