ELO:1000
CE_PASSEDPAWNS:0.5439072817545886
CE_PAWNWEAKNESSES:0.48924972362617414
CE_PIECEACTIVITY:0.4609589133444143
CE_KINGPAWNSHIELD:0.4605714411203379
CE_PIECECOORDINATION:0.5141664843734267
CE_MATERIAL:0.501026923944763
CE_KINGSAFETY:0.4821510988765596
C_PIECESQUARETABLES:0.4935324359624436
C_MOBILITY:0.4943677895609679
C_KINGSAFETY:0.5098681304317655
C_PAWNSTRUCTURE:0.4640188178682411
C_PIECECOORDINATION:0.5476175554414333
C_ROOKANDPAWNMOVEMENT:0.5476175554414333
C_CENTERCONTROL:0.4618375028781682
C_DEVELOPPIECES:0.5410051595416685
C_MATERIAL:0.5077072045259978
