ELO:927
CE_PASSEDPAWNS:0.46000112833168266
CE_PAWNWEAKNESSES:0.47400062826771827
CE_PIECEACTIVITY:0.4597697429772994
CE_KINGPAWNSHIELD:0.4377471082993807
CE_PIECECOORDINATION:0.5598303590488252
CE_MATERIAL:0.4629833496006772
CE_KINGSAFETY:0.5102725853547305
C_PIECESQUARETABLES:0.5000158463871478
C_MOBILITY:0.4958103642001442
C_KINGSAFETY:0.5268032705346648
C_PAWNSTRUCTURE:0.4296664444923087
C_PIECECOORDINATION:0.608251840062455
C_ROOKANDPAWNMOVEMENT:0.608251840062455
C_CENTERCONTROL:0.5419492473908301
C_DEVELOPPIECES:0.5293977080673964
C_MATERIAL:0.4245959951799268
