ELO:996
CE_PASSEDPAWNS:0.5095666990506695
CE_PAWNWEAKNESSES:0.4987759338864189
CE_PIECEACTIVITY:0.5036025187661213
CE_KINGPAWNSHIELD:0.49420206365711716
CE_PIECECOORDINATION:0.4889165545014354
CE_MATERIAL:0.5063541973962732
CE_KINGSAFETY:0.5
C_PIECESQUARETABLES:0.5
C_MOBILITY:0.47821270773592245
C_KINGSAFETY:0.4744622568411968
C_PAWNSTRUCTURE:0.5024445288429544
C_PIECECOORDINATION:0.4915556430545138
C_ROOK:0.5
CE_ROOK:0.5423243905442681
C_CENTERCONTROL:0.46592307703464025
C_DEVELOPPIECES:0.5332997504176217
C_MATERIAL:0.5025734843635191
C_MOVECOUNT:0.4827078409043681
C_PAWNMOVEMENT:0.5352921000145976
