ELO:999
CE_PASSEDPAWNS:0.4729716581010228
CE_PAWNWEAKNESSES:0.5189273555183459
CE_PIECEACTIVITY:0.4906391427559026
CE_KINGPAWNSHIELD:0.48052141899943857
CE_PIECECOORDINATION:0.5010418112676602
CE_MATERIAL:0.5007946272290341
CE_KINGSAFETY:0.5
C_PIECESQUARETABLES:0.5
C_MOBILITY:0.501033061345263
C_KINGSAFETY:0.4884850767681593
C_PAWNSTRUCTURE:0.5109639951846552
C_PIECECOORDINATION:0.4911919242131005
C_ROOK:0.4979387713719971
CE_ROOK:0.4930280190350913
C_CENTERCONTROL:0.5110686598539289
C_DEVELOPPIECES:0.5
C_MATERIAL:0.48373518770242874
C_MOVECOUNT:0.5172757264454678
C_PAWNMOVEMENT:0.5082332609354918
