ELO:1011
CE_PASSEDPAWNS:0.5058563478530013
CE_PAWNWEAKNESSES:0.5
CE_PIECEACTIVITY:0.5318004050062503
CE_KINGPAWNSHIELD:0.4962273980144836
CE_PIECECOORDINATION:0.4895926544162038
CE_MATERIAL:0.5053300296146649
CE_KINGSAFETY:0.5
C_PIECESQUARETABLES:0.5
C_MOBILITY:0.5
C_KINGSAFETY:0.5633100318204572
C_PAWNSTRUCTURE:0.49593264127277026
C_PIECECOORDINATION:0.4915401488048393
C_ROOKANDPAWNMOVEMENT:0.4915401488048393
C_CENTERCONTROL:0.5
C_DEVELOPPIECES:0.5
C_MATERIAL:0.48859089983064385
C_MOVECOUNT:0.4854570988644885
