ELO:855
CE_PASSEDPAWNS:0.46155830777490103
CE_PAWNWEAKNESSES:0.4363356132651033
CE_PIECEACTIVITY:0.42415834694607296
CE_KINGPAWNSHIELD:0.47887141396021593
CE_PIECECOORDINATION:0.4775628096219353
CE_MATERIAL:0.505650840284417
CE_KINGSAFETY:0.5
C_PIECESQUARETABLES:0.4933384268135655
C_MOBILITY:0.4591896228053532
C_KINGSAFETY:0.4720005434502013
C_PAWNSTRUCTURE:0.5092534751139958
C_PIECECOORDINATION:0.47322960178520246
C_ROOKANDPAWNMOVEMENT:0.47322960178520246
C_CENTERCONTROL:0.5042166584667326
C_DEVELOPPIECES:0.45369809888943113
C_MATERIAL:0.5077707035739681
C_MOVECOUNT:0.5
