ELO:972
CE_PASSEDPAWNS:0.48826404652948596
CE_PAWNWEAKNESSES:0.4971279184865746
CE_PIECEACTIVITY:0.5314188281842391
CE_KINGPAWNSHIELD:0.4678715258521435
CE_PIECECOORDINATION:0.5491911677372442
CE_MATERIAL:0.45319400119555164
CE_KINGSAFETY:0.48477654547630095
C_PIECESQUARETABLES:0.49354921185773326
C_MOBILITY:0.5312403568061466
C_KINGSAFETY:0.47533595720006033
C_PAWNSTRUCTURE:0.5052405981457283
C_PIECECOORDINATION:0.5134042436568088
C_ROOKANDPAWNMOVEMENT:0.5134042436568088
C_CENTERCONTROL:0.4366488667785894
C_DEVELOPPIECES:0.5155386179355217
C_MATERIAL:0.42485939310848025
