ELO:879
CE_PASSEDPAWNS:0.5230159595699259
CE_PAWNWEAKNESSES:0.48122903609746964
CE_PIECEACTIVITY:0.4444767097711878
CE_KINGPAWNSHIELD:0.5741872134179145
CE_PIECECOORDINATION:0.48359310222592383
CE_MATERIAL:0.4093540999858532
CE_KINGSAFETY:0.4760046132544739
C_PIECESQUARETABLES:0.4890064223171717
C_MOBILITY:0.4169123531989336
C_KINGSAFETY:0.37427477018250305
C_PAWNSTRUCTURE:0.42016848889010994
C_PIECECOORDINATION:0.46017341952392976
C_ROOKANDPAWNMOVEMENT:0.46017341952392976
C_CENTERCONTROL:0.4384655868353466
C_DEVELOPPIECES:0.5281052417657105
C_MATERIAL:0.4620990094785805
