ELO:922
CE_PASSEDPAWNS:0.45872517160885123
CE_PAWNWEAKNESSES:0.4744159250322172
CE_PIECEACTIVITY:0.42562802633096786
CE_KINGPAWNSHIELD:0.41690762209945426
CE_PIECECOORDINATION:0.5582062486709349
CE_MATERIAL:0.4233680223285457
CE_KINGSAFETY:0.5
C_PIECESQUARETABLES:0.5
C_MOBILITY:0.5202710181724559
C_KINGSAFETY:0.5350740953830218
C_PAWNSTRUCTURE:0.42991967293438216
C_PIECECOORDINATION:0.6234120944991101
C_ROOKANDPAWNMOVEMENT:0.6234120944991101
C_CENTERCONTROL:0.570011054776194
C_DEVELOPPIECES:0.5285233584482523
C_MATERIAL:0.4106801790872355
