ELO:996
CE_PASSEDPAWNS:0.5305904975330347
CE_PAWNWEAKNESSES:0.5344334867378939
CE_PIECEACTIVITY:0.4906468102867477
CE_KINGPAWNSHIELD:0.4755055312378637
CE_PIECECOORDINATION:0.5370771933366398
CE_MATERIAL:0.5010542363110977
CE_KINGSAFETY:0.5053149096450259
C_PIECESQUARETABLES:0.5
C_MOBILITY:0.47821270773592245
C_KINGSAFETY:0.5228183767396659
C_PAWNSTRUCTURE:0.46811384832829306
C_PIECECOORDINATION:0.513816326866694
C_ROOK:0.49337626036363696
CE_ROOK:0.5019346244041857
C_CENTERCONTROL:0.5088777043542323
C_DEVELOPPIECES:0.48235580445216464
C_MATERIAL:0.4780701224538148
C_MOVECOUNT:0.4988588414281049
C_PAWNMOVEMENT:0.5004772319789158
