ELO:1000
CE_PASSEDPAWNS:0.4960712426617631
CE_PAWNWEAKNESSES:0.5
CE_PIECEACTIVITY:0.49445104456798095
CE_KINGPAWNSHIELD:0.5019007407676389
CE_PIECECOORDINATION:0.5068324871486277
CE_MATERIAL:0.4915370480885637
CE_KINGSAFETY:0.5
C_PIECESQUARETABLES:0.500818808562808
C_MOBILITY:0.4857603005734872
C_KINGSAFETY:0.5
C_PAWNSTRUCTURE:0.484892982612776
C_PIECECOORDINATION:0.5112317532341635
C_ROOKANDPAWNMOVEMENT:0.5112317532341635
C_CENTERCONTROL:0.5107468196065958
C_DEVELOPPIECES:0.5048608727235169
C_MATERIAL:0.5141602786572261
