ELO:999
CE_PASSEDPAWNS:0.5247969611255456
CE_PAWNWEAKNESSES:0.4468135993128012
CE_PIECEACTIVITY:0.4519965469629756
CE_KINGPAWNSHIELD:0.4262836087796471
CE_PIECECOORDINATION:0.5512725263123889
CE_MATERIAL:0.4527954383772414
CE_KINGSAFETY:0.4856671880006017
C_PIECESQUARETABLES:0.4878366826921455
C_MOBILITY:0.5002061930219524
C_KINGSAFETY:0.49760377439954395
C_PAWNSTRUCTURE:0.4551567364744172
C_PIECECOORDINATION:0.5687908745515576
C_ROOKANDPAWNMOVEMENT:0.5687908745515576
C_CENTERCONTROL:0.45924412669448095
C_DEVELOPPIECES:0.492969377386146
C_MATERIAL:0.48081901198939586
