ELO:972
CE_PASSEDPAWNS:0.5020529938667506
CE_PAWNWEAKNESSES:0.4838784871639622
CE_PIECEACTIVITY:0.5010116151664452
CE_KINGPAWNSHIELD:0.49125784116260324
CE_PIECECOORDINATION:0.489285437325145
CE_MATERIAL:0.5041292448781288
CE_KINGSAFETY:0.49678529712963765
C_PIECESQUARETABLES:0.5051742319057584
C_MOBILITY:0.48315342040725506
C_KINGSAFETY:0.5047812382946114
C_PAWNSTRUCTURE:0.49655021431553786
C_PIECECOORDINATION:0.5122811963611357
C_ROOKANDPAWNMOVEMENT:0.5122811963611357
C_CENTERCONTROL:0.5208001331715204
C_DEVELOPPIECES:0.49438028372300263
C_MATERIAL:0.5
