ELO:1021
CE_PASSEDPAWNS:0.48934381014803646
CE_PAWNWEAKNESSES:0.5
CE_PIECEACTIVITY:0.525155785878736
CE_KINGPAWNSHIELD:0.5
CE_PIECECOORDINATION:0.5
CE_MATERIAL:0.49943024272280434
CE_KINGSAFETY:0.499071658848585
C_PIECESQUARETABLES:0.47658267131914334
C_MOBILITY:0.5004956991434384
C_KINGSAFETY:0.5
C_PAWNSTRUCTURE:0.520258218850337
C_PIECECOORDINATION:0.4895921956605014
C_ROOK:0.48975217669912785
CE_ROOK:0.5
C_CENTERCONTROL:0.5025467742620421
C_DEVELOPPIECES:0.4890219241756311
C_MATERIAL:0.5
C_MOVECOUNT:0.51236678369279
C_PAWNMOVEMENT:0.5
