ELO:910
CE_PASSEDPAWNS:0.5131354314817939
CE_PAWNWEAKNESSES:0.519122494155254
CE_PIECEACTIVITY:0.4863287492537574
CE_KINGPAWNSHIELD:0.5793667155957162
CE_PIECECOORDINATION:0.5471993066463325
CE_MATERIAL:0.4964963665774309
CE_KINGSAFETY:0.5055286972564195
C_PIECESQUARETABLES:0.507881673537585
C_MOBILITY:0.5517754014084845
C_KINGSAFETY:0.4724378618397134
C_PAWNSTRUCTURE:0.5357223388669579
C_PIECECOORDINATION:0.5247669106068392
C_ROOK:0.4560942042286702
CE_ROOK:0.5249127627976227
C_CENTERCONTROL:0.5265051641884834
C_DEVELOPPIECES:0.46729021478691174
C_MATERIAL:0.49644144133167123
C_MOVECOUNT:0.5020326239557207
C_PAWNMOVEMENT:0.4834673090930606
