ELO:940
CE_PASSEDPAWNS:0.4936255112927814
CE_PAWNWEAKNESSES:0.4969371806531652
CE_PIECEACTIVITY:0.44972981551010116
CE_KINGPAWNSHIELD:0.4406701810065751
CE_PIECECOORDINATION:0.5451540636292083
CE_MATERIAL:0.4593643721347073
CE_KINGSAFETY:0.44827810148973574
C_PIECESQUARETABLES:0.4890356777254028
C_MOBILITY:0.5031876487911442
C_KINGSAFETY:0.5235834185076518
C_PAWNSTRUCTURE:0.42475933345097727
C_PIECECOORDINATION:0.5889506408783279
C_ROOKANDPAWNMOVEMENT:0.5889506408783279
C_CENTERCONTROL:0.5120907517874302
C_DEVELOPPIECES:0.5270321148748406
C_MATERIAL:0.452050803591037
