ELO:939
CE_PASSEDPAWNS:0.49719368740649134
CE_PAWNWEAKNESSES:0.492254416850854
CE_PIECEACTIVITY:0.45160891738461284
CE_KINGPAWNSHIELD:0.5295127548945567
CE_PIECECOORDINATION:0.45321025661593967
CE_MATERIAL:0.5061072608348801
CE_KINGSAFETY:0.5
C_PIECESQUARETABLES:0.5
C_MOBILITY:0.5127880390997164
C_KINGSAFETY:0.47411979679897087
C_PAWNSTRUCTURE:0.47826624537519846
C_PIECECOORDINATION:0.516916903128426
C_ROOKANDPAWNMOVEMENT:0.516916903128426
C_CENTERCONTROL:0.5041211993201832
C_DEVELOPPIECES:0.537360506492393
C_MATERIAL:0.5
C_MOVECOUNT:0.5
