ELO:999
CE_PASSEDPAWNS:0.5
CE_PAWNWEAKNESSES:0.48807072211569824
CE_PIECEACTIVITY:0.48291563498110457
CE_KINGPAWNSHIELD:0.5040391315085198
CE_PIECECOORDINATION:0.48149417164911185
CE_MATERIAL:0.5068344433093053
CE_KINGSAFETY:0.5
C_PIECESQUARETABLES:0.5
C_MOBILITY:0.4911587840713131
C_KINGSAFETY:0.4953612413486963
C_PAWNSTRUCTURE:0.5
C_PIECECOORDINATION:0.5089981838181428
C_ROOKANDPAWNMOVEMENT:0.5089981838181428
C_CENTERCONTROL:0.5
C_DEVELOPPIECES:0.5047723266429872
C_MATERIAL:0.4904694831747551
C_MOVECOUNT:0.49285112122289326
