ELO:915
CE_PASSEDPAWNS:0.4188398681432626
CE_PAWNWEAKNESSES:0.5064350815189143
CE_PIECEACTIVITY:0.36086297646650495
CE_KINGPAWNSHIELD:0.4332673614815315
CE_PIECECOORDINATION:0.5191659114789531
CE_MATERIAL:0.3704619926142167
CE_KINGSAFETY:0.4900838104127361
C_PIECESQUARETABLES:0.475277104857444
C_MOBILITY:0.43436920335883167
C_KINGSAFETY:0.5045018429879266
C_PAWNSTRUCTURE:0.4435080748414443
C_PIECECOORDINATION:0.5879926242409668
C_ROOKANDPAWNMOVEMENT:0.5879926242409668
C_CENTERCONTROL:0.6517981775221457
C_DEVELOPPIECES:0.49645722042023266
C_MATERIAL:0.42338036160852904
