ELO:955
CE_PASSEDPAWNS:0.5043759354186487
CE_PAWNWEAKNESSES:0.4991390747499603
CE_PIECEACTIVITY:0.4507076988934443
CE_KINGPAWNSHIELD:0.4406701810065751
CE_PIECECOORDINATION:0.5451540636292083
CE_MATERIAL:0.45097782202787723
CE_KINGSAFETY:0.45209409492074204
C_PIECESQUARETABLES:0.4839373856377669
C_MOBILITY:0.4853215670023348
C_KINGSAFETY:0.5341676413746518
C_PAWNSTRUCTURE:0.4382141986319099
C_PIECECOORDINATION:0.5952234499865351
C_ROOKANDPAWNMOVEMENT:0.5952234499865351
C_CENTERCONTROL:0.4996599180370004
C_DEVELOPPIECES:0.5207597241556673
C_MATERIAL:0.45490626472593465
