ELO:961
CE_PASSEDPAWNS:0.4707194605190057
CE_PAWNWEAKNESSES:0.5130698950631551
CE_PIECEACTIVITY:0.5693453419362056
CE_KINGPAWNSHIELD:0.5012258459584631
CE_PIECECOORDINATION:0.5202467744640712
CE_MATERIAL:0.48334981731956256
CE_KINGSAFETY:0.499394273472904
C_PIECESQUARETABLES:0.5140928371883449
C_MOBILITY:0.5624248161058126
C_KINGSAFETY:0.5307569461278966
C_PAWNSTRUCTURE:0.5316898252848397
C_PIECECOORDINATION:0.49388729221655486
C_ROOKANDPAWNMOVEMENT:0.49388729221655486
C_CENTERCONTROL:0.48851250030790877
C_DEVELOPPIECES:0.47338576049632364
C_MATERIAL:0.4603127616564962
C_MOVECOUNT:0.5
