ELO:963
CE_PASSEDPAWNS:0.4157535991726356
CE_PAWNWEAKNESSES:0.5325467575635374
CE_PIECEACTIVITY:0.47945908073571125
CE_KINGPAWNSHIELD:0.430405035384219
CE_PIECECOORDINATION:0.4445367862272645
CE_MATERIAL:0.49516971152929545
CE_KINGSAFETY:0.5335987343630115
C_PIECESQUARETABLES:0.5172360689519733
C_MOBILITY:0.4463905780787125
C_KINGSAFETY:0.5417996309343185
C_PAWNSTRUCTURE:0.5474646599036421
C_PIECECOORDINATION:0.47820415899172164
C_ROOKANDPAWNMOVEMENT:0.47820415899172164
C_CENTERCONTROL:0.5084991154875389
C_DEVELOPPIECES:0.4616072855883463
C_MATERIAL:0.4980967069756738
