ELO:968
CE_PASSEDPAWNS:0.4355471009117848
CE_PAWNWEAKNESSES:0.5789586736008088
CE_PIECEACTIVITY:0.4763761075320578
CE_KINGPAWNSHIELD:0.50614810086501
CE_PIECECOORDINATION:0.5692475999075766
CE_MATERIAL:0.5625658847769183
CE_KINGSAFETY:0.4976443169656196
C_PIECESQUARETABLES:0.49156872299498366
C_MOBILITY:0.46505649815321404
C_KINGSAFETY:0.5303547979779214
C_PAWNSTRUCTURE:0.48290020915293874
C_PIECECOORDINATION:0.4994939182127788
C_ROOKANDPAWNMOVEMENT:0.4994939182127788
C_CENTERCONTROL:0.3815902076967296
C_DEVELOPPIECES:0.5464470589520365
C_MATERIAL:0.5141797417254718
