ELO:912
CE_PASSEDPAWNS:0.42020318299594195
CE_PAWNWEAKNESSES:0.5145152068550272
CE_PIECEACTIVITY:0.47898061765438404
CE_KINGPAWNSHIELD:0.4669155731264024
CE_PIECECOORDINATION:0.49327315255330306
CE_MATERIAL:0.5334749759312137
CE_KINGSAFETY:0.5
C_PIECESQUARETABLES:0.5
C_MOBILITY:0.5001159731614959
C_KINGSAFETY:0.4247362978819258
C_PAWNSTRUCTURE:0.4965167094054607
C_PIECECOORDINATION:0.4752067426082063
C_ROOK:0.5054660755186123
CE_ROOK:0.5174616697040448
C_CENTERCONTROL:0.46577671564371015
C_DEVELOPPIECES:0.5041107286024475
C_MATERIAL:0.4896675638377314
C_MOVECOUNT:0.5764458825211662
C_PAWNMOVEMENT:0.5353663961640658
