ELO:992
CE_PASSEDPAWNS:0.5241233917309369
CE_PAWNWEAKNESSES:0.472321879378655
CE_PIECEACTIVITY:0.4990334042887738
CE_KINGPAWNSHIELD:0.5405229294094679
CE_PIECECOORDINATION:0.5549860865023045
CE_MATERIAL:0.509757946441716
CE_KINGSAFETY:0.5219644325381221
C_PIECESQUARETABLES:0.49793946772749453
C_MOBILITY:0.5151837243426071
C_KINGSAFETY:0.4349498567467105
C_PAWNSTRUCTURE:0.5255257238672512
C_PIECECOORDINATION:0.4532918372644721
C_ROOKANDPAWNMOVEMENT:0.4532918372644721
C_CENTERCONTROL:0.4880426942326234
C_DEVELOPPIECES:0.4234655757004305
C_MATERIAL:0.4222569553778255
