ELO:795
CE_PASSEDPAWNS:0.49624056390778964
CE_PAWNWEAKNESSES:0.5326815649399101
CE_PIECEACTIVITY:0.4716697978057576
CE_KINGPAWNSHIELD:0.46501411473826243
CE_PIECECOORDINATION:0.47892494686639314
CE_MATERIAL:0.5431560020507683
CE_KINGSAFETY:0.49885391477241287
C_PIECESQUARETABLES:0.4883049404198129
C_MOBILITY:0.5026173739356934
C_KINGSAFETY:0.4833359297587312
C_PAWNSTRUCTURE:0.506032105009823
C_PIECECOORDINATION:0.4925270655667417
C_ROOKANDPAWNMOVEMENT:0.4925270655667417
C_CENTERCONTROL:0.5022758372642496
C_DEVELOPPIECES:0.4450481442218722
C_MATERIAL:0.48032166578306906
C_MOVECOUNT:0.5013053008313427
