ELO:861
CE_PASSEDPAWNS:0.46333215186318494
CE_PAWNWEAKNESSES:0.5453084211270567
CE_PIECEACTIVITY:0.48942135047780133
CE_KINGPAWNSHIELD:0.41324814092874246
CE_PIECECOORDINATION:0.43936963094031234
CE_MATERIAL:0.5251286872615518
CE_KINGSAFETY:0.5169878315113295
C_PIECESQUARETABLES:0.5112222028941122
C_MOBILITY:0.485762035231257
C_KINGSAFETY:0.514331536674714
C_PAWNSTRUCTURE:0.5642623053059401
C_PIECECOORDINATION:0.5001657050576002
C_ROOKANDPAWNMOVEMENT:0.5001657050576002
C_CENTERCONTROL:0.5055830472827648
C_DEVELOPPIECES:0.4286960120300842
C_MATERIAL:0.5050720619149606
