ELO:959
CE_PASSEDPAWNS:0.4757451670531188
CE_PAWNWEAKNESSES:0.4834697770002987
CE_PIECEACTIVITY:0.49463169952095476
CE_KINGPAWNSHIELD:0.4893519098110203
CE_PIECECOORDINATION:0.5180597649214854
CE_MATERIAL:0.5117369115439268
CE_KINGSAFETY:0.4889117670481183
C_PIECESQUARETABLES:0.48468298910586044
C_MOBILITY:0.4897952710803483
C_KINGSAFETY:0.5036055269066775
C_PAWNSTRUCTURE:0.4882858537577933
C_PIECECOORDINATION:0.489428387801308
C_ROOK:0.502017121593239
CE_ROOK:0.4846023374263676
C_CENTERCONTROL:0.504100378494713
C_DEVELOPPIECES:0.4955966017684924
C_MATERIAL:0.4913955902385937
C_MOVECOUNT:0.5126766193650204
C_PAWNMOVEMENT:0.5162130142445644
