ELO:946
CE_PASSEDPAWNS:0.5144128593980372
CE_PAWNWEAKNESSES:0.5866238903728821
CE_PIECEACTIVITY:0.47841937565888093
CE_KINGPAWNSHIELD:0.5301788286298937
CE_PIECECOORDINATION:0.5222326648063175
CE_MATERIAL:0.4735088536625155
CE_KINGSAFETY:0.48822472071384543
C_PIECESQUARETABLES:0.5332759920114165
C_MOBILITY:0.5106028168468709
C_KINGSAFETY:0.5088543128490839
C_PAWNSTRUCTURE:0.5147532488756398
C_PIECECOORDINATION:0.5242409234513324
C_ROOKANDPAWNMOVEMENT:0.5242409234513324
C_CENTERCONTROL:0.5374164018462574
C_DEVELOPPIECES:0.521656816184432
C_MATERIAL:0.47206480335675355
