ELO:947
CE_PASSEDPAWNS:0.49074555443918455
CE_PAWNWEAKNESSES:0.49526302460060634
CE_PIECEACTIVITY:0.49238112182690585
CE_KINGPAWNSHIELD:0.5127067791880371
CE_PIECECOORDINATION:0.48377364756971897
CE_MATERIAL:0.477402986864082
CE_KINGSAFETY:0.5069441345477393
C_PIECESQUARETABLES:0.493114857916582
C_MOBILITY:0.4988545580814632
C_KINGSAFETY:0.5198818632848323
C_PAWNSTRUCTURE:0.4520253661378689
C_PIECECOORDINATION:0.5074627576732992
C_ROOKANDPAWNMOVEMENT:0.5074627576732992
C_CENTERCONTROL:0.5127019786865133
C_DEVELOPPIECES:0.4882293308768869
C_MATERIAL:0.5004569860055951
C_MOVECOUNT:0.5
