ELO:956
CE_PASSEDPAWNS:0.4588525018949049
CE_PAWNWEAKNESSES:0.4719076346915975
CE_PIECEACTIVITY:0.4827008176967633
CE_KINGPAWNSHIELD:0.4802687769182481
CE_PIECECOORDINATION:0.5075814773974255
CE_MATERIAL:0.5157544050073825
CE_KINGSAFETY:0.48568566292478166
C_PIECESQUARETABLES:0.48332490167342074
C_MOBILITY:0.48587687675932034
C_KINGSAFETY:0.48758452867867663
C_PAWNSTRUCTURE:0.47528454235553785
C_PIECECOORDINATION:0.46997920893744893
C_ROOK:0.5045712918172636
CE_ROOK:0.47231416665164777
C_CENTERCONTROL:0.4987228367501586
C_DEVELOPPIECES:0.5050083187972272
C_MATERIAL:0.47442881005188825
C_MOVECOUNT:0.5208475524877957
C_PAWNMOVEMENT:0.5087771647684387
