ELO:893
CE_PASSEDPAWNS:0.42020318299594195
CE_PAWNWEAKNESSES:0.5145152068550272
CE_PIECEACTIVITY:0.4702756134392555
CE_KINGPAWNSHIELD:0.47707548910605785
CE_PIECECOORDINATION:0.49327315255330306
CE_MATERIAL:0.5307351511421918
CE_KINGSAFETY:0.5
C_PIECESQUARETABLES:0.49870777189052107
C_MOBILITY:0.5002247919151046
C_KINGSAFETY:0.44243032007081
C_PAWNSTRUCTURE:0.4915572009672446
C_PIECECOORDINATION:0.4668578734255763
C_ROOK:0.5054660755186123
CE_ROOK:0.5109781391582259
C_CENTERCONTROL:0.4759813767537871
C_DEVELOPPIECES:0.5041107286024475
C_MATERIAL:0.48867515417207313
C_MOVECOUNT:0.5764458825211662
C_PAWNMOVEMENT:0.5353663961640658
