ELO:846
CE_PASSEDPAWNS:0.45246308863268525
CE_PAWNWEAKNESSES:0.5091584477255827
CE_PIECEACTIVITY:0.5294381649858712
CE_KINGPAWNSHIELD:0.4754200764023248
CE_PIECECOORDINATION:0.4364832972184102
CE_MATERIAL:0.4473398966944677
CE_KINGSAFETY:0.49887488074654257
C_PIECESQUARETABLES:0.4665742619071266
C_MOBILITY:0.5216684579215547
C_KINGSAFETY:0.48429340474225757
C_PAWNSTRUCTURE:0.38406225457104837
C_PIECECOORDINATION:0.5271424960644869
C_ROOKANDPAWNMOVEMENT:0.5271424960644869
C_CENTERCONTROL:0.5558508888726837
C_DEVELOPPIECES:0.5058504154889439
C_MATERIAL:0.5054172422513611
C_MOVECOUNT:0.5
