ELO:1000
CE_PASSEDPAWNS:0.4917050825108401
CE_PAWNWEAKNESSES:0.5026157988678939
CE_PIECEACTIVITY:0.49171066687139187
CE_KINGPAWNSHIELD:0.4383418458557553
CE_PIECECOORDINATION:0.5058796509470693
CE_MATERIAL:0.4758910310235588
CE_KINGSAFETY:0.46168672904124786
C_PIECESQUARETABLES:0.48967149454871206
C_MOBILITY:0.4988337023131878
C_KINGSAFETY:0.5614681173104167
C_PAWNSTRUCTURE:0.4831434779602916
C_PIECECOORDINATION:0.5540839393060848
C_ROOKANDPAWNMOVEMENT:0.5540839393060848
C_CENTERCONTROL:0.47206642412696714
C_DEVELOPPIECES:0.517913896226978
C_MATERIAL:0.4802199518946986
