ELO:998
CE_PASSEDPAWNS:0.5002209518332454
CE_PAWNWEAKNESSES:0.5130436732350965
CE_PIECEACTIVITY:0.4965377833941488
CE_KINGPAWNSHIELD:0.5
CE_PIECECOORDINATION:0.5047254241174226
CE_MATERIAL:0.48927157521287773
CE_KINGSAFETY:0.5202897407960407
C_PIECESQUARETABLES:0.5095178661552839
C_MOBILITY:0.5075974299249337
C_KINGSAFETY:0.496975713589734
C_PAWNSTRUCTURE:0.48907270953513
C_PIECECOORDINATION:0.5
C_ROOKANDPAWNMOVEMENT:0.5
C_CENTERCONTROL:0.5064642806733222
C_DEVELOPPIECES:0.5060054092866128
C_MATERIAL:0.5040700891963306
C_MOVECOUNT:0.5
