ELO:971
CE_PASSEDPAWNS:0.4557512220665861
CE_PAWNWEAKNESSES:0.46433238168064306
CE_PIECEACTIVITY:0.545299482662492
CE_KINGPAWNSHIELD:0.549449343810779
CE_PIECECOORDINATION:0.5835670464142806
CE_MATERIAL:0.5221144216989012
CE_KINGSAFETY:0.5189054489622992
C_PIECESQUARETABLES:0.46303177800565143
C_MOBILITY:0.5000769688511962
C_KINGSAFETY:0.4739761206226142
C_PAWNSTRUCTURE:0.5265260393632631
C_PIECECOORDINATION:0.44060898615821464
C_ROOKANDPAWNMOVEMENT:0.44060898615821464
C_CENTERCONTROL:0.5038173870775915
C_DEVELOPPIECES:0.3991207572705076
C_MATERIAL:0.43334917107159193
