ELO:1013
CE_PASSEDPAWNS:0.5049545957359637
CE_PAWNWEAKNESSES:0.5
CE_PIECEACTIVITY:0.5052771341839453
CE_KINGPAWNSHIELD:0.5
CE_PIECECOORDINATION:0.5020163436059513
CE_MATERIAL:0.5
CE_KINGSAFETY:0.49712117802676026
C_PIECESQUARETABLES:0.5
C_MOBILITY:0.4977967223912186
C_KINGSAFETY:0.5277422527022453
C_PAWNSTRUCTURE:0.5212853644660932
C_PIECECOORDINATION:0.49629391621411956
C_ROOKANDPAWNMOVEMENT:0.49629391621411956
C_CENTERCONTROL:0.49664487737751556
C_DEVELOPPIECES:0.5
C_MATERIAL:0.5188068525152099
C_MOVECOUNT:0.5258305391434639
