ELO:961
CE_PASSEDPAWNS:0.5024215153350187
CE_PAWNWEAKNESSES:0.49375140209013596
CE_PIECEACTIVITY:0.49795768014042635
CE_KINGPAWNSHIELD:0.4991632262258986
CE_PIECECOORDINATION:0.5
CE_MATERIAL:0.5
CE_KINGSAFETY:0.5
C_PIECESQUARETABLES:0.5
C_MOBILITY:0.5
C_KINGSAFETY:0.49571508010431686
C_PAWNSTRUCTURE:0.5051600780739468
C_PIECECOORDINATION:0.5
C_ROOKANDPAWNMOVEMENT:0.5
C_CENTERCONTROL:0.44393987555784603
C_DEVELOPPIECES:0.4903678475796301
C_MATERIAL:0.4974278494195614
C_MOVECOUNT:0.5
