ELO:989
CE_PASSEDPAWNS:0.3641581681628902
CE_PAWNWEAKNESSES:0.5086530027826172
CE_PIECEACTIVITY:0.5506554920055121
CE_KINGPAWNSHIELD:0.47861624309419026
CE_PIECECOORDINATION:0.4849644465200333
CE_MATERIAL:0.5125313430690898
CE_KINGSAFETY:0.4942881610582674
C_PIECESQUARETABLES:0.5106956142638264
C_MOBILITY:0.49630245930891387
C_KINGSAFETY:0.5416698479613611
C_PAWNSTRUCTURE:0.32659486032772983
C_PIECECOORDINATION:0.43629804044600395
C_ROOKANDPAWNMOVEMENT:0.43629804044600395
C_CENTERCONTROL:0.35488331713916
C_DEVELOPPIECES:0.5038487586799334
C_MATERIAL:0.6828983766046607
