ELO:983
CE_PASSEDPAWNS:0.4785656459850612
CE_PAWNWEAKNESSES:0.4648730494550857
CE_PIECEACTIVITY:0.5308862030961841
CE_KINGPAWNSHIELD:0.5441189487757926
CE_PIECECOORDINATION:0.5636142213905299
CE_MATERIAL:0.5319644984814371
CE_KINGSAFETY:0.5101243803098335
C_PIECESQUARETABLES:0.47988138379367473
C_MOBILITY:0.4994499245354616
C_KINGSAFETY:0.45033505078885266
C_PAWNSTRUCTURE:0.5177565131399086
C_PIECECOORDINATION:0.4391848096229855
C_ROOKANDPAWNMOVEMENT:0.4391848096229855
C_CENTERCONTROL:0.511989490912282
C_DEVELOPPIECES:0.41950634897347794
C_MATERIAL:0.43836079601300565
