ELO:949
CE_PASSEDPAWNS:0.4466539809564785
CE_PAWNWEAKNESSES:0.4667363575846275
CE_PIECEACTIVITY:0.5814898499879378
CE_KINGPAWNSHIELD:0.5506824671429535
CE_PIECECOORDINATION:0.5933204724128914
CE_MATERIAL:0.521444202128079
CE_KINGSAFETY:0.5066972142694911
C_PIECESQUARETABLES:0.5207822193674162
C_MOBILITY:0.4806647978674352
C_KINGSAFETY:0.5012685853150302
C_PAWNSTRUCTURE:0.5587836067899898
C_PIECECOORDINATION:0.43651094534326684
C_ROOKANDPAWNMOVEMENT:0.43651094534326684
C_CENTERCONTROL:0.47115109522182247
C_DEVELOPPIECES:0.4727329851389948
C_MATERIAL:0.4141166481438523
