ELO:987
CE_PASSEDPAWNS:0.5122013041987173
CE_PAWNWEAKNESSES:0.4966276955379332
CE_PIECEACTIVITY:0.5012156433541203
CE_KINGPAWNSHIELD:0.506079407229839
CE_PIECECOORDINATION:0.5012260369878805
CE_MATERIAL:0.5
CE_KINGSAFETY:0.5
C_PIECESQUARETABLES:0.5
C_MOBILITY:0.4806647486710424
C_KINGSAFETY:0.49876822731002296
C_PAWNSTRUCTURE:0.5113236285593837
C_PIECECOORDINATION:0.49508233879618607
C_ROOKANDPAWNMOVEMENT:0.49508233879618607
C_CENTERCONTROL:0.5018163528179863
C_DEVELOPPIECES:0.5
C_MATERIAL:0.5020245825946672
C_MOVECOUNT:0.5093986677256387
