ELO:962
CE_PASSEDPAWNS:0.4539914060429141
CE_PAWNWEAKNESSES:0.48694790559118545
CE_PIECEACTIVITY:0.4824601042850726
CE_KINGPAWNSHIELD:0.4873351869572695
CE_PIECECOORDINATION:0.5137472879921727
CE_MATERIAL:0.5157544050073825
CE_KINGSAFETY:0.485496632331237
C_PIECESQUARETABLES:0.49450009662397526
C_MOBILITY:0.4820257056849067
C_KINGSAFETY:0.4708969837932234
C_PAWNSTRUCTURE:0.48204866167567983
C_PIECECOORDINATION:0.46060014734324656
C_ROOK:0.5107389925047027
CE_ROOK:0.4816056710992432
C_CENTERCONTROL:0.47733166265974075
C_DEVELOPPIECES:0.505950196481668
C_MATERIAL:0.4775102242241021
C_MOVECOUNT:0.5171654933896769
C_PAWNMOVEMENT:0.5234691116760933
