ELO:925
CE_PASSEDPAWNS:0.5083844957806815
CE_PAWNWEAKNESSES:0.454566378581082
CE_PIECEACTIVITY:0.5087018518427098
CE_KINGPAWNSHIELD:0.479200007220166
CE_PIECECOORDINATION:0.5052174163486124
CE_MATERIAL:0.5184582977298391
CE_KINGSAFETY:0.49859482500538627
C_PIECESQUARETABLES:0.5032283692492153
C_MOBILITY:0.5383778901957766
C_KINGSAFETY:0.5122694938352989
C_PAWNSTRUCTURE:0.4696547874197292
C_PIECECOORDINATION:0.4534004653589222
C_ROOKANDPAWNMOVEMENT:0.4534004653589222
C_CENTERCONTROL:0.4969427261035462
C_DEVELOPPIECES:0.46566447713886944
C_MATERIAL:0.5388210059851263
C_MOVECOUNT:0.5
