ELO:892
CE_PASSEDPAWNS:0.4485647709225407
CE_PAWNWEAKNESSES:0.5149699717725024
CE_PIECEACTIVITY:0.4809074021333141
CE_KINGPAWNSHIELD:0.4905332736859552
CE_PIECECOORDINATION:0.4837451410863688
CE_MATERIAL:0.5291382380926403
CE_KINGSAFETY:0.4926634244814107
C_PIECESQUARETABLES:0.5082496211217189
C_MOBILITY:0.496942428301484
C_KINGSAFETY:0.449555538477314
C_PAWNSTRUCTURE:0.4825588436124941
C_PIECECOORDINATION:0.4742714801668098
C_ROOK:0.5163627841131092
CE_ROOK:0.5007596167038407
C_CENTERCONTROL:0.4688483282963995
C_DEVELOPPIECES:0.5036391651432323
C_MATERIAL:0.4761154309086398
C_MOVECOUNT:0.5456289837895656
C_PAWNMOVEMENT:0.5469931002639653
