ELO:934
CE_PASSEDPAWNS:0.46030603780574436
CE_PAWNWEAKNESSES:0.4719076346915975
CE_PIECEACTIVITY:0.49463169952095476
CE_KINGPAWNSHIELD:0.4802687769182481
CE_PIECECOORDINATION:0.5075814773974255
CE_MATERIAL:0.5157544050073825
CE_KINGSAFETY:0.5
C_PIECESQUARETABLES:0.49294136274185824
C_MOBILITY:0.48587687675932034
C_KINGSAFETY:0.49740766608327963
C_PAWNSTRUCTURE:0.47325124294518267
C_PIECECOORDINATION:0.46997920893744893
C_ROOK:0.5045712918172636
CE_ROOK:0.47231416665164777
C_CENTERCONTROL:0.4987228367501586
C_DEVELOPPIECES:0.4920641722930156
C_MATERIAL:0.4741182278815239
C_MOVECOUNT:0.5208475524877957
C_PAWNMOVEMENT:0.5162130142445644
