ELO:933
CE_PASSEDPAWNS:0.4283884513106409
CE_PAWNWEAKNESSES:0.5195308490734464
CE_PIECEACTIVITY:0.4898438184104042
CE_KINGPAWNSHIELD:0.48359566979575097
CE_PIECECOORDINATION:0.48172138985291635
CE_MATERIAL:0.5178190163865045
CE_KINGSAFETY:0.5
C_PIECESQUARETABLES:0.5
C_MOBILITY:0.5058658874284055
C_KINGSAFETY:0.41974899254645764
C_PAWNSTRUCTURE:0.5018083655915678
C_PIECECOORDINATION:0.47536241539640267
C_ROOK:0.5126891908640874
CE_ROOK:0.5324154322227602
C_CENTERCONTROL:0.4514395684798793
C_DEVELOPPIECES:0.49895597667939967
C_MATERIAL:0.48988675402578113
C_MOVECOUNT:0.5629267320783086
C_PAWNMOVEMENT:0.5356031084927417
