ELO:824
CE_PASSEDPAWNS:0.551742125214431
CE_PAWNWEAKNESSES:0.3764449041299178
CE_PIECEACTIVITY:0.41443325929431396
CE_KINGPAWNSHIELD:0.5988134239160736
CE_PIECECOORDINATION:0.5529953424927827
CE_MATERIAL:0.48488698573180544
CE_KINGSAFETY:0.5006321937456748
C_PIECESQUARETABLES:0.5386027880981771
C_MOBILITY:0.4874282217207329
C_KINGSAFETY:0.44376012103030726
C_PAWNSTRUCTURE:0.5389710881673837
C_PIECECOORDINATION:0.3751165986103108
C_ROOKANDPAWNMOVEMENT:0.3751165986103108
C_CENTERCONTROL:0.442347864580371
C_DEVELOPPIECES:0.45022456384738274
C_MATERIAL:0.5768366215629287
