ELO:890
CE_PASSEDPAWNS:0.4629065020277373
CE_PAWNWEAKNESSES:0.5331082088572033
CE_PIECEACTIVITY:0.46436763911775936
CE_KINGPAWNSHIELD:0.440206109688466
CE_PIECECOORDINATION:0.44226584445943484
CE_MATERIAL:0.5182242623766793
CE_KINGSAFETY:0.5204627739523262
C_PIECESQUARETABLES:0.48148540798635325
C_MOBILITY:0.49939573751562394
C_KINGSAFETY:0.519352857160475
C_PAWNSTRUCTURE:0.5616748754141009
C_PIECECOORDINATION:0.5039526211793665
C_ROOKANDPAWNMOVEMENT:0.5039526211793665
C_CENTERCONTROL:0.5076607196726665
C_DEVELOPPIECES:0.4520986085111972
C_MATERIAL:0.5168200339056015
