ELO:989
CE_PASSEDPAWNS:0.36051547854867116
CE_PAWNWEAKNESSES:0.5084202117413795
CE_PIECEACTIVITY:0.5594978002495871
CE_KINGPAWNSHIELD:0.47861624309419026
CE_PIECECOORDINATION:0.46544225017118723
CE_MATERIAL:0.5163843008522732
CE_KINGSAFETY:0.49793504755231455
C_PIECESQUARETABLES:0.5087762108583936
C_MOBILITY:0.5152945966223746
C_KINGSAFETY:0.5416698479613611
C_PAWNSTRUCTURE:0.335003402899846
C_PIECECOORDINATION:0.43998475698287054
C_ROOKANDPAWNMOVEMENT:0.43998475698287054
C_CENTERCONTROL:0.35488331713916
C_DEVELOPPIECES:0.48805381114399266
C_MATERIAL:0.6769568455485256
