ELO:977
CE_PASSEDPAWNS:0.5
CE_PAWNWEAKNESSES:0.5054235974560789
CE_PIECEACTIVITY:0.5033950908044756
CE_KINGPAWNSHIELD:0.543090173100202
CE_PIECECOORDINATION:0.4952903493179813
CE_MATERIAL:0.510623774992548
CE_KINGSAFETY:0.5028673609219093
C_PIECESQUARETABLES:0.4914312226582193
C_MOBILITY:0.4997958112620809
C_KINGSAFETY:0.5
C_PAWNSTRUCTURE:0.4874935965985898
C_PIECECOORDINATION:0.48046042480863094
C_ROOKANDPAWNMOVEMENT:0.48046042480863094
C_CENTERCONTROL:0.4960068067625436
C_DEVELOPPIECES:0.5168372380192394
C_MATERIAL:0.5077586365850835
C_MOVECOUNT:0.5
