ELO:964
CE_PASSEDPAWNS:0.46637235729036725
CE_PAWNWEAKNESSES:0.47815461356120886
CE_PIECEACTIVITY:0.4827008176967633
CE_KINGPAWNSHIELD:0.4832277560250051
CE_PIECECOORDINATION:0.498529553273276
CE_MATERIAL:0.5157544050073825
CE_KINGSAFETY:0.5038952330712064
C_PIECESQUARETABLES:0.49516012486123706
C_MOBILITY:0.4762304890296287
C_KINGSAFETY:0.4801760767360916
C_PAWNSTRUCTURE:0.47528454235553785
C_PIECECOORDINATION:0.4633326804853475
C_ROOK:0.5045712918172636
CE_ROOK:0.48435468229666184
C_CENTERCONTROL:0.4987228367501586
C_DEVELOPPIECES:0.5034878545150221
C_MATERIAL:0.464058408936558
C_MOVECOUNT:0.5212235869080815
C_PAWNMOVEMENT:0.5165555474452798
