ELO:985
CE_PASSEDPAWNS:0.5202360587139495
CE_PAWNWEAKNESSES:0.5
CE_PIECEACTIVITY:0.5078810602136254
CE_KINGPAWNSHIELD:0.5094794592087837
CE_PIECECOORDINATION:0.49177578982654724
CE_MATERIAL:0.4821382000065215
CE_KINGSAFETY:0.4610887506187872
C_PIECESQUARETABLES:0.520226935466101
C_MOBILITY:0.5133145829967068
C_KINGSAFETY:0.5008301793451808
C_PAWNSTRUCTURE:0.5053503291859947
C_PIECECOORDINATION:0.4999135212724981
C_ROOKANDPAWNMOVEMENT:0.4999135212724981
C_CENTERCONTROL:0.5100343142215618
C_DEVELOPPIECES:0.4958884624540725
C_MATERIAL:0.49994204284001276
