ELO:1023
CE_PASSEDPAWNS:0.5
CE_PAWNWEAKNESSES:0.5015034553553366
CE_PIECEACTIVITY:0.5
CE_KINGPAWNSHIELD:0.5
CE_PIECECOORDINATION:0.5119560340737345
CE_MATERIAL:0.5
CE_KINGSAFETY:0.5
C_PIECESQUARETABLES:0.5
C_MOBILITY:0.5
C_KINGSAFETY:0.49155610782359416
C_PAWNSTRUCTURE:0.5055559918393242
C_PIECECOORDINATION:0.4878341006350522
C_ROOKANDPAWNMOVEMENT:0.4878341006350522
C_CENTERCONTROL:0.4911959684431337
C_DEVELOPPIECES:0.5057049985367105
C_MATERIAL:0.49804074591500386
C_MOVECOUNT:0.5
