ELO:1008
CE_PASSEDPAWNS:0.486510525650011
CE_PAWNWEAKNESSES:0.5
CE_PIECEACTIVITY:0.5
CE_KINGPAWNSHIELD:0.5093988562644601
CE_PIECECOORDINATION:0.5050675501092798
CE_MATERIAL:0.480601038052217
CE_KINGSAFETY:0.5062924458168747
C_PIECESQUARETABLES:0.5157741559797728
C_MOBILITY:0.490177059902435
C_KINGSAFETY:0.5
C_PAWNSTRUCTURE:0.4956993625714729
C_PIECECOORDINATION:0.4824765649907048
C_ROOKANDPAWNMOVEMENT:0.4824765649907048
C_CENTERCONTROL:0.4998597014422719
C_DEVELOPPIECES:0.5054953631825763
C_MATERIAL:0.5121863593763867
