ELO:1000
CE_PASSEDPAWNS:0.4882006556537286
CE_PAWNWEAKNESSES:0.4885400695534301
CE_PIECEACTIVITY:0.5074859556726983
CE_KINGPAWNSHIELD:0.4973714709484499
CE_PIECECOORDINATION:0.47608204166323487
CE_MATERIAL:0.5129524079052965
CE_KINGSAFETY:0.5185171569499682
C_PIECESQUARETABLES:0.48579841003138985
C_MOBILITY:0.4881936042045734
C_KINGSAFETY:0.49134121638313294
C_PAWNSTRUCTURE:0.4881156888418299
C_PIECECOORDINATION:0.5240369155413305
C_ROOKANDPAWNMOVEMENT:0.5240369155413305
C_CENTERCONTROL:0.504944975419972
C_DEVELOPPIECES:0.4460197267128852
C_MATERIAL:0.5085584773761737
