ELO:1000
CE_PASSEDPAWNS:0.4979735981339856
CE_PAWNWEAKNESSES:0.5062608093334167
CE_PIECEACTIVITY:0.49636339972996335
CE_KINGPAWNSHIELD:0.50179623985537
CE_PIECECOORDINATION:0.5021329305366677
CE_MATERIAL:0.4947726451069183
CE_KINGSAFETY:0.5036557123631255
C_PIECESQUARETABLES:0.5069799058446112
C_MOBILITY:0.5021161006120554
C_KINGSAFETY:0.49161304153821717
C_PAWNSTRUCTURE:0.482550419632916
C_PIECECOORDINATION:0.508886092850182
C_ROOKANDPAWNMOVEMENT:0.508886092850182
C_CENTERCONTROL:0.5018694687485437
C_DEVELOPPIECES:0.4932598169723356
C_MATERIAL:0.5106289047137827
