ELO:876
CE_PASSEDPAWNS:0.4357073566033183
CE_PAWNWEAKNESSES:0.546433681869373
CE_PIECEACTIVITY:0.4924189064233904
CE_KINGPAWNSHIELD:0.406828156223026
CE_PIECECOORDINATION:0.43936963094031234
CE_MATERIAL:0.5377906997058515
CE_KINGSAFETY:0.5116227680521429
C_PIECESQUARETABLES:0.4963747240177419
C_MOBILITY:0.4838116405292053
C_KINGSAFETY:0.5144335987891839
C_PAWNSTRUCTURE:0.5741570950520276
C_PIECECOORDINATION:0.5001657050576002
C_ROOKANDPAWNMOVEMENT:0.5001657050576002
C_CENTERCONTROL:0.5068938307491422
C_DEVELOPPIECES:0.44831282603467904
C_MATERIAL:0.5242107836174629
