ELO:922
CE_PASSEDPAWNS:0.4942328585612471
CE_PAWNWEAKNESSES:0.49063216017173145
CE_PIECEACTIVITY:0.4443292819180529
CE_KINGPAWNSHIELD:0.562166916428345
CE_PIECECOORDINATION:0.5440403761729008
CE_MATERIAL:0.5142263514818023
CE_KINGSAFETY:0.5083162937739973
C_PIECESQUARETABLES:0.5139001233480784
C_MOBILITY:0.5030100421931275
C_KINGSAFETY:0.4913281980107368
C_PAWNSTRUCTURE:0.5133121919377005
C_PIECECOORDINATION:0.500556317630122
C_ROOKANDPAWNMOVEMENT:0.500556317630122
C_CENTERCONTROL:0.4864842215473375
C_DEVELOPPIECES:0.4566841087927751
C_MATERIAL:0.48997621199067715
C_MOVECOUNT:0.5
