ELO:1000
CE_PASSEDPAWNS:0.47605618426169477
CE_PAWNWEAKNESSES:0.5095965685666297
CE_PIECEACTIVITY:0.500692421906562
CE_KINGPAWNSHIELD:0.5120025974142518
CE_PIECECOORDINATION:0.48945922664797964
CE_MATERIAL:0.5002073921472073
CE_KINGSAFETY:0.5307673685840519
C_PIECESQUARETABLES:0.5017031422086331
C_MOBILITY:0.4790264316581068
C_KINGSAFETY:0.5110254076496651
C_PAWNSTRUCTURE:0.5049606109226772
C_PIECECOORDINATION:0.5395225623265815
C_ROOKANDPAWNMOVEMENT:0.5395225623265815
C_CENTERCONTROL:0.478729885362588
C_DEVELOPPIECES:0.44156289147304134
C_MATERIAL:0.5106940624242038
