ELO:959
CE_PASSEDPAWNS:0.4258249255034489
CE_PAWNWEAKNESSES:0.497444295460396
CE_PIECEACTIVITY:0.5058597384032731
CE_KINGPAWNSHIELD:0.485352809692884
CE_PIECECOORDINATION:0.4533776861899904
CE_MATERIAL:0.4430206568210109
CE_KINGSAFETY:0.44692688241443423
C_PIECESQUARETABLES:0.5797147572285127
C_MOBILITY:0.5629694667719077
C_KINGSAFETY:0.46664525085301845
C_PAWNSTRUCTURE:0.4567420219574021
C_PIECECOORDINATION:0.551581982956406
C_ROOKANDPAWNMOVEMENT:0.551581982956406
C_CENTERCONTROL:0.4750780784105352
C_DEVELOPPIECES:0.41553934396542386
C_MATERIAL:0.4885817840568244
