ELO:956
CE_PASSEDPAWNS:0.49034841120413636
CE_PAWNWEAKNESSES:0.49591294352506793
CE_PIECEACTIVITY:0.5085478198202081
CE_KINGPAWNSHIELD:0.49027608190651156
CE_PIECECOORDINATION:0.49961687333839405
CE_MATERIAL:0.5172433878841598
CE_KINGSAFETY:0.5
C_PIECESQUARETABLES:0.4968700120365051
C_MOBILITY:0.5094191182807611
C_KINGSAFETY:0.5254635254581503
C_PAWNSTRUCTURE:0.4759329766764809
C_PIECECOORDINATION:0.5083670641515667
C_ROOKANDPAWNMOVEMENT:0.5083670641515667
C_CENTERCONTROL:0.5089212985122991
C_DEVELOPPIECES:0.4914335163312747
C_MATERIAL:0.49777262782864384
C_MOVECOUNT:0.505532967973634
