ELO:866
CE_PASSEDPAWNS:0.41767716531896953
CE_PAWNWEAKNESSES:0.5130571416953568
CE_PIECEACTIVITY:0.4740078482311894
CE_KINGPAWNSHIELD:0.48707074571918213
CE_PIECECOORDINATION:0.5359879305877632
CE_MATERIAL:0.5059138953679724
CE_KINGSAFETY:0.5
C_PIECESQUARETABLES:0.5231105123621211
C_MOBILITY:0.508336455070512
C_KINGSAFETY:0.5270969563688683
C_PAWNSTRUCTURE:0.5725634036033274
C_PIECECOORDINATION:0.5078917130221103
C_ROOKANDPAWNMOVEMENT:0.5078917130221103
C_CENTERCONTROL:0.4786515411120672
C_DEVELOPPIECES:0.5167504656915132
C_MATERIAL:0.47515543775667013
C_MOVECOUNT:0.5
