ELO:1014
CE_PASSEDPAWNS:0.5101918637393328
CE_PAWNWEAKNESSES:0.49519779712999273
CE_PIECEACTIVITY:0.4910859468162683
CE_KINGPAWNSHIELD:0.5193063438317401
CE_PIECECOORDINATION:0.5099862208455264
CE_MATERIAL:0.48426420079647864
CE_KINGSAFETY:0.5
C_PIECESQUARETABLES:0.5
C_MOBILITY:0.5044398572706221
C_KINGSAFETY:0.5154947016018071
C_PAWNSTRUCTURE:0.5
C_PIECECOORDINATION:0.5124269745948176
C_ROOK:0.47111450233252583
CE_ROOK:0.4942618233668955
C_CENTERCONTROL:0.47972147466404774
C_DEVELOPPIECES:0.48690828749522186
C_MATERIAL:0.5
C_MOVECOUNT:0.4920436050819054
C_PAWNMOVEMENT:0.5298283629678308
