ELO:1016
CE_PASSEDPAWNS:0.4632553827494533
CE_PAWNWEAKNESSES:0.5070842024604231
CE_PIECEACTIVITY:0.45410698162088436
CE_KINGPAWNSHIELD:0.4916820697650932
CE_PIECECOORDINATION:0.49090611855349686
CE_MATERIAL:0.4939458398004939
CE_KINGSAFETY:0.5
C_PIECESQUARETABLES:0.5
C_MOBILITY:0.5193443550852914
C_KINGSAFETY:0.48783519659163055
C_PAWNSTRUCTURE:0.5084033372933106
C_PIECECOORDINATION:0.53854140304175
C_ROOK:0.5439003054242
CE_ROOK:0.5211191153185273
C_CENTERCONTROL:0.48196652240394794
C_DEVELOPPIECES:0.5284044370215044
C_MATERIAL:0.49971356348930207
C_MOVECOUNT:0.4923646067896574
C_PAWNMOVEMENT:0.4870259075401598
