ELO:1029
CE_PASSEDPAWNS:0.5140372531184866
CE_PAWNWEAKNESSES:0.5144282406224909
CE_PIECEACTIVITY:0.5043163409532182
CE_KINGPAWNSHIELD:0.49593712777323334
CE_PIECECOORDINATION:0.519357377125772
CE_MATERIAL:0.5
CE_KINGSAFETY:0.5
C_PIECESQUARETABLES:0.5
C_MOBILITY:0.497576774702515
C_KINGSAFETY:0.4540954444205863
C_PAWNSTRUCTURE:0.4944988609796438
C_PIECECOORDINATION:0.5128868997623572
C_ROOK:0.5512659675206475
CE_ROOK:0.48499253174775464
C_CENTERCONTROL:0.5113686412302165
C_DEVELOPPIECES:0.4761905785399772
C_MATERIAL:0.5252441272845891
C_MOVECOUNT:0.48773281876751046
C_PAWNMOVEMENT:0.48312005244132805
