ELO:882
CE_PASSEDPAWNS:0.47801788609813506
CE_PAWNWEAKNESSES:0.4743113161619995
CE_PIECEACTIVITY:0.47726453070385433
CE_KINGPAWNSHIELD:0.5100469368678702
CE_PIECECOORDINATION:0.5158869996987305
CE_MATERIAL:0.4727027851205316
CE_KINGSAFETY:0.5017497969724944
C_PIECESQUARETABLES:0.47547405685870797
C_MOBILITY:0.499570970677156
C_KINGSAFETY:0.5054259249077803
C_PAWNSTRUCTURE:0.5488738775790502
C_PIECECOORDINATION:0.520984445780061
C_ROOKANDPAWNMOVEMENT:0.520984445780061
C_CENTERCONTROL:0.5085796820855797
C_DEVELOPPIECES:0.5106165329831307
C_MATERIAL:0.5231182612205844
