ELO:1000
CE_PASSEDPAWNS:0.4879875000166103
CE_PAWNWEAKNESSES:0.5056019772622908
CE_PIECEACTIVITY:0.49172881976504934
CE_KINGPAWNSHIELD:0.5040822836216701
CE_PIECECOORDINATION:0.4990274050658716
CE_MATERIAL:0.49038110246217326
CE_KINGSAFETY:0.49008623994962514
C_PIECESQUARETABLES:0.5128638265752284
C_MOBILITY:0.4837156601626769
C_KINGSAFETY:0.5116213700896849
C_PAWNSTRUCTURE:0.514155744492028
C_PIECECOORDINATION:0.49466912016669856
C_ROOKANDPAWNMOVEMENT:0.49466912016669856
C_CENTERCONTROL:0.484346159839263
C_DEVELOPPIECES:0.5074641652465911
C_MATERIAL:0.4979729916183566
