ELO:958
CE_PASSEDPAWNS:0.4795554892756565
CE_PAWNWEAKNESSES:0.4780189265629676
CE_PIECEACTIVITY:0.4859204307929158
CE_KINGPAWNSHIELD:0.5044245457786869
CE_PIECECOORDINATION:0.49730966900716117
CE_MATERIAL:0.4905537023165248
CE_KINGSAFETY:0.5111878325282652
C_PIECESQUARETABLES:0.47972088845600797
C_MOBILITY:0.4966766078418844
C_KINGSAFETY:0.5044489811492909
C_PAWNSTRUCTURE:0.5433367432748784
C_PIECECOORDINATION:0.5197718341523865
C_ROOKANDPAWNMOVEMENT:0.5197718341523865
C_CENTERCONTROL:0.5005980069006347
C_DEVELOPPIECES:0.5106165329831307
C_MATERIAL:0.5125762597592106
