ELO:1023
CE_PASSEDPAWNS:0.5305904975330347
CE_PAWNWEAKNESSES:0.5033454892594479
CE_PIECEACTIVITY:0.5116046402440652
CE_KINGPAWNSHIELD:0.4731053906566993
CE_PIECECOORDINATION:0.49090611855349686
CE_MATERIAL:0.5051880877524377
CE_KINGSAFETY:0.5
C_PIECESQUARETABLES:0.5
C_MOBILITY:0.48183786080962987
C_KINGSAFETY:0.46402129971210204
C_PAWNSTRUCTURE:0.5201564779106247
C_PIECECOORDINATION:0.529637749746427
C_ROOK:0.482050619793673
CE_ROOK:0.5021450198159964
C_CENTERCONTROL:0.5
C_DEVELOPPIECES:0.4827476482380969
C_MATERIAL:0.47294475406579567
C_MOVECOUNT:0.5041077650228579
C_PAWNMOVEMENT:0.48722053629913553
