ELO:1064
CE_PASSEDPAWNS:0.6139318694732055
CE_PAWNWEAKNESSES:0.4808355653421083
CE_PIECEACTIVITY:0.5632836003016095
CE_KINGPAWNSHIELD:0.4381931228246816
CE_PIECECOORDINATION:0.5651675170017385
CE_MATERIAL:0.3963786524687434
CE_KINGSAFETY:0.5
C_PIECESQUARETABLES:0.4907755956034702
C_MOBILITY:0.525186667759408
C_KINGSAFETY:0.6601616234950327
C_PAWNSTRUCTURE:0.39760018893738586
C_PIECECOORDINATION:0.47765246536420336
C_ROOKANDPAWNMOVEMENT:0.47765246536420336
C_CENTERCONTROL:0.5844687501600963
C_DEVELOPPIECES:0.5790458203961015
C_MATERIAL:0.3972538532856902
