ELO:989
CE_PASSEDPAWNS:0.36213728210159274
CE_PAWNWEAKNESSES:0.5086530027826172
CE_PIECEACTIVITY:0.5602734682289932
CE_KINGPAWNSHIELD:0.4737722369252453
CE_PIECECOORDINATION:0.4678941767699799
CE_MATERIAL:0.5112382276891869
CE_KINGSAFETY:0.4878721471831025
C_PIECESQUARETABLES:0.5
C_MOBILITY:0.4903673306035184
C_KINGSAFETY:0.5565638249198532
C_PAWNSTRUCTURE:0.32659486032772983
C_PIECECOORDINATION:0.4400007528981785
C_ROOKANDPAWNMOVEMENT:0.4400007528981785
C_CENTERCONTROL:0.37291777858019554
C_DEVELOPPIECES:0.4840106697297532
C_MATERIAL:0.6746820793588695
