ELO:931
CE_PASSEDPAWNS:0.5236072633357208
CE_PAWNWEAKNESSES:0.5393369416864605
CE_PIECEACTIVITY:0.42827825964029337
CE_KINGPAWNSHIELD:0.47737033854980726
CE_PIECECOORDINATION:0.4937289621361738
CE_MATERIAL:0.5493201614360559
CE_KINGSAFETY:0.5158344351073479
C_PIECESQUARETABLES:0.49490984148517964
C_MOBILITY:0.4597479023674183
C_KINGSAFETY:0.4594829765428964
C_PAWNSTRUCTURE:0.5122062287426391
C_PIECECOORDINATION:0.4113447304055485
C_ROOKANDPAWNMOVEMENT:0.4113447304055485
C_CENTERCONTROL:0.5651434157954452
C_DEVELOPPIECES:0.4539671032700808
C_MATERIAL:0.4959736530222851
