ELO:947
CE_PASSEDPAWNS:0.5259441853190967
CE_PAWNWEAKNESSES:0.5129781398500056
CE_PIECEACTIVITY:0.5120497510077455
CE_KINGPAWNSHIELD:0.5121876133441035
CE_PIECECOORDINATION:0.5092447525655286
CE_MATERIAL:0.49785857923559296
CE_KINGSAFETY:0.49553551578448235
C_PIECESQUARETABLES:0.5067921383853331
C_MOBILITY:0.4765064088719556
C_KINGSAFETY:0.5206086130753379
C_PAWNSTRUCTURE:0.5031686698004486
C_PIECECOORDINATION:0.5
C_ROOKANDPAWNMOVEMENT:0.5
C_CENTERCONTROL:0.45752335215861395
C_DEVELOPPIECES:0.5114243839951568
C_MATERIAL:0.5132047946391627
C_MOVECOUNT:0.5
