ELO:1000
CE_PASSEDPAWNS:0.49000134560767394
CE_PAWNWEAKNESSES:0.5
CE_PIECEACTIVITY:0.5
CE_KINGPAWNSHIELD:0.5
CE_PIECECOORDINATION:0.5
CE_MATERIAL:0.49691021150220743
CE_KINGSAFETY:0.5
C_PIECESQUARETABLES:0.4969556647705424
C_MOBILITY:0.5
C_KINGSAFETY:0.49063802981992777
C_PAWNSTRUCTURE:0.5
C_PIECECOORDINATION:0.5
C_ROOKANDPAWNMOVEMENT:0.5
C_CENTERCONTROL:0.5
C_DEVELOPPIECES:0.5
C_MATERIAL:0.5
C_MOVECOUNT:0.5
