ELO:838
CE_PASSEDPAWNS:0.44639747640262917
CE_PAWNWEAKNESSES:0.41619983187994475
CE_PIECEACTIVITY:0.46443197349504206
CE_KINGPAWNSHIELD:0.4834887154699393
CE_PIECECOORDINATION:0.5009220643244031
CE_MATERIAL:0.5159211537434899
CE_KINGSAFETY:0.5030219276108963
C_PIECESQUARETABLES:0.5
C_MOBILITY:0.4890908232939995
C_KINGSAFETY:0.5315994383087994
C_PAWNSTRUCTURE:0.5103257169953962
C_PIECECOORDINATION:0.5185831459827874
C_ROOKANDPAWNMOVEMENT:0.5185831459827874
C_CENTERCONTROL:0.49212011445330944
C_DEVELOPPIECES:0.4683701385998413
C_MATERIAL:0.5044014046844406
C_MOVECOUNT:0.5
