ELO:1047
CE_PASSEDPAWNS:0.5
CE_PAWNWEAKNESSES:0.4951745637076463
CE_PIECEACTIVITY:0.5147738312247219
CE_KINGPAWNSHIELD:0.4927302282431317
CE_PIECECOORDINATION:0.503640349052995
CE_MATERIAL:0.5164801937928755
CE_KINGSAFETY:0.5
C_PIECESQUARETABLES:0.5
C_MOBILITY:0.48879126119455757
C_KINGSAFETY:0.499417299048897
C_PAWNSTRUCTURE:0.4801854738210639
C_PIECECOORDINATION:0.5172089695057454
C_ROOK:0.49420521844694215
CE_ROOK:0.4721512202863491
C_CENTERCONTROL:0.4918506465569542
C_DEVELOPPIECES:0.5183309945605886
C_MATERIAL:0.4797243308268542
C_MOVECOUNT:0.49241060356988176
C_PAWNMOVEMENT:0.5
