ELO:994
CE_PASSEDPAWNS:0.5394774735440221
CE_PAWNWEAKNESSES:0.49557499316652925
CE_PIECEACTIVITY:0.4614018899189949
CE_KINGPAWNSHIELD:0.4962069956048707
CE_PIECECOORDINATION:0.4899458911697487
CE_MATERIAL:0.5064277961014324
CE_KINGSAFETY:0.5207595555774945
C_PIECESQUARETABLES:0.511873171714318
C_MOBILITY:0.48675411602050467
C_KINGSAFETY:0.5066060841528152
C_PAWNSTRUCTURE:0.5073440710749264
C_PIECECOORDINATION:0.5225438304219443
C_ROOK:0.5156706259723876
CE_ROOK:0.5206652924556983
C_CENTERCONTROL:0.4878842586250964
C_DEVELOPPIECES:0.49895011866897504
C_MATERIAL:0.47554525538549514
C_MOVECOUNT:0.4832928511850058
C_PAWNMOVEMENT:0.4937109048200431
