ELO:1088
CE_PASSEDPAWNS:0.6160901673395772
CE_PAWNWEAKNESSES:0.5246277001999134
CE_PIECEACTIVITY:0.45303124330946554
CE_KINGPAWNSHIELD:0.4570041819876221
CE_PIECECOORDINATION:0.4919879321484415
CE_MATERIAL:0.4227470002875994
CE_KINGSAFETY:0.49779781242939514
C_PIECESQUARETABLES:0.5160709623724955
C_MOBILITY:0.4218514460601911
C_KINGSAFETY:0.5107313388205672
C_PAWNSTRUCTURE:0.3970539927929332
C_PIECECOORDINATION:0.4708108128297254
C_ROOKANDPAWNMOVEMENT:0.4708108128297254
C_CENTERCONTROL:0.5045766238385546
C_DEVELOPPIECES:0.5858273342359822
C_MATERIAL:0.42163575851789425
