ELO:1000
CE_PASSEDPAWNS:0.5225139310816864
CE_PAWNWEAKNESSES:0.4941339298957416
CE_PIECEACTIVITY:0.502135052609404
CE_KINGPAWNSHIELD:0.4863854131633565
CE_PIECECOORDINATION:0.5343184072373627
CE_MATERIAL:0.5166100100926951
CE_KINGSAFETY:0.5174031029769711
C_PIECESQUARETABLES:0.4838791358182417
C_MOBILITY:0.49077961471642384
C_KINGSAFETY:0.523523795377981
C_PAWNSTRUCTURE:0.48800159275985167
C_PIECECOORDINATION:0.47783162517895217
C_ROOKANDPAWNMOVEMENT:0.47783162517895217
C_CENTERCONTROL:0.5116201321281544
C_DEVELOPPIECES:0.4689633733847576
C_MATERIAL:0.5210600779400006
