ELO:966
CE_PASSEDPAWNS:0.45413907425712596
CE_PAWNWEAKNESSES:0.5191341286014864
CE_PIECEACTIVITY:0.5106609234775529
CE_KINGPAWNSHIELD:0.47998698902061915
CE_PIECECOORDINATION:0.4714574662361413
CE_MATERIAL:0.45744235210141887
CE_KINGSAFETY:0.4719934156984496
C_PIECESQUARETABLES:0.5585666483085082
C_MOBILITY:0.5564134799987736
C_KINGSAFETY:0.47210939517461215
C_PAWNSTRUCTURE:0.4484052308072688
C_PIECECOORDINATION:0.5583161450204227
C_ROOKANDPAWNMOVEMENT:0.5583161450204227
C_CENTERCONTROL:0.5112929647897939
C_DEVELOPPIECES:0.4417483892478508
C_MATERIAL:0.5054033966174025
