ELO:793
CE_PASSEDPAWNS:0.47751079883307557
CE_PAWNWEAKNESSES:0.6318844347131652
CE_PIECEACTIVITY:0.5
CE_KINGPAWNSHIELD:0.5267119635557328
CE_PIECECOORDINATION:0.4286218608389572
CE_MATERIAL:0.403863284642747
CE_KINGSAFETY:0.5
C_PIECESQUARETABLES:0.5158868054827648
C_MOBILITY:0.5026133170640293
C_KINGSAFETY:0.5080106378607677
C_PAWNSTRUCTURE:0.45696286959525195
C_PIECECOORDINATION:0.5231544038873592
C_ROOKANDPAWNMOVEMENT:0.5231544038873592
C_CENTERCONTROL:0.486252966245348
C_DEVELOPPIECES:0.49914522744289086
C_MATERIAL:0.4584952396877787
C_MOVECOUNT:0.502500232600219
