ELO:1021
CE_PASSEDPAWNS:0.49983305858076743
CE_PAWNWEAKNESSES:0.48353463359920584
CE_PIECEACTIVITY:0.5033950908044756
CE_KINGPAWNSHIELD:0.5009581043557548
CE_PIECECOORDINATION:0.49435834764863096
CE_MATERIAL:0.4998328650420772
CE_KINGSAFETY:0.508600883991528
C_PIECESQUARETABLES:0.5101903510758277
C_MOBILITY:0.5118874223146114
C_KINGSAFETY:0.5310493350741666
C_PAWNSTRUCTURE:0.5022106920195981
C_PIECECOORDINATION:0.5097905976848707
C_ROOKANDPAWNMOVEMENT:0.5097905976848707
C_CENTERCONTROL:0.49517538542654965
C_DEVELOPPIECES:0.4890721728504396
C_MATERIAL:0.4991219072250344
C_MOVECOUNT:0.5
