ELO:853
CE_PASSEDPAWNS:0.5331934665437097
CE_PAWNWEAKNESSES:0.48444257137779306
CE_PIECEACTIVITY:0.4000160133138538
CE_KINGPAWNSHIELD:0.5379670097976053
CE_PIECECOORDINATION:0.5423730207347914
CE_MATERIAL:0.5470030936124712
CE_KINGSAFETY:0.5
C_PIECESQUARETABLES:0.5
C_MOBILITY:0.4168867660371869
C_KINGSAFETY:0.555297050099564
C_PAWNSTRUCTURE:0.48989129101699014
C_PIECECOORDINATION:0.49275241265814945
C_ROOKANDPAWNMOVEMENT:0.49275241265814945
C_CENTERCONTROL:0.43849013878852067
C_DEVELOPPIECES:0.4533990392553345
C_MATERIAL:0.512237496082557
C_MOVECOUNT:0.5082456197007382
