ELO:959
CE_PASSEDPAWNS:0.4380360245422584
CE_PAWNWEAKNESSES:0.4944345180513931
CE_PIECEACTIVITY:0.49681406761017416
CE_KINGPAWNSHIELD:0.4956018955843138
CE_PIECECOORDINATION:0.4469682294550298
CE_MATERIAL:0.4430206568210109
CE_KINGSAFETY:0.451021812345554
C_PIECESQUARETABLES:0.5718298119221125
C_MOBILITY:0.5821392180677474
C_KINGSAFETY:0.4650523736848765
C_PAWNSTRUCTURE:0.4353799315050299
C_PIECECOORDINATION:0.5677902410867233
C_ROOKANDPAWNMOVEMENT:0.5677902410867233
C_CENTERCONTROL:0.4750780784105352
C_DEVELOPPIECES:0.40985718483701317
C_MATERIAL:0.49913469332793675
