ELO:959
CE_PASSEDPAWNS:0.42878312682334246
CE_PAWNWEAKNESSES:0.4999167170593827
CE_PIECEACTIVITY:0.5170366148839185
CE_KINGPAWNSHIELD:0.485352809692884
CE_PIECECOORDINATION:0.4533776861899904
CE_MATERIAL:0.44608363371735665
CE_KINGSAFETY:0.44435127127441126
C_PIECESQUARETABLES:0.5835557659369173
C_MOBILITY:0.5652740721451757
C_KINGSAFETY:0.46867587562366103
C_PAWNSTRUCTURE:0.4379365796367064
C_PIECECOORDINATION:0.5507298356367569
C_ROOKANDPAWNMOVEMENT:0.5507298356367569
C_CENTERCONTROL:0.5143161320475121
C_DEVELOPPIECES:0.4417483892478508
C_MATERIAL:0.49341735574479534
