ELO:982
CE_PASSEDPAWNS:0.5112094249789999
CE_PAWNWEAKNESSES:0.49591294352506793
CE_PIECEACTIVITY:0.5123853321241941
CE_KINGPAWNSHIELD:0.48943485296137373
CE_PIECECOORDINATION:0.4878681157664036
CE_MATERIAL:0.515220338852074
CE_KINGSAFETY:0.4851547790202417
C_PIECESQUARETABLES:0.5062788856518317
C_MOBILITY:0.5122438496174844
C_KINGSAFETY:0.5136723520739442
C_PAWNSTRUCTURE:0.4758851552153861
C_PIECECOORDINATION:0.49955418531330503
C_ROOKANDPAWNMOVEMENT:0.49955418531330503
C_CENTERCONTROL:0.5004211740074379
C_DEVELOPPIECES:0.49015635170391897
C_MATERIAL:0.49777262782864384
C_MOVECOUNT:0.49987123222335234
