ELO:989
CE_PASSEDPAWNS:0.3641581681628902
CE_PAWNWEAKNESSES:0.5084202117413795
CE_PIECEACTIVITY:0.5506554920055121
CE_KINGPAWNSHIELD:0.4671501170423547
CE_PIECECOORDINATION:0.4622133518931042
CE_MATERIAL:0.5062860177712103
CE_KINGSAFETY:0.4878721471831025
C_PIECESQUARETABLES:0.5
C_MOBILITY:0.4938148921726565
C_KINGSAFETY:0.56721940767624
C_PAWNSTRUCTURE:0.335003402899846
C_PIECECOORDINATION:0.4455295289066636
C_ROOKANDPAWNMOVEMENT:0.4455295289066636
C_CENTERCONTROL:0.3582124653566128
C_DEVELOPPIECES:0.48463106472835726
C_MATERIAL:0.6729176666233634
