ELO:1015
CE_PASSEDPAWNS:0.49818206884866884
CE_PAWNWEAKNESSES:0.4927889234331154
CE_PIECEACTIVITY:0.49292764726055677
CE_KINGPAWNSHIELD:0.5
CE_PIECECOORDINATION:0.5119518836221792
CE_MATERIAL:0.5
CE_KINGSAFETY:0.5
C_PIECESQUARETABLES:0.5
C_MOBILITY:0.5092082284515702
C_KINGSAFETY:0.5025907764048244
C_PAWNSTRUCTURE:0.5041474676401702
C_PIECECOORDINATION:0.4685145314304399
C_ROOKANDPAWNMOVEMENT:0.4685145314304399
C_CENTERCONTROL:0.518247512626419
C_DEVELOPPIECES:0.5075902876192734
C_MATERIAL:0.5093692559880184
C_MOVECOUNT:0.51320611374024
