ELO:1096
CE_PASSEDPAWNS:0.600889145442815
CE_PAWNWEAKNESSES:0.4486756624920293
CE_PIECEACTIVITY:0.46921191204808516
CE_KINGPAWNSHIELD:0.4857777100323517
CE_PIECECOORDINATION:0.5092088468888271
CE_MATERIAL:0.45861469742721206
CE_KINGSAFETY:0.5
C_PIECESQUARETABLES:0.5
C_MOBILITY:0.42903159089041387
C_KINGSAFETY:0.6061835719447111
C_PAWNSTRUCTURE:0.46377729841535864
C_PIECECOORDINATION:0.4715128152508782
C_ROOKANDPAWNMOVEMENT:0.4715128152508782
C_CENTERCONTROL:0.5975368330625325
C_DEVELOPPIECES:0.5426245832178818
C_MATERIAL:0.4210616159669111
