ELO:1023
CE_PASSEDPAWNS:0.4936118726401552
CE_PAWNWEAKNESSES:0.5097620760946445
CE_PIECEACTIVITY:0.5
CE_KINGPAWNSHIELD:0.5
CE_PIECECOORDINATION:0.47288670749847495
CE_MATERIAL:0.5051880877524377
CE_KINGSAFETY:0.5
C_PIECESQUARETABLES:0.5
C_MOBILITY:0.5238940948642011
C_KINGSAFETY:0.5134337776982162
C_PAWNSTRUCTURE:0.5231474926329568
C_PIECECOORDINATION:0.5291701892332789
C_ROOK:0.505855737548092
CE_ROOK:0.48881139727124817
C_CENTERCONTROL:0.5
C_DEVELOPPIECES:0.5018244956320536
C_MATERIAL:0.5142731199693436
C_MOVECOUNT:0.5174252478471064
C_PAWNMOVEMENT:0.4951274197228298
