ELO:1000
CE_PASSEDPAWNS:0.5093197433551364
CE_PAWNWEAKNESSES:0.5101100551879741
CE_PIECEACTIVITY:0.4790252437387123
CE_KINGPAWNSHIELD:0.5074727228698026
CE_PIECECOORDINATION:0.5338069273154035
CE_MATERIAL:0.5716849875288577
CE_KINGSAFETY:0.5177972107055657
C_PIECESQUARETABLES:0.48710744263820704
C_MOBILITY:0.4930576839958096
C_KINGSAFETY:0.5236811124069434
C_PAWNSTRUCTURE:0.5031669279809791
C_PIECECOORDINATION:0.4918358367056617
C_ROOKANDPAWNMOVEMENT:0.4918358367056617
C_CENTERCONTROL:0.5112938873191195
C_DEVELOPPIECES:0.4712301904758961
C_MATERIAL:0.541108201003663
