ELO:895
CE_PASSEDPAWNS:0.46334300046082366
CE_PAWNWEAKNESSES:0.4917755839295158
CE_PIECEACTIVITY:0.4299338281509765
CE_KINGPAWNSHIELD:0.4403833514804548
CE_PIECECOORDINATION:0.4835499632522215
CE_MATERIAL:0.5001596071578369
CE_KINGSAFETY:0.49881104973301604
C_PIECESQUARETABLES:0.5175649128332196
C_MOBILITY:0.47923453166340646
C_KINGSAFETY:0.5168421319626741
C_PAWNSTRUCTURE:0.5274477244621433
C_PIECECOORDINATION:0.5160107168644502
C_ROOKANDPAWNMOVEMENT:0.5160107168644502
C_CENTERCONTROL:0.48870923869530414
C_DEVELOPPIECES:0.539241630615771
C_MATERIAL:0.5222119744917337
C_MOVECOUNT:0.5300769350577906
