ELO:1016
CE_PASSEDPAWNS:0.4804767281731829
CE_PAWNWEAKNESSES:0.5053331055496756
CE_PIECEACTIVITY:0.5289056859314311
CE_KINGPAWNSHIELD:0.5
CE_PIECECOORDINATION:0.5013984460225192
CE_MATERIAL:0.4948848286128608
CE_KINGSAFETY:0.5
C_PIECESQUARETABLES:0.5
C_MOBILITY:0.4837910819257005
C_KINGSAFETY:0.49605907232087026
C_PAWNSTRUCTURE:0.5093708075504373
C_PIECECOORDINATION:0.4951314460662843
C_ROOKANDPAWNMOVEMENT:0.4951314460662843
C_CENTERCONTROL:0.5052790470857478
C_DEVELOPPIECES:0.5088183891436162
C_MATERIAL:0.5011998713521969
C_MOVECOUNT:0.5013983182154124
