ELO:988
CE_PASSEDPAWNS:0.36213728210159274
CE_PAWNWEAKNESSES:0.5084202117413795
CE_PIECEACTIVITY:0.5664952957240075
CE_KINGPAWNSHIELD:0.4744337314802903
CE_PIECECOORDINATION:0.4768869579283998
CE_MATERIAL:0.5561775794490093
CE_KINGSAFETY:0.5112030185843959
C_PIECESQUARETABLES:0.5066262079562549
C_MOBILITY:0.516862090913773
C_KINGSAFETY:0.5416698479613611
C_PAWNSTRUCTURE:0.335003402899846
C_PIECECOORDINATION:0.43629804044600395
C_ROOKANDPAWNMOVEMENT:0.43629804044600395
C_CENTERCONTROL:0.35488331713916
C_DEVELOPPIECES:0.48463106472835726
C_MATERIAL:0.5859692747107864
