ELO:1031
CE_PASSEDPAWNS:0.5058563478530013
CE_PAWNWEAKNESSES:0.5
CE_PIECEACTIVITY:0.5022210729879384
CE_KINGPAWNSHIELD:0.5146047794896358
CE_PIECECOORDINATION:0.5
CE_MATERIAL:0.5
CE_KINGSAFETY:0.5
C_PIECESQUARETABLES:0.5003996129169398
C_MOBILITY:0.5042219500019953
C_KINGSAFETY:0.4985863289268983
C_PAWNSTRUCTURE:0.5
C_PIECECOORDINATION:0.49753914614166067
C_ROOKANDPAWNMOVEMENT:0.49753914614166067
C_CENTERCONTROL:0.5
C_DEVELOPPIECES:0.50164991711586
C_MATERIAL:0.5
C_MOVECOUNT:0.5057617912705765
