ELO:959
CE_PASSEDPAWNS:0.49755862528609257
CE_PAWNWEAKNESSES:0.48546039597345
CE_PIECEACTIVITY:0.4996646581271101
CE_KINGPAWNSHIELD:0.495836693498014
CE_PIECECOORDINATION:0.5
CE_MATERIAL:0.5128847576251193
CE_KINGSAFETY:0.5149326570226359
C_PIECESQUARETABLES:0.49283080643238436
C_MOBILITY:0.49962514084798915
C_KINGSAFETY:0.5048241611193434
C_PAWNSTRUCTURE:0.513687019179239
C_PIECECOORDINATION:0.511773989031809
C_ROOKANDPAWNMOVEMENT:0.511773989031809
C_CENTERCONTROL:0.5196006616623461
C_DEVELOPPIECES:0.4911262045620588
C_MATERIAL:0.4923108765155121
