ELO:1016
CE_PASSEDPAWNS:0.5243511675685115
CE_PAWNWEAKNESSES:0.4954728159053592
CE_PIECEACTIVITY:0.48586854974957905
CE_KINGPAWNSHIELD:0.4689954011660321
CE_PIECECOORDINATION:0.4899103651352972
CE_MATERIAL:0.48426420079647864
CE_KINGSAFETY:0.5
C_PIECESQUARETABLES:0.5
C_MOBILITY:0.5193443550852914
C_KINGSAFETY:0.48783519659163055
C_PAWNSTRUCTURE:0.48559524386073044
C_PIECECOORDINATION:0.516105536914867
C_ROOK:0.47111450233252583
CE_ROOK:0.4593527342123687
C_CENTERCONTROL:0.5008749644328411
C_DEVELOPPIECES:0.5284044370215044
C_MATERIAL:0.49971356348930207
C_MOVECOUNT:0.4936270663071781
C_PAWNMOVEMENT:0.49482089210243535
