ELO:1014
CE_PASSEDPAWNS:0.5101918637393328
CE_PAWNWEAKNESSES:0.49519779712999273
CE_PIECEACTIVITY:0.5066339815869099
CE_KINGPAWNSHIELD:0.5193063438317401
CE_PIECECOORDINATION:0.5099862208455264
CE_MATERIAL:0.4908231845187665
CE_KINGSAFETY:0.5
C_PIECESQUARETABLES:0.5
C_MOBILITY:0.4674381605665924
C_KINGSAFETY:0.5123723694021942
C_PAWNSTRUCTURE:0.5
C_PIECECOORDINATION:0.5201013249471514
C_ROOK:0.5221569755385295
CE_ROOK:0.4922410822318803
C_CENTERCONTROL:0.5008749644328411
C_DEVELOPPIECES:0.5284044370215044
C_MATERIAL:0.4893926640072716
C_MOVECOUNT:0.5021343610710851
C_PAWNMOVEMENT:0.4722314036394964
