ELO:984
CE_PASSEDPAWNS:0.4881755195686791
CE_PAWNWEAKNESSES:0.5
CE_PIECEACTIVITY:0.5118873873759083
CE_KINGPAWNSHIELD:0.5
CE_PIECECOORDINATION:0.4846197110963407
CE_MATERIAL:0.495006342332003
CE_KINGSAFETY:0.5
C_PIECESQUARETABLES:0.5
C_MOBILITY:0.497889298210196
C_KINGSAFETY:0.46517969850290486
C_PAWNSTRUCTURE:0.5083330079134484
C_PIECECOORDINATION:0.5163506523691074
C_ROOKANDPAWNMOVEMENT:0.5163506523691074
C_CENTERCONTROL:0.5
C_DEVELOPPIECES:0.5
C_MATERIAL:0.48813441873356883
C_MOVECOUNT:0.5
