ELO:1016
CE_PASSEDPAWNS:0.5113334919843036
CE_PAWNWEAKNESSES:0.49153747739782117
CE_PIECEACTIVITY:0.45410698162088436
CE_KINGPAWNSHIELD:0.5249550835608966
CE_PIECECOORDINATION:0.49090611855349686
CE_MATERIAL:0.5097811921191853
CE_KINGSAFETY:0.5
C_PIECESQUARETABLES:0.5
C_MOBILITY:0.4674381605665924
C_KINGSAFETY:0.5066060841528152
C_PAWNSTRUCTURE:0.5084033372933106
C_PIECECOORDINATION:0.5233423374032873
C_ROOK:0.5277144583847722
CE_ROOK:0.5211191153185273
C_CENTERCONTROL:0.5051137245676748
C_DEVELOPPIECES:0.5271781048189464
C_MATERIAL:0.5252441272845891
C_MOVECOUNT:0.484254033797517
C_PAWNMOVEMENT:0.47753126425553616
