ELO:987
CE_PASSEDPAWNS:0.3840798788151422
CE_PAWNWEAKNESSES:0.5066394448446077
CE_PIECEACTIVITY:0.5594978002495871
CE_KINGPAWNSHIELD:0.470954121373072
CE_PIECECOORDINATION:0.470351044394935
CE_MATERIAL:0.5080575365368734
CE_KINGSAFETY:0.4791430278537054
C_PIECESQUARETABLES:0.4969340169767886
C_MOBILITY:0.6046707392554228
C_KINGSAFETY:0.5811965040372822
C_PAWNSTRUCTURE:0.32659486032772983
C_PIECECOORDINATION:0.45888756425247046
C_ROOKANDPAWNMOVEMENT:0.45888756425247046
C_CENTERCONTROL:0.42894235410171383
C_DEVELOPPIECES:0.5438538851798638
C_MATERIAL:0.6899481349559431
