ELO:1000
CE_PASSEDPAWNS:0.5084177307936183
CE_PAWNWEAKNESSES:0.5055299228591512
CE_PIECEACTIVITY:0.49113571786096444
CE_KINGPAWNSHIELD:0.5005397763459668
CE_PIECECOORDINATION:0.5453257823845552
CE_MATERIAL:0.561055633681782
CE_KINGSAFETY:0.5269207099736942
C_PIECESQUARETABLES:0.48710744263820704
C_MOBILITY:0.49271076743845943
C_KINGSAFETY:0.5266582057565888
C_PAWNSTRUCTURE:0.5031669279809791
C_PIECECOORDINATION:0.48333598705217024
C_ROOKANDPAWNMOVEMENT:0.48333598705217024
C_CENTERCONTROL:0.5024653905392715
C_DEVELOPPIECES:0.4688800642936928
C_MATERIAL:0.5329189655153377
