ELO:970
CE_PASSEDPAWNS:0.5112094249789999
CE_PAWNWEAKNESSES:0.5055982759248877
CE_PIECEACTIVITY:0.5007674983226723
CE_KINGPAWNSHIELD:0.49842428178424886
CE_PIECECOORDINATION:0.4944634823675209
CE_MATERIAL:0.515220338852074
CE_KINGSAFETY:0.4851547790202417
C_PIECESQUARETABLES:0.5
C_MOBILITY:0.5122438496174844
C_KINGSAFETY:0.5058880457456414
C_PAWNSTRUCTURE:0.4758851552153861
C_PIECECOORDINATION:0.4950499213247256
C_ROOKANDPAWNMOVEMENT:0.4950499213247256
C_CENTERCONTROL:0.49413525994836327
C_DEVELOPPIECES:0.49831308382909284
C_MATERIAL:0.49777262782864384
C_MOVECOUNT:0.49987123222335234
