ELO:939
CE_PASSEDPAWNS:0.4734914123039592
CE_PAWNWEAKNESSES:0.5199518305749412
CE_PIECEACTIVITY:0.4587180392036744
CE_KINGPAWNSHIELD:0.527541490054166
CE_PIECECOORDINATION:0.43526050872684247
CE_MATERIAL:0.4272335142034991
CE_KINGSAFETY:0.5121928797226537
C_PIECESQUARETABLES:0.5
C_MOBILITY:0.595666328625128
C_KINGSAFETY:0.4838666677055504
C_PAWNSTRUCTURE:0.4530457124223936
C_PIECECOORDINATION:0.5575650271086626
C_ROOKANDPAWNMOVEMENT:0.5575650271086626
C_CENTERCONTROL:0.4945510279442469
C_DEVELOPPIECES:0.42376761430654186
C_MATERIAL:0.5035193472567016
