ELO:902
CE_PASSEDPAWNS:0.5042348001454788
CE_PAWNWEAKNESSES:0.5630059267776948
CE_PIECEACTIVITY:0.44072408845764877
CE_KINGPAWNSHIELD:0.4668545809320862
CE_PIECECOORDINATION:0.459365001739829
CE_MATERIAL:0.5142950006291471
CE_KINGSAFETY:0.46190988649240583
C_PIECESQUARETABLES:0.4815211653496816
C_MOBILITY:0.48179257372956574
C_KINGSAFETY:0.48701658476066423
C_PAWNSTRUCTURE:0.49876067088299875
C_PIECECOORDINATION:0.32929918245990863
C_ROOKANDPAWNMOVEMENT:0.32929918245990863
C_CENTERCONTROL:0.5849558211131496
C_DEVELOPPIECES:0.40952941486853695
C_MATERIAL:0.5152392634152713
