ELO:975
CE_PASSEDPAWNS:0.4973185724258157
CE_PAWNWEAKNESSES:0.4860842784422737
CE_PIECEACTIVITY:0.4782436191031329
CE_KINGPAWNSHIELD:0.5007320163646668
CE_PIECECOORDINATION:0.5
CE_MATERIAL:0.5011421529466303
CE_KINGSAFETY:0.5062742220919868
C_PIECESQUARETABLES:0.5
C_MOBILITY:0.48122285364914985
C_KINGSAFETY:0.49819574691957796
C_PAWNSTRUCTURE:0.4859147582590379
C_PIECECOORDINATION:0.49819488482585367
C_ROOKANDPAWNMOVEMENT:0.49819488482585367
C_CENTERCONTROL:0.46076230606094576
C_DEVELOPPIECES:0.4998082544680961
C_MATERIAL:0.5
C_MOVECOUNT:0.5
