ELO:1030
CE_PASSEDPAWNS:0.5
CE_PAWNWEAKNESSES:0.5
CE_PIECEACTIVITY:0.5
CE_KINGPAWNSHIELD:0.4964789843871054
CE_PIECECOORDINATION:0.5023781130953147
CE_MATERIAL:0.49103448074386896
CE_KINGSAFETY:0.5001459941088592
C_PIECESQUARETABLES:0.49125673368432315
C_MOBILITY:0.5
C_KINGSAFETY:0.4931300760491783
C_PAWNSTRUCTURE:0.4901459078845837
C_PIECECOORDINATION:0.5
C_ROOKANDPAWNMOVEMENT:0.5
C_CENTERCONTROL:0.5007695936444626
C_DEVELOPPIECES:0.5089623132687865
C_MATERIAL:0.4821765165492091
C_MOVECOUNT:0.5
