ELO:1000
CE_PASSEDPAWNS:0.5
CE_PAWNWEAKNESSES:0.5067364141786905
CE_PIECEACTIVITY:0.4999332322308604
CE_KINGPAWNSHIELD:0.49665478848951944
CE_PIECECOORDINATION:0.49110677421535026
CE_MATERIAL:0.50083859810713
CE_KINGSAFETY:0.5192358005954385
C_PIECESQUARETABLES:0.48808444863428857
C_MOBILITY:0.4953212694800796
C_KINGSAFETY:0.4892316540991826
C_PAWNSTRUCTURE:0.5017654544867066
C_PIECECOORDINATION:0.5096193365685069
C_ROOK:0.4923324240825754
CE_ROOK:0.5063970214394874
C_CENTERCONTROL:0.5
C_DEVELOPPIECES:0.5
C_MATERIAL:0.49342873620563443
C_MOVECOUNT:0.5
C_PAWNMOVEMENT:0.5
