ELO:940
CE_PASSEDPAWNS:0.4734914123039592
CE_PAWNWEAKNESSES:0.5199518305749412
CE_PIECEACTIVITY:0.4606420509450001
CE_KINGPAWNSHIELD:0.527541490054166
CE_PIECECOORDINATION:0.43526050872684247
CE_MATERIAL:0.4272335142034991
CE_KINGSAFETY:0.5132863087113129
C_PIECESQUARETABLES:0.5
C_MOBILITY:0.595666328625128
C_KINGSAFETY:0.4838666677055504
C_PAWNSTRUCTURE:0.4530457124223936
C_PIECECOORDINATION:0.557144070122566
C_ROOKANDPAWNMOVEMENT:0.557144070122566
C_CENTERCONTROL:0.48945217181118295
C_DEVELOPPIECES:0.4223579585840692
C_MATERIAL:0.5142693146703933
