ELO:1016
CE_PASSEDPAWNS:0.5394774735440221
CE_PAWNWEAKNESSES:0.48365086534427054
CE_PIECEACTIVITY:0.45410698162088436
CE_KINGPAWNSHIELD:0.48910981540645687
CE_PIECECOORDINATION:0.4704816878150266
CE_MATERIAL:0.5324006330475526
CE_KINGSAFETY:0.5
C_PIECESQUARETABLES:0.5
C_MOBILITY:0.5044564496057101
C_KINGSAFETY:0.5066060841528152
C_PAWNSTRUCTURE:0.48167373120351514
C_PIECECOORDINATION:0.4711358384961328
C_ROOK:0.5277144583847722
CE_ROOK:0.5182690383770185
C_CENTERCONTROL:0.47088435232152626
C_DEVELOPPIECES:0.48380344395976543
C_MATERIAL:0.5414671902828214
C_MOVECOUNT:0.4891104888535709
C_PAWNMOVEMENT:0.521382475953272
