ELO:1011
CE_PASSEDPAWNS:0.4861922480641984
CE_PAWNWEAKNESSES:0.48833438717928296
CE_PIECEACTIVITY:0.5246501316575324
CE_KINGPAWNSHIELD:0.4855480550177461
CE_PIECECOORDINATION:0.48149004073873647
CE_MATERIAL:0.5086187825701167
CE_KINGSAFETY:0.5090184333871169
C_PIECESQUARETABLES:0.49617120646076324
C_MOBILITY:0.526329032783109
C_KINGSAFETY:0.46852119358914807
C_PAWNSTRUCTURE:0.48962733009087334
C_PIECECOORDINATION:0.5179278827483864
C_ROOK:0.5011302297399438
CE_ROOK:0.5074594735804256
C_CENTERCONTROL:0.48695740813928995
C_DEVELOPPIECES:0.515331959648733
C_MATERIAL:0.48510341409719737
C_MOVECOUNT:0.49189455159444834
C_PAWNMOVEMENT:0.5154912134989953
