ELO:997
CE_PASSEDPAWNS:0.5107463220606548
CE_PAWNWEAKNESSES:0.49387041948561133
CE_PIECEACTIVITY:0.49873491332536724
CE_KINGPAWNSHIELD:0.5001913348675596
CE_PIECECOORDINATION:0.5071480317892355
CE_MATERIAL:0.5253547497394571
CE_KINGSAFETY:0.5
C_PIECESQUARETABLES:0.5
C_MOBILITY:0.4938012745741324
C_KINGSAFETY:0.49486611330028557
C_PAWNSTRUCTURE:0.5032236687142311
C_PIECECOORDINATION:0.5091665115367977
C_ROOK:0.49144014542335074
CE_ROOK:0.5009649355723318
C_CENTERCONTROL:0.5142369409555572
C_DEVELOPPIECES:0.5065548282194163
C_MATERIAL:0.5065870770636758
C_MOVECOUNT:0.49633158024344654
C_PAWNMOVEMENT:0.5039367091369324
