ELO:1118
CE_PASSEDPAWNS:0.6291903410930904
CE_PAWNWEAKNESSES:0.4596264777278185
CE_PIECEACTIVITY:0.5808761366796976
CE_KINGPAWNSHIELD:0.4163559443447905
CE_PIECECOORDINATION:0.48718936387070877
CE_MATERIAL:0.3963786524687434
CE_KINGSAFETY:0.5038856177732001
C_PIECESQUARETABLES:0.5245140087892649
C_MOBILITY:0.44029746712074547
C_KINGSAFETY:0.5076807408223325
C_PAWNSTRUCTURE:0.41159374709656454
C_PIECECOORDINATION:0.49165189932641873
C_ROOKANDPAWNMOVEMENT:0.49165189932641873
C_CENTERCONTROL:0.5180676963505241
C_DEVELOPPIECES:0.569139504906497
C_MATERIAL:0.3915905868097599
