ELO:1048
CE_PASSEDPAWNS:0.4996274389455458
CE_PAWNWEAKNESSES:0.5
CE_PIECEACTIVITY:0.5112496343770295
CE_KINGPAWNSHIELD:0.5180384920567216
CE_PIECECOORDINATION:0.49380526147247816
CE_MATERIAL:0.49864703125296794
CE_KINGSAFETY:0.4978696492195949
C_PIECESQUARETABLES:0.5060367781095712
C_MOBILITY:0.5025750044531898
C_KINGSAFETY:0.5
C_PAWNSTRUCTURE:0.49188221098046353
C_PIECECOORDINATION:0.4986268613267705
C_ROOKANDPAWNMOVEMENT:0.4986268613267705
C_CENTERCONTROL:0.5
C_DEVELOPPIECES:0.5070957428022321
C_MATERIAL:0.5068518743733311
