ELO:1000
CE_PASSEDPAWNS:0.5011550039989421
CE_PAWNWEAKNESSES:0.477957701936881
CE_PIECEACTIVITY:0.514736937671152
CE_KINGPAWNSHIELD:0.5444242194553178
CE_PIECECOORDINATION:0.5059696790217881
CE_MATERIAL:0.46807406475770275
CE_KINGSAFETY:0.45509968478844715
C_PIECESQUARETABLES:0.4782919222804017
C_MOBILITY:0.4888100863349694
C_KINGSAFETY:0.48929517039540205
C_PAWNSTRUCTURE:0.5300743802922796
C_PIECECOORDINATION:0.47477967481008604
C_ROOKANDPAWNMOVEMENT:0.47477967481008604
C_CENTERCONTROL:0.5460622281561527
C_DEVELOPPIECES:0.4705933730302988
C_MATERIAL:0.5160354927657543
