ELO:1018
CE_PASSEDPAWNS:0.501907470914492
CE_PAWNWEAKNESSES:0.4892926816716441
CE_PIECEACTIVITY:0.5
CE_KINGPAWNSHIELD:0.5
CE_PIECECOORDINATION:0.4875623156123702
CE_MATERIAL:0.5018038340112114
CE_KINGSAFETY:0.5
C_PIECESQUARETABLES:0.5
C_MOBILITY:0.5
C_KINGSAFETY:0.5001060282385099
C_PAWNSTRUCTURE:0.5
C_PIECECOORDINATION:0.5
C_ROOKANDPAWNMOVEMENT:0.5
C_CENTERCONTROL:0.5034494530100364
C_DEVELOPPIECES:0.48337101315867786
C_MATERIAL:0.5
C_MOVECOUNT:0.5
