ELO:963
CE_PASSEDPAWNS:0.5114107482269319
CE_PAWNWEAKNESSES:0.5083690175256244
CE_PIECEACTIVITY:0.4714334323097802
CE_KINGPAWNSHIELD:0.5136418059508939
CE_PIECECOORDINATION:0.539072556067495
CE_MATERIAL:0.5517110930864222
CE_KINGSAFETY:0.4900704208043663
C_PIECESQUARETABLES:0.4947308025835604
C_MOBILITY:0.5033815264548822
C_KINGSAFETY:0.5323685423372824
C_PAWNSTRUCTURE:0.4836015925136212
C_PIECECOORDINATION:0.4951104503743795
C_ROOK:0.4331371430162448
CE_ROOK:0.5391765057894864
C_CENTERCONTROL:0.5748485547245742
C_DEVELOPPIECES:0.5106836230887065
C_MATERIAL:0.49920322089383157
C_MOVECOUNT:0.5049984751577963
C_PAWNMOVEMENT:0.5109677820527676
