ELO:939
CE_PASSEDPAWNS:0.5002866330707034
CE_PAWNWEAKNESSES:0.503935133655208
CE_PIECEACTIVITY:0.49161830014457975
CE_KINGPAWNSHIELD:0.4952933942372625
CE_PIECECOORDINATION:0.5044866203125237
CE_MATERIAL:0.47968186173911215
CE_KINGSAFETY:0.5026375074683684
C_PIECESQUARETABLES:0.4673449216355238
C_MOBILITY:0.5574811411018066
C_KINGSAFETY:0.46717817365416825
C_PAWNSTRUCTURE:0.5048674431700585
C_PIECECOORDINATION:0.5378120411003479
C_ROOKANDPAWNMOVEMENT:0.5378120411003479
C_CENTERCONTROL:0.4690312927940738
C_DEVELOPPIECES:0.5358254754412671
C_MATERIAL:0.5083119335263133
C_MOVECOUNT:0.5000035210719338
