ELO:1003
CE_PASSEDPAWNS:0.5
CE_PAWNWEAKNESSES:0.511592615472787
CE_PIECEACTIVITY:0.5
CE_KINGPAWNSHIELD:0.5
CE_PIECECOORDINATION:0.5088006857778543
CE_MATERIAL:0.48938469583645317
CE_KINGSAFETY:0.5
C_PIECESQUARETABLES:0.5
C_MOBILITY:0.5011855187490372
C_KINGSAFETY:0.4917128149413164
C_PAWNSTRUCTURE:0.5121512575118637
C_PIECECOORDINATION:0.5
C_ROOKANDPAWNMOVEMENT:0.5
C_CENTERCONTROL:0.5
C_DEVELOPPIECES:0.5107615232670285
C_MATERIAL:0.4886396988868942
C_MOVECOUNT:0.5
