ELO:932
CE_PASSEDPAWNS:0.46402898410783977
CE_PAWNWEAKNESSES:0.3249996111298229
CE_PIECEACTIVITY:0.5594978002495871
CE_KINGPAWNSHIELD:0.574983417010166
CE_PIECECOORDINATION:0.4638990228243802
CE_MATERIAL:0.44085457787799853
CE_KINGSAFETY:0.5344859155981387
C_PIECESQUARETABLES:0.5230384676017699
C_MOBILITY:0.4793527546756613
C_KINGSAFETY:0.4420606055083243
C_PAWNSTRUCTURE:0.43229398028639787
C_PIECECOORDINATION:0.42709864853762547
C_ROOKANDPAWNMOVEMENT:0.42709864853762547
C_CENTERCONTROL:0.44597728146089544
C_DEVELOPPIECES:0.3467447976214698
C_MATERIAL:0.5076727566735855
