ELO:1056
CE_PASSEDPAWNS:0.5
CE_PAWNWEAKNESSES:0.49335854521530087
CE_PIECEACTIVITY:0.5
CE_KINGPAWNSHIELD:0.5108317060385484
CE_PIECECOORDINATION:0.485684543035389
CE_MATERIAL:0.49761396508567646
CE_KINGSAFETY:0.5
C_PIECESQUARETABLES:0.5
C_MOBILITY:0.5119786985792658
C_KINGSAFETY:0.4843056992930272
C_PAWNSTRUCTURE:0.4939554133869182
C_PIECECOORDINATION:0.5107287657126409
C_ROOKANDPAWNMOVEMENT:0.5107287657126409
C_CENTERCONTROL:0.5
C_DEVELOPPIECES:0.4937604411263292
C_MATERIAL:0.5
