ELO:822
CE_PASSEDPAWNS:0.5083068344824276
CE_PAWNWEAKNESSES:0.3981469792756402
CE_PIECEACTIVITY:0.45801597326318905
CE_KINGPAWNSHIELD:0.5196172266114056
CE_PIECECOORDINATION:0.4111679508324312
CE_MATERIAL:0.6301455281443523
CE_KINGSAFETY:0.48858494158755567
C_PIECESQUARETABLES:0.5056140419903589
C_MOBILITY:0.5251414607905431
C_KINGSAFETY:0.4354279388745413
C_PAWNSTRUCTURE:0.37185951760487373
C_PIECECOORDINATION:0.48048235778541176
C_ROOKANDPAWNMOVEMENT:0.48048235778541176
C_CENTERCONTROL:0.4817762507366168
C_DEVELOPPIECES:0.5140995212831635
C_MATERIAL:0.4812731190603383
