ELO:830
CE_PASSEDPAWNS:0.46775824557143814
CE_PAWNWEAKNESSES:0.5737110733094057
CE_PIECEACTIVITY:0.4918748186535553
CE_KINGPAWNSHIELD:0.5105480935324807
CE_PIECECOORDINATION:0.4908239233000896
CE_MATERIAL:0.576328764018055
CE_KINGSAFETY:0.5425807764233517
C_PIECESQUARETABLES:0.507116650861755
C_MOBILITY:0.5193017868311679
C_KINGSAFETY:0.46890022590317787
C_PAWNSTRUCTURE:0.5052215169968505
C_PIECECOORDINATION:0.5387303047920101
C_ROOKANDPAWNMOVEMENT:0.5387303047920101
C_CENTERCONTROL:0.4436245999747801
C_DEVELOPPIECES:0.5256845198972858
C_MATERIAL:0.48713964024310297
C_MOVECOUNT:0.5
