ELO:956
CE_PASSEDPAWNS:0.49196507995901745
CE_PAWNWEAKNESSES:0.5023286529532602
CE_PIECEACTIVITY:0.5050779854566286
CE_KINGPAWNSHIELD:0.5036861041138199
CE_PIECECOORDINATION:0.494462160808769
CE_MATERIAL:0.5034917670241993
CE_KINGSAFETY:0.5046175657888191
C_PIECESQUARETABLES:0.5057282466791732
C_MOBILITY:0.49946614759272545
C_KINGSAFETY:0.48523512280719044
C_PAWNSTRUCTURE:0.4963863612001842
C_PIECECOORDINATION:0.4866402211172129
C_ROOKANDPAWNMOVEMENT:0.4866402211172129
C_CENTERCONTROL:0.5046015905267144
C_DEVELOPPIECES:0.5
C_MATERIAL:0.48576844802343283
C_MOVECOUNT:0.5313221196726317
