ELO:1002
CE_PASSEDPAWNS:0.4889557403730821
CE_PAWNWEAKNESSES:0.5065697104546578
CE_PIECEACTIVITY:0.49177288301961225
CE_KINGPAWNSHIELD:0.4873194688225391
CE_PIECECOORDINATION:0.518051926252407
CE_MATERIAL:0.5422711124107116
CE_KINGSAFETY:0.5
C_PIECESQUARETABLES:0.5193477162126408
C_MOBILITY:0.48728031251658344
C_KINGSAFETY:0.5190714833183805
C_PAWNSTRUCTURE:0.5004513409736178
C_PIECECOORDINATION:0.5107658881032211
C_ROOK:0.4693121711407485
CE_ROOK:0.4940186443296384
C_CENTERCONTROL:0.5616049464209327
C_DEVELOPPIECES:0.5149631011350125
C_MATERIAL:0.4995365872356151
C_MOVECOUNT:0.5115608231469584
C_PAWNMOVEMENT:0.511995509516748
