ELO:813
CE_PASSEDPAWNS:0.4646300948276528
CE_PAWNWEAKNESSES:0.5077987396116787
CE_PIECEACTIVITY:0.5371278050765066
CE_KINGPAWNSHIELD:0.5189164327863588
CE_PIECECOORDINATION:0.5034787781280866
CE_MATERIAL:0.5771418443559552
CE_KINGSAFETY:0.5476907993950799
C_PIECESQUARETABLES:0.5162564686943983
C_MOBILITY:0.4937739944063931
C_KINGSAFETY:0.4520301146009366
C_PAWNSTRUCTURE:0.47657936439484716
C_PIECECOORDINATION:0.5182830880142076
C_ROOKANDPAWNMOVEMENT:0.5182830880142076
C_CENTERCONTROL:0.4048230551075591
C_DEVELOPPIECES:0.5359580846104914
C_MATERIAL:0.48120232760364556
C_MOVECOUNT:0.5
