ELO:939
CE_PASSEDPAWNS:0.4562808917789281
CE_PAWNWEAKNESSES:0.3442909988436452
CE_PIECEACTIVITY:0.5650439518008865
CE_KINGPAWNSHIELD:0.557031078869092
CE_PIECECOORDINATION:0.46788811679087317
CE_MATERIAL:0.4367854302587222
CE_KINGSAFETY:0.5489387319256844
C_PIECESQUARETABLES:0.53533560975904
C_MOBILITY:0.436932965949012
C_KINGSAFETY:0.4921162192599923
C_PAWNSTRUCTURE:0.43656029511794087
C_PIECECOORDINATION:0.42234734509329064
C_ROOKANDPAWNMOVEMENT:0.42234734509329064
C_CENTERCONTROL:0.49146039764191474
C_DEVELOPPIECES:0.36746053197777584
C_MATERIAL:0.517178741694328
