ELO:991
CE_PASSEDPAWNS:0.4846143404571992
CE_PAWNWEAKNESSES:0.5087346083295229
CE_PIECEACTIVITY:0.49188113085006496
CE_KINGPAWNSHIELD:0.49348276581314005
CE_PIECECOORDINATION:0.5075004660379666
CE_MATERIAL:0.5241012673514819
CE_KINGSAFETY:0.5
C_PIECESQUARETABLES:0.5
C_MOBILITY:0.5122725385683865
C_KINGSAFETY:0.5174742648543211
C_PAWNSTRUCTURE:0.5001317073348399
C_PIECECOORDINATION:0.4910338917828153
C_ROOKANDPAWNMOVEMENT:0.4910338917828153
C_CENTERCONTROL:0.4949594430069986
C_DEVELOPPIECES:0.4934302577550171
C_MATERIAL:0.5099444876768592
C_MOVECOUNT:0.5050914388656681
