ELO:970
CE_PASSEDPAWNS:0.4848630576285768
CE_PAWNWEAKNESSES:0.5824341122632893
CE_PIECEACTIVITY:0.47016089045407733
CE_KINGPAWNSHIELD:0.5957053841430129
CE_PIECECOORDINATION:0.5962813769396309
CE_MATERIAL:0.48549082902310997
CE_KINGSAFETY:0.4930652046841554
C_PIECESQUARETABLES:0.49256208565703175
C_MOBILITY:0.5111227504915576
C_KINGSAFETY:0.5053665232062843
C_PAWNSTRUCTURE:0.5110441755392161
C_PIECECOORDINATION:0.4373080555586517
C_ROOKANDPAWNMOVEMENT:0.4373080555586517
C_CENTERCONTROL:0.5477192892064546
C_DEVELOPPIECES:0.46019610705499786
C_MATERIAL:0.5139452682205777
