ELO:1000
CE_PASSEDPAWNS:0.46143484127696377
CE_PAWNWEAKNESSES:0.4758766214638284
CE_PIECEACTIVITY:0.5094080926058422
CE_KINGPAWNSHIELD:0.5611586662073815
CE_PIECECOORDINATION:0.5047700268371225
CE_MATERIAL:0.44531296058987013
CE_KINGSAFETY:0.4368853741660072
C_PIECESQUARETABLES:0.4840862038937751
C_MOBILITY:0.5382570285638538
C_KINGSAFETY:0.5022969058128324
C_PAWNSTRUCTURE:0.52305789770095
C_PIECECOORDINATION:0.4752379923086545
C_ROOKANDPAWNMOVEMENT:0.4752379923086545
C_CENTERCONTROL:0.5810021908217358
C_DEVELOPPIECES:0.45744812639689564
C_MATERIAL:0.5185290796724314
