ELO:1000
CE_PASSEDPAWNS:0.49299809216112306
CE_PAWNWEAKNESSES:0.45076109427666405
CE_PIECEACTIVITY:0.5223530103757282
CE_KINGPAWNSHIELD:0.5319601148426378
CE_PIECECOORDINATION:0.5048647073561028
CE_MATERIAL:0.4685328017857907
CE_KINGSAFETY:0.5092690739665999
C_PIECESQUARETABLES:0.507464413993998
C_MOBILITY:0.4564794419493906
C_KINGSAFETY:0.4792091203988133
C_PAWNSTRUCTURE:0.48630803093289054
C_PIECECOORDINATION:0.46948730600373306
C_ROOKANDPAWNMOVEMENT:0.46948730600373306
C_CENTERCONTROL:0.4587338628079275
C_DEVELOPPIECES:0.49003564732027105
C_MATERIAL:0.5460370983360161
