ELO:1024
CE_PASSEDPAWNS:0.5026644200283938
CE_PAWNWEAKNESSES:0.5113139576876315
CE_PIECEACTIVITY:0.5
CE_KINGPAWNSHIELD:0.5
CE_PIECECOORDINATION:0.5
CE_MATERIAL:0.499363763621971
CE_KINGSAFETY:0.5
C_PIECESQUARETABLES:0.5039320372749915
C_MOBILITY:0.4748226748456808
C_KINGSAFETY:0.49934917075454277
C_PAWNSTRUCTURE:0.49410381700006917
C_PIECECOORDINATION:0.5
C_ROOKANDPAWNMOVEMENT:0.5
C_CENTERCONTROL:0.5
C_DEVELOPPIECES:0.5157673776930219
C_MATERIAL:0.4853321103787588
C_MOVECOUNT:0.5
