ELO:1024
CE_PASSEDPAWNS:0.503897507794939
CE_PAWNWEAKNESSES:0.5172163460806584
CE_PIECEACTIVITY:0.5
CE_KINGPAWNSHIELD:0.5
CE_PIECECOORDINATION:0.5
CE_MATERIAL:0.5056579388074746
CE_KINGSAFETY:0.5
C_PIECESQUARETABLES:0.5
C_MOBILITY:0.5
C_KINGSAFETY:0.49927572217029104
C_PAWNSTRUCTURE:0.5
C_PIECECOORDINATION:0.5
C_ROOKANDPAWNMOVEMENT:0.5
C_CENTERCONTROL:0.5
C_DEVELOPPIECES:0.46832378424478754
C_MATERIAL:0.5
C_MOVECOUNT:0.5
