ELO:723
CE_PASSEDPAWNS:0.45796682857902854
CE_PAWNWEAKNESSES:0.4720608560336544
CE_PIECEACTIVITY:0.5700085953557337
CE_KINGPAWNSHIELD:0.5456957588879341
CE_PIECECOORDINATION:0.5372364148980031
CE_MATERIAL:0.4743863363877444
CE_KINGSAFETY:0.48496782405788863
C_PIECESQUARETABLES:0.5245827621462259
C_MOBILITY:0.4970361458053604
C_KINGSAFETY:0.4602182045235738
C_PAWNSTRUCTURE:0.54747176253023
C_PIECECOORDINATION:0.39671891986412033
C_ROOKANDPAWNMOVEMENT:0.39671891986412033
C_CENTERCONTROL:0.5210365586537085
C_DEVELOPPIECES:0.515338681773061
C_MATERIAL:0.39223704247571506
C_MOVECOUNT:0.5089979926097999
