ELO:974
CE_PASSEDPAWNS:0.5
CE_PAWNWEAKNESSES:0.5
CE_PIECEACTIVITY:0.5080062561186256
CE_KINGPAWNSHIELD:0.48960532828730924
CE_PIECECOORDINATION:0.49208596339574745
CE_MATERIAL:0.4946743141473751
CE_KINGSAFETY:0.5
C_PIECESQUARETABLES:0.5012833920030951
C_MOBILITY:0.49521641760080626
C_KINGSAFETY:0.4903817818088673
C_PAWNSTRUCTURE:0.5036270101091925
C_PIECECOORDINATION:0.4967981020670951
C_ROOKANDPAWNMOVEMENT:0.4967981020670951
C_CENTERCONTROL:0.48822440228605635
C_DEVELOPPIECES:0.500954079054878
C_MATERIAL:0.4939601393511713
