ELO:981
CE_PASSEDPAWNS:0.49089082949591384
CE_PAWNWEAKNESSES:0.49185295567167203
CE_PIECEACTIVITY:0.5
CE_KINGPAWNSHIELD:0.5059456601285682
CE_PIECECOORDINATION:0.5121648955665281
CE_MATERIAL:0.4875163300024789
CE_KINGSAFETY:0.5062463789581679
C_PIECESQUARETABLES:0.5062516504486665
C_MOBILITY:0.49206502290976717
C_KINGSAFETY:0.5031632793496773
C_PAWNSTRUCTURE:0.5100094591962442
C_PIECECOORDINATION:0.4955932664188363
C_ROOKANDPAWNMOVEMENT:0.4955932664188363
C_CENTERCONTROL:0.4985558361800808
C_DEVELOPPIECES:0.5056254888582195
C_MATERIAL:0.5027436443801501
C_MOVECOUNT:0.5
