ELO:815
CE_PASSEDPAWNS:0.46308117897543083
CE_PAWNWEAKNESSES:0.5316541358859279
CE_PIECEACTIVITY:0.5062113806293081
CE_KINGPAWNSHIELD:0.5270119185954056
CE_PIECECOORDINATION:0.49506110965174066
CE_MATERIAL:0.5871889185761678
CE_KINGSAFETY:0.5582026721331655
C_PIECESQUARETABLES:0.5086327658398552
C_MOBILITY:0.5096199277748454
C_KINGSAFETY:0.450662070922095
C_PAWNSTRUCTURE:0.48732734013228657
C_PIECECOORDINATION:0.5094083738035872
C_ROOKANDPAWNMOVEMENT:0.5094083738035872
C_CENTERCONTROL:0.42217897449051583
C_DEVELOPPIECES:0.5258090825319786
C_MATERIAL:0.47116201432182203
C_MOVECOUNT:0.5
