ELO:901
CE_PASSEDPAWNS:0.5074042520188903
CE_PAWNWEAKNESSES:0.4790498143341854
CE_PIECEACTIVITY:0.5052068528343923
CE_KINGPAWNSHIELD:0.5100514499326675
CE_PIECECOORDINATION:0.49804184720282224
CE_MATERIAL:0.4840227447560371
CE_KINGSAFETY:0.5035138185383761
C_PIECESQUARETABLES:0.48100636484354237
C_MOBILITY:0.5176179294077919
C_KINGSAFETY:0.4862841958711151
C_PAWNSTRUCTURE:0.4981878911596525
C_PIECECOORDINATION:0.5097701125608723
C_ROOKANDPAWNMOVEMENT:0.5097701125608723
C_CENTERCONTROL:0.4720881712366484
C_DEVELOPPIECES:0.5279691615948481
C_MATERIAL:0.5020202004890066
C_MOVECOUNT:0.48676108323535233
