ELO:972
CE_PASSEDPAWNS:0.4779541537856173
CE_PAWNWEAKNESSES:0.5
CE_PIECEACTIVITY:0.5331715782585037
CE_KINGPAWNSHIELD:0.4931279155900227
CE_PIECECOORDINATION:0.46075671789837924
CE_MATERIAL:0.5
CE_KINGSAFETY:0.44407354571018115
C_PIECESQUARETABLES:0.47238539532026624
C_MOBILITY:0.5316285512746283
C_KINGSAFETY:0.510190398814442
C_PAWNSTRUCTURE:0.473613358028023
C_PIECECOORDINATION:0.4583434735661829
C_ROOKANDPAWNMOVEMENT:0.4583434735661829
C_CENTERCONTROL:0.5
C_DEVELOPPIECES:0.5025208875105633
C_MATERIAL:0.5109252817755401
C_MOVECOUNT:0.5
