ELO:988
CE_PASSEDPAWNS:0.5096447953558166
CE_PAWNWEAKNESSES:0.4918095933591013
CE_PIECEACTIVITY:0.5
CE_KINGPAWNSHIELD:0.5051414596025899
CE_PIECECOORDINATION:0.5574307548643749
CE_MATERIAL:0.48474506757499997
CE_KINGSAFETY:0.4977952460899109
C_PIECESQUARETABLES:0.5
C_MOBILITY:0.4766656509919484
C_KINGSAFETY:0.4788013797357549
C_PAWNSTRUCTURE:0.4934613612082294
C_PIECECOORDINATION:0.5
C_ROOKANDPAWNMOVEMENT:0.5
C_CENTERCONTROL:0.5041123881207968
C_DEVELOPPIECES:0.5245642063961496
C_MATERIAL:0.5338393729035197
C_MOVECOUNT:0.5
