ELO:972
CE_PASSEDPAWNS:0.5075466929032866
CE_PAWNWEAKNESSES:0.48198094055781326
CE_PIECEACTIVITY:0.5323432973294332
CE_KINGPAWNSHIELD:0.49159796887601653
CE_PIECECOORDINATION:0.48336919962307234
CE_MATERIAL:0.4907032142001419
CE_KINGSAFETY:0.5
C_PIECESQUARETABLES:0.5
C_MOBILITY:0.5184000976378146
C_KINGSAFETY:0.49082098917451056
C_PAWNSTRUCTURE:0.5373318203672032
C_PIECECOORDINATION:0.5081119119604017
C_ROOKANDPAWNMOVEMENT:0.5081119119604017
C_CENTERCONTROL:0.510561977616005
C_DEVELOPPIECES:0.5250536012014673
C_MATERIAL:0.5037012668691937
C_MOVECOUNT:0.5222685085859895
