ELO:1000
CE_PASSEDPAWNS:0.5107463220606548
CE_PAWNWEAKNESSES:0.5056031435456602
CE_PIECEACTIVITY:0.49065622389283275
CE_KINGPAWNSHIELD:0.49523655083136864
CE_PIECECOORDINATION:0.5018287838366893
CE_MATERIAL:0.5253547497394571
CE_KINGSAFETY:0.49192845274623503
C_PIECESQUARETABLES:0.49502733098080226
C_MOBILITY:0.49607568868984514
C_KINGSAFETY:0.49486611330028557
C_PAWNSTRUCTURE:0.5096292551465208
C_PIECECOORDINATION:0.5
C_ROOK:0.49130747868179503
CE_ROOK:0.5
C_CENTERCONTROL:0.5101291483888485
C_DEVELOPPIECES:0.507614600381845
C_MATERIAL:0.5065870770636758
C_MOVECOUNT:0.5
C_PAWNMOVEMENT:0.5
