ELO:989
CE_PASSEDPAWNS:0.37221844385039127
CE_PAWNWEAKNESSES:0.5105488917833146
CE_PIECEACTIVITY:0.5750937748286041
CE_KINGPAWNSHIELD:0.45911886693245696
CE_PIECECOORDINATION:0.462484633551007
CE_MATERIAL:0.5125313430690898
CE_KINGSAFETY:0.4832274443849727
C_PIECESQUARETABLES:0.4939315529734448
C_MOBILITY:0.516862090913773
C_KINGSAFETY:0.5537076739788496
C_PAWNSTRUCTURE:0.3302328825779541
C_PIECECOORDINATION:0.4455295289066636
C_ROOKANDPAWNMOVEMENT:0.4455295289066636
C_CENTERCONTROL:0.35059010161960913
C_DEVELOPPIECES:0.47487462062639285
C_MATERIAL:0.6729176666233634
