ELO:999
CE_PASSEDPAWNS:0.48887748546560356
CE_PAWNWEAKNESSES:0.48841037219450145
CE_PIECEACTIVITY:0.5
CE_KINGPAWNSHIELD:0.5
CE_PIECECOORDINATION:0.5
CE_MATERIAL:0.5
CE_KINGSAFETY:0.5
C_PIECESQUARETABLES:0.5
C_MOBILITY:0.5
C_KINGSAFETY:0.5
C_PAWNSTRUCTURE:0.4898627721705452
C_PIECECOORDINATION:0.5
C_ROOKANDPAWNMOVEMENT:0.5
C_CENTERCONTROL:0.5
C_DEVELOPPIECES:0.5023784674033527
C_MATERIAL:0.5005960786073954
C_MOVECOUNT:0.5
