ELO:1000
CE_PASSEDPAWNS:0.5204185329311628
CE_PAWNWEAKNESSES:0.4067916106427537
CE_PIECEACTIVITY:0.5309932761664278
CE_KINGPAWNSHIELD:0.5179884707736765
CE_PIECECOORDINATION:0.49798516930988296
CE_MATERIAL:0.43250516813143136
CE_KINGSAFETY:0.4822198535555268
C_PIECESQUARETABLES:0.5482314369335763
C_MOBILITY:0.42025297561589736
C_KINGSAFETY:0.4838300369086103
C_PAWNSTRUCTURE:0.4747085378296286
C_PIECECOORDINATION:0.5027497115169389
C_ROOKANDPAWNMOVEMENT:0.5027497115169389
C_CENTERCONTROL:0.4736709517458015
C_DEVELOPPIECES:0.4383005535461052
C_MATERIAL:0.5226391049133686
