ELO:719
CE_PASSEDPAWNS:0.4800573831530689
CE_PAWNWEAKNESSES:0.4452225253322377
CE_PIECEACTIVITY:0.5540660887465599
CE_KINGPAWNSHIELD:0.5276110080719931
CE_PIECECOORDINATION:0.5066966058649257
CE_MATERIAL:0.5011500625694061
CE_KINGSAFETY:0.46639851378770425
C_PIECESQUARETABLES:0.5123213501651239
C_MOBILITY:0.5099620262048499
C_KINGSAFETY:0.4653865312448344
C_PAWNSTRUCTURE:0.5527575797409926
C_PIECECOORDINATION:0.4240059675227635
C_ROOKANDPAWNMOVEMENT:0.4240059675227635
C_CENTERCONTROL:0.5244156314492343
C_DEVELOPPIECES:0.5555812921846879
C_MATERIAL:0.42141103532519103
C_MOVECOUNT:0.5131501846867274
