ELO:882
CE_PASSEDPAWNS:0.5207193911491144
CE_PAWNWEAKNESSES:0.499215523466926
CE_PIECEACTIVITY:0.48881538989828305
CE_KINGPAWNSHIELD:0.45973641209010935
CE_PIECECOORDINATION:0.5133571268871028
CE_MATERIAL:0.5487835761385192
CE_KINGSAFETY:0.5
C_PIECESQUARETABLES:0.5076222047337835
C_MOBILITY:0.5115715894403079
C_KINGSAFETY:0.510407888936525
C_PAWNSTRUCTURE:0.4539809545659425
C_PIECECOORDINATION:0.46355207285457306
C_ROOK:0.4741208780125583
CE_ROOK:0.49070397625509365
C_CENTERCONTROL:0.5985945616202257
C_DEVELOPPIECES:0.5055917318774833
C_MATERIAL:0.4947222945207465
C_MOVECOUNT:0.4775538676906567
C_PAWNMOVEMENT:0.557183981729497
