ELO:984
CE_PASSEDPAWNS:0.5082163226207571
CE_PAWNWEAKNESSES:0.5455450448292145
CE_PIECEACTIVITY:0.4856913097528592
CE_KINGPAWNSHIELD:0.5045598846599936
CE_PIECECOORDINATION:0.5005063346740124
CE_MATERIAL:0.5008563439587645
CE_KINGSAFETY:0.4925087354748077
C_PIECESQUARETABLES:0.5108638052992006
C_MOBILITY:0.4879488623417176
C_KINGSAFETY:0.5078515669235125
C_PAWNSTRUCTURE:0.49348317626567884
C_PIECECOORDINATION:0.49784014606045096
C_ROOKANDPAWNMOVEMENT:0.49784014606045096
C_CENTERCONTROL:0.49574145767673305
C_DEVELOPPIECES:0.49831308382909284
C_MATERIAL:0.5018721803815241
C_MOVECOUNT:0.511829200818628
