ELO:1000
CE_PASSEDPAWNS:0.5027700970706609
CE_PAWNWEAKNESSES:0.5
CE_PIECEACTIVITY:0.48566795969216325
CE_KINGPAWNSHIELD:0.5
CE_PIECECOORDINATION:0.5
CE_MATERIAL:0.5
CE_KINGSAFETY:0.5046668354678728
C_PIECESQUARETABLES:0.5
C_MOBILITY:0.4817956496284935
C_KINGSAFETY:0.5
C_PAWNSTRUCTURE:0.5
C_PIECECOORDINATION:0.5
C_ROOKANDPAWNMOVEMENT:0.5
C_CENTERCONTROL:0.5049841128688827
C_DEVELOPPIECES:0.5028708977036155
C_MATERIAL:0.49399262297697605
