ELO:971
CE_PASSEDPAWNS:0.5032725567054184
CE_PAWNWEAKNESSES:0.4672554830097341
CE_PIECEACTIVITY:0.5520393753728697
CE_KINGPAWNSHIELD:0.4969505421612394
CE_PIECECOORDINATION:0.5247970710894065
CE_MATERIAL:0.556206074054181
CE_KINGSAFETY:0.5
C_PIECESQUARETABLES:0.5
C_MOBILITY:0.4596017794442547
C_KINGSAFETY:0.44177128555221173
C_PAWNSTRUCTURE:0.4265663876853
C_PIECECOORDINATION:0.5259569374976002
C_ROOKANDPAWNMOVEMENT:0.5259569374976002
C_CENTERCONTROL:0.5272453991288134
C_DEVELOPPIECES:0.49576757085500384
C_MATERIAL:0.47993577776903396
