ELO:994
CE_PASSEDPAWNS:0.5001425129374789
CE_PAWNWEAKNESSES:0.5
CE_PIECEACTIVITY:0.5127619773937868
CE_KINGPAWNSHIELD:0.5189724232140831
CE_PIECECOORDINATION:0.47716659820051427
CE_MATERIAL:0.4769959819108555
CE_KINGSAFETY:0.4934599514615837
C_PIECESQUARETABLES:0.5114201972892435
C_MOBILITY:0.480964365232248
C_KINGSAFETY:0.5
C_PAWNSTRUCTURE:0.49536264969171845
C_PIECECOORDINATION:0.5126651589595742
C_ROOKANDPAWNMOVEMENT:0.5126651589595742
C_CENTERCONTROL:0.49097159330173923
C_DEVELOPPIECES:0.492272159395683
C_MATERIAL:0.4993401369910913
C_MOVECOUNT:0.5
