ELO:941
CE_PASSEDPAWNS:0.4859947867997648
CE_PAWNWEAKNESSES:0.49442488276083946
CE_PIECEACTIVITY:0.5051565259968657
CE_KINGPAWNSHIELD:0.4962261377129324
CE_PIECECOORDINATION:0.5103161494685224
CE_MATERIAL:0.49405679792160206
CE_KINGSAFETY:0.5237279507065894
C_PIECESQUARETABLES:0.4687843218685784
C_MOBILITY:0.5082785863770207
C_KINGSAFETY:0.5364628694416173
C_PAWNSTRUCTURE:0.5007277242559346
C_PIECECOORDINATION:0.5236440819524811
C_ROOKANDPAWNMOVEMENT:0.5236440819524811
C_CENTERCONTROL:0.44100767708257865
C_DEVELOPPIECES:0.531225949338129
C_MATERIAL:0.4572550082746834
C_MOVECOUNT:0.5274839899123008
