ELO:968
CE_PASSEDPAWNS:0.4952020642131112
CE_PAWNWEAKNESSES:0.49610795695027876
CE_PIECEACTIVITY:0.5247920944198282
CE_KINGPAWNSHIELD:0.4955605101570041
CE_PIECECOORDINATION:0.5110610531670532
CE_MATERIAL:0.5121596675644918
CE_KINGSAFETY:0.5078928728605098
C_PIECESQUARETABLES:0.5010527372842568
C_MOBILITY:0.4989304354334857
C_KINGSAFETY:0.5266836317084049
C_PAWNSTRUCTURE:0.5039748362106944
C_PIECECOORDINATION:0.4917042985350112
C_ROOKANDPAWNMOVEMENT:0.4917042985350112
C_CENTERCONTROL:0.49725327912438666
C_DEVELOPPIECES:0.5030962136633828
C_MATERIAL:0.5024067833034895
C_MOVECOUNT:0.44666296286545465
