ELO:936
CE_PASSEDPAWNS:0.5051933738965635
CE_PAWNWEAKNESSES:0.4967182283691554
CE_PIECEACTIVITY:0.4911232200097126
CE_KINGPAWNSHIELD:0.5186222106087859
CE_PIECECOORDINATION:0.5483890364478626
CE_MATERIAL:0.5713906314049855
CE_KINGSAFETY:0.44812545322777675
C_PIECESQUARETABLES:0.5176706708198484
C_MOBILITY:0.4447028938569279
C_KINGSAFETY:0.39333212692835484
C_PAWNSTRUCTURE:0.44494671836479077
C_PIECECOORDINATION:0.4993261112429442
C_ROOKANDPAWNMOVEMENT:0.4993261112429442
C_CENTERCONTROL:0.521328672582605
C_DEVELOPPIECES:0.4775197471919654
C_MATERIAL:0.4889772335910297
