ELO:965
CE_PASSEDPAWNS:0.49183343431306675
CE_PAWNWEAKNESSES:0.5087755835470704
CE_PIECEACTIVITY:0.4692434247692347
CE_KINGPAWNSHIELD:0.4849971916541007
CE_PIECECOORDINATION:0.4661362736250656
CE_MATERIAL:0.5329024438995154
CE_KINGSAFETY:0.4867979700348924
C_PIECESQUARETABLES:0.4803265923270769
C_MOBILITY:0.5021854274763642
C_KINGSAFETY:0.4864901831844642
C_PAWNSTRUCTURE:0.4937237386555205
C_PIECECOORDINATION:0.5050938564029603
C_ROOKANDPAWNMOVEMENT:0.5050938564029603
C_CENTERCONTROL:0.5039374280804622
C_DEVELOPPIECES:0.478033404769688
C_MATERIAL:0.5065894382321495
