ELO:993
CE_PASSEDPAWNS:0.45688889727876497
CE_PAWNWEAKNESSES:0.4971761570052606
CE_PIECEACTIVITY:0.5443949801125694
CE_KINGPAWNSHIELD:0.5232666600507418
CE_PIECECOORDINATION:0.511086276725339
CE_MATERIAL:0.4953916042607991
CE_KINGSAFETY:0.492165803963161
C_PIECESQUARETABLES:0.45058047264035594
C_MOBILITY:0.4708148163115646
C_KINGSAFETY:0.4545551665897675
C_PAWNSTRUCTURE:0.43993173311816713
C_PIECECOORDINATION:0.5004437844478472
C_ROOKANDPAWNMOVEMENT:0.5004437844478472
C_CENTERCONTROL:0.540808770725647
C_DEVELOPPIECES:0.47434338870051596
C_MATERIAL:0.448603560917861
