ELO:989
CE_PASSEDPAWNS:0.3671258369474086
CE_PAWNWEAKNESSES:0.5176060143620971
CE_PIECEACTIVITY:0.5594978002495871
CE_KINGPAWNSHIELD:0.47296228941213614
CE_PIECECOORDINATION:0.47249823660047335
CE_MATERIAL:0.5224210023754416
CE_KINGSAFETY:0.5066043154154994
C_PIECESQUARETABLES:0.5
C_MOBILITY:0.4902161459875886
C_KINGSAFETY:0.5594239720260957
C_PAWNSTRUCTURE:0.33264523848319205
C_PIECECOORDINATION:0.4455295289066636
C_ROOKANDPAWNMOVEMENT:0.4455295289066636
C_CENTERCONTROL:0.35488331713916
C_DEVELOPPIECES:0.48463106472835726
C_MATERIAL:0.6828050727845074
