ELO:956
CE_PASSEDPAWNS:0.48574410560477144
CE_PAWNWEAKNESSES:0.500517512320903
CE_PIECEACTIVITY:0.5799777422490265
CE_KINGPAWNSHIELD:0.5
CE_PIECECOORDINATION:0.5513361220904335
CE_MATERIAL:0.48949401981261653
CE_KINGSAFETY:0.5453012836826729
C_PIECESQUARETABLES:0.4361417682342085
C_MOBILITY:0.5226375102255715
C_KINGSAFETY:0.5
C_PAWNSTRUCTURE:0.5198721835194752
C_PIECECOORDINATION:0.49845917780000204
C_ROOKANDPAWNMOVEMENT:0.49845917780000204
C_CENTERCONTROL:0.48632642383630886
C_DEVELOPPIECES:0.4299441749539097
C_MATERIAL:0.5018348349368856
C_MOVECOUNT:0.5
