ELO:981
CE_PASSEDPAWNS:0.4926515052503022
CE_PAWNWEAKNESSES:0.5083273480719801
CE_PIECEACTIVITY:0.48876314366380397
CE_KINGPAWNSHIELD:0.48752400411500546
CE_PIECECOORDINATION:0.45765326220384084
CE_MATERIAL:0.4864865860235888
CE_KINGSAFETY:0.47611672751544876
C_PIECESQUARETABLES:0.508642040188004
C_MOBILITY:0.5049344901026228
C_KINGSAFETY:0.4989993890483449
C_PAWNSTRUCTURE:0.5070138410159524
C_PIECECOORDINATION:0.4869025209661117
C_ROOKANDPAWNMOVEMENT:0.4869025209661117
C_CENTERCONTROL:0.5062154225561727
C_DEVELOPPIECES:0.47054565702133394
C_MATERIAL:0.5256314622637712
