ELO:1000
CE_PASSEDPAWNS:0.48541178323439016
CE_PAWNWEAKNESSES:0.5273964700889596
CE_PIECEACTIVITY:0.5703065135269016
CE_KINGPAWNSHIELD:0.4905682814866308
CE_PIECECOORDINATION:0.49292186638877433
CE_MATERIAL:0.4828092481285853
CE_KINGSAFETY:0.49756209091134124
C_PIECESQUARETABLES:0.5
C_MOBILITY:0.4958915571592743
C_KINGSAFETY:0.46275684148317875
C_PAWNSTRUCTURE:0.45490613540572006
C_PIECECOORDINATION:0.5314098429095269
C_ROOKANDPAWNMOVEMENT:0.5314098429095269
C_CENTERCONTROL:0.4940087463359132
C_DEVELOPPIECES:0.49892817651610766
C_MATERIAL:0.4241719729662109
