ELO:1000
CE_PASSEDPAWNS:0.5010746873086294
CE_PAWNWEAKNESSES:0.5157586108551866
CE_PIECEACTIVITY:0.5017094438999986
CE_KINGPAWNSHIELD:0.5
CE_PIECECOORDINATION:0.5112755126586904
CE_MATERIAL:0.5079504202358298
CE_KINGSAFETY:0.4832842003718456
C_PIECESQUARETABLES:0.5061283292446449
C_MOBILITY:0.47655955086033797
C_KINGSAFETY:0.49961330082981376
C_PAWNSTRUCTURE:0.4796006748029073
C_PIECECOORDINATION:0.49284113075168856
C_ROOKANDPAWNMOVEMENT:0.49284113075168856
C_CENTERCONTROL:0.5251169306946522
C_DEVELOPPIECES:0.5205954100054792
C_MATERIAL:0.4954375554030423
