ELO:977
CE_PASSEDPAWNS:0.5017960299952584
CE_PAWNWEAKNESSES:0.4960473928122085
CE_PIECEACTIVITY:0.5121883205977028
CE_KINGPAWNSHIELD:0.49314885945312753
CE_PIECECOORDINATION:0.5170538227202858
CE_MATERIAL:0.49929229519584595
CE_KINGSAFETY:0.5
C_PIECESQUARETABLES:0.4992302080143741
C_MOBILITY:0.5007458092192266
C_KINGSAFETY:0.5054608739299439
C_PAWNSTRUCTURE:0.5042520805803379
C_PIECECOORDINATION:0.5033960487375477
C_ROOK:0.5105401814809325
CE_ROOK:0.5234196315749615
C_CENTERCONTROL:0.4932643950124016
C_DEVELOPPIECES:0.4929411671428843
C_MATERIAL:0.49223051930404554
C_MOVECOUNT:0.4985417600742861
C_PAWNMOVEMENT:0.49027045834434196
