ELO:999
CE_PASSEDPAWNS:0.45688889727876497
CE_PAWNWEAKNESSES:0.495302569952899
CE_PIECEACTIVITY:0.5564709036411243
CE_KINGPAWNSHIELD:0.5300947491971454
CE_PIECECOORDINATION:0.4882690076759329
CE_MATERIAL:0.48576996244278986
CE_KINGSAFETY:0.48435134233768656
C_PIECESQUARETABLES:0.4495623926584731
C_MOBILITY:0.45755430785258056
C_KINGSAFETY:0.44386154596190985
C_PAWNSTRUCTURE:0.45239446281358153
C_PIECECOORDINATION:0.49483610112459303
C_ROOKANDPAWNMOVEMENT:0.49483610112459303
C_CENTERCONTROL:0.5376838682649635
C_DEVELOPPIECES:0.4863368781354751
C_MATERIAL:0.434238918240686
