ELO:963
CE_PASSEDPAWNS:0.4452471526799638
CE_PAWNWEAKNESSES:0.512825447469028
CE_PIECEACTIVITY:0.5504662389457771
CE_KINGPAWNSHIELD:0.5322359000426046
CE_PIECECOORDINATION:0.4991165991640003
CE_MATERIAL:0.5573944163100855
CE_KINGSAFETY:0.48147073407647006
C_PIECESQUARETABLES:0.5357445465072931
C_MOBILITY:0.48823649730854174
C_KINGSAFETY:0.4986439387777442
C_PAWNSTRUCTURE:0.4269526184398336
C_PIECECOORDINATION:0.5334105855156401
C_ROOKANDPAWNMOVEMENT:0.5334105855156401
C_CENTERCONTROL:0.6109562456678852
C_DEVELOPPIECES:0.59526212912481
C_MATERIAL:0.5004222511595953
