ELO:960
CE_PASSEDPAWNS:0.5214538377919322
CE_PAWNWEAKNESSES:0.4848594664090993
CE_PIECEACTIVITY:0.5184747408769598
CE_KINGPAWNSHIELD:0.4680040571637767
CE_PIECECOORDINATION:0.48194971488977906
CE_MATERIAL:0.5208637435215876
CE_KINGSAFETY:0.5
C_PIECESQUARETABLES:0.47796938543051837
C_MOBILITY:0.49239251411350804
C_KINGSAFETY:0.5066670214863258
C_PAWNSTRUCTURE:0.5199226476180377
C_PIECECOORDINATION:0.4954192747498062
C_ROOKANDPAWNMOVEMENT:0.4954192747498062
C_CENTERCONTROL:0.46523780340108867
C_DEVELOPPIECES:0.5237472523275601
C_MATERIAL:0.4592934496041324
C_MOVECOUNT:0.5
