ELO:998
CE_PASSEDPAWNS:0.475988952420507
CE_PAWNWEAKNESSES:0.4866871216476803
CE_PIECEACTIVITY:0.5174446771541593
CE_KINGPAWNSHIELD:0.5170925265776063
CE_PIECECOORDINATION:0.5091545638270116
CE_MATERIAL:0.5107197231725852
CE_KINGSAFETY:0.5023780424389909
C_PIECESQUARETABLES:0.5
C_MOBILITY:0.5043578798503183
C_KINGSAFETY:0.4913924441540992
C_PAWNSTRUCTURE:0.4968205170765308
C_PIECECOORDINATION:0.4925286685255308
C_ROOKANDPAWNMOVEMENT:0.4925286685255308
C_CENTERCONTROL:0.47705540396409135
C_DEVELOPPIECES:0.4858324143789204
C_MATERIAL:0.5185489305710268
C_MOVECOUNT:0.4853979687240767
