ELO:979
CE_PASSEDPAWNS:0.5032725567054184
CE_PAWNWEAKNESSES:0.4698063299250181
CE_PIECEACTIVITY:0.5520393753728697
CE_KINGPAWNSHIELD:0.5012352901557928
CE_PIECECOORDINATION:0.5467512762636034
CE_MATERIAL:0.5380112151614732
CE_KINGSAFETY:0.5
C_PIECESQUARETABLES:0.4828038642501159
C_MOBILITY:0.4540597559921459
C_KINGSAFETY:0.4432887100914696
C_PAWNSTRUCTURE:0.4219873366583045
C_PIECECOORDINATION:0.5306371492531287
C_ROOKANDPAWNMOVEMENT:0.5306371492531287
C_CENTERCONTROL:0.5244587069369692
C_DEVELOPPIECES:0.48907680014853233
C_MATERIAL:0.4791949584331928
