ELO:989
CE_PASSEDPAWNS:0.36174779389596723
CE_PAWNWEAKNESSES:0.5086530027826172
CE_PIECEACTIVITY:0.5582997257124016
CE_KINGPAWNSHIELD:0.46953920161538426
CE_PIECECOORDINATION:0.46544225017118723
CE_MATERIAL:0.5080575365368734
CE_KINGSAFETY:0.5075868664478052
C_PIECESQUARETABLES:0.5116622552630452
C_MOBILITY:0.49602577353932337
C_KINGSAFETY:0.5682476009096973
C_PAWNSTRUCTURE:0.3302328825779541
C_PIECECOORDINATION:0.4413681314581794
C_ROOKANDPAWNMOVEMENT:0.4413681314581794
C_CENTERCONTROL:0.35488331713916
C_DEVELOPPIECES:0.4845692445524867
C_MATERIAL:0.6780163640992205
