ELO:1018
CE_PASSEDPAWNS:0.447021955969612
CE_PAWNWEAKNESSES:0.4823540561167955
CE_PIECEACTIVITY:0.5
CE_KINGPAWNSHIELD:0.500770625437377
CE_PIECECOORDINATION:0.49486033565070664
CE_MATERIAL:0.47066917482898923
CE_KINGSAFETY:0.4973649927298087
C_PIECESQUARETABLES:0.5
C_MOBILITY:0.5042621044173552
C_KINGSAFETY:0.5
C_PAWNSTRUCTURE:0.51072347316108
C_PIECECOORDINATION:0.49279988688705834
C_ROOKANDPAWNMOVEMENT:0.49279988688705834
C_CENTERCONTROL:0.5097089286759533
C_DEVELOPPIECES:0.5
C_MATERIAL:0.5128696956788824
C_MOVECOUNT:0.5
