ELO:954
CE_PASSEDPAWNS:0.4224550378220626
CE_PAWNWEAKNESSES:0.4939366030154159
CE_PIECEACTIVITY:0.5218598419862093
CE_KINGPAWNSHIELD:0.5316500141721384
CE_PIECECOORDINATION:0.45705493000701913
CE_MATERIAL:0.550161214048436
CE_KINGSAFETY:0.4926150504438873
C_PIECESQUARETABLES:0.49880770046345724
C_MOBILITY:0.508090471918775
C_KINGSAFETY:0.48398271132075316
C_PAWNSTRUCTURE:0.42888115350175693
C_PIECECOORDINATION:0.5097118150098057
C_ROOKANDPAWNMOVEMENT:0.5097118150098057
C_CENTERCONTROL:0.6040664685395077
C_DEVELOPPIECES:0.6066608680146204
C_MATERIAL:0.5140929683961014
