ELO:991
CE_PASSEDPAWNS:0.49667387108122596
CE_PAWNWEAKNESSES:0.5114759896131928
CE_PIECEACTIVITY:0.5046250021307392
CE_KINGPAWNSHIELD:0.5025378835290157
CE_PIECECOORDINATION:0.516531636169715
CE_MATERIAL:0.5
CE_KINGSAFETY:0.5
C_PIECESQUARETABLES:0.5
C_MOBILITY:0.45763497554882543
C_KINGSAFETY:0.49325264436955857
C_PAWNSTRUCTURE:0.5234243091202185
C_PIECECOORDINATION:0.5107010265722889
C_ROOKANDPAWNMOVEMENT:0.5107010265722889
C_CENTERCONTROL:0.5047451645390943
C_DEVELOPPIECES:0.4692043947013206
C_MATERIAL:0.5
C_MOVECOUNT:0.4954008275650398
