ELO:992
CE_PASSEDPAWNS:0.47502714889290515
CE_PAWNWEAKNESSES:0.49507587760613647
CE_PIECEACTIVITY:0.5404171638882187
CE_KINGPAWNSHIELD:0.5057872728807394
CE_PIECECOORDINATION:0.5405751349974642
CE_MATERIAL:0.5194572177991803
CE_KINGSAFETY:0.4914513119164235
C_PIECESQUARETABLES:0.40979321724067563
C_MOBILITY:0.45221577633666954
C_KINGSAFETY:0.4604268555796051
C_PAWNSTRUCTURE:0.42623443450436455
C_PIECECOORDINATION:0.5156760414737555
C_ROOKANDPAWNMOVEMENT:0.5156760414737555
C_CENTERCONTROL:0.5292805478715527
C_DEVELOPPIECES:0.49757234923696475
C_MATERIAL:0.5105055811634636
