ELO:984
CE_PASSEDPAWNS:0.49573547386114236
CE_PAWNWEAKNESSES:0.4903353000216535
CE_PIECEACTIVITY:0.5065617386190299
CE_KINGPAWNSHIELD:0.4925081445161264
CE_PIECECOORDINATION:0.5224667030755007
CE_MATERIAL:0.4891794477212753
CE_KINGSAFETY:0.49978939688031665
C_PIECESQUARETABLES:0.5
C_MOBILITY:0.5135014811153688
C_KINGSAFETY:0.49552562054326965
C_PAWNSTRUCTURE:0.5236322180026696
C_PIECECOORDINATION:0.5086834201436214
C_ROOK:0.5018462170994482
CE_ROOK:0.5165639300527882
C_CENTERCONTROL:0.500416991176918
C_DEVELOPPIECES:0.4838506747359034
C_MATERIAL:0.4728626913073157
C_MOVECOUNT:0.4980828150732883
C_PAWNMOVEMENT:0.49936517675460806
