ELO:873
CE_PASSEDPAWNS:0.431034139339109
CE_PAWNWEAKNESSES:0.5175153413335393
CE_PIECEACTIVITY:0.4857226673472433
CE_KINGPAWNSHIELD:0.4931628537631978
CE_PIECECOORDINATION:0.510848920223227
CE_MATERIAL:0.46992503655993906
CE_KINGSAFETY:0.5
C_PIECESQUARETABLES:0.5
C_MOBILITY:0.5288776720234906
C_KINGSAFETY:0.5025466074161762
C_PAWNSTRUCTURE:0.513328241088965
C_PIECECOORDINATION:0.4977617715322206
C_ROOKANDPAWNMOVEMENT:0.4977617715322206
C_CENTERCONTROL:0.5020223756648305
C_DEVELOPPIECES:0.46636809549167324
C_MATERIAL:0.4917966687489986
C_MOVECOUNT:0.5
