ELO:998
CE_PASSEDPAWNS:0.49504912621515607
CE_PAWNWEAKNESSES:0.4929054263327944
CE_PIECEACTIVITY:0.5065617386190299
CE_KINGPAWNSHIELD:0.500743700287744
CE_PIECECOORDINATION:0.5164577757281775
CE_MATERIAL:0.4928526375122508
CE_KINGSAFETY:0.5039827560184059
C_PIECESQUARETABLES:0.5
C_MOBILITY:0.504235025569228
C_KINGSAFETY:0.5061288177431749
C_PAWNSTRUCTURE:0.5236322180026696
C_PIECECOORDINATION:0.5072804310786427
C_ROOK:0.5018462170994482
CE_ROOK:0.4951772386222374
C_CENTERCONTROL:0.5037543825128513
C_DEVELOPPIECES:0.4893700978568151
C_MATERIAL:0.4728626913073157
C_MOVECOUNT:0.502626983617416
C_PAWNMOVEMENT:0.49936517675460806
