ELO:1000
CE_PASSEDPAWNS:0.4676309448341047
CE_PAWNWEAKNESSES:0.5476885489447545
CE_PIECEACTIVITY:0.536178929884395
CE_KINGPAWNSHIELD:0.51394837074598
CE_PIECECOORDINATION:0.4759469407700822
CE_MATERIAL:0.5059292059772618
CE_KINGSAFETY:0.5003720752596041
C_PIECESQUARETABLES:0.4746820897966881
C_MOBILITY:0.4698244835018095
C_KINGSAFETY:0.485158503496986
C_PAWNSTRUCTURE:0.4501548964316706
C_PIECECOORDINATION:0.5094687383544518
C_ROOKANDPAWNMOVEMENT:0.5094687383544518
C_CENTERCONTROL:0.46500401114073997
C_DEVELOPPIECES:0.49464604077751834
C_MATERIAL:0.4450609362431701
