ELO:998
CE_PASSEDPAWNS:0.49504912621515607
CE_PAWNWEAKNESSES:0.5
CE_PIECEACTIVITY:0.5065617386190299
CE_KINGPAWNSHIELD:0.49760207442280646
CE_PIECECOORDINATION:0.5052428931969453
CE_MATERIAL:0.4928526375122508
CE_KINGSAFETY:0.5
C_PIECESQUARETABLES:0.5
C_MOBILITY:0.5041409801575384
C_KINGSAFETY:0.5061288177431749
C_PAWNSTRUCTURE:0.5171076325396868
C_PIECECOORDINATION:0.5072804310786427
C_ROOK:0.5018462170994482
CE_ROOK:0.5003374547894447
C_CENTERCONTROL:0.5110454540977769
C_DEVELOPPIECES:0.4893700978568151
C_MATERIAL:0.4974309030654465
C_MOVECOUNT:0.502626983617416
C_PAWNMOVEMENT:0.49654667577344613
