ELO:921
CE_PASSEDPAWNS:0.38114247216380004
CE_PAWNWEAKNESSES:0.4934599974926248
CE_PIECEACTIVITY:0.5680460356401431
CE_KINGPAWNSHIELD:0.5600331022824433
CE_PIECECOORDINATION:0.49101107622151247
CE_MATERIAL:0.5357692955971132
CE_KINGSAFETY:0.516323179017954
C_PIECESQUARETABLES:0.5158891671051681
C_MOBILITY:0.48088745226980256
C_KINGSAFETY:0.496520328229501
C_PAWNSTRUCTURE:0.475297358261197
C_PIECECOORDINATION:0.5219868033994538
C_ROOKANDPAWNMOVEMENT:0.5219868033994538
C_CENTERCONTROL:0.5779039764109435
C_DEVELOPPIECES:0.5820010699758581
C_MATERIAL:0.5372104287881951
