ELO:1000
CE_PASSEDPAWNS:0.4977920964621154
CE_PAWNWEAKNESSES:0.523735423434529
CE_PIECEACTIVITY:0.5070654619484615
CE_KINGPAWNSHIELD:0.5053832413337721
CE_PIECECOORDINATION:0.5044463559717424
CE_MATERIAL:0.4895972195252812
CE_KINGSAFETY:0.4917129934065826
C_PIECESQUARETABLES:0.498649045896997
C_MOBILITY:0.48046991221213564
C_KINGSAFETY:0.5107722164498197
C_PAWNSTRUCTURE:0.47700107089348576
C_PIECECOORDINATION:0.4964656887595958
C_ROOKANDPAWNMOVEMENT:0.4964656887595958
C_CENTERCONTROL:0.5299076520194732
C_DEVELOPPIECES:0.5147851015155802
C_MATERIAL:0.4846480300360354
