ELO:955
CE_PASSEDPAWNS:0.4796821384059756
CE_PAWNWEAKNESSES:0.4988432481834859
CE_PIECEACTIVITY:0.4967866727884716
CE_KINGPAWNSHIELD:0.5
CE_PIECECOORDINATION:0.4977081295468796
CE_MATERIAL:0.5035439863136525
CE_KINGSAFETY:0.501805208758559
C_PIECESQUARETABLES:0.5077820903073247
C_MOBILITY:0.4920066407411915
C_KINGSAFETY:0.5139107683887567
C_PAWNSTRUCTURE:0.4889802908308512
C_PIECECOORDINATION:0.5029299644180986
C_ROOKANDPAWNMOVEMENT:0.5029299644180986
C_CENTERCONTROL:0.5115478061113276
C_DEVELOPPIECES:0.4737959445433912
C_MATERIAL:0.5077586365850835
C_MOVECOUNT:0.5
