ELO:950
CE_PASSEDPAWNS:0.5254545245641067
CE_PAWNWEAKNESSES:0.48253803096028336
CE_PIECEACTIVITY:0.5587967371905506
CE_KINGPAWNSHIELD:0.4973783598783369
CE_PIECECOORDINATION:0.5206768169291351
CE_MATERIAL:0.5648438565287697
CE_KINGSAFETY:0.5
C_PIECESQUARETABLES:0.49660536258328025
C_MOBILITY:0.5088194330385117
C_KINGSAFETY:0.48937457035821214
C_PAWNSTRUCTURE:0.48523530375623375
C_PIECECOORDINATION:0.5046574394648701
C_ROOK:0.5114509211546263
CE_ROOK:0.547803664248615
C_CENTERCONTROL:0.494201055087589
C_DEVELOPPIECES:0.48682463014329236
C_MATERIAL:0.49496378376990124
C_MOVECOUNT:0.5064332047909497
C_PAWNMOVEMENT:0.47004462479705755
