ELO:991
CE_PASSEDPAWNS:0.4570307733092192
CE_PAWNWEAKNESSES:0.5159679377043874
CE_PIECEACTIVITY:0.5554548902437755
CE_KINGPAWNSHIELD:0.5496462511410597
CE_PIECECOORDINATION:0.4729856686038521
CE_MATERIAL:0.5709348895216935
CE_KINGSAFETY:0.5002030518286739
C_PIECESQUARETABLES:0.5
C_MOBILITY:0.49307136775064986
C_KINGSAFETY:0.5137314204000724
C_PAWNSTRUCTURE:0.43830258798601796
C_PIECECOORDINATION:0.5720844848016705
C_ROOKANDPAWNMOVEMENT:0.5720844848016705
C_CENTERCONTROL:0.6056942892624232
C_DEVELOPPIECES:0.5636222226154347
C_MATERIAL:0.491708616705163
