ELO:921
CE_PASSEDPAWNS:0.3922191036526571
CE_PAWNWEAKNESSES:0.47790803592128767
CE_PIECEACTIVITY:0.5392951000854954
CE_KINGPAWNSHIELD:0.5561850014805936
CE_PIECECOORDINATION:0.49112785636874534
CE_MATERIAL:0.544220460852055
CE_KINGSAFETY:0.5267308754321389
C_PIECESQUARETABLES:0.5075327186266011
C_MOBILITY:0.4834647862329179
C_KINGSAFETY:0.5078894969986569
C_PAWNSTRUCTURE:0.4656668907029683
C_PIECECOORDINATION:0.5118726604191026
C_ROOKANDPAWNMOVEMENT:0.5118726604191026
C_CENTERCONTROL:0.5909033062161866
C_DEVELOPPIECES:0.5761091148505805
C_MATERIAL:0.5342321432408133
