ELO:961
CE_PASSEDPAWNS:0.521331979146117
CE_PAWNWEAKNESSES:0.4857340851896552
CE_PIECEACTIVITY:0.5121883205977028
CE_KINGPAWNSHIELD:0.4999314261793753
CE_PIECECOORDINATION:0.5097763265955381
CE_MATERIAL:0.49929229519584595
CE_KINGSAFETY:0.5
C_PIECESQUARETABLES:0.5
C_MOBILITY:0.4933377524649124
C_KINGSAFETY:0.5023244180702131
C_PAWNSTRUCTURE:0.49415625592321083
C_PIECECOORDINATION:0.5037958621115
C_ROOK:0.5181345083043772
CE_ROOK:0.5316604739770219
C_CENTERCONTROL:0.48360335738175975
C_DEVELOPPIECES:0.486481811563861
C_MATERIAL:0.49940924312927926
C_MOVECOUNT:0.4979799121581795
C_PAWNMOVEMENT:0.49192899012513175
