ELO:733
CE_PASSEDPAWNS:0.4760062948866144
CE_PAWNWEAKNESSES:0.5056023645422311
CE_PIECEACTIVITY:0.4913899338933967
CE_KINGPAWNSHIELD:0.587859101714235
CE_PIECECOORDINATION:0.4410344998953872
CE_MATERIAL:0.4007180283236784
CE_KINGSAFETY:0.5
C_PIECESQUARETABLES:0.5
C_MOBILITY:0.5372042478602908
C_KINGSAFETY:0.5279914753513643
C_PAWNSTRUCTURE:0.4203862332697947
C_PIECECOORDINATION:0.5371838987943726
C_ROOKANDPAWNMOVEMENT:0.5371838987943726
C_CENTERCONTROL:0.5879771552291468
C_DEVELOPPIECES:0.45472722307626395
C_MATERIAL:0.4433160224873363
C_MOVECOUNT:0.5
