ELO:906
CE_PASSEDPAWNS:0.46171732445153435
CE_PAWNWEAKNESSES:0.4654992864135914
CE_PIECEACTIVITY:0.4768626890884253
CE_KINGPAWNSHIELD:0.502039054981711
CE_PIECECOORDINATION:0.5109809902354614
CE_MATERIAL:0.4759466073231488
CE_KINGSAFETY:0.5
C_PIECESQUARETABLES:0.44750940687442076
C_MOBILITY:0.5126926521875518
C_KINGSAFETY:0.5113947534910103
C_PAWNSTRUCTURE:0.4892343004361999
C_PIECECOORDINATION:0.49788892830400977
C_ROOKANDPAWNMOVEMENT:0.49788892830400977
C_CENTERCONTROL:0.47224499501928
C_DEVELOPPIECES:0.4525674436909587
C_MATERIAL:0.4882150819090788
C_MOVECOUNT:0.5
