ELO:989
CE_PASSEDPAWNS:0.3671258369474086
CE_PAWNWEAKNESSES:0.5086530027826172
CE_PIECEACTIVITY:0.5594978002495871
CE_KINGPAWNSHIELD:0.47959558936134555
CE_PIECECOORDINATION:0.4674548899098897
CE_MATERIAL:0.528745535116446
CE_KINGSAFETY:0.5098447356783729
C_PIECESQUARETABLES:0.5116622552630452
C_MOBILITY:0.49714053685092596
C_KINGSAFETY:0.5623918386622313
C_PAWNSTRUCTURE:0.3270201567712601
C_PIECECOORDINATION:0.44135327382864503
C_ROOKANDPAWNMOVEMENT:0.44135327382864503
C_CENTERCONTROL:0.35488331713916
C_DEVELOPPIECES:0.48463106472835726
C_MATERIAL:0.6780163640992205
