ELO:677
CE_PASSEDPAWNS:0.48234233580191005
CE_PAWNWEAKNESSES:0.48401407764522353
CE_PIECEACTIVITY:0.482990405526092
CE_KINGPAWNSHIELD:0.5614625402373163
CE_PIECECOORDINATION:0.4352272679211074
CE_MATERIAL:0.40441784485448073
CE_KINGSAFETY:0.5343263664540876
C_PIECESQUARETABLES:0.5010359566813553
C_MOBILITY:0.5278660847307061
C_KINGSAFETY:0.5340199068740352
C_PAWNSTRUCTURE:0.42073053247423975
C_PIECECOORDINATION:0.5184803571171768
C_ROOKANDPAWNMOVEMENT:0.5184803571171768
C_CENTERCONTROL:0.6008811245008695
C_DEVELOPPIECES:0.4558064180915312
C_MATERIAL:0.4432253791977738
C_MOVECOUNT:0.5000480255226946
