ELO:979
CE_PASSEDPAWNS:0.5036336262377978
CE_PAWNWEAKNESSES:0.4960473928122085
CE_PIECEACTIVITY:0.5121883205977028
CE_KINGPAWNSHIELD:0.501118014206848
CE_PIECECOORDINATION:0.5170538227202858
CE_MATERIAL:0.49042976361496576
CE_KINGSAFETY:0.5
C_PIECESQUARETABLES:0.5
C_MOBILITY:0.5111577409967134
C_KINGSAFETY:0.5054608739299439
C_PAWNSTRUCTURE:0.5042520805803379
C_PIECECOORDINATION:0.5033960487375477
C_ROOK:0.5105401814809325
CE_ROOK:0.5146421182343831
C_CENTERCONTROL:0.4934719109336211
C_DEVELOPPIECES:0.4838506747359034
C_MATERIAL:0.4755348946802899
C_MOVECOUNT:0.4983592472790524
C_PAWNMOVEMENT:0.49027045834434196
