ELO:926
CE_PASSEDPAWNS:0.505517404364799
CE_PAWNWEAKNESSES:0.5035329474654452
CE_PIECEACTIVITY:0.47570099631815066
CE_KINGPAWNSHIELD:0.4943370894784487
CE_PIECECOORDINATION:0.5492231972136248
CE_MATERIAL:0.5777286094758051
CE_KINGSAFETY:0.488393787967801
C_PIECESQUARETABLES:0.5131577595477661
C_MOBILITY:0.4549876627721293
C_KINGSAFETY:0.3893002701200776
C_PAWNSTRUCTURE:0.44482501311035993
C_PIECECOORDINATION:0.5125420548822729
C_ROOKANDPAWNMOVEMENT:0.5125420548822729
C_CENTERCONTROL:0.5317461955457365
C_DEVELOPPIECES:0.4787950961133173
C_MATERIAL:0.5308352756642218
