ELO:955
CE_PASSEDPAWNS:0.39787206107170275
CE_PAWNWEAKNESSES:0.5483121313829445
CE_PIECEACTIVITY:0.5064872832711838
CE_KINGPAWNSHIELD:0.5913793810924773
CE_PIECECOORDINATION:0.5583262692339429
CE_MATERIAL:0.4352983751919719
CE_KINGSAFETY:0.5422596238819903
C_PIECESQUARETABLES:0.5232353970809324
C_MOBILITY:0.5221250204228168
C_KINGSAFETY:0.4836791584374866
C_PAWNSTRUCTURE:0.4892888656394276
C_PIECECOORDINATION:0.5450587080596404
C_ROOKANDPAWNMOVEMENT:0.5450587080596404
C_CENTERCONTROL:0.5424830571698707
C_DEVELOPPIECES:0.5139402770123939
C_MATERIAL:0.6145731719510699
