ELO:953
CE_PASSEDPAWNS:0.5665141125832788
CE_PAWNWEAKNESSES:0.4065200141141054
CE_PIECEACTIVITY:0.4523012923173058
CE_KINGPAWNSHIELD:0.5044715708832901
CE_PIECECOORDINATION:0.5429253362659443
CE_MATERIAL:0.4874030588531064
CE_KINGSAFETY:0.49468946149730214
C_PIECESQUARETABLES:0.5010433500852944
C_MOBILITY:0.5079461730100377
C_KINGSAFETY:0.5524593481731136
C_PAWNSTRUCTURE:0.4892888656394276
C_PIECECOORDINATION:0.4811596643169537
C_ROOKANDPAWNMOVEMENT:0.4811596643169537
C_CENTERCONTROL:0.506092506948959
C_DEVELOPPIECES:0.4183757898825794
C_MATERIAL:0.4611532219928287
