ELO:1042
CE_PASSEDPAWNS:0.6369794995174562
CE_PAWNWEAKNESSES:0.4655417877666144
CE_PIECEACTIVITY:0.46271876745190166
CE_KINGPAWNSHIELD:0.5341325041580627
CE_PIECECOORDINATION:0.5062168600158
CE_MATERIAL:0.4687281268159631
CE_KINGSAFETY:0.5192093093751903
C_PIECESQUARETABLES:0.5110152651512949
C_MOBILITY:0.410897002749379
C_KINGSAFETY:0.5139686342025693
C_PAWNSTRUCTURE:0.3506527121255394
C_PIECECOORDINATION:0.45839858898287167
C_ROOKANDPAWNMOVEMENT:0.45839858898287167
C_CENTERCONTROL:0.5108381994574055
C_DEVELOPPIECES:0.5656990517883441
C_MATERIAL:0.43423971329469996
