ELO:981
CE_PASSEDPAWNS:0.5032725567054184
CE_PAWNWEAKNESSES:0.4891203180340825
CE_PIECEACTIVITY:0.5520393753728697
CE_KINGPAWNSHIELD:0.48985347712562094
CE_PIECECOORDINATION:0.5467512762636034
CE_MATERIAL:0.526369083058491
CE_KINGSAFETY:0.5
C_PIECESQUARETABLES:0.4828038642501159
C_MOBILITY:0.4540597559921459
C_KINGSAFETY:0.43708784151672747
C_PAWNSTRUCTURE:0.426741756079185
C_PIECECOORDINATION:0.5306371492531287
C_ROOKANDPAWNMOVEMENT:0.5306371492531287
C_CENTERCONTROL:0.5356944542061789
C_DEVELOPPIECES:0.48907680014853233
C_MATERIAL:0.4791949584331928
