ELO:941
CE_PASSEDPAWNS:0.37076843257972025
CE_PAWNWEAKNESSES:0.514978855728077
CE_PIECEACTIVITY:0.5552534273186122
CE_KINGPAWNSHIELD:0.5567783873163967
CE_PIECECOORDINATION:0.45593690712135526
CE_MATERIAL:0.5405738548935135
CE_KINGSAFETY:0.48945995908056983
C_PIECESQUARETABLES:0.4962596247548631
C_MOBILITY:0.5105750570015518
C_KINGSAFETY:0.49279118137244216
C_PAWNSTRUCTURE:0.4461048567652515
C_PIECECOORDINATION:0.5026315759579977
C_ROOKANDPAWNMOVEMENT:0.5026315759579977
C_CENTERCONTROL:0.6111943640843663
C_DEVELOPPIECES:0.6057078927188259
C_MATERIAL:0.5233842243929788
