ELO:924
CE_PASSEDPAWNS:0.505517404364799
CE_PAWNWEAKNESSES:0.5035329474654452
CE_PIECEACTIVITY:0.47570099631815066
CE_KINGPAWNSHIELD:0.4847172669057116
CE_PIECECOORDINATION:0.5492231972136248
CE_MATERIAL:0.5780143509340813
CE_KINGSAFETY:0.488393787967801
C_PIECESQUARETABLES:0.5170920252494552
C_MOBILITY:0.4549876627721293
C_KINGSAFETY:0.3893002701200776
C_PAWNSTRUCTURE:0.44482501311035993
C_PIECECOORDINATION:0.5026763826418017
C_ROOKANDPAWNMOVEMENT:0.5026763826418017
C_CENTERCONTROL:0.5258417515308661
C_DEVELOPPIECES:0.4661260682490192
C_MATERIAL:0.5263240619010852
