ELO:1008
CE_PASSEDPAWNS:0.5
CE_PAWNWEAKNESSES:0.4883941711911471
CE_PIECEACTIVITY:0.4995837144561262
CE_KINGPAWNSHIELD:0.5036857336567319
CE_PIECECOORDINATION:0.5520449963558857
CE_MATERIAL:0.5309908777584422
CE_KINGSAFETY:0.5
C_PIECESQUARETABLES:0.5
C_MOBILITY:0.4960834876060091
C_KINGSAFETY:0.4929553903394998
C_PAWNSTRUCTURE:0.48394992980300494
C_PIECECOORDINATION:0.5160640821865868
C_ROOKANDPAWNMOVEMENT:0.5160640821865868
C_CENTERCONTROL:0.485781762967303
C_DEVELOPPIECES:0.5118379218180764
C_MATERIAL:0.5022052454790797
C_MOVECOUNT:0.5
