ELO:894
CE_PASSEDPAWNS:0.4859108029444187
CE_PAWNWEAKNESSES:0.4776605994663618
CE_PIECEACTIVITY:0.5072566855711453
CE_KINGPAWNSHIELD:0.5561336494740959
CE_PIECECOORDINATION:0.5270103429248781
CE_MATERIAL:0.48864843239983835
CE_KINGSAFETY:0.4895499962937673
C_PIECESQUARETABLES:0.48396429432874083
C_MOBILITY:0.5054734136451343
C_KINGSAFETY:0.5144902582612776
C_PAWNSTRUCTURE:0.4323588814095658
C_PIECECOORDINATION:0.4975296997421415
C_ROOK:0.49126667204900015
CE_ROOK:0.558569080757019
C_CENTERCONTROL:0.5015758382699808
C_DEVELOPPIECES:0.46572019290505356
C_MATERIAL:0.4630327559316152
C_MOVECOUNT:0.5252429073873847
C_PAWNMOVEMENT:0.4905514494269321
