ELO:989
CE_PASSEDPAWNS:0.3555922015666476
CE_PAWNWEAKNESSES:0.517255876877741
CE_PIECEACTIVITY:0.5750937748286041
CE_KINGPAWNSHIELD:0.47955866018633947
CE_PIECECOORDINATION:0.462484633551007
CE_MATERIAL:0.5080575365368734
CE_KINGSAFETY:0.5075868664478052
C_PIECESQUARETABLES:0.5
C_MOBILITY:0.5138411813393952
C_KINGSAFETY:0.5537076739788496
C_PAWNSTRUCTURE:0.3109786231211422
C_PIECECOORDINATION:0.4455295289066636
C_ROOKANDPAWNMOVEMENT:0.4455295289066636
C_CENTERCONTROL:0.35059010161960913
C_DEVELOPPIECES:0.4840106697297532
C_MATERIAL:0.6828983766046607
