ELO:1017
CE_PASSEDPAWNS:0.5
CE_PAWNWEAKNESSES:0.49983711524572116
CE_PIECEACTIVITY:0.5160617649307307
CE_KINGPAWNSHIELD:0.504035570680729
CE_PIECECOORDINATION:0.49002665480616014
CE_MATERIAL:0.5
CE_KINGSAFETY:0.4972657805104549
C_PIECESQUARETABLES:0.5
C_MOBILITY:0.5
C_KINGSAFETY:0.5090604986768512
C_PAWNSTRUCTURE:0.5
C_PIECECOORDINATION:0.4903374916457966
C_ROOKANDPAWNMOVEMENT:0.4903374916457966
C_CENTERCONTROL:0.5129005327283077
C_DEVELOPPIECES:0.48874297200151895
C_MATERIAL:0.5
C_MOVECOUNT:0.5
