ELO:978
CE_PASSEDPAWNS:0.48220332676350536
CE_PAWNWEAKNESSES:0.5100325491316222
CE_PIECEACTIVITY:0.548538642757971
CE_KINGPAWNSHIELD:0.48952291233410855
CE_PIECECOORDINATION:0.48568498820725675
CE_MATERIAL:0.49788856668941067
CE_KINGSAFETY:0.504240648162306
C_PIECESQUARETABLES:0.5047449212969958
C_MOBILITY:0.5096434981039345
C_KINGSAFETY:0.5226631697020377
C_PAWNSTRUCTURE:0.49847348842823846
C_PIECECOORDINATION:0.5403142391911725
C_ROOKANDPAWNMOVEMENT:0.5403142391911725
C_CENTERCONTROL:0.5400995788045649
C_DEVELOPPIECES:0.5674777431393665
C_MATERIAL:0.503692706885656
