ELO:937
CE_PASSEDPAWNS:0.52976576338018
CE_PAWNWEAKNESSES:0.5158455172268266
CE_PIECEACTIVITY:0.5957775849042113
CE_KINGPAWNSHIELD:0.440119388294753
CE_PIECECOORDINATION:0.5118754900689871
CE_MATERIAL:0.5021960304502016
CE_KINGSAFETY:0.48957740957497775
C_PIECESQUARETABLES:0.5335944493308455
C_MOBILITY:0.4875159719734462
C_KINGSAFETY:0.5184691054346409
C_PAWNSTRUCTURE:0.5824117825758418
C_PIECECOORDINATION:0.49601409598110097
C_ROOKANDPAWNMOVEMENT:0.49601409598110097
C_CENTERCONTROL:0.5848271438179989
C_DEVELOPPIECES:0.6707576235184455
C_MATERIAL:0.4545889499438371
