ELO:969
CE_PASSEDPAWNS:0.5
CE_PAWNWEAKNESSES:0.48534665037628444
CE_PIECEACTIVITY:0.5437525705524892
CE_KINGPAWNSHIELD:0.47825646011805734
CE_PIECECOORDINATION:0.5209806095860022
CE_MATERIAL:0.5027906780355499
CE_KINGSAFETY:0.49911151630261746
C_PIECESQUARETABLES:0.536515536595553
C_MOBILITY:0.5130061553899082
C_KINGSAFETY:0.46121754546198346
C_PAWNSTRUCTURE:0.46927518658474254
C_PIECECOORDINATION:0.4893182451936472
C_ROOKANDPAWNMOVEMENT:0.4893182451936472
C_CENTERCONTROL:0.5
C_DEVELOPPIECES:0.5008514359823195
C_MATERIAL:0.5
C_MOVECOUNT:0.5
