ELO:1043
CE_PASSEDPAWNS:0.47613867485135847
CE_PAWNWEAKNESSES:0.4944346532272651
CE_PIECEACTIVITY:0.49054306296707384
CE_KINGPAWNSHIELD:0.4788605174323945
CE_PIECECOORDINATION:0.45787155773489346
CE_MATERIAL:0.5153813363759676
CE_KINGSAFETY:0.5
C_PIECESQUARETABLES:0.5195691520671989
C_MOBILITY:0.4480707806984316
C_KINGSAFETY:0.5201536192007441
C_PAWNSTRUCTURE:0.485589642265459
C_PIECECOORDINATION:0.48818180750106155
C_ROOKANDPAWNMOVEMENT:0.48818180750106155
C_CENTERCONTROL:0.43742468111065136
C_DEVELOPPIECES:0.48256232256316556
C_MATERIAL:0.5
C_MOVECOUNT:0.49133247654946166
