ELO:1015
CE_PASSEDPAWNS:0.5154772786028577
CE_PAWNWEAKNESSES:0.47945147121280124
CE_PIECEACTIVITY:0.4700165101883084
CE_KINGPAWNSHIELD:0.5094204882235956
CE_PIECECOORDINATION:0.5092295408210925
CE_MATERIAL:0.4888857657564798
CE_KINGSAFETY:0.5
C_PIECESQUARETABLES:0.5
C_MOBILITY:0.5268291984537178
C_KINGSAFETY:0.53125830544146
C_PAWNSTRUCTURE:0.514958549981128
C_PIECECOORDINATION:0.4969500145011681
C_ROOKANDPAWNMOVEMENT:0.4969500145011681
C_CENTERCONTROL:0.4635851491616858
C_DEVELOPPIECES:0.5056509904776134
C_MATERIAL:0.5194805674496753
C_MOVECOUNT:0.495358272867187
