ELO:886
CE_PASSEDPAWNS:0.4814636458955215
CE_PAWNWEAKNESSES:0.4851517164362968
CE_PIECEACTIVITY:0.516652318374879
CE_KINGPAWNSHIELD:0.5638226647429323
CE_PIECECOORDINATION:0.5242041983680896
CE_MATERIAL:0.5050239026552676
CE_KINGSAFETY:0.5031969924827063
C_PIECESQUARETABLES:0.4876482120235936
C_MOBILITY:0.5038390235043951
C_KINGSAFETY:0.5115286549129875
C_PAWNSTRUCTURE:0.4586079661762082
C_PIECECOORDINATION:0.5235501790898548
C_ROOK:0.49586387419348976
CE_ROOK:0.581171533821385
C_CENTERCONTROL:0.48520568245840767
C_DEVELOPPIECES:0.46655205084181756
C_MATERIAL:0.46991498668371384
C_MOVECOUNT:0.5210103760811688
C_PAWNMOVEMENT:0.4939162855952262
