ELO:970
CE_PASSEDPAWNS:0.5334874015362883
CE_PAWNWEAKNESSES:0.6003926476937365
CE_PIECEACTIVITY:0.42901279933857167
CE_KINGPAWNSHIELD:0.5709034957624866
CE_PIECECOORDINATION:0.5261599140278821
CE_MATERIAL:0.4990091078520566
CE_KINGSAFETY:0.5092045090074837
C_PIECESQUARETABLES:0.4917036650991326
C_MOBILITY:0.5280869716921515
C_KINGSAFETY:0.4028604987348304
C_PAWNSTRUCTURE:0.4599198078549247
C_PIECECOORDINATION:0.517411623629655
C_ROOKANDPAWNMOVEMENT:0.517411623629655
C_CENTERCONTROL:0.495345860624566
C_DEVELOPPIECES:0.5129602754444508
C_MATERIAL:0.4016071965774558
