ELO:775
CE_PASSEDPAWNS:0.3520796513278884
CE_PAWNWEAKNESSES:0.502160021111044
CE_PIECEACTIVITY:0.49908109820646496
CE_KINGPAWNSHIELD:0.4688692063386298
CE_PIECECOORDINATION:0.5895204673694884
CE_MATERIAL:0.41564522733389586
CE_KINGSAFETY:0.5344838304117809
C_PIECESQUARETABLES:0.4717241528437003
C_MOBILITY:0.5111619501920865
C_KINGSAFETY:0.5186531776151212
C_PAWNSTRUCTURE:0.5109831688434953
C_PIECECOORDINATION:0.45010368073416734
C_ROOKANDPAWNMOVEMENT:0.45010368073416734
C_CENTERCONTROL:0.4726797623838054
C_DEVELOPPIECES:0.46801464733226394
C_MATERIAL:0.49046298834990654
C_MOVECOUNT:0.4871615647968923
