ELO:1003
CE_PASSEDPAWNS:0.5030247776113664
CE_PAWNWEAKNESSES:0.5
CE_PIECEACTIVITY:0.5018488656546725
CE_KINGPAWNSHIELD:0.5106077318665008
CE_PIECECOORDINATION:0.5064241345248298
CE_MATERIAL:0.5079169243548216
CE_KINGSAFETY:0.4972657805104549
C_PIECESQUARETABLES:0.5
C_MOBILITY:0.4962307954668936
C_KINGSAFETY:0.5007607309421702
C_PAWNSTRUCTURE:0.5
C_PIECECOORDINATION:0.5091223450704107
C_ROOKANDPAWNMOVEMENT:0.5091223450704107
C_CENTERCONTROL:0.5088539609209143
C_DEVELOPPIECES:0.49235151799369603
C_MATERIAL:0.5
C_MOVECOUNT:0.47741536520311934
