ELO:942
CE_PASSEDPAWNS:0.47921835730859125
CE_PAWNWEAKNESSES:0.46368307307405976
CE_PIECEACTIVITY:0.503535273040288
CE_KINGPAWNSHIELD:0.5435049674706768
CE_PIECECOORDINATION:0.5153557114088004
CE_MATERIAL:0.5038964214016642
CE_KINGSAFETY:0.49783401593819315
C_PIECESQUARETABLES:0.5
C_MOBILITY:0.493802565781819
C_KINGSAFETY:0.5197481748956446
C_PAWNSTRUCTURE:0.448408936391326
C_PIECECOORDINATION:0.48775390133977176
C_ROOK:0.48723090881716175
CE_ROOK:0.5414366808006486
C_CENTERCONTROL:0.4783522255534625
C_DEVELOPPIECES:0.4553745245039528
C_MATERIAL:0.48424690103148743
C_MOVECOUNT:0.5480339915627991
C_PAWNMOVEMENT:0.4927835234781384
