ELO:992
CE_PASSEDPAWNS:0.4980445582674632
CE_PAWNWEAKNESSES:0.4565510696416432
CE_PIECEACTIVITY:0.5350474262973133
CE_KINGPAWNSHIELD:0.4363912863365529
CE_PIECECOORDINATION:0.5470874047006203
CE_MATERIAL:0.5422566771059806
CE_KINGSAFETY:0.5
C_PIECESQUARETABLES:0.5
C_MOBILITY:0.4953253107692609
C_KINGSAFETY:0.5049002727282865
C_PAWNSTRUCTURE:0.49985067223834934
C_PIECECOORDINATION:0.4956004366189055
C_ROOKANDPAWNMOVEMENT:0.4956004366189055
C_CENTERCONTROL:0.46563888912951384
C_DEVELOPPIECES:0.5096379307570734
C_MATERIAL:0.5201584906579828
C_MOVECOUNT:0.5
