ELO:925
CE_PASSEDPAWNS:0.42497424294312613
CE_PAWNWEAKNESSES:0.48540456482551136
CE_PIECEACTIVITY:0.5793425367553393
CE_KINGPAWNSHIELD:0.560658153189414
CE_PIECECOORDINATION:0.49489728232628366
CE_MATERIAL:0.5997200409561336
CE_KINGSAFETY:0.5003421204182467
C_PIECESQUARETABLES:0.5628004090099488
C_MOBILITY:0.5683873517041729
C_KINGSAFETY:0.5038554365193757
C_PAWNSTRUCTURE:0.47403879794985243
C_PIECECOORDINATION:0.5613861767028431
C_ROOKANDPAWNMOVEMENT:0.5613861767028431
C_CENTERCONTROL:0.4557327921571384
C_DEVELOPPIECES:0.5318093937887971
C_MATERIAL:0.42365654852476053
