ELO:1032
CE_PASSEDPAWNS:0.492455085295809
CE_PAWNWEAKNESSES:0.4833199910268037
CE_PIECEACTIVITY:0.5176926225531656
CE_KINGPAWNSHIELD:0.5352538930381612
CE_PIECECOORDINATION:0.5758915534909177
CE_MATERIAL:0.4802521724092918
CE_KINGSAFETY:0.5109687285875463
C_PIECESQUARETABLES:0.5
C_MOBILITY:0.49747090452905873
C_KINGSAFETY:0.4749734886846588
C_PAWNSTRUCTURE:0.45726058367357547
C_PIECECOORDINATION:0.440202723035339
C_ROOKANDPAWNMOVEMENT:0.440202723035339
C_CENTERCONTROL:0.5406932725578059
C_DEVELOPPIECES:0.48982090958369834
C_MATERIAL:0.533897373857924
