ELO:734
CE_PASSEDPAWNS:0.3413415386062702
CE_PAWNWEAKNESSES:0.5036111968281208
CE_PIECEACTIVITY:0.4969532625076652
CE_KINGPAWNSHIELD:0.48040164432842725
CE_PIECECOORDINATION:0.5931841338794649
CE_MATERIAL:0.40973206627129705
CE_KINGSAFETY:0.533813261288553
C_PIECESQUARETABLES:0.4662870884107832
C_MOBILITY:0.5031192797549253
C_KINGSAFETY:0.5023001889574747
C_PAWNSTRUCTURE:0.513501258562746
C_PIECECOORDINATION:0.4420304492434728
C_ROOKANDPAWNMOVEMENT:0.4420304492434728
C_CENTERCONTROL:0.4597973919378127
C_DEVELOPPIECES:0.46883263324649466
C_MATERIAL:0.5004787379616599
C_MOVECOUNT:0.5073294774229924
