ELO:867
CE_PASSEDPAWNS:0.5907394247918366
CE_PAWNWEAKNESSES:0.4996486265182131
CE_PIECEACTIVITY:0.5207562778378447
CE_KINGPAWNSHIELD:0.5810676617894333
CE_PIECECOORDINATION:0.48289093077385536
CE_MATERIAL:0.5212381781118038
CE_KINGSAFETY:0.5304946473556176
C_PIECESQUARETABLES:0.4440245618711456
C_MOBILITY:0.5001131200511896
C_KINGSAFETY:0.5302134005391005
C_PAWNSTRUCTURE:0.38947529853930773
C_PIECECOORDINATION:0.5595790616920101
C_ROOKANDPAWNMOVEMENT:0.5595790616920101
C_CENTERCONTROL:0.4692489227638129
C_DEVELOPPIECES:0.501670481279622
C_MATERIAL:0.5582560520744739
C_MOVECOUNT:0.5
