ELO:971
CE_PASSEDPAWNS:0.6456091155192317
CE_PAWNWEAKNESSES:0.5343127723315565
CE_PIECEACTIVITY:0.41796855130549043
CE_KINGPAWNSHIELD:0.503205146824426
CE_PIECECOORDINATION:0.4842013987350122
CE_MATERIAL:0.4422926527245325
CE_KINGSAFETY:0.5099261507357167
C_PIECESQUARETABLES:0.5164218472812511
C_MOBILITY:0.42012823150954676
C_KINGSAFETY:0.5273349559816513
C_PAWNSTRUCTURE:0.4521571113984162
C_PIECECOORDINATION:0.5152936646466363
C_ROOKANDPAWNMOVEMENT:0.5152936646466363
C_CENTERCONTROL:0.5159865461606605
C_DEVELOPPIECES:0.588558303022744
C_MATERIAL:0.5070750533183617
