ELO:984
CE_PASSEDPAWNS:0.5176614018653712
CE_PAWNWEAKNESSES:0.496849784850816
CE_PIECEACTIVITY:0.5108874395552281
CE_KINGPAWNSHIELD:0.5017068986409522
CE_PIECECOORDINATION:0.4937697086680761
CE_MATERIAL:0.49012885695176994
CE_KINGSAFETY:0.5123921016392898
C_PIECESQUARETABLES:0.4975483351463917
C_MOBILITY:0.5099205953721232
C_KINGSAFETY:0.49146144949101117
C_PAWNSTRUCTURE:0.48082218244777375
C_PIECECOORDINATION:0.4999146146653454
C_ROOK:0.5003473140968929
CE_ROOK:0.5020002521935613
C_CENTERCONTROL:0.4876942748305306
C_DEVELOPPIECES:0.48625403823970564
C_MATERIAL:0.4842598668136472
C_MOVECOUNT:0.4894914305651308
C_PAWNMOVEMENT:0.4991299852145361
