ELO:980
CE_PASSEDPAWNS:0.5584087550814584
CE_PAWNWEAKNESSES:0.570344881415159
CE_PIECEACTIVITY:0.45817859720806203
CE_KINGPAWNSHIELD:0.549501774028386
CE_PIECECOORDINATION:0.5153233558896222
CE_MATERIAL:0.5154965193042502
CE_KINGSAFETY:0.5065758886035195
C_PIECESQUARETABLES:0.5
C_MOBILITY:0.5514645987835184
C_KINGSAFETY:0.4191121706921735
C_PAWNSTRUCTURE:0.45820937086056585
C_PIECECOORDINATION:0.5119061460308597
C_ROOKANDPAWNMOVEMENT:0.5119061460308597
C_CENTERCONTROL:0.4821974687549147
C_DEVELOPPIECES:0.49919515260619635
C_MATERIAL:0.424563009208851
