ELO:1072
CE_PASSEDPAWNS:0.5001626516234368
CE_PAWNWEAKNESSES:0.49361338677041
CE_PIECEACTIVITY:0.5890076532776093
CE_KINGPAWNSHIELD:0.46368755315630705
CE_PIECECOORDINATION:0.5307337203527048
CE_MATERIAL:0.4865875607521057
CE_KINGSAFETY:0.4794016726064534
C_PIECESQUARETABLES:0.44459248875376245
C_MOBILITY:0.545162577389021
C_KINGSAFETY:0.5437061806739568
C_PAWNSTRUCTURE:0.4884719352793222
C_PIECECOORDINATION:0.42520143800173343
C_ROOKANDPAWNMOVEMENT:0.42520143800173343
C_CENTERCONTROL:0.5646977735784506
C_DEVELOPPIECES:0.5475091876294111
C_MATERIAL:0.48905345676924844
