ELO:990
CE_PASSEDPAWNS:0.5037622335659763
CE_PAWNWEAKNESSES:0.5028486620772644
CE_PIECEACTIVITY:0.4998217909547872
CE_KINGPAWNSHIELD:0.5106077318665008
CE_PIECECOORDINATION:0.4753802533583962
CE_MATERIAL:0.48066489914090227
CE_KINGSAFETY:0.5
C_PIECESQUARETABLES:0.5026397113619056
C_MOBILITY:0.49763509873926637
C_KINGSAFETY:0.4915544187730261
C_PAWNSTRUCTURE:0.4968205170765308
C_PIECECOORDINATION:0.4900127054482132
C_ROOKANDPAWNMOVEMENT:0.4900127054482132
C_CENTERCONTROL:0.5
C_DEVELOPPIECES:0.519359195132222
C_MATERIAL:0.5047776193780118
C_MOVECOUNT:0.4876842521540512
