ELO:977
CE_PASSEDPAWNS:0.5104932925676806
CE_PAWNWEAKNESSES:0.4954167529254794
CE_PIECEACTIVITY:0.5114992663909533
CE_KINGPAWNSHIELD:0.4895634842275922
CE_PIECECOORDINATION:0.5170581711461835
CE_MATERIAL:0.5
CE_KINGSAFETY:0.49909106654151514
C_PIECESQUARETABLES:0.5128604063710052
C_MOBILITY:0.48587540683356945
C_KINGSAFETY:0.5156396461829434
C_PAWNSTRUCTURE:0.48407772241411356
C_PIECECOORDINATION:0.5584451714781291
C_ROOK:0.5102343887285835
CE_ROOK:0.5045814194907611
C_CENTERCONTROL:0.49615340213251613
C_DEVELOPPIECES:0.5206451264270199
C_MATERIAL:0.4869188105149848
C_MOVECOUNT:0.49295879146137966
C_PAWNMOVEMENT:0.49321471254287064
