ELO:989
CE_PASSEDPAWNS:0.3555922015666476
CE_PAWNWEAKNESSES:0.49649833960654227
CE_PIECEACTIVITY:0.5517927600196982
CE_KINGPAWNSHIELD:0.470954121373072
CE_PIECECOORDINATION:0.46544225017118723
CE_MATERIAL:0.5125313430690898
CE_KINGSAFETY:0.5006541777466718
C_PIECESQUARETABLES:0.5
C_MOBILITY:0.49602577353932337
C_KINGSAFETY:0.5594239720260957
C_PAWNSTRUCTURE:0.3273983515881112
C_PIECECOORDINATION:0.44148264229268025
C_ROOKANDPAWNMOVEMENT:0.44148264229268025
C_CENTERCONTROL:0.34855400249884977
C_DEVELOPPIECES:0.4845692445524867
C_MATERIAL:0.6875608415611089
