ELO:982
CE_PASSEDPAWNS:0.5199082941543394
CE_PAWNWEAKNESSES:0.510718008297061
CE_PIECEACTIVITY:0.5201394870572249
CE_KINGPAWNSHIELD:0.5046219527293179
CE_PIECECOORDINATION:0.49940695907691846
CE_MATERIAL:0.5000383221904688
CE_KINGSAFETY:0.5119052319008772
C_PIECESQUARETABLES:0.48252019004509944
C_MOBILITY:0.5099205953721232
C_KINGSAFETY:0.49985951678145335
C_PAWNSTRUCTURE:0.473691598815456
C_PIECECOORDINATION:0.47895220829128266
C_ROOK:0.49378593243640484
CE_ROOK:0.5097940371703616
C_CENTERCONTROL:0.4876942748305306
C_DEVELOPPIECES:0.48625403823970564
C_MATERIAL:0.4842598668136472
C_MOVECOUNT:0.49738360417530486
C_PAWNMOVEMENT:0.5002098863341381
