ELO:900
CE_PASSEDPAWNS:0.48815176732968873
CE_PAWNWEAKNESSES:0.4676481609345526
CE_PIECEACTIVITY:0.4991668168819583
CE_KINGPAWNSHIELD:0.4916879624516226
CE_PIECECOORDINATION:0.5084779406209329
CE_MATERIAL:0.4868112516083656
CE_KINGSAFETY:0.5214401952990864
C_PIECESQUARETABLES:0.5346171066933989
C_MOBILITY:0.49638066385896423
C_KINGSAFETY:0.528794298454907
C_PAWNSTRUCTURE:0.48196237249473434
C_PIECECOORDINATION:0.5170758151928649
C_ROOKANDPAWNMOVEMENT:0.5170758151928649
C_CENTERCONTROL:0.4481902594080887
C_DEVELOPPIECES:0.5211206917546439
C_MATERIAL:0.4827575667341894
C_MOVECOUNT:0.5
