ELO:1076
CE_PASSEDPAWNS:0.5063904194341008
CE_PAWNWEAKNESSES:0.44953194815636344
CE_PIECEACTIVITY:0.5
CE_KINGPAWNSHIELD:0.5090767971077665
CE_PIECECOORDINATION:0.47912918554010364
CE_MATERIAL:0.4822822711650364
CE_KINGSAFETY:0.5
C_PIECESQUARETABLES:0.5093517920911781
C_MOBILITY:0.5165860157892133
C_KINGSAFETY:0.5212657124708682
C_PAWNSTRUCTURE:0.5245121808813848
C_PIECECOORDINATION:0.5011510003636197
C_ROOKANDPAWNMOVEMENT:0.5011510003636197
C_CENTERCONTROL:0.44590691852093456
C_DEVELOPPIECES:0.4708716687852647
C_MATERIAL:0.4824610997208859
C_MOVECOUNT:0.5617451270083277
