ELO:930
CE_PASSEDPAWNS:0.46748822820373487
CE_PAWNWEAKNESSES:0.5056220887516426
CE_PIECEACTIVITY:0.5
CE_KINGPAWNSHIELD:0.5465975571265891
CE_PIECECOORDINATION:0.5004693916181753
CE_MATERIAL:0.5274477516908012
CE_KINGSAFETY:0.5
C_PIECESQUARETABLES:0.5
C_MOBILITY:0.44609642294100854
C_KINGSAFETY:0.5109767957839271
C_PAWNSTRUCTURE:0.5215582920279734
C_PIECECOORDINATION:0.44218172505706776
C_ROOKANDPAWNMOVEMENT:0.44218172505706776
C_CENTERCONTROL:0.47485933502514416
C_DEVELOPPIECES:0.4304333526097535
C_MATERIAL:0.588187178141526
C_MOVECOUNT:0.5
