ELO:1000
CE_PASSEDPAWNS:0.5
CE_PAWNWEAKNESSES:0.5
CE_PIECEACTIVITY:0.5088616634805216
CE_KINGPAWNSHIELD:0.5045066375621778
CE_PIECECOORDINATION:0.5007739110581533
CE_MATERIAL:0.506454235239063
CE_KINGSAFETY:0.506060298319736
C_PIECESQUARETABLES:0.5072909956378552
C_MOBILITY:0.5
C_KINGSAFETY:0.49341887050638183
C_PAWNSTRUCTURE:0.4952719297002071
C_PIECECOORDINATION:0.49506760240022873
C_ROOK:0.508837142535301
CE_ROOK:0.505368006229617
C_CENTERCONTROL:0.5
C_DEVELOPPIECES:0.4937470642585022
C_MATERIAL:0.495423749192108
C_MOVECOUNT:0.5042977706917522
C_PAWNMOVEMENT:0.5
