ELO:1000
CE_PASSEDPAWNS:0.5149170745107075
CE_PAWNWEAKNESSES:0.5
CE_PIECEACTIVITY:0.4963770172588968
CE_KINGPAWNSHIELD:0.5030858131794644
CE_PIECECOORDINATION:0.5073406756426374
CE_MATERIAL:0.5056866343560787
CE_KINGSAFETY:0.5273562189984313
C_PIECESQUARETABLES:0.5002562898013018
C_MOBILITY:0.500077569226756
C_KINGSAFETY:0.5165247383994664
C_PAWNSTRUCTURE:0.5
C_PIECECOORDINATION:0.49408520052092175
C_ROOKANDPAWNMOVEMENT:0.49408520052092175
C_CENTERCONTROL:0.485792900420335
C_DEVELOPPIECES:0.49416939595943526
C_MATERIAL:0.49898573773850574
