ELO:987
CE_PASSEDPAWNS:0.5
CE_PAWNWEAKNESSES:0.5
CE_PIECEACTIVITY:0.5073771682470374
CE_KINGPAWNSHIELD:0.4963053706531927
CE_PIECECOORDINATION:0.5
CE_MATERIAL:0.5
CE_KINGSAFETY:0.5
C_PIECESQUARETABLES:0.5046617165043893
C_MOBILITY:0.5
C_KINGSAFETY:0.48211471123305555
C_PAWNSTRUCTURE:0.5103139760172941
C_PIECECOORDINATION:0.5097906159114665
C_ROOKANDPAWNMOVEMENT:0.5097906159114665
C_CENTERCONTROL:0.4968731632259734
C_DEVELOPPIECES:0.5
C_MATERIAL:0.5
C_MOVECOUNT:0.5070088156363448
