ELO:1005
CE_PASSEDPAWNS:0.5
CE_PAWNWEAKNESSES:0.49983711524572116
CE_PIECEACTIVITY:0.5
CE_KINGPAWNSHIELD:0.504035570680729
CE_PIECECOORDINATION:0.5082605728637757
CE_MATERIAL:0.5
CE_KINGSAFETY:0.4972657805104549
C_PIECESQUARETABLES:0.5
C_MOBILITY:0.492589296142665
C_KINGSAFETY:0.49363286623306857
C_PAWNSTRUCTURE:0.4954848581372449
C_PIECECOORDINATION:0.4989869063861329
C_ROOKANDPAWNMOVEMENT:0.4989869063861329
C_CENTERCONTROL:0.5129005327283077
C_DEVELOPPIECES:0.5002283054040666
C_MATERIAL:0.5
C_MOVECOUNT:0.5
