ELO:989
CE_PASSEDPAWNS:0.36051547854867116
CE_PAWNWEAKNESSES:0.5105488917833146
CE_PIECEACTIVITY:0.5594978002495871
CE_KINGPAWNSHIELD:0.4671501170423547
CE_PIECECOORDINATION:0.459054293262917
CE_MATERIAL:0.528745535116446
CE_KINGSAFETY:0.5098447356783729
C_PIECESQUARETABLES:0.5
C_MOBILITY:0.49602577353932337
C_KINGSAFETY:0.5537076739788496
C_PAWNSTRUCTURE:0.32658730603150493
C_PIECECOORDINATION:0.4455295289066636
C_ROOKANDPAWNMOVEMENT:0.4455295289066636
C_CENTERCONTROL:0.35666151852408656
C_DEVELOPPIECES:0.4840106697297532
C_MATERIAL:0.6899481349559431
