ELO:965
CE_PASSEDPAWNS:0.44643385694402093
CE_PAWNWEAKNESSES:0.4667124836516653
CE_PIECEACTIVITY:0.5656862056924994
CE_KINGPAWNSHIELD:0.4366122833038444
CE_PIECECOORDINATION:0.4843389434774604
CE_MATERIAL:0.4506914758916072
CE_KINGSAFETY:0.49084113145655
C_PIECESQUARETABLES:0.5
C_MOBILITY:0.5299770197951802
C_KINGSAFETY:0.4741077997155584
C_PAWNSTRUCTURE:0.5378108940740735
C_PIECECOORDINATION:0.5028992233048826
C_ROOKANDPAWNMOVEMENT:0.5028992233048826
C_CENTERCONTROL:0.5449757535933902
C_DEVELOPPIECES:0.6104372887526682
C_MATERIAL:0.46540891391659645
