ELO:1052
CE_PASSEDPAWNS:0.5146677794615716
CE_PAWNWEAKNESSES:0.45642936035383175
CE_PIECEACTIVITY:0.4965050794124588
CE_KINGPAWNSHIELD:0.4460019884719024
CE_PIECECOORDINATION:0.4976367129584948
CE_MATERIAL:0.5089663989605786
CE_KINGSAFETY:0.550455446466714
C_PIECESQUARETABLES:0.47679773255488783
C_MOBILITY:0.5077473986971447
C_KINGSAFETY:0.5633100318204572
C_PAWNSTRUCTURE:0.516802502988781
C_PIECECOORDINATION:0.5011510003636197
C_ROOKANDPAWNMOVEMENT:0.5011510003636197
C_CENTERCONTROL:0.46216360792138816
C_DEVELOPPIECES:0.5
C_MATERIAL:0.5068726853326851
C_MOVECOUNT:0.545576386614609
