ELO:982
CE_PASSEDPAWNS:0.4655196133959832
CE_PAWNWEAKNESSES:0.501597123074626
CE_PIECEACTIVITY:0.5304255849992733
CE_KINGPAWNSHIELD:0.49057033605373684
CE_PIECECOORDINATION:0.501124349443772
CE_MATERIAL:0.4833061806039942
CE_KINGSAFETY:0.5224782390092906
C_PIECESQUARETABLES:0.5220490657802842
C_MOBILITY:0.5233346668304169
C_KINGSAFETY:0.4994320339950984
C_PAWNSTRUCTURE:0.5319334727289231
C_PIECECOORDINATION:0.5300983782137695
C_ROOKANDPAWNMOVEMENT:0.5300983782137695
C_CENTERCONTROL:0.516003065083847
C_DEVELOPPIECES:0.573736633433496
C_MATERIAL:0.49295661229337284
