ELO:726
CE_PASSEDPAWNS:0.34348070194984603
CE_PAWNWEAKNESSES:0.5069241966476402
CE_PIECEACTIVITY:0.500767921104673
CE_KINGPAWNSHIELD:0.4449380112113144
CE_PIECECOORDINATION:0.5896315953317267
CE_MATERIAL:0.4378720363216502
CE_KINGSAFETY:0.5329731594365817
C_PIECESQUARETABLES:0.4433478233572812
C_MOBILITY:0.4841190502437831
C_KINGSAFETY:0.49196906564205695
C_PAWNSTRUCTURE:0.48692833167022687
C_PIECECOORDINATION:0.4424980919918815
C_ROOKANDPAWNMOVEMENT:0.4424980919918815
C_CENTERCONTROL:0.4632563234299871
C_DEVELOPPIECES:0.45849058421483097
C_MATERIAL:0.4731760520855263
C_MOVECOUNT:0.5083892380480199
