ELO:947
CE_PASSEDPAWNS:0.5014649946740696
CE_PAWNWEAKNESSES:0.5409195663398506
CE_PIECEACTIVITY:0.4154161657604409
CE_KINGPAWNSHIELD:0.5602355989300253
CE_PIECECOORDINATION:0.49885934779356217
CE_MATERIAL:0.5290366933027225
CE_KINGSAFETY:0.501509982308851
C_PIECESQUARETABLES:0.4880574387329905
C_MOBILITY:0.4858502953373239
C_KINGSAFETY:0.39428131271582845
C_PAWNSTRUCTURE:0.4537872123686566
C_PIECECOORDINATION:0.4893369697948486
C_ROOKANDPAWNMOVEMENT:0.4893369697948486
C_CENTERCONTROL:0.4697707570377274
C_DEVELOPPIECES:0.49054909421425885
C_MATERIAL:0.4280449008119092
