ELO:956
CE_PASSEDPAWNS:0.5037110392879971
CE_PAWNWEAKNESSES:0.5446850475922755
CE_PIECEACTIVITY:0.4249743789314413
CE_KINGPAWNSHIELD:0.5653944517791584
CE_PIECECOORDINATION:0.5098346541296714
CE_MATERIAL:0.5291038438989203
CE_KINGSAFETY:0.49008950512233423
C_PIECESQUARETABLES:0.5033060052307616
C_MOBILITY:0.486933548315333
C_KINGSAFETY:0.3954291715688346
C_PAWNSTRUCTURE:0.4409271541175018
C_PIECECOORDINATION:0.4896391864877045
C_ROOKANDPAWNMOVEMENT:0.4896391864877045
C_CENTERCONTROL:0.48528080495737597
C_DEVELOPPIECES:0.5057692349034844
C_MATERIAL:0.4221786196745922
