ELO:924
CE_PASSEDPAWNS:0.450032833881578
CE_PAWNWEAKNESSES:0.5054389584609561
CE_PIECEACTIVITY:0.5
CE_KINGPAWNSHIELD:0.4935172126250603
CE_PIECECOORDINATION:0.4779297805946834
CE_MATERIAL:0.544970864592624
CE_KINGSAFETY:0.41979268359371014
C_PIECESQUARETABLES:0.49743078363272
C_MOBILITY:0.5127906857698928
C_KINGSAFETY:0.5086536023521291
C_PAWNSTRUCTURE:0.5145284613131893
C_PIECECOORDINATION:0.5336497300638732
C_ROOKANDPAWNMOVEMENT:0.5336497300638732
C_CENTERCONTROL:0.4906141485781507
C_DEVELOPPIECES:0.4587628717817942
C_MATERIAL:0.4392610562758477
C_MOVECOUNT:0.5
