ELO:935
CE_PASSEDPAWNS:0.4821527937795542
CE_PAWNWEAKNESSES:0.5684833007795089
CE_PIECEACTIVITY:0.4114310099148333
CE_KINGPAWNSHIELD:0.5918731242098502
CE_PIECECOORDINATION:0.49264962711959775
CE_MATERIAL:0.5202615868090399
CE_KINGSAFETY:0.5062962302630579
C_PIECESQUARETABLES:0.49322573291376237
C_MOBILITY:0.5168289749133387
C_KINGSAFETY:0.3799251891226631
C_PAWNSTRUCTURE:0.48111764078010194
C_PIECECOORDINATION:0.5298671446695232
C_ROOKANDPAWNMOVEMENT:0.5298671446695232
C_CENTERCONTROL:0.44603141237677224
C_DEVELOPPIECES:0.4753530661827112
C_MATERIAL:0.44584405836336555
