ELO:937
CE_PASSEDPAWNS:0.48806694425044495
CE_PAWNWEAKNESSES:0.5548602242196475
CE_PIECEACTIVITY:0.41265074847487315
CE_KINGPAWNSHIELD:0.5823674243034299
CE_PIECECOORDINATION:0.5016575182508212
CE_MATERIAL:0.5211223886451681
CE_KINGSAFETY:0.4948768242137863
C_PIECESQUARETABLES:0.4947577836517358
C_MOBILITY:0.509481809851214
C_KINGSAFETY:0.3853488703158111
C_PAWNSTRUCTURE:0.4760964419619061
C_PIECECOORDINATION:0.5280970163576714
C_ROOKANDPAWNMOVEMENT:0.5280970163576714
C_CENTERCONTROL:0.44603141237677224
C_DEVELOPPIECES:0.4796809136076581
C_MATERIAL:0.4368601425114487
