ELO:991
CE_PASSEDPAWNS:0.5106995714492291
CE_PAWNWEAKNESSES:0.4819356293111687
CE_PIECEACTIVITY:0.5021497607326174
CE_KINGPAWNSHIELD:0.5116785393458227
CE_PIECECOORDINATION:0.514909411017563
CE_MATERIAL:0.5035206743901797
CE_KINGSAFETY:0.48528141968664384
C_PIECESQUARETABLES:0.5339053651786791
C_MOBILITY:0.5145628021187185
C_KINGSAFETY:0.5132789320357476
C_PAWNSTRUCTURE:0.4625812535782894
C_PIECECOORDINATION:0.48839637530477803
C_ROOK:0.49375043949953396
CE_ROOK:0.531331352147769
C_CENTERCONTROL:0.4671425946081613
C_DEVELOPPIECES:0.4890625895857155
C_MATERIAL:0.4956101740184366
C_MOVECOUNT:0.5147152809943767
C_PAWNMOVEMENT:0.4885893120138533
