ELO:1008
CE_PASSEDPAWNS:0.5
CE_PAWNWEAKNESSES:0.5
CE_PIECEACTIVITY:0.5
CE_KINGPAWNSHIELD:0.5
CE_PIECECOORDINATION:0.5117767088593074
CE_MATERIAL:0.48943555467645256
CE_KINGSAFETY:0.49269682926763414
C_PIECESQUARETABLES:0.5
C_MOBILITY:0.5140432396784624
C_KINGSAFETY:0.5
C_PAWNSTRUCTURE:0.49597513802036786
C_PIECECOORDINATION:0.4909338661876695
C_ROOKANDPAWNMOVEMENT:0.4909338661876695
C_CENTERCONTROL:0.4917109720683468
C_DEVELOPPIECES:0.4933306197630363
C_MATERIAL:0.5
