ELO:972
CE_PASSEDPAWNS:0.47728448169028387
CE_PAWNWEAKNESSES:0.48359962812548135
CE_PIECEACTIVITY:0.4939993670284638
CE_KINGPAWNSHIELD:0.49470500953343427
CE_PIECECOORDINATION:0.4925136239074723
CE_MATERIAL:0.5112906328878369
CE_KINGSAFETY:0.48228638760734016
C_PIECESQUARETABLES:0.5022193832465423
C_MOBILITY:0.5118822344397745
C_KINGSAFETY:0.49276281561694624
C_PAWNSTRUCTURE:0.5063499213819465
C_PIECECOORDINATION:0.517610547325365
C_ROOKANDPAWNMOVEMENT:0.517610547325365
C_CENTERCONTROL:0.5011425887789831
C_DEVELOPPIECES:0.4689818957980542
C_MATERIAL:0.49813165013223415
C_MOVECOUNT:0.5
