ELO:797
CE_PASSEDPAWNS:0.556765916038938
CE_PAWNWEAKNESSES:0.5211600719414581
CE_PIECEACTIVITY:0.5232183411017965
CE_KINGPAWNSHIELD:0.5921737197143125
CE_PIECECOORDINATION:0.49919487466695467
CE_MATERIAL:0.527228297662186
CE_KINGSAFETY:0.5274488412787197
C_PIECESQUARETABLES:0.4667012851799157
C_MOBILITY:0.492267974520041
C_KINGSAFETY:0.5607093784662212
C_PAWNSTRUCTURE:0.3597466792334857
C_PIECECOORDINATION:0.6020566238350913
C_ROOKANDPAWNMOVEMENT:0.6020566238350913
C_CENTERCONTROL:0.46071499068798594
C_DEVELOPPIECES:0.5228415116726564
C_MATERIAL:0.5516383805589921
C_MOVECOUNT:0.5
