ELO:978
CE_PASSEDPAWNS:0.48042050298382144
CE_PAWNWEAKNESSES:0.4875063673330952
CE_PIECEACTIVITY:0.5300934841768192
CE_KINGPAWNSHIELD:0.48373443827446516
CE_PIECECOORDINATION:0.49217989852359795
CE_MATERIAL:0.4905964939630709
CE_KINGSAFETY:0.5089685884679473
C_PIECESQUARETABLES:0.4917619763604448
C_MOBILITY:0.5040671764387353
C_KINGSAFETY:0.49377083020339496
C_PAWNSTRUCTURE:0.5023861985764093
C_PIECECOORDINATION:0.5206071670782174
C_ROOKANDPAWNMOVEMENT:0.5206071670782174
C_CENTERCONTROL:0.529495565171628
C_DEVELOPPIECES:0.5884745533046024
C_MATERIAL:0.49060127268779646
