ELO:820
CE_PASSEDPAWNS:0.5786010022107273
CE_PAWNWEAKNESSES:0.5373380072555402
CE_PIECEACTIVITY:0.5184050103277184
CE_KINGPAWNSHIELD:0.5881884660902857
CE_PIECECOORDINATION:0.500474180523219
CE_MATERIAL:0.5216513828409397
CE_KINGSAFETY:0.535676921948112
C_PIECESQUARETABLES:0.46460971181550215
C_MOBILITY:0.4963965231634776
C_KINGSAFETY:0.5485984304668827
C_PAWNSTRUCTURE:0.36701556642037236
C_PIECECOORDINATION:0.5525530008820567
C_ROOKANDPAWNMOVEMENT:0.5525530008820567
C_CENTERCONTROL:0.47908960597558975
C_DEVELOPPIECES:0.5155707105177615
C_MATERIAL:0.5408492099998148
C_MOVECOUNT:0.5
