ELO:946
CE_PASSEDPAWNS:0.4926646670362448
CE_PAWNWEAKNESSES:0.5409195663398506
CE_PIECEACTIVITY:0.4061884281550504
CE_KINGPAWNSHIELD:0.5602355989300253
CE_PIECECOORDINATION:0.5065804128598641
CE_MATERIAL:0.5368873396284717
CE_KINGSAFETY:0.501509982308851
C_PIECESQUARETABLES:0.4957624409340361
C_MOBILITY:0.47656087966463156
C_KINGSAFETY:0.39428131271582845
C_PAWNSTRUCTURE:0.4537872123686566
C_PIECECOORDINATION:0.4893369697948486
C_ROOKANDPAWNMOVEMENT:0.4893369697948486
C_CENTERCONTROL:0.4616057651388811
C_DEVELOPPIECES:0.49054909421425885
C_MATERIAL:0.43413731919029214
