ELO:1096
CE_PASSEDPAWNS:0.41730142246228086
CE_PAWNWEAKNESSES:0.5370169549436616
CE_PIECEACTIVITY:0.4958152701936939
CE_KINGPAWNSHIELD:0.438442741644123
CE_PIECECOORDINATION:0.38878719942158596
CE_MATERIAL:0.46129059753071006
CE_KINGSAFETY:0.5353429095812483
C_PIECESQUARETABLES:0.5120309993003401
C_MOBILITY:0.4506019149879295
C_KINGSAFETY:0.387539475096673
C_PAWNSTRUCTURE:0.5326357666237965
C_PIECECOORDINATION:0.41522001794707303
C_ROOKANDPAWNMOVEMENT:0.41522001794707303
C_CENTERCONTROL:0.5473428049396227
C_DEVELOPPIECES:0.4350889894240846
C_MATERIAL:0.5575241750550379
