ELO:989
CE_PASSEDPAWNS:0.5246555969367872
CE_PAWNWEAKNESSES:0.5200196128523064
CE_PIECEACTIVITY:0.50497685986324
CE_KINGPAWNSHIELD:0.5121598557673049
CE_PIECECOORDINATION:0.5040993239519669
CE_MATERIAL:0.5091497262333498
CE_KINGSAFETY:0.5
C_PIECESQUARETABLES:0.5
C_MOBILITY:0.5615648180461223
C_KINGSAFETY:0.4780892675271773
C_PAWNSTRUCTURE:0.5165695141646971
C_PIECECOORDINATION:0.5332602377457692
C_ROOK:0.502507174286498
CE_ROOK:0.518072906126279
C_CENTERCONTROL:0.47088435232152626
C_DEVELOPPIECES:0.499497494093487
C_MATERIAL:0.4686796593215735
C_MOVECOUNT:0.5195690096799691
C_PAWNMOVEMENT:0.4807904767779419
