ELO:1068
CE_PASSEDPAWNS:0.43368864542482205
CE_PAWNWEAKNESSES:0.4587279332565922
CE_PIECEACTIVITY:0.42718863939113
CE_KINGPAWNSHIELD:0.4621800518492834
CE_PIECECOORDINATION:0.5228665876218258
CE_MATERIAL:0.47142943546382343
CE_KINGSAFETY:0.5
C_PIECESQUARETABLES:0.4909397331175714
C_MOBILITY:0.40970348574348925
C_KINGSAFETY:0.3511563187462361
C_PAWNSTRUCTURE:0.6263564718505243
C_PIECECOORDINATION:0.4890240639057343
C_ROOKANDPAWNMOVEMENT:0.4890240639057343
C_CENTERCONTROL:0.49247563833637226
C_DEVELOPPIECES:0.4332909592322626
C_MATERIAL:0.630760854865
