ELO:1096
CE_PASSEDPAWNS:0.6310844221052331
CE_PAWNWEAKNESSES:0.5749932194885038
CE_PIECEACTIVITY:0.39929728143310356
CE_KINGPAWNSHIELD:0.4457045487732314
CE_PIECECOORDINATION:0.432773578882153
CE_MATERIAL:0.48242892136496474
CE_KINGSAFETY:0.5217979687384895
C_PIECESQUARETABLES:0.482509931750928
C_MOBILITY:0.3963811757738142
C_KINGSAFETY:0.3866854958858233
C_PAWNSTRUCTURE:0.5797577802182503
C_PIECECOORDINATION:0.5470851566700689
C_ROOKANDPAWNMOVEMENT:0.5470851566700689
C_CENTERCONTROL:0.5473428049396227
C_DEVELOPPIECES:0.42984910070588567
C_MATERIAL:0.6186842569923873
