ELO:1262
CE_PASSEDPAWNS:0.44263635990380534
CE_PAWNWEAKNESSES:0.5490730528478448
CE_PIECEACTIVITY:0.4134837075561627
CE_KINGPAWNSHIELD:0.4385485775007467
CE_PIECECOORDINATION:0.5096467097470723
CE_MATERIAL:0.5070396967693795
CE_KINGSAFETY:0.5
C_PIECESQUARETABLES:0.5
C_MOBILITY:0.36380155806556325
C_KINGSAFETY:0.38961952488319945
C_PAWNSTRUCTURE:0.5348732639120478
C_PIECECOORDINATION:0.5880373652657829
C_ROOKANDPAWNMOVEMENT:0.5880373652657829
C_CENTERCONTROL:0.5325424007152673
C_DEVELOPPIECES:0.43807300321877574
C_MATERIAL:0.622840321325036
