ELO:1025
CE_PASSEDPAWNS:0.5089220187412191
CE_PAWNWEAKNESSES:0.49685107914741033
CE_PIECEACTIVITY:0.4759475075077013
CE_KINGPAWNSHIELD:0.5
CE_PIECECOORDINATION:0.5188738500524404
CE_MATERIAL:0.5059701539096821
CE_KINGSAFETY:0.5425670958197395
C_PIECESQUARETABLES:0.5
C_MOBILITY:0.5072321444466058
C_KINGSAFETY:0.5
C_PAWNSTRUCTURE:0.494279236837219
C_PIECECOORDINATION:0.5089953060096392
C_ROOKANDPAWNMOVEMENT:0.5089953060096392
C_CENTERCONTROL:0.502424884295727
C_DEVELOPPIECES:0.5020983735151573
C_MATERIAL:0.4815245080156408
C_MOVECOUNT:0.5
