ELO:927
CE_PASSEDPAWNS:0.5080410589355743
CE_PAWNWEAKNESSES:0.4794491930390825
CE_PIECEACTIVITY:0.47278007179866516
CE_KINGPAWNSHIELD:0.528516218659163
CE_PIECECOORDINATION:0.5299279061499927
CE_MATERIAL:0.4846192035968122
CE_KINGSAFETY:0.4944427923500134
C_PIECESQUARETABLES:0.4871213069942371
C_MOBILITY:0.49852389810957926
C_KINGSAFETY:0.5170852987750562
C_PAWNSTRUCTURE:0.49890662226405885
C_PIECECOORDINATION:0.4982284568281294
C_ROOKANDPAWNMOVEMENT:0.4982284568281294
C_CENTERCONTROL:0.48951979463981843
C_DEVELOPPIECES:0.5151673816355337
C_MATERIAL:0.5016044068681271
C_MOVECOUNT:0.4914315791572247
