ELO:699
CE_PASSEDPAWNS:0.5155259204897181
CE_PAWNWEAKNESSES:0.5539073858322927
CE_PIECEACTIVITY:0.4604561765801457
CE_KINGPAWNSHIELD:0.5373626214309808
CE_PIECECOORDINATION:0.5556682267643522
CE_MATERIAL:0.5406381698179173
CE_KINGSAFETY:0.46869497084500117
C_PIECESQUARETABLES:0.48864228036404805
C_MOBILITY:0.46742763095279155
C_KINGSAFETY:0.5428913286478336
C_PAWNSTRUCTURE:0.5202316427252688
C_PIECECOORDINATION:0.5757420044586539
C_ROOKANDPAWNMOVEMENT:0.5757420044586539
C_CENTERCONTROL:0.5238220732483027
C_DEVELOPPIECES:0.45313414587469636
C_MATERIAL:0.3945145682273349
C_MOVECOUNT:0.5033332028094477
