ELO:1015
CE_PASSEDPAWNS:0.49017507048275244
CE_PAWNWEAKNESSES:0.4970440615996603
CE_PIECEACTIVITY:0.49925024352966824
CE_KINGPAWNSHIELD:0.49423579964909964
CE_PIECECOORDINATION:0.5100830009010401
CE_MATERIAL:0.5
CE_KINGSAFETY:0.5
C_PIECESQUARETABLES:0.5
C_MOBILITY:0.5
C_KINGSAFETY:0.5
C_PAWNSTRUCTURE:0.4936906447797965
C_PIECECOORDINATION:0.5160725811151596
C_ROOKANDPAWNMOVEMENT:0.5160725811151596
C_CENTERCONTROL:0.5
C_DEVELOPPIECES:0.495061627266798
C_MATERIAL:0.5037541357681399
C_MOVECOUNT:0.49974607497374285
