ELO:996
CE_PASSEDPAWNS:0.5
CE_PAWNWEAKNESSES:0.4901122486874581
CE_PIECEACTIVITY:0.49182828239026366
CE_KINGPAWNSHIELD:0.49423579964909964
CE_PIECECOORDINATION:0.49513872698328887
CE_MATERIAL:0.5
CE_KINGSAFETY:0.5
C_PIECESQUARETABLES:0.5
C_MOBILITY:0.5
C_KINGSAFETY:0.4938811609248923
C_PAWNSTRUCTURE:0.49418864129346013
C_PIECECOORDINATION:0.49909435943095715
C_ROOKANDPAWNMOVEMENT:0.49909435943095715
C_CENTERCONTROL:0.5
C_DEVELOPPIECES:0.5128403763782994
C_MATERIAL:0.4971394783216332
C_MOVECOUNT:0.5245265201103855
