ELO:977
CE_PASSEDPAWNS:0.5227460776169052
CE_PAWNWEAKNESSES:0.5223533284494017
CE_PIECEACTIVITY:0.4765199819348908
CE_KINGPAWNSHIELD:0.47264741306890573
CE_PIECECOORDINATION:0.5343324228066855
CE_MATERIAL:0.5036905929148366
CE_KINGSAFETY:0.5
C_PIECESQUARETABLES:0.5
C_MOBILITY:0.5615648180461223
C_KINGSAFETY:0.4577159948099228
C_PAWNSTRUCTURE:0.4973442938938453
C_PIECECOORDINATION:0.4964774377490166
C_ROOK:0.5141506031753447
CE_ROOK:0.4885019545631035
C_CENTERCONTROL:0.5185125323210099
C_DEVELOPPIECES:0.47556151963497695
C_MATERIAL:0.5080029093786893
C_MOVECOUNT:0.48794601175625624
C_PAWNMOVEMENT:0.5175625270914461
