ELO:854
CE_PASSEDPAWNS:0.5504695558502565
CE_PAWNWEAKNESSES:0.4951041961177581
CE_PIECEACTIVITY:0.5256242870830757
CE_KINGPAWNSHIELD:0.524396831049557
CE_PIECECOORDINATION:0.541911790997849
CE_MATERIAL:0.5105375701768595
CE_KINGSAFETY:0.4879464008701146
C_PIECESQUARETABLES:0.4262726830094044
C_MOBILITY:0.4786913755901645
C_KINGSAFETY:0.46499522163786133
C_PAWNSTRUCTURE:0.4647906145739432
C_PIECECOORDINATION:0.47653001909765585
C_ROOKANDPAWNMOVEMENT:0.47653001909765585
C_CENTERCONTROL:0.49219378961367505
C_DEVELOPPIECES:0.5142636308830223
C_MATERIAL:0.5310421893934234
C_MOVECOUNT:0.5
