ELO:1119
CE_PASSEDPAWNS:0.4526448212368272
CE_PAWNWEAKNESSES:0.5017511431794623
CE_PIECEACTIVITY:0.5317934677093066
CE_KINGPAWNSHIELD:0.531446922349917
CE_PIECECOORDINATION:0.48438192449001055
CE_MATERIAL:0.48691058534142634
CE_KINGSAFETY:0.5
C_PIECESQUARETABLES:0.5
C_MOBILITY:0.6168709952439468
C_KINGSAFETY:0.4094044933739038
C_PAWNSTRUCTURE:0.5063178607132178
C_PIECECOORDINATION:0.5889764467176994
C_ROOKANDPAWNMOVEMENT:0.5889764467176994
C_CENTERCONTROL:0.5482880801453185
C_DEVELOPPIECES:0.38631477690984917
C_MATERIAL:0.6154232304150021
