ELO:896
CE_PASSEDPAWNS:0.5044108530109527
CE_PAWNWEAKNESSES:0.5485711720490013
CE_PIECEACTIVITY:0.49735912199434945
CE_KINGPAWNSHIELD:0.5204767540532073
CE_PIECECOORDINATION:0.5003023288096197
CE_MATERIAL:0.5379699139799461
CE_KINGSAFETY:0.5214087265426447
C_PIECESQUARETABLES:0.478518552323463
C_MOBILITY:0.5743768689762042
C_KINGSAFETY:0.4693187208382668
C_PAWNSTRUCTURE:0.5353814517852717
C_PIECECOORDINATION:0.45802502235642245
C_ROOK:0.49546586446577034
CE_ROOK:0.48419071959543525
C_CENTERCONTROL:0.4918227036967227
C_DEVELOPPIECES:0.47430756526807427
C_MATERIAL:0.4970949797797048
C_MOVECOUNT:0.48387651300068707
C_PAWNMOVEMENT:0.46389543871622874
