ELO:990
CE_PASSEDPAWNS:0.4910036834874147
CE_PAWNWEAKNESSES:0.48029211347800405
CE_PIECEACTIVITY:0.5095622494320231
CE_KINGPAWNSHIELD:0.49091134817177834
CE_PIECECOORDINATION:0.4920228252848902
CE_MATERIAL:0.5239725851619803
CE_KINGSAFETY:0.5191422000255553
C_PIECESQUARETABLES:0.4839346472848525
C_MOBILITY:0.5059285554171608
C_KINGSAFETY:0.5018908114884642
C_PAWNSTRUCTURE:0.4934174805682771
C_PIECECOORDINATION:0.5252034067164294
C_ROOKANDPAWNMOVEMENT:0.5252034067164294
C_CENTERCONTROL:0.5163416634694219
C_DEVELOPPIECES:0.4843339713902979
C_MATERIAL:0.5068808274190699
