ELO:911
CE_PASSEDPAWNS:0.47997526274545055
CE_PAWNWEAKNESSES:0.457250458640523
CE_PIECEACTIVITY:0.46479846969778404
CE_KINGPAWNSHIELD:0.40038334862008046
CE_PIECECOORDINATION:0.4860699252394906
CE_MATERIAL:0.4553112737060416
CE_KINGSAFETY:0.4900895694293307
C_PIECESQUARETABLES:0.5076689884427512
C_MOBILITY:0.5163268103690666
C_KINGSAFETY:0.4920527202995901
C_PAWNSTRUCTURE:0.5273904837876453
C_PIECECOORDINATION:0.42856541804661025
C_ROOKANDPAWNMOVEMENT:0.42856541804661025
C_CENTERCONTROL:0.6113118447605258
C_DEVELOPPIECES:0.5039142180678433
C_MATERIAL:0.5081443160352112
