ELO:983
CE_PASSEDPAWNS:0.5092501603979435
CE_PAWNWEAKNESSES:0.4874973071629995
CE_PIECEACTIVITY:0.4855422822239262
CE_KINGPAWNSHIELD:0.5042849068754117
CE_PIECECOORDINATION:0.49649855695244
CE_MATERIAL:0.48103999298669436
CE_KINGSAFETY:0.5065289659683612
C_PIECESQUARETABLES:0.5276080930772098
C_MOBILITY:0.46873873511123243
C_KINGSAFETY:0.49933953754289095
C_PAWNSTRUCTURE:0.4897536806541244
C_PIECECOORDINATION:0.477921427991986
C_ROOK:0.4849914887528339
CE_ROOK:0.5162158204110812
C_CENTERCONTROL:0.4994991370852197
C_DEVELOPPIECES:0.487207286417168
C_MATERIAL:0.5228940159066051
C_MOVECOUNT:0.501298693584063
C_PAWNMOVEMENT:0.5060481269103131
