ELO:757
CE_PASSEDPAWNS:0.48263207156051374
CE_PAWNWEAKNESSES:0.5070327546875778
CE_PIECEACTIVITY:0.49560512946469476
CE_KINGPAWNSHIELD:0.5027366453852753
CE_PIECECOORDINATION:0.5084560879705674
CE_MATERIAL:0.5669058099516108
CE_KINGSAFETY:0.4983785103816625
C_PIECESQUARETABLES:0.47806821456886117
C_MOBILITY:0.4633276400444336
C_KINGSAFETY:0.4768686677934972
C_PAWNSTRUCTURE:0.5282452423540285
C_PIECECOORDINATION:0.6054013579940661
C_ROOKANDPAWNMOVEMENT:0.6054013579940661
C_CENTERCONTROL:0.5267976508955595
C_DEVELOPPIECES:0.4498363246363885
C_MATERIAL:0.43036839355042894
C_MOVECOUNT:0.5172545326349591
