ELO:847
CE_PASSEDPAWNS:0.5246180915847353
CE_PAWNWEAKNESSES:0.5197463093810628
CE_PIECEACTIVITY:0.5003527464246265
CE_KINGPAWNSHIELD:0.4824343246817957
CE_PIECECOORDINATION:0.4699527412433072
CE_MATERIAL:0.49525000568154603
CE_KINGSAFETY:0.5208922361556831
C_PIECESQUARETABLES:0.4849084897825626
C_MOBILITY:0.544787271503011
C_KINGSAFETY:0.4745256407141503
C_PAWNSTRUCTURE:0.5075586060630443
C_PIECECOORDINATION:0.4948456926356697
C_ROOKANDPAWNMOVEMENT:0.4948456926356697
C_CENTERCONTROL:0.5105391119167604
C_DEVELOPPIECES:0.526445569337708
C_MATERIAL:0.5487721809938655
C_MOVECOUNT:0.5
