ELO:1068
CE_PASSEDPAWNS:0.4178661814678017
CE_PAWNWEAKNESSES:0.49847165541394234
CE_PIECEACTIVITY:0.46058068809744396
CE_KINGPAWNSHIELD:0.4724108304964183
CE_PIECECOORDINATION:0.49892967985177217
CE_MATERIAL:0.4281366858339741
CE_KINGSAFETY:0.5
C_PIECESQUARETABLES:0.5044562533423669
C_MOBILITY:0.6076327737009805
C_KINGSAFETY:0.38760738330964906
C_PAWNSTRUCTURE:0.5917108227469081
C_PIECECOORDINATION:0.5780803163293589
C_ROOKANDPAWNMOVEMENT:0.5780803163293589
C_CENTERCONTROL:0.5482880801453185
C_DEVELOPPIECES:0.4266729927314319
C_MATERIAL:0.5555915312898784
