ELO:953
CE_PASSEDPAWNS:0.4800237619604961
CE_PAWNWEAKNESSES:0.43662067284621664
CE_PIECEACTIVITY:0.5021729178875305
CE_KINGPAWNSHIELD:0.5039398357244769
CE_PIECECOORDINATION:0.49275504297956385
CE_MATERIAL:0.48085247775851186
CE_KINGSAFETY:0.4875891356501876
C_PIECESQUARETABLES:0.48497439269663095
C_MOBILITY:0.49896429214417504
C_KINGSAFETY:0.49715020368813634
C_PAWNSTRUCTURE:0.494279236837219
C_PIECECOORDINATION:0.4487516779322136
C_ROOKANDPAWNMOVEMENT:0.4487516779322136
C_CENTERCONTROL:0.4835930630528315
C_DEVELOPPIECES:0.5362419908132602
C_MATERIAL:0.549860488537753
C_MOVECOUNT:0.5
