ELO:941
CE_PASSEDPAWNS:0.5370940801472673
CE_PAWNWEAKNESSES:0.5862320488089731
CE_PIECEACTIVITY:0.5024631349784432
CE_KINGPAWNSHIELD:0.44992813898683515
CE_PIECECOORDINATION:0.5307633937025792
CE_MATERIAL:0.5088342823346539
CE_KINGSAFETY:0.5
C_PIECESQUARETABLES:0.5
C_MOBILITY:0.5880936838355311
C_KINGSAFETY:0.45255481794382574
C_PAWNSTRUCTURE:0.4919821571418584
C_PIECECOORDINATION:0.5483966181005732
C_ROOKANDPAWNMOVEMENT:0.5483966181005732
C_CENTERCONTROL:0.5379770539866923
C_DEVELOPPIECES:0.5373321718782241
C_MATERIAL:0.6466627684671102
