ELO:888
CE_PASSEDPAWNS:0.5027507491275293
CE_PAWNWEAKNESSES:0.5250632279094181
CE_PIECEACTIVITY:0.4761569457027372
CE_KINGPAWNSHIELD:0.5492596495524387
CE_PIECECOORDINATION:0.5201728103212563
CE_MATERIAL:0.4765174478841783
CE_KINGSAFETY:0.4818274791811005
C_PIECESQUARETABLES:0.5111196245468351
C_MOBILITY:0.4703105530033713
C_KINGSAFETY:0.5137261597479702
C_PAWNSTRUCTURE:0.5060918825917229
C_PIECECOORDINATION:0.5214674436278384
C_ROOKANDPAWNMOVEMENT:0.5214674436278384
C_CENTERCONTROL:0.4953244952145814
C_DEVELOPPIECES:0.478916077273388
C_MATERIAL:0.49599907669518417
C_MOVECOUNT:0.5137978573810095
