ELO:1295
CE_PASSEDPAWNS:0.4242051443574574
CE_PAWNWEAKNESSES:0.4578444309588646
CE_PIECEACTIVITY:0.5887568304731783
CE_KINGPAWNSHIELD:0.4916991195131062
CE_PIECECOORDINATION:0.42484620664713924
CE_MATERIAL:0.3338588857172036
CE_KINGSAFETY:0.5034048966391796
C_PIECESQUARETABLES:0.5001772294610035
C_MOBILITY:0.44790916787071255
C_KINGSAFETY:0.3947895049328261
C_PAWNSTRUCTURE:0.5167672454041659
C_PIECECOORDINATION:0.4715081798899079
C_ROOKANDPAWNMOVEMENT:0.4715081798899079
C_CENTERCONTROL:0.5501611823567617
C_DEVELOPPIECES:0.4340666206154559
C_MATERIAL:0.5407810800820085
