ELO:1001
CE_PASSEDPAWNS:0.49804292339932116
CE_PAWNWEAKNESSES:0.5200196128523064
CE_PIECEACTIVITY:0.5
CE_KINGPAWNSHIELD:0.4768608371591364
CE_PIECECOORDINATION:0.4961217920211382
CE_MATERIAL:0.5091497262333498
CE_KINGSAFETY:0.5
C_PIECESQUARETABLES:0.5
C_MOBILITY:0.5175450428029121
C_KINGSAFETY:0.5036895625406393
C_PAWNSTRUCTURE:0.5056298937551479
C_PIECECOORDINATION:0.5174257170603128
C_ROOK:0.42798856952035885
CE_ROOK:0.518072906126279
C_CENTERCONTROL:0.5125522377303235
C_DEVELOPPIECES:0.5393505470872896
C_MATERIAL:0.5085655857403586
C_MOVECOUNT:0.5195690096799691
C_PAWNMOVEMENT:0.5289739487821828
