ELO:1084
CE_PASSEDPAWNS:0.405484255145064
CE_PAWNWEAKNESSES:0.5397273002349429
CE_PIECEACTIVITY:0.44561656406994316
CE_KINGPAWNSHIELD:0.4581166866071552
CE_PIECECOORDINATION:0.5340630590408082
CE_MATERIAL:0.49790962154373225
CE_KINGSAFETY:0.5
C_PIECESQUARETABLES:0.5
C_MOBILITY:0.44740251955950305
C_KINGSAFETY:0.4082550688282633
C_PAWNSTRUCTURE:0.5850499534865369
C_PIECECOORDINATION:0.5447852188236804
C_ROOKANDPAWNMOVEMENT:0.5447852188236804
C_CENTERCONTROL:0.5232826369555287
C_DEVELOPPIECES:0.4725698550021297
C_MATERIAL:0.619817240506904
