ELO:995
CE_PASSEDPAWNS:0.49843368187604425
CE_PAWNWEAKNESSES:0.49962853322689643
CE_PIECEACTIVITY:0.5033950908044756
CE_KINGPAWNSHIELD:0.48441323650695167
CE_PIECECOORDINATION:0.4714727288196666
CE_MATERIAL:0.4930929392629084
CE_KINGSAFETY:0.4775327980807623
C_PIECESQUARETABLES:0.5
C_MOBILITY:0.5441154494346204
C_KINGSAFETY:0.5499126579532706
C_PAWNSTRUCTURE:0.49458305426200067
C_PIECECOORDINATION:0.4717461359295356
C_ROOKANDPAWNMOVEMENT:0.4717461359295356
C_CENTERCONTROL:0.49104682053963716
C_DEVELOPPIECES:0.5097176826406129
C_MATERIAL:0.48289425943929704
C_MOVECOUNT:0.5
