ELO:971
CE_PASSEDPAWNS:0.4827664567957097
CE_PAWNWEAKNESSES:0.4798925110599001
CE_PIECEACTIVITY:0.5067659198507332
CE_KINGPAWNSHIELD:0.510022223170102
CE_PIECECOORDINATION:0.5113889008563297
CE_MATERIAL:0.49156962649484465
CE_KINGSAFETY:0.4996158551476113
C_PIECESQUARETABLES:0.5172971952318065
C_MOBILITY:0.5081182049543188
C_KINGSAFETY:0.5163900618250177
C_PAWNSTRUCTURE:0.49741103021382443
C_PIECECOORDINATION:0.5155364001586986
C_ROOKANDPAWNMOVEMENT:0.5155364001586986
C_CENTERCONTROL:0.5072667643954568
C_DEVELOPPIECES:0.5112600506353134
C_MATERIAL:0.5154826393617404
C_MOVECOUNT:0.4971636855019038
