ELO:1000
CE_PASSEDPAWNS:0.5070283212543552
CE_PAWNWEAKNESSES:0.5
CE_PIECEACTIVITY:0.4949991529469484
CE_KINGPAWNSHIELD:0.5
CE_PIECECOORDINATION:0.505668318851283
CE_MATERIAL:0.48692650748430666
CE_KINGSAFETY:0.49947792036659727
C_PIECESQUARETABLES:0.5038360304234399
C_MOBILITY:0.4991476217775897
C_KINGSAFETY:0.49758937669616154
C_PAWNSTRUCTURE:0.5
C_PIECECOORDINATION:0.501670899641953
C_ROOKANDPAWNMOVEMENT:0.501670899641953
C_CENTERCONTROL:0.4800675935300045
C_DEVELOPPIECES:0.4973289291732851
C_MATERIAL:0.5
