ELO:1000
CE_PASSEDPAWNS:0.5256324389421042
CE_PAWNWEAKNESSES:0.5089987017144998
CE_PIECEACTIVITY:0.4555450777355297
CE_KINGPAWNSHIELD:0.45752645521852425
CE_PIECECOORDINATION:0.49151119921800945
CE_MATERIAL:0.4867506154104571
CE_KINGSAFETY:0.519202099383527
C_PIECESQUARETABLES:0.5440272719347876
C_MOBILITY:0.5190457376730486
C_KINGSAFETY:0.5081473667313666
C_PAWNSTRUCTURE:0.4826697067859294
C_PIECECOORDINATION:0.49391275168085713
C_ROOKANDPAWNMOVEMENT:0.49391275168085713
C_CENTERCONTROL:0.5569519840518575
C_DEVELOPPIECES:0.5070762804083621
C_MATERIAL:0.4437582392766904
