ELO:1004
CE_PASSEDPAWNS:0.487499491554846
CE_PAWNWEAKNESSES:0.5250926902281914
CE_PIECEACTIVITY:0.5042421540263858
CE_KINGPAWNSHIELD:0.4996933496506237
CE_PIECECOORDINATION:0.5239023707757571
CE_MATERIAL:0.51076718913839
CE_KINGSAFETY:0.5120262238743436
C_PIECESQUARETABLES:0.4954884665697439
C_MOBILITY:0.5102614607407365
C_KINGSAFETY:0.5069360826022866
C_PAWNSTRUCTURE:0.5106228298452772
C_PIECECOORDINATION:0.5053360017467614
C_ROOKANDPAWNMOVEMENT:0.5053360017467614
C_CENTERCONTROL:0.49113512617757404
C_DEVELOPPIECES:0.4791275038494577
C_MATERIAL:0.48948683582778724
