ELO:1113
CE_PASSEDPAWNS:0.4382366343002822
CE_PAWNWEAKNESSES:0.45753908675987287
CE_PIECEACTIVITY:0.42506633836760355
CE_KINGPAWNSHIELD:0.4434919210077699
CE_PIECECOORDINATION:0.5036484429874644
CE_MATERIAL:0.4616417505080219
CE_KINGSAFETY:0.5
C_PIECESQUARETABLES:0.5
C_MOBILITY:0.3716594832402479
C_KINGSAFETY:0.40537593797504984
C_PAWNSTRUCTURE:0.5565549327089838
C_PIECECOORDINATION:0.5940188455568061
C_ROOKANDPAWNMOVEMENT:0.5940188455568061
C_CENTERCONTROL:0.4989420268890047
C_DEVELOPPIECES:0.4366559082705016
C_MATERIAL:0.5627418685303461
