ELO:859
CE_PASSEDPAWNS:0.47351911989362166
CE_PAWNWEAKNESSES:0.5367451480522046
CE_PIECEACTIVITY:0.5265267629722534
CE_KINGPAWNSHIELD:0.5649280051083161
CE_PIECECOORDINATION:0.5324397071885303
CE_MATERIAL:0.49987060471535444
CE_KINGSAFETY:0.5084737371782269
C_PIECESQUARETABLES:0.5373338052862707
C_MOBILITY:0.4376906361034849
C_KINGSAFETY:0.5047094527342997
C_PAWNSTRUCTURE:0.4791787580354075
C_PIECECOORDINATION:0.49063939875600093
C_ROOKANDPAWNMOVEMENT:0.49063939875600093
C_CENTERCONTROL:0.5172814242369483
C_DEVELOPPIECES:0.5260943593286153
C_MATERIAL:0.5126081976795964
C_MOVECOUNT:0.5405415282681778
