ELO:980
CE_PASSEDPAWNS:0.4999319261565129
CE_PAWNWEAKNESSES:0.48924917522767414
CE_PIECEACTIVITY:0.5084626830390246
CE_KINGPAWNSHIELD:0.5191406555616654
CE_PIECECOORDINATION:0.49728917659670946
CE_MATERIAL:0.4806353440552454
CE_KINGSAFETY:0.49982939672000315
C_PIECESQUARETABLES:0.5159689653718966
C_MOBILITY:0.5059285554171608
C_KINGSAFETY:0.5214203266045335
C_PAWNSTRUCTURE:0.5035994663554809
C_PIECECOORDINATION:0.5026672863420318
C_ROOKANDPAWNMOVEMENT:0.5026672863420318
C_CENTERCONTROL:0.49499916244324543
C_DEVELOPPIECES:0.5007518796416505
C_MATERIAL:0.49347075951831215
