ELO:985
CE_PASSEDPAWNS:0.5100053316051072
CE_PAWNWEAKNESSES:0.4995705202391453
CE_PIECEACTIVITY:0.4882735241134655
CE_KINGPAWNSHIELD:0.5069900913424316
CE_PIECECOORDINATION:0.4997218205540644
CE_MATERIAL:0.48920627325097227
CE_KINGSAFETY:0.5
C_PIECESQUARETABLES:0.521887772915694
C_MOBILITY:0.4857470199415143
C_KINGSAFETY:0.49035747200688007
C_PAWNSTRUCTURE:0.47879583678858795
C_PIECECOORDINATION:0.4879719919175982
C_ROOK:0.47770383123544824
CE_ROOK:0.5212125042527465
C_CENTERCONTROL:0.5008308894303329
C_DEVELOPPIECES:0.48849427762833014
C_MATERIAL:0.5096005049486838
C_MOVECOUNT:0.48472873370150965
C_PAWNMOVEMENT:0.5034031280464014
