ELO:885
CE_PASSEDPAWNS:0.49131401137811653
CE_PAWNWEAKNESSES:0.4268272637937882
CE_PIECEACTIVITY:0.4729919180350657
CE_KINGPAWNSHIELD:0.38584014857169174
CE_PIECECOORDINATION:0.4911701001955943
CE_MATERIAL:0.4385992736029592
CE_KINGSAFETY:0.48205875654278424
C_PIECESQUARETABLES:0.5523731126755602
C_MOBILITY:0.4791916537199409
C_KINGSAFETY:0.4714423096514852
C_PAWNSTRUCTURE:0.5308513733380941
C_PIECECOORDINATION:0.41901272957144087
C_ROOKANDPAWNMOVEMENT:0.41901272957144087
C_CENTERCONTROL:0.5992390225976673
C_DEVELOPPIECES:0.4879271965049521
C_MATERIAL:0.5310804123989307
