ELO:929
CE_PASSEDPAWNS:0.5015136561688037
CE_PAWNWEAKNESSES:0.48165412090347487
CE_PIECEACTIVITY:0.5178734414176208
CE_KINGPAWNSHIELD:0.49661772317368036
CE_PIECECOORDINATION:0.4991003689613297
CE_MATERIAL:0.5226334391791548
CE_KINGSAFETY:0.5027784178992761
C_PIECESQUARETABLES:0.4311895347501249
C_MOBILITY:0.5243965313845054
C_KINGSAFETY:0.5298233310446183
C_PAWNSTRUCTURE:0.5359060122747994
C_PIECECOORDINATION:0.503006864283443
C_ROOKANDPAWNMOVEMENT:0.503006864283443
C_CENTERCONTROL:0.5084862204298075
C_DEVELOPPIECES:0.5004518574626361
C_MATERIAL:0.48785898738689837
C_MOVECOUNT:0.5
