ELO:717
CE_PASSEDPAWNS:0.48959729716927575
CE_PAWNWEAKNESSES:0.5119409151727865
CE_PIECEACTIVITY:0.5080412002337652
CE_KINGPAWNSHIELD:0.5187869475205833
CE_PIECECOORDINATION:0.5266655787065403
CE_MATERIAL:0.5668789000739298
CE_KINGSAFETY:0.5144294601983583
C_PIECESQUARETABLES:0.48656609700569914
C_MOBILITY:0.4489841338734379
C_KINGSAFETY:0.4768686677934972
C_PAWNSTRUCTURE:0.5238479073827379
C_PIECECOORDINATION:0.6018198036592026
C_ROOKANDPAWNMOVEMENT:0.6018198036592026
C_CENTERCONTROL:0.5246940821506568
C_DEVELOPPIECES:0.4485943277814154
C_MATERIAL:0.4111794206951013
C_MOVECOUNT:0.5242903634243701
