ELO:1156
CE_PASSEDPAWNS:0.4782439222271057
CE_PAWNWEAKNESSES:0.6132090635102311
CE_PIECEACTIVITY:0.42718863939113
CE_KINGPAWNSHIELD:0.39452144957275465
CE_PIECECOORDINATION:0.4998464374347677
CE_MATERIAL:0.37049330157018157
CE_KINGSAFETY:0.5
C_PIECESQUARETABLES:0.5
C_MOBILITY:0.36925351823095254
C_KINGSAFETY:0.3612025180063923
C_PAWNSTRUCTURE:0.6422891328495314
C_PIECECOORDINATION:0.5492234636891075
C_ROOKANDPAWNMOVEMENT:0.5492234636891075
C_CENTERCONTROL:0.4886459388428822
C_DEVELOPPIECES:0.41887494399922753
C_MATERIAL:0.6201906658387899
