ELO:1013
CE_PASSEDPAWNS:0.5
CE_PAWNWEAKNESSES:0.508319710858976
CE_PIECEACTIVITY:0.48879551659157294
CE_KINGPAWNSHIELD:0.5
CE_PIECECOORDINATION:0.5075335895907983
CE_MATERIAL:0.4930929392629084
CE_KINGSAFETY:0.5180729815846229
C_PIECESQUARETABLES:0.5
C_MOBILITY:0.5110370538000563
C_KINGSAFETY:0.5003541742414567
C_PAWNSTRUCTURE:0.5311191563070141
C_PIECECOORDINATION:0.5171599319707153
C_ROOKANDPAWNMOVEMENT:0.5171599319707153
C_CENTERCONTROL:0.5076925120764675
C_DEVELOPPIECES:0.5001869956773616
C_MATERIAL:0.4931440457367891
C_MOVECOUNT:0.5
