ELO:1047
CE_PASSEDPAWNS:0.4988981865972007
CE_PAWNWEAKNESSES:0.5012489375932517
CE_PIECEACTIVITY:0.5082231213356212
CE_KINGPAWNSHIELD:0.5069112575764635
CE_PIECECOORDINATION:0.4909012069216554
CE_MATERIAL:0.5
CE_KINGSAFETY:0.5
C_PIECESQUARETABLES:0.5
C_MOBILITY:0.5227632607881241
C_KINGSAFETY:0.49263529852109295
C_PAWNSTRUCTURE:0.49005042943881105
C_PIECECOORDINATION:0.49302276240533444
C_ROOKANDPAWNMOVEMENT:0.49302276240533444
C_CENTERCONTROL:0.4882917818089155
C_DEVELOPPIECES:0.5109832976940124
C_MATERIAL:0.5
C_MOVECOUNT:0.5
