ELO:819
CE_PASSEDPAWNS:0.5021440806877023
CE_PAWNWEAKNESSES:0.5364448638535201
CE_PIECEACTIVITY:0.494354303027674
CE_KINGPAWNSHIELD:0.4981030207903799
CE_PIECECOORDINATION:0.4696654363067913
CE_MATERIAL:0.5204775389702928
CE_KINGSAFETY:0.5106663083728166
C_PIECESQUARETABLES:0.4731241470751574
C_MOBILITY:0.5243414655034635
C_KINGSAFETY:0.4855074959913949
C_PAWNSTRUCTURE:0.4689100327951461
C_PIECECOORDINATION:0.48222015597283163
C_ROOKANDPAWNMOVEMENT:0.48222015597283163
C_CENTERCONTROL:0.4956355773947642
C_DEVELOPPIECES:0.5096955657639242
C_MATERIAL:0.5593244665342351
C_MOVECOUNT:0.5
