ELO:1088
CE_PASSEDPAWNS:0.47121509640258147
CE_PAWNWEAKNESSES:0.46066378515145545
CE_PIECEACTIVITY:0.4318476424852504
CE_KINGPAWNSHIELD:0.4434919210077699
CE_PIECECOORDINATION:0.49864366603685284
CE_MATERIAL:0.35825092053010643
CE_KINGSAFETY:0.5
C_PIECESQUARETABLES:0.5
C_MOBILITY:0.36925351823095254
C_KINGSAFETY:0.40537593797504984
C_PAWNSTRUCTURE:0.6422891328495314
C_PIECECOORDINATION:0.4890240639057343
C_ROOKANDPAWNMOVEMENT:0.4890240639057343
C_CENTERCONTROL:0.5367343276119302
C_DEVELOPPIECES:0.4725698550021297
C_MATERIAL:0.5243578358255669
