ELO:963
CE_PASSEDPAWNS:0.5352639344403289
CE_PAWNWEAKNESSES:0.48576961764260507
CE_PIECEACTIVITY:0.5212817301428071
CE_KINGPAWNSHIELD:0.49785606058549325
CE_PIECECOORDINATION:0.48641808990662283
CE_MATERIAL:0.522014512627034
CE_KINGSAFETY:0.5035738375766275
C_PIECESQUARETABLES:0.4260295615470083
C_MOBILITY:0.5356506417812149
C_KINGSAFETY:0.528500550110372
C_PAWNSTRUCTURE:0.5280551165603475
C_PIECECOORDINATION:0.5084946776348481
C_ROOKANDPAWNMOVEMENT:0.5084946776348481
C_CENTERCONTROL:0.4880883704588776
C_DEVELOPPIECES:0.5167302446401352
C_MATERIAL:0.47509628074659144
C_MOVECOUNT:0.5
