ELO:970
CE_PASSEDPAWNS:0.5286054654271077
CE_PAWNWEAKNESSES:0.49325570532865237
CE_PIECEACTIVITY:0.41843194638968295
CE_KINGPAWNSHIELD:0.42715055283209835
CE_PIECECOORDINATION:0.4876375825178919
CE_MATERIAL:0.46246781104431417
CE_KINGSAFETY:0.5051861552750972
C_PIECESQUARETABLES:0.49092136345495907
C_MOBILITY:0.5110592992652452
C_KINGSAFETY:0.47096269182444733
C_PAWNSTRUCTURE:0.5388479252153299
C_PIECECOORDINATION:0.46364076979183333
C_ROOKANDPAWNMOVEMENT:0.46364076979183333
C_CENTERCONTROL:0.5775384648269203
C_DEVELOPPIECES:0.5095548192824334
C_MATERIAL:0.43241296688534997
