ELO:1007
CE_PASSEDPAWNS:0.5068776192839363
CE_PAWNWEAKNESSES:0.5
CE_PIECEACTIVITY:0.5093018100212628
CE_KINGPAWNSHIELD:0.5002514042906095
CE_PIECECOORDINATION:0.5
CE_MATERIAL:0.4928472016640081
CE_KINGSAFETY:0.49963252831120614
C_PIECESQUARETABLES:0.4949335811290432
C_MOBILITY:0.4967337857073545
C_KINGSAFETY:0.4872715890488561
C_PAWNSTRUCTURE:0.5048577938894521
C_PIECECOORDINATION:0.5
C_ROOK:0.4905252729332124
CE_ROOK:0.5107487211414243
C_CENTERCONTROL:0.503911356710919
C_DEVELOPPIECES:0.5078495570605331
C_MATERIAL:0.5034199520894864
C_MOVECOUNT:0.5
C_PAWNMOVEMENT:0.5013696337367548
