ELO:1000
CE_PASSEDPAWNS:0.5154460266768048
CE_PAWNWEAKNESSES:0.48874521394277304
CE_PIECEACTIVITY:0.4679131089040754
CE_KINGPAWNSHIELD:0.5065278913123181
CE_PIECECOORDINATION:0.5079456178083328
CE_MATERIAL:0.509637972673002
CE_KINGSAFETY:0.5051447673142344
C_PIECESQUARETABLES:0.5044436276996274
C_MOBILITY:0.5019075887800514
C_KINGSAFETY:0.5136739677697258
C_PAWNSTRUCTURE:0.49507819046722307
C_PIECECOORDINATION:0.48846138783433646
C_ROOKANDPAWNMOVEMENT:0.48846138783433646
C_CENTERCONTROL:0.5042517589838422
C_DEVELOPPIECES:0.49336014365510644
C_MATERIAL:0.5193730883522205
