ELO:935
CE_PASSEDPAWNS:0.41879468741913384
CE_PAWNWEAKNESSES:0.5084525038881665
CE_PIECEACTIVITY:0.5931543610584106
CE_KINGPAWNSHIELD:0.5102179522308149
CE_PIECECOORDINATION:0.5136085099358554
CE_MATERIAL:0.5725800373655797
CE_KINGSAFETY:0.4663942194851918
C_PIECESQUARETABLES:0.486186358295056
C_MOBILITY:0.4705902643117962
C_KINGSAFETY:0.5277459897881495
C_PAWNSTRUCTURE:0.49197083760722604
C_PIECECOORDINATION:0.4565230997497821
C_ROOKANDPAWNMOVEMENT:0.4565230997497821
C_CENTERCONTROL:0.5981472232732932
C_DEVELOPPIECES:0.49233055270303444
C_MATERIAL:0.5374445397894599
