ELO:876
CE_PASSEDPAWNS:0.40401391457924146
CE_PAWNWEAKNESSES:0.5401879445062854
CE_PIECEACTIVITY:0.6016944098112896
CE_KINGPAWNSHIELD:0.5386414644499022
CE_PIECECOORDINATION:0.5153571569728298
CE_MATERIAL:0.6187469015159561
CE_KINGSAFETY:0.42168062882395513
C_PIECESQUARETABLES:0.451707181471041
C_MOBILITY:0.4670589285938275
C_KINGSAFETY:0.5615273751064599
C_PAWNSTRUCTURE:0.5055186994590591
C_PIECECOORDINATION:0.45058108018890425
C_ROOKANDPAWNMOVEMENT:0.45058108018890425
C_CENTERCONTROL:0.6444851153450899
C_DEVELOPPIECES:0.5127668146193033
C_MATERIAL:0.5509420900402534
