ELO:902
CE_PASSEDPAWNS:0.4830087879160562
CE_PAWNWEAKNESSES:0.5387792246363536
CE_PIECEACTIVITY:0.45670508693229156
CE_KINGPAWNSHIELD:0.44133266331155824
CE_PIECECOORDINATION:0.5208896309495232
CE_MATERIAL:0.5037632329642711
CE_KINGSAFETY:0.5180958755362827
C_PIECESQUARETABLES:0.47079333089292225
C_MOBILITY:0.4963248013017762
C_KINGSAFETY:0.5116685660171395
C_PAWNSTRUCTURE:0.47715581973568144
C_PIECECOORDINATION:0.4990735256698073
C_ROOKANDPAWNMOVEMENT:0.4990735256698073
C_CENTERCONTROL:0.5209984219957056
C_DEVELOPPIECES:0.5176759175662031
C_MATERIAL:0.5219391476155372
C_MOVECOUNT:0.46694926368320194
