ELO:988
CE_PASSEDPAWNS:0.3555922015666476
CE_PAWNWEAKNESSES:0.49649833960654227
CE_PIECEACTIVITY:0.5517927600196982
CE_KINGPAWNSHIELD:0.4829198382709444
CE_PIECECOORDINATION:0.46544225017118723
CE_MATERIAL:0.5125313430690898
CE_KINGSAFETY:0.49541221057183527
C_PIECESQUARETABLES:0.497584971428811
C_MOBILITY:0.5001465408952577
C_KINGSAFETY:0.5649746602276203
C_PAWNSTRUCTURE:0.32105185338115894
C_PIECECOORDINATION:0.4403003920223475
C_ROOKANDPAWNMOVEMENT:0.4403003920223475
C_CENTERCONTROL:0.35059010161960913
C_DEVELOPPIECES:0.4847642723234413
C_MATERIAL:0.5859692747107864
