ELO:1000
CE_PASSEDPAWNS:0.5074808716890001
CE_PAWNWEAKNESSES:0.4989428042300368
CE_PIECEACTIVITY:0.5647944419510763
CE_KINGPAWNSHIELD:0.465938649974071
CE_PIECECOORDINATION:0.517247854356247
CE_MATERIAL:0.5508341720404415
CE_KINGSAFETY:0.51983479621596
C_PIECESQUARETABLES:0.5152546457002914
C_MOBILITY:0.4751694360394034
C_KINGSAFETY:0.5151518532402739
C_PAWNSTRUCTURE:0.48676756896474144
C_PIECECOORDINATION:0.4938535760238609
C_ROOKANDPAWNMOVEMENT:0.4938535760238609
C_CENTERCONTROL:0.6081188043859639
C_DEVELOPPIECES:0.5238819672776536
C_MATERIAL:0.4940715240568373
