ELO:1005
CE_PASSEDPAWNS:0.5119796898498967
CE_PAWNWEAKNESSES:0.501858954836726
CE_PIECEACTIVITY:0.5
CE_KINGPAWNSHIELD:0.5
CE_PIECECOORDINATION:0.4798892994592069
CE_MATERIAL:0.4853296746498531
CE_KINGSAFETY:0.5
C_PIECESQUARETABLES:0.5
C_MOBILITY:0.5
C_KINGSAFETY:0.48884383351893707
C_PAWNSTRUCTURE:0.5103321187238941
C_PIECECOORDINATION:0.5073422850269733
C_ROOKANDPAWNMOVEMENT:0.5073422850269733
C_CENTERCONTROL:0.5
C_DEVELOPPIECES:0.49075857845113624
C_MATERIAL:0.472240673510282
C_MOVECOUNT:0.49673676528811145
