ELO:987
CE_PASSEDPAWNS:0.511515772038128
CE_PAWNWEAKNESSES:0.5028249348478312
CE_PIECEACTIVITY:0.5149334944153363
CE_KINGPAWNSHIELD:0.5091840826078983
CE_PIECECOORDINATION:0.4846004924782683
CE_MATERIAL:0.5098819705407869
CE_KINGSAFETY:0.4962953393091699
C_PIECESQUARETABLES:0.515970431645149
C_MOBILITY:0.5214561448926247
C_KINGSAFETY:0.4881190749656935
C_PAWNSTRUCTURE:0.4997628320415754
C_PIECECOORDINATION:0.5243074932440469
C_ROOKANDPAWNMOVEMENT:0.5243074932440469
C_CENTERCONTROL:0.48405858569713034
C_DEVELOPPIECES:0.5293662111368885
C_MATERIAL:0.5042038469638384
