ELO:976
CE_PASSEDPAWNS:0.47104903496070943
CE_PAWNWEAKNESSES:0.4993192347636572
CE_PIECEACTIVITY:0.6036003200258228
CE_KINGPAWNSHIELD:0.5188068662218588
CE_PIECECOORDINATION:0.5423265260431283
CE_MATERIAL:0.5350253851111632
CE_KINGSAFETY:0.5245695210497544
C_PIECESQUARETABLES:0.5079137848184915
C_MOBILITY:0.4711450152934671
C_KINGSAFETY:0.5420093622693679
C_PAWNSTRUCTURE:0.4801280770174985
C_PIECECOORDINATION:0.5124320663477699
C_ROOKANDPAWNMOVEMENT:0.5124320663477699
C_CENTERCONTROL:0.6163953225856651
C_DEVELOPPIECES:0.5018086614179925
C_MATERIAL:0.52485759001033
