ELO:988
CE_PASSEDPAWNS:0.4884428591082524
CE_PAWNWEAKNESSES:0.5078128488422025
CE_PIECEACTIVITY:0.5174045800638905
CE_KINGPAWNSHIELD:0.530501375051067
CE_PIECECOORDINATION:0.5204575429421018
CE_MATERIAL:0.5010575058753527
CE_KINGSAFETY:0.5260222853758043
C_PIECESQUARETABLES:0.5049028227584954
C_MOBILITY:0.4793732472139371
C_KINGSAFETY:0.4724484612446818
C_PAWNSTRUCTURE:0.5057071962865343
C_PIECECOORDINATION:0.4995992257016168
C_ROOKANDPAWNMOVEMENT:0.4995992257016168
C_CENTERCONTROL:0.4899216963349566
C_DEVELOPPIECES:0.45087590744406275
C_MATERIAL:0.5240518171357517
C_MOVECOUNT:0.5210652848592424
