ELO:1005
CE_PASSEDPAWNS:0.519079221481032
CE_PAWNWEAKNESSES:0.4986385595925889
CE_PIECEACTIVITY:0.47350394151544634
CE_KINGPAWNSHIELD:0.4728408608719225
CE_PIECECOORDINATION:0.5265756069405853
CE_MATERIAL:0.5115864410838993
CE_KINGSAFETY:0.5
C_PIECESQUARETABLES:0.5
C_MOBILITY:0.48113150113811276
C_KINGSAFETY:0.4950862587462479
C_PAWNSTRUCTURE:0.5133504630880249
C_PIECECOORDINATION:0.5179105035451986
C_ROOK:0.5000151810501162
CE_ROOK:0.5156455379366026
C_CENTERCONTROL:0.5128788715870748
C_DEVELOPPIECES:0.5255994280324449
C_MATERIAL:0.4995665681598798
C_MOVECOUNT:0.5281170534686258
C_PAWNMOVEMENT:0.5078320073951574
