ELO:1012
CE_PASSEDPAWNS:0.5
CE_PAWNWEAKNESSES:0.5
CE_PIECEACTIVITY:0.5012210520023992
CE_KINGPAWNSHIELD:0.5
CE_PIECECOORDINATION:0.5
CE_MATERIAL:0.5113046221875883
CE_KINGSAFETY:0.501842316618113
C_PIECESQUARETABLES:0.48990507082878854
C_MOBILITY:0.4948230436726663
C_KINGSAFETY:0.48928570113199704
C_PAWNSTRUCTURE:0.5082307205988198
C_PIECECOORDINATION:0.5
C_ROOK:0.5
CE_ROOK:0.5
C_CENTERCONTROL:0.5
C_DEVELOPPIECES:0.5
C_MATERIAL:0.5091607601089978
C_MOVECOUNT:0.4916289891068704
C_PAWNMOVEMENT:0.4951274197228298
