ELO:988
CE_PASSEDPAWNS:0.517855697723523
CE_PAWNWEAKNESSES:0.5175846183762878
CE_PIECEACTIVITY:0.4895550489677595
CE_KINGPAWNSHIELD:0.4697117915352696
CE_PIECECOORDINATION:0.4073171633347027
CE_MATERIAL:0.4547745687624829
CE_KINGSAFETY:0.5318417231288984
C_PIECESQUARETABLES:0.5006896874193447
C_MOBILITY:0.5195048610047314
C_KINGSAFETY:0.5181138437801202
C_PAWNSTRUCTURE:0.5030586798670674
C_PIECECOORDINATION:0.5157267163931342
C_ROOKANDPAWNMOVEMENT:0.5157267163931342
C_CENTERCONTROL:0.5898570862211142
C_DEVELOPPIECES:0.47709629393040276
C_MATERIAL:0.6168788250604971
