ELO:1006
CE_PASSEDPAWNS:0.511589265104928
CE_PAWNWEAKNESSES:0.49193331286689645
CE_PIECEACTIVITY:0.49473410104863524
CE_KINGPAWNSHIELD:0.4892731557581478
CE_PIECECOORDINATION:0.507527815729606
CE_MATERIAL:0.4838897303042868
CE_KINGSAFETY:0.5
C_PIECESQUARETABLES:0.5
C_MOBILITY:0.4984029272896427
C_KINGSAFETY:0.5141408135149206
C_PAWNSTRUCTURE:0.49406914128749163
C_PIECECOORDINATION:0.4926447665750661
C_ROOKANDPAWNMOVEMENT:0.4926447665750661
C_CENTERCONTROL:0.49473360149604834
C_DEVELOPPIECES:0.5
C_MATERIAL:0.505857402619045
C_MOVECOUNT:0.5033584056001322
