ELO:1000
CE_PASSEDPAWNS:0.4989653608768956
CE_PAWNWEAKNESSES:0.47200698074171205
CE_PIECEACTIVITY:0.5350846722204528
CE_KINGPAWNSHIELD:0.4955174281820665
CE_PIECECOORDINATION:0.4982628555650671
CE_MATERIAL:0.5575922302653734
CE_KINGSAFETY:0.5159734245958211
C_PIECESQUARETABLES:0.5311554625773831
C_MOBILITY:0.4816901213016977
C_KINGSAFETY:0.5064001603191159
C_PAWNSTRUCTURE:0.5196377848839678
C_PIECECOORDINATION:0.4740211971341568
C_ROOKANDPAWNMOVEMENT:0.4740211971341568
C_CENTERCONTROL:0.5835366921416018
C_DEVELOPPIECES:0.5504753560202404
C_MATERIAL:0.49476340818635467
