ELO:882
CE_PASSEDPAWNS:0.4975801849366465
CE_PAWNWEAKNESSES:0.47618805646578855
CE_PIECEACTIVITY:0.5102182975132957
CE_KINGPAWNSHIELD:0.5361166976655132
CE_PIECECOORDINATION:0.5467990022843225
CE_MATERIAL:0.5056007290395478
CE_KINGSAFETY:0.5
C_PIECESQUARETABLES:0.5
C_MOBILITY:0.5162662327760574
C_KINGSAFETY:0.4561268060206273
C_PAWNSTRUCTURE:0.4677190615011552
C_PIECECOORDINATION:0.48814284249900974
C_ROOKANDPAWNMOVEMENT:0.48814284249900974
C_CENTERCONTROL:0.5855426007895259
C_DEVELOPPIECES:0.5430181063410862
C_MATERIAL:0.48190467910454
C_MOVECOUNT:0.5
