ELO:1002
CE_PASSEDPAWNS:0.5136172806706423
CE_PAWNWEAKNESSES:0.4927889234331154
CE_PIECEACTIVITY:0.5
CE_KINGPAWNSHIELD:0.4969167576997776
CE_PIECECOORDINATION:0.5
CE_MATERIAL:0.49823735130947316
CE_KINGSAFETY:0.4917114896217271
C_PIECESQUARETABLES:0.47708972773884234
C_MOBILITY:0.5030134071510917
C_KINGSAFETY:0.49146083895612236
C_PAWNSTRUCTURE:0.5
C_PIECECOORDINATION:0.5
C_ROOKANDPAWNMOVEMENT:0.5
C_CENTERCONTROL:0.49738167999669414
C_DEVELOPPIECES:0.5
C_MATERIAL:0.5
C_MOVECOUNT:0.5035880933274074
