ELO:1000
CE_PASSEDPAWNS:0.4871371678798871
CE_PAWNWEAKNESSES:0.5059816973304012
CE_PIECEACTIVITY:0.4733305842845382
CE_KINGPAWNSHIELD:0.5041089063029565
CE_PIECECOORDINATION:0.4771191154372578
CE_MATERIAL:0.509637972673002
CE_KINGSAFETY:0.507953232227887
C_PIECESQUARETABLES:0.48846510986969566
C_MOBILITY:0.47703070073530085
C_KINGSAFETY:0.5214797635137678
C_PAWNSTRUCTURE:0.4972934892892901
C_PIECECOORDINATION:0.5052651960329326
C_ROOKANDPAWNMOVEMENT:0.5052651960329326
C_CENTERCONTROL:0.4992271530904668
C_DEVELOPPIECES:0.5019433190987312
C_MATERIAL:0.5248995547353689
