ELO:1026
CE_PASSEDPAWNS:0.5901175401297158
CE_PAWNWEAKNESSES:0.46431063483961194
CE_PIECEACTIVITY:0.4350421126361661
CE_KINGPAWNSHIELD:0.4878136624296817
CE_PIECECOORDINATION:0.4998993104609627
CE_MATERIAL:0.46089606493957497
CE_KINGSAFETY:0.507106330780995
C_PIECESQUARETABLES:0.4918788801773959
C_MOBILITY:0.43329548758995867
C_KINGSAFETY:0.44768870348524975
C_PAWNSTRUCTURE:0.35853673548202863
C_PIECECOORDINATION:0.4652925093964329
C_ROOKANDPAWNMOVEMENT:0.4652925093964329
C_CENTERCONTROL:0.5118585999556823
C_DEVELOPPIECES:0.6312115125590054
C_MATERIAL:0.40432188374997574
