ELO:1024
CE_PASSEDPAWNS:0.5131572615411851
CE_PAWNWEAKNESSES:0.5
CE_PIECEACTIVITY:0.5
CE_KINGPAWNSHIELD:0.4900217363729191
CE_PIECECOORDINATION:0.5
CE_MATERIAL:0.5166235353465902
CE_KINGSAFETY:0.5256279980669694
C_PIECESQUARETABLES:0.5
C_MOBILITY:0.5042621044173552
C_KINGSAFETY:0.5252171715570149
C_PAWNSTRUCTURE:0.5022106920195981
C_PIECECOORDINATION:0.5
C_ROOKANDPAWNMOVEMENT:0.5
C_CENTERCONTROL:0.48984933147108767
C_DEVELOPPIECES:0.5066790896937444
C_MATERIAL:0.49343922729650663
C_MOVECOUNT:0.5
