ELO:709
CE_PASSEDPAWNS:0.4756395652142704
CE_PAWNWEAKNESSES:0.4740564852185343
CE_PIECEACTIVITY:0.4363571670663744
CE_KINGPAWNSHIELD:0.5396577886642937
CE_PIECECOORDINATION:0.4565938558635522
CE_MATERIAL:0.46146152684582475
CE_KINGSAFETY:0.49437647907500604
C_PIECESQUARETABLES:0.49540562100872837
C_MOBILITY:0.5060739747011351
C_KINGSAFETY:0.5013907903546138
C_PAWNSTRUCTURE:0.4420999584433187
C_PIECECOORDINATION:0.5290439847068585
C_ROOKANDPAWNMOVEMENT:0.5290439847068585
C_CENTERCONTROL:0.5123270327453748
C_DEVELOPPIECES:0.47233743105905796
C_MATERIAL:0.4965119390271572
C_MOVECOUNT:0.5195857269840285
