ELO:1012
CE_PASSEDPAWNS:0.5290829338272197
CE_PAWNWEAKNESSES:0.48833438717928296
CE_PIECEACTIVITY:0.490881439549285
CE_KINGPAWNSHIELD:0.4896243437529108
CE_PIECECOORDINATION:0.5091829113754472
CE_MATERIAL:0.5086187825701167
CE_KINGSAFETY:0.5
C_PIECESQUARETABLES:0.5
C_MOBILITY:0.5050819751964495
C_KINGSAFETY:0.4894545220625953
C_PAWNSTRUCTURE:0.5206221487950914
C_PIECECOORDINATION:0.5021414923254232
C_ROOK:0.5
CE_ROOK:0.5116465777742402
C_CENTERCONTROL:0.4828510413168279
C_DEVELOPPIECES:0.4896603053056364
C_MATERIAL:0.46758995477125365
C_MOVECOUNT:0.5
C_PAWNMOVEMENT:0.4856284949866455
