ELO:1030
CE_PASSEDPAWNS:0.5005976292010338
CE_PAWNWEAKNESSES:0.5
CE_PIECEACTIVITY:0.5081077186236131
CE_KINGPAWNSHIELD:0.5321548501944732
CE_PIECECOORDINATION:0.5
CE_MATERIAL:0.5
CE_KINGSAFETY:0.5
C_PIECESQUARETABLES:0.5093897019497889
C_MOBILITY:0.5
C_KINGSAFETY:0.49545242101537473
C_PAWNSTRUCTURE:0.5115851121457385
C_PIECECOORDINATION:0.5134651869651766
C_ROOKANDPAWNMOVEMENT:0.5134651869651766
C_CENTERCONTROL:0.5040477922842227
C_DEVELOPPIECES:0.5
C_MATERIAL:0.4990383809606703
C_MOVECOUNT:0.5
