ELO:990
CE_PASSEDPAWNS:0.5258697345124422
CE_PAWNWEAKNESSES:0.5347411434120423
CE_PIECEACTIVITY:0.4823754119454531
CE_KINGPAWNSHIELD:0.4879755020668967
CE_PIECECOORDINATION:0.4505915101653789
CE_MATERIAL:0.4524663001439512
CE_KINGSAFETY:0.505704764297628
C_PIECESQUARETABLES:0.5030292484740538
C_MOBILITY:0.5216182898721623
C_KINGSAFETY:0.5223717588422712
C_PAWNSTRUCTURE:0.5075680436348764
C_PIECECOORDINATION:0.5454200899192724
C_ROOKANDPAWNMOVEMENT:0.5454200899192724
C_CENTERCONTROL:0.5812409742954522
C_DEVELOPPIECES:0.47430472777859733
C_MATERIAL:0.6095229108164928
