ELO:980
CE_PASSEDPAWNS:0.4787344897120102
CE_PAWNWEAKNESSES:0.4956532587259234
CE_PIECEACTIVITY:0.6070747597317561
CE_KINGPAWNSHIELD:0.5183487757787277
CE_PIECECOORDINATION:0.5464301112302956
CE_MATERIAL:0.5533045987921964
CE_KINGSAFETY:0.5194382802032727
C_PIECESQUARETABLES:0.5065736195186233
C_MOBILITY:0.4826498038155212
C_KINGSAFETY:0.5435902598874119
C_PAWNSTRUCTURE:0.47818078103478084
C_PIECECOORDINATION:0.5137007987241075
C_ROOKANDPAWNMOVEMENT:0.5137007987241075
C_CENTERCONTROL:0.6230514818491025
C_DEVELOPPIECES:0.5134146360818121
C_MATERIAL:0.5164061034121304
