ELO:920
CE_PASSEDPAWNS:0.45732320108462016
CE_PAWNWEAKNESSES:0.5066210395388014
CE_PIECEACTIVITY:0.4985394314258245
CE_KINGPAWNSHIELD:0.5343348709402157
CE_PIECECOORDINATION:0.4870022517771538
CE_MATERIAL:0.5326550115855512
CE_KINGSAFETY:0.4674284462761878
C_PIECESQUARETABLES:0.5068482258570096
C_MOBILITY:0.4579756952802968
C_KINGSAFETY:0.5182249183609015
C_PAWNSTRUCTURE:0.5
C_PIECECOORDINATION:0.5109601600208393
C_ROOKANDPAWNMOVEMENT:0.5109601600208393
C_CENTERCONTROL:0.5028018848650019
C_DEVELOPPIECES:0.43215795674291496
C_MATERIAL:0.5065263893307775
C_MOVECOUNT:0.5
