ELO:987
CE_PASSEDPAWNS:0.5120749076903875
CE_PAWNWEAKNESSES:0.5153241337901816
CE_PIECEACTIVITY:0.4725336693852458
CE_KINGPAWNSHIELD:0.4433523496718248
CE_PIECECOORDINATION:0.4177741465362013
CE_MATERIAL:0.4547745687624829
CE_KINGSAFETY:0.5249083013829918
C_PIECESQUARETABLES:0.4969046128053062
C_MOBILITY:0.5231471819617655
C_KINGSAFETY:0.5070635477106175
C_PAWNSTRUCTURE:0.4992191350122421
C_PIECECOORDINATION:0.5189800793270545
C_ROOKANDPAWNMOVEMENT:0.5189800793270545
C_CENTERCONTROL:0.5964112886695973
C_DEVELOPPIECES:0.4942238523624572
C_MATERIAL:0.610072085256974
