ELO:984
CE_PASSEDPAWNS:0.5
CE_PAWNWEAKNESSES:0.48935557813308356
CE_PIECEACTIVITY:0.4865320714227735
CE_KINGPAWNSHIELD:0.5122764323777618
CE_PIECECOORDINATION:0.5091517098215456
CE_MATERIAL:0.5115952459672667
CE_KINGSAFETY:0.5170926375851757
C_PIECESQUARETABLES:0.494243289076251
C_MOBILITY:0.5066603865369843
C_KINGSAFETY:0.4919880336767359
C_PAWNSTRUCTURE:0.514521503764002
C_PIECECOORDINATION:0.5032869848518506
C_ROOKANDPAWNMOVEMENT:0.5032869848518506
C_CENTERCONTROL:0.5108259053632382
C_DEVELOPPIECES:0.5021581563158051
C_MATERIAL:0.4902193680226627
