ELO:991
CE_PASSEDPAWNS:0.4388737274194696
CE_PAWNWEAKNESSES:0.48070932870808986
CE_PIECEACTIVITY:0.5500344868358895
CE_KINGPAWNSHIELD:0.4792914016857284
CE_PIECECOORDINATION:0.4939580946664056
CE_MATERIAL:0.47471549401862834
CE_KINGSAFETY:0.5
C_PIECESQUARETABLES:0.5
C_MOBILITY:0.4893268492745207
C_KINGSAFETY:0.49076059037697933
C_PAWNSTRUCTURE:0.4984238162774086
C_PIECECOORDINATION:0.47685990156734265
C_ROOK:0.5244386712091323
CE_ROOK:0.5035547391877903
C_CENTERCONTROL:0.4840961186480024
C_DEVELOPPIECES:0.48235580445216464
C_MATERIAL:0.4895079298215106
C_MOVECOUNT:0.5047116658693813
C_PAWNMOVEMENT:0.4746195113060341
