ELO:1006
CE_PASSEDPAWNS:0.5017873468533773
CE_PAWNWEAKNESSES:0.48670941044842464
CE_PIECEACTIVITY:0.5360850906915228
CE_KINGPAWNSHIELD:0.5
CE_PIECECOORDINATION:0.49964702934685445
CE_MATERIAL:0.4929720731834084
CE_KINGSAFETY:0.5
C_PIECESQUARETABLES:0.5
C_MOBILITY:0.4828175302277787
C_KINGSAFETY:0.4925469210949234
C_PAWNSTRUCTURE:0.5
C_PIECECOORDINATION:0.5150372926255956
C_ROOK:0.4684883580554221
CE_ROOK:0.481432679306885
C_CENTERCONTROL:0.49044708009795795
C_DEVELOPPIECES:0.44542580439486235
C_MATERIAL:0.4844678741815801
C_MOVECOUNT:0.47689845474745257
C_PAWNMOVEMENT:0.49760073491699014
