ELO:989
CE_PASSEDPAWNS:0.3671258369474086
CE_PAWNWEAKNESSES:0.5103638591680232
CE_PIECEACTIVITY:0.5517927600196982
CE_KINGPAWNSHIELD:0.47959558936134555
CE_PIECECOORDINATION:0.45111995379114833
CE_MATERIAL:0.5125313430690898
CE_KINGSAFETY:0.5006541777466718
C_PIECESQUARETABLES:0.49328882548289243
C_MOBILITY:0.516862090913773
C_KINGSAFETY:0.5594239720260957
C_PAWNSTRUCTURE:0.3273983515881112
C_PIECECOORDINATION:0.4455295289066636
C_ROOKANDPAWNMOVEMENT:0.4455295289066636
C_CENTERCONTROL:0.3582124653566128
C_DEVELOPPIECES:0.48463106472835726
C_MATERIAL:0.6875608415611089
