ELO:969
CE_PASSEDPAWNS:0.501230630660676
CE_PAWNWEAKNESSES:0.5096281224457462
CE_PIECEACTIVITY:0.5238516314401653
CE_KINGPAWNSHIELD:0.49441171989046473
CE_PIECECOORDINATION:0.5153198829864153
CE_MATERIAL:0.5244028772243329
CE_KINGSAFETY:0.49977944296004484
C_PIECESQUARETABLES:0.5
C_MOBILITY:0.5
C_KINGSAFETY:0.5197132667610902
C_PAWNSTRUCTURE:0.49189108036926055
C_PIECECOORDINATION:0.49382145160555857
C_ROOKANDPAWNMOVEMENT:0.49382145160555857
C_CENTERCONTROL:0.5177741920165845
C_DEVELOPPIECES:0.486015834214344
C_MATERIAL:0.5078164641401799
C_MOVECOUNT:0.5
