ELO:1015
CE_PASSEDPAWNS:0.5
CE_PAWNWEAKNESSES:0.5009028188943203
CE_PIECEACTIVITY:0.5186725186088694
CE_KINGPAWNSHIELD:0.5026862539650367
CE_PIECECOORDINATION:0.5173016784345358
CE_MATERIAL:0.5031413412348756
CE_KINGSAFETY:0.5
C_PIECESQUARETABLES:0.5136413423371706
C_MOBILITY:0.5
C_KINGSAFETY:0.49234105022336144
C_PAWNSTRUCTURE:0.5104704862187448
C_PIECECOORDINATION:0.5111633121769752
C_ROOKANDPAWNMOVEMENT:0.5111633121769752
C_CENTERCONTROL:0.48737583481922847
C_DEVELOPPIECES:0.5097824017598478
C_MATERIAL:0.5018383165613604
C_MOVECOUNT:0.5
