ELO:1000
CE_PASSEDPAWNS:0.48191972084327095
CE_PAWNWEAKNESSES:0.4820054231741528
CE_PIECEACTIVITY:0.5108904961473827
CE_KINGPAWNSHIELD:0.49056784954016913
CE_PIECECOORDINATION:0.49128678113582874
CE_MATERIAL:0.5032519271110147
CE_KINGSAFETY:0.495143559364329
C_PIECESQUARETABLES:0.5432869351994779
C_MOBILITY:0.4684844928443153
C_KINGSAFETY:0.48256537269527067
C_PAWNSTRUCTURE:0.5277287901269829
C_PIECECOORDINATION:0.5055735112474117
C_ROOKANDPAWNMOVEMENT:0.5055735112474117
C_CENTERCONTROL:0.5455260451196822
C_DEVELOPPIECES:0.5028376523980287
C_MATERIAL:0.49543559909158147
