ELO:1009
CE_PASSEDPAWNS:0.49459801186234326
CE_PAWNWEAKNESSES:0.5012364772562314
CE_PIECEACTIVITY:0.5160617649307307
CE_KINGPAWNSHIELD:0.5
CE_PIECECOORDINATION:0.5
CE_MATERIAL:0.5114202720100925
CE_KINGSAFETY:0.5
C_PIECESQUARETABLES:0.5
C_MOBILITY:0.4936512551597207
C_KINGSAFETY:0.4993209027629956
C_PAWNSTRUCTURE:0.5
C_PIECECOORDINATION:0.5021470694986049
C_ROOKANDPAWNMOVEMENT:0.5021470694986049
C_CENTERCONTROL:0.4804262219435009
C_DEVELOPPIECES:0.5039971691730288
C_MATERIAL:0.4997425295186726
C_MOVECOUNT:0.5
