ELO:1009
CE_PASSEDPAWNS:0.5044796050536646
CE_PAWNWEAKNESSES:0.5
CE_PIECEACTIVITY:0.5
CE_KINGPAWNSHIELD:0.4892731557581478
CE_PIECECOORDINATION:0.5
CE_MATERIAL:0.5090906323459515
CE_KINGSAFETY:0.5
C_PIECESQUARETABLES:0.5
C_MOBILITY:0.5147436309876243
C_KINGSAFETY:0.5088098085443163
C_PAWNSTRUCTURE:0.5105402118447838
C_PIECECOORDINATION:0.49560479372499344
C_ROOKANDPAWNMOVEMENT:0.49560479372499344
C_CENTERCONTROL:0.5082263201147994
C_DEVELOPPIECES:0.4697464111650068
C_MATERIAL:0.49217052537892403
C_MOVECOUNT:0.49412144449126805
