ELO:1006
CE_PASSEDPAWNS:0.5017873468533773
CE_PAWNWEAKNESSES:0.49127071991486265
CE_PIECEACTIVITY:0.5074955193910428
CE_KINGPAWNSHIELD:0.5193063438317401
CE_PIECECOORDINATION:0.511298527181163
CE_MATERIAL:0.47471549401862834
CE_KINGSAFETY:0.5
C_PIECESQUARETABLES:0.5
C_MOBILITY:0.4879869534833839
C_KINGSAFETY:0.5090824192887126
C_PAWNSTRUCTURE:0.5
C_PIECECOORDINATION:0.5330439623367109
C_ROOK:0.5068507259615967
CE_ROOK:0.518072906126279
C_CENTERCONTROL:0.5006688284442861
C_DEVELOPPIECES:0.4631289165320919
C_MATERIAL:0.49849828796241874
C_MOVECOUNT:0.47689845474745257
C_PAWNMOVEMENT:0.4733491807054828
