ELO:1021
CE_PASSEDPAWNS:0.5963156309536294
CE_PAWNWEAKNESSES:0.48730975050359976
CE_PIECEACTIVITY:0.4297142878277848
CE_KINGPAWNSHIELD:0.4855931032983339
CE_PIECECOORDINATION:0.5002694970765552
CE_MATERIAL:0.4662500238781455
CE_KINGSAFETY:0.5048565114792495
C_PIECESQUARETABLES:0.4579860856959561
C_MOBILITY:0.4263030530697848
C_KINGSAFETY:0.45184955413137706
C_PAWNSTRUCTURE:0.36213359082142255
C_PIECECOORDINATION:0.4696387910337699
C_ROOKANDPAWNMOVEMENT:0.4696387910337699
C_CENTERCONTROL:0.49682848500421606
C_DEVELOPPIECES:0.6227128358370523
C_MATERIAL:0.4106552607045722
