ELO:981
CE_PASSEDPAWNS:0.5168335828348822
CE_PAWNWEAKNESSES:0.5400431225396087
CE_PIECEACTIVITY:0.4917957696965452
CE_KINGPAWNSHIELD:0.4309814906970512
CE_PIECECOORDINATION:0.5620450345535717
CE_MATERIAL:0.4994793841422356
CE_KINGSAFETY:0.5
C_PIECESQUARETABLES:0.5
C_MOBILITY:0.5006659927400722
C_KINGSAFETY:0.48012539474343635
C_PAWNSTRUCTURE:0.49478293192095857
C_PIECECOORDINATION:0.5304542664900367
C_ROOK:0.4984338265937287
CE_ROOK:0.40816371276553154
C_CENTERCONTROL:0.5049448884915928
C_DEVELOPPIECES:0.48837650815113426
C_MATERIAL:0.4623483898530284
C_MOVECOUNT:0.5047116658693813
C_PAWNMOVEMENT:0.4809901594197928
