ELO:993
CE_PASSEDPAWNS:0.5168335828348822
CE_PAWNWEAKNESSES:0.48260713146997686
CE_PIECEACTIVITY:0.4917957696965452
CE_KINGPAWNSHIELD:0.4792914016857284
CE_PIECECOORDINATION:0.49037197389385123
CE_MATERIAL:0.4994793841422356
CE_KINGSAFETY:0.5
C_PIECESQUARETABLES:0.5007232215147787
C_MOBILITY:0.5006659927400722
C_KINGSAFETY:0.48012539474343635
C_PAWNSTRUCTURE:0.5252836670638683
C_PIECECOORDINATION:0.5304542664900367
C_ROOK:0.4984338265937287
CE_ROOK:0.40816371276553154
C_CENTERCONTROL:0.5009217104768202
C_DEVELOPPIECES:0.48650614636607004
C_MATERIAL:0.5011259277329964
C_MOVECOUNT:0.513501588422569
C_PAWNMOVEMENT:0.47916395323726246
