ELO:999
CE_PASSEDPAWNS:0.4912528259147937
CE_PAWNWEAKNESSES:0.5070197954495699
CE_PIECEACTIVITY:0.487441585253657
CE_KINGPAWNSHIELD:0.5047800222403179
CE_PIECECOORDINATION:0.5
CE_MATERIAL:0.49589856111234515
CE_KINGSAFETY:0.5
C_PIECESQUARETABLES:0.5
C_MOBILITY:0.5030390834426404
C_KINGSAFETY:0.4924349488244573
C_PAWNSTRUCTURE:0.5
C_PIECECOORDINATION:0.4909720930814719
C_ROOKANDPAWNMOVEMENT:0.4909720930814719
C_CENTERCONTROL:0.5059539681934911
C_DEVELOPPIECES:0.49807797072248167
C_MATERIAL:0.505857402619045
C_MOVECOUNT:0.5108792207109758
