ELO:1042
CE_PASSEDPAWNS:0.5051675990625852
CE_PAWNWEAKNESSES:0.4762946056956586
CE_PIECEACTIVITY:0.5020782346576764
CE_KINGPAWNSHIELD:0.4940484174454118
CE_PIECECOORDINATION:0.5026983363909915
CE_MATERIAL:0.46837377775804356
CE_KINGSAFETY:0.5
C_PIECESQUARETABLES:0.4994718319130074
C_MOBILITY:0.5
C_KINGSAFETY:0.5
C_PAWNSTRUCTURE:0.51072347316108
C_PIECECOORDINATION:0.4900481789161118
C_ROOKANDPAWNMOVEMENT:0.4900481789161118
C_CENTERCONTROL:0.48777204083776526
C_DEVELOPPIECES:0.48963462765879634
C_MATERIAL:0.5297562275330842
C_MOVECOUNT:0.5
