ELO:934
CE_PASSEDPAWNS:0.4732861848880659
CE_PAWNWEAKNESSES:0.43982716504280717
CE_PIECEACTIVITY:0.41289054432045963
CE_KINGPAWNSHIELD:0.5367612490197851
CE_PIECECOORDINATION:0.4266348077629561
CE_MATERIAL:0.44126215016160225
CE_KINGSAFETY:0.46345298225622206
C_PIECESQUARETABLES:0.4938404368913899
C_MOBILITY:0.5836886790512748
C_KINGSAFETY:0.4266637597659395
C_PAWNSTRUCTURE:0.5495986841889603
C_PIECECOORDINATION:0.5627738998730374
C_ROOKANDPAWNMOVEMENT:0.5627738998730374
C_CENTERCONTROL:0.5636786537361551
C_DEVELOPPIECES:0.4263201053441365
C_MATERIAL:0.6584829594545111
