ELO:1067
CE_PASSEDPAWNS:0.6111473002534042
CE_PAWNWEAKNESSES:0.4753948337953206
CE_PIECEACTIVITY:0.46471913240047746
CE_KINGPAWNSHIELD:0.5104104529805931
CE_PIECECOORDINATION:0.5080285462277724
CE_MATERIAL:0.4579733993383259
CE_KINGSAFETY:0.5126038058464771
C_PIECESQUARETABLES:0.4828269110046356
C_MOBILITY:0.41766634176968387
C_KINGSAFETY:0.48059343469932114
C_PAWNSTRUCTURE:0.38414088723079637
C_PIECECOORDINATION:0.4604027740593351
C_ROOKANDPAWNMOVEMENT:0.4604027740593351
C_CENTERCONTROL:0.5124232093699476
C_DEVELOPPIECES:0.6044733564087181
C_MATERIAL:0.4259179835621001
