ELO:972
CE_PASSEDPAWNS:0.5
CE_PAWNWEAKNESSES:0.5
CE_PIECEACTIVITY:0.4981175404674844
CE_KINGPAWNSHIELD:0.47734569184025083
CE_PIECECOORDINATION:0.5286807604930094
CE_MATERIAL:0.5295449709115624
CE_KINGSAFETY:0.5
C_PIECESQUARETABLES:0.5
C_MOBILITY:0.48768308349733
C_KINGSAFETY:0.5089883691247459
C_PAWNSTRUCTURE:0.5198721835194752
C_PIECECOORDINATION:0.4800346567586351
C_ROOKANDPAWNMOVEMENT:0.4800346567586351
C_CENTERCONTROL:0.5149426153860373
C_DEVELOPPIECES:0.5013391619851276
C_MATERIAL:0.5522604374674884
C_MOVECOUNT:0.5
