ELO:930
CE_PASSEDPAWNS:0.45755187549206516
CE_PAWNWEAKNESSES:0.47720536449859396
CE_PIECEACTIVITY:0.5010988249733321
CE_KINGPAWNSHIELD:0.4301892030416735
CE_PIECECOORDINATION:0.49335627855985764
CE_MATERIAL:0.49715628006294255
CE_KINGSAFETY:0.48431027157052503
C_PIECESQUARETABLES:0.5603875067341757
C_MOBILITY:0.4757126382169511
C_KINGSAFETY:0.47328335037679864
C_PAWNSTRUCTURE:0.5003457020364056
C_PIECECOORDINATION:0.4896697258066183
C_ROOKANDPAWNMOVEMENT:0.4896697258066183
C_CENTERCONTROL:0.5455103875539614
C_DEVELOPPIECES:0.47503012232711017
C_MATERIAL:0.516599385457376
C_MOVECOUNT:0.5
