ELO:999
CE_PASSEDPAWNS:0.5004295878790441
CE_PAWNWEAKNESSES:0.4973628553302582
CE_PIECEACTIVITY:0.5071721628190173
CE_KINGPAWNSHIELD:0.493106572232465
CE_PIECECOORDINATION:0.5088747454876527
CE_MATERIAL:0.48373278557546884
CE_KINGSAFETY:0.5030853886138765
C_PIECESQUARETABLES:0.5
C_MOBILITY:0.49230568759344917
C_KINGSAFETY:0.4926409208143223
C_PAWNSTRUCTURE:0.5025644004683946
C_PIECECOORDINATION:0.4902672541631018
C_ROOKANDPAWNMOVEMENT:0.4902672541631018
C_CENTERCONTROL:0.5131426465529384
C_DEVELOPPIECES:0.5057049985367105
C_MATERIAL:0.5044568701372152
C_MOVECOUNT:0.4919336953014716
