ELO:1000
CE_PASSEDPAWNS:0.4897163615734629
CE_PAWNWEAKNESSES:0.4867038509221798
CE_PIECEACTIVITY:0.5362966715660868
CE_KINGPAWNSHIELD:0.5354170138047202
CE_PIECECOORDINATION:0.4896883010515218
CE_MATERIAL:0.4893829360356723
CE_KINGSAFETY:0.4901629662534697
C_PIECESQUARETABLES:0.5235426038781466
C_MOBILITY:0.5173427495627628
C_KINGSAFETY:0.4820817205184804
C_PAWNSTRUCTURE:0.49795048195215025
C_PIECECOORDINATION:0.49422066144621846
C_ROOKANDPAWNMOVEMENT:0.49422066144621846
C_CENTERCONTROL:0.5016970345773313
C_DEVELOPPIECES:0.48135031749680324
C_MATERIAL:0.4586289374410991
