ELO:991
CE_PASSEDPAWNS:0.4716433002816471
CE_PAWNWEAKNESSES:0.48164882138587356
CE_PIECEACTIVITY:0.5521372289974164
CE_KINGPAWNSHIELD:0.6067818115536083
CE_PIECECOORDINATION:0.49495864768846737
CE_MATERIAL:0.43266265077826166
CE_KINGSAFETY:0.5336512751915716
C_PIECESQUARETABLES:0.538348861698013
C_MOBILITY:0.4856599633268839
C_KINGSAFETY:0.4717820144134627
C_PAWNSTRUCTURE:0.5259489970949013
C_PIECECOORDINATION:0.5522421482466179
C_ROOKANDPAWNMOVEMENT:0.5522421482466179
C_CENTERCONTROL:0.5054388178502504
C_DEVELOPPIECES:0.3832477412587039
C_MATERIAL:0.4352354175796574
