ELO:815
CE_PASSEDPAWNS:0.4045269082051458
CE_PAWNWEAKNESSES:0.43355017535643353
CE_PIECEACTIVITY:0.5477867090384188
CE_KINGPAWNSHIELD:0.4340438114754652
CE_PIECECOORDINATION:0.5111891508854878
CE_MATERIAL:0.5092337932201216
CE_KINGSAFETY:0.5282893641906026
C_PIECESQUARETABLES:0.5
C_MOBILITY:0.5171616195372161
C_KINGSAFETY:0.5322767723178451
C_PAWNSTRUCTURE:0.5029456114406541
C_PIECECOORDINATION:0.46601629397280603
C_ROOKANDPAWNMOVEMENT:0.46601629397280603
C_CENTERCONTROL:0.5489128410437579
C_DEVELOPPIECES:0.4598825983582492
C_MATERIAL:0.5003704629571398
C_MOVECOUNT:0.5
