ELO:1000
CE_PASSEDPAWNS:0.5
CE_PAWNWEAKNESSES:0.5163753147823961
CE_PIECEACTIVITY:0.5
CE_KINGPAWNSHIELD:0.49524956162726064
CE_PIECECOORDINATION:0.5
CE_MATERIAL:0.4847487526332588
CE_KINGSAFETY:0.4946052466671152
C_PIECESQUARETABLES:0.508460562670486
C_MOBILITY:0.5153279706805903
C_KINGSAFETY:0.5079633557560709
C_PAWNSTRUCTURE:0.4925073680449223
C_PIECECOORDINATION:0.5106913567773623
C_ROOKANDPAWNMOVEMENT:0.5106913567773623
C_CENTERCONTROL:0.5000794303334809
C_DEVELOPPIECES:0.513618780656722
C_MATERIAL:0.5067057630528848
