ELO:1000
CE_PASSEDPAWNS:0.5006904049973684
CE_PAWNWEAKNESSES:0.520865975864978
CE_PIECEACTIVITY:0.48767940075536975
CE_KINGPAWNSHIELD:0.4901216329753293
CE_PIECECOORDINATION:0.4951480931221697
CE_MATERIAL:0.4895857276459766
CE_KINGSAFETY:0.4868341115897892
C_PIECESQUARETABLES:0.5065882305778838
C_MOBILITY:0.5310734503718697
C_KINGSAFETY:0.4987992424833206
C_PAWNSTRUCTURE:0.4759026027304211
C_PIECECOORDINATION:0.5168070755195187
C_ROOKANDPAWNMOVEMENT:0.5168070755195187
C_CENTERCONTROL:0.5051929137157859
C_DEVELOPPIECES:0.513618780656722
C_MATERIAL:0.5360042126861662
