ELO:989
CE_PASSEDPAWNS:0.3671258369474086
CE_PAWNWEAKNESSES:0.5066394448446077
CE_PIECEACTIVITY:0.5594978002495871
CE_KINGPAWNSHIELD:0.47959558936134555
CE_PIECECOORDINATION:0.4674548899098897
CE_MATERIAL:0.5125313430690898
CE_KINGSAFETY:0.5
C_PIECESQUARETABLES:0.4941250599005811
C_MOBILITY:0.5001465408952577
C_KINGSAFETY:0.5649746602276203
C_PAWNSTRUCTURE:0.32105185338115894
C_PIECECOORDINATION:0.44135327382864503
C_ROOKANDPAWNMOVEMENT:0.44135327382864503
C_CENTERCONTROL:0.34827524702468654
C_DEVELOPPIECES:0.48463106472835726
C_MATERIAL:0.6899481349559431
