ELO:1016
CE_PASSEDPAWNS:0.49440136804619905
CE_PAWNWEAKNESSES:0.5058922181009035
CE_PIECEACTIVITY:0.5038421339517635
CE_KINGPAWNSHIELD:0.5122363856683062
CE_PIECECOORDINATION:0.49090611855349686
CE_MATERIAL:0.4939458398004939
CE_KINGSAFETY:0.5
C_PIECESQUARETABLES:0.5
C_MOBILITY:0.5
C_KINGSAFETY:0.49807762350557305
C_PAWNSTRUCTURE:0.5084033372933106
C_PIECECOORDINATION:0.5233423374032873
C_ROOK:0.496266584649756
CE_ROOK:0.49134650467698565
C_CENTERCONTROL:0.4885014735325812
C_DEVELOPPIECES:0.5284044370215044
C_MATERIAL:0.498131800715962
C_MOVECOUNT:0.49509957045493014
C_PAWNMOVEMENT:0.48890777999213453
