ELO:819
CE_PASSEDPAWNS:0.5763997162627117
CE_PAWNWEAKNESSES:0.5415736035898017
CE_PIECEACTIVITY:0.448238953098072
CE_KINGPAWNSHIELD:0.5217076259788158
CE_PIECECOORDINATION:0.4981167087364382
CE_MATERIAL:0.4883229118829582
CE_KINGSAFETY:0.5296043043464939
C_PIECESQUARETABLES:0.5320921307831501
C_MOBILITY:0.4897777302003441
C_KINGSAFETY:0.5424521767930452
C_PAWNSTRUCTURE:0.45424594811701074
C_PIECECOORDINATION:0.5642439328348235
C_ROOKANDPAWNMOVEMENT:0.5642439328348235
C_CENTERCONTROL:0.5296122539495683
C_DEVELOPPIECES:0.5692229029096623
C_MATERIAL:0.5562848852667045
