ELO:896
CE_PASSEDPAWNS:0.5404057510921884
CE_PAWNWEAKNESSES:0.4589051324990054
CE_PIECEACTIVITY:0.46128854792218504
CE_KINGPAWNSHIELD:0.4830049452462086
CE_PIECECOORDINATION:0.485289822972263
CE_MATERIAL:0.47346768245026094
CE_KINGSAFETY:0.5370408936675437
C_PIECESQUARETABLES:0.4567854817326771
C_MOBILITY:0.5305569642253631
C_KINGSAFETY:0.5003577364143277
C_PAWNSTRUCTURE:0.5217270775039673
C_PIECECOORDINATION:0.515634541919695
C_ROOKANDPAWNMOVEMENT:0.515634541919695
C_CENTERCONTROL:0.5142628040037271
C_DEVELOPPIECES:0.4937276069103481
C_MATERIAL:0.5192633324112952
C_MOVECOUNT:0.519423307293715
