ELO:965
CE_PASSEDPAWNS:0.5071734898946876
CE_PAWNWEAKNESSES:0.485279963177702
CE_PIECEACTIVITY:0.4979604553042979
CE_KINGPAWNSHIELD:0.509571235282746
CE_PIECECOORDINATION:0.4672450675478498
CE_MATERIAL:0.5003319455574798
CE_KINGSAFETY:0.5
C_PIECESQUARETABLES:0.4650638765205039
C_MOBILITY:0.4785734538569302
C_KINGSAFETY:0.49462480660132874
C_PAWNSTRUCTURE:0.5
C_PIECECOORDINATION:0.5229393303015683
C_ROOKANDPAWNMOVEMENT:0.5229393303015683
C_CENTERCONTROL:0.5090912479554345
C_DEVELOPPIECES:0.4880495645932701
C_MATERIAL:0.5031430447428289
C_MOVECOUNT:0.5
