ELO:989
CE_PASSEDPAWNS:0.35708729085643526
CE_PAWNWEAKNESSES:0.5121473780722481
CE_PIECEACTIVITY:0.5594978002495871
CE_KINGPAWNSHIELD:0.4671501170423547
CE_PIECECOORDINATION:0.4655190433506069
CE_MATERIAL:0.5125313430690898
CE_KINGSAFETY:0.503794970271962
C_PIECESQUARETABLES:0.4969340169767886
C_MOBILITY:0.5072682514778019
C_KINGSAFETY:0.56721940767624
C_PAWNSTRUCTURE:0.3302328825779541
C_PIECECOORDINATION:0.4455295289066636
C_ROOKANDPAWNMOVEMENT:0.4455295289066636
C_CENTERCONTROL:0.35488331713916
C_DEVELOPPIECES:0.4917638757566508
C_MATERIAL:0.6780163640992205
