ELO:1024
CE_PASSEDPAWNS:0.5111149673532346
CE_PAWNWEAKNESSES:0.4961012538147669
CE_PIECEACTIVITY:0.49833161450269914
CE_KINGPAWNSHIELD:0.4735940439376194
CE_PIECECOORDINATION:0.5114344105562015
CE_MATERIAL:0.49826675981698254
CE_KINGSAFETY:0.5041612997304507
C_PIECESQUARETABLES:0.5
C_MOBILITY:0.49507707390862454
C_KINGSAFETY:0.49300306790806625
C_PAWNSTRUCTURE:0.4859267463608704
C_PIECECOORDINATION:0.5266591127413877
C_ROOK:0.5096048013706082
CE_ROOK:0.4946989556359861
C_CENTERCONTROL:0.5191594541185843
C_DEVELOPPIECES:0.5152693387844893
C_MATERIAL:0.5313469601825206
C_MOVECOUNT:0.5153697606694594
C_PAWNMOVEMENT:0.47753126425553616
