ELO:1000
CE_PASSEDPAWNS:0.48974893983502044
CE_PAWNWEAKNESSES:0.5175998595807334
CE_PIECEACTIVITY:0.49891031723627927
CE_KINGPAWNSHIELD:0.4932646778284517
CE_PIECECOORDINATION:0.5159274345227141
CE_MATERIAL:0.48681909351298924
CE_KINGSAFETY:0.5234393606811326
C_PIECESQUARETABLES:0.5025853364821992
C_MOBILITY:0.5645747124645103
C_KINGSAFETY:0.5649370607877238
C_PAWNSTRUCTURE:0.4353793725994921
C_PIECECOORDINATION:0.5130813392823157
C_ROOKANDPAWNMOVEMENT:0.5130813392823157
C_CENTERCONTROL:0.496023554018139
C_DEVELOPPIECES:0.4884389125709741
C_MATERIAL:0.5293894846438151
