ELO:982
CE_PASSEDPAWNS:0.485638532229902
CE_PAWNWEAKNESSES:0.4908273960924968
CE_PIECEACTIVITY:0.5264498856741064
CE_KINGPAWNSHIELD:0.46001628338248474
CE_PIECECOORDINATION:0.5001493036312058
CE_MATERIAL:0.46426251893448806
CE_KINGSAFETY:0.5018692736464976
C_PIECESQUARETABLES:0.5
C_MOBILITY:0.4653124734907727
C_KINGSAFETY:0.5047153224407882
C_PAWNSTRUCTURE:0.5241464808785488
C_PIECECOORDINATION:0.5149263045680933
C_ROOK:0.4929850499783322
CE_ROOK:0.5149102419856308
C_CENTERCONTROL:0.5117585268469452
C_DEVELOPPIECES:0.5388968745806559
C_MATERIAL:0.5075977080821008
C_MOVECOUNT:0.4988908218845975
C_PAWNMOVEMENT:0.5186965721795105
