ELO:905
CE_PASSEDPAWNS:0.5244193598953867
CE_PAWNWEAKNESSES:0.44263850510713776
CE_PIECEACTIVITY:0.4615327594370582
CE_KINGPAWNSHIELD:0.4838045036286648
CE_PIECECOORDINATION:0.49604456762198645
CE_MATERIAL:0.4885259067197669
CE_KINGSAFETY:0.5298917843824721
C_PIECESQUARETABLES:0.48946057174625535
C_MOBILITY:0.5280556731904412
C_KINGSAFETY:0.49118602612433643
C_PAWNSTRUCTURE:0.5056603372863266
C_PIECECOORDINATION:0.5166838054052137
C_ROOKANDPAWNMOVEMENT:0.5166838054052137
C_CENTERCONTROL:0.5079599115750167
C_DEVELOPPIECES:0.48732087012512904
C_MATERIAL:0.512393205201731
C_MOVECOUNT:0.5241549447361408
