ELO:1003
CE_PASSEDPAWNS:0.44878669230111323
CE_PAWNWEAKNESSES:0.4973918422963377
CE_PIECEACTIVITY:0.5090523197183405
CE_KINGPAWNSHIELD:0.5188521503451892
CE_PIECECOORDINATION:0.5341515785635967
CE_MATERIAL:0.46092950230706375
CE_KINGSAFETY:0.4629712453953365
C_PIECESQUARETABLES:0.5345065066173135
C_MOBILITY:0.5683879414341277
C_KINGSAFETY:0.5446638522562556
C_PAWNSTRUCTURE:0.47824397489573506
C_PIECECOORDINATION:0.5062222645319805
C_ROOKANDPAWNMOVEMENT:0.5062222645319805
C_CENTERCONTROL:0.4575422278998929
C_DEVELOPPIECES:0.5028686777304145
C_MATERIAL:0.5014043970875258
