ELO:1001
CE_PASSEDPAWNS:0.4849528561007052
CE_PAWNWEAKNESSES:0.4908273960924968
CE_PIECEACTIVITY:0.5264498856741064
CE_KINGPAWNSHIELD:0.46001628338248474
CE_PIECECOORDINATION:0.5113481351769925
CE_MATERIAL:0.47009670564468714
CE_KINGSAFETY:0.5013056940873228
C_PIECESQUARETABLES:0.49819323055299936
C_MOBILITY:0.44410213257662984
C_KINGSAFETY:0.513245348649265
C_PAWNSTRUCTURE:0.5197885429922712
C_PIECECOORDINATION:0.5208232539350323
C_ROOK:0.5059068514737117
CE_ROOK:0.5131704461704223
C_CENTERCONTROL:0.5153936630648578
C_DEVELOPPIECES:0.5388968745806559
C_MATERIAL:0.5063430896814836
C_MOVECOUNT:0.4988908218845975
C_PAWNMOVEMENT:0.5067433395669816
