ELO:933
CE_PASSEDPAWNS:0.4265463113850126
CE_PAWNWEAKNESSES:0.5
CE_PIECEACTIVITY:0.5004690463054974
CE_KINGPAWNSHIELD:0.534780263738874
CE_PIECECOORDINATION:0.4682394318784674
CE_MATERIAL:0.525537015038647
CE_KINGSAFETY:0.48540006162737687
C_PIECESQUARETABLES:0.5287548322261711
C_MOBILITY:0.44749768116083904
C_KINGSAFETY:0.511516895542541
C_PAWNSTRUCTURE:0.490537027321314
C_PIECECOORDINATION:0.5097547812250007
C_ROOKANDPAWNMOVEMENT:0.5097547812250007
C_CENTERCONTROL:0.49218853471798396
C_DEVELOPPIECES:0.5180281768071409
C_MATERIAL:0.49853998313980663
C_MOVECOUNT:0.4695238292993226
