ELO:967
CE_PASSEDPAWNS:0.484161715708938
CE_PAWNWEAKNESSES:0.444016155017527
CE_PIECEACTIVITY:0.5529588127813158
CE_KINGPAWNSHIELD:0.6176449990776267
CE_PIECECOORDINATION:0.5070369647300076
CE_MATERIAL:0.4256070723333678
CE_KINGSAFETY:0.49755820174522475
C_PIECESQUARETABLES:0.49758121351158036
C_MOBILITY:0.4961647866411878
C_KINGSAFETY:0.44299827824917165
C_PAWNSTRUCTURE:0.532977786564639
C_PIECECOORDINATION:0.5584551858995718
C_ROOKANDPAWNMOVEMENT:0.5584551858995718
C_CENTERCONTROL:0.5296210618005395
C_DEVELOPPIECES:0.3707095689316761
C_MATERIAL:0.425512790071292
