ELO:1015
CE_PASSEDPAWNS:0.5111149673532346
CE_PAWNWEAKNESSES:0.5131400704388956
CE_PIECEACTIVITY:0.5036025187661213
CE_KINGPAWNSHIELD:0.4735940439376194
CE_PIECECOORDINATION:0.5114344105562015
CE_MATERIAL:0.48745270515829425
CE_KINGSAFETY:0.5
C_PIECESQUARETABLES:0.5
C_MOBILITY:0.49507707390862454
C_KINGSAFETY:0.49006913785506184
C_PAWNSTRUCTURE:0.4894187503603023
C_PIECECOORDINATION:0.5009852795487845
C_ROOK:0.49383542910292344
CE_ROOK:0.5429856062923581
C_CENTERCONTROL:0.475723447149842
C_DEVELOPPIECES:0.5378158956555593
C_MATERIAL:0.5022003173459787
C_MOVECOUNT:0.510902853622266
C_PAWNMOVEMENT:0.5033132972092471
