ELO:1000
CE_PASSEDPAWNS:0.5
CE_PAWNWEAKNESSES:0.5168769699898825
CE_PIECEACTIVITY:0.5
CE_KINGPAWNSHIELD:0.49524956162726064
CE_PIECECOORDINATION:0.5
CE_MATERIAL:0.49195130545342197
CE_KINGSAFETY:0.5
C_PIECESQUARETABLES:0.5005242922053262
C_MOBILITY:0.5068310723376721
C_KINGSAFETY:0.5144520024150575
C_PAWNSTRUCTURE:0.4997037049783156
C_PIECECOORDINATION:0.5106913567773623
C_ROOKANDPAWNMOVEMENT:0.5106913567773623
C_CENTERCONTROL:0.5000794303334809
C_DEVELOPPIECES:0.513618780656722
C_MATERIAL:0.5067057630528848
