ELO:995
CE_PASSEDPAWNS:0.4241289875978606
CE_PAWNWEAKNESSES:0.47400204144461644
CE_PIECEACTIVITY:0.5128126813178484
CE_KINGPAWNSHIELD:0.5119215188324007
CE_PIECECOORDINATION:0.46885402852333335
CE_MATERIAL:0.46951523726631916
CE_KINGSAFETY:0.49943779698831
C_PIECESQUARETABLES:0.48925845553532976
C_MOBILITY:0.5590261509738834
C_KINGSAFETY:0.514165843114062
C_PAWNSTRUCTURE:0.46040320538439033
C_PIECECOORDINATION:0.5290257998868663
C_ROOKANDPAWNMOVEMENT:0.5290257998868663
C_CENTERCONTROL:0.5343232807103364
C_DEVELOPPIECES:0.5461717962061536
C_MATERIAL:0.5671171959004055
