ELO:999
CE_PASSEDPAWNS:0.4975865746448969
CE_PAWNWEAKNESSES:0.5
CE_PIECEACTIVITY:0.5071721628190173
CE_KINGPAWNSHIELD:0.4979764149443923
CE_PIECECOORDINATION:0.5
CE_MATERIAL:0.5
CE_KINGSAFETY:0.5
C_PIECESQUARETABLES:0.5
C_MOBILITY:0.5
C_KINGSAFETY:0.5
C_PAWNSTRUCTURE:0.5141199727882927
C_PIECECOORDINATION:0.511129796076108
C_ROOKANDPAWNMOVEMENT:0.511129796076108
C_CENTERCONTROL:0.5
C_DEVELOPPIECES:0.5
C_MATERIAL:0.5056677561933979
C_MOVECOUNT:0.4929348085639066
