ELO:931
CE_PASSEDPAWNS:0.39101066092797127
CE_PAWNWEAKNESSES:0.4485320282071057
CE_PIECEACTIVITY:0.49222940512958613
CE_KINGPAWNSHIELD:0.6024561104277988
CE_PIECECOORDINATION:0.39093660875768943
CE_MATERIAL:0.48202017621937876
CE_KINGSAFETY:0.5320313117785166
C_PIECESQUARETABLES:0.5102176189664077
C_MOBILITY:0.42091339391109756
C_KINGSAFETY:0.4660731717340834
C_PAWNSTRUCTURE:0.45962919223126203
C_PIECECOORDINATION:0.5227795274487075
C_ROOKANDPAWNMOVEMENT:0.5227795274487075
C_CENTERCONTROL:0.6182225829790629
C_DEVELOPPIECES:0.46350184848953824
C_MATERIAL:0.6221122113986672
