ELO:1108
CE_PASSEDPAWNS:0.45308560972418577
CE_PAWNWEAKNESSES:0.4971593400336484
CE_PIECEACTIVITY:0.47707812532962285
CE_KINGPAWNSHIELD:0.45453372915325807
CE_PIECECOORDINATION:0.48577542742940094
CE_MATERIAL:0.4788318047746298
CE_KINGSAFETY:0.5
C_PIECESQUARETABLES:0.5
C_MOBILITY:0.5303597455661775
C_KINGSAFETY:0.5895010478718661
C_PAWNSTRUCTURE:0.4067538667189143
C_PIECECOORDINATION:0.4433546258803521
C_ROOKANDPAWNMOVEMENT:0.4433546258803521
C_CENTERCONTROL:0.5088760283478337
C_DEVELOPPIECES:0.5433723779833095
C_MATERIAL:0.42398370256188256
