ELO:972
CE_PASSEDPAWNS:0.5132186956477091
CE_PAWNWEAKNESSES:0.491028069942287
CE_PIECEACTIVITY:0.51855060709072
CE_KINGPAWNSHIELD:0.5103475643153781
CE_PIECECOORDINATION:0.4562416314200271
CE_MATERIAL:0.46703405634326783
CE_KINGSAFETY:0.5
C_PIECESQUARETABLES:0.5
C_MOBILITY:0.5
C_KINGSAFETY:0.4959086767527726
C_PAWNSTRUCTURE:0.499674801033892
C_PIECECOORDINATION:0.49400170489482903
C_ROOKANDPAWNMOVEMENT:0.49400170489482903
C_CENTERCONTROL:0.5009450332530402
C_DEVELOPPIECES:0.4992073021799292
C_MATERIAL:0.49737421161369444
C_MOVECOUNT:0.5039332211766316
