ELO:803
CE_PASSEDPAWNS:0.4869852478214528
CE_PAWNWEAKNESSES:0.5807555451970434
CE_PIECEACTIVITY:0.4813632512736261
CE_KINGPAWNSHIELD:0.4642955587209736
CE_PIECECOORDINATION:0.4445648153643786
CE_MATERIAL:0.5193419048416161
CE_KINGSAFETY:0.5112775770949206
C_PIECESQUARETABLES:0.5085933523311094
C_MOBILITY:0.48183433543997295
C_KINGSAFETY:0.5077773157493057
C_PAWNSTRUCTURE:0.5096207744551591
C_PIECECOORDINATION:0.5293635556948416
C_ROOKANDPAWNMOVEMENT:0.5293635556948416
C_CENTERCONTROL:0.5165235871993479
C_DEVELOPPIECES:0.4890591479836807
C_MATERIAL:0.5303632453261464
C_MOVECOUNT:0.4311512913045372
