ELO:1093
CE_PASSEDPAWNS:0.4583774163107773
CE_PAWNWEAKNESSES:0.5049538678398092
CE_PIECEACTIVITY:0.4758179998158198
CE_KINGPAWNSHIELD:0.4774259118591802
CE_PIECECOORDINATION:0.49446046232854096
CE_MATERIAL:0.3963786524687434
CE_KINGSAFETY:0.49268069197705383
C_PIECESQUARETABLES:0.5049785574846769
C_MOBILITY:0.5284571708271527
C_KINGSAFETY:0.5084789982811104
C_PAWNSTRUCTURE:0.46377729841535864
C_PIECECOORDINATION:0.4871894776274206
C_ROOKANDPAWNMOVEMENT:0.4871894776274206
C_CENTERCONTROL:0.6126847333366979
C_DEVELOPPIECES:0.5114087356142714
C_MATERIAL:0.3942272962879967
