ELO:867
CE_PASSEDPAWNS:0.5367221729159458
CE_PAWNWEAKNESSES:0.5320618165524397
CE_PIECEACTIVITY:0.5107808802215337
CE_KINGPAWNSHIELD:0.554828149534023
CE_PIECECOORDINATION:0.3934442561405279
CE_MATERIAL:0.5101688202256512
CE_KINGSAFETY:0.48356275036768026
C_PIECESQUARETABLES:0.5156709895676388
C_MOBILITY:0.4691911277044445
C_KINGSAFETY:0.5034410566348703
C_PAWNSTRUCTURE:0.39693887327146576
C_PIECECOORDINATION:0.5452903205386093
C_ROOKANDPAWNMOVEMENT:0.5452903205386093
C_CENTERCONTROL:0.6371089072691204
C_DEVELOPPIECES:0.44859762536161574
C_MATERIAL:0.5543725450114481
