ELO:1003
CE_PASSEDPAWNS:0.5022103606363747
CE_PAWNWEAKNESSES:0.4966790000129133
CE_PIECEACTIVITY:0.4993271112682719
CE_KINGPAWNSHIELD:0.5040170070763889
CE_PIECECOORDINATION:0.49059271714731456
CE_MATERIAL:0.5090906323459515
CE_KINGSAFETY:0.4880294670115303
C_PIECESQUARETABLES:0.5100675777671417
C_MOBILITY:0.49895429256313156
C_KINGSAFETY:0.5026222736182663
C_PAWNSTRUCTURE:0.4995762438477835
C_PIECECOORDINATION:0.49967038049270307
C_ROOKANDPAWNMOVEMENT:0.49967038049270307
C_CENTERCONTROL:0.5118403304811949
C_DEVELOPPIECES:0.4930148873940128
C_MATERIAL:0.4974309894207923
C_MOVECOUNT:0.5007891984383415
