ELO:922
CE_PASSEDPAWNS:0.47826704632968436
CE_PAWNWEAKNESSES:0.4994741001427104
CE_PIECEACTIVITY:0.5120342215030279
CE_KINGPAWNSHIELD:0.5061370452430646
CE_PIECECOORDINATION:0.5292662636024614
CE_MATERIAL:0.5458106989647276
CE_KINGSAFETY:0.5
C_PIECESQUARETABLES:0.5
C_MOBILITY:0.5001131200511896
C_KINGSAFETY:0.473472170784497
C_PAWNSTRUCTURE:0.47498290060415077
C_PIECECOORDINATION:0.47471527578915257
C_ROOKANDPAWNMOVEMENT:0.47471527578915257
C_CENTERCONTROL:0.497859389595594
C_DEVELOPPIECES:0.4374972107804913
C_MATERIAL:0.4776920883680677
C_MOVECOUNT:0.5
