ELO:1000
CE_PASSEDPAWNS:0.4541712482862199
CE_PAWNWEAKNESSES:0.5200371970742822
CE_PIECEACTIVITY:0.5070348734310922
CE_KINGPAWNSHIELD:0.4948734685738817
CE_PIECECOORDINATION:0.51914886367947
CE_MATERIAL:0.47847419522657
CE_KINGSAFETY:0.49650732005518106
C_PIECESQUARETABLES:0.5294768529425204
C_MOBILITY:0.5808361639892894
C_KINGSAFETY:0.5560077974365003
C_PAWNSTRUCTURE:0.45708371564604167
C_PIECECOORDINATION:0.504560402843552
C_ROOKANDPAWNMOVEMENT:0.504560402843552
C_CENTERCONTROL:0.47725977900746586
C_DEVELOPPIECES:0.5032078586576696
C_MATERIAL:0.52731127407061
