ELO:1012
CE_PASSEDPAWNS:0.5
CE_PAWNWEAKNESSES:0.49053409506156564
CE_PIECEACTIVITY:0.5
CE_KINGPAWNSHIELD:0.49908086068937574
CE_PIECECOORDINATION:0.5
CE_MATERIAL:0.5
CE_KINGSAFETY:0.5
C_PIECESQUARETABLES:0.5078507374502546
C_MOBILITY:0.5045808158180083
C_KINGSAFETY:0.5
C_PAWNSTRUCTURE:0.5
C_PIECECOORDINATION:0.4939925491411443
C_ROOKANDPAWNMOVEMENT:0.4939925491411443
C_CENTERCONTROL:0.5
C_DEVELOPPIECES:0.5082994302233823
C_MATERIAL:0.5
C_MOVECOUNT:0.5
