ELO:1034
CE_PASSEDPAWNS:0.5
CE_PAWNWEAKNESSES:0.4950114020143222
CE_PIECEACTIVITY:0.5
CE_KINGPAWNSHIELD:0.5
CE_PIECECOORDINATION:0.5
CE_MATERIAL:0.5
CE_KINGSAFETY:0.5037153852219136
C_PIECESQUARETABLES:0.5
C_MOBILITY:0.489992118751274
C_KINGSAFETY:0.5
C_PAWNSTRUCTURE:0.5
C_PIECECOORDINATION:0.5038493381324304
C_ROOKANDPAWNMOVEMENT:0.5038493381324304
C_CENTERCONTROL:0.5
C_DEVELOPPIECES:0.5067855168652231
C_MATERIAL:0.5124035879382033
