ELO:963
CE_PASSEDPAWNS:0.4205438816059433
CE_PAWNWEAKNESSES:0.5285276618732996
CE_PIECEACTIVITY:0.4727961712727497
CE_KINGPAWNSHIELD:0.5527504142319847
CE_PIECECOORDINATION:0.547332392430108
CE_MATERIAL:0.4638823557363014
CE_KINGSAFETY:0.5106587489760526
C_PIECESQUARETABLES:0.5
C_MOBILITY:0.5851960133385985
C_KINGSAFETY:0.55922790919976
C_PAWNSTRUCTURE:0.4961487228676694
C_PIECECOORDINATION:0.5107018997017289
C_ROOKANDPAWNMOVEMENT:0.5107018997017289
C_CENTERCONTROL:0.47826647817031265
C_DEVELOPPIECES:0.5007547348923437
C_MATERIAL:0.527297743482709
