ELO:1000
CE_PASSEDPAWNS:0.43971332429400417
CE_PAWNWEAKNESSES:0.489026192729343
CE_PIECEACTIVITY:0.5011235616650105
CE_KINGPAWNSHIELD:0.5001902967741299
CE_PIECECOORDINATION:0.5049349985493445
CE_MATERIAL:0.46670255425334023
CE_KINGSAFETY:0.47341116736652405
C_PIECESQUARETABLES:0.5269833701283935
C_MOBILITY:0.5772321269421377
C_KINGSAFETY:0.5626668461697758
C_PAWNSTRUCTURE:0.47016907233084076
C_PIECECOORDINATION:0.504560402843552
C_ROOKANDPAWNMOVEMENT:0.504560402843552
C_CENTERCONTROL:0.46630816303694533
C_DEVELOPPIECES:0.4947448695646111
C_MATERIAL:0.5302124893330648
