ELO:974
CE_PASSEDPAWNS:0.4743282043435242
CE_PAWNWEAKNESSES:0.4778497003890924
CE_PIECEACTIVITY:0.5325940460653409
CE_KINGPAWNSHIELD:0.5048777361449027
CE_PIECECOORDINATION:0.5099723597441466
CE_MATERIAL:0.5002368988119961
CE_KINGSAFETY:0.5
C_PIECESQUARETABLES:0.4916870932739679
C_MOBILITY:0.516063630652985
C_KINGSAFETY:0.5
C_PAWNSTRUCTURE:0.4708014234886444
C_PIECECOORDINATION:0.524769196044693
C_ROOKANDPAWNMOVEMENT:0.524769196044693
C_CENTERCONTROL:0.49549109565850114
C_DEVELOPPIECES:0.5042170290198595
C_MATERIAL:0.49551780503430576
C_MOVECOUNT:0.5
