ELO:984
CE_PASSEDPAWNS:0.502499889822809
CE_PAWNWEAKNESSES:0.5015697844134193
CE_PIECEACTIVITY:0.48408488319060633
CE_KINGPAWNSHIELD:0.5170938629885469
CE_PIECECOORDINATION:0.46959175302975975
CE_MATERIAL:0.5064661152402773
CE_KINGSAFETY:0.5
C_PIECESQUARETABLES:0.5
C_MOBILITY:0.49543050106932035
C_KINGSAFETY:0.4881133443909849
C_PAWNSTRUCTURE:0.5
C_PIECECOORDINATION:0.5101377630039627
C_ROOK:0.5004201328485155
CE_ROOK:0.4951913255250816
C_CENTERCONTROL:0.49872734645623507
C_DEVELOPPIECES:0.5255994280324449
C_MATERIAL:0.5
C_MOVECOUNT:0.5194515352383913
C_PAWNMOVEMENT:0.5141351463236333
