ELO:1000
CE_PASSEDPAWNS:0.5398562745692771
CE_PAWNWEAKNESSES:0.5947750803579224
CE_PIECEACTIVITY:0.536401104632462
CE_KINGPAWNSHIELD:0.5444485783025897
CE_PIECECOORDINATION:0.5495861980960765
CE_MATERIAL:0.4921347081987257
CE_KINGSAFETY:0.5289486430947696
C_PIECESQUARETABLES:0.5373022805505312
C_MOBILITY:0.49008835346633467
C_KINGSAFETY:0.5439426315705042
C_PAWNSTRUCTURE:0.4844683669994902
C_PIECECOORDINATION:0.46589729911559374
C_ROOKANDPAWNMOVEMENT:0.46589729911559374
C_CENTERCONTROL:0.4874935186578941
C_DEVELOPPIECES:0.38691517073570925
C_MATERIAL:0.46560010987289846
