ELO:973
CE_PASSEDPAWNS:0.38710784144390126
CE_PAWNWEAKNESSES:0.46750085664800384
CE_PIECEACTIVITY:0.5270999374921372
CE_KINGPAWNSHIELD:0.5160100868263007
CE_PIECECOORDINATION:0.44647710661186135
CE_MATERIAL:0.45500512416058336
CE_KINGSAFETY:0.4945699137469665
C_PIECESQUARETABLES:0.51463273353017
C_MOBILITY:0.5409902695218802
C_KINGSAFETY:0.5300699605788889
C_PAWNSTRUCTURE:0.41569107696895197
C_PIECECOORDINATION:0.542943726899687
C_ROOKANDPAWNMOVEMENT:0.542943726899687
C_CENTERCONTROL:0.5081947289620147
C_DEVELOPPIECES:0.5438550981773415
C_MATERIAL:0.5883896699755492
