ELO:1000
CE_PASSEDPAWNS:0.49283937159845764
CE_PAWNWEAKNESSES:0.5
CE_PIECEACTIVITY:0.5
CE_KINGPAWNSHIELD:0.5094673597126396
CE_PIECECOORDINATION:0.5
CE_MATERIAL:0.5
CE_KINGSAFETY:0.5
C_PIECESQUARETABLES:0.5
C_MOBILITY:0.5017663166852658
C_KINGSAFETY:0.5018250652006462
C_PAWNSTRUCTURE:0.5
C_PIECECOORDINATION:0.50738119210237
C_ROOKANDPAWNMOVEMENT:0.50738119210237
C_CENTERCONTROL:0.5
C_DEVELOPPIECES:0.5015975248738773
C_MATERIAL:0.5
