ELO:957
CE_PASSEDPAWNS:0.4965178304352352
CE_PAWNWEAKNESSES:0.5123105713232113
CE_PIECEACTIVITY:0.506443903060196
CE_KINGPAWNSHIELD:0.4817080028204012
CE_PIECECOORDINATION:0.4903730420421631
CE_MATERIAL:0.4824460129574389
CE_KINGSAFETY:0.4935007084758108
C_PIECESQUARETABLES:0.5070342419229287
C_MOBILITY:0.512416355079216
C_KINGSAFETY:0.5123620180612626
C_PAWNSTRUCTURE:0.5124639418093031
C_PIECECOORDINATION:0.522471254267328
C_ROOKANDPAWNMOVEMENT:0.522471254267328
C_CENTERCONTROL:0.5217885814146243
C_DEVELOPPIECES:0.49241316834717375
C_MATERIAL:0.49769737531478236
C_MOVECOUNT:0.5
