ELO:797
CE_PASSEDPAWNS:0.6254039599649986
CE_PAWNWEAKNESSES:0.5237095103884852
CE_PIECEACTIVITY:0.3813845077410701
CE_KINGPAWNSHIELD:0.554514754351988
CE_PIECECOORDINATION:0.4950473288296504
CE_MATERIAL:0.4203806432680792
CE_KINGSAFETY:0.4766455646880884
C_PIECESQUARETABLES:0.48231312606418764
C_MOBILITY:0.48804439224094837
C_KINGSAFETY:0.4980756387137604
C_PAWNSTRUCTURE:0.49405578706718056
C_PIECECOORDINATION:0.48660847078004976
C_ROOKANDPAWNMOVEMENT:0.48660847078004976
C_CENTERCONTROL:0.5164063374062932
C_DEVELOPPIECES:0.4670668430196096
C_MATERIAL:0.4510050004592489
C_MOVECOUNT:0.49483861175112953
