ELO:995
CE_PASSEDPAWNS:0.537974930378917
CE_PAWNWEAKNESSES:0.4651156177267169
CE_PIECEACTIVITY:0.48634775268281816
CE_KINGPAWNSHIELD:0.5997195292671799
CE_PIECECOORDINATION:0.4368148815195089
CE_MATERIAL:0.44678871719718743
CE_KINGSAFETY:0.5108371901344679
C_PIECESQUARETABLES:0.5057330606790024
C_MOBILITY:0.5261115377410569
C_KINGSAFETY:0.5728767358244596
C_PAWNSTRUCTURE:0.4648887089583957
C_PIECECOORDINATION:0.4081222656076674
C_ROOKANDPAWNMOVEMENT:0.4081222656076674
C_CENTERCONTROL:0.5208016183783157
C_DEVELOPPIECES:0.5102514426744744
C_MATERIAL:0.46328596572838926
