ELO:902
CE_PASSEDPAWNS:0.5686004877478475
CE_PAWNWEAKNESSES:0.4664196474244704
CE_PIECEACTIVITY:0.5173613475769865
CE_KINGPAWNSHIELD:0.5299997059759501
CE_PIECECOORDINATION:0.5452107080583077
CE_MATERIAL:0.5085392132748001
CE_KINGSAFETY:0.5
C_PIECESQUARETABLES:0.4524236268159588
C_MOBILITY:0.5294377297082624
C_KINGSAFETY:0.4955336897067381
C_PAWNSTRUCTURE:0.4653793516873808
C_PIECECOORDINATION:0.44771597082082454
C_ROOKANDPAWNMOVEMENT:0.44771597082082454
C_CENTERCONTROL:0.5496224392312145
C_DEVELOPPIECES:0.5650453500825281
C_MATERIAL:0.41146163438459543
C_MOVECOUNT:0.5
