ELO:977
CE_PASSEDPAWNS:0.484620225622746
CE_PAWNWEAKNESSES:0.47039308286551396
CE_PIECEACTIVITY:0.5136409894083084
CE_KINGPAWNSHIELD:0.5119862342330036
CE_PIECECOORDINATION:0.4908436813020981
CE_MATERIAL:0.49234217664549523
CE_KINGSAFETY:0.5141875168101047
C_PIECESQUARETABLES:0.5341941380901697
C_MOBILITY:0.49101336871392437
C_KINGSAFETY:0.5030983038920691
C_PAWNSTRUCTURE:0.49394861462980494
C_PIECECOORDINATION:0.48700503842215626
C_ROOKANDPAWNMOVEMENT:0.48700503842215626
C_CENTERCONTROL:0.504528793495123
C_DEVELOPPIECES:0.4856092078478176
C_MATERIAL:0.4968419464151948
