ELO:1000
CE_PASSEDPAWNS:0.5030449756803649
CE_PAWNWEAKNESSES:0.5019683676620178
CE_PIECEACTIVITY:0.4849741295381809
CE_KINGPAWNSHIELD:0.5072150616824204
CE_PIECECOORDINATION:0.48047112651247564
CE_MATERIAL:0.5093020143778703
CE_KINGSAFETY:0.4790802148749157
C_PIECESQUARETABLES:0.511729706608282
C_MOBILITY:0.5098258934398582
C_KINGSAFETY:0.52147694289299
C_PAWNSTRUCTURE:0.5038990247375404
C_PIECECOORDINATION:0.48882745319065846
C_ROOKANDPAWNMOVEMENT:0.48882745319065846
C_CENTERCONTROL:0.47489040296019347
C_DEVELOPPIECES:0.5025993287651846
C_MATERIAL:0.5117501618846184
