ELO:965
CE_PASSEDPAWNS:0.49125176933391307
CE_PAWNWEAKNESSES:0.5046761328170423
CE_PIECEACTIVITY:0.49202148200914697
CE_KINGPAWNSHIELD:0.4958173069689556
CE_PIECECOORDINATION:0.4803676419578032
CE_MATERIAL:0.5039529270297982
CE_KINGSAFETY:0.5
C_PIECESQUARETABLES:0.5
C_MOBILITY:0.5047792322397132
C_KINGSAFETY:0.4767027710841774
C_PAWNSTRUCTURE:0.5
C_PIECECOORDINATION:0.4842497996095
C_ROOKANDPAWNMOVEMENT:0.4842497996095
C_CENTERCONTROL:0.4790089714871526
C_DEVELOPPIECES:0.5012571146751957
C_MATERIAL:0.49360087693394034
C_MOVECOUNT:0.5180479658792986
