ELO:880
CE_PASSEDPAWNS:0.4811428003707361
CE_PAWNWEAKNESSES:0.47853114969024785
CE_PIECEACTIVITY:0.534857058104952
CE_KINGPAWNSHIELD:0.532556170155639
CE_PIECECOORDINATION:0.5319806336721772
CE_MATERIAL:0.5097456282058601
CE_KINGSAFETY:0.48562756827460307
C_PIECESQUARETABLES:0.5005119161502324
C_MOBILITY:0.5510322723902815
C_KINGSAFETY:0.4809467362487224
C_PAWNSTRUCTURE:0.5158483720461422
C_PIECECOORDINATION:0.48112664661743654
C_ROOKANDPAWNMOVEMENT:0.48112664661743654
C_CENTERCONTROL:0.5135803240513664
C_DEVELOPPIECES:0.48671248217204244
C_MATERIAL:0.4697797376205535
C_MOVECOUNT:0.5
