ELO:987
CE_PASSEDPAWNS:0.49630880004949285
CE_PAWNWEAKNESSES:0.5056662453029848
CE_PIECEACTIVITY:0.5197376123642706
CE_KINGPAWNSHIELD:0.5011768378674027
CE_PIECECOORDINATION:0.499816511749337
CE_MATERIAL:0.5007880332308898
CE_KINGSAFETY:0.5030948523228661
C_PIECESQUARETABLES:0.4914193935433443
C_MOBILITY:0.4975787110217883
C_KINGSAFETY:0.5052613972528609
C_PAWNSTRUCTURE:0.5337524304975781
C_PIECECOORDINATION:0.4891881372094289
C_ROOKANDPAWNMOVEMENT:0.4891881372094289
C_CENTERCONTROL:0.524764570568161
C_DEVELOPPIECES:0.5
C_MATERIAL:0.4746667231748566
C_MOVECOUNT:0.5
