ELO:934
CE_PASSEDPAWNS:0.4045269082051458
CE_PAWNWEAKNESSES:0.44629113150035327
CE_PIECEACTIVITY:0.4982362274133278
CE_KINGPAWNSHIELD:0.514378818913324
CE_PIECECOORDINATION:0.541911790997849
CE_MATERIAL:0.5
CE_KINGSAFETY:0.5007172103669021
C_PIECESQUARETABLES:0.5071736363876338
C_MOBILITY:0.5065743824179656
C_KINGSAFETY:0.4980607963175153
C_PAWNSTRUCTURE:0.5042023657823456
C_PIECECOORDINATION:0.5065411717735485
C_ROOKANDPAWNMOVEMENT:0.5065411717735485
C_CENTERCONTROL:0.4257167221189581
C_DEVELOPPIECES:0.5367155461120003
C_MATERIAL:0.5476527000613474
C_MOVECOUNT:0.5
