ELO:949
CE_PASSEDPAWNS:0.4637773352901659
CE_PAWNWEAKNESSES:0.4849796796900228
CE_PIECEACTIVITY:0.49202961902477527
CE_KINGPAWNSHIELD:0.4679247043858385
CE_PIECECOORDINATION:0.4495138830789226
CE_MATERIAL:0.48280715126474094
CE_KINGSAFETY:0.5261066794640141
C_PIECESQUARETABLES:0.4842281157471603
C_MOBILITY:0.4326461281592686
C_KINGSAFETY:0.5248675059547853
C_PAWNSTRUCTURE:0.4814090567187035
C_PIECECOORDINATION:0.5261962844670005
C_ROOKANDPAWNMOVEMENT:0.5261962844670005
C_CENTERCONTROL:0.5201493479652739
C_DEVELOPPIECES:0.5193367565542247
C_MATERIAL:0.5060046192074144
C_MOVECOUNT:0.5359631065667552
