ELO:996
CE_PASSEDPAWNS:0.5559994561859158
CE_PAWNWEAKNESSES:0.5329688096333811
CE_PIECEACTIVITY:0.46343001137517886
CE_KINGPAWNSHIELD:0.48197146229001786
CE_PIECECOORDINATION:0.5371489241042923
CE_MATERIAL:0.5930050910399023
CE_KINGSAFETY:0.5
C_PIECESQUARETABLES:0.5169459225264669
C_MOBILITY:0.567128929574052
C_KINGSAFETY:0.3775083328824754
C_PAWNSTRUCTURE:0.46441495031849056
C_PIECECOORDINATION:0.3956819804213636
C_ROOKANDPAWNMOVEMENT:0.3956819804213636
C_CENTERCONTROL:0.5365784315410023
C_DEVELOPPIECES:0.5297382283568465
C_MATERIAL:0.501682921297544
