ELO:1003
CE_PASSEDPAWNS:0.5068703846817013
CE_PAWNWEAKNESSES:0.5122408321403843
CE_PIECEACTIVITY:0.4879306739004324
CE_KINGPAWNSHIELD:0.5
CE_PIECECOORDINATION:0.4941702134267602
CE_MATERIAL:0.5
CE_KINGSAFETY:0.5041414461443525
C_PIECESQUARETABLES:0.5
C_MOBILITY:0.4886884579520102
C_KINGSAFETY:0.5201559648042373
C_PAWNSTRUCTURE:0.5
C_PIECECOORDINATION:0.5239036821801063
C_ROOKANDPAWNMOVEMENT:0.5239036821801063
C_CENTERCONTROL:0.48264070126665987
C_DEVELOPPIECES:0.506404295770259
C_MATERIAL:0.5059965398000964
C_MOVECOUNT:0.4948254410056872
