ELO:898
CE_PASSEDPAWNS:0.5060338364802643
CE_PAWNWEAKNESSES:0.5144849498479133
CE_PIECEACTIVITY:0.5213156172246499
CE_KINGPAWNSHIELD:0.5033698202247461
CE_PIECECOORDINATION:0.48387877686271485
CE_MATERIAL:0.5184582977298391
CE_KINGSAFETY:0.4675497212081451
C_PIECESQUARETABLES:0.5013969172078068
C_MOBILITY:0.5047622958152885
C_KINGSAFETY:0.5160728347449064
C_PAWNSTRUCTURE:0.5253811727057178
C_PIECECOORDINATION:0.5800941397937847
C_ROOKANDPAWNMOVEMENT:0.5800941397937847
C_CENTERCONTROL:0.47988488048783734
C_DEVELOPPIECES:0.4812011886394476
C_MATERIAL:0.5144237850860788
C_MOVECOUNT:0.5
