ELO:977
CE_PASSEDPAWNS:0.5
CE_PAWNWEAKNESSES:0.5138395854916308
CE_PIECEACTIVITY:0.48058921708212105
CE_KINGPAWNSHIELD:0.5408397278541518
CE_PIECECOORDINATION:0.49243489196063395
CE_MATERIAL:0.48550119731953156
CE_KINGSAFETY:0.49810440314495963
C_PIECESQUARETABLES:0.5
C_MOBILITY:0.5025304564808301
C_KINGSAFETY:0.4988785174254348
C_PAWNSTRUCTURE:0.4672220714395548
C_PIECECOORDINATION:0.5116698693111267
C_ROOK:0.4525670210836135
CE_ROOK:0.5065841379310213
C_CENTERCONTROL:0.45726101526614454
C_DEVELOPPIECES:0.4839499324111823
C_MATERIAL:0.5029710026176948
C_MOVECOUNT:0.5433523217821613
C_PAWNMOVEMENT:0.4870259075401598
