ELO:997
CE_PASSEDPAWNS:0.5248619628099709
CE_PAWNWEAKNESSES:0.4863071350658599
CE_PIECEACTIVITY:0.5185755539400605
CE_KINGPAWNSHIELD:0.5007371787734637
CE_PIECECOORDINATION:0.5135178146251206
CE_MATERIAL:0.4956938601811295
CE_KINGSAFETY:0.5065423946354753
C_PIECESQUARETABLES:0.5062544387186402
C_MOBILITY:0.50747821244195
C_KINGSAFETY:0.485250646724998
C_PAWNSTRUCTURE:0.49135595693279605
C_PIECECOORDINATION:0.5009405446186684
C_ROOK:0.5245274858007207
CE_ROOK:0.5041098490674115
C_CENTERCONTROL:0.5043512299487691
C_DEVELOPPIECES:0.5149690393227337
C_MATERIAL:0.5039961622450043
C_MOVECOUNT:0.48954153609732487
C_PAWNMOVEMENT:0.5144423298419774
