ELO:1000
CE_PASSEDPAWNS:0.5012527158973337
CE_PAWNWEAKNESSES:0.4287836094466553
CE_PIECEACTIVITY:0.43347861050434733
CE_KINGPAWNSHIELD:0.5825615730892885
CE_PIECECOORDINATION:0.41089525405048494
CE_MATERIAL:0.45113843327742575
CE_KINGSAFETY:0.4925943332348603
C_PIECESQUARETABLES:0.49569920266460377
C_MOBILITY:0.502157133880278
C_KINGSAFETY:0.5702249451260322
C_PAWNSTRUCTURE:0.42297525426897886
C_PIECECOORDINATION:0.5022763514310574
C_ROOKANDPAWNMOVEMENT:0.5022763514310574
C_CENTERCONTROL:0.46010628323499114
C_DEVELOPPIECES:0.4928998022776882
C_MATERIAL:0.47347333845059886
