ELO:1021
CE_PASSEDPAWNS:0.5052163013032882
CE_PAWNWEAKNESSES:0.5
CE_PIECEACTIVITY:0.5043039420535287
CE_KINGPAWNSHIELD:0.5038070625731775
CE_PIECECOORDINATION:0.49295820558254466
CE_MATERIAL:0.5094570658275394
CE_KINGSAFETY:0.5
C_PIECESQUARETABLES:0.5150472295373659
C_MOBILITY:0.5
C_KINGSAFETY:0.5
C_PAWNSTRUCTURE:0.5191824476683212
C_PIECECOORDINATION:0.5185204866484954
C_ROOKANDPAWNMOVEMENT:0.5185204866484954
C_CENTERCONTROL:0.48871533479459217
C_DEVELOPPIECES:0.5
C_MATERIAL:0.49434414378935126
C_MOVECOUNT:0.5
