ELO:1000
CE_PASSEDPAWNS:0.49003102915362406
CE_PAWNWEAKNESSES:0.5091082108471587
CE_PIECEACTIVITY:0.5055983566142228
CE_KINGPAWNSHIELD:0.512623822425629
CE_PIECECOORDINATION:0.5056691122568807
CE_MATERIAL:0.48790146130950496
CE_KINGSAFETY:0.5154659747499953
C_PIECESQUARETABLES:0.4825741924742455
C_MOBILITY:0.5032055152872171
C_KINGSAFETY:0.5155541703234383
C_PAWNSTRUCTURE:0.48875923945473315
C_PIECECOORDINATION:0.47840940409764526
C_ROOKANDPAWNMOVEMENT:0.47840940409764526
C_CENTERCONTROL:0.5225686233651925
C_DEVELOPPIECES:0.4666245777746822
C_MATERIAL:0.49298871273583356
