ELO:1004
CE_PASSEDPAWNS:0.5
CE_PAWNWEAKNESSES:0.5040367643272221
CE_PIECEACTIVITY:0.50455338782748
CE_KINGPAWNSHIELD:0.5226990856176207
CE_PIECECOORDINATION:0.5008894316237363
CE_MATERIAL:0.519640536476084
CE_KINGSAFETY:0.4934599514615837
C_PIECESQUARETABLES:0.5
C_MOBILITY:0.5030593266771037
C_KINGSAFETY:0.491576180528588
C_PAWNSTRUCTURE:0.5175893163227536
C_PIECECOORDINATION:0.4909123326265713
C_ROOKANDPAWNMOVEMENT:0.4909123326265713
C_CENTERCONTROL:0.5072942204189198
C_DEVELOPPIECES:0.510805833207393
C_MATERIAL:0.504089623036479
C_MOVECOUNT:0.5
