ELO:1030
CE_PASSEDPAWNS:0.5
CE_PAWNWEAKNESSES:0.5
CE_PIECEACTIVITY:0.5
CE_KINGPAWNSHIELD:0.5
CE_PIECECOORDINATION:0.49429225153844697
CE_MATERIAL:0.5040725345893093
CE_KINGSAFETY:0.5
C_PIECESQUARETABLES:0.5
C_MOBILITY:0.4929389023922454
C_KINGSAFETY:0.5
C_PAWNSTRUCTURE:0.4936957436278755
C_PIECECOORDINATION:0.5040071386027235
C_ROOKANDPAWNMOVEMENT:0.5040071386027235
C_CENTERCONTROL:0.4979572106095253
C_DEVELOPPIECES:0.5
C_MATERIAL:0.47570243444189325
C_MOVECOUNT:0.5111396762360922
