ELO:1012
CE_PASSEDPAWNS:0.49666089684015446
CE_PAWNWEAKNESSES:0.5062148070513521
CE_PIECEACTIVITY:0.4898918661035154
CE_KINGPAWNSHIELD:0.5002514042906095
CE_PIECECOORDINATION:0.5125035609083783
CE_MATERIAL:0.5169957844604913
CE_KINGSAFETY:0.5
C_PIECESQUARETABLES:0.5
C_MOBILITY:0.5044398572706221
C_KINGSAFETY:0.48989903287257747
C_PAWNSTRUCTURE:0.49684653182945093
C_PIECECOORDINATION:0.5201670512737098
C_ROOK:0.5036332535940218
CE_ROOK:0.49282004855011463
C_CENTERCONTROL:0.5218613973040136
C_DEVELOPPIECES:0.5167549349874657
C_MATERIAL:0.5220246160394035
C_MOVECOUNT:0.5014323903177648
C_PAWNMOVEMENT:0.47790337009440126
