ELO:1018
CE_PASSEDPAWNS:0.5068028462934145
CE_PAWNWEAKNESSES:0.5011725184993452
CE_PIECEACTIVITY:0.5077319688385523
CE_KINGPAWNSHIELD:0.5303188290016134
CE_PIECECOORDINATION:0.49031310952803
CE_MATERIAL:0.4959599682449529
CE_KINGSAFETY:0.49172907028870944
C_PIECESQUARETABLES:0.5029100716831141
C_MOBILITY:0.5
C_KINGSAFETY:0.4825310909266205
C_PAWNSTRUCTURE:0.5021108806246632
C_PIECECOORDINATION:0.5
C_ROOKANDPAWNMOVEMENT:0.5
C_CENTERCONTROL:0.491221883349188
C_DEVELOPPIECES:0.5056979583313332
C_MATERIAL:0.5136636554170451
C_MOVECOUNT:0.49324107647143955
