ELO:1019
CE_PASSEDPAWNS:0.5
CE_PAWNWEAKNESSES:0.4686931978068807
CE_PIECEACTIVITY:0.5
CE_KINGPAWNSHIELD:0.5
CE_PIECECOORDINATION:0.5
CE_MATERIAL:0.4895084298881926
CE_KINGSAFETY:0.505415445777417
C_PIECESQUARETABLES:0.49103781994814183
C_MOBILITY:0.5
C_KINGSAFETY:0.5043455136844008
C_PAWNSTRUCTURE:0.4756328640950011
C_PIECECOORDINATION:0.5
C_ROOKANDPAWNMOVEMENT:0.5
C_CENTERCONTROL:0.5
C_DEVELOPPIECES:0.4998023192094894
C_MATERIAL:0.5163517814305537
C_MOVECOUNT:0.5
