ELO:965
CE_PASSEDPAWNS:0.47801941549192134
CE_PAWNWEAKNESSES:0.47094188418867766
CE_PIECEACTIVITY:0.4931159349544183
CE_KINGPAWNSHIELD:0.5208316752516359
CE_PIECECOORDINATION:0.4906435874650888
CE_MATERIAL:0.49594065760772604
CE_KINGSAFETY:0.5388749313639887
C_PIECESQUARETABLES:0.5174665578215499
C_MOBILITY:0.4801770129491639
C_KINGSAFETY:0.5321634510490212
C_PAWNSTRUCTURE:0.5360654092006247
C_PIECECOORDINATION:0.4614531016304557
C_ROOKANDPAWNMOVEMENT:0.4614531016304557
C_CENTERCONTROL:0.5020910054329707
C_DEVELOPPIECES:0.4836005327282931
C_MATERIAL:0.4945532506964266
