ELO:1000
CE_PASSEDPAWNS:0.5426680445571144
CE_PAWNWEAKNESSES:0.45360227268828057
CE_PIECEACTIVITY:0.4385024960682831
CE_KINGPAWNSHIELD:0.5175323899381842
CE_PIECECOORDINATION:0.5147564155437521
CE_MATERIAL:0.48228400518612896
CE_KINGSAFETY:0.5082259335965661
C_PIECESQUARETABLES:0.4701644922215462
C_MOBILITY:0.5361333652674909
C_KINGSAFETY:0.5567549718399288
C_PAWNSTRUCTURE:0.49810646741031167
C_PIECECOORDINATION:0.4721428907384223
C_ROOKANDPAWNMOVEMENT:0.4721428907384223
C_CENTERCONTROL:0.43377990739359673
C_DEVELOPPIECES:0.49646848501291474
C_MATERIAL:0.48057609025580256
