ELO:935
CE_PASSEDPAWNS:0.4865676295420392
CE_PAWNWEAKNESSES:0.48807157365991427
CE_PIECEACTIVITY:0.4985056685876296
CE_KINGPAWNSHIELD:0.516675027607783
CE_PIECECOORDINATION:0.5158763141292568
CE_MATERIAL:0.5088922931053448
CE_KINGSAFETY:0.5268769347176641
C_PIECESQUARETABLES:0.49790865074045715
C_MOBILITY:0.5178944826659206
C_KINGSAFETY:0.5195969174624581
C_PAWNSTRUCTURE:0.4981389564390112
C_PIECECOORDINATION:0.4904614238778732
C_ROOKANDPAWNMOVEMENT:0.4904614238778732
C_CENTERCONTROL:0.4846468084464597
C_DEVELOPPIECES:0.5011819193973971
C_MATERIAL:0.5172017508344701
C_MOVECOUNT:0.5
