ELO:1090
CE_PASSEDPAWNS:0.6095000600772673
CE_PAWNWEAKNESSES:0.4951903205403792
CE_PIECEACTIVITY:0.4662500483769776
CE_KINGPAWNSHIELD:0.4868466532950606
CE_PIECECOORDINATION:0.4772110671754489
CE_MATERIAL:0.44706629232870404
CE_KINGSAFETY:0.504079616255309
C_PIECESQUARETABLES:0.48475308564086456
C_MOBILITY:0.42105203460517804
C_KINGSAFETY:0.5204889102830906
C_PAWNSTRUCTURE:0.40808751889120254
C_PIECECOORDINATION:0.47804085623924364
C_ROOKANDPAWNMOVEMENT:0.47804085623924364
C_CENTERCONTROL:0.5231283345813829
C_DEVELOPPIECES:0.5820801065984278
C_MATERIAL:0.40157212935428965
