ELO:940
CE_PASSEDPAWNS:0.5444045522667752
CE_PAWNWEAKNESSES:0.4504745045650118
CE_PIECEACTIVITY:0.5159287951234083
CE_KINGPAWNSHIELD:0.5117389995545919
CE_PIECECOORDINATION:0.5050686966552206
CE_MATERIAL:0.5342142814371571
CE_KINGSAFETY:0.48987465931698904
C_PIECESQUARETABLES:0.49077392028822914
C_MOBILITY:0.49270624185835155
C_KINGSAFETY:0.5186063777269753
C_PAWNSTRUCTURE:0.4663741528717137
C_PIECECOORDINATION:0.4886010397540468
C_ROOKANDPAWNMOVEMENT:0.4886010397540468
C_CENTERCONTROL:0.5289250738968712
C_DEVELOPPIECES:0.5152318533222556
C_MATERIAL:0.5021177110778751
C_MOVECOUNT:0.5016949966265084
