ELO:982
CE_PASSEDPAWNS:0.5
CE_PAWNWEAKNESSES:0.48886794192918376
CE_PIECEACTIVITY:0.5089727132464199
CE_KINGPAWNSHIELD:0.5033813101795553
CE_PIECECOORDINATION:0.5053883888633636
CE_MATERIAL:0.49228235074222726
CE_KINGSAFETY:0.4989595550340161
C_PIECESQUARETABLES:0.49342144128523274
C_MOBILITY:0.48770126143777687
C_KINGSAFETY:0.5029271466779225
C_PAWNSTRUCTURE:0.49969283823212507
C_PIECECOORDINATION:0.5026000260277231
C_ROOKANDPAWNMOVEMENT:0.5026000260277231
C_CENTERCONTROL:0.4883103714430481
C_DEVELOPPIECES:0.48938224628585625
C_MATERIAL:0.49424796333594223
