ELO:884
CE_PASSEDPAWNS:0.5950479125788669
CE_PAWNWEAKNESSES:0.45535510282867553
CE_PIECEACTIVITY:0.43350372913979474
CE_KINGPAWNSHIELD:0.5436177181506778
CE_PIECECOORDINATION:0.5621169253838942
CE_MATERIAL:0.6192566348174475
CE_KINGSAFETY:0.5269946255870516
C_PIECESQUARETABLES:0.5436290155218575
C_MOBILITY:0.6038793553171807
C_KINGSAFETY:0.341626398472098
C_PAWNSTRUCTURE:0.4681565322155947
C_PIECECOORDINATION:0.3122052674096768
C_ROOKANDPAWNMOVEMENT:0.3122052674096768
C_CENTERCONTROL:0.5852207814951521
C_DEVELOPPIECES:0.4396879931455592
C_MATERIAL:0.491660347749058
