ELO:1060
CE_PASSEDPAWNS:0.5296095137682424
CE_PAWNWEAKNESSES:0.46625261036440724
CE_PIECEACTIVITY:0.4140941890790589
CE_KINGPAWNSHIELD:0.4507033408185049
CE_PIECECOORDINATION:0.5187641931560933
CE_MATERIAL:0.4640031451187083
CE_KINGSAFETY:0.5087778381055792
C_PIECESQUARETABLES:0.5015640035197855
C_MOBILITY:0.54585005835754
C_KINGSAFETY:0.5659421903489018
C_PAWNSTRUCTURE:0.4507890997398215
C_PIECECOORDINATION:0.5746698981310009
C_ROOKANDPAWNMOVEMENT:0.5746698981310009
C_CENTERCONTROL:0.43923677488585294
C_DEVELOPPIECES:0.5004134577692269
C_MATERIAL:0.48070875941528857
