ELO:926
CE_PASSEDPAWNS:0.5648348808440447
CE_PAWNWEAKNESSES:0.4958474977563978
CE_PIECEACTIVITY:0.45076202045481556
CE_KINGPAWNSHIELD:0.5270813276224513
CE_PIECECOORDINATION:0.5452006126222497
CE_MATERIAL:0.6340046505223386
CE_KINGSAFETY:0.5371170373432625
C_PIECESQUARETABLES:0.4711205395748716
C_MOBILITY:0.581586348607163
C_KINGSAFETY:0.3845401224865457
C_PAWNSTRUCTURE:0.454455803837934
C_PIECECOORDINATION:0.34069549399847693
C_ROOKANDPAWNMOVEMENT:0.34069549399847693
C_CENTERCONTROL:0.514791333987834
C_DEVELOPPIECES:0.4855078168264071
C_MATERIAL:0.4861826776745931
