ELO:1026
CE_PASSEDPAWNS:0.49709284940223286
CE_PAWNWEAKNESSES:0.5315084815777993
CE_PIECEACTIVITY:0.5012593221806272
CE_KINGPAWNSHIELD:0.5
CE_PIECECOORDINATION:0.5254639287438814
CE_MATERIAL:0.48937577603872473
CE_KINGSAFETY:0.5
C_PIECESQUARETABLES:0.5
C_MOBILITY:0.5009908887771961
C_KINGSAFETY:0.487631230140842
C_PAWNSTRUCTURE:0.5173756872893983
C_PIECECOORDINATION:0.524081871863375
C_ROOK:0.5229196765063503
CE_ROOK:0.5121368117509691
C_CENTERCONTROL:0.5072550734620502
C_DEVELOPPIECES:0.49486487060257084
C_MATERIAL:0.4992123053455677
C_MOVECOUNT:0.5018331670220666
C_PAWNMOVEMENT:0.4914347561887438
