ELO:826
CE_PASSEDPAWNS:0.4951145862413011
CE_PAWNWEAKNESSES:0.4748109571850383
CE_PIECEACTIVITY:0.5116270980495738
CE_KINGPAWNSHIELD:0.5565793600995363
CE_PIECECOORDINATION:0.46708643397524585
CE_MATERIAL:0.5487685718118823
CE_KINGSAFETY:0.47199181039393856
C_PIECESQUARETABLES:0.5267373997112202
C_MOBILITY:0.46512380418183624
C_KINGSAFETY:0.5308260664523808
C_PAWNSTRUCTURE:0.5163307661287097
C_PIECECOORDINATION:0.45319943421755526
C_ROOKANDPAWNMOVEMENT:0.45319943421755526
C_CENTERCONTROL:0.5056878271245172
C_DEVELOPPIECES:0.4601444694849514
C_MATERIAL:0.5694023194573966
C_MOVECOUNT:0.5276763368806978
