ELO:975
CE_PASSEDPAWNS:0.5348898782078089
CE_PAWNWEAKNESSES:0.5033520788870297
CE_PIECEACTIVITY:0.4352814469758786
CE_KINGPAWNSHIELD:0.5493477043305752
CE_PIECECOORDINATION:0.4708882395991705
CE_MATERIAL:0.45551957977062996
CE_KINGSAFETY:0.49043385593449645
C_PIECESQUARETABLES:0.4825070860454508
C_MOBILITY:0.5231526663789704
C_KINGSAFETY:0.5180061107848083
C_PAWNSTRUCTURE:0.5171547697260116
C_PIECECOORDINATION:0.4981908334336945
C_ROOKANDPAWNMOVEMENT:0.4981908334336945
C_CENTERCONTROL:0.5001222585604796
C_DEVELOPPIECES:0.5049950216357966
C_MATERIAL:0.49465439031394415
