ELO:1000
CE_PASSEDPAWNS:0.4841160796328048
CE_PAWNWEAKNESSES:0.5017302035310791
CE_PIECEACTIVITY:0.46544762953112545
CE_KINGPAWNSHIELD:0.5298627151979847
CE_PIECECOORDINATION:0.4850041139018047
CE_MATERIAL:0.4642542868286988
CE_KINGSAFETY:0.5017522453831843
C_PIECESQUARETABLES:0.4758394955739402
C_MOBILITY:0.5225904831722671
C_KINGSAFETY:0.5193812703975026
C_PAWNSTRUCTURE:0.5034507709738227
C_PIECECOORDINATION:0.4939942285514525
C_ROOKANDPAWNMOVEMENT:0.4939942285514525
C_CENTERCONTROL:0.5308538307337292
C_DEVELOPPIECES:0.47680252025451164
C_MATERIAL:0.48841688273481826
