ELO:997
CE_PASSEDPAWNS:0.5104849267800423
CE_PAWNWEAKNESSES:0.4983900433036978
CE_PIECEACTIVITY:0.49981194150113084
CE_KINGPAWNSHIELD:0.5105753051383791
CE_PIECECOORDINATION:0.5
CE_MATERIAL:0.5062918341550966
CE_KINGSAFETY:0.4951461639563079
C_PIECESQUARETABLES:0.497102110832458
C_MOBILITY:0.502950557067508
C_KINGSAFETY:0.5037561972735886
C_PAWNSTRUCTURE:0.5036420937825845
C_PIECECOORDINATION:0.490829771384729
C_ROOKANDPAWNMOVEMENT:0.490829771384729
C_CENTERCONTROL:0.5089121955559344
C_DEVELOPPIECES:0.49798105818866106
C_MATERIAL:0.5
C_MOVECOUNT:0.5
