ELO:1071
CE_PASSEDPAWNS:0.5044796050536646
CE_PAWNWEAKNESSES:0.501691172677017
CE_PIECEACTIVITY:0.5
CE_KINGPAWNSHIELD:0.4816190804823163
CE_PIECECOORDINATION:0.5099526803467765
CE_MATERIAL:0.5178058166841294
CE_KINGSAFETY:0.5
C_PIECESQUARETABLES:0.5
C_MOBILITY:0.5
C_KINGSAFETY:0.493249725148315
C_PAWNSTRUCTURE:0.5
C_PIECECOORDINATION:0.5147901901385286
C_ROOKANDPAWNMOVEMENT:0.5147901901385286
C_CENTERCONTROL:0.5
C_DEVELOPPIECES:0.5069928248472082
C_MATERIAL:0.5032593366736479
C_MOVECOUNT:0.49196495200607426
