ELO:1000
CE_PASSEDPAWNS:0.5186831138996174
CE_PAWNWEAKNESSES:0.5004160026535386
CE_PIECEACTIVITY:0.46024327404168147
CE_KINGPAWNSHIELD:0.49744325903046016
CE_PIECECOORDINATION:0.5208949772948188
CE_MATERIAL:0.5253369057892235
CE_KINGSAFETY:0.5245999669914809
C_PIECESQUARETABLES:0.505926060644088
C_MOBILITY:0.518347923811704
C_KINGSAFETY:0.5355655421851919
C_PAWNSTRUCTURE:0.490182720640491
C_PIECECOORDINATION:0.4719773247252403
C_ROOKANDPAWNMOVEMENT:0.4719773247252403
C_CENTERCONTROL:0.44527014911017654
C_DEVELOPPIECES:0.5047555236697019
C_MATERIAL:0.5008402356101571
