ELO:927
CE_PASSEDPAWNS:0.47285463179862924
CE_PAWNWEAKNESSES:0.5033949219494808
CE_PIECEACTIVITY:0.5236969201891319
CE_KINGPAWNSHIELD:0.5312158010851618
CE_PIECECOORDINATION:0.5610738819178307
CE_MATERIAL:0.4586483845903705
CE_KINGSAFETY:0.4793548382134163
C_PIECESQUARETABLES:0.5054962889763351
C_MOBILITY:0.5047510282368869
C_KINGSAFETY:0.4931460306909573
C_PAWNSTRUCTURE:0.5420982040390493
C_PIECECOORDINATION:0.539542790315696
C_ROOKANDPAWNMOVEMENT:0.539542790315696
C_CENTERCONTROL:0.4598024474322437
C_DEVELOPPIECES:0.49263981996083195
C_MATERIAL:0.5
C_MOVECOUNT:0.5
