ELO:1037
CE_PASSEDPAWNS:0.4883514526839017
CE_PAWNWEAKNESSES:0.5070295224989054
CE_PIECEACTIVITY:0.5047139984031866
CE_KINGPAWNSHIELD:0.5099722961756945
CE_PIECECOORDINATION:0.5054150739868447
CE_MATERIAL:0.5
CE_KINGSAFETY:0.5
C_PIECESQUARETABLES:0.5
C_MOBILITY:0.49252346533234587
C_KINGSAFETY:0.5133019398487192
C_PAWNSTRUCTURE:0.5068332941276955
C_PIECECOORDINATION:0.5094619792217536
C_ROOK:0.4820435025592838
CE_ROOK:0.49050120432589694
C_CENTERCONTROL:0.49960164770711085
C_DEVELOPPIECES:0.5074205319448555
C_MATERIAL:0.493558950881213
C_MOVECOUNT:0.5047292587509674
C_PAWNMOVEMENT:0.4992136450606166
