ELO:1000
CE_PASSEDPAWNS:0.47613073037608716
CE_PAWNWEAKNESSES:0.5214969964257828
CE_PIECEACTIVITY:0.5095169530650768
CE_KINGPAWNSHIELD:0.49856343989907154
CE_PIECECOORDINATION:0.5495144561280045
CE_MATERIAL:0.48980688573734454
CE_KINGSAFETY:0.487359670702201
C_PIECESQUARETABLES:0.49329899664286336
C_MOBILITY:0.4684302836564694
C_KINGSAFETY:0.48194698985097795
C_PAWNSTRUCTURE:0.5165833035220939
C_PIECECOORDINATION:0.47998487287745994
C_ROOKANDPAWNMOVEMENT:0.47998487287745994
C_CENTERCONTROL:0.4878437617565809
C_DEVELOPPIECES:0.513541772406018
C_MATERIAL:0.4920085933304284
