ELO:980
CE_PASSEDPAWNS:0.5533569778854517
CE_PAWNWEAKNESSES:0.43662067284621664
CE_PIECEACTIVITY:0.5
CE_KINGPAWNSHIELD:0.5327372530986952
CE_PIECECOORDINATION:0.5470874047006203
CE_MATERIAL:0.4901082167089116
CE_KINGSAFETY:0.5
C_PIECESQUARETABLES:0.5
C_MOBILITY:0.5090428569928326
C_KINGSAFETY:0.54442275391403
C_PAWNSTRUCTURE:0.4746672957446145
C_PIECECOORDINATION:0.44758219917815356
C_ROOKANDPAWNMOVEMENT:0.44758219917815356
C_CENTERCONTROL:0.5381864437113257
C_DEVELOPPIECES:0.5424741037797506
C_MATERIAL:0.4731277385751543
C_MOVECOUNT:0.5
