ELO:883
CE_PASSEDPAWNS:0.5444901897392133
CE_PAWNWEAKNESSES:0.4702478166909255
CE_PIECEACTIVITY:0.5192763122391316
CE_KINGPAWNSHIELD:0.44609849162806997
CE_PIECECOORDINATION:0.4728852940991233
CE_MATERIAL:0.5766000038310608
CE_KINGSAFETY:0.4991660864466933
C_PIECESQUARETABLES:0.49645495377649546
C_MOBILITY:0.5130869437102128
C_KINGSAFETY:0.5501048324246712
C_PAWNSTRUCTURE:0.5377149231076535
C_PIECECOORDINATION:0.5475652885106698
C_ROOKANDPAWNMOVEMENT:0.5475652885106698
C_CENTERCONTROL:0.5935975758433547
C_DEVELOPPIECES:0.5585979428417708
C_MATERIAL:0.5140268056811628
