ELO:967
CE_PASSEDPAWNS:0.5123692565861502
CE_PAWNWEAKNESSES:0.4541573978975322
CE_PIECEACTIVITY:0.5469039977902123
CE_KINGPAWNSHIELD:0.4816904114168635
CE_PIECECOORDINATION:0.49557187397776703
CE_MATERIAL:0.5438119782970425
CE_KINGSAFETY:0.5
C_PIECESQUARETABLES:0.5
C_MOBILITY:0.43497019130949816
C_KINGSAFETY:0.49751253518485766
C_PAWNSTRUCTURE:0.4515996402433376
C_PIECECOORDINATION:0.49564476833406024
C_ROOKANDPAWNMOVEMENT:0.49564476833406024
C_CENTERCONTROL:0.5992163001778463
C_DEVELOPPIECES:0.4721447635883789
C_MATERIAL:0.5099119021170995
C_MOVECOUNT:0.5
