ELO:1005
CE_PASSEDPAWNS:0.5089220187412191
CE_PAWNWEAKNESSES:0.5010286916011922
CE_PIECEACTIVITY:0.4995837144561262
CE_KINGPAWNSHIELD:0.5297636327086425
CE_PIECECOORDINATION:0.5066264648136295
CE_MATERIAL:0.511282617344672
CE_KINGSAFETY:0.5
C_PIECESQUARETABLES:0.49344795126976065
C_MOBILITY:0.4816150952492944
C_KINGSAFETY:0.5
C_PAWNSTRUCTURE:0.444023869895834
C_PIECECOORDINATION:0.5
C_ROOKANDPAWNMOVEMENT:0.5
C_CENTERCONTROL:0.5180780772656368
C_DEVELOPPIECES:0.49252179270800767
C_MATERIAL:0.5131286118663018
C_MOVECOUNT:0.5
