ELO:967
CE_PASSEDPAWNS:0.5178195695836479
CE_PAWNWEAKNESSES:0.48072736567171614
CE_PIECEACTIVITY:0.509347196705157
CE_KINGPAWNSHIELD:0.4974115697461976
CE_PIECECOORDINATION:0.5604088665764098
CE_MATERIAL:0.4960886951281645
CE_KINGSAFETY:0.45763095195260306
C_PIECESQUARETABLES:0.4655657504754699
C_MOBILITY:0.5033985234497198
C_KINGSAFETY:0.5162126283849149
C_PAWNSTRUCTURE:0.530294325835947
C_PIECECOORDINATION:0.5266669972283823
C_ROOKANDPAWNMOVEMENT:0.5266669972283823
C_CENTERCONTROL:0.5537753388079771
C_DEVELOPPIECES:0.5278482699803644
C_MATERIAL:0.5267742614771157
