ELO:923
CE_PASSEDPAWNS:0.41726156853017027
CE_PAWNWEAKNESSES:0.5325276486212961
CE_PIECEACTIVITY:0.5609728522490591
CE_KINGPAWNSHIELD:0.5180851409211771
CE_PIECECOORDINATION:0.5069076799546122
CE_MATERIAL:0.4521157253614533
CE_KINGSAFETY:0.5047331397492494
C_PIECESQUARETABLES:0.5027629422375308
C_MOBILITY:0.4805520250186101
C_KINGSAFETY:0.5415775208056703
C_PAWNSTRUCTURE:0.4946241577445438
C_PIECECOORDINATION:0.47509945494266326
C_ROOK:0.49719125511843143
CE_ROOK:0.5100593214678487
C_CENTERCONTROL:0.5250968380949758
C_DEVELOPPIECES:0.45666464843396315
C_MATERIAL:0.5341923205665792
C_MOVECOUNT:0.4907178903041049
C_PAWNMOVEMENT:0.5821503473159093
