ELO:1000
CE_PASSEDPAWNS:0.48104356787840363
CE_PAWNWEAKNESSES:0.5032820139998913
CE_PIECEACTIVITY:0.4908255033384185
CE_KINGPAWNSHIELD:0.48619817546926686
CE_PIECECOORDINATION:0.5311010909926626
CE_MATERIAL:0.48980688573734454
CE_KINGSAFETY:0.5001464269498151
C_PIECESQUARETABLES:0.4976819075894896
C_MOBILITY:0.4709755775879007
C_KINGSAFETY:0.46971515057719
C_PAWNSTRUCTURE:0.4948857522388743
C_PIECECOORDINATION:0.49653248102365616
C_ROOKANDPAWNMOVEMENT:0.49653248102365616
C_CENTERCONTROL:0.4760355629313648
C_DEVELOPPIECES:0.513541772406018
C_MATERIAL:0.49646280782557123
