ELO:905
CE_PASSEDPAWNS:0.5283508264719463
CE_PAWNWEAKNESSES:0.4704498714144224
CE_PIECEACTIVITY:0.5202985587209406
CE_KINGPAWNSHIELD:0.4473050323577216
CE_PIECECOORDINATION:0.4655916622460013
CE_MATERIAL:0.5923163478321214
CE_KINGSAFETY:0.5044994488355163
C_PIECESQUARETABLES:0.5072938335031378
C_MOBILITY:0.4987709040311112
C_KINGSAFETY:0.535766799438398
C_PAWNSTRUCTURE:0.5511959420146926
C_PIECECOORDINATION:0.5454912322562573
C_ROOKANDPAWNMOVEMENT:0.5454912322562573
C_CENTERCONTROL:0.5855615405936296
C_DEVELOPPIECES:0.5631007926741697
C_MATERIAL:0.5088690415341992
