ELO:748
CE_PASSEDPAWNS:0.4772501715742966
CE_PAWNWEAKNESSES:0.5125849890534167
CE_PIECEACTIVITY:0.516261316545991
CE_KINGPAWNSHIELD:0.5174858676585676
CE_PIECECOORDINATION:0.479623832537725
CE_MATERIAL:0.5223625383915603
CE_KINGSAFETY:0.5246108540867717
C_PIECESQUARETABLES:0.5293173963815038
C_MOBILITY:0.4687508546615949
C_KINGSAFETY:0.5286382849325505
C_PAWNSTRUCTURE:0.5331257573762465
C_PIECECOORDINATION:0.5079157858762589
C_ROOKANDPAWNMOVEMENT:0.5079157858762589
C_CENTERCONTROL:0.46523003589519957
C_DEVELOPPIECES:0.546263352282685
C_MATERIAL:0.5791338131754934
C_MOVECOUNT:0.4918313327933217
