ELO:956
CE_PASSEDPAWNS:0.4551404895734957
CE_PAWNWEAKNESSES:0.5436349689272717
CE_PIECEACTIVITY:0.5066141998362383
CE_KINGPAWNSHIELD:0.4894273286434897
CE_PIECECOORDINATION:0.5307205646966874
CE_MATERIAL:0.4151569237310758
CE_KINGSAFETY:0.4950550093864271
C_PIECESQUARETABLES:0.49518877088463986
C_MOBILITY:0.42213664591041794
C_KINGSAFETY:0.43168492623126925
C_PAWNSTRUCTURE:0.5140756698610492
C_PIECECOORDINATION:0.5210744440457811
C_ROOKANDPAWNMOVEMENT:0.5210744440457811
C_CENTERCONTROL:0.47236500403304366
C_DEVELOPPIECES:0.470085816541669
C_MATERIAL:0.4761799834278011
