ELO:925
CE_PASSEDPAWNS:0.4323966812189922
CE_PAWNWEAKNESSES:0.5063977011061757
CE_PIECEACTIVITY:0.5451247913326651
CE_KINGPAWNSHIELD:0.47289542486488306
CE_PIECECOORDINATION:0.4838106952643739
CE_MATERIAL:0.4476497132620695
CE_KINGSAFETY:0.5071500662466448
C_PIECESQUARETABLES:0.48774524412898174
C_MOBILITY:0.4721099917748548
C_KINGSAFETY:0.5222442787083659
C_PAWNSTRUCTURE:0.4878022186376608
C_PIECECOORDINATION:0.4825790067522006
C_ROOK:0.4920299699583815
CE_ROOK:0.5128468701231155
C_CENTERCONTROL:0.5204653094855151
C_DEVELOPPIECES:0.46395909313535233
C_MATERIAL:0.49878386333955743
C_MOVECOUNT:0.4885756891345447
C_PAWNMOVEMENT:0.547638184063733
