ELO:971
CE_PASSEDPAWNS:0.5317138449487259
CE_PAWNWEAKNESSES:0.45684207926502796
CE_PIECEACTIVITY:0.49085196745104803
CE_KINGPAWNSHIELD:0.49617811157738373
CE_PIECECOORDINATION:0.5536960763018515
CE_MATERIAL:0.5233601102152937
CE_KINGSAFETY:0.4784051914818082
C_PIECESQUARETABLES:0.4769752828760389
C_MOBILITY:0.5073184119608869
C_KINGSAFETY:0.5118419304876933
C_PAWNSTRUCTURE:0.511122707114479
C_PIECECOORDINATION:0.5173512132514974
C_ROOKANDPAWNMOVEMENT:0.5173512132514974
C_CENTERCONTROL:0.5557362622819411
C_DEVELOPPIECES:0.5271194218645537
C_MATERIAL:0.5253919109990041
