ELO:918
CE_PASSEDPAWNS:0.5249183112420944
CE_PAWNWEAKNESSES:0.4128728216788981
CE_PIECEACTIVITY:0.5276108621653756
CE_KINGPAWNSHIELD:0.4566168353622929
CE_PIECECOORDINATION:0.5099378464338686
CE_MATERIAL:0.5248630727892195
CE_KINGSAFETY:0.48942649578311437
C_PIECESQUARETABLES:0.5124624696019311
C_MOBILITY:0.4721689916261667
C_KINGSAFETY:0.5479892937105353
C_PAWNSTRUCTURE:0.5402769062523917
C_PIECECOORDINATION:0.5336177916345213
C_ROOKANDPAWNMOVEMENT:0.5336177916345213
C_CENTERCONTROL:0.5365585287200797
C_DEVELOPPIECES:0.5541610575968513
C_MATERIAL:0.5229500380609109
