ELO:995
CE_PASSEDPAWNS:0.49172129440606427
CE_PAWNWEAKNESSES:0.5
CE_PIECEACTIVITY:0.5
CE_KINGPAWNSHIELD:0.5037291132120487
CE_PIECECOORDINATION:0.4990334253090224
CE_MATERIAL:0.5078487640494759
CE_KINGSAFETY:0.5
C_PIECESQUARETABLES:0.5128677469564111
C_MOBILITY:0.4940155492148188
C_KINGSAFETY:0.5054990761556468
C_PAWNSTRUCTURE:0.5025858469211308
C_PIECECOORDINATION:0.5005385517380861
C_ROOKANDPAWNMOVEMENT:0.5005385517380861
C_CENTERCONTROL:0.4944174332393421
C_DEVELOPPIECES:0.5
C_MATERIAL:0.498512609248177
C_MOVECOUNT:0.48024286889824513
