ELO:921
CE_PASSEDPAWNS:0.4355870973093548
CE_PAWNWEAKNESSES:0.5102278516388962
CE_PIECEACTIVITY:0.5538157234503813
CE_KINGPAWNSHIELD:0.5036444198589985
CE_PIECECOORDINATION:0.5069076799546122
CE_MATERIAL:0.44914170620662763
CE_KINGSAFETY:0.5102840419103521
C_PIECESQUARETABLES:0.5175026313050273
C_MOBILITY:0.4864707999844047
C_KINGSAFETY:0.5293240083635075
C_PAWNSTRUCTURE:0.4946241577445438
C_PIECECOORDINATION:0.4916229086946398
C_ROOK:0.5071956891092687
CE_ROOK:0.5191991464146458
C_CENTERCONTROL:0.5190941229279259
C_DEVELOPPIECES:0.46898342713864993
C_MATERIAL:0.5265169340963061
C_MOVECOUNT:0.48786075827698616
C_PAWNMOVEMENT:0.5795961336997645
