ELO:766
CE_PASSEDPAWNS:0.45731005164215194
CE_PAWNWEAKNESSES:0.5124695662942765
CE_PIECEACTIVITY:0.5217553711808758
CE_KINGPAWNSHIELD:0.5205069151707142
CE_PIECECOORDINATION:0.466777110991724
CE_MATERIAL:0.5126772459995811
CE_KINGSAFETY:0.5195074220318584
C_PIECESQUARETABLES:0.5113604660487895
C_MOBILITY:0.4626235140710989
C_KINGSAFETY:0.53583350003209
C_PAWNSTRUCTURE:0.5209609724350337
C_PIECECOORDINATION:0.48705036147340763
C_ROOKANDPAWNMOVEMENT:0.48705036147340763
C_CENTERCONTROL:0.49202087831187113
C_DEVELOPPIECES:0.5611073696153077
C_MATERIAL:0.5796548439115736
C_MOVECOUNT:0.5044189600838477
