ELO:1042
CE_PASSEDPAWNS:0.5207781198568497
CE_PAWNWEAKNESSES:0.49848762376073846
CE_PIECEACTIVITY:0.5099979087104214
CE_KINGPAWNSHIELD:0.5020740837651961
CE_PIECECOORDINATION:0.5425986788407883
CE_MATERIAL:0.51590189257712
CE_KINGSAFETY:0.5
C_PIECESQUARETABLES:0.5
C_MOBILITY:0.49293119841657435
C_KINGSAFETY:0.5492955281175484
C_PAWNSTRUCTURE:0.5147852278909847
C_PIECECOORDINATION:0.4752642104033801
C_ROOKANDPAWNMOVEMENT:0.4752642104033801
C_CENTERCONTROL:0.6051999654039842
C_DEVELOPPIECES:0.47900962528971397
C_MATERIAL:0.45880582442211904
C_MOVECOUNT:0.5
