ELO:1000
CE_PASSEDPAWNS:0.5
CE_PAWNWEAKNESSES:0.5
CE_PIECEACTIVITY:0.495663769670607
CE_KINGPAWNSHIELD:0.504197466687227
CE_PIECECOORDINATION:0.5
CE_MATERIAL:0.48826229400052046
CE_KINGSAFETY:0.5103879993916517
C_PIECESQUARETABLES:0.5
C_MOBILITY:0.5
C_KINGSAFETY:0.5
C_PAWNSTRUCTURE:0.48965565692145696
C_PIECECOORDINATION:0.48792877831471154
C_ROOK:0.5
CE_ROOK:0.5
C_CENTERCONTROL:0.5
C_DEVELOPPIECES:0.5
C_MATERIAL:0.509377522795119
C_MOVECOUNT:0.5
C_PAWNMOVEMENT:0.5
