ELO:898
CE_PASSEDPAWNS:0.4505437448674399
CE_PAWNWEAKNESSES:0.479620146968121
CE_PIECEACTIVITY:0.5045502678718593
CE_KINGPAWNSHIELD:0.4525306392728308
CE_PIECECOORDINATION:0.5566912256427615
CE_MATERIAL:0.3635486346718981
CE_KINGSAFETY:0.4593127829443355
C_PIECESQUARETABLES:0.5270913500201044
C_MOBILITY:0.42350882257160033
C_KINGSAFETY:0.4422981974763894
C_PAWNSTRUCTURE:0.5484658022385792
C_PIECECOORDINATION:0.5382402181107131
C_ROOKANDPAWNMOVEMENT:0.5382402181107131
C_CENTERCONTROL:0.4727881905088507
C_DEVELOPPIECES:0.4683591260497685
C_MATERIAL:0.5217866644088663
