ELO:910
CE_PASSEDPAWNS:0.43012619839492194
CE_PAWNWEAKNESSES:0.5181544551249896
CE_PIECEACTIVITY:0.4975762062178093
CE_KINGPAWNSHIELD:0.4583419784138416
CE_PIECECOORDINATION:0.5369904874698295
CE_MATERIAL:0.3467594659671208
CE_KINGSAFETY:0.4650704678421744
C_PIECESQUARETABLES:0.4948127978678294
C_MOBILITY:0.43838949335558974
C_KINGSAFETY:0.43931214517566464
C_PAWNSTRUCTURE:0.5337351694344333
C_PIECECOORDINATION:0.5350326689019764
C_ROOKANDPAWNMOVEMENT:0.5350326689019764
C_CENTERCONTROL:0.48150143811050994
C_DEVELOPPIECES:0.4538480715918275
C_MATERIAL:0.5169108372776849
