ELO:1000
CE_PASSEDPAWNS:0.4923894203474942
CE_PAWNWEAKNESSES:0.5090706028606328
CE_PIECEACTIVITY:0.4982131319572836
CE_KINGPAWNSHIELD:0.5045016583749353
CE_PIECECOORDINATION:0.5401541875945728
CE_MATERIAL:0.4848113830563645
CE_KINGSAFETY:0.4949032006281039
C_PIECESQUARETABLES:0.49471644356945976
C_MOBILITY:0.4807746971187181
C_KINGSAFETY:0.49135356336681874
C_PAWNSTRUCTURE:0.507289681039754
C_PIECECOORDINATION:0.4763352389596648
C_ROOKANDPAWNMOVEMENT:0.4763352389596648
C_CENTERCONTROL:0.49629532891516787
C_DEVELOPPIECES:0.5081393382523388
C_MATERIAL:0.48683663897876267
