ELO:1051
CE_PASSEDPAWNS:0.49391965257626197
CE_PAWNWEAKNESSES:0.5
CE_PIECEACTIVITY:0.49774528197449275
CE_KINGPAWNSHIELD:0.4998219103617872
CE_PIECECOORDINATION:0.49435834764863096
CE_MATERIAL:0.47777772270865543
CE_KINGSAFETY:0.5
C_PIECESQUARETABLES:0.5
C_MOBILITY:0.4960834876060091
C_KINGSAFETY:0.49148091137625494
C_PAWNSTRUCTURE:0.490871339121346
C_PIECECOORDINATION:0.47570390468768714
C_ROOKANDPAWNMOVEMENT:0.47570390468768714
C_CENTERCONTROL:0.4873151793354562
C_DEVELOPPIECES:0.5
C_MATERIAL:0.5029686955030372
C_MOVECOUNT:0.5
