ELO:949
CE_PASSEDPAWNS:0.5389100181471227
CE_PAWNWEAKNESSES:0.508858128996093
CE_PIECEACTIVITY:0.5132852291762147
CE_KINGPAWNSHIELD:0.5027903898402477
CE_PIECECOORDINATION:0.509557120039229
CE_MATERIAL:0.4961536680476855
CE_KINGSAFETY:0.5207443174214376
C_PIECESQUARETABLES:0.4953024498746627
C_MOBILITY:0.5086247479903758
C_KINGSAFETY:0.48686929893144615
C_PAWNSTRUCTURE:0.5158298456686855
C_PIECECOORDINATION:0.5105715919592997
C_ROOKANDPAWNMOVEMENT:0.5105715919592997
C_CENTERCONTROL:0.47333429039829406
C_DEVELOPPIECES:0.49058606887452766
C_MATERIAL:0.49703504465842113
C_MOVECOUNT:0.5
