ELO:989
CE_PASSEDPAWNS:0.3671258369474086
CE_PAWNWEAKNESSES:0.5161028791231135
CE_PIECEACTIVITY:0.5672743314415876
CE_KINGPAWNSHIELD:0.4807935375185014
CE_PIECECOORDINATION:0.4622133518931042
CE_MATERIAL:0.5183607800283718
CE_KINGSAFETY:0.5167508351750297
C_PIECESQUARETABLES:0.4969340169767886
C_MOBILITY:0.5000253996437282
C_KINGSAFETY:0.5594239720260957
C_PAWNSTRUCTURE:0.31540038814563587
C_PIECECOORDINATION:0.4455295289066636
C_ROOKANDPAWNMOVEMENT:0.4455295289066636
C_CENTERCONTROL:0.35488331713916
C_DEVELOPPIECES:0.48463106472835726
C_MATERIAL:0.6899481349559431
