ELO:1036
CE_PASSEDPAWNS:0.5
CE_PAWNWEAKNESSES:0.5095114882014274
CE_PIECEACTIVITY:0.4846295378443273
CE_KINGPAWNSHIELD:0.5
CE_PIECECOORDINATION:0.4875623156123702
CE_MATERIAL:0.48670668891165975
CE_KINGSAFETY:0.5
C_PIECESQUARETABLES:0.5
C_MOBILITY:0.5
C_KINGSAFETY:0.5
C_PAWNSTRUCTURE:0.5301731393416586
C_PIECECOORDINATION:0.5159423427094448
C_ROOKANDPAWNMOVEMENT:0.5159423427094448
C_CENTERCONTROL:0.4984967620330958
C_DEVELOPPIECES:0.5
C_MATERIAL:0.48992419487483296
C_MOVECOUNT:0.5
