ELO:968
CE_PASSEDPAWNS:0.5078869119150896
CE_PAWNWEAKNESSES:0.49124627536251814
CE_PIECEACTIVITY:0.4992222372459875
CE_KINGPAWNSHIELD:0.5100258282129756
CE_PIECECOORDINATION:0.49962679428153384
CE_MATERIAL:0.4904443941562652
CE_KINGSAFETY:0.49203514598638826
C_PIECESQUARETABLES:0.5
C_MOBILITY:0.4766701019540822
C_KINGSAFETY:0.4842035176164972
C_PAWNSTRUCTURE:0.5049524806981709
C_PIECECOORDINATION:0.507266379246697
C_ROOKANDPAWNMOVEMENT:0.507266379246697
C_CENTERCONTROL:0.4891379609801988
C_DEVELOPPIECES:0.5161611758041523
C_MATERIAL:0.5100791831610743
C_MOVECOUNT:0.5040669282873848
