ELO:935
CE_PASSEDPAWNS:0.5018665126116114
CE_PAWNWEAKNESSES:0.5030582414138308
CE_PIECEACTIVITY:0.471861354495168
CE_KINGPAWNSHIELD:0.5251683359055077
CE_PIECECOORDINATION:0.49093120284024233
CE_MATERIAL:0.48318356914863525
CE_KINGSAFETY:0.5080558445713768
C_PIECESQUARETABLES:0.474036520317839
C_MOBILITY:0.5200386359892653
C_KINGSAFETY:0.5023130694749993
C_PAWNSTRUCTURE:0.5065052857171319
C_PIECECOORDINATION:0.500578924257872
C_ROOKANDPAWNMOVEMENT:0.500578924257872
C_CENTERCONTROL:0.4927751903922009
C_DEVELOPPIECES:0.5040530442447928
C_MATERIAL:0.5124157513750381
