ELO:1000
CE_PASSEDPAWNS:0.5739777028472726
CE_PAWNWEAKNESSES:0.44423437751723294
CE_PIECEACTIVITY:0.4835582944283294
CE_KINGPAWNSHIELD:0.5146117142145644
CE_PIECECOORDINATION:0.5480895573725824
CE_MATERIAL:0.5250616840573321
CE_KINGSAFETY:0.4998549153855457
C_PIECESQUARETABLES:0.48787390290059307
C_MOBILITY:0.46870692150904286
C_KINGSAFETY:0.502230451539409
C_PAWNSTRUCTURE:0.5051542837115889
C_PIECECOORDINATION:0.5321868415006973
C_ROOKANDPAWNMOVEMENT:0.5321868415006973
C_CENTERCONTROL:0.5302343394720797
C_DEVELOPPIECES:0.487803258334118
C_MATERIAL:0.4881930896178419
