ELO:929
CE_PASSEDPAWNS:0.44542464259312764
CE_PAWNWEAKNESSES:0.5063977011061757
CE_PIECEACTIVITY:0.5466565992856031
CE_KINGPAWNSHIELD:0.4832771374777347
CE_PIECECOORDINATION:0.473410204919548
CE_MATERIAL:0.46663182126652086
CE_KINGSAFETY:0.5
C_PIECESQUARETABLES:0.5
C_MOBILITY:0.46921933282316575
C_KINGSAFETY:0.5103878935284797
C_PAWNSTRUCTURE:0.4878022186376608
C_PIECECOORDINATION:0.47748362720678444
C_ROOK:0.4824055037683123
CE_ROOK:0.5217232612057018
C_CENTERCONTROL:0.5185818801036438
C_DEVELOPPIECES:0.4611406304784142
C_MATERIAL:0.4992291233812134
C_MOVECOUNT:0.4885756891345447
C_PAWNMOVEMENT:0.5377432273969782
