ELO:677
CE_PASSEDPAWNS:0.48259580456319656
CE_PAWNWEAKNESSES:0.5604954459880643
CE_PIECEACTIVITY:0.5272911343640654
CE_KINGPAWNSHIELD:0.5127641494542768
CE_PIECECOORDINATION:0.47280376539461516
CE_MATERIAL:0.5669192521856264
CE_KINGSAFETY:0.512273177709573
C_PIECESQUARETABLES:0.5148145234318898
C_MOBILITY:0.4838561678885636
C_KINGSAFETY:0.5049772266092231
C_PAWNSTRUCTURE:0.4890455006201379
C_PIECECOORDINATION:0.5273956328206323
C_ROOKANDPAWNMOVEMENT:0.5273956328206323
C_CENTERCONTROL:0.48101296654188874
C_DEVELOPPIECES:0.5669722512341595
C_MATERIAL:0.5543740503763317
C_MOVECOUNT:0.5349979659951123
