ELO:1006
CE_PASSEDPAWNS:0.5094626203794451
CE_PAWNWEAKNESSES:0.5061856873974797
CE_PIECEACTIVITY:0.4940107489522762
CE_KINGPAWNSHIELD:0.5005030145783612
CE_PIECECOORDINATION:0.5062470059587993
CE_MATERIAL:0.5
CE_KINGSAFETY:0.49121201892871635
C_PIECESQUARETABLES:0.5
C_MOBILITY:0.4952816872304183
C_KINGSAFETY:0.5
C_PAWNSTRUCTURE:0.5028615672940248
C_PIECECOORDINATION:0.5112028087026869
C_ROOKANDPAWNMOVEMENT:0.5112028087026869
C_CENTERCONTROL:0.5048867218710521
C_DEVELOPPIECES:0.5119146887470881
C_MATERIAL:0.5097718413328471
