ELO:910
CE_PASSEDPAWNS:0.43012619839492194
CE_PAWNWEAKNESSES:0.5112095128697864
CE_PIECEACTIVITY:0.5060930396177643
CE_KINGPAWNSHIELD:0.45100101867807046
CE_PIECECOORDINATION:0.537308333327011
CE_MATERIAL:0.3549616073302073
CE_KINGSAFETY:0.46361759793178325
C_PIECESQUARETABLES:0.5056515759311152
C_MOBILITY:0.4285422103360995
C_KINGSAFETY:0.4148295255814341
C_PAWNSTRUCTURE:0.5319132272681051
C_PIECECOORDINATION:0.5497969241730546
C_ROOKANDPAWNMOVEMENT:0.5497969241730546
C_CENTERCONTROL:0.4825914464155102
C_DEVELOPPIECES:0.4538480715918275
C_MATERIAL:0.5175702726679899
