ELO:995
CE_PASSEDPAWNS:0.48480812708558463
CE_PAWNWEAKNESSES:0.4865843665821933
CE_PIECEACTIVITY:0.5068674605155672
CE_KINGPAWNSHIELD:0.512054200135355
CE_PIECECOORDINATION:0.48979081673096353
CE_MATERIAL:0.48273581558573436
CE_KINGSAFETY:0.5
C_PIECESQUARETABLES:0.5074930811232146
C_MOBILITY:0.477455486021442
C_KINGSAFETY:0.5228547894404173
C_PAWNSTRUCTURE:0.520275453768957
C_PIECECOORDINATION:0.48215372277421154
C_ROOK:0.5113240912313847
CE_ROOK:0.4977832118018231
C_CENTERCONTROL:0.5021601103564939
C_DEVELOPPIECES:0.4884926447520603
C_MATERIAL:0.5143438482508214
C_MOVECOUNT:0.4987146475279274
C_PAWNMOVEMENT:0.5053150602023373
