ELO:1000
CE_PASSEDPAWNS:0.5696754049427206
CE_PAWNWEAKNESSES:0.43739905982421595
CE_PIECEACTIVITY:0.4888231340883033
CE_KINGPAWNSHIELD:0.512956329801823
CE_PIECECOORDINATION:0.5728314773445653
CE_MATERIAL:0.5067838306144771
CE_KINGSAFETY:0.489156820700902
C_PIECESQUARETABLES:0.47238935103420315
C_MOBILITY:0.46768287947419085
C_KINGSAFETY:0.4817596200034253
C_PAWNSTRUCTURE:0.48071321806256856
C_PIECECOORDINATION:0.5476170043231761
C_ROOKANDPAWNMOVEMENT:0.5476170043231761
C_CENTERCONTROL:0.5125885818393274
C_DEVELOPPIECES:0.5012241537304288
C_MATERIAL:0.5047517224683051
