ELO:1000
CE_PASSEDPAWNS:0.48574575434162054
CE_PAWNWEAKNESSES:0.49490708714164255
CE_PIECEACTIVITY:0.45339757537798664
CE_KINGPAWNSHIELD:0.5057413977389073
CE_PIECECOORDINATION:0.5531919596546636
CE_MATERIAL:0.4434065304895846
CE_KINGSAFETY:0.5201928990309853
C_PIECESQUARETABLES:0.48847522833212603
C_MOBILITY:0.4263573721218819
C_KINGSAFETY:0.4544291537464843
C_PAWNSTRUCTURE:0.4942962626721335
C_PIECECOORDINATION:0.5388033987895499
C_ROOKANDPAWNMOVEMENT:0.5388033987895499
C_CENTERCONTROL:0.47566131731934413
C_DEVELOPPIECES:0.5103544513398446
C_MATERIAL:0.47479054098671297
