ELO:994
CE_PASSEDPAWNS:0.48480812708558463
CE_PAWNWEAKNESSES:0.4990708846132388
CE_PIECEACTIVITY:0.5068674605155672
CE_KINGPAWNSHIELD:0.5011375551535519
CE_PIECECOORDINATION:0.48155343318843286
CE_MATERIAL:0.4775981239603436
CE_KINGSAFETY:0.5
C_PIECESQUARETABLES:0.516362760082787
C_MOBILITY:0.4667416768530014
C_KINGSAFETY:0.525371127316247
C_PAWNSTRUCTURE:0.520275453768957
C_PIECECOORDINATION:0.47775421537042667
C_ROOK:0.5113240912313847
CE_ROOK:0.4977832118018231
C_CENTERCONTROL:0.5021601103564939
C_DEVELOPPIECES:0.4836562079231676
C_MATERIAL:0.5311044290293132
C_MOVECOUNT:0.4987146475279274
C_PAWNMOVEMENT:0.5055047580536101
