ELO:1087
CE_PASSEDPAWNS:0.6428753874330577
CE_PAWNWEAKNESSES:0.4740170324537508
CE_PIECEACTIVITY:0.47145001069001125
CE_KINGPAWNSHIELD:0.4595994352862542
CE_PIECECOORDINATION:0.4855093358722569
CE_MATERIAL:0.45616218246355583
CE_KINGSAFETY:0.489350463073382
C_PIECESQUARETABLES:0.479488421150131
C_MOBILITY:0.4044472970472417
C_KINGSAFETY:0.48809509667338574
C_PAWNSTRUCTURE:0.42742827492059715
C_PIECECOORDINATION:0.4710877062436948
C_ROOKANDPAWNMOVEMENT:0.4710877062436948
C_CENTERCONTROL:0.5190673833278486
C_DEVELOPPIECES:0.5824723310701347
C_MATERIAL:0.4213423546311664
