ELO:1000
CE_PASSEDPAWNS:0.49885515231798266
CE_PAWNWEAKNESSES:0.5071721085695738
CE_PIECEACTIVITY:0.5079301562666403
CE_KINGPAWNSHIELD:0.4944850573948926
CE_PIECECOORDINATION:0.5008983210185308
CE_MATERIAL:0.4894032451315606
CE_KINGSAFETY:0.5024267728496462
C_PIECESQUARETABLES:0.49444208441371307
C_MOBILITY:0.4811278012450385
C_KINGSAFETY:0.5144899007436466
C_PAWNSTRUCTURE:0.5
C_PIECECOORDINATION:0.49582090872309464
C_ROOKANDPAWNMOVEMENT:0.49582090872309464
C_CENTERCONTROL:0.5017230656813798
C_DEVELOPPIECES:0.5081398713612075
C_MATERIAL:0.4777915900787476
