ELO:965
CE_PASSEDPAWNS:0.5158562254091277
CE_PAWNWEAKNESSES:0.4592108569018549
CE_PIECEACTIVITY:0.5177021776795498
CE_KINGPAWNSHIELD:0.5067548607300246
CE_PIECECOORDINATION:0.5492365342193143
CE_MATERIAL:0.4908031546825911
CE_KINGSAFETY:0.46877675035032706
C_PIECESQUARETABLES:0.4787381421156067
C_MOBILITY:0.5103315297011312
C_KINGSAFETY:0.5213649302736152
C_PAWNSTRUCTURE:0.5246660678829909
C_PIECECOORDINATION:0.5230011013832111
C_ROOKANDPAWNMOVEMENT:0.5230011013832111
C_CENTERCONTROL:0.554446599112522
C_DEVELOPPIECES:0.5310251851678434
C_MATERIAL:0.5042049322594768
