ELO:895
CE_PASSEDPAWNS:0.5377145991681873
CE_PAWNWEAKNESSES:0.48723530363780293
CE_PIECEACTIVITY:0.5208117796157086
CE_KINGPAWNSHIELD:0.48511280043306904
CE_PIECECOORDINATION:0.47326450985889706
CE_MATERIAL:0.49532651961612095
CE_KINGSAFETY:0.4670960461712665
C_PIECESQUARETABLES:0.4773271289524598
C_MOBILITY:0.504590125570624
C_KINGSAFETY:0.49499492487318225
C_PAWNSTRUCTURE:0.4904925877089031
C_PIECECOORDINATION:0.5044574793483648
C_ROOKANDPAWNMOVEMENT:0.5044574793483648
C_CENTERCONTROL:0.46594605946887496
C_DEVELOPPIECES:0.4780976388918442
C_MATERIAL:0.490771535784853
C_MOVECOUNT:0.5
