ELO:1010
CE_PASSEDPAWNS:0.5073234601137685
CE_PAWNWEAKNESSES:0.5054655487470973
CE_PIECEACTIVITY:0.49705926009106055
CE_KINGPAWNSHIELD:0.5
CE_PIECECOORDINATION:0.5030417071075534
CE_MATERIAL:0.5
CE_KINGSAFETY:0.5036626469627504
C_PIECESQUARETABLES:0.489476833512008
C_MOBILITY:0.5044214494811736
C_KINGSAFETY:0.4915680051081092
C_PAWNSTRUCTURE:0.49512337904955267
C_PIECECOORDINATION:0.5
C_ROOKANDPAWNMOVEMENT:0.5
C_CENTERCONTROL:0.5
C_DEVELOPPIECES:0.5119475370840663
C_MATERIAL:0.5
C_MOVECOUNT:0.5
