ELO:960
CE_PASSEDPAWNS:0.4700540928144117
CE_PAWNWEAKNESSES:0.5394984015289523
CE_PIECEACTIVITY:0.5066141998362383
CE_KINGPAWNSHIELD:0.47009601105086807
CE_PIECECOORDINATION:0.5353841057714519
CE_MATERIAL:0.42736066071947926
CE_KINGSAFETY:0.49616842437411063
C_PIECESQUARETABLES:0.48975103508548495
C_MOBILITY:0.4018333543128074
C_KINGSAFETY:0.42788951354232074
C_PAWNSTRUCTURE:0.5003286086043421
C_PIECECOORDINATION:0.5169292438131643
C_ROOKANDPAWNMOVEMENT:0.5169292438131643
C_CENTERCONTROL:0.47946953920694996
C_DEVELOPPIECES:0.4810768161610283
C_MATERIAL:0.4654601173071203
