ELO:1023
CE_PASSEDPAWNS:0.5
CE_PAWNWEAKNESSES:0.49012937825039965
CE_PIECEACTIVITY:0.5
CE_KINGPAWNSHIELD:0.5115384850874811
CE_PIECECOORDINATION:0.4946902206637202
CE_MATERIAL:0.5
CE_KINGSAFETY:0.5
C_PIECESQUARETABLES:0.5
C_MOBILITY:0.503526511246636
C_KINGSAFETY:0.49352347097133753
C_PAWNSTRUCTURE:0.5
C_PIECECOORDINATION:0.4918440919668022
C_ROOKANDPAWNMOVEMENT:0.4918440919668022
C_CENTERCONTROL:0.509148666596001
C_DEVELOPPIECES:0.5
C_MATERIAL:0.49789447213421595
C_MOVECOUNT:0.5
