ELO:971
CE_PASSEDPAWNS:0.48861133638747806
CE_PAWNWEAKNESSES:0.4826779363957124
CE_PIECEACTIVITY:0.4801250330351256
CE_KINGPAWNSHIELD:0.5019027629822141
CE_PIECECOORDINATION:0.5067520841102399
CE_MATERIAL:0.5261165534618156
CE_KINGSAFETY:0.4991999489253552
C_PIECESQUARETABLES:0.5008434802445572
C_MOBILITY:0.49126690339802936
C_KINGSAFETY:0.4869351341126962
C_PAWNSTRUCTURE:0.4997506409831158
C_PIECECOORDINATION:0.5172796743286597
C_ROOKANDPAWNMOVEMENT:0.5172796743286597
C_CENTERCONTROL:0.5113304492303786
C_DEVELOPPIECES:0.4598798175798345
C_MATERIAL:0.512911642556365
C_MOVECOUNT:0.49032283688769396
