ELO:1000
CE_PASSEDPAWNS:0.5
CE_PAWNWEAKNESSES:0.5018920715535399
CE_PIECEACTIVITY:0.5
CE_KINGPAWNSHIELD:0.4992307872583267
CE_PIECECOORDINATION:0.4958418997548282
CE_MATERIAL:0.4953651979296061
CE_KINGSAFETY:0.5
C_PIECESQUARETABLES:0.5107059573176794
C_MOBILITY:0.4881807685055793
C_KINGSAFETY:0.5
C_PAWNSTRUCTURE:0.5109551904850278
C_PIECECOORDINATION:0.492150459805571
C_ROOKANDPAWNMOVEMENT:0.492150459805571
C_CENTERCONTROL:0.5
C_DEVELOPPIECES:0.5098269092652232
C_MATERIAL:0.5
C_MOVECOUNT:0.5
