ELO:968
CE_PASSEDPAWNS:0.49650507972201013
CE_PAWNWEAKNESSES:0.5057747450610837
CE_PIECEACTIVITY:0.5041995326830488
CE_KINGPAWNSHIELD:0.4814924071768544
CE_PIECECOORDINATION:0.5056386206229235
CE_MATERIAL:0.5350487786277177
CE_KINGSAFETY:0.4991999489253552
C_PIECESQUARETABLES:0.5
C_MOBILITY:0.49178734436865873
C_KINGSAFETY:0.4869351341126962
C_PAWNSTRUCTURE:0.4942092287603212
C_PIECECOORDINATION:0.4667452206277127
C_ROOKANDPAWNMOVEMENT:0.4667452206277127
C_CENTERCONTROL:0.5082331187658711
C_DEVELOPPIECES:0.47308194754182414
C_MATERIAL:0.49844182205475784
C_MOVECOUNT:0.5025188248099094
