ELO:986
CE_PASSEDPAWNS:0.539987550541248
CE_PAWNWEAKNESSES:0.4677547336946702
CE_PIECEACTIVITY:0.48699302965602
CE_KINGPAWNSHIELD:0.5112172917579264
CE_PIECECOORDINATION:0.5474668398693369
CE_MATERIAL:0.511862930298876
CE_KINGSAFETY:0.48698592521809225
C_PIECESQUARETABLES:0.5075147244891756
C_MOBILITY:0.5078711680385302
C_KINGSAFETY:0.5092613242066041
C_PAWNSTRUCTURE:0.5122182317591432
C_PIECECOORDINATION:0.5173512132514974
C_ROOKANDPAWNMOVEMENT:0.5173512132514974
C_CENTERCONTROL:0.5414227138393273
C_DEVELOPPIECES:0.5197755471696691
C_MATERIAL:0.5170996809153603
