ELO:945
CE_PASSEDPAWNS:0.4449887553492449
CE_PAWNWEAKNESSES:0.489364172862171
CE_PIECEACTIVITY:0.5498499823154797
CE_KINGPAWNSHIELD:0.46627463813298703
CE_PIECECOORDINATION:0.47677615165195153
CE_MATERIAL:0.4542752460577512
CE_KINGSAFETY:0.5
C_PIECESQUARETABLES:0.5074062658768199
C_MOBILITY:0.4703326541459907
C_KINGSAFETY:0.5143793514864857
C_PAWNSTRUCTURE:0.49871596404750596
C_PIECECOORDINATION:0.48981038043018427
C_ROOK:0.4905189021424712
CE_ROOK:0.5217232612057018
C_CENTERCONTROL:0.50730287892805
C_DEVELOPPIECES:0.4611406304784142
C_MATERIAL:0.508431037320455
C_MOVECOUNT:0.4852872246668757
C_PAWNMOVEMENT:0.520458071045065
