ELO:1008
CE_PASSEDPAWNS:0.5
CE_PAWNWEAKNESSES:0.4919996413637899
CE_PIECEACTIVITY:0.5
CE_KINGPAWNSHIELD:0.5005030145783612
CE_PIECECOORDINATION:0.5172624903579227
CE_MATERIAL:0.5030853369497869
CE_KINGSAFETY:0.4905492900314155
C_PIECESQUARETABLES:0.5
C_MOBILITY:0.5
C_KINGSAFETY:0.5
C_PAWNSTRUCTURE:0.4988857296238887
C_PIECECOORDINATION:0.5112028087026869
C_ROOKANDPAWNMOVEMENT:0.5112028087026869
C_CENTERCONTROL:0.5
C_DEVELOPPIECES:0.5
C_MATERIAL:0.49793460297200826
