ELO:971
CE_PASSEDPAWNS:0.5015442351575122
CE_PAWNWEAKNESSES:0.4736346474937364
CE_PIECEACTIVITY:0.4963636551267834
CE_KINGPAWNSHIELD:0.5002780507496489
CE_PIECECOORDINATION:0.5090967122063221
CE_MATERIAL:0.49187849196432715
CE_KINGSAFETY:0.5
C_PIECESQUARETABLES:0.5
C_MOBILITY:0.5025911885141413
C_KINGSAFETY:0.5096241140776542
C_PAWNSTRUCTURE:0.480536795419188
C_PIECECOORDINATION:0.505302112553065
C_ROOKANDPAWNMOVEMENT:0.505302112553065
C_CENTERCONTROL:0.47585936071653284
C_DEVELOPPIECES:0.4808641636992666
C_MATERIAL:0.5088674348236365
C_MOVECOUNT:0.5172447690393105
