ELO:991
CE_PASSEDPAWNS:0.4947402399813678
CE_PAWNWEAKNESSES:0.5
CE_PIECEACTIVITY:0.4848039018818077
CE_KINGPAWNSHIELD:0.5040918383552319
CE_PIECECOORDINATION:0.5198022456739329
CE_MATERIAL:0.4932357279639293
CE_KINGSAFETY:0.5187227877109581
C_PIECESQUARETABLES:0.5034745454914239
C_MOBILITY:0.48804469321151234
C_KINGSAFETY:0.48068233116846454
C_PAWNSTRUCTURE:0.5077208920841433
C_PIECECOORDINATION:0.5
C_ROOKANDPAWNMOVEMENT:0.5
C_CENTERCONTROL:0.5065455925034403
C_DEVELOPPIECES:0.4982617695553611
C_MATERIAL:0.4935110797190283
