ELO:1018
CE_PASSEDPAWNS:0.6180225486446931
CE_PAWNWEAKNESSES:0.4912341324471207
CE_PIECEACTIVITY:0.49326626209396074
CE_KINGPAWNSHIELD:0.4943459110772711
CE_PIECECOORDINATION:0.48157490154426447
CE_MATERIAL:0.44575788036354563
CE_KINGSAFETY:0.4989304489532897
C_PIECESQUARETABLES:0.5044676673401549
C_MOBILITY:0.4206968450081125
C_KINGSAFETY:0.5075255894229248
C_PAWNSTRUCTURE:0.39869423391554615
C_PIECECOORDINATION:0.49837968483212847
C_ROOKANDPAWNMOVEMENT:0.49837968483212847
C_CENTERCONTROL:0.5403787223415264
C_DEVELOPPIECES:0.5919604260917094
C_MATERIAL:0.421757706261954
