ELO:1000
CE_PASSEDPAWNS:0.4977745445374953
CE_PAWNWEAKNESSES:0.4909219309467478
CE_PIECEACTIVITY:0.46894039972323964
CE_KINGPAWNSHIELD:0.5001115590584112
CE_PIECECOORDINATION:0.5092392464639507
CE_MATERIAL:0.5022834087846041
CE_KINGSAFETY:0.5005027131868497
C_PIECESQUARETABLES:0.48832410076760563
C_MOBILITY:0.5066281528486111
C_KINGSAFETY:0.5211058268539057
C_PAWNSTRUCTURE:0.5011172636425429
C_PIECECOORDINATION:0.49333999446366694
C_ROOK:0.5
CE_ROOK:0.5051212195443603
C_CENTERCONTROL:0.48923720845340296
C_DEVELOPPIECES:0.5040306823431135
C_MATERIAL:0.5105859388686506
C_MOVECOUNT:0.5112496289207915
C_PAWNMOVEMENT:0.48994052749537087
