ELO:843
CE_PASSEDPAWNS:0.5893278237676621
CE_PAWNWEAKNESSES:0.45826154286719145
CE_PIECEACTIVITY:0.5405158363885431
CE_KINGPAWNSHIELD:0.4301892030416735
CE_PIECECOORDINATION:0.5433650503071565
CE_MATERIAL:0.4839441222758687
CE_KINGSAFETY:0.5
C_PIECESQUARETABLES:0.5
C_MOBILITY:0.49688036093112875
C_KINGSAFETY:0.5003327865853414
C_PAWNSTRUCTURE:0.45247428512670274
C_PIECECOORDINATION:0.4209520474063331
C_ROOKANDPAWNMOVEMENT:0.4209520474063331
C_CENTERCONTROL:0.5983676311368762
C_DEVELOPPIECES:0.48366529511932843
C_MATERIAL:0.43664798420208517
C_MOVECOUNT:0.4913773824099648
