ELO:964
CE_PASSEDPAWNS:0.5081737549712703
CE_PAWNWEAKNESSES:0.5486269642498836
CE_PIECEACTIVITY:0.45547879568950045
CE_KINGPAWNSHIELD:0.5030877895530771
CE_PIECECOORDINATION:0.47059306934493844
CE_MATERIAL:0.5496495824292499
CE_KINGSAFETY:0.5
C_PIECESQUARETABLES:0.5095760932208685
C_MOBILITY:0.5026721985482676
C_KINGSAFETY:0.5136824617711809
C_PAWNSTRUCTURE:0.4492803922783474
C_PIECECOORDINATION:0.49459161903314725
C_ROOK:0.530572693621449
CE_ROOK:0.5122691005717256
C_CENTERCONTROL:0.5233529241366394
C_DEVELOPPIECES:0.47964875687828734
C_MATERIAL:0.4877588270291953
C_MOVECOUNT:0.48961849347721903
C_PAWNMOVEMENT:0.48705955725536687
