ELO:979
CE_PASSEDPAWNS:0.49782727704779434
CE_PAWNWEAKNESSES:0.5
CE_PIECEACTIVITY:0.5408661623743616
CE_KINGPAWNSHIELD:0.4920208953798914
CE_PIECECOORDINATION:0.5520449963558857
CE_MATERIAL:0.4866112135666247
CE_KINGSAFETY:0.5136918988995792
C_PIECESQUARETABLES:0.5
C_MOBILITY:0.5675540359712444
C_KINGSAFETY:0.5140028043592272
C_PAWNSTRUCTURE:0.4787155741928437
C_PIECECOORDINATION:0.5131890247621108
C_ROOKANDPAWNMOVEMENT:0.5131890247621108
C_CENTERCONTROL:0.508980453162482
C_DEVELOPPIECES:0.5157724497451844
C_MATERIAL:0.5248201026946616
C_MOVECOUNT:0.5
