ELO:940
CE_PASSEDPAWNS:0.48832485690877575
CE_PAWNWEAKNESSES:0.4631779030305901
CE_PIECEACTIVITY:0.5189224386453258
CE_KINGPAWNSHIELD:0.5188281146900067
CE_PIECECOORDINATION:0.5015804983556433
CE_MATERIAL:0.4789317164811656
CE_KINGSAFETY:0.4915251372721778
C_PIECESQUARETABLES:0.4936360063850175
C_MOBILITY:0.47303992828901115
C_KINGSAFETY:0.46175361111948543
C_PAWNSTRUCTURE:0.5130710543333462
C_PIECECOORDINATION:0.5060161166598909
C_ROOKANDPAWNMOVEMENT:0.5060161166598909
C_CENTERCONTROL:0.5215224845692072
C_DEVELOPPIECES:0.4904883826271304
C_MATERIAL:0.5168632053539739
C_MOVECOUNT:0.5
