ELO:944
CE_PASSEDPAWNS:0.48246293202598906
CE_PAWNWEAKNESSES:0.4705338215252443
CE_PIECEACTIVITY:0.5049937711479624
CE_KINGPAWNSHIELD:0.48014558745851416
CE_PIECECOORDINATION:0.4986426735734486
CE_MATERIAL:0.5008515225805549
CE_KINGSAFETY:0.5050829475085281
C_PIECESQUARETABLES:0.4443967138420004
C_MOBILITY:0.49896429214417504
C_KINGSAFETY:0.4902807775479206
C_PAWNSTRUCTURE:0.49855933487249526
C_PIECECOORDINATION:0.5066006491806216
C_ROOKANDPAWNMOVEMENT:0.5066006491806216
C_CENTERCONTROL:0.5038863622144473
C_DEVELOPPIECES:0.4668291507061428
C_MATERIAL:0.44558357749244115
C_MOVECOUNT:0.5
