ELO:934
CE_PASSEDPAWNS:0.5080956505987032
CE_PAWNWEAKNESSES:0.5957135332280021
CE_PIECEACTIVITY:0.5240201621199382
CE_KINGPAWNSHIELD:0.420790375269351
CE_PIECECOORDINATION:0.5025620513724282
CE_MATERIAL:0.4957120443358391
CE_KINGSAFETY:0.4969401154657761
C_PIECESQUARETABLES:0.5230092166532957
C_MOBILITY:0.4490954660873554
C_KINGSAFETY:0.46953423003650857
C_PAWNSTRUCTURE:0.5240210177382263
C_PIECECOORDINATION:0.5997248978650583
C_ROOKANDPAWNMOVEMENT:0.5997248978650583
C_CENTERCONTROL:0.6014449526197245
C_DEVELOPPIECES:0.5271348904218693
C_MATERIAL:0.45794510590671167
