ELO:971
CE_PASSEDPAWNS:0.4285605288256311
CE_PAWNWEAKNESSES:0.4998990929535101
CE_PIECEACTIVITY:0.4998635291805223
CE_KINGPAWNSHIELD:0.5256527529480799
CE_PIECECOORDINATION:0.4666030378922451
CE_MATERIAL:0.3890783464551235
CE_KINGSAFETY:0.47936276925591975
C_PIECESQUARETABLES:0.4917473261862882
C_MOBILITY:0.5227805972711806
C_KINGSAFETY:0.46564530646342256
C_PAWNSTRUCTURE:0.5013075949872623
C_PIECECOORDINATION:0.4035803327256366
C_ROOKANDPAWNMOVEMENT:0.4035803327256366
C_CENTERCONTROL:0.5074808186266522
C_DEVELOPPIECES:0.49068128170374226
C_MATERIAL:0.4737254068769132
