ELO:971
CE_PASSEDPAWNS:0.5187271122316105
CE_PAWNWEAKNESSES:0.4909587603725444
CE_PIECEACTIVITY:0.5
CE_KINGPAWNSHIELD:0.4881782932492924
CE_PIECECOORDINATION:0.5
CE_MATERIAL:0.4848753044360902
CE_KINGSAFETY:0.48886244444764765
C_PIECESQUARETABLES:0.4811587243204699
C_MOBILITY:0.5085426731514554
C_KINGSAFETY:0.5159288510737919
C_PAWNSTRUCTURE:0.4897976544358235
C_PIECECOORDINATION:0.49140340164032664
C_ROOKANDPAWNMOVEMENT:0.49140340164032664
C_CENTERCONTROL:0.495833402215894
C_DEVELOPPIECES:0.4934800244868775
C_MATERIAL:0.48683827733080337
C_MOVECOUNT:0.5231279194516398
