ELO:989
CE_PASSEDPAWNS:0.357852410637948
CE_PAWNWEAKNESSES:0.5178249280703376
CE_PIECEACTIVITY:0.5594978002495871
CE_KINGPAWNSHIELD:0.47955866018633947
CE_PIECECOORDINATION:0.4655190433506069
CE_MATERIAL:0.500795034579466
CE_KINGSAFETY:0.5
C_PIECESQUARETABLES:0.5081683139368248
C_MOBILITY:0.5092729710059382
C_KINGSAFETY:0.5514725301461534
C_PAWNSTRUCTURE:0.3187136004451169
C_PIECECOORDINATION:0.44148264229268025
C_ROOKANDPAWNMOVEMENT:0.44148264229268025
C_CENTERCONTROL:0.35666151852408656
C_DEVELOPPIECES:0.4847642723234413
C_MATERIAL:0.695175374751217
