ELO:1000
CE_PASSEDPAWNS:0.4973017373691129
CE_PAWNWEAKNESSES:0.4909219309467478
CE_PIECEACTIVITY:0.4811059939488802
CE_KINGPAWNSHIELD:0.5
CE_PIECECOORDINATION:0.5092392464639507
CE_MATERIAL:0.48982262802612064
CE_KINGSAFETY:0.5005027131868497
C_PIECESQUARETABLES:0.48832410076760563
C_MOBILITY:0.5
C_KINGSAFETY:0.5122460059457684
C_PAWNSTRUCTURE:0.5040554785166453
C_PIECECOORDINATION:0.4983399805553676
C_ROOK:0.5
CE_ROOK:0.5051212195443603
C_CENTERCONTROL:0.48923720845340296
C_DEVELOPPIECES:0.5040306823431135
C_MATERIAL:0.5105859388686506
C_MOVECOUNT:0.504468928826624
C_PAWNMOVEMENT:0.5
