ELO:1000
CE_PASSEDPAWNS:0.504933585021432
CE_PAWNWEAKNESSES:0.5079172074161135
CE_PIECEACTIVITY:0.5160717595537476
CE_KINGPAWNSHIELD:0.5
CE_PIECECOORDINATION:0.49980794774896153
CE_MATERIAL:0.5
CE_KINGSAFETY:0.5
C_PIECESQUARETABLES:0.4979868528817642
C_MOBILITY:0.5
C_KINGSAFETY:0.5
C_PAWNSTRUCTURE:0.5
C_PIECECOORDINATION:0.4922914644356952
C_ROOKANDPAWNMOVEMENT:0.4922914644356952
C_CENTERCONTROL:0.4954503695931876
C_DEVELOPPIECES:0.5110374505478589
C_MATERIAL:0.5
