ELO:953
CE_PASSEDPAWNS:0.37238757173747933
CE_PAWNWEAKNESSES:0.5258001179999098
CE_PIECEACTIVITY:0.5121637413174742
CE_KINGPAWNSHIELD:0.5289730086553424
CE_PIECECOORDINATION:0.4410875255577391
CE_MATERIAL:0.37410898536118314
CE_KINGSAFETY:0.4990738989509907
C_PIECESQUARETABLES:0.5107796579363703
C_MOBILITY:0.5311571940761178
C_KINGSAFETY:0.47779381076607397
C_PAWNSTRUCTURE:0.4749149601733479
C_PIECECOORDINATION:0.40842709353854545
C_ROOKANDPAWNMOVEMENT:0.40842709353854545
C_CENTERCONTROL:0.5057491765066408
C_DEVELOPPIECES:0.487303647789385
C_MATERIAL:0.48395454949239003
