ELO:989
CE_PASSEDPAWNS:0.35142449348486904
CE_PAWNWEAKNESSES:0.5121473780722481
CE_PIECEACTIVITY:0.5554262495471158
CE_KINGPAWNSHIELD:0.4766789687208074
CE_PIECECOORDINATION:0.4648210317570732
CE_MATERIAL:0.5183607800283718
CE_KINGSAFETY:0.5086470746318587
C_PIECESQUARETABLES:0.5066262079562549
C_MOBILITY:0.5001465408952577
C_KINGSAFETY:0.5514725301461534
C_PAWNSTRUCTURE:0.3187136004451169
C_PIECECOORDINATION:0.4544519337360201
C_ROOKANDPAWNMOVEMENT:0.4544519337360201
C_CENTERCONTROL:0.35666151852408656
C_DEVELOPPIECES:0.48526643501506994
C_MATERIAL:0.6831609430951221
