ELO:1009
CE_PASSEDPAWNS:0.6163850091986482
CE_PAWNWEAKNESSES:0.49821626034775185
CE_PIECEACTIVITY:0.49326626209396074
CE_KINGPAWNSHIELD:0.4949465909845866
CE_PIECECOORDINATION:0.4757284084983251
CE_MATERIAL:0.4406852001756263
CE_KINGSAFETY:0.5086228024274138
C_PIECESQUARETABLES:0.5044676673401549
C_MOBILITY:0.421910275049218
C_KINGSAFETY:0.5207147588891513
C_PAWNSTRUCTURE:0.39869423391554615
C_PIECECOORDINATION:0.4854435605427127
C_ROOKANDPAWNMOVEMENT:0.4854435605427127
C_CENTERCONTROL:0.5431900874852559
C_DEVELOPPIECES:0.5910678397439184
C_MATERIAL:0.4295163342349636
