ELO:988
CE_PASSEDPAWNS:0.3704297705600193
CE_PAWNWEAKNESSES:0.5180682689066284
CE_PIECEACTIVITY:0.5554262495471158
CE_KINGPAWNSHIELD:0.46362032754271126
CE_PIECECOORDINATION:0.46544225017118723
CE_MATERIAL:0.5125313430690898
CE_KINGSAFETY:0.49541221057183527
C_PIECESQUARETABLES:0.5
C_MOBILITY:0.5065966121900184
C_KINGSAFETY:0.5594239720260957
C_PAWNSTRUCTURE:0.3187136004451169
C_PIECECOORDINATION:0.4403003920223475
C_ROOKANDPAWNMOVEMENT:0.4403003920223475
C_CENTERCONTROL:0.34814896783355537
C_DEVELOPPIECES:0.4888398211619442
C_MATERIAL:0.695175374751217
