ELO:914
CE_PASSEDPAWNS:0.4973261944517813
CE_PAWNWEAKNESSES:0.5158692302093796
CE_PIECEACTIVITY:0.43880206077120437
CE_KINGPAWNSHIELD:0.5325613898526518
CE_PIECECOORDINATION:0.4653925039891027
CE_MATERIAL:0.5196224108107188
CE_KINGSAFETY:0.4876012156405438
C_PIECESQUARETABLES:0.5086962548541692
C_MOBILITY:0.49321676842391393
C_KINGSAFETY:0.5149610398554769
C_PAWNSTRUCTURE:0.4469447255844456
C_PIECECOORDINATION:0.4938248237441917
C_ROOK:0.5449687675214835
CE_ROOK:0.5081908700477327
C_CENTERCONTROL:0.5122096112339303
C_DEVELOPPIECES:0.4501775907733162
C_MATERIAL:0.48736433368144494
C_MOVECOUNT:0.48982535945868305
C_PAWNMOVEMENT:0.5235612919772878
