ELO:962
CE_PASSEDPAWNS:0.5098822744606127
CE_PAWNWEAKNESSES:0.5777436250886081
CE_PIECEACTIVITY:0.5572907829950536
CE_KINGPAWNSHIELD:0.4640190482376401
CE_PIECECOORDINATION:0.513330023096613
CE_MATERIAL:0.4839397941682485
CE_KINGSAFETY:0.46681004146057564
C_PIECESQUARETABLES:0.4785572126951442
C_MOBILITY:0.44918027898183116
C_KINGSAFETY:0.5236865329147271
C_PAWNSTRUCTURE:0.5403500668861602
C_PIECECOORDINATION:0.5900112242732114
C_ROOKANDPAWNMOVEMENT:0.5900112242732114
C_CENTERCONTROL:0.5920507474781881
C_DEVELOPPIECES:0.5582280436015442
C_MATERIAL:0.4276180768922141
