ELO:956
CE_PASSEDPAWNS:0.3349946979821744
CE_PAWNWEAKNESSES:0.48020261060034836
CE_PIECEACTIVITY:0.4482425510879742
CE_KINGPAWNSHIELD:0.45604229283813374
CE_PIECECOORDINATION:0.40123920882806186
CE_MATERIAL:0.30812049844241624
CE_KINGSAFETY:0.5434254828745491
C_PIECESQUARETABLES:0.5276078935345028
C_MOBILITY:0.5787094758994806
C_KINGSAFETY:0.4975715058620313
C_PAWNSTRUCTURE:0.44643847971004463
C_PIECECOORDINATION:0.44029160134890233
C_ROOKANDPAWNMOVEMENT:0.44029160134890233
C_CENTERCONTROL:0.5112770528935088
C_DEVELOPPIECES:0.43296192107216247
C_MATERIAL:0.543177862439298
