ELO:969
CE_PASSEDPAWNS:0.42817850447639594
CE_PAWNWEAKNESSES:0.5211425337370248
CE_PIECEACTIVITY:0.5080760113446827
CE_KINGPAWNSHIELD:0.5384196124420053
CE_PIECECOORDINATION:0.4643818201181867
CE_MATERIAL:0.3972826717090265
CE_KINGSAFETY:0.4721055560452613
C_PIECESQUARETABLES:0.4936625861790167
C_MOBILITY:0.5137238862825098
C_KINGSAFETY:0.474624695069624
C_PAWNSTRUCTURE:0.5217180707300231
C_PIECECOORDINATION:0.4057291013146084
C_ROOKANDPAWNMOVEMENT:0.4057291013146084
C_CENTERCONTROL:0.5100803699062082
C_DEVELOPPIECES:0.4985848522614286
C_MATERIAL:0.48830569609971397
