ELO:958
CE_PASSEDPAWNS:0.4978421854341242
CE_PAWNWEAKNESSES:0.463642383988033
CE_PIECEACTIVITY:0.4317548387758986
CE_KINGPAWNSHIELD:0.489030628480287
CE_PIECECOORDINATION:0.5060176341588235
CE_MATERIAL:0.4803257402463465
CE_KINGSAFETY:0.5
C_PIECESQUARETABLES:0.498763118558396
C_MOBILITY:0.5299603126368017
C_KINGSAFETY:0.5011274575177406
C_PAWNSTRUCTURE:0.5377093550316974
C_PIECECOORDINATION:0.5012275895100645
C_ROOK:0.5280141747960888
CE_ROOK:0.47720243864021195
C_CENTERCONTROL:0.5145782800585686
C_DEVELOPPIECES:0.4741882015338459
C_MATERIAL:0.5456639123555903
C_MOVECOUNT:0.5112336523789746
C_PAWNMOVEMENT:0.5155273977070867
