ELO:991
CE_PASSEDPAWNS:0.4973185724258157
CE_PAWNWEAKNESSES:0.5237211382140625
CE_PIECEACTIVITY:0.49881032118141144
CE_KINGPAWNSHIELD:0.4938285619725491
CE_PIECECOORDINATION:0.5016740512387599
CE_MATERIAL:0.5043907298459133
CE_KINGSAFETY:0.5024842901851814
C_PIECESQUARETABLES:0.5
C_MOBILITY:0.49423215646611324
C_KINGSAFETY:0.499464389076321
C_PAWNSTRUCTURE:0.5108639740472316
C_PIECECOORDINATION:0.5077458402662602
C_ROOKANDPAWNMOVEMENT:0.5077458402662602
C_CENTERCONTROL:0.49898722925906497
C_DEVELOPPIECES:0.5104140898968266
C_MATERIAL:0.5
C_MOVECOUNT:0.5
