ELO:929
CE_PASSEDPAWNS:0.4973261944517813
CE_PAWNWEAKNESSES:0.5258306042416798
CE_PIECEACTIVITY:0.4363489724238637
CE_KINGPAWNSHIELD:0.5331001535377671
CE_PIECECOORDINATION:0.45671506028888675
CE_MATERIAL:0.5262174479902775
CE_KINGSAFETY:0.5
C_PIECESQUARETABLES:0.5164666899021452
C_MOBILITY:0.487576067393932
C_KINGSAFETY:0.5149610398554769
C_PAWNSTRUCTURE:0.4367960767756699
C_PIECECOORDINATION:0.5105351487946594
C_ROOK:0.5449687675214835
CE_ROOK:0.5025537594740744
C_CENTERCONTROL:0.5050467636103256
C_DEVELOPPIECES:0.4614058920216679
C_MATERIAL:0.48736433368144494
C_MOVECOUNT:0.4783263510460623
C_PAWNMOVEMENT:0.5113663269291306
