ELO:1000
CE_PASSEDPAWNS:0.4977745445374953
CE_PAWNWEAKNESSES:0.48477381690274735
CE_PIECEACTIVITY:0.46894039972323964
CE_KINGPAWNSHIELD:0.5001115590584112
CE_PIECECOORDINATION:0.5006940076294004
CE_MATERIAL:0.5022834087846041
CE_KINGSAFETY:0.5074284465807569
C_PIECESQUARETABLES:0.5
C_MOBILITY:0.5066281528486111
C_KINGSAFETY:0.5211058268539057
C_PAWNSTRUCTURE:0.5011172636425429
C_PIECECOORDINATION:0.49333999446366694
C_ROOK:0.5
CE_ROOK:0.5051212195443603
C_CENTERCONTROL:0.48923720845340296
C_DEVELOPPIECES:0.493970996750641
C_MATERIAL:0.5105859388686506
C_MOVECOUNT:0.5038834757158528
C_PAWNMOVEMENT:0.4938344577154492
