ELO:957
CE_PASSEDPAWNS:0.48936087955615765
CE_PAWNWEAKNESSES:0.5995847809097624
CE_PIECEACTIVITY:0.5393502910993561
CE_KINGPAWNSHIELD:0.5518665891034171
CE_PIECECOORDINATION:0.44663394312296895
CE_MATERIAL:0.548564368780168
CE_KINGSAFETY:0.5
C_PIECESQUARETABLES:0.5
C_MOBILITY:0.5536451948000349
C_KINGSAFETY:0.44079707471318985
C_PAWNSTRUCTURE:0.41946826156804584
C_PIECECOORDINATION:0.5999716532573657
C_ROOKANDPAWNMOVEMENT:0.5999716532573657
C_CENTERCONTROL:0.42114295796177303
C_DEVELOPPIECES:0.38486751856559076
C_MATERIAL:0.6045653229399606
