ELO:1010
CE_PASSEDPAWNS:0.4967396397470185
CE_PAWNWEAKNESSES:0.5
CE_PIECEACTIVITY:0.5058666518111795
CE_KINGPAWNSHIELD:0.5008809519743683
CE_PIECECOORDINATION:0.5
CE_MATERIAL:0.5025180102711587
CE_KINGSAFETY:0.495960494410644
C_PIECESQUARETABLES:0.500683256046752
C_MOBILITY:0.5071328733809051
C_KINGSAFETY:0.5
C_PAWNSTRUCTURE:0.493354890253882
C_PIECECOORDINATION:0.5
C_ROOKANDPAWNMOVEMENT:0.5
C_CENTERCONTROL:0.4835189913304939
C_DEVELOPPIECES:0.5
C_MATERIAL:0.5
