ELO:964
CE_PASSEDPAWNS:0.49242581013645026
CE_PAWNWEAKNESSES:0.4658766270611773
CE_PIECEACTIVITY:0.42027240564263074
CE_KINGPAWNSHIELD:0.4963099288799084
CE_PIECECOORDINATION:0.5060176341588235
CE_MATERIAL:0.4763717955746964
CE_KINGSAFETY:0.5
C_PIECESQUARETABLES:0.5
C_MOBILITY:0.5423692736745864
C_KINGSAFETY:0.5068321411100972
C_PAWNSTRUCTURE:0.5377093550316974
C_PIECECOORDINATION:0.5003869208513618
C_ROOK:0.5280141747960888
CE_ROOK:0.4713968484833899
C_CENTERCONTROL:0.5233529241366394
C_DEVELOPPIECES:0.4812791224231944
C_MATERIAL:0.5456639123555903
C_MOVECOUNT:0.5173747193311806
C_PAWNMOVEMENT:0.5079455842444253
