ELO:992
CE_PASSEDPAWNS:0.4959058937910297
CE_PAWNWEAKNESSES:0.49315918254776714
CE_PIECEACTIVITY:0.49310023522609175
CE_KINGPAWNSHIELD:0.5038070625731775
CE_PIECECOORDINATION:0.4885948723356082
CE_MATERIAL:0.4940872351877741
CE_KINGSAFETY:0.5088011281223072
C_PIECESQUARETABLES:0.5091503195652138
C_MOBILITY:0.4905054651759759
C_KINGSAFETY:0.491202816808646
C_PAWNSTRUCTURE:0.48664361398194567
C_PIECECOORDINATION:0.5199096686102147
C_ROOKANDPAWNMOVEMENT:0.5199096686102147
C_CENTERCONTROL:0.5024326115094737
C_DEVELOPPIECES:0.49350798136204804
C_MATERIAL:0.5106783152345367
C_MOVECOUNT:0.5
