ELO:983
CE_PASSEDPAWNS:0.49069744319681424
CE_PAWNWEAKNESSES:0.4659343363156588
CE_PIECEACTIVITY:0.482274952626979
CE_KINGPAWNSHIELD:0.49878198439779947
CE_PIECECOORDINATION:0.5005057570590103
CE_MATERIAL:0.5004278157921456
CE_KINGSAFETY:0.5133797617025676
C_PIECESQUARETABLES:0.49144820698740027
C_MOBILITY:0.4895382879243676
C_KINGSAFETY:0.5312698861050844
C_PAWNSTRUCTURE:0.4960586271436154
C_PIECECOORDINATION:0.4963393002813527
C_ROOKANDPAWNMOVEMENT:0.4963393002813527
C_CENTERCONTROL:0.4688988065778658
C_DEVELOPPIECES:0.5072124370178982
C_MATERIAL:0.5033246144468452
C_MOVECOUNT:0.4994500681780235
