ELO:846
CE_PASSEDPAWNS:0.44639747640262917
CE_PAWNWEAKNESSES:0.43784580814330065
CE_PIECEACTIVITY:0.5324865391858385
CE_KINGPAWNSHIELD:0.5161803194876969
CE_PIECECOORDINATION:0.46542015540145054
CE_MATERIAL:0.5
CE_KINGSAFETY:0.5
C_PIECESQUARETABLES:0.49984633094479314
C_MOBILITY:0.3197106798914746
C_KINGSAFETY:0.5759398977255347
C_PAWNSTRUCTURE:0.5781332785139575
C_PIECECOORDINATION:0.5370816556478091
C_ROOKANDPAWNMOVEMENT:0.5370816556478091
C_CENTERCONTROL:0.43849013878852067
C_DEVELOPPIECES:0.6411075870296021
C_MATERIAL:0.571402139221985
C_MOVECOUNT:0.46085052629072226
