ELO:893
CE_PASSEDPAWNS:0.5210998884256535
CE_PAWNWEAKNESSES:0.5166989014182167
CE_PIECEACTIVITY:0.4745667482387172
CE_KINGPAWNSHIELD:0.49237458674923973
CE_PIECECOORDINATION:0.4676159964115156
CE_MATERIAL:0.5191254011649206
CE_KINGSAFETY:0.4951759287738175
C_PIECESQUARETABLES:0.5
C_MOBILITY:0.49508935692342976
C_KINGSAFETY:0.4697794862420161
C_PAWNSTRUCTURE:0.4789237014280175
C_PIECECOORDINATION:0.48891668673787986
C_ROOKANDPAWNMOVEMENT:0.48891668673787986
C_CENTERCONTROL:0.5303004583799706
C_DEVELOPPIECES:0.5324831339949359
C_MATERIAL:0.48711290137432595
C_MOVECOUNT:0.5083322256534019
