ELO:960
CE_PASSEDPAWNS:0.4740882248213879
CE_PAWNWEAKNESSES:0.463178939121825
CE_PIECEACTIVITY:0.5034316117588009
CE_KINGPAWNSHIELD:0.5178241447024676
CE_PIECECOORDINATION:0.4924804073680268
CE_MATERIAL:0.47112178068261384
CE_KINGSAFETY:0.4992724067893283
C_PIECESQUARETABLES:0.4719054245156149
C_MOBILITY:0.47889496030391865
C_KINGSAFETY:0.4874204350204479
C_PAWNSTRUCTURE:0.5260897614773526
C_PIECECOORDINATION:0.5052207544651564
C_ROOKANDPAWNMOVEMENT:0.5052207544651564
C_CENTERCONTROL:0.48994339075785637
C_DEVELOPPIECES:0.48125582553060703
C_MATERIAL:0.520456227372658
C_MOVECOUNT:0.5
