ELO:937
CE_PASSEDPAWNS:0.49356411930796756
CE_PAWNWEAKNESSES:0.49028299429315325
CE_PIECEACTIVITY:0.49085112234634426
CE_KINGPAWNSHIELD:0.49116286558144834
CE_PIECECOORDINATION:0.5057328149679482
CE_MATERIAL:0.507196205507159
CE_KINGSAFETY:0.47937805450248
C_PIECESQUARETABLES:0.5
C_MOBILITY:0.47674749360648244
C_KINGSAFETY:0.5222474791952358
C_PAWNSTRUCTURE:0.5
C_PIECECOORDINATION:0.5280424987353793
C_ROOKANDPAWNMOVEMENT:0.5280424987353793
C_CENTERCONTROL:0.49905570154559764
C_DEVELOPPIECES:0.5173523277464682
C_MATERIAL:0.4837474120209392
C_MOVECOUNT:0.4405461665780884
