ELO:996
CE_PASSEDPAWNS:0.5085692729416814
CE_PAWNWEAKNESSES:0.46440965337554424
CE_PIECEACTIVITY:0.4694785673600599
CE_KINGPAWNSHIELD:0.5031378947283466
CE_PIECECOORDINATION:0.49121806386177946
CE_MATERIAL:0.5158361792287355
CE_KINGSAFETY:0.4954149556440475
C_PIECESQUARETABLES:0.49499171176920853
C_MOBILITY:0.5079513414697621
C_KINGSAFETY:0.5219182707754875
C_PAWNSTRUCTURE:0.5011172636425429
C_PIECECOORDINATION:0.49333999446366694
C_ROOK:0.5
CE_ROOK:0.4930368365752634
C_CENTERCONTROL:0.4925379488422995
C_DEVELOPPIECES:0.4857242265973825
C_MATERIAL:0.5039279421404903
C_MOVECOUNT:0.5094127736916846
C_PAWNMOVEMENT:0.5016198352554095
