ELO:1000
CE_PASSEDPAWNS:0.4627563290669388
CE_PAWNWEAKNESSES:0.4977013373789972
CE_PIECEACTIVITY:0.5000169934765538
CE_KINGPAWNSHIELD:0.4758367182229625
CE_PIECECOORDINATION:0.46739379407276366
CE_MATERIAL:0.4556171806986425
CE_KINGSAFETY:0.5086932817604106
C_PIECESQUARETABLES:0.5083331028876454
C_MOBILITY:0.512992399079215
C_KINGSAFETY:0.4622888087793739
C_PAWNSTRUCTURE:0.4986863269933933
C_PIECECOORDINATION:0.48382377603679155
C_ROOKANDPAWNMOVEMENT:0.48382377603679155
C_CENTERCONTROL:0.5131542823897302
C_DEVELOPPIECES:0.5083805722087953
C_MATERIAL:0.4650294526845998
