ELO:981
CE_PASSEDPAWNS:0.5168723886520297
CE_PAWNWEAKNESSES:0.576999216890732
CE_PIECEACTIVITY:0.5414616139396727
CE_KINGPAWNSHIELD:0.4576147738999672
CE_PIECECOORDINATION:0.5183593100537892
CE_MATERIAL:0.4592311102820481
CE_KINGSAFETY:0.5006284144321216
C_PIECESQUARETABLES:0.49336604888890523
C_MOBILITY:0.494203217717214
C_KINGSAFETY:0.47270379690912967
C_PAWNSTRUCTURE:0.5639069042456231
C_PIECECOORDINATION:0.6204340397060785
C_ROOKANDPAWNMOVEMENT:0.6204340397060785
C_CENTERCONTROL:0.5504652688202613
C_DEVELOPPIECES:0.5306766919096196
C_MATERIAL:0.44782368609059614
