ELO:972
CE_PASSEDPAWNS:0.5189250871191238
CE_PAWNWEAKNESSES:0.5888599263743789
CE_PIECEACTIVITY:0.5583356747993792
CE_KINGPAWNSHIELD:0.4708431374361351
CE_PIECECOORDINATION:0.5037281080292415
CE_MATERIAL:0.45112312766529045
CE_KINGSAFETY:0.4766216150428644
C_PIECESQUARETABLES:0.4927196864971367
C_MOBILITY:0.48080814796806504
C_KINGSAFETY:0.4848590301635195
C_PAWNSTRUCTURE:0.5619509263964001
C_PIECECOORDINATION:0.6184018939938911
C_ROOKANDPAWNMOVEMENT:0.6184018939938911
C_CENTERCONTROL:0.5942065749729364
C_DEVELOPPIECES:0.5375004698329593
C_MATERIAL:0.43410547584391734
