ELO:1000
CE_PASSEDPAWNS:0.49302566071074844
CE_PAWNWEAKNESSES:0.5001565528815356
CE_PIECEACTIVITY:0.4928095594307567
CE_KINGPAWNSHIELD:0.5094225996569786
CE_PIECECOORDINATION:0.48469940695879926
CE_MATERIAL:0.49537025188992156
CE_KINGSAFETY:0.5169408322312944
C_PIECESQUARETABLES:0.5108536870951806
C_MOBILITY:0.4947250710534154
C_KINGSAFETY:0.5028386623343098
C_PAWNSTRUCTURE:0.5131104754287846
C_PIECECOORDINATION:0.507418348885697
C_ROOKANDPAWNMOVEMENT:0.507418348885697
C_CENTERCONTROL:0.5009601007358798
C_DEVELOPPIECES:0.509577690723675
C_MATERIAL:0.5060508668977705
