ELO:844
CE_PASSEDPAWNS:0.4925433152584377
CE_PAWNWEAKNESSES:0.4778247063975502
CE_PIECEACTIVITY:0.5190915207183731
CE_KINGPAWNSHIELD:0.5055332815797537
CE_PIECECOORDINATION:0.49804593257248203
CE_MATERIAL:0.5251417133081581
CE_KINGSAFETY:0.47433425814812774
C_PIECESQUARETABLES:0.5181823811510751
C_MOBILITY:0.4795932871494401
C_KINGSAFETY:0.507412715605538
C_PAWNSTRUCTURE:0.4929956578663057
C_PIECECOORDINATION:0.5539937030588487
C_ROOKANDPAWNMOVEMENT:0.5539937030588487
C_CENTERCONTROL:0.48124976567592354
C_DEVELOPPIECES:0.5220753508387771
C_MATERIAL:0.48354101875912736
C_MOVECOUNT:0.46992381258161964
