ELO:981
CE_PASSEDPAWNS:0.5085692729416814
CE_PAWNWEAKNESSES:0.4497255467339638
CE_PIECEACTIVITY:0.46543725408586883
CE_KINGPAWNSHIELD:0.5032031548109474
CE_PIECECOORDINATION:0.4863271289525074
CE_MATERIAL:0.5044224547126683
CE_KINGSAFETY:0.48907706299405024
C_PIECESQUARETABLES:0.48756124425457703
C_MOBILITY:0.511321093711663
C_KINGSAFETY:0.5128255900745337
C_PAWNSTRUCTURE:0.5065635210101594
C_PIECECOORDINATION:0.4828237545601933
C_ROOK:0.4953131645119267
CE_ROOK:0.48957407153091675
C_CENTERCONTROL:0.5112999173789856
C_DEVELOPPIECES:0.48462470787700945
C_MATERIAL:0.5039279421404903
C_MOVECOUNT:0.5094127736916846
C_PAWNMOVEMENT:0.5042120663685717
