ELO:974
CE_PASSEDPAWNS:0.48588577419506007
CE_PAWNWEAKNESSES:0.4862383868624316
CE_PIECEACTIVITY:0.5034607434110091
CE_KINGPAWNSHIELD:0.49065642239378043
CE_PIECECOORDINATION:0.5097304676821383
CE_MATERIAL:0.4868150065437329
CE_KINGSAFETY:0.5089863343637742
C_PIECESQUARETABLES:0.49518009499466636
C_MOBILITY:0.476688430164568
C_KINGSAFETY:0.4800548729405293
C_PAWNSTRUCTURE:0.49272669587237516
C_PIECECOORDINATION:0.5187793074124888
C_ROOK:0.5106538347593904
CE_ROOK:0.5103944188857151
C_CENTERCONTROL:0.5
C_DEVELOPPIECES:0.4974180997629374
C_MATERIAL:0.5023947558455671
C_MOVECOUNT:0.5015168499881087
C_PAWNMOVEMENT:0.5085391986989697
