ELO:971
CE_PASSEDPAWNS:0.49987583229779997
CE_PAWNWEAKNESSES:0.47406687394688574
CE_PIECEACTIVITY:0.5
CE_KINGPAWNSHIELD:0.5063724408477795
CE_PIECECOORDINATION:0.5155373729421421
CE_MATERIAL:0.4346116110684678
CE_KINGSAFETY:0.5406317021432137
C_PIECESQUARETABLES:0.5
C_MOBILITY:0.4952352527065514
C_KINGSAFETY:0.5414301144465846
C_PAWNSTRUCTURE:0.5402429035349409
C_PIECECOORDINATION:0.5
C_ROOKANDPAWNMOVEMENT:0.5
C_CENTERCONTROL:0.5
C_DEVELOPPIECES:0.49594186963912834
C_MATERIAL:0.5233590172822098
C_MOVECOUNT:0.5
