ELO:937
CE_PASSEDPAWNS:0.34901226360522347
CE_PAWNWEAKNESSES:0.5138946099618568
CE_PIECEACTIVITY:0.5175571134382306
CE_KINGPAWNSHIELD:0.5166583293354099
CE_PIECECOORDINATION:0.4317674392989062
CE_MATERIAL:0.318623014246829
CE_KINGSAFETY:0.46559518330185273
C_PIECESQUARETABLES:0.45431993559086464
C_MOBILITY:0.5487056188442165
C_KINGSAFETY:0.4837183445808869
C_PAWNSTRUCTURE:0.470975077137028
C_PIECECOORDINATION:0.4147764740977617
C_ROOKANDPAWNMOVEMENT:0.4147764740977617
C_CENTERCONTROL:0.4917874927495071
C_DEVELOPPIECES:0.46946461429951714
C_MATERIAL:0.5294341567149903
