ELO:829
CE_PASSEDPAWNS:0.467520941681351
CE_PAWNWEAKNESSES:0.4395615339677979
CE_PIECEACTIVITY:0.5492613881162951
CE_KINGPAWNSHIELD:0.48792602134273566
CE_PIECECOORDINATION:0.5564986706063458
CE_MATERIAL:0.487749639694192
CE_KINGSAFETY:0.5
C_PIECESQUARETABLES:0.4786584548477063
C_MOBILITY:0.6283005913460247
C_KINGSAFETY:0.4721167538264628
C_PAWNSTRUCTURE:0.49677837792812624
C_PIECECOORDINATION:0.5121845322641888
C_ROOKANDPAWNMOVEMENT:0.5121845322641888
C_CENTERCONTROL:0.4104475753354633
C_DEVELOPPIECES:0.40249673737409386
C_MATERIAL:0.5285069895830812
C_MOVECOUNT:0.49255427487048165
