ELO:949
CE_PASSEDPAWNS:0.5083826229450811
CE_PAWNWEAKNESSES:0.45540364854498366
CE_PIECEACTIVITY:0.44061075288431506
CE_KINGPAWNSHIELD:0.5097757698622318
CE_PIECECOORDINATION:0.49432310095595716
CE_MATERIAL:0.4847188718798726
CE_KINGSAFETY:0.5078894319275781
C_PIECESQUARETABLES:0.5069460546208174
C_MOBILITY:0.5235709784368606
C_KINGSAFETY:0.5095640772918559
C_PAWNSTRUCTURE:0.522538769198194
C_PIECECOORDINATION:0.507769925559549
C_ROOK:0.5172794802551444
CE_ROOK:0.501496429790411
C_CENTERCONTROL:0.5085868400941793
C_DEVELOPPIECES:0.4761046953308152
C_MATERIAL:0.5143974227240216
C_MOVECOUNT:0.505458781085136
C_PAWNMOVEMENT:0.5155273977070867
