ELO:945
CE_PASSEDPAWNS:0.5273309991874364
CE_PAWNWEAKNESSES:0.6049320522026301
CE_PIECEACTIVITY:0.5417954313718454
CE_KINGPAWNSHIELD:0.45666626752226014
CE_PIECECOORDINATION:0.49777877800529474
CE_MATERIAL:0.47412587289814473
CE_KINGSAFETY:0.4926374315081732
C_PIECESQUARETABLES:0.5087585596640545
C_MOBILITY:0.42737244221894205
C_KINGSAFETY:0.48016426876947244
C_PAWNSTRUCTURE:0.5533332436230737
C_PIECECOORDINATION:0.6135381933290875
C_ROOKANDPAWNMOVEMENT:0.6135381933290875
C_CENTERCONTROL:0.5933882297627899
C_DEVELOPPIECES:0.5194559010986354
C_MATERIAL:0.4217774044278782
