ELO:1000
CE_PASSEDPAWNS:0.5148928700612851
CE_PAWNWEAKNESSES:0.4988233001548606
CE_PIECEACTIVITY:0.48407389534782774
CE_KINGPAWNSHIELD:0.4834396113007347
CE_PIECECOORDINATION:0.5145253847484039
CE_MATERIAL:0.506991010143878
CE_KINGSAFETY:0.4850248454805113
C_PIECESQUARETABLES:0.4911632757378801
C_MOBILITY:0.5058188828831544
C_KINGSAFETY:0.46957365027822856
C_PAWNSTRUCTURE:0.5028102061294123
C_PIECECOORDINATION:0.49378648540804443
C_ROOKANDPAWNMOVEMENT:0.49378648540804443
C_CENTERCONTROL:0.49660581510424806
C_DEVELOPPIECES:0.5288401842902467
C_MATERIAL:0.4860998645045214
