ELO:994
CE_PASSEDPAWNS:0.41499225218398755
CE_PAWNWEAKNESSES:0.4449176979510626
CE_PIECEACTIVITY:0.5989710207483733
CE_KINGPAWNSHIELD:0.49138622779521224
CE_PIECECOORDINATION:0.532691344258474
CE_MATERIAL:0.49790962154373225
CE_KINGSAFETY:0.4541704478877345
C_PIECESQUARETABLES:0.5333114149175545
C_MOBILITY:0.5926746721608825
C_KINGSAFETY:0.5202866898197915
C_PAWNSTRUCTURE:0.5268921990292897
C_PIECECOORDINATION:0.5556856238484833
C_ROOKANDPAWNMOVEMENT:0.5556856238484833
C_CENTERCONTROL:0.47861697439238793
C_DEVELOPPIECES:0.4725698550021297
C_MATERIAL:0.6466627684671102
