ELO:717
CE_PASSEDPAWNS:0.5481214414222182
CE_PAWNWEAKNESSES:0.43248393346164965
CE_PIECEACTIVITY:0.45475143939829377
CE_KINGPAWNSHIELD:0.5483886722501694
CE_PIECECOORDINATION:0.44281603450229073
CE_MATERIAL:0.4424994833138974
CE_KINGSAFETY:0.45425423484849303
C_PIECESQUARETABLES:0.4779406810521316
C_MOBILITY:0.44758987806467565
C_KINGSAFETY:0.5068053499899157
C_PAWNSTRUCTURE:0.4275463936123043
C_PIECECOORDINATION:0.5212549569270789
C_ROOKANDPAWNMOVEMENT:0.5212549569270789
C_CENTERCONTROL:0.454982807259728
C_DEVELOPPIECES:0.48842588411947147
C_MATERIAL:0.47307728365838186
C_MOVECOUNT:0.5
