ELO:1021
CE_PASSEDPAWNS:0.5
CE_PAWNWEAKNESSES:0.5
CE_PIECEACTIVITY:0.5079342136453202
CE_KINGPAWNSHIELD:0.5037646659966074
CE_PIECECOORDINATION:0.4970437103121356
CE_MATERIAL:0.5
CE_KINGSAFETY:0.5
C_PIECESQUARETABLES:0.4970209374557018
C_MOBILITY:0.5114074977280486
C_KINGSAFETY:0.5
C_PAWNSTRUCTURE:0.5
C_PIECECOORDINATION:0.500766735796482
C_ROOKANDPAWNMOVEMENT:0.500766735796482
C_CENTERCONTROL:0.5072070209533227
C_DEVELOPPIECES:0.5098269092652232
C_MATERIAL:0.5020834781634381
C_MOVECOUNT:0.5106013003355834
