ELO:951
CE_PASSEDPAWNS:0.47040664814287875
CE_PAWNWEAKNESSES:0.4096031059888792
CE_PIECEACTIVITY:0.47645029163739316
CE_KINGPAWNSHIELD:0.4647480015329105
CE_PIECECOORDINATION:0.46411563463068684
CE_MATERIAL:0.4991520959580801
CE_KINGSAFETY:0.49519531162685054
C_PIECESQUARETABLES:0.47485015701592886
C_MOBILITY:0.5507820300756036
C_KINGSAFETY:0.5677542519415918
C_PAWNSTRUCTURE:0.529267989012702
C_PIECECOORDINATION:0.4735314230246001
C_ROOKANDPAWNMOVEMENT:0.4735314230246001
C_CENTERCONTROL:0.519706091914507
C_DEVELOPPIECES:0.5539916422320829
C_MATERIAL:0.5202055896689521
