ELO:954
CE_PASSEDPAWNS:0.49226697706258393
CE_PAWNWEAKNESSES:0.4640603614121696
CE_PIECEACTIVITY:0.5017174327322741
CE_KINGPAWNSHIELD:0.5049677748615083
CE_PIECECOORDINATION:0.49955275472458205
CE_MATERIAL:0.476766236817052
CE_KINGSAFETY:0.5
C_PIECESQUARETABLES:0.4959652441635603
C_MOBILITY:0.5085335202291681
C_KINGSAFETY:0.48885001973549114
C_PAWNSTRUCTURE:0.494155044136494
C_PIECECOORDINATION:0.5142098635315514
C_ROOK:0.5273285216865158
CE_ROOK:0.4892579502875851
C_CENTERCONTROL:0.488420753874488
C_DEVELOPPIECES:0.48126200313720746
C_MATERIAL:0.5309021746184369
C_MOVECOUNT:0.5078613434265548
C_PAWNMOVEMENT:0.4805323011001022
