ELO:1000
CE_PASSEDPAWNS:0.488353377758678
CE_PAWNWEAKNESSES:0.4733521728436972
CE_PIECEACTIVITY:0.46793549337917534
CE_KINGPAWNSHIELD:0.5029002766439318
CE_PIECECOORDINATION:0.5193978195396928
CE_MATERIAL:0.487512219831588
CE_KINGSAFETY:0.5
C_PIECESQUARETABLES:0.492678181527888
C_MOBILITY:0.503688860075099
C_KINGSAFETY:0.5217210554836663
C_PAWNSTRUCTURE:0.5515688691629468
C_PIECECOORDINATION:0.5239664046281531
C_ROOKANDPAWNMOVEMENT:0.5239664046281531
C_CENTERCONTROL:0.45990316518771934
C_DEVELOPPIECES:0.4459358895085737
C_MATERIAL:0.4861447418067024
