ELO:946
CE_PASSEDPAWNS:0.5117160982092405
CE_PAWNWEAKNESSES:0.4672002985657826
CE_PIECEACTIVITY:0.4994707078214563
CE_KINGPAWNSHIELD:0.5031953095960104
CE_PIECECOORDINATION:0.495448059371397
CE_MATERIAL:0.4924801705731931
CE_KINGSAFETY:0.5
C_PIECESQUARETABLES:0.5
C_MOBILITY:0.5062301727420442
C_KINGSAFETY:0.4902388960651197
C_PAWNSTRUCTURE:0.5051080077871618
C_PIECECOORDINATION:0.46868953944470143
C_ROOK:0.5154570059701821
CE_ROOK:0.5082347588084482
C_CENTERCONTROL:0.48777507216553684
C_DEVELOPPIECES:0.4966008086372321
C_MATERIAL:0.538847786219942
C_MOVECOUNT:0.4933365242890531
C_PAWNMOVEMENT:0.4885065860744841
