ELO:1030
CE_PASSEDPAWNS:0.5
CE_PAWNWEAKNESSES:0.4964886139308291
CE_PIECEACTIVITY:0.5077183852040708
CE_KINGPAWNSHIELD:0.5
CE_PIECECOORDINATION:0.5
CE_MATERIAL:0.5
CE_KINGSAFETY:0.5001459941088592
C_PIECESQUARETABLES:0.5
C_MOBILITY:0.49851544666896636
C_KINGSAFETY:0.49479302285051424
C_PAWNSTRUCTURE:0.5
C_PIECECOORDINATION:0.48825813163637394
C_ROOKANDPAWNMOVEMENT:0.48825813163637394
C_CENTERCONTROL:0.48263804344356853
C_DEVELOPPIECES:0.5
C_MATERIAL:0.4916828004570706
C_MOVECOUNT:0.5
