ELO:935
CE_PASSEDPAWNS:0.5126556935484837
CE_PAWNWEAKNESSES:0.4534827098710975
CE_PIECEACTIVITY:0.4994707078214563
CE_KINGPAWNSHIELD:0.5031953095960104
CE_PIECECOORDINATION:0.495448059371397
CE_MATERIAL:0.4924801705731931
CE_KINGSAFETY:0.5112673090548296
C_PIECESQUARETABLES:0.5086167638101189
C_MOBILITY:0.5062301727420442
C_KINGSAFETY:0.4902388960651197
C_PAWNSTRUCTURE:0.5051080077871618
C_PIECECOORDINATION:0.4804942598981586
C_ROOK:0.5154570059701821
CE_ROOK:0.4977025634240066
C_CENTERCONTROL:0.47842391267393897
C_DEVELOPPIECES:0.4966008086372321
C_MATERIAL:0.538847786219942
C_MOVECOUNT:0.4889077739138165
C_PAWNMOVEMENT:0.4885065860744841
