ELO:1004
CE_PASSEDPAWNS:0.5919205913624057
CE_PAWNWEAKNESSES:0.5146621937675512
CE_PIECEACTIVITY:0.5012179171933829
CE_KINGPAWNSHIELD:0.4832293390357422
CE_PIECECOORDINATION:0.45729261643741903
CE_MATERIAL:0.4762198773548614
CE_KINGSAFETY:0.491237588521936
C_PIECESQUARETABLES:0.4480183341291782
C_MOBILITY:0.4127098718901016
C_KINGSAFETY:0.5195047591131521
C_PAWNSTRUCTURE:0.3871878157855205
C_PIECECOORDINATION:0.4374463978736216
C_ROOKANDPAWNMOVEMENT:0.4374463978736216
C_CENTERCONTROL:0.4838189005252377
C_DEVELOPPIECES:0.5837603250777212
C_MATERIAL:0.434286384345817
