ELO:989
CE_PASSEDPAWNS:0.3840798788151422
CE_PAWNWEAKNESSES:0.5066394448446077
CE_PIECEACTIVITY:0.555288741520255
CE_KINGPAWNSHIELD:0.4807935375185014
CE_PIECECOORDINATION:0.46842657173084346
CE_MATERIAL:0.5183607800283718
CE_KINGSAFETY:0.5
C_PIECESQUARETABLES:0.5081683139368248
C_MOBILITY:0.4893547349590596
C_KINGSAFETY:0.5566481939487343
C_PAWNSTRUCTURE:0.32659486032772983
C_PIECECOORDINATION:0.4413681314581794
C_ROOKANDPAWNMOVEMENT:0.4413681314581794
C_CENTERCONTROL:0.35666151852408656
C_DEVELOPPIECES:0.4847642723234413
C_MATERIAL:0.6800879891110154
