ELO:1011
CE_PASSEDPAWNS:0.5023765535296474
CE_PAWNWEAKNESSES:0.5108632946292677
CE_PIECEACTIVITY:0.5
CE_KINGPAWNSHIELD:0.5
CE_PIECECOORDINATION:0.5158741047257878
CE_MATERIAL:0.4998350203462597
CE_KINGSAFETY:0.47477430151464756
C_PIECESQUARETABLES:0.5093805900825004
C_MOBILITY:0.49462944873655057
C_KINGSAFETY:0.4947313143182619
C_PAWNSTRUCTURE:0.4895539107489417
C_PIECECOORDINATION:0.5
C_ROOKANDPAWNMOVEMENT:0.5
C_CENTERCONTROL:0.4929669259042418
C_DEVELOPPIECES:0.5
C_MATERIAL:0.5
