ELO:974
CE_PASSEDPAWNS:0.5058160243039114
CE_PAWNWEAKNESSES:0.4891570629394984
CE_PIECEACTIVITY:0.5118723369870943
CE_KINGPAWNSHIELD:0.5097202542496206
CE_PIECECOORDINATION:0.5006977742809849
CE_MATERIAL:0.5003860738941973
CE_KINGSAFETY:0.4925873773061133
C_PIECESQUARETABLES:0.5
C_MOBILITY:0.5036365475531639
C_KINGSAFETY:0.5075774207195871
C_PAWNSTRUCTURE:0.4829174898554899
C_PIECECOORDINATION:0.4910864583944116
C_ROOK:0.5132369960130913
CE_ROOK:0.5
C_CENTERCONTROL:0.49056030018378005
C_DEVELOPPIECES:0.49568036571166907
C_MATERIAL:0.4999230449130479
C_MOVECOUNT:0.4776969814192052
C_PAWNMOVEMENT:0.49666684805688194
