ELO:988
CE_PASSEDPAWNS:0.4594517092727178
CE_PAWNWEAKNESSES:0.4525516454811766
CE_PIECEACTIVITY:0.5056898756375249
CE_KINGPAWNSHIELD:0.485630710680274
CE_PIECECOORDINATION:0.47481748667872303
CE_MATERIAL:0.4802339305183131
CE_KINGSAFETY:0.5161827478386989
C_PIECESQUARETABLES:0.504086810886151
C_MOBILITY:0.5234474230571279
C_KINGSAFETY:0.5059016887293974
C_PAWNSTRUCTURE:0.517832164007521
C_PIECECOORDINATION:0.4570260838316384
C_ROOKANDPAWNMOVEMENT:0.4570260838316384
C_CENTERCONTROL:0.5256311520511703
C_DEVELOPPIECES:0.5515420215569532
C_MATERIAL:0.5259139385334034
