ELO:1041
CE_PASSEDPAWNS:0.5210035801756262
CE_PAWNWEAKNESSES:0.5
CE_PIECEACTIVITY:0.5079342136453202
CE_KINGPAWNSHIELD:0.5037646659966074
CE_PIECECOORDINATION:0.5028172490620074
CE_MATERIAL:0.49066941419142346
CE_KINGSAFETY:0.5
C_PIECESQUARETABLES:0.5
C_MOBILITY:0.4889189061567958
C_KINGSAFETY:0.5
C_PAWNSTRUCTURE:0.5031194796229609
C_PIECECOORDINATION:0.5
C_ROOKANDPAWNMOVEMENT:0.5
C_CENTERCONTROL:0.5
C_DEVELOPPIECES:0.5082994302233823
C_MATERIAL:0.5020834781634381
C_MOVECOUNT:0.5
