ELO:1000
CE_PASSEDPAWNS:0.49434645085815687
CE_PAWNWEAKNESSES:0.4884042463054751
CE_PIECEACTIVITY:0.5
CE_KINGPAWNSHIELD:0.505233114081828
CE_PIECECOORDINATION:0.5043715417637517
CE_MATERIAL:0.5018481389999325
CE_KINGSAFETY:0.5023570070525583
C_PIECESQUARETABLES:0.4940637077603336
C_MOBILITY:0.5023599958794657
C_KINGSAFETY:0.5
C_PAWNSTRUCTURE:0.5049615888874601
C_PIECECOORDINATION:0.5011335399515666
C_ROOKANDPAWNMOVEMENT:0.5011335399515666
C_CENTERCONTROL:0.4869965488379986
C_DEVELOPPIECES:0.4955148870642256
C_MATERIAL:0.4866484591022964
