ELO:972
CE_PASSEDPAWNS:0.5058160243039114
CE_PAWNWEAKNESSES:0.4767142330383564
CE_PIECEACTIVITY:0.5118723369870943
CE_KINGPAWNSHIELD:0.5081549736440272
CE_PIECECOORDINATION:0.495448059371397
CE_MATERIAL:0.5003860738941973
CE_KINGSAFETY:0.4925873773061133
C_PIECESQUARETABLES:0.5066898563187835
C_MOBILITY:0.514844948765985
C_KINGSAFETY:0.510486580657868
C_PAWNSTRUCTURE:0.48435433374708187
C_PIECECOORDINATION:0.48378256928510477
C_ROOK:0.5047857873308479
CE_ROOK:0.4924060125723181
C_CENTERCONTROL:0.49030408712548795
C_DEVELOPPIECES:0.48492252179441664
C_MATERIAL:0.5112219775556952
C_MOVECOUNT:0.4776969814192052
C_PAWNMOVEMENT:0.49666684805688194
