ELO:932
CE_PASSEDPAWNS:0.4617456541758587
CE_PAWNWEAKNESSES:0.5024335434126016
CE_PIECEACTIVITY:0.4901653795935428
CE_KINGPAWNSHIELD:0.4774040005066137
CE_PIECECOORDINATION:0.5204548309585052
CE_MATERIAL:0.5090070726001084
CE_KINGSAFETY:0.4839683377867322
C_PIECESQUARETABLES:0.5155166816622292
C_MOBILITY:0.4891466282616851
C_KINGSAFETY:0.46617502735756644
C_PAWNSTRUCTURE:0.46344064732667145
C_PIECECOORDINATION:0.4986018144766118
C_ROOKANDPAWNMOVEMENT:0.4986018144766118
C_CENTERCONTROL:0.5201120654562088
C_DEVELOPPIECES:0.4892851877809603
C_MATERIAL:0.5244175181688064
C_MOVECOUNT:0.45652987278932794
