ELO:922
CE_PASSEDPAWNS:0.4915820573670449
CE_PAWNWEAKNESSES:0.3951176298621191
CE_PIECEACTIVITY:0.44244597021892257
CE_KINGPAWNSHIELD:0.4661470664079593
CE_PIECECOORDINATION:0.5084665239561276
CE_MATERIAL:0.471329667751482
CE_KINGSAFETY:0.5032084694666096
C_PIECESQUARETABLES:0.4859625964783751
C_MOBILITY:0.5240502762383653
C_KINGSAFETY:0.5854836477005771
C_PAWNSTRUCTURE:0.5671981793338257
C_PIECECOORDINATION:0.4827311934179485
C_ROOKANDPAWNMOVEMENT:0.4827311934179485
C_CENTERCONTROL:0.5273431219045683
C_DEVELOPPIECES:0.5534811523245314
C_MATERIAL:0.5295449782761611
