ELO:997
CE_PASSEDPAWNS:0.5267057837057456
CE_PAWNWEAKNESSES:0.5494901545649928
CE_PIECEACTIVITY:0.5171531788246688
CE_KINGPAWNSHIELD:0.5225738782258724
CE_PIECECOORDINATION:0.5569105248028876
CE_MATERIAL:0.4628158840528706
CE_KINGSAFETY:0.5032304040507698
C_PIECESQUARETABLES:0.4838438605859416
C_MOBILITY:0.47538088543625523
C_KINGSAFETY:0.5055330208290035
C_PAWNSTRUCTURE:0.47645732422427833
C_PIECECOORDINATION:0.487997879158071
C_ROOKANDPAWNMOVEMENT:0.487997879158071
C_CENTERCONTROL:0.461580730578765
C_DEVELOPPIECES:0.5386977334798488
C_MATERIAL:0.4453615620790086
