ELO:1008
CE_PASSEDPAWNS:0.4983409253120569
CE_PAWNWEAKNESSES:0.5
CE_PIECEACTIVITY:0.5105618260863679
CE_KINGPAWNSHIELD:0.5
CE_PIECECOORDINATION:0.5062470059587993
CE_MATERIAL:0.5
CE_KINGSAFETY:0.497675064717816
C_PIECESQUARETABLES:0.4939808433882305
C_MOBILITY:0.5022425771458728
C_KINGSAFETY:0.5070764206434022
C_PAWNSTRUCTURE:0.5
C_PIECECOORDINATION:0.490135665918437
C_ROOKANDPAWNMOVEMENT:0.490135665918437
C_CENTERCONTROL:0.5048867218710521
C_DEVELOPPIECES:0.5
C_MATERIAL:0.5
