ELO:628
CE_PASSEDPAWNS:0.5667442343648028
CE_PAWNWEAKNESSES:0.4386739144404108
CE_PIECEACTIVITY:0.464169639259519
CE_KINGPAWNSHIELD:0.5661254668588583
CE_PIECECOORDINATION:0.44722697221149665
CE_MATERIAL:0.4585004523068843
CE_KINGSAFETY:0.5
C_PIECESQUARETABLES:0.5
C_MOBILITY:0.4692151177675338
C_KINGSAFETY:0.5209802277018365
C_PAWNSTRUCTURE:0.44039055320286424
C_PIECECOORDINATION:0.5113827427095388
C_ROOKANDPAWNMOVEMENT:0.5113827427095388
C_CENTERCONTROL:0.4363629770569192
C_DEVELOPPIECES:0.4698576405002022
C_MATERIAL:0.5128084384376401
C_MOVECOUNT:0.5
