ELO:971
CE_PASSEDPAWNS:0.5161342407072657
CE_PAWNWEAKNESSES:0.38057233103702404
CE_PIECEACTIVITY:0.41665887894299475
CE_KINGPAWNSHIELD:0.48932205965899
CE_PIECECOORDINATION:0.5608493714117594
CE_MATERIAL:0.46801294975510543
CE_KINGSAFETY:0.48214065259687394
C_PIECESQUARETABLES:0.5026014814611667
C_MOBILITY:0.44609977043268967
C_KINGSAFETY:0.48348798205560295
C_PAWNSTRUCTURE:0.5439663070585833
C_PIECECOORDINATION:0.5651983794514045
C_ROOKANDPAWNMOVEMENT:0.5651983794514045
C_CENTERCONTROL:0.35488331713916
C_DEVELOPPIECES:0.4444094323377953
C_MATERIAL:0.6240656082668976
