ELO:936
CE_PASSEDPAWNS:0.5008012137372747
CE_PAWNWEAKNESSES:0.45046761445385636
CE_PIECEACTIVITY:0.48772749806516946
CE_KINGPAWNSHIELD:0.4921110992416378
CE_PIECECOORDINATION:0.5063546538267991
CE_MATERIAL:0.46356599012170874
CE_KINGSAFETY:0.5095311676904071
C_PIECESQUARETABLES:0.5055287952553954
C_MOBILITY:0.4835065717087596
C_KINGSAFETY:0.47291935853772843
C_PAWNSTRUCTURE:0.48879310018504907
C_PIECECOORDINATION:0.5077579883268903
C_ROOK:0.5288007112810961
CE_ROOK:0.5266912172665797
C_CENTERCONTROL:0.48105634458686114
C_DEVELOPPIECES:0.5159151125426424
C_MATERIAL:0.48046490366618466
C_MOVECOUNT:0.4794407361322425
C_PAWNMOVEMENT:0.5124955770113537
