ELO:946
CE_PASSEDPAWNS:0.48929086106697983
CE_PAWNWEAKNESSES:0.4518457682277121
CE_PIECEACTIVITY:0.48772749806516946
CE_KINGPAWNSHIELD:0.4921110992416378
CE_PIECECOORDINATION:0.5063546538267991
CE_MATERIAL:0.45945954160990893
CE_KINGSAFETY:0.5031446670217856
C_PIECESQUARETABLES:0.5023591561459052
C_MOBILITY:0.4835065717087596
C_KINGSAFETY:0.47291935853772843
C_PAWNSTRUCTURE:0.48989067215624754
C_PIECECOORDINATION:0.5077579883268903
C_ROOK:0.515163969980342
CE_ROOK:0.5266912172665797
C_CENTERCONTROL:0.4758342215708252
C_DEVELOPPIECES:0.5095794002525275
C_MATERIAL:0.48046490366618466
C_MOVECOUNT:0.4794407361322425
C_PAWNMOVEMENT:0.5182507611072465
