ELO:1000
CE_PASSEDPAWNS:0.44184204231621993
CE_PAWNWEAKNESSES:0.5261623340652676
CE_PIECEACTIVITY:0.48788661445838283
CE_KINGPAWNSHIELD:0.5747008717833454
CE_PIECECOORDINATION:0.4771391120095231
CE_MATERIAL:0.4827615500786863
CE_KINGSAFETY:0.5220530092581119
C_PIECESQUARETABLES:0.5294917321973219
C_MOBILITY:0.5241003207466467
C_KINGSAFETY:0.5002868960425839
C_PAWNSTRUCTURE:0.5235944199918906
C_PIECECOORDINATION:0.4841872789789896
C_ROOKANDPAWNMOVEMENT:0.4841872789789896
C_CENTERCONTROL:0.5024909277228966
C_DEVELOPPIECES:0.494271964250748
C_MATERIAL:0.45711826279905426
