ELO:1015
CE_PASSEDPAWNS:0.4896438037929484
CE_PAWNWEAKNESSES:0.505517727133431
CE_PIECEACTIVITY:0.5058660253848387
CE_KINGPAWNSHIELD:0.5
CE_PIECECOORDINATION:0.48937941022649356
CE_MATERIAL:0.4722694820400743
CE_KINGSAFETY:0.5
C_PIECESQUARETABLES:0.5
C_MOBILITY:0.5
C_KINGSAFETY:0.5
C_PAWNSTRUCTURE:0.5
C_PIECECOORDINATION:0.4858112760684979
C_ROOKANDPAWNMOVEMENT:0.4858112760684979
C_CENTERCONTROL:0.49276234994260876
C_DEVELOPPIECES:0.4928665967973715
C_MATERIAL:0.5017149659870312
C_MOVECOUNT:0.5
