ELO:904
CE_PASSEDPAWNS:0.49713868358617713
CE_PAWNWEAKNESSES:0.541960406483784
CE_PIECEACTIVITY:0.5034977824822221
CE_KINGPAWNSHIELD:0.5151624540105662
CE_PIECECOORDINATION:0.48195744628862736
CE_MATERIAL:0.5117665646320876
CE_KINGSAFETY:0.5482942153392383
C_PIECESQUARETABLES:0.5400903515232653
C_MOBILITY:0.46901447313639966
C_KINGSAFETY:0.5441554923320336
C_PAWNSTRUCTURE:0.45418418177881636
C_PIECECOORDINATION:0.5678382775525361
C_ROOKANDPAWNMOVEMENT:0.5678382775525361
C_CENTERCONTROL:0.4891024897685127
C_DEVELOPPIECES:0.49797854316403933
C_MATERIAL:0.47306693974115605
C_MOVECOUNT:0.490391875464066
