ELO:943
CE_PASSEDPAWNS:0.49226697706258393
CE_PAWNWEAKNESSES:0.4543828676357798
CE_PIECEACTIVITY:0.49999736779499954
CE_KINGPAWNSHIELD:0.5050820803924984
CE_PIECECOORDINATION:0.4994582307810632
CE_MATERIAL:0.47645452206076067
CE_KINGSAFETY:0.506838726851983
C_PIECESQUARETABLES:0.5
C_MOBILITY:0.5044953222964869
C_KINGSAFETY:0.4929644702282912
C_PAWNSTRUCTURE:0.5038435670640001
C_PIECECOORDINATION:0.5036333211592133
C_ROOK:0.5089926308997765
CE_ROOK:0.490525198737277
C_CENTERCONTROL:0.4695512412809482
C_DEVELOPPIECES:0.501013033531947
C_MATERIAL:0.5491909913298826
C_MOVECOUNT:0.49164931557527747
C_PAWNMOVEMENT:0.4684962613422509
