ELO:1052
CE_PASSEDPAWNS:0.59517682833189
CE_PAWNWEAKNESSES:0.507106831850096
CE_PIECEACTIVITY:0.47234703342559464
CE_KINGPAWNSHIELD:0.49563921089752583
CE_PIECECOORDINATION:0.47609906964890153
CE_MATERIAL:0.45698321779920564
CE_KINGSAFETY:0.5012211792759284
C_PIECESQUARETABLES:0.4859731648537541
C_MOBILITY:0.4092476780451211
C_KINGSAFETY:0.5092442626430931
C_PAWNSTRUCTURE:0.37742361218308185
C_PIECECOORDINATION:0.4583569087595309
C_ROOKANDPAWNMOVEMENT:0.4583569087595309
C_CENTERCONTROL:0.4984970347610003
C_DEVELOPPIECES:0.5857967033314586
C_MATERIAL:0.4219065877871025
