ELO:1000
CE_PASSEDPAWNS:0.4478664694214468
CE_PAWNWEAKNESSES:0.5296334871301406
CE_PIECEACTIVITY:0.4580359250426798
CE_KINGPAWNSHIELD:0.554753517209861
CE_PIECECOORDINATION:0.49324818808284654
CE_MATERIAL:0.48924377884232634
CE_KINGSAFETY:0.5009160886892483
C_PIECESQUARETABLES:0.5294236711182958
C_MOBILITY:0.49809089700841375
C_KINGSAFETY:0.4948598722429556
C_PAWNSTRUCTURE:0.5230050901303179
C_PIECECOORDINATION:0.49239020324278143
C_ROOKANDPAWNMOVEMENT:0.49239020324278143
C_CENTERCONTROL:0.513132863300219
C_DEVELOPPIECES:0.4911510649459389
C_MATERIAL:0.4621197060463107
