ELO:983
CE_PASSEDPAWNS:0.46751046296131415
CE_PAWNWEAKNESSES:0.4163168247197123
CE_PIECEACTIVITY:0.5081839420254582
CE_KINGPAWNSHIELD:0.5005090549466477
CE_PIECECOORDINATION:0.4906896944803936
CE_MATERIAL:0.5227961334623276
CE_KINGSAFETY:0.5112680522434045
C_PIECESQUARETABLES:0.5
C_MOBILITY:0.5104722265916332
C_KINGSAFETY:0.5277422527022453
C_PAWNSTRUCTURE:0.4974756027845925
C_PIECECOORDINATION:0.5901441724814195
C_ROOKANDPAWNMOVEMENT:0.5901441724814195
C_CENTERCONTROL:0.502279403225834
C_DEVELOPPIECES:0.4931218282176906
C_MATERIAL:0.4849711847114942
C_MOVECOUNT:0.5179706222628913
