ELO:958
CE_PASSEDPAWNS:0.5117160982092405
CE_PAWNWEAKNESSES:0.4672002985657826
CE_PIECEACTIVITY:0.5118723369870943
CE_KINGPAWNSHIELD:0.5081549736440272
CE_PIECECOORDINATION:0.495448059371397
CE_MATERIAL:0.4963144690405018
CE_KINGSAFETY:0.48113759490611535
C_PIECESQUARETABLES:0.5044847624694975
C_MOBILITY:0.514844948765985
C_KINGSAFETY:0.4902388960651197
C_PAWNSTRUCTURE:0.5051080077871618
C_PIECECOORDINATION:0.4814381110996322
C_ROOK:0.5038409913133716
CE_ROOK:0.5075023642423756
C_CENTERCONTROL:0.4850395905387136
C_DEVELOPPIECES:0.48492252179441664
C_MATERIAL:0.5319553376963275
C_MOVECOUNT:0.4933365242890531
C_PAWNMOVEMENT:0.49666684805688194
