ELO:957
CE_PASSEDPAWNS:0.4479583727846313
CE_PAWNWEAKNESSES:0.45537778757769026
CE_PIECEACTIVITY:0.4957412514057212
CE_KINGPAWNSHIELD:0.6159250188982481
CE_PIECECOORDINATION:0.6006800022745697
CE_MATERIAL:0.4671761893945341
CE_KINGSAFETY:0.47649287947727215
C_PIECESQUARETABLES:0.5144327355284004
C_MOBILITY:0.5191594898785689
C_KINGSAFETY:0.544252787094937
C_PAWNSTRUCTURE:0.5009124655593462
C_PIECECOORDINATION:0.5497119741944052
C_ROOKANDPAWNMOVEMENT:0.5497119741944052
C_CENTERCONTROL:0.414397451373903
C_DEVELOPPIECES:0.3982111810689022
C_MATERIAL:0.5091963904434365
