ELO:1000
CE_PASSEDPAWNS:0.5075588826835928
CE_PAWNWEAKNESSES:0.5009272790234784
CE_PIECEACTIVITY:0.5041314165839592
CE_KINGPAWNSHIELD:0.4947485950771192
CE_PIECECOORDINATION:0.4979071897385454
CE_MATERIAL:0.5095669218328674
CE_KINGSAFETY:0.4946725629867493
C_PIECESQUARETABLES:0.5122765810354702
C_MOBILITY:0.5
C_KINGSAFETY:0.5
C_PAWNSTRUCTURE:0.49772946754369224
C_PIECECOORDINATION:0.5
C_ROOK:0.5
CE_ROOK:0.5
C_CENTERCONTROL:0.48868367633108906
C_DEVELOPPIECES:0.5
C_MATERIAL:0.5024312754323829
C_MOVECOUNT:0.48857965227504263
C_PAWNMOVEMENT:0.5044166153801203
