ELO:874
CE_PASSEDPAWNS:0.48734467011100424
CE_PAWNWEAKNESSES:0.37568781799123185
CE_PIECEACTIVITY:0.4692138146894663
CE_KINGPAWNSHIELD:0.460117227401176
CE_PIECECOORDINATION:0.4761695800877636
CE_MATERIAL:0.4877558197312951
CE_KINGSAFETY:0.5031658827417095
C_PIECESQUARETABLES:0.47860716137889237
C_MOBILITY:0.5279676489492334
C_KINGSAFETY:0.5992469139583514
C_PAWNSTRUCTURE:0.5567782507555026
C_PIECECOORDINATION:0.46200517131232255
C_ROOKANDPAWNMOVEMENT:0.46200517131232255
C_CENTERCONTROL:0.5245278371614549
C_DEVELOPPIECES:0.5673453743503994
C_MATERIAL:0.536898068795925
