ELO:1000
CE_PASSEDPAWNS:0.5000332445352873
CE_PAWNWEAKNESSES:0.5360319112031964
CE_PIECEACTIVITY:0.5078603942243929
CE_KINGPAWNSHIELD:0.6172676512719543
CE_PIECECOORDINATION:0.49567196953373976
CE_MATERIAL:0.4957504820993389
CE_KINGSAFETY:0.5012599697914567
C_PIECESQUARETABLES:0.530482975777037
C_MOBILITY:0.4948040762070138
C_KINGSAFETY:0.5064178995909215
C_PAWNSTRUCTURE:0.5426142729783053
C_PIECECOORDINATION:0.4839704460026242
C_ROOKANDPAWNMOVEMENT:0.4839704460026242
C_CENTERCONTROL:0.4398181001383415
C_DEVELOPPIECES:0.5285605777052713
C_MATERIAL:0.43188029741601014
