ELO:971
CE_PASSEDPAWNS:0.5145953299107682
CE_PAWNWEAKNESSES:0.46179489984654787
CE_PIECEACTIVITY:0.45324482389218734
CE_KINGPAWNSHIELD:0.5218379005100966
CE_PIECECOORDINATION:0.49955275472458205
CE_MATERIAL:0.46356599012170874
CE_KINGSAFETY:0.5
C_PIECESQUARETABLES:0.5
C_MOBILITY:0.5111131963924497
C_KINGSAFETY:0.4759772390254712
C_PAWNSTRUCTURE:0.4889986992225982
C_PIECECOORDINATION:0.48631968092599936
C_ROOK:0.4977128008582798
CE_ROOK:0.4892579502875851
C_CENTERCONTROL:0.4845676542894654
C_DEVELOPPIECES:0.4841631817848581
C_MATERIAL:0.48046490366618466
C_MOVECOUNT:0.5068167387211567
C_PAWNMOVEMENT:0.46370889459570863
