ELO:940
CE_PASSEDPAWNS:0.43045288038943436
CE_PAWNWEAKNESSES:0.4471267138518828
CE_PIECEACTIVITY:0.5030185361656326
CE_KINGPAWNSHIELD:0.622264207047641
CE_PIECECOORDINATION:0.5571157168396421
CE_MATERIAL:0.4728308896404642
CE_KINGSAFETY:0.5068753764930639
C_PIECESQUARETABLES:0.47375001297782804
C_MOBILITY:0.5271604992399821
C_KINGSAFETY:0.540907948519133
C_PAWNSTRUCTURE:0.49534648124370806
C_PIECECOORDINATION:0.5540830100115899
C_ROOKANDPAWNMOVEMENT:0.5540830100115899
C_CENTERCONTROL:0.4375581931125909
C_DEVELOPPIECES:0.42885554436714113
C_MATERIAL:0.5344807651972858
