ELO:1000
CE_PASSEDPAWNS:0.4921106892259252
CE_PAWNWEAKNESSES:0.5605093522642264
CE_PIECEACTIVITY:0.5004501045987609
CE_KINGPAWNSHIELD:0.6022524551528894
CE_PIECECOORDINATION:0.5098806590517703
CE_MATERIAL:0.5094182597193659
CE_KINGSAFETY:0.5107060385468126
C_PIECESQUARETABLES:0.5
C_MOBILITY:0.49714428576566394
C_KINGSAFETY:0.49654736615643175
C_PAWNSTRUCTURE:0.5139586831063935
C_PIECECOORDINATION:0.4964059642821377
C_ROOKANDPAWNMOVEMENT:0.4964059642821377
C_CENTERCONTROL:0.4550299083624373
C_DEVELOPPIECES:0.5266602812815597
C_MATERIAL:0.47404470190686965
