ELO:645
CE_PASSEDPAWNS:0.5578414545793122
CE_PAWNWEAKNESSES:0.4313122109267706
CE_PIECEACTIVITY:0.46526071557363796
CE_KINGPAWNSHIELD:0.5546648832476484
CE_PIECECOORDINATION:0.4284304216032425
CE_MATERIAL:0.443271475975801
CE_KINGSAFETY:0.4264364402848882
C_PIECESQUARETABLES:0.49671592016552296
C_MOBILITY:0.4560382886493283
C_KINGSAFETY:0.5240881843015096
C_PAWNSTRUCTURE:0.43758635754577574
C_PIECECOORDINATION:0.5212549569270789
C_ROOKANDPAWNMOVEMENT:0.5212549569270789
C_CENTERCONTROL:0.45911992962297404
C_DEVELOPPIECES:0.47764612480018964
C_MATERIAL:0.4884973146137122
C_MOVECOUNT:0.5
