ELO:973
CE_PASSEDPAWNS:0.5856967017783148
CE_PAWNWEAKNESSES:0.4916374314343633
CE_PIECEACTIVITY:0.47139870118688515
CE_KINGPAWNSHIELD:0.4779147392706517
CE_PIECECOORDINATION:0.4690896759621468
CE_MATERIAL:0.46338576059619263
CE_KINGSAFETY:0.5054127392087048
C_PIECESQUARETABLES:0.5069432895230813
C_MOBILITY:0.4197067118609901
C_KINGSAFETY:0.5260857191650089
C_PAWNSTRUCTURE:0.37823576768426254
C_PIECECOORDINATION:0.4341579810952164
C_ROOKANDPAWNMOVEMENT:0.4341579810952164
C_CENTERCONTROL:0.5154355705371335
C_DEVELOPPIECES:0.5714222235927624
C_MATERIAL:0.43834525209985326
