ELO:960
CE_PASSEDPAWNS:0.46732606104768043
CE_PAWNWEAKNESSES:0.4099680516455586
CE_PIECEACTIVITY:0.46676743709780344
CE_KINGPAWNSHIELD:0.4726422102831471
CE_PIECECOORDINATION:0.4758770670550106
CE_MATERIAL:0.46686982799505916
CE_KINGSAFETY:0.4957065996679158
C_PIECESQUARETABLES:0.5
C_MOBILITY:0.5257391309059185
C_KINGSAFETY:0.5231996380473558
C_PAWNSTRUCTURE:0.545925717563412
C_PIECECOORDINATION:0.4486387733023847
C_ROOKANDPAWNMOVEMENT:0.4486387733023847
C_CENTERCONTROL:0.5352575846416074
C_DEVELOPPIECES:0.5791839235145007
C_MATERIAL:0.5283538739562972
