ELO:744
CE_PASSEDPAWNS:0.5411912241595432
CE_PAWNWEAKNESSES:0.4365099080564019
CE_PIECEACTIVITY:0.47031239697190397
CE_KINGPAWNSHIELD:0.5483886722501694
CE_PIECECOORDINATION:0.45873558850447366
CE_MATERIAL:0.44654979066194966
CE_KINGSAFETY:0.46713450147163943
C_PIECESQUARETABLES:0.5124671189298872
C_MOBILITY:0.4580301934340604
C_KINGSAFETY:0.4854072933548141
C_PAWNSTRUCTURE:0.4154086420038839
C_PIECECOORDINATION:0.501158485857481
C_ROOKANDPAWNMOVEMENT:0.501158485857481
C_CENTERCONTROL:0.48592431906243955
C_DEVELOPPIECES:0.48380423253681254
C_MATERIAL:0.4801170620456251
C_MOVECOUNT:0.5
