ELO:908
CE_PASSEDPAWNS:0.5043865687060536
CE_PAWNWEAKNESSES:0.41547880099584544
CE_PIECEACTIVITY:0.48857313801225843
CE_KINGPAWNSHIELD:0.5195140612839441
CE_PIECECOORDINATION:0.47059894372417166
CE_MATERIAL:0.45945954160990893
CE_KINGSAFETY:0.4839756308447941
C_PIECESQUARETABLES:0.5002356410474424
C_MOBILITY:0.4792954373841843
C_KINGSAFETY:0.4774069714347423
C_PAWNSTRUCTURE:0.5190782301149767
C_PIECECOORDINATION:0.5003365071159941
C_ROOK:0.5071415158508666
CE_ROOK:0.5273575001120485
C_CENTERCONTROL:0.47912271998450706
C_DEVELOPPIECES:0.4904798567577192
C_MATERIAL:0.48554685063720116
C_MOVECOUNT:0.4627998580779962
C_PAWNMOVEMENT:0.5038459281942601
