ELO:991
CE_PASSEDPAWNS:0.5037622335659763
CE_PAWNWEAKNESSES:0.49983711524572116
CE_PIECEACTIVITY:0.5018488656546725
CE_KINGPAWNSHIELD:0.5078890619213068
CE_PIECECOORDINATION:0.5091545638270116
CE_MATERIAL:0.48066489914090227
CE_KINGSAFETY:0.5
C_PIECESQUARETABLES:0.5
C_MOBILITY:0.5228731936647756
C_KINGSAFETY:0.5095251662542821
C_PAWNSTRUCTURE:0.4960586271436154
C_PIECECOORDINATION:0.5
C_ROOKANDPAWNMOVEMENT:0.5
C_CENTERCONTROL:0.5004395543579273
C_DEVELOPPIECES:0.5072124370178982
C_MATERIAL:0.5152841741004512
C_MOVECOUNT:0.4876842521540512
