ELO:1102
CE_PASSEDPAWNS:0.6095671976031406
CE_PAWNWEAKNESSES:0.48295845246755603
CE_PIECEACTIVITY:0.49725974254381466
CE_KINGPAWNSHIELD:0.4959169943322601
CE_PIECECOORDINATION:0.4709534659777365
CE_MATERIAL:0.4564755924257264
CE_KINGSAFETY:0.523895675929736
C_PIECESQUARETABLES:0.5191914259453725
C_MOBILITY:0.3858081092432142
C_KINGSAFETY:0.5048808728853794
C_PAWNSTRUCTURE:0.45451904074853583
C_PIECECOORDINATION:0.4739683106861218
C_ROOKANDPAWNMOVEMENT:0.4739683106861218
C_CENTERCONTROL:0.4841770516721406
C_DEVELOPPIECES:0.5642402229732891
C_MATERIAL:0.4073474203952967
