ELO:980
CE_PASSEDPAWNS:0.5042801996293209
CE_PAWNWEAKNESSES:0.5457605560129776
CE_PIECEACTIVITY:0.4757783875851698
CE_KINGPAWNSHIELD:0.48507307653764387
CE_PIECECOORDINATION:0.505732022319787
CE_MATERIAL:0.4088710254779606
CE_KINGSAFETY:0.44000445170341634
C_PIECESQUARETABLES:0.5215824670783208
C_MOBILITY:0.472768710678778
C_KINGSAFETY:0.4909869779936224
C_PAWNSTRUCTURE:0.4543530316650537
C_PIECECOORDINATION:0.4146145040428317
C_ROOKANDPAWNMOVEMENT:0.4146145040428317
C_CENTERCONTROL:0.43437097835187
C_DEVELOPPIECES:0.4950157989294613
C_MATERIAL:0.5433610989099866
