ELO:1000
CE_PASSEDPAWNS:0.48908217533614223
CE_PAWNWEAKNESSES:0.5311563972695913
CE_PIECEACTIVITY:0.533246275588781
CE_KINGPAWNSHIELD:0.49953012585241546
CE_PIECECOORDINATION:0.5056215406395995
CE_MATERIAL:0.4752265427055274
CE_KINGSAFETY:0.44981686582190117
C_PIECESQUARETABLES:0.5163798918835388
C_MOBILITY:0.4980793006471639
C_KINGSAFETY:0.5385631925634927
C_PAWNSTRUCTURE:0.5017087220396698
C_PIECECOORDINATION:0.5228379163348554
C_ROOKANDPAWNMOVEMENT:0.5228379163348554
C_CENTERCONTROL:0.488041920731275
C_DEVELOPPIECES:0.5411514093799145
C_MATERIAL:0.5153415744163705
