ELO:869
CE_PASSEDPAWNS:0.44741806334905937
CE_PAWNWEAKNESSES:0.47074771294112355
CE_PIECEACTIVITY:0.4885865973430954
CE_KINGPAWNSHIELD:0.49768657899929686
CE_PIECECOORDINATION:0.5278448014893932
CE_MATERIAL:0.5234933757873382
CE_KINGSAFETY:0.5090300757791054
C_PIECESQUARETABLES:0.49230989917568324
C_MOBILITY:0.45762899343836777
C_KINGSAFETY:0.4959066063628339
C_PAWNSTRUCTURE:0.5635681081704064
C_PIECECOORDINATION:0.3984962985032019
C_ROOKANDPAWNMOVEMENT:0.3984962985032019
C_CENTERCONTROL:0.5414358013243159
C_DEVELOPPIECES:0.6350421166210937
C_MATERIAL:0.47431336435107757
C_MOVECOUNT:0.5
