ELO:1040
CE_PASSEDPAWNS:0.5
CE_PAWNWEAKNESSES:0.5011569131639104
CE_PIECEACTIVITY:0.494533736603784
CE_KINGPAWNSHIELD:0.5116964707824162
CE_PIECECOORDINATION:0.5003919295851156
CE_MATERIAL:0.519385051143042
CE_KINGSAFETY:0.4763933110265223
C_PIECESQUARETABLES:0.5117512867475912
C_MOBILITY:0.5000355068431511
C_KINGSAFETY:0.4931421764808167
C_PAWNSTRUCTURE:0.48998480372348974
C_PIECECOORDINATION:0.5
C_ROOKANDPAWNMOVEMENT:0.5
C_CENTERCONTROL:0.4985088224501454
C_DEVELOPPIECES:0.5064277505877933
C_MATERIAL:0.5124213569084247
