ELO:912
CE_PASSEDPAWNS:0.536273674849755
CE_PAWNWEAKNESSES:0.4948381022052683
CE_PIECEACTIVITY:0.4716225769411709
CE_KINGPAWNSHIELD:0.5388637566391559
CE_PIECECOORDINATION:0.5216739807589034
CE_MATERIAL:0.47531173189416676
CE_KINGSAFETY:0.4967200028294481
C_PIECESQUARETABLES:0.5088799847306539
C_MOBILITY:0.4808130548346384
C_KINGSAFETY:0.5141582333328844
C_PAWNSTRUCTURE:0.45691314458417814
C_PIECECOORDINATION:0.4978905509241386
C_ROOKANDPAWNMOVEMENT:0.4978905509241386
C_CENTERCONTROL:0.4721218229466324
C_DEVELOPPIECES:0.46595349229922906
C_MATERIAL:0.5348868913104778
C_MOVECOUNT:0.5372822045196202
