ELO:979
CE_PASSEDPAWNS:0.48377716582515573
CE_PAWNWEAKNESSES:0.5201746833123253
CE_PIECEACTIVITY:0.49124779481402364
CE_KINGPAWNSHIELD:0.49689181679334143
CE_PIECECOORDINATION:0.4949789680898057
CE_MATERIAL:0.4988842575427378
CE_KINGSAFETY:0.5036815992081707
C_PIECESQUARETABLES:0.49485564118328484
C_MOBILITY:0.46705468082608703
C_KINGSAFETY:0.5093146019808907
C_PAWNSTRUCTURE:0.4940345722226701
C_PIECECOORDINATION:0.5073422850269733
C_ROOKANDPAWNMOVEMENT:0.5073422850269733
C_CENTERCONTROL:0.4802679305039462
C_DEVELOPPIECES:0.5167827428950044
C_MATERIAL:0.48013528725317733
C_MOVECOUNT:0.4993599333330086
