ELO:997
CE_PASSEDPAWNS:0.4782232400437105
CE_PAWNWEAKNESSES:0.4927593041232731
CE_PIECEACTIVITY:0.484274515332123
CE_KINGPAWNSHIELD:0.5048922828365123
CE_PIECECOORDINATION:0.4969944948038176
CE_MATERIAL:0.4915050019035248
CE_KINGSAFETY:0.4987626056292416
C_PIECESQUARETABLES:0.5046713548288114
C_MOBILITY:0.4993059124175823
C_KINGSAFETY:0.49927572217029104
C_PAWNSTRUCTURE:0.4918442369136964
C_PIECECOORDINATION:0.4862665570631619
C_ROOKANDPAWNMOVEMENT:0.4862665570631619
C_CENTERCONTROL:0.49227103407608813
C_DEVELOPPIECES:0.5
C_MATERIAL:0.5056251577605024
C_MOVECOUNT:0.5
