ELO:714
CE_PASSEDPAWNS:0.5692018785640641
CE_PAWNWEAKNESSES:0.5867390956482958
CE_PIECEACTIVITY:0.4827013119650831
CE_KINGPAWNSHIELD:0.4606656697661584
CE_PIECECOORDINATION:0.45100465162091613
CE_MATERIAL:0.43416139568248135
CE_KINGSAFETY:0.5145794430630848
C_PIECESQUARETABLES:0.5207251372120639
C_MOBILITY:0.4583049050034706
C_KINGSAFETY:0.480492696096293
C_PAWNSTRUCTURE:0.5053807859205842
C_PIECECOORDINATION:0.5169744281715232
C_ROOKANDPAWNMOVEMENT:0.5169744281715232
C_CENTERCONTROL:0.4995764235425879
C_DEVELOPPIECES:0.488010760980185
C_MATERIAL:0.5689394581760098
C_MOVECOUNT:0.5308908742415003
