ELO:884
CE_PASSEDPAWNS:0.4785961415184174
CE_PAWNWEAKNESSES:0.45743555179261286
CE_PIECEACTIVITY:0.5136579723386868
CE_KINGPAWNSHIELD:0.5940089896883806
CE_PIECECOORDINATION:0.5297884616061465
CE_MATERIAL:0.4708155562319712
CE_KINGSAFETY:0.5154128751758295
C_PIECESQUARETABLES:0.563565845953886
C_MOBILITY:0.4552176823156374
C_KINGSAFETY:0.47610410960710164
C_PAWNSTRUCTURE:0.4625256121213617
C_PIECECOORDINATION:0.5051240059105581
C_ROOKANDPAWNMOVEMENT:0.5051240059105581
C_CENTERCONTROL:0.49311095287279516
C_DEVELOPPIECES:0.5048069733922697
C_MATERIAL:0.4918157404863646
C_MOVECOUNT:0.5
