ELO:1004
CE_PASSEDPAWNS:0.5119163474223835
CE_PAWNWEAKNESSES:0.5139622705426979
CE_PIECEACTIVITY:0.5
CE_KINGPAWNSHIELD:0.4587986589116196
CE_PIECECOORDINATION:0.495109891750447
CE_MATERIAL:0.49880129611191265
CE_KINGSAFETY:0.4958133499451798
C_PIECESQUARETABLES:0.4963347968787853
C_MOBILITY:0.5147322309375126
C_KINGSAFETY:0.49569700384994914
C_PAWNSTRUCTURE:0.5036053422710413
C_PIECECOORDINATION:0.5154950548738796
C_ROOK:0.5122610865936642
CE_ROOK:0.488436761010283
C_CENTERCONTROL:0.499855487373515
C_DEVELOPPIECES:0.5153235584359971
C_MATERIAL:0.48509585717386206
C_MOVECOUNT:0.4946673841597642
C_PAWNMOVEMENT:0.5227675931145104
