ELO:1000
CE_PASSEDPAWNS:0.48750215000425656
CE_PAWNWEAKNESSES:0.5124539619923506
CE_PIECEACTIVITY:0.5202346766661752
CE_KINGPAWNSHIELD:0.49080589465511437
CE_PIECECOORDINATION:0.4961541743250055
CE_MATERIAL:0.47667273314912467
CE_KINGSAFETY:0.5010686132521113
C_PIECESQUARETABLES:0.5279521930368413
C_MOBILITY:0.5093550528520177
C_KINGSAFETY:0.5157614042526766
C_PAWNSTRUCTURE:0.5121431503149665
C_PIECECOORDINATION:0.5027861196133734
C_ROOKANDPAWNMOVEMENT:0.5027861196133734
C_CENTERCONTROL:0.5215122140608214
C_DEVELOPPIECES:0.5003707836231863
C_MATERIAL:0.5045618892623029
