ELO:928
CE_PASSEDPAWNS:0.5459098233347813
CE_PAWNWEAKNESSES:0.5220398497686051
CE_PIECEACTIVITY:0.4909255230390436
CE_KINGPAWNSHIELD:0.5148652720313674
CE_PIECECOORDINATION:0.49474797424075817
CE_MATERIAL:0.4876350852170095
CE_KINGSAFETY:0.44088418962995496
C_PIECESQUARETABLES:0.5051781005760724
C_MOBILITY:0.45701488017086617
C_KINGSAFETY:0.46338159140459173
C_PAWNSTRUCTURE:0.50512839282704
C_PIECECOORDINATION:0.475514606949435
C_ROOK:0.524998622894169
CE_ROOK:0.48643823314421586
C_CENTERCONTROL:0.4852226379225601
C_DEVELOPPIECES:0.4923245476878969
C_MATERIAL:0.4670900044862471
C_MOVECOUNT:0.5294231350304218
C_PAWNMOVEMENT:0.5070642733112218
