ELO:872
CE_PASSEDPAWNS:0.5094933079990986
CE_PAWNWEAKNESSES:0.5540993216903081
CE_PIECEACTIVITY:0.47113351143335447
CE_KINGPAWNSHIELD:0.42924328219114405
CE_PIECECOORDINATION:0.46601313849892484
CE_MATERIAL:0.47723269987214917
CE_KINGSAFETY:0.49163583851708836
C_PIECESQUARETABLES:0.5195354411174656
C_MOBILITY:0.4590292820636077
C_KINGSAFETY:0.4881119597142759
C_PAWNSTRUCTURE:0.39462820445457036
C_PIECECOORDINATION:0.3202903741455592
C_ROOKANDPAWNMOVEMENT:0.3202903741455592
C_CENTERCONTROL:0.3914251153337531
C_DEVELOPPIECES:0.5250366782094611
C_MATERIAL:0.5192954530514003
