ELO:963
CE_PASSEDPAWNS:0.517536791844659
CE_PAWNWEAKNESSES:0.5235340272354135
CE_PIECEACTIVITY:0.530161118838558
CE_KINGPAWNSHIELD:0.4297608205038179
CE_PIECECOORDINATION:0.46580236964510124
CE_MATERIAL:0.49880129611191265
CE_KINGSAFETY:0.5
C_PIECESQUARETABLES:0.5
C_MOBILITY:0.5086153680023489
C_KINGSAFETY:0.4618876944562923
C_PAWNSTRUCTURE:0.5036347238524799
C_PIECECOORDINATION:0.4995119208882879
C_ROOK:0.513723325991749
CE_ROOK:0.49047380578675753
C_CENTERCONTROL:0.49602320041736386
C_DEVELOPPIECES:0.5498151137680317
C_MATERIAL:0.4906545632166492
C_MOVECOUNT:0.49255076868655895
C_PAWNMOVEMENT:0.4780469929725497
