ELO:816
CE_PASSEDPAWNS:0.5540206024312391
CE_PAWNWEAKNESSES:0.4442560850767553
CE_PIECEACTIVITY:0.49297034089791303
CE_KINGPAWNSHIELD:0.5834794984047075
CE_PIECECOORDINATION:0.4070246058300669
CE_MATERIAL:0.5171806446931584
CE_KINGSAFETY:0.5024691795308979
C_PIECESQUARETABLES:0.5079706633136948
C_MOBILITY:0.4921455216042929
C_KINGSAFETY:0.5152747889927808
C_PAWNSTRUCTURE:0.5342800053607224
C_PIECECOORDINATION:0.4943651161351077
C_ROOKANDPAWNMOVEMENT:0.4943651161351077
C_CENTERCONTROL:0.5494982032649287
C_DEVELOPPIECES:0.4213786600457384
C_MATERIAL:0.5738394620147094
C_MOVECOUNT:0.49791436374060394
