ELO:867
CE_PASSEDPAWNS:0.5453740335685757
CE_PAWNWEAKNESSES:0.4436812254623832
CE_PIECEACTIVITY:0.49823799356812076
CE_KINGPAWNSHIELD:0.5507201154125093
CE_PIECECOORDINATION:0.4288659493118123
CE_MATERIAL:0.500444705993111
CE_KINGSAFETY:0.5118042939438107
C_PIECESQUARETABLES:0.5007246159688133
C_MOBILITY:0.526131272012804
C_KINGSAFETY:0.5316351999649127
C_PAWNSTRUCTURE:0.5507577834946021
C_PIECECOORDINATION:0.49899079125002643
C_ROOKANDPAWNMOVEMENT:0.49899079125002643
C_CENTERCONTROL:0.5531288867316996
C_DEVELOPPIECES:0.4288427379036352
C_MATERIAL:0.5792697775480677
C_MOVECOUNT:0.5142597869275286
