ELO:971
CE_PASSEDPAWNS:0.5259773438956025
CE_PAWNWEAKNESSES:0.5004440861275085
CE_PIECEACTIVITY:0.5122639082421792
CE_KINGPAWNSHIELD:0.4250241681641683
CE_PIECECOORDINATION:0.4770456061209389
CE_MATERIAL:0.49880129611191265
CE_KINGSAFETY:0.5
C_PIECESQUARETABLES:0.5107780555038416
C_MOBILITY:0.5086902973222533
C_KINGSAFETY:0.48740320785006547
C_PAWNSTRUCTURE:0.5103786987300799
C_PIECECOORDINATION:0.49908674195191605
C_ROOK:0.5111615217331886
CE_ROOK:0.48469533306659457
C_CENTERCONTROL:0.4898479106525183
C_DEVELOPPIECES:0.54319777990274
C_MATERIAL:0.4835341125607287
C_MOVECOUNT:0.4943997609286182
C_PAWNMOVEMENT:0.49550335973852433
