ELO:867
CE_PASSEDPAWNS:0.514035765041163
CE_PAWNWEAKNESSES:0.46317820060461495
CE_PIECEACTIVITY:0.4892322719436609
CE_KINGPAWNSHIELD:0.4999498382679415
CE_PIECECOORDINATION:0.5294417908244232
CE_MATERIAL:0.5464840889766995
CE_KINGSAFETY:0.5240450183295834
C_PIECESQUARETABLES:0.4627016541704107
C_MOBILITY:0.4618228935136425
C_KINGSAFETY:0.4827494112135835
C_PAWNSTRUCTURE:0.6535440839217447
C_PIECECOORDINATION:0.4087850178706528
C_ROOKANDPAWNMOVEMENT:0.4087850178706528
C_CENTERCONTROL:0.5926633705781078
C_DEVELOPPIECES:0.6488484952286252
C_MATERIAL:0.4836527711287935
C_MOVECOUNT:0.5
