ELO:1000
CE_PASSEDPAWNS:0.5204869453658977
CE_PAWNWEAKNESSES:0.5099468287154454
CE_PIECEACTIVITY:0.48893757396272675
CE_KINGPAWNSHIELD:0.4957197550701347
CE_PIECECOORDINATION:0.5223710791038669
CE_MATERIAL:0.43693455905419326
CE_KINGSAFETY:0.4977567476208841
C_PIECESQUARETABLES:0.49834111072555215
C_MOBILITY:0.4396023177097598
C_KINGSAFETY:0.48940045824956474
C_PAWNSTRUCTURE:0.4808475699374392
C_PIECECOORDINATION:0.42906176266293605
C_ROOKANDPAWNMOVEMENT:0.42906176266293605
C_CENTERCONTROL:0.4847940792825747
C_DEVELOPPIECES:0.5144935721386193
C_MATERIAL:0.5675281587487084
