ELO:907
CE_PASSEDPAWNS:0.5175029388197459
CE_PAWNWEAKNESSES:0.46952439700634246
CE_PIECEACTIVITY:0.48731711220510854
CE_KINGPAWNSHIELD:0.5577158425854691
CE_PIECECOORDINATION:0.5247554388017887
CE_MATERIAL:0.4714168276045427
CE_KINGSAFETY:0.48236026039752655
C_PIECESQUARETABLES:0.49317316019582336
C_MOBILITY:0.48309576006202093
C_KINGSAFETY:0.5194709890163591
C_PAWNSTRUCTURE:0.4408832274584891
C_PIECECOORDINATION:0.5013860973578987
C_ROOKANDPAWNMOVEMENT:0.5013860973578987
C_CENTERCONTROL:0.4660885885345959
C_DEVELOPPIECES:0.45295047780460423
C_MATERIAL:0.554935453178249
C_MOVECOUNT:0.528207192516356
