ELO:1091
CE_PASSEDPAWNS:0.6182273285087146
CE_PAWNWEAKNESSES:0.4745627008817301
CE_PIECEACTIVITY:0.4521204597191003
CE_KINGPAWNSHIELD:0.46116019703595756
CE_PIECECOORDINATION:0.4689209404343766
CE_MATERIAL:0.4484351247595037
CE_KINGSAFETY:0.5
C_PIECESQUARETABLES:0.5
C_MOBILITY:0.44768856103321525
C_KINGSAFETY:0.6190942078499563
C_PAWNSTRUCTURE:0.4008610144378167
C_PIECECOORDINATION:0.46189899807732243
C_ROOKANDPAWNMOVEMENT:0.46189899807732243
C_CENTERCONTROL:0.48479726540035273
C_DEVELOPPIECES:0.576706058990356
C_MATERIAL:0.41778075406414056
