ELO:962
CE_PASSEDPAWNS:0.4836794442604628
CE_PAWNWEAKNESSES:0.5239971227862416
CE_PIECEACTIVITY:0.5400052334860098
CE_KINGPAWNSHIELD:0.4340720815464762
CE_PIECECOORDINATION:0.4657679043940771
CE_MATERIAL:0.48303513889935235
CE_KINGSAFETY:0.5101566371110742
C_PIECESQUARETABLES:0.4927646845706051
C_MOBILITY:0.5234205558043319
C_KINGSAFETY:0.4685655390462686
C_PAWNSTRUCTURE:0.5255276873827404
C_PIECECOORDINATION:0.49981456498815796
C_ROOK:0.5202690214046815
CE_ROOK:0.48958874378646466
C_CENTERCONTROL:0.49602320041736386
C_DEVELOPPIECES:0.5498151137680317
C_MATERIAL:0.4906545632166492
C_MOVECOUNT:0.49016881128114226
C_PAWNMOVEMENT:0.4676562235043534
