ELO:1041
CE_PASSEDPAWNS:0.5
CE_PAWNWEAKNESSES:0.5033963048406955
CE_PIECEACTIVITY:0.5121355441577262
CE_KINGPAWNSHIELD:0.49184635512538094
CE_PIECECOORDINATION:0.5024452296180759
CE_MATERIAL:0.4847530157093225
CE_KINGSAFETY:0.5
C_PIECESQUARETABLES:0.5
C_MOBILITY:0.49037321427603026
C_KINGSAFETY:0.5
C_PAWNSTRUCTURE:0.5001161661494143
C_PIECECOORDINATION:0.5
C_ROOKANDPAWNMOVEMENT:0.5
C_CENTERCONTROL:0.5
C_DEVELOPPIECES:0.5070875250325665
C_MATERIAL:0.4804174213395196
C_MOVECOUNT:0.5
