ELO:878
CE_PASSEDPAWNS:0.5769945412615586
CE_PAWNWEAKNESSES:0.4796272807558638
CE_PIECEACTIVITY:0.5095936206703107
CE_KINGPAWNSHIELD:0.4658865292235163
CE_PIECECOORDINATION:0.46422359249295464
CE_MATERIAL:0.42084812956129014
CE_KINGSAFETY:0.5
C_PIECESQUARETABLES:0.5
C_MOBILITY:0.5068309556108916
C_KINGSAFETY:0.46214804779379454
C_PAWNSTRUCTURE:0.46420960889618773
C_PIECECOORDINATION:0.4620111624940566
C_ROOKANDPAWNMOVEMENT:0.4620111624940566
C_CENTERCONTROL:0.6048913063164816
C_DEVELOPPIECES:0.5129898963504739
C_MATERIAL:0.4941040990910838
C_MOVECOUNT:0.5
