ELO:1038
CE_PASSEDPAWNS:0.5
CE_PAWNWEAKNESSES:0.4883783547490396
CE_PIECEACTIVITY:0.511701202958343
CE_KINGPAWNSHIELD:0.5
CE_PIECECOORDINATION:0.5023781130953147
CE_MATERIAL:0.48960997691821134
CE_KINGSAFETY:0.4848302839233513
C_PIECESQUARETABLES:0.48518079309598083
C_MOBILITY:0.5129523464022415
C_KINGSAFETY:0.4995765928745827
C_PAWNSTRUCTURE:0.5205011180804822
C_PIECECOORDINATION:0.5049268322763013
C_ROOKANDPAWNMOVEMENT:0.5049268322763013
C_CENTERCONTROL:0.5011425887789831
C_DEVELOPPIECES:0.504128528908999
C_MATERIAL:0.5
C_MOVECOUNT:0.5
