ELO:887
CE_PASSEDPAWNS:0.48828184041633615
CE_PAWNWEAKNESSES:0.5310631024228165
CE_PIECEACTIVITY:0.5546189361577556
CE_KINGPAWNSHIELD:0.4793821276290161
CE_PIECECOORDINATION:0.5270247035457125
CE_MATERIAL:0.5131969573989142
CE_KINGSAFETY:0.470205656760229
C_PIECESQUARETABLES:0.5251829003370693
C_MOBILITY:0.49114787579217284
C_KINGSAFETY:0.47736841477828423
C_PAWNSTRUCTURE:0.515302452486541
C_PIECECOORDINATION:0.4455298319335555
C_ROOKANDPAWNMOVEMENT:0.4455298319335555
C_CENTERCONTROL:0.49431243758083493
C_DEVELOPPIECES:0.5347296858685683
C_MATERIAL:0.5088905585607406
C_MOVECOUNT:0.5
