ELO:989
CE_PASSEDPAWNS:0.3671258369474086
CE_PAWNWEAKNESSES:0.5103638591680232
CE_PIECEACTIVITY:0.5539763301202957
CE_KINGPAWNSHIELD:0.47955866018633947
CE_PIECECOORDINATION:0.44853978769506736
CE_MATERIAL:0.5194893473514953
CE_KINGSAFETY:0.5167508351750297
C_PIECESQUARETABLES:0.5081683139368248
C_MOBILITY:0.4893547349590596
C_KINGSAFETY:0.5623918386622313
C_PAWNSTRUCTURE:0.32659486032772983
C_PIECECOORDINATION:0.4464989631919034
C_ROOKANDPAWNMOVEMENT:0.4464989631919034
C_CENTERCONTROL:0.37392724582171694
C_DEVELOPPIECES:0.481734352402963
C_MATERIAL:0.6828983766046607
