ELO:895
CE_PASSEDPAWNS:0.581465381987262
CE_PAWNWEAKNESSES:0.5646073339481047
CE_PIECEACTIVITY:0.3426823929540973
CE_KINGPAWNSHIELD:0.45751606289099506
CE_PIECECOORDINATION:0.5489759932912838
CE_MATERIAL:0.5023115846793127
CE_KINGSAFETY:0.47147298820771566
C_PIECESQUARETABLES:0.5184452551269673
C_MOBILITY:0.5401610244132982
C_KINGSAFETY:0.47972908654512086
C_PAWNSTRUCTURE:0.47777426949531665
C_PIECECOORDINATION:0.46724747762465174
C_ROOKANDPAWNMOVEMENT:0.46724747762465174
C_CENTERCONTROL:0.5952056950671978
C_DEVELOPPIECES:0.5233379797852442
C_MATERIAL:0.4267333318442422
