ELO:858
CE_PASSEDPAWNS:0.44443845902541324
CE_PAWNWEAKNESSES:0.4867774031642901
CE_PIECEACTIVITY:0.5016310968269387
CE_KINGPAWNSHIELD:0.5170956910949068
CE_PIECECOORDINATION:0.5229582593802119
CE_MATERIAL:0.5467484060770439
CE_KINGSAFETY:0.5008892352797508
C_PIECESQUARETABLES:0.5
C_MOBILITY:0.45966600373536426
C_KINGSAFETY:0.4858527630960406
C_PAWNSTRUCTURE:0.5612084571381731
C_PIECECOORDINATION:0.39212800696080646
C_ROOKANDPAWNMOVEMENT:0.39212800696080646
C_CENTERCONTROL:0.517470536751206
C_DEVELOPPIECES:0.6178178693487626
C_MATERIAL:0.4651201063590448
C_MOVECOUNT:0.5
