ELO:886
CE_PASSEDPAWNS:0.4698168504013637
CE_PAWNWEAKNESSES:0.48386256889808144
CE_PIECEACTIVITY:0.5204451513679295
CE_KINGPAWNSHIELD:0.5005879704485563
CE_PIECECOORDINATION:0.5240159606564192
CE_MATERIAL:0.5484465441945606
CE_KINGSAFETY:0.4828112347220008
C_PIECESQUARETABLES:0.557843696712743
C_MOBILITY:0.44117498678157785
C_KINGSAFETY:0.4837990802613883
C_PAWNSTRUCTURE:0.550983971725074
C_PIECECOORDINATION:0.39458555423333946
C_ROOKANDPAWNMOVEMENT:0.39458555423333946
C_CENTERCONTROL:0.5112024787323551
C_DEVELOPPIECES:0.6100343250652822
C_MATERIAL:0.4795067464201582
C_MOVECOUNT:0.5
