ELO:1024
CE_PASSEDPAWNS:0.5357886961217757
CE_PAWNWEAKNESSES:0.49812736182742695
CE_PIECEACTIVITY:0.497944376307038
CE_KINGPAWNSHIELD:0.49693785060126716
CE_PIECECOORDINATION:0.527099155710313
CE_MATERIAL:0.544149347066314
CE_KINGSAFETY:0.4722297231633603
C_PIECESQUARETABLES:0.5106288230505924
C_MOBILITY:0.5334139415932377
C_KINGSAFETY:0.6004367435616214
C_PAWNSTRUCTURE:0.5326409043247035
C_PIECECOORDINATION:0.5297337062100067
C_ROOKANDPAWNMOVEMENT:0.5297337062100067
C_CENTERCONTROL:0.4870814762594525
C_DEVELOPPIECES:0.49230065097536796
C_MATERIAL:0.5607939369903918
