ELO:977
CE_PASSEDPAWNS:0.5025040663082758
CE_PAWNWEAKNESSES:0.5400909407877623
CE_PIECEACTIVITY:0.4892436163763752
CE_KINGPAWNSHIELD:0.4556327741335001
CE_PIECECOORDINATION:0.505732022319787
CE_MATERIAL:0.42526116530083186
CE_KINGSAFETY:0.4321523822688019
C_PIECESQUARETABLES:0.5289360924978851
C_MOBILITY:0.4774224858625729
C_KINGSAFETY:0.49406749514032217
C_PAWNSTRUCTURE:0.4480922014061242
C_PIECECOORDINATION:0.37720040080072414
C_ROOKANDPAWNMOVEMENT:0.37720040080072414
C_CENTERCONTROL:0.43008545518826446
C_DEVELOPPIECES:0.49239028478113916
C_MATERIAL:0.5240850111696754
