ELO:941
CE_PASSEDPAWNS:0.5213039723373547
CE_PAWNWEAKNESSES:0.5299206353278079
CE_PIECEACTIVITY:0.46250909093668635
CE_KINGPAWNSHIELD:0.46821763536676886
CE_PIECECOORDINATION:0.5047649265234885
CE_MATERIAL:0.4536280113418123
CE_KINGSAFETY:0.5115967038400724
C_PIECESQUARETABLES:0.4903785790470199
C_MOBILITY:0.4572970171073606
C_KINGSAFETY:0.48395920944486553
C_PAWNSTRUCTURE:0.4364896314530432
C_PIECECOORDINATION:0.3244550730133573
C_ROOKANDPAWNMOVEMENT:0.3244550730133573
C_CENTERCONTROL:0.4124833090174559
C_DEVELOPPIECES:0.4686180274143264
C_MATERIAL:0.54431025136575
