ELO:1000
CE_PASSEDPAWNS:0.4714602363601901
CE_PAWNWEAKNESSES:0.5362807022592184
CE_PIECEACTIVITY:0.5149590899603306
CE_KINGPAWNSHIELD:0.5521183709647199
CE_PIECECOORDINATION:0.4961140061057878
CE_MATERIAL:0.48448549298407784
CE_KINGSAFETY:0.423809038263228
C_PIECESQUARETABLES:0.48728849122625173
C_MOBILITY:0.5202782369501906
C_KINGSAFETY:0.5645839871930831
C_PAWNSTRUCTURE:0.4912426010572803
C_PIECECOORDINATION:0.4994633756407381
C_ROOKANDPAWNMOVEMENT:0.4994633756407381
C_CENTERCONTROL:0.4741807744463448
C_DEVELOPPIECES:0.552489434534177
C_MATERIAL:0.5125734729376443
