ELO:1000
CE_PASSEDPAWNS:0.5
CE_PAWNWEAKNESSES:0.5057925025640431
CE_PIECEACTIVITY:0.5158181214345047
CE_KINGPAWNSHIELD:0.5
CE_PIECECOORDINATION:0.512220289867932
CE_MATERIAL:0.489911939234645
CE_KINGSAFETY:0.5
C_PIECESQUARETABLES:0.5
C_MOBILITY:0.4879698105889083
C_KINGSAFETY:0.48758888963048314
C_PAWNSTRUCTURE:0.4949461749950706
C_PIECECOORDINATION:0.49785651520734425
C_ROOK:0.48396671532244184
CE_ROOK:0.503469089677267
C_CENTERCONTROL:0.5105009674675663
C_DEVELOPPIECES:0.5048499398745045
C_MATERIAL:0.5069213042232714
C_MOVECOUNT:0.48583099288845827
C_PAWNMOVEMENT:0.4970302891213257
