ELO:967
CE_PASSEDPAWNS:0.5258467662080866
CE_PAWNWEAKNESSES:0.5154650613572145
CE_PIECEACTIVITY:0.530161118838558
CE_KINGPAWNSHIELD:0.4225613828074715
CE_PIECECOORDINATION:0.47356691190575045
CE_MATERIAL:0.49880129611191265
CE_KINGSAFETY:0.5029688390641389
C_PIECESQUARETABLES:0.5151063964714504
C_MOBILITY:0.5103270158830175
C_KINGSAFETY:0.47148139668849476
C_PAWNSTRUCTURE:0.4986354611467033
C_PIECECOORDINATION:0.4925756714371259
C_ROOK:0.5228941951421325
CE_ROOK:0.49047380578675753
C_CENTERCONTROL:0.49602320041736386
C_DEVELOPPIECES:0.5334902259871174
C_MATERIAL:0.4934449596062744
C_MOVECOUNT:0.4943997609286182
C_PAWNMOVEMENT:0.48667781959693124
