ELO:993
CE_PASSEDPAWNS:0.49028050173795196
CE_PAWNWEAKNESSES:0.47218117397586784
CE_PIECEACTIVITY:0.49833161450269914
CE_KINGPAWNSHIELD:0.48984493520793837
CE_PIECECOORDINATION:0.49243489196063395
CE_MATERIAL:0.5
CE_KINGSAFETY:0.4895605135659422
C_PIECESQUARETABLES:0.5
C_MOBILITY:0.5254793556882357
C_KINGSAFETY:0.47719324272971314
C_PAWNSTRUCTURE:0.4900577029284544
C_PIECECOORDINATION:0.5015864202918262
C_ROOK:0.4777836332999068
CE_ROOK:0.5186176752041565
C_CENTERCONTROL:0.4715051833882927
C_DEVELOPPIECES:0.49299663734607996
C_MATERIAL:0.48830630994167445
C_MOVECOUNT:0.5048303997662228
C_PAWNMOVEMENT:0.5
