ELO:1054
CE_PASSEDPAWNS:0.5357886961217757
CE_PAWNWEAKNESSES:0.47932294644130446
CE_PIECEACTIVITY:0.5526916365960582
CE_KINGPAWNSHIELD:0.48236972422058016
CE_PIECECOORDINATION:0.5004114516632171
CE_MATERIAL:0.49765331996744905
CE_KINGSAFETY:0.5
C_PIECESQUARETABLES:0.5
C_MOBILITY:0.5120548497590311
C_KINGSAFETY:0.434064803026573
C_PAWNSTRUCTURE:0.527060557227316
C_PIECECOORDINATION:0.5297337062100067
C_ROOKANDPAWNMOVEMENT:0.5297337062100067
C_CENTERCONTROL:0.4600144149052272
C_DEVELOPPIECES:0.464799847215276
C_MATERIAL:0.4841748301746779
