ELO:907
CE_PASSEDPAWNS:0.5178128896152274
CE_PAWNWEAKNESSES:0.5734199343510392
CE_PIECEACTIVITY:0.47272626903692877
CE_KINGPAWNSHIELD:0.45005417786052837
CE_PIECECOORDINATION:0.469184340808121
CE_MATERIAL:0.4743725352455838
CE_KINGSAFETY:0.5022578350180072
C_PIECESQUARETABLES:0.503761644024593
C_MOBILITY:0.44093950528651427
C_KINGSAFETY:0.4993714086118288
C_PAWNSTRUCTURE:0.4063695714758414
C_PIECECOORDINATION:0.3216813612174494
C_ROOKANDPAWNMOVEMENT:0.3216813612174494
C_CENTERCONTROL:0.40998847941723665
C_DEVELOPPIECES:0.49570262646467006
C_MATERIAL:0.4929213207846301
