ELO:970
CE_PASSEDPAWNS:0.5021227979657714
CE_PAWNWEAKNESSES:0.5051909985278779
CE_PIECEACTIVITY:0.5048578815321755
CE_KINGPAWNSHIELD:0.4810126199857789
CE_PIECECOORDINATION:0.5027200224096003
CE_MATERIAL:0.49833159716092423
CE_KINGSAFETY:0.5244925549943323
C_PIECESQUARETABLES:0.5
C_MOBILITY:0.4993039709601413
C_KINGSAFETY:0.5
C_PAWNSTRUCTURE:0.49017781781711073
C_PIECECOORDINATION:0.5196924597305076
C_ROOKANDPAWNMOVEMENT:0.5196924597305076
C_CENTERCONTROL:0.49436043232230387
C_DEVELOPPIECES:0.5033350327863805
C_MATERIAL:0.5164821616542989
C_MOVECOUNT:0.5134544533659753
