ELO:773
CE_PASSEDPAWNS:0.5118152490095805
CE_PAWNWEAKNESSES:0.46879181830793737
CE_PIECEACTIVITY:0.48342138582073585
CE_KINGPAWNSHIELD:0.49482900551621106
CE_PIECECOORDINATION:0.52637279385815
CE_MATERIAL:0.5433888290416953
CE_KINGSAFETY:0.5255232842447423
C_PIECESQUARETABLES:0.4617540395854045
C_MOBILITY:0.4624082486056107
C_KINGSAFETY:0.48695438296123067
C_PAWNSTRUCTURE:0.6081445755796274
C_PIECECOORDINATION:0.4223847730793075
C_ROOKANDPAWNMOVEMENT:0.4223847730793075
C_CENTERCONTROL:0.5713717060672151
C_DEVELOPPIECES:0.6435392971495633
C_MATERIAL:0.502675993846588
C_MOVECOUNT:0.5
