ELO:941
CE_PASSEDPAWNS:0.5520388245081691
CE_PAWNWEAKNESSES:0.5608026938684262
CE_PIECEACTIVITY:0.32093083073370887
CE_KINGPAWNSHIELD:0.44673703952604726
CE_PIECECOORDINATION:0.5718882841753292
CE_MATERIAL:0.5294070373668724
CE_KINGSAFETY:0.47513892120955664
C_PIECESQUARETABLES:0.505885619953877
C_MOBILITY:0.5395265468975173
C_KINGSAFETY:0.49178043253486103
C_PAWNSTRUCTURE:0.46384936045434855
C_PIECECOORDINATION:0.4872447706326917
C_ROOKANDPAWNMOVEMENT:0.4872447706326917
C_CENTERCONTROL:0.5983007271883916
C_DEVELOPPIECES:0.512701313509661
C_MATERIAL:0.41468709593348047
