ELO:1000
CE_PASSEDPAWNS:0.48076902913267977
CE_PAWNWEAKNESSES:0.5459893192852489
CE_PIECEACTIVITY:0.5115906235323234
CE_KINGPAWNSHIELD:0.5379012237253697
CE_PIECECOORDINATION:0.5017918728063797
CE_MATERIAL:0.48681469638069896
CE_KINGSAFETY:0.4155251371674496
C_PIECESQUARETABLES:0.494632454702387
C_MOBILITY:0.5163439740499997
C_KINGSAFETY:0.5545702589167507
C_PAWNSTRUCTURE:0.4878438073622184
C_PIECECOORDINATION:0.505310088023387
C_ROOKANDPAWNMOVEMENT:0.505310088023387
C_CENTERCONTROL:0.4851132219140854
C_DEVELOPPIECES:0.5482857203631641
C_MATERIAL:0.5155197633633541
