ELO:1079
CE_PASSEDPAWNS:0.5715097461569872
CE_PAWNWEAKNESSES:0.5012577834333243
CE_PIECEACTIVITY:0.4881191409343883
CE_KINGPAWNSHIELD:0.5162997968099955
CE_PIECECOORDINATION:0.46259751899620044
CE_MATERIAL:0.4952243265866648
CE_KINGSAFETY:0.5
C_PIECESQUARETABLES:0.4949560325119487
C_MOBILITY:0.5247180008665671
C_KINGSAFETY:0.5189877407026062
C_PAWNSTRUCTURE:0.5151620232707637
C_PIECECOORDINATION:0.439924668603395
C_ROOKANDPAWNMOVEMENT:0.439924668603395
C_CENTERCONTROL:0.5223007959214092
C_DEVELOPPIECES:0.5371951608808677
C_MATERIAL:0.42740601773154635
