ELO:987
CE_PASSEDPAWNS:0.5185127513787413
CE_PAWNWEAKNESSES:0.5333464590652194
CE_PIECEACTIVITY:0.4468678579857459
CE_KINGPAWNSHIELD:0.48839714313090854
CE_PIECECOORDINATION:0.5067056821523488
CE_MATERIAL:0.4183628150415832
CE_KINGSAFETY:0.4412636625297078
C_PIECESQUARETABLES:0.5109889561163373
C_MOBILITY:0.46567360463951313
C_KINGSAFETY:0.45791957542812683
C_PAWNSTRUCTURE:0.46952117952777117
C_PIECECOORDINATION:0.4200155344386902
C_ROOKANDPAWNMOVEMENT:0.4200155344386902
C_CENTERCONTROL:0.4316620084239743
C_DEVELOPPIECES:0.5018602673216226
C_MATERIAL:0.5591026194635035
