ELO:1044
CE_PASSEDPAWNS:0.49022836184814256
CE_PAWNWEAKNESSES:0.535116827494345
CE_PIECEACTIVITY:0.497944376307038
CE_KINGPAWNSHIELD:0.5333017565545268
CE_PIECECOORDINATION:0.47341128401167515
CE_MATERIAL:0.5132186722946585
CE_KINGSAFETY:0.5
C_PIECESQUARETABLES:0.5
C_MOBILITY:0.5406653946689276
C_KINGSAFETY:0.4749734886846588
C_PAWNSTRUCTURE:0.4485928670377041
C_PIECECOORDINATION:0.5465216643486327
C_ROOKANDPAWNMOVEMENT:0.5465216643486327
C_CENTERCONTROL:0.41198366917285323
C_DEVELOPPIECES:0.5144593405245805
C_MATERIAL:0.4841748301746779
