ELO:940
CE_PASSEDPAWNS:0.5104441538121343
CE_PAWNWEAKNESSES:0.5326108062645472
CE_PIECEACTIVITY:0.46771586600478793
CE_KINGPAWNSHIELD:0.46821763536676886
CE_PIECECOORDINATION:0.479031066521926
CE_MATERIAL:0.4597070122949764
CE_KINGSAFETY:0.5
C_PIECESQUARETABLES:0.5035944869478058
C_MOBILITY:0.4416388669743296
C_KINGSAFETY:0.4985571289686302
C_PAWNSTRUCTURE:0.4375669959943815
C_PIECECOORDINATION:0.32193859472536446
C_ROOKANDPAWNMOVEMENT:0.32193859472536446
C_CENTERCONTROL:0.4103708531057013
C_DEVELOPPIECES:0.49959182676958563
C_MATERIAL:0.5184186270314688
