ELO:946
CE_PASSEDPAWNS:0.5090363584123138
CE_PAWNWEAKNESSES:0.5379557587555176
CE_PIECEACTIVITY:0.4565258486903683
CE_KINGPAWNSHIELD:0.45433615446744513
CE_PIECECOORDINATION:0.49244020393555915
CE_MATERIAL:0.45052987359200863
CE_KINGSAFETY:0.4441801828810661
C_PIECESQUARETABLES:0.5154972228906689
C_MOBILITY:0.4605493204614464
C_KINGSAFETY:0.4921703532828595
C_PAWNSTRUCTURE:0.43579443215189956
C_PIECECOORDINATION:0.32456770139763147
C_ROOKANDPAWNMOVEMENT:0.32456770139763147
C_CENTERCONTROL:0.4093979257540376
C_DEVELOPPIECES:0.4804342535573913
C_MATERIAL:0.5399090531635375
