ELO:1035
CE_PASSEDPAWNS:0.4963128209245461
CE_PAWNWEAKNESSES:0.49820233696789046
CE_PIECEACTIVITY:0.5152035869849669
CE_KINGPAWNSHIELD:0.5
CE_PIECECOORDINATION:0.5
CE_MATERIAL:0.48960997691821134
CE_KINGSAFETY:0.49947951982514177
C_PIECESQUARETABLES:0.5030023160951106
C_MOBILITY:0.5129523464022415
C_KINGSAFETY:0.5052009690235192
C_PAWNSTRUCTURE:0.5111394028281625
C_PIECECOORDINATION:0.5
C_ROOKANDPAWNMOVEMENT:0.5
C_CENTERCONTROL:0.5
C_DEVELOPPIECES:0.5
C_MATERIAL:0.5015137566613358
C_MOVECOUNT:0.5
