ELO:947
CE_PASSEDPAWNS:0.47107780010564987
CE_PAWNWEAKNESSES:0.5588121381774914
CE_PIECEACTIVITY:0.4981825578459304
CE_KINGPAWNSHIELD:0.4728005583611121
CE_PIECECOORDINATION:0.5066444237915371
CE_MATERIAL:0.5654409814045771
CE_KINGSAFETY:0.4902469688912219
C_PIECESQUARETABLES:0.5021331182298817
C_MOBILITY:0.5371704088516306
C_KINGSAFETY:0.4746384324777555
C_PAWNSTRUCTURE:0.5233371121635152
C_PIECECOORDINATION:0.41281131169951396
C_ROOKANDPAWNMOVEMENT:0.41281131169951396
C_CENTERCONTROL:0.44084081767466654
C_DEVELOPPIECES:0.49092209685428473
C_MATERIAL:0.513631548824097
