ELO:926
CE_PASSEDPAWNS:0.5557861907164698
CE_PAWNWEAKNESSES:0.45709306649043924
CE_PIECEACTIVITY:0.45062931968549985
CE_KINGPAWNSHIELD:0.5105664326146023
CE_PIECECOORDINATION:0.4825998591676869
CE_MATERIAL:0.5572355963208471
CE_KINGSAFETY:0.511023968460312
C_PIECESQUARETABLES:0.4969305701959197
C_MOBILITY:0.5594932478449116
C_KINGSAFETY:0.5204292530025051
C_PAWNSTRUCTURE:0.5131469699331643
C_PIECECOORDINATION:0.5068092649352934
C_ROOK:0.5753248397579536
CE_ROOK:0.4920166463734661
C_CENTERCONTROL:0.43557741131825684
C_DEVELOPPIECES:0.5579448881493458
C_MATERIAL:0.4959651333263881
C_MOVECOUNT:0.4976055996076056
C_PAWNMOVEMENT:0.5612803816258952
