ELO:1000
CE_PASSEDPAWNS:0.5
CE_PAWNWEAKNESSES:0.5
CE_PIECEACTIVITY:0.5
CE_KINGPAWNSHIELD:0.5
CE_PIECECOORDINATION:0.5
CE_MATERIAL:0.5
CE_KINGSAFETY:0.5149836373968928
C_PIECESQUARETABLES:0.507678439163376
C_MOBILITY:0.5
C_KINGSAFETY:0.5033515488651809
C_PAWNSTRUCTURE:0.5013150658585419
C_PIECECOORDINATION:0.4993612865187656
C_ROOK:0.5062741503299123
CE_ROOK:0.504158413326346
C_CENTERCONTROL:0.49742002454123396
C_DEVELOPPIECES:0.49263523909165335
C_MATERIAL:0.4812009770077632
C_MOVECOUNT:0.5
C_PAWNMOVEMENT:0.4872440036152619
