ELO:971
CE_PASSEDPAWNS:0.4928687079636796
CE_PAWNWEAKNESSES:0.4945419982942403
CE_PIECEACTIVITY:0.5147446358203109
CE_KINGPAWNSHIELD:0.505818467688978
CE_PIECECOORDINATION:0.5050855686840874
CE_MATERIAL:0.5223386298402819
CE_KINGSAFETY:0.5
C_PIECESQUARETABLES:0.4913944782084661
C_MOBILITY:0.5162065393435802
C_KINGSAFETY:0.5061813795545673
C_PAWNSTRUCTURE:0.49864439277032846
C_PIECECOORDINATION:0.5054487878427908
C_ROOK:0.48638841870537325
CE_ROOK:0.4904635293064185
C_CENTERCONTROL:0.4600290680018009
C_DEVELOPPIECES:0.5164474179201939
C_MATERIAL:0.49543123475800294
C_MOVECOUNT:0.4979591419204796
C_PAWNMOVEMENT:0.4932855672164557
