ELO:936
CE_PASSEDPAWNS:0.46754422762313463
CE_PAWNWEAKNESSES:0.5812925357454441
CE_PIECEACTIVITY:0.5164895149176296
CE_KINGPAWNSHIELD:0.4802901117637151
CE_PIECECOORDINATION:0.5044125358780829
CE_MATERIAL:0.5672307003636229
CE_KINGSAFETY:0.4932621488520191
C_PIECESQUARETABLES:0.5370584553033521
C_MOBILITY:0.536672511704496
C_KINGSAFETY:0.45491006762355674
C_PAWNSTRUCTURE:0.5425084372944152
C_PIECECOORDINATION:0.40695306117400126
C_ROOKANDPAWNMOVEMENT:0.40695306117400126
C_CENTERCONTROL:0.4185198603642263
C_DEVELOPPIECES:0.4936170715669174
C_MATERIAL:0.5033676580937139
