ELO:1000
CE_PASSEDPAWNS:0.48242188968408584
CE_PAWNWEAKNESSES:0.4888552147004618
CE_PIECEACTIVITY:0.46188057793620046
CE_KINGPAWNSHIELD:0.4876782889446856
CE_PIECECOORDINATION:0.508552583945939
CE_MATERIAL:0.4762171324921034
CE_KINGSAFETY:0.48574484728905376
C_PIECESQUARETABLES:0.530542951621039
C_MOBILITY:0.4668755156001336
C_KINGSAFETY:0.536855676029274
C_PAWNSTRUCTURE:0.5394893338198055
C_PIECECOORDINATION:0.5048362245123492
C_ROOKANDPAWNMOVEMENT:0.5048362245123492
C_CENTERCONTROL:0.47177935206631727
C_DEVELOPPIECES:0.5118157347708949
C_MATERIAL:0.5090051624089811
