ELO:945
CE_PASSEDPAWNS:0.4834085292134731
CE_PAWNWEAKNESSES:0.5046733429836232
CE_PIECEACTIVITY:0.46741364197713425
CE_KINGPAWNSHIELD:0.5247590348856513
CE_PIECECOORDINATION:0.5050701948796213
CE_MATERIAL:0.4918070237639567
CE_KINGSAFETY:0.4845903824031051
C_PIECESQUARETABLES:0.49109718653845635
C_MOBILITY:0.4863265788773436
C_KINGSAFETY:0.5038794366765708
C_PAWNSTRUCTURE:0.514064997550966
C_PIECECOORDINATION:0.49115411446487567
C_ROOK:0.5
CE_ROOK:0.5
C_CENTERCONTROL:0.49687635975011607
C_DEVELOPPIECES:0.5084480282855834
C_MATERIAL:0.5131339936852244
C_MOVECOUNT:0.49571977541603524
C_PAWNMOVEMENT:0.5
