ELO:848
CE_PASSEDPAWNS:0.44044037387575674
CE_PAWNWEAKNESSES:0.477481398049251
CE_PIECEACTIVITY:0.5883826980836535
CE_KINGPAWNSHIELD:0.4795973772442327
CE_PIECECOORDINATION:0.48409796805940886
CE_MATERIAL:0.4964764050191511
CE_KINGSAFETY:0.5071734208485882
C_PIECESQUARETABLES:0.5378522300517377
C_MOBILITY:0.5400147376728505
C_KINGSAFETY:0.46395568316909286
C_PAWNSTRUCTURE:0.4488160972623866
C_PIECECOORDINATION:0.4617957695323525
C_ROOKANDPAWNMOVEMENT:0.4617957695323525
C_CENTERCONTROL:0.5303654080454316
C_DEVELOPPIECES:0.5443635333752664
C_MATERIAL:0.5214323744379004
C_MOVECOUNT:0.5385104178212288
