ELO:980
CE_PASSEDPAWNS:0.52655049938212
CE_PAWNWEAKNESSES:0.4782878088976777
CE_PIECEACTIVITY:0.40559073680773405
CE_KINGPAWNSHIELD:0.5261251669921805
CE_PIECECOORDINATION:0.4184677593345858
CE_MATERIAL:0.44785771141036357
CE_KINGSAFETY:0.5099188736803452
C_PIECESQUARETABLES:0.4655109914741788
C_MOBILITY:0.515408427173121
C_KINGSAFETY:0.50096953223222
C_PAWNSTRUCTURE:0.5446522657433376
C_PIECECOORDINATION:0.5679574772743345
C_ROOKANDPAWNMOVEMENT:0.5679574772743345
C_CENTERCONTROL:0.47531337721913186
C_DEVELOPPIECES:0.5074490262957363
C_MATERIAL:0.483928227502045
