ELO:927
CE_PASSEDPAWNS:0.5042268040875785
CE_PAWNWEAKNESSES:0.47873751890623384
CE_PIECEACTIVITY:0.4585344175663648
CE_KINGPAWNSHIELD:0.4887178085481712
CE_PIECECOORDINATION:0.4974129097607261
CE_MATERIAL:0.46187640542540864
CE_KINGSAFETY:0.4976033908346671
C_PIECESQUARETABLES:0.49236916004207193
C_MOBILITY:0.5094673904740629
C_KINGSAFETY:0.4963176895231895
C_PAWNSTRUCTURE:0.5221350608199379
C_PIECECOORDINATION:0.5216283159879552
C_ROOK:0.4773117385857521
CE_ROOK:0.5197454057419681
C_CENTERCONTROL:0.5019150697962576
C_DEVELOPPIECES:0.5293637053101939
C_MATERIAL:0.5116234144095904
C_MOVECOUNT:0.4962325488904957
C_PAWNMOVEMENT:0.5080358957662491
