ELO:904
CE_PASSEDPAWNS:0.4797938242056567
CE_PAWNWEAKNESSES:0.5086639785061108
CE_PIECEACTIVITY:0.48075902403469917
CE_KINGPAWNSHIELD:0.48208298754520645
CE_PIECECOORDINATION:0.5596115134864027
CE_MATERIAL:0.5242287594711394
CE_KINGSAFETY:0.5036318140324944
C_PIECESQUARETABLES:0.4741709333851482
C_MOBILITY:0.44790801206282177
C_KINGSAFETY:0.48539975394590307
C_PAWNSTRUCTURE:0.5280192536870918
C_PIECECOORDINATION:0.5604488060594833
C_ROOKANDPAWNMOVEMENT:0.5604488060594833
C_CENTERCONTROL:0.533803276309989
C_DEVELOPPIECES:0.4641682460504048
C_MATERIAL:0.48332023095701915
C_MOVECOUNT:0.5
