ELO:996
CE_PASSEDPAWNS:0.5014364592440804
CE_PAWNWEAKNESSES:0.49411948903276237
CE_PIECEACTIVITY:0.4856648922820869
CE_KINGPAWNSHIELD:0.4986510788128476
CE_PIECECOORDINATION:0.5220670952047248
CE_MATERIAL:0.5049432854157638
CE_KINGSAFETY:0.5056716339582457
C_PIECESQUARETABLES:0.49728332862472174
C_MOBILITY:0.5
C_KINGSAFETY:0.4919779852036565
C_PAWNSTRUCTURE:0.5013388548734806
C_PIECECOORDINATION:0.4978400702749862
C_ROOKANDPAWNMOVEMENT:0.4978400702749862
C_CENTERCONTROL:0.5070176622686426
C_DEVELOPPIECES:0.5086770485902458
C_MATERIAL:0.49207202369060826
C_MOVECOUNT:0.4904709026839652
