ELO:990
CE_PASSEDPAWNS:0.49880776676720656
CE_PAWNWEAKNESSES:0.5
CE_PIECEACTIVITY:0.5
CE_KINGPAWNSHIELD:0.5140360407098452
CE_PIECECOORDINATION:0.48998567962244227
CE_MATERIAL:0.5029713901390328
CE_KINGSAFETY:0.5
C_PIECESQUARETABLES:0.49439515894534924
C_MOBILITY:0.4895058496607608
C_KINGSAFETY:0.5
C_PAWNSTRUCTURE:0.4961441160866584
C_PIECECOORDINATION:0.5258221065085616
C_ROOKANDPAWNMOVEMENT:0.5258221065085616
C_CENTERCONTROL:0.49848825061410845
C_DEVELOPPIECES:0.5020382793324311
C_MATERIAL:0.47040266500633865
C_MOVECOUNT:0.5
