ELO:884
CE_PASSEDPAWNS:0.4270454487825706
CE_PAWNWEAKNESSES:0.49597837326293465
CE_PIECEACTIVITY:0.5235437727754133
CE_KINGPAWNSHIELD:0.6093111159566157
CE_PIECECOORDINATION:0.5262252813443712
CE_MATERIAL:0.4610305675842653
CE_KINGSAFETY:0.5018224713719699
C_PIECESQUARETABLES:0.5146370896530611
C_MOBILITY:0.5290194007194942
C_KINGSAFETY:0.5384339511769115
C_PAWNSTRUCTURE:0.5161621376354365
C_PIECECOORDINATION:0.4988085536897176
C_ROOKANDPAWNMOVEMENT:0.4988085536897176
C_CENTERCONTROL:0.4425662113049361
C_DEVELOPPIECES:0.556801223334814
C_MATERIAL:0.496837005843979
C_MOVECOUNT:0.5
