ELO:1000
CE_PASSEDPAWNS:0.5054391033816102
CE_PAWNWEAKNESSES:0.49477953877415687
CE_PIECEACTIVITY:0.4818609402866453
CE_KINGPAWNSHIELD:0.5552929708969874
CE_PIECECOORDINATION:0.49761674691086255
CE_MATERIAL:0.48580264213770213
CE_KINGSAFETY:0.4746100373478128
C_PIECESQUARETABLES:0.4904059683665386
C_MOBILITY:0.5189929801987172
C_KINGSAFETY:0.5038228983445985
C_PAWNSTRUCTURE:0.485891684858803
C_PIECECOORDINATION:0.47825349977022114
C_ROOKANDPAWNMOVEMENT:0.47825349977022114
C_CENTERCONTROL:0.4893976424925474
C_DEVELOPPIECES:0.4907102022783318
C_MATERIAL:0.48887412272628805
