ELO:950
CE_PASSEDPAWNS:0.5429352378918743
CE_PAWNWEAKNESSES:0.4479293881075432
CE_PIECEACTIVITY:0.4485573049385082
CE_KINGPAWNSHIELD:0.5122969568048112
CE_PIECECOORDINATION:0.4274033768736517
CE_MATERIAL:0.4456444506455671
CE_KINGSAFETY:0.46006423641976824
C_PIECESQUARETABLES:0.4398740900048519
C_MOBILITY:0.4992868497007641
C_KINGSAFETY:0.5149681259856308
C_PAWNSTRUCTURE:0.5364638794125646
C_PIECECOORDINATION:0.6262555220270183
C_ROOKANDPAWNMOVEMENT:0.6262555220270183
C_CENTERCONTROL:0.4812774566907213
C_DEVELOPPIECES:0.47443861626389655
C_MATERIAL:0.4654568373372346
