ELO:995
CE_PASSEDPAWNS:0.5024462029194873
CE_PAWNWEAKNESSES:0.4929189939273118
CE_PIECEACTIVITY:0.43953512303208403
CE_KINGPAWNSHIELD:0.5123434425248918
CE_PIECECOORDINATION:0.42799852369357233
CE_MATERIAL:0.45683032826507447
CE_KINGSAFETY:0.5138000193410479
C_PIECESQUARETABLES:0.464747043554195
C_MOBILITY:0.495933918453487
C_KINGSAFETY:0.5059326818232041
C_PAWNSTRUCTURE:0.5501615638615717
C_PIECECOORDINATION:0.561957514947985
C_ROOKANDPAWNMOVEMENT:0.561957514947985
C_CENTERCONTROL:0.4749864900208341
C_DEVELOPPIECES:0.5129636761948801
C_MATERIAL:0.4898600331425322
