ELO:955
CE_PASSEDPAWNS:0.539448454052563
CE_PAWNWEAKNESSES:0.4604279596232276
CE_PIECEACTIVITY:0.43289540464059795
CE_KINGPAWNSHIELD:0.5205284519205822
CE_PIECECOORDINATION:0.420478485177932
CE_MATERIAL:0.4549266760172519
CE_KINGSAFETY:0.5121124080093024
C_PIECESQUARETABLES:0.429304371998405
C_MOBILITY:0.5082714071771086
C_KINGSAFETY:0.4993047787819132
C_PAWNSTRUCTURE:0.5308218413222511
C_PIECECOORDINATION:0.595721450620773
C_ROOKANDPAWNMOVEMENT:0.595721450620773
C_CENTERCONTROL:0.4911913038186496
C_DEVELOPPIECES:0.480729194970921
C_MATERIAL:0.4515613210123867
