ELO:914
CE_PASSEDPAWNS:0.4572760226521162
CE_PAWNWEAKNESSES:0.5640425636810815
CE_PIECEACTIVITY:0.5299663947750096
CE_KINGPAWNSHIELD:0.47445323233233333
CE_PIECECOORDINATION:0.48799736910056574
CE_MATERIAL:0.5787973949611604
CE_KINGSAFETY:0.49562304034805227
C_PIECESQUARETABLES:0.5555738972668726
C_MOBILITY:0.5865482358045538
C_KINGSAFETY:0.41435181229409024
C_PAWNSTRUCTURE:0.5465690379628444
C_PIECECOORDINATION:0.39874598782063664
C_ROOKANDPAWNMOVEMENT:0.39874598782063664
C_CENTERCONTROL:0.4299275813425685
C_DEVELOPPIECES:0.4903457905327902
C_MATERIAL:0.4859058052167618
