ELO:992
CE_PASSEDPAWNS:0.510355359886478
CE_PAWNWEAKNESSES:0.5019227932505647
CE_PIECEACTIVITY:0.48961143779395844
CE_KINGPAWNSHIELD:0.5080363633987031
CE_PIECECOORDINATION:0.5
CE_MATERIAL:0.4948848286128608
CE_KINGSAFETY:0.5018894893977758
C_PIECESQUARETABLES:0.5
C_MOBILITY:0.5
C_KINGSAFETY:0.4906747788559687
C_PAWNSTRUCTURE:0.4982312983614063
C_PIECECOORDINATION:0.50123116350036
C_ROOKANDPAWNMOVEMENT:0.50123116350036
C_CENTERCONTROL:0.48536098497209645
C_DEVELOPPIECES:0.49480402405985663
C_MATERIAL:0.5068240773018599
C_MOVECOUNT:0.4943209855300339
