ELO:1030
CE_PASSEDPAWNS:0.4930422799260162
CE_PAWNWEAKNESSES:0.5134731024977444
CE_PIECEACTIVITY:0.501786976620228
CE_KINGPAWNSHIELD:0.4909578877990811
CE_PIECECOORDINATION:0.4950721986526034
CE_MATERIAL:0.4762081726204354
CE_KINGSAFETY:0.5095933094300387
C_PIECESQUARETABLES:0.5081531982795403
C_MOBILITY:0.5
C_KINGSAFETY:0.5
C_PAWNSTRUCTURE:0.4906270869787809
C_PIECECOORDINATION:0.5015146979408786
C_ROOKANDPAWNMOVEMENT:0.5015146979408786
C_CENTERCONTROL:0.5
C_DEVELOPPIECES:0.5047571054360761
C_MATERIAL:0.5067075358863274
