ELO:958
CE_PASSEDPAWNS:0.45317203843126996
CE_PAWNWEAKNESSES:0.5582174350231923
CE_PIECEACTIVITY:0.494074855475533
CE_KINGPAWNSHIELD:0.4854129892562655
CE_PIECECOORDINATION:0.5143257349136218
CE_MATERIAL:0.5489676212043003
CE_KINGSAFETY:0.5325525320036895
C_PIECESQUARETABLES:0.4655582304625931
C_MOBILITY:0.54384212184111
C_KINGSAFETY:0.45936975460635615
C_PAWNSTRUCTURE:0.5325106415434921
C_PIECECOORDINATION:0.4113534280289832
C_ROOKANDPAWNMOVEMENT:0.4113534280289832
C_CENTERCONTROL:0.45051846540420626
C_DEVELOPPIECES:0.5279353358878811
C_MATERIAL:0.5142498971628288
