ELO:1000
CE_PASSEDPAWNS:0.48912971889638557
CE_PAWNWEAKNESSES:0.49501603585204124
CE_PIECEACTIVITY:0.5059808776244437
CE_KINGPAWNSHIELD:0.5011230610148405
CE_PIECECOORDINATION:0.49384233993075205
CE_MATERIAL:0.5391402729420388
CE_KINGSAFETY:0.5073464010848338
C_PIECESQUARETABLES:0.5292651667667352
C_MOBILITY:0.5601794789869312
C_KINGSAFETY:0.49298109009718316
C_PAWNSTRUCTURE:0.5610425582523773
C_PIECECOORDINATION:0.43692893595177035
C_ROOKANDPAWNMOVEMENT:0.43692893595177035
C_CENTERCONTROL:0.47180793965507173
C_DEVELOPPIECES:0.5097674681490484
C_MATERIAL:0.5325343525298705
