ELO:840
CE_PASSEDPAWNS:0.4261664768181398
CE_PAWNWEAKNESSES:0.49442422353807064
CE_PIECEACTIVITY:0.5143820718749141
CE_KINGPAWNSHIELD:0.590941877184113
CE_PIECECOORDINATION:0.5288961456377513
CE_MATERIAL:0.4820496657471943
CE_KINGSAFETY:0.46926606644226304
C_PIECESQUARETABLES:0.5276668671125978
C_MOBILITY:0.5378673551527681
C_KINGSAFETY:0.542569492521967
C_PAWNSTRUCTURE:0.5090216926936252
C_PIECECOORDINATION:0.49388440943461726
C_ROOKANDPAWNMOVEMENT:0.49388440943461726
C_CENTERCONTROL:0.4565147123714262
C_DEVELOPPIECES:0.534448415472237
C_MATERIAL:0.477982919080908
C_MOVECOUNT:0.5
