ELO:1004
CE_PASSEDPAWNS:0.6209972745888394
CE_PAWNWEAKNESSES:0.4742775384650368
CE_PIECEACTIVITY:0.5151244182714089
CE_KINGPAWNSHIELD:0.5324156855124685
CE_PIECECOORDINATION:0.4947757464359157
CE_MATERIAL:0.47053996588830815
CE_KINGSAFETY:0.4767288194345536
C_PIECESQUARETABLES:0.47646930247234964
C_MOBILITY:0.4137932099294232
C_KINGSAFETY:0.5159889423596373
C_PAWNSTRUCTURE:0.4214778697213262
C_PIECECOORDINATION:0.482329523571026
C_ROOKANDPAWNMOVEMENT:0.482329523571026
C_CENTERCONTROL:0.535144016269162
C_DEVELOPPIECES:0.5705215991800842
C_MATERIAL:0.45748635429742984
