ELO:975
CE_PASSEDPAWNS:0.49140784224675543
CE_PAWNWEAKNESSES:0.5157039877737583
CE_PIECEACTIVITY:0.49347328179863437
CE_KINGPAWNSHIELD:0.48886597768238554
CE_PIECECOORDINATION:0.49140296853560267
CE_MATERIAL:0.48912453316170507
CE_KINGSAFETY:0.5203741462188612
C_PIECESQUARETABLES:0.4972661693918853
C_MOBILITY:0.4889181447288864
C_KINGSAFETY:0.4768026022833663
C_PAWNSTRUCTURE:0.5
C_PIECECOORDINATION:0.5026637459483252
C_ROOK:0.4885967864323808
CE_ROOK:0.48834820024265474
C_CENTERCONTROL:0.4988379729934278
C_DEVELOPPIECES:0.5148303233074224
C_MATERIAL:0.5
C_MOVECOUNT:0.5102521114324267
C_PAWNMOVEMENT:0.5086002806029354
