ELO:1000
CE_PASSEDPAWNS:0.4933668048640237
CE_PAWNWEAKNESSES:0.5
CE_PIECEACTIVITY:0.5023958299906697
CE_KINGPAWNSHIELD:0.4963277645106646
CE_PIECECOORDINATION:0.5091244679849918
CE_MATERIAL:0.506660877355648
CE_KINGSAFETY:0.501902013033986
C_PIECESQUARETABLES:0.5069675742432654
C_MOBILITY:0.5061972466600612
C_KINGSAFETY:0.5183973845740525
C_PAWNSTRUCTURE:0.5072142976420185
C_PIECECOORDINATION:0.4865337368901939
C_ROOKANDPAWNMOVEMENT:0.4865337368901939
C_CENTERCONTROL:0.5
C_DEVELOPPIECES:0.5028611254078983
C_MATERIAL:0.5
