ELO:1003
CE_PASSEDPAWNS:0.5023204770398952
CE_PAWNWEAKNESSES:0.5178078183736123
CE_PIECEACTIVITY:0.452950520630748
CE_KINGPAWNSHIELD:0.5351066069796137
CE_PIECECOORDINATION:0.44524262016451793
CE_MATERIAL:0.4590672934311246
CE_KINGSAFETY:0.5349718501859192
C_PIECESQUARETABLES:0.4597980421470321
C_MOBILITY:0.500257872915827
C_KINGSAFETY:0.5218582050324048
C_PAWNSTRUCTURE:0.5607987215865873
C_PIECECOORDINATION:0.5415773308524774
C_ROOKANDPAWNMOVEMENT:0.5415773308524774
C_CENTERCONTROL:0.46114017106926336
C_DEVELOPPIECES:0.4828049885956855
C_MATERIAL:0.4895169999557726
