ELO:954
CE_PASSEDPAWNS:0.5348897688389695
CE_PAWNWEAKNESSES:0.4604279596232276
CE_PIECEACTIVITY:0.43289540464059795
CE_KINGPAWNSHIELD:0.5205284519205822
CE_PIECECOORDINATION:0.42377113621025136
CE_MATERIAL:0.4549266760172519
CE_KINGSAFETY:0.5121124080093024
C_PIECESQUARETABLES:0.429304371998405
C_MOBILITY:0.4969139114092617
C_KINGSAFETY:0.5093585300967589
C_PAWNSTRUCTURE:0.5308218413222511
C_PIECECOORDINATION:0.595721450620773
C_ROOKANDPAWNMOVEMENT:0.595721450620773
C_CENTERCONTROL:0.4911913038186496
C_DEVELOPPIECES:0.4790145381376344
C_MATERIAL:0.45471142838459
