ELO:1013
CE_PASSEDPAWNS:0.5047511612579889
CE_PAWNWEAKNESSES:0.496309692816044
CE_PIECEACTIVITY:0.5025160134641506
CE_KINGPAWNSHIELD:0.4944030760834888
CE_PIECECOORDINATION:0.4902302120126185
CE_MATERIAL:0.4925729517495366
CE_KINGSAFETY:0.5
C_PIECESQUARETABLES:0.5
C_MOBILITY:0.4908880708591675
C_KINGSAFETY:0.5030587776476728
C_PAWNSTRUCTURE:0.5031150270891477
C_PIECECOORDINATION:0.5017010733538222
C_ROOKANDPAWNMOVEMENT:0.5017010733538222
C_CENTERCONTROL:0.5
C_DEVELOPPIECES:0.5
C_MATERIAL:0.5061236331340085
C_MOVECOUNT:0.49233323905242105
