ELO:913
CE_PASSEDPAWNS:0.5257814179081236
CE_PAWNWEAKNESSES:0.5359913039565978
CE_PIECEACTIVITY:0.44908837364675763
CE_KINGPAWNSHIELD:0.4922541715026038
CE_PIECECOORDINATION:0.52092422089948
CE_MATERIAL:0.48247849254138964
CE_KINGSAFETY:0.4687440644721566
C_PIECESQUARETABLES:0.475551554116746
C_MOBILITY:0.5003054651642554
C_KINGSAFETY:0.507499138279451
C_PAWNSTRUCTURE:0.5101093052422088
C_PIECECOORDINATION:0.49011969035767045
C_ROOKANDPAWNMOVEMENT:0.49011969035767045
C_CENTERCONTROL:0.4918522712284751
C_DEVELOPPIECES:0.5254776455463701
C_MATERIAL:0.5102331386776602
C_MOVECOUNT:0.5
