ELO:913
CE_PASSEDPAWNS:0.5128564879645806
CE_PAWNWEAKNESSES:0.42098622009566955
CE_PIECEACTIVITY:0.4405709273923284
CE_KINGPAWNSHIELD:0.5877718286668246
CE_PIECECOORDINATION:0.45453141863031327
CE_MATERIAL:0.4761670548480641
CE_KINGSAFETY:0.499555357299849
C_PIECESQUARETABLES:0.5041267305703844
C_MOBILITY:0.5687009439279274
C_KINGSAFETY:0.5861184697142264
C_PAWNSTRUCTURE:0.4980514909888863
C_PIECECOORDINATION:0.6436021598602252
C_ROOKANDPAWNMOVEMENT:0.6436021598602252
C_CENTERCONTROL:0.47418729974659474
C_DEVELOPPIECES:0.46928527010242327
C_MATERIAL:0.44666987898106303
