ELO:913
CE_PASSEDPAWNS:0.5305860712009904
CE_PAWNWEAKNESSES:0.4329265509013085
CE_PIECEACTIVITY:0.4425046099248719
CE_KINGPAWNSHIELD:0.5867268616835469
CE_PIECECOORDINATION:0.4463720044677826
CE_MATERIAL:0.49372483947991025
CE_KINGSAFETY:0.48099061815269767
C_PIECESQUARETABLES:0.5245388450544377
C_MOBILITY:0.5611275289955987
C_KINGSAFETY:0.5893848553630825
C_PAWNSTRUCTURE:0.49911535477485475
C_PIECECOORDINATION:0.6301139943734277
C_ROOKANDPAWNMOVEMENT:0.6301139943734277
C_CENTERCONTROL:0.4934129880795659
C_DEVELOPPIECES:0.46399714273983605
C_MATERIAL:0.4543382676319036
