ELO:977
CE_PASSEDPAWNS:0.481258907828227
CE_PAWNWEAKNESSES:0.4989743826476497
CE_PIECEACTIVITY:0.5
CE_KINGPAWNSHIELD:0.5173365895841037
CE_PIECECOORDINATION:0.49282692803459915
CE_MATERIAL:0.5030122103029557
CE_KINGSAFETY:0.5
C_PIECESQUARETABLES:0.5101903510758277
C_MOBILITY:0.49636185360475404
C_KINGSAFETY:0.5024460864654428
C_PAWNSTRUCTURE:0.4961441160866584
C_PIECECOORDINATION:0.5258221065085616
C_ROOKANDPAWNMOVEMENT:0.5258221065085616
C_CENTERCONTROL:0.49848825061410845
C_DEVELOPPIECES:0.5020382793324311
C_MATERIAL:0.47040266500633865
C_MOVECOUNT:0.5
