ELO:914
CE_PASSEDPAWNS:0.564735688466585
CE_PAWNWEAKNESSES:0.45709306649043924
CE_PIECEACTIVITY:0.4592400419825297
CE_KINGPAWNSHIELD:0.5090526511543838
CE_PIECECOORDINATION:0.48521713331144245
CE_MATERIAL:0.547539044273519
CE_KINGSAFETY:0.5047161550168856
C_PIECESQUARETABLES:0.5080448982755702
C_MOBILITY:0.5634495288813991
C_KINGSAFETY:0.517272591526952
C_PAWNSTRUCTURE:0.5131469699331643
C_PIECECOORDINATION:0.5007859023548457
C_ROOK:0.5744342075823972
CE_ROOK:0.5001640659797508
C_CENTERCONTROL:0.43557741131825684
C_DEVELOPPIECES:0.5579448881493458
C_MATERIAL:0.48559135917245644
C_MOVECOUNT:0.48710349264499836
C_PAWNMOVEMENT:0.5632271029206665
