ELO:1000
CE_PASSEDPAWNS:0.48764537309590444
CE_PAWNWEAKNESSES:0.49695024913493885
CE_PIECEACTIVITY:0.52062937168577
CE_KINGPAWNSHIELD:0.5210599038045151
CE_PIECECOORDINATION:0.47626927746611897
CE_MATERIAL:0.49656988992469997
CE_KINGSAFETY:0.4878713338994979
C_PIECESQUARETABLES:0.5197329436267043
C_MOBILITY:0.5455101507536223
C_KINGSAFETY:0.48592133437454715
C_PAWNSTRUCTURE:0.5292105786125142
C_PIECECOORDINATION:0.4598637257746566
C_ROOKANDPAWNMOVEMENT:0.4598637257746566
C_CENTERCONTROL:0.46529880775421945
C_DEVELOPPIECES:0.5046327273577714
C_MATERIAL:0.5212848564196559
