ELO:973
CE_PASSEDPAWNS:0.6386163282449817
CE_PAWNWEAKNESSES:0.4619969610960732
CE_PIECEACTIVITY:0.5227718409310476
CE_KINGPAWNSHIELD:0.500095613464619
CE_PIECECOORDINATION:0.47561107568321176
CE_MATERIAL:0.449487994215027
CE_KINGSAFETY:0.4820667471941068
C_PIECESQUARETABLES:0.49944001388937204
C_MOBILITY:0.40349162793485466
C_KINGSAFETY:0.5186796206830107
C_PAWNSTRUCTURE:0.4186996717603647
C_PIECECOORDINATION:0.48803983598948597
C_ROOKANDPAWNMOVEMENT:0.48803983598948597
C_CENTERCONTROL:0.5359137822776556
C_DEVELOPPIECES:0.590141266432873
C_MATERIAL:0.4550148637028485
