ELO:1000
CE_PASSEDPAWNS:0.4987824019407791
CE_PAWNWEAKNESSES:0.5066871596966673
CE_PIECEACTIVITY:0.49459996189481314
CE_KINGPAWNSHIELD:0.5
CE_PIECECOORDINATION:0.5
CE_MATERIAL:0.5
CE_KINGSAFETY:0.5
C_PIECESQUARETABLES:0.5026465214585709
C_MOBILITY:0.5
C_KINGSAFETY:0.5089887479405216
C_PAWNSTRUCTURE:0.5
C_PIECECOORDINATION:0.500606291876431
C_ROOKANDPAWNMOVEMENT:0.500606291876431
C_CENTERCONTROL:0.4886337072165809
C_DEVELOPPIECES:0.5
C_MATERIAL:0.4962711455161449
C_MOVECOUNT:0.5
