ELO:860
CE_PASSEDPAWNS:0.42170937774304673
CE_PAWNWEAKNESSES:0.46600668915694105
CE_PIECEACTIVITY:0.5525242450101908
CE_KINGPAWNSHIELD:0.49591449862769493
CE_PIECECOORDINATION:0.4376639409640612
CE_MATERIAL:0.5649725342268365
CE_KINGSAFETY:0.5080995192713363
C_PIECESQUARETABLES:0.505950304816635
C_MOBILITY:0.5506751399799533
C_KINGSAFETY:0.5080685472218609
C_PAWNSTRUCTURE:0.5935383263739291
C_PIECECOORDINATION:0.45673440680935956
C_ROOKANDPAWNMOVEMENT:0.45673440680935956
C_CENTERCONTROL:0.511899597230449
C_DEVELOPPIECES:0.5128545324145136
C_MATERIAL:0.44200398545590197
