ELO:780
CE_PASSEDPAWNS:0.47763483097338083
CE_PAWNWEAKNESSES:0.47125888281691297
CE_PIECEACTIVITY:0.5126326321506354
CE_KINGPAWNSHIELD:0.4313898963261836
CE_PIECECOORDINATION:0.5406830938834736
CE_MATERIAL:0.534251597487021
CE_KINGSAFETY:0.5
C_PIECESQUARETABLES:0.47507760323539483
C_MOBILITY:0.4880635627668928
C_KINGSAFETY:0.4003078171263969
C_PAWNSTRUCTURE:0.45029003748175134
C_PIECECOORDINATION:0.5468743310561791
C_ROOKANDPAWNMOVEMENT:0.5468743310561791
C_CENTERCONTROL:0.5460629655240028
C_DEVELOPPIECES:0.5151164389932109
C_MATERIAL:0.5222156766148089
C_MOVECOUNT:0.541027241339562
