ELO:988
CE_PASSEDPAWNS:0.527880045212006
CE_PAWNWEAKNESSES:0.5012364772562314
CE_PIECEACTIVITY:0.47805892541928385
CE_KINGPAWNSHIELD:0.5034414936162734
CE_PIECECOORDINATION:0.5
CE_MATERIAL:0.4977476876822824
CE_KINGSAFETY:0.5
C_PIECESQUARETABLES:0.5
C_MOBILITY:0.4964521848701982
C_KINGSAFETY:0.5040802670363167
C_PAWNSTRUCTURE:0.5
C_PIECECOORDINATION:0.49445239426128534
C_ROOKANDPAWNMOVEMENT:0.49445239426128534
C_CENTERCONTROL:0.5114454935436046
C_DEVELOPPIECES:0.5038376298043344
C_MATERIAL:0.5173494734993419
C_MOVECOUNT:0.5
