ELO:864
CE_PASSEDPAWNS:0.4547681947443396
CE_PAWNWEAKNESSES:0.4964961749249541
CE_PIECEACTIVITY:0.5186502817429166
CE_KINGPAWNSHIELD:0.6108579178874777
CE_PIECECOORDINATION:0.5296357437828266
CE_MATERIAL:0.49116711528674917
CE_KINGSAFETY:0.4548742739236293
C_PIECESQUARETABLES:0.5002239297532644
C_MOBILITY:0.5605912656157596
C_KINGSAFETY:0.5493620347114344
C_PAWNSTRUCTURE:0.5138894499829397
C_PIECECOORDINATION:0.5090336709994527
C_ROOKANDPAWNMOVEMENT:0.5090336709994527
C_CENTERCONTROL:0.49605147086816936
C_DEVELOPPIECES:0.49874230915804585
C_MATERIAL:0.49354869721563227
C_MOVECOUNT:0.5
