ELO:715
CE_PASSEDPAWNS:0.4654856399593031
CE_PAWNWEAKNESSES:0.47081963995129683
CE_PIECEACTIVITY:0.5394065325131555
CE_KINGPAWNSHIELD:0.582710188573708
CE_PIECECOORDINATION:0.5445126794808027
CE_MATERIAL:0.44984492632390227
CE_KINGSAFETY:0.490565117524466
C_PIECESQUARETABLES:0.5294796301189756
C_MOBILITY:0.5610835324322299
C_KINGSAFETY:0.5264800861126385
C_PAWNSTRUCTURE:0.4919868687124873
C_PIECECOORDINATION:0.53761638568152
C_ROOKANDPAWNMOVEMENT:0.53761638568152
C_CENTERCONTROL:0.4704558614657897
C_DEVELOPPIECES:0.5224543019237999
C_MATERIAL:0.47375315512730587
C_MOVECOUNT:0.5
