ELO:939
CE_PASSEDPAWNS:0.468281118508584
CE_PAWNWEAKNESSES:0.5679454558741387
CE_PIECEACTIVITY:0.5108412722823309
CE_KINGPAWNSHIELD:0.48865971024790283
CE_PIECECOORDINATION:0.5097604976775181
CE_MATERIAL:0.5706578600962777
CE_KINGSAFETY:0.504768966650527
C_PIECESQUARETABLES:0.5145929089181938
C_MOBILITY:0.5206087514272363
C_KINGSAFETY:0.46157212849070883
C_PAWNSTRUCTURE:0.526075392725434
C_PIECECOORDINATION:0.40891386526140083
C_ROOKANDPAWNMOVEMENT:0.40891386526140083
C_CENTERCONTROL:0.4203053746332821
C_DEVELOPPIECES:0.4936170715669174
C_MATERIAL:0.5025749067848745
