ELO:880
CE_PASSEDPAWNS:0.48468669297961486
CE_PAWNWEAKNESSES:0.49368880459911474
CE_PIECEACTIVITY:0.5350921772951264
CE_KINGPAWNSHIELD:0.5132979336196702
CE_PIECECOORDINATION:0.5166237158951523
CE_MATERIAL:0.48240319314590097
CE_KINGSAFETY:0.5
C_PIECESQUARETABLES:0.5
C_MOBILITY:0.44870260874303586
C_KINGSAFETY:0.5341085347404381
C_PAWNSTRUCTURE:0.46812254811729054
C_PIECECOORDINATION:0.5443066912166353
C_ROOK:0.47300020937362497
CE_ROOK:0.4851801466251275
C_CENTERCONTROL:0.5158361556591261
C_DEVELOPPIECES:0.5141556562957008
C_MATERIAL:0.5458355147633454
C_MOVECOUNT:0.5030353970007744
C_PAWNMOVEMENT:0.47053849760289296
