ELO:1023
CE_PASSEDPAWNS:0.495402705173947
CE_PAWNWEAKNESSES:0.5144552999393877
CE_PIECEACTIVITY:0.5
CE_KINGPAWNSHIELD:0.49306358990501414
CE_PIECECOORDINATION:0.5
CE_MATERIAL:0.5
CE_KINGSAFETY:0.5
C_PIECESQUARETABLES:0.5
C_MOBILITY:0.5089196861810564
C_KINGSAFETY:0.5
C_PAWNSTRUCTURE:0.5124513346688001
C_PIECECOORDINATION:0.49722542858438745
C_ROOKANDPAWNMOVEMENT:0.49722542858438745
C_CENTERCONTROL:0.498894283540975
C_DEVELOPPIECES:0.5001161578818379
C_MATERIAL:0.49679207700343386
C_MOVECOUNT:0.5
