ELO:868
CE_PASSEDPAWNS:0.48675078926084897
CE_PAWNWEAKNESSES:0.49720651349059464
CE_PIECEACTIVITY:0.541120114839874
CE_KINGPAWNSHIELD:0.5025854951869408
CE_PIECECOORDINATION:0.5158731677127507
CE_MATERIAL:0.48240319314590097
CE_KINGSAFETY:0.5210424020827881
C_PIECESQUARETABLES:0.5023656704140284
C_MOBILITY:0.44024780169545397
C_KINGSAFETY:0.5295393709083711
C_PAWNSTRUCTURE:0.46200138103088395
C_PIECECOORDINATION:0.5443066912166353
C_ROOK:0.4626805844432972
CE_ROOK:0.48464044753906677
C_CENTERCONTROL:0.5220880650864117
C_DEVELOPPIECES:0.5205110114761848
C_MATERIAL:0.5458355147633454
C_MOVECOUNT:0.4919835192126368
C_PAWNMOVEMENT:0.47949131806352574
