ELO:1025
CE_PASSEDPAWNS:0.5010086647382663
CE_PAWNWEAKNESSES:0.5
CE_PIECEACTIVITY:0.50455338782748
CE_KINGPAWNSHIELD:0.5
CE_PIECECOORDINATION:0.5142916078327363
CE_MATERIAL:0.5
CE_KINGSAFETY:0.47476423233835474
C_PIECESQUARETABLES:0.499646904956183
C_MOBILITY:0.5
C_KINGSAFETY:0.5
C_PAWNSTRUCTURE:0.5
C_PIECECOORDINATION:0.529283196821111
C_ROOKANDPAWNMOVEMENT:0.529283196821111
C_CENTERCONTROL:0.5041287127625484
C_DEVELOPPIECES:0.4900831658533814
C_MATERIAL:0.49836210920723184
C_MOVECOUNT:0.5
