ELO:1022
CE_PASSEDPAWNS:0.5081867759347783
CE_PAWNWEAKNESSES:0.4871710299216591
CE_PIECEACTIVITY:0.5129748651427192
CE_KINGPAWNSHIELD:0.5302880530628215
CE_PIECECOORDINATION:0.5054440567102458
CE_MATERIAL:0.5
CE_KINGSAFETY:0.5
C_PIECESQUARETABLES:0.5
C_MOBILITY:0.5
C_KINGSAFETY:0.49339089680904796
C_PAWNSTRUCTURE:0.4980166955612101
C_PIECECOORDINATION:0.4998421476133073
C_ROOKANDPAWNMOVEMENT:0.4998421476133073
C_CENTERCONTROL:0.5
C_DEVELOPPIECES:0.510252868328484
C_MATERIAL:0.5094382035661601
C_MOVECOUNT:0.48551694217306557
