ELO:997
CE_PASSEDPAWNS:0.5
CE_PAWNWEAKNESSES:0.5090337300942425
CE_PIECEACTIVITY:0.5
CE_KINGPAWNSHIELD:0.5006923034629499
CE_PIECECOORDINATION:0.5052967554813625
CE_MATERIAL:0.49201311845852247
CE_KINGSAFETY:0.511467902948756
C_PIECESQUARETABLES:0.5003097645992439
C_MOBILITY:0.5087996968730182
C_KINGSAFETY:0.49914380618003557
C_PAWNSTRUCTURE:0.5015803376957092
C_PIECECOORDINATION:0.5146134304040132
C_ROOKANDPAWNMOVEMENT:0.5146134304040132
C_CENTERCONTROL:0.5117240657075784
C_DEVELOPPIECES:0.5105254738055276
C_MATERIAL:0.5032524755747995
C_MOVECOUNT:0.5
