ELO:999
CE_PASSEDPAWNS:0.5
CE_PAWNWEAKNESSES:0.5
CE_PIECEACTIVITY:0.5
CE_KINGPAWNSHIELD:0.5
CE_PIECECOORDINATION:0.4895808164788824
CE_MATERIAL:0.48669712455773045
CE_KINGSAFETY:0.5
C_PIECESQUARETABLES:0.5
C_MOBILITY:0.4937551823023083
C_KINGSAFETY:0.51248927955752
C_PAWNSTRUCTURE:0.5110929652215398
C_PIECECOORDINATION:0.5
C_ROOK:0.5011631059286578
CE_ROOK:0.5
C_CENTERCONTROL:0.511121051716567
C_DEVELOPPIECES:0.5020832839828882
C_MATERIAL:0.5
C_MOVECOUNT:0.5079791790035132
C_PAWNMOVEMENT:0.4936162422242963
