ELO:1000
CE_PASSEDPAWNS:0.5078252638282518
CE_PAWNWEAKNESSES:0.4773641550395822
CE_PIECEACTIVITY:0.5152636787740766
CE_KINGPAWNSHIELD:0.5074828259844696
CE_PIECECOORDINATION:0.48378128992814295
CE_MATERIAL:0.500767010566987
CE_KINGSAFETY:0.4846520770116804
C_PIECESQUARETABLES:0.5197052421009192
C_MOBILITY:0.4603834437199405
C_KINGSAFETY:0.5062311451699296
C_PAWNSTRUCTURE:0.5033977316230008
C_PIECECOORDINATION:0.5039768536255246
C_ROOKANDPAWNMOVEMENT:0.5039768536255246
C_CENTERCONTROL:0.5194032438375679
C_DEVELOPPIECES:0.5278130105600267
C_MATERIAL:0.5040904013352699
