ELO:941
CE_PASSEDPAWNS:0.5555173522204178
CE_PAWNWEAKNESSES:0.4707995476379349
CE_PIECEACTIVITY:0.5465960384337455
CE_KINGPAWNSHIELD:0.5786061288038473
CE_PIECECOORDINATION:0.4233003944998172
CE_MATERIAL:0.5517817922964673
CE_KINGSAFETY:0.4938591385352916
C_PIECESQUARETABLES:0.5053959870901337
C_MOBILITY:0.3181344101177938
C_KINGSAFETY:0.43162847081065514
C_PAWNSTRUCTURE:0.5619294484564124
C_PIECECOORDINATION:0.5475986673923102
C_ROOKANDPAWNMOVEMENT:0.5475986673923102
C_CENTERCONTROL:0.5068853338786522
C_DEVELOPPIECES:0.5831163182550587
C_MATERIAL:0.6119380732177164
