ELO:817
CE_PASSEDPAWNS:0.440606502418593
CE_PAWNWEAKNESSES:0.4784951428520091
CE_PIECEACTIVITY:0.5087736726544784
CE_KINGPAWNSHIELD:0.47415521953242823
CE_PIECECOORDINATION:0.48841317547978125
CE_MATERIAL:0.5458311596832637
CE_KINGSAFETY:0.5335141388511665
C_PIECESQUARETABLES:0.4669012914125928
C_MOBILITY:0.4700047627580657
C_KINGSAFETY:0.5214800822563165
C_PAWNSTRUCTURE:0.5104116651998344
C_PIECECOORDINATION:0.5516885994623115
C_ROOKANDPAWNMOVEMENT:0.5516885994623115
C_CENTERCONTROL:0.5333530758740435
C_DEVELOPPIECES:0.5564676529909391
C_MATERIAL:0.5062551553023712
C_MOVECOUNT:0.5
