ELO:870
CE_PASSEDPAWNS:0.5024836022267788
CE_PAWNWEAKNESSES:0.5132106602334814
CE_PIECEACTIVITY:0.5065658396009273
CE_KINGPAWNSHIELD:0.48749540866490415
CE_PIECECOORDINATION:0.4747386636339148
CE_MATERIAL:0.5007887466597559
CE_KINGSAFETY:0.5231280294867104
C_PIECESQUARETABLES:0.47622878965858645
C_MOBILITY:0.46940307544083054
C_KINGSAFETY:0.5124928538547413
C_PAWNSTRUCTURE:0.535757560413739
C_PIECECOORDINATION:0.5344078347596538
C_ROOKANDPAWNMOVEMENT:0.5344078347596538
C_CENTERCONTROL:0.5184483186983914
C_DEVELOPPIECES:0.555851250717625
C_MATERIAL:0.49105568746638073
C_MOVECOUNT:0.5
