ELO:937
CE_PASSEDPAWNS:0.5603464090538672
CE_PAWNWEAKNESSES:0.4857364202659928
CE_PIECEACTIVITY:0.6025655255417572
CE_KINGPAWNSHIELD:0.6020353226379502
CE_PIECECOORDINATION:0.47417836675734826
CE_MATERIAL:0.5465164588804352
CE_KINGSAFETY:0.49540727015891967
C_PIECESQUARETABLES:0.5314995202843594
C_MOBILITY:0.31254200818360467
C_KINGSAFETY:0.4356850236372751
C_PAWNSTRUCTURE:0.5583312014410037
C_PIECECOORDINATION:0.6038998521475452
C_ROOKANDPAWNMOVEMENT:0.6038998521475452
C_CENTERCONTROL:0.5107696087859693
C_DEVELOPPIECES:0.5886668124463637
C_MATERIAL:0.6251639707920221
