ELO:866
CE_PASSEDPAWNS:0.5148741466117702
CE_PAWNWEAKNESSES:0.5278256412001829
CE_PIECEACTIVITY:0.4944529936875754
CE_KINGPAWNSHIELD:0.5102306834350868
CE_PIECECOORDINATION:0.4838532562466128
CE_MATERIAL:0.5013727966328142
CE_KINGSAFETY:0.5092948440611078
C_PIECESQUARETABLES:0.5272679878173312
C_MOBILITY:0.5095032065526615
C_KINGSAFETY:0.45648253917492376
C_PAWNSTRUCTURE:0.48215724196041265
C_PIECECOORDINATION:0.534813563778414
C_ROOKANDPAWNMOVEMENT:0.534813563778414
C_CENTERCONTROL:0.5202077969231302
C_DEVELOPPIECES:0.505648293631124
C_MATERIAL:0.4806399333471574
C_MOVECOUNT:0.5
