ELO:969
CE_PASSEDPAWNS:0.5985946801804422
CE_PAWNWEAKNESSES:0.46461439765505114
CE_PIECEACTIVITY:0.5707292653978834
CE_KINGPAWNSHIELD:0.5901961007256892
CE_PIECECOORDINATION:0.48818661333972907
CE_MATERIAL:0.5402482882355498
CE_KINGSAFETY:0.46739169735297836
C_PIECESQUARETABLES:0.48494558242830454
C_MOBILITY:0.36524633262508405
C_KINGSAFETY:0.5063983067280463
C_PAWNSTRUCTURE:0.5361421697722052
C_PIECECOORDINATION:0.544097623701181
C_ROOKANDPAWNMOVEMENT:0.544097623701181
C_CENTERCONTROL:0.521757460258835
C_DEVELOPPIECES:0.5742863994409436
C_MATERIAL:0.5839988969013913
