ELO:1015
CE_PASSEDPAWNS:0.5096778647103366
CE_PAWNWEAKNESSES:0.5313653737146832
CE_PIECEACTIVITY:0.5034562598938414
CE_KINGPAWNSHIELD:0.5079142200124107
CE_PIECECOORDINATION:0.5118743596918884
CE_MATERIAL:0.5046281494775275
CE_KINGSAFETY:0.49973651384352574
C_PIECESQUARETABLES:0.4890375376297138
C_MOBILITY:0.5
C_KINGSAFETY:0.5
C_PAWNSTRUCTURE:0.5056383848836509
C_PIECECOORDINATION:0.49521209555466794
C_ROOKANDPAWNMOVEMENT:0.49521209555466794
C_CENTERCONTROL:0.48993796881468493
C_DEVELOPPIECES:0.5030410910939745
C_MATERIAL:0.494028613801552
C_MOVECOUNT:0.5
