ELO:988
CE_PASSEDPAWNS:0.357852410637948
CE_PAWNWEAKNESSES:0.5215168595664312
CE_PIECEACTIVITY:0.5594978002495871
CE_KINGPAWNSHIELD:0.47861624309419026
CE_PIECECOORDINATION:0.44538019471221774
CE_MATERIAL:0.5051353681411039
CE_KINGSAFETY:0.4832274443849727
C_PIECESQUARETABLES:0.4913656130700882
C_MOBILITY:0.5087694361736878
C_KINGSAFETY:0.5077087654596292
C_PAWNSTRUCTURE:0.3372462394950128
C_PIECECOORDINATION:0.4455295289066636
C_ROOKANDPAWNMOVEMENT:0.4455295289066636
C_CENTERCONTROL:0.35488331713916
C_DEVELOPPIECES:0.48526643501506994
C_MATERIAL:0.5668131553689512
