ELO:1000
CE_PASSEDPAWNS:0.5315847641723739
CE_PAWNWEAKNESSES:0.46355536987207646
CE_PIECEACTIVITY:0.5001145636522655
CE_KINGPAWNSHIELD:0.503942841923542
CE_PIECECOORDINATION:0.47435008774142357
CE_MATERIAL:0.47305266088684755
CE_KINGSAFETY:0.5183083321382972
C_PIECESQUARETABLES:0.43632671281260926
C_MOBILITY:0.5774262431266164
C_KINGSAFETY:0.5429980134347965
C_PAWNSTRUCTURE:0.4767185847325424
C_PIECECOORDINATION:0.5443018361627245
C_ROOKANDPAWNMOVEMENT:0.5443018361627245
C_CENTERCONTROL:0.5248416083389761
C_DEVELOPPIECES:0.5214533398650029
C_MATERIAL:0.580710443215024
