ELO:953
CE_PASSEDPAWNS:0.5900689130903022
CE_PAWNWEAKNESSES:0.4431763835855839
CE_PIECEACTIVITY:0.5590625740109632
CE_KINGPAWNSHIELD:0.5772506312326509
CE_PIECECOORDINATION:0.44605674558585695
CE_MATERIAL:0.5833845123218815
CE_KINGSAFETY:0.5053508423038122
C_PIECESQUARETABLES:0.5178752495372083
C_MOBILITY:0.3357619092483229
C_KINGSAFETY:0.45926202892068013
C_PAWNSTRUCTURE:0.5918011353738832
C_PIECECOORDINATION:0.5569421157068507
C_ROOKANDPAWNMOVEMENT:0.5569421157068507
C_CENTERCONTROL:0.5033902837762756
C_DEVELOPPIECES:0.5821923645014286
C_MATERIAL:0.5942052481089893
