ELO:893
CE_PASSEDPAWNS:0.4821806003152641
CE_PAWNWEAKNESSES:0.5031949738750485
CE_PIECEACTIVITY:0.5123904764266961
CE_KINGPAWNSHIELD:0.5170278171322412
CE_PIECECOORDINATION:0.4864255697787604
CE_MATERIAL:0.4944706113359417
CE_KINGSAFETY:0.4869109889919588
C_PIECESQUARETABLES:0.508048791359869
C_MOBILITY:0.48484496539207883
C_KINGSAFETY:0.5009088934701416
C_PAWNSTRUCTURE:0.5568640212635073
C_PIECECOORDINATION:0.5248214882325686
C_ROOKANDPAWNMOVEMENT:0.5248214882325686
C_CENTERCONTROL:0.47208176586259243
C_DEVELOPPIECES:0.5161117990002266
C_MATERIAL:0.5461424619039507
C_MOVECOUNT:0.5261069158479126
