ELO:812
CE_PASSEDPAWNS:0.4470922630738162
CE_PAWNWEAKNESSES:0.4768247838068617
CE_PIECEACTIVITY:0.5087736726544784
CE_KINGPAWNSHIELD:0.47415521953242823
CE_PIECECOORDINATION:0.48956644456232606
CE_MATERIAL:0.5349777860978874
CE_KINGSAFETY:0.5535210027975911
C_PIECESQUARETABLES:0.4534527763255651
C_MOBILITY:0.49129309169376545
C_KINGSAFETY:0.5243693371780609
C_PAWNSTRUCTURE:0.5151543865687009
C_PIECECOORDINATION:0.5536905037927329
C_ROOKANDPAWNMOVEMENT:0.5536905037927329
C_CENTERCONTROL:0.5216956447872693
C_DEVELOPPIECES:0.5494739185462599
C_MATERIAL:0.5004626652600171
C_MOVECOUNT:0.5
