ELO:933
CE_PASSEDPAWNS:0.5240854627228859
CE_PAWNWEAKNESSES:0.43534852197678015
CE_PIECEACTIVITY:0.4124175243743802
CE_KINGPAWNSHIELD:0.45916982876406803
CE_PIECECOORDINATION:0.44284994017477075
CE_MATERIAL:0.5193066508340567
CE_KINGSAFETY:0.5
C_PIECESQUARETABLES:0.5
C_MOBILITY:0.4261926393867877
C_KINGSAFETY:0.5418920153912652
C_PAWNSTRUCTURE:0.5390511293005014
C_PIECECOORDINATION:0.556379022154654
C_ROOKANDPAWNMOVEMENT:0.556379022154654
C_CENTERCONTROL:0.6025351735358979
C_DEVELOPPIECES:0.5065122623453628
C_MATERIAL:0.4505415578729388
