ELO:950
CE_PASSEDPAWNS:0.5416184611518479
CE_PAWNWEAKNESSES:0.4708767387041276
CE_PIECEACTIVITY:0.504295159399191
CE_KINGPAWNSHIELD:0.5359192248029969
CE_PIECECOORDINATION:0.4217092301721454
CE_MATERIAL:0.44845541735606176
CE_KINGSAFETY:0.5129055210900296
C_PIECESQUARETABLES:0.5
C_MOBILITY:0.3101299190571748
C_KINGSAFETY:0.4251032228605021
C_PAWNSTRUCTURE:0.43638733007227987
C_PIECECOORDINATION:0.6530013275696301
C_ROOKANDPAWNMOVEMENT:0.6530013275696301
C_CENTERCONTROL:0.5073625317908154
C_DEVELOPPIECES:0.5904552046277457
C_MATERIAL:0.6708187329787222
