ELO:911
CE_PASSEDPAWNS:0.3874530726240223
CE_PAWNWEAKNESSES:0.5575820967360373
CE_PIECEACTIVITY:0.3551379474089684
CE_KINGPAWNSHIELD:0.3761138918055608
CE_PIECECOORDINATION:0.5326591095302353
CE_MATERIAL:0.49648601756549415
CE_KINGSAFETY:0.4790855311660436
C_PIECESQUARETABLES:0.463767653856893
C_MOBILITY:0.4159553894879452
C_KINGSAFETY:0.3158883086602361
C_PAWNSTRUCTURE:0.5123772799442574
C_PIECECOORDINATION:0.4784814828951855
C_ROOKANDPAWNMOVEMENT:0.4784814828951855
C_CENTERCONTROL:0.5358256185922521
C_DEVELOPPIECES:0.5450846824111091
C_MATERIAL:0.40017608736438864
