ELO:969
CE_PASSEDPAWNS:0.48551568238958737
CE_PAWNWEAKNESSES:0.4704368444554308
CE_PIECEACTIVITY:0.515440866996072
CE_KINGPAWNSHIELD:0.5079053125750482
CE_PIECECOORDINATION:0.49938772615274524
CE_MATERIAL:0.45308164929552985
CE_KINGSAFETY:0.4865641778700372
C_PIECESQUARETABLES:0.5056770517335278
C_MOBILITY:0.48240070287802145
C_KINGSAFETY:0.5438393875372528
C_PAWNSTRUCTURE:0.48241175819160526
C_PIECECOORDINATION:0.4974917506413375
C_ROOK:0.4863405318128492
CE_ROOK:0.5003472462679467
C_CENTERCONTROL:0.5291699415154931
C_DEVELOPPIECES:0.5129577980572657
C_MATERIAL:0.5133544234616424
C_MOVECOUNT:0.4963104003668565
C_PAWNMOVEMENT:0.48947980505290045
