ELO:1006
CE_PASSEDPAWNS:0.6692286747616006
CE_PAWNWEAKNESSES:0.49181418604801075
CE_PIECEACTIVITY:0.502989769497568
CE_KINGPAWNSHIELD:0.4455404022539445
CE_PIECECOORDINATION:0.4984621681465616
CE_MATERIAL:0.47215807846148994
CE_KINGSAFETY:0.5078217321827724
C_PIECESQUARETABLES:0.5318007200082698
C_MOBILITY:0.507586685917557
C_KINGSAFETY:0.6449645792759384
C_PAWNSTRUCTURE:0.3703612458567149
C_PIECECOORDINATION:0.4658434674668765
C_ROOKANDPAWNMOVEMENT:0.4658434674668765
C_CENTERCONTROL:0.5333263273623134
C_DEVELOPPIECES:0.48637247335824935
C_MATERIAL:0.3842238136284345
