ELO:925
CE_PASSEDPAWNS:0.621711941416036
CE_PAWNWEAKNESSES:0.41793345149202676
CE_PIECEACTIVITY:0.5863916550881825
CE_KINGPAWNSHIELD:0.5298979158768798
CE_PIECECOORDINATION:0.3615189260385056
CE_MATERIAL:0.46997970378856907
CE_KINGSAFETY:0.5
C_PIECESQUARETABLES:0.4878005520400273
C_MOBILITY:0.42630117233628945
C_KINGSAFETY:0.37341184887688533
C_PAWNSTRUCTURE:0.40774961479258204
C_PIECECOORDINATION:0.5139718158764118
C_ROOKANDPAWNMOVEMENT:0.5139718158764118
C_CENTERCONTROL:0.5383247512581993
C_DEVELOPPIECES:0.46219157797816973
C_MATERIAL:0.3624642915243751
