ELO:1006
CE_PASSEDPAWNS:0.4979054354407601
CE_PAWNWEAKNESSES:0.5056509921271757
CE_PIECEACTIVITY:0.49351801647947047
CE_KINGPAWNSHIELD:0.510223913860472
CE_PIECECOORDINATION:0.5121648901616336
CE_MATERIAL:0.5005873939086712
CE_KINGSAFETY:0.5
C_PIECESQUARETABLES:0.5
C_MOBILITY:0.5020085049946837
C_KINGSAFETY:0.5118445895348431
C_PAWNSTRUCTURE:0.5
C_PIECECOORDINATION:0.5
C_ROOKANDPAWNMOVEMENT:0.5
C_CENTERCONTROL:0.5
C_DEVELOPPIECES:0.4897904598386816
C_MATERIAL:0.5053391497674701
C_MOVECOUNT:0.5
