ELO:969
CE_PASSEDPAWNS:0.4958926196569527
CE_PAWNWEAKNESSES:0.47296303025046454
CE_PIECEACTIVITY:0.5035273736701216
CE_KINGPAWNSHIELD:0.4991711109020021
CE_PIECECOORDINATION:0.49383095890252054
CE_MATERIAL:0.46667815045977984
CE_KINGSAFETY:0.49352932123961357
C_PIECESQUARETABLES:0.5
C_MOBILITY:0.4950156299529088
C_KINGSAFETY:0.5279662182869109
C_PAWNSTRUCTURE:0.47515005912146036
C_PIECECOORDINATION:0.5036737877708019
C_ROOK:0.4986070531690123
CE_ROOK:0.5053309569533823
C_CENTERCONTROL:0.5091394055527964
C_DEVELOPPIECES:0.5197856864630884
C_MATERIAL:0.5021751309804798
C_MOVECOUNT:0.49717047314677343
C_PAWNMOVEMENT:0.504055950487315
