ELO:970
CE_PASSEDPAWNS:0.5021946920533819
CE_PAWNWEAKNESSES:0.47296303025046454
CE_PIECEACTIVITY:0.5035273736701216
CE_KINGPAWNSHIELD:0.5000274835856827
CE_PIECECOORDINATION:0.4933286585730279
CE_MATERIAL:0.46454060970421074
CE_KINGSAFETY:0.4865641778700372
C_PIECESQUARETABLES:0.49835983157346164
C_MOBILITY:0.48240070287802145
C_KINGSAFETY:0.5337795515991725
C_PAWNSTRUCTURE:0.47515005912146036
C_PIECECOORDINATION:0.49537562826261683
C_ROOK:0.4994276164429212
CE_ROOK:0.5008133235245468
C_CENTERCONTROL:0.5091394055527964
C_DEVELOPPIECES:0.5120241818170304
C_MATERIAL:0.508466975514905
C_MOVECOUNT:0.4978612780181635
C_PAWNMOVEMENT:0.4954224251448701
