ELO:783
CE_PASSEDPAWNS:0.5176179489926228
CE_PAWNWEAKNESSES:0.5409312399267254
CE_PIECEACTIVITY:0.5231514801346556
CE_KINGPAWNSHIELD:0.5070555835232787
CE_PIECECOORDINATION:0.49835587569443157
CE_MATERIAL:0.5061088248226311
CE_KINGSAFETY:0.5493218334862118
C_PIECESQUARETABLES:0.5161370375965068
C_MOBILITY:0.4832550701913725
C_KINGSAFETY:0.3982614250041199
C_PAWNSTRUCTURE:0.4538293775926114
C_PIECECOORDINATION:0.5567244464043661
C_ROOKANDPAWNMOVEMENT:0.5567244464043661
C_CENTERCONTROL:0.5495063224211788
C_DEVELOPPIECES:0.4936005731341708
C_MATERIAL:0.4585452723522441
C_MOVECOUNT:0.5
