ELO:957
CE_PASSEDPAWNS:0.6033068793459381
CE_PAWNWEAKNESSES:0.45118707428232924
CE_PIECEACTIVITY:0.5444906173367692
CE_KINGPAWNSHIELD:0.5913281634945283
CE_PIECECOORDINATION:0.4626410161287131
CE_MATERIAL:0.5774151172664899
CE_KINGSAFETY:0.5109028300225537
C_PIECESQUARETABLES:0.49223322129784614
C_MOBILITY:0.35383829543492135
C_KINGSAFETY:0.4778203257144392
C_PAWNSTRUCTURE:0.5735701703348697
C_PIECECOORDINATION:0.5588283581025933
C_ROOKANDPAWNMOVEMENT:0.5588283581025933
C_CENTERCONTROL:0.5325326486691386
C_DEVELOPPIECES:0.5846683163952684
C_MATERIAL:0.5628586196949091
