ELO:988
CE_PASSEDPAWNS:0.3623050546974184
CE_PAWNWEAKNESSES:0.5174906394220417
CE_PIECEACTIVITY:0.555288741520255
CE_KINGPAWNSHIELD:0.46362032754271126
CE_PIECECOORDINATION:0.4686150853008289
CE_MATERIAL:0.5008080989008407
CE_KINGSAFETY:0.4972098284030714
C_PIECESQUARETABLES:0.491839029760274
C_MOBILITY:0.5065966121900184
C_KINGSAFETY:0.5605121823415034
C_PAWNSTRUCTURE:0.32659486032772983
C_PIECECOORDINATION:0.4464989631919034
C_ROOKANDPAWNMOVEMENT:0.4464989631919034
C_CENTERCONTROL:0.34814896783355537
C_DEVELOPPIECES:0.47475384364328127
C_MATERIAL:0.675702882216438
