ELO:1006
CE_PASSEDPAWNS:0.4959058937910297
CE_PAWNWEAKNESSES:0.5150540608576976
CE_PIECEACTIVITY:0.4864862429688202
CE_KINGPAWNSHIELD:0.5108806717843566
CE_PIECECOORDINATION:0.47516810240881435
CE_MATERIAL:0.5
CE_KINGSAFETY:0.47942428061124387
C_PIECESQUARETABLES:0.5
C_MOBILITY:0.5
C_KINGSAFETY:0.4945503926255498
C_PAWNSTRUCTURE:0.5146697590155803
C_PIECECOORDINATION:0.5249651237485023
C_ROOKANDPAWNMOVEMENT:0.5249651237485023
C_CENTERCONTROL:0.4940775660684628
C_DEVELOPPIECES:0.5
C_MATERIAL:0.5007019348549979
C_MOVECOUNT:0.5
