ELO:921
CE_PASSEDPAWNS:0.4044308926139319
CE_PAWNWEAKNESSES:0.5260661528824341
CE_PIECEACTIVITY:0.4811879602807145
CE_KINGPAWNSHIELD:0.5759125365711933
CE_PIECECOORDINATION:0.5495999791656984
CE_MATERIAL:0.42225545213303745
CE_KINGSAFETY:0.4609901262793215
C_PIECESQUARETABLES:0.49877945820402264
C_MOBILITY:0.5787556642009201
C_KINGSAFETY:0.5028338134302189
C_PAWNSTRUCTURE:0.48922751638957124
C_PIECECOORDINATION:0.613844618219736
C_ROOKANDPAWNMOVEMENT:0.613844618219736
C_CENTERCONTROL:0.44286502179633586
C_DEVELOPPIECES:0.46503015139405196
C_MATERIAL:0.6001732508799043
