ELO:943
CE_PASSEDPAWNS:0.5138619554432
CE_PAWNWEAKNESSES:0.511592615472787
CE_PIECEACTIVITY:0.5119812919098792
CE_KINGPAWNSHIELD:0.5006067091725654
CE_PIECECOORDINATION:0.4963977615337446
CE_MATERIAL:0.4959229758261551
CE_KINGSAFETY:0.5
C_PIECESQUARETABLES:0.4822274108872364
C_MOBILITY:0.47288943238730524
C_KINGSAFETY:0.5214500765120718
C_PAWNSTRUCTURE:0.5095195285543913
C_PIECECOORDINATION:0.5
C_ROOKANDPAWNMOVEMENT:0.5
C_CENTERCONTROL:0.5
C_DEVELOPPIECES:0.563632656784994
C_MATERIAL:0.4878964410204243
C_MOVECOUNT:0.5
