ELO:1020
CE_PASSEDPAWNS:0.4975865746448969
CE_PAWNWEAKNESSES:0.5
CE_PIECEACTIVITY:0.48905773212419307
CE_KINGPAWNSHIELD:0.49043704483458145
CE_PIECECOORDINATION:0.5
CE_MATERIAL:0.5
CE_KINGSAFETY:0.5
C_PIECESQUARETABLES:0.5
C_MOBILITY:0.4977284500979592
C_KINGSAFETY:0.5012844851028576
C_PAWNSTRUCTURE:0.5
C_PIECECOORDINATION:0.5
C_ROOKANDPAWNMOVEMENT:0.5
C_CENTERCONTROL:0.5083567930114963
C_DEVELOPPIECES:0.4877762945626448
C_MATERIAL:0.4900448986752461
C_MOVECOUNT:0.4884124607284497
