ELO:971
CE_PASSEDPAWNS:0.5800147789566299
CE_PAWNWEAKNESSES:0.4406461168357632
CE_PIECEACTIVITY:0.5478860842202349
CE_KINGPAWNSHIELD:0.5873662790496255
CE_PIECECOORDINATION:0.4630177237895087
CE_MATERIAL:0.540866280360155
CE_KINGSAFETY:0.45965993007626044
C_PIECESQUARETABLES:0.484712556088837
C_MOBILITY:0.37588533903828314
C_KINGSAFETY:0.4981293045230432
C_PAWNSTRUCTURE:0.5291487272072055
C_PIECECOORDINATION:0.5404666833635672
C_ROOKANDPAWNMOVEMENT:0.5404666833635672
C_CENTERCONTROL:0.5273627225807261
C_DEVELOPPIECES:0.549310427598859
C_MATERIAL:0.5823738636547244
