ELO:890
CE_PASSEDPAWNS:0.5040168261379425
CE_PAWNWEAKNESSES:0.4848170235624983
CE_PIECEACTIVITY:0.5454487570447463
CE_KINGPAWNSHIELD:0.5265535432024331
CE_PIECECOORDINATION:0.5180366284165857
CE_MATERIAL:0.47582200777875217
CE_KINGSAFETY:0.48557223994183085
C_PIECESQUARETABLES:0.5121889489767891
C_MOBILITY:0.4449627846570719
C_KINGSAFETY:0.5251890403027306
C_PAWNSTRUCTURE:0.46858440103693727
C_PIECECOORDINATION:0.5381775155102766
C_ROOK:0.4714698310906805
CE_ROOK:0.48997929845803745
C_CENTERCONTROL:0.5077614705380263
C_DEVELOPPIECES:0.5161657507182679
C_MATERIAL:0.5453543432911768
C_MOVECOUNT:0.5030353970007744
C_PAWNMOVEMENT:0.48551350346555955
