ELO:981
CE_PASSEDPAWNS:0.5
CE_PAWNWEAKNESSES:0.5115748595808388
CE_PIECEACTIVITY:0.48833118398357495
CE_KINGPAWNSHIELD:0.5
CE_PIECECOORDINATION:0.5138678415720301
CE_MATERIAL:0.49183203143842563
CE_KINGSAFETY:0.5104762489474748
C_PIECESQUARETABLES:0.5164742096888619
C_MOBILITY:0.5003222528313321
C_KINGSAFETY:0.5039515148917887
C_PAWNSTRUCTURE:0.5
C_PIECECOORDINATION:0.4505348929254285
C_ROOKANDPAWNMOVEMENT:0.4505348929254285
C_CENTERCONTROL:0.5
C_DEVELOPPIECES:0.4747775736791693
C_MATERIAL:0.4896703024798377
C_MOVECOUNT:0.5
