ELO:1061
CE_PASSEDPAWNS:0.5
CE_PAWNWEAKNESSES:0.4885248086359001
CE_PIECEACTIVITY:0.5
CE_KINGPAWNSHIELD:0.5212928889833564
CE_PIECECOORDINATION:0.49234682065359636
CE_MATERIAL:0.5105230860755524
CE_KINGSAFETY:0.5
C_PIECESQUARETABLES:0.5235214035737407
C_MOBILITY:0.49248344091338564
C_KINGSAFETY:0.4955724908626188
C_PAWNSTRUCTURE:0.4950242556318483
C_PIECECOORDINATION:0.51123663264176
C_ROOK:0.47612324977571696
CE_ROOK:0.5028556587052005
C_CENTERCONTROL:0.5095672251229469
C_DEVELOPPIECES:0.4934122615098554
C_MATERIAL:0.5
C_MOVECOUNT:0.48882454569891975
C_PAWNMOVEMENT:0.5042123670079914
