ELO:944
CE_PASSEDPAWNS:0.45942225612693016
CE_PAWNWEAKNESSES:0.4846135371929561
CE_PIECEACTIVITY:0.4638437505762396
CE_KINGPAWNSHIELD:0.5038468398717648
CE_PIECECOORDINATION:0.5025043510503925
CE_MATERIAL:0.5284653348688758
CE_KINGSAFETY:0.476276294289918
C_PIECESQUARETABLES:0.4966002010371036
C_MOBILITY:0.592169130591374
C_KINGSAFETY:0.5218549317270319
C_PAWNSTRUCTURE:0.49296177327652113
C_PIECECOORDINATION:0.5726475245836399
C_ROOKANDPAWNMOVEMENT:0.5726475245836399
C_CENTERCONTROL:0.43869384433419484
C_DEVELOPPIECES:0.47092362178158664
C_MATERIAL:0.5749815262584468
