ELO:933
CE_PASSEDPAWNS:0.4989476308663339
CE_PAWNWEAKNESSES:0.5048741944996193
CE_PIECEACTIVITY:0.4906415330660875
CE_KINGPAWNSHIELD:0.46905015548196916
CE_PIECECOORDINATION:0.5658443807619264
CE_MATERIAL:0.5295448893916009
CE_KINGSAFETY:0.49024983660420596
C_PIECESQUARETABLES:0.5128036521289899
C_MOBILITY:0.3234667458917483
C_KINGSAFETY:0.5418920153912652
C_PAWNSTRUCTURE:0.5665594115536732
C_PIECECOORDINATION:0.5022107255706696
C_ROOKANDPAWNMOVEMENT:0.5022107255706696
C_CENTERCONTROL:0.5238027868400249
C_DEVELOPPIECES:0.4124735521147704
C_MATERIAL:0.36968952423992796
