ELO:980
CE_PASSEDPAWNS:0.5078056895545534
CE_PAWNWEAKNESSES:0.49547154789835984
CE_PIECEACTIVITY:0.5065959133939052
CE_KINGPAWNSHIELD:0.5925368710521371
CE_PIECECOORDINATION:0.5011849968110106
CE_MATERIAL:0.5174791326048911
CE_KINGSAFETY:0.508427513950477
C_PIECESQUARETABLES:0.41611800005192007
C_MOBILITY:0.46309566973412775
C_KINGSAFETY:0.49560482865505995
C_PAWNSTRUCTURE:0.4746980538729862
C_PIECECOORDINATION:0.4938194363882522
C_ROOKANDPAWNMOVEMENT:0.4938194363882522
C_CENTERCONTROL:0.5037496128876593
C_DEVELOPPIECES:0.5246206435738773
C_MATERIAL:0.43425595026385055
