ELO:950
CE_PASSEDPAWNS:0.4995861270805158
CE_PAWNWEAKNESSES:0.5044688556394836
CE_PIECEACTIVITY:0.5124147260032997
CE_KINGPAWNSHIELD:0.5247855997393583
CE_PIECECOORDINATION:0.521962269648278
CE_MATERIAL:0.524555807868051
CE_KINGSAFETY:0.48127842588727204
C_PIECESQUARETABLES:0.5
C_MOBILITY:0.5162771996559206
C_KINGSAFETY:0.44718567491095057
C_PAWNSTRUCTURE:0.4951724136208698
C_PIECECOORDINATION:0.49604245636044453
C_ROOKANDPAWNMOVEMENT:0.49604245636044453
C_CENTERCONTROL:0.5296250231683987
C_DEVELOPPIECES:0.5028598479655322
C_MATERIAL:0.4787681250766815
C_MOVECOUNT:0.4889641403288264
