ELO:948
CE_PASSEDPAWNS:0.49497322090349016
CE_PAWNWEAKNESSES:0.5145913619706819
CE_PIECEACTIVITY:0.5075337419116795
CE_KINGPAWNSHIELD:0.5203098870566644
CE_PIECECOORDINATION:0.4944353112470249
CE_MATERIAL:0.4958180826895206
CE_KINGSAFETY:0.5118081527157902
C_PIECESQUARETABLES:0.5049280175990437
C_MOBILITY:0.4652132335334464
C_KINGSAFETY:0.4834375074295837
C_PAWNSTRUCTURE:0.4993109205040193
C_PIECECOORDINATION:0.5191370816906553
C_ROOKANDPAWNMOVEMENT:0.5191370816906553
C_CENTERCONTROL:0.4691913301729341
C_DEVELOPPIECES:0.5051063849780015
C_MATERIAL:0.503762910933118
C_MOVECOUNT:0.5
