ELO:924
CE_PASSEDPAWNS:0.4972134206807362
CE_PAWNWEAKNESSES:0.47395114092298424
CE_PIECEACTIVITY:0.5428130722499831
CE_KINGPAWNSHIELD:0.45369554632542713
CE_PIECECOORDINATION:0.5238205742327225
CE_MATERIAL:0.5409592010868765
CE_KINGSAFETY:0.5
C_PIECESQUARETABLES:0.5115015403321677
C_MOBILITY:0.5280498607190449
C_KINGSAFETY:0.46640629175495313
C_PAWNSTRUCTURE:0.48712878465685555
C_PIECECOORDINATION:0.44632804998049885
C_ROOK:0.45186659723745215
CE_ROOK:0.5051018024021342
C_CENTERCONTROL:0.48225683840354344
C_DEVELOPPIECES:0.49543903757227337
C_MATERIAL:0.4954256160332521
C_MOVECOUNT:0.5166749940588786
C_PAWNMOVEMENT:0.4416613539973573
