ELO:802
CE_PASSEDPAWNS:0.5158922854799594
CE_PAWNWEAKNESSES:0.5434661535012875
CE_PIECEACTIVITY:0.497086179874057
CE_KINGPAWNSHIELD:0.5071396759951282
CE_PIECECOORDINATION:0.5310856683081432
CE_MATERIAL:0.50104943210701
CE_KINGSAFETY:0.44767458283339395
C_PIECESQUARETABLES:0.5172502288390995
C_MOBILITY:0.5599784191486837
C_KINGSAFETY:0.4072115733863925
C_PAWNSTRUCTURE:0.5216259138155382
C_PIECECOORDINATION:0.545779890141871
C_ROOKANDPAWNMOVEMENT:0.545779890141871
C_CENTERCONTROL:0.5252984719221973
C_DEVELOPPIECES:0.5176155263672352
C_MATERIAL:0.48618679046304797
C_MOVECOUNT:0.47487028084947136
