ELO:1010
CE_PASSEDPAWNS:0.5054825413659428
CE_PAWNWEAKNESSES:0.5000220444679668
CE_PIECEACTIVITY:0.4869751522082321
CE_KINGPAWNSHIELD:0.5104726291842572
CE_PIECECOORDINATION:0.4982023594627207
CE_MATERIAL:0.5
CE_KINGSAFETY:0.5099169403402027
C_PIECESQUARETABLES:0.5059195980520927
C_MOBILITY:0.4937034611444642
C_KINGSAFETY:0.5
C_PAWNSTRUCTURE:0.5
C_PIECECOORDINATION:0.5
C_ROOKANDPAWNMOVEMENT:0.5
C_CENTERCONTROL:0.5069761055739729
C_DEVELOPPIECES:0.5
C_MATERIAL:0.5026067842931001
