ELO:977
CE_PASSEDPAWNS:0.43066347887992007
CE_PAWNWEAKNESSES:0.5517491813833562
CE_PIECEACTIVITY:0.46437508358090035
CE_KINGPAWNSHIELD:0.382830458951376
CE_PIECECOORDINATION:0.5341927300844874
CE_MATERIAL:0.526693324035644
CE_KINGSAFETY:0.5138024713264869
C_PIECESQUARETABLES:0.5076889745351532
C_MOBILITY:0.46891774526405355
C_KINGSAFETY:0.5509348372879553
C_PAWNSTRUCTURE:0.5405569519597349
C_PIECECOORDINATION:0.457820307423712
C_ROOKANDPAWNMOVEMENT:0.457820307423712
C_CENTERCONTROL:0.5856579603117
C_DEVELOPPIECES:0.5549072717976398
C_MATERIAL:0.4857123198798256
