ELO:974
CE_PASSEDPAWNS:0.528811904628434
CE_PAWNWEAKNESSES:0.4636950827019961
CE_PIECEACTIVITY:0.5081827733834684
CE_KINGPAWNSHIELD:0.6653627210813725
CE_PIECECOORDINATION:0.4968899776546753
CE_MATERIAL:0.5633620021925757
CE_KINGSAFETY:0.4971024612459969
C_PIECESQUARETABLES:0.5
C_MOBILITY:0.49409494185504615
C_KINGSAFETY:0.517114487221643
C_PAWNSTRUCTURE:0.46151128327338986
C_PIECECOORDINATION:0.5097664958993877
C_ROOKANDPAWNMOVEMENT:0.5097664958993877
C_CENTERCONTROL:0.472985844238959
C_DEVELOPPIECES:0.5168270089264629
C_MATERIAL:0.44703298444563494
