ELO:1022
CE_PASSEDPAWNS:0.5021614383286719
CE_PAWNWEAKNESSES:0.5054935215545584
CE_PIECEACTIVITY:0.5090711170507936
CE_KINGPAWNSHIELD:0.5
CE_PIECECOORDINATION:0.5181320476387868
CE_MATERIAL:0.48438727908033813
CE_KINGSAFETY:0.49705355006164215
C_PIECESQUARETABLES:0.5
C_MOBILITY:0.48154556134209864
C_KINGSAFETY:0.5433542724093239
C_PAWNSTRUCTURE:0.5
C_PIECECOORDINATION:0.4867769574259361
C_ROOKANDPAWNMOVEMENT:0.4867769574259361
C_CENTERCONTROL:0.5051509205838269
C_DEVELOPPIECES:0.5120798790803297
C_MATERIAL:0.4784760195289673
C_MOVECOUNT:0.5
