ELO:1000
CE_PASSEDPAWNS:0.4787072129331526
CE_PAWNWEAKNESSES:0.5868175639836666
CE_PIECEACTIVITY:0.5234109406557965
CE_KINGPAWNSHIELD:0.5573695404978154
CE_PIECECOORDINATION:0.485756087622303
CE_MATERIAL:0.4995221945116162
CE_KINGSAFETY:0.49674772297370706
C_PIECESQUARETABLES:0.520657095582337
C_MOBILITY:0.45517491147630945
C_KINGSAFETY:0.529108432865596
C_PAWNSTRUCTURE:0.5114742752236904
C_PIECECOORDINATION:0.49069340925115285
C_ROOKANDPAWNMOVEMENT:0.49069340925115285
C_CENTERCONTROL:0.5118772347711609
C_DEVELOPPIECES:0.535627411819365
C_MATERIAL:0.460489892000829
