ELO:865
CE_PASSEDPAWNS:0.513109334029982
CE_PAWNWEAKNESSES:0.5329595374176896
CE_PIECEACTIVITY:0.48986471901233536
CE_KINGPAWNSHIELD:0.501535873932125
CE_PIECECOORDINATION:0.5163517153277243
CE_MATERIAL:0.5355424069663491
CE_KINGSAFETY:0.4595674760640104
C_PIECESQUARETABLES:0.5081481431561364
C_MOBILITY:0.5551145576289346
C_KINGSAFETY:0.4253444811221662
C_PAWNSTRUCTURE:0.5097442546389289
C_PIECECOORDINATION:0.5529840028837723
C_ROOKANDPAWNMOVEMENT:0.5529840028837723
C_CENTERCONTROL:0.508322851576401
C_DEVELOPPIECES:0.5133269535188727
C_MATERIAL:0.5009117780033027
C_MOVECOUNT:0.47606218155235486
