ELO:975
CE_PASSEDPAWNS:0.4359356616033865
CE_PAWNWEAKNESSES:0.5438613710208648
CE_PIECEACTIVITY:0.46437508358090035
CE_KINGPAWNSHIELD:0.37776402802368897
CE_PIECECOORDINATION:0.5441721437381974
CE_MATERIAL:0.5201987578274915
CE_KINGSAFETY:0.5021000112896628
C_PIECESQUARETABLES:0.5
C_MOBILITY:0.4563703974707815
C_KINGSAFETY:0.5330634308593385
C_PAWNSTRUCTURE:0.5320331266964271
C_PIECECOORDINATION:0.4469225723502157
C_ROOKANDPAWNMOVEMENT:0.4469225723502157
C_CENTERCONTROL:0.5856008215590295
C_DEVELOPPIECES:0.5201697411996087
C_MATERIAL:0.4646920127618333
