ELO:970
CE_PASSEDPAWNS:0.5001255613460678
CE_PAWNWEAKNESSES:0.5173932095064929
CE_PIECEACTIVITY:0.506066181355326
CE_KINGPAWNSHIELD:0.4866372846994776
CE_PIECECOORDINATION:0.5130603618377386
CE_MATERIAL:0.5029801289495557
CE_KINGSAFETY:0.48705083084372774
C_PIECESQUARETABLES:0.5218366273309335
C_MOBILITY:0.5065094377079842
C_KINGSAFETY:0.5027737879337468
C_PAWNSTRUCTURE:0.519636389399448
C_PIECECOORDINATION:0.4947888866145457
C_ROOKANDPAWNMOVEMENT:0.4947888866145457
C_CENTERCONTROL:0.497554983145513
C_DEVELOPPIECES:0.5011229890138515
C_MATERIAL:0.4772219713835254
C_MOVECOUNT:0.5
