ELO:1000
CE_PASSEDPAWNS:0.47813669091880423
CE_PAWNWEAKNESSES:0.5644542131847764
CE_PIECEACTIVITY:0.455748142544558
CE_KINGPAWNSHIELD:0.40661372122897
CE_PIECECOORDINATION:0.5044639344460854
CE_MATERIAL:0.5493445167699587
CE_KINGSAFETY:0.4988172136151587
C_PIECESQUARETABLES:0.56744782374018
C_MOBILITY:0.5014530317921878
C_KINGSAFETY:0.5373607188653007
C_PAWNSTRUCTURE:0.5336134422417117
C_PIECECOORDINATION:0.4902147254279686
C_ROOKANDPAWNMOVEMENT:0.4902147254279686
C_CENTERCONTROL:0.5184979063915052
C_DEVELOPPIECES:0.49541225365073616
C_MATERIAL:0.5257349326592893
