ELO:1045
CE_PASSEDPAWNS:0.6186919757148087
CE_PAWNWEAKNESSES:0.47789815679258074
CE_PIECEACTIVITY:0.45076547003116635
CE_KINGPAWNSHIELD:0.5149697091346224
CE_PIECECOORDINATION:0.43000923649335765
CE_MATERIAL:0.4500611576244181
CE_KINGSAFETY:0.506627133926875
C_PIECESQUARETABLES:0.5
C_MOBILITY:0.3959644614512265
C_KINGSAFETY:0.5065101775517622
C_PAWNSTRUCTURE:0.427098896782955
C_PIECECOORDINATION:0.49282622850902486
C_ROOKANDPAWNMOVEMENT:0.49282622850902486
C_CENTERCONTROL:0.5339349267820158
C_DEVELOPPIECES:0.5448964307794129
C_MATERIAL:0.39341963962668663
