ELO:910
CE_PASSEDPAWNS:0.5120322233803855
CE_PAWNWEAKNESSES:0.5036578677300456
CE_PIECEACTIVITY:0.5431246436221623
CE_KINGPAWNSHIELD:0.4877150965196252
CE_PIECECOORDINATION:0.4808574995606975
CE_MATERIAL:0.5259108764499361
CE_KINGSAFETY:0.47322683550606315
C_PIECESQUARETABLES:0.4964913597088427
C_MOBILITY:0.46248289803116666
C_KINGSAFETY:0.44323717866877493
C_PAWNSTRUCTURE:0.49521671589133254
C_PIECECOORDINATION:0.4962772911506067
C_ROOKANDPAWNMOVEMENT:0.4962772911506067
C_CENTERCONTROL:0.5187983029571512
C_DEVELOPPIECES:0.5187672450326876
C_MATERIAL:0.4849717585996093
C_MOVECOUNT:0.5
