ELO:939
CE_PASSEDPAWNS:0.49471478088206877
CE_PAWNWEAKNESSES:0.49033517543893657
CE_PIECEACTIVITY:0.5482988336523447
CE_KINGPAWNSHIELD:0.46099962231830527
CE_PIECECOORDINATION:0.5321914796215037
CE_MATERIAL:0.5470448681002272
CE_KINGSAFETY:0.5057353093720316
C_PIECESQUARETABLES:0.5066802437406694
C_MOBILITY:0.5326213469993593
C_KINGSAFETY:0.447732561335582
C_PAWNSTRUCTURE:0.48135236775370205
C_PIECECOORDINATION:0.45329633812623804
C_ROOK:0.4508039920079293
CE_ROOK:0.5076225185166798
C_CENTERCONTROL:0.48225683840354344
C_DEVELOPPIECES:0.4977312403511093
C_MATERIAL:0.5051720793786244
C_MOVECOUNT:0.5214662041908239
C_PAWNMOVEMENT:0.4343712468470149
