ELO:1028
CE_PASSEDPAWNS:0.5
CE_PAWNWEAKNESSES:0.490971900284398
CE_PIECEACTIVITY:0.5063456654993154
CE_KINGPAWNSHIELD:0.4502453231894733
CE_PIECECOORDINATION:0.5100325544058182
CE_MATERIAL:0.4997683633695673
CE_KINGSAFETY:0.5
C_PIECESQUARETABLES:0.5
C_MOBILITY:0.4835164013050288
C_KINGSAFETY:0.49213581252150607
C_PAWNSTRUCTURE:0.5
C_PIECECOORDINATION:0.5145151072148587
C_ROOKANDPAWNMOVEMENT:0.5145151072148587
C_CENTERCONTROL:0.5032730904421
C_DEVELOPPIECES:0.5244042797997907
C_MATERIAL:0.49343922729650663
C_MOVECOUNT:0.5
