ELO:986
CE_PASSEDPAWNS:0.5
CE_PAWNWEAKNESSES:0.4810266418466315
CE_PIECEACTIVITY:0.49691990280158865
CE_KINGPAWNSHIELD:0.524348333211015
CE_PIECECOORDINATION:0.4951825298841361
CE_MATERIAL:0.5
CE_KINGSAFETY:0.5009388570445
C_PIECESQUARETABLES:0.49702040501074113
C_MOBILITY:0.4840149440435317
C_KINGSAFETY:0.5095234081714672
C_PAWNSTRUCTURE:0.5145513260101673
C_PIECECOORDINATION:0.512797897332681
C_ROOKANDPAWNMOVEMENT:0.512797897332681
C_CENTERCONTROL:0.49545786331844444
C_DEVELOPPIECES:0.5020902303506988
C_MATERIAL:0.5037541357681399
C_MOVECOUNT:0.5274674821440974
