ELO:977
CE_PASSEDPAWNS:0.5086170610777418
CE_PAWNWEAKNESSES:0.5
CE_PIECEACTIVITY:0.49592934576008507
CE_KINGPAWNSHIELD:0.481279099429903
CE_PIECECOORDINATION:0.5
CE_MATERIAL:0.48103344703107115
CE_KINGSAFETY:0.48187618501064183
C_PIECESQUARETABLES:0.48448527319892987
C_MOBILITY:0.49491594627354674
C_KINGSAFETY:0.48990624135654415
C_PAWNSTRUCTURE:0.5
C_PIECECOORDINATION:0.5129256467560425
C_ROOK:0.49848019823004186
CE_ROOK:0.4799462287112187
C_CENTERCONTROL:0.49338990475110156
C_DEVELOPPIECES:0.5034335167451587
C_MATERIAL:0.4985862376117168
C_MOVECOUNT:0.5335840556229126
C_PAWNMOVEMENT:0.5179880566833484
