ELO:973
CE_PASSEDPAWNS:0.4850516727695266
CE_PAWNWEAKNESSES:0.5261977709750526
CE_PIECEACTIVITY:0.49592934576008507
CE_KINGPAWNSHIELD:0.4936635204654382
CE_PIECECOORDINATION:0.48699421311710217
CE_MATERIAL:0.49438074793894343
CE_KINGSAFETY:0.47360469673933475
C_PIECESQUARETABLES:0.49172577228785264
C_MOBILITY:0.4739213155675649
C_KINGSAFETY:0.4961309468870039
C_PAWNSTRUCTURE:0.5035505604725496
C_PIECECOORDINATION:0.49680681359987683
C_ROOK:0.5327559661773007
CE_ROOK:0.5
C_CENTERCONTROL:0.49338990475110156
C_DEVELOPPIECES:0.4921364112216085
C_MATERIAL:0.5148887720387874
C_MOVECOUNT:0.510037234426774
C_PAWNMOVEMENT:0.4853547695145037
