ELO:1011
CE_PASSEDPAWNS:0.5
CE_PAWNWEAKNESSES:0.5000504132638743
CE_PIECEACTIVITY:0.5
CE_KINGPAWNSHIELD:0.5161916140823933
CE_PIECECOORDINATION:0.5077161475952532
CE_MATERIAL:0.49629559560382625
CE_KINGSAFETY:0.5303654365243053
C_PIECESQUARETABLES:0.5
C_MOBILITY:0.4941634234457814
C_KINGSAFETY:0.5
C_PAWNSTRUCTURE:0.5095195285543913
C_PIECECOORDINATION:0.5
C_ROOKANDPAWNMOVEMENT:0.5
C_CENTERCONTROL:0.4781918262268755
C_DEVELOPPIECES:0.5
C_MATERIAL:0.4895757828325793
C_MOVECOUNT:0.5
