ELO:1025
CE_PASSEDPAWNS:0.5
CE_PAWNWEAKNESSES:0.4958483240299561
CE_PIECEACTIVITY:0.5128634071343514
CE_KINGPAWNSHIELD:0.5
CE_PIECECOORDINATION:0.5
CE_MATERIAL:0.4881714257302784
CE_KINGSAFETY:0.5
C_PIECESQUARETABLES:0.5
C_MOBILITY:0.503343182060701
C_KINGSAFETY:0.5069747514965638
C_PAWNSTRUCTURE:0.5048711331432093
C_PIECECOORDINATION:0.5071308200154621
C_ROOKANDPAWNMOVEMENT:0.5071308200154621
C_CENTERCONTROL:0.4935365868474297
C_DEVELOPPIECES:0.5
C_MATERIAL:0.49794799681875646
C_MOVECOUNT:0.5
