ELO:912
CE_PASSEDPAWNS:0.45589562005986567
CE_PAWNWEAKNESSES:0.4728820235405461
CE_PIECEACTIVITY:0.4264860220055574
CE_KINGPAWNSHIELD:0.5036528948935619
CE_PIECECOORDINATION:0.4860683755416463
CE_MATERIAL:0.48085247775851186
CE_KINGSAFETY:0.5
C_PIECESQUARETABLES:0.5
C_MOBILITY:0.5256777473888897
C_KINGSAFETY:0.5077252413228214
C_PAWNSTRUCTURE:0.5090804724807344
C_PIECECOORDINATION:0.502103112550751
C_ROOKANDPAWNMOVEMENT:0.502103112550751
C_CENTERCONTROL:0.44033958887646607
C_DEVELOPPIECES:0.49263981996083195
C_MATERIAL:0.5362458189798871
C_MOVECOUNT:0.5
