ELO:1028
CE_PASSEDPAWNS:0.5189235218679722
CE_PAWNWEAKNESSES:0.5210167643068464
CE_PIECEACTIVITY:0.49656645329932214
CE_KINGPAWNSHIELD:0.47170071292144106
CE_PIECECOORDINATION:0.5272654118206977
CE_MATERIAL:0.4870146038869739
CE_KINGSAFETY:0.48754374119716803
C_PIECESQUARETABLES:0.5109744553333265
C_MOBILITY:0.49945480455131225
C_KINGSAFETY:0.5724142557647216
C_PAWNSTRUCTURE:0.5310972112353999
C_PIECECOORDINATION:0.568546727523438
C_ROOKANDPAWNMOVEMENT:0.568546727523438
C_CENTERCONTROL:0.40596957815791945
C_DEVELOPPIECES:0.5675841335207208
C_MATERIAL:0.4242844079910575
