ELO:988
CE_PASSEDPAWNS:0.3671258369474086
CE_PAWNWEAKNESSES:0.5011589423411912
CE_PIECEACTIVITY:0.5508722169363285
CE_KINGPAWNSHIELD:0.47803829353756183
CE_PIECECOORDINATION:0.46544225017118723
CE_MATERIAL:0.5115855100686686
CE_KINGSAFETY:0.49541221057183527
C_PIECESQUARETABLES:0.5
C_MOBILITY:0.5103541521383494
C_KINGSAFETY:0.5594239720260957
C_PAWNSTRUCTURE:0.32105185338115894
C_PIECECOORDINATION:0.4301802849367754
C_ROOKANDPAWNMOVEMENT:0.4301802849367754
C_CENTERCONTROL:0.35760758319960995
C_DEVELOPPIECES:0.48229335715392624
C_MATERIAL:0.6913145078633702
