ELO:941
CE_PASSEDPAWNS:0.5467714330105394
CE_PAWNWEAKNESSES:0.45532759383130844
CE_PIECEACTIVITY:0.5076459816717306
CE_KINGPAWNSHIELD:0.5006804482660564
CE_PIECECOORDINATION:0.5553446026707921
CE_MATERIAL:0.4032588539071004
CE_KINGSAFETY:0.46436504876455165
C_PIECESQUARETABLES:0.45205135852091854
C_MOBILITY:0.41499529773607335
C_KINGSAFETY:0.4567617442256749
C_PAWNSTRUCTURE:0.49689806067513864
C_PIECECOORDINATION:0.5052976456825238
C_ROOKANDPAWNMOVEMENT:0.5052976456825238
C_CENTERCONTROL:0.5846950875164536
C_DEVELOPPIECES:0.49287991317310936
C_MATERIAL:0.4112541498065556
