ELO:940
CE_PASSEDPAWNS:0.5313441461256083
CE_PAWNWEAKNESSES:0.4931916368463671
CE_PIECEACTIVITY:0.565705912247699
CE_KINGPAWNSHIELD:0.6504170927833632
CE_PIECECOORDINATION:0.4895547409524461
CE_MATERIAL:0.5738803852910147
CE_KINGSAFETY:0.4875406699883695
C_PIECESQUARETABLES:0.4702374629723745
C_MOBILITY:0.4859518791785185
C_KINGSAFETY:0.5588483435984564
C_PAWNSTRUCTURE:0.4249931199128017
C_PIECECOORDINATION:0.48991974423642076
C_ROOKANDPAWNMOVEMENT:0.48991974423642076
C_CENTERCONTROL:0.48507613340253763
C_DEVELOPPIECES:0.5023214200415865
C_MATERIAL:0.4241640717263903
