ELO:974
CE_PASSEDPAWNS:0.42387075182940753
CE_PAWNWEAKNESSES:0.5422915408222402
CE_PIECEACTIVITY:0.46437508358090035
CE_KINGPAWNSHIELD:0.3782380597618764
CE_PIECECOORDINATION:0.5441721437381974
CE_MATERIAL:0.5201987578274915
CE_KINGSAFETY:0.5021000112896628
C_PIECESQUARETABLES:0.48679889699512124
C_MOBILITY:0.4563703974707815
C_KINGSAFETY:0.5346328882619237
C_PAWNSTRUCTURE:0.5320331266964271
C_PIECECOORDINATION:0.4469225723502157
C_ROOKANDPAWNMOVEMENT:0.4469225723502157
C_CENTERCONTROL:0.5921071376383609
C_DEVELOPPIECES:0.5201697411996087
C_MATERIAL:0.4646920127618333
