ELO:1004
CE_PASSEDPAWNS:0.5
CE_PAWNWEAKNESSES:0.49912374039281643
CE_PIECEACTIVITY:0.5
CE_KINGPAWNSHIELD:0.503059993677788
CE_PIECECOORDINATION:0.5
CE_MATERIAL:0.4916890026666571
CE_KINGSAFETY:0.49867512065786523
C_PIECESQUARETABLES:0.5014861428680646
C_MOBILITY:0.49725663910038986
C_KINGSAFETY:0.4909514792485296
C_PAWNSTRUCTURE:0.49484718371780034
C_PIECECOORDINATION:0.48856346946100737
C_ROOKANDPAWNMOVEMENT:0.48856346946100737
C_CENTERCONTROL:0.5
C_DEVELOPPIECES:0.5144382714475277
C_MATERIAL:0.5063954680960786
C_MOVECOUNT:0.501926982579196
