ELO:1000
CE_PASSEDPAWNS:0.47782402215040787
CE_PAWNWEAKNESSES:0.5776756603386929
CE_PIECEACTIVITY:0.5152594743340764
CE_KINGPAWNSHIELD:0.5504869753398532
CE_PIECECOORDINATION:0.4956988840038424
CE_MATERIAL:0.49421934059636907
CE_KINGSAFETY:0.5132805068530565
C_PIECESQUARETABLES:0.5101967965440745
C_MOBILITY:0.4585847567830871
C_KINGSAFETY:0.5139054066121086
C_PAWNSTRUCTURE:0.513589610035111
C_PIECECOORDINATION:0.4930107808496218
C_ROOKANDPAWNMOVEMENT:0.4930107808496218
C_CENTERCONTROL:0.5117718418583179
C_DEVELOPPIECES:0.5168608120104805
C_MATERIAL:0.45274272484352474
