ELO:928
CE_PASSEDPAWNS:0.54402191999584
CE_PAWNWEAKNESSES:0.4719968194516788
CE_PIECEACTIVITY:0.5877218193599031
CE_KINGPAWNSHIELD:0.6469747778963102
CE_PIECECOORDINATION:0.48727784493302045
CE_MATERIAL:0.5799150588516379
CE_KINGSAFETY:0.49038323248840765
C_PIECESQUARETABLES:0.4971808908573865
C_MOBILITY:0.4934927246762383
C_KINGSAFETY:0.5128268556778266
C_PAWNSTRUCTURE:0.42603667804146456
C_PIECECOORDINATION:0.49638826050747725
C_ROOKANDPAWNMOVEMENT:0.49638826050747725
C_CENTERCONTROL:0.44917263922281175
C_DEVELOPPIECES:0.4869878797234523
C_MATERIAL:0.402425520632966
