ELO:1022
CE_PASSEDPAWNS:0.4920822079557186
CE_PAWNWEAKNESSES:0.5
CE_PIECEACTIVITY:0.5
CE_KINGPAWNSHIELD:0.4888120705474169
CE_PIECECOORDINATION:0.4982023594627207
CE_MATERIAL:0.5
CE_KINGSAFETY:0.5065145631918055
C_PIECESQUARETABLES:0.5
C_MOBILITY:0.4923632133018229
C_KINGSAFETY:0.5
C_PAWNSTRUCTURE:0.5088445558575265
C_PIECECOORDINATION:0.5
C_ROOKANDPAWNMOVEMENT:0.5
C_CENTERCONTROL:0.5
C_DEVELOPPIECES:0.5016688913712569
C_MATERIAL:0.5006044359177679
