ELO:726
CE_PASSEDPAWNS:0.41016680012968
CE_PAWNWEAKNESSES:0.5059806851947264
CE_PIECEACTIVITY:0.4874311721128934
CE_KINGPAWNSHIELD:0.6074394267181573
CE_PIECECOORDINATION:0.42525453759446713
CE_MATERIAL:0.42717301618558867
CE_KINGSAFETY:0.49097297756022534
C_PIECESQUARETABLES:0.46286739984172426
C_MOBILITY:0.5704176341994417
C_KINGSAFETY:0.5331697996913216
C_PAWNSTRUCTURE:0.5136345304240324
C_PIECECOORDINATION:0.3962328547864297
C_ROOKANDPAWNMOVEMENT:0.3962328547864297
C_CENTERCONTROL:0.5603673907719122
C_DEVELOPPIECES:0.49666706790960624
C_MATERIAL:0.45420239816590785
C_MOVECOUNT:0.47038222684498887
