ELO:989
CE_PASSEDPAWNS:0.3671258369474086
CE_PAWNWEAKNESSES:0.5086509342086742
CE_PIECEACTIVITY:0.5594978002495871
CE_KINGPAWNSHIELD:0.47296228941213614
CE_PIECECOORDINATION:0.45814296825800355
CE_MATERIAL:0.5125836133034062
CE_KINGSAFETY:0.5167508351750297
C_PIECESQUARETABLES:0.5081683139368248
C_MOBILITY:0.5001465408952577
C_KINGSAFETY:0.5498072994686151
C_PAWNSTRUCTURE:0.32395696631232834
C_PIECECOORDINATION:0.4413681314581794
C_ROOKANDPAWNMOVEMENT:0.4413681314581794
C_CENTERCONTROL:0.3663898602595177
C_DEVELOPPIECES:0.48463106472835726
C_MATERIAL:0.6754491850202787
