ELO:944
CE_PASSEDPAWNS:0.4972134206807362
CE_PAWNWEAKNESSES:0.4817619148968023
CE_PIECEACTIVITY:0.5347531762038512
CE_KINGPAWNSHIELD:0.46503269293507304
CE_PIECECOORDINATION:0.5238205742327225
CE_MATERIAL:0.5348026691582836
CE_KINGSAFETY:0.4970849356903546
C_PIECESQUARETABLES:0.4984216361923432
C_MOBILITY:0.5117737009387219
C_KINGSAFETY:0.4693495999581535
C_PAWNSTRUCTURE:0.4760359266609589
C_PIECECOORDINATION:0.4506441369926536
C_ROOK:0.45447285497257234
CE_ROOK:0.5094941750069889
C_CENTERCONTROL:0.4812141954940715
C_DEVELOPPIECES:0.49535378120620716
C_MATERIAL:0.4967737668390485
C_MOVECOUNT:0.5151534683813538
C_PAWNMOVEMENT:0.4444611386889007
