ELO:975
CE_PASSEDPAWNS:0.5283717590086994
CE_PAWNWEAKNESSES:0.46089817501110225
CE_PIECEACTIVITY:0.5061171472607741
CE_KINGPAWNSHIELD:0.6442980807207259
CE_PIECECOORDINATION:0.478326679482017
CE_MATERIAL:0.5422181959968505
CE_KINGSAFETY:0.5058812605560884
C_PIECESQUARETABLES:0.416969754690918
C_MOBILITY:0.4935172781877611
C_KINGSAFETY:0.5081884008655247
C_PAWNSTRUCTURE:0.47428640019282714
C_PIECECOORDINATION:0.49693599380902603
C_ROOKANDPAWNMOVEMENT:0.49693599380902603
C_CENTERCONTROL:0.5061316980389005
C_DEVELOPPIECES:0.5056515252103158
C_MATERIAL:0.4619211046446129
