ELO:845
CE_PASSEDPAWNS:0.5007148610214213
CE_PAWNWEAKNESSES:0.5057294051883222
CE_PIECEACTIVITY:0.5162731743195622
CE_KINGPAWNSHIELD:0.5524025638921335
CE_PIECECOORDINATION:0.4543689387607546
CE_MATERIAL:0.4751653941481569
CE_KINGSAFETY:0.4929195774668387
C_PIECESQUARETABLES:0.5116640419927034
C_MOBILITY:0.572009862826363
C_KINGSAFETY:0.5055534792281674
C_PAWNSTRUCTURE:0.5133991334740592
C_PIECECOORDINATION:0.4759292636548468
C_ROOKANDPAWNMOVEMENT:0.4759292636548468
C_CENTERCONTROL:0.5518590684036799
C_DEVELOPPIECES:0.5086618957593589
C_MATERIAL:0.4681191121674015
C_MOVECOUNT:0.5
