ELO:1011
CE_PASSEDPAWNS:0.5073397076020496
CE_PAWNWEAKNESSES:0.5053593302175785
CE_PIECEACTIVITY:0.5058666518111795
CE_KINGPAWNSHIELD:0.4966934445856597
CE_PIECECOORDINATION:0.5029371718630161
CE_MATERIAL:0.498716623944172
CE_KINGSAFETY:0.49376870671488976
C_PIECESQUARETABLES:0.49017730429475037
C_MOBILITY:0.4904281788954082
C_KINGSAFETY:0.5020003547414177
C_PAWNSTRUCTURE:0.49657403449576715
C_PIECECOORDINATION:0.5005787445055574
C_ROOKANDPAWNMOVEMENT:0.5005787445055574
C_CENTERCONTROL:0.5022338218844331
C_DEVELOPPIECES:0.5
C_MATERIAL:0.5
