ELO:647
CE_PASSEDPAWNS:0.4880098630767184
CE_PAWNWEAKNESSES:0.4996621157396435
CE_PIECEACTIVITY:0.462080646459456
CE_KINGPAWNSHIELD:0.5954325883886042
CE_PIECECOORDINATION:0.4200124934665175
CE_MATERIAL:0.4613358692643303
CE_KINGSAFETY:0.5
C_PIECESQUARETABLES:0.5
C_MOBILITY:0.5241175960311154
C_KINGSAFETY:0.5501653915816004
C_PAWNSTRUCTURE:0.5530806497756066
C_PIECECOORDINATION:0.44916258966766875
C_ROOKANDPAWNMOVEMENT:0.44916258966766875
C_CENTERCONTROL:0.5342770476356433
C_DEVELOPPIECES:0.5218130948738642
C_MATERIAL:0.4513881689299201
C_MOVECOUNT:0.5034507742832283
