ELO:968
CE_PASSEDPAWNS:0.5336003668286587
CE_PAWNWEAKNESSES:0.46701822155463535
CE_PIECEACTIVITY:0.556215303478756
CE_KINGPAWNSHIELD:0.6552592656778982
CE_PIECECOORDINATION:0.4826233767823689
CE_MATERIAL:0.571221361680584
CE_KINGSAFETY:0.49958927226382344
C_PIECESQUARETABLES:0.5148756978364726
C_MOBILITY:0.49337363708079823
C_KINGSAFETY:0.5391595579211066
C_PAWNSTRUCTURE:0.4377866702855976
C_PIECECOORDINATION:0.5115589391567114
C_ROOKANDPAWNMOVEMENT:0.5115589391567114
C_CENTERCONTROL:0.49499436333706615
C_DEVELOPPIECES:0.5009204368265336
C_MATERIAL:0.4119814419022306
