ELO:937
CE_PASSEDPAWNS:0.5458164812887255
CE_PAWNWEAKNESSES:0.47042385675449044
CE_PIECEACTIVITY:0.592626588608397
CE_KINGPAWNSHIELD:0.6458986506922524
CE_PIECECOORDINATION:0.48276974529721994
CE_MATERIAL:0.562817866705648
CE_KINGSAFETY:0.4787707081402999
C_PIECESQUARETABLES:0.4890186806182874
C_MOBILITY:0.47419240977038063
C_KINGSAFETY:0.5246408150752307
C_PAWNSTRUCTURE:0.4251191198868025
C_PIECECOORDINATION:0.5244994092408793
C_ROOKANDPAWNMOVEMENT:0.5244994092408793
C_CENTERCONTROL:0.4679679286008459
C_DEVELOPPIECES:0.5140804532681982
C_MATERIAL:0.4141484328943268
