ELO:977
CE_PASSEDPAWNS:0.4844974338866937
CE_PAWNWEAKNESSES:0.5146898725177244
CE_PIECEACTIVITY:0.5352512683266858
CE_KINGPAWNSHIELD:0.4294511710010713
CE_PIECECOORDINATION:0.568937933131225
CE_MATERIAL:0.5206118900911
CE_KINGSAFETY:0.4953355352725455
C_PIECESQUARETABLES:0.4964988265053046
C_MOBILITY:0.49611453511893305
C_KINGSAFETY:0.5066076757872338
C_PAWNSTRUCTURE:0.48570401539612146
C_PIECECOORDINATION:0.539542790315696
C_ROOKANDPAWNMOVEMENT:0.539542790315696
C_CENTERCONTROL:0.49868677385624505
C_DEVELOPPIECES:0.5338828092579763
C_MATERIAL:0.49438786172713656
C_MOVECOUNT:0.5
