ELO:980
CE_PASSEDPAWNS:0.4607157511416831
CE_PAWNWEAKNESSES:0.56078347034264
CE_PIECEACTIVITY:0.4507123586512388
CE_KINGPAWNSHIELD:0.41282792348620245
CE_PIECECOORDINATION:0.5308829935065493
CE_MATERIAL:0.5371502319323516
CE_KINGSAFETY:0.5184266477034198
C_PIECESQUARETABLES:0.5215445544593114
C_MOBILITY:0.49453060086558703
C_KINGSAFETY:0.5210392729732725
C_PAWNSTRUCTURE:0.5490375988871111
C_PIECECOORDINATION:0.4780275536899986
C_ROOKANDPAWNMOVEMENT:0.4780275536899986
C_CENTERCONTROL:0.5643924198543268
C_DEVELOPPIECES:0.5247894636412519
C_MATERIAL:0.47683490508150106
