ELO:1033
CE_PASSEDPAWNS:0.5189235218679722
CE_PAWNWEAKNESSES:0.5364115904984001
CE_PIECEACTIVITY:0.4977199670808198
CE_KINGPAWNSHIELD:0.47170071292144106
CE_PIECECOORDINATION:0.526754287589702
CE_MATERIAL:0.4952243265866648
CE_KINGSAFETY:0.5
C_PIECESQUARETABLES:0.5
C_MOBILITY:0.4885114122910819
C_KINGSAFETY:0.5680808715588775
C_PAWNSTRUCTURE:0.5290874112545264
C_PIECECOORDINATION:0.5628683968166324
C_ROOKANDPAWNMOVEMENT:0.5628683968166324
C_CENTERCONTROL:0.4091917803352244
C_DEVELOPPIECES:0.5592637266645034
C_MATERIAL:0.4139439527146674
