ELO:1046
CE_PASSEDPAWNS:0.609888611775104
CE_PAWNWEAKNESSES:0.4893297176663534
CE_PIECEACTIVITY:0.439676657694086
CE_KINGPAWNSHIELD:0.5220240241251352
CE_PIECECOORDINATION:0.43433362546701065
CE_MATERIAL:0.4548783607491903
CE_KINGSAFETY:0.48971993366650596
C_PIECESQUARETABLES:0.5040885303669653
C_MOBILITY:0.40071173364964585
C_KINGSAFETY:0.49733563362110406
C_PAWNSTRUCTURE:0.4227883046162741
C_PIECECOORDINATION:0.4877036829395907
C_ROOKANDPAWNMOVEMENT:0.4877036829395907
C_CENTERCONTROL:0.5369397246833588
C_DEVELOPPIECES:0.5448964307794129
C_MATERIAL:0.4140639471516433
