ELO:965
CE_PASSEDPAWNS:0.5235942975789709
CE_PAWNWEAKNESSES:0.45155135267739893
CE_PIECEACTIVITY:0.5218772840653796
CE_KINGPAWNSHIELD:0.6389672053351879
CE_PIECECOORDINATION:0.49448887970092886
CE_MATERIAL:0.5648163050307735
CE_KINGSAFETY:0.5
C_PIECESQUARETABLES:0.4981004732228806
C_MOBILITY:0.482145720601669
C_KINGSAFETY:0.5241689175117653
C_PAWNSTRUCTURE:0.45264966782103205
C_PIECECOORDINATION:0.5209221749412127
C_ROOKANDPAWNMOVEMENT:0.5209221749412127
C_CENTERCONTROL:0.4578370451203387
C_DEVELOPPIECES:0.508193874013471
C_MATERIAL:0.4269217217744654
