ELO:1000
CE_PASSEDPAWNS:0.474037010170007
CE_PAWNWEAKNESSES:0.5063388063968284
CE_PIECEACTIVITY:0.5121671563376116
CE_KINGPAWNSHIELD:0.5100374424295534
CE_PIECECOORDINATION:0.5000147169203399
CE_MATERIAL:0.4911129763885212
CE_KINGSAFETY:0.4857130589942972
C_PIECESQUARETABLES:0.4860529854731981
C_MOBILITY:0.48908962984339105
C_KINGSAFETY:0.5
C_PAWNSTRUCTURE:0.5037592367555581
C_PIECECOORDINATION:0.5147104491559175
C_ROOKANDPAWNMOVEMENT:0.5147104491559175
C_CENTERCONTROL:0.502549632232199
C_DEVELOPPIECES:0.5054534168107596
C_MATERIAL:0.49288553967942156
