ELO:880
CE_PASSEDPAWNS:0.5109952495879997
CE_PAWNWEAKNESSES:0.5190196580553504
CE_PIECEACTIVITY:0.5431502319988015
CE_KINGPAWNSHIELD:0.5347243438178841
CE_PIECECOORDINATION:0.4579640060740933
CE_MATERIAL:0.4686508229956948
CE_KINGSAFETY:0.49347032379546973
C_PIECESQUARETABLES:0.518344340954371
C_MOBILITY:0.5787900731883947
C_KINGSAFETY:0.4959248830295066
C_PAWNSTRUCTURE:0.5056887462804688
C_PIECECOORDINATION:0.4855043664981247
C_ROOKANDPAWNMOVEMENT:0.4855043664981247
C_CENTERCONTROL:0.5205642273786698
C_DEVELOPPIECES:0.48620908378589883
C_MATERIAL:0.4701393565235217
C_MOVECOUNT:0.5
