ELO:982
CE_PASSEDPAWNS:0.4546537902968857
CE_PAWNWEAKNESSES:0.5521438027515593
CE_PIECEACTIVITY:0.462571146715997
CE_KINGPAWNSHIELD:0.414683350231031
CE_PIECECOORDINATION:0.5253760571687558
CE_MATERIAL:0.5337435561882323
CE_KINGSAFETY:0.5
C_PIECESQUARETABLES:0.5
C_MOBILITY:0.5058913148465835
C_KINGSAFETY:0.5388738603689226
C_PAWNSTRUCTURE:0.5564174898877147
C_PIECECOORDINATION:0.4785874763227666
C_ROOKANDPAWNMOVEMENT:0.4785874763227666
C_CENTERCONTROL:0.5618486905464468
C_DEVELOPPIECES:0.5117921614182867
C_MATERIAL:0.49386398059471953
