ELO:968
CE_PASSEDPAWNS:0.4000436625004336
CE_PAWNWEAKNESSES:0.5316270185882168
CE_PIECEACTIVITY:0.4724208471468318
CE_KINGPAWNSHIELD:0.3635038970489366
CE_PIECECOORDINATION:0.5186379257201394
CE_MATERIAL:0.5177036035778457
CE_KINGSAFETY:0.510754142118085
C_PIECESQUARETABLES:0.47248518611460094
C_MOBILITY:0.4595062385447818
C_KINGSAFETY:0.5392346513620783
C_PAWNSTRUCTURE:0.5254241116246833
C_PIECECOORDINATION:0.4222873949596885
C_ROOKANDPAWNMOVEMENT:0.4222873949596885
C_CENTERCONTROL:0.5844196301059904
C_DEVELOPPIECES:0.5484127664514992
C_MATERIAL:0.42145883006374635
