ELO:1000
CE_PASSEDPAWNS:0.5003498838591973
CE_PAWNWEAKNESSES:0.5068106413417932
CE_PIECEACTIVITY:0.47717597160105707
CE_KINGPAWNSHIELD:0.49938286175752816
CE_PIECECOORDINATION:0.5039552972581336
CE_MATERIAL:0.47816083552404887
CE_KINGSAFETY:0.4990597791411971
C_PIECESQUARETABLES:0.4843773311384822
C_MOBILITY:0.49375254487233944
C_KINGSAFETY:0.5004295047391139
C_PAWNSTRUCTURE:0.49263398597496916
C_PIECECOORDINATION:0.48765427477948525
C_ROOKANDPAWNMOVEMENT:0.48765427477948525
C_CENTERCONTROL:0.4977927511515936
C_DEVELOPPIECES:0.5011922583853123
C_MATERIAL:0.5
