ELO:944
CE_PASSEDPAWNS:0.4672748160040723
CE_PAWNWEAKNESSES:0.6288629765711566
CE_PIECEACTIVITY:0.5063157403373942
CE_KINGPAWNSHIELD:0.3408816007914719
CE_PIECECOORDINATION:0.6269059691060188
CE_MATERIAL:0.5086959717654175
CE_KINGSAFETY:0.5084735444399126
C_PIECESQUARETABLES:0.48352991202591245
C_MOBILITY:0.4162932305253221
C_KINGSAFETY:0.39092636956504295
C_PAWNSTRUCTURE:0.4644950296851481
C_PIECECOORDINATION:0.5316481246597466
C_ROOKANDPAWNMOVEMENT:0.5316481246597466
C_CENTERCONTROL:0.460103991401808
C_DEVELOPPIECES:0.5861503706141699
C_MATERIAL:0.6616276918131312
