ELO:902
CE_PASSEDPAWNS:0.5226854658149764
CE_PAWNWEAKNESSES:0.46160160760733404
CE_PIECEACTIVITY:0.48031409665622227
CE_KINGPAWNSHIELD:0.5061691198020196
CE_PIECECOORDINATION:0.5081858575352992
CE_MATERIAL:0.5087599220461334
CE_KINGSAFETY:0.5211286644494925
C_PIECESQUARETABLES:0.4984893289579256
C_MOBILITY:0.4716100263761308
C_KINGSAFETY:0.47649991001929803
C_PAWNSTRUCTURE:0.4606660779010737
C_PIECECOORDINATION:0.4708400488480835
C_ROOKANDPAWNMOVEMENT:0.4708400488480835
C_CENTERCONTROL:0.48173287465317843
C_DEVELOPPIECES:0.5156439195751684
C_MATERIAL:0.5172929563661308
C_MOVECOUNT:0.5
