ELO:957
CE_PASSEDPAWNS:0.4017288677399223
CE_PAWNWEAKNESSES:0.6098470123704185
CE_PIECEACTIVITY:0.5486871263997122
CE_KINGPAWNSHIELD:0.3817781147288034
CE_PIECECOORDINATION:0.5704304591631553
CE_MATERIAL:0.4991650136863572
CE_KINGSAFETY:0.4889215470830337
C_PIECESQUARETABLES:0.48373640932406925
C_MOBILITY:0.40500882074845374
C_KINGSAFETY:0.3946597422017587
C_PAWNSTRUCTURE:0.4357449205055053
C_PIECECOORDINATION:0.5171167284774765
C_ROOKANDPAWNMOVEMENT:0.5171167284774765
C_CENTERCONTROL:0.4389862543771772
C_DEVELOPPIECES:0.5553465159395189
C_MATERIAL:0.6443792231799317
