ELO:1023
CE_PASSEDPAWNS:0.5
CE_PAWNWEAKNESSES:0.48820001404428665
CE_PIECEACTIVITY:0.5
CE_KINGPAWNSHIELD:0.5104423339367457
CE_PIECECOORDINATION:0.4936850125849466
CE_MATERIAL:0.5
CE_KINGSAFETY:0.5
C_PIECESQUARETABLES:0.5
C_MOBILITY:0.5
C_KINGSAFETY:0.49284114220219133
C_PAWNSTRUCTURE:0.4998780992050767
C_PIECECOORDINATION:0.5
C_ROOK:0.5020274649938475
CE_ROOK:0.504260478430358
C_CENTERCONTROL:0.5
C_DEVELOPPIECES:0.5072641764888808
C_MATERIAL:0.49802603127628897
C_MOVECOUNT:0.5
C_PAWNMOVEMENT:0.5
