ELO:1119
CE_PASSEDPAWNS:0.4382366343002822
CE_PAWNWEAKNESSES:0.5370690338411751
CE_PIECEACTIVITY:0.4470630249040625
CE_KINGPAWNSHIELD:0.4682512514656819
CE_PIECECOORDINATION:0.5456174014005164
CE_MATERIAL:0.46500596851515397
CE_KINGSAFETY:0.5
C_PIECESQUARETABLES:0.5
C_MOBILITY:0.3937691759390352
C_KINGSAFETY:0.4094044933739038
C_PAWNSTRUCTURE:0.5343050315809021
C_PIECECOORDINATION:0.5947067428619455
C_ROOKANDPAWNMOVEMENT:0.5947067428619455
C_CENTERCONTROL:0.5325424007152673
C_DEVELOPPIECES:0.5659090897749514
C_MATERIAL:0.6163064287211142
