ELO:1322
CE_PASSEDPAWNS:0.5092417126352162
CE_PAWNWEAKNESSES:0.5591061976625223
CE_PIECEACTIVITY:0.5500571028748248
CE_KINGPAWNSHIELD:0.4865580759825473
CE_PIECECOORDINATION:0.4873024344899622
CE_MATERIAL:0.43782023180886875
CE_KINGSAFETY:0.5
C_PIECESQUARETABLES:0.49972726654750155
C_MOBILITY:0.42574982091327285
C_KINGSAFETY:0.3995663984708149
C_PAWNSTRUCTURE:0.5309393938276364
C_PIECECOORDINATION:0.5450051674444382
C_ROOKANDPAWNMOVEMENT:0.5450051674444382
C_CENTERCONTROL:0.5310609292704748
C_DEVELOPPIECES:0.44076046893686394
C_MATERIAL:0.5920641513430382
