ELO:1000
CE_PASSEDPAWNS:0.5121103896969464
CE_PAWNWEAKNESSES:0.49271812262519277
CE_PIECEACTIVITY:0.47513746190996636
CE_KINGPAWNSHIELD:0.5081718767781931
CE_PIECECOORDINATION:0.5096268947819912
CE_MATERIAL:0.4727764183559801
CE_KINGSAFETY:0.5158759125712337
C_PIECESQUARETABLES:0.4866438802643468
C_MOBILITY:0.5046070090972782
C_KINGSAFETY:0.5037384017987142
C_PAWNSTRUCTURE:0.5054129265840842
C_PIECECOORDINATION:0.4826618088067709
C_ROOKANDPAWNMOVEMENT:0.4826618088067709
C_CENTERCONTROL:0.5311217714093094
C_DEVELOPPIECES:0.5250042421814989
C_MATERIAL:0.5001391648005993
