ELO:884
CE_PASSEDPAWNS:0.45902952570305705
CE_PAWNWEAKNESSES:0.5281688828559374
CE_PIECEACTIVITY:0.5112660320655634
CE_KINGPAWNSHIELD:0.5684927501925303
CE_PIECECOORDINATION:0.5742783550582751
CE_MATERIAL:0.4556949710532105
CE_KINGSAFETY:0.5242056707513788
C_PIECESQUARETABLES:0.4957753425354959
C_MOBILITY:0.4444641956344346
C_KINGSAFETY:0.5170979153430125
C_PAWNSTRUCTURE:0.4615093102382755
C_PIECECOORDINATION:0.40401221581435803
C_ROOKANDPAWNMOVEMENT:0.40401221581435803
C_CENTERCONTROL:0.48349755833301716
C_DEVELOPPIECES:0.4449437760976128
C_MATERIAL:0.43714381153764204
