ELO:984
CE_PASSEDPAWNS:0.4231234862767652
CE_PAWNWEAKNESSES:0.5950767222606048
CE_PIECEACTIVITY:0.5341768660145063
CE_KINGPAWNSHIELD:0.3954680338973853
CE_PIECECOORDINATION:0.5667962923808818
CE_MATERIAL:0.516059096720759
CE_KINGSAFETY:0.533265473236626
C_PIECESQUARETABLES:0.47923906654774184
C_MOBILITY:0.41546923863221924
C_KINGSAFETY:0.43240994037392894
C_PAWNSTRUCTURE:0.45129475216166776
C_PIECECOORDINATION:0.4892007834092079
C_ROOKANDPAWNMOVEMENT:0.4892007834092079
C_CENTERCONTROL:0.4753396726847915
C_DEVELOPPIECES:0.540705547414063
C_MATERIAL:0.6360561979750455
