ELO:994
CE_PASSEDPAWNS:0.5457345729423272
CE_PAWNWEAKNESSES:0.5147057053556233
CE_PIECEACTIVITY:0.5093827234589514
CE_KINGPAWNSHIELD:0.5599465954910741
CE_PIECECOORDINATION:0.5138962178399454
CE_MATERIAL:0.5532326370772521
CE_KINGSAFETY:0.5002985651345839
C_PIECESQUARETABLES:0.5
C_MOBILITY:0.580479941274235
C_KINGSAFETY:0.5555396845641076
C_PAWNSTRUCTURE:0.4897985387697945
C_PIECECOORDINATION:0.5562674503149065
C_ROOKANDPAWNMOVEMENT:0.5562674503149065
C_CENTERCONTROL:0.398637119605053
C_DEVELOPPIECES:0.5144893714835674
C_MATERIAL:0.6201906658387899
