ELO:1005
CE_PASSEDPAWNS:0.4918606520034574
CE_PAWNWEAKNESSES:0.5033017305731182
CE_PIECEACTIVITY:0.5272660641145863
CE_KINGPAWNSHIELD:0.5377994068347833
CE_PIECECOORDINATION:0.5165875885347805
CE_MATERIAL:0.4975902733901933
CE_KINGSAFETY:0.5
C_PIECESQUARETABLES:0.5
C_MOBILITY:0.5003187329585503
C_KINGSAFETY:0.4485555756408059
C_PAWNSTRUCTURE:0.49956336795516987
C_PIECECOORDINATION:0.4933292499088929
C_ROOK:0.5125433088455889
CE_ROOK:0.481273291951512
C_CENTERCONTROL:0.48604540223644294
C_DEVELOPPIECES:0.48352193214347655
C_MATERIAL:0.5127653659151674
C_MOVECOUNT:0.49593440745849443
C_PAWNMOVEMENT:0.49855817301213
