ELO:1018
CE_PASSEDPAWNS:0.49447455536673607
CE_PAWNWEAKNESSES:0.4908991811201328
CE_PIECEACTIVITY:0.5029400248075624
CE_KINGPAWNSHIELD:0.49570927946162785
CE_PIECECOORDINATION:0.5
CE_MATERIAL:0.5040550380105333
CE_KINGSAFETY:0.5
C_PIECESQUARETABLES:0.5
C_MOBILITY:0.519574025700711
C_KINGSAFETY:0.5
C_PAWNSTRUCTURE:0.4934613612082294
C_PIECECOORDINATION:0.4897983168761211
C_ROOKANDPAWNMOVEMENT:0.4897983168761211
C_CENTERCONTROL:0.5053572564495802
C_DEVELOPPIECES:0.5
C_MATERIAL:0.5
C_MOVECOUNT:0.5
