ELO:894
CE_PASSEDPAWNS:0.5550191870967325
CE_PAWNWEAKNESSES:0.5753735386544282
CE_PIECEACTIVITY:0.42909641736232396
CE_KINGPAWNSHIELD:0.5197619360553423
CE_PIECECOORDINATION:0.5292496332461534
CE_MATERIAL:0.4343771114725501
CE_KINGSAFETY:0.5117300574934073
C_PIECESQUARETABLES:0.5
C_MOBILITY:0.46596289052700884
C_KINGSAFETY:0.4837554269888028
C_PAWNSTRUCTURE:0.5566148904148671
C_PIECECOORDINATION:0.540045563229771
C_ROOKANDPAWNMOVEMENT:0.540045563229771
C_CENTERCONTROL:0.3999922699800039
C_DEVELOPPIECES:0.40744597558662127
C_MATERIAL:0.5799089554874498
