ELO:971
CE_PASSEDPAWNS:0.5017852601448618
CE_PAWNWEAKNESSES:0.5056597523130061
CE_PIECEACTIVITY:0.4955273172755253
CE_KINGPAWNSHIELD:0.5143398901704057
CE_PIECECOORDINATION:0.5184380093236779
CE_MATERIAL:0.48633512908305504
CE_KINGSAFETY:0.5
C_PIECESQUARETABLES:0.5
C_MOBILITY:0.4480707806984316
C_KINGSAFETY:0.4929882841288392
C_PAWNSTRUCTURE:0.5212853644660932
C_PIECECOORDINATION:0.43643578241052106
C_ROOKANDPAWNMOVEMENT:0.43643578241052106
C_CENTERCONTROL:0.5239880471581045
C_DEVELOPPIECES:0.4779671562159021
C_MATERIAL:0.49797262366988976
C_MOVECOUNT:0.46553482502860166
