ELO:809
CE_PASSEDPAWNS:0.5274182966673536
CE_PAWNWEAKNESSES:0.49666348345151123
CE_PIECEACTIVITY:0.5292473226992187
CE_KINGPAWNSHIELD:0.4488771872159025
CE_PIECECOORDINATION:0.5680618549504041
CE_MATERIAL:0.4776124261302347
CE_KINGSAFETY:0.5026621919947156
C_PIECESQUARETABLES:0.5458589541360321
C_MOBILITY:0.4463540751834029
C_KINGSAFETY:0.4692609933276964
C_PAWNSTRUCTURE:0.5011891704523803
C_PIECECOORDINATION:0.4854887243900035
C_ROOKANDPAWNMOVEMENT:0.4854887243900035
C_CENTERCONTROL:0.5452676311315254
C_DEVELOPPIECES:0.5477644706503055
C_MATERIAL:0.6130834064069817
C_MOVECOUNT:0.5
