ELO:1332
CE_PASSEDPAWNS:0.4382366343002822
CE_PAWNWEAKNESSES:0.5591061976625223
CE_PIECEACTIVITY:0.5522746466820494
CE_KINGPAWNSHIELD:0.4865580759825473
CE_PIECECOORDINATION:0.46625420215041063
CE_MATERIAL:0.35523118730470193
CE_KINGSAFETY:0.5036515576493444
C_PIECESQUARETABLES:0.4945190624517736
C_MOBILITY:0.43382270013628105
C_KINGSAFETY:0.40520792136116307
C_PAWNSTRUCTURE:0.5965506141169289
C_PIECECOORDINATION:0.5450051674444382
C_ROOKANDPAWNMOVEMENT:0.5450051674444382
C_CENTERCONTROL:0.494981709493364
C_DEVELOPPIECES:0.522277324323065
C_MATERIAL:0.5852273520815372
