ELO:758
CE_PASSEDPAWNS:0.5261489486706432
CE_PAWNWEAKNESSES:0.4998174089299303
CE_PIECEACTIVITY:0.5601726263144458
CE_KINGPAWNSHIELD:0.43612902194184006
CE_PIECECOORDINATION:0.5646354536710725
CE_MATERIAL:0.4606972090484663
CE_KINGSAFETY:0.5015184256214018
C_PIECESQUARETABLES:0.4885121400577869
C_MOBILITY:0.4839893597737502
C_KINGSAFETY:0.47969916514721894
C_PAWNSTRUCTURE:0.4975366034919664
C_PIECECOORDINATION:0.48935137716043897
C_ROOKANDPAWNMOVEMENT:0.48935137716043897
C_CENTERCONTROL:0.5177778533043683
C_DEVELOPPIECES:0.534456032435646
C_MATERIAL:0.5556781234114857
C_MOVECOUNT:0.5
