ELO:723
CE_PASSEDPAWNS:0.4196336269323694
CE_PAWNWEAKNESSES:0.554997364491138
CE_PIECEACTIVITY:0.47626054033149967
CE_KINGPAWNSHIELD:0.5157724312167026
CE_PIECECOORDINATION:0.5690917736778519
CE_MATERIAL:0.44352720382790944
CE_KINGSAFETY:0.46934568069978233
C_PIECESQUARETABLES:0.48929454645853826
C_MOBILITY:0.5285639638810694
C_KINGSAFETY:0.4969438014468476
C_PAWNSTRUCTURE:0.5376281614341583
C_PIECECOORDINATION:0.5551278667696959
C_ROOKANDPAWNMOVEMENT:0.5551278667696959
C_CENTERCONTROL:0.48018273738298045
C_DEVELOPPIECES:0.49931755984913506
C_MATERIAL:0.46058420230332686
C_MOVECOUNT:0.5018334924480927
