ELO:1261
CE_PASSEDPAWNS:0.414768507815632
CE_PAWNWEAKNESSES:0.5915994779852465
CE_PIECEACTIVITY:0.4249411783250235
CE_KINGPAWNSHIELD:0.4498060339940104
CE_PIECECOORDINATION:0.49525090608611594
CE_MATERIAL:0.3441306067438253
CE_KINGSAFETY:0.5111308044925587
C_PIECESQUARETABLES:0.48942782384160843
C_MOBILITY:0.3621911048225555
C_KINGSAFETY:0.4024994256990024
C_PAWNSTRUCTURE:0.5610315317917739
C_PIECECOORDINATION:0.5737007474012814
C_ROOKANDPAWNMOVEMENT:0.5737007474012814
C_CENTERCONTROL:0.5482880801453185
C_DEVELOPPIECES:0.44916666488797985
C_MATERIAL:0.533923652306625
