ELO:892
CE_PASSEDPAWNS:0.5126058574404213
CE_PAWNWEAKNESSES:0.508006378532694
CE_PIECEACTIVITY:0.5213562802742749
CE_KINGPAWNSHIELD:0.49010558596304854
CE_PIECECOORDINATION:0.5402967057077446
CE_MATERIAL:0.46049232567231324
CE_KINGSAFETY:0.4638766124266595
C_PIECESQUARETABLES:0.4935705736620532
C_MOBILITY:0.5060402801686461
C_KINGSAFETY:0.48917701938545805
C_PAWNSTRUCTURE:0.4690366222173758
C_PIECECOORDINATION:0.4737132695896223
C_ROOKANDPAWNMOVEMENT:0.4737132695896223
C_CENTERCONTROL:0.4828931784632865
C_DEVELOPPIECES:0.5335053093314768
C_MATERIAL:0.5278409864988162
C_MOVECOUNT:0.5
