ELO:776
CE_PASSEDPAWNS:0.5246919378817176
CE_PAWNWEAKNESSES:0.4632813315119189
CE_PIECEACTIVITY:0.56368310713696
CE_KINGPAWNSHIELD:0.47843089323330457
CE_PIECECOORDINATION:0.6039283482559961
CE_MATERIAL:0.49929557779169936
CE_KINGSAFETY:0.5049850368698626
C_PIECESQUARETABLES:0.5153240229259334
C_MOBILITY:0.49599201616532995
C_KINGSAFETY:0.46098663356026964
C_PAWNSTRUCTURE:0.5057919042614695
C_PIECECOORDINATION:0.3917707188320483
C_ROOKANDPAWNMOVEMENT:0.3917707188320483
C_CENTERCONTROL:0.5334656917688957
C_DEVELOPPIECES:0.5050015186900961
C_MATERIAL:0.6294941928951314
C_MOVECOUNT:0.5102954335666995
