ELO:921
CE_PASSEDPAWNS:0.5904858789180036
CE_PAWNWEAKNESSES:0.4910196163220427
CE_PIECEACTIVITY:0.5242130371714487
CE_KINGPAWNSHIELD:0.4322875139842682
CE_PIECECOORDINATION:0.5477189323350977
CE_MATERIAL:0.4375623862175433
CE_KINGSAFETY:0.512572130037719
C_PIECESQUARETABLES:0.5099774124251877
C_MOBILITY:0.43956995469148336
C_KINGSAFETY:0.4061800110509043
C_PAWNSTRUCTURE:0.4924390199638422
C_PIECECOORDINATION:0.5792314874864791
C_ROOKANDPAWNMOVEMENT:0.5792314874864791
C_CENTERCONTROL:0.3923307704971553
C_DEVELOPPIECES:0.4780661164686348
C_MATERIAL:0.5368301650842133
