ELO:1023
CE_PASSEDPAWNS:0.5
CE_PAWNWEAKNESSES:0.5
CE_PIECEACTIVITY:0.5153854580252264
CE_KINGPAWNSHIELD:0.5
CE_PIECECOORDINATION:0.5
CE_MATERIAL:0.5
CE_KINGSAFETY:0.5006933427050426
C_PIECESQUARETABLES:0.5030023160951106
C_MOBILITY:0.5
C_KINGSAFETY:0.4998548630673308
C_PAWNSTRUCTURE:0.5
C_PIECECOORDINATION:0.5
C_ROOKANDPAWNMOVEMENT:0.5
C_CENTERCONTROL:0.49266484720575465
C_DEVELOPPIECES:0.4876490231123495
C_MATERIAL:0.5
C_MOVECOUNT:0.5
