ELO:980
CE_PASSEDPAWNS:0.4883467719985099
CE_PAWNWEAKNESSES:0.5314840290004279
CE_PIECEACTIVITY:0.4992637838293916
CE_KINGPAWNSHIELD:0.489750986944486
CE_PIECECOORDINATION:0.4858273279290439
CE_MATERIAL:0.5024922298471148
CE_KINGSAFETY:0.4924553364051766
C_PIECESQUARETABLES:0.5
C_MOBILITY:0.4928126544126585
C_KINGSAFETY:0.4421943989140413
C_PAWNSTRUCTURE:0.49109082371369756
C_PIECECOORDINATION:0.535573438649579
C_ROOK:0.5426734590129029
CE_ROOK:0.5265046857135909
C_CENTERCONTROL:0.46548977497890054
C_DEVELOPPIECES:0.506614049973563
C_MATERIAL:0.49287125966692397
C_MOVECOUNT:0.49593440745849443
C_PAWNMOVEMENT:0.5363888324303767
