ELO:972
CE_PASSEDPAWNS:0.5053831731905701
CE_PAWNWEAKNESSES:0.49794720809022186
CE_PIECEACTIVITY:0.513271960708328
CE_KINGPAWNSHIELD:0.4600488834770031
CE_PIECECOORDINATION:0.48856832916313836
CE_MATERIAL:0.5467286768704591
CE_KINGSAFETY:0.496033089533633
C_PIECESQUARETABLES:0.5057113382366774
C_MOBILITY:0.4769977589243317
C_KINGSAFETY:0.48213314377231514
C_PAWNSTRUCTURE:0.5159853443301429
C_PIECECOORDINATION:0.5145972129948322
C_ROOKANDPAWNMOVEMENT:0.5145972129948322
C_CENTERCONTROL:0.5197952852688842
C_DEVELOPPIECES:0.5261820210793389
C_MATERIAL:0.48436023940238676
