ELO:1266
CE_PASSEDPAWNS:0.4155471022398515
CE_PAWNWEAKNESSES:0.5915994779852465
CE_PIECEACTIVITY:0.44631838776408517
CE_KINGPAWNSHIELD:0.4181592127423635
CE_PIECECOORDINATION:0.5464076372288086
CE_MATERIAL:0.4879868932312145
CE_KINGSAFETY:0.5
C_PIECESQUARETABLES:0.5
C_MOBILITY:0.4775985995231743
C_KINGSAFETY:0.39963621770432795
C_PAWNSTRUCTURE:0.5565549327089838
C_PIECECOORDINATION:0.5824912919337145
C_ROOKANDPAWNMOVEMENT:0.5824912919337145
C_CENTERCONTROL:0.5215481662067727
C_DEVELOPPIECES:0.40461262886758054
C_MATERIAL:0.613901447139935
