ELO:940
CE_PASSEDPAWNS:0.505295154549737
CE_PAWNWEAKNESSES:0.4974098900353785
CE_PIECEACTIVITY:0.5082031940796988
CE_KINGPAWNSHIELD:0.4876019140549007
CE_PIECECOORDINATION:0.4956575062327665
CE_MATERIAL:0.5290098578984214
CE_KINGSAFETY:0.5119003779924506
C_PIECESQUARETABLES:0.5152126446951943
C_MOBILITY:0.48009824917500843
C_KINGSAFETY:0.5441051165587578
C_PAWNSTRUCTURE:0.5015625489005187
C_PIECECOORDINATION:0.5067396066147861
C_ROOKANDPAWNMOVEMENT:0.5067396066147861
C_CENTERCONTROL:0.5237964102090235
C_DEVELOPPIECES:0.5354365026622693
C_MATERIAL:0.48291232410092283
