ELO:998
CE_PASSEDPAWNS:0.5223335490723671
CE_PAWNWEAKNESSES:0.49429400344937124
CE_PIECEACTIVITY:0.503149537450937
CE_KINGPAWNSHIELD:0.506429880475148
CE_PIECECOORDINATION:0.5245435284841313
CE_MATERIAL:0.4833387493298794
CE_KINGSAFETY:0.4963905709611201
C_PIECESQUARETABLES:0.5035705473995516
C_MOBILITY:0.4913040045031907
C_KINGSAFETY:0.5108037662505968
C_PAWNSTRUCTURE:0.5084033372933106
C_PIECECOORDINATION:0.5078117316134141
C_ROOK:0.5104305337943754
CE_ROOK:0.5244162978989239
C_CENTERCONTROL:0.49588327264764853
C_DEVELOPPIECES:0.488855184155191
C_MATERIAL:0.5201504813503716
C_MOVECOUNT:0.48722723962652675
C_PAWNMOVEMENT:0.49518478003410604
