ELO:1000
CE_PASSEDPAWNS:0.4844047519654546
CE_PAWNWEAKNESSES:0.47435288825004035
CE_PIECEACTIVITY:0.4818027317231068
CE_KINGPAWNSHIELD:0.528272713050328
CE_PIECECOORDINATION:0.4907601738076773
CE_MATERIAL:0.4839139951396446
CE_KINGSAFETY:0.5138510109807918
C_PIECESQUARETABLES:0.5008928671913448
C_MOBILITY:0.46682802323510325
C_KINGSAFETY:0.4890308478090142
C_PAWNSTRUCTURE:0.4955387712347255
C_PIECECOORDINATION:0.48324380461679417
C_ROOKANDPAWNMOVEMENT:0.48324380461679417
C_CENTERCONTROL:0.5234573781909451
C_DEVELOPPIECES:0.519567858386955
C_MATERIAL:0.46707670675310753
