ELO:959
CE_PASSEDPAWNS:0.5098260318540492
CE_PAWNWEAKNESSES:0.5191708483891608
CE_PIECEACTIVITY:0.4738434331902511
CE_KINGPAWNSHIELD:0.4957620792623882
CE_PIECECOORDINATION:0.5199634391828883
CE_MATERIAL:0.511524814528581
CE_KINGSAFETY:0.5
C_PIECESQUARETABLES:0.489755707241622
C_MOBILITY:0.4829727883654056
C_KINGSAFETY:0.4953448239583316
C_PAWNSTRUCTURE:0.5133504630880249
C_PIECECOORDINATION:0.5168420351434051
C_ROOK:0.49413328194942996
CE_ROOK:0.5140675743201198
C_CENTERCONTROL:0.4929101502010343
C_DEVELOPPIECES:0.5054834048826815
C_MATERIAL:0.45976700344647287
C_MOVECOUNT:0.5281170534686258
C_PAWNMOVEMENT:0.5157585373571859
