ELO:959
CE_PASSEDPAWNS:0.5128726938555925
CE_PAWNWEAKNESSES:0.5319670117560773
CE_PIECEACTIVITY:0.5016245473231088
CE_KINGPAWNSHIELD:0.5121897446790837
CE_PIECECOORDINATION:0.5126856130772789
CE_MATERIAL:0.5031730976812047
CE_KINGSAFETY:0.512267120389772
C_PIECESQUARETABLES:0.5
C_MOBILITY:0.4813271613564722
C_KINGSAFETY:0.5554381877944183
C_PAWNSTRUCTURE:0.4645590072286439
C_PIECECOORDINATION:0.5200587711481103
C_ROOK:0.4851467347200659
CE_ROOK:0.5341796477795272
C_CENTERCONTROL:0.4929101502010343
C_DEVELOPPIECES:0.5042391010105906
C_MATERIAL:0.5157054266024839
C_MOVECOUNT:0.5297147495454135
C_PAWNMOVEMENT:0.49455663971849534
