ELO:860
CE_PASSEDPAWNS:0.513839105146257
CE_PAWNWEAKNESSES:0.4968542228252604
CE_PIECEACTIVITY:0.5282559626911283
CE_KINGPAWNSHIELD:0.4481840497201594
CE_PIECECOORDINATION:0.5259215550273728
CE_MATERIAL:0.48007808022274484
CE_KINGSAFETY:0.4686438112219613
C_PIECESQUARETABLES:0.5205626276559504
C_MOBILITY:0.48814057111907583
C_KINGSAFETY:0.4947908985664285
C_PAWNSTRUCTURE:0.46227256765055524
C_PIECECOORDINATION:0.468931823582471
C_ROOKANDPAWNMOVEMENT:0.468931823582471
C_CENTERCONTROL:0.4933732995115455
C_DEVELOPPIECES:0.5236149458135431
C_MATERIAL:0.5185599254457618
C_MOVECOUNT:0.5
