ELO:997
CE_PASSEDPAWNS:0.481855579185735
CE_PAWNWEAKNESSES:0.4432196429113839
CE_PIECEACTIVITY:0.5060625338119478
CE_KINGPAWNSHIELD:0.5447784333512817
CE_PIECECOORDINATION:0.5300907431046898
CE_MATERIAL:0.505172309182399
CE_KINGSAFETY:0.49900663456092786
C_PIECESQUARETABLES:0.496475469879506
C_MOBILITY:0.4708142244361718
C_KINGSAFETY:0.4628352741241567
C_PAWNSTRUCTURE:0.4888121384931027
C_PIECECOORDINATION:0.45877329653638044
C_ROOKANDPAWNMOVEMENT:0.45877329653638044
C_CENTERCONTROL:0.48726097463167567
C_DEVELOPPIECES:0.5129223823629696
C_MATERIAL:0.5025891434651947
