ELO:795
CE_PASSEDPAWNS:0.5582514626645078
CE_PAWNWEAKNESSES:0.5561136473190298
CE_PIECEACTIVITY:0.47700467529527657
CE_KINGPAWNSHIELD:0.530944820324371
CE_PIECECOORDINATION:0.5847627265460185
CE_MATERIAL:0.4902485496544648
CE_KINGSAFETY:0.5190089573735145
C_PIECESQUARETABLES:0.46044820065722963
C_MOBILITY:0.5255035324645093
C_KINGSAFETY:0.450765889627433
C_PAWNSTRUCTURE:0.4993417000959743
C_PIECECOORDINATION:0.45685576713347786
C_ROOKANDPAWNMOVEMENT:0.45685576713347786
C_CENTERCONTROL:0.5650356377072476
C_DEVELOPPIECES:0.4885588039119638
C_MATERIAL:0.526188041638975
C_MOVECOUNT:0.4734896042787535
