ELO:1266
CE_PASSEDPAWNS:0.4575949883343276
CE_PAWNWEAKNESSES:0.44542974891888637
CE_PIECEACTIVITY:0.42718863939113
CE_KINGPAWNSHIELD:0.4181592127423635
CE_PIECECOORDINATION:0.5228665876218258
CE_MATERIAL:0.47142943546382343
CE_KINGSAFETY:0.5
C_PIECESQUARETABLES:0.5
C_MOBILITY:0.4575944242744406
C_KINGSAFETY:0.40537593797504984
C_PAWNSTRUCTURE:0.5584186759862515
C_PIECECOORDINATION:0.5415505407799859
C_ROOKANDPAWNMOVEMENT:0.5415505407799859
C_CENTERCONTROL:0.5200534090186267
C_DEVELOPPIECES:0.4318273846196261
C_MATERIAL:0.613901447139935
