ELO:985
CE_PASSEDPAWNS:0.4816320272221472
CE_PAWNWEAKNESSES:0.521050262522714
CE_PIECEACTIVITY:0.5061942483754077
CE_KINGPAWNSHIELD:0.4937973835926469
CE_PIECECOORDINATION:0.4840688995701562
CE_MATERIAL:0.5184023394268263
CE_KINGSAFETY:0.507032640548807
C_PIECESQUARETABLES:0.5
C_MOBILITY:0.4983754421706175
C_KINGSAFETY:0.4544768713561398
C_PAWNSTRUCTURE:0.5031791578473855
C_PIECECOORDINATION:0.5269316285967314
C_ROOK:0.5282667527508226
CE_ROOK:0.5142327304418189
C_CENTERCONTROL:0.45590160260347984
C_DEVELOPPIECES:0.5025543555865756
C_MATERIAL:0.49168925236081873
C_MOVECOUNT:0.4915907722027843
C_PAWNMOVEMENT:0.5236556979863379
