ELO:889
CE_PASSEDPAWNS:0.4606527225061637
CE_PAWNWEAKNESSES:0.5029462075544442
CE_PIECEACTIVITY:0.5184995884145418
CE_KINGPAWNSHIELD:0.5400744856908841
CE_PIECECOORDINATION:0.5632601053792046
CE_MATERIAL:0.44082514268445
CE_KINGSAFETY:0.49312670669546704
C_PIECESQUARETABLES:0.49236919803121654
C_MOBILITY:0.4299488256192484
C_KINGSAFETY:0.5388759335122003
C_PAWNSTRUCTURE:0.45197303391248167
C_PIECECOORDINATION:0.4048334277489699
C_ROOKANDPAWNMOVEMENT:0.4048334277489699
C_CENTERCONTROL:0.5072714178926045
C_DEVELOPPIECES:0.4514121584861137
C_MATERIAL:0.43691880653055126
