ELO:1000
CE_PASSEDPAWNS:0.4872251256272093
CE_PAWNWEAKNESSES:0.4381035928858275
CE_PIECEACTIVITY:0.46801057286020853
CE_KINGPAWNSHIELD:0.5298940223268908
CE_PIECECOORDINATION:0.5171557239640122
CE_MATERIAL:0.48773519289648876
CE_KINGSAFETY:0.50820368905511
C_PIECESQUARETABLES:0.4964828022947075
C_MOBILITY:0.4655946046803005
C_KINGSAFETY:0.4613115689581466
C_PAWNSTRUCTURE:0.4764773808988536
C_PIECECOORDINATION:0.5010152224091474
C_ROOKANDPAWNMOVEMENT:0.5010152224091474
C_CENTERCONTROL:0.5134111206545818
C_DEVELOPPIECES:0.4822106829039827
C_MATERIAL:0.49283987593698725
