ELO:987
CE_PASSEDPAWNS:0.48774805563190815
CE_PAWNWEAKNESSES:0.4990965941094698
CE_PIECEACTIVITY:0.4932105467296606
CE_KINGPAWNSHIELD:0.5076771969467276
CE_PIECECOORDINATION:0.5
CE_MATERIAL:0.5063510416865183
CE_KINGSAFETY:0.5007265041412436
C_PIECESQUARETABLES:0.5016660231806354
C_MOBILITY:0.48739328314201036
C_KINGSAFETY:0.4973264613464486
C_PAWNSTRUCTURE:0.49984843466215684
C_PIECECOORDINATION:0.494643012711432
C_ROOKANDPAWNMOVEMENT:0.494643012711432
C_CENTERCONTROL:0.5
C_DEVELOPPIECES:0.5172742131677492
C_MATERIAL:0.5071909711859605
C_MOVECOUNT:0.5
