ELO:1000
CE_PASSEDPAWNS:0.4987404687707128
CE_PAWNWEAKNESSES:0.44693069050826534
CE_PIECEACTIVITY:0.4575879277725138
CE_KINGPAWNSHIELD:0.5318331273750573
CE_PIECECOORDINATION:0.48720474331029745
CE_MATERIAL:0.5105691314317216
CE_KINGSAFETY:0.53066762232921
C_PIECESQUARETABLES:0.5232663498750184
C_MOBILITY:0.4713279186733544
C_KINGSAFETY:0.4745535785489404
C_PAWNSTRUCTURE:0.4764773808988536
C_PIECECOORDINATION:0.5045159568223669
C_ROOKANDPAWNMOVEMENT:0.5045159568223669
C_CENTERCONTROL:0.4939894565793268
C_DEVELOPPIECES:0.5034218237418774
C_MATERIAL:0.48162244748957417
