ELO:1000
CE_PASSEDPAWNS:0.5
CE_PAWNWEAKNESSES:0.4980790677268271
CE_PIECEACTIVITY:0.5
CE_KINGPAWNSHIELD:0.5
CE_PIECECOORDINATION:0.5
CE_MATERIAL:0.5
CE_KINGSAFETY:0.5
C_PIECESQUARETABLES:0.5
C_MOBILITY:0.4938067490442202
C_KINGSAFETY:0.5
C_PAWNSTRUCTURE:0.5099819153696429
C_PIECECOORDINATION:0.497126680370343
C_ROOK:0.5
CE_ROOK:0.5
C_CENTERCONTROL:0.5
C_DEVELOPPIECES:0.5017521066737574
C_MATERIAL:0.5
C_MOVECOUNT:0.4914217792082092
C_PAWNMOVEMENT:0.5016649651403134
