ELO:991
CE_PASSEDPAWNS:0.4816320272221472
CE_PAWNWEAKNESSES:0.5127019919410951
CE_PIECEACTIVITY:0.4992713670617808
CE_KINGPAWNSHIELD:0.4937973835926469
CE_PIECECOORDINATION:0.48624851002150826
CE_MATERIAL:0.5046266564921938
CE_KINGSAFETY:0.4893494589552076
C_PIECESQUARETABLES:0.4977987885537227
C_MOBILITY:0.4983754421706175
C_KINGSAFETY:0.452812332908574
C_PAWNSTRUCTURE:0.5089364269567334
C_PIECECOORDINATION:0.5202582623067273
C_ROOK:0.5097722339168105
CE_ROOK:0.5041049299804611
C_CENTERCONTROL:0.45590160260347984
C_DEVELOPPIECES:0.5025543555865756
C_MATERIAL:0.48932963110898386
C_MOVECOUNT:0.5104783789437934
C_PAWNMOVEMENT:0.5122938642990486
