ELO:746
CE_PASSEDPAWNS:0.4254585898465541
CE_PAWNWEAKNESSES:0.4265892812597372
CE_PIECEACTIVITY:0.4510169564492433
CE_KINGPAWNSHIELD:0.4392201247095536
CE_PIECECOORDINATION:0.35405093235949747
CE_MATERIAL:0.5192037350308492
CE_KINGSAFETY:0.4722882709943674
C_PIECESQUARETABLES:0.48506607079807346
C_MOBILITY:0.44766113898096127
C_KINGSAFETY:0.46062612640752376
C_PAWNSTRUCTURE:0.49694768733166866
C_PIECECOORDINATION:0.3864104798400368
C_ROOKANDPAWNMOVEMENT:0.3864104798400368
C_CENTERCONTROL:0.4793045199429554
C_DEVELOPPIECES:0.4639891175831
C_MATERIAL:0.4702864507542901
C_MOVECOUNT:0.5140796483668442
