ELO:991
CE_PASSEDPAWNS:0.528385216078665
CE_PAWNWEAKNESSES:0.5252519746787478
CE_PIECEACTIVITY:0.5296228362548762
CE_KINGPAWNSHIELD:0.5043530495586585
CE_PIECECOORDINATION:0.5054532189496743
CE_MATERIAL:0.5429478892486251
CE_KINGSAFETY:0.4932971229226905
C_PIECESQUARETABLES:0.49097443479373
C_MOBILITY:0.5215695512741754
C_KINGSAFETY:0.4994074967069631
C_PAWNSTRUCTURE:0.49526484796747006
C_PIECECOORDINATION:0.46466336552646664
C_ROOK:0.5154181576967621
CE_ROOK:0.5033406545953226
C_CENTERCONTROL:0.5068342294818842
C_DEVELOPPIECES:0.4878894749012054
C_MATERIAL:0.4910272881668083
C_MOVECOUNT:0.5309861571078344
C_PAWNMOVEMENT:0.47659408252544866
