ELO:980
CE_PASSEDPAWNS:0.5120938812004859
CE_PAWNWEAKNESSES:0.42420224236783804
CE_PIECEACTIVITY:0.46203022742785627
CE_KINGPAWNSHIELD:0.4636142330879341
CE_PIECECOORDINATION:0.48787636035539933
CE_MATERIAL:0.47379538196890175
CE_KINGSAFETY:0.517718483064368
C_PIECESQUARETABLES:0.5
C_MOBILITY:0.49589157627987845
C_KINGSAFETY:0.45840352249571653
C_PAWNSTRUCTURE:0.468509698294319
C_PIECECOORDINATION:0.464951122107799
C_ROOKANDPAWNMOVEMENT:0.464951122107799
C_CENTERCONTROL:0.6069907981115141
C_DEVELOPPIECES:0.4908244584508063
C_MATERIAL:0.44438042664391914
