ELO:988
CE_PASSEDPAWNS:0.5344007594926052
CE_PAWNWEAKNESSES:0.4866265942714099
CE_PIECEACTIVITY:0.4896741257377654
CE_KINGPAWNSHIELD:0.5360572510311993
CE_PIECECOORDINATION:0.4676422062515174
CE_MATERIAL:0.5110210364307984
CE_KINGSAFETY:0.5164034040209422
C_PIECESQUARETABLES:0.54726854844601
C_MOBILITY:0.4980070902420837
C_KINGSAFETY:0.5354941495489955
C_PAWNSTRUCTURE:0.5120319869386025
C_PIECECOORDINATION:0.5083844671896144
C_ROOKANDPAWNMOVEMENT:0.5083844671896144
C_CENTERCONTROL:0.5337091087808605
C_DEVELOPPIECES:0.509584582964095
C_MATERIAL:0.46877956265050974
