ELO:772
CE_PASSEDPAWNS:0.457514564202597
CE_PAWNWEAKNESSES:0.44593870719744916
CE_PIECEACTIVITY:0.4131135178887094
CE_KINGPAWNSHIELD:0.45828407657095194
CE_PIECECOORDINATION:0.34465781968841924
CE_MATERIAL:0.4920144986013542
CE_KINGSAFETY:0.5393522499833452
C_PIECESQUARETABLES:0.4473185790823276
C_MOBILITY:0.4963998993246006
C_KINGSAFETY:0.4611050671942878
C_PAWNSTRUCTURE:0.545347201851188
C_PIECECOORDINATION:0.40759344640381295
C_ROOKANDPAWNMOVEMENT:0.40759344640381295
C_CENTERCONTROL:0.4562991268747105
C_DEVELOPPIECES:0.45675243836750334
C_MATERIAL:0.4820347828839729
C_MOVECOUNT:0.5
