ELO:955
CE_PASSEDPAWNS:0.528385216078665
CE_PAWNWEAKNESSES:0.5290233288667608
CE_PIECEACTIVITY:0.5309100821273927
CE_KINGPAWNSHIELD:0.5043530495586585
CE_PIECECOORDINATION:0.5169788913216761
CE_MATERIAL:0.5432526372577371
CE_KINGSAFETY:0.492735113729248
C_PIECESQUARETABLES:0.49097443479373
C_MOBILITY:0.5135582693803437
C_KINGSAFETY:0.4994074967069631
C_PAWNSTRUCTURE:0.49526484796747006
C_PIECECOORDINATION:0.4619070194369859
C_ROOK:0.5154181576967621
CE_ROOK:0.511303051770793
C_CENTERCONTROL:0.5162269715661235
C_DEVELOPPIECES:0.49596136784763345
C_MATERIAL:0.4910272881668083
C_MOVECOUNT:0.541274666380709
C_PAWNMOVEMENT:0.47659408252544866
