ELO:954
CE_PASSEDPAWNS:0.5053424089427082
CE_PAWNWEAKNESSES:0.48930402544242685
CE_PIECEACTIVITY:0.49535143958996947
CE_KINGPAWNSHIELD:0.4688051761937349
CE_PIECECOORDINATION:0.5026300486550473
CE_MATERIAL:0.5100178267771721
CE_KINGSAFETY:0.49353020830370564
C_PIECESQUARETABLES:0.4964681394996467
C_MOBILITY:0.46758696148831436
C_KINGSAFETY:0.4971758388402378
C_PAWNSTRUCTURE:0.5078515118233906
C_PIECECOORDINATION:0.4955769886478359
C_ROOKANDPAWNMOVEMENT:0.4955769886478359
C_CENTERCONTROL:0.4905889323372509
C_DEVELOPPIECES:0.5015106921081658
C_MATERIAL:0.4692498465658688
C_MOVECOUNT:0.5224801857220795
