ELO:930
CE_PASSEDPAWNS:0.49479599752098613
CE_PAWNWEAKNESSES:0.4168919570624742
CE_PIECEACTIVITY:0.47194168080040044
CE_KINGPAWNSHIELD:0.4295777390580853
CE_PIECECOORDINATION:0.5870085593703326
CE_MATERIAL:0.48022873155067963
CE_KINGSAFETY:0.515325601199378
C_PIECESQUARETABLES:0.520969502992924
C_MOBILITY:0.5470684211046574
C_KINGSAFETY:0.4978129686022956
C_PAWNSTRUCTURE:0.5074016121939544
C_PIECECOORDINATION:0.5625872127522027
C_ROOKANDPAWNMOVEMENT:0.5625872127522027
C_CENTERCONTROL:0.5770373511676912
C_DEVELOPPIECES:0.5310516584291788
C_MATERIAL:0.4520162852419609
