ELO:902
CE_PASSEDPAWNS:0.4825845821434961
CE_PAWNWEAKNESSES:0.42496254375385534
CE_PIECEACTIVITY:0.5176622517974115
CE_KINGPAWNSHIELD:0.5348502092264458
CE_PIECECOORDINATION:0.5305611888912563
CE_MATERIAL:0.5000159811607976
CE_KINGSAFETY:0.48923416320921803
C_PIECESQUARETABLES:0.4970653778394683
C_MOBILITY:0.5225831502080549
C_KINGSAFETY:0.4768070245181632
C_PAWNSTRUCTURE:0.5281216085842072
C_PIECECOORDINATION:0.4938231582066426
C_ROOKANDPAWNMOVEMENT:0.4938231582066426
C_CENTERCONTROL:0.4826879709434713
C_DEVELOPPIECES:0.4925513180196987
C_MATERIAL:0.46938556056041275
C_MOVECOUNT:0.5
