ELO:931
CE_PASSEDPAWNS:0.48149061435893026
CE_PAWNWEAKNESSES:0.4909291295530503
CE_PIECEACTIVITY:0.4470366753060761
CE_KINGPAWNSHIELD:0.5063113053657267
CE_PIECECOORDINATION:0.4710895943580762
CE_MATERIAL:0.5446231310753015
CE_KINGSAFETY:0.4863031432372334
C_PIECESQUARETABLES:0.5071341005016955
C_MOBILITY:0.5107239888325557
C_KINGSAFETY:0.5555629175592727
C_PAWNSTRUCTURE:0.5027686779888864
C_PIECECOORDINATION:0.43572221459470295
C_ROOKANDPAWNMOVEMENT:0.43572221459470295
C_CENTERCONTROL:0.47656891457107375
C_DEVELOPPIECES:0.5108514992082978
C_MATERIAL:0.41540822168413444
