ELO:774
CE_PASSEDPAWNS:0.5145739844197831
CE_PAWNWEAKNESSES:0.5121661555746838
CE_PIECEACTIVITY:0.4926802125077287
CE_KINGPAWNSHIELD:0.5104408496778423
CE_PIECECOORDINATION:0.5962301852521458
CE_MATERIAL:0.526724182644043
CE_KINGSAFETY:0.5062976089211219
C_PIECESQUARETABLES:0.5170130599417171
C_MOBILITY:0.4582066185352517
C_KINGSAFETY:0.4970225826555054
C_PAWNSTRUCTURE:0.4763529089687392
C_PIECECOORDINATION:0.5625411472735192
C_ROOKANDPAWNMOVEMENT:0.5625411472735192
C_CENTERCONTROL:0.4678743817126071
C_DEVELOPPIECES:0.5261887601698193
C_MATERIAL:0.5028386095229999
C_MOVECOUNT:0.5
