ELO:967
CE_PASSEDPAWNS:0.5116493402572958
CE_PAWNWEAKNESSES:0.546179673808197
CE_PIECEACTIVITY:0.5346938316618821
CE_KINGPAWNSHIELD:0.4997491634085157
CE_PIECECOORDINATION:0.5126614406714528
CE_MATERIAL:0.5427392818686609
CE_KINGSAFETY:0.5007919326057458
C_PIECESQUARETABLES:0.4924483905278414
C_MOBILITY:0.4837442909329081
C_KINGSAFETY:0.4862610852226631
C_PAWNSTRUCTURE:0.4933830677314906
C_PIECECOORDINATION:0.45611716692000226
C_ROOK:0.5111526142899772
CE_ROOK:0.5110796868094528
C_CENTERCONTROL:0.528117263405217
C_DEVELOPPIECES:0.4900494363295713
C_MATERIAL:0.4961486010651346
C_MOVECOUNT:0.5416900183759671
C_PAWNMOVEMENT:0.48325073929932694
