ELO:955
CE_PASSEDPAWNS:0.513979662983385
CE_PAWNWEAKNESSES:0.5058937262222166
CE_PIECEACTIVITY:0.5069411537290566
CE_KINGPAWNSHIELD:0.5452034923395531
CE_PIECECOORDINATION:0.4918730576580314
CE_MATERIAL:0.49833238700740057
CE_KINGSAFETY:0.492289423424413
C_PIECESQUARETABLES:0.46705438645008185
C_MOBILITY:0.49560960105354634
C_KINGSAFETY:0.5011567625142546
C_PAWNSTRUCTURE:0.5041854434528891
C_PIECECOORDINATION:0.5148942866913669
C_ROOKANDPAWNMOVEMENT:0.5148942866913669
C_CENTERCONTROL:0.5082700420415267
C_DEVELOPPIECES:0.4939613353699885
C_MATERIAL:0.541742772303681
C_MOVECOUNT:0.5047896233572834
