ELO:976
CE_PASSEDPAWNS:0.5143417945749552
CE_PAWNWEAKNESSES:0.5
CE_PIECEACTIVITY:0.5
CE_KINGPAWNSHIELD:0.49560803663328296
CE_PIECECOORDINATION:0.5
CE_MATERIAL:0.5
CE_KINGSAFETY:0.5
C_PIECESQUARETABLES:0.5122801234598026
C_MOBILITY:0.5
C_KINGSAFETY:0.5
C_PAWNSTRUCTURE:0.5015755735417257
C_PIECECOORDINATION:0.506889358811959
C_ROOKANDPAWNMOVEMENT:0.506889358811959
C_CENTERCONTROL:0.5
C_DEVELOPPIECES:0.4982746227111365
C_MATERIAL:0.5
C_MOVECOUNT:0.5129718644983039
