ELO:984
CE_PASSEDPAWNS:0.5006978888923926
CE_PAWNWEAKNESSES:0.4949988474657925
CE_PIECEACTIVITY:0.48889309710193307
CE_KINGPAWNSHIELD:0.49386707553118475
CE_PIECECOORDINATION:0.5
CE_MATERIAL:0.49972918941912925
CE_KINGSAFETY:0.5099169403402027
C_PIECESQUARETABLES:0.5040836252479293
C_MOBILITY:0.5071328733809051
C_KINGSAFETY:0.49412227253965246
C_PAWNSTRUCTURE:0.5040076995360951
C_PIECECOORDINATION:0.5
C_ROOKANDPAWNMOVEMENT:0.5
C_CENTERCONTROL:0.49993323506941606
C_DEVELOPPIECES:0.5
C_MATERIAL:0.5
