ELO:973
CE_PASSEDPAWNS:0.4909405038632682
CE_PAWNWEAKNESSES:0.5104243280595837
CE_PIECEACTIVITY:0.5152768535308452
CE_KINGPAWNSHIELD:0.48677374622381636
CE_PIECECOORDINATION:0.5127081544964874
CE_MATERIAL:0.5171091665286748
CE_KINGSAFETY:0.5090503721004658
C_PIECESQUARETABLES:0.5
C_MOBILITY:0.5053939203619163
C_KINGSAFETY:0.4995986389035514
C_PAWNSTRUCTURE:0.4847052410864
C_PIECECOORDINATION:0.4858204172059866
C_ROOK:0.5057726381886866
CE_ROOK:0.5076006409142438
C_CENTERCONTROL:0.48193201428853055
C_DEVELOPPIECES:0.48597841234375566
C_MATERIAL:0.48969073315588835
C_MOVECOUNT:0.5189134487508323
C_PAWNMOVEMENT:0.4880523619537685
