ELO:1000
CE_PASSEDPAWNS:0.5194563876098047
CE_PAWNWEAKNESSES:0.49429755398782715
CE_PIECEACTIVITY:0.4357807331428225
CE_KINGPAWNSHIELD:0.4450394883763764
CE_PIECECOORDINATION:0.5080657029344322
CE_MATERIAL:0.49714921977450677
CE_KINGSAFETY:0.48972447699348015
C_PIECESQUARETABLES:0.5041685554950667
C_MOBILITY:0.5257280636746842
C_KINGSAFETY:0.4639870125480718
C_PAWNSTRUCTURE:0.4778174966084243
C_PIECECOORDINATION:0.45004222119903536
C_ROOKANDPAWNMOVEMENT:0.45004222119903536
C_CENTERCONTROL:0.5337846226559675
C_DEVELOPPIECES:0.5021455532607129
C_MATERIAL:0.47543167575913253
