ELO:969
CE_PASSEDPAWNS:0.5086198090951738
CE_PAWNWEAKNESSES:0.5046529675807525
CE_PIECEACTIVITY:0.5240028697148005
CE_KINGPAWNSHIELD:0.5043530495586585
CE_PIECECOORDINATION:0.5054532189496743
CE_MATERIAL:0.5429478892486251
CE_KINGSAFETY:0.5
C_PIECESQUARETABLES:0.49097443479373
C_MOBILITY:0.5224387486752582
C_KINGSAFETY:0.4931909674835737
C_PAWNSTRUCTURE:0.4847052410864
C_PIECECOORDINATION:0.4761382741671955
C_ROOK:0.5159895446367226
CE_ROOK:0.5013219868289117
C_CENTERCONTROL:0.5068342294818842
C_DEVELOPPIECES:0.48597841234375566
C_MATERIAL:0.4993670854404437
C_MOVECOUNT:0.5309861571078344
C_PAWNMOVEMENT:0.47659408252544866
