ELO:989
CE_PASSEDPAWNS:0.3623050546974184
CE_PAWNWEAKNESSES:0.5202027892345283
CE_PIECEACTIVITY:0.5684232224570448
CE_KINGPAWNSHIELD:0.47296228941213614
CE_PIECECOORDINATION:0.45814296825800355
CE_MATERIAL:0.5010217792152368
CE_KINGSAFETY:0.5081910035429555
C_PIECESQUARETABLES:0.5187965290552876
C_MOBILITY:0.5029202954439868
C_KINGSAFETY:0.5546134401548996
C_PAWNSTRUCTURE:0.32395696631232834
C_PIECECOORDINATION:0.45888756425247046
C_ROOKANDPAWNMOVEMENT:0.45888756425247046
C_CENTERCONTROL:0.3663898602595177
C_DEVELOPPIECES:0.4719889071645223
C_MATERIAL:0.6828983766046607
