ELO:988
CE_PASSEDPAWNS:0.4999072450149701
CE_PAWNWEAKNESSES:0.5
CE_PIECEACTIVITY:0.5094070565493849
CE_KINGPAWNSHIELD:0.49540749243831494
CE_PIECECOORDINATION:0.5
CE_MATERIAL:0.5067012098680344
CE_KINGSAFETY:0.5
C_PIECESQUARETABLES:0.5
C_MOBILITY:0.5
C_KINGSAFETY:0.4960835193269545
C_PAWNSTRUCTURE:0.489073398565308
C_PIECECOORDINATION:0.4952178529593866
C_ROOK:0.4987341896788493
CE_ROOK:0.5041665805516456
C_CENTERCONTROL:0.48697270225221956
C_DEVELOPPIECES:0.4836873534131582
C_MATERIAL:0.5078218318972351
C_MOVECOUNT:0.49969847719093985
C_PAWNMOVEMENT:0.4897108419506838
