ELO:1033
CE_PASSEDPAWNS:0.49011404100060474
CE_PAWNWEAKNESSES:0.4702651358756963
CE_PIECEACTIVITY:0.49077025061794416
CE_KINGPAWNSHIELD:0.5573071101184518
CE_PIECECOORDINATION:0.49101898071618744
CE_MATERIAL:0.49823735130947316
CE_KINGSAFETY:0.5
C_PIECESQUARETABLES:0.4724423900223983
C_MOBILITY:0.47685837667754927
C_KINGSAFETY:0.5633100318204572
C_PAWNSTRUCTURE:0.5
C_PIECECOORDINATION:0.4758055922988294
C_ROOKANDPAWNMOVEMENT:0.4758055922988294
C_CENTERCONTROL:0.4878621039945398
C_DEVELOPPIECES:0.44222288798357295
C_MATERIAL:0.4824610997208859
C_MOVECOUNT:0.5045827812539575
