ELO:934
CE_PASSEDPAWNS:0.506509023261309
CE_PAWNWEAKNESSES:0.4774082728407175
CE_PIECEACTIVITY:0.5049228796548813
CE_KINGPAWNSHIELD:0.539834913757339
CE_PIECECOORDINATION:0.4849734745474386
CE_MATERIAL:0.5
CE_KINGSAFETY:0.5184044523083534
C_PIECESQUARETABLES:0.5285614231529431
C_MOBILITY:0.4997625423842171
C_KINGSAFETY:0.47758373710232593
C_PAWNSTRUCTURE:0.5049031708453802
C_PIECECOORDINATION:0.4852917867157206
C_ROOKANDPAWNMOVEMENT:0.4852917867157206
C_CENTERCONTROL:0.4936437218142301
C_DEVELOPPIECES:0.49925161700976833
C_MATERIAL:0.5373449440895215
C_MOVECOUNT:0.5
