ELO:844
CE_PASSEDPAWNS:0.5413031149278565
CE_PAWNWEAKNESSES:0.5003541770060886
CE_PIECEACTIVITY:0.48605888264327823
CE_KINGPAWNSHIELD:0.5229514657648988
CE_PIECECOORDINATION:0.5690722356115402
CE_MATERIAL:0.5279894818029766
CE_KINGSAFETY:0.5
C_PIECESQUARETABLES:0.5
C_MOBILITY:0.4977261816514473
C_KINGSAFETY:0.5270051146276534
C_PAWNSTRUCTURE:0.5074985220972453
C_PIECECOORDINATION:0.5477720244968981
C_ROOKANDPAWNMOVEMENT:0.5477720244968981
C_CENTERCONTROL:0.47317934583372295
C_DEVELOPPIECES:0.4983909550399796
C_MATERIAL:0.4926900759584037
C_MOVECOUNT:0.5
