ELO:946
CE_PASSEDPAWNS:0.523075498435151
CE_PAWNWEAKNESSES:0.5676924291228621
CE_PIECEACTIVITY:0.5314421126777426
CE_KINGPAWNSHIELD:0.50462885250497
CE_PIECECOORDINATION:0.5040962443143595
CE_MATERIAL:0.4996002901312425
CE_KINGSAFETY:0.5107649708167048
C_PIECESQUARETABLES:0.5072857782244302
C_MOBILITY:0.4643301877127744
C_KINGSAFETY:0.4605346106542482
C_PAWNSTRUCTURE:0.5209381183507833
C_PIECECOORDINATION:0.4758367119282005
C_ROOK:0.5100353370412297
CE_ROOK:0.5345489978685287
C_CENTERCONTROL:0.5291478618785277
C_DEVELOPPIECES:0.5022197326608852
C_MATERIAL:0.5061733027142004
C_MOVECOUNT:0.5576290005057409
C_PAWNMOVEMENT:0.48206986160561927
