ELO:933
CE_PASSEDPAWNS:0.4927273453817605
CE_PAWNWEAKNESSES:0.45991520153666526
CE_PIECEACTIVITY:0.45884502502818664
CE_KINGPAWNSHIELD:0.5235698659917963
CE_PIECECOORDINATION:0.4421106505585547
CE_MATERIAL:0.5384918611828077
CE_KINGSAFETY:0.5088460214652465
C_PIECESQUARETABLES:0.48993912526772765
C_MOBILITY:0.5234389454003034
C_KINGSAFETY:0.5202688928426707
C_PAWNSTRUCTURE:0.4880854697244674
C_PIECECOORDINATION:0.4625239108144945
C_ROOKANDPAWNMOVEMENT:0.4625239108144945
C_CENTERCONTROL:0.4763033782000907
C_DEVELOPPIECES:0.4964553645025431
C_MATERIAL:0.43922212987208
