ELO:929
CE_PASSEDPAWNS:0.4622158503808805
CE_PAWNWEAKNESSES:0.47150448210790935
CE_PIECEACTIVITY:0.44146863573620826
CE_KINGPAWNSHIELD:0.4776010995804018
CE_PIECECOORDINATION:0.46580220531546196
CE_MATERIAL:0.5055212067592088
CE_KINGSAFETY:0.49904607412635593
C_PIECESQUARETABLES:0.5255160502130187
C_MOBILITY:0.524673305635572
C_KINGSAFETY:0.5638798047446223
C_PAWNSTRUCTURE:0.5023545212291789
C_PIECECOORDINATION:0.4164919122221733
C_ROOKANDPAWNMOVEMENT:0.4164919122221733
C_CENTERCONTROL:0.47711240123625204
C_DEVELOPPIECES:0.491460555095922
C_MATERIAL:0.3838838576418211
