ELO:1000
CE_PASSEDPAWNS:0.49618697092355973
CE_PAWNWEAKNESSES:0.49677477594461333
CE_PIECEACTIVITY:0.44775970257719766
CE_KINGPAWNSHIELD:0.4436451676720905
CE_PIECECOORDINATION:0.49992434593351326
CE_MATERIAL:0.47960375189763454
CE_KINGSAFETY:0.4858795428177534
C_PIECESQUARETABLES:0.5095203134346098
C_MOBILITY:0.5058157052412088
C_KINGSAFETY:0.46959568450164124
C_PAWNSTRUCTURE:0.4565792629621639
C_PIECECOORDINATION:0.504526333443955
C_ROOKANDPAWNMOVEMENT:0.504526333443955
C_CENTERCONTROL:0.5483722271926742
C_DEVELOPPIECES:0.4926031472822699
C_MATERIAL:0.4638730934100546
