ELO:1000
CE_PASSEDPAWNS:0.5325178024636702
CE_PAWNWEAKNESSES:0.5121783191315418
CE_PIECEACTIVITY:0.49036620264364106
CE_KINGPAWNSHIELD:0.533303272328973
CE_PIECECOORDINATION:0.5086083879983612
CE_MATERIAL:0.5332128096712139
CE_KINGSAFETY:0.5116261415057968
C_PIECESQUARETABLES:0.49293456794424334
C_MOBILITY:0.4892353421043797
C_KINGSAFETY:0.4603337453816159
C_PAWNSTRUCTURE:0.5254016631719622
C_PIECECOORDINATION:0.517616110036157
C_ROOKANDPAWNMOVEMENT:0.517616110036157
C_CENTERCONTROL:0.5494528236452023
C_DEVELOPPIECES:0.501590618125581
C_MATERIAL:0.5036560746204555
