ELO:963
CE_PASSEDPAWNS:0.4664337597884269
CE_PAWNWEAKNESSES:0.4914126310000535
CE_PIECEACTIVITY:0.4311546200201802
CE_KINGPAWNSHIELD:0.5033907644428429
CE_PIECECOORDINATION:0.4773447469967737
CE_MATERIAL:0.4932992356519811
CE_KINGSAFETY:0.4949528975820503
C_PIECESQUARETABLES:0.5121853630299008
C_MOBILITY:0.5195491595287254
C_KINGSAFETY:0.5421027650180932
C_PAWNSTRUCTURE:0.5115888892565116
C_PIECECOORDINATION:0.411756431185586
C_ROOKANDPAWNMOVEMENT:0.411756431185586
C_CENTERCONTROL:0.4569974144007805
C_DEVELOPPIECES:0.5259300905041715
C_MATERIAL:0.40884692356410474
