ELO:917
CE_PASSEDPAWNS:0.49577084802966487
CE_PAWNWEAKNESSES:0.48540456482551136
CE_PIECEACTIVITY:0.4803360099944343
CE_KINGPAWNSHIELD:0.4990919878592469
CE_PIECECOORDINATION:0.40982981794502144
CE_MATERIAL:0.555457047147763
CE_KINGSAFETY:0.4965022510863393
C_PIECESQUARETABLES:0.5327449734465958
C_MOBILITY:0.4979176565272024
C_KINGSAFETY:0.525719092557776
C_PAWNSTRUCTURE:0.6482023082242906
C_PIECECOORDINATION:0.3148019736097782
C_ROOKANDPAWNMOVEMENT:0.3148019736097782
C_CENTERCONTROL:0.5114359653065299
C_DEVELOPPIECES:0.45285830031271446
C_MATERIAL:0.5179630568982772
