ELO:965
CE_PASSEDPAWNS:0.5011566537000154
CE_PAWNWEAKNESSES:0.5431234171099479
CE_PIECEACTIVITY:0.499352566416385
CE_KINGPAWNSHIELD:0.5259689666888113
CE_PIECECOORDINATION:0.49212881517735546
CE_MATERIAL:0.5093267480050458
CE_KINGSAFETY:0.5454503856085473
C_PIECESQUARETABLES:0.5
C_MOBILITY:0.5
C_KINGSAFETY:0.4822022526031275
C_PAWNSTRUCTURE:0.5044156042362
C_PIECECOORDINATION:0.4612109825426569
C_ROOKANDPAWNMOVEMENT:0.4612109825426569
C_CENTERCONTROL:0.541875247075743
C_DEVELOPPIECES:0.5349475057008997
C_MATERIAL:0.4423998285972019
C_MOVECOUNT:0.5
