ELO:939
CE_PASSEDPAWNS:0.5289240790316607
CE_PAWNWEAKNESSES:0.5170688871561492
CE_PIECEACTIVITY:0.5034836056419637
CE_KINGPAWNSHIELD:0.5100365475241379
CE_PIECECOORDINATION:0.4934301174344968
CE_MATERIAL:0.5138687883788398
CE_KINGSAFETY:0.49978815527997683
C_PIECESQUARETABLES:0.4856848472273437
C_MOBILITY:0.5060367197929354
C_KINGSAFETY:0.5097718144213215
C_PAWNSTRUCTURE:0.5222029306219185
C_PIECECOORDINATION:0.5105160651258471
C_ROOK:0.47505718516206025
CE_ROOK:0.5123050560317315
C_CENTERCONTROL:0.5041217839785537
C_DEVELOPPIECES:0.5062374568223652
C_MATERIAL:0.5140445604135216
C_MOVECOUNT:0.5203866697951071
C_PAWNMOVEMENT:0.5169376735931563
