ELO:807
CE_PASSEDPAWNS:0.5082621553327844
CE_PAWNWEAKNESSES:0.5025330188510179
CE_PIECEACTIVITY:0.5401749778588415
CE_KINGPAWNSHIELD:0.49880240452179003
CE_PIECECOORDINATION:0.4638765078593421
CE_MATERIAL:0.5462783902703413
CE_KINGSAFETY:0.47518996500814675
C_PIECESQUARETABLES:0.5182656796247804
C_MOBILITY:0.5375940389243257
C_KINGSAFETY:0.4805756125190434
C_PAWNSTRUCTURE:0.5155160275758928
C_PIECECOORDINATION:0.4718618929151442
C_ROOKANDPAWNMOVEMENT:0.4718618929151442
C_CENTERCONTROL:0.5641400532502698
C_DEVELOPPIECES:0.5623149077571901
C_MATERIAL:0.5020335980706854
