ELO:988
CE_PASSEDPAWNS:0.5370962013859952
CE_PAWNWEAKNESSES:0.5055394614573409
CE_PIECEACTIVITY:0.4670942705901389
CE_KINGPAWNSHIELD:0.5228909382955107
CE_PIECECOORDINATION:0.47916659574926623
CE_MATERIAL:0.514805856919479
CE_KINGSAFETY:0.5201384662452669
C_PIECESQUARETABLES:0.5359297708477253
C_MOBILITY:0.4867947427834785
C_KINGSAFETY:0.5203589987597117
C_PAWNSTRUCTURE:0.5151260182357518
C_PIECECOORDINATION:0.4971999158627692
C_ROOKANDPAWNMOVEMENT:0.4971999158627692
C_CENTERCONTROL:0.5453033065160784
C_DEVELOPPIECES:0.5309672563316669
C_MATERIAL:0.4815414640958407
