ELO:956
CE_PASSEDPAWNS:0.5173695347338229
CE_PAWNWEAKNESSES:0.5148742040484693
CE_PIECEACTIVITY:0.4944266963762974
CE_KINGPAWNSHIELD:0.45410075595756993
CE_PIECECOORDINATION:0.493192527123479
CE_MATERIAL:0.5421535987624467
CE_KINGSAFETY:0.4944027544778956
C_PIECESQUARETABLES:0.4884565889206202
C_MOBILITY:0.4631108639336174
C_KINGSAFETY:0.4823414815236628
C_PAWNSTRUCTURE:0.5268609804798873
C_PIECECOORDINATION:0.4588923560141915
C_ROOKANDPAWNMOVEMENT:0.4588923560141915
C_CENTERCONTROL:0.4999002741651635
C_DEVELOPPIECES:0.5372042839679502
C_MATERIAL:0.4709879577828055
C_MOVECOUNT:0.5060846116396188
