ELO:1011
CE_PASSEDPAWNS:0.5
CE_PAWNWEAKNESSES:0.5
CE_PIECEACTIVITY:0.5018856626069899
CE_KINGPAWNSHIELD:0.5
CE_PIECECOORDINATION:0.4903443556680615
CE_MATERIAL:0.5
CE_KINGSAFETY:0.5
C_PIECESQUARETABLES:0.5
C_MOBILITY:0.4904158493927329
C_KINGSAFETY:0.5
C_PAWNSTRUCTURE:0.5
C_PIECECOORDINATION:0.49980363113824094
C_ROOKANDPAWNMOVEMENT:0.49980363113824094
C_CENTERCONTROL:0.46989801120341174
C_DEVELOPPIECES:0.5
C_MATERIAL:0.5
C_MOVECOUNT:0.5
