ELO:963
CE_PASSEDPAWNS:0.5317716765031405
CE_PAWNWEAKNESSES:0.5694197577820856
CE_PIECEACTIVITY:0.5424067871680629
CE_KINGPAWNSHIELD:0.5092566153937492
CE_PIECECOORDINATION:0.5112573033222447
CE_MATERIAL:0.5199996573283706
CE_KINGSAFETY:0.5
C_PIECESQUARETABLES:0.5020316378148586
C_MOBILITY:0.4638524371205232
C_KINGSAFETY:0.46084536981755964
C_PAWNSTRUCTURE:0.5111346685188637
C_PIECECOORDINATION:0.47503457810479427
C_ROOK:0.49029164692461247
CE_ROOK:0.5298960250700581
C_CENTERCONTROL:0.5399698248669094
C_DEVELOPPIECES:0.4974562066920227
C_MATERIAL:0.5376690531374344
C_MOVECOUNT:0.5633219905560436
C_PAWNMOVEMENT:0.47746867724443653
