ELO:943
CE_PASSEDPAWNS:0.5317716765031405
CE_PAWNWEAKNESSES:0.5731181937096838
CE_PIECEACTIVITY:0.5563986580412533
CE_KINGPAWNSHIELD:0.4971729812872536
CE_PIECECOORDINATION:0.5112573033222447
CE_MATERIAL:0.5199996573283706
CE_KINGSAFETY:0.5108872843157528
C_PIECESQUARETABLES:0.49438111486300435
C_MOBILITY:0.45336249984361715
C_KINGSAFETY:0.46084536981755964
C_PAWNSTRUCTURE:0.5209381183507833
C_PIECECOORDINATION:0.46713620476322226
C_ROOK:0.4990136448139487
CE_ROOK:0.5298960250700581
C_CENTERCONTROL:0.5292655754218695
C_DEVELOPPIECES:0.4943925920310295
C_MATERIAL:0.5376690531374344
C_MOVECOUNT:0.55963516633599
C_PAWNMOVEMENT:0.47746867724443653
