ELO:1000
CE_PASSEDPAWNS:0.5
CE_PAWNWEAKNESSES:0.5
CE_PIECEACTIVITY:0.49588606767077487
CE_KINGPAWNSHIELD:0.5
CE_PIECECOORDINATION:0.4937605005408083
CE_MATERIAL:0.5057704156182334
CE_KINGSAFETY:0.5
C_PIECESQUARETABLES:0.5
C_MOBILITY:0.49176910943446733
C_KINGSAFETY:0.5
C_PAWNSTRUCTURE:0.5093335057438733
C_PIECECOORDINATION:0.4989789450098319
C_ROOKANDPAWNMOVEMENT:0.4989789450098319
C_CENTERCONTROL:0.500401291075207
C_DEVELOPPIECES:0.5
C_MATERIAL:0.4816512790410248
