ELO:1000
CE_PASSEDPAWNS:0.5533830405445401
CE_PAWNWEAKNESSES:0.5065342718242503
CE_PIECEACTIVITY:0.5029671320982567
CE_KINGPAWNSHIELD:0.5286531805546523
CE_PIECECOORDINATION:0.5255993082326517
CE_MATERIAL:0.5149173973498953
CE_KINGSAFETY:0.5165375619914174
C_PIECESQUARETABLES:0.5063936920497546
C_MOBILITY:0.46715630788525775
C_KINGSAFETY:0.48085865157168106
C_PAWNSTRUCTURE:0.5079034599302301
C_PIECECOORDINATION:0.49403299607818757
C_ROOKANDPAWNMOVEMENT:0.49403299607818757
C_CENTERCONTROL:0.5381300933148983
C_DEVELOPPIECES:0.5015479974006445
C_MATERIAL:0.4848302451762259
