ELO:972
CE_PASSEDPAWNS:0.5190427224509996
CE_PAWNWEAKNESSES:0.41447283864302453
CE_PIECEACTIVITY:0.4806708376584489
CE_KINGPAWNSHIELD:0.43841518495464665
CE_PIECECOORDINATION:0.5290610061578516
CE_MATERIAL:0.4636245050608964
CE_KINGSAFETY:0.5274532607299686
C_PIECESQUARETABLES:0.5048059155827948
C_MOBILITY:0.4882099350958025
C_KINGSAFETY:0.467935112165971
C_PAWNSTRUCTURE:0.46158223331228976
C_PIECECOORDINATION:0.49058391851806
C_ROOKANDPAWNMOVEMENT:0.49058391851806
C_CENTERCONTROL:0.6028949081873002
C_DEVELOPPIECES:0.47906501499519244
C_MATERIAL:0.4187958852043387
