ELO:856
CE_PASSEDPAWNS:0.5031755482623286
CE_PAWNWEAKNESSES:0.42747343215564204
CE_PIECEACTIVITY:0.511137357699874
CE_KINGPAWNSHIELD:0.5201965719664652
CE_PIECECOORDINATION:0.5458195408568468
CE_MATERIAL:0.4536453881258439
CE_KINGSAFETY:0.48151602422434364
C_PIECESQUARETABLES:0.507635685163973
C_MOBILITY:0.5535880428620523
C_KINGSAFETY:0.46863371491428496
C_PAWNSTRUCTURE:0.568508615047269
C_PIECECOORDINATION:0.4943508331471582
C_ROOKANDPAWNMOVEMENT:0.4943508331471582
C_CENTERCONTROL:0.5224238481923558
C_DEVELOPPIECES:0.465559273190406
C_MATERIAL:0.46061323629758494
C_MOVECOUNT:0.5
