ELO:975
CE_PASSEDPAWNS:0.5108923939423333
CE_PAWNWEAKNESSES:0.4272464380166663
CE_PIECEACTIVITY:0.46203022742785627
CE_KINGPAWNSHIELD:0.44100597753370124
CE_PIECECOORDINATION:0.5118257360731604
CE_MATERIAL:0.47604644152566317
CE_KINGSAFETY:0.5306792910911401
C_PIECESQUARETABLES:0.51922580794142
C_MOBILITY:0.502185076898454
C_KINGSAFETY:0.47324431448318577
C_PAWNSTRUCTURE:0.46960330193575406
C_PIECECOORDINATION:0.476987869132865
C_ROOKANDPAWNMOVEMENT:0.476987869132865
C_CENTERCONTROL:0.5925032635591128
C_DEVELOPPIECES:0.49507457586305886
C_MATERIAL:0.42164830407299964
