ELO:955
CE_PASSEDPAWNS:0.5173695347338229
CE_PAWNWEAKNESSES:0.5148742040484693
CE_PIECEACTIVITY:0.4849629039539554
CE_KINGPAWNSHIELD:0.4523398526575166
CE_PIECECOORDINATION:0.493192527123479
CE_MATERIAL:0.5421535987624467
CE_KINGSAFETY:0.5
C_PIECESQUARETABLES:0.5
C_MOBILITY:0.4631108639336174
C_KINGSAFETY:0.4823414815236628
C_PAWNSTRUCTURE:0.5268609804798873
C_PIECECOORDINATION:0.4588923560141915
C_ROOKANDPAWNMOVEMENT:0.4588923560141915
C_CENTERCONTROL:0.4999002741651635
C_DEVELOPPIECES:0.5256700663769255
C_MATERIAL:0.47457161744018433
C_MOVECOUNT:0.5060846116396188
