ELO:967
CE_PASSEDPAWNS:0.4720046644055404
CE_PAWNWEAKNESSES:0.5229087319350103
CE_PIECEACTIVITY:0.5230562070015993
CE_KINGPAWNSHIELD:0.5039341132154399
CE_PIECECOORDINATION:0.5276434253683859
CE_MATERIAL:0.49132659987890626
CE_KINGSAFETY:0.5
C_PIECESQUARETABLES:0.49200488807143455
C_MOBILITY:0.4992347235473718
C_KINGSAFETY:0.5204655397360902
C_PAWNSTRUCTURE:0.4997989762149559
C_PIECECOORDINATION:0.477045033575103
C_ROOKANDPAWNMOVEMENT:0.477045033575103
C_CENTERCONTROL:0.5291999446568987
C_DEVELOPPIECES:0.5124868830600888
C_MATERIAL:0.4975217555037601
C_MOVECOUNT:0.5258305391434639
