ELO:1000
CE_PASSEDPAWNS:0.517383742877117
CE_PAWNWEAKNESSES:0.5019953810690884
CE_PIECEACTIVITY:0.45028995350779116
CE_KINGPAWNSHIELD:0.43542884040905233
CE_PIECECOORDINATION:0.5073953451645302
CE_MATERIAL:0.5214019179197762
CE_KINGSAFETY:0.47331146221756865
C_PIECESQUARETABLES:0.5014873957567557
C_MOBILITY:0.5084405203003441
C_KINGSAFETY:0.5013010588286951
C_PAWNSTRUCTURE:0.4663030833985578
C_PIECECOORDINATION:0.47323257294138954
C_ROOKANDPAWNMOVEMENT:0.47323257294138954
C_CENTERCONTROL:0.530885140882264
C_DEVELOPPIECES:0.48767384013181286
C_MATERIAL:0.47909014003484535
