ELO:942
CE_PASSEDPAWNS:0.519955089819038
CE_PAWNWEAKNESSES:0.5319971425681436
CE_PIECEACTIVITY:0.5232438424676255
CE_KINGPAWNSHIELD:0.5050928656412685
CE_PIECECOORDINATION:0.5126614406714528
CE_MATERIAL:0.5355958647377768
CE_KINGSAFETY:0.5004138829137735
C_PIECESQUARETABLES:0.5
C_MOBILITY:0.5012583630724678
C_KINGSAFETY:0.4994074967069631
C_PAWNSTRUCTURE:0.4997916838885822
C_PIECECOORDINATION:0.4619070194369859
C_ROOK:0.5154181576967621
CE_ROOK:0.511303051770793
C_CENTERCONTROL:0.5255804267467651
C_DEVELOPPIECES:0.49169464277638925
C_MATERIAL:0.4782755135530631
C_MOVECOUNT:0.541274666380709
C_PAWNMOVEMENT:0.47659408252544866
