ELO:958
CE_PASSEDPAWNS:0.519955089819038
CE_PAWNWEAKNESSES:0.529512735462986
CE_PIECEACTIVITY:0.5346938316618821
CE_KINGPAWNSHIELD:0.5008151085341291
CE_PIECECOORDINATION:0.5126614406714528
CE_MATERIAL:0.541334236708345
CE_KINGSAFETY:0.5007919326057458
C_PIECESQUARETABLES:0.5
C_MOBILITY:0.5020490843683566
C_KINGSAFETY:0.5010842061547336
C_PAWNSTRUCTURE:0.4997916838885822
C_PIECECOORDINATION:0.45611716692000226
C_ROOK:0.5192191076029243
CE_ROOK:0.5149389844733121
C_CENTERCONTROL:0.5321274734400088
C_DEVELOPPIECES:0.4900494363295713
C_MATERIAL:0.4866048774085799
C_MOVECOUNT:0.5309014367893647
C_PAWNMOVEMENT:0.4796764894811626
