ELO:914
CE_PASSEDPAWNS:0.5384280346030175
CE_PAWNWEAKNESSES:0.4858270446837037
CE_PIECEACTIVITY:0.5361989382874044
CE_KINGPAWNSHIELD:0.5155215247092872
CE_PIECECOORDINATION:0.48572106506967294
CE_MATERIAL:0.5649987344485335
CE_KINGSAFETY:0.4883983346642456
C_PIECESQUARETABLES:0.47698041988999434
C_MOBILITY:0.48745356859109806
C_KINGSAFETY:0.5071482717101241
C_PAWNSTRUCTURE:0.45684583104912885
C_PIECECOORDINATION:0.4903467016788156
C_ROOKANDPAWNMOVEMENT:0.4903467016788156
C_CENTERCONTROL:0.5319514865641599
C_DEVELOPPIECES:0.49928176864428314
C_MATERIAL:0.48534261488169206
C_MOVECOUNT:0.5
