ELO:864
CE_PASSEDPAWNS:0.5190678845832444
CE_PAWNWEAKNESSES:0.4939457477377069
CE_PIECEACTIVITY:0.5272931964406152
CE_KINGPAWNSHIELD:0.5046718419318105
CE_PIECECOORDINATION:0.4254871418169123
CE_MATERIAL:0.5150451107502276
CE_KINGSAFETY:0.49342359705405814
C_PIECESQUARETABLES:0.5001740399525049
C_MOBILITY:0.5115582109662539
C_KINGSAFETY:0.46851993231254063
C_PAWNSTRUCTURE:0.45067494754438797
C_PIECECOORDINATION:0.4787944446112629
C_ROOK:0.4657680783925013
CE_ROOK:0.5633285036629468
C_CENTERCONTROL:0.5328973838792879
C_DEVELOPPIECES:0.5230837005752019
C_MATERIAL:0.518600082524024
C_MOVECOUNT:0.548692685552379
C_PAWNMOVEMENT:0.517272193919613
