ELO:996
CE_PASSEDPAWNS:0.5161983779770576
CE_PAWNWEAKNESSES:0.5
CE_PIECEACTIVITY:0.47257297430569195
CE_KINGPAWNSHIELD:0.5
CE_PIECECOORDINATION:0.4848286214862363
CE_MATERIAL:0.4882968733698002
CE_KINGSAFETY:0.5037459219490854
C_PIECESQUARETABLES:0.5114201972892435
C_MOBILITY:0.5004144437106592
C_KINGSAFETY:0.49429612165498066
C_PAWNSTRUCTURE:0.49651141209738214
C_PIECECOORDINATION:0.48134638405589514
C_ROOKANDPAWNMOVEMENT:0.48134638405589514
C_CENTERCONTROL:0.524764570568161
C_DEVELOPPIECES:0.4998023192094894
C_MATERIAL:0.4869585010909063
C_MOVECOUNT:0.5
