ELO:886
CE_PASSEDPAWNS:0.4466714970673538
CE_PAWNWEAKNESSES:0.5036270805930593
CE_PIECEACTIVITY:0.5067230577881491
CE_KINGPAWNSHIELD:0.5237816503014022
CE_PIECECOORDINATION:0.519703144507
CE_MATERIAL:0.4997946460407798
CE_KINGSAFETY:0.5252058101526335
C_PIECESQUARETABLES:0.5018860289081994
C_MOBILITY:0.47236773510059865
C_KINGSAFETY:0.4981901145130595
C_PAWNSTRUCTURE:0.4989581271794773
C_PIECECOORDINATION:0.5201779673726182
C_ROOKANDPAWNMOVEMENT:0.5201779673726182
C_CENTERCONTROL:0.5047095549645615
C_DEVELOPPIECES:0.46684899020271436
C_MATERIAL:0.47910601299157063
