ELO:993
CE_PASSEDPAWNS:0.48841904057012075
CE_PAWNWEAKNESSES:0.45309454478768324
CE_PIECEACTIVITY:0.4389388398896443
CE_KINGPAWNSHIELD:0.43894545162044035
CE_PIECECOORDINATION:0.37741688367044196
CE_MATERIAL:0.6099817503089676
CE_KINGSAFETY:0.4994023951669773
C_PIECESQUARETABLES:0.48916861010402474
C_MOBILITY:0.46281939073894945
C_KINGSAFETY:0.5016066958735491
C_PAWNSTRUCTURE:0.4901479366139268
C_PIECECOORDINATION:0.501006574877121
C_ROOKANDPAWNMOVEMENT:0.501006574877121
C_CENTERCONTROL:0.4431155202830921
C_DEVELOPPIECES:0.48576669327813427
C_MATERIAL:0.4982183524907302
