ELO:862
CE_PASSEDPAWNS:0.4466714970673538
CE_PAWNWEAKNESSES:0.49444167090367774
CE_PIECEACTIVITY:0.5060829695340013
CE_KINGPAWNSHIELD:0.5026471278703492
CE_PIECECOORDINATION:0.5211700720649881
CE_MATERIAL:0.5002457864907152
CE_KINGSAFETY:0.5495984413508742
C_PIECESQUARETABLES:0.49194626417357146
C_MOBILITY:0.47236773510059865
C_KINGSAFETY:0.49894782404131294
C_PAWNSTRUCTURE:0.5016791625671694
C_PIECECOORDINATION:0.5186667532103774
C_ROOKANDPAWNMOVEMENT:0.5186667532103774
C_CENTERCONTROL:0.47839857221961607
C_DEVELOPPIECES:0.4628059397041151
C_MATERIAL:0.47163716764448965
