ELO:976
CE_PASSEDPAWNS:0.5165753197535682
CE_PAWNWEAKNESSES:0.49673554580761664
CE_PIECEACTIVITY:0.5084703166655977
CE_KINGPAWNSHIELD:0.506683206661385
CE_PIECECOORDINATION:0.48622106252485225
CE_MATERIAL:0.49171528045418605
CE_KINGSAFETY:0.49987786439641474
C_PIECESQUARETABLES:0.5
C_MOBILITY:0.532218017806204
C_KINGSAFETY:0.5160311240015603
C_PAWNSTRUCTURE:0.49879253571221266
C_PIECECOORDINATION:0.5201833799404896
C_ROOKANDPAWNMOVEMENT:0.5201833799404896
C_CENTERCONTROL:0.4940908581431258
C_DEVELOPPIECES:0.5187998138970393
C_MATERIAL:0.4948835537414388
C_MOVECOUNT:0.5185812587288627
