ELO:1000
CE_PASSEDPAWNS:0.5065573454034293
CE_PAWNWEAKNESSES:0.5205547317191356
CE_PIECEACTIVITY:0.5115081290676781
CE_KINGPAWNSHIELD:0.49439992887764883
CE_PIECECOORDINATION:0.5006380666460881
CE_MATERIAL:0.5189288459281124
CE_KINGSAFETY:0.5129290196409544
C_PIECESQUARETABLES:0.5161485764114814
C_MOBILITY:0.48450650296986697
C_KINGSAFETY:0.49124513997943914
C_PAWNSTRUCTURE:0.5263741164635102
C_PIECECOORDINATION:0.49461216667941793
C_ROOKANDPAWNMOVEMENT:0.49461216667941793
C_CENTERCONTROL:0.5075081584096022
C_DEVELOPPIECES:0.5177397915363241
C_MATERIAL:0.5006076350432257
