ELO:957
CE_PASSEDPAWNS:0.5220061100318253
CE_PAWNWEAKNESSES:0.5187453581477778
CE_PIECEACTIVITY:0.5093636767703058
CE_KINGPAWNSHIELD:0.5040427541683404
CE_PIECECOORDINATION:0.48628843897047425
CE_MATERIAL:0.5033397331778497
CE_KINGSAFETY:0.5
C_PIECESQUARETABLES:0.5
C_MOBILITY:0.49481782837147836
C_KINGSAFETY:0.47768049663411694
C_PAWNSTRUCTURE:0.46430214318671675
C_PIECECOORDINATION:0.4896344162007114
C_ROOK:0.47738829929702764
CE_ROOK:0.518175019606327
C_CENTERCONTROL:0.5171107422259222
C_DEVELOPPIECES:0.4876459269022901
C_MATERIAL:0.4788961775877371
C_MOVECOUNT:0.5332144481780189
C_PAWNMOVEMENT:0.4937669595706886
