ELO:998
CE_PASSEDPAWNS:0.5009327910469333
CE_PAWNWEAKNESSES:0.48887372955506314
CE_PIECEACTIVITY:0.48295627730605606
CE_KINGPAWNSHIELD:0.5180043156908711
CE_PIECECOORDINATION:0.4927282220646702
CE_MATERIAL:0.510728526963997
CE_KINGSAFETY:0.5
C_PIECESQUARETABLES:0.49757077047403536
C_MOBILITY:0.49996765272219845
C_KINGSAFETY:0.5111322127170084
C_PAWNSTRUCTURE:0.4890018231461046
C_PIECECOORDINATION:0.5039626814916058
C_ROOK:0.5
CE_ROOK:0.4935914858642987
C_CENTERCONTROL:0.49051245657885706
C_DEVELOPPIECES:0.4719474268021994
C_MATERIAL:0.5
C_MOVECOUNT:0.5
C_PAWNMOVEMENT:0.5122404705467961
