ELO:973
CE_PASSEDPAWNS:0.5220061100318253
CE_PAWNWEAKNESSES:0.5140826719380469
CE_PIECEACTIVITY:0.5014517228231719
CE_KINGPAWNSHIELD:0.5154587218255797
CE_PIECECOORDINATION:0.48628843897047425
CE_MATERIAL:0.51688588900492
CE_KINGSAFETY:0.505512222322089
C_PIECESQUARETABLES:0.5
C_MOBILITY:0.5086039653398992
C_KINGSAFETY:0.4928638090391373
C_PAWNSTRUCTURE:0.4575825535236558
C_PIECECOORDINATION:0.48663157925745115
C_ROOK:0.48954847003238233
CE_ROOK:0.5111601881884005
C_CENTERCONTROL:0.5243669827184244
C_DEVELOPPIECES:0.4975503416253525
C_MATERIAL:0.4922173089216076
C_MOVECOUNT:0.5332144481780189
C_PAWNMOVEMENT:0.49985784685254847
