ELO:989
CE_PASSEDPAWNS:0.3671258369474086
CE_PAWNWEAKNESSES:0.5003038797338207
CE_PIECEACTIVITY:0.568153242086884
CE_KINGPAWNSHIELD:0.4706862483281254
CE_PIECECOORDINATION:0.4443626504946563
CE_MATERIAL:0.5125313430690898
CE_KINGSAFETY:0.4949396932251137
C_PIECESQUARETABLES:0.5
C_MOBILITY:0.5001465408952577
C_KINGSAFETY:0.5461360763176408
C_PAWNSTRUCTURE:0.32659486032772983
C_PIECECOORDINATION:0.4468798033298093
C_ROOKANDPAWNMOVEMENT:0.4468798033298093
C_CENTERCONTROL:0.35488331713916
C_DEVELOPPIECES:0.48393600402460984
C_MATERIAL:0.6754491850202787
