ELO:1007
CE_PASSEDPAWNS:0.49299955407827317
CE_PAWNWEAKNESSES:0.45309454478768324
CE_PIECEACTIVITY:0.4451296497027879
CE_KINGPAWNSHIELD:0.43434552680102817
CE_PIECECOORDINATION:0.37453157485306876
CE_MATERIAL:0.6215253214488573
CE_KINGSAFETY:0.5019874384658009
C_PIECESQUARETABLES:0.5437598878591793
C_MOBILITY:0.45091010619821376
C_KINGSAFETY:0.5078108452163521
C_PAWNSTRUCTURE:0.4924207174417139
C_PIECECOORDINATION:0.5112094833305625
C_ROOKANDPAWNMOVEMENT:0.5112094833305625
C_CENTERCONTROL:0.44040919568351156
C_DEVELOPPIECES:0.4818150646690214
C_MATERIAL:0.4982183524907302
