ELO:1000
CE_PASSEDPAWNS:0.5038993729245621
CE_PAWNWEAKNESSES:0.5228815102404386
CE_PIECEACTIVITY:0.5205086986104724
CE_KINGPAWNSHIELD:0.4818440918898213
CE_PIECECOORDINATION:0.4890379905430664
CE_MATERIAL:0.5249499421497412
CE_KINGSAFETY:0.4812561578735828
C_PIECESQUARETABLES:0.5039629802261154
C_MOBILITY:0.4990207012826423
C_KINGSAFETY:0.48411747297362767
C_PAWNSTRUCTURE:0.5115513035313495
C_PIECECOORDINATION:0.49826648317967387
C_ROOKANDPAWNMOVEMENT:0.49826648317967387
C_CENTERCONTROL:0.47077000399425084
C_DEVELOPPIECES:0.5151359370017957
C_MATERIAL:0.5285037556016499
