ELO:878
CE_PASSEDPAWNS:0.5101858034011866
CE_PAWNWEAKNESSES:0.5083259591368234
CE_PIECEACTIVITY:0.5410645417844564
CE_KINGPAWNSHIELD:0.5065078292084677
CE_PIECECOORDINATION:0.47280327746731465
CE_MATERIAL:0.4913286132612868
CE_KINGSAFETY:0.4971696625851379
C_PIECESQUARETABLES:0.480730857969602
C_MOBILITY:0.49481789334403065
C_KINGSAFETY:0.4564604491454898
C_PAWNSTRUCTURE:0.4745170313300718
C_PIECECOORDINATION:0.47874480615673676
C_ROOK:0.46330172533697517
CE_ROOK:0.5424365360167203
C_CENTERCONTROL:0.5173920428968015
C_DEVELOPPIECES:0.47541714182121825
C_MATERIAL:0.5142404040573019
C_MOVECOUNT:0.53513194992742
C_PAWNMOVEMENT:0.48691739731357603
