ELO:942
CE_PASSEDPAWNS:0.4619198105963974
CE_PAWNWEAKNESSES:0.505616270182624
CE_PIECEACTIVITY:0.4973415057803634
CE_KINGPAWNSHIELD:0.5154659324619142
CE_PIECECOORDINATION:0.5400130439130577
CE_MATERIAL:0.5299712796637878
CE_KINGSAFETY:0.5002255280049934
C_PIECESQUARETABLES:0.5
C_MOBILITY:0.49245413983838504
C_KINGSAFETY:0.522026990582189
C_PAWNSTRUCTURE:0.5036874978558841
C_PIECECOORDINATION:0.5247300671081706
C_ROOKANDPAWNMOVEMENT:0.5247300671081706
C_CENTERCONTROL:0.5019854349951782
C_DEVELOPPIECES:0.5
C_MATERIAL:0.4870481630286111
C_MOVECOUNT:0.5038116749847821
