ELO:927
CE_PASSEDPAWNS:0.5312380936747683
CE_PAWNWEAKNESSES:0.48972359970806534
CE_PIECEACTIVITY:0.5422849054568071
CE_KINGPAWNSHIELD:0.5179600107209484
CE_PIECECOORDINATION:0.4944353042128973
CE_MATERIAL:0.5541445861077401
CE_KINGSAFETY:0.4925919769949121
C_PIECESQUARETABLES:0.48265055920287003
C_MOBILITY:0.4906332943036831
C_KINGSAFETY:0.5213539832922807
C_PAWNSTRUCTURE:0.48379612960926244
C_PIECECOORDINATION:0.49069098158061114
C_ROOKANDPAWNMOVEMENT:0.49069098158061114
C_CENTERCONTROL:0.5385379472401126
C_DEVELOPPIECES:0.5114909622749244
C_MATERIAL:0.4787804147749545
C_MOVECOUNT:0.5
