ELO:1000
CE_PASSEDPAWNS:0.4901067709496977
CE_PAWNWEAKNESSES:0.48887372955506314
CE_PIECEACTIVITY:0.49065181122849166
CE_KINGPAWNSHIELD:0.5086140052846039
CE_PIECECOORDINATION:0.5
CE_MATERIAL:0.5105532392023635
CE_KINGSAFETY:0.4891920138481176
C_PIECESQUARETABLES:0.5113554804321971
C_MOBILITY:0.49996765272219845
C_KINGSAFETY:0.5007248800408869
C_PAWNSTRUCTURE:0.4976244869072902
C_PIECECOORDINATION:0.4895654173785813
C_ROOK:0.5
CE_ROOK:0.5
C_CENTERCONTROL:0.49051245657885706
C_DEVELOPPIECES:0.48189059076664326
C_MATERIAL:0.5
C_MOVECOUNT:0.5
C_PAWNMOVEMENT:0.5122404705467961
