ELO:989
CE_PASSEDPAWNS:0.3668200400705546
CE_PAWNWEAKNESSES:0.5003038797338207
CE_PIECEACTIVITY:0.5637580383250408
CE_KINGPAWNSHIELD:0.46362032754271126
CE_PIECECOORDINATION:0.4664406105198117
CE_MATERIAL:0.5009559069361625
CE_KINGSAFETY:0.5111494684047735
C_PIECESQUARETABLES:0.491839029760274
C_MOBILITY:0.5065966121900184
C_KINGSAFETY:0.5697025081365908
C_PAWNSTRUCTURE:0.3402667992837223
C_PIECECOORDINATION:0.43647018051254516
C_ROOKANDPAWNMOVEMENT:0.43647018051254516
C_CENTERCONTROL:0.35421623548171033
C_DEVELOPPIECES:0.48229335715392624
C_MATERIAL:0.6907573636873011
