ELO:924
CE_PASSEDPAWNS:0.4685446254808681
CE_PAWNWEAKNESSES:0.528831035387153
CE_PIECEACTIVITY:0.6081050698572236
CE_KINGPAWNSHIELD:0.4922755414656627
CE_PIECECOORDINATION:0.4830423673851768
CE_MATERIAL:0.510224643342045
CE_KINGSAFETY:0.5197612625663394
C_PIECESQUARETABLES:0.4836423059749396
C_MOBILITY:0.4684744549383215
C_KINGSAFETY:0.495476937918516
C_PAWNSTRUCTURE:0.5029286691343375
C_PIECECOORDINATION:0.5155458630705013
C_ROOKANDPAWNMOVEMENT:0.5155458630705013
C_CENTERCONTROL:0.5427766977990091
C_DEVELOPPIECES:0.5123689737028452
C_MATERIAL:0.47937097694204395
C_MOVECOUNT:0.5469935358492637
