ELO:909
CE_PASSEDPAWNS:0.5203917530760968
CE_PAWNWEAKNESSES:0.31784450401910025
CE_PIECEACTIVITY:0.4738471969501305
CE_KINGPAWNSHIELD:0.5541191716823523
CE_PIECECOORDINATION:0.5495698359153632
CE_MATERIAL:0.42884740904402524
CE_KINGSAFETY:0.5002302924362831
C_PIECESQUARETABLES:0.48154970156158056
C_MOBILITY:0.48227898159496274
C_KINGSAFETY:0.5137560527664765
C_PAWNSTRUCTURE:0.4876599022807763
C_PIECECOORDINATION:0.5554584786410471
C_ROOKANDPAWNMOVEMENT:0.5554584786410471
C_CENTERCONTROL:0.3963647360823742
C_DEVELOPPIECES:0.38127490610211723
C_MATERIAL:0.5086145503014057
