ELO:949
CE_PASSEDPAWNS:0.49473231270989726
CE_PAWNWEAKNESSES:0.5142510161119066
CE_PIECEACTIVITY:0.5407172328073588
CE_KINGPAWNSHIELD:0.4827907617489093
CE_PIECECOORDINATION:0.4728107644831416
CE_MATERIAL:0.4980124888533383
CE_KINGSAFETY:0.49623249032982764
C_PIECESQUARETABLES:0.5
C_MOBILITY:0.5161535361391927
C_KINGSAFETY:0.5160311240015603
C_PAWNSTRUCTURE:0.5135497172581889
C_PIECECOORDINATION:0.5201833799404896
C_ROOKANDPAWNMOVEMENT:0.5201833799404896
C_CENTERCONTROL:0.5104604524144334
C_DEVELOPPIECES:0.49809046374342386
C_MATERIAL:0.4948835537414388
C_MOVECOUNT:0.5215597797164945
