ELO:1000
CE_PASSEDPAWNS:0.5353105885680322
CE_PAWNWEAKNESSES:0.5023553807127137
CE_PIECEACTIVITY:0.4665282167125779
CE_KINGPAWNSHIELD:0.5125432921262754
CE_PIECECOORDINATION:0.47586548328042283
CE_MATERIAL:0.5176214674887762
CE_KINGSAFETY:0.48559999517647584
C_PIECESQUARETABLES:0.4981499829680027
C_MOBILITY:0.4575269331812749
C_KINGSAFETY:0.5080453754485135
C_PAWNSTRUCTURE:0.47158328907634744
C_PIECECOORDINATION:0.508039659067138
C_ROOKANDPAWNMOVEMENT:0.508039659067138
C_CENTERCONTROL:0.48004467134506995
C_DEVELOPPIECES:0.4932845188781607
C_MATERIAL:0.50261534269819
