ELO:852
CE_PASSEDPAWNS:0.4619629851152783
CE_PAWNWEAKNESSES:0.42989200760072194
CE_PIECEACTIVITY:0.44683736222714604
CE_KINGPAWNSHIELD:0.40779115627598617
CE_PIECECOORDINATION:0.39181533749803027
CE_MATERIAL:0.47863186400657365
CE_KINGSAFETY:0.4998228995330362
C_PIECESQUARETABLES:0.5015582677202925
C_MOBILITY:0.49923969540457763
C_KINGSAFETY:0.43863434086115083
C_PAWNSTRUCTURE:0.4620938461091758
C_PIECECOORDINATION:0.5218785631515855
C_ROOKANDPAWNMOVEMENT:0.5218785631515855
C_CENTERCONTROL:0.4725227894286725
C_DEVELOPPIECES:0.5464097427035111
C_MATERIAL:0.4189116331298092
