ELO:942
CE_PASSEDPAWNS:0.5171318626319118
CE_PAWNWEAKNESSES:0.5194179432175954
CE_PIECEACTIVITY:0.5244966109902455
CE_KINGPAWNSHIELD:0.5532678393301379
CE_PIECECOORDINATION:0.5261044079020437
CE_MATERIAL:0.4901945491331479
CE_KINGSAFETY:0.5194195100974547
C_PIECESQUARETABLES:0.47347265039072195
C_MOBILITY:0.49513608851340357
C_KINGSAFETY:0.49444270121989836
C_PAWNSTRUCTURE:0.5239634774715459
C_PIECECOORDINATION:0.5162015665809262
C_ROOKANDPAWNMOVEMENT:0.5162015665809262
C_CENTERCONTROL:0.517844967421248
C_DEVELOPPIECES:0.5118892196702519
C_MATERIAL:0.5096366917717052
C_MOVECOUNT:0.5
