ELO:916
CE_PASSEDPAWNS:0.5185545457577537
CE_PAWNWEAKNESSES:0.5187453581477778
CE_PIECEACTIVITY:0.5059670027548859
CE_KINGPAWNSHIELD:0.5134947032555548
CE_PIECECOORDINATION:0.4793838266546899
CE_MATERIAL:0.505285520180751
CE_KINGSAFETY:0.5128726658571487
C_PIECESQUARETABLES:0.49463333308638546
C_MOBILITY:0.4898368648324032
C_KINGSAFETY:0.46566105209894687
C_PAWNSTRUCTURE:0.4663535458336451
C_PIECECOORDINATION:0.48346292507791455
C_ROOK:0.4834867615316525
CE_ROOK:0.5397486815110244
C_CENTERCONTROL:0.5157603468125818
C_DEVELOPPIECES:0.4876459269022901
C_MATERIAL:0.4832056658219119
C_MOVECOUNT:0.5327906502254335
C_PAWNMOVEMENT:0.5020678254805561
