ELO:832
CE_PASSEDPAWNS:0.44774006234229174
CE_PAWNWEAKNESSES:0.4302788527606674
CE_PIECEACTIVITY:0.4576764532301094
CE_KINGPAWNSHIELD:0.40354653493473935
CE_PIECECOORDINATION:0.3836607108092195
CE_MATERIAL:0.49058478585933313
CE_KINGSAFETY:0.4924794096800064
C_PIECESQUARETABLES:0.4912317913171527
C_MOBILITY:0.49975769534099945
C_KINGSAFETY:0.4529530637392236
C_PAWNSTRUCTURE:0.4543634498828775
C_PIECECOORDINATION:0.5506335835297909
C_ROOKANDPAWNMOVEMENT:0.5506335835297909
C_CENTERCONTROL:0.4971798611353251
C_DEVELOPPIECES:0.5672480753465265
C_MATERIAL:0.40177425690976326
