ELO:853
CE_PASSEDPAWNS:0.44339022253439325
CE_PAWNWEAKNESSES:0.4931768026805749
CE_PIECEACTIVITY:0.5094836450911403
CE_KINGPAWNSHIELD:0.4943086014059572
CE_PIECECOORDINATION:0.5511353016162368
CE_MATERIAL:0.48942322946677175
CE_KINGSAFETY:0.5452080863536388
C_PIECESQUARETABLES:0.49441906500272637
C_MOBILITY:0.47158529875587474
C_KINGSAFETY:0.47915395755679535
C_PAWNSTRUCTURE:0.5077483320249853
C_PIECECOORDINATION:0.5355929658250858
C_ROOKANDPAWNMOVEMENT:0.5355929658250858
C_CENTERCONTROL:0.4586204678955322
C_DEVELOPPIECES:0.45979937006560934
C_MATERIAL:0.45978155925254216
