ELO:935
CE_PASSEDPAWNS:0.4741459730768894
CE_PAWNWEAKNESSES:0.49517322835891997
CE_PIECEACTIVITY:0.5884784702593271
CE_KINGPAWNSHIELD:0.3822632822997673
CE_PIECECOORDINATION:0.4383645223540438
CE_MATERIAL:0.5630165450179484
CE_KINGSAFETY:0.5389872118962977
C_PIECESQUARETABLES:0.4862500835970931
C_MOBILITY:0.35176514263570335
C_KINGSAFETY:0.46833027878053074
C_PAWNSTRUCTURE:0.40424943880915043
C_PIECECOORDINATION:0.6606387572662966
C_ROOKANDPAWNMOVEMENT:0.6606387572662966
C_CENTERCONTROL:0.533806885774112
C_DEVELOPPIECES:0.5030474409364276
C_MATERIAL:0.5209593205169335
