ELO:1000
CE_PASSEDPAWNS:0.5088034155111806
CE_PAWNWEAKNESSES:0.5
CE_PIECEACTIVITY:0.5002405450665581
CE_KINGPAWNSHIELD:0.5150394200731454
CE_PIECECOORDINATION:0.4839339883969013
CE_MATERIAL:0.5131642421563051
CE_KINGSAFETY:0.5000572275900783
C_PIECESQUARETABLES:0.5018585699671952
C_MOBILITY:0.48544399078285616
C_KINGSAFETY:0.49110505766231605
C_PAWNSTRUCTURE:0.5303191805615912
C_PIECECOORDINATION:0.5016206296431854
C_ROOKANDPAWNMOVEMENT:0.5016206296431854
C_CENTERCONTROL:0.4994808384547961
C_DEVELOPPIECES:0.5074901496412548
C_MATERIAL:0.49974923752899775
