ELO:995
CE_PASSEDPAWNS:0.5170432266700405
CE_PAWNWEAKNESSES:0.42312893415444114
CE_PIECEACTIVITY:0.42537948540133336
CE_KINGPAWNSHIELD:0.4778382854313879
CE_PIECECOORDINATION:0.4083554322893679
CE_MATERIAL:0.6080199727040346
CE_KINGSAFETY:0.49288466982522683
C_PIECESQUARETABLES:0.5198729289329057
C_MOBILITY:0.49422197297840925
C_KINGSAFETY:0.5165950700147676
C_PAWNSTRUCTURE:0.479027337820843
C_PIECECOORDINATION:0.5320165534644355
C_ROOKANDPAWNMOVEMENT:0.5320165534644355
C_CENTERCONTROL:0.4620953801977469
C_DEVELOPPIECES:0.516457015794071
C_MATERIAL:0.48100792711446033
