ELO:1000
CE_PASSEDPAWNS:0.49694882607069407
CE_PAWNWEAKNESSES:0.5318657792849186
CE_PIECEACTIVITY:0.5238003952398098
CE_KINGPAWNSHIELD:0.4873773292468102
CE_PIECECOORDINATION:0.5027632103577113
CE_MATERIAL:0.5309716816798415
CE_KINGSAFETY:0.5062134952789099
C_PIECESQUARETABLES:0.5037608173843106
C_MOBILITY:0.472979761949506
C_KINGSAFETY:0.49905663609149653
C_PAWNSTRUCTURE:0.5158402107806304
C_PIECECOORDINATION:0.4812355386949158
C_ROOKANDPAWNMOVEMENT:0.4812355386949158
C_CENTERCONTROL:0.5059810482477236
C_DEVELOPPIECES:0.5310317410671671
C_MATERIAL:0.502467291379685
