ELO:994
CE_PASSEDPAWNS:0.49598983241443434
CE_PAWNWEAKNESSES:0.4777431328252796
CE_PIECEACTIVITY:0.47412743522077994
CE_KINGPAWNSHIELD:0.520672888201834
CE_PIECECOORDINATION:0.5002999494498
CE_MATERIAL:0.5193811113753147
CE_KINGSAFETY:0.5091935453022013
C_PIECESQUARETABLES:0.5058726564586642
C_MOBILITY:0.5120703807256953
C_KINGSAFETY:0.5103132891633758
C_PAWNSTRUCTURE:0.49896431965077365
C_PIECECOORDINATION:0.5039626814916058
C_ROOK:0.4950689388717938
CE_ROOK:0.4935914858642987
C_CENTERCONTROL:0.49370000305505285
C_DEVELOPPIECES:0.47802778753291114
C_MATERIAL:0.5055493829635863
C_MOVECOUNT:0.5151257691677319
C_PAWNMOVEMENT:0.5155102471388207
