ELO:839
CE_PASSEDPAWNS:0.507508315844444
CE_PAWNWEAKNESSES:0.5470445106246337
CE_PIECEACTIVITY:0.4333099001829796
CE_KINGPAWNSHIELD:0.5830820815089213
CE_PIECECOORDINATION:0.5462041368946363
CE_MATERIAL:0.4650115178339735
CE_KINGSAFETY:0.489385398692848
C_PIECESQUARETABLES:0.501715280678914
C_MOBILITY:0.4536791105607852
C_KINGSAFETY:0.5078094190033738
C_PAWNSTRUCTURE:0.49567371966447754
C_PIECECOORDINATION:0.5035462436206942
C_ROOKANDPAWNMOVEMENT:0.5035462436206942
C_CENTERCONTROL:0.5332861874003209
C_DEVELOPPIECES:0.4770875363439822
C_MATERIAL:0.4923034008183919
C_MOVECOUNT:0.48622047733003515
