ELO:992
CE_PASSEDPAWNS:0.49937096120789665
CE_PAWNWEAKNESSES:0.4929990292860006
CE_PIECEACTIVITY:0.4910253317170288
CE_KINGPAWNSHIELD:0.49531490029517583
CE_PIECECOORDINATION:0.4728107644831416
CE_MATERIAL:0.512853136808254
CE_KINGSAFETY:0.5
C_PIECESQUARETABLES:0.5
C_MOBILITY:0.49266218796433964
C_KINGSAFETY:0.514773533553209
C_PAWNSTRUCTURE:0.5030765196851645
C_PIECECOORDINATION:0.48613957091630433
C_ROOKANDPAWNMOVEMENT:0.48613957091630433
C_CENTERCONTROL:0.47153972919188825
C_DEVELOPPIECES:0.48288211270939313
C_MATERIAL:0.500695772694079
C_MOVECOUNT:0.5215597797164945
