ELO:969
CE_PASSEDPAWNS:0.49598983241443434
CE_PAWNWEAKNESSES:0.4747414039917509
CE_PIECEACTIVITY:0.47731743972060864
CE_KINGPAWNSHIELD:0.5126250146235642
CE_PIECECOORDINATION:0.5070320740545768
CE_MATERIAL:0.5177883784588265
CE_KINGSAFETY:0.49789598222249726
C_PIECESQUARETABLES:0.5058726564586642
C_MOBILITY:0.5145240787350324
C_KINGSAFETY:0.5222821150835983
C_PAWNSTRUCTURE:0.49896431965077365
C_PIECECOORDINATION:0.5155448672763322
C_ROOK:0.5029999495711807
CE_ROOK:0.4935914858642987
C_CENTERCONTROL:0.5046420762085894
C_DEVELOPPIECES:0.4774128482335385
C_MATERIAL:0.4940112347353283
C_MOVECOUNT:0.5067197374712386
C_PAWNMOVEMENT:0.5119001836773948
