ELO:944
CE_PASSEDPAWNS:0.5113699031359635
CE_PAWNWEAKNESSES:0.5029620421852274
CE_PIECEACTIVITY:0.49180453653366646
CE_KINGPAWNSHIELD:0.5189807113916203
CE_PIECECOORDINATION:0.48561366629336705
CE_MATERIAL:0.5053731259413419
CE_KINGSAFETY:0.5063592223912643
C_PIECESQUARETABLES:0.4838427478157336
C_MOBILITY:0.478780347264194
C_KINGSAFETY:0.4975648031187291
C_PAWNSTRUCTURE:0.43802042336368435
C_PIECECOORDINATION:0.4812686023827895
C_ROOKANDPAWNMOVEMENT:0.4812686023827895
C_CENTERCONTROL:0.49976026557097813
C_DEVELOPPIECES:0.4888833340851197
C_MATERIAL:0.516664843963026
C_MOVECOUNT:0.5
