ELO:1088
CE_PASSEDPAWNS:0.6163964217354442
CE_PAWNWEAKNESSES:0.5847383849256622
CE_PIECEACTIVITY:0.44319794471948154
CE_KINGPAWNSHIELD:0.4462752849858936
CE_PIECECOORDINATION:0.4794613159862456
CE_MATERIAL:0.3957821570004397
CE_KINGSAFETY:0.5
C_PIECESQUARETABLES:0.5
C_MOBILITY:0.4292651424346836
C_KINGSAFETY:0.49122189340551353
C_PAWNSTRUCTURE:0.41040599071577993
C_PIECECOORDINATION:0.45442815611676124
C_ROOKANDPAWNMOVEMENT:0.45442815611676124
C_CENTERCONTROL:0.505114560788818
C_DEVELOPPIECES:0.5874835358788016
C_MATERIAL:0.3956278748288214
