ELO:850
CE_PASSEDPAWNS:0.4987573630737279
CE_PAWNWEAKNESSES:0.5306050684588839
CE_PIECEACTIVITY:0.4305625638314345
CE_KINGPAWNSHIELD:0.590056292360126
CE_PIECECOORDINATION:0.545967485944099
CE_MATERIAL:0.4907822581235627
CE_KINGSAFETY:0.5031509861880722
C_PIECESQUARETABLES:0.5029054109996153
C_MOBILITY:0.4247060331067236
C_KINGSAFETY:0.510597956253624
C_PAWNSTRUCTURE:0.5129239846829624
C_PIECECOORDINATION:0.49742747226104705
C_ROOKANDPAWNMOVEMENT:0.49742747226104705
C_CENTERCONTROL:0.5166782957611769
C_DEVELOPPIECES:0.48811980196673954
C_MATERIAL:0.5012902047290559
C_MOVECOUNT:0.48280502357343413
