ELO:1008
CE_PASSEDPAWNS:0.5029033233333714
CE_PAWNWEAKNESSES:0.5094645621144278
CE_PIECEACTIVITY:0.5012861860379839
CE_KINGPAWNSHIELD:0.511819638787976
CE_PIECECOORDINATION:0.5
CE_MATERIAL:0.5072367666550691
CE_KINGSAFETY:0.5093319895782671
C_PIECESQUARETABLES:0.5
C_MOBILITY:0.49179191720263504
C_KINGSAFETY:0.497261436026814
C_PAWNSTRUCTURE:0.4952170733709489
C_PIECECOORDINATION:0.49440928690526303
C_ROOKANDPAWNMOVEMENT:0.49440928690526303
C_CENTERCONTROL:0.4800039390143642
C_DEVELOPPIECES:0.508240116909758
C_MATERIAL:0.5
