ELO:979
CE_PASSEDPAWNS:0.5386932135674788
CE_PAWNWEAKNESSES:0.3738177651387711
CE_PIECEACTIVITY:0.44927259199671055
CE_KINGPAWNSHIELD:0.5007942509780999
CE_PIECECOORDINATION:0.5168866729803223
CE_MATERIAL:0.4528359873543971
CE_KINGSAFETY:0.4747143278492146
C_PIECESQUARETABLES:0.5293323398913827
C_MOBILITY:0.4973701905372888
C_KINGSAFETY:0.5164348589132461
C_PAWNSTRUCTURE:0.46482778912978395
C_PIECECOORDINATION:0.5591895545224981
C_ROOKANDPAWNMOVEMENT:0.5591895545224981
C_CENTERCONTROL:0.43280920017820895
C_DEVELOPPIECES:0.4053718330813911
C_MATERIAL:0.4917364869777358
