ELO:1073
CE_PASSEDPAWNS:0.45181293672204376
CE_PAWNWEAKNESSES:0.4933304962249017
CE_PIECEACTIVITY:0.4879080555144084
CE_KINGPAWNSHIELD:0.486862812016033
CE_PIECECOORDINATION:0.5098631170857827
CE_MATERIAL:0.4781092276493427
CE_KINGSAFETY:0.49118047106977153
C_PIECESQUARETABLES:0.5169367147171917
C_MOBILITY:0.5278107645215897
C_KINGSAFETY:0.5993819136479563
C_PAWNSTRUCTURE:0.43466952316240937
C_PIECECOORDINATION:0.4745211519625683
C_ROOKANDPAWNMOVEMENT:0.4745211519625683
C_CENTERCONTROL:0.52689868063358
C_DEVELOPPIECES:0.6137885816416524
C_MATERIAL:0.40803284372949467
