ELO:969
CE_PASSEDPAWNS:0.5069652569272811
CE_PAWNWEAKNESSES:0.4765486757920916
CE_PIECEACTIVITY:0.47731743972060864
CE_KINGPAWNSHIELD:0.5126250146235642
CE_PIECECOORDINATION:0.5070320740545768
CE_MATERIAL:0.5177883784588265
CE_KINGSAFETY:0.5
C_PIECESQUARETABLES:0.4969378818604479
C_MOBILITY:0.5145240787350324
C_KINGSAFETY:0.5028292516083968
C_PAWNSTRUCTURE:0.49896431965077365
C_PIECECOORDINATION:0.5220608771104289
C_ROOK:0.5116380711714282
CE_ROOK:0.4859083329526976
C_CENTERCONTROL:0.49940062247055755
C_DEVELOPPIECES:0.47097595646347523
C_MATERIAL:0.48713776424139865
C_MOVECOUNT:0.5067197374712386
C_PAWNMOVEMENT:0.5001128405868258
