ELO:1000
CE_PASSEDPAWNS:0.5
CE_PAWNWEAKNESSES:0.5
CE_PIECEACTIVITY:0.4910006596714108
CE_KINGPAWNSHIELD:0.5
CE_PIECECOORDINATION:0.49491598865770864
CE_MATERIAL:0.5012012215350883
CE_KINGSAFETY:0.49754332052591277
C_PIECESQUARETABLES:0.4992081234146555
C_MOBILITY:0.5
C_KINGSAFETY:0.5
C_PAWNSTRUCTURE:0.5
C_PIECECOORDINATION:0.5022708385971636
C_ROOKANDPAWNMOVEMENT:0.5022708385971636
C_CENTERCONTROL:0.5050993339601012
C_DEVELOPPIECES:0.5
C_MATERIAL:0.5
