ELO:953
CE_PASSEDPAWNS:0.547382756502133
CE_PAWNWEAKNESSES:0.4390928744437899
CE_PIECEACTIVITY:0.34824665386335757
CE_KINGPAWNSHIELD:0.5141525364843748
CE_PIECECOORDINATION:0.535032049707074
CE_MATERIAL:0.4283829378399761
CE_KINGSAFETY:0.44640669241905434
C_PIECESQUARETABLES:0.48359123253631775
C_MOBILITY:0.5793949497414366
C_KINGSAFETY:0.5135697476068809
C_PAWNSTRUCTURE:0.5845295261875687
C_PIECECOORDINATION:0.47687385451139974
C_ROOKANDPAWNMOVEMENT:0.47687385451139974
C_CENTERCONTROL:0.5675037342194684
C_DEVELOPPIECES:0.4529951623388221
C_MATERIAL:0.6076247355278466
