ELO:732
CE_PASSEDPAWNS:0.6017018395185285
CE_PAWNWEAKNESSES:0.6496345950980873
CE_PIECEACTIVITY:0.5628711516246697
CE_KINGPAWNSHIELD:0.4384050919232413
CE_PIECECOORDINATION:0.5598859863021888
CE_MATERIAL:0.5015669832141751
CE_KINGSAFETY:0.49933800120260663
C_PIECESQUARETABLES:0.47782762518191557
C_MOBILITY:0.4612280735002543
C_KINGSAFETY:0.6247613738059048
C_PAWNSTRUCTURE:0.5392596495600314
C_PIECECOORDINATION:0.4909186980575015
C_ROOKANDPAWNMOVEMENT:0.4909186980575015
C_CENTERCONTROL:0.39608196863781275
C_DEVELOPPIECES:0.4728050992411473
C_MATERIAL:0.47040052221097933
C_MOVECOUNT:0.4784305372389347
