ELO:971
CE_PASSEDPAWNS:0.49060262363586943
CE_PAWNWEAKNESSES:0.49220379973189177
CE_PIECEACTIVITY:0.5030758648499785
CE_KINGPAWNSHIELD:0.5023538578547724
CE_PIECECOORDINATION:0.5028445020772984
CE_MATERIAL:0.5091334947587558
CE_KINGSAFETY:0.4795861227351766
C_PIECESQUARETABLES:0.5078666808682303
C_MOBILITY:0.49380387322404035
C_KINGSAFETY:0.4931852659181374
C_PAWNSTRUCTURE:0.49935429603018466
C_PIECECOORDINATION:0.5143247549702586
C_ROOKANDPAWNMOVEMENT:0.5143247549702586
C_CENTERCONTROL:0.5012571100559763
C_DEVELOPPIECES:0.5132466333854036
C_MATERIAL:0.48909296708038036
