ELO:954
CE_PASSEDPAWNS:0.5286325287448094
CE_PAWNWEAKNESSES:0.46492536290592956
CE_PIECEACTIVITY:0.4505109150262928
CE_KINGPAWNSHIELD:0.4757474080316091
CE_PIECECOORDINATION:0.48574641010366043
CE_MATERIAL:0.5356970520432605
CE_KINGSAFETY:0.5
C_PIECESQUARETABLES:0.5054205975061752
C_MOBILITY:0.4791505685020838
C_KINGSAFETY:0.47576264008783153
C_PAWNSTRUCTURE:0.513426615045496
C_PIECECOORDINATION:0.5082933428289604
C_ROOK:0.49803955293609103
CE_ROOK:0.47255055238653765
C_CENTERCONTROL:0.4955624479940199
C_DEVELOPPIECES:0.48154564386285353
C_MATERIAL:0.5000967120032346
C_MOVECOUNT:0.4925499544485254
C_PAWNMOVEMENT:0.5444449614904785
