ELO:1085
CE_PASSEDPAWNS:0.4599478493105759
CE_PAWNWEAKNESSES:0.5
CE_PIECEACTIVITY:0.49321792761048117
CE_KINGPAWNSHIELD:0.5023216827320739
CE_PIECECOORDINATION:0.5119518836221792
CE_MATERIAL:0.49402009792952467
CE_KINGSAFETY:0.5
C_PIECESQUARETABLES:0.5030254635457859
C_MOBILITY:0.4480707806984316
C_KINGSAFETY:0.5092345300523111
C_PAWNSTRUCTURE:0.49593264127277026
C_PIECECOORDINATION:0.48958261753079224
C_ROOKANDPAWNMOVEMENT:0.48958261753079224
C_CENTERCONTROL:0.5037051054281906
C_DEVELOPPIECES:0.4730996556846132
C_MATERIAL:0.48859089983064385
C_MOVECOUNT:0.5546623547835902
