ELO:1000
CE_PASSEDPAWNS:0.48883824169192636
CE_PAWNWEAKNESSES:0.4953203106725754
CE_PIECEACTIVITY:0.4673302786520454
CE_KINGPAWNSHIELD:0.4838303046455513
CE_PIECECOORDINATION:0.5079374118264242
CE_MATERIAL:0.43800796764827865
CE_KINGSAFETY:0.4903972445435581
C_PIECESQUARETABLES:0.4668427869404993
C_MOBILITY:0.5102853953227264
C_KINGSAFETY:0.5329187010123693
C_PAWNSTRUCTURE:0.47731706262719686
C_PIECECOORDINATION:0.5079668168641437
C_ROOKANDPAWNMOVEMENT:0.5079668168641437
C_CENTERCONTROL:0.5208044626319421
C_DEVELOPPIECES:0.45971963346943695
C_MATERIAL:0.5498567580968123
