ELO:959
CE_PASSEDPAWNS:0.5055623872749845
CE_PAWNWEAKNESSES:0.4973199431344513
CE_PIECEACTIVITY:0.49734718802940614
CE_KINGPAWNSHIELD:0.48984648722651125
CE_PIECECOORDINATION:0.486451354191918
CE_MATERIAL:0.5173879915041529
CE_KINGSAFETY:0.5
C_PIECESQUARETABLES:0.5075618161483293
C_MOBILITY:0.4899176965997732
C_KINGSAFETY:0.49334120032812767
C_PAWNSTRUCTURE:0.5005184981265729
C_PIECECOORDINATION:0.4858450022835585
C_ROOKANDPAWNMOVEMENT:0.4858450022835585
C_CENTERCONTROL:0.5025214776329325
C_DEVELOPPIECES:0.5058249968754989
C_MATERIAL:0.48458953424838247
C_MOVECOUNT:0.5
