ELO:1000
CE_PASSEDPAWNS:0.5023358388913313
CE_PAWNWEAKNESSES:0.4446612689301591
CE_PIECEACTIVITY:0.4803115926174914
CE_KINGPAWNSHIELD:0.4759924351740772
CE_PIECECOORDINATION:0.48483869263384916
CE_MATERIAL:0.42535887508317605
CE_KINGSAFETY:0.49551686434754955
C_PIECESQUARETABLES:0.46446364454757166
C_MOBILITY:0.5084131129480534
C_KINGSAFETY:0.5264493323567121
C_PAWNSTRUCTURE:0.45756834844218075
C_PIECECOORDINATION:0.5228716790144486
C_ROOKANDPAWNMOVEMENT:0.5228716790144486
C_CENTERCONTROL:0.5168256389371222
C_DEVELOPPIECES:0.453512965783736
C_MATERIAL:0.5557488705156951
