ELO:1012
CE_PASSEDPAWNS:0.5
CE_PAWNWEAKNESSES:0.5
CE_PIECEACTIVITY:0.5041720700572935
CE_KINGPAWNSHIELD:0.4971404433087209
CE_PIECECOORDINATION:0.4978841775973885
CE_MATERIAL:0.5032595807358167
CE_KINGSAFETY:0.5
C_PIECESQUARETABLES:0.5
C_MOBILITY:0.490020910773924
C_KINGSAFETY:0.49896522781645986
C_PAWNSTRUCTURE:0.4976477250037915
C_PIECECOORDINATION:0.5
C_ROOKANDPAWNMOVEMENT:0.5
C_CENTERCONTROL:0.5019316997293779
C_DEVELOPPIECES:0.5
C_MATERIAL:0.5
C_MOVECOUNT:0.5
