ELO:906
CE_PASSEDPAWNS:0.4802792990592093
CE_PAWNWEAKNESSES:0.5026707225767514
CE_PIECEACTIVITY:0.5223125232919986
CE_KINGPAWNSHIELD:0.4971667842246689
CE_PIECECOORDINATION:0.5080878251392522
CE_MATERIAL:0.4827535293779539
CE_KINGSAFETY:0.5075366297364925
C_PIECESQUARETABLES:0.4962798931319682
C_MOBILITY:0.4655706595950115
C_KINGSAFETY:0.5736158776544946
C_PAWNSTRUCTURE:0.39479570296689154
C_PIECECOORDINATION:0.5494525315999599
C_ROOKANDPAWNMOVEMENT:0.5494525315999599
C_CENTERCONTROL:0.48413390518494615
C_DEVELOPPIECES:0.4899956184398885
C_MATERIAL:0.5593299112025878
