ELO:902
CE_PASSEDPAWNS:0.5784452240654522
CE_PAWNWEAKNESSES:0.5032102274429248
CE_PIECEACTIVITY:0.4668777010736138
CE_KINGPAWNSHIELD:0.46335042610409255
CE_PIECECOORDINATION:0.522388597775646
CE_MATERIAL:0.5217440621742634
CE_KINGSAFETY:0.49596555714799523
C_PIECESQUARETABLES:0.4704520049956723
C_MOBILITY:0.4987072815083781
C_KINGSAFETY:0.544057192647055
C_PAWNSTRUCTURE:0.5053593767586645
C_PIECECOORDINATION:0.4840245185426534
C_ROOKANDPAWNMOVEMENT:0.4840245185426534
C_CENTERCONTROL:0.5084551429195663
C_DEVELOPPIECES:0.4557220965717806
C_MATERIAL:0.5000476003932944
C_MOVECOUNT:0.5
