ELO:986
CE_PASSEDPAWNS:0.5068258426310382
CE_PAWNWEAKNESSES:0.48992166104104223
CE_PIECEACTIVITY:0.505899212431085
CE_KINGPAWNSHIELD:0.500443455227919
CE_PIECECOORDINATION:0.5042919365895806
CE_MATERIAL:0.4949337980753403
CE_KINGSAFETY:0.5021766360112088
C_PIECESQUARETABLES:0.5003734521369716
C_MOBILITY:0.5164097908792354
C_KINGSAFETY:0.5012659513333448
C_PAWNSTRUCTURE:0.5121792220494327
C_PIECECOORDINATION:0.5174774223133038
C_ROOKANDPAWNMOVEMENT:0.5174774223133038
C_CENTERCONTROL:0.513736258253467
C_DEVELOPPIECES:0.48920337495329796
C_MATERIAL:0.4973945065681596
