ELO:999
CE_PASSEDPAWNS:0.5
CE_PAWNWEAKNESSES:0.5
CE_PIECEACTIVITY:0.4862899584199886
CE_KINGPAWNSHIELD:0.5
CE_PIECECOORDINATION:0.4887718734200281
CE_MATERIAL:0.4936061586102275
CE_KINGSAFETY:0.5
C_PIECESQUARETABLES:0.5045615672416284
C_MOBILITY:0.5
C_KINGSAFETY:0.5
C_PAWNSTRUCTURE:0.48988340720707013
C_PIECECOORDINATION:0.5
C_ROOKANDPAWNMOVEMENT:0.5
C_CENTERCONTROL:0.5021932062301926
C_DEVELOPPIECES:0.5
C_MATERIAL:0.4924630386819597
C_MOVECOUNT:0.5
