ELO:997
CE_PASSEDPAWNS:0.5227774828087932
CE_PAWNWEAKNESSES:0.4870849798074634
CE_PIECEACTIVITY:0.3966651764765677
CE_KINGPAWNSHIELD:0.5297056961428315
CE_PIECECOORDINATION:0.4414509553288019
CE_MATERIAL:0.42873692393818685
CE_KINGSAFETY:0.4651830317421843
C_PIECESQUARETABLES:0.5071232189787359
C_MOBILITY:0.5477160162182572
C_KINGSAFETY:0.5250473343860645
C_PAWNSTRUCTURE:0.55733806765214
C_PIECECOORDINATION:0.4991584218370235
C_ROOKANDPAWNMOVEMENT:0.4991584218370235
C_CENTERCONTROL:0.586080779431243
C_DEVELOPPIECES:0.4777665836443222
C_MATERIAL:0.5729369513208968
