ELO:953
CE_PASSEDPAWNS:0.5324208307852596
CE_PAWNWEAKNESSES:0.4605265983932959
CE_PIECEACTIVITY:0.4505109150262928
CE_KINGPAWNSHIELD:0.4680352062056935
CE_PIECECOORDINATION:0.4859881145753457
CE_MATERIAL:0.5356970520432605
CE_KINGSAFETY:0.5
C_PIECESQUARETABLES:0.5
C_MOBILITY:0.4791505685020838
C_KINGSAFETY:0.47308051648043736
C_PAWNSTRUCTURE:0.5235801354831687
C_PIECECOORDINATION:0.5234368514058287
C_ROOK:0.498127209678301
CE_ROOK:0.47255055238653765
C_CENTERCONTROL:0.4955624479940199
C_DEVELOPPIECES:0.47683517303025363
C_MATERIAL:0.5059877496133615
C_MOVECOUNT:0.4964568611407324
C_PAWNMOVEMENT:0.5444449614904785
