ELO:1090
CE_PASSEDPAWNS:0.6095671976031406
CE_PAWNWEAKNESSES:0.4913955703625296
CE_PIECEACTIVITY:0.47670201960310066
CE_KINGPAWNSHIELD:0.42981318183427086
CE_PIECECOORDINATION:0.4648937869807396
CE_MATERIAL:0.4486122141696056
CE_KINGSAFETY:0.5093999806156151
C_PIECESQUARETABLES:0.48925212632654375
C_MOBILITY:0.4266458538897052
C_KINGSAFETY:0.49309791523144886
C_PAWNSTRUCTURE:0.44656280662812115
C_PIECECOORDINATION:0.47137332068589566
C_ROOKANDPAWNMOVEMENT:0.47137332068589566
C_CENTERCONTROL:0.5070681058635578
C_DEVELOPPIECES:0.5632107246124984
C_MATERIAL:0.41407323791851974
