ELO:974
CE_PASSEDPAWNS:0.5059744701713184
CE_PAWNWEAKNESSES:0.5003293410067702
CE_PIECEACTIVITY:0.49163775836865836
CE_KINGPAWNSHIELD:0.48784814967817586
CE_PIECECOORDINATION:0.5043379240425194
CE_MATERIAL:0.5058657317001755
CE_KINGSAFETY:0.4908301692120089
C_PIECESQUARETABLES:0.5
C_MOBILITY:0.48979401612194734
C_KINGSAFETY:0.5076738433137192
C_PAWNSTRUCTURE:0.5370669202904153
C_PIECECOORDINATION:0.48149480317915705
C_ROOK:0.5
CE_ROOK:0.4889758370478108
C_CENTERCONTROL:0.4924910223256951
C_DEVELOPPIECES:0.49637095534348097
C_MATERIAL:0.49368553353565603
C_MOVECOUNT:0.49574594531589916
C_PAWNMOVEMENT:0.5250179192732415
