ELO:673
CE_PASSEDPAWNS:0.599425973716907
CE_PAWNWEAKNESSES:0.6224282281382064
CE_PIECEACTIVITY:0.5856932850540602
CE_KINGPAWNSHIELD:0.49443023150681803
CE_PIECECOORDINATION:0.5720115425629753
CE_MATERIAL:0.48949048742064943
CE_KINGSAFETY:0.48571305090132366
C_PIECESQUARETABLES:0.5082058961146085
C_MOBILITY:0.4442909438593883
C_KINGSAFETY:0.6444539800827584
C_PAWNSTRUCTURE:0.5295067205302031
C_PIECECOORDINATION:0.5103102065948866
C_ROOKANDPAWNMOVEMENT:0.5103102065948866
C_CENTERCONTROL:0.40551452351888223
C_DEVELOPPIECES:0.4920979954245561
C_MATERIAL:0.45313702101828024
C_MOVECOUNT:0.4668433825880846
