ELO:979
CE_PASSEDPAWNS:0.5149482462649692
CE_PAWNWEAKNESSES:0.44514760835338585
CE_PIECEACTIVITY:0.3879966812740111
CE_KINGPAWNSHIELD:0.5250964518060026
CE_PIECECOORDINATION:0.4413776276304847
CE_MATERIAL:0.4221690300135793
CE_KINGSAFETY:0.4655373519112864
C_PIECESQUARETABLES:0.5225300270436545
C_MOBILITY:0.5561636294312631
C_KINGSAFETY:0.5230147973215381
C_PAWNSTRUCTURE:0.5575369604704782
C_PIECECOORDINATION:0.48592764068962246
C_ROOKANDPAWNMOVEMENT:0.48592764068962246
C_CENTERCONTROL:0.5766421868291367
C_DEVELOPPIECES:0.46189386889455497
C_MATERIAL:0.5751756727741515
