ELO:963
CE_PASSEDPAWNS:0.5324729384501986
CE_PAWNWEAKNESSES:0.4182786254585237
CE_PIECEACTIVITY:0.3553786450603908
CE_KINGPAWNSHIELD:0.5044663484748253
CE_PIECECOORDINATION:0.5014947646293555
CE_MATERIAL:0.4486611857771794
CE_KINGSAFETY:0.48689731301418987
C_PIECESQUARETABLES:0.49205683708048464
C_MOBILITY:0.571682041183443
C_KINGSAFETY:0.5292486661833679
C_PAWNSTRUCTURE:0.6079091978647871
C_PIECECOORDINATION:0.4646086829133058
C_ROOKANDPAWNMOVEMENT:0.4646086829133058
C_CENTERCONTROL:0.5579486039346025
C_DEVELOPPIECES:0.47910065670848984
C_MATERIAL:0.5663345732146198
