ELO:1011
CE_PASSEDPAWNS:0.5
CE_PAWNWEAKNESSES:0.5
CE_PIECEACTIVITY:0.5123063849062025
CE_KINGPAWNSHIELD:0.5
CE_PIECECOORDINATION:0.5
CE_MATERIAL:0.5
CE_KINGSAFETY:0.5
C_PIECESQUARETABLES:0.5
C_MOBILITY:0.5
C_KINGSAFETY:0.5
C_PAWNSTRUCTURE:0.5111439875181787
C_PIECECOORDINATION:0.5
C_ROOKANDPAWNMOVEMENT:0.5
C_CENTERCONTROL:0.5
C_DEVELOPPIECES:0.4982607553944229
C_MATERIAL:0.4999310767051069
C_MOVECOUNT:0.5
