ELO:941
CE_PASSEDPAWNS:0.5037101009816843
CE_PAWNWEAKNESSES:0.4800302063183525
CE_PIECEACTIVITY:0.46968848373786287
CE_KINGPAWNSHIELD:0.5111635049662145
CE_PIECECOORDINATION:0.5237095972785231
CE_MATERIAL:0.5196292265788783
CE_KINGSAFETY:0.5003884308726996
C_PIECESQUARETABLES:0.47486197625254656
C_MOBILITY:0.5318001672245849
C_KINGSAFETY:0.4850544172118486
C_PAWNSTRUCTURE:0.486315486915147
C_PIECECOORDINATION:0.47497289206708027
C_ROOKANDPAWNMOVEMENT:0.47497289206708027
C_CENTERCONTROL:0.53734042979261
C_DEVELOPPIECES:0.49099073351117334
C_MATERIAL:0.4879068940575611
C_MOVECOUNT:0.5
