ELO:680
CE_PASSEDPAWNS:0.5892273336669632
CE_PAWNWEAKNESSES:0.6232582547314585
CE_PIECEACTIVITY:0.533531903430648
CE_KINGPAWNSHIELD:0.48057992075591427
CE_PIECECOORDINATION:0.5280444641306926
CE_MATERIAL:0.47978787718748317
CE_KINGSAFETY:0.489367817024911
C_PIECESQUARETABLES:0.49806004400143855
C_MOBILITY:0.45155853946138624
C_KINGSAFETY:0.6194584216643583
C_PAWNSTRUCTURE:0.5234305244326337
C_PIECECOORDINATION:0.4786955919725122
C_ROOKANDPAWNMOVEMENT:0.4786955919725122
C_CENTERCONTROL:0.4148051342790572
C_DEVELOPPIECES:0.4888666013566465
C_MATERIAL:0.44395152442232305
C_MOVECOUNT:0.5
