ELO:1006
CE_PASSEDPAWNS:0.5
CE_PAWNWEAKNESSES:0.5
CE_PIECEACTIVITY:0.522406315688955
CE_KINGPAWNSHIELD:0.49377828031231075
CE_PIECECOORDINATION:0.4988582174842148
CE_MATERIAL:0.5096306631281832
CE_KINGSAFETY:0.5
C_PIECESQUARETABLES:0.5122465451067474
C_MOBILITY:0.49186452978839623
C_KINGSAFETY:0.4934826752260631
C_PAWNSTRUCTURE:0.5021831648048228
C_PIECECOORDINATION:0.5076082184265632
C_ROOK:0.5
CE_ROOK:0.5
C_CENTERCONTROL:0.5
C_DEVELOPPIECES:0.5
C_MATERIAL:0.5066648972792689
C_MOVECOUNT:0.48210895344648913
C_PAWNMOVEMENT:0.5
