ELO:944
CE_PASSEDPAWNS:0.5148281543356347
CE_PAWNWEAKNESSES:0.46492536290592956
CE_PIECEACTIVITY:0.4472845981455245
CE_KINGPAWNSHIELD:0.47952698369531954
CE_PIECECOORDINATION:0.496694422319947
CE_MATERIAL:0.5356970520432605
CE_KINGSAFETY:0.5
C_PIECESQUARETABLES:0.5
C_MOBILITY:0.4791505685020838
C_KINGSAFETY:0.47085553613190584
C_PAWNSTRUCTURE:0.5164486181457933
C_PIECECOORDINATION:0.5115831054779301
C_ROOK:0.5011785632644394
CE_ROOK:0.47255055238653765
C_CENTERCONTROL:0.4885752935211058
C_DEVELOPPIECES:0.48103049413098664
C_MATERIAL:0.5000967120032346
C_MOVECOUNT:0.4902689858251767
C_PAWNMOVEMENT:0.5381838259568242
