ELO:1000
CE_PASSEDPAWNS:0.5200651613266988
CE_PAWNWEAKNESSES:0.49099020768619484
CE_PIECEACTIVITY:0.4703432835646632
CE_KINGPAWNSHIELD:0.4992564287485684
CE_PIECECOORDINATION:0.5023195449208381
CE_MATERIAL:0.47750411869366405
CE_KINGSAFETY:0.5358954319073563
C_PIECESQUARETABLES:0.5350117983584903
C_MOBILITY:0.5032225062016117
C_KINGSAFETY:0.5133336779775162
C_PAWNSTRUCTURE:0.5238125383877344
C_PIECECOORDINATION:0.5121231804528901
C_ROOKANDPAWNMOVEMENT:0.5121231804528901
C_CENTERCONTROL:0.5074365823855519
C_DEVELOPPIECES:0.5176933479253044
C_MATERIAL:0.5085366190837299
