ELO:999
CE_PASSEDPAWNS:0.51366373458029
CE_PAWNWEAKNESSES:0.4356007227629308
CE_PIECEACTIVITY:0.49329126721892796
CE_KINGPAWNSHIELD:0.4681693060711286
CE_PIECECOORDINATION:0.4701746628689141
CE_MATERIAL:0.42860714004465017
CE_KINGSAFETY:0.5043120852048337
C_PIECESQUARETABLES:0.5230438443938499
C_MOBILITY:0.5021705048153411
C_KINGSAFETY:0.5452319626130256
C_PAWNSTRUCTURE:0.4351630925797437
C_PIECECOORDINATION:0.5234619856034206
C_ROOKANDPAWNMOVEMENT:0.5234619856034206
C_CENTERCONTROL:0.4910697899885892
C_DEVELOPPIECES:0.4885131647397535
C_MATERIAL:0.5545669106808684
