ELO:943
CE_PASSEDPAWNS:0.5088150079468685
CE_PAWNWEAKNESSES:0.46649489726361354
CE_PIECEACTIVITY:0.4978229320010236
CE_KINGPAWNSHIELD:0.5231068659252207
CE_PIECECOORDINATION:0.5087649832389046
CE_MATERIAL:0.4626658285171026
CE_KINGSAFETY:0.5137009431825235
C_PIECESQUARETABLES:0.5125457504798376
C_MOBILITY:0.4663819206205041
C_KINGSAFETY:0.5562779176453582
C_PAWNSTRUCTURE:0.4055647959314261
C_PIECECOORDINATION:0.5112283310027494
C_ROOKANDPAWNMOVEMENT:0.5112283310027494
C_CENTERCONTROL:0.49390472053944773
C_DEVELOPPIECES:0.47509920957977547
C_MATERIAL:0.527576715601394
