ELO:824
CE_PASSEDPAWNS:0.5251275127304785
CE_PAWNWEAKNESSES:0.4359212059932346
CE_PIECEACTIVITY:0.5713534553802374
CE_KINGPAWNSHIELD:0.48050146728213905
CE_PIECECOORDINATION:0.53939674178525
CE_MATERIAL:0.49030146141699266
CE_KINGSAFETY:0.45184491162828505
C_PIECESQUARETABLES:0.47102026348739084
C_MOBILITY:0.613557592953467
C_KINGSAFETY:0.5355157641989929
C_PAWNSTRUCTURE:0.4824779165351321
C_PIECECOORDINATION:0.5491187992534765
C_ROOKANDPAWNMOVEMENT:0.5491187992534765
C_CENTERCONTROL:0.5673786686455665
C_DEVELOPPIECES:0.5278523206213346
C_MATERIAL:0.48785645042274234
