ELO:988
CE_PASSEDPAWNS:0.5059744701713184
CE_PAWNWEAKNESSES:0.5003293410067702
CE_PIECEACTIVITY:0.49163775836865836
CE_KINGPAWNSHIELD:0.48784814967817586
CE_PIECECOORDINATION:0.5043379240425194
CE_MATERIAL:0.5058657317001755
CE_KINGSAFETY:0.5112712873773579
C_PIECESQUARETABLES:0.5
C_MOBILITY:0.48979401612194734
C_KINGSAFETY:0.5076738433137192
C_PAWNSTRUCTURE:0.5370669202904153
C_PIECECOORDINATION:0.48420587468526627
C_ROOK:0.5
CE_ROOK:0.4889758370478108
C_CENTERCONTROL:0.4858255158434283
C_DEVELOPPIECES:0.49522416365118327
C_MATERIAL:0.49368553353565603
C_MOVECOUNT:0.5008673483139747
C_PAWNMOVEMENT:0.5207194254540872
