ELO:918
CE_PASSEDPAWNS:0.5690930516252167
CE_PAWNWEAKNESSES:0.48721436756541525
CE_PIECEACTIVITY:0.4865296112863757
CE_KINGPAWNSHIELD:0.4602432674019983
CE_PIECECOORDINATION:0.522189617800538
CE_MATERIAL:0.5043034140132172
CE_KINGSAFETY:0.506733246037896
C_PIECESQUARETABLES:0.5202046539146601
C_MOBILITY:0.48167853092807444
C_KINGSAFETY:0.5449630844807778
C_PAWNSTRUCTURE:0.5082070363432305
C_PIECECOORDINATION:0.4962649454969583
C_ROOKANDPAWNMOVEMENT:0.4962649454969583
C_CENTERCONTROL:0.500763795637699
C_DEVELOPPIECES:0.4850735865715279
C_MATERIAL:0.5096641795594917
C_MOVECOUNT:0.5
