ELO:595
CE_PASSEDPAWNS:0.5877790223668496
CE_PAWNWEAKNESSES:0.6172012464964048
CE_PIECEACTIVITY:0.48547006093996536
CE_KINGPAWNSHIELD:0.4585015607046121
CE_PIECECOORDINATION:0.5412377526943227
CE_MATERIAL:0.47697614166785346
CE_KINGSAFETY:0.5073100015850489
C_PIECESQUARETABLES:0.4458673786374231
C_MOBILITY:0.4833750453262535
C_KINGSAFETY:0.5967907893313248
C_PAWNSTRUCTURE:0.5268154745600583
C_PIECECOORDINATION:0.48100583477545383
C_ROOKANDPAWNMOVEMENT:0.48100583477545383
C_CENTERCONTROL:0.41484465900824896
C_DEVELOPPIECES:0.4528283790845486
C_MATERIAL:0.4488768599322531
C_MOVECOUNT:0.5
