ELO:972
CE_PASSEDPAWNS:0.5059744701713184
CE_PAWNWEAKNESSES:0.4952949160984309
CE_PIECEACTIVITY:0.4835908436671942
CE_KINGPAWNSHIELD:0.48412129761545636
CE_PIECECOORDINATION:0.5043379240425194
CE_MATERIAL:0.5179931821666457
CE_KINGSAFETY:0.5065710803410655
C_PIECESQUARETABLES:0.5088613140126872
C_MOBILITY:0.5097724822459672
C_KINGSAFETY:0.48627427286500446
C_PAWNSTRUCTURE:0.5250380140307862
C_PIECECOORDINATION:0.49248384669671796
C_ROOK:0.5094531315597888
CE_ROOK:0.49215255812822967
C_CENTERCONTROL:0.4941212915203464
C_DEVELOPPIECES:0.4863114462515034
C_MATERIAL:0.49319769171614725
C_MOVECOUNT:0.49574594531589916
C_PAWNMOVEMENT:0.5201555800708885
