ELO:1089
CE_PASSEDPAWNS:0.6257072842614042
CE_PAWNWEAKNESSES:0.49683885058075705
CE_PIECEACTIVITY:0.48000121026492404
CE_KINGPAWNSHIELD:0.47169865079590056
CE_PIECECOORDINATION:0.49473694346045566
CE_MATERIAL:0.4545951480092295
CE_KINGSAFETY:0.493661956920378
C_PIECESQUARETABLES:0.49894772727712816
C_MOBILITY:0.42316765290403563
C_KINGSAFETY:0.5160482799099598
C_PAWNSTRUCTURE:0.4200539891541283
C_PIECECOORDINATION:0.4915660550923124
C_ROOKANDPAWNMOVEMENT:0.4915660550923124
C_CENTERCONTROL:0.5416243917882473
C_DEVELOPPIECES:0.5593643665192943
C_MATERIAL:0.4027175198281432
