ELO:938
CE_PASSEDPAWNS:0.454650050676092
CE_PAWNWEAKNESSES:0.5455983522164131
CE_PIECEACTIVITY:0.4806702665895289
CE_KINGPAWNSHIELD:0.599463762091939
CE_PIECECOORDINATION:0.48537104037113804
CE_MATERIAL:0.4933999209202807
CE_KINGSAFETY:0.5
C_PIECESQUARETABLES:0.5
C_MOBILITY:0.4912835967821936
C_KINGSAFETY:0.5093590541679475
C_PAWNSTRUCTURE:0.5347342040896074
C_PIECECOORDINATION:0.4499757452586426
C_ROOK:0.5292441467451625
CE_ROOK:0.5404193395950985
C_CENTERCONTROL:0.5362419268578198
C_DEVELOPPIECES:0.494324250607125
C_MATERIAL:0.5093903743612817
C_MOVECOUNT:0.5012024853459038
C_PAWNMOVEMENT:0.4971714375132644
