ELO:751
CE_PASSEDPAWNS:0.5591516993011182
CE_PAWNWEAKNESSES:0.5532744540011449
CE_PIECEACTIVITY:0.4553510126642922
CE_KINGPAWNSHIELD:0.49434188774769433
CE_PIECECOORDINATION:0.5322889570010886
CE_MATERIAL:0.4940189040045765
CE_KINGSAFETY:0.532573902356292
C_PIECESQUARETABLES:0.4470255406686363
C_MOBILITY:0.45861552256636196
C_KINGSAFETY:0.5495111236056722
C_PAWNSTRUCTURE:0.5327449870726464
C_PIECECOORDINATION:0.4492346147238013
C_ROOKANDPAWNMOVEMENT:0.4492346147238013
C_CENTERCONTROL:0.48506661956903213
C_DEVELOPPIECES:0.45118260104842467
C_MATERIAL:0.4434111225640572
C_MOVECOUNT:0.5
