ELO:993
CE_PASSEDPAWNS:0.4771745805013569
CE_PAWNWEAKNESSES:0.49040145755921205
CE_PIECEACTIVITY:0.4907600626774972
CE_KINGPAWNSHIELD:0.48265689163865483
CE_PIECECOORDINATION:0.49389372002296933
CE_MATERIAL:0.5085210811447544
CE_KINGSAFETY:0.5082046974564967
C_PIECESQUARETABLES:0.49503901763512576
C_MOBILITY:0.5022517521224945
C_KINGSAFETY:0.5098572494377253
C_PAWNSTRUCTURE:0.5070334314476639
C_PIECECOORDINATION:0.5050207745246356
C_ROOKANDPAWNMOVEMENT:0.5050207745246356
C_CENTERCONTROL:0.5024754767379719
C_DEVELOPPIECES:0.5
C_MATERIAL:0.4984255057453199
C_MOVECOUNT:0.5
