ELO:1000
CE_PASSEDPAWNS:0.5080593624392045
CE_PAWNWEAKNESSES:0.4376715627327712
CE_PIECEACTIVITY:0.5021218204042136
CE_KINGPAWNSHIELD:0.46826576063828634
CE_PIECECOORDINATION:0.4715252231891081
CE_MATERIAL:0.42872309482619503
CE_KINGSAFETY:0.5044446765681702
C_PIECESQUARETABLES:0.503596007112742
C_MOBILITY:0.5021705048153411
C_KINGSAFETY:0.5196052686555053
C_PAWNSTRUCTURE:0.45536396295240156
C_PIECECOORDINATION:0.5274784476688709
C_ROOKANDPAWNMOVEMENT:0.5274784476688709
C_CENTERCONTROL:0.4959826264457679
C_DEVELOPPIECES:0.4661884650455111
C_MATERIAL:0.5423522748361744
