ELO:779
CE_PASSEDPAWNS:0.6113966094569371
CE_PAWNWEAKNESSES:0.5237229969294557
CE_PIECEACTIVITY:0.4315934001676021
CE_KINGPAWNSHIELD:0.4891414657154617
CE_PIECECOORDINATION:0.5084148647539823
CE_MATERIAL:0.4794978332874596
CE_KINGSAFETY:0.46058602076464805
C_PIECESQUARETABLES:0.4822469491965834
C_MOBILITY:0.5095092734976633
C_KINGSAFETY:0.5341703307399263
C_PAWNSTRUCTURE:0.5389103382748958
C_PIECECOORDINATION:0.43801779415900866
C_ROOKANDPAWNMOVEMENT:0.43801779415900866
C_CENTERCONTROL:0.46787292457414476
C_DEVELOPPIECES:0.454913558759657
C_MATERIAL:0.48750283261298116
C_MOVECOUNT:0.5
