ELO:956
CE_PASSEDPAWNS:0.45451838568818403
CE_PAWNWEAKNESSES:0.45066282658587603
CE_PIECEACTIVITY:0.47792962790425275
CE_KINGPAWNSHIELD:0.4994165113339897
CE_PIECECOORDINATION:0.5071447094855142
CE_MATERIAL:0.4593004300276465
CE_KINGSAFETY:0.5
C_PIECESQUARETABLES:0.5
C_MOBILITY:0.524078443545884
C_KINGSAFETY:0.4930572068105557
C_PAWNSTRUCTURE:0.5178963157345465
C_PIECECOORDINATION:0.5261745231141636
C_ROOK:0.48473326904920266
CE_ROOK:0.5404193395950985
C_CENTERCONTROL:0.5115319644921789
C_DEVELOPPIECES:0.49664185211984396
C_MATERIAL:0.49302287259685146
C_MOVECOUNT:0.5012024853459038
C_PAWNMOVEMENT:0.5503073006309063
