ELO:652
CE_PASSEDPAWNS:0.5813543468404181
CE_PAWNWEAKNESSES:0.6358662540760952
CE_PIECEACTIVITY:0.5584273629190992
CE_KINGPAWNSHIELD:0.48522058754712166
CE_PIECECOORDINATION:0.5663379913783618
CE_MATERIAL:0.49224241633399873
CE_KINGSAFETY:0.5
C_PIECESQUARETABLES:0.5
C_MOBILITY:0.4360865439882472
C_KINGSAFETY:0.6127764750343062
C_PAWNSTRUCTURE:0.5378280356098973
C_PIECECOORDINATION:0.4864081957265576
C_ROOKANDPAWNMOVEMENT:0.4864081957265576
C_CENTERCONTROL:0.40945318087070665
C_DEVELOPPIECES:0.49304553182859595
C_MATERIAL:0.42572498972407885
C_MOVECOUNT:0.5064274600752279
