ELO:921
CE_PASSEDPAWNS:0.4756899622666403
CE_PAWNWEAKNESSES:0.4778806015299995
CE_PIECEACTIVITY:0.49814534055655746
CE_KINGPAWNSHIELD:0.5107509643312312
CE_PIECECOORDINATION:0.5210188307240329
CE_MATERIAL:0.4824966104211236
CE_KINGSAFETY:0.5109763292441993
C_PIECESQUARETABLES:0.49225799518359264
C_MOBILITY:0.48593764015435464
C_KINGSAFETY:0.5539119919520836
C_PAWNSTRUCTURE:0.4138144853383055
C_PIECECOORDINATION:0.5133545355123877
C_ROOKANDPAWNMOVEMENT:0.5133545355123877
C_CENTERCONTROL:0.5149730329543649
C_DEVELOPPIECES:0.4583048163067277
C_MATERIAL:0.5580581722532082
