ELO:997
CE_PASSEDPAWNS:0.4977088285028612
CE_PAWNWEAKNESSES:0.5
CE_PIECEACTIVITY:0.5032524905316638
CE_KINGPAWNSHIELD:0.4929469563223274
CE_PIECECOORDINATION:0.49946961615884466
CE_MATERIAL:0.49013918654776
CE_KINGSAFETY:0.5
C_PIECESQUARETABLES:0.5
C_MOBILITY:0.5
C_KINGSAFETY:0.5
C_PAWNSTRUCTURE:0.4994934275528152
C_PIECECOORDINATION:0.5
C_ROOK:0.5159597105750502
CE_ROOK:0.507602586704383
C_CENTERCONTROL:0.5011354145794704
C_DEVELOPPIECES:0.5
C_MATERIAL:0.49403310610507595
C_MOVECOUNT:0.5
C_PAWNMOVEMENT:0.5005987760036718
