ELO:941
CE_PASSEDPAWNS:0.5447092226201626
CE_PAWNWEAKNESSES:0.42713032042496496
CE_PIECEACTIVITY:0.35180221863354966
CE_KINGPAWNSHIELD:0.5023806553879868
CE_PIECECOORDINATION:0.5058642875181263
CE_MATERIAL:0.4378439090170847
CE_KINGSAFETY:0.48707234898898105
C_PIECESQUARETABLES:0.4912785897648884
C_MOBILITY:0.5696002961109273
C_KINGSAFETY:0.5323353505117357
C_PAWNSTRUCTURE:0.604321141065417
C_PIECECOORDINATION:0.47438856357028913
C_ROOKANDPAWNMOVEMENT:0.47438856357028913
C_CENTERCONTROL:0.5594741642947066
C_DEVELOPPIECES:0.4785848889525727
C_MATERIAL:0.5628236540803192
