ELO:1000
CE_PASSEDPAWNS:0.516092477993146
CE_PAWNWEAKNESSES:0.4943080231306052
CE_PIECEACTIVITY:0.4142410901579491
CE_KINGPAWNSHIELD:0.5227116050996996
CE_PIECECOORDINATION:0.5219682670943947
CE_MATERIAL:0.4497634868433272
CE_KINGSAFETY:0.513014053485052
C_PIECESQUARETABLES:0.49870664598245407
C_MOBILITY:0.5527424659364863
C_KINGSAFETY:0.513940542582605
C_PAWNSTRUCTURE:0.5022894662622566
C_PIECECOORDINATION:0.5075651872116278
C_ROOKANDPAWNMOVEMENT:0.5075651872116278
C_CENTERCONTROL:0.5565494152328908
C_DEVELOPPIECES:0.5370022773059163
C_MATERIAL:0.5462784023854327
