ELO:986
CE_PASSEDPAWNS:0.5158841798984348
CE_PAWNWEAKNESSES:0.4725178095857982
CE_PIECEACTIVITY:0.49907237550559436
CE_KINGPAWNSHIELD:0.47966315692399836
CE_PIECECOORDINATION:0.5006527437351886
CE_MATERIAL:0.43399085546733107
CE_KINGSAFETY:0.4815286101726028
C_PIECESQUARETABLES:0.4875198322410467
C_MOBILITY:0.49643977825194874
C_KINGSAFETY:0.5518912075141434
C_PAWNSTRUCTURE:0.3995196217706606
C_PIECECOORDINATION:0.4946292810536472
C_ROOKANDPAWNMOVEMENT:0.4946292810536472
C_CENTERCONTROL:0.5012271655037694
C_DEVELOPPIECES:0.48931862131553405
C_MATERIAL:0.5175115527290252
