ELO:984
CE_PASSEDPAWNS:0.502320224218183
CE_PAWNWEAKNESSES:0.47080914465970375
CE_PIECEACTIVITY:0.5061717812507436
CE_KINGPAWNSHIELD:0.4793684627696151
CE_PIECECOORDINATION:0.5110536081521377
CE_MATERIAL:0.4266526628906653
CE_KINGSAFETY:0.5019516882486755
C_PIECESQUARETABLES:0.5063268350564685
C_MOBILITY:0.4977855642592109
C_KINGSAFETY:0.5364563081781567
C_PAWNSTRUCTURE:0.39311373559657303
C_PIECECOORDINATION:0.4944802812958697
C_ROOKANDPAWNMOVEMENT:0.4944802812958697
C_CENTERCONTROL:0.49717164688797266
C_DEVELOPPIECES:0.4790509598948191
C_MATERIAL:0.5175115527290252
