ELO:1000
CE_PASSEDPAWNS:0.48373523320783485
CE_PAWNWEAKNESSES:0.48286525870338537
CE_PIECEACTIVITY:0.4668430283171408
CE_KINGPAWNSHIELD:0.5001283690050252
CE_PIECECOORDINATION:0.5159466292312571
CE_MATERIAL:0.4304516727904926
CE_KINGSAFETY:0.49176390353633215
C_PIECESQUARETABLES:0.4744746070972444
C_MOBILITY:0.5125897839423708
C_KINGSAFETY:0.5343411740192664
C_PAWNSTRUCTURE:0.47039798758743967
C_PIECECOORDINATION:0.5110338635905372
C_ROOKANDPAWNMOVEMENT:0.5110338635905372
C_CENTERCONTROL:0.5103473876497749
C_DEVELOPPIECES:0.4547529508058028
C_MATERIAL:0.553874748817099
