ELO:1030
CE_PASSEDPAWNS:0.5
CE_PAWNWEAKNESSES:0.5013262215725341
CE_PIECEACTIVITY:0.5041720700572935
CE_KINGPAWNSHIELD:0.5011796872394073
CE_PIECECOORDINATION:0.46478963628806225
CE_MATERIAL:0.5210239721753559
CE_KINGSAFETY:0.5
C_PIECESQUARETABLES:0.5
C_MOBILITY:0.49770676140553594
C_KINGSAFETY:0.4885619291251161
C_PAWNSTRUCTURE:0.4976477250037915
C_PIECECOORDINATION:0.5
C_ROOKANDPAWNMOVEMENT:0.5
C_CENTERCONTROL:0.4917444354585477
C_DEVELOPPIECES:0.47793687239014243
C_MATERIAL:0.49266333993469663
C_MOVECOUNT:0.509003746873807
