ELO:991
CE_PASSEDPAWNS:0.5266676247253949
CE_PAWNWEAKNESSES:0.4704680667091552
CE_PIECEACTIVITY:0.38030433096096905
CE_KINGPAWNSHIELD:0.5352588417617034
CE_PIECECOORDINATION:0.4421531078573322
CE_MATERIAL:0.4214628545197892
CE_KINGSAFETY:0.47114003950471817
C_PIECESQUARETABLES:0.5112149212760692
C_MOBILITY:0.5531443450929374
C_KINGSAFETY:0.5193252568920471
C_PAWNSTRUCTURE:0.5619719057966654
C_PIECECOORDINATION:0.4928210851110868
C_ROOKANDPAWNMOVEMENT:0.4928210851110868
C_CENTERCONTROL:0.5766421868291367
C_DEVELOPPIECES:0.45528728807997476
C_MATERIAL:0.584165613515501
