ELO:989
CE_PASSEDPAWNS:0.36986445319784145
CE_PAWNWEAKNESSES:0.5249099585768217
CE_PIECEACTIVITY:0.5637580383250408
CE_KINGPAWNSHIELD:0.46362032754271126
CE_PIECECOORDINATION:0.4664406105198117
CE_MATERIAL:0.5010217792152368
CE_KINGSAFETY:0.49047589169815264
C_PIECESQUARETABLES:0.5187965290552876
C_MOBILITY:0.4998454876423219
C_KINGSAFETY:0.5594239720260957
C_PAWNSTRUCTURE:0.3359513077295056
C_PIECECOORDINATION:0.45888756425247046
C_ROOKANDPAWNMOVEMENT:0.45888756425247046
C_CENTERCONTROL:0.35421623548171033
C_DEVELOPPIECES:0.48463106472835726
C_MATERIAL:0.6828983766046607
