ELO:972
CE_PASSEDPAWNS:0.5282275658432608
CE_PAWNWEAKNESSES:0.44437032854216424
CE_PIECEACTIVITY:0.38950224099401215
CE_KINGPAWNSHIELD:0.5083167126772049
CE_PIECECOORDINATION:0.4569052084190321
CE_MATERIAL:0.44976496945237426
CE_KINGSAFETY:0.4430426911320457
C_PIECESQUARETABLES:0.5434547632416634
C_MOBILITY:0.5680662797650016
C_KINGSAFETY:0.5124029402061354
C_PAWNSTRUCTURE:0.5615748877052208
C_PIECECOORDINATION:0.48079738397653027
C_ROOKANDPAWNMOVEMENT:0.48079738397653027
C_CENTERCONTROL:0.5728500116377767
C_DEVELOPPIECES:0.4540952324501767
C_MATERIAL:0.5779725106188597
