ELO:941
CE_PASSEDPAWNS:0.5560178013654558
CE_PAWNWEAKNESSES:0.46736502514094524
CE_PIECEACTIVITY:0.4290663713293569
CE_KINGPAWNSHIELD:0.4996052411884311
CE_PIECECOORDINATION:0.4945278908843704
CE_MATERIAL:0.507997480138295
CE_KINGSAFETY:0.5
C_PIECESQUARETABLES:0.5
C_MOBILITY:0.48641794888739653
C_KINGSAFETY:0.4686708875761276
C_PAWNSTRUCTURE:0.5233296411234066
C_PIECECOORDINATION:0.5132800962018443
C_ROOK:0.48604700711571414
CE_ROOK:0.4627196776909904
C_CENTERCONTROL:0.5181116551651543
C_DEVELOPPIECES:0.49166068069814417
C_MATERIAL:0.5165149356786389
C_MOVECOUNT:0.4964568611407324
C_PAWNMOVEMENT:0.5286365196877914
