ELO:1006
CE_PASSEDPAWNS:0.6403151048473994
CE_PAWNWEAKNESSES:0.43946416446039743
CE_PIECEACTIVITY:0.45912346064865267
CE_KINGPAWNSHIELD:0.46524117031060386
CE_PIECECOORDINATION:0.4748117604473888
CE_MATERIAL:0.4361114913078101
CE_KINGSAFETY:0.4940749524291998
C_PIECESQUARETABLES:0.4908279874684641
C_MOBILITY:0.39727748408163494
C_KINGSAFETY:0.4983812905411336
C_PAWNSTRUCTURE:0.4434607958726748
C_PIECECOORDINATION:0.48040604587252683
C_ROOKANDPAWNMOVEMENT:0.48040604587252683
C_CENTERCONTROL:0.5269351898654397
C_DEVELOPPIECES:0.560811732053125
C_MATERIAL:0.44817030813913344
