ELO:978
CE_PASSEDPAWNS:0.4829012404957548
CE_PAWNWEAKNESSES:0.5063301155086807
CE_PIECEACTIVITY:0.4962835175993426
CE_KINGPAWNSHIELD:0.5237486214584139
CE_PIECECOORDINATION:0.46943079566991036
CE_MATERIAL:0.4773066287259864
CE_KINGSAFETY:0.48090536884594887
C_PIECESQUARETABLES:0.49406737421153135
C_MOBILITY:0.4833502376334878
C_KINGSAFETY:0.5343624458389443
C_PAWNSTRUCTURE:0.4981565640815661
C_PIECECOORDINATION:0.4954285073072441
C_ROOKANDPAWNMOVEMENT:0.4954285073072441
C_CENTERCONTROL:0.4893659899620013
C_DEVELOPPIECES:0.5246601097785967
C_MATERIAL:0.4885114675110489
C_MOVECOUNT:0.5120143436201525
