ELO:1002
CE_PASSEDPAWNS:0.5190871645654602
CE_PAWNWEAKNESSES:0.40862050796633714
CE_PIECEACTIVITY:0.5039140210969948
CE_KINGPAWNSHIELD:0.5462970043919544
CE_PIECECOORDINATION:0.4785390670328865
CE_MATERIAL:0.5686900896213261
CE_KINGSAFETY:0.48190089679351905
C_PIECESQUARETABLES:0.4778312752942305
C_MOBILITY:0.5627028912351223
C_KINGSAFETY:0.48043996856873084
C_PAWNSTRUCTURE:0.4533181045441759
C_PIECECOORDINATION:0.4977200466444391
C_ROOKANDPAWNMOVEMENT:0.4977200466444391
C_CENTERCONTROL:0.6058890217964832
C_DEVELOPPIECES:0.5239481685710354
C_MATERIAL:0.36489930105418134
