ELO:904
CE_PASSEDPAWNS:0.4909066882239642
CE_PAWNWEAKNESSES:0.49648658112457794
CE_PIECEACTIVITY:0.4735552206136907
CE_KINGPAWNSHIELD:0.5046213921355682
CE_PIECECOORDINATION:0.4951711245928102
CE_MATERIAL:0.5576847252428627
CE_KINGSAFETY:0.5057067270158029
C_PIECESQUARETABLES:0.5
C_MOBILITY:0.5962945838868389
C_KINGSAFETY:0.4831896335499415
C_PAWNSTRUCTURE:0.5198721835194752
C_PIECECOORDINATION:0.4827660390501174
C_ROOKANDPAWNMOVEMENT:0.4827660390501174
C_CENTERCONTROL:0.5076925120764675
C_DEVELOPPIECES:0.5260947630710051
C_MATERIAL:0.5235403407447025
C_MOVECOUNT:0.5
