ELO:700
CE_PASSEDPAWNS:0.6234321037095318
CE_PAWNWEAKNESSES:0.5007103093372739
CE_PIECEACTIVITY:0.44206662435535965
CE_KINGPAWNSHIELD:0.43282556798654076
CE_PIECECOORDINATION:0.5102326939378464
CE_MATERIAL:0.4808628703599141
CE_KINGSAFETY:0.5313011623951457
C_PIECESQUARETABLES:0.521027425327478
C_MOBILITY:0.5008858600091332
C_KINGSAFETY:0.4792571274024758
C_PAWNSTRUCTURE:0.45421900792253034
C_PIECECOORDINATION:0.6160274602619262
C_ROOKANDPAWNMOVEMENT:0.6160274602619262
C_CENTERCONTROL:0.4704769367976085
C_DEVELOPPIECES:0.4645942972759284
C_MATERIAL:0.5589667478835822
C_MOVECOUNT:0.5
