ELO:906
CE_PASSEDPAWNS:0.498310087626498
CE_PAWNWEAKNESSES:0.47887240312603924
CE_PIECEACTIVITY:0.5950446979115432
CE_KINGPAWNSHIELD:0.47106510063133356
CE_PIECECOORDINATION:0.4614316701868529
CE_MATERIAL:0.4294615042262128
CE_KINGSAFETY:0.4922177219494991
C_PIECESQUARETABLES:0.4824839122610691
C_MOBILITY:0.5599135549547337
C_KINGSAFETY:0.5073977343112932
C_PAWNSTRUCTURE:0.5243982998902489
C_PIECECOORDINATION:0.5151421444934935
C_ROOKANDPAWNMOVEMENT:0.5151421444934935
C_CENTERCONTROL:0.44386539825796073
C_DEVELOPPIECES:0.4948022139511411
C_MATERIAL:0.45756730310616955
C_MOVECOUNT:0.4762119140515483
