ELO:926
CE_PASSEDPAWNS:0.5303863773954621
CE_PAWNWEAKNESSES:0.43702774806568845
CE_PIECEACTIVITY:0.5328350918722488
CE_KINGPAWNSHIELD:0.49933137855086834
CE_PIECECOORDINATION:0.4551916374085062
CE_MATERIAL:0.5815325496307154
CE_KINGSAFETY:0.4659337770498432
C_PIECESQUARETABLES:0.4813552368823393
C_MOBILITY:0.5969867733914164
C_KINGSAFETY:0.5194857613495832
C_PAWNSTRUCTURE:0.489876711833678
C_PIECECOORDINATION:0.5290161596490242
C_ROOKANDPAWNMOVEMENT:0.5290161596490242
C_CENTERCONTROL:0.6658038346437359
C_DEVELOPPIECES:0.505034877955948
C_MATERIAL:0.36238294169129653
