ELO:844
CE_PASSEDPAWNS:0.5287391687146112
CE_PAWNWEAKNESSES:0.43257933051585423
CE_PIECEACTIVITY:0.3207083865420862
CE_KINGPAWNSHIELD:0.4135256224734672
CE_PIECECOORDINATION:0.4850859707452297
CE_MATERIAL:0.4803676952861627
CE_KINGSAFETY:0.49454310894560805
C_PIECESQUARETABLES:0.5087320593143587
C_MOBILITY:0.5200466235722273
C_KINGSAFETY:0.4104657239662419
C_PAWNSTRUCTURE:0.5262314762269535
C_PIECECOORDINATION:0.44412608248932545
C_ROOKANDPAWNMOVEMENT:0.44412608248932545
C_CENTERCONTROL:0.4992732692581672
C_DEVELOPPIECES:0.425620441490628
C_MATERIAL:0.5082711122863041
