ELO:977
CE_PASSEDPAWNS:0.49329565570794476
CE_PAWNWEAKNESSES:0.4850812013082506
CE_PIECEACTIVITY:0.43234424532699445
CE_KINGPAWNSHIELD:0.47902386979009437
CE_PIECECOORDINATION:0.5724524257200831
CE_MATERIAL:0.43537422308437385
CE_KINGSAFETY:0.5503992267742402
C_PIECESQUARETABLES:0.5199756731376736
C_MOBILITY:0.48696730450663045
C_KINGSAFETY:0.5626821809931115
C_PAWNSTRUCTURE:0.43814046239972004
C_PIECECOORDINATION:0.43846668101526787
C_ROOKANDPAWNMOVEMENT:0.43846668101526787
C_CENTERCONTROL:0.42796564114569424
C_DEVELOPPIECES:0.5027462857774109
C_MATERIAL:0.5691482045240128
