ELO:971
CE_PASSEDPAWNS:0.5097106589898901
CE_PAWNWEAKNESSES:0.44363306595720126
CE_PIECEACTIVITY:0.4638676181845592
CE_KINGPAWNSHIELD:0.5451998793973251
CE_PIECECOORDINATION:0.52106806297246
CE_MATERIAL:0.5982301786820698
CE_KINGSAFETY:0.49217161249653807
C_PIECESQUARETABLES:0.5
C_MOBILITY:0.5509247858362443
C_KINGSAFETY:0.5100523190667092
C_PAWNSTRUCTURE:0.4851463006734172
C_PIECECOORDINATION:0.5065819796532264
C_ROOKANDPAWNMOVEMENT:0.5065819796532264
C_CENTERCONTROL:0.5824191681514164
C_DEVELOPPIECES:0.5465025331033722
C_MATERIAL:0.3633864449598323
