ELO:983
CE_PASSEDPAWNS:0.4976756221777874
CE_PAWNWEAKNESSES:0.49885207167320067
CE_PIECEACTIVITY:0.5155389714764949
CE_KINGPAWNSHIELD:0.5027280807595683
CE_PIECECOORDINATION:0.4941109787754573
CE_MATERIAL:0.4684263230850782
CE_KINGSAFETY:0.5
C_PIECESQUARETABLES:0.49240647583402775
C_MOBILITY:0.505253621864048
C_KINGSAFETY:0.4994921582358386
C_PAWNSTRUCTURE:0.5016629353770001
C_PIECECOORDINATION:0.49253217226336715
C_ROOKANDPAWNMOVEMENT:0.49253217226336715
C_CENTERCONTROL:0.4855886812266236
C_DEVELOPPIECES:0.5168036032727968
C_MATERIAL:0.48258425428383667
C_MOVECOUNT:0.5
