ELO:1038
CE_PASSEDPAWNS:0.5248619628099709
CE_PAWNWEAKNESSES:0.5050088165410584
CE_PIECEACTIVITY:0.5
CE_KINGPAWNSHIELD:0.5021902283136767
CE_PIECECOORDINATION:0.49450864543595785
CE_MATERIAL:0.5034615563285754
CE_KINGSAFETY:0.5
C_PIECESQUARETABLES:0.5
C_MOBILITY:0.5
C_KINGSAFETY:0.48445190939518334
C_PAWNSTRUCTURE:0.5008864142489636
C_PIECECOORDINATION:0.5168564573665481
C_ROOK:0.46530445132280457
CE_ROOK:0.4761689463316699
C_CENTERCONTROL:0.4730754320533753
C_DEVELOPPIECES:0.49224300431925777
C_MATERIAL:0.5121936815673546
C_MOVECOUNT:0.47838146683500443
C_PAWNMOVEMENT:0.5166132914539359
