ELO:1037
CE_PASSEDPAWNS:0.5026713052980661
CE_PAWNWEAKNESSES:0.4837214784139212
CE_PIECEACTIVITY:0.5116046402440652
CE_KINGPAWNSHIELD:0.49655218645489724
CE_PIECECOORDINATION:0.5037283460926225
CE_MATERIAL:0.4783008706889524
CE_KINGSAFETY:0.5
C_PIECESQUARETABLES:0.5
C_MOBILITY:0.5009841491690321
C_KINGSAFETY:0.4991844272485667
C_PAWNSTRUCTURE:0.5056086859510552
C_PIECECOORDINATION:0.5122583737649822
C_ROOK:0.5036332535940218
CE_ROOK:0.49970989836433044
C_CENTERCONTROL:0.5101910784123721
C_DEVELOPPIECES:0.47944667082985915
C_MATERIAL:0.5
C_MOVECOUNT:0.5060432001236872
C_PAWNMOVEMENT:0.4804229145699416
