ELO:912
CE_PASSEDPAWNS:0.49201316318085114
CE_PAWNWEAKNESSES:0.5193761345100891
CE_PIECEACTIVITY:0.46221268224203016
CE_KINGPAWNSHIELD:0.4497470967323763
CE_PIECECOORDINATION:0.5670563550860771
CE_MATERIAL:0.4990135197479991
CE_KINGSAFETY:0.5103830390398968
C_PIECESQUARETABLES:0.4885625619122905
C_MOBILITY:0.4915954813826068
C_KINGSAFETY:0.48060797470832717
C_PAWNSTRUCTURE:0.4739150475734839
C_PIECECOORDINATION:0.49798802128909264
C_ROOKANDPAWNMOVEMENT:0.49798802128909264
C_CENTERCONTROL:0.4882829887666642
C_DEVELOPPIECES:0.5346035599680568
C_MATERIAL:0.504731210169814
C_MOVECOUNT:0.5
