ELO:923
CE_PASSEDPAWNS:0.47572646734218743
CE_PAWNWEAKNESSES:0.495198503192093
CE_PIECEACTIVITY:0.5390876261579391
CE_KINGPAWNSHIELD:0.4953816168277015
CE_PIECECOORDINATION:0.49445443975741415
CE_MATERIAL:0.46097325002077194
CE_KINGSAFETY:0.5478716570363876
C_PIECESQUARETABLES:0.5138404005271949
C_MOBILITY:0.49248936794902887
C_KINGSAFETY:0.4821082087185366
C_PAWNSTRUCTURE:0.5143084023615815
C_PIECECOORDINATION:0.5383687140172633
C_ROOKANDPAWNMOVEMENT:0.5383687140172633
C_CENTERCONTROL:0.48289398772958814
C_DEVELOPPIECES:0.5075174000536175
C_MATERIAL:0.5293820925292237
C_MOVECOUNT:0.5
