ELO:949
CE_PASSEDPAWNS:0.48022522092833314
CE_PAWNWEAKNESSES:0.5409493162209162
CE_PIECEACTIVITY:0.4216099165676066
CE_KINGPAWNSHIELD:0.403434249100677
CE_PIECECOORDINATION:0.4754189266360548
CE_MATERIAL:0.3882571145814657
CE_KINGSAFETY:0.4901817585886065
C_PIECESQUARETABLES:0.48998155337740873
C_MOBILITY:0.5294065024952466
C_KINGSAFETY:0.5258227247852986
C_PAWNSTRUCTURE:0.4359647757782237
C_PIECECOORDINATION:0.46891784766574257
C_ROOKANDPAWNMOVEMENT:0.46891784766574257
C_CENTERCONTROL:0.40661587955210804
C_DEVELOPPIECES:0.47678791153830974
C_MATERIAL:0.58146417499416
