ELO:988
CE_PASSEDPAWNS:0.4792205108780874
CE_PAWNWEAKNESSES:0.49862938821256714
CE_PIECEACTIVITY:0.4579132023557769
CE_KINGPAWNSHIELD:0.4317514691663499
CE_PIECECOORDINATION:0.5143707266148363
CE_MATERIAL:0.41332566058435555
CE_KINGSAFETY:0.5018356845872978
C_PIECESQUARETABLES:0.5
C_MOBILITY:0.4983302167034029
C_KINGSAFETY:0.5116497318266632
C_PAWNSTRUCTURE:0.44222139277271905
C_PIECECOORDINATION:0.43872322133030905
C_ROOKANDPAWNMOVEMENT:0.43872322133030905
C_CENTERCONTROL:0.4126630637295124
C_DEVELOPPIECES:0.46515604896608465
C_MATERIAL:0.5537364349085429
