ELO:953
CE_PASSEDPAWNS:0.47857328989985953
CE_PAWNWEAKNESSES:0.5320513993827203
CE_PIECEACTIVITY:0.44783242534152606
CE_KINGPAWNSHIELD:0.4280667638565328
CE_PIECECOORDINATION:0.46557403267781455
CE_MATERIAL:0.40315372028317165
CE_KINGSAFETY:0.5070131223422536
C_PIECESQUARETABLES:0.49847135677262167
C_MOBILITY:0.5173543554220036
C_KINGSAFETY:0.5302758257533228
C_PAWNSTRUCTURE:0.43092345299544266
C_PIECECOORDINATION:0.44744177208367103
C_ROOKANDPAWNMOVEMENT:0.44744177208367103
C_CENTERCONTROL:0.4096443140314682
C_DEVELOPPIECES:0.44763092111336955
C_MATERIAL:0.5794170398171958
