ELO:745
CE_PASSEDPAWNS:0.6386641781629289
CE_PAWNWEAKNESSES:0.48451157418163204
CE_PIECEACTIVITY:0.5052417226218062
CE_KINGPAWNSHIELD:0.40282695950341146
CE_PIECECOORDINATION:0.506558659709383
CE_MATERIAL:0.493845682042722
CE_KINGSAFETY:0.49925864085341576
C_PIECESQUARETABLES:0.4995736151833088
C_MOBILITY:0.5096753996651837
C_KINGSAFETY:0.43875417742272455
C_PAWNSTRUCTURE:0.47109125960758286
C_PIECECOORDINATION:0.6201891184904099
C_ROOKANDPAWNMOVEMENT:0.6201891184904099
C_CENTERCONTROL:0.4431112619445864
C_DEVELOPPIECES:0.5165581566607279
C_MATERIAL:0.5562203282843883
C_MOVECOUNT:0.49764360058380613
