ELO:1000
CE_PASSEDPAWNS:0.5242655973192133
CE_PAWNWEAKNESSES:0.4974784295478992
CE_PIECEACTIVITY:0.5094174997032562
CE_KINGPAWNSHIELD:0.5635305560524534
CE_PIECECOORDINATION:0.5048593489910167
CE_MATERIAL:0.49659661510881614
CE_KINGSAFETY:0.4891574805442868
C_PIECESQUARETABLES:0.4737985211734177
C_MOBILITY:0.49668456892420015
C_KINGSAFETY:0.5011222902568284
C_PAWNSTRUCTURE:0.5117661115440962
C_PIECECOORDINATION:0.5035299328707966
C_ROOKANDPAWNMOVEMENT:0.5035299328707966
C_CENTERCONTROL:0.5027285054543974
C_DEVELOPPIECES:0.4461316436295719
C_MATERIAL:0.5255960709207681
