ELO:966
CE_PASSEDPAWNS:0.5109336868426558
CE_PAWNWEAKNESSES:0.44363306595720126
CE_PIECEACTIVITY:0.4670452023157234
CE_KINGPAWNSHIELD:0.5330218663945894
CE_PIECECOORDINATION:0.5261922803383806
CE_MATERIAL:0.5884998275220988
CE_KINGSAFETY:0.5028203809104815
C_PIECESQUARETABLES:0.49418002780638615
C_MOBILITY:0.5417801947942309
C_KINGSAFETY:0.5100523190667092
C_PAWNSTRUCTURE:0.4851463006734172
C_PIECECOORDINATION:0.5130199970312166
C_ROOKANDPAWNMOVEMENT:0.5130199970312166
C_CENTERCONTROL:0.585089593234076
C_DEVELOPPIECES:0.5528223961717669
C_MATERIAL:0.3596230263984913
