ELO:984
CE_PASSEDPAWNS:0.4817530081728093
CE_PAWNWEAKNESSES:0.483260966255297
CE_PIECEACTIVITY:0.48754034060426793
CE_KINGPAWNSHIELD:0.5018432342846623
CE_PIECECOORDINATION:0.46397467210510224
CE_MATERIAL:0.49375087939760653
CE_KINGSAFETY:0.49130473720271767
C_PIECESQUARETABLES:0.4978636858816628
C_MOBILITY:0.5
C_KINGSAFETY:0.5001676380053718
C_PAWNSTRUCTURE:0.5023607814160005
C_PIECECOORDINATION:0.5002545696279732
C_ROOKANDPAWNMOVEMENT:0.5002545696279732
C_CENTERCONTROL:0.49012212318528126
C_DEVELOPPIECES:0.4941183102717939
C_MATERIAL:0.5030767742388403
C_MOVECOUNT:0.5003092562972465
