ELO:1000
CE_PASSEDPAWNS:0.47272016817485196
CE_PAWNWEAKNESSES:0.4519791550538041
CE_PIECEACTIVITY:0.487888609344838
CE_KINGPAWNSHIELD:0.48515079671998057
CE_PIECECOORDINATION:0.5144276007141025
CE_MATERIAL:0.5489019939427298
CE_KINGSAFETY:0.48899535807904804
C_PIECESQUARETABLES:0.47014128399493504
C_MOBILITY:0.49335398635000677
C_KINGSAFETY:0.5345775524445563
C_PAWNSTRUCTURE:0.5308811764599659
C_PIECECOORDINATION:0.4734455310399633
C_ROOKANDPAWNMOVEMENT:0.4734455310399633
C_CENTERCONTROL:0.544858778196816
C_DEVELOPPIECES:0.5174676500662183
C_MATERIAL:0.45922740539776724
