ELO:1030
CE_PASSEDPAWNS:0.4837053003267551
CE_PAWNWEAKNESSES:0.4991714978647708
CE_PIECEACTIVITY:0.4995448397704736
CE_KINGPAWNSHIELD:0.46494469660027726
CE_PIECECOORDINATION:0.5087590866043682
CE_MATERIAL:0.505063677775059
CE_KINGSAFETY:0.5
C_PIECESQUARETABLES:0.5
C_MOBILITY:0.5449041839869
C_KINGSAFETY:0.48445190939518334
C_PAWNSTRUCTURE:0.4767873884047411
C_PIECECOORDINATION:0.5127057356276871
C_ROOK:0.4913666979501575
CE_ROOK:0.481432679306885
C_CENTERCONTROL:0.4937708833116085
C_DEVELOPPIECES:0.48303028124757863
C_MATERIAL:0.5207333831393444
C_MOVECOUNT:0.4839318357483658
C_PAWNMOVEMENT:0.48565174688781987
