ELO:1000
CE_PASSEDPAWNS:0.5005200540838174
CE_PAWNWEAKNESSES:0.5108502576188075
CE_PIECEACTIVITY:0.45276553691695937
CE_KINGPAWNSHIELD:0.5055692416185902
CE_PIECECOORDINATION:0.5098071497893439
CE_MATERIAL:0.4665833788460109
CE_KINGSAFETY:0.5486808919192994
C_PIECESQUARETABLES:0.4987133244971384
C_MOBILITY:0.4899897914879107
C_KINGSAFETY:0.5313755873568148
C_PAWNSTRUCTURE:0.47178402228146915
C_PIECECOORDINATION:0.49834556596467733
C_ROOKANDPAWNMOVEMENT:0.49834556596467733
C_CENTERCONTROL:0.5072848467550662
C_DEVELOPPIECES:0.46103624973194657
C_MATERIAL:0.5310536010101469
