ELO:839
CE_PASSEDPAWNS:0.5030127199615997
CE_PAWNWEAKNESSES:0.49122567426226577
CE_PIECEACTIVITY:0.6028651120099188
CE_KINGPAWNSHIELD:0.46223508265187147
CE_PIECECOORDINATION:0.4606433247192585
CE_MATERIAL:0.4501534729672733
CE_KINGSAFETY:0.4885362844686948
C_PIECESQUARETABLES:0.5000823419990936
C_MOBILITY:0.5645639349469047
C_KINGSAFETY:0.5044871187915104
C_PAWNSTRUCTURE:0.5263978730892378
C_PIECECOORDINATION:0.509277172670563
C_ROOKANDPAWNMOVEMENT:0.509277172670563
C_CENTERCONTROL:0.44729788288219735
C_DEVELOPPIECES:0.4812364607031756
C_MATERIAL:0.45756730310616955
C_MOVECOUNT:0.46288955042833974
