ELO:1000
CE_PASSEDPAWNS:0.5173731204946896
CE_PAWNWEAKNESSES:0.503049285277399
CE_PIECEACTIVITY:0.4870627944739112
CE_KINGPAWNSHIELD:0.5395609592032603
CE_PIECECOORDINATION:0.5113285508909396
CE_MATERIAL:0.49494163603886143
CE_KINGSAFETY:0.5065736090831084
C_PIECESQUARETABLES:0.5117346870551064
C_MOBILITY:0.46854560319937305
C_KINGSAFETY:0.5100738423945717
C_PAWNSTRUCTURE:0.495854178988215
C_PIECECOORDINATION:0.483589432344274
C_ROOKANDPAWNMOVEMENT:0.483589432344274
C_CENTERCONTROL:0.5026710821033236
C_DEVELOPPIECES:0.4675082517381762
C_MATERIAL:0.5353296869688579
