ELO:1028
CE_PASSEDPAWNS:0.6403151048473994
CE_PAWNWEAKNESSES:0.4475511159714668
CE_PIECEACTIVITY:0.4500801316799498
CE_KINGPAWNSHIELD:0.4664355660307201
CE_PIECECOORDINATION:0.47292555330624036
CE_MATERIAL:0.4449743867982918
CE_KINGSAFETY:0.503940513279859
C_PIECESQUARETABLES:0.493293079651037
C_MOBILITY:0.4050870358165537
C_KINGSAFETY:0.48152213026595053
C_PAWNSTRUCTURE:0.4504324054101247
C_PIECECOORDINATION:0.49494505656155346
C_ROOKANDPAWNMOVEMENT:0.49494505656155346
C_CENTERCONTROL:0.5291788083593756
C_DEVELOPPIECES:0.5675866515091268
C_MATERIAL:0.44080408249543745
