ELO:992
CE_PASSEDPAWNS:0.4899125753075871
CE_PAWNWEAKNESSES:0.43312392912252307
CE_PIECEACTIVITY:0.4359662435788028
CE_KINGPAWNSHIELD:0.46847910738037324
CE_PIECECOORDINATION:0.5734153060057536
CE_MATERIAL:0.4147163813578689
CE_KINGSAFETY:0.5526328640843504
C_PIECESQUARETABLES:0.5590821632140865
C_MOBILITY:0.4638902343790983
C_KINGSAFETY:0.5508998189391946
C_PAWNSTRUCTURE:0.4556666642367597
C_PIECECOORDINATION:0.4381081263943899
C_ROOKANDPAWNMOVEMENT:0.4381081263943899
C_CENTERCONTROL:0.4436174368836941
C_DEVELOPPIECES:0.4711039047318095
C_MATERIAL:0.5428212044910056
