ELO:938
CE_PASSEDPAWNS:0.49842199551564736
CE_PAWNWEAKNESSES:0.4072554069044813
CE_PIECEACTIVITY:0.5314546284832025
CE_KINGPAWNSHIELD:0.5299002184596276
CE_PIECECOORDINATION:0.4671120180292114
CE_MATERIAL:0.5840162615954212
CE_KINGSAFETY:0.49608916699762773
C_PIECESQUARETABLES:0.5
C_MOBILITY:0.5563440539571645
C_KINGSAFETY:0.516786660083986
C_PAWNSTRUCTURE:0.47558774114076496
C_PIECECOORDINATION:0.5132085174466546
C_ROOKANDPAWNMOVEMENT:0.5132085174466546
C_CENTERCONTROL:0.6464696333029464
C_DEVELOPPIECES:0.5059963329929661
C_MATERIAL:0.3798913783372157
