ELO:979
CE_PASSEDPAWNS:0.4687804866913704
CE_PAWNWEAKNESSES:0.49032103013829104
CE_PIECEACTIVITY:0.5077986146611384
CE_KINGPAWNSHIELD:0.5
CE_PIECECOORDINATION:0.5208492339572285
CE_MATERIAL:0.47184501552447755
CE_KINGSAFETY:0.49761776112297584
C_PIECESQUARETABLES:0.4752620083417389
C_MOBILITY:0.5042621044173552
C_KINGSAFETY:0.5057534631187719
C_PAWNSTRUCTURE:0.5
C_PIECECOORDINATION:0.524863937731698
C_ROOKANDPAWNMOVEMENT:0.524863937731698
C_CENTERCONTROL:0.4970916505073146
C_DEVELOPPIECES:0.5455956714917135
C_MATERIAL:0.49794799681875646
C_MOVECOUNT:0.5
