ELO:982
CE_PASSEDPAWNS:0.4749493328920062
CE_PAWNWEAKNESSES:0.4713488970400883
CE_PIECEACTIVITY:0.48754034060426793
CE_KINGPAWNSHIELD:0.49513291129870945
CE_PIECECOORDINATION:0.5220670952047248
CE_MATERIAL:0.48300240977271086
CE_KINGSAFETY:0.49130473720271767
C_PIECESQUARETABLES:0.48967308645881985
C_MOBILITY:0.5089667946819351
C_KINGSAFETY:0.5
C_PAWNSTRUCTURE:0.49364861242983155
C_PIECECOORDINATION:0.507633630734085
C_ROOKANDPAWNMOVEMENT:0.507633630734085
C_CENTERCONTROL:0.49012212318528126
C_DEVELOPPIECES:0.49705010386014814
C_MATERIAL:0.5030767742388403
C_MOVECOUNT:0.5031347415075133
