ELO:1000
CE_PASSEDPAWNS:0.513074247180257
CE_PAWNWEAKNESSES:0.4902697463384131
CE_PIECEACTIVITY:0.5001310132909184
CE_KINGPAWNSHIELD:0.48304578241831053
CE_PIECECOORDINATION:0.502745809765985
CE_MATERIAL:0.49874335094848016
CE_KINGSAFETY:0.4979711971134502
C_PIECESQUARETABLES:0.5146822173881226
C_MOBILITY:0.5214554253523236
C_KINGSAFETY:0.5189194809960568
C_PAWNSTRUCTURE:0.5121240643723953
C_PIECECOORDINATION:0.49703977860910686
C_ROOKANDPAWNMOVEMENT:0.49703977860910686
C_CENTERCONTROL:0.5114620216459176
C_DEVELOPPIECES:0.5
C_MATERIAL:0.4854661599856227
