ELO:983
CE_PASSEDPAWNS:0.5
CE_PAWNWEAKNESSES:0.5
CE_PIECEACTIVITY:0.48807130730895426
CE_KINGPAWNSHIELD:0.501659045571686
CE_PIECECOORDINATION:0.49469739246664496
CE_MATERIAL:0.4708817634487504
CE_KINGSAFETY:0.5
C_PIECESQUARETABLES:0.5
C_MOBILITY:0.5011067259145406
C_KINGSAFETY:0.4994921582358386
C_PAWNSTRUCTURE:0.4917898136976344
C_PIECECOORDINATION:0.49253217226336715
C_ROOKANDPAWNMOVEMENT:0.49253217226336715
C_CENTERCONTROL:0.49197752557031105
C_DEVELOPPIECES:0.5
C_MATERIAL:0.48258425428383667
C_MOVECOUNT:0.5
