ELO:1047
CE_PASSEDPAWNS:0.5172142507225177
CE_PAWNWEAKNESSES:0.5121927572378715
CE_PIECEACTIVITY:0.5291606471575581
CE_KINGPAWNSHIELD:0.48152885942246226
CE_PIECECOORDINATION:0.5037283460926225
CE_MATERIAL:0.5115864410838993
CE_KINGSAFETY:0.5
C_PIECESQUARETABLES:0.5
C_MOBILITY:0.5
C_KINGSAFETY:0.48989903287257747
C_PAWNSTRUCTURE:0.5
C_PIECECOORDINATION:0.5328339974409297
C_ROOK:0.46530445132280457
CE_ROOK:0.4988252103537147
C_CENTERCONTROL:0.5040359277030844
C_DEVELOPPIECES:0.49224300431925777
C_MATERIAL:0.5
C_MOVECOUNT:0.5074212407980186
C_PAWNMOVEMENT:0.49754667027655064
