ELO:985
CE_PASSEDPAWNS:0.5190871645654602
CE_PAWNWEAKNESSES:0.42733102216365143
CE_PIECEACTIVITY:0.5266023709428709
CE_KINGPAWNSHIELD:0.5415183810574372
CE_PIECECOORDINATION:0.45620930710616214
CE_MATERIAL:0.5611021142592663
CE_KINGSAFETY:0.47986194936304966
C_PIECESQUARETABLES:0.49264357614981147
C_MOBILITY:0.5808103197093143
C_KINGSAFETY:0.4648319777174922
C_PAWNSTRUCTURE:0.45330968879804173
C_PIECECOORDINATION:0.5030909308234671
C_ROOKANDPAWNMOVEMENT:0.5030909308234671
C_CENTERCONTROL:0.6150163898553886
C_DEVELOPPIECES:0.5224865127814688
C_MATERIAL:0.39121708052637416
