ELO:1038
CE_PASSEDPAWNS:0.5026713052980661
CE_PAWNWEAKNESSES:0.4837214784139212
CE_PIECEACTIVITY:0.4883723620634524
CE_KINGPAWNSHIELD:0.5209533767107821
CE_PIECECOORDINATION:0.5252347465999906
CE_MATERIAL:0.505063677775059
CE_KINGSAFETY:0.5
C_PIECESQUARETABLES:0.5
C_MOBILITY:0.4984177026253114
C_KINGSAFETY:0.5088586798689533
C_PAWNSTRUCTURE:0.5123668856146419
C_PIECECOORDINATION:0.5122583737649822
C_ROOK:0.5
CE_ROOK:0.481432679306885
C_CENTERCONTROL:0.4937708833116085
C_DEVELOPPIECES:0.50148941199738
C_MATERIAL:0.5207333831393444
C_MOVECOUNT:0.5025186591504032
C_PAWNMOVEMENT:0.4804229145699416
