ELO:875
CE_PASSEDPAWNS:0.5172357122125805
CE_PAWNWEAKNESSES:0.47952596115114515
CE_PIECEACTIVITY:0.3613379645963243
CE_KINGPAWNSHIELD:0.4060919535763148
CE_PIECECOORDINATION:0.46122025157979235
CE_MATERIAL:0.47916850882745204
CE_KINGSAFETY:0.4905117445758955
C_PIECESQUARETABLES:0.49585193753749607
C_MOBILITY:0.44212127677954843
C_KINGSAFETY:0.44917948577393146
C_PAWNSTRUCTURE:0.5597638802523788
C_PIECECOORDINATION:0.46560317644277044
C_ROOKANDPAWNMOVEMENT:0.46560317644277044
C_CENTERCONTROL:0.47369296065946637
C_DEVELOPPIECES:0.4269183821984686
C_MATERIAL:0.5165095231255687
