ELO:1023
CE_PASSEDPAWNS:0.5
CE_PAWNWEAKNESSES:0.5
CE_PIECEACTIVITY:0.5
CE_KINGPAWNSHIELD:0.4912402102478737
CE_PIECECOORDINATION:0.4880548405431562
CE_MATERIAL:0.49824503669062126
CE_KINGSAFETY:0.4880297738816535
C_PIECESQUARETABLES:0.5
C_MOBILITY:0.5
C_KINGSAFETY:0.5
C_PAWNSTRUCTURE:0.5
C_PIECECOORDINATION:0.5
C_ROOKANDPAWNMOVEMENT:0.5
C_CENTERCONTROL:0.5
C_DEVELOPPIECES:0.5097972891481704
C_MATERIAL:0.5
C_MOVECOUNT:0.5
