ELO:795
CE_PASSEDPAWNS:0.5370986756912366
CE_PAWNWEAKNESSES:0.4583826781323735
CE_PIECEACTIVITY:0.32241727055947406
CE_KINGPAWNSHIELD:0.4326571593303084
CE_PIECECOORDINATION:0.48539557360832064
CE_MATERIAL:0.4835145044297146
CE_KINGSAFETY:0.4750749145640833
C_PIECESQUARETABLES:0.5036027715368826
C_MOBILITY:0.5092018924191337
C_KINGSAFETY:0.4050301457534923
C_PAWNSTRUCTURE:0.5083504015757572
C_PIECECOORDINATION:0.4495259418378523
C_ROOKANDPAWNMOVEMENT:0.4495259418378523
C_CENTERCONTROL:0.5093036190037636
C_DEVELOPPIECES:0.42899660090952213
C_MATERIAL:0.49969456062506246
