ELO:748
CE_PASSEDPAWNS:0.6359496164173823
CE_PAWNWEAKNESSES:0.5039221611175142
CE_PIECEACTIVITY:0.4573739367059772
CE_KINGPAWNSHIELD:0.43712810865779744
CE_PIECECOORDINATION:0.5214480043861981
CE_MATERIAL:0.4808628703599141
CE_KINGSAFETY:0.5
C_PIECESQUARETABLES:0.5
C_MOBILITY:0.49070223562994925
C_KINGSAFETY:0.4548500314915713
C_PAWNSTRUCTURE:0.4638134845916449
C_PIECECOORDINATION:0.6120932618197702
C_ROOKANDPAWNMOVEMENT:0.6120932618197702
C_CENTERCONTROL:0.4617711973986171
C_DEVELOPPIECES:0.49096363929597064
C_MATERIAL:0.5675650812967005
C_MOVECOUNT:0.5
