ELO:1041
CE_PASSEDPAWNS:0.5
CE_PAWNWEAKNESSES:0.504363985974368
CE_PIECEACTIVITY:0.5186990419150316
CE_KINGPAWNSHIELD:0.5
CE_PIECECOORDINATION:0.5185534997628021
CE_MATERIAL:0.49727034327123626
CE_KINGSAFETY:0.4876241435501389
C_PIECESQUARETABLES:0.5
C_MOBILITY:0.5
C_KINGSAFETY:0.4890418594654937
C_PAWNSTRUCTURE:0.49349569766085655
C_PIECECOORDINATION:0.5
C_ROOKANDPAWNMOVEMENT:0.5
C_CENTERCONTROL:0.5
C_DEVELOPPIECES:0.5
C_MATERIAL:0.468870753811284
