ELO:979
CE_PASSEDPAWNS:0.49120663639261347
CE_PAWNWEAKNESSES:0.47873883127046124
CE_PIECEACTIVITY:0.42767012512980007
CE_KINGPAWNSHIELD:0.4859241933939193
CE_PIECECOORDINATION:0.5785487460073939
CE_MATERIAL:0.41694176458777804
CE_KINGSAFETY:0.5465782342517964
C_PIECESQUARETABLES:0.5319355574465389
C_MOBILITY:0.47419314651943756
C_KINGSAFETY:0.5374547421442357
C_PAWNSTRUCTURE:0.4399477635022222
C_PIECECOORDINATION:0.4425158690548842
C_ROOKANDPAWNMOVEMENT:0.4425158690548842
C_CENTERCONTROL:0.4226891902760361
C_DEVELOPPIECES:0.49924758409915415
C_MATERIAL:0.5694557234902338
