ELO:951
CE_PASSEDPAWNS:0.5111274441180816
CE_PAWNWEAKNESSES:0.42325354516264385
CE_PIECEACTIVITY:0.5344506293827844
CE_KINGPAWNSHIELD:0.5384182740358443
CE_PIECECOORDINATION:0.47546175417255254
CE_MATERIAL:0.5770008470046114
CE_KINGSAFETY:0.46603070311989503
C_PIECESQUARETABLES:0.481745834036355
C_MOBILITY:0.5603341599804702
C_KINGSAFETY:0.478274479326556
C_PAWNSTRUCTURE:0.4747952678630438
C_PIECECOORDINATION:0.4907947174218724
C_ROOKANDPAWNMOVEMENT:0.4907947174218724
C_CENTERCONTROL:0.6201343526795063
C_DEVELOPPIECES:0.5224865127814688
C_MATERIAL:0.3761266828425595
