ELO:1005
CE_PASSEDPAWNS:0.5248619628099709
CE_PAWNWEAKNESSES:0.5023671154484513
CE_PIECEACTIVITY:0.5047139984031866
CE_KINGPAWNSHIELD:0.5015344094069454
CE_PIECECOORDINATION:0.5080081785316549
CE_MATERIAL:0.4856398052041768
CE_KINGSAFETY:0.5022898200512772
C_PIECESQUARETABLES:0.5
C_MOBILITY:0.5078847660022714
C_KINGSAFETY:0.48760421906319956
C_PAWNSTRUCTURE:0.5084365287501169
C_PIECECOORDINATION:0.4992090694698783
C_ROOK:0.4955225921970349
CE_ROOK:0.48499253174775464
C_CENTERCONTROL:0.49982403789115903
C_DEVELOPPIECES:0.47556151963497695
C_MATERIAL:0.48856032298767915
C_MOVECOUNT:0.47689845474745257
C_PAWNMOVEMENT:0.5016220397717019
