ELO:1055
CE_PASSEDPAWNS:0.5347416359393783
CE_PAWNWEAKNESSES:0.49441264483531816
CE_PIECEACTIVITY:0.49702535401778575
CE_KINGPAWNSHIELD:0.5107714070863236
CE_PIECECOORDINATION:0.503640349052995
CE_MATERIAL:0.4783008706889524
CE_KINGSAFETY:0.5
C_PIECESQUARETABLES:0.5
C_MOBILITY:0.5
C_KINGSAFETY:0.5042051878248334
C_PAWNSTRUCTURE:0.5
C_PIECECOORDINATION:0.5328339974409297
C_ROOK:0.4908040969293647
CE_ROOK:0.5085813513042079
C_CENTERCONTROL:0.4869144050227749
C_DEVELOPPIECES:0.5008416445546856
C_MATERIAL:0.4856094113441688
C_MOVECOUNT:0.4855472504276063
C_PAWNMOVEMENT:0.4992795389654028
