ELO:989
CE_PASSEDPAWNS:0.3671258369474086
CE_PAWNWEAKNESSES:0.517255876877741
CE_PIECEACTIVITY:0.5594978002495871
CE_KINGPAWNSHIELD:0.4714188022420467
CE_PIECECOORDINATION:0.46842657173084346
CE_MATERIAL:0.5125313430690898
CE_KINGSAFETY:0.4958271230225186
C_PIECESQUARETABLES:0.5023636312543656
C_MOBILITY:0.503081102199879
C_KINGSAFETY:0.5461360763176408
C_PAWNSTRUCTURE:0.320143081501094
C_PIECECOORDINATION:0.4468798033298093
C_ROOKANDPAWNMOVEMENT:0.4468798033298093
C_CENTERCONTROL:0.3520401206373185
C_DEVELOPPIECES:0.4719889071645223
C_MATERIAL:0.6754491850202787
