ELO:1000
CE_PASSEDPAWNS:0.5192620912652758
CE_PAWNWEAKNESSES:0.5045992809372289
CE_PIECEACTIVITY:0.5038639997248388
CE_KINGPAWNSHIELD:0.5346897278995233
CE_PIECECOORDINATION:0.5073341070281885
CE_MATERIAL:0.49659661510881614
CE_KINGSAFETY:0.4856501918064183
C_PIECESQUARETABLES:0.49031059557001755
C_MOBILITY:0.49152881435491724
C_KINGSAFETY:0.47949488744629165
C_PAWNSTRUCTURE:0.5
C_PIECECOORDINATION:0.503180050206735
C_ROOKANDPAWNMOVEMENT:0.503180050206735
C_CENTERCONTROL:0.5011462630798827
C_DEVELOPPIECES:0.4836768483333247
C_MATERIAL:0.5075803004246963
