ELO:986
CE_PASSEDPAWNS:0.48548285885544534
CE_PAWNWEAKNESSES:0.5048332140591073
CE_PIECEACTIVITY:0.5098567811919592
CE_KINGPAWNSHIELD:0.49244327453084624
CE_PIECECOORDINATION:0.5
CE_MATERIAL:0.5
CE_KINGSAFETY:0.5010486491990404
C_PIECESQUARETABLES:0.5121779862898836
C_MOBILITY:0.4808506780432626
C_KINGSAFETY:0.5
C_PAWNSTRUCTURE:0.4970658702832782
C_PIECECOORDINATION:0.48672377653329696
C_ROOK:0.5
CE_ROOK:0.5
C_CENTERCONTROL:0.5199745750438736
C_DEVELOPPIECES:0.5
C_MATERIAL:0.5051950523838865
C_MOVECOUNT:0.5177108239624646
C_PAWNMOVEMENT:0.5026314366422048
