ELO:1003
CE_PASSEDPAWNS:0.47251230785485526
CE_PAWNWEAKNESSES:0.45164476711996415
CE_PIECEACTIVITY:0.4265783011558085
CE_KINGPAWNSHIELD:0.5007170285227978
CE_PIECECOORDINATION:0.5563828534619079
CE_MATERIAL:0.44995635503921705
CE_KINGSAFETY:0.5446591818612184
C_PIECESQUARETABLES:0.5488680360820613
C_MOBILITY:0.4893166993589801
C_KINGSAFETY:0.5438005185070424
C_PAWNSTRUCTURE:0.4590314639099619
C_PIECECOORDINATION:0.4348331308740398
C_ROOKANDPAWNMOVEMENT:0.4348331308740398
C_CENTERCONTROL:0.44493734614065994
C_DEVELOPPIECES:0.482007900418054
C_MATERIAL:0.555377392570034
