ELO:950
CE_PASSEDPAWNS:0.4908451058822203
CE_PAWNWEAKNESSES:0.5105788433287219
CE_PIECEACTIVITY:0.45455748340884244
CE_KINGPAWNSHIELD:0.5
CE_PIECECOORDINATION:0.5
CE_MATERIAL:0.5209355451355546
CE_KINGSAFETY:0.5124583341587806
C_PIECESQUARETABLES:0.49883096421241596
C_MOBILITY:0.5212842372189
C_KINGSAFETY:0.4874081480110733
C_PAWNSTRUCTURE:0.4902398542648217
C_PIECECOORDINATION:0.4882224772510221
C_ROOKANDPAWNMOVEMENT:0.4882224772510221
C_CENTERCONTROL:0.5172554206975123
C_DEVELOPPIECES:0.4843179716113861
C_MATERIAL:0.5322074031377027
C_MOVECOUNT:0.5
