ELO:828
CE_PASSEDPAWNS:0.5006823733826763
CE_PAWNWEAKNESSES:0.47492587322088925
CE_PIECEACTIVITY:0.32874705541795884
CE_KINGPAWNSHIELD:0.42752644805945184
CE_PIECECOORDINATION:0.4989640512818167
CE_MATERIAL:0.4917149042604198
CE_KINGSAFETY:0.4734261644218885
C_PIECESQUARETABLES:0.5144381689184065
C_MOBILITY:0.4838798463410958
C_KINGSAFETY:0.3864362169324423
C_PAWNSTRUCTURE:0.5152388961891456
C_PIECECOORDINATION:0.4263657441039939
C_ROOKANDPAWNMOVEMENT:0.4263657441039939
C_CENTERCONTROL:0.49514485589009694
C_DEVELOPPIECES:0.44397187272009314
C_MATERIAL:0.4602312309351342
