ELO:961
CE_PASSEDPAWNS:0.47549882838452195
CE_PAWNWEAKNESSES:0.5400154917076967
CE_PIECEACTIVITY:0.406411558242202
CE_KINGPAWNSHIELD:0.3952030751534424
CE_PIECECOORDINATION:0.4587486146603152
CE_MATERIAL:0.3889811691544052
CE_KINGSAFETY:0.5
C_PIECESQUARETABLES:0.5
C_MOBILITY:0.5289376434402492
C_KINGSAFETY:0.5297751966667983
C_PAWNSTRUCTURE:0.4358171946757904
C_PIECECOORDINATION:0.47749219396852627
C_ROOKANDPAWNMOVEMENT:0.47749219396852627
C_CENTERCONTROL:0.4171170407000416
C_DEVELOPPIECES:0.472181660584838
C_MATERIAL:0.5849294885927488
