ELO:1011
CE_PASSEDPAWNS:0.5
CE_PAWNWEAKNESSES:0.5
CE_PIECEACTIVITY:0.5
CE_KINGPAWNSHIELD:0.5
CE_PIECECOORDINATION:0.5
CE_MATERIAL:0.5
CE_KINGSAFETY:0.5
C_PIECESQUARETABLES:0.5
C_MOBILITY:0.5
C_KINGSAFETY:0.5
C_PAWNSTRUCTURE:0.5
C_PIECECOORDINATION:0.510384696333249
C_ROOK:0.49302113446756246
CE_ROOK:0.4981899573446161
C_CENTERCONTROL:0.5
C_DEVELOPPIECES:0.4904810240366819
C_MATERIAL:0.49630257389885457
C_MOVECOUNT:0.5025186591504032
C_PAWNMOVEMENT:0.5
