ELO:993
CE_PASSEDPAWNS:0.4809560608152015
CE_PAWNWEAKNESSES:0.441117146989299
CE_PIECEACTIVITY:0.43124285508524
CE_KINGPAWNSHIELD:0.48776369624968335
CE_PIECECOORDINATION:0.5596193569623484
CE_MATERIAL:0.4376774760940868
CE_KINGSAFETY:0.5446591818612184
C_PIECESQUARETABLES:0.5586330622855125
C_MOBILITY:0.48206431855205817
C_KINGSAFETY:0.5352960676232419
C_PAWNSTRUCTURE:0.4542087890236626
C_PIECECOORDINATION:0.44400777852698875
C_ROOKANDPAWNMOVEMENT:0.44400777852698875
C_CENTERCONTROL:0.4347432414678724
C_DEVELOPPIECES:0.4881122272445274
C_MATERIAL:0.5335114020064569
