ELO:1017
CE_PASSEDPAWNS:0.48979138836168784
CE_PAWNWEAKNESSES:0.5080169082296273
CE_PIECEACTIVITY:0.5
CE_KINGPAWNSHIELD:0.5
CE_PIECECOORDINATION:0.5
CE_MATERIAL:0.5
CE_KINGSAFETY:0.5
C_PIECESQUARETABLES:0.5
C_MOBILITY:0.5044684035298928
C_KINGSAFETY:0.48850202232521117
C_PAWNSTRUCTURE:0.4936957436278755
C_PIECECOORDINATION:0.5
C_ROOKANDPAWNMOVEMENT:0.5
C_CENTERCONTROL:0.5
C_DEVELOPPIECES:0.49035514644784883
C_MATERIAL:0.5
C_MOVECOUNT:0.5111396762360922
