ELO:904
CE_PASSEDPAWNS:0.4439278581142804
CE_PAWNWEAKNESSES:0.5091961833313075
CE_PIECEACTIVITY:0.5103765552927721
CE_KINGPAWNSHIELD:0.4652698829668213
CE_PIECECOORDINATION:0.5167066463738328
CE_MATERIAL:0.5005310730839743
CE_KINGSAFETY:0.4773105464171367
C_PIECESQUARETABLES:0.540916793630939
C_MOBILITY:0.5389114343126206
C_KINGSAFETY:0.5068703007865061
C_PAWNSTRUCTURE:0.5142643051011869
C_PIECECOORDINATION:0.49603845767788374
C_ROOKANDPAWNMOVEMENT:0.49603845767788374
C_CENTERCONTROL:0.5201337410627729
C_DEVELOPPIECES:0.5039485030183214
C_MATERIAL:0.5442707929898454
C_MOVECOUNT:0.5
