ELO:959
CE_PASSEDPAWNS:0.49371145645663816
CE_PAWNWEAKNESSES:0.5132386119595355
CE_PIECEACTIVITY:0.4907552156060949
CE_KINGPAWNSHIELD:0.5
CE_PIECECOORDINATION:0.5272602449143463
CE_MATERIAL:0.47897521300137325
CE_KINGSAFETY:0.49131437863206356
C_PIECESQUARETABLES:0.4901205685403123
C_MOBILITY:0.5134312307866423
C_KINGSAFETY:0.5
C_PAWNSTRUCTURE:0.47809660693104833
C_PIECECOORDINATION:0.4774786357333034
C_ROOKANDPAWNMOVEMENT:0.4774786357333034
C_CENTERCONTROL:0.5139190581148743
C_DEVELOPPIECES:0.48809396513918923
C_MATERIAL:0.5
C_MOVECOUNT:0.5
