ELO:1004
CE_PASSEDPAWNS:0.5133198195500795
CE_PAWNWEAKNESSES:0.5094141669861277
CE_PIECEACTIVITY:0.48478398132119294
CE_KINGPAWNSHIELD:0.49517906382531923
CE_PIECECOORDINATION:0.510326754828699
CE_MATERIAL:0.4788165572348721
CE_KINGSAFETY:0.5043025470100274
C_PIECESQUARETABLES:0.502746390422016
C_MOBILITY:0.5156328938350931
C_KINGSAFETY:0.4995765928745827
C_PAWNSTRUCTURE:0.5
C_PIECECOORDINATION:0.5
C_ROOKANDPAWNMOVEMENT:0.5
C_CENTERCONTROL:0.5060422929241774
C_DEVELOPPIECES:0.5
C_MATERIAL:0.5032033109355711
C_MOVECOUNT:0.5
