ELO:848
CE_PASSEDPAWNS:0.571052378657189
CE_PAWNWEAKNESSES:0.51356798708135
CE_PIECEACTIVITY:0.41787074769734683
CE_KINGPAWNSHIELD:0.4814083271673987
CE_PIECECOORDINATION:0.5686389377069135
CE_MATERIAL:0.4985085750908758
CE_KINGSAFETY:0.5336936717264633
C_PIECESQUARETABLES:0.47931034613733453
C_MOBILITY:0.5610509155675008
C_KINGSAFETY:0.56282778098529
C_PAWNSTRUCTURE:0.4577822985598002
C_PIECECOORDINATION:0.4256704944428259
C_ROOKANDPAWNMOVEMENT:0.4256704944428259
C_CENTERCONTROL:0.44705046043623264
C_DEVELOPPIECES:0.3900149197456165
C_MATERIAL:0.5039357487392027
C_MOVECOUNT:0.5
