ELO:1002
CE_PASSEDPAWNS:0.45225117839614504
CE_PAWNWEAKNESSES:0.5103654658253196
CE_PIECEACTIVITY:0.48317829284008695
CE_KINGPAWNSHIELD:0.488211101535206
CE_PIECECOORDINATION:0.5108140148572773
CE_MATERIAL:0.5310752986766782
CE_KINGSAFETY:0.5
C_PIECESQUARETABLES:0.5
C_MOBILITY:0.5115877395977624
C_KINGSAFETY:0.4835655039547009
C_PAWNSTRUCTURE:0.5014122474366084
C_PIECECOORDINATION:0.5394880010382141
C_ROOK:0.4525670210836135
CE_ROOK:0.4958718687459351
C_CENTERCONTROL:0.5029010550684012
C_DEVELOPPIECES:0.5336521288724477
C_MATERIAL:0.47542386456521446
C_MOVECOUNT:0.4901162367882354
C_PAWNMOVEMENT:0.5194704816714659
