ELO:978
CE_PASSEDPAWNS:0.5107472982650311
CE_PAWNWEAKNESSES:0.505966648492306
CE_PIECEACTIVITY:0.470234154966609
CE_KINGPAWNSHIELD:0.49882831569513875
CE_PIECECOORDINATION:0.523347111000539
CE_MATERIAL:0.49122761397053655
CE_KINGSAFETY:0.5166227691852484
C_PIECESQUARETABLES:0.5104536898355813
C_MOBILITY:0.5119777476462124
C_KINGSAFETY:0.5
C_PAWNSTRUCTURE:0.4969658149473775
C_PIECECOORDINATION:0.5023551051093436
C_ROOKANDPAWNMOVEMENT:0.5023551051093436
C_CENTERCONTROL:0.4989833155425164
C_DEVELOPPIECES:0.508303243939965
C_MATERIAL:0.48380620886113845
C_MOVECOUNT:0.5
