ELO:940
CE_PASSEDPAWNS:0.4778536199966199
CE_PAWNWEAKNESSES:0.49236929540923763
CE_PIECEACTIVITY:0.5046425785249179
CE_KINGPAWNSHIELD:0.4476422316794571
CE_PIECECOORDINATION:0.48685913223246924
CE_MATERIAL:0.48618423821957607
CE_KINGSAFETY:0.4567951737537629
C_PIECESQUARETABLES:0.49832723208934365
C_MOBILITY:0.5080685295776882
C_KINGSAFETY:0.485533354374852
C_PAWNSTRUCTURE:0.523319948397298
C_PIECECOORDINATION:0.47454052724678125
C_ROOKANDPAWNMOVEMENT:0.47454052724678125
C_CENTERCONTROL:0.45874524225506136
C_DEVELOPPIECES:0.47932872572538054
C_MATERIAL:0.5262798747794031
C_MOVECOUNT:0.5
