ELO:991
CE_PASSEDPAWNS:0.47888369601474173
CE_PAWNWEAKNESSES:0.4967705660784614
CE_PIECEACTIVITY:0.5001890210046652
CE_KINGPAWNSHIELD:0.5189930643699854
CE_PIECECOORDINATION:0.5053889601181438
CE_MATERIAL:0.4955884179163603
CE_KINGSAFETY:0.5
C_PIECESQUARETABLES:0.5042955846597986
C_MOBILITY:0.5043290271374015
C_KINGSAFETY:0.5410877137998403
C_PAWNSTRUCTURE:0.5213718013389623
C_PIECECOORDINATION:0.5035116446607941
C_ROOK:0.49274805283965367
CE_ROOK:0.4957198029167821
C_CENTERCONTROL:0.4862506863673718
C_DEVELOPPIECES:0.49476553673479035
C_MATERIAL:0.4995292614931071
C_MOVECOUNT:0.4924833250386437
C_PAWNMOVEMENT:0.5063105680922276
