ELO:1032
CE_PASSEDPAWNS:0.5066270449685104
CE_PAWNWEAKNESSES:0.4773770110142628
CE_PIECEACTIVITY:0.5061678211637165
CE_KINGPAWNSHIELD:0.4818929993370571
CE_PIECECOORDINATION:0.49964702934685445
CE_MATERIAL:0.5
CE_KINGSAFETY:0.5
C_PIECESQUARETABLES:0.5
C_MOBILITY:0.4879524060363921
C_KINGSAFETY:0.48760421906319956
C_PAWNSTRUCTURE:0.5137532917762233
C_PIECECOORDINATION:0.5101602699484833
C_ROOK:0.505855737548092
CE_ROOK:0.502191340080061
C_CENTERCONTROL:0.4869144050227749
C_DEVELOPPIECES:0.5
C_MATERIAL:0.5205561432492856
C_MOVECOUNT:0.5013822226200452
C_PAWNMOVEMENT:0.47753126425553616
