ELO:1050
CE_PASSEDPAWNS:0.5123831151769884
CE_PAWNWEAKNESSES:0.49441264483531816
CE_PIECEACTIVITY:0.5130995520551449
CE_KINGPAWNSHIELD:0.4855567023778074
CE_PIECECOORDINATION:0.4673311413406331
CE_MATERIAL:0.4974477316404982
CE_KINGSAFETY:0.5
C_PIECESQUARETABLES:0.5
C_MOBILITY:0.4330686462875857
C_KINGSAFETY:0.5076948921057516
C_PAWNSTRUCTURE:0.49677725629861014
C_PIECECOORDINATION:0.5256317355684392
C_ROOK:0.5
CE_ROOK:0.485503642279331
C_CENTERCONTROL:0.48062616958380644
C_DEVELOPPIECES:0.5164134484523054
C_MATERIAL:0.5013109468164912
C_MOVECOUNT:0.5113318730333895
C_PAWNMOVEMENT:0.5033128708409863
