ELO:978
CE_PASSEDPAWNS:0.47888369601474173
CE_PAWNWEAKNESSES:0.4967705660784614
CE_PIECEACTIVITY:0.5001890210046652
CE_KINGPAWNSHIELD:0.5103321759193968
CE_PIECECOORDINATION:0.4958681360422858
CE_MATERIAL:0.4955884179163603
CE_KINGSAFETY:0.5007424274579969
C_PIECESQUARETABLES:0.5042955846597986
C_MOBILITY:0.5044966327630473
C_KINGSAFETY:0.5410877137998403
C_PAWNSTRUCTURE:0.5253420910876601
C_PIECECOORDINATION:0.5035116446607941
C_ROOK:0.4877316225496821
CE_ROOK:0.4908306271722302
C_CENTERCONTROL:0.4862506863673718
C_DEVELOPPIECES:0.49476553673479035
C_MATERIAL:0.4995292614931071
C_MOVECOUNT:0.4924833250386437
C_PAWNMOVEMENT:0.49503327005609055
