ELO:850
CE_PASSEDPAWNS:0.46085334347096313
CE_PAWNWEAKNESSES:0.47590015193727975
CE_PIECEACTIVITY:0.4448107874621232
CE_KINGPAWNSHIELD:0.47530879064723974
CE_PIECECOORDINATION:0.5214567055457642
CE_MATERIAL:0.44958125314290015
CE_KINGSAFETY:0.5293343023798693
C_PIECESQUARETABLES:0.5239972237680882
C_MOBILITY:0.504016232585025
C_KINGSAFETY:0.522319464425839
C_PAWNSTRUCTURE:0.4926089956625851
C_PIECECOORDINATION:0.4999669955574572
C_ROOKANDPAWNMOVEMENT:0.4999669955574572
C_CENTERCONTROL:0.5131896940702706
C_DEVELOPPIECES:0.5572476909046999
C_MATERIAL:0.48273031403416533
C_MOVECOUNT:0.5
