ELO:1008
CE_PASSEDPAWNS:0.505066722001501
CE_PAWNWEAKNESSES:0.5
CE_PIECEACTIVITY:0.4969531266490603
CE_KINGPAWNSHIELD:0.503592194861035
CE_PIECECOORDINATION:0.49961294441154747
CE_MATERIAL:0.4922840215466089
CE_KINGSAFETY:0.5
C_PIECESQUARETABLES:0.5
C_MOBILITY:0.4861780865404424
C_KINGSAFETY:0.48866814504154515
C_PAWNSTRUCTURE:0.5106871229328716
C_PIECECOORDINATION:0.5035827917225626
C_ROOKANDPAWNMOVEMENT:0.5035827917225626
C_CENTERCONTROL:0.4845568320440864
C_DEVELOPPIECES:0.48651319263339915
C_MATERIAL:0.5192840495251796
C_MOVECOUNT:0.5058625302964954
