ELO:1058
CE_PASSEDPAWNS:0.48944242815961686
CE_PAWNWEAKNESSES:0.48352035199329985
CE_PIECEACTIVITY:0.5130995520551449
CE_KINGPAWNSHIELD:0.5305970176702418
CE_PIECECOORDINATION:0.4991222514114215
CE_MATERIAL:0.46275865749933687
CE_KINGSAFETY:0.5
C_PIECESQUARETABLES:0.5
C_MOBILITY:0.4984177026253114
C_KINGSAFETY:0.4811413664804936
C_PAWNSTRUCTURE:0.5173756872893983
C_PIECECOORDINATION:0.5256317355684392
C_ROOK:0.5128654996140453
CE_ROOK:0.4981899573446161
C_CENTERCONTROL:0.46737685781135413
C_DEVELOPPIECES:0.5164134484523054
C_MATERIAL:0.46758995477125365
C_MOVECOUNT:0.4846707064941805
C_PAWNMOVEMENT:0.4838227332416634
