ELO:966
CE_PASSEDPAWNS:0.5111612482014477
CE_PAWNWEAKNESSES:0.47244624841150573
CE_PIECEACTIVITY:0.4994374295276886
CE_KINGPAWNSHIELD:0.49951143089744315
CE_PIECECOORDINATION:0.46323343889264756
CE_MATERIAL:0.5594021890134698
CE_KINGSAFETY:0.5
C_PIECESQUARETABLES:0.5049988988232459
C_MOBILITY:0.43207696508871124
C_KINGSAFETY:0.529721015313759
C_PAWNSTRUCTURE:0.5298367282796058
C_PIECECOORDINATION:0.5564474843618405
C_ROOKANDPAWNMOVEMENT:0.5564474843618405
C_CENTERCONTROL:0.4972201378778961
C_DEVELOPPIECES:0.5011960853670596
C_MATERIAL:0.5544845280778435
