ELO:937
CE_PASSEDPAWNS:0.531709064631393
CE_PAWNWEAKNESSES:0.47667598747069384
CE_PIECEACTIVITY:0.4836650266989486
CE_KINGPAWNSHIELD:0.5214009689137711
CE_PIECECOORDINATION:0.5266031359241443
CE_MATERIAL:0.4671549848677111
CE_KINGSAFETY:0.5451416618414262
C_PIECESQUARETABLES:0.4769240379535226
C_MOBILITY:0.5096458926902306
C_KINGSAFETY:0.5049868417676044
C_PAWNSTRUCTURE:0.5115050267281376
C_PIECECOORDINATION:0.49492980027753564
C_ROOKANDPAWNMOVEMENT:0.49492980027753564
C_CENTERCONTROL:0.5095479578190255
C_DEVELOPPIECES:0.484955348087878
C_MATERIAL:0.5161273904642956
C_MOVECOUNT:0.5
