ELO:1089
CE_PASSEDPAWNS:0.6216628427623379
CE_PAWNWEAKNESSES:0.4913955703625296
CE_PIECEACTIVITY:0.480642980300407
CE_KINGPAWNSHIELD:0.4868248560684089
CE_PIECECOORDINATION:0.48805030302741925
CE_MATERIAL:0.45398262924940724
CE_KINGSAFETY:0.5
C_PIECESQUARETABLES:0.5
C_MOBILITY:0.4232526512850077
C_KINGSAFETY:0.4973081564899206
C_PAWNSTRUCTURE:0.41159374709656454
C_PIECECOORDINATION:0.47863206872267633
C_ROOKANDPAWNMOVEMENT:0.47863206872267633
C_CENTERCONTROL:0.5241516181776379
C_DEVELOPPIECES:0.5757913049809192
C_MATERIAL:0.4214563339269243
