ELO:922
CE_PASSEDPAWNS:0.561850353208194
CE_PAWNWEAKNESSES:0.5516183697648988
CE_PIECEACTIVITY:0.5293659976288672
CE_KINGPAWNSHIELD:0.546448551652387
CE_PIECECOORDINATION:0.420727768519066
CE_MATERIAL:0.44014874828173634
CE_KINGSAFETY:0.5438583276057865
C_PIECESQUARETABLES:0.5142968357290424
C_MOBILITY:0.4406753217325229
C_KINGSAFETY:0.5719860206752421
C_PAWNSTRUCTURE:0.47668127478144434
C_PIECECOORDINATION:0.5611213523622712
C_ROOKANDPAWNMOVEMENT:0.5611213523622712
C_CENTERCONTROL:0.39188528236563136
C_DEVELOPPIECES:0.5520806950407888
C_MATERIAL:0.5259844191966957
