ELO:964
CE_PASSEDPAWNS:0.493998976011007
CE_PAWNWEAKNESSES:0.5030466183594516
CE_PIECEACTIVITY:0.5046425785249179
CE_KINGPAWNSHIELD:0.43296098923375365
CE_PIECECOORDINATION:0.5054081294370155
CE_MATERIAL:0.4591792305384987
CE_KINGSAFETY:0.4506038688801816
C_PIECESQUARETABLES:0.48643387241277053
C_MOBILITY:0.49932398381271764
C_KINGSAFETY:0.5035649271379128
C_PAWNSTRUCTURE:0.5146214726391215
C_PIECECOORDINATION:0.4727009921979889
C_ROOKANDPAWNMOVEMENT:0.4727009921979889
C_CENTERCONTROL:0.448468308425106
C_DEVELOPPIECES:0.49867203509948493
C_MATERIAL:0.5244124547821325
C_MOVECOUNT:0.5
