ELO:1012
CE_PASSEDPAWNS:0.507689357288366
CE_PAWNWEAKNESSES:0.5
CE_PIECEACTIVITY:0.48238532274582246
CE_KINGPAWNSHIELD:0.5
CE_PIECECOORDINATION:0.5063049810598831
CE_MATERIAL:0.5
CE_KINGSAFETY:0.5
C_PIECESQUARETABLES:0.5
C_MOBILITY:0.5
C_KINGSAFETY:0.5006633870482766
C_PAWNSTRUCTURE:0.5
C_PIECECOORDINATION:0.5
C_ROOKANDPAWNMOVEMENT:0.5
C_CENTERCONTROL:0.4968718045949295
C_DEVELOPPIECES:0.5
C_MATERIAL:0.5
C_MOVECOUNT:0.5038728948902704
