ELO:1000
CE_PASSEDPAWNS:0.4875747347962062
CE_PAWNWEAKNESSES:0.5006684795704907
CE_PIECEACTIVITY:0.49516367709566317
CE_KINGPAWNSHIELD:0.4940923582561369
CE_PIECECOORDINATION:0.49226092982632375
CE_MATERIAL:0.515567474267148
CE_KINGSAFETY:0.49989319118355835
C_PIECESQUARETABLES:0.5333309291063172
C_MOBILITY:0.5092366844269435
C_KINGSAFETY:0.5058662662874255
C_PAWNSTRUCTURE:0.5131326598369806
C_PIECECOORDINATION:0.5218651901648524
C_ROOKANDPAWNMOVEMENT:0.5218651901648524
C_CENTERCONTROL:0.48304584882219276
C_DEVELOPPIECES:0.47261448777120013
C_MATERIAL:0.5178910213950997
