ELO:981
CE_PASSEDPAWNS:0.48974182549978157
CE_PAWNWEAKNESSES:0.48587622818480136
CE_PIECEACTIVITY:0.49981194150113084
CE_KINGPAWNSHIELD:0.5080363633987031
CE_PIECECOORDINATION:0.5096155886149901
CE_MATERIAL:0.49338586358901915
CE_KINGSAFETY:0.5144484157209005
C_PIECESQUARETABLES:0.5100820830358828
C_MOBILITY:0.4997780749640845
C_KINGSAFETY:0.48485978995493734
C_PAWNSTRUCTURE:0.4927499919706872
C_PIECECOORDINATION:0.508479549015412
C_ROOKANDPAWNMOVEMENT:0.508479549015412
C_CENTERCONTROL:0.5021932062301926
C_DEVELOPPIECES:0.5197333248928087
C_MATERIAL:0.5
C_MOVECOUNT:0.49338966708920995
