ELO:1009
CE_PASSEDPAWNS:0.4780246459236774
CE_PAWNWEAKNESSES:0.513316102629144
CE_PIECEACTIVITY:0.5054269034939335
CE_KINGPAWNSHIELD:0.541125425319214
CE_PIECECOORDINATION:0.519357377125772
CE_MATERIAL:0.5157412594743321
CE_KINGSAFETY:0.5
C_PIECESQUARETABLES:0.5
C_MOBILITY:0.505660742160286
C_KINGSAFETY:0.5014489995702224
C_PAWNSTRUCTURE:0.5133292092187679
C_PIECECOORDINATION:0.5101602699484833
C_ROOK:0.47018773140057396
CE_ROOK:0.5165738715399061
C_CENTERCONTROL:0.5043711180257453
C_DEVELOPPIECES:0.47556151963497695
C_MATERIAL:0.5011939301347549
C_MOVECOUNT:0.4691021676539432
C_PAWNMOVEMENT:0.47665429700056966
