ELO:969
CE_PASSEDPAWNS:0.5246303024811939
CE_PAWNWEAKNESSES:0.49173642464915457
CE_PIECEACTIVITY:0.5152866046433899
CE_KINGPAWNSHIELD:0.547381898408608
CE_PIECECOORDINATION:0.4685739040955481
CE_MATERIAL:0.46067268104428627
CE_KINGSAFETY:0.5054572864217807
C_PIECESQUARETABLES:0.44393332873163244
C_MOBILITY:0.4877819005868026
C_KINGSAFETY:0.5157440110984932
C_PAWNSTRUCTURE:0.525789772181661
C_PIECECOORDINATION:0.6196385294804129
C_ROOKANDPAWNMOVEMENT:0.6196385294804129
C_CENTERCONTROL:0.44119508849493094
C_DEVELOPPIECES:0.4917752327343187
C_MATERIAL:0.5002065336670857
