ELO:1000
CE_PASSEDPAWNS:0.4875747347962062
CE_PAWNWEAKNESSES:0.5131329653984521
CE_PIECEACTIVITY:0.49385251480645415
CE_KINGPAWNSHIELD:0.4940923582561369
CE_PIECECOORDINATION:0.4994647365684725
CE_MATERIAL:0.5009201283734372
CE_KINGSAFETY:0.49713683926196345
C_PIECESQUARETABLES:0.5333309291063172
C_MOBILITY:0.5092366844269435
C_KINGSAFETY:0.47335973284912125
C_PAWNSTRUCTURE:0.5064373062571759
C_PIECECOORDINATION:0.5218651901648524
C_ROOKANDPAWNMOVEMENT:0.5218651901648524
C_CENTERCONTROL:0.4779169147019159
C_DEVELOPPIECES:0.4729973082141764
C_MATERIAL:0.5202342793799598
