ELO:999
CE_PASSEDPAWNS:0.5107472982650311
CE_PAWNWEAKNESSES:0.5
CE_PIECEACTIVITY:0.5077822936940308
CE_KINGPAWNSHIELD:0.49882831569513875
CE_PIECECOORDINATION:0.5109135866822184
CE_MATERIAL:0.49115965621287505
CE_KINGSAFETY:0.4592681365863267
C_PIECESQUARETABLES:0.4957005556483435
C_MOBILITY:0.5
C_KINGSAFETY:0.5134909820668194
C_PAWNSTRUCTURE:0.5021549907607883
C_PIECECOORDINATION:0.5
C_ROOKANDPAWNMOVEMENT:0.5
C_CENTERCONTROL:0.48678686379988306
C_DEVELOPPIECES:0.5007072853695
C_MATERIAL:0.5172940977059526
C_MOVECOUNT:0.5
