ELO:1011
CE_PASSEDPAWNS:0.507689357288366
CE_PAWNWEAKNESSES:0.5124756532578099
CE_PIECEACTIVITY:0.5120670397090943
CE_KINGPAWNSHIELD:0.5
CE_PIECECOORDINATION:0.5
CE_MATERIAL:0.4944233188705516
CE_KINGSAFETY:0.5
C_PIECESQUARETABLES:0.5
C_MOBILITY:0.5
C_KINGSAFETY:0.5006633870482766
C_PAWNSTRUCTURE:0.5
C_PIECECOORDINATION:0.5
C_ROOKANDPAWNMOVEMENT:0.5
C_CENTERCONTROL:0.4919730216523486
C_DEVELOPPIECES:0.4930563198101012
C_MATERIAL:0.4900448986752461
C_MOVECOUNT:0.48777373039802385
