ELO:1091
CE_PASSEDPAWNS:0.5043971454661136
CE_PAWNWEAKNESSES:0.5
CE_PIECEACTIVITY:0.5227669629064545
CE_KINGPAWNSHIELD:0.49619851742589915
CE_PIECECOORDINATION:0.5005688860707546
CE_MATERIAL:0.5097203310523631
CE_KINGSAFETY:0.4981164475506245
C_PIECESQUARETABLES:0.4968429269638394
C_MOBILITY:0.5065587920479386
C_KINGSAFETY:0.4899620064942797
C_PAWNSTRUCTURE:0.4952197972148292
C_PIECECOORDINATION:0.4990970049786903
C_ROOKANDPAWNMOVEMENT:0.4990970049786903
C_CENTERCONTROL:0.49859980135396315
C_DEVELOPPIECES:0.4937604411263292
C_MATERIAL:0.5
