ELO:588
CE_PASSEDPAWNS:0.5525952729370263
CE_PAWNWEAKNESSES:0.5783560715468544
CE_PIECEACTIVITY:0.36887533455452454
CE_KINGPAWNSHIELD:0.42551557667196105
CE_PIECECOORDINATION:0.6064049051304482
CE_MATERIAL:0.576029085463916
CE_KINGSAFETY:0.5580552146278532
C_PIECESQUARETABLES:0.5290114647549461
C_MOBILITY:0.6080701271059384
C_KINGSAFETY:0.566291612864203
C_PAWNSTRUCTURE:0.477586991508536
C_PIECECOORDINATION:0.48308546624288473
C_ROOKANDPAWNMOVEMENT:0.48308546624288473
C_CENTERCONTROL:0.46843905765886534
C_DEVELOPPIECES:0.3528161670265783
C_MATERIAL:0.47755257344280916
C_MOVECOUNT:0.525959631081699
