ELO:887
CE_PASSEDPAWNS:0.5621170880292656
CE_PAWNWEAKNESSES:0.53392542674643
CE_PIECEACTIVITY:0.552422906023267
CE_KINGPAWNSHIELD:0.5482706402155973
CE_PIECECOORDINATION:0.3965002754866174
CE_MATERIAL:0.47815381191978146
CE_KINGSAFETY:0.5211380917351942
C_PIECESQUARETABLES:0.49788323711768145
C_MOBILITY:0.4567410999926642
C_KINGSAFETY:0.5455778330430081
C_PAWNSTRUCTURE:0.47599843808843717
C_PIECECOORDINATION:0.5855843280080467
C_ROOKANDPAWNMOVEMENT:0.5855843280080467
C_CENTERCONTROL:0.4194423384869048
C_DEVELOPPIECES:0.5454060431524616
C_MATERIAL:0.5339952774572152
