ELO:871
CE_PASSEDPAWNS:0.42545045628536987
CE_PAWNWEAKNESSES:0.4831546939567342
CE_PIECEACTIVITY:0.44108505886278987
CE_KINGPAWNSHIELD:0.48928649229149707
CE_PIECECOORDINATION:0.523869664938967
CE_MATERIAL:0.4298128044919323
CE_KINGSAFETY:0.5193581072553152
C_PIECESQUARETABLES:0.5009459428990644
C_MOBILITY:0.5419716495075114
C_KINGSAFETY:0.5272120323039993
C_PAWNSTRUCTURE:0.47922080332005373
C_PIECECOORDINATION:0.4847360108647762
C_ROOKANDPAWNMOVEMENT:0.4847360108647762
C_CENTERCONTROL:0.49966932580573126
C_DEVELOPPIECES:0.5385568507768216
C_MATERIAL:0.4351999934281172
C_MOVECOUNT:0.5
