ELO:998
CE_PASSEDPAWNS:0.501653156133473
CE_PAWNWEAKNESSES:0.5077021475912102
CE_PIECEACTIVITY:0.47502382884947264
CE_KINGPAWNSHIELD:0.49299879150337816
CE_PIECECOORDINATION:0.5
CE_MATERIAL:0.5000075314524175
CE_KINGSAFETY:0.5
C_PIECESQUARETABLES:0.5
C_MOBILITY:0.5091363128232194
C_KINGSAFETY:0.5348406017796398
C_PAWNSTRUCTURE:0.49665051798173016
C_PIECECOORDINATION:0.49286673207864734
C_ROOK:0.5010166799229384
CE_ROOK:0.5048808036995535
C_CENTERCONTROL:0.4889410583722059
C_DEVELOPPIECES:0.5118088794294741
C_MATERIAL:0.502369340632347
C_MOVECOUNT:0.5030277283618313
C_PAWNMOVEMENT:0.5175330417782491
