ELO:802
CE_PASSEDPAWNS:0.5924351049194994
CE_PAWNWEAKNESSES:0.4818028988877758
CE_PIECEACTIVITY:0.47874600963821407
CE_KINGPAWNSHIELD:0.4957059163404802
CE_PIECECOORDINATION:0.4879607326302661
CE_MATERIAL:0.5166391217558093
CE_KINGSAFETY:0.46091733916977445
C_PIECESQUARETABLES:0.5213165547645691
C_MOBILITY:0.47096919961798983
C_KINGSAFETY:0.4756973283503143
C_PAWNSTRUCTURE:0.464141320839891
C_PIECECOORDINATION:0.5497169692786603
C_ROOKANDPAWNMOVEMENT:0.5497169692786603
C_CENTERCONTROL:0.5390660892385589
C_DEVELOPPIECES:0.4899781085179635
C_MATERIAL:0.4516434576140269
C_MOVECOUNT:0.5602678587846166
