ELO:1009
CE_PASSEDPAWNS:0.5
CE_PAWNWEAKNESSES:0.4879842543650721
CE_PIECEACTIVITY:0.5094087285050862
CE_KINGPAWNSHIELD:0.4968652120430399
CE_PIECECOORDINATION:0.5
CE_MATERIAL:0.5
CE_KINGSAFETY:0.48898611730651015
C_PIECESQUARETABLES:0.5
C_MOBILITY:0.5
C_KINGSAFETY:0.4987134115175351
C_PAWNSTRUCTURE:0.4917171385951467
C_PIECECOORDINATION:0.5
C_ROOK:0.5
CE_ROOK:0.5
C_CENTERCONTROL:0.5
C_DEVELOPPIECES:0.5
C_MATERIAL:0.5
C_MOVECOUNT:0.5114169404914042
C_PAWNMOVEMENT:0.5091539133710747
