ELO:848
CE_PASSEDPAWNS:0.5215272134082579
CE_PAWNWEAKNESSES:0.4808979822373705
CE_PIECEACTIVITY:0.5440292648104696
CE_KINGPAWNSHIELD:0.529884437246941
CE_PIECECOORDINATION:0.49098071308106433
CE_MATERIAL:0.4702592974728788
CE_KINGSAFETY:0.4759954310616002
C_PIECESQUARETABLES:0.5133371190203808
C_MOBILITY:0.5638803491550662
C_KINGSAFETY:0.45129099111688425
C_PAWNSTRUCTURE:0.5128765659577917
C_PIECECOORDINATION:0.5153118681047045
C_ROOKANDPAWNMOVEMENT:0.5153118681047045
C_CENTERCONTROL:0.545904855634892
C_DEVELOPPIECES:0.485281341547991
C_MATERIAL:0.5410239794865597
C_MOVECOUNT:0.5
