ELO:1000
CE_PASSEDPAWNS:0.4985711092756145
CE_PAWNWEAKNESSES:0.49545479326765085
CE_PIECEACTIVITY:0.4869829494506111
CE_KINGPAWNSHIELD:0.5
CE_PIECECOORDINATION:0.5
CE_MATERIAL:0.5023118400853803
CE_KINGSAFETY:0.4978077323388845
C_PIECESQUARETABLES:0.5108738530791788
C_MOBILITY:0.506749096641214
C_KINGSAFETY:0.5155569366831371
C_PAWNSTRUCTURE:0.4899694316695046
C_PIECECOORDINATION:0.49286673207864734
C_ROOK:0.5010166799229384
CE_ROOK:0.5105287987870453
C_CENTERCONTROL:0.5075645827955284
C_DEVELOPPIECES:0.505177742538454
C_MATERIAL:0.502369340632347
C_MOVECOUNT:0.4997393536908907
C_PAWNMOVEMENT:0.5005000547166131
