ELO:1000
CE_PASSEDPAWNS:0.5038394930627615
CE_PAWNWEAKNESSES:0.5319439386646535
CE_PIECEACTIVITY:0.5609212231148184
CE_KINGPAWNSHIELD:0.5082232500583128
CE_PIECECOORDINATION:0.5561777898623608
CE_MATERIAL:0.45877369521386147
CE_KINGSAFETY:0.48528251654857263
C_PIECESQUARETABLES:0.5026214402299416
C_MOBILITY:0.5392451770015927
C_KINGSAFETY:0.4560873193057809
C_PAWNSTRUCTURE:0.48616406273090734
C_PIECECOORDINATION:0.47652977667284063
C_ROOKANDPAWNMOVEMENT:0.47652977667284063
C_CENTERCONTROL:0.47256066178776346
C_DEVELOPPIECES:0.5065473219391816
C_MATERIAL:0.5338495832898758
