ELO:1028
CE_PASSEDPAWNS:0.525579181181223
CE_PAWNWEAKNESSES:0.5203184438790958
CE_PIECEACTIVITY:0.45880897928515724
CE_KINGPAWNSHIELD:0.5185170449056674
CE_PIECECOORDINATION:0.5792880196789686
CE_MATERIAL:0.5467226971906987
CE_KINGSAFETY:0.4367571277581027
C_PIECESQUARETABLES:0.47850007043403736
C_MOBILITY:0.39443261590187606
C_KINGSAFETY:0.38719224955997605
C_PAWNSTRUCTURE:0.5234516890173033
C_PIECECOORDINATION:0.4234593283068199
C_ROOKANDPAWNMOVEMENT:0.4234593283068199
C_CENTERCONTROL:0.4793888483941952
C_DEVELOPPIECES:0.48856926560854247
C_MATERIAL:0.4346165794354429
