ELO:988
CE_PASSEDPAWNS:0.5000962081996508
CE_PAWNWEAKNESSES:0.5086530027826172
CE_PIECEACTIVITY:0.5684232224570448
CE_KINGPAWNSHIELD:0.48371283314063984
CE_PIECECOORDINATION:0.46544225017118723
CE_MATERIAL:0.5010217792152368
CE_KINGSAFETY:0.4935815218542901
C_PIECESQUARETABLES:0.5
C_MOBILITY:0.4998454876423219
C_KINGSAFETY:0.5742475742575268
C_PAWNSTRUCTURE:0.5036899796735939
C_PIECECOORDINATION:0.5443249104458191
C_ROOKANDPAWNMOVEMENT:0.5443249104458191
C_CENTERCONTROL:0.39433812123445383
C_DEVELOPPIECES:0.48678372056462393
C_MATERIAL:0.6727856507211621
