ELO:1067
CE_PASSEDPAWNS:0.5
CE_PAWNWEAKNESSES:0.5038050401109135
CE_PIECEACTIVITY:0.48993629291335744
CE_KINGPAWNSHIELD:0.5061455147655217
CE_PIECECOORDINATION:0.5043938638769826
CE_MATERIAL:0.48970569864807045
CE_KINGSAFETY:0.4841630923294674
C_PIECESQUARETABLES:0.49054495040912444
C_MOBILITY:0.5212370749359228
C_KINGSAFETY:0.5
C_PAWNSTRUCTURE:0.5042018152719532
C_PIECECOORDINATION:0.5
C_ROOKANDPAWNMOVEMENT:0.5
C_CENTERCONTROL:0.5069881763959149
C_DEVELOPPIECES:0.5116397996023982
C_MATERIAL:0.5
