ELO:989
CE_PASSEDPAWNS:0.36431457112164256
CE_PAWNWEAKNESSES:0.5180682689066284
CE_PIECEACTIVITY:0.5637580383250408
CE_KINGPAWNSHIELD:0.477445705363087
CE_PIECECOORDINATION:0.46544225017118723
CE_MATERIAL:0.5125313430690898
CE_KINGSAFETY:0.5049003169437427
C_PIECESQUARETABLES:0.5
C_MOBILITY:0.5081393408250422
C_KINGSAFETY:0.5485540512990497
C_PAWNSTRUCTURE:0.3372462394950128
C_PIECECOORDINATION:0.4581206312596119
C_ROOKANDPAWNMOVEMENT:0.4581206312596119
C_CENTERCONTROL:0.35488331713916
C_DEVELOPPIECES:0.48678372056462393
C_MATERIAL:0.6727856507211621
