ELO:959
CE_PASSEDPAWNS:0.502952699323055
CE_PAWNWEAKNESSES:0.466063055531024
CE_PIECEACTIVITY:0.4808469059262556
CE_KINGPAWNSHIELD:0.5130843049087099
CE_PIECECOORDINATION:0.50267410495931
CE_MATERIAL:0.5024049775700279
CE_KINGSAFETY:0.5054870879778628
C_PIECESQUARETABLES:0.4848410544072544
C_MOBILITY:0.5009932201415613
C_KINGSAFETY:0.5077051897603404
C_PAWNSTRUCTURE:0.5
C_PIECECOORDINATION:0.539351486589758
C_ROOKANDPAWNMOVEMENT:0.539351486589758
C_CENTERCONTROL:0.51538782752453
C_DEVELOPPIECES:0.5051676436183475
C_MATERIAL:0.5140548875055967
C_MOVECOUNT:0.5
