ELO:985
CE_PASSEDPAWNS:0.5
CE_PAWNWEAKNESSES:0.4900063453443993
CE_PIECEACTIVITY:0.4853258962367924
CE_KINGPAWNSHIELD:0.4962491090255279
CE_PIECECOORDINATION:0.5
CE_MATERIAL:0.5
CE_KINGSAFETY:0.5198198608103093
C_PIECESQUARETABLES:0.4900446981073005
C_MOBILITY:0.5
C_KINGSAFETY:0.5
C_PAWNSTRUCTURE:0.48920214924999356
C_PIECECOORDINATION:0.5113159166584593
C_ROOKANDPAWNMOVEMENT:0.5113159166584593
C_CENTERCONTROL:0.49451638707480094
C_DEVELOPPIECES:0.493961446155601
C_MATERIAL:0.5116822656862416
C_MOVECOUNT:0.5
