ELO:869
CE_PASSEDPAWNS:0.5719611277232509
CE_PAWNWEAKNESSES:0.5447460381094357
CE_PIECEACTIVITY:0.565787741550555
CE_KINGPAWNSHIELD:0.556269475423921
CE_PIECECOORDINATION:0.4078677675550182
CE_MATERIAL:0.4613633741588937
CE_KINGSAFETY:0.536735646872553
C_PIECESQUARETABLES:0.5187075207330499
C_MOBILITY:0.4555077847447407
C_KINGSAFETY:0.5751311295447806
C_PAWNSTRUCTURE:0.4709924138754304
C_PIECECOORDINATION:0.5692729334583109
C_ROOKANDPAWNMOVEMENT:0.5692729334583109
C_CENTERCONTROL:0.40910769132806335
C_DEVELOPPIECES:0.5437780002312586
C_MATERIAL:0.5242705894702497
