ELO:989
CE_PASSEDPAWNS:0.36345561758666006
CE_PAWNWEAKNESSES:0.5086530027826172
CE_PIECEACTIVITY:0.568153242086884
CE_KINGPAWNSHIELD:0.477445705363087
CE_PIECECOORDINATION:0.46544225017118723
CE_MATERIAL:0.5008080989008407
CE_KINGSAFETY:0.49047589169815264
C_PIECESQUARETABLES:0.49618605591902926
C_MOBILITY:0.4981404113746569
C_KINGSAFETY:0.5485540512990497
C_PAWNSTRUCTURE:0.32659486032772983
C_PIECECOORDINATION:0.4468798033298093
C_ROOKANDPAWNMOVEMENT:0.4468798033298093
C_CENTERCONTROL:0.35488331713916
C_DEVELOPPIECES:0.48393600402460984
C_MATERIAL:0.6754491850202787
