ELO:1021
CE_PASSEDPAWNS:0.5107094453990239
CE_PAWNWEAKNESSES:0.5
CE_PIECEACTIVITY:0.495544038497854
CE_KINGPAWNSHIELD:0.5031981442928324
CE_PIECECOORDINATION:0.5
CE_MATERIAL:0.484101208915978
CE_KINGSAFETY:0.5
C_PIECESQUARETABLES:0.5
C_MOBILITY:0.4789643016570966
C_KINGSAFETY:0.5
C_PAWNSTRUCTURE:0.5114569436369787
C_PIECECOORDINATION:0.5095854167215581
C_ROOKANDPAWNMOVEMENT:0.5095854167215581
C_CENTERCONTROL:0.5
C_DEVELOPPIECES:0.4907315413868854
C_MATERIAL:0.5
C_MOVECOUNT:0.5047576906842085
