ELO:1000
CE_PASSEDPAWNS:0.4950079093390973
CE_PAWNWEAKNESSES:0.5
CE_PIECEACTIVITY:0.5029974884751097
CE_KINGPAWNSHIELD:0.496903823372112
CE_PIECECOORDINATION:0.5
CE_MATERIAL:0.5
CE_KINGSAFETY:0.5
C_PIECESQUARETABLES:0.5094110830107075
C_MOBILITY:0.5
C_KINGSAFETY:0.5
C_PAWNSTRUCTURE:0.5134885565011155
C_PIECECOORDINATION:0.5084569159614997
C_ROOKANDPAWNMOVEMENT:0.5084569159614997
C_CENTERCONTROL:0.5
C_DEVELOPPIECES:0.5
C_MATERIAL:0.5109685392536198
