ELO:787
CE_PASSEDPAWNS:0.5470607512321307
CE_PAWNWEAKNESSES:0.5038490264706291
CE_PIECEACTIVITY:0.49306436695992045
CE_KINGPAWNSHIELD:0.4994282237971008
CE_PIECECOORDINATION:0.4786351318442673
CE_MATERIAL:0.5454251386633833
CE_KINGSAFETY:0.47242515913077243
C_PIECESQUARETABLES:0.535387168520391
C_MOBILITY:0.4558086896205229
C_KINGSAFETY:0.4831670282069239
C_PAWNSTRUCTURE:0.4868594854453552
C_PIECECOORDINATION:0.5205519194871837
C_ROOKANDPAWNMOVEMENT:0.5205519194871837
C_CENTERCONTROL:0.49917478867374004
C_DEVELOPPIECES:0.5015731303181967
C_MATERIAL:0.46154278619214684
C_MOVECOUNT:0.5387277751696266
