ELO:867
CE_PASSEDPAWNS:0.449236594850083
CE_PAWNWEAKNESSES:0.500566355509543
CE_PIECEACTIVITY:0.4467277915617315
CE_KINGPAWNSHIELD:0.5008927308238955
CE_PIECECOORDINATION:0.5201869413259699
CE_MATERIAL:0.4452092978022283
CE_KINGSAFETY:0.5300326247709365
C_PIECESQUARETABLES:0.512879763947683
C_MOBILITY:0.5272277736284646
C_KINGSAFETY:0.5210831862343189
C_PAWNSTRUCTURE:0.4793475747398588
C_PIECECOORDINATION:0.4880749698016938
C_ROOKANDPAWNMOVEMENT:0.4880749698016938
C_CENTERCONTROL:0.5204529654162422
C_DEVELOPPIECES:0.5710599374579703
C_MATERIAL:0.47131910096417745
C_MOVECOUNT:0.5
