ELO:984
CE_PASSEDPAWNS:0.5114052549544024
CE_PAWNWEAKNESSES:0.4849920956937549
CE_PIECEACTIVITY:0.5077291576008321
CE_KINGPAWNSHIELD:0.5155052372932425
CE_PIECECOORDINATION:0.5019370541451988
CE_MATERIAL:0.5161693800078749
CE_KINGSAFETY:0.5013354128557161
C_PIECESQUARETABLES:0.5121052693399445
C_MOBILITY:0.48757229893584786
C_KINGSAFETY:0.5078654805989956
C_PAWNSTRUCTURE:0.5080552609502198
C_PIECECOORDINATION:0.508815669262025
C_ROOKANDPAWNMOVEMENT:0.508815669262025
C_CENTERCONTROL:0.5
C_DEVELOPPIECES:0.5046988647078658
C_MATERIAL:0.5048071680565557
