ELO:940
CE_PASSEDPAWNS:0.457587588179645
CE_PAWNWEAKNESSES:0.47327086844574817
CE_PIECEACTIVITY:0.47001553272854246
CE_KINGPAWNSHIELD:0.45427841047817097
CE_PIECECOORDINATION:0.4954957611343344
CE_MATERIAL:0.46573593488583453
CE_KINGSAFETY:0.5185852559388031
C_PIECESQUARETABLES:0.48354967274191435
C_MOBILITY:0.46395120233917586
C_KINGSAFETY:0.5253632599311308
C_PAWNSTRUCTURE:0.5120477615249409
C_PIECECOORDINATION:0.5093599627943647
C_ROOKANDPAWNMOVEMENT:0.5093599627943647
C_CENTERCONTROL:0.5056044093130873
C_DEVELOPPIECES:0.48836064020193415
C_MATERIAL:0.5150813178146855
C_MOVECOUNT:0.4962272427348207
