ELO:875
CE_PASSEDPAWNS:0.49806790815416385
CE_PAWNWEAKNESSES:0.5247232383198067
CE_PIECEACTIVITY:0.5680537383387537
CE_KINGPAWNSHIELD:0.5954509177695849
CE_PIECECOORDINATION:0.5753514756007639
CE_MATERIAL:0.4576333775628916
CE_KINGSAFETY:0.47374706121248167
C_PIECESQUARETABLES:0.5193337121485097
C_MOBILITY:0.5953697167779171
C_KINGSAFETY:0.4262775623019999
C_PAWNSTRUCTURE:0.5193056124219191
C_PIECECOORDINATION:0.4914135018937243
C_ROOKANDPAWNMOVEMENT:0.4914135018937243
C_CENTERCONTROL:0.5524014892778519
C_DEVELOPPIECES:0.4821685641676661
C_MATERIAL:0.5756147121854567
C_MOVECOUNT:0.5
