ELO:839
CE_PASSEDPAWNS:0.5111090126790478
CE_PAWNWEAKNESSES:0.531906893384637
CE_PIECEACTIVITY:0.5683236707601803
CE_KINGPAWNSHIELD:0.5867470800435922
CE_PIECECOORDINATION:0.5523112932232653
CE_MATERIAL:0.4662745963973211
CE_KINGSAFETY:0.4916384962497675
C_PIECESQUARETABLES:0.5094642441979884
C_MOBILITY:0.5864776276390353
C_KINGSAFETY:0.43111811354941515
C_PAWNSTRUCTURE:0.5320485806088211
C_PIECECOORDINATION:0.4914135018937243
C_ROOKANDPAWNMOVEMENT:0.4914135018937243
C_CENTERCONTROL:0.5419622839178112
C_DEVELOPPIECES:0.4898175677866078
C_MATERIAL:0.5840908676332557
C_MOVECOUNT:0.5
