ELO:1000
CE_PASSEDPAWNS:0.5507894424180625
CE_PAWNWEAKNESSES:0.5123863304376853
CE_PIECEACTIVITY:0.4934418466223095
CE_KINGPAWNSHIELD:0.5139219630860236
CE_PIECECOORDINATION:0.5232716062752333
CE_MATERIAL:0.49732151806568703
CE_KINGSAFETY:0.5033955448661463
C_PIECESQUARETABLES:0.5017552457248249
C_MOBILITY:0.5050580751934148
C_KINGSAFETY:0.4960291454617086
C_PAWNSTRUCTURE:0.5092145868379162
C_PIECECOORDINATION:0.46925923155490495
C_ROOKANDPAWNMOVEMENT:0.46925923155490495
C_CENTERCONTROL:0.49702625974741715
C_DEVELOPPIECES:0.49773900933808196
C_MATERIAL:0.5244549208070698
