ELO:1000
CE_PASSEDPAWNS:0.5416830368241479
CE_PAWNWEAKNESSES:0.515409582234179
CE_PIECEACTIVITY:0.5103774917200982
CE_KINGPAWNSHIELD:0.502062580521476
CE_PIECECOORDINATION:0.525784435399008
CE_MATERIAL:0.48218637737582565
CE_KINGSAFETY:0.48567694501298636
C_PIECESQUARETABLES:0.5196405222932814
C_MOBILITY:0.5082299082094432
C_KINGSAFETY:0.48313526949201474
C_PAWNSTRUCTURE:0.5092145868379162
C_PIECECOORDINATION:0.4789513270798
C_ROOKANDPAWNMOVEMENT:0.4789513270798
C_CENTERCONTROL:0.4947834211042024
C_DEVELOPPIECES:0.4976095925088477
C_MATERIAL:0.5197258804728251
