ELO:1058
CE_PASSEDPAWNS:0.489087324765298
CE_PAWNWEAKNESSES:0.4823540561167955
CE_PIECEACTIVITY:0.49774528197449275
CE_KINGPAWNSHIELD:0.4593213987530438
CE_PIECECOORDINATION:0.512350908050682
CE_MATERIAL:0.4846019672748053
CE_KINGSAFETY:0.5
C_PIECESQUARETABLES:0.46449368741111535
C_MOBILITY:0.499221847668814
C_KINGSAFETY:0.5
C_PAWNSTRUCTURE:0.528271485515296
C_PIECECOORDINATION:0.5052269750668488
C_ROOKANDPAWNMOVEMENT:0.5052269750668488
C_CENTERCONTROL:0.5260389880695284
C_DEVELOPPIECES:0.5096845086094397
C_MATERIAL:0.49071763279882036
C_MOVECOUNT:0.5
