ELO:963
CE_PASSEDPAWNS:0.4279812091719273
CE_PAWNWEAKNESSES:0.4731717700680554
CE_PIECEACTIVITY:0.4912557043667592
CE_KINGPAWNSHIELD:0.4713984445090541
CE_PIECECOORDINATION:0.47427620770064466
CE_MATERIAL:0.4749137006431678
CE_KINGSAFETY:0.5347206727389028
C_PIECESQUARETABLES:0.5108924461692916
C_MOBILITY:0.47749195862026356
C_KINGSAFETY:0.5486017575569049
C_PAWNSTRUCTURE:0.45667299909459
C_PIECECOORDINATION:0.5192671407010641
C_ROOKANDPAWNMOVEMENT:0.5192671407010641
C_CENTERCONTROL:0.5839977199289571
C_DEVELOPPIECES:0.5561799646323771
C_MATERIAL:0.5480040002831533
