ELO:1012
CE_PASSEDPAWNS:0.5071843668691942
CE_PAWNWEAKNESSES:0.4984404568573246
CE_PIECEACTIVITY:0.5
CE_KINGPAWNSHIELD:0.5205198635874314
CE_PIECECOORDINATION:0.48511168990203873
CE_MATERIAL:0.433258840335918
CE_KINGSAFETY:0.5
C_PIECESQUARETABLES:0.5
C_MOBILITY:0.4858590413957327
C_KINGSAFETY:0.4923969495752254
C_PAWNSTRUCTURE:0.5045231791080067
C_PIECECOORDINATION:0.49279988688705834
C_ROOKANDPAWNMOVEMENT:0.49279988688705834
C_CENTERCONTROL:0.5
C_DEVELOPPIECES:0.508494494350867
C_MATERIAL:0.5135972032803453
C_MOVECOUNT:0.5
