ELO:1008
CE_PASSEDPAWNS:0.5010819185591978
CE_PAWNWEAKNESSES:0.5
CE_PIECEACTIVITY:0.5
CE_KINGPAWNSHIELD:0.5152152196380406
CE_PIECECOORDINATION:0.5
CE_MATERIAL:0.4991457882913468
CE_KINGSAFETY:0.4989265715082323
C_PIECESQUARETABLES:0.5030925151523005
C_MOBILITY:0.5040756758606953
C_KINGSAFETY:0.5
C_PAWNSTRUCTURE:0.5
C_PIECECOORDINATION:0.5003421754708937
C_ROOKANDPAWNMOVEMENT:0.5003421754708937
C_CENTERCONTROL:0.5038481176853822
C_DEVELOPPIECES:0.5
C_MATERIAL:0.5
