ELO:978
CE_PASSEDPAWNS:0.5010645726553808
CE_PAWNWEAKNESSES:0.4887699350724577
CE_PIECEACTIVITY:0.5284036525142165
CE_KINGPAWNSHIELD:0.5098117636804502
CE_PIECECOORDINATION:0.5177680700575633
CE_MATERIAL:0.4927652507314261
CE_KINGSAFETY:0.5130831194094813
C_PIECESQUARETABLES:0.5172587724341599
C_MOBILITY:0.4870716506163002
C_KINGSAFETY:0.5092686712494174
C_PAWNSTRUCTURE:0.5121002441353518
C_PIECECOORDINATION:0.50738639330246
C_ROOK:0.5
CE_ROOK:0.5
C_CENTERCONTROL:0.5135612716162832
C_DEVELOPPIECES:0.48931620270595605
C_MATERIAL:0.49336156480591103
C_MOVECOUNT:0.5091867514666323
C_PAWNMOVEMENT:0.5
