ELO:1040
CE_PASSEDPAWNS:0.5
CE_PAWNWEAKNESSES:0.4917055955941936
CE_PIECEACTIVITY:0.5
CE_KINGPAWNSHIELD:0.5047162307700098
CE_PIECECOORDINATION:0.49814101318286436
CE_MATERIAL:0.49920656129641783
CE_KINGSAFETY:0.5
C_PIECESQUARETABLES:0.5003996129169398
C_MOBILITY:0.5
C_KINGSAFETY:0.493260165989419
C_PAWNSTRUCTURE:0.5
C_PIECECOORDINATION:0.5
C_ROOKANDPAWNMOVEMENT:0.5
C_CENTERCONTROL:0.5120546732858577
C_DEVELOPPIECES:0.5
C_MATERIAL:0.4852131778620921
C_MOVECOUNT:0.5057617912705765
