ELO:1012
CE_PASSEDPAWNS:0.5010022832866413
CE_PAWNWEAKNESSES:0.5124756532578099
CE_PIECEACTIVITY:0.5
CE_KINGPAWNSHIELD:0.5
CE_PIECECOORDINATION:0.49325676415046793
CE_MATERIAL:0.5
CE_KINGSAFETY:0.5
C_PIECESQUARETABLES:0.4970209374557018
C_MOBILITY:0.5049498647072292
C_KINGSAFETY:0.5084872965689021
C_PAWNSTRUCTURE:0.49383499101606354
C_PIECECOORDINATION:0.5052143559214577
C_ROOKANDPAWNMOVEMENT:0.5052143559214577
C_CENTERCONTROL:0.5
C_DEVELOPPIECES:0.5
C_MATERIAL:0.5
C_MOVECOUNT:0.49486819523153475
