ELO:1008
CE_PASSEDPAWNS:0.48345143137257435
CE_PAWNWEAKNESSES:0.5148985687481132
CE_PIECEACTIVITY:0.4782436191031329
CE_KINGPAWNSHIELD:0.5
CE_PIECECOORDINATION:0.5
CE_MATERIAL:0.49744216825713583
CE_KINGSAFETY:0.4964428032313269
C_PIECESQUARETABLES:0.5
C_MOBILITY:0.4808889521956203
C_KINGSAFETY:0.5207148456705626
C_PAWNSTRUCTURE:0.5221278671695447
C_PIECECOORDINATION:0.5105858500065245
C_ROOKANDPAWNMOVEMENT:0.5105858500065245
C_CENTERCONTROL:0.4769953124485803
C_DEVELOPPIECES:0.5033602081306519
C_MATERIAL:0.4834054504232113
C_MOVECOUNT:0.5
