ELO:866
CE_PASSEDPAWNS:0.4371911119785057
CE_PAWNWEAKNESSES:0.4155260725109977
CE_PIECEACTIVITY:0.54228912606808
CE_KINGPAWNSHIELD:0.4845518179620308
CE_PIECECOORDINATION:0.41921073192929165
CE_MATERIAL:0.49442086603662927
CE_KINGSAFETY:0.5023392202853598
C_PIECESQUARETABLES:0.5265323381477552
C_MOBILITY:0.42599374045955823
C_KINGSAFETY:0.5442641789120576
C_PAWNSTRUCTURE:0.41014039369570787
C_PIECECOORDINATION:0.5248715038358631
C_ROOKANDPAWNMOVEMENT:0.5248715038358631
C_CENTERCONTROL:0.5543063022565183
C_DEVELOPPIECES:0.5624181516612994
C_MATERIAL:0.5576579377301448
