ELO:998
CE_PASSEDPAWNS:0.5317399567987847
CE_PAWNWEAKNESSES:0.5082418787400745
CE_PIECEACTIVITY:0.49691990280158865
CE_KINGPAWNSHIELD:0.524348333211015
CE_PIECECOORDINATION:0.4951825298841361
CE_MATERIAL:0.5
CE_KINGSAFETY:0.5119509869864963
C_PIECESQUARETABLES:0.5051226354245328
C_MOBILITY:0.5256457820411597
C_KINGSAFETY:0.5193004116493214
C_PAWNSTRUCTURE:0.5145513260101673
C_PIECECOORDINATION:0.5
C_ROOKANDPAWNMOVEMENT:0.5
C_CENTERCONTROL:0.4876170685699259
C_DEVELOPPIECES:0.5075755800869627
C_MATERIAL:0.48566985979484084
C_MOVECOUNT:0.5274674821440974
