ELO:1000
CE_PASSEDPAWNS:0.4925744885302711
CE_PAWNWEAKNESSES:0.5238166314342617
CE_PIECEACTIVITY:0.5335474048851888
CE_KINGPAWNSHIELD:0.4938124403787141
CE_PIECECOORDINATION:0.4517539740970739
CE_MATERIAL:0.5268208251163518
CE_KINGSAFETY:0.49148674387371166
C_PIECESQUARETABLES:0.47697903320147234
C_MOBILITY:0.525798149967985
C_KINGSAFETY:0.5063945713168486
C_PAWNSTRUCTURE:0.5072044631024135
C_PIECECOORDINATION:0.5215242487960681
C_ROOKANDPAWNMOVEMENT:0.5215242487960681
C_CENTERCONTROL:0.4462323576924306
C_DEVELOPPIECES:0.5271295381625393
C_MATERIAL:0.5203422359045259
