ELO:1002
CE_PASSEDPAWNS:0.49028050173795196
CE_PAWNWEAKNESSES:0.5261237368731276
CE_PIECEACTIVITY:0.5420910668473323
CE_KINGPAWNSHIELD:0.5463411420170595
CE_PIECECOORDINATION:0.48223038506638427
CE_MATERIAL:0.5113268074886459
CE_KINGSAFETY:0.5
C_PIECESQUARETABLES:0.5
C_MOBILITY:0.5057745642532829
C_KINGSAFETY:0.48364546394874014
C_PAWNSTRUCTURE:0.5229952033914971
C_PIECECOORDINATION:0.5033674651988211
C_ROOK:0.4777836332999068
CE_ROOK:0.47696661713506006
C_CENTERCONTROL:0.5201308160764048
C_DEVELOPPIECES:0.5019174547484602
C_MATERIAL:0.5131921117727883
C_MOVECOUNT:0.4651295600714667
C_PAWNMOVEMENT:0.49482089210243535
