ELO:1000
CE_PASSEDPAWNS:0.44721795763095645
CE_PAWNWEAKNESSES:0.43563991344940606
CE_PIECEACTIVITY:0.5123654548424011
CE_KINGPAWNSHIELD:0.48197093374209393
CE_PIECECOORDINATION:0.48000899732604757
CE_MATERIAL:0.4818270447798968
CE_KINGSAFETY:0.49982737690595563
C_PIECESQUARETABLES:0.5117784468308026
C_MOBILITY:0.4878559778544281
C_KINGSAFETY:0.47781351034024544
C_PAWNSTRUCTURE:0.5428572805752965
C_PIECECOORDINATION:0.5726503639712462
C_ROOKANDPAWNMOVEMENT:0.5726503639712462
C_CENTERCONTROL:0.5455534853134298
C_DEVELOPPIECES:0.5085016220416376
C_MATERIAL:0.45360132313220697
