ELO:1000
CE_PASSEDPAWNS:0.47607220773489234
CE_PAWNWEAKNESSES:0.5199541451920399
CE_PIECEACTIVITY:0.5159284493720998
CE_KINGPAWNSHIELD:0.4756663441829606
CE_PIECECOORDINATION:0.45799420475838215
CE_MATERIAL:0.5239773615929987
CE_KINGSAFETY:0.5136014683309317
C_PIECESQUARETABLES:0.45046873319663094
C_MOBILITY:0.5017892114440569
C_KINGSAFETY:0.4898079352165121
C_PAWNSTRUCTURE:0.5242556666574928
C_PIECECOORDINATION:0.5424031317847996
C_ROOKANDPAWNMOVEMENT:0.5424031317847996
C_CENTERCONTROL:0.5381665867267417
C_DEVELOPPIECES:0.4934868481998789
C_MATERIAL:0.45368032279996423
