ELO:1013
CE_PASSEDPAWNS:0.49424108628794977
CE_PAWNWEAKNESSES:0.49700010940072165
CE_PIECEACTIVITY:0.536126537828116
CE_KINGPAWNSHIELD:0.5062572866036095
CE_PIECECOORDINATION:0.47649555088981205
CE_MATERIAL:0.4883921185230075
CE_KINGSAFETY:0.5
C_PIECESQUARETABLES:0.5
C_MOBILITY:0.5011218318521301
C_KINGSAFETY:0.5170180512813435
C_PAWNSTRUCTURE:0.5125440906912597
C_PIECECOORDINATION:0.5
C_ROOK:0.5439003054242
CE_ROOK:0.4671050931683059
C_CENTERCONTROL:0.4810832353263226
C_DEVELOPPIECES:0.4592296550089678
C_MATERIAL:0.5126455007579979
C_MOVECOUNT:0.4923646067896574
C_PAWNMOVEMENT:0.47099577499993855
