ELO:1032
CE_PASSEDPAWNS:0.5
CE_PAWNWEAKNESSES:0.4786840748374679
CE_PIECEACTIVITY:0.5
CE_KINGPAWNSHIELD:0.5
CE_PIECECOORDINATION:0.5
CE_MATERIAL:0.5114571000542131
CE_KINGSAFETY:0.46843395122591547
C_PIECESQUARETABLES:0.49010969352130457
C_MOBILITY:0.5
C_KINGSAFETY:0.4825310909266205
C_PAWNSTRUCTURE:0.5
C_PIECECOORDINATION:0.4877010275634052
C_ROOKANDPAWNMOVEMENT:0.4877010275634052
C_CENTERCONTROL:0.5103622677503289
C_DEVELOPPIECES:0.507229728870342
C_MATERIAL:0.4891404652241363
C_MOVECOUNT:0.5106663972822337
