ELO:909
CE_PASSEDPAWNS:0.6093258982854411
CE_PAWNWEAKNESSES:0.5823170783856886
CE_PIECEACTIVITY:0.569919304134239
CE_KINGPAWNSHIELD:0.4601033399291179
CE_PIECECOORDINATION:0.4261820124209849
CE_MATERIAL:0.4608030905965667
CE_KINGSAFETY:0.5146291477134878
C_PIECESQUARETABLES:0.5018532914257636
C_MOBILITY:0.4936498362857718
C_KINGSAFETY:0.4979846896289893
C_PAWNSTRUCTURE:0.5207639391040965
C_PIECECOORDINATION:0.6167491394435696
C_ROOKANDPAWNMOVEMENT:0.6167491394435696
C_CENTERCONTROL:0.3935509999656452
C_DEVELOPPIECES:0.5789165644961376
C_MATERIAL:0.629107840188277
