ELO:1012
CE_PASSEDPAWNS:0.5
CE_PAWNWEAKNESSES:0.5
CE_PIECEACTIVITY:0.508850542330118
CE_KINGPAWNSHIELD:0.5
CE_PIECECOORDINATION:0.5
CE_MATERIAL:0.5
CE_KINGSAFETY:0.5033776766578224
C_PIECESQUARETABLES:0.5
C_MOBILITY:0.48778169733714233
C_KINGSAFETY:0.5
C_PAWNSTRUCTURE:0.5
C_PIECECOORDINATION:0.5003805730148438
C_ROOKANDPAWNMOVEMENT:0.5003805730148438
C_CENTERCONTROL:0.5
C_DEVELOPPIECES:0.5084946662833721
C_MATERIAL:0.5
C_MOVECOUNT:0.5
