ELO:1050
CE_PASSEDPAWNS:0.5148713994294651
CE_PAWNWEAKNESSES:0.4886838477797177
CE_PIECEACTIVITY:0.5011412424490588
CE_KINGPAWNSHIELD:0.4934832073901321
CE_PIECECOORDINATION:0.5
CE_MATERIAL:0.48057989748130914
CE_KINGSAFETY:0.5
C_PIECESQUARETABLES:0.5
C_MOBILITY:0.5089791542089985
C_KINGSAFETY:0.5
C_PAWNSTRUCTURE:0.4931546804004084
C_PIECECOORDINATION:0.5183704837768273
C_ROOK:0.5182859008400511
CE_ROOK:0.4988252103537147
C_CENTERCONTROL:0.46592307703464025
C_DEVELOPPIECES:0.49486487060257084
C_MATERIAL:0.5013109468164912
C_MOVECOUNT:0.47802042898757824
C_PAWNMOVEMENT:0.5260459540625663
