ELO:999
CE_PASSEDPAWNS:0.49982494996155447
CE_PAWNWEAKNESSES:0.5444489819229186
CE_PIECEACTIVITY:0.5099184544625234
CE_KINGPAWNSHIELD:0.4981971781551004
CE_PIECECOORDINATION:0.5241384389943273
CE_MATERIAL:0.5391241406382347
CE_KINGSAFETY:0.5011701291468572
C_PIECESQUARETABLES:0.5
C_MOBILITY:0.505302045446554
C_KINGSAFETY:0.5049841763894987
C_PAWNSTRUCTURE:0.5550269325701523
C_PIECECOORDINATION:0.48291489018044675
C_ROOKANDPAWNMOVEMENT:0.48291489018044675
C_CENTERCONTROL:0.4352135194638722
C_DEVELOPPIECES:0.5386648415701879
C_MATERIAL:0.5185261842797594
