ELO:1017
CE_PASSEDPAWNS:0.5039844281717176
CE_PAWNWEAKNESSES:0.49700010940072165
CE_PIECEACTIVITY:0.536126537828116
CE_KINGPAWNSHIELD:0.4689954011660321
CE_PIECECOORDINATION:0.47649555088981205
CE_MATERIAL:0.4883921185230075
CE_KINGSAFETY:0.5
C_PIECESQUARETABLES:0.5
C_MOBILITY:0.5009026001701242
C_KINGSAFETY:0.487631230140842
C_PAWNSTRUCTURE:0.48559524386073044
C_PIECECOORDINATION:0.5103376690900769
C_ROOK:0.48972282289415386
CE_ROOK:0.479067990043031
C_CENTERCONTROL:0.4810832353263226
C_DEVELOPPIECES:0.49778111311249335
C_MATERIAL:0.5099790927186645
C_MOVECOUNT:0.4893946631901586
C_PAWNMOVEMENT:0.5
