ELO:1013
CE_PASSEDPAWNS:0.4956891165736332
CE_PAWNWEAKNESSES:0.4929699648182608
CE_PIECEACTIVITY:0.4357161076504599
CE_KINGPAWNSHIELD:0.5
CE_PIECECOORDINATION:0.5072386651328694
CE_MATERIAL:0.4948670507837942
CE_KINGSAFETY:0.49668261048528994
C_PIECESQUARETABLES:0.44144728818599493
C_MOBILITY:0.5
C_KINGSAFETY:0.5
C_PAWNSTRUCTURE:0.49669390994795604
C_PIECECOORDINATION:0.5
C_ROOKANDPAWNMOVEMENT:0.5
C_CENTERCONTROL:0.4913132514300668
C_DEVELOPPIECES:0.4842028227216144
C_MATERIAL:0.5035058454993122
C_MOVECOUNT:0.5
