ELO:1015
CE_PASSEDPAWNS:0.4986706172114536
CE_PAWNWEAKNESSES:0.5201033280014875
CE_PIECEACTIVITY:0.5082094991797478
CE_KINGPAWNSHIELD:0.5125319914411761
CE_PIECECOORDINATION:0.5
CE_MATERIAL:0.49744805248699864
CE_KINGSAFETY:0.5047106067277702
C_PIECESQUARETABLES:0.49385894347002574
C_MOBILITY:0.5027895105486977
C_KINGSAFETY:0.5018538412263713
C_PAWNSTRUCTURE:0.5011184076901242
C_PIECECOORDINATION:0.5093810450511068
C_ROOK:0.5040367843145065
CE_ROOK:0.4821303139038926
C_CENTERCONTROL:0.5017366143869145
C_DEVELOPPIECES:0.49352257321531884
C_MATERIAL:0.5122169258603871
C_MOVECOUNT:0.5008778728888044
C_PAWNMOVEMENT:0.5185418974048194
