ELO:1128
CE_PASSEDPAWNS:0.4851289434910631
CE_PAWNWEAKNESSES:0.5167044139976172
CE_PIECEACTIVITY:0.5072126869965226
CE_KINGPAWNSHIELD:0.4918803405965697
CE_PIECECOORDINATION:0.5023583150149774
CE_MATERIAL:0.5055460193386794
CE_KINGSAFETY:0.5
C_PIECESQUARETABLES:0.5
C_MOBILITY:0.4494825325847286
C_KINGSAFETY:0.5522135599625418
C_PAWNSTRUCTURE:0.4654827010940101
C_PIECECOORDINATION:0.5047751328764609
C_ROOKANDPAWNMOVEMENT:0.5047751328764609
C_CENTERCONTROL:0.48524254130822453
C_DEVELOPPIECES:0.4977406316012114
C_MATERIAL:0.5
C_MOVECOUNT:0.5
