ELO:1029
CE_PASSEDPAWNS:0.46222242138404146
CE_PAWNWEAKNESSES:0.5004243223945801
CE_PIECEACTIVITY:0.4830485880078221
CE_KINGPAWNSHIELD:0.5179883651661399
CE_PIECECOORDINATION:0.5254639287438814
CE_MATERIAL:0.5061820749371356
CE_KINGSAFETY:0.5
C_PIECESQUARETABLES:0.5
C_MOBILITY:0.4941184934948356
C_KINGSAFETY:0.487631230140842
C_PAWNSTRUCTURE:0.524334623024627
C_PIECECOORDINATION:0.524081871863375
C_ROOK:0.503932416167287
CE_ROOK:0.5030727620260684
C_CENTERCONTROL:0.4935227025387516
C_DEVELOPPIECES:0.5098361739591123
C_MATERIAL:0.5121962639220392
C_MOVECOUNT:0.4701640049785616
C_PAWNMOVEMENT:0.5000142196998014
