ELO:995
CE_PASSEDPAWNS:0.4321419552354465
CE_PAWNWEAKNESSES:0.46108073977686487
CE_PIECEACTIVITY:0.4836287512468199
CE_KINGPAWNSHIELD:0.47833589587148306
CE_PIECECOORDINATION:0.4797180869175702
CE_MATERIAL:0.4817440525709331
CE_KINGSAFETY:0.48956692099282095
C_PIECESQUARETABLES:0.4695731763174218
C_MOBILITY:0.47401908343416727
C_KINGSAFETY:0.5548938561751426
C_PAWNSTRUCTURE:0.5069164444743086
C_PIECECOORDINATION:0.5704249211050711
C_ROOKANDPAWNMOVEMENT:0.5704249211050711
C_CENTERCONTROL:0.5297990418150003
C_DEVELOPPIECES:0.5291789521475065
C_MATERIAL:0.5100218794795015
