ELO:812
CE_PASSEDPAWNS:0.41525368295339365
CE_PAWNWEAKNESSES:0.41979977068553537
CE_PIECEACTIVITY:0.5442753275707473
CE_KINGPAWNSHIELD:0.4703020794314258
CE_PIECECOORDINATION:0.42076582683742847
CE_MATERIAL:0.48542653571091776
CE_KINGSAFETY:0.5292121530550933
C_PIECESQUARETABLES:0.537227871207815
C_MOBILITY:0.44658646606866353
C_KINGSAFETY:0.546595105885555
C_PAWNSTRUCTURE:0.404811384991281
C_PIECECOORDINATION:0.5213324125800407
C_ROOKANDPAWNMOVEMENT:0.5213324125800407
C_CENTERCONTROL:0.5468953540278859
C_DEVELOPPIECES:0.5546335075627419
C_MATERIAL:0.5560577404250674
