ELO:909
CE_PASSEDPAWNS:0.6137194610199463
CE_PAWNWEAKNESSES:0.5722773405767739
CE_PIECEACTIVITY:0.5624243879470615
CE_KINGPAWNSHIELD:0.4527394019261993
CE_PIECECOORDINATION:0.4187230251014964
CE_MATERIAL:0.4570999605729156
CE_KINGSAFETY:0.5221225516462701
C_PIECESQUARETABLES:0.48526238204059463
C_MOBILITY:0.45558441141752615
C_KINGSAFETY:0.49928090887874554
C_PAWNSTRUCTURE:0.5341505492508885
C_PIECECOORDINATION:0.6433886209909749
C_ROOKANDPAWNMOVEMENT:0.6433886209909749
C_CENTERCONTROL:0.390741791368003
C_DEVELOPPIECES:0.5941371635011592
C_MATERIAL:0.6202504590932719
