ELO:1089
CE_PASSEDPAWNS:0.6216628427623379
CE_PAWNWEAKNESSES:0.4913955703625296
CE_PIECEACTIVITY:0.4749362909216822
CE_KINGPAWNSHIELD:0.4888774821619666
CE_PIECECOORDINATION:0.4803925721213925
CE_MATERIAL:0.46506059810555844
CE_KINGSAFETY:0.49695232633978403
C_PIECESQUARETABLES:0.4988889005463824
C_MOBILITY:0.42105203460517804
C_KINGSAFETY:0.519427132626485
C_PAWNSTRUCTURE:0.40395857723994544
C_PIECECOORDINATION:0.47859763160944463
C_ROOKANDPAWNMOVEMENT:0.47859763160944463
C_CENTERCONTROL:0.5241516181776379
C_DEVELOPPIECES:0.5757913049809192
C_MATERIAL:0.41308154911027556
