ELO:880
CE_PASSEDPAWNS:0.41124205976995215
CE_PAWNWEAKNESSES:0.5167357588331337
CE_PIECEACTIVITY:0.45984483726913133
CE_KINGPAWNSHIELD:0.5429970582286456
CE_PIECECOORDINATION:0.5278333064788113
CE_MATERIAL:0.38619333366474656
CE_KINGSAFETY:0.5
C_PIECESQUARETABLES:0.5
C_MOBILITY:0.5365500461679842
C_KINGSAFETY:0.3264301272392693
C_PAWNSTRUCTURE:0.4683500853062086
C_PIECECOORDINATION:0.414344018229779
C_ROOKANDPAWNMOVEMENT:0.414344018229779
C_CENTERCONTROL:0.5334526593857087
C_DEVELOPPIECES:0.5086493965024573
C_MATERIAL:0.5585567310595088
