ELO:960
CE_PASSEDPAWNS:0.4585672612440622
CE_PAWNWEAKNESSES:0.47218117397586784
CE_PIECEACTIVITY:0.5615606139794825
CE_KINGPAWNSHIELD:0.48920812576561806
CE_PIECECOORDINATION:0.49905899300812506
CE_MATERIAL:0.48346793267416555
CE_KINGSAFETY:0.49810440314495963
C_PIECESQUARETABLES:0.5
C_MOBILITY:0.4797658272394523
C_KINGSAFETY:0.5082644903033849
C_PAWNSTRUCTURE:0.49542987029183017
C_PIECECOORDINATION:0.4185871942849027
C_ROOK:0.5246952576187079
CE_ROOK:0.5249883933515468
C_CENTERCONTROL:0.4846516029549559
C_DEVELOPPIECES:0.5191630286740703
C_MATERIAL:0.5240144106931904
C_MOVECOUNT:0.4953104227090789
C_PAWNMOVEMENT:0.5146803614231529
