ELO:997
CE_PASSEDPAWNS:0.4321419552354465
CE_PAWNWEAKNESSES:0.46603831498491977
CE_PIECEACTIVITY:0.48637776863252924
CE_KINGPAWNSHIELD:0.47966558623641836
CE_PIECECOORDINATION:0.48729851814653746
CE_MATERIAL:0.4817440525709331
CE_KINGSAFETY:0.5032090788044983
C_PIECESQUARETABLES:0.476293234674177
C_MOBILITY:0.4889623152732768
C_KINGSAFETY:0.5226513300694937
C_PAWNSTRUCTURE:0.5175353663701449
C_PIECECOORDINATION:0.5704249211050711
C_ROOKANDPAWNMOVEMENT:0.5704249211050711
C_CENTERCONTROL:0.5346771358871404
C_DEVELOPPIECES:0.5071552753277577
C_MATERIAL:0.5161403985457625
