ELO:989
CE_PASSEDPAWNS:0.3671258369474086
CE_PAWNWEAKNESSES:0.517255876877741
CE_PIECEACTIVITY:0.5527262500309656
CE_KINGPAWNSHIELD:0.4640279445044936
CE_PIECECOORDINATION:0.4648210317570732
CE_MATERIAL:0.5012354007498082
CE_KINGSAFETY:0.49375909113377037
C_PIECESQUARETABLES:0.5
C_MOBILITY:0.4981404113746569
C_KINGSAFETY:0.5516225189224501
C_PAWNSTRUCTURE:0.32204270222802556
C_PIECECOORDINATION:0.4452246000516345
C_ROOKANDPAWNMOVEMENT:0.4452246000516345
C_CENTERCONTROL:0.3582124653566128
C_DEVELOPPIECES:0.48463106472835726
C_MATERIAL:0.692134292922113
