ELO:977
CE_PASSEDPAWNS:0.5303326049100789
CE_PAWNWEAKNESSES:0.458504668987023
CE_PIECEACTIVITY:0.4982362274133278
CE_KINGPAWNSHIELD:0.5309905097531878
CE_PIECECOORDINATION:0.44471220282254054
CE_MATERIAL:0.4953164416967403
CE_KINGSAFETY:0.5
C_PIECESQUARETABLES:0.5002784227406832
C_MOBILITY:0.5079418355792498
C_KINGSAFETY:0.5487170998042061
C_PAWNSTRUCTURE:0.5289334434241908
C_PIECECOORDINATION:0.49303376250463576
C_ROOKANDPAWNMOVEMENT:0.49303376250463576
C_CENTERCONTROL:0.45898287082601785
C_DEVELOPPIECES:0.4977406316012114
C_MATERIAL:0.5
C_MOVECOUNT:0.5
