ELO:1104
CE_PASSEDPAWNS:0.44762217324842735
CE_PAWNWEAKNESSES:0.45790605896457093
CE_PIECEACTIVITY:0.528057451432609
CE_KINGPAWNSHIELD:0.465781535557176
CE_PIECECOORDINATION:0.5071775712242115
CE_MATERIAL:0.4586737870788257
CE_KINGSAFETY:0.5793465654345018
C_PIECESQUARETABLES:0.5186932374722297
C_MOBILITY:0.49375600138893516
C_KINGSAFETY:0.5069747514965638
C_PAWNSTRUCTURE:0.5073667370258602
C_PIECECOORDINATION:0.4918440919668022
C_ROOKANDPAWNMOVEMENT:0.4918440919668022
C_CENTERCONTROL:0.5
C_DEVELOPPIECES:0.5042637193257786
C_MATERIAL:0.5
C_MOVECOUNT:0.5
