ELO:999
CE_PASSEDPAWNS:0.4383726758883095
CE_PAWNWEAKNESSES:0.4620725314128214
CE_PIECEACTIVITY:0.4907749351483957
CE_KINGPAWNSHIELD:0.4768386337297245
CE_PIECECOORDINATION:0.4850924223780389
CE_MATERIAL:0.4577576818248386
CE_KINGSAFETY:0.48144687241470163
C_PIECESQUARETABLES:0.47843173222392005
C_MOBILITY:0.4869963279734408
C_KINGSAFETY:0.5256282199471984
C_PAWNSTRUCTURE:0.5215254242636448
C_PIECECOORDINATION:0.5884311923286302
C_ROOKANDPAWNMOVEMENT:0.5884311923286302
C_CENTERCONTROL:0.55313630352287
C_DEVELOPPIECES:0.48908333470489546
C_MATERIAL:0.5257429104138553
