ELO:1010
CE_PASSEDPAWNS:0.4904159742320661
CE_PAWNWEAKNESSES:0.4929429502636948
CE_PIECEACTIVITY:0.5068345731932953
CE_KINGPAWNSHIELD:0.4991478199570175
CE_PIECECOORDINATION:0.4925010055934038
CE_MATERIAL:0.50010517722376
CE_KINGSAFETY:0.5
C_PIECESQUARETABLES:0.5081468575987328
C_MOBILITY:0.49831398064112825
C_KINGSAFETY:0.5
C_PAWNSTRUCTURE:0.5053610019211732
C_PIECECOORDINATION:0.5060164742919845
C_ROOK:0.5
CE_ROOK:0.5
C_CENTERCONTROL:0.5
C_DEVELOPPIECES:0.5
C_MATERIAL:0.4957719730073361
C_MOVECOUNT:0.4971288265351087
C_PAWNMOVEMENT:0.5
