ELO:989
CE_PASSEDPAWNS:0.35708729085643526
CE_PAWNWEAKNESSES:0.5086530027826172
CE_PIECEACTIVITY:0.5570943154536351
CE_KINGPAWNSHIELD:0.4640279445044936
CE_PIECECOORDINATION:0.4443626504946563
CE_MATERIAL:0.5125313430690898
CE_KINGSAFETY:0.49375909113377037
C_PIECESQUARETABLES:0.500043462113126
C_MOBILITY:0.5029202954439868
C_KINGSAFETY:0.5697025081365908
C_PAWNSTRUCTURE:0.32659486032772983
C_PIECECOORDINATION:0.4455295289066636
C_ROOKANDPAWNMOVEMENT:0.4455295289066636
C_CENTERCONTROL:0.3663898602595177
C_DEVELOPPIECES:0.4736702048939016
C_MATERIAL:0.6813110035227025
