ELO:1000
CE_PASSEDPAWNS:0.4877822513180291
CE_PAWNWEAKNESSES:0.5252406986610202
CE_PIECEACTIVITY:0.4919583496775851
CE_KINGPAWNSHIELD:0.5184006671750417
CE_PIECECOORDINATION:0.4912172225560289
CE_MATERIAL:0.4903922728282881
CE_KINGSAFETY:0.48026166736463666
C_PIECESQUARETABLES:0.5180582306211292
C_MOBILITY:0.4980423075484309
C_KINGSAFETY:0.48772950923576014
C_PAWNSTRUCTURE:0.5330814223553438
C_PIECECOORDINATION:0.510836644917713
C_ROOKANDPAWNMOVEMENT:0.510836644917713
C_CENTERCONTROL:0.503953227341808
C_DEVELOPPIECES:0.5214562711168392
C_MATERIAL:0.4779188985248847
