ELO:966
CE_PASSEDPAWNS:0.4810447240141455
CE_PAWNWEAKNESSES:0.44720507934500897
CE_PIECEACTIVITY:0.5195405143304077
CE_KINGPAWNSHIELD:0.5346183664863272
CE_PIECECOORDINATION:0.5196347381614677
CE_MATERIAL:0.4622118576438638
CE_KINGSAFETY:0.5100048001448944
C_PIECESQUARETABLES:0.5
C_MOBILITY:0.5144284929688387
C_KINGSAFETY:0.48850571033063717
C_PAWNSTRUCTURE:0.4896869179530036
C_PIECECOORDINATION:0.49464547411724646
C_ROOKANDPAWNMOVEMENT:0.49464547411724646
C_CENTERCONTROL:0.45889214541338813
C_DEVELOPPIECES:0.5241140024444495
C_MATERIAL:0.5634759730735666
C_MOVECOUNT:0.521348331562941
