ELO:1000
CE_PASSEDPAWNS:0.49121699338393654
CE_PAWNWEAKNESSES:0.4887429585526974
CE_PIECEACTIVITY:0.5
CE_KINGPAWNSHIELD:0.5080769128560774
CE_PIECECOORDINATION:0.49766724946544133
CE_MATERIAL:0.5059785672000591
CE_KINGSAFETY:0.5192600321564804
C_PIECESQUARETABLES:0.5110368063698184
C_MOBILITY:0.5201301091777057
C_KINGSAFETY:0.5153232039414162
C_PAWNSTRUCTURE:0.5102046030268154
C_PIECECOORDINATION:0.5097134518058196
C_ROOKANDPAWNMOVEMENT:0.5097134518058196
C_CENTERCONTROL:0.4853154132109472
C_DEVELOPPIECES:0.5069089549252326
C_MATERIAL:0.5008890287244033
