ELO:1000
CE_PASSEDPAWNS:0.5045550920495535
CE_PAWNWEAKNESSES:0.5151759641575235
CE_PIECEACTIVITY:0.5085548564614705
CE_KINGPAWNSHIELD:0.4956873523821867
CE_PIECECOORDINATION:0.5008071295980966
CE_MATERIAL:0.47749874088954974
CE_KINGSAFETY:0.49310787300163245
C_PIECESQUARETABLES:0.48386314751794546
C_MOBILITY:0.4918402822762115
C_KINGSAFETY:0.48347831322805296
C_PAWNSTRUCTURE:0.49984145116576834
C_PIECECOORDINATION:0.5146752819947217
C_ROOK:0.5096401867591909
CE_ROOK:0.4821303139038926
C_CENTERCONTROL:0.49529739002304696
C_DEVELOPPIECES:0.516847938314593
C_MATERIAL:0.4992123053455677
C_MOVECOUNT:0.5134782611811842
C_PAWNMOVEMENT:0.5007572282235006
