ELO:1003
CE_PASSEDPAWNS:0.49466509944209847
CE_PAWNWEAKNESSES:0.5008442145719318
CE_PIECEACTIVITY:0.5038421339517635
CE_KINGPAWNSHIELD:0.520869163397991
CE_PIECECOORDINATION:0.5021572903359859
CE_MATERIAL:0.5006403452704119
CE_KINGSAFETY:0.5
C_PIECESQUARETABLES:0.5
C_MOBILITY:0.4937456117851953
C_KINGSAFETY:0.4926899323073703
C_PAWNSTRUCTURE:0.48622638489785863
C_PIECECOORDINATION:0.4939065445797985
C_ROOK:0.5439003054242
CE_ROOK:0.4946989556359861
C_CENTERCONTROL:0.503935985226219
C_DEVELOPPIECES:0.45982861942242165
C_MATERIAL:0.5414671902828214
C_MOVECOUNT:0.4971715690452809
C_PAWNMOVEMENT:0.5067433395669816
