ELO:1012
CE_PASSEDPAWNS:0.49424108628794977
CE_PAWNWEAKNESSES:0.49700010940072165
CE_PIECEACTIVITY:0.536126537828116
CE_KINGPAWNSHIELD:0.5062572866036095
CE_PIECECOORDINATION:0.5021572903359859
CE_MATERIAL:0.4883921185230075
CE_KINGSAFETY:0.5
C_PIECESQUARETABLES:0.5
C_MOBILITY:0.5011218318521301
C_KINGSAFETY:0.49646121310738495
C_PAWNSTRUCTURE:0.5197885429922712
C_PIECECOORDINATION:0.5
C_ROOK:0.5439003054242
CE_ROOK:0.479067990043031
C_CENTERCONTROL:0.48100842722397014
C_DEVELOPPIECES:0.4592296550089678
C_MATERIAL:0.48953476232607335
C_MOVECOUNT:0.4727038447097598
C_PAWNMOVEMENT:0.5
