ELO:1000
CE_PASSEDPAWNS:0.4885546508297274
CE_PAWNWEAKNESSES:0.5060288364082217
CE_PIECEACTIVITY:0.5086119095597922
CE_KINGPAWNSHIELD:0.5
CE_PIECECOORDINATION:0.5
CE_MATERIAL:0.5
CE_KINGSAFETY:0.5088421851911574
C_PIECESQUARETABLES:0.510950973154944
C_MOBILITY:0.5060686932496785
C_KINGSAFETY:0.5041400771967692
C_PAWNSTRUCTURE:0.5043882420727879
C_PIECECOORDINATION:0.5
C_ROOK:0.5078213978068271
CE_ROOK:0.5
C_CENTERCONTROL:0.5026557104397109
C_DEVELOPPIECES:0.5
C_MATERIAL:0.4946211531183931
C_MOVECOUNT:0.5020284722255702
C_PAWNMOVEMENT:0.5
