ELO:1031
CE_PASSEDPAWNS:0.505371987852111
CE_PAWNWEAKNESSES:0.5099810057414877
CE_PIECEACTIVITY:0.482217414836652
CE_KINGPAWNSHIELD:0.5
CE_PIECECOORDINATION:0.49900171026368506
CE_MATERIAL:0.48948807767831876
CE_KINGSAFETY:0.5
C_PIECESQUARETABLES:0.5
C_MOBILITY:0.5
C_KINGSAFETY:0.5
C_PAWNSTRUCTURE:0.5
C_PIECECOORDINATION:0.5014535583326579
C_ROOKANDPAWNMOVEMENT:0.5014535583326579
C_CENTERCONTROL:0.4969606766506738
C_DEVELOPPIECES:0.5
C_MATERIAL:0.5020064976637507
C_MOVECOUNT:0.4941211558133901
