ELO:1011
CE_PASSEDPAWNS:0.49657559585567634
CE_PAWNWEAKNESSES:0.5144552999393877
CE_PIECEACTIVITY:0.5
CE_KINGPAWNSHIELD:0.4816190804823163
CE_PIECECOORDINATION:0.5014423577072927
CE_MATERIAL:0.5310803442085432
CE_KINGSAFETY:0.5
C_PIECESQUARETABLES:0.5054549880601431
C_MOBILITY:0.5
C_KINGSAFETY:0.5082040557432979
C_PAWNSTRUCTURE:0.4995762438477835
C_PIECECOORDINATION:0.5075550983376358
C_ROOKANDPAWNMOVEMENT:0.5075550983376358
C_CENTERCONTROL:0.5118403304811949
C_DEVELOPPIECES:0.4797193347394293
C_MATERIAL:0.5220452987675831
C_MOVECOUNT:0.5007891984383415
