ELO:1046
CE_PASSEDPAWNS:0.46995735799794913
CE_PAWNWEAKNESSES:0.45055251555702586
CE_PIECEACTIVITY:0.49774528197449275
CE_KINGPAWNSHIELD:0.5327372530986952
CE_PIECECOORDINATION:0.4696724593437243
CE_MATERIAL:0.4868496530773326
CE_KINGSAFETY:0.5
C_PIECESQUARETABLES:0.5
C_MOBILITY:0.5118440828964529
C_KINGSAFETY:0.5022794874139891
C_PAWNSTRUCTURE:0.5000472854475159
C_PIECECOORDINATION:0.45750681799121495
C_ROOKANDPAWNMOVEMENT:0.45750681799121495
C_CENTERCONTROL:0.5090048804564443
C_DEVELOPPIECES:0.4634175958668163
C_MATERIAL:0.5171288501257149
C_MOVECOUNT:0.5
