ELO:981
CE_PASSEDPAWNS:0.4392308061898627
CE_PAWNWEAKNESSES:0.46992055245057024
CE_PIECEACTIVITY:0.47089352635696635
CE_KINGPAWNSHIELD:0.48801153487185384
CE_PIECECOORDINATION:0.4898688336115719
CE_MATERIAL:0.4809090220611258
CE_KINGSAFETY:0.4843070556636527
C_PIECESQUARETABLES:0.4910094906697889
C_MOBILITY:0.4857622655263369
C_KINGSAFETY:0.5593054979708592
C_PAWNSTRUCTURE:0.5063970368931655
C_PIECECOORDINATION:0.5536233686480577
C_ROOKANDPAWNMOVEMENT:0.5536233686480577
C_CENTERCONTROL:0.5357039804958939
C_DEVELOPPIECES:0.5379524118036259
C_MATERIAL:0.5218250003230421
