ELO:1009
CE_PASSEDPAWNS:0.49238334381099325
CE_PAWNWEAKNESSES:0.5196248251063191
CE_PIECEACTIVITY:0.5086119095597922
CE_KINGPAWNSHIELD:0.48390087593985487
CE_PIECECOORDINATION:0.49668059447145513
CE_MATERIAL:0.5091793392893041
CE_KINGSAFETY:0.5
C_PIECESQUARETABLES:0.5
C_MOBILITY:0.5255790311071536
C_KINGSAFETY:0.5041400771967692
C_PAWNSTRUCTURE:0.5195972582034951
C_PIECECOORDINATION:0.5114642214190468
C_ROOK:0.5203682180096144
CE_ROOK:0.4955555074485283
C_CENTERCONTROL:0.5026557104397109
C_DEVELOPPIECES:0.4796840371806223
C_MATERIAL:0.49615724951987017
C_MOVECOUNT:0.4956180066905621
C_PAWNMOVEMENT:0.480528182705387
