ELO:1029
CE_PASSEDPAWNS:0.5086845149483613
CE_PAWNWEAKNESSES:0.48786748113470474
CE_PIECEACTIVITY:0.5140013796464538
CE_KINGPAWNSHIELD:0.5
CE_PIECECOORDINATION:0.5037716957336067
CE_MATERIAL:0.47623674395074067
CE_KINGSAFETY:0.5
C_PIECESQUARETABLES:0.5
C_MOBILITY:0.49551038450189505
C_KINGSAFETY:0.5053259434550856
C_PAWNSTRUCTURE:0.4973741477561599
C_PIECECOORDINATION:0.5097905976848707
C_ROOKANDPAWNMOVEMENT:0.5097905976848707
C_CENTERCONTROL:0.5017126344380745
C_DEVELOPPIECES:0.508238524862854
C_MATERIAL:0.5058534149333358
C_MOVECOUNT:0.5
