ELO:929
CE_PASSEDPAWNS:0.49785092962838884
CE_PAWNWEAKNESSES:0.5195175670007511
CE_PIECEACTIVITY:0.5066227927551297
CE_KINGPAWNSHIELD:0.5071080543207136
CE_PIECECOORDINATION:0.5281542723818098
CE_MATERIAL:0.5418387864805307
CE_KINGSAFETY:0.5072301734001702
C_PIECESQUARETABLES:0.4778574039154339
C_MOBILITY:0.48121758174012563
C_KINGSAFETY:0.5295786324912902
C_PAWNSTRUCTURE:0.5189907666466261
C_PIECECOORDINATION:0.503189706951802
C_ROOKANDPAWNMOVEMENT:0.503189706951802
C_CENTERCONTROL:0.5059384737980815
C_DEVELOPPIECES:0.4503274967290031
C_MATERIAL:0.5546070776718867
