ELO:918
CE_PASSEDPAWNS:0.5046962353312109
CE_PAWNWEAKNESSES:0.5110801680142187
CE_PIECEACTIVITY:0.47102001120500386
CE_KINGPAWNSHIELD:0.4820580843077434
CE_PIECECOORDINATION:0.5089333303223225
CE_MATERIAL:0.5147428348212434
CE_KINGSAFETY:0.5025566173765277
C_PIECESQUARETABLES:0.497805123424745
C_MOBILITY:0.4910358872470548
C_KINGSAFETY:0.5010888942389958
C_PAWNSTRUCTURE:0.4914988980104006
C_PIECECOORDINATION:0.5000930791018763
C_ROOKANDPAWNMOVEMENT:0.5000930791018763
C_CENTERCONTROL:0.4983074626129035
C_DEVELOPPIECES:0.4663276143310566
C_MATERIAL:0.5024054425920573
C_MOVECOUNT:0.5
