ELO:947
CE_PASSEDPAWNS:0.5059368044033734
CE_PAWNWEAKNESSES:0.49207867531584915
CE_PIECEACTIVITY:0.5024131696930149
CE_KINGPAWNSHIELD:0.4940205060018254
CE_PIECECOORDINATION:0.5448239439950693
CE_MATERIAL:0.5165336782685372
CE_KINGSAFETY:0.4973967130818839
C_PIECESQUARETABLES:0.4783251857764571
C_MOBILITY:0.5056218797052572
C_KINGSAFETY:0.5134588527222357
C_PAWNSTRUCTURE:0.5242884713787676
C_PIECECOORDINATION:0.5069406287629361
C_ROOKANDPAWNMOVEMENT:0.5069406287629361
C_CENTERCONTROL:0.4930530986829691
C_DEVELOPPIECES:0.4947352571048548
C_MATERIAL:0.5
C_MOVECOUNT:0.5
