ELO:1089
CE_PASSEDPAWNS:0.619712732432703
CE_PAWNWEAKNESSES:0.4970928396800884
CE_PIECEACTIVITY:0.47440528261088416
CE_KINGPAWNSHIELD:0.4364627192950183
CE_PIECECOORDINATION:0.468199511275883
CE_MATERIAL:0.4524189024750439
CE_KINGSAFETY:0.4881255503869682
C_PIECESQUARETABLES:0.4989597350971674
C_MOBILITY:0.5328411173104911
C_KINGSAFETY:0.6354537064656538
C_PAWNSTRUCTURE:0.4331365858143777
C_PIECECOORDINATION:0.45156849829743717
C_ROOKANDPAWNMOVEMENT:0.45156849829743717
C_CENTERCONTROL:0.5950807393419414
C_DEVELOPPIECES:0.5701666895193717
C_MATERIAL:0.41767001133546594
