ELO:768
CE_PASSEDPAWNS:0.5991490884487003
CE_PAWNWEAKNESSES:0.4272311341544737
CE_PIECEACTIVITY:0.4785020889137002
CE_KINGPAWNSHIELD:0.44361058150307053
CE_PIECECOORDINATION:0.4645578567058143
CE_MATERIAL:0.47266327694762317
CE_KINGSAFETY:0.5356885067293314
C_PIECESQUARETABLES:0.520098352203138
C_MOBILITY:0.5773801719759968
C_KINGSAFETY:0.45982926540743135
C_PAWNSTRUCTURE:0.4845134735689564
C_PIECECOORDINATION:0.47031116789255706
C_ROOKANDPAWNMOVEMENT:0.47031116789255706
C_CENTERCONTROL:0.3851366227410927
C_DEVELOPPIECES:0.35492576046279534
C_MATERIAL:0.4891125955937903
C_MOVECOUNT:0.5020335994050378
