ELO:871
CE_PASSEDPAWNS:0.4556756031132627
CE_PAWNWEAKNESSES:0.4132685492013337
CE_PIECEACTIVITY:0.4852018764229248
CE_KINGPAWNSHIELD:0.47945431853146725
CE_PIECECOORDINATION:0.5191654096712988
CE_MATERIAL:0.5258863601833385
CE_KINGSAFETY:0.49169883871659825
C_PIECESQUARETABLES:0.4266444828312887
C_MOBILITY:0.5778426655876061
C_KINGSAFETY:0.3962611540667023
C_PAWNSTRUCTURE:0.5950413165458148
C_PIECECOORDINATION:0.5355051770935587
C_ROOKANDPAWNMOVEMENT:0.5355051770935587
C_CENTERCONTROL:0.493285232374439
C_DEVELOPPIECES:0.5111036258320395
C_MATERIAL:0.4975030836913732
