ELO:987
CE_PASSEDPAWNS:0.5167525512097292
CE_PAWNWEAKNESSES:0.5128006174420839
CE_PIECEACTIVITY:0.49348509079676967
CE_KINGPAWNSHIELD:0.5139333797022205
CE_PIECECOORDINATION:0.5130661530163041
CE_MATERIAL:0.4813761471214208
CE_KINGSAFETY:0.49865661387354887
C_PIECESQUARETABLES:0.4934191567561864
C_MOBILITY:0.4985248976167987
C_KINGSAFETY:0.4997252690665026
C_PAWNSTRUCTURE:0.45732216337437687
C_PIECECOORDINATION:0.5125453461592527
C_ROOKANDPAWNMOVEMENT:0.5125453461592527
C_CENTERCONTROL:0.4848852436747761
C_DEVELOPPIECES:0.5
C_MATERIAL:0.5159805399022642
