ELO:791
CE_PASSEDPAWNS:0.5348598059795256
CE_PAWNWEAKNESSES:0.44935858346745616
CE_PIECEACTIVITY:0.5300175006607902
CE_KINGPAWNSHIELD:0.5575014601438539
CE_PIECECOORDINATION:0.5167775382056548
CE_MATERIAL:0.5328417113314045
CE_KINGSAFETY:0.5349358287534706
C_PIECESQUARETABLES:0.5149014016531767
C_MOBILITY:0.40263665880262745
C_KINGSAFETY:0.458122265066302
C_PAWNSTRUCTURE:0.4586098362123688
C_PIECECOORDINATION:0.5547339081656111
C_ROOKANDPAWNMOVEMENT:0.5547339081656111
C_CENTERCONTROL:0.5766264847160489
C_DEVELOPPIECES:0.5341463378183083
C_MATERIAL:0.5463850670377618
C_MOVECOUNT:0.5
