ELO:981
CE_PASSEDPAWNS:0.5140685010755365
CE_PAWNWEAKNESSES:0.5050857401644147
CE_PIECEACTIVITY:0.4996597609353085
CE_KINGPAWNSHIELD:0.4772727814829627
CE_PIECECOORDINATION:0.5169257378789017
CE_MATERIAL:0.5155167468840453
CE_KINGSAFETY:0.5091985923187389
C_PIECESQUARETABLES:0.5041040740170275
C_MOBILITY:0.5055299604900854
C_KINGSAFETY:0.4845192864986118
C_PAWNSTRUCTURE:0.5033802586424942
C_PIECECOORDINATION:0.5054573987268263
C_ROOKANDPAWNMOVEMENT:0.5054573987268263
C_CENTERCONTROL:0.5072513016653629
C_DEVELOPPIECES:0.5
C_MATERIAL:0.4998632449915931
C_MOVECOUNT:0.49401747255938294
