ELO:835
CE_PASSEDPAWNS:0.3927800785778384
CE_PAWNWEAKNESSES:0.5858790317873971
CE_PIECEACTIVITY:0.4536324456420821
CE_KINGPAWNSHIELD:0.4962804652479511
CE_PIECECOORDINATION:0.4186919258873243
CE_MATERIAL:0.6312385074926384
CE_KINGSAFETY:0.495494098688468
C_PIECESQUARETABLES:0.5063092658791366
C_MOBILITY:0.3240038998053957
C_KINGSAFETY:0.6518802706972865
C_PAWNSTRUCTURE:0.49420056855385974
C_PIECECOORDINATION:0.5324153337633681
C_ROOKANDPAWNMOVEMENT:0.5324153337633681
C_CENTERCONTROL:0.6485682560394362
C_DEVELOPPIECES:0.5549053978285841
C_MATERIAL:0.3405624267696623
