ELO:1021
CE_PASSEDPAWNS:0.5557586268789815
CE_PAWNWEAKNESSES:0.5793305811251056
CE_PIECEACTIVITY:0.466895427356736
CE_KINGPAWNSHIELD:0.49701832716079214
CE_PIECECOORDINATION:0.5158725654096198
CE_MATERIAL:0.4163596542194469
CE_KINGSAFETY:0.5048070827065112
C_PIECESQUARETABLES:0.4717231346986431
C_MOBILITY:0.5714401330117064
C_KINGSAFETY:0.571111334253002
C_PAWNSTRUCTURE:0.535792775068166
C_PIECECOORDINATION:0.5571888383562859
C_ROOKANDPAWNMOVEMENT:0.5571888383562859
C_CENTERCONTROL:0.5022770222259868
C_DEVELOPPIECES:0.46767927867072656
C_MATERIAL:0.5513364077221379
