ELO:960
CE_PASSEDPAWNS:0.4505368971367166
CE_PAWNWEAKNESSES:0.49522366026303355
CE_PIECEACTIVITY:0.48368346357617764
CE_KINGPAWNSHIELD:0.47592816521007886
CE_PIECECOORDINATION:0.5823866097772766
CE_MATERIAL:0.5688910062002447
CE_KINGSAFETY:0.5071631599425037
C_PIECESQUARETABLES:0.5460922758917969
C_MOBILITY:0.48216864250040237
C_KINGSAFETY:0.48598884819577404
C_PAWNSTRUCTURE:0.6440765736011407
C_PIECECOORDINATION:0.4475388730450636
C_ROOKANDPAWNMOVEMENT:0.4475388730450636
C_CENTERCONTROL:0.44903116006610827
C_DEVELOPPIECES:0.5681369888366946
C_MATERIAL:0.4275917178735562
