ELO:1026
CE_PASSEDPAWNS:0.5008355912806989
CE_PAWNWEAKNESSES:0.49071123319175375
CE_PIECEACTIVITY:0.503546042562659
CE_KINGPAWNSHIELD:0.5
CE_PIECECOORDINATION:0.5
CE_MATERIAL:0.49797123214837336
CE_KINGSAFETY:0.493124399025946
C_PIECESQUARETABLES:0.4946319685980929
C_MOBILITY:0.5021008839133035
C_KINGSAFETY:0.49742876235793043
C_PAWNSTRUCTURE:0.5005071807915786
C_PIECECOORDINATION:0.505294587399091
C_ROOKANDPAWNMOVEMENT:0.505294587399091
C_CENTERCONTROL:0.5
C_DEVELOPPIECES:0.5
C_MATERIAL:0.505667876476108
C_MOVECOUNT:0.5
