ELO:950
CE_PASSEDPAWNS:0.49281912550992535
CE_PAWNWEAKNESSES:0.49622080910209754
CE_PIECEACTIVITY:0.5110729922685668
CE_KINGPAWNSHIELD:0.5272266361679715
CE_PIECECOORDINATION:0.49704752767611465
CE_MATERIAL:0.4935978702391828
CE_KINGSAFETY:0.5
C_PIECESQUARETABLES:0.5
C_MOBILITY:0.47581281759381666
C_KINGSAFETY:0.5020708584267617
C_PAWNSTRUCTURE:0.5405357594086297
C_PIECECOORDINATION:0.46518372191243296
C_ROOK:0.5092796687578456
CE_ROOK:0.489141010856246
C_CENTERCONTROL:0.4341531084665687
C_DEVELOPPIECES:0.5163886598654207
C_MATERIAL:0.48120331758677054
C_MOVECOUNT:0.4986794990906964
C_PAWNMOVEMENT:0.49301602562139824
