ELO:817
CE_PASSEDPAWNS:0.538286675676654
CE_PAWNWEAKNESSES:0.5217781359219178
CE_PIECEACTIVITY:0.4891942685616434
CE_KINGPAWNSHIELD:0.5137475221513377
CE_PIECECOORDINATION:0.525978980870773
CE_MATERIAL:0.499022937088758
CE_KINGSAFETY:0.495214419534602
C_PIECESQUARETABLES:0.5001479964070134
C_MOBILITY:0.4979222052210187
C_KINGSAFETY:0.4763425313998619
C_PAWNSTRUCTURE:0.5499187231416148
C_PIECECOORDINATION:0.4752117303873693
C_ROOKANDPAWNMOVEMENT:0.4752117303873693
C_CENTERCONTROL:0.4953267335746668
C_DEVELOPPIECES:0.49608398418786687
C_MATERIAL:0.508232832539324
C_MOVECOUNT:0.5064037035691634
