ELO:974
CE_PASSEDPAWNS:0.5163958756345727
CE_PAWNWEAKNESSES:0.5265957895934673
CE_PIECEACTIVITY:0.4924869070767094
CE_KINGPAWNSHIELD:0.49861123932964235
CE_PIECECOORDINATION:0.5097983488928293
CE_MATERIAL:0.49010788065981264
CE_KINGSAFETY:0.48821211335909687
C_PIECESQUARETABLES:0.5343917060833381
C_MOBILITY:0.49842229773500424
C_KINGSAFETY:0.5214103306144654
C_PAWNSTRUCTURE:0.5103773622886365
C_PIECECOORDINATION:0.49954268483638253
C_ROOKANDPAWNMOVEMENT:0.49954268483638253
C_CENTERCONTROL:0.47756736725965254
C_DEVELOPPIECES:0.5094900944707136
C_MATERIAL:0.5029473377972378
C_MOVECOUNT:0.5163606461264802
