ELO:823
CE_PASSEDPAWNS:0.3720430816791348
CE_PAWNWEAKNESSES:0.5466745894008812
CE_PIECEACTIVITY:0.4333499887738427
CE_KINGPAWNSHIELD:0.5042742730497733
CE_PIECECOORDINATION:0.45387081003186497
CE_MATERIAL:0.6170089432924338
CE_KINGSAFETY:0.41740577537634205
C_PIECESQUARETABLES:0.5384099731757074
C_MOBILITY:0.3265399560776585
C_KINGSAFETY:0.6223766941187373
C_PAWNSTRUCTURE:0.5095406597555635
C_PIECECOORDINATION:0.5361637058659721
C_ROOKANDPAWNMOVEMENT:0.5361637058659721
C_CENTERCONTROL:0.6442463358279781
C_DEVELOPPIECES:0.5562388562856757
C_MATERIAL:0.37077092828878283
