ELO:988
CE_PASSEDPAWNS:0.3671258369474086
CE_PAWNWEAKNESSES:0.513340004671264
CE_PIECEACTIVITY:0.5618857848298496
CE_KINGPAWNSHIELD:0.4766362567883212
CE_PIECECOORDINATION:0.4494655420067696
CE_MATERIAL:0.5025045149747195
CE_KINGSAFETY:0.5081910035429555
C_PIECESQUARETABLES:0.5
C_MOBILITY:0.5050077965526334
C_KINGSAFETY:0.5889568435258254
C_PAWNSTRUCTURE:0.32366727568144926
C_PIECECOORDINATION:0.5443249104458191
C_ROOKANDPAWNMOVEMENT:0.5443249104458191
C_CENTERCONTROL:0.36869501357870393
C_DEVELOPPIECES:0.48678372056462393
C_MATERIAL:0.6913145078633702
