ELO:895
CE_PASSEDPAWNS:0.4673018053299559
CE_PAWNWEAKNESSES:0.5011732807082605
CE_PIECEACTIVITY:0.48882528830420696
CE_KINGPAWNSHIELD:0.5662317334910923
CE_PIECECOORDINATION:0.5064439415284823
CE_MATERIAL:0.5171766881064866
CE_KINGSAFETY:0.5047996114704895
C_PIECESQUARETABLES:0.4982195348046242
C_MOBILITY:0.5496068359817247
C_KINGSAFETY:0.5
C_PAWNSTRUCTURE:0.47056948084304145
C_PIECECOORDINATION:0.5396347227154471
C_ROOKANDPAWNMOVEMENT:0.5396347227154471
C_CENTERCONTROL:0.5377264803848367
C_DEVELOPPIECES:0.5145600378551779
C_MATERIAL:0.48814023146100655
C_MOVECOUNT:0.5
