ELO:1000
CE_PASSEDPAWNS:0.46979710327781143
CE_PAWNWEAKNESSES:0.46229642059898163
CE_PIECEACTIVITY:0.4968499536429075
CE_KINGPAWNSHIELD:0.47618019313919896
CE_PIECECOORDINATION:0.5589021405553826
CE_MATERIAL:0.5764944256073832
CE_KINGSAFETY:0.5275780980550635
C_PIECESQUARETABLES:0.4991470303157291
C_MOBILITY:0.5360825641776122
C_KINGSAFETY:0.5176073677528963
C_PAWNSTRUCTURE:0.6007735191228666
C_PIECECOORDINATION:0.4667883746367465
C_ROOKANDPAWNMOVEMENT:0.4667883746367465
C_CENTERCONTROL:0.47766093544688715
C_DEVELOPPIECES:0.5430477256151577
C_MATERIAL:0.42314646487117896
