ELO:907
CE_PASSEDPAWNS:0.5224676001423394
CE_PAWNWEAKNESSES:0.5753735386544282
CE_PIECEACTIVITY:0.4240452556365215
CE_KINGPAWNSHIELD:0.42880605929484295
CE_PIECECOORDINATION:0.4117438018466629
CE_MATERIAL:0.6091562535434221
CE_KINGSAFETY:0.4958792230235734
C_PIECESQUARETABLES:0.5053709798658991
C_MOBILITY:0.5112372397602543
C_KINGSAFETY:0.5531600022564784
C_PAWNSTRUCTURE:0.5549347571186449
C_PIECECOORDINATION:0.4694751304695176
C_ROOKANDPAWNMOVEMENT:0.4694751304695176
C_CENTERCONTROL:0.46200677739429025
C_DEVELOPPIECES:0.4498300888014663
C_MATERIAL:0.44250579235830984
