ELO:821
CE_PASSEDPAWNS:0.3708791307762103
CE_PAWNWEAKNESSES:0.5439966375400472
CE_PIECEACTIVITY:0.41419018234949867
CE_KINGPAWNSHIELD:0.49211760167816787
CE_PIECECOORDINATION:0.446684123734205
CE_MATERIAL:0.6217147742556817
CE_KINGSAFETY:0.5058246448266562
C_PIECESQUARETABLES:0.5
C_MOBILITY:0.32323153033127877
C_KINGSAFETY:0.632686442072353
C_PAWNSTRUCTURE:0.5144331790209402
C_PIECECOORDINATION:0.5395189211129067
C_ROOKANDPAWNMOVEMENT:0.5395189211129067
C_CENTERCONTROL:0.6442463358279781
C_DEVELOPPIECES:0.5527051848098206
C_MATERIAL:0.37077092828878283
