ELO:1060
CE_PASSEDPAWNS:0.5772527796076409
CE_PAWNWEAKNESSES:0.49812736182742695
CE_PIECEACTIVITY:0.5686659566488337
CE_KINGPAWNSHIELD:0.5162997968099955
CE_PIECECOORDINATION:0.5505261515832398
CE_MATERIAL:0.4870316157511659
CE_KINGSAFETY:0.5
C_PIECESQUARETABLES:0.5
C_MOBILITY:0.5757805512777072
C_KINGSAFETY:0.6048464338188463
C_PAWNSTRUCTURE:0.4719235334405244
C_PIECECOORDINATION:0.5465216643486327
C_ROOKANDPAWNMOVEMENT:0.5465216643486327
C_CENTERCONTROL:0.4113794579151224
C_DEVELOPPIECES:0.5400706620525839
C_MATERIAL:0.5219994414060783
