ELO:1022
CE_PASSEDPAWNS:0.5684983976727707
CE_PAWNWEAKNESSES:0.5349179836012515
CE_PIECEACTIVITY:0.5887119023452457
CE_KINGPAWNSHIELD:0.5517992573975683
CE_PIECECOORDINATION:0.3626725358210026
CE_MATERIAL:0.4858120135730054
CE_KINGSAFETY:0.49942559210296134
C_PIECESQUARETABLES:0.5
C_MOBILITY:0.5653532548502203
C_KINGSAFETY:0.5289602507062696
C_PAWNSTRUCTURE:0.49094305424914203
C_PIECECOORDINATION:0.570280862874615
C_ROOKANDPAWNMOVEMENT:0.570280862874615
C_CENTERCONTROL:0.5117005212114359
C_DEVELOPPIECES:0.4942999253608866
C_MATERIAL:0.528808381641457
