ELO:1000
CE_PASSEDPAWNS:0.4739775823952932
CE_PAWNWEAKNESSES:0.5224734153206826
CE_PIECEACTIVITY:0.533185935003849
CE_KINGPAWNSHIELD:0.5403768816633016
CE_PIECECOORDINATION:0.5165302457623611
CE_MATERIAL:0.526027582626865
CE_KINGSAFETY:0.5025376781978643
C_PIECESQUARETABLES:0.5412855161752245
C_MOBILITY:0.5482493701726217
C_KINGSAFETY:0.4711526079760457
C_PAWNSTRUCTURE:0.5190783375006419
C_PIECECOORDINATION:0.4679017796988496
C_ROOKANDPAWNMOVEMENT:0.4679017796988496
C_CENTERCONTROL:0.4833367956859841
C_DEVELOPPIECES:0.5031120417403427
C_MATERIAL:0.44244269991388774
