ELO:988
CE_PASSEDPAWNS:0.3766984296587896
CE_PAWNWEAKNESSES:0.5086530027826172
CE_PIECEACTIVITY:0.5539763301202957
CE_KINGPAWNSHIELD:0.47864428032448064
CE_PIECECOORDINATION:0.44853978769506736
CE_MATERIAL:0.5137715330246203
CE_KINGSAFETY:0.4935815218542901
C_PIECESQUARETABLES:0.49854221127666254
C_MOBILITY:0.5053958312875614
C_KINGSAFETY:0.5116754657988196
C_PAWNSTRUCTURE:0.32540936987674557
C_PIECECOORDINATION:0.4581206312596119
C_ROOKANDPAWNMOVEMENT:0.4581206312596119
C_CENTERCONTROL:0.35488331713916
C_DEVELOPPIECES:0.5067495606305472
C_MATERIAL:0.6814814206511128
