ELO:1033
CE_PASSEDPAWNS:0.5122887991787427
CE_PAWNWEAKNESSES:0.5080542188185451
CE_PIECEACTIVITY:0.5
CE_KINGPAWNSHIELD:0.5
CE_PIECECOORDINATION:0.5
CE_MATERIAL:0.5123684607753864
CE_KINGSAFETY:0.505640944840315
C_PIECESQUARETABLES:0.4799263298595834
C_MOBILITY:0.5044076743498798
C_KINGSAFETY:0.5
C_PAWNSTRUCTURE:0.4951005460236457
C_PIECECOORDINATION:0.49683856793443265
C_ROOK:0.5
CE_ROOK:0.5197994790356795
C_CENTERCONTROL:0.5
C_DEVELOPPIECES:0.4897693426026144
C_MATERIAL:0.5121608666681015
C_MOVECOUNT:0.5
C_PAWNMOVEMENT:0.5062110727727246
