ELO:947
CE_PASSEDPAWNS:0.5130568537226735
CE_PAWNWEAKNESSES:0.4909977564900004
CE_PIECEACTIVITY:0.5185824933817668
CE_KINGPAWNSHIELD:0.5341829403854035
CE_PIECECOORDINATION:0.5056426197418352
CE_MATERIAL:0.4873790638934279
CE_KINGSAFETY:0.48988967822863055
C_PIECESQUARETABLES:0.4949691557168711
C_MOBILITY:0.47802579788247207
C_KINGSAFETY:0.49296950564516123
C_PAWNSTRUCTURE:0.5329906988217088
C_PIECECOORDINATION:0.44495174672821397
C_ROOK:0.5041579264529815
CE_ROOK:0.49386833419745174
C_CENTERCONTROL:0.4532462172405804
C_DEVELOPPIECES:0.5074374471405584
C_MATERIAL:0.49597997368727303
C_MOVECOUNT:0.5009337455945969
C_PAWNMOVEMENT:0.5106114856211049
