ELO:720
CE_PASSEDPAWNS:0.5668220673256197
CE_PAWNWEAKNESSES:0.5175548412465898
CE_PIECEACTIVITY:0.5855433690015911
CE_KINGPAWNSHIELD:0.43780040432582334
CE_PIECECOORDINATION:0.5600694677445655
CE_MATERIAL:0.5987091211244742
CE_KINGSAFETY:0.48770610972945
C_PIECESQUARETABLES:0.5121596432967981
C_MOBILITY:0.5553788597963875
C_KINGSAFETY:0.4772835325175277
C_PAWNSTRUCTURE:0.47968090569097305
C_PIECECOORDINATION:0.4741576012315077
C_ROOKANDPAWNMOVEMENT:0.4741576012315077
C_CENTERCONTROL:0.42892643235543043
C_DEVELOPPIECES:0.49462946264055124
C_MATERIAL:0.5160815612454447
C_MOVECOUNT:0.47160886980396943
