ELO:1000
CE_PASSEDPAWNS:0.4579441897007467
CE_PAWNWEAKNESSES:0.4614333690113306
CE_PIECEACTIVITY:0.5299722704239958
CE_KINGPAWNSHIELD:0.48802789458310963
CE_PIECECOORDINATION:0.5562791756716806
CE_MATERIAL:0.571770219335683
CE_KINGSAFETY:0.5061046726173467
C_PIECESQUARETABLES:0.48893560161091404
C_MOBILITY:0.5338376938000172
C_KINGSAFETY:0.4855232729660292
C_PAWNSTRUCTURE:0.5296733845566657
C_PIECECOORDINATION:0.472612264348979
C_ROOKANDPAWNMOVEMENT:0.472612264348979
C_CENTERCONTROL:0.48059415962427104
C_DEVELOPPIECES:0.5338723886392092
C_MATERIAL:0.45977850479180393
