ELO:937
CE_PASSEDPAWNS:0.4694269979503348
CE_PAWNWEAKNESSES:0.4512361172955996
CE_PIECEACTIVITY:0.477966299790808
CE_KINGPAWNSHIELD:0.49961862048082517
CE_PIECECOORDINATION:0.5225124230145126
CE_MATERIAL:0.5289067054475256
CE_KINGSAFETY:0.49744197879623386
C_PIECESQUARETABLES:0.4482083617250498
C_MOBILITY:0.5961799488187857
C_KINGSAFETY:0.4007392615750302
C_PAWNSTRUCTURE:0.5789929800003009
C_PIECECOORDINATION:0.5198036933503826
C_ROOKANDPAWNMOVEMENT:0.5198036933503826
C_CENTERCONTROL:0.5057614855734607
C_DEVELOPPIECES:0.4877993836633962
C_MATERIAL:0.46643966605744086
