ELO:1051
CE_PASSEDPAWNS:0.43990025084672557
CE_PAWNWEAKNESSES:0.518779401448761
CE_PIECEACTIVITY:0.47730482955289316
CE_KINGPAWNSHIELD:0.48236972422058016
CE_PIECECOORDINATION:0.4986479316490109
CE_MATERIAL:0.543392502788642
CE_KINGSAFETY:0.5
C_PIECESQUARETABLES:0.5
C_MOBILITY:0.5812693077273573
C_KINGSAFETY:0.434064803026573
C_PAWNSTRUCTURE:0.4719235334405244
C_PIECECOORDINATION:0.5297337062100067
C_ROOKANDPAWNMOVEMENT:0.5297337062100067
C_CENTERCONTROL:0.41198366917285323
C_DEVELOPPIECES:0.5144593405245805
C_MATERIAL:0.4841748301746779
