ELO:1072
CE_PASSEDPAWNS:0.4406370059151164
CE_PAWNWEAKNESSES:0.5318945279991237
CE_PIECEACTIVITY:0.46921191204808516
CE_KINGPAWNSHIELD:0.6038589922695422
CE_PIECECOORDINATION:0.48762328115548814
CE_MATERIAL:0.38406287541905265
CE_KINGSAFETY:0.5143783434809258
C_PIECESQUARETABLES:0.5024116879160213
C_MOBILITY:0.4348606493001893
C_KINGSAFETY:0.5922206853595475
C_PAWNSTRUCTURE:0.47351649003695007
C_PIECECOORDINATION:0.4764324577397671
C_ROOKANDPAWNMOVEMENT:0.4764324577397671
C_CENTERCONTROL:0.5094998715213224
C_DEVELOPPIECES:0.4635445053524596
C_MATERIAL:0.4126498496218194
