ELO:984
CE_PASSEDPAWNS:0.5033625682171142
CE_PAWNWEAKNESSES:0.504226388260552
CE_PIECEACTIVITY:0.51087289227842
CE_KINGPAWNSHIELD:0.49514895754496624
CE_PIECECOORDINATION:0.5006428199597416
CE_MATERIAL:0.5
CE_KINGSAFETY:0.4943443006968814
C_PIECESQUARETABLES:0.5132055166655554
C_MOBILITY:0.5195774062394389
C_KINGSAFETY:0.5085351422116956
C_PAWNSTRUCTURE:0.5024483027711382
C_PIECECOORDINATION:0.4942564244758241
C_ROOK:0.4902177438247672
CE_ROOK:0.5006163112582585
C_CENTERCONTROL:0.4992557127747488
C_DEVELOPPIECES:0.5
C_MATERIAL:0.49741973771125514
C_MOVECOUNT:0.4937305244549149
C_PAWNMOVEMENT:0.5030329876929931
