ELO:922
CE_PASSEDPAWNS:0.4377806407343775
CE_PAWNWEAKNESSES:0.5158912751104097
CE_PIECEACTIVITY:0.465302008411532
CE_KINGPAWNSHIELD:0.5027348724726532
CE_PIECECOORDINATION:0.4751028170591753
CE_MATERIAL:0.4581503079845213
CE_KINGSAFETY:0.48375261774224765
C_PIECESQUARETABLES:0.5185423744074443
C_MOBILITY:0.4665776289319399
C_KINGSAFETY:0.4097927574631489
C_PAWNSTRUCTURE:0.6062066447832584
C_PIECECOORDINATION:0.42864525737298537
C_ROOKANDPAWNMOVEMENT:0.42864525737298537
C_CENTERCONTROL:0.5525915909257564
C_DEVELOPPIECES:0.47256355720074394
C_MATERIAL:0.4713885891215138
