ELO:959
CE_PASSEDPAWNS:0.49849178695446594
CE_PAWNWEAKNESSES:0.49355274487408135
CE_PIECEACTIVITY:0.5185824933817668
CE_KINGPAWNSHIELD:0.5166289877576966
CE_PIECECOORDINATION:0.4967095341087043
CE_MATERIAL:0.4901836221014123
CE_KINGSAFETY:0.5038022742842013
C_PIECESQUARETABLES:0.5128406231820021
C_MOBILITY:0.48555249908051
C_KINGSAFETY:0.4864184334693477
C_PAWNSTRUCTURE:0.5393202468464416
C_PIECECOORDINATION:0.44495174672821397
C_ROOK:0.5092796687578456
CE_ROOK:0.478104484218937
C_CENTERCONTROL:0.4371466242399723
C_DEVELOPPIECES:0.5017577082813047
C_MATERIAL:0.4965227578734194
C_MOVECOUNT:0.4986794990906964
C_PAWNMOVEMENT:0.5080845244316721
