ELO:982
CE_PASSEDPAWNS:0.492203976002219
CE_PAWNWEAKNESSES:0.5091767013427851
CE_PIECEACTIVITY:0.5
CE_KINGPAWNSHIELD:0.5115614883980132
CE_PIECECOORDINATION:0.49272523959433834
CE_MATERIAL:0.4947203339197987
CE_KINGSAFETY:0.5212037073439109
C_PIECESQUARETABLES:0.48068460875165764
C_MOBILITY:0.4976542986548415
C_KINGSAFETY:0.5159019741869599
C_PAWNSTRUCTURE:0.49379027332648756
C_PIECECOORDINATION:0.4586028345798253
C_ROOKANDPAWNMOVEMENT:0.4586028345798253
C_CENTERCONTROL:0.5099964742055232
C_DEVELOPPIECES:0.5
C_MATERIAL:0.49629086723817484
