ELO:943
CE_PASSEDPAWNS:0.518805042616633
CE_PAWNWEAKNESSES:0.4882762196178382
CE_PIECEACTIVITY:0.4284293084885944
CE_KINGPAWNSHIELD:0.5083090975930057
CE_PIECECOORDINATION:0.5123215987310776
CE_MATERIAL:0.4821926723841246
CE_KINGSAFETY:0.4923730613068641
C_PIECESQUARETABLES:0.5201864630038677
C_MOBILITY:0.5137049487459626
C_KINGSAFETY:0.5003619025963779
C_PAWNSTRUCTURE:0.49953831100299456
C_PIECECOORDINATION:0.5234028309433948
C_ROOKANDPAWNMOVEMENT:0.5234028309433948
C_CENTERCONTROL:0.5
C_DEVELOPPIECES:0.5070875250325665
C_MATERIAL:0.48751749808742867
C_MOVECOUNT:0.5
