ELO:1019
CE_PASSEDPAWNS:0.5
CE_PAWNWEAKNESSES:0.49655487321395836
CE_PIECEACTIVITY:0.5148650656099258
CE_KINGPAWNSHIELD:0.4919166851043059
CE_PIECECOORDINATION:0.5080308433606796
CE_MATERIAL:0.5099116132656386
CE_KINGSAFETY:0.5002944594744951
C_PIECESQUARETABLES:0.4967561841668353
C_MOBILITY:0.5
C_KINGSAFETY:0.5012416641108047
C_PAWNSTRUCTURE:0.482945712448441
C_PIECECOORDINATION:0.5050384657925655
C_ROOK:0.5048071818876927
CE_ROOK:0.5054830430230083
C_CENTERCONTROL:0.4783915645850586
C_DEVELOPPIECES:0.4903803641151362
C_MATERIAL:0.4754491481856595
C_MOVECOUNT:0.49718603754773183
C_PAWNMOVEMENT:0.503446959676813
