ELO:967
CE_PASSEDPAWNS:0.5082384400800393
CE_PAWNWEAKNESSES:0.500229169241276
CE_PIECEACTIVITY:0.4945880334397734
CE_KINGPAWNSHIELD:0.4938597798066457
CE_PIECECOORDINATION:0.5125720739893567
CE_MATERIAL:0.5121300626327294
CE_KINGSAFETY:0.5206913568311647
C_PIECESQUARETABLES:0.49638952162140765
C_MOBILITY:0.5118529391363128
C_KINGSAFETY:0.5097717602750241
C_PAWNSTRUCTURE:0.5066133272982458
C_PIECECOORDINATION:0.5017563486109428
C_ROOKANDPAWNMOVEMENT:0.5017563486109428
C_CENTERCONTROL:0.5138513006830286
C_DEVELOPPIECES:0.49514279308778825
C_MATERIAL:0.4958712676840111
C_MOVECOUNT:0.5146980316260369
