ELO:878
CE_PASSEDPAWNS:0.5296394801325086
CE_PAWNWEAKNESSES:0.5745040013286051
CE_PIECEACTIVITY:0.4821277029716698
CE_KINGPAWNSHIELD:0.5847723382325059
CE_PIECECOORDINATION:0.5142244440072173
CE_MATERIAL:0.468125934273571
CE_KINGSAFETY:0.44698978814128787
C_PIECESQUARETABLES:0.5541602980411273
C_MOBILITY:0.5409416957998816
C_KINGSAFETY:0.47436478549105426
C_PAWNSTRUCTURE:0.5107543744808539
C_PIECECOORDINATION:0.5122445888755017
C_ROOKANDPAWNMOVEMENT:0.5122445888755017
C_CENTERCONTROL:0.47558361079906386
C_DEVELOPPIECES:0.5166505043303418
C_MATERIAL:0.4657712900545842
C_MOVECOUNT:0.5
