ELO:937
CE_PASSEDPAWNS:0.4752250629430491
CE_PAWNWEAKNESSES:0.560127942946247
CE_PIECEACTIVITY:0.4418122868007813
CE_KINGPAWNSHIELD:0.4442753370164746
CE_PIECECOORDINATION:0.5331250490285767
CE_MATERIAL:0.5256926947724422
CE_KINGSAFETY:0.4905833923441492
C_PIECESQUARETABLES:0.5446068136333377
C_MOBILITY:0.4659237943048476
C_KINGSAFETY:0.5293967922078733
C_PAWNSTRUCTURE:0.4471277028266915
C_PIECECOORDINATION:0.5487535396169588
C_ROOKANDPAWNMOVEMENT:0.5487535396169588
C_CENTERCONTROL:0.395070796274206
C_DEVELOPPIECES:0.6009559100167986
C_MATERIAL:0.4033198138426338
