ELO:938
CE_PASSEDPAWNS:0.4623942238044689
CE_PAWNWEAKNESSES:0.5579935257501768
CE_PIECEACTIVITY:0.44731760387819647
CE_KINGPAWNSHIELD:0.42599096365337363
CE_PIECECOORDINATION:0.5271612654509217
CE_MATERIAL:0.5233431281847456
CE_KINGSAFETY:0.48614983326946265
C_PIECESQUARETABLES:0.531495327445321
C_MOBILITY:0.45302257853723055
C_KINGSAFETY:0.5418959778100542
C_PAWNSTRUCTURE:0.4433232211564015
C_PIECECOORDINATION:0.5540915246220193
C_ROOKANDPAWNMOVEMENT:0.5540915246220193
C_CENTERCONTROL:0.4055591232740476
C_DEVELOPPIECES:0.6124444447391738
C_MATERIAL:0.41619962565435276
