ELO:900
CE_PASSEDPAWNS:0.5164907582237882
CE_PAWNWEAKNESSES:0.595721431521892
CE_PIECEACTIVITY:0.4941661799893511
CE_KINGPAWNSHIELD:0.6086107277090574
CE_PIECECOORDINATION:0.51809364454363
CE_MATERIAL:0.4763104864491744
CE_KINGSAFETY:0.44515505905902264
C_PIECESQUARETABLES:0.5227623436932025
C_MOBILITY:0.5209204128084366
C_KINGSAFETY:0.48532568766800366
C_PAWNSTRUCTURE:0.4880890463805151
C_PIECECOORDINATION:0.523514728128736
C_ROOKANDPAWNMOVEMENT:0.523514728128736
C_CENTERCONTROL:0.48034007284646124
C_DEVELOPPIECES:0.5300922404554214
C_MATERIAL:0.43975836757533426
C_MOVECOUNT:0.5
