ELO:935
CE_PASSEDPAWNS:0.5469648981112227
CE_PAWNWEAKNESSES:0.5553259248855759
CE_PIECEACTIVITY:0.41117092258724197
CE_KINGPAWNSHIELD:0.4616413162481077
CE_PIECECOORDINATION:0.5179472870089095
CE_MATERIAL:0.4768655984630762
CE_KINGSAFETY:0.5067287142548623
C_PIECESQUARETABLES:0.4519267820351224
C_MOBILITY:0.40613123142479535
C_KINGSAFETY:0.5378818370868784
C_PAWNSTRUCTURE:0.5390776921088896
C_PIECECOORDINATION:0.533047842230096
C_ROOKANDPAWNMOVEMENT:0.533047842230096
C_CENTERCONTROL:0.4864872651895814
C_DEVELOPPIECES:0.4500993174026393
C_MATERIAL:0.43607283394626445
