ELO:1037
CE_PASSEDPAWNS:0.4936118726401552
CE_PAWNWEAKNESSES:0.5107951838717879
CE_PIECEACTIVITY:0.5061512893869018
CE_KINGPAWNSHIELD:0.5093482941268347
CE_PIECECOORDINATION:0.49712567548826614
CE_MATERIAL:0.5234377286736973
CE_KINGSAFETY:0.5
C_PIECESQUARETABLES:0.5
C_MOBILITY:0.5040380084826781
C_KINGSAFETY:0.5178169592379083
C_PAWNSTRUCTURE:0.5072601080814034
C_PIECECOORDINATION:0.5228079246997759
C_ROOK:0.5336412950372417
CE_ROOK:0.4979724417262677
C_CENTERCONTROL:0.49001549101485403
C_DEVELOPPIECES:0.5273624076889522
C_MATERIAL:0.5067994727192402
C_MOVECOUNT:0.4857680172518808
C_PAWNMOVEMENT:0.47177221394573227
