ELO:1041
CE_PASSEDPAWNS:0.513420589128736
CE_PAWNWEAKNESSES:0.5008540239106584
CE_PIECEACTIVITY:0.5061512893869018
CE_KINGPAWNSHIELD:0.5093482941268347
CE_PIECECOORDINATION:0.5037283460926225
CE_MATERIAL:0.4783008706889524
CE_KINGSAFETY:0.5
C_PIECESQUARETABLES:0.5
C_MOBILITY:0.5040380084826781
C_KINGSAFETY:0.4980573762221772
C_PAWNSTRUCTURE:0.4818942133350111
C_PIECECOORDINATION:0.5228079246997759
C_ROOK:0.5336412950372417
CE_ROOK:0.4700809998501912
C_CENTERCONTROL:0.500299860415731
C_DEVELOPPIECES:0.4924542313572364
C_MATERIAL:0.46455180187049616
C_MOVECOUNT:0.4857680172518808
C_PAWNMOVEMENT:0.48185640040674094
