ELO:884
CE_PASSEDPAWNS:0.4556083660534976
CE_PAWNWEAKNESSES:0.5276619812169601
CE_PIECEACTIVITY:0.5720853272289521
CE_KINGPAWNSHIELD:0.47356042084784783
CE_PIECECOORDINATION:0.5114194688716117
CE_MATERIAL:0.503805625555954
CE_KINGSAFETY:0.5084687817559878
C_PIECESQUARETABLES:0.4778595074556699
C_MOBILITY:0.5230686583804274
C_KINGSAFETY:0.5062242997706646
C_PAWNSTRUCTURE:0.45613740075063763
C_PIECECOORDINATION:0.4801662754225818
C_ROOKANDPAWNMOVEMENT:0.4801662754225818
C_CENTERCONTROL:0.5411739602733023
C_DEVELOPPIECES:0.5373350079273714
C_MATERIAL:0.49634891926389163
C_MOVECOUNT:0.5
