ELO:1006
CE_PASSEDPAWNS:0.5022145189749234
CE_PAWNWEAKNESSES:0.5
CE_PIECEACTIVITY:0.5106294421657871
CE_KINGPAWNSHIELD:0.5032494574997105
CE_PIECECOORDINATION:0.49124660421250077
CE_MATERIAL:0.5
CE_KINGSAFETY:0.49597817235596736
C_PIECESQUARETABLES:0.48465475868078817
C_MOBILITY:0.5
C_KINGSAFETY:0.49955216042593037
C_PAWNSTRUCTURE:0.4881770147481025
C_PIECECOORDINATION:0.4980082310957916
C_ROOKANDPAWNMOVEMENT:0.4980082310957916
C_CENTERCONTROL:0.49267378719837196
C_DEVELOPPIECES:0.5
C_MATERIAL:0.5
