ELO:1031
CE_PASSEDPAWNS:0.4888749446358555
CE_PAWNWEAKNESSES:0.5008540239106584
CE_PIECEACTIVITY:0.5180690068294841
CE_KINGPAWNSHIELD:0.5325070833713661
CE_PIECECOORDINATION:0.49712567548826614
CE_MATERIAL:0.5234377286736973
CE_KINGSAFETY:0.5
C_PIECESQUARETABLES:0.5
C_MOBILITY:0.5167778231301341
C_KINGSAFETY:0.4980573762221772
C_PAWNSTRUCTURE:0.5072601080814034
C_PIECECOORDINATION:0.5120673871422329
C_ROOK:0.5
CE_ROOK:0.4700809998501912
C_CENTERCONTROL:0.49001549101485403
C_DEVELOPPIECES:0.5273624076889522
C_MATERIAL:0.5067994727192402
C_MOVECOUNT:0.5008778728888044
C_PAWNMOVEMENT:0.49521221761728357
