ELO:1006
CE_PASSEDPAWNS:0.4971141817327794
CE_PAWNWEAKNESSES:0.5101043998491279
CE_PIECEACTIVITY:0.5122122734780874
CE_KINGPAWNSHIELD:0.5093482941268347
CE_PIECECOORDINATION:0.5140826447029642
CE_MATERIAL:0.524998065341106
CE_KINGSAFETY:0.5016289964960975
C_PIECESQUARETABLES:0.504587250646219
C_MOBILITY:0.48879126119455757
C_KINGSAFETY:0.48410745542083217
C_PAWNSTRUCTURE:0.4955759673659111
C_PIECECOORDINATION:0.5102076830879589
C_ROOK:0.5222298867450773
CE_ROOK:0.4841834037368451
C_CENTERCONTROL:0.49565272099842045
C_DEVELOPPIECES:0.5005145508763066
C_MATERIAL:0.5301700590212347
C_MOVECOUNT:0.5249455521045864
C_PAWNMOVEMENT:0.5068464319490403
