ELO:1025
CE_PASSEDPAWNS:0.5069780083372324
CE_PAWNWEAKNESSES:0.5
CE_PIECEACTIVITY:0.48291563498110457
CE_KINGPAWNSHIELD:0.5
CE_PIECECOORDINATION:0.4973250886132832
CE_MATERIAL:0.5
CE_KINGSAFETY:0.5
C_PIECESQUARETABLES:0.5
C_MOBILITY:0.4962307954668936
C_KINGSAFETY:0.4915544187730261
C_PAWNSTRUCTURE:0.5101006986877177
C_PIECECOORDINATION:0.5
C_ROOKANDPAWNMOVEMENT:0.5
C_CENTERCONTROL:0.5
C_DEVELOPPIECES:0.5
C_MATERIAL:0.5
C_MOVECOUNT:0.49364222544782266
