ELO:1048
CE_PASSEDPAWNS:0.6353362240615017
CE_PAWNWEAKNESSES:0.49187450951041267
CE_PIECEACTIVITY:0.45652554179718047
CE_KINGPAWNSHIELD:0.49357104119705697
CE_PIECECOORDINATION:0.48493451348466465
CE_MATERIAL:0.4432283101810733
CE_KINGSAFETY:0.5380682600850971
C_PIECESQUARETABLES:0.4958977386548872
C_MOBILITY:0.4285363434953646
C_KINGSAFETY:0.5125447580578474
C_PAWNSTRUCTURE:0.44153072942492283
C_PIECECOORDINATION:0.46951714292284974
C_ROOKANDPAWNMOVEMENT:0.46951714292284974
C_CENTERCONTROL:0.5204033547616086
C_DEVELOPPIECES:0.5828827722309359
C_MATERIAL:0.4610875068238696
