ELO:1047
CE_PASSEDPAWNS:0.5
CE_PAWNWEAKNESSES:0.5023671154484513
CE_PIECEACTIVITY:0.5144750712005799
CE_KINGPAWNSHIELD:0.5025507360126594
CE_PIECECOORDINATION:0.49067908115444525
CE_MATERIAL:0.5148978313733128
CE_KINGSAFETY:0.5
C_PIECESQUARETABLES:0.5
C_MOBILITY:0.5
C_KINGSAFETY:0.5010396651413015
C_PAWNSTRUCTURE:0.4951326566476162
C_PIECECOORDINATION:0.518897196640127
C_ROOK:0.5100557964461885
CE_ROOK:0.4898928659705995
C_CENTERCONTROL:0.48196652240394794
C_DEVELOPPIECES:0.47556151963497695
C_MATERIAL:0.47837023877918194
C_MOVECOUNT:0.49994018069238577
C_PAWNMOVEMENT:0.4779707051632558
