ELO:861
CE_PASSEDPAWNS:0.509207529812384
CE_PAWNWEAKNESSES:0.4049060727868901
CE_PIECEACTIVITY:0.5405879861787359
CE_KINGPAWNSHIELD:0.45398767008713764
CE_PIECECOORDINATION:0.5206296470697713
CE_MATERIAL:0.599501780829148
CE_KINGSAFETY:0.5376350026721514
C_PIECESQUARETABLES:0.4851310270890455
C_MOBILITY:0.5192102591158636
C_KINGSAFETY:0.5371689437623596
C_PAWNSTRUCTURE:0.5512602676444202
C_PIECECOORDINATION:0.5563266933817865
C_ROOKANDPAWNMOVEMENT:0.5563266933817865
C_CENTERCONTROL:0.45791629884525176
C_DEVELOPPIECES:0.5315677967481593
C_MATERIAL:0.4673214750609194
C_MOVECOUNT:0.5
