ELO:993
CE_PASSEDPAWNS:0.4560924217656004
CE_PAWNWEAKNESSES:0.5279029420414113
CE_PIECEACTIVITY:0.43468441587446793
CE_KINGPAWNSHIELD:0.43121119994957263
CE_PIECECOORDINATION:0.4978387596940096
CE_MATERIAL:0.48919903933173986
CE_KINGSAFETY:0.48703635653606536
C_PIECESQUARETABLES:0.4875315624265823
C_MOBILITY:0.4656692917842635
C_KINGSAFETY:0.5631594232829739
C_PAWNSTRUCTURE:0.43888938604851696
C_PIECECOORDINATION:0.546665137961573
C_ROOKANDPAWNMOVEMENT:0.546665137961573
C_CENTERCONTROL:0.4212135630719267
C_DEVELOPPIECES:0.5615911173486293
C_MATERIAL:0.41527570988762647
