ELO:988
CE_PASSEDPAWNS:0.4676587641867252
CE_PAWNWEAKNESSES:0.4755485629486899
CE_PIECEACTIVITY:0.4955878178377855
CE_KINGPAWNSHIELD:0.5432700871387166
CE_PIECECOORDINATION:0.5573688479447353
CE_MATERIAL:0.42830862424415495
CE_KINGSAFETY:0.5562551334127758
C_PIECESQUARETABLES:0.5163055004929984
C_MOBILITY:0.5233507176470928
C_KINGSAFETY:0.4590565854585818
C_PAWNSTRUCTURE:0.5499368249464225
C_PIECECOORDINATION:0.5388364587136321
C_ROOKANDPAWNMOVEMENT:0.5388364587136321
C_CENTERCONTROL:0.5695462849113759
C_DEVELOPPIECES:0.5294931012547829
C_MATERIAL:0.47588723797481675
