ELO:838
CE_PASSEDPAWNS:0.48499700056715267
CE_PAWNWEAKNESSES:0.38285182916706173
CE_PIECEACTIVITY:0.5462478206202029
CE_KINGPAWNSHIELD:0.6110496211479679
CE_PIECECOORDINATION:0.46798713213325815
CE_MATERIAL:0.44745970343428076
CE_KINGSAFETY:0.4925457541742746
C_PIECESQUARETABLES:0.495622809644014
C_MOBILITY:0.3647492976000133
C_KINGSAFETY:0.5771478877604508
C_PAWNSTRUCTURE:0.41663070901053006
C_PIECECOORDINATION:0.46067790086112953
C_ROOKANDPAWNMOVEMENT:0.46067790086112953
C_CENTERCONTROL:0.5871047262561612
C_DEVELOPPIECES:0.41706655489879674
C_MATERIAL:0.5046072105462229
