ELO:1020
CE_PASSEDPAWNS:0.48523948551250395
CE_PAWNWEAKNESSES:0.5
CE_PIECEACTIVITY:0.5114696867843068
CE_KINGPAWNSHIELD:0.5078890619213068
CE_PIECECOORDINATION:0.5
CE_MATERIAL:0.5
CE_KINGSAFETY:0.5046098206995293
C_PIECESQUARETABLES:0.5
C_MOBILITY:0.5044684035298928
C_KINGSAFETY:0.48850202232521117
C_PAWNSTRUCTURE:0.5101661208027616
C_PIECECOORDINATION:0.501127860743535
C_ROOKANDPAWNMOVEMENT:0.501127860743535
C_CENTERCONTROL:0.5
C_DEVELOPPIECES:0.5039669809903262
C_MATERIAL:0.4920300034189638
C_MOVECOUNT:0.49531904438409974
