ELO:991
CE_PASSEDPAWNS:0.5132825890694359
CE_PAWNWEAKNESSES:0.4933531463552274
CE_PIECEACTIVITY:0.5
CE_KINGPAWNSHIELD:0.49532825216966814
CE_PIECECOORDINATION:0.49071588832453067
CE_MATERIAL:0.5104364396235441
CE_KINGSAFETY:0.5
C_PIECESQUARETABLES:0.5
C_MOBILITY:0.46559478107475527
C_KINGSAFETY:0.5266219372205012
C_PAWNSTRUCTURE:0.5
C_PIECECOORDINATION:0.5219920721744995
C_ROOKANDPAWNMOVEMENT:0.5219920721744995
C_CENTERCONTROL:0.48684802454462045
C_DEVELOPPIECES:0.4899413967476593
C_MATERIAL:0.5
C_MOVECOUNT:0.5
