ELO:1000
CE_PASSEDPAWNS:0.4535198202897244
CE_PAWNWEAKNESSES:0.4936855591369805
CE_PIECEACTIVITY:0.506960779087576
CE_KINGPAWNSHIELD:0.49710245177635315
CE_PIECECOORDINATION:0.5256884527212196
CE_MATERIAL:0.43909193889775927
CE_KINGSAFETY:0.52103323401669
C_PIECESQUARETABLES:0.48916197440665493
C_MOBILITY:0.5308748904397992
C_KINGSAFETY:0.4599041909080786
C_PAWNSTRUCTURE:0.5623504898633178
C_PIECECOORDINATION:0.5253534117000328
C_ROOKANDPAWNMOVEMENT:0.5253534117000328
C_CENTERCONTROL:0.5302046666183663
C_DEVELOPPIECES:0.5050330040054741
C_MATERIAL:0.4929529706762889
