ELO:916
CE_PASSEDPAWNS:0.48313145624553117
CE_PAWNWEAKNESSES:0.45789281804590803
CE_PIECEACTIVITY:0.5486290401355947
CE_KINGPAWNSHIELD:0.48707074571918213
CE_PIECECOORDINATION:0.4696356650260049
CE_MATERIAL:0.49759282398999344
CE_KINGSAFETY:0.5031279636162065
C_PIECESQUARETABLES:0.493870823475795
C_MOBILITY:0.4638726204772369
C_KINGSAFETY:0.5120231987486805
C_PAWNSTRUCTURE:0.49482736387542736
C_PIECECOORDINATION:0.5442479866041519
C_ROOKANDPAWNMOVEMENT:0.5442479866041519
C_CENTERCONTROL:0.47485933502514416
C_DEVELOPPIECES:0.5169790741674313
C_MATERIAL:0.555497271901911
C_MOVECOUNT:0.5
