ELO:883
CE_PASSEDPAWNS:0.49950546685958797
CE_PAWNWEAKNESSES:0.5435757218036102
CE_PIECEACTIVITY:0.4535949813188419
CE_KINGPAWNSHIELD:0.5162537479886908
CE_PIECECOORDINATION:0.5099489834606153
CE_MATERIAL:0.4779286181088284
CE_KINGSAFETY:0.4879929560512871
C_PIECESQUARETABLES:0.5086978715766803
C_MOBILITY:0.5056284623049042
C_KINGSAFETY:0.5020509408578523
C_PAWNSTRUCTURE:0.5122890239444743
C_PIECECOORDINATION:0.5309770236939784
C_ROOKANDPAWNMOVEMENT:0.5309770236939784
C_CENTERCONTROL:0.5402918027537443
C_DEVELOPPIECES:0.49488042453436104
C_MATERIAL:0.48249261384280545
C_MOVECOUNT:0.47576113615594845
