ELO:1008
CE_PASSEDPAWNS:0.4933349261029293
CE_PAWNWEAKNESSES:0.4970251458204612
CE_PIECEACTIVITY:0.4883545714975758
CE_KINGPAWNSHIELD:0.5
CE_PIECECOORDINATION:0.5121423329428176
CE_MATERIAL:0.5
CE_KINGSAFETY:0.49597817235596736
C_PIECESQUARETABLES:0.48765097884502356
C_MOBILITY:0.49318549434333186
C_KINGSAFETY:0.4799509905014072
C_PAWNSTRUCTURE:0.4931006931809802
C_PIECECOORDINATION:0.4980082310957916
C_ROOKANDPAWNMOVEMENT:0.4980082310957916
C_CENTERCONTROL:0.4906892954058271
C_DEVELOPPIECES:0.49926730171348493
C_MATERIAL:0.4983135889561116
