ELO:998
CE_PASSEDPAWNS:0.4993119080696011
CE_PAWNWEAKNESSES:0.5102863094176173
CE_PIECEACTIVITY:0.5067570900335895
CE_KINGPAWNSHIELD:0.5106479974160745
CE_PIECECOORDINATION:0.5241064567678014
CE_MATERIAL:0.517298249452193
CE_KINGSAFETY:0.5044235648472037
C_PIECESQUARETABLES:0.5085269240601074
C_MOBILITY:0.5092718233920291
C_KINGSAFETY:0.4937069855383153
C_PAWNSTRUCTURE:0.49761974507288115
C_PIECECOORDINATION:0.5
C_ROOK:0.5133377030278489
CE_ROOK:0.48097566398676084
C_CENTERCONTROL:0.49245938271334017
C_DEVELOPPIECES:0.49768384032165175
C_MATERIAL:0.5097261260642911
C_MOVECOUNT:0.521188583003104
C_PAWNMOVEMENT:0.4982270011706093
