ELO:1048
CE_PASSEDPAWNS:0.5148713994294651
CE_PAWNWEAKNESSES:0.5050088165410584
CE_PIECEACTIVITY:0.5235231028364252
CE_KINGPAWNSHIELD:0.5093482941268347
CE_PIECECOORDINATION:0.4991222514114215
CE_MATERIAL:0.5018430744885616
CE_KINGSAFETY:0.5
C_PIECESQUARETABLES:0.5
C_MOBILITY:0.45854612262387817
C_KINGSAFETY:0.49710073663360144
C_PAWNSTRUCTURE:0.5
C_PIECECOORDINATION:0.5400649505094918
C_ROOK:0.49676126426404354
CE_ROOK:0.4941331280785939
C_CENTERCONTROL:0.5030476537102214
C_DEVELOPPIECES:0.501679801712066
C_MATERIAL:0.5205561432492856
C_MOVECOUNT:0.4970293967652607
C_PAWNMOVEMENT:0.499423363874643
