ELO:1000
CE_PASSEDPAWNS:0.4993119080696011
CE_PAWNWEAKNESSES:0.5101729924553917
CE_PIECEACTIVITY:0.5107750436988364
CE_KINGPAWNSHIELD:0.5106479974160745
CE_PIECECOORDINATION:0.5116625623123515
CE_MATERIAL:0.5098617528348123
CE_KINGSAFETY:0.5
C_PIECESQUARETABLES:0.4895875986887281
C_MOBILITY:0.5
C_KINGSAFETY:0.5
C_PAWNSTRUCTURE:0.499083341457957
C_PIECECOORDINATION:0.5
C_ROOK:0.5082716100514304
CE_ROOK:0.49150937021098756
C_CENTERCONTROL:0.49245938271334017
C_DEVELOPPIECES:0.5
C_MATERIAL:0.5
C_MOVECOUNT:0.509228384582336
C_PAWNMOVEMENT:0.5074013173262689
