ELO:732
CE_PASSEDPAWNS:0.5331404823026404
CE_PAWNWEAKNESSES:0.38808830241661113
CE_PIECEACTIVITY:0.5024116524389549
CE_KINGPAWNSHIELD:0.4377992338924736
CE_PIECECOORDINATION:0.5441041312926174
CE_MATERIAL:0.5758555309493861
CE_KINGSAFETY:0.48815323398113186
C_PIECESQUARETABLES:0.5141489814201484
C_MOBILITY:0.4603286173158416
C_KINGSAFETY:0.5885096363866427
C_PAWNSTRUCTURE:0.5514169771297287
C_PIECECOORDINATION:0.5640340431284151
C_ROOKANDPAWNMOVEMENT:0.5640340431284151
C_CENTERCONTROL:0.46360305731747425
C_DEVELOPPIECES:0.5272816928167066
C_MATERIAL:0.4907604496515213
C_MOVECOUNT:0.5218959308300108
