ELO:675
CE_PASSEDPAWNS:0.5171080291117813
CE_PAWNWEAKNESSES:0.39195941964013903
CE_PIECEACTIVITY:0.5197200826414222
CE_KINGPAWNSHIELD:0.4495270363881749
CE_PIECECOORDINATION:0.5274915054118375
CE_MATERIAL:0.5649874166940987
CE_KINGSAFETY:0.4887100490052945
C_PIECESQUARETABLES:0.5
C_MOBILITY:0.452591644671417
C_KINGSAFETY:0.5750862678933746
C_PAWNSTRUCTURE:0.565919534698283
C_PIECECOORDINATION:0.556519917865478
C_ROOKANDPAWNMOVEMENT:0.556519917865478
C_CENTERCONTROL:0.4443372436753325
C_DEVELOPPIECES:0.5220479404663588
C_MATERIAL:0.5191559936857377
C_MOVECOUNT:0.5
