ELO:1036
CE_PASSEDPAWNS:0.521696994521181
CE_PAWNWEAKNESSES:0.5
CE_PIECEACTIVITY:0.5061695894163324
CE_KINGPAWNSHIELD:0.5025507360126594
CE_PIECECOORDINATION:0.5001713539477737
CE_MATERIAL:0.5051880877524377
CE_KINGSAFETY:0.5
C_PIECESQUARETABLES:0.5
C_MOBILITY:0.5000273697006792
C_KINGSAFETY:0.5014744160784983
C_PAWNSTRUCTURE:0.4951326566476162
C_PIECECOORDINATION:0.5123774048573894
C_ROOK:0.5036332535940218
CE_ROOK:0.4821303139038926
C_CENTERCONTROL:0.5126750748668045
C_DEVELOPPIECES:0.48870942002576345
C_MATERIAL:0.47837023877918194
C_MOVECOUNT:0.45993138121384947
C_PAWNMOVEMENT:0.5066463254037898
