ELO:1015
CE_PASSEDPAWNS:0.4742436328663964
CE_PAWNWEAKNESSES:0.5195716976273007
CE_PIECEACTIVITY:0.505881031225999
CE_KINGPAWNSHIELD:0.4996552307072707
CE_PIECECOORDINATION:0.4820318374666213
CE_MATERIAL:0.49434134690751447
CE_KINGSAFETY:0.5
C_PIECESQUARETABLES:0.5
C_MOBILITY:0.5290924728822648
C_KINGSAFETY:0.47209926224634857
C_PAWNSTRUCTURE:0.5248539856510998
C_PIECECOORDINATION:0.5182515999081287
C_ROOK:0.49048038580905434
CE_ROOK:0.49315935870948435
C_CENTERCONTROL:0.5049846699557144
C_DEVELOPPIECES:0.5001636855728272
C_MATERIAL:0.49879964516322967
C_MOVECOUNT:0.5008972420924181
C_PAWNMOVEMENT:0.48410916605307214
