ELO:942
CE_PASSEDPAWNS:0.46942913641265277
CE_PAWNWEAKNESSES:0.5820972032730815
CE_PIECEACTIVITY:0.4107076335201707
CE_KINGPAWNSHIELD:0.4685449961556533
CE_PIECECOORDINATION:0.5639239365525177
CE_MATERIAL:0.5683177809310427
CE_KINGSAFETY:0.5123182233261718
C_PIECESQUARETABLES:0.5149209677964165
C_MOBILITY:0.47549397920767866
C_KINGSAFETY:0.533957578015824
C_PAWNSTRUCTURE:0.47397374767699757
C_PIECECOORDINATION:0.5297294814057749
C_ROOKANDPAWNMOVEMENT:0.5297294814057749
C_CENTERCONTROL:0.41624516542645945
C_DEVELOPPIECES:0.6070078787683595
C_MATERIAL:0.37986439793753574
