ELO:991
CE_PASSEDPAWNS:0.5
CE_PAWNWEAKNESSES:0.4770307176265445
CE_PIECEACTIVITY:0.5092500176608559
CE_KINGPAWNSHIELD:0.5078890619213068
CE_PIECECOORDINATION:0.5
CE_MATERIAL:0.5
CE_KINGSAFETY:0.5
C_PIECESQUARETABLES:0.5
C_MOBILITY:0.5
C_KINGSAFETY:0.5095251662542821
C_PAWNSTRUCTURE:0.4980222738517495
C_PIECECOORDINATION:0.5
C_ROOKANDPAWNMOVEMENT:0.5
C_CENTERCONTROL:0.5
C_DEVELOPPIECES:0.4948811046432658
C_MATERIAL:0.5152841741004512
C_MOVECOUNT:0.4876842521540512
