ELO:995
CE_PASSEDPAWNS:0.6306357027536602
CE_PAWNWEAKNESSES:0.48371124238568936
CE_PIECEACTIVITY:0.4557523826081792
CE_KINGPAWNSHIELD:0.5465941008193812
CE_PIECECOORDINATION:0.5184207360858059
CE_MATERIAL:0.4436142158349904
CE_KINGSAFETY:0.4949656041265508
C_PIECESQUARETABLES:0.49040921023272777
C_MOBILITY:0.4510593992031739
C_KINGSAFETY:0.5145827535967233
C_PAWNSTRUCTURE:0.47855136904049567
C_PIECECOORDINATION:0.47284829706129966
C_ROOKANDPAWNMOVEMENT:0.47284829706129966
C_CENTERCONTROL:0.498779652688607
C_DEVELOPPIECES:0.5929550118200165
C_MATERIAL:0.46445420746121663
