ELO:1046
CE_PASSEDPAWNS:0.6438639377954216
CE_PAWNWEAKNESSES:0.4938420258700307
CE_PIECEACTIVITY:0.460670406650746
CE_KINGPAWNSHIELD:0.511968408925462
CE_PIECECOORDINATION:0.5178236011487253
CE_MATERIAL:0.4520117048536852
CE_KINGSAFETY:0.5353171851863749
C_PIECESQUARETABLES:0.506383412404633
C_MOBILITY:0.434490366898394
C_KINGSAFETY:0.5211016273141486
C_PAWNSTRUCTURE:0.4588913971870405
C_PIECECOORDINATION:0.46216613537643075
C_ROOKANDPAWNMOVEMENT:0.46216613537643075
C_CENTERCONTROL:0.5113967966994347
C_DEVELOPPIECES:0.5882363369709611
C_MATERIAL:0.46795236489963843
