ELO:1038
CE_PASSEDPAWNS:0.5148713994294651
CE_PAWNWEAKNESSES:0.5027490589406856
CE_PIECEACTIVITY:0.5061512893869018
CE_KINGPAWNSHIELD:0.5039237798685455
CE_PIECECOORDINATION:0.5100237706681233
CE_MATERIAL:0.4935610704943572
CE_KINGSAFETY:0.5
C_PIECESQUARETABLES:0.5
C_MOBILITY:0.4984177026253114
C_KINGSAFETY:0.5
C_PAWNSTRUCTURE:0.5
C_PIECECOORDINATION:0.5110920784006526
C_ROOK:0.5152617900136113
CE_ROOK:0.5048562884776605
C_CENTERCONTROL:0.500299860415731
C_DEVELOPPIECES:0.4924542313572364
C_MATERIAL:0.5205561432492856
C_MOVECOUNT:0.5008778728888044
C_PAWNMOVEMENT:0.5024525713830046
