ELO:1005
CE_PASSEDPAWNS:0.5010564723008655
CE_PAWNWEAKNESSES:0.5163867829451191
CE_PIECEACTIVITY:0.5
CE_KINGPAWNSHIELD:0.5058852042555904
CE_PIECECOORDINATION:0.49530786357815537
CE_MATERIAL:0.5
CE_KINGSAFETY:0.5
C_PIECESQUARETABLES:0.5010123277749653
C_MOBILITY:0.49362953110280244
C_KINGSAFETY:0.49694214253013264
C_PAWNSTRUCTURE:0.4996519245633
C_PIECECOORDINATION:0.5
C_ROOK:0.5
CE_ROOK:0.5
C_CENTERCONTROL:0.5
C_DEVELOPPIECES:0.5
C_MATERIAL:0.489310570072382
C_MOVECOUNT:0.5094507530742883
C_PAWNMOVEMENT:0.5
