ELO:790
CE_PASSEDPAWNS:0.5296596976115158
CE_PAWNWEAKNESSES:0.6643590897087798
CE_PIECEACTIVITY:0.6383792741770471
CE_KINGPAWNSHIELD:0.46216386740976273
CE_PIECECOORDINATION:0.5381136760636166
CE_MATERIAL:0.4429545308595235
CE_KINGSAFETY:0.5
C_PIECESQUARETABLES:0.5048874831353493
C_MOBILITY:0.45125064153439853
C_KINGSAFETY:0.5815516720049835
C_PAWNSTRUCTURE:0.4934643499158928
C_PIECECOORDINATION:0.5536142703765148
C_ROOKANDPAWNMOVEMENT:0.5536142703765148
C_CENTERCONTROL:0.4334675578047443
C_DEVELOPPIECES:0.49800117124155147
C_MATERIAL:0.4723989753243705
C_MOVECOUNT:0.5022797860099675
