ELO:917
CE_PASSEDPAWNS:0.47903595860998655
CE_PAWNWEAKNESSES:0.5047735732344634
CE_PIECEACTIVITY:0.5057405189831479
CE_KINGPAWNSHIELD:0.4810889773975476
CE_PIECECOORDINATION:0.5050616479995615
CE_MATERIAL:0.5049624614258515
CE_KINGSAFETY:0.48832205096997755
C_PIECESQUARETABLES:0.5042421677397937
C_MOBILITY:0.47347406247067975
C_KINGSAFETY:0.46194239381286284
C_PAWNSTRUCTURE:0.5318575402581119
C_PIECECOORDINATION:0.4802577062149146
C_ROOK:0.504531324834201
CE_ROOK:0.49298490161241193
C_CENTERCONTROL:0.5193194830250455
C_DEVELOPPIECES:0.5429957548470886
C_MATERIAL:0.5167931493516675
C_MOVECOUNT:0.5106051034750644
C_PAWNMOVEMENT:0.4860164267390851
