ELO:1069
CE_PASSEDPAWNS:0.5023498298700007
CE_PAWNWEAKNESSES:0.4934967799216349
CE_PIECEACTIVITY:0.5062070219440435
CE_KINGPAWNSHIELD:0.4875183487671798
CE_PIECECOORDINATION:0.487870152432313
CE_MATERIAL:0.5061497732106206
CE_KINGSAFETY:0.5
C_PIECESQUARETABLES:0.5
C_MOBILITY:0.48865540621102704
C_KINGSAFETY:0.5
C_PAWNSTRUCTURE:0.4718328714988731
C_PIECECOORDINATION:0.518897196640127
C_ROOK:0.5119277527766181
CE_ROOK:0.5070996351986368
C_CENTERCONTROL:0.4931333366455676
C_DEVELOPPIECES:0.47948199150109994
C_MATERIAL:0.4733690730580908
C_MOVECOUNT:0.5
C_PAWNMOVEMENT:0.506726350232554
