ELO:821
CE_PASSEDPAWNS:0.4697845059569527
CE_PAWNWEAKNESSES:0.5236180832554687
CE_PIECEACTIVITY:0.5653046868355326
CE_KINGPAWNSHIELD:0.48555235003901565
CE_PIECECOORDINATION:0.4992050538562364
CE_MATERIAL:0.4980500919714765
CE_KINGSAFETY:0.5129609804041543
C_PIECESQUARETABLES:0.49317601707880554
C_MOBILITY:0.5172861233796469
C_KINGSAFETY:0.4923372150848473
C_PAWNSTRUCTURE:0.4787112110672027
C_PIECECOORDINATION:0.4827928439150301
C_ROOKANDPAWNMOVEMENT:0.4827928439150301
C_CENTERCONTROL:0.5389646029655704
C_DEVELOPPIECES:0.5318977671662504
C_MATERIAL:0.5020045927807103
C_MOVECOUNT:0.5
