ELO:989
CE_PASSEDPAWNS:0.48451117669846594
CE_PAWNWEAKNESSES:0.5314203077338367
CE_PIECEACTIVITY:0.5171996192409746
CE_KINGPAWNSHIELD:0.49711923057826723
CE_PIECECOORDINATION:0.4858273279290439
CE_MATERIAL:0.48426420079647864
CE_KINGSAFETY:0.5
C_PIECESQUARETABLES:0.5
C_MOBILITY:0.5112874909879692
C_KINGSAFETY:0.5258662382623254
C_PAWNSTRUCTURE:0.5189090476905582
C_PIECECOORDINATION:0.5108479716225487
C_ROOK:0.5463051081541216
CE_ROOK:0.47696661713506006
C_CENTERCONTROL:0.5182369409182954
C_DEVELOPPIECES:0.49194891943136915
C_MATERIAL:0.432519110041858
C_MOVECOUNT:0.514552001777853
C_PAWNMOVEMENT:0.5
