ELO:941
CE_PASSEDPAWNS:0.46587571214488527
CE_PAWNWEAKNESSES:0.5216383971429664
CE_PIECEACTIVITY:0.41984229183895033
CE_KINGPAWNSHIELD:0.4368448597846777
CE_PIECECOORDINATION:0.502696756711566
CE_MATERIAL:0.4741216023898126
CE_KINGSAFETY:0.5276298587638512
C_PIECESQUARETABLES:0.4932426705189031
C_MOBILITY:0.4998166329983564
C_KINGSAFETY:0.5027057835293091
C_PAWNSTRUCTURE:0.5011285802289674
C_PIECECOORDINATION:0.5192150156889265
C_ROOKANDPAWNMOVEMENT:0.5192150156889265
C_CENTERCONTROL:0.5089762598407229
C_DEVELOPPIECES:0.4942749078773165
C_MATERIAL:0.5003663134771842
C_MOVECOUNT:0.457128848262645
