ELO:1043
CE_PASSEDPAWNS:0.5148713994294651
CE_PAWNWEAKNESSES:0.5
CE_PIECEACTIVITY:0.5147738312247219
CE_KINGPAWNSHIELD:0.4909310683150645
CE_PIECECOORDINATION:0.5100237706681233
CE_MATERIAL:0.5034615563285754
CE_KINGSAFETY:0.5
C_PIECESQUARETABLES:0.5
C_MOBILITY:0.5197601571085042
C_KINGSAFETY:0.48445190939518334
C_PAWNSTRUCTURE:0.5047636744040566
C_PIECECOORDINATION:0.5110491551584357
C_ROOK:0.5025617923368577
CE_ROOK:0.4761689463316699
C_CENTERCONTROL:0.4730754320533753
C_DEVELOPPIECES:0.47944667082985915
C_MATERIAL:0.5205561432492856
C_MOVECOUNT:0.4843004997254273
C_PAWNMOVEMENT:0.4803292182279909
