ELO:950
CE_PASSEDPAWNS:0.4926623357825323
CE_PAWNWEAKNESSES:0.5
CE_PIECEACTIVITY:0.5045601535782597
CE_KINGPAWNSHIELD:0.5162509544059707
CE_PIECECOORDINATION:0.49195816774388224
CE_MATERIAL:0.5153945728973647
CE_KINGSAFETY:0.5006503300518499
C_PIECESQUARETABLES:0.4727495534027122
C_MOBILITY:0.5102946020676494
C_KINGSAFETY:0.48222075292465033
C_PAWNSTRUCTURE:0.5097706843865104
C_PIECECOORDINATION:0.4967820564454532
C_ROOK:0.49910216985228967
CE_ROOK:0.48799992564483513
C_CENTERCONTROL:0.48359860274103755
C_DEVELOPPIECES:0.5112753615196183
C_MATERIAL:0.5089152899259413
C_MOVECOUNT:0.48490979940464546
C_PAWNMOVEMENT:0.5
