ELO:964
CE_PASSEDPAWNS:0.5112398646852079
CE_PAWNWEAKNESSES:0.5137957521000355
CE_PIECEACTIVITY:0.5051407381491968
CE_KINGPAWNSHIELD:0.4956956890911134
CE_PIECECOORDINATION:0.4781911728033546
CE_MATERIAL:0.5178635540983466
CE_KINGSAFETY:0.5018462145165641
C_PIECESQUARETABLES:0.5101216531851754
C_MOBILITY:0.5023574342249373
C_KINGSAFETY:0.5229872699913014
C_PAWNSTRUCTURE:0.5084021061156357
C_PIECECOORDINATION:0.45102206886228585
C_ROOKANDPAWNMOVEMENT:0.45102206886228585
C_CENTERCONTROL:0.4967226629060029
C_DEVELOPPIECES:0.5047351737293481
C_MATERIAL:0.49906812030193226
C_MOVECOUNT:0.5318572924473499
