ELO:879
CE_PASSEDPAWNS:0.47990068672130837
CE_PAWNWEAKNESSES:0.49185285808157836
CE_PIECEACTIVITY:0.48800959221178597
CE_KINGPAWNSHIELD:0.49564105659638474
CE_PIECECOORDINATION:0.4458818201854585
CE_MATERIAL:0.5061925428182198
CE_KINGSAFETY:0.5
C_PIECESQUARETABLES:0.5
C_MOBILITY:0.49596491279299426
C_KINGSAFETY:0.4905001099903387
C_PAWNSTRUCTURE:0.4631741034310263
C_PIECECOORDINATION:0.4947728853596032
C_ROOK:0.4463897465129159
CE_ROOK:0.5551954025801907
C_CENTERCONTROL:0.5571561984850358
C_DEVELOPPIECES:0.5851298267086076
C_MATERIAL:0.4718408583471025
C_MOVECOUNT:0.5267705331237192
C_PAWNMOVEMENT:0.5298479679063028
