ELO:988
CE_PASSEDPAWNS:0.3671258369474086
CE_PAWNWEAKNESSES:0.5086530027826172
CE_PIECEACTIVITY:0.5594978002495871
CE_KINGPAWNSHIELD:0.47864428032448064
CE_PIECECOORDINATION:0.4736599289322538
CE_MATERIAL:0.5025045149747195
CE_KINGSAFETY:0.5
C_PIECESQUARETABLES:0.5
C_MOBILITY:0.5081393408250422
C_KINGSAFETY:0.5686409290933331
C_PAWNSTRUCTURE:0.3363794684855871
C_PIECECOORDINATION:0.5442670650115635
C_ROOKANDPAWNMOVEMENT:0.5442670650115635
C_CENTERCONTROL:0.36869501357870393
C_DEVELOPPIECES:0.4688481152773533
C_MATERIAL:0.5668131553689512
