ELO:787
CE_PASSEDPAWNS:0.4731861863557131
CE_PAWNWEAKNESSES:0.4881296322825327
CE_PIECEACTIVITY:0.49334523698028376
CE_KINGPAWNSHIELD:0.5087413473018785
CE_PIECECOORDINATION:0.4362617231570675
CE_MATERIAL:0.5084823245159893
CE_KINGSAFETY:0.4925472470180869
C_PIECESQUARETABLES:0.4972448004380165
C_MOBILITY:0.4931984407225652
C_KINGSAFETY:0.5048077420634816
C_PAWNSTRUCTURE:0.46946640998355676
C_PIECECOORDINATION:0.48719387116156193
C_ROOK:0.43946464756692366
CE_ROOK:0.5610739603203341
C_CENTERCONTROL:0.5424038331851035
C_DEVELOPPIECES:0.5847769792309296
C_MATERIAL:0.45925724823597414
C_MOVECOUNT:0.5346816809501908
C_PAWNMOVEMENT:0.5261962491633279
