ELO:999
CE_PASSEDPAWNS:0.5
CE_PAWNWEAKNESSES:0.4840364531842115
CE_PIECEACTIVITY:0.4826677314732595
CE_KINGPAWNSHIELD:0.507035938467401
CE_PIECECOORDINATION:0.4991194311633926
CE_MATERIAL:0.4648915881868456
CE_KINGSAFETY:0.5058105927268353
C_PIECESQUARETABLES:0.488368353281062
C_MOBILITY:0.5011422113673125
C_KINGSAFETY:0.49833867656433634
C_PAWNSTRUCTURE:0.49941788660009245
C_PIECECOORDINATION:0.5
C_ROOKANDPAWNMOVEMENT:0.5
C_CENTERCONTROL:0.5140763619337607
C_DEVELOPPIECES:0.5042117036335243
C_MATERIAL:0.48851412392845533
C_MOVECOUNT:0.475472152323564
