ELO:867
CE_PASSEDPAWNS:0.5360062941147259
CE_PAWNWEAKNESSES:0.5254495840937246
CE_PIECEACTIVITY:0.5671644766370546
CE_KINGPAWNSHIELD:0.4814750477313058
CE_PIECECOORDINATION:0.4989464739711087
CE_MATERIAL:0.46536027306498
CE_KINGSAFETY:0.49384026323462815
C_PIECESQUARETABLES:0.5084204753112275
C_MOBILITY:0.4711616099250207
C_KINGSAFETY:0.485642770831083
C_PAWNSTRUCTURE:0.502965231256238
C_PIECECOORDINATION:0.46108258762075016
C_ROOKANDPAWNMOVEMENT:0.46108258762075016
C_CENTERCONTROL:0.485927512820533
C_DEVELOPPIECES:0.4959207440698286
C_MATERIAL:0.5287069430047818
C_MOVECOUNT:0.5
