ELO:986
CE_PASSEDPAWNS:0.5081963802088805
CE_PAWNWEAKNESSES:0.5850005627921532
CE_PIECEACTIVITY:0.45828058191702065
CE_KINGPAWNSHIELD:0.5158198559134554
CE_PIECECOORDINATION:0.506316865612755
CE_MATERIAL:0.4931379069798791
CE_KINGSAFETY:0.5267754400748997
C_PIECESQUARETABLES:0.5096209380225597
C_MOBILITY:0.44211607140642933
C_KINGSAFETY:0.5147055268000937
C_PAWNSTRUCTURE:0.48655086014539384
C_PIECECOORDINATION:0.5753825511768539
C_ROOKANDPAWNMOVEMENT:0.5753825511768539
C_CENTERCONTROL:0.5009977336205963
C_DEVELOPPIECES:0.5053122714600612
C_MATERIAL:0.4911777736062604
