ELO:955
CE_PASSEDPAWNS:0.46067303638129853
CE_PAWNWEAKNESSES:0.4565889578583648
CE_PIECEACTIVITY:0.41165323334160253
CE_KINGPAWNSHIELD:0.5142416166815335
CE_PIECECOORDINATION:0.5532367133318075
CE_MATERIAL:0.5650820624287581
CE_KINGSAFETY:0.48994879577171385
C_PIECESQUARETABLES:0.48937698140885677
C_MOBILITY:0.5312105406028669
C_KINGSAFETY:0.5284880055146672
C_PAWNSTRUCTURE:0.5352938413030947
C_PIECECOORDINATION:0.48504954868033073
C_ROOKANDPAWNMOVEMENT:0.48504954868033073
C_CENTERCONTROL:0.5753404934525519
C_DEVELOPPIECES:0.4098509074855896
C_MATERIAL:0.5477396803498352
