ELO:1059
CE_PASSEDPAWNS:0.6160089480989366
CE_PAWNWEAKNESSES:0.5106718846005991
CE_PIECEACTIVITY:0.4728148657641426
CE_KINGPAWNSHIELD:0.49402490592781545
CE_PIECECOORDINATION:0.4968842552635745
CE_MATERIAL:0.46128940318932843
CE_KINGSAFETY:0.47317437742389207
C_PIECESQUARETABLES:0.4792290221408662
C_MOBILITY:0.4089844456629267
C_KINGSAFETY:0.5262027396362154
C_PAWNSTRUCTURE:0.42462238332269403
C_PIECECOORDINATION:0.48587273434361333
C_ROOKANDPAWNMOVEMENT:0.48587273434361333
C_CENTERCONTROL:0.5198398765236016
C_DEVELOPPIECES:0.5720442649611794
C_MATERIAL:0.42524020722849526
