ELO:865
CE_PASSEDPAWNS:0.4854978013733166
CE_PAWNWEAKNESSES:0.4896692357514191
CE_PIECEACTIVITY:0.5285310564260316
CE_KINGPAWNSHIELD:0.5105541512367657
CE_PIECECOORDINATION:0.5321895629622005
CE_MATERIAL:0.4868660191579139
CE_KINGSAFETY:0.4497336520219161
C_PIECESQUARETABLES:0.5007764261717644
C_MOBILITY:0.4470041272953703
C_KINGSAFETY:0.5416586345854717
C_PAWNSTRUCTURE:0.5215382817406335
C_PIECECOORDINATION:0.5
C_ROOKANDPAWNMOVEMENT:0.5
C_CENTERCONTROL:0.4962890412790395
C_DEVELOPPIECES:0.5516890116069925
C_MATERIAL:0.5386182998731439
C_MOVECOUNT:0.5
