ELO:925
CE_PASSEDPAWNS:0.5101533361230259
CE_PAWNWEAKNESSES:0.48632492679169365
CE_PIECEACTIVITY:0.5024084345271181
CE_KINGPAWNSHIELD:0.49661691465580815
CE_PIECECOORDINATION:0.5223557305923651
CE_MATERIAL:0.5084125354295005
CE_KINGSAFETY:0.48635121648930163
C_PIECESQUARETABLES:0.4821883245194148
C_MOBILITY:0.5025147516239855
C_KINGSAFETY:0.5034172080754119
C_PAWNSTRUCTURE:0.48861595421005033
C_PIECECOORDINATION:0.4728128235150665
C_ROOKANDPAWNMOVEMENT:0.4728128235150665
C_CENTERCONTROL:0.5004006759827055
C_DEVELOPPIECES:0.5078012859209372
C_MATERIAL:0.4900157371713655
C_MOVECOUNT:0.5
