ELO:957
CE_PASSEDPAWNS:0.4453827803905877
CE_PAWNWEAKNESSES:0.4646882352176792
CE_PIECEACTIVITY:0.4420435801866369
CE_KINGPAWNSHIELD:0.5008475841916361
CE_PIECECOORDINATION:0.5442216584865177
CE_MATERIAL:0.5986358252541892
CE_KINGSAFETY:0.48960373189516426
C_PIECESQUARETABLES:0.5
C_MOBILITY:0.4566818375839131
C_KINGSAFETY:0.505677499910039
C_PAWNSTRUCTURE:0.5428695876610199
C_PIECECOORDINATION:0.4984616427803168
C_ROOKANDPAWNMOVEMENT:0.4984616427803168
C_CENTERCONTROL:0.5518066604136593
C_DEVELOPPIECES:0.44328757576632777
C_MATERIAL:0.55735804044554
