ELO:966
CE_PASSEDPAWNS:0.47029490007423647
CE_PAWNWEAKNESSES:0.5976542589064129
CE_PIECEACTIVITY:0.45343661761342363
CE_KINGPAWNSHIELD:0.5832280292788424
CE_PIECECOORDINATION:0.5289917802501958
CE_MATERIAL:0.5056638734891411
CE_KINGSAFETY:0.48045514283414753
C_PIECESQUARETABLES:0.5021953911242603
C_MOBILITY:0.4167882675429436
C_KINGSAFETY:0.5056852881729129
C_PAWNSTRUCTURE:0.45348756686698255
C_PIECECOORDINATION:0.5753305198895918
C_ROOKANDPAWNMOVEMENT:0.5753305198895918
C_CENTERCONTROL:0.5039886405605389
C_DEVELOPPIECES:0.5138787082375995
C_MATERIAL:0.4672069090917063
