ELO:988
CE_PASSEDPAWNS:0.4891062593687264
CE_PAWNWEAKNESSES:0.5067360857086602
CE_PIECEACTIVITY:0.49001912600453534
CE_KINGPAWNSHIELD:0.49277482808761586
CE_PIECECOORDINATION:0.4621412550635097
CE_MATERIAL:0.49053002835312964
CE_KINGSAFETY:0.48149701858150723
C_PIECESQUARETABLES:0.49940707202274115
C_MOBILITY:0.4952730863615921
C_KINGSAFETY:0.49432398774105357
C_PAWNSTRUCTURE:0.4980676033386668
C_PIECECOORDINATION:0.4898276844326419
C_ROOK:0.46907958556550744
CE_ROOK:0.5433988475032345
C_CENTERCONTROL:0.5253986176995817
C_DEVELOPPIECES:0.5513649420650507
C_MATERIAL:0.5096869688634652
C_MOVECOUNT:0.5177277955676973
C_PAWNMOVEMENT:0.4895361933386869
