ELO:980
CE_PASSEDPAWNS:0.4891062593687264
CE_PAWNWEAKNESSES:0.5067360857086602
CE_PIECEACTIVITY:0.4739074482866273
CE_KINGPAWNSHIELD:0.4872459261747596
CE_PIECECOORDINATION:0.48265061915949126
CE_MATERIAL:0.4843876983659642
CE_KINGSAFETY:0.515901759827473
C_PIECESQUARETABLES:0.4920157507064375
C_MOBILITY:0.48541897183260685
C_KINGSAFETY:0.49328033557370776
C_PAWNSTRUCTURE:0.5036524444976421
C_PIECECOORDINATION:0.49554652183755504
C_ROOK:0.48472354188889916
CE_ROOK:0.5322915144480148
C_CENTERCONTROL:0.5256113228186591
C_DEVELOPPIECES:0.5389886489068828
C_MATERIAL:0.5096869688634652
C_MOVECOUNT:0.5154941318207543
C_PAWNMOVEMENT:0.5055777579578827
