ELO:1000
CE_PASSEDPAWNS:0.4828059006541304
CE_PAWNWEAKNESSES:0.5031003017963128
CE_PIECEACTIVITY:0.47984552337261943
CE_KINGPAWNSHIELD:0.48961474915140096
CE_PIECECOORDINATION:0.5323975704548101
CE_MATERIAL:0.5265135671696023
CE_KINGSAFETY:0.5099921103451411
C_PIECESQUARETABLES:0.4883902158772893
C_MOBILITY:0.4943478658579792
C_KINGSAFETY:0.503064795213766
C_PAWNSTRUCTURE:0.5220104634237804
C_PIECECOORDINATION:0.4886394063352168
C_ROOKANDPAWNMOVEMENT:0.4886394063352168
C_CENTERCONTROL:0.48300968299001373
C_DEVELOPPIECES:0.4727760998857771
C_MATERIAL:0.533231650623747
