ELO:952
CE_PASSEDPAWNS:0.4506195827946767
CE_PAWNWEAKNESSES:0.4646882352176792
CE_PIECEACTIVITY:0.4499419957426162
CE_KINGPAWNSHIELD:0.5121162883991968
CE_PIECECOORDINATION:0.5505468724770394
CE_MATERIAL:0.58988486561966
CE_KINGSAFETY:0.5061544555051407
C_PIECESQUARETABLES:0.5013787333283334
C_MOBILITY:0.4604122770331302
C_KINGSAFETY:0.5039568278492427
C_PAWNSTRUCTURE:0.5577579669462336
C_PIECECOORDINATION:0.4931151487836547
C_ROOKANDPAWNMOVEMENT:0.4931151487836547
C_CENTERCONTROL:0.5636349024161984
C_DEVELOPPIECES:0.44189739994170535
C_MATERIAL:0.5561115727686731
