ELO:863
CE_PASSEDPAWNS:0.5657175788841877
CE_PAWNWEAKNESSES:0.4032134330272823
CE_PIECEACTIVITY:0.45739895468364783
CE_KINGPAWNSHIELD:0.47677049478416306
CE_PIECECOORDINATION:0.5015021715387522
CE_MATERIAL:0.4943419713183689
CE_KINGSAFETY:0.49498639255157156
C_PIECESQUARETABLES:0.4645588612548079
C_MOBILITY:0.5156550037698929
C_KINGSAFETY:0.393038724222483
C_PAWNSTRUCTURE:0.4731556340220184
C_PIECECOORDINATION:0.5420455910161341
C_ROOKANDPAWNMOVEMENT:0.5420455910161341
C_CENTERCONTROL:0.5042904700968999
C_DEVELOPPIECES:0.47472383748305724
C_MATERIAL:0.5523512352842195
C_MOVECOUNT:0.5
