ELO:927
CE_PASSEDPAWNS:0.46670842943375174
CE_PAWNWEAKNESSES:0.5494760328449442
CE_PIECEACTIVITY:0.42762777128982704
CE_KINGPAWNSHIELD:0.5762245562914828
CE_PIECECOORDINATION:0.5122479400634417
CE_MATERIAL:0.5090081758183638
CE_KINGSAFETY:0.47760754209571893
C_PIECESQUARETABLES:0.48981432155981236
C_MOBILITY:0.42849284497858003
C_KINGSAFETY:0.505033840107017
C_PAWNSTRUCTURE:0.43171502534943235
C_PIECECOORDINATION:0.6007892183429385
C_ROOKANDPAWNMOVEMENT:0.6007892183429385
C_CENTERCONTROL:0.5269315152520154
C_DEVELOPPIECES:0.5145868236322021
C_MATERIAL:0.46168436623298187
