ELO:1017
CE_PASSEDPAWNS:0.4924970405912216
CE_PAWNWEAKNESSES:0.499028823613761
CE_PIECEACTIVITY:0.5
CE_KINGPAWNSHIELD:0.5
CE_PIECECOORDINATION:0.4991194311633926
CE_MATERIAL:0.5005682646232779
CE_KINGSAFETY:0.5
C_PIECESQUARETABLES:0.5
C_MOBILITY:0.4947918843730169
C_KINGSAFETY:0.5109290543392725
C_PAWNSTRUCTURE:0.5222701208993894
C_PIECECOORDINATION:0.4936725443745249
C_ROOKANDPAWNMOVEMENT:0.4936725443745249
C_CENTERCONTROL:0.5053371301808673
C_DEVELOPPIECES:0.5
C_MATERIAL:0.5085860600713052
C_MOVECOUNT:0.4866253876723575
