ELO:910
CE_PASSEDPAWNS:0.4933029636557991
CE_PAWNWEAKNESSES:0.6175986476954421
CE_PIECEACTIVITY:0.40524162921136186
CE_KINGPAWNSHIELD:0.5941306619783769
CE_PIECECOORDINATION:0.5263571010705985
CE_MATERIAL:0.5297887798828285
CE_KINGSAFETY:0.47104490787465
C_PIECESQUARETABLES:0.5058025494663878
C_MOBILITY:0.4290997138719432
C_KINGSAFETY:0.5573620922917787
C_PAWNSTRUCTURE:0.47577791938719693
C_PIECECOORDINATION:0.6313684556403573
C_ROOKANDPAWNMOVEMENT:0.6313684556403573
C_CENTERCONTROL:0.4840864181445272
C_DEVELOPPIECES:0.5263644701523449
C_MATERIAL:0.5527388197504487
