ELO:845
CE_PASSEDPAWNS:0.5386828782698366
CE_PAWNWEAKNESSES:0.43685717367269483
CE_PIECEACTIVITY:0.40384364907693393
CE_KINGPAWNSHIELD:0.4825709964837967
CE_PIECECOORDINATION:0.4990467433061534
CE_MATERIAL:0.5
CE_KINGSAFETY:0.5
C_PIECESQUARETABLES:0.521453992202127
C_MOBILITY:0.40536813970949337
C_KINGSAFETY:0.4899149327656606
C_PAWNSTRUCTURE:0.5398000987249935
C_PIECECOORDINATION:0.5578180712151923
C_ROOKANDPAWNMOVEMENT:0.5578180712151923
C_CENTERCONTROL:0.4633290236538381
C_DEVELOPPIECES:0.46589676979905364
C_MATERIAL:0.44463475217094
C_MOVECOUNT:0.510940950293447
