ELO:1000
CE_PASSEDPAWNS:0.5040668585257848
CE_PAWNWEAKNESSES:0.5595588238508277
CE_PIECEACTIVITY:0.4755204658548522
CE_KINGPAWNSHIELD:0.5292055414804168
CE_PIECECOORDINATION:0.5050956095592511
CE_MATERIAL:0.5039814681600141
CE_KINGSAFETY:0.5063817057528894
C_PIECESQUARETABLES:0.5580690946600607
C_MOBILITY:0.4383737536517181
C_KINGSAFETY:0.5098485821688299
C_PAWNSTRUCTURE:0.4674259742656141
C_PIECECOORDINATION:0.5406293808328599
C_ROOKANDPAWNMOVEMENT:0.5406293808328599
C_CENTERCONTROL:0.5128468939113386
C_DEVELOPPIECES:0.5044537981739841
C_MATERIAL:0.47671596226949653
