ELO:980
CE_PASSEDPAWNS:0.4630400169257101
CE_PAWNWEAKNESSES:0.5009693496618829
CE_PIECEACTIVITY:0.5321492770417415
CE_KINGPAWNSHIELD:0.49839155304296007
CE_PIECECOORDINATION:0.5048876186312673
CE_MATERIAL:0.4821926723841246
CE_KINGSAFETY:0.5141369208215655
C_PIECESQUARETABLES:0.5092530105530358
C_MOBILITY:0.49686862550045574
C_KINGSAFETY:0.47997339731915767
C_PAWNSTRUCTURE:0.5433782736972961
C_PIECECOORDINATION:0.5
C_ROOKANDPAWNMOVEMENT:0.5
C_CENTERCONTROL:0.48811425161291366
C_DEVELOPPIECES:0.5012111648611667
C_MATERIAL:0.5051940711219503
C_MOVECOUNT:0.5
