ELO:950
CE_PASSEDPAWNS:0.42895073477459394
CE_PAWNWEAKNESSES:0.4427764268258616
CE_PIECEACTIVITY:0.572469157438533
CE_KINGPAWNSHIELD:0.497196429289797
CE_PIECECOORDINATION:0.5359363537378022
CE_MATERIAL:0.45327072268553775
CE_KINGSAFETY:0.5102355829788723
C_PIECESQUARETABLES:0.4904117805102707
C_MOBILITY:0.5621913301072667
C_KINGSAFETY:0.5199459320949775
C_PAWNSTRUCTURE:0.4427913794564278
C_PIECECOORDINATION:0.363767311453287
C_ROOKANDPAWNMOVEMENT:0.363767311453287
C_CENTERCONTROL:0.5268540964048234
C_DEVELOPPIECES:0.4262195422799493
C_MATERIAL:0.44147091652094195
