ELO:989
CE_PASSEDPAWNS:0.3775845447434158
CE_PAWNWEAKNESSES:0.4876287721322965
CE_PIECEACTIVITY:0.5602055010420494
CE_KINGPAWNSHIELD:0.47864428032448064
CE_PIECECOORDINATION:0.4736599289322538
CE_MATERIAL:0.5008374176628073
CE_KINGSAFETY:0.5069013320466601
C_PIECESQUARETABLES:0.5248227848077209
C_MOBILITY:0.5001465408952577
C_KINGSAFETY:0.5646679000655648
C_PAWNSTRUCTURE:0.31678452172797006
C_PIECECOORDINATION:0.4455295289066636
C_ROOKANDPAWNMOVEMENT:0.4455295289066636
C_CENTERCONTROL:0.35421623548171033
C_DEVELOPPIECES:0.48722375602242524
C_MATERIAL:0.6813110035227025
