ELO:891
CE_PASSEDPAWNS:0.48712783052137015
CE_PAWNWEAKNESSES:0.4844962799628206
CE_PIECEACTIVITY:0.4784944470723669
CE_KINGPAWNSHIELD:0.5068044281406986
CE_PIECECOORDINATION:0.4497310003152791
CE_MATERIAL:0.5278610543983904
CE_KINGSAFETY:0.5142289632504554
C_PIECESQUARETABLES:0.5123816414319966
C_MOBILITY:0.490700906074726
C_KINGSAFETY:0.4969855883569861
C_PAWNSTRUCTURE:0.4631741034310263
C_PIECECOORDINATION:0.4978747992570726
C_ROOK:0.4463897465129159
CE_ROOK:0.5481985473828398
C_CENTERCONTROL:0.5492490934964994
C_DEVELOPPIECES:0.5851298267086076
C_MATERIAL:0.4718408583471025
C_MOVECOUNT:0.5267705331237192
C_PAWNMOVEMENT:0.5138946887042432
