ELO:996
CE_PASSEDPAWNS:0.48279314315862115
CE_PAWNWEAKNESSES:0.5020041081029953
CE_PIECEACTIVITY:0.421263829941703
CE_KINGPAWNSHIELD:0.49660490202786955
CE_PIECECOORDINATION:0.5072222146969626
CE_MATERIAL:0.5862736958154634
CE_KINGSAFETY:0.48817223593860065
C_PIECESQUARETABLES:0.4527731778657708
C_MOBILITY:0.47387402831225744
C_KINGSAFETY:0.49465912853317273
C_PAWNSTRUCTURE:0.5092618066388839
C_PIECECOORDINATION:0.4661774258035498
C_ROOKANDPAWNMOVEMENT:0.4661774258035498
C_CENTERCONTROL:0.5118919429847135
C_DEVELOPPIECES:0.4265202676780234
C_MATERIAL:0.6017640935228937
