ELO:970
CE_PASSEDPAWNS:0.5173366674557218
CE_PAWNWEAKNESSES:0.6237858899855797
CE_PIECEACTIVITY:0.49202426609004174
CE_KINGPAWNSHIELD:0.4519815901773129
CE_PIECECOORDINATION:0.5923621518120957
CE_MATERIAL:0.4701053431366152
CE_KINGSAFETY:0.5226758930585798
C_PIECESQUARETABLES:0.4757530832346535
C_MOBILITY:0.6013724366617266
C_KINGSAFETY:0.3322834262776044
C_PAWNSTRUCTURE:0.5091255696156703
C_PIECECOORDINATION:0.6530013275696301
C_ROOKANDPAWNMOVEMENT:0.6530013275696301
C_CENTERCONTROL:0.5319790877669808
C_DEVELOPPIECES:0.5502433772782193
C_MATERIAL:0.6011383309266201
