ELO:846
CE_PASSEDPAWNS:0.5557635111257349
CE_PAWNWEAKNESSES:0.5182089809095384
CE_PIECEACTIVITY:0.3773686787116292
CE_KINGPAWNSHIELD:0.4510456317230808
CE_PIECECOORDINATION:0.5406949729405078
CE_MATERIAL:0.5601862785699372
CE_KINGSAFETY:0.5568278200876239
C_PIECESQUARETABLES:0.4978379705038167
C_MOBILITY:0.47498537932812057
C_KINGSAFETY:0.49256955260155955
C_PAWNSTRUCTURE:0.44491984528589107
C_PIECECOORDINATION:0.6005757094519039
C_ROOKANDPAWNMOVEMENT:0.6005757094519039
C_CENTERCONTROL:0.5586261116721873
C_DEVELOPPIECES:0.5087399843251019
C_MATERIAL:0.4728025138586619
C_MOVECOUNT:0.5
