ELO:818
CE_PASSEDPAWNS:0.47567811285043254
CE_PAWNWEAKNESSES:0.4881296322825327
CE_PIECEACTIVITY:0.4956666054435298
CE_KINGPAWNSHIELD:0.49650359212520045
CE_PIECECOORDINATION:0.44656688494014996
CE_MATERIAL:0.5084823245159893
CE_KINGSAFETY:0.4980325798211934
C_PIECESQUARETABLES:0.4921888593049391
C_MOBILITY:0.4971210529436003
C_KINGSAFETY:0.4996944726492937
C_PAWNSTRUCTURE:0.4631741034310263
C_PIECECOORDINATION:0.4896194002779225
C_ROOK:0.4337420888112257
CE_ROOK:0.5610739603203341
C_CENTERCONTROL:0.5571561984850358
C_DEVELOPPIECES:0.5761564284472871
C_MATERIAL:0.47156693364472135
C_MOVECOUNT:0.5248935470513293
C_PAWNMOVEMENT:0.5261962491633279
