ELO:1020
CE_PASSEDPAWNS:0.5055145788900314
CE_PAWNWEAKNESSES:0.5
CE_PIECEACTIVITY:0.5
CE_KINGPAWNSHIELD:0.5
CE_PIECECOORDINATION:0.4939224972474144
CE_MATERIAL:0.5
CE_KINGSAFETY:0.5
C_PIECESQUARETABLES:0.5
C_MOBILITY:0.5134252794315344
C_KINGSAFETY:0.5
C_PAWNSTRUCTURE:0.5058243042912726
C_PIECECOORDINATION:0.49789484162712394
C_ROOKANDPAWNMOVEMENT:0.49789484162712394
C_CENTERCONTROL:0.49893394782779715
C_DEVELOPPIECES:0.5
C_MATERIAL:0.49365473300316154
C_MOVECOUNT:0.5064353757279253
