ELO:952
CE_PASSEDPAWNS:0.444872925749178
CE_PAWNWEAKNESSES:0.4684878170435969
CE_PIECEACTIVITY:0.42354907922029883
CE_KINGPAWNSHIELD:0.5020856544588139
CE_PIECECOORDINATION:0.5531445074536676
CE_MATERIAL:0.5866403937266848
CE_KINGSAFETY:0.4899587210405407
C_PIECESQUARETABLES:0.4692810611494059
C_MOBILITY:0.4623223265305773
C_KINGSAFETY:0.504219065841655
C_PAWNSTRUCTURE:0.5818535897298573
C_PIECECOORDINATION:0.4773383731630736
C_ROOKANDPAWNMOVEMENT:0.4773383731630736
C_CENTERCONTROL:0.5578259605821155
C_DEVELOPPIECES:0.46447085247340864
C_MATERIAL:0.5460347033876656
