ELO:955
CE_PASSEDPAWNS:0.4721837801145944
CE_PAWNWEAKNESSES:0.48810836778306255
CE_PIECEACTIVITY:0.4961882711876144
CE_KINGPAWNSHIELD:0.5057165842722388
CE_PIECECOORDINATION:0.44116993566745394
CE_MATERIAL:0.5105645320179475
CE_KINGSAFETY:0.5
C_PIECESQUARETABLES:0.5
C_MOBILITY:0.5007670409729331
C_KINGSAFETY:0.50565077401557
C_PAWNSTRUCTURE:0.4801976008600634
C_PIECECOORDINATION:0.49997223130729357
C_ROOK:0.4756192962018613
CE_ROOK:0.5609848644435093
C_CENTERCONTROL:0.5510339813328716
C_DEVELOPPIECES:0.5786982552022019
C_MATERIAL:0.49540666166431596
C_MOVECOUNT:0.513383052978078
C_PAWNMOVEMENT:0.49910824486590954
