ELO:944
CE_PASSEDPAWNS:0.5427184464696649
CE_PAWNWEAKNESSES:0.5
CE_PIECEACTIVITY:0.5
CE_KINGPAWNSHIELD:0.4538103618312045
CE_PIECECOORDINATION:0.42950496134810023
CE_MATERIAL:0.4933479046581891
CE_KINGSAFETY:0.47784259852855715
C_PIECESQUARETABLES:0.49559911237753357
C_MOBILITY:0.490140067890074
C_KINGSAFETY:0.48894521431848526
C_PAWNSTRUCTURE:0.49594767284945873
C_PIECECOORDINATION:0.4733502285920672
C_ROOKANDPAWNMOVEMENT:0.4733502285920672
C_CENTERCONTROL:0.5
C_DEVELOPPIECES:0.5129302600349632
C_MATERIAL:0.4923440875327483
C_MOVECOUNT:0.5
