ELO:1000
CE_PASSEDPAWNS:0.4985664158567295
CE_PAWNWEAKNESSES:0.5495710181881663
CE_PIECEACTIVITY:0.4975433639040787
CE_KINGPAWNSHIELD:0.5153787696082558
CE_PIECECOORDINATION:0.4883300945194009
CE_MATERIAL:0.5117900813435643
CE_KINGSAFETY:0.5019351465820358
C_PIECESQUARETABLES:0.5673778512394645
C_MOBILITY:0.458121517464426
C_KINGSAFETY:0.5016975567563844
C_PAWNSTRUCTURE:0.4777622944303969
C_PIECECOORDINATION:0.5449157989632282
C_ROOKANDPAWNMOVEMENT:0.5449157989632282
C_CENTERCONTROL:0.5052560682960285
C_DEVELOPPIECES:0.47044413842685273
C_MATERIAL:0.4698061787770338
