ELO:864
CE_PASSEDPAWNS:0.4807275189341897
CE_PAWNWEAKNESSES:0.5205919145578544
CE_PIECEACTIVITY:0.5658504770175075
CE_KINGPAWNSHIELD:0.46666415318688786
CE_PIECECOORDINATION:0.5105678248387173
CE_MATERIAL:0.480098436046965
CE_KINGSAFETY:0.5291207657078014
C_PIECESQUARETABLES:0.49415667858327955
C_MOBILITY:0.4847419960369653
C_KINGSAFETY:0.4858558594331404
C_PAWNSTRUCTURE:0.4940164957204806
C_PIECECOORDINATION:0.48444824494785044
C_ROOKANDPAWNMOVEMENT:0.48444824494785044
C_CENTERCONTROL:0.49002010944173663
C_DEVELOPPIECES:0.5071185878833071
C_MATERIAL:0.5098597429695961
C_MOVECOUNT:0.5
