ELO:1047
CE_PASSEDPAWNS:0.5
CE_PAWNWEAKNESSES:0.4922477138907856
CE_PIECEACTIVITY:0.5008807483421258
CE_KINGPAWNSHIELD:0.5207498646079483
CE_PIECECOORDINATION:0.5165074047291068
CE_MATERIAL:0.5
CE_KINGSAFETY:0.5
C_PIECESQUARETABLES:0.49972024527207737
C_MOBILITY:0.5004956991434384
C_KINGSAFETY:0.4834710880862818
C_PAWNSTRUCTURE:0.4931395355799199
C_PIECECOORDINATION:0.5057273995688858
C_ROOK:0.5
CE_ROOK:0.5197082688835153
C_CENTERCONTROL:0.50118508796002
C_DEVELOPPIECES:0.49029101695187716
C_MATERIAL:0.49934618942507064
C_MOVECOUNT:0.5147861336236597
C_PAWNMOVEMENT:0.5
