ELO:1016
CE_PASSEDPAWNS:0.6235551805801035
CE_PAWNWEAKNESSES:0.5308836359894014
CE_PIECEACTIVITY:0.4777716367668044
CE_KINGPAWNSHIELD:0.5196843436877767
CE_PIECECOORDINATION:0.4887056714401025
CE_MATERIAL:0.48648361735962997
CE_KINGSAFETY:0.4989034863903613
C_PIECESQUARETABLES:0.4941900940154054
C_MOBILITY:0.40345735801748606
C_KINGSAFETY:0.5219386220947326
C_PAWNSTRUCTURE:0.4637372180209306
C_PIECECOORDINATION:0.4862030057074224
C_ROOKANDPAWNMOVEMENT:0.4862030057074224
C_CENTERCONTROL:0.4927713256811667
C_DEVELOPPIECES:0.5865396757177046
C_MATERIAL:0.4159031026597864
