ELO:984
CE_PASSEDPAWNS:0.47554162521418364
CE_PAWNWEAKNESSES:0.5
CE_PIECEACTIVITY:0.4920415308387899
CE_KINGPAWNSHIELD:0.49715806495216847
CE_PIECECOORDINATION:0.514314271296826
CE_MATERIAL:0.5
CE_KINGSAFETY:0.4791007535960357
C_PIECESQUARETABLES:0.48081107349455576
C_MOBILITY:0.49025470369637725
C_KINGSAFETY:0.5029399512995102
C_PAWNSTRUCTURE:0.49500839105715905
C_PIECECOORDINATION:0.5212605123307055
C_ROOKANDPAWNMOVEMENT:0.5212605123307055
C_CENTERCONTROL:0.4795056189059596
C_DEVELOPPIECES:0.48644817620949965
C_MATERIAL:0.4997975566703024
C_MOVECOUNT:0.4873693098450818
