ELO:1000
CE_PASSEDPAWNS:0.5080621005137171
CE_PAWNWEAKNESSES:0.5493013069458885
CE_PIECEACTIVITY:0.4885150199346512
CE_KINGPAWNSHIELD:0.5397365248136581
CE_PIECECOORDINATION:0.49551350822354995
CE_MATERIAL:0.5061259264092036
CE_KINGSAFETY:0.497528550065222
C_PIECESQUARETABLES:0.5598050278785665
C_MOBILITY:0.446508895795058
C_KINGSAFETY:0.5015013940527479
C_PAWNSTRUCTURE:0.46281250097291465
C_PIECECOORDINATION:0.5360392319514957
C_ROOKANDPAWNMOVEMENT:0.5360392319514957
C_CENTERCONTROL:0.5111252110585507
C_DEVELOPPIECES:0.4933502457131507
C_MATERIAL:0.4736585322915025
