ELO:935
CE_PASSEDPAWNS:0.4575949883343276
CE_PAWNWEAKNESSES:0.5888880921425235
CE_PIECEACTIVITY:0.43269501473301736
CE_KINGPAWNSHIELD:0.4668696965823581
CE_PIECECOORDINATION:0.5167629830623203
CE_MATERIAL:0.5182844056021899
CE_KINGSAFETY:0.5
C_PIECESQUARETABLES:0.5
C_MOBILITY:0.5026707207852575
C_KINGSAFETY:0.5202866898197915
C_PAWNSTRUCTURE:0.41463000272682077
C_PIECECOORDINATION:0.5022107255706696
C_ROOKANDPAWNMOVEMENT:0.5022107255706696
C_CENTERCONTROL:0.43740593672224054
C_DEVELOPPIECES:0.33106749785909456
C_MATERIAL:0.6437105241789607
