ELO:974
CE_PASSEDPAWNS:0.4929852275721701
CE_PAWNWEAKNESSES:0.5087839233994805
CE_PIECEACTIVITY:0.4933930787839437
CE_KINGPAWNSHIELD:0.5087793567103007
CE_PIECECOORDINATION:0.5
CE_MATERIAL:0.5
CE_KINGSAFETY:0.5126913074847268
C_PIECESQUARETABLES:0.5062754085130421
C_MOBILITY:0.5
C_KINGSAFETY:0.48928103769969267
C_PAWNSTRUCTURE:0.5053930341634195
C_PIECECOORDINATION:0.48297283233334815
C_ROOKANDPAWNMOVEMENT:0.48297283233334815
C_CENTERCONTROL:0.46405196501514173
C_DEVELOPPIECES:0.5003504540402608
C_MATERIAL:0.5017269311360569
C_MOVECOUNT:0.5
