ELO:847
CE_PASSEDPAWNS:0.5582208087836501
CE_PAWNWEAKNESSES:0.6726613172480674
CE_PIECEACTIVITY:0.543175506381628
CE_KINGPAWNSHIELD:0.4931279155900227
CE_PIECECOORDINATION:0.5051496199167317
CE_MATERIAL:0.430295489690619
CE_KINGSAFETY:0.5
C_PIECESQUARETABLES:0.5
C_MOBILITY:0.49443736684920936
C_KINGSAFETY:0.4003078171263969
C_PAWNSTRUCTURE:0.4054221569308417
C_PIECECOORDINATION:0.4651521673053965
C_ROOKANDPAWNMOVEMENT:0.4651521673053965
C_CENTERCONTROL:0.5346899789965979
C_DEVELOPPIECES:0.4372238399985067
C_MATERIAL:0.5003704629571398
C_MOVECOUNT:0.5
