ELO:924
CE_PASSEDPAWNS:0.4695835409791485
CE_PAWNWEAKNESSES:0.5560820265044443
CE_PIECEACTIVITY:0.42373370914542186
CE_KINGPAWNSHIELD:0.577832018573697
CE_PIECECOORDINATION:0.511013988655204
CE_MATERIAL:0.49745681496839284
CE_KINGSAFETY:0.4603029853798815
C_PIECESQUARETABLES:0.4962407212068919
C_MOBILITY:0.41852158197241507
C_KINGSAFETY:0.5013618974018095
C_PAWNSTRUCTURE:0.45286543407876534
C_PIECECOORDINATION:0.6110017203910568
C_ROOKANDPAWNMOVEMENT:0.6110017203910568
C_CENTERCONTROL:0.5173143573788382
C_DEVELOPPIECES:0.5086527787533237
C_MATERIAL:0.46676730090940893
