ELO:831
CE_PASSEDPAWNS:0.48056546259139366
CE_PAWNWEAKNESSES:0.48406955782603767
CE_PIECEACTIVITY:0.4994257053601237
CE_KINGPAWNSHIELD:0.5207269215491765
CE_PIECECOORDINATION:0.42638111863873196
CE_MATERIAL:0.5100163520820526
CE_KINGSAFETY:0.49512108074379685
C_PIECESQUARETABLES:0.5087824902076409
C_MOBILITY:0.49666288198453995
C_KINGSAFETY:0.5086911320544001
C_PAWNSTRUCTURE:0.47502588539420115
C_PIECECOORDINATION:0.4959568584209934
C_ROOK:0.42794845464110454
CE_ROOK:0.5582460626875961
C_CENTERCONTROL:0.5365519913220339
C_DEVELOPPIECES:0.5763382253384006
C_MATERIAL:0.45023510138326583
C_MOVECOUNT:0.542826592954849
C_PAWNMOVEMENT:0.5332142144946705
