ELO:869
CE_PASSEDPAWNS:0.4854348293208597
CE_PAWNWEAKNESSES:0.49313756628008515
CE_PIECEACTIVITY:0.5030038110063433
CE_KINGPAWNSHIELD:0.514319250144592
CE_PIECECOORDINATION:0.4427752794410273
CE_MATERIAL:0.5134425090763025
CE_KINGSAFETY:0.5013347901239172
C_PIECESQUARETABLES:0.507855998883546
C_MOBILITY:0.5097040317585019
C_KINGSAFETY:0.5129799740393061
C_PAWNSTRUCTURE:0.46501728667539993
C_PIECECOORDINATION:0.5099077052734037
C_ROOK:0.42050697326423125
CE_ROOK:0.5726936904001734
C_CENTERCONTROL:0.543798972603211
C_DEVELOPPIECES:0.5545833282884812
C_MATERIAL:0.44886017938489253
C_MOVECOUNT:0.5469670265287528
C_PAWNMOVEMENT:0.5111791393071207
