ELO:979
CE_PASSEDPAWNS:0.5007232476876202
CE_PAWNWEAKNESSES:0.47805777603067945
CE_PIECEACTIVITY:0.5006332536117357
CE_KINGPAWNSHIELD:0.5045601080505956
CE_PIECECOORDINATION:0.5154656452877332
CE_MATERIAL:0.5020299128388618
CE_KINGSAFETY:0.5042271258180505
C_PIECESQUARETABLES:0.4793670406866296
C_MOBILITY:0.49767267119217806
C_KINGSAFETY:0.4728188396236311
C_PAWNSTRUCTURE:0.43792595807417073
C_PIECECOORDINATION:0.5092148538472836
C_ROOKANDPAWNMOVEMENT:0.5092148538472836
C_CENTERCONTROL:0.4732171917827917
C_DEVELOPPIECES:0.48850581755607086
C_MATERIAL:0.4799036805414373
C_MOVECOUNT:0.5
