ELO:959
CE_PASSEDPAWNS:0.4721837801145944
CE_PAWNWEAKNESSES:0.48810836778306255
CE_PIECEACTIVITY:0.4961882711876144
CE_KINGPAWNSHIELD:0.5005725038807247
CE_PIECECOORDINATION:0.4418384420737964
CE_MATERIAL:0.5105645320179475
CE_KINGSAFETY:0.4949035588511537
C_PIECESQUARETABLES:0.4979364250298812
C_MOBILITY:0.4914149733889271
C_KINGSAFETY:0.5021378188970355
C_PAWNSTRUCTURE:0.48892894683925764
C_PIECECOORDINATION:0.49394288565943784
C_ROOK:0.4756192962018613
CE_ROOK:0.5609848644435093
C_CENTERCONTROL:0.543030420434592
C_DEVELOPPIECES:0.5694952381942084
C_MATERIAL:0.49540666166431596
C_MOVECOUNT:0.513383052978078
C_PAWNMOVEMENT:0.5034210233628986
