ELO:984
CE_PASSEDPAWNS:0.48975550281704044
CE_PAWNWEAKNESSES:0.500021233173988
CE_PIECEACTIVITY:0.48719039042195067
CE_KINGPAWNSHIELD:0.4872459261747596
CE_PIECECOORDINATION:0.488843042117082
CE_MATERIAL:0.49425981737561897
CE_KINGSAFETY:0.5067878882683728
C_PIECESQUARETABLES:0.4913562307198142
C_MOBILITY:0.4894054854728819
C_KINGSAFETY:0.48423825434766093
C_PAWNSTRUCTURE:0.5118380755113656
C_PIECECOORDINATION:0.49835922421293744
C_ROOK:0.48276124745460053
CE_ROOK:0.5212057708991096
C_CENTERCONTROL:0.5297275650999826
C_DEVELOPPIECES:0.5429308892393335
C_MATERIAL:0.4925542384910138
C_MOVECOUNT:0.5076975599183725
C_PAWNMOVEMENT:0.5039923514121495
