ELO:959
CE_PASSEDPAWNS:0.5327473005595571
CE_PAWNWEAKNESSES:0.4928387137470816
CE_PIECEACTIVITY:0.5296873085250197
CE_KINGPAWNSHIELD:0.5
CE_PIECECOORDINATION:0.491867312086001
CE_MATERIAL:0.46097325002077194
CE_KINGSAFETY:0.47888507107204237
C_PIECESQUARETABLES:0.5607552730002655
C_MOBILITY:0.5056470236707354
C_KINGSAFETY:0.5187265206144156
C_PAWNSTRUCTURE:0.4637404480517205
C_PIECECOORDINATION:0.4747503294645522
C_ROOKANDPAWNMOVEMENT:0.4747503294645522
C_CENTERCONTROL:0.46485940185392616
C_DEVELOPPIECES:0.5157724497451844
C_MATERIAL:0.4924023690815606
C_MOVECOUNT:0.5
