ELO:1000
CE_PASSEDPAWNS:0.4855295706119226
CE_PAWNWEAKNESSES:0.5043161447535179
CE_PIECEACTIVITY:0.5080507040408861
CE_KINGPAWNSHIELD:0.5097276000948758
CE_PIECECOORDINATION:0.5086350371209314
CE_MATERIAL:0.4701065045024088
CE_KINGSAFETY:0.506608982514295
C_PIECESQUARETABLES:0.4833954209120339
C_MOBILITY:0.4958092650004883
C_KINGSAFETY:0.4799712395294503
C_PAWNSTRUCTURE:0.5235278955441098
C_PIECECOORDINATION:0.5325780339512936
C_ROOKANDPAWNMOVEMENT:0.5325780339512936
C_CENTERCONTROL:0.49315759930578645
C_DEVELOPPIECES:0.5166457917603747
C_MATERIAL:0.49936050782167807
