ELO:997
CE_PASSEDPAWNS:0.48321042247513196
CE_PAWNWEAKNESSES:0.4929601560250422
CE_PIECEACTIVITY:0.5
CE_KINGPAWNSHIELD:0.5148764039140867
CE_PIECECOORDINATION:0.5094220225670563
CE_MATERIAL:0.4954028875485665
CE_KINGSAFETY:0.5
C_PIECESQUARETABLES:0.5
C_MOBILITY:0.5108709319203297
C_KINGSAFETY:0.5
C_PAWNSTRUCTURE:0.4913568046765564
C_PIECECOORDINATION:0.5
C_ROOKANDPAWNMOVEMENT:0.5
C_CENTERCONTROL:0.5141152146912816
C_DEVELOPPIECES:0.5135608555879249
C_MATERIAL:0.4857800542362516
C_MOVECOUNT:0.5
