ELO:1089
CE_PASSEDPAWNS:0.6116050615871145
CE_PAWNWEAKNESSES:0.4913955703625296
CE_PIECEACTIVITY:0.46520852578877175
CE_KINGPAWNSHIELD:0.4963216154669688
CE_PIECECOORDINATION:0.4803925721213925
CE_MATERIAL:0.45398262924940724
CE_KINGSAFETY:0.5
C_PIECESQUARETABLES:0.4936962120503122
C_MOBILITY:0.42105203460517804
C_KINGSAFETY:0.5006229119229442
C_PAWNSTRUCTURE:0.41159374709656454
C_PIECECOORDINATION:0.47863206872267633
C_ROOKANDPAWNMOVEMENT:0.47863206872267633
C_CENTERCONTROL:0.5241516181776379
C_DEVELOPPIECES:0.5841401794035967
C_MATERIAL:0.422791829116012
