ELO:945
CE_PASSEDPAWNS:0.49760907289628714
CE_PAWNWEAKNESSES:0.5426244167411721
CE_PIECEACTIVITY:0.49688711131066177
CE_KINGPAWNSHIELD:0.4736387195021751
CE_PIECECOORDINATION:0.5007721142011183
CE_MATERIAL:0.4549836462664367
CE_KINGSAFETY:0.5031776054129606
C_PIECESQUARETABLES:0.5125019290605746
C_MOBILITY:0.48661110417748815
C_KINGSAFETY:0.43111249968756477
C_PAWNSTRUCTURE:0.5539538110289928
C_PIECECOORDINATION:0.4729778066306826
C_ROOK:0.4727161254122122
CE_ROOK:0.4661169086224161
C_CENTERCONTROL:0.5744652877833576
C_DEVELOPPIECES:0.5051065498211813
C_MATERIAL:0.4788536737363118
C_MOVECOUNT:0.5684219641715699
C_PAWNMOVEMENT:0.5015445831170665
