ELO:826
CE_PASSEDPAWNS:0.44082373547957476
CE_PAWNWEAKNESSES:0.48336069903948903
CE_PIECEACTIVITY:0.42773940969344154
CE_KINGPAWNSHIELD:0.51134104127295
CE_PIECECOORDINATION:0.49913177379382545
CE_MATERIAL:0.558895502885711
CE_KINGSAFETY:0.5485626123539568
C_PIECESQUARETABLES:0.4875905714869402
C_MOBILITY:0.39760306989943384
C_KINGSAFETY:0.5314728126639487
C_PAWNSTRUCTURE:0.4830228689411637
C_PIECECOORDINATION:0.4682178985430786
C_ROOKANDPAWNMOVEMENT:0.4682178985430786
C_CENTERCONTROL:0.4401130931159922
C_DEVELOPPIECES:0.42066688962681004
C_MATERIAL:0.5698833496621764
C_MOVECOUNT:0.4485117186884621
