ELO:967
CE_PASSEDPAWNS:0.516134766628733
CE_PAWNWEAKNESSES:0.46362243943694237
CE_PIECEACTIVITY:0.47590674510057607
CE_KINGPAWNSHIELD:0.4762474226811829
CE_PIECECOORDINATION:0.5669186981285633
CE_MATERIAL:0.5964765326955273
CE_KINGSAFETY:0.49480646059207756
C_PIECESQUARETABLES:0.4913480477188555
C_MOBILITY:0.5836297293863395
C_KINGSAFETY:0.43342130636236986
C_PAWNSTRUCTURE:0.540004079398943
C_PIECECOORDINATION:0.527904567241166
C_ROOKANDPAWNMOVEMENT:0.527904567241166
C_CENTERCONTROL:0.49503289057317984
C_DEVELOPPIECES:0.3818749314508085
C_MATERIAL:0.48973795189189273
