ELO:1000
CE_PASSEDPAWNS:0.5241983495875742
CE_PAWNWEAKNESSES:0.5
CE_PIECEACTIVITY:0.5247832472586135
CE_KINGPAWNSHIELD:0.49443881801989864
CE_PIECECOORDINATION:0.501466442871447
CE_MATERIAL:0.5046424725789659
CE_KINGSAFETY:0.5234847340003072
C_PIECESQUARETABLES:0.4953094383706438
C_MOBILITY:0.4996091069469196
C_KINGSAFETY:0.4954676768747956
C_PAWNSTRUCTURE:0.5102416474389121
C_PIECECOORDINATION:0.5033860235812472
C_ROOKANDPAWNMOVEMENT:0.5033860235812472
C_CENTERCONTROL:0.498369752472302
C_DEVELOPPIECES:0.5156056010230915
C_MATERIAL:0.5249564165631823
