ELO:926
CE_PASSEDPAWNS:0.48409616129379635
CE_PAWNWEAKNESSES:0.5106460528990244
CE_PIECEACTIVITY:0.5010565052829902
CE_KINGPAWNSHIELD:0.5111436769598859
CE_PIECECOORDINATION:0.5205339560274186
CE_MATERIAL:0.49510437548054065
CE_KINGSAFETY:0.5098896282297466
C_PIECESQUARETABLES:0.4902509024859375
C_MOBILITY:0.5127906857698928
C_KINGSAFETY:0.5516173362045851
C_PAWNSTRUCTURE:0.4420392161621256
C_PIECECOORDINATION:0.5361095372830116
C_ROOKANDPAWNMOVEMENT:0.5361095372830116
C_CENTERCONTROL:0.5949008410296197
C_DEVELOPPIECES:0.45917114825593214
C_MATERIAL:0.546967094132057
C_MOVECOUNT:0.5
