ELO:989
CE_PASSEDPAWNS:0.49445480870730785
CE_PAWNWEAKNESSES:0.4971503764961304
CE_PIECEACTIVITY:0.4189761787166169
CE_KINGPAWNSHIELD:0.4470924707506
CE_PIECECOORDINATION:0.5437076641525808
CE_MATERIAL:0.41530693826817106
CE_KINGSAFETY:0.5077732812161093
C_PIECESQUARETABLES:0.5011872111703389
C_MOBILITY:0.37036938100264055
C_KINGSAFETY:0.4293260625353423
C_PAWNSTRUCTURE:0.5223504546085482
C_PIECECOORDINATION:0.5426527918788161
C_ROOKANDPAWNMOVEMENT:0.5426527918788161
C_CENTERCONTROL:0.49780289700711244
C_DEVELOPPIECES:0.5839033823290604
C_MATERIAL:0.48482308429746307
