ELO:973
CE_PASSEDPAWNS:0.5041623376287496
CE_PAWNWEAKNESSES:0.5057511598126487
CE_PIECEACTIVITY:0.4956981952096162
CE_KINGPAWNSHIELD:0.5056778593871005
CE_PIECECOORDINATION:0.49866552822048577
CE_MATERIAL:0.5
CE_KINGSAFETY:0.48162616238122397
C_PIECESQUARETABLES:0.4704819436509597
C_MOBILITY:0.49841321130891875
C_KINGSAFETY:0.5032521209995766
C_PAWNSTRUCTURE:0.5104481422141958
C_PIECECOORDINATION:0.4886488958667084
C_ROOKANDPAWNMOVEMENT:0.4886488958667084
C_CENTERCONTROL:0.4949149710520171
C_DEVELOPPIECES:0.49442188662623915
C_MATERIAL:0.46232342318281955
C_MOVECOUNT:0.5
