ELO:963
CE_PASSEDPAWNS:0.5265267329596015
CE_PAWNWEAKNESSES:0.4831909150504447
CE_PIECEACTIVITY:0.4846100256002258
CE_KINGPAWNSHIELD:0.4632580091429797
CE_PIECECOORDINATION:0.58889889557443
CE_MATERIAL:0.6062499760071425
CE_KINGSAFETY:0.48261595441288135
C_PIECESQUARETABLES:0.5112753592455075
C_MOBILITY:0.5960791616949213
C_KINGSAFETY:0.4287982743146266
C_PAWNSTRUCTURE:0.5232108718857011
C_PIECECOORDINATION:0.5317410996687949
C_ROOKANDPAWNMOVEMENT:0.5317410996687949
C_CENTERCONTROL:0.49798453544763455
C_DEVELOPPIECES:0.3598551012855051
C_MATERIAL:0.5116592372343765
