ELO:969
CE_PASSEDPAWNS:0.49890635831488583
CE_PAWNWEAKNESSES:0.4787187961307776
CE_PIECEACTIVITY:0.484882581892695
CE_KINGPAWNSHIELD:0.4973891169352345
CE_PIECECOORDINATION:0.49599536089154767
CE_MATERIAL:0.4948670507837942
CE_KINGSAFETY:0.4978778503439116
C_PIECESQUARETABLES:0.47972729176230455
C_MOBILITY:0.48583239781313914
C_KINGSAFETY:0.5009843624118666
C_PAWNSTRUCTURE:0.5072508171613525
C_PIECECOORDINATION:0.4962256268592163
C_ROOKANDPAWNMOVEMENT:0.4962256268592163
C_CENTERCONTROL:0.5106979792259263
C_DEVELOPPIECES:0.5012030323026111
C_MATERIAL:0.4988414179224757
C_MOVECOUNT:0.5
