ELO:923
CE_PASSEDPAWNS:0.5148425369050855
CE_PAWNWEAKNESSES:0.49591175656931413
CE_PIECEACTIVITY:0.5178853266390606
CE_KINGPAWNSHIELD:0.5020019046981163
CE_PIECECOORDINATION:0.5176275974456289
CE_MATERIAL:0.5063137529372568
CE_KINGSAFETY:0.5100330574410709
C_PIECESQUARETABLES:0.5
C_MOBILITY:0.5069415682639773
C_KINGSAFETY:0.4717057326974317
C_PAWNSTRUCTURE:0.5145134721033282
C_PIECECOORDINATION:0.48309995492942187
C_ROOK:0.4971928597584358
CE_ROOK:0.48196340308380775
C_CENTERCONTROL:0.5266651255383769
C_DEVELOPPIECES:0.4780780724246081
C_MATERIAL:0.5059333558029041
C_MOVECOUNT:0.5532655581554444
C_PAWNMOVEMENT:0.4987096314465137
