ELO:940
CE_PASSEDPAWNS:0.5216397446625247
CE_PAWNWEAKNESSES:0.5008709566190429
CE_PIECEACTIVITY:0.5097054811579624
CE_KINGPAWNSHIELD:0.48707609177122985
CE_PIECECOORDINATION:0.498799416179142
CE_MATERIAL:0.48900678310681084
CE_KINGSAFETY:0.4837426079125991
C_PIECESQUARETABLES:0.5134943743043456
C_MOBILITY:0.4999551614201486
C_KINGSAFETY:0.4631160156887402
C_PAWNSTRUCTURE:0.5446773745383391
C_PIECECOORDINATION:0.4898188440076864
C_ROOK:0.48751986527619184
CE_ROOK:0.4841264876291269
C_CENTERCONTROL:0.5270979724525003
C_DEVELOPPIECES:0.48561586401029105
C_MATERIAL:0.4866253267720403
C_MOVECOUNT:0.5416890078141822
C_PAWNMOVEMENT:0.49722230442445864
