ELO:1000
CE_PASSEDPAWNS:0.41873973969047285
CE_PAWNWEAKNESSES:0.6105148425273107
CE_PIECEACTIVITY:0.49131792145068115
CE_KINGPAWNSHIELD:0.5125740171981189
CE_PIECECOORDINATION:0.5943358119667194
CE_MATERIAL:0.49820983670644753
CE_KINGSAFETY:0.48891514513950385
C_PIECESQUARETABLES:0.4437694205771185
C_MOBILITY:0.5106458589542743
C_KINGSAFETY:0.5642206056076017
C_PAWNSTRUCTURE:0.5174123416053308
C_PIECECOORDINATION:0.5433551243629441
C_ROOKANDPAWNMOVEMENT:0.5433551243629441
C_CENTERCONTROL:0.48779428052837387
C_DEVELOPPIECES:0.5210031608209399
C_MATERIAL:0.5118001684030463
