ELO:923
CE_PASSEDPAWNS:0.5042149776103984
CE_PAWNWEAKNESSES:0.5216450890090366
CE_PIECEACTIVITY:0.4829126296644847
CE_KINGPAWNSHIELD:0.5008204923193335
CE_PIECECOORDINATION:0.5219486031089243
CE_MATERIAL:0.48557111061316666
CE_KINGSAFETY:0.5116995274743953
C_PIECESQUARETABLES:0.5324256738679141
C_MOBILITY:0.483810492896676
C_KINGSAFETY:0.4499294877786973
C_PAWNSTRUCTURE:0.5595743397242463
C_PIECECOORDINATION:0.48252803922239174
C_ROOK:0.4821967325125307
CE_ROOK:0.4765078822916721
C_CENTERCONTROL:0.5467297584936301
C_DEVELOPPIECES:0.5380805173448827
C_MATERIAL:0.4877469505613978
C_MOVECOUNT:0.5659071018191125
C_PAWNMOVEMENT:0.5071716187710062
