ELO:1011
CE_PASSEDPAWNS:0.48627447766482407
CE_PAWNWEAKNESSES:0.5131494075750438
CE_PIECEACTIVITY:0.506132762213787
CE_KINGPAWNSHIELD:0.4900995541478451
CE_PIECECOORDINATION:0.5082750359785212
CE_MATERIAL:0.5
CE_KINGSAFETY:0.5
C_PIECESQUARETABLES:0.49764313507195485
C_MOBILITY:0.5049429626571597
C_KINGSAFETY:0.5080024507173895
C_PAWNSTRUCTURE:0.5033980664703515
C_PIECECOORDINATION:0.4998599291109155
C_ROOKANDPAWNMOVEMENT:0.4998599291109155
C_CENTERCONTROL:0.5131426465529384
C_DEVELOPPIECES:0.5150398348729944
C_MATERIAL:0.5031665161956176
C_MOVECOUNT:0.4995580586996687
