ELO:989
CE_PASSEDPAWNS:0.3671258369474086
CE_PAWNWEAKNESSES:0.5070269554873293
CE_PIECEACTIVITY:0.5618857848298496
CE_KINGPAWNSHIELD:0.47296228941213614
CE_PIECECOORDINATION:0.4443626504946563
CE_MATERIAL:0.5115855100686686
CE_KINGSAFETY:0.49375909113377037
C_PIECESQUARETABLES:0.5012590743983825
C_MOBILITY:0.49766550008031163
C_KINGSAFETY:0.5594239720260957
C_PAWNSTRUCTURE:0.32659486032772983
C_PIECECOORDINATION:0.43867917952029784
C_ROOKANDPAWNMOVEMENT:0.43867917952029784
C_CENTERCONTROL:0.35488331713916
C_DEVELOPPIECES:0.46614438878828957
C_MATERIAL:0.6785998631931784
