ELO:820
CE_PASSEDPAWNS:0.5116756258037274
CE_PAWNWEAKNESSES:0.538879926148649
CE_PIECEACTIVITY:0.47598841998987096
CE_KINGPAWNSHIELD:0.3721712513310572
CE_PIECECOORDINATION:0.525758377984245
CE_MATERIAL:0.43533013484290234
CE_KINGSAFETY:0.48819255973463815
C_PIECESQUARETABLES:0.5009793551178705
C_MOBILITY:0.29501512876845515
C_KINGSAFETY:0.6231297718885657
C_PAWNSTRUCTURE:0.41565512698526513
C_PIECECOORDINATION:0.6082153915148205
C_ROOKANDPAWNMOVEMENT:0.6082153915148205
C_CENTERCONTROL:0.40108915171193243
C_DEVELOPPIECES:0.5949446570017749
C_MATERIAL:0.4755990702100717
