ELO:934
CE_PASSEDPAWNS:0.5526058443217684
CE_PAWNWEAKNESSES:0.4831909150504447
CE_PIECEACTIVITY:0.4995930456021323
CE_KINGPAWNSHIELD:0.4773804462652289
CE_PIECECOORDINATION:0.598188974195301
CE_MATERIAL:0.6285489561788659
CE_KINGSAFETY:0.5025529602547811
C_PIECESQUARETABLES:0.5032237740679416
C_MOBILITY:0.6172318242874026
C_KINGSAFETY:0.4107769878543729
C_PAWNSTRUCTURE:0.5348372061633715
C_PIECECOORDINATION:0.5207847490166514
C_ROOKANDPAWNMOVEMENT:0.5207847490166514
C_CENTERCONTROL:0.4846167557134265
C_DEVELOPPIECES:0.37658284286518173
C_MATERIAL:0.4911249347418486
