ELO:881
CE_PASSEDPAWNS:0.4651038921678042
CE_PAWNWEAKNESSES:0.5171567907961481
CE_PIECEACTIVITY:0.46553001548420997
CE_KINGPAWNSHIELD:0.5106839760394313
CE_PIECECOORDINATION:0.47004156045867
CE_MATERIAL:0.555610056383238
CE_KINGSAFETY:0.5404545284963835
C_PIECESQUARETABLES:0.5013714674850512
C_MOBILITY:0.4396514107684621
C_KINGSAFETY:0.4857380315415196
C_PAWNSTRUCTURE:0.5387921087785209
C_PIECECOORDINATION:0.5037222493365141
C_ROOKANDPAWNMOVEMENT:0.5037222493365141
C_CENTERCONTROL:0.4306895820099954
C_DEVELOPPIECES:0.4763252975140427
C_MATERIAL:0.5596766015212389
C_MOVECOUNT:0.4769039603464092
