ELO:892
CE_PASSEDPAWNS:0.45683113571233447
CE_PAWNWEAKNESSES:0.5111979948879551
CE_PIECEACTIVITY:0.47038552826026964
CE_KINGPAWNSHIELD:0.5166158519358933
CE_PIECECOORDINATION:0.47776761098108966
CE_MATERIAL:0.5697142702218645
CE_KINGSAFETY:0.539446293766198
C_PIECESQUARETABLES:0.4951613708433395
C_MOBILITY:0.44117508032596936
C_KINGSAFETY:0.46975807614791515
C_PAWNSTRUCTURE:0.5137896630058604
C_PIECECOORDINATION:0.5063560044443156
C_ROOKANDPAWNMOVEMENT:0.5063560044443156
C_CENTERCONTROL:0.44133272142554797
C_DEVELOPPIECES:0.47863602570669256
C_MATERIAL:0.5579383697355638
C_MOVECOUNT:0.46568902022404773
