ELO:952
CE_PASSEDPAWNS:0.44530206111147563
CE_PAWNWEAKNESSES:0.46751301362360165
CE_PIECEACTIVITY:0.4632394006093182
CE_KINGPAWNSHIELD:0.48422690715603434
CE_PIECECOORDINATION:0.5249555769575063
CE_MATERIAL:0.47003425401777355
CE_KINGSAFETY:0.5625909739610837
C_PIECESQUARETABLES:0.5291203301607965
C_MOBILITY:0.5159601504084989
C_KINGSAFETY:0.5388372881129351
C_PAWNSTRUCTURE:0.4998563638497208
C_PIECECOORDINATION:0.5272673736860772
C_ROOKANDPAWNMOVEMENT:0.5272673736860772
C_CENTERCONTROL:0.4525589115642902
C_DEVELOPPIECES:0.4178181230624262
C_MATERIAL:0.5011690235152468
