ELO:909
CE_PASSEDPAWNS:0.49646679271345107
CE_PAWNWEAKNESSES:0.5216450890090366
CE_PIECEACTIVITY:0.4829126296644847
CE_KINGPAWNSHIELD:0.48941261923056417
CE_PIECECOORDINATION:0.5219486031089243
CE_MATERIAL:0.48557111061316666
CE_KINGSAFETY:0.5
C_PIECESQUARETABLES:0.5
C_MOBILITY:0.4778767288376151
C_KINGSAFETY:0.4499294877786973
C_PAWNSTRUCTURE:0.5595743397242463
C_PIECECOORDINATION:0.48252803922239174
C_ROOK:0.48626025120894684
CE_ROOK:0.4765078822916721
C_CENTERCONTROL:0.5530656764777244
C_DEVELOPPIECES:0.5288588648973479
C_MATERIAL:0.4877469505613978
C_MOVECOUNT:0.560427808008073
C_PAWNMOVEMENT:0.5132946100570404
