ELO:1000
CE_PASSEDPAWNS:0.5181142722808412
CE_PAWNWEAKNESSES:0.4745447941414811
CE_PIECEACTIVITY:0.5369853215026128
CE_KINGPAWNSHIELD:0.5300789313977303
CE_PIECECOORDINATION:0.48168924211404557
CE_MATERIAL:0.5414213683269755
CE_KINGSAFETY:0.499954139613706
C_PIECESQUARETABLES:0.4895252200743813
C_MOBILITY:0.5358530377472571
C_KINGSAFETY:0.48775899532178973
C_PAWNSTRUCTURE:0.46722092216677197
C_PIECECOORDINATION:0.49026916841166135
C_ROOKANDPAWNMOVEMENT:0.49026916841166135
C_CENTERCONTROL:0.5014008662759752
C_DEVELOPPIECES:0.551190030376956
C_MATERIAL:0.5130683735165097
