ELO:977
CE_PASSEDPAWNS:0.46782711059529825
CE_PAWNWEAKNESSES:0.5001052204773985
CE_PIECEACTIVITY:0.4238386850289246
CE_KINGPAWNSHIELD:0.41734341862107577
CE_PIECECOORDINATION:0.509046548474602
CE_MATERIAL:0.4218495809124716
CE_KINGSAFETY:0.4978692274552558
C_PIECESQUARETABLES:0.4853640625430898
C_MOBILITY:0.38167754639297335
C_KINGSAFETY:0.42467031729706994
C_PAWNSTRUCTURE:0.5339221348623121
C_PIECECOORDINATION:0.5450132236444842
C_ROOKANDPAWNMOVEMENT:0.5450132236444842
C_CENTERCONTROL:0.5069317081758945
C_DEVELOPPIECES:0.6161795043198525
C_MATERIAL:0.48861008728202177
