ELO:1016
CE_PASSEDPAWNS:0.5
CE_PAWNWEAKNESSES:0.5074952521520395
CE_PIECEACTIVITY:0.4934662949674358
CE_KINGPAWNSHIELD:0.49090619494233867
CE_PIECECOORDINATION:0.5005018364105127
CE_MATERIAL:0.4951557508689399
CE_KINGSAFETY:0.5
C_PIECESQUARETABLES:0.5
C_MOBILITY:0.5109890189012866
C_KINGSAFETY:0.5
C_PAWNSTRUCTURE:0.5
C_PIECECOORDINATION:0.5
C_ROOKANDPAWNMOVEMENT:0.5
C_CENTERCONTROL:0.5
C_DEVELOPPIECES:0.5
C_MATERIAL:0.4890506900355806
C_MOVECOUNT:0.5
