ELO:947
CE_PASSEDPAWNS:0.4759566266662158
CE_PAWNWEAKNESSES:0.44842596605444857
CE_PIECEACTIVITY:0.4733359024739775
CE_KINGPAWNSHIELD:0.4941051286978219
CE_PIECECOORDINATION:0.5320304125782045
CE_MATERIAL:0.48128361706242573
CE_KINGSAFETY:0.5447491001391809
C_PIECESQUARETABLES:0.5131940812548546
C_MOBILITY:0.5194493329261854
C_KINGSAFETY:0.5242805517517725
C_PAWNSTRUCTURE:0.4974388700722116
C_PIECECOORDINATION:0.5269977561593174
C_ROOKANDPAWNMOVEMENT:0.5269977561593174
C_CENTERCONTROL:0.45707013738526014
C_DEVELOPPIECES:0.4302365008511017
C_MATERIAL:0.49150895886985463
