ELO:836
CE_PASSEDPAWNS:0.46881238953983173
CE_PAWNWEAKNESSES:0.5050324207088125
CE_PIECEACTIVITY:0.4651263018279064
CE_KINGPAWNSHIELD:0.49405002217849564
CE_PIECECOORDINATION:0.4888113697810992
CE_MATERIAL:0.5248266164203977
CE_KINGSAFETY:0.5185520305387762
C_PIECESQUARETABLES:0.5108480272826066
C_MOBILITY:0.4605329395987928
C_KINGSAFETY:0.5077986915563176
C_PAWNSTRUCTURE:0.559908867656102
C_PIECECOORDINATION:0.5251253161710068
C_ROOKANDPAWNMOVEMENT:0.5251253161710068
C_CENTERCONTROL:0.44404858607206665
C_DEVELOPPIECES:0.47976300229915964
C_MATERIAL:0.5364257324879532
C_MOVECOUNT:0.4863166344764623
