ELO:1021
CE_PASSEDPAWNS:0.5
CE_PAWNWEAKNESSES:0.5
CE_PIECEACTIVITY:0.5
CE_KINGPAWNSHIELD:0.511194120852225
CE_PIECECOORDINATION:0.5
CE_MATERIAL:0.5
CE_KINGSAFETY:0.48054671568623614
C_PIECESQUARETABLES:0.4980466424228615
C_MOBILITY:0.4903775676229626
C_KINGSAFETY:0.5
C_PAWNSTRUCTURE:0.5067800464462205
C_PIECECOORDINATION:0.5
C_ROOKANDPAWNMOVEMENT:0.5
C_CENTERCONTROL:0.5
C_DEVELOPPIECES:0.5024760488756322
C_MATERIAL:0.49429237350214755
C_MOVECOUNT:0.5
