ELO:849
CE_PASSEDPAWNS:0.4953181535831378
CE_PAWNWEAKNESSES:0.46289240063698206
CE_PIECEACTIVITY:0.46455757260180197
CE_KINGPAWNSHIELD:0.5411225745408802
CE_PIECECOORDINATION:0.4920946952754402
CE_MATERIAL:0.5338208829226827
CE_KINGSAFETY:0.5049092221143162
C_PIECESQUARETABLES:0.496032849298945
C_MOBILITY:0.49145083948953866
C_KINGSAFETY:0.4759367763490432
C_PAWNSTRUCTURE:0.5145519052855412
C_PIECECOORDINATION:0.4943390679777071
C_ROOKANDPAWNMOVEMENT:0.4943390679777071
C_CENTERCONTROL:0.5425287789762971
C_DEVELOPPIECES:0.5532329779398417
C_MATERIAL:0.4646468759980212
C_MOVECOUNT:0.5
