ELO:1023
CE_PASSEDPAWNS:0.5
CE_PAWNWEAKNESSES:0.5011569131639104
CE_PIECEACTIVITY:0.5025668009770549
CE_KINGPAWNSHIELD:0.4888120705474169
CE_PIECECOORDINATION:0.5
CE_MATERIAL:0.5
CE_KINGSAFETY:0.5061771882551426
C_PIECESQUARETABLES:0.5
C_MOBILITY:0.4889817065328097
C_KINGSAFETY:0.5
C_PAWNSTRUCTURE:0.5
C_PIECECOORDINATION:0.5
C_ROOKANDPAWNMOVEMENT:0.5
C_CENTERCONTROL:0.5
C_DEVELOPPIECES:0.5099659252656145
C_MATERIAL:0.5
