ELO:939
CE_PASSEDPAWNS:0.4885701552427351
CE_PAWNWEAKNESSES:0.5274650588012476
CE_PIECEACTIVITY:0.49361840337150353
CE_KINGPAWNSHIELD:0.48941261923056417
CE_PIECECOORDINATION:0.5132219403789241
CE_MATERIAL:0.46536080620863574
CE_KINGSAFETY:0.5
C_PIECESQUARETABLES:0.4993624436929916
C_MOBILITY:0.48661110417748815
C_KINGSAFETY:0.4499294877786973
C_PAWNSTRUCTURE:0.5618153940559434
C_PIECECOORDINATION:0.49032507908122647
C_ROOK:0.483072034787103
CE_ROOK:0.4882387407528486
C_CENTERCONTROL:0.5605046209790708
C_DEVELOPPIECES:0.5190411639879292
C_MATERIAL:0.48680530286212803
C_MOVECOUNT:0.5639906844501316
C_PAWNMOVEMENT:0.5026873762109728
