ELO:863
CE_PASSEDPAWNS:0.5314575264386937
CE_PAWNWEAKNESSES:0.498876108679307
CE_PIECEACTIVITY:0.5138493330939603
CE_KINGPAWNSHIELD:0.4996667709668928
CE_PIECECOORDINATION:0.5107109761466349
CE_MATERIAL:0.564643215441553
CE_KINGSAFETY:0.5086307804388759
C_PIECESQUARETABLES:0.4811979724522516
C_MOBILITY:0.43596317976308646
C_KINGSAFETY:0.5042815580028631
C_PAWNSTRUCTURE:0.49368230487348114
C_PIECECOORDINATION:0.4585588293047734
C_ROOKANDPAWNMOVEMENT:0.4585588293047734
C_CENTERCONTROL:0.47631992328584044
C_DEVELOPPIECES:0.550422524736792
C_MATERIAL:0.4435262407169939
C_MOVECOUNT:0.5
