ELO:922
CE_PASSEDPAWNS:0.5108296957457042
CE_PAWNWEAKNESSES:0.4934671625816252
CE_PIECEACTIVITY:0.5307037741036402
CE_KINGPAWNSHIELD:0.5175367639386146
CE_PIECECOORDINATION:0.5
CE_MATERIAL:0.5
CE_KINGSAFETY:0.5
C_PIECESQUARETABLES:0.5
C_MOBILITY:0.503789927900687
C_KINGSAFETY:0.49715020368813634
C_PAWNSTRUCTURE:0.490871339121346
C_PIECECOORDINATION:0.5376618651037446
C_ROOKANDPAWNMOVEMENT:0.5376618651037446
C_CENTERCONTROL:0.47790519127413206
C_DEVELOPPIECES:0.47061635506997357
C_MATERIAL:0.4919892510457326
C_MOVECOUNT:0.5
