ELO:916
CE_PASSEDPAWNS:0.47582054849621663
CE_PAWNWEAKNESSES:0.47074323512005306
CE_PIECEACTIVITY:0.47773787359208475
CE_KINGPAWNSHIELD:0.5415780241681234
CE_PIECECOORDINATION:0.49753376926789317
CE_MATERIAL:0.5538819046420884
CE_KINGSAFETY:0.5373349921183809
C_PIECESQUARETABLES:0.45007355425036905
C_MOBILITY:0.4639482936817707
C_KINGSAFETY:0.48720557186745866
C_PAWNSTRUCTURE:0.48072464564786355
C_PIECECOORDINATION:0.482816545542582
C_ROOKANDPAWNMOVEMENT:0.482816545542582
C_CENTERCONTROL:0.5100114851500239
C_DEVELOPPIECES:0.5075174000536175
C_MATERIAL:0.537068636365703
C_MOVECOUNT:0.5
