ELO:935
CE_PASSEDPAWNS:0.5116769745827083
CE_PAWNWEAKNESSES:0.5076407232404695
CE_PIECEACTIVITY:0.5207425597654113
CE_KINGPAWNSHIELD:0.5039668753278661
CE_PIECECOORDINATION:0.5031951317198825
CE_MATERIAL:0.48900678310681084
CE_KINGSAFETY:0.47191545008061336
C_PIECESQUARETABLES:0.511246659409151
C_MOBILITY:0.4962210559175542
C_KINGSAFETY:0.46138930039696857
C_PAWNSTRUCTURE:0.5559285732456909
C_PIECECOORDINATION:0.4707496530567836
C_ROOK:0.4870596800842045
CE_ROOK:0.490882943188521
C_CENTERCONTROL:0.529470493216066
C_DEVELOPPIECES:0.4642667131541673
C_MATERIAL:0.47716129334603147
C_MOVECOUNT:0.5386102060157543
C_PAWNMOVEMENT:0.49365477438535305
