ELO:853
CE_PASSEDPAWNS:0.4852270068324817
CE_PAWNWEAKNESSES:0.47898378552098136
CE_PIECEACTIVITY:0.4708748722936793
CE_KINGPAWNSHIELD:0.5146853432174634
CE_PIECECOORDINATION:0.49641672390291613
CE_MATERIAL:0.5321871775721859
CE_KINGSAFETY:0.5134315068742714
C_PIECESQUARETABLES:0.4904566164052508
C_MOBILITY:0.4962968884912858
C_KINGSAFETY:0.4531731666981965
C_PAWNSTRUCTURE:0.5194366384791475
C_PIECECOORDINATION:0.49716882737772705
C_ROOKANDPAWNMOVEMENT:0.49716882737772705
C_CENTERCONTROL:0.5376811035456835
C_DEVELOPPIECES:0.5217207162965731
C_MATERIAL:0.47430259923454476
C_MOVECOUNT:0.5
