ELO:1004
CE_PASSEDPAWNS:0.5010022832866413
CE_PAWNWEAKNESSES:0.4915308925959058
CE_PIECEACTIVITY:0.5
CE_KINGPAWNSHIELD:0.5
CE_PIECECOORDINATION:0.4982777585465521
CE_MATERIAL:0.5
CE_KINGSAFETY:0.5051512096064026
C_PIECESQUARETABLES:0.5
C_MOBILITY:0.4903775676229626
C_KINGSAFETY:0.5
C_PAWNSTRUCTURE:0.5
C_PIECECOORDINATION:0.5037092137022416
C_ROOKANDPAWNMOVEMENT:0.5037092137022416
C_CENTERCONTROL:0.49758788293064005
C_DEVELOPPIECES:0.5113765594785687
C_MATERIAL:0.503308266132725
C_MOVECOUNT:0.4829465182634513
