ELO:968
CE_PASSEDPAWNS:0.5076693451652105
CE_PAWNWEAKNESSES:0.5
CE_PIECEACTIVITY:0.5094764320651587
CE_KINGPAWNSHIELD:0.41678448171418997
CE_PIECECOORDINATION:0.47515112169494694
CE_MATERIAL:0.47565846569192816
CE_KINGSAFETY:0.4983647603542655
C_PIECESQUARETABLES:0.5123335464645667
C_MOBILITY:0.5092425975674915
C_KINGSAFETY:0.46375476126150367
C_PAWNSTRUCTURE:0.4984426805997209
C_PIECECOORDINATION:0.4762564339242206
C_ROOK:0.49475677584424427
CE_ROOK:0.4635200476207874
C_CENTERCONTROL:0.5263932737527677
C_DEVELOPPIECES:0.5356423148438744
C_MATERIAL:0.509606535174564
C_MOVECOUNT:0.4995972558659593
C_PAWNMOVEMENT:0.4983913869596736
