ELO:944
CE_PASSEDPAWNS:0.5116769745827083
CE_PAWNWEAKNESSES:0.5048263838598588
CE_PIECEACTIVITY:0.5207425597654113
CE_KINGPAWNSHIELD:0.5039668753278661
CE_PIECECOORDINATION:0.5031951317198825
CE_MATERIAL:0.4945060089089273
CE_KINGSAFETY:0.5
C_PIECESQUARETABLES:0.5052610803378494
C_MOBILITY:0.4962210559175542
C_KINGSAFETY:0.4772483494899267
C_PAWNSTRUCTURE:0.5559285732456909
C_PIECECOORDINATION:0.466669768822877
C_ROOK:0.4870596800842045
CE_ROOK:0.490882943188521
C_CENTERCONTROL:0.529470493216066
C_DEVELOPPIECES:0.45507138071904246
C_MATERIAL:0.47716129334603147
C_MOVECOUNT:0.5429542577594398
C_PAWNMOVEMENT:0.4878713983697249
