ELO:971
CE_PASSEDPAWNS:0.557628711403412
CE_PAWNWEAKNESSES:0.4899278939745733
CE_PIECEACTIVITY:0.5017918775679019
CE_KINGPAWNSHIELD:0.4836241721572917
CE_PIECECOORDINATION:0.5245931693657806
CE_MATERIAL:0.4829151603166434
CE_KINGSAFETY:0.5
C_PIECESQUARETABLES:0.5
C_MOBILITY:0.4963529645001844
C_KINGSAFETY:0.5086966876306833
C_PAWNSTRUCTURE:0.5194650600104981
C_PIECECOORDINATION:0.5233423374032873
C_ROOK:0.4777836332999068
CE_ROOK:0.5230223998808768
C_CENTERCONTROL:0.4548898612351701
C_DEVELOPPIECES:0.4893212055916645
C_MATERIAL:0.4859411723711415
C_MOVECOUNT:0.49365857020253057
C_PAWNMOVEMENT:0.5289739487821828
