ELO:961
CE_PASSEDPAWNS:0.49412885026175235
CE_PAWNWEAKNESSES:0.5097448360009207
CE_PIECEACTIVITY:0.500987210099119
CE_KINGPAWNSHIELD:0.4926884001006365
CE_PIECECOORDINATION:0.5347065185345142
CE_MATERIAL:0.5344865496635763
CE_KINGSAFETY:0.5
C_PIECESQUARETABLES:0.4843247887185912
C_MOBILITY:0.48513212703122344
C_KINGSAFETY:0.47571985555070606
C_PAWNSTRUCTURE:0.5024749751470392
C_PIECECOORDINATION:0.4735285273051703
C_ROOKANDPAWNMOVEMENT:0.4735285273051703
C_CENTERCONTROL:0.5443941878645888
C_DEVELOPPIECES:0.5069594291447115
C_MATERIAL:0.5
C_MOVECOUNT:0.5087170253677291
