ELO:1002
CE_PASSEDPAWNS:0.5019379061059126
CE_PAWNWEAKNESSES:0.513643864055673
CE_PIECEACTIVITY:0.5120251511063144
CE_KINGPAWNSHIELD:0.4950915030421566
CE_PIECECOORDINATION:0.5030087640499926
CE_MATERIAL:0.48786067287465257
CE_KINGSAFETY:0.48354910953948577
C_PIECESQUARETABLES:0.5158817901353342
C_MOBILITY:0.4921389266148337
C_KINGSAFETY:0.49930664095009764
C_PAWNSTRUCTURE:0.5146350504785769
C_PIECECOORDINATION:0.5224631891386101
C_ROOK:0.5051041733008492
CE_ROOK:0.5307315662290509
C_CENTERCONTROL:0.4905504487350714
C_DEVELOPPIECES:0.46329247459338097
C_MATERIAL:0.5328545172180807
C_MOVECOUNT:0.49937136281783495
C_PAWNMOVEMENT:0.496777167632788
