ELO:926
CE_PASSEDPAWNS:0.5021295249194279
CE_PAWNWEAKNESSES:0.5078570741099235
CE_PIECEACTIVITY:0.4922326083552335
CE_KINGPAWNSHIELD:0.5081965483791858
CE_PIECECOORDINATION:0.4269928168345564
CE_MATERIAL:0.5368861980988376
CE_KINGSAFETY:0.4973392344063168
C_PIECESQUARETABLES:0.4950934925438308
C_MOBILITY:0.5032987615788167
C_KINGSAFETY:0.5053173922006775
C_PAWNSTRUCTURE:0.4555365065400467
C_PIECECOORDINATION:0.5023173432675587
C_ROOKANDPAWNMOVEMENT:0.5023173432675587
C_CENTERCONTROL:0.5077631793316886
C_DEVELOPPIECES:0.4925989542769742
C_MATERIAL:0.5201895057891428
C_MOVECOUNT:0.5054384508651903
