ELO:1199
CE_PASSEDPAWNS:0.4197095893822424
CE_PAWNWEAKNESSES:0.45774551443217687
CE_PIECEACTIVITY:0.39635184151541014
CE_KINGPAWNSHIELD:0.48859845164634313
CE_PIECECOORDINATION:0.5243554826500019
CE_MATERIAL:0.32713345940320887
CE_KINGSAFETY:0.5
C_PIECESQUARETABLES:0.5
C_MOBILITY:0.44009280725563155
C_KINGSAFETY:0.4082550688282633
C_PAWNSTRUCTURE:0.6053318156205673
C_PIECECOORDINATION:0.5827958732663536
C_ROOKANDPAWNMOVEMENT:0.5827958732663536
C_CENTERCONTROL:0.4770636599416912
C_DEVELOPPIECES:0.42261362063168517
C_MATERIAL:0.5483384372176751
