ELO:1020
CE_PASSEDPAWNS:0.46264713174062955
CE_PAWNWEAKNESSES:0.48367982690054356
CE_PIECEACTIVITY:0.5080142235641132
CE_KINGPAWNSHIELD:0.5009581043557548
CE_PIECECOORDINATION:0.5005189203362713
CE_MATERIAL:0.4958652480157507
CE_KINGSAFETY:0.5
C_PIECESQUARETABLES:0.5
C_MOBILITY:0.4980047547304591
C_KINGSAFETY:0.5
C_PAWNSTRUCTURE:0.5109235129461697
C_PIECECOORDINATION:0.49433819567698795
C_ROOKANDPAWNMOVEMENT:0.49433819567698795
C_CENTERCONTROL:0.4770829256230738
C_DEVELOPPIECES:0.5273153480590492
C_MATERIAL:0.4896404895433204
C_MOVECOUNT:0.5
