ELO:1257
CE_PASSEDPAWNS:0.4476416470436395
CE_PAWNWEAKNESSES:0.5490730528478448
CE_PIECEACTIVITY:0.42931222046788853
CE_KINGPAWNSHIELD:0.4581166866071552
CE_PIECECOORDINATION:0.4873020158659769
CE_MATERIAL:0.4879868932312145
CE_KINGSAFETY:0.5
C_PIECESQUARETABLES:0.5
C_MOBILITY:0.3528883718889461
C_KINGSAFETY:0.3960437240447382
C_PAWNSTRUCTURE:0.5265605361002453
C_PIECECOORDINATION:0.617331207451572
C_ROOKANDPAWNMOVEMENT:0.617331207451572
C_CENTERCONTROL:0.5405540755029983
C_DEVELOPPIECES:0.4593697475404217
C_MATERIAL:0.6242308573948059
