ELO:948
CE_PASSEDPAWNS:0.4977198611685417
CE_PAWNWEAKNESSES:0.5069723984976044
CE_PIECEACTIVITY:0.5057749288403522
CE_KINGPAWNSHIELD:0.4924864676334548
CE_PIECECOORDINATION:0.4782923380498464
CE_MATERIAL:0.507308953603633
CE_KINGSAFETY:0.5505212878571568
C_PIECESQUARETABLES:0.4928645267683159
C_MOBILITY:0.5022111810869793
C_KINGSAFETY:0.5010181284519846
C_PAWNSTRUCTURE:0.49005437518425
C_PIECECOORDINATION:0.49528936280267777
C_ROOKANDPAWNMOVEMENT:0.49528936280267777
C_CENTERCONTROL:0.5185134937994597
C_DEVELOPPIECES:0.49384571235048497
C_MATERIAL:0.5078255016978959
C_MOVECOUNT:0.5
