ELO:999
CE_PASSEDPAWNS:0.4934962351674282
CE_PAWNWEAKNESSES:0.5386949238017138
CE_PIECEACTIVITY:0.5056720535037356
CE_KINGPAWNSHIELD:0.5022660807730575
CE_PIECECOORDINATION:0.5338078958844683
CE_MATERIAL:0.5362386958724578
CE_KINGSAFETY:0.4958370973977119
C_PIECESQUARETABLES:0.5032952427509991
C_MOBILITY:0.47858411612925633
C_KINGSAFETY:0.48027238676891815
C_PAWNSTRUCTURE:0.5003650482410462
C_PIECECOORDINATION:0.49364104091278993
C_ROOK:0.4832438046180092
CE_ROOK:0.5
C_CENTERCONTROL:0.5131753825746421
C_DEVELOPPIECES:0.46610590491195425
C_MATERIAL:0.4975596134271727
C_MOVECOUNT:0.5129893771383753
C_PAWNMOVEMENT:0.5022461153592679
