ELO:912
CE_PASSEDPAWNS:0.5284500330332145
CE_PAWNWEAKNESSES:0.47420015512860897
CE_PIECEACTIVITY:0.5220200782954871
CE_KINGPAWNSHIELD:0.5010236256115188
CE_PIECECOORDINATION:0.5194000637781426
CE_MATERIAL:0.4900303256273038
CE_KINGSAFETY:0.5587458955086103
C_PIECESQUARETABLES:0.4948788852571823
C_MOBILITY:0.5358147365435271
C_KINGSAFETY:0.46460805628014057
C_PAWNSTRUCTURE:0.48035170742078936
C_PIECECOORDINATION:0.47402732379509277
C_ROOKANDPAWNMOVEMENT:0.47402732379509277
C_CENTERCONTROL:0.49827813280785116
C_DEVELOPPIECES:0.49563149375604754
C_MATERIAL:0.4886144566115126
C_MOVECOUNT:0.5
