ELO:979
CE_PASSEDPAWNS:0.4903448769417004
CE_PAWNWEAKNESSES:0.513643864055673
CE_PIECEACTIVITY:0.5120251511063144
CE_KINGPAWNSHIELD:0.4950915030421566
CE_PIECECOORDINATION:0.5099510801320919
CE_MATERIAL:0.4938263226009848
CE_KINGSAFETY:0.5161112017574071
C_PIECESQUARETABLES:0.50000154851559
C_MOBILITY:0.4995711546651305
C_KINGSAFETY:0.48859484752228877
C_PAWNSTRUCTURE:0.5182267369776777
C_PIECECOORDINATION:0.5170289206094194
C_ROOK:0.4992265453787256
CE_ROOK:0.5304185467441954
C_CENTERCONTROL:0.4933542035883872
C_DEVELOPPIECES:0.46908419190790657
C_MATERIAL:0.5283981314443728
C_MOVECOUNT:0.5024630905456174
C_PAWNMOVEMENT:0.48883975063015717
