ELO:999
CE_PASSEDPAWNS:0.5182808185614337
CE_PAWNWEAKNESSES:0.47966438918922366
CE_PIECEACTIVITY:0.5061623048810969
CE_KINGPAWNSHIELD:0.5369547738191612
CE_PIECECOORDINATION:0.476571170781431
CE_MATERIAL:0.505892906984357
CE_KINGSAFETY:0.5
C_PIECESQUARETABLES:0.5
C_MOBILITY:0.5671604101725787
C_KINGSAFETY:0.5269069200833137
C_PAWNSTRUCTURE:0.5336553454414285
C_PIECECOORDINATION:0.5091595185439665
C_ROOKANDPAWNMOVEMENT:0.5091595185439665
C_CENTERCONTROL:0.6087526791379138
C_DEVELOPPIECES:0.5858759118247783
C_MATERIAL:0.5272503484799541
