ELO:1045
CE_PASSEDPAWNS:0.49271612028616835
CE_PAWNWEAKNESSES:0.5
CE_PIECEACTIVITY:0.5046250021307392
CE_KINGPAWNSHIELD:0.5160734608799068
CE_PIECECOORDINATION:0.4980363928210406
CE_MATERIAL:0.4847292102220737
CE_KINGSAFETY:0.5
C_PIECESQUARETABLES:0.5
C_MOBILITY:0.4955772492442601
C_KINGSAFETY:0.5056170833405704
C_PAWNSTRUCTURE:0.5124513346688001
C_PIECECOORDINATION:0.5
C_ROOKANDPAWNMOVEMENT:0.5
C_CENTERCONTROL:0.49145018063305274
C_DEVELOPPIECES:0.5300643496949838
C_MATERIAL:0.49679207700343386
C_MOVECOUNT:0.5
