ELO:990
CE_PASSEDPAWNS:0.4957734569714297
CE_PAWNWEAKNESSES:0.5144552999393877
CE_PIECEACTIVITY:0.5071721628190173
CE_KINGPAWNSHIELD:0.48921508591331336
CE_PIECECOORDINATION:0.4963180109325633
CE_MATERIAL:0.5017776053419655
CE_KINGSAFETY:0.5
C_PIECESQUARETABLES:0.4935103823645972
C_MOBILITY:0.5176715195275777
C_KINGSAFETY:0.4924349488244573
C_PAWNSTRUCTURE:0.5124513346688001
C_PIECECOORDINATION:0.4960740232698197
C_ROOKANDPAWNMOVEMENT:0.4960740232698197
C_CENTERCONTROL:0.5116818360756971
C_DEVELOPPIECES:0.5012789912924163
C_MATERIAL:0.5018232069090628
C_MOVECOUNT:0.5
