ELO:962
CE_PASSEDPAWNS:0.5670782726925637
CE_PAWNWEAKNESSES:0.5163657791258025
CE_PIECEACTIVITY:0.405613729369921
CE_KINGPAWNSHIELD:0.545214277845955
CE_PIECECOORDINATION:0.45181788325184835
CE_MATERIAL:0.43455553627900656
CE_KINGSAFETY:0.5032777759406671
C_PIECESQUARETABLES:0.503290247514412
C_MOBILITY:0.5265878764876504
C_KINGSAFETY:0.3797479973249708
C_PAWNSTRUCTURE:0.410603539332354
C_PIECECOORDINATION:0.5820821055184562
C_ROOKANDPAWNMOVEMENT:0.5820821055184562
C_CENTERCONTROL:0.4712698301103121
C_DEVELOPPIECES:0.4868678662786207
C_MATERIAL:0.5262675812244352
