ELO:869
CE_PASSEDPAWNS:0.4478019812796211
CE_PAWNWEAKNESSES:0.48349397115147036
CE_PIECEACTIVITY:0.47142995277753225
CE_KINGPAWNSHIELD:0.5460463141722228
CE_PIECECOORDINATION:0.5269343328621613
CE_MATERIAL:0.48852931797034843
CE_KINGSAFETY:0.5360754967142208
C_PIECESQUARETABLES:0.4566044890536951
C_MOBILITY:0.6523949445667007
C_KINGSAFETY:0.53473482373903
C_PAWNSTRUCTURE:0.49955948249862964
C_PIECECOORDINATION:0.559145597311936
C_ROOKANDPAWNMOVEMENT:0.559145597311936
C_CENTERCONTROL:0.4734318289793824
C_DEVELOPPIECES:0.459957089169823
C_MATERIAL:0.524388653982424
