ELO:755
CE_PASSEDPAWNS:0.4624340902095904
CE_PAWNWEAKNESSES:0.4423655866331479
CE_PIECEACTIVITY:0.6004060754027934
CE_KINGPAWNSHIELD:0.5017154470228715
CE_PIECECOORDINATION:0.39539266460652933
CE_MATERIAL:0.5137299924561223
CE_KINGSAFETY:0.5245275180302666
C_PIECESQUARETABLES:0.480582779757668
C_MOBILITY:0.4091344408883913
C_KINGSAFETY:0.41516451168809515
C_PAWNSTRUCTURE:0.5277414407197093
C_PIECECOORDINATION:0.54544703426259
C_ROOKANDPAWNMOVEMENT:0.54544703426259
C_CENTERCONTROL:0.563690904760446
C_DEVELOPPIECES:0.5340272344125102
C_MATERIAL:0.4311847751031308
C_MOVECOUNT:0.5
