ELO:946
CE_PASSEDPAWNS:0.45455349381503984
CE_PAWNWEAKNESSES:0.46821664250734407
CE_PIECEACTIVITY:0.47855503625079054
CE_KINGPAWNSHIELD:0.5481329723064164
CE_PIECECOORDINATION:0.5099017284777274
CE_MATERIAL:0.4437008205067962
CE_KINGSAFETY:0.4985080042303377
C_PIECESQUARETABLES:0.4713282719700706
C_MOBILITY:0.6283774086029716
C_KINGSAFETY:0.5353831597901875
C_PAWNSTRUCTURE:0.5013860042754326
C_PIECECOORDINATION:0.51941044360105
C_ROOKANDPAWNMOVEMENT:0.51941044360105
C_CENTERCONTROL:0.5120993704577452
C_DEVELOPPIECES:0.46341941207299553
C_MATERIAL:0.4918078536292607
