ELO:932
CE_PASSEDPAWNS:0.5311043052241685
CE_PAWNWEAKNESSES:0.5450511085576285
CE_PIECEACTIVITY:0.5483603069761571
CE_KINGPAWNSHIELD:0.4621717765051121
CE_PIECECOORDINATION:0.4951262127652189
CE_MATERIAL:0.396596065925367
CE_KINGSAFETY:0.49509853283669863
C_PIECESQUARETABLES:0.5049073970512372
C_MOBILITY:0.5784636843442842
C_KINGSAFETY:0.46957494431073776
C_PAWNSTRUCTURE:0.525466492438734
C_PIECECOORDINATION:0.4017847800977747
C_ROOKANDPAWNMOVEMENT:0.4017847800977747
C_CENTERCONTROL:0.5101201672153985
C_DEVELOPPIECES:0.47262793217063315
C_MATERIAL:0.4553760520010179
