ELO:987
CE_PASSEDPAWNS:0.5042236703192915
CE_PAWNWEAKNESSES:0.5386949238017138
CE_PIECEACTIVITY:0.5056720535037356
CE_KINGPAWNSHIELD:0.49345171096000784
CE_PIECECOORDINATION:0.5338078958844683
CE_MATERIAL:0.5274672860511945
CE_KINGSAFETY:0.4958370973977119
C_PIECESQUARETABLES:0.4944816563022033
C_MOBILITY:0.47614793479648954
C_KINGSAFETY:0.48027238676891815
C_PAWNSTRUCTURE:0.5038627608648341
C_PIECECOORDINATION:0.48807378450481803
C_ROOK:0.49471595963927706
CE_ROOK:0.4981119674488289
C_CENTERCONTROL:0.5143431778081297
C_DEVELOPPIECES:0.47132303933539693
C_MATERIAL:0.4853685203597282
C_MOVECOUNT:0.5129893771383753
C_PAWNMOVEMENT:0.5118810160596909
