ELO:921
CE_PASSEDPAWNS:0.4852056043036775
CE_PAWNWEAKNESSES:0.5034165473732429
CE_PIECEACTIVITY:0.4520774277833085
CE_KINGPAWNSHIELD:0.4220357983677662
CE_PIECECOORDINATION:0.4729764452426033
CE_MATERIAL:0.35950556429069114
CE_KINGSAFETY:0.4975130491230677
C_PIECESQUARETABLES:0.5291721821759063
C_MOBILITY:0.6053261266271984
C_KINGSAFETY:0.37917932206569327
C_PAWNSTRUCTURE:0.39319899560709953
C_PIECECOORDINATION:0.6686850495135931
C_ROOKANDPAWNMOVEMENT:0.6686850495135931
C_CENTERCONTROL:0.562528555909577
C_DEVELOPPIECES:0.5290150362334599
C_MATERIAL:0.5103114090199499
