ELO:979
CE_PASSEDPAWNS:0.5084525611072793
CE_PAWNWEAKNESSES:0.5005368238259478
CE_PIECEACTIVITY:0.5036782079476121
CE_KINGPAWNSHIELD:0.5021899356903665
CE_PIECECOORDINATION:0.5178821602722923
CE_MATERIAL:0.4729877505161959
CE_KINGSAFETY:0.4885621960726018
C_PIECESQUARETABLES:0.5004560287385126
C_MOBILITY:0.5014651233420608
C_KINGSAFETY:0.5164087725397617
C_PAWNSTRUCTURE:0.5003085077801298
C_PIECECOORDINATION:0.5046252428099394
C_ROOK:0.5040762744324483
CE_ROOK:0.4975243414758216
C_CENTERCONTROL:0.47605665233787986
C_DEVELOPPIECES:0.46279355996753274
C_MATERIAL:0.5166857758498352
C_MOVECOUNT:0.5016771691062417
C_PAWNMOVEMENT:0.5021147847421962
