ELO:1043
CE_PASSEDPAWNS:0.6359241638962111
CE_PAWNWEAKNESSES:0.5514597027732138
CE_PIECEACTIVITY:0.5006944838072528
CE_KINGPAWNSHIELD:0.5001581032756224
CE_PIECECOORDINATION:0.4384793704093616
CE_MATERIAL:0.3312008063491382
CE_KINGSAFETY:0.4853869396497653
C_PIECESQUARETABLES:0.49667161781525027
C_MOBILITY:0.4227183602455386
C_KINGSAFETY:0.4171454893749151
C_PAWNSTRUCTURE:0.5914142362141621
C_PIECECOORDINATION:0.5448707869505979
C_ROOKANDPAWNMOVEMENT:0.5448707869505979
C_CENTERCONTROL:0.5268693995575868
C_DEVELOPPIECES:0.46088017287514965
C_MATERIAL:0.6600511626478124
