ELO:765
CE_PASSEDPAWNS:0.43356169931305677
CE_PAWNWEAKNESSES:0.4329335241332052
CE_PIECEACTIVITY:0.5910505515558477
CE_KINGPAWNSHIELD:0.5156915727421647
CE_PIECECOORDINATION:0.39144590818056146
CE_MATERIAL:0.5199916375348526
CE_KINGSAFETY:0.5274235925648936
C_PIECESQUARETABLES:0.4652371075164532
C_MOBILITY:0.3946739424263564
C_KINGSAFETY:0.4105550579664334
C_PAWNSTRUCTURE:0.5317161648220666
C_PIECECOORDINATION:0.5337183552246257
C_ROOKANDPAWNMOVEMENT:0.5337183552246257
C_CENTERCONTROL:0.5698113834617641
C_DEVELOPPIECES:0.5420140368943416
C_MATERIAL:0.4248515523861996
C_MOVECOUNT:0.5
