ELO:758
CE_PASSEDPAWNS:0.5536367439979751
CE_PAWNWEAKNESSES:0.5060308549644366
CE_PIECEACTIVITY:0.35784486962341916
CE_KINGPAWNSHIELD:0.4786902864972845
CE_PIECECOORDINATION:0.5755073079895578
CE_MATERIAL:0.462939976206146
CE_KINGSAFETY:0.5535714575449192
C_PIECESQUARETABLES:0.5047531513427794
C_MOBILITY:0.5227002548161135
C_KINGSAFETY:0.4175472771976683
C_PAWNSTRUCTURE:0.519083923731443
C_PIECECOORDINATION:0.4364970292324858
C_ROOKANDPAWNMOVEMENT:0.4364970292324858
C_CENTERCONTROL:0.38645896875759767
C_DEVELOPPIECES:0.47104928535397655
C_MATERIAL:0.47303884902844057
C_MOVECOUNT:0.5167421079134605
