ELO:1260
CE_PASSEDPAWNS:0.41828257884316317
CE_PAWNWEAKNESSES:0.45753908675987287
CE_PIECEACTIVITY:0.4318476424852504
CE_KINGPAWNSHIELD:0.4018912664076091
CE_PIECECOORDINATION:0.5228665876218258
CE_MATERIAL:0.4917309885233993
CE_KINGSAFETY:0.4913160193942093
C_PIECESQUARETABLES:0.5
C_MOBILITY:0.3621911048225555
C_KINGSAFETY:0.40980908583440107
C_PAWNSTRUCTURE:0.5268921990292897
C_PIECECOORDINATION:0.5757978186162018
C_ROOKANDPAWNMOVEMENT:0.5757978186162018
C_CENTERCONTROL:0.5405540755029983
C_DEVELOPPIECES:0.40461262886758054
C_MATERIAL:0.6625344920051001
