ELO:1012
CE_PASSEDPAWNS:0.5020804316366726
CE_PAWNWEAKNESSES:0.4786532311332949
CE_PIECEACTIVITY:0.5
CE_KINGPAWNSHIELD:0.4978928644172676
CE_PIECECOORDINATION:0.5
CE_MATERIAL:0.5
CE_KINGSAFETY:0.5051748668860345
C_PIECESQUARETABLES:0.4995025166607696
C_MOBILITY:0.5
C_KINGSAFETY:0.5
C_PAWNSTRUCTURE:0.5
C_PIECECOORDINATION:0.5
C_ROOKANDPAWNMOVEMENT:0.5
C_CENTERCONTROL:0.5
C_DEVELOPPIECES:0.5
C_MATERIAL:0.5
