ELO:1017
CE_PASSEDPAWNS:0.497066561089975
CE_PAWNWEAKNESSES:0.5377456193257081
CE_PIECEACTIVITY:0.5071382570163774
CE_KINGPAWNSHIELD:0.542148652346541
CE_PIECECOORDINATION:0.48950963483049764
CE_MATERIAL:0.5206118900911
CE_KINGSAFETY:0.5
C_PIECESQUARETABLES:0.48801273997455735
C_MOBILITY:0.5032531709036056
C_KINGSAFETY:0.5096714895139338
C_PAWNSTRUCTURE:0.47069581632315793
C_PIECECOORDINATION:0.44682546803174716
C_ROOKANDPAWNMOVEMENT:0.44682546803174716
C_CENTERCONTROL:0.4962890412790395
C_DEVELOPPIECES:0.5001869956773616
C_MATERIAL:0.5128696956788824
C_MOVECOUNT:0.5
