ELO:1000
CE_PASSEDPAWNS:0.5019379061059126
CE_PAWNWEAKNESSES:0.5158538814199061
CE_PIECEACTIVITY:0.4620419996704086
CE_KINGPAWNSHIELD:0.4896856458288903
CE_PIECECOORDINATION:0.5159505491453478
CE_MATERIAL:0.48786067287465257
CE_KINGSAFETY:0.48354910953948577
C_PIECESQUARETABLES:0.5111127104214533
C_MOBILITY:0.4879869534833839
C_KINGSAFETY:0.46046927878906263
C_PAWNSTRUCTURE:0.5146350504785769
C_PIECECOORDINATION:0.470581401082026
C_ROOK:0.5099748085010218
CE_ROOK:0.5307315662290509
C_CENTERCONTROL:0.4905504487350714
C_DEVELOPPIECES:0.4994361975862497
C_MATERIAL:0.5328545172180807
C_MOVECOUNT:0.5241881790183309
C_PAWNMOVEMENT:0.48906208460031614
