ELO:936
CE_PASSEDPAWNS:0.5929961722003025
CE_PAWNWEAKNESSES:0.5502413169297211
CE_PIECEACTIVITY:0.4495263323525925
CE_KINGPAWNSHIELD:0.5131237180932394
CE_PIECECOORDINATION:0.4751836498679177
CE_MATERIAL:0.43337163793203093
CE_KINGSAFETY:0.4951451465657731
C_PIECESQUARETABLES:0.5340623537450174
C_MOBILITY:0.5235406069187752
C_KINGSAFETY:0.3988274107392079
C_PAWNSTRUCTURE:0.4249340040869443
C_PIECECOORDINATION:0.6439542602828626
C_ROOKANDPAWNMOVEMENT:0.6439542602828626
C_CENTERCONTROL:0.5127097447887672
C_DEVELOPPIECES:0.4952668260794255
C_MATERIAL:0.5209166843894182
