ELO:982
CE_PASSEDPAWNS:0.4963615984491686
CE_PAWNWEAKNESSES:0.509794251843663
CE_PIECEACTIVITY:0.4822242512813704
CE_KINGPAWNSHIELD:0.488781737806416
CE_PIECECOORDINATION:0.5084390478215564
CE_MATERIAL:0.49622885235350284
CE_KINGSAFETY:0.494148177811729
C_PIECESQUARETABLES:0.5066537630035127
C_MOBILITY:0.48495904626254555
C_KINGSAFETY:0.500275559812213
C_PAWNSTRUCTURE:0.5052835308238253
C_PIECECOORDINATION:0.4915260091698774
C_ROOKANDPAWNMOVEMENT:0.4915260091698774
C_CENTERCONTROL:0.4904285911531582
C_DEVELOPPIECES:0.5094358416627405
C_MATERIAL:0.48776612009000814
