ELO:1024
CE_PASSEDPAWNS:0.5142353451777366
CE_PAWNWEAKNESSES:0.45753908675987287
CE_PIECEACTIVITY:0.46368935812833695
CE_KINGPAWNSHIELD:0.4602117740116486
CE_PIECECOORDINATION:0.504676505976036
CE_MATERIAL:0.4879868932312145
CE_KINGSAFETY:0.5198213019641815
C_PIECESQUARETABLES:0.4533519587494254
C_MOBILITY:0.49905343703383664
C_KINGSAFETY:0.5425306981333862
C_PAWNSTRUCTURE:0.517992412819532
C_PIECECOORDINATION:0.5748703304967606
C_ROOKANDPAWNMOVEMENT:0.5748703304967606
C_CENTERCONTROL:0.48248378381660795
C_DEVELOPPIECES:0.4266729927314319
C_MATERIAL:0.4764057878155657
