ELO:815
CE_PASSEDPAWNS:0.5640784136153904
CE_PAWNWEAKNESSES:0.5001101004591842
CE_PIECEACTIVITY:0.5615916609199653
CE_KINGPAWNSHIELD:0.47826751586314864
CE_PIECECOORDINATION:0.5895308960183543
CE_MATERIAL:0.5207832044485057
CE_KINGSAFETY:0.49434697746508793
C_PIECESQUARETABLES:0.47706838901420884
C_MOBILITY:0.5412452995764512
C_KINGSAFETY:0.4124820637692694
C_PAWNSTRUCTURE:0.40857046479227865
C_PIECECOORDINATION:0.3956813429295155
C_ROOKANDPAWNMOVEMENT:0.3956813429295155
C_CENTERCONTROL:0.357482077837987
C_DEVELOPPIECES:0.4418269944322777
C_MATERIAL:0.47161641800007426
