ELO:885
CE_PASSEDPAWNS:0.4597462014425439
CE_PAWNWEAKNESSES:0.44889308304792824
CE_PIECEACTIVITY:0.4529469514999638
CE_KINGPAWNSHIELD:0.5367045494105877
CE_PIECECOORDINATION:0.4752470817078013
CE_MATERIAL:0.4702567379461906
CE_KINGSAFETY:0.5074967448636368
C_PIECESQUARETABLES:0.4556665932100666
C_MOBILITY:0.6203317445790707
C_KINGSAFETY:0.5404680264500635
C_PAWNSTRUCTURE:0.5050283346241692
C_PIECECOORDINATION:0.5416227091902711
C_ROOKANDPAWNMOVEMENT:0.5416227091902711
C_CENTERCONTROL:0.4881344333268731
C_DEVELOPPIECES:0.4601812549858979
C_MATERIAL:0.4995585664393567
