ELO:945
CE_PASSEDPAWNS:0.5
CE_PAWNWEAKNESSES:0.5054389584609561
CE_PIECEACTIVITY:0.5
CE_KINGPAWNSHIELD:0.4484268605124177
CE_PIECECOORDINATION:0.48133289922894645
CE_MATERIAL:0.5049338363622284
CE_KINGSAFETY:0.5
C_PIECESQUARETABLES:0.469315354636303
C_MOBILITY:0.5108921927083565
C_KINGSAFETY:0.5002648891923009
C_PAWNSTRUCTURE:0.4862567722661895
C_PIECECOORDINATION:0.4914650361758102
C_ROOKANDPAWNMOVEMENT:0.4914650361758102
C_CENTERCONTROL:0.4775590037865625
C_DEVELOPPIECES:0.5075174000536175
C_MATERIAL:0.5048087399397247
C_MOVECOUNT:0.5
