ELO:1017
CE_PASSEDPAWNS:0.510982920163387
CE_PAWNWEAKNESSES:0.5
CE_PIECEACTIVITY:0.5
CE_KINGPAWNSHIELD:0.5
CE_PIECECOORDINATION:0.5
CE_MATERIAL:0.5012184656330548
CE_KINGSAFETY:0.49798753697404896
C_PIECESQUARETABLES:0.5
C_MOBILITY:0.5043948796845295
C_KINGSAFETY:0.5
C_PAWNSTRUCTURE:0.5116726483318877
C_PIECECOORDINATION:0.5122250089264729
C_ROOKANDPAWNMOVEMENT:0.5122250089264729
C_CENTERCONTROL:0.5
C_DEVELOPPIECES:0.5
C_MATERIAL:0.5159649859743491
C_MOVECOUNT:0.5015878064720093
