ELO:990
CE_PASSEDPAWNS:0.4885050629208671
CE_PAWNWEAKNESSES:0.5040083576397829
CE_PIECEACTIVITY:0.4653796273773321
CE_KINGPAWNSHIELD:0.5146888216873351
CE_PIECECOORDINATION:0.49727045765538713
CE_MATERIAL:0.5080221011370891
CE_KINGSAFETY:0.5055998703111096
C_PIECESQUARETABLES:0.5144043294275479
C_MOBILITY:0.5785974216960749
C_KINGSAFETY:0.49097800284135434
C_PAWNSTRUCTURE:0.49300692477662483
C_PIECECOORDINATION:0.5070453787658575
C_ROOKANDPAWNMOVEMENT:0.5070453787658575
C_CENTERCONTROL:0.4954180744552523
C_DEVELOPPIECES:0.49851072715686584
C_MATERIAL:0.5151584577193388
