ELO:793
CE_PASSEDPAWNS:0.46609981421885655
CE_PAWNWEAKNESSES:0.44889000351847935
CE_PIECEACTIVITY:0.5961279013116835
CE_KINGPAWNSHIELD:0.5154317517500756
CE_PIECECOORDINATION:0.3782427946736272
CE_MATERIAL:0.5629932947265108
CE_KINGSAFETY:0.48530550027316893
C_PIECESQUARETABLES:0.4844818115139064
C_MOBILITY:0.4083181474969095
C_KINGSAFETY:0.429643484881165
C_PAWNSTRUCTURE:0.5217101071530493
C_PIECECOORDINATION:0.5553676274291105
C_ROOKANDPAWNMOVEMENT:0.5553676274291105
C_CENTERCONTROL:0.559954531206643
C_DEVELOPPIECES:0.532397690214687
C_MATERIAL:0.4610884855302434
C_MOVECOUNT:0.5
