ELO:993
CE_PASSEDPAWNS:0.5280700273171824
CE_PAWNWEAKNESSES:0.5123536203358161
CE_PIECEACTIVITY:0.4921811009658958
CE_KINGPAWNSHIELD:0.4887450134333786
CE_PIECECOORDINATION:0.4693764692385423
CE_MATERIAL:0.5350388438985498
CE_KINGSAFETY:0.5012216742429432
C_PIECESQUARETABLES:0.46245470428040725
C_MOBILITY:0.5363862010024655
C_KINGSAFETY:0.5190258729213986
C_PAWNSTRUCTURE:0.5040643530600423
C_PIECECOORDINATION:0.4672116077585298
C_ROOKANDPAWNMOVEMENT:0.4672116077585298
C_CENTERCONTROL:0.588629962879491
C_DEVELOPPIECES:0.5238337069618229
C_MATERIAL:0.5328154935377558
