ELO:896
CE_PASSEDPAWNS:0.4579809065778596
CE_PAWNWEAKNESSES:0.4759483238016196
CE_PIECEACTIVITY:0.509961657171168
CE_KINGPAWNSHIELD:0.4733069649686108
CE_PIECECOORDINATION:0.43995001485024254
CE_MATERIAL:0.5345445084883673
CE_KINGSAFETY:0.509255949975528
C_PIECESQUARETABLES:0.49979398878620107
C_MOBILITY:0.43747481048862846
C_KINGSAFETY:0.532869572220588
C_PAWNSTRUCTURE:0.48111499090588905
C_PIECECOORDINATION:0.5065411717735485
C_ROOKANDPAWNMOVEMENT:0.5065411717735485
C_CENTERCONTROL:0.5259018297529349
C_DEVELOPPIECES:0.3854757300961326
C_MATERIAL:0.47400791769561806
C_MOVECOUNT:0.5
