ELO:1002
CE_PASSEDPAWNS:0.5200116075678635
CE_PAWNWEAKNESSES:0.49886829905081714
CE_PIECEACTIVITY:0.4828036119459603
CE_KINGPAWNSHIELD:0.4712109705488936
CE_PIECECOORDINATION:0.4784517685740773
CE_MATERIAL:0.5350388438985498
CE_KINGSAFETY:0.4832762196622894
C_PIECESQUARETABLES:0.44848667696773953
C_MOBILITY:0.5406144940534662
C_KINGSAFETY:0.5315124166732987
C_PAWNSTRUCTURE:0.5444693081953186
C_PIECECOORDINATION:0.4462030414028613
C_ROOKANDPAWNMOVEMENT:0.4462030414028613
C_CENTERCONTROL:0.5809417086558664
C_DEVELOPPIECES:0.5221040814217789
C_MATERIAL:0.5284971853828103
