ELO:952
CE_PASSEDPAWNS:0.47287132130909715
CE_PAWNWEAKNESSES:0.48025352293216633
CE_PIECEACTIVITY:0.46629290972278403
CE_KINGPAWNSHIELD:0.5046907123313527
CE_PIECECOORDINATION:0.4858121739159255
CE_MATERIAL:0.5420291531464544
CE_KINGSAFETY:0.48394851275224354
C_PIECESQUARETABLES:0.5173404435351422
C_MOBILITY:0.5148624036913839
C_KINGSAFETY:0.4829808007144797
C_PAWNSTRUCTURE:0.4943612371126294
C_PIECECOORDINATION:0.48963031101607357
C_ROOKANDPAWNMOVEMENT:0.48963031101607357
C_CENTERCONTROL:0.4955811957731521
C_DEVELOPPIECES:0.4391979910880416
C_MATERIAL:0.38207840918466185
