ELO:919
CE_PASSEDPAWNS:0.46083556669469655
CE_PAWNWEAKNESSES:0.46539857627914955
CE_PIECEACTIVITY:0.4992320364543422
CE_KINGPAWNSHIELD:0.5433244951533888
CE_PIECECOORDINATION:0.5333709760968062
CE_MATERIAL:0.4835597260667181
CE_KINGSAFETY:0.5547991909591394
C_PIECESQUARETABLES:0.5244262536454807
C_MOBILITY:0.5322767107748572
C_KINGSAFETY:0.48756440554666136
C_PAWNSTRUCTURE:0.45130914570899905
C_PIECECOORDINATION:0.5695463958947425
C_ROOKANDPAWNMOVEMENT:0.5695463958947425
C_CENTERCONTROL:0.47363078001165987
C_DEVELOPPIECES:0.497258606425654
C_MATERIAL:0.5047416952249288
C_MOVECOUNT:0.5
