ELO:989
CE_PASSEDPAWNS:0.3671258369474086
CE_PAWNWEAKNESSES:0.5086530027826172
CE_PIECEACTIVITY:0.5573859800988067
CE_KINGPAWNSHIELD:0.47296228941213614
CE_PIECECOORDINATION:0.46544225017118723
CE_MATERIAL:0.5125313430690898
CE_KINGSAFETY:0.5
C_PIECESQUARETABLES:0.5063931420735296
C_MOBILITY:0.5081393408250422
C_KINGSAFETY:0.5594239720260957
C_PAWNSTRUCTURE:0.32659486032772983
C_PIECECOORDINATION:0.45365922543665577
C_ROOKANDPAWNMOVEMENT:0.45365922543665577
C_CENTERCONTROL:0.35488331713916
C_DEVELOPPIECES:0.48463106472835726
C_MATERIAL:0.680492286723095
