ELO:1057
CE_PASSEDPAWNS:0.6488743854213421
CE_PAWNWEAKNESSES:0.49763896488758924
CE_PIECEACTIVITY:0.4765705324551645
CE_KINGPAWNSHIELD:0.48086366274716424
CE_PIECECOORDINATION:0.4608226208659953
CE_MATERIAL:0.439939732807473
CE_KINGSAFETY:0.5051779976370201
C_PIECESQUARETABLES:0.49380834308157734
C_MOBILITY:0.4259539597561209
C_KINGSAFETY:0.5254775954496357
C_PAWNSTRUCTURE:0.3904608392407593
C_PIECECOORDINATION:0.4665358981682342
C_ROOKANDPAWNMOVEMENT:0.4665358981682342
C_CENTERCONTROL:0.5291069815246835
C_DEVELOPPIECES:0.5749122925943942
C_MATERIAL:0.4324022172015637
