ELO:840
CE_PASSEDPAWNS:0.4759366212986221
CE_PAWNWEAKNESSES:0.4933886975464675
CE_PIECEACTIVITY:0.4463546443115186
CE_KINGPAWNSHIELD:0.4799003271157278
CE_PIECECOORDINATION:0.47179817757519704
CE_MATERIAL:0.5113536318681057
CE_KINGSAFETY:0.49350790000777894
C_PIECESQUARETABLES:0.4280371721911809
C_MOBILITY:0.5848758652882045
C_KINGSAFETY:0.4943827277582329
C_PAWNSTRUCTURE:0.47986755980625306
C_PIECECOORDINATION:0.5484047829152732
C_ROOKANDPAWNMOVEMENT:0.5484047829152732
C_CENTERCONTROL:0.5060650145958517
C_DEVELOPPIECES:0.43206520868471515
C_MATERIAL:0.45134348443541367
C_MOVECOUNT:0.5
