ELO:971
CE_PASSEDPAWNS:0.46024334479028833
CE_PAWNWEAKNESSES:0.5445576221890446
CE_PIECEACTIVITY:0.48076044966410403
CE_KINGPAWNSHIELD:0.4912171650989682
CE_PIECECOORDINATION:0.5102921686112474
CE_MATERIAL:0.5104634188123015
CE_KINGSAFETY:0.5147840935994028
C_PIECESQUARETABLES:0.5011098331636024
C_MOBILITY:0.4907010155606601
C_KINGSAFETY:0.5067787535541304
C_PAWNSTRUCTURE:0.47532026858159715
C_PIECECOORDINATION:0.5302250774666679
C_ROOK:0.49835318178386817
CE_ROOK:0.4776074494204726
C_CENTERCONTROL:0.5017890348904955
C_DEVELOPPIECES:0.49378690502212264
C_MATERIAL:0.48101020751678913
C_MOVECOUNT:0.48371565297017927
C_PAWNMOVEMENT:0.5
