ELO:1000
CE_PASSEDPAWNS:0.5
CE_PAWNWEAKNESSES:0.48801745262200047
CE_PIECEACTIVITY:0.5119392614546387
CE_KINGPAWNSHIELD:0.5
CE_PIECECOORDINATION:0.5
CE_MATERIAL:0.49647136283161236
CE_KINGSAFETY:0.5049987562413015
C_PIECESQUARETABLES:0.5025261188355349
C_MOBILITY:0.5
C_KINGSAFETY:0.5
C_PAWNSTRUCTURE:0.5144231916641819
C_PIECECOORDINATION:0.5073187147597067
C_ROOKANDPAWNMOVEMENT:0.5073187147597067
C_CENTERCONTROL:0.49835621121879675
C_DEVELOPPIECES:0.5
C_MATERIAL:0.48887252534858966
