ELO:899
CE_PASSEDPAWNS:0.5009882476420573
CE_PAWNWEAKNESSES:0.44601352288619933
CE_PIECEACTIVITY:0.4695661067052697
CE_KINGPAWNSHIELD:0.5253707100091433
CE_PIECECOORDINATION:0.5071109400566419
CE_MATERIAL:0.40575026686351623
CE_KINGSAFETY:0.46963009442443115
C_PIECESQUARETABLES:0.532975435471373
C_MOBILITY:0.46232515476504127
C_KINGSAFETY:0.5237968722710955
C_PAWNSTRUCTURE:0.3864490864815166
C_PIECECOORDINATION:0.574454241412702
C_ROOKANDPAWNMOVEMENT:0.574454241412702
C_CENTERCONTROL:0.4691291551406812
C_DEVELOPPIECES:0.5687949023403371
C_MATERIAL:0.48353447279188816
