ELO:1063
CE_PASSEDPAWNS:0.6294144428064479
CE_PAWNWEAKNESSES:0.5009827811314317
CE_PIECEACTIVITY:0.47416597442345904
CE_KINGPAWNSHIELD:0.5029784507925247
CE_PIECECOORDINATION:0.47872983581223577
CE_MATERIAL:0.44920383018873156
CE_KINGSAFETY:0.510089646936909
C_PIECESQUARETABLES:0.4911346505909525
C_MOBILITY:0.43520643903070877
C_KINGSAFETY:0.4971769997861214
C_PAWNSTRUCTURE:0.3910941593308621
C_PIECECOORDINATION:0.4767394528636104
C_ROOKANDPAWNMOVEMENT:0.4767394528636104
C_CENTERCONTROL:0.5273602709005781
C_DEVELOPPIECES:0.5892851397275007
C_MATERIAL:0.42143409128549214
