ELO:954
CE_PASSEDPAWNS:0.45398043881900074
CE_PAWNWEAKNESSES:0.5064810961181712
CE_PIECEACTIVITY:0.44918563914524867
CE_KINGPAWNSHIELD:0.5137878149477414
CE_PIECECOORDINATION:0.49350343842151645
CE_MATERIAL:0.5308763792866945
CE_KINGSAFETY:0.5040035193487818
C_PIECESQUARETABLES:0.4698901145768759
C_MOBILITY:0.4951984493798592
C_KINGSAFETY:0.5119223898850623
C_PAWNSTRUCTURE:0.5128931835328204
C_PIECECOORDINATION:0.5312911300270191
C_ROOKANDPAWNMOVEMENT:0.5312911300270191
C_CENTERCONTROL:0.4653015264934205
C_DEVELOPPIECES:0.416866290390098
C_MATERIAL:0.3891414754999198
