ELO:836
CE_PASSEDPAWNS:0.4873199985646077
CE_PAWNWEAKNESSES:0.48735484066154533
CE_PIECEACTIVITY:0.543175506381628
CE_KINGPAWNSHIELD:0.5399800312819918
CE_PIECECOORDINATION:0.5197615976508261
CE_MATERIAL:0.5915831409004233
CE_KINGSAFETY:0.5172139813307335
C_PIECESQUARETABLES:0.4907756136925805
C_MOBILITY:0.5092243634693451
C_KINGSAFETY:0.5350050045548346
C_PAWNSTRUCTURE:0.4793469994842457
C_PIECECOORDINATION:0.4039727210325385
C_ROOKANDPAWNMOVEMENT:0.4039727210325385
C_CENTERCONTROL:0.5676889289248548
C_DEVELOPPIECES:0.49899492957395697
C_MATERIAL:0.5677103356366698
C_MOVECOUNT:0.5
