ELO:956
CE_PASSEDPAWNS:0.5158535857829275
CE_PAWNWEAKNESSES:0.46104746123365903
CE_PIECEACTIVITY:0.5263937889246214
CE_KINGPAWNSHIELD:0.5365924822453796
CE_PIECECOORDINATION:0.5171047530629518
CE_MATERIAL:0.47677104870278963
CE_KINGSAFETY:0.48745524421145575
C_PIECESQUARETABLES:0.4968908259814587
C_MOBILITY:0.4652014536813658
C_KINGSAFETY:0.5036999778260458
C_PAWNSTRUCTURE:0.42193521734650835
C_PIECECOORDINATION:0.5136896789261958
C_ROOKANDPAWNMOVEMENT:0.5136896789261958
C_CENTERCONTROL:0.41748729541904606
C_DEVELOPPIECES:0.4791759548358577
C_MATERIAL:0.4309420283484584
