ELO:981
CE_PASSEDPAWNS:0.47370420363760596
CE_PAWNWEAKNESSES:0.43561472290018255
CE_PIECEACTIVITY:0.5284492308476705
CE_KINGPAWNSHIELD:0.49170128341718733
CE_PIECECOORDINATION:0.5147017707951799
CE_MATERIAL:0.5982750102443016
CE_KINGSAFETY:0.5540742996412811
C_PIECESQUARETABLES:0.4861516668054176
C_MOBILITY:0.5033999216505984
C_KINGSAFETY:0.5574593700347947
C_PAWNSTRUCTURE:0.5477767623887135
C_PIECECOORDINATION:0.48295608181463784
C_ROOKANDPAWNMOVEMENT:0.48295608181463784
C_CENTERCONTROL:0.5070732214585875
C_DEVELOPPIECES:0.39396816310916505
C_MATERIAL:0.434074460361133
