ELO:979
CE_PASSEDPAWNS:0.5077630563286525
CE_PAWNWEAKNESSES:0.5
CE_PIECEACTIVITY:0.5003551714781589
CE_KINGPAWNSHIELD:0.5050586954874783
CE_PIECECOORDINATION:0.47935436293087824
CE_MATERIAL:0.495130015632314
CE_KINGSAFETY:0.5
C_PIECESQUARETABLES:0.5
C_MOBILITY:0.5091127176216745
C_KINGSAFETY:0.5
C_PAWNSTRUCTURE:0.49509673834816226
C_PIECECOORDINATION:0.5014934239178009
C_ROOKANDPAWNMOVEMENT:0.5014934239178009
C_CENTERCONTROL:0.4936437218142301
C_DEVELOPPIECES:0.47647917712678567
C_MATERIAL:0.5066198594520214
C_MOVECOUNT:0.5
