ELO:956
CE_PASSEDPAWNS:0.48915810401962323
CE_PAWNWEAKNESSES:0.4782757409393182
CE_PIECEACTIVITY:0.4713039660743516
CE_KINGPAWNSHIELD:0.5014516513706628
CE_PIECECOORDINATION:0.48416396074930024
CE_MATERIAL:0.5647286586236743
CE_KINGSAFETY:0.5
C_PIECESQUARETABLES:0.4973210137693799
C_MOBILITY:0.5049491386797454
C_KINGSAFETY:0.48776867209061164
C_PAWNSTRUCTURE:0.522801507564274
C_PIECECOORDINATION:0.4847738578797405
C_ROOKANDPAWNMOVEMENT:0.4847738578797405
C_CENTERCONTROL:0.5083070219958528
C_DEVELOPPIECES:0.42044668006027724
C_MATERIAL:0.4191077235591127
