ELO:1000
CE_PASSEDPAWNS:0.5162333893847549
CE_PAWNWEAKNESSES:0.44565792880842536
CE_PIECEACTIVITY:0.5311768712758169
CE_KINGPAWNSHIELD:0.5052644252518768
CE_PIECECOORDINATION:0.5311688470841156
CE_MATERIAL:0.48926659650005416
CE_KINGSAFETY:0.45670359086332013
C_PIECESQUARETABLES:0.5378953651194349
C_MOBILITY:0.49795572478716044
C_KINGSAFETY:0.48983097445830415
C_PAWNSTRUCTURE:0.46877418943337734
C_PIECECOORDINATION:0.5176148122859195
C_ROOKANDPAWNMOVEMENT:0.5176148122859195
C_CENTERCONTROL:0.46215101661293384
C_DEVELOPPIECES:0.4652296569905726
C_MATERIAL:0.4501221226039298
