ELO:853
CE_PASSEDPAWNS:0.4777752307085928
CE_PAWNWEAKNESSES:0.5089819184039143
CE_PIECEACTIVITY:0.4534018988718269
CE_KINGPAWNSHIELD:0.5156616855796339
CE_PIECECOORDINATION:0.501523395993055
CE_MATERIAL:0.5474476784436292
CE_KINGSAFETY:0.5365070253575315
C_PIECESQUARETABLES:0.41557765719099976
C_MOBILITY:0.5124686867937503
C_KINGSAFETY:0.5048964234539219
C_PAWNSTRUCTURE:0.5022195623809812
C_PIECECOORDINATION:0.5189381627837691
C_ROOKANDPAWNMOVEMENT:0.5189381627837691
C_CENTERCONTROL:0.45708773052569224
C_DEVELOPPIECES:0.4603201558708193
C_MATERIAL:0.368327282644974
