ELO:986
CE_PASSEDPAWNS:0.5226924102618636
CE_PAWNWEAKNESSES:0.4398088902342335
CE_PIECEACTIVITY:0.5424002982564323
CE_KINGPAWNSHIELD:0.510894193447209
CE_PIECECOORDINATION:0.5150158338758752
CE_MATERIAL:0.4789767374437475
CE_KINGSAFETY:0.45041834359552796
C_PIECESQUARETABLES:0.551564405151731
C_MOBILITY:0.4904356778200116
C_KINGSAFETY:0.4988146078574772
C_PAWNSTRUCTURE:0.4687567122553285
C_PIECECOORDINATION:0.5176148122859195
C_ROOKANDPAWNMOVEMENT:0.5176148122859195
C_CENTERCONTROL:0.4501324995425758
C_DEVELOPPIECES:0.44787122104045607
C_MATERIAL:0.43962227745455734
