ELO:1000
CE_PASSEDPAWNS:0.5070243962342053
CE_PAWNWEAKNESSES:0.49173120323880865
CE_PIECEACTIVITY:0.5090267019717686
CE_KINGPAWNSHIELD:0.49624003986119064
CE_PIECECOORDINATION:0.5079593700268914
CE_MATERIAL:0.49602134136093107
CE_KINGSAFETY:0.5049987562413015
C_PIECESQUARETABLES:0.4983764498328557
C_MOBILITY:0.5
C_KINGSAFETY:0.5120881432396222
C_PAWNSTRUCTURE:0.5144231916641819
C_PIECECOORDINATION:0.5194688119162151
C_ROOKANDPAWNMOVEMENT:0.5194688119162151
C_CENTERCONTROL:0.5079595021850455
C_DEVELOPPIECES:0.49368402218928464
C_MATERIAL:0.48887252534858966
