ELO:1000
CE_PASSEDPAWNS:0.5145557561164295
CE_PAWNWEAKNESSES:0.487843630947352
CE_PIECEACTIVITY:0.5098973039984467
CE_KINGPAWNSHIELD:0.5115643568684455
CE_PIECECOORDINATION:0.5262341750663341
CE_MATERIAL:0.4941124073101573
CE_KINGSAFETY:0.5024924321881918
C_PIECESQUARETABLES:0.4975586093007306
C_MOBILITY:0.5054705962150375
C_KINGSAFETY:0.5155341185577046
C_PAWNSTRUCTURE:0.49362853266171564
C_PIECECOORDINATION:0.5082915490133302
C_ROOKANDPAWNMOVEMENT:0.5082915490133302
C_CENTERCONTROL:0.4962008796610902
C_DEVELOPPIECES:0.47662825802007575
C_MATERIAL:0.48940622954190616
