ELO:1006
CE_PASSEDPAWNS:0.5046190575815157
CE_PAWNWEAKNESSES:0.5045519761063899
CE_PIECEACTIVITY:0.5
CE_KINGPAWNSHIELD:0.5049350363909642
CE_PIECECOORDINATION:0.4964477822766251
CE_MATERIAL:0.5092836448503618
CE_KINGSAFETY:0.5
C_PIECESQUARETABLES:0.5
C_MOBILITY:0.4861780865404424
C_KINGSAFETY:0.5
C_PAWNSTRUCTURE:0.5015004844053662
C_PIECECOORDINATION:0.5
C_ROOKANDPAWNMOVEMENT:0.5
C_CENTERCONTROL:0.4845568320440864
C_DEVELOPPIECES:0.49075243691425025
C_MATERIAL:0.5071736094556708
C_MOVECOUNT:0.5
