ELO:776
CE_PASSEDPAWNS:0.5166540857503058
CE_PAWNWEAKNESSES:0.5157866149982815
CE_PIECEACTIVITY:0.5160266972683224
CE_KINGPAWNSHIELD:0.5119364422768418
CE_PIECECOORDINATION:0.4703188858823052
CE_MATERIAL:0.5327058961825764
CE_KINGSAFETY:0.49383700985540424
C_PIECESQUARETABLES:0.5194643084116772
C_MOBILITY:0.5079425067427434
C_KINGSAFETY:0.5086350563569972
C_PAWNSTRUCTURE:0.5141836870167887
C_PIECECOORDINATION:0.5064124035602681
C_ROOKANDPAWNMOVEMENT:0.5064124035602681
C_CENTERCONTROL:0.45959692187002354
C_DEVELOPPIECES:0.45897819298216636
C_MATERIAL:0.37494288027350947
