ELO:962
CE_PASSEDPAWNS:0.48605310829869625
CE_PAWNWEAKNESSES:0.4939406336275549
CE_PIECEACTIVITY:0.4172509897164616
CE_KINGPAWNSHIELD:0.4929039146707665
CE_PIECECOORDINATION:0.5310421491131581
CE_MATERIAL:0.5494757275551816
CE_KINGSAFETY:0.5
C_PIECESQUARETABLES:0.5119535288810011
C_MOBILITY:0.47312622212288014
C_KINGSAFETY:0.4937690414915722
C_PAWNSTRUCTURE:0.4866210844994143
C_PIECECOORDINATION:0.4442021442969932
C_ROOKANDPAWNMOVEMENT:0.4442021442969932
C_CENTERCONTROL:0.5024710810035632
C_DEVELOPPIECES:0.4900650544455405
C_MATERIAL:0.4753356842442355
C_MOVECOUNT:0.5605310070640309
