ELO:961
CE_PASSEDPAWNS:0.663343897773523
CE_PAWNWEAKNESSES:0.46565041921623573
CE_PIECEACTIVITY:0.45500001556956043
CE_KINGPAWNSHIELD:0.4926778014384441
CE_PIECECOORDINATION:0.4760681772066766
CE_MATERIAL:0.44673152681615924
CE_KINGSAFETY:0.5284249431194722
C_PIECESQUARETABLES:0.4849052847451008
C_MOBILITY:0.4303125008372908
C_KINGSAFETY:0.5105043411914251
C_PAWNSTRUCTURE:0.3839022639653076
C_PIECECOORDINATION:0.48232418811769523
C_ROOKANDPAWNMOVEMENT:0.48232418811769523
C_CENTERCONTROL:0.5018650766878451
C_DEVELOPPIECES:0.5892154358751585
C_MATERIAL:0.45435774616528724
