ELO:929
CE_PASSEDPAWNS:0.5059037140359424
CE_PAWNWEAKNESSES:0.4875813700826844
CE_PIECEACTIVITY:0.5054539904357418
CE_KINGPAWNSHIELD:0.47728609087214224
CE_PIECECOORDINATION:0.48622526643080366
CE_MATERIAL:0.48710746617533385
CE_KINGSAFETY:0.4774414224398658
C_PIECESQUARETABLES:0.5410132813469815
C_MOBILITY:0.5055780763957871
C_KINGSAFETY:0.5112226648043808
C_PAWNSTRUCTURE:0.5540953437661241
C_PIECECOORDINATION:0.5588741697204476
C_ROOKANDPAWNMOVEMENT:0.5588741697204476
C_CENTERCONTROL:0.5286112738184751
C_DEVELOPPIECES:0.4909945153347592
C_MATERIAL:0.4805604785791476
C_MOVECOUNT:0.5
