ELO:997
CE_PASSEDPAWNS:0.49516045167323086
CE_PAWNWEAKNESSES:0.4938416064206513
CE_PIECEACTIVITY:0.5048263071343915
CE_KINGPAWNSHIELD:0.5001815007088924
CE_PIECECOORDINATION:0.49816869423909904
CE_MATERIAL:0.5386314780314141
CE_KINGSAFETY:0.5000648328780752
C_PIECESQUARETABLES:0.4980790858589625
C_MOBILITY:0.5220687975449108
C_KINGSAFETY:0.4973564100185525
C_PAWNSTRUCTURE:0.49026936325035814
C_PIECECOORDINATION:0.49906650074974984
C_ROOK:0.49572901406086456
CE_ROOK:0.5009229569691497
C_CENTERCONTROL:0.5055079866350206
C_DEVELOPPIECES:0.49041808327850717
C_MATERIAL:0.4995250942276633
C_MOVECOUNT:0.49266714177528814
C_PAWNMOVEMENT:0.5
