ELO:917
CE_PASSEDPAWNS:0.4624872189361958
CE_PAWNWEAKNESSES:0.49605983629206324
CE_PIECEACTIVITY:0.5198131259275799
CE_KINGPAWNSHIELD:0.4867134431960583
CE_PIECECOORDINATION:0.5092629090924845
CE_MATERIAL:0.504305202365451
CE_KINGSAFETY:0.5043424864079152
C_PIECESQUARETABLES:0.4998121425880625
C_MOBILITY:0.5373582733306465
C_KINGSAFETY:0.5722536981505871
C_PAWNSTRUCTURE:0.47146699829623373
C_PIECECOORDINATION:0.46612328001574044
C_ROOK:0.536989566634252
CE_ROOK:0.4840663816456668
C_CENTERCONTROL:0.4768020136051358
C_DEVELOPPIECES:0.49928566582934397
C_MATERIAL:0.5271347082694153
C_MOVECOUNT:0.494434430746137
C_PAWNMOVEMENT:0.5070989632510642
