ELO:929
CE_PASSEDPAWNS:0.5084063100923694
CE_PAWNWEAKNESSES:0.46886961485793244
CE_PIECEACTIVITY:0.4959055937535013
CE_KINGPAWNSHIELD:0.5141342847552436
CE_PIECECOORDINATION:0.47630082619413244
CE_MATERIAL:0.5565247668330364
CE_KINGSAFETY:0.5014249583415931
C_PIECESQUARETABLES:0.5044681760264176
C_MOBILITY:0.5074653378763202
C_KINGSAFETY:0.4674253368036264
C_PAWNSTRUCTURE:0.5006590871543023
C_PIECECOORDINATION:0.5067444123884483
C_ROOKANDPAWNMOVEMENT:0.5067444123884483
C_CENTERCONTROL:0.5084811132539809
C_DEVELOPPIECES:0.5274314783280742
C_MATERIAL:0.4894532084638584
C_MOVECOUNT:0.5009374583204225
