ELO:929
CE_PASSEDPAWNS:0.5031773209943063
CE_PAWNWEAKNESSES:0.5054389584609561
CE_PIECEACTIVITY:0.4968169662392556
CE_KINGPAWNSHIELD:0.4404926177552016
CE_PIECECOORDINATION:0.5055091400917353
CE_MATERIAL:0.46667917460807296
CE_KINGSAFETY:0.510888801127867
C_PIECESQUARETABLES:0.5035773889986495
C_MOBILITY:0.5022466294188604
C_KINGSAFETY:0.4888047080436996
C_PAWNSTRUCTURE:0.4991484865277956
C_PIECECOORDINATION:0.5519126811185094
C_ROOKANDPAWNMOVEMENT:0.5519126811185094
C_CENTERCONTROL:0.47892552026770974
C_DEVELOPPIECES:0.5023996378879506
C_MATERIAL:0.4749818869015233
C_MOVECOUNT:0.5
