ELO:1000
CE_PASSEDPAWNS:0.49824562021991897
CE_PAWNWEAKNESSES:0.5026415551682537
CE_PIECEACTIVITY:0.49126196442796005
CE_KINGPAWNSHIELD:0.4974775765473818
CE_PIECECOORDINATION:0.505007263556953
CE_MATERIAL:0.5043536082722523
CE_KINGSAFETY:0.507213775217176
C_PIECESQUARETABLES:0.49743003913825573
C_MOBILITY:0.5001720022906442
C_KINGSAFETY:0.49747472026502876
C_PAWNSTRUCTURE:0.4968165670358092
C_PIECECOORDINATION:0.5036342561834395
C_ROOKANDPAWNMOVEMENT:0.5036342561834395
C_CENTERCONTROL:0.5011812473202991
C_DEVELOPPIECES:0.4911310661605895
C_MATERIAL:0.5033724728937855
