ELO:933
CE_PASSEDPAWNS:0.4738995448297832
CE_PAWNWEAKNESSES:0.44208909811223784
CE_PIECEACTIVITY:0.5412382208949987
CE_KINGPAWNSHIELD:0.5455819946077191
CE_PIECECOORDINATION:0.5093562481821604
CE_MATERIAL:0.44184209786730444
CE_KINGSAFETY:0.5370833185564879
C_PIECESQUARETABLES:0.5016946672147169
C_MOBILITY:0.4305366316864694
C_KINGSAFETY:0.5210858181841431
C_PAWNSTRUCTURE:0.4076059293044848
C_PIECECOORDINATION:0.5654368926465778
C_ROOKANDPAWNMOVEMENT:0.5654368926465778
C_CENTERCONTROL:0.41985526971182413
C_DEVELOPPIECES:0.4930651805666147
C_MATERIAL:0.48763940714213583
