ELO:944
CE_PASSEDPAWNS:0.4584066713405256
CE_PAWNWEAKNESSES:0.47871943740341727
CE_PIECEACTIVITY:0.4867177893817731
CE_KINGPAWNSHIELD:0.48236000159413167
CE_PIECECOORDINATION:0.4934774406173743
CE_MATERIAL:0.512064276643377
CE_KINGSAFETY:0.5
C_PIECESQUARETABLES:0.5
C_MOBILITY:0.5261295041969184
C_KINGSAFETY:0.5386410544794351
C_PAWNSTRUCTURE:0.4835133953924411
C_PIECECOORDINATION:0.503265521603658
C_ROOK:0.5119831558138849
CE_ROOK:0.4833493105006943
C_CENTERCONTROL:0.48959786042314213
C_DEVELOPPIECES:0.5240730717752989
C_MATERIAL:0.5362597197478893
C_MOVECOUNT:0.4985350742324287
C_PAWNMOVEMENT:0.5000042510512582
