ELO:980
CE_PASSEDPAWNS:0.4929416274251572
CE_PAWNWEAKNESSES:0.4941313722299783
CE_PIECEACTIVITY:0.49452758909209354
CE_KINGPAWNSHIELD:0.5051500960397423
CE_PIECECOORDINATION:0.49975711161975833
CE_MATERIAL:0.4999792015286951
CE_KINGSAFETY:0.5040789579785764
C_PIECESQUARETABLES:0.5144570217240629
C_MOBILITY:0.4878182736220476
C_KINGSAFETY:0.5113254959595904
C_PAWNSTRUCTURE:0.4883869013822942
C_PIECECOORDINATION:0.5114478254200415
C_ROOKANDPAWNMOVEMENT:0.5114478254200415
C_CENTERCONTROL:0.5095546201658688
C_DEVELOPPIECES:0.4933148455627688
C_MATERIAL:0.5037687328260859
C_MOVECOUNT:0.5
