ELO:925
CE_PASSEDPAWNS:0.5347581558568251
CE_PAWNWEAKNESSES:0.5242095498643307
CE_PIECEACTIVITY:0.5252707215239297
CE_KINGPAWNSHIELD:0.45678866262830314
CE_PIECECOORDINATION:0.5076917764743177
CE_MATERIAL:0.5331672940510523
CE_KINGSAFETY:0.514013468357713
C_PIECESQUARETABLES:0.5237126331979548
C_MOBILITY:0.49799429455274097
C_KINGSAFETY:0.5670995978080104
C_PAWNSTRUCTURE:0.49216937468277916
C_PIECECOORDINATION:0.49221004790764294
C_ROOK:0.5680055332723758
CE_ROOK:0.47638384946961276
C_CENTERCONTROL:0.48639121014311776
C_DEVELOPPIECES:0.5158773342394116
C_MATERIAL:0.4402368745821898
C_MOVECOUNT:0.517320666202318
C_PAWNMOVEMENT:0.5263003797071134
