ELO:920
CE_PASSEDPAWNS:0.469456201945317
CE_PAWNWEAKNESSES:0.5096459927790723
CE_PIECEACTIVITY:0.48775454359441556
CE_KINGPAWNSHIELD:0.5204367801731451
CE_PIECECOORDINATION:0.5011036246053333
CE_MATERIAL:0.5006215943534535
CE_KINGSAFETY:0.5070244472361269
C_PIECESQUARETABLES:0.512638108725862
C_MOBILITY:0.5541470427852627
C_KINGSAFETY:0.5387482548103114
C_PAWNSTRUCTURE:0.5030134251681936
C_PIECECOORDINATION:0.4908529899385063
C_ROOKANDPAWNMOVEMENT:0.4908529899385063
C_CENTERCONTROL:0.5355413976229193
C_DEVELOPPIECES:0.5160699814058787
C_MATERIAL:0.4752356904275787
C_MOVECOUNT:0.526367829267698
