ELO:1000
CE_PASSEDPAWNS:0.5019469425837629
CE_PAWNWEAKNESSES:0.4899899803680575
CE_PIECEACTIVITY:0.500040299801407
CE_KINGPAWNSHIELD:0.4957102312086324
CE_PIECECOORDINATION:0.49269275121934997
CE_MATERIAL:0.5154345775944493
CE_KINGSAFETY:0.5058291341232465
C_PIECESQUARETABLES:0.4724705219162877
C_MOBILITY:0.48162906526904636
C_KINGSAFETY:0.4900056271039271
C_PAWNSTRUCTURE:0.5025975519950463
C_PIECECOORDINATION:0.5050353138156196
C_ROOKANDPAWNMOVEMENT:0.5050353138156196
C_CENTERCONTROL:0.5011812473202991
C_DEVELOPPIECES:0.46988059870432813
C_MATERIAL:0.5052461269489998
