ELO:951
CE_PASSEDPAWNS:0.46118620965227886
CE_PAWNWEAKNESSES:0.47871943740341727
CE_PIECEACTIVITY:0.4897297817127149
CE_KINGPAWNSHIELD:0.4818354088038407
CE_PIECECOORDINATION:0.48318407748965814
CE_MATERIAL:0.512064276643377
CE_KINGSAFETY:0.5183152858592065
C_PIECESQUARETABLES:0.4980402671489654
C_MOBILITY:0.5261295041969184
C_KINGSAFETY:0.5279120540738399
C_PAWNSTRUCTURE:0.49017849167659383
C_PIECECOORDINATION:0.49209789747498517
C_ROOK:0.5119831558138849
CE_ROOK:0.4833493105006943
C_CENTERCONTROL:0.48921929302684725
C_DEVELOPPIECES:0.5261809868817331
C_MATERIAL:0.5362597197478893
C_MOVECOUNT:0.5096190302779703
C_PAWNMOVEMENT:0.5082394008298957
