ELO:988
CE_PASSEDPAWNS:0.4691503159843746
CE_PAWNWEAKNESSES:0.4230923754702717
CE_PIECEACTIVITY:0.5425900162389982
CE_KINGPAWNSHIELD:0.5084773106435969
CE_PIECECOORDINATION:0.5019657081790364
CE_MATERIAL:0.5814757308437328
CE_KINGSAFETY:0.5579912983745168
C_PIECESQUARETABLES:0.4824458683130498
C_MOBILITY:0.4903207189545968
C_KINGSAFETY:0.5476475806680033
C_PAWNSTRUCTURE:0.5335092737962415
C_PIECECOORDINATION:0.47770382458993665
C_ROOKANDPAWNMOVEMENT:0.47770382458993665
C_CENTERCONTROL:0.5254606584176826
C_DEVELOPPIECES:0.41303555306449224
C_MATERIAL:0.4245358857850194
