ELO:1011
CE_PASSEDPAWNS:0.49333207745955177
CE_PAWNWEAKNESSES:0.5013262215725341
CE_PIECEACTIVITY:0.507734790507639
CE_KINGPAWNSHIELD:0.4842803012555183
CE_PIECECOORDINATION:0.5200769270282055
CE_MATERIAL:0.4909889102194442
CE_KINGSAFETY:0.5
C_PIECESQUARETABLES:0.5
C_MOBILITY:0.5
C_KINGSAFETY:0.5061924450725399
C_PAWNSTRUCTURE:0.5
C_PIECECOORDINATION:0.48506781552971034
C_ROOKANDPAWNMOVEMENT:0.48506781552971034
C_CENTERCONTROL:0.497220657597368
C_DEVELOPPIECES:0.5082994302233823
C_MATERIAL:0.5192840495251796
C_MOVECOUNT:0.4903623413497951
