ELO:945
CE_PASSEDPAWNS:0.4932911724858129
CE_PAWNWEAKNESSES:0.4656879934948171
CE_PIECEACTIVITY:0.563897481685962
CE_KINGPAWNSHIELD:0.5490432795619534
CE_PIECECOORDINATION:0.5496841508327571
CE_MATERIAL:0.4731374360847862
CE_KINGSAFETY:0.528988152253892
C_PIECESQUARETABLES:0.49683236923677854
C_MOBILITY:0.42127632252352365
C_KINGSAFETY:0.4958681291713488
C_PAWNSTRUCTURE:0.4147805289588257
C_PIECECOORDINATION:0.52664370741533
C_ROOKANDPAWNMOVEMENT:0.52664370741533
C_CENTERCONTROL:0.41772340760915516
C_DEVELOPPIECES:0.4627194402148571
C_MATERIAL:0.4912071432587139
