ELO:949
CE_PASSEDPAWNS:0.4418428644766286
CE_PAWNWEAKNESSES:0.4908716945931577
CE_PIECEACTIVITY:0.45532031529453765
CE_KINGPAWNSHIELD:0.499282194610845
CE_PIECECOORDINATION:0.48458989364171207
CE_MATERIAL:0.5222412818936323
CE_KINGSAFETY:0.5080898110516054
C_PIECESQUARETABLES:0.4491575263599011
C_MOBILITY:0.508424522318296
C_KINGSAFETY:0.4963657644909846
C_PAWNSTRUCTURE:0.505147915279353
C_PIECECOORDINATION:0.5372589680601676
C_ROOKANDPAWNMOVEMENT:0.5372589680601676
C_CENTERCONTROL:0.48227275671863856
C_DEVELOPPIECES:0.43927939702961444
C_MATERIAL:0.37783258557779625
