ELO:1000
CE_PASSEDPAWNS:0.48834363349167326
CE_PAWNWEAKNESSES:0.47482727702485783
CE_PIECEACTIVITY:0.5223741147624816
CE_KINGPAWNSHIELD:0.4886381849096357
CE_PIECECOORDINATION:0.48638111571226317
CE_MATERIAL:0.5641638440245478
CE_KINGSAFETY:0.5108206366075314
C_PIECESQUARETABLES:0.5088590421692105
C_MOBILITY:0.478364266538183
C_KINGSAFETY:0.5391904235983013
C_PAWNSTRUCTURE:0.5484413832818277
C_PIECECOORDINATION:0.48305583274788766
C_ROOKANDPAWNMOVEMENT:0.48305583274788766
C_CENTERCONTROL:0.5124159744234826
C_DEVELOPPIECES:0.4394596342153402
C_MATERIAL:0.46538589893624044
