ELO:988
CE_PASSEDPAWNS:0.36715015263829603
CE_PAWNWEAKNESSES:0.5159804433344081
CE_PIECEACTIVITY:0.5578494070897397
CE_KINGPAWNSHIELD:0.47296228941213614
CE_PIECECOORDINATION:0.4736599289322538
CE_MATERIAL:0.5025045149747195
CE_KINGSAFETY:0.5
C_PIECESQUARETABLES:0.5012590743983825
C_MOBILITY:0.47025853569031645
C_KINGSAFETY:0.5116754657988196
C_PAWNSTRUCTURE:0.3281325213607943
C_PIECECOORDINATION:0.4455295289066636
C_ROOKANDPAWNMOVEMENT:0.4455295289066636
C_CENTERCONTROL:0.35488331713916
C_DEVELOPPIECES:0.4688481152773533
C_MATERIAL:0.5937843414646223
