ELO:942
CE_PASSEDPAWNS:0.46593740942929046
CE_PAWNWEAKNESSES:0.49605983629206324
CE_PIECEACTIVITY:0.5029157169088759
CE_KINGPAWNSHIELD:0.49023044026445584
CE_PIECECOORDINATION:0.5002244183602809
CE_MATERIAL:0.504305202365451
CE_KINGSAFETY:0.5045155636696479
C_PIECESQUARETABLES:0.5133896064364041
C_MOBILITY:0.5225831461047812
C_KINGSAFETY:0.5710954237058634
C_PAWNSTRUCTURE:0.48829828960043914
C_PIECECOORDINATION:0.4743830317073591
C_ROOK:0.543444034919367
CE_ROOK:0.4801665761254036
C_CENTERCONTROL:0.4803793841164532
C_DEVELOPPIECES:0.5099571388694814
C_MATERIAL:0.5271347082694153
C_MOVECOUNT:0.5114917277301358
C_PAWNMOVEMENT:0.5090753804270336
