ELO:900
CE_PASSEDPAWNS:0.48054004117806987
CE_PAWNWEAKNESSES:0.432693816159231
CE_PIECEACTIVITY:0.473203683371963
CE_KINGPAWNSHIELD:0.5093783878263092
CE_PIECECOORDINATION:0.4884757109710189
CE_MATERIAL:0.4122935705909002
CE_KINGSAFETY:0.4582251993080822
C_PIECESQUARETABLES:0.5029606521845712
C_MOBILITY:0.46331481374660677
C_KINGSAFETY:0.5323958983169464
C_PAWNSTRUCTURE:0.3681344705873028
C_PIECECOORDINATION:0.574454241412702
C_ROOKANDPAWNMOVEMENT:0.574454241412702
C_CENTERCONTROL:0.4560373512112608
C_DEVELOPPIECES:0.5531902427989365
C_MATERIAL:0.48353447279188816
