ELO:921
CE_PASSEDPAWNS:0.5363532023585958
CE_PAWNWEAKNESSES:0.5050376063191785
CE_PIECEACTIVITY:0.5388627391844738
CE_KINGPAWNSHIELD:0.4611716575427984
CE_PIECECOORDINATION:0.4957340152575984
CE_MATERIAL:0.5005921711760282
CE_KINGSAFETY:0.4976022172176857
C_PIECESQUARETABLES:0.4852232889926376
C_MOBILITY:0.49971238540591434
C_KINGSAFETY:0.5596274201617495
C_PAWNSTRUCTURE:0.49497915821898913
C_PIECECOORDINATION:0.48565663802987696
C_ROOK:0.5471955985382717
CE_ROOK:0.5013669582668191
C_CENTERCONTROL:0.4955072775311957
C_DEVELOPPIECES:0.5383336987175145
C_MATERIAL:0.4470532513142615
C_MOVECOUNT:0.5069766521498741
C_PAWNMOVEMENT:0.4933029016357405
