ELO:988
CE_PASSEDPAWNS:0.36672259922430855
CE_PAWNWEAKNESSES:0.5123133707898724
CE_PIECEACTIVITY:0.5594978002495871
CE_KINGPAWNSHIELD:0.47296228941213614
CE_PIECECOORDINATION:0.46544225017118723
CE_MATERIAL:0.524895023649051
CE_KINGSAFETY:0.5
C_PIECESQUARETABLES:0.5051486020745352
C_MOBILITY:0.5103541521383494
C_KINGSAFETY:0.568117812849117
C_PAWNSTRUCTURE:0.32659486032772983
C_PIECECOORDINATION:0.5442670650115635
C_ROOKANDPAWNMOVEMENT:0.5442670650115635
C_CENTERCONTROL:0.35760758319960995
C_DEVELOPPIECES:0.47852557532295936
C_MATERIAL:0.6814814206511128
