ELO:991
CE_PASSEDPAWNS:0.4660422566060714
CE_PAWNWEAKNESSES:0.4291217233989193
CE_PIECEACTIVITY:0.5425900162389982
CE_KINGPAWNSHIELD:0.4995384506794139
CE_PIECECOORDINATION:0.5042334505216358
CE_MATERIAL:0.5866780016290088
CE_KINGSAFETY:0.5499896936534668
C_PIECESQUARETABLES:0.49178827991759194
C_MOBILITY:0.46865345924552826
C_KINGSAFETY:0.5448158580429674
C_PAWNSTRUCTURE:0.5335092737962415
C_PIECECOORDINATION:0.47770382458993665
C_ROOKANDPAWNMOVEMENT:0.47770382458993665
C_CENTERCONTROL:0.5377060928297394
C_DEVELOPPIECES:0.41303555306449224
C_MATERIAL:0.43967599169812155
