ELO:981
CE_PASSEDPAWNS:0.4694540908486541
CE_PAWNWEAKNESSES:0.44371260162797954
CE_PIECEACTIVITY:0.5135032892452831
CE_KINGPAWNSHIELD:0.4817879663832267
CE_PIECECOORDINATION:0.4847555116608552
CE_MATERIAL:0.588358579841441
CE_KINGSAFETY:0.5424655290843228
C_PIECESQUARETABLES:0.49513391251189415
C_MOBILITY:0.5033999216505984
C_KINGSAFETY:0.5447039670781165
C_PAWNSTRUCTURE:0.5270978764748506
C_PIECECOORDINATION:0.4754626041302546
C_ROOKANDPAWNMOVEMENT:0.4754626041302546
C_CENTERCONTROL:0.5125661793007615
C_DEVELOPPIECES:0.39851666976743394
C_MATERIAL:0.41785358249977284
