ELO:994
CE_PASSEDPAWNS:0.5067935765469765
CE_PAWNWEAKNESSES:0.5
CE_PIECEACTIVITY:0.5
CE_KINGPAWNSHIELD:0.5
CE_PIECECOORDINATION:0.5
CE_MATERIAL:0.5062500377980347
CE_KINGSAFETY:0.5014627199503129
C_PIECESQUARETABLES:0.5
C_MOBILITY:0.5
C_KINGSAFETY:0.49221570685529387
C_PAWNSTRUCTURE:0.49271280331831596
C_PIECECOORDINATION:0.5
C_ROOK:0.5
CE_ROOK:0.5
C_CENTERCONTROL:0.5
C_DEVELOPPIECES:0.49612129037154545
C_MATERIAL:0.49871424637701434
C_MOVECOUNT:0.4895069016501427
C_PAWNMOVEMENT:0.5
