ELO:1000
CE_PASSEDPAWNS:0.49017507048275244
CE_PAWNWEAKNESSES:0.5
CE_PIECEACTIVITY:0.508881194163788
CE_KINGPAWNSHIELD:0.4914979349008844
CE_PIECECOORDINATION:0.5
CE_MATERIAL:0.4948875331681877
CE_KINGSAFETY:0.5
C_PIECESQUARETABLES:0.510672191855879
C_MOBILITY:0.4923105107181247
C_KINGSAFETY:0.4899925033304716
C_PAWNSTRUCTURE:0.520712420754405
C_PIECECOORDINATION:0.4906695504634987
C_ROOKANDPAWNMOVEMENT:0.4906695504634987
C_CENTERCONTROL:0.4907621638060482
C_DEVELOPPIECES:0.4885452282458716
C_MATERIAL:0.5021126201510866
C_MOVECOUNT:0.5
