ELO:989
CE_PASSEDPAWNS:0.3671258369474086
CE_PAWNWEAKNESSES:0.51936127987286
CE_PIECEACTIVITY:0.5527262500309656
CE_KINGPAWNSHIELD:0.46947981355578766
CE_PIECECOORDINATION:0.46830879609927667
CE_MATERIAL:0.5115855100686686
CE_KINGSAFETY:0.5191094780809326
C_PIECESQUARETABLES:0.5023636312543656
C_MOBILITY:0.5001465408952577
C_KINGSAFETY:0.5516225189224501
C_PAWNSTRUCTURE:0.32711818898567924
C_PIECECOORDINATION:0.4579019557919653
C_ROOKANDPAWNMOVEMENT:0.4579019557919653
C_CENTERCONTROL:0.345089760243237
C_DEVELOPPIECES:0.46614438878828957
C_MATERIAL:0.692134292922113
