ELO:1089
CE_PASSEDPAWNS:0.6216628427623379
CE_PAWNWEAKNESSES:0.49408101239266883
CE_PIECEACTIVITY:0.4740251707678036
CE_KINGPAWNSHIELD:0.4888774821619666
CE_PIECECOORDINATION:0.48907905211240893
CE_MATERIAL:0.45398262924940724
CE_KINGSAFETY:0.5
C_PIECESQUARETABLES:0.5
C_MOBILITY:0.42105203460517804
C_KINGSAFETY:0.5076807408223325
C_PAWNSTRUCTURE:0.41159374709656454
C_PIECECOORDINATION:0.4863215852208856
C_ROOKANDPAWNMOVEMENT:0.4863215852208856
C_CENTERCONTROL:0.5241516181776379
C_DEVELOPPIECES:0.5849680569729525
C_MATERIAL:0.4168533273270086
