ELO:928
CE_PASSEDPAWNS:0.5120681775959857
CE_PAWNWEAKNESSES:0.5174020119167704
CE_PIECEACTIVITY:0.5247464480073488
CE_KINGPAWNSHIELD:0.5001885044802187
CE_PIECECOORDINATION:0.5261684170782431
CE_MATERIAL:0.48724896046323224
CE_KINGSAFETY:0.5
C_PIECESQUARETABLES:0.491035225529197
C_MOBILITY:0.5085064959361288
C_KINGSAFETY:0.5315006757984704
C_PAWNSTRUCTURE:0.4674319421260252
C_PIECECOORDINATION:0.5023957936531054
C_ROOK:0.47044122477929756
CE_ROOK:0.4810203659454341
C_CENTERCONTROL:0.4762578175348138
C_DEVELOPPIECES:0.5371721129870874
C_MATERIAL:0.4895847064863589
C_MOVECOUNT:0.5130309484317457
C_PAWNMOVEMENT:0.5102744529534762
