ELO:971
CE_PASSEDPAWNS:0.49998537282627664
CE_PAWNWEAKNESSES:0.4596111327178817
CE_PIECEACTIVITY:0.5128409583604915
CE_KINGPAWNSHIELD:0.5006846271677258
CE_PIECECOORDINATION:0.5026234285496076
CE_MATERIAL:0.499710846434298
CE_KINGSAFETY:0.5
C_PIECESQUARETABLES:0.5
C_MOBILITY:0.4900899847976275
C_KINGSAFETY:0.5180747021451926
C_PAWNSTRUCTURE:0.47708857137034705
C_PIECECOORDINATION:0.5238651092196642
C_ROOK:0.4385438268696086
CE_ROOK:0.4610556822817023
C_CENTERCONTROL:0.49345887108622544
C_DEVELOPPIECES:0.528163268022905
C_MATERIAL:0.4482163663892376
C_MOVECOUNT:0.4928076222270428
C_PAWNMOVEMENT:0.49087059143425005
