ELO:1000
CE_PASSEDPAWNS:0.4958477888119237
CE_PAWNWEAKNESSES:0.49979506142502583
CE_PIECEACTIVITY:0.4961016550273445
CE_KINGPAWNSHIELD:0.5093644089418773
CE_PIECECOORDINATION:0.4871546978779072
CE_MATERIAL:0.5077438906489066
CE_KINGSAFETY:0.5
C_PIECESQUARETABLES:0.5
C_MOBILITY:0.5148119073065429
C_KINGSAFETY:0.5137697960281777
C_PAWNSTRUCTURE:0.5
C_PIECECOORDINATION:0.4897546384219337
C_ROOKANDPAWNMOVEMENT:0.4897546384219337
C_CENTERCONTROL:0.48552460516717494
C_DEVELOPPIECES:0.4907701652357351
C_MATERIAL:0.5059171152479108
C_MOVECOUNT:0.4896467876283961
