ELO:1034
CE_PASSEDPAWNS:0.6240175060163992
CE_PAWNWEAKNESSES:0.4863309534023203
CE_PIECEACTIVITY:0.46020475344349954
CE_KINGPAWNSHIELD:0.45928668425398134
CE_PIECECOORDINATION:0.495075491944742
CE_MATERIAL:0.46654222595741707
CE_KINGSAFETY:0.5223259094457889
C_PIECESQUARETABLES:0.5
C_MOBILITY:0.3808559535594513
C_KINGSAFETY:0.47189735848544645
C_PAWNSTRUCTURE:0.4703559212628907
C_PIECECOORDINATION:0.4603055940120647
C_ROOKANDPAWNMOVEMENT:0.4603055940120647
C_CENTERCONTROL:0.5120729897433377
C_DEVELOPPIECES:0.5610369718634602
C_MATERIAL:0.4036556294998464
