ELO:949
CE_PASSEDPAWNS:0.5269497971011907
CE_PAWNWEAKNESSES:0.515019122781718
CE_PIECEACTIVITY:0.5125240704861647
CE_KINGPAWNSHIELD:0.5015360900313726
CE_PIECECOORDINATION:0.5329162124990272
CE_MATERIAL:0.49344186440672294
CE_KINGSAFETY:0.5064384250383276
C_PIECESQUARETABLES:0.49022600674118244
C_MOBILITY:0.49067973683016586
C_KINGSAFETY:0.539238524214573
C_PAWNSTRUCTURE:0.47185041146542145
C_PIECECOORDINATION:0.5097238736449192
C_ROOK:0.5048376988084299
CE_ROOK:0.486343046888544
C_CENTERCONTROL:0.4802966576587156
C_DEVELOPPIECES:0.516767366171442
C_MATERIAL:0.49868277920852
C_MOVECOUNT:0.5073995427520628
C_PAWNMOVEMENT:0.49239325795468947
