ELO:763
CE_PASSEDPAWNS:0.5648278967941803
CE_PAWNWEAKNESSES:0.45921597672774656
CE_PIECEACTIVITY:0.3769439399085586
CE_KINGPAWNSHIELD:0.6040219845146786
CE_PIECECOORDINATION:0.41155314510861707
CE_MATERIAL:0.5602683723634705
CE_KINGSAFETY:0.5187488404543834
C_PIECESQUARETABLES:0.45649609002848146
C_MOBILITY:0.4728245935510552
C_KINGSAFETY:0.49574560671403983
C_PAWNSTRUCTURE:0.4520454235328881
C_PIECECOORDINATION:0.43809564014314456
C_ROOKANDPAWNMOVEMENT:0.43809564014314456
C_CENTERCONTROL:0.5649597480082077
C_DEVELOPPIECES:0.5843540548843073
C_MATERIAL:0.4602136442475451
C_MOVECOUNT:0.5
