ELO:936
CE_PASSEDPAWNS:0.4780609559167834
CE_PAWNWEAKNESSES:0.5390198647167644
CE_PIECEACTIVITY:0.5066521921827464
CE_KINGPAWNSHIELD:0.4947085110078584
CE_PIECECOORDINATION:0.5108712584869751
CE_MATERIAL:0.42436398100924105
CE_KINGSAFETY:0.5444267822427977
C_PIECESQUARETABLES:0.4856524128992287
C_MOBILITY:0.48112915278561597
C_KINGSAFETY:0.40657101626984926
C_PAWNSTRUCTURE:0.5593524533079338
C_PIECECOORDINATION:0.5075891671745693
C_ROOKANDPAWNMOVEMENT:0.5075891671745693
C_CENTERCONTROL:0.5860036434074748
C_DEVELOPPIECES:0.4860283729501371
C_MATERIAL:0.5468203991062773
