ELO:1000
CE_PASSEDPAWNS:0.5036057671401
CE_PAWNWEAKNESSES:0.512502460110659
CE_PIECEACTIVITY:0.4986764862072079
CE_KINGPAWNSHIELD:0.4647769186466068
CE_PIECECOORDINATION:0.4994341998624603
CE_MATERIAL:0.49218343875822407
CE_KINGSAFETY:0.48849585348117674
C_PIECESQUARETABLES:0.48737635397062096
C_MOBILITY:0.5321459394091846
C_KINGSAFETY:0.4923020608104554
C_PAWNSTRUCTURE:0.5008036444715915
C_PIECECOORDINATION:0.4956967136828538
C_ROOKANDPAWNMOVEMENT:0.4956967136828538
C_CENTERCONTROL:0.516371459037388
C_DEVELOPPIECES:0.47360701034457214
C_MATERIAL:0.4814092329784622
