ELO:1000
CE_PASSEDPAWNS:0.49764562621780484
CE_PAWNWEAKNESSES:0.5047587930473573
CE_PIECEACTIVITY:0.5081067126452237
CE_KINGPAWNSHIELD:0.4761348739836519
CE_PIECECOORDINATION:0.47848365833570533
CE_MATERIAL:0.4922552275896617
CE_KINGSAFETY:0.497068324546901
C_PIECESQUARETABLES:0.47389566491035895
C_MOBILITY:0.5233301512067976
C_KINGSAFETY:0.47103558805550744
C_PAWNSTRUCTURE:0.5003460347428828
C_PIECECOORDINATION:0.5096388723907944
C_ROOKANDPAWNMOVEMENT:0.5096388723907944
C_CENTERCONTROL:0.5073904895394598
C_DEVELOPPIECES:0.48694281679715345
C_MATERIAL:0.5050611428872692
