ELO:997
CE_PASSEDPAWNS:0.5044847373841013
CE_PAWNWEAKNESSES:0.5484821335240444
CE_PIECEACTIVITY:0.4867998877448229
CE_KINGPAWNSHIELD:0.4513249589753316
CE_PIECECOORDINATION:0.5060808494965464
CE_MATERIAL:0.46517024788790573
CE_KINGSAFETY:0.4692602553758269
C_PIECESQUARETABLES:0.510766120878423
C_MOBILITY:0.5266793207766447
C_KINGSAFETY:0.47333945986695536
C_PAWNSTRUCTURE:0.5212430231465748
C_PIECECOORDINATION:0.5131471313179193
C_ROOKANDPAWNMOVEMENT:0.5131471313179193
C_CENTERCONTROL:0.5945282191138135
C_DEVELOPPIECES:0.4752187276874701
C_MATERIAL:0.43113044678557305
