ELO:721
CE_PASSEDPAWNS:0.549896161333266
CE_PAWNWEAKNESSES:0.4643071836109157
CE_PIECEACTIVITY:0.4400209481983296
CE_KINGPAWNSHIELD:0.47103660775904144
CE_PIECECOORDINATION:0.4549278794908165
CE_MATERIAL:0.5174346997175899
CE_KINGSAFETY:0.4220139222293944
C_PIECESQUARETABLES:0.5605703172115416
C_MOBILITY:0.4523384876649562
C_KINGSAFETY:0.4791578966622847
C_PAWNSTRUCTURE:0.48071407018134393
C_PIECECOORDINATION:0.4971374774477393
C_ROOKANDPAWNMOVEMENT:0.4971374774477393
C_CENTERCONTROL:0.5283756792464508
C_DEVELOPPIECES:0.5712059019642372
C_MATERIAL:0.5447684214620065
C_MOVECOUNT:0.5
