ELO:915
CE_PASSEDPAWNS:0.5278361254457087
CE_PAWNWEAKNESSES:0.4856551664728462
CE_PIECEACTIVITY:0.504210530323262
CE_KINGPAWNSHIELD:0.5174946985703105
CE_PIECECOORDINATION:0.4753599140127708
CE_MATERIAL:0.49982221946716204
CE_KINGSAFETY:0.49433642097567826
C_PIECESQUARETABLES:0.530505423415972
C_MOBILITY:0.48404143683223233
C_KINGSAFETY:0.4660103612163557
C_PAWNSTRUCTURE:0.45434649949205524
C_PIECECOORDINATION:0.5135704695616754
C_ROOKANDPAWNMOVEMENT:0.5135704695616754
C_CENTERCONTROL:0.5157635574956464
C_DEVELOPPIECES:0.5131741113416582
C_MATERIAL:0.5150679129312933
C_MOVECOUNT:0.5
