ELO:938
CE_PASSEDPAWNS:0.47432860635890556
CE_PAWNWEAKNESSES:0.4753048459079241
CE_PIECEACTIVITY:0.4643125239935775
CE_KINGPAWNSHIELD:0.5178761614637719
CE_PIECECOORDINATION:0.487162548471665
CE_MATERIAL:0.45404211297414665
CE_KINGSAFETY:0.4929186599612328
C_PIECESQUARETABLES:0.5124640790357073
C_MOBILITY:0.5226942583191699
C_KINGSAFETY:0.4851764598209058
C_PAWNSTRUCTURE:0.44054527488014567
C_PIECECOORDINATION:0.47685990156734265
C_ROOK:0.4943449129985971
CE_ROOK:0.5135688472787137
C_CENTERCONTROL:0.5163117018610811
C_DEVELOPPIECES:0.48426634262873275
C_MATERIAL:0.517837752952848
C_MOVECOUNT:0.5047116658693813
C_PAWNMOVEMENT:0.505684657359376
