ELO:942
CE_PASSEDPAWNS:0.4992210530395565
CE_PAWNWEAKNESSES:0.5397183217064454
CE_PIECEACTIVITY:0.508530787348219
CE_KINGPAWNSHIELD:0.4910252734735458
CE_PIECECOORDINATION:0.5002137543997295
CE_MATERIAL:0.42949497851330715
CE_KINGSAFETY:0.5247980066901349
C_PIECESQUARETABLES:0.49194477662485264
C_MOBILITY:0.47532017203886595
C_KINGSAFETY:0.4221286976438445
C_PAWNSTRUCTURE:0.5586560387305777
C_PIECECOORDINATION:0.5059849226861378
C_ROOKANDPAWNMOVEMENT:0.5059849226861378
C_CENTERCONTROL:0.5882892552450089
C_DEVELOPPIECES:0.49322891441834754
C_MATERIAL:0.5424959307724413
