ELO:1000
CE_PASSEDPAWNS:0.5111099950948028
CE_PAWNWEAKNESSES:0.49999018173301396
CE_PIECEACTIVITY:0.510416098720017
CE_KINGPAWNSHIELD:0.5030334235360857
CE_PIECECOORDINATION:0.5109044606251747
CE_MATERIAL:0.5133427606264915
CE_KINGSAFETY:0.4959557733432811
C_PIECESQUARETABLES:0.49533297443946367
C_MOBILITY:0.506279187317422
C_KINGSAFETY:0.5212710793426616
C_PAWNSTRUCTURE:0.5
C_PIECECOORDINATION:0.5010262528949417
C_ROOK:0.4920216082077886
CE_ROOK:0.4924725137687835
C_CENTERCONTROL:0.48964494938357644
C_DEVELOPPIECES:0.5090007129983144
C_MATERIAL:0.49888449046490196
C_MOVECOUNT:0.5
C_PAWNMOVEMENT:0.5
