ELO:955
CE_PASSEDPAWNS:0.5030862062208868
CE_PAWNWEAKNESSES:0.5088746682072424
CE_PIECEACTIVITY:0.4961015340308498
CE_KINGPAWNSHIELD:0.4973053726865743
CE_PIECECOORDINATION:0.500674893114705
CE_MATERIAL:0.494802032083903
CE_KINGSAFETY:0.5
C_PIECESQUARETABLES:0.5
C_MOBILITY:0.5008238696474077
C_KINGSAFETY:0.4943147151589058
C_PAWNSTRUCTURE:0.49130957831411454
C_PIECECOORDINATION:0.5077302413110053
C_ROOKANDPAWNMOVEMENT:0.5077302413110053
C_CENTERCONTROL:0.518247512626419
C_DEVELOPPIECES:0.5357900557706016
C_MATERIAL:0.49830160068975055
C_MOVECOUNT:0.5
