ELO:884
CE_PASSEDPAWNS:0.4586059848253229
CE_PAWNWEAKNESSES:0.4719117174682124
CE_PIECEACTIVITY:0.5586022071481233
CE_KINGPAWNSHIELD:0.4530599304840289
CE_PIECECOORDINATION:0.523139187744475
CE_MATERIAL:0.5096572379833072
CE_KINGSAFETY:0.5084773153162602
C_PIECESQUARETABLES:0.5058670460754197
C_MOBILITY:0.5068234059590304
C_KINGSAFETY:0.48299363673312534
C_PAWNSTRUCTURE:0.4581665773559803
C_PIECECOORDINATION:0.5311322189978879
C_ROOKANDPAWNMOVEMENT:0.5311322189978879
C_CENTERCONTROL:0.47919517080848734
C_DEVELOPPIECES:0.5254775514360656
C_MATERIAL:0.5031145581551166
C_MOVECOUNT:0.45220520273249326
