ELO:947
CE_PASSEDPAWNS:0.5146280861070072
CE_PAWNWEAKNESSES:0.505068297241656
CE_PIECEACTIVITY:0.5177198432880209
CE_KINGPAWNSHIELD:0.49029964501775225
CE_PIECECOORDINATION:0.5329162124990272
CE_MATERIAL:0.49344186440672294
CE_KINGSAFETY:0.48915729765279536
C_PIECESQUARETABLES:0.5
C_MOBILITY:0.48414249729153824
C_KINGSAFETY:0.539238524214573
C_PAWNSTRUCTURE:0.4664219395680539
C_PIECECOORDINATION:0.5097238736449192
C_ROOK:0.5048376988084299
CE_ROOK:0.48682131082899316
C_CENTERCONTROL:0.4736512337877099
C_DEVELOPPIECES:0.5390277171889587
C_MATERIAL:0.4878944513200349
C_MOVECOUNT:0.5033335474204217
C_PAWNMOVEMENT:0.5075005278815352
