ELO:745
CE_PASSEDPAWNS:0.5493986518109327
CE_PAWNWEAKNESSES:0.46701889340567393
CE_PIECEACTIVITY:0.39413846986200796
CE_KINGPAWNSHIELD:0.5928293002662939
CE_PIECECOORDINATION:0.40989331633516723
CE_MATERIAL:0.5441512599401056
CE_KINGSAFETY:0.5004653176056024
C_PIECESQUARETABLES:0.4700413784602767
C_MOBILITY:0.49090855666232686
C_KINGSAFETY:0.4989450612918156
C_PAWNSTRUCTURE:0.4594391223470249
C_PIECECOORDINATION:0.46047187847295706
C_ROOKANDPAWNMOVEMENT:0.46047187847295706
C_CENTERCONTROL:0.5585103866437312
C_DEVELOPPIECES:0.5649731364196479
C_MATERIAL:0.4654441116587058
C_MOVECOUNT:0.5
