ELO:917
CE_PASSEDPAWNS:0.5161189621838893
CE_PAWNWEAKNESSES:0.5095439612339766
CE_PIECEACTIVITY:0.49959848690773473
CE_KINGPAWNSHIELD:0.4910088301902224
CE_PIECECOORDINATION:0.5505333987796631
CE_MATERIAL:0.5048021314686321
CE_KINGSAFETY:0.49675728752431747
C_PIECESQUARETABLES:0.5
C_MOBILITY:0.5142810805386956
C_KINGSAFETY:0.5135800235614071
C_PAWNSTRUCTURE:0.4628771824701479
C_PIECECOORDINATION:0.5168416236950096
C_ROOK:0.5021852799647503
CE_ROOK:0.4796183077746773
C_CENTERCONTROL:0.49161952297571143
C_DEVELOPPIECES:0.5097497987098696
C_MATERIAL:0.49030784624010243
C_MOVECOUNT:0.49572474693672014
C_PAWNMOVEMENT:0.49060345484524387
