ELO:1007
CE_PASSEDPAWNS:0.5
CE_PAWNWEAKNESSES:0.49974217584860653
CE_PIECEACTIVITY:0.5077571504663713
CE_KINGPAWNSHIELD:0.5
CE_PIECECOORDINATION:0.516868171244941
CE_MATERIAL:0.5012329682805502
CE_KINGSAFETY:0.5127367530698831
C_PIECESQUARETABLES:0.5099286199439235
C_MOBILITY:0.5
C_KINGSAFETY:0.5
C_PAWNSTRUCTURE:0.49560429147999835
C_PIECECOORDINATION:0.48175399708933864
C_ROOKANDPAWNMOVEMENT:0.48175399708933864
C_CENTERCONTROL:0.5027311840761236
C_DEVELOPPIECES:0.49458334171820456
C_MATERIAL:0.49746549939329887
C_MOVECOUNT:0.5117203120791638
