ELO:998
CE_PASSEDPAWNS:0.49878362554781513
CE_PAWNWEAKNESSES:0.48884613475962285
CE_PIECEACTIVITY:0.5018788924182542
CE_KINGPAWNSHIELD:0.5
CE_PIECECOORDINATION:0.5
CE_MATERIAL:0.5
CE_KINGSAFETY:0.5
C_PIECESQUARETABLES:0.4960127415694276
C_MOBILITY:0.5069581184056461
C_KINGSAFETY:0.5079238291376245
C_PAWNSTRUCTURE:0.5009512824346444
C_PIECECOORDINATION:0.5024166838453433
C_ROOK:0.5
CE_ROOK:0.49447377832444683
C_CENTERCONTROL:0.5132358575936868
C_DEVELOPPIECES:0.4930519567490844
C_MATERIAL:0.4955149556176119
C_MOVECOUNT:0.4894336306702757
C_PAWNMOVEMENT:0.4888358593367866
