ELO:1006
CE_PASSEDPAWNS:0.5010819185591978
CE_PAWNWEAKNESSES:0.5097625073802614
CE_PIECEACTIVITY:0.49715389029290796
CE_KINGPAWNSHIELD:0.5
CE_PIECECOORDINATION:0.5121423329428176
CE_MATERIAL:0.48901360718844716
CE_KINGSAFETY:0.4903188100796107
C_PIECESQUARETABLES:0.5113459439850323
C_MOBILITY:0.49978847561275147
C_KINGSAFETY:0.5051087217649431
C_PAWNSTRUCTURE:0.5127255049477163
C_PIECECOORDINATION:0.5060900856638221
C_ROOKANDPAWNMOVEMENT:0.5060900856638221
C_CENTERCONTROL:0.5114614432823443
C_DEVELOPPIECES:0.5117808331632786
C_MATERIAL:0.4983135889561116
