ELO:987
CE_PASSEDPAWNS:0.5044847373841013
CE_PAWNWEAKNESSES:0.5215051808188432
CE_PIECEACTIVITY:0.4794298941699666
CE_KINGPAWNSHIELD:0.43983787385076695
CE_PIECECOORDINATION:0.501977398879003
CE_MATERIAL:0.4943959860468615
CE_KINGSAFETY:0.4563927632569985
C_PIECESQUARETABLES:0.5114706866239148
C_MOBILITY:0.5004452728542441
C_KINGSAFETY:0.488378224095463
C_PAWNSTRUCTURE:0.5196890509202033
C_PIECECOORDINATION:0.5131471313179193
C_ROOKANDPAWNMOVEMENT:0.5131471313179193
C_CENTERCONTROL:0.6014002802578761
C_DEVELOPPIECES:0.4655192175794594
C_MATERIAL:0.42216138782377743
