ELO:976
CE_PASSEDPAWNS:0.5022550090769909
CE_PAWNWEAKNESSES:0.5446777856244938
CE_PIECEACTIVITY:0.5011326240841576
CE_KINGPAWNSHIELD:0.49419874606025244
CE_PIECECOORDINATION:0.4786273013671813
CE_MATERIAL:0.45885247761299836
CE_KINGSAFETY:0.5068871991927997
C_PIECESQUARETABLES:0.5
C_MOBILITY:0.4706355857393806
C_KINGSAFETY:0.4233844936081029
C_PAWNSTRUCTURE:0.5415138207927706
C_PIECECOORDINATION:0.5021448862025009
C_ROOKANDPAWNMOVEMENT:0.5021448862025009
C_CENTERCONTROL:0.5785410579976337
C_DEVELOPPIECES:0.5097355650653684
C_MATERIAL:0.4991790789171737
