ELO:812
CE_PASSEDPAWNS:0.5233776820785244
CE_PAWNWEAKNESSES:0.507989732872895
CE_PIECEACTIVITY:0.5017810060014795
CE_KINGPAWNSHIELD:0.4755939298515694
CE_PIECECOORDINATION:0.5582345830005334
CE_MATERIAL:0.5476511476822014
CE_KINGSAFETY:0.4990663750018481
C_PIECESQUARETABLES:0.5011704227806008
C_MOBILITY:0.501372842182083
C_KINGSAFETY:0.4672758531809206
C_PAWNSTRUCTURE:0.5123326849166016
C_PIECECOORDINATION:0.48949136542620686
C_ROOKANDPAWNMOVEMENT:0.48949136542620686
C_CENTERCONTROL:0.5757973594001085
C_DEVELOPPIECES:0.3982159912196602
C_MATERIAL:0.4194087992281447
