ELO:1017
CE_PASSEDPAWNS:0.5
CE_PAWNWEAKNESSES:0.49983711524572116
CE_PIECEACTIVITY:0.5071732892736405
CE_KINGPAWNSHIELD:0.5078890619213068
CE_PIECECOORDINATION:0.4967721459606035
CE_MATERIAL:0.5178058166841294
CE_KINGSAFETY:0.5
C_PIECESQUARETABLES:0.5
C_MOBILITY:0.5
C_KINGSAFETY:0.5095251662542821
C_PAWNSTRUCTURE:0.5040008209303578
C_PIECECOORDINATION:0.5
C_ROOKANDPAWNMOVEMENT:0.5
C_CENTERCONTROL:0.5083567930114963
C_DEVELOPPIECES:0.5119059568637833
C_MATERIAL:0.4914595253769186
C_MOVECOUNT:0.5181731150259001
