ELO:910
CE_PASSEDPAWNS:0.5384631575293704
CE_PAWNWEAKNESSES:0.5060807081902062
CE_PIECEACTIVITY:0.49381258394985794
CE_KINGPAWNSHIELD:0.49994141757621174
CE_PIECECOORDINATION:0.44733180393152977
CE_MATERIAL:0.5219363906596255
CE_KINGSAFETY:0.5050862061080937
C_PIECESQUARETABLES:0.47864721230813656
C_MOBILITY:0.46475056972970075
C_KINGSAFETY:0.5335932189080634
C_PAWNSTRUCTURE:0.4985755976520781
C_PIECECOORDINATION:0.49503538982360934
C_ROOKANDPAWNMOVEMENT:0.49503538982360934
C_CENTERCONTROL:0.5131673003898922
C_DEVELOPPIECES:0.48940983899122437
C_MATERIAL:0.5042219807118525
