ELO:705
CE_PASSEDPAWNS:0.5391456703124601
CE_PAWNWEAKNESSES:0.474354170225483
CE_PIECEACTIVITY:0.48533891391466805
CE_KINGPAWNSHIELD:0.45903948582096216
CE_PIECECOORDINATION:0.45241653284168826
CE_MATERIAL:0.5469750425126614
CE_KINGSAFETY:0.43943678842191614
C_PIECESQUARETABLES:0.5556495211978758
C_MOBILITY:0.46871858404018313
C_KINGSAFETY:0.47909416003386435
C_PAWNSTRUCTURE:0.4566215393215602
C_PIECECOORDINATION:0.5149060688495131
C_ROOKANDPAWNMOVEMENT:0.5149060688495131
C_CENTERCONTROL:0.5632327438357414
C_DEVELOPPIECES:0.5666092888976817
C_MATERIAL:0.5432085975747201
C_MOVECOUNT:0.5
