ELO:929
CE_PASSEDPAWNS:0.5186152554218256
CE_PAWNWEAKNESSES:0.5147649537031831
CE_PIECEACTIVITY:0.5247464480073488
CE_KINGPAWNSHIELD:0.5001885044802187
CE_PIECECOORDINATION:0.5372500799364708
CE_MATERIAL:0.49693377224080876
CE_KINGSAFETY:0.5
C_PIECESQUARETABLES:0.5
C_MOBILITY:0.5085064959361288
C_KINGSAFETY:0.5315549465952023
C_PAWNSTRUCTURE:0.4786766721012856
C_PIECECOORDINATION:0.505698892741411
C_ROOK:0.4774449412435206
CE_ROOK:0.49218014670395527
C_CENTERCONTROL:0.47344454686242143
C_DEVELOPPIECES:0.5251078223649326
C_MATERIAL:0.4895847064863589
C_MOVECOUNT:0.5130309484317457
C_PAWNMOVEMENT:0.5163350260786878
