ELO:992
CE_PASSEDPAWNS:0.5189523490490227
CE_PAWNWEAKNESSES:0.5313581505900403
CE_PIECEACTIVITY:0.5260369889904121
CE_KINGPAWNSHIELD:0.5066745116133476
CE_PIECECOORDINATION:0.5021173788530704
CE_MATERIAL:0.4327919338209804
CE_KINGSAFETY:0.5
C_PIECESQUARETABLES:0.4928951621734108
C_MOBILITY:0.46610429387702473
C_KINGSAFETY:0.4907342334214562
C_PAWNSTRUCTURE:0.5416346448910131
C_PIECECOORDINATION:0.4615000130757992
C_ROOKANDPAWNMOVEMENT:0.4615000130757992
C_CENTERCONTROL:0.5734644347032343
C_DEVELOPPIECES:0.5413665671106046
C_MATERIAL:0.5210730044818566
