ELO:1000
CE_PASSEDPAWNS:0.49780932473928
CE_PAWNWEAKNESSES:0.4893621246632198
CE_PIECEACTIVITY:0.49020530993346434
CE_KINGPAWNSHIELD:0.4941647011783775
CE_PIECECOORDINATION:0.48103033781943877
CE_MATERIAL:0.5014344135170432
CE_KINGSAFETY:0.48710637588201067
C_PIECESQUARETABLES:0.5
C_MOBILITY:0.49427828012456404
C_KINGSAFETY:0.4899459569744261
C_PAWNSTRUCTURE:0.5033945990163241
C_PIECECOORDINATION:0.512480219706959
C_ROOKANDPAWNMOVEMENT:0.512480219706959
C_CENTERCONTROL:0.4977524585414152
C_DEVELOPPIECES:0.47825445343065914
C_MATERIAL:0.4969292898012901
