ELO:949
CE_PASSEDPAWNS:0.5181706767849482
CE_PAWNWEAKNESSES:0.4890209495055366
CE_PIECEACTIVITY:0.5282333255165558
CE_KINGPAWNSHIELD:0.4739991590769619
CE_PIECECOORDINATION:0.4989329205116472
CE_MATERIAL:0.5122315258349454
CE_KINGSAFETY:0.5139850279174363
C_PIECESQUARETABLES:0.4888192581993296
C_MOBILITY:0.5108916614513793
C_KINGSAFETY:0.4839330584512592
C_PAWNSTRUCTURE:0.5872361971952048
C_PIECECOORDINATION:0.4629695601549589
C_ROOKANDPAWNMOVEMENT:0.4629695601549589
C_CENTERCONTROL:0.6007102320509066
C_DEVELOPPIECES:0.47430546660147027
C_MATERIAL:0.43721993311221874
