ELO:949
CE_PASSEDPAWNS:0.4942797715843477
CE_PAWNWEAKNESSES:0.5397183217064454
CE_PIECEACTIVITY:0.512373453649678
CE_KINGPAWNSHIELD:0.4902421371170146
CE_PIECECOORDINATION:0.4932842565910678
CE_MATERIAL:0.4334107521142752
CE_KINGSAFETY:0.5247980066901349
C_PIECESQUARETABLES:0.49443275018408794
C_MOBILITY:0.48551015508590517
C_KINGSAFETY:0.4276560864029291
C_PAWNSTRUCTURE:0.5332916466131797
C_PIECECOORDINATION:0.5068292214975527
C_ROOKANDPAWNMOVEMENT:0.5068292214975527
C_CENTERCONTROL:0.5916782748034481
C_DEVELOPPIECES:0.49053804510078614
C_MATERIAL:0.5408795054339058
