ELO:991
CE_PASSEDPAWNS:0.5114973824019342
CE_PAWNWEAKNESSES:0.5
CE_PIECEACTIVITY:0.5
CE_KINGPAWNSHIELD:0.4928609641696379
CE_PIECECOORDINATION:0.5074168083615057
CE_MATERIAL:0.5
CE_KINGSAFETY:0.5042983558845153
C_PIECESQUARETABLES:0.5004390507078943
C_MOBILITY:0.5
C_KINGSAFETY:0.49201969272991114
C_PAWNSTRUCTURE:0.48791795065067795
C_PIECECOORDINATION:0.501127860743535
C_ROOKANDPAWNMOVEMENT:0.501127860743535
C_CENTERCONTROL:0.498577234634274
C_DEVELOPPIECES:0.4947516096055196
C_MATERIAL:0.48413610632280385
C_MOVECOUNT:0.49531904438409974
