ELO:941
CE_PASSEDPAWNS:0.517640708649097
CE_PAWNWEAKNESSES:0.47657483561765
CE_PIECEACTIVITY:0.5385372540392542
CE_KINGPAWNSHIELD:0.4735303082453127
CE_PIECECOORDINATION:0.5009525102706208
CE_MATERIAL:0.547025107104914
CE_KINGSAFETY:0.4908585371707965
C_PIECESQUARETABLES:0.48012720078331245
C_MOBILITY:0.5310286233869373
C_KINGSAFETY:0.44897307002949266
C_PAWNSTRUCTURE:0.5827027661427592
C_PIECECOORDINATION:0.48080371970460756
C_ROOKANDPAWNMOVEMENT:0.48080371970460756
C_CENTERCONTROL:0.6355471221793424
C_DEVELOPPIECES:0.4515757246525169
C_MATERIAL:0.42528561182359625
