ELO:1000
CE_PASSEDPAWNS:0.5111099950948028
CE_PAWNWEAKNESSES:0.49999018173301396
CE_PIECEACTIVITY:0.510416098720017
CE_KINGPAWNSHIELD:0.5030334235360857
CE_PIECECOORDINATION:0.5136983057609797
CE_MATERIAL:0.5133427606264915
CE_KINGSAFETY:0.5
C_PIECESQUARETABLES:0.48921399485378786
C_MOBILITY:0.5119517166791211
C_KINGSAFETY:0.5212710793426616
C_PAWNSTRUCTURE:0.48858695570683175
C_PIECECOORDINATION:0.5010262528949417
C_ROOK:0.4920216082077886
CE_ROOK:0.4924725137687835
C_CENTERCONTROL:0.48964494938357644
C_DEVELOPPIECES:0.5097497987098696
C_MATERIAL:0.4874427860345265
C_MOVECOUNT:0.5
C_PAWNMOVEMENT:0.5
