ELO:731
CE_PASSEDPAWNS:0.6176301211089638
CE_PAWNWEAKNESSES:0.49404509806052593
CE_PIECEACTIVITY:0.35174330605246706
CE_KINGPAWNSHIELD:0.5839773869558934
CE_PIECECOORDINATION:0.41544754607794354
CE_MATERIAL:0.5544040920162362
CE_KINGSAFETY:0.5017646547826131
C_PIECESQUARETABLES:0.43400672480715724
C_MOBILITY:0.4476697517372582
C_KINGSAFETY:0.48330698932062877
C_PAWNSTRUCTURE:0.49444676828882445
C_PIECECOORDINATION:0.4286063457627345
C_ROOKANDPAWNMOVEMENT:0.4286063457627345
C_CENTERCONTROL:0.5929861663054643
C_DEVELOPPIECES:0.6077442376529313
C_MATERIAL:0.4712064983762259
C_MOVECOUNT:0.5
