ELO:869
CE_PASSEDPAWNS:0.5099601736554159
CE_PAWNWEAKNESSES:0.5555721310786448
CE_PIECEACTIVITY:0.521596185902344
CE_KINGPAWNSHIELD:0.4942354770029116
CE_PIECECOORDINATION:0.5329959370726478
CE_MATERIAL:0.5177948295120074
CE_KINGSAFETY:0.5108581399196891
C_PIECESQUARETABLES:0.46616372631839215
C_MOBILITY:0.5374485787613166
C_KINGSAFETY:0.4616669479318543
C_PAWNSTRUCTURE:0.5466029767002482
C_PIECECOORDINATION:0.4857380217216221
C_ROOKANDPAWNMOVEMENT:0.4857380217216221
C_CENTERCONTROL:0.6042926835588368
C_DEVELOPPIECES:0.42571747626107004
C_MATERIAL:0.4093565510655357
