ELO:946
CE_PASSEDPAWNS:0.526175809126431
CE_PAWNWEAKNESSES:0.5073845196766739
CE_PIECEACTIVITY:0.5179180722923838
CE_KINGPAWNSHIELD:0.5001885044802187
CE_PIECECOORDINATION:0.5329162124990272
CE_MATERIAL:0.49693377224080876
CE_KINGSAFETY:0.48720808656800807
C_PIECESQUARETABLES:0.5123186164067981
C_MOBILITY:0.49650859122807794
C_KINGSAFETY:0.5443922726425808
C_PAWNSTRUCTURE:0.4664219395680539
C_PIECECOORDINATION:0.5051446466757843
C_ROOK:0.5009399155593741
CE_ROOK:0.4911204782255741
C_CENTERCONTROL:0.47344454686242143
C_DEVELOPPIECES:0.527505958970708
C_MATERIAL:0.49556906719809507
C_MOVECOUNT:0.5143655710055863
C_PAWNMOVEMENT:0.5075005278815352
