ELO:1000
CE_PASSEDPAWNS:0.46221527035756144
CE_PAWNWEAKNESSES:0.5296921197177547
CE_PIECEACTIVITY:0.481849353143901
CE_KINGPAWNSHIELD:0.46284149645994366
CE_PIECECOORDINATION:0.5103915504684797
CE_MATERIAL:0.4647922523982961
CE_KINGSAFETY:0.4973124789257827
C_PIECESQUARETABLES:0.5376859079344112
C_MOBILITY:0.5251749925912916
C_KINGSAFETY:0.5065818452579232
C_PAWNSTRUCTURE:0.5412320547488462
C_PIECECOORDINATION:0.5270720877086975
C_ROOKANDPAWNMOVEMENT:0.5270720877086975
C_CENTERCONTROL:0.5429325440813246
C_DEVELOPPIECES:0.5037827691720658
C_MATERIAL:0.470957092775327
