ELO:1000
CE_PASSEDPAWNS:0.5084419613058966
CE_PAWNWEAKNESSES:0.5032306565667575
CE_PIECEACTIVITY:0.5276114330736889
CE_KINGPAWNSHIELD:0.5361594348612448
CE_PIECECOORDINATION:0.4873328396598177
CE_MATERIAL:0.47655273709824
CE_KINGSAFETY:0.4935394614431866
C_PIECESQUARETABLES:0.5684863166301112
C_MOBILITY:0.4548851821969141
C_KINGSAFETY:0.4963549367330974
C_PAWNSTRUCTURE:0.5138503000298383
C_PIECECOORDINATION:0.48091718323242405
C_ROOKANDPAWNMOVEMENT:0.48091718323242405
C_CENTERCONTROL:0.5381614928361032
C_DEVELOPPIECES:0.5419170302741397
C_MATERIAL:0.49573556016912307
