ELO:971
CE_PASSEDPAWNS:0.5184898960295306
CE_PAWNWEAKNESSES:0.5003231641110845
CE_PIECEACTIVITY:0.510416098720017
CE_KINGPAWNSHIELD:0.4986525039302749
CE_PIECECOORDINATION:0.5322178469153469
CE_MATERIAL:0.5164957281331803
CE_KINGSAFETY:0.5052285475440575
C_PIECESQUARETABLES:0.5
C_MOBILITY:0.5087608468226158
C_KINGSAFETY:0.5084016475498374
C_PAWNSTRUCTURE:0.47127362860853866
C_PIECECOORDINATION:0.5271010802680224
C_ROOK:0.5034113448527018
CE_ROOK:0.4923331434272924
C_CENTERCONTROL:0.48964494938357644
C_DEVELOPPIECES:0.5097497987098696
C_MATERIAL:0.5004710419003241
C_MOVECOUNT:0.5050956889207577
C_PAWNMOVEMENT:0.4919631431635457
