ELO:969
CE_PASSEDPAWNS:0.47266522744021566
CE_PAWNWEAKNESSES:0.47945147121280124
CE_PIECEACTIVITY:0.49156873298668247
CE_KINGPAWNSHIELD:0.4161628440767987
CE_PIECECOORDINATION:0.5182948571389451
CE_MATERIAL:0.5315067390825285
CE_KINGSAFETY:0.5
C_PIECESQUARETABLES:0.5153797626856423
C_MOBILITY:0.5
C_KINGSAFETY:0.5483407941601589
C_PAWNSTRUCTURE:0.4996608628698434
C_PIECECOORDINATION:0.4891908165149316
C_ROOKANDPAWNMOVEMENT:0.4891908165149316
C_CENTERCONTROL:0.48169192107556275
C_DEVELOPPIECES:0.5053663488913729
C_MATERIAL:0.5192448992663594
C_MOVECOUNT:0.4902304920930562
