ELO:957
CE_PASSEDPAWNS:0.5141303819916933
CE_PAWNWEAKNESSES:0.467659761686273
CE_PIECEACTIVITY:0.5222336988436715
CE_KINGPAWNSHIELD:0.4569891153612684
CE_PIECECOORDINATION:0.5109575486904289
CE_MATERIAL:0.5192055230210407
CE_KINGSAFETY:0.49047177987528195
C_PIECESQUARETABLES:0.48237137041276795
C_MOBILITY:0.5178138960113837
C_KINGSAFETY:0.4945789296020145
C_PAWNSTRUCTURE:0.594257375153107
C_PIECECOORDINATION:0.5030432874679911
C_ROOKANDPAWNMOVEMENT:0.5030432874679911
C_CENTERCONTROL:0.6174283607125388
C_DEVELOPPIECES:0.4679751937199254
C_MATERIAL:0.44046490649030495
