ELO:1000
CE_PASSEDPAWNS:0.49536663483832566
CE_PAWNWEAKNESSES:0.538044660512933
CE_PIECEACTIVITY:0.4928405192527185
CE_KINGPAWNSHIELD:0.47483688899594323
CE_PIECECOORDINATION:0.5226143921321094
CE_MATERIAL:0.45539153741064514
CE_KINGSAFETY:0.47916538537032743
C_PIECESQUARETABLES:0.5341980484895185
C_MOBILITY:0.5265712476497426
C_KINGSAFETY:0.47002825118411934
C_PAWNSTRUCTURE:0.4959396388394414
C_PIECECOORDINATION:0.541711777501107
C_ROOKANDPAWNMOVEMENT:0.541711777501107
C_CENTERCONTROL:0.5666487016637323
C_DEVELOPPIECES:0.4669468865510271
C_MATERIAL:0.431646269729245
