ELO:1074
CE_PASSEDPAWNS:0.6102652333731887
CE_PAWNWEAKNESSES:0.4973531925250019
CE_PIECEACTIVITY:0.45710536826510734
CE_KINGPAWNSHIELD:0.4834197742095817
CE_PIECECOORDINATION:0.4911122125929155
CE_MATERIAL:0.4649791215918994
CE_KINGSAFETY:0.500040325488337
C_PIECESQUARETABLES:0.4945943229539867
C_MOBILITY:0.4121286160494486
C_KINGSAFETY:0.4859565531740261
C_PAWNSTRUCTURE:0.41666243272637893
C_PIECECOORDINATION:0.46186698762671513
C_ROOKANDPAWNMOVEMENT:0.46186698762671513
C_CENTERCONTROL:0.5205014091351015
C_DEVELOPPIECES:0.5701962652012992
C_MATERIAL:0.41939514875299
