ELO:1030
CE_PASSEDPAWNS:0.6185885793041985
CE_PAWNWEAKNESSES:0.4987877314437541
CE_PIECEACTIVITY:0.4695166416340723
CE_KINGPAWNSHIELD:0.47127158772707
CE_PIECECOORDINATION:0.4916326742532346
CE_MATERIAL:0.4700777577373024
CE_KINGSAFETY:0.492625148565221
C_PIECESQUARETABLES:0.46937647128967963
C_MOBILITY:0.3808559535594513
C_KINGSAFETY:0.47189735848544645
C_PAWNSTRUCTURE:0.4617476189791385
C_PIECECOORDINATION:0.4603055940120647
C_ROOKANDPAWNMOVEMENT:0.4603055940120647
C_CENTERCONTROL:0.5134886070346635
C_DEVELOPPIECES:0.5688975129126363
C_MATERIAL:0.41821968421261385
