ELO:683
CE_PASSEDPAWNS:0.40511834698528737
CE_PAWNWEAKNESSES:0.49020396703387137
CE_PIECEACTIVITY:0.5196789818648051
CE_KINGPAWNSHIELD:0.5413624809718114
CE_PIECECOORDINATION:0.581480149986848
CE_MATERIAL:0.47232636921494114
CE_KINGSAFETY:0.49586959183732604
C_PIECESQUARETABLES:0.4889432813107352
C_MOBILITY:0.566326610365048
C_KINGSAFETY:0.4897232111214996
C_PAWNSTRUCTURE:0.5629420072398641
C_PIECECOORDINATION:0.5631753209018676
C_ROOKANDPAWNMOVEMENT:0.5631753209018676
C_CENTERCONTROL:0.5753575856309658
C_DEVELOPPIECES:0.5337104370958804
C_MATERIAL:0.5434146163252669
C_MOVECOUNT:0.5
