ELO:868
CE_PASSEDPAWNS:0.5998845471153549
CE_PAWNWEAKNESSES:0.4701498443093376
CE_PIECEACTIVITY:0.5339071370430268
CE_KINGPAWNSHIELD:0.43204532464202144
CE_PIECECOORDINATION:0.433911383156902
CE_MATERIAL:0.3897341466356558
CE_KINGSAFETY:0.4805217819882808
C_PIECESQUARETABLES:0.43496983998200217
C_MOBILITY:0.5394390384766238
C_KINGSAFETY:0.5393883148220774
C_PAWNSTRUCTURE:0.4635676665859309
C_PIECECOORDINATION:0.5631648117558817
C_ROOKANDPAWNMOVEMENT:0.5631648117558817
C_CENTERCONTROL:0.5438116962730051
C_DEVELOPPIECES:0.5908984759257002
C_MATERIAL:0.5393954297846806
