ELO:999
CE_PASSEDPAWNS:0.4995622723647602
CE_PAWNWEAKNESSES:0.48731520735228895
CE_PIECEACTIVITY:0.5188775056809747
CE_KINGPAWNSHIELD:0.5143860198347623
CE_PIECECOORDINATION:0.5032474776571032
CE_MATERIAL:0.513699824784373
CE_KINGSAFETY:0.5
C_PIECESQUARETABLES:0.5104536898355813
C_MOBILITY:0.5
C_KINGSAFETY:0.49299741512001133
C_PAWNSTRUCTURE:0.497651919091296
C_PIECECOORDINATION:0.4987892495348505
C_ROOKANDPAWNMOVEMENT:0.4987892495348505
C_CENTERCONTROL:0.49939162355328515
C_DEVELOPPIECES:0.48716125274861133
C_MATERIAL:0.48949229551773044
C_MOVECOUNT:0.5
