ELO:953
CE_PASSEDPAWNS:0.48860536205040517
CE_PAWNWEAKNESSES:0.4689343493446623
CE_PIECEACTIVITY:0.4961002945817245
CE_KINGPAWNSHIELD:0.4469431648960511
CE_PIECECOORDINATION:0.46993481784243507
CE_MATERIAL:0.4861075073504985
CE_KINGSAFETY:0.5314440282457188
C_PIECESQUARETABLES:0.4945564846077026
C_MOBILITY:0.5246545817468262
C_KINGSAFETY:0.4934272738090193
C_PAWNSTRUCTURE:0.5395041597981638
C_PIECECOORDINATION:0.44691399401412785
C_ROOKANDPAWNMOVEMENT:0.44691399401412785
C_CENTERCONTROL:0.47491925311929434
C_DEVELOPPIECES:0.5165311258863055
C_MATERIAL:0.47438441414745974
C_MOVECOUNT:0.6012706807782138
