ELO:971
CE_PASSEDPAWNS:0.5182986710331496
CE_PAWNWEAKNESSES:0.491656278679827
CE_PIECEACTIVITY:0.509616849979681
CE_KINGPAWNSHIELD:0.5083210164915983
CE_PIECECOORDINATION:0.4908629780493631
CE_MATERIAL:0.501670637410208
CE_KINGSAFETY:0.5197621350114888
C_PIECESQUARETABLES:0.506295333720202
C_MOBILITY:0.5
C_KINGSAFETY:0.48186593694549057
C_PAWNSTRUCTURE:0.4961704921176714
C_PIECECOORDINATION:0.5016613403499085
C_ROOKANDPAWNMOVEMENT:0.5016613403499085
C_CENTERCONTROL:0.5038429400931053
C_DEVELOPPIECES:0.48833669721660716
C_MATERIAL:0.511760187255852
