ELO:935
CE_PASSEDPAWNS:0.494040947936913
CE_PAWNWEAKNESSES:0.5409186480640468
CE_PIECEACTIVITY:0.5345973442142603
CE_KINGPAWNSHIELD:0.538670809869148
CE_PIECECOORDINATION:0.482398180991435
CE_MATERIAL:0.5335604399360422
CE_KINGSAFETY:0.5171524609429893
C_PIECESQUARETABLES:0.5162937001032282
C_MOBILITY:0.5431074074206749
C_KINGSAFETY:0.5372642117041339
C_PAWNSTRUCTURE:0.4918268437612272
C_PIECECOORDINATION:0.5136322416631127
C_ROOKANDPAWNMOVEMENT:0.5136322416631127
C_CENTERCONTROL:0.5053352200795276
C_DEVELOPPIECES:0.448325197912937
C_MATERIAL:0.46717709298726384
C_MOVECOUNT:0.5375809498452253
