ELO:1105
CE_PASSEDPAWNS:0.6097419085153697
CE_PAWNWEAKNESSES:0.43305832734096433
CE_PIECEACTIVITY:0.4872329092604055
CE_KINGPAWNSHIELD:0.510029099284515
CE_PIECECOORDINATION:0.43976861043207277
CE_MATERIAL:0.39956084711948114
CE_KINGSAFETY:0.5
C_PIECESQUARETABLES:0.5
C_MOBILITY:0.42493321349108715
C_KINGSAFETY:0.5084789982811104
C_PAWNSTRUCTURE:0.4481156450119136
C_PIECECOORDINATION:0.531328497255345
C_ROOKANDPAWNMOVEMENT:0.531328497255345
C_CENTERCONTROL:0.5093085760170153
C_DEVELOPPIECES:0.5034004472324135
C_MATERIAL:0.39893206669961756
