ELO:850
CE_PASSEDPAWNS:0.5956883828550232
CE_PAWNWEAKNESSES:0.4456286748429105
CE_PIECEACTIVITY:0.5056069108547978
CE_KINGPAWNSHIELD:0.4243225638132719
CE_PIECECOORDINATION:0.44341763414005153
CE_MATERIAL:0.3912484288275369
CE_KINGSAFETY:0.4733258239937358
C_PIECESQUARETABLES:0.47238374091467966
C_MOBILITY:0.5599323308587681
C_KINGSAFETY:0.5547657973696984
C_PAWNSTRUCTURE:0.47582241703301414
C_PIECECOORDINATION:0.5446654445646588
C_ROOKANDPAWNMOVEMENT:0.5446654445646588
C_CENTERCONTROL:0.5658920227420535
C_DEVELOPPIECES:0.5929222916930573
C_MATERIAL:0.483440901557277
