ELO:979
CE_PASSEDPAWNS:0.5958283741774517
CE_PAWNWEAKNESSES:0.48869482076126963
CE_PIECEACTIVITY:0.4679714523740011
CE_KINGPAWNSHIELD:0.4423024555323336
CE_PIECECOORDINATION:0.4475691244121027
CE_MATERIAL:0.37367993208865696
CE_KINGSAFETY:0.505815213447009
C_PIECESQUARETABLES:0.49851025282874223
C_MOBILITY:0.5336674676057674
C_KINGSAFETY:0.4715198369425056
C_PAWNSTRUCTURE:0.4962388077896863
C_PIECECOORDINATION:0.48133850384878646
C_ROOKANDPAWNMOVEMENT:0.48133850384878646
C_CENTERCONTROL:0.5747676050755738
C_DEVELOPPIECES:0.564222430836756
C_MATERIAL:0.481781857750021
