ELO:989
CE_PASSEDPAWNS:0.3671258369474086
CE_PAWNWEAKNESSES:0.5302296476576175
CE_PIECEACTIVITY:0.5578494070897397
CE_KINGPAWNSHIELD:0.46561993784369266
CE_PIECECOORDINATION:0.45456581856772577
CE_MATERIAL:0.5125313430690898
CE_KINGSAFETY:0.5012750748144663
C_PIECESQUARETABLES:0.5248227848077209
C_MOBILITY:0.49356355851051564
C_KINGSAFETY:0.5516225189224501
C_PAWNSTRUCTURE:0.33672416158243657
C_PIECECOORDINATION:0.4455295289066636
C_ROOKANDPAWNMOVEMENT:0.4455295289066636
C_CENTERCONTROL:0.3657469592174257
C_DEVELOPPIECES:0.47852557532295936
C_MATERIAL:0.6814814206511128
