ELO:915
CE_PASSEDPAWNS:0.5003593322802756
CE_PAWNWEAKNESSES:0.5018238603678898
CE_PIECEACTIVITY:0.5195761710736942
CE_KINGPAWNSHIELD:0.44829166434442175
CE_PIECECOORDINATION:0.5309369279425511
CE_MATERIAL:0.47900931992819273
CE_KINGSAFETY:0.48773451649308575
C_PIECESQUARETABLES:0.5155195854999963
C_MOBILITY:0.5057652733661809
C_KINGSAFETY:0.4925001987169679
C_PAWNSTRUCTURE:0.4859127764948729
C_PIECECOORDINATION:0.47037382808618133
C_ROOKANDPAWNMOVEMENT:0.47037382808618133
C_CENTERCONTROL:0.5152923181284035
C_DEVELOPPIECES:0.49357359101007525
C_MATERIAL:0.5177279417504849
