ELO:1000
CE_PASSEDPAWNS:0.5646007490025351
CE_PAWNWEAKNESSES:0.46357371193716695
CE_PIECEACTIVITY:0.47015090706049933
CE_KINGPAWNSHIELD:0.49639614301954244
CE_PIECECOORDINATION:0.4767973756939239
CE_MATERIAL:0.428307337607363
CE_KINGSAFETY:0.4796456167362624
C_PIECESQUARETABLES:0.49509473750257654
C_MOBILITY:0.5134320151514804
C_KINGSAFETY:0.4829698269861244
C_PAWNSTRUCTURE:0.5152307271929788
C_PIECECOORDINATION:0.48792807149836737
C_ROOKANDPAWNMOVEMENT:0.48792807149836737
C_CENTERCONTROL:0.5505785132767268
C_DEVELOPPIECES:0.5410842426165124
C_MATERIAL:0.4590186175553376
