ELO:971
CE_PASSEDPAWNS:0.4982442047416114
CE_PAWNWEAKNESSES:0.4777379492168901
CE_PIECEACTIVITY:0.48253366076908827
CE_KINGPAWNSHIELD:0.5
CE_PIECECOORDINATION:0.5001148036816035
CE_MATERIAL:0.5
CE_KINGSAFETY:0.5403868752244548
C_PIECESQUARETABLES:0.5088497594695183
C_MOBILITY:0.5000064414816968
C_KINGSAFETY:0.5302102449846263
C_PAWNSTRUCTURE:0.5236425645704464
C_PIECECOORDINATION:0.5156943987855469
C_ROOKANDPAWNMOVEMENT:0.5156943987855469
C_CENTERCONTROL:0.4937103139017743
C_DEVELOPPIECES:0.48796472096631094
C_MATERIAL:0.48346454940348416
C_MOVECOUNT:0.5
