ELO:997
CE_PASSEDPAWNS:0.5183587853836407
CE_PAWNWEAKNESSES:0.5000950934630609
CE_PIECEACTIVITY:0.5213560206386565
CE_KINGPAWNSHIELD:0.47398193919202786
CE_PIECECOORDINATION:0.48927893130891686
CE_MATERIAL:0.5126358301277273
CE_KINGSAFETY:0.49446815395127447
C_PIECESQUARETABLES:0.4938153445642444
C_MOBILITY:0.5046625279465828
C_KINGSAFETY:0.4810918436193667
C_PAWNSTRUCTURE:0.516071925155768
C_PIECECOORDINATION:0.5127057356276871
C_ROOK:0.48609037147971834
CE_ROOK:0.4890123474874053
C_CENTERCONTROL:0.5114146352705758
C_DEVELOPPIECES:0.517996764045329
C_MATERIAL:0.5117776799360282
C_MOVECOUNT:0.4799271854848493
C_PAWNMOVEMENT:0.4610732517191339
