ELO:893
CE_PASSEDPAWNS:0.5801764261112881
CE_PAWNWEAKNESSES:0.3371032188526315
CE_PIECEACTIVITY:0.44720158422715256
CE_KINGPAWNSHIELD:0.4274008777701069
CE_PIECECOORDINATION:0.49650473887730073
CE_MATERIAL:0.5033732354102657
CE_KINGSAFETY:0.5632360449062318
C_PIECESQUARETABLES:0.5599552850993773
C_MOBILITY:0.5662504752919394
C_KINGSAFETY:0.5750203579838578
C_PAWNSTRUCTURE:0.3986332142782303
C_PIECECOORDINATION:0.48958739702252896
C_ROOKANDPAWNMOVEMENT:0.48958739702252896
C_CENTERCONTROL:0.38350610817096753
C_DEVELOPPIECES:0.49271456938788794
C_MATERIAL:0.5371474078936213
