ELO:988
CE_PASSEDPAWNS:0.5026822638532017
CE_PAWNWEAKNESSES:0.5519077950593172
CE_PIECEACTIVITY:0.5155762835052048
CE_KINGPAWNSHIELD:0.5009532458376441
CE_PIECECOORDINATION:0.5217776278274201
CE_MATERIAL:0.5092560037865277
CE_KINGSAFETY:0.5
C_PIECESQUARETABLES:0.5
C_MOBILITY:0.48205566845908715
C_KINGSAFETY:0.5207123532506147
C_PAWNSTRUCTURE:0.5194196246624769
C_PIECECOORDINATION:0.5212416632565356
C_ROOK:0.5057630929773514
CE_ROOK:0.5093828115605764
C_CENTERCONTROL:0.5072550734620502
C_DEVELOPPIECES:0.49048455746620917
C_MATERIAL:0.4898058172239515
C_MOVECOUNT:0.4891104888535709
C_PAWNMOVEMENT:0.442608882471034
