ELO:995
CE_PASSEDPAWNS:0.5778160696711545
CE_PAWNWEAKNESSES:0.5392043207293258
CE_PIECEACTIVITY:0.6365971469925481
CE_KINGPAWNSHIELD:0.4672805036690657
CE_PIECECOORDINATION:0.5195549287870679
CE_MATERIAL:0.4854257119879556
CE_KINGSAFETY:0.48772508915457974
C_PIECESQUARETABLES:0.5091294159012428
C_MOBILITY:0.5941953456980039
C_KINGSAFETY:0.505869118800126
C_PAWNSTRUCTURE:0.5133714465580941
C_PIECECOORDINATION:0.5312979149023797
C_ROOKANDPAWNMOVEMENT:0.5312979149023797
C_CENTERCONTROL:0.4461845514767773
C_DEVELOPPIECES:0.523533652056854
C_MATERIAL:0.4019810353909298
