ELO:992
CE_PASSEDPAWNS:0.5823760514790192
CE_PAWNWEAKNESSES:0.5285932125051639
CE_PIECEACTIVITY:0.485621353211105
CE_KINGPAWNSHIELD:0.5094769320461414
CE_PIECECOORDINATION:0.4809713864947269
CE_MATERIAL:0.5159333165411616
CE_KINGSAFETY:0.48379734091725896
C_PIECESQUARETABLES:0.4966222182333499
C_MOBILITY:0.599327073255823
C_KINGSAFETY:0.431179958635335
C_PAWNSTRUCTURE:0.5696766127970728
C_PIECECOORDINATION:0.5071917488918742
C_ROOKANDPAWNMOVEMENT:0.5071917488918742
C_CENTERCONTROL:0.47355325827618533
C_DEVELOPPIECES:0.5494473245660804
C_MATERIAL:0.5930767200506792
