ELO:864
CE_PASSEDPAWNS:0.4311089177836423
CE_PAWNWEAKNESSES:0.47827208321353315
CE_PIECEACTIVITY:0.5613671594179575
CE_KINGPAWNSHIELD:0.5133991519636357
CE_PIECECOORDINATION:0.5640646859239403
CE_MATERIAL:0.47082545748155236
CE_KINGSAFETY:0.5026377713197815
C_PIECESQUARETABLES:0.4874150463340081
C_MOBILITY:0.6015436306008348
C_KINGSAFETY:0.5467257563044277
C_PAWNSTRUCTURE:0.5091180123774426
C_PIECECOORDINATION:0.5362121741040037
C_ROOKANDPAWNMOVEMENT:0.5362121741040037
C_CENTERCONTROL:0.5212425376214863
C_DEVELOPPIECES:0.581870696368818
C_MATERIAL:0.5129884573208852
C_MOVECOUNT:0.5
