ELO:661
CE_PASSEDPAWNS:0.40823504625664436
CE_PAWNWEAKNESSES:0.49377868942099873
CE_PIECEACTIVITY:0.541887284223897
CE_KINGPAWNSHIELD:0.5320457553708173
CE_PIECECOORDINATION:0.5542111701909425
CE_MATERIAL:0.4986159060369233
CE_KINGSAFETY:0.504206163781118
C_PIECESQUARETABLES:0.48429618540176944
C_MOBILITY:0.5843459047831732
C_KINGSAFETY:0.49097309427314684
C_PAWNSTRUCTURE:0.5494696012254333
C_PIECECOORDINATION:0.5494603271284023
C_ROOKANDPAWNMOVEMENT:0.5494603271284023
C_CENTERCONTROL:0.5763274336581354
C_DEVELOPPIECES:0.5304378408528819
C_MATERIAL:0.5449016629230327
C_MOVECOUNT:0.5
