ELO:1033
CE_PASSEDPAWNS:0.5163565444381443
CE_PAWNWEAKNESSES:0.45563144221338636
CE_PIECEACTIVITY:0.47895758763266594
CE_KINGPAWNSHIELD:0.5039237798685455
CE_PIECECOORDINATION:0.498980069241355
CE_MATERIAL:0.5037360870082964
CE_KINGSAFETY:0.5
C_PIECESQUARETABLES:0.5
C_MOBILITY:0.5039914218878431
C_KINGSAFETY:0.46402129971210204
C_PAWNSTRUCTURE:0.5152175550557272
C_PIECECOORDINATION:0.5045014104148906
C_ROOK:0.4875011644046835
CE_ROOK:0.4898928659705995
C_CENTERCONTROL:0.5438738793292299
C_DEVELOPPIECES:0.5393505470872896
C_MATERIAL:0.5001096358134437
C_MOVECOUNT:0.48775097414123053
C_PAWNMOVEMENT:0.4580263027062803
