ELO:963
CE_PASSEDPAWNS:0.4771688446670509
CE_PAWNWEAKNESSES:0.4868085429958973
CE_PIECEACTIVITY:0.5132359047547663
CE_KINGPAWNSHIELD:0.47297583560636297
CE_PIECECOORDINATION:0.5125953923869222
CE_MATERIAL:0.4839861583503538
CE_KINGSAFETY:0.4923877794677077
C_PIECESQUARETABLES:0.5072321490020373
C_MOBILITY:0.4923632133018229
C_KINGSAFETY:0.4923125609516841
C_PAWNSTRUCTURE:0.48570003559118496
C_PIECECOORDINATION:0.5123984339290735
C_ROOKANDPAWNMOVEMENT:0.5123984339290735
C_CENTERCONTROL:0.4921707686648046
C_DEVELOPPIECES:0.516953534888829
C_MATERIAL:0.48161383738450614
