ELO:947
CE_PASSEDPAWNS:0.49258687529594
CE_PAWNWEAKNESSES:0.54451142790276
CE_PIECEACTIVITY:0.5087728587169559
CE_KINGPAWNSHIELD:0.5437096132697065
CE_PIECECOORDINATION:0.4698788454815155
CE_MATERIAL:0.4946070501102438
CE_KINGSAFETY:0.4935157941429805
C_PIECESQUARETABLES:0.511952067685408
C_MOBILITY:0.5135108832752829
C_KINGSAFETY:0.42372839962861203
C_PAWNSTRUCTURE:0.4964393573673019
C_PIECECOORDINATION:0.5094221994391916
C_ROOK:0.5309751131679268
CE_ROOK:0.49774119377840964
C_CENTERCONTROL:0.4962017308994705
C_DEVELOPPIECES:0.48004163696955454
C_MATERIAL:0.47892646539405764
C_MOVECOUNT:0.536409528219977
C_PAWNMOVEMENT:0.4890883096959666
