ELO:971
CE_PASSEDPAWNS:0.5038310435566559
CE_PAWNWEAKNESSES:0.4732670009158487
CE_PIECEACTIVITY:0.5026845733907355
CE_KINGPAWNSHIELD:0.5309238399068252
CE_PIECECOORDINATION:0.4831342486536469
CE_MATERIAL:0.5030069322485511
CE_KINGSAFETY:0.5
C_PIECESQUARETABLES:0.5
C_MOBILITY:0.49647915876164644
C_KINGSAFETY:0.48134692463070256
C_PAWNSTRUCTURE:0.5355903643552746
C_PIECECOORDINATION:0.5030861610672845
C_ROOK:0.5288007112810961
CE_ROOK:0.5109536260699814
C_CENTERCONTROL:0.48797376112897084
C_DEVELOPPIECES:0.49007460443556417
C_MATERIAL:0.47542386456521446
C_MOVECOUNT:0.5120435408646398
C_PAWNMOVEMENT:0.5203503362592449
