ELO:987
CE_PASSEDPAWNS:0.5573790891235582
CE_PAWNWEAKNESSES:0.5264666884578243
CE_PIECEACTIVITY:0.6054106313702341
CE_KINGPAWNSHIELD:0.48530086109158876
CE_PIECECOORDINATION:0.4878505425914438
CE_MATERIAL:0.4418450170827793
CE_KINGSAFETY:0.48415386751145195
C_PIECESQUARETABLES:0.45195199295970423
C_MOBILITY:0.5400555022053983
C_KINGSAFETY:0.50930232114041
C_PAWNSTRUCTURE:0.5154711594720991
C_PIECECOORDINATION:0.5271700226329769
C_ROOKANDPAWNMOVEMENT:0.5271700226329769
C_CENTERCONTROL:0.45950182417263463
C_DEVELOPPIECES:0.4811421714427094
C_MATERIAL:0.47471321299971275
