ELO:758
CE_PASSEDPAWNS:0.36444260500798875
CE_PAWNWEAKNESSES:0.5435139090683019
CE_PIECEACTIVITY:0.5505940244858591
CE_KINGPAWNSHIELD:0.4725489694738886
CE_PIECECOORDINATION:0.5039073543348552
CE_MATERIAL:0.4630492678590773
CE_KINGSAFETY:0.5138648314305827
C_PIECESQUARETABLES:0.48088610321797304
C_MOBILITY:0.5684859226371185
C_KINGSAFETY:0.5004093792723586
C_PAWNSTRUCTURE:0.6234308109397254
C_PIECECOORDINATION:0.5735371061402524
C_ROOKANDPAWNMOVEMENT:0.5735371061402524
C_CENTERCONTROL:0.5250971123820731
C_DEVELOPPIECES:0.5505110634767534
C_MATERIAL:0.5046531176194223
C_MOVECOUNT:0.5184009379519389
