ELO:959
CE_PASSEDPAWNS:0.49258687529594
CE_PAWNWEAKNESSES:0.54451142790276
CE_PIECEACTIVITY:0.5087728587169559
CE_KINGPAWNSHIELD:0.5065657429164084
CE_PIECECOORDINATION:0.5208604759431195
CE_MATERIAL:0.5030069322485511
CE_KINGSAFETY:0.4935157941429805
C_PIECESQUARETABLES:0.511952067685408
C_MOBILITY:0.5065299959721627
C_KINGSAFETY:0.4953448239583316
C_PAWNSTRUCTURE:0.4964393573673019
C_PIECECOORDINATION:0.5158182176778782
C_ROOK:0.5309751131679268
CE_ROOK:0.505454620242875
C_CENTERCONTROL:0.4927435454870311
C_DEVELOPPIECES:0.4862027422442436
C_MATERIAL:0.4783557516905226
C_MOVECOUNT:0.516950667388585
C_PAWNMOVEMENT:0.46849188725547286
