ELO:1064
CE_PASSEDPAWNS:0.6024407207803287
CE_PAWNWEAKNESSES:0.49414618836899654
CE_PIECEACTIVITY:0.45622452250769757
CE_KINGPAWNSHIELD:0.49882470953664
CE_PIECECOORDINATION:0.4577283317683311
CE_MATERIAL:0.47621114488430805
CE_KINGSAFETY:0.529497245850024
C_PIECESQUARETABLES:0.49150750766011975
C_MOBILITY:0.4433686612897909
C_KINGSAFETY:0.5014013254860152
C_PAWNSTRUCTURE:0.4037632391784219
C_PIECECOORDINATION:0.4837190134571732
C_ROOKANDPAWNMOVEMENT:0.4837190134571732
C_CENTERCONTROL:0.520377905758165
C_DEVELOPPIECES:0.5724140820784326
C_MATERIAL:0.41138145699848594
