ELO:989
CE_PASSEDPAWNS:0.5160612732547992
CE_PAWNWEAKNESSES:0.503688766643178
CE_PIECEACTIVITY:0.49947067892769287
CE_KINGPAWNSHIELD:0.5
CE_PIECECOORDINATION:0.4892023209274575
CE_MATERIAL:0.4999148175412569
CE_KINGSAFETY:0.5073247555067748
C_PIECESQUARETABLES:0.5
C_MOBILITY:0.5
C_KINGSAFETY:0.5395823189589564
C_PAWNSTRUCTURE:0.49297667820764807
C_PIECECOORDINATION:0.5101342225646751
C_ROOKANDPAWNMOVEMENT:0.5101342225646751
C_CENTERCONTROL:0.4993659115264845
C_DEVELOPPIECES:0.5145371572124903
C_MATERIAL:0.48712627834233796
C_MOVECOUNT:0.5
