ELO:588
CE_PASSEDPAWNS:0.3856625267361593
CE_PAWNWEAKNESSES:0.5293816094016867
CE_PIECEACTIVITY:0.5510511254393183
CE_KINGPAWNSHIELD:0.5553322827656435
CE_PIECECOORDINATION:0.5316714962211184
CE_MATERIAL:0.45788057596030385
CE_KINGSAFETY:0.5
C_PIECESQUARETABLES:0.5
C_MOBILITY:0.5476234439089345
C_KINGSAFETY:0.5071389058126841
C_PAWNSTRUCTURE:0.5703780595019416
C_PIECECOORDINATION:0.5452930206341183
C_ROOKANDPAWNMOVEMENT:0.5452930206341183
C_CENTERCONTROL:0.5983895017973849
C_DEVELOPPIECES:0.5511621063850031
C_MATERIAL:0.5428873197974348
C_MOVECOUNT:0.5
