ELO:806
CE_PASSEDPAWNS:0.39579054479808584
CE_PAWNWEAKNESSES:0.5048591879184686
CE_PIECEACTIVITY:0.5759373132317781
CE_KINGPAWNSHIELD:0.5092617347280679
CE_PIECECOORDINATION:0.5442288331482774
CE_MATERIAL:0.5159232644025191
CE_KINGSAFETY:0.48870675837282895
C_PIECESQUARETABLES:0.48940167267583695
C_MOBILITY:0.5763114474159455
C_KINGSAFETY:0.5034098472789373
C_PAWNSTRUCTURE:0.5568911239615942
C_PIECECOORDINATION:0.5444895574717867
C_ROOKANDPAWNMOVEMENT:0.5444895574717867
C_CENTERCONTROL:0.5444233725079108
C_DEVELOPPIECES:0.5738885578369582
C_MATERIAL:0.5216652317461126
C_MOVECOUNT:0.5
