ELO:980
CE_PASSEDPAWNS:0.5243697744515071
CE_PAWNWEAKNESSES:0.5086423660587673
CE_PIECEACTIVITY:0.49014268252899507
CE_KINGPAWNSHIELD:0.5028713141570286
CE_PIECECOORDINATION:0.5047852296613513
CE_MATERIAL:0.4962225298390543
CE_KINGSAFETY:0.4967330654026176
C_PIECESQUARETABLES:0.493048569707954
C_MOBILITY:0.4706340973713427
C_KINGSAFETY:0.5038882437977331
C_PAWNSTRUCTURE:0.49381836502151233
C_PIECECOORDINATION:0.5016562220475929
C_ROOKANDPAWNMOVEMENT:0.5016562220475929
C_CENTERCONTROL:0.5041496976624376
C_DEVELOPPIECES:0.513436777575175
C_MATERIAL:0.5059959647883384
C_MOVECOUNT:0.5
