ELO:971
CE_PASSEDPAWNS:0.49998537282627664
CE_PAWNWEAKNESSES:0.4727394074356036
CE_PIECEACTIVITY:0.47895758763266594
CE_KINGPAWNSHIELD:0.4755055312378637
CE_PIECECOORDINATION:0.4871993194417916
CE_MATERIAL:0.5203387883649906
CE_KINGSAFETY:0.5
C_PIECESQUARETABLES:0.5
C_MOBILITY:0.49647915876164644
C_KINGSAFETY:0.49283861844101184
C_PAWNSTRUCTURE:0.45213076630909105
C_PIECECOORDINATION:0.5081438699217163
C_ROOK:0.5363278611052644
CE_ROOK:0.48708280451823527
C_CENTERCONTROL:0.4711930685857451
C_DEVELOPPIECES:0.4888329169191029
C_MATERIAL:0.47542386456521446
C_MOVECOUNT:0.51793192002975
C_PAWNMOVEMENT:0.48965076279003683
