ELO:985
CE_PASSEDPAWNS:0.5379839839388917
CE_PAWNWEAKNESSES:0.48569496198713685
CE_PIECEACTIVITY:0.4727706987274059
CE_KINGPAWNSHIELD:0.5276958360318214
CE_PIECECOORDINATION:0.43160416783816413
CE_MATERIAL:0.5098830821196523
CE_KINGSAFETY:0.5169210696759728
C_PIECESQUARETABLES:0.46710032888593395
C_MOBILITY:0.49321504889376494
C_KINGSAFETY:0.4837358638242074
C_PAWNSTRUCTURE:0.5136470644360726
C_PIECECOORDINATION:0.527186157488274
C_ROOK:0.43745306951819535
CE_ROOK:0.4823630638613769
C_CENTERCONTROL:0.5094154599721322
C_DEVELOPPIECES:0.4856601853730584
C_MATERIAL:0.5003954436729884
C_MOVECOUNT:0.5031472948599195
C_PAWNMOVEMENT:0.511618917934365
