ELO:925
CE_PASSEDPAWNS:0.4717249609021771
CE_PAWNWEAKNESSES:0.5666941501422526
CE_PIECEACTIVITY:0.5151637019416843
CE_KINGPAWNSHIELD:0.5169815239358267
CE_PIECECOORDINATION:0.5164807864284953
CE_MATERIAL:0.4790278048988372
CE_KINGSAFETY:0.5098896282297466
C_PIECESQUARETABLES:0.5143081102010434
C_MOBILITY:0.4970123713842473
C_KINGSAFETY:0.49107083477208596
C_PAWNSTRUCTURE:0.4794179167228277
C_PIECECOORDINATION:0.4534004653589222
C_ROOKANDPAWNMOVEMENT:0.4534004653589222
C_CENTERCONTROL:0.5154891310987966
C_DEVELOPPIECES:0.5008514359823195
C_MATERIAL:0.5344107009400315
C_MOVECOUNT:0.5
