ELO:680
CE_PASSEDPAWNS:0.3962178281266226
CE_PAWNWEAKNESSES:0.49092809469217225
CE_PIECEACTIVITY:0.5711692306919297
CE_KINGPAWNSHIELD:0.5344808391710031
CE_PIECECOORDINATION:0.5542111701909425
CE_MATERIAL:0.5009302342806853
CE_KINGSAFETY:0.48472451774994096
C_PIECESQUARETABLES:0.4871844186715437
C_MOBILITY:0.5727348013909542
C_KINGSAFETY:0.4901304437667101
C_PAWNSTRUCTURE:0.5696576898051636
C_PIECECOORDINATION:0.5424464488316453
C_ROOKANDPAWNMOVEMENT:0.5424464488316453
C_CENTERCONTROL:0.5823852424107389
C_DEVELOPPIECES:0.5717272242852406
C_MATERIAL:0.5332872002304266
C_MOVECOUNT:0.5
