ELO:1000
CE_PASSEDPAWNS:0.5071093512045493
CE_PAWNWEAKNESSES:0.5267558142552099
CE_PIECEACTIVITY:0.5181299540109521
CE_KINGPAWNSHIELD:0.4647836970149822
CE_PIECECOORDINATION:0.4964839526088781
CE_MATERIAL:0.47407383885356474
CE_KINGSAFETY:0.5041433427595838
C_PIECESQUARETABLES:0.47914555777030193
C_MOBILITY:0.5046628112762784
C_KINGSAFETY:0.516236001606143
C_PAWNSTRUCTURE:0.5154146276910502
C_PIECECOORDINATION:0.5011726468414731
C_ROOKANDPAWNMOVEMENT:0.5011726468414731
C_CENTERCONTROL:0.48999360626162286
C_DEVELOPPIECES:0.48471597066812916
C_MATERIAL:0.5359841102841465
