ELO:979
CE_PASSEDPAWNS:0.5380740522737708
CE_PAWNWEAKNESSES:0.5395563503851659
CE_PIECEACTIVITY:0.6367097876166153
CE_KINGPAWNSHIELD:0.4693850814170599
CE_PIECECOORDINATION:0.48920497481579484
CE_MATERIAL:0.4686118236059744
CE_KINGSAFETY:0.498743566032465
C_PIECESQUARETABLES:0.48923493390917183
C_MOBILITY:0.5421183357614949
C_KINGSAFETY:0.5240950113242291
C_PAWNSTRUCTURE:0.5381223102145346
C_PIECECOORDINATION:0.5357595005935253
C_ROOKANDPAWNMOVEMENT:0.5357595005935253
C_CENTERCONTROL:0.4564848814267765
C_DEVELOPPIECES:0.48993809316983244
C_MATERIAL:0.4564521712034485
