ELO:1011
CE_PASSEDPAWNS:0.5
CE_PAWNWEAKNESSES:0.5
CE_PIECEACTIVITY:0.49834090415657906
CE_KINGPAWNSHIELD:0.5
CE_PIECECOORDINATION:0.5045085376771504
CE_MATERIAL:0.5
CE_KINGSAFETY:0.5
C_PIECESQUARETABLES:0.4971724200797458
C_MOBILITY:0.5056150972394579
C_KINGSAFETY:0.488480273786693
C_PAWNSTRUCTURE:0.5016924728812348
C_PIECECOORDINATION:0.5
C_ROOKANDPAWNMOVEMENT:0.5
C_CENTERCONTROL:0.48894766288784003
C_DEVELOPPIECES:0.5112229647560873
C_MATERIAL:0.502148296106262
C_MOVECOUNT:0.5
