ELO:1000
CE_PASSEDPAWNS:0.5075509544271091
CE_PAWNWEAKNESSES:0.523446845583294
CE_PIECEACTIVITY:0.5181299540109521
CE_KINGPAWNSHIELD:0.44265876019830963
CE_PIECECOORDINATION:0.5056920865858652
CE_MATERIAL:0.46149097790429877
CE_KINGSAFETY:0.5001409769430188
C_PIECESQUARETABLES:0.4652167277915402
C_MOBILITY:0.5089986538425801
C_KINGSAFETY:0.5198438495437766
C_PAWNSTRUCTURE:0.5154146276910502
C_PIECECOORDINATION:0.519545427598296
C_ROOKANDPAWNMOVEMENT:0.519545427598296
C_CENTERCONTROL:0.49125675849260486
C_DEVELOPPIECES:0.49170447278147844
C_MATERIAL:0.522524025294145
