ELO:931
CE_PASSEDPAWNS:0.5224927216503269
CE_PAWNWEAKNESSES:0.5152697433544094
CE_PIECEACTIVITY:0.4807928333724347
CE_KINGPAWNSHIELD:0.48962174475989384
CE_PIECECOORDINATION:0.49702887775180155
CE_MATERIAL:0.4990853568286699
CE_KINGSAFETY:0.4778758266212938
C_PIECESQUARETABLES:0.5151118215792485
C_MOBILITY:0.4808377534169595
C_KINGSAFETY:0.4914937624520506
C_PAWNSTRUCTURE:0.4941717604418229
C_PIECECOORDINATION:0.4799888604706598
C_ROOKANDPAWNMOVEMENT:0.4799888604706598
C_CENTERCONTROL:0.5098188417878171
C_DEVELOPPIECES:0.5032007202191302
C_MATERIAL:0.5059959647883384
C_MOVECOUNT:0.5
