ELO:687
CE_PASSEDPAWNS:0.3871740483278234
CE_PAWNWEAKNESSES:0.5045018875435715
CE_PIECEACTIVITY:0.5447735311074194
CE_KINGPAWNSHIELD:0.5587149945927697
CE_PIECECOORDINATION:0.5646402110814417
CE_MATERIAL:0.46437089275131016
CE_KINGSAFETY:0.47546747620246843
C_PIECESQUARETABLES:0.48415452936835784
C_MOBILITY:0.5571901749634165
C_KINGSAFETY:0.5049686179949352
C_PAWNSTRUCTURE:0.5774565582057708
C_PIECECOORDINATION:0.5452930206341183
C_ROOKANDPAWNMOVEMENT:0.5452930206341183
C_CENTERCONTROL:0.5848950573904924
C_DEVELOPPIECES:0.5403541349550354
C_MATERIAL:0.5426114230913417
C_MOVECOUNT:0.5
