ELO:987
CE_PASSEDPAWNS:0.5855716174317256
CE_PAWNWEAKNESSES:0.4995642681504129
CE_PIECEACTIVITY:0.46088955477219146
CE_KINGPAWNSHIELD:0.4385215236415303
CE_PIECECOORDINATION:0.45246808866856403
CE_MATERIAL:0.3922028595618493
CE_KINGSAFETY:0.5167310072562659
C_PIECESQUARETABLES:0.5200907028941683
C_MOBILITY:0.5148463919281335
C_KINGSAFETY:0.47237972767658143
C_PAWNSTRUCTURE:0.49570511883535834
C_PIECECOORDINATION:0.4718781544398194
C_ROOKANDPAWNMOVEMENT:0.4718781544398194
C_CENTERCONTROL:0.563755765951526
C_DEVELOPPIECES:0.5382531825748521
C_MATERIAL:0.48980069540330434
