ELO:989
CE_PASSEDPAWNS:0.3733522000761423
CE_PAWNWEAKNESSES:0.4876287721322965
CE_PIECEACTIVITY:0.5602055010420494
CE_KINGPAWNSHIELD:0.47228944201564527
CE_PIECECOORDINATION:0.46830879609927667
CE_MATERIAL:0.5121191259733616
CE_KINGSAFETY:0.5
C_PIECESQUARETABLES:0.500043462113126
C_MOBILITY:0.5001465408952577
C_KINGSAFETY:0.5516225189224501
C_PAWNSTRUCTURE:0.33672416158243657
C_PIECECOORDINATION:0.42965854850487445
C_ROOKANDPAWNMOVEMENT:0.42965854850487445
C_CENTERCONTROL:0.345089760243237
C_DEVELOPPIECES:0.48463106472835726
C_MATERIAL:0.6828983766046607
