ELO:989
CE_PASSEDPAWNS:0.36556825369159784
CE_PAWNWEAKNESSES:0.5086530027826172
CE_PIECEACTIVITY:0.5594978002495871
CE_KINGPAWNSHIELD:0.47296228941213614
CE_PIECECOORDINATION:0.46544225017118723
CE_MATERIAL:0.5125313430690898
CE_KINGSAFETY:0.5
C_PIECESQUARETABLES:0.49614382245205
C_MOBILITY:0.5001465408952577
C_KINGSAFETY:0.5643563870211753
C_PAWNSTRUCTURE:0.33672416158243657
C_PIECECOORDINATION:0.44161010979399107
C_ROOKANDPAWNMOVEMENT:0.44161010979399107
C_CENTERCONTROL:0.35488331713916
C_DEVELOPPIECES:0.48463106472835726
C_MATERIAL:0.6828983766046607
