ELO:990
CE_PASSEDPAWNS:0.4856256778510102
CE_PAWNWEAKNESSES:0.5366039981725156
CE_PIECEACTIVITY:0.5188775056809747
CE_KINGPAWNSHIELD:0.5184924867214598
CE_PIECECOORDINATION:0.4998058424396993
CE_MATERIAL:0.5
CE_KINGSAFETY:0.4923730613068641
C_PIECESQUARETABLES:0.5099416773883708
C_MOBILITY:0.5
C_KINGSAFETY:0.511217664574331
C_PAWNSTRUCTURE:0.497651919091296
C_PIECECOORDINATION:0.4953639305467251
C_ROOKANDPAWNMOVEMENT:0.4953639305467251
C_CENTERCONTROL:0.48678686379988306
C_DEVELOPPIECES:0.5033702977058665
C_MATERIAL:0.504089623036479
C_MOVECOUNT:0.5
