ELO:964
CE_PASSEDPAWNS:0.5233438175222098
CE_PAWNWEAKNESSES:0.42485514852717077
CE_PIECEACTIVITY:0.4420674524265348
CE_KINGPAWNSHIELD:0.3904262175016234
CE_PIECECOORDINATION:0.48977097185381385
CE_MATERIAL:0.46427643188272316
CE_KINGSAFETY:0.4932556730990641
C_PIECESQUARETABLES:0.5050702375313195
C_MOBILITY:0.5070947642269972
C_KINGSAFETY:0.5508377831010913
C_PAWNSTRUCTURE:0.43002051723885504
C_PIECECOORDINATION:0.45751997732494215
C_ROOKANDPAWNMOVEMENT:0.45751997732494215
C_CENTERCONTROL:0.43127333078614644
C_DEVELOPPIECES:0.49353030494949013
C_MATERIAL:0.5329854984034016
