ELO:646
CE_PASSEDPAWNS:0.3939223445700354
CE_PAWNWEAKNESSES:0.5333578076962767
CE_PIECEACTIVITY:0.5509135338061086
CE_KINGPAWNSHIELD:0.548485328527401
CE_PIECECOORDINATION:0.5342675600211695
CE_MATERIAL:0.4365741102538111
CE_KINGSAFETY:0.4905040783732806
C_PIECESQUARETABLES:0.5247884731522457
C_MOBILITY:0.5319987239400288
C_KINGSAFETY:0.5026842734927418
C_PAWNSTRUCTURE:0.561850960311493
C_PIECECOORDINATION:0.5432178456491449
C_ROOKANDPAWNMOVEMENT:0.5432178456491449
C_CENTERCONTROL:0.537862183814172
C_DEVELOPPIECES:0.5503700333021525
C_MATERIAL:0.514112452636965
C_MOVECOUNT:0.5114709283202331
