ELO:994
CE_PASSEDPAWNS:0.48720926827511757
CE_PAWNWEAKNESSES:0.4689343493446623
CE_PIECEACTIVITY:0.504395683974057
CE_KINGPAWNSHIELD:0.4958173069689556
CE_PIECECOORDINATION:0.5082233858327451
CE_MATERIAL:0.4861075073504985
CE_KINGSAFETY:0.5242232178233169
C_PIECESQUARETABLES:0.47169339685798206
C_MOBILITY:0.5063486089006718
C_KINGSAFETY:0.5060092305295214
C_PAWNSTRUCTURE:0.5224957781675975
C_PIECECOORDINATION:0.5247300671081706
C_ROOKANDPAWNMOVEMENT:0.5247300671081706
C_CENTERCONTROL:0.48157046577476703
C_DEVELOPPIECES:0.5029362738448985
C_MATERIAL:0.5314647729550924
C_MOVECOUNT:0.4854903323066776
