ELO:984
CE_PASSEDPAWNS:0.49516045167323086
CE_PAWNWEAKNESSES:0.5079252879435394
CE_PIECEACTIVITY:0.505490185707798
CE_KINGPAWNSHIELD:0.48804078588829164
CE_PIECECOORDINATION:0.5070640082633189
CE_MATERIAL:0.4968295942903574
CE_KINGSAFETY:0.49938945903334186
C_PIECESQUARETABLES:0.5019955234975862
C_MOBILITY:0.502347763013211
C_KINGSAFETY:0.48973774190210606
C_PAWNSTRUCTURE:0.49078677242803054
C_PIECECOORDINATION:0.4920038550860971
C_ROOK:0.5086251729448729
CE_ROOK:0.4970167815583486
C_CENTERCONTROL:0.5323280972573354
C_DEVELOPPIECES:0.4960282367567046
C_MATERIAL:0.4975795498438886
C_MOVECOUNT:0.49942049991687115
C_PAWNMOVEMENT:0.49401348131731215
