ELO:943
CE_PASSEDPAWNS:0.5509891845537298
CE_PAWNWEAKNESSES:0.4153517179576508
CE_PIECEACTIVITY:0.4395031640079525
CE_KINGPAWNSHIELD:0.38302387524731374
CE_PIECECOORDINATION:0.5074996273574636
CE_MATERIAL:0.46849077225501523
CE_KINGSAFETY:0.507360818386266
C_PIECESQUARETABLES:0.5
C_MOBILITY:0.5133569096720406
C_KINGSAFETY:0.5411604502480931
C_PAWNSTRUCTURE:0.41464366538999936
C_PIECECOORDINATION:0.4380913734375719
C_ROOKANDPAWNMOVEMENT:0.4380913734375719
C_CENTERCONTROL:0.418655923661738
C_DEVELOPPIECES:0.4950390100371243
C_MATERIAL:0.5260083432361844
