ELO:954
CE_PASSEDPAWNS:0.5728429405308475
CE_PAWNWEAKNESSES:0.46098108435605945
CE_PIECEACTIVITY:0.499878607739192
CE_KINGPAWNSHIELD:0.4606039705531719
CE_PIECECOORDINATION:0.46246156556928664
CE_MATERIAL:0.3750823518841234
CE_KINGSAFETY:0.48094995421799247
C_PIECESQUARETABLES:0.5
C_MOBILITY:0.539010097877304
C_KINGSAFETY:0.5401037639539429
C_PAWNSTRUCTURE:0.480620478131549
C_PIECECOORDINATION:0.5412348534380885
C_ROOKANDPAWNMOVEMENT:0.5412348534380885
C_CENTERCONTROL:0.5636231411293916
C_DEVELOPPIECES:0.5940278124290836
C_MATERIAL:0.5151533580795505
