ELO:982
CE_PASSEDPAWNS:0.5160763315016921
CE_PAWNWEAKNESSES:0.5086094244915422
CE_PIECEACTIVITY:0.5249637814153757
CE_KINGPAWNSHIELD:0.4806829941210323
CE_PIECECOORDINATION:0.5204382952921428
CE_MATERIAL:0.5237769557540577
CE_KINGSAFETY:0.5
C_PIECESQUARETABLES:0.49486605924609145
C_MOBILITY:0.49540806029184836
C_KINGSAFETY:0.4962594707329172
C_PAWNSTRUCTURE:0.5087161839004181
C_PIECECOORDINATION:0.48976558366580203
C_ROOK:0.4845724838388939
CE_ROOK:0.5126827522142051
C_CENTERCONTROL:0.46805458764724367
C_DEVELOPPIECES:0.5126128682408692
C_MATERIAL:0.48929812894581687
C_MOVECOUNT:0.49321897476683985
C_PAWNMOVEMENT:0.5192004843435735
