ELO:849
CE_PASSEDPAWNS:0.48089028223118097
CE_PAWNWEAKNESSES:0.4980741556805983
CE_PIECEACTIVITY:0.4558128824340381
CE_KINGPAWNSHIELD:0.5054740709864287
CE_PIECECOORDINATION:0.491392818469179
CE_MATERIAL:0.5457577032558641
CE_KINGSAFETY:0.4914467952792215
C_PIECESQUARETABLES:0.514469937872107
C_MOBILITY:0.4765415154203054
C_KINGSAFETY:0.5443000751576234
C_PAWNSTRUCTURE:0.5186416879580237
C_PIECECOORDINATION:0.5800873784624003
C_ROOKANDPAWNMOVEMENT:0.5800873784624003
C_CENTERCONTROL:0.43001802874692824
C_DEVELOPPIECES:0.47971315699305067
C_MATERIAL:0.4848176356231743
C_MOVECOUNT:0.5571191304806594
