ELO:895
CE_PASSEDPAWNS:0.5351276388291186
CE_PAWNWEAKNESSES:0.5048566804259965
CE_PIECEACTIVITY:0.5388031290572811
CE_KINGPAWNSHIELD:0.5029804895431886
CE_PIECECOORDINATION:0.516781159967569
CE_MATERIAL:0.5019883442804963
CE_KINGSAFETY:0.5092142759300943
C_PIECESQUARETABLES:0.5303407770952661
C_MOBILITY:0.4878560321730464
C_KINGSAFETY:0.4923384979492013
C_PAWNSTRUCTURE:0.5204951378553755
C_PIECECOORDINATION:0.48207576915965344
C_ROOKANDPAWNMOVEMENT:0.48207576915965344
C_CENTERCONTROL:0.4875453526401046
C_DEVELOPPIECES:0.5283314376269366
C_MATERIAL:0.4946730985931771
C_MOVECOUNT:0.5
