ELO:710
CE_PASSEDPAWNS:0.5524511636416405
CE_PAWNWEAKNESSES:0.5221759891186224
CE_PIECEACTIVITY:0.531938566893885
CE_KINGPAWNSHIELD:0.5316482944990952
CE_PIECECOORDINATION:0.5647218811766339
CE_MATERIAL:0.5367101265213448
CE_KINGSAFETY:0.49615427945686513
C_PIECESQUARETABLES:0.513177591830243
C_MOBILITY:0.4839634157508799
C_KINGSAFETY:0.4275256263106147
C_PAWNSTRUCTURE:0.6206706432714775
C_PIECECOORDINATION:0.5088429569169379
C_ROOKANDPAWNMOVEMENT:0.5088429569169379
C_CENTERCONTROL:0.4736745407902954
C_DEVELOPPIECES:0.5036172266971626
C_MATERIAL:0.47935235458349607
C_MOVECOUNT:0.5
