ELO:1040
CE_PASSEDPAWNS:0.5
CE_PAWNWEAKNESSES:0.5
CE_PIECEACTIVITY:0.5064235506530307
CE_KINGPAWNSHIELD:0.5
CE_PIECECOORDINATION:0.49937204560111514
CE_MATERIAL:0.5088282309819069
CE_KINGSAFETY:0.5093576414246751
C_PIECESQUARETABLES:0.5
C_MOBILITY:0.5
C_KINGSAFETY:0.5
C_PAWNSTRUCTURE:0.4983680861142293
C_PIECECOORDINATION:0.5026336828446853
C_ROOK:0.5
CE_ROOK:0.5
C_CENTERCONTROL:0.5218580173764414
C_DEVELOPPIECES:0.5119090298851398
C_MATERIAL:0.5
C_MOVECOUNT:0.5
C_PAWNMOVEMENT:0.5
