ELO:732
CE_PASSEDPAWNS:0.5530957849642293
CE_PAWNWEAKNESSES:0.5265844006284232
CE_PIECEACTIVITY:0.36091736177785794
CE_KINGPAWNSHIELD:0.47753888615828555
CE_PIECECOORDINATION:0.5106651829224254
CE_MATERIAL:0.43633151033111306
CE_KINGSAFETY:0.5141152328650004
C_PIECESQUARETABLES:0.4791505444935879
C_MOBILITY:0.47490499950171644
C_KINGSAFETY:0.49589918922733844
C_PAWNSTRUCTURE:0.4579056945747168
C_PIECECOORDINATION:0.5685175648543549
C_ROOKANDPAWNMOVEMENT:0.5685175648543549
C_CENTERCONTROL:0.47334835906284123
C_DEVELOPPIECES:0.5125590666740995
C_MATERIAL:0.5974553410881956
C_MOVECOUNT:0.5
