ELO:1000
CE_PASSEDPAWNS:0.517819852814519
CE_PAWNWEAKNESSES:0.5320145092513021
CE_PIECEACTIVITY:0.4799638300083211
CE_KINGPAWNSHIELD:0.49726937745519373
CE_PIECECOORDINATION:0.4741417488362294
CE_MATERIAL:0.5020422036462917
CE_KINGSAFETY:0.51900439748373
C_PIECESQUARETABLES:0.4991053099164296
C_MOBILITY:0.48667256749694365
C_KINGSAFETY:0.48933443858628295
C_PAWNSTRUCTURE:0.5146379875763031
C_PIECECOORDINATION:0.4875574201630718
C_ROOKANDPAWNMOVEMENT:0.4875574201630718
C_CENTERCONTROL:0.5188346729054686
C_DEVELOPPIECES:0.4989929757069037
C_MATERIAL:0.49116916104071934
