ELO:988
CE_PASSEDPAWNS:0.4823713089559187
CE_PAWNWEAKNESSES:0.48396006495068156
CE_PIECEACTIVITY:0.540039635994262
CE_KINGPAWNSHIELD:0.4868880271940794
CE_PIECECOORDINATION:0.5204382952921428
CE_MATERIAL:0.4829151603166434
CE_KINGSAFETY:0.5
C_PIECESQUARETABLES:0.5
C_MOBILITY:0.4915316890614002
C_KINGSAFETY:0.477706704182355
C_PAWNSTRUCTURE:0.48622638489785863
C_PIECECOORDINATION:0.5108897887253867
C_ROOK:0.48972282289415386
CE_ROOK:0.5222310596759884
C_CENTERCONTROL:0.4885014735325812
C_DEVELOPPIECES:0.5007667440019551
C_MATERIAL:0.510744599751835
C_MOVECOUNT:0.484254033797517
C_PAWNMOVEMENT:0.5298283629678308
