ELO:971
CE_PASSEDPAWNS:0.4882638231742881
CE_PAWNWEAKNESSES:0.4847024310322868
CE_PIECEACTIVITY:0.4304633127794765
CE_KINGPAWNSHIELD:0.5495139225119728
CE_PIECECOORDINATION:0.4736514821817958
CE_MATERIAL:0.5247713981162184
CE_KINGSAFETY:0.49093108752881004
C_PIECESQUARETABLES:0.4798541551324318
C_MOBILITY:0.5768538935885209
C_KINGSAFETY:0.49944290720919854
C_PAWNSTRUCTURE:0.49865123291893987
C_PIECECOORDINATION:0.44647493041919817
C_ROOKANDPAWNMOVEMENT:0.44647493041919817
C_CENTERCONTROL:0.555327332601958
C_DEVELOPPIECES:0.44386473590581993
C_MATERIAL:0.41595380802923737
