ELO:960
CE_PASSEDPAWNS:0.5200168847655491
CE_PAWNWEAKNESSES:0.5137236935384454
CE_PIECEACTIVITY:0.4768708731305333
CE_KINGPAWNSHIELD:0.4899182315614794
CE_PIECECOORDINATION:0.5364975505329652
CE_MATERIAL:0.4754321100953589
CE_KINGSAFETY:0.5060730670918212
C_PIECESQUARETABLES:0.5027997823009686
C_MOBILITY:0.5121651453414915
C_KINGSAFETY:0.5469976015517714
C_PAWNSTRUCTURE:0.5018737641568116
C_PIECECOORDINATION:0.46934481466762024
C_ROOK:0.46816931449304605
CE_ROOK:0.5056627522780336
C_CENTERCONTROL:0.5091333993362465
C_DEVELOPPIECES:0.5114531355272728
C_MATERIAL:0.5662844384463738
C_MOVECOUNT:0.5150217566436515
C_PAWNMOVEMENT:0.49820304546738947
