ELO:966
CE_PASSEDPAWNS:0.48854118148305714
CE_PAWNWEAKNESSES:0.43650036404794584
CE_PIECEACTIVITY:0.48364457542203365
CE_KINGPAWNSHIELD:0.4806829941210323
CE_PIECECOORDINATION:0.5030658524628098
CE_MATERIAL:0.49255860986349914
CE_KINGSAFETY:0.5
C_PIECESQUARETABLES:0.5
C_MOBILITY:0.4877687198327297
C_KINGSAFETY:0.5377147580659684
C_PAWNSTRUCTURE:0.523208385394504
C_PIECECOORDINATION:0.5026660645714774
C_ROOK:0.5145064522920132
CE_ROOK:0.5126827522142051
C_CENTERCONTROL:0.46805458764724367
C_DEVELOPPIECES:0.5288675951112881
C_MATERIAL:0.5149425619923146
C_MOVECOUNT:0.49321897476683985
C_PAWNMOVEMENT:0.5188944368911983
