ELO:927
CE_PASSEDPAWNS:0.5708212744620808
CE_PAWNWEAKNESSES:0.5474016309044448
CE_PIECEACTIVITY:0.4872526568192744
CE_KINGPAWNSHIELD:0.4384729175698844
CE_PIECECOORDINATION:0.5970114507550325
CE_MATERIAL:0.4996375418918313
CE_KINGSAFETY:0.49086272047731133
C_PIECESQUARETABLES:0.5107342430575413
C_MOBILITY:0.5735644602259268
C_KINGSAFETY:0.4365028266471566
C_PAWNSTRUCTURE:0.44202553179856846
C_PIECECOORDINATION:0.48736972245795707
C_ROOKANDPAWNMOVEMENT:0.48736972245795707
C_CENTERCONTROL:0.6111345613908562
C_DEVELOPPIECES:0.5563945527561349
C_MATERIAL:0.44230913287055973
