ELO:1000
CE_PASSEDPAWNS:0.5
CE_PAWNWEAKNESSES:0.5140587440109734
CE_PIECEACTIVITY:0.5
CE_KINGPAWNSHIELD:0.5
CE_PIECECOORDINATION:0.5
CE_MATERIAL:0.5077443765981533
CE_KINGSAFETY:0.5
C_PIECESQUARETABLES:0.5071549831882074
C_MOBILITY:0.5078141987037635
C_KINGSAFETY:0.5
C_PAWNSTRUCTURE:0.5006492138238362
C_PIECECOORDINATION:0.5043229250002819
C_ROOK:0.49335874571672406
CE_ROOK:0.5
C_CENTERCONTROL:0.5108939487927017
C_DEVELOPPIECES:0.5
C_MATERIAL:0.5
C_MOVECOUNT:0.5
C_PAWNMOVEMENT:0.5
