ELO:914
CE_PASSEDPAWNS:0.5110827024007774
CE_PAWNWEAKNESSES:0.502486520162498
CE_PIECEACTIVITY:0.5092311219205666
CE_KINGPAWNSHIELD:0.5433223783737818
CE_PIECECOORDINATION:0.5232193451442755
CE_MATERIAL:0.462964010093912
CE_KINGSAFETY:0.5025538754254657
C_PIECESQUARETABLES:0.49279383471892907
C_MOBILITY:0.5273412983410051
C_KINGSAFETY:0.5661091525462943
C_PAWNSTRUCTURE:0.5252696548449743
C_PIECECOORDINATION:0.49949933534044083
C_ROOKANDPAWNMOVEMENT:0.49949933534044083
C_CENTERCONTROL:0.4269892721344128
C_DEVELOPPIECES:0.5428674294531574
C_MATERIAL:0.4815740590026744
C_MOVECOUNT:0.5115024720971727
