ELO:996
CE_PASSEDPAWNS:0.479092902914234
CE_PAWNWEAKNESSES:0.5225798907072767
CE_PIECEACTIVITY:0.5
CE_KINGPAWNSHIELD:0.4881154852365592
CE_PIECECOORDINATION:0.5120914760628281
CE_MATERIAL:0.5325109261825679
CE_KINGSAFETY:0.5
C_PIECESQUARETABLES:0.5007872216076243
C_MOBILITY:0.524336089361498
C_KINGSAFETY:0.5179358599060937
C_PAWNSTRUCTURE:0.49553501049936405
C_PIECECOORDINATION:0.495730894523623
C_ROOK:0.48500901064417656
CE_ROOK:0.5
C_CENTERCONTROL:0.5130525804488633
C_DEVELOPPIECES:0.4884984330341823
C_MATERIAL:0.5276061620778978
C_MOVECOUNT:0.49695813264028
C_PAWNMOVEMENT:0.48693365274512707
