ELO:1005
CE_PASSEDPAWNS:0.4911649511931341
CE_PAWNWEAKNESSES:0.5201907923521963
CE_PIECEACTIVITY:0.5008669447468652
CE_KINGPAWNSHIELD:0.4919845441529673
CE_PIECECOORDINATION:0.5201424421229683
CE_MATERIAL:0.5026751200597591
CE_KINGSAFETY:0.485503139998458
C_PIECESQUARETABLES:0.5032342271985573
C_MOBILITY:0.5121651453414915
C_KINGSAFETY:0.5404557140302909
C_PAWNSTRUCTURE:0.505060100674836
C_PIECECOORDINATION:0.4719429836599605
C_ROOK:0.47554262325142166
CE_ROOK:0.502645251260182
C_CENTERCONTROL:0.5104609425739226
C_DEVELOPPIECES:0.5050801407384083
C_MATERIAL:0.5492132530007615
C_MOVECOUNT:0.5014852310460719
C_PAWNMOVEMENT:0.48952223873045075
