ELO:915
CE_PASSEDPAWNS:0.49796676785810545
CE_PAWNWEAKNESSES:0.5180766221421308
CE_PIECEACTIVITY:0.5099026129325452
CE_KINGPAWNSHIELD:0.5151494221670114
CE_PIECECOORDINATION:0.5319192879468515
CE_MATERIAL:0.4880589276759831
CE_KINGSAFETY:0.489786433443849
C_PIECESQUARETABLES:0.487726588755381
C_MOBILITY:0.523742171229263
C_KINGSAFETY:0.5337139709658177
C_PAWNSTRUCTURE:0.5425902295706857
C_PIECECOORDINATION:0.48682399281196376
C_ROOKANDPAWNMOVEMENT:0.48682399281196376
C_CENTERCONTROL:0.46489905737135495
C_DEVELOPPIECES:0.5342710219939176
C_MATERIAL:0.47962860932757373
C_MOVECOUNT:0.5125877557763263
