ELO:640
CE_PASSEDPAWNS:0.557521550373635
CE_PAWNWEAKNESSES:0.5584625988075701
CE_PIECEACTIVITY:0.35436520536000243
CE_KINGPAWNSHIELD:0.45020138408129523
CE_PIECECOORDINATION:0.5008859216230401
CE_MATERIAL:0.4222737222339739
CE_KINGSAFETY:0.5262845806773255
C_PIECESQUARETABLES:0.45004003201412246
C_MOBILITY:0.4815593299902987
C_KINGSAFETY:0.4925816260452108
C_PAWNSTRUCTURE:0.45324181586881784
C_PIECECOORDINATION:0.5316722246394551
C_ROOKANDPAWNMOVEMENT:0.5316722246394551
C_CENTERCONTROL:0.47137750445428084
C_DEVELOPPIECES:0.5696525307336735
C_MATERIAL:0.6270379523549917
C_MOVECOUNT:0.5
