ELO:1000
CE_PASSEDPAWNS:0.5328627479671266
CE_PAWNWEAKNESSES:0.5536841511503525
CE_PIECEACTIVITY:0.49922128568753077
CE_KINGPAWNSHIELD:0.4866770137321571
CE_PIECECOORDINATION:0.46086837509360584
CE_MATERIAL:0.4938390993277437
CE_KINGSAFETY:0.4692407523545488
C_PIECESQUARETABLES:0.5395764579513823
C_MOBILITY:0.5450910599762818
C_KINGSAFETY:0.49934787472643466
C_PAWNSTRUCTURE:0.47626381060761835
C_PIECECOORDINATION:0.5095736821786853
C_ROOKANDPAWNMOVEMENT:0.5095736821786853
C_CENTERCONTROL:0.5171877055048509
C_DEVELOPPIECES:0.4931404065097929
C_MATERIAL:0.49470266479389186
