ELO:955
CE_PASSEDPAWNS:0.4885442984403783
CE_PAWNWEAKNESSES:0.5
CE_PIECEACTIVITY:0.36625158564895993
CE_KINGPAWNSHIELD:0.5007300628660027
CE_PIECECOORDINATION:0.5332629485176207
CE_MATERIAL:0.4842243280398608
CE_KINGSAFETY:0.5
C_PIECESQUARETABLES:0.5
C_MOBILITY:0.48359956867802156
C_KINGSAFETY:0.5310493350741666
C_PAWNSTRUCTURE:0.5121543886242734
C_PIECECOORDINATION:0.4902060327981139
C_ROOKANDPAWNMOVEMENT:0.4902060327981139
C_CENTERCONTROL:0.7077552726956953
C_DEVELOPPIECES:0.45917114825593214
C_MATERIAL:0.4887024044767712
C_MOVECOUNT:0.45925744350035363
