ELO:975
CE_PASSEDPAWNS:0.5173491563218514
CE_PAWNWEAKNESSES:0.5240037330911178
CE_PIECEACTIVITY:0.4728326008456937
CE_KINGPAWNSHIELD:0.4980177932673403
CE_PIECECOORDINATION:0.5289892382739179
CE_MATERIAL:0.4911967899409537
CE_KINGSAFETY:0.4969025985270323
C_PIECESQUARETABLES:0.4927743709625572
C_MOBILITY:0.5121651453414915
C_KINGSAFETY:0.5356695490661291
C_PAWNSTRUCTURE:0.4944960518867688
C_PIECECOORDINATION:0.46399399056154367
C_ROOK:0.47554262325142166
CE_ROOK:0.49914711304422044
C_CENTERCONTROL:0.518492257325209
C_DEVELOPPIECES:0.5050801407384083
C_MATERIAL:0.5662844384463738
C_MOVECOUNT:0.49886640399237975
C_PAWNMOVEMENT:0.4897068181618762
