ELO:927
CE_PASSEDPAWNS:0.5970973173446215
CE_PAWNWEAKNESSES:0.5421847347089755
CE_PIECEACTIVITY:0.49250675703856095
CE_KINGPAWNSHIELD:0.4177070026447034
CE_PIECECOORDINATION:0.5933892041225376
CE_MATERIAL:0.4963810735999727
CE_KINGSAFETY:0.47051181523360486
C_PIECESQUARETABLES:0.5092165056498353
C_MOBILITY:0.5946570023576627
C_KINGSAFETY:0.4354806760532569
C_PAWNSTRUCTURE:0.45872028682030236
C_PIECECOORDINATION:0.47310558533969804
C_ROOKANDPAWNMOVEMENT:0.47310558533969804
C_CENTERCONTROL:0.6225147350329127
C_DEVELOPPIECES:0.5677597216504414
C_MATERIAL:0.4326879519702815
