ELO:992
CE_PASSEDPAWNS:0.5030605803669267
CE_PAWNWEAKNESSES:0.5160018654360348
CE_PIECEACTIVITY:0.5008669447468652
CE_KINGPAWNSHIELD:0.5025030164141701
CE_PIECECOORDINATION:0.5204200032355512
CE_MATERIAL:0.5006880544457659
CE_KINGSAFETY:0.49190480897890043
C_PIECESQUARETABLES:0.5032342271985573
C_MOBILITY:0.5121651453414915
C_KINGSAFETY:0.5404557140302909
C_PAWNSTRUCTURE:0.505060100674836
C_PIECECOORDINATION:0.4719429836599605
C_ROOK:0.47554262325142166
CE_ROOK:0.5081021269950414
C_CENTERCONTROL:0.5104609425739226
C_DEVELOPPIECES:0.5050801407384083
C_MATERIAL:0.5492132530007615
C_MOVECOUNT:0.5102395227684984
C_PAWNMOVEMENT:0.48968707631504427
