ELO:992
CE_PASSEDPAWNS:0.4791481631030394
CE_PAWNWEAKNESSES:0.4906288925048072
CE_PIECEACTIVITY:0.4291298038658159
CE_KINGPAWNSHIELD:0.5593291082038817
CE_PIECECOORDINATION:0.48604039396315757
CE_MATERIAL:0.519352340365272
CE_KINGSAFETY:0.4850056074833963
C_PIECESQUARETABLES:0.47605277570872084
C_MOBILITY:0.5508365285335028
C_KINGSAFETY:0.531230903427111
C_PAWNSTRUCTURE:0.48902441219364456
C_PIECECOORDINATION:0.46700537296997885
C_ROOKANDPAWNMOVEMENT:0.46700537296997885
C_CENTERCONTROL:0.546977172940568
C_DEVELOPPIECES:0.4379005883208733
C_MATERIAL:0.4067915126098669
