ELO:1000
CE_PASSEDPAWNS:0.5016757897040804
CE_PAWNWEAKNESSES:0.49685966893255784
CE_PIECEACTIVITY:0.5
CE_KINGPAWNSHIELD:0.5
CE_PIECECOORDINATION:0.5
CE_MATERIAL:0.5212723246948617
CE_KINGSAFETY:0.5027344308647711
C_PIECESQUARETABLES:0.5
C_MOBILITY:0.5087046873097403
C_KINGSAFETY:0.5030835096879681
C_PAWNSTRUCTURE:0.5066076015450044
C_PIECECOORDINATION:0.4800613879481928
C_ROOKANDPAWNMOVEMENT:0.4800613879481928
C_CENTERCONTROL:0.4886635227218108
C_DEVELOPPIECES:0.5
C_MATERIAL:0.5
