ELO:1000
CE_PASSEDPAWNS:0.5391693380021293
CE_PAWNWEAKNESSES:0.5444214250502973
CE_PIECEACTIVITY:0.4856732187896676
CE_KINGPAWNSHIELD:0.4771942597875664
CE_PIECECOORDINATION:0.4966405345006625
CE_MATERIAL:0.4822398427194806
CE_KINGSAFETY:0.46474552202881997
C_PIECESQUARETABLES:0.5173460493646236
C_MOBILITY:0.5247169993308758
C_KINGSAFETY:0.5083166986220888
C_PAWNSTRUCTURE:0.48801313173321575
C_PIECECOORDINATION:0.5127407020688353
C_ROOKANDPAWNMOVEMENT:0.5127407020688353
C_CENTERCONTROL:0.5338280279266479
C_DEVELOPPIECES:0.4909153220888267
C_MATERIAL:0.4931658246937922
