ELO:697
CE_PASSEDPAWNS:0.5710197367136494
CE_PAWNWEAKNESSES:0.49625909575679794
CE_PIECEACTIVITY:0.520457186826844
CE_KINGPAWNSHIELD:0.5338450466097827
CE_PIECECOORDINATION:0.5760260850332333
CE_MATERIAL:0.5248719680205991
CE_KINGSAFETY:0.5023797267467034
C_PIECESQUARETABLES:0.5
C_MOBILITY:0.45128967140400705
C_KINGSAFETY:0.40703257774164325
C_PAWNSTRUCTURE:0.6098463318746028
C_PIECECOORDINATION:0.5137965648235792
C_ROOKANDPAWNMOVEMENT:0.5137965648235792
C_CENTERCONTROL:0.45786314388221444
C_DEVELOPPIECES:0.48802933112729197
C_MATERIAL:0.49634647760024536
C_MOVECOUNT:0.5
