ELO:1000
CE_PASSEDPAWNS:0.5145532436565011
CE_PAWNWEAKNESSES:0.49177303874419165
CE_PIECEACTIVITY:0.45997408678987556
CE_KINGPAWNSHIELD:0.46261133126945053
CE_PIECECOORDINATION:0.5127635404757241
CE_MATERIAL:0.6038814022013255
CE_KINGSAFETY:0.4883579941970223
C_PIECESQUARETABLES:0.5344911292557692
C_MOBILITY:0.5234538812119686
C_KINGSAFETY:0.48652570536901885
C_PAWNSTRUCTURE:0.543973775968984
C_PIECECOORDINATION:0.4495070075964308
C_ROOKANDPAWNMOVEMENT:0.4495070075964308
C_CENTERCONTROL:0.5119225436152562
C_DEVELOPPIECES:0.49046899726767074
C_MATERIAL:0.5342020732427947
