ELO:996
CE_PASSEDPAWNS:0.49011404100060474
CE_PAWNWEAKNESSES:0.5240349771383002
CE_PIECEACTIVITY:0.49693011044007046
CE_KINGPAWNSHIELD:0.4842263911044692
CE_PIECECOORDINATION:0.537183364261677
CE_MATERIAL:0.49823735130947316
CE_KINGSAFETY:0.5120356952478067
C_PIECESQUARETABLES:0.4897173165213039
C_MOBILITY:0.5358975138802458
C_KINGSAFETY:0.584376943448494
C_PAWNSTRUCTURE:0.5041474676401702
C_PIECECOORDINATION:0.5025497060428835
C_ROOKANDPAWNMOVEMENT:0.5025497060428835
C_CENTERCONTROL:0.48819929280955476
C_DEVELOPPIECES:0.47328929352902427
C_MATERIAL:0.48755005193927153
C_MOVECOUNT:0.43749587637272097
