ELO:983
CE_PASSEDPAWNS:0.5008088648885779
CE_PAWNWEAKNESSES:0.5157904260915727
CE_PIECEACTIVITY:0.5097205897394669
CE_KINGPAWNSHIELD:0.4688711437820156
CE_PIECECOORDINATION:0.4947180596037617
CE_MATERIAL:0.5190707827193198
CE_KINGSAFETY:0.4716942033272507
C_PIECESQUARETABLES:0.495347881085912
C_MOBILITY:0.46807937227957946
C_KINGSAFETY:0.49024242339743085
C_PAWNSTRUCTURE:0.506293743456783
C_PIECECOORDINATION:0.4962040179937003
C_ROOKANDPAWNMOVEMENT:0.4962040179937003
C_CENTERCONTROL:0.5220105750292542
C_DEVELOPPIECES:0.4857603990432925
C_MATERIAL:0.48829560059715776
