ELO:1019
CE_PASSEDPAWNS:0.4717602275166862
CE_PAWNWEAKNESSES:0.43905733317197815
CE_PIECEACTIVITY:0.4521155472482966
CE_KINGPAWNSHIELD:0.550765977491709
CE_PIECECOORDINATION:0.5050413856414523
CE_MATERIAL:0.50381327007432
CE_KINGSAFETY:0.47748063577903155
C_PIECESQUARETABLES:0.46000747828609406
C_MOBILITY:0.5431763537103799
C_KINGSAFETY:0.5324141462483614
C_PAWNSTRUCTURE:0.4809133636791539
C_PIECECOORDINATION:0.44105158347036927
C_ROOKANDPAWNMOVEMENT:0.44105158347036927
C_CENTERCONTROL:0.5418659905826119
C_DEVELOPPIECES:0.42488674991164477
C_MATERIAL:0.37404208186100973
