ELO:989
CE_PASSEDPAWNS:0.3733522000761423
CE_PAWNWEAKNESSES:0.5011589423411912
CE_PIECEACTIVITY:0.5703493440218974
CE_KINGPAWNSHIELD:0.44988480590225793
CE_PIECECOORDINATION:0.462939039183849
CE_MATERIAL:0.5008369668021546
CE_KINGSAFETY:0.5
C_PIECESQUARETABLES:0.5
C_MOBILITY:0.4981404113746569
C_KINGSAFETY:0.5655331084093087
C_PAWNSTRUCTURE:0.31678452172797006
C_PIECECOORDINATION:0.4455295289066636
C_ROOKANDPAWNMOVEMENT:0.4455295289066636
C_CENTERCONTROL:0.35421623548171033
C_DEVELOPPIECES:0.48463106472835726
C_MATERIAL:0.692134292922113
