ELO:1002
CE_PASSEDPAWNS:0.4990507090401876
CE_PAWNWEAKNESSES:0.48396006495068156
CE_PIECEACTIVITY:0.5522530691119719
CE_KINGPAWNSHIELD:0.4942099565315767
CE_PIECECOORDINATION:0.4967959461992944
CE_MATERIAL:0.4920407876591001
CE_KINGSAFETY:0.5
C_PIECESQUARETABLES:0.5
C_MOBILITY:0.4915316890614002
C_KINGSAFETY:0.46298286703297536
C_PAWNSTRUCTURE:0.5063033586153741
C_PIECECOORDINATION:0.5200587711481103
C_ROOK:0.48972282289415386
CE_ROOK:0.5221912629796174
C_CENTERCONTROL:0.45726101526614454
C_DEVELOPPIECES:0.5178565951557476
C_MATERIAL:0.47294475406579567
C_MOVECOUNT:0.45993138121384947
C_PAWNMOVEMENT:0.46990389709928526
