ELO:701
CE_PASSEDPAWNS:0.5519609305092921
CE_PAWNWEAKNESSES:0.5114176393752241
CE_PIECEACTIVITY:0.4986568791879607
CE_KINGPAWNSHIELD:0.49547994129909206
CE_PIECECOORDINATION:0.5392570739108534
CE_MATERIAL:0.5053931282844926
CE_KINGSAFETY:0.5291352721751477
C_PIECESQUARETABLES:0.4704983024980974
C_MOBILITY:0.42445386099615623
C_KINGSAFETY:0.4533944088521406
C_PAWNSTRUCTURE:0.5479136516773367
C_PIECECOORDINATION:0.5096618053973757
C_ROOKANDPAWNMOVEMENT:0.5096618053973757
C_CENTERCONTROL:0.4830053530848513
C_DEVELOPPIECES:0.5120606279846418
C_MATERIAL:0.4989697903621188
C_MOVECOUNT:0.5
