ELO:968
CE_PASSEDPAWNS:0.505489876342918
CE_PAWNWEAKNESSES:0.502811583021562
CE_PIECEACTIVITY:0.5091795103712408
CE_KINGPAWNSHIELD:0.4641923375300802
CE_PIECECOORDINATION:0.5013700712848898
CE_MATERIAL:0.4945083822873363
CE_KINGSAFETY:0.49446888749629153
C_PIECESQUARETABLES:0.5019882700755207
C_MOBILITY:0.5089129255770051
C_KINGSAFETY:0.4760801383401454
C_PAWNSTRUCTURE:0.5
C_PIECECOORDINATION:0.5154089165400285
C_ROOKANDPAWNMOVEMENT:0.5154089165400285
C_CENTERCONTROL:0.5079427451818745
C_DEVELOPPIECES:0.4846802073324312
C_MATERIAL:0.5092040266662559
C_MOVECOUNT:0.5136479477602078
