ELO:797
CE_PASSEDPAWNS:0.47150013742830865
CE_PAWNWEAKNESSES:0.47810592730613416
CE_PIECEACTIVITY:0.431694404080672
CE_KINGPAWNSHIELD:0.49991309627534286
CE_PIECECOORDINATION:0.486355265358936
CE_MATERIAL:0.5243307112873024
CE_KINGSAFETY:0.5022931337230608
C_PIECESQUARETABLES:0.5084382244936457
C_MOBILITY:0.48692662527885866
C_KINGSAFETY:0.52464050120749
C_PAWNSTRUCTURE:0.526580262546799
C_PIECECOORDINATION:0.580837395310228
C_ROOKANDPAWNMOVEMENT:0.580837395310228
C_CENTERCONTROL:0.4261287537990755
C_DEVELOPPIECES:0.47283016616582046
C_MATERIAL:0.4484020667761513
C_MOVECOUNT:0.5475793947627515
