ELO:1010
CE_PASSEDPAWNS:0.47411539173464823
CE_PAWNWEAKNESSES:0.44963181635769184
CE_PIECEACTIVITY:0.4292092653082786
CE_KINGPAWNSHIELD:0.5766281153052117
CE_PIECECOORDINATION:0.4732612176626127
CE_MATERIAL:0.5037161819266689
CE_KINGSAFETY:0.485575996485456
C_PIECESQUARETABLES:0.47605277570872084
C_MOBILITY:0.5463201990964606
C_KINGSAFETY:0.5337346214816919
C_PAWNSTRUCTURE:0.4836137015678535
C_PIECECOORDINATION:0.4544504859173714
C_ROOKANDPAWNMOVEMENT:0.4544504859173714
C_CENTERCONTROL:0.5499094308887641
C_DEVELOPPIECES:0.4285355878428524
C_MATERIAL:0.40503009174283655
