ELO:1005
CE_PASSEDPAWNS:0.4690348828044752
CE_PAWNWEAKNESSES:0.507318093643312
CE_PIECEACTIVITY:0.49156792977537245
CE_KINGPAWNSHIELD:0.5486870825306857
CE_PIECECOORDINATION:0.5011104980516888
CE_MATERIAL:0.46416362675648426
CE_KINGSAFETY:0.5
C_PIECESQUARETABLES:0.5
C_MOBILITY:0.5014640266235872
C_KINGSAFETY:0.4699788242076066
C_PAWNSTRUCTURE:0.47960076828113696
C_PIECECOORDINATION:0.5168564573665481
C_ROOK:0.5099748085010218
CE_ROOK:0.4863324650030785
C_CENTERCONTROL:0.4844589996792851
C_DEVELOPPIECES:0.5022918890320295
C_MATERIAL:0.5003954436729884
C_MOVECOUNT:0.4781126926424103
C_PAWNMOVEMENT:0.5060951471904528
