ELO:999
CE_PASSEDPAWNS:0.45540604755364594
CE_PAWNWEAKNESSES:0.42259796764937024
CE_PIECEACTIVITY:0.49559794820114067
CE_KINGPAWNSHIELD:0.5001907034285601
CE_PIECECOORDINATION:0.5112965383814462
CE_MATERIAL:0.49319769290314136
CE_KINGSAFETY:0.5
C_PIECESQUARETABLES:0.4921402719245221
C_MOBILITY:0.4549559545072393
C_KINGSAFETY:0.4948751915009703
C_PAWNSTRUCTURE:0.534977729881425
C_PIECECOORDINATION:0.5311197541981143
C_ROOKANDPAWNMOVEMENT:0.5311197541981143
C_CENTERCONTROL:0.4961669333013775
C_DEVELOPPIECES:0.43660848376194
C_MATERIAL:0.5623470680992428
