ELO:999
CE_PASSEDPAWNS:0.46432279803303333
CE_PAWNWEAKNESSES:0.42259796764937024
CE_PIECEACTIVITY:0.4907893620175772
CE_KINGPAWNSHIELD:0.5001907034285601
CE_PIECECOORDINATION:0.5215051578857012
CE_MATERIAL:0.49403261050716357
CE_KINGSAFETY:0.5071278346022507
C_PIECESQUARETABLES:0.49822044496193013
C_MOBILITY:0.44463181491979303
C_KINGSAFETY:0.49638500123203133
C_PAWNSTRUCTURE:0.5316898231935507
C_PIECECOORDINATION:0.5371725757310731
C_ROOKANDPAWNMOVEMENT:0.5371725757310731
C_CENTERCONTROL:0.4875717078632667
C_DEVELOPPIECES:0.4430465028183144
C_MATERIAL:0.5670561881249659
