ELO:892
CE_PASSEDPAWNS:0.45406089282027096
CE_PAWNWEAKNESSES:0.5102929696585744
CE_PIECEACTIVITY:0.5106658893112777
CE_KINGPAWNSHIELD:0.5040020513596615
CE_PIECECOORDINATION:0.5364906547581864
CE_MATERIAL:0.4534380277718386
CE_KINGSAFETY:0.5133777819659077
C_PIECESQUARETABLES:0.5280817481178253
C_MOBILITY:0.46791296484048206
C_KINGSAFETY:0.4847515657721978
C_PAWNSTRUCTURE:0.5234118658578231
C_PIECECOORDINATION:0.47728359145249505
C_ROOK:0.5566536025549006
CE_ROOK:0.4921486546449577
C_CENTERCONTROL:0.5161635159491935
C_DEVELOPPIECES:0.49816229066403134
C_MATERIAL:0.4945937286937126
C_MOVECOUNT:0.5236185055486401
C_PAWNMOVEMENT:0.49947527836158145
