ELO:998
CE_PASSEDPAWNS:0.49679429237870054
CE_PAWNWEAKNESSES:0.5101332030819217
CE_PIECEACTIVITY:0.5040444305418582
CE_KINGPAWNSHIELD:0.4900906686159922
CE_PIECECOORDINATION:0.4906734433777268
CE_MATERIAL:0.48592200439467564
CE_KINGSAFETY:0.5082160815395123
C_PIECESQUARETABLES:0.5034812456264535
C_MOBILITY:0.5
C_KINGSAFETY:0.5017783610303443
C_PAWNSTRUCTURE:0.5049663882432904
C_PIECECOORDINATION:0.5248981963078279
C_ROOKANDPAWNMOVEMENT:0.5248981963078279
C_CENTERCONTROL:0.4977364839206901
C_DEVELOPPIECES:0.5088982176827989
C_MATERIAL:0.4931531014074649
