ELO:834
CE_PASSEDPAWNS:0.49987583229779997
CE_PAWNWEAKNESSES:0.48501549785183723
CE_PIECEACTIVITY:0.543175506381628
CE_KINGPAWNSHIELD:0.4634234717075035
CE_PIECECOORDINATION:0.4311686673234538
CE_MATERIAL:0.48904629282146195
CE_KINGSAFETY:0.5
C_PIECESQUARETABLES:0.5
C_MOBILITY:0.5215978225331698
C_KINGSAFETY:0.5235742747809634
C_PAWNSTRUCTURE:0.4953830502874278
C_PIECECOORDINATION:0.4738929909942117
C_ROOKANDPAWNMOVEMENT:0.4738929909942117
C_CENTERCONTROL:0.4462158527958279
C_DEVELOPPIECES:0.41794039787713416
C_MATERIAL:0.5774172762377984
C_MOVECOUNT:0.5
