ELO:1000
CE_PASSEDPAWNS:0.529820151568279
CE_PAWNWEAKNESSES:0.4838100140703088
CE_PIECEACTIVITY:0.4610220928084044
CE_KINGPAWNSHIELD:0.4901071554124019
CE_PIECECOORDINATION:0.5264964481050073
CE_MATERIAL:0.5915137534048496
CE_KINGSAFETY:0.4936255523162954
C_PIECESQUARETABLES:0.5028814801066576
C_MOBILITY:0.5180323617554022
C_KINGSAFETY:0.525463626850392
C_PAWNSTRUCTURE:0.5349231635271128
C_PIECECOORDINATION:0.4695239409187528
C_ROOKANDPAWNMOVEMENT:0.4695239409187528
C_CENTERCONTROL:0.49179115005646556
C_DEVELOPPIECES:0.4895550586302202
C_MATERIAL:0.4968174830420913
