ELO:1035
CE_PASSEDPAWNS:0.5175609481400145
CE_PAWNWEAKNESSES:0.5
CE_PIECEACTIVITY:0.499274929371624
CE_KINGPAWNSHIELD:0.4927454548582075
CE_PIECECOORDINATION:0.5091298275148489
CE_MATERIAL:0.5018264250565408
CE_KINGSAFETY:0.5
C_PIECESQUARETABLES:0.5
C_MOBILITY:0.5
C_KINGSAFETY:0.5091064985256504
C_PAWNSTRUCTURE:0.5034315612914325
C_PIECECOORDINATION:0.5
C_ROOKANDPAWNMOVEMENT:0.5
C_CENTERCONTROL:0.49825659069847167
C_DEVELOPPIECES:0.4820143184425009
C_MATERIAL:0.5082453924310035
C_MOVECOUNT:0.5045827812539575
