ELO:988
CE_PASSEDPAWNS:0.37411071033405163
CE_PAWNWEAKNESSES:0.5159804433344081
CE_PIECEACTIVITY:0.5515399148754938
CE_KINGPAWNSHIELD:0.47219130312804836
CE_PIECECOORDINATION:0.4540952824145216
CE_MATERIAL:0.524895023649051
CE_KINGSAFETY:0.5023679457447255
C_PIECESQUARETABLES:0.5051486020745352
C_MOBILITY:0.6106431556756368
C_KINGSAFETY:0.5116754657988196
C_PAWNSTRUCTURE:0.32659486032772983
C_PIECECOORDINATION:0.45331938424042056
C_ROOKANDPAWNMOVEMENT:0.45331938424042056
C_CENTERCONTROL:0.37028602637289904
C_DEVELOPPIECES:0.48063896464582784
C_MATERIAL:0.6814814206511128
