ELO:1000
CE_PASSEDPAWNS:0.5405569205507532
CE_PAWNWEAKNESSES:0.4965823348749553
CE_PIECEACTIVITY:0.4650110592234595
CE_KINGPAWNSHIELD:0.5270142627110532
CE_PIECECOORDINATION:0.5329046622939612
CE_MATERIAL:0.5168577326261932
CE_KINGSAFETY:0.5896937867710987
C_PIECESQUARETABLES:0.5204592654448827
C_MOBILITY:0.4259928876547627
C_KINGSAFETY:0.5416987717395143
C_PAWNSTRUCTURE:0.5260016766294441
C_PIECECOORDINATION:0.4925411554374242
C_ROOKANDPAWNMOVEMENT:0.4925411554374242
C_CENTERCONTROL:0.48245927259388505
C_DEVELOPPIECES:0.4043787011664728
C_MATERIAL:0.5132986934775644
