ELO:1000
CE_PASSEDPAWNS:0.5097719785010905
CE_PAWNWEAKNESSES:0.49077762901951555
CE_PIECEACTIVITY:0.4835693438904841
CE_KINGPAWNSHIELD:0.5242207054969484
CE_PIECECOORDINATION:0.517273203998651
CE_MATERIAL:0.5000342680214944
CE_KINGSAFETY:0.5588821703521148
C_PIECESQUARETABLES:0.49517121193160124
C_MOBILITY:0.4724436298274362
C_KINGSAFETY:0.5253939141948716
C_PAWNSTRUCTURE:0.5093696211955495
C_PIECECOORDINATION:0.4685509321512857
C_ROOKANDPAWNMOVEMENT:0.4685509321512857
C_CENTERCONTROL:0.48485095731481975
C_DEVELOPPIECES:0.46091957104691994
C_MATERIAL:0.5066580626050854
