ELO:901
CE_PASSEDPAWNS:0.5475446929467245
CE_PAWNWEAKNESSES:0.4993629519819313
CE_PIECEACTIVITY:0.4200692019226748
CE_KINGPAWNSHIELD:0.6447758348073978
CE_PIECECOORDINATION:0.6524245857754216
CE_MATERIAL:0.47777335428801304
CE_KINGSAFETY:0.5055469161647872
C_PIECESQUARETABLES:0.48310069503193176
C_MOBILITY:0.4103162972925696
C_KINGSAFETY:0.6134543098467965
C_PAWNSTRUCTURE:0.5607202923127632
C_PIECECOORDINATION:0.47359544377959084
C_ROOKANDPAWNMOVEMENT:0.47359544377959084
C_CENTERCONTROL:0.4916175801139706
C_DEVELOPPIECES:0.4141225067338817
C_MATERIAL:0.6450942352362282
