ELO:951
CE_PASSEDPAWNS:0.5145872666045207
CE_PAWNWEAKNESSES:0.4898911360150324
CE_PIECEACTIVITY:0.5211069973332171
CE_KINGPAWNSHIELD:0.4983153269556822
CE_PIECECOORDINATION:0.5002448266676959
CE_MATERIAL:0.4731435945130661
CE_KINGSAFETY:0.4916159505556335
C_PIECESQUARETABLES:0.49568960123072425
C_MOBILITY:0.5132948039450894
C_KINGSAFETY:0.4817373650993841
C_PAWNSTRUCTURE:0.4850115322534419
C_PIECECOORDINATION:0.4915193104528423
C_ROOK:0.515808473972298
CE_ROOK:0.5174230505833779
C_CENTERCONTROL:0.5105403754044752
C_DEVELOPPIECES:0.5324697602164069
C_MATERIAL:0.48136689223057294
C_MOVECOUNT:0.5123338668835975
C_PAWNMOVEMENT:0.498740407305151
