ELO:883
CE_PASSEDPAWNS:0.4751688684838329
CE_PAWNWEAKNESSES:0.49895757597840706
CE_PIECEACTIVITY:0.49209177726231357
CE_KINGPAWNSHIELD:0.49216785989312795
CE_PIECECOORDINATION:0.5281171589425677
CE_MATERIAL:0.5197682318283037
CE_KINGSAFETY:0.49068228646822526
C_PIECESQUARETABLES:0.5213739416249602
C_MOBILITY:0.4723818680847931
C_KINGSAFETY:0.4858026668273306
C_PAWNSTRUCTURE:0.4514181847112629
C_PIECECOORDINATION:0.5172840286534814
C_ROOKANDPAWNMOVEMENT:0.5172840286534814
C_CENTERCONTROL:0.4883358962172655
C_DEVELOPPIECES:0.5400298373306772
C_MATERIAL:0.5151411226947868
C_MOVECOUNT:0.5
