ELO:906
CE_PASSEDPAWNS:0.5285267960368215
CE_PAWNWEAKNESSES:0.49142695803186115
CE_PIECEACTIVITY:0.44504714836818654
CE_KINGPAWNSHIELD:0.6318308706116496
CE_PIECECOORDINATION:0.6594199784915244
CE_MATERIAL:0.4957524414243443
CE_KINGSAFETY:0.5212252818844731
C_PIECESQUARETABLES:0.4921168477007162
C_MOBILITY:0.4053849254998035
C_KINGSAFETY:0.5744744266255428
C_PAWNSTRUCTURE:0.5598614818476806
C_PIECECOORDINATION:0.47322329306611843
C_ROOKANDPAWNMOVEMENT:0.47322329306611843
C_CENTERCONTROL:0.48070587926540553
C_DEVELOPPIECES:0.4389038413321149
C_MATERIAL:0.5964207149894694
