ELO:1000
CE_PASSEDPAWNS:0.4884028205748298
CE_PAWNWEAKNESSES:0.4987394537049366
CE_PIECEACTIVITY:0.5034488697636785
CE_KINGPAWNSHIELD:0.5
CE_PIECECOORDINATION:0.5063012055758962
CE_MATERIAL:0.48953441383932894
CE_KINGSAFETY:0.504502734960631
C_PIECESQUARETABLES:0.5123336232657995
C_MOBILITY:0.49556033777050335
C_KINGSAFETY:0.5
C_PAWNSTRUCTURE:0.5
C_PIECECOORDINATION:0.5
C_ROOKANDPAWNMOVEMENT:0.5
C_CENTERCONTROL:0.4926428870605757
C_DEVELOPPIECES:0.5
C_MATERIAL:0.49213514921236423
