ELO:1000
CE_PASSEDPAWNS:0.5051156163622618
CE_PAWNWEAKNESSES:0.49852139679114077
CE_PIECEACTIVITY:0.504288601311486
CE_KINGPAWNSHIELD:0.5160973447958732
CE_PIECECOORDINATION:0.49049641389174503
CE_MATERIAL:0.485288660999162
CE_KINGSAFETY:0.5280448870748988
C_PIECESQUARETABLES:0.506460767558944
C_MOBILITY:0.5056695425699375
C_KINGSAFETY:0.5021128006571334
C_PAWNSTRUCTURE:0.4997411616446005
C_PIECECOORDINATION:0.4973178129398932
C_ROOKANDPAWNMOVEMENT:0.4973178129398932
C_CENTERCONTROL:0.49018950503848974
C_DEVELOPPIECES:0.4965159241466911
C_MATERIAL:0.5107541769923976
