ELO:963
CE_PASSEDPAWNS:0.49621710038897776
CE_PAWNWEAKNESSES:0.41261932516577576
CE_PIECEACTIVITY:0.4492824559720607
CE_KINGPAWNSHIELD:0.5500502752787423
CE_PIECECOORDINATION:0.47530185462432545
CE_MATERIAL:0.467140330605898
CE_KINGSAFETY:0.5115768996304754
C_PIECESQUARETABLES:0.5014805366515949
C_MOBILITY:0.45233338594235634
C_KINGSAFETY:0.5047735499996112
C_PAWNSTRUCTURE:0.5298955795497055
C_PIECECOORDINATION:0.5203952119743607
C_ROOKANDPAWNMOVEMENT:0.5203952119743607
C_CENTERCONTROL:0.4413191176677783
C_DEVELOPPIECES:0.38829117809826985
C_MATERIAL:0.5412434339597348
