ELO:1089
CE_PASSEDPAWNS:0.6216628427623379
CE_PAWNWEAKNESSES:0.4913955703625296
CE_PIECEACTIVITY:0.4749362909216822
CE_KINGPAWNSHIELD:0.48579477149164907
CE_PIECECOORDINATION:0.4803925721213925
CE_MATERIAL:0.46131508289355017
CE_KINGSAFETY:0.49469474543722763
C_PIECESQUARETABLES:0.5
C_MOBILITY:0.41781437482907113
C_KINGSAFETY:0.5045336891230054
C_PAWNSTRUCTURE:0.41159374709656454
C_PIECECOORDINATION:0.47863206872267633
C_ROOKANDPAWNMOVEMENT:0.47863206872267633
C_CENTERCONTROL:0.521183321398153
C_DEVELOPPIECES:0.5757913049809192
C_MATERIAL:0.42037145141469806
