ELO:944
CE_PASSEDPAWNS:0.5083871110812825
CE_PAWNWEAKNESSES:0.4734036510482281
CE_PIECEACTIVITY:0.5256366997614796
CE_KINGPAWNSHIELD:0.42213585849077867
CE_PIECECOORDINATION:0.42895446028215933
CE_MATERIAL:0.48958436284271634
CE_KINGSAFETY:0.5
C_PIECESQUARETABLES:0.5
C_MOBILITY:0.4928885672018848
C_KINGSAFETY:0.49165360990924656
C_PAWNSTRUCTURE:0.4594827473848571
C_PIECECOORDINATION:0.47662699125586877
C_ROOKANDPAWNMOVEMENT:0.47662699125586877
C_CENTERCONTROL:0.4504221370037648
C_DEVELOPPIECES:0.4314719782193947
C_MATERIAL:0.6402263010544132
