ELO:989
CE_PASSEDPAWNS:0.3671258369474086
CE_PAWNWEAKNESSES:0.5086530027826172
CE_PIECEACTIVITY:0.5594978002495871
CE_KINGPAWNSHIELD:0.4734674623699465
CE_PIECECOORDINATION:0.46544225017118723
CE_MATERIAL:0.5125313430690898
CE_KINGSAFETY:0.5
C_PIECESQUARETABLES:0.503635416889898
C_MOBILITY:0.4896872761853008
C_KINGSAFETY:0.5516225189224501
C_PAWNSTRUCTURE:0.32659486032772983
C_PIECECOORDINATION:0.44024252711536743
C_ROOKANDPAWNMOVEMENT:0.44024252711536743
C_CENTERCONTROL:0.35488331713916
C_DEVELOPPIECES:0.48463106472835726
C_MATERIAL:0.6828983766046607
