ELO:1000
CE_PASSEDPAWNS:0.528883850781845
CE_PAWNWEAKNESSES:0.4585730385815335
CE_PIECEACTIVITY:0.45526321786155577
CE_KINGPAWNSHIELD:0.546049630626716
CE_PIECECOORDINATION:0.5266328712259642
CE_MATERIAL:0.5165115643200427
CE_KINGSAFETY:0.5005015283928655
C_PIECESQUARETABLES:0.5607771025253132
C_MOBILITY:0.48929412065645495
C_KINGSAFETY:0.48089712159343384
C_PAWNSTRUCTURE:0.5137758243796822
C_PIECECOORDINATION:0.48360897414756027
C_ROOKANDPAWNMOVEMENT:0.48360897414756027
C_CENTERCONTROL:0.4846166765406841
C_DEVELOPPIECES:0.44699598785610756
C_MATERIAL:0.5388553152979461
