ELO:978
CE_PASSEDPAWNS:0.5063078757620354
CE_PAWNWEAKNESSES:0.4213248553496547
CE_PIECEACTIVITY:0.47572419136918564
CE_KINGPAWNSHIELD:0.554580143455683
CE_PIECECOORDINATION:0.48852815713178976
CE_MATERIAL:0.45091130529320866
CE_KINGSAFETY:0.49006428886469694
C_PIECESQUARETABLES:0.49772118520476044
C_MOBILITY:0.4537799446492016
C_KINGSAFETY:0.5209002688926182
C_PAWNSTRUCTURE:0.4963933463632607
C_PIECECOORDINATION:0.542672571543534
C_ROOKANDPAWNMOVEMENT:0.542672571543534
C_CENTERCONTROL:0.4948215685848641
C_DEVELOPPIECES:0.3682660839432732
C_MATERIAL:0.5186829393717663
