ELO:988
CE_PASSEDPAWNS:0.5783966769745773
CE_PAWNWEAKNESSES:0.4943104705994302
CE_PIECEACTIVITY:0.44586632149650457
CE_KINGPAWNSHIELD:0.5666400467590013
CE_PIECECOORDINATION:0.5785824053407786
CE_MATERIAL:0.5133416483230088
CE_KINGSAFETY:0.4786395309565509
C_PIECESQUARETABLES:0.5114914488257442
C_MOBILITY:0.4554347620415441
C_KINGSAFETY:0.5871267791827313
C_PAWNSTRUCTURE:0.5386736403511169
C_PIECECOORDINATION:0.4947915013324267
C_ROOKANDPAWNMOVEMENT:0.4947915013324267
C_CENTERCONTROL:0.45098492338493956
C_DEVELOPPIECES:0.4455429165785334
C_MATERIAL:0.5241810630986684
