ELO:988
CE_PASSEDPAWNS:0.5182349071102063
CE_PAWNWEAKNESSES:0.4355307114663482
CE_PIECEACTIVITY:0.5578494070897397
CE_KINGPAWNSHIELD:0.47296228941213614
CE_PIECECOORDINATION:0.4540952824145216
CE_MATERIAL:0.5051353681411039
CE_KINGSAFETY:0.5153344882075231
C_PIECESQUARETABLES:0.5108502908320962
C_MOBILITY:0.5057386129983886
C_KINGSAFETY:0.5594371967321389
C_PAWNSTRUCTURE:0.32540936987674557
C_PIECECOORDINATION:0.4403780818278281
C_ROOKANDPAWNMOVEMENT:0.4403780818278281
C_CENTERCONTROL:0.35388108932447954
C_DEVELOPPIECES:0.48063896464582784
C_MATERIAL:0.6818228900131518
