ELO:1000
CE_PASSEDPAWNS:0.5007960462634565
CE_PAWNWEAKNESSES:0.5054264190883581
CE_PIECEACTIVITY:0.5011946140165413
CE_KINGPAWNSHIELD:0.49286135965824884
CE_PIECECOORDINATION:0.5046623140731373
CE_MATERIAL:0.48990534706322914
CE_KINGSAFETY:0.5202590098400433
C_PIECESQUARETABLES:0.49030677002042083
C_MOBILITY:0.47601230844205045
C_KINGSAFETY:0.507713573067433
C_PAWNSTRUCTURE:0.49451790835254505
C_PIECECOORDINATION:0.5004070973134881
C_ROOKANDPAWNMOVEMENT:0.5004070973134881
C_CENTERCONTROL:0.49163424254919813
C_DEVELOPPIECES:0.49070336000558223
C_MATERIAL:0.5171770269829218
