ELO:981
CE_PASSEDPAWNS:0.5524051687786036
CE_PAWNWEAKNESSES:0.5314262678886349
CE_PIECEACTIVITY:0.4973347543800464
CE_KINGPAWNSHIELD:0.5121446302366321
CE_PIECECOORDINATION:0.5041373305259483
CE_MATERIAL:0.5419255685676578
CE_KINGSAFETY:0.5
C_PIECESQUARETABLES:0.5
C_MOBILITY:0.4716019818996213
C_KINGSAFETY:0.46990590650912606
C_PAWNSTRUCTURE:0.45117655436671833
C_PIECECOORDINATION:0.4909902384720583
C_ROOK:0.5099479016942009
CE_ROOK:0.5341796477795272
C_CENTERCONTROL:0.526919927314315
C_DEVELOPPIECES:0.5116790496228046
C_MATERIAL:0.5115815093018656
C_MOVECOUNT:0.47267920689212456
C_PAWNMOVEMENT:0.5238971052422602
