ELO:1000
CE_PASSEDPAWNS:0.5
CE_PAWNWEAKNESSES:0.5
CE_PIECEACTIVITY:0.4964207486309675
CE_KINGPAWNSHIELD:0.4884094720558129
CE_PIECECOORDINATION:0.5
CE_MATERIAL:0.492341052164996
CE_KINGSAFETY:0.48891345800290853
C_PIECESQUARETABLES:0.5
C_MOBILITY:0.48931503177520136
C_KINGSAFETY:0.5
C_PAWNSTRUCTURE:0.492651924666642
C_PIECECOORDINATION:0.5
C_ROOKANDPAWNMOVEMENT:0.5
C_CENTERCONTROL:0.5111302480053161
C_DEVELOPPIECES:0.5
C_MATERIAL:0.493111795225725
C_MOVECOUNT:0.5103913125238486
