ELO:899
CE_PASSEDPAWNS:0.5621623149680803
CE_PAWNWEAKNESSES:0.5050249941574257
CE_PIECEACTIVITY:0.4285328105963508
CE_KINGPAWNSHIELD:0.6432724827270012
CE_PIECECOORDINATION:0.6590237209017483
CE_MATERIAL:0.4647841610483142
CE_KINGSAFETY:0.5047227892936984
C_PIECESQUARETABLES:0.4799043869427606
C_MOBILITY:0.41784862644273535
C_KINGSAFETY:0.6129051703343101
C_PAWNSTRUCTURE:0.5601599087876757
C_PIECECOORDINATION:0.4879462283454963
C_ROOKANDPAWNMOVEMENT:0.4879462283454963
C_CENTERCONTROL:0.4891996019692428
C_DEVELOPPIECES:0.40464622506354586
C_MATERIAL:0.6375406333420631
