ELO:982
CE_PASSEDPAWNS:0.48375032549454716
CE_PAWNWEAKNESSES:0.5314262678886349
CE_PIECEACTIVITY:0.4917031191698205
CE_KINGPAWNSHIELD:0.5121446302366321
CE_PIECECOORDINATION:0.4908512786524617
CE_MATERIAL:0.46131449561252547
CE_KINGSAFETY:0.5
C_PIECESQUARETABLES:0.5
C_MOBILITY:0.4716019818996213
C_KINGSAFETY:0.46990590650912606
C_PAWNSTRUCTURE:0.45117655436671833
C_PIECECOORDINATION:0.4909902384720583
C_ROOK:0.5099479016942009
CE_ROOK:0.5260501608834532
C_CENTERCONTROL:0.49928006934993263
C_DEVELOPPIECES:0.5263159443029025
C_MATERIAL:0.5153037507723806
C_MOVECOUNT:0.5004312606227973
C_PAWNMOVEMENT:0.47665429700056966
