ELO:983
CE_PASSEDPAWNS:0.5170604873017042
CE_PAWNWEAKNESSES:0.5148888946392837
CE_PIECEACTIVITY:0.48271837678094376
CE_KINGPAWNSHIELD:0.5337541087802465
CE_PIECECOORDINATION:0.48287711891478974
CE_MATERIAL:0.504960834156813
CE_KINGSAFETY:0.5
C_PIECESQUARETABLES:0.5
C_MOBILITY:0.5104904546886989
C_KINGSAFETY:0.47719324272971314
C_PAWNSTRUCTURE:0.4783851093281056
C_PIECECOORDINATION:0.5020939457019299
C_ROOK:0.5145064522920132
CE_ROOK:0.5165856400359724
C_CENTERCONTROL:0.49199521703506915
C_DEVELOPPIECES:0.5497040219878222
C_MATERIAL:0.5149425619923146
C_MOVECOUNT:0.5121562913607467
C_PAWNMOVEMENT:0.518687514686579
