ELO:987
CE_PASSEDPAWNS:0.505066722001501
CE_PAWNWEAKNESSES:0.5000969720101206
CE_PIECEACTIVITY:0.4800580699152834
CE_KINGPAWNSHIELD:0.5054494437154161
CE_PIECECOORDINATION:0.46478963628806225
CE_MATERIAL:0.4897286951657145
CE_KINGSAFETY:0.5
C_PIECESQUARETABLES:0.49764313507195485
C_MOBILITY:0.5042311848068961
C_KINGSAFETY:0.5011145900219082
C_PAWNSTRUCTURE:0.4995762438477835
C_PIECECOORDINATION:0.5
C_ROOKANDPAWNMOVEMENT:0.5
C_CENTERCONTROL:0.5
C_DEVELOPPIECES:0.4814066075502257
C_MATERIAL:0.5038884475159721
C_MOVECOUNT:0.518763805200136
