ELO:1011
CE_PASSEDPAWNS:0.49166741924736074
CE_PAWNWEAKNESSES:0.5067294505779514
CE_PIECEACTIVITY:0.49026271253867565
CE_KINGPAWNSHIELD:0.5303188290016134
CE_PIECECOORDINATION:0.49789518424019374
CE_MATERIAL:0.49600660670884483
CE_KINGSAFETY:0.48823693973721705
C_PIECESQUARETABLES:0.5
C_MOBILITY:0.5
C_KINGSAFETY:0.4742225798738523
C_PAWNSTRUCTURE:0.5
C_PIECECOORDINATION:0.5040233095510648
C_ROOKANDPAWNMOVEMENT:0.5040233095510648
C_CENTERCONTROL:0.5
C_DEVELOPPIECES:0.5
C_MATERIAL:0.502126669620171
C_MOVECOUNT:0.5068990959874113
