ELO:989
CE_PASSEDPAWNS:0.5
CE_PAWNWEAKNESSES:0.48854335120121417
CE_PIECEACTIVITY:0.5213538745125283
CE_KINGPAWNSHIELD:0.4791441641725159
CE_PIECECOORDINATION:0.500053313438649
CE_MATERIAL:0.5003781123053417
CE_KINGSAFETY:0.49635734287476235
C_PIECESQUARETABLES:0.5
C_MOBILITY:0.5084902339546888
C_KINGSAFETY:0.4976961207192924
C_PAWNSTRUCTURE:0.49118615436207275
C_PIECECOORDINATION:0.5088303845974941
C_ROOKANDPAWNMOVEMENT:0.5088303845974941
C_CENTERCONTROL:0.5052159952720775
C_DEVELOPPIECES:0.488888367051127
C_MATERIAL:0.5
C_MOVECOUNT:0.5108491498099252
