ELO:969
CE_PASSEDPAWNS:0.4970452412333378
CE_PAWNWEAKNESSES:0.5245594364798619
CE_PIECEACTIVITY:0.5385976127858527
CE_KINGPAWNSHIELD:0.5121446302366321
CE_PIECECOORDINATION:0.5041373305259483
CE_MATERIAL:0.5092560037865277
CE_KINGSAFETY:0.5
C_PIECESQUARETABLES:0.5
C_MOBILITY:0.4716019818996213
C_KINGSAFETY:0.46990590650912606
C_PAWNSTRUCTURE:0.47229996450026107
C_PIECECOORDINATION:0.4909902384720583
C_ROOK:0.5272298454178094
CE_ROOK:0.5243961737878999
C_CENTERCONTROL:0.521052619977016
C_DEVELOPPIECES:0.4968278524840384
C_MATERIAL:0.5072388880069038
C_MOVECOUNT:0.4905491790725066
C_PAWNMOVEMENT:0.5383502774046154
