ELO:919
CE_PASSEDPAWNS:0.5319685193216062
CE_PAWNWEAKNESSES:0.5124213511719583
CE_PIECEACTIVITY:0.4291135692825145
CE_KINGPAWNSHIELD:0.6258528985622627
CE_PIECECOORDINATION:0.6355298187879346
CE_MATERIAL:0.5136148660207036
CE_KINGSAFETY:0.4899163799192665
C_PIECESQUARETABLES:0.48177663714986346
C_MOBILITY:0.4405003787344538
C_KINGSAFETY:0.5962957076712089
C_PAWNSTRUCTURE:0.5466633605803837
C_PIECECOORDINATION:0.4562543167318406
C_ROOKANDPAWNMOVEMENT:0.4562543167318406
C_CENTERCONTROL:0.48071930260255746
C_DEVELOPPIECES:0.4606194638156308
C_MATERIAL:0.5903673086510779
