ELO:1000
CE_PASSEDPAWNS:0.540998518972605
CE_PAWNWEAKNESSES:0.46206358198074293
CE_PIECEACTIVITY:0.465240185664409
CE_KINGPAWNSHIELD:0.5298375395798034
CE_PIECECOORDINATION:0.5276151053897145
CE_MATERIAL:0.514760359609864
CE_KINGSAFETY:0.5225901489353266
C_PIECESQUARETABLES:0.5071248235725624
C_MOBILITY:0.4626174221966109
C_KINGSAFETY:0.48775042970314475
C_PAWNSTRUCTURE:0.5166893456504553
C_PIECECOORDINATION:0.5032614766185128
C_ROOKANDPAWNMOVEMENT:0.5032614766185128
C_CENTERCONTROL:0.4421662112941713
C_DEVELOPPIECES:0.4041246195336941
C_MATERIAL:0.5343728528868968
