ELO:986
CE_PASSEDPAWNS:0.5184675868609745
CE_PAWNWEAKNESSES:0.45642936035383175
CE_PIECEACTIVITY:0.5233499135798809
CE_KINGPAWNSHIELD:0.49758028353016936
CE_PIECECOORDINATION:0.5044973805426326
CE_MATERIAL:0.49679114275954633
CE_KINGSAFETY:0.5221441015864106
C_PIECESQUARETABLES:0.4650450947888629
C_MOBILITY:0.5064668911861882
C_KINGSAFETY:0.4107489012597132
C_PAWNSTRUCTURE:0.5134451542579215
C_PIECECOORDINATION:0.5025497060428835
C_ROOKANDPAWNMOVEMENT:0.5025497060428835
C_CENTERCONTROL:0.4816609520730398
C_DEVELOPPIECES:0.5069262530139658
C_MATERIAL:0.49869215555053237
C_MOVECOUNT:0.43749587637272097
