ELO:980
CE_PASSEDPAWNS:0.5125312063019187
CE_PAWNWEAKNESSES:0.5111539446158562
CE_PIECEACTIVITY:0.5091992671647162
CE_KINGPAWNSHIELD:0.5107862891059852
CE_PIECECOORDINATION:0.5053091930780332
CE_MATERIAL:0.4973709063576996
CE_KINGSAFETY:0.4962317107978661
C_PIECESQUARETABLES:0.4969730847688713
C_MOBILITY:0.5180007601459421
C_KINGSAFETY:0.4934157393492881
C_PAWNSTRUCTURE:0.4923084660742641
C_PIECECOORDINATION:0.4915193104528423
C_ROOK:0.5086131965301027
CE_ROOK:0.5309972293520742
C_CENTERCONTROL:0.4991744108768813
C_DEVELOPPIECES:0.5065794879085819
C_MATERIAL:0.4745839336315529
C_MOVECOUNT:0.5100128429397832
C_PAWNMOVEMENT:0.5033274415743627
