ELO:999
CE_PASSEDPAWNS:0.5553591935087843
CE_PAWNWEAKNESSES:0.4932511915083754
CE_PIECEACTIVITY:0.47426525425329913
CE_KINGPAWNSHIELD:0.5374634110363633
CE_PIECECOORDINATION:0.5179994979376622
CE_MATERIAL:0.5338393399122863
CE_KINGSAFETY:0.48874255094600916
C_PIECESQUARETABLES:0.49460897798768017
C_MOBILITY:0.4313991748323713
C_KINGSAFETY:0.5484512203509058
C_PAWNSTRUCTURE:0.5521608168413843
C_PIECECOORDINATION:0.48868063957854424
C_ROOKANDPAWNMOVEMENT:0.48868063957854424
C_CENTERCONTROL:0.4840286906837956
C_DEVELOPPIECES:0.42132978583078473
C_MATERIAL:0.5140399699045316
