ELO:898
CE_PASSEDPAWNS:0.5497104868749892
CE_PAWNWEAKNESSES:0.47402558031264735
CE_PIECEACTIVITY:0.42818998786763696
CE_KINGPAWNSHIELD:0.6371782610005894
CE_PIECECOORDINATION:0.6697571645819702
CE_MATERIAL:0.4688727963776023
CE_KINGSAFETY:0.5247552083116774
C_PIECESQUARETABLES:0.4833606291842325
C_MOBILITY:0.41915793984398714
C_KINGSAFETY:0.6156951952444213
C_PAWNSTRUCTURE:0.554185288242131
C_PIECECOORDINATION:0.503497081358348
C_ROOKANDPAWNMOVEMENT:0.503497081358348
C_CENTERCONTROL:0.4843237539212499
C_DEVELOPPIECES:0.384739607928886
C_MATERIAL:0.6256348788565923
