ELO:992
CE_PASSEDPAWNS:0.5334977015059155
CE_PAWNWEAKNESSES:0.4925061936222964
CE_PIECEACTIVITY:0.49204023118983425
CE_KINGPAWNSHIELD:0.5013969088810557
CE_PIECECOORDINATION:0.4073481356949236
CE_MATERIAL:0.5024922298471148
CE_KINGSAFETY:0.5
C_PIECESQUARETABLES:0.5
C_MOBILITY:0.471753631585008
C_KINGSAFETY:0.5067321104029844
C_PAWNSTRUCTURE:0.5274403262369297
C_PIECECOORDINATION:0.5535464128931693
C_ROOK:0.4822609402452527
CE_ROOK:0.5208891222659997
C_CENTERCONTROL:0.49500406223562304
C_DEVELOPPIECES:0.468576943974531
C_MATERIAL:0.45743527049508753
C_MOVECOUNT:0.4760219308894175
C_PAWNMOVEMENT:0.4580263027062803
