ELO:962
CE_PASSEDPAWNS:0.36466930616248405
CE_PAWNWEAKNESSES:0.4564621442762427
CE_PIECEACTIVITY:0.4124175243743802
CE_KINGPAWNSHIELD:0.5083343970477506
CE_PIECECOORDINATION:0.5471578164002573
CE_MATERIAL:0.408836337104541
CE_KINGSAFETY:0.5049353792488604
C_PIECESQUARETABLES:0.458251422798433
C_MOBILITY:0.43436347183104795
C_KINGSAFETY:0.5091010745766055
C_PAWNSTRUCTURE:0.6416995513535738
C_PIECECOORDINATION:0.6006842502071948
C_ROOKANDPAWNMOVEMENT:0.6006842502071948
C_CENTERCONTROL:0.5008507699924684
C_DEVELOPPIECES:0.4314719782193947
C_MATERIAL:0.5938073447905002
