ELO:1046
CE_PASSEDPAWNS:0.5
CE_PAWNWEAKNESSES:0.5030521650763471
CE_PIECEACTIVITY:0.5013960713889211
CE_KINGPAWNSHIELD:0.5015381938016968
CE_PIECECOORDINATION:0.5
CE_MATERIAL:0.48417729420845695
CE_KINGSAFETY:0.5104377906025144
C_PIECESQUARETABLES:0.4891640500560377
C_MOBILITY:0.5
C_KINGSAFETY:0.5
C_PAWNSTRUCTURE:0.5107544567393251
C_PIECECOORDINATION:0.49133274561304097
C_ROOKANDPAWNMOVEMENT:0.49133274561304097
C_CENTERCONTROL:0.4759363755316335
C_DEVELOPPIECES:0.5
C_MATERIAL:0.49759331858522954
C_MOVECOUNT:0.5
