ELO:1000
CE_PASSEDPAWNS:0.5296267891111625
CE_PAWNWEAKNESSES:0.46750310408054746
CE_PIECEACTIVITY:0.4590114227610122
CE_KINGPAWNSHIELD:0.5462520246055669
CE_PIECECOORDINATION:0.5266328712259642
CE_MATERIAL:0.5052784849222031
CE_KINGSAFETY:0.5
C_PIECESQUARETABLES:0.5
C_MOBILITY:0.47899613967408583
C_KINGSAFETY:0.4789034668798268
C_PAWNSTRUCTURE:0.5232911598031824
C_PIECECOORDINATION:0.4959458804067552
C_ROOKANDPAWNMOVEMENT:0.4959458804067552
C_CENTERCONTROL:0.4970472041218584
C_DEVELOPPIECES:0.4308975351491902
C_MATERIAL:0.5232305380912237
