ELO:953
CE_PASSEDPAWNS:0.4875002709862576
CE_PAWNWEAKNESSES:0.4111593886328367
CE_PIECEACTIVITY:0.4679747759399901
CE_KINGPAWNSHIELD:0.5360160320505338
CE_PIECECOORDINATION:0.4905687160922206
CE_MATERIAL:0.46509923595813407
CE_KINGSAFETY:0.5348011663105989
C_PIECESQUARETABLES:0.5086407357922109
C_MOBILITY:0.4370187583485371
C_KINGSAFETY:0.5299790870516036
C_PAWNSTRUCTURE:0.5304541939945413
C_PIECECOORDINATION:0.5066234406902683
C_ROOKANDPAWNMOVEMENT:0.5066234406902683
C_CENTERCONTROL:0.4123783865571242
C_DEVELOPPIECES:0.3988960547812639
C_MATERIAL:0.5514912484745397
