ELO:902
CE_PASSEDPAWNS:0.4419488629873326
CE_PAWNWEAKNESSES:0.44989837936026816
CE_PIECEACTIVITY:0.47681498088898894
CE_KINGPAWNSHIELD:0.5094277813819761
CE_PIECECOORDINATION:0.542998242557978
CE_MATERIAL:0.5034425402483148
CE_KINGSAFETY:0.4924080074164782
C_PIECESQUARETABLES:0.4899559585800144
C_MOBILITY:0.47334227134129453
C_KINGSAFETY:0.47794113839798974
C_PAWNSTRUCTURE:0.44702378510198215
C_PIECECOORDINATION:0.5070954998203446
C_ROOKANDPAWNMOVEMENT:0.5070954998203446
C_CENTERCONTROL:0.45801406085981294
C_DEVELOPPIECES:0.5512407723600777
C_MATERIAL:0.532960810678098
C_MOVECOUNT:0.5
