ELO:971
CE_PASSEDPAWNS:0.5503627858177033
CE_PAWNWEAKNESSES:0.5322232430920092
CE_PIECEACTIVITY:0.4542241480969601
CE_KINGPAWNSHIELD:0.6192720919704959
CE_PIECECOORDINATION:0.6017702525111898
CE_MATERIAL:0.5075472361075837
CE_KINGSAFETY:0.4603694168565703
C_PIECESQUARETABLES:0.47541054230016855
C_MOBILITY:0.44951190452875306
C_KINGSAFETY:0.5990307864076277
C_PAWNSTRUCTURE:0.5477723794133904
C_PIECECOORDINATION:0.46811968969307416
C_ROOKANDPAWNMOVEMENT:0.46811968969307416
C_CENTERCONTROL:0.46867457369554777
C_DEVELOPPIECES:0.4688520089152177
C_MATERIAL:0.5237272787809745
