ELO:997
CE_PASSEDPAWNS:0.5704539780841412
CE_PAWNWEAKNESSES:0.48605900726741313
CE_PIECEACTIVITY:0.4561112145288078
CE_KINGPAWNSHIELD:0.5517113759952672
CE_PIECECOORDINATION:0.5853699335339018
CE_MATERIAL:0.5138797971430882
CE_KINGSAFETY:0.5113621067423393
C_PIECESQUARETABLES:0.4891477013941172
C_MOBILITY:0.4199806940458446
C_KINGSAFETY:0.5470606519714746
C_PAWNSTRUCTURE:0.5387411352574972
C_PIECECOORDINATION:0.5025773228374694
C_ROOKANDPAWNMOVEMENT:0.5025773228374694
C_CENTERCONTROL:0.4724189255970118
C_DEVELOPPIECES:0.4243941996086217
C_MATERIAL:0.5136062579178731
