ELO:941
CE_PASSEDPAWNS:0.5145067991438326
CE_PAWNWEAKNESSES:0.46334332811512885
CE_PIECEACTIVITY:0.5172714264574129
CE_KINGPAWNSHIELD:0.4986012193237036
CE_PIECECOORDINATION:0.4707274872434509
CE_MATERIAL:0.49331679349508817
CE_KINGSAFETY:0.5199650420745234
C_PIECESQUARETABLES:0.48617454426572954
C_MOBILITY:0.506694656157416
C_KINGSAFETY:0.4978548627352064
C_PAWNSTRUCTURE:0.5033784284035054
C_PIECECOORDINATION:0.49542001961545734
C_ROOKANDPAWNMOVEMENT:0.49542001961545734
C_CENTERCONTROL:0.5183033129927418
C_DEVELOPPIECES:0.46699799939800546
C_MATERIAL:0.4811951894768861
