ELO:980
CE_PASSEDPAWNS:0.5080592057295663
CE_PAWNWEAKNESSES:0.48289886539131777
CE_PIECEACTIVITY:0.4873916989765256
CE_KINGPAWNSHIELD:0.4914734179902573
CE_PIECECOORDINATION:0.49625973754406577
CE_MATERIAL:0.5044178108986137
CE_KINGSAFETY:0.5
C_PIECESQUARETABLES:0.5
C_MOBILITY:0.5
C_KINGSAFETY:0.49510101904229037
C_PAWNSTRUCTURE:0.5112116380402966
C_PIECECOORDINATION:0.5051143122912318
C_ROOKANDPAWNMOVEMENT:0.5051143122912318
C_CENTERCONTROL:0.5088539609209143
C_DEVELOPPIECES:0.5
C_MATERIAL:0.5347686369161948
C_MOVECOUNT:0.5108491498099252
