ELO:980
CE_PASSEDPAWNS:0.5825416945411811
CE_PAWNWEAKNESSES:0.5339024786047373
CE_PIECEACTIVITY:0.4488879628012743
CE_KINGPAWNSHIELD:0.5716330204997347
CE_PIECECOORDINATION:0.6015438699372005
CE_MATERIAL:0.49924395131697796
CE_KINGSAFETY:0.48460557992766906
C_PIECESQUARETABLES:0.4819513425132532
C_MOBILITY:0.4499529059697009
C_KINGSAFETY:0.5789960384850101
C_PAWNSTRUCTURE:0.5514602098866622
C_PIECECOORDINATION:0.49300081857287037
C_ROOKANDPAWNMOVEMENT:0.49300081857287037
C_CENTERCONTROL:0.4482950434454961
C_DEVELOPPIECES:0.43568508996390565
C_MATERIAL:0.5136778162763173
