ELO:891
CE_PASSEDPAWNS:0.5505987950350334
CE_PAWNWEAKNESSES:0.5
CE_PIECEACTIVITY:0.5493466531010609
CE_KINGPAWNSHIELD:0.4948502301128868
CE_PIECECOORDINATION:0.4971126024300513
CE_MATERIAL:0.49101775517549895
CE_KINGSAFETY:0.5011089382864554
C_PIECESQUARETABLES:0.4802383037188539
C_MOBILITY:0.5521177811191679
C_KINGSAFETY:0.43901793007546774
C_PAWNSTRUCTURE:0.5155688178055505
C_PIECECOORDINATION:0.47089919898230537
C_ROOKANDPAWNMOVEMENT:0.47089919898230537
C_CENTERCONTROL:0.503550339016897
C_DEVELOPPIECES:0.5191810686610949
C_MATERIAL:0.4736967483242518
C_MOVECOUNT:0.5
