ELO:906
CE_PASSEDPAWNS:0.5330166485716209
CE_PAWNWEAKNESSES:0.4664258049817027
CE_PIECEACTIVITY:0.5095936206703107
CE_KINGPAWNSHIELD:0.4973925292651677
CE_PIECECOORDINATION:0.5
CE_MATERIAL:0.5464437828658634
CE_KINGSAFETY:0.48909054001608554
C_PIECESQUARETABLES:0.5147828598412828
C_MOBILITY:0.47227026662196214
C_KINGSAFETY:0.5137666865904426
C_PAWNSTRUCTURE:0.47468392408505217
C_PIECECOORDINATION:0.4463119599640037
C_ROOKANDPAWNMOVEMENT:0.4463119599640037
C_CENTERCONTROL:0.5529227340748012
C_DEVELOPPIECES:0.5002375114911195
C_MATERIAL:0.4693409017476289
C_MOVECOUNT:0.5
