ELO:903
CE_PASSEDPAWNS:0.5009655855737452
CE_PAWNWEAKNESSES:0.5074925172365352
CE_PIECEACTIVITY:0.49162461877308267
CE_KINGPAWNSHIELD:0.5092745701642329
CE_PIECECOORDINATION:0.5028393719021401
CE_MATERIAL:0.5182731987952957
CE_KINGSAFETY:0.4968390778763914
C_PIECESQUARETABLES:0.525360987604199
C_MOBILITY:0.46532744554831473
C_KINGSAFETY:0.4910324794495466
C_PAWNSTRUCTURE:0.4560829052008043
C_PIECECOORDINATION:0.49907980546487357
C_ROOKANDPAWNMOVEMENT:0.49907980546487357
C_CENTERCONTROL:0.5072562751537831
C_DEVELOPPIECES:0.5398582809858368
C_MATERIAL:0.5231828155257089
C_MOVECOUNT:0.5
