ELO:998
CE_PASSEDPAWNS:0.5084535650244231
CE_PAWNWEAKNESSES:0.5053773821089617
CE_PIECEACTIVITY:0.49555011379440916
CE_KINGPAWNSHIELD:0.49980120432553465
CE_PIECECOORDINATION:0.49919523533340987
CE_MATERIAL:0.501291771546307
CE_KINGSAFETY:0.4962317107978661
C_PIECESQUARETABLES:0.5107547948309762
C_MOBILITY:0.5078145742743274
C_KINGSAFETY:0.47705409607548543
C_PAWNSTRUCTURE:0.48761997248920813
C_PIECECOORDINATION:0.4915193104528423
C_ROOK:0.5039725555668866
CE_ROOK:0.5072115122564826
C_CENTERCONTROL:0.501677977665175
C_DEVELOPPIECES:0.49589478916930907
C_MATERIAL:0.4770216176044797
C_MOVECOUNT:0.5028685258632154
C_PAWNMOVEMENT:0.5034843937097843
