ELO:951
CE_PASSEDPAWNS:0.5016500356186397
CE_PAWNWEAKNESSES:0.5148888946392837
CE_PIECEACTIVITY:0.5280467963712513
CE_KINGPAWNSHIELD:0.5105374392688513
CE_PIECECOORDINATION:0.5064564016517401
CE_MATERIAL:0.48756548665963434
CE_KINGSAFETY:0.5
C_PIECESQUARETABLES:0.5
C_MOBILITY:0.5152166661889888
C_KINGSAFETY:0.49782529923895696
C_PAWNSTRUCTURE:0.48339357405503125
C_PIECECOORDINATION:0.4915193104528423
C_ROOK:0.5164954804159622
CE_ROOK:0.5228617276331616
C_CENTERCONTROL:0.4986724160515591
C_DEVELOPPIECES:0.5468838678314728
C_MATERIAL:0.47584585432263604
C_MOVECOUNT:0.5145548993051865
C_PAWNMOVEMENT:0.4872715154321848
