ELO:847
CE_PASSEDPAWNS:0.4183371787644711
CE_PAWNWEAKNESSES:0.4606118074476949
CE_PIECEACTIVITY:0.47708163021838124
CE_KINGPAWNSHIELD:0.4954752501906687
CE_PIECECOORDINATION:0.5390854428561178
CE_MATERIAL:0.4299609960411657
CE_KINGSAFETY:0.5050855952835643
C_PIECESQUARETABLES:0.48759643630846755
C_MOBILITY:0.4901716252439318
C_KINGSAFETY:0.48418838746629933
C_PAWNSTRUCTURE:0.419587498915172
C_PIECECOORDINATION:0.509835333726318
C_ROOKANDPAWNMOVEMENT:0.509835333726318
C_CENTERCONTROL:0.4618627000038371
C_DEVELOPPIECES:0.5322355524123373
C_MATERIAL:0.5570349428314182
C_MOVECOUNT:0.5
