ELO:866
CE_PASSEDPAWNS:0.5321578339593414
CE_PAWNWEAKNESSES:0.6473637936232216
CE_PIECEACTIVITY:0.4581207821280137
CE_KINGPAWNSHIELD:0.4982181199421234
CE_PIECECOORDINATION:0.5577558253124218
CE_MATERIAL:0.4395653188985046
CE_KINGSAFETY:0.48461013271022146
C_PIECESQUARETABLES:0.5160469141388228
C_MOBILITY:0.49490514450903283
C_KINGSAFETY:0.5086413784829505
C_PAWNSTRUCTURE:0.4747542039154976
C_PIECECOORDINATION:0.4499636898131118
C_ROOKANDPAWNMOVEMENT:0.4499636898131118
C_CENTERCONTROL:0.5442964682543682
C_DEVELOPPIECES:0.5096159367729755
C_MATERIAL:0.4968524198102999
C_MOVECOUNT:0.5
