ELO:992
CE_PASSEDPAWNS:0.5140272492434218
CE_PAWNWEAKNESSES:0.5003799364757539
CE_PIECEACTIVITY:0.4856286459941628
CE_KINGPAWNSHIELD:0.4810956808436203
CE_PIECECOORDINATION:0.4939169379915813
CE_MATERIAL:0.5024384097693614
CE_KINGSAFETY:0.4975856918887503
C_PIECESQUARETABLES:0.503359941591037
C_MOBILITY:0.497490949303477
C_KINGSAFETY:0.5159786561566216
C_PAWNSTRUCTURE:0.4991919460100176
C_PIECECOORDINATION:0.4968103190894465
C_ROOKANDPAWNMOVEMENT:0.4968103190894465
C_CENTERCONTROL:0.5057390325713306
C_DEVELOPPIECES:0.49030940903862574
C_MATERIAL:0.5012437267050226
C_MOVECOUNT:0.5
