ELO:974
CE_PASSEDPAWNS:0.4962013620589869
CE_PAWNWEAKNESSES:0.4887924302647199
CE_PIECEACTIVITY:0.4932176956314359
CE_KINGPAWNSHIELD:0.5
CE_PIECECOORDINATION:0.49186088671534456
CE_MATERIAL:0.49460511584313915
CE_KINGSAFETY:0.509690171270584
C_PIECESQUARETABLES:0.4985009358935927
C_MOBILITY:0.4850395857379027
C_KINGSAFETY:0.5078605261472735
C_PAWNSTRUCTURE:0.5106071083498116
C_PIECECOORDINATION:0.5015574681054302
C_ROOKANDPAWNMOVEMENT:0.5015574681054302
C_CENTERCONTROL:0.501391706423015
C_DEVELOPPIECES:0.4984106198858899
C_MATERIAL:0.49962938084804565
