ELO:950
CE_PASSEDPAWNS:0.4597279865057967
CE_PAWNWEAKNESSES:0.5779492483380784
CE_PIECEACTIVITY:0.5627230700692816
CE_KINGPAWNSHIELD:0.5610713684250376
CE_PIECECOORDINATION:0.4030168285882838
CE_MATERIAL:0.491767510856524
CE_KINGSAFETY:0.5076979426429759
C_PIECESQUARETABLES:0.5128822361429545
C_MOBILITY:0.503636301112186
C_KINGSAFETY:0.4186798840215017
C_PAWNSTRUCTURE:0.529434539936963
C_PIECECOORDINATION:0.46501581255951674
C_ROOKANDPAWNMOVEMENT:0.46501581255951674
C_CENTERCONTROL:0.46755326843323963
C_DEVELOPPIECES:0.4169891268047508
C_MATERIAL:0.4036495838681487
