ELO:791
CE_PASSEDPAWNS:0.42809645137258234
CE_PAWNWEAKNESSES:0.44002360333031815
CE_PIECEACTIVITY:0.47917642343087524
CE_KINGPAWNSHIELD:0.5084857952459674
CE_PIECECOORDINATION:0.5992049316088934
CE_MATERIAL:0.41722871337502615
CE_KINGSAFETY:0.5083929383130867
C_PIECESQUARETABLES:0.5197836561575849
C_MOBILITY:0.48857363596789477
C_KINGSAFETY:0.4999419786306929
C_PAWNSTRUCTURE:0.4027472436529403
C_PIECECOORDINATION:0.45953092223290015
C_ROOKANDPAWNMOVEMENT:0.45953092223290015
C_CENTERCONTROL:0.6487059898528956
C_DEVELOPPIECES:0.4999975410342752
C_MATERIAL:0.5572451377774492
