ELO:932
CE_PASSEDPAWNS:0.47567061681421385
CE_PAWNWEAKNESSES:0.512389079495876
CE_PIECEACTIVITY:0.49101858086223327
CE_KINGPAWNSHIELD:0.4927790305723133
CE_PIECECOORDINATION:0.5160813569121139
CE_MATERIAL:0.49453380483119785
CE_KINGSAFETY:0.498179051055825
C_PIECESQUARETABLES:0.4884720930035971
C_MOBILITY:0.5015530610102815
C_KINGSAFETY:0.5229713135578078
C_PAWNSTRUCTURE:0.44812974085071217
C_PIECECOORDINATION:0.48144603479190007
C_ROOKANDPAWNMOVEMENT:0.48144603479190007
C_CENTERCONTROL:0.4821989781388985
C_DEVELOPPIECES:0.5151520333935246
C_MATERIAL:0.4601139306177099
C_MOVECOUNT:0.5
