ELO:945
CE_PASSEDPAWNS:0.5135458185682639
CE_PAWNWEAKNESSES:0.4930427795819319
CE_PIECEACTIVITY:0.47786432516463123
CE_KINGPAWNSHIELD:0.5405636310250723
CE_PIECECOORDINATION:0.4828032071236851
CE_MATERIAL:0.533154807270646
CE_KINGSAFETY:0.48958766868909337
C_PIECESQUARETABLES:0.48290218227691056
C_MOBILITY:0.49793018516830073
C_KINGSAFETY:0.489601249284186
C_PAWNSTRUCTURE:0.5264782821455745
C_PIECECOORDINATION:0.5016560441461919
C_ROOKANDPAWNMOVEMENT:0.5016560441461919
C_CENTERCONTROL:0.5325522893031575
C_DEVELOPPIECES:0.5116652429832058
C_MATERIAL:0.5448954979905983
C_MOVECOUNT:0.5
