ELO:1016
CE_PASSEDPAWNS:0.5470796044053742
CE_PAWNWEAKNESSES:0.4806694298255252
CE_PIECEACTIVITY:0.502939485407813
CE_KINGPAWNSHIELD:0.48456748462466864
CE_PIECECOORDINATION:0.4939580946664056
CE_MATERIAL:0.48057989748130914
CE_KINGSAFETY:0.5
C_PIECESQUARETABLES:0.5
C_MOBILITY:0.5398341316400149
C_KINGSAFETY:0.5116868497594064
C_PAWNSTRUCTURE:0.5084365287501169
C_PIECECOORDINATION:0.5182515999081287
C_ROOK:0.4925649765274797
CE_ROOK:0.5003472277118782
C_CENTERCONTROL:0.5197282966320029
C_DEVELOPPIECES:0.4811649262622389
C_MATERIAL:0.47542386456521446
C_MOVECOUNT:0.5018331670220666
C_PAWNMOVEMENT:0.47177221394573227
