ELO:894
CE_PASSEDPAWNS:0.46033540661113476
CE_PAWNWEAKNESSES:0.5504284298650256
CE_PIECEACTIVITY:0.5480486398314902
CE_KINGPAWNSHIELD:0.44975337617856165
CE_PIECECOORDINATION:0.40323067405704416
CE_MATERIAL:0.546415982738911
CE_KINGSAFETY:0.5
C_PIECESQUARETABLES:0.4921189353151268
C_MOBILITY:0.4631356458406863
C_KINGSAFETY:0.45325790676847444
C_PAWNSTRUCTURE:0.5478566550404601
C_PIECECOORDINATION:0.4884715829569522
C_ROOKANDPAWNMOVEMENT:0.4884715829569522
C_CENTERCONTROL:0.5354295994419879
C_DEVELOPPIECES:0.556017481967668
C_MATERIAL:0.5507911252027411
C_MOVECOUNT:0.5
