ELO:997
CE_PASSEDPAWNS:0.49697754698868624
CE_PAWNWEAKNESSES:0.4983572361453954
CE_PIECEACTIVITY:0.5011299868424829
CE_KINGPAWNSHIELD:0.5103438142334339
CE_PIECECOORDINATION:0.5215243330933904
CE_MATERIAL:0.4988351060183714
CE_KINGSAFETY:0.49954151390699986
C_PIECESQUARETABLES:0.48448378645837586
C_MOBILITY:0.4984793047334422
C_KINGSAFETY:0.5026166966767528
C_PAWNSTRUCTURE:0.4957545919199814
C_PIECECOORDINATION:0.5
C_ROOK:0.49104568300406254
CE_ROOK:0.4799462287112187
C_CENTERCONTROL:0.4935464905797507
C_DEVELOPPIECES:0.4913705006010163
C_MATERIAL:0.5206029723343155
C_MOVECOUNT:0.49295879146137966
C_PAWNMOVEMENT:0.5071928523620565
