ELO:1000
CE_PASSEDPAWNS:0.4839430316476997
CE_PAWNWEAKNESSES:0.4296576976919036
CE_PIECEACTIVITY:0.4981410204568898
CE_KINGPAWNSHIELD:0.500774990781811
CE_PIECECOORDINATION:0.5053286872218146
CE_MATERIAL:0.4849485675909682
CE_KINGSAFETY:0.5413045331909626
C_PIECESQUARETABLES:0.4923854097120278
C_MOBILITY:0.46132678667031213
C_KINGSAFETY:0.4980929001409974
C_PAWNSTRUCTURE:0.5080432726608674
C_PIECECOORDINATION:0.4762574937989267
C_ROOKANDPAWNMOVEMENT:0.4762574937989267
C_CENTERCONTROL:0.5373769217245473
C_DEVELOPPIECES:0.535856937215349
C_MATERIAL:0.5280294729219164
