ELO:1000
CE_PASSEDPAWNS:0.46949507184788647
CE_PAWNWEAKNESSES:0.48308222186668603
CE_PIECEACTIVITY:0.5271189333728643
CE_KINGPAWNSHIELD:0.4862335575670559
CE_PIECECOORDINATION:0.44822787885899884
CE_MATERIAL:0.46742426004458304
CE_KINGSAFETY:0.47880401762167873
C_PIECESQUARETABLES:0.5179711827759022
C_MOBILITY:0.5252581013893273
C_KINGSAFETY:0.44290183871561434
C_PAWNSTRUCTURE:0.5007626136965109
C_PIECECOORDINATION:0.49113172676473915
C_ROOKANDPAWNMOVEMENT:0.49113172676473915
C_CENTERCONTROL:0.48845520052841407
C_DEVELOPPIECES:0.48896373799646103
C_MATERIAL:0.5158254843226079
