ELO:1065
CE_PASSEDPAWNS:0.4955273104592464
CE_PAWNWEAKNESSES:0.4924254503572776
CE_PIECEACTIVITY:0.49393142336746904
CE_KINGPAWNSHIELD:0.4943817830274692
CE_PIECECOORDINATION:0.5247762638321302
CE_MATERIAL:0.5077212810683485
CE_KINGSAFETY:0.5
C_PIECESQUARETABLES:0.5
C_MOBILITY:0.5108789503004801
C_KINGSAFETY:0.5
C_PAWNSTRUCTURE:0.4951326566476162
C_PIECECOORDINATION:0.5255713582031676
C_ROOK:0.49228219716873883
CE_ROOK:0.5157836039624435
C_CENTERCONTROL:0.5138805772355112
C_DEVELOPPIECES:0.4882427012499089
C_MATERIAL:0.5
C_MOVECOUNT:0.4881414214500726
C_PAWNMOVEMENT:0.5
