ELO:976
CE_PASSEDPAWNS:0.44315212636960094
CE_PAWNWEAKNESSES:0.5514566395834545
CE_PIECEACTIVITY:0.5422858321000062
CE_KINGPAWNSHIELD:0.5229547307579215
CE_PIECECOORDINATION:0.4052975939057879
CE_MATERIAL:0.4664385824149796
CE_KINGSAFETY:0.5163612451191348
C_PIECESQUARETABLES:0.5067805321761221
C_MOBILITY:0.5196542147923785
C_KINGSAFETY:0.45518760759295224
C_PAWNSTRUCTURE:0.5093531683678799
C_PIECECOORDINATION:0.42327762564088667
C_ROOKANDPAWNMOVEMENT:0.42327762564088667
C_CENTERCONTROL:0.47431603972437597
C_DEVELOPPIECES:0.40400173905049896
C_MATERIAL:0.4544004014215299
