ELO:857
CE_PASSEDPAWNS:0.40174820490016977
CE_PAWNWEAKNESSES:0.5335582744267707
CE_PIECEACTIVITY:0.48977060309029935
CE_KINGPAWNSHIELD:0.5070066527992764
CE_PIECECOORDINATION:0.5048857680452625
CE_MATERIAL:0.49101775517549895
CE_KINGSAFETY:0.47462060468487866
C_PIECESQUARETABLES:0.49813961762783293
C_MOBILITY:0.4649345067301824
C_KINGSAFETY:0.49929576267592934
C_PAWNSTRUCTURE:0.5264423895058834
C_PIECECOORDINATION:0.4882625018520586
C_ROOKANDPAWNMOVEMENT:0.4882625018520586
C_CENTERCONTROL:0.4682452201910535
C_DEVELOPPIECES:0.41527929942332886
C_MATERIAL:0.5203253292951346
C_MOVECOUNT:0.5
