ELO:943
CE_PASSEDPAWNS:0.5399598547677603
CE_PAWNWEAKNESSES:0.48662667678894056
CE_PIECEACTIVITY:0.4505256327021839
CE_KINGPAWNSHIELD:0.4597541213493287
CE_PIECECOORDINATION:0.48445897977117014
CE_MATERIAL:0.4853077464319371
CE_KINGSAFETY:0.5216172017646298
C_PIECESQUARETABLES:0.5077944959415452
C_MOBILITY:0.4885246628677145
C_KINGSAFETY:0.5047591974980553
C_PAWNSTRUCTURE:0.5527876745310465
C_PIECECOORDINATION:0.5133604591103297
C_ROOKANDPAWNMOVEMENT:0.5133604591103297
C_CENTERCONTROL:0.5653228079170559
C_DEVELOPPIECES:0.4844122657939676
C_MATERIAL:0.53086162954455
C_MOVECOUNT:0.5
