ELO:1049
CE_PASSEDPAWNS:0.5
CE_PAWNWEAKNESSES:0.4977326670091991
CE_PIECEACTIVITY:0.4977159048461838
CE_KINGPAWNSHIELD:0.5
CE_PIECECOORDINATION:0.49283239456934247
CE_MATERIAL:0.5218302596636045
CE_KINGSAFETY:0.5
C_PIECESQUARETABLES:0.5
C_MOBILITY:0.4883315461146327
C_KINGSAFETY:0.48597921413543727
C_PAWNSTRUCTURE:0.49886089381198834
C_PIECECOORDINATION:0.5108851191526319
C_ROOK:0.5182859008400511
CE_ROOK:0.49392803174519356
C_CENTERCONTROL:0.5049448884915928
C_DEVELOPPIECES:0.4787920258108393
C_MATERIAL:0.5001096358134437
C_MOVECOUNT:0.4790804045958373
C_PAWNMOVEMENT:0.517009082466425
