ELO:940
CE_PASSEDPAWNS:0.5
CE_PAWNWEAKNESSES:0.5069572879260544
CE_PIECEACTIVITY:0.48849244585757134
CE_KINGPAWNSHIELD:0.5051319718915979
CE_PIECECOORDINATION:0.5164807864284953
CE_MATERIAL:0.48018118755195593
CE_KINGSAFETY:0.49826086693257726
C_PIECESQUARETABLES:0.5014655354867862
C_MOBILITY:0.4929390475435779
C_KINGSAFETY:0.46850844084603266
C_PAWNSTRUCTURE:0.4240942761817945
C_PIECECOORDINATION:0.495590390926037
C_ROOKANDPAWNMOVEMENT:0.495590390926037
C_CENTERCONTROL:0.47765423164644033
C_DEVELOPPIECES:0.5041466958906371
C_MATERIAL:0.5308830613044886
C_MOVECOUNT:0.5
