ELO:1023
CE_PASSEDPAWNS:0.5138941491554128
CE_PAWNWEAKNESSES:0.5
CE_PIECEACTIVITY:0.5158906918631369
CE_KINGPAWNSHIELD:0.5028713823921754
CE_PIECECOORDINATION:0.4539746954680025
CE_MATERIAL:0.4930929392629084
CE_KINGSAFETY:0.5
C_PIECESQUARETABLES:0.4884094158412655
C_MOBILITY:0.5046399608640394
C_KINGSAFETY:0.5592936925462394
C_PAWNSTRUCTURE:0.5147192945931431
C_PIECECOORDINATION:0.4884715829569522
C_ROOKANDPAWNMOVEMENT:0.4884715829569522
C_CENTERCONTROL:0.49908496881248876
C_DEVELOPPIECES:0.5001869956773616
C_MATERIAL:0.4931440457367891
C_MOVECOUNT:0.5
