ELO:1000
CE_PASSEDPAWNS:0.5
CE_PAWNWEAKNESSES:0.4841442711805258
CE_PIECEACTIVITY:0.4980104055501408
CE_KINGPAWNSHIELD:0.5003430059264923
CE_PIECECOORDINATION:0.49059271714731456
CE_MATERIAL:0.5
CE_KINGSAFETY:0.5
C_PIECESQUARETABLES:0.5
C_MOBILITY:0.49626246057390405
C_KINGSAFETY:0.4818207862496563
C_PAWNSTRUCTURE:0.5
C_PIECECOORDINATION:0.5251358545482032
C_ROOKANDPAWNMOVEMENT:0.5251358545482032
C_CENTERCONTROL:0.4974742035816778
C_DEVELOPPIECES:0.4930932636655472
C_MATERIAL:0.5032263946515153
C_MOVECOUNT:0.5067879768191665
