ELO:956
CE_PASSEDPAWNS:0.502902522908833
CE_PAWNWEAKNESSES:0.49546826068358113
CE_PIECEACTIVITY:0.4935412642277767
CE_KINGPAWNSHIELD:0.49360384434277704
CE_PIECECOORDINATION:0.4861122284021245
CE_MATERIAL:0.4976783118148035
CE_KINGSAFETY:0.4793876475550418
C_PIECESQUARETABLES:0.49014664238171174
C_MOBILITY:0.5042785364496706
C_KINGSAFETY:0.5061924450725399
C_PAWNSTRUCTURE:0.5
C_PIECECOORDINATION:0.5017552946920215
C_ROOKANDPAWNMOVEMENT:0.5017552946920215
C_CENTERCONTROL:0.49288333653090866
C_DEVELOPPIECES:0.48514914535911813
C_MATERIAL:0.5047867659071251
C_MOVECOUNT:0.4960608659260101
