ELO:957
CE_PASSEDPAWNS:0.47460169400575025
CE_PAWNWEAKNESSES:0.5374170123943163
CE_PIECEACTIVITY:0.5309508905445559
CE_KINGPAWNSHIELD:0.5106633796769203
CE_PIECECOORDINATION:0.47767049606387996
CE_MATERIAL:0.5038415968440012
CE_KINGSAFETY:0.48713807142600274
C_PIECESQUARETABLES:0.48814135676550935
C_MOBILITY:0.5347686565212666
C_KINGSAFETY:0.44686330142196923
C_PAWNSTRUCTURE:0.49373763817191224
C_PIECECOORDINATION:0.5336497300638732
C_ROOKANDPAWNMOVEMENT:0.5336497300638732
C_CENTERCONTROL:0.466083547864169
C_DEVELOPPIECES:0.47797630233726796
C_MATERIAL:0.5066198594520214
C_MOVECOUNT:0.5
