ELO:856
CE_PASSEDPAWNS:0.42814100332297317
CE_PAWNWEAKNESSES:0.4299640127581519
CE_PIECEACTIVITY:0.4881176708511617
CE_KINGPAWNSHIELD:0.4682652005271741
CE_PIECECOORDINATION:0.560038608107561
CE_MATERIAL:0.3930925058259064
CE_KINGSAFETY:0.4860060260149801
C_PIECESQUARETABLES:0.5032336948957749
C_MOBILITY:0.5325553610927076
C_KINGSAFETY:0.4799495844798188
C_PAWNSTRUCTURE:0.4011581522975877
C_PIECECOORDINATION:0.4620798382947246
C_ROOKANDPAWNMOVEMENT:0.4620798382947246
C_CENTERCONTROL:0.6673358254029442
C_DEVELOPPIECES:0.49115546748656047
C_MATERIAL:0.530706242488303
