ELO:1031
CE_PASSEDPAWNS:0.5
CE_PAWNWEAKNESSES:0.5031733976868626
CE_PIECEACTIVITY:0.4875576926523726
CE_KINGPAWNSHIELD:0.5024837139228125
CE_PIECECOORDINATION:0.4915367186084338
CE_MATERIAL:0.5
CE_KINGSAFETY:0.5
C_PIECESQUARETABLES:0.5
C_MOBILITY:0.5097156983564551
C_KINGSAFETY:0.5072308788579635
C_PAWNSTRUCTURE:0.5
C_PIECECOORDINATION:0.5168564573665481
C_ROOK:0.5
CE_ROOK:0.4898928659705995
C_CENTERCONTROL:0.5043711180257453
C_DEVELOPPIECES:0.5
C_MATERIAL:0.5
C_MOVECOUNT:0.48871135583086506
C_PAWNMOVEMENT:0.5100003084264034
