ELO:1000
CE_PASSEDPAWNS:0.4761146489557261
CE_PAWNWEAKNESSES:0.522939213177157
CE_PIECEACTIVITY:0.5594883010302135
CE_KINGPAWNSHIELD:0.4901042508628695
CE_PIECECOORDINATION:0.44822787885899884
CE_MATERIAL:0.46847471822663495
CE_KINGSAFETY:0.4881959071207795
C_PIECESQUARETABLES:0.528552001066193
C_MOBILITY:0.532146489867477
C_KINGSAFETY:0.44172349815613354
C_PAWNSTRUCTURE:0.5104859891188633
C_PIECECOORDINATION:0.49003031676708175
C_ROOKANDPAWNMOVEMENT:0.49003031676708175
C_CENTERCONTROL:0.4731798246868298
C_DEVELOPPIECES:0.49079412771045194
C_MATERIAL:0.5043760213419411
