ELO:997
CE_PASSEDPAWNS:0.49087608539941285
CE_PAWNWEAKNESSES:0.4887924302647199
CE_PIECEACTIVITY:0.4932176956314359
CE_KINGPAWNSHIELD:0.5
CE_PIECECOORDINATION:0.49186088671534456
CE_MATERIAL:0.4848787586653126
CE_KINGSAFETY:0.5032764237631674
C_PIECESQUARETABLES:0.49808321272811595
C_MOBILITY:0.4850395857379027
C_KINGSAFETY:0.5078605261472735
C_PAWNSTRUCTURE:0.5182023887885938
C_PIECECOORDINATION:0.4977530276339616
C_ROOKANDPAWNMOVEMENT:0.4977530276339616
C_CENTERCONTROL:0.4995193371338097
C_DEVELOPPIECES:0.4984106198858899
C_MATERIAL:0.5061554041069711
