ELO:1000
CE_PASSEDPAWNS:0.5
CE_PAWNWEAKNESSES:0.505677459186916
CE_PIECEACTIVITY:0.5
CE_KINGPAWNSHIELD:0.5
CE_PIECECOORDINATION:0.5
CE_MATERIAL:0.5
CE_KINGSAFETY:0.49379834087083674
C_PIECESQUARETABLES:0.4930333223395125
C_MOBILITY:0.5054917583631313
C_KINGSAFETY:0.49418693488300064
C_PAWNSTRUCTURE:0.5
C_PIECECOORDINATION:0.5094699217129564
C_ROOK:0.5
CE_ROOK:0.4949165419378002
C_CENTERCONTROL:0.5034987411637311
C_DEVELOPPIECES:0.5
C_MATERIAL:0.5
C_MOVECOUNT:0.5
C_PAWNMOVEMENT:0.5
