ELO:952
CE_PASSEDPAWNS:0.48709365587617076
CE_PAWNWEAKNESSES:0.5030233607051565
CE_PIECEACTIVITY:0.4978583151628859
CE_KINGPAWNSHIELD:0.47923090669219254
CE_PIECECOORDINATION:0.5187008000698936
CE_MATERIAL:0.4569023641460455
CE_KINGSAFETY:0.5049468743326786
C_PIECESQUARETABLES:0.46498894909406063
C_MOBILITY:0.49680345003935994
C_KINGSAFETY:0.543598534675874
C_PAWNSTRUCTURE:0.46216530770949693
C_PIECECOORDINATION:0.49215949111418555
C_ROOKANDPAWNMOVEMENT:0.49215949111418555
C_CENTERCONTROL:0.48744684757185097
C_DEVELOPPIECES:0.504118786701042
C_MATERIAL:0.4691832809413059
C_MOVECOUNT:0.5
