ELO:965
CE_PASSEDPAWNS:0.5115133553675113
CE_PAWNWEAKNESSES:0.5084316016772525
CE_PIECEACTIVITY:0.4813372639283708
CE_KINGPAWNSHIELD:0.5272431487529253
CE_PIECECOORDINATION:0.5070163266529462
CE_MATERIAL:0.5312759591773056
CE_KINGSAFETY:0.4896113965647855
C_PIECESQUARETABLES:0.49073554614952364
C_MOBILITY:0.4964514558023449
C_KINGSAFETY:0.509994215759347
C_PAWNSTRUCTURE:0.5280707582948745
C_PIECECOORDINATION:0.49759633870891684
C_ROOKANDPAWNMOVEMENT:0.49759633870891684
C_CENTERCONTROL:0.5336931018619382
C_DEVELOPPIECES:0.4970685562452171
C_MATERIAL:0.5341873561449214
C_MOVECOUNT:0.5
