ELO:933
CE_PASSEDPAWNS:0.5115133553675113
CE_PAWNWEAKNESSES:0.4972610219578097
CE_PIECEACTIVITY:0.47110326722104406
CE_KINGPAWNSHIELD:0.5405636310250723
CE_PIECECOORDINATION:0.4828032071236851
CE_MATERIAL:0.5208172556850239
CE_KINGSAFETY:0.49237398032992036
C_PIECESQUARETABLES:0.48290218227691056
C_MOBILITY:0.506245139548085
C_KINGSAFETY:0.49441002673910756
C_PAWNSTRUCTURE:0.5385666904336319
C_PIECECOORDINATION:0.5104464537562604
C_ROOKANDPAWNMOVEMENT:0.5104464537562604
C_CENTERCONTROL:0.5337544054471904
C_DEVELOPPIECES:0.5116652429832058
C_MATERIAL:0.5448954979905983
C_MOVECOUNT:0.5
