ELO:906
CE_PASSEDPAWNS:0.4691657519746015
CE_PAWNWEAKNESSES:0.49817657476644517
CE_PIECEACTIVITY:0.40276484126975043
CE_KINGPAWNSHIELD:0.5465326127556378
CE_PIECECOORDINATION:0.3909898986207468
CE_MATERIAL:0.6377693877087794
CE_KINGSAFETY:0.4747990095564732
C_PIECESQUARETABLES:0.46112024949184127
C_MOBILITY:0.4585631265769232
C_KINGSAFETY:0.550667259968997
C_PAWNSTRUCTURE:0.38641737476809573
C_PIECECOORDINATION:0.5654480555903739
C_ROOKANDPAWNMOVEMENT:0.5654480555903739
C_CENTERCONTROL:0.4730298975496559
C_DEVELOPPIECES:0.5882735840866447
C_MATERIAL:0.3940330150762325
