ELO:1006
CE_PASSEDPAWNS:0.5028145798425747
CE_PAWNWEAKNESSES:0.49850227976971895
CE_PIECEACTIVITY:0.5081935245078008
CE_KINGPAWNSHIELD:0.491439444540168
CE_PIECECOORDINATION:0.5013982910291811
CE_MATERIAL:0.5
CE_KINGSAFETY:0.5034967386442026
C_PIECESQUARETABLES:0.4886449488148772
C_MOBILITY:0.5
C_KINGSAFETY:0.4895953482739912
C_PAWNSTRUCTURE:0.4921300955404189
C_PIECECOORDINATION:0.5035703327018214
C_ROOK:0.5
CE_ROOK:0.5
C_CENTERCONTROL:0.5
C_DEVELOPPIECES:0.5
C_MATERIAL:0.486051860083818
C_MOVECOUNT:0.4896757817879347
C_PAWNMOVEMENT:0.5
