ELO:1037
CE_PASSEDPAWNS:0.49011404100060474
CE_PAWNWEAKNESSES:0.5
CE_PIECEACTIVITY:0.5105691633699476
CE_KINGPAWNSHIELD:0.48225186842360507
CE_PIECECOORDINATION:0.47884052095422663
CE_MATERIAL:0.4927180894827723
CE_KINGSAFETY:0.5
C_PIECESQUARETABLES:0.5
C_MOBILITY:0.5332404303617738
C_KINGSAFETY:0.4937778639146531
C_PAWNSTRUCTURE:0.5
C_PIECECOORDINATION:0.4954306498611173
C_ROOKANDPAWNMOVEMENT:0.4954306498611173
C_CENTERCONTROL:0.48007119968217665
C_DEVELOPPIECES:0.49030236691958234
C_MATERIAL:0.48945903271923635
C_MOVECOUNT:0.5115954184475474
