ELO:941
CE_PASSEDPAWNS:0.5236058905350438
CE_PAWNWEAKNESSES:0.6095424793354339
CE_PIECEACTIVITY:0.5317806453994195
CE_KINGPAWNSHIELD:0.46476195626573436
CE_PIECECOORDINATION:0.5993858740358008
CE_MATERIAL:0.45884646826273623
CE_KINGSAFETY:0.5212696077291714
C_PIECESQUARETABLES:0.5026014814611667
C_MOBILITY:0.4244795922101854
C_KINGSAFETY:0.4394523258215965
C_PAWNSTRUCTURE:0.48949983998057
C_PIECECOORDINATION:0.5435575260032198
C_ROOKANDPAWNMOVEMENT:0.5435575260032198
C_CENTERCONTROL:0.46200677739429025
C_DEVELOPPIECES:0.492639226256598
C_MATERIAL:0.4321272317026762
