ELO:965
CE_PASSEDPAWNS:0.4990015730398877
CE_PAWNWEAKNESSES:0.5117304827790579
CE_PIECEACTIVITY:0.48187684225434985
CE_KINGPAWNSHIELD:0.5096459665257247
CE_PIECECOORDINATION:0.49164592263394885
CE_MATERIAL:0.48993820627438234
CE_KINGSAFETY:0.4974407528298475
C_PIECESQUARETABLES:0.5
C_MOBILITY:0.5019563637883536
C_KINGSAFETY:0.5116202436894746
C_PAWNSTRUCTURE:0.46973508263536684
C_PIECECOORDINATION:0.5183835344296998
C_ROOKANDPAWNMOVEMENT:0.5183835344296998
C_CENTERCONTROL:0.47644892629836566
C_DEVELOPPIECES:0.5
C_MATERIAL:0.5250373264173102
C_MOVECOUNT:0.50451142095128
