ELO:1048
CE_PASSEDPAWNS:0.5
CE_PAWNWEAKNESSES:0.5023671154484513
CE_PIECEACTIVITY:0.49156792977537245
CE_KINGPAWNSHIELD:0.5092371208598846
CE_PIECECOORDINATION:0.5
CE_MATERIAL:0.5042222192627882
CE_KINGSAFETY:0.5
C_PIECESQUARETABLES:0.5
C_MOBILITY:0.5
C_KINGSAFETY:0.5
C_PAWNSTRUCTURE:0.49515289691975856
C_PIECECOORDINATION:0.5123368261828549
C_ROOK:0.5
CE_ROOK:0.49212690368445583
C_CENTERCONTROL:0.4993969985565872
C_DEVELOPPIECES:0.5074205319448555
C_MATERIAL:0.5018842758740663
C_MOVECOUNT:0.5
C_PAWNMOVEMENT:0.4951274197228298
