ELO:1059
CE_PASSEDPAWNS:0.4948357643847652
CE_PAWNWEAKNESSES:0.49724289724791626
CE_PIECEACTIVITY:0.49393142336746904
CE_KINGPAWNSHIELD:0.4798197097681056
CE_PIECECOORDINATION:0.5231004650816856
CE_MATERIAL:0.5
CE_KINGSAFETY:0.5
C_PIECESQUARETABLES:0.5
C_MOBILITY:0.5089791542089985
C_KINGSAFETY:0.5178169592379083
C_PAWNSTRUCTURE:0.4900787326071133
C_PIECECOORDINATION:0.5088834782156937
C_ROOK:0.5
CE_ROOK:0.49723982626595864
C_CENTERCONTROL:0.49001549101485403
C_DEVELOPPIECES:0.5019174547484602
C_MATERIAL:0.5169640389670006
C_MOVECOUNT:0.4881414214500726
C_PAWNMOVEMENT:0.5255969999201114
