ELO:958
CE_PASSEDPAWNS:0.5040926501111562
CE_PAWNWEAKNESSES:0.49546826068358113
CE_PIECEACTIVITY:0.5016843883237835
CE_KINGPAWNSHIELD:0.49858597461248144
CE_PIECECOORDINATION:0.4861122284021245
CE_MATERIAL:0.4976783118148035
CE_KINGSAFETY:0.5
C_PIECESQUARETABLES:0.5
C_MOBILITY:0.5075746424589941
C_KINGSAFETY:0.4961910208090049
C_PAWNSTRUCTURE:0.5
C_PIECECOORDINATION:0.5063962537866417
C_ROOKANDPAWNMOVEMENT:0.5063962537866417
C_CENTERCONTROL:0.49288333653090866
C_DEVELOPPIECES:0.48944585450600253
C_MATERIAL:0.5047867659071251
C_MOVECOUNT:0.4960608659260101
