ELO:914
CE_PASSEDPAWNS:0.47892866983407356
CE_PAWNWEAKNESSES:0.4844057172862203
CE_PIECEACTIVITY:0.4079307233817422
CE_KINGPAWNSHIELD:0.5612579151331895
CE_PIECECOORDINATION:0.42864657217295504
CE_MATERIAL:0.625101158587381
CE_KINGSAFETY:0.48932849861290967
C_PIECESQUARETABLES:0.4947526756571198
C_MOBILITY:0.4270659828985889
C_KINGSAFETY:0.5413281383297377
C_PAWNSTRUCTURE:0.42850069959894305
C_PIECECOORDINATION:0.538774645059123
C_ROOKANDPAWNMOVEMENT:0.538774645059123
C_CENTERCONTROL:0.498110051466179
C_DEVELOPPIECES:0.5849690600083914
C_MATERIAL:0.4089796322193887
