ELO:989
CE_PASSEDPAWNS:0.3671258369474086
CE_PAWNWEAKNESSES:0.51936127987286
CE_PIECEACTIVITY:0.5594978002495871
CE_KINGPAWNSHIELD:0.46768954630137477
CE_PIECECOORDINATION:0.44684876186595146
CE_MATERIAL:0.5008369668021546
CE_KINGSAFETY:0.5089687009595913
C_PIECESQUARETABLES:0.49340579535607243
C_MOBILITY:0.4986679290889083
C_KINGSAFETY:0.5513314199448384
C_PAWNSTRUCTURE:0.32711818898567924
C_PIECECOORDINATION:0.4455295289066636
C_ROOKANDPAWNMOVEMENT:0.4455295289066636
C_CENTERCONTROL:0.3549591651979111
C_DEVELOPPIECES:0.48416959564672224
C_MATERIAL:0.6723541981015815
