ELO:1000
CE_PASSEDPAWNS:0.4878800423149767
CE_PAWNWEAKNESSES:0.41035428998646445
CE_PIECEACTIVITY:0.49511816173143586
CE_KINGPAWNSHIELD:0.49304292269336897
CE_PIECECOORDINATION:0.4975774898206764
CE_MATERIAL:0.5015279460989692
CE_KINGSAFETY:0.4986592373248842
C_PIECESQUARETABLES:0.4942613018764549
C_MOBILITY:0.4609090484525316
C_KINGSAFETY:0.4892739737431059
C_PAWNSTRUCTURE:0.503898296931023
C_PIECECOORDINATION:0.48250095341754184
C_ROOKANDPAWNMOVEMENT:0.48250095341754184
C_CENTERCONTROL:0.5227209909060508
C_DEVELOPPIECES:0.5478260559746642
C_MATERIAL:0.5271619295167823
