ELO:1000
CE_PASSEDPAWNS:0.4744985022829648
CE_PAWNWEAKNESSES:0.4157147506303565
CE_PIECEACTIVITY:0.4933408970529624
CE_KINGPAWNSHIELD:0.5078074642608547
CE_PIECECOORDINATION:0.49857006415081945
CE_MATERIAL:0.4849485675909682
CE_KINGSAFETY:0.5055653725392553
C_PIECESQUARETABLES:0.5144989065160792
C_MOBILITY:0.4756750039146437
C_KINGSAFETY:0.4980929001409974
C_PAWNSTRUCTURE:0.497688468652114
C_PIECECOORDINATION:0.46775240298606696
C_ROOKANDPAWNMOVEMENT:0.46775240298606696
C_CENTERCONTROL:0.528686766225034
C_DEVELOPPIECES:0.5461744925003154
C_MATERIAL:0.5280294729219164
