ELO:1032
CE_PASSEDPAWNS:0.5248619628099709
CE_PAWNWEAKNESSES:0.5050088165410584
CE_PIECEACTIVITY:0.5078521403032359
CE_KINGPAWNSHIELD:0.4894732843301471
CE_PIECECOORDINATION:0.5097066680735108
CE_MATERIAL:0.4963332086602903
CE_KINGSAFETY:0.5
C_PIECESQUARETABLES:0.5
C_MOBILITY:0.4873458706748244
C_KINGSAFETY:0.5
C_PAWNSTRUCTURE:0.5047636744040566
C_PIECECOORDINATION:0.5168564573665481
C_ROOK:0.4890913295813163
CE_ROOK:0.49723982626595864
C_CENTERCONTROL:0.5023022803291374
C_DEVELOPPIECES:0.5019174547484602
C_MATERIAL:0.503537440598957
C_MOVECOUNT:0.482048177781621
C_PAWNMOVEMENT:0.5029316072697483
