ELO:890
CE_PASSEDPAWNS:0.4619811196557413
CE_PAWNWEAKNESSES:0.39050728248652444
CE_PIECEACTIVITY:0.45182189937862444
CE_KINGPAWNSHIELD:0.5193374314195146
CE_PIECECOORDINATION:0.5952829584857099
CE_MATERIAL:0.38125150495573296
CE_KINGSAFETY:0.45125744832246883
C_PIECESQUARETABLES:0.4838669014218997
C_MOBILITY:0.2815650365257496
C_KINGSAFETY:0.3581846204215548
C_PAWNSTRUCTURE:0.5331061268140117
C_PIECECOORDINATION:0.5094707474307453
C_ROOKANDPAWNMOVEMENT:0.5094707474307453
C_CENTERCONTROL:0.5139367194057115
C_DEVELOPPIECES:0.5425071285006852
C_MATERIAL:0.5399832973225891
