ELO:986
CE_PASSEDPAWNS:0.49626344165134423
CE_PAWNWEAKNESSES:0.48837535935175824
CE_PIECEACTIVITY:0.4943295581358271
CE_KINGPAWNSHIELD:0.49290121428112016
CE_PIECECOORDINATION:0.5044780673007642
CE_MATERIAL:0.5062697355971073
CE_KINGSAFETY:0.5
C_PIECESQUARETABLES:0.5
C_MOBILITY:0.5134765219374121
C_KINGSAFETY:0.4980562681438627
C_PAWNSTRUCTURE:0.49769497230471105
C_PIECECOORDINATION:0.5
C_ROOKANDPAWNMOVEMENT:0.5
C_CENTERCONTROL:0.5172371315429602
C_DEVELOPPIECES:0.5143688782197834
C_MATERIAL:0.5078548534411468
C_MOVECOUNT:0.4958261554490951
