ELO:754
CE_PASSEDPAWNS:0.48464899097443176
CE_PAWNWEAKNESSES:0.5291022872425696
CE_PIECEACTIVITY:0.5738476014734262
CE_KINGPAWNSHIELD:0.4101818862743066
CE_PIECECOORDINATION:0.6431556596189092
CE_MATERIAL:0.5576822111031255
CE_KINGSAFETY:0.48335976635111355
C_PIECESQUARETABLES:0.46014724450149913
C_MOBILITY:0.5065278701460003
C_KINGSAFETY:0.5535036835683576
C_PAWNSTRUCTURE:0.6705620102422308
C_PIECECOORDINATION:0.5372078834422895
C_ROOKANDPAWNMOVEMENT:0.5372078834422895
C_CENTERCONTROL:0.5134352980198514
C_DEVELOPPIECES:0.49503152473155665
C_MATERIAL:0.45813253543427485
C_MOVECOUNT:0.5
