ELO:938
CE_PASSEDPAWNS:0.44867277708153247
CE_PAWNWEAKNESSES:0.5199852463239376
CE_PIECEACTIVITY:0.39524578855944564
CE_KINGPAWNSHIELD:0.592249597446498
CE_PIECECOORDINATION:0.43783272028862635
CE_MATERIAL:0.6078905142188137
CE_KINGSAFETY:0.47701159962548584
C_PIECESQUARETABLES:0.5205873309831768
C_MOBILITY:0.47569719583453496
C_KINGSAFETY:0.5069176570598729
C_PAWNSTRUCTURE:0.41312174126978574
C_PIECECOORDINATION:0.5220207460677814
C_ROOKANDPAWNMOVEMENT:0.5220207460677814
C_CENTERCONTROL:0.5199753042787313
C_DEVELOPPIECES:0.5814841173188046
C_MATERIAL:0.41360363260318184
