ELO:1047
CE_PASSEDPAWNS:0.5
CE_PAWNWEAKNESSES:0.5023671154484513
CE_PIECEACTIVITY:0.49393142336746904
CE_KINGPAWNSHIELD:0.5070139003127128
CE_PIECECOORDINATION:0.5
CE_MATERIAL:0.5042222192627882
CE_KINGSAFETY:0.5
C_PIECESQUARETABLES:0.5
C_MOBILITY:0.5097156983564551
C_KINGSAFETY:0.5
C_PAWNSTRUCTURE:0.49515289691975856
C_PIECECOORDINATION:0.5123368261828549
C_ROOK:0.5
CE_ROOK:0.49212690368445583
C_CENTERCONTROL:0.4993969985565872
C_DEVELOPPIECES:0.501679801712066
C_MATERIAL:0.5001096358134437
C_MOVECOUNT:0.5
C_PAWNMOVEMENT:0.4959683230148404
