ELO:947
CE_PASSEDPAWNS:0.6561195113484853
CE_PAWNWEAKNESSES:0.5847803518347515
CE_PIECEACTIVITY:0.5044415930760605
CE_KINGPAWNSHIELD:0.46336628180083395
CE_PIECECOORDINATION:0.5757357546513084
CE_MATERIAL:0.3528502894341156
CE_KINGSAFETY:0.538732935592246
C_PIECESQUARETABLES:0.5185710417677334
C_MOBILITY:0.4582464213110245
C_KINGSAFETY:0.6407282608736281
C_PAWNSTRUCTURE:0.54612479618046
C_PIECECOORDINATION:0.476240658975392
C_ROOKANDPAWNMOVEMENT:0.476240658975392
C_CENTERCONTROL:0.5219772318133901
C_DEVELOPPIECES:0.49331084266421865
C_MATERIAL:0.6129254781705832
