ELO:979
CE_PASSEDPAWNS:0.5165366162220391
CE_PAWNWEAKNESSES:0.5384615878209509
CE_PIECEACTIVITY:0.4512570154083062
CE_KINGPAWNSHIELD:0.42844870506154825
CE_PIECECOORDINATION:0.4893869677376724
CE_MATERIAL:0.5160310559549501
CE_KINGSAFETY:0.48906053396294497
C_PIECESQUARETABLES:0.4986091267238626
C_MOBILITY:0.6015095126459301
C_KINGSAFETY:0.4777560815970423
C_PAWNSTRUCTURE:0.5717574943561614
C_PIECECOORDINATION:0.5061781489485444
C_ROOKANDPAWNMOVEMENT:0.5061781489485444
C_CENTERCONTROL:0.544353740828939
C_DEVELOPPIECES:0.5255707746494107
C_MATERIAL:0.5798502445282283
