ELO:987
CE_PASSEDPAWNS:0.4677892528790996
CE_PAWNWEAKNESSES:0.49861233750493583
CE_PIECEACTIVITY:0.559870311156778
CE_KINGPAWNSHIELD:0.4993962659697124
CE_PIECECOORDINATION:0.5034071954771712
CE_MATERIAL:0.561132603910862
CE_KINGSAFETY:0.5306461628788115
C_PIECESQUARETABLES:0.49964351606969454
C_MOBILITY:0.45805092728858027
C_KINGSAFETY:0.49776606681560276
C_PAWNSTRUCTURE:0.545047664952745
C_PIECECOORDINATION:0.40835645850928065
C_ROOKANDPAWNMOVEMENT:0.40835645850928065
C_CENTERCONTROL:0.5571161251046145
C_DEVELOPPIECES:0.6183487336597701
C_MATERIAL:0.45673012598902224
