ELO:886
CE_PASSEDPAWNS:0.48359591522552614
CE_PAWNWEAKNESSES:0.5496364213808222
CE_PIECEACTIVITY:0.4777008197942942
CE_KINGPAWNSHIELD:0.46633580628319055
CE_PIECECOORDINATION:0.5845549625950017
CE_MATERIAL:0.49495058101698025
CE_KINGSAFETY:0.528775845320141
C_PIECESQUARETABLES:0.4972362267137521
C_MOBILITY:0.43986174604011474
C_KINGSAFETY:0.5251597157023588
C_PAWNSTRUCTURE:0.5024314773296922
C_PIECECOORDINATION:0.48081278330503807
C_ROOKANDPAWNMOVEMENT:0.48081278330503807
C_CENTERCONTROL:0.5886288552339373
C_DEVELOPPIECES:0.468720870814431
C_MATERIAL:0.5201005932866742
C_MOVECOUNT:0.5
