ELO:847
CE_PASSEDPAWNS:0.39771273205810986
CE_PAWNWEAKNESSES:0.511014252149837
CE_PIECEACTIVITY:0.392978182704631
CE_KINGPAWNSHIELD:0.43192197566594753
CE_PIECECOORDINATION:0.5113866195351714
CE_MATERIAL:0.588663711260836
CE_KINGSAFETY:0.48458049809614534
C_PIECESQUARETABLES:0.47262005830317516
C_MOBILITY:0.5174405949703309
C_KINGSAFETY:0.38334643940785584
C_PAWNSTRUCTURE:0.6139053081339396
C_PIECECOORDINATION:0.5134915052519946
C_ROOKANDPAWNMOVEMENT:0.5134915052519946
C_CENTERCONTROL:0.45852003927841345
C_DEVELOPPIECES:0.43142903467240346
C_MATERIAL:0.4138456889992671
