ELO:927
CE_PASSEDPAWNS:0.465244904284261
CE_PAWNWEAKNESSES:0.4980695692564045
CE_PIECEACTIVITY:0.4687051348295984
CE_KINGPAWNSHIELD:0.5380478787221962
CE_PIECECOORDINATION:0.51365729322144
CE_MATERIAL:0.5085722214894995
CE_KINGSAFETY:0.5463356088402053
C_PIECESQUARETABLES:0.5
C_MOBILITY:0.4365457285940376
C_KINGSAFETY:0.48789836945368303
C_PAWNSTRUCTURE:0.49607984364132335
C_PIECECOORDINATION:0.5227351371601945
C_ROOKANDPAWNMOVEMENT:0.5227351371601945
C_CENTERCONTROL:0.5323593604901855
C_DEVELOPPIECES:0.5245098080145338
C_MATERIAL:0.4828436820913072
C_MOVECOUNT:0.492954624504788
