ELO:952
CE_PASSEDPAWNS:0.5653559217921392
CE_PAWNWEAKNESSES:0.5593286247915265
CE_PIECEACTIVITY:0.43922759408782847
CE_KINGPAWNSHIELD:0.4359135645921678
CE_PIECECOORDINATION:0.47474109167435713
CE_MATERIAL:0.5174550501734139
CE_KINGSAFETY:0.481035686099225
C_PIECESQUARETABLES:0.5124855359377292
C_MOBILITY:0.6400583646542087
C_KINGSAFETY:0.5023810654091181
C_PAWNSTRUCTURE:0.5577937999219743
C_PIECECOORDINATION:0.5309872847329202
C_ROOKANDPAWNMOVEMENT:0.5309872847329202
C_CENTERCONTROL:0.536264331502704
C_DEVELOPPIECES:0.552252588343479
C_MATERIAL:0.5925740759132808
