ELO:915
CE_PASSEDPAWNS:0.6002102377478983
CE_PAWNWEAKNESSES:0.5641805513966014
CE_PIECEACTIVITY:0.4748452979381702
CE_KINGPAWNSHIELD:0.4538721761173498
CE_PIECECOORDINATION:0.4536721363028975
CE_MATERIAL:0.5160432747731533
CE_KINGSAFETY:0.51024073205564
C_PIECESQUARETABLES:0.4963235441140696
C_MOBILITY:0.6914184220496913
C_KINGSAFETY:0.4829595486097995
C_PAWNSTRUCTURE:0.5838664230432613
C_PIECECOORDINATION:0.5913080516959713
C_ROOKANDPAWNMOVEMENT:0.5913080516959713
C_CENTERCONTROL:0.5312813652034493
C_DEVELOPPIECES:0.5151749844045084
C_MATERIAL:0.5872572151124028
