ELO:1014
CE_PASSEDPAWNS:0.5116890071828696
CE_PAWNWEAKNESSES:0.5
CE_PIECEACTIVITY:0.5089996620639834
CE_KINGPAWNSHIELD:0.5167896506963406
CE_PIECECOORDINATION:0.5064148456189895
CE_MATERIAL:0.49255070235806375
CE_KINGSAFETY:0.5
C_PIECESQUARETABLES:0.5
C_MOBILITY:0.49896429214417504
C_KINGSAFETY:0.48356218829696274
C_PAWNSTRUCTURE:0.5
C_PIECECOORDINATION:0.5073928404644753
C_ROOKANDPAWNMOVEMENT:0.5073928404644753
C_CENTERCONTROL:0.5
C_DEVELOPPIECES:0.49511927225869073
C_MATERIAL:0.4939552337634223
C_MOVECOUNT:0.5
