ELO:1055
CE_PASSEDPAWNS:0.4980445582674632
CE_PAWNWEAKNESSES:0.4979446209632804
CE_PIECEACTIVITY:0.5
CE_KINGPAWNSHIELD:0.491490276632038
CE_PIECECOORDINATION:0.503315412092704
CE_MATERIAL:0.4898141809996113
CE_KINGSAFETY:0.5
C_PIECESQUARETABLES:0.5
C_MOBILITY:0.49387561959435256
C_KINGSAFETY:0.48760678622982095
C_PAWNSTRUCTURE:0.5022106920195981
C_PIECECOORDINATION:0.5
C_ROOKANDPAWNMOVEMENT:0.5
C_CENTERCONTROL:0.5016496735516847
C_DEVELOPPIECES:0.517689459360272
C_MATERIAL:0.5142330004870066
C_MOVECOUNT:0.5
