ELO:984
CE_PASSEDPAWNS:0.5147505172912225
CE_PAWNWEAKNESSES:0.5081179432675028
CE_PIECEACTIVITY:0.5216526019406774
CE_KINGPAWNSHIELD:0.5070990784406125
CE_PIECECOORDINATION:0.48334104070687406
CE_MATERIAL:0.5155511838839327
CE_KINGSAFETY:0.5014711051301515
C_PIECESQUARETABLES:0.4996188815095925
C_MOBILITY:0.494126688812382
C_KINGSAFETY:0.5083937764527283
C_PAWNSTRUCTURE:0.48121263130302344
C_PIECECOORDINATION:0.48651843315957183
C_ROOK:0.4863259716101993
CE_ROOK:0.5042135883221764
C_CENTERCONTROL:0.45620274415076945
C_DEVELOPPIECES:0.4680749783502427
C_MATERIAL:0.4981439727732099
C_MOVECOUNT:0.5121157342677198
C_PAWNMOVEMENT:0.49278483945670276
