ELO:1013
CE_PASSEDPAWNS:0.4850516727695266
CE_PAWNWEAKNESSES:0.5108109951916414
CE_PIECEACTIVITY:0.49772432778037207
CE_KINGPAWNSHIELD:0.5
CE_PIECECOORDINATION:0.5
CE_MATERIAL:0.5019775897490663
CE_KINGSAFETY:0.508081456547129
C_PIECESQUARETABLES:0.5
C_MOBILITY:0.5067202413511449
C_KINGSAFETY:0.5155109537865583
C_PAWNSTRUCTURE:0.48942820918434027
C_PIECECOORDINATION:0.521885507415971
C_ROOK:0.5022838547809677
CE_ROOK:0.494485409905464
C_CENTERCONTROL:0.5084392515783593
C_DEVELOPPIECES:0.48690599526613665
C_MATERIAL:0.5008325337569156
C_MOVECOUNT:0.47044084943908443
C_PAWNMOVEMENT:0.49009117278947556
