ELO:1000
CE_PASSEDPAWNS:0.4871181525660356
CE_PAWNWEAKNESSES:0.48932350635676564
CE_PIECEACTIVITY:0.4895909360122496
CE_KINGPAWNSHIELD:0.4894981299466457
CE_PIECECOORDINATION:0.5482653783620115
CE_MATERIAL:0.5051476421353668
CE_KINGSAFETY:0.5075107880242511
C_PIECESQUARETABLES:0.5272125890251042
C_MOBILITY:0.5570469083982295
C_KINGSAFETY:0.47947490770057455
C_PAWNSTRUCTURE:0.5318717485596341
C_PIECECOORDINATION:0.48271977342820577
C_ROOKANDPAWNMOVEMENT:0.48271977342820577
C_CENTERCONTROL:0.4966818612738397
C_DEVELOPPIECES:0.5378965842176355
C_MATERIAL:0.5175770751965071
