ELO:947
CE_PASSEDPAWNS:0.49546000847126037
CE_PAWNWEAKNESSES:0.5525777108667537
CE_PIECEACTIVITY:0.36106995530600505
CE_KINGPAWNSHIELD:0.5006804482660564
CE_PIECECOORDINATION:0.5090728525412385
CE_MATERIAL:0.41237886705497595
CE_KINGSAFETY:0.40869906234407655
C_PIECESQUARETABLES:0.4827972557564192
C_MOBILITY:0.5440414262861548
C_KINGSAFETY:0.5418920153912652
C_PAWNSTRUCTURE:0.5092475238271553
C_PIECECOORDINATION:0.3854457336372567
C_ROOKANDPAWNMOVEMENT:0.3854457336372567
C_CENTERCONTROL:0.4461898916566189
C_DEVELOPPIECES:0.613844499077744
C_MATERIAL:0.44059289016399744
