ELO:983
CE_PASSEDPAWNS:0.5021762580326815
CE_PAWNWEAKNESSES:0.5076029662726569
CE_PIECEACTIVITY:0.49363236572405467
CE_KINGPAWNSHIELD:0.5097592709059416
CE_PIECECOORDINATION:0.48231716399137514
CE_MATERIAL:0.5115644944427659
CE_KINGSAFETY:0.4903193598826946
C_PIECESQUARETABLES:0.4889117117849228
C_MOBILITY:0.5099621914073204
C_KINGSAFETY:0.5043651932467108
C_PAWNSTRUCTURE:0.4755567921311685
C_PIECECOORDINATION:0.49611840117920775
C_ROOK:0.5
CE_ROOK:0.5
C_CENTERCONTROL:0.511434793315528
C_DEVELOPPIECES:0.5042407899760147
C_MATERIAL:0.5021165324266457
C_MOVECOUNT:0.5154216329946414
C_PAWNMOVEMENT:0.5
