ELO:1033
CE_PASSEDPAWNS:0.5
CE_PAWNWEAKNESSES:0.4979478514664927
CE_PIECEACTIVITY:0.5
CE_KINGPAWNSHIELD:0.5099454553866748
CE_PIECECOORDINATION:0.5
CE_MATERIAL:0.5106517809525283
CE_KINGSAFETY:0.5
C_PIECESQUARETABLES:0.5
C_MOBILITY:0.5025889089784693
C_KINGSAFETY:0.5
C_PAWNSTRUCTURE:0.48813300364996626
C_PIECECOORDINATION:0.5
C_ROOKANDPAWNMOVEMENT:0.5
C_CENTERCONTROL:0.4897106253420381
C_DEVELOPPIECES:0.491347890160957
C_MATERIAL:0.5
C_MOVECOUNT:0.4980942693341561
