ELO:935
CE_PASSEDPAWNS:0.46236102535495777
CE_PAWNWEAKNESSES:0.5181743809346336
CE_PIECEACTIVITY:0.5125142253004132
CE_KINGPAWNSHIELD:0.43105314255691374
CE_PIECECOORDINATION:0.5091067993548585
CE_MATERIAL:0.5356652594816838
CE_KINGSAFETY:0.47875098337744
C_PIECESQUARETABLES:0.4998854035949814
C_MOBILITY:0.4408130244367332
C_KINGSAFETY:0.47496681626951426
C_PAWNSTRUCTURE:0.5694655410593681
C_PIECECOORDINATION:0.41155579886376764
C_ROOKANDPAWNMOVEMENT:0.41155579886376764
C_CENTERCONTROL:0.5737508818150537
C_DEVELOPPIECES:0.6532307761863654
C_MATERIAL:0.43230478592757654
