ELO:955
CE_PASSEDPAWNS:0.4803201182701151
CE_PAWNWEAKNESSES:0.5157928354753138
CE_PIECEACTIVITY:0.5094013110690979
CE_KINGPAWNSHIELD:0.5016653541750159
CE_PIECECOORDINATION:0.4938850190290477
CE_MATERIAL:0.4826929168523812
CE_KINGSAFETY:0.5039287766387959
C_PIECESQUARETABLES:0.4902205677192581
C_MOBILITY:0.4960778274180456
C_KINGSAFETY:0.518074713100385
C_PAWNSTRUCTURE:0.4574402859884022
C_PIECECOORDINATION:0.5275972628218685
C_ROOKANDPAWNMOVEMENT:0.5275972628218685
C_CENTERCONTROL:0.49288212652049274
C_DEVELOPPIECES:0.5024120618987065
C_MATERIAL:0.4998697704576351
