ELO:915
CE_PASSEDPAWNS:0.5051675990625852
CE_PAWNWEAKNESSES:0.5
CE_PIECEACTIVITY:0.5737876435990031
CE_KINGPAWNSHIELD:0.5012258459584631
CE_PIECECOORDINATION:0.46496080275580226
CE_MATERIAL:0.5220368147447807
CE_KINGSAFETY:0.5030800358468472
C_PIECESQUARETABLES:0.49841468295492153
C_MOBILITY:0.4905880434953016
C_KINGSAFETY:0.4997503331451076
C_PAWNSTRUCTURE:0.6150787433865134
C_PIECECOORDINATION:0.44294754513813905
C_ROOKANDPAWNMOVEMENT:0.44294754513813905
C_CENTERCONTROL:0.3879814129858722
C_DEVELOPPIECES:0.5
C_MATERIAL:0.47717473481676975
C_MOVECOUNT:0.5
