ELO:988
CE_PASSEDPAWNS:0.36672259922430855
CE_PAWNWEAKNESSES:0.5058790854464017
CE_PIECEACTIVITY:0.561555093259234
CE_KINGPAWNSHIELD:0.46768954630137477
CE_PIECECOORDINATION:0.4650912647030582
CE_MATERIAL:0.524895023649051
CE_KINGSAFETY:0.499778920510272
C_PIECESQUARETABLES:0.49424350539596673
C_MOBILITY:0.47025853569031645
C_KINGSAFETY:0.5594239720260957
C_PAWNSTRUCTURE:0.32659486032772983
C_PIECECOORDINATION:0.4285950345999418
C_ROOKANDPAWNMOVEMENT:0.4285950345999418
C_CENTERCONTROL:0.3657133516460182
C_DEVELOPPIECES:0.4850780760784995
C_MATERIAL:0.6727856507211621
