ELO:1015
CE_PASSEDPAWNS:0.4799881493745263
CE_PAWNWEAKNESSES:0.48878836550001614
CE_PIECEACTIVITY:0.49799470088882486
CE_KINGPAWNSHIELD:0.5009155981554093
CE_PIECECOORDINATION:0.5
CE_MATERIAL:0.4888354537216666
CE_KINGSAFETY:0.49705355006164215
C_PIECESQUARETABLES:0.526210094650427
C_MOBILITY:0.4947886505081461
C_KINGSAFETY:0.55846899721255
C_PAWNSTRUCTURE:0.5
C_PIECECOORDINATION:0.49565537645741137
C_ROOKANDPAWNMOVEMENT:0.49565537645741137
C_CENTERCONTROL:0.5
C_DEVELOPPIECES:0.5111380243128585
C_MATERIAL:0.5088932836099207
C_MOVECOUNT:0.5
