ELO:1037
CE_PASSEDPAWNS:0.5017852601448618
CE_PAWNWEAKNESSES:0.49925567521212877
CE_PIECEACTIVITY:0.5
CE_KINGPAWNSHIELD:0.5
CE_PIECECOORDINATION:0.5054140051229844
CE_MATERIAL:0.4986887104177626
CE_KINGSAFETY:0.4934416262838523
C_PIECESQUARETABLES:0.5
C_MOBILITY:0.5010944983037472
C_KINGSAFETY:0.5
C_PAWNSTRUCTURE:0.5
C_PIECECOORDINATION:0.49773767391363755
C_ROOKANDPAWNMOVEMENT:0.49773767391363755
C_CENTERCONTROL:0.5
C_DEVELOPPIECES:0.4980412901841872
C_MATERIAL:0.5
C_MOVECOUNT:0.5035549711321783
