ELO:903
CE_PASSEDPAWNS:0.48660479758793307
CE_PAWNWEAKNESSES:0.5082668617213084
CE_PIECEACTIVITY:0.49980479924469773
CE_KINGPAWNSHIELD:0.4828258218166183
CE_PIECECOORDINATION:0.5124685301083358
CE_MATERIAL:0.5187705393950668
CE_KINGSAFETY:0.5135018484006385
C_PIECESQUARETABLES:0.4670021062438034
C_MOBILITY:0.4660064076422794
C_KINGSAFETY:0.5438478255590264
C_PAWNSTRUCTURE:0.48768646378266317
C_PIECECOORDINATION:0.5095734689037286
C_ROOKANDPAWNMOVEMENT:0.5095734689037286
C_CENTERCONTROL:0.5150309401089594
C_DEVELOPPIECES:0.5273245591727476
C_MATERIAL:0.530407725137918
C_MOVECOUNT:0.48033275074710285
