ELO:1000
CE_PASSEDPAWNS:0.4857701838717219
CE_PAWNWEAKNESSES:0.4972392983847723
CE_PIECEACTIVITY:0.5130012272072123
CE_KINGPAWNSHIELD:0.5121511597881704
CE_PIECECOORDINATION:0.5025070916075804
CE_MATERIAL:0.4950585412405391
CE_KINGSAFETY:0.5067139486426813
C_PIECESQUARETABLES:0.5054678369695712
C_MOBILITY:0.48909825743127167
C_KINGSAFETY:0.49643183080948194
C_PAWNSTRUCTURE:0.5
C_PIECECOORDINATION:0.5
C_ROOK:0.5
CE_ROOK:0.4986483924123199
C_CENTERCONTROL:0.4907504805897084
C_DEVELOPPIECES:0.5166422798149548
C_MATERIAL:0.5129381805807376
C_MOVECOUNT:0.5033194257593548
C_PAWNMOVEMENT:0.5106867985458459
