ELO:925
CE_PASSEDPAWNS:0.6055344524803687
CE_PAWNWEAKNESSES:0.5530402122364462
CE_PIECEACTIVITY:0.4682590577127926
CE_KINGPAWNSHIELD:0.46060982469305367
CE_PIECECOORDINATION:0.4672989106195157
CE_MATERIAL:0.5209613706006081
CE_KINGSAFETY:0.48310324273520194
C_PIECESQUARETABLES:0.5008554677673427
C_MOBILITY:0.6933117842461188
C_KINGSAFETY:0.493148396283133
C_PAWNSTRUCTURE:0.5759146628540618
C_PIECECOORDINATION:0.5600979291895979
C_ROOKANDPAWNMOVEMENT:0.5600979291895979
C_CENTERCONTROL:0.5405197749958196
C_DEVELOPPIECES:0.5344696361041718
C_MATERIAL:0.578844354543236
