ELO:1000
CE_PASSEDPAWNS:0.4853462955736047
CE_PAWNWEAKNESSES:0.4972392983847723
CE_PIECEACTIVITY:0.5130012272072123
CE_KINGPAWNSHIELD:0.5121511597881704
CE_PIECECOORDINATION:0.5097517128156313
CE_MATERIAL:0.4950585412405391
CE_KINGSAFETY:0.5
C_PIECESQUARETABLES:0.4973229686818131
C_MOBILITY:0.48909825743127167
C_KINGSAFETY:0.49643183080948194
C_PAWNSTRUCTURE:0.5
C_PIECECOORDINATION:0.5
C_ROOK:0.49415507882015886
CE_ROOK:0.4986483924123199
C_CENTERCONTROL:0.4818391248721073
C_DEVELOPPIECES:0.5282739008558058
C_MATERIAL:0.5073116294720734
C_MOVECOUNT:0.5033194257593548
C_PAWNMOVEMENT:0.5106867985458459
