ELO:1000
CE_PASSEDPAWNS:0.5016940176681889
CE_PAWNWEAKNESSES:0.510082478910657
CE_PIECEACTIVITY:0.4747464338798645
CE_KINGPAWNSHIELD:0.47913598713783284
CE_PIECECOORDINATION:0.4859481788703928
CE_MATERIAL:0.5577632932386387
CE_KINGSAFETY:0.5267957574310234
C_PIECESQUARETABLES:0.512019620116802
C_MOBILITY:0.5769623103701691
C_KINGSAFETY:0.44215650247122384
C_PAWNSTRUCTURE:0.5138988869468072
C_PIECECOORDINATION:0.4368221300992441
C_ROOKANDPAWNMOVEMENT:0.4368221300992441
C_CENTERCONTROL:0.5226434154437252
C_DEVELOPPIECES:0.5217779213763968
C_MATERIAL:0.574318659091382
