ELO:988
CE_PASSEDPAWNS:0.47738937952879174
CE_PAWNWEAKNESSES:0.49135246578438757
CE_PIECEACTIVITY:0.5653234093966193
CE_KINGPAWNSHIELD:0.4902126298008116
CE_PIECECOORDINATION:0.5232391414653105
CE_MATERIAL:0.5587882625864969
CE_KINGSAFETY:0.5332980324909954
C_PIECESQUARETABLES:0.525838943763201
C_MOBILITY:0.4354177010278434
C_KINGSAFETY:0.5075052342575356
C_PAWNSTRUCTURE:0.5479413832421772
C_PIECECOORDINATION:0.4248571973833481
C_ROOKANDPAWNMOVEMENT:0.4248571973833481
C_CENTERCONTROL:0.5399111854203734
C_DEVELOPPIECES:0.590548018238789
C_MATERIAL:0.4508041673992199
