ELO:1090
CE_PASSEDPAWNS:0.6484744512248952
CE_PAWNWEAKNESSES:0.47010564472720073
CE_PIECEACTIVITY:0.4674936530349506
CE_KINGPAWNSHIELD:0.48742246703703884
CE_PIECECOORDINATION:0.4670472478207736
CE_MATERIAL:0.44305261883625613
CE_KINGSAFETY:0.48628775624669873
C_PIECESQUARETABLES:0.471443133356841
C_MOBILITY:0.42231289529486954
C_KINGSAFETY:0.5190311358882146
C_PAWNSTRUCTURE:0.38960576355308246
C_PIECECOORDINATION:0.47685421890574203
C_ROOKANDPAWNMOVEMENT:0.47685421890574203
C_CENTERCONTROL:0.5242654599154353
C_DEVELOPPIECES:0.5863430839317354
C_MATERIAL:0.4148856926494351
