ELO:938
CE_PASSEDPAWNS:0.49971838941574
CE_PAWNWEAKNESSES:0.48477893126767074
CE_PIECEACTIVITY:0.49597025288322005
CE_KINGPAWNSHIELD:0.5035841860394097
CE_PIECECOORDINATION:0.4768701124138315
CE_MATERIAL:0.5173672906809381
CE_KINGSAFETY:0.4973769860500917
C_PIECESQUARETABLES:0.5
C_MOBILITY:0.49332637914020633
C_KINGSAFETY:0.4944811191373655
C_PAWNSTRUCTURE:0.4647894206904308
C_PIECECOORDINATION:0.4848257174650086
C_ROOK:0.5107058155832043
CE_ROOK:0.49875903750968203
C_CENTERCONTROL:0.462009648902405
C_DEVELOPPIECES:0.41251590691575707
C_MATERIAL:0.4941131856841424
C_MOVECOUNT:0.5170476205692657
C_PAWNMOVEMENT:0.4774022221142949
