ELO:1000
CE_PASSEDPAWNS:0.5001204165359486
CE_PAWNWEAKNESSES:0.49649370451886615
CE_PIECEACTIVITY:0.49468520193939486
CE_KINGPAWNSHIELD:0.47899391017538817
CE_PIECECOORDINATION:0.5352400563798699
CE_MATERIAL:0.5145243124395028
CE_KINGSAFETY:0.5285019348134217
C_PIECESQUARETABLES:0.5161124328106258
C_MOBILITY:0.5460000060782702
C_KINGSAFETY:0.4723748245539292
C_PAWNSTRUCTURE:0.5506939848009644
C_PIECECOORDINATION:0.49592060743958033
C_ROOKANDPAWNMOVEMENT:0.49592060743958033
C_CENTERCONTROL:0.5033590349747449
C_DEVELOPPIECES:0.5279347634735411
C_MATERIAL:0.5212322039919783
