ELO:952
CE_PASSEDPAWNS:0.5083720643664962
CE_PAWNWEAKNESSES:0.5025305506168313
CE_PIECEACTIVITY:0.5040334987027328
CE_KINGPAWNSHIELD:0.5067933850103717
CE_PIECECOORDINATION:0.49680296489645814
CE_MATERIAL:0.5258935797972494
CE_KINGSAFETY:0.47945958252222776
C_PIECESQUARETABLES:0.48755784436039445
C_MOBILITY:0.4993949325746902
C_KINGSAFETY:0.510011212962521
C_PAWNSTRUCTURE:0.49429882608403564
C_PIECECOORDINATION:0.48900088883153375
C_ROOK:0.4954701413885683
CE_ROOK:0.48670498254999384
C_CENTERCONTROL:0.4459859029629761
C_DEVELOPPIECES:0.4318769169595394
C_MATERIAL:0.5074954535558391
C_MOVECOUNT:0.5104302725522901
C_PAWNMOVEMENT:0.4827786395937048
