ELO:999
CE_PASSEDPAWNS:0.505222794799286
CE_PAWNWEAKNESSES:0.5
CE_PIECEACTIVITY:0.5023545812997492
CE_KINGPAWNSHIELD:0.500887107362772
CE_PIECECOORDINATION:0.49681406793591926
CE_MATERIAL:0.49303414805283324
CE_KINGSAFETY:0.5051862804079443
C_PIECESQUARETABLES:0.5109028880584662
C_MOBILITY:0.5
C_KINGSAFETY:0.5
C_PAWNSTRUCTURE:0.5062898605141317
C_PIECECOORDINATION:0.5049383103838877
C_ROOKANDPAWNMOVEMENT:0.5049383103838877
C_CENTERCONTROL:0.5
C_DEVELOPPIECES:0.4904940586379896
C_MATERIAL:0.5
C_MOVECOUNT:0.5
