ELO:936
CE_PASSEDPAWNS:0.5033249972166901
CE_PAWNWEAKNESSES:0.5077439050314366
CE_PIECEACTIVITY:0.517905561434445
CE_KINGPAWNSHIELD:0.47923331382362033
CE_PIECECOORDINATION:0.5210156205613538
CE_MATERIAL:0.4740102694717241
CE_KINGSAFETY:0.4869729730191158
C_PIECESQUARETABLES:0.4957710487058977
C_MOBILITY:0.5299732848370747
C_KINGSAFETY:0.5251815517457208
C_PAWNSTRUCTURE:0.48227493724957443
C_PIECECOORDINATION:0.5408937005998615
C_ROOKANDPAWNMOVEMENT:0.5408937005998615
C_CENTERCONTROL:0.4825588702892421
C_DEVELOPPIECES:0.513376999063827
C_MATERIAL:0.47452588707700283
