ELO:976
CE_PASSEDPAWNS:0.5156013642428623
CE_PAWNWEAKNESSES:0.5382723321020744
CE_PIECEACTIVITY:0.45480177713532394
CE_KINGPAWNSHIELD:0.43883510466603654
CE_PIECECOORDINATION:0.4784215613061106
CE_MATERIAL:0.5160310559549501
CE_KINGSAFETY:0.49227273801418847
C_PIECESQUARETABLES:0.5
C_MOBILITY:0.6015095126459301
C_KINGSAFETY:0.4829667625283256
C_PAWNSTRUCTURE:0.5649382381603034
C_PIECECOORDINATION:0.5061781489485444
C_ROOKANDPAWNMOVEMENT:0.5061781489485444
C_CENTERCONTROL:0.5407279895608885
C_DEVELOPPIECES:0.5201444066039821
C_MATERIAL:0.5806003482092994
