ELO:980
CE_PASSEDPAWNS:0.4879532859892138
CE_PAWNWEAKNESSES:0.521308860900589
CE_PIECEACTIVITY:0.49196552839489527
CE_KINGPAWNSHIELD:0.5186889751823625
CE_PIECECOORDINATION:0.5134545354873563
CE_MATERIAL:0.5218836107154284
CE_KINGSAFETY:0.5022197891528905
C_PIECESQUARETABLES:0.49999801116391324
C_MOBILITY:0.5060888912400582
C_KINGSAFETY:0.4951331946625901
C_PAWNSTRUCTURE:0.48306486898112616
C_PIECECOORDINATION:0.5089216575858593
C_ROOKANDPAWNMOVEMENT:0.5089216575858593
C_CENTERCONTROL:0.5064091078645084
C_DEVELOPPIECES:0.4932365264130951
C_MATERIAL:0.5082549391979517
C_MOVECOUNT:0.5
