ELO:982
CE_PASSEDPAWNS:0.48669883832325683
CE_PAWNWEAKNESSES:0.521308860900589
CE_PIECEACTIVITY:0.5055501265323205
CE_KINGPAWNSHIELD:0.5113468177355129
CE_PIECECOORDINATION:0.5134545354873563
CE_MATERIAL:0.5218836107154284
CE_KINGSAFETY:0.5022197891528905
C_PIECESQUARETABLES:0.4885377110955748
C_MOBILITY:0.5121552064566997
C_KINGSAFETY:0.4951331946625901
C_PAWNSTRUCTURE:0.4777496861631222
C_PIECECOORDINATION:0.5089216575858593
C_ROOKANDPAWNMOVEMENT:0.5089216575858593
C_CENTERCONTROL:0.5183162410999487
C_DEVELOPPIECES:0.48984622562467933
C_MATERIAL:0.5082549391979517
C_MOVECOUNT:0.5
