ELO:1000
CE_PASSEDPAWNS:0.5150106375062194
CE_PAWNWEAKNESSES:0.48819846040568504
CE_PIECEACTIVITY:0.4804503725214657
CE_KINGPAWNSHIELD:0.4688544281832655
CE_PIECECOORDINATION:0.5010383787541237
CE_MATERIAL:0.5528145806466858
CE_KINGSAFETY:0.5314453566282331
C_PIECESQUARETABLES:0.530921200980393
C_MOBILITY:0.5878676145461925
C_KINGSAFETY:0.43422999390909883
C_PAWNSTRUCTURE:0.5243219098797608
C_PIECECOORDINATION:0.44252089246958626
C_ROOKANDPAWNMOVEMENT:0.44252089246958626
C_CENTERCONTROL:0.5150348584174275
C_DEVELOPPIECES:0.5215977554251637
C_MATERIAL:0.5678759318508516
