ELO:1045
CE_PASSEDPAWNS:0.5
CE_PAWNWEAKNESSES:0.5
CE_PIECEACTIVITY:0.5
CE_KINGPAWNSHIELD:0.48856740315627617
CE_PIECECOORDINATION:0.5049346467414968
CE_MATERIAL:0.49881933938077766
CE_KINGSAFETY:0.5
C_PIECESQUARETABLES:0.5
C_MOBILITY:0.5016956584053531
C_KINGSAFETY:0.4965688977890834
C_PAWNSTRUCTURE:0.5124513346688001
C_PIECECOORDINATION:0.5
C_ROOKANDPAWNMOVEMENT:0.5
C_CENTERCONTROL:0.5033009599258125
C_DEVELOPPIECES:0.5077941947685375
C_MATERIAL:0.47670325220477106
C_MOVECOUNT:0.4980942693341561
