ELO:961
CE_PASSEDPAWNS:0.49746795703819285
CE_PAWNWEAKNESSES:0.4911952812581168
CE_PIECEACTIVITY:0.5029813468687794
CE_KINGPAWNSHIELD:0.5194698823793347
CE_PIECECOORDINATION:0.48988645627341465
CE_MATERIAL:0.5250343092808285
CE_KINGSAFETY:0.4887465169939015
C_PIECESQUARETABLES:0.5005832909608426
C_MOBILITY:0.5018470850699573
C_KINGSAFETY:0.5197223714569857
C_PAWNSTRUCTURE:0.48267479437523747
C_PIECECOORDINATION:0.4754217395886575
C_ROOK:0.4977383475760461
CE_ROOK:0.4847131597524713
C_CENTERCONTROL:0.45629298063851936
C_DEVELOPPIECES:0.4308930287701776
C_MATERIAL:0.4984221297209842
C_MOVECOUNT:0.5046617797453039
C_PAWNMOVEMENT:0.4776614755674172
