ELO:959
CE_PASSEDPAWNS:0.5024980627150643
CE_PAWNWEAKNESSES:0.48569223743364104
CE_PIECEACTIVITY:0.5025907369009082
CE_KINGPAWNSHIELD:0.5136771108415831
CE_PIECECOORDINATION:0.48371083572937673
CE_MATERIAL:0.5130474823317182
CE_KINGSAFETY:0.4887465169939015
C_PIECESQUARETABLES:0.5089415476714713
C_MOBILITY:0.5018470850699573
C_KINGSAFETY:0.5185217263729618
C_PAWNSTRUCTURE:0.48267479437523747
C_PIECECOORDINATION:0.4754217395886575
C_ROOK:0.491492595783097
CE_ROOK:0.4847131597524713
C_CENTERCONTROL:0.45629298063851936
C_DEVELOPPIECES:0.42915404160738096
C_MATERIAL:0.5026340516804478
C_MOVECOUNT:0.5046617797453039
C_PAWNMOVEMENT:0.4776614755674172
