ELO:959
CE_PASSEDPAWNS:0.5382090758352601
CE_PAWNWEAKNESSES:0.5614202666775169
CE_PIECEACTIVITY:0.4228747740865073
CE_KINGPAWNSHIELD:0.42857528286154173
CE_PIECECOORDINATION:0.47347525905337584
CE_MATERIAL:0.4976246981199483
CE_KINGSAFETY:0.4793156302198918
C_PIECESQUARETABLES:0.5177805718535612
C_MOBILITY:0.6263113318581978
C_KINGSAFETY:0.5087408410204634
C_PAWNSTRUCTURE:0.579373868061995
C_PIECECOORDINATION:0.5163830065777568
C_ROOKANDPAWNMOVEMENT:0.5163830065777568
C_CENTERCONTROL:0.5436048407031769
C_DEVELOPPIECES:0.5481071310348213
C_MATERIAL:0.5923690249772718
