ELO:926
CE_PASSEDPAWNS:0.5139469234084926
CE_PAWNWEAKNESSES:0.501169824816298
CE_PIECEACTIVITY:0.5298999388229988
CE_KINGPAWNSHIELD:0.5106346010534538
CE_PIECECOORDINATION:0.47575789870048435
CE_MATERIAL:0.5144289887395325
CE_KINGSAFETY:0.5001004985340026
C_PIECESQUARETABLES:0.5
C_MOBILITY:0.510982621286883
C_KINGSAFETY:0.5240752630129715
C_PAWNSTRUCTURE:0.4631800125548405
C_PIECECOORDINATION:0.49531558775722456
C_ROOK:0.5228363783646005
CE_ROOK:0.5257874069876577
C_CENTERCONTROL:0.45347795909083016
C_DEVELOPPIECES:0.41654198982637664
C_MATERIAL:0.5199171708616208
C_MOVECOUNT:0.537316425077376
C_PAWNMOVEMENT:0.4856573839580883
