ELO:891
CE_PASSEDPAWNS:0.4507344307393482
CE_PAWNWEAKNESSES:0.5334963971478489
CE_PIECEACTIVITY:0.40812136228179685
CE_KINGPAWNSHIELD:0.47993003087265235
CE_PIECECOORDINATION:0.42515113369165697
CE_MATERIAL:0.42876396046420734
CE_KINGSAFETY:0.5
C_PIECESQUARETABLES:0.5123270271595495
C_MOBILITY:0.5437806320959191
C_KINGSAFETY:0.36708470071272764
C_PAWNSTRUCTURE:0.4951067897423236
C_PIECECOORDINATION:0.4110243213264308
C_ROOKANDPAWNMOVEMENT:0.4110243213264308
C_CENTERCONTROL:0.5655604617546406
C_DEVELOPPIECES:0.6198707821028978
C_MATERIAL:0.4591517965921771
