ELO:960
CE_PASSEDPAWNS:0.5382090758352601
CE_PAWNWEAKNESSES:0.5614202666775169
CE_PIECEACTIVITY:0.4228747740865073
CE_KINGPAWNSHIELD:0.43993887213946786
CE_PIECECOORDINATION:0.47347525905337584
CE_MATERIAL:0.5093826969337685
CE_KINGSAFETY:0.4793156302198918
C_PIECESQUARETABLES:0.5252656912213359
C_MOBILITY:0.6263113318581978
C_KINGSAFETY:0.5087408410204634
C_PAWNSTRUCTURE:0.5814176695410604
C_PIECECOORDINATION:0.5204299711686787
C_ROOKANDPAWNMOVEMENT:0.5204299711686787
C_CENTERCONTROL:0.5436048407031769
C_DEVELOPPIECES:0.5481071310348213
C_MATERIAL:0.5923690249772718
