ELO:1000
CE_PASSEDPAWNS:0.5089583903082034
CE_PAWNWEAKNESSES:0.5067705879813713
CE_PIECEACTIVITY:0.48259345145288207
CE_KINGPAWNSHIELD:0.4927333397102453
CE_PIECECOORDINATION:0.5077241606374527
CE_MATERIAL:0.5404871820656824
CE_KINGSAFETY:0.5240420678575124
C_PIECESQUARETABLES:0.5238052077755485
C_MOBILITY:0.5869939107793268
C_KINGSAFETY:0.4701856653383987
C_PAWNSTRUCTURE:0.4981584211106275
C_PIECECOORDINATION:0.4475711503384006
C_ROOKANDPAWNMOVEMENT:0.4475711503384006
C_CENTERCONTROL:0.5074729439755539
C_DEVELOPPIECES:0.5239878363862798
C_MATERIAL:0.5403712496748599
