ELO:1005
CE_PASSEDPAWNS:0.4979797585875339
CE_PAWNWEAKNESSES:0.5166393381816807
CE_PIECEACTIVITY:0.5
CE_KINGPAWNSHIELD:0.5271780922685442
CE_PIECECOORDINATION:0.5
CE_MATERIAL:0.5077180426740109
CE_KINGSAFETY:0.48916583739819397
C_PIECESQUARETABLES:0.49642114258889725
C_MOBILITY:0.5189724366842461
C_KINGSAFETY:0.506088945844353
C_PAWNSTRUCTURE:0.5005691598084547
C_PIECECOORDINATION:0.5222869236298678
C_ROOKANDPAWNMOVEMENT:0.5222869236298678
C_CENTERCONTROL:0.4784039840534033
C_DEVELOPPIECES:0.4969113177021927
C_MATERIAL:0.47949549471433384
C_MOVECOUNT:0.5
