ELO:1021
CE_PASSEDPAWNS:0.493961275649371
CE_PAWNWEAKNESSES:0.5
CE_PIECEACTIVITY:0.5033049889820327
CE_KINGPAWNSHIELD:0.4987170969436335
CE_PIECECOORDINATION:0.5
CE_MATERIAL:0.5
CE_KINGSAFETY:0.5
C_PIECESQUARETABLES:0.5
C_MOBILITY:0.5
C_KINGSAFETY:0.489704805485399
C_PAWNSTRUCTURE:0.5110237208885725
C_PIECECOORDINATION:0.4857367427692809
C_ROOK:0.5
CE_ROOK:0.5021122630923075
C_CENTERCONTROL:0.5
C_DEVELOPPIECES:0.5
C_MATERIAL:0.5001606735515617
C_MOVECOUNT:0.49952300576844894
C_PAWNMOVEMENT:0.507849138724189
