ELO:926
CE_PASSEDPAWNS:0.5001660325987842
CE_PAWNWEAKNESSES:0.44139588958973475
CE_PIECEACTIVITY:0.5465011470786184
CE_KINGPAWNSHIELD:0.48089269118660394
CE_PIECECOORDINATION:0.5258087148194678
CE_MATERIAL:0.486320795225399
CE_KINGSAFETY:0.45762852756366945
C_PIECESQUARETABLES:0.5066437850245372
C_MOBILITY:0.5069591626762266
C_KINGSAFETY:0.49107100538939935
C_PAWNSTRUCTURE:0.4716172490034597
C_PIECECOORDINATION:0.5054831532009995
C_ROOKANDPAWNMOVEMENT:0.5054831532009995
C_CENTERCONTROL:0.47121656891289454
C_DEVELOPPIECES:0.5153134801028945
C_MATERIAL:0.4771624921148714
C_MOVECOUNT:0.5
