ELO:993
CE_PASSEDPAWNS:0.4786001733960621
CE_PAWNWEAKNESSES:0.501462727666726
CE_PIECEACTIVITY:0.48143346278645555
CE_KINGPAWNSHIELD:0.5
CE_PIECECOORDINATION:0.49943144374687565
CE_MATERIAL:0.4712020193739987
CE_KINGSAFETY:0.5
C_PIECESQUARETABLES:0.5
C_MOBILITY:0.4940133154259423
C_KINGSAFETY:0.5
C_PAWNSTRUCTURE:0.49560429147999835
C_PIECECOORDINATION:0.49112884749595614
C_ROOKANDPAWNMOVEMENT:0.49112884749595614
C_CENTERCONTROL:0.5085138679568568
C_DEVELOPPIECES:0.5104337655063711
C_MATERIAL:0.5118574838416963
C_MOVECOUNT:0.5
