ELO:962
CE_PASSEDPAWNS:0.46205336469487335
CE_PAWNWEAKNESSES:0.47698104568553995
CE_PIECEACTIVITY:0.48743191582783957
CE_KINGPAWNSHIELD:0.5057715017590433
CE_PIECECOORDINATION:0.4461275159397957
CE_MATERIAL:0.5277193634024792
CE_KINGSAFETY:0.576647098068905
C_PIECESQUARETABLES:0.4836423059749396
C_MOBILITY:0.5593266237044359
C_KINGSAFETY:0.5501303035366353
C_PAWNSTRUCTURE:0.48441085114102267
C_PIECECOORDINATION:0.43514679357222097
C_ROOKANDPAWNMOVEMENT:0.43514679357222097
C_CENTERCONTROL:0.4816609520730398
C_DEVELOPPIECES:0.5160699814058787
C_MATERIAL:0.4872608381973688
C_MOVECOUNT:0.4788762400086917
