ELO:986
CE_PASSEDPAWNS:0.47004302382680696
CE_PAWNWEAKNESSES:0.481425436427709
CE_PIECEACTIVITY:0.4937966627749587
CE_KINGPAWNSHIELD:0.48079792824530143
CE_PIECECOORDINATION:0.5101903745915135
CE_MATERIAL:0.4906320818146655
CE_KINGSAFETY:0.5061440150844325
C_PIECESQUARETABLES:0.4751410273324041
C_MOBILITY:0.4650528711249183
C_KINGSAFETY:0.5006287975618694
C_PAWNSTRUCTURE:0.49541460347069965
C_PIECECOORDINATION:0.4910728087089436
C_ROOKANDPAWNMOVEMENT:0.4910728087089436
C_CENTERCONTROL:0.5188852378652014
C_DEVELOPPIECES:0.48962767235348387
C_MATERIAL:0.5107313975390562
