ELO:826
CE_PASSEDPAWNS:0.5214016206544286
CE_PAWNWEAKNESSES:0.45055251555702586
CE_PIECEACTIVITY:0.5230460584634467
CE_KINGPAWNSHIELD:0.5082023535528051
CE_PIECECOORDINATION:0.5198166444066223
CE_MATERIAL:0.4973983201671193
CE_KINGSAFETY:0.4985318286189873
C_PIECESQUARETABLES:0.5
C_MOBILITY:0.5212860337408602
C_KINGSAFETY:0.4728050084753529
C_PAWNSTRUCTURE:0.48570401539612146
C_PIECECOORDINATION:0.46662257760916265
C_ROOKANDPAWNMOVEMENT:0.46662257760916265
C_CENTERCONTROL:0.44056110022017037
C_DEVELOPPIECES:0.4596932241851266
C_MATERIAL:0.48714922162095964
C_MOVECOUNT:0.4992676304616157
