ELO:1000
CE_PASSEDPAWNS:0.5
CE_PAWNWEAKNESSES:0.5092870955274369
CE_PIECEACTIVITY:0.5009189765303962
CE_KINGPAWNSHIELD:0.5
CE_PIECECOORDINATION:0.505406405267253
CE_MATERIAL:0.5124355865784245
CE_KINGSAFETY:0.49381538916362433
C_PIECESQUARETABLES:0.49150020564400293
C_MOBILITY:0.5
C_KINGSAFETY:0.5075215576600128
C_PAWNSTRUCTURE:0.5
C_PIECECOORDINATION:0.5
C_ROOKANDPAWNMOVEMENT:0.5
C_CENTERCONTROL:0.49301703038387396
C_DEVELOPPIECES:0.5
C_MATERIAL:0.5123424404952601
