ELO:929
CE_PASSEDPAWNS:0.5087089956012613
CE_PAWNWEAKNESSES:0.4940795758657433
CE_PIECEACTIVITY:0.5139538255127326
CE_KINGPAWNSHIELD:0.537985696440943
CE_PIECECOORDINATION:0.5124446063849504
CE_MATERIAL:0.4356861833960896
CE_KINGSAFETY:0.5294472012464434
C_PIECESQUARETABLES:0.4866493560247674
C_MOBILITY:0.481694175811147
C_KINGSAFETY:0.5154934936630168
C_PAWNSTRUCTURE:0.473213154263528
C_PIECECOORDINATION:0.500556317630122
C_ROOKANDPAWNMOVEMENT:0.500556317630122
C_CENTERCONTROL:0.5043105289465357
C_DEVELOPPIECES:0.5542047879546715
C_MATERIAL:0.4945183113925132
C_MOVECOUNT:0.5
