ELO:1000
CE_PASSEDPAWNS:0.48465334340746624
CE_PAWNWEAKNESSES:0.5202691468726618
CE_PIECEACTIVITY:0.4758869405526905
CE_KINGPAWNSHIELD:0.536626791357615
CE_PIECECOORDINATION:0.5164625333550276
CE_MATERIAL:0.4201566214253983
CE_KINGSAFETY:0.48442223580717564
C_PIECESQUARETABLES:0.5037310175855789
C_MOBILITY:0.5003085045898703
C_KINGSAFETY:0.4957292293570118
C_PAWNSTRUCTURE:0.4966829643891906
C_PIECECOORDINATION:0.4675797934480014
C_ROOKANDPAWNMOVEMENT:0.4675797934480014
C_CENTERCONTROL:0.5151008869394423
C_DEVELOPPIECES:0.4380156359035763
C_MATERIAL:0.5268713378103482
