ELO:1004
CE_PASSEDPAWNS:0.5165888194381504
CE_PAWNWEAKNESSES:0.5315084815777993
CE_PIECEACTIVITY:0.47350394151544634
CE_KINGPAWNSHIELD:0.488211101535206
CE_PIECECOORDINATION:0.5029084943262581
CE_MATERIAL:0.4877936927601707
CE_KINGSAFETY:0.5
C_PIECESQUARETABLES:0.5
C_MOBILITY:0.47976044958124736
C_KINGSAFETY:0.49633639915486416
C_PAWNSTRUCTURE:0.49977640932776074
C_PIECECOORDINATION:0.5214167139398171
C_ROOK:0.5000151810501162
CE_ROOK:0.5222310596759884
C_CENTERCONTROL:0.47546309063142794
C_DEVELOPPIECES:0.4953098223785365
C_MATERIAL:0.4799634844443406
C_MOVECOUNT:0.5036660823018904
C_PAWNMOVEMENT:0.5049255284258698
