ELO:1022
CE_PASSEDPAWNS:0.49636790520781887
CE_PAWNWEAKNESSES:0.5196895820307637
CE_PIECEACTIVITY:0.5200587540315664
CE_KINGPAWNSHIELD:0.5
CE_PIECECOORDINATION:0.49940079432467915
CE_MATERIAL:0.5
CE_KINGSAFETY:0.49973651384352574
C_PIECESQUARETABLES:0.5087652665108895
C_MOBILITY:0.5
C_KINGSAFETY:0.5
C_PAWNSTRUCTURE:0.49424628576678187
C_PIECECOORDINATION:0.49961449616109127
C_ROOKANDPAWNMOVEMENT:0.49961449616109127
C_CENTERCONTROL:0.4957237653907717
C_DEVELOPPIECES:0.5
C_MATERIAL:0.48409262211457216
C_MOVECOUNT:0.5
