ELO:1036
CE_PASSEDPAWNS:0.49071448479940993
CE_PAWNWEAKNESSES:0.51495231105007
CE_PIECEACTIVITY:0.5
CE_KINGPAWNSHIELD:0.48676071068464893
CE_PIECECOORDINATION:0.4922221483498198
CE_MATERIAL:0.49760586661600825
CE_KINGSAFETY:0.5161256171676403
C_PIECESQUARETABLES:0.4971268409951848
C_MOBILITY:0.510068351876117
C_KINGSAFETY:0.5
C_PAWNSTRUCTURE:0.5003784056212636
C_PIECECOORDINATION:0.5069776468885887
C_ROOKANDPAWNMOVEMENT:0.5069776468885887
C_CENTERCONTROL:0.5
C_DEVELOPPIECES:0.4932467242867184
C_MATERIAL:0.4789639705318527
C_MOVECOUNT:0.5
