ELO:1000
CE_PASSEDPAWNS:0.49407991244839805
CE_PAWNWEAKNESSES:0.5172781598968647
CE_PIECEACTIVITY:0.5047062607823807
CE_KINGPAWNSHIELD:0.48901261446798705
CE_PIECECOORDINATION:0.5295727233647665
CE_MATERIAL:0.5423407037493035
CE_KINGSAFETY:0.45690658325014855
C_PIECESQUARETABLES:0.5375625969611144
C_MOBILITY:0.44851183309911224
C_KINGSAFETY:0.5261083672682237
C_PAWNSTRUCTURE:0.5087683952298665
C_PIECECOORDINATION:0.5353897675882971
C_ROOKANDPAWNMOVEMENT:0.5353897675882971
C_CENTERCONTROL:0.5293205216348988
C_DEVELOPPIECES:0.5039244496831903
C_MATERIAL:0.4846598832504484
