ELO:823
CE_PASSEDPAWNS:0.5264662497088649
CE_PAWNWEAKNESSES:0.564580748176476
CE_PIECEACTIVITY:0.4932675964541483
CE_KINGPAWNSHIELD:0.5291849380586918
CE_PIECECOORDINATION:0.4936003479836887
CE_MATERIAL:0.5026995728101245
CE_KINGSAFETY:0.49335946037532047
C_PIECESQUARETABLES:0.508158967657571
C_MOBILITY:0.5308096541931452
C_KINGSAFETY:0.5119895777172592
C_PAWNSTRUCTURE:0.4848330120627423
C_PIECECOORDINATION:0.49519333812459276
C_ROOKANDPAWNMOVEMENT:0.49519333812459276
C_CENTERCONTROL:0.550297849887672
C_DEVELOPPIECES:0.4448543370399036
C_MATERIAL:0.5848379437330241
C_MOVECOUNT:0.4539915052077892
