ELO:1013
CE_PASSEDPAWNS:0.5063941680519236
CE_PAWNWEAKNESSES:0.4924984909521727
CE_PIECEACTIVITY:0.5042349876417885
CE_KINGPAWNSHIELD:0.5106778068944751
CE_PIECECOORDINATION:0.5013213107397546
CE_MATERIAL:0.5173491639718055
CE_KINGSAFETY:0.5
C_PIECESQUARETABLES:0.5
C_MOBILITY:0.5026332375267567
C_KINGSAFETY:0.5046567771576902
C_PAWNSTRUCTURE:0.4939354896132795
C_PIECECOORDINATION:0.5101377630039627
C_ROOK:0.4849052009600495
CE_ROOK:0.5222310596759884
C_CENTERCONTROL:0.4993969985565872
C_DEVELOPPIECES:0.4964410949605239
C_MATERIAL:0.5022003173459787
C_MOVECOUNT:0.5090718114111956
C_PAWNMOVEMENT:0.4956368333243179
