ELO:1021
CE_PASSEDPAWNS:0.5156006279098287
CE_PAWNWEAKNESSES:0.5310609925218821
CE_PIECEACTIVITY:0.4903670623301098
CE_KINGPAWNSHIELD:0.48494180170640855
CE_PIECECOORDINATION:0.4983052585502258
CE_MATERIAL:0.4936647227553223
CE_KINGSAFETY:0.5
C_PIECESQUARETABLES:0.5
C_MOBILITY:0.5027895105486977
C_KINGSAFETY:0.5
C_PAWNSTRUCTURE:0.5036892553244838
C_PIECECOORDINATION:0.5069238934225515
C_ROOK:0.5121211888538569
CE_ROOK:0.49392803174519356
C_CENTERCONTROL:0.4966272248412492
C_DEVELOPPIECES:0.5043331145656252
C_MATERIAL:0.49797995460073996
C_MOVECOUNT:0.5
C_PAWNMOVEMENT:0.48888663680470384
