ELO:775
CE_PASSEDPAWNS:0.5160730274920882
CE_PAWNWEAKNESSES:0.6032634008154614
CE_PIECEACTIVITY:0.4400523286417613
CE_KINGPAWNSHIELD:0.611446291123668
CE_PIECECOORDINATION:0.3579932507529651
CE_MATERIAL:0.4853843152085948
CE_KINGSAFETY:0.5064049398786462
C_PIECESQUARETABLES:0.49984633094479314
C_MOBILITY:0.5273802578375579
C_KINGSAFETY:0.5520263003464665
C_PAWNSTRUCTURE:0.47790755446082667
C_PIECECOORDINATION:0.5335105677011112
C_ROOKANDPAWNMOVEMENT:0.5335105677011112
C_CENTERCONTROL:0.4446175662672086
C_DEVELOPPIECES:0.5005771888784187
C_MATERIAL:0.3557269631825383
C_MOVECOUNT:0.47356904254233906
