ELO:1017
CE_PASSEDPAWNS:0.4632553827494533
CE_PAWNWEAKNESSES:0.4773770110142628
CE_PIECEACTIVITY:0.5054269034939335
CE_KINGPAWNSHIELD:0.4916820697650932
CE_PIECECOORDINATION:0.49508892530879683
CE_MATERIAL:0.4842056406862006
CE_KINGSAFETY:0.5
C_PIECESQUARETABLES:0.5
C_MOBILITY:0.5211265398890225
C_KINGSAFETY:0.4811413664804936
C_PAWNSTRUCTURE:0.4634524577861632
C_PIECECOORDINATION:0.5237433802912844
C_ROOK:0.5439003054242
CE_ROOK:0.4671050931683059
C_CENTERCONTROL:0.4973729449371697
C_DEVELOPPIECES:0.5257609700317444
C_MATERIAL:0.49745362351644534
C_MOVECOUNT:0.4923646067896574
C_PAWNMOVEMENT:0.4870259075401598
