ELO:968
CE_PASSEDPAWNS:0.48588301893809505
CE_PAWNWEAKNESSES:0.5181590390065657
CE_PIECEACTIVITY:0.5152313119897438
CE_KINGPAWNSHIELD:0.5044871596615937
CE_PIECECOORDINATION:0.4974289814836895
CE_MATERIAL:0.4955799859334924
CE_KINGSAFETY:0.5
C_PIECESQUARETABLES:0.5
C_MOBILITY:0.52166885803624
C_KINGSAFETY:0.5223105102660069
C_PAWNSTRUCTURE:0.5384642309790479
C_PIECECOORDINATION:0.5238651092196642
C_ROOK:0.554270858106517
CE_ROOK:0.48376857799373596
C_CENTERCONTROL:0.49398747569806734
C_DEVELOPPIECES:0.5680144010675051
C_MATERIAL:0.5278789153730523
C_MOVECOUNT:0.5076189304992813
C_PAWNMOVEMENT:0.4591931547443885
