ELO:900
CE_PASSEDPAWNS:0.5397367580716874
CE_PAWNWEAKNESSES:0.46433825312858107
CE_PIECEACTIVITY:0.46639534041384223
CE_KINGPAWNSHIELD:0.37492299798534856
CE_PIECECOORDINATION:0.5903451705211706
CE_MATERIAL:0.6056291835846797
CE_KINGSAFETY:0.5334271557822654
C_PIECESQUARETABLES:0.5464270679994156
C_MOBILITY:0.30203764615049644
C_KINGSAFETY:0.5196744163577386
C_PAWNSTRUCTURE:0.38730521080861885
C_PIECECOORDINATION:0.5113537145009985
C_ROOKANDPAWNMOVEMENT:0.5113537145009985
C_CENTERCONTROL:0.5334526593857087
C_DEVELOPPIECES:0.4202268244295047
C_MATERIAL:0.47564727020070513
