ELO:1008
CE_PASSEDPAWNS:0.5
CE_PAWNWEAKNESSES:0.49866727485794604
CE_PIECEACTIVITY:0.5
CE_KINGPAWNSHIELD:0.49180208555805627
CE_PIECECOORDINATION:0.5
CE_MATERIAL:0.5
CE_KINGSAFETY:0.5
C_PIECESQUARETABLES:0.509816644743595
C_MOBILITY:0.5
C_KINGSAFETY:0.49679839808014364
C_PAWNSTRUCTURE:0.505057746005461
C_PIECECOORDINATION:0.5055724015372765
C_ROOKANDPAWNMOVEMENT:0.5055724015372765
C_CENTERCONTROL:0.49529484595616546
C_DEVELOPPIECES:0.5
C_MATERIAL:0.5
