ELO:925
CE_PASSEDPAWNS:0.5160377979895362
CE_PAWNWEAKNESSES:0.4613381338568101
CE_PIECEACTIVITY:0.538868458391424
CE_KINGPAWNSHIELD:0.47420392281407975
CE_PIECECOORDINATION:0.5150397846430453
CE_MATERIAL:0.48830054006617457
CE_KINGSAFETY:0.46031358581845905
C_PIECESQUARETABLES:0.4811529588658036
C_MOBILITY:0.4930099452227135
C_KINGSAFETY:0.4887447035197012
C_PAWNSTRUCTURE:0.4766099865879228
C_PIECECOORDINATION:0.510255171867955
C_ROOKANDPAWNMOVEMENT:0.510255171867955
C_CENTERCONTROL:0.478911637865834
C_DEVELOPPIECES:0.5154936955222739
C_MATERIAL:0.4775152773036869
C_MOVECOUNT:0.5
