ELO:897
CE_PASSEDPAWNS:0.43616841334526435
CE_PAWNWEAKNESSES:0.463214777933507
CE_PIECEACTIVITY:0.48805770748753935
CE_KINGPAWNSHIELD:0.49840111215233335
CE_PIECECOORDINATION:0.5635160173976239
CE_MATERIAL:0.4381284140777217
CE_KINGSAFETY:0.5056934364407891
C_PIECESQUARETABLES:0.4978318143035395
C_MOBILITY:0.532854730030254
C_KINGSAFETY:0.5916888791266992
C_PAWNSTRUCTURE:0.5345551630471834
C_PIECECOORDINATION:0.5447471147872995
C_ROOKANDPAWNMOVEMENT:0.5447471147872995
C_CENTERCONTROL:0.574698282159288
C_DEVELOPPIECES:0.4152964042171463
C_MATERIAL:0.5474701421072438
