ELO:711
CE_PASSEDPAWNS:0.5107972488010397
CE_PAWNWEAKNESSES:0.519940671496989
CE_PIECEACTIVITY:0.4219375071439774
CE_KINGPAWNSHIELD:0.5912952446351529
CE_PIECECOORDINATION:0.37426355303047676
CE_MATERIAL:0.45198677927920694
CE_KINGSAFETY:0.5102023578946978
C_PIECESQUARETABLES:0.544395263762429
C_MOBILITY:0.507022590828468
C_KINGSAFETY:0.5403677384509855
C_PAWNSTRUCTURE:0.4929877803855621
C_PIECECOORDINATION:0.48347558657049233
C_ROOKANDPAWNMOVEMENT:0.48347558657049233
C_CENTERCONTROL:0.4784558304132778
C_DEVELOPPIECES:0.5287065056172032
C_MATERIAL:0.38943543951928733
C_MOVECOUNT:0.5
