ELO:932
CE_PASSEDPAWNS:0.505559195557863
CE_PAWNWEAKNESSES:0.5197989006296142
CE_PIECEACTIVITY:0.490888516359417
CE_KINGPAWNSHIELD:0.5056633891808376
CE_PIECECOORDINATION:0.5290225381793795
CE_MATERIAL:0.4932760929202638
CE_KINGSAFETY:0.4962042691346574
C_PIECESQUARETABLES:0.5344157529910097
C_MOBILITY:0.4934255433817895
C_KINGSAFETY:0.49946172037620334
C_PAWNSTRUCTURE:0.5375688193436222
C_PIECECOORDINATION:0.5192732098051913
C_ROOKANDPAWNMOVEMENT:0.5192732098051913
C_CENTERCONTROL:0.5298355111392306
C_DEVELOPPIECES:0.5150991306375715
C_MATERIAL:0.5022667036116468
