ELO:1000
CE_PASSEDPAWNS:0.4885161586191045
CE_PAWNWEAKNESSES:0.5202691468726618
CE_PIECEACTIVITY:0.4758869405526905
CE_KINGPAWNSHIELD:0.536626791357615
CE_PIECECOORDINATION:0.5254709147095925
CE_MATERIAL:0.4201566214253983
CE_KINGSAFETY:0.496244817381014
C_PIECESQUARETABLES:0.5037310175855789
C_MOBILITY:0.4934295809322667
C_KINGSAFETY:0.494483892621872
C_PAWNSTRUCTURE:0.4966829643891906
C_PIECECOORDINATION:0.4766748430650709
C_ROOKANDPAWNMOVEMENT:0.4766748430650709
C_CENTERCONTROL:0.5151008869394423
C_DEVELOPPIECES:0.4380156359035763
C_MATERIAL:0.5221900317172053
