ELO:1027
CE_PASSEDPAWNS:0.5020528722452041
CE_PAWNWEAKNESSES:0.4792852776395572
CE_PIECEACTIVITY:0.5
CE_KINGPAWNSHIELD:0.5236576530138782
CE_PIECECOORDINATION:0.5
CE_MATERIAL:0.5120638905358635
CE_KINGSAFETY:0.5
C_PIECESQUARETABLES:0.4795871301336568
C_MOBILITY:0.5081596462050794
C_KINGSAFETY:0.5107233725381513
C_PAWNSTRUCTURE:0.49058554778665525
C_PIECECOORDINATION:0.49569332088176404
C_ROOKANDPAWNMOVEMENT:0.49569332088176404
C_CENTERCONTROL:0.5
C_DEVELOPPIECES:0.5
C_MATERIAL:0.5012437267050226
C_MOVECOUNT:0.5
