ELO:984
CE_PASSEDPAWNS:0.4963003386603023
CE_PAWNWEAKNESSES:0.48710028307397146
CE_PIECEACTIVITY:0.47459367773034467
CE_KINGPAWNSHIELD:0.5081674910993915
CE_PIECECOORDINATION:0.5067298153477803
CE_MATERIAL:0.48789193598342157
CE_KINGSAFETY:0.5028562024281273
C_PIECESQUARETABLES:0.4979938096710745
C_MOBILITY:0.5332404303617738
C_KINGSAFETY:0.49633452033585296
C_PAWNSTRUCTURE:0.47180723070628555
C_PIECECOORDINATION:0.5088323152857737
C_ROOKANDPAWNMOVEMENT:0.5088323152857737
C_CENTERCONTROL:0.5098607095454638
C_DEVELOPPIECES:0.49219289247013864
C_MATERIAL:0.5
C_MOVECOUNT:0.49434298200833376
