ELO:985
CE_PASSEDPAWNS:0.44584929785369426
CE_PAWNWEAKNESSES:0.5024842989741286
CE_PIECEACTIVITY:0.45901049941024846
CE_KINGPAWNSHIELD:0.5091209696088929
CE_PIECECOORDINATION:0.47331844033982545
CE_MATERIAL:0.3758906499820951
CE_KINGSAFETY:0.5009643924641994
C_PIECESQUARETABLES:0.46272528671898866
C_MOBILITY:0.5201247052020461
C_KINGSAFETY:0.4048647263985879
C_PAWNSTRUCTURE:0.4699093510803199
C_PIECECOORDINATION:0.4606223454400227
C_ROOKANDPAWNMOVEMENT:0.4606223454400227
C_CENTERCONTROL:0.516498098129486
C_DEVELOPPIECES:0.4672343366827401
C_MATERIAL:0.500156942740888
