ELO:925
CE_PASSEDPAWNS:0.5018340910214384
CE_PAWNWEAKNESSES:0.4940795758657433
CE_PIECEACTIVITY:0.5019001645769448
CE_KINGPAWNSHIELD:0.5157473277787857
CE_PIECECOORDINATION:0.5030477518758135
CE_MATERIAL:0.5520899689783765
CE_KINGSAFETY:0.4813657583291833
C_PIECESQUARETABLES:0.45686071454496874
C_MOBILITY:0.537569319216887
C_KINGSAFETY:0.5154934936630168
C_PAWNSTRUCTURE:0.4981019185630439
C_PIECECOORDINATION:0.47352308995580944
C_ROOKANDPAWNMOVEMENT:0.47352308995580944
C_CENTERCONTROL:0.495291314431598
C_DEVELOPPIECES:0.5542047879546715
C_MATERIAL:0.5444632456319911
C_MOVECOUNT:0.5
