ELO:1006
CE_PASSEDPAWNS:0.5104434680919999
CE_PAWNWEAKNESSES:0.5052002163282064
CE_PIECEACTIVITY:0.48770726110456386
CE_KINGPAWNSHIELD:0.4974352609858982
CE_PIECECOORDINATION:0.5115639230000866
CE_MATERIAL:0.5
CE_KINGSAFETY:0.4950597582189944
C_PIECESQUARETABLES:0.49851018355477456
C_MOBILITY:0.48914450582751207
C_KINGSAFETY:0.5092448351182032
C_PAWNSTRUCTURE:0.5117085739215598
C_PIECECOORDINATION:0.49892246426882386
C_ROOKANDPAWNMOVEMENT:0.49892246426882386
C_CENTERCONTROL:0.49529484595616546
C_DEVELOPPIECES:0.5080311484048257
C_MATERIAL:0.5
