ELO:1010
CE_PASSEDPAWNS:0.4925151874281655
CE_PAWNWEAKNESSES:0.5310609925218821
CE_PIECEACTIVITY:0.4903670623301098
CE_KINGPAWNSHIELD:0.48494180170640855
CE_PIECECOORDINATION:0.4983052585502258
CE_MATERIAL:0.4936647227553223
CE_KINGSAFETY:0.5058386810940158
C_PIECESQUARETABLES:0.5080438671350148
C_MOBILITY:0.5027895105486977
C_KINGSAFETY:0.5076948921057516
C_PAWNSTRUCTURE:0.5036892553244838
C_PIECECOORDINATION:0.5182525005146978
C_ROOK:0.5121211888538569
CE_ROOK:0.49392803174519356
C_CENTERCONTROL:0.4966272248412492
C_DEVELOPPIECES:0.5003379750441498
C_MATERIAL:0.4992123053455677
C_MOVECOUNT:0.5
C_PAWNMOVEMENT:0.5352994265651394
