ELO:950
CE_PASSEDPAWNS:0.48892160074447155
CE_PAWNWEAKNESSES:0.5194813515686539
CE_PIECEACTIVITY:0.5
CE_KINGPAWNSHIELD:0.5012855239020987
CE_PIECECOORDINATION:0.5223204019968951
CE_MATERIAL:0.5
CE_KINGSAFETY:0.5
C_PIECESQUARETABLES:0.5349598191458091
C_MOBILITY:0.4542743915564033
C_KINGSAFETY:0.49763462427319427
C_PAWNSTRUCTURE:0.5048420237083887
C_PIECECOORDINATION:0.5315885253755781
C_ROOKANDPAWNMOVEMENT:0.5315885253755781
C_CENTERCONTROL:0.509148666596001
C_DEVELOPPIECES:0.5196507631558839
C_MATERIAL:0.5
C_MOVECOUNT:0.5
