ELO:1003
CE_PASSEDPAWNS:0.5165888194381504
CE_PAWNWEAKNESSES:0.4723937621161102
CE_PIECEACTIVITY:0.47350394151544634
CE_KINGPAWNSHIELD:0.488211101535206
CE_PIECECOORDINATION:0.5029084943262581
CE_MATERIAL:0.4877936927601707
CE_KINGSAFETY:0.5
C_PIECESQUARETABLES:0.5
C_MOBILITY:0.547303826863206
C_KINGSAFETY:0.49633639915486416
C_PAWNSTRUCTURE:0.49977640932776074
C_PIECECOORDINATION:0.5113876526875692
C_ROOK:0.5000151810501162
CE_ROOK:0.5045513532771174
C_CENTERCONTROL:0.5218613973040136
C_DEVELOPPIECES:0.4953098223785365
C_MATERIAL:0.4799634844443406
C_MOVECOUNT:0.5036660823018904
C_PAWNMOVEMENT:0.5049255284258698
