ELO:989
CE_PASSEDPAWNS:0.36023063152598794
CE_PAWNWEAKNESSES:0.5136578842286242
CE_PIECEACTIVITY:0.5584124342761553
CE_KINGPAWNSHIELD:0.47659261626312843
CE_PIECECOORDINATION:0.44684876186595146
CE_MATERIAL:0.524895023649051
CE_KINGSAFETY:0.4875997551386551
C_PIECESQUARETABLES:0.5054833901704455
C_MOBILITY:0.48980998024826033
C_KINGSAFETY:0.5521959921522351
C_PAWNSTRUCTURE:0.3172396619146358
C_PIECECOORDINATION:0.4455295289066636
C_ROOKANDPAWNMOVEMENT:0.4455295289066636
C_CENTERCONTROL:0.3549591651979111
C_DEVELOPPIECES:0.48336982498413983
C_MATERIAL:0.6773636653524158
