ELO:1007
CE_PASSEDPAWNS:0.50863916568152
CE_PAWNWEAKNESSES:0.5021721223970181
CE_PIECEACTIVITY:0.4700226966119029
CE_KINGPAWNSHIELD:0.5091157067752646
CE_PIECECOORDINATION:0.49507616104235286
CE_MATERIAL:0.5154078060106405
CE_KINGSAFETY:0.5
C_PIECESQUARETABLES:0.5
C_MOBILITY:0.46360272192865376
C_KINGSAFETY:0.47270610396327556
C_PAWNSTRUCTURE:0.5077235134941642
C_PIECECOORDINATION:0.5187121361950087
C_ROOK:0.4967849390967689
CE_ROOK:0.482565560104607
C_CENTERCONTROL:0.4678671090758215
C_DEVELOPPIECES:0.49633172669850434
C_MATERIAL:0.4982330058239078
C_MOVECOUNT:0.481350818281248
C_PAWNMOVEMENT:0.48587318781248506
