ELO:1000
CE_PASSEDPAWNS:0.502972138046628
CE_PAWNWEAKNESSES:0.49542930831855553
CE_PIECEACTIVITY:0.5068035494740886
CE_KINGPAWNSHIELD:0.5114931440906118
CE_PIECECOORDINATION:0.5164392911915028
CE_MATERIAL:0.4843288414573457
CE_KINGSAFETY:0.5
C_PIECESQUARETABLES:0.5
C_MOBILITY:0.5042311848068961
C_KINGSAFETY:0.5082743224131206
C_PAWNSTRUCTURE:0.5
C_PIECECOORDINATION:0.5422705983309559
C_ROOKANDPAWNMOVEMENT:0.5422705983309559
C_CENTERCONTROL:0.5041398842171395
C_DEVELOPPIECES:0.5105054271439102
C_MATERIAL:0.5009489901793601
C_MOVECOUNT:0.49572257300065303
