ELO:1010
CE_PASSEDPAWNS:0.4632553827494533
CE_PAWNWEAKNESSES:0.5298054120236073
CE_PIECEACTIVITY:0.5054269034939335
CE_KINGPAWNSHIELD:0.5224832526377359
CE_PIECECOORDINATION:0.5013213107397546
CE_MATERIAL:0.5173491639718055
CE_KINGSAFETY:0.5
C_PIECESQUARETABLES:0.5
C_MOBILITY:0.5211265398890225
C_KINGSAFETY:0.4811413664804936
C_PAWNSTRUCTURE:0.5
C_PIECECOORDINATION:0.5
C_ROOK:0.5528409108688632
CE_ROOK:0.5222310596759884
C_CENTERCONTROL:0.4905504487350714
C_DEVELOPPIECES:0.5257609700317444
C_MATERIAL:0.5022003173459787
C_MOVECOUNT:0.46610683802691527
C_PAWNMOVEMENT:0.4906966471824214
