ELO:841
CE_PASSEDPAWNS:0.46336136245329396
CE_PAWNWEAKNESSES:0.5769773858561899
CE_PIECEACTIVITY:0.4956907168664551
CE_KINGPAWNSHIELD:0.5733879269895465
CE_PIECECOORDINATION:0.50779366971585
CE_MATERIAL:0.4700744156541391
CE_KINGSAFETY:0.5
C_PIECESQUARETABLES:0.521453992202127
C_MOBILITY:0.4807074975718296
C_KINGSAFETY:0.5362474985487324
C_PAWNSTRUCTURE:0.5157973747084403
C_PIECECOORDINATION:0.472809147353915
C_ROOKANDPAWNMOVEMENT:0.472809147353915
C_CENTERCONTROL:0.5719849924366864
C_DEVELOPPIECES:0.4670668430196096
C_MATERIAL:0.5864841340577504
C_MOVECOUNT:0.49692848312888444
