ELO:842
CE_PASSEDPAWNS:0.5107592303130752
CE_PAWNWEAKNESSES:0.5290035336163784
CE_PIECEACTIVITY:0.4587649363120343
CE_KINGPAWNSHIELD:0.6173418778775612
CE_PIECECOORDINATION:0.4413110414456728
CE_MATERIAL:0.44688167267436246
CE_KINGSAFETY:0.4956415772096725
C_PIECESQUARETABLES:0.5022450696823518
C_MOBILITY:0.5016257237272157
C_KINGSAFETY:0.503661029810321
C_PAWNSTRUCTURE:0.4791805146676568
C_PIECECOORDINATION:0.4852436432088777
C_ROOKANDPAWNMOVEMENT:0.4852436432088777
C_CENTERCONTROL:0.5102768707918872
C_DEVELOPPIECES:0.5415422149675067
C_MATERIAL:0.385087577546127
C_MOVECOUNT:0.5
