ELO:967
CE_PASSEDPAWNS:0.4668104121309481
CE_PAWNWEAKNESSES:0.4829662482192835
CE_PIECEACTIVITY:0.4673024388244814
CE_KINGPAWNSHIELD:0.508292611994624
CE_PIECECOORDINATION:0.5586890362333293
CE_MATERIAL:0.5141564071289486
CE_KINGSAFETY:0.46594604821966096
C_PIECESQUARETABLES:0.4366014773149633
C_MOBILITY:0.5067800194244186
C_KINGSAFETY:0.5295117209961334
C_PAWNSTRUCTURE:0.5062449368349398
C_PIECECOORDINATION:0.5259892662724938
C_ROOKANDPAWNMOVEMENT:0.5259892662724938
C_CENTERCONTROL:0.511830753580803
C_DEVELOPPIECES:0.46151169477581516
C_MATERIAL:0.5118342130169183
