ELO:772
CE_PASSEDPAWNS:0.5117209434466817
CE_PAWNWEAKNESSES:0.5056626031242073
CE_PIECEACTIVITY:0.4316761103302918
CE_KINGPAWNSHIELD:0.5993478757134444
CE_PIECECOORDINATION:0.366415499430959
CE_MATERIAL:0.45497153638115834
CE_KINGSAFETY:0.5060156089246602
C_PIECESQUARETABLES:0.5149753935566169
C_MOBILITY:0.49061848276090597
C_KINGSAFETY:0.5153592083262379
C_PAWNSTRUCTURE:0.4854280667815241
C_PIECECOORDINATION:0.5022397041790391
C_ROOKANDPAWNMOVEMENT:0.5022397041790391
C_CENTERCONTROL:0.4701115395426996
C_DEVELOPPIECES:0.5317518117912813
C_MATERIAL:0.3714796857038327
C_MOVECOUNT:0.5
