ELO:1022
CE_PASSEDPAWNS:0.5138341080678203
CE_PAWNWEAKNESSES:0.5018759020046714
CE_PIECEACTIVITY:0.4943332666907198
CE_KINGPAWNSHIELD:0.5082752360963054
CE_PIECECOORDINATION:0.5020545011067487
CE_MATERIAL:0.48739360941488546
CE_KINGSAFETY:0.5
C_PIECESQUARETABLES:0.5
C_MOBILITY:0.5185010580710362
C_KINGSAFETY:0.4840205380456301
C_PAWNSTRUCTURE:0.5206221487950914
C_PIECECOORDINATION:0.5201670512737098
C_ROOK:0.4972203104908796
CE_ROOK:0.48066135978394664
C_CENTERCONTROL:0.496771288024623
C_DEVELOPPIECES:0.53867981583766
C_MATERIAL:0.4893926640072716
C_MOVECOUNT:0.5160966464623759
C_PAWNMOVEMENT:0.5029316072697483
