ELO:948
CE_PASSEDPAWNS:0.5175606492978845
CE_PAWNWEAKNESSES:0.5043916826906517
CE_PIECEACTIVITY:0.3783613297468251
CE_KINGPAWNSHIELD:0.46690511809401397
CE_PIECECOORDINATION:0.48311863951948697
CE_MATERIAL:0.37857106525371803
CE_KINGSAFETY:0.4822113412055627
C_PIECESQUARETABLES:0.4895966650115231
C_MOBILITY:0.4724857962242194
C_KINGSAFETY:0.5947023358209133
C_PAWNSTRUCTURE:0.4250415142567573
C_PIECECOORDINATION:0.5313075542624306
C_ROOKANDPAWNMOVEMENT:0.5313075542624306
C_CENTERCONTROL:0.47261396201774925
C_DEVELOPPIECES:0.6008849955825087
C_MATERIAL:0.4717181907100432
