ELO:908
CE_PASSEDPAWNS:0.46699639315855773
CE_PAWNWEAKNESSES:0.5145355470547807
CE_PIECEACTIVITY:0.36217204109262185
CE_KINGPAWNSHIELD:0.5847345096794859
CE_PIECECOORDINATION:0.5814119179612204
CE_MATERIAL:0.4986207215101089
CE_KINGSAFETY:0.47432857333052186
C_PIECESQUARETABLES:0.4834412788419472
C_MOBILITY:0.44399598923908834
C_KINGSAFETY:0.3495930585707065
C_PAWNSTRUCTURE:0.4683914623415666
C_PIECECOORDINATION:0.4828966205709449
C_ROOKANDPAWNMOVEMENT:0.4828966205709449
C_CENTERCONTROL:0.49262321932775216
C_DEVELOPPIECES:0.5669340098753208
C_MATERIAL:0.48859228056463216
