ELO:1006
CE_PASSEDPAWNS:0.48537413706213
CE_PAWNWEAKNESSES:0.5
CE_PIECEACTIVITY:0.5
CE_KINGPAWNSHIELD:0.5
CE_PIECECOORDINATION:0.5008894316237363
CE_MATERIAL:0.49679045530699606
CE_KINGSAFETY:0.5
C_PIECESQUARETABLES:0.5273223199954847
C_MOBILITY:0.504046344087832
C_KINGSAFETY:0.5
C_PAWNSTRUCTURE:0.5204721565314416
C_PIECECOORDINATION:0.4981917371390019
C_ROOKANDPAWNMOVEMENT:0.4981917371390019
C_CENTERCONTROL:0.4917993119281142
C_DEVELOPPIECES:0.4818089293695883
C_MATERIAL:0.5
C_MOVECOUNT:0.5
