ELO:998
CE_PASSEDPAWNS:0.5
CE_PAWNWEAKNESSES:0.4965116189971045
CE_PIECEACTIVITY:0.5174113374087326
CE_KINGPAWNSHIELD:0.4782856140194177
CE_PIECECOORDINATION:0.4587911365905878
CE_MATERIAL:0.49724391171215393
CE_KINGSAFETY:0.5254603148133645
C_PIECESQUARETABLES:0.49905568606721745
C_MOBILITY:0.5045066503617069
C_KINGSAFETY:0.4833491539074064
C_PAWNSTRUCTURE:0.49642464859910546
C_PIECECOORDINATION:0.5
C_ROOKANDPAWNMOVEMENT:0.5
C_CENTERCONTROL:0.5041723298388262
C_DEVELOPPIECES:0.500727430723978
C_MATERIAL:0.5
C_MOVECOUNT:0.5
