ELO:999
CE_PASSEDPAWNS:0.47495445601622377
CE_PAWNWEAKNESSES:0.49700132806493197
CE_PIECEACTIVITY:0.5389703812053693
CE_KINGPAWNSHIELD:0.5156053671955771
CE_PIECECOORDINATION:0.5314843014457421
CE_MATERIAL:0.520986364851238
CE_KINGSAFETY:0.5
C_PIECESQUARETABLES:0.4921621112735669
C_MOBILITY:0.522554499890223
C_KINGSAFETY:0.422254212082429
C_PAWNSTRUCTURE:0.5126826767284163
C_PIECECOORDINATION:0.4656744335341565
C_ROOKANDPAWNMOVEMENT:0.4656744335341565
C_CENTERCONTROL:0.5402271526208066
C_DEVELOPPIECES:0.5076373116740037
C_MATERIAL:0.45446803366573635
