ELO:971
CE_PASSEDPAWNS:0.5795370005075251
CE_PAWNWEAKNESSES:0.5067001437054379
CE_PIECEACTIVITY:0.49113136550527325
CE_KINGPAWNSHIELD:0.5297194730067409
CE_PIECECOORDINATION:0.5165873812735223
CE_MATERIAL:0.5791125795696267
CE_KINGSAFETY:0.5124265076444543
C_PIECESQUARETABLES:0.5009969291989851
C_MOBILITY:0.43440173736520105
C_KINGSAFETY:0.5037459795622591
C_PAWNSTRUCTURE:0.45955733297247997
C_PIECECOORDINATION:0.538362249234568
C_ROOKANDPAWNMOVEMENT:0.538362249234568
C_CENTERCONTROL:0.5338198787892454
C_DEVELOPPIECES:0.6107502725629598
C_MATERIAL:0.44451033642136234
