ELO:923
CE_PASSEDPAWNS:0.4614743251718068
CE_PAWNWEAKNESSES:0.5043253998165895
CE_PIECEACTIVITY:0.48826011186842916
CE_KINGPAWNSHIELD:0.45141553778074317
CE_PIECECOORDINATION:0.5072136199436795
CE_MATERIAL:0.4804023145080442
CE_KINGSAFETY:0.5059917021712141
C_PIECESQUARETABLES:0.5
C_MOBILITY:0.5229118818752806
C_KINGSAFETY:0.5176837728133129
C_PAWNSTRUCTURE:0.49065353773610076
C_PIECECOORDINATION:0.4860302192980235
C_ROOK:0.5378761136580207
CE_ROOK:0.4853241221567905
C_CENTERCONTROL:0.46844213148071534
C_DEVELOPPIECES:0.5121218470012282
C_MATERIAL:0.511566700074647
C_MOVECOUNT:0.47165351461015415
C_PAWNMOVEMENT:0.5182538015857026
