ELO:1000
CE_PASSEDPAWNS:0.5001767735687072
CE_PAWNWEAKNESSES:0.5048930698101034
CE_PIECEACTIVITY:0.5253489097827914
CE_KINGPAWNSHIELD:0.5157413433867075
CE_PIECECOORDINATION:0.5210093237494735
CE_MATERIAL:0.5325580590943916
CE_KINGSAFETY:0.5131230297104499
C_PIECESQUARETABLES:0.49781652743207006
C_MOBILITY:0.5290667728943097
C_KINGSAFETY:0.4375860609362517
C_PAWNSTRUCTURE:0.5015792972816437
C_PIECECOORDINATION:0.46234498158753873
C_ROOKANDPAWNMOVEMENT:0.46234498158753873
C_CENTERCONTROL:0.5170303613737791
C_DEVELOPPIECES:0.546486308481922
C_MATERIAL:0.457497563738006
