ELO:983
CE_PASSEDPAWNS:0.5490228558788286
CE_PAWNWEAKNESSES:0.5307792294650504
CE_PIECEACTIVITY:0.48280945956805904
CE_KINGPAWNSHIELD:0.5197731263022277
CE_PIECECOORDINATION:0.4911176459916364
CE_MATERIAL:0.5648533731609586
CE_KINGSAFETY:0.5073511683673334
C_PIECESQUARETABLES:0.5078136482368749
C_MOBILITY:0.47128277621216463
C_KINGSAFETY:0.5239380930979068
C_PAWNSTRUCTURE:0.4491475562682391
C_PIECECOORDINATION:0.5009270439367012
C_ROOKANDPAWNMOVEMENT:0.5009270439367012
C_CENTERCONTROL:0.5157797177985889
C_DEVELOPPIECES:0.6009698556022972
C_MATERIAL:0.4660086535536432
