ELO:892
CE_PASSEDPAWNS:0.4977926995043069
CE_PAWNWEAKNESSES:0.5184928216413561
CE_PIECEACTIVITY:0.5086546765656015
CE_KINGPAWNSHIELD:0.501531993982191
CE_PIECECOORDINATION:0.5370038915538411
CE_MATERIAL:0.4715239851689091
CE_KINGSAFETY:0.4983878751341022
C_PIECESQUARETABLES:0.5246458576474825
C_MOBILITY:0.44074239058067594
C_KINGSAFETY:0.499567430924015
C_PAWNSTRUCTURE:0.5324438075289014
C_PIECECOORDINATION:0.5260630723831117
C_ROOKANDPAWNMOVEMENT:0.5260630723831117
C_CENTERCONTROL:0.5067275752690813
C_DEVELOPPIECES:0.5068965587601505
C_MATERIAL:0.5440111159634761
C_MOVECOUNT:0.5354762382831376
