ELO:963
CE_PASSEDPAWNS:0.563178835953039
CE_PAWNWEAKNESSES:0.4866126134080102
CE_PIECEACTIVITY:0.511236775251173
CE_KINGPAWNSHIELD:0.5106058618022495
CE_PIECECOORDINATION:0.4840245662164234
CE_MATERIAL:0.5937565859436224
CE_KINGSAFETY:0.5043181130708103
C_PIECESQUARETABLES:0.5135421216097543
C_MOBILITY:0.4470098460949988
C_KINGSAFETY:0.4951220946825312
C_PAWNSTRUCTURE:0.509617530776624
C_PIECECOORDINATION:0.5323372970499837
C_ROOKANDPAWNMOVEMENT:0.5323372970499837
C_CENTERCONTROL:0.5243553091124666
C_DEVELOPPIECES:0.6195775471777906
C_MATERIAL:0.418304308510699
