ELO:1001
CE_PASSEDPAWNS:0.5184591073283638
CE_PAWNWEAKNESSES:0.4955644345516172
CE_PIECEACTIVITY:0.5
CE_KINGPAWNSHIELD:0.4782856140194177
CE_PIECECOORDINATION:0.4587911365905878
CE_MATERIAL:0.49724391171215393
CE_KINGSAFETY:0.5153096593413717
C_PIECESQUARETABLES:0.4926228013602013
C_MOBILITY:0.4941329410856393
C_KINGSAFETY:0.5
C_PAWNSTRUCTURE:0.49642464859910546
C_PIECECOORDINATION:0.5099510274646156
C_ROOKANDPAWNMOVEMENT:0.5099510274646156
C_CENTERCONTROL:0.48179843322143645
C_DEVELOPPIECES:0.500727430723978
C_MATERIAL:0.47697379315462535
C_MOVECOUNT:0.5
