ELO:1020
CE_PASSEDPAWNS:0.49923176236073086
CE_PAWNWEAKNESSES:0.4897651679560605
CE_PIECEACTIVITY:0.5168486230645639
CE_KINGPAWNSHIELD:0.5036528948935619
CE_PIECECOORDINATION:0.5
CE_MATERIAL:0.49510437548054065
CE_KINGSAFETY:0.456133019930707
C_PIECESQUARETABLES:0.5
C_MOBILITY:0.5054059466458166
C_KINGSAFETY:0.49959222365660655
C_PAWNSTRUCTURE:0.5076679485543145
C_PIECECOORDINATION:0.4022686103782038
C_ROOKANDPAWNMOVEMENT:0.4022686103782038
C_CENTERCONTROL:0.4674888041735489
C_DEVELOPPIECES:0.48963462765879634
C_MATERIAL:0.45345224661949696
C_MOVECOUNT:0.5
