ELO:1000
CE_PASSEDPAWNS:0.49302006400709997
CE_PAWNWEAKNESSES:0.49695055885089634
CE_PIECEACTIVITY:0.4998273186193159
CE_KINGPAWNSHIELD:0.48013191853707754
CE_PIECECOORDINATION:0.5071730494998036
CE_MATERIAL:0.4762646473908378
CE_KINGSAFETY:0.49646487744339646
C_PIECESQUARETABLES:0.5123858474384883
C_MOBILITY:0.5001489384554471
C_KINGSAFETY:0.4633448649075467
C_PAWNSTRUCTURE:0.5391987135598078
C_PIECECOORDINATION:0.4633410878852848
C_ROOKANDPAWNMOVEMENT:0.4633410878852848
C_CENTERCONTROL:0.5027918732536009
C_DEVELOPPIECES:0.5423394401507035
C_MATERIAL:0.46936493614007946
