ELO:857
CE_PASSEDPAWNS:0.4672712969965509
CE_PAWNWEAKNESSES:0.4678948568890917
CE_PIECEACTIVITY:0.5350474262973133
CE_KINGPAWNSHIELD:0.4581969618142881
CE_PIECECOORDINATION:0.6667730830193098
CE_MATERIAL:0.5470030936124712
CE_KINGSAFETY:0.5
C_PIECESQUARETABLES:0.5
C_MOBILITY:0.4793448579275835
C_KINGSAFETY:0.5406822512391317
C_PAWNSTRUCTURE:0.5383451718890497
C_PIECECOORDINATION:0.5
C_ROOKANDPAWNMOVEMENT:0.5
C_CENTERCONTROL:0.4710809311788135
C_DEVELOPPIECES:0.5151164389932109
C_MATERIAL:0.5008724852683453
C_MOVECOUNT:0.5
