ELO:949
CE_PASSEDPAWNS:0.487329469254226
CE_PAWNWEAKNESSES:0.5156682091167573
CE_PIECEACTIVITY:0.46073367136541393
CE_KINGPAWNSHIELD:0.51333932610513
CE_PIECECOORDINATION:0.4777811223534443
CE_MATERIAL:0.4766666865302159
CE_KINGSAFETY:0.47256765534795364
C_PIECESQUARETABLES:0.4931565320407027
C_MOBILITY:0.49548960069276343
C_KINGSAFETY:0.5165112525061872
C_PAWNSTRUCTURE:0.4964918289547414
C_PIECECOORDINATION:0.476316496467226
C_ROOK:0.47270464902941234
CE_ROOK:0.49855746246228144
C_CENTERCONTROL:0.4890799103041719
C_DEVELOPPIECES:0.5028550689720168
C_MATERIAL:0.49142122283986317
C_MOVECOUNT:0.48986859587375464
C_PAWNMOVEMENT:0.4885329860778324
