ELO:1000
CE_PASSEDPAWNS:0.4751551478996112
CE_PAWNWEAKNESSES:0.49692157762739525
CE_PIECEACTIVITY:0.4998607875630319
CE_KINGPAWNSHIELD:0.48013191853707754
CE_PIECECOORDINATION:0.5137336281696719
CE_MATERIAL:0.4718462411805967
CE_KINGSAFETY:0.5041476497274193
C_PIECESQUARETABLES:0.5144604936877961
C_MOBILITY:0.5178508230235332
C_KINGSAFETY:0.46675512735580343
C_PAWNSTRUCTURE:0.5134347691426571
C_PIECECOORDINATION:0.45971083523072837
C_ROOKANDPAWNMOVEMENT:0.45971083523072837
C_CENTERCONTROL:0.4885800684962397
C_DEVELOPPIECES:0.5333755241846432
C_MATERIAL:0.473910325339465
