ELO:506
CE_PASSEDPAWNS:0.39488195421541267
CE_PAWNWEAKNESSES:0.48899668547454495
CE_PIECEACTIVITY:0.5364943861298768
CE_KINGPAWNSHIELD:0.4475750654156093
CE_PIECECOORDINATION:0.41023925855734966
CE_MATERIAL:0.5278717963876988
CE_KINGSAFETY:0.49544244098472456
C_PIECESQUARETABLES:0.4600075997507994
C_MOBILITY:0.5129305434931908
C_KINGSAFETY:0.45875313996232825
C_PAWNSTRUCTURE:0.5525071992632535
C_PIECECOORDINATION:0.561952108171799
C_ROOKANDPAWNMOVEMENT:0.561952108171799
C_CENTERCONTROL:0.5427090776987958
C_DEVELOPPIECES:0.48538644966065564
C_MATERIAL:0.5342595901796658
C_MOVECOUNT:0.5196477197544928
