ELO:1036
CE_PASSEDPAWNS:0.4917319820909019
CE_PAWNWEAKNESSES:0.5
CE_PIECEACTIVITY:0.4898114895005008
CE_KINGPAWNSHIELD:0.5
CE_PIECECOORDINATION:0.48709501177220876
CE_MATERIAL:0.5078068646755894
CE_KINGSAFETY:0.49299394446811073
C_PIECESQUARETABLES:0.5101446840601402
C_MOBILITY:0.5
C_KINGSAFETY:0.4867291838391062
C_PAWNSTRUCTURE:0.5034315612914325
C_PIECECOORDINATION:0.5
C_ROOKANDPAWNMOVEMENT:0.5
C_CENTERCONTROL:0.5
C_DEVELOPPIECES:0.5
C_MATERIAL:0.48892442349944737
C_MOVECOUNT:0.5
