ELO:914
CE_PASSEDPAWNS:0.5004267847941992
CE_PAWNWEAKNESSES:0.5041956043461829
CE_PIECEACTIVITY:0.518106514965768
CE_KINGPAWNSHIELD:0.5167334975054154
CE_PIECECOORDINATION:0.524188342840034
CE_MATERIAL:0.45647536746281103
CE_KINGSAFETY:0.504026366282934
C_PIECESQUARETABLES:0.5294980493198499
C_MOBILITY:0.47210774647429615
C_KINGSAFETY:0.5096534220782121
C_PAWNSTRUCTURE:0.51115197578589
C_PIECECOORDINATION:0.5335521366112881
C_ROOKANDPAWNMOVEMENT:0.5335521366112881
C_CENTERCONTROL:0.5166997368558144
C_DEVELOPPIECES:0.5144755012968889
C_MATERIAL:0.5461495856542349
C_MOVECOUNT:0.5320279066749364
