ELO:998
CE_PASSEDPAWNS:0.5052945941416083
CE_PAWNWEAKNESSES:0.5082418787400745
CE_PIECEACTIVITY:0.4907600626774972
CE_KINGPAWNSHIELD:0.5004112185829335
CE_PIECECOORDINATION:0.5044780673007642
CE_MATERIAL:0.5004465536234881
CE_KINGSAFETY:0.5
C_PIECESQUARETABLES:0.5
C_MOBILITY:0.5
C_KINGSAFETY:0.48611263814015193
C_PAWNSTRUCTURE:0.49769497230471105
C_PIECECOORDINATION:0.49112884749595614
C_ROOKANDPAWNMOVEMENT:0.49112884749595614
C_CENTERCONTROL:0.5172371315429602
C_DEVELOPPIECES:0.5446652757048346
C_MATERIAL:0.49906451339861685
C_MOVECOUNT:0.4973877449546314
