ELO:967
CE_PASSEDPAWNS:0.4756497773159723
CE_PAWNWEAKNESSES:0.5095642556937362
CE_PIECEACTIVITY:0.47283472003128674
CE_KINGPAWNSHIELD:0.48096900475521004
CE_PIECECOORDINATION:0.5162151003024282
CE_MATERIAL:0.4778042109684764
CE_KINGSAFETY:0.5044886930297037
C_PIECESQUARETABLES:0.477235890192105
C_MOBILITY:0.5214451604829315
C_KINGSAFETY:0.5235521126027631
C_PAWNSTRUCTURE:0.5
C_PIECECOORDINATION:0.4958683718976144
C_ROOK:0.5339941096225352
CE_ROOK:0.5033300927648562
C_CENTERCONTROL:0.4821103616332662
C_DEVELOPPIECES:0.5246764067547853
C_MATERIAL:0.5066557365311652
C_MOVECOUNT:0.4946186064146878
C_PAWNMOVEMENT:0.5399845429173927
