ELO:822
CE_PASSEDPAWNS:0.44320540300554667
CE_PAWNWEAKNESSES:0.5419093004744919
CE_PIECEACTIVITY:0.5118847214958808
CE_KINGPAWNSHIELD:0.4276988488240165
CE_PIECECOORDINATION:0.51628301764161
CE_MATERIAL:0.4706522261231771
CE_KINGSAFETY:0.5
C_PIECESQUARETABLES:0.5
C_MOBILITY:0.5304633883925912
C_KINGSAFETY:0.5008999654173912
C_PAWNSTRUCTURE:0.4474326708945014
C_PIECECOORDINATION:0.4745551166521803
C_ROOK:0.5820369539213728
CE_ROOK:0.5133127734924312
C_CENTERCONTROL:0.5247740765140931
C_DEVELOPPIECES:0.5565128456554351
C_MATERIAL:0.484851321845922
C_MOVECOUNT:0.5105808215684646
C_PAWNMOVEMENT:0.5271846769288243
