ELO:984
CE_PASSEDPAWNS:0.5437517819664874
CE_PAWNWEAKNESSES:0.5307792294650504
CE_PIECEACTIVITY:0.4902943141844981
CE_KINGPAWNSHIELD:0.508935808557969
CE_PIECECOORDINATION:0.4911176459916364
CE_MATERIAL:0.5648533731609586
CE_KINGSAFETY:0.5082999975400984
C_PIECESQUARETABLES:0.512608286755025
C_MOBILITY:0.4652389395637474
C_KINGSAFETY:0.5239380930979068
C_PAWNSTRUCTURE:0.4575140547658282
C_PIECECOORDINATION:0.5009270439367012
C_ROOKANDPAWNMOVEMENT:0.5009270439367012
C_CENTERCONTROL:0.5157797177985889
C_DEVELOPPIECES:0.6009698556022972
C_MATERIAL:0.4660086535536432
