ELO:965
CE_PASSEDPAWNS:0.4756497773159723
CE_PAWNWEAKNESSES:0.5029239284887181
CE_PIECEACTIVITY:0.4773654729580465
CE_KINGPAWNSHIELD:0.46424350154198035
CE_PIECECOORDINATION:0.5148748336260947
CE_MATERIAL:0.4778042109684764
CE_KINGSAFETY:0.5
C_PIECESQUARETABLES:0.5
C_MOBILITY:0.5214451604829315
C_KINGSAFETY:0.5337891973781911
C_PAWNSTRUCTURE:0.5
C_PIECECOORDINATION:0.48444937822544876
C_ROOK:0.537954871401339
CE_ROOK:0.5024369042370287
C_CENTERCONTROL:0.4928795513610578
C_DEVELOPPIECES:0.5355719947342231
C_MATERIAL:0.5066557365311652
C_MOVECOUNT:0.4838844490261648
C_PAWNMOVEMENT:0.537355788911381
