ELO:987
CE_PASSEDPAWNS:0.4382728091593027
CE_PAWNWEAKNESSES:0.4783980171042631
CE_PIECEACTIVITY:0.5052572369281048
CE_KINGPAWNSHIELD:0.4860271104834699
CE_PIECECOORDINATION:0.5604309726358372
CE_MATERIAL:0.5532903119043612
CE_KINGSAFETY:0.5115278863470573
C_PIECESQUARETABLES:0.5082102623710135
C_MOBILITY:0.4824517283455068
C_KINGSAFETY:0.45933974102706693
C_PAWNSTRUCTURE:0.48847683222210536
C_PIECECOORDINATION:0.43742366595920074
C_ROOKANDPAWNMOVEMENT:0.43742366595920074
C_CENTERCONTROL:0.5195384590134038
C_DEVELOPPIECES:0.5116510364711406
C_MATERIAL:0.46422630805630016
