ELO:987
CE_PASSEDPAWNS:0.4996697189810809
CE_PAWNWEAKNESSES:0.5265957895934673
CE_PIECEACTIVITY:0.4961681451880088
CE_KINGPAWNSHIELD:0.5228569060841116
CE_PIECECOORDINATION:0.5035476763604395
CE_MATERIAL:0.502215915779848
CE_KINGSAFETY:0.4900430181881972
C_PIECESQUARETABLES:0.5046752331653969
C_MOBILITY:0.49331321333651496
C_KINGSAFETY:0.4986287568156443
C_PAWNSTRUCTURE:0.5082364865651389
C_PIECECOORDINATION:0.4588584021852536
C_ROOKANDPAWNMOVEMENT:0.4588584021852536
C_CENTERCONTROL:0.484661233271751
C_DEVELOPPIECES:0.4996161114921243
C_MATERIAL:0.469996355831616
C_MOVECOUNT:0.4998259661285164
