ELO:920
CE_PASSEDPAWNS:0.4833759958261593
CE_PAWNWEAKNESSES:0.38692707957406236
CE_PIECEACTIVITY:0.5528483882181623
CE_KINGPAWNSHIELD:0.4803086577743003
CE_PIECECOORDINATION:0.562868087097409
CE_MATERIAL:0.539608370934182
CE_KINGSAFETY:0.4876623100184305
C_PIECESQUARETABLES:0.5380275909982919
C_MOBILITY:0.5327678476952775
C_KINGSAFETY:0.5313097108831673
C_PAWNSTRUCTURE:0.5616339917819528
C_PIECECOORDINATION:0.4076911036195149
C_ROOKANDPAWNMOVEMENT:0.4076911036195149
C_CENTERCONTROL:0.5703272764772898
C_DEVELOPPIECES:0.5596417687721035
C_MATERIAL:0.501180708942003
