ELO:969
CE_PASSEDPAWNS:0.49782727704779434
CE_PAWNWEAKNESSES:0.5036432463049818
CE_PIECEACTIVITY:0.4753805172954431
CE_KINGPAWNSHIELD:0.5212749767353609
CE_PIECECOORDINATION:0.48989974345629467
CE_MATERIAL:0.5154717427719342
CE_KINGSAFETY:0.5431374142825905
C_PIECESQUARETABLES:0.5067815752458791
C_MOBILITY:0.46358294533193756
C_KINGSAFETY:0.5362474985487324
C_PAWNSTRUCTURE:0.5254329510414922
C_PIECECOORDINATION:0.5185831459827874
C_ROOKANDPAWNMOVEMENT:0.5185831459827874
C_CENTERCONTROL:0.5063585400833926
C_DEVELOPPIECES:0.5033602081306519
C_MATERIAL:0.5507911252027411
C_MOVECOUNT:0.5
