ELO:1000
CE_PASSEDPAWNS:0.47544504171336816
CE_PAWNWEAKNESSES:0.4941723381683858
CE_PIECEACTIVITY:0.541718628500287
CE_KINGPAWNSHIELD:0.536868704058117
CE_PIECECOORDINATION:0.5375247350500038
CE_MATERIAL:0.5340737842497244
CE_KINGSAFETY:0.5116554058728335
C_PIECESQUARETABLES:0.5061206064868661
C_MOBILITY:0.5185866109288264
C_KINGSAFETY:0.4062334365102747
C_PAWNSTRUCTURE:0.49980807661337906
C_PIECECOORDINATION:0.4604640802349611
C_ROOKANDPAWNMOVEMENT:0.4604640802349611
C_CENTERCONTROL:0.5364767215106665
C_DEVELOPPIECES:0.5269445166036638
C_MATERIAL:0.4873790247179922
