ELO:939
CE_PASSEDPAWNS:0.5124776782081634
CE_PAWNWEAKNESSES:0.4434367888259804
CE_PIECEACTIVITY:0.5489879951987562
CE_KINGPAWNSHIELD:0.4521311896323202
CE_PIECECOORDINATION:0.5686902776791329
CE_MATERIAL:0.5463577250772296
CE_KINGSAFETY:0.48065138827001014
C_PIECESQUARETABLES:0.4978352501537971
C_MOBILITY:0.5241738740196261
C_KINGSAFETY:0.5022507869295832
C_PAWNSTRUCTURE:0.5376578446679876
C_PIECECOORDINATION:0.42734525661125533
C_ROOKANDPAWNMOVEMENT:0.42734525661125533
C_CENTERCONTROL:0.5266752238137493
C_DEVELOPPIECES:0.5268957220044823
C_MATERIAL:0.47772657803425195
