ELO:1009
CE_PASSEDPAWNS:0.4918668874380703
CE_PAWNWEAKNESSES:0.5200501640431681
CE_PIECEACTIVITY:0.4907600626774972
CE_KINGPAWNSHIELD:0.5004112185829335
CE_PIECECOORDINATION:0.5017728756910499
CE_MATERIAL:0.5004465536234881
CE_KINGSAFETY:0.5069869411621027
C_PIECESQUARETABLES:0.5
C_MOBILITY:0.5
C_KINGSAFETY:0.48611263814015193
C_PAWNSTRUCTURE:0.49342008300784773
C_PIECECOORDINATION:0.49112884749595614
C_ROOKANDPAWNMOVEMENT:0.49112884749595614
C_CENTERCONTROL:0.48195978302030046
C_DEVELOPPIECES:0.5446652757048346
C_MATERIAL:0.49906451339861685
C_MOVECOUNT:0.4973877449546314
