ELO:868
CE_PASSEDPAWNS:0.44518025415335616
CE_PAWNWEAKNESSES:0.549986290621783
CE_PIECEACTIVITY:0.5242483659770515
CE_KINGPAWNSHIELD:0.4398698076730296
CE_PIECECOORDINATION:0.5144888715625658
CE_MATERIAL:0.4706522261231771
CE_KINGSAFETY:0.49988438701974464
C_PIECESQUARETABLES:0.5170342231544545
C_MOBILITY:0.5221382914943993
C_KINGSAFETY:0.5109230623914593
C_PAWNSTRUCTURE:0.46239459825456586
C_PIECECOORDINATION:0.48837717122645385
C_ROOK:0.5624596963517131
CE_ROOK:0.510746292169442
C_CENTERCONTROL:0.5105148150895753
C_DEVELOPPIECES:0.5476625723760414
C_MATERIAL:0.5101692147996424
C_MOVECOUNT:0.5036139283833926
C_PAWNMOVEMENT:0.5337389343217376
