ELO:863
CE_PASSEDPAWNS:0.465998303222436
CE_PAWNWEAKNESSES:0.4141544647654361
CE_PIECEACTIVITY:0.41288055082576974
CE_KINGPAWNSHIELD:0.5337426079309684
CE_PIECECOORDINATION:0.5241894949607708
CE_MATERIAL:0.5390226244083062
CE_KINGSAFETY:0.489074978578996
C_PIECESQUARETABLES:0.5
C_MOBILITY:0.4815078297935385
C_KINGSAFETY:0.4074930426647234
C_PAWNSTRUCTURE:0.49389502246009226
C_PIECECOORDINATION:0.4710679411735456
C_ROOKANDPAWNMOVEMENT:0.4710679411735456
C_CENTERCONTROL:0.4155668464356207
C_DEVELOPPIECES:0.631243310007417
C_MATERIAL:0.48708772117021676
