ELO:951
CE_PASSEDPAWNS:0.5912087717196282
CE_PAWNWEAKNESSES:0.554358456760641
CE_PIECEACTIVITY:0.4972110964743145
CE_KINGPAWNSHIELD:0.49990819851797746
CE_PIECECOORDINATION:0.4975908616580165
CE_MATERIAL:0.5933345960552272
CE_KINGSAFETY:0.48387867479808216
C_PIECESQUARETABLES:0.5040579142198163
C_MOBILITY:0.42674327536938206
C_KINGSAFETY:0.5365359035499622
C_PAWNSTRUCTURE:0.5224026183263232
C_PIECECOORDINATION:0.5484853139549708
C_ROOKANDPAWNMOVEMENT:0.5484853139549708
C_CENTERCONTROL:0.5134209491530408
C_DEVELOPPIECES:0.6001763187060968
C_MATERIAL:0.38003140723344564
