ELO:946
CE_PASSEDPAWNS:0.5060378776316268
CE_PAWNWEAKNESSES:0.45048482295933034
CE_PIECEACTIVITY:0.5544216811711321
CE_KINGPAWNSHIELD:0.455856641051442
CE_PIECECOORDINATION:0.564673796731723
CE_MATERIAL:0.5555770235881617
CE_KINGSAFETY:0.4941423239805969
C_PIECESQUARETABLES:0.49875502411956196
C_MOBILITY:0.49251110799770037
C_KINGSAFETY:0.5079992003405273
C_PAWNSTRUCTURE:0.5300932737950842
C_PIECECOORDINATION:0.43072432064417737
C_ROOKANDPAWNMOVEMENT:0.43072432064417737
C_CENTERCONTROL:0.5259361137306783
C_DEVELOPPIECES:0.5147732287813889
C_MATERIAL:0.47362152542724417
