ELO:995
CE_PASSEDPAWNS:0.5120021742284204
CE_PAWNWEAKNESSES:0.49612168580410937
CE_PIECEACTIVITY:0.5050638382070578
CE_KINGPAWNSHIELD:0.5021243065127184
CE_PIECECOORDINATION:0.5080620614654848
CE_MATERIAL:0.4789496212692453
CE_KINGSAFETY:0.4913062126894395
C_PIECESQUARETABLES:0.49448339472532915
C_MOBILITY:0.5097353544975594
C_KINGSAFETY:0.4999104061959643
C_PAWNSTRUCTURE:0.5013749406432281
C_PIECECOORDINATION:0.5024022671497724
C_ROOK:0.5
CE_ROOK:0.5
C_CENTERCONTROL:0.4733107548937979
C_DEVELOPPIECES:0.49621602547570137
C_MATERIAL:0.4984164761729347
C_MOVECOUNT:0.5097578524223708
C_PAWNMOVEMENT:0.5
