ELO:1062
CE_PASSEDPAWNS:0.6500299556154214
CE_PAWNWEAKNESSES:0.5028742798556841
CE_PIECEACTIVITY:0.48535330101472135
CE_KINGPAWNSHIELD:0.5030632596638179
CE_PIECECOORDINATION:0.5075184232293621
CE_MATERIAL:0.4474170560107355
CE_KINGSAFETY:0.49639227881494524
C_PIECESQUARETABLES:0.5233719300226596
C_MOBILITY:0.47426498819260965
C_KINGSAFETY:0.4709228956008366
C_PAWNSTRUCTURE:0.39568198773326624
C_PIECECOORDINATION:0.46568891481974817
C_ROOKANDPAWNMOVEMENT:0.46568891481974817
C_CENTERCONTROL:0.4937021961985741
C_DEVELOPPIECES:0.5479888742138677
C_MATERIAL:0.4309570517654221
