ELO:861
CE_PASSEDPAWNS:0.4506843558904306
CE_PAWNWEAKNESSES:0.42585368076034624
CE_PIECEACTIVITY:0.4140822014038962
CE_KINGPAWNSHIELD:0.5518522314367204
CE_PIECECOORDINATION:0.5196410260905162
CE_MATERIAL:0.5188211763685951
CE_KINGSAFETY:0.5091010857611972
C_PIECESQUARETABLES:0.515561395310684
C_MOBILITY:0.4815078297935385
C_KINGSAFETY:0.4159214882175928
C_PAWNSTRUCTURE:0.4993011538642703
C_PIECECOORDINATION:0.4738543331356406
C_ROOKANDPAWNMOVEMENT:0.4738543331356406
C_CENTERCONTROL:0.41792358232441407
C_DEVELOPPIECES:0.6225055356520798
C_MATERIAL:0.4713644423934034
