ELO:984
CE_PASSEDPAWNS:0.4964136376559938
CE_PAWNWEAKNESSES:0.5
CE_PIECEACTIVITY:0.502088885349877
CE_KINGPAWNSHIELD:0.5
CE_PIECECOORDINATION:0.5017612845218905
CE_MATERIAL:0.5082595565097312
CE_KINGSAFETY:0.504724059894519
C_PIECESQUARETABLES:0.5034030919646699
C_MOBILITY:0.4930866610367329
C_KINGSAFETY:0.5107789475462498
C_PAWNSTRUCTURE:0.5055169762153165
C_PIECECOORDINATION:0.4995695935500741
C_ROOKANDPAWNMOVEMENT:0.4995695935500741
C_CENTERCONTROL:0.5079661472445753
C_DEVELOPPIECES:0.48862257452077695
C_MATERIAL:0.5003407309697581
