ELO:902
CE_PASSEDPAWNS:0.5068257497623818
CE_PAWNWEAKNESSES:0.3962910740754218
CE_PIECEACTIVITY:0.5699862683644459
CE_KINGPAWNSHIELD:0.4942042016345052
CE_PIECECOORDINATION:0.564367918443891
CE_MATERIAL:0.5937661146590808
CE_KINGSAFETY:0.5107365084338743
C_PIECESQUARETABLES:0.5462542899957986
C_MOBILITY:0.5319104107321116
C_KINGSAFETY:0.53203729992248
C_PAWNSTRUCTURE:0.558086345284238
C_PIECECOORDINATION:0.4127113187720818
C_ROOKANDPAWNMOVEMENT:0.4127113187720818
C_CENTERCONTROL:0.5863564941226422
C_DEVELOPPIECES:0.5479050693433541
C_MATERIAL:0.49297744171442065
