ELO:1027
CE_PASSEDPAWNS:0.49657559585567634
CE_PAWNWEAKNESSES:0.49113075742544804
CE_PIECEACTIVITY:0.49839912256197433
CE_KINGPAWNSHIELD:0.5020167375487674
CE_PIECECOORDINATION:0.5068001387793809
CE_MATERIAL:0.5164251666433439
CE_KINGSAFETY:0.5
C_PIECESQUARETABLES:0.5
C_MOBILITY:0.498630434312592
C_KINGSAFETY:0.48194556938558053
C_PAWNSTRUCTURE:0.49182387030073926
C_PIECECOORDINATION:0.4946747965239075
C_ROOKANDPAWNMOVEMENT:0.4946747965239075
C_CENTERCONTROL:0.5
C_DEVELOPPIECES:0.5156840822860722
C_MATERIAL:0.5064139158796878
C_MOVECOUNT:0.4973877449546314
