ELO:822
CE_PASSEDPAWNS:0.44090103097154537
CE_PAWNWEAKNESSES:0.538122181342655
CE_PIECEACTIVITY:0.5053759600758867
CE_KINGPAWNSHIELD:0.4521605183293403
CE_PIECECOORDINATION:0.5278214581217927
CE_MATERIAL:0.4607982057320484
CE_KINGSAFETY:0.4931826948192458
C_PIECESQUARETABLES:0.5009286694334886
C_MOBILITY:0.5315768367333694
C_KINGSAFETY:0.5008999654173912
C_PAWNSTRUCTURE:0.45951689916291394
C_PIECECOORDINATION:0.45642459595726875
C_ROOK:0.5749393562226255
CE_ROOK:0.5131502994334287
C_CENTERCONTROL:0.5327347813064828
C_DEVELOPPIECES:0.5377664145673776
C_MATERIAL:0.4933602409832352
C_MOVECOUNT:0.512409163742939
C_PAWNMOVEMENT:0.51770437776888
