ELO:1000
CE_PASSEDPAWNS:0.5165775220583483
CE_PAWNWEAKNESSES:0.4837145439949334
CE_PIECEACTIVITY:0.503091960999284
CE_KINGPAWNSHIELD:0.46920883012242964
CE_PIECECOORDINATION:0.49241663238885064
CE_MATERIAL:0.5253770372129211
CE_KINGSAFETY:0.4891964726855244
C_PIECESQUARETABLES:0.517688325451843
C_MOBILITY:0.49690816287232403
C_KINGSAFETY:0.5290222582042191
C_PAWNSTRUCTURE:0.4712653737888537
C_PIECECOORDINATION:0.481620672858642
C_ROOKANDPAWNMOVEMENT:0.481620672858642
C_CENTERCONTROL:0.48056014146731857
C_DEVELOPPIECES:0.570911701480304
C_MATERIAL:0.47368933162684884
