ELO:958
CE_PASSEDPAWNS:0.5136102886318367
CE_PAWNWEAKNESSES:0.48570196405375804
CE_PIECEACTIVITY:0.46365690853304353
CE_KINGPAWNSHIELD:0.5125739838405156
CE_PIECECOORDINATION:0.4976290965664976
CE_MATERIAL:0.511005742505852
CE_KINGSAFETY:0.46796509094293354
C_PIECESQUARETABLES:0.5206134810640558
C_MOBILITY:0.48145255650535085
C_KINGSAFETY:0.4883902834947241
C_PAWNSTRUCTURE:0.5020152601585208
C_PIECECOORDINATION:0.4970466706520367
C_ROOKANDPAWNMOVEMENT:0.4970466706520367
C_CENTERCONTROL:0.5052564215179239
C_DEVELOPPIECES:0.5281847372853377
C_MATERIAL:0.49757745531482606
