ELO:932
CE_PASSEDPAWNS:0.46504366561305494
CE_PAWNWEAKNESSES:0.5092479335209005
CE_PIECEACTIVITY:0.486655589675217
CE_KINGPAWNSHIELD:0.4438747234681063
CE_PIECECOORDINATION:0.5072136199436795
CE_MATERIAL:0.4804023145080442
CE_KINGSAFETY:0.5110198655463932
C_PIECESQUARETABLES:0.5
C_MOBILITY:0.5218896704073549
C_KINGSAFETY:0.523594519844958
C_PAWNSTRUCTURE:0.4997965247338177
C_PIECECOORDINATION:0.4955936602662893
C_ROOK:0.5378761136580207
CE_ROOK:0.4853241221567905
C_CENTERCONTROL:0.48076483582502577
C_DEVELOPPIECES:0.523855956925678
C_MATERIAL:0.511566700074647
C_MOVECOUNT:0.46297256113490187
C_PAWNMOVEMENT:0.5339530967865538
