ELO:985
CE_PASSEDPAWNS:0.5010410078469494
CE_PAWNWEAKNESSES:0.4943538757403668
CE_PIECEACTIVITY:0.5120177257380867
CE_KINGPAWNSHIELD:0.5103455965984403
CE_PIECECOORDINATION:0.5092869758973064
CE_MATERIAL:0.5002197805648231
CE_KINGSAFETY:0.4966351766310706
C_PIECESQUARETABLES:0.4828804041580423
C_MOBILITY:0.5231291348724966
C_KINGSAFETY:0.5
C_PAWNSTRUCTURE:0.5021482036353468
C_PIECECOORDINATION:0.49730031724133217
C_ROOKANDPAWNMOVEMENT:0.49730031724133217
C_CENTERCONTROL:0.4942834351212964
C_DEVELOPPIECES:0.49633629819748654
C_MATERIAL:0.5038843501662764
C_MOVECOUNT:0.49856528044169685
