ELO:984
CE_PASSEDPAWNS:0.48176615445151433
CE_PAWNWEAKNESSES:0.5378845760009332
CE_PIECEACTIVITY:0.44850329508533543
CE_KINGPAWNSHIELD:0.5576077437888056
CE_PIECECOORDINATION:0.4596125623102958
CE_MATERIAL:0.46568037942216056
CE_KINGSAFETY:0.459221879682236
C_PIECESQUARETABLES:0.47866719335506197
C_MOBILITY:0.46032305257200434
C_KINGSAFETY:0.519350206412988
C_PAWNSTRUCTURE:0.5711872285235268
C_PIECECOORDINATION:0.49190453519186383
C_ROOKANDPAWNMOVEMENT:0.49190453519186383
C_CENTERCONTROL:0.4834050742413837
C_DEVELOPPIECES:0.4832410902167764
C_MATERIAL:0.4190095048073549
