ELO:1000
CE_PASSEDPAWNS:0.49797605896062624
CE_PAWNWEAKNESSES:0.48970477442704347
CE_PIECEACTIVITY:0.5104689476470582
CE_KINGPAWNSHIELD:0.4947030109681975
CE_PIECECOORDINATION:0.513275429587771
CE_MATERIAL:0.5119538176281652
CE_KINGSAFETY:0.4762691839077424
C_PIECESQUARETABLES:0.5147276153263503
C_MOBILITY:0.4832960739857198
C_KINGSAFETY:0.5095090515043109
C_PAWNSTRUCTURE:0.4782700870691344
C_PIECECOORDINATION:0.5096559895508468
C_ROOKANDPAWNMOVEMENT:0.5096559895508468
C_CENTERCONTROL:0.5002896774000567
C_DEVELOPPIECES:0.4884884118881153
C_MATERIAL:0.5218974038248742
