ELO:872
CE_PASSEDPAWNS:0.4536896173312669
CE_PAWNWEAKNESSES:0.605592315136126
CE_PIECEACTIVITY:0.44410809170559873
CE_KINGPAWNSHIELD:0.5141536638079267
CE_PIECECOORDINATION:0.42157425102909535
CE_MATERIAL:0.4899043536166766
CE_KINGSAFETY:0.4926645028595848
C_PIECESQUARETABLES:0.5312959613695228
C_MOBILITY:0.40839724673709044
C_KINGSAFETY:0.5717288911472329
C_PAWNSTRUCTURE:0.5579923669682749
C_PIECECOORDINATION:0.47018843371848323
C_ROOKANDPAWNMOVEMENT:0.47018843371848323
C_CENTERCONTROL:0.4813960837832949
C_DEVELOPPIECES:0.5523921620015994
C_MATERIAL:0.4469086997648676
