ELO:982
CE_PASSEDPAWNS:0.4818947905519453
CE_PAWNWEAKNESSES:0.49189131899414645
CE_PIECEACTIVITY:0.49080415631500757
CE_KINGPAWNSHIELD:0.5039163767315499
CE_PIECECOORDINATION:0.5089167675979999
CE_MATERIAL:0.4953110543117661
CE_KINGSAFETY:0.5
C_PIECESQUARETABLES:0.49927096714562474
C_MOBILITY:0.49666094619549483
C_KINGSAFETY:0.4923579691696285
C_PAWNSTRUCTURE:0.5100653782378611
C_PIECECOORDINATION:0.49878990363809544
C_ROOK:0.4997217847117295
CE_ROOK:0.4798470235167822
C_CENTERCONTROL:0.4927612410422291
C_DEVELOPPIECES:0.49683774547264214
C_MATERIAL:0.49692581284246085
C_MOVECOUNT:0.5049424776480798
C_PAWNMOVEMENT:0.4849774463988043
