ELO:924
CE_PASSEDPAWNS:0.5227624302660207
CE_PAWNWEAKNESSES:0.5267698785417215
CE_PIECEACTIVITY:0.529417559410878
CE_KINGPAWNSHIELD:0.46393822440511034
CE_PIECECOORDINATION:0.4814309240070855
CE_MATERIAL:0.4882726848338014
CE_KINGSAFETY:0.5190559957495778
C_PIECESQUARETABLES:0.5565228998257427
C_MOBILITY:0.4830727484894868
C_KINGSAFETY:0.4964988528842733
C_PAWNSTRUCTURE:0.5075795621908018
C_PIECECOORDINATION:0.5229177055505863
C_ROOKANDPAWNMOVEMENT:0.5229177055505863
C_CENTERCONTROL:0.5167600650574974
C_DEVELOPPIECES:0.5165351885557358
C_MATERIAL:0.4934558304659778
C_MOVECOUNT:0.5
