ELO:964
CE_PASSEDPAWNS:0.49215625655345524
CE_PAWNWEAKNESSES:0.5447659090722252
CE_PIECEACTIVITY:0.4195708647024022
CE_KINGPAWNSHIELD:0.5320811800651424
CE_PIECECOORDINATION:0.4807871549289179
CE_MATERIAL:0.47966601953647664
CE_KINGSAFETY:0.49420474970353956
C_PIECESQUARETABLES:0.5
C_MOBILITY:0.46899450552497113
C_KINGSAFETY:0.552214609834108
C_PAWNSTRUCTURE:0.5455676564598271
C_PIECECOORDINATION:0.5441321902436033
C_ROOKANDPAWNMOVEMENT:0.5441321902436033
C_CENTERCONTROL:0.4796872399366058
C_DEVELOPPIECES:0.4960147860668258
C_MATERIAL:0.43191857555116886
