ELO:997
CE_PASSEDPAWNS:0.43976214360408256
CE_PAWNWEAKNESSES:0.4908882895414192
CE_PIECEACTIVITY:0.5674212197609672
CE_KINGPAWNSHIELD:0.45203000691357687
CE_PIECECOORDINATION:0.473381256408976
CE_MATERIAL:0.5402498501916525
CE_KINGSAFETY:0.513758982872913
C_PIECESQUARETABLES:0.5037789386881634
C_MOBILITY:0.5308882003421846
C_KINGSAFETY:0.4621053877972863
C_PAWNSTRUCTURE:0.557936257897479
C_PIECECOORDINATION:0.4133547517842877
C_ROOKANDPAWNMOVEMENT:0.4133547517842877
C_CENTERCONTROL:0.49640560984344434
C_DEVELOPPIECES:0.5043644925671701
C_MATERIAL:0.3662249866455933
