ELO:741
CE_PASSEDPAWNS:0.5045019256525166
CE_PAWNWEAKNESSES:0.4859946359763441
CE_PIECEACTIVITY:0.4682879577087761
CE_KINGPAWNSHIELD:0.5168764142920095
CE_PIECECOORDINATION:0.3776903446050119
CE_MATERIAL:0.4355312424469489
CE_KINGSAFETY:0.5163292465124169
C_PIECESQUARETABLES:0.5055438554663284
C_MOBILITY:0.48997476149270375
C_KINGSAFETY:0.49021612887543864
C_PAWNSTRUCTURE:0.47079598310426085
C_PIECECOORDINATION:0.481371976417693
C_ROOKANDPAWNMOVEMENT:0.481371976417693
C_CENTERCONTROL:0.4868602076310796
C_DEVELOPPIECES:0.5193613813095148
C_MATERIAL:0.5408639569914879
C_MOVECOUNT:0.5
