ELO:1000
CE_PASSEDPAWNS:0.5028884182470174
CE_PAWNWEAKNESSES:0.4954170777482682
CE_PIECEACTIVITY:0.4983600672975581
CE_KINGPAWNSHIELD:0.4967032274606683
CE_PIECECOORDINATION:0.5023869319508126
CE_MATERIAL:0.5104263833213539
CE_KINGSAFETY:0.47984046766079874
C_PIECESQUARETABLES:0.5087272074312279
C_MOBILITY:0.5024928181272159
C_KINGSAFETY:0.5250214849945409
C_PAWNSTRUCTURE:0.5114042203565121
C_PIECECOORDINATION:0.505858529345975
C_ROOKANDPAWNMOVEMENT:0.505858529345975
C_CENTERCONTROL:0.4926120374667042
C_DEVELOPPIECES:0.5122100018126868
C_MATERIAL:0.5045308005999103
