ELO:1000
CE_PASSEDPAWNS:0.5110688143558174
CE_PAWNWEAKNESSES:0.47928559229077156
CE_PIECEACTIVITY:0.5038089389488777
CE_KINGPAWNSHIELD:0.4785222416557227
CE_PIECECOORDINATION:0.46966542473248984
CE_MATERIAL:0.47973097653272007
CE_KINGSAFETY:0.49439434324077564
C_PIECESQUARETABLES:0.5315666886075006
C_MOBILITY:0.48836438278070216
C_KINGSAFETY:0.5076708433211177
C_PAWNSTRUCTURE:0.5228993493885086
C_PIECECOORDINATION:0.5037838440397505
C_ROOKANDPAWNMOVEMENT:0.5037838440397505
C_CENTERCONTROL:0.5027223362436604
C_DEVELOPPIECES:0.4934381261968803
C_MATERIAL:0.48462270010673103
