ELO:1000
CE_PASSEDPAWNS:0.4914944194433788
CE_PAWNWEAKNESSES:0.49742681016484697
CE_PIECEACTIVITY:0.4368371919131794
CE_KINGPAWNSHIELD:0.5554035633412011
CE_PIECECOORDINATION:0.46196673648747183
CE_MATERIAL:0.4418563562510324
CE_KINGSAFETY:0.49197034800246486
C_PIECESQUARETABLES:0.486863313526613
C_MOBILITY:0.5350601279974699
C_KINGSAFETY:0.5249213823635531
C_PAWNSTRUCTURE:0.5559419139093592
C_PIECECOORDINATION:0.4929514361008629
C_ROOKANDPAWNMOVEMENT:0.4929514361008629
C_CENTERCONTROL:0.5024237461674055
C_DEVELOPPIECES:0.5086780538200956
C_MATERIAL:0.4482615828520169
