ELO:957
CE_PASSEDPAWNS:0.4858938631459915
CE_PAWNWEAKNESSES:0.5018712561896155
CE_PIECEACTIVITY:0.5179707913250597
CE_KINGPAWNSHIELD:0.5050506679996305
CE_PIECECOORDINATION:0.4728112325735905
CE_MATERIAL:0.48791740356240043
CE_KINGSAFETY:0.5079942771727761
C_PIECESQUARETABLES:0.5269903984512616
C_MOBILITY:0.5072129892367426
C_KINGSAFETY:0.5204481097303536
C_PAWNSTRUCTURE:0.4885134347910334
C_PIECECOORDINATION:0.5472694991367406
C_ROOKANDPAWNMOVEMENT:0.5472694991367406
C_CENTERCONTROL:0.5065543568308811
C_DEVELOPPIECES:0.4687976023612275
C_MATERIAL:0.5127952189916394
C_MOVECOUNT:0.5
