ELO:927
CE_PASSEDPAWNS:0.53351894404267
CE_PAWNWEAKNESSES:0.5072797393915109
CE_PIECEACTIVITY:0.5227892480900923
CE_KINGPAWNSHIELD:0.45115523916344386
CE_PIECECOORDINATION:0.49103572622388497
CE_MATERIAL:0.48213686824563273
CE_KINGSAFETY:0.5158562145034354
C_PIECESQUARETABLES:0.5282443415648177
C_MOBILITY:0.479621727889912
C_KINGSAFETY:0.5052438218765074
C_PAWNSTRUCTURE:0.4996556193324575
C_PIECECOORDINATION:0.49967959036657905
C_ROOKANDPAWNMOVEMENT:0.49967959036657905
C_CENTERCONTROL:0.505230087034005
C_DEVELOPPIECES:0.5099950155841662
C_MATERIAL:0.516497529463391
C_MOVECOUNT:0.5
