ELO:988
CE_PASSEDPAWNS:0.5
CE_PAWNWEAKNESSES:0.500056407696169
CE_PIECEACTIVITY:0.5
CE_KINGPAWNSHIELD:0.4937584244646913
CE_PIECECOORDINATION:0.4932994613091394
CE_MATERIAL:0.5
CE_KINGSAFETY:0.5
C_PIECESQUARETABLES:0.5
C_MOBILITY:0.5
C_KINGSAFETY:0.5
C_PAWNSTRUCTURE:0.5
C_PIECECOORDINATION:0.5
C_ROOKANDPAWNMOVEMENT:0.5
C_CENTERCONTROL:0.5
C_DEVELOPPIECES:0.5075506360789083
C_MATERIAL:0.4898307320644145
C_MOVECOUNT:0.5
