ELO:1000
CE_PASSEDPAWNS:0.5167091355327996
CE_PAWNWEAKNESSES:0.4581007886106612
CE_PIECEACTIVITY:0.4922110387630733
CE_KINGPAWNSHIELD:0.4788054732755513
CE_PIECECOORDINATION:0.4673513962016739
CE_MATERIAL:0.4714998167005961
CE_KINGSAFETY:0.504104084731413
C_PIECESQUARETABLES:0.4906361544495506
C_MOBILITY:0.48480376005973885
C_KINGSAFETY:0.5159970298000229
C_PAWNSTRUCTURE:0.5144603402655835
C_PIECECOORDINATION:0.5363926357205491
C_ROOKANDPAWNMOVEMENT:0.5363926357205491
C_CENTERCONTROL:0.5012703194088141
C_DEVELOPPIECES:0.4841660790521749
C_MATERIAL:0.47935566282535913
