ELO:1000
CE_PASSEDPAWNS:0.48359013808115425
CE_PAWNWEAKNESSES:0.47219738054481036
CE_PIECEACTIVITY:0.5331785020634194
CE_KINGPAWNSHIELD:0.475433924992573
CE_PIECECOORDINATION:0.5064120904870161
CE_MATERIAL:0.47797163325761394
CE_KINGSAFETY:0.5086357757510458
C_PIECESQUARETABLES:0.5341827698097983
C_MOBILITY:0.4314072760442313
C_KINGSAFETY:0.5193422810554603
C_PAWNSTRUCTURE:0.47465990445534817
C_PIECECOORDINATION:0.5003956555912423
C_ROOKANDPAWNMOVEMENT:0.5003956555912423
C_CENTERCONTROL:0.4946752818898507
C_DEVELOPPIECES:0.4676793116789881
C_MATERIAL:0.47736323672826514
