ELO:970
CE_PASSEDPAWNS:0.5034151651134673
CE_PAWNWEAKNESSES:0.5045671543729939
CE_PIECEACTIVITY:0.5136504826669194
CE_KINGPAWNSHIELD:0.5024578312441123
CE_PIECECOORDINATION:0.5046121105180668
CE_MATERIAL:0.5004872531449394
CE_KINGSAFETY:0.48554704117861314
C_PIECESQUARETABLES:0.4902193785659009
C_MOBILITY:0.5116908306466262
C_KINGSAFETY:0.492975499905583
C_PAWNSTRUCTURE:0.4729010671802705
C_PIECECOORDINATION:0.484675961005041
C_ROOKANDPAWNMOVEMENT:0.484675961005041
C_CENTERCONTROL:0.5135500940123442
C_DEVELOPPIECES:0.4857504329145772
C_MATERIAL:0.4916056910251118
C_MOVECOUNT:0.503593356005918
