ELO:986
CE_PASSEDPAWNS:0.49499206077571584
CE_PAWNWEAKNESSES:0.500056407696169
CE_PIECEACTIVITY:0.5061861478547844
CE_KINGPAWNSHIELD:0.4937584244646913
CE_PIECECOORDINATION:0.4999896547945557
CE_MATERIAL:0.5011870537934707
CE_KINGSAFETY:0.5
C_PIECESQUARETABLES:0.5113963635269341
C_MOBILITY:0.5009169763850964
C_KINGSAFETY:0.5
C_PAWNSTRUCTURE:0.49543276980500306
C_PIECECOORDINATION:0.49444378501781194
C_ROOKANDPAWNMOVEMENT:0.49444378501781194
C_CENTERCONTROL:0.5
C_DEVELOPPIECES:0.5075506360789083
C_MATERIAL:0.4898307320644145
C_MOVECOUNT:0.5
