ELO:972
CE_PASSEDPAWNS:0.4877276300063776
CE_PAWNWEAKNESSES:0.5143602380606571
CE_PIECEACTIVITY:0.5092617085536817
CE_KINGPAWNSHIELD:0.529992499347713
CE_PIECECOORDINATION:0.4508338632624686
CE_MATERIAL:0.48132735546975886
CE_KINGSAFETY:0.48489919950286886
C_PIECESQUARETABLES:0.5196013453083506
C_MOBILITY:0.4947338808620423
C_KINGSAFETY:0.5264668502006894
C_PAWNSTRUCTURE:0.4822079375890682
C_PIECECOORDINATION:0.5646575940838819
C_ROOKANDPAWNMOVEMENT:0.5646575940838819
C_CENTERCONTROL:0.5011938714022315
C_DEVELOPPIECES:0.45602204413346176
C_MATERIAL:0.5229419874089918
C_MOVECOUNT:0.5
