ELO:989
CE_PASSEDPAWNS:0.5
CE_PAWNWEAKNESSES:0.5
CE_PIECEACTIVITY:0.5227283126806886
CE_KINGPAWNSHIELD:0.5139767473332245
CE_PIECECOORDINATION:0.5224069788013944
CE_MATERIAL:0.4648915881868456
CE_KINGSAFETY:0.5023036060019199
C_PIECESQUARETABLES:0.5
C_MOBILITY:0.5080532098902368
C_KINGSAFETY:0.533102251873322
C_PAWNSTRUCTURE:0.5141199727882927
C_PIECECOORDINATION:0.511129796076108
C_ROOKANDPAWNMOVEMENT:0.511129796076108
C_CENTERCONTROL:0.5250851378363337
C_DEVELOPPIECES:0.49803304277811616
C_MATERIAL:0.48851412392845533
C_MOVECOUNT:0.4878374756225452
