ELO:979
CE_PASSEDPAWNS:0.4756371911230615
CE_PAWNWEAKNESSES:0.5425503924402758
CE_PIECEACTIVITY:0.4263577373576325
CE_KINGPAWNSHIELD:0.5422430353577937
CE_PIECECOORDINATION:0.4708128256880887
CE_MATERIAL:0.45653138008641014
CE_KINGSAFETY:0.459221879682236
C_PIECESQUARETABLES:0.47698265293958175
C_MOBILITY:0.452045621078679
C_KINGSAFETY:0.5292438505208591
C_PAWNSTRUCTURE:0.550964088386962
C_PIECECOORDINATION:0.485110059274412
C_ROOKANDPAWNMOVEMENT:0.485110059274412
C_CENTERCONTROL:0.49432605953152053
C_DEVELOPPIECES:0.4936350547138743
C_MATERIAL:0.4214521830201435
