ELO:1000
CE_PASSEDPAWNS:0.49143116495898165
CE_PAWNWEAKNESSES:0.44821275717576087
CE_PIECEACTIVITY:0.5235372385420989
CE_KINGPAWNSHIELD:0.513300303304943
CE_PIECECOORDINATION:0.4762768872051181
CE_MATERIAL:0.5041049552702221
CE_KINGSAFETY:0.4864353664011418
C_PIECESQUARETABLES:0.5296394568261714
C_MOBILITY:0.4636971598444461
C_KINGSAFETY:0.5093312420039909
C_PAWNSTRUCTURE:0.4882925219840418
C_PIECECOORDINATION:0.48684749870185895
C_ROOKANDPAWNMOVEMENT:0.48684749870185895
C_CENTERCONTROL:0.48299306731612274
C_DEVELOPPIECES:0.4464637357767917
C_MATERIAL:0.5013783209486651
