ELO:984
CE_PASSEDPAWNS:0.5034151651134673
CE_PAWNWEAKNESSES:0.5045671543729939
CE_PIECEACTIVITY:0.5096281972187803
CE_KINGPAWNSHIELD:0.5065798339107289
CE_PIECECOORDINATION:0.5046121105180668
CE_MATERIAL:0.5004872531449394
CE_KINGSAFETY:0.47849828728112165
C_PIECESQUARETABLES:0.4834467901793602
C_MOBILITY:0.5116908306466262
C_KINGSAFETY:0.492975499905583
C_PAWNSTRUCTURE:0.47760972996187884
C_PIECECOORDINATION:0.4807191607886979
C_ROOKANDPAWNMOVEMENT:0.4807191607886979
C_CENTERCONTROL:0.5127377602149227
C_DEVELOPPIECES:0.5
C_MATERIAL:0.4916056910251118
C_MOVECOUNT:0.492766049023556
