ELO:986
CE_PASSEDPAWNS:0.5069582552360636
CE_PAWNWEAKNESSES:0.4934193110066214
CE_PIECEACTIVITY:0.5699301521619995
CE_KINGPAWNSHIELD:0.4291818720128258
CE_PIECECOORDINATION:0.5182226964198026
CE_MATERIAL:0.4388035325772688
CE_KINGSAFETY:0.3752084815720216
C_PIECESQUARETABLES:0.5617143525531427
C_MOBILITY:0.49047144650265273
C_KINGSAFETY:0.5390600790000442
C_PAWNSTRUCTURE:0.5586493267126195
C_PIECECOORDINATION:0.5583167097661142
C_ROOKANDPAWNMOVEMENT:0.5583167097661142
C_CENTERCONTROL:0.4142805872686891
C_DEVELOPPIECES:0.4870954680435132
C_MATERIAL:0.44704940849090286
