ELO:959
CE_PASSEDPAWNS:0.44231556757936324
CE_PAWNWEAKNESSES:0.5022639890625025
CE_PIECEACTIVITY:0.5577007523486031
CE_KINGPAWNSHIELD:0.5565885249825017
CE_PIECECOORDINATION:0.46965620632591204
CE_MATERIAL:0.5556528371552221
CE_KINGSAFETY:0.4850074102142281
C_PIECESQUARETABLES:0.48747763267079985
C_MOBILITY:0.48586299485308604
C_KINGSAFETY:0.53858298236076
C_PAWNSTRUCTURE:0.5538321617484168
C_PIECECOORDINATION:0.5209319416518611
C_ROOKANDPAWNMOVEMENT:0.5209319416518611
C_CENTERCONTROL:0.4721749637242041
C_DEVELOPPIECES:0.4914417853023259
C_MATERIAL:0.35346780640889947
