ELO:989
CE_PASSEDPAWNS:0.37411071033405163
CE_PAWNWEAKNESSES:0.5010552555869524
CE_PIECEACTIVITY:0.5709335541761889
CE_KINGPAWNSHIELD:0.4708403034736569
CE_PIECECOORDINATION:0.4859303694863556
CE_MATERIAL:0.5008532204200667
CE_KINGSAFETY:0.48977849710161686
C_PIECESQUARETABLES:0.5054833901704455
C_MOBILITY:0.5112192943851815
C_KINGSAFETY:0.5616554946513173
C_PAWNSTRUCTURE:0.3172396619146358
C_PIECECOORDINATION:0.44060766971497517
C_ROOKANDPAWNMOVEMENT:0.44060766971497517
C_CENTERCONTROL:0.35523868500455047
C_DEVELOPPIECES:0.48199535303803337
C_MATERIAL:0.6729291944039542
