ELO:935
CE_PASSEDPAWNS:0.5345157546350068
CE_PAWNWEAKNESSES:0.514722992351792
CE_PIECEACTIVITY:0.498708347938097
CE_KINGPAWNSHIELD:0.5316325497976467
CE_PIECECOORDINATION:0.5215648285433159
CE_MATERIAL:0.5010724887156107
CE_KINGSAFETY:0.5269260424967107
C_PIECESQUARETABLES:0.5574460022216948
C_MOBILITY:0.4826030801693276
C_KINGSAFETY:0.5260584833914277
C_PAWNSTRUCTURE:0.5497538474432211
C_PIECECOORDINATION:0.5116595567638837
C_ROOKANDPAWNMOVEMENT:0.5116595567638837
C_CENTERCONTROL:0.47651454263990217
C_DEVELOPPIECES:0.48329605944027754
C_MATERIAL:0.5162083274349473
C_MOVECOUNT:0.47964547249250317
