ELO:1013
CE_PASSEDPAWNS:0.5278780378993544
CE_PAWNWEAKNESSES:0.4636066665416784
CE_PIECEACTIVITY:0.44497264993502095
CE_KINGPAWNSHIELD:0.506665516425054
CE_PIECECOORDINATION:0.43317222545900413
CE_MATERIAL:0.5605267356856393
CE_KINGSAFETY:0.47415295138921043
C_PIECESQUARETABLES:0.47117917913070756
C_MOBILITY:0.5108959074683581
C_KINGSAFETY:0.4295962275857379
C_PAWNSTRUCTURE:0.47346659817768183
C_PIECECOORDINATION:0.4771836928604148
C_ROOKANDPAWNMOVEMENT:0.4771836928604148
C_CENTERCONTROL:0.36257103680414343
C_DEVELOPPIECES:0.4951348449744918
C_MATERIAL:0.3706944172583875
