ELO:954
CE_PASSEDPAWNS:0.4655283266051642
CE_PAWNWEAKNESSES:0.4903189971683677
CE_PIECEACTIVITY:0.4871083100064243
CE_KINGPAWNSHIELD:0.4659087349936561
CE_PIECECOORDINATION:0.49172745646546095
CE_MATERIAL:0.49951493578413103
CE_KINGSAFETY:0.5105319748286026
C_PIECESQUARETABLES:0.5089315339634843
C_MOBILITY:0.5557715733619418
C_KINGSAFETY:0.5111179197198789
C_PAWNSTRUCTURE:0.4591881157485137
C_PIECECOORDINATION:0.5099685335940921
C_ROOK:0.4977128008582798
CE_ROOK:0.4901066130994343
C_CENTERCONTROL:0.5127400957817966
C_DEVELOPPIECES:0.44675756851350223
C_MATERIAL:0.49319777364945483
C_MOVECOUNT:0.48529952748015875
C_PAWNMOVEMENT:0.5673548039438553
