ELO:1008
CE_PASSEDPAWNS:0.5064811373457071
CE_PAWNWEAKNESSES:0.5
CE_PIECEACTIVITY:0.48770726110456386
CE_KINGPAWNSHIELD:0.5
CE_PIECECOORDINATION:0.5008429862458069
CE_MATERIAL:0.5061476647285589
CE_KINGSAFETY:0.5038766338877378
C_PIECESQUARETABLES:0.5100345115268929
C_MOBILITY:0.4912844857915425
C_KINGSAFETY:0.5121902966826006
C_PAWNSTRUCTURE:0.5129004647833743
C_PIECECOORDINATION:0.5106694809397165
C_ROOKANDPAWNMOVEMENT:0.5106694809397165
C_CENTERCONTROL:0.5116355279190107
C_DEVELOPPIECES:0.5
C_MATERIAL:0.48634525109200816
