ELO:989
CE_PASSEDPAWNS:0.5038474134245708
CE_PAWNWEAKNESSES:0.5069626516016709
CE_PIECEACTIVITY:0.49567604793079917
CE_KINGPAWNSHIELD:0.5012152205630187
CE_PIECECOORDINATION:0.4899749189416511
CE_MATERIAL:0.492576952156938
CE_KINGSAFETY:0.5
C_PIECESQUARETABLES:0.5
C_MOBILITY:0.4877373389429647
C_KINGSAFETY:0.512291843374254
C_PAWNSTRUCTURE:0.5060130560285522
C_PIECECOORDINATION:0.5064963453954284
C_ROOKANDPAWNMOVEMENT:0.5064963453954284
C_CENTERCONTROL:0.504899391189381
C_DEVELOPPIECES:0.48938571245025697
C_MATERIAL:0.5
C_MOVECOUNT:0.5044931925733199
