ELO:991
CE_PASSEDPAWNS:0.4933650681240036
CE_PAWNWEAKNESSES:0.46514797203790204
CE_PIECEACTIVITY:0.48758762868351174
CE_KINGPAWNSHIELD:0.4725742186740245
CE_PIECECOORDINATION:0.4872496893332857
CE_MATERIAL:0.47573243996770176
CE_KINGSAFETY:0.5
C_PIECESQUARETABLES:0.5156476046679558
C_MOBILITY:0.482850571533767
C_KINGSAFETY:0.5228251376260526
C_PAWNSTRUCTURE:0.5038266290864318
C_PIECECOORDINATION:0.5091930920456038
C_ROOKANDPAWNMOVEMENT:0.5091930920456038
C_CENTERCONTROL:0.4585539330729828
C_DEVELOPPIECES:0.4876464525831566
C_MATERIAL:0.5278954288219844
C_MOVECOUNT:0.5
