ELO:974
CE_PASSEDPAWNS:0.5154105682136442
CE_PAWNWEAKNESSES:0.507959063092251
CE_PIECEACTIVITY:0.5782370934588009
CE_KINGPAWNSHIELD:0.5501916486012386
CE_PIECECOORDINATION:0.46308350713641544
CE_MATERIAL:0.5367730813169418
CE_KINGSAFETY:0.5077311811925118
C_PIECESQUARETABLES:0.4717705337256261
C_MOBILITY:0.5042460452345687
C_KINGSAFETY:0.5508396139396488
C_PAWNSTRUCTURE:0.583167448047156
C_PIECECOORDINATION:0.5622031832336316
C_ROOKANDPAWNMOVEMENT:0.5622031832336316
C_CENTERCONTROL:0.49113931277535217
C_DEVELOPPIECES:0.48240626209242915
C_MATERIAL:0.3568425524356764
