ELO:1089
CE_PASSEDPAWNS:0.6216628427623379
CE_PAWNWEAKNESSES:0.4913955703625296
CE_PIECEACTIVITY:0.4749362909216822
CE_KINGPAWNSHIELD:0.4846679063324878
CE_PIECECOORDINATION:0.47032503426616723
CE_MATERIAL:0.45398262924940724
CE_KINGSAFETY:0.5104783171893574
C_PIECESQUARETABLES:0.5121698289845963
C_MOBILITY:0.42072073110452235
C_KINGSAFETY:0.5076807408223325
C_PAWNSTRUCTURE:0.41159374709656454
C_PIECECOORDINATION:0.4668686963264658
C_ROOKANDPAWNMOVEMENT:0.4668686963264658
C_CENTERCONTROL:0.5178725130567796
C_DEVELOPPIECES:0.5757913049809192
C_MATERIAL:0.4241420592693255
