ELO:1004
CE_PASSEDPAWNS:0.5101194946363452
CE_PAWNWEAKNESSES:0.511107059233057
CE_PIECEACTIVITY:0.5771087685688185
CE_KINGPAWNSHIELD:0.5467488880181213
CE_PIECECOORDINATION:0.44456790316860834
CE_MATERIAL:0.5296592851669849
CE_KINGSAFETY:0.5032798779490235
C_PIECESQUARETABLES:0.4808141526614593
C_MOBILITY:0.5079856752977713
C_KINGSAFETY:0.5433571152770462
C_PAWNSTRUCTURE:0.5867979032567897
C_PIECECOORDINATION:0.5618126229865582
C_ROOKANDPAWNMOVEMENT:0.5618126229865582
C_CENTERCONTROL:0.4879641903664374
C_DEVELOPPIECES:0.48982090958369834
C_MATERIAL:0.3603815573774488
