ELO:944
CE_PASSEDPAWNS:0.4847160094384745
CE_PAWNWEAKNESSES:0.49266239669000406
CE_PIECEACTIVITY:0.5754615468116898
CE_KINGPAWNSHIELD:0.5751526879645583
CE_PIECECOORDINATION:0.4572044853123736
CE_MATERIAL:0.5692673179608984
CE_KINGSAFETY:0.5112937690079846
C_PIECESQUARETABLES:0.5071772101369498
C_MOBILITY:0.48868971882961304
C_KINGSAFETY:0.516011959165465
C_PAWNSTRUCTURE:0.5652077101273119
C_PIECECOORDINATION:0.5393380794989249
C_ROOKANDPAWNMOVEMENT:0.5393380794989249
C_CENTERCONTROL:0.4573763521533816
C_DEVELOPPIECES:0.4902646936499739
C_MATERIAL:0.33488807894567946
