ELO:947
CE_PASSEDPAWNS:0.4758047916382544
CE_PAWNWEAKNESSES:0.5487616467808194
CE_PIECEACTIVITY:0.41576921019132224
CE_KINGPAWNSHIELD:0.5684330248257244
CE_PIECECOORDINATION:0.4527167560668919
CE_MATERIAL:0.4576313991310214
CE_KINGSAFETY:0.4904106970517332
C_PIECESQUARETABLES:0.522627020499475
C_MOBILITY:0.44254423016968625
C_KINGSAFETY:0.5322886760878885
C_PAWNSTRUCTURE:0.5498350587704561
C_PIECECOORDINATION:0.5112870162451403
C_ROOKANDPAWNMOVEMENT:0.5112870162451403
C_CENTERCONTROL:0.4882022371339726
C_DEVELOPPIECES:0.5018815231981528
C_MATERIAL:0.4747470120212968
