ELO:1000
CE_PASSEDPAWNS:0.48992928014222126
CE_PAWNWEAKNESSES:0.4864025344354584
CE_PIECEACTIVITY:0.565904583412864
CE_KINGPAWNSHIELD:0.4935756404314382
CE_PIECECOORDINATION:0.47454435465823624
CE_MATERIAL:0.46257868633001903
CE_KINGSAFETY:0.5
C_PIECESQUARETABLES:0.5
C_MOBILITY:0.44146343936144183
C_KINGSAFETY:0.5082785033354398
C_PAWNSTRUCTURE:0.4807403652778925
C_PIECECOORDINATION:0.4841175125369862
C_ROOKANDPAWNMOVEMENT:0.4841175125369862
C_CENTERCONTROL:0.46669343388177836
C_DEVELOPPIECES:0.4567429965732237
C_MATERIAL:0.44487645091839784
