ELO:858
CE_PASSEDPAWNS:0.4715227665575461
CE_PAWNWEAKNESSES:0.5724410768644654
CE_PIECEACTIVITY:0.4483539526783964
CE_KINGPAWNSHIELD:0.5073392811057685
CE_PIECECOORDINATION:0.4965406980763219
CE_MATERIAL:0.5160626616342489
CE_KINGSAFETY:0.4944676818631804
C_PIECESQUARETABLES:0.47200555525782845
C_MOBILITY:0.41837236221673046
C_KINGSAFETY:0.5888517331129833
C_PAWNSTRUCTURE:0.5513804852158126
C_PIECECOORDINATION:0.5138017877262323
C_ROOKANDPAWNMOVEMENT:0.5138017877262323
C_CENTERCONTROL:0.5188705788418674
C_DEVELOPPIECES:0.5174273844278545
C_MATERIAL:0.45658155983074816
