ELO:974
CE_PASSEDPAWNS:0.5240666794014457
CE_PAWNWEAKNESSES:0.47203653775825616
CE_PIECEACTIVITY:0.4947515546634635
CE_KINGPAWNSHIELD:0.48575985743480365
CE_PIECECOORDINATION:0.4814010032080311
CE_MATERIAL:0.48561086033278567
CE_KINGSAFETY:0.5
C_PIECESQUARETABLES:0.5
C_MOBILITY:0.5254793556882357
C_KINGSAFETY:0.49884497236933223
C_PAWNSTRUCTURE:0.5147408758580376
C_PIECECOORDINATION:0.5286482976328899
C_ROOK:0.5426140210063214
CE_ROOK:0.48708280451823527
C_CENTERCONTROL:0.4959744464988885
C_DEVELOPPIECES:0.5262181293694237
C_MATERIAL:0.5196322504546513
C_MOVECOUNT:0.49495581611949263
C_PAWNMOVEMENT:0.4809901594197928
