ELO:955
CE_PASSEDPAWNS:0.5283581795937526
CE_PAWNWEAKNESSES:0.4907812534329008
CE_PIECEACTIVITY:0.47509429177152873
CE_KINGPAWNSHIELD:0.4092777655304318
CE_PIECECOORDINATION:0.471382285937148
CE_MATERIAL:0.554146592216074
CE_KINGSAFETY:0.5099092957547703
C_PIECESQUARETABLES:0.5061506257759677
C_MOBILITY:0.47610818320168036
C_KINGSAFETY:0.4783966090090143
C_PAWNSTRUCTURE:0.5105970240691483
C_PIECECOORDINATION:0.569475652038166
C_ROOKANDPAWNMOVEMENT:0.569475652038166
C_CENTERCONTROL:0.479046991870375
C_DEVELOPPIECES:0.4757839543094371
C_MATERIAL:0.5830517706447833
