ELO:1000
CE_PASSEDPAWNS:0.5146771498099063
CE_PAWNWEAKNESSES:0.5110096162053973
CE_PIECEACTIVITY:0.50344168901019
CE_KINGPAWNSHIELD:0.48904622639570267
CE_PIECECOORDINATION:0.49741486375278987
CE_MATERIAL:0.540449584341109
CE_KINGSAFETY:0.4956029643420535
C_PIECESQUARETABLES:0.5189187645245091
C_MOBILITY:0.5011160410278876
C_KINGSAFETY:0.49084522059868724
C_PAWNSTRUCTURE:0.5134155357638823
C_PIECECOORDINATION:0.5241743289119386
C_ROOKANDPAWNMOVEMENT:0.5241743289119386
C_CENTERCONTROL:0.45566319109411146
C_DEVELOPPIECES:0.4885398203138279
C_MATERIAL:0.4872061481706137
