ELO:996
CE_PASSEDPAWNS:0.5184591073283638
CE_PAWNWEAKNESSES:0.518243541276286
CE_PIECEACTIVITY:0.503846369804631
CE_KINGPAWNSHIELD:0.5037917585538229
CE_PIECECOORDINATION:0.5142916078327363
CE_MATERIAL:0.49724391171215393
CE_KINGSAFETY:0.5002058714418783
C_PIECESQUARETABLES:0.4863085292862325
C_MOBILITY:0.49734454695800934
C_KINGSAFETY:0.515165569252984
C_PAWNSTRUCTURE:0.5
C_PIECECOORDINATION:0.5214005204978357
C_ROOKANDPAWNMOVEMENT:0.5214005204978357
C_CENTERCONTROL:0.5041723298388262
C_DEVELOPPIECES:0.5
C_MATERIAL:0.48949229551773044
C_MOVECOUNT:0.5
