ELO:916
CE_PASSEDPAWNS:0.5000599108981109
CE_PAWNWEAKNESSES:0.5281760570137872
CE_PIECEACTIVITY:0.5221896995830978
CE_KINGPAWNSHIELD:0.5152747936940345
CE_PIECECOORDINATION:0.5176153787479651
CE_MATERIAL:0.4892042938192058
CE_KINGSAFETY:0.5
C_PIECESQUARETABLES:0.5
C_MOBILITY:0.45411171037367554
C_KINGSAFETY:0.49563292841398443
C_PAWNSTRUCTURE:0.47034914744614215
C_PIECECOORDINATION:0.5086115592704918
C_ROOK:0.500749842746109
CE_ROOK:0.4658578431987502
C_CENTERCONTROL:0.4966568202920797
C_DEVELOPPIECES:0.5053511612351189
C_MATERIAL:0.5114276100538108
C_MOVECOUNT:0.49359102355066603
C_PAWNMOVEMENT:0.49874678374102893
