ELO:927
CE_PASSEDPAWNS:0.510122755608602
CE_PAWNWEAKNESSES:0.5305004596942696
CE_PIECEACTIVITY:0.521871261555766
CE_KINGPAWNSHIELD:0.5152747936940345
CE_PIECECOORDINATION:0.5176153787479651
CE_MATERIAL:0.4852516110699736
CE_KINGSAFETY:0.5016041284411548
C_PIECESQUARETABLES:0.4979922004774895
C_MOBILITY:0.46883215328313793
C_KINGSAFETY:0.4854323017320109
C_PAWNSTRUCTURE:0.46864416697774225
C_PIECECOORDINATION:0.5005840417775448
C_ROOK:0.49541601621297415
CE_ROOK:0.4658578431987502
C_CENTERCONTROL:0.5061027198130261
C_DEVELOPPIECES:0.4949236659372113
C_MATERIAL:0.5196604369933755
C_MOVECOUNT:0.493945904038166
C_PAWNMOVEMENT:0.5094023975650358
