ELO:916
CE_PASSEDPAWNS:0.5710210927901757
CE_PAWNWEAKNESSES:0.5283054648411611
CE_PIECEACTIVITY:0.5407880852759014
CE_KINGPAWNSHIELD:0.40395872279012146
CE_PIECECOORDINATION:0.5124037879513075
CE_MATERIAL:0.6184385101283466
CE_KINGSAFETY:0.4817154893219323
C_PIECESQUARETABLES:0.4974305708591224
C_MOBILITY:0.4139717159899555
C_KINGSAFETY:0.40603883190899254
C_PAWNSTRUCTURE:0.5239937718761426
C_PIECECOORDINATION:0.6234730977335622
C_ROOKANDPAWNMOVEMENT:0.6234730977335622
C_CENTERCONTROL:0.4644012667598725
C_DEVELOPPIECES:0.45813251599077975
C_MATERIAL:0.5964695187086982
