ELO:1203
CE_PASSEDPAWNS:0.4382366343002822
CE_PAWNWEAKNESSES:0.5345279662215596
CE_PIECEACTIVITY:0.4470630249040625
CE_KINGPAWNSHIELD:0.40008057349030945
CE_PIECECOORDINATION:0.5228665876218258
CE_MATERIAL:0.35562438214654274
CE_KINGSAFETY:0.5
C_PIECESQUARETABLES:0.5
C_MOBILITY:0.39259976550728
C_KINGSAFETY:0.3964010340134416
C_PAWNSTRUCTURE:0.6167662320811875
C_PIECECOORDINATION:0.5447852188236804
C_ROOKANDPAWNMOVEMENT:0.5447852188236804
C_CENTERCONTROL:0.532000650903242
C_DEVELOPPIECES:0.49052078031268176
C_MATERIAL:0.5263491174985989
