ELO:924
CE_PASSEDPAWNS:0.48495793831722306
CE_PAWNWEAKNESSES:0.5033308793335436
CE_PIECEACTIVITY:0.5071220630133412
CE_KINGPAWNSHIELD:0.4968291681638641
CE_PIECECOORDINATION:0.4631382186401941
CE_MATERIAL:0.5039564101699544
CE_KINGSAFETY:0.48866204353877396
C_PIECESQUARETABLES:0.5159581851789175
C_MOBILITY:0.4853714688933837
C_KINGSAFETY:0.5000781864481969
C_PAWNSTRUCTURE:0.48015688106121995
C_PIECECOORDINATION:0.5072430636176184
C_ROOKANDPAWNMOVEMENT:0.5072430636176184
C_CENTERCONTROL:0.5077904126113925
C_DEVELOPPIECES:0.52163791564479
C_MATERIAL:0.46205179315841904
C_MOVECOUNT:0.5105295771208557
