ELO:903
CE_PASSEDPAWNS:0.46791487935301207
CE_PAWNWEAKNESSES:0.5298777885684811
CE_PIECEACTIVITY:0.5297403644525674
CE_KINGPAWNSHIELD:0.4763816015261615
CE_PIECECOORDINATION:0.5553843715807749
CE_MATERIAL:0.49012018712748145
CE_KINGSAFETY:0.5237548951934575
C_PIECESQUARETABLES:0.5124721575908832
C_MOBILITY:0.5286865029921204
C_KINGSAFETY:0.5244138739006724
C_PAWNSTRUCTURE:0.5121003592840344
C_PIECECOORDINATION:0.48988247019721876
C_ROOKANDPAWNMOVEMENT:0.48988247019721876
C_CENTERCONTROL:0.48571735203866595
C_DEVELOPPIECES:0.5245359510994604
C_MATERIAL:0.5107557978143021
C_MOVECOUNT:0.5
