ELO:956
CE_PASSEDPAWNS:0.5284289191958488
CE_PAWNWEAKNESSES:0.49683640092712955
CE_PIECEACTIVITY:0.460572656357221
CE_KINGPAWNSHIELD:0.5002451653045984
CE_PIECECOORDINATION:0.45615595627361416
CE_MATERIAL:0.5009625645376601
CE_KINGSAFETY:0.49295284654635835
C_PIECESQUARETABLES:0.48621399948180144
C_MOBILITY:0.490233830738791
C_KINGSAFETY:0.4804512860888914
C_PAWNSTRUCTURE:0.5081423340823443
C_PIECECOORDINATION:0.5268683337422919
C_ROOKANDPAWNMOVEMENT:0.5268683337422919
C_CENTERCONTROL:0.48174113502494414
C_DEVELOPPIECES:0.5305922277002881
C_MATERIAL:0.5047482489503018
C_MOVECOUNT:0.5
