ELO:731
CE_PASSEDPAWNS:0.49801697068194273
CE_PAWNWEAKNESSES:0.4978920796054882
CE_PIECEACTIVITY:0.5096620326603427
CE_KINGPAWNSHIELD:0.4891442031590655
CE_PIECECOORDINATION:0.4965740724271865
CE_MATERIAL:0.486907756989795
CE_KINGSAFETY:0.4634591510155556
C_PIECESQUARETABLES:0.4459048198869745
C_MOBILITY:0.3964688626494366
C_KINGSAFETY:0.47183909817212333
C_PAWNSTRUCTURE:0.5106074956822901
C_PIECECOORDINATION:0.45836267147559134
C_ROOKANDPAWNMOVEMENT:0.45836267147559134
C_CENTERCONTROL:0.5284740507691105
C_DEVELOPPIECES:0.5290462521903572
C_MATERIAL:0.503358625528216
C_MOVECOUNT:0.494329429928584
