ELO:957
CE_PASSEDPAWNS:0.5164939724640084
CE_PAWNWEAKNESSES:0.49644661021992986
CE_PIECEACTIVITY:0.48477307014520776
CE_KINGPAWNSHIELD:0.485194700536058
CE_PIECECOORDINATION:0.4887075817239846
CE_MATERIAL:0.532710099547264
CE_KINGSAFETY:0.5145428436730294
C_PIECESQUARETABLES:0.5054673816836431
C_MOBILITY:0.5057389638559825
C_KINGSAFETY:0.4948464517028042
C_PAWNSTRUCTURE:0.476823756904432
C_PIECECOORDINATION:0.4881458709634179
C_ROOKANDPAWNMOVEMENT:0.4881458709634179
C_CENTERCONTROL:0.477858304100225
C_DEVELOPPIECES:0.488042774692258
C_MATERIAL:0.5068631389806764
C_MOVECOUNT:0.46791473432177694
