ELO:1244
CE_PASSEDPAWNS:0.37793211847401553
CE_PAWNWEAKNESSES:0.4137045400258075
CE_PIECEACTIVITY:0.5403103503151384
CE_KINGPAWNSHIELD:0.528587032920911
CE_PIECECOORDINATION:0.5275950501485485
CE_MATERIAL:0.41426242295387733
CE_KINGSAFETY:0.476190469733388
C_PIECESQUARETABLES:0.5047163324061141
C_MOBILITY:0.5737192010968308
C_KINGSAFETY:0.43321104247043835
C_PAWNSTRUCTURE:0.5107694527956196
C_PIECECOORDINATION:0.4975567317647835
C_ROOKANDPAWNMOVEMENT:0.4975567317647835
C_CENTERCONTROL:0.4797267957281372
C_DEVELOPPIECES:0.37606537662074735
C_MATERIAL:0.5712624895236389
