ELO:991
CE_PASSEDPAWNS:0.5213164266256178
CE_PAWNWEAKNESSES:0.48136761683946744
CE_PIECEACTIVITY:0.5594978002495871
CE_KINGPAWNSHIELD:0.5599465954910741
CE_PIECECOORDINATION:0.4565199630866291
CE_MATERIAL:0.462626817887766
CE_KINGSAFETY:0.49318739476768486
C_PIECESQUARETABLES:0.5
C_MOBILITY:0.580479941274235
C_KINGSAFETY:0.5555396845641076
C_PAWNSTRUCTURE:0.487125904442712
C_PIECECOORDINATION:0.6212102043834439
C_ROOKANDPAWNMOVEMENT:0.6212102043834439
C_CENTERCONTROL:0.3628208528192532
C_DEVELOPPIECES:0.503361232606723
C_MATERIAL:0.5866536899795093
