ELO:1000
CE_PASSEDPAWNS:0.5009210390446116
CE_PAWNWEAKNESSES:0.5077002488347706
CE_PIECEACTIVITY:0.4869803405234361
CE_KINGPAWNSHIELD:0.48904622639570267
CE_PIECECOORDINATION:0.4893539660756777
CE_MATERIAL:0.540449584341109
CE_KINGSAFETY:0.4983990459830792
C_PIECESQUARETABLES:0.5146179303337052
C_MOBILITY:0.49181390501529904
C_KINGSAFETY:0.49259503722400066
C_PAWNSTRUCTURE:0.5029714580830957
C_PIECECOORDINATION:0.5133417573885107
C_ROOKANDPAWNMOVEMENT:0.5133417573885107
C_CENTERCONTROL:0.45687527057472826
C_DEVELOPPIECES:0.482981803241281
C_MATERIAL:0.49496523561426314
