ELO:1248
CE_PASSEDPAWNS:0.4382366343002822
CE_PAWNWEAKNESSES:0.502484048221983
CE_PIECEACTIVITY:0.47984922004180997
CE_KINGPAWNSHIELD:0.41006401429565986
CE_PIECECOORDINATION:0.4873024344899622
CE_MATERIAL:0.38247548276601656
CE_KINGSAFETY:0.5067976398024056
C_PIECESQUARETABLES:0.5
C_MOBILITY:0.46261598003579885
C_KINGSAFETY:0.4103337908500484
C_PAWNSTRUCTURE:0.5309393938276364
C_PIECECOORDINATION:0.5387190482388233
C_ROOKANDPAWNMOVEMENT:0.5387190482388233
C_CENTERCONTROL:0.5310609292704748
C_DEVELOPPIECES:0.450825957461576
C_MATERIAL:0.5852273520815372
