ELO:916
CE_PASSEDPAWNS:0.581422032070082
CE_PAWNWEAKNESSES:0.5283054648411611
CE_PIECEACTIVITY:0.5304983117804881
CE_KINGPAWNSHIELD:0.414676558804934
CE_PIECECOORDINATION:0.5173779288950949
CE_MATERIAL:0.6167493172597867
CE_KINGSAFETY:0.4905794994111836
C_PIECESQUARETABLES:0.48509732875750383
C_MOBILITY:0.4268501768953056
C_KINGSAFETY:0.41530471219107573
C_PAWNSTRUCTURE:0.4838166272966993
C_PIECECOORDINATION:0.6292426866442454
C_ROOKANDPAWNMOVEMENT:0.6292426866442454
C_CENTERCONTROL:0.45995463728341934
C_DEVELOPPIECES:0.46573610137513616
C_MATERIAL:0.6076916827274456
