ELO:925
CE_PASSEDPAWNS:0.5242607114187261
CE_PAWNWEAKNESSES:0.4769573019965487
CE_PIECEACTIVITY:0.5062081444809226
CE_KINGPAWNSHIELD:0.5245164202424767
CE_PIECECOORDINATION:0.5049897651025913
CE_MATERIAL:0.4876656410749173
CE_KINGSAFETY:0.5037514954676439
C_PIECESQUARETABLES:0.5035437228259527
C_MOBILITY:0.4970704600895901
C_KINGSAFETY:0.49212872440752853
C_PAWNSTRUCTURE:0.5042591495392627
C_PIECECOORDINATION:0.5082002111643424
C_ROOK:0.4774392228138986
CE_ROOK:0.4937920849888977
C_CENTERCONTROL:0.5190612914007118
C_DEVELOPPIECES:0.5236738389523417
C_MATERIAL:0.5051446548341494
C_MOVECOUNT:0.5061754859094112
C_PAWNMOVEMENT:0.5020385399761732
