ELO:1033
CE_PASSEDPAWNS:0.47817656373048884
CE_PAWNWEAKNESSES:0.429060645780457
CE_PIECEACTIVITY:0.4252983368512889
CE_KINGPAWNSHIELD:0.49888812422090667
CE_PIECECOORDINATION:0.49863653302877026
CE_MATERIAL:0.5888431686788739
CE_KINGSAFETY:0.5050976808237388
C_PIECESQUARETABLES:0.4568536629154605
C_MOBILITY:0.32037163931488427
C_KINGSAFETY:0.5326662378822861
C_PAWNSTRUCTURE:0.5695992872547524
C_PIECECOORDINATION:0.4776956145075118
C_ROOKANDPAWNMOVEMENT:0.4776956145075118
C_CENTERCONTROL:0.48164025828121204
C_DEVELOPPIECES:0.49185888205748257
C_MATERIAL:0.4208411506892147
