ELO:967
CE_PASSEDPAWNS:0.5584093180944726
CE_PAWNWEAKNESSES:0.48716753331476825
CE_PIECEACTIVITY:0.519268647657767
CE_KINGPAWNSHIELD:0.4779637010311267
CE_PIECECOORDINATION:0.586928443010908
CE_MATERIAL:0.4320765125417692
CE_KINGSAFETY:0.5
C_PIECESQUARETABLES:0.4879063052116083
C_MOBILITY:0.5451874657271701
C_KINGSAFETY:0.5335301288646254
C_PAWNSTRUCTURE:0.48128268639678556
C_PIECECOORDINATION:0.5147618380650216
C_ROOKANDPAWNMOVEMENT:0.5147618380650216
C_CENTERCONTROL:0.4727961019738914
C_DEVELOPPIECES:0.4354879344662946
C_MATERIAL:0.4767143268736187
