ELO:930
CE_PASSEDPAWNS:0.4986555107837062
CE_PAWNWEAKNESSES:0.5063539643748552
CE_PIECEACTIVITY:0.5374888233353853
CE_KINGPAWNSHIELD:0.5244165799268354
CE_PIECECOORDINATION:0.49914114771047047
CE_MATERIAL:0.4843818791020794
CE_KINGSAFETY:0.5
C_PIECESQUARETABLES:0.5
C_MOBILITY:0.449518455064005
C_KINGSAFETY:0.5036903507949511
C_PAWNSTRUCTURE:0.48685245544493494
C_PIECECOORDINATION:0.5150023184655363
C_ROOK:0.4995269263568712
CE_ROOK:0.4846295756556943
C_CENTERCONTROL:0.50027720473568
C_DEVELOPPIECES:0.5157241958575998
C_MATERIAL:0.5162664221002726
C_MOVECOUNT:0.502132611195465
C_PAWNMOVEMENT:0.5018899364425978
