ELO:916
CE_PASSEDPAWNS:0.5629604345714978
CE_PAWNWEAKNESSES:0.5283054648411611
CE_PIECEACTIVITY:0.5407880852759014
CE_KINGPAWNSHIELD:0.41174561520685315
CE_PIECECOORDINATION:0.5124037879513075
CE_MATERIAL:0.6128144388627993
CE_KINGSAFETY:0.47574344187439027
C_PIECESQUARETABLES:0.49023730268185944
C_MOBILITY:0.42559731389224575
C_KINGSAFETY:0.41184318514322704
C_PAWNSTRUCTURE:0.521465447333424
C_PIECECOORDINATION:0.6196132451432516
C_ROOKANDPAWNMOVEMENT:0.6196132451432516
C_CENTERCONTROL:0.4548142613836614
C_DEVELOPPIECES:0.45813251599077975
C_MATERIAL:0.5964695187086982
