ELO:945
CE_PASSEDPAWNS:0.5478637220911936
CE_PAWNWEAKNESSES:0.4833041181539487
CE_PIECEACTIVITY:0.5278364866384941
CE_KINGPAWNSHIELD:0.47142165147891363
CE_PIECECOORDINATION:0.5777359052010707
CE_MATERIAL:0.4216579243417426
CE_KINGSAFETY:0.5059867940122142
C_PIECESQUARETABLES:0.5107176665473862
C_MOBILITY:0.5278938883757062
C_KINGSAFETY:0.5368521701210057
C_PAWNSTRUCTURE:0.48054846301582255
C_PIECECOORDINATION:0.5493777029828777
C_ROOKANDPAWNMOVEMENT:0.5493777029828777
C_CENTERCONTROL:0.4768152060683268
C_DEVELOPPIECES:0.4266016270242081
C_MATERIAL:0.4892073903143813
