ELO:974
CE_PASSEDPAWNS:0.5034471841648113
CE_PAWNWEAKNESSES:0.49061681668184376
CE_PIECEACTIVITY:0.5
CE_KINGPAWNSHIELD:0.4960204352199552
CE_PIECECOORDINATION:0.5013471890068874
CE_MATERIAL:0.50072105772129
CE_KINGSAFETY:0.5000017745596591
C_PIECESQUARETABLES:0.5
C_MOBILITY:0.5101219296095422
C_KINGSAFETY:0.506456937778591
C_PAWNSTRUCTURE:0.4884911956055653
C_PIECECOORDINATION:0.5054020750038605
C_ROOKANDPAWNMOVEMENT:0.5054020750038605
C_CENTERCONTROL:0.501501786261669
C_DEVELOPPIECES:0.49348375202331657
C_MATERIAL:0.491225989628867
C_MOVECOUNT:0.5
