ELO:971
CE_PASSEDPAWNS:0.5073912012147006
CE_PAWNWEAKNESSES:0.4824685539041337
CE_PIECEACTIVITY:0.5119705324717531
CE_KINGPAWNSHIELD:0.5054908272972806
CE_PIECECOORDINATION:0.49795378107237265
CE_MATERIAL:0.4579699831480374
CE_KINGSAFETY:0.5
C_PIECESQUARETABLES:0.49011336086052976
C_MOBILITY:0.4949446768893039
C_KINGSAFETY:0.4857050427393551
C_PAWNSTRUCTURE:0.4748741738974717
C_PIECECOORDINATION:0.5162817465785002
C_ROOK:0.4900339718109832
CE_ROOK:0.5364919302775177
C_CENTERCONTROL:0.510000048524343
C_DEVELOPPIECES:0.5285230363573091
C_MATERIAL:0.5280605361904379
C_MOVECOUNT:0.5173747193311806
C_PAWNMOVEMENT:0.5133232943034615
