ELO:719
CE_PASSEDPAWNS:0.49362701906930534
CE_PAWNWEAKNESSES:0.47774770273338346
CE_PIECEACTIVITY:0.49969687933393686
CE_KINGPAWNSHIELD:0.47216420050347513
CE_PIECECOORDINATION:0.49704739139564685
CE_MATERIAL:0.5044712296060366
CE_KINGSAFETY:0.49036302601713266
C_PIECESQUARETABLES:0.4469317903325856
C_MOBILITY:0.39983676201856644
C_KINGSAFETY:0.471043176561863
C_PAWNSTRUCTURE:0.5077519802502958
C_PIECECOORDINATION:0.4975591925781978
C_ROOKANDPAWNMOVEMENT:0.4975591925781978
C_CENTERCONTROL:0.5085774711634302
C_DEVELOPPIECES:0.5200062037719612
C_MATERIAL:0.5067655813973871
C_MOVECOUNT:0.4914433473851525
