ELO:941
CE_PASSEDPAWNS:0.5114027315208944
CE_PAWNWEAKNESSES:0.4856325894152494
CE_PIECEACTIVITY:0.5014303273179193
CE_KINGPAWNSHIELD:0.4644585408239228
CE_PIECECOORDINATION:0.5751932483382273
CE_MATERIAL:0.41854249435089735
CE_KINGSAFETY:0.513019371893767
C_PIECESQUARETABLES:0.49362456878831423
C_MOBILITY:0.5242919220727772
C_KINGSAFETY:0.5303181891314084
C_PAWNSTRUCTURE:0.4773252597701983
C_PIECECOORDINATION:0.5538847166664843
C_ROOKANDPAWNMOVEMENT:0.5538847166664843
C_CENTERCONTROL:0.4905743460042031
C_DEVELOPPIECES:0.43210425957541576
C_MATERIAL:0.46211912612434075
