ELO:955
CE_PASSEDPAWNS:0.4941783252299792
CE_PAWNWEAKNESSES:0.49307270306763273
CE_PIECEACTIVITY:0.4797225671183295
CE_KINGPAWNSHIELD:0.47409427175081126
CE_PIECECOORDINATION:0.5065372727130301
CE_MATERIAL:0.5102155377357199
CE_KINGSAFETY:0.4989600376873367
C_PIECESQUARETABLES:0.45616308818981116
C_MOBILITY:0.5071430139716785
C_KINGSAFETY:0.48733543770724747
C_PAWNSTRUCTURE:0.5
C_PIECECOORDINATION:0.4600198033500389
C_ROOKANDPAWNMOVEMENT:0.4600198033500389
C_CENTERCONTROL:0.5205882913096713
C_DEVELOPPIECES:0.487231076163663
C_MATERIAL:0.48128909354905913
C_MOVECOUNT:0.5
