ELO:962
CE_PASSEDPAWNS:0.524542864637311
CE_PAWNWEAKNESSES:0.47808525043323397
CE_PIECEACTIVITY:0.47024088636945327
CE_KINGPAWNSHIELD:0.3894478412517238
CE_PIECECOORDINATION:0.4970960895087194
CE_MATERIAL:0.5535215390239514
CE_KINGSAFETY:0.5
C_PIECESQUARETABLES:0.5037035019578521
C_MOBILITY:0.47730959206459145
C_KINGSAFETY:0.4720221916953843
C_PAWNSTRUCTURE:0.4921026960314183
C_PIECECOORDINATION:0.5616434602621792
C_ROOKANDPAWNMOVEMENT:0.5616434602621792
C_CENTERCONTROL:0.4869056465492421
C_DEVELOPPIECES:0.4805668967927201
C_MATERIAL:0.5524896156109336
