ELO:984
CE_PASSEDPAWNS:0.5431825654559204
CE_PAWNWEAKNESSES:0.48851010146921897
CE_PIECEACTIVITY:0.5324740974789594
CE_KINGPAWNSHIELD:0.4994019522563219
CE_PIECECOORDINATION:0.4899399989126151
CE_MATERIAL:0.5499248899722854
CE_KINGSAFETY:0.5223974559315545
C_PIECESQUARETABLES:0.5108517018564956
C_MOBILITY:0.4755624233753827
C_KINGSAFETY:0.4887348988225977
C_PAWNSTRUCTURE:0.5091456234893876
C_PIECECOORDINATION:0.544955058149092
C_ROOKANDPAWNMOVEMENT:0.544955058149092
C_CENTERCONTROL:0.47258503491849935
C_DEVELOPPIECES:0.4697082362398254
C_MATERIAL:0.4897659453032408
