ELO:923
CE_PASSEDPAWNS:0.5484117314038818
CE_PAWNWEAKNESSES:0.47692595086215733
CE_PIECEACTIVITY:0.5033661403193527
CE_KINGPAWNSHIELD:0.5283576548802296
CE_PIECECOORDINATION:0.5014364152213386
CE_MATERIAL:0.4839739327179478
CE_KINGSAFETY:0.5115485325879785
C_PIECESQUARETABLES:0.5102029183665059
C_MOBILITY:0.4959914507778815
C_KINGSAFETY:0.48672378881058564
C_PAWNSTRUCTURE:0.5151870836586717
C_PIECECOORDINATION:0.4946642670329561
C_ROOK:0.47264008716437733
CE_ROOK:0.501880913010881
C_CENTERCONTROL:0.5090772745438324
C_DEVELOPPIECES:0.49481075411403097
C_MATERIAL:0.5073199609005701
C_MOVECOUNT:0.5188668246310927
C_PAWNMOVEMENT:0.4889065652684353
