ELO:936
CE_PASSEDPAWNS:0.521646840823712
CE_PAWNWEAKNESSES:0.5305004596942696
CE_PIECEACTIVITY:0.5213360646002925
CE_KINGPAWNSHIELD:0.5152747936940345
CE_PIECECOORDINATION:0.514946204818544
CE_MATERIAL:0.4762561847365947
CE_KINGSAFETY:0.5016041284411548
C_PIECESQUARETABLES:0.4979922004774895
C_MOBILITY:0.4656726438164464
C_KINGSAFETY:0.48824022347238955
C_PAWNSTRUCTURE:0.46864416697774225
C_PIECECOORDINATION:0.5005840417775448
C_ROOK:0.4883454131020023
CE_ROOK:0.4658578431987502
C_CENTERCONTROL:0.5245980713350885
C_DEVELOPPIECES:0.49751481233322725
C_MATERIAL:0.5196604369933755
C_MOVECOUNT:0.4829455157460362
C_PAWNMOVEMENT:0.5094023975650358
