ELO:970
CE_PASSEDPAWNS:0.5200471997942384
CE_PAWNWEAKNESSES:0.5024465787325524
CE_PIECEACTIVITY:0.4877509153427432
CE_KINGPAWNSHIELD:0.5042040224351306
CE_PIECECOORDINATION:0.5
CE_MATERIAL:0.5223545503394194
CE_KINGSAFETY:0.4848302839233513
C_PIECESQUARETABLES:0.5
C_MOBILITY:0.48482437948017726
C_KINGSAFETY:0.4918099918766411
C_PAWNSTRUCTURE:0.5134987533156383
C_PIECECOORDINATION:0.5155627582766057
C_ROOKANDPAWNMOVEMENT:0.5155627582766057
C_CENTERCONTROL:0.47126378529051477
C_DEVELOPPIECES:0.5033291993582589
C_MATERIAL:0.4964860112105978
C_MOVECOUNT:0.5
