ELO:1020
CE_PASSEDPAWNS:0.5011296002220111
CE_PAWNWEAKNESSES:0.5012489375932517
CE_PIECEACTIVITY:0.5027966210675653
CE_KINGPAWNSHIELD:0.5453138921775456
CE_PIECECOORDINATION:0.40080577634416203
CE_MATERIAL:0.4688168437300998
CE_KINGSAFETY:0.5
C_PIECESQUARETABLES:0.47520545929060665
C_MOBILITY:0.48350731259045254
C_KINGSAFETY:0.4994109561248361
C_PAWNSTRUCTURE:0.5074622845496078
C_PIECECOORDINATION:0.5
C_ROOKANDPAWNMOVEMENT:0.5
C_CENTERCONTROL:0.48560860488198965
C_DEVELOPPIECES:0.46609606453959146
C_MATERIAL:0.4815245080156408
C_MOVECOUNT:0.5
