ELO:1021
CE_PASSEDPAWNS:0.5356323923183808
CE_PAWNWEAKNESSES:0.4852427475622641
CE_PIECEACTIVITY:0.49476862510185
CE_KINGPAWNSHIELD:0.44863569104135287
CE_PIECECOORDINATION:0.5399628718755899
CE_MATERIAL:0.48234033484353
CE_KINGSAFETY:0.48684724206976143
C_PIECESQUARETABLES:0.48371701012087176
C_MOBILITY:0.5372977357575064
C_KINGSAFETY:0.5244839849961563
C_PAWNSTRUCTURE:0.4901038808953488
C_PIECECOORDINATION:0.5494154653667073
C_ROOKANDPAWNMOVEMENT:0.5494154653667073
C_CENTERCONTROL:0.48164025828121204
C_DEVELOPPIECES:0.43852452468240316
C_MATERIAL:0.5147752983710907
