ELO:1091
CE_PASSEDPAWNS:0.3887201051400203
CE_PAWNWEAKNESSES:0.3674453497867587
CE_PIECEACTIVITY:0.5275149214111465
CE_KINGPAWNSHIELD:0.4748681289728692
CE_PIECECOORDINATION:0.5264688282141341
CE_MATERIAL:0.4441392303126393
CE_KINGSAFETY:0.49115560603869357
C_PIECESQUARETABLES:0.4763747303194383
C_MOBILITY:0.6481386101547291
C_KINGSAFETY:0.5711668114863865
C_PAWNSTRUCTURE:0.5661255180795286
C_PIECECOORDINATION:0.5044300659707819
C_ROOKANDPAWNMOVEMENT:0.5044300659707819
C_CENTERCONTROL:0.4654242521274882
C_DEVELOPPIECES:0.3385923664522564
C_MATERIAL:0.6250052510185069
