ELO:927
CE_PASSEDPAWNS:0.5145252993167619
CE_PAWNWEAKNESSES:0.4727951814762719
CE_PIECEACTIVITY:0.49692460615831135
CE_KINGPAWNSHIELD:0.5123115648212255
CE_PIECECOORDINATION:0.4799114445023034
CE_MATERIAL:0.5259701039103215
CE_KINGSAFETY:0.5244345754649122
C_PIECESQUARETABLES:0.5
C_MOBILITY:0.5403218307940384
C_KINGSAFETY:0.577001138211634
C_PAWNSTRUCTURE:0.4849097700251523
C_PIECECOORDINATION:0.473701895493858
C_ROOKANDPAWNMOVEMENT:0.473701895493858
C_CENTERCONTROL:0.40737265873548006
C_DEVELOPPIECES:0.5043932599770117
C_MATERIAL:0.49591492222588346
C_MOVECOUNT:0.5
