ELO:974
CE_PASSEDPAWNS:0.5
CE_PAWNWEAKNESSES:0.5072336969286313
CE_PIECEACTIVITY:0.5
CE_KINGPAWNSHIELD:0.5012096268715183
CE_PIECECOORDINATION:0.5214826197009983
CE_MATERIAL:0.5274780098552116
CE_KINGSAFETY:0.5162580526984629
C_PIECESQUARETABLES:0.488309706556068
C_MOBILITY:0.4857967025223685
C_KINGSAFETY:0.5100958163985017
C_PAWNSTRUCTURE:0.49364564483559736
C_PIECECOORDINATION:0.48118901228376104
C_ROOKANDPAWNMOVEMENT:0.48118901228376104
C_CENTERCONTROL:0.5158565362136878
C_DEVELOPPIECES:0.4943331241491825
C_MATERIAL:0.5042919741208562
