ELO:931
CE_PASSEDPAWNS:0.45845406155949786
CE_PAWNWEAKNESSES:0.501277316285474
CE_PIECEACTIVITY:0.4606107831511615
CE_KINGPAWNSHIELD:0.4764476164303015
CE_PIECECOORDINATION:0.5078841199886079
CE_MATERIAL:0.5348080342091811
CE_KINGSAFETY:0.5253389598732138
C_PIECESQUARETABLES:0.5
C_MOBILITY:0.5386346910203519
C_KINGSAFETY:0.549260205493267
C_PAWNSTRUCTURE:0.49332883325593424
C_PIECECOORDINATION:0.4461542199662135
C_ROOKANDPAWNMOVEMENT:0.4461542199662135
C_CENTERCONTROL:0.488561890752604
C_DEVELOPPIECES:0.49434392124855997
C_MATERIAL:0.46034085583497264
C_MOVECOUNT:0.5
