ELO:985
CE_PASSEDPAWNS:0.4891142672065231
CE_PAWNWEAKNESSES:0.49854880698218196
CE_PIECEACTIVITY:0.49137003801157475
CE_KINGPAWNSHIELD:0.5192667464151681
CE_PIECECOORDINATION:0.5057395287098012
CE_MATERIAL:0.5052981394666579
CE_KINGSAFETY:0.5
C_PIECESQUARETABLES:0.5
C_MOBILITY:0.5122725385683865
C_KINGSAFETY:0.5
C_PAWNSTRUCTURE:0.5171520904277253
C_PIECECOORDINATION:0.49686714702622586
C_ROOKANDPAWNMOVEMENT:0.49686714702622586
C_CENTERCONTROL:0.5071293142007394
C_DEVELOPPIECES:0.4720911480123534
C_MATERIAL:0.4741148686151107
C_MOVECOUNT:0.4956258116376774
