ELO:935
CE_PASSEDPAWNS:0.5395065412860991
CE_PAWNWEAKNESSES:0.4727729199692117
CE_PIECEACTIVITY:0.4976291965473688
CE_KINGPAWNSHIELD:0.5276807345744843
CE_PIECECOORDINATION:0.5049897651025913
CE_MATERIAL:0.49145953636242856
CE_KINGSAFETY:0.50815415618544
C_PIECESQUARETABLES:0.5
C_MOBILITY:0.4922518635844796
C_KINGSAFETY:0.4836938529052509
C_PAWNSTRUCTURE:0.5118011691578597
C_PIECECOORDINATION:0.4971218819941557
C_ROOK:0.4663119715577928
CE_ROOK:0.49804135361193486
C_CENTERCONTROL:0.5090772745438324
C_DEVELOPPIECES:0.5014425124866333
C_MATERIAL:0.5073199609005701
C_MOVECOUNT:0.5147550279611695
C_PAWNMOVEMENT:0.4889065652684353
