ELO:909
CE_PASSEDPAWNS:0.5570883393748575
CE_PAWNWEAKNESSES:0.5265880422483535
CE_PIECEACTIVITY:0.5318553122384416
CE_KINGPAWNSHIELD:0.4082246930480829
CE_PIECECOORDINATION:0.504982391732399
CE_MATERIAL:0.6233089182060138
CE_KINGSAFETY:0.4785519738639039
C_PIECESQUARETABLES:0.5060236881065054
C_MOBILITY:0.4265940871231728
C_KINGSAFETY:0.4376767441212174
C_PAWNSTRUCTURE:0.5059140525962069
C_PIECECOORDINATION:0.6169969947882898
C_ROOKANDPAWNMOVEMENT:0.6169969947882898
C_CENTERCONTROL:0.4566466392184071
C_DEVELOPPIECES:0.46472845377761596
C_MATERIAL:0.6513294019422157
