ELO:924
CE_PASSEDPAWNS:0.46264713174062955
CE_PAWNWEAKNESSES:0.4807793450526354
CE_PIECEACTIVITY:0.47832855002947855
CE_KINGPAWNSHIELD:0.5115384850874811
CE_PIECECOORDINATION:0.5158781092402497
CE_MATERIAL:0.5337247867516614
CE_KINGSAFETY:0.48456902708562394
C_PIECESQUARETABLES:0.5042272601493275
C_MOBILITY:0.5105403953075983
C_KINGSAFETY:0.49467298267621646
C_PAWNSTRUCTURE:0.4818834836029303
C_PIECECOORDINATION:0.5048601893721636
C_ROOKANDPAWNMOVEMENT:0.5048601893721636
C_CENTERCONTROL:0.5068729831307832
C_DEVELOPPIECES:0.49575426883163337
C_MATERIAL:0.4826293274600824
C_MOVECOUNT:0.5
