ELO:1000
CE_PASSEDPAWNS:0.4983784990371578
CE_PAWNWEAKNESSES:0.4954165401987115
CE_PIECEACTIVITY:0.48918755813284437
CE_KINGPAWNSHIELD:0.4944910520563525
CE_PIECECOORDINATION:0.49266255871859177
CE_MATERIAL:0.5516016874945063
CE_KINGSAFETY:0.5089428206893231
C_PIECESQUARETABLES:0.5256507474030557
C_MOBILITY:0.4891875079809517
C_KINGSAFETY:0.5018546007915747
C_PAWNSTRUCTURE:0.5070556188643948
C_PIECECOORDINATION:0.5143514761403399
C_ROOKANDPAWNMOVEMENT:0.5143514761403399
C_CENTERCONTROL:0.46893185276887867
C_DEVELOPPIECES:0.47363073400734895
C_MATERIAL:0.4872140777575944
