ELO:929
CE_PASSEDPAWNS:0.5062930652492991
CE_PAWNWEAKNESSES:0.5173076969760962
CE_PIECEACTIVITY:0.5280207697617942
CE_KINGPAWNSHIELD:0.5244165799268354
CE_PIECECOORDINATION:0.496936840709409
CE_MATERIAL:0.49269259589221676
CE_KINGSAFETY:0.4932349180120538
C_PIECESQUARETABLES:0.5
C_MOBILITY:0.44703351484674725
C_KINGSAFETY:0.5144531128932043
C_PAWNSTRUCTURE:0.48685245544493494
C_PIECECOORDINATION:0.5203217701066716
C_ROOK:0.5106060254955066
CE_ROOK:0.4774119556610248
C_CENTERCONTROL:0.50027720473568
C_DEVELOPPIECES:0.5157241958575998
C_MATERIAL:0.5162664221002726
C_MOVECOUNT:0.502132611195465
C_PAWNMOVEMENT:0.5014606145613377
