ELO:752
CE_PASSEDPAWNS:0.4804647982901384
CE_PAWNWEAKNESSES:0.6260956289205245
CE_PIECEACTIVITY:0.4514141302071827
CE_KINGPAWNSHIELD:0.5588415033309491
CE_PIECECOORDINATION:0.42214138397606427
CE_MATERIAL:0.44532528409378375
CE_KINGSAFETY:0.46213043143755905
C_PIECESQUARETABLES:0.48730460834574973
C_MOBILITY:0.5436814329043954
C_KINGSAFETY:0.5498975259763683
C_PAWNSTRUCTURE:0.5307570806190032
C_PIECECOORDINATION:0.517373952013392
C_ROOKANDPAWNMOVEMENT:0.517373952013392
C_CENTERCONTROL:0.5242709483897173
C_DEVELOPPIECES:0.577357006745332
C_MATERIAL:0.4662469295591343
C_MOVECOUNT:0.49083030650277304
