ELO:1000
CE_PASSEDPAWNS:0.5044967891961325
CE_PAWNWEAKNESSES:0.5012351321768801
CE_PIECEACTIVITY:0.5148280655592311
CE_KINGPAWNSHIELD:0.4886287678095079
CE_PIECECOORDINATION:0.4986964728805756
CE_MATERIAL:0.5108091475419018
CE_KINGSAFETY:0.4890898148881899
C_PIECESQUARETABLES:0.49420822805400955
C_MOBILITY:0.50048542146435
C_KINGSAFETY:0.5
C_PAWNSTRUCTURE:0.509158802570756
C_PIECECOORDINATION:0.5098730267130488
C_ROOKANDPAWNMOVEMENT:0.5098730267130488
C_CENTERCONTROL:0.5
C_DEVELOPPIECES:0.4901507116976477
C_MATERIAL:0.49245956956589076
