ELO:901
CE_PASSEDPAWNS:0.4669238924635545
CE_PAWNWEAKNESSES:0.5047630327567725
CE_PIECEACTIVITY:0.5608567512045245
CE_KINGPAWNSHIELD:0.42233081058186933
CE_PIECECOORDINATION:0.41576225230218644
CE_MATERIAL:0.5170193478624969
CE_KINGSAFETY:0.4955917361604925
C_PIECESQUARETABLES:0.5160911210256625
C_MOBILITY:0.51913663333279
C_KINGSAFETY:0.5068895038896897
C_PAWNSTRUCTURE:0.4481672411971807
C_PIECECOORDINATION:0.5023106483287432
C_ROOKANDPAWNMOVEMENT:0.5023106483287432
C_CENTERCONTROL:0.5889059856285229
C_DEVELOPPIECES:0.5313659466144482
C_MATERIAL:0.5476293658570602
C_MOVECOUNT:0.5
