ELO:1041
CE_PASSEDPAWNS:0.5148713994294651
CE_PAWNWEAKNESSES:0.4924254503572776
CE_PIECEACTIVITY:0.5092655882761992
CE_KINGPAWNSHIELD:0.49795435638811325
CE_PIECECOORDINATION:0.5149684480181834
CE_MATERIAL:0.5115864410838993
CE_KINGSAFETY:0.5
C_PIECESQUARETABLES:0.5
C_MOBILITY:0.5157046756095156
C_KINGSAFETY:0.4796782585905045
C_PAWNSTRUCTURE:0.5288463660580628
C_PIECECOORDINATION:0.5045014104148906
C_ROOK:0.4462540991636439
CE_ROOK:0.47223245986281115
C_CENTERCONTROL:0.5113686412302165
C_DEVELOPPIECES:0.5459323106087586
C_MATERIAL:0.5024675932608175
C_MOVECOUNT:0.4936270663071781
C_PAWNMOVEMENT:0.4916719956034862
