ELO:985
CE_PASSEDPAWNS:0.4987476571027811
CE_PAWNWEAKNESSES:0.510064646699374
CE_PIECEACTIVITY:0.4874731600892766
CE_KINGPAWNSHIELD:0.48072598424165
CE_PIECECOORDINATION:0.5107471107023278
CE_MATERIAL:0.5173059695902409
CE_KINGSAFETY:0.4892539728730074
C_PIECESQUARETABLES:0.5225492380685328
C_MOBILITY:0.49703743967006064
C_KINGSAFETY:0.5076092561086624
C_PAWNSTRUCTURE:0.49316209920034004
C_PIECECOORDINATION:0.50199114555744
C_ROOK:0.5166079833246695
CE_ROOK:0.5298876604729158
C_CENTERCONTROL:0.4774345600961424
C_DEVELOPPIECES:0.4894261744971433
C_MATERIAL:0.49917666442910275
C_MOVECOUNT:0.5204131569156831
C_PAWNMOVEMENT:0.5011934467357846
