ELO:1000
CE_PASSEDPAWNS:0.5142676894723056
CE_PAWNWEAKNESSES:0.5029965557053134
CE_PIECEACTIVITY:0.5040941189509344
CE_KINGPAWNSHIELD:0.4812436735640087
CE_PIECECOORDINATION:0.500348778852952
CE_MATERIAL:0.5029884539495925
CE_KINGSAFETY:0.5032732312099483
C_PIECESQUARETABLES:0.5143652790128461
C_MOBILITY:0.5003271152453153
C_KINGSAFETY:0.46779546296986824
C_PAWNSTRUCTURE:0.48247049657084495
C_PIECECOORDINATION:0.4986642622521651
C_ROOKANDPAWNMOVEMENT:0.4986642622521651
C_CENTERCONTROL:0.5361091108800755
C_DEVELOPPIECES:0.5129216299214558
C_MATERIAL:0.4787170988127315
