ELO:979
CE_PASSEDPAWNS:0.5059766466109754
CE_PAWNWEAKNESSES:0.49653066289145814
CE_PIECEACTIVITY:0.4943103041585071
CE_KINGPAWNSHIELD:0.5265714410189073
CE_PIECECOORDINATION:0.494354763980609
CE_MATERIAL:0.5422853767039751
CE_KINGSAFETY:0.4878623729846551
C_PIECESQUARETABLES:0.5179439321157494
C_MOBILITY:0.4843510512892243
C_KINGSAFETY:0.5080660749418338
C_PAWNSTRUCTURE:0.5105370547060655
C_PIECECOORDINATION:0.5135251343143153
C_ROOKANDPAWNMOVEMENT:0.5135251343143153
C_CENTERCONTROL:0.5
C_DEVELOPPIECES:0.5005436561798541
C_MATERIAL:0.5084903247391364
C_MOVECOUNT:0.5
