ELO:985
CE_PASSEDPAWNS:0.48916045169083316
CE_PAWNWEAKNESSES:0.5035612364464191
CE_PIECEACTIVITY:0.4821212540574893
CE_KINGPAWNSHIELD:0.507035938467401
CE_PIECECOORDINATION:0.49733506842575914
CE_MATERIAL:0.5075404008888418
CE_KINGSAFETY:0.5
C_PIECESQUARETABLES:0.5
C_MOBILITY:0.49751862085667947
C_KINGSAFETY:0.49833867656433634
C_PAWNSTRUCTURE:0.5
C_PIECECOORDINATION:0.5
C_ROOKANDPAWNMOVEMENT:0.5
C_CENTERCONTROL:0.5
C_DEVELOPPIECES:0.5
C_MATERIAL:0.48856545412892277
C_MOVECOUNT:0.5033584056001322
