ELO:933
CE_PASSEDPAWNS:0.6628419368229098
CE_PAWNWEAKNESSES:0.5324476205675265
CE_PIECEACTIVITY:0.4333136281986068
CE_KINGPAWNSHIELD:0.453321503966054
CE_PIECECOORDINATION:0.5636295586497292
CE_MATERIAL:0.4650832121254373
CE_KINGSAFETY:0.4941299627489423
C_PIECESQUARETABLES:0.5
C_MOBILITY:0.4473860525981075
C_KINGSAFETY:0.5555653745785011
C_PAWNSTRUCTURE:0.5210625395207208
C_PIECECOORDINATION:0.49559099523697314
C_ROOKANDPAWNMOVEMENT:0.49559099523697314
C_CENTERCONTROL:0.4675804613710269
C_DEVELOPPIECES:0.48237208425811484
C_MATERIAL:0.532695835702999
