ELO:636
CE_PASSEDPAWNS:0.5724972740804875
CE_PAWNWEAKNESSES:0.6415157220154148
CE_PIECEACTIVITY:0.4550110494952631
CE_KINGPAWNSHIELD:0.46160415694439527
CE_PIECECOORDINATION:0.5381938678692245
CE_MATERIAL:0.5425482620674307
CE_KINGSAFETY:0.5220984802199933
C_PIECESQUARETABLES:0.4877200022959644
C_MOBILITY:0.4626942211244098
C_KINGSAFETY:0.49061510847421985
C_PAWNSTRUCTURE:0.494241965959252
C_PIECECOORDINATION:0.42552951429020003
C_ROOKANDPAWNMOVEMENT:0.42552951429020003
C_CENTERCONTROL:0.5194020070150946
C_DEVELOPPIECES:0.4597614027513113
C_MATERIAL:0.5527973546107842
C_MOVECOUNT:0.49647693322322406
