ELO:995
CE_PASSEDPAWNS:0.49078941035542417
CE_PAWNWEAKNESSES:0.49983711524572116
CE_PIECEACTIVITY:0.4873916989765256
CE_KINGPAWNSHIELD:0.504035570680729
CE_PIECECOORDINATION:0.49559792536309943
CE_MATERIAL:0.5044178108986137
CE_KINGSAFETY:0.5
C_PIECESQUARETABLES:0.5
C_MOBILITY:0.5
C_KINGSAFETY:0.5008103030723025
C_PAWNSTRUCTURE:0.5
C_PIECECOORDINATION:0.5
C_ROOKANDPAWNMOVEMENT:0.5
C_CENTERCONTROL:0.5058656058412322
C_DEVELOPPIECES:0.5
C_MATERIAL:0.4914595253769186
C_MOVECOUNT:0.5108491498099252
