ELO:968
CE_PASSEDPAWNS:0.5133258037378904
CE_PAWNWEAKNESSES:0.5026021922798121
CE_PIECEACTIVITY:0.49805828400257507
CE_KINGPAWNSHIELD:0.489108534767698
CE_PIECECOORDINATION:0.5059339944611859
CE_MATERIAL:0.5226600605010233
CE_KINGSAFETY:0.5024486886520978
C_PIECESQUARETABLES:0.5
C_MOBILITY:0.5059279205358598
C_KINGSAFETY:0.5267518100165282
C_PAWNSTRUCTURE:0.5011261080482904
C_PIECECOORDINATION:0.5091800365352052
C_ROOK:0.49610369728280973
CE_ROOK:0.510425857240559
C_CENTERCONTROL:0.47530521335938086
C_DEVELOPPIECES:0.49160095122236064
C_MATERIAL:0.4876942805129182
C_MOVECOUNT:0.5270984322159102
C_PAWNMOVEMENT:0.5067926040814931
