ELO:986
CE_PASSEDPAWNS:0.5000632507007825
CE_PAWNWEAKNESSES:0.5043431247515557
CE_PIECEACTIVITY:0.4874731600892766
CE_KINGPAWNSHIELD:0.48593819255920484
CE_PIECECOORDINATION:0.5199035049786535
CE_MATERIAL:0.5173059695902409
CE_KINGSAFETY:0.48539820270236533
C_PIECESQUARETABLES:0.5225492380685328
C_MOBILITY:0.5020390523737915
C_KINGSAFETY:0.5079154496568578
C_PAWNSTRUCTURE:0.49316209920034004
C_PIECECOORDINATION:0.48739869546487785
C_ROOK:0.5043927310170262
CE_ROOK:0.5188931139438848
C_CENTERCONTROL:0.47400610781337904
C_DEVELOPPIECES:0.4894261744971433
C_MATERIAL:0.49917666442910275
C_MOVECOUNT:0.5006931262623413
C_PAWNMOVEMENT:0.5168363793659487
