ELO:980
CE_PASSEDPAWNS:0.35946749191173105
CE_PAWNWEAKNESSES:0.49767540603864135
CE_PIECEACTIVITY:0.5602820114260724
CE_KINGPAWNSHIELD:0.47219130312804836
CE_PIECECOORDINATION:0.4753698118609917
CE_MATERIAL:0.5561775794490093
CE_KINGSAFETY:0.4945393318461593
C_PIECESQUARETABLES:0.4995107419168492
C_MOBILITY:0.5001465408952577
C_KINGSAFETY:0.5705844756422798
C_PAWNSTRUCTURE:0.3317866257352687
C_PIECECOORDINATION:0.4406284954606765
C_ROOKANDPAWNMOVEMENT:0.4406284954606765
C_CENTERCONTROL:0.36210939911692797
C_DEVELOPPIECES:0.5190495310353908
C_MATERIAL:0.6832701046132974
