ELO:911
CE_PASSEDPAWNS:0.5652244750881222
CE_PAWNWEAKNESSES:0.509569789189199
CE_PIECEACTIVITY:0.48254155109010516
CE_KINGPAWNSHIELD:0.49872332681203474
CE_PIECECOORDINATION:0.376850158164048
CE_MATERIAL:0.6070695291750188
CE_KINGSAFETY:0.5091582716708968
C_PIECESQUARETABLES:0.48993993621756815
C_MOBILITY:0.4296030714031103
C_KINGSAFETY:0.4821588166681766
C_PAWNSTRUCTURE:0.6700918845175092
C_PIECECOORDINATION:0.5761998452656237
C_ROOKANDPAWNMOVEMENT:0.5761998452656237
C_CENTERCONTROL:0.4937535566227312
C_DEVELOPPIECES:0.35775385685095074
C_MATERIAL:0.4689089971939164
