ELO:937
CE_PASSEDPAWNS:0.5819254816297206
CE_PAWNWEAKNESSES:0.5136258052222704
CE_PIECEACTIVITY:0.47810745338360877
CE_KINGPAWNSHIELD:0.5002455888637373
CE_PIECECOORDINATION:0.3943738962704646
CE_MATERIAL:0.627572983173204
CE_KINGSAFETY:0.5268799793505183
C_PIECESQUARETABLES:0.49068095254899546
C_MOBILITY:0.4134453215694693
C_KINGSAFETY:0.47156914248485327
C_PAWNSTRUCTURE:0.6623242299296164
C_PIECECOORDINATION:0.5804091600884794
C_ROOKANDPAWNMOVEMENT:0.5804091600884794
C_CENTERCONTROL:0.49455713016908215
C_DEVELOPPIECES:0.3612152243164802
C_MATERIAL:0.45939231271053527
