ELO:856
CE_PASSEDPAWNS:0.6188020342555195
CE_PAWNWEAKNESSES:0.524427651744871
CE_PIECEACTIVITY:0.4805878244351892
CE_KINGPAWNSHIELD:0.5101011320999403
CE_PIECECOORDINATION:0.3762080318747956
CE_MATERIAL:0.6136602509059651
CE_KINGSAFETY:0.5192257491620804
C_PIECESQUARETABLES:0.48476593199786966
C_MOBILITY:0.458370868774632
C_KINGSAFETY:0.4995295635080477
C_PAWNSTRUCTURE:0.7003701039403722
C_PIECECOORDINATION:0.5937409549381948
C_ROOKANDPAWNMOVEMENT:0.5937409549381948
C_CENTERCONTROL:0.4873362247900075
C_DEVELOPPIECES:0.3288261783479526
C_MATERIAL:0.4795380939927658
