ELO:891
CE_PASSEDPAWNS:0.5954744168266127
CE_PAWNWEAKNESSES:0.5245772455435238
CE_PIECEACTIVITY:0.5053855541112637
CE_KINGPAWNSHIELD:0.497499878106144
CE_PIECECOORDINATION:0.385067011076634
CE_MATERIAL:0.6050251718835299
CE_KINGSAFETY:0.5075684337932043
C_PIECESQUARETABLES:0.5026012607927054
C_MOBILITY:0.4310472227697147
C_KINGSAFETY:0.48411818825445063
C_PAWNSTRUCTURE:0.6659161212288393
C_PIECECOORDINATION:0.5852531792029176
C_ROOKANDPAWNMOVEMENT:0.5852531792029176
C_CENTERCONTROL:0.49760704923347615
C_DEVELOPPIECES:0.3288760678923631
C_MATERIAL:0.48448565259767357
