ELO:980
CE_PASSEDPAWNS:0.5133258037378904
CE_PAWNWEAKNESSES:0.49952998700330487
CE_PIECEACTIVITY:0.4874731600892766
CE_KINGPAWNSHIELD:0.489108534767698
CE_PIECECOORDINATION:0.5059339944611859
CE_MATERIAL:0.5226600605010233
CE_KINGSAFETY:0.5024486886520978
C_PIECESQUARETABLES:0.5
C_MOBILITY:0.5059279205358598
C_KINGSAFETY:0.5197132403875234
C_PAWNSTRUCTURE:0.4935770360150333
C_PIECECOORDINATION:0.5067138750000597
C_ROOK:0.49610369728280973
CE_ROOK:0.5183710237966819
C_CENTERCONTROL:0.47530521335938086
C_DEVELOPPIECES:0.49160095122236064
C_MATERIAL:0.4876942805129182
C_MOVECOUNT:0.5203878430823249
C_PAWNMOVEMENT:0.5011934467357846
