ELO:982
CE_PASSEDPAWNS:0.5058832450458303
CE_PAWNWEAKNESSES:0.5
CE_PIECEACTIVITY:0.5005385430949656
CE_KINGPAWNSHIELD:0.5
CE_PIECECOORDINATION:0.5100325544058182
CE_MATERIAL:0.5088816966293523
CE_KINGSAFETY:0.5030344067508757
C_PIECESQUARETABLES:0.4831397950811008
C_MOBILITY:0.44997088545526026
C_KINGSAFETY:0.5066076757872338
C_PAWNSTRUCTURE:0.5060100826647114
C_PIECECOORDINATION:0.5185831459827874
C_ROOKANDPAWNMOVEMENT:0.5185831459827874
C_CENTERCONTROL:0.5029826782704568
C_DEVELOPPIECES:0.49240722186366676
C_MATERIAL:0.4819951269369118
C_MOVECOUNT:0.5
