ELO:1016
CE_PASSEDPAWNS:0.49318009983413225
CE_PAWNWEAKNESSES:0.49724289724791626
CE_PIECEACTIVITY:0.45410698162088436
CE_KINGPAWNSHIELD:0.4646676566475911
CE_PIECECOORDINATION:0.4906594051929775
CE_MATERIAL:0.4981089047036181
CE_KINGSAFETY:0.5
C_PIECESQUARETABLES:0.5
C_MOBILITY:0.5162049255942576
C_KINGSAFETY:0.5102472978584247
C_PAWNSTRUCTURE:0.5137532917762233
C_PIECECOORDINATION:0.5277443676529991
C_ROOK:0.489354156870857
CE_ROOK:0.5074594735804256
C_CENTERCONTROL:0.5035731574394081
C_DEVELOPPIECES:0.4883239352801976
C_MATERIAL:0.5230226521637037
C_MOVECOUNT:0.5516073224329296
C_PAWNMOVEMENT:0.5199205352731827
