ELO:930
CE_PASSEDPAWNS:0.6507683994996487
CE_PAWNWEAKNESSES:0.5240680831974717
CE_PIECEACTIVITY:0.42896037336894816
CE_KINGPAWNSHIELD:0.4497509240400663
CE_PIECECOORDINATION:0.5579344612247709
CE_MATERIAL:0.48071447033442083
CE_KINGSAFETY:0.48779205906603534
C_PIECESQUARETABLES:0.5058031702066068
C_MOBILITY:0.4236465814119802
C_KINGSAFETY:0.5469111019111287
C_PAWNSTRUCTURE:0.5309680019084844
C_PIECECOORDINATION:0.49877442579194425
C_ROOKANDPAWNMOVEMENT:0.49877442579194425
C_CENTERCONTROL:0.49173030988978517
C_DEVELOPPIECES:0.4835133336686022
C_MATERIAL:0.5354565479863672
