ELO:932
CE_PASSEDPAWNS:0.650242855722813
CE_PAWNWEAKNESSES:0.528030918809291
CE_PIECEACTIVITY:0.43805494940787726
CE_KINGPAWNSHIELD:0.4600797267329926
CE_PIECECOORDINATION:0.5663902679392149
CE_MATERIAL:0.46519041874424777
CE_KINGSAFETY:0.4941299627489423
C_PIECESQUARETABLES:0.5066238499842082
C_MOBILITY:0.4366812605755549
C_KINGSAFETY:0.5440612050135432
C_PAWNSTRUCTURE:0.5309680019084844
C_PIECECOORDINATION:0.5075437208146208
C_ROOKANDPAWNMOVEMENT:0.5075437208146208
C_CENTERCONTROL:0.4872196327356151
C_DEVELOPPIECES:0.4783305534222022
C_MATERIAL:0.5224535352806646
