ELO:1000
CE_PASSEDPAWNS:0.482289776478573
CE_PAWNWEAKNESSES:0.5044792343338648
CE_PIECEACTIVITY:0.49490496687576435
CE_KINGPAWNSHIELD:0.5090736430994606
CE_PIECECOORDINATION:0.4988932987749444
CE_MATERIAL:0.5478001649003744
CE_KINGSAFETY:0.5098015361448115
C_PIECESQUARETABLES:0.5025736930729809
C_MOBILITY:0.4976744349921314
C_KINGSAFETY:0.4269718166085147
C_PAWNSTRUCTURE:0.4798374604506625
C_PIECECOORDINATION:0.5125748541100272
C_ROOKANDPAWNMOVEMENT:0.5125748541100272
C_CENTERCONTROL:0.5138203661427144
C_DEVELOPPIECES:0.5118709560075044
C_MATERIAL:0.4517861765462626
