ELO:692
CE_PASSEDPAWNS:0.5822782453428895
CE_PAWNWEAKNESSES:0.6406592078022717
CE_PIECEACTIVITY:0.4550110494952631
CE_KINGPAWNSHIELD:0.46160415694439527
CE_PIECECOORDINATION:0.5505189949125446
CE_MATERIAL:0.5384471638372729
CE_KINGSAFETY:0.5400138743954882
C_PIECESQUARETABLES:0.49966363933342084
C_MOBILITY:0.464489254439005
C_KINGSAFETY:0.49070330573146875
C_PAWNSTRUCTURE:0.48346498110666575
C_PIECECOORDINATION:0.42552951429020003
C_ROOKANDPAWNMOVEMENT:0.42552951429020003
C_CENTERCONTROL:0.5194020070150946
C_DEVELOPPIECES:0.4721326311255977
C_MATERIAL:0.5576500022622639
C_MOVECOUNT:0.49647693322322406
