ELO:813
CE_PASSEDPAWNS:0.49210298185126755
CE_PAWNWEAKNESSES:0.47838029571067875
CE_PIECEACTIVITY:0.5983600301263989
CE_KINGPAWNSHIELD:0.4426387689556736
CE_PIECECOORDINATION:0.4938850341556838
CE_MATERIAL:0.487749639694192
CE_KINGSAFETY:0.5317340280916667
C_PIECESQUARETABLES:0.5
C_MOBILITY:0.5
C_KINGSAFETY:0.4154415142938977
C_PAWNSTRUCTURE:0.42467379829522023
C_PIECECOORDINATION:0.4864804510798418
C_ROOKANDPAWNMOVEMENT:0.4864804510798418
C_CENTERCONTROL:0.5225085305716455
C_DEVELOPPIECES:0.4596932241851266
C_MATERIAL:0.5092114071077092
C_MOVECOUNT:0.510609629023861
