ELO:965
CE_PASSEDPAWNS:0.4900211938466232
CE_PAWNWEAKNESSES:0.4999984396995508
CE_PIECEACTIVITY:0.5066264887647335
CE_KINGPAWNSHIELD:0.4968211659265431
CE_PIECECOORDINATION:0.5180669036991961
CE_MATERIAL:0.519528926512362
CE_KINGSAFETY:0.5005834048873035
C_PIECESQUARETABLES:0.5005039476095178
C_MOBILITY:0.5081182049543188
C_KINGSAFETY:0.5006139452251397
C_PAWNSTRUCTURE:0.4988431141540722
C_PIECECOORDINATION:0.48598286249276484
C_ROOKANDPAWNMOVEMENT:0.48598286249276484
C_CENTERCONTROL:0.48721387234850966
C_DEVELOPPIECES:0.4943301830381546
C_MATERIAL:0.490083344754678
C_MOVECOUNT:0.4975085136025739
