ELO:961
CE_PASSEDPAWNS:0.522836485602244
CE_PAWNWEAKNESSES:0.49540845059293387
CE_PIECEACTIVITY:0.48971838434356574
CE_KINGPAWNSHIELD:0.46755730137201806
CE_PIECECOORDINATION:0.5023877885477711
CE_MATERIAL:0.48103865918356253
CE_KINGSAFETY:0.5026922839129354
C_PIECESQUARETABLES:0.498347137776002
C_MOBILITY:0.5102645791792734
C_KINGSAFETY:0.5
C_PAWNSTRUCTURE:0.48703529255248856
C_PIECECOORDINATION:0.5067824483793859
C_ROOKANDPAWNMOVEMENT:0.5067824483793859
C_CENTERCONTROL:0.5150604542544305
C_DEVELOPPIECES:0.5080617550551544
C_MATERIAL:0.5142872452400231
C_MOVECOUNT:0.5
