ELO:988
CE_PASSEDPAWNS:0.5094430029318766
CE_PAWNWEAKNESSES:0.525635810643585
CE_PIECEACTIVITY:0.4874300267110654
CE_KINGPAWNSHIELD:0.4772867745315424
CE_PIECECOORDINATION:0.440604480018602
CE_MATERIAL:0.6094921349864868
CE_KINGSAFETY:0.514864165182349
C_PIECESQUARETABLES:0.48683988550585255
C_MOBILITY:0.4238713624512846
C_KINGSAFETY:0.4477821008716718
C_PAWNSTRUCTURE:0.525075949062652
C_PIECECOORDINATION:0.5230763645118259
C_ROOKANDPAWNMOVEMENT:0.5230763645118259
C_CENTERCONTROL:0.515845203987973
C_DEVELOPPIECES:0.4570155900707044
C_MATERIAL:0.46218442590865755
