ELO:824
CE_PASSEDPAWNS:0.4374528295632581
CE_PAWNWEAKNESSES:0.47504986792671966
CE_PIECEACTIVITY:0.5648498916169143
CE_KINGPAWNSHIELD:0.5375810745952008
CE_PIECECOORDINATION:0.5761124591574577
CE_MATERIAL:0.44945766764151435
CE_KINGSAFETY:0.5
C_PIECESQUARETABLES:0.5055299524624172
C_MOBILITY:0.4936268208395549
C_KINGSAFETY:0.49332000952748706
C_PAWNSTRUCTURE:0.517754558079514
C_PIECECOORDINATION:0.5103941142075487
C_ROOKANDPAWNMOVEMENT:0.5103941142075487
C_CENTERCONTROL:0.43744573359951083
C_DEVELOPPIECES:0.4670668430196096
C_MATERIAL:0.553727171579127
C_MOVECOUNT:0.547217334800816
