ELO:947
CE_PASSEDPAWNS:0.5593086131421036
CE_PAWNWEAKNESSES:0.519372957843322
CE_PIECEACTIVITY:0.4852804301581373
CE_KINGPAWNSHIELD:0.5218150828074615
CE_PIECECOORDINATION:0.393723362733254
CE_MATERIAL:0.6389255923991373
CE_KINGSAFETY:0.5369469245921338
C_PIECESQUARETABLES:0.5145932525518384
C_MOBILITY:0.40908854962635516
C_KINGSAFETY:0.4616134088429198
C_PAWNSTRUCTURE:0.6702359079629138
C_PIECECOORDINATION:0.5789678656067773
C_ROOKANDPAWNMOVEMENT:0.5789678656067773
C_CENTERCONTROL:0.49893845246409785
C_DEVELOPPIECES:0.34267223518271583
C_MATERIAL:0.482704877695741
