ELO:983
CE_PASSEDPAWNS:0.5246555969367872
CE_PAWNWEAKNESSES:0.48825761780131754
CE_PIECEACTIVITY:0.49733231679523277
CE_KINGPAWNSHIELD:0.48250942045821477
CE_PIECECOORDINATION:0.5299469494018163
CE_MATERIAL:0.5226600605010233
CE_KINGSAFETY:0.4943762699403392
C_PIECESQUARETABLES:0.5122501416759725
C_MOBILITY:0.515809739096992
C_KINGSAFETY:0.5337849696283902
C_PAWNSTRUCTURE:0.5026630683717207
C_PIECECOORDINATION:0.5452939809723283
C_ROOK:0.5058614025713328
CE_ROOK:0.5048841719676136
C_CENTERCONTROL:0.4901110154901241
C_DEVELOPPIECES:0.4906977347490865
C_MATERIAL:0.49803134493088713
C_MOVECOUNT:0.5349911020285775
C_PAWNMOVEMENT:0.5298283629678308
