ELO:988
CE_PASSEDPAWNS:0.5097775758813405
CE_PAWNWEAKNESSES:0.5013000911374417
CE_PIECEACTIVITY:0.482960293847773
CE_KINGPAWNSHIELD:0.4625168368320081
CE_PIECECOORDINATION:0.4580697953564008
CE_MATERIAL:0.6065508535152397
CE_KINGSAFETY:0.5155268503125217
C_PIECESQUARETABLES:0.4944562416924012
C_MOBILITY:0.45091032530368486
C_KINGSAFETY:0.4477821008716718
C_PAWNSTRUCTURE:0.5428649145724683
C_PIECECOORDINATION:0.5082878545394415
C_ROOKANDPAWNMOVEMENT:0.5082878545394415
C_CENTERCONTROL:0.5181260377919995
C_DEVELOPPIECES:0.4612060771352075
C_MATERIAL:0.4796749089234822
