ELO:1016
CE_PASSEDPAWNS:0.5
CE_PAWNWEAKNESSES:0.5045519761063899
CE_PIECEACTIVITY:0.5214045065265154
CE_KINGPAWNSHIELD:0.5105333219823304
CE_PIECECOORDINATION:0.5
CE_MATERIAL:0.5164251666433439
CE_KINGSAFETY:0.5
C_PIECESQUARETABLES:0.5
C_MOBILITY:0.4984828435385964
C_KINGSAFETY:0.49833867656433634
C_PAWNSTRUCTURE:0.5105402118447838
C_PIECECOORDINATION:0.49783916205645756
C_ROOKANDPAWNMOVEMENT:0.49783916205645756
C_CENTERCONTROL:0.5218081275691323
C_DEVELOPPIECES:0.5156840822860722
C_MATERIAL:0.5064139158796878
C_MOVECOUNT:0.5086010445874025
