ELO:968
CE_PASSEDPAWNS:0.6535816596936245
CE_PAWNWEAKNESSES:0.5193813381739009
CE_PIECEACTIVITY:0.4693643798763144
CE_KINGPAWNSHIELD:0.4415469597875243
CE_PIECECOORDINATION:0.4966779015991299
CE_MATERIAL:0.5258465586392375
CE_KINGSAFETY:0.4686003994808742
C_PIECESQUARETABLES:0.4983602724647698
C_MOBILITY:0.46198394345415783
C_KINGSAFETY:0.5007037847323936
C_PAWNSTRUCTURE:0.543047926166691
C_PIECECOORDINATION:0.48528142507038596
C_ROOKANDPAWNMOVEMENT:0.48528142507038596
C_CENTERCONTROL:0.5074266213836797
C_DEVELOPPIECES:0.5017572612746385
C_MATERIAL:0.4942554712935637
