ELO:801
CE_PASSEDPAWNS:0.6195574424140513
CE_PAWNWEAKNESSES:0.5103119774135082
CE_PIECEACTIVITY:0.47204927960753024
CE_KINGPAWNSHIELD:0.4997022179008695
CE_PIECECOORDINATION:0.37098643748990273
CE_MATERIAL:0.625042721685909
CE_KINGSAFETY:0.5171015669334559
C_PIECESQUARETABLES:0.5117165870666773
C_MOBILITY:0.4816492337119982
C_KINGSAFETY:0.5468721119808116
C_PAWNSTRUCTURE:0.6436894668208993
C_PIECECOORDINATION:0.5531424241966942
C_ROOKANDPAWNMOVEMENT:0.5531424241966942
C_CENTERCONTROL:0.5005244249725922
C_DEVELOPPIECES:0.37544252460785604
C_MATERIAL:0.4842650172306781
