ELO:1007
CE_PASSEDPAWNS:0.46222242138404146
CE_PAWNWEAKNESSES:0.5050816153958134
CE_PIECEACTIVITY:0.5167587287593362
CE_KINGPAWNSHIELD:0.4781534387530069
CE_PIECECOORDINATION:0.5208785433050243
CE_MATERIAL:0.5024922298471148
CE_KINGSAFETY:0.5
C_PIECESQUARETABLES:0.5
C_MOBILITY:0.5175450428029121
C_KINGSAFETY:0.5084518352635756
C_PAWNSTRUCTURE:0.5063033586153741
C_PIECECOORDINATION:0.5033188314669358
C_ROOK:0.495730630112547
CE_ROOK:0.49463821876990005
C_CENTERCONTROL:0.5011855693911038
C_DEVELOPPIECES:0.5062075946069686
C_MATERIAL:0.5203805469681384
C_MOVECOUNT:0.4701640049785616
C_PAWNMOVEMENT:0.5015296326728886
