ELO:970
CE_PASSEDPAWNS:0.5221328436988386
CE_PAWNWEAKNESSES:0.4986888933874725
CE_PIECEACTIVITY:0.4943103041585071
CE_KINGPAWNSHIELD:0.46256855660135443
CE_PIECECOORDINATION:0.510224648072627
CE_MATERIAL:0.4800746479545909
CE_KINGSAFETY:0.5024121247364132
C_PIECESQUARETABLES:0.5179439321157494
C_MOBILITY:0.5018371878327827
C_KINGSAFETY:0.5182179834316099
C_PAWNSTRUCTURE:0.49468261266140107
C_PIECECOORDINATION:0.5092410412971505
C_ROOKANDPAWNMOVEMENT:0.5092410412971505
C_CENTERCONTROL:0.5146105914949136
C_DEVELOPPIECES:0.4958481931725444
C_MATERIAL:0.5272652299985524
C_MOVECOUNT:0.5
