ELO:945
CE_PASSEDPAWNS:0.6767892395309553
CE_PAWNWEAKNESSES:0.5210147655380415
CE_PIECEACTIVITY:0.433361730432213
CE_KINGPAWNSHIELD:0.45175418243771426
CE_PIECECOORDINATION:0.5507337796117384
CE_MATERIAL:0.4778243272045409
CE_KINGSAFETY:0.47988315190182795
C_PIECESQUARETABLES:0.5044461801857729
C_MOBILITY:0.4744505550798889
C_KINGSAFETY:0.5222156346831952
C_PAWNSTRUCTURE:0.5007556203362847
C_PIECECOORDINATION:0.515814574464994
C_ROOKANDPAWNMOVEMENT:0.515814574464994
C_CENTERCONTROL:0.47764556827551846
C_DEVELOPPIECES:0.48920299650403654
C_MATERIAL:0.5070903692226509
