ELO:1000
CE_PASSEDPAWNS:0.5469368190313634
CE_PAWNWEAKNESSES:0.4613704058747432
CE_PIECEACTIVITY:0.5179388360763777
CE_KINGPAWNSHIELD:0.475480266854896
CE_PIECECOORDINATION:0.46321831602874375
CE_MATERIAL:0.5242380128195299
CE_KINGSAFETY:0.495395208972016
C_PIECESQUARETABLES:0.4873528603928534
C_MOBILITY:0.5158832656522319
C_KINGSAFETY:0.48127385452553045
C_PAWNSTRUCTURE:0.524713757824513
C_PIECECOORDINATION:0.5193938298998886
C_ROOKANDPAWNMOVEMENT:0.5193938298998886
C_CENTERCONTROL:0.5011879544631788
C_DEVELOPPIECES:0.5197334245773197
C_MATERIAL:0.5040621114379952
