ELO:993
CE_PASSEDPAWNS:0.48360443847678514
CE_PAWNWEAKNESSES:0.5089078719929697
CE_PIECEACTIVITY:0.49263657723842824
CE_KINGPAWNSHIELD:0.46197706606142586
CE_PIECECOORDINATION:0.4689958397280302
CE_MATERIAL:0.5878115286736066
CE_KINGSAFETY:0.4955208109474784
C_PIECESQUARETABLES:0.49408519062669987
C_MOBILITY:0.48322359356837447
C_KINGSAFETY:0.4399984208180392
C_PAWNSTRUCTURE:0.5186729480407423
C_PIECECOORDINATION:0.4661826979601161
C_ROOKANDPAWNMOVEMENT:0.4661826979601161
C_CENTERCONTROL:0.5090634527812884
C_DEVELOPPIECES:0.47246724804691675
C_MATERIAL:0.500969620951715
