ELO:936
CE_PASSEDPAWNS:0.6646263245388977
CE_PAWNWEAKNESSES:0.5464103282999627
CE_PIECEACTIVITY:0.44166429779801114
CE_KINGPAWNSHIELD:0.45626351526997966
CE_PIECECOORDINATION:0.5599325332821831
CE_MATERIAL:0.4599968340450513
CE_KINGSAFETY:0.5270916062425117
C_PIECESQUARETABLES:0.4880616890973533
C_MOBILITY:0.4544154521011069
C_KINGSAFETY:0.5476943872092267
C_PAWNSTRUCTURE:0.5143903821807576
C_PIECECOORDINATION:0.5004811688072006
C_ROOKANDPAWNMOVEMENT:0.5004811688072006
C_CENTERCONTROL:0.46160933930923503
C_DEVELOPPIECES:0.4735003081822922
C_MATERIAL:0.5166963024284893
