ELO:792
CE_PASSEDPAWNS:0.4910753295476505
CE_PAWNWEAKNESSES:0.48907247305787455
CE_PIECEACTIVITY:0.5084523426521691
CE_KINGPAWNSHIELD:0.4970228303941347
CE_PIECECOORDINATION:0.5510508597524111
CE_MATERIAL:0.46711569613744003
CE_KINGSAFETY:0.471998211276403
C_PIECESQUARETABLES:0.49433635506074525
C_MOBILITY:0.5548067389886548
C_KINGSAFETY:0.48513687124772004
C_PAWNSTRUCTURE:0.5005307317362475
C_PIECECOORDINATION:0.5389634968273131
C_ROOKANDPAWNMOVEMENT:0.5389634968273131
C_CENTERCONTROL:0.49075186468786447
C_DEVELOPPIECES:0.4737978649251745
C_MATERIAL:0.5082402654530468
C_MOVECOUNT:0.5439905250826732
