ELO:1000
CE_PASSEDPAWNS:0.49934684136938795
CE_PAWNWEAKNESSES:0.5049653927424596
CE_PIECEACTIVITY:0.4742390136697148
CE_KINGPAWNSHIELD:0.45027902688084637
CE_PIECECOORDINATION:0.48959257118296423
CE_MATERIAL:0.5527330793693689
CE_KINGSAFETY:0.473210897097813
C_PIECESQUARETABLES:0.4805756137341881
C_MOBILITY:0.4738076218369827
C_KINGSAFETY:0.4337559213996797
C_PAWNSTRUCTURE:0.508657191482606
C_PIECECOORDINATION:0.4668963213450183
C_ROOKANDPAWNMOVEMENT:0.4668963213450183
C_CENTERCONTROL:0.5173264089993804
C_DEVELOPPIECES:0.47637422943721225
C_MATERIAL:0.48339235352340326
