ELO:1052
CE_PASSEDPAWNS:0.48648259105472186
CE_PAWNWEAKNESSES:0.5768995032115801
CE_PIECEACTIVITY:0.517388315537129
CE_KINGPAWNSHIELD:0.49711923057826723
CE_PIECECOORDINATION:0.5033685964549143
CE_MATERIAL:0.515041540469349
CE_KINGSAFETY:0.5
C_PIECESQUARETABLES:0.5
C_MOBILITY:0.505660742160286
C_KINGSAFETY:0.5130426352739833
C_PAWNSTRUCTURE:0.5126668487354136
C_PIECECOORDINATION:0.5277443676529991
C_ROOK:0.503932416167287
CE_ROOK:0.481432679306885
C_CENTERCONTROL:0.5
C_DEVELOPPIECES:0.4925283032106535
C_MATERIAL:0.503537440598957
C_MOVECOUNT:0.5227843074110082
C_PAWNMOVEMENT:0.4610732517191339
