ELO:795
CE_PASSEDPAWNS:0.6033259018470842
CE_PAWNWEAKNESSES:0.5157803115530804
CE_PIECEACTIVITY:0.4690581032234632
CE_KINGPAWNSHIELD:0.511095074438568
CE_PIECECOORDINATION:0.3770320888057254
CE_MATERIAL:0.6301618427137587
CE_KINGSAFETY:0.5151527544903239
C_PIECESQUARETABLES:0.5035708152658244
C_MOBILITY:0.4700310018638935
C_KINGSAFETY:0.5514292102037295
C_PAWNSTRUCTURE:0.6352296830410806
C_PIECECOORDINATION:0.5630508929651927
C_ROOKANDPAWNMOVEMENT:0.5630508929651927
C_CENTERCONTROL:0.5012312319521209
C_DEVELOPPIECES:0.3697612209148084
C_MATERIAL:0.4842650172306781
