ELO:985
CE_PASSEDPAWNS:0.5132999412272831
CE_PAWNWEAKNESSES:0.5148425561256155
CE_PIECEACTIVITY:0.5120342215030279
CE_KINGPAWNSHIELD:0.5083659750954138
CE_PIECECOORDINATION:0.5
CE_MATERIAL:0.5408265009332698
CE_KINGSAFETY:0.49167194772742484
C_PIECESQUARETABLES:0.4884094158412655
C_MOBILITY:0.4980047547304591
C_KINGSAFETY:0.5423150931704737
C_PAWNSTRUCTURE:0.5305843082295034
C_PIECECOORDINATION:0.4900481789161118
C_ROOKANDPAWNMOVEMENT:0.4900481789161118
C_CENTERCONTROL:0.5017290142136096
C_DEVELOPPIECES:0.5028532608957755
C_MATERIAL:0.46938113773005025
C_MOVECOUNT:0.5
