ELO:1000
CE_PASSEDPAWNS:0.4313037862940615
CE_PAWNWEAKNESSES:0.5569549272585004
CE_PIECEACTIVITY:0.42982463133814325
CE_KINGPAWNSHIELD:0.4844661982447216
CE_PIECECOORDINATION:0.48451900655872265
CE_MATERIAL:0.6052255542240008
CE_KINGSAFETY:0.49040945060134145
C_PIECESQUARETABLES:0.5181347979372373
C_MOBILITY:0.5315283861209551
C_KINGSAFETY:0.5544528374901875
C_PAWNSTRUCTURE:0.5293992211183193
C_PIECECOORDINATION:0.4793135778661311
C_ROOKANDPAWNMOVEMENT:0.4793135778661311
C_CENTERCONTROL:0.46182164505478035
C_DEVELOPPIECES:0.5221222612501752
C_MATERIAL:0.4869092725838737
