ELO:815
CE_PASSEDPAWNS:0.5157684265044148
CE_PAWNWEAKNESSES:0.47833940451673196
CE_PIECEACTIVITY:0.5096807639789468
CE_KINGPAWNSHIELD:0.4863093031038548
CE_PIECECOORDINATION:0.5233839326452657
CE_MATERIAL:0.5087612443493454
CE_KINGSAFETY:0.49715556110034065
C_PIECESQUARETABLES:0.5125826347909674
C_MOBILITY:0.44785112400735044
C_KINGSAFETY:0.48521773539381496
C_PAWNSTRUCTURE:0.46881098903568125
C_PIECECOORDINATION:0.5358577790733846
C_ROOKANDPAWNMOVEMENT:0.5358577790733846
C_CENTERCONTROL:0.4979168721697945
C_DEVELOPPIECES:0.49776180593892955
C_MATERIAL:0.5206164464358782
C_MOVECOUNT:0.5
