ELO:944
CE_PASSEDPAWNS:0.42129435763112044
CE_PAWNWEAKNESSES:0.47691516705801323
CE_PIECEACTIVITY:0.499867188932207
CE_KINGPAWNSHIELD:0.5193908063399536
CE_PIECECOORDINATION:0.500393981063372
CE_MATERIAL:0.5013390785417982
CE_KINGSAFETY:0.5100629354680462
C_PIECESQUARETABLES:0.4887208836304412
C_MOBILITY:0.5307615469846669
C_KINGSAFETY:0.47917846375759876
C_PAWNSTRUCTURE:0.5227348711480665
C_PIECECOORDINATION:0.4573590508435032
C_ROOK:0.5118527217035372
CE_ROOK:0.5175568638415715
C_CENTERCONTROL:0.5026152734281051
C_DEVELOPPIECES:0.4892037651639367
C_MATERIAL:0.5159972992798869
C_MOVECOUNT:0.5177658379899667
C_PAWNMOVEMENT:0.49520579583701296
