ELO:1000
CE_PASSEDPAWNS:0.5078468920212454
CE_PAWNWEAKNESSES:0.510824431305242
CE_PIECEACTIVITY:0.47953167184247
CE_KINGPAWNSHIELD:0.4957348689939874
CE_PIECECOORDINATION:0.4948656044837835
CE_MATERIAL:0.4587667339520311
CE_KINGSAFETY:0.47833677636861516
C_PIECESQUARETABLES:0.49041499229971636
C_MOBILITY:0.4809794806543704
C_KINGSAFETY:0.47093368396602386
C_PAWNSTRUCTURE:0.46589208793883136
C_PIECECOORDINATION:0.43730554129531374
C_ROOKANDPAWNMOVEMENT:0.43730554129531374
C_CENTERCONTROL:0.5945866227916992
C_DEVELOPPIECES:0.5160856219688413
C_MATERIAL:0.5109673715290349
