ELO:964
CE_PASSEDPAWNS:0.4581098178564048
CE_PAWNWEAKNESSES:0.5274163138891882
CE_PIECEACTIVITY:0.4887033368538891
CE_KINGPAWNSHIELD:0.5187767754507997
CE_PIECECOORDINATION:0.5054273227515996
CE_MATERIAL:0.4445031287610554
CE_KINGSAFETY:0.4965221689566188
C_PIECESQUARETABLES:0.48655635671765063
C_MOBILITY:0.5270297797118326
C_KINGSAFETY:0.44929726646429463
C_PAWNSTRUCTURE:0.4756033519996148
C_PIECECOORDINATION:0.43259701430883796
C_ROOKANDPAWNMOVEMENT:0.43259701430883796
C_CENTERCONTROL:0.6109787923249299
C_DEVELOPPIECES:0.5850179453206283
C_MATERIAL:0.46717759394465885
