ELO:1088
CE_PASSEDPAWNS:0.6383601110774803
CE_PAWNWEAKNESSES:0.48295845246755603
CE_PIECEACTIVITY:0.45713287225393984
CE_KINGPAWNSHIELD:0.4888774821619666
CE_PIECECOORDINATION:0.4586831291822572
CE_MATERIAL:0.46049214752333095
CE_KINGSAFETY:0.5019340149333221
C_PIECESQUARETABLES:0.5
C_MOBILITY:0.41404105533362395
C_KINGSAFETY:0.5183140897388258
C_PAWNSTRUCTURE:0.40685809244219884
C_PIECECOORDINATION:0.4664050366335939
C_ROOKANDPAWNMOVEMENT:0.4664050366335939
C_CENTERCONTROL:0.5120214869189604
C_DEVELOPPIECES:0.5670481675551875
C_MATERIAL:0.41620679837246444
