ELO:986
CE_PASSEDPAWNS:0.5079371712929464
CE_PAWNWEAKNESSES:0.5095556800591755
CE_PIECEACTIVITY:0.47876862899891237
CE_KINGPAWNSHIELD:0.4797201380537479
CE_PIECECOORDINATION:0.509334016392534
CE_MATERIAL:0.5
CE_KINGSAFETY:0.47910675430613703
C_PIECESQUARETABLES:0.5
C_MOBILITY:0.48299134099496377
C_KINGSAFETY:0.487088701701055
C_PAWNSTRUCTURE:0.49211456138191145
C_PIECECOORDINATION:0.5196354522437681
C_ROOK:0.5
CE_ROOK:0.4968115557211741
C_CENTERCONTROL:0.5040769604251109
C_DEVELOPPIECES:0.5151549570038286
C_MATERIAL:0.5026459849043741
C_MOVECOUNT:0.4911015149881972
C_PAWNMOVEMENT:0.5
