ELO:965
CE_PASSEDPAWNS:0.436606739245477
CE_PAWNWEAKNESSES:0.5262690941109255
CE_PIECEACTIVITY:0.4975756297137833
CE_KINGPAWNSHIELD:0.5137400385371492
CE_PIECECOORDINATION:0.48328740528976005
CE_MATERIAL:0.5099606273587736
CE_KINGSAFETY:0.5247619610431273
C_PIECESQUARETABLES:0.4932479631831037
C_MOBILITY:0.4873734395122781
C_KINGSAFETY:0.4889251565317907
C_PAWNSTRUCTURE:0.5099819241940216
C_PIECECOORDINATION:0.45703615642992323
C_ROOKANDPAWNMOVEMENT:0.45703615642992323
C_CENTERCONTROL:0.498498802027247
C_DEVELOPPIECES:0.44781448063109947
C_MATERIAL:0.5371066609485282
C_MOVECOUNT:0.5
