ELO:1085
CE_PASSEDPAWNS:0.6174406270298608
CE_PAWNWEAKNESSES:0.4886091799027835
CE_PIECEACTIVITY:0.497418813640412
CE_KINGPAWNSHIELD:0.47779402503967555
CE_PIECECOORDINATION:0.45600152150424034
CE_MATERIAL:0.4349247646201708
CE_KINGSAFETY:0.5237731163515854
C_PIECESQUARETABLES:0.5005508101950482
C_MOBILITY:0.4210087507484903
C_KINGSAFETY:0.4900341346118874
C_PAWNSTRUCTURE:0.39510338782849724
C_PIECECOORDINATION:0.4799896501519798
C_ROOKANDPAWNMOVEMENT:0.4799896501519798
C_CENTERCONTROL:0.5404562748563682
C_DEVELOPPIECES:0.5859883782559756
C_MATERIAL:0.4147110242941912
