ELO:1008
CE_PASSEDPAWNS:0.5
CE_PAWNWEAKNESSES:0.5
CE_PIECEACTIVITY:0.4905794024543983
CE_KINGPAWNSHIELD:0.5
CE_PIECECOORDINATION:0.5115639230000866
CE_MATERIAL:0.5004030406397646
CE_KINGSAFETY:0.4967404673616329
C_PIECESQUARETABLES:0.49851018355477456
C_MOBILITY:0.5
C_KINGSAFETY:0.4973093621658368
C_PAWNSTRUCTURE:0.49275474640451455
C_PIECECOORDINATION:0.5
C_ROOKANDPAWNMOVEMENT:0.5
C_CENTERCONTROL:0.5
C_DEVELOPPIECES:0.5061758489023892
C_MATERIAL:0.5012131689752478
