ELO:783
CE_PASSEDPAWNS:0.5152996732139181
CE_PAWNWEAKNESSES:0.5347506270894031
CE_PIECEACTIVITY:0.49315547377575497
CE_KINGPAWNSHIELD:0.47841418370688715
CE_PIECECOORDINATION:0.5728385523636119
CE_MATERIAL:0.45806634015483755
CE_KINGSAFETY:0.5
C_PIECESQUARETABLES:0.5031628662472701
C_MOBILITY:0.47590912602185953
C_KINGSAFETY:0.4970032765612242
C_PAWNSTRUCTURE:0.5441243464202131
C_PIECECOORDINATION:0.4689567235293693
C_ROOKANDPAWNMOVEMENT:0.4689567235293693
C_CENTERCONTROL:0.5424400681954197
C_DEVELOPPIECES:0.4980583554275407
C_MATERIAL:0.4977091562006624
C_MOVECOUNT:0.44804568327778294
