ELO:1074
CE_PASSEDPAWNS:0.42812075223327883
CE_PAWNWEAKNESSES:0.4881144064032096
CE_PIECEACTIVITY:0.5585390737272222
CE_KINGPAWNSHIELD:0.4786652629997572
CE_PIECECOORDINATION:0.43533719998983866
CE_MATERIAL:0.437380408390671
CE_KINGSAFETY:0.5293559308329389
C_PIECESQUARETABLES:0.49882772637549005
C_MOBILITY:0.43594883419560104
C_KINGSAFETY:0.6031338067938541
C_PAWNSTRUCTURE:0.42029169874567335
C_PIECECOORDINATION:0.5126688471141556
C_ROOKANDPAWNMOVEMENT:0.5126688471141556
C_CENTERCONTROL:0.57955754257531
C_DEVELOPPIECES:0.5313787393154319
C_MATERIAL:0.4210616159669111
