ELO:1089
CE_PASSEDPAWNS:0.6227241987176738
CE_PAWNWEAKNESSES:0.4965203916172065
CE_PIECEACTIVITY:0.4856780428885128
CE_KINGPAWNSHIELD:0.4888774821619666
CE_PIECECOORDINATION:0.47155490331912886
CE_MATERIAL:0.43992100616291313
CE_KINGSAFETY:0.5
C_PIECESQUARETABLES:0.5
C_MOBILITY:0.42327007343908635
C_KINGSAFETY:0.5065579161789822
C_PAWNSTRUCTURE:0.41159374709656454
C_PIECECOORDINATION:0.47501321067568003
C_ROOKANDPAWNMOVEMENT:0.47501321067568003
C_CENTERCONTROL:0.5250028271512701
C_DEVELOPPIECES:0.5757913049809192
C_MATERIAL:0.42037145141469806
