ELO:982
CE_PASSEDPAWNS:0.4320266893408236
CE_PAWNWEAKNESSES:0.4916862964508014
CE_PIECEACTIVITY:0.4991823405420547
CE_KINGPAWNSHIELD:0.5227383736744466
CE_PIECECOORDINATION:0.4940616682143574
CE_MATERIAL:0.502004117810899
CE_KINGSAFETY:0.5012130023353333
C_PIECESQUARETABLES:0.49291368945493863
C_MOBILITY:0.5276289159777725
C_KINGSAFETY:0.47473398323572313
C_PAWNSTRUCTURE:0.5227348711480665
C_PIECECOORDINATION:0.46387143048271223
C_ROOK:0.5000249702919226
CE_ROOK:0.5062715477497556
C_CENTERCONTROL:0.5110113172238118
C_DEVELOPPIECES:0.4903325355435719
C_MATERIAL:0.5159972992798869
C_MOVECOUNT:0.5177658379899667
C_PAWNMOVEMENT:0.5037724269648588
