ELO:1001
CE_PASSEDPAWNS:0.4997848660768282
CE_PAWNWEAKNESSES:0.5
CE_PIECEACTIVITY:0.5162408596838407
CE_KINGPAWNSHIELD:0.5065219003742986
CE_PIECECOORDINATION:0.5
CE_MATERIAL:0.4958215728186309
CE_KINGSAFETY:0.5
C_PIECESQUARETABLES:0.5
C_MOBILITY:0.484512899099776
C_KINGSAFETY:0.4987951826890313
C_PAWNSTRUCTURE:0.5075420144672048
C_PIECECOORDINATION:0.4909183596199153
C_ROOKANDPAWNMOVEMENT:0.4909183596199153
C_CENTERCONTROL:0.5
C_DEVELOPPIECES:0.4695718579783796
C_MATERIAL:0.48945729196463106
C_MOVECOUNT:0.5
