ELO:999
CE_PASSEDPAWNS:0.4380944472541771
CE_PAWNWEAKNESSES:0.5577056078502035
CE_PIECEACTIVITY:0.42585369374580156
CE_KINGPAWNSHIELD:0.48746552865743353
CE_PIECECOORDINATION:0.4816020557705319
CE_MATERIAL:0.6084331586222052
CE_KINGSAFETY:0.48757121373754003
C_PIECESQUARETABLES:0.5237778977631715
C_MOBILITY:0.5191988947651202
C_KINGSAFETY:0.5639000921599493
C_PAWNSTRUCTURE:0.5332941150193039
C_PIECECOORDINATION:0.506721639407792
C_ROOKANDPAWNMOVEMENT:0.506721639407792
C_CENTERCONTROL:0.4820357732503065
C_DEVELOPPIECES:0.5396686289565763
C_MATERIAL:0.4910166641559919
