ELO:989
CE_PASSEDPAWNS:0.36023063152598794
CE_PAWNWEAKNESSES:0.512543771672123
CE_PIECEACTIVITY:0.5682480659361628
CE_KINGPAWNSHIELD:0.4690363325135744
CE_PIECECOORDINATION:0.4859303694863556
CE_MATERIAL:0.5008532204200667
CE_KINGSAFETY:0.48977849710161686
C_PIECESQUARETABLES:0.4976114847367083
C_MOBILITY:0.5128925133891598
C_KINGSAFETY:0.5794741073098222
C_PAWNSTRUCTURE:0.32659486032772983
C_PIECECOORDINATION:0.4455295289066636
C_ROOKANDPAWNMOVEMENT:0.4455295289066636
C_CENTERCONTROL:0.3549591651979111
C_DEVELOPPIECES:0.48233654862672115
C_MATERIAL:0.673316012052611
