ELO:973
CE_PASSEDPAWNS:0.49342797071098604
CE_PAWNWEAKNESSES:0.5285549118282707
CE_PIECEACTIVITY:0.47640192779670704
CE_KINGPAWNSHIELD:0.5195487632885061
CE_PIECECOORDINATION:0.5013471882271391
CE_MATERIAL:0.42118732840391543
CE_KINGSAFETY:0.5
C_PIECESQUARETABLES:0.5
C_MOBILITY:0.48399319246637473
C_KINGSAFETY:0.4427025774567431
C_PAWNSTRUCTURE:0.4922295027400026
C_PIECECOORDINATION:0.4151495465413048
C_ROOKANDPAWNMOVEMENT:0.4151495465413048
C_CENTERCONTROL:0.5917010063465441
C_DEVELOPPIECES:0.5661991082508641
C_MATERIAL:0.50829609303669
