ELO:1022
CE_PASSEDPAWNS:0.5
CE_PAWNWEAKNESSES:0.4924731898960738
CE_PIECEACTIVITY:0.5110680106338557
CE_KINGPAWNSHIELD:0.4931413581313941
CE_PIECECOORDINATION:0.500987237670781
CE_MATERIAL:0.5
CE_KINGSAFETY:0.5
C_PIECESQUARETABLES:0.5
C_MOBILITY:0.5
C_KINGSAFETY:0.5
C_PAWNSTRUCTURE:0.5014775765444284
C_PIECECOORDINATION:0.5289922696728534
C_ROOKANDPAWNMOVEMENT:0.5289922696728534
C_CENTERCONTROL:0.4965127972853533
C_DEVELOPPIECES:0.5
C_MATERIAL:0.4779173704622096
