ELO:918
CE_PASSEDPAWNS:0.480321735493863
CE_PAWNWEAKNESSES:0.48374312950723247
CE_PIECEACTIVITY:0.4727140209641351
CE_KINGPAWNSHIELD:0.5353256258201188
CE_PIECECOORDINATION:0.44276702988591055
CE_MATERIAL:0.43221242934722426
CE_KINGSAFETY:0.5428632961829685
C_PIECESQUARETABLES:0.4816564698620974
C_MOBILITY:0.5328721915529113
C_KINGSAFETY:0.485568339829323
C_PAWNSTRUCTURE:0.4599668163382225
C_PIECECOORDINATION:0.40669308638308505
C_ROOKANDPAWNMOVEMENT:0.40669308638308505
C_CENTERCONTROL:0.5805886817821037
C_DEVELOPPIECES:0.5519564037349118
C_MATERIAL:0.547089835823828
