ELO:910
CE_PASSEDPAWNS:0.48682732380622556
CE_PAWNWEAKNESSES:0.5009366338755044
CE_PIECEACTIVITY:0.46121750526213773
CE_KINGPAWNSHIELD:0.5240641093354147
CE_PIECECOORDINATION:0.4483330537328882
CE_MATERIAL:0.438381828245913
CE_KINGSAFETY:0.5868377597173872
C_PIECESQUARETABLES:0.48929116669162964
C_MOBILITY:0.49048466137240276
C_KINGSAFETY:0.49531841163952833
C_PAWNSTRUCTURE:0.4490260562909701
C_PIECECOORDINATION:0.40493448207598365
C_ROOKANDPAWNMOVEMENT:0.40493448207598365
C_CENTERCONTROL:0.6057250299246334
C_DEVELOPPIECES:0.5352933729119145
C_MATERIAL:0.5437299566837883
