ELO:846
CE_PASSEDPAWNS:0.511503053772236
CE_PAWNWEAKNESSES:0.4968520673627186
CE_PIECEACTIVITY:0.509646933344318
CE_KINGPAWNSHIELD:0.48921704574688574
CE_PIECECOORDINATION:0.5760786954005532
CE_MATERIAL:0.5013143383618188
CE_KINGSAFETY:0.49155377137643225
C_PIECESQUARETABLES:0.4888949183088083
C_MOBILITY:0.47596576171384875
C_KINGSAFETY:0.5035496391862657
C_PAWNSTRUCTURE:0.5383013083648014
C_PIECECOORDINATION:0.4611477378073247
C_ROOKANDPAWNMOVEMENT:0.4611477378073247
C_CENTERCONTROL:0.5220648670212743
C_DEVELOPPIECES:0.4844165695643514
C_MATERIAL:0.5136624220475186
C_MOVECOUNT:0.41669680581153495
