ELO:1054
CE_PASSEDPAWNS:0.5
CE_PAWNWEAKNESSES:0.49677715900236685
CE_PIECEACTIVITY:0.5114286527586196
CE_KINGPAWNSHIELD:0.5
CE_PIECECOORDINATION:0.5
CE_MATERIAL:0.48864863567140904
CE_KINGSAFETY:0.5
C_PIECESQUARETABLES:0.5048520136595429
C_MOBILITY:0.499502321593998
C_KINGSAFETY:0.5
C_PAWNSTRUCTURE:0.5073859847997835
C_PIECECOORDINATION:0.5
C_ROOKANDPAWNMOVEMENT:0.5
C_CENTERCONTROL:0.4963966219343107
C_DEVELOPPIECES:0.5030136173725921
C_MATERIAL:0.4973628697071845
