ELO:974
CE_PASSEDPAWNS:0.4199354465365996
CE_PAWNWEAKNESSES:0.4709284890642288
CE_PIECEACTIVITY:0.49516623204548266
CE_KINGPAWNSHIELD:0.5508529779761794
CE_PIECECOORDINATION:0.4988138985321006
CE_MATERIAL:0.5005519015576934
CE_KINGSAFETY:0.5005143564251312
C_PIECESQUARETABLES:0.4946570881989122
C_MOBILITY:0.526950598959778
C_KINGSAFETY:0.49335139417167034
C_PAWNSTRUCTURE:0.5242775189119222
C_PIECECOORDINATION:0.45765478518428854
C_ROOK:0.49385515275950115
CE_ROOK:0.4999939075247518
C_CENTERCONTROL:0.5051710846565575
C_DEVELOPPIECES:0.48704485499549505
C_MATERIAL:0.5089460086007485
C_MOVECOUNT:0.5229407290572312
C_PAWNMOVEMENT:0.5111866903403968
