ELO:1080
CE_PASSEDPAWNS:0.442778421640529
CE_PAWNWEAKNESSES:0.4613516702330503
CE_PIECEACTIVITY:0.566903341620811
CE_KINGPAWNSHIELD:0.49155695716578524
CE_PIECECOORDINATION:0.4569009944333612
CE_MATERIAL:0.44242762104070105
CE_KINGSAFETY:0.5
C_PIECESQUARETABLES:0.5
C_MOBILITY:0.4176237098386399
C_KINGSAFETY:0.5007988755803954
C_PAWNSTRUCTURE:0.4081956426957952
C_PIECECOORDINATION:0.47859477339934176
C_ROOKANDPAWNMOVEMENT:0.47859477339934176
C_CENTERCONTROL:0.5105396996263518
C_DEVELOPPIECES:0.4887624909312168
C_MATERIAL:0.43215002599420443
