ELO:955
CE_PASSEDPAWNS:0.4320932719672563
CE_PAWNWEAKNESSES:0.46888542080816414
CE_PIECEACTIVITY:0.49516623204548266
CE_KINGPAWNSHIELD:0.5450441388385264
CE_PIECECOORDINATION:0.49944774450025387
CE_MATERIAL:0.5129603425859335
CE_KINGSAFETY:0.5003325276542301
C_PIECESQUARETABLES:0.5
C_MOBILITY:0.5190089570242074
C_KINGSAFETY:0.4974722975371893
C_PAWNSTRUCTURE:0.5075605919051955
C_PIECECOORDINATION:0.45229321160354674
C_ROOK:0.49487724245688963
CE_ROOK:0.4936492270129226
C_CENTERCONTROL:0.5198046199875201
C_DEVELOPPIECES:0.4974781038481381
C_MATERIAL:0.5089460086007485
C_MOVECOUNT:0.5229407290572312
C_PAWNMOVEMENT:0.5111866903403968
