ELO:976
CE_PASSEDPAWNS:0.4199354465365996
CE_PAWNWEAKNESSES:0.45247850168433495
CE_PIECEACTIVITY:0.49516623204548266
CE_KINGPAWNSHIELD:0.5268724371446666
CE_PIECECOORDINATION:0.4988138985321006
CE_MATERIAL:0.5112514770277489
CE_KINGSAFETY:0.4923291472159838
C_PIECESQUARETABLES:0.4946570881989122
C_MOBILITY:0.5278796516884776
C_KINGSAFETY:0.49335139417167034
C_PAWNSTRUCTURE:0.5242775189119222
C_PIECECOORDINATION:0.4745912948843953
C_ROOK:0.5000244172796988
CE_ROOK:0.4999939075247518
C_CENTERCONTROL:0.4971797259105721
C_DEVELOPPIECES:0.4892037651639367
C_MATERIAL:0.5089460086007485
C_MOVECOUNT:0.5229407290572312
C_PAWNMOVEMENT:0.5111866903403968
