ELO:905
CE_PASSEDPAWNS:0.48177970054176333
CE_PAWNWEAKNESSES:0.4999111325881535
CE_PIECEACTIVITY:0.5464911675127254
CE_KINGPAWNSHIELD:0.4989585807131968
CE_PIECECOORDINATION:0.508730979259606
CE_MATERIAL:0.4951737587588979
CE_KINGSAFETY:0.5055347662208918
C_PIECESQUARETABLES:0.5123531884728543
C_MOBILITY:0.5009744682196552
C_KINGSAFETY:0.5629337424220705
C_PAWNSTRUCTURE:0.5317012306159455
C_PIECECOORDINATION:0.5086583467064661
C_ROOK:0.5284294307411149
CE_ROOK:0.5025228070675796
C_CENTERCONTROL:0.5214737399239197
C_DEVELOPPIECES:0.4927671857711978
C_MATERIAL:0.556633858428223
C_MOVECOUNT:0.5111645241583628
C_PAWNMOVEMENT:0.45730821027314
