ELO:862
CE_PASSEDPAWNS:0.5686004877478475
CE_PAWNWEAKNESSES:0.4953093414161881
CE_PIECEACTIVITY:0.5209683093222902
CE_KINGPAWNSHIELD:0.4394212697949454
CE_PIECECOORDINATION:0.5249601457410662
CE_MATERIAL:0.49759282398999344
CE_KINGSAFETY:0.4809561671919459
C_PIECESQUARETABLES:0.5138436686652809
C_MOBILITY:0.4584781840549473
C_KINGSAFETY:0.5199644267193817
C_PAWNSTRUCTURE:0.47412101999110445
C_PIECECOORDINATION:0.4866175121836679
C_ROOKANDPAWNMOVEMENT:0.4866175121836679
C_CENTERCONTROL:0.483478778027026
C_DEVELOPPIECES:0.4329613511629906
C_MATERIAL:0.5458961267416557
C_MOVECOUNT:0.5
