ELO:961
CE_PASSEDPAWNS:0.4959657136365635
CE_PAWNWEAKNESSES:0.5033886471445478
CE_PIECEACTIVITY:0.4970594548490873
CE_KINGPAWNSHIELD:0.5269418445562214
CE_PIECECOORDINATION:0.522402812034237
CE_MATERIAL:0.42925989568389733
CE_KINGSAFETY:0.5130041540673481
C_PIECESQUARETABLES:0.5009023537947551
C_MOBILITY:0.5314400498788846
C_KINGSAFETY:0.46792387462238033
C_PAWNSTRUCTURE:0.4689700788599743
C_PIECECOORDINATION:0.4227929717246061
C_ROOKANDPAWNMOVEMENT:0.4227929717246061
C_CENTERCONTROL:0.603084522421654
C_DEVELOPPIECES:0.5974864250428951
C_MATERIAL:0.46249714707848194
