ELO:952
CE_PASSEDPAWNS:0.47654633792313017
CE_PAWNWEAKNESSES:0.48561709338667935
CE_PIECEACTIVITY:0.47920882171676205
CE_KINGPAWNSHIELD:0.48808543892501544
CE_PIECECOORDINATION:0.5059013115578255
CE_MATERIAL:0.4785755256161543
CE_KINGSAFETY:0.5
C_PIECESQUARETABLES:0.493687561949601
C_MOBILITY:0.5
C_KINGSAFETY:0.5386178125874341
C_PAWNSTRUCTURE:0.49500869310059337
C_PIECECOORDINATION:0.5013372289434102
C_ROOKANDPAWNMOVEMENT:0.5013372289434102
C_CENTERCONTROL:0.4731031504033381
C_DEVELOPPIECES:0.4930993418641409
C_MATERIAL:0.5057611204142115
C_MOVECOUNT:0.5
