ELO:940
CE_PASSEDPAWNS:0.4938669010905018
CE_PAWNWEAKNESSES:0.5333620166139538
CE_PIECEACTIVITY:0.49291517009751545
CE_KINGPAWNSHIELD:0.4654439067695142
CE_PIECECOORDINATION:0.5252987093621166
CE_MATERIAL:0.5082551244813316
CE_KINGSAFETY:0.4669160265256772
C_PIECESQUARETABLES:0.5376868472402125
C_MOBILITY:0.46937296627634134
C_KINGSAFETY:0.45575314953126306
C_PAWNSTRUCTURE:0.46437616397476267
C_PIECECOORDINATION:0.509328519081492
C_ROOKANDPAWNMOVEMENT:0.509328519081492
C_CENTERCONTROL:0.4959699922489689
C_DEVELOPPIECES:0.48806146640570053
C_MATERIAL:0.46882922699336005
C_MOVECOUNT:0.5
