ELO:745
CE_PASSEDPAWNS:0.5253373713737671
CE_PAWNWEAKNESSES:0.4721420173853861
CE_PIECEACTIVITY:0.4585259073820844
CE_KINGPAWNSHIELD:0.5452675444605596
CE_PIECECOORDINATION:0.5801840940682849
CE_MATERIAL:0.4245875847860436
CE_KINGSAFETY:0.49826104431351426
C_PIECESQUARETABLES:0.49751175133737113
C_MOBILITY:0.5084662150901023
C_KINGSAFETY:0.3778094225186423
C_PAWNSTRUCTURE:0.4219618007297686
C_PIECECOORDINATION:0.5284183547199159
C_ROOKANDPAWNMOVEMENT:0.5284183547199159
C_CENTERCONTROL:0.5427553185511109
C_DEVELOPPIECES:0.561699247125758
C_MATERIAL:0.3353772819826404
