ELO:814
CE_PASSEDPAWNS:0.46880212748275973
CE_PAWNWEAKNESSES:0.6145573194990225
CE_PIECEACTIVITY:0.46018380776563733
CE_KINGPAWNSHIELD:0.509205685366607
CE_PIECECOORDINATION:0.5268415569294465
CE_MATERIAL:0.48743799100053486
CE_KINGSAFETY:0.4906228673739202
C_PIECESQUARETABLES:0.5
C_MOBILITY:0.45721798631926086
C_KINGSAFETY:0.4826837145093102
C_PAWNSTRUCTURE:0.5049395929535825
C_PIECECOORDINATION:0.5293357249713144
C_ROOKANDPAWNMOVEMENT:0.5293357249713144
C_CENTERCONTROL:0.5187834640613118
C_DEVELOPPIECES:0.49793040954684586
C_MATERIAL:0.5036944758005014
C_MOVECOUNT:0.5
