ELO:841
CE_PASSEDPAWNS:0.48702431119853534
CE_PAWNWEAKNESSES:0.4804268929485278
CE_PIECEACTIVITY:0.523602008748374
CE_KINGPAWNSHIELD:0.4695033246517593
CE_PIECECOORDINATION:0.5220693742773723
CE_MATERIAL:0.5000054270250256
CE_KINGSAFETY:0.5075228919088809
C_PIECESQUARETABLES:0.5116644391501762
C_MOBILITY:0.4462341492077207
C_KINGSAFETY:0.4928001893062088
C_PAWNSTRUCTURE:0.4628739813202905
C_PIECECOORDINATION:0.5217425303212201
C_ROOKANDPAWNMOVEMENT:0.5217425303212201
C_CENTERCONTROL:0.49528924983070566
C_DEVELOPPIECES:0.506681472907566
C_MATERIAL:0.5119203090086459
C_MOVECOUNT:0.5
