ELO:905
CE_PASSEDPAWNS:0.5591826804578696
CE_PAWNWEAKNESSES:0.4681583008700798
CE_PIECEACTIVITY:0.42278302465017786
CE_KINGPAWNSHIELD:0.39452144957275465
CE_PIECECOORDINATION:0.556355731597412
CE_MATERIAL:0.4461364046140508
CE_KINGSAFETY:0.5
C_PIECESQUARETABLES:0.5
C_MOBILITY:0.4554796456425593
C_KINGSAFETY:0.44469493256706
C_PAWNSTRUCTURE:0.6384085839031459
C_PIECECOORDINATION:0.4308241161709261
C_ROOKANDPAWNMOVEMENT:0.4308241161709261
C_CENTERCONTROL:0.5615896393381133
C_DEVELOPPIECES:0.3795457717237988
C_MATERIAL:0.5379041267696529
