ELO:885
CE_PASSEDPAWNS:0.4659109351769893
CE_PAWNWEAKNESSES:0.4889304442387352
CE_PIECEACTIVITY:0.49330093217923277
CE_KINGPAWNSHIELD:0.4535090170008238
CE_PIECECOORDINATION:0.46401992380906426
CE_MATERIAL:0.3793989956877013
CE_KINGSAFETY:0.47184433274163845
C_PIECESQUARETABLES:0.4802383037188539
C_MOBILITY:0.5286205161218233
C_KINGSAFETY:0.5205322557339239
C_PAWNSTRUCTURE:0.5044486318384919
C_PIECECOORDINATION:0.5032244432643942
C_ROOKANDPAWNMOVEMENT:0.5032244432643942
C_CENTERCONTROL:0.4825309952356472
C_DEVELOPPIECES:0.534116296260192
C_MATERIAL:0.5307967565243935
C_MOVECOUNT:0.5
