ELO:944
CE_PASSEDPAWNS:0.4048891163715653
CE_PAWNWEAKNESSES:0.4568118130154963
CE_PIECEACTIVITY:0.41797350778559766
CE_KINGPAWNSHIELD:0.555259098717454
CE_PIECECOORDINATION:0.47677801780726664
CE_MATERIAL:0.43871654659447806
CE_KINGSAFETY:0.5129963186739139
C_PIECESQUARETABLES:0.4887794654893284
C_MOBILITY:0.49332429992192595
C_KINGSAFETY:0.5747365816762946
C_PAWNSTRUCTURE:0.46892422637825937
C_PIECECOORDINATION:0.5821773205159676
C_ROOKANDPAWNMOVEMENT:0.5821773205159676
C_CENTERCONTROL:0.42067794666162667
C_DEVELOPPIECES:0.41248197124308594
C_MATERIAL:0.5111207763299364
