ELO:972
CE_PASSEDPAWNS:0.4522785649371818
CE_PAWNWEAKNESSES:0.4850728589848483
CE_PIECEACTIVITY:0.5016528196420096
CE_KINGPAWNSHIELD:0.506372027867114
CE_PIECECOORDINATION:0.4943771466739899
CE_MATERIAL:0.510740216335073
CE_KINGSAFETY:0.5014002027635377
C_PIECESQUARETABLES:0.49261183812501863
C_MOBILITY:0.5276289159777725
C_KINGSAFETY:0.48751073657150945
C_PAWNSTRUCTURE:0.5303139747465917
C_PIECECOORDINATION:0.4791994774488994
C_ROOK:0.5000249702919226
CE_ROOK:0.48444752535975355
C_CENTERCONTROL:0.4950544160195254
C_DEVELOPPIECES:0.4825836256017571
C_MATERIAL:0.5168139840505862
C_MOVECOUNT:0.5078353743981944
C_PAWNMOVEMENT:0.49515772456549306
