ELO:948
CE_PASSEDPAWNS:0.4894433734883546
CE_PAWNWEAKNESSES:0.5068939092824095
CE_PIECEACTIVITY:0.5017055030197792
CE_KINGPAWNSHIELD:0.510223913860472
CE_PIECECOORDINATION:0.4943494645028977
CE_MATERIAL:0.5
CE_KINGSAFETY:0.5224447250478067
C_PIECESQUARETABLES:0.49529618304133455
C_MOBILITY:0.48840050887164976
C_KINGSAFETY:0.5006666459421389
C_PAWNSTRUCTURE:0.48898006140659445
C_PIECECOORDINATION:0.46124732430425847
C_ROOKANDPAWNMOVEMENT:0.46124732430425847
C_CENTERCONTROL:0.5109277299317522
C_DEVELOPPIECES:0.5109431975755678
C_MATERIAL:0.510866840386089
C_MOVECOUNT:0.5
