ELO:940
CE_PASSEDPAWNS:0.5040956596319273
CE_PAWNWEAKNESSES:0.4892708541471137
CE_PIECEACTIVITY:0.49080313102014084
CE_KINGPAWNSHIELD:0.5073141322532528
CE_PIECECOORDINATION:0.5095564175043568
CE_MATERIAL:0.49217715395219547
CE_KINGSAFETY:0.47885696330560107
C_PIECESQUARETABLES:0.5159470184831461
C_MOBILITY:0.49925514514871916
C_KINGSAFETY:0.48745741484480715
C_PAWNSTRUCTURE:0.509438208759051
C_PIECECOORDINATION:0.4733848109452242
C_ROOKANDPAWNMOVEMENT:0.4733848109452242
C_CENTERCONTROL:0.5095872336593529
C_DEVELOPPIECES:0.4764551508947307
C_MATERIAL:0.49581722841011583
C_MOVECOUNT:0.5
