ELO:1000
CE_PASSEDPAWNS:0.5027441414130635
CE_PAWNWEAKNESSES:0.5310857661926456
CE_PIECEACTIVITY:0.4854237472313592
CE_KINGPAWNSHIELD:0.5011309556519213
CE_PIECECOORDINATION:0.5120911563750526
CE_MATERIAL:0.46679406303693277
CE_KINGSAFETY:0.5004940018485607
C_PIECESQUARETABLES:0.4803411813458428
C_MOBILITY:0.47176722373501234
C_KINGSAFETY:0.47818922788824214
C_PAWNSTRUCTURE:0.45284754900964475
C_PIECECOORDINATION:0.4440633672041429
C_ROOKANDPAWNMOVEMENT:0.4440633672041429
C_CENTERCONTROL:0.5625504959449036
C_DEVELOPPIECES:0.5129669510071823
C_MATERIAL:0.5108648439679815
