ELO:1000
CE_PASSEDPAWNS:0.5043652970451442
CE_PAWNWEAKNESSES:0.5312552652086043
CE_PIECEACTIVITY:0.48132472553353306
CE_KINGPAWNSHIELD:0.4994383117935472
CE_PIECECOORDINATION:0.510933677789374
CE_MATERIAL:0.45583895177008366
CE_KINGSAFETY:0.49740275737739387
C_PIECESQUARETABLES:0.4803411813458428
C_MOBILITY:0.4809794806543704
C_KINGSAFETY:0.4737721015003773
C_PAWNSTRUCTURE:0.4514797159584787
C_PIECECOORDINATION:0.4472479060947301
C_ROOKANDPAWNMOVEMENT:0.4472479060947301
C_CENTERCONTROL:0.5694675334101509
C_DEVELOPPIECES:0.5112788665557966
C_MATERIAL:0.5109673715290349
