ELO:1000
CE_PASSEDPAWNS:0.40473208530604604
CE_PAWNWEAKNESSES:0.5137959429692853
CE_PIECEACTIVITY:0.4560089651247955
CE_KINGPAWNSHIELD:0.49769531324918026
CE_PIECECOORDINATION:0.47935141904638484
CE_MATERIAL:0.5298054419825737
CE_KINGSAFETY:0.5051250338278278
C_PIECESQUARETABLES:0.5003536790974312
C_MOBILITY:0.5036590049232383
C_KINGSAFETY:0.5364836267781308
C_PAWNSTRUCTURE:0.5403516596441613
C_PIECECOORDINATION:0.5048926073140485
C_ROOKANDPAWNMOVEMENT:0.5048926073140485
C_CENTERCONTROL:0.5201857351648836
C_DEVELOPPIECES:0.52736206880387
C_MATERIAL:0.5156225589385811
