ELO:959
CE_PASSEDPAWNS:0.5100400360368769
CE_PAWNWEAKNESSES:0.48912864857807065
CE_PIECEACTIVITY:0.495907938292773
CE_KINGPAWNSHIELD:0.5247214325269243
CE_PIECECOORDINATION:0.5122879853005547
CE_MATERIAL:0.4379954834952132
CE_KINGSAFETY:0.4967276684055188
C_PIECESQUARETABLES:0.5059176309025906
C_MOBILITY:0.5315061233233099
C_KINGSAFETY:0.48957648252527225
C_PAWNSTRUCTURE:0.4833691164051463
C_PIECECOORDINATION:0.4264406317812483
C_ROOKANDPAWNMOVEMENT:0.4264406317812483
C_CENTERCONTROL:0.599645669862406
C_DEVELOPPIECES:0.5796410824143603
C_MATERIAL:0.4894670781080524
