ELO:1000
CE_PASSEDPAWNS:0.5116895958674565
CE_PAWNWEAKNESSES:0.5070282165783082
CE_PIECEACTIVITY:0.5002759556534364
CE_KINGPAWNSHIELD:0.5114499450785639
CE_PIECECOORDINATION:0.49011066535883724
CE_MATERIAL:0.49024234131563893
CE_KINGSAFETY:0.48824077266914284
C_PIECESQUARETABLES:0.5
C_MOBILITY:0.49043693141668415
C_KINGSAFETY:0.4995485682427636
C_PAWNSTRUCTURE:0.5033848533590786
C_PIECECOORDINATION:0.49703985252725313
C_ROOKANDPAWNMOVEMENT:0.49703985252725313
C_CENTERCONTROL:0.4903231683028491
C_DEVELOPPIECES:0.4890863057274995
C_MATERIAL:0.5056891395565793
