ELO:936
CE_PASSEDPAWNS:0.45478786124663384
CE_PAWNWEAKNESSES:0.48933734181312977
CE_PIECEACTIVITY:0.49739750638022645
CE_KINGPAWNSHIELD:0.5147247317046806
CE_PIECECOORDINATION:0.49396477260433796
CE_MATERIAL:0.4296303655009189
CE_KINGSAFETY:0.5094652702556907
C_PIECESQUARETABLES:0.5006499230805906
C_MOBILITY:0.5209027816301475
C_KINGSAFETY:0.4743660858325893
C_PAWNSTRUCTURE:0.4556564674152675
C_PIECECOORDINATION:0.43538326034853025
C_ROOKANDPAWNMOVEMENT:0.43538326034853025
C_CENTERCONTROL:0.5877293063578907
C_DEVELOPPIECES:0.5546577834564028
C_MATERIAL:0.5400449040947867
