ELO:941
CE_PASSEDPAWNS:0.49671227111298605
CE_PAWNWEAKNESSES:0.5172703578154371
CE_PIECEACTIVITY:0.5459906104147079
CE_KINGPAWNSHIELD:0.5113844113115746
CE_PIECECOORDINATION:0.5181594230186859
CE_MATERIAL:0.48993254991998664
CE_KINGSAFETY:0.49432043732129244
C_PIECESQUARETABLES:0.5
C_MOBILITY:0.5048526577762102
C_KINGSAFETY:0.5511738271998186
C_PAWNSTRUCTURE:0.5333622284315217
C_PIECECOORDINATION:0.5118093835307468
C_ROOK:0.5229592719923137
CE_ROOK:0.4892579502875851
C_CENTERCONTROL:0.5166806359527404
C_DEVELOPPIECES:0.49736144203744426
C_MATERIAL:0.5681455313668188
C_MOVECOUNT:0.5021316072671852
C_PAWNMOVEMENT:0.46370889459570863
