ELO:1005
CE_PASSEDPAWNS:0.48226839658703424
CE_PAWNWEAKNESSES:0.5279782503326657
CE_PIECEACTIVITY:0.5075674419022992
CE_KINGPAWNSHIELD:0.5085199667099795
CE_PIECECOORDINATION:0.5027210901724889
CE_MATERIAL:0.5127752288276752
CE_KINGSAFETY:0.5
C_PIECESQUARETABLES:0.4772260845701721
C_MOBILITY:0.49307745462952274
C_KINGSAFETY:0.48416446337901486
C_PAWNSTRUCTURE:0.4926466073898459
C_PIECECOORDINATION:0.45996329152527254
C_ROOKANDPAWNMOVEMENT:0.45996329152527254
C_CENTERCONTROL:0.48811425161291366
C_DEVELOPPIECES:0.5073119659243794
C_MATERIAL:0.43553416563675723
C_MOVECOUNT:0.5
