ELO:1040
CE_PASSEDPAWNS:0.5
CE_PAWNWEAKNESSES:0.494206190027168
CE_PIECEACTIVITY:0.5
CE_KINGPAWNSHIELD:0.5062252970265744
CE_PIECECOORDINATION:0.5
CE_MATERIAL:0.49827798132996587
CE_KINGSAFETY:0.5
C_PIECESQUARETABLES:0.5
C_MOBILITY:0.5
C_KINGSAFETY:0.4948756972491298
C_PAWNSTRUCTURE:0.48870054781672634
C_PIECECOORDINATION:0.5194220819603143
C_ROOKANDPAWNMOVEMENT:0.5194220819603143
C_CENTERCONTROL:0.49974932979211734
C_DEVELOPPIECES:0.4980412901841872
C_MATERIAL:0.48755005193927153
C_MOVECOUNT:0.4910989820005708
