ELO:945
CE_PASSEDPAWNS:0.5380903716745633
CE_PAWNWEAKNESSES:0.49063570184902294
CE_PIECEACTIVITY:0.4315174056042562
CE_KINGPAWNSHIELD:0.4931279155900227
CE_PIECECOORDINATION:0.4790392871273164
CE_MATERIAL:0.5178657113447727
CE_KINGSAFETY:0.45954554517024926
C_PIECESQUARETABLES:0.5509503574116158
C_MOBILITY:0.5
C_KINGSAFETY:0.5064045856735139
C_PAWNSTRUCTURE:0.444023869895834
C_PIECECOORDINATION:0.5160640821865868
C_ROOKANDPAWNMOVEMENT:0.5160640821865868
C_CENTERCONTROL:0.48514765245374236
C_DEVELOPPIECES:0.5066790896937444
C_MATERIAL:0.5330502147255831
C_MOVECOUNT:0.5
