ELO:1020
CE_PASSEDPAWNS:0.49929551287318513
CE_PAWNWEAKNESSES:0.4871715224824995
CE_PIECEACTIVITY:0.5
CE_KINGPAWNSHIELD:0.5112826400496189
CE_PIECECOORDINATION:0.5
CE_MATERIAL:0.4944233188705516
CE_KINGSAFETY:0.5
C_PIECESQUARETABLES:0.5
C_MOBILITY:0.5
C_KINGSAFETY:0.5006633870482766
C_PAWNSTRUCTURE:0.5
C_PIECECOORDINATION:0.5
C_ROOKANDPAWNMOVEMENT:0.5
C_CENTERCONTROL:0.49877025168862327
C_DEVELOPPIECES:0.5
C_MATERIAL:0.5
C_MOVECOUNT:0.48777373039802385
