ELO:990
CE_PASSEDPAWNS:0.4817455184784085
CE_PAWNWEAKNESSES:0.5478300711297118
CE_PIECEACTIVITY:0.5168552291664494
CE_KINGPAWNSHIELD:0.46920785717936253
CE_PIECECOORDINATION:0.5085778310296047
CE_MATERIAL:0.44419638405573575
CE_KINGSAFETY:0.4965013974922681
C_PIECESQUARETABLES:0.5086830786630882
C_MOBILITY:0.40068961505259554
C_KINGSAFETY:0.5218305883396278
C_PAWNSTRUCTURE:0.5085166362908885
C_PIECECOORDINATION:0.4450847697375989
C_ROOKANDPAWNMOVEMENT:0.4450847697375989
C_CENTERCONTROL:0.45364832360105434
C_DEVELOPPIECES:0.5136019986758986
C_MATERIAL:0.49266743608047764
