ELO:959
CE_PASSEDPAWNS:0.6198815915153216
CE_PAWNWEAKNESSES:0.3872449833430821
CE_PIECEACTIVITY:0.4585271411035783
CE_KINGPAWNSHIELD:0.4903722121320523
CE_PIECECOORDINATION:0.4345305142194704
CE_MATERIAL:0.5498638034175831
CE_KINGSAFETY:0.5067454013904029
C_PIECESQUARETABLES:0.5189380879476863
C_MOBILITY:0.5582183664668667
C_KINGSAFETY:0.6300014639427765
C_PAWNSTRUCTURE:0.4965379264566438
C_PIECECOORDINATION:0.4182540903717367
C_ROOKANDPAWNMOVEMENT:0.4182540903717367
C_CENTERCONTROL:0.537317120006406
C_DEVELOPPIECES:0.43474149717412663
C_MATERIAL:0.5725300563075933
