ELO:879
CE_PASSEDPAWNS:0.5214008170957313
CE_PAWNWEAKNESSES:0.5178354983392564
CE_PIECEACTIVITY:0.4838717744517863
CE_KINGPAWNSHIELD:0.5547075105282103
CE_PIECECOORDINATION:0.4773707994864922
CE_MATERIAL:0.49644906351481977
CE_KINGSAFETY:0.5131034165922341
C_PIECESQUARETABLES:0.4987072216607711
C_MOBILITY:0.49737806055868383
C_KINGSAFETY:0.49856288689201783
C_PAWNSTRUCTURE:0.4981652901320302
C_PIECECOORDINATION:0.531812087477693
C_ROOK:0.4827481749280499
CE_ROOK:0.4745898833342143
C_CENTERCONTROL:0.5069014501570266
C_DEVELOPPIECES:0.5062811690528053
C_MATERIAL:0.4891957393827069
C_MOVECOUNT:0.49839413806209787
C_PAWNMOVEMENT:0.47056468764870973
