ELO:955
CE_PASSEDPAWNS:0.6225672150297397
CE_PAWNWEAKNESSES:0.4089616307828723
CE_PIECEACTIVITY:0.46024618440521015
CE_KINGPAWNSHIELD:0.4785717687810864
CE_PIECECOORDINATION:0.4248882174337313
CE_MATERIAL:0.5427845289186437
CE_KINGSAFETY:0.4893974779985233
C_PIECESQUARETABLES:0.5047079523893552
C_MOBILITY:0.5606256066006197
C_KINGSAFETY:0.6146138497038133
C_PAWNSTRUCTURE:0.5160381740558774
C_PIECECOORDINATION:0.3994535073476398
C_ROOKANDPAWNMOVEMENT:0.3994535073476398
C_CENTERCONTROL:0.5415035694852411
C_DEVELOPPIECES:0.44654966066293184
C_MATERIAL:0.5871875462829047
