ELO:1022
CE_PASSEDPAWNS:0.5
CE_PAWNWEAKNESSES:0.5
CE_PIECEACTIVITY:0.4991397771910968
CE_KINGPAWNSHIELD:0.5127264166296751
CE_PIECECOORDINATION:0.5069203997583523
CE_MATERIAL:0.4919456878823029
CE_KINGSAFETY:0.5
C_PIECESQUARETABLES:0.5
C_MOBILITY:0.5063041654674522
C_KINGSAFETY:0.5
C_PAWNSTRUCTURE:0.4922328923839964
C_PIECECOORDINATION:0.5
C_ROOKANDPAWNMOVEMENT:0.5
C_CENTERCONTROL:0.5000956813237041
C_DEVELOPPIECES:0.5
C_MATERIAL:0.5
