ELO:1057
CE_PASSEDPAWNS:0.5
CE_PAWNWEAKNESSES:0.5
CE_PIECEACTIVITY:0.5
CE_KINGPAWNSHIELD:0.5
CE_PIECECOORDINATION:0.49992043083122684
CE_MATERIAL:0.5
CE_KINGSAFETY:0.5
C_PIECESQUARETABLES:0.5
C_MOBILITY:0.49481967650168285
C_KINGSAFETY:0.5083003683945351
C_PAWNSTRUCTURE:0.5025858469211308
C_PIECECOORDINATION:0.5
C_ROOKANDPAWNMOVEMENT:0.5
C_CENTERCONTROL:0.5082263201147994
C_DEVELOPPIECES:0.5
C_MATERIAL:0.500768545410672
C_MOVECOUNT:0.5
