ELO:946
CE_PASSEDPAWNS:0.4993687989065306
CE_PAWNWEAKNESSES:0.5096604931873571
CE_PIECEACTIVITY:0.4488540565880628
CE_KINGPAWNSHIELD:0.49612893215203774
CE_PIECECOORDINATION:0.540716149233393
CE_MATERIAL:0.5082419261553539
CE_KINGSAFETY:0.5076944332349547
C_PIECESQUARETABLES:0.4972512902859418
C_MOBILITY:0.5427520070207424
C_KINGSAFETY:0.5193373245719156
C_PAWNSTRUCTURE:0.528037529427416
C_PIECECOORDINATION:0.49233213681202953
C_ROOKANDPAWNMOVEMENT:0.49233213681202953
C_CENTERCONTROL:0.5101968483946481
C_DEVELOPPIECES:0.4440611738549465
C_MATERIAL:0.5641234540522582
