ELO:1011
CE_PASSEDPAWNS:0.4909437494787189
CE_PAWNWEAKNESSES:0.5005559557071296
CE_PIECEACTIVITY:0.5112237204344812
CE_KINGPAWNSHIELD:0.5
CE_PIECECOORDINATION:0.4972786766945913
CE_MATERIAL:0.5
CE_KINGSAFETY:0.5047904527469474
C_PIECESQUARETABLES:0.4993973839236198
C_MOBILITY:0.4832646231260201
C_KINGSAFETY:0.4973458161584355
C_PAWNSTRUCTURE:0.511083623578016
C_PIECECOORDINATION:0.5118496065789514
C_ROOKANDPAWNMOVEMENT:0.5118496065789514
C_CENTERCONTROL:0.49974932979211734
C_DEVELOPPIECES:0.5
C_MATERIAL:0.5081395459883339
C_MOVECOUNT:0.5018942260163081
