ELO:1000
CE_PASSEDPAWNS:0.5045723998921622
CE_PAWNWEAKNESSES:0.5104642743186758
CE_PIECEACTIVITY:0.5065227596094208
CE_KINGPAWNSHIELD:0.4900213926427161
CE_PIECECOORDINATION:0.49986709942213164
CE_MATERIAL:0.48551036431604017
CE_KINGSAFETY:0.517571898243451
C_PIECESQUARETABLES:0.46953806485990945
C_MOBILITY:0.49166537836542534
C_KINGSAFETY:0.5067953225251766
C_PAWNSTRUCTURE:0.5183350291097738
C_PIECECOORDINATION:0.48996262577740396
C_ROOKANDPAWNMOVEMENT:0.48996262577740396
C_CENTERCONTROL:0.5047266665485451
C_DEVELOPPIECES:0.5094119281619923
C_MATERIAL:0.462561112324732
