ELO:981
CE_PASSEDPAWNS:0.39792981371987557
CE_PAWNWEAKNESSES:0.42267542441096645
CE_PIECEACTIVITY:0.5515399148754938
CE_KINGPAWNSHIELD:0.4076561608377238
CE_PIECECOORDINATION:0.4502399956338441
CE_MATERIAL:0.5125313430690898
CE_KINGSAFETY:0.4930570179745517
C_PIECESQUARETABLES:0.5036724693792181
C_MOBILITY:0.49374967057184077
C_KINGSAFETY:0.5480101139788756
C_PAWNSTRUCTURE:0.3185933080351275
C_PIECECOORDINATION:0.5426316131721678
C_ROOKANDPAWNMOVEMENT:0.5426316131721678
C_CENTERCONTROL:0.38211851825908083
C_DEVELOPPIECES:0.4787953199002977
C_MATERIAL:0.6817001990988584
