ELO:1000
CE_PASSEDPAWNS:0.5531756147127731
CE_PAWNWEAKNESSES:0.4389911889482164
CE_PIECEACTIVITY:0.4766568231640503
CE_KINGPAWNSHIELD:0.5367337094875418
CE_PIECECOORDINATION:0.46322475084410814
CE_MATERIAL:0.505990958089129
CE_KINGSAFETY:0.4685665500802236
C_PIECESQUARETABLES:0.491443536380039
C_MOBILITY:0.5381835188257319
C_KINGSAFETY:0.512080937891887
C_PAWNSTRUCTURE:0.4561291405301209
C_PIECECOORDINATION:0.5101332131363074
C_ROOKANDPAWNMOVEMENT:0.5101332131363074
C_CENTERCONTROL:0.4520490078821837
C_DEVELOPPIECES:0.5359815132618412
C_MATERIAL:0.5115326488301679
