ELO:950
CE_PASSEDPAWNS:0.6262869919075743
CE_PAWNWEAKNESSES:0.401263315759885
CE_PIECEACTIVITY:0.4753840327440553
CE_KINGPAWNSHIELD:0.4601919644629853
CE_PIECECOORDINATION:0.43228299656313673
CE_MATERIAL:0.5265675183477876
CE_KINGSAFETY:0.4859509344679551
C_PIECESQUARETABLES:0.49177041846356523
C_MOBILITY:0.5473283237175113
C_KINGSAFETY:0.6150609714727046
C_PAWNSTRUCTURE:0.4938485262089697
C_PIECECOORDINATION:0.41152327339838474
C_ROOKANDPAWNMOVEMENT:0.41152327339838474
C_CENTERCONTROL:0.5828095055816359
C_DEVELOPPIECES:0.4323554512982244
C_MATERIAL:0.6125546620282051
