ELO:990
CE_PASSEDPAWNS:0.4856186992104034
CE_PAWNWEAKNESSES:0.49195750375876873
CE_PIECEACTIVITY:0.5
CE_KINGPAWNSHIELD:0.5080363633987031
CE_PIECECOORDINATION:0.49350452816004003
CE_MATERIAL:0.5420375697237351
CE_KINGSAFETY:0.48345304174875003
C_PIECESQUARETABLES:0.5
C_MOBILITY:0.5
C_KINGSAFETY:0.5
C_PAWNSTRUCTURE:0.4848968902769676
C_PIECECOORDINATION:0.5127949008228155
C_ROOKANDPAWNMOVEMENT:0.5127949008228155
C_CENTERCONTROL:0.49664487737751556
C_DEVELOPPIECES:0.4577830794080009
C_MATERIAL:0.4961998822603044
C_MOVECOUNT:0.5183656989516612
