ELO:1090
CE_PASSEDPAWNS:0.6397854411424986
CE_PAWNWEAKNESSES:0.48570533154610634
CE_PIECEACTIVITY:0.4955070268643454
CE_KINGPAWNSHIELD:0.4950969434550006
CE_PIECECOORDINATION:0.463607311081963
CE_MATERIAL:0.43125192589693734
CE_KINGSAFETY:0.5080156014105791
C_PIECESQUARETABLES:0.4900657246583348
C_MOBILITY:0.40985837428869937
C_KINGSAFETY:0.5220464110486958
C_PAWNSTRUCTURE:0.4125706896671111
C_PIECECOORDINATION:0.44513046014600094
C_ROOKANDPAWNMOVEMENT:0.44513046014600094
C_CENTERCONTROL:0.5251287192501347
C_DEVELOPPIECES:0.5832541768706485
C_MATERIAL:0.4229735647304572
