ELO:1055
CE_PASSEDPAWNS:0.49526830313692194
CE_PAWNWEAKNESSES:0.50121279273256
CE_PIECEACTIVITY:0.5
CE_KINGPAWNSHIELD:0.4981825456942756
CE_PIECECOORDINATION:0.5
CE_MATERIAL:0.5
CE_KINGSAFETY:0.5
C_PIECESQUARETABLES:0.5
C_MOBILITY:0.498628094054593
C_KINGSAFETY:0.4809672756756484
C_PAWNSTRUCTURE:0.5
C_PIECECOORDINATION:0.48950949681135203
C_ROOKANDPAWNMOVEMENT:0.48950949681135203
C_CENTERCONTROL:0.5
C_DEVELOPPIECES:0.5077941947685375
C_MATERIAL:0.47670325220477106
C_MOVECOUNT:0.4787956126943333
