ELO:813
CE_PASSEDPAWNS:0.4998925306792146
CE_PAWNWEAKNESSES:0.5686993386092003
CE_PIECEACTIVITY:0.5242255990173531
CE_KINGPAWNSHIELD:0.455582878650038
CE_PIECECOORDINATION:0.4434941024698798
CE_MATERIAL:0.5175480737339521
CE_KINGSAFETY:0.47624270121480655
C_PIECESQUARETABLES:0.5056860299423418
C_MOBILITY:0.4605637890252196
C_KINGSAFETY:0.5577514248403624
C_PAWNSTRUCTURE:0.5107486634538688
C_PIECECOORDINATION:0.42483344057612676
C_ROOKANDPAWNMOVEMENT:0.42483344057612676
C_CENTERCONTROL:0.49571545238385706
C_DEVELOPPIECES:0.5421056643981303
C_MATERIAL:0.5344694862828853
