ELO:838
CE_PASSEDPAWNS:0.6196139848373309
CE_PAWNWEAKNESSES:0.48753540370681414
CE_PIECEACTIVITY:0.5297365714650438
CE_KINGPAWNSHIELD:0.5112228773598594
CE_PIECECOORDINATION:0.570040606792952
CE_MATERIAL:0.4985902571007237
CE_KINGSAFETY:0.4987516123618316
C_PIECESQUARETABLES:0.4907250621237719
C_MOBILITY:0.4809510452750236
C_KINGSAFETY:0.5182694592300139
C_PAWNSTRUCTURE:0.5306692630915052
C_PIECECOORDINATION:0.5010948459075907
C_ROOKANDPAWNMOVEMENT:0.5010948459075907
C_CENTERCONTROL:0.43756184033722595
C_DEVELOPPIECES:0.5306320786660687
C_MATERIAL:0.5238453299788606
C_MOVECOUNT:0.5
