ELO:905
CE_PASSEDPAWNS:0.4990009988412838
CE_PAWNWEAKNESSES:0.5196015079153325
CE_PIECEACTIVITY:0.5564011461869832
CE_KINGPAWNSHIELD:0.4783011401739513
CE_PIECECOORDINATION:0.5667543448068217
CE_MATERIAL:0.396221307014673
CE_KINGSAFETY:0.510646283682321
C_PIECESQUARETABLES:0.5129067348474365
C_MOBILITY:0.4847717668366245
C_KINGSAFETY:0.4859125954617033
C_PAWNSTRUCTURE:0.4652069133559014
C_PIECECOORDINATION:0.4036086404924542
C_ROOKANDPAWNMOVEMENT:0.4036086404924542
C_CENTERCONTROL:0.40528072828241946
C_DEVELOPPIECES:0.48616573258670653
C_MATERIAL:0.5174214367085576
