ELO:1000
CE_PASSEDPAWNS:0.5340263997194328
CE_PAWNWEAKNESSES:0.4525896773069409
CE_PIECEACTIVITY:0.504051474070117
CE_KINGPAWNSHIELD:0.5176013377496704
CE_PIECECOORDINATION:0.4792731326913325
CE_MATERIAL:0.5032378559192131
CE_KINGSAFETY:0.5172018339465528
C_PIECESQUARETABLES:0.5040290875647645
C_MOBILITY:0.5170305022142913
C_KINGSAFETY:0.47854473634359845
C_PAWNSTRUCTURE:0.4736646315693052
C_PIECECOORDINATION:0.5131172465905115
C_ROOKANDPAWNMOVEMENT:0.5131172465905115
C_CENTERCONTROL:0.4810805632645781
C_DEVELOPPIECES:0.51032530770296
C_MATERIAL:0.487588024468741
