ELO:756
CE_PASSEDPAWNS:0.6192799008801029
CE_PAWNWEAKNESSES:0.5170257078048247
CE_PIECEACTIVITY:0.5555912889060914
CE_KINGPAWNSHIELD:0.4992219177136405
CE_PIECECOORDINATION:0.6461025059837552
CE_MATERIAL:0.4434918002305174
CE_KINGSAFETY:0.45422091652378765
C_PIECESQUARETABLES:0.5069001267695074
C_MOBILITY:0.5065188410970698
C_KINGSAFETY:0.42690935195371266
C_PAWNSTRUCTURE:0.547420935811035
C_PIECECOORDINATION:0.5044199968305173
C_ROOKANDPAWNMOVEMENT:0.5044199968305173
C_CENTERCONTROL:0.47125858467934195
C_DEVELOPPIECES:0.5791063954894066
C_MATERIAL:0.4353508203924129
C_MOVECOUNT:0.5
