ELO:1045
CE_PASSEDPAWNS:0.5023579480327411
CE_PAWNWEAKNESSES:0.50121279273256
CE_PIECEACTIVITY:0.5028395059644876
CE_KINGPAWNSHIELD:0.5
CE_PIECECOORDINATION:0.513479966432652
CE_MATERIAL:0.5
CE_KINGSAFETY:0.5
C_PIECESQUARETABLES:0.5
C_MOBILITY:0.498628094054593
C_KINGSAFETY:0.4809672756756484
C_PAWNSTRUCTURE:0.49883582609433114
C_PIECECOORDINATION:0.5
C_ROOKANDPAWNMOVEMENT:0.5
C_CENTERCONTROL:0.49145018063305274
C_DEVELOPPIECES:0.5
C_MATERIAL:0.5014218095533763
C_MOVECOUNT:0.4787956126943333
