ELO:977
CE_PASSEDPAWNS:0.5085632332393825
CE_PAWNWEAKNESSES:0.5114672188964781
CE_PIECEACTIVITY:0.5011730167997908
CE_KINGPAWNSHIELD:0.4672149216896731
CE_PIECECOORDINATION:0.5230911808209892
CE_MATERIAL:0.4440476905029879
CE_KINGSAFETY:0.5087295773882011
C_PIECESQUARETABLES:0.5338262780325798
C_MOBILITY:0.40297168525341703
C_KINGSAFETY:0.5370638507597403
C_PAWNSTRUCTURE:0.5208317302476497
C_PIECECOORDINATION:0.43928106954084495
C_ROOKANDPAWNMOVEMENT:0.43928106954084495
C_CENTERCONTROL:0.45359065929255804
C_DEVELOPPIECES:0.5009342641263169
C_MATERIAL:0.4545656593660826
