ELO:988
CE_PASSEDPAWNS:0.35946749191173105
CE_PAWNWEAKNESSES:0.5086530027826172
CE_PIECEACTIVITY:0.5594978002495871
CE_KINGPAWNSHIELD:0.48000751571289835
CE_PIECECOORDINATION:0.4502399956338441
CE_MATERIAL:0.5641728301572835
CE_KINGSAFETY:0.4975918431668806
C_PIECESQUARETABLES:0.48075961003799506
C_MOBILITY:0.5106789489856844
C_KINGSAFETY:0.5521959921522351
C_PAWNSTRUCTURE:0.33107553543952656
C_PIECECOORDINATION:0.4455295289066636
C_ROOKANDPAWNMOVEMENT:0.4455295289066636
C_CENTERCONTROL:0.35523868500455047
C_DEVELOPPIECES:0.4751338382997181
C_MATERIAL:0.6928448761361806
