ELO:1044
CE_PASSEDPAWNS:0.5079477691857213
CE_PAWNWEAKNESSES:0.5
CE_PIECEACTIVITY:0.5043752908235416
CE_KINGPAWNSHIELD:0.49806394817538563
CE_PIECECOORDINATION:0.5119560340737345
CE_MATERIAL:0.4963101022138563
CE_KINGSAFETY:0.5
C_PIECESQUARETABLES:0.5
C_MOBILITY:0.5
C_KINGSAFETY:0.49285922182354625
C_PAWNSTRUCTURE:0.4954633400629177
C_PIECECOORDINATION:0.49592979927243375
C_ROOKANDPAWNMOVEMENT:0.49592979927243375
C_CENTERCONTROL:0.5072070209533227
C_DEVELOPPIECES:0.5
C_MATERIAL:0.5
C_MOVECOUNT:0.5111396762360922
