ELO:913
CE_PASSEDPAWNS:0.4716279796158399
CE_PAWNWEAKNESSES:0.5079109576754678
CE_PIECEACTIVITY:0.5133069524549483
CE_KINGPAWNSHIELD:0.499065869836323
CE_PIECECOORDINATION:0.5097269414023637
CE_MATERIAL:0.5031091327158761
CE_KINGSAFETY:0.5
C_PIECESQUARETABLES:0.5
C_MOBILITY:0.42536290689156303
C_KINGSAFETY:0.46850844084603266
C_PAWNSTRUCTURE:0.4787155741928437
C_PIECECOORDINATION:0.5675826553861227
C_ROOKANDPAWNMOVEMENT:0.5675826553861227
C_CENTERCONTROL:0.5079377446845623
C_DEVELOPPIECES:0.534475575766479
C_MATERIAL:0.5087442089689417
C_MOVECOUNT:0.5
