ELO:958
CE_PASSEDPAWNS:0.447021955969612
CE_PAWNWEAKNESSES:0.48197169006085916
CE_PIECEACTIVITY:0.5049783162133417
CE_KINGPAWNSHIELD:0.5355193258009439
CE_PIECECOORDINATION:0.49180694281043663
CE_MATERIAL:0.46671100637133767
CE_KINGSAFETY:0.5
C_PIECESQUARETABLES:0.4964988265053046
C_MOBILITY:0.5096841680406182
C_KINGSAFETY:0.5362474985487324
C_PAWNSTRUCTURE:0.4527082333042475
C_PIECECOORDINATION:0.48522830316597704
C_ROOKANDPAWNMOVEMENT:0.48522830316597704
C_CENTERCONTROL:0.49616677215770805
C_DEVELOPPIECES:0.5169172508519713
C_MATERIAL:0.49665245099471
C_MOVECOUNT:0.5
