ELO:976
CE_PASSEDPAWNS:0.6059253828782936
CE_PAWNWEAKNESSES:0.38514472071452427
CE_PIECEACTIVITY:0.49634568757533787
CE_KINGPAWNSHIELD:0.5707232978975576
CE_PIECECOORDINATION:0.4961541093654327
CE_MATERIAL:0.45270654922542686
CE_KINGSAFETY:0.5095372026749053
C_PIECESQUARETABLES:0.4614557826308371
C_MOBILITY:0.5408014658356824
C_KINGSAFETY:0.5580666621375427
C_PAWNSTRUCTURE:0.5373372457563814
C_PIECECOORDINATION:0.5384222851951048
C_ROOKANDPAWNMOVEMENT:0.5384222851951048
C_CENTERCONTROL:0.43251065236152564
C_DEVELOPPIECES:0.4575309741897427
C_MATERIAL:0.5190483992478495
