ELO:807
CE_PASSEDPAWNS:0.605009577423576
CE_PAWNWEAKNESSES:0.46485907847193264
CE_PIECEACTIVITY:0.5408830108554638
CE_KINGPAWNSHIELD:0.4761481496966824
CE_PIECECOORDINATION:0.6537063677747568
CE_MATERIAL:0.42163605549219413
CE_KINGSAFETY:0.4348623664445422
C_PIECESQUARETABLES:0.5035938139905431
C_MOBILITY:0.49759931397119045
C_KINGSAFETY:0.42723780177010523
C_PAWNSTRUCTURE:0.5502065242775278
C_PIECECOORDINATION:0.505851680753169
C_ROOKANDPAWNMOVEMENT:0.505851680753169
C_CENTERCONTROL:0.5019512300137566
C_DEVELOPPIECES:0.5719679409566516
C_MATERIAL:0.41930805055476716
C_MOVECOUNT:0.5
