ELO:1033
CE_PASSEDPAWNS:0.4967396397470185
CE_PAWNWEAKNESSES:0.5123532514434384
CE_PIECEACTIVITY:0.5000465166260071
CE_KINGPAWNSHIELD:0.48889580568124974
CE_PIECECOORDINATION:0.5
CE_MATERIAL:0.5021079696382039
CE_KINGSAFETY:0.5
C_PIECESQUARETABLES:0.5048520136595429
C_MOBILITY:0.5
C_KINGSAFETY:0.5
C_PAWNSTRUCTURE:0.4952197972148292
C_PIECECOORDINATION:0.5013566258915023
C_ROOKANDPAWNMOVEMENT:0.5013566258915023
C_CENTERCONTROL:0.5000956813237041
C_DEVELOPPIECES:0.5
C_MATERIAL:0.5
