ELO:924
CE_PASSEDPAWNS:0.5277098452422777
CE_PAWNWEAKNESSES:0.5155547024951332
CE_PIECEACTIVITY:0.4889956099221825
CE_KINGPAWNSHIELD:0.5168467784263254
CE_PIECECOORDINATION:0.47269140291793604
CE_MATERIAL:0.48386689105912123
CE_KINGSAFETY:0.5
C_PIECESQUARETABLES:0.5075396312003907
C_MOBILITY:0.5271700330848618
C_KINGSAFETY:0.500845015438977
C_PAWNSTRUCTURE:0.4974530238867167
C_PIECECOORDINATION:0.5291023588762329
C_ROOK:0.5011809129198771
CE_ROOK:0.488557578773085
C_CENTERCONTROL:0.5140753886006442
C_DEVELOPPIECES:0.5266231335930747
C_MATERIAL:0.47828442077346417
C_MOVECOUNT:0.5128997952361232
C_PAWNMOVEMENT:0.4885461841109259
