ELO:1000
CE_PASSEDPAWNS:0.5140025143140533
CE_PAWNWEAKNESSES:0.47909982824594266
CE_PIECEACTIVITY:0.48958549711477845
CE_KINGPAWNSHIELD:0.5135169281802391
CE_PIECECOORDINATION:0.49091650979426493
CE_MATERIAL:0.5096395514031428
CE_KINGSAFETY:0.48063112028781374
C_PIECESQUARETABLES:0.5038235734693687
C_MOBILITY:0.5132018732761545
C_KINGSAFETY:0.48233792558474314
C_PAWNSTRUCTURE:0.48507031395813344
C_PIECECOORDINATION:0.5052768839707187
C_ROOKANDPAWNMOVEMENT:0.5052768839707187
C_CENTERCONTROL:0.48167624003999643
C_DEVELOPPIECES:0.5104740524578808
C_MATERIAL:0.4924060550797309
