ELO:929
CE_PASSEDPAWNS:0.5401348630060228
CE_PAWNWEAKNESSES:0.5235658231201781
CE_PIECEACTIVITY:0.4771197745547054
CE_KINGPAWNSHIELD:0.5137846091441132
CE_PIECECOORDINATION:0.4778062768137331
CE_MATERIAL:0.47302602794194837
CE_KINGSAFETY:0.5078499937640005
C_PIECESQUARETABLES:0.5
C_MOBILITY:0.522978490849894
C_KINGSAFETY:0.4949355553984676
C_PAWNSTRUCTURE:0.4974530238867167
C_PIECECOORDINATION:0.5326196921268787
C_ROOK:0.4970571119088105
CE_ROOK:0.4893802189474158
C_CENTERCONTROL:0.5145303967601
C_DEVELOPPIECES:0.5137395781966915
C_MATERIAL:0.47828442077346417
C_MOVECOUNT:0.5243818623939084
C_PAWNMOVEMENT:0.4972164638859075
