ELO:1000
CE_PASSEDPAWNS:0.567723556140782
CE_PAWNWEAKNESSES:0.4320526740336595
CE_PIECEACTIVITY:0.46870554134771475
CE_KINGPAWNSHIELD:0.5521609086134265
CE_PIECECOORDINATION:0.477750491788341
CE_MATERIAL:0.5125481177570852
CE_KINGSAFETY:0.5023862866150713
C_PIECESQUARETABLES:0.4843805583425161
C_MOBILITY:0.5375097643258449
C_KINGSAFETY:0.5260755655525527
C_PAWNSTRUCTURE:0.4865199347817868
C_PIECECOORDINATION:0.5152275568385435
C_ROOKANDPAWNMOVEMENT:0.5152275568385435
C_CENTERCONTROL:0.4669618356144522
C_DEVELOPPIECES:0.5147233005733147
C_MATERIAL:0.5158402588688857
