ELO:1058
CE_PASSEDPAWNS:0.5231821593585948
CE_PAWNWEAKNESSES:0.5106715930957989
CE_PIECEACTIVITY:0.4958582009299109
CE_KINGPAWNSHIELD:0.48889580568124974
CE_PIECECOORDINATION:0.5
CE_MATERIAL:0.5
CE_KINGSAFETY:0.5
C_PIECESQUARETABLES:0.5081371508056092
C_MOBILITY:0.5016421502862384
C_KINGSAFETY:0.5
C_PAWNSTRUCTURE:0.5
C_PIECECOORDINATION:0.5
C_ROOKANDPAWNMOVEMENT:0.5
C_CENTERCONTROL:0.5102589569776456
C_DEVELOPPIECES:0.5
C_MATERIAL:0.5176170266431813
