ELO:941
CE_PASSEDPAWNS:0.5034064798163934
CE_PAWNWEAKNESSES:0.5211705076101771
CE_PIECEACTIVITY:0.47631174712089647
CE_KINGPAWNSHIELD:0.5163126274321406
CE_PIECECOORDINATION:0.47977191046926454
CE_MATERIAL:0.47219065853074077
CE_KINGSAFETY:0.5073487962655582
C_PIECESQUARETABLES:0.4992332326735434
C_MOBILITY:0.5165520369654034
C_KINGSAFETY:0.49074524514550566
C_PAWNSTRUCTURE:0.5082815428439064
C_PIECECOORDINATION:0.4811193001988368
C_ROOK:0.5076220814236158
CE_ROOK:0.4985555926686156
C_CENTERCONTROL:0.5070532904837372
C_DEVELOPPIECES:0.5070994810783542
C_MATERIAL:0.48533542754685055
C_MOVECOUNT:0.5290873503480602
C_PAWNMOVEMENT:0.49568513608839415
