ELO:855
CE_PASSEDPAWNS:0.4974974628636042
CE_PAWNWEAKNESSES:0.5063561810888078
CE_PIECEACTIVITY:0.4780447044030491
CE_KINGPAWNSHIELD:0.5352505270633646
CE_PIECECOORDINATION:0.5014040123996069
CE_MATERIAL:0.48590906278555496
CE_KINGSAFETY:0.5
C_PIECESQUARETABLES:0.5
C_MOBILITY:0.5008208457627968
C_KINGSAFETY:0.48287827054651195
C_PAWNSTRUCTURE:0.47961814747360837
C_PIECECOORDINATION:0.5237587057070758
C_ROOK:0.47619556799309115
CE_ROOK:0.4877980375514482
C_CENTERCONTROL:0.5047682697848486
C_DEVELOPPIECES:0.5196123443491218
C_MATERIAL:0.49247061423367283
C_MOVECOUNT:0.5289850612724254
C_PAWNMOVEMENT:0.4730961152183593
