ELO:912
CE_PASSEDPAWNS:0.5277098452422777
CE_PAWNWEAKNESSES:0.5033534328857796
CE_PIECEACTIVITY:0.4889956099221825
CE_KINGPAWNSHIELD:0.5233367084662408
CE_PIECECOORDINATION:0.4723818782536004
CE_MATERIAL:0.48386689105912123
CE_KINGSAFETY:0.4993632038116861
C_PIECESQUARETABLES:0.5075396312003907
C_MOBILITY:0.5271700330848618
C_KINGSAFETY:0.500845015438977
C_PAWNSTRUCTURE:0.4974530238867167
C_PIECECOORDINATION:0.5291023588762329
C_ROOK:0.5011809129198771
CE_ROOK:0.4802373284271467
C_CENTERCONTROL:0.5140753886006442
C_DEVELOPPIECES:0.5329042616499636
C_MATERIAL:0.47692827881268796
C_MOVECOUNT:0.5235028570689627
C_PAWNMOVEMENT:0.4885461841109259
