ELO:1078
CE_PASSEDPAWNS:0.5024566246358082
CE_PAWNWEAKNESSES:0.4642004916619383
CE_PIECEACTIVITY:0.5034338108173293
CE_KINGPAWNSHIELD:0.4805844443890286
CE_PIECECOORDINATION:0.4970139167747844
CE_MATERIAL:0.492576952156938
CE_KINGSAFETY:0.5220089480516701
C_PIECESQUARETABLES:0.5
C_MOBILITY:0.5095950805813837
C_KINGSAFETY:0.5270202738512544
C_PAWNSTRUCTURE:0.5011470648716329
C_PIECECOORDINATION:0.5025497060428835
C_ROOKANDPAWNMOVEMENT:0.5025497060428835
C_CENTERCONTROL:0.531555575682425
C_DEVELOPPIECES:0.4917967320594953
C_MATERIAL:0.5213100771433282
C_MOVECOUNT:0.5367335855828126
