ELO:972
CE_PASSEDPAWNS:0.4887399869071766
CE_PAWNWEAKNESSES:0.5016900769722288
CE_PIECEACTIVITY:0.5025411744874021
CE_KINGPAWNSHIELD:0.4695123268689753
CE_PIECECOORDINATION:0.5
CE_MATERIAL:0.5735642500299611
CE_KINGSAFETY:0.48097984592822224
C_PIECESQUARETABLES:0.42387065388801465
C_MOBILITY:0.49798132357490915
C_KINGSAFETY:0.522219577319474
C_PAWNSTRUCTURE:0.5115426774550338
C_PIECECOORDINATION:0.5007650895575114
C_ROOKANDPAWNMOVEMENT:0.5007650895575114
C_CENTERCONTROL:0.5615237280897406
C_DEVELOPPIECES:0.4476396959057294
C_MATERIAL:0.5069893119054512
C_MOVECOUNT:0.5
