ELO:1000
CE_PASSEDPAWNS:0.4968312246980338
CE_PAWNWEAKNESSES:0.4940560425127065
CE_PIECEACTIVITY:0.5
CE_KINGPAWNSHIELD:0.5090192330637338
CE_PIECECOORDINATION:0.5
CE_MATERIAL:0.5
CE_KINGSAFETY:0.5
C_PIECESQUARETABLES:0.5
C_MOBILITY:0.5
C_KINGSAFETY:0.5
C_PAWNSTRUCTURE:0.5107260618505002
C_PIECECOORDINATION:0.49697025634005015
C_ROOK:0.5
CE_ROOK:0.5
C_CENTERCONTROL:0.5
C_DEVELOPPIECES:0.5
C_MATERIAL:0.49350834141220357
C_MOVECOUNT:0.5
C_PAWNMOVEMENT:0.5
