ELO:1000
CE_PASSEDPAWNS:0.5345839236572083
CE_PAWNWEAKNESSES:0.5742364230613289
CE_PIECEACTIVITY:0.4981686167487488
CE_KINGPAWNSHIELD:0.5024792289507997
CE_PIECECOORDINATION:0.5190504434763907
CE_MATERIAL:0.47854801887076864
CE_KINGSAFETY:0.47149309039076737
C_PIECESQUARETABLES:0.47707415152335003
C_MOBILITY:0.535829105998765
C_KINGSAFETY:0.5108010670030496
C_PAWNSTRUCTURE:0.46834289893394493
C_PIECECOORDINATION:0.5252187452596091
C_ROOKANDPAWNMOVEMENT:0.5252187452596091
C_CENTERCONTROL:0.4887830824061971
C_DEVELOPPIECES:0.4888547214910503
C_MATERIAL:0.5217092285786665
