ELO:940
CE_PASSEDPAWNS:0.509757670167597
CE_PAWNWEAKNESSES:0.5342086140292865
CE_PIECEACTIVITY:0.49862128636147224
CE_KINGPAWNSHIELD:0.44846309479084084
CE_PIECECOORDINATION:0.5591671480263612
CE_MATERIAL:0.5027988226055599
CE_KINGSAFETY:0.49345934890161897
C_PIECESQUARETABLES:0.4934093031607491
C_MOBILITY:0.5164297182100283
C_KINGSAFETY:0.5557817540496035
C_PAWNSTRUCTURE:0.5157941589489727
C_PIECECOORDINATION:0.603355453891663
C_ROOKANDPAWNMOVEMENT:0.603355453891663
C_CENTERCONTROL:0.5131173735930622
C_DEVELOPPIECES:0.47521982564434107
C_MATERIAL:0.5294292270907397
