ELO:1000
CE_PASSEDPAWNS:0.4856008465132558
CE_PAWNWEAKNESSES:0.5048484220806487
CE_PIECEACTIVITY:0.5019968476083635
CE_KINGPAWNSHIELD:0.45397999683416224
CE_PIECECOORDINATION:0.5036788306907517
CE_MATERIAL:0.5653050435916472
CE_KINGSAFETY:0.4926100631583402
C_PIECESQUARETABLES:0.4903384820221156
C_MOBILITY:0.5017551958315992
C_KINGSAFETY:0.521071030027702
C_PAWNSTRUCTURE:0.5477500430510167
C_PIECECOORDINATION:0.48842376894386796
C_ROOKANDPAWNMOVEMENT:0.48842376894386796
C_CENTERCONTROL:0.49898571038361844
C_DEVELOPPIECES:0.46712967369315833
C_MATERIAL:0.47430629236703453
