ELO:996
CE_PASSEDPAWNS:0.4904102932938722
CE_PAWNWEAKNESSES:0.494556399882275
CE_PIECEACTIVITY:0.4898541817540712
CE_KINGPAWNSHIELD:0.5040614156083855
CE_PIECECOORDINATION:0.5035707860523793
CE_MATERIAL:0.5110602554533176
CE_KINGSAFETY:0.5
C_PIECESQUARETABLES:0.5
C_MOBILITY:0.5
C_KINGSAFETY:0.5
C_PAWNSTRUCTURE:0.5
C_PIECECOORDINATION:0.5
C_ROOKANDPAWNMOVEMENT:0.5
C_CENTERCONTROL:0.5
C_DEVELOPPIECES:0.5
C_MATERIAL:0.5
C_MOVECOUNT:0.5
