ELO:971
CE_PASSEDPAWNS:0.4473749601060373
CE_PAWNWEAKNESSES:0.44746660712343406
CE_PIECEACTIVITY:0.5273881452636433
CE_KINGPAWNSHIELD:0.4349398222652277
CE_PIECECOORDINATION:0.42036549050204425
CE_MATERIAL:0.49830623612240854
CE_KINGSAFETY:0.4921488175245671
C_PIECESQUARETABLES:0.488213271680792
C_MOBILITY:0.656762820668037
C_KINGSAFETY:0.5702953574423402
C_PAWNSTRUCTURE:0.5014986868983977
C_PIECECOORDINATION:0.43045125923160366
C_ROOKANDPAWNMOVEMENT:0.43045125923160366
C_CENTERCONTROL:0.4007707708464332
C_DEVELOPPIECES:0.4616351191983999
C_MATERIAL:0.5812271797825052
