ELO:989
CE_PASSEDPAWNS:0.5156500983398059
CE_PAWNWEAKNESSES:0.4756445642675016
CE_PIECEACTIVITY:0.5073868609473947
CE_KINGPAWNSHIELD:0.5133920210031702
CE_PIECECOORDINATION:0.49718833513254973
CE_MATERIAL:0.5041682348841898
CE_KINGSAFETY:0.500462738876636
C_PIECESQUARETABLES:0.49390552338041305
C_MOBILITY:0.5437227546460491
C_KINGSAFETY:0.5027439110569076
C_PAWNSTRUCTURE:0.539688133470604
C_PIECECOORDINATION:0.4833503723241059
C_ROOK:0.5065487027364892
CE_ROOK:0.5181888908131852
C_CENTERCONTROL:0.47921615698268866
C_DEVELOPPIECES:0.48445865347619854
C_MATERIAL:0.49478882202460794
C_MOVECOUNT:0.5134430001796909
C_PAWNMOVEMENT:0.4740320304141418
