ELO:960
CE_PASSEDPAWNS:0.4887022381135838
CE_PAWNWEAKNESSES:0.4482493914781499
CE_PIECEACTIVITY:0.5268796053877052
CE_KINGPAWNSHIELD:0.5599236324897262
CE_PIECECOORDINATION:0.5
CE_MATERIAL:0.5003214429765634
CE_KINGSAFETY:0.5
C_PIECESQUARETABLES:0.5
C_MOBILITY:0.5006433490325032
C_KINGSAFETY:0.5051042748977143
C_PAWNSTRUCTURE:0.5
C_PIECECOORDINATION:0.5023106483287432
C_ROOKANDPAWNMOVEMENT:0.5023106483287432
C_CENTERCONTROL:0.4973230125833624
C_DEVELOPPIECES:0.5030104506744931
C_MATERIAL:0.48729265928102894
C_MOVECOUNT:0.5
