ELO:930
CE_PASSEDPAWNS:0.5205276447664352
CE_PAWNWEAKNESSES:0.46421793637941794
CE_PIECEACTIVITY:0.49350661085907105
CE_KINGPAWNSHIELD:0.5085244403579542
CE_PIECECOORDINATION:0.5009398866119098
CE_MATERIAL:0.46274561024067845
CE_KINGSAFETY:0.5
C_PIECESQUARETABLES:0.4904365854692874
C_MOBILITY:0.5915947446598435
C_KINGSAFETY:0.4676835053018231
C_PAWNSTRUCTURE:0.5372389307204732
C_PIECECOORDINATION:0.46280551139796045
C_ROOK:0.5246691115820303
CE_ROOK:0.5073476778513287
C_CENTERCONTROL:0.5121992728926934
C_DEVELOPPIECES:0.47269024584517855
C_MATERIAL:0.5212341544957285
C_MOVECOUNT:0.511206260219117
C_PAWNMOVEMENT:0.4883575427794058
