ELO:1000
CE_PASSEDPAWNS:0.5001313887578661
CE_PAWNWEAKNESSES:0.4946019497412118
CE_PIECEACTIVITY:0.5085609529722177
CE_KINGPAWNSHIELD:0.43999970108478176
CE_PIECECOORDINATION:0.49937015180327265
CE_MATERIAL:0.46948257103659186
CE_KINGSAFETY:0.47551404199425795
C_PIECESQUARETABLES:0.5019889017116065
C_MOBILITY:0.47689988952677054
C_KINGSAFETY:0.4961112523240944
C_PAWNSTRUCTURE:0.5340889159390986
C_PIECECOORDINATION:0.5341685597593269
C_ROOKANDPAWNMOVEMENT:0.5341685597593269
C_CENTERCONTROL:0.5294098661406645
C_DEVELOPPIECES:0.48824829598399094
C_MATERIAL:0.4868732208239434
