ELO:1008
CE_PASSEDPAWNS:0.4850727684356041
CE_PAWNWEAKNESSES:0.5082886314394814
CE_PIECEACTIVITY:0.5038943324125702
CE_KINGPAWNSHIELD:0.5081687877096049
CE_PIECECOORDINATION:0.5
CE_MATERIAL:0.4876631408265865
CE_KINGSAFETY:0.5
C_PIECESQUARETABLES:0.5052134119676805
C_MOBILITY:0.4910587168435034
C_KINGSAFETY:0.5055429596681827
C_PAWNSTRUCTURE:0.4942131471599803
C_PIECECOORDINATION:0.4815446465134948
C_ROOKANDPAWNMOVEMENT:0.4815446465134948
C_CENTERCONTROL:0.5041987870526856
C_DEVELOPPIECES:0.5
C_MATERIAL:0.5079721324436365
