ELO:895
CE_PASSEDPAWNS:0.4502442848002413
CE_PAWNWEAKNESSES:0.4521369582495399
CE_PIECEACTIVITY:0.5898659930625322
CE_KINGPAWNSHIELD:0.3623976329412824
CE_PIECECOORDINATION:0.5586143689044083
CE_MATERIAL:0.542374476134522
CE_KINGSAFETY:0.4843638957582875
C_PIECESQUARETABLES:0.6101871728760783
C_MOBILITY:0.6396792047928239
C_KINGSAFETY:0.5368637148411577
C_PAWNSTRUCTURE:0.5569634001761177
C_PIECECOORDINATION:0.3651730223478896
C_ROOKANDPAWNMOVEMENT:0.3651730223478896
C_CENTERCONTROL:0.3942126111885357
C_DEVELOPPIECES:0.45487969249036075
C_MATERIAL:0.575924180203918
