ELO:1009
CE_PASSEDPAWNS:0.5
CE_PAWNWEAKNESSES:0.5
CE_PIECEACTIVITY:0.5
CE_KINGPAWNSHIELD:0.5006294682671635
CE_PIECECOORDINATION:0.49943144374687565
CE_MATERIAL:0.5110602554533176
CE_KINGSAFETY:0.4915387329174172
C_PIECESQUARETABLES:0.49772333901932275
C_MOBILITY:0.49625046055050864
C_KINGSAFETY:0.5
C_PAWNSTRUCTURE:0.5017337202628548
C_PIECECOORDINATION:0.5094919456237422
C_ROOKANDPAWNMOVEMENT:0.5094919456237422
C_CENTERCONTROL:0.4893468898066418
C_DEVELOPPIECES:0.5
C_MATERIAL:0.5118574838416963
C_MOVECOUNT:0.5
