ELO:980
CE_PASSEDPAWNS:0.5033262405481673
CE_PAWNWEAKNESSES:0.46514797203790204
CE_PIECEACTIVITY:0.5019969676665534
CE_KINGPAWNSHIELD:0.5
CE_PIECECOORDINATION:0.5
CE_MATERIAL:0.4906780672082556
CE_KINGSAFETY:0.5077379890041595
C_PIECESQUARETABLES:0.4964453683949486
C_MOBILITY:0.5512629040018843
C_KINGSAFETY:0.5294377985796732
C_PAWNSTRUCTURE:0.5
C_PIECECOORDINATION:0.5118580249290943
C_ROOKANDPAWNMOVEMENT:0.5118580249290943
C_CENTERCONTROL:0.4810765955153231
C_DEVELOPPIECES:0.48442926260176483
C_MATERIAL:0.5100766989601756
C_MOVECOUNT:0.5
