ELO:954
CE_PASSEDPAWNS:0.452588469165171
CE_PAWNWEAKNESSES:0.49993499574310174
CE_PIECEACTIVITY:0.5552968800873984
CE_KINGPAWNSHIELD:0.4132430538702272
CE_PIECECOORDINATION:0.4644237550357665
CE_MATERIAL:0.49520303134138643
CE_KINGSAFETY:0.4933979119001339
C_PIECESQUARETABLES:0.47806621069311644
C_MOBILITY:0.6449131894586527
C_KINGSAFETY:0.5843149586855201
C_PAWNSTRUCTURE:0.5072260605998999
C_PIECECOORDINATION:0.412915167861449
C_ROOKANDPAWNMOVEMENT:0.412915167861449
C_CENTERCONTROL:0.3916419409381051
C_DEVELOPPIECES:0.45372871298105266
C_MATERIAL:0.579025213330888
