ELO:983
CE_PASSEDPAWNS:0.5078447212838282
CE_PAWNWEAKNESSES:0.4891729698163265
CE_PIECEACTIVITY:0.4975495101758845
CE_KINGPAWNSHIELD:0.5056499261056522
CE_PIECECOORDINATION:0.4886108456735903
CE_MATERIAL:0.4928096679449268
CE_KINGSAFETY:0.5037448424838834
C_PIECESQUARETABLES:0.4904931759151883
C_MOBILITY:0.511468976511076
C_KINGSAFETY:0.5
C_PAWNSTRUCTURE:0.49669390994795604
C_PIECECOORDINATION:0.5
C_ROOKANDPAWNMOVEMENT:0.5
C_CENTERCONTROL:0.483065104887716
C_DEVELOPPIECES:0.48541990282998604
C_MATERIAL:0.5063654588707668
C_MOVECOUNT:0.5
