ELO:965
CE_PASSEDPAWNS:0.5086845149483613
CE_PAWNWEAKNESSES:0.4955541372654597
CE_PIECEACTIVITY:0.4987132440169257
CE_KINGPAWNSHIELD:0.49919399378802315
CE_PIECECOORDINATION:0.4852063996030974
CE_MATERIAL:0.5578520027404299
CE_KINGSAFETY:0.5039388858568072
C_PIECESQUARETABLES:0.47620513522292535
C_MOBILITY:0.5091127176216745
C_KINGSAFETY:0.516224430703857
C_PAWNSTRUCTURE:0.4935386565718756
C_PIECECOORDINATION:0.5075848755586629
C_ROOKANDPAWNMOVEMENT:0.5075848755586629
C_CENTERCONTROL:0.4984224220726437
C_DEVELOPPIECES:0.5047994119098397
C_MATERIAL:0.5168320576365488
C_MOVECOUNT:0.5
