ELO:1000
CE_PASSEDPAWNS:0.47996954681941756
CE_PAWNWEAKNESSES:0.4977746058732176
CE_PIECEACTIVITY:0.4841936540980222
CE_KINGPAWNSHIELD:0.5158107535035024
CE_PIECECOORDINATION:0.5014318208705327
CE_MATERIAL:0.5128914454917414
CE_KINGSAFETY:0.5004773416375576
C_PIECESQUARETABLES:0.4955965013527221
C_MOBILITY:0.5076718345147858
C_KINGSAFETY:0.5077665078596506
C_PAWNSTRUCTURE:0.5046092701845778
C_PIECECOORDINATION:0.49667217283322584
C_ROOKANDPAWNMOVEMENT:0.49667217283322584
C_CENTERCONTROL:0.5124286646000025
C_DEVELOPPIECES:0.5085131868187259
C_MATERIAL:0.4493458272930133
