ELO:973
CE_PASSEDPAWNS:0.48207460415081316
CE_PAWNWEAKNESSES:0.4971438721252658
CE_PIECEACTIVITY:0.5
CE_KINGPAWNSHIELD:0.5118629548385899
CE_PIECECOORDINATION:0.49306618288583387
CE_MATERIAL:0.5043739438141264
CE_KINGSAFETY:0.5022452727885237
C_PIECESQUARETABLES:0.4859379713779921
C_MOBILITY:0.5009834563447216
C_KINGSAFETY:0.48775233224913733
C_PAWNSTRUCTURE:0.5171805035992868
C_PIECECOORDINATION:0.5035390483488459
C_ROOK:0.4884976361540438
CE_ROOK:0.5052602916525031
C_CENTERCONTROL:0.5040111226816342
C_DEVELOPPIECES:0.4975749100136449
C_MATERIAL:0.5036975510954173
C_MOVECOUNT:0.5067716868314499
C_PAWNMOVEMENT:0.5188469588816679
