ELO:1025
CE_PASSEDPAWNS:0.5
CE_PAWNWEAKNESSES:0.498422560524548
CE_PIECEACTIVITY:0.5111321782356769
CE_KINGPAWNSHIELD:0.5
CE_PIECECOORDINATION:0.5099582135447003
CE_MATERIAL:0.5126345513576192
CE_KINGSAFETY:0.49808567597256087
C_PIECESQUARETABLES:0.5114292464327476
C_MOBILITY:0.5008056367235464
C_KINGSAFETY:0.5
C_PAWNSTRUCTURE:0.5
C_PIECECOORDINATION:0.5
C_ROOKANDPAWNMOVEMENT:0.5
C_CENTERCONTROL:0.49236418989003955
C_DEVELOPPIECES:0.4984141885264271
C_MATERIAL:0.4964338873641893
