ELO:985
CE_PASSEDPAWNS:0.49139741034984374
CE_PAWNWEAKNESSES:0.4991377224527641
CE_PIECEACTIVITY:0.4989297987059708
CE_KINGPAWNSHIELD:0.4685015768719625
CE_PIECECOORDINATION:0.5242061428348889
CE_MATERIAL:0.5739474378636937
CE_KINGSAFETY:0.5
C_PIECESQUARETABLES:0.5
C_MOBILITY:0.4833502376334878
C_KINGSAFETY:0.519360941177825
C_PAWNSTRUCTURE:0.511083623578016
C_PIECECOORDINATION:0.5
C_ROOKANDPAWNMOVEMENT:0.5
C_CENTERCONTROL:0.49954933191167405
C_DEVELOPPIECES:0.4780932818635463
C_MATERIAL:0.5
C_MOVECOUNT:0.4923608549466552
