ELO:999
CE_PASSEDPAWNS:0.5081501093188822
CE_PAWNWEAKNESSES:0.4979478514664927
CE_PIECEACTIVITY:0.5
CE_KINGPAWNSHIELD:0.5074414602066935
CE_PIECECOORDINATION:0.5
CE_MATERIAL:0.5
CE_KINGSAFETY:0.4941580606769643
C_PIECESQUARETABLES:0.5
C_MOBILITY:0.48557197423973125
C_KINGSAFETY:0.5064721971346264
C_PAWNSTRUCTURE:0.4943361187327287
C_PIECECOORDINATION:0.4711389044815798
C_ROOKANDPAWNMOVEMENT:0.4711389044815798
C_CENTERCONTROL:0.5
C_DEVELOPPIECES:0.49722552044808177
C_MATERIAL:0.5032189914455285
C_MOVECOUNT:0.5
