ELO:977
CE_PASSEDPAWNS:0.5156500983398059
CE_PAWNWEAKNESSES:0.48274572468354227
CE_PIECEACTIVITY:0.5076151656024019
CE_KINGPAWNSHIELD:0.5133920210031702
CE_PIECECOORDINATION:0.49718833513254973
CE_MATERIAL:0.5041682348841898
CE_KINGSAFETY:0.5
C_PIECESQUARETABLES:0.5
C_MOBILITY:0.5437227546460491
C_KINGSAFETY:0.5027439110569076
C_PAWNSTRUCTURE:0.539688133470604
C_PIECECOORDINATION:0.47757540062108716
C_ROOK:0.5065487027364892
CE_ROOK:0.5181888908131852
C_CENTERCONTROL:0.48214212573188137
C_DEVELOPPIECES:0.48745248831108207
C_MATERIAL:0.49478882202460794
C_MOVECOUNT:0.5134430001796909
C_PAWNMOVEMENT:0.4828522395365218
