ELO:1016
CE_PASSEDPAWNS:0.5198953570732054
CE_PAWNWEAKNESSES:0.5
CE_PIECEACTIVITY:0.5
CE_KINGPAWNSHIELD:0.5115786101233678
CE_PIECECOORDINATION:0.5101384688935242
CE_MATERIAL:0.5172347547921693
CE_KINGSAFETY:0.5
C_PIECESQUARETABLES:0.5224135871333174
C_MOBILITY:0.5045066503617069
C_KINGSAFETY:0.5
C_PAWNSTRUCTURE:0.5
C_PIECECOORDINATION:0.5168771559978308
C_ROOKANDPAWNMOVEMENT:0.5168771559978308
C_CENTERCONTROL:0.49591045736275735
C_DEVELOPPIECES:0.5
C_MATERIAL:0.4892779066874848
C_MOVECOUNT:0.5
