ELO:989
CE_PASSEDPAWNS:0.5
CE_PAWNWEAKNESSES:0.5110158898168342
CE_PIECEACTIVITY:0.5049937711479624
CE_KINGPAWNSHIELD:0.543090173100202
CE_PIECECOORDINATION:0.5188738500524404
CE_MATERIAL:0.5166235353465902
CE_KINGSAFETY:0.5030344067508757
C_PIECESQUARETABLES:0.5
C_MOBILITY:0.43143216850071237
C_KINGSAFETY:0.49550443504652714
C_PAWNSTRUCTURE:0.4999576816296674
C_PIECECOORDINATION:0.48297283233334815
C_ROOKANDPAWNMOVEMENT:0.48297283233334815
C_CENTERCONTROL:0.5106139396762142
C_DEVELOPPIECES:0.47647917712678567
C_MATERIAL:0.5133675072324158
C_MOVECOUNT:0.5
