ELO:937
CE_PASSEDPAWNS:0.436830656995709
CE_PAWNWEAKNESSES:0.4930220892432164
CE_PIECEACTIVITY:0.5622829656898478
CE_KINGPAWNSHIELD:0.3851013608772601
CE_PIECECOORDINATION:0.4739780926151211
CE_MATERIAL:0.49560104164869406
CE_KINGSAFETY:0.4978789154875345
C_PIECESQUARETABLES:0.5045648576482448
C_MOBILITY:0.6380006211199399
C_KINGSAFETY:0.562117293093111
C_PAWNSTRUCTURE:0.5262971977544546
C_PIECECOORDINATION:0.39302608415712476
C_ROOKANDPAWNMOVEMENT:0.39302608415712476
C_CENTERCONTROL:0.3883456615257453
C_DEVELOPPIECES:0.4669248923500926
C_MATERIAL:0.5716902705829593
