ELO:1000
CE_PASSEDPAWNS:0.4904600353623684
CE_PAWNWEAKNESSES:0.48837780077552123
CE_PIECEACTIVITY:0.5002647681458209
CE_KINGPAWNSHIELD:0.4972835764010087
CE_PIECECOORDINATION:0.4926261797635881
CE_MATERIAL:0.5111467955025766
CE_KINGSAFETY:0.5004803238697626
C_PIECESQUARETABLES:0.5008667441783488
C_MOBILITY:0.51008654062687
C_KINGSAFETY:0.5046419519303234
C_PAWNSTRUCTURE:0.5040287262871456
C_PIECECOORDINATION:0.4998695002971571
C_ROOKANDPAWNMOVEMENT:0.4998695002971571
C_CENTERCONTROL:0.5042314850307071
C_DEVELOPPIECES:0.5
C_MATERIAL:0.463240497186142
