ELO:1000
CE_PASSEDPAWNS:0.5
CE_PAWNWEAKNESSES:0.5159982838090896
CE_PIECEACTIVITY:0.5
CE_KINGPAWNSHIELD:0.49987104487330186
CE_PIECECOORDINATION:0.49506159571915404
CE_MATERIAL:0.4937272282036103
CE_KINGSAFETY:0.5059137497655328
C_PIECESQUARETABLES:0.48872339337051357
C_MOBILITY:0.5
C_KINGSAFETY:0.4901340173115309
C_PAWNSTRUCTURE:0.5
C_PIECECOORDINATION:0.4883741995018385
C_ROOK:0.5
CE_ROOK:0.5067550081409232
C_CENTERCONTROL:0.5
C_DEVELOPPIECES:0.49311618999674334
C_MATERIAL:0.5
C_MOVECOUNT:0.4910955449045937
C_PAWNMOVEMENT:0.49317482933362544
