ELO:995
CE_PASSEDPAWNS:0.5101041908991761
CE_PAWNWEAKNESSES:0.5070109929969219
CE_PIECEACTIVITY:0.5055784320984256
CE_KINGPAWNSHIELD:0.5055415399246539
CE_PIECECOORDINATION:0.5015146814407958
CE_MATERIAL:0.4957658941649024
CE_KINGSAFETY:0.49072464833690094
C_PIECESQUARETABLES:0.5
C_MOBILITY:0.5288528926809216
C_KINGSAFETY:0.49921114541512895
C_PAWNSTRUCTURE:0.528115700196023
C_PIECECOORDINATION:0.4941432946091168
C_ROOK:0.5060266862967054
CE_ROOK:0.5061236915870736
C_CENTERCONTROL:0.4701931765402941
C_DEVELOPPIECES:0.48939560210263117
C_MATERIAL:0.5041738073335664
C_MOVECOUNT:0.4957265771101261
C_PAWNMOVEMENT:0.4655795821642753
