ELO:980
CE_PASSEDPAWNS:0.49862210650283545
CE_PAWNWEAKNESSES:0.49954533186963457
CE_PIECEACTIVITY:0.4856370009959301
CE_KINGPAWNSHIELD:0.4975751168641659
CE_PIECECOORDINATION:0.5344993850633579
CE_MATERIAL:0.4960697653908187
CE_KINGSAFETY:0.5
C_PIECESQUARETABLES:0.5
C_MOBILITY:0.4853501490687458
C_KINGSAFETY:0.5007277577923747
C_PAWNSTRUCTURE:0.5126996148334191
C_PIECECOORDINATION:0.5364405604293373
C_ROOKANDPAWNMOVEMENT:0.5364405604293373
C_CENTERCONTROL:0.504899391189381
C_DEVELOPPIECES:0.4899956349115579
C_MATERIAL:0.504356288007506
C_MOVECOUNT:0.5367335855828126
