ELO:924
CE_PASSEDPAWNS:0.5132441934131278
CE_PAWNWEAKNESSES:0.48631222541698055
CE_PIECEACTIVITY:0.5055462832844004
CE_KINGPAWNSHIELD:0.5207482931419859
CE_PIECECOORDINATION:0.4985638538260208
CE_MATERIAL:0.4877174732075492
CE_KINGSAFETY:0.4885406867035222
C_PIECESQUARETABLES:0.5235975373336205
C_MOBILITY:0.5770051358321365
C_KINGSAFETY:0.5027439110569076
C_PAWNSTRUCTURE:0.5342506396120366
C_PIECECOORDINATION:0.475719523441463
C_ROOK:0.5022991716219204
CE_ROOK:0.5110415605860822
C_CENTERCONTROL:0.5051673304565586
C_DEVELOPPIECES:0.4680572165144558
C_MATERIAL:0.5089048595331871
C_MOVECOUNT:0.5044677744032036
C_PAWNMOVEMENT:0.4944136045426731
