ELO:970
CE_PASSEDPAWNS:0.49104299572473353
CE_PAWNWEAKNESSES:0.4870826378112321
CE_PIECEACTIVITY:0.5
CE_KINGPAWNSHIELD:0.5
CE_PIECECOORDINATION:0.49667395774672707
CE_MATERIAL:0.5023173846635284
CE_KINGSAFETY:0.5
C_PIECESQUARETABLES:0.4850461640687314
C_MOBILITY:0.49921873138351225
C_KINGSAFETY:0.54442275391403
C_PAWNSTRUCTURE:0.4955713490144394
C_PIECECOORDINATION:0.49088094310641706
C_ROOKANDPAWNMOVEMENT:0.49088094310641706
C_CENTERCONTROL:0.45600403932762085
C_DEVELOPPIECES:0.5217427212450777
C_MATERIAL:0.5029529302698583
C_MOVECOUNT:0.5
