ELO:1003
CE_PASSEDPAWNS:0.48336454475904633
CE_PAWNWEAKNESSES:0.48884613475962285
CE_PIECEACTIVITY:0.4999604255785007
CE_KINGPAWNSHIELD:0.49542754113614984
CE_PIECECOORDINATION:0.49369475720448747
CE_MATERIAL:0.5141309554288803
CE_KINGSAFETY:0.5161072836013302
C_PIECESQUARETABLES:0.49520471771086916
C_MOBILITY:0.49303109098356557
C_KINGSAFETY:0.49601822339191615
C_PAWNSTRUCTURE:0.5050620738766175
C_PIECECOORDINATION:0.5
C_ROOK:0.5119323154649827
CE_ROOK:0.5219502095343952
C_CENTERCONTROL:0.5033501355396119
C_DEVELOPPIECES:0.49419087155294605
C_MATERIAL:0.5
C_MOVECOUNT:0.5
C_PAWNMOVEMENT:0.4918822347493763
