ELO:880
CE_PASSEDPAWNS:0.5343657976038377
CE_PAWNWEAKNESSES:0.4727634913799244
CE_PIECEACTIVITY:0.48314801915852074
CE_KINGPAWNSHIELD:0.4985223535927939
CE_PIECECOORDINATION:0.4868803904595285
CE_MATERIAL:0.4456829359478547
CE_KINGSAFETY:0.5001460466318899
C_PIECESQUARETABLES:0.4997550246267113
C_MOBILITY:0.5906776625294713
C_KINGSAFETY:0.46407757724538906
C_PAWNSTRUCTURE:0.549857727096588
C_PIECECOORDINATION:0.4550321968475089
C_ROOK:0.5261398335381038
CE_ROOK:0.48627491885132623
C_CENTERCONTROL:0.5398019364462865
C_DEVELOPPIECES:0.47752904100053606
C_MATERIAL:0.5462542725850961
C_MOVECOUNT:0.5090859807184169
C_PAWNMOVEMENT:0.4616032846178404
