ELO:940
CE_PASSEDPAWNS:0.5194533330446599
CE_PAWNWEAKNESSES:0.5412555912431193
CE_PIECEACTIVITY:0.4913256333212086
CE_KINGPAWNSHIELD:0.45582054454974563
CE_PIECECOORDINATION:0.5520567706091416
CE_MATERIAL:0.5104436883829807
CE_KINGSAFETY:0.5127758214376801
C_PIECESQUARETABLES:0.4855560322428241
C_MOBILITY:0.5450772788785828
C_KINGSAFETY:0.5634753376154399
C_PAWNSTRUCTURE:0.5211527706319448
C_PIECECOORDINATION:0.6211529839672042
C_ROOKANDPAWNMOVEMENT:0.6211529839672042
C_CENTERCONTROL:0.532871931685217
C_DEVELOPPIECES:0.45933289586099063
C_MATERIAL:0.5209453051153049
