ELO:910
CE_PASSEDPAWNS:0.5220924141762987
CE_PAWNWEAKNESSES:0.46682387441527506
CE_PIECEACTIVITY:0.5056429829864745
CE_KINGPAWNSHIELD:0.5085244403579542
CE_PIECECOORDINATION:0.4890872426285055
CE_MATERIAL:0.4405390111610715
CE_KINGSAFETY:0.5
C_PIECESQUARETABLES:0.49051080840742306
C_MOBILITY:0.5858153341578051
C_KINGSAFETY:0.4628647593262974
C_PAWNSTRUCTURE:0.5615369125878598
C_PIECECOORDINATION:0.45423390330153346
C_ROOK:0.5257323599526333
CE_ROOK:0.49313570741153895
C_CENTERCONTROL:0.5076544785240565
C_DEVELOPPIECES:0.47909380711163463
C_MATERIAL:0.5393163768781511
C_MOVECOUNT:0.5199271058163396
C_PAWNMOVEMENT:0.46919941845763324
