ELO:878
CE_PASSEDPAWNS:0.5190592356285655
CE_PAWNWEAKNESSES:0.4755460957186186
CE_PIECEACTIVITY:0.5056429829864745
CE_KINGPAWNSHIELD:0.5106577847822157
CE_PIECECOORDINATION:0.4868803904595285
CE_MATERIAL:0.4457508234844355
CE_KINGSAFETY:0.4870456245770026
C_PIECESQUARETABLES:0.4899982496093626
C_MOBILITY:0.5937292151240773
C_KINGSAFETY:0.46327612964472237
C_PAWNSTRUCTURE:0.5501368574034118
C_PIECECOORDINATION:0.44246621225365673
C_ROOK:0.5222676095696096
CE_ROOK:0.49931985373436516
C_CENTERCONTROL:0.5224366215800957
C_DEVELOPPIECES:0.4824267786430427
C_MATERIAL:0.5526916710428139
C_MOVECOUNT:0.5146349498504817
C_PAWNMOVEMENT:0.4611844780726195
