ELO:940
CE_PASSEDPAWNS:0.5093077565673301
CE_PAWNWEAKNESSES:0.5
CE_PIECEACTIVITY:0.5216737417263234
CE_KINGPAWNSHIELD:0.4456169094010379
CE_PIECECOORDINATION:0.5085899924413093
CE_MATERIAL:0.49867638347944376
CE_KINGSAFETY:0.5
C_PIECESQUARETABLES:0.5
C_MOBILITY:0.5356869463075623
C_KINGSAFETY:0.487329975508042
C_PAWNSTRUCTURE:0.5
C_PIECECOORDINATION:0.5376618651037446
C_ROOKANDPAWNMOVEMENT:0.5376618651037446
C_CENTERCONTROL:0.508825790884665
C_DEVELOPPIECES:0.4923284771447378
C_MATERIAL:0.49376750209990206
C_MOVECOUNT:0.5
