ELO:1000
CE_PASSEDPAWNS:0.4743181650132321
CE_PAWNWEAKNESSES:0.5000708061901915
CE_PIECEACTIVITY:0.501237823919636
CE_KINGPAWNSHIELD:0.46913495773622027
CE_PIECECOORDINATION:0.4975636124678916
CE_MATERIAL:0.5440720946706886
CE_KINGSAFETY:0.5
C_PIECESQUARETABLES:0.5
C_MOBILITY:0.5022654183365655
C_KINGSAFETY:0.5225656056620389
C_PAWNSTRUCTURE:0.5495067719308321
C_PIECECOORDINATION:0.48617314758037267
C_ROOKANDPAWNMOVEMENT:0.48617314758037267
C_CENTERCONTROL:0.5098555304974844
C_DEVELOPPIECES:0.4598699672156955
C_MATERIAL:0.4869970160363824
