ELO:964
CE_PASSEDPAWNS:0.5132441934131278
CE_PAWNWEAKNESSES:0.48274572468354227
CE_PIECEACTIVITY:0.5055462832844004
CE_KINGPAWNSHIELD:0.5105196521288939
CE_PIECECOORDINATION:0.4985638538260208
CE_MATERIAL:0.49899002788485614
CE_KINGSAFETY:0.5
C_PIECESQUARETABLES:0.5142534697552767
C_MOBILITY:0.5580226856400369
C_KINGSAFETY:0.5027439110569076
C_PAWNSTRUCTURE:0.539688133470604
C_PIECECOORDINATION:0.47787018535606474
C_ROOK:0.5098007484338967
CE_ROOK:0.5181888908131852
C_CENTERCONTROL:0.49279935947189224
C_DEVELOPPIECES:0.4786986923700746
C_MATERIAL:0.49478882202460794
C_MOVECOUNT:0.5077513934144942
C_PAWNMOVEMENT:0.4828522395365218
