ELO:1008
CE_PASSEDPAWNS:0.4999163184253259
CE_PAWNWEAKNESSES:0.5084728069834002
CE_PIECEACTIVITY:0.4902701811496231
CE_KINGPAWNSHIELD:0.5040789628225204
CE_PIECECOORDINATION:0.5172591547421923
CE_MATERIAL:0.5087389801814647
CE_KINGSAFETY:0.48079789294339453
C_PIECESQUARETABLES:0.497645522611836
C_MOBILITY:0.4937246885424933
C_KINGSAFETY:0.48000163414017116
C_PAWNSTRUCTURE:0.5188020855249098
C_PIECECOORDINATION:0.49686714702622586
C_ROOKANDPAWNMOVEMENT:0.49686714702622586
C_CENTERCONTROL:0.4952528989633469
C_DEVELOPPIECES:0.4900979821061956
C_MATERIAL:0.4743769462976118
C_MOVECOUNT:0.4949758293676579
