ELO:1019
CE_PASSEDPAWNS:0.5
CE_PAWNWEAKNESSES:0.5084728069834002
CE_PIECEACTIVITY:0.49257806572796675
CE_KINGPAWNSHIELD:0.5
CE_PIECECOORDINATION:0.49703636466757906
CE_MATERIAL:0.4921702611495589
CE_KINGSAFETY:0.48079789294339453
C_PIECESQUARETABLES:0.5107016021732914
C_MOBILITY:0.4817993069161407
C_KINGSAFETY:0.4891382310633481
C_PAWNSTRUCTURE:0.5188020855249098
C_PIECECOORDINATION:0.5
C_ROOKANDPAWNMOVEMENT:0.5
C_CENTERCONTROL:0.505052719865973
C_DEVELOPPIECES:0.5038628301030613
C_MATERIAL:0.4743769462976118
C_MOVECOUNT:0.511535141408722
