ELO:981
CE_PASSEDPAWNS:0.4843370126157727
CE_PAWNWEAKNESSES:0.48554939988067425
CE_PIECEACTIVITY:0.49907142915952957
CE_KINGPAWNSHIELD:0.5163878621940746
CE_PIECECOORDINATION:0.48545842031150377
CE_MATERIAL:0.5096899235081253
CE_KINGSAFETY:0.4884996870752205
C_PIECESQUARETABLES:0.49117349711480585
C_MOBILITY:0.4959773043021609
C_KINGSAFETY:0.49966985055611346
C_PAWNSTRUCTURE:0.5
C_PIECECOORDINATION:0.489642521611703
C_ROOKANDPAWNMOVEMENT:0.489642521611703
C_CENTERCONTROL:0.49989289236630613
C_DEVELOPPIECES:0.4828356870625051
C_MATERIAL:0.48971032934447467
C_MOVECOUNT:0.4878266572869345
