ELO:1022
CE_PASSEDPAWNS:0.4987824019407791
CE_PAWNWEAKNESSES:0.4979446209632804
CE_PIECEACTIVITY:0.5
CE_KINGPAWNSHIELD:0.5
CE_PIECECOORDINATION:0.4929924736163487
CE_MATERIAL:0.5039018535623319
CE_KINGSAFETY:0.5
C_PIECESQUARETABLES:0.5
C_MOBILITY:0.5115023106231782
C_KINGSAFETY:0.48502047003443005
C_PAWNSTRUCTURE:0.49155286495881056
C_PIECECOORDINATION:0.5
C_ROOKANDPAWNMOVEMENT:0.5
C_CENTERCONTROL:0.506659634673182
C_DEVELOPPIECES:0.5014826909462189
C_MATERIAL:0.5018383165613604
C_MOVECOUNT:0.5
