ELO:890
CE_PASSEDPAWNS:0.46090651004227257
CE_PAWNWEAKNESSES:0.44341258596134014
CE_PIECEACTIVITY:0.5726908395436057
CE_KINGPAWNSHIELD:0.3737691272791599
CE_PIECECOORDINATION:0.5531959513950457
CE_MATERIAL:0.5720527851442896
CE_KINGSAFETY:0.4974323790987459
C_PIECESQUARETABLES:0.5934756863889401
C_MOBILITY:0.6278907442318756
C_KINGSAFETY:0.5421304188909596
C_PAWNSTRUCTURE:0.5569634001761177
C_PIECECOORDINATION:0.3334253968114039
C_ROOKANDPAWNMOVEMENT:0.3334253968114039
C_CENTERCONTROL:0.4013409525310071
C_DEVELOPPIECES:0.4577031480774743
C_MATERIAL:0.5702848936530036
