ELO:900
CE_PASSEDPAWNS:0.5202870593338986
CE_PAWNWEAKNESSES:0.490784948732972
CE_PIECEACTIVITY:0.45566005680292254
CE_KINGPAWNSHIELD:0.5192662757289309
CE_PIECECOORDINATION:0.5541684984494983
CE_MATERIAL:0.4714262114665855
CE_KINGSAFETY:0.5106343042883669
C_PIECESQUARETABLES:0.5041332006737814
C_MOBILITY:0.5124625386005034
C_KINGSAFETY:0.49856691877416676
C_PAWNSTRUCTURE:0.5123853512239311
C_PIECECOORDINATION:0.5191372435120415
C_ROOKANDPAWNMOVEMENT:0.5191372435120415
C_CENTERCONTROL:0.4842902297284001
C_DEVELOPPIECES:0.4677779552249245
C_MATERIAL:0.5493758547453028
C_MOVECOUNT:0.4637177773354951
