ELO:1000
CE_PASSEDPAWNS:0.547080402185788
CE_PAWNWEAKNESSES:0.5675094114566432
CE_PIECEACTIVITY:0.4780137319277604
CE_KINGPAWNSHIELD:0.5508497240243994
CE_PIECECOORDINATION:0.5266699068360854
CE_MATERIAL:0.4745369617886071
CE_KINGSAFETY:0.451713234013884
C_PIECESQUARETABLES:0.4682164314440041
C_MOBILITY:0.5296629703601647
C_KINGSAFETY:0.5112322755678029
C_PAWNSTRUCTURE:0.46836425996596115
C_PIECECOORDINATION:0.5151965519696298
C_ROOKANDPAWNMOVEMENT:0.5151965519696298
C_CENTERCONTROL:0.5071230590185385
C_DEVELOPPIECES:0.5142609946741489
C_MATERIAL:0.5182892523831901
