ELO:933
CE_PASSEDPAWNS:0.5059755411536981
CE_PAWNWEAKNESSES:0.48087089377099024
CE_PIECEACTIVITY:0.46250242072008696
CE_KINGPAWNSHIELD:0.5164352131039379
CE_PIECECOORDINATION:0.4801295177028082
CE_MATERIAL:0.46517523750646567
CE_KINGSAFETY:0.5090721499941887
C_PIECESQUARETABLES:0.5107122039608198
C_MOBILITY:0.5273378823935531
C_KINGSAFETY:0.5465278541894545
C_PAWNSTRUCTURE:0.47966367769594553
C_PIECECOORDINATION:0.5087807557897099
C_ROOKANDPAWNMOVEMENT:0.5087807557897099
C_CENTERCONTROL:0.4930483820159066
C_DEVELOPPIECES:0.49154611554579597
C_MATERIAL:0.44877242697142494
C_MOVECOUNT:0.5290042607696679
