ELO:917
CE_PASSEDPAWNS:0.49808610214931975
CE_PAWNWEAKNESSES:0.5402596430548536
CE_PIECEACTIVITY:0.5351434988151973
CE_KINGPAWNSHIELD:0.5188490212312238
CE_PIECECOORDINATION:0.48385720759829837
CE_MATERIAL:0.47388044796060796
CE_KINGSAFETY:0.5
C_PIECESQUARETABLES:0.5
C_MOBILITY:0.4885165075110639
C_KINGSAFETY:0.4598505212392895
C_PAWNSTRUCTURE:0.4398294571246873
C_PIECECOORDINATION:0.5064903556525011
C_ROOK:0.4845255377270402
CE_ROOK:0.48516640270691874
C_CENTERCONTROL:0.49893559693529976
C_DEVELOPPIECES:0.5014823397709645
C_MATERIAL:0.43728935636540117
C_MOVECOUNT:0.5029112220154152
C_PAWNMOVEMENT:0.4725307643173133
