ELO:1089
CE_PASSEDPAWNS:0.6216628427623379
CE_PAWNWEAKNESSES:0.4913955703625296
CE_PIECEACTIVITY:0.4738157965583211
CE_KINGPAWNSHIELD:0.4859243361167528
CE_PIECECOORDINATION:0.4858951444794384
CE_MATERIAL:0.4537847292422733
CE_KINGSAFETY:0.49895771876862555
C_PIECESQUARETABLES:0.5
C_MOBILITY:0.42105203460517804
C_KINGSAFETY:0.5075056580532292
C_PAWNSTRUCTURE:0.41327198023384515
C_PIECECOORDINATION:0.47863206872267633
C_ROOKANDPAWNMOVEMENT:0.47863206872267633
C_CENTERCONTROL:0.5241516181776379
C_DEVELOPPIECES:0.5757913049809192
C_MATERIAL:0.42037145141469806
