ELO:1000
CE_PASSEDPAWNS:0.5
CE_PAWNWEAKNESSES:0.5027562656106547
CE_PIECEACTIVITY:0.4937242093339745
CE_KINGPAWNSHIELD:0.5037470081115362
CE_PIECECOORDINATION:0.489218776811126
CE_MATERIAL:0.49935184239152597
CE_KINGSAFETY:0.5229609609630828
C_PIECESQUARETABLES:0.5097154505247148
C_MOBILITY:0.49469927634694827
C_KINGSAFETY:0.4883286696001786
C_PAWNSTRUCTURE:0.49648376728239096
C_PIECECOORDINATION:0.5072825501331919
C_ROOKANDPAWNMOVEMENT:0.5072825501331919
C_CENTERCONTROL:0.5067506623575917
C_DEVELOPPIECES:0.5053627586533948
C_MATERIAL:0.518390501823485
