ELO:1020
CE_PASSEDPAWNS:0.6067592273741259
CE_PAWNWEAKNESSES:0.48612691664939706
CE_PIECEACTIVITY:0.4615661910921138
CE_KINGPAWNSHIELD:0.48439296749346333
CE_PIECECOORDINATION:0.5190791409253894
CE_MATERIAL:0.4680343399098359
CE_KINGSAFETY:0.48918702055038776
C_PIECESQUARETABLES:0.49312722296797007
C_MOBILITY:0.4121660301423892
C_KINGSAFETY:0.5416878576184204
C_PAWNSTRUCTURE:0.38138692298742144
C_PIECECOORDINATION:0.4669289459818932
C_ROOKANDPAWNMOVEMENT:0.4669289459818932
C_CENTERCONTROL:0.5421426055301048
C_DEVELOPPIECES:0.5811649009692358
C_MATERIAL:0.43453009280328203
