ELO:943
CE_PASSEDPAWNS:0.4098450237021758
CE_PAWNWEAKNESSES:0.4880365743462653
CE_PIECEACTIVITY:0.5780142784663097
CE_KINGPAWNSHIELD:0.44809956942696455
CE_PIECECOORDINATION:0.4605143456866574
CE_MATERIAL:0.4599458534484966
CE_KINGSAFETY:0.5014027316954844
C_PIECESQUARETABLES:0.5074901403749894
C_MOBILITY:0.4520723331434948
C_KINGSAFETY:0.52089047732817
C_PAWNSTRUCTURE:0.5495471450314876
C_PIECECOORDINATION:0.5225361333948628
C_ROOKANDPAWNMOVEMENT:0.5225361333948628
C_CENTERCONTROL:0.4806671779895684
C_DEVELOPPIECES:0.43573070837288885
C_MATERIAL:0.622108260358331
