ELO:986
CE_PASSEDPAWNS:0.4967017679829605
CE_PAWNWEAKNESSES:0.5091189100400061
CE_PIECEACTIVITY:0.4989178918341741
CE_KINGPAWNSHIELD:0.4872180704051146
CE_PIECECOORDINATION:0.522865263067252
CE_MATERIAL:0.4884277910456699
CE_KINGSAFETY:0.5
C_PIECESQUARETABLES:0.49093819551244355
C_MOBILITY:0.4927520375369781
C_KINGSAFETY:0.49220600943488196
C_PAWNSTRUCTURE:0.4884265393819092
C_PIECECOORDINATION:0.4862129603079761
C_ROOK:0.48816735102074227
CE_ROOK:0.5051064021415275
C_CENTERCONTROL:0.5059514253090328
C_DEVELOPPIECES:0.5060465470894616
C_MATERIAL:0.4969994067012575
C_MOVECOUNT:0.4964243786747111
C_PAWNMOVEMENT:0.4977780573742393
