ELO:948
CE_PASSEDPAWNS:0.5111205199287276
CE_PAWNWEAKNESSES:0.5345828242167433
CE_PIECEACTIVITY:0.5093833470198572
CE_KINGPAWNSHIELD:0.5
CE_PIECECOORDINATION:0.5470874047006203
CE_MATERIAL:0.5039800981705477
CE_KINGSAFETY:0.5
C_PIECESQUARETABLES:0.5
C_MOBILITY:0.5272687610218613
C_KINGSAFETY:0.47962243181044323
C_PAWNSTRUCTURE:0.5
C_PIECECOORDINATION:0.5527505299378577
C_ROOKANDPAWNMOVEMENT:0.5527505299378577
C_CENTERCONTROL:0.540001378120153
C_DEVELOPPIECES:0.5111605948748673
C_MATERIAL:0.5507911252027411
C_MOVECOUNT:0.5
