ELO:988
CE_PASSEDPAWNS:0.3671258369474086
CE_PAWNWEAKNESSES:0.508146009968787
CE_PIECEACTIVITY:0.5602820114260724
CE_KINGPAWNSHIELD:0.48000751571289835
CE_PIECECOORDINATION:0.6274134099789784
CE_MATERIAL:0.5168873231586067
CE_KINGSAFETY:0.49180543109613745
C_PIECESQUARETABLES:0.5036724693792181
C_MOBILITY:0.5088507741398046
C_KINGSAFETY:0.565776591923763
C_PAWNSTRUCTURE:0.3281325213607943
C_PIECECOORDINATION:0.45214005219806513
C_ROOKANDPAWNMOVEMENT:0.45214005219806513
C_CENTERCONTROL:0.362472213741732
C_DEVELOPPIECES:0.4807625850486678
C_MATERIAL:0.674544386052756
