ELO:970
CE_PASSEDPAWNS:0.43882054270319887
CE_PAWNWEAKNESSES:0.47362278450952056
CE_PIECEACTIVITY:0.5729847996052669
CE_KINGPAWNSHIELD:0.43741407894569934
CE_PIECECOORDINATION:0.4679626601510694
CE_MATERIAL:0.47581536825097304
CE_KINGSAFETY:0.49485935611817594
C_PIECESQUARETABLES:0.5085992108950609
C_MOBILITY:0.5147287375335345
C_KINGSAFETY:0.488084203705399
C_PAWNSTRUCTURE:0.5410085618299043
C_PIECECOORDINATION:0.5138776964608135
C_ROOKANDPAWNMOVEMENT:0.5138776964608135
C_CENTERCONTROL:0.47916265025918603
C_DEVELOPPIECES:0.49247526979730605
C_MATERIAL:0.6119899031107058
