ELO:1012
CE_PASSEDPAWNS:0.5
CE_PAWNWEAKNESSES:0.5001595352732526
CE_PIECEACTIVITY:0.50455338782748
CE_KINGPAWNSHIELD:0.5044250265764004
CE_PIECECOORDINATION:0.5023781130953147
CE_MATERIAL:0.5018682245969748
CE_KINGSAFETY:0.4812479184866936
C_PIECESQUARETABLES:0.5001028597888981
C_MOBILITY:0.5008014491835794
C_KINGSAFETY:0.5
C_PAWNSTRUCTURE:0.5082302896119788
C_PIECECOORDINATION:0.5
C_ROOKANDPAWNMOVEMENT:0.5
C_CENTERCONTROL:0.4753780636838065
C_DEVELOPPIECES:0.4881130030967431
C_MATERIAL:0.502258424841055
C_MOVECOUNT:0.5
