ELO:872
CE_PASSEDPAWNS:0.3630030550583968
CE_PAWNWEAKNESSES:0.4689534310315471
CE_PIECEACTIVITY:0.6014353424671112
CE_KINGPAWNSHIELD:0.40623922244946836
CE_PIECECOORDINATION:0.45444823645840154
CE_MATERIAL:0.5000898854940395
CE_KINGSAFETY:0.4810807812933881
C_PIECESQUARETABLES:0.4903679959794299
C_MOBILITY:0.43390286678956225
C_KINGSAFETY:0.4997394543062816
C_PAWNSTRUCTURE:0.5237775585510794
C_PIECECOORDINATION:0.4673671928668213
C_ROOKANDPAWNMOVEMENT:0.4673671928668213
C_CENTERCONTROL:0.47697149672143185
C_DEVELOPPIECES:0.4627340456991892
C_MATERIAL:0.6062644731132915
