ELO:1000
CE_PASSEDPAWNS:0.5139388754712361
CE_PAWNWEAKNESSES:0.4849839368061316
CE_PIECEACTIVITY:0.49819725921507024
CE_KINGPAWNSHIELD:0.4171094157541955
CE_PIECECOORDINATION:0.48044386918066123
CE_MATERIAL:0.4882947545591472
CE_KINGSAFETY:0.5107183384222223
C_PIECESQUARETABLES:0.5555374556547901
C_MOBILITY:0.5024757262112045
C_KINGSAFETY:0.5118527759702315
C_PAWNSTRUCTURE:0.4948288849336241
C_PIECECOORDINATION:0.5004626719371258
C_ROOKANDPAWNMOVEMENT:0.5004626719371258
C_CENTERCONTROL:0.467651489291598
C_DEVELOPPIECES:0.5561759566575418
C_MATERIAL:0.5592888470509352
