ELO:1000
CE_PASSEDPAWNS:0.5094083204936593
CE_PAWNWEAKNESSES:0.482701893474194
CE_PIECEACTIVITY:0.5201438118901623
CE_KINGPAWNSHIELD:0.42403106214243275
CE_PIECECOORDINATION:0.4789340886599889
CE_MATERIAL:0.480869129068248
CE_KINGSAFETY:0.5114746338572672
C_PIECESQUARETABLES:0.5631689390933317
C_MOBILITY:0.5237255416843927
C_KINGSAFETY:0.509309372000637
C_PAWNSTRUCTURE:0.4913993160318166
C_PIECECOORDINATION:0.5335106366818299
C_ROOKANDPAWNMOVEMENT:0.5335106366818299
C_CENTERCONTROL:0.44907040519937297
C_DEVELOPPIECES:0.5561667485033587
C_MATERIAL:0.5594594918873055
