ELO:928
CE_PASSEDPAWNS:0.5182972501860897
CE_PAWNWEAKNESSES:0.531396721157991
CE_PIECEACTIVITY:0.5408831826302078
CE_KINGPAWNSHIELD:0.5181519288550495
CE_PIECECOORDINATION:0.48060017669057803
CE_MATERIAL:0.48322264811814925
CE_KINGSAFETY:0.5
C_PIECESQUARETABLES:0.5063447475765829
C_MOBILITY:0.4869569211178448
C_KINGSAFETY:0.4637352829859072
C_PAWNSTRUCTURE:0.44909261374664594
C_PIECECOORDINATION:0.5089322787905218
C_ROOK:0.48455126590594844
CE_ROOK:0.48397824697568015
C_CENTERCONTROL:0.501137629995946
C_DEVELOPPIECES:0.508761973440387
C_MATERIAL:0.46958372091368367
C_MOVECOUNT:0.5108251373964814
C_PAWNMOVEMENT:0.4658376661654167
