ELO:997
CE_PASSEDPAWNS:0.44857563621034274
CE_PAWNWEAKNESSES:0.47597709194102583
CE_PIECEACTIVITY:0.44615775563341575
CE_KINGPAWNSHIELD:0.41468088460372415
CE_PIECECOORDINATION:0.5491943833523524
CE_MATERIAL:0.5365859563954892
CE_KINGSAFETY:0.45428432632283716
C_PIECESQUARETABLES:0.5322457036505381
C_MOBILITY:0.47276973975831516
C_KINGSAFETY:0.4987470721163743
C_PAWNSTRUCTURE:0.48456342441109906
C_PIECECOORDINATION:0.4217576660574827
C_ROOKANDPAWNMOVEMENT:0.4217576660574827
C_CENTERCONTROL:0.5109205603148756
C_DEVELOPPIECES:0.5195091736462539
C_MATERIAL:0.4503729416177889
