ELO:1006
CE_PASSEDPAWNS:0.46842733400250275
CE_PAWNWEAKNESSES:0.4863373086480117
CE_PIECEACTIVITY:0.44713394318844585
CE_KINGPAWNSHIELD:0.41468088460372415
CE_PIECECOORDINATION:0.5514329851671881
CE_MATERIAL:0.5496329910426523
CE_KINGSAFETY:0.45105107434766717
C_PIECESQUARETABLES:0.5374407496556056
C_MOBILITY:0.47130607439686606
C_KINGSAFETY:0.47942638704082763
C_PAWNSTRUCTURE:0.4722902669013662
C_PIECECOORDINATION:0.4175512235643717
C_ROOKANDPAWNMOVEMENT:0.4175512235643717
C_CENTERCONTROL:0.48201208836301845
C_DEVELOPPIECES:0.5302851215078538
C_MATERIAL:0.44949959321876454
