ELO:947
CE_PASSEDPAWNS:0.4439536756325789
CE_PAWNWEAKNESSES:0.49427242757074474
CE_PIECEACTIVITY:0.4640192654917935
CE_KINGPAWNSHIELD:0.4652228933520414
CE_PIECECOORDINATION:0.5564289619125748
CE_MATERIAL:0.568614788845517
CE_KINGSAFETY:0.5048097657144381
C_PIECESQUARETABLES:0.47052221307362563
C_MOBILITY:0.43080845488020864
C_KINGSAFETY:0.5400790719139791
C_PAWNSTRUCTURE:0.4559540743388286
C_PIECECOORDINATION:0.5103374935873559
C_ROOKANDPAWNMOVEMENT:0.5103374935873559
C_CENTERCONTROL:0.5103217721778798
C_DEVELOPPIECES:0.4382767242152566
C_MATERIAL:0.4451344598367726
