ELO:911
CE_PASSEDPAWNS:0.39787206107170275
CE_PAWNWEAKNESSES:0.5915456613648618
CE_PIECEACTIVITY:0.4452660095365974
CE_KINGPAWNSHIELD:0.562901855164806
CE_PIECECOORDINATION:0.42515113369165697
CE_MATERIAL:0.3713633960120458
CE_KINGSAFETY:0.5
C_PIECESQUARETABLES:0.5
C_MOBILITY:0.5449282291227375
C_KINGSAFETY:0.540818818727735
C_PAWNSTRUCTURE:0.5337751356358694
C_PIECECOORDINATION:0.5612524446947782
C_ROOKANDPAWNMOVEMENT:0.5612524446947782
C_CENTERCONTROL:0.5655604617546406
C_DEVELOPPIECES:0.4731858049272055
C_MATERIAL:0.4446425845428538
