ELO:1048
CE_PASSEDPAWNS:0.6085675480309407
CE_PAWNWEAKNESSES:0.48612691664939706
CE_PIECEACTIVITY:0.445472835074732
CE_KINGPAWNSHIELD:0.4760209662123251
CE_PIECECOORDINATION:0.5190791409253894
CE_MATERIAL:0.46849576612531857
CE_KINGSAFETY:0.46719117834206964
C_PIECESQUARETABLES:0.5408612361902677
C_MOBILITY:0.4085015116056718
C_KINGSAFETY:0.5435179683517656
C_PAWNSTRUCTURE:0.38504441081201785
C_PIECECOORDINATION:0.4752276079150422
C_ROOKANDPAWNMOVEMENT:0.4752276079150422
C_CENTERCONTROL:0.5210437880416258
C_DEVELOPPIECES:0.5906217078026567
C_MATERIAL:0.4350796337843843
