ELO:989
CE_PASSEDPAWNS:0.48838912029705955
CE_PAWNWEAKNESSES:0.5257497241016028
CE_PIECEACTIVITY:0.49108198031771
CE_KINGPAWNSHIELD:0.47309089555071193
CE_PIECECOORDINATION:0.5362612812576525
CE_MATERIAL:0.4831119320294075
CE_KINGSAFETY:0.5117911329315897
C_PIECESQUARETABLES:0.49796837947959977
C_MOBILITY:0.5129066988382132
C_KINGSAFETY:0.5011363149132873
C_PAWNSTRUCTURE:0.4834924929046376
C_PIECECOORDINATION:0.5100918135282002
C_ROOK:0.5274727207813237
CE_ROOK:0.5132623784987786
C_CENTERCONTROL:0.5027305809432543
C_DEVELOPPIECES:0.4968690772820115
C_MATERIAL:0.48893725176729447
C_MOVECOUNT:0.48683520367925176
C_PAWNMOVEMENT:0.4977780573742393
