ELO:1081
CE_PASSEDPAWNS:0.4436097867194179
CE_PAWNWEAKNESSES:0.49481282832824036
CE_PIECEACTIVITY:0.42714976221870127
CE_KINGPAWNSHIELD:0.47671724138894306
CE_PIECECOORDINATION:0.5097988171153641
CE_MATERIAL:0.34433591284733017
CE_KINGSAFETY:0.5118132366422272
C_PIECESQUARETABLES:0.503059077595316
C_MOBILITY:0.39135589642129787
C_KINGSAFETY:0.5115874385867005
C_PAWNSTRUCTURE:0.6026928788790877
C_PIECECOORDINATION:0.5614861935761172
C_ROOKANDPAWNMOVEMENT:0.5614861935761172
C_CENTERCONTROL:0.50587676241103
C_DEVELOPPIECES:0.42230614630195595
C_MATERIAL:0.5636378109575684
