ELO:983
CE_PASSEDPAWNS:0.48326195670944544
CE_PAWNWEAKNESSES:0.4828824928113905
CE_PIECEACTIVITY:0.46258155232330106
CE_KINGPAWNSHIELD:0.40439496647636836
CE_PIECECOORDINATION:0.547109595176673
CE_MATERIAL:0.5500242766125343
CE_KINGSAFETY:0.5
C_PIECESQUARETABLES:0.49522123908204674
C_MOBILITY:0.46506251740325566
C_KINGSAFETY:0.47717633694238165
C_PAWNSTRUCTURE:0.4683247496924687
C_PIECECOORDINATION:0.45804756517156403
C_ROOKANDPAWNMOVEMENT:0.45804756517156403
C_CENTERCONTROL:0.5350671307810114
C_DEVELOPPIECES:0.5101805502974593
C_MATERIAL:0.45313563937564777
