ELO:614
CE_PASSEDPAWNS:0.5524606306893132
CE_PAWNWEAKNESSES:0.5063780033195634
CE_PIECEACTIVITY:0.5482762376060751
CE_KINGPAWNSHIELD:0.5177506026919454
CE_PIECECOORDINATION:0.522594952013177
CE_MATERIAL:0.5361248176932252
CE_KINGSAFETY:0.48676579982009405
C_PIECESQUARETABLES:0.48885209395698237
C_MOBILITY:0.5095879946695159
C_KINGSAFETY:0.46898552026653223
C_PAWNSTRUCTURE:0.6176373804473045
C_PIECECOORDINATION:0.5398352888260636
C_ROOKANDPAWNMOVEMENT:0.5398352888260636
C_CENTERCONTROL:0.43141093831023397
C_DEVELOPPIECES:0.49355187302616843
C_MATERIAL:0.477219566225258
C_MOVECOUNT:0.4795548002276147
