ELO:1000
CE_PASSEDPAWNS:0.5080823117635194
CE_PAWNWEAKNESSES:0.49139903448212807
CE_PIECEACTIVITY:0.49314207512107866
CE_KINGPAWNSHIELD:0.49664940149828746
CE_PIECECOORDINATION:0.5020492527521194
CE_MATERIAL:0.5065463040773572
CE_KINGSAFETY:0.501645334723047
C_PIECESQUARETABLES:0.4951121577558294
C_MOBILITY:0.5
C_KINGSAFETY:0.4989291556469239
C_PAWNSTRUCTURE:0.49096542498417195
C_PIECECOORDINATION:0.5085047184460262
C_ROOKANDPAWNMOVEMENT:0.5085047184460262
C_CENTERCONTROL:0.5
C_DEVELOPPIECES:0.5282297126520902
C_MATERIAL:0.5133934359848501
