ELO:983
CE_PASSEDPAWNS:0.48838912029705955
CE_PAWNWEAKNESSES:0.5257497241016028
CE_PIECEACTIVITY:0.4914455305078727
CE_KINGPAWNSHIELD:0.49139819326376666
CE_PIECECOORDINATION:0.526686411987767
CE_MATERIAL:0.4831119320294075
CE_KINGSAFETY:0.5106682257352916
C_PIECESQUARETABLES:0.49202516245773886
C_MOBILITY:0.5118658985081715
C_KINGSAFETY:0.5090513376718578
C_PAWNSTRUCTURE:0.47198397784048884
C_PIECECOORDINATION:0.5108283932687447
C_ROOK:0.5239628380897943
CE_ROOK:0.5135955249648196
C_CENTERCONTROL:0.5027305809432543
C_DEVELOPPIECES:0.4892983065988003
C_MATERIAL:0.4915946001005145
C_MOVECOUNT:0.4681307193712371
C_PAWNMOVEMENT:0.5087303165193722
