ELO:1000
CE_PASSEDPAWNS:0.5015731541586477
CE_PAWNWEAKNESSES:0.4928149363092326
CE_PIECEACTIVITY:0.5243950956003107
CE_KINGPAWNSHIELD:0.43036197209429244
CE_PIECECOORDINATION:0.4873421688730668
CE_MATERIAL:0.4694464581327568
CE_KINGSAFETY:0.4897178267391454
C_PIECESQUARETABLES:0.49272603096944084
C_MOBILITY:0.5093144106771769
C_KINGSAFETY:0.49376447782867033
C_PAWNSTRUCTURE:0.5347675302668986
C_PIECECOORDINATION:0.5322268530077543
C_ROOKANDPAWNMOVEMENT:0.5322268530077543
C_CENTERCONTROL:0.45180963369678373
C_DEVELOPPIECES:0.515167059286739
C_MATERIAL:0.5653937181138299
