ELO:1015
CE_PASSEDPAWNS:0.5073234601137685
CE_PAWNWEAKNESSES:0.5040123011320891
CE_PIECEACTIVITY:0.4985837709818067
CE_KINGPAWNSHIELD:0.5
CE_PIECECOORDINATION:0.5
CE_MATERIAL:0.49592725411258465
CE_KINGSAFETY:0.4984522663729636
C_PIECESQUARETABLES:0.5
C_MOBILITY:0.5
C_KINGSAFETY:0.49179172832446577
C_PAWNSTRUCTURE:0.5
C_PIECECOORDINATION:0.5131095622794345
C_ROOKANDPAWNMOVEMENT:0.5131095622794345
C_CENTERCONTROL:0.502424884295727
C_DEVELOPPIECES:0.5096413276279392
C_MATERIAL:0.5
C_MOVECOUNT:0.5
