ELO:917
CE_PASSEDPAWNS:0.48360635630668575
CE_PAWNWEAKNESSES:0.5461873579025867
CE_PIECEACTIVITY:0.5351434988151973
CE_KINGPAWNSHIELD:0.5260421758822209
CE_PIECECOORDINATION:0.49045911983258167
CE_MATERIAL:0.47388044796060796
CE_KINGSAFETY:0.5
C_PIECESQUARETABLES:0.5012431747206386
C_MOBILITY:0.4885165075110639
C_KINGSAFETY:0.4609031951926626
C_PAWNSTRUCTURE:0.4290891852084208
C_PIECECOORDINATION:0.513101554090101
C_ROOK:0.486933372700415
CE_ROOK:0.48994920086118793
C_CENTERCONTROL:0.4998726912581576
C_DEVELOPPIECES:0.506176777830493
C_MATERIAL:0.43958182257461775
C_MOVECOUNT:0.5029112220154152
C_PAWNMOVEMENT:0.4613991633499086
