ELO:971
CE_PASSEDPAWNS:0.43882054270319887
CE_PAWNWEAKNESSES:0.48589989560124053
CE_PIECEACTIVITY:0.5700394767437679
CE_KINGPAWNSHIELD:0.43741407894569934
CE_PIECECOORDINATION:0.4679626601510694
CE_MATERIAL:0.4818379179768041
CE_KINGSAFETY:0.49485935611817594
C_PIECESQUARETABLES:0.5135278368417081
C_MOBILITY:0.5147287375335345
C_KINGSAFETY:0.48992406428471774
C_PAWNSTRUCTURE:0.5410085618299043
C_PIECECOORDINATION:0.5058853656555757
C_ROOKANDPAWNMOVEMENT:0.5058853656555757
C_CENTERCONTROL:0.47916265025918603
C_DEVELOPPIECES:0.4810855500656027
C_MATERIAL:0.6119899031107058
