ELO:1001
CE_PASSEDPAWNS:0.5197696078951309
CE_PAWNWEAKNESSES:0.491846476846523
CE_PIECEACTIVITY:0.5216682058004362
CE_KINGPAWNSHIELD:0.43259966900992486
CE_PIECECOORDINATION:0.4746442896363366
CE_MATERIAL:0.4616773223855949
CE_KINGSAFETY:0.5200887044956684
C_PIECESQUARETABLES:0.5576778189261415
C_MOBILITY:0.531153042965598
C_KINGSAFETY:0.5086768056937666
C_PAWNSTRUCTURE:0.5161940245603241
C_PIECECOORDINATION:0.532259340191405
C_ROOKANDPAWNMOVEMENT:0.532259340191405
C_CENTERCONTROL:0.44597618141111195
C_DEVELOPPIECES:0.539627492271689
C_MATERIAL:0.5672261098340273
