ELO:892
CE_PASSEDPAWNS:0.48980376088730565
CE_PAWNWEAKNESSES:0.5534837644142095
CE_PIECEACTIVITY:0.5580314405405009
CE_KINGPAWNSHIELD:0.5111924596190168
CE_PIECECOORDINATION:0.5076514738100134
CE_MATERIAL:0.48915971936211133
CE_KINGSAFETY:0.5078268071598011
C_PIECESQUARETABLES:0.5022132464648874
C_MOBILITY:0.4721480041010035
C_KINGSAFETY:0.47135826682097554
C_PAWNSTRUCTURE:0.4112626164315663
C_PIECECOORDINATION:0.5205695213355434
C_ROOK:0.45798838811743714
CE_ROOK:0.48966397868104045
C_CENTERCONTROL:0.45095487828059067
C_DEVELOPPIECES:0.4547009491975716
C_MATERIAL:0.4415471683535784
C_MOVECOUNT:0.5238798009395861
C_PAWNMOVEMENT:0.43742002879915104
