ELO:1055
CE_PASSEDPAWNS:0.45959969865626904
CE_PAWNWEAKNESSES:0.4957712978082522
CE_PIECEACTIVITY:0.5110653698534686
CE_KINGPAWNSHIELD:0.5092516776259716
CE_PIECECOORDINATION:0.5426425818259834
CE_MATERIAL:0.4576503067405068
CE_KINGSAFETY:0.49709137828920047
C_PIECESQUARETABLES:0.507670511575984
C_MOBILITY:0.5428934370619505
C_KINGSAFETY:0.4553454797919187
C_PAWNSTRUCTURE:0.48966715566659
C_PIECECOORDINATION:0.5614861935761172
C_ROOKANDPAWNMOVEMENT:0.5614861935761172
C_CENTERCONTROL:0.5202122066548671
C_DEVELOPPIECES:0.5054880641579577
C_MATERIAL:0.5479668105714975
