ELO:923
CE_PASSEDPAWNS:0.40882117031278625
CE_PAWNWEAKNESSES:0.5033810098395851
CE_PIECEACTIVITY:0.6065733171226582
CE_KINGPAWNSHIELD:0.43038146720753045
CE_PIECECOORDINATION:0.443670451924488
CE_MATERIAL:0.4959986455081532
CE_KINGSAFETY:0.4891958141903521
C_PIECESQUARETABLES:0.4833790116691148
C_MOBILITY:0.46100325274461007
C_KINGSAFETY:0.5196938619116203
C_PAWNSTRUCTURE:0.5747839961417358
C_PIECECOORDINATION:0.5278924331368814
C_ROOKANDPAWNMOVEMENT:0.5278924331368814
C_CENTERCONTROL:0.47870455243942567
C_DEVELOPPIECES:0.43805444141192057
C_MATERIAL:0.6439586746319258
