ELO:991
CE_PASSEDPAWNS:0.49317629512916034
CE_PAWNWEAKNESSES:0.5049878740290158
CE_PIECEACTIVITY:0.48058373864978465
CE_KINGPAWNSHIELD:0.4812353787210145
CE_PIECECOORDINATION:0.5204382952921428
CE_MATERIAL:0.4967116808062312
CE_KINGSAFETY:0.5071385258556713
C_PIECESQUARETABLES:0.4897861005631574
C_MOBILITY:0.504274619132593
C_KINGSAFETY:0.5145980134642205
C_PAWNSTRUCTURE:0.4637285967871039
C_PIECECOORDINATION:0.5002704588947622
C_ROOK:0.5393684859184551
CE_ROOK:0.49860481575564164
C_CENTERCONTROL:0.512563783063659
C_DEVELOPPIECES:0.45910140045814135
C_MATERIAL:0.4880184583348972
C_MOVECOUNT:0.46923868088485804
C_PAWNMOVEMENT:0.515294534302058
