ELO:851
CE_PASSEDPAWNS:0.4711294507007489
CE_PAWNWEAKNESSES:0.5173762103667305
CE_PIECEACTIVITY:0.5492609296621735
CE_KINGPAWNSHIELD:0.5206619487392143
CE_PIECECOORDINATION:0.5563489959545302
CE_MATERIAL:0.44947160901383526
CE_KINGSAFETY:0.4962696125049404
C_PIECESQUARETABLES:0.5380617281544448
C_MOBILITY:0.4939515049800386
C_KINGSAFETY:0.5340372138021088
C_PAWNSTRUCTURE:0.6124373554406836
C_PIECECOORDINATION:0.4850594243823377
C_ROOKANDPAWNMOVEMENT:0.4850594243823377
C_CENTERCONTROL:0.4442966783064367
C_DEVELOPPIECES:0.5055206306987258
C_MATERIAL:0.546084487299428
C_MOVECOUNT:0.5
