ELO:1059
CE_PASSEDPAWNS:0.6123769771126695
CE_PAWNWEAKNESSES:0.49609299867857953
CE_PIECEACTIVITY:0.463914176941644
CE_KINGPAWNSHIELD:0.4856210739720149
CE_PIECECOORDINATION:0.49773912487021243
CE_MATERIAL:0.4538841614250795
CE_KINGSAFETY:0.4943675445191607
C_PIECESQUARETABLES:0.5131217716541923
C_MOBILITY:0.416439503205627
C_KINGSAFETY:0.5393945420321014
C_PAWNSTRUCTURE:0.40852880125547497
C_PIECECOORDINATION:0.47172935437670355
C_ROOKANDPAWNMOVEMENT:0.47172935437670355
C_CENTERCONTROL:0.5114043869725091
C_DEVELOPPIECES:0.5812910875734785
C_MATERIAL:0.4313891892281327
