ELO:1000
CE_PASSEDPAWNS:0.5190831003250679
CE_PAWNWEAKNESSES:0.4813949689916013
CE_PIECEACTIVITY:0.5140703498547518
CE_KINGPAWNSHIELD:0.45630399690221063
CE_PIECECOORDINATION:0.5072238367602264
CE_MATERIAL:0.5145053366564869
CE_KINGSAFETY:0.47305047861805366
C_PIECESQUARETABLES:0.49666169879390704
C_MOBILITY:0.5061366989062674
C_KINGSAFETY:0.5188634082960291
C_PAWNSTRUCTURE:0.48770423858162126
C_PIECECOORDINATION:0.4936995453688542
C_ROOKANDPAWNMOVEMENT:0.4936995453688542
C_CENTERCONTROL:0.5090351443923372
C_DEVELOPPIECES:0.5605411981267909
C_MATERIAL:0.5368078570194277
