ELO:1035
CE_PASSEDPAWNS:0.5008355912806989
CE_PAWNWEAKNESSES:0.5
CE_PIECEACTIVITY:0.50850957281689
CE_KINGPAWNSHIELD:0.5117673279052368
CE_PIECECOORDINATION:0.5
CE_MATERIAL:0.5
CE_KINGSAFETY:0.5
C_PIECESQUARETABLES:0.5085636343162677
C_MOBILITY:0.5
C_KINGSAFETY:0.5052009690235192
C_PAWNSTRUCTURE:0.5011944029492685
C_PIECECOORDINATION:0.49273118474866584
C_ROOKANDPAWNMOVEMENT:0.49273118474866584
C_CENTERCONTROL:0.48979479083842675
C_DEVELOPPIECES:0.5
C_MATERIAL:0.5
C_MOVECOUNT:0.5
