ELO:895
CE_PASSEDPAWNS:0.3563493153037987
CE_PAWNWEAKNESSES:0.6484911370088197
CE_PIECEACTIVITY:0.4783042540879406
CE_KINGPAWNSHIELD:0.46887901068145327
CE_PIECECOORDINATION:0.5292607252641649
CE_MATERIAL:0.4853906787499665
CE_KINGSAFETY:0.4687114685861171
C_PIECESQUARETABLES:0.462625644001823
C_MOBILITY:0.4130855693563682
C_KINGSAFETY:0.540818818727735
C_PAWNSTRUCTURE:0.635453118239926
C_PIECECOORDINATION:0.5676055679618414
C_ROOKANDPAWNMOVEMENT:0.5676055679618414
C_CENTERCONTROL:0.564439781085308
C_DEVELOPPIECES:0.4984461103656039
C_MATERIAL:0.5402120871300283
