ELO:974
CE_PASSEDPAWNS:0.44805532455550445
CE_PAWNWEAKNESSES:0.4827700657521046
CE_PIECEACTIVITY:0.5600948374603426
CE_KINGPAWNSHIELD:0.4355381469836572
CE_PIECECOORDINATION:0.48581012605823076
CE_MATERIAL:0.48609083055970453
CE_KINGSAFETY:0.48418672667443735
C_PIECESQUARETABLES:0.5133454392917873
C_MOBILITY:0.5147287375335345
C_KINGSAFETY:0.48812546419846237
C_PAWNSTRUCTURE:0.5640060034543748
C_PIECECOORDINATION:0.4970154192729405
C_ROOKANDPAWNMOVEMENT:0.4970154192729405
C_CENTERCONTROL:0.4633209329068862
C_DEVELOPPIECES:0.483274105052568
C_MATERIAL:0.6011422469806115
