ELO:995
CE_PASSEDPAWNS:0.4838487996947923
CE_PAWNWEAKNESSES:0.5184574471636467
CE_PIECEACTIVITY:0.48058373864978465
CE_KINGPAWNSHIELD:0.49139819326376666
CE_PIECECOORDINATION:0.5257294731192668
CE_MATERIAL:0.4887108643991744
CE_KINGSAFETY:0.5
C_PIECESQUARETABLES:0.5
C_MOBILITY:0.5007012933623262
C_KINGSAFETY:0.5090513376718578
C_PAWNSTRUCTURE:0.47198397784048884
C_PIECECOORDINATION:0.5108283932687447
C_ROOK:0.5327268170455225
CE_ROOK:0.5025396113663152
C_CENTERCONTROL:0.5046990720094876
C_DEVELOPPIECES:0.48748912647969417
C_MATERIAL:0.4797103896431248
C_MOVECOUNT:0.4681307193712371
C_PAWNMOVEMENT:0.5114264519027435
