ELO:997
CE_PASSEDPAWNS:0.5107094453990239
CE_PAWNWEAKNESSES:0.4911659112271484
CE_PIECEACTIVITY:0.5
CE_KINGPAWNSHIELD:0.5090177146020164
CE_PIECECOORDINATION:0.5242978712796654
CE_MATERIAL:0.5
CE_KINGSAFETY:0.501041599363356
C_PIECESQUARETABLES:0.5
C_MOBILITY:0.49770676140553594
C_KINGSAFETY:0.5036093544571029
C_PAWNSTRUCTURE:0.5082364865651389
C_PIECECOORDINATION:0.4998421476133073
C_ROOKANDPAWNMOVEMENT:0.4998421476133073
C_CENTERCONTROL:0.5080456213587433
C_DEVELOPPIECES:0.5
C_MATERIAL:0.4832340944444947
C_MOVECOUNT:0.5
