ELO:1014
CE_PASSEDPAWNS:0.5174823785743133
CE_PAWNWEAKNESSES:0.5132501251098949
CE_PIECEACTIVITY:0.4969212845518442
CE_KINGPAWNSHIELD:0.5
CE_PIECECOORDINATION:0.5126525107998775
CE_MATERIAL:0.5090432845475662
CE_KINGSAFETY:0.5
C_PIECESQUARETABLES:0.5
C_MOBILITY:0.5140735574043498
C_KINGSAFETY:0.4730490035486298
C_PAWNSTRUCTURE:0.5
C_PIECECOORDINATION:0.4854513223120983
C_ROOKANDPAWNMOVEMENT:0.4854513223120983
C_CENTERCONTROL:0.49276230333734894
C_DEVELOPPIECES:0.5071960381310545
C_MATERIAL:0.5011926786809214
C_MOVECOUNT:0.49233892426299286
