ELO:1015
CE_PASSEDPAWNS:0.5164630415441092
CE_PAWNWEAKNESSES:0.5101127077696723
CE_PIECEACTIVITY:0.5
CE_KINGPAWNSHIELD:0.5
CE_PIECECOORDINATION:0.5
CE_MATERIAL:0.5
CE_KINGSAFETY:0.495981193579152
C_PIECESQUARETABLES:0.5091236204638313
C_MOBILITY:0.5
C_KINGSAFETY:0.5
C_PAWNSTRUCTURE:0.5
C_PIECECOORDINATION:0.5072538994606206
C_ROOKANDPAWNMOVEMENT:0.5072538994606206
C_CENTERCONTROL:0.505052719865973
C_DEVELOPPIECES:0.49721038114049776
C_MATERIAL:0.5
C_MOVECOUNT:0.49712159795188304
