ELO:975
CE_PASSEDPAWNS:0.5104191352060676
CE_PAWNWEAKNESSES:0.5280064119555584
CE_PIECEACTIVITY:0.5061695894163324
CE_KINGPAWNSHIELD:0.49403016667108346
CE_PIECECOORDINATION:0.4741374480443857
CE_MATERIAL:0.4929720731834084
CE_KINGSAFETY:0.5
C_PIECESQUARETABLES:0.5
C_MOBILITY:0.48421892059408217
C_KINGSAFETY:0.49426885156861533
C_PAWNSTRUCTURE:0.4513481143298612
C_PIECECOORDINATION:0.5191975838692177
C_ROOK:0.4803719269115621
CE_ROOK:0.5341796477795272
C_CENTERCONTROL:0.49303270479457073
C_DEVELOPPIECES:0.5143289057745869
C_MATERIAL:0.46617544868510247
C_MOVECOUNT:0.5200163951260378
C_PAWNMOVEMENT:0.4644823267355069
