ELO:984
CE_PASSEDPAWNS:0.5048582733994562
CE_PAWNWEAKNESSES:0.5146347607178959
CE_PIECEACTIVITY:0.504686154761261
CE_KINGPAWNSHIELD:0.5121088469220437
CE_PIECECOORDINATION:0.5
CE_MATERIAL:0.4921710298334083
CE_KINGSAFETY:0.5046159338752162
C_PIECESQUARETABLES:0.5098055784986282
C_MOBILITY:0.5087546879314121
C_KINGSAFETY:0.5
C_PAWNSTRUCTURE:0.5
C_PIECECOORDINATION:0.5037573588548104
C_ROOKANDPAWNMOVEMENT:0.5037573588548104
C_CENTERCONTROL:0.5088797223269395
C_DEVELOPPIECES:0.5083942637998211
C_MATERIAL:0.5139868283999592
