ELO:963
CE_PASSEDPAWNS:0.5000382209410895
CE_PAWNWEAKNESSES:0.526973738951957
CE_PIECEACTIVITY:0.5120342215030279
CE_KINGPAWNSHIELD:0.526062354531831
CE_PIECECOORDINATION:0.5240210908600335
CE_MATERIAL:0.4930929392629084
CE_KINGSAFETY:0.5
C_PIECESQUARETABLES:0.5
C_MOBILITY:0.5121405080308549
C_KINGSAFETY:0.49613389779815836
C_PAWNSTRUCTURE:0.4989260943635633
C_PIECECOORDINATION:0.5159423427094448
C_ROOKANDPAWNMOVEMENT:0.5159423427094448
C_CENTERCONTROL:0.5713048734375736
C_DEVELOPPIECES:0.5102890557375814
C_MATERIAL:0.4900918915520091
C_MOVECOUNT:0.5
