ELO:998
CE_PASSEDPAWNS:0.49974749133730945
CE_PAWNWEAKNESSES:0.5127582638435454
CE_PIECEACTIVITY:0.491005087830044
CE_KINGPAWNSHIELD:0.49127197276793877
CE_PIECECOORDINATION:0.4964477822766251
CE_MATERIAL:0.49474405797008236
CE_KINGSAFETY:0.5180301005544796
C_PIECESQUARETABLES:0.5
C_MOBILITY:0.49149841582736065
C_KINGSAFETY:0.4991475130376179
C_PAWNSTRUCTURE:0.4758851552153861
C_PIECECOORDINATION:0.5172796743286597
C_ROOKANDPAWNMOVEMENT:0.5172796743286597
C_CENTERCONTROL:0.5136888090594014
C_DEVELOPPIECES:0.5047723266429872
C_MATERIAL:0.4904694831747551
C_MOVECOUNT:0.5
