ELO:1000
CE_PASSEDPAWNS:0.479895121510567
CE_PAWNWEAKNESSES:0.44298331413898495
CE_PIECEACTIVITY:0.5474477521287501
CE_KINGPAWNSHIELD:0.5148338803452925
CE_PIECECOORDINATION:0.5333238330834089
CE_MATERIAL:0.5245796235219286
CE_KINGSAFETY:0.5328145751868445
C_PIECESQUARETABLES:0.544074470476913
C_MOBILITY:0.47965138436360927
C_KINGSAFETY:0.49535523043241425
C_PAWNSTRUCTURE:0.5139225674652067
C_PIECECOORDINATION:0.45291796618322344
C_ROOKANDPAWNMOVEMENT:0.45291796618322344
C_CENTERCONTROL:0.5272879312382937
C_DEVELOPPIECES:0.5133257372354152
C_MATERIAL:0.528728850974651
