ELO:1010
CE_PASSEDPAWNS:0.4763125374083174
CE_PAWNWEAKNESSES:0.4924320025808494
CE_PIECEACTIVITY:0.4928218180599236
CE_KINGPAWNSHIELD:0.4973917718002567
CE_PIECECOORDINATION:0.511298527181163
CE_MATERIAL:0.4842056406862006
CE_KINGSAFETY:0.5
C_PIECESQUARETABLES:0.5
C_MOBILITY:0.5120783598521339
C_KINGSAFETY:0.4736079089103129
C_PAWNSTRUCTURE:0.5004094976663463
C_PIECECOORDINATION:0.49150779710291265
C_ROOK:0.5160186937085037
CE_ROOK:0.4946626148878957
C_CENTERCONTROL:0.46592307703464025
C_DEVELOPPIECES:0.49043214331850343
C_MATERIAL:0.48309096684905645
C_MOVECOUNT:0.4693380993017222
C_PAWNMOVEMENT:0.4906966471824214
