ELO:985
CE_PASSEDPAWNS:0.4350101688624274
CE_PAWNWEAKNESSES:0.5054655174995071
CE_PIECEACTIVITY:0.5445743137338614
CE_KINGPAWNSHIELD:0.5043255473473495
CE_PIECECOORDINATION:0.5188686269536185
CE_MATERIAL:0.4799725544518523
CE_KINGSAFETY:0.5
C_PIECESQUARETABLES:0.5
C_MOBILITY:0.4938069902502203
C_KINGSAFETY:0.48436541079951484
C_PAWNSTRUCTURE:0.41070455868970784
C_PIECECOORDINATION:0.47544416949732077
C_ROOKANDPAWNMOVEMENT:0.47544416949732077
C_CENTERCONTROL:0.4404504031941193
C_DEVELOPPIECES:0.4947063622885468
C_MATERIAL:0.45841367086748064
