ELO:999
CE_PASSEDPAWNS:0.5193774842563392
CE_PAWNWEAKNESSES:0.416847364396782
CE_PIECEACTIVITY:0.5154103611255194
CE_KINGPAWNSHIELD:0.5141215680551806
CE_PIECECOORDINATION:0.5601167191144959
CE_MATERIAL:0.5229215279024069
CE_KINGSAFETY:0.5144765256181218
C_PIECESQUARETABLES:0.5579268408681791
C_MOBILITY:0.5126799618399571
C_KINGSAFETY:0.5234304303372027
C_PAWNSTRUCTURE:0.5088779819451191
C_PIECECOORDINATION:0.4299507372732334
C_ROOKANDPAWNMOVEMENT:0.4299507372732334
C_CENTERCONTROL:0.5354353776280739
C_DEVELOPPIECES:0.4666505976345794
C_MATERIAL:0.5487326360986904
