ELO:1010
CE_PASSEDPAWNS:0.4859401613552304
CE_PAWNWEAKNESSES:0.5048597053295619
CE_PIECEACTIVITY:0.4988096257431277
CE_KINGPAWNSHIELD:0.4983854113929238
CE_PIECECOORDINATION:0.5037283460926225
CE_MATERIAL:0.48857636472926436
CE_KINGSAFETY:0.5
C_PIECESQUARETABLES:0.5013713071763236
C_MOBILITY:0.48552213159070967
C_KINGSAFETY:0.49618493719187284
C_PAWNSTRUCTURE:0.5173756872893983
C_PIECECOORDINATION:0.5121975525059531
C_ROOK:0.5045369437779863
CE_ROOK:0.4885208249071093
C_CENTERCONTROL:0.48932406886295604
C_DEVELOPPIECES:0.5043054079043331
C_MATERIAL:0.5099116507246512
C_MOVECOUNT:0.4900890454646425
C_PAWNMOVEMENT:0.495089760890589
