ELO:867
CE_PASSEDPAWNS:0.5092204789196875
CE_PAWNWEAKNESSES:0.4415127794501611
CE_PIECEACTIVITY:0.5062955290048455
CE_KINGPAWNSHIELD:0.4597209906171702
CE_PIECECOORDINATION:0.48946273218678804
CE_MATERIAL:0.5101949746312087
CE_KINGSAFETY:0.500225607882467
C_PIECESQUARETABLES:0.49037538067432923
C_MOBILITY:0.5005411793870508
C_KINGSAFETY:0.46603463880035717
C_PAWNSTRUCTURE:0.4848799329490567
C_PIECECOORDINATION:0.4776129736498536
C_ROOKANDPAWNMOVEMENT:0.4776129736498536
C_CENTERCONTROL:0.48741937598672236
C_DEVELOPPIECES:0.5621516464828966
C_MATERIAL:0.5328445685324706
C_MOVECOUNT:0.48635973213303063
