ELO:790
CE_PASSEDPAWNS:0.3885671307313564
CE_PAWNWEAKNESSES:0.5729453665394578
CE_PIECEACTIVITY:0.48991458216027733
CE_KINGPAWNSHIELD:0.5504209383975128
CE_PIECECOORDINATION:0.42371945018947715
CE_MATERIAL:0.5021345902775682
CE_KINGSAFETY:0.5471020062491889
C_PIECESQUARETABLES:0.5
C_MOBILITY:0.4740421059254307
C_KINGSAFETY:0.4942176311550248
C_PAWNSTRUCTURE:0.49995256950568784
C_PIECECOORDINATION:0.5643997446253953
C_ROOKANDPAWNMOVEMENT:0.5643997446253953
C_CENTERCONTROL:0.526647527553144
C_DEVELOPPIECES:0.48366529511932843
C_MATERIAL:0.5775081734917128
C_MOVECOUNT:0.5229070967070174
