ELO:972
CE_PASSEDPAWNS:0.5031491222744991
CE_PAWNWEAKNESSES:0.3934311043685385
CE_PIECEACTIVITY:0.5300534761317195
CE_KINGPAWNSHIELD:0.5508144783830159
CE_PIECECOORDINATION:0.540801226478685
CE_MATERIAL:0.5613310977239868
CE_KINGSAFETY:0.4994939246544526
C_PIECESQUARETABLES:0.5142466932953981
C_MOBILITY:0.4996373405949054
C_KINGSAFETY:0.519881378479389
C_PAWNSTRUCTURE:0.5543359859375142
C_PIECECOORDINATION:0.4312861197305628
C_ROOKANDPAWNMOVEMENT:0.4312861197305628
C_CENTERCONTROL:0.5283742696907002
C_DEVELOPPIECES:0.4839298635072417
C_MATERIAL:0.5491228269030863
