ELO:972
CE_PASSEDPAWNS:0.48728543612454556
CE_PAWNWEAKNESSES:0.47580227120927066
CE_PIECEACTIVITY:0.49636535564448275
CE_KINGPAWNSHIELD:0.4997826779235752
CE_PIECECOORDINATION:0.4942644670684357
CE_MATERIAL:0.5158270339275896
CE_KINGSAFETY:0.5
C_PIECESQUARETABLES:0.5
C_MOBILITY:0.5026251140698416
C_KINGSAFETY:0.5040077186557943
C_PAWNSTRUCTURE:0.5042937849981443
C_PIECECOORDINATION:0.5082366458762394
C_ROOKANDPAWNMOVEMENT:0.5082366458762394
C_CENTERCONTROL:0.5047551825809623
C_DEVELOPPIECES:0.5124831592544339
C_MATERIAL:0.5025576359202586
C_MOVECOUNT:0.5
