ELO:919
CE_PASSEDPAWNS:0.5725510375160258
CE_PAWNWEAKNESSES:0.5817852196529345
CE_PIECEACTIVITY:0.5269648765878098
CE_KINGPAWNSHIELD:0.43286296000430996
CE_PIECECOORDINATION:0.6133369406760871
CE_MATERIAL:0.387953017608905
CE_KINGSAFETY:0.5080168304090305
C_PIECESQUARETABLES:0.5120693341964707
C_MOBILITY:0.5418983486546057
C_KINGSAFETY:0.5239379444524933
C_PAWNSTRUCTURE:0.4566220411980508
C_PIECECOORDINATION:0.5921420166707065
C_ROOKANDPAWNMOVEMENT:0.5921420166707065
C_CENTERCONTROL:0.48133437734373496
C_DEVELOPPIECES:0.5448721917087056
C_MATERIAL:0.5243760849318981
