ELO:951
CE_PASSEDPAWNS:0.4839177938924629
CE_PAWNWEAKNESSES:0.3569103104270061
CE_PIECEACTIVITY:0.5105887577887404
CE_KINGPAWNSHIELD:0.5430550123391094
CE_PIECECOORDINATION:0.5334840970355778
CE_MATERIAL:0.5646517325125195
CE_KINGSAFETY:0.4641303546894531
C_PIECESQUARETABLES:0.5555656108422864
C_MOBILITY:0.4816364213497193
C_KINGSAFETY:0.516832223840531
C_PAWNSTRUCTURE:0.5338737863061772
C_PIECECOORDINATION:0.42485736441271876
C_ROOKANDPAWNMOVEMENT:0.42485736441271876
C_CENTERCONTROL:0.5115757560274578
C_DEVELOPPIECES:0.4865978949862731
C_MATERIAL:0.5510327566536366
