ELO:986
CE_PASSEDPAWNS:0.4934692042896737
CE_PAWNWEAKNESSES:0.4871490979898712
CE_PIECEACTIVITY:0.5015685220592372
CE_KINGPAWNSHIELD:0.48762054064930843
CE_PIECECOORDINATION:0.5
CE_MATERIAL:0.5
CE_KINGSAFETY:0.5051512096064026
C_PIECESQUARETABLES:0.49655079340505165
C_MOBILITY:0.49657218773978484
C_KINGSAFETY:0.4938430218093092
C_PAWNSTRUCTURE:0.5191613608014642
C_PIECECOORDINATION:0.5
C_ROOKANDPAWNMOVEMENT:0.5
C_CENTERCONTROL:0.49758788293064005
C_DEVELOPPIECES:0.5
C_MATERIAL:0.4887071157958584
C_MOVECOUNT:0.4748145672535786
