ELO:700
CE_PASSEDPAWNS:0.44213615380481047
CE_PAWNWEAKNESSES:0.5431453094303501
CE_PIECEACTIVITY:0.5795369676959379
CE_KINGPAWNSHIELD:0.505299186413537
CE_PIECECOORDINATION:0.5142955643961061
CE_MATERIAL:0.5544905612090694
CE_KINGSAFETY:0.514959824363204
C_PIECESQUARETABLES:0.47469255366930363
C_MOBILITY:0.5284302881274301
C_KINGSAFETY:0.4919978986795277
C_PAWNSTRUCTURE:0.5105558991029457
C_PIECECOORDINATION:0.4341150846794673
C_ROOKANDPAWNMOVEMENT:0.4341150846794673
C_CENTERCONTROL:0.613228947101867
C_DEVELOPPIECES:0.5852204853081817
C_MATERIAL:0.43381614269716
C_MOVECOUNT:0.5
