ELO:862
CE_PASSEDPAWNS:0.5157796709752929
CE_PAWNWEAKNESSES:0.43269289127631627
CE_PIECEACTIVITY:0.4953064270882857
CE_KINGPAWNSHIELD:0.4598739857280647
CE_PIECECOORDINATION:0.4869607627589733
CE_MATERIAL:0.5007014561684988
CE_KINGSAFETY:0.4796822040228864
C_PIECESQUARETABLES:0.4804308222515391
C_MOBILITY:0.4956893419823872
C_KINGSAFETY:0.4628284659369723
C_PAWNSTRUCTURE:0.49426158557639155
C_PIECECOORDINATION:0.4776673205702771
C_ROOKANDPAWNMOVEMENT:0.4776673205702771
C_CENTERCONTROL:0.46597769096930997
C_DEVELOPPIECES:0.5601835148330537
C_MATERIAL:0.5369405890163482
C_MOVECOUNT:0.4756849168299246
