ELO:1000
CE_PASSEDPAWNS:0.4838598563295993
CE_PAWNWEAKNESSES:0.5
CE_PIECEACTIVITY:0.4956845686102292
CE_KINGPAWNSHIELD:0.49659724431768604
CE_PIECECOORDINATION:0.5076665090619612
CE_MATERIAL:0.5
CE_KINGSAFETY:0.5
C_PIECESQUARETABLES:0.5066175546796615
C_MOBILITY:0.49668415019488965
C_KINGSAFETY:0.5078415854245453
C_PAWNSTRUCTURE:0.5029215792208764
C_PIECECOORDINATION:0.5
C_ROOKANDPAWNMOVEMENT:0.5
C_CENTERCONTROL:0.4911347820550879
C_DEVELOPPIECES:0.5
C_MATERIAL:0.5092341054599798
