ELO:964
CE_PASSEDPAWNS:0.4306460821091523
CE_PAWNWEAKNESSES:0.5099185141400107
CE_PIECEACTIVITY:0.5102101788641389
CE_KINGPAWNSHIELD:0.5198574986717542
CE_PIECECOORDINATION:0.5413320891477011
CE_MATERIAL:0.48362095622965096
CE_KINGSAFETY:0.5217275450115455
C_PIECESQUARETABLES:0.5074937614421997
C_MOBILITY:0.4534660710214678
C_KINGSAFETY:0.4704879297148746
C_PAWNSTRUCTURE:0.3463977859798702
C_PIECECOORDINATION:0.42740087356637974
C_ROOKANDPAWNMOVEMENT:0.42740087356637974
C_CENTERCONTROL:0.3864177410271627
C_DEVELOPPIECES:0.4877697014807299
C_MATERIAL:0.47297772773152436
