ELO:1000
CE_PASSEDPAWNS:0.4378629116066951
CE_PAWNWEAKNESSES:0.5265253972009953
CE_PIECEACTIVITY:0.5154788940345805
CE_KINGPAWNSHIELD:0.524551131275552
CE_PIECECOORDINATION:0.5171412043904143
CE_MATERIAL:0.4950916518314378
CE_KINGSAFETY:0.5074127132685704
C_PIECESQUARETABLES:0.4560166758386693
C_MOBILITY:0.515484272670782
C_KINGSAFETY:0.5138283052683965
C_PAWNSTRUCTURE:0.4541504082565155
C_PIECECOORDINATION:0.49876458505910237
C_ROOKANDPAWNMOVEMENT:0.49876458505910237
C_CENTERCONTROL:0.43017171000428417
C_DEVELOPPIECES:0.5048798758639308
C_MATERIAL:0.49141609352867155
