ELO:1000
CE_PASSEDPAWNS:0.47287344818608407
CE_PAWNWEAKNESSES:0.4434171170502101
CE_PIECEACTIVITY:0.5398358843597489
CE_KINGPAWNSHIELD:0.5151274997204514
CE_PIECECOORDINATION:0.5400577146817958
CE_MATERIAL:0.5114325335931728
CE_KINGSAFETY:0.5352278804420061
C_PIECESQUARETABLES:0.5316636496758873
C_MOBILITY:0.4829735112576644
C_KINGSAFETY:0.488508119596169
C_PAWNSTRUCTURE:0.5188351250944001
C_PIECECOORDINATION:0.47439617346863744
C_ROOKANDPAWNMOVEMENT:0.47439617346863744
C_CENTERCONTROL:0.5130342459579155
C_DEVELOPPIECES:0.5423987471295986
C_MATERIAL:0.5430124529736844
