ELO:917
CE_PASSEDPAWNS:0.487204178967174
CE_PAWNWEAKNESSES:0.3579316359381231
CE_PIECEACTIVITY:0.5388022375394663
CE_KINGPAWNSHIELD:0.5444698572934278
CE_PIECECOORDINATION:0.5267208766880798
CE_MATERIAL:0.5396189513476828
CE_KINGSAFETY:0.4745439105860997
C_PIECESQUARETABLES:0.5184631695726133
C_MOBILITY:0.46894703037134366
C_KINGSAFETY:0.5044599785191777
C_PAWNSTRUCTURE:0.5434142564769612
C_PIECECOORDINATION:0.43357075373329074
C_ROOKANDPAWNMOVEMENT:0.43357075373329074
C_CENTERCONTROL:0.5264765542883563
C_DEVELOPPIECES:0.487743083519777
C_MATERIAL:0.5708589277127278
