ELO:1005
CE_PASSEDPAWNS:0.48685676487215884
CE_PAWNWEAKNESSES:0.5050816153958134
CE_PIECEACTIVITY:0.4882710138519792
CE_KINGPAWNSHIELD:0.5080944837023759
CE_PIECECOORDINATION:0.5163133243778729
CE_MATERIAL:0.5243293305932881
CE_KINGSAFETY:0.48387462527800423
C_PIECESQUARETABLES:0.49400439550850944
C_MOBILITY:0.48988243554463207
C_KINGSAFETY:0.4792063324916091
C_PAWNSTRUCTURE:0.49406896797837985
C_PIECECOORDINATION:0.4945445058643959
C_ROOK:0.49655101144366204
CE_ROOK:0.5050788747984568
C_CENTERCONTROL:0.4923954616733161
C_DEVELOPPIECES:0.4993874010871839
C_MATERIAL:0.5032230441239549
C_MOVECOUNT:0.4985606941527816
C_PAWNMOVEMENT:0.506726350232554
