ELO:1008
CE_PASSEDPAWNS:0.5113334919843036
CE_PAWNWEAKNESSES:0.47746315232554654
CE_PIECEACTIVITY:0.5243860905953495
CE_KINGPAWNSHIELD:0.4955419174468468
CE_PIECECOORDINATION:0.511298527181163
CE_MATERIAL:0.5063541973962732
CE_KINGSAFETY:0.5
C_PIECESQUARETABLES:0.5
C_MOBILITY:0.48659007835124873
C_KINGSAFETY:0.4736079089103129
C_PAWNSTRUCTURE:0.4964661832765182
C_PIECECOORDINATION:0.480677372078961
C_ROOK:0.5160186937085037
CE_ROOK:0.5140675743201198
C_CENTERCONTROL:0.5006688284442861
C_DEVELOPPIECES:0.45604698656746484
C_MATERIAL:0.4993733861170947
C_MOVECOUNT:0.5354316458024518
C_PAWNMOVEMENT:0.5072186104954414
