ELO:961
CE_PASSEDPAWNS:0.5220278193681854
CE_PAWNWEAKNESSES:0.49885207167320067
CE_PIECEACTIVITY:0.49444711390587315
CE_KINGPAWNSHIELD:0.5023070381825575
CE_PIECECOORDINATION:0.5231846780435702
CE_MATERIAL:0.5278825032957725
CE_KINGSAFETY:0.512888562729487
C_PIECESQUARETABLES:0.492374865978202
C_MOBILITY:0.5075380490612547
C_KINGSAFETY:0.510190398814442
C_PAWNSTRUCTURE:0.5072109617524624
C_PIECECOORDINATION:0.47814582817421175
C_ROOKANDPAWNMOVEMENT:0.47814582817421175
C_CENTERCONTROL:0.5085779989818792
C_DEVELOPPIECES:0.49241353285652933
C_MATERIAL:0.5081388134085526
C_MOVECOUNT:0.5
