ELO:1000
CE_PASSEDPAWNS:0.4717517640907329
CE_PAWNWEAKNESSES:0.4993456385037026
CE_PIECEACTIVITY:0.5438216648769405
CE_KINGPAWNSHIELD:0.48832433759551475
CE_PIECECOORDINATION:0.5105947255581608
CE_MATERIAL:0.4845579505984841
CE_KINGSAFETY:0.5000675745029796
C_PIECESQUARETABLES:0.4957026034570611
C_MOBILITY:0.49337356417813366
C_KINGSAFETY:0.5208381513100147
C_PAWNSTRUCTURE:0.5339112702382723
C_PIECECOORDINATION:0.4856202212877769
C_ROOKANDPAWNMOVEMENT:0.4856202212877769
C_CENTERCONTROL:0.509487841255227
C_DEVELOPPIECES:0.5024580181289019
C_MATERIAL:0.5350640023875641
