ELO:985
CE_PASSEDPAWNS:0.44403832408836497
CE_PAWNWEAKNESSES:0.5054655174995071
CE_PIECEACTIVITY:0.5428245550583518
CE_KINGPAWNSHIELD:0.5043255473473495
CE_PIECECOORDINATION:0.507800871663791
CE_MATERIAL:0.4799725544518523
CE_KINGSAFETY:0.5222021600434545
C_PIECESQUARETABLES:0.42584525912621873
C_MOBILITY:0.4914553918463456
C_KINGSAFETY:0.4958834705740346
C_PAWNSTRUCTURE:0.41070455868970784
C_PIECECOORDINATION:0.47544416949732077
C_ROOKANDPAWNMOVEMENT:0.47544416949732077
C_CENTERCONTROL:0.4402953136773305
C_DEVELOPPIECES:0.4947063622885468
C_MATERIAL:0.47045895184673053
