ELO:912
CE_PASSEDPAWNS:0.5357687737866358
CE_PAWNWEAKNESSES:0.49745749447161575
CE_PIECEACTIVITY:0.515271073163645
CE_KINGPAWNSHIELD:0.4830360240373823
CE_PIECECOORDINATION:0.4841118046793207
CE_MATERIAL:0.46978076918145645
CE_KINGSAFETY:0.5001075293366449
C_PIECESQUARETABLES:0.4759519569918763
C_MOBILITY:0.46147822966637714
C_KINGSAFETY:0.4919184536056725
C_PAWNSTRUCTURE:0.46040679916338956
C_PIECECOORDINATION:0.48724657875869365
C_ROOKANDPAWNMOVEMENT:0.48724657875869365
C_CENTERCONTROL:0.5120274691473415
C_DEVELOPPIECES:0.4423754458156763
C_MATERIAL:0.5037632873576589
C_MOVECOUNT:0.5163928386195059
