ELO:996
CE_PASSEDPAWNS:0.5009722483649859
CE_PAWNWEAKNESSES:0.4931621604679206
CE_PIECEACTIVITY:0.48254805981990506
CE_KINGPAWNSHIELD:0.512283353932152
CE_PIECECOORDINATION:0.4881081507370134
CE_MATERIAL:0.4889840219768758
CE_KINGSAFETY:0.5
C_PIECESQUARETABLES:0.5
C_MOBILITY:0.5
C_KINGSAFETY:0.4949124991454772
C_PAWNSTRUCTURE:0.5194151838901708
C_PIECECOORDINATION:0.4991827410020843
C_ROOKANDPAWNMOVEMENT:0.4991827410020843
C_CENTERCONTROL:0.5
C_DEVELOPPIECES:0.4999096496906173
C_MATERIAL:0.5060963805236484
C_MOVECOUNT:0.5
