ELO:1011
CE_PASSEDPAWNS:0.489610045308963
CE_PAWNWEAKNESSES:0.5156913649032207
CE_PIECEACTIVITY:0.5088553887702799
CE_KINGPAWNSHIELD:0.5083659750954138
CE_PIECECOORDINATION:0.4915382557765513
CE_MATERIAL:0.5000688103238908
CE_KINGSAFETY:0.5
C_PIECESQUARETABLES:0.5
C_MOBILITY:0.5111866866943879
C_KINGSAFETY:0.5
C_PAWNSTRUCTURE:0.5
C_PIECECOORDINATION:0.49464939465396396
C_ROOKANDPAWNMOVEMENT:0.49464939465396396
C_CENTERCONTROL:0.49916523472212304
C_DEVELOPPIECES:0.4947888966397184
C_MATERIAL:0.4986872494733415
C_MOVECOUNT:0.5
