ELO:799
CE_PASSEDPAWNS:0.5363399797038487
CE_PAWNWEAKNESSES:0.526973738951957
CE_PIECEACTIVITY:0.48603831071563736
CE_KINGPAWNSHIELD:0.41629974106706524
CE_PIECECOORDINATION:0.6667730830193098
CE_MATERIAL:0.5167525238545865
CE_KINGSAFETY:0.5
C_PIECESQUARETABLES:0.5
C_MOBILITY:0.5654902276554121
C_KINGSAFETY:0.4711659442221638
C_PAWNSTRUCTURE:0.4257682998185167
C_PIECECOORDINATION:0.5403828778191111
C_ROOKANDPAWNMOVEMENT:0.5403828778191111
C_CENTERCONTROL:0.48645617369586497
C_DEVELOPPIECES:0.48577457576822203
C_MATERIAL:0.4738664009252794
C_MOVECOUNT:0.5320564138657015
