ELO:882
CE_PASSEDPAWNS:0.48757489779147556
CE_PAWNWEAKNESSES:0.4875864874835734
CE_PIECEACTIVITY:0.4706566841857334
CE_KINGPAWNSHIELD:0.5521634633756243
CE_PIECECOORDINATION:0.49367794310738444
CE_MATERIAL:0.4507195418026682
CE_KINGSAFETY:0.49576108691673637
C_PIECESQUARETABLES:0.5116723946617819
C_MOBILITY:0.5251000907712422
C_KINGSAFETY:0.5342253663615958
C_PAWNSTRUCTURE:0.491228263389998
C_PIECECOORDINATION:0.4957414671509847
C_ROOKANDPAWNMOVEMENT:0.4957414671509847
C_CENTERCONTROL:0.4914495427579571
C_DEVELOPPIECES:0.490902407912172
C_MATERIAL:0.5632930191343345
C_MOVECOUNT:0.5
