ELO:935
CE_PASSEDPAWNS:0.4271514633078643
CE_PAWNWEAKNESSES:0.5231226185117821
CE_PIECEACTIVITY:0.5720339436124136
CE_KINGPAWNSHIELD:0.49695810683527847
CE_PIECECOORDINATION:0.5244593462742035
CE_MATERIAL:0.481904599244294
CE_KINGSAFETY:0.49406849857972707
C_PIECESQUARETABLES:0.5126815758627167
C_MOBILITY:0.40346066648244583
C_KINGSAFETY:0.4382525374039409
C_PAWNSTRUCTURE:0.31519959118109997
C_PIECECOORDINATION:0.41981018366441725
C_ROOKANDPAWNMOVEMENT:0.41981018366441725
C_CENTERCONTROL:0.40312428907178266
C_DEVELOPPIECES:0.522769805791256
C_MATERIAL:0.4448472026292053
