ELO:768
CE_PASSEDPAWNS:0.4480271865433212
CE_PAWNWEAKNESSES:0.5151374265880356
CE_PIECEACTIVITY:0.5589124091711151
CE_KINGPAWNSHIELD:0.48467967742511037
CE_PIECECOORDINATION:0.5341121466264751
CE_MATERIAL:0.532014524696627
CE_KINGSAFETY:0.5209506501244022
C_PIECESQUARETABLES:0.4986836471201443
C_MOBILITY:0.48219137797756695
C_KINGSAFETY:0.5013064103906981
C_PAWNSTRUCTURE:0.49848283343816774
C_PIECECOORDINATION:0.4812507863686322
C_ROOKANDPAWNMOVEMENT:0.4812507863686322
C_CENTERCONTROL:0.5433839806331764
C_DEVELOPPIECES:0.541050102568275
C_MATERIAL:0.4682028518542108
C_MOVECOUNT:0.5
