ELO:994
CE_PASSEDPAWNS:0.5004019133765094
CE_PAWNWEAKNESSES:0.46158925539644685
CE_PIECEACTIVITY:0.513548150817312
CE_KINGPAWNSHIELD:0.4684239640166569
CE_PIECECOORDINATION:0.47288670749847495
CE_MATERIAL:0.4675818787128984
CE_KINGSAFETY:0.5
C_PIECESQUARETABLES:0.5
C_MOBILITY:0.49418831439180744
C_KINGSAFETY:0.5207123532506147
C_PAWNSTRUCTURE:0.5
C_PIECECOORDINATION:0.5081438699217163
C_ROOK:0.4640241783420225
CE_ROOK:0.5016273857142091
C_CENTERCONTROL:0.5149045760519924
C_DEVELOPPIECES:0.503790404228409
C_MATERIAL:0.5029710026176948
C_MOVECOUNT:0.4565546094823454
C_PAWNMOVEMENT:0.5219166504499402
