ELO:913
CE_PASSEDPAWNS:0.4980707711641955
CE_PAWNWEAKNESSES:0.515541585836412
CE_PIECEACTIVITY:0.4721126996492266
CE_KINGPAWNSHIELD:0.48166028987627774
CE_PIECECOORDINATION:0.5467990022843225
CE_MATERIAL:0.4727623605886569
CE_KINGSAFETY:0.5036323944168387
C_PIECESQUARETABLES:0.49589729543473066
C_MOBILITY:0.5230006825853206
C_KINGSAFETY:0.4873917401201692
C_PAWNSTRUCTURE:0.5215582920279734
C_PIECECOORDINATION:0.504394665300518
C_ROOKANDPAWNMOVEMENT:0.504394665300518
C_CENTERCONTROL:0.4048873308254783
C_DEVELOPPIECES:0.46442878664365733
C_MATERIAL:0.4795709699453843
C_MOVECOUNT:0.5
