ELO:1013
CE_PASSEDPAWNS:0.4763125374083174
CE_PAWNWEAKNESSES:0.49955010529909966
CE_PIECEACTIVITY:0.48591567333554914
CE_KINGPAWNSHIELD:0.48909845461251095
CE_PIECECOORDINATION:0.511298527181163
CE_MATERIAL:0.48401706878860484
CE_KINGSAFETY:0.5
C_PIECESQUARETABLES:0.5
C_MOBILITY:0.49811460619669484
C_KINGSAFETY:0.5235439499677566
C_PAWNSTRUCTURE:0.5197885429922712
C_PIECECOORDINATION:0.4933292499088929
C_ROOK:0.49506600001955076
CE_ROOK:0.503452879469723
C_CENTERCONTROL:0.4885014735325812
C_DEVELOPPIECES:0.47770290067884724
C_MATERIAL:0.5302928021425948
C_MOVECOUNT:0.4936270663071781
C_PAWNMOVEMENT:0.5124955770113537
