ELO:1000
CE_PASSEDPAWNS:0.4657322421303549
CE_PAWNWEAKNESSES:0.5139336977231346
CE_PIECEACTIVITY:0.5082367148631654
CE_KINGPAWNSHIELD:0.504579140967746
CE_PIECECOORDINATION:0.505117601336183
CE_MATERIAL:0.5021772265093433
CE_KINGSAFETY:0.5068519678995043
C_PIECESQUARETABLES:0.49898740808490355
C_MOBILITY:0.5122288374028194
C_KINGSAFETY:0.5146544854976522
C_PAWNSTRUCTURE:0.5045365119696561
C_PIECECOORDINATION:0.49827149687012473
C_ROOKANDPAWNMOVEMENT:0.49827149687012473
C_CENTERCONTROL:0.48493933539018447
C_DEVELOPPIECES:0.5063619938782414
C_MATERIAL:0.5008474462568787
