ELO:753
CE_PASSEDPAWNS:0.464969123316471
CE_PAWNWEAKNESSES:0.4525335891956059
CE_PIECEACTIVITY:0.4786035511963464
CE_KINGPAWNSHIELD:0.42929581206649114
CE_PIECECOORDINATION:0.4795172949608163
CE_MATERIAL:0.5104539773151403
CE_KINGSAFETY:0.5102695943445942
C_PIECESQUARETABLES:0.5511384486755116
C_MOBILITY:0.4347431196669902
C_KINGSAFETY:0.3886454265926341
C_PAWNSTRUCTURE:0.5100004703415142
C_PIECECOORDINATION:0.4782873449906529
C_ROOKANDPAWNMOVEMENT:0.4782873449906529
C_CENTERCONTROL:0.43437014335190677
C_DEVELOPPIECES:0.5331173335392463
C_MATERIAL:0.5325692860127436
C_MOVECOUNT:0.4832939591937858
