ELO:944
CE_PASSEDPAWNS:0.5110381415547683
CE_PAWNWEAKNESSES:0.4988393672450144
CE_PIECEACTIVITY:0.5064810096278066
CE_KINGPAWNSHIELD:0.4944664526869448
CE_PIECECOORDINATION:0.5014480672995464
CE_MATERIAL:0.5090582624208342
CE_KINGSAFETY:0.510157834514311
C_PIECESQUARETABLES:0.5000368544055502
C_MOBILITY:0.4869839664428999
C_KINGSAFETY:0.4868918943136389
C_PAWNSTRUCTURE:0.5007550002562824
C_PIECECOORDINATION:0.4878756213241254
C_ROOKANDPAWNMOVEMENT:0.4878756213241254
C_CENTERCONTROL:0.45598295389888305
C_DEVELOPPIECES:0.5343836738094443
C_MATERIAL:0.5144610367654873
C_MOVECOUNT:0.5124243101709084
