ELO:999
CE_PASSEDPAWNS:0.501975690628763
CE_PAWNWEAKNESSES:0.5076194207233129
CE_PIECEACTIVITY:0.5
CE_KINGPAWNSHIELD:0.4965089023518789
CE_PIECECOORDINATION:0.4960286398334244
CE_MATERIAL:0.4766251147727669
CE_KINGSAFETY:0.48825912247943526
C_PIECESQUARETABLES:0.5
C_MOBILITY:0.5
C_KINGSAFETY:0.49618493719187284
C_PAWNSTRUCTURE:0.5155157291002413
C_PIECECOORDINATION:0.5034286425703852
C_ROOK:0.48352629269863734
CE_ROOK:0.503614211209282
C_CENTERCONTROL:0.5
C_DEVELOPPIECES:0.5
C_MATERIAL:0.4912865441606627
C_MOVECOUNT:0.5
C_PAWNMOVEMENT:0.4856284949866455
