ELO:998
CE_PASSEDPAWNS:0.6299788693493441
CE_PAWNWEAKNESSES:0.4758180005590078
CE_PIECEACTIVITY:0.49111622301585617
CE_KINGPAWNSHIELD:0.49097590895266124
CE_PIECECOORDINATION:0.4846546626536883
CE_MATERIAL:0.4749010535644474
CE_KINGSAFETY:0.49346050299577504
C_PIECESQUARETABLES:0.49962476011417994
C_MOBILITY:0.4497776551719536
C_KINGSAFETY:0.4616194205570101
C_PAWNSTRUCTURE:0.4434043399057052
C_PIECECOORDINATION:0.4936264844172325
C_ROOKANDPAWNMOVEMENT:0.4936264844172325
C_CENTERCONTROL:0.5281714784016597
C_DEVELOPPIECES:0.5569144588862516
C_MATERIAL:0.4222332622372354
