ELO:913
CE_PASSEDPAWNS:0.449533231525281
CE_PAWNWEAKNESSES:0.48337460929571274
CE_PIECEACTIVITY:0.42035338648399156
CE_KINGPAWNSHIELD:0.5344999917617342
CE_PIECECOORDINATION:0.5100325544058182
CE_MATERIAL:0.4688168437300998
CE_KINGSAFETY:0.5
C_PIECESQUARETABLES:0.48381700557379315
C_MOBILITY:0.46410969715752565
C_KINGSAFETY:0.5034241915608586
C_PAWNSTRUCTURE:0.4034853607655089
C_PIECECOORDINATION:0.5111765995630894
C_ROOKANDPAWNMOVEMENT:0.5111765995630894
C_CENTERCONTROL:0.44606024159589996
C_DEVELOPPIECES:0.528044243963063
C_MATERIAL:0.498832090905287
C_MOVECOUNT:0.5
