ELO:928
CE_PASSEDPAWNS:0.4761073770959572
CE_PAWNWEAKNESSES:0.3716652303270537
CE_PIECEACTIVITY:0.5666703184630759
CE_KINGPAWNSHIELD:0.5802958243492523
CE_PIECECOORDINATION:0.5513443583050961
CE_MATERIAL:0.5248772353480194
CE_KINGSAFETY:0.48737657511964344
C_PIECESQUARETABLES:0.5158094394495504
C_MOBILITY:0.46086678725280256
C_KINGSAFETY:0.45163442516021207
C_PAWNSTRUCTURE:0.5546626221567047
C_PIECECOORDINATION:0.4563203396138295
C_ROOKANDPAWNMOVEMENT:0.4563203396138295
C_CENTERCONTROL:0.5546145747467816
C_DEVELOPPIECES:0.46451326353964895
C_MATERIAL:0.5731369967453301
