ELO:976
CE_PASSEDPAWNS:0.4955133839492023
CE_PAWNWEAKNESSES:0.4908446004901261
CE_PIECEACTIVITY:0.5013969052207343
CE_KINGPAWNSHIELD:0.5249361869031254
CE_PIECECOORDINATION:0.5064114776765855
CE_MATERIAL:0.5059701539096821
CE_KINGSAFETY:0.4674284462761878
C_PIECESQUARETABLES:0.49529618304133455
C_MOBILITY:0.49805529498976425
C_KINGSAFETY:0.5293141040459094
C_PAWNSTRUCTURE:0.5092799018601829
C_PIECECOORDINATION:0.5273983331336507
C_ROOKANDPAWNMOVEMENT:0.5273983331336507
C_CENTERCONTROL:0.500291622261433
C_DEVELOPPIECES:0.5163309448463439
C_MATERIAL:0.5088546327342793
C_MOVECOUNT:0.5
