ELO:904
CE_PASSEDPAWNS:0.6184307020722167
CE_PAWNWEAKNESSES:0.5023558577545704
CE_PIECEACTIVITY:0.5909190767500069
CE_KINGPAWNSHIELD:0.4166824411614008
CE_PIECECOORDINATION:0.4617550367260491
CE_MATERIAL:0.5915744770879887
CE_KINGSAFETY:0.5328883142425298
C_PIECESQUARETABLES:0.49148574956558405
C_MOBILITY:0.5770958301954023
C_KINGSAFETY:0.3992204762647199
C_PAWNSTRUCTURE:0.49790215725580256
C_PIECECOORDINATION:0.4522390537607215
C_ROOKANDPAWNMOVEMENT:0.4522390537607215
C_CENTERCONTROL:0.5804698250490359
C_DEVELOPPIECES:0.44382938138462336
C_MATERIAL:0.4128749941915174
