ELO:1018
CE_PASSEDPAWNS:0.5918273487162821
CE_PAWNWEAKNESSES:0.5186906965992258
CE_PIECEACTIVITY:0.6020629546266175
CE_KINGPAWNSHIELD:0.45391054789546254
CE_PIECECOORDINATION:0.5497902066533642
CE_MATERIAL:0.4736706905746181
CE_KINGSAFETY:0.5109230920765678
C_PIECESQUARETABLES:0.46073308958127057
C_MOBILITY:0.5560263078984194
C_KINGSAFETY:0.6246896569857866
C_PAWNSTRUCTURE:0.45688504079826614
C_PIECECOORDINATION:0.46214713387922524
C_ROOKANDPAWNMOVEMENT:0.46214713387922524
C_CENTERCONTROL:0.5891023031235001
C_DEVELOPPIECES:0.546904518357662
C_MATERIAL:0.40446663244617376
