ELO:954
CE_PASSEDPAWNS:0.4726909799567843
CE_PAWNWEAKNESSES:0.5204032315372996
CE_PIECEACTIVITY:0.5300570073364702
CE_KINGPAWNSHIELD:0.500587495614372
CE_PIECECOORDINATION:0.5167434809438826
CE_MATERIAL:0.478883346043834
CE_KINGSAFETY:0.4839439845550079
C_PIECESQUARETABLES:0.5093174310722685
C_MOBILITY:0.4708688209074005
C_KINGSAFETY:0.5249862203566749
C_PAWNSTRUCTURE:0.4953865327616327
C_PIECECOORDINATION:0.4557970096686444
C_ROOK:0.5071677370497474
CE_ROOK:0.4722560044594228
C_CENTERCONTROL:0.4573926203415434
C_DEVELOPPIECES:0.5395449133908466
C_MATERIAL:0.509227963381
C_MOVECOUNT:0.48324547606833945
C_PAWNMOVEMENT:0.502501829366191
