ELO:862
CE_PASSEDPAWNS:0.49648097085702
CE_PAWNWEAKNESSES:0.4468862461761203
CE_PIECEACTIVITY:0.5889018489271822
CE_KINGPAWNSHIELD:0.45081720038547346
CE_PIECECOORDINATION:0.43388184545604414
CE_MATERIAL:0.46054606467074727
CE_KINGSAFETY:0.4946961161569307
C_PIECESQUARETABLES:0.5285549247363734
C_MOBILITY:0.6062520886794894
C_KINGSAFETY:0.539101005017356
C_PAWNSTRUCTURE:0.5018562301414834
C_PIECECOORDINATION:0.42873772535211835
C_ROOKANDPAWNMOVEMENT:0.42873772535211835
C_CENTERCONTROL:0.5301611850280274
C_DEVELOPPIECES:0.5977890191161648
C_MATERIAL:0.5218304254493992
