ELO:1000
CE_PASSEDPAWNS:0.516033734562358
CE_PAWNWEAKNESSES:0.5078884814945985
CE_PIECEACTIVITY:0.4946005480469835
CE_KINGPAWNSHIELD:0.5069325958399066
CE_PIECECOORDINATION:0.5116054278800208
CE_MATERIAL:0.5271273051871009
CE_KINGSAFETY:0.5321936986323313
C_PIECESQUARETABLES:0.479929854215313
C_MOBILITY:0.5497113677805219
C_KINGSAFETY:0.5024380063206482
C_PAWNSTRUCTURE:0.5114565876524031
C_PIECECOORDINATION:0.47455100610145995
C_ROOKANDPAWNMOVEMENT:0.47455100610145995
C_CENTERCONTROL:0.4315986808680325
C_DEVELOPPIECES:0.5263785440019657
C_MATERIAL:0.4720548987921752
