ELO:971
CE_PASSEDPAWNS:0.5101823306180808
CE_PAWNWEAKNESSES:0.460928585443052
CE_PIECEACTIVITY:0.522472322551813
CE_KINGPAWNSHIELD:0.4942806051310962
CE_PIECECOORDINATION:0.48198623473084096
CE_MATERIAL:0.5056826498345438
CE_KINGSAFETY:0.5
C_PIECESQUARETABLES:0.5
C_MOBILITY:0.4735133325447785
C_KINGSAFETY:0.4725432228191058
C_PAWNSTRUCTURE:0.49812286775806214
C_PIECECOORDINATION:0.5363186862243169
C_ROOK:0.44144213292536866
CE_ROOK:0.4596981929256418
C_CENTERCONTROL:0.5133733680226583
C_DEVELOPPIECES:0.48803846654105965
C_MATERIAL:0.48045192605560944
C_MOVECOUNT:0.532005775501957
C_PAWNMOVEMENT:0.5484947777418864
