ELO:953
CE_PASSEDPAWNS:0.4726909799567843
CE_PAWNWEAKNESSES:0.5120541521453688
CE_PIECEACTIVITY:0.5262548732173463
CE_KINGPAWNSHIELD:0.4988705773755824
CE_PIECECOORDINATION:0.5167434809438826
CE_MATERIAL:0.478883346043834
CE_KINGSAFETY:0.49479667375986086
C_PIECESQUARETABLES:0.5
C_MOBILITY:0.4708688209074005
C_KINGSAFETY:0.5249862203566749
C_PAWNSTRUCTURE:0.4953865327616327
C_PIECECOORDINATION:0.4557970096686444
C_ROOK:0.5071677370497474
CE_ROOK:0.4722560044594228
C_CENTERCONTROL:0.4573926203415434
C_DEVELOPPIECES:0.5395449133908466
C_MATERIAL:0.5187867851017052
C_MOVECOUNT:0.48324547606833945
C_PAWNMOVEMENT:0.502501829366191
