ELO:841
CE_PASSEDPAWNS:0.43800839071426734
CE_PAWNWEAKNESSES:0.486506976078641
CE_PIECEACTIVITY:0.4763846768113646
CE_KINGPAWNSHIELD:0.5142546168944354
CE_PIECECOORDINATION:0.5224254372200219
CE_MATERIAL:0.5048639581838069
CE_KINGSAFETY:0.5047595545180044
C_PIECESQUARETABLES:0.49933201050777115
C_MOBILITY:0.4011455769839054
C_KINGSAFETY:0.5305605605670936
C_PAWNSTRUCTURE:0.4835218671263043
C_PIECECOORDINATION:0.5222221473043477
C_ROOKANDPAWNMOVEMENT:0.5222221473043477
C_CENTERCONTROL:0.5566210290322101
C_DEVELOPPIECES:0.46262972304907624
C_MATERIAL:0.5027277990074507
C_MOVECOUNT:0.5
