ELO:931
CE_PASSEDPAWNS:0.51511574239109
CE_PAWNWEAKNESSES:0.5234164948296414
CE_PIECEACTIVITY:0.49939022414192236
CE_KINGPAWNSHIELD:0.46936347817581897
CE_PIECECOORDINATION:0.5127973190673982
CE_MATERIAL:0.48086332061297954
CE_KINGSAFETY:0.4706426415024885
C_PIECESQUARETABLES:0.47659144275389703
C_MOBILITY:0.5044429391368314
C_KINGSAFETY:0.5737661858816416
C_PAWNSTRUCTURE:0.49508768960243543
C_PIECECOORDINATION:0.4420729603749888
C_ROOKANDPAWNMOVEMENT:0.4420729603749888
C_CENTERCONTROL:0.5367933153682983
C_DEVELOPPIECES:0.45315460774945504
C_MATERIAL:0.5110824889453824
C_MOVECOUNT:0.5
