ELO:1102
CE_PASSEDPAWNS:0.4388029228740015
CE_PAWNWEAKNESSES:0.44527530593291376
CE_PIECEACTIVITY:0.47707812532962285
CE_KINGPAWNSHIELD:0.47135115916849446
CE_PIECECOORDINATION:0.5409173939107582
CE_MATERIAL:0.45398262924940724
CE_KINGSAFETY:0.4913067809784517
C_PIECESQUARETABLES:0.5
C_MOBILITY:0.44768856103321525
C_KINGSAFETY:0.48484941365337136
C_PAWNSTRUCTURE:0.43469367457822367
C_PIECECOORDINATION:0.4823655123946331
C_ROOKANDPAWNMOVEMENT:0.4823655123946331
C_CENTERCONTROL:0.5165220236031897
C_DEVELOPPIECES:0.5691474719422731
C_MATERIAL:0.40173356469370974
