ELO:1000
CE_PASSEDPAWNS:0.5122314238108104
CE_PAWNWEAKNESSES:0.5127079962328258
CE_PIECEACTIVITY:0.5041106797266179
CE_KINGPAWNSHIELD:0.4913783932410109
CE_PIECECOORDINATION:0.5214506717728902
CE_MATERIAL:0.49251738081734114
CE_KINGSAFETY:0.5266753050524047
C_PIECESQUARETABLES:0.4846898123010445
C_MOBILITY:0.5112679429208453
C_KINGSAFETY:0.5146577698647574
C_PAWNSTRUCTURE:0.5095890646095981
C_PIECECOORDINATION:0.4962473804331106
C_ROOKANDPAWNMOVEMENT:0.4962473804331106
C_CENTERCONTROL:0.49971679941599484
C_DEVELOPPIECES:0.4949234246277397
C_MATERIAL:0.4874205002714288
