ELO:1000
CE_PASSEDPAWNS:0.505094950257359
CE_PAWNWEAKNESSES:0.5044945729007342
CE_PIECEACTIVITY:0.5012130489514505
CE_KINGPAWNSHIELD:0.4688415951426115
CE_PIECECOORDINATION:0.516171387079045
CE_MATERIAL:0.4983791288595244
CE_KINGSAFETY:0.5302820315971507
C_PIECESQUARETABLES:0.4770373510873626
C_MOBILITY:0.4956100587463187
C_KINGSAFETY:0.5137838136977999
C_PAWNSTRUCTURE:0.5198117698857303
C_PIECECOORDINATION:0.4674411917910768
C_ROOKANDPAWNMOVEMENT:0.4674411917910768
C_CENTERCONTROL:0.49971679941599484
C_DEVELOPPIECES:0.5044995231328648
C_MATERIAL:0.4896693062620101
