ELO:907
CE_PASSEDPAWNS:0.6279259475112943
CE_PAWNWEAKNESSES:0.5091645255807469
CE_PIECEACTIVITY:0.593242379140117
CE_KINGPAWNSHIELD:0.4112261191636156
CE_PIECECOORDINATION:0.4629656721273073
CE_MATERIAL:0.5933352654805559
CE_KINGSAFETY:0.5328883142425298
C_PIECESQUARETABLES:0.5016293367236975
C_MOBILITY:0.5934636152670252
C_KINGSAFETY:0.3985631620303907
C_PAWNSTRUCTURE:0.5048682249886047
C_PIECECOORDINATION:0.47635127127433624
C_ROOKANDPAWNMOVEMENT:0.47635127127433624
C_CENTERCONTROL:0.5892462774203865
C_DEVELOPPIECES:0.4292735609904988
C_MATERIAL:0.42684167581181026
