ELO:1018
CE_PASSEDPAWNS:0.4912553481785762
CE_PAWNWEAKNESSES:0.49925967922292463
CE_PIECEACTIVITY:0.5022783745099312
CE_KINGPAWNSHIELD:0.49406879885743327
CE_PIECECOORDINATION:0.5190030608861436
CE_MATERIAL:0.49048327732167285
CE_KINGSAFETY:0.48392474238807387
C_PIECESQUARETABLES:0.5113309396949102
C_MOBILITY:0.5080530536196147
C_KINGSAFETY:0.5023484239155966
C_PAWNSTRUCTURE:0.4891970235695265
C_PIECECOORDINATION:0.5062828362749207
C_ROOK:0.5093136416940628
CE_ROOK:0.5081058882630859
C_CENTERCONTROL:0.5101754807395007
C_DEVELOPPIECES:0.5
C_MATERIAL:0.49046314102359867
C_MOVECOUNT:0.5
C_PAWNMOVEMENT:0.5
