ELO:901
CE_PASSEDPAWNS:0.4872233081358536
CE_PAWNWEAKNESSES:0.5218268052390642
CE_PIECEACTIVITY:0.3772235368510972
CE_KINGPAWNSHIELD:0.6181582126531387
CE_PIECECOORDINATION:0.5505993947420964
CE_MATERIAL:0.5274761439181878
CE_KINGSAFETY:0.4763887268108265
C_PIECESQUARETABLES:0.47399715796834724
C_MOBILITY:0.575631928014601
C_KINGSAFETY:0.4809696616817587
C_PAWNSTRUCTURE:0.3927784673078297
C_PIECECOORDINATION:0.4544131616333416
C_ROOKANDPAWNMOVEMENT:0.4544131616333416
C_CENTERCONTROL:0.45958334151467567
C_DEVELOPPIECES:0.5400580832561894
C_MATERIAL:0.3966199363518404
