ELO:986
CE_PASSEDPAWNS:0.502623171907951
CE_PAWNWEAKNESSES:0.5027469525593339
CE_PIECEACTIVITY:0.5009046015889127
CE_KINGPAWNSHIELD:0.5076755722666574
CE_PIECECOORDINATION:0.4916610946830515
CE_MATERIAL:0.4925316008299895
CE_KINGSAFETY:0.5
C_PIECESQUARETABLES:0.5
C_MOBILITY:0.5089707929254284
C_KINGSAFETY:0.49825485867962804
C_PAWNSTRUCTURE:0.4950808927786756
C_PIECECOORDINATION:0.5127949008228155
C_ROOKANDPAWNMOVEMENT:0.5127949008228155
C_CENTERCONTROL:0.4775761539555929
C_DEVELOPPIECES:0.5066935628592808
C_MATERIAL:0.5007934809183949
C_MOVECOUNT:0.5000702791959094
