ELO:986
CE_PASSEDPAWNS:0.5994823063126961
CE_PAWNWEAKNESSES:0.4775381371978302
CE_PIECEACTIVITY:0.5349871185844597
CE_KINGPAWNSHIELD:0.3801431396765681
CE_PIECECOORDINATION:0.4924502034754041
CE_MATERIAL:0.5545991551093591
CE_KINGSAFETY:0.5
C_PIECESQUARETABLES:0.4985707316749789
C_MOBILITY:0.5456117418940913
C_KINGSAFETY:0.4915742928646624
C_PAWNSTRUCTURE:0.516654175635134
C_PIECECOORDINATION:0.4840614937240315
C_ROOKANDPAWNMOVEMENT:0.4840614937240315
C_CENTERCONTROL:0.5005493004256126
C_DEVELOPPIECES:0.40610284516490947
C_MATERIAL:0.44727376992365353
