ELO:979
CE_PASSEDPAWNS:0.49932405725366474
CE_PAWNWEAKNESSES:0.4889857516673525
CE_PIECEACTIVITY:0.5363226033355718
CE_KINGPAWNSHIELD:0.47337456060317284
CE_PIECECOORDINATION:0.5
CE_MATERIAL:0.505924426103265
CE_KINGSAFETY:0.4917196136354195
C_PIECESQUARETABLES:0.5
C_MOBILITY:0.4966574098992115
C_KINGSAFETY:0.5141383586071611
C_PAWNSTRUCTURE:0.5469058756038081
C_PIECECOORDINATION:0.5082408072657407
C_ROOKANDPAWNMOVEMENT:0.5082408072657407
C_CENTERCONTROL:0.4794373991208281
C_DEVELOPPIECES:0.4548936196546968
C_MATERIAL:0.4843859000612426
C_MOVECOUNT:0.44215315146461964
