ELO:996
CE_PASSEDPAWNS:0.5866861811521042
CE_PAWNWEAKNESSES:0.4931097932831957
CE_PIECEACTIVITY:0.5231757697321728
CE_KINGPAWNSHIELD:0.39300449320715797
CE_PIECECOORDINATION:0.4843626048421731
CE_MATERIAL:0.5587898230293084
CE_KINGSAFETY:0.48682224409889235
C_PIECESQUARETABLES:0.5237330356588816
C_MOBILITY:0.521702098810071
C_KINGSAFETY:0.492887844334129
C_PAWNSTRUCTURE:0.522087959592324
C_PIECECOORDINATION:0.47669831645810157
C_ROOKANDPAWNMOVEMENT:0.47669831645810157
C_CENTERCONTROL:0.47402656779320007
C_DEVELOPPIECES:0.4392612895961039
C_MATERIAL:0.45153384801013713
