ELO:982
CE_PASSEDPAWNS:0.5114841497148747
CE_PAWNWEAKNESSES:0.46421287037144604
CE_PIECEACTIVITY:0.48822199918764325
CE_KINGPAWNSHIELD:0.5081736781868883
CE_PIECECOORDINATION:0.5089229187399444
CE_MATERIAL:0.5104415183103603
CE_KINGSAFETY:0.5046328604302451
C_PIECESQUARETABLES:0.5058054755210671
C_MOBILITY:0.5
C_KINGSAFETY:0.5031771115155429
C_PAWNSTRUCTURE:0.5
C_PIECECOORDINATION:0.5222055050858797
C_ROOKANDPAWNMOVEMENT:0.5222055050858797
C_CENTERCONTROL:0.4968923138994626
C_DEVELOPPIECES:0.4963396933189376
C_MATERIAL:0.49009783086023706
