ELO:985
CE_PASSEDPAWNS:0.5236334603258841
CE_PAWNWEAKNESSES:0.5118211920082463
CE_PIECEACTIVITY:0.4776880671422216
CE_KINGPAWNSHIELD:0.5531190450722401
CE_PIECECOORDINATION:0.5141861448406443
CE_MATERIAL:0.5538001634642049
CE_KINGSAFETY:0.5022318375546763
C_PIECESQUARETABLES:0.5286176466699213
C_MOBILITY:0.5888675827500974
C_KINGSAFETY:0.4788703668495683
C_PAWNSTRUCTURE:0.3675603426708694
C_PIECECOORDINATION:0.4573832118267094
C_ROOKANDPAWNMOVEMENT:0.4573832118267094
C_CENTERCONTROL:0.46202725254171395
C_DEVELOPPIECES:0.529606972818789
C_MATERIAL:0.5271862342702601
