ELO:1000
CE_PASSEDPAWNS:0.5
CE_PAWNWEAKNESSES:0.5
CE_PIECEACTIVITY:0.5
CE_KINGPAWNSHIELD:0.5
CE_PIECECOORDINATION:0.5108530866627857
CE_MATERIAL:0.5
CE_KINGSAFETY:0.5
C_PIECESQUARETABLES:0.5
C_MOBILITY:0.5198523202290517
C_KINGSAFETY:0.5179274742943241
C_PAWNSTRUCTURE:0.5
C_PIECECOORDINATION:0.5069561989702649
C_ROOKANDPAWNMOVEMENT:0.5069561989702649
C_CENTERCONTROL:0.4887340045984304
C_DEVELOPPIECES:0.5
C_MATERIAL:0.4982492753631288
