ELO:989
CE_PASSEDPAWNS:0.3649078919822299
CE_PAWNWEAKNESSES:0.5086530027826172
CE_PIECEACTIVITY:0.5594978002495871
CE_KINGPAWNSHIELD:0.47296228941213614
CE_PIECECOORDINATION:0.4777636456709193
CE_MATERIAL:0.5125313430690898
CE_KINGSAFETY:0.5
C_PIECESQUARETABLES:0.5
C_MOBILITY:0.49422902948931685
C_KINGSAFETY:0.5594239720260957
C_PAWNSTRUCTURE:0.31762262404687613
C_PIECECOORDINATION:0.4455295289066636
C_ROOKANDPAWNMOVEMENT:0.4455295289066636
C_CENTERCONTROL:0.35488331713916
C_DEVELOPPIECES:0.48463106472835726
C_MATERIAL:0.6828983766046607
