ELO:993
CE_PASSEDPAWNS:0.5231770440007963
CE_PAWNWEAKNESSES:0.48614443915107053
CE_PIECEACTIVITY:0.4800077573265897
CE_KINGPAWNSHIELD:0.5132212229002344
CE_PIECECOORDINATION:0.5004815036012042
CE_MATERIAL:0.5295449709115624
CE_KINGSAFETY:0.5
C_PIECESQUARETABLES:0.5
C_MOBILITY:0.4953253107692609
C_KINGSAFETY:0.579971848777565
C_PAWNSTRUCTURE:0.5220022801952029
C_PIECECOORDINATION:0.4461542199662135
C_ROOKANDPAWNMOVEMENT:0.4461542199662135
C_CENTERCONTROL:0.6051999654039842
C_DEVELOPPIECES:0.4374972107804913
C_MATERIAL:0.4862037612695506
C_MOVECOUNT:0.5
