ELO:1000
CE_PASSEDPAWNS:0.5060256542145876
CE_PAWNWEAKNESSES:0.48447722727416737
CE_PIECEACTIVITY:0.4984584318527806
CE_KINGPAWNSHIELD:0.4982581455263265
CE_PIECECOORDINATION:0.5134608324086637
CE_MATERIAL:0.5105854789841319
CE_KINGSAFETY:0.5115097488383844
C_PIECESQUARETABLES:0.5105139762702928
C_MOBILITY:0.5286253483417513
C_KINGSAFETY:0.5079580529808926
C_PAWNSTRUCTURE:0.4907988866869333
C_PIECECOORDINATION:0.48400796411313185
C_ROOKANDPAWNMOVEMENT:0.48400796411313185
C_CENTERCONTROL:0.4688138992912422
C_DEVELOPPIECES:0.5204679217886616
C_MATERIAL:0.48265441684462806
