ELO:938
CE_PASSEDPAWNS:0.471874233505415
CE_PAWNWEAKNESSES:0.5055753425500427
CE_PIECEACTIVITY:0.5262548732173463
CE_KINGPAWNSHIELD:0.5017093947921559
CE_PIECECOORDINATION:0.5147205923633307
CE_MATERIAL:0.4753985432475499
CE_KINGSAFETY:0.5
C_PIECESQUARETABLES:0.5
C_MOBILITY:0.4708688209074005
C_KINGSAFETY:0.4985465446644948
C_PAWNSTRUCTURE:0.4864104311068863
C_PIECECOORDINATION:0.4633474484931913
C_ROOK:0.5045016582438077
CE_ROOK:0.478223988881273
C_CENTERCONTROL:0.4573926203415434
C_DEVELOPPIECES:0.5302537902727379
C_MATERIAL:0.5336601652849053
C_MOVECOUNT:0.48505784994888385
C_PAWNMOVEMENT:0.4920300035672599
