ELO:1000
CE_PASSEDPAWNS:0.5
CE_PAWNWEAKNESSES:0.5007253379643023
CE_PIECEACTIVITY:0.506944107603012
CE_KINGPAWNSHIELD:0.5
CE_PIECECOORDINATION:0.5108530866627857
CE_MATERIAL:0.5
CE_KINGSAFETY:0.5018779276744356
C_PIECESQUARETABLES:0.4995953946118726
C_MOBILITY:0.5198523202290517
C_KINGSAFETY:0.5072042773257219
C_PAWNSTRUCTURE:0.49961181176197833
C_PIECECOORDINATION:0.5000163654056141
C_ROOKANDPAWNMOVEMENT:0.5000163654056141
C_CENTERCONTROL:0.4887340045984304
C_DEVELOPPIECES:0.5020646072526304
C_MATERIAL:0.49055414455744983
