ELO:1054
CE_PASSEDPAWNS:0.5999326002105352
CE_PAWNWEAKNESSES:0.5030354780444768
CE_PIECEACTIVITY:0.6113030877990526
CE_KINGPAWNSHIELD:0.4590485292061831
CE_PIECECOORDINATION:0.5611355077542601
CE_MATERIAL:0.4795814717276577
CE_KINGSAFETY:0.5109230920765678
C_PIECESQUARETABLES:0.46310102053430874
C_MOBILITY:0.5384774459362638
C_KINGSAFETY:0.6252717185445135
C_PAWNSTRUCTURE:0.4339393601888825
C_PIECECOORDINATION:0.46214713387922524
C_ROOKANDPAWNMOVEMENT:0.46214713387922524
C_CENTERCONTROL:0.5891023031235001
C_DEVELOPPIECES:0.5311424292550461
C_MATERIAL:0.4072866748885538
