ELO:1042
CE_PASSEDPAWNS:0.5069780083372324
CE_PAWNWEAKNESSES:0.5
CE_PIECEACTIVITY:0.5
CE_KINGPAWNSHIELD:0.5
CE_PIECECOORDINATION:0.505956758345117
CE_MATERIAL:0.5
CE_KINGSAFETY:0.5
C_PIECESQUARETABLES:0.5
C_MOBILITY:0.5
C_KINGSAFETY:0.4809672756756484
C_PAWNSTRUCTURE:0.49780687763074033
C_PIECECOORDINATION:0.5122640588415251
C_ROOKANDPAWNMOVEMENT:0.5122640588415251
C_CENTERCONTROL:0.49441941493671626
C_DEVELOPPIECES:0.5
C_MATERIAL:0.5065608538991785
C_MOVECOUNT:0.5111396762360922
