ELO:989
CE_PASSEDPAWNS:0.3696019422641172
CE_PAWNWEAKNESSES:0.512543771672123
CE_PIECEACTIVITY:0.5710695920234664
CE_KINGPAWNSHIELD:0.4699995938199114
CE_PIECECOORDINATION:0.4650912647030582
CE_MATERIAL:0.5125313430690898
CE_KINGSAFETY:0.507732654646966
C_PIECESQUARETABLES:0.48075961003799506
C_MOBILITY:0.48768283738458945
C_KINGSAFETY:0.5594239720260957
C_PAWNSTRUCTURE:0.339421310894942
C_PIECECOORDINATION:0.45214005219806513
C_ROOKANDPAWNMOVEMENT:0.45214005219806513
C_CENTERCONTROL:0.35920696440428085
C_DEVELOPPIECES:0.48463106472835726
C_MATERIAL:0.673316012052611
