ELO:963
CE_PASSEDPAWNS:0.6089921538347369
CE_PAWNWEAKNESSES:0.46474697364158574
CE_PIECEACTIVITY:0.5457330340483783
CE_KINGPAWNSHIELD:0.35006523824028746
CE_PIECECOORDINATION:0.472111284334598
CE_MATERIAL:0.5427129744092742
CE_KINGSAFETY:0.506546517290396
C_PIECESQUARETABLES:0.4960421026184738
C_MOBILITY:0.5655925260514715
C_KINGSAFETY:0.4739562905585642
C_PAWNSTRUCTURE:0.49909313687796136
C_PIECECOORDINATION:0.4894991540641038
C_ROOKANDPAWNMOVEMENT:0.4894991540641038
C_CENTERCONTROL:0.5085835111058583
C_DEVELOPPIECES:0.40010957946439574
C_MATERIAL:0.43345059906172845
