ELO:911
CE_PASSEDPAWNS:0.4984793067553645
CE_PAWNWEAKNESSES:0.522174870012445
CE_PIECEACTIVITY:0.5385863822281445
CE_KINGPAWNSHIELD:0.4971448888871522
CE_PIECECOORDINATION:0.5154241008612841
CE_MATERIAL:0.46389169249347634
CE_KINGSAFETY:0.48260116352627375
C_PIECESQUARETABLES:0.5050980738027967
C_MOBILITY:0.43884165963551336
C_KINGSAFETY:0.5084671200864936
C_PAWNSTRUCTURE:0.4601615388835695
C_PIECECOORDINATION:0.4655324310169899
C_ROOK:0.4999899189512116
CE_ROOK:0.48259506341780667
C_CENTERCONTROL:0.4399179103975986
C_DEVELOPPIECES:0.5737880348178999
C_MATERIAL:0.49750241098272874
C_MOVECOUNT:0.4549153731204704
C_PAWNMOVEMENT:0.49345493845374705
