ELO:991
CE_PASSEDPAWNS:0.4908204949993317
CE_PAWNWEAKNESSES:0.48614443915107053
CE_PIECEACTIVITY:0.5412503231619679
CE_KINGPAWNSHIELD:0.5132212229002344
CE_PIECECOORDINATION:0.4971931556700441
CE_MATERIAL:0.482158172900639
CE_KINGSAFETY:0.5
C_PIECESQUARETABLES:0.5
C_MOBILITY:0.5736504290599065
C_KINGSAFETY:0.5645170203509092
C_PAWNSTRUCTURE:0.4972323081345645
C_PIECECOORDINATION:0.4487516779322136
C_ROOKANDPAWNMOVEMENT:0.4487516779322136
C_CENTERCONTROL:0.4692925024858492
C_DEVELOPPIECES:0.4931124800397723
C_MATERIAL:0.5351067220389177
C_MOVECOUNT:0.5
