ELO:912
CE_PASSEDPAWNS:0.6442561704308378
CE_PAWNWEAKNESSES:0.49855979254052496
CE_PIECEACTIVITY:0.5737905128279589
CE_KINGPAWNSHIELD:0.402798581319515
CE_PIECECOORDINATION:0.4813697358063173
CE_MATERIAL:0.5864247724682037
CE_KINGSAFETY:0.5327857707566499
C_PIECESQUARETABLES:0.508707560693831
C_MOBILITY:0.6044395360249925
C_KINGSAFETY:0.41363514240979393
C_PAWNSTRUCTURE:0.5063194457690351
C_PIECECOORDINATION:0.479592349521808
C_ROOKANDPAWNMOVEMENT:0.479592349521808
C_CENTERCONTROL:0.5796449223433372
C_DEVELOPPIECES:0.41052532461795305
C_MATERIAL:0.4340702325786129
