ELO:932
CE_PASSEDPAWNS:0.6082775431050379
CE_PAWNWEAKNESSES:0.525272909180439
CE_PIECEACTIVITY:0.41665887894299475
CE_KINGPAWNSHIELD:0.4505262783639758
CE_PIECECOORDINATION:0.5359363537378022
CE_MATERIAL:0.3777808210602627
CE_KINGSAFETY:0.5
C_PIECESQUARETABLES:0.5
C_MOBILITY:0.526916212096717
C_KINGSAFETY:0.3314081898094452
C_PAWNSTRUCTURE:0.5021801611631
C_PIECECOORDINATION:0.49233213681202953
C_ROOKANDPAWNMOVEMENT:0.49233213681202953
C_CENTERCONTROL:0.603714504857027
C_DEVELOPPIECES:0.45143309349574606
C_MATERIAL:0.5662707290747718
