ELO:981
CE_PASSEDPAWNS:0.45827863907326766
CE_PAWNWEAKNESSES:0.48538270640848447
CE_PIECEACTIVITY:0.53085956840034
CE_KINGPAWNSHIELD:0.4958244147086123
CE_PIECECOORDINATION:0.499074409246651
CE_MATERIAL:0.4961730860824886
CE_KINGSAFETY:0.49236224560711195
C_PIECESQUARETABLES:0.4895444783333929
C_MOBILITY:0.4779108671091896
C_KINGSAFETY:0.5043816901670888
C_PAWNSTRUCTURE:0.512415813643917
C_PIECECOORDINATION:0.4804795356200763
C_ROOK:0.5140522103105327
CE_ROOK:0.49276909240711536
C_CENTERCONTROL:0.4792791273889719
C_DEVELOPPIECES:0.5187503830201644
C_MATERIAL:0.5199158417981534
C_MOVECOUNT:0.4866549769687121
C_PAWNMOVEMENT:0.4946163214060013
