ELO:900
CE_PASSEDPAWNS:0.6104637342936262
CE_PAWNWEAKNESSES:0.5241754385065186
CE_PIECEACTIVITY:0.5789121159819383
CE_KINGPAWNSHIELD:0.4212291971775647
CE_PIECECOORDINATION:0.46706175778211945
CE_MATERIAL:0.5998103157998629
CE_KINGSAFETY:0.5459115120850803
C_PIECESQUARETABLES:0.4863403817353364
C_MOBILITY:0.5832964480801395
C_KINGSAFETY:0.38924476089976723
C_PAWNSTRUCTURE:0.49547500581725296
C_PIECECOORDINATION:0.4547187978274111
C_ROOKANDPAWNMOVEMENT:0.4547187978274111
C_CENTERCONTROL:0.5629888781168249
C_DEVELOPPIECES:0.4310907266457224
C_MATERIAL:0.40654380027653003
