ELO:1089
CE_PASSEDPAWNS:0.5955037066111589
CE_PAWNWEAKNESSES:0.5049538678398092
CE_PIECEACTIVITY:0.46924498530504655
CE_KINGPAWNSHIELD:0.5045756416876779
CE_PIECECOORDINATION:0.47802035075737237
CE_MATERIAL:0.39042021368896773
CE_KINGSAFETY:0.5
C_PIECESQUARETABLES:0.5
C_MOBILITY:0.4345370760155616
C_KINGSAFETY:0.6198456879932558
C_PAWNSTRUCTURE:0.40142281347640085
C_PIECECOORDINATION:0.36062421724656424
C_ROOKANDPAWNMOVEMENT:0.36062421724656424
C_CENTERCONTROL:0.5465689689981933
C_DEVELOPPIECES:0.5535657758301646
C_MATERIAL:0.3834617045102558
