ELO:990
CE_PASSEDPAWNS:0.5277288571395565
CE_PAWNWEAKNESSES:0.505504099476525
CE_PIECEACTIVITY:0.5051077980688562
CE_KINGPAWNSHIELD:0.5348644230623094
CE_PIECECOORDINATION:0.4861819257004529
CE_MATERIAL:0.5125313430690898
CE_KINGSAFETY:0.5022322776738731
C_PIECESQUARETABLES:0.5
C_MOBILITY:0.5050077965526334
C_KINGSAFETY:0.5789060231315419
C_PAWNSTRUCTURE:0.6167243620518561
C_PIECECOORDINATION:0.5350567576815112
C_ROOKANDPAWNMOVEMENT:0.5350567576815112
C_CENTERCONTROL:0.371787677107165
C_DEVELOPPIECES:0.48463106472835726
C_MATERIAL:0.6201906658387899
