ELO:933
CE_PASSEDPAWNS:0.5070690130219926
CE_PAWNWEAKNESSES:0.49330718997769185
CE_PIECEACTIVITY:0.5170402252664142
CE_KINGPAWNSHIELD:0.49582438447620675
CE_PIECECOORDINATION:0.5230160912248776
CE_MATERIAL:0.5287989765526196
CE_KINGSAFETY:0.49446778125953533
C_PIECESQUARETABLES:0.49764784344562374
C_MOBILITY:0.5032578481880815
C_KINGSAFETY:0.5276024615060865
C_PAWNSTRUCTURE:0.5024745361481712
C_PIECECOORDINATION:0.5097397458291658
C_ROOKANDPAWNMOVEMENT:0.5097397458291658
C_CENTERCONTROL:0.5136121776296698
C_DEVELOPPIECES:0.5151305718818581
C_MATERIAL:0.4992526745820467
C_MOVECOUNT:0.5
