ELO:988
CE_PASSEDPAWNS:0.3671258369474086
CE_PAWNWEAKNESSES:0.4449176979510626
CE_PIECEACTIVITY:0.5594978002495871
CE_KINGPAWNSHIELD:0.48000751571289835
CE_PIECECOORDINATION:0.4587953277888198
CE_MATERIAL:0.5125313430690898
CE_KINGSAFETY:0.4991074626392116
C_PIECESQUARETABLES:0.4995107419168492
C_MOBILITY:0.5088507741398046
C_KINGSAFETY:0.49910441419432433
C_PAWNSTRUCTURE:0.32659486032772983
C_PIECECOORDINATION:0.4600510052967143
C_ROOKANDPAWNMOVEMENT:0.4600510052967143
C_CENTERCONTROL:0.3584012005771601
C_DEVELOPPIECES:0.48463106472835726
C_MATERIAL:0.5884312265350742
