ELO:944
CE_PASSEDPAWNS:0.6307785538206574
CE_PAWNWEAKNESSES:0.4810420231551757
CE_PIECEACTIVITY:0.5696953286023757
CE_KINGPAWNSHIELD:0.37029556857941065
CE_PIECECOORDINATION:0.4767091498865468
CE_MATERIAL:0.5674381360133078
CE_KINGSAFETY:0.5010560464240015
C_PIECESQUARETABLES:0.5057332649390375
C_MOBILITY:0.6078725034376522
C_KINGSAFETY:0.42095981881345423
C_PAWNSTRUCTURE:0.5077444609264442
C_PIECECOORDINATION:0.5011786628738304
C_ROOKANDPAWNMOVEMENT:0.5011786628738304
C_CENTERCONTROL:0.5551305313582279
C_DEVELOPPIECES:0.42331481116647884
C_MATERIAL:0.45237738610003
