ELO:988
CE_PASSEDPAWNS:0.5380218363933006
CE_PAWNWEAKNESSES:0.5196676307142006
CE_PIECEACTIVITY:0.47445193856834045
CE_KINGPAWNSHIELD:0.5583445511219479
CE_PIECECOORDINATION:0.5028885907954386
CE_MATERIAL:0.542924345876577
CE_KINGSAFETY:0.5281556484605892
C_PIECESQUARETABLES:0.5319264310591582
C_MOBILITY:0.5608772099905988
C_KINGSAFETY:0.49504640491158225
C_PAWNSTRUCTURE:0.41452934326963814
C_PIECECOORDINATION:0.4808090055320428
C_ROOKANDPAWNMOVEMENT:0.4808090055320428
C_CENTERCONTROL:0.48435054426581176
C_DEVELOPPIECES:0.5227336161021124
C_MATERIAL:0.5404533813366014
