ELO:910
CE_PASSEDPAWNS:0.4737889703391397
CE_PAWNWEAKNESSES:0.49877048913801336
CE_PIECEACTIVITY:0.4017769226154575
CE_KINGPAWNSHIELD:0.5760384867763991
CE_PIECECOORDINATION:0.5169447907232507
CE_MATERIAL:0.5621266221206322
CE_KINGSAFETY:0.5
C_PIECESQUARETABLES:0.49799601010511313
C_MOBILITY:0.5749664150357101
C_KINGSAFETY:0.49159435060630946
C_PAWNSTRUCTURE:0.39806049380896963
C_PIECECOORDINATION:0.4512716816747055
C_ROOKANDPAWNMOVEMENT:0.4512716816747055
C_CENTERCONTROL:0.45151612741855107
C_DEVELOPPIECES:0.5747878880634381
C_MATERIAL:0.48266272369637114
