ELO:915
CE_PASSEDPAWNS:0.5104446768667571
CE_PAWNWEAKNESSES:0.531139043716317
CE_PIECEACTIVITY:0.5324147520378651
CE_KINGPAWNSHIELD:0.6301715462726969
CE_PIECECOORDINATION:0.5060887551251448
CE_MATERIAL:0.5016942396269547
CE_KINGSAFETY:0.5
C_PIECESQUARETABLES:0.5
C_MOBILITY:0.4763886742227888
C_KINGSAFETY:0.5723643422751289
C_PAWNSTRUCTURE:0.5214128083465364
C_PIECECOORDINATION:0.4829247280730019
C_ROOKANDPAWNMOVEMENT:0.4829247280730019
C_CENTERCONTROL:0.40737265873548006
C_DEVELOPPIECES:0.4561110614391536
C_MATERIAL:0.3995849967759316
C_MOVECOUNT:0.5
