ELO:922
CE_PASSEDPAWNS:0.5408916148036608
CE_PAWNWEAKNESSES:0.5223905125080676
CE_PIECEACTIVITY:0.5273543852799706
CE_KINGPAWNSHIELD:0.5192197148226284
CE_PIECECOORDINATION:0.5173593124076078
CE_MATERIAL:0.4859920135170977
CE_KINGSAFETY:0.513023596604475
C_PIECESQUARETABLES:0.46244832968049604
C_MOBILITY:0.5254939858226267
C_KINGSAFETY:0.555830451495619
C_PAWNSTRUCTURE:0.5370499976944734
C_PIECECOORDINATION:0.48546517213802903
C_ROOKANDPAWNMOVEMENT:0.48546517213802903
C_CENTERCONTROL:0.5350913530530702
C_DEVELOPPIECES:0.4845261793637921
C_MATERIAL:0.5135167490326862
C_MOVECOUNT:0.5
