ELO:910
CE_PASSEDPAWNS:0.46580894700349823
CE_PAWNWEAKNESSES:0.4956415418242731
CE_PIECEACTIVITY:0.52753033821175
CE_KINGPAWNSHIELD:0.5149988255246454
CE_PIECECOORDINATION:0.5154999379151711
CE_MATERIAL:0.48035416598734143
CE_KINGSAFETY:0.5
C_PIECESQUARETABLES:0.5
C_MOBILITY:0.4534320573918412
C_KINGSAFETY:0.5239077170060035
C_PAWNSTRUCTURE:0.4545851522566773
C_PIECECOORDINATION:0.45720115334519423
C_ROOK:0.48106633742545507
CE_ROOK:0.4626212471869539
C_CENTERCONTROL:0.447659160615019
C_DEVELOPPIECES:0.5640454346064503
C_MATERIAL:0.4905273234458835
C_MOVECOUNT:0.45503527135267424
C_PAWNMOVEMENT:0.5134310438784271
