ELO:949
CE_PASSEDPAWNS:0.471874233505415
CE_PAWNWEAKNESSES:0.5007048204955707
CE_PIECEACTIVITY:0.5262548732173463
CE_KINGPAWNSHIELD:0.5034715698661816
CE_PIECECOORDINATION:0.5147205923633307
CE_MATERIAL:0.4753985432475499
CE_KINGSAFETY:0.49228910216723376
C_PIECESQUARETABLES:0.5
C_MOBILITY:0.4779108671091896
C_KINGSAFETY:0.5072677265680606
C_PAWNSTRUCTURE:0.4864104311068863
C_PIECECOORDINATION:0.4633474484931913
C_ROOK:0.5045016582438077
CE_ROOK:0.478223988881273
C_CENTERCONTROL:0.46748145510432904
C_DEVELOPPIECES:0.5302537902727379
C_MATERIAL:0.5255508971035601
C_MOVECOUNT:0.4749564265867395
C_PAWNMOVEMENT:0.48600265867738035
