ELO:928
CE_PASSEDPAWNS:0.470854375448461
CE_PAWNWEAKNESSES:0.4844693751534849
CE_PIECEACTIVITY:0.49758981339704544
CE_KINGPAWNSHIELD:0.4774056623506108
CE_PIECECOORDINATION:0.5009440691416909
CE_MATERIAL:0.5579681130978734
CE_KINGSAFETY:0.4963823385377147
C_PIECESQUARETABLES:0.5745596202935449
C_MOBILITY:0.49779583268931776
C_KINGSAFETY:0.4734517597054397
C_PAWNSTRUCTURE:0.5284482655182989
C_PIECECOORDINATION:0.5214417029900643
C_ROOKANDPAWNMOVEMENT:0.5214417029900643
C_CENTERCONTROL:0.4979608272818241
C_DEVELOPPIECES:0.5146548875313074
C_MATERIAL:0.5368022177860893
C_MOVECOUNT:0.49942864072200843
