ELO:999
CE_PASSEDPAWNS:0.5746226704134254
CE_PAWNWEAKNESSES:0.5255967870885223
CE_PIECEACTIVITY:0.5043920342030459
CE_KINGPAWNSHIELD:0.424194248820358
CE_PIECECOORDINATION:0.47870365697489914
CE_MATERIAL:0.5610556652243385
CE_KINGSAFETY:0.5
C_PIECESQUARETABLES:0.5070795188435455
C_MOBILITY:0.5214464209616114
C_KINGSAFETY:0.49444644707751595
C_PAWNSTRUCTURE:0.5314231934918145
C_PIECECOORDINATION:0.4740915381504721
C_ROOKANDPAWNMOVEMENT:0.4740915381504721
C_CENTERCONTROL:0.4907759789332138
C_DEVELOPPIECES:0.4679025450029445
C_MATERIAL:0.46673192660271573
