ELO:798
CE_PASSEDPAWNS:0.4517867099811742
CE_PAWNWEAKNESSES:0.48932346655710596
CE_PIECEACTIVITY:0.4849326427050754
CE_KINGPAWNSHIELD:0.5162760221678532
CE_PIECECOORDINATION:0.5211597079989663
CE_MATERIAL:0.5139196217946589
CE_KINGSAFETY:0.5093497563724925
C_PIECESQUARETABLES:0.5016874773893951
C_MOBILITY:0.41027656940078827
C_KINGSAFETY:0.49985671309490926
C_PAWNSTRUCTURE:0.4936925835861057
C_PIECECOORDINATION:0.5046718723979466
C_ROOKANDPAWNMOVEMENT:0.5046718723979466
C_CENTERCONTROL:0.5467795486652437
C_DEVELOPPIECES:0.45934111693331825
C_MATERIAL:0.4759612484341286
C_MOVECOUNT:0.5
