ELO:968
CE_PASSEDPAWNS:0.5164948431117323
CE_PAWNWEAKNESSES:0.5227425236643919
CE_PIECEACTIVITY:0.4917415360051689
CE_KINGPAWNSHIELD:0.577174457072327
CE_PIECECOORDINATION:0.5252351140453279
CE_MATERIAL:0.5392126127681797
CE_KINGSAFETY:0.5027905803857436
C_PIECESQUARETABLES:0.5
C_MOBILITY:0.5704039337396914
C_KINGSAFETY:0.49084061656252315
C_PAWNSTRUCTURE:0.374576253770537
C_PIECECOORDINATION:0.49169075198548223
C_ROOKANDPAWNMOVEMENT:0.49169075198548223
C_CENTERCONTROL:0.47164772943339744
C_DEVELOPPIECES:0.5410884126531361
C_MATERIAL:0.5147046442951416
