ELO:959
CE_PASSEDPAWNS:0.5204395820157345
CE_PAWNWEAKNESSES:0.5030230435990749
CE_PIECEACTIVITY:0.48635383429333406
CE_KINGPAWNSHIELD:0.5157348027646502
CE_PIECECOORDINATION:0.5114206688472297
CE_MATERIAL:0.4313829514942223
CE_KINGSAFETY:0.48983506581006314
C_PIECESQUARETABLES:0.4819215611305895
C_MOBILITY:0.5044502508876331
C_KINGSAFETY:0.5163230230494804
C_PAWNSTRUCTURE:0.4801310985315781
C_PIECECOORDINATION:0.4962508934671861
C_ROOKANDPAWNMOVEMENT:0.4962508934671861
C_CENTERCONTROL:0.5083016297533902
C_DEVELOPPIECES:0.4820374822575754
C_MATERIAL:0.49129329068789135
C_MOVECOUNT:0.497539941877407
