ELO:1000
CE_PASSEDPAWNS:0.537767216242629
CE_PAWNWEAKNESSES:0.5262590174407916
CE_PIECEACTIVITY:0.5013695830734595
CE_KINGPAWNSHIELD:0.4534442912341316
CE_PIECECOORDINATION:0.4987361655864537
CE_MATERIAL:0.514811656346832
CE_KINGSAFETY:0.5044132826306873
C_PIECESQUARETABLES:0.4908169915563033
C_MOBILITY:0.5280674420245415
C_KINGSAFETY:0.5037658530580368
C_PAWNSTRUCTURE:0.5149520082198045
C_PIECECOORDINATION:0.4654727629499918
C_ROOKANDPAWNMOVEMENT:0.4654727629499918
C_CENTERCONTROL:0.508325147241826
C_DEVELOPPIECES:0.49171454419868826
C_MATERIAL:0.45645379556302074
