ELO:994
CE_PASSEDPAWNS:0.5214266459276224
CE_PAWNWEAKNESSES:0.5335426768067815
CE_PIECEACTIVITY:0.5
CE_KINGPAWNSHIELD:0.48757676299839897
CE_PIECECOORDINATION:0.4760220220840775
CE_MATERIAL:0.5
CE_KINGSAFETY:0.48833614112979407
C_PIECESQUARETABLES:0.48921392759723287
C_MOBILITY:0.4916734283743211
C_KINGSAFETY:0.5120220911396671
C_PAWNSTRUCTURE:0.5104637843539597
C_PIECECOORDINATION:0.494608727707238
C_ROOK:0.5253025954033299
CE_ROOK:0.5101963318598007
C_CENTERCONTROL:0.4916569914771524
C_DEVELOPPIECES:0.5
C_MATERIAL:0.48621947270802013
C_MOVECOUNT:0.49806747092981024
C_PAWNMOVEMENT:0.48447412100224585
