ELO:1000
CE_PASSEDPAWNS:0.5003690326801072
CE_PAWNWEAKNESSES:0.49092704278512855
CE_PIECEACTIVITY:0.4897302034637183
CE_KINGPAWNSHIELD:0.4840214029099312
CE_PIECECOORDINATION:0.5008291501897035
CE_MATERIAL:0.48637795950969775
CE_KINGSAFETY:0.5247039921192651
C_PIECESQUARETABLES:0.4783514959904481
C_MOBILITY:0.5075992292071534
C_KINGSAFETY:0.47804724541789356
C_PAWNSTRUCTURE:0.4974456608989365
C_PIECECOORDINATION:0.5007589785132812
C_ROOKANDPAWNMOVEMENT:0.5007589785132812
C_CENTERCONTROL:0.4944429267360684
C_DEVELOPPIECES:0.4733507417785019
C_MATERIAL:0.49421580678129734
