ELO:934
CE_PASSEDPAWNS:0.48998109930867195
CE_PAWNWEAKNESSES:0.5035889120902678
CE_PIECEACTIVITY:0.535251276144598
CE_KINGPAWNSHIELD:0.5065693253501024
CE_PIECECOORDINATION:0.5506023575219464
CE_MATERIAL:0.5166407849966128
CE_KINGSAFETY:0.5
C_PIECESQUARETABLES:0.5
C_MOBILITY:0.4874346770110776
C_KINGSAFETY:0.4898435557285661
C_PAWNSTRUCTURE:0.48014792007825047
C_PIECECOORDINATION:0.47606371482147564
C_ROOK:0.4926153260666641
CE_ROOK:0.4756705758592233
C_CENTERCONTROL:0.5085743852975073
C_DEVELOPPIECES:0.5033678903171729
C_MATERIAL:0.5112575667314421
C_MOVECOUNT:0.5280473812236574
C_PAWNMOVEMENT:0.49276933037745424
