ELO:989
CE_PASSEDPAWNS:0.3671258369474086
CE_PAWNWEAKNESSES:0.5001874255599646
CE_PIECEACTIVITY:0.5875818665804232
CE_KINGPAWNSHIELD:0.4630791680077472
CE_PIECECOORDINATION:0.4587953277888198
CE_MATERIAL:0.5157362086931667
CE_KINGSAFETY:0.4991074626392116
C_PIECESQUARETABLES:0.48075961003799506
C_MOBILITY:0.5088507741398046
C_KINGSAFETY:0.5610480250223253
C_PAWNSTRUCTURE:0.3244508401580625
C_PIECECOORDINATION:0.4455295289066636
C_ROOKANDPAWNMOVEMENT:0.4455295289066636
C_CENTERCONTROL:0.35920696440428085
C_DEVELOPPIECES:0.48233654862672115
C_MATERIAL:0.6828983766046607
