ELO:1012
CE_PASSEDPAWNS:0.5117581992659022
CE_PAWNWEAKNESSES:0.49987546230825664
CE_PIECEACTIVITY:0.5012887200719676
CE_KINGPAWNSHIELD:0.4891529589771252
CE_PIECECOORDINATION:0.5
CE_MATERIAL:0.5044313842872552
CE_KINGSAFETY:0.5
C_PIECESQUARETABLES:0.5
C_MOBILITY:0.5
C_KINGSAFETY:0.5
C_PAWNSTRUCTURE:0.5
C_PIECECOORDINATION:0.5
C_ROOKANDPAWNMOVEMENT:0.5
C_CENTERCONTROL:0.5
C_DEVELOPPIECES:0.49104206539047796
C_MATERIAL:0.5
C_MOVECOUNT:0.5052553400184094
