ELO:1000
CE_PASSEDPAWNS:0.5146569930667559
CE_PAWNWEAKNESSES:0.45485418634521135
CE_PIECEACTIVITY:0.5103980137835324
CE_KINGPAWNSHIELD:0.5642597769983944
CE_PIECECOORDINATION:0.5537817462291423
CE_MATERIAL:0.41398900730550375
CE_KINGSAFETY:0.5
C_PIECESQUARETABLES:0.5
C_MOBILITY:0.47878232105398894
C_KINGSAFETY:0.5003665502739023
C_PAWNSTRUCTURE:0.48538748808392884
C_PIECECOORDINATION:0.5139628773171027
C_ROOKANDPAWNMOVEMENT:0.5139628773171027
C_CENTERCONTROL:0.5369190213422133
C_DEVELOPPIECES:0.5098902194032849
C_MATERIAL:0.4556701333626619
