ELO:1000
CE_PASSEDPAWNS:0.5058737333808707
CE_PAWNWEAKNESSES:0.4357718037191823
CE_PIECEACTIVITY:0.513153113503027
CE_KINGPAWNSHIELD:0.5430718394661198
CE_PIECECOORDINATION:0.5272807154042062
CE_MATERIAL:0.4142957413054642
CE_KINGSAFETY:0.5101579076659237
C_PIECESQUARETABLES:0.4934478795373315
C_MOBILITY:0.48660410286214734
C_KINGSAFETY:0.5036128485964866
C_PAWNSTRUCTURE:0.507027726686725
C_PIECECOORDINATION:0.5059519759577572
C_ROOKANDPAWNMOVEMENT:0.5059519759577572
C_CENTERCONTROL:0.5392677399307045
C_DEVELOPPIECES:0.5055644814949127
C_MATERIAL:0.45516217380959256
