ELO:809
CE_PASSEDPAWNS:0.5217803153481932
CE_PAWNWEAKNESSES:0.5337980890532262
CE_PIECEACTIVITY:0.5018543968689695
CE_KINGPAWNSHIELD:0.5752571894525249
CE_PIECECOORDINATION:0.45310361814991595
CE_MATERIAL:0.49437167235775353
CE_KINGSAFETY:0.5227214672426099
C_PIECESQUARETABLES:0.5134133911710645
C_MOBILITY:0.5014540566105736
C_KINGSAFETY:0.5117207124050771
C_PAWNSTRUCTURE:0.4798885447778815
C_PIECECOORDINATION:0.5198946910201974
C_ROOKANDPAWNMOVEMENT:0.5198946910201974
C_CENTERCONTROL:0.5300181085044545
C_DEVELOPPIECES:0.48498835285741276
C_MATERIAL:0.4764823451010335
C_MOVECOUNT:0.5
