ELO:1000
CE_PASSEDPAWNS:0.432882258818744
CE_PAWNWEAKNESSES:0.44133790782957333
CE_PIECEACTIVITY:0.45341453693404343
CE_KINGPAWNSHIELD:0.46986548078017437
CE_PIECECOORDINATION:0.5238924235435058
CE_MATERIAL:0.41834691528871826
CE_KINGSAFETY:0.5178207186227107
C_PIECESQUARETABLES:0.5048710924041938
C_MOBILITY:0.49359045620460407
C_KINGSAFETY:0.47160572011968444
C_PAWNSTRUCTURE:0.46443195979270047
C_PIECECOORDINATION:0.5319172977820109
C_ROOKANDPAWNMOVEMENT:0.5319172977820109
C_CENTERCONTROL:0.5221916762919722
C_DEVELOPPIECES:0.49005580522303266
C_MATERIAL:0.5052284533770184
