ELO:924
CE_PASSEDPAWNS:0.5652028168879001
CE_PAWNWEAKNESSES:0.6196488420380128
CE_PIECEACTIVITY:0.44152642080893106
CE_KINGPAWNSHIELD:0.43297357162426614
CE_PIECECOORDINATION:0.6043734427571893
CE_MATERIAL:0.5282043877702896
CE_KINGSAFETY:0.5093220249347675
C_PIECESQUARETABLES:0.4762974195438162
C_MOBILITY:0.48149291366763525
C_KINGSAFETY:0.4876655542541025
C_PAWNSTRUCTURE:0.42034063033142294
C_PIECECOORDINATION:0.5480483146047966
C_ROOKANDPAWNMOVEMENT:0.5480483146047966
C_CENTERCONTROL:0.4545831278513328
C_DEVELOPPIECES:0.510941006416052
C_MATERIAL:0.5018359430233154
