ELO:1000
CE_PASSEDPAWNS:0.464564649732743
CE_PAWNWEAKNESSES:0.4819032308979703
CE_PIECEACTIVITY:0.48198605138560713
CE_KINGPAWNSHIELD:0.4697036848176857
CE_PIECECOORDINATION:0.5045879460503595
CE_MATERIAL:0.4750094009628202
CE_KINGSAFETY:0.5017814635206282
C_PIECESQUARETABLES:0.5
C_MOBILITY:0.48570522230199925
C_KINGSAFETY:0.4384863206523767
C_PAWNSTRUCTURE:0.4758819246856614
C_PIECECOORDINATION:0.508011167504612
C_ROOKANDPAWNMOVEMENT:0.508011167504612
C_CENTERCONTROL:0.4777467250897541
C_DEVELOPPIECES:0.493755365935554
C_MATERIAL:0.5214400020997448
