ELO:989
CE_PASSEDPAWNS:0.49630880004949285
CE_PAWNWEAKNESSES:0.4755012417502156
CE_PIECEACTIVITY:0.5069686440002005
CE_KINGPAWNSHIELD:0.48818782273526823
CE_PIECECOORDINATION:0.49776218156068625
CE_MATERIAL:0.5019514884407734
CE_KINGSAFETY:0.5
C_PIECESQUARETABLES:0.5069969069244823
C_MOBILITY:0.5
C_KINGSAFETY:0.5081769165564766
C_PAWNSTRUCTURE:0.5
C_PIECECOORDINATION:0.4726698865915178
C_ROOKANDPAWNMOVEMENT:0.4726698865915178
C_CENTERCONTROL:0.5040477922842227
C_DEVELOPPIECES:0.5073119659243794
C_MATERIAL:0.5163517814305537
C_MOVECOUNT:0.5
