ELO:959
CE_PASSEDPAWNS:0.4978096406845647
CE_PAWNWEAKNESSES:0.48990097364106044
CE_PIECEACTIVITY:0.5156793821247785
CE_KINGPAWNSHIELD:0.4924101456420908
CE_PIECECOORDINATION:0.5232333684373034
CE_MATERIAL:0.4886127860413899
CE_KINGSAFETY:0.5249551243817066
C_PIECESQUARETABLES:0.505380349909181
C_MOBILITY:0.5118848120275676
C_KINGSAFETY:0.4843330043485401
C_PAWNSTRUCTURE:0.507997028780071
C_PIECECOORDINATION:0.5057373855309167
C_ROOK:0.5
CE_ROOK:0.5
C_CENTERCONTROL:0.5172246023078335
C_DEVELOPPIECES:0.4987573404793937
C_MATERIAL:0.49070558598899494
C_MOVECOUNT:0.4922969669534777
C_PAWNMOVEMENT:0.5
