ELO:998
CE_PASSEDPAWNS:0.5156150992262968
CE_PAWNWEAKNESSES:0.5006901586744656
CE_PIECEACTIVITY:0.5
CE_KINGPAWNSHIELD:0.5124247431906549
CE_PIECECOORDINATION:0.5003679284423327
CE_MATERIAL:0.506684273683436
CE_KINGSAFETY:0.5128504221081734
C_PIECESQUARETABLES:0.5062036728984776
C_MOBILITY:0.4765626006620771
C_KINGSAFETY:0.5509603559113315
C_PAWNSTRUCTURE:0.5112599558850782
C_PIECECOORDINATION:0.5262899049698271
C_ROOKANDPAWNMOVEMENT:0.5262899049698271
C_CENTERCONTROL:0.5116225139719626
C_DEVELOPPIECES:0.49813541265499633
C_MATERIAL:0.49572472051827915
