ELO:933
CE_PASSEDPAWNS:0.5654704212211256
CE_PAWNWEAKNESSES:0.6167507175802696
CE_PIECEACTIVITY:0.4572339570063321
CE_KINGPAWNSHIELD:0.41682662756263317
CE_PIECECOORDINATION:0.5948947472567458
CE_MATERIAL:0.5061424925385942
CE_KINGSAFETY:0.5084892729414284
C_PIECESQUARETABLES:0.4762974195438162
C_MOBILITY:0.48521373958901354
C_KINGSAFETY:0.4882230680059106
C_PAWNSTRUCTURE:0.42076881476599903
C_PIECECOORDINATION:0.5376591887471925
C_ROOKANDPAWNMOVEMENT:0.5376591887471925
C_CENTERCONTROL:0.4674411664396942
C_DEVELOPPIECES:0.5056080239940824
C_MATERIAL:0.49165422825567856
