ELO:987
CE_PASSEDPAWNS:0.5057547500044476
CE_PAWNWEAKNESSES:0.5069218770656075
CE_PIECEACTIVITY:0.5094420857291649
CE_KINGPAWNSHIELD:0.5040030443922585
CE_PIECECOORDINATION:0.5038188923017933
CE_MATERIAL:0.5016757241018504
CE_KINGSAFETY:0.5
C_PIECESQUARETABLES:0.5
C_MOBILITY:0.5167174346156008
C_KINGSAFETY:0.49275205071522793
C_PAWNSTRUCTURE:0.49328680889677545
C_PIECECOORDINATION:0.5
C_ROOK:0.4938482735465451
CE_ROOK:0.4935679070471714
C_CENTERCONTROL:0.49423045365448764
C_DEVELOPPIECES:0.5137682383668584
C_MATERIAL:0.5002125782098095
C_MOVECOUNT:0.4926814472107762
C_PAWNMOVEMENT:0.5
