ELO:960
CE_PASSEDPAWNS:0.501425933310997
CE_PAWNWEAKNESSES:0.4922205335090286
CE_PIECEACTIVITY:0.5026185139002757
CE_KINGPAWNSHIELD:0.5116408449020042
CE_PIECECOORDINATION:0.548455727626008
CE_MATERIAL:0.5048932527882537
CE_KINGSAFETY:0.5
C_PIECESQUARETABLES:0.5
C_MOBILITY:0.5035116264925774
C_KINGSAFETY:0.49327071463555416
C_PAWNSTRUCTURE:0.48129763646080925
C_PIECECOORDINATION:0.4895586683765307
C_ROOK:0.49215230694618156
CE_ROOK:0.48297206683834676
C_CENTERCONTROL:0.5050931316209264
C_DEVELOPPIECES:0.5016352273671705
C_MATERIAL:0.4860603357081108
C_MOVECOUNT:0.5116684423953173
C_PAWNMOVEMENT:0.49036350139460366
