ELO:1010
CE_PASSEDPAWNS:0.5190867519110958
CE_PAWNWEAKNESSES:0.5
CE_PIECEACTIVITY:0.5064581426800797
CE_KINGPAWNSHIELD:0.4864247305957068
CE_PIECECOORDINATION:0.4952178608209557
CE_MATERIAL:0.49143580979279244
CE_KINGSAFETY:0.5
C_PIECESQUARETABLES:0.5017594764843626
C_MOBILITY:0.4898369556371914
C_KINGSAFETY:0.4935860454044285
C_PAWNSTRUCTURE:0.501185547118648
C_PIECECOORDINATION:0.5
C_ROOKANDPAWNMOVEMENT:0.5
C_CENTERCONTROL:0.49279225799250936
C_DEVELOPPIECES:0.4905316953930932
C_MATERIAL:0.5085860600713052
C_MOVECOUNT:0.5052553400184094
