ELO:1014
CE_PASSEDPAWNS:0.5060179067937439
CE_PAWNWEAKNESSES:0.49195750375876873
CE_PIECEACTIVITY:0.49795768014042635
CE_KINGPAWNSHIELD:0.5
CE_PIECECOORDINATION:0.5054051018862731
CE_MATERIAL:0.4956431946165759
CE_KINGSAFETY:0.5
C_PIECESQUARETABLES:0.5
C_MOBILITY:0.5
C_KINGSAFETY:0.48910246447423367
C_PAWNSTRUCTURE:0.5275990896562949
C_PIECECOORDINATION:0.4942454509919072
C_ROOKANDPAWNMOVEMENT:0.4942454509919072
C_CENTERCONTROL:0.5015864104341747
C_DEVELOPPIECES:0.5
C_MATERIAL:0.5150148084675522
C_MOVECOUNT:0.4949758293676579
