ELO:1023
CE_PASSEDPAWNS:0.5
CE_PAWNWEAKNESSES:0.5
CE_PIECEACTIVITY:0.47352454280683004
CE_KINGPAWNSHIELD:0.5014985855398387
CE_PIECECOORDINATION:0.5024452296180759
CE_MATERIAL:0.5079247187315498
CE_KINGSAFETY:0.5104377906025144
C_PIECESQUARETABLES:0.5
C_MOBILITY:0.5
C_KINGSAFETY:0.49784919665879845
C_PAWNSTRUCTURE:0.5
C_PIECECOORDINATION:0.5045018630096247
C_ROOKANDPAWNMOVEMENT:0.5045018630096247
C_CENTERCONTROL:0.5095212170341359
C_DEVELOPPIECES:0.5
C_MATERIAL:0.4822024915470858
C_MOVECOUNT:0.5
