ELO:904
CE_PASSEDPAWNS:0.4156968413820616
CE_PAWNWEAKNESSES:0.5058642762496222
CE_PIECEACTIVITY:0.5159912515774809
CE_KINGPAWNSHIELD:0.4249639327751923
CE_PIECECOORDINATION:0.613487722859294
CE_MATERIAL:0.538754248394312
CE_KINGSAFETY:0.5
C_PIECESQUARETABLES:0.5
C_MOBILITY:0.39980273360849433
C_KINGSAFETY:0.48622116027682893
C_PAWNSTRUCTURE:0.562308344840272
C_PIECECOORDINATION:0.5270707290819212
C_ROOKANDPAWNMOVEMENT:0.5270707290819212
C_CENTERCONTROL:0.5072884313650721
C_DEVELOPPIECES:0.5967385611317843
C_MATERIAL:0.38026678926166957
