ELO:948
CE_PASSEDPAWNS:0.47207274856543957
CE_PAWNWEAKNESSES:0.485042022946134
CE_PIECEACTIVITY:0.4511168168576952
CE_KINGPAWNSHIELD:0.5601985321895453
CE_PIECECOORDINATION:0.5112835387579668
CE_MATERIAL:0.37758493351858124
CE_KINGSAFETY:0.46987115927941087
C_PIECESQUARETABLES:0.5091907333065381
C_MOBILITY:0.5340271858544422
C_KINGSAFETY:0.47292377276642916
C_PAWNSTRUCTURE:0.4879605760312116
C_PIECECOORDINATION:0.5724046678287444
C_ROOKANDPAWNMOVEMENT:0.5724046678287444
C_CENTERCONTROL:0.5940222435045742
C_DEVELOPPIECES:0.49442510991761146
C_MATERIAL:0.6057197330504895
