ELO:970
CE_PASSEDPAWNS:0.4929139499661909
CE_PAWNWEAKNESSES:0.4891514877889564
CE_PIECEACTIVITY:0.5
CE_KINGPAWNSHIELD:0.5
CE_PIECECOORDINATION:0.4897444902896755
CE_MATERIAL:0.5
CE_KINGSAFETY:0.5
C_PIECESQUARETABLES:0.5
C_MOBILITY:0.5203203070717068
C_KINGSAFETY:0.4886461373937737
C_PAWNSTRUCTURE:0.5016952986250675
C_PIECECOORDINATION:0.4987053794005103
C_ROOKANDPAWNMOVEMENT:0.4987053794005103
C_CENTERCONTROL:0.5155494726706855
C_DEVELOPPIECES:0.5012789912924163
C_MATERIAL:0.4957874807696945
C_MOVECOUNT:0.4630570946089113
