ELO:796
CE_PASSEDPAWNS:0.47987407191437487
CE_PAWNWEAKNESSES:0.48461269548328434
CE_PIECEACTIVITY:0.49586276829708914
CE_KINGPAWNSHIELD:0.4796392101537335
CE_PIECECOORDINATION:0.5065188450967156
CE_MATERIAL:0.5071474499133729
CE_KINGSAFETY:0.4988916559645226
C_PIECESQUARETABLES:0.5021387117881057
C_MOBILITY:0.6117525826080792
C_KINGSAFETY:0.44818546038660473
C_PAWNSTRUCTURE:0.4908427257079884
C_PIECECOORDINATION:0.5308065421895524
C_ROOKANDPAWNMOVEMENT:0.5308065421895524
C_CENTERCONTROL:0.47593240024543754
C_DEVELOPPIECES:0.4888433820683072
C_MATERIAL:0.5214948994933113
C_MOVECOUNT:0.5
