ELO:1001
CE_PASSEDPAWNS:0.5
CE_PAWNWEAKNESSES:0.49987546230825664
CE_PIECEACTIVITY:0.505723120971169
CE_KINGPAWNSHIELD:0.5071974738699558
CE_PIECECOORDINATION:0.5
CE_MATERIAL:0.5044313842872552
CE_KINGSAFETY:0.5012548960019453
C_PIECESQUARETABLES:0.49842188405110177
C_MOBILITY:0.5
C_KINGSAFETY:0.5
C_PAWNSTRUCTURE:0.5
C_PIECECOORDINATION:0.5
C_ROOKANDPAWNMOVEMENT:0.5
C_CENTERCONTROL:0.5
C_DEVELOPPIECES:0.5
C_MATERIAL:0.5
C_MOVECOUNT:0.5052553400184094
