ELO:904
CE_PASSEDPAWNS:0.5095263131398817
CE_PAWNWEAKNESSES:0.3094112447284015
CE_PIECEACTIVITY:0.4452660095365974
CE_KINGPAWNSHIELD:0.5045662463401039
CE_PIECECOORDINATION:0.45932506986881216
CE_MATERIAL:0.6366311108371033
CE_KINGSAFETY:0.3833577440404922
C_PIECESQUARETABLES:0.46267206422275076
C_MOBILITY:0.477487981864757
C_KINGSAFETY:0.505196597134411
C_PAWNSTRUCTURE:0.5123772799442574
C_PIECECOORDINATION:0.5784595885369466
C_ROOKANDPAWNMOVEMENT:0.5784595885369466
C_CENTERCONTROL:0.48133437734373496
C_DEVELOPPIECES:0.3251311366695489
C_MATERIAL:0.5553582332976325
