ELO:999
CE_PASSEDPAWNS:0.4567609130968678
CE_PAWNWEAKNESSES:0.4547621535970385
CE_PIECEACTIVITY:0.4592339943361298
CE_KINGPAWNSHIELD:0.5167456195295627
CE_PIECECOORDINATION:0.5064596202745655
CE_MATERIAL:0.42542755097605245
CE_KINGSAFETY:0.5158897917347111
C_PIECESQUARETABLES:0.5083932677212031
C_MOBILITY:0.5066806031634864
C_KINGSAFETY:0.4748249847179228
C_PAWNSTRUCTURE:0.4668049628796039
C_PIECECOORDINATION:0.5867187018521556
C_ROOKANDPAWNMOVEMENT:0.5867187018521556
C_CENTERCONTROL:0.5946292975774182
C_DEVELOPPIECES:0.49050143713725747
C_MATERIAL:0.5557211609870013
