ELO:913
CE_PASSEDPAWNS:0.49665509729772805
CE_PAWNWEAKNESSES:0.4978166053194048
CE_PIECEACTIVITY:0.5271732312869203
CE_KINGPAWNSHIELD:0.515259603351314
CE_PIECECOORDINATION:0.5643194829915167
CE_MATERIAL:0.5212501907439434
CE_KINGSAFETY:0.4961157626076013
C_PIECESQUARETABLES:0.4950163354821703
C_MOBILITY:0.4920387150393184
C_KINGSAFETY:0.4913495504764572
C_PAWNSTRUCTURE:0.48014792007825047
C_PIECECOORDINATION:0.48626518447939926
C_ROOK:0.47713041413822965
CE_ROOK:0.45456473503564626
C_CENTERCONTROL:0.5187362773463272
C_DEVELOPPIECES:0.5129849376875818
C_MATERIAL:0.5112575667314421
C_MOVECOUNT:0.5251513045733825
C_PAWNMOVEMENT:0.4859095926133262
