ELO:1005
CE_PASSEDPAWNS:0.49287573807331914
CE_PAWNWEAKNESSES:0.4833849124604321
CE_PIECEACTIVITY:0.4698733472880755
CE_KINGPAWNSHIELD:0.48759066961283354
CE_PIECECOORDINATION:0.5
CE_MATERIAL:0.5
CE_KINGSAFETY:0.5330684479879462
C_PIECESQUARETABLES:0.49649783306971806
C_MOBILITY:0.5625533880648353
C_KINGSAFETY:0.5042646751004247
C_PAWNSTRUCTURE:0.5380582555962343
C_PIECECOORDINATION:0.5185618330305406
C_ROOKANDPAWNMOVEMENT:0.5185618330305406
C_CENTERCONTROL:0.4944572337613654
C_DEVELOPPIECES:0.5088220294053725
C_MATERIAL:0.508205847772873
