ELO:908
CE_PASSEDPAWNS:0.5754145634738549
CE_PAWNWEAKNESSES:0.6350561625431379
CE_PIECEACTIVITY:0.4261393378338531
CE_KINGPAWNSHIELD:0.4465955331877534
CE_PIECECOORDINATION:0.6042385562720942
CE_MATERIAL:0.5323065540735961
CE_KINGSAFETY:0.4597067709360762
C_PIECESQUARETABLES:0.5386069369017833
C_MOBILITY:0.5103530825271317
C_KINGSAFETY:0.49417446059078984
C_PAWNSTRUCTURE:0.4205212325811443
C_PIECECOORDINATION:0.5503136812116073
C_ROOKANDPAWNMOVEMENT:0.5503136812116073
C_CENTERCONTROL:0.45706638954799333
C_DEVELOPPIECES:0.516479575692037
C_MATERIAL:0.4943646292360827
