ELO:850
CE_PASSEDPAWNS:0.47375091231538297
CE_PAWNWEAKNESSES:0.5187302147621358
CE_PIECEACTIVITY:0.5238427877989309
CE_KINGPAWNSHIELD:0.5321645434493896
CE_PIECECOORDINATION:0.42195956999647566
CE_MATERIAL:0.4831024247748951
CE_KINGSAFETY:0.5219557007797269
C_PIECESQUARETABLES:0.5227755426297664
C_MOBILITY:0.4758057249483446
C_KINGSAFETY:0.4687843312495914
C_PAWNSTRUCTURE:0.4656184577646504
C_PIECECOORDINATION:0.5370498066620252
C_ROOKANDPAWNMOVEMENT:0.5370498066620252
C_CENTERCONTROL:0.49667737256249095
C_DEVELOPPIECES:0.5601074909016712
C_MATERIAL:0.45328649539338967
C_MOVECOUNT:0.5
