ELO:1005
CE_PASSEDPAWNS:0.5079416956845688
CE_PAWNWEAKNESSES:0.4851752634717894
CE_PIECEACTIVITY:0.4902928787765995
CE_KINGPAWNSHIELD:0.4967132338220424
CE_PIECECOORDINATION:0.5080574047850605
CE_MATERIAL:0.48798799971740436
CE_KINGSAFETY:0.5110939241601045
C_PIECESQUARETABLES:0.49034834140718997
C_MOBILITY:0.4961378403432535
C_KINGSAFETY:0.5038650414757854
C_PAWNSTRUCTURE:0.4331060528547374
C_PIECECOORDINATION:0.49840468480101524
C_ROOKANDPAWNMOVEMENT:0.49840468480101524
C_CENTERCONTROL:0.5108006640665896
C_DEVELOPPIECES:0.4881652560885602
C_MATERIAL:0.5097665363938618
C_MOVECOUNT:0.5
