ELO:961
CE_PASSEDPAWNS:0.4901037150710619
CE_PAWNWEAKNESSES:0.4918510203167731
CE_PIECEACTIVITY:0.5026185139002757
CE_KINGPAWNSHIELD:0.5171169714476433
CE_PIECECOORDINATION:0.5189416822251822
CE_MATERIAL:0.5098326606243433
CE_KINGSAFETY:0.4965277251302711
C_PIECESQUARETABLES:0.5
C_MOBILITY:0.5055799591712341
C_KINGSAFETY:0.4987457211821692
C_PAWNSTRUCTURE:0.4838847064814177
C_PIECECOORDINATION:0.48960488696344495
C_ROOK:0.470848862192698
CE_ROOK:0.4734552795241394
C_CENTERCONTROL:0.5050931316209264
C_DEVELOPPIECES:0.5193338725295997
C_MATERIAL:0.49641575097350066
C_MOVECOUNT:0.5052106817053574
C_PAWNMOVEMENT:0.48815197431340673
