ELO:1000
CE_PASSEDPAWNS:0.5060115712659815
CE_PAWNWEAKNESSES:0.44672047721822944
CE_PIECEACTIVITY:0.5194761182806589
CE_KINGPAWNSHIELD:0.5642597769983944
CE_PIECECOORDINATION:0.5537817462291423
CE_MATERIAL:0.4143593794121884
CE_KINGSAFETY:0.4600169517657859
C_PIECESQUARETABLES:0.5322935457059587
C_MOBILITY:0.4736373662896549
C_KINGSAFETY:0.5111099960685654
C_PAWNSTRUCTURE:0.5010575925516497
C_PIECECOORDINATION:0.512320978201812
C_ROOKANDPAWNMOVEMENT:0.512320978201812
C_CENTERCONTROL:0.5397905552003409
C_DEVELOPPIECES:0.5038742372866853
C_MATERIAL:0.4722015992116593
