ELO:1000
CE_PASSEDPAWNS:0.4624474546115447
CE_PAWNWEAKNESSES:0.43715429459847516
CE_PIECEACTIVITY:0.46015875665828315
CE_KINGPAWNSHIELD:0.4880427892035982
CE_PIECECOORDINATION:0.5195404439120417
CE_MATERIAL:0.4430966443762213
CE_KINGSAFETY:0.4647318276634657
C_PIECESQUARETABLES:0.5209822890596998
C_MOBILITY:0.4891962406055075
C_KINGSAFETY:0.4894819217691482
C_PAWNSTRUCTURE:0.4611271085762233
C_PIECECOORDINATION:0.5717105177492727
C_ROOKANDPAWNMOVEMENT:0.5717105177492727
C_CENTERCONTROL:0.5600475631297437
C_DEVELOPPIECES:0.46635846548672866
C_MATERIAL:0.5391584897294176
