ELO:986
CE_PASSEDPAWNS:0.49580057080218753
CE_PAWNWEAKNESSES:0.5006749002035046
CE_PIECEACTIVITY:0.512541616586045
CE_KINGPAWNSHIELD:0.5040030443922585
CE_PIECECOORDINATION:0.5038188923017933
CE_MATERIAL:0.5016757241018504
CE_KINGSAFETY:0.5
C_PIECESQUARETABLES:0.5110050029648575
C_MOBILITY:0.5205416943566132
C_KINGSAFETY:0.49275205071522793
C_PAWNSTRUCTURE:0.49328680889677545
C_PIECECOORDINATION:0.5
C_ROOK:0.4900206284314132
CE_ROOK:0.4935679070471714
C_CENTERCONTROL:0.49423045365448764
C_DEVELOPPIECES:0.5173455602450951
C_MATERIAL:0.5090594927450302
C_MOVECOUNT:0.4926814472107762
C_PAWNMOVEMENT:0.49097043877440877
