ELO:1000
CE_PASSEDPAWNS:0.5057547500044476
CE_PAWNWEAKNESSES:0.505111647430881
CE_PIECEACTIVITY:0.5
CE_KINGPAWNSHIELD:0.5051519631413723
CE_PIECECOORDINATION:0.5038188923017933
CE_MATERIAL:0.5016757241018504
CE_KINGSAFETY:0.5011002119985989
C_PIECESQUARETABLES:0.5
C_MOBILITY:0.5090040013203276
C_KINGSAFETY:0.5
C_PAWNSTRUCTURE:0.49328680889677545
C_PIECECOORDINATION:0.5
C_ROOK:0.5
CE_ROOK:0.4935679070471714
C_CENTERCONTROL:0.49423045365448764
C_DEVELOPPIECES:0.5076565407658751
C_MATERIAL:0.5
C_MOVECOUNT:0.4926814472107762
C_PAWNMOVEMENT:0.5
