ELO:1000
CE_PASSEDPAWNS:0.4631610165169483
CE_PAWNWEAKNESSES:0.45528689459748045
CE_PIECEACTIVITY:0.46978187615950195
CE_KINGPAWNSHIELD:0.47885840251480866
CE_PIECECOORDINATION:0.5089379310650965
CE_MATERIAL:0.45320013884375504
CE_KINGSAFETY:0.4805121536622228
C_PIECESQUARETABLES:0.5087115280778104
C_MOBILITY:0.4859111443120572
C_KINGSAFETY:0.48731854308274336
C_PAWNSTRUCTURE:0.4312950958190088
C_PIECECOORDINATION:0.5412740752477316
C_ROOKANDPAWNMOVEMENT:0.5412740752477316
C_CENTERCONTROL:0.5510748500213274
C_DEVELOPPIECES:0.47184636682367126
C_MATERIAL:0.5073689705234377
