ELO:974
CE_PASSEDPAWNS:0.5
CE_PAWNWEAKNESSES:0.47863708151178797
CE_PIECEACTIVITY:0.5020761418779466
CE_KINGPAWNSHIELD:0.4961213691218709
CE_PIECECOORDINATION:0.5030004738936363
CE_MATERIAL:0.48892970250113366
CE_KINGSAFETY:0.48692376875395205
C_PIECESQUARETABLES:0.5114676975567374
C_MOBILITY:0.5
C_KINGSAFETY:0.5
C_PAWNSTRUCTURE:0.5078399271332157
C_PIECECOORDINATION:0.5026435364791023
C_ROOKANDPAWNMOVEMENT:0.5026435364791023
C_CENTERCONTROL:0.4997233187149301
C_DEVELOPPIECES:0.5182846993418649
C_MATERIAL:0.48258111734558906
C_MOVECOUNT:0.5
