ELO:999
CE_PASSEDPAWNS:0.49417809331285456
CE_PAWNWEAKNESSES:0.4402047866776208
CE_PIECEACTIVITY:0.518825327638609
CE_KINGPAWNSHIELD:0.5475403241025626
CE_PIECECOORDINATION:0.5139917883573564
CE_MATERIAL:0.41925049820549604
CE_KINGSAFETY:0.5090577982401612
C_PIECESQUARETABLES:0.5094208301001151
C_MOBILITY:0.5069334445977457
C_KINGSAFETY:0.5201373853932524
C_PAWNSTRUCTURE:0.5126953307611034
C_PIECECOORDINATION:0.4988035766516919
C_ROOKANDPAWNMOVEMENT:0.4988035766516919
C_CENTERCONTROL:0.5423322946860895
C_DEVELOPPIECES:0.5003245660531725
C_MATERIAL:0.45773310438048403
