ELO:986
CE_PASSEDPAWNS:0.49580057080218753
CE_PAWNWEAKNESSES:0.5048866459365853
CE_PIECEACTIVITY:0.512541616586045
CE_KINGPAWNSHIELD:0.5074365777899221
CE_PIECECOORDINATION:0.499898961762115
CE_MATERIAL:0.5158386034975205
CE_KINGSAFETY:0.5
C_PIECESQUARETABLES:0.5
C_MOBILITY:0.5205416943566132
C_KINGSAFETY:0.49275205071522793
C_PAWNSTRUCTURE:0.4855755082472682
C_PIECECOORDINATION:0.5
C_ROOK:0.4912458495478604
CE_ROOK:0.4935679070471714
C_CENTERCONTROL:0.49924998609899846
C_DEVELOPPIECES:0.5173455602450951
C_MATERIAL:0.5063338974800431
C_MOVECOUNT:0.49995605754528305
C_PAWNMOVEMENT:0.495498149687706
