ELO:1000
CE_PASSEDPAWNS:0.5320007675287364
CE_PAWNWEAKNESSES:0.4567741341710881
CE_PIECEACTIVITY:0.5490454043604962
CE_KINGPAWNSHIELD:0.5232597650882016
CE_PIECECOORDINATION:0.5525568211088656
CE_MATERIAL:0.4494550590696631
CE_KINGSAFETY:0.4547466759153462
C_PIECESQUARETABLES:0.533778098809312
C_MOBILITY:0.47403936607941993
C_KINGSAFETY:0.49164626525913663
C_PAWNSTRUCTURE:0.49605864804612354
C_PIECECOORDINATION:0.5474118213699817
C_ROOKANDPAWNMOVEMENT:0.5474118213699817
C_CENTERCONTROL:0.5066597082366493
C_DEVELOPPIECES:0.508898228845535
C_MATERIAL:0.4692918172083868
