ELO:1000
CE_PASSEDPAWNS:0.5203936194219101
CE_PAWNWEAKNESSES:0.4982504812646139
CE_PIECEACTIVITY:0.4991341338615644
CE_KINGPAWNSHIELD:0.5086028131670853
CE_PIECECOORDINATION:0.5241979511969962
CE_MATERIAL:0.49162461393908996
CE_KINGSAFETY:0.4988611168708081
C_PIECESQUARETABLES:0.4884022480692297
C_MOBILITY:0.4873355116961538
C_KINGSAFETY:0.4985355239241356
C_PAWNSTRUCTURE:0.49008791896482196
C_PIECECOORDINATION:0.5
C_ROOKANDPAWNMOVEMENT:0.5
C_CENTERCONTROL:0.5067406561477321
C_DEVELOPPIECES:0.5191936238984728
C_MATERIAL:0.48915472486421985
