ELO:995
CE_PASSEDPAWNS:0.49327358999719806
CE_PAWNWEAKNESSES:0.4466840829222071
CE_PIECEACTIVITY:0.49379858935434967
CE_KINGPAWNSHIELD:0.49699001042993174
CE_PIECECOORDINATION:0.5015103559445363
CE_MATERIAL:0.4297745148115859
CE_KINGSAFETY:0.49885905126007823
C_PIECESQUARETABLES:0.5
C_MOBILITY:0.5116416663794702
C_KINGSAFETY:0.5371666937906826
C_PAWNSTRUCTURE:0.5115231493687342
C_PIECECOORDINATION:0.4854973827206518
C_ROOKANDPAWNMOVEMENT:0.4854973827206518
C_CENTERCONTROL:0.5216663082951228
C_DEVELOPPIECES:0.4849867494442984
C_MATERIAL:0.4640136521645407
