ELO:979
CE_PASSEDPAWNS:0.47121906973701033
CE_PAWNWEAKNESSES:0.4717974691720153
CE_PIECEACTIVITY:0.4421905083515817
CE_KINGPAWNSHIELD:0.5493807449121315
CE_PIECECOORDINATION:0.5124319536715686
CE_MATERIAL:0.4046564847820534
CE_KINGSAFETY:0.5296161881627424
C_PIECESQUARETABLES:0.5178250269056169
C_MOBILITY:0.5075851253411463
C_KINGSAFETY:0.48066645918552425
C_PAWNSTRUCTURE:0.4638332469408946
C_PIECECOORDINATION:0.568844175083919
C_ROOKANDPAWNMOVEMENT:0.568844175083919
C_CENTERCONTROL:0.5996082785613239
C_DEVELOPPIECES:0.5111588372272181
C_MATERIAL:0.5688219506969814
