ELO:988
CE_PASSEDPAWNS:0.37198957031879304
CE_PAWNWEAKNESSES:0.51936127987286
CE_PIECEACTIVITY:0.5631899478179012
CE_KINGPAWNSHIELD:0.4122060689813143
CE_PIECECOORDINATION:0.461940972171822
CE_MATERIAL:0.5129894768297174
CE_KINGSAFETY:0.48977849710161686
C_PIECESQUARETABLES:0.4960822753314911
C_MOBILITY:0.5231288867645295
C_KINGSAFETY:0.5594239720260957
C_PAWNSTRUCTURE:0.32711818898567924
C_PIECECOORDINATION:0.44148264229268025
C_ROOKANDPAWNMOVEMENT:0.44148264229268025
C_CENTERCONTROL:0.31872954710865375
C_DEVELOPPIECES:0.48463106472835726
C_MATERIAL:0.6828983766046607
