ELO:644
CE_PASSEDPAWNS:0.4839406530987867
CE_PAWNWEAKNESSES:0.522045455709756
CE_PIECEACTIVITY:0.4516960154351455
CE_KINGPAWNSHIELD:0.5772521964604934
CE_PIECECOORDINATION:0.4554993079809922
CE_MATERIAL:0.4968877349200323
CE_KINGSAFETY:0.44985764826671504
C_PIECESQUARETABLES:0.4728998609051055
C_MOBILITY:0.638784682725414
C_KINGSAFETY:0.4592575796182418
C_PAWNSTRUCTURE:0.44819593233849864
C_PIECECOORDINATION:0.4935960512095083
C_ROOKANDPAWNMOVEMENT:0.4935960512095083
C_CENTERCONTROL:0.5022746571229983
C_DEVELOPPIECES:0.46474518589110814
C_MATERIAL:0.4997405200644617
C_MOVECOUNT:0.49857262786923096
