ELO:688
CE_PASSEDPAWNS:0.3668943299237203
CE_PAWNWEAKNESSES:0.5101293130940964
CE_PIECEACTIVITY:0.5172356458451025
CE_KINGPAWNSHIELD:0.46506877664049323
CE_PIECECOORDINATION:0.38490533895016166
CE_MATERIAL:0.4560083122816388
CE_KINGSAFETY:0.47868260310008476
C_PIECESQUARETABLES:0.49896449102736623
C_MOBILITY:0.5483625311251915
C_KINGSAFETY:0.41693263178716944
C_PAWNSTRUCTURE:0.5211454907546657
C_PIECECOORDINATION:0.5121704524374195
C_ROOKANDPAWNMOVEMENT:0.5121704524374195
C_CENTERCONTROL:0.4331237132110939
C_DEVELOPPIECES:0.450806926745621
C_MATERIAL:0.5776844273878068
C_MOVECOUNT:0.46445176141486333
