ELO:903
CE_PASSEDPAWNS:0.4776428050181943
CE_PAWNWEAKNESSES:0.5319180341130292
CE_PIECEACTIVITY:0.5097185762465135
CE_KINGPAWNSHIELD:0.5250133990319646
CE_PIECECOORDINATION:0.5123170665255008
CE_MATERIAL:0.5251624213513927
CE_KINGSAFETY:0.5095577613752733
C_PIECESQUARETABLES:0.49400323009938374
C_MOBILITY:0.48306517415167305
C_KINGSAFETY:0.5430079940221546
C_PAWNSTRUCTURE:0.4882738608304756
C_PIECECOORDINATION:0.5145802332261731
C_ROOK:0.4309763873266497
CE_ROOK:0.49632462505562924
C_CENTERCONTROL:0.49981303754552686
C_DEVELOPPIECES:0.47069960540004785
C_MATERIAL:0.4697659323797748
C_MOVECOUNT:0.4932721194179449
C_PAWNMOVEMENT:0.47348653699668136
