ELO:1032
CE_PASSEDPAWNS:0.5235560740632671
CE_PAWNWEAKNESSES:0.5143547652851717
CE_PIECEACTIVITY:0.5785351381383929
CE_KINGPAWNSHIELD:0.4580033764808573
CE_PIECECOORDINATION:0.5246108607548889
CE_MATERIAL:0.49928170611244577
CE_KINGSAFETY:0.5133804968954717
C_PIECESQUARETABLES:0.506422108311502
C_MOBILITY:0.4939058878691108
C_KINGSAFETY:0.5115874385867005
C_PAWNSTRUCTURE:0.4639106696404117
C_PIECECOORDINATION:0.5973731321677624
C_ROOKANDPAWNMOVEMENT:0.5973731321677624
C_CENTERCONTROL:0.5094978287028736
C_DEVELOPPIECES:0.48338173613232055
C_MATERIAL:0.5308459836428073
