ELO:921
CE_PASSEDPAWNS:0.5165606934759621
CE_PAWNWEAKNESSES:0.5486391602671823
CE_PIECEACTIVITY:0.5568817543644763
CE_KINGPAWNSHIELD:0.5775931828337255
CE_PIECECOORDINATION:0.497763426739256
CE_MATERIAL:0.3648526510242661
CE_KINGSAFETY:0.5386456106496922
C_PIECESQUARETABLES:0.5166189141169372
C_MOBILITY:0.4436198335128445
C_KINGSAFETY:0.42960503496605057
C_PAWNSTRUCTURE:0.45808797360167425
C_PIECECOORDINATION:0.4708162500708659
C_ROOKANDPAWNMOVEMENT:0.4708162500708659
C_CENTERCONTROL:0.41428495664329856
C_DEVELOPPIECES:0.4634696219851423
C_MATERIAL:0.4180413143403368
