ELO:927
CE_PASSEDPAWNS:0.48676245122441764
CE_PAWNWEAKNESSES:0.5160364496553879
CE_PIECEACTIVITY:0.5205698628125095
CE_KINGPAWNSHIELD:0.5841183608998023
CE_PIECECOORDINATION:0.4877895842951498
CE_MATERIAL:0.49986530783598354
CE_KINGSAFETY:0.4606015978923001
C_PIECESQUARETABLES:0.4695359811343109
C_MOBILITY:0.48584176175262145
C_KINGSAFETY:0.5501303035366353
C_PAWNSTRUCTURE:0.5358996968056411
C_PIECECOORDINATION:0.49577859219138776
C_ROOKANDPAWNMOVEMENT:0.49577859219138776
C_CENTERCONTROL:0.5697083815464737
C_DEVELOPPIECES:0.4372648264413991
C_MATERIAL:0.5203098529119734
C_MOVECOUNT:0.5386334236039193
