ELO:736
CE_PASSEDPAWNS:0.3763560362181244
CE_PAWNWEAKNESSES:0.49447804608290286
CE_PIECEACTIVITY:0.49041875697266096
CE_KINGPAWNSHIELD:0.46107022825756305
CE_PIECECOORDINATION:0.4128307683316727
CE_MATERIAL:0.4324292938823627
CE_KINGSAFETY:0.5036593883262359
C_PIECESQUARETABLES:0.5
C_MOBILITY:0.5523510995386106
C_KINGSAFETY:0.40756382118764534
C_PAWNSTRUCTURE:0.5121707758966586
C_PIECECOORDINATION:0.5225175373247224
C_ROOKANDPAWNMOVEMENT:0.5225175373247224
C_CENTERCONTROL:0.42444243292760464
C_DEVELOPPIECES:0.4818172799040165
C_MATERIAL:0.5591236482160865
C_MOVECOUNT:0.5
