ELO:961
CE_PASSEDPAWNS:0.4785135291491392
CE_PAWNWEAKNESSES:0.5201828001030183
CE_PIECEACTIVITY:0.49534227656542495
CE_KINGPAWNSHIELD:0.538111942870105
CE_PIECECOORDINATION:0.516893694262676
CE_MATERIAL:0.5089416948765608
CE_KINGSAFETY:0.5051424163811837
C_PIECESQUARETABLES:0.5061308294349677
C_MOBILITY:0.4918309916479677
C_KINGSAFETY:0.5430438045443703
C_PAWNSTRUCTURE:0.4855296850019906
C_PIECECOORDINATION:0.5213970951824152
C_ROOK:0.4476216721044519
CE_ROOK:0.49435003509272624
C_CENTERCONTROL:0.49041170027049497
C_DEVELOPPIECES:0.483356628018388
C_MATERIAL:0.4701641260310805
C_MOVECOUNT:0.49159377916048425
C_PAWNMOVEMENT:0.4717621169811325
