ELO:959
CE_PASSEDPAWNS:0.5087065463199414
CE_PAWNWEAKNESSES:0.49528422174558434
CE_PIECEACTIVITY:0.5340130024360519
CE_KINGPAWNSHIELD:0.53686454678554
CE_PIECECOORDINATION:0.5370857381044255
CE_MATERIAL:0.5014579774443735
CE_KINGSAFETY:0.49361436913213597
C_PIECESQUARETABLES:0.4991312468685383
C_MOBILITY:0.5176830238332866
C_KINGSAFETY:0.4615083539212342
C_PAWNSTRUCTURE:0.47063389626730107
C_PIECECOORDINATION:0.4838347778531648
C_ROOKANDPAWNMOVEMENT:0.4838347778531648
C_CENTERCONTROL:0.5160761174755027
C_DEVELOPPIECES:0.41078875070344206
C_MATERIAL:0.5408021600023509
