ELO:955
CE_PASSEDPAWNS:0.45370059800113943
CE_PAWNWEAKNESSES:0.5875262882511485
CE_PIECEACTIVITY:0.38025623994354874
CE_KINGPAWNSHIELD:0.6091869917295658
CE_PIECECOORDINATION:0.4053613121362002
CE_MATERIAL:0.3998705781051202
CE_KINGSAFETY:0.4925774046393959
C_PIECESQUARETABLES:0.5114640042789608
C_MOBILITY:0.5171971450587135
C_KINGSAFETY:0.5001613543781607
C_PAWNSTRUCTURE:0.5281184966543722
C_PIECECOORDINATION:0.4170303227990721
C_ROOKANDPAWNMOVEMENT:0.4170303227990721
C_CENTERCONTROL:0.5201482098060233
C_DEVELOPPIECES:0.4776463822952684
C_MATERIAL:0.5383328999260731
