ELO:955
CE_PASSEDPAWNS:0.5060375802973549
CE_PAWNWEAKNESSES:0.5336689299342896
CE_PIECEACTIVITY:0.5426514264702904
CE_KINGPAWNSHIELD:0.5827383518134354
CE_PIECECOORDINATION:0.5470944491121255
CE_MATERIAL:0.512254354675212
CE_KINGSAFETY:0.4634029436799275
C_PIECESQUARETABLES:0.48817341376622037
C_MOBILITY:0.5252057579228065
C_KINGSAFETY:0.489081319678554
C_PAWNSTRUCTURE:0.4325602810091653
C_PIECECOORDINATION:0.45901319351430037
C_ROOKANDPAWNMOVEMENT:0.45901319351430037
C_CENTERCONTROL:0.48871776411711687
C_DEVELOPPIECES:0.4143061577732074
C_MATERIAL:0.538151443410132
