ELO:974
CE_PASSEDPAWNS:0.5182923416370216
CE_PAWNWEAKNESSES:0.5449654788588044
CE_PIECEACTIVITY:0.5249637814153757
CE_KINGPAWNSHIELD:0.5034121830799316
CE_PIECECOORDINATION:0.5157378773410852
CE_MATERIAL:0.5021127531781417
CE_KINGSAFETY:0.5
C_PIECESQUARETABLES:0.5
C_MOBILITY:0.4915316890614002
C_KINGSAFETY:0.4918262290821351
C_PAWNSTRUCTURE:0.5151477664890078
C_PIECECOORDINATION:0.4699708976803787
C_ROOK:0.5271568196596098
CE_ROOK:0.5095970837639285
C_CENTERCONTROL:0.47762394428409743
C_DEVELOPPIECES:0.5426714378961144
C_MATERIAL:0.4683419706100968
C_MOVECOUNT:0.48586613610933876
C_PAWNMOVEMENT:0.46370889459570863
