ELO:861
CE_PASSEDPAWNS:0.4916117875858363
CE_PAWNWEAKNESSES:0.5156538271032386
CE_PIECEACTIVITY:0.5294877081202883
CE_KINGPAWNSHIELD:0.4760586499251676
CE_PIECECOORDINATION:0.41631598020109617
CE_MATERIAL:0.4922855624551677
CE_KINGSAFETY:0.521398405332563
C_PIECESQUARETABLES:0.519682179572333
C_MOBILITY:0.5734412774982984
C_KINGSAFETY:0.492804540515746
C_PAWNSTRUCTURE:0.47889831798839694
C_PIECECOORDINATION:0.5291201118795953
C_ROOKANDPAWNMOVEMENT:0.5291201118795953
C_CENTERCONTROL:0.5376887545441271
C_DEVELOPPIECES:0.5779499156012059
C_MATERIAL:0.4984081640746455
C_MOVECOUNT:0.5
