ELO:1009
CE_PASSEDPAWNS:0.5180457207333661
CE_PAWNWEAKNESSES:0.4955380145764623
CE_PIECEACTIVITY:0.5065297892719273
CE_KINGPAWNSHIELD:0.5010483640886593
CE_PIECECOORDINATION:0.5112804841522175
CE_MATERIAL:0.5528801803199818
CE_KINGSAFETY:0.5083959471910676
C_PIECESQUARETABLES:0.5004255437490128
C_MOBILITY:0.5022782015487308
C_KINGSAFETY:0.4975304503980917
C_PAWNSTRUCTURE:0.49707638621723754
C_PIECECOORDINATION:0.5286018747275012
C_ROOK:0.467949834516601
CE_ROOK:0.5221743023802949
C_CENTERCONTROL:0.5116924563795774
C_DEVELOPPIECES:0.47712253160193624
C_MATERIAL:0.5130239434192085
C_MOVECOUNT:0.508021698809739
C_PAWNMOVEMENT:0.5075765859660953
