ELO:886
CE_PASSEDPAWNS:0.5094750639754735
CE_PAWNWEAKNESSES:0.5535621296622485
CE_PIECEACTIVITY:0.5441165604113495
CE_KINGPAWNSHIELD:0.5713016692524836
CE_PIECECOORDINATION:0.4888499639948029
CE_MATERIAL:0.40782274973693594
CE_KINGSAFETY:0.5442292902896015
C_PIECESQUARETABLES:0.5224299272427825
C_MOBILITY:0.4692228713073384
C_KINGSAFETY:0.4527105076863202
C_PAWNSTRUCTURE:0.474455440115765
C_PIECECOORDINATION:0.49001884191896994
C_ROOKANDPAWNMOVEMENT:0.49001884191896994
C_CENTERCONTROL:0.4701670374619143
C_DEVELOPPIECES:0.4646470329274639
C_MATERIAL:0.46069497821040445
