ELO:978
CE_PASSEDPAWNS:0.5186856938969594
CE_PAWNWEAKNESSES:0.4876284360410432
CE_PIECEACTIVITY:0.5114935075168043
CE_KINGPAWNSHIELD:0.45940728470601494
CE_PIECECOORDINATION:0.5032971581895649
CE_MATERIAL:0.5463476486166867
CE_KINGSAFETY:0.5038540468589701
C_PIECESQUARETABLES:0.4958317046168956
C_MOBILITY:0.5054044706911857
C_KINGSAFETY:0.47770931901364677
C_PAWNSTRUCTURE:0.5056298937551479
C_PIECECOORDINATION:0.5493111579429775
C_ROOK:0.4551378429157562
CE_ROOK:0.5228350600357309
C_CENTERCONTROL:0.5111151544331003
C_DEVELOPPIECES:0.4699826904663697
C_MATERIAL:0.5059254673614392
C_MOVECOUNT:0.4976310313284395
C_PAWNMOVEMENT:0.4836499938345439
