ELO:821
CE_PASSEDPAWNS:0.41737090643945207
CE_PAWNWEAKNESSES:0.5197389723650611
CE_PIECEACTIVITY:0.5302758415241725
CE_KINGPAWNSHIELD:0.49340158373477855
CE_PIECECOORDINATION:0.4131663216688777
CE_MATERIAL:0.4420355952868138
CE_KINGSAFETY:0.5055687197439757
C_PIECESQUARETABLES:0.4792878259940637
C_MOBILITY:0.5690957955323596
C_KINGSAFETY:0.35891780143727375
C_PAWNSTRUCTURE:0.4905631760860529
C_PIECECOORDINATION:0.48549077599325147
C_ROOKANDPAWNMOVEMENT:0.48549077599325147
C_CENTERCONTROL:0.44356723984933555
C_DEVELOPPIECES:0.5112519138413015
C_MATERIAL:0.5389311432902566
C_MOVECOUNT:0.5
