ELO:935
CE_PASSEDPAWNS:0.4827424497712642
CE_PAWNWEAKNESSES:0.5161594131325946
CE_PIECEACTIVITY:0.5117241170268835
CE_KINGPAWNSHIELD:0.5366495003181208
CE_PIECECOORDINATION:0.5203187953189425
CE_MATERIAL:0.5092654635194511
CE_KINGSAFETY:0.4944721554542602
C_PIECESQUARETABLES:0.48922029101579334
C_MOBILITY:0.48335109781610475
C_KINGSAFETY:0.5353926127033234
C_PAWNSTRUCTURE:0.4802495790151289
C_PIECECOORDINATION:0.5061537113051414
C_ROOK:0.44476090994021195
CE_ROOK:0.49433145382827115
C_CENTERCONTROL:0.48777181365088146
C_DEVELOPPIECES:0.4889526138259081
C_MATERIAL:0.46654645132363864
C_MOVECOUNT:0.5058163887518687
C_PAWNMOVEMENT:0.4611928138538885
