ELO:997
CE_PASSEDPAWNS:0.5195008228646731
CE_PAWNWEAKNESSES:0.5
CE_PIECEACTIVITY:0.5073878636534324
CE_KINGPAWNSHIELD:0.5
CE_PIECECOORDINATION:0.5094782061425861
CE_MATERIAL:0.500246770797317
CE_KINGSAFETY:0.5025912256036622
C_PIECESQUARETABLES:0.5
C_MOBILITY:0.48154556134209864
C_KINGSAFETY:0.5103800320849539
C_PAWNSTRUCTURE:0.5
C_PIECECOORDINATION:0.5023181869044465
C_ROOKANDPAWNMOVEMENT:0.5023181869044465
C_CENTERCONTROL:0.4957762169199074
C_DEVELOPPIECES:0.5
C_MATERIAL:0.48771959799517794
C_MOVECOUNT:0.5
