ELO:1000
CE_PASSEDPAWNS:0.5216861599544368
CE_PAWNWEAKNESSES:0.48466592979027734
CE_PIECEACTIVITY:0.48858613395653566
CE_KINGPAWNSHIELD:0.5038424570589964
CE_PIECECOORDINATION:0.5112295612725778
CE_MATERIAL:0.5003073944067574
CE_KINGSAFETY:0.5000372448051398
C_PIECESQUARETABLES:0.5147517952195088
C_MOBILITY:0.4971716074727495
C_KINGSAFETY:0.4965853158172967
C_PAWNSTRUCTURE:0.505863144147839
C_PIECECOORDINATION:0.4842435439315886
C_ROOKANDPAWNMOVEMENT:0.4842435439315886
C_CENTERCONTROL:0.4931314351102047
C_DEVELOPPIECES:0.4836702225416723
C_MATERIAL:0.4910102342298808
