ELO:999
CE_PASSEDPAWNS:0.4954918541906847
CE_PAWNWEAKNESSES:0.48777811269556637
CE_PIECEACTIVITY:0.5009634703873668
CE_KINGPAWNSHIELD:0.5286721028657534
CE_PIECECOORDINATION:0.5
CE_MATERIAL:0.5159641803496595
CE_KINGSAFETY:0.4889589947924232
C_PIECESQUARETABLES:0.48801069365150446
C_MOBILITY:0.49441502574523283
C_KINGSAFETY:0.49235431183003087
C_PAWNSTRUCTURE:0.489047144013856
C_PIECECOORDINATION:0.5
C_ROOK:0.502180648049516
CE_ROOK:0.5087604165429385
C_CENTERCONTROL:0.49269297874604895
C_DEVELOPPIECES:0.4799063215582343
C_MATERIAL:0.5119097003296734
C_MOVECOUNT:0.5001141101582978
C_PAWNMOVEMENT:0.5084170893145671
