ELO:885
CE_PASSEDPAWNS:0.44502905196337045
CE_PAWNWEAKNESSES:0.47773643331953897
CE_PIECEACTIVITY:0.41990946041316357
CE_KINGPAWNSHIELD:0.44774874918824376
CE_PIECECOORDINATION:0.5041931011008439
CE_MATERIAL:0.5585562719407561
CE_KINGSAFETY:0.5030936257468858
C_PIECESQUARETABLES:0.5138322930904368
C_MOBILITY:0.577111601370168
C_KINGSAFETY:0.45705234999528505
C_PAWNSTRUCTURE:0.49026308001899255
C_PIECECOORDINATION:0.482615497098973
C_ROOKANDPAWNMOVEMENT:0.482615497098973
C_CENTERCONTROL:0.493681184387526
C_DEVELOPPIECES:0.5425939270899576
C_MATERIAL:0.40930983140915084
C_MOVECOUNT:0.5
