ELO:807
CE_PASSEDPAWNS:0.43556624895615764
CE_PAWNWEAKNESSES:0.5629617667853409
CE_PIECEACTIVITY:0.35122756659995963
CE_KINGPAWNSHIELD:0.6439292425864597
CE_PIECECOORDINATION:0.4320264586824169
CE_MATERIAL:0.3684095049365424
CE_KINGSAFETY:0.5253674315782091
C_PIECESQUARETABLES:0.4854528790352324
C_MOBILITY:0.5454474578739514
C_KINGSAFETY:0.6050593544521191
C_PAWNSTRUCTURE:0.4956034993426536
C_PIECECOORDINATION:0.45760876488650665
C_ROOKANDPAWNMOVEMENT:0.45760876488650665
C_CENTERCONTROL:0.5457964661809541
C_DEVELOPPIECES:0.5521753743816573
C_MATERIAL:0.5069493858850551
