ELO:1000
CE_PASSEDPAWNS:0.49459801186234326
CE_PAWNWEAKNESSES:0.4916605658544735
CE_PIECEACTIVITY:0.5
CE_KINGPAWNSHIELD:0.5054494437154161
CE_PIECECOORDINATION:0.5
CE_MATERIAL:0.5049431625515991
CE_KINGSAFETY:0.5
C_PIECESQUARETABLES:0.5100474116527487
C_MOBILITY:0.5063084724199888
C_KINGSAFETY:0.49363286623306857
C_PAWNSTRUCTURE:0.5
C_PIECECOORDINATION:0.5021470694986049
C_ROOKANDPAWNMOVEMENT:0.5021470694986049
C_CENTERCONTROL:0.5
C_DEVELOPPIECES:0.5039971691730288
C_MATERIAL:0.49287035319041683
C_MOVECOUNT:0.48222039447348647
