ELO:999
CE_PASSEDPAWNS:0.5
CE_PAWNWEAKNESSES:0.5
CE_PIECEACTIVITY:0.5094116877647751
CE_KINGPAWNSHIELD:0.5
CE_PIECECOORDINATION:0.5093397976868036
CE_MATERIAL:0.5079720463043358
CE_KINGSAFETY:0.49695909851394965
C_PIECESQUARETABLES:0.48896903050546847
C_MOBILITY:0.5
C_KINGSAFETY:0.5037661071975591
C_PAWNSTRUCTURE:0.49579002452607973
C_PIECECOORDINATION:0.5
C_ROOKANDPAWNMOVEMENT:0.5
C_CENTERCONTROL:0.5053807829196215
C_DEVELOPPIECES:0.5
C_MATERIAL:0.5
C_MOVECOUNT:0.5
