ELO:860
CE_PASSEDPAWNS:0.43738000901780066
CE_PAWNWEAKNESSES:0.5675400194847999
CE_PIECEACTIVITY:0.35306343870940576
CE_KINGPAWNSHIELD:0.6536242876443528
CE_PIECECOORDINATION:0.4296987110032236
CE_MATERIAL:0.3746373800541647
CE_KINGSAFETY:0.521992316587847
C_PIECESQUARETABLES:0.5226066452271811
C_MOBILITY:0.539479245211383
C_KINGSAFETY:0.6083287527864916
C_PAWNSTRUCTURE:0.510640412050689
C_PIECECOORDINATION:0.45761147289127535
C_ROOKANDPAWNMOVEMENT:0.45761147289127535
C_CENTERCONTROL:0.5463845607963126
C_DEVELOPPIECES:0.563533195499777
C_MATERIAL:0.4977805153008174
