ELO:920
CE_PASSEDPAWNS:0.5109644515173761
CE_PAWNWEAKNESSES:0.4846452190354514
CE_PIECEACTIVITY:0.5024022129887638
CE_KINGPAWNSHIELD:0.5011393468827933
CE_PIECECOORDINATION:0.4998026221872921
CE_MATERIAL:0.5031237012161235
CE_KINGSAFETY:0.47829359207769145
C_PIECESQUARETABLES:0.5049228666692698
C_MOBILITY:0.49724961443927046
C_KINGSAFETY:0.5395402956006791
C_PAWNSTRUCTURE:0.4885776866548605
C_PIECECOORDINATION:0.4636932167250467
C_ROOKANDPAWNMOVEMENT:0.4636932167250467
C_CENTERCONTROL:0.4855855997392829
C_DEVELOPPIECES:0.4492171216494676
C_MATERIAL:0.5477699682006829
C_MOVECOUNT:0.5
