ELO:924
CE_PASSEDPAWNS:0.4967446587897944
CE_PAWNWEAKNESSES:0.5185431464362285
CE_PIECEACTIVITY:0.48261704298026653
CE_KINGPAWNSHIELD:0.4893381095173507
CE_PIECECOORDINATION:0.4832466896345919
CE_MATERIAL:0.5301921073277038
CE_KINGSAFETY:0.49716492973613735
C_PIECESQUARETABLES:0.49286437464280636
C_MOBILITY:0.48581829659171066
C_KINGSAFETY:0.519940511119413
C_PAWNSTRUCTURE:0.5239937820034258
C_PIECECOORDINATION:0.4844793512681894
C_ROOKANDPAWNMOVEMENT:0.4844793512681894
C_CENTERCONTROL:0.4860199856079279
C_DEVELOPPIECES:0.5150750818569121
C_MATERIAL:0.488297129770006
C_MOVECOUNT:0.48822538139021965
