ELO:989
CE_PASSEDPAWNS:0.3671258369474086
CE_PAWNWEAKNESSES:0.5233969485158824
CE_PIECEACTIVITY:0.5631899478179012
CE_KINGPAWNSHIELD:0.47296228941213614
CE_PIECECOORDINATION:0.4666959136721818
CE_MATERIAL:0.5157362086931667
CE_KINGSAFETY:0.4923484000202992
C_PIECESQUARETABLES:0.499541777854432
C_MOBILITY:0.4973584749904264
C_KINGSAFETY:0.5610480250223253
C_PAWNSTRUCTURE:0.3244508401580625
C_PIECECOORDINATION:0.4406284954606765
C_ROOKANDPAWNMOVEMENT:0.4406284954606765
C_CENTERCONTROL:0.35759702917890235
C_DEVELOPPIECES:0.4968232289294294
C_MATERIAL:0.6921624257642893
