ELO:1000
CE_PASSEDPAWNS:0.5356283826404601
CE_PAWNWEAKNESSES:0.4848455433104909
CE_PIECEACTIVITY:0.4693865674464419
CE_KINGPAWNSHIELD:0.5015130597660509
CE_PIECECOORDINATION:0.514269782176653
CE_MATERIAL:0.4827475333133317
CE_KINGSAFETY:0.4892824142057539
C_PIECESQUARETABLES:0.5175951583789302
C_MOBILITY:0.501851427653695
C_KINGSAFETY:0.48354255678889746
C_PAWNSTRUCTURE:0.500161151863932
C_PIECECOORDINATION:0.49943086732432634
C_ROOKANDPAWNMOVEMENT:0.49943086732432634
C_CENTERCONTROL:0.49181863257130465
C_DEVELOPPIECES:0.48341118148116985
C_MATERIAL:0.5005584145141396
