ELO:1012
CE_PASSEDPAWNS:0.5162594116160073
CE_PAWNWEAKNESSES:0.5006358478396588
CE_PIECEACTIVITY:0.48745210961967966
CE_KINGPAWNSHIELD:0.510493404398431
CE_PIECECOORDINATION:0.5123757422885727
CE_MATERIAL:0.49375105602451647
CE_KINGSAFETY:0.4896009210187708
C_PIECESQUARETABLES:0.49839656524589354
C_MOBILITY:0.4882763828834067
C_KINGSAFETY:0.49601831624193643
C_PAWNSTRUCTURE:0.4957077863826314
C_PIECECOORDINATION:0.4839970688729409
C_ROOKANDPAWNMOVEMENT:0.4839970688729409
C_CENTERCONTROL:0.4991554456452198
C_DEVELOPPIECES:0.5072452112041482
C_MATERIAL:0.5020834781634381
C_MOVECOUNT:0.49830773306087817
