ELO:853
CE_PASSEDPAWNS:0.4307071918930043
CE_PAWNWEAKNESSES:0.5654059828999044
CE_PIECEACTIVITY:0.36599125471688954
CE_KINGPAWNSHIELD:0.6207518318096767
CE_PIECECOORDINATION:0.41340360928413306
CE_MATERIAL:0.36409983211110764
CE_KINGSAFETY:0.5104862337406475
C_PIECESQUARETABLES:0.47223252276325045
C_MOBILITY:0.534805162858671
C_KINGSAFETY:0.5703405627210254
C_PAWNSTRUCTURE:0.481822743600933
C_PIECECOORDINATION:0.4410483266972132
C_ROOKANDPAWNMOVEMENT:0.4410483266972132
C_CENTERCONTROL:0.5324801333981306
C_DEVELOPPIECES:0.5208617392665131
C_MATERIAL:0.5353712062614611
