ELO:879
CE_PASSEDPAWNS:0.5433178322672686
CE_PAWNWEAKNESSES:0.4985774116951211
CE_PIECEACTIVITY:0.4275151934501852
CE_KINGPAWNSHIELD:0.49407827148244826
CE_PIECECOORDINATION:0.4859138045102914
CE_MATERIAL:0.5464557054788121
CE_KINGSAFETY:0.4736458919984367
C_PIECESQUARETABLES:0.49192873583137964
C_MOBILITY:0.46285715310883946
C_KINGSAFETY:0.5008363955154828
C_PAWNSTRUCTURE:0.5864248935867263
C_PIECECOORDINATION:0.4888385429099676
C_ROOKANDPAWNMOVEMENT:0.4888385429099676
C_CENTERCONTROL:0.46081126633432734
C_DEVELOPPIECES:0.49751260636798955
C_MATERIAL:0.5111707644500594
C_MOVECOUNT:0.4722163319023332
