ELO:931
CE_PASSEDPAWNS:0.4864812451059119
CE_PAWNWEAKNESSES:0.531919351830873
CE_PIECEACTIVITY:0.537032315414039
CE_KINGPAWNSHIELD:0.5976988713917079
CE_PIECECOORDINATION:0.5015858792367166
CE_MATERIAL:0.4299533113645555
CE_KINGSAFETY:0.4608155499612523
C_PIECESQUARETABLES:0.5027779140857407
C_MOBILITY:0.4700904481209202
C_KINGSAFETY:0.5298175063747783
C_PAWNSTRUCTURE:0.43847124306936314
C_PIECECOORDINATION:0.468320929673035
C_ROOKANDPAWNMOVEMENT:0.468320929673035
C_CENTERCONTROL:0.41581192294152913
C_DEVELOPPIECES:0.442099619184238
C_MATERIAL:0.5061044981208369
