ELO:909
CE_PASSEDPAWNS:0.5247434335443039
CE_PAWNWEAKNESSES:0.5160932851373778
CE_PIECEACTIVITY:0.41613988577431243
CE_KINGPAWNSHIELD:0.4796598290391965
CE_PIECECOORDINATION:0.487984934104722
CE_MATERIAL:0.5582587805688819
CE_KINGSAFETY:0.46344176292639216
C_PIECESQUARETABLES:0.47108400787105315
C_MOBILITY:0.4742144850913299
C_KINGSAFETY:0.4927661749405809
C_PAWNSTRUCTURE:0.5945955300113313
C_PIECECOORDINATION:0.49999016262561585
C_ROOKANDPAWNMOVEMENT:0.49999016262561585
C_CENTERCONTROL:0.4696590851230608
C_DEVELOPPIECES:0.4690788294345642
C_MATERIAL:0.5250255986906176
C_MOVECOUNT:0.45763899100878147
