ELO:886
CE_PASSEDPAWNS:0.494299960619687
CE_PAWNWEAKNESSES:0.5330148502274047
CE_PIECEACTIVITY:0.5441165604113495
CE_KINGPAWNSHIELD:0.5658296009045669
CE_PIECECOORDINATION:0.48995435955818817
CE_MATERIAL:0.40150005315257303
CE_KINGSAFETY:0.5369014702758123
C_PIECESQUARETABLES:0.5100632224207576
C_MOBILITY:0.45877626009779454
C_KINGSAFETY:0.4530399778045032
C_PAWNSTRUCTURE:0.46804085229403014
C_PIECECOORDINATION:0.4786024389886441
C_ROOKANDPAWNMOVEMENT:0.4786024389886441
C_CENTERCONTROL:0.46484526440548807
C_DEVELOPPIECES:0.44115065382907676
C_MATERIAL:0.4492908386123986
