ELO:981
CE_PASSEDPAWNS:0.5
CE_PAWNWEAKNESSES:0.4917055955941936
CE_PIECEACTIVITY:0.4893875885805041
CE_KINGPAWNSHIELD:0.4774654236690257
CE_PIECECOORDINATION:0.4692114279805411
CE_MATERIAL:0.5090021530545671
CE_KINGSAFETY:0.5
C_PIECESQUARETABLES:0.5123593615416552
C_MOBILITY:0.5317597947942013
C_KINGSAFETY:0.4999884096602012
C_PAWNSTRUCTURE:0.5113236285593837
C_PIECECOORDINATION:0.48995159798666144
C_ROOKANDPAWNMOVEMENT:0.48995159798666144
C_CENTERCONTROL:0.4775601278489384
C_DEVELOPPIECES:0.5038628301030613
C_MATERIAL:0.5010807072530449
C_MOVECOUNT:0.5040669282873848
