ELO:967
CE_PASSEDPAWNS:0.5339544005385473
CE_PAWNWEAKNESSES:0.47242495655571354
CE_PIECEACTIVITY:0.4726050870484119
CE_KINGPAWNSHIELD:0.522239445569715
CE_PIECECOORDINATION:0.45777973768279195
CE_MATERIAL:0.5658227030142535
CE_KINGSAFETY:0.5188863375911892
C_PIECESQUARETABLES:0.5414195156719417
C_MOBILITY:0.5089535559282353
C_KINGSAFETY:0.48311976885496366
C_PAWNSTRUCTURE:0.5757218047518787
C_PIECECOORDINATION:0.5757301118027326
C_ROOKANDPAWNMOVEMENT:0.5757301118027326
C_CENTERCONTROL:0.471684047287545
C_DEVELOPPIECES:0.43097573392888755
C_MATERIAL:0.5532615785131717
