ELO:1033
CE_PASSEDPAWNS:0.652380159363961
CE_PAWNWEAKNESSES:0.4681196392453937
CE_PIECEACTIVITY:0.46615456392966276
CE_KINGPAWNSHIELD:0.46530882517871197
CE_PIECECOORDINATION:0.4414567875949478
CE_MATERIAL:0.4714168336602348
CE_KINGSAFETY:0.49811484205438095
C_PIECESQUARETABLES:0.4958436362969899
C_MOBILITY:0.47819952689768813
C_KINGSAFETY:0.5064976861067437
C_PAWNSTRUCTURE:0.41755593520563894
C_PIECECOORDINATION:0.4983982946999523
C_ROOKANDPAWNMOVEMENT:0.4983982946999523
C_CENTERCONTROL:0.5203226127266669
C_DEVELOPPIECES:0.5805697379107649
C_MATERIAL:0.38716655673402983
