ELO:1020
CE_PASSEDPAWNS:0.5
CE_PAWNWEAKNESSES:0.5
CE_PIECEACTIVITY:0.5
CE_KINGPAWNSHIELD:0.5011796872394073
CE_PIECECOORDINATION:0.495548639947138
CE_MATERIAL:0.5032595807358167
CE_KINGSAFETY:0.5
C_PIECESQUARETABLES:0.5
C_MOBILITY:0.5
C_KINGSAFETY:0.4879500671977651
C_PAWNSTRUCTURE:0.5005960842568764
C_PIECECOORDINATION:0.5
C_ROOKANDPAWNMOVEMENT:0.5
C_CENTERCONTROL:0.5077150861970179
C_DEVELOPPIECES:0.5038212246241438
C_MATERIAL:0.5032593366736479
C_MOVECOUNT:0.4878280240129132
