ELO:1042
CE_PASSEDPAWNS:0.5138731349787817
CE_PAWNWEAKNESSES:0.5053483548265357
CE_PIECEACTIVITY:0.4928218180599236
CE_KINGPAWNSHIELD:0.5
CE_PIECECOORDINATION:0.49756185016277316
CE_MATERIAL:0.5033222122461822
CE_KINGSAFETY:0.5
C_PIECESQUARETABLES:0.5
C_MOBILITY:0.48720210075160986
C_KINGSAFETY:0.5020406001877096
C_PAWNSTRUCTURE:0.5014122474366084
C_PIECECOORDINATION:0.5179891344063673
C_ROOK:0.5125433088455889
CE_ROOK:0.4898928659705995
C_CENTERCONTROL:0.5043711180257453
C_DEVELOPPIECES:0.4786169769470885
C_MATERIAL:0.5230226521637037
C_MOVECOUNT:0.49241060356988176
C_PAWNMOVEMENT:0.5033128708409863
