ELO:985
CE_PASSEDPAWNS:0.5027805893895754
CE_PAWNWEAKNESSES:0.5014970541013678
CE_PIECEACTIVITY:0.5
CE_KINGPAWNSHIELD:0.5047162307700098
CE_PIECECOORDINATION:0.5208530579654532
CE_MATERIAL:0.5
CE_KINGSAFETY:0.5152577494493769
C_PIECESQUARETABLES:0.5
C_MOBILITY:0.5099895067607145
C_KINGSAFETY:0.53125830544146
C_PAWNSTRUCTURE:0.49921231276089184
C_PIECECOORDINATION:0.5
C_ROOKANDPAWNMOVEMENT:0.5
C_CENTERCONTROL:0.4857051530228012
C_DEVELOPPIECES:0.5129037686672272
C_MATERIAL:0.5
C_MOVECOUNT:0.488804530309189
