ELO:1002
CE_PASSEDPAWNS:0.4777941405561813
CE_PAWNWEAKNESSES:0.5
CE_PIECEACTIVITY:0.5067601457155742
CE_KINGPAWNSHIELD:0.5100949539134413
CE_PIECECOORDINATION:0.48870129655709765
CE_MATERIAL:0.48018118755195593
CE_KINGSAFETY:0.5
C_PIECESQUARETABLES:0.4923092086526134
C_MOBILITY:0.4613347977939745
C_KINGSAFETY:0.5048968643639781
C_PAWNSTRUCTURE:0.5090804724807344
C_PIECECOORDINATION:0.4928675150736712
C_ROOKANDPAWNMOVEMENT:0.4928675150736712
C_CENTERCONTROL:0.4784761308218375
C_DEVELOPPIECES:0.4863692719646115
C_MATERIAL:0.49343922729650663
C_MOVECOUNT:0.5
