ELO:980
CE_PASSEDPAWNS:0.4992766695428854
CE_PAWNWEAKNESSES:0.5457989998465849
CE_PIECEACTIVITY:0.5308752294086494
CE_KINGPAWNSHIELD:0.5488503656445438
CE_PIECECOORDINATION:0.45830192550199406
CE_MATERIAL:0.5559717906303698
CE_KINGSAFETY:0.5014525373442308
C_PIECESQUARETABLES:0.5703923842722939
C_MOBILITY:0.5112356272545695
C_KINGSAFETY:0.5352518163479484
C_PAWNSTRUCTURE:0.4552452390578051
C_PIECECOORDINATION:0.5835319414480749
C_ROOKANDPAWNMOVEMENT:0.5835319414480749
C_CENTERCONTROL:0.472680918629252
C_DEVELOPPIECES:0.5044404733423433
C_MATERIAL:0.4907110799148952
