ELO:976
CE_PASSEDPAWNS:0.4951537255963815
CE_PAWNWEAKNESSES:0.5317013050639192
CE_PIECEACTIVITY:0.5223825571373979
CE_KINGPAWNSHIELD:0.561642336658775
CE_PIECECOORDINATION:0.46129012190048563
CE_MATERIAL:0.5661709053628398
CE_KINGSAFETY:0.4994767706152398
C_PIECESQUARETABLES:0.5732564522072373
C_MOBILITY:0.5267097462761879
C_KINGSAFETY:0.5470245084325531
C_PAWNSTRUCTURE:0.4562622042318958
C_PIECECOORDINATION:0.582775889014639
C_ROOKANDPAWNMOVEMENT:0.582775889014639
C_CENTERCONTROL:0.4606620229006811
C_DEVELOPPIECES:0.5055735884761245
C_MATERIAL:0.47489324679112327
