ELO:987
CE_PASSEDPAWNS:0.538205307567641
CE_PAWNWEAKNESSES:0.4613106366226044
CE_PIECEACTIVITY:0.4436983320049199
CE_KINGPAWNSHIELD:0.5143896576059812
CE_PIECECOORDINATION:0.4513275713110007
CE_MATERIAL:0.5691163532826851
CE_KINGSAFETY:0.5208080734454926
C_PIECESQUARETABLES:0.5301450129088758
C_MOBILITY:0.5237156282203609
C_KINGSAFETY:0.5001135492677831
C_PAWNSTRUCTURE:0.5961632310449897
C_PIECECOORDINATION:0.5891625679291008
C_ROOKANDPAWNMOVEMENT:0.5891625679291008
C_CENTERCONTROL:0.48098787677095595
C_DEVELOPPIECES:0.4313768307024922
C_MATERIAL:0.564814914303187
