ELO:1000
CE_PASSEDPAWNS:0.49917113633095056
CE_PAWNWEAKNESSES:0.49087398831113604
CE_PIECEACTIVITY:0.5084537890820351
CE_KINGPAWNSHIELD:0.502070328886498
CE_PIECECOORDINATION:0.47881278017117285
CE_MATERIAL:0.46964709740000277
CE_KINGSAFETY:0.5019391880206804
C_PIECESQUARETABLES:0.5128117813637696
C_MOBILITY:0.5015551580890643
C_KINGSAFETY:0.527737508383563
C_PAWNSTRUCTURE:0.5065151343163394
C_PIECECOORDINATION:0.5332768012287217
C_ROOKANDPAWNMOVEMENT:0.5332768012287217
C_CENTERCONTROL:0.48559109878666057
C_DEVELOPPIECES:0.5055165619078023
C_MATERIAL:0.5316626727849771
