ELO:997
CE_PASSEDPAWNS:0.5112154542289379
CE_PAWNWEAKNESSES:0.5223308660839068
CE_PIECEACTIVITY:0.48643268970441694
CE_KINGPAWNSHIELD:0.5532274833154414
CE_PIECECOORDINATION:0.4792231592609803
CE_MATERIAL:0.4467924836940504
CE_KINGSAFETY:0.5023462380931646
C_PIECESQUARETABLES:0.5108434246860324
C_MOBILITY:0.571873352380719
C_KINGSAFETY:0.47281016263909725
C_PAWNSTRUCTURE:0.48303005373989916
C_PIECECOORDINATION:0.49644641152376706
C_ROOKANDPAWNMOVEMENT:0.49644641152376706
C_CENTERCONTROL:0.4754839899896162
C_DEVELOPPIECES:0.46355443499625026
C_MATERIAL:0.5555620439646145
