ELO:846
CE_PASSEDPAWNS:0.5083254955817653
CE_PAWNWEAKNESSES:0.48695230641479026
CE_PIECEACTIVITY:0.6216306432255932
CE_KINGPAWNSHIELD:0.4372531969104269
CE_PIECECOORDINATION:0.540605818294303
CE_MATERIAL:0.4805436692418935
CE_KINGSAFETY:0.5304003030954205
C_PIECESQUARETABLES:0.5305333868600091
C_MOBILITY:0.5118516906143037
C_KINGSAFETY:0.5082741192483986
C_PAWNSTRUCTURE:0.5249995131747284
C_PIECECOORDINATION:0.553507618512923
C_ROOKANDPAWNMOVEMENT:0.553507618512923
C_CENTERCONTROL:0.43255023308677354
C_DEVELOPPIECES:0.4780662164696955
C_MATERIAL:0.49410178299936836
C_MOVECOUNT:0.5
