ELO:1035
CE_PASSEDPAWNS:0.4980386928840294
CE_PAWNWEAKNESSES:0.5
CE_PIECEACTIVITY:0.5025668009770549
CE_KINGPAWNSHIELD:0.5
CE_PIECECOORDINATION:0.5
CE_MATERIAL:0.5109465707758587
CE_KINGSAFETY:0.5
C_PIECESQUARETABLES:0.49341126379572564
C_MOBILITY:0.5102843173309874
C_KINGSAFETY:0.5
C_PAWNSTRUCTURE:0.5
C_PIECECOORDINATION:0.5019082211645594
C_ROOKANDPAWNMOVEMENT:0.5019082211645594
C_CENTERCONTROL:0.5022338218844331
C_DEVELOPPIECES:0.5
C_MATERIAL:0.5
