ELO:983
CE_PASSEDPAWNS:0.5012623412370051
CE_PAWNWEAKNESSES:0.5519077187618477
CE_PIECEACTIVITY:0.5308752294086494
CE_KINGPAWNSHIELD:0.5522529058914594
CE_PIECECOORDINATION:0.45830192550199406
CE_MATERIAL:0.562768491430863
CE_KINGSAFETY:0.5014525373442308
C_PIECESQUARETABLES:0.5703923842722939
C_MOBILITY:0.5112356272545695
C_KINGSAFETY:0.5232744881904161
C_PAWNSTRUCTURE:0.4460529582772908
C_PIECECOORDINATION:0.5729144209859546
C_ROOKANDPAWNMOVEMENT:0.5729144209859546
C_CENTERCONTROL:0.4900488915322775
C_DEVELOPPIECES:0.4957679493018621
C_MATERIAL:0.5062072298389881
