ELO:1018
CE_PASSEDPAWNS:0.6475867985339863
CE_PAWNWEAKNESSES:0.4681196392453937
CE_PIECEACTIVITY:0.4778987793942673
CE_KINGPAWNSHIELD:0.4773980050464886
CE_PIECECOORDINATION:0.4605792144980262
CE_MATERIAL:0.46265786643656603
CE_KINGSAFETY:0.4892673678417573
C_PIECESQUARETABLES:0.46276031375539467
C_MOBILITY:0.48110363945029433
C_KINGSAFETY:0.5078432274289765
C_PAWNSTRUCTURE:0.41481293318732626
C_PIECECOORDINATION:0.4851328910157684
C_ROOKANDPAWNMOVEMENT:0.4851328910157684
C_CENTERCONTROL:0.5272977079783524
C_DEVELOPPIECES:0.5749078993680168
C_MATERIAL:0.38109423698431316
