ELO:1000
CE_PASSEDPAWNS:0.4802692244546577
CE_PAWNWEAKNESSES:0.5017224707232232
CE_PIECEACTIVITY:0.551955429898741
CE_KINGPAWNSHIELD:0.5069509218144356
CE_PIECECOORDINATION:0.5058484295354303
CE_MATERIAL:0.5108160992719264
CE_KINGSAFETY:0.5039772275975405
C_PIECESQUARETABLES:0.5
C_MOBILITY:0.5279495915167627
C_KINGSAFETY:0.4968012737997486
C_PAWNSTRUCTURE:0.49495465419201495
C_PIECECOORDINATION:0.5379104663767043
C_ROOKANDPAWNMOVEMENT:0.5379104663767043
C_CENTERCONTROL:0.5315901040321657
C_DEVELOPPIECES:0.5078207521799549
C_MATERIAL:0.4826273098816001
