ELO:1041
CE_PASSEDPAWNS:0.4767119436019977
CE_PAWNWEAKNESSES:0.4875894080814936
CE_PIECEACTIVITY:0.5
CE_KINGPAWNSHIELD:0.507309607007652
CE_PIECECOORDINATION:0.49304491464863454
CE_MATERIAL:0.5239207512271358
CE_KINGSAFETY:0.46552646898651023
C_PIECESQUARETABLES:0.49905568606721745
C_MOBILITY:0.5
C_KINGSAFETY:0.5100689031336203
C_PAWNSTRUCTURE:0.5203979785313994
C_PIECECOORDINATION:0.4256021451630214
C_ROOKANDPAWNMOVEMENT:0.4256021451630214
C_CENTERCONTROL:0.5121714588872911
C_DEVELOPPIECES:0.512353832623105
C_MATERIAL:0.4746667231748566
C_MOVECOUNT:0.5
