ELO:973
CE_PASSEDPAWNS:0.48516416573276844
CE_PAWNWEAKNESSES:0.4892319377208742
CE_PIECEACTIVITY:0.5352827969441345
CE_KINGPAWNSHIELD:0.5883899166767405
CE_PIECECOORDINATION:0.4148019471475915
CE_MATERIAL:0.5566213587580137
CE_KINGSAFETY:0.5017001783680758
C_PIECESQUARETABLES:0.49689001741740835
C_MOBILITY:0.5352986942944138
C_KINGSAFETY:0.5691924747538234
C_PAWNSTRUCTURE:0.44911540575883113
C_PIECECOORDINATION:0.5671950895496931
C_ROOKANDPAWNMOVEMENT:0.5671950895496931
C_CENTERCONTROL:0.47030975799432584
C_DEVELOPPIECES:0.4721152929974225
C_MATERIAL:0.46679250246101683
