ELO:918
CE_PASSEDPAWNS:0.5329299411465429
CE_PAWNWEAKNESSES:0.4798206158681876
CE_PIECEACTIVITY:0.47174473007159634
CE_KINGPAWNSHIELD:0.5291884151783048
CE_PIECECOORDINATION:0.456213783352922
CE_MATERIAL:0.5873118166388003
CE_KINGSAFETY:0.49606563990835245
C_PIECESQUARETABLES:0.5031242610165914
C_MOBILITY:0.5176663319141803
C_KINGSAFETY:0.4696765428449294
C_PAWNSTRUCTURE:0.5712052997942291
C_PIECECOORDINATION:0.6046214424617353
C_ROOKANDPAWNMOVEMENT:0.6046214424617353
C_CENTERCONTROL:0.4609051375898016
C_DEVELOPPIECES:0.42445456990149033
C_MATERIAL:0.5312542145399273
