ELO:959
CE_PASSEDPAWNS:0.4999721765298299
CE_PAWNWEAKNESSES:0.5098178652696638
CE_PIECEACTIVITY:0.5015685220592372
CE_KINGPAWNSHIELD:0.5034410266872702
CE_PIECECOORDINATION:0.507565612849641
CE_MATERIAL:0.4902676459116716
CE_KINGSAFETY:0.49969384135204814
C_PIECESQUARETABLES:0.5016307948892677
C_MOBILITY:0.501360625583157
C_KINGSAFETY:0.5010850660724355
C_PAWNSTRUCTURE:0.46449492716264795
C_PIECECOORDINATION:0.4883891938284226
C_ROOKANDPAWNMOVEMENT:0.4883891938284226
C_CENTERCONTROL:0.5019856938124246
C_DEVELOPPIECES:0.5151922822312377
C_MATERIAL:0.48287809370944845
C_MOVECOUNT:0.48199315056880193
