ELO:959
CE_PASSEDPAWNS:0.47268458414953934
CE_PAWNWEAKNESSES:0.4960700598168593
CE_PIECEACTIVITY:0.5092655882761992
CE_KINGPAWNSHIELD:0.5206249188511739
CE_PIECECOORDINATION:0.523073335328166
CE_MATERIAL:0.513158784772603
CE_KINGSAFETY:0.49711459528331287
C_PIECESQUARETABLES:0.5
C_MOBILITY:0.48835641187925605
C_KINGSAFETY:0.49290806059657105
C_PAWNSTRUCTURE:0.49435063423553843
C_PIECECOORDINATION:0.5369122359308303
C_ROOK:0.5100783529338295
CE_ROOK:0.4688345606617925
C_CENTERCONTROL:0.5025345339311305
C_DEVELOPPIECES:0.5029019930303896
C_MATERIAL:0.4748050521071401
C_MOVECOUNT:0.5315410357045007
C_PAWNMOVEMENT:0.5004570247684793
