ELO:997
CE_PASSEDPAWNS:0.5
CE_PAWNWEAKNESSES:0.4841473516279589
CE_PIECEACTIVITY:0.4913830555182438
CE_KINGPAWNSHIELD:0.5215658814610903
CE_PIECECOORDINATION:0.49761859440710954
CE_MATERIAL:0.5148265960091073
CE_KINGSAFETY:0.4890658753146669
C_PIECESQUARETABLES:0.5
C_MOBILITY:0.517512873007104
C_KINGSAFETY:0.49304051111199004
C_PAWNSTRUCTURE:0.5111887774952117
C_PIECECOORDINATION:0.5005167703017105
C_ROOK:0.5
CE_ROOK:0.5
C_CENTERCONTROL:0.506920031034584
C_DEVELOPPIECES:0.48280971095048897
C_MATERIAL:0.5066971657004271
C_MOVECOUNT:0.5067522257455339
C_PAWNMOVEMENT:0.4927821941904422
