ELO:911
CE_PASSEDPAWNS:0.4874792806525484
CE_PAWNWEAKNESSES:0.5481040726379212
CE_PIECEACTIVITY:0.5067601457155742
CE_KINGPAWNSHIELD:0.48351414095111817
CE_PIECECOORDINATION:0.49021638133981066
CE_MATERIAL:0.4214950523886302
CE_KINGSAFETY:0.5
C_PIECESQUARETABLES:0.512875812573947
C_MOBILITY:0.503741309569255
C_KINGSAFETY:0.5120231987486805
C_PAWNSTRUCTURE:0.5
C_PIECECOORDINATION:0.49708274484867876
C_ROOKANDPAWNMOVEMENT:0.49708274484867876
C_CENTERCONTROL:0.5826775319312284
C_DEVELOPPIECES:0.48962932050874236
C_MATERIAL:0.4144686960369719
C_MOVECOUNT:0.5
