ELO:994
CE_PASSEDPAWNS:0.5175938802388894
CE_PAWNWEAKNESSES:0.4851172532168213
CE_PIECEACTIVITY:0.483685798359324
CE_KINGPAWNSHIELD:0.5074768071215733
CE_PIECECOORDINATION:0.5052309411808635
CE_MATERIAL:0.5169957844604913
CE_KINGSAFETY:0.5015605533075781
C_PIECESQUARETABLES:0.5
C_MOBILITY:0.5117598631084014
C_KINGSAFETY:0.496637627822248
C_PAWNSTRUCTURE:0.5194268580841731
C_PIECECOORDINATION:0.5005167703017105
C_ROOK:0.5183532557249665
CE_ROOK:0.5052247785369877
C_CENTERCONTROL:0.5026951318223959
C_DEVELOPPIECES:0.4942422636895953
C_MATERIAL:0.5149889796692314
C_MOVECOUNT:0.5150223290337009
C_PAWNMOVEMENT:0.5140544427662056
