ELO:1035
CE_PASSEDPAWNS:0.4984944715270213
CE_PAWNWEAKNESSES:0.5053483548265357
CE_PIECEACTIVITY:0.5036025187661213
CE_KINGPAWNSHIELD:0.5170938629885469
CE_PIECECOORDINATION:0.49756185016277316
CE_MATERIAL:0.48284076497671363
CE_KINGSAFETY:0.5
C_PIECESQUARETABLES:0.5
C_MOBILITY:0.5
C_KINGSAFETY:0.5067321104029844
C_PAWNSTRUCTURE:0.5014122474366084
C_PIECECOORDINATION:0.5102384125149871
C_ROOK:0.5096048013706082
CE_ROOK:0.4935121825709985
C_CENTERCONTROL:0.5218613973040136
C_DEVELOPPIECES:0.49984471286244797
C_MATERIAL:0.50017904772337
C_MOVECOUNT:0.45921274873085527
C_PAWNMOVEMENT:0.4715682428502351
