ELO:943
CE_PASSEDPAWNS:0.4631718204781037
CE_PAWNWEAKNESSES:0.4966084900338982
CE_PIECEACTIVITY:0.4858773723749012
CE_KINGPAWNSHIELD:0.5053239783837989
CE_PIECECOORDINATION:0.5215612090863068
CE_MATERIAL:0.5017153055634176
CE_KINGSAFETY:0.5061421963627355
C_PIECESQUARETABLES:0.49796311263243576
C_MOBILITY:0.4985175239714874
C_KINGSAFETY:0.49440745002008646
C_PAWNSTRUCTURE:0.47553753309228597
C_PIECECOORDINATION:0.5272994944483467
C_ROOK:0.5026578639176442
CE_ROOK:0.4913119069203517
C_CENTERCONTROL:0.5073414932276453
C_DEVELOPPIECES:0.5155897307202643
C_MATERIAL:0.471411201666721
C_MOVECOUNT:0.5123274337485697
C_PAWNMOVEMENT:0.5001007894048618
