ELO:942
CE_PASSEDPAWNS:0.4631718204781037
CE_PAWNWEAKNESSES:0.49608796247861137
CE_PIECEACTIVITY:0.4887853355909091
CE_KINGPAWNSHIELD:0.5053239783837989
CE_PIECECOORDINATION:0.5215612090863068
CE_MATERIAL:0.5017153055634176
CE_KINGSAFETY:0.5061421963627355
C_PIECESQUARETABLES:0.49796311263243576
C_MOBILITY:0.4985175239714874
C_KINGSAFETY:0.49440745002008646
C_PAWNSTRUCTURE:0.47553753309228597
C_PIECECOORDINATION:0.5376934152797312
C_ROOK:0.5026578639176442
CE_ROOK:0.4913119069203517
C_CENTERCONTROL:0.5073414932276453
C_DEVELOPPIECES:0.519621728795211
C_MATERIAL:0.4637220905626588
C_MOVECOUNT:0.5027704152073506
C_PAWNMOVEMENT:0.5001007894048618
