ELO:858
CE_PASSEDPAWNS:0.4236182847260204
CE_PAWNWEAKNESSES:0.5661761136345212
CE_PIECEACTIVITY:0.4921343493516519
CE_KINGPAWNSHIELD:0.42725446214674867
CE_PIECECOORDINATION:0.48493686059002383
CE_MATERIAL:0.5086999145360047
CE_KINGSAFETY:0.5191354384080793
C_PIECESQUARETABLES:0.47227460166344976
C_MOBILITY:0.5040280336498864
C_KINGSAFETY:0.45740331797860406
C_PAWNSTRUCTURE:0.4946467687125897
C_PIECECOORDINATION:0.4971592874880743
C_ROOKANDPAWNMOVEMENT:0.4971592874880743
C_CENTERCONTROL:0.540342155682073
C_DEVELOPPIECES:0.5374012047020736
C_MATERIAL:0.46397174489045007
C_MOVECOUNT:0.5
