ELO:978
CE_PASSEDPAWNS:0.4675247414821317
CE_PAWNWEAKNESSES:0.47494113604223837
CE_PIECEACTIVITY:0.5234526130677648
CE_KINGPAWNSHIELD:0.4970141201386994
CE_PIECECOORDINATION:0.5241403677687936
CE_MATERIAL:0.46149309699207686
CE_KINGSAFETY:0.47360469673933475
C_PIECESQUARETABLES:0.49748979081093647
C_MOBILITY:0.5070023174471651
C_KINGSAFETY:0.5062983381873069
C_PAWNSTRUCTURE:0.5
C_PIECECOORDINATION:0.5013516520318501
C_ROOK:0.5206624660489713
CE_ROOK:0.4718089386680683
C_CENTERCONTROL:0.5318582225891166
C_DEVELOPPIECES:0.4579448194783339
C_MATERIAL:0.49871879986360423
C_MOVECOUNT:0.5059136999105909
C_PAWNMOVEMENT:0.48808053452842903
