ELO:1000
CE_PASSEDPAWNS:0.5000062397149041
CE_PAWNWEAKNESSES:0.4636571628660712
CE_PIECEACTIVITY:0.4782674553104302
CE_KINGPAWNSHIELD:0.5011731224798679
CE_PIECECOORDINATION:0.49262607374559475
CE_MATERIAL:0.4282387415007425
CE_KINGSAFETY:0.5251208079941756
C_PIECESQUARETABLES:0.4780687636227777
C_MOBILITY:0.5047790602831784
C_KINGSAFETY:0.5143616980346295
C_PAWNSTRUCTURE:0.4762736631905163
C_PIECECOORDINATION:0.5039682394879067
C_ROOKANDPAWNMOVEMENT:0.5039682394879067
C_CENTERCONTROL:0.47371083418992094
C_DEVELOPPIECES:0.5012966719911578
C_MATERIAL:0.5520697346616749
