ELO:989
CE_PASSEDPAWNS:0.371120289092516
CE_PAWNWEAKNESSES:0.5116026378186753
CE_PIECEACTIVITY:0.5594978002495871
CE_KINGPAWNSHIELD:0.47296228941213614
CE_PIECECOORDINATION:0.4875123405850348
CE_MATERIAL:0.510952984154501
CE_KINGSAFETY:0.5
C_PIECESQUARETABLES:0.49192087840796267
C_MOBILITY:0.47025853569031645
C_KINGSAFETY:0.5528622555496472
C_PAWNSTRUCTURE:0.32274252938363024
C_PIECECOORDINATION:0.45331938424042056
C_ROOKANDPAWNMOVEMENT:0.45331938424042056
C_CENTERCONTROL:0.35488331713916
C_DEVELOPPIECES:0.47468204607091685
C_MATERIAL:0.6794456301792541
