ELO:841
CE_PASSEDPAWNS:0.5596158464380478
CE_PAWNWEAKNESSES:0.5619922891012512
CE_PIECEACTIVITY:0.4654287851493608
CE_KINGPAWNSHIELD:0.45331551844443924
CE_PIECECOORDINATION:0.47042555380734213
CE_MATERIAL:0.5561332225864506
CE_KINGSAFETY:0.47674212072448097
C_PIECESQUARETABLES:0.5291202031188296
C_MOBILITY:0.5220378109088801
C_KINGSAFETY:0.505427021032588
C_PAWNSTRUCTURE:0.5069934489267579
C_PIECECOORDINATION:0.4681193694234103
C_ROOKANDPAWNMOVEMENT:0.4681193694234103
C_CENTERCONTROL:0.5128138243582886
C_DEVELOPPIECES:0.5504565432105506
C_MATERIAL:0.4848544260885629
C_MOVECOUNT:0.5380886665508748
