ELO:1000
CE_PASSEDPAWNS:0.47936540225047847
CE_PAWNWEAKNESSES:0.5036491995676231
CE_PIECEACTIVITY:0.5424489642953103
CE_KINGPAWNSHIELD:0.49721488727191543
CE_PIECECOORDINATION:0.49215833694198324
CE_MATERIAL:0.4977716368254883
CE_KINGSAFETY:0.5041760435469385
C_PIECESQUARETABLES:0.5002854387880953
C_MOBILITY:0.5084378823336615
C_KINGSAFETY:0.5018500387637902
C_PAWNSTRUCTURE:0.5163775579469284
C_PIECECOORDINATION:0.5630033794243088
C_ROOKANDPAWNMOVEMENT:0.5630033794243088
C_CENTERCONTROL:0.5126127599146777
C_DEVELOPPIECES:0.4904168887668004
C_MATERIAL:0.48051115678976647
