ELO:999
CE_PASSEDPAWNS:0.48685676487215884
CE_PAWNWEAKNESSES:0.4967293958438764
CE_PIECEACTIVITY:0.4910844761326422
CE_KINGPAWNSHIELD:0.487753040826521
CE_PIECECOORDINATION:0.5108684860448962
CE_MATERIAL:0.47959152558517915
CE_KINGSAFETY:0.5
C_PIECESQUARETABLES:0.5
C_MOBILITY:0.4988921237330988
C_KINGSAFETY:0.49440745002008646
C_PAWNSTRUCTURE:0.4925027337814812
C_PIECECOORDINATION:0.5176440927420277
C_ROOK:0.4958619021682919
CE_ROOK:0.4891568952312105
C_CENTERCONTROL:0.5097061219107921
C_DEVELOPPIECES:0.48235580445216464
C_MATERIAL:0.4918570220241463
C_MOVECOUNT:0.5089546770745416
C_PAWNMOVEMENT:0.5147907540876293
