ELO:1027
CE_PASSEDPAWNS:0.519491804661038
CE_PAWNWEAKNESSES:0.5089262315892731
CE_PIECEACTIVITY:0.5
CE_KINGPAWNSHIELD:0.4790292834894403
CE_PIECECOORDINATION:0.49545628155168375
CE_MATERIAL:0.48426420079647864
CE_KINGSAFETY:0.5
C_PIECESQUARETABLES:0.5
C_MOBILITY:0.5
C_KINGSAFETY:0.5207123532506147
C_PAWNSTRUCTURE:0.5128039229412943
C_PIECECOORDINATION:0.5015864202918262
C_ROOK:0.49420521844694215
CE_ROOK:0.49793802045010266
C_CENTERCONTROL:0.5023022803291374
C_DEVELOPPIECES:0.49379823409339246
C_MATERIAL:0.48856032298767915
C_MOVECOUNT:0.4790804045958373
C_PAWNMOVEMENT:0.45705365480330884
