ELO:965
CE_PASSEDPAWNS:0.5
CE_PAWNWEAKNESSES:0.48584998843279814
CE_PIECEACTIVITY:0.49091765915685487
CE_KINGPAWNSHIELD:0.5271780922685442
CE_PIECECOORDINATION:0.4852063996030974
CE_MATERIAL:0.5322793661740729
CE_KINGSAFETY:0.5421420732723408
C_PIECESQUARETABLES:0.49836887927310003
C_MOBILITY:0.5371406670763187
C_KINGSAFETY:0.504429605358975
C_PAWNSTRUCTURE:0.4726164125808313
C_PIECECOORDINATION:0.5025343839627692
C_ROOKANDPAWNMOVEMENT:0.5025343839627692
C_CENTERCONTROL:0.48302734613757237
C_DEVELOPPIECES:0.5108306203571978
C_MATERIAL:0.4754906616588225
C_MOVECOUNT:0.5
