ELO:993
CE_PASSEDPAWNS:0.5175938802388894
CE_PAWNWEAKNESSES:0.47789876329696174
CE_PIECEACTIVITY:0.501534043564216
CE_KINGPAWNSHIELD:0.49892974598043555
CE_PIECECOORDINATION:0.5052309411808635
CE_MATERIAL:0.5169957844604913
CE_KINGSAFETY:0.5015605533075781
C_PIECESQUARETABLES:0.48967443786845577
C_MOBILITY:0.5117598631084014
C_KINGSAFETY:0.4908677393441467
C_PAWNSTRUCTURE:0.5140388997786214
C_PIECECOORDINATION:0.5074288436403664
C_ROOK:0.5183532557249665
CE_ROOK:0.5008061314627976
C_CENTERCONTROL:0.4920168391198642
C_DEVELOPPIECES:0.4923738305105853
C_MATERIAL:0.5119568003401465
C_MOVECOUNT:0.5108905499367721
C_PAWNMOVEMENT:0.5040770429167236
