ELO:990
CE_PASSEDPAWNS:0.5012465273904346
CE_PAWNWEAKNESSES:0.5
CE_PIECEACTIVITY:0.5
CE_KINGPAWNSHIELD:0.510493404398431
CE_PIECECOORDINATION:0.5
CE_MATERIAL:0.5003767533079897
CE_KINGSAFETY:0.5
C_PIECESQUARETABLES:0.5
C_MOBILITY:0.5
C_KINGSAFETY:0.49684684233554177
C_PAWNSTRUCTURE:0.5
C_PIECECOORDINATION:0.4714477087726421
C_ROOKANDPAWNMOVEMENT:0.4714477087726421
C_CENTERCONTROL:0.5122108321498728
C_DEVELOPPIECES:0.5020663037890642
C_MATERIAL:0.5041826710822785
C_MOVECOUNT:0.5
