ELO:1000
CE_PASSEDPAWNS:0.4900610839227412
CE_PAWNWEAKNESSES:0.5118613267254286
CE_PIECEACTIVITY:0.5536735278354089
CE_KINGPAWNSHIELD:0.5010125315150934
CE_PIECECOORDINATION:0.48977269300734005
CE_MATERIAL:0.4930324410664726
CE_KINGSAFETY:0.5041177047851634
C_PIECESQUARETABLES:0.496433713792582
C_MOBILITY:0.5279495915167627
C_KINGSAFETY:0.48994785766564186
C_PAWNSTRUCTURE:0.5039907932396397
C_PIECECOORDINATION:0.5527225279372406
C_ROOKANDPAWNMOVEMENT:0.5527225279372406
C_CENTERCONTROL:0.5310300760509411
C_DEVELOPPIECES:0.49646789811750835
C_MATERIAL:0.47674636322929964
