ELO:1002
CE_PASSEDPAWNS:0.5027230560981786
CE_PAWNWEAKNESSES:0.4872052166016934
CE_PIECEACTIVITY:0.48766799839703256
CE_KINGPAWNSHIELD:0.5309822850842159
CE_PIECECOORDINATION:0.5108684860448962
CE_MATERIAL:0.5175743768444376
CE_KINGSAFETY:0.5
C_PIECESQUARETABLES:0.5
C_MOBILITY:0.5062819623537188
C_KINGSAFETY:0.4804449345539835
C_PAWNSTRUCTURE:0.4925027337814812
C_PIECECOORDINATION:0.5176440927420277
C_ROOK:0.479745591736539
CE_ROOK:0.4891568952312105
C_CENTERCONTROL:0.5097061219107921
C_DEVELOPPIECES:0.4964410949605239
C_MATERIAL:0.5131654886357258
C_MOVECOUNT:0.4916289891068704
C_PAWNMOVEMENT:0.47162652793007026
