ELO:878
CE_PASSEDPAWNS:0.4366407981573995
CE_PAWNWEAKNESSES:0.5746629614520671
CE_PIECEACTIVITY:0.47945708602340714
CE_KINGPAWNSHIELD:0.4090432520864762
CE_PIECECOORDINATION:0.4829217640523697
CE_MATERIAL:0.5044402913788708
CE_KINGSAFETY:0.528265737391191
C_PIECESQUARETABLES:0.48593049809924177
C_MOBILITY:0.48300487780382
C_KINGSAFETY:0.46075931624341776
C_PAWNSTRUCTURE:0.48756564955037857
C_PIECECOORDINATION:0.4962204316678793
C_ROOKANDPAWNMOVEMENT:0.4962204316678793
C_CENTERCONTROL:0.5075752410750962
C_DEVELOPPIECES:0.5108359320010929
C_MATERIAL:0.45985823367037043
C_MOVECOUNT:0.5
