ELO:1000
CE_PASSEDPAWNS:0.5007434376771324
CE_PAWNWEAKNESSES:0.5004067505512055
CE_PIECEACTIVITY:0.5371371974468789
CE_KINGPAWNSHIELD:0.5062227749858611
CE_PIECECOORDINATION:0.5065180784717827
CE_MATERIAL:0.4904415961837459
CE_KINGSAFETY:0.48861892118861855
C_PIECESQUARETABLES:0.5085764549924697
C_MOBILITY:0.5154233927876941
C_KINGSAFETY:0.5121238003263422
C_PAWNSTRUCTURE:0.5156587944249814
C_PIECECOORDINATION:0.5578039333476418
C_ROOKANDPAWNMOVEMENT:0.5578039333476418
C_CENTERCONTROL:0.49909310305976806
C_DEVELOPPIECES:0.482218996235735
C_MATERIAL:0.4702584050990658
