ELO:1023
CE_PASSEDPAWNS:0.5
CE_PAWNWEAKNESSES:0.49114809463795345
CE_PIECEACTIVITY:0.4965505666147582
CE_KINGPAWNSHIELD:0.5
CE_PIECECOORDINATION:0.5
CE_MATERIAL:0.5091984028686514
CE_KINGSAFETY:0.5
C_PIECESQUARETABLES:0.49341126379572564
C_MOBILITY:0.5016421502862384
C_KINGSAFETY:0.5
C_PAWNSTRUCTURE:0.5
C_PIECECOORDINATION:0.5089207074439236
C_ROOKANDPAWNMOVEMENT:0.5089207074439236
C_CENTERCONTROL:0.5
C_DEVELOPPIECES:0.5
C_MATERIAL:0.5
