ELO:973
CE_PASSEDPAWNS:0.4763473209764917
CE_PAWNWEAKNESSES:0.5091588087879751
CE_PIECEACTIVITY:0.4997142913405783
CE_KINGPAWNSHIELD:0.4943400306981202
CE_PIECECOORDINATION:0.47230916557286634
CE_MATERIAL:0.46149309699207686
CE_KINGSAFETY:0.5
C_PIECESQUARETABLES:0.5000604498205349
C_MOBILITY:0.5
C_KINGSAFETY:0.48890142839778666
C_PAWNSTRUCTURE:0.5
C_PIECECOORDINATION:0.5
C_ROOK:0.5173469198900903
CE_ROOK:0.4981342252961008
C_CENTERCONTROL:0.5135904489894263
C_DEVELOPPIECES:0.5099656669858253
C_MATERIAL:0.4998195963006034
C_MOVECOUNT:0.5080705161197966
C_PAWNMOVEMENT:0.5348619120633011
