ELO:1039
CE_PASSEDPAWNS:0.4997917639067602
CE_PAWNWEAKNESSES:0.5
CE_PIECEACTIVITY:0.5
CE_KINGPAWNSHIELD:0.5056031712998099
CE_PIECECOORDINATION:0.5
CE_MATERIAL:0.4920648370979804
CE_KINGSAFETY:0.5
C_PIECESQUARETABLES:0.5
C_MOBILITY:0.5
C_KINGSAFETY:0.5
C_PAWNSTRUCTURE:0.5
C_PIECECOORDINATION:0.5087947627460656
C_ROOK:0.5
CE_ROOK:0.5
C_CENTERCONTROL:0.5
C_DEVELOPPIECES:0.49209357447510227
C_MATERIAL:0.49084586378543854
C_MOVECOUNT:0.5
C_PAWNMOVEMENT:0.5
