ELO:1000
CE_PASSEDPAWNS:0.5049439096672417
CE_PAWNWEAKNESSES:0.48750212433264284
CE_PIECEACTIVITY:0.47524597335395835
CE_KINGPAWNSHIELD:0.5080002503574418
CE_PIECECOORDINATION:0.48352529696826313
CE_MATERIAL:0.4246257285450175
CE_KINGSAFETY:0.5127732585548814
C_PIECESQUARETABLES:0.47342655069650735
C_MOBILITY:0.5111687084133767
C_KINGSAFETY:0.5110987510536479
C_PAWNSTRUCTURE:0.4762736631905163
C_PIECECOORDINATION:0.5039682394879067
C_ROOKANDPAWNMOVEMENT:0.5039682394879067
C_CENTERCONTROL:0.46052269083757813
C_DEVELOPPIECES:0.4899461240555599
C_MATERIAL:0.5609544870349622
