ELO:1007
CE_PASSEDPAWNS:0.5237497038828881
CE_PAWNWEAKNESSES:0.49110875076286015
CE_PIECEACTIVITY:0.4868367018301459
CE_KINGPAWNSHIELD:0.5082752360963054
CE_PIECECOORDINATION:0.5053223456183804
CE_MATERIAL:0.5175743768444376
CE_KINGSAFETY:0.5
C_PIECESQUARETABLES:0.5
C_MOBILITY:0.4937456117851953
C_KINGSAFETY:0.4896636760931384
C_PAWNSTRUCTURE:0.48167373120351514
C_PIECECOORDINATION:0.5
C_ROOK:0.5093412112662572
CE_ROOK:0.4721512202863491
C_CENTERCONTROL:0.5097061219107921
C_DEVELOPPIECES:0.49173558182974186
C_MATERIAL:0.47294475406579567
C_MOVECOUNT:0.4916289891068704
C_PAWNMOVEMENT:0.47162652793007026
