ELO:991
CE_PASSEDPAWNS:0.5172142507225177
CE_PAWNWEAKNESSES:0.47554549143288977
CE_PIECEACTIVITY:0.501534043564216
CE_KINGPAWNSHIELD:0.49892974598043555
CE_PIECECOORDINATION:0.5083378776225138
CE_MATERIAL:0.5169957844604913
CE_KINGSAFETY:0.5115883867374607
C_PIECESQUARETABLES:0.48967443786845577
C_MOBILITY:0.5127721274175706
C_KINGSAFETY:0.4908677393441467
C_PAWNSTRUCTURE:0.5140388997786214
C_PIECECOORDINATION:0.5189692361669916
C_ROOK:0.507193163954067
CE_ROOK:0.5008061314627976
C_CENTERCONTROL:0.4920168391198642
C_DEVELOPPIECES:0.5006241851502293
C_MATERIAL:0.5070043979534633
C_MOVECOUNT:0.5096190302779703
C_PAWNMOVEMENT:0.5040770429167236
