ELO:952
CE_PASSEDPAWNS:0.4670659290781482
CE_PAWNWEAKNESSES:0.4951769731602345
CE_PIECEACTIVITY:0.5756483993392507
CE_KINGPAWNSHIELD:0.5
CE_PIECECOORDINATION:0.4852063996030974
CE_MATERIAL:0.5013727966328142
CE_KINGSAFETY:0.4943610981901461
C_PIECESQUARETABLES:0.48467746130073563
C_MOBILITY:0.4722986666646817
C_KINGSAFETY:0.49431808922375436
C_PAWNSTRUCTURE:0.5085048496892141
C_PIECECOORDINATION:0.5023106483287432
C_ROOKANDPAWNMOVEMENT:0.5023106483287432
C_CENTERCONTROL:0.48777204083776526
C_DEVELOPPIECES:0.5159678708616062
C_MATERIAL:0.492898480860518
C_MOVECOUNT:0.5
