ELO:885
CE_PASSEDPAWNS:0.556756334048527
CE_PAWNWEAKNESSES:0.5663555609703234
CE_PIECEACTIVITY:0.45790243355467386
CE_KINGPAWNSHIELD:0.45380935522512317
CE_PIECECOORDINATION:0.48309356627594774
CE_MATERIAL:0.5419444155523111
CE_KINGSAFETY:0.4692649684413061
C_PIECESQUARETABLES:0.5204383714775326
C_MOBILITY:0.5324580924235898
C_KINGSAFETY:0.5252042906126365
C_PAWNSTRUCTURE:0.48958536074357634
C_PIECECOORDINATION:0.45286550487240723
C_ROOKANDPAWNMOVEMENT:0.45286550487240723
C_CENTERCONTROL:0.5251122804077042
C_DEVELOPPIECES:0.5615924979253613
C_MATERIAL:0.49417336112266325
C_MOVECOUNT:0.5362116612491437
