ELO:946
CE_PASSEDPAWNS:0.4631718204781037
CE_PAWNWEAKNESSES:0.4966084900338982
CE_PIECEACTIVITY:0.4858773723749012
CE_KINGPAWNSHIELD:0.4847274475285898
CE_PIECECOORDINATION:0.5215612090863068
CE_MATERIAL:0.5017153055634176
CE_KINGSAFETY:0.5047474466534935
C_PIECESQUARETABLES:0.5004408609868047
C_MOBILITY:0.4985175239714874
C_KINGSAFETY:0.49440745002008646
C_PAWNSTRUCTURE:0.4807325294608622
C_PIECECOORDINATION:0.5176440927420277
C_ROOK:0.5026578639176442
CE_ROOK:0.4891568952312105
C_CENTERCONTROL:0.5073414932276453
C_DEVELOPPIECES:0.5090476640875852
C_MATERIAL:0.4597006618265867
C_MOVECOUNT:0.5123274337485697
C_PAWNMOVEMENT:0.5001007894048618
