ELO:925
CE_PASSEDPAWNS:0.5001369397258503
CE_PAWNWEAKNESSES:0.4918575828978792
CE_PIECEACTIVITY:0.5068694198135713
CE_KINGPAWNSHIELD:0.5232592014968075
CE_PIECECOORDINATION:0.5124264910522127
CE_MATERIAL:0.4921306922331611
CE_KINGSAFETY:0.5
C_PIECESQUARETABLES:0.49984426752075256
C_MOBILITY:0.4947522613511654
C_KINGSAFETY:0.5033018557036233
C_PAWNSTRUCTURE:0.47265856058775596
C_PIECECOORDINATION:0.49395050079307395
C_ROOKANDPAWNMOVEMENT:0.49395050079307395
C_CENTERCONTROL:0.5019856938124246
C_DEVELOPPIECES:0.4954245414779069
C_MATERIAL:0.47253054620243784
C_MOVECOUNT:0.46632570776136123
