ELO:977
CE_PASSEDPAWNS:0.5049545957359637
CE_PAWNWEAKNESSES:0.5035392195198948
CE_PIECEACTIVITY:0.49181349303177796
CE_KINGPAWNSHIELD:0.5105117831798806
CE_PIECECOORDINATION:0.5
CE_MATERIAL:0.49170066858138717
CE_KINGSAFETY:0.5
C_PIECESQUARETABLES:0.5
C_MOBILITY:0.4989304354334857
C_KINGSAFETY:0.5112569999594444
C_PAWNSTRUCTURE:0.5126996148334191
C_PIECECOORDINATION:0.5047348336718358
C_ROOKANDPAWNMOVEMENT:0.5047348336718358
C_CENTERCONTROL:0.497510168633722
C_DEVELOPPIECES:0.5
C_MATERIAL:0.493991737384066
C_MOVECOUNT:0.4902304920930562
