ELO:962
CE_PASSEDPAWNS:0.47996202264533033
CE_PAWNWEAKNESSES:0.5133026354286281
CE_PIECEACTIVITY:0.46947722635478095
CE_KINGPAWNSHIELD:0.5445537972396693
CE_PIECECOORDINATION:0.4123857816431903
CE_MATERIAL:0.5199115001372538
CE_KINGSAFETY:0.4573684011618074
C_PIECESQUARETABLES:0.48434387131117873
C_MOBILITY:0.5848338671659791
C_KINGSAFETY:0.586796123729736
C_PAWNSTRUCTURE:0.47294892878968914
C_PIECECOORDINATION:0.578543186117924
C_ROOKANDPAWNMOVEMENT:0.578543186117924
C_CENTERCONTROL:0.49189824198830784
C_DEVELOPPIECES:0.5206977227208432
C_MATERIAL:0.5094370779842808
