ELO:916
CE_PASSEDPAWNS:0.533482997799431
CE_PAWNWEAKNESSES:0.48885408062657426
CE_PIECEACTIVITY:0.4657922938150905
CE_KINGPAWNSHIELD:0.532838346917902
CE_PIECECOORDINATION:0.4587791279776778
CE_MATERIAL:0.5963816615960975
CE_KINGSAFETY:0.48814557846989876
C_PIECESQUARETABLES:0.5068776915520394
C_MOBILITY:0.516400964829138
C_KINGSAFETY:0.4696765428449294
C_PAWNSTRUCTURE:0.5379133556142267
C_PIECECOORDINATION:0.599574173133232
C_ROOKANDPAWNMOVEMENT:0.599574173133232
C_CENTERCONTROL:0.46976154120268226
C_DEVELOPPIECES:0.4102868878735127
C_MATERIAL:0.5289738474490185
