ELO:986
CE_PASSEDPAWNS:0.5652259038778313
CE_PAWNWEAKNESSES:0.49337710389392647
CE_PIECEACTIVITY:0.49604328062014
CE_KINGPAWNSHIELD:0.5270458178409093
CE_PIECECOORDINATION:0.48686874172598493
CE_MATERIAL:0.5412225487026662
CE_KINGSAFETY:0.5
C_PIECESQUARETABLES:0.5
C_MOBILITY:0.4319294735918457
C_KINGSAFETY:0.5643472167510983
C_PAWNSTRUCTURE:0.5095337479447881
C_PIECECOORDINATION:0.4748589286985623
C_ROOKANDPAWNMOVEMENT:0.4748589286985623
C_CENTERCONTROL:0.530441273162796
C_DEVELOPPIECES:0.4879042955218327
C_MATERIAL:0.5374631494969454
