ELO:967
CE_PASSEDPAWNS:0.4829297805031041
CE_PAWNWEAKNESSES:0.5149938653169425
CE_PIECEACTIVITY:0.5039673853736892
CE_KINGPAWNSHIELD:0.5
CE_PIECECOORDINATION:0.5032472015836975
CE_MATERIAL:0.5408265009332698
CE_KINGSAFETY:0.5027924321561101
C_PIECESQUARETABLES:0.5067726404763612
C_MOBILITY:0.4729067805506167
C_KINGSAFETY:0.5032812664234233
C_PAWNSTRUCTURE:0.4887796659645298
C_PIECECOORDINATION:0.5089119274797127
C_ROOKANDPAWNMOVEMENT:0.5089119274797127
C_CENTERCONTROL:0.5440894953718634
C_DEVELOPPIECES:0.5046495532891753
C_MATERIAL:0.4926872861085651
C_MOVECOUNT:0.5
