ELO:954
CE_PASSEDPAWNS:0.49069848707765534
CE_PAWNWEAKNESSES:0.5111255590335829
CE_PIECEACTIVITY:0.49209138068274244
CE_KINGPAWNSHIELD:0.5124798214016576
CE_PIECECOORDINATION:0.5032095523794581
CE_MATERIAL:0.4657442350911851
CE_KINGSAFETY:0.5107901887134703
C_PIECESQUARETABLES:0.5023445535081787
C_MOBILITY:0.4969538060162124
C_KINGSAFETY:0.4855842291760051
C_PAWNSTRUCTURE:0.4759988249029302
C_PIECECOORDINATION:0.4869823179722469
C_ROOKANDPAWNMOVEMENT:0.4869823179722469
C_CENTERCONTROL:0.5144167604479708
C_DEVELOPPIECES:0.5
C_MATERIAL:0.4858034152849999
