ELO:1072
CE_PASSEDPAWNS:0.4271339491974158
CE_PAWNWEAKNESSES:0.46526033111743226
CE_PIECEACTIVITY:0.5146531230236365
CE_KINGPAWNSHIELD:0.45650218578954405
CE_PIECECOORDINATION:0.5245974958184386
CE_MATERIAL:0.4874072947026655
CE_KINGSAFETY:0.5
C_PIECESQUARETABLES:0.5
C_MOBILITY:0.5741900549396723
C_KINGSAFETY:0.38760738330964906
C_PAWNSTRUCTURE:0.534045671271604
C_PIECECOORDINATION:0.5275579050514778
C_ROOKANDPAWNMOVEMENT:0.5275579050514778
C_CENTERCONTROL:0.5200534090186267
C_DEVELOPPIECES:0.4725698550021297
C_MATERIAL:0.622840321325036
