ELO:1042
CE_PASSEDPAWNS:0.5371827852592099
CE_PAWNWEAKNESSES:0.46526033111743226
CE_PIECEACTIVITY:0.4249411783250235
CE_KINGPAWNSHIELD:0.5243436313806302
CE_PIECECOORDINATION:0.5633060168617502
CE_MATERIAL:0.4653665795440101
CE_KINGSAFETY:0.5
C_PIECESQUARETABLES:0.5
C_MOBILITY:0.54585005835754
C_KINGSAFETY:0.4598050911355462
C_PAWNSTRUCTURE:0.4765831040074254
C_PIECECOORDINATION:0.4494020261664966
C_ROOKANDPAWNMOVEMENT:0.4494020261664966
C_CENTERCONTROL:0.5482880801453185
C_DEVELOPPIECES:0.4725698550021297
C_MATERIAL:0.622840321325036
