ELO:738
CE_PASSEDPAWNS:0.4875775126433741
CE_PAWNWEAKNESSES:0.5188463539613409
CE_PIECEACTIVITY:0.523381715158546
CE_KINGPAWNSHIELD:0.5409868285064175
CE_PIECECOORDINATION:0.506857204521379
CE_MATERIAL:0.4480607333798508
CE_KINGSAFETY:0.4910598122327191
C_PIECESQUARETABLES:0.4814125772352281
C_MOBILITY:0.5201703582961101
C_KINGSAFETY:0.44161913164736644
C_PAWNSTRUCTURE:0.5110072939902798
C_PIECECOORDINATION:0.5665187828437636
C_ROOKANDPAWNMOVEMENT:0.5665187828437636
C_CENTERCONTROL:0.43974830351937505
C_DEVELOPPIECES:0.45723365881928574
C_MATERIAL:0.54524575779693
C_MOVECOUNT:0.5050827298607946
