ELO:1017
CE_PASSEDPAWNS:0.5
CE_PAWNWEAKNESSES:0.5
CE_PIECEACTIVITY:0.48822232335085897
CE_KINGPAWNSHIELD:0.49650810086456093
CE_PIECECOORDINATION:0.5045085376771504
CE_MATERIAL:0.5103356977943679
CE_KINGSAFETY:0.48859828092697205
C_PIECESQUARETABLES:0.4926557213015055
C_MOBILITY:0.5
C_KINGSAFETY:0.4947084079016641
C_PAWNSTRUCTURE:0.5
C_PIECECOORDINATION:0.5
C_ROOKANDPAWNMOVEMENT:0.5
C_CENTERCONTROL:0.4982094233513066
C_DEVELOPPIECES:0.5
C_MATERIAL:0.5
C_MOVECOUNT:0.5
