ELO:1000
CE_PASSEDPAWNS:0.5
CE_PAWNWEAKNESSES:0.5
CE_PIECEACTIVITY:0.49265745022550284
CE_KINGPAWNSHIELD:0.5
CE_PIECECOORDINATION:0.5
CE_MATERIAL:0.5
CE_KINGSAFETY:0.4987604935308791
C_PIECESQUARETABLES:0.5
C_MOBILITY:0.5065557945419673
C_KINGSAFETY:0.5039171965890433
C_PAWNSTRUCTURE:0.5006244744786102
C_PIECECOORDINATION:0.5
C_ROOKANDPAWNMOVEMENT:0.5
C_CENTERCONTROL:0.5000044789940135
C_DEVELOPPIECES:0.5160850154089203
C_MATERIAL:0.5
