ELO:999
CE_PASSEDPAWNS:0.4957472838810414
CE_PAWNWEAKNESSES:0.5110204133723
CE_PIECEACTIVITY:0.5059596585656299
CE_KINGPAWNSHIELD:0.4927441501965006
CE_PIECECOORDINATION:0.5065772704820973
CE_MATERIAL:0.5031874351655932
CE_KINGSAFETY:0.5
C_PIECESQUARETABLES:0.5
C_MOBILITY:0.48304155941452737
C_KINGSAFETY:0.4980266686772223
C_PAWNSTRUCTURE:0.5066855380668184
C_PIECECOORDINATION:0.5111726074776907
C_ROOK:0.47658539112693116
CE_ROOK:0.5237403493380002
C_CENTERCONTROL:0.5026364689735038
C_DEVELOPPIECES:0.5013568743005435
C_MATERIAL:0.504544232430535
C_MOVECOUNT:0.49055290367008814
C_PAWNMOVEMENT:0.5
