ELO:1000
CE_PASSEDPAWNS:0.5308665729208867
CE_PAWNWEAKNESSES:0.49627016637282156
CE_PIECEACTIVITY:0.5086875039698021
CE_KINGPAWNSHIELD:0.5073004129045341
CE_PIECECOORDINATION:0.48323899912513124
CE_MATERIAL:0.5504692861050571
CE_KINGSAFETY:0.4969058181750368
C_PIECESQUARETABLES:0.5523273159960377
C_MOBILITY:0.47270950786483273
C_KINGSAFETY:0.5448834053563851
C_PAWNSTRUCTURE:0.5324308503248009
C_PIECECOORDINATION:0.511070848309843
C_ROOKANDPAWNMOVEMENT:0.511070848309843
C_CENTERCONTROL:0.49428078090300004
C_DEVELOPPIECES:0.5344249006460188
C_MATERIAL:0.5380771150956959
