ELO:998
CE_PASSEDPAWNS:0.5602430916051334
CE_PAWNWEAKNESSES:0.4706987339299131
CE_PIECEACTIVITY:0.4446588358862647
CE_KINGPAWNSHIELD:0.48210503734625865
CE_PIECECOORDINATION:0.47651521263576313
CE_MATERIAL:0.5594734521314645
CE_KINGSAFETY:0.5069593999004666
C_PIECESQUARETABLES:0.5053276455626337
C_MOBILITY:0.430092342704317
C_KINGSAFETY:0.606761552887472
C_PAWNSTRUCTURE:0.5485481309914901
C_PIECECOORDINATION:0.47655694428399625
C_ROOKANDPAWNMOVEMENT:0.47655694428399625
C_CENTERCONTROL:0.5538701028609668
C_DEVELOPPIECES:0.5198905414100117
C_MATERIAL:0.5258618053115212
