ELO:985
CE_PASSEDPAWNS:0.5
CE_PAWNWEAKNESSES:0.47498222683389063
CE_PIECEACTIVITY:0.49947067892769287
CE_KINGPAWNSHIELD:0.48667046256918495
CE_PIECECOORDINATION:0.5025430425797162
CE_MATERIAL:0.5006594720198039
CE_KINGSAFETY:0.5
C_PIECESQUARETABLES:0.49941528887542963
C_MOBILITY:0.528586600939167
C_KINGSAFETY:0.5023232661064838
C_PAWNSTRUCTURE:0.5063741048221523
C_PIECECOORDINATION:0.5240553831216296
C_ROOKANDPAWNMOVEMENT:0.5240553831216296
C_CENTERCONTROL:0.49115825600591
C_DEVELOPPIECES:0.5116304405101404
C_MATERIAL:0.4927650949711808
C_MOVECOUNT:0.5
