ELO:821
CE_PASSEDPAWNS:0.6318019097633892
CE_PAWNWEAKNESSES:0.5632455544535766
CE_PIECEACTIVITY:0.4972048156868541
CE_KINGPAWNSHIELD:0.6605062918801853
CE_PIECECOORDINATION:0.4343515200816351
CE_MATERIAL:0.41942259990740777
CE_KINGSAFETY:0.5565396566151318
C_PIECESQUARETABLES:0.4596776476035997
C_MOBILITY:0.5622368230678845
C_KINGSAFETY:0.4622772016234161
C_PAWNSTRUCTURE:0.4726633166541328
C_PIECECOORDINATION:0.49124875809504015
C_ROOKANDPAWNMOVEMENT:0.49124875809504015
C_CENTERCONTROL:0.48379806418218063
C_DEVELOPPIECES:0.49691205679836853
C_MATERIAL:0.4233528564853978
