ELO:1041
CE_PASSEDPAWNS:0.4575949883343276
CE_PAWNWEAKNESSES:0.46526033111743226
CE_PIECEACTIVITY:0.42506633836760355
CE_KINGPAWNSHIELD:0.5188814387178736
CE_PIECECOORDINATION:0.5147918056404461
CE_MATERIAL:0.4653665795440101
CE_KINGSAFETY:0.4700862998769346
C_PIECESQUARETABLES:0.5
C_MOBILITY:0.3728157766794673
C_KINGSAFETY:0.43413540679038304
C_PAWNSTRUCTURE:0.5213888758850086
C_PIECECOORDINATION:0.5554154193301939
C_ROOKANDPAWNMOVEMENT:0.5554154193301939
C_CENTERCONTROL:0.5482880801453185
C_DEVELOPPIECES:0.49271680245207605
C_MATERIAL:0.630760854865
