ELO:990
CE_PASSEDPAWNS:0.5085955403787038
CE_PAWNWEAKNESSES:0.5464457748428824
CE_PIECEACTIVITY:0.4352395380382877
CE_KINGPAWNSHIELD:0.49437519354533815
CE_PIECECOORDINATION:0.5647103580781052
CE_MATERIAL:0.5046583873322023
CE_KINGSAFETY:0.4892271555190104
C_PIECESQUARETABLES:0.500358571780144
C_MOBILITY:0.48316953579795663
C_KINGSAFETY:0.5637124756454575
C_PAWNSTRUCTURE:0.4795429658710964
C_PIECECOORDINATION:0.4026853207235693
C_ROOKANDPAWNMOVEMENT:0.4026853207235693
C_CENTERCONTROL:0.5222252245690356
C_DEVELOPPIECES:0.49876405069550084
C_MATERIAL:0.4922843087700592
