ELO:979
CE_PASSEDPAWNS:0.48104005447197234
CE_PAWNWEAKNESSES:0.5455983522164131
CE_PIECEACTIVITY:0.5184076309445452
CE_KINGPAWNSHIELD:0.4614292118960679
CE_PIECECOORDINATION:0.5030658524628098
CE_MATERIAL:0.5036390702603901
CE_KINGSAFETY:0.5
C_PIECESQUARETABLES:0.5024414563048294
C_MOBILITY:0.4838322175608395
C_KINGSAFETY:0.5224757601071585
C_PAWNSTRUCTURE:0.4475307980337445
C_PIECECOORDINATION:0.5191043289190012
C_ROOK:0.509883855095286
CE_ROOK:0.4908242390318528
C_CENTERCONTROL:0.47699152365001585
C_DEVELOPPIECES:0.49644317872294597
C_MATERIAL:0.48105616267008305
C_MOVECOUNT:0.49138791883839517
C_PAWNMOVEMENT:0.5092784877705383
