ELO:982
CE_PASSEDPAWNS:0.491803846374484
CE_PAWNWEAKNESSES:0.5
CE_PIECEACTIVITY:0.4892192493977946
CE_KINGPAWNSHIELD:0.5156038570911797
CE_PIECECOORDINATION:0.5
CE_MATERIAL:0.5141297497886855
CE_KINGSAFETY:0.5032842318365794
C_PIECESQUARETABLES:0.4801432547645735
C_MOBILITY:0.49036983247746724
C_KINGSAFETY:0.4941708505888424
C_PAWNSTRUCTURE:0.5046496353329628
C_PIECECOORDINATION:0.5158559406828033
C_ROOKANDPAWNMOVEMENT:0.5158559406828033
C_CENTERCONTROL:0.4828791831877159
C_DEVELOPPIECES:0.5213352523344351
C_MATERIAL:0.4966244320792229
