ELO:928
CE_PASSEDPAWNS:0.4817969045162533
CE_PAWNWEAKNESSES:0.46445334382934367
CE_PIECEACTIVITY:0.5542242067639869
CE_KINGPAWNSHIELD:0.5332796974007351
CE_PIECECOORDINATION:0.5444548329704744
CE_MATERIAL:0.5119716714440166
CE_KINGSAFETY:0.5
C_PIECESQUARETABLES:0.5058052498166508
C_MOBILITY:0.4821154232416008
C_KINGSAFETY:0.49312944201092873
C_PAWNSTRUCTURE:0.5018083655915678
C_PIECECOORDINATION:0.5469811944753571
C_ROOK:0.5100783529338295
CE_ROOK:0.5095970837639285
C_CENTERCONTROL:0.5047226692606631
C_DEVELOPPIECES:0.4616925582297149
C_MATERIAL:0.5304925546224881
C_MOVECOUNT:0.5077169514434003
C_PAWNMOVEMENT:0.5119805179345649
