ELO:908
CE_PASSEDPAWNS:0.5097164932663995
CE_PAWNWEAKNESSES:0.5576910770064064
CE_PIECEACTIVITY:0.4290491899809753
CE_KINGPAWNSHIELD:0.5070009394614932
CE_PIECECOORDINATION:0.5910736468587336
CE_MATERIAL:0.5341887252496591
CE_KINGSAFETY:0.5468687273506253
C_PIECESQUARETABLES:0.5085083971419241
C_MOBILITY:0.4046459560122522
C_KINGSAFETY:0.5420114777010233
C_PAWNSTRUCTURE:0.5666453130369374
C_PIECECOORDINATION:0.40230249663818246
C_ROOKANDPAWNMOVEMENT:0.40230249663818246
C_CENTERCONTROL:0.41435368409146717
C_DEVELOPPIECES:0.5041297703500688
C_MATERIAL:0.5300605287248632
