ELO:1047
CE_PASSEDPAWNS:0.43614387835359075
CE_PAWNWEAKNESSES:0.4985534165637085
CE_PIECEACTIVITY:0.4318476424852504
CE_KINGPAWNSHIELD:0.4628065437446107
CE_PIECECOORDINATION:0.532691344258474
CE_MATERIAL:0.5314539059142014
CE_KINGSAFETY:0.5
C_PIECESQUARETABLES:0.5
C_MOBILITY:0.38199997811389763
C_KINGSAFETY:0.3612025180063923
C_PAWNSTRUCTURE:0.6098112579911965
C_PIECECOORDINATION:0.49350886085864354
C_ROOKANDPAWNMOVEMENT:0.49350886085864354
C_CENTERCONTROL:0.5040604191381173
C_DEVELOPPIECES:0.5383789246600317
C_MATERIAL:0.5627418685303461
