ELO:1169
CE_PASSEDPAWNS:0.503008398271709
CE_PAWNWEAKNESSES:0.45435529719210543
CE_PIECEACTIVITY:0.5785351381383929
CE_KINGPAWNSHIELD:0.44600764767306644
CE_PIECECOORDINATION:0.4000339688605239
CE_MATERIAL:0.498316981915067
CE_KINGSAFETY:0.5
C_PIECESQUARETABLES:0.5
C_MOBILITY:0.5649940699021165
C_KINGSAFETY:0.38961952488319945
C_PAWNSTRUCTURE:0.62436365227218
C_PIECECOORDINATION:0.5836305981213538
C_ROOKANDPAWNMOVEMENT:0.5836305981213538
C_CENTERCONTROL:0.5200534090186267
C_DEVELOPPIECES:0.43315964958583353
C_MATERIAL:0.624181433609084
