ELO:1093
CE_PASSEDPAWNS:0.503008398271709
CE_PAWNWEAKNESSES:0.45435529719210543
CE_PIECEACTIVITY:0.5975814565428466
CE_KINGPAWNSHIELD:0.44992813898683515
CE_PIECECOORDINATION:0.46544225017118723
CE_MATERIAL:0.4874072947026655
CE_KINGSAFETY:0.5
C_PIECESQUARETABLES:0.5
C_MOBILITY:0.5649940699021165
C_KINGSAFETY:0.4381987005232809
C_PAWNSTRUCTURE:0.62436365227218
C_PIECECOORDINATION:0.5546562877460437
C_ROOKANDPAWNMOVEMENT:0.5546562877460437
C_CENTERCONTROL:0.5685522909256078
C_DEVELOPPIECES:0.5373321718782241
C_MATERIAL:0.6243603211084038
