ELO:1018
CE_PASSEDPAWNS:0.4575949883343276
CE_PAWNWEAKNESSES:0.44542974891888637
CE_PIECEACTIVITY:0.42795353385783524
CE_KINGPAWNSHIELD:0.45307231851143737
CE_PIECECOORDINATION:0.46544225017118723
CE_MATERIAL:0.5553341547308711
CE_KINGSAFETY:0.5
C_PIECESQUARETABLES:0.5
C_MOBILITY:0.5649940699021165
C_KINGSAFETY:0.43857488456320043
C_PAWNSTRUCTURE:0.6059616060781821
C_PIECECOORDINATION:0.5780803163293589
C_ROOKANDPAWNMOVEMENT:0.5780803163293589
C_CENTERCONTROL:0.3976101602692124
C_DEVELOPPIECES:0.43661531002416915
C_MATERIAL:0.6201906658387899
