ELO:1030
CE_PASSEDPAWNS:0.49675427092603747
CE_PAWNWEAKNESSES:0.5
CE_PIECEACTIVITY:0.5030412710002744
CE_KINGPAWNSHIELD:0.4860195215794199
CE_PIECECOORDINATION:0.4903443556680615
CE_MATERIAL:0.47287217400156967
CE_KINGSAFETY:0.5
C_PIECESQUARETABLES:0.5
C_MOBILITY:0.510417670057226
C_KINGSAFETY:0.5010648368026067
C_PAWNSTRUCTURE:0.4977463802373906
C_PIECECOORDINATION:0.5056421834671245
C_ROOKANDPAWNMOVEMENT:0.5056421834671245
C_CENTERCONTROL:0.49679056203078675
C_DEVELOPPIECES:0.5085469026673964
C_MATERIAL:0.47194557131657083
C_MOVECOUNT:0.4978195245944477
