ELO:1003
CE_PASSEDPAWNS:0.5022995262729496
CE_PAWNWEAKNESSES:0.49824916557964827
CE_PIECEACTIVITY:0.48733990602828037
CE_KINGPAWNSHIELD:0.5139445157674263
CE_PIECECOORDINATION:0.4968220738977996
CE_MATERIAL:0.4659111715581138
CE_KINGSAFETY:0.48916583739819397
C_PIECESQUARETABLES:0.5
C_MOBILITY:0.4886089924435106
C_KINGSAFETY:0.4979248670429261
C_PAWNSTRUCTURE:0.4790459994356022
C_PIECECOORDINATION:0.5022691304614819
C_ROOKANDPAWNMOVEMENT:0.5022691304614819
C_CENTERCONTROL:0.5068339786732192
C_DEVELOPPIECES:0.4685989444400152
C_MATERIAL:0.5168320576365488
C_MOVECOUNT:0.5
