ELO:964
CE_PASSEDPAWNS:0.5015503249344021
CE_PAWNWEAKNESSES:0.4826729850150419
CE_PIECEACTIVITY:0.489616902365977
CE_KINGPAWNSHIELD:0.4946468461785697
CE_PIECECOORDINATION:0.5109723431650761
CE_MATERIAL:0.4620083338923646
CE_KINGSAFETY:0.5361113271561233
C_PIECESQUARETABLES:0.4865776014409507
C_MOBILITY:0.5071876657750513
C_KINGSAFETY:0.46364143602333446
C_PAWNSTRUCTURE:0.4646339917595916
C_PIECECOORDINATION:0.47863736635034193
C_ROOKANDPAWNMOVEMENT:0.47863736635034193
C_CENTERCONTROL:0.5037509206617431
C_DEVELOPPIECES:0.5345156241423682
C_MATERIAL:0.46812233428126154
