ELO:1000
CE_PASSEDPAWNS:0.5268280896563617
CE_PAWNWEAKNESSES:0.4777362003326846
CE_PIECEACTIVITY:0.4866972989446912
CE_KINGPAWNSHIELD:0.5286999606219224
CE_PIECECOORDINATION:0.5026570793822008
CE_MATERIAL:0.5489263785228196
CE_KINGSAFETY:0.4919102124771343
C_PIECESQUARETABLES:0.5561496133633237
C_MOBILITY:0.4250996645885502
C_KINGSAFETY:0.5450661122273788
C_PAWNSTRUCTURE:0.5506738551150967
C_PIECECOORDINATION:0.4568096640751564
C_ROOKANDPAWNMOVEMENT:0.4568096640751564
C_CENTERCONTROL:0.49743764309790295
C_DEVELOPPIECES:0.5088432009646452
C_MATERIAL:0.5306956449029566
