ELO:1009
CE_PASSEDPAWNS:0.49175550168971605
CE_PAWNWEAKNESSES:0.5049215497710294
CE_PIECEACTIVITY:0.4943168711573135
CE_KINGPAWNSHIELD:0.49794305431971586
CE_PIECECOORDINATION:0.507527815729606
CE_MATERIAL:0.5024558375126439
CE_KINGSAFETY:0.5
C_PIECESQUARETABLES:0.5
C_MOBILITY:0.48572605491068027
C_KINGSAFETY:0.49775373271039214
C_PAWNSTRUCTURE:0.4952045843948466
C_PIECECOORDINATION:0.5211671956087524
C_ROOKANDPAWNMOVEMENT:0.5211671956087524
C_CENTERCONTROL:0.4799011567913346
C_DEVELOPPIECES:0.5176247298013377
C_MATERIAL:0.48088995915915267
C_MOVECOUNT:0.5034646757778793
