ELO:1000
CE_PASSEDPAWNS:0.4910280571652474
CE_PAWNWEAKNESSES:0.47692426862744935
CE_PIECEACTIVITY:0.48374426846791785
CE_KINGPAWNSHIELD:0.5091404435158444
CE_PIECECOORDINATION:0.4969901778242883
CE_MATERIAL:0.5413556515142316
CE_KINGSAFETY:0.48093922496952
C_PIECESQUARETABLES:0.490354057824858
C_MOBILITY:0.5043538490146439
C_KINGSAFETY:0.5063161326073639
C_PAWNSTRUCTURE:0.5040263121296508
C_PIECECOORDINATION:0.49851698949528933
C_ROOKANDPAWNMOVEMENT:0.49851698949528933
C_CENTERCONTROL:0.4885595047302158
C_DEVELOPPIECES:0.5111696001152161
C_MATERIAL:0.4944144683776529
