ELO:1102
CE_PASSEDPAWNS:0.6130940621411644
CE_PAWNWEAKNESSES:0.5942385255537602
CE_PIECEACTIVITY:0.4808620376023064
CE_KINGPAWNSHIELD:0.4774259118591802
CE_PIECECOORDINATION:0.4737132664781656
CE_MATERIAL:0.3963786524687434
CE_KINGSAFETY:0.5
C_PIECESQUARETABLES:0.5
C_MOBILITY:0.4319113179434875
C_KINGSAFETY:0.6084350101235696
C_PAWNSTRUCTURE:0.41040599071577993
C_PIECECOORDINATION:0.482985098415695
C_ROOKANDPAWNMOVEMENT:0.482985098415695
C_CENTERCONTROL:0.5916556751746048
C_DEVELOPPIECES:0.5127704061629614
C_MATERIAL:0.3994269917539153
