ELO:1000
CE_PASSEDPAWNS:0.4861793945298491
CE_PAWNWEAKNESSES:0.5153852724190008
CE_PIECEACTIVITY:0.5487323802712728
CE_KINGPAWNSHIELD:0.4720389491015122
CE_PIECECOORDINATION:0.5072894191244781
CE_MATERIAL:0.49873996681547056
CE_KINGSAFETY:0.5037459219490854
C_PIECESQUARETABLES:0.5
C_MOBILITY:0.4893662740191224
C_KINGSAFETY:0.49133242234223873
C_PAWNSTRUCTURE:0.49119942044049486
C_PIECECOORDINATION:0.5
C_ROOKANDPAWNMOVEMENT:0.5
C_CENTERCONTROL:0.48780944545995614
C_DEVELOPPIECES:0.44423306791518824
C_MATERIAL:0.5053419201010997
C_MOVECOUNT:0.5
