ELO:724
CE_PASSEDPAWNS:0.47865655079589836
CE_PAWNWEAKNESSES:0.5187038566247719
CE_PIECEACTIVITY:0.5401987096164634
CE_KINGPAWNSHIELD:0.5462038734656922
CE_PIECECOORDINATION:0.5110219488594739
CE_MATERIAL:0.44179753007334444
CE_KINGSAFETY:0.4959375817038463
C_PIECESQUARETABLES:0.4942393621774536
C_MOBILITY:0.5150982322290051
C_KINGSAFETY:0.44809329520065466
C_PAWNSTRUCTURE:0.5186104406999561
C_PIECECOORDINATION:0.5117675236301402
C_ROOKANDPAWNMOVEMENT:0.5117675236301402
C_CENTERCONTROL:0.44203557132228694
C_DEVELOPPIECES:0.45974815589660745
C_MATERIAL:0.4910091776225371
C_MOVECOUNT:0.4996112598937882
