ELO:971
CE_PASSEDPAWNS:0.5033763170667452
CE_PAWNWEAKNESSES:0.5404020869627816
CE_PIECEACTIVITY:0.42043538666269065
CE_KINGPAWNSHIELD:0.48564533325819903
CE_PIECECOORDINATION:0.559709046334291
CE_MATERIAL:0.5140507204965208
CE_KINGSAFETY:0.4897172534234847
C_PIECESQUARETABLES:0.4942542259200592
C_MOBILITY:0.48102064659656973
C_KINGSAFETY:0.5576344364490997
C_PAWNSTRUCTURE:0.5095362159989767
C_PIECECOORDINATION:0.43202420303995026
C_ROOKANDPAWNMOVEMENT:0.43202420303995026
C_CENTERCONTROL:0.492741237475034
C_DEVELOPPIECES:0.5154587743643152
C_MATERIAL:0.4893083481908596
