ELO:1026
CE_PASSEDPAWNS:0.5220014652991477
CE_PAWNWEAKNESSES:0.5086530027826172
CE_PIECEACTIVITY:0.46141663230729874
CE_KINGPAWNSHIELD:0.4873640784077908
CE_PIECECOORDINATION:0.46544225017118723
CE_MATERIAL:0.4874072947026655
CE_KINGSAFETY:0.5
C_PIECESQUARETABLES:0.5
C_MOBILITY:0.5444983191960523
C_KINGSAFETY:0.5372343512464813
C_PAWNSTRUCTURE:0.5917108227469081
C_PIECECOORDINATION:0.5827958732663536
C_ROOKANDPAWNMOVEMENT:0.5827958732663536
C_CENTERCONTROL:0.4267101140819242
C_DEVELOPPIECES:0.38631477690984917
C_MATERIAL:0.6242308573948059
