ELO:924
CE_PASSEDPAWNS:0.4089667596357744
CE_PAWNWEAKNESSES:0.4602219056283008
CE_PIECEACTIVITY:0.5290072033139294
CE_KINGPAWNSHIELD:0.49721197053838484
CE_PIECECOORDINATION:0.527459099212295
CE_MATERIAL:0.4688168437300998
CE_KINGSAFETY:0.5
C_PIECESQUARETABLES:0.5
C_MOBILITY:0.5011425683366263
C_KINGSAFETY:0.37307874293539145
C_PAWNSTRUCTURE:0.4240942761817945
C_PIECECOORDINATION:0.49845917780000204
C_ROOKANDPAWNMOVEMENT:0.49845917780000204
C_CENTERCONTROL:0.5
C_DEVELOPPIECES:0.5174175258874848
C_MATERIAL:0.4751528179695072
C_MOVECOUNT:0.5
