ELO:974
CE_PASSEDPAWNS:0.4948772033158801
CE_PAWNWEAKNESSES:0.5028436932148915
CE_PIECEACTIVITY:0.4791295391847689
CE_KINGPAWNSHIELD:0.500126976717249
CE_PIECECOORDINATION:0.49951524690186033
CE_MATERIAL:0.5021765849720332
CE_KINGSAFETY:0.5110244585688158
C_PIECESQUARETABLES:0.5084512382173085
C_MOBILITY:0.504711206904198
C_KINGSAFETY:0.5011231889557018
C_PAWNSTRUCTURE:0.5083267746116565
C_PIECECOORDINATION:0.5
C_ROOKANDPAWNMOVEMENT:0.5
C_CENTERCONTROL:0.49285424507402237
C_DEVELOPPIECES:0.5
C_MATERIAL:0.5
C_MOVECOUNT:0.5
