ELO:955
CE_PASSEDPAWNS:0.503008398271709
CE_PAWNWEAKNESSES:0.4537581106052948
CE_PIECEACTIVITY:0.5156590737302149
CE_KINGPAWNSHIELD:0.5395758693760447
CE_PIECECOORDINATION:0.4004275743097485
CE_MATERIAL:0.4701053431366152
CE_KINGSAFETY:0.5
C_PIECESQUARETABLES:0.5
C_MOBILITY:0.4471731710194883
C_KINGSAFETY:0.5199459320949775
C_PAWNSTRUCTURE:0.5730539124640753
C_PIECECOORDINATION:0.5816814075860856
C_ROOKANDPAWNMOVEMENT:0.5816814075860856
C_CENTERCONTROL:0.40289824313411005
C_DEVELOPPIECES:0.5020277978786326
C_MATERIAL:0.6152375411669072
