ELO:940
CE_PASSEDPAWNS:0.43998619370007874
CE_PAWNWEAKNESSES:0.5268683264775879
CE_PIECEACTIVITY:0.4696748925618129
CE_KINGPAWNSHIELD:0.51045113301888
CE_PIECECOORDINATION:0.4657242205459179
CE_MATERIAL:0.5111411612687886
CE_KINGSAFETY:0.5
C_PIECESQUARETABLES:0.5
C_MOBILITY:0.5499440015741905
C_KINGSAFETY:0.5091691396404701
C_PAWNSTRUCTURE:0.48791500424735196
C_PIECECOORDINATION:0.5575383128629049
C_ROOKANDPAWNMOVEMENT:0.5575383128629049
C_CENTERCONTROL:0.6075109771208803
C_DEVELOPPIECES:0.45143309349574606
C_MATERIAL:0.6089980681523623
