ELO:981
CE_PASSEDPAWNS:0.5297959879744648
CE_PAWNWEAKNESSES:0.5848713390974913
CE_PIECEACTIVITY:0.517449769282468
CE_KINGPAWNSHIELD:0.5178160000563842
CE_PIECECOORDINATION:0.5024483775403407
CE_MATERIAL:0.3984122038250474
CE_KINGSAFETY:0.557982477284529
C_PIECESQUARETABLES:0.5292892115435974
C_MOBILITY:0.3868384751718206
C_KINGSAFETY:0.4442069286851954
C_PAWNSTRUCTURE:0.6561165353642759
C_PIECECOORDINATION:0.487244302946397
C_ROOKANDPAWNMOVEMENT:0.487244302946397
C_CENTERCONTROL:0.5892222517981177
C_DEVELOPPIECES:0.5036521021379559
C_MATERIAL:0.5167276273821031
