ELO:997
CE_PASSEDPAWNS:0.5168769927627931
CE_PAWNWEAKNESSES:0.5086054757641594
CE_PIECEACTIVITY:0.5192624457421344
CE_KINGPAWNSHIELD:0.48189503225125585
CE_PIECECOORDINATION:0.48840455356352813
CE_MATERIAL:0.4875385164717528
CE_KINGSAFETY:0.485177935245054
C_PIECESQUARETABLES:0.508921756348247
C_MOBILITY:0.503015967087656
C_KINGSAFETY:0.49549359429174344
C_PAWNSTRUCTURE:0.5313831147557994
C_PIECECOORDINATION:0.5023090597527925
C_ROOK:0.5
CE_ROOK:0.5
C_CENTERCONTROL:0.4997672804732668
C_DEVELOPPIECES:0.49489292968956217
C_MATERIAL:0.4971765450494054
C_MOVECOUNT:0.5136478813622297
C_PAWNMOVEMENT:0.5
