ELO:989
CE_PASSEDPAWNS:0.4838702071074852
CE_PAWNWEAKNESSES:0.5070197954495699
CE_PIECEACTIVITY:0.47875603585435045
CE_KINGPAWNSHIELD:0.4921051670209118
CE_PIECECOORDINATION:0.48743559247222007
CE_MATERIAL:0.4923213296136011
CE_KINGSAFETY:0.4875631295536008
C_PIECESQUARETABLES:0.49864563832334197
C_MOBILITY:0.5
C_KINGSAFETY:0.48301964865381597
C_PAWNSTRUCTURE:0.5027976230357311
C_PIECECOORDINATION:0.49741906873205954
C_ROOKANDPAWNMOVEMENT:0.49741906873205954
C_CENTERCONTROL:0.4799011567913346
C_DEVELOPPIECES:0.49259325939499954
C_MATERIAL:0.4875309995121658
C_MOVECOUNT:0.49974863538155867
