ELO:966
CE_PASSEDPAWNS:0.482189707318733
CE_PAWNWEAKNESSES:0.514371177627713
CE_PIECEACTIVITY:0.4947515546634635
CE_KINGPAWNSHIELD:0.5280873441855529
CE_PIECECOORDINATION:0.4734986327371034
CE_MATERIAL:0.4911645091071486
CE_KINGSAFETY:0.4956170536891061
C_PIECESQUARETABLES:0.5
C_MOBILITY:0.48504306482356774
C_KINGSAFETY:0.5036895625406393
C_PAWNSTRUCTURE:0.4951888215110299
C_PIECECOORDINATION:0.49799449173777066
C_ROOK:0.4657603973616968
CE_ROOK:0.5027211435008343
C_CENTERCONTROL:0.4571152685016643
C_DEVELOPPIECES:0.49965160675801606
C_MATERIAL:0.45976700344647287
C_MOVECOUNT:0.4912581741738625
C_PAWNMOVEMENT:0.5167966642219126
