ELO:992
CE_PASSEDPAWNS:0.5013681923361606
CE_PAWNWEAKNESSES:0.5042805753438678
CE_PIECEACTIVITY:0.4941819980167487
CE_KINGPAWNSHIELD:0.5187642674980254
CE_PIECECOORDINATION:0.4874904180932032
CE_MATERIAL:0.49869529245912764
CE_KINGSAFETY:0.5026123467565904
C_PIECESQUARETABLES:0.5086649936741693
C_MOBILITY:0.5121117257463615
C_KINGSAFETY:0.47799776250374343
C_PAWNSTRUCTURE:0.5
C_PIECECOORDINATION:0.5043278172347575
C_ROOK:0.4839497474847496
CE_ROOK:0.4733865727226993
C_CENTERCONTROL:0.4988677903438634
C_DEVELOPPIECES:0.4870508556107429
C_MATERIAL:0.5139905375187719
C_MOVECOUNT:0.5338346233441101
C_PAWNMOVEMENT:0.4755582802618077
