ELO:1143
CE_PASSEDPAWNS:0.44749870354253773
CE_PAWNWEAKNESSES:0.46066378515145545
CE_PIECEACTIVITY:0.4609596897229517
CE_KINGPAWNSHIELD:0.46865639744945076
CE_PIECECOORDINATION:0.49864366603685284
CE_MATERIAL:0.498316981915067
CE_KINGSAFETY:0.5
C_PIECESQUARETABLES:0.5
C_MOBILITY:0.38199997811389763
C_KINGSAFETY:0.3964010340134416
C_PAWNSTRUCTURE:0.6263564718505243
C_PIECECOORDINATION:0.5710539978775424
C_ROOKANDPAWNMOVEMENT:0.5710539978775424
C_CENTERCONTROL:0.5685522909256078
C_DEVELOPPIECES:0.4508259825802135
C_MATERIAL:0.5762078369205991
