ELO:989
CE_PASSEDPAWNS:0.5075993205729735
CE_PAWNWEAKNESSES:0.5139364071207388
CE_PIECEACTIVITY:0.5103623269276737
CE_KINGPAWNSHIELD:0.5128909594304165
CE_PIECECOORDINATION:0.5102488969486746
CE_MATERIAL:0.490250307995651
CE_KINGSAFETY:0.5
C_PIECESQUARETABLES:0.49033049020299835
C_MOBILITY:0.5
C_KINGSAFETY:0.5103515745613108
C_PAWNSTRUCTURE:0.5048202745882251
C_PIECECOORDINATION:0.4901160046688515
C_ROOKANDPAWNMOVEMENT:0.4901160046688515
C_CENTERCONTROL:0.49414696258324636
C_DEVELOPPIECES:0.5
C_MATERIAL:0.5132093250457157
C_MOVECOUNT:0.4969664438521293
