ELO:1112
CE_PASSEDPAWNS:0.45809862779161364
CE_PAWNWEAKNESSES:0.5942385255537602
CE_PIECEACTIVITY:0.46372143916412933
CE_KINGPAWNSHIELD:0.6208131797722044
CE_PIECECOORDINATION:0.4740445867024571
CE_MATERIAL:0.39783305558335186
CE_KINGSAFETY:0.5
C_PIECESQUARETABLES:0.5
C_MOBILITY:0.4455170774255024
C_KINGSAFETY:0.6371933686044461
C_PAWNSTRUCTURE:0.4047101078436864
C_PIECECOORDINATION:0.48430233874975176
C_ROOKANDPAWNMOVEMENT:0.48430233874975176
C_CENTERCONTROL:0.5916556751746048
C_DEVELOPPIECES:0.464302331748555
C_MATERIAL:0.36697597377642766
