ELO:984
CE_PASSEDPAWNS:0.4869084655097349
CE_PAWNWEAKNESSES:0.5
CE_PIECEACTIVITY:0.5
CE_KINGPAWNSHIELD:0.5093234645441121
CE_PIECECOORDINATION:0.5
CE_MATERIAL:0.5141297497886855
CE_KINGSAFETY:0.5032842318365794
C_PIECESQUARETABLES:0.48932573077758207
C_MOBILITY:0.49036983247746724
C_KINGSAFETY:0.5005912698367888
C_PAWNSTRUCTURE:0.5046496353329628
C_PIECECOORDINATION:0.5036039956305179
C_ROOKANDPAWNMOVEMENT:0.5036039956305179
C_CENTERCONTROL:0.49213047049254255
C_DEVELOPPIECES:0.5154530098657928
C_MATERIAL:0.4966244320792229
