ELO:988
CE_PASSEDPAWNS:0.49041615297714114
CE_PAWNWEAKNESSES:0.5075240761436592
CE_PIECEACTIVITY:0.49451133608082015
CE_KINGPAWNSHIELD:0.4927441501965006
CE_PIECECOORDINATION:0.5134474030024205
CE_MATERIAL:0.5031874351655932
CE_KINGSAFETY:0.5
C_PIECESQUARETABLES:0.5
C_MOBILITY:0.48829811115504596
C_KINGSAFETY:0.4980266686772223
C_PAWNSTRUCTURE:0.5
C_PIECECOORDINATION:0.5049612802450537
C_ROOK:0.47658539112693116
CE_ROOK:0.5166303287730935
C_CENTERCONTROL:0.5041882028221382
C_DEVELOPPIECES:0.5013568743005435
C_MATERIAL:0.4941863587534918
C_MOVECOUNT:0.49055290367008814
C_PAWNMOVEMENT:0.5
