ELO:950
CE_PASSEDPAWNS:0.5406540964985947
CE_PAWNWEAKNESSES:0.5379180696773349
CE_PIECEACTIVITY:0.3910898519738128
CE_KINGPAWNSHIELD:0.5202961117585654
CE_PIECECOORDINATION:0.5674853190299916
CE_MATERIAL:0.5087474064465791
CE_KINGSAFETY:0.5289879576971771
C_PIECESQUARETABLES:0.5149876345390905
C_MOBILITY:0.43487210834917284
C_KINGSAFETY:0.5365416903887154
C_PAWNSTRUCTURE:0.5510463769112975
C_PIECECOORDINATION:0.396758848518363
C_ROOKANDPAWNMOVEMENT:0.396758848518363
C_CENTERCONTROL:0.4656370364231977
C_DEVELOPPIECES:0.5117806959484456
C_MATERIAL:0.5192139156366148
