ELO:1054
CE_PASSEDPAWNS:0.5631276367680736
CE_PAWNWEAKNESSES:0.5219350989926019
CE_PIECEACTIVITY:0.5441808282861778
CE_KINGPAWNSHIELD:0.5188814387178736
CE_PIECECOORDINATION:0.47428544805430206
CE_MATERIAL:0.48691058534142634
CE_KINGSAFETY:0.5
C_PIECESQUARETABLES:0.5
C_MOBILITY:0.5649940699021165
C_KINGSAFETY:0.36910277290662097
C_PAWNSTRUCTURE:0.5122675472858035
C_PIECECOORDINATION:0.4890240639057343
C_ROOKANDPAWNMOVEMENT:0.4890240639057343
C_CENTERCONTROL:0.4646508872264708
C_DEVELOPPIECES:0.4548662363103203
C_MATERIAL:0.622840321325036
