ELO:1001
CE_PASSEDPAWNS:0.4838702071074852
CE_PAWNWEAKNESSES:0.5070197954495699
CE_PIECEACTIVITY:0.4814968293766111
CE_KINGPAWNSHIELD:0.5
CE_PIECECOORDINATION:0.48743559247222007
CE_MATERIAL:0.4993177908820778
CE_KINGSAFETY:0.4875631295536008
C_PIECESQUARETABLES:0.5166964983181769
C_MOBILITY:0.5
C_KINGSAFETY:0.48301964865381597
C_PAWNSTRUCTURE:0.4667548448377522
C_PIECECOORDINATION:0.49741906873205954
C_ROOKANDPAWNMOVEMENT:0.49741906873205954
C_CENTERCONTROL:0.49414696258324636
C_DEVELOPPIECES:0.4911513613521333
C_MATERIAL:0.4875309995121658
C_MOVECOUNT:0.470253371920395
