ELO:919
CE_PASSEDPAWNS:0.48388263641042306
CE_PAWNWEAKNESSES:0.5590264863392145
CE_PIECEACTIVITY:0.5512512638294949
CE_KINGPAWNSHIELD:0.459002094249111
CE_PIECECOORDINATION:0.5560727162750955
CE_MATERIAL:0.5007888135360774
CE_KINGSAFETY:0.46843499717147863
C_PIECESQUARETABLES:0.4821312521661835
C_MOBILITY:0.5007198279080862
C_KINGSAFETY:0.5273460103238542
C_PAWNSTRUCTURE:0.48745653683031287
C_PIECECOORDINATION:0.4940775844665516
C_ROOKANDPAWNMOVEMENT:0.4940775844665516
C_CENTERCONTROL:0.5076157491455316
C_DEVELOPPIECES:0.5223010182950792
C_MATERIAL:0.5017634593226193
C_MOVECOUNT:0.49290652865871043
