ELO:1101
CE_PASSEDPAWNS:0.43614387835359075
CE_PAWNWEAKNESSES:0.5437963069793471
CE_PIECEACTIVITY:0.4378818512389367
CE_KINGPAWNSHIELD:0.4019001517373595
CE_PIECECOORDINATION:0.5411440339610603
CE_MATERIAL:0.4776552760705661
CE_KINGSAFETY:0.5
C_PIECESQUARETABLES:0.5
C_MOBILITY:0.4114141346865827
C_KINGSAFETY:0.36910277290662097
C_PAWNSTRUCTURE:0.5850499534865369
C_PIECECOORDINATION:0.5447852188236804
C_ROOKANDPAWNMOVEMENT:0.5447852188236804
C_CENTERCONTROL:0.5265679586594536
C_DEVELOPPIECES:0.429642881437066
C_MATERIAL:0.6242308573948059
