ELO:1099
CE_PASSEDPAWNS:0.45832616973153917
CE_PAWNWEAKNESSES:0.5942385255537602
CE_PIECEACTIVITY:0.47707812532962285
CE_KINGPAWNSHIELD:0.6208131797722044
CE_PIECECOORDINATION:0.5506824958628352
CE_MATERIAL:0.4280196418415296
CE_KINGSAFETY:0.5
C_PIECESQUARETABLES:0.5022062097745286
C_MOBILITY:0.41068694440152304
C_KINGSAFETY:0.630014761680952
C_PAWNSTRUCTURE:0.41040599071577993
C_PIECECOORDINATION:0.4893234860683534
C_ROOKANDPAWNMOVEMENT:0.4893234860683534
C_CENTERCONTROL:0.4912916220126716
C_DEVELOPPIECES:0.5202701066975786
C_MATERIAL:0.3946623900866254
