ELO:815
CE_PASSEDPAWNS:0.5821951559278886
CE_PAWNWEAKNESSES:0.5235523493545928
CE_PIECEACTIVITY:0.5010828108981591
CE_KINGPAWNSHIELD:0.5236698540341553
CE_PIECECOORDINATION:0.48212529005936267
CE_MATERIAL:0.5184818852990125
CE_KINGSAFETY:0.5
C_PIECESQUARETABLES:0.5181472081763421
C_MOBILITY:0.5765063231589975
C_KINGSAFETY:0.38605607733201835
C_PAWNSTRUCTURE:0.4949222926495039
C_PIECECOORDINATION:0.5025821311968118
C_ROOKANDPAWNMOVEMENT:0.5025821311968118
C_CENTERCONTROL:0.4643192501692192
C_DEVELOPPIECES:0.5825792822213615
C_MATERIAL:0.6012416560840872
C_MOVECOUNT:0.5
