ELO:962
CE_PASSEDPAWNS:0.5900098620544031
CE_PAWNWEAKNESSES:0.4884275122321648
CE_PIECEACTIVITY:0.6273494275279538
CE_KINGPAWNSHIELD:0.44940522861269
CE_PIECECOORDINATION:0.35014422356954356
CE_MATERIAL:0.5081403215435609
CE_KINGSAFETY:0.5334096176384863
C_PIECESQUARETABLES:0.49925230214471933
C_MOBILITY:0.5828938584115454
C_KINGSAFETY:0.5349826803504679
C_PAWNSTRUCTURE:0.5176221643369546
C_PIECECOORDINATION:0.46705241188104785
C_ROOKANDPAWNMOVEMENT:0.46705241188104785
C_CENTERCONTROL:0.45855069629087675
C_DEVELOPPIECES:0.6353228487166462
C_MATERIAL:0.5482763220785803
