ELO:989
CE_PASSEDPAWNS:0.585920081420178
CE_PAWNWEAKNESSES:0.48664292166876905
CE_PIECEACTIVITY:0.53246296512976
CE_KINGPAWNSHIELD:0.506961212797556
CE_PIECECOORDINATION:0.42059240769466233
CE_MATERIAL:0.4662752117571996
CE_KINGSAFETY:0.468096796932123
C_PIECESQUARETABLES:0.5095930808840667
C_MOBILITY:0.5049223340520197
C_KINGSAFETY:0.5058482740239564
C_PAWNSTRUCTURE:0.5582962387479006
C_PIECECOORDINATION:0.4556310875605394
C_ROOKANDPAWNMOVEMENT:0.4556310875605394
C_CENTERCONTROL:0.504597856368511
C_DEVELOPPIECES:0.5557566375605627
C_MATERIAL:0.515504648103151
