ELO:968
CE_PASSEDPAWNS:0.5676702699184648
CE_PAWNWEAKNESSES:0.5168981700897627
CE_PIECEACTIVITY:0.5097325824365206
CE_KINGPAWNSHIELD:0.5544877129986469
CE_PIECECOORDINATION:0.4587091506842373
CE_MATERIAL:0.586942618528641
CE_KINGSAFETY:0.4698537889605363
C_PIECESQUARETABLES:0.5186379018337298
C_MOBILITY:0.4684744549383215
C_KINGSAFETY:0.5433019925134738
C_PAWNSTRUCTURE:0.5043517692952334
C_PIECECOORDINATION:0.5155458630705013
C_ROOKANDPAWNMOVEMENT:0.5155458630705013
C_CENTERCONTROL:0.4580774766528722
C_DEVELOPPIECES:0.5267399798387677
C_MATERIAL:0.5343238889763027
C_MOVECOUNT:0.5403683334747541
