ELO:1000
CE_PASSEDPAWNS:0.5
CE_PAWNWEAKNESSES:0.5147942066596912
CE_PIECEACTIVITY:0.5029245446624273
CE_KINGPAWNSHIELD:0.4946903400599009
CE_PIECECOORDINATION:0.4918238788895037
CE_MATERIAL:0.4981737104532748
CE_KINGSAFETY:0.4980567749386923
C_PIECESQUARETABLES:0.5
C_MOBILITY:0.4924953160809519
C_KINGSAFETY:0.5
C_PAWNSTRUCTURE:0.4968881625976446
C_PIECECOORDINATION:0.49091402124546857
C_ROOK:0.5080671380030075
CE_ROOK:0.5079781366876496
C_CENTERCONTROL:0.5034861164204824
C_DEVELOPPIECES:0.5172272146884314
C_MATERIAL:0.5
C_MOVECOUNT:0.5023196743414122
C_PAWNMOVEMENT:0.4898858627561584
