ELO:1038
CE_PASSEDPAWNS:0.505135030769393
CE_PAWNWEAKNESSES:0.49073967636400445
CE_PIECEACTIVITY:0.5496154881791383
CE_KINGPAWNSHIELD:0.5334086144861531
CE_PIECECOORDINATION:0.5426398171170235
CE_MATERIAL:0.4947099481675315
CE_KINGSAFETY:0.5
C_PIECESQUARETABLES:0.5030254635457859
C_MOBILITY:0.4990543640519397
C_KINGSAFETY:0.5089280817834685
C_PAWNSTRUCTURE:0.48347965136844523
C_PIECECOORDINATION:0.5225112587348882
C_ROOKANDPAWNMOVEMENT:0.5225112587348882
C_CENTERCONTROL:0.48431328534869905
C_DEVELOPPIECES:0.4577440942334543
C_MATERIAL:0.47771799867271497
C_MOVECOUNT:0.521975550403894
