ELO:993
CE_PASSEDPAWNS:0.5914731129249235
CE_PAWNWEAKNESSES:0.5574733047208238
CE_PIECEACTIVITY:0.5019738973793066
CE_KINGPAWNSHIELD:0.5269017117768044
CE_PIECECOORDINATION:0.4334557074047905
CE_MATERIAL:0.46575299746209403
CE_KINGSAFETY:0.49795201732143834
C_PIECESQUARETABLES:0.5254466761441176
C_MOBILITY:0.5026451116788269
C_KINGSAFETY:0.5023287862061363
C_PAWNSTRUCTURE:0.5626916009639242
C_PIECECOORDINATION:0.4881648124713781
C_ROOKANDPAWNMOVEMENT:0.4881648124713781
C_CENTERCONTROL:0.4917465932350488
C_DEVELOPPIECES:0.5465838283741731
C_MATERIAL:0.5015825597405142
