ELO:960
CE_PASSEDPAWNS:0.5467379965424212
CE_PAWNWEAKNESSES:0.5456218756239416
CE_PIECEACTIVITY:0.4700987649174199
CE_KINGPAWNSHIELD:0.49925539846067435
CE_PIECECOORDINATION:0.5184576486907917
CE_MATERIAL:0.5294002862240422
CE_KINGSAFETY:0.5017873520539383
C_PIECESQUARETABLES:0.5
C_MOBILITY:0.4987825373258583
C_KINGSAFETY:0.4856850329825521
C_PAWNSTRUCTURE:0.5077204558517449
C_PIECECOORDINATION:0.48976558366580203
C_ROOK:0.4845724838388939
CE_ROOK:0.49693794878673475
C_CENTERCONTROL:0.4923758754123826
C_DEVELOPPIECES:0.5432275019015623
C_MATERIAL:0.4893359840488374
C_MOVECOUNT:0.5169238848285095
C_PAWNMOVEMENT:0.4913202042988777
