ELO:920
CE_PASSEDPAWNS:0.3847502741117315
CE_PAWNWEAKNESSES:0.5873661263768305
CE_PIECEACTIVITY:0.5216272869984379
CE_KINGPAWNSHIELD:0.5284426168593549
CE_PIECECOORDINATION:0.6142308017077727
CE_MATERIAL:0.49192342332152106
CE_KINGSAFETY:0.5246453281720415
C_PIECESQUARETABLES:0.5313573434530983
C_MOBILITY:0.5028082655831679
C_KINGSAFETY:0.5287877030563354
C_PAWNSTRUCTURE:0.560245623565856
C_PIECECOORDINATION:0.5069776509138144
C_ROOKANDPAWNMOVEMENT:0.5069776509138144
C_CENTERCONTROL:0.5841658969338465
C_DEVELOPPIECES:0.5225478357375737
C_MATERIAL:0.4419240980872693
