ELO:949
CE_PASSEDPAWNS:0.35347747661707035
CE_PAWNWEAKNESSES:0.535764866946952
CE_PIECEACTIVITY:0.522249710068333
CE_KINGPAWNSHIELD:0.4635143315049162
CE_PIECECOORDINATION:0.5973532321423041
CE_MATERIAL:0.5272332178732237
CE_KINGSAFETY:0.4854142208492366
C_PIECESQUARETABLES:0.5144832165588039
C_MOBILITY:0.5194204319668313
C_KINGSAFETY:0.5185137526575123
C_PAWNSTRUCTURE:0.5203374672488539
C_PIECECOORDINATION:0.4512969196370175
C_ROOKANDPAWNMOVEMENT:0.4512969196370175
C_CENTERCONTROL:0.5512941437254587
C_DEVELOPPIECES:0.4840965323494821
C_MATERIAL:0.520687640454532
