ELO:999
CE_PASSEDPAWNS:0.5088570767784841
CE_PAWNWEAKNESSES:0.5260726044328764
CE_PIECEACTIVITY:0.49476621479734134
CE_KINGPAWNSHIELD:0.4872680291586708
CE_PIECECOORDINATION:0.4819819786401833
CE_MATERIAL:0.4981737104532748
CE_KINGSAFETY:0.5
C_PIECESQUARETABLES:0.510182389823159
C_MOBILITY:0.4924953160809519
C_KINGSAFETY:0.5
C_PAWNSTRUCTURE:0.4968881625976446
C_PIECECOORDINATION:0.49091402124546857
C_ROOK:0.49977670020200865
CE_ROOK:0.5064239579639763
C_CENTERCONTROL:0.5034861164204824
C_DEVELOPPIECES:0.5172272146884314
C_MATERIAL:0.4927830047793284
C_MOVECOUNT:0.5023196743414122
C_PAWNMOVEMENT:0.48367381283762334
