ELO:1004
CE_PASSEDPAWNS:0.4561186415505997
CE_PAWNWEAKNESSES:0.4991601794536207
CE_PIECEACTIVITY:0.47791023740406574
CE_KINGPAWNSHIELD:0.5
CE_PIECECOORDINATION:0.508349257355291
CE_MATERIAL:0.5
CE_KINGSAFETY:0.4967658218826514
C_PIECESQUARETABLES:0.5019710835396775
C_MOBILITY:0.4989388301916184
C_KINGSAFETY:0.48463749168174386
C_PAWNSTRUCTURE:0.4931181426344295
C_PIECECOORDINATION:0.4925462984030836
C_ROOKANDPAWNMOVEMENT:0.4925462984030836
C_CENTERCONTROL:0.49890833094237935
C_DEVELOPPIECES:0.5134502305509284
C_MATERIAL:0.510119267050594
C_MOVECOUNT:0.5
