ELO:901
CE_PASSEDPAWNS:0.4749864592533599
CE_PAWNWEAKNESSES:0.5063333382522454
CE_PIECEACTIVITY:0.5302664082348426
CE_KINGPAWNSHIELD:0.45847109141235
CE_PIECECOORDINATION:0.5015261622400186
CE_MATERIAL:0.36368955034436556
CE_KINGSAFETY:0.5
C_PIECESQUARETABLES:0.5
C_MOBILITY:0.3842000693337956
C_KINGSAFETY:0.4978900644780365
C_PAWNSTRUCTURE:0.5635329075105002
C_PIECECOORDINATION:0.3090404946305657
C_ROOKANDPAWNMOVEMENT:0.3090404946305657
C_CENTERCONTROL:0.509230183310206
C_DEVELOPPIECES:0.4207642917804051
C_MATERIAL:0.5704812672669405
