ELO:1000
CE_PASSEDPAWNS:0.48856161479744065
CE_PAWNWEAKNESSES:0.4919557694196143
CE_PIECEACTIVITY:0.45830188260673954
CE_KINGPAWNSHIELD:0.45767066220627906
CE_PIECECOORDINATION:0.5267292384466751
CE_MATERIAL:0.4845953749126196
CE_KINGSAFETY:0.4948264588836079
C_PIECESQUARETABLES:0.47215278959321677
C_MOBILITY:0.4959891425846407
C_KINGSAFETY:0.5415905094160797
C_PAWNSTRUCTURE:0.45900934819600747
C_PIECECOORDINATION:0.4831358805793259
C_ROOKANDPAWNMOVEMENT:0.4831358805793259
C_CENTERCONTROL:0.462489744053335
C_DEVELOPPIECES:0.47805259397289346
C_MATERIAL:0.5041941374477764
