ELO:971
CE_PASSEDPAWNS:0.5470638335236294
CE_PAWNWEAKNESSES:0.5406850349258091
CE_PIECEACTIVITY:0.4972820612867874
CE_KINGPAWNSHIELD:0.477546494187943
CE_PIECECOORDINATION:0.4907511132693636
CE_MATERIAL:0.5266292232073149
CE_KINGSAFETY:0.5
C_PIECESQUARETABLES:0.5
C_MOBILITY:0.4841337093115977
C_KINGSAFETY:0.4854773712303171
C_PAWNSTRUCTURE:0.4995326825970962
C_PIECECOORDINATION:0.49302970997706663
C_ROOK:0.5023252960179045
CE_ROOK:0.49916715366023423
C_CENTERCONTROL:0.4958840331084193
C_DEVELOPPIECES:0.542918012043395
C_MATERIAL:0.4794609082139361
C_MOVECOUNT:0.4920808995918046
C_PAWNMOVEMENT:0.5000148447786339
