ELO:1030
CE_PASSEDPAWNS:0.5
CE_PAWNWEAKNESSES:0.5122564006942599
CE_PIECEACTIVITY:0.4873172678221776
CE_KINGPAWNSHIELD:0.5068571784259269
CE_PIECECOORDINATION:0.5
CE_MATERIAL:0.498716623944172
CE_KINGSAFETY:0.495960494410644
C_PIECESQUARETABLES:0.5003613130123882
C_MOBILITY:0.5058877247456148
C_KINGSAFETY:0.48993395281278757
C_PAWNSTRUCTURE:0.5035588865719401
C_PIECECOORDINATION:0.5
C_ROOKANDPAWNMOVEMENT:0.5
C_CENTERCONTROL:0.5020924764641389
C_DEVELOPPIECES:0.5058146769403239
C_MATERIAL:0.5
