ELO:633
CE_PASSEDPAWNS:0.5983073939385786
CE_PAWNWEAKNESSES:0.5280253495144352
CE_PIECEACTIVITY:0.37627758846067844
CE_KINGPAWNSHIELD:0.5501205989928022
CE_PIECECOORDINATION:0.5026629645115359
CE_MATERIAL:0.4585878967144321
CE_KINGSAFETY:0.4857462335184978
C_PIECESQUARETABLES:0.4970031630352395
C_MOBILITY:0.5910107462995596
C_KINGSAFETY:0.4161083933031507
C_PAWNSTRUCTURE:0.5338926265141377
C_PIECECOORDINATION:0.43757003060732946
C_ROOKANDPAWNMOVEMENT:0.43757003060732946
C_CENTERCONTROL:0.4320679564665147
C_DEVELOPPIECES:0.645328961186072
C_MATERIAL:0.4199646492184318
C_MOVECOUNT:0.4846595173021593
