ELO:972
CE_PASSEDPAWNS:0.5912611438181765
CE_PAWNWEAKNESSES:0.4783055293291208
CE_PIECEACTIVITY:0.5563448422554937
CE_KINGPAWNSHIELD:0.4898784395063987
CE_PIECECOORDINATION:0.4059983445572837
CE_MATERIAL:0.5065747815828636
CE_KINGSAFETY:0.472342840996873
C_PIECESQUARETABLES:0.5400305456473206
C_MOBILITY:0.5274312263664261
C_KINGSAFETY:0.5397916790330922
C_PAWNSTRUCTURE:0.5486080169152018
C_PIECECOORDINATION:0.4475483230309165
C_ROOKANDPAWNMOVEMENT:0.4475483230309165
C_CENTERCONTROL:0.5130634992258725
C_DEVELOPPIECES:0.5746996687319763
C_MATERIAL:0.5335953700550492
