ELO:971
CE_PASSEDPAWNS:0.596849787874412
CE_PAWNWEAKNESSES:0.4870906430596873
CE_PIECEACTIVITY:0.5866780967870201
CE_KINGPAWNSHIELD:0.47347553799376735
CE_PIECECOORDINATION:0.3943763713201465
CE_MATERIAL:0.5132639393623384
CE_KINGSAFETY:0.476556753477374
C_PIECESQUARETABLES:0.512438552785491
C_MOBILITY:0.5165758019755327
C_KINGSAFETY:0.5205235714689719
C_PAWNSTRUCTURE:0.5206111523192506
C_PIECECOORDINATION:0.4509167705458121
C_ROOKANDPAWNMOVEMENT:0.4509167705458121
C_CENTERCONTROL:0.4963856634720651
C_DEVELOPPIECES:0.5861640038883769
C_MATERIAL:0.5546509488714595
