ELO:976
CE_PASSEDPAWNS:0.4643947325895369
CE_PAWNWEAKNESSES:0.5
CE_PIECEACTIVITY:0.5056362688594447
CE_KINGPAWNSHIELD:0.4896458033052452
CE_PIECECOORDINATION:0.4971719703065082
CE_MATERIAL:0.5173543491907644
CE_KINGSAFETY:0.5
C_PIECESQUARETABLES:0.4861575513109734
C_MOBILITY:0.5089637442272966
C_KINGSAFETY:0.519708538649769
C_PAWNSTRUCTURE:0.4975031869666303
C_PIECECOORDINATION:0.48613562152192785
C_ROOKANDPAWNMOVEMENT:0.48613562152192785
C_CENTERCONTROL:0.4814852486412257
C_DEVELOPPIECES:0.4926956526109552
C_MATERIAL:0.49905781287767204
C_MOVECOUNT:0.5055056804268069
