ELO:1000
CE_PASSEDPAWNS:0.48761742120017343
CE_PAWNWEAKNESSES:0.5
CE_PIECEACTIVITY:0.5
CE_KINGPAWNSHIELD:0.48548289964839564
CE_PIECECOORDINATION:0.5
CE_MATERIAL:0.5
CE_KINGSAFETY:0.5040978984099294
C_PIECESQUARETABLES:0.5
C_MOBILITY:0.5
C_KINGSAFETY:0.49165622992823466
C_PAWNSTRUCTURE:0.4901896966337036
C_PIECECOORDINATION:0.48908845185927596
C_ROOKANDPAWNMOVEMENT:0.48908845185927596
C_CENTERCONTROL:0.5
C_DEVELOPPIECES:0.4966829227616479
C_MATERIAL:0.5
C_MOVECOUNT:0.5
