ELO:985
CE_PASSEDPAWNS:0.49589258303638445
CE_PAWNWEAKNESSES:0.4975967300041602
CE_PIECEACTIVITY:0.5036215993377193
CE_KINGPAWNSHIELD:0.46803269659492797
CE_PIECECOORDINATION:0.49304510266042373
CE_MATERIAL:0.4859916368839477
CE_KINGSAFETY:0.5
C_PIECESQUARETABLES:0.49766812122445725
C_MOBILITY:0.4950612217869768
C_KINGSAFETY:0.48895307095791746
C_PAWNSTRUCTURE:0.506312025759129
C_PIECECOORDINATION:0.5108693976667977
C_ROOKANDPAWNMOVEMENT:0.5108693976667977
C_CENTERCONTROL:0.5
C_DEVELOPPIECES:0.4978855672419058
C_MATERIAL:0.5
C_MOVECOUNT:0.5
