ELO:937
CE_PASSEDPAWNS:0.3555199960134635
CE_PAWNWEAKNESSES:0.5671169015835061
CE_PIECEACTIVITY:0.5182081392802455
CE_KINGPAWNSHIELD:0.4772418827293078
CE_PIECECOORDINATION:0.5910709019323632
CE_MATERIAL:0.5360272800545185
CE_KINGSAFETY:0.49138523238176446
C_PIECESQUARETABLES:0.5326030933269286
C_MOBILITY:0.5106917272649487
C_KINGSAFETY:0.5426498247012101
C_PAWNSTRUCTURE:0.5491927478372954
C_PIECECOORDINATION:0.46667249633513835
C_ROOKANDPAWNMOVEMENT:0.46667249633513835
C_CENTERCONTROL:0.5744497025028592
C_DEVELOPPIECES:0.5141744350623069
C_MATERIAL:0.49451957051635304
