ELO:772
CE_PASSEDPAWNS:0.4406729038615768
CE_PAWNWEAKNESSES:0.48966749808311116
CE_PIECEACTIVITY:0.4742211702326643
CE_KINGPAWNSHIELD:0.4640653435042944
CE_PIECECOORDINATION:0.5604281934154508
CE_MATERIAL:0.48473452511561566
CE_KINGSAFETY:0.5518405683550789
C_PIECESQUARETABLES:0.562082700706507
C_MOBILITY:0.5373280308204735
C_KINGSAFETY:0.5585813472228798
C_PAWNSTRUCTURE:0.5770216318653649
C_PIECECOORDINATION:0.47621054427420967
C_ROOKANDPAWNMOVEMENT:0.47621054427420967
C_CENTERCONTROL:0.4803506766795268
C_DEVELOPPIECES:0.5843678623609017
C_MATERIAL:0.5634588590888797
C_MOVECOUNT:0.5
