ELO:972
CE_PASSEDPAWNS:0.5078447212838282
CE_PAWNWEAKNESSES:0.5118222968030637
CE_PIECEACTIVITY:0.5036556746495485
CE_KINGPAWNSHIELD:0.5011768378674027
CE_PIECECOORDINATION:0.4902711179731481
CE_MATERIAL:0.5026416594087034
CE_KINGSAFETY:0.4708976059266592
C_PIECESQUARETABLES:0.48499917803362097
C_MOBILITY:0.497490949303477
C_KINGSAFETY:0.5036656467481094
C_PAWNSTRUCTURE:0.5000250680723097
C_PIECECOORDINATION:0.4990877933169054
C_ROOKANDPAWNMOVEMENT:0.4990877933169054
C_CENTERCONTROL:0.475783976705535
C_DEVELOPPIECES:0.5077420152324904
C_MATERIAL:0.485596203003938
C_MOVECOUNT:0.5
