ELO:986
CE_PASSEDPAWNS:0.4977771649101037
CE_PAWNWEAKNESSES:0.4830225188703407
CE_PIECEACTIVITY:0.4479196588403493
CE_KINGPAWNSHIELD:0.4638593079588764
CE_PIECECOORDINATION:0.5500062191263592
CE_MATERIAL:0.4718303070607292
CE_KINGSAFETY:0.4853841556078457
C_PIECESQUARETABLES:0.4869381235786425
C_MOBILITY:0.5165060018254842
C_KINGSAFETY:0.5217091303676968
C_PAWNSTRUCTURE:0.4571322251246855
C_PIECECOORDINATION:0.4663006151614917
C_ROOKANDPAWNMOVEMENT:0.4663006151614917
C_CENTERCONTROL:0.4616973091275468
C_DEVELOPPIECES:0.48105225274079877
C_MATERIAL:0.5033072871623497
