ELO:1000
CE_PASSEDPAWNS:0.49211980977799546
CE_PAWNWEAKNESSES:0.4793917347863721
CE_PIECEACTIVITY:0.4940967578224053
CE_KINGPAWNSHIELD:0.4812747334840879
CE_PIECECOORDINATION:0.5156607194040755
CE_MATERIAL:0.5019819212937898
CE_KINGSAFETY:0.49691580968527227
C_PIECESQUARETABLES:0.4815955718881326
C_MOBILITY:0.48858103785438983
C_KINGSAFETY:0.4985800084022215
C_PAWNSTRUCTURE:0.48334197867624273
C_PIECECOORDINATION:0.48147824807639616
C_ROOKANDPAWNMOVEMENT:0.48147824807639616
C_CENTERCONTROL:0.49750312734118035
C_DEVELOPPIECES:0.48688415063452
C_MATERIAL:0.47310119837544756
