ELO:980
CE_PASSEDPAWNS:0.5290013539298729
CE_PAWNWEAKNESSES:0.5097514447822895
CE_PIECEACTIVITY:0.4869079420425813
CE_KINGPAWNSHIELD:0.5063273790786584
CE_PIECECOORDINATION:0.5074421045417029
CE_MATERIAL:0.5232874358031067
CE_KINGSAFETY:0.5
C_PIECESQUARETABLES:0.5
C_MOBILITY:0.48920037430051555
C_KINGSAFETY:0.492604057746843
C_PAWNSTRUCTURE:0.4804053736929924
C_PIECECOORDINATION:0.5024062923218431
C_ROOK:0.4680978352988821
CE_ROOK:0.5048076417311816
C_CENTERCONTROL:0.4929101502010343
C_DEVELOPPIECES:0.5023068517354133
C_MATERIAL:0.5157054266024839
C_MOVECOUNT:0.5037773100725081
C_PAWNMOVEMENT:0.522876333978836
