ELO:953
CE_PASSEDPAWNS:0.36807830809416153
CE_PAWNWEAKNESSES:0.5242440079540488
CE_PIECEACTIVITY:0.5220717647786816
CE_KINGPAWNSHIELD:0.475602020599733
CE_PIECECOORDINATION:0.5973532321423041
CE_MATERIAL:0.535252999767987
CE_KINGSAFETY:0.5055555992949203
C_PIECESQUARETABLES:0.5025724131612479
C_MOBILITY:0.5200679918693599
C_KINGSAFETY:0.5204205267018324
C_PAWNSTRUCTURE:0.5196771657779051
C_PIECECOORDINATION:0.44974052508414125
C_ROOKANDPAWNMOVEMENT:0.44974052508414125
C_CENTERCONTROL:0.5547741574481031
C_DEVELOPPIECES:0.487347117613992
C_MATERIAL:0.5092188680076691
