ELO:844
CE_PASSEDPAWNS:0.5684876607310385
CE_PAWNWEAKNESSES:0.4877368886398483
CE_PIECEACTIVITY:0.6126724587339778
CE_KINGPAWNSHIELD:0.4323928871395797
CE_PIECECOORDINATION:0.369438852620266
CE_MATERIAL:0.4673929724957814
CE_KINGSAFETY:0.532783356833692
C_PIECESQUARETABLES:0.5177399435091167
C_MOBILITY:0.5682435443287426
C_KINGSAFETY:0.5637248600017354
C_PAWNSTRUCTURE:0.5221748211915406
C_PIECECOORDINATION:0.46124535032822955
C_ROOKANDPAWNMOVEMENT:0.46124535032822955
C_CENTERCONTROL:0.402218207975807
C_DEVELOPPIECES:0.630189564094463
C_MATERIAL:0.5259292855786343
