ELO:859
CE_PASSEDPAWNS:0.5636900531271829
CE_PAWNWEAKNESSES:0.4945992563084886
CE_PIECEACTIVITY:0.5828857820047957
CE_KINGPAWNSHIELD:0.44890092260088127
CE_PIECECOORDINATION:0.39656648242563447
CE_MATERIAL:0.43035681262473313
CE_KINGSAFETY:0.4972712187762973
C_PIECESQUARETABLES:0.44450035870746274
C_MOBILITY:0.5650451846860961
C_KINGSAFETY:0.5677998416254156
C_PAWNSTRUCTURE:0.5134427414137489
C_PIECECOORDINATION:0.49098655737686736
C_ROOKANDPAWNMOVEMENT:0.49098655737686736
C_CENTERCONTROL:0.43693604876202824
C_DEVELOPPIECES:0.6214813050540053
C_MATERIAL:0.5116470985314828
