ELO:986
CE_PASSEDPAWNS:0.5130796642321472
CE_PAWNWEAKNESSES:0.46667391412184106
CE_PIECEACTIVITY:0.4268589543437193
CE_KINGPAWNSHIELD:0.4139777012461478
CE_PIECECOORDINATION:0.5388415979423019
CE_MATERIAL:0.46219361166665607
CE_KINGSAFETY:0.48757833632906156
C_PIECESQUARETABLES:0.48912275396136357
C_MOBILITY:0.49888899395906866
C_KINGSAFETY:0.5175075905808607
C_PAWNSTRUCTURE:0.4421588997440746
C_PIECECOORDINATION:0.4765067896553886
C_ROOKANDPAWNMOVEMENT:0.4765067896553886
C_CENTERCONTROL:0.467492408108665
C_DEVELOPPIECES:0.4753500592329697
C_MATERIAL:0.48363489288149775
