ELO:1041
CE_PASSEDPAWNS:0.5
CE_PAWNWEAKNESSES:0.5279559417062814
CE_PIECEACTIVITY:0.5
CE_KINGPAWNSHIELD:0.5047246334682637
CE_PIECECOORDINATION:0.5075004660379666
CE_MATERIAL:0.49402009792952467
CE_KINGSAFETY:0.5
C_PIECESQUARETABLES:0.5
C_MOBILITY:0.5
C_KINGSAFETY:0.4958535697835921
C_PAWNSTRUCTURE:0.5217153688324853
C_PIECECOORDINATION:0.5177054397393017
C_ROOKANDPAWNMOVEMENT:0.5177054397393017
C_CENTERCONTROL:0.5026177916282478
C_DEVELOPPIECES:0.5
C_MATERIAL:0.4891023282062727
C_MOVECOUNT:0.5405695627381272
