ELO:625
CE_PASSEDPAWNS:0.41576088743371536
CE_PAWNWEAKNESSES:0.5038842080744644
CE_PIECEACTIVITY:0.5130100619254205
CE_KINGPAWNSHIELD:0.47487037789020675
CE_PIECECOORDINATION:0.5635199234212783
CE_MATERIAL:0.5238909625083211
CE_KINGSAFETY:0.5369212501571123
C_PIECESQUARETABLES:0.4150705359195844
C_MOBILITY:0.5107997548565228
C_KINGSAFETY:0.6066508876293798
C_PAWNSTRUCTURE:0.5404307121881009
C_PIECECOORDINATION:0.41933771566582956
C_ROOKANDPAWNMOVEMENT:0.41933771566582956
C_CENTERCONTROL:0.5238127580745602
C_DEVELOPPIECES:0.5649823479408639
C_MATERIAL:0.5556512946879806
C_MOVECOUNT:0.5
