ELO:964
CE_PASSEDPAWNS:0.5347654595773533
CE_PAWNWEAKNESSES:0.5302270960807894
CE_PIECEACTIVITY:0.5080095216240045
CE_KINGPAWNSHIELD:0.4861214184083117
CE_PIECECOORDINATION:0.5027653319170661
CE_MATERIAL:0.5191017617538395
CE_KINGSAFETY:0.4947009790328738
C_PIECESQUARETABLES:0.4884080282780946
C_MOBILITY:0.4881511314881933
C_KINGSAFETY:0.5063676214691255
C_PAWNSTRUCTURE:0.4934601277977576
C_PIECECOORDINATION:0.48980411174212357
C_ROOK:0.49542559548464415
CE_ROOK:0.5072646932919325
C_CENTERCONTROL:0.5024882973932452
C_DEVELOPPIECES:0.5395988676718557
C_MATERIAL:0.4949569457277611
C_MOVECOUNT:0.48415256957240044
C_PAWNMOVEMENT:0.5118629948992626
