ELO:926
CE_PASSEDPAWNS:0.4654895757385938
CE_PAWNWEAKNESSES:0.4611199245542752
CE_PIECEACTIVITY:0.4419952617186264
CE_KINGPAWNSHIELD:0.44548924401903756
CE_PIECECOORDINATION:0.5004235751702502
CE_MATERIAL:0.47433939062486385
CE_KINGSAFETY:0.5157013994096005
C_PIECESQUARETABLES:0.5244374779662515
C_MOBILITY:0.5119982319035082
C_KINGSAFETY:0.48168917589153115
C_PAWNSTRUCTURE:0.5574401933197782
C_PIECECOORDINATION:0.46910852626928556
C_ROOKANDPAWNMOVEMENT:0.46910852626928556
C_CENTERCONTROL:0.47607803095858936
C_DEVELOPPIECES:0.5415974063707976
C_MATERIAL:0.5435481904113234
C_MOVECOUNT:0.5
