ELO:805
CE_PASSEDPAWNS:0.4396134766778212
CE_PAWNWEAKNESSES:0.46500861418345024
CE_PIECEACTIVITY:0.4728361971252209
CE_KINGPAWNSHIELD:0.4520675388116836
CE_PIECECOORDINATION:0.5553451941113063
CE_MATERIAL:0.4863452690560697
CE_KINGSAFETY:0.5589491406134033
C_PIECESQUARETABLES:0.5717459527637151
C_MOBILITY:0.5331019564683153
C_KINGSAFETY:0.5468550396595118
C_PAWNSTRUCTURE:0.5371163804705533
C_PIECECOORDINATION:0.4570508144557429
C_ROOKANDPAWNMOVEMENT:0.4570508144557429
C_CENTERCONTROL:0.49370508862058055
C_DEVELOPPIECES:0.5611604152014896
C_MATERIAL:0.5693329194673189
C_MOVECOUNT:0.5
