ELO:863
CE_PASSEDPAWNS:0.6003252140440334
CE_PAWNWEAKNESSES:0.49478808087012277
CE_PIECEACTIVITY:0.6183160823871386
CE_KINGPAWNSHIELD:0.4298651274097634
CE_PIECECOORDINATION:0.3615945204824376
CE_MATERIAL:0.46211170792535966
CE_KINGSAFETY:0.5405069437065048
C_PIECESQUARETABLES:0.5232906921348999
C_MOBILITY:0.5613220470733579
C_KINGSAFETY:0.5709685102855948
C_PAWNSTRUCTURE:0.5221748211915406
C_PIECECOORDINATION:0.4580395293406343
C_ROOKANDPAWNMOVEMENT:0.4580395293406343
C_CENTERCONTROL:0.42256491611684405
C_DEVELOPPIECES:0.6334774897881911
C_MATERIAL:0.5437142245334853
