ELO:963
CE_PASSEDPAWNS:0.5006590454474092
CE_PAWNWEAKNESSES:0.4830513561703553
CE_PIECEACTIVITY:0.49731236855312483
CE_KINGPAWNSHIELD:0.5324538424264674
CE_PIECECOORDINATION:0.5110187326762827
CE_MATERIAL:0.4940407507065471
CE_KINGSAFETY:0.5167825288309141
C_PIECESQUARETABLES:0.5058339423537057
C_MOBILITY:0.5048663092893543
C_KINGSAFETY:0.5
C_PAWNSTRUCTURE:0.5120419067486666
C_PIECECOORDINATION:0.4596000905796723
C_ROOKANDPAWNMOVEMENT:0.4596000905796723
C_CENTERCONTROL:0.5253072996832036
C_DEVELOPPIECES:0.5136318725734611
C_MATERIAL:0.5141508042485631
