ELO:974
CE_PASSEDPAWNS:0.500120491017809
CE_PAWNWEAKNESSES:0.4714587633401144
CE_PIECEACTIVITY:0.44469484992121056
CE_KINGPAWNSHIELD:0.45234034723246414
CE_PIECECOORDINATION:0.5470339445297349
CE_MATERIAL:0.4675766192445146
CE_KINGSAFETY:0.4825533253413719
C_PIECESQUARETABLES:0.4839720959217202
C_MOBILITY:0.5042470179627021
C_KINGSAFETY:0.5155658503235973
C_PAWNSTRUCTURE:0.45101480823467455
C_PIECECOORDINATION:0.48479107197128246
C_ROOKANDPAWNMOVEMENT:0.48479107197128246
C_CENTERCONTROL:0.47727772774342875
C_DEVELOPPIECES:0.46903108455647546
C_MATERIAL:0.505618576903537
