ELO:959
CE_PASSEDPAWNS:0.49386167632033223
CE_PAWNWEAKNESSES:0.49193331286689645
CE_PIECEACTIVITY:0.508823162452034
CE_KINGPAWNSHIELD:0.48073067586336377
CE_PIECECOORDINATION:0.4971719703065082
CE_MATERIAL:0.5101913735163026
CE_KINGSAFETY:0.5033119685054753
C_PIECESQUARETABLES:0.4809876641289889
C_MOBILITY:0.4943029251766203
C_KINGSAFETY:0.5115469619105272
C_PAWNSTRUCTURE:0.4774247275388474
C_PIECECOORDINATION:0.46370175280445464
C_ROOKANDPAWNMOVEMENT:0.46370175280445464
C_CENTERCONTROL:0.47345016168795867
C_DEVELOPPIECES:0.48980438224367434
C_MATERIAL:0.5069743074451296
C_MOVECOUNT:0.5033584056001322
