ELO:896
CE_PASSEDPAWNS:0.4575013113205273
CE_PAWNWEAKNESSES:0.45785355357750046
CE_PIECEACTIVITY:0.4507413711263665
CE_KINGPAWNSHIELD:0.44940871286033296
CE_PIECECOORDINATION:0.5228382977880577
CE_MATERIAL:0.5282161364529314
CE_KINGSAFETY:0.5168708224644668
C_PIECESQUARETABLES:0.5291574171900649
C_MOBILITY:0.5117354094370923
C_KINGSAFETY:0.4949643719690948
C_PAWNSTRUCTURE:0.5329955897056314
C_PIECECOORDINATION:0.4746974879321585
C_ROOKANDPAWNMOVEMENT:0.4746974879321585
C_CENTERCONTROL:0.47247453179489285
C_DEVELOPPIECES:0.5415974063707976
C_MATERIAL:0.5785825918009239
C_MOVECOUNT:0.5
