ELO:988
CE_PASSEDPAWNS:0.3741409515762092
CE_PAWNWEAKNESSES:0.5086530027826172
CE_PIECEACTIVITY:0.5710695920234664
CE_KINGPAWNSHIELD:0.46081181686474865
CE_PIECECOORDINATION:0.4535618234084439
CE_MATERIAL:0.5125313430690898
CE_KINGSAFETY:0.5190755815737593
C_PIECESQUARETABLES:0.49192087840796267
C_MOBILITY:0.49889277823729244
C_KINGSAFETY:0.5594239720260957
C_PAWNSTRUCTURE:0.3408059937400991
C_PIECECOORDINATION:0.5466597632046065
C_ROOKANDPAWNMOVEMENT:0.5466597632046065
C_CENTERCONTROL:0.36582623379412976
C_DEVELOPPIECES:0.49243115738311954
C_MATERIAL:0.6921624257642893
