ELO:1000
CE_PASSEDPAWNS:0.5702883756846926
CE_PAWNWEAKNESSES:0.5206391821295138
CE_PIECEACTIVITY:0.4908328259442773
CE_KINGPAWNSHIELD:0.5329988012703879
CE_PIECECOORDINATION:0.4515972760565667
CE_MATERIAL:0.44982386042444106
CE_KINGSAFETY:0.4704523070386472
C_PIECESQUARETABLES:0.536630551969755
C_MOBILITY:0.4973436276412345
C_KINGSAFETY:0.5405989717490167
C_PAWNSTRUCTURE:0.5567754852448593
C_PIECECOORDINATION:0.4864554846664879
C_ROOKANDPAWNMOVEMENT:0.4864554846664879
C_CENTERCONTROL:0.48771914122591253
C_DEVELOPPIECES:0.5465838283741731
C_MATERIAL:0.5063673602296958
