ELO:975
CE_PASSEDPAWNS:0.5834274001137206
CE_PAWNWEAKNESSES:0.4967730634940746
CE_PIECEACTIVITY:0.5383357179611383
CE_KINGPAWNSHIELD:0.49689138565417723
CE_PIECECOORDINATION:0.42897162229808317
CE_MATERIAL:0.49580036140305234
CE_KINGSAFETY:0.4624160541216505
C_PIECESQUARETABLES:0.529759741968591
C_MOBILITY:0.5093071944890003
C_KINGSAFETY:0.5147845803655617
C_PAWNSTRUCTURE:0.5528406680199188
C_PIECECOORDINATION:0.47661912143482515
C_ROOKANDPAWNMOVEMENT:0.47661912143482515
C_CENTERCONTROL:0.5105307981082363
C_DEVELOPPIECES:0.5659850862410412
C_MATERIAL:0.515504648103151
