ELO:1003
CE_PASSEDPAWNS:0.5406288923510852
CE_PAWNWEAKNESSES:0.5347924066524319
CE_PIECEACTIVITY:0.5188491314568598
CE_KINGPAWNSHIELD:0.4738010645683074
CE_PIECECOORDINATION:0.5070670325168852
CE_MATERIAL:0.495288798060024
CE_KINGSAFETY:0.5
C_PIECESQUARETABLES:0.49552825045151067
C_MOBILITY:0.48938724195429306
C_KINGSAFETY:0.5036765060428399
C_PAWNSTRUCTURE:0.4934601277977576
C_PIECECOORDINATION:0.48826317042256523
C_ROOK:0.4964758926137303
CE_ROOK:0.516450029067611
C_CENTERCONTROL:0.5008146998458952
C_DEVELOPPIECES:0.5468218512279092
C_MATERIAL:0.4949569457277611
C_MOVECOUNT:0.4847008475397733
C_PAWNMOVEMENT:0.5067523272849603
