ELO:937
CE_PASSEDPAWNS:0.4912777346600294
CE_PAWNWEAKNESSES:0.49283999212852586
CE_PIECEACTIVITY:0.46866745430912904
CE_KINGPAWNSHIELD:0.4635130188439116
CE_PIECECOORDINATION:0.4704082105243944
CE_MATERIAL:0.5024064468074909
CE_KINGSAFETY:0.5118506393308424
C_PIECESQUARETABLES:0.5
C_MOBILITY:0.49815617056987416
C_KINGSAFETY:0.49579390125417805
C_PAWNSTRUCTURE:0.5157450980746073
C_PIECECOORDINATION:0.4813079320859201
C_ROOKANDPAWNMOVEMENT:0.4813079320859201
C_CENTERCONTROL:0.488197813942428
C_DEVELOPPIECES:0.5266344002874509
C_MATERIAL:0.517460772226205
C_MOVECOUNT:0.5
