ELO:973
CE_PASSEDPAWNS:0.5834274001137206
CE_PAWNWEAKNESSES:0.4800371409993452
CE_PIECEACTIVITY:0.5384416842174123
CE_KINGPAWNSHIELD:0.49157556380409795
CE_PIECECOORDINATION:0.41993155186197373
CE_MATERIAL:0.5046120804764045
CE_KINGSAFETY:0.4580983648604753
C_PIECESQUARETABLES:0.546921944762486
C_MOBILITY:0.5242512669544818
C_KINGSAFETY:0.5088906070585377
C_PAWNSTRUCTURE:0.555001953128851
C_PIECECOORDINATION:0.4567108973522126
C_ROOKANDPAWNMOVEMENT:0.4567108973522126
C_CENTERCONTROL:0.5046838301679285
C_DEVELOPPIECES:0.5767121379240574
C_MATERIAL:0.5371577616693662
