ELO:972
CE_PASSEDPAWNS:0.5123831151769884
CE_PAWNWEAKNESSES:0.537126472464503
CE_PIECEACTIVITY:0.47499182181707456
CE_KINGPAWNSHIELD:0.47106388852303904
CE_PIECECOORDINATION:0.5147826205950655
CE_MATERIAL:0.485292671114334
CE_KINGSAFETY:0.5096739595774682
C_PIECESQUARETABLES:0.5
C_MOBILITY:0.4863258958123806
C_KINGSAFETY:0.500541725063006
C_PAWNSTRUCTURE:0.5050995289795378
C_PIECECOORDINATION:0.502008757997199
C_ROOK:0.49413328194942996
CE_ROOK:0.48541072278302166
C_CENTERCONTROL:0.49605131617548986
C_DEVELOPPIECES:0.5373111548218804
C_MATERIAL:0.5252388643169138
C_MOVECOUNT:0.5110446420487272
C_PAWNMOVEMENT:0.5147907540876293
