ELO:962
CE_PASSEDPAWNS:0.5347654595773533
CE_PAWNWEAKNESSES:0.5360389146441474
CE_PIECEACTIVITY:0.4972820612867874
CE_KINGPAWNSHIELD:0.4861214184083117
CE_PIECECOORDINATION:0.4907511132693636
CE_MATERIAL:0.5191017617538395
CE_KINGSAFETY:0.4947009790328738
C_PIECESQUARETABLES:0.4765281474977665
C_MOBILITY:0.4893346284232966
C_KINGSAFETY:0.49601858369211466
C_PAWNSTRUCTURE:0.4934601277977576
C_PIECECOORDINATION:0.48980411174212357
C_ROOK:0.5060129159360492
CE_ROOK:0.5072646932919325
C_CENTERCONTROL:0.5024882973932452
C_DEVELOPPIECES:0.5395988676718557
C_MATERIAL:0.4949569457277611
C_MOVECOUNT:0.4841742824410503
C_PAWNMOVEMENT:0.5118629948992626
