ELO:967
CE_PASSEDPAWNS:0.5698809079386832
CE_PAWNWEAKNESSES:0.4731539548859898
CE_PIECEACTIVITY:0.6237838930544286
CE_KINGPAWNSHIELD:0.48664398118894187
CE_PIECECOORDINATION:0.37381069294026464
CE_MATERIAL:0.48270715003550246
CE_KINGSAFETY:0.5
C_PIECESQUARETABLES:0.5
C_MOBILITY:0.5364911248415296
C_KINGSAFETY:0.5481367145170192
C_PAWNSTRUCTURE:0.49994146115716853
C_PIECECOORDINATION:0.4471993361309135
C_ROOKANDPAWNMOVEMENT:0.4471993361309135
C_CENTERCONTROL:0.454904116067102
C_DEVELOPPIECES:0.5994680888333094
C_MATERIAL:0.5447319003159156
