ELO:988
CE_PASSEDPAWNS:0.3671258369474086
CE_PAWNWEAKNESSES:0.4449176979510626
CE_PIECEACTIVITY:0.5584124342761553
CE_KINGPAWNSHIELD:0.4703500099509246
CE_PIECECOORDINATION:0.4587953277888198
CE_MATERIAL:0.519729473856587
CE_KINGSAFETY:0.4975918431668806
C_PIECESQUARETABLES:0.4995107419168492
C_MOBILITY:0.5088507741398046
C_KINGSAFETY:0.5504741798136416
C_PAWNSTRUCTURE:0.32007543361328183
C_PIECECOORDINATION:0.529180056554277
C_ROOKANDPAWNMOVEMENT:0.529180056554277
C_CENTERCONTROL:0.362472213741732
C_DEVELOPPIECES:0.49243115738311954
C_MATERIAL:0.5859692747107864
