ELO:1007
CE_PASSEDPAWNS:0.49193480123545125
CE_PAWNWEAKNESSES:0.4959031719677066
CE_PIECEACTIVITY:0.4901546002788496
CE_KINGPAWNSHIELD:0.5
CE_PIECECOORDINATION:0.5
CE_MATERIAL:0.5058968828973742
CE_KINGSAFETY:0.49151840487891013
C_PIECESQUARETABLES:0.5
C_MOBILITY:0.4982836843413741
C_KINGSAFETY:0.49661807740795416
C_PAWNSTRUCTURE:0.5031424420292118
C_PIECECOORDINATION:0.4885597227631606
C_ROOKANDPAWNMOVEMENT:0.4885597227631606
C_CENTERCONTROL:0.5061511962762585
C_DEVELOPPIECES:0.5
C_MATERIAL:0.48956743365247574
C_MOVECOUNT:0.5
