ELO:982
CE_PASSEDPAWNS:0.5417368403704144
CE_PAWNWEAKNESSES:0.46735077703121986
CE_PIECEACTIVITY:0.48903362763904307
CE_KINGPAWNSHIELD:0.49254480994617245
CE_PIECECOORDINATION:0.504610624580504
CE_MATERIAL:0.5
CE_KINGSAFETY:0.524014093130586
C_PIECESQUARETABLES:0.4559167160870185
C_MOBILITY:0.5286682464664408
C_KINGSAFETY:0.48854944784075766
C_PAWNSTRUCTURE:0.51357899596019
C_PIECECOORDINATION:0.4993848551466074
C_ROOKANDPAWNMOVEMENT:0.4993848551466074
C_CENTERCONTROL:0.5077531688688474
C_DEVELOPPIECES:0.5123570937292216
C_MATERIAL:0.5016518585331037
