ELO:989
CE_PASSEDPAWNS:0.3671258369474086
CE_PAWNWEAKNESSES:0.5086530027826172
CE_PIECEACTIVITY:0.5655484534760812
CE_KINGPAWNSHIELD:0.46202579213846057
CE_PIECECOORDINATION:0.4535126537369901
CE_MATERIAL:0.5133958055092663
CE_KINGSAFETY:0.5190755815737593
C_PIECESQUARETABLES:0.4960822753314911
C_MOBILITY:0.5001465408952577
C_KINGSAFETY:0.5428419623085158
C_PAWNSTRUCTURE:0.3317866257352687
C_PIECECOORDINATION:0.45554515203723284
C_ROOKANDPAWNMOVEMENT:0.45554515203723284
C_CENTERCONTROL:0.34556503403129324
C_DEVELOPPIECES:0.49243115738311954
C_MATERIAL:0.68087317891227
