ELO:987
CE_PASSEDPAWNS:0.47850033994397057
CE_PAWNWEAKNESSES:0.397567648961255
CE_PIECEACTIVITY:0.5286197417005712
CE_KINGPAWNSHIELD:0.4032564792544913
CE_PIECECOORDINATION:0.5001838182603446
CE_MATERIAL:0.4690890511556398
CE_KINGSAFETY:0.5254559702192938
C_PIECESQUARETABLES:0.479455287409288
C_MOBILITY:0.5032403405934149
C_KINGSAFETY:0.43206340774003593
C_PAWNSTRUCTURE:0.49450750403469923
C_PIECECOORDINATION:0.526842472395564
C_ROOKANDPAWNMOVEMENT:0.526842472395564
C_CENTERCONTROL:0.4906595280301707
C_DEVELOPPIECES:0.5152262397369298
C_MATERIAL:0.5149008442776004
