ELO:842
CE_PASSEDPAWNS:0.6172797050290109
CE_PAWNWEAKNESSES:0.48099600396664016
CE_PIECEACTIVITY:0.46455051151849186
CE_KINGPAWNSHIELD:0.43175961948503405
CE_PIECECOORDINATION:0.4666788268598543
CE_MATERIAL:0.48665502260217847
CE_KINGSAFETY:0.5093178985045769
C_PIECESQUARETABLES:0.48821946191937077
C_MOBILITY:0.5153931805283964
C_KINGSAFETY:0.5633554882761518
C_PAWNSTRUCTURE:0.43023602875793693
C_PIECECOORDINATION:0.6265316120228032
C_ROOKANDPAWNMOVEMENT:0.6265316120228032
C_CENTERCONTROL:0.5502210335228103
C_DEVELOPPIECES:0.5987931963000686
C_MATERIAL:0.5767633797243373
