ELO:1000
CE_PASSEDPAWNS:0.4784155132453993
CE_PAWNWEAKNESSES:0.48893541044932615
CE_PIECEACTIVITY:0.5027938510109796
CE_KINGPAWNSHIELD:0.4982915292389451
CE_PIECECOORDINATION:0.5
CE_MATERIAL:0.5
CE_KINGSAFETY:0.5097118249559471
C_PIECESQUARETABLES:0.49677070771107823
C_MOBILITY:0.5
C_KINGSAFETY:0.5055376148923604
C_PAWNSTRUCTURE:0.4986309908294338
C_PIECECOORDINATION:0.4929628940297166
C_ROOK:0.5108578699780421
CE_ROOK:0.5085401934252177
C_CENTERCONTROL:0.4857820967957285
C_DEVELOPPIECES:0.5005376459107661
C_MATERIAL:0.48128876696249956
C_MOVECOUNT:0.5085273946911034
C_PAWNMOVEMENT:0.49643337104136315
