ELO:954
CE_PASSEDPAWNS:0.4999554825550875
CE_PAWNWEAKNESSES:0.5156921166151222
CE_PIECEACTIVITY:0.4550742614153892
CE_KINGPAWNSHIELD:0.5208456436246443
CE_PIECECOORDINATION:0.5131660013172815
CE_MATERIAL:0.5135779071342105
CE_KINGSAFETY:0.5191772075560438
C_PIECESQUARETABLES:0.4757232079658958
C_MOBILITY:0.4768976952648372
C_KINGSAFETY:0.49481259808259465
C_PAWNSTRUCTURE:0.5070429556764579
C_PIECECOORDINATION:0.4969275775074639
C_ROOK:0.5078732393035518
CE_ROOK:0.4864447753655047
C_CENTERCONTROL:0.4810619468133833
C_DEVELOPPIECES:0.46961842965756523
C_MATERIAL:0.4686230836296945
C_MOVECOUNT:0.5169055930624359
C_PAWNMOVEMENT:0.5051090263514019
