ELO:960
CE_PASSEDPAWNS:0.48414844779830546
CE_PAWNWEAKNESSES:0.5052802909150987
CE_PIECEACTIVITY:0.44834111478834654
CE_KINGPAWNSHIELD:0.5234014606306997
CE_PIECECOORDINATION:0.507055866731789
CE_MATERIAL:0.5185738025742864
CE_KINGSAFETY:0.5
C_PIECESQUARETABLES:0.5
C_MOBILITY:0.4871992755884958
C_KINGSAFETY:0.48420752128717676
C_PAWNSTRUCTURE:0.5140480233299567
C_PIECECOORDINATION:0.5171500403222267
C_ROOK:0.5028401813073486
CE_ROOK:0.4929535908573964
C_CENTERCONTROL:0.49114102020068195
C_DEVELOPPIECES:0.4847141443539233
C_MATERIAL:0.4608052227212394
C_MOVECOUNT:0.5075096190704336
C_PAWNMOVEMENT:0.5019657623455437
