ELO:948
CE_PASSEDPAWNS:0.4733791341112587
CE_PAWNWEAKNESSES:0.5183023409982418
CE_PIECEACTIVITY:0.5051316066791702
CE_KINGPAWNSHIELD:0.48001879350115734
CE_PIECECOORDINATION:0.515456038618215
CE_MATERIAL:0.4911986202531226
CE_KINGSAFETY:0.5
C_PIECESQUARETABLES:0.5
C_MOBILITY:0.5016626699909236
C_KINGSAFETY:0.5363471304444739
C_PAWNSTRUCTURE:0.5133026659624752
C_PIECECOORDINATION:0.48571428497835417
C_ROOKANDPAWNMOVEMENT:0.48571428497835417
C_CENTERCONTROL:0.5157178686270741
C_DEVELOPPIECES:0.5039589376115092
C_MATERIAL:0.49174186700251477
C_MOVECOUNT:0.501264768158065
