ELO:1017
CE_PASSEDPAWNS:0.500369785131077
CE_PAWNWEAKNESSES:0.5
CE_PIECEACTIVITY:0.49819995250325183
CE_KINGPAWNSHIELD:0.5
CE_PIECECOORDINATION:0.49658193820219637
CE_MATERIAL:0.4997683633695673
CE_KINGSAFETY:0.5
C_PIECESQUARETABLES:0.5
C_MOBILITY:0.4940989214329034
C_KINGSAFETY:0.4821082087185366
C_PAWNSTRUCTURE:0.49985067223834934
C_PIECECOORDINATION:0.5208938345338675
C_ROOKANDPAWNMOVEMENT:0.5208938345338675
C_CENTERCONTROL:0.4794698204199635
C_DEVELOPPIECES:0.5217427212450777
C_MATERIAL:0.48956743365247574
C_MOVECOUNT:0.5
