ELO:833
CE_PASSEDPAWNS:0.6172797050290109
CE_PAWNWEAKNESSES:0.4810279547946339
CE_PIECEACTIVITY:0.47537074879299895
CE_KINGPAWNSHIELD:0.4398195626490481
CE_PIECECOORDINATION:0.45595086127931755
CE_MATERIAL:0.4911696135569688
CE_KINGSAFETY:0.5
C_PIECESQUARETABLES:0.5
C_MOBILITY:0.5137739494333768
C_KINGSAFETY:0.5615076800125147
C_PAWNSTRUCTURE:0.4220357160257894
C_PIECECOORDINATION:0.6341658546883568
C_ROOKANDPAWNMOVEMENT:0.6341658546883568
C_CENTERCONTROL:0.5457339323006501
C_DEVELOPPIECES:0.5886838805238765
C_MATERIAL:0.5589272570547725
