ELO:1000
CE_PASSEDPAWNS:0.5338364958613593
CE_PAWNWEAKNESSES:0.47910458118582294
CE_PIECEACTIVITY:0.45553138030253076
CE_KINGPAWNSHIELD:0.4977192719809431
CE_PIECECOORDINATION:0.46751696786855407
CE_MATERIAL:0.5183399997542978
CE_KINGSAFETY:0.49721457505207795
C_PIECESQUARETABLES:0.5064518269249462
C_MOBILITY:0.5143918272949933
C_KINGSAFETY:0.484873256157887
C_PAWNSTRUCTURE:0.44936079239253207
C_PIECECOORDINATION:0.5246193992710697
C_ROOKANDPAWNMOVEMENT:0.5246193992710697
C_CENTERCONTROL:0.5139200926900186
C_DEVELOPPIECES:0.5643931756025239
C_MATERIAL:0.5454622077340556
