ELO:949
CE_PASSEDPAWNS:0.4408829635753871
CE_PAWNWEAKNESSES:0.5318144386105158
CE_PIECEACTIVITY:0.5128409583604915
CE_KINGPAWNSHIELD:0.5007721174266254
CE_PIECECOORDINATION:0.48762770197405036
CE_MATERIAL:0.49782889385480256
CE_KINGSAFETY:0.4957621411198619
C_PIECESQUARETABLES:0.5
C_MOBILITY:0.46684985733045453
C_KINGSAFETY:0.4567550286985017
C_PAWNSTRUCTURE:0.5404099787210057
C_PIECECOORDINATION:0.5024062923218431
C_ROOK:0.4786063319554014
CE_ROOK:0.49391452591664664
C_CENTERCONTROL:0.4963439662279006
C_DEVELOPPIECES:0.46609458108512186
C_MATERIAL:0.5156533760904878
C_MOVECOUNT:0.5157263520845985
C_PAWNMOVEMENT:0.5188814542180716
