ELO:1117
CE_PASSEDPAWNS:0.6084885555200068
CE_PAWNWEAKNESSES:0.495219455587504
CE_PIECEACTIVITY:0.4782958327249123
CE_KINGPAWNSHIELD:0.6208131797722044
CE_PIECECOORDINATION:0.5707969823983154
CE_MATERIAL:0.43093902396672185
CE_KINGSAFETY:0.5
C_PIECESQUARETABLES:0.5
C_MOBILITY:0.42687431918087304
C_KINGSAFETY:0.6009543595079152
C_PAWNSTRUCTURE:0.41040599071577993
C_PIECECOORDINATION:0.48430233874975176
C_ROOKANDPAWNMOVEMENT:0.48430233874975176
C_CENTERCONTROL:0.5034308235860069
C_DEVELOPPIECES:0.5517733332360626
C_MATERIAL:0.360108915805051
