ELO:1000
CE_PASSEDPAWNS:0.44577732938995784
CE_PAWNWEAKNESSES:0.43552317725745093
CE_PIECEACTIVITY:0.5367184460210881
CE_KINGPAWNSHIELD:0.42020357561889204
CE_PIECECOORDINATION:0.4477423462208572
CE_MATERIAL:0.4982818414497479
CE_KINGSAFETY:0.487793698110657
C_PIECESQUARETABLES:0.4883555176079718
C_MOBILITY:0.47402692673064084
C_KINGSAFETY:0.44297413459102053
C_PAWNSTRUCTURE:0.5109976682507993
C_PIECECOORDINATION:0.49174959023207476
C_ROOKANDPAWNMOVEMENT:0.49174959023207476
C_CENTERCONTROL:0.5123222566355291
C_DEVELOPPIECES:0.5248388786310256
C_MATERIAL:0.5188026117726726
