ELO:938
CE_PASSEDPAWNS:0.54378034288866
CE_PAWNWEAKNESSES:0.46490505018536643
CE_PIECEACTIVITY:0.42795445453799696
CE_KINGPAWNSHIELD:0.451342768118362
CE_PIECECOORDINATION:0.45017898588840527
CE_MATERIAL:0.5082256951422364
CE_KINGSAFETY:0.5065167407177966
C_PIECESQUARETABLES:0.47577254758541165
C_MOBILITY:0.6271922162038592
C_KINGSAFETY:0.289944347774877
C_PAWNSTRUCTURE:0.4782442525170859
C_PIECECOORDINATION:0.4642628217073816
C_ROOKANDPAWNMOVEMENT:0.4642628217073816
C_CENTERCONTROL:0.4892088238328443
C_DEVELOPPIECES:0.43624277675983614
C_MATERIAL:0.49696000507420984
