ELO:706
CE_PASSEDPAWNS:0.5766744247548617
CE_PAWNWEAKNESSES:0.4769519461467681
CE_PIECEACTIVITY:0.5781873643489474
CE_KINGPAWNSHIELD:0.636678027453924
CE_PIECECOORDINATION:0.5558482469827256
CE_MATERIAL:0.48345280282368763
CE_KINGSAFETY:0.515576626639673
C_PIECESQUARETABLES:0.5183805936881621
C_MOBILITY:0.5615260316290893
C_KINGSAFETY:0.486036608932017
C_PAWNSTRUCTURE:0.47000813132254454
C_PIECECOORDINATION:0.45766891833748197
C_ROOKANDPAWNMOVEMENT:0.45766891833748197
C_CENTERCONTROL:0.40395612111824225
C_DEVELOPPIECES:0.4852754024712225
C_MATERIAL:0.6307882988804789
C_MOVECOUNT:0.5279104581258723
