ELO:1012
CE_PASSEDPAWNS:0.5
CE_PAWNWEAKNESSES:0.49891306365407045
CE_PIECEACTIVITY:0.5031693811333434
CE_KINGPAWNSHIELD:0.5078109291272634
CE_PIECECOORDINATION:0.5
CE_MATERIAL:0.4986149705258759
CE_KINGSAFETY:0.5
C_PIECESQUARETABLES:0.5
C_MOBILITY:0.505253621864048
C_KINGSAFETY:0.500197752579974
C_PAWNSTRUCTURE:0.5
C_PIECECOORDINATION:0.5
C_ROOKANDPAWNMOVEMENT:0.5
C_CENTERCONTROL:0.4781918262268755
C_DEVELOPPIECES:0.49146168363177267
C_MATERIAL:0.5076616707294204
C_MOVECOUNT:0.5
