ELO:989
CE_PASSEDPAWNS:0.3671258369474086
CE_PAWNWEAKNESSES:0.5373695753846617
CE_PIECEACTIVITY:0.5594978002495871
CE_KINGPAWNSHIELD:0.47296228941213614
CE_PIECECOORDINATION:0.46544225017118723
CE_MATERIAL:0.510952984154501
CE_KINGSAFETY:0.4881774827363051
C_PIECESQUARETABLES:0.49937821025038437
C_MOBILITY:0.5012821964863775
C_KINGSAFETY:0.5594239720260957
C_PAWNSTRUCTURE:0.33379912537941725
C_PIECECOORDINATION:0.44137439282231483
C_ROOKANDPAWNMOVEMENT:0.44137439282231483
C_CENTERCONTROL:0.34885820060779243
C_DEVELOPPIECES:0.47468204607091685
C_MATERIAL:0.6854495077625538
