ELO:746
CE_PASSEDPAWNS:0.5168892707702769
CE_PAWNWEAKNESSES:0.483309775460336
CE_PIECEACTIVITY:0.4481570256818505
CE_KINGPAWNSHIELD:0.5653982098468701
CE_PIECECOORDINATION:0.42138436052627387
CE_MATERIAL:0.49959064094004924
CE_KINGSAFETY:0.5029639467179536
C_PIECESQUARETABLES:0.48915845351902926
C_MOBILITY:0.5316256055083782
C_KINGSAFETY:0.501221455690271
C_PAWNSTRUCTURE:0.501727120081008
C_PIECECOORDINATION:0.49563781628260434
C_ROOKANDPAWNMOVEMENT:0.49563781628260434
C_CENTERCONTROL:0.5163122710517487
C_DEVELOPPIECES:0.5022023760191914
C_MATERIAL:0.4946235088627264
C_MOVECOUNT:0.5124625212411473
