ELO:895
CE_PASSEDPAWNS:0.5049849082564057
CE_PAWNWEAKNESSES:0.48149830693815754
CE_PIECEACTIVITY:0.46058965256983647
CE_KINGPAWNSHIELD:0.54345567781524
CE_PIECECOORDINATION:0.4433565111356598
CE_MATERIAL:0.47974642716660093
CE_KINGSAFETY:0.4978770006768925
C_PIECESQUARETABLES:0.48837595634403197
C_MOBILITY:0.4668185382481564
C_KINGSAFETY:0.480427280130789
C_PAWNSTRUCTURE:0.4495004164052935
C_PIECECOORDINATION:0.49409063765559497
C_ROOKANDPAWNMOVEMENT:0.49409063765559497
C_CENTERCONTROL:0.4951144281059764
C_DEVELOPPIECES:0.5156639660405608
C_MATERIAL:0.49663046067406325
C_MOVECOUNT:0.515721066424811
