ELO:958
CE_PASSEDPAWNS:0.5018601257978271
CE_PAWNWEAKNESSES:0.4810031688319861
CE_PIECEACTIVITY:0.4988247970124089
CE_KINGPAWNSHIELD:0.4990290787478186
CE_PIECECOORDINATION:0.47735778675237356
CE_MATERIAL:0.4905294478199426
CE_KINGSAFETY:0.5056720128471399
C_PIECESQUARETABLES:0.49988396598611834
C_MOBILITY:0.4816620220870389
C_KINGSAFETY:0.501475315338019
C_PAWNSTRUCTURE:0.5046734419885437
C_PIECECOORDINATION:0.4638323095081012
C_ROOKANDPAWNMOVEMENT:0.4638323095081012
C_CENTERCONTROL:0.4987571956569585
C_DEVELOPPIECES:0.5095439202527511
C_MATERIAL:0.5040811445778184
C_MOVECOUNT:0.5092724146033144
