ELO:988
CE_PASSEDPAWNS:0.48414844779830546
CE_PAWNWEAKNESSES:0.5052802909150987
CE_PIECEACTIVITY:0.4525208403437547
CE_KINGPAWNSHIELD:0.5210359220205509
CE_PIECECOORDINATION:0.507055866731789
CE_MATERIAL:0.5072556373037544
CE_KINGSAFETY:0.4926396252648138
C_PIECESQUARETABLES:0.502291887177448
C_MOBILITY:0.4871992755884958
C_KINGSAFETY:0.5088749703750897
C_PAWNSTRUCTURE:0.5092858959772173
C_PIECECOORDINATION:0.48524327613940316
C_ROOK:0.500795092433006
CE_ROOK:0.500626709541366
C_CENTERCONTROL:0.5115327365584106
C_DEVELOPPIECES:0.4847141443539233
C_MATERIAL:0.46403163447353907
C_MOVECOUNT:0.5002826033455491
C_PAWNMOVEMENT:0.4807163418292086
