ELO:999
CE_PASSEDPAWNS:0.47072645700220833
CE_PAWNWEAKNESSES:0.48893541044932615
CE_PIECEACTIVITY:0.5027938510109796
CE_KINGPAWNSHIELD:0.5031342480443239
CE_PIECECOORDINATION:0.5
CE_MATERIAL:0.5
CE_KINGSAFETY:0.5
C_PIECESQUARETABLES:0.48880497676374424
C_MOBILITY:0.5
C_KINGSAFETY:0.5055376148923604
C_PAWNSTRUCTURE:0.5087503700257153
C_PIECECOORDINATION:0.4985402377915893
C_ROOK:0.5108578699780421
CE_ROOK:0.5085401934252177
C_CENTERCONTROL:0.4857820967957285
C_DEVELOPPIECES:0.4936596961459164
C_MATERIAL:0.4916669031525271
C_MOVECOUNT:0.5097861092307201
C_PAWNMOVEMENT:0.4874361755424448
