ELO:980
CE_PASSEDPAWNS:0.5002307007577029
CE_PAWNWEAKNESSES:0.5121484230464395
CE_PIECEACTIVITY:0.5160704943821535
CE_KINGPAWNSHIELD:0.49885025771134917
CE_PIECECOORDINATION:0.47126475928935413
CE_MATERIAL:0.5045745273437328
CE_KINGSAFETY:0.5026343447397082
C_PIECESQUARETABLES:0.49564318014777903
C_MOBILITY:0.5075164635227641
C_KINGSAFETY:0.5095813967610102
C_PAWNSTRUCTURE:0.49965273553034256
C_PIECECOORDINATION:0.5223419103900488
C_ROOKANDPAWNMOVEMENT:0.5223419103900488
C_CENTERCONTROL:0.5076007395794626
C_DEVELOPPIECES:0.48923906703094755
C_MATERIAL:0.5259393343199757
