ELO:860
CE_PASSEDPAWNS:0.520125283504859
CE_PAWNWEAKNESSES:0.5555423540992618
CE_PIECEACTIVITY:0.43895030060049905
CE_KINGPAWNSHIELD:0.48956679879473736
CE_PIECECOORDINATION:0.4941859613436806
CE_MATERIAL:0.4582209298369249
CE_KINGSAFETY:0.4855965372566305
C_PIECESQUARETABLES:0.46375613086749723
C_MOBILITY:0.5022857476734653
C_KINGSAFETY:0.51411463254145
C_PAWNSTRUCTURE:0.49824290398952625
C_PIECECOORDINATION:0.4896311412423902
C_ROOKANDPAWNMOVEMENT:0.4896311412423902
C_CENTERCONTROL:0.5002616377154703
C_DEVELOPPIECES:0.5072036581088011
C_MATERIAL:0.5137676597456177
C_MOVECOUNT:0.5
