ELO:977
CE_PASSEDPAWNS:0.32754695511068566
CE_PAWNWEAKNESSES:0.5623602588044458
CE_PIECEACTIVITY:0.4967403388691184
CE_KINGPAWNSHIELD:0.5711918926824344
CE_PIECECOORDINATION:0.4516490242246561
CE_MATERIAL:0.3919652231766633
CE_KINGSAFETY:0.4994887356241337
C_PIECESQUARETABLES:0.5477520359618668
C_MOBILITY:0.5544410998246317
C_KINGSAFETY:0.44066894626608355
C_PAWNSTRUCTURE:0.47845520635178734
C_PIECECOORDINATION:0.4711520312140606
C_ROOKANDPAWNMOVEMENT:0.4711520312140606
C_CENTERCONTROL:0.5420555480823646
C_DEVELOPPIECES:0.5227634936561395
C_MATERIAL:0.5523615239925946
