ELO:962
CE_PASSEDPAWNS:0.49882123465975764
CE_PAWNWEAKNESSES:0.5107952471220938
CE_PIECEACTIVITY:0.47045859769695386
CE_KINGPAWNSHIELD:0.5097219456847031
CE_PIECECOORDINATION:0.5094180641250908
CE_MATERIAL:0.5006618521700706
CE_KINGSAFETY:0.4966238488272374
C_PIECESQUARETABLES:0.49135378964847143
C_MOBILITY:0.4796072581983168
C_KINGSAFETY:0.5028384311408128
C_PAWNSTRUCTURE:0.5104346278326609
C_PIECECOORDINATION:0.4790792745235347
C_ROOK:0.5047031161586361
CE_ROOK:0.500626709541366
C_CENTERCONTROL:0.4992283018874959
C_DEVELOPPIECES:0.4847141443539233
C_MATERIAL:0.46403163447353907
C_MOVECOUNT:0.4976034441581663
C_PAWNMOVEMENT:0.4715730992664687
