ELO:1000
CE_PASSEDPAWNS:0.5247950526796658
CE_PAWNWEAKNESSES:0.4477395963131498
CE_PIECEACTIVITY:0.47149760592886597
CE_KINGPAWNSHIELD:0.46996802481528926
CE_PIECECOORDINATION:0.4488141617180823
CE_MATERIAL:0.5424668133586088
CE_KINGSAFETY:0.44758560479407
C_PIECESQUARETABLES:0.49680026988250614
C_MOBILITY:0.511382979850499
C_KINGSAFETY:0.5302634436617908
C_PAWNSTRUCTURE:0.47202289703136924
C_PIECECOORDINATION:0.5386183931116553
C_ROOKANDPAWNMOVEMENT:0.5386183931116553
C_CENTERCONTROL:0.49772699713002244
C_DEVELOPPIECES:0.5275758320703997
C_MATERIAL:0.5098376715337889
