ELO:997
CE_PASSEDPAWNS:0.49762006960389854
CE_PAWNWEAKNESSES:0.5
CE_PIECEACTIVITY:0.5098870164335668
CE_KINGPAWNSHIELD:0.4993013345383781
CE_PIECECOORDINATION:0.48505039144545675
CE_MATERIAL:0.5
CE_KINGSAFETY:0.49364889792622607
C_PIECESQUARETABLES:0.5106249324347554
C_MOBILITY:0.5
C_KINGSAFETY:0.4884045199121906
C_PAWNSTRUCTURE:0.5004081534933476
C_PIECECOORDINATION:0.5178657726526383
C_ROOKANDPAWNMOVEMENT:0.5178657726526383
C_CENTERCONTROL:0.5
C_DEVELOPPIECES:0.5061817601194745
C_MATERIAL:0.5065945468195244
