ELO:1014
CE_PASSEDPAWNS:0.48226648419021445
CE_PAWNWEAKNESSES:0.5096405442807563
CE_PIECEACTIVITY:0.5331329864837517
CE_KINGPAWNSHIELD:0.5399934282792515
CE_PIECECOORDINATION:0.47571402678545766
CE_MATERIAL:0.504389201472463
CE_KINGSAFETY:0.5
C_PIECESQUARETABLES:0.4888167611237117
C_MOBILITY:0.48728707931317183
C_KINGSAFETY:0.4900517742127242
C_PAWNSTRUCTURE:0.5098453686536272
C_PIECECOORDINATION:0.5212605123307055
C_ROOKANDPAWNMOVEMENT:0.5212605123307055
C_CENTERCONTROL:0.49649418434852305
C_DEVELOPPIECES:0.4577440942334543
C_MATERIAL:0.54888627651973
C_MOVECOUNT:0.5110839585829962
