ELO:952
CE_PASSEDPAWNS:0.4728303165038239
CE_PAWNWEAKNESSES:0.5264315894502435
CE_PIECEACTIVITY:0.5071464653940062
CE_KINGPAWNSHIELD:0.4889406226701444
CE_PIECECOORDINATION:0.515456038618215
CE_MATERIAL:0.48660997194769573
CE_KINGSAFETY:0.4944995358010651
C_PIECESQUARETABLES:0.509267316617888
C_MOBILITY:0.507540815179824
C_KINGSAFETY:0.5240987567005466
C_PAWNSTRUCTURE:0.5085605191299271
C_PIECECOORDINATION:0.48571428497835417
C_ROOKANDPAWNMOVEMENT:0.48571428497835417
C_CENTERCONTROL:0.5338549676500091
C_DEVELOPPIECES:0.5039589376115092
C_MATERIAL:0.49174186700251477
C_MOVECOUNT:0.48560040990628883
