ELO:949
CE_PASSEDPAWNS:0.4733791341112587
CE_PAWNWEAKNESSES:0.5183023409982418
CE_PIECEACTIVITY:0.5134970530064774
CE_KINGPAWNSHIELD:0.481249157167934
CE_PIECECOORDINATION:0.515456038618215
CE_MATERIAL:0.4911986202531226
CE_KINGSAFETY:0.4944995358010651
C_PIECESQUARETABLES:0.509267316617888
C_MOBILITY:0.5016626699909236
C_KINGSAFETY:0.5240987567005466
C_PAWNSTRUCTURE:0.5133026659624752
C_PIECECOORDINATION:0.48571428497835417
C_ROOKANDPAWNMOVEMENT:0.48571428497835417
C_CENTERCONTROL:0.5249236674622192
C_DEVELOPPIECES:0.5039589376115092
C_MATERIAL:0.49174186700251477
C_MOVECOUNT:0.49646317672015616
