ELO:1000
CE_PASSEDPAWNS:0.49308000118849676
CE_PAWNWEAKNESSES:0.46220560254037096
CE_PIECEACTIVITY:0.5074493963382286
CE_KINGPAWNSHIELD:0.4694006775761015
CE_PIECECOORDINATION:0.46685017058515776
CE_MATERIAL:0.5085414326187411
CE_KINGSAFETY:0.4969917501304324
C_PIECESQUARETABLES:0.5279530153508829
C_MOBILITY:0.48233564056426637
C_KINGSAFETY:0.45977655837950304
C_PAWNSTRUCTURE:0.5143118922750786
C_PIECECOORDINATION:0.4715863459172912
C_ROOKANDPAWNMOVEMENT:0.4715863459172912
C_CENTERCONTROL:0.5237063605015813
C_DEVELOPPIECES:0.5362834415775564
C_MATERIAL:0.5051267558022696
