ELO:971
CE_PASSEDPAWNS:0.5566801261935975
CE_PAWNWEAKNESSES:0.44035200563265425
CE_PIECEACTIVITY:0.403423372943776
CE_KINGPAWNSHIELD:0.4491560107987314
CE_PIECECOORDINATION:0.46097596097124327
CE_MATERIAL:0.508066290634357
CE_KINGSAFETY:0.5379670534415637
C_PIECESQUARETABLES:0.49678707795691607
C_MOBILITY:0.61142498635453
C_KINGSAFETY:0.33065980872525486
C_PAWNSTRUCTURE:0.532276741346142
C_PIECECOORDINATION:0.477299411104212
C_ROOKANDPAWNMOVEMENT:0.477299411104212
C_CENTERCONTROL:0.512841022777845
C_DEVELOPPIECES:0.42287510181294646
C_MATERIAL:0.49324440214127896
