ELO:1000
CE_PASSEDPAWNS:0.44460301783428824
CE_PAWNWEAKNESSES:0.44579403717247956
CE_PIECEACTIVITY:0.5367184460210881
CE_KINGPAWNSHIELD:0.42020357561889204
CE_PIECECOORDINATION:0.4372660665684841
CE_MATERIAL:0.49296540956690565
CE_KINGSAFETY:0.487793698110657
C_PIECESQUARETABLES:0.486404422489549
C_MOBILITY:0.462373486878629
C_KINGSAFETY:0.44297413459102053
C_PAWNSTRUCTURE:0.529145030082203
C_PIECECOORDINATION:0.49499042117086733
C_ROOKANDPAWNMOVEMENT:0.49499042117086733
C_CENTERCONTROL:0.5000318068894056
C_DEVELOPPIECES:0.5279140228211802
C_MATERIAL:0.5114821713015093
