ELO:956
CE_PASSEDPAWNS:0.5207663648398858
CE_PAWNWEAKNESSES:0.444800677692811
CE_PIECEACTIVITY:0.5128409583604915
CE_KINGPAWNSHIELD:0.5148819981728254
CE_PIECECOORDINATION:0.4952339440071637
CE_MATERIAL:0.5835434971665285
CE_KINGSAFETY:0.5
C_PIECESQUARETABLES:0.49444690485554665
C_MOBILITY:0.47550114124127657
C_KINGSAFETY:0.5080434949944064
C_PAWNSTRUCTURE:0.48523530375623375
C_PIECECOORDINATION:0.5138478512972927
C_ROOK:0.4992103744901393
CE_ROOK:0.4964505042713684
C_CENTERCONTROL:0.5122596979888903
C_DEVELOPPIECES:0.49406540277436256
C_MATERIAL:0.5168200496197201
C_MOVECOUNT:0.5004312606227973
C_PAWNMOVEMENT:0.5188814542180716
