ELO:994
CE_PASSEDPAWNS:0.5
CE_PAWNWEAKNESSES:0.5213807306289855
CE_PIECEACTIVITY:0.5113913421664306
CE_KINGPAWNSHIELD:0.493710620889356
CE_PIECECOORDINATION:0.5017115625974854
CE_MATERIAL:0.5059710120888959
CE_KINGSAFETY:0.5007070536474956
C_PIECESQUARETABLES:0.489207748327665
C_MOBILITY:0.48804026079622076
C_KINGSAFETY:0.5099037172555512
C_PAWNSTRUCTURE:0.4917736305295332
C_PIECECOORDINATION:0.5014684116095562
C_ROOKANDPAWNMOVEMENT:0.5014684116095562
C_CENTERCONTROL:0.49071827577386307
C_DEVELOPPIECES:0.5
C_MATERIAL:0.4978869826214481
