ELO:1000
CE_PASSEDPAWNS:0.456836269024597
CE_PAWNWEAKNESSES:0.4446023003520692
CE_PIECEACTIVITY:0.5149827014581017
CE_KINGPAWNSHIELD:0.4264464473884133
CE_PIECECOORDINATION:0.451364074922957
CE_MATERIAL:0.507544391242057
CE_KINGSAFETY:0.4975779647445654
C_PIECESQUARETABLES:0.4930712278476493
C_MOBILITY:0.4570469631793732
C_KINGSAFETY:0.44348119098493755
C_PAWNSTRUCTURE:0.5231608678538592
C_PIECECOORDINATION:0.5042047652955663
C_ROOKANDPAWNMOVEMENT:0.5042047652955663
C_CENTERCONTROL:0.48433116101999996
C_DEVELOPPIECES:0.5466722932736803
C_MATERIAL:0.5291922471925284
