ELO:1000
CE_PASSEDPAWNS:0.4654195209085441
CE_PAWNWEAKNESSES:0.4502843816302592
CE_PIECEACTIVITY:0.5174845978184
CE_KINGPAWNSHIELD:0.43155412748297894
CE_PIECECOORDINATION:0.4635260252892032
CE_MATERIAL:0.4923688803805261
CE_KINGSAFETY:0.5228441141920817
C_PIECESQUARETABLES:0.4854778057698188
C_MOBILITY:0.46238591285868247
C_KINGSAFETY:0.45782627759523836
C_PAWNSTRUCTURE:0.5083349308347982
C_PIECECOORDINATION:0.4550779151123932
C_ROOKANDPAWNMOVEMENT:0.4550779151123932
C_CENTERCONTROL:0.514425601617603
C_DEVELOPPIECES:0.558900029793571
C_MATERIAL:0.5096195004432544
