ELO:959
CE_PASSEDPAWNS:0.4733791341112587
CE_PAWNWEAKNESSES:0.5183023409982418
CE_PIECEACTIVITY:0.5051316066791702
CE_KINGPAWNSHIELD:0.48042039678639054
CE_PIECECOORDINATION:0.515456038618215
CE_MATERIAL:0.4911986202531226
CE_KINGSAFETY:0.4953422242645745
C_PIECESQUARETABLES:0.509335873441443
C_MOBILITY:0.5016626699909236
C_KINGSAFETY:0.5385693656706506
C_PAWNSTRUCTURE:0.5133026659624752
C_PIECECOORDINATION:0.4835752170504468
C_ROOKANDPAWNMOVEMENT:0.4835752170504468
C_CENTERCONTROL:0.5063667263504203
C_DEVELOPPIECES:0.5048156630657179
C_MATERIAL:0.49174186700251477
C_MOVECOUNT:0.501264768158065
