ELO:896
CE_PASSEDPAWNS:0.29201874390592875
CE_PAWNWEAKNESSES:0.606061264708269
CE_PIECEACTIVITY:0.40583225562578673
CE_KINGPAWNSHIELD:0.5771735868079324
CE_PIECECOORDINATION:0.5343480361125681
CE_MATERIAL:0.401295672086374
CE_KINGSAFETY:0.562486019874253
C_PIECESQUARETABLES:0.5134828302228899
C_MOBILITY:0.5473236563535652
C_KINGSAFETY:0.5079530402858331
C_PAWNSTRUCTURE:0.4240356795261768
C_PIECECOORDINATION:0.4176245095500341
C_ROOKANDPAWNMOVEMENT:0.4176245095500341
C_CENTERCONTROL:0.4758972930182717
C_DEVELOPPIECES:0.5573755726759001
C_MATERIAL:0.6247052239918331
