ELO:1000
CE_PASSEDPAWNS:0.5
CE_PAWNWEAKNESSES:0.5153886172771084
CE_PIECEACTIVITY:0.5007178784430031
CE_KINGPAWNSHIELD:0.4984155229458531
CE_PIECECOORDINATION:0.48734955900841054
CE_MATERIAL:0.5012613501540008
CE_KINGSAFETY:0.4906639559675408
C_PIECESQUARETABLES:0.5
C_MOBILITY:0.4928577440102631
C_KINGSAFETY:0.5001998017496172
C_PAWNSTRUCTURE:0.4938157490433554
C_PIECECOORDINATION:0.5034124273505591
C_ROOKANDPAWNMOVEMENT:0.5034124273505591
C_CENTERCONTROL:0.4910519306226935
C_DEVELOPPIECES:0.5177439971878678
C_MATERIAL:0.5069969848291316
