ELO:897
CE_PASSEDPAWNS:0.29856991355361195
CE_PAWNWEAKNESSES:0.6090149132100902
CE_PIECEACTIVITY:0.41624980917019216
CE_KINGPAWNSHIELD:0.5753799418070784
CE_PIECECOORDINATION:0.5215248172636521
CE_MATERIAL:0.42142845805961227
CE_KINGSAFETY:0.5445252979029142
C_PIECESQUARETABLES:0.4845573735121331
C_MOBILITY:0.5398779122817662
C_KINGSAFETY:0.47211685224403566
C_PAWNSTRUCTURE:0.4245417633029777
C_PIECECOORDINATION:0.4401505408744135
C_ROOKANDPAWNMOVEMENT:0.4401505408744135
C_CENTERCONTROL:0.4767265443508881
C_DEVELOPPIECES:0.5557450187999362
C_MATERIAL:0.6312241140813912
