ELO:1000
CE_PASSEDPAWNS:0.47579816957034526
CE_PAWNWEAKNESSES:0.46446707944073934
CE_PIECEACTIVITY:0.5159937485521889
CE_KINGPAWNSHIELD:0.4404637277309923
CE_PIECECOORDINATION:0.43796772218778945
CE_MATERIAL:0.5045713225501823
CE_KINGSAFETY:0.5
C_PIECESQUARETABLES:0.5
C_MOBILITY:0.4777353575357577
C_KINGSAFETY:0.4497603614750954
C_PAWNSTRUCTURE:0.5126316433895405
C_PIECECOORDINATION:0.44318906151711684
C_ROOKANDPAWNMOVEMENT:0.44318906151711684
C_CENTERCONTROL:0.5168363647484372
C_DEVELOPPIECES:0.5349749419782945
C_MATERIAL:0.5101886364495349
