ELO:986
CE_PASSEDPAWNS:0.49071448479940993
CE_PAWNWEAKNESSES:0.5
CE_PIECEACTIVITY:0.5168256407520503
CE_KINGPAWNSHIELD:0.5048018511369108
CE_PIECECOORDINATION:0.5035095913677814
CE_MATERIAL:0.5033829306322181
CE_KINGSAFETY:0.5205552903890324
C_PIECESQUARETABLES:0.4967078652277663
C_MOBILITY:0.5
C_KINGSAFETY:0.4889025900865385
C_PAWNSTRUCTURE:0.514665079813041
C_PIECECOORDINATION:0.4886289042894815
C_ROOKANDPAWNMOVEMENT:0.4886289042894815
C_CENTERCONTROL:0.47434765773069604
C_DEVELOPPIECES:0.5122643572506366
C_MATERIAL:0.5023748665432802
C_MOVECOUNT:0.5
