ELO:1000
CE_PASSEDPAWNS:0.525835320665495
CE_PAWNWEAKNESSES:0.43630326214306653
CE_PIECEACTIVITY:0.47430566239836347
CE_KINGPAWNSHIELD:0.4717468091734207
CE_PIECECOORDINATION:0.4555019171272498
CE_MATERIAL:0.5242505696055382
CE_KINGSAFETY:0.44001292877185716
C_PIECESQUARETABLES:0.5284336880920918
C_MOBILITY:0.5030587686940658
C_KINGSAFETY:0.5042120395656859
C_PAWNSTRUCTURE:0.4580292486332624
C_PIECECOORDINATION:0.5373459634821802
C_ROOKANDPAWNMOVEMENT:0.5373459634821802
C_CENTERCONTROL:0.506607403611456
C_DEVELOPPIECES:0.5464749343288394
C_MATERIAL:0.5282251149313262
