ELO:1000
CE_PASSEDPAWNS:0.5
CE_PAWNWEAKNESSES:0.5085864020799862
CE_PIECEACTIVITY:0.5
CE_KINGPAWNSHIELD:0.4984155229458531
CE_PIECECOORDINATION:0.5
CE_MATERIAL:0.4941701119825504
CE_KINGSAFETY:0.5
C_PIECESQUARETABLES:0.5
C_MOBILITY:0.49822985912847645
C_KINGSAFETY:0.5
C_PAWNSTRUCTURE:0.5027288029641256
C_PIECECOORDINATION:0.5
C_ROOKANDPAWNMOVEMENT:0.5
C_CENTERCONTROL:0.49614685606449427
C_DEVELOPPIECES:0.5058097323981846
C_MATERIAL:0.5
