ELO:1000
CE_PASSEDPAWNS:0.4722582408380747
CE_PAWNWEAKNESSES:0.4895584265911072
CE_PIECEACTIVITY:0.45702654420907063
CE_KINGPAWNSHIELD:0.5037503694575629
CE_PIECECOORDINATION:0.461116496546069
CE_MATERIAL:0.5116779441813926
CE_KINGSAFETY:0.4997909598270415
C_PIECESQUARETABLES:0.4417078338898354
C_MOBILITY:0.5353075398093313
C_KINGSAFETY:0.5300680483500453
C_PAWNSTRUCTURE:0.5012099408683885
C_PIECECOORDINATION:0.5277216154948686
C_ROOKANDPAWNMOVEMENT:0.5277216154948686
C_CENTERCONTROL:0.5271427047125895
C_DEVELOPPIECES:0.4545218756259085
C_MATERIAL:0.5199262605129595
