ELO:682
CE_PASSEDPAWNS:0.5214922887707887
CE_PAWNWEAKNESSES:0.430352783229266
CE_PIECEACTIVITY:0.5121822140815724
CE_KINGPAWNSHIELD:0.5316037837839015
CE_PIECECOORDINATION:0.4081366021724687
CE_MATERIAL:0.417374777517513
CE_KINGSAFETY:0.4550227033908662
C_PIECESQUARETABLES:0.4673074518959382
C_MOBILITY:0.5626263405375694
C_KINGSAFETY:0.30434283374244087
C_PAWNSTRUCTURE:0.48135868685099814
C_PIECECOORDINATION:0.5373291754343479
C_ROOKANDPAWNMOVEMENT:0.5373291754343479
C_CENTERCONTROL:0.43979505879495795
C_DEVELOPPIECES:0.5093086014756226
C_MATERIAL:0.44782606442066336
C_MOVECOUNT:0.5
