ELO:989
CE_PASSEDPAWNS:0.3671258369474086
CE_PAWNWEAKNESSES:0.5086530027826172
CE_PIECEACTIVITY:0.5594978002495871
CE_KINGPAWNSHIELD:0.46202579213846057
CE_PIECECOORDINATION:0.44787268920760365
CE_MATERIAL:0.5133958055092663
CE_KINGSAFETY:0.5
C_PIECESQUARETABLES:0.49937821025038437
C_MOBILITY:0.4935973371675006
C_KINGSAFETY:0.5522529911822824
C_PAWNSTRUCTURE:0.3317866257352687
C_PIECECOORDINATION:0.43249036821150066
C_ROOKANDPAWNMOVEMENT:0.43249036821150066
C_CENTERCONTROL:0.35488331713916
C_DEVELOPPIECES:0.48463106472835726
C_MATERIAL:0.6892434853466176
