ELO:970
CE_PASSEDPAWNS:0.48539370805113863
CE_PAWNWEAKNESSES:0.45922106197029605
CE_PIECEACTIVITY:0.5105691633699476
CE_KINGPAWNSHIELD:0.5017976787144592
CE_PIECECOORDINATION:0.5137897023596647
CE_MATERIAL:0.483620006281154
CE_KINGSAFETY:0.5
C_PIECESQUARETABLES:0.4897173165213039
C_MOBILITY:0.4670851356955035
C_KINGSAFETY:0.48435569640480614
C_PAWNSTRUCTURE:0.49182857188355344
C_PIECECOORDINATION:0.4477489718710694
C_ROOKANDPAWNMOVEMENT:0.4477489718710694
C_CENTERCONTROL:0.5265605374029066
C_DEVELOPPIECES:0.5372363963903973
C_MATERIAL:0.49091161424348667
C_MOVECOUNT:0.48489519785708585
