ELO:999
CE_PASSEDPAWNS:0.49979395498683554
CE_PAWNWEAKNESSES:0.49884489636063084
CE_PIECEACTIVITY:0.5027278136994168
CE_KINGPAWNSHIELD:0.5055826633834721
CE_PIECECOORDINATION:0.49986550611912167
CE_MATERIAL:0.5
CE_KINGSAFETY:0.5112023354061689
C_PIECESQUARETABLES:0.4899862178904124
C_MOBILITY:0.4934654405988578
C_KINGSAFETY:0.5045568132094703
C_PAWNSTRUCTURE:0.496935980608596
C_PIECECOORDINATION:0.5103832401324433
C_ROOKANDPAWNMOVEMENT:0.5103832401324433
C_CENTERCONTROL:0.5
C_DEVELOPPIECES:0.4879298637170347
C_MATERIAL:0.4943700577062433
C_MOVECOUNT:0.49271189721879316
