ELO:620
CE_PASSEDPAWNS:0.5299275142019865
CE_PAWNWEAKNESSES:0.4230203169199672
CE_PIECEACTIVITY:0.5565169304826869
CE_KINGPAWNSHIELD:0.5317574006636107
CE_PIECECOORDINATION:0.37571190991620385
CE_MATERIAL:0.41490667650010576
CE_KINGSAFETY:0.45275686590827424
C_PIECESQUARETABLES:0.4641380466072904
C_MOBILITY:0.5291943755182273
C_KINGSAFETY:0.2948112438958243
C_PAWNSTRUCTURE:0.4807111085919844
C_PIECECOORDINATION:0.5596203368788503
C_ROOKANDPAWNMOVEMENT:0.5596203368788503
C_CENTERCONTROL:0.43632235091487637
C_DEVELOPPIECES:0.5093086014756226
C_MATERIAL:0.4345883274468803
C_MOVECOUNT:0.5
