ELO:926
CE_PASSEDPAWNS:0.5027879626283577
CE_PAWNWEAKNESSES:0.5607919904910522
CE_PIECEACTIVITY:0.49247164326226456
CE_KINGPAWNSHIELD:0.5044579979512944
CE_PIECECOORDINATION:0.519254510596387
CE_MATERIAL:0.48908639562288175
CE_KINGSAFETY:0.5624098449855016
C_PIECESQUARETABLES:0.46814168265591916
C_MOBILITY:0.5038358168699835
C_KINGSAFETY:0.4640081704710854
C_PAWNSTRUCTURE:0.4817303064484207
C_PIECECOORDINATION:0.5215102953310232
C_ROOKANDPAWNMOVEMENT:0.5215102953310232
C_CENTERCONTROL:0.49114075392392315
C_DEVELOPPIECES:0.4771576431108074
C_MATERIAL:0.5268650829417896
C_MOVECOUNT:0.5
