ELO:915
CE_PASSEDPAWNS:0.457130610987276
CE_PAWNWEAKNESSES:0.49764622152293747
CE_PIECEACTIVITY:0.4246811587630052
CE_KINGPAWNSHIELD:0.47493062390727886
CE_PIECECOORDINATION:0.5186653639652907
CE_MATERIAL:0.5096025650345053
CE_KINGSAFETY:0.5042146300860793
C_PIECESQUARETABLES:0.5021551114571758
C_MOBILITY:0.5019190850978479
C_KINGSAFETY:0.4631357009558029
C_PAWNSTRUCTURE:0.5358220115787287
C_PIECECOORDINATION:0.4907772213988674
C_ROOKANDPAWNMOVEMENT:0.4907772213988674
C_CENTERCONTROL:0.5789846709498047
C_DEVELOPPIECES:0.5205589548623111
C_MATERIAL:0.49588264493301276
C_MOVECOUNT:0.4563934145225832
