ELO:1013
CE_PASSEDPAWNS:0.4672830619702464
CE_PAWNWEAKNESSES:0.5081533900562797
CE_PIECEACTIVITY:0.5054269034939335
CE_KINGPAWNSHIELD:0.5223091071042263
CE_PIECECOORDINATION:0.49508892530879683
CE_MATERIAL:0.48815775451456217
CE_KINGSAFETY:0.5
C_PIECESQUARETABLES:0.5
C_MOBILITY:0.516052410613401
C_KINGSAFETY:0.4736079089103129
C_PAWNSTRUCTURE:0.48611940130445935
C_PIECECOORDINATION:0.5161112147581152
C_ROOK:0.4731768837174072
CE_ROOK:0.5021332737164795
C_CENTERCONTROL:0.5201308160764048
C_DEVELOPPIECES:0.47782947764943645
C_MATERIAL:0.5121962639220392
C_MOVECOUNT:0.4693380993017222
C_PAWNMOVEMENT:0.48893630916012565
