ELO:988
CE_PASSEDPAWNS:0.5
CE_PAWNWEAKNESSES:0.49080638129613635
CE_PIECEACTIVITY:0.5095138284095995
CE_KINGPAWNSHIELD:0.494719354292898
CE_PIECECOORDINATION:0.5040197683248074
CE_MATERIAL:0.5
CE_KINGSAFETY:0.49013114829840093
C_PIECESQUARETABLES:0.5
C_MOBILITY:0.4935322820562592
C_KINGSAFETY:0.5006879232369644
C_PAWNSTRUCTURE:0.5
C_PIECECOORDINATION:0.5003133827618191
C_ROOK:0.4903284256680249
CE_ROOK:0.4937958581930037
C_CENTERCONTROL:0.5
C_DEVELOPPIECES:0.5087051631948227
C_MATERIAL:0.4862009277950122
C_MOVECOUNT:0.5
C_PAWNMOVEMENT:0.5
