ELO:982
CE_PASSEDPAWNS:0.5082925856876592
CE_PAWNWEAKNESSES:0.5112466305424848
CE_PIECEACTIVITY:0.5222409942588616
CE_KINGPAWNSHIELD:0.5
CE_PIECECOORDINATION:0.491648740258947
CE_MATERIAL:0.49511340584492464
CE_KINGSAFETY:0.5051539223690815
C_PIECESQUARETABLES:0.48869923448904207
C_MOBILITY:0.48267326140233685
C_KINGSAFETY:0.4882664458079368
C_PAWNSTRUCTURE:0.4813726906451996
C_PIECECOORDINATION:0.5063222071545783
C_ROOKANDPAWNMOVEMENT:0.5063222071545783
C_CENTERCONTROL:0.5042144856591114
C_DEVELOPPIECES:0.5107976264333858
C_MATERIAL:0.48995949111724624
