ELO:980
CE_PASSEDPAWNS:0.48025883354099097
CE_PAWNWEAKNESSES:0.5147250094023886
CE_PIECEACTIVITY:0.5026978266942878
CE_KINGPAWNSHIELD:0.5012648457424463
CE_PIECECOORDINATION:0.5098614956824972
CE_MATERIAL:0.4933685002493257
CE_KINGSAFETY:0.5378357875739869
C_PIECESQUARETABLES:0.48763489308348074
C_MOBILITY:0.5
C_KINGSAFETY:0.49858994201446183
C_PAWNSTRUCTURE:0.4876814751275201
C_PIECECOORDINATION:0.5148598482951859
C_ROOKANDPAWNMOVEMENT:0.5148598482951859
C_CENTERCONTROL:0.5000045292206347
C_DEVELOPPIECES:0.5024397514100837
C_MATERIAL:0.5270180419432052
C_MOVECOUNT:0.5
