ELO:1024
CE_PASSEDPAWNS:0.4717757927554592
CE_PAWNWEAKNESSES:0.5205415838800418
CE_PIECEACTIVITY:0.4830485880078221
CE_KINGPAWNSHIELD:0.4958876103864205
CE_PIECECOORDINATION:0.47768084450944287
CE_MATERIAL:0.4928564690364116
CE_KINGSAFETY:0.5
C_PIECESQUARETABLES:0.5
C_MOBILITY:0.5212935053933127
C_KINGSAFETY:0.5080434949944064
C_PAWNSTRUCTURE:0.5173756872893983
C_PIECECOORDINATION:0.5163762076300153
C_ROOK:0.5293711526009638
CE_ROOK:0.5094720798810508
C_CENTERCONTROL:0.5072550734620502
C_DEVELOPPIECES:0.5255994280324449
C_MATERIAL:0.48767837049896284
C_MOVECOUNT:0.4920436050819054
C_PAWNMOVEMENT:0.4914347561887438
