ELO:1000
CE_PASSEDPAWNS:0.48614461588416885
CE_PAWNWEAKNESSES:0.4940716805256206
CE_PIECEACTIVITY:0.4622786295173996
CE_KINGPAWNSHIELD:0.49123934270365116
CE_PIECECOORDINATION:0.4812494527922477
CE_MATERIAL:0.5266030717362111
CE_KINGSAFETY:0.49292981407865827
C_PIECESQUARETABLES:0.4669835288912991
C_MOBILITY:0.5179629699869837
C_KINGSAFETY:0.5087770320950716
C_PAWNSTRUCTURE:0.493818662839395
C_PIECECOORDINATION:0.5066557972705231
C_ROOKANDPAWNMOVEMENT:0.5066557972705231
C_CENTERCONTROL:0.5046113696638531
C_DEVELOPPIECES:0.4789370173848358
C_MATERIAL:0.5259940362698894
