ELO:981
CE_PASSEDPAWNS:0.4373199351021094
CE_PAWNWEAKNESSES:0.5140543063203115
CE_PIECEACTIVITY:0.4765321720081429
CE_KINGPAWNSHIELD:0.5446161624785106
CE_PIECECOORDINATION:0.47190069403410784
CE_MATERIAL:0.48976500249487875
CE_KINGSAFETY:0.503773997418332
C_PIECESQUARETABLES:0.5562771004212055
C_MOBILITY:0.5771938454620485
C_KINGSAFETY:0.4908960434293532
C_PAWNSTRUCTURE:0.4752273080782455
C_PIECECOORDINATION:0.5545238295963725
C_ROOKANDPAWNMOVEMENT:0.5545238295963725
C_CENTERCONTROL:0.5150240224803825
C_DEVELOPPIECES:0.6243168673893381
C_MATERIAL:0.46134745020976436
