ELO:827
CE_PASSEDPAWNS:0.5286797275274919
CE_PAWNWEAKNESSES:0.5213031790581496
CE_PIECEACTIVITY:0.45584456802293116
CE_KINGPAWNSHIELD:0.5245669376810373
CE_PIECECOORDINATION:0.479018643826769
CE_MATERIAL:0.5777764809455941
CE_KINGSAFETY:0.5060017109053913
C_PIECESQUARETABLES:0.5369677034043826
C_MOBILITY:0.496391997997355
C_KINGSAFETY:0.4727305016762535
C_PAWNSTRUCTURE:0.4500277898770429
C_PIECECOORDINATION:0.4931952012179808
C_ROOKANDPAWNMOVEMENT:0.4931952012179808
C_CENTERCONTROL:0.5228366647323518
C_DEVELOPPIECES:0.4556450079560574
C_MATERIAL:0.48493929472222724
C_MOVECOUNT:0.5963793443761028
