ELO:966
CE_PASSEDPAWNS:0.4052658906116009
CE_PAWNWEAKNESSES:0.4554347312069825
CE_PIECEACTIVITY:0.44205363084055205
CE_KINGPAWNSHIELD:0.42926952604464125
CE_PIECECOORDINATION:0.4277053517482718
CE_MATERIAL:0.5057285004314077
CE_KINGSAFETY:0.525602502609551
C_PIECESQUARETABLES:0.5352060336736688
C_MOBILITY:0.519619764126127
C_KINGSAFETY:0.5053272977329777
C_PAWNSTRUCTURE:0.5425212982799777
C_PIECECOORDINATION:0.44751469159234547
C_ROOKANDPAWNMOVEMENT:0.44751469159234547
C_CENTERCONTROL:0.4531307171645284
C_DEVELOPPIECES:0.44583042546449425
C_MATERIAL:0.5844613488796273
