ELO:1080
CE_PASSEDPAWNS:0.42362625369381113
CE_PAWNWEAKNESSES:0.48637022589754514
CE_PIECEACTIVITY:0.5508277283041356
CE_KINGPAWNSHIELD:0.6144744417565052
CE_PIECECOORDINATION:0.48838435094321486
CE_MATERIAL:0.4106973653978388
CE_KINGSAFETY:0.5007893055171264
C_PIECESQUARETABLES:0.5
C_MOBILITY:0.4408266041508227
C_KINGSAFETY:0.5913775613121103
C_PAWNSTRUCTURE:0.41040599071577993
C_PIECECOORDINATION:0.47521909208083885
C_ROOKANDPAWNMOVEMENT:0.47521909208083885
C_CENTERCONTROL:0.5286350517410897
C_DEVELOPPIECES:0.46206654304399136
C_MATERIAL:0.41327898594114054
