ELO:920
CE_PASSEDPAWNS:0.39079766064351024
CE_PAWNWEAKNESSES:0.4732044711587679
CE_PIECEACTIVITY:0.45644096350413066
CE_KINGPAWNSHIELD:0.45463998092467656
CE_PIECECOORDINATION:0.41255757308234736
CE_MATERIAL:0.5122933472337857
CE_KINGSAFETY:0.47923810925795685
C_PIECESQUARETABLES:0.5458697651492636
C_MOBILITY:0.5749387101625831
C_KINGSAFETY:0.5468694199315045
C_PAWNSTRUCTURE:0.5098770064605217
C_PIECECOORDINATION:0.4518967331558149
C_ROOKANDPAWNMOVEMENT:0.4518967331558149
C_CENTERCONTROL:0.4441655650378076
C_DEVELOPPIECES:0.43204101286527374
C_MATERIAL:0.5990715888699163
