ELO:970
CE_PASSEDPAWNS:0.46094519623988395
CE_PAWNWEAKNESSES:0.5569148550071195
CE_PIECEACTIVITY:0.4737028442444474
CE_KINGPAWNSHIELD:0.542092488482496
CE_PIECECOORDINATION:0.4387227318433252
CE_MATERIAL:0.4724356344869663
CE_KINGSAFETY:0.4954546312048837
C_PIECESQUARETABLES:0.5
C_MOBILITY:0.5935693978171854
C_KINGSAFETY:0.45719883221807145
C_PAWNSTRUCTURE:0.4752488227116699
C_PIECECOORDINATION:0.5280397892493692
C_ROOKANDPAWNMOVEMENT:0.5280397892493692
C_CENTERCONTROL:0.48777389115131004
C_DEVELOPPIECES:0.6402321192655113
C_MATERIAL:0.4972968159312331
