ELO:973
CE_PASSEDPAWNS:0.48020636756293233
CE_PAWNWEAKNESSES:0.5054706649074472
CE_PIECEACTIVITY:0.5087018518427098
CE_KINGPAWNSHIELD:0.4821007658099792
CE_PIECECOORDINATION:0.5129970108391597
CE_MATERIAL:0.5031057475759783
CE_KINGSAFETY:0.5
C_PIECESQUARETABLES:0.5
C_MOBILITY:0.44839758384510536
C_KINGSAFETY:0.5048968643639781
C_PAWNSTRUCTURE:0.5198721835194752
C_PIECECOORDINATION:0.522414220391481
C_ROOKANDPAWNMOVEMENT:0.522414220391481
C_CENTERCONTROL:0.506217355931156
C_DEVELOPPIECES:0.5
C_MATERIAL:0.47521725073557747
C_MOVECOUNT:0.5
