ELO:1024
CE_PASSEDPAWNS:0.49665471019196156
CE_PAWNWEAKNESSES:0.5205415838800418
CE_PIECEACTIVITY:0.4830485880078221
CE_KINGPAWNSHIELD:0.5107923567482057
CE_PIECECOORDINATION:0.5042780734726124
CE_MATERIAL:0.5041278043731872
CE_KINGSAFETY:0.5
C_PIECESQUARETABLES:0.5
C_MOBILITY:0.49790740899273217
C_KINGSAFETY:0.49228112518646927
C_PAWNSTRUCTURE:0.49547049034523644
C_PIECECOORDINATION:0.5107399732473097
C_ROOK:0.5229196765063503
CE_ROOK:0.46918049438940834
C_CENTERCONTROL:0.5013749059447414
C_DEVELOPPIECES:0.4961452687840419
C_MATERIAL:0.5001935997123281
C_MOVECOUNT:0.5153697606694594
C_PAWNMOVEMENT:0.4914347561887438
