ELO:973
CE_PASSEDPAWNS:0.5066418138372374
CE_PAWNWEAKNESSES:0.49523823155639507
CE_PIECEACTIVITY:0.4895904755829241
CE_KINGPAWNSHIELD:0.5111171386291072
CE_PIECECOORDINATION:0.5036962079030141
CE_MATERIAL:0.494183717766226
CE_KINGSAFETY:0.48930500250788883
C_PIECESQUARETABLES:0.49906045001926946
C_MOBILITY:0.4979766486460804
C_KINGSAFETY:0.5125213777351015
C_PAWNSTRUCTURE:0.5031462642111791
C_PIECECOORDINATION:0.5066455297788806
C_ROOK:0.4710941215530259
CE_ROOK:0.48425662842181255
C_CENTERCONTROL:0.5159358944855176
C_DEVELOPPIECES:0.5138241584656031
C_MATERIAL:0.492469139646485
C_MOVECOUNT:0.4753594696914346
C_PAWNMOVEMENT:0.5024147931136472
