ELO:988
CE_PASSEDPAWNS:0.5000962081996508
CE_PAWNWEAKNESSES:0.4973917672059012
CE_PIECEACTIVITY:0.5196999242550779
CE_KINGPAWNSHIELD:0.4713782742673274
CE_PIECECOORDINATION:0.46544225017118723
CE_MATERIAL:0.510952984154501
CE_KINGSAFETY:0.5012750748144663
C_PIECESQUARETABLES:0.49937821025038437
C_MOBILITY:0.4986679290889083
C_KINGSAFETY:0.5657788969798553
C_PAWNSTRUCTURE:0.3201761473131711
C_PIECECOORDINATION:0.5466597632046065
C_ROOKANDPAWNMOVEMENT:0.5466597632046065
C_CENTERCONTROL:0.3497749438070297
C_DEVELOPPIECES:0.4968232289294294
C_MATERIAL:0.673316012052611
