ELO:884
CE_PASSEDPAWNS:0.489087324765298
CE_PAWNWEAKNESSES:0.44692851794865796
CE_PIECEACTIVITY:0.5
CE_KINGPAWNSHIELD:0.41223383708203026
CE_PIECECOORDINATION:0.47523674224117296
CE_MATERIAL:0.5708863783816809
CE_KINGSAFETY:0.4991945023811454
C_PIECESQUARETABLES:0.5
C_MOBILITY:0.5090428569928326
C_KINGSAFETY:0.5188725309138975
C_PAWNSTRUCTURE:0.43811066771657076
C_PIECECOORDINATION:0.4294115200306366
C_ROOKANDPAWNMOVEMENT:0.4294115200306366
C_CENTERCONTROL:0.477367723011009
C_DEVELOPPIECES:0.5009461628085913
C_MATERIAL:0.49789447213421595
C_MOVECOUNT:0.5
