ELO:899
CE_PASSEDPAWNS:0.43944474386855786
CE_PAWNWEAKNESSES:0.5631831206406293
CE_PIECEACTIVITY:0.46345675238369377
CE_KINGPAWNSHIELD:0.5090641530036603
CE_PIECECOORDINATION:0.4576292701873224
CE_MATERIAL:0.38730839571138675
CE_KINGSAFETY:0.4816120960177961
C_PIECESQUARETABLES:0.48154263861699664
C_MOBILITY:0.6070472157826382
C_KINGSAFETY:0.40485911481699915
C_PAWNSTRUCTURE:0.5025387213929197
C_PIECECOORDINATION:0.5345297555287999
C_ROOKANDPAWNMOVEMENT:0.5345297555287999
C_CENTERCONTROL:0.5093944800761541
C_DEVELOPPIECES:0.6036269588975629
C_MATERIAL:0.5403100841432692
