ELO:732
CE_PASSEDPAWNS:0.5082078332745086
CE_PAWNWEAKNESSES:0.4155153528579462
CE_PIECEACTIVITY:0.5121312356967951
CE_KINGPAWNSHIELD:0.5358951143214378
CE_PIECECOORDINATION:0.408533174304449
CE_MATERIAL:0.4173004942389293
CE_KINGSAFETY:0.45845140773156323
C_PIECESQUARETABLES:0.46782204181399195
C_MOBILITY:0.5310106168342825
C_KINGSAFETY:0.34138710711664805
C_PAWNSTRUCTURE:0.47247878708950364
C_PIECECOORDINATION:0.5199518798133774
C_ROOKANDPAWNMOVEMENT:0.5199518798133774
C_CENTERCONTROL:0.40686906187188426
C_DEVELOPPIECES:0.5070987589078483
C_MATERIAL:0.46117923110291265
C_MOVECOUNT:0.5
