ELO:1002
CE_PASSEDPAWNS:0.5
CE_PAWNWEAKNESSES:0.5
CE_PIECEACTIVITY:0.5094624858988768
CE_KINGPAWNSHIELD:0.49937766130500827
CE_PIECECOORDINATION:0.5
CE_MATERIAL:0.4933268137058907
CE_KINGSAFETY:0.5
C_PIECESQUARETABLES:0.5
C_MOBILITY:0.5
C_KINGSAFETY:0.4877561181150368
C_PAWNSTRUCTURE:0.48813300364996626
C_PIECECOORDINATION:0.49592979927243375
C_ROOKANDPAWNMOVEMENT:0.49592979927243375
C_CENTERCONTROL:0.4897106253420381
C_DEVELOPPIECES:0.5
C_MATERIAL:0.5045352384809326
C_MOVECOUNT:0.5100733377677426
