ELO:979
CE_PASSEDPAWNS:0.5075130212052515
CE_PAWNWEAKNESSES:0.4963686771916078
CE_PIECEACTIVITY:0.4909753633432167
CE_KINGPAWNSHIELD:0.519794857820447
CE_PIECECOORDINATION:0.51528548397593
CE_MATERIAL:0.5021624863300724
CE_KINGSAFETY:0.4991188733688067
C_PIECESQUARETABLES:0.5
C_MOBILITY:0.5050315129407716
C_KINGSAFETY:0.5089776723223216
C_PAWNSTRUCTURE:0.47930435313811043
C_PIECECOORDINATION:0.5150372926255956
C_ROOK:0.49428042568994945
CE_ROOK:0.4719587460578277
C_CENTERCONTROL:0.5086022463689794
C_DEVELOPPIECES:0.48690828749522186
C_MATERIAL:0.49668866298119235
C_MOVECOUNT:0.47954416351836465
C_PAWNMOVEMENT:0.48607444521195575
