ELO:1038
CE_PASSEDPAWNS:0.4875142720850526
CE_PAWNWEAKNESSES:0.4959031719677066
CE_PIECEACTIVITY:0.5
CE_KINGPAWNSHIELD:0.5
CE_PIECECOORDINATION:0.5186935228379167
CE_MATERIAL:0.4907482987278011
CE_KINGSAFETY:0.5
C_PIECESQUARETABLES:0.5
C_MOBILITY:0.5
C_KINGSAFETY:0.5
C_PAWNSTRUCTURE:0.5
C_PIECECOORDINATION:0.4893222752504592
C_ROOKANDPAWNMOVEMENT:0.4893222752504592
C_CENTERCONTROL:0.49546902313878655
C_DEVELOPPIECES:0.5
C_MATERIAL:0.5
C_MOVECOUNT:0.5
