ELO:1045
CE_PASSEDPAWNS:0.5
CE_PAWNWEAKNESSES:0.5
CE_PIECEACTIVITY:0.4912943929066737
CE_KINGPAWNSHIELD:0.5075817799269566
CE_PIECECOORDINATION:0.5
CE_MATERIAL:0.49338200528284026
CE_KINGSAFETY:0.5
C_PIECESQUARETABLES:0.5
C_MOBILITY:0.5
C_KINGSAFETY:0.4859947271567178
C_PAWNSTRUCTURE:0.5069436927067156
C_PIECECOORDINATION:0.493941953169733
C_ROOKANDPAWNMOVEMENT:0.493941953169733
C_CENTERCONTROL:0.49746299487137013
C_DEVELOPPIECES:0.5092417486306315
C_MATERIAL:0.5064139158796878
C_MOVECOUNT:0.48821614248102707
