ELO:655
CE_PASSEDPAWNS:0.5354745132147932
CE_PAWNWEAKNESSES:0.40200743979816705
CE_PIECEACTIVITY:0.5337881192439244
CE_KINGPAWNSHIELD:0.5284425366805657
CE_PIECECOORDINATION:0.34765622680463804
CE_MATERIAL:0.41009278929470516
CE_KINGSAFETY:0.5184448791892703
C_PIECESQUARETABLES:0.5043743277761293
C_MOBILITY:0.517864506463531
C_KINGSAFETY:0.2974752111485521
C_PAWNSTRUCTURE:0.48468580074477746
C_PIECECOORDINATION:0.5782780862917283
C_ROOKANDPAWNMOVEMENT:0.5782780862917283
C_CENTERCONTROL:0.4784541239705251
C_DEVELOPPIECES:0.5568333893883916
C_MATERIAL:0.4559453531105046
C_MOVECOUNT:0.49008517135681123
