ELO:959
CE_PASSEDPAWNS:0.38679412988706946
CE_PAWNWEAKNESSES:0.4554347312069825
CE_PIECEACTIVITY:0.4386871920635722
CE_KINGPAWNSHIELD:0.4375616243912235
CE_PIECECOORDINATION:0.4569584553257299
CE_MATERIAL:0.5086234125003075
CE_KINGSAFETY:0.5336811838232186
C_PIECESQUARETABLES:0.5379233916468813
C_MOBILITY:0.5560144702095532
C_KINGSAFETY:0.5162981148958856
C_PAWNSTRUCTURE:0.5543615177891341
C_PIECECOORDINATION:0.465547790734184
C_ROOKANDPAWNMOVEMENT:0.465547790734184
C_CENTERCONTROL:0.441210551255654
C_DEVELOPPIECES:0.4564525216564176
C_MATERIAL:0.5740302806809414
