ELO:1056
CE_PASSEDPAWNS:0.41782467819661545
CE_PAWNWEAKNESSES:0.6206035219394662
CE_PIECEACTIVITY:0.5813448019771191
CE_KINGPAWNSHIELD:0.46255308978055987
CE_PIECECOORDINATION:0.5006946941814041
CE_MATERIAL:0.41871813643834455
CE_KINGSAFETY:0.4827982735754913
C_PIECESQUARETABLES:0.5100412633311016
C_MOBILITY:0.4300405137576701
C_KINGSAFETY:0.5983304979386707
C_PAWNSTRUCTURE:0.39551239488204243
C_PIECECOORDINATION:0.4608188608659375
C_ROOKANDPAWNMOVEMENT:0.4608188608659375
C_CENTERCONTROL:0.5470269140896462
C_DEVELOPPIECES:0.5950969395480292
C_MATERIAL:0.3678999940008325
