ELO:922
CE_PASSEDPAWNS:0.388326302899452
CE_PAWNWEAKNESSES:0.45139769216466347
CE_PIECEACTIVITY:0.4397542637303502
CE_KINGPAWNSHIELD:0.45695505072914916
CE_PIECECOORDINATION:0.4377371823887641
CE_MATERIAL:0.5355954393469468
CE_KINGSAFETY:0.49191034445867277
C_PIECESQUARETABLES:0.5242885208655912
C_MOBILITY:0.5774987937036316
C_KINGSAFETY:0.5594766984015281
C_PAWNSTRUCTURE:0.5216872282564434
C_PIECECOORDINATION:0.44040246346712314
C_ROOKANDPAWNMOVEMENT:0.44040246346712314
C_CENTERCONTROL:0.45729732590454003
C_DEVELOPPIECES:0.42501913858994206
C_MATERIAL:0.5930422834243189
