ELO:1015
CE_PASSEDPAWNS:0.5174828676203559
CE_PAWNWEAKNESSES:0.4945921936351028
CE_PIECEACTIVITY:0.5053486613386222
CE_KINGPAWNSHIELD:0.5173405583902837
CE_PIECECOORDINATION:0.5
CE_MATERIAL:0.49476557444365354
CE_KINGSAFETY:0.5
C_PIECESQUARETABLES:0.5
C_MOBILITY:0.4936978153459689
C_KINGSAFETY:0.48941417470218174
C_PAWNSTRUCTURE:0.4907791667664288
C_PIECECOORDINATION:0.5
C_ROOKANDPAWNMOVEMENT:0.5
C_CENTERCONTROL:0.498894283540975
C_DEVELOPPIECES:0.510252868328484
C_MATERIAL:0.5054367320044316
C_MOVECOUNT:0.5101682448055964
