ELO:974
CE_PASSEDPAWNS:0.5066418138372374
CE_PAWNWEAKNESSES:0.49008442355746723
CE_PIECEACTIVITY:0.4771769535508713
CE_KINGPAWNSHIELD:0.4904452000591307
CE_PIECECOORDINATION:0.5036962079030141
CE_MATERIAL:0.494183717766226
CE_KINGSAFETY:0.5
C_PIECESQUARETABLES:0.5
C_MOBILITY:0.4979766486460804
C_KINGSAFETY:0.5108933835372902
C_PAWNSTRUCTURE:0.5031462642111791
C_PIECECOORDINATION:0.5066455297788806
C_ROOK:0.4710941215530259
CE_ROOK:0.48425662842181255
C_CENTERCONTROL:0.5272593731246566
C_DEVELOPPIECES:0.5194700572910695
C_MATERIAL:0.496127884640836
C_MOVECOUNT:0.49015102366806174
C_PAWNMOVEMENT:0.5024147931136472
