ELO:914
CE_PASSEDPAWNS:0.4821148470408018
CE_PAWNWEAKNESSES:0.5333620166139538
CE_PIECEACTIVITY:0.47091101884978215
CE_KINGPAWNSHIELD:0.4994548261399627
CE_PIECECOORDINATION:0.5533976913343415
CE_MATERIAL:0.49561109219008853
CE_KINGSAFETY:0.5483717279156055
C_PIECESQUARETABLES:0.4674769489349356
C_MOBILITY:0.4649414692769148
C_KINGSAFETY:0.48283821168861957
C_PAWNSTRUCTURE:0.4811747208435572
C_PIECECOORDINATION:0.5622500208036031
C_ROOKANDPAWNMOVEMENT:0.5622500208036031
C_CENTERCONTROL:0.519802036810082
C_DEVELOPPIECES:0.4368977976761875
C_MATERIAL:0.4739927326332252
C_MOVECOUNT:0.5
