ELO:981
CE_PASSEDPAWNS:0.43775792844869954
CE_PAWNWEAKNESSES:0.5140543063203115
CE_PIECEACTIVITY:0.4715353848932243
CE_KINGPAWNSHIELD:0.5559922409425025
CE_PIECECOORDINATION:0.47672361121794143
CE_MATERIAL:0.4613533424663107
CE_KINGSAFETY:0.5024865267022723
C_PIECESQUARETABLES:0.5571021051132371
C_MOBILITY:0.5841571000055855
C_KINGSAFETY:0.4686306897041034
C_PAWNSTRUCTURE:0.4709506844084987
C_PIECECOORDINATION:0.5543894445701109
C_ROOKANDPAWNMOVEMENT:0.5543894445701109
C_CENTERCONTROL:0.5214081329069958
C_DEVELOPPIECES:0.6351459465649445
C_MATERIAL:0.46807970961185436
