ELO:988
CE_PASSEDPAWNS:0.5066418138372374
CE_PAWNWEAKNESSES:0.49128092786891475
CE_PIECEACTIVITY:0.4771769535508713
CE_KINGPAWNSHIELD:0.4904452000591307
CE_PIECECOORDINATION:0.5036962079030141
CE_MATERIAL:0.4960547391811522
CE_KINGSAFETY:0.5
C_PIECESQUARETABLES:0.5
C_MOBILITY:0.48823392646890656
C_KINGSAFETY:0.5078972150799561
C_PAWNSTRUCTURE:0.5011977177647555
C_PIECECOORDINATION:0.5003133827618191
C_ROOK:0.48603338237202104
CE_ROOK:0.4937958581930037
C_CENTERCONTROL:0.5272593731246566
C_DEVELOPPIECES:0.5194700572910695
C_MATERIAL:0.4862009277950122
C_MOVECOUNT:0.5
C_PAWNMOVEMENT:0.5024147931136472
