ELO:1032
CE_PASSEDPAWNS:0.4782232400437105
CE_PAWNWEAKNESSES:0.5074525182830135
CE_PIECEACTIVITY:0.5082231213356212
CE_KINGPAWNSHIELD:0.501206109410603
CE_PIECECOORDINATION:0.5057614347239983
CE_MATERIAL:0.5
CE_KINGSAFETY:0.5
C_PIECESQUARETABLES:0.5
C_MOBILITY:0.5056470236707354
C_KINGSAFETY:0.5094345876677581
C_PAWNSTRUCTURE:0.5138956469203322
C_PIECECOORDINATION:0.5059486238500569
C_ROOKANDPAWNMOVEMENT:0.5059486238500569
C_CENTERCONTROL:0.5
C_DEVELOPPIECES:0.5196507631558839
C_MATERIAL:0.5102448866187922
C_MOVECOUNT:0.5
