ELO:979
CE_PASSEDPAWNS:0.43775792844869954
CE_PAWNWEAKNESSES:0.5384506972652253
CE_PIECEACTIVITY:0.4666823879125748
CE_KINGPAWNSHIELD:0.5640519770711903
CE_PIECECOORDINATION:0.44777372575320046
CE_MATERIAL:0.4564148498793717
CE_KINGSAFETY:0.5085503496557437
C_PIECESQUARETABLES:0.5463225353731517
C_MOBILITY:0.5949477522272495
C_KINGSAFETY:0.45996248477438284
C_PAWNSTRUCTURE:0.4796386921730284
C_PIECECOORDINATION:0.5369014922724747
C_ROOKANDPAWNMOVEMENT:0.5369014922724747
C_CENTERCONTROL:0.511465850034087
C_DEVELOPPIECES:0.6351459465649445
C_MATERIAL:0.4896465740014444
