ELO:1024
CE_PASSEDPAWNS:0.5039844281717176
CE_PAWNWEAKNESSES:0.4876137920478097
CE_PIECEACTIVITY:0.48251174805305935
CE_KINGPAWNSHIELD:0.4958876103864205
CE_PIECECOORDINATION:0.47768084450944287
CE_MATERIAL:0.48426420079647864
CE_KINGSAFETY:0.5
C_PIECESQUARETABLES:0.5
C_MOBILITY:0.52166885803624
C_KINGSAFETY:0.5080434949944064
C_PAWNSTRUCTURE:0.48559524386073044
C_PIECECOORDINATION:0.5280390495162699
C_ROOK:0.5293711526009638
CE_ROOK:0.5094720798810508
C_CENTERCONTROL:0.48196652240394794
C_DEVELOPPIECES:0.5254485109542685
C_MATERIAL:0.4953117642254708
C_MOVECOUNT:0.4936270663071781
C_PAWNMOVEMENT:0.5111201784368744
