ELO:1024
CE_PASSEDPAWNS:0.49611611622759694
CE_PAWNWEAKNESSES:0.5205415838800418
CE_PIECEACTIVITY:0.49694185090368365
CE_KINGPAWNSHIELD:0.5107923567482057
CE_PIECECOORDINATION:0.5042780734726124
CE_MATERIAL:0.5218302596636045
CE_KINGSAFETY:0.5
C_PIECESQUARETABLES:0.5
C_MOBILITY:0.49790740899273217
C_KINGSAFETY:0.49451272856711237
C_PAWNSTRUCTURE:0.49547049034523644
C_PIECECOORDINATION:0.5107399732473097
C_ROOK:0.493374313320691
CE_ROOK:0.46918049438940834
C_CENTERCONTROL:0.4824923619859727
C_DEVELOPPIECES:0.4963485996426581
C_MATERIAL:0.5001935997123281
C_MOVECOUNT:0.47715920502183884
C_PAWNMOVEMENT:0.49754667027655064
