ELO:851
CE_PASSEDPAWNS:0.6116780708464532
CE_PAWNWEAKNESSES:0.48614443915107053
CE_PIECEACTIVITY:0.5012811574664092
CE_KINGPAWNSHIELD:0.48455871618939894
CE_PIECECOORDINATION:0.5241161774922031
CE_MATERIAL:0.5285439535528896
CE_KINGSAFETY:0.5
C_PIECESQUARETABLES:0.5158868054827648
C_MOBILITY:0.48716347095163726
C_KINGSAFETY:0.43090129442014535
C_PAWNSTRUCTURE:0.4808500085271182
C_PIECECOORDINATION:0.5361095372830116
C_ROOKANDPAWNMOVEMENT:0.5361095372830116
C_CENTERCONTROL:0.5730862928262074
C_DEVELOPPIECES:0.4844951375558263
C_MATERIAL:0.3975502693050923
C_MOVECOUNT:0.5
