ELO:884
CE_PASSEDPAWNS:0.4178821555567703
CE_PAWNWEAKNESSES:0.4809010264308451
CE_PIECEACTIVITY:0.4350364931658678
CE_KINGPAWNSHIELD:0.44638754439213874
CE_PIECECOORDINATION:0.44082560037299845
CE_MATERIAL:0.5190194901104823
CE_KINGSAFETY:0.47976899289283853
C_PIECESQUARETABLES:0.5507327454352804
C_MOBILITY:0.5785429339521911
C_KINGSAFETY:0.5107788455084946
C_PAWNSTRUCTURE:0.5050843106765679
C_PIECECOORDINATION:0.4260534956160316
C_ROOKANDPAWNMOVEMENT:0.4260534956160316
C_CENTERCONTROL:0.40396026431500937
C_DEVELOPPIECES:0.48980960721446726
C_MATERIAL:0.5886057772997249
