ELO:1022
CE_PASSEDPAWNS:0.5162594116160073
CE_PAWNWEAKNESSES:0.4705705225330216
CE_PIECEACTIVITY:0.5
CE_KINGPAWNSHIELD:0.5169115832150883
CE_PIECECOORDINATION:0.5
CE_MATERIAL:0.5076406468309166
CE_KINGSAFETY:0.5
C_PIECESQUARETABLES:0.5
C_MOBILITY:0.4964521848701982
C_KINGSAFETY:0.49285922182354625
C_PAWNSTRUCTURE:0.5012262178589354
C_PIECECOORDINATION:0.5
C_ROOKANDPAWNMOVEMENT:0.5
C_CENTERCONTROL:0.5171821207071163
C_DEVELOPPIECES:0.5176184565058554
C_MATERIAL:0.5078416902722388
C_MOVECOUNT:0.49784344444411904
