ELO:694
CE_PASSEDPAWNS:0.5202192960088554
CE_PAWNWEAKNESSES:0.5308126367501114
CE_PIECEACTIVITY:0.47617017066797507
CE_KINGPAWNSHIELD:0.47027001280579145
CE_PIECECOORDINATION:0.4102542010692287
CE_MATERIAL:0.5538929936604272
CE_KINGSAFETY:0.49107649912279566
C_PIECESQUARETABLES:0.5451210629648008
C_MOBILITY:0.5465303506527388
C_KINGSAFETY:0.5052609067726366
C_PAWNSTRUCTURE:0.5622642573530408
C_PIECECOORDINATION:0.44030762782401917
C_ROOKANDPAWNMOVEMENT:0.44030762782401917
C_CENTERCONTROL:0.4208776307674693
C_DEVELOPPIECES:0.47869476677724127
C_MATERIAL:0.4750033789951241
C_MOVECOUNT:0.5
