ELO:989
CE_PASSEDPAWNS:0.36926265628338695
CE_PAWNWEAKNESSES:0.5116026378186753
CE_PIECEACTIVITY:0.5560730105170296
CE_KINGPAWNSHIELD:0.4511987880523465
CE_PIECECOORDINATION:0.45337275291020496
CE_MATERIAL:0.5022837315205809
CE_KINGSAFETY:0.5
C_PIECESQUARETABLES:0.5031331232523827
C_MOBILITY:0.49422902948931685
C_KINGSAFETY:0.5522529911822824
C_PAWNSTRUCTURE:0.3229633967745872
C_PIECECOORDINATION:0.4455295289066636
C_ROOKANDPAWNMOVEMENT:0.4455295289066636
C_CENTERCONTROL:0.35920696440428085
C_DEVELOPPIECES:0.47923379024151846
C_MATERIAL:0.6889251578291001
