ELO:1033
CE_PASSEDPAWNS:0.512984892380894
CE_PAWNWEAKNESSES:0.5008540239106584
CE_PIECEACTIVITY:0.45202716690404365
CE_KINGPAWNSHIELD:0.5120062770961185
CE_PIECECOORDINATION:0.49712567548826614
CE_MATERIAL:0.4970967322552941
CE_KINGSAFETY:0.5
C_PIECESQUARETABLES:0.5
C_MOBILITY:0.5167778231301341
C_KINGSAFETY:0.49114415449624815
C_PAWNSTRUCTURE:0.5152175550557272
C_PIECECOORDINATION:0.5027445464555604
C_ROOK:0.4854536249574806
CE_ROOK:0.4700809998501912
C_CENTERCONTROL:0.49982403789115903
C_DEVELOPPIECES:0.4882055847756648
C_MATERIAL:0.46455180187049616
C_MOVECOUNT:0.5008778728888044
C_PAWNMOVEMENT:0.5141172219421226
