ELO:877
CE_PASSEDPAWNS:0.5153799443043463
CE_PAWNWEAKNESSES:0.5301057745368832
CE_PIECEACTIVITY:0.5239061221268456
CE_KINGPAWNSHIELD:0.5426389370032405
CE_PIECECOORDINATION:0.42927502439107185
CE_MATERIAL:0.5034605705263476
CE_KINGSAFETY:0.49268114061501805
C_PIECESQUARETABLES:0.5219302611442382
C_MOBILITY:0.4148975833224841
C_KINGSAFETY:0.5239865668216148
C_PAWNSTRUCTURE:0.4929700359202691
C_PIECECOORDINATION:0.5328940214582967
C_ROOKANDPAWNMOVEMENT:0.5328940214582967
C_CENTERCONTROL:0.4842641448574189
C_DEVELOPPIECES:0.5389245087563751
C_MATERIAL:0.48400504335864614
C_MOVECOUNT:0.548151099631512
