ELO:1000
CE_PASSEDPAWNS:0.44759797507076404
CE_PAWNWEAKNESSES:0.5679939809681295
CE_PIECEACTIVITY:0.5144572083180353
CE_KINGPAWNSHIELD:0.5458375873209147
CE_PIECECOORDINATION:0.5312287491910603
CE_MATERIAL:0.5030406711776555
CE_KINGSAFETY:0.5
C_PIECESQUARETABLES:0.5080006953035451
C_MOBILITY:0.5019988513329573
C_KINGSAFETY:0.4642747778918759
C_PAWNSTRUCTURE:0.47809503318409036
C_PIECECOORDINATION:0.5459477807276085
C_ROOKANDPAWNMOVEMENT:0.5459477807276085
C_CENTERCONTROL:0.5188508114738768
C_DEVELOPPIECES:0.4968886146569726
C_MATERIAL:0.4783612912807835
