ELO:1017
CE_PASSEDPAWNS:0.4962047136631724
CE_PAWNWEAKNESSES:0.5121927572378715
CE_PIECEACTIVITY:0.5080436922304402
CE_KINGPAWNSHIELD:0.5
CE_PIECECOORDINATION:0.4952220125849118
CE_MATERIAL:0.5
CE_KINGSAFETY:0.5027499992897694
C_PIECESQUARETABLES:0.5
C_MOBILITY:0.5078466539279142
C_KINGSAFETY:0.49618493719187284
C_PAWNSTRUCTURE:0.514506175350463
C_PIECECOORDINATION:0.5029486433068907
C_ROOK:0.4897074812723446
CE_ROOK:0.5013053085564889
C_CENTERCONTROL:0.48730847472502203
C_DEVELOPPIECES:0.49547520755593566
C_MATERIAL:0.5013471848465137
C_MOVECOUNT:0.4927237313705854
C_PAWNMOVEMENT:0.4856284949866455
