ELO:1136
CE_PASSEDPAWNS:0.48648259105472186
CE_PAWNWEAKNESSES:0.5192482003014202
CE_PIECEACTIVITY:0.47720231126595597
CE_KINGPAWNSHIELD:0.5202269624494456
CE_PIECECOORDINATION:0.48209927769255473
CE_MATERIAL:0.5115008509760626
CE_KINGSAFETY:0.5
C_PIECESQUARETABLES:0.5
C_MOBILITY:0.5
C_KINGSAFETY:0.5
C_PAWNSTRUCTURE:0.5126668487354136
C_PIECECOORDINATION:0.5228079246997759
C_ROOK:0.5
CE_ROOK:0.5046425883952697
C_CENTERCONTROL:0.514686348894898
C_DEVELOPPIECES:0.4903803641151362
C_MATERIAL:0.4934285011817089
C_MOVECOUNT:0.4779607710318535
C_PAWNMOVEMENT:0.5
