ELO:937
CE_PASSEDPAWNS:0.4245591235267067
CE_PAWNWEAKNESSES:0.6406977927332805
CE_PIECEACTIVITY:0.5216013335761635
CE_KINGPAWNSHIELD:0.582452117082876
CE_PIECECOORDINATION:0.48692729860416817
CE_MATERIAL:0.49509748784098434
CE_KINGSAFETY:0.48948425395549666
C_PIECESQUARETABLES:0.4931571246632781
C_MOBILITY:0.5064116609363408
C_KINGSAFETY:0.41869584763826145
C_PAWNSTRUCTURE:0.4299104553047208
C_PIECECOORDINATION:0.6065424576975346
C_ROOKANDPAWNMOVEMENT:0.6065424576975346
C_CENTERCONTROL:0.5144125457162723
C_DEVELOPPIECES:0.44893185891427473
C_MATERIAL:0.4869320026364626
