ELO:1018
CE_PASSEDPAWNS:0.4867542558860781
CE_PAWNWEAKNESSES:0.5115389583597294
CE_PIECEACTIVITY:0.48241917781793214
CE_KINGPAWNSHIELD:0.5
CE_PIECECOORDINATION:0.5040123323071909
CE_MATERIAL:0.49598372584856504
CE_KINGSAFETY:0.5044747232459019
C_PIECESQUARETABLES:0.5052705968341205
C_MOBILITY:0.5
C_KINGSAFETY:0.5
C_PAWNSTRUCTURE:0.5045253260912848
C_PIECECOORDINATION:0.509550805096605
C_ROOKANDPAWNMOVEMENT:0.509550805096605
C_CENTERCONTROL:0.5018435669891237
C_DEVELOPPIECES:0.5186045036764677
C_MATERIAL:0.4762930255482423
