ELO:829
CE_PASSEDPAWNS:0.504555644228142
CE_PAWNWEAKNESSES:0.48004051690841915
CE_PIECEACTIVITY:0.5470534923252408
CE_KINGPAWNSHIELD:0.5983175834307379
CE_PIECECOORDINATION:0.5259718801175786
CE_MATERIAL:0.5981467741209561
CE_KINGSAFETY:0.5130029720799377
C_PIECESQUARETABLES:0.4947168637354184
C_MOBILITY:0.4458202449533767
C_KINGSAFETY:0.6287782328482703
C_PAWNSTRUCTURE:0.531031349662334
C_PIECECOORDINATION:0.5244501111414718
C_ROOKANDPAWNMOVEMENT:0.5244501111414718
C_CENTERCONTROL:0.49498665592195634
C_DEVELOPPIECES:0.3561977983439449
C_MATERIAL:0.504311544804602
