ELO:700
CE_PASSEDPAWNS:0.5390331691395145
CE_PAWNWEAKNESSES:0.5798031466546193
CE_PIECEACTIVITY:0.49941171500660314
CE_KINGPAWNSHIELD:0.5039505390523942
CE_PIECECOORDINATION:0.370046016556225
CE_MATERIAL:0.4809004802903432
CE_KINGSAFETY:0.516708325046015
C_PIECESQUARETABLES:0.5445617934730772
C_MOBILITY:0.5536665506563564
C_KINGSAFETY:0.4701856694310777
C_PAWNSTRUCTURE:0.46415800325220036
C_PIECECOORDINATION:0.5161319193977704
C_ROOKANDPAWNMOVEMENT:0.5161319193977704
C_CENTERCONTROL:0.4491044655327938
C_DEVELOPPIECES:0.44347259855598237
C_MATERIAL:0.41192983834923114
C_MOVECOUNT:0.49345513049249723
