ELO:1000
CE_PASSEDPAWNS:0.4546926393131191
CE_PAWNWEAKNESSES:0.5671544910913735
CE_PIECEACTIVITY:0.5105311354153399
CE_KINGPAWNSHIELD:0.5465133479541726
CE_PIECECOORDINATION:0.5408179400754506
CE_MATERIAL:0.5019495921215555
CE_KINGSAFETY:0.551028146317401
C_PIECESQUARETABLES:0.4878739956137247
C_MOBILITY:0.5107008780960982
C_KINGSAFETY:0.4766646147741916
C_PAWNSTRUCTURE:0.4881726567013069
C_PIECECOORDINATION:0.5459477807276085
C_ROOKANDPAWNMOVEMENT:0.5459477807276085
C_CENTERCONTROL:0.5261230233616658
C_DEVELOPPIECES:0.4968886146569726
C_MATERIAL:0.4783612912807835
