ELO:1060
CE_PASSEDPAWNS:0.4837053003267551
CE_PAWNWEAKNESSES:0.5192482003014202
CE_PIECEACTIVITY:0.5235231028364252
CE_KINGPAWNSHIELD:0.4927302282431317
CE_PIECECOORDINATION:0.5247762638321302
CE_MATERIAL:0.5010211814414373
CE_KINGSAFETY:0.5
C_PIECESQUARETABLES:0.5
C_MOBILITY:0.497576774702515
C_KINGSAFETY:0.5080026683435823
C_PAWNSTRUCTURE:0.4900787326071133
C_PIECECOORDINATION:0.5107036488164808
C_ROOK:0.5229196765063503
CE_ROOK:0.47507486477495864
C_CENTERCONTROL:0.49001549101485403
C_DEVELOPPIECES:0.4791895529237131
C_MATERIAL:0.48814307046272054
C_MOVECOUNT:0.5102333506431944
C_PAWNMOVEMENT:0.5115033278778504
