ELO:994
CE_PASSEDPAWNS:0.48379779261012335
CE_PAWNWEAKNESSES:0.47064759937885337
CE_PIECEACTIVITY:0.4883649681121967
CE_KINGPAWNSHIELD:0.5112333356877607
CE_PIECECOORDINATION:0.4861692911818026
CE_MATERIAL:0.5533281264168124
CE_KINGSAFETY:0.5010115820544124
C_PIECESQUARETABLES:0.5180625821053411
C_MOBILITY:0.46179420369598945
C_KINGSAFETY:0.5004288542643734
C_PAWNSTRUCTURE:0.5541313912521254
C_PIECECOORDINATION:0.5387019535209523
C_ROOKANDPAWNMOVEMENT:0.5387019535209523
C_CENTERCONTROL:0.536600376022842
C_DEVELOPPIECES:0.48577358040092056
C_MATERIAL:0.5495629955950888
