ELO:966
CE_PASSEDPAWNS:0.4662824172056049
CE_PAWNWEAKNESSES:0.49571417997400985
CE_PIECEACTIVITY:0.5214253352546317
CE_KINGPAWNSHIELD:0.4743125293079854
CE_PIECECOORDINATION:0.46622742496909114
CE_MATERIAL:0.5191481450491304
CE_KINGSAFETY:0.48278776748551594
C_PIECESQUARETABLES:0.4999690991371499
C_MOBILITY:0.5337828057841231
C_KINGSAFETY:0.4671428598925108
C_PAWNSTRUCTURE:0.49146827166648016
C_PIECECOORDINATION:0.5036402313817703
C_ROOKANDPAWNMOVEMENT:0.5036402313817703
C_CENTERCONTROL:0.5208531536115145
C_DEVELOPPIECES:0.48628165884781543
C_MATERIAL:0.48215195466423233
