ELO:859
CE_PASSEDPAWNS:0.5335922684491647
CE_PAWNWEAKNESSES:0.5028227966218352
CE_PIECEACTIVITY:0.4927295810596148
CE_KINGPAWNSHIELD:0.5501565560791396
CE_PIECECOORDINATION:0.44765560378442737
CE_MATERIAL:0.5162428235601231
CE_KINGSAFETY:0.49033684193824706
C_PIECESQUARETABLES:0.525334211139509
C_MOBILITY:0.4205919419107354
C_KINGSAFETY:0.533269422326887
C_PAWNSTRUCTURE:0.4870872822485323
C_PIECECOORDINATION:0.5542641095679642
C_ROOKANDPAWNMOVEMENT:0.5542641095679642
C_CENTERCONTROL:0.4949699172284992
C_DEVELOPPIECES:0.5260834105402254
C_MATERIAL:0.5057168422960674
C_MOVECOUNT:0.5351746784925409
