ELO:711
CE_PASSEDPAWNS:0.5448705927524538
CE_PAWNWEAKNESSES:0.5218779869253632
CE_PIECEACTIVITY:0.5043877175592248
CE_KINGPAWNSHIELD:0.48630166869563907
CE_PIECECOORDINATION:0.43961528916906806
CE_MATERIAL:0.541433329539838
CE_KINGSAFETY:0.4985553013790017
C_PIECESQUARETABLES:0.513668165319961
C_MOBILITY:0.5962136909353041
C_KINGSAFETY:0.5067674591815301
C_PAWNSTRUCTURE:0.5715011320150146
C_PIECECOORDINATION:0.47810968795389974
C_ROOKANDPAWNMOVEMENT:0.47810968795389974
C_CENTERCONTROL:0.4409214129648128
C_DEVELOPPIECES:0.5119850099171773
C_MATERIAL:0.5037027903790736
C_MOVECOUNT:0.5
