ELO:711
CE_PASSEDPAWNS:0.5111751459739359
CE_PAWNWEAKNESSES:0.5356133838744463
CE_PIECEACTIVITY:0.45044878857281656
CE_KINGPAWNSHIELD:0.47225975142586346
CE_PIECECOORDINATION:0.4130776257912777
CE_MATERIAL:0.5239466275822068
CE_KINGSAFETY:0.5002462810512325
C_PIECESQUARETABLES:0.5867556184418262
C_MOBILITY:0.5581543605795327
C_KINGSAFETY:0.5081886043800609
C_PAWNSTRUCTURE:0.5471507724127751
C_PIECECOORDINATION:0.4416196093953723
C_ROOKANDPAWNMOVEMENT:0.4416196093953723
C_CENTERCONTROL:0.4281742590148944
C_DEVELOPPIECES:0.45795781006731195
C_MATERIAL:0.4705487058708582
C_MOVECOUNT:0.5
