ELO:909
CE_PASSEDPAWNS:0.4997016142414466
CE_PAWNWEAKNESSES:0.6259840749817042
CE_PIECEACTIVITY:0.5287904548067823
CE_KINGPAWNSHIELD:0.630263215777753
CE_PIECECOORDINATION:0.5228094723501999
CE_MATERIAL:0.4899432816094691
CE_KINGSAFETY:0.470571672624196
C_PIECESQUARETABLES:0.5317162165154325
C_MOBILITY:0.5355100414317722
C_KINGSAFETY:0.4253301206731867
C_PAWNSTRUCTURE:0.3921898557154448
C_PIECECOORDINATION:0.6101127789000818
C_ROOKANDPAWNMOVEMENT:0.6101127789000818
C_CENTERCONTROL:0.49625422027132937
C_DEVELOPPIECES:0.43725157290290895
C_MATERIAL:0.48338735878061034
