ELO:989
CE_PASSEDPAWNS:0.3725798193026154
CE_PAWNWEAKNESSES:0.5198392116327453
CE_PIECEACTIVITY:0.5594978002495871
CE_KINGPAWNSHIELD:0.4613564886270497
CE_PIECECOORDINATION:0.44787268920760365
CE_MATERIAL:0.4894838983011041
CE_KINGSAFETY:0.5
C_PIECESQUARETABLES:0.5040612877967956
C_MOBILITY:0.5000338555065942
C_KINGSAFETY:0.5742854194374576
C_PAWNSTRUCTURE:0.3229633967745872
C_PIECECOORDINATION:0.4303266995882852
C_ROOKANDPAWNMOVEMENT:0.4303266995882852
C_CENTERCONTROL:0.34556503403129324
C_DEVELOPPIECES:0.47923379024151846
C_MATERIAL:0.68087317891227
