ELO:1000
CE_PASSEDPAWNS:0.514005851150089
CE_PAWNWEAKNESSES:0.5
CE_PIECEACTIVITY:0.5
CE_KINGPAWNSHIELD:0.5071822063322307
CE_PIECECOORDINATION:0.5099836919901541
CE_MATERIAL:0.4998615703881504
CE_KINGSAFETY:0.511375328766799
C_PIECESQUARETABLES:0.5
C_MOBILITY:0.48462866625838824
C_KINGSAFETY:0.49789690085485
C_PAWNSTRUCTURE:0.5
C_PIECECOORDINATION:0.4994326348645062
C_ROOKANDPAWNMOVEMENT:0.4994326348645062
C_CENTERCONTROL:0.4935452623077968
C_DEVELOPPIECES:0.5
C_MATERIAL:0.5
