ELO:1000
CE_PASSEDPAWNS:0.49417200178133813
CE_PAWNWEAKNESSES:0.5402212817537464
CE_PIECEACTIVITY:0.5106270192046601
CE_KINGPAWNSHIELD:0.5225384847015515
CE_PIECECOORDINATION:0.5307273070449986
CE_MATERIAL:0.5151112233424412
CE_KINGSAFETY:0.4952769693324382
C_PIECESQUARETABLES:0.48306779777715964
C_MOBILITY:0.5192745644590193
C_KINGSAFETY:0.46427697955120245
C_PAWNSTRUCTURE:0.5204631365685138
C_PIECECOORDINATION:0.5139692214158155
C_ROOKANDPAWNMOVEMENT:0.5139692214158155
C_CENTERCONTROL:0.51417226440806
C_DEVELOPPIECES:0.4968703538120479
C_MATERIAL:0.4966306269679806
