ELO:968
CE_PASSEDPAWNS:0.45979653420963246
CE_PAWNWEAKNESSES:0.49571417997400985
CE_PIECEACTIVITY:0.5214253352546317
CE_KINGPAWNSHIELD:0.48531454941085017
CE_PIECECOORDINATION:0.4675491947495833
CE_MATERIAL:0.531232362626387
CE_KINGSAFETY:0.48149336878666577
C_PIECESQUARETABLES:0.5030554363016487
C_MOBILITY:0.5044461970234387
C_KINGSAFETY:0.4609395106147216
C_PAWNSTRUCTURE:0.4978444676415434
C_PIECECOORDINATION:0.49972918793503707
C_ROOKANDPAWNMOVEMENT:0.49972918793503707
C_CENTERCONTROL:0.5094303131732665
C_DEVELOPPIECES:0.4991813320664959
C_MATERIAL:0.48810379676364424
