ELO:968
CE_PASSEDPAWNS:0.49091156637000494
CE_PAWNWEAKNESSES:0.4560051442016606
CE_PIECEACTIVITY:0.4867954628736462
CE_KINGPAWNSHIELD:0.5175894408768978
CE_PIECECOORDINATION:0.5
CE_MATERIAL:0.5134687845976665
CE_KINGSAFETY:0.5023409882019119
C_PIECESQUARETABLES:0.5089036202874357
C_MOBILITY:0.5132740101254757
C_KINGSAFETY:0.5052065620623354
C_PAWNSTRUCTURE:0.5217042810708872
C_PIECECOORDINATION:0.5
C_ROOKANDPAWNMOVEMENT:0.5
C_CENTERCONTROL:0.5
C_DEVELOPPIECES:0.5005093716436207
C_MATERIAL:0.47802849053715196
C_MOVECOUNT:0.459944267544966
