ELO:1000
CE_PASSEDPAWNS:0.4744431722993146
CE_PAWNWEAKNESSES:0.5553845718419954
CE_PIECEACTIVITY:0.5060660245992591
CE_KINGPAWNSHIELD:0.5362513395312037
CE_PIECECOORDINATION:0.5416816620847916
CE_MATERIAL:0.5130669112308084
CE_KINGSAFETY:0.5354784687688452
C_PIECESQUARETABLES:0.4714806192617781
C_MOBILITY:0.531463206483679
C_KINGSAFETY:0.46750117188730994
C_PAWNSTRUCTURE:0.4964312202949724
C_PIECECOORDINATION:0.5466217307993846
C_ROOKANDPAWNMOVEMENT:0.5466217307993846
C_CENTERCONTROL:0.5152675807336367
C_DEVELOPPIECES:0.49866436326216385
C_MATERIAL:0.4995817009570442
