ELO:905
CE_PASSEDPAWNS:0.47727741721863365
CE_PAWNWEAKNESSES:0.6157876989293163
CE_PIECEACTIVITY:0.4982396920572538
CE_KINGPAWNSHIELD:0.6323404866287798
CE_PIECECOORDINATION:0.5012732805538884
CE_MATERIAL:0.5014242269344856
CE_KINGSAFETY:0.49493293208520595
C_PIECESQUARETABLES:0.5254481187267562
C_MOBILITY:0.5477124848771802
C_KINGSAFETY:0.4224558445745681
C_PAWNSTRUCTURE:0.39451844792203256
C_PIECECOORDINATION:0.5775297801676824
C_ROOKANDPAWNMOVEMENT:0.5775297801676824
C_CENTERCONTROL:0.4835102209032287
C_DEVELOPPIECES:0.4611271182260251
C_MATERIAL:0.4730551793977409
