ELO:1082
CE_PASSEDPAWNS:0.5
CE_PAWNWEAKNESSES:0.4954728159053592
CE_PIECEACTIVITY:0.49682232567169804
CE_KINGPAWNSHIELD:0.4934832073901321
CE_PIECECOORDINATION:0.5120168469824028
CE_MATERIAL:0.4913272283403476
CE_KINGSAFETY:0.5
C_PIECESQUARETABLES:0.5
C_MOBILITY:0.4947937011842226
C_KINGSAFETY:0.4890094461229128
C_PAWNSTRUCTURE:0.5
C_PIECECOORDINATION:0.5204537975749808
C_ROOK:0.4869485698655712
CE_ROOK:0.510341443228123
C_CENTERCONTROL:0.49001549101485403
C_DEVELOPPIECES:0.494324250607125
C_MATERIAL:0.5
C_MOVECOUNT:0.49110702908087334
C_PAWNMOVEMENT:0.520502652394057
