ELO:995
CE_PASSEDPAWNS:0.5
CE_PAWNWEAKNESSES:0.5035612364464191
CE_PIECEACTIVITY:0.5082209111856288
CE_KINGPAWNSHIELD:0.47715285830507187
CE_PIECECOORDINATION:0.5
CE_MATERIAL:0.509605576101168
CE_KINGSAFETY:0.49254752965334336
C_PIECESQUARETABLES:0.48821312740792727
C_MOBILITY:0.5
C_KINGSAFETY:0.5048761852767607
C_PAWNSTRUCTURE:0.5
C_PIECECOORDINATION:0.5072499977590734
C_ROOKANDPAWNMOVEMENT:0.5072499977590734
C_CENTERCONTROL:0.4932236152023645
C_DEVELOPPIECES:0.5025830747177433
C_MATERIAL:0.4978354437179161
C_MOVECOUNT:0.49974607497374285
