ELO:980
CE_PASSEDPAWNS:0.5100468199591249
CE_PAWNWEAKNESSES:0.5049162438177272
CE_PIECEACTIVITY:0.5
CE_KINGPAWNSHIELD:0.5047451271193981
CE_PIECECOORDINATION:0.49186949783803563
CE_MATERIAL:0.5310803442085432
CE_KINGSAFETY:0.5
C_PIECESQUARETABLES:0.5
C_MOBILITY:0.49114782735317686
C_KINGSAFETY:0.5114314471767311
C_PAWNSTRUCTURE:0.49899487932472136
C_PIECECOORDINATION:0.5
C_ROOKANDPAWNMOVEMENT:0.5
C_CENTERCONTROL:0.47153972919188825
C_DEVELOPPIECES:0.5203289218316578
C_MATERIAL:0.5054317969311193
C_MOVECOUNT:0.5026399226358235
