ELO:1039
CE_PASSEDPAWNS:0.49318009983413225
CE_PAWNWEAKNESSES:0.5162263594970332
CE_PIECEACTIVITY:0.5061512893869018
CE_KINGPAWNSHIELD:0.5021902283136767
CE_PIECECOORDINATION:0.4990128937947933
CE_MATERIAL:0.4935610704943572
CE_KINGSAFETY:0.5
C_PIECESQUARETABLES:0.5
C_MOBILITY:0.5040380084826781
C_KINGSAFETY:0.4638229987792309
C_PAWNSTRUCTURE:0.5
C_PIECECOORDINATION:0.5110920784006526
C_ROOK:0.46530445132280457
CE_ROOK:0.4988252103537147
C_CENTERCONTROL:0.4955996416714282
C_DEVELOPPIECES:0.49224300431925777
C_MATERIAL:0.5205561432492856
C_MOVECOUNT:0.49117731403886083
C_PAWNMOVEMENT:0.5024525713830046
