ELO:920
CE_PASSEDPAWNS:0.594691502521018
CE_PAWNWEAKNESSES:0.4883663923030427
CE_PIECEACTIVITY:0.5073459537961765
CE_KINGPAWNSHIELD:0.4641522644172598
CE_PIECECOORDINATION:0.45148738037503644
CE_MATERIAL:0.5813506112336081
CE_KINGSAFETY:0.4738513856386477
C_PIECESQUARETABLES:0.5283497728404193
C_MOBILITY:0.4585233598756218
C_KINGSAFETY:0.5170767686007779
C_PAWNSTRUCTURE:0.6151244576891552
C_PIECECOORDINATION:0.4911229889351448
C_ROOKANDPAWNMOVEMENT:0.4911229889351448
C_CENTERCONTROL:0.5692337541479141
C_DEVELOPPIECES:0.3766106298992886
C_MATERIAL:0.5646750090709111
