ELO:1007
CE_PASSEDPAWNS:0.5
CE_PAWNWEAKNESSES:0.5035612364464191
CE_PIECEACTIVITY:0.49925024352966824
CE_KINGPAWNSHIELD:0.47715285830507187
CE_PIECECOORDINATION:0.5065479181805363
CE_MATERIAL:0.5
CE_KINGSAFETY:0.5012548960019453
C_PIECESQUARETABLES:0.4929125280049345
C_MOBILITY:0.516322536476846
C_KINGSAFETY:0.5048761852767607
C_PAWNSTRUCTURE:0.5100126623426687
C_PIECECOORDINATION:0.5072499977590734
C_ROOKANDPAWNMOVEMENT:0.5072499977590734
C_CENTERCONTROL:0.4932236152023645
C_DEVELOPPIECES:0.47774976337004665
C_MATERIAL:0.4978354437179161
C_MOVECOUNT:0.49974607497374285
