ELO:1008
CE_PASSEDPAWNS:0.5
CE_PAWNWEAKNESSES:0.5
CE_PIECEACTIVITY:0.50347295679864
CE_KINGPAWNSHIELD:0.5103291088820137
CE_PIECECOORDINATION:0.4951106104389926
CE_MATERIAL:0.5079854821636076
CE_KINGSAFETY:0.5
C_PIECESQUARETABLES:0.5
C_MOBILITY:0.5039012690068705
C_KINGSAFETY:0.5240132980384018
C_PAWNSTRUCTURE:0.5
C_PIECECOORDINATION:0.49565537645741137
C_ROOKANDPAWNMOVEMENT:0.49565537645741137
C_CENTERCONTROL:0.4881956013796851
C_DEVELOPPIECES:0.46959664657331784
C_MATERIAL:0.5
C_MOVECOUNT:0.5
