ELO:1000
CE_PASSEDPAWNS:0.4605570929694121
CE_PAWNWEAKNESSES:0.5003570336713665
CE_PIECEACTIVITY:0.5034463322308715
CE_KINGPAWNSHIELD:0.5225152705647911
CE_PIECECOORDINATION:0.5218309329708433
CE_MATERIAL:0.506088850120995
CE_KINGSAFETY:0.47686845293812524
C_PIECESQUARETABLES:0.4897078135493185
C_MOBILITY:0.46178190668260577
C_KINGSAFETY:0.5382721448298833
C_PAWNSTRUCTURE:0.5512372067769982
C_PIECECOORDINATION:0.5294411210246182
C_ROOKANDPAWNMOVEMENT:0.5294411210246182
C_CENTERCONTROL:0.538903538244827
C_DEVELOPPIECES:0.4783592082497857
C_MATERIAL:0.55252557326364
