ELO:614
CE_PASSEDPAWNS:0.5156847509386913
CE_PAWNWEAKNESSES:0.5807462065558994
CE_PIECEACTIVITY:0.49806631396007456
CE_KINGPAWNSHIELD:0.5140646381737024
CE_PIECECOORDINATION:0.36859995813403534
CE_MATERIAL:0.5302704632131862
CE_KINGSAFETY:0.5138304541193532
C_PIECESQUARETABLES:0.5247872498384061
C_MOBILITY:0.5388783306439683
C_KINGSAFETY:0.45881425485855676
C_PAWNSTRUCTURE:0.5080186518507869
C_PIECECOORDINATION:0.4835673080007436
C_ROOKANDPAWNMOVEMENT:0.4835673080007436
C_CENTERCONTROL:0.4617619675653981
C_DEVELOPPIECES:0.4498596694606768
C_MATERIAL:0.4490710571328248
C_MOVECOUNT:0.4692822128048828
