ELO:1049
CE_PASSEDPAWNS:0.513420589128736
CE_PAWNWEAKNESSES:0.5162263594970332
CE_PIECEACTIVITY:0.5005067291873136
CE_KINGPAWNSHIELD:0.49125752202934697
CE_PIECECOORDINATION:0.4990128937947933
CE_MATERIAL:0.4783008706889524
CE_KINGSAFETY:0.5
C_PIECESQUARETABLES:0.5
C_MOBILITY:0.5040380084826781
C_KINGSAFETY:0.5033238579174952
C_PAWNSTRUCTURE:0.4818942133350111
C_PIECECOORDINATION:0.5164738090207023
C_ROOK:0.48473326904920266
CE_ROOK:0.4988252103537147
C_CENTERCONTROL:0.4918506465569542
C_DEVELOPPIECES:0.5273624076889522
C_MATERIAL:0.5000931706638955
C_MOVECOUNT:0.49117731403886083
C_PAWNMOVEMENT:0.48185640040674094
