ELO:956
CE_PASSEDPAWNS:0.4431831176124935
CE_PAWNWEAKNESSES:0.5990772833381843
CE_PIECEACTIVITY:0.524793638697544
CE_KINGPAWNSHIELD:0.5789617272115698
CE_PIECECOORDINATION:0.5210842965570796
CE_MATERIAL:0.5112921266886677
CE_KINGSAFETY:0.48294426870329465
C_PIECESQUARETABLES:0.49422186645655036
C_MOBILITY:0.46703619925199025
C_KINGSAFETY:0.43204418884526
C_PAWNSTRUCTURE:0.43433098107882884
C_PIECECOORDINATION:0.5950036034049035
C_ROOKANDPAWNMOVEMENT:0.5950036034049035
C_CENTERCONTROL:0.4924019101439737
C_DEVELOPPIECES:0.4470366983318021
C_MATERIAL:0.49172181157338896
