ELO:1058
CE_PASSEDPAWNS:0.6056570830851115
CE_PAWNWEAKNESSES:0.6189328684385607
CE_PIECEACTIVITY:0.595072114216933
CE_KINGPAWNSHIELD:0.6149059373528589
CE_PIECECOORDINATION:0.5387477433377664
CE_MATERIAL:0.4106973653978388
CE_KINGSAFETY:0.5035080191859865
C_PIECESQUARETABLES:0.5
C_MOBILITY:0.5255647808761462
C_KINGSAFETY:0.6371933686044461
C_PAWNSTRUCTURE:0.411309811579911
C_PIECECOORDINATION:0.36062421724656424
C_ROOKANDPAWNMOVEMENT:0.36062421724656424
C_CENTERCONTROL:0.4719341693313874
C_DEVELOPPIECES:0.5669509230687736
C_MATERIAL:0.4109753707715307
