ELO:1000
CE_PASSEDPAWNS:0.45267647019688917
CE_PAWNWEAKNESSES:0.5721094984149389
CE_PIECEACTIVITY:0.5144572083180353
CE_KINGPAWNSHIELD:0.54522518868625
CE_PIECECOORDINATION:0.5309334151960253
CE_MATERIAL:0.5092866589386603
CE_KINGSAFETY:0.5031383308645574
C_PIECESQUARETABLES:0.4955936298198951
C_MOBILITY:0.4924230423793981
C_KINGSAFETY:0.4572118785022155
C_PAWNSTRUCTURE:0.47288803895723497
C_PIECECOORDINATION:0.5548210194130081
C_ROOKANDPAWNMOVEMENT:0.5548210194130081
C_CENTERCONTROL:0.5234943500810033
C_DEVELOPPIECES:0.5043880006639122
C_MATERIAL:0.48152283230330845
