ELO:1000
CE_PASSEDPAWNS:0.5
CE_PAWNWEAKNESSES:0.5
CE_PIECEACTIVITY:0.5
CE_KINGPAWNSHIELD:0.5
CE_PIECECOORDINATION:0.5
CE_MATERIAL:0.4933393416154627
CE_KINGSAFETY:0.4977515248282248
C_PIECESQUARETABLES:0.5
C_MOBILITY:0.5035765722885449
C_KINGSAFETY:0.5
C_PAWNSTRUCTURE:0.5
C_PIECECOORDINATION:0.5
C_ROOKANDPAWNMOVEMENT:0.5
C_CENTERCONTROL:0.5
C_DEVELOPPIECES:0.49482818695843717
C_MATERIAL:0.49591492222588346
C_MOVECOUNT:0.5
