ELO:962
CE_PASSEDPAWNS:0.45285398344913114
CE_PAWNWEAKNESSES:0.6207145501557443
CE_PIECEACTIVITY:0.5367316838499974
CE_KINGPAWNSHIELD:0.5867196894373937
CE_PIECECOORDINATION:0.5107297704495433
CE_MATERIAL:0.500444825868464
CE_KINGSAFETY:0.49184343112237006
C_PIECESQUARETABLES:0.5070633746690408
C_MOBILITY:0.47528891472268475
C_KINGSAFETY:0.4536247250196778
C_PAWNSTRUCTURE:0.4436792639959797
C_PIECECOORDINATION:0.5745504829606739
C_ROOKANDPAWNMOVEMENT:0.5745504829606739
C_CENTERCONTROL:0.49003923727716375
C_DEVELOPPIECES:0.4684937934452224
C_MATERIAL:0.5112978929438082
