ELO:927
CE_PASSEDPAWNS:0.4604147010209284
CE_PAWNWEAKNESSES:0.47543137208750125
CE_PIECEACTIVITY:0.45844032111045746
CE_KINGPAWNSHIELD:0.47642615581498376
CE_PIECECOORDINATION:0.4884428986784088
CE_MATERIAL:0.5039256819285733
CE_KINGSAFETY:0.5177809809636919
C_PIECESQUARETABLES:0.49054348157407535
C_MOBILITY:0.5560115657368011
C_KINGSAFETY:0.5000200721116144
C_PAWNSTRUCTURE:0.5172801873601036
C_PIECECOORDINATION:0.5159962900771805
C_ROOKANDPAWNMOVEMENT:0.5159962900771805
C_CENTERCONTROL:0.46573376700800806
C_DEVELOPPIECES:0.5342933141745626
C_MATERIAL:0.5146913927436817
