ELO:971
CE_PASSEDPAWNS:0.566083940206117
CE_PAWNWEAKNESSES:0.5220240311588205
CE_PIECEACTIVITY:0.5092232957429369
CE_KINGPAWNSHIELD:0.49000244168834195
CE_PIECECOORDINATION:0.4336794572063628
CE_MATERIAL:0.5802057599588437
CE_KINGSAFETY:0.5360865192755718
C_PIECESQUARETABLES:0.5169201981594943
C_MOBILITY:0.42797490924810533
C_KINGSAFETY:0.5011702662560544
C_PAWNSTRUCTURE:0.5492237824845733
C_PIECECOORDINATION:0.5468574411942685
C_ROOKANDPAWNMOVEMENT:0.5468574411942685
C_CENTERCONTROL:0.5456528653728819
C_DEVELOPPIECES:0.46934767928474885
C_MATERIAL:0.6003710093296419
