ELO:682
CE_PASSEDPAWNS:0.5294731398275273
CE_PAWNWEAKNESSES:0.5730982903810979
CE_PIECEACTIVITY:0.47368626507434075
CE_KINGPAWNSHIELD:0.4940190816624375
CE_PIECECOORDINATION:0.3941259733427967
CE_MATERIAL:0.5398637444212833
CE_KINGSAFETY:0.5002452680368901
C_PIECESQUARETABLES:0.6004490918605344
C_MOBILITY:0.5649351554561952
C_KINGSAFETY:0.43398835221562254
C_PAWNSTRUCTURE:0.49848575320949723
C_PIECECOORDINATION:0.4539006565900647
C_ROOKANDPAWNMOVEMENT:0.4539006565900647
C_CENTERCONTROL:0.46578741552277964
C_DEVELOPPIECES:0.4676820078066534
C_MATERIAL:0.4804762089392921
C_MOVECOUNT:0.5
