ELO:965
CE_PASSEDPAWNS:0.57982327230878
CE_PAWNWEAKNESSES:0.5075770496012888
CE_PIECEACTIVITY:0.5135930234061781
CE_KINGPAWNSHIELD:0.4890911545962708
CE_PIECECOORDINATION:0.45783741635213643
CE_MATERIAL:0.5739143724714503
CE_KINGSAFETY:0.5283855793846959
C_PIECESQUARETABLES:0.5294812488471452
C_MOBILITY:0.44183341345729377
C_KINGSAFETY:0.502500127628607
C_PAWNSTRUCTURE:0.5739748734659617
C_PIECECOORDINATION:0.5470384630334435
C_ROOKANDPAWNMOVEMENT:0.5470384630334435
C_CENTERCONTROL:0.5589518790758825
C_DEVELOPPIECES:0.4561101445643138
C_MATERIAL:0.5969086039027939
