ELO:1011
CE_PASSEDPAWNS:0.49481947777183327
CE_PAWNWEAKNESSES:0.49367072945233265
CE_PIECEACTIVITY:0.4993983634175929
CE_KINGPAWNSHIELD:0.5
CE_PIECECOORDINATION:0.4990477265300894
CE_MATERIAL:0.48560657879942537
CE_KINGSAFETY:0.5
C_PIECESQUARETABLES:0.506939199204394
C_MOBILITY:0.5
C_KINGSAFETY:0.493260165989419
C_PAWNSTRUCTURE:0.5
C_PIECECOORDINATION:0.5
C_ROOKANDPAWNMOVEMENT:0.5
C_CENTERCONTROL:0.5
C_DEVELOPPIECES:0.5
C_MATERIAL:0.5
C_MOVECOUNT:0.5
