ELO:958
CE_PASSEDPAWNS:0.5014330333929017
CE_PAWNWEAKNESSES:0.4915997459120498
CE_PIECEACTIVITY:0.4986693444080751
CE_KINGPAWNSHIELD:0.48527495120200004
CE_PIECECOORDINATION:0.4672342923829994
CE_MATERIAL:0.49152485027488135
CE_KINGSAFETY:0.5217435886696883
C_PIECESQUARETABLES:0.49708995260782324
C_MOBILITY:0.4974081729699102
C_KINGSAFETY:0.4885397289047568
C_PAWNSTRUCTURE:0.4999026576041837
C_PIECECOORDINATION:0.4893554504725653
C_ROOKANDPAWNMOVEMENT:0.4893554504725653
C_CENTERCONTROL:0.507579925797342
C_DEVELOPPIECES:0.4873582675613206
C_MATERIAL:0.5146054700010305
