ELO:953
CE_PASSEDPAWNS:0.49747214378331367
CE_PAWNWEAKNESSES:0.5560081840447282
CE_PIECEACTIVITY:0.522363104701566
CE_KINGPAWNSHIELD:0.49895963269428006
CE_PIECECOORDINATION:0.44884241221096105
CE_MATERIAL:0.5412526806471764
CE_KINGSAFETY:0.4920548904104362
C_PIECESQUARETABLES:0.49231823121028895
C_MOBILITY:0.44437331265465185
C_KINGSAFETY:0.4983174532370387
C_PAWNSTRUCTURE:0.5642828880354287
C_PIECECOORDINATION:0.5657963533727898
C_ROOKANDPAWNMOVEMENT:0.5657963533727898
C_CENTERCONTROL:0.5456024274637772
C_DEVELOPPIECES:0.4729380337486441
C_MATERIAL:0.5761074254085525
