ELO:1043
CE_PASSEDPAWNS:0.49318009983413225
CE_PAWNWEAKNESSES:0.5121927572378715
CE_PIECEACTIVITY:0.5061512893869018
CE_KINGPAWNSHIELD:0.5107714070863236
CE_PIECECOORDINATION:0.48759304101804285
CE_MATERIAL:0.505063677775059
CE_KINGSAFETY:0.5
C_PIECESQUARETABLES:0.5
C_MOBILITY:0.4984177026253114
C_KINGSAFETY:0.5
C_PAWNSTRUCTURE:0.5
C_PIECECOORDINATION:0.5110920784006526
C_ROOK:0.49929217242083473
CE_ROOK:0.4988252103537147
C_CENTERCONTROL:0.5055156476960524
C_DEVELOPPIECES:0.4961452687840419
C_MATERIAL:0.48814307046272054
C_MOVECOUNT:0.5048232963758446
C_PAWNMOVEMENT:0.5
