ELO:1050
CE_PASSEDPAWNS:0.49318009983413225
CE_PAWNWEAKNESSES:0.5162263594970332
CE_PIECEACTIVITY:0.5005067291873136
CE_KINGPAWNSHIELD:0.49125752202934697
CE_PIECECOORDINATION:0.4990128937947933
CE_MATERIAL:0.47378498699933563
CE_KINGSAFETY:0.5
C_PIECESQUARETABLES:0.5
C_MOBILITY:0.5040380084826781
C_KINGSAFETY:0.5033238579174952
C_PAWNSTRUCTURE:0.4818942133350111
C_PIECECOORDINATION:0.5164738090207023
C_ROOK:0.523495605081365
CE_ROOK:0.4988252103537147
C_CENTERCONTROL:0.4955996416714282
C_DEVELOPPIECES:0.49327848897237697
C_MATERIAL:0.48814307046272054
C_MOVECOUNT:0.49117731403886083
C_PAWNMOVEMENT:0.49521221761728357
