ELO:959
CE_PASSEDPAWNS:0.4871898288682323
CE_PAWNWEAKNESSES:0.5181450316405847
CE_PIECEACTIVITY:0.5038293365544725
CE_KINGPAWNSHIELD:0.5194497566831013
CE_PIECECOORDINATION:0.48311705846980424
CE_MATERIAL:0.5613908385922418
CE_KINGSAFETY:0.4926008456978022
C_PIECESQUARETABLES:0.5043915556655785
C_MOBILITY:0.49077380693075
C_KINGSAFETY:0.5270356834266827
C_PAWNSTRUCTURE:0.5479279789165441
C_PIECECOORDINATION:0.5449418871416766
C_ROOKANDPAWNMOVEMENT:0.5449418871416766
C_CENTERCONTROL:0.5460892435817347
C_DEVELOPPIECES:0.44303063734408604
C_MATERIAL:0.5719381768585174
