ELO:998
CE_PASSEDPAWNS:0.49671467844844996
CE_PAWNWEAKNESSES:0.5089761597607211
CE_PIECEACTIVITY:0.5
CE_KINGPAWNSHIELD:0.4880956237512674
CE_PIECECOORDINATION:0.5226919087089055
CE_MATERIAL:0.5
CE_KINGSAFETY:0.5
C_PIECESQUARETABLES:0.5
C_MOBILITY:0.5
C_KINGSAFETY:0.5088909388670485
C_PAWNSTRUCTURE:0.5031818762888531
C_PIECECOORDINATION:0.48797408012991145
C_ROOKANDPAWNMOVEMENT:0.48797408012991145
C_CENTERCONTROL:0.49032786431705905
C_DEVELOPPIECES:0.4938297234901819
C_MATERIAL:0.4902318465470193
C_MOVECOUNT:0.51069432717842
