ELO:988
CE_PASSEDPAWNS:0.49098069541223904
CE_PAWNWEAKNESSES:0.5108111236156673
CE_PIECEACTIVITY:0.5139426186613717
CE_KINGPAWNSHIELD:0.4886893452928633
CE_PIECECOORDINATION:0.5049154282289797
CE_MATERIAL:0.5106953677176681
CE_KINGSAFETY:0.48794242210254535
C_PIECESQUARETABLES:0.5
C_MOBILITY:0.5
C_KINGSAFETY:0.48767032144444766
C_PAWNSTRUCTURE:0.5231483339442388
C_PIECECOORDINATION:0.476556460238597
C_ROOKANDPAWNMOVEMENT:0.476556460238597
C_CENTERCONTROL:0.4917349776998697
C_DEVELOPPIECES:0.5
C_MATERIAL:0.5164820583470658
C_MOVECOUNT:0.5
