ELO:979
CE_PASSEDPAWNS:0.433192340463699
CE_PAWNWEAKNESSES:0.6295347227027945
CE_PIECEACTIVITY:0.5122196853536027
CE_KINGPAWNSHIELD:0.5740540903385098
CE_PIECECOORDINATION:0.5155460593445317
CE_MATERIAL:0.48207761444775404
CE_KINGSAFETY:0.4937730091929032
C_PIECESQUARETABLES:0.5165394605419226
C_MOBILITY:0.502137211576064
C_KINGSAFETY:0.4533491367614581
C_PAWNSTRUCTURE:0.461450522865138
C_PIECECOORDINATION:0.5751067032866853
C_ROOKANDPAWNMOVEMENT:0.5751067032866853
C_CENTERCONTROL:0.5054197644871614
C_DEVELOPPIECES:0.4660115644763982
C_MATERIAL:0.504338920096287
