ELO:1008
CE_PASSEDPAWNS:0.5031385900882687
CE_PAWNWEAKNESSES:0.5213807306289855
CE_PIECEACTIVITY:0.5078951307581588
CE_KINGPAWNSHIELD:0.4989054248695355
CE_PIECECOORDINATION:0.4908268983763739
CE_MATERIAL:0.5108825562892164
CE_KINGSAFETY:0.5
C_PIECESQUARETABLES:0.49135543687096794
C_MOBILITY:0.5
C_KINGSAFETY:0.5
C_PAWNSTRUCTURE:0.5045253260912848
C_PIECECOORDINATION:0.509550805096605
C_ROOKANDPAWNMOVEMENT:0.509550805096605
C_CENTERCONTROL:0.48423580169500957
C_DEVELOPPIECES:0.5021217138114672
C_MATERIAL:0.5
