ELO:943
CE_PASSEDPAWNS:0.6033565489631872
CE_PAWNWEAKNESSES:0.5380360764420918
CE_PIECEACTIVITY:0.5031493374170124
CE_KINGPAWNSHIELD:0.6113494187142996
CE_PIECECOORDINATION:0.528237430232999
CE_MATERIAL:0.4601484665638272
CE_KINGSAFETY:0.4970802841562774
C_PIECESQUARETABLES:0.531037780511923
C_MOBILITY:0.4845168699918481
C_KINGSAFETY:0.5184908893707992
C_PAWNSTRUCTURE:0.47058734023319854
C_PIECECOORDINATION:0.636484241912835
C_ROOKANDPAWNMOVEMENT:0.636484241912835
C_CENTERCONTROL:0.5460339502897618
C_DEVELOPPIECES:0.4548743890484616
C_MATERIAL:0.49115205209011426
