ELO:988
CE_PASSEDPAWNS:0.5037537646743024
CE_PAWNWEAKNESSES:0.49871541681542647
CE_PIECEACTIVITY:0.5178956098108074
CE_KINGPAWNSHIELD:0.5031670225210424
CE_PIECECOORDINATION:0.5049601962466621
CE_MATERIAL:0.5050185815687607
CE_KINGSAFETY:0.5
C_PIECESQUARETABLES:0.495993741432426
C_MOBILITY:0.5
C_KINGSAFETY:0.501474466469812
C_PAWNSTRUCTURE:0.5051199355790926
C_PIECECOORDINATION:0.4927549945999522
C_ROOKANDPAWNMOVEMENT:0.4927549945999522
C_CENTERCONTROL:0.4878917541452132
C_DEVELOPPIECES:0.4901751404883344
C_MATERIAL:0.5
C_MOVECOUNT:0.5011194397956806
