ELO:936
CE_PASSEDPAWNS:0.5383370806568779
CE_PAWNWEAKNESSES:0.558242233851504
CE_PIECEACTIVITY:0.4805072057797421
CE_KINGPAWNSHIELD:0.46685235688581983
CE_PIECECOORDINATION:0.43893171147817533
CE_MATERIAL:0.4722472163207612
CE_KINGSAFETY:0.4875531046371504
C_PIECESQUARETABLES:0.4931347621671465
C_MOBILITY:0.5063487664502442
C_KINGSAFETY:0.5775503576086088
C_PAWNSTRUCTURE:0.4660083943959025
C_PIECECOORDINATION:0.5173495204092793
C_ROOKANDPAWNMOVEMENT:0.5173495204092793
C_CENTERCONTROL:0.5967980410132234
C_DEVELOPPIECES:0.510175990526254
C_MATERIAL:0.47412765984492844
C_MOVECOUNT:0.4888628939875419
