ELO:942
CE_PASSEDPAWNS:0.5177694335336714
CE_PAWNWEAKNESSES:0.4772457491639068
CE_PIECEACTIVITY:0.5909742674167258
CE_KINGPAWNSHIELD:0.4859253128264291
CE_PIECECOORDINATION:0.5477189323350977
CE_MATERIAL:0.4817250803289928
CE_KINGSAFETY:0.4996327138662367
C_PIECESQUARETABLES:0.4827972557564192
C_MOBILITY:0.5683873517041729
C_KINGSAFETY:0.423522472834269
C_PAWNSTRUCTURE:0.5433314991020176
C_PIECECOORDINATION:0.5158063273062078
C_ROOKANDPAWNMOVEMENT:0.5158063273062078
C_CENTERCONTROL:0.5520074455308083
C_DEVELOPPIECES:0.442787902935785
C_MATERIAL:0.6437105241789607
