ELO:999
CE_PASSEDPAWNS:0.5024382693389633
CE_PAWNWEAKNESSES:0.49730187283294247
CE_PIECEACTIVITY:0.5117390430538529
CE_KINGPAWNSHIELD:0.5
CE_PIECECOORDINATION:0.5
CE_MATERIAL:0.4986887104177626
CE_KINGSAFETY:0.5
C_PIECESQUARETABLES:0.5016092075475853
C_MOBILITY:0.5018867232658223
C_KINGSAFETY:0.48772477330113406
C_PAWNSTRUCTURE:0.5
C_PIECECOORDINATION:0.4992334438298576
C_ROOKANDPAWNMOVEMENT:0.4992334438298576
C_CENTERCONTROL:0.504039081209558
C_DEVELOPPIECES:0.5
C_MATERIAL:0.5115547445876051
C_MOVECOUNT:0.499778708576926
