ELO:1026
CE_PASSEDPAWNS:0.5
CE_PAWNWEAKNESSES:0.5
CE_PIECEACTIVITY:0.5
CE_KINGPAWNSHIELD:0.5220799933118081
CE_PIECECOORDINATION:0.5029992794663124
CE_MATERIAL:0.4877908081843417
CE_KINGSAFETY:0.5
C_PIECESQUARETABLES:0.5
C_MOBILITY:0.5124317429573901
C_KINGSAFETY:0.4973458161584355
C_PAWNSTRUCTURE:0.5112860411410803
C_PIECECOORDINATION:0.5010234198965852
C_ROOKANDPAWNMOVEMENT:0.5010234198965852
C_CENTERCONTROL:0.4975929795623627
C_DEVELOPPIECES:0.520802271990412
C_MATERIAL:0.49621736433079994
C_MOVECOUNT:0.49522009735103123
