ELO:961
CE_PASSEDPAWNS:0.5011167119052714
CE_PAWNWEAKNESSES:0.4693625703334483
CE_PIECEACTIVITY:0.5446282077173558
CE_KINGPAWNSHIELD:0.5077134658608794
CE_PIECECOORDINATION:0.48359571126035056
CE_MATERIAL:0.5755924417678112
CE_KINGSAFETY:0.5
C_PIECESQUARETABLES:0.5
C_MOBILITY:0.47601702317990796
C_KINGSAFETY:0.473472170784497
C_PAWNSTRUCTURE:0.4687821691247503
C_PIECECOORDINATION:0.5
C_ROOKANDPAWNMOVEMENT:0.5
C_CENTERCONTROL:0.4479033668148358
C_DEVELOPPIECES:0.5313384377508923
C_MATERIAL:0.44460183832034095
C_MOVECOUNT:0.5
