ELO:1063
CE_PASSEDPAWNS:0.49810166840508324
CE_PAWNWEAKNESSES:0.45642936035383175
CE_PIECEACTIVITY:0.5340042285762068
CE_KINGPAWNSHIELD:0.4805844443890286
CE_PIECECOORDINATION:0.5119518836221792
CE_MATERIAL:0.4965897273274637
CE_KINGSAFETY:0.5
C_PIECESQUARETABLES:0.4988688819548157
C_MOBILITY:0.4990543640519397
C_KINGSAFETY:0.5089280817834685
C_PAWNSTRUCTURE:0.47902139671329663
C_PIECECOORDINATION:0.5025497060428835
C_ROOKANDPAWNMOVEMENT:0.5025497060428835
C_CENTERCONTROL:0.47895547790311793
C_DEVELOPPIECES:0.4758822607641292
C_MATERIAL:0.49059736420278544
C_MOVECOUNT:0.521975550403894
