ELO:988
CE_PASSEDPAWNS:0.5098768809199086
CE_PAWNWEAKNESSES:0.4923389572594386
CE_PIECEACTIVITY:0.46212296635841754
CE_KINGPAWNSHIELD:0.5240382694601665
CE_PIECECOORDINATION:0.53254454306778
CE_MATERIAL:0.447291701176679
CE_KINGSAFETY:0.48781425457249883
C_PIECESQUARETABLES:0.4598110503165628
C_MOBILITY:0.4526510548812189
C_KINGSAFETY:0.4958728070804052
C_PAWNSTRUCTURE:0.4518069108537824
C_PIECECOORDINATION:0.5708760358030934
C_ROOKANDPAWNMOVEMENT:0.5708760358030934
C_CENTERCONTROL:0.5165933445186404
C_DEVELOPPIECES:0.45153845717217894
C_MATERIAL:0.449187153050643
