ELO:901
CE_PASSEDPAWNS:0.5028399577744801
CE_PAWNWEAKNESSES:0.5350112996679914
CE_PIECEACTIVITY:0.5093838628365038
CE_KINGPAWNSHIELD:0.4749740499425404
CE_PIECECOORDINATION:0.4769689685317626
CE_MATERIAL:0.47979250188627454
CE_KINGSAFETY:0.4764322261404496
C_PIECESQUARETABLES:0.4796724619811325
C_MOBILITY:0.5070130746419491
C_KINGSAFETY:0.4639881285475665
C_PAWNSTRUCTURE:0.497526297785607
C_PIECECOORDINATION:0.52910083502878
C_ROOKANDPAWNMOVEMENT:0.52910083502878
C_CENTERCONTROL:0.47508355464527774
C_DEVELOPPIECES:0.5232180482877942
C_MATERIAL:0.5133586527936511
C_MOVECOUNT:0.5
