ELO:983
CE_PASSEDPAWNS:0.4479930030652178
CE_PAWNWEAKNESSES:0.4406131362315669
CE_PIECEACTIVITY:0.4939174393193969
CE_KINGPAWNSHIELD:0.5238026142915402
CE_PIECECOORDINATION:0.47950411798954784
CE_MATERIAL:0.4805007111843779
CE_KINGSAFETY:0.4860568396831819
C_PIECESQUARETABLES:0.512546014599043
C_MOBILITY:0.4958135179165147
C_KINGSAFETY:0.43276772882745285
C_PAWNSTRUCTURE:0.4838898319692413
C_PIECECOORDINATION:0.4601520897625186
C_ROOKANDPAWNMOVEMENT:0.4601520897625186
C_CENTERCONTROL:0.5664810077389194
C_DEVELOPPIECES:0.41373755059671835
C_MATERIAL:0.49409835441512745
