ELO:704
CE_PASSEDPAWNS:0.48192965958252393
CE_PAWNWEAKNESSES:0.6441072908272457
CE_PIECEACTIVITY:0.5655147426143763
CE_KINGPAWNSHIELD:0.5537344097519802
CE_PIECECOORDINATION:0.3590836003307872
CE_MATERIAL:0.3885302559959892
CE_KINGSAFETY:0.4957512470327612
C_PIECESQUARETABLES:0.4928918215176482
C_MOBILITY:0.47185566247092886
C_KINGSAFETY:0.4083081717363303
C_PAWNSTRUCTURE:0.4579443440604951
C_PIECECOORDINATION:0.5506606981381583
C_ROOKANDPAWNMOVEMENT:0.5506606981381583
C_CENTERCONTROL:0.46218351935253654
C_DEVELOPPIECES:0.5452671281217263
C_MATERIAL:0.5189085914891491
C_MOVECOUNT:0.5437404464940061
