ELO:923
CE_PASSEDPAWNS:0.5127277127044105
CE_PAWNWEAKNESSES:0.447669968735373
CE_PIECEACTIVITY:0.5149568305631369
CE_KINGPAWNSHIELD:0.46818420155184215
CE_PIECECOORDINATION:0.5105129375859916
CE_MATERIAL:0.4802646999672568
CE_KINGSAFETY:0.5268923475520553
C_PIECESQUARETABLES:0.5067058908800116
C_MOBILITY:0.47346157086025786
C_KINGSAFETY:0.4831527241540583
C_PAWNSTRUCTURE:0.5089722685679272
C_PIECECOORDINATION:0.5111406479947218
C_ROOK:0.48231119457710275
CE_ROOK:0.466620802150289
C_CENTERCONTROL:0.487255022724356
C_DEVELOPPIECES:0.5236098167851032
C_MATERIAL:0.5026474031552397
C_MOVECOUNT:0.47074611687816104
C_PAWNMOVEMENT:0.5082263426918171
