ELO:904
CE_PASSEDPAWNS:0.4875142720850526
CE_PAWNWEAKNESSES:0.48153816646299263
CE_PIECEACTIVITY:0.5093833470198572
CE_KINGPAWNSHIELD:0.44985811013873095
CE_PIECECOORDINATION:0.40906916743494837
CE_MATERIAL:0.5031413412348756
CE_KINGSAFETY:0.5
C_PIECESQUARETABLES:0.4901170648586767
C_MOBILITY:0.46634659687143143
C_KINGSAFETY:0.514838615442047
C_PAWNSTRUCTURE:0.4410855088994318
C_PIECECOORDINATION:0.534846523448217
C_ROOKANDPAWNMOVEMENT:0.534846523448217
C_CENTERCONTROL:0.47631542936226023
C_DEVELOPPIECES:0.5352426663811267
C_MATERIAL:0.4820908998495912
C_MOVECOUNT:0.5
