ELO:970
CE_PASSEDPAWNS:0.5084027557024327
CE_PAWNWEAKNESSES:0.5045602811672008
CE_PIECEACTIVITY:0.49814804099702026
CE_KINGPAWNSHIELD:0.4982377646951009
CE_PIECECOORDINATION:0.48360081695006235
CE_MATERIAL:0.5012203441732288
CE_KINGSAFETY:0.5230924770145261
C_PIECESQUARETABLES:0.48767985806189507
C_MOBILITY:0.4875575224510475
C_KINGSAFETY:0.513258458871496
C_PAWNSTRUCTURE:0.48430227868114273
C_PIECECOORDINATION:0.4936512952838334
C_ROOK:0.5249242912318623
CE_ROOK:0.49337997761699615
C_CENTERCONTROL:0.48218554544437114
C_DEVELOPPIECES:0.4897856039131869
C_MATERIAL:0.47816040929532605
C_MOVECOUNT:0.468339953083318
C_PAWNMOVEMENT:0.4978254016617543
