ELO:1031
CE_PASSEDPAWNS:0.4670153625095183
CE_PAWNWEAKNESSES:0.44261806400114
CE_PIECEACTIVITY:0.5072977537699258
CE_KINGPAWNSHIELD:0.5153623227740287
CE_PIECECOORDINATION:0.48200991740160365
CE_MATERIAL:0.5107131109882698
CE_KINGSAFETY:0.4896020080223281
C_PIECESQUARETABLES:0.5
C_MOBILITY:0.5018669228404556
C_KINGSAFETY:0.4498744234649545
C_PAWNSTRUCTURE:0.4979616589693618
C_PIECECOORDINATION:0.4675159698584177
C_ROOKANDPAWNMOVEMENT:0.4675159698584177
C_CENTERCONTROL:0.5691219707245921
C_DEVELOPPIECES:0.3984508709069226
C_MATERIAL:0.48808765336305054
