ELO:1003
CE_PASSEDPAWNS:0.5088427360946601
CE_PAWNWEAKNESSES:0.5070984648163348
CE_PIECEACTIVITY:0.5172518770611679
CE_KINGPAWNSHIELD:0.5031008377349888
CE_PIECECOORDINATION:0.5067520841102399
CE_MATERIAL:0.5385770859384926
CE_KINGSAFETY:0.5071169733148742
C_PIECESQUARETABLES:0.5
C_MOBILITY:0.5114077490841794
C_KINGSAFETY:0.5303307135515771
C_PAWNSTRUCTURE:0.5074796136567596
C_PIECECOORDINATION:0.4981786038511777
C_ROOKANDPAWNMOVEMENT:0.4981786038511777
C_CENTERCONTROL:0.5116471055658159
C_DEVELOPPIECES:0.5209574096381253
C_MATERIAL:0.5166408378464059
C_MOVECOUNT:0.5015624099031012
