ELO:956
CE_PASSEDPAWNS:0.4404626155562057
CE_PAWNWEAKNESSES:0.4476351936895213
CE_PIECEACTIVITY:0.47230364190191165
CE_KINGPAWNSHIELD:0.5169335449738629
CE_PIECECOORDINATION:0.47030906986772564
CE_MATERIAL:0.4964983836216889
CE_KINGSAFETY:0.4801385332974218
C_PIECESQUARETABLES:0.5187211193628237
C_MOBILITY:0.4942192240043228
C_KINGSAFETY:0.42151815748641697
C_PAWNSTRUCTURE:0.46647970049585524
C_PIECECOORDINATION:0.441447536159726
C_ROOKANDPAWNMOVEMENT:0.441447536159726
C_CENTERCONTROL:0.5763138940463622
C_DEVELOPPIECES:0.4316989725283054
C_MATERIAL:0.485840650901761
