ELO:1023
CE_PASSEDPAWNS:0.4774854161739743
CE_PAWNWEAKNESSES:0.5376554727986087
CE_PIECEACTIVITY:0.505199318596209
CE_KINGPAWNSHIELD:0.5443009442580027
CE_PIECECOORDINATION:0.5361285719834704
CE_MATERIAL:0.5120790755626018
CE_KINGSAFETY:0.5
C_PIECESQUARETABLES:0.4982521464123417
C_MOBILITY:0.5315396414638471
C_KINGSAFETY:0.5574489432276439
C_PAWNSTRUCTURE:0.5055720369029013
C_PIECECOORDINATION:0.5672112734811685
C_ROOKANDPAWNMOVEMENT:0.5672112734811685
C_CENTERCONTROL:0.5074194192896638
C_DEVELOPPIECES:0.47144112064821936
C_MATERIAL:0.4139439527146674
