ELO:968
CE_PASSEDPAWNS:0.45685237822069735
CE_PAWNWEAKNESSES:0.5266657858289946
CE_PIECEACTIVITY:0.497703868742837
CE_KINGPAWNSHIELD:0.5497143797769739
CE_PIECECOORDINATION:0.4955507189910742
CE_MATERIAL:0.5031316053890317
CE_KINGSAFETY:0.488856321802512
C_PIECESQUARETABLES:0.5089727288053285
C_MOBILITY:0.4866166009903809
C_KINGSAFETY:0.5385881062605219
C_PAWNSTRUCTURE:0.5034335241589227
C_PIECECOORDINATION:0.5231164040119033
C_ROOK:0.5200551275388279
CE_ROOK:0.45011717137984336
C_CENTERCONTROL:0.47440893442471527
C_DEVELOPPIECES:0.5121238942219274
C_MATERIAL:0.4736019232723873
C_MOVECOUNT:0.49746790700371035
C_PAWNMOVEMENT:0.5090666273198515
