ELO:1000
CE_PASSEDPAWNS:0.5043183121985075
CE_PAWNWEAKNESSES:0.5137632305893037
CE_PIECEACTIVITY:0.5210848068845008
CE_KINGPAWNSHIELD:0.5127059333679173
CE_PIECECOORDINATION:0.5216842999569262
CE_MATERIAL:0.4730822942916572
CE_KINGSAFETY:0.5217506939752949
C_PIECESQUARETABLES:0.4986047129534043
C_MOBILITY:0.4870093772394689
C_KINGSAFETY:0.5127786618762796
C_PAWNSTRUCTURE:0.5075059545685572
C_PIECECOORDINATION:0.5108019801893805
C_ROOKANDPAWNMOVEMENT:0.5108019801893805
C_CENTERCONTROL:0.4783016446860931
C_DEVELOPPIECES:0.4889791901044043
C_MATERIAL:0.4982307475902267
