ELO:1038
CE_PASSEDPAWNS:0.5
CE_PAWNWEAKNESSES:0.4668905221316062
CE_PIECEACTIVITY:0.5
CE_KINGPAWNSHIELD:0.4933833885824931
CE_PIECECOORDINATION:0.4837889278663279
CE_MATERIAL:0.4978877448012778
CE_KINGSAFETY:0.5
C_PIECESQUARETABLES:0.5
C_MOBILITY:0.5005633187081395
C_KINGSAFETY:0.4976372104555281
C_PAWNSTRUCTURE:0.5188020855249098
C_PIECECOORDINATION:0.5
C_ROOKANDPAWNMOVEMENT:0.5
C_CENTERCONTROL:0.5101038378540457
C_DEVELOPPIECES:0.49573312476095743
C_MATERIAL:0.4826888189444225
C_MOVECOUNT:0.5115287211721558
