ELO:994
CE_PASSEDPAWNS:0.48893537721632985
CE_PAWNWEAKNESSES:0.4620247769399621
CE_PIECEACTIVITY:0.47726371999344125
CE_KINGPAWNSHIELD:0.5041347251336071
CE_PIECECOORDINATION:0.5207129089712479
CE_MATERIAL:0.5101015367717708
CE_KINGSAFETY:0.5207703765957
C_PIECESQUARETABLES:0.4814164604084899
C_MOBILITY:0.45485454058757974
C_KINGSAFETY:0.5182549512086663
C_PAWNSTRUCTURE:0.485589642265459
C_PIECECOORDINATION:0.4954306498611173
C_ROOKANDPAWNMOVEMENT:0.4954306498611173
C_CENTERCONTROL:0.45827545733107367
C_DEVELOPPIECES:0.5112389930153715
C_MATERIAL:0.5
C_MOVECOUNT:0.5222638385452694
