ELO:1002
CE_PASSEDPAWNS:0.5328838386323846
CE_PAWNWEAKNESSES:0.5245470019357968
CE_PIECEACTIVITY:0.516992955457823
CE_KINGPAWNSHIELD:0.5287833410524649
CE_PIECECOORDINATION:0.5475898734893435
CE_MATERIAL:0.4896830887744678
CE_KINGSAFETY:0.4928455973278059
C_PIECESQUARETABLES:0.48927408789005583
C_MOBILITY:0.4567217206139074
C_KINGSAFETY:0.47931339942205814
C_PAWNSTRUCTURE:0.5174221652211731
C_PIECECOORDINATION:0.5552984316283175
C_ROOKANDPAWNMOVEMENT:0.5552984316283175
C_CENTERCONTROL:0.49981661918024683
C_DEVELOPPIECES:0.4823005675174071
C_MATERIAL:0.4827980862458915
