ELO:931
CE_PASSEDPAWNS:0.49337654678077403
CE_PAWNWEAKNESSES:0.5014852856484141
CE_PIECEACTIVITY:0.5112180019544312
CE_KINGPAWNSHIELD:0.50227680296621
CE_PIECECOORDINATION:0.5100977856498542
CE_MATERIAL:0.5519437945030811
CE_KINGSAFETY:0.49853450116494125
C_PIECESQUARETABLES:0.5074209557877325
C_MOBILITY:0.5215631652533339
C_KINGSAFETY:0.47378618889333296
C_PAWNSTRUCTURE:0.5273057564329805
C_PIECECOORDINATION:0.4946997721834309
C_ROOKANDPAWNMOVEMENT:0.4946997721834309
C_CENTERCONTROL:0.4920691847530927
C_DEVELOPPIECES:0.506740134543299
C_MATERIAL:0.47054349198101664
C_MOVECOUNT:0.5
