ELO:933
CE_PASSEDPAWNS:0.4361580725339749
CE_PAWNWEAKNESSES:0.43524459609787797
CE_PIECEACTIVITY:0.4493486596816604
CE_KINGPAWNSHIELD:0.5053836722106407
CE_PIECECOORDINATION:0.4575594596709639
CE_MATERIAL:0.5075137976533657
CE_KINGSAFETY:0.48792165631388473
C_PIECESQUARETABLES:0.5195825660374844
C_MOBILITY:0.5164189889913385
C_KINGSAFETY:0.42793685431017664
C_PAWNSTRUCTURE:0.42810634489352706
C_PIECECOORDINATION:0.4563066782785973
C_ROOKANDPAWNMOVEMENT:0.4563066782785973
C_CENTERCONTROL:0.5688826672124421
C_DEVELOPPIECES:0.4143019220036166
C_MATERIAL:0.5092612493235341
