ELO:997
CE_PASSEDPAWNS:0.4925416916336843
CE_PAWNWEAKNESSES:0.49983711524572116
CE_PIECEACTIVITY:0.5178956098108074
CE_KINGPAWNSHIELD:0.49561941494234246
CE_PIECECOORDINATION:0.5
CE_MATERIAL:0.5044178108986137
CE_KINGSAFETY:0.5
C_PIECESQUARETABLES:0.5
C_MOBILITY:0.5103205439657135
C_KINGSAFETY:0.5008103030723025
C_PAWNSTRUCTURE:0.49118615436207275
C_PIECECOORDINATION:0.5051143122912318
C_ROOKANDPAWNMOVEMENT:0.5051143122912318
C_CENTERCONTROL:0.4878917541452132
C_DEVELOPPIECES:0.5
C_MATERIAL:0.49630337989603135
C_MOVECOUNT:0.4963618619860524
