ELO:947
CE_PASSEDPAWNS:0.4705085527304241
CE_PAWNWEAKNESSES:0.48914435124503486
CE_PIECEACTIVITY:0.49405932400669417
CE_KINGPAWNSHIELD:0.51789568667101
CE_PIECECOORDINATION:0.5035629193489104
CE_MATERIAL:0.5297654180692581
CE_KINGSAFETY:0.5
C_PIECESQUARETABLES:0.5
C_MOBILITY:0.510286932917076
C_KINGSAFETY:0.5045955515499131
C_PAWNSTRUCTURE:0.5456665088255186
C_PIECECOORDINATION:0.4837482815932236
C_ROOK:0.4877910059074025
CE_ROOK:0.48190065391275605
C_CENTERCONTROL:0.5139921237217093
C_DEVELOPPIECES:0.5087191804660086
C_MATERIAL:0.5184890558629189
C_MOVECOUNT:0.49386366243299995
C_PAWNMOVEMENT:0.5338752966990848
