ELO:1000
CE_PASSEDPAWNS:0.5044478064794539
CE_PAWNWEAKNESSES:0.5057511460311728
CE_PIECEACTIVITY:0.5205360574507469
CE_KINGPAWNSHIELD:0.49737635539010105
CE_PIECECOORDINATION:0.51580114006512
CE_MATERIAL:0.483765768398197
CE_KINGSAFETY:0.5120850177859586
C_PIECESQUARETABLES:0.4837431992074044
C_MOBILITY:0.4843881417901003
C_KINGSAFETY:0.50486405937357
C_PAWNSTRUCTURE:0.510486750538415
C_PIECECOORDINATION:0.5012782687834378
C_ROOKANDPAWNMOVEMENT:0.5012782687834378
C_CENTERCONTROL:0.48881649212295364
C_DEVELOPPIECES:0.49711357997092126
C_MATERIAL:0.49570407147128964
