ELO:791
CE_PASSEDPAWNS:0.5319601045666451
CE_PAWNWEAKNESSES:0.6330586296306826
CE_PIECEACTIVITY:0.5552840443668573
CE_KINGPAWNSHIELD:0.5184718100580455
CE_PIECECOORDINATION:0.3807391938673926
CE_MATERIAL:0.4072595776853774
CE_KINGSAFETY:0.5177937684660742
C_PIECESQUARETABLES:0.46256529656864565
C_MOBILITY:0.48444788248678466
C_KINGSAFETY:0.436521687434743
C_PAWNSTRUCTURE:0.5480086176471426
C_PIECECOORDINATION:0.5523395110334095
C_ROOKANDPAWNMOVEMENT:0.5523395110334095
C_CENTERCONTROL:0.5382171625665365
C_DEVELOPPIECES:0.5425832001079107
C_MATERIAL:0.48272595538970864
C_MOVECOUNT:0.5
