ELO:903
CE_PASSEDPAWNS:0.4931295445444274
CE_PAWNWEAKNESSES:0.49160700904708354
CE_PIECEACTIVITY:0.510873511758553
CE_KINGPAWNSHIELD:0.512732932234889
CE_PIECECOORDINATION:0.5190379509755528
CE_MATERIAL:0.5161662045725036
CE_KINGSAFETY:0.5082401894123046
C_PIECESQUARETABLES:0.5009245605618875
C_MOBILITY:0.530163157638507
C_KINGSAFETY:0.4881704907349089
C_PAWNSTRUCTURE:0.510877122733927
C_PIECECOORDINATION:0.5193377034628567
C_ROOKANDPAWNMOVEMENT:0.5193377034628567
C_CENTERCONTROL:0.5
C_DEVELOPPIECES:0.498499886527431
C_MATERIAL:0.47382474400929175
C_MOVECOUNT:0.5
