ELO:923
CE_PASSEDPAWNS:0.4655957396498898
CE_PAWNWEAKNESSES:0.4659330377947714
CE_PIECEACTIVITY:0.4971023641448446
CE_KINGPAWNSHIELD:0.5475260568187584
CE_PIECECOORDINATION:0.5191239991512118
CE_MATERIAL:0.5186893618465516
CE_KINGSAFETY:0.5
C_PIECESQUARETABLES:0.5
C_MOBILITY:0.532204472559658
C_KINGSAFETY:0.5063499390442204
C_PAWNSTRUCTURE:0.5008035676304013
C_PIECECOORDINATION:0.4722252317739985
C_ROOK:0.5157076898519279
CE_ROOK:0.5071271414602684
C_CENTERCONTROL:0.49802364946201055
C_DEVELOPPIECES:0.4961019044535118
C_MATERIAL:0.4976797928961487
C_MOVECOUNT:0.5314125202782322
C_PAWNMOVEMENT:0.5257657139822748
