ELO:1032
CE_PASSEDPAWNS:0.5053826840901197
CE_PAWNWEAKNESSES:0.5528358293034297
CE_PIECEACTIVITY:0.5079119766500138
CE_KINGPAWNSHIELD:0.4872619314715614
CE_PIECECOORDINATION:0.47190017456417255
CE_MATERIAL:0.4932357279639293
CE_KINGSAFETY:0.4985302939832885
C_PIECESQUARETABLES:0.48294578971504315
C_MOBILITY:0.5
C_KINGSAFETY:0.487047362645095
C_PAWNSTRUCTURE:0.48998480372348974
C_PIECECOORDINATION:0.5048135912601344
C_ROOKANDPAWNMOVEMENT:0.5048135912601344
C_CENTERCONTROL:0.5
C_DEVELOPPIECES:0.5114583232718122
C_MATERIAL:0.5039326525904423
