ELO:996
CE_PASSEDPAWNS:0.5087678851727061
CE_PAWNWEAKNESSES:0.488391666397628
CE_PIECEACTIVITY:0.512701840618174
CE_KINGPAWNSHIELD:0.49462832096539455
CE_PIECECOORDINATION:0.519063345278429
CE_MATERIAL:0.4969539877834591
CE_KINGSAFETY:0.49030183719950005
C_PIECESQUARETABLES:0.49988721367557326
C_MOBILITY:0.49485969174868116
C_KINGSAFETY:0.49153907148120884
C_PAWNSTRUCTURE:0.5011902502257939
C_PIECECOORDINATION:0.5
C_ROOKANDPAWNMOVEMENT:0.5
C_CENTERCONTROL:0.49710960859590547
C_DEVELOPPIECES:0.48866662154608653
C_MATERIAL:0.4912696198508815
