ELO:962
CE_PASSEDPAWNS:0.4726583816185408
CE_PAWNWEAKNESSES:0.4803949594802177
CE_PIECEACTIVITY:0.488986668245324
CE_KINGPAWNSHIELD:0.5075979689023234
CE_PIECECOORDINATION:0.48681992800171153
CE_MATERIAL:0.500233194625915
CE_KINGSAFETY:0.5018689728771663
C_PIECESQUARETABLES:0.4746517302578271
C_MOBILITY:0.4717471761572004
C_KINGSAFETY:0.5286015389157879
C_PAWNSTRUCTURE:0.5006593283170369
C_PIECECOORDINATION:0.4998563084614341
C_ROOK:0.49736298358795045
CE_ROOK:0.4953532477393321
C_CENTERCONTROL:0.4790225121358033
C_DEVELOPPIECES:0.5034394828799025
C_MATERIAL:0.49998059242372517
C_MOVECOUNT:0.4551431673987417
C_PAWNMOVEMENT:0.5010554349975206
