ELO:988
CE_PASSEDPAWNS:0.3683987465404114
CE_PAWNWEAKNESSES:0.5209471122702922
CE_PIECEACTIVITY:0.5727413192205747
CE_KINGPAWNSHIELD:0.4138786619679474
CE_PIECECOORDINATION:0.461940972171822
CE_MATERIAL:0.5125313430690898
CE_KINGSAFETY:0.4848519256025691
C_PIECESQUARETABLES:0.5021950435730136
C_MOBILITY:0.5231288867645295
C_KINGSAFETY:0.4971699905523994
C_PAWNSTRUCTURE:0.3244508401580625
C_PIECECOORDINATION:0.4490018595220834
C_ROOKANDPAWNMOVEMENT:0.4490018595220834
C_CENTERCONTROL:0.35488331713916
C_DEVELOPPIECES:0.48804917633085265
C_MATERIAL:0.5859692747107864
