ELO:988
CE_PASSEDPAWNS:0.5110492386873476
CE_PAWNWEAKNESSES:0.5066239348242936
CE_PIECEACTIVITY:0.4902752016093342
CE_KINGPAWNSHIELD:0.4962779845807049
CE_PIECECOORDINATION:0.49520654820420373
CE_MATERIAL:0.4900222001330606
CE_KINGSAFETY:0.501480133314339
C_PIECESQUARETABLES:0.4993305495081398
C_MOBILITY:0.4993871842146302
C_KINGSAFETY:0.5090629843767441
C_PAWNSTRUCTURE:0.5
C_PIECECOORDINATION:0.5037744692448534
C_ROOK:0.5086872844948929
CE_ROOK:0.49337997761699615
C_CENTERCONTROL:0.5009634197977727
C_DEVELOPPIECES:0.5110307181317166
C_MATERIAL:0.48852241480620195
C_MOVECOUNT:0.4967284555173216
C_PAWNMOVEMENT:0.5163443538529201
