ELO:1000
CE_PASSEDPAWNS:0.5505002541177049
CE_PAWNWEAKNESSES:0.5093216195091582
CE_PIECEACTIVITY:0.5241454384743389
CE_KINGPAWNSHIELD:0.5306692455191372
CE_PIECECOORDINATION:0.5039261011195072
CE_MATERIAL:0.5361693520291083
CE_KINGSAFETY:0.444727591053655
C_PIECESQUARETABLES:0.5285358040488012
C_MOBILITY:0.5573057899509368
C_KINGSAFETY:0.5253375491698034
C_PAWNSTRUCTURE:0.5592214700999852
C_PIECECOORDINATION:0.52778033591798
C_ROOKANDPAWNMOVEMENT:0.52778033591798
C_CENTERCONTROL:0.5086240003942899
C_DEVELOPPIECES:0.5353878736005914
C_MATERIAL:0.46787891277637117
