ELO:1000
CE_PASSEDPAWNS:0.5034621625417972
CE_PAWNWEAKNESSES:0.5185430784950874
CE_PIECEACTIVITY:0.49718480435947504
CE_KINGPAWNSHIELD:0.5166449182216855
CE_PIECECOORDINATION:0.5016386389948364
CE_MATERIAL:0.5153247368185782
CE_KINGSAFETY:0.4903506774347948
C_PIECESQUARETABLES:0.5039826383457271
C_MOBILITY:0.5
C_KINGSAFETY:0.4863752243789534
C_PAWNSTRUCTURE:0.5050969654508143
C_PIECECOORDINATION:0.5154632906993486
C_ROOKANDPAWNMOVEMENT:0.5154632906993486
C_CENTERCONTROL:0.5011261850701564
C_DEVELOPPIECES:0.508982545421498
C_MATERIAL:0.4964918178171059
