ELO:956
CE_PASSEDPAWNS:0.45685237822069735
CE_PAWNWEAKNESSES:0.4562169617393882
CE_PIECEACTIVITY:0.4953591704947944
CE_KINGPAWNSHIELD:0.5497143797769739
CE_PIECECOORDINATION:0.5166971809661398
CE_MATERIAL:0.49173374139425824
CE_KINGSAFETY:0.5
C_PIECESQUARETABLES:0.5089727288053285
C_MOBILITY:0.5345916543265964
C_KINGSAFETY:0.5353794364509515
C_PAWNSTRUCTURE:0.5024238841134778
C_PIECECOORDINATION:0.4658036675814738
C_ROOK:0.5200551275388279
CE_ROOK:0.5052586987959277
C_CENTERCONTROL:0.4951479787111488
C_DEVELOPPIECES:0.5121238942219274
C_MATERIAL:0.4729854002651254
C_MOVECOUNT:0.5344356839342227
C_PAWNMOVEMENT:0.5046638550152324
