ELO:902
CE_PASSEDPAWNS:0.4281709676998126
CE_PAWNWEAKNESSES:0.4190551001208685
CE_PIECEACTIVITY:0.43965412454364994
CE_KINGPAWNSHIELD:0.4799728016480879
CE_PIECECOORDINATION:0.43982756376001114
CE_MATERIAL:0.5449589972829122
CE_KINGSAFETY:0.4770236590342454
C_PIECESQUARETABLES:0.5176786443360151
C_MOBILITY:0.4935777638317858
C_KINGSAFETY:0.4383050773393162
C_PAWNSTRUCTURE:0.4442543312261624
C_PIECECOORDINATION:0.4624350660681281
C_ROOKANDPAWNMOVEMENT:0.4624350660681281
C_CENTERCONTROL:0.5775215191560253
C_DEVELOPPIECES:0.42308591447277955
C_MATERIAL:0.5270030242548177
