ELO:858
CE_PASSEDPAWNS:0.3957211942908412
CE_PAWNWEAKNESSES:0.47416929000538205
CE_PIECEACTIVITY:0.5445488175418286
CE_KINGPAWNSHIELD:0.37204333840650866
CE_PIECECOORDINATION:0.3905167591684779
CE_MATERIAL:0.3235950009184214
CE_KINGSAFETY:0.4959124479196426
C_PIECESQUARETABLES:0.4849134584865699
C_MOBILITY:0.5131932894409101
C_KINGSAFETY:0.5145693686314617
C_PAWNSTRUCTURE:0.4648086845131831
C_PIECECOORDINATION:0.6048249489179307
C_ROOKANDPAWNMOVEMENT:0.6048249489179307
C_CENTERCONTROL:0.46948331928983517
C_DEVELOPPIECES:0.5487107493742215
C_MATERIAL:0.5180015382418194
