ELO:1000
CE_PASSEDPAWNS:0.5412269282943671
CE_PAWNWEAKNESSES:0.5060942571896447
CE_PIECEACTIVITY:0.5241454384743389
CE_KINGPAWNSHIELD:0.535995828227581
CE_PIECECOORDINATION:0.517349221308061
CE_MATERIAL:0.5347170831734588
CE_KINGSAFETY:0.4455893481989315
C_PIECESQUARETABLES:0.526577207563142
C_MOBILITY:0.5577136222033998
C_KINGSAFETY:0.5265763050679414
C_PAWNSTRUCTURE:0.5574201023845529
C_PIECECOORDINATION:0.5392434212816677
C_ROOKANDPAWNMOVEMENT:0.5392434212816677
C_CENTERCONTROL:0.5154454087158826
C_DEVELOPPIECES:0.5029210458500402
C_MATERIAL:0.4632267947219956
