ELO:999
CE_PASSEDPAWNS:0.5
CE_PAWNWEAKNESSES:0.49540449452318164
CE_PIECEACTIVITY:0.5
CE_KINGPAWNSHIELD:0.5
CE_PIECECOORDINATION:0.5
CE_MATERIAL:0.4879179271710848
CE_KINGSAFETY:0.5
C_PIECESQUARETABLES:0.49988129691120003
C_MOBILITY:0.5
C_KINGSAFETY:0.5
C_PAWNSTRUCTURE:0.5
C_PIECECOORDINATION:0.5078548454011345
C_ROOKANDPAWNMOVEMENT:0.5078548454011345
C_CENTERCONTROL:0.4969394592606919
C_DEVELOPPIECES:0.5
C_MATERIAL:0.4926096237360414
C_MOVECOUNT:0.5
