ELO:1093
CE_PASSEDPAWNS:0.5955037066111589
CE_PAWNWEAKNESSES:0.44054482852540583
CE_PIECEACTIVITY:0.49039415670619213
CE_KINGPAWNSHIELD:0.45472885254615614
CE_PIECECOORDINATION:0.4689209404343766
CE_MATERIAL:0.4781092276493427
CE_KINGSAFETY:0.5
C_PIECESQUARETABLES:0.5
C_MOBILITY:0.44625668418317604
C_KINGSAFETY:0.5917565357176214
C_PAWNSTRUCTURE:0.4639867709554349
C_PIECECOORDINATION:0.360999975901338
C_ROOKANDPAWNMOVEMENT:0.360999975901338
C_CENTERCONTROL:0.48893102887124196
C_DEVELOPPIECES:0.5677924369746974
C_MATERIAL:0.38361882243906203
