ELO:1006
CE_PASSEDPAWNS:0.5
CE_PAWNWEAKNESSES:0.4823540561167955
CE_PIECEACTIVITY:0.5119812919098792
CE_KINGPAWNSHIELD:0.5
CE_PIECECOORDINATION:0.5064148456189895
CE_MATERIAL:0.5
CE_KINGSAFETY:0.49316921267199465
C_PIECESQUARETABLES:0.5
C_MOBILITY:0.5020085049946837
C_KINGSAFETY:0.48887788397073795
C_PAWNSTRUCTURE:0.5010795333419974
C_PIECECOORDINATION:0.5097938560700495
C_ROOKANDPAWNMOVEMENT:0.5097938560700495
C_CENTERCONTROL:0.48777204083776526
C_DEVELOPPIECES:0.5213895992831947
C_MATERIAL:0.5057611204142115
C_MOVECOUNT:0.5
