ELO:951
CE_PASSEDPAWNS:0.47881542937608523
CE_PAWNWEAKNESSES:0.4914330876761964
CE_PIECEACTIVITY:0.488986668245324
CE_KINGPAWNSHIELD:0.4945678656767876
CE_PIECECOORDINATION:0.4773002514247425
CE_MATERIAL:0.5012203441732288
CE_KINGSAFETY:0.5110021734063807
C_PIECESQUARETABLES:0.49023695185654886
C_MOBILITY:0.4717471761572004
C_KINGSAFETY:0.5286015389157879
C_PAWNSTRUCTURE:0.5006593283170369
C_PIECECOORDINATION:0.4934483869217194
C_ROOK:0.5062129170388775
CE_ROOK:0.501576061286508
C_CENTERCONTROL:0.4790225121358033
C_DEVELOPPIECES:0.4915789400632518
C_MATERIAL:0.49998059242372517
C_MOVECOUNT:0.4597201151886903
C_PAWNMOVEMENT:0.5010554349975206
