ELO:1007
CE_PASSEDPAWNS:0.462686176697877
CE_PAWNWEAKNESSES:0.4375437131822624
CE_PIECEACTIVITY:0.5005850303183917
CE_KINGPAWNSHIELD:0.5204751913840182
CE_PIECECOORDINATION:0.4838823468978472
CE_MATERIAL:0.5078368704805494
CE_KINGSAFETY:0.48866686485732724
C_PIECESQUARETABLES:0.507228769569441
C_MOBILITY:0.5018669228404556
C_KINGSAFETY:0.4198326236131451
C_PAWNSTRUCTURE:0.5072871938329889
C_PIECECOORDINATION:0.45959805603236603
C_ROOKANDPAWNMOVEMENT:0.45959805603236603
C_CENTERCONTROL:0.5771855990944136
C_DEVELOPPIECES:0.41373755059671835
C_MATERIAL:0.4837904573105118
