ELO:964
CE_PASSEDPAWNS:0.512708818483678
CE_PAWNWEAKNESSES:0.4840974142970665
CE_PIECEACTIVITY:0.48276923028916724
CE_KINGPAWNSHIELD:0.5484660879990154
CE_PIECECOORDINATION:0.5637399135677316
CE_MATERIAL:0.45184512217474415
CE_KINGSAFETY:0.5
C_PIECESQUARETABLES:0.5012987793292591
C_MOBILITY:0.47796619361333414
C_KINGSAFETY:0.500365534289326
C_PAWNSTRUCTURE:0.41130285638321
C_PIECECOORDINATION:0.5598017746960774
C_ROOKANDPAWNMOVEMENT:0.5598017746960774
C_CENTERCONTROL:0.538540297969518
C_DEVELOPPIECES:0.4585702911908237
C_MATERIAL:0.4541144628135795
