ELO:989
CE_PASSEDPAWNS:0.5592694756773783
CE_PAWNWEAKNESSES:0.5010446390778694
CE_PIECEACTIVITY:0.46679068525091555
CE_KINGPAWNSHIELD:0.5341233493715734
CE_PIECECOORDINATION:0.5406988706582366
CE_MATERIAL:0.45690121164484726
CE_KINGSAFETY:0.4798770581974463
C_PIECESQUARETABLES:0.47079241637842273
C_MOBILITY:0.43261787056211004
C_KINGSAFETY:0.49888602375742275
C_PAWNSTRUCTURE:0.44642031046117464
C_PIECECOORDINATION:0.5873119894820671
C_ROOKANDPAWNMOVEMENT:0.5873119894820671
C_CENTERCONTROL:0.4971499457332963
C_DEVELOPPIECES:0.4619646439041541
C_MATERIAL:0.48285195922502827
