ELO:972
CE_PASSEDPAWNS:0.5174544880851173
CE_PAWNWEAKNESSES:0.48075268405381333
CE_PIECEACTIVITY:0.45470090126714513
CE_KINGPAWNSHIELD:0.5434274422010489
CE_PIECECOORDINATION:0.5683773805147201
CE_MATERIAL:0.448915711779943
CE_KINGSAFETY:0.49261003304784573
C_PIECESQUARETABLES:0.45681725109178944
C_MOBILITY:0.463527536466048
C_KINGSAFETY:0.500365534289326
C_PAWNSTRUCTURE:0.42555508599892056
C_PIECECOORDINATION:0.5651475364583197
C_ROOKANDPAWNMOVEMENT:0.5651475364583197
C_CENTERCONTROL:0.5297324169872792
C_DEVELOPPIECES:0.4426856331993458
C_MATERIAL:0.4705516503117267
