ELO:989
CE_PASSEDPAWNS:0.3671258369474086
CE_PAWNWEAKNESSES:0.5198392116327453
CE_PIECEACTIVITY:0.5584833495376336
CE_KINGPAWNSHIELD:0.4768280141415253
CE_PIECECOORDINATION:0.44787268920760365
CE_MATERIAL:0.5125313430690898
CE_KINGSAFETY:0.5048512605538166
C_PIECESQUARETABLES:0.4995107419168492
C_MOBILITY:0.4974443946298051
C_KINGSAFETY:0.5712331636615645
C_PAWNSTRUCTURE:0.32204270222802556
C_PIECECOORDINATION:0.4446438139257235
C_ROOKANDPAWNMOVEMENT:0.4446438139257235
C_CENTERCONTROL:0.3497749438070297
C_DEVELOPPIECES:0.47472837324855305
C_MATERIAL:0.6833586956569498
