ELO:1001
CE_PASSEDPAWNS:0.4707435551290376
CE_PAWNWEAKNESSES:0.462717305365148
CE_PIECEACTIVITY:0.5622449557233022
CE_KINGPAWNSHIELD:0.4888774821619666
CE_PIECECOORDINATION:0.582538571847663
CE_MATERIAL:0.4735313142168596
CE_KINGSAFETY:0.47830653696500364
C_PIECESQUARETABLES:0.4922914054887661
C_MOBILITY:0.5719193111563323
C_KINGSAFETY:0.52945812268596
C_PAWNSTRUCTURE:0.5441328850474455
C_PIECECOORDINATION:0.5413516386961614
C_ROOKANDPAWNMOVEMENT:0.5413516386961614
C_CENTERCONTROL:0.537269133267183
C_DEVELOPPIECES:0.5071618483771863
C_MATERIAL:0.4736267139196181
