ELO:1020
CE_PASSEDPAWNS:0.5056064528602644
CE_PAWNWEAKNESSES:0.5097416950350986
CE_PIECEACTIVITY:0.4798696374368844
CE_KINGPAWNSHIELD:0.49438465013869776
CE_PIECECOORDINATION:0.5
CE_MATERIAL:0.48902049280830395
CE_KINGSAFETY:0.5
C_PIECESQUARETABLES:0.5
C_MOBILITY:0.5
C_KINGSAFETY:0.49853074914879647
C_PAWNSTRUCTURE:0.49819852381852564
C_PIECECOORDINATION:0.4958011129461008
C_ROOKANDPAWNMOVEMENT:0.4958011129461008
C_CENTERCONTROL:0.4804262219435009
C_DEVELOPPIECES:0.4992520059048782
C_MATERIAL:0.48834455056218873
C_MOVECOUNT:0.49469946054863956
