ELO:983
CE_PASSEDPAWNS:0.4753735783114564
CE_PAWNWEAKNESSES:0.466209827733836
CE_PIECEACTIVITY:0.5059146145715493
CE_KINGPAWNSHIELD:0.4720389491015122
CE_PIECECOORDINATION:0.5196367821307105
CE_MATERIAL:0.4900707532017535
CE_KINGSAFETY:0.5176406156204728
C_PIECESQUARETABLES:0.5308865947055589
C_MOBILITY:0.4938292540487704
C_KINGSAFETY:0.5055514288254765
C_PAWNSTRUCTURE:0.49671727564758433
C_PIECECOORDINATION:0.4727453046765977
C_ROOKANDPAWNMOVEMENT:0.4727453046765977
C_CENTERCONTROL:0.49970400467763104
C_DEVELOPPIECES:0.5103345045483686
C_MATERIAL:0.48190844123690885
C_MOVECOUNT:0.5
