ELO:988
CE_PASSEDPAWNS:0.5128967457259394
CE_PAWNWEAKNESSES:0.49630612488621373
CE_PIECEACTIVITY:0.4663093467431129
CE_KINGPAWNSHIELD:0.525478259574002
CE_PIECECOORDINATION:0.5445813694241974
CE_MATERIAL:0.43638482230309994
CE_KINGSAFETY:0.4928487565185209
C_PIECESQUARETABLES:0.4598110503165628
C_MOBILITY:0.438973542474442
C_KINGSAFETY:0.4958728070804052
C_PAWNSTRUCTURE:0.4518069108537824
C_PIECECOORDINATION:0.5807200300609646
C_ROOKANDPAWNMOVEMENT:0.5807200300609646
C_CENTERCONTROL:0.5033530201237588
C_DEVELOPPIECES:0.4611542664514637
C_MATERIAL:0.46245987694166424
