ELO:952
CE_PASSEDPAWNS:0.4870758635299366
CE_PAWNWEAKNESSES:0.4914330876761964
CE_PIECEACTIVITY:0.49298199165273476
CE_KINGPAWNSHIELD:0.49919775657197596
CE_PIECECOORDINATION:0.4773002514247425
CE_MATERIAL:0.5012203441732288
CE_KINGSAFETY:0.5110021734063807
C_PIECESQUARETABLES:0.48920631868968184
C_MOBILITY:0.46789029306042007
C_KINGSAFETY:0.5244529098291538
C_PAWNSTRUCTURE:0.5006593283170369
C_PIECECOORDINATION:0.4934483869217194
C_ROOK:0.5154561577091856
CE_ROOK:0.501576061286508
C_CENTERCONTROL:0.4722398125961051
C_DEVELOPPIECES:0.4915789400632518
C_MATERIAL:0.49998059242372517
C_MOVECOUNT:0.4597201151886903
C_PAWNMOVEMENT:0.5010554349975206
