ELO:932
CE_PASSEDPAWNS:0.46396795928983753
CE_PAWNWEAKNESSES:0.46595749021505395
CE_PIECEACTIVITY:0.4857595073972572
CE_KINGPAWNSHIELD:0.5522086309159736
CE_PIECECOORDINATION:0.5353167180107885
CE_MATERIAL:0.5222326372034107
CE_KINGSAFETY:0.4951212903486626
C_PIECESQUARETABLES:0.5022568908877614
C_MOBILITY:0.5388785203199672
C_KINGSAFETY:0.492563176742752
C_PAWNSTRUCTURE:0.49928743638431794
C_PIECECOORDINATION:0.4882395451803444
C_ROOK:0.5105593273565128
CE_ROOK:0.5064195584637221
C_CENTERCONTROL:0.5083509381444196
C_DEVELOPPIECES:0.5087191804660086
C_MATERIAL:0.506853219076207
C_MOVECOUNT:0.5194729694190329
C_PAWNMOVEMENT:0.518701410441689
