ELO:933
CE_PASSEDPAWNS:0.45685237822069735
CE_PAWNWEAKNESSES:0.4711614069178236
CE_PIECEACTIVITY:0.4953591704947944
CE_KINGPAWNSHIELD:0.558285248940603
CE_PIECECOORDINATION:0.5166971809661398
CE_MATERIAL:0.5010100126767338
CE_KINGSAFETY:0.5
C_PIECESQUARETABLES:0.5113105271790523
C_MOBILITY:0.532204472559658
C_KINGSAFETY:0.5246716234882753
C_PAWNSTRUCTURE:0.49395630220442177
C_PIECECOORDINATION:0.46208603086569733
C_ROOK:0.5076856544114363
CE_ROOK:0.5052586987959277
C_CENTERCONTROL:0.49190232698112246
C_DEVELOPPIECES:0.49962085972980536
C_MATERIAL:0.4729854002651254
C_MOVECOUNT:0.5432739282449809
C_PAWNMOVEMENT:0.5117701653330946
