ELO:862
CE_PASSEDPAWNS:0.4363455102576739
CE_PAWNWEAKNESSES:0.549462333335863
CE_PIECEACTIVITY:0.5054552016371751
CE_KINGPAWNSHIELD:0.5005548266215933
CE_PIECECOORDINATION:0.48922636097629313
CE_MATERIAL:0.42626446795069456
CE_KINGSAFETY:0.4672043244558187
C_PIECESQUARETABLES:0.4584470118848656
C_MOBILITY:0.5121931539691592
C_KINGSAFETY:0.5203440125263828
C_PAWNSTRUCTURE:0.49074995763337065
C_PIECECOORDINATION:0.5485809701932964
C_ROOKANDPAWNMOVEMENT:0.5485809701932964
C_CENTERCONTROL:0.4865370237194499
C_DEVELOPPIECES:0.501705448039979
C_MATERIAL:0.5280535595607132
C_MOVECOUNT:0.5
