ELO:1000
CE_PASSEDPAWNS:0.5244145866015463
CE_PAWNWEAKNESSES:0.5351036419456959
CE_PIECEACTIVITY:0.5185865108669685
CE_KINGPAWNSHIELD:0.5189423805256952
CE_PIECECOORDINATION:0.5563556645556831
CE_MATERIAL:0.47435286286936607
CE_KINGSAFETY:0.4689515379235395
C_PIECESQUARETABLES:0.478805301340954
C_MOBILITY:0.45756544029051005
C_KINGSAFETY:0.5102115302924062
C_PAWNSTRUCTURE:0.5038122986790528
C_PIECECOORDINATION:0.5032065907818128
C_ROOKANDPAWNMOVEMENT:0.5032065907818128
C_CENTERCONTROL:0.4861869721543509
C_DEVELOPPIECES:0.4638798457315885
C_MATERIAL:0.49211271752201147
