ELO:744
CE_PASSEDPAWNS:0.4684180076963045
CE_PAWNWEAKNESSES:0.6496292790794563
CE_PIECEACTIVITY:0.5829193636186764
CE_KINGPAWNSHIELD:0.5708878943238582
CE_PIECECOORDINATION:0.34441429097734094
CE_MATERIAL:0.37961399805720736
CE_KINGSAFETY:0.5046987569576415
C_PIECESQUARETABLES:0.5010801028314397
C_MOBILITY:0.4369488320939605
C_KINGSAFETY:0.40101995684213704
C_PAWNSTRUCTURE:0.46633895774800227
C_PIECECOORDINATION:0.5644907697767332
C_ROOKANDPAWNMOVEMENT:0.5644907697767332
C_CENTERCONTROL:0.44235457395057676
C_DEVELOPPIECES:0.5378527050914496
C_MATERIAL:0.531404672434346
C_MOVECOUNT:0.5463993719777495
