ELO:986
CE_PASSEDPAWNS:0.584537691028791
CE_PAWNWEAKNESSES:0.454699185890712
CE_PIECEACTIVITY:0.5624655089751239
CE_KINGPAWNSHIELD:0.47049625606784895
CE_PIECECOORDINATION:0.493443918637193
CE_MATERIAL:0.45814277942067816
CE_KINGSAFETY:0.4489983234113966
C_PIECESQUARETABLES:0.5004033994642663
C_MOBILITY:0.4809438371160121
C_KINGSAFETY:0.525347954253918
C_PAWNSTRUCTURE:0.5843916756256785
C_PIECECOORDINATION:0.4735268906239252
C_ROOKANDPAWNMOVEMENT:0.4735268906239252
C_CENTERCONTROL:0.5265466666858075
C_DEVELOPPIECES:0.501534148934333
C_MATERIAL:0.45052210942032356
