ELO:1000
CE_PASSEDPAWNS:0.5029709745263479
CE_PAWNWEAKNESSES:0.5336172570057819
CE_PIECEACTIVITY:0.515360750766488
CE_KINGPAWNSHIELD:0.5336065336725581
CE_PIECECOORDINATION:0.5296314873317669
CE_MATERIAL:0.5153492877286469
CE_KINGSAFETY:0.4998659055697858
C_PIECESQUARETABLES:0.5002505942406443
C_MOBILITY:0.4903392338428627
C_KINGSAFETY:0.4773272881562718
C_PAWNSTRUCTURE:0.49712473479014113
C_PIECECOORDINATION:0.49707593401031264
C_ROOKANDPAWNMOVEMENT:0.49707593401031264
C_CENTERCONTROL:0.4845280564498552
C_DEVELOPPIECES:0.4679212032712304
C_MATERIAL:0.500156336175937
