ELO:1011
CE_PASSEDPAWNS:0.5024713189144208
CE_PAWNWEAKNESSES:0.49107276696958374
CE_PIECEACTIVITY:0.4968934245856581
CE_KINGPAWNSHIELD:0.5
CE_PIECECOORDINATION:0.5036624466446786
CE_MATERIAL:0.5
CE_KINGSAFETY:0.5090924991272076
C_PIECESQUARETABLES:0.5
C_MOBILITY:0.5
C_KINGSAFETY:0.5
C_PAWNSTRUCTURE:0.48842434413578384
C_PIECECOORDINATION:0.5099583229314231
C_ROOKANDPAWNMOVEMENT:0.5099583229314231
C_CENTERCONTROL:0.4944074980986845
C_DEVELOPPIECES:0.5
C_MATERIAL:0.49425985351809637
