ELO:975
CE_PASSEDPAWNS:0.49112821852508637
CE_PAWNWEAKNESSES:0.4927249359925893
CE_PIECEACTIVITY:0.4771974803323044
CE_KINGPAWNSHIELD:0.4966163788302627
CE_PIECECOORDINATION:0.5015340179050947
CE_MATERIAL:0.521341432102221
CE_KINGSAFETY:0.4876422844431805
C_PIECESQUARETABLES:0.46846861355004843
C_MOBILITY:0.4780528088140638
C_KINGSAFETY:0.4966258128239226
C_PAWNSTRUCTURE:0.5012720848403756
C_PIECECOORDINATION:0.518154891264766
C_ROOKANDPAWNMOVEMENT:0.518154891264766
C_CENTERCONTROL:0.5093420258657879
C_DEVELOPPIECES:0.5131360141526528
C_MATERIAL:0.5133170692569602
C_MOVECOUNT:0.5305921158966557
