ELO:1027
CE_PASSEDPAWNS:0.5073397076020496
CE_PAWNWEAKNESSES:0.5
CE_PIECEACTIVITY:0.5131906926674364
CE_KINGPAWNSHIELD:0.5
CE_PIECECOORDINATION:0.5031011875519883
CE_MATERIAL:0.49364433072019903
CE_KINGSAFETY:0.5
C_PIECESQUARETABLES:0.5
C_MOBILITY:0.5093339529649109
C_KINGSAFETY:0.49961722761876887
C_PAWNSTRUCTURE:0.49981716050141023
C_PIECECOORDINATION:0.5041266525024385
C_ROOKANDPAWNMOVEMENT:0.5041266525024385
C_CENTERCONTROL:0.5
C_DEVELOPPIECES:0.5100923306150991
C_MATERIAL:0.5
