ELO:956
CE_PASSEDPAWNS:0.5704686341152523
CE_PAWNWEAKNESSES:0.48406941091897526
CE_PIECEACTIVITY:0.5464336249324381
CE_KINGPAWNSHIELD:0.4930239675190632
CE_PIECECOORDINATION:0.5067011610836903
CE_MATERIAL:0.4361805374532458
CE_KINGSAFETY:0.49409144349346373
C_PIECESQUARETABLES:0.5256273571360984
C_MOBILITY:0.5199044869042612
C_KINGSAFETY:0.5253555637269883
C_PAWNSTRUCTURE:0.5805519300243128
C_PIECECOORDINATION:0.47958020624128334
C_ROOKANDPAWNMOVEMENT:0.47958020624128334
C_CENTERCONTROL:0.5603176073253816
C_DEVELOPPIECES:0.5134082322703207
C_MATERIAL:0.47155580455843044
