ELO:1037
CE_PASSEDPAWNS:0.5635577334316508
CE_PAWNWEAKNESSES:0.4846981699768561
CE_PIECEACTIVITY:0.4916352905019973
CE_KINGPAWNSHIELD:0.5074421883960382
CE_PIECECOORDINATION:0.5028261337430481
CE_MATERIAL:0.4504426496425704
CE_KINGSAFETY:0.5336076114392441
C_PIECESQUARETABLES:0.5212298971663466
C_MOBILITY:0.5715726836955486
C_KINGSAFETY:0.5436782817894177
C_PAWNSTRUCTURE:0.6159945574042881
C_PIECECOORDINATION:0.38776233839804514
C_ROOKANDPAWNMOVEMENT:0.38776233839804514
C_CENTERCONTROL:0.5859332007127436
C_DEVELOPPIECES:0.4995234760698223
C_MATERIAL:0.4335039741910377
