ELO:1000
CE_PASSEDPAWNS:0.4614278437238055
CE_PAWNWEAKNESSES:0.5511081905410956
CE_PIECEACTIVITY:0.5183851582962207
CE_KINGPAWNSHIELD:0.5458376640550623
CE_PIECECOORDINATION:0.5994558281656466
CE_MATERIAL:0.5159987557237068
CE_KINGSAFETY:0.5089678536845369
C_PIECESQUARETABLES:0.5269804696263346
C_MOBILITY:0.531599360666649
C_KINGSAFETY:0.47492169449654426
C_PAWNSTRUCTURE:0.4917356140548745
C_PIECECOORDINATION:0.4752999908466954
C_ROOKANDPAWNMOVEMENT:0.4752999908466954
C_CENTERCONTROL:0.512780985401002
C_DEVELOPPIECES:0.5418086694286968
C_MATERIAL:0.47369865118732696
