ELO:994
CE_PASSEDPAWNS:0.4968337451598581
CE_PAWNWEAKNESSES:0.48145586515788596
CE_PIECEACTIVITY:0.5208716238492279
CE_KINGPAWNSHIELD:0.47044298087866615
CE_PIECECOORDINATION:0.5252347465999906
CE_MATERIAL:0.48558433606963897
CE_KINGSAFETY:0.5
C_PIECESQUARETABLES:0.5
C_MOBILITY:0.5446054300523895
C_KINGSAFETY:0.48233824245969126
C_PAWNSTRUCTURE:0.5173225149350639
C_PIECECOORDINATION:0.5337452573437563
C_ROOK:0.482050619793673
CE_ROOK:0.48332193206982976
C_CENTERCONTROL:0.5270076186871575
C_DEVELOPPIECES:0.4672520002949432
C_MATERIAL:0.514068338829572
C_MOVECOUNT:0.4857680172518808
C_PAWNMOVEMENT:0.49489056651679103
