ELO:1000
CE_PASSEDPAWNS:0.5637981586742105
CE_PAWNWEAKNESSES:0.4849886754945062
CE_PIECEACTIVITY:0.5005535249985287
CE_KINGPAWNSHIELD:0.4785837156972418
CE_PIECECOORDINATION:0.5040503273611371
CE_MATERIAL:0.4793569831127899
CE_KINGSAFETY:0.4799080290204436
C_PIECESQUARETABLES:0.45447308234814754
C_MOBILITY:0.4648096079740028
C_KINGSAFETY:0.5352959443993948
C_PAWNSTRUCTURE:0.5271716584682468
C_PIECECOORDINATION:0.4873967644575598
C_ROOKANDPAWNMOVEMENT:0.4873967644575598
C_CENTERCONTROL:0.5319698513199649
C_DEVELOPPIECES:0.49912043328956573
C_MATERIAL:0.4491522223681983
