ELO:920
CE_PASSEDPAWNS:0.48248835622816877
CE_PAWNWEAKNESSES:0.5204911209413734
CE_PIECEACTIVITY:0.4829173943466418
CE_KINGPAWNSHIELD:0.5359573958186885
CE_PIECECOORDINATION:0.5110990396966906
CE_MATERIAL:0.4740059250105669
CE_KINGSAFETY:0.48957004308345187
C_PIECESQUARETABLES:0.5055970151673886
C_MOBILITY:0.5228914090268885
C_KINGSAFETY:0.4684392119285814
C_PAWNSTRUCTURE:0.4422476262161946
C_PIECECOORDINATION:0.496869652893061
C_ROOK:0.514938313268559
CE_ROOK:0.513911342522157
C_CENTERCONTROL:0.5114601523208127
C_DEVELOPPIECES:0.5006572611991391
C_MATERIAL:0.49613448460874965
C_MOVECOUNT:0.5330056705011758
C_PAWNMOVEMENT:0.4867190928073558
