ELO:931
CE_PASSEDPAWNS:0.5081023965105155
CE_PAWNWEAKNESSES:0.48876518792360973
CE_PIECEACTIVITY:0.4866693747440984
CE_KINGPAWNSHIELD:0.4965759212724174
CE_PIECECOORDINATION:0.5373310281344982
CE_MATERIAL:0.46021284977052596
CE_KINGSAFETY:0.4888540492241133
C_PIECESQUARETABLES:0.43640974720221287
C_MOBILITY:0.5268038191047913
C_KINGSAFETY:0.5180496081739372
C_PAWNSTRUCTURE:0.4767882119502325
C_PIECECOORDINATION:0.47221901040753733
C_ROOKANDPAWNMOVEMENT:0.47221901040753733
C_CENTERCONTROL:0.511935438633866
C_DEVELOPPIECES:0.5391520294548344
C_MATERIAL:0.45972493384197827
C_MOVECOUNT:0.5
