ELO:971
CE_PASSEDPAWNS:0.48812808199858965
CE_PAWNWEAKNESSES:0.5035187326468243
CE_PIECEACTIVITY:0.5017399271136924
CE_KINGPAWNSHIELD:0.49404954919218963
CE_PIECECOORDINATION:0.47991205581779034
CE_MATERIAL:0.5206778082337479
CE_KINGSAFETY:0.4992810843059866
C_PIECESQUARETABLES:0.5
C_MOBILITY:0.5082900852067364
C_KINGSAFETY:0.5032667102954453
C_PAWNSTRUCTURE:0.505313447022778
C_PIECECOORDINATION:0.5161330415522589
C_ROOKANDPAWNMOVEMENT:0.5161330415522589
C_CENTERCONTROL:0.48207716412189217
C_DEVELOPPIECES:0.512324408015653
C_MATERIAL:0.544187765085005
C_MOVECOUNT:0.5
