ELO:958
CE_PASSEDPAWNS:0.49984828692355243
CE_PAWNWEAKNESSES:0.5497641968554232
CE_PIECEACTIVITY:0.5678928031291579
CE_KINGPAWNSHIELD:0.5561756065032832
CE_PIECECOORDINATION:0.6429316187890075
CE_MATERIAL:0.5516395978870642
CE_KINGSAFETY:0.4777114899776563
C_PIECESQUARETABLES:0.5167072560657622
C_MOBILITY:0.5233126080464141
C_KINGSAFETY:0.514983534671443
C_PAWNSTRUCTURE:0.47175781894331165
C_PIECECOORDINATION:0.4412955069861103
C_ROOKANDPAWNMOVEMENT:0.4412955069861103
C_CENTERCONTROL:0.48495693247713934
C_DEVELOPPIECES:0.5122789981855979
C_MATERIAL:0.5048412773557621
