ELO:1000
CE_PASSEDPAWNS:0.46804219141949793
CE_PAWNWEAKNESSES:0.5687834215901171
CE_PIECEACTIVITY:0.5613169447999198
CE_KINGPAWNSHIELD:0.5295596562782955
CE_PIECECOORDINATION:0.6218896697815204
CE_MATERIAL:0.5162625699370229
CE_KINGSAFETY:0.5201820152995307
C_PIECESQUARETABLES:0.5188909001170392
C_MOBILITY:0.5260412058472227
C_KINGSAFETY:0.48127739106308126
C_PAWNSTRUCTURE:0.48163276843304015
C_PIECECOORDINATION:0.48375050033798606
C_ROOKANDPAWNMOVEMENT:0.48375050033798606
C_CENTERCONTROL:0.5140699552632103
C_DEVELOPPIECES:0.5260861550246968
C_MATERIAL:0.48234414617299154
