ELO:1015
CE_PASSEDPAWNS:0.5295719880146063
CE_PAWNWEAKNESSES:0.5138284537383717
CE_PIECEACTIVITY:0.5
CE_KINGPAWNSHIELD:0.5129089316457754
CE_PIECECOORDINATION:0.46943079566991036
CE_MATERIAL:0.4981983006607924
CE_KINGSAFETY:0.5
C_PIECESQUARETABLES:0.5
C_MOBILITY:0.5
C_KINGSAFETY:0.5092345300523111
C_PAWNSTRUCTURE:0.4950808927786756
C_PIECECOORDINATION:0.5
C_ROOKANDPAWNMOVEMENT:0.5
C_CENTERCONTROL:0.5
C_DEVELOPPIECES:0.4666900389897266
C_MATERIAL:0.5021322277010056
C_MOVECOUNT:0.5
