ELO:980
CE_PASSEDPAWNS:0.4961520091285
CE_PAWNWEAKNESSES:0.4927249359925893
CE_PIECEACTIVITY:0.48563364962056194
CE_KINGPAWNSHIELD:0.5053170121308884
CE_PIECECOORDINATION:0.4977324863973766
CE_MATERIAL:0.5122270236788399
CE_KINGSAFETY:0.5099310360067505
C_PIECESQUARETABLES:0.485829703729322
C_MOBILITY:0.48388241637366614
C_KINGSAFETY:0.5037386261034507
C_PAWNSTRUCTURE:0.5058495440455988
C_PIECECOORDINATION:0.5020441957442029
C_ROOKANDPAWNMOVEMENT:0.5020441957442029
C_CENTERCONTROL:0.5005948004162882
C_DEVELOPPIECES:0.4977726908440505
C_MATERIAL:0.49989784383875513
C_MOVECOUNT:0.5025748398336733
