ELO:992
CE_PASSEDPAWNS:0.4805795680366656
CE_PAWNWEAKNESSES:0.4918909703421563
CE_PIECEACTIVITY:0.4995753971957425
CE_KINGPAWNSHIELD:0.493394028037346
CE_PIECECOORDINATION:0.5101384688935242
CE_MATERIAL:0.5033921219664279
CE_KINGSAFETY:0.5149071038061706
C_PIECESQUARETABLES:0.4783173812242577
C_MOBILITY:0.5101156645084093
C_KINGSAFETY:0.5080903961057797
C_PAWNSTRUCTURE:0.5115851121457385
C_PIECECOORDINATION:0.5002884959728283
C_ROOKANDPAWNMOVEMENT:0.5002884959728283
C_CENTERCONTROL:0.5007997004149878
C_DEVELOPPIECES:0.5061429318511425
C_MATERIAL:0.5048725961811065
C_MOVECOUNT:0.5
