ELO:747
CE_PASSEDPAWNS:0.5747788452269754
CE_PAWNWEAKNESSES:0.49893476026148303
CE_PIECEACTIVITY:0.5160880494873177
CE_KINGPAWNSHIELD:0.5635262841821304
CE_PIECECOORDINATION:0.5331470464978106
CE_MATERIAL:0.44302642856518015
CE_KINGSAFETY:0.4615900933201602
C_PIECESQUARETABLES:0.5240842496114424
C_MOBILITY:0.5401491224125127
C_KINGSAFETY:0.5429230927240113
C_PAWNSTRUCTURE:0.5146014897059991
C_PIECECOORDINATION:0.5206882770268101
C_ROOKANDPAWNMOVEMENT:0.5206882770268101
C_CENTERCONTROL:0.5494921176954751
C_DEVELOPPIECES:0.4240971065508051
C_MATERIAL:0.4637025698824447
C_MOVECOUNT:0.5
