ELO:940
CE_PASSEDPAWNS:0.49474035137204364
CE_PAWNWEAKNESSES:0.46395156462096554
CE_PIECEACTIVITY:0.398144773257006
CE_KINGPAWNSHIELD:0.577291602905931
CE_PIECECOORDINATION:0.510761346811456
CE_MATERIAL:0.3611454146460224
CE_KINGSAFETY:0.46524921502224487
C_PIECESQUARETABLES:0.4748009111295403
C_MOBILITY:0.5335260324844364
C_KINGSAFETY:0.5048999852516511
C_PAWNSTRUCTURE:0.6446963368496429
C_PIECECOORDINATION:0.4757533205413816
C_ROOKANDPAWNMOVEMENT:0.4757533205413816
C_CENTERCONTROL:0.4730240566235764
C_DEVELOPPIECES:0.5238513735883099
C_MATERIAL:0.39131977438954046
