ELO:950
CE_PASSEDPAWNS:0.5808306012819182
CE_PAWNWEAKNESSES:0.473201248558816
CE_PIECEACTIVITY:0.5537097782576954
CE_KINGPAWNSHIELD:0.48979183968815404
CE_PIECECOORDINATION:0.5188150642364138
CE_MATERIAL:0.41950562512693296
CE_KINGSAFETY:0.4872616755319212
C_PIECESQUARETABLES:0.5320695389121431
C_MOBILITY:0.5206568230773535
C_KINGSAFETY:0.5274197328799823
C_PAWNSTRUCTURE:0.58075048049655
C_PIECECOORDINATION:0.45543108804312576
C_ROOKANDPAWNMOVEMENT:0.45543108804312576
C_CENTERCONTROL:0.5725776562401683
C_DEVELOPPIECES:0.532560139445365
C_MATERIAL:0.4684505494257162
