ELO:989
CE_PASSEDPAWNS:0.3617564518025229
CE_PAWNWEAKNESSES:0.5148756090639414
CE_PIECEACTIVITY:0.55858019695661
CE_KINGPAWNSHIELD:0.4713486378056039
CE_PIECECOORDINATION:0.46544225017118723
CE_MATERIAL:0.5129894768297174
CE_KINGSAFETY:0.4900972641701608
C_PIECESQUARETABLES:0.508689371209586
C_MOBILITY:0.5206571074046716
C_KINGSAFETY:0.556298276359488
C_PAWNSTRUCTURE:0.3383561204442256
C_PIECECOORDINATION:0.45026094354237867
C_ROOKANDPAWNMOVEMENT:0.45026094354237867
C_CENTERCONTROL:0.35488331713916
C_DEVELOPPIECES:0.48463106472835726
C_MATERIAL:0.6828983766046607
