ELO:764
CE_PASSEDPAWNS:0.5756191507887487
CE_PAWNWEAKNESSES:0.5044084409370403
CE_PIECEACTIVITY:0.511653060669348
CE_KINGPAWNSHIELD:0.5489721643150659
CE_PIECECOORDINATION:0.5451121366853912
CE_MATERIAL:0.45366996807383275
CE_KINGSAFETY:0.47986738286106606
C_PIECESQUARETABLES:0.5041485308392855
C_MOBILITY:0.5189414574385411
C_KINGSAFETY:0.5327492762696643
C_PAWNSTRUCTURE:0.4925997540918515
C_PIECECOORDINATION:0.5154541312323324
C_ROOKANDPAWNMOVEMENT:0.5154541312323324
C_CENTERCONTROL:0.5387585683717948
C_DEVELOPPIECES:0.4419687004444224
C_MATERIAL:0.4602558786078694
C_MOVECOUNT:0.5
