ELO:826
CE_PASSEDPAWNS:0.5790336479024237
CE_PAWNWEAKNESSES:0.5066883152458934
CE_PIECEACTIVITY:0.5072582891295576
CE_KINGPAWNSHIELD:0.5482820204630082
CE_PIECECOORDINATION:0.5195965114815339
CE_MATERIAL:0.4581068561634013
CE_KINGSAFETY:0.514760274740247
C_PIECESQUARETABLES:0.5576323303122052
C_MOBILITY:0.5085675311869805
C_KINGSAFETY:0.5146230539574943
C_PAWNSTRUCTURE:0.48909503454879766
C_PIECECOORDINATION:0.5349238555934677
C_ROOKANDPAWNMOVEMENT:0.5349238555934677
C_CENTERCONTROL:0.5405895467309189
C_DEVELOPPIECES:0.4500582812049222
C_MATERIAL:0.4802552367254473
C_MOVECOUNT:0.5
