ELO:871
CE_PASSEDPAWNS:0.49591838900077984
CE_PAWNWEAKNESSES:0.3943807011413595
CE_PIECEACTIVITY:0.36935647627974566
CE_KINGPAWNSHIELD:0.4826890911336715
CE_PIECECOORDINATION:0.6246854694022043
CE_MATERIAL:0.45130065428370786
CE_KINGSAFETY:0.47478006042661586
C_PIECESQUARETABLES:0.5093269966130088
C_MOBILITY:0.4460556176764703
C_KINGSAFETY:0.43933030928501265
C_PAWNSTRUCTURE:0.4240224005781613
C_PIECECOORDINATION:0.5012372710974282
C_ROOKANDPAWNMOVEMENT:0.5012372710974282
C_CENTERCONTROL:0.542161528068328
C_DEVELOPPIECES:0.4348077209592403
C_MATERIAL:0.4940993301024585
