ELO:956
CE_PASSEDPAWNS:0.5116195187281682
CE_PAWNWEAKNESSES:0.46792798728371027
CE_PIECEACTIVITY:0.4756976415687284
CE_KINGPAWNSHIELD:0.5001288053868326
CE_PIECECOORDINATION:0.512160735480932
CE_MATERIAL:0.5370391001103302
CE_KINGSAFETY:0.500153833554127
C_PIECESQUARETABLES:0.5
C_MOBILITY:0.465644247735744
C_KINGSAFETY:0.47859989470951597
C_PAWNSTRUCTURE:0.5348850194058689
C_PIECECOORDINATION:0.5144701666315112
C_ROOKANDPAWNMOVEMENT:0.5144701666315112
C_CENTERCONTROL:0.49460445132960873
C_DEVELOPPIECES:0.5431549148230619
C_MATERIAL:0.5127362667405143
C_MOVECOUNT:0.5355145564654642
