ELO:966
CE_PASSEDPAWNS:0.48415300513413473
CE_PAWNWEAKNESSES:0.5538988089768621
CE_PIECEACTIVITY:0.5778908525279939
CE_KINGPAWNSHIELD:0.5437739286014865
CE_PIECECOORDINATION:0.6299845289744317
CE_MATERIAL:0.5294469607995965
CE_KINGSAFETY:0.5
C_PIECESQUARETABLES:0.4961405739713759
C_MOBILITY:0.5345451176165414
C_KINGSAFETY:0.5095618089047314
C_PAWNSTRUCTURE:0.4841411467930818
C_PIECECOORDINATION:0.43586611036311035
C_ROOKANDPAWNMOVEMENT:0.43586611036311035
C_CENTERCONTROL:0.4890717855421126
C_DEVELOPPIECES:0.5117106610284856
C_MATERIAL:0.49854291097617864
