ELO:925
CE_PASSEDPAWNS:0.5170620483935258
CE_PAWNWEAKNESSES:0.5062356784471371
CE_PIECEACTIVITY:0.5347989612357323
CE_KINGPAWNSHIELD:0.5333663028611302
CE_PIECECOORDINATION:0.6386352740263106
CE_MATERIAL:0.5660730657312583
CE_KINGSAFETY:0.47544011512604345
C_PIECESQUARETABLES:0.5016576152138327
C_MOBILITY:0.5069455929825709
C_KINGSAFETY:0.49773744927634284
C_PAWNSTRUCTURE:0.48878064509561864
C_PIECECOORDINATION:0.44632205921859935
C_ROOKANDPAWNMOVEMENT:0.44632205921859935
C_CENTERCONTROL:0.49308227984097797
C_DEVELOPPIECES:0.5190384213318696
C_MATERIAL:0.48125402691750635
