ELO:1000
CE_PASSEDPAWNS:0.48726737474631565
CE_PAWNWEAKNESSES:0.5011091968095435
CE_PIECEACTIVITY:0.5073011541418038
CE_KINGPAWNSHIELD:0.5129066412067375
CE_PIECECOORDINATION:0.5074217521595888
CE_MATERIAL:0.4700771449516403
CE_KINGSAFETY:0.4819624153949533
C_PIECESQUARETABLES:0.48257443931691835
C_MOBILITY:0.47296668537907316
C_KINGSAFETY:0.5222117109370976
C_PAWNSTRUCTURE:0.5072437850607252
C_PIECECOORDINATION:0.530110560414886
C_ROOKANDPAWNMOVEMENT:0.530110560414886
C_CENTERCONTROL:0.5134165767746327
C_DEVELOPPIECES:0.4847528992882595
C_MATERIAL:0.4569198878099977
