ELO:848
CE_PASSEDPAWNS:0.5386828782698366
CE_PAWNWEAKNESSES:0.5861385760093965
CE_PIECEACTIVITY:0.3927834864047242
CE_KINGPAWNSHIELD:0.5472944246844641
CE_PIECECOORDINATION:0.5504220694496835
CE_MATERIAL:0.5043766335540097
CE_KINGSAFETY:0.5
C_PIECESQUARETABLES:0.5
C_MOBILITY:0.4465950786175903
C_KINGSAFETY:0.5322767723178451
C_PAWNSTRUCTURE:0.49197950000444757
C_PIECECOORDINATION:0.5272313926051649
C_ROOKANDPAWNMOVEMENT:0.5272313926051649
C_CENTERCONTROL:0.5719849924366864
C_DEVELOPPIECES:0.4684385670810184
C_MATERIAL:0.5229240010472753
C_MOVECOUNT:0.5
