ELO:991
CE_PASSEDPAWNS:0.4969173766338557
CE_PAWNWEAKNESSES:0.47840009725537547
CE_PIECEACTIVITY:0.476884566991011
CE_KINGPAWNSHIELD:0.4833438003946525
CE_PIECECOORDINATION:0.5043488368050991
CE_MATERIAL:0.5
CE_KINGSAFETY:0.47045547087309003
C_PIECESQUARETABLES:0.506006509973086
C_MOBILITY:0.49955030153831237
C_KINGSAFETY:0.5014535350964702
C_PAWNSTRUCTURE:0.49657403449576715
C_PIECECOORDINATION:0.49684116287324775
C_ROOKANDPAWNMOVEMENT:0.49684116287324775
C_CENTERCONTROL:0.4721719589064398
C_DEVELOPPIECES:0.49768163100290547
C_MATERIAL:0.480698739288879
