ELO:907
CE_PASSEDPAWNS:0.48248835622816877
CE_PAWNWEAKNESSES:0.5102363327498116
CE_PIECEACTIVITY:0.4829173943466418
CE_KINGPAWNSHIELD:0.5436478735065312
CE_PIECECOORDINATION:0.5110990396966906
CE_MATERIAL:0.5015623468133897
CE_KINGSAFETY:0.49367778158523445
C_PIECESQUARETABLES:0.5057771253032443
C_MOBILITY:0.5374691334246443
C_KINGSAFETY:0.4839876096122106
C_PAWNSTRUCTURE:0.459722205953662
C_PIECECOORDINATION:0.4909405013125231
C_ROOK:0.514938313268559
CE_ROOK:0.5227703394789263
C_CENTERCONTROL:0.5150046467147367
C_DEVELOPPIECES:0.4927922472596188
C_MATERIAL:0.5142486093528739
C_MOVECOUNT:0.5324599337806306
C_PAWNMOVEMENT:0.4834847028726107
