ELO:1000
CE_PASSEDPAWNS:0.4909259465881301
CE_PAWNWEAKNESSES:0.5
CE_PIECEACTIVITY:0.4877150018832596
CE_KINGPAWNSHIELD:0.4967614666353397
CE_PIECECOORDINATION:0.49571833524331305
CE_MATERIAL:0.5105617048128936
CE_KINGSAFETY:0.4920510976900445
C_PIECESQUARETABLES:0.48969342123090215
C_MOBILITY:0.5090642373672635
C_KINGSAFETY:0.5171452091232408
C_PAWNSTRUCTURE:0.5
C_PIECECOORDINATION:0.5086944436245098
C_ROOKANDPAWNMOVEMENT:0.5086944436245098
C_CENTERCONTROL:0.48981150437455157
C_DEVELOPPIECES:0.4915742368004293
C_MATERIAL:0.5128551764199409
