ELO:911
CE_PASSEDPAWNS:0.47980362887671907
CE_PAWNWEAKNESSES:0.5077488307874625
CE_PIECEACTIVITY:0.503738970514364
CE_KINGPAWNSHIELD:0.5306895981195575
CE_PIECECOORDINATION:0.521068322645907
CE_MATERIAL:0.4740059250105669
CE_KINGSAFETY:0.49448314235862095
C_PIECESQUARETABLES:0.5
C_MOBILITY:0.5344613224754646
C_KINGSAFETY:0.46308932010100357
C_PAWNSTRUCTURE:0.4514117000122857
C_PIECECOORDINATION:0.49604690372216564
C_ROOK:0.5240914797786081
CE_ROOK:0.5023524025600881
C_CENTERCONTROL:0.5231937568762103
C_DEVELOPPIECES:0.4837216640415543
C_MATERIAL:0.4837195546865575
C_MOVECOUNT:0.5330056705011758
C_PAWNMOVEMENT:0.4867190928073558
