ELO:1000
CE_PASSEDPAWNS:0.5101069436189484
CE_PAWNWEAKNESSES:0.49440278169464735
CE_PIECEACTIVITY:0.502996944598556
CE_KINGPAWNSHIELD:0.5073709393219092
CE_PIECECOORDINATION:0.4994282001264499
CE_MATERIAL:0.4648232318967433
CE_KINGSAFETY:0.47498727774923055
C_PIECESQUARETABLES:0.4774293542008306
C_MOBILITY:0.4682624240486489
C_KINGSAFETY:0.5423048507193068
C_PAWNSTRUCTURE:0.5052520421531993
C_PIECECOORDINATION:0.5130926190341547
C_ROOKANDPAWNMOVEMENT:0.5130926190341547
C_CENTERCONTROL:0.5095266645427123
C_DEVELOPPIECES:0.4812617890243643
C_MATERIAL:0.4714877741724756
