ELO:820
CE_PASSEDPAWNS:0.46717260908914265
CE_PAWNWEAKNESSES:0.47849199483026245
CE_PIECEACTIVITY:0.4979308097696454
CE_KINGPAWNSHIELD:0.46096875981401353
CE_PIECECOORDINATION:0.47523674224117296
CE_MATERIAL:0.5413976957536805
CE_KINGSAFETY:0.4956691237024102
C_PIECESQUARETABLES:0.5288870816499042
C_MOBILITY:0.5834501347055874
C_KINGSAFETY:0.555965224192529
C_PAWNSTRUCTURE:0.47134421048138264
C_PIECECOORDINATION:0.6223301338042752
C_ROOKANDPAWNMOVEMENT:0.6223301338042752
C_CENTERCONTROL:0.5717916766991857
C_DEVELOPPIECES:0.47095457398827056
C_MATERIAL:0.44749863627845166
C_MOVECOUNT:0.5295160560137541
