ELO:991
CE_PASSEDPAWNS:0.5627369357177546
CE_PAWNWEAKNESSES:0.47909103918847007
CE_PIECEACTIVITY:0.4932980349282274
CE_KINGPAWNSHIELD:0.5161344377998986
CE_PIECECOORDINATION:0.5129197037240395
CE_MATERIAL:0.4619984354519875
CE_KINGSAFETY:0.5351591137082786
C_PIECESQUARETABLES:0.5146460125838975
C_MOBILITY:0.5491659738044938
C_KINGSAFETY:0.5420428264063467
C_PAWNSTRUCTURE:0.6375577820272832
C_PIECECOORDINATION:0.398070444863398
C_ROOKANDPAWNMOVEMENT:0.398070444863398
C_CENTERCONTROL:0.5849809417838687
C_DEVELOPPIECES:0.500837314065961
C_MATERIAL:0.43533379175958764
