ELO:953
CE_PASSEDPAWNS:0.5269605321567123
CE_PAWNWEAKNESSES:0.5651716982161825
CE_PIECEACTIVITY:0.5166588470494665
CE_KINGPAWNSHIELD:0.5522051332476118
CE_PIECECOORDINATION:0.44802011660664254
CE_MATERIAL:0.5759664843844293
CE_KINGSAFETY:0.48637638331389305
C_PIECESQUARETABLES:0.49328581020708895
C_MOBILITY:0.5317567232968249
C_KINGSAFETY:0.4789904448499786
C_PAWNSTRUCTURE:0.4405695158546658
C_PIECECOORDINATION:0.5268723124920004
C_ROOKANDPAWNMOVEMENT:0.5268723124920004
C_CENTERCONTROL:0.5444656528313936
C_DEVELOPPIECES:0.4924556136842516
C_MATERIAL:0.5485321536518122
