ELO:988
CE_PASSEDPAWNS:0.5620883037213915
CE_PAWNWEAKNESSES:0.5119114826971815
CE_PIECEACTIVITY:0.5077745859870845
CE_KINGPAWNSHIELD:0.4959433226107815
CE_PIECECOORDINATION:0.47307749296132634
CE_MATERIAL:0.5568958208466513
CE_KINGSAFETY:0.48781106827317655
C_PIECESQUARETABLES:0.49165354613256107
C_MOBILITY:0.5163482195572726
C_KINGSAFETY:0.4825745090007141
C_PAWNSTRUCTURE:0.46739062762915334
C_PIECECOORDINATION:0.5702324507250266
C_ROOKANDPAWNMOVEMENT:0.5702324507250266
C_CENTERCONTROL:0.5248084649289138
C_DEVELOPPIECES:0.46933779337478904
C_MATERIAL:0.5129718242651364
