ELO:872
CE_PASSEDPAWNS:0.49334336602762735
CE_PAWNWEAKNESSES:0.5055090189632174
CE_PIECEACTIVITY:0.5385071161364474
CE_KINGPAWNSHIELD:0.5205831588771717
CE_PIECECOORDINATION:0.4735508997794313
CE_MATERIAL:0.5164125874119836
CE_KINGSAFETY:0.5
C_PIECESQUARETABLES:0.5009842067597747
C_MOBILITY:0.48713821157734993
C_KINGSAFETY:0.4744726335485805
C_PAWNSTRUCTURE:0.41785370521317866
C_PIECECOORDINATION:0.5197673774605265
C_ROOK:0.5042621114702945
CE_ROOK:0.5175909571139518
C_CENTERCONTROL:0.4991743973919944
C_DEVELOPPIECES:0.5074329402358443
C_MATERIAL:0.5231747302026086
C_MOVECOUNT:0.5524367791287148
C_PAWNMOVEMENT:0.5390968292790039
