ELO:1000
CE_PASSEDPAWNS:0.5575463603018298
CE_PAWNWEAKNESSES:0.483048827369011
CE_PIECEACTIVITY:0.4963266662709374
CE_KINGPAWNSHIELD:0.4947978373366992
CE_PIECECOORDINATION:0.4944435642897461
CE_MATERIAL:0.4837504394134704
CE_KINGSAFETY:0.509128190052343
C_PIECESQUARETABLES:0.445524131729364
C_MOBILITY:0.4916802805775176
C_KINGSAFETY:0.498514461969143
C_PAWNSTRUCTURE:0.4270019941441999
C_PIECECOORDINATION:0.5110750448217771
C_ROOKANDPAWNMOVEMENT:0.5110750448217771
C_CENTERCONTROL:0.546344015938344
C_DEVELOPPIECES:0.4898730154529171
C_MATERIAL:0.5167797712836861
