ELO:1024
CE_PASSEDPAWNS:0.5
CE_PAWNWEAKNESSES:0.51240511259045
CE_PIECEACTIVITY:0.5015525592543811
CE_KINGPAWNSHIELD:0.4912402102478737
CE_PIECECOORDINATION:0.5085388821866723
CE_MATERIAL:0.5355403594186892
CE_KINGSAFETY:0.5
C_PIECESQUARETABLES:0.5
C_MOBILITY:0.5
C_KINGSAFETY:0.49775373271039214
C_PAWNSTRUCTURE:0.5070334314476639
C_PIECECOORDINATION:0.5025812063901974
C_ROOKANDPAWNMOVEMENT:0.5025812063901974
C_CENTERCONTROL:0.5
C_DEVELOPPIECES:0.5003617828307636
C_MATERIAL:0.49260959798879045
C_MOVECOUNT:0.4993456657361649
