ELO:994
CE_PASSEDPAWNS:0.4943398738127031
CE_PAWNWEAKNESSES:0.5072220042854109
CE_PIECEACTIVITY:0.5036733866803839
CE_KINGPAWNSHIELD:0.5103209799645242
CE_PIECECOORDINATION:0.48127244278164905
CE_MATERIAL:0.5045628823680299
CE_KINGSAFETY:0.5048128310770281
C_PIECESQUARETABLES:0.516647034246009
C_MOBILITY:0.5050494559068768
C_KINGSAFETY:0.4915023651608836
C_PAWNSTRUCTURE:0.5012398610757497
C_PIECECOORDINATION:0.5077516074361058
C_ROOK:0.5000381154876928
CE_ROOK:0.5096997726073823
C_CENTERCONTROL:0.488228069506505
C_DEVELOPPIECES:0.5005606657017893
C_MATERIAL:0.5119682377985765
C_MOVECOUNT:0.5163659453703676
C_PAWNMOVEMENT:0.5089269336098631
