ELO:988
CE_PASSEDPAWNS:0.3741409515762092
CE_PAWNWEAKNESSES:0.5086530027826172
CE_PIECEACTIVITY:0.5115517959390631
CE_KINGPAWNSHIELD:0.4138786619679474
CE_PIECECOORDINATION:0.4702556978102264
CE_MATERIAL:0.5133958055092663
CE_KINGSAFETY:0.4964467591104951
C_PIECESQUARETABLES:0.5003163401606696
C_MOBILITY:0.49889277823729244
C_KINGSAFETY:0.5594239720260957
C_PAWNSTRUCTURE:0.32274252938363024
C_PIECECOORDINATION:0.5350567576815112
C_ROOKANDPAWNMOVEMENT:0.5350567576815112
C_CENTERCONTROL:0.35650835326046293
C_DEVELOPPIECES:0.4960521194674213
C_MATERIAL:0.6794456301792541
