ELO:988
CE_PASSEDPAWNS:0.5327573832819911
CE_PAWNWEAKNESSES:0.5713268001557243
CE_PIECEACTIVITY:0.4968709679411914
CE_KINGPAWNSHIELD:0.5063042623287882
CE_PIECECOORDINATION:0.4874677146566267
CE_MATERIAL:0.5687949054833283
CE_KINGSAFETY:0.49666304601143063
C_PIECESQUARETABLES:0.48050326491405737
C_MOBILITY:0.507045967505856
C_KINGSAFETY:0.5028773385609266
C_PAWNSTRUCTURE:0.46466713179021224
C_PIECECOORDINATION:0.5580590390552601
C_ROOKANDPAWNMOVEMENT:0.5580590390552601
C_CENTERCONTROL:0.5335901205214506
C_DEVELOPPIECES:0.5046808192364513
C_MATERIAL:0.52696741075846
