ELO:877
CE_PASSEDPAWNS:0.5141238519045847
CE_PAWNWEAKNESSES:0.46083293639222406
CE_PIECEACTIVITY:0.4846369233221211
CE_KINGPAWNSHIELD:0.5315658975222216
CE_PIECECOORDINATION:0.5003531532151342
CE_MATERIAL:0.4989649142761791
CE_KINGSAFETY:0.5012021013949459
C_PIECESQUARETABLES:0.5019838791387173
C_MOBILITY:0.4892524753098898
C_KINGSAFETY:0.48141951254694637
C_PAWNSTRUCTURE:0.517421119398881
C_PIECECOORDINATION:0.4836329152545773
C_ROOKANDPAWNMOVEMENT:0.4836329152545773
C_CENTERCONTROL:0.5213709069374088
C_DEVELOPPIECES:0.4931517929997521
C_MATERIAL:0.48932544607461914
C_MOVECOUNT:0.5039742326886694
