ELO:989
CE_PASSEDPAWNS:0.5
CE_PAWNWEAKNESSES:0.5
CE_PIECEACTIVITY:0.5161456502166794
CE_KINGPAWNSHIELD:0.5044399195953964
CE_PIECECOORDINATION:0.5153198829864153
CE_MATERIAL:0.5115490681204871
CE_KINGSAFETY:0.5
C_PIECESQUARETABLES:0.5018889110799318
C_MOBILITY:0.5025165859349583
C_KINGSAFETY:0.5117228934675702
C_PAWNSTRUCTURE:0.4939971257908449
C_PIECECOORDINATION:0.4936407228981685
C_ROOKANDPAWNMOVEMENT:0.4936407228981685
C_CENTERCONTROL:0.5037829322829581
C_DEVELOPPIECES:0.5009052976759741
C_MATERIAL:0.5407456670891081
C_MOVECOUNT:0.5166432189732878
