ELO:1034
CE_PASSEDPAWNS:0.5
CE_PAWNWEAKNESSES:0.5
CE_PIECEACTIVITY:0.5084342764729411
CE_KINGPAWNSHIELD:0.5244638246848417
CE_PIECECOORDINATION:0.5119560340737345
CE_MATERIAL:0.505024670824354
CE_KINGSAFETY:0.5
C_PIECESQUARETABLES:0.5
C_MOBILITY:0.499110786450322
C_KINGSAFETY:0.5
C_PAWNSTRUCTURE:0.5038838005905738
C_PIECECOORDINATION:0.48225505676134506
C_ROOKANDPAWNMOVEMENT:0.48225505676134506
C_CENTERCONTROL:0.49746299487137013
C_DEVELOPPIECES:0.5016577898842127
C_MATERIAL:0.49270858215404
C_MOVECOUNT:0.48926618513243864
