ELO:872
CE_PASSEDPAWNS:0.49334336602762735
CE_PAWNWEAKNESSES:0.5171066690939757
CE_PIECEACTIVITY:0.5385071161364474
CE_KINGPAWNSHIELD:0.516569139418356
CE_PIECECOORDINATION:0.4735508997794313
CE_MATERIAL:0.5053834357390292
CE_KINGSAFETY:0.4954119690534115
C_PIECESQUARETABLES:0.5009842067597747
C_MOBILITY:0.48969061487106785
C_KINGSAFETY:0.46374357907012104
C_PAWNSTRUCTURE:0.41785370521317866
C_PIECECOORDINATION:0.5150014252750306
C_ROOK:0.5201573162615052
CE_ROOK:0.5135354258915134
C_CENTERCONTROL:0.5088018571962786
C_DEVELOPPIECES:0.5193339991488447
C_MATERIAL:0.5231747302026086
C_MOVECOUNT:0.5524367791287148
C_PAWNMOVEMENT:0.5517439538971164
