ELO:814
CE_PASSEDPAWNS:0.5025734197019891
CE_PAWNWEAKNESSES:0.5581664173392962
CE_PIECEACTIVITY:0.4761727232509423
CE_KINGPAWNSHIELD:0.5187087911194653
CE_PIECECOORDINATION:0.46412980743510357
CE_MATERIAL:0.5468070428722555
CE_KINGSAFETY:0.5070139274232547
C_PIECESQUARETABLES:0.5869743493848066
C_MOBILITY:0.482154341939466
C_KINGSAFETY:0.4838805360359968
C_PAWNSTRUCTURE:0.5188386409096171
C_PIECECOORDINATION:0.521391691505691
C_ROOKANDPAWNMOVEMENT:0.521391691505691
C_CENTERCONTROL:0.5189150246181319
C_DEVELOPPIECES:0.42974033506634857
C_MATERIAL:0.5066538235514915
C_MOVECOUNT:0.5
