ELO:1034
CE_PASSEDPAWNS:0.6258530758259853
CE_PAWNWEAKNESSES:0.5170405136977836
CE_PIECEACTIVITY:0.45794337238883964
CE_KINGPAWNSHIELD:0.5135216009241436
CE_PIECECOORDINATION:0.4648798562141635
CE_MATERIAL:0.44234166431813887
CE_KINGSAFETY:0.4998821925487022
C_PIECESQUARETABLES:0.49015363215785823
C_MOBILITY:0.46042301764633536
C_KINGSAFETY:0.4949568752471974
C_PAWNSTRUCTURE:0.41247748677682666
C_PIECECOORDINATION:0.5027748714603943
C_ROOKANDPAWNMOVEMENT:0.5027748714603943
C_CENTERCONTROL:0.49312311527336417
C_DEVELOPPIECES:0.5685057289363237
C_MATERIAL:0.4326139978506114
