ELO:1000
CE_PASSEDPAWNS:0.5310895012981603
CE_PAWNWEAKNESSES:0.5042953266707542
CE_PIECEACTIVITY:0.4870052012996181
CE_KINGPAWNSHIELD:0.4793614188601454
CE_PIECECOORDINATION:0.5005710743784348
CE_MATERIAL:0.508487032299053
CE_KINGSAFETY:0.49356631579264837
C_PIECESQUARETABLES:0.5044766483830281
C_MOBILITY:0.49816458326487206
C_KINGSAFETY:0.5067550962032425
C_PAWNSTRUCTURE:0.4457318490248817
C_PIECECOORDINATION:0.4966754598650399
C_ROOKANDPAWNMOVEMENT:0.4966754598650399
C_CENTERCONTROL:0.5113986840301729
C_DEVELOPPIECES:0.513744505309154
C_MATERIAL:0.5148636156510381
