ELO:843
CE_PASSEDPAWNS:0.52066733362361
CE_PAWNWEAKNESSES:0.46576316427509395
CE_PIECEACTIVITY:0.4793695367145652
CE_KINGPAWNSHIELD:0.5329419666621638
CE_PIECECOORDINATION:0.4715406410491642
CE_MATERIAL:0.5034334079525444
CE_KINGSAFETY:0.515264837494804
C_PIECESQUARETABLES:0.5252913550171043
C_MOBILITY:0.5009843138693116
C_KINGSAFETY:0.4567051652905159
C_PAWNSTRUCTURE:0.5042103860027597
C_PIECECOORDINATION:0.491386054702206
C_ROOKANDPAWNMOVEMENT:0.491386054702206
C_CENTERCONTROL:0.516193874046686
C_DEVELOPPIECES:0.4828511763611225
C_MATERIAL:0.48125094316511996
C_MOVECOUNT:0.5104280993125607
