ELO:986
CE_PASSEDPAWNS:0.5031528063379578
CE_PAWNWEAKNESSES:0.5116632895152108
CE_PIECEACTIVITY:0.48961143779395844
CE_KINGPAWNSHIELD:0.5036796429641159
CE_PIECECOORDINATION:0.5337132856202399
CE_MATERIAL:0.4858502684826904
CE_KINGSAFETY:0.5
C_PIECESQUARETABLES:0.5
C_MOBILITY:0.5025165859349583
C_KINGSAFETY:0.5061672412051825
C_PAWNSTRUCTURE:0.5012525668368674
C_PIECECOORDINATION:0.5475762079294448
C_ROOKANDPAWNMOVEMENT:0.5475762079294448
C_CENTERCONTROL:0.48879908579735615
C_DEVELOPPIECES:0.49606170520896625
C_MATERIAL:0.4973518933597147
C_MOVECOUNT:0.5107389113760622
