ELO:872
CE_PASSEDPAWNS:0.4877098517505455
CE_PAWNWEAKNESSES:0.5171066690939757
CE_PIECEACTIVITY:0.5213436675317576
CE_KINGPAWNSHIELD:0.5158456525492335
CE_PIECECOORDINATION:0.4617586842363777
CE_MATERIAL:0.49345388797661704
CE_KINGSAFETY:0.4966638806430994
C_PIECESQUARETABLES:0.5009842067597747
C_MOBILITY:0.47876548092053467
C_KINGSAFETY:0.4490763964053516
C_PAWNSTRUCTURE:0.41785370521317866
C_PIECECOORDINATION:0.5169687883578957
C_ROOK:0.529243466701801
CE_ROOK:0.5094403709587789
C_CENTERCONTROL:0.5103016684126203
C_DEVELOPPIECES:0.5264703711060825
C_MATERIAL:0.5231747302026086
C_MOVECOUNT:0.5558730626428556
C_PAWNMOVEMENT:0.5508670225474165
