ELO:993
CE_PASSEDPAWNS:0.4962718318020451
CE_PAWNWEAKNESSES:0.5072220042854109
CE_PIECEACTIVITY:0.5134253438458677
CE_KINGPAWNSHIELD:0.5103209799645242
CE_PIECECOORDINATION:0.48127244278164905
CE_MATERIAL:0.5093868438342636
CE_KINGSAFETY:0.49398588939158244
C_PIECESQUARETABLES:0.516647034246009
C_MOBILITY:0.5050494559068768
C_KINGSAFETY:0.4870755596450967
C_PAWNSTRUCTURE:0.5012398610757497
C_PIECECOORDINATION:0.5077516074361058
C_ROOK:0.5060644925741572
CE_ROOK:0.5096997726073823
C_CENTERCONTROL:0.48542202980281357
C_DEVELOPPIECES:0.5005606657017893
C_MATERIAL:0.5189160554963452
C_MOVECOUNT:0.5196712873186592
C_PAWNMOVEMENT:0.5089269336098631
