ELO:999
CE_PASSEDPAWNS:0.5818138588100042
CE_PAWNWEAKNESSES:0.5043483810281351
CE_PIECEACTIVITY:0.4695492330124405
CE_KINGPAWNSHIELD:0.5010733516283419
CE_PIECECOORDINATION:0.503709292661379
CE_MATERIAL:0.4814361429024687
CE_KINGSAFETY:0.5
C_PIECESQUARETABLES:0.5046429593227624
C_MOBILITY:0.45751720550803626
C_KINGSAFETY:0.4631970269231998
C_PAWNSTRUCTURE:0.468176389320892
C_PIECECOORDINATION:0.4768073623581905
C_ROOKANDPAWNMOVEMENT:0.4768073623581905
C_CENTERCONTROL:0.594925242414661
C_DEVELOPPIECES:0.46980290280646636
C_MATERIAL:0.5158585873736656
