ELO:796
CE_PASSEDPAWNS:0.5506013357687805
CE_PAWNWEAKNESSES:0.5258256601260206
CE_PIECEACTIVITY:0.5383382568870773
CE_KINGPAWNSHIELD:0.4765145077269928
CE_PIECECOORDINATION:0.4578357772098645
CE_MATERIAL:0.5792140607287277
CE_KINGSAFETY:0.49763802163384213
C_PIECESQUARETABLES:0.5243939020507478
C_MOBILITY:0.4848575571846561
C_KINGSAFETY:0.4818726802971297
C_PAWNSTRUCTURE:0.5962048678232534
C_PIECECOORDINATION:0.5096154365282496
C_ROOKANDPAWNMOVEMENT:0.5096154365282496
C_CENTERCONTROL:0.4852808021408543
C_DEVELOPPIECES:0.3954670854774692
C_MATERIAL:0.4657331619315618
C_MOVECOUNT:0.5
