ELO:939
CE_PASSEDPAWNS:0.5785612298898059
CE_PAWNWEAKNESSES:0.5466508351184258
CE_PIECEACTIVITY:0.5320366265124439
CE_KINGPAWNSHIELD:0.585853601794029
CE_PIECECOORDINATION:0.42676014997495193
CE_MATERIAL:0.5725875532358471
CE_KINGSAFETY:0.5234776044899468
C_PIECESQUARETABLES:0.4579806335245158
C_MOBILITY:0.49638031238097374
C_KINGSAFETY:0.5027976186781177
C_PAWNSTRUCTURE:0.48758160624723895
C_PIECECOORDINATION:0.533047842230096
C_ROOKANDPAWNMOVEMENT:0.533047842230096
C_CENTERCONTROL:0.5318063868069445
C_DEVELOPPIECES:0.501537213504036
C_MATERIAL:0.5703585610730729
