ELO:1000
CE_PASSEDPAWNS:0.5623303902152287
CE_PAWNWEAKNESSES:0.4878502681525825
CE_PIECEACTIVITY:0.47441807452057255
CE_KINGPAWNSHIELD:0.4891082444906161
CE_PIECECOORDINATION:0.4870923180160543
CE_MATERIAL:0.5264950051899268
CE_KINGSAFETY:0.5183820853268257
C_PIECESQUARETABLES:0.5055958190559553
C_MOBILITY:0.47286753700134354
C_KINGSAFETY:0.4908016902805441
C_PAWNSTRUCTURE:0.4547952561106174
C_PIECECOORDINATION:0.5291163722936775
C_ROOKANDPAWNMOVEMENT:0.5291163722936775
C_CENTERCONTROL:0.500364282640839
C_DEVELOPPIECES:0.49438680239205407
C_MATERIAL:0.5357390317551576
