ELO:898
CE_PASSEDPAWNS:0.5811738174437255
CE_PAWNWEAKNESSES:0.5017917344888423
CE_PIECEACTIVITY:0.41495244124096514
CE_KINGPAWNSHIELD:0.5181888132271079
CE_PIECECOORDINATION:0.47903397122542424
CE_MATERIAL:0.5180887604112159
CE_KINGSAFETY:0.4426982839890839
C_PIECESQUARETABLES:0.4437722074170803
C_MOBILITY:0.5393542261793276
C_KINGSAFETY:0.43130556437115075
C_PAWNSTRUCTURE:0.4870509646601703
C_PIECECOORDINATION:0.45546038312832904
C_ROOKANDPAWNMOVEMENT:0.45546038312832904
C_CENTERCONTROL:0.5489942729612322
C_DEVELOPPIECES:0.4587491055734289
C_MATERIAL:0.5214781696820465
