ELO:985
CE_PASSEDPAWNS:0.5050708657651111
CE_PAWNWEAKNESSES:0.4955432599568209
CE_PIECEACTIVITY:0.4999498428767004
CE_KINGPAWNSHIELD:0.5123435625538789
CE_PIECECOORDINATION:0.4970960806090242
CE_MATERIAL:0.5060297191072396
CE_KINGSAFETY:0.5094628309898013
C_PIECESQUARETABLES:0.4910410804014444
C_MOBILITY:0.5
C_KINGSAFETY:0.48467238376986554
C_PAWNSTRUCTURE:0.48678666760665307
C_PIECECOORDINATION:0.5012676845179378
C_ROOKANDPAWNMOVEMENT:0.5012676845179378
C_CENTERCONTROL:0.4835596657554167
C_DEVELOPPIECES:0.50936700808155
C_MATERIAL:0.49270858215404
C_MOVECOUNT:0.49406984916955654
