ELO:1000
CE_PASSEDPAWNS:0.5586164089076838
CE_PAWNWEAKNESSES:0.4781455834466947
CE_PIECEACTIVITY:0.4963266662709374
CE_KINGPAWNSHIELD:0.47871570525023216
CE_PIECECOORDINATION:0.4971768645290749
CE_MATERIAL:0.49737863591049686
CE_KINGSAFETY:0.5075207726120851
C_PIECESQUARETABLES:0.43935063159553234
C_MOBILITY:0.4916802805775176
C_KINGSAFETY:0.5118749672808914
C_PAWNSTRUCTURE:0.4270019941441999
C_PIECECOORDINATION:0.5110750448217771
C_ROOKANDPAWNMOVEMENT:0.5110750448217771
C_CENTERCONTROL:0.5432025615063932
C_DEVELOPPIECES:0.5069664982817108
C_MATERIAL:0.5090253833460395
