ELO:556
CE_PASSEDPAWNS:0.5107900218908354
CE_PAWNWEAKNESSES:0.49336774085989643
CE_PIECEACTIVITY:0.48860196889433927
CE_KINGPAWNSHIELD:0.4908214061863259
CE_PIECECOORDINATION:0.4727569515576373
CE_MATERIAL:0.5537906572930492
CE_KINGSAFETY:0.5104707082166382
C_PIECESQUARETABLES:0.47456100758506176
C_MOBILITY:0.45246902142804246
C_KINGSAFETY:0.4769543265889221
C_PAWNSTRUCTURE:0.5813958966919572
C_PIECECOORDINATION:0.4669475442171159
C_ROOKANDPAWNMOVEMENT:0.4669475442171159
C_CENTERCONTROL:0.5734414315992684
C_DEVELOPPIECES:0.38182488416086213
C_MATERIAL:0.416024112504041
C_MOVECOUNT:0.4624056461260117
