ELO:996
CE_PASSEDPAWNS:0.5158475457616614
CE_PAWNWEAKNESSES:0.48397321030848733
CE_PIECEACTIVITY:0.5049672382855692
CE_KINGPAWNSHIELD:0.4965153739995127
CE_PIECECOORDINATION:0.4931537489723708
CE_MATERIAL:0.5
CE_KINGSAFETY:0.49816202703278517
C_PIECESQUARETABLES:0.5
C_MOBILITY:0.5089129255770051
C_KINGSAFETY:0.4973658703860181
C_PAWNSTRUCTURE:0.48678666760665307
C_PIECECOORDINATION:0.5012676845179378
C_ROOKANDPAWNMOVEMENT:0.5012676845179378
C_CENTERCONTROL:0.5067545249835239
C_DEVELOPPIECES:0.513695088124165
C_MATERIAL:0.5097484439296304
C_MOVECOUNT:0.4947219397022121
