ELO:988
CE_PASSEDPAWNS:0.4902557969272363
CE_PAWNWEAKNESSES:0.4977536429508168
CE_PIECEACTIVITY:0.5
CE_KINGPAWNSHIELD:0.5
CE_PIECECOORDINATION:0.5
CE_MATERIAL:0.5
CE_KINGSAFETY:0.5
C_PIECESQUARETABLES:0.48811144911003373
C_MOBILITY:0.5
C_KINGSAFETY:0.5
C_PAWNSTRUCTURE:0.5
C_PIECECOORDINATION:0.5
C_ROOKANDPAWNMOVEMENT:0.5
C_CENTERCONTROL:0.48756120539610404
C_DEVELOPPIECES:0.5098497464420709
C_MATERIAL:0.49893147420099865
C_MOVECOUNT:0.504278784122562
