ELO:866
CE_PASSEDPAWNS:0.5041243678238907
CE_PAWNWEAKNESSES:0.4943812452974332
CE_PIECEACTIVITY:0.5385071161364474
CE_KINGPAWNSHIELD:0.5173268951647139
CE_PIECECOORDINATION:0.4760414738576997
CE_MATERIAL:0.5031582203078323
CE_KINGSAFETY:0.5118108877645967
C_PIECESQUARETABLES:0.5044217610857853
C_MOBILITY:0.4835170053166505
C_KINGSAFETY:0.4744726335485805
C_PAWNSTRUCTURE:0.4287351785151693
C_PIECECOORDINATION:0.5166316056557917
C_ROOK:0.5078844784075224
CE_ROOK:0.5175909571139518
C_CENTERCONTROL:0.48475938655097867
C_DEVELOPPIECES:0.5167273241095259
C_MATERIAL:0.5113323234717938
C_MOVECOUNT:0.5301610637053992
C_PAWNMOVEMENT:0.5300150808738541
