ELO:1000
CE_PASSEDPAWNS:0.5784265921141036
CE_PAWNWEAKNESSES:0.5202463233608844
CE_PIECEACTIVITY:0.5151443345493728
CE_KINGPAWNSHIELD:0.5116854626855777
CE_PIECECOORDINATION:0.47535689287361566
CE_MATERIAL:0.5358523411456015
CE_KINGSAFETY:0.48649293121367854
C_PIECESQUARETABLES:0.514030670054745
C_MOBILITY:0.5194705520090488
C_KINGSAFETY:0.5013935298540066
C_PAWNSTRUCTURE:0.4708663760201747
C_PIECECOORDINATION:0.5498526253483095
C_ROOKANDPAWNMOVEMENT:0.5498526253483095
C_CENTERCONTROL:0.5194236002168642
C_DEVELOPPIECES:0.4841585981191544
C_MATERIAL:0.5190429490448122
