ELO:951
CE_PASSEDPAWNS:0.46598384363778783
CE_PAWNWEAKNESSES:0.49865210008385646
CE_PIECEACTIVITY:0.5124881236294985
CE_KINGPAWNSHIELD:0.47934591020459905
CE_PIECECOORDINATION:0.5094859278952902
CE_MATERIAL:0.5150576830317379
CE_KINGSAFETY:0.5115373451719856
C_PIECESQUARETABLES:0.4921984527509244
C_MOBILITY:0.530319722557003
C_KINGSAFETY:0.5377146012818549
C_PAWNSTRUCTURE:0.5102736390935707
C_PIECECOORDINATION:0.47457927900905317
C_ROOK:0.5254441476365201
CE_ROOK:0.4838044378852124
C_CENTERCONTROL:0.5257444916707934
C_DEVELOPPIECES:0.5045691667555086
C_MATERIAL:0.495451651864454
C_MOVECOUNT:0.5303387864894897
C_PAWNMOVEMENT:0.5284814090938336
