ELO:1000
CE_PASSEDPAWNS:0.5700019653944284
CE_PAWNWEAKNESSES:0.5124121989007813
CE_PIECEACTIVITY:0.47497972194878957
CE_KINGPAWNSHIELD:0.501285095841483
CE_PIECECOORDINATION:0.4942675227250842
CE_MATERIAL:0.4817860225243551
CE_KINGSAFETY:0.4935749437253743
C_PIECESQUARETABLES:0.4987562509524145
C_MOBILITY:0.4582233313303365
C_KINGSAFETY:0.4789496986835609
C_PAWNSTRUCTURE:0.44847058740776385
C_PIECECOORDINATION:0.4822237435657961
C_ROOKANDPAWNMOVEMENT:0.4822237435657961
C_CENTERCONTROL:0.601906664498367
C_DEVELOPPIECES:0.48781561865282913
C_MATERIAL:0.5164556119234421
