ELO:1000
CE_PASSEDPAWNS:0.4946645968016874
CE_PAWNWEAKNESSES:0.5
CE_PIECEACTIVITY:0.4905855064251037
CE_KINGPAWNSHIELD:0.4820379860658581
CE_PIECECOORDINATION:0.5052571477248412
CE_MATERIAL:0.49349594031141564
CE_KINGSAFETY:0.5
C_PIECESQUARETABLES:0.4918736468598036
C_MOBILITY:0.5
C_KINGSAFETY:0.5088664248999882
C_PAWNSTRUCTURE:0.4818407673264254
C_PIECECOORDINATION:0.5
C_ROOKANDPAWNMOVEMENT:0.5
C_CENTERCONTROL:0.4944091142459039
C_DEVELOPPIECES:0.5023250774455664
C_MATERIAL:0.5110810601162938
