ELO:1033
CE_PASSEDPAWNS:0.5
CE_PAWNWEAKNESSES:0.5
CE_PIECEACTIVITY:0.5
CE_KINGPAWNSHIELD:0.5
CE_PIECECOORDINATION:0.4918912380208129
CE_MATERIAL:0.4974153200487177
CE_KINGSAFETY:0.5
C_PIECESQUARETABLES:0.4850491853287863
C_MOBILITY:0.5050787464971338
C_KINGSAFETY:0.5040976148953874
C_PAWNSTRUCTURE:0.4939981833742724
C_PIECECOORDINATION:0.5
C_ROOK:0.48374170825370544
CE_ROOK:0.5102287434009622
C_CENTERCONTROL:0.5036060598332991
C_DEVELOPPIECES:0.5
C_MATERIAL:0.5005063034481791
C_MOVECOUNT:0.4982083890898521
C_PAWNMOVEMENT:0.4910370923163577
