ELO:969
CE_PASSEDPAWNS:0.5043515844041075
CE_PAWNWEAKNESSES:0.5683691758366449
CE_PIECEACTIVITY:0.5558601353939985
CE_KINGPAWNSHIELD:0.47967726298998836
CE_PIECECOORDINATION:0.4342612273024915
CE_MATERIAL:0.5639602085688598
CE_KINGSAFETY:0.5
C_PIECESQUARETABLES:0.5
C_MOBILITY:0.4190145181328137
C_KINGSAFETY:0.5514192181529091
C_PAWNSTRUCTURE:0.49002758549300746
C_PIECECOORDINATION:0.566610927135787
C_ROOKANDPAWNMOVEMENT:0.566610927135787
C_CENTERCONTROL:0.5951633135195888
C_DEVELOPPIECES:0.4758614556161463
C_MATERIAL:0.5267160929251746
