ELO:924
CE_PASSEDPAWNS:0.5059135529585386
CE_PAWNWEAKNESSES:0.4876088152534574
CE_PIECEACTIVITY:0.4771389811215167
CE_KINGPAWNSHIELD:0.48958398683449394
CE_PIECECOORDINATION:0.48616221797128856
CE_MATERIAL:0.48935774914381586
CE_KINGSAFETY:0.5280509484079091
C_PIECESQUARETABLES:0.4876771794636097
C_MOBILITY:0.5021163108569457
C_KINGSAFETY:0.48216482796373883
C_PAWNSTRUCTURE:0.4502876870787082
C_PIECECOORDINATION:0.5033200089882213
C_ROOKANDPAWNMOVEMENT:0.5033200089882213
C_CENTERCONTROL:0.5026804223069664
C_DEVELOPPIECES:0.4816131334883297
C_MATERIAL:0.4925794845163073
C_MOVECOUNT:0.5
