ELO:911
CE_PASSEDPAWNS:0.4382526433677463
CE_PAWNWEAKNESSES:0.5823098472175255
CE_PIECEACTIVITY:0.5826038660359505
CE_KINGPAWNSHIELD:0.518044897471018
CE_PIECECOORDINATION:0.4497329695338881
CE_MATERIAL:0.5609854286585906
CE_KINGSAFETY:0.4857133112656198
C_PIECESQUARETABLES:0.5523628650364074
C_MOBILITY:0.46217297665065915
C_KINGSAFETY:0.5767087776447167
C_PAWNSTRUCTURE:0.49352136797951707
C_PIECECOORDINATION:0.5691951752387993
C_ROOKANDPAWNMOVEMENT:0.5691951752387993
C_CENTERCONTROL:0.5975307016902754
C_DEVELOPPIECES:0.477031082751873
C_MATERIAL:0.552059520366162
