ELO:980
CE_PASSEDPAWNS:0.5
CE_PAWNWEAKNESSES:0.5030174298364619
CE_PIECEACTIVITY:0.5053756512655669
CE_KINGPAWNSHIELD:0.504265298376522
CE_PIECECOORDINATION:0.4996126973554832
CE_MATERIAL:0.4792074406140473
CE_KINGSAFETY:0.5
C_PIECESQUARETABLES:0.4937822415114425
C_MOBILITY:0.5160363495218705
C_KINGSAFETY:0.5029370484179319
C_PAWNSTRUCTURE:0.5031880295566767
C_PIECECOORDINATION:0.5108676602880842
C_ROOKANDPAWNMOVEMENT:0.5108676602880842
C_CENTERCONTROL:0.49117972311357894
C_DEVELOPPIECES:0.5095105961178433
C_MATERIAL:0.4991219072250344
C_MOVECOUNT:0.5
