ELO:835
CE_PASSEDPAWNS:0.3940545035540535
CE_PAWNWEAKNESSES:0.5550486278709094
CE_PIECEACTIVITY:0.4676805489786063
CE_KINGPAWNSHIELD:0.4660008501048332
CE_PIECECOORDINATION:0.5091102297888518
CE_MATERIAL:0.4376501408442083
CE_KINGSAFETY:0.4994544207867691
C_PIECESQUARETABLES:0.5263570940006806
C_MOBILITY:0.4974417087198182
C_KINGSAFETY:0.514739517153406
C_PAWNSTRUCTURE:0.5403823266288003
C_PIECECOORDINATION:0.45517865982213773
C_ROOKANDPAWNMOVEMENT:0.45517865982213773
C_CENTERCONTROL:0.5143593417214998
C_DEVELOPPIECES:0.49035500533010445
C_MATERIAL:0.5810505168776727
C_MOVECOUNT:0.5
