ELO:1011
CE_PASSEDPAWNS:0.5065593231786861
CE_PAWNWEAKNESSES:0.4795209796067758
CE_PIECEACTIVITY:0.5183693221460055
CE_KINGPAWNSHIELD:0.4957494380202444
CE_PIECECOORDINATION:0.5208785433050243
CE_MATERIAL:0.49130699122501675
CE_KINGSAFETY:0.5
C_PIECESQUARETABLES:0.5
C_MOBILITY:0.4668075554486564
C_KINGSAFETY:0.46402129971210204
C_PAWNSTRUCTURE:0.4729789330155761
C_PIECECOORDINATION:0.47186079018722366
C_ROOK:0.526435413254912
CE_ROOK:0.5184133480084185
C_CENTERCONTROL:0.496771288024623
C_DEVELOPPIECES:0.4827476482380969
C_MATERIAL:0.5108719326789923
C_MOVECOUNT:0.5058201970632462
C_PAWNMOVEMENT:0.5008857778906792
