ELO:897
CE_PASSEDPAWNS:0.5003748052533102
CE_PAWNWEAKNESSES:0.64877560396643
CE_PIECEACTIVITY:0.43631467899533233
CE_KINGPAWNSHIELD:0.403059619242046
CE_PIECECOORDINATION:0.4643056318334279
CE_MATERIAL:0.5899204847075812
CE_KINGSAFETY:0.5111525177359986
C_PIECESQUARETABLES:0.471007645245814
C_MOBILITY:0.6153741954904938
C_KINGSAFETY:0.4525109253288025
C_PAWNSTRUCTURE:0.4450108975072195
C_PIECECOORDINATION:0.4568879614438886
C_ROOKANDPAWNMOVEMENT:0.4568879614438886
C_CENTERCONTROL:0.4596874869303765
C_DEVELOPPIECES:0.6047522783965279
C_MATERIAL:0.5951080792401662
