ELO:982
CE_PASSEDPAWNS:0.5088427360946601
CE_PAWNWEAKNESSES:0.5136491622274775
CE_PIECEACTIVITY:0.506074276643998
CE_KINGPAWNSHIELD:0.5104162370541317
CE_PIECECOORDINATION:0.5040242674681642
CE_MATERIAL:0.500687143094576
CE_KINGSAFETY:0.5
C_PIECESQUARETABLES:0.5
C_MOBILITY:0.5045886114428578
C_KINGSAFETY:0.5
C_PAWNSTRUCTURE:0.5
C_PIECECOORDINATION:0.5015334388528959
C_ROOKANDPAWNMOVEMENT:0.5015334388528959
C_CENTERCONTROL:0.49414696258324636
C_DEVELOPPIECES:0.48941350551054985
C_MATERIAL:0.4929146213694425
C_MOVECOUNT:0.49468730324104776
