ELO:1005
CE_PASSEDPAWNS:0.48731186364520124
CE_PAWNWEAKNESSES:0.5
CE_PIECEACTIVITY:0.48764136252024887
CE_KINGPAWNSHIELD:0.5
CE_PIECECOORDINATION:0.4981965312474599
CE_MATERIAL:0.5
CE_KINGSAFETY:0.5
C_PIECESQUARETABLES:0.5
C_MOBILITY:0.5255605371178037
C_KINGSAFETY:0.5012490681911862
C_PAWNSTRUCTURE:0.4928811501388029
C_PIECECOORDINATION:0.4872749895627366
C_ROOKANDPAWNMOVEMENT:0.4872749895627366
C_CENTERCONTROL:0.4880613761479438
C_DEVELOPPIECES:0.5
C_MATERIAL:0.49661817650321544
C_MOVECOUNT:0.5
