ELO:952
CE_PASSEDPAWNS:0.5417025903466391
CE_PAWNWEAKNESSES:0.5953631602084236
CE_PIECEACTIVITY:0.45556343851595005
CE_KINGPAWNSHIELD:0.45730601504289137
CE_PIECECOORDINATION:0.46945880508359533
CE_MATERIAL:0.5139040054427125
CE_KINGSAFETY:0.5292081398737729
C_PIECESQUARETABLES:0.48245056179109586
C_MOBILITY:0.5597913199423495
C_KINGSAFETY:0.4705863178054998
C_PAWNSTRUCTURE:0.414226443354811
C_PIECECOORDINATION:0.5128339661649521
C_ROOKANDPAWNMOVEMENT:0.5128339661649521
C_CENTERCONTROL:0.48810211730680536
C_DEVELOPPIECES:0.5181835636639505
C_MATERIAL:0.5656396818747623
