ELO:909
CE_PASSEDPAWNS:0.4961355357230938
CE_PAWNWEAKNESSES:0.6420893377340994
CE_PIECEACTIVITY:0.45684398995597114
CE_KINGPAWNSHIELD:0.4294968542339396
CE_PIECECOORDINATION:0.4643056318334279
CE_MATERIAL:0.5448418609416826
CE_KINGSAFETY:0.5205368117860402
C_PIECESQUARETABLES:0.464286304399024
C_MOBILITY:0.5959940674507849
C_KINGSAFETY:0.4750116804084425
C_PAWNSTRUCTURE:0.4365419371004169
C_PIECECOORDINATION:0.49818170269706535
C_ROOKANDPAWNMOVEMENT:0.49818170269706535
C_CENTERCONTROL:0.481398788623476
C_DEVELOPPIECES:0.6106338678693977
C_MATERIAL:0.5814240926939075
