ELO:1000
CE_PASSEDPAWNS:0.5249614015393771
CE_PAWNWEAKNESSES:0.5281823181658037
CE_PIECEACTIVITY:0.5409960180873616
CE_KINGPAWNSHIELD:0.502315012347544
CE_PIECECOORDINATION:0.44261635567181473
CE_MATERIAL:0.5090535900229536
CE_KINGSAFETY:0.5175016309308943
C_PIECESQUARETABLES:0.517608985254907
C_MOBILITY:0.4220778385014965
C_KINGSAFETY:0.5346186150535409
C_PAWNSTRUCTURE:0.5322742421591092
C_PIECECOORDINATION:0.505008977574555
C_ROOKANDPAWNMOVEMENT:0.505008977574555
C_CENTERCONTROL:0.5688665734471717
C_DEVELOPPIECES:0.423675413217566
C_MATERIAL:0.5286245840312025
