ELO:995
CE_PASSEDPAWNS:0.4712784076590009
CE_PAWNWEAKNESSES:0.5033017305731182
CE_PIECEACTIVITY:0.5017174327322741
CE_KINGPAWNSHIELD:0.4981083002776733
CE_PIECECOORDINATION:0.5238094004842603
CE_MATERIAL:0.49434134690751447
CE_KINGSAFETY:0.5
C_PIECESQUARETABLES:0.5
C_MOBILITY:0.5044398572706221
C_KINGSAFETY:0.4817303708860107
C_PAWNSTRUCTURE:0.4653767522849376
C_PIECECOORDINATION:0.5078029895635641
C_ROOK:0.5362745065726938
CE_ROOK:0.5222310596759884
C_CENTERCONTROL:0.4964243594224415
C_DEVELOPPIECES:0.5019174547484602
C_MATERIAL:0.5515547581457438
C_MOVECOUNT:0.5191405514693779
C_PAWNMOVEMENT:0.4609596516139118
