ELO:1005
CE_PASSEDPAWNS:0.48685676487215884
CE_PAWNWEAKNESSES:0.5163043396134022
CE_PIECEACTIVITY:0.4910844761326422
CE_KINGPAWNSHIELD:0.4957494380202444
CE_PIECECOORDINATION:0.5058356636316229
CE_MATERIAL:0.5184561047668086
CE_KINGSAFETY:0.5
C_PIECESQUARETABLES:0.5
C_MOBILITY:0.49811460619669484
C_KINGSAFETY:0.49300306790806625
C_PAWNSTRUCTURE:0.5257721983851996
C_PIECECOORDINATION:0.5
C_ROOK:0.4684883580554221
CE_ROOK:0.5045513532771174
C_CENTERCONTROL:0.5191594541185843
C_DEVELOPPIECES:0.44542580439486235
C_MATERIAL:0.5069522465804145
C_MOVECOUNT:0.5158813356519456
C_PAWNMOVEMENT:0.48888663680470384
