ELO:958
CE_PASSEDPAWNS:0.5522098062210945
CE_PAWNWEAKNESSES:0.5906002590276779
CE_PIECEACTIVITY:0.47133494479141097
CE_KINGPAWNSHIELD:0.4519762642519732
CE_PIECECOORDINATION:0.4684210500330424
CE_MATERIAL:0.5284183588075007
CE_KINGSAFETY:0.48424327204524614
C_PIECESQUARETABLES:0.45581435653290614
C_MOBILITY:0.5367489446833444
C_KINGSAFETY:0.46395647839434606
C_PAWNSTRUCTURE:0.42309159012979225
C_PIECECOORDINATION:0.5037637367975716
C_ROOKANDPAWNMOVEMENT:0.5037637367975716
C_CENTERCONTROL:0.49712576926839463
C_DEVELOPPIECES:0.5481997984947613
C_MATERIAL:0.5886721467214163
