ELO:772
CE_PASSEDPAWNS:0.47405671862995963
CE_PAWNWEAKNESSES:0.5612457694888363
CE_PIECEACTIVITY:0.46660763804557015
CE_KINGPAWNSHIELD:0.5433544989122564
CE_PIECECOORDINATION:0.5858371791126896
CE_MATERIAL:0.43524094372001154
CE_KINGSAFETY:0.5056800467049485
C_PIECESQUARETABLES:0.4895694014425552
C_MOBILITY:0.5264414239595092
C_KINGSAFETY:0.525807048596636
C_PAWNSTRUCTURE:0.5875325716526689
C_PIECECOORDINATION:0.4895071591602713
C_ROOKANDPAWNMOVEMENT:0.4895071591602713
C_CENTERCONTROL:0.4771195161385653
C_DEVELOPPIECES:0.4844264009714108
C_MATERIAL:0.48230959618907904
C_MOVECOUNT:0.4640209574407904
