ELO:1000
CE_PASSEDPAWNS:0.5031028603219072
CE_PAWNWEAKNESSES:0.48453756993092534
CE_PIECEACTIVITY:0.49663280272670157
CE_KINGPAWNSHIELD:0.5139959205597798
CE_PIECECOORDINATION:0.49529347234506144
CE_MATERIAL:0.4888577056930025
CE_KINGSAFETY:0.5140991967935218
C_PIECESQUARETABLES:0.496651921778579
C_MOBILITY:0.4856373163324682
C_KINGSAFETY:0.514683582209042
C_PAWNSTRUCTURE:0.5091173987666042
C_PIECECOORDINATION:0.5115216105159293
C_ROOKANDPAWNMOVEMENT:0.5115216105159293
C_CENTERCONTROL:0.5100954464251917
C_DEVELOPPIECES:0.4892668006537552
C_MATERIAL:0.4978863260354602
