ELO:825
CE_PASSEDPAWNS:0.4184295568678604
CE_PAWNWEAKNESSES:0.5444881598533756
CE_PIECEACTIVITY:0.476048873377469
CE_KINGPAWNSHIELD:0.4785101070243791
CE_PIECECOORDINATION:0.501256468588969
CE_MATERIAL:0.4788194739513591
CE_KINGSAFETY:0.4916555132000221
C_PIECESQUARETABLES:0.5339228591720909
C_MOBILITY:0.5043122223946677
C_KINGSAFETY:0.5230906235876683
C_PAWNSTRUCTURE:0.47350732359974285
C_PIECECOORDINATION:0.4702904462539664
C_ROOKANDPAWNMOVEMENT:0.4702904462539664
C_CENTERCONTROL:0.5327666604299116
C_DEVELOPPIECES:0.5372944332797113
C_MATERIAL:0.5899702478056339
C_MOVECOUNT:0.5
