ELO:661
CE_PASSEDPAWNS:0.3776398001862583
CE_PAWNWEAKNESSES:0.6159123163838334
CE_PIECEACTIVITY:0.510589025930868
CE_KINGPAWNSHIELD:0.46703878658104653
CE_PIECECOORDINATION:0.4677790582303837
CE_MATERIAL:0.5041963260526363
CE_KINGSAFETY:0.5334777237438801
C_PIECESQUARETABLES:0.527197547672704
C_MOBILITY:0.5049211941515943
C_KINGSAFETY:0.5228862949310024
C_PAWNSTRUCTURE:0.5261761694158883
C_PIECECOORDINATION:0.46613095073269933
C_ROOKANDPAWNMOVEMENT:0.46613095073269933
C_CENTERCONTROL:0.4773376982176816
C_DEVELOPPIECES:0.5094259727764142
C_MATERIAL:0.6534255793346583
C_MOVECOUNT:0.5433055630709798
