ELO:938
CE_PASSEDPAWNS:0.5529174682557201
CE_PAWNWEAKNESSES:0.5813305807060354
CE_PIECEACTIVITY:0.45896602522984814
CE_KINGPAWNSHIELD:0.45429179335475056
CE_PIECECOORDINATION:0.4830172576570965
CE_MATERIAL:0.5103026233138864
CE_KINGSAFETY:0.4971641035280464
C_PIECESQUARETABLES:0.4754207851830168
C_MOBILITY:0.5722518940573361
C_KINGSAFETY:0.4830886289376663
C_PAWNSTRUCTURE:0.41478995516982486
C_PIECECOORDINATION:0.5037475383062281
C_ROOKANDPAWNMOVEMENT:0.5037475383062281
C_CENTERCONTROL:0.4986691552203315
C_DEVELOPPIECES:0.5331345218021872
C_MATERIAL:0.590947330726103
