ELO:874
CE_PASSEDPAWNS:0.5341183637439141
CE_PAWNWEAKNESSES:0.4804067142451118
CE_PIECEACTIVITY:0.5413924531674262
CE_KINGPAWNSHIELD:0.4732535309411483
CE_PIECECOORDINATION:0.5404817493360989
CE_MATERIAL:0.4792654309152902
CE_KINGSAFETY:0.5180212634663023
C_PIECESQUARETABLES:0.5040261162727562
C_MOBILITY:0.5077823755717136
C_KINGSAFETY:0.533272640379114
C_PAWNSTRUCTURE:0.4999841875468474
C_PIECECOORDINATION:0.547405229066621
C_ROOKANDPAWNMOVEMENT:0.547405229066621
C_CENTERCONTROL:0.5294540260633714
C_DEVELOPPIECES:0.5187074912465961
C_MATERIAL:0.47162832419926987
C_MOVECOUNT:0.5
