ELO:896
CE_PASSEDPAWNS:0.5424543788400272
CE_PAWNWEAKNESSES:0.49974005067113
CE_PIECEACTIVITY:0.5246673681315303
CE_KINGPAWNSHIELD:0.5104753973799205
CE_PIECECOORDINATION:0.4874243637028852
CE_MATERIAL:0.5131851504152132
CE_KINGSAFETY:0.4945780881809362
C_PIECESQUARETABLES:0.48134995292324767
C_MOBILITY:0.5163494915382933
C_KINGSAFETY:0.47131124426148685
C_PAWNSTRUCTURE:0.4986989749384057
C_PIECECOORDINATION:0.5087351936714691
C_ROOKANDPAWNMOVEMENT:0.5087351936714691
C_CENTERCONTROL:0.5338845292161091
C_DEVELOPPIECES:0.5236183781553954
C_MATERIAL:0.4888997364679502
C_MOVECOUNT:0.5
