ELO:1000
CE_PASSEDPAWNS:0.495494151253275
CE_PAWNWEAKNESSES:0.4982550545597916
CE_PIECEACTIVITY:0.4834909658212503
CE_KINGPAWNSHIELD:0.5124868997391967
CE_PIECECOORDINATION:0.4860304055696564
CE_MATERIAL:0.4951223104345088
CE_KINGSAFETY:0.5078737430406461
C_PIECESQUARETABLES:0.491709070431283
C_MOBILITY:0.4624916831906865
C_KINGSAFETY:0.5384185409816218
C_PAWNSTRUCTURE:0.5172286945123312
C_PIECECOORDINATION:0.5224529648214236
C_ROOKANDPAWNMOVEMENT:0.5224529648214236
C_CENTERCONTROL:0.5085959991416431
C_DEVELOPPIECES:0.4509419668881749
C_MATERIAL:0.5271931558835456
