ELO:1000
CE_PASSEDPAWNS:0.5038690767402119
CE_PAWNWEAKNESSES:0.49350468140858506
CE_PIECEACTIVITY:0.4927266465863094
CE_KINGPAWNSHIELD:0.445826502128591
CE_PIECECOORDINATION:0.459159163025234
CE_MATERIAL:0.4976220098705984
CE_KINGSAFETY:0.5348860693883969
C_PIECESQUARETABLES:0.4955390604721514
C_MOBILITY:0.5244544888320773
C_KINGSAFETY:0.49864283022260725
C_PAWNSTRUCTURE:0.5690300270222715
C_PIECECOORDINATION:0.5478973694973466
C_ROOKANDPAWNMOVEMENT:0.5478973694973466
C_CENTERCONTROL:0.47236041996167283
C_DEVELOPPIECES:0.48805689504813804
C_MATERIAL:0.49245962957936806
