ELO:1078
CE_PASSEDPAWNS:0.6150794686383889
CE_PAWNWEAKNESSES:0.5198406064474052
CE_PIECEACTIVITY:0.48383048842969884
CE_KINGPAWNSHIELD:0.41996319823768025
CE_PIECECOORDINATION:0.44023395993176806
CE_MATERIAL:0.445788704562313
CE_KINGSAFETY:0.4989541836129282
C_PIECESQUARETABLES:0.507943284650973
C_MOBILITY:0.46495829774830744
C_KINGSAFETY:0.5066289367549632
C_PAWNSTRUCTURE:0.41194769849167845
C_PIECECOORDINATION:0.47213164690400944
C_ROOKANDPAWNMOVEMENT:0.47213164690400944
C_CENTERCONTROL:0.5102233321132703
C_DEVELOPPIECES:0.4659238215979874
C_MATERIAL:0.4245751919364742
