ELO:689
CE_PASSEDPAWNS:0.396371340143225
CE_PAWNWEAKNESSES:0.5856079232153744
CE_PIECEACTIVITY:0.49987688710387795
CE_KINGPAWNSHIELD:0.45056243781384864
CE_PIECECOORDINATION:0.4722872008363908
CE_MATERIAL:0.4811072666058034
CE_KINGSAFETY:0.4666609665954773
C_PIECESQUARETABLES:0.5113296905796166
C_MOBILITY:0.5215006081765755
C_KINGSAFETY:0.4948288378681326
C_PAWNSTRUCTURE:0.5646855438051165
C_PIECECOORDINATION:0.47287294678568526
C_ROOKANDPAWNMOVEMENT:0.47287294678568526
C_CENTERCONTROL:0.5086713843725453
C_DEVELOPPIECES:0.45536722940881613
C_MATERIAL:0.6675868574474921
C_MOVECOUNT:0.5400114777786749
