ELO:890
CE_PASSEDPAWNS:0.41701621277698964
CE_PAWNWEAKNESSES:0.6097356366684207
CE_PIECEACTIVITY:0.5762427357778634
CE_KINGPAWNSHIELD:0.47258198448188515
CE_PIECECOORDINATION:0.4470068227069242
CE_MATERIAL:0.5396038853588556
CE_KINGSAFETY:0.474282686713768
C_PIECESQUARETABLES:0.5343432726881224
C_MOBILITY:0.4596401831057229
C_KINGSAFETY:0.549178818964298
C_PAWNSTRUCTURE:0.4501341617331637
C_PIECECOORDINATION:0.5460558814552934
C_ROOKANDPAWNMOVEMENT:0.5460558814552934
C_CENTERCONTROL:0.557443679131726
C_DEVELOPPIECES:0.5106244703690436
C_MATERIAL:0.5679254851254711
