ELO:1000
CE_PASSEDPAWNS:0.48538434098465216
CE_PAWNWEAKNESSES:0.49234289058739383
CE_PIECEACTIVITY:0.4834909658212503
CE_KINGPAWNSHIELD:0.5014197770283247
CE_PIECECOORDINATION:0.4842372497235306
CE_MATERIAL:0.4951223104345088
CE_KINGSAFETY:0.5119199812168801
C_PIECESQUARETABLES:0.5033213612183717
C_MOBILITY:0.46156235671994766
C_KINGSAFETY:0.5377581818995036
C_PAWNSTRUCTURE:0.5172286945123312
C_PIECECOORDINATION:0.5227808168696406
C_ROOKANDPAWNMOVEMENT:0.5227808168696406
C_CENTERCONTROL:0.5085959991416431
C_DEVELOPPIECES:0.4509419668881749
C_MATERIAL:0.5242953407544867
