ELO:1009
CE_PASSEDPAWNS:0.4984944715270213
CE_PAWNWEAKNESSES:0.48032375694181945
CE_PIECEACTIVITY:0.5211149527824238
CE_KINGPAWNSHIELD:0.509399052739793
CE_PIECECOORDINATION:0.4855848236807957
CE_MATERIAL:0.5140703810344448
CE_KINGSAFETY:0.5036484200881506
C_PIECESQUARETABLES:0.4918436738810544
C_MOBILITY:0.5082937258418615
C_KINGSAFETY:0.4988285304126031
C_PAWNSTRUCTURE:0.518686139812952
C_PIECECOORDINATION:0.5067776198547325
C_ROOK:0.5228860180659051
CE_ROOK:0.5308422506177983
C_CENTERCONTROL:0.4718412695903812
C_DEVELOPPIECES:0.5045641281639244
C_MATERIAL:0.5110199255703765
C_MOVECOUNT:0.49401686913791115
C_PAWNMOVEMENT:0.5049960021239764
