ELO:1006
CE_PASSEDPAWNS:0.4877546875979959
CE_PAWNWEAKNESSES:0.4758549934309976
CE_PIECEACTIVITY:0.5167587287593362
CE_KINGPAWNSHIELD:0.4957494380202444
CE_PIECECOORDINATION:0.4977710575614237
CE_MATERIAL:0.5324006330475526
CE_KINGSAFETY:0.5
C_PIECESQUARETABLES:0.5
C_MOBILITY:0.502573773273927
C_KINGSAFETY:0.4804449345539835
C_PAWNSTRUCTURE:0.4729789330155761
C_PIECECOORDINATION:0.5266591127413877
C_ROOK:0.5137023589119764
CE_ROOK:0.489396336366713
C_CENTERCONTROL:0.496771288024623
C_DEVELOPPIECES:0.5
C_MATERIAL:0.5028110968219632
C_MOVECOUNT:0.5058201970632462
C_PAWNMOVEMENT:0.5008857778906792
