ELO:1010
CE_PASSEDPAWNS:0.4902539211860046
CE_PAWNWEAKNESSES:0.49833573666847614
CE_PIECEACTIVITY:0.4993403070714629
CE_KINGPAWNSHIELD:0.4879605666671464
CE_PIECECOORDINATION:0.5082913715875389
CE_MATERIAL:0.4918783500150395
CE_KINGSAFETY:0.5031770243382595
C_PIECESQUARETABLES:0.509869119343223
C_MOBILITY:0.4968054482298898
C_KINGSAFETY:0.49959704335916616
C_PAWNSTRUCTURE:0.5
C_PIECECOORDINATION:0.5034572360014862
C_ROOKANDPAWNMOVEMENT:0.5034572360014862
C_CENTERCONTROL:0.5046689297797745
C_DEVELOPPIECES:0.5123519633547923
C_MATERIAL:0.48218695930413275
