ELO:1000
CE_PASSEDPAWNS:0.5079750761422119
CE_PAWNWEAKNESSES:0.48570528775293675
CE_PIECEACTIVITY:0.49842906027366574
CE_KINGPAWNSHIELD:0.44051379910825
CE_PIECECOORDINATION:0.47767836511556594
CE_MATERIAL:0.5158619157521208
CE_KINGSAFETY:0.5609170040574288
C_PIECESQUARETABLES:0.49543987626751573
C_MOBILITY:0.547803815188703
C_KINGSAFETY:0.4835496790685963
C_PAWNSTRUCTURE:0.5842263836510875
C_PIECECOORDINATION:0.5455803551571775
C_ROOKANDPAWNMOVEMENT:0.5455803551571775
C_CENTERCONTROL:0.4971838400192992
C_DEVELOPPIECES:0.4830001375016063
C_MATERIAL:0.4813218190323191
