ELO:1032
CE_PASSEDPAWNS:0.48906874181039584
CE_PAWNWEAKNESSES:0.483148675170747
CE_PIECEACTIVITY:0.49020745908405633
CE_KINGPAWNSHIELD:0.49789665517417575
CE_PIECECOORDINATION:0.49421570753718125
CE_MATERIAL:0.5175124198373243
CE_KINGSAFETY:0.5043377130253136
C_PIECESQUARETABLES:0.5
C_MOBILITY:0.5
C_KINGSAFETY:0.4994706175886912
C_PAWNSTRUCTURE:0.4979738874890483
C_PIECECOORDINATION:0.4787271105082198
C_ROOK:0.4887469902850685
CE_ROOK:0.5068081128702193
C_CENTERCONTROL:0.5
C_DEVELOPPIECES:0.4900731238021226
C_MATERIAL:0.506055293917194
C_MOVECOUNT:0.4993476447247736
C_PAWNMOVEMENT:0.5
