ELO:1004
CE_PASSEDPAWNS:0.5334977015059155
CE_PAWNWEAKNESSES:0.4925061936222964
CE_PIECEACTIVITY:0.5381708366227803
CE_KINGPAWNSHIELD:0.511330298395929
CE_PIECECOORDINATION:0.5129900651816361
CE_MATERIAL:0.5
CE_KINGSAFETY:0.5
C_PIECESQUARETABLES:0.5
C_MOBILITY:0.4668075554486564
C_KINGSAFETY:0.48324024530184656
C_PAWNSTRUCTURE:0.49956336795516987
C_PIECECOORDINATION:0.5073957799051089
C_ROOK:0.4920232923467814
CE_ROOK:0.4799624339134603
C_CENTERCONTROL:0.49500406223562304
C_DEVELOPPIECES:0.4980236793900829
C_MATERIAL:0.45743527049508753
C_MOVECOUNT:0.4755017809463282
C_PAWNMOVEMENT:0.521382475953272
