ELO:994
CE_PASSEDPAWNS:0.5060244896294072
CE_PAWNWEAKNESSES:0.5436642198200292
CE_PIECEACTIVITY:0.5000701798502536
CE_KINGPAWNSHIELD:0.4965964954586816
CE_PIECECOORDINATION:0.4766939459849984
CE_MATERIAL:0.500687143094576
CE_KINGSAFETY:0.5
C_PIECESQUARETABLES:0.5
C_MOBILITY:0.5074341349752608
C_KINGSAFETY:0.48981646846657956
C_PAWNSTRUCTURE:0.5132146695396878
C_PIECECOORDINATION:0.4942448139434606
C_ROOKANDPAWNMOVEMENT:0.4942448139434606
C_CENTERCONTROL:0.5
C_DEVELOPPIECES:0.4747579277234082
C_MATERIAL:0.5
C_MOVECOUNT:0.49222883188177596
