ELO:1003
CE_PASSEDPAWNS:0.4984944715270213
CE_PAWNWEAKNESSES:0.49005926926287324
CE_PIECEACTIVITY:0.5149798865964941
CE_KINGPAWNSHIELD:0.49788057478828385
CE_PIECECOORDINATION:0.5117874400003268
CE_MATERIAL:0.49653298703960014
CE_KINGSAFETY:0.49336747555964944
C_PIECESQUARETABLES:0.5046006152940093
C_MOBILITY:0.503994401016436
C_KINGSAFETY:0.5
C_PAWNSTRUCTURE:0.5241733356023118
C_PIECECOORDINATION:0.5023050385355583
C_ROOK:0.5004084726889388
CE_ROOK:0.5283286147511002
C_CENTERCONTROL:0.47763428825555165
C_DEVELOPPIECES:0.49392141448297894
C_MATERIAL:0.5163240886855421
C_MOVECOUNT:0.5034044040008606
C_PAWNMOVEMENT:0.5014211326951702
