ELO:999
CE_PASSEDPAWNS:0.5104064197157541
CE_PAWNWEAKNESSES:0.5046892844997577
CE_PIECEACTIVITY:0.5
CE_KINGPAWNSHIELD:0.5
CE_PIECECOORDINATION:0.5091942737082364
CE_MATERIAL:0.4965006920338921
CE_KINGSAFETY:0.5012548960019453
C_PIECESQUARETABLES:0.500458902541404
C_MOBILITY:0.5
C_KINGSAFETY:0.4963348266197027
C_PAWNSTRUCTURE:0.5
C_PIECECOORDINATION:0.5155439127174118
C_ROOKANDPAWNMOVEMENT:0.5155439127174118
C_CENTERCONTROL:0.4932236152023645
C_DEVELOPPIECES:0.5072163608188522
C_MATERIAL:0.5
C_MOVECOUNT:0.4894616337619811
