ELO:1000
CE_PASSEDPAWNS:0.5044326940358097
CE_PAWNWEAKNESSES:0.4906928702926185
CE_PIECEACTIVITY:0.48714362687109186
CE_KINGPAWNSHIELD:0.43569688339719637
CE_PIECECOORDINATION:0.4604389394505838
CE_MATERIAL:0.513294050545852
CE_KINGSAFETY:0.5499975060203186
C_PIECESQUARETABLES:0.49564233922394174
C_MOBILITY:0.5460903444599823
C_KINGSAFETY:0.4791501199842393
C_PAWNSTRUCTURE:0.5842263836510875
C_PIECECOORDINATION:0.5538385236300879
C_ROOKANDPAWNMOVEMENT:0.5538385236300879
C_CENTERCONTROL:0.4808866072510833
C_DEVELOPPIECES:0.48551828384584605
C_MATERIAL:0.4854000057448327
