ELO:945
CE_PASSEDPAWNS:0.4457515819587219
CE_PAWNWEAKNESSES:0.5740424495579928
CE_PIECEACTIVITY:0.5611048642165455
CE_KINGPAWNSHIELD:0.5029349740122477
CE_PIECECOORDINATION:0.4373353294683592
CE_MATERIAL:0.554212351979787
CE_KINGSAFETY:0.4566057913217085
C_PIECESQUARETABLES:0.49278544239240285
C_MOBILITY:0.4719606037519978
C_KINGSAFETY:0.5545342005084928
C_PAWNSTRUCTURE:0.49117947270371787
C_PIECECOORDINATION:0.5364062188962203
C_ROOKANDPAWNMOVEMENT:0.5364062188962203
C_CENTERCONTROL:0.5872056749392263
C_DEVELOPPIECES:0.47149288015936336
C_MATERIAL:0.5385940820852683
