ELO:930
CE_PASSEDPAWNS:0.4694036994367056
CE_PAWNWEAKNESSES:0.5097115161333361
CE_PIECEACTIVITY:0.503488562906662
CE_KINGPAWNSHIELD:0.47146956809422863
CE_PIECECOORDINATION:0.511666842642781
CE_MATERIAL:0.5243073122183342
CE_KINGSAFETY:0.5093610449826405
C_PIECESQUARETABLES:0.49141934005284693
C_MOBILITY:0.5358245952741452
C_KINGSAFETY:0.5025465529754146
C_PAWNSTRUCTURE:0.48462433978559577
C_PIECECOORDINATION:0.4990269742681731
C_ROOKANDPAWNMOVEMENT:0.4990269742681731
C_CENTERCONTROL:0.49626643968158024
C_DEVELOPPIECES:0.5015280623600583
C_MATERIAL:0.49286215350755064
