ELO:1031
CE_PASSEDPAWNS:0.4840638751115381
CE_PAWNWEAKNESSES:0.5
CE_PIECEACTIVITY:0.4968953241997221
CE_KINGPAWNSHIELD:0.48225186842360507
CE_PIECECOORDINATION:0.5068198689420264
CE_MATERIAL:0.5053911028705211
CE_KINGSAFETY:0.5
C_PIECESQUARETABLES:0.5
C_MOBILITY:0.5
C_KINGSAFETY:0.5
C_PAWNSTRUCTURE:0.5062902892386377
C_PIECECOORDINATION:0.5011510003636197
C_ROOKANDPAWNMOVEMENT:0.5011510003636197
C_CENTERCONTROL:0.5052790470857478
C_DEVELOPPIECES:0.5112389930153715
C_MATERIAL:0.5
C_MOVECOUNT:0.5
