ELO:988
CE_PASSEDPAWNS:0.36926265628338695
CE_PAWNWEAKNESSES:0.5353530073770633
CE_PIECEACTIVITY:0.5594978002495871
CE_KINGPAWNSHIELD:0.482277431277791
CE_PIECECOORDINATION:0.6092782055877115
CE_MATERIAL:0.5125313430690898
CE_KINGSAFETY:0.49662052988822186
C_PIECESQUARETABLES:0.48624632790093003
C_MOBILITY:0.49816549280442246
C_KINGSAFETY:0.5686409290933331
C_PAWNSTRUCTURE:0.3244508401580625
C_PIECECOORDINATION:0.4455295289066636
C_ROOKANDPAWNMOVEMENT:0.4455295289066636
C_CENTERCONTROL:0.3506893803842074
C_DEVELOPPIECES:0.47923379024151846
C_MATERIAL:0.6788996480400095
