ELO:989
CE_PASSEDPAWNS:0.36024982462421457
CE_PAWNWEAKNESSES:0.4996395172208972
CE_PIECEACTIVITY:0.5594978002495871
CE_KINGPAWNSHIELD:0.482277431277791
CE_PIECECOORDINATION:0.46544225017118723
CE_MATERIAL:0.5125313430690898
CE_KINGSAFETY:0.49606895947379287
C_PIECESQUARETABLES:0.5083200850774291
C_MOBILITY:0.4985988966602662
C_KINGSAFETY:0.5428419623085158
C_PAWNSTRUCTURE:0.32659486032772983
C_PIECECOORDINATION:0.43523491629364913
C_ROOKANDPAWNMOVEMENT:0.43523491629364913
C_CENTERCONTROL:0.35488331713916
C_DEVELOPPIECES:0.49331858430934383
C_MATERIAL:0.6854495077625538
