ELO:970
CE_PASSEDPAWNS:0.5153774541657379
CE_PAWNWEAKNESSES:0.4892324564131378
CE_PIECEACTIVITY:0.49547777987250285
CE_KINGPAWNSHIELD:0.4820862293330612
CE_PIECECOORDINATION:0.5372416142382551
CE_MATERIAL:0.5310962002451038
CE_KINGSAFETY:0.5
C_PIECESQUARETABLES:0.5
C_MOBILITY:0.4932711422656604
C_KINGSAFETY:0.49846068389970055
C_PAWNSTRUCTURE:0.5007837724947719
C_PIECECOORDINATION:0.5028410183117726
C_ROOKANDPAWNMOVEMENT:0.5028410183117726
C_CENTERCONTROL:0.4944377467212079
C_DEVELOPPIECES:0.5170934532702949
C_MATERIAL:0.47097585609974785
C_MOVECOUNT:0.5
