ELO:997
CE_PASSEDPAWNS:0.5088690009363331
CE_PAWNWEAKNESSES:0.494393921425377
CE_PIECEACTIVITY:0.5056068519933767
CE_KINGPAWNSHIELD:0.5276324348059769
CE_PIECECOORDINATION:0.5097391222846538
CE_MATERIAL:0.5004530617503127
CE_KINGSAFETY:0.5085115300324988
C_PIECESQUARETABLES:0.5003764280265965
C_MOBILITY:0.4998025239082121
C_KINGSAFETY:0.4948819471757365
C_PAWNSTRUCTURE:0.5159514615272384
C_PIECECOORDINATION:0.47627165669930305
C_ROOK:0.5072329471541426
CE_ROOK:0.5283286147511002
C_CENTERCONTROL:0.4791571686663257
C_DEVELOPPIECES:0.499376610042063
C_MATERIAL:0.5061539496417452
C_MOVECOUNT:0.5034044040008606
C_PAWNMOVEMENT:0.4989732030779786
