ELO:1000
CE_PASSEDPAWNS:0.5318652999758453
CE_PAWNWEAKNESSES:0.4934423301396071
CE_PIECEACTIVITY:0.48797200536105917
CE_KINGPAWNSHIELD:0.4980583681628642
CE_PIECECOORDINATION:0.4586965458954963
CE_MATERIAL:0.5185737507275664
CE_KINGSAFETY:0.5
C_PIECESQUARETABLES:0.5
C_MOBILITY:0.44132751033373574
C_KINGSAFETY:0.5628605504290698
C_PAWNSTRUCTURE:0.5384702922790805
C_PIECECOORDINATION:0.5352471227458669
C_ROOKANDPAWNMOVEMENT:0.5352471227458669
C_CENTERCONTROL:0.5085959991416431
C_DEVELOPPIECES:0.42975274848511835
C_MATERIAL:0.5345281878757489
