ELO:1012
CE_PASSEDPAWNS:0.48685676487215884
CE_PAWNWEAKNESSES:0.5163043396134022
CE_PIECEACTIVITY:0.5479704419316539
CE_KINGPAWNSHIELD:0.4909656557843953
CE_PIECECOORDINATION:0.4893504058284727
CE_MATERIAL:0.4714238126210707
CE_KINGSAFETY:0.5
C_PIECESQUARETABLES:0.5
C_MOBILITY:0.5274025128559238
C_KINGSAFETY:0.5519169929926283
C_PAWNSTRUCTURE:0.5
C_PIECECOORDINATION:0.5
C_ROOK:0.49537800300980583
CE_ROOK:0.489396336366713
C_CENTERCONTROL:0.4969546341942513
C_DEVELOPPIECES:0.5073447937595761
C_MATERIAL:0.5
C_MOVECOUNT:0.4984823842569433
C_PAWNMOVEMENT:0.4979153639216027
