ELO:933
CE_PASSEDPAWNS:0.5077431770343828
CE_PAWNWEAKNESSES:0.4870663988273299
CE_PIECEACTIVITY:0.48001053592925197
CE_KINGPAWNSHIELD:0.46160619994748836
CE_PIECECOORDINATION:0.4708627295570802
CE_MATERIAL:0.4901048343103311
CE_KINGSAFETY:0.5037425110347128
C_PIECESQUARETABLES:0.483915903894166
C_MOBILITY:0.5047771199121076
C_KINGSAFETY:0.4676821863766139
C_PAWNSTRUCTURE:0.451613363995459
C_PIECECOORDINATION:0.5109713771728742
C_ROOKANDPAWNMOVEMENT:0.5109713771728742
C_CENTERCONTROL:0.5274338605354665
C_DEVELOPPIECES:0.4834679359940167
C_MATERIAL:0.4999523452741921
C_MOVECOUNT:0.5
