ELO:997
CE_PASSEDPAWNS:0.5062937386113044
CE_PAWNWEAKNESSES:0.5099392324553681
CE_PIECEACTIVITY:0.5415826298264382
CE_KINGPAWNSHIELD:0.454478456206962
CE_PIECECOORDINATION:0.459138299238295
CE_MATERIAL:0.4938356830247341
CE_KINGSAFETY:0.5069414014858213
C_PIECESQUARETABLES:0.4951725670601431
C_MOBILITY:0.5923793348134343
C_KINGSAFETY:0.5057029707877049
C_PAWNSTRUCTURE:0.6130017503878391
C_PIECECOORDINATION:0.5411364431731359
C_ROOKANDPAWNMOVEMENT:0.5411364431731359
C_CENTERCONTROL:0.5006919715515756
C_DEVELOPPIECES:0.49479191351183216
C_MATERIAL:0.4514118568116411
