ELO:977
CE_PASSEDPAWNS:0.505130840979787
CE_PAWNWEAKNESSES:0.49476048956980917
CE_PIECEACTIVITY:0.5382163838544863
CE_KINGPAWNSHIELD:0.5001108174848418
CE_PIECECOORDINATION:0.49799038796261114
CE_MATERIAL:0.5040146204326268
CE_KINGSAFETY:0.49292809650214586
C_PIECESQUARETABLES:0.4650450947888629
C_MOBILITY:0.4890938223623777
C_KINGSAFETY:0.5393137080023415
C_PAWNSTRUCTURE:0.5
C_PIECECOORDINATION:0.48958261753079224
C_ROOKANDPAWNMOVEMENT:0.48958261753079224
C_CENTERCONTROL:0.5111359209410252
C_DEVELOPPIECES:0.48922355153053726
C_MATERIAL:0.49024088938659294
C_MOVECOUNT:0.51069432717842
