ELO:1000
CE_PASSEDPAWNS:0.4925779362565802
CE_PAWNWEAKNESSES:0.4874926017283135
CE_PIECEACTIVITY:0.4988553429524988
CE_KINGPAWNSHIELD:0.47901765468048013
CE_PIECECOORDINATION:0.46451793691494986
CE_MATERIAL:0.4610210418771003
CE_KINGSAFETY:0.4977504981722248
C_PIECESQUARETABLES:0.49819547405588716
C_MOBILITY:0.5019311702005476
C_KINGSAFETY:0.5151750308671769
C_PAWNSTRUCTURE:0.5405741474350658
C_PIECECOORDINATION:0.5327131439459974
C_ROOKANDPAWNMOVEMENT:0.5327131439459974
C_CENTERCONTROL:0.49701800215072106
C_DEVELOPPIECES:0.4942351521390001
C_MATERIAL:0.524512355936984
