ELO:1026
CE_PASSEDPAWNS:0.48432574673130596
CE_PAWNWEAKNESSES:0.5058922181009035
CE_PIECEACTIVITY:0.512973614661882
CE_KINGPAWNSHIELD:0.49795435638811325
CE_PIECECOORDINATION:0.5083436765879812
CE_MATERIAL:0.49772630847706006
CE_KINGSAFETY:0.5
C_PIECESQUARETABLES:0.5
C_MOBILITY:0.5054917583631313
C_KINGSAFETY:0.5
C_PAWNSTRUCTURE:0.5
C_PIECECOORDINATION:0.5151692227716856
C_ROOK:0.482314502035044
CE_ROOK:0.5348033858438919
C_CENTERCONTROL:0.5040359277030844
C_DEVELOPPIECES:0.4925283032106535
C_MATERIAL:0.4802209406683885
C_MOVECOUNT:0.5237340254126772
C_PAWNMOVEMENT:0.4610732517191339
