ELO:1051
CE_PASSEDPAWNS:0.6374061305442018
CE_PAWNWEAKNESSES:0.48892556900052125
CE_PIECEACTIVITY:0.485718547886965
CE_KINGPAWNSHIELD:0.47331021299231707
CE_PIECECOORDINATION:0.49283018086834873
CE_MATERIAL:0.4506476830355659
CE_KINGSAFETY:0.4872838789111377
C_PIECESQUARETABLES:0.48394916837884816
C_MOBILITY:0.4139269942852599
C_KINGSAFETY:0.5423186822336038
C_PAWNSTRUCTURE:0.4260761647609005
C_PIECECOORDINATION:0.4753559740497263
C_ROOKANDPAWNMOVEMENT:0.4753559740497263
C_CENTERCONTROL:0.5199671584722574
C_DEVELOPPIECES:0.5918543330208688
C_MATERIAL:0.44777377329498536
