ELO:924
CE_PASSEDPAWNS:0.5997066382260688
CE_PAWNWEAKNESSES:0.47128879299533494
CE_PIECEACTIVITY:0.47043266309957155
CE_KINGPAWNSHIELD:0.49294619149780305
CE_PIECECOORDINATION:0.5340618268596043
CE_MATERIAL:0.4795916655431117
CE_KINGSAFETY:0.4960119226884301
C_PIECESQUARETABLES:0.5087790137058862
C_MOBILITY:0.4956495887612634
C_KINGSAFETY:0.508148449771018
C_PAWNSTRUCTURE:0.5211470797821652
C_PIECECOORDINATION:0.5840424870574915
C_ROOKANDPAWNMOVEMENT:0.5840424870574915
C_CENTERCONTROL:0.5203437907422244
C_DEVELOPPIECES:0.46987874313372385
C_MATERIAL:0.46787672127689706
