ELO:997
CE_PASSEDPAWNS:0.49668979686087494
CE_PAWNWEAKNESSES:0.5111793206221669
CE_PIECEACTIVITY:0.5105019115138785
CE_KINGPAWNSHIELD:0.4977544688392919
CE_PIECECOORDINATION:0.5082290470538213
CE_MATERIAL:0.49709050981308284
CE_KINGSAFETY:0.49653178238695717
C_PIECESQUARETABLES:0.49324896231365317
C_MOBILITY:0.48947927833186805
C_KINGSAFETY:0.4990276476873874
C_PAWNSTRUCTURE:0.5050319443413279
C_PIECECOORDINATION:0.4944865870288534
C_ROOK:0.48218276797681914
CE_ROOK:0.49076922817597557
C_CENTERCONTROL:0.4859636794820921
C_DEVELOPPIECES:0.5101136232427018
C_MATERIAL:0.5067526233621527
C_MOVECOUNT:0.4992078397118191
C_PAWNMOVEMENT:0.49066799147699364
