ELO:1024
CE_PASSEDPAWNS:0.5298472059103132
CE_PAWNWEAKNESSES:0.4974346116476421
CE_PIECEACTIVITY:0.4789943973239689
CE_KINGPAWNSHIELD:0.4950480591011764
CE_PIECECOORDINATION:0.5463263869110682
CE_MATERIAL:0.45090903432009044
CE_KINGSAFETY:0.49692060352153333
C_PIECESQUARETABLES:0.4952061537345134
C_MOBILITY:0.31771659030762817
C_KINGSAFETY:0.5420289061209076
C_PAWNSTRUCTURE:0.6172089236481229
C_PIECECOORDINATION:0.424459964919601
C_ROOKANDPAWNMOVEMENT:0.424459964919601
C_CENTERCONTROL:0.45597627846235744
C_DEVELOPPIECES:0.40334022881648746
C_MATERIAL:0.4607207915773395
