ELO:966
CE_PASSEDPAWNS:0.5033262405481673
CE_PAWNWEAKNESSES:0.4674787923464244
CE_PIECEACTIVITY:0.5085316075130022
CE_KINGPAWNSHIELD:0.5326197761883169
CE_PIECECOORDINATION:0.5112943481106164
CE_MATERIAL:0.5549963443832061
CE_KINGSAFETY:0.5
C_PIECESQUARETABLES:0.5020376737308274
C_MOBILITY:0.4773813838767316
C_KINGSAFETY:0.49981876683886806
C_PAWNSTRUCTURE:0.49163886260668843
C_PIECECOORDINATION:0.48470677584630034
C_ROOKANDPAWNMOVEMENT:0.48470677584630034
C_CENTERCONTROL:0.48449640126246285
C_DEVELOPPIECES:0.5115223903451382
C_MATERIAL:0.49146833249187466
C_MOVECOUNT:0.4839888319258512
