ELO:753
CE_PASSEDPAWNS:0.546415985118282
CE_PAWNWEAKNESSES:0.5278461503225118
CE_PIECEACTIVITY:0.41945432322925746
CE_KINGPAWNSHIELD:0.39728335387876795
CE_PIECECOORDINATION:0.4335444072437102
CE_MATERIAL:0.5074146523154013
CE_KINGSAFETY:0.5145706849735368
C_PIECESQUARETABLES:0.4792561633017957
C_MOBILITY:0.5282497140033405
C_KINGSAFETY:0.5415100192258331
C_PAWNSTRUCTURE:0.5673233039097578
C_PIECECOORDINATION:0.486183784169177
C_ROOKANDPAWNMOVEMENT:0.486183784169177
C_CENTERCONTROL:0.5480079015945841
C_DEVELOPPIECES:0.5570510225658172
C_MATERIAL:0.4388696581494681
C_MOVECOUNT:0.48648534515774794
