ELO:1089
CE_PASSEDPAWNS:0.6204966805544079
CE_PAWNWEAKNESSES:0.4801841287154392
CE_PIECEACTIVITY:0.48163367088167036
CE_KINGPAWNSHIELD:0.4967572522834295
CE_PIECECOORDINATION:0.483634323516925
CE_MATERIAL:0.46645068840363846
CE_KINGSAFETY:0.4954625193270037
C_PIECESQUARETABLES:0.5013413922685985
C_MOBILITY:0.4018869593975932
C_KINGSAFETY:0.5084196594857429
C_PAWNSTRUCTURE:0.42501149730086796
C_PIECECOORDINATION:0.4820174557106576
C_ROOKANDPAWNMOVEMENT:0.4820174557106576
C_CENTERCONTROL:0.5161381644058382
C_DEVELOPPIECES:0.5833608689066876
C_MATERIAL:0.440676235229855
