ELO:1000
CE_PASSEDPAWNS:0.5200466064857329
CE_PAWNWEAKNESSES:0.509672747473713
CE_PIECEACTIVITY:0.4915753210828464
CE_KINGPAWNSHIELD:0.5018491858923319
CE_PIECECOORDINATION:0.5017704463507083
CE_MATERIAL:0.5
CE_KINGSAFETY:0.47262483435799935
C_PIECESQUARETABLES:0.49336559354940224
C_MOBILITY:0.5067694492357734
C_KINGSAFETY:0.5209340200463718
C_PAWNSTRUCTURE:0.4886208216151384
C_PIECECOORDINATION:0.517143697532922
C_ROOKANDPAWNMOVEMENT:0.517143697532922
C_CENTERCONTROL:0.47948674217321835
C_DEVELOPPIECES:0.5129034486502301
C_MATERIAL:0.5
