ELO:1000
CE_PASSEDPAWNS:0.554721520015588
CE_PAWNWEAKNESSES:0.45264273281437023
CE_PIECEACTIVITY:0.45752881714331095
CE_KINGPAWNSHIELD:0.5116874166557068
CE_PIECECOORDINATION:0.49127080383423044
CE_MATERIAL:0.4915141537776934
CE_KINGSAFETY:0.5575018040647459
C_PIECESQUARETABLES:0.4840920468127493
C_MOBILITY:0.5060679879058898
C_KINGSAFETY:0.5171011584611116
C_PAWNSTRUCTURE:0.5411220644773278
C_PIECECOORDINATION:0.5384797685193942
C_ROOKANDPAWNMOVEMENT:0.5384797685193942
C_CENTERCONTROL:0.5203232424649813
C_DEVELOPPIECES:0.4996134078139166
C_MATERIAL:0.4212764331171009
