ELO:862
CE_PASSEDPAWNS:0.45061762749315626
CE_PAWNWEAKNESSES:0.5632876337865997
CE_PIECEACTIVITY:0.4810277191355667
CE_KINGPAWNSHIELD:0.5433260219448774
CE_PIECECOORDINATION:0.615207043556169
CE_MATERIAL:0.5034076597327639
CE_KINGSAFETY:0.49615906398060106
C_PIECESQUARETABLES:0.4465425454532716
C_MOBILITY:0.5085527842306439
C_KINGSAFETY:0.4857179392737452
C_PAWNSTRUCTURE:0.4492274551069952
C_PIECECOORDINATION:0.5050786009680921
C_ROOKANDPAWNMOVEMENT:0.5050786009680921
C_CENTERCONTROL:0.45712280570789987
C_DEVELOPPIECES:0.49054095131689923
C_MATERIAL:0.4672503275310159
C_MOVECOUNT:0.5
