ELO:1054
CE_PASSEDPAWNS:0.5172142507225177
CE_PAWNWEAKNESSES:0.4967877153802503
CE_PIECEACTIVITY:0.4792949854638589
CE_KINGPAWNSHIELD:0.5006846271677258
CE_PIECECOORDINATION:0.5086703503588659
CE_MATERIAL:0.49782889385480256
CE_KINGSAFETY:0.5
C_PIECESQUARETABLES:0.5
C_MOBILITY:0.5139887119244537
C_KINGSAFETY:0.4876060557009499
C_PAWNSTRUCTURE:0.5
C_PIECECOORDINATION:0.5187121361950087
C_ROOK:0.496266584649756
CE_ROOK:0.4636137108634359
C_CENTERCONTROL:0.4955996416714282
C_DEVELOPPIECES:0.49224300431925777
C_MATERIAL:0.4919401372919477
C_MOVECOUNT:0.5
C_PAWNMOVEMENT:0.49920342959214886
