ELO:690
CE_PASSEDPAWNS:0.41622094728640585
CE_PAWNWEAKNESSES:0.5045345166492148
CE_PIECEACTIVITY:0.5366922173139993
CE_KINGPAWNSHIELD:0.5197670964086237
CE_PIECECOORDINATION:0.5977464272024052
CE_MATERIAL:0.5105283692551247
CE_KINGSAFETY:0.5286698593219259
C_PIECESQUARETABLES:0.5442844650573037
C_MOBILITY:0.5081250408879697
C_KINGSAFETY:0.4875272885253111
C_PAWNSTRUCTURE:0.553180120562658
C_PIECECOORDINATION:0.4061201977693209
C_ROOKANDPAWNMOVEMENT:0.4061201977693209
C_CENTERCONTROL:0.5968491761579938
C_DEVELOPPIECES:0.5731029996515259
C_MATERIAL:0.4863799039688722
C_MOVECOUNT:0.4853032910213556
