ELO:994
CE_PASSEDPAWNS:0.5117490402355447
CE_PAWNWEAKNESSES:0.49372881936341445
CE_PIECEACTIVITY:0.4973668548994278
CE_KINGPAWNSHIELD:0.5012648101192565
CE_PIECECOORDINATION:0.4916890991555578
CE_MATERIAL:0.5001742689783232
CE_KINGSAFETY:0.5146804494271173
C_PIECESQUARETABLES:0.5
C_MOBILITY:0.4974813958962673
C_KINGSAFETY:0.4937800840056566
C_PAWNSTRUCTURE:0.4865051707504779
C_PIECECOORDINATION:0.48383648260437734
C_ROOKANDPAWNMOVEMENT:0.48383648260437734
C_CENTERCONTROL:0.49461847061788594
C_DEVELOPPIECES:0.48874998767753036
C_MATERIAL:0.5159349143851608
C_MOVECOUNT:0.5
