ELO:948
CE_PASSEDPAWNS:0.5662590573206429
CE_PAWNWEAKNESSES:0.4595035335112503
CE_PIECEACTIVITY:0.47234413193656594
CE_KINGPAWNSHIELD:0.4991133473420439
CE_PIECECOORDINATION:0.5293251116183604
CE_MATERIAL:0.47956633281922606
CE_KINGSAFETY:0.4839308375631228
C_PIECESQUARETABLES:0.5163484935490881
C_MOBILITY:0.4677518742981728
C_KINGSAFETY:0.541238124412883
C_PAWNSTRUCTURE:0.49978969627653463
C_PIECECOORDINATION:0.5847781930760215
C_ROOKANDPAWNMOVEMENT:0.5847781930760215
C_CENTERCONTROL:0.5417962158159816
C_DEVELOPPIECES:0.4962281422714321
C_MATERIAL:0.41315108010353163
