ELO:891
CE_PASSEDPAWNS:0.5311292634707563
CE_PAWNWEAKNESSES:0.5281365377849866
CE_PIECEACTIVITY:0.4908723007662975
CE_KINGPAWNSHIELD:0.4700662798259187
CE_PIECECOORDINATION:0.4838165449615826
CE_MATERIAL:0.4945230103573621
CE_KINGSAFETY:0.49884621561601683
C_PIECESQUARETABLES:0.5046061136607292
C_MOBILITY:0.48664052012106557
C_KINGSAFETY:0.4978008063951086
C_PAWNSTRUCTURE:0.5178045032408835
C_PIECECOORDINATION:0.4989910127499798
C_ROOKANDPAWNMOVEMENT:0.4989910127499798
C_CENTERCONTROL:0.48413002642651604
C_DEVELOPPIECES:0.5553509794491609
C_MATERIAL:0.5018928608285632
C_MOVECOUNT:0.4707461166572785
