ELO:1049
CE_PASSEDPAWNS:0.5148713994294651
CE_PAWNWEAKNESSES:0.4886838477797177
CE_PIECEACTIVITY:0.4832769337496457
CE_KINGPAWNSHIELD:0.5292612059159568
CE_PIECECOORDINATION:0.5071927586957515
CE_MATERIAL:0.48057989748130914
CE_KINGSAFETY:0.5
C_PIECESQUARETABLES:0.5
C_MOBILITY:0.5040380084826781
C_KINGSAFETY:0.5046567771576902
C_PAWNSTRUCTURE:0.4931546804004084
C_PIECECOORDINATION:0.5182515999081287
C_ROOK:0.505855737548092
CE_ROOK:0.49392803174519356
C_CENTERCONTROL:0.5035731574394081
C_DEVELOPPIECES:0.49486487060257084
C_MATERIAL:0.48826105598907077
C_MOVECOUNT:0.47802042898757824
C_PAWNMOVEMENT:0.49920342959214886
