ELO:1000
CE_PASSEDPAWNS:0.5452700538716275
CE_PAWNWEAKNESSES:0.46323166624945905
CE_PIECEACTIVITY:0.45530962761741867
CE_KINGPAWNSHIELD:0.5177869644812025
CE_PIECECOORDINATION:0.4828472270227621
CE_MATERIAL:0.4915141537776934
CE_KINGSAFETY:0.5469576455557599
C_PIECESQUARETABLES:0.49428944067132796
C_MOBILITY:0.5150270973531661
C_KINGSAFETY:0.5179893897517072
C_PAWNSTRUCTURE:0.5407060223925845
C_PIECECOORDINATION:0.5375161396376541
C_ROOKANDPAWNMOVEMENT:0.5375161396376541
C_CENTERCONTROL:0.515568323851843
C_DEVELOPPIECES:0.49172782485395405
C_MATERIAL:0.44414013986544093
