ELO:1003
CE_PASSEDPAWNS:0.5052945941416083
CE_PAWNWEAKNESSES:0.47016787714876834
CE_PIECEACTIVITY:0.4969212845518442
CE_KINGPAWNSHIELD:0.4878538225651829
CE_PIECECOORDINATION:0.5149308147460758
CE_MATERIAL:0.5
CE_KINGSAFETY:0.5
C_PIECESQUARETABLES:0.5
C_MOBILITY:0.5007384235681831
C_KINGSAFETY:0.4959086767527726
C_PAWNSTRUCTURE:0.511546863559958
C_PIECECOORDINATION:0.4998599291109155
C_ROOKANDPAWNMOVEMENT:0.4998599291109155
C_CENTERCONTROL:0.4878917541452132
C_DEVELOPPIECES:0.49680975772603075
C_MATERIAL:0.5084084191296044
C_MOVECOUNT:0.48835698250566206
