ELO:1002
CE_PASSEDPAWNS:0.6429703975385804
CE_PAWNWEAKNESSES:0.46818448131306056
CE_PIECEACTIVITY:0.4902380084162335
CE_KINGPAWNSHIELD:0.4764710677479823
CE_PIECECOORDINATION:0.5090311276904167
CE_MATERIAL:0.4445056230732863
CE_KINGSAFETY:0.5144438075570165
C_PIECESQUARETABLES:0.5037995916990694
C_MOBILITY:0.41331031100951776
C_KINGSAFETY:0.5288280640480456
C_PAWNSTRUCTURE:0.4041050751043373
C_PIECECOORDINATION:0.46070377587928507
C_ROOKANDPAWNMOVEMENT:0.46070377587928507
C_CENTERCONTROL:0.5116577235322427
C_DEVELOPPIECES:0.6168506226496292
C_MATERIAL:0.4632143774712371
