ELO:952
CE_PASSEDPAWNS:0.5127458586740992
CE_PAWNWEAKNESSES:0.48633375487288955
CE_PIECEACTIVITY:0.5007689894746594
CE_KINGPAWNSHIELD:0.471627212303649
CE_PIECECOORDINATION:0.5300230113651826
CE_MATERIAL:0.4486496009964744
CE_KINGSAFETY:0.5
C_PIECESQUARETABLES:0.5
C_MOBILITY:0.477289899675634
C_KINGSAFETY:0.5285197100284679
C_PAWNSTRUCTURE:0.49741686862021517
C_PIECECOORDINATION:0.4940824286833511
C_ROOKANDPAWNMOVEMENT:0.4940824286833511
C_CENTERCONTROL:0.44055751547053457
C_DEVELOPPIECES:0.5321769551508952
C_MATERIAL:0.5019680617587534
C_MOVECOUNT:0.5316906772253078
