ELO:1001
CE_PASSEDPAWNS:0.5
CE_PAWNWEAKNESSES:0.507983020749826
CE_PIECEACTIVITY:0.5113527393294602
CE_KINGPAWNSHIELD:0.5
CE_PIECECOORDINATION:0.49620876590310375
CE_MATERIAL:0.4896675218014955
CE_KINGSAFETY:0.5
C_PIECESQUARETABLES:0.5
C_MOBILITY:0.5101373536501908
C_KINGSAFETY:0.524619242759433
C_PAWNSTRUCTURE:0.5
C_PIECECOORDINATION:0.5
C_ROOKANDPAWNMOVEMENT:0.5
C_CENTERCONTROL:0.5105459051260548
C_DEVELOPPIECES:0.5
C_MATERIAL:0.48920696384653295
C_MOVECOUNT:0.5
