ELO:765
CE_PASSEDPAWNS:0.5460628691917992
CE_PAWNWEAKNESSES:0.519696975766894
CE_PIECEACTIVITY:0.43469413763658715
CE_KINGPAWNSHIELD:0.39767669379799264
CE_PIECECOORDINATION:0.43956727903990517
CE_MATERIAL:0.5354722808714866
CE_KINGSAFETY:0.5014453045125042
C_PIECESQUARETABLES:0.4702694745064156
C_MOBILITY:0.5106048391121433
C_KINGSAFETY:0.537832310806822
C_PAWNSTRUCTURE:0.5495027353406994
C_PIECECOORDINATION:0.5029440446866916
C_ROOKANDPAWNMOVEMENT:0.5029440446866916
C_CENTERCONTROL:0.5401249403537215
C_DEVELOPPIECES:0.5322573567237775
C_MATERIAL:0.4388696581494681
C_MOVECOUNT:0.5126285020449974
