ELO:918
CE_PASSEDPAWNS:0.48594523035490766
CE_PAWNWEAKNESSES:0.498093822984039
CE_PIECEACTIVITY:0.49985273011632203
CE_KINGPAWNSHIELD:0.49159115718405133
CE_PIECECOORDINATION:0.4894938643258373
CE_MATERIAL:0.5177368457206368
CE_KINGSAFETY:0.48774518682649176
C_PIECESQUARETABLES:0.5136394631705994
C_MOBILITY:0.4869281177407671
C_KINGSAFETY:0.49196700192293785
C_PAWNSTRUCTURE:0.48236465384691257
C_PIECECOORDINATION:0.4737588399531401
C_ROOKANDPAWNMOVEMENT:0.4737588399531401
C_CENTERCONTROL:0.5208545034636402
C_DEVELOPPIECES:0.5014283750118289
C_MATERIAL:0.5245483435752548
C_MOVECOUNT:0.5
