ELO:984
CE_PASSEDPAWNS:0.49041732940015537
CE_PAWNWEAKNESSES:0.5
CE_PIECEACTIVITY:0.510700514033289
CE_KINGPAWNSHIELD:0.5203908571999125
CE_PIECECOORDINATION:0.497223370643961
CE_MATERIAL:0.5013551542730751
CE_KINGSAFETY:0.4748246909365905
C_PIECESQUARETABLES:0.5111691199836016
C_MOBILITY:0.5
C_KINGSAFETY:0.4881498849117132
C_PAWNSTRUCTURE:0.5
C_PIECECOORDINATION:0.5
C_ROOKANDPAWNMOVEMENT:0.5
C_CENTERCONTROL:0.49504997684983304
C_DEVELOPPIECES:0.49421983687449605
C_MATERIAL:0.5
