ELO:1004
CE_PASSEDPAWNS:0.5669647649528117
CE_PAWNWEAKNESSES:0.47162349658634056
CE_PIECEACTIVITY:0.4725569417585734
CE_KINGPAWNSHIELD:0.48896442375034416
CE_PIECECOORDINATION:0.5353556576289584
CE_MATERIAL:0.6124163440534922
CE_KINGSAFETY:0.48729104341637575
C_PIECESQUARETABLES:0.5011872111703389
C_MOBILITY:0.5148097233065425
C_KINGSAFETY:0.4548830449195167
C_PAWNSTRUCTURE:0.543366854405551
C_PIECECOORDINATION:0.47962125605381534
C_ROOKANDPAWNMOVEMENT:0.47962125605381534
C_CENTERCONTROL:0.46764523929419444
C_DEVELOPPIECES:0.513466617928977
C_MATERIAL:0.5276141570283692
