ELO:972
CE_PASSEDPAWNS:0.634169343187991
CE_PAWNWEAKNESSES:0.4437015634889656
CE_PIECEACTIVITY:0.49204657633662635
CE_KINGPAWNSHIELD:0.4907272314901171
CE_PIECECOORDINATION:0.5093537786921519
CE_MATERIAL:0.4213691611175907
CE_KINGSAFETY:0.5094578592648458
C_PIECESQUARETABLES:0.47974150316841213
C_MOBILITY:0.4119428800207759
C_KINGSAFETY:0.5168106241828921
C_PAWNSTRUCTURE:0.4010786023484644
C_PIECECOORDINATION:0.4406199244112971
C_ROOKANDPAWNMOVEMENT:0.4406199244112971
C_CENTERCONTROL:0.49119484247410555
C_DEVELOPPIECES:0.6140783348635994
C_MATERIAL:0.4604789757302132
