ELO:1016
CE_PASSEDPAWNS:0.5417799260912479
CE_PAWNWEAKNESSES:0.49552758885669784
CE_PIECEACTIVITY:0.49204023118983425
CE_KINGPAWNSHIELD:0.5158028199227129
CE_PIECECOORDINATION:0.5070761107935201
CE_MATERIAL:0.4975902733901933
CE_KINGSAFETY:0.5
C_PIECESQUARETABLES:0.5
C_MOBILITY:0.4983252899220533
C_KINGSAFETY:0.5
C_PAWNSTRUCTURE:0.49677725629861014
C_PIECECOORDINATION:0.5102011275273238
C_ROOK:0.49537800300980583
CE_ROOK:0.4941331280785939
C_CENTERCONTROL:0.5101910784123721
C_DEVELOPPIECES:0.4855322020849323
C_MATERIAL:0.4939853939632152
C_MOVECOUNT:0.5047292587509674
C_PAWNMOVEMENT:0.5100324397671063
