ELO:1039
CE_PASSEDPAWNS:0.5248619628099709
CE_PAWNWEAKNESSES:0.4814907870789716
CE_PIECEACTIVITY:0.5005067291873136
CE_KINGPAWNSHIELD:0.49125752202934697
CE_PIECECOORDINATION:0.49450864543595785
CE_MATERIAL:0.47378498699933563
CE_KINGSAFETY:0.5
C_PIECESQUARETABLES:0.5
C_MOBILITY:0.48113150113811276
C_KINGSAFETY:0.5033238579174952
C_PAWNSTRUCTURE:0.4818942133350111
C_PIECECOORDINATION:0.5210789240236054
C_ROOK:0.523495605081365
CE_ROOK:0.5080424662482982
C_CENTERCONTROL:0.505673478175524
C_DEVELOPPIECES:0.49327848897237697
C_MATERIAL:0.5230226521637037
C_MOVECOUNT:0.50531080806715
C_PAWNMOVEMENT:0.48514905918960954
