ELO:919
CE_PASSEDPAWNS:0.604253409978239
CE_PAWNWEAKNESSES:0.46675390157397634
CE_PIECEACTIVITY:0.504334849835614
CE_KINGPAWNSHIELD:0.48623408387975053
CE_PIECECOORDINATION:0.5504856393112891
CE_MATERIAL:0.4600289458514062
CE_KINGSAFETY:0.49075427452904546
C_PIECESQUARETABLES:0.4975999689022904
C_MOBILITY:0.4946521934400611
C_KINGSAFETY:0.49843370505347434
C_PAWNSTRUCTURE:0.5158574804735097
C_PIECECOORDINATION:0.5866134437836301
C_ROOKANDPAWNMOVEMENT:0.5866134437836301
C_CENTERCONTROL:0.5287024211863728
C_DEVELOPPIECES:0.43467542814543336
C_MATERIAL:0.4733205468540166
