ELO:1024
CE_PASSEDPAWNS:0.5248619628099709
CE_PAWNWEAKNESSES:0.5201033280014875
CE_PIECEACTIVITY:0.4898918661035154
CE_KINGPAWNSHIELD:0.4752415700233207
CE_PIECECOORDINATION:0.49194055585301893
CE_MATERIAL:0.5113046221875883
CE_KINGSAFETY:0.5
C_PIECESQUARETABLES:0.5
C_MOBILITY:0.4972396863897836
C_KINGSAFETY:0.46232275311251947
C_PAWNSTRUCTURE:0.4923481880842179
C_PIECECOORDINATION:0.49816970246868275
C_ROOK:0.5036332535940218
CE_ROOK:0.4935121825709985
C_CENTERCONTROL:0.5064946862139831
C_DEVELOPPIECES:0.5
C_MATERIAL:0.46758995477125365
C_MOVECOUNT:0.4892403575327782
C_PAWNMOVEMENT:0.5049870011267442
