ELO:1028
CE_PASSEDPAWNS:0.4980764605273427
CE_PAWNWEAKNESSES:0.5023671154484513
CE_PIECEACTIVITY:0.5291606471575581
CE_KINGPAWNSHIELD:0.46146755550480073
CE_PIECECOORDINATION:0.5252347465999906
CE_MATERIAL:0.48564872966116657
CE_KINGSAFETY:0.5
C_PIECESQUARETABLES:0.5
C_MOBILITY:0.4813271613564722
C_KINGSAFETY:0.5125258110192741
C_PAWNSTRUCTURE:0.47657560294239115
C_PIECECOORDINATION:0.5178963917177585
C_ROOK:0.5293711526009638
CE_ROOK:0.5157836039624435
C_CENTERCONTROL:0.49908000958574095
C_DEVELOPPIECES:0.5316858011432377
C_MATERIAL:0.4796912385728734
C_MOVECOUNT:0.5153178805464597
C_PAWNMOVEMENT:0.5
