ELO:988
CE_PASSEDPAWNS:0.3741409515762092
CE_PAWNWEAKNESSES:0.5128889835512717
CE_PIECEACTIVITY:0.5115517959390631
CE_KINGPAWNSHIELD:0.4138786619679474
CE_PIECECOORDINATION:0.46544225017118723
CE_MATERIAL:0.5125313430690898
CE_KINGSAFETY:0.5
C_PIECESQUARETABLES:0.5
C_MOBILITY:0.4961278185961998
C_KINGSAFETY:0.5594239720260957
C_PAWNSTRUCTURE:0.5083411744359173
C_PIECECOORDINATION:0.5350567576815112
C_ROOKANDPAWNMOVEMENT:0.5350567576815112
C_CENTERCONTROL:0.35650835326046293
C_DEVELOPPIECES:0.48463106472835726
C_MATERIAL:0.6794456301792541
