ELO:1004
CE_PASSEDPAWNS:0.5
CE_PAWNWEAKNESSES:0.507983020749826
CE_PIECEACTIVITY:0.4884042004395016
CE_KINGPAWNSHIELD:0.49526197505394454
CE_PIECECOORDINATION:0.4997603551368849
CE_MATERIAL:0.49740817090558637
CE_KINGSAFETY:0.5
C_PIECESQUARETABLES:0.49848577538429034
C_MOBILITY:0.5056150972394579
C_KINGSAFETY:0.48772477330113406
C_PAWNSTRUCTURE:0.5030397733584957
C_PIECECOORDINATION:0.5
C_ROOKANDPAWNMOVEMENT:0.5
C_CENTERCONTROL:0.5
C_DEVELOPPIECES:0.5011121578908537
C_MATERIAL:0.48920696384653295
C_MOVECOUNT:0.5060201144600447
