ELO:946
CE_PASSEDPAWNS:0.49187578742609145
CE_PAWNWEAKNESSES:0.5108058319006927
CE_PIECEACTIVITY:0.5104357260632922
CE_KINGPAWNSHIELD:0.4838994666716369
CE_PIECECOORDINATION:0.5156473578872688
CE_MATERIAL:0.5633433781946628
CE_KINGSAFETY:0.4823269283132665
C_PIECESQUARETABLES:0.4930669736967995
C_MOBILITY:0.5
C_KINGSAFETY:0.5087685198147502
C_PAWNSTRUCTURE:0.4718187360482149
C_PIECECOORDINATION:0.4985521976757091
C_ROOKANDPAWNMOVEMENT:0.4985521976757091
C_CENTERCONTROL:0.5
C_DEVELOPPIECES:0.5021746946103329
C_MATERIAL:0.498627229495794
C_MOVECOUNT:0.5
