ELO:760
CE_PASSEDPAWNS:0.5540470877430409
CE_PAWNWEAKNESSES:0.5370616035736191
CE_PIECEACTIVITY:0.48123811240303865
CE_KINGPAWNSHIELD:0.44554730038560886
CE_PIECECOORDINATION:0.4571148913088877
CE_MATERIAL:0.5068020719606814
CE_KINGSAFETY:0.504458526390174
C_PIECESQUARETABLES:0.4729551548767337
C_MOBILITY:0.4962422120856159
C_KINGSAFETY:0.5262985762055653
C_PAWNSTRUCTURE:0.5215368159880719
C_PIECECOORDINATION:0.5233550192229864
C_ROOKANDPAWNMOVEMENT:0.5233550192229864
C_CENTERCONTROL:0.5045100549559471
C_DEVELOPPIECES:0.5528955187831168
C_MATERIAL:0.47799187674180993
C_MOVECOUNT:0.48371066001511365
