ELO:643
CE_PASSEDPAWNS:0.4227897029917689
CE_PAWNWEAKNESSES:0.4996935627519764
CE_PIECEACTIVITY:0.5175618652150183
CE_KINGPAWNSHIELD:0.5302753936106063
CE_PIECECOORDINATION:0.5948674118418743
CE_MATERIAL:0.4989304114911485
CE_KINGSAFETY:0.5067288316279748
C_PIECESQUARETABLES:0.5298941190840228
C_MOBILITY:0.4835510099793556
C_KINGSAFETY:0.47049374764463703
C_PAWNSTRUCTURE:0.5576790746109535
C_PIECECOORDINATION:0.42660453069128085
C_ROOKANDPAWNMOVEMENT:0.42660453069128085
C_CENTERCONTROL:0.5864270832656983
C_DEVELOPPIECES:0.5446609744273897
C_MATERIAL:0.4652185874553163
C_MOVECOUNT:0.502552189348922
