ELO:924
CE_PASSEDPAWNS:0.6010642015581148
CE_PAWNWEAKNESSES:0.47388263385771956
CE_PIECEACTIVITY:0.4758024320151693
CE_KINGPAWNSHIELD:0.46543280611158083
CE_PIECECOORDINATION:0.5232064674867232
CE_MATERIAL:0.46887872425435717
CE_KINGSAFETY:0.48795060807310886
C_PIECESQUARETABLES:0.4993717091706167
C_MOBILITY:0.46274462178895637
C_KINGSAFETY:0.5351399849435426
C_PAWNSTRUCTURE:0.5586773227724672
C_PIECECOORDINATION:0.5881596538884755
C_ROOKANDPAWNMOVEMENT:0.5881596538884755
C_CENTERCONTROL:0.5437330779820835
C_DEVELOPPIECES:0.4758593737518461
C_MATERIAL:0.43541518558620385
