ELO:947
CE_PASSEDPAWNS:0.4746898143935617
CE_PAWNWEAKNESSES:0.5396016363021454
CE_PIECEACTIVITY:0.5175507764176659
CE_KINGPAWNSHIELD:0.3419405881808282
CE_PIECECOORDINATION:0.5481180514941565
CE_MATERIAL:0.5335587053112212
CE_KINGSAFETY:0.4830967279868388
C_PIECESQUARETABLES:0.5225374733406128
C_MOBILITY:0.3523315437972657
C_KINGSAFETY:0.5008542870625818
C_PAWNSTRUCTURE:0.5788209196602914
C_PIECECOORDINATION:0.45636069113851707
C_ROOKANDPAWNMOVEMENT:0.45636069113851707
C_CENTERCONTROL:0.5181840286039727
C_DEVELOPPIECES:0.4763754534342378
C_MATERIAL:0.49375342196216127
