ELO:1049
CE_PASSEDPAWNS:0.49242581013645026
CE_PAWNWEAKNESSES:0.5101342833997289
CE_PIECEACTIVITY:0.51388323393422
CE_KINGPAWNSHIELD:0.49795435638811325
CE_PIECECOORDINATION:0.5335037667055654
CE_MATERIAL:0.4935610704943572
CE_KINGSAFETY:0.5
C_PIECESQUARETABLES:0.5
C_MOBILITY:0.4694186944694906
C_KINGSAFETY:0.5065945915617065
C_PAWNSTRUCTURE:0.505449070531077
C_PIECECOORDINATION:0.5151692227716856
C_ROOK:0.48132789799166953
CE_ROOK:0.5021450198159964
C_CENTERCONTROL:0.4824005627424918
C_DEVELOPPIECES:0.4882427012499089
C_MATERIAL:0.5
C_MOVECOUNT:0.48140501164981503
C_PAWNMOVEMENT:0.517665448424873
