ELO:1009
CE_PASSEDPAWNS:0.5052945941416083
CE_PAWNWEAKNESSES:0.5142700400701486
CE_PIECEACTIVITY:0.49894036434105443
CE_KINGPAWNSHIELD:0.4767005229845352
CE_PIECECOORDINATION:0.494565920719496
CE_MATERIAL:0.49570716225327893
CE_KINGSAFETY:0.5
C_PIECESQUARETABLES:0.5
C_MOBILITY:0.4964882966499164
C_KINGSAFETY:0.4938572629575274
C_PAWNSTRUCTURE:0.49560429147999835
C_PIECECOORDINATION:0.4998599291109155
C_ROOKANDPAWNMOVEMENT:0.4998599291109155
C_CENTERCONTROL:0.4917444354585477
C_DEVELOPPIECES:0.5
C_MATERIAL:0.5405977590988176
C_MOVECOUNT:0.5227126617450092
