ELO:1002
CE_PASSEDPAWNS:0.504713402749048
CE_PAWNWEAKNESSES:0.506014077381331
CE_PIECEACTIVITY:0.5049625236617532
CE_KINGPAWNSHIELD:0.49127197276793877
CE_PIECECOORDINATION:0.5084254921402538
CE_MATERIAL:0.4945725632402885
CE_KINGSAFETY:0.4948500760847161
C_PIECESQUARETABLES:0.49503901763512576
C_MOBILITY:0.5025194737750527
C_KINGSAFETY:0.4963348266197027
C_PAWNSTRUCTURE:0.4952328097538181
C_PIECECOORDINATION:0.4998599291109155
C_ROOKANDPAWNMOVEMENT:0.4998599291109155
C_CENTERCONTROL:0.4845568320440864
C_DEVELOPPIECES:0.5183375110212891
C_MATERIAL:0.5116934806585945
C_MOVECOUNT:0.5022677684491201
