ELO:933
CE_PASSEDPAWNS:0.4938939841708565
CE_PAWNWEAKNESSES:0.5051114877746461
CE_PIECEACTIVITY:0.4991583666279393
CE_KINGPAWNSHIELD:0.49159115718405133
CE_PIECECOORDINATION:0.4894938643258373
CE_MATERIAL:0.5303618446273289
CE_KINGSAFETY:0.48774518682649176
C_PIECESQUARETABLES:0.5099772610951999
C_MOBILITY:0.4869281177407671
C_KINGSAFETY:0.5014469588722605
C_PAWNSTRUCTURE:0.48236465384691257
C_PIECECOORDINATION:0.47950782500561556
C_ROOKANDPAWNMOVEMENT:0.47950782500561556
C_CENTERCONTROL:0.5208545034636402
C_DEVELOPPIECES:0.5014283750118289
C_MATERIAL:0.5245483435752548
C_MOVECOUNT:0.5
