ELO:1039
CE_PASSEDPAWNS:0.5179591658070092
CE_PAWNWEAKNESSES:0.5050088165410584
CE_PIECEACTIVITY:0.5147738312247219
CE_KINGPAWNSHIELD:0.5021902283136767
CE_PIECECOORDINATION:0.49450864543595785
CE_MATERIAL:0.5115864410838993
CE_KINGSAFETY:0.5
C_PIECESQUARETABLES:0.5
C_MOBILITY:0.48113150113811276
C_KINGSAFETY:0.4638229987792309
C_PAWNSTRUCTURE:0.5165695141646971
C_PIECECOORDINATION:0.5110491551584357
C_ROOK:0.46530445132280457
CE_ROOK:0.5080424662482982
C_CENTERCONTROL:0.505673478175524
C_DEVELOPPIECES:0.49224300431925777
C_MATERIAL:0.5001935997123281
C_MOVECOUNT:0.50531080806715
C_PAWNMOVEMENT:0.5063271016625166
