ELO:648
CE_PASSEDPAWNS:0.447243148115539
CE_PAWNWEAKNESSES:0.5073251822616823
CE_PIECEACTIVITY:0.5174952227057047
CE_KINGPAWNSHIELD:0.5310096540706343
CE_PIECECOORDINATION:0.6051315039973992
CE_MATERIAL:0.5180964401953502
CE_KINGSAFETY:0.5000087497463261
C_PIECESQUARETABLES:0.5262341273955685
C_MOBILITY:0.47744011274652975
C_KINGSAFETY:0.4867447859483536
C_PAWNSTRUCTURE:0.5497388892095654
C_PIECECOORDINATION:0.43787552104243055
C_ROOKANDPAWNMOVEMENT:0.43787552104243055
C_CENTERCONTROL:0.6010268215173306
C_DEVELOPPIECES:0.5642051722388046
C_MATERIAL:0.4839261520955039
C_MOVECOUNT:0.48079342013756715
