ELO:948
CE_PASSEDPAWNS:0.48358181990884813
CE_PAWNWEAKNESSES:0.4698436617566896
CE_PIECEACTIVITY:0.48524855281518603
CE_KINGPAWNSHIELD:0.5255129165976244
CE_PIECECOORDINATION:0.4745973127198744
CE_MATERIAL:0.501341374620594
CE_KINGSAFETY:0.5277838995647528
C_PIECESQUARETABLES:0.48483889138471786
C_MOBILITY:0.5069976503473533
C_KINGSAFETY:0.4952507394070605
C_PAWNSTRUCTURE:0.5012253952215127
C_PIECECOORDINATION:0.48041397176140566
C_ROOKANDPAWNMOVEMENT:0.48041397176140566
C_CENTERCONTROL:0.5081852862252747
C_DEVELOPPIECES:0.4933335420694418
C_MATERIAL:0.5379374300963401
C_MOVECOUNT:0.5
