ELO:921
CE_PASSEDPAWNS:0.4863542614629437
CE_PAWNWEAKNESSES:0.5500126150158081
CE_PIECEACTIVITY:0.5184787341666657
CE_KINGPAWNSHIELD:0.32952219755890405
CE_PIECECOORDINATION:0.5442516654797659
CE_MATERIAL:0.5307564141508427
CE_KINGSAFETY:0.5002541515036641
C_PIECESQUARETABLES:0.4937937152694897
C_MOBILITY:0.3713704490680178
C_KINGSAFETY:0.5037818134583026
C_PAWNSTRUCTURE:0.5812398486960391
C_PIECECOORDINATION:0.45636069113851707
C_ROOKANDPAWNMOVEMENT:0.45636069113851707
C_CENTERCONTROL:0.5103627727889166
C_DEVELOPPIECES:0.48875439464368037
C_MATERIAL:0.4881589966592974
