ELO:998
CE_PASSEDPAWNS:0.39091581688317556
CE_PAWNWEAKNESSES:0.5375306637819655
CE_PIECEACTIVITY:0.4944555160388267
CE_KINGPAWNSHIELD:0.39763107712208223
CE_PIECECOORDINATION:0.523659165747546
CE_MATERIAL:0.5358296498964323
CE_KINGSAFETY:0.480590513050536
C_PIECESQUARETABLES:0.49234522853153573
C_MOBILITY:0.3120519279313153
C_KINGSAFETY:0.5084657219644491
C_PAWNSTRUCTURE:0.5525096190348506
C_PIECECOORDINATION:0.4716366655721549
C_ROOKANDPAWNMOVEMENT:0.4716366655721549
C_CENTERCONTROL:0.4725274965273967
C_DEVELOPPIECES:0.44845712415550326
C_MATERIAL:0.5185326825234391
