ELO:1000
CE_PASSEDPAWNS:0.4953011509055351
CE_PAWNWEAKNESSES:0.5038758313666852
CE_PIECEACTIVITY:0.5
CE_KINGPAWNSHIELD:0.49234471551768394
CE_PIECECOORDINATION:0.4921883538440184
CE_MATERIAL:0.5
CE_KINGSAFETY:0.5
C_PIECESQUARETABLES:0.5082352729886097
C_MOBILITY:0.49418715367385396
C_KINGSAFETY:0.5252764108927246
C_PAWNSTRUCTURE:0.5137626335516036
C_PIECECOORDINATION:0.4937243267545228
C_ROOKANDPAWNMOVEMENT:0.4937243267545228
C_CENTERCONTROL:0.5078318092254065
C_DEVELOPPIECES:0.49643523897399555
C_MATERIAL:0.4993835015587926
