ELO:916
CE_PASSEDPAWNS:0.5889009047571467
CE_PAWNWEAKNESSES:0.4506781117988745
CE_PIECEACTIVITY:0.5079801929241861
CE_KINGPAWNSHIELD:0.4876575788099884
CE_PIECECOORDINATION:0.5509435334595937
CE_MATERIAL:0.46871324087445837
CE_KINGSAFETY:0.49106860886545917
C_PIECESQUARETABLES:0.4848728241872203
C_MOBILITY:0.5113035887595307
C_KINGSAFETY:0.4688151113370055
C_PAWNSTRUCTURE:0.523581076632161
C_PIECECOORDINATION:0.5538316079214085
C_ROOKANDPAWNMOVEMENT:0.5538316079214085
C_CENTERCONTROL:0.5365420788902273
C_DEVELOPPIECES:0.42715148783169393
C_MATERIAL:0.49221266414689174
