ELO:922
CE_PASSEDPAWNS:0.49081353038134035
CE_PAWNWEAKNESSES:0.5018934341448682
CE_PIECEACTIVITY:0.46635059921742755
CE_KINGPAWNSHIELD:0.5239335050583723
CE_PIECECOORDINATION:0.5170315278318373
CE_MATERIAL:0.5044773837651668
CE_KINGSAFETY:0.4521322770644101
C_PIECESQUARETABLES:0.5230979739428121
C_MOBILITY:0.48095768730082483
C_KINGSAFETY:0.47579709225604794
C_PAWNSTRUCTURE:0.5104340571283896
C_PIECECOORDINATION:0.46966506730888524
C_ROOKANDPAWNMOVEMENT:0.46966506730888524
C_CENTERCONTROL:0.5617211347311547
C_DEVELOPPIECES:0.4622529775789476
C_MATERIAL:0.5452435160852092
C_MOVECOUNT:0.5
