ELO:898
CE_PASSEDPAWNS:0.6063252648652998
CE_PAWNWEAKNESSES:0.5152853967613868
CE_PIECEACTIVITY:0.5004920017105655
CE_KINGPAWNSHIELD:0.5126405346334032
CE_PIECECOORDINATION:0.47833176027620683
CE_MATERIAL:0.505411945872491
CE_KINGSAFETY:0.4748946886257244
C_PIECESQUARETABLES:0.48106344663645406
C_MOBILITY:0.5069700719172124
C_KINGSAFETY:0.5348934457765119
C_PAWNSTRUCTURE:0.5602803749550249
C_PIECECOORDINATION:0.6119978514467886
C_ROOKANDPAWNMOVEMENT:0.6119978514467886
C_CENTERCONTROL:0.5491189902869476
C_DEVELOPPIECES:0.3766417627341703
C_MATERIAL:0.5021733826863113
