ELO:968
CE_PASSEDPAWNS:0.4778818091381285
CE_PAWNWEAKNESSES:0.44874314610320615
CE_PIECEACTIVITY:0.47991914969733146
CE_KINGPAWNSHIELD:0.48238226095590064
CE_PIECECOORDINATION:0.499791739240768
CE_MATERIAL:0.5127473730248073
CE_KINGSAFETY:0.5217435886696883
C_PIECESQUARETABLES:0.47510739360272247
C_MOBILITY:0.478764911560311
C_KINGSAFETY:0.5192889674170648
C_PAWNSTRUCTURE:0.4825064002802958
C_PIECECOORDINATION:0.4904851772396399
C_ROOKANDPAWNMOVEMENT:0.4904851772396399
C_CENTERCONTROL:0.5116169231323329
C_DEVELOPPIECES:0.4611256944078802
C_MATERIAL:0.5138908716821843
