ELO:953
CE_PASSEDPAWNS:0.5108323896635638
CE_PAWNWEAKNESSES:0.48724126589322103
CE_PIECEACTIVITY:0.4939993670284638
CE_KINGPAWNSHIELD:0.5
CE_PIECECOORDINATION:0.5785085583695432
CE_MATERIAL:0.5208323850006732
CE_KINGSAFETY:0.5185803078014072
C_PIECESQUARETABLES:0.4676179361339968
C_MOBILITY:0.5004651818422312
C_KINGSAFETY:0.4904671907326176
C_PAWNSTRUCTURE:0.5204670211972233
C_PIECECOORDINATION:0.47950244180075585
C_ROOKANDPAWNMOVEMENT:0.47950244180075585
C_CENTERCONTROL:0.5200431759730254
C_DEVELOPPIECES:0.43809599514560416
C_MATERIAL:0.48157053441045045
C_MOVECOUNT:0.5
