ELO:937
CE_PASSEDPAWNS:0.5330622718908287
CE_PAWNWEAKNESSES:0.49311032832021867
CE_PIECEACTIVITY:0.5411189680983611
CE_KINGPAWNSHIELD:0.5305970176702418
CE_PIECECOORDINATION:0.4320840186816037
CE_MATERIAL:0.5256797230871395
CE_KINGSAFETY:0.5
C_PIECESQUARETABLES:0.5
C_MOBILITY:0.5521531301314452
C_KINGSAFETY:0.5287566798568096
C_PAWNSTRUCTURE:0.5290842996400592
C_PIECECOORDINATION:0.4859885182400556
C_ROOK:0.5143477707810431
CE_ROOK:0.4868758632130212
C_CENTERCONTROL:0.4796736574361022
C_DEVELOPPIECES:0.5061109725637982
C_MATERIAL:0.5548197593589217
C_MOVECOUNT:0.5094804642144082
C_PAWNMOVEMENT:0.4895429364813511
