ELO:946
CE_PASSEDPAWNS:0.5256092075603225
CE_PAWNWEAKNESSES:0.48905677351394905
CE_PIECEACTIVITY:0.5084243181784476
CE_KINGPAWNSHIELD:0.547559979235573
CE_PIECECOORDINATION:0.4608752250250644
CE_MATERIAL:0.5095317823784256
CE_KINGSAFETY:0.5
C_PIECESQUARETABLES:0.5039546212999375
C_MOBILITY:0.5429179936452773
C_KINGSAFETY:0.5265258527860083
C_PAWNSTRUCTURE:0.5231037168533831
C_PIECECOORDINATION:0.509262590514689
C_ROOK:0.5144871900050153
CE_ROOK:0.49899574097815735
C_CENTERCONTROL:0.48052209942000507
C_DEVELOPPIECES:0.5048929207916829
C_MATERIAL:0.5621828781154202
C_MOVECOUNT:0.5403489611505204
C_PAWNMOVEMENT:0.49259272689136796
