ELO:932
CE_PASSEDPAWNS:0.47611696467814985
CE_PAWNWEAKNESSES:0.5398831510839022
CE_PIECEACTIVITY:0.476059484997042
CE_KINGPAWNSHIELD:0.5739921027760254
CE_PIECECOORDINATION:0.5304610383085475
CE_MATERIAL:0.4554024037684883
CE_KINGSAFETY:0.5208222237687172
C_PIECESQUARETABLES:0.48486474701205695
C_MOBILITY:0.49208422105611427
C_KINGSAFETY:0.5093742635965403
C_PAWNSTRUCTURE:0.545288030764907
C_PIECECOORDINATION:0.42666540712060774
C_ROOKANDPAWNMOVEMENT:0.42666540712060774
C_CENTERCONTROL:0.5070539688106905
C_DEVELOPPIECES:0.5897694772373459
C_MATERIAL:0.4857938063641165
