ELO:988
CE_PASSEDPAWNS:0.39792981371987557
CE_PAWNWEAKNESSES:0.5128889835512717
CE_PIECEACTIVITY:0.5552239498407472
CE_KINGPAWNSHIELD:0.46768954630137477
CE_PIECECOORDINATION:0.4708959236142045
CE_MATERIAL:0.5092893002002773
CE_KINGSAFETY:0.4923484000202992
C_PIECESQUARETABLES:0.4976229837654151
C_MOBILITY:0.5001465408952577
C_KINGSAFETY:0.554655110728187
C_PAWNSTRUCTURE:0.3229633967745872
C_PIECECOORDINATION:0.6135308168497035
C_ROOKANDPAWNMOVEMENT:0.6135308168497035
C_CENTERCONTROL:0.3982705635243268
C_DEVELOPPIECES:0.5067495606305472
C_MATERIAL:0.6905502308480547
