ELO:983
CE_PASSEDPAWNS:0.5
CE_PAWNWEAKNESSES:0.4926544459079139
CE_PIECEACTIVITY:0.4876577925391095
CE_KINGPAWNSHIELD:0.5044052828687341
CE_PIECECOORDINATION:0.507622645757385
CE_MATERIAL:0.495823247603679
CE_KINGSAFETY:0.5
C_PIECESQUARETABLES:0.5101162497373416
C_MOBILITY:0.5038846761315989
C_KINGSAFETY:0.4966173301990484
C_PAWNSTRUCTURE:0.49029512881010573
C_PIECECOORDINATION:0.49764572244634003
C_ROOKANDPAWNMOVEMENT:0.49764572244634003
C_CENTERCONTROL:0.4932691637551936
C_DEVELOPPIECES:0.48691706142974156
C_MATERIAL:0.49946657961354984
C_MOVECOUNT:0.5200782955212053
