ELO:981
CE_PASSEDPAWNS:0.5006822779553594
CE_PAWNWEAKNESSES:0.4936609423206303
CE_PIECEACTIVITY:0.48159480705002233
CE_KINGPAWNSHIELD:0.48237330039527
CE_PIECECOORDINATION:0.4868923629514475
CE_MATERIAL:0.5172889254009965
CE_KINGSAFETY:0.4970617110216126
C_PIECESQUARETABLES:0.4936278511459912
C_MOBILITY:0.4896853529541151
C_KINGSAFETY:0.4985185550182471
C_PAWNSTRUCTURE:0.4822660479963352
C_PIECECOORDINATION:0.46204477924383985
C_ROOKANDPAWNMOVEMENT:0.46204477924383985
C_CENTERCONTROL:0.5276038696651735
C_DEVELOPPIECES:0.5129993971515273
C_MATERIAL:0.49728344961186716
