ELO:992
CE_PASSEDPAWNS:0.5187224978340305
CE_PAWNWEAKNESSES:0.5007502594323886
CE_PIECEACTIVITY:0.5
CE_KINGPAWNSHIELD:0.5
CE_PIECECOORDINATION:0.5094042998878112
CE_MATERIAL:0.46335249607965306
CE_KINGSAFETY:0.5055508570031377
C_PIECESQUARETABLES:0.5067707242798767
C_MOBILITY:0.49910980398201893
C_KINGSAFETY:0.5153194949759073
C_PAWNSTRUCTURE:0.49358790204247965
C_PIECECOORDINATION:0.5
C_ROOKANDPAWNMOVEMENT:0.5
C_CENTERCONTROL:0.5052993277377514
C_DEVELOPPIECES:0.5
C_MATERIAL:0.4923502539953906
C_MOVECOUNT:0.5
