ELO:942
CE_PASSEDPAWNS:0.4947934119824448
CE_PAWNWEAKNESSES:0.5405339090720663
CE_PIECEACTIVITY:0.5328851082655984
CE_KINGPAWNSHIELD:0.5194891338828471
CE_PIECECOORDINATION:0.5097075710054297
CE_MATERIAL:0.5315821788436461
CE_KINGSAFETY:0.5088453451640021
C_PIECESQUARETABLES:0.5083423913343144
C_MOBILITY:0.5046925504240131
C_KINGSAFETY:0.5074408970946418
C_PAWNSTRUCTURE:0.5103356410925249
C_PIECECOORDINATION:0.5005840417775448
C_ROOK:0.518786446844299
CE_ROOK:0.4771034340606765
C_CENTERCONTROL:0.5238773034405527
C_DEVELOPPIECES:0.5107226764189762
C_MATERIAL:0.45760520307965213
C_MOVECOUNT:0.48578069848748656
C_PAWNMOVEMENT:0.500197511884747
