ELO:954
CE_PASSEDPAWNS:0.4840187299648796
CE_PAWNWEAKNESSES:0.526536258156233
CE_PIECEACTIVITY:0.48819381533559575
CE_KINGPAWNSHIELD:0.49242497872797597
CE_PIECECOORDINATION:0.5160888210076976
CE_MATERIAL:0.5116925149739795
CE_KINGSAFETY:0.5200730310062585
C_PIECESQUARETABLES:0.48831381730022405
C_MOBILITY:0.5112424312161882
C_KINGSAFETY:0.4802412039693333
C_PAWNSTRUCTURE:0.49108291748752647
C_PIECECOORDINATION:0.51512440575362
C_ROOKANDPAWNMOVEMENT:0.51512440575362
C_CENTERCONTROL:0.49523583662541387
C_DEVELOPPIECES:0.5227484429407276
C_MATERIAL:0.4805867448596111
C_MOVECOUNT:0.5
