ELO:1000
CE_PASSEDPAWNS:0.5221636819144827
CE_PAWNWEAKNESSES:0.5491408862421292
CE_PIECEACTIVITY:0.4930445020765466
CE_KINGPAWNSHIELD:0.5238479371400838
CE_PIECECOORDINATION:0.5151057228924985
CE_MATERIAL:0.516289579834425
CE_KINGSAFETY:0.5147484578040619
C_PIECESQUARETABLES:0.4736637950039743
C_MOBILITY:0.43813587033146245
C_KINGSAFETY:0.506653882094084
C_PAWNSTRUCTURE:0.5034796073171431
C_PIECECOORDINATION:0.47416289629428154
C_ROOKANDPAWNMOVEMENT:0.47416289629428154
C_CENTERCONTROL:0.5033652323974511
C_DEVELOPPIECES:0.5423892009445176
C_MATERIAL:0.4942719660021227
