ELO:933
CE_PASSEDPAWNS:0.47611696467814985
CE_PAWNWEAKNESSES:0.5355332083819806
CE_PIECEACTIVITY:0.47636417330694997
CE_KINGPAWNSHIELD:0.5824193861399404
CE_PIECECOORDINATION:0.5304610383085475
CE_MATERIAL:0.4554024037684883
CE_KINGSAFETY:0.5208222237687172
C_PIECESQUARETABLES:0.4955815366769667
C_MOBILITY:0.49208422105611427
C_KINGSAFETY:0.5093742635965403
C_PAWNSTRUCTURE:0.5574823175654247
C_PIECECOORDINATION:0.43879289565804774
C_ROOKANDPAWNMOVEMENT:0.43879289565804774
C_CENTERCONTROL:0.5002018917129131
C_DEVELOPPIECES:0.5897694772373459
C_MATERIAL:0.499416167602154
