ELO:1000
CE_PASSEDPAWNS:0.5419402381805413
CE_PAWNWEAKNESSES:0.43440637302310126
CE_PIECEACTIVITY:0.5049947652407061
CE_KINGPAWNSHIELD:0.5009258547462385
CE_PIECECOORDINATION:0.4544925717528974
CE_MATERIAL:0.4983405513508663
CE_KINGSAFETY:0.5221231201300891
C_PIECESQUARETABLES:0.4900624347651718
C_MOBILITY:0.4795373439329324
C_KINGSAFETY:0.49259444332460733
C_PAWNSTRUCTURE:0.484250763137148
C_PIECECOORDINATION:0.5204175567157533
C_ROOKANDPAWNMOVEMENT:0.5204175567157533
C_CENTERCONTROL:0.5070483792794577
C_DEVELOPPIECES:0.5105668199864902
C_MATERIAL:0.48708738881932107
