ELO:956
CE_PASSEDPAWNS:0.4947934119824448
CE_PAWNWEAKNESSES:0.5334242609824632
CE_PIECEACTIVITY:0.5411189680983611
CE_KINGPAWNSHIELD:0.5194891338828471
CE_PIECECOORDINATION:0.5069233533057406
CE_MATERIAL:0.5315821788436461
CE_KINGSAFETY:0.5
C_PIECESQUARETABLES:0.5083423913343144
C_MOBILITY:0.5155191331298642
C_KINGSAFETY:0.5010051048178367
C_PAWNSTRUCTURE:0.5098019231477446
C_PIECECOORDINATION:0.5005840417775448
C_ROOK:0.5108768561517943
CE_ROOK:0.4771034340606765
C_CENTERCONTROL:0.5167203567252895
C_DEVELOPPIECES:0.5022155930816747
C_MATERIAL:0.4668954161611229
C_MOVECOUNT:0.48578069848748656
C_PAWNMOVEMENT:0.4912225658596212
