ELO:982
CE_PASSEDPAWNS:0.5273180211320598
CE_PAWNWEAKNESSES:0.4943719208315514
CE_PIECEACTIVITY:0.5084243181784476
CE_KINGPAWNSHIELD:0.5351539887136009
CE_PIECECOORDINATION:0.45544626870130384
CE_MATERIAL:0.5001323709556473
CE_KINGSAFETY:0.5066017271584877
C_PIECESQUARETABLES:0.5118558935460726
C_MOBILITY:0.5334027077495485
C_KINGSAFETY:0.5324944271922671
C_PAWNSTRUCTURE:0.5333238761032145
C_PIECECOORDINATION:0.5050450755532745
C_ROOK:0.5157905727719373
CE_ROOK:0.4920137074298438
C_CENTERCONTROL:0.48292520245750775
C_DEVELOPPIECES:0.5048929207916829
C_MATERIAL:0.5693557226016646
C_MOVECOUNT:0.5208073763788272
C_PAWNMOVEMENT:0.49259272689136796
