ELO:1000
CE_PASSEDPAWNS:0.528724967593649
CE_PAWNWEAKNESSES:0.3888804312916862
CE_PIECEACTIVITY:0.5111517730970577
CE_KINGPAWNSHIELD:0.4864916266257345
CE_PIECECOORDINATION:0.4864150670275078
CE_MATERIAL:0.47674284077349577
CE_KINGSAFETY:0.46800578437046436
C_PIECESQUARETABLES:0.5000813902350851
C_MOBILITY:0.5087293205131543
C_KINGSAFETY:0.46149757834677074
C_PAWNSTRUCTURE:0.4429034155047379
C_PIECECOORDINATION:0.5230966207514487
C_ROOKANDPAWNMOVEMENT:0.5230966207514487
C_CENTERCONTROL:0.5082547384190261
C_DEVELOPPIECES:0.5399409428013122
C_MATERIAL:0.48073908738282095
