ELO:940
CE_PASSEDPAWNS:0.5598443350582771
CE_PAWNWEAKNESSES:0.33001004301376496
CE_PIECEACTIVITY:0.39664825181884905
CE_KINGPAWNSHIELD:0.5293983029985411
CE_PIECECOORDINATION:0.5290953951296336
CE_MATERIAL:0.4378081187023105
CE_KINGSAFETY:0.49022559208198
C_PIECESQUARETABLES:0.4844259882839892
C_MOBILITY:0.5703240803449925
C_KINGSAFETY:0.4318893013997064
C_PAWNSTRUCTURE:0.44927489476252863
C_PIECECOORDINATION:0.5858842407770694
C_ROOKANDPAWNMOVEMENT:0.5858842407770694
C_CENTERCONTROL:0.45409948301283726
C_DEVELOPPIECES:0.6221639326354709
C_MATERIAL:0.47904274167936206
