ELO:948
CE_PASSEDPAWNS:0.5437878972268112
CE_PAWNWEAKNESSES:0.4774393573214118
CE_PIECEACTIVITY:0.5086249784303148
CE_KINGPAWNSHIELD:0.5293637518944069
CE_PIECECOORDINATION:0.48068105778811054
CE_MATERIAL:0.47955733985549426
CE_KINGSAFETY:0.4874325593382466
C_PIECESQUARETABLES:0.5214515848642778
C_MOBILITY:0.5162195386469651
C_KINGSAFETY:0.5327006654178482
C_PAWNSTRUCTURE:0.48791390081177677
C_PIECECOORDINATION:0.5030511368507803
C_ROOKANDPAWNMOVEMENT:0.5030511368507803
C_CENTERCONTROL:0.5182779109031461
C_DEVELOPPIECES:0.5129383076367932
C_MATERIAL:0.5053406900620978
C_MOVECOUNT:0.5
