ELO:891
CE_PASSEDPAWNS:0.4837284211583416
CE_PAWNWEAKNESSES:0.49944797847801164
CE_PIECEACTIVITY:0.5018880863890112
CE_KINGPAWNSHIELD:0.5486707175803482
CE_PIECECOORDINATION:0.5116736389862516
CE_MATERIAL:0.47792105963792736
CE_KINGSAFETY:0.482689563942566
C_PIECESQUARETABLES:0.5228781148549002
C_MOBILITY:0.4780665213121539
C_KINGSAFETY:0.49039405210964065
C_PAWNSTRUCTURE:0.49709459921573773
C_PIECECOORDINATION:0.5101786803767616
C_ROOKANDPAWNMOVEMENT:0.5101786803767616
C_CENTERCONTROL:0.5123470162548782
C_DEVELOPPIECES:0.5048021656584938
C_MATERIAL:0.5094616398633969
C_MOVECOUNT:0.49687838457188027
