ELO:949
CE_PASSEDPAWNS:0.48486073520936335
CE_PAWNWEAKNESSES:0.5427834559594757
CE_PIECEACTIVITY:0.44087666027189637
CE_KINGPAWNSHIELD:0.4925364889564278
CE_PIECECOORDINATION:0.5210243500780386
CE_MATERIAL:0.5080984328795496
CE_KINGSAFETY:0.5471462672709214
C_PIECESQUARETABLES:0.49439541843202384
C_MOBILITY:0.5891116915350871
C_KINGSAFETY:0.515649550727749
C_PAWNSTRUCTURE:0.5589014925224925
C_PIECECOORDINATION:0.3875071254085756
C_ROOKANDPAWNMOVEMENT:0.3875071254085756
C_CENTERCONTROL:0.48048992767501625
C_DEVELOPPIECES:0.5935407663832507
C_MATERIAL:0.47107391211557537
