ELO:958
CE_PASSEDPAWNS:0.5075111853359847
CE_PAWNWEAKNESSES:0.48802252836000687
CE_PIECEACTIVITY:0.5067109625712213
CE_KINGPAWNSHIELD:0.5303541539727975
CE_PIECECOORDINATION:0.48892500707145536
CE_MATERIAL:0.4916124174144857
CE_KINGSAFETY:0.5116174200900181
C_PIECESQUARETABLES:0.48367522960338366
C_MOBILITY:0.5190411338340422
C_KINGSAFETY:0.5221778539138607
C_PAWNSTRUCTURE:0.5162769710266795
C_PIECECOORDINATION:0.48761493953239216
C_ROOK:0.5112399398462891
CE_ROOK:0.5097349502950256
C_CENTERCONTROL:0.49250283874613265
C_DEVELOPPIECES:0.5048929207916829
C_MATERIAL:0.5506768075893957
C_MOVECOUNT:0.517562621615691
C_PAWNMOVEMENT:0.4891001372790368
