ELO:968
CE_PASSEDPAWNS:0.5050399512264145
CE_PAWNWEAKNESSES:0.509862384066161
CE_PIECEACTIVITY:0.5190165896558525
CE_KINGPAWNSHIELD:0.5034203164083442
CE_PIECECOORDINATION:0.5196937579123286
CE_MATERIAL:0.4911818886316795
CE_KINGSAFETY:0.5
C_PIECESQUARETABLES:0.4830090836993103
C_MOBILITY:0.49882578244408027
C_KINGSAFETY:0.5074678145969126
C_PAWNSTRUCTURE:0.4991460168626859
C_PIECECOORDINATION:0.5
C_ROOKANDPAWNMOVEMENT:0.5
C_CENTERCONTROL:0.5079738991119914
C_DEVELOPPIECES:0.5013214866368728
C_MATERIAL:0.5165732228577222
C_MOVECOUNT:0.5
