ELO:980
CE_PASSEDPAWNS:0.527486925143336
CE_PAWNWEAKNESSES:0.5049397428049875
CE_PIECEACTIVITY:0.4754789033675265
CE_KINGPAWNSHIELD:0.5278152133367933
CE_PIECECOORDINATION:0.5
CE_MATERIAL:0.5194996112264925
CE_KINGSAFETY:0.5
C_PIECESQUARETABLES:0.48530381847557996
C_MOBILITY:0.5393546167303628
C_KINGSAFETY:0.5211105613289541
C_PAWNSTRUCTURE:0.5030601895522548
C_PIECECOORDINATION:0.5
C_ROOKANDPAWNMOVEMENT:0.5
C_CENTERCONTROL:0.5122740530599302
C_DEVELOPPIECES:0.4957158214886143
C_MATERIAL:0.5151925792377485
C_MOVECOUNT:0.5
