ELO:973
CE_PASSEDPAWNS:0.5100202178914065
CE_PAWNWEAKNESSES:0.48876023884546693
CE_PIECEACTIVITY:0.5
CE_KINGPAWNSHIELD:0.522121246699628
CE_PIECECOORDINATION:0.4932832580541432
CE_MATERIAL:0.5
CE_KINGSAFETY:0.5
C_PIECESQUARETABLES:0.49750377377095595
C_MOBILITY:0.5051091526267669
C_KINGSAFETY:0.5132020146806325
C_PAWNSTRUCTURE:0.5022921335705233
C_PIECECOORDINATION:0.5059645910693091
C_ROOK:0.5112399398462891
CE_ROOK:0.5088606109748058
C_CENTERCONTROL:0.49250283874613265
C_DEVELOPPIECES:0.5070003624990804
C_MATERIAL:0.5197843966476096
C_MOVECOUNT:0.5131502806110371
C_PAWNMOVEMENT:0.4891001372790368
