ELO:1041
CE_PASSEDPAWNS:0.5104541859617747
CE_PAWNWEAKNESSES:0.5023951272277208
CE_PIECEACTIVITY:0.4859384190746076
CE_KINGPAWNSHIELD:0.5047235401454724
CE_PIECECOORDINATION:0.501204447294484
CE_MATERIAL:0.5
CE_KINGSAFETY:0.5
C_PIECESQUARETABLES:0.5090334798666739
C_MOBILITY:0.5
C_KINGSAFETY:0.48805367203425104
C_PAWNSTRUCTURE:0.5
C_PIECECOORDINATION:0.5
C_ROOK:0.4815397127735379
CE_ROOK:0.5
C_CENTERCONTROL:0.5029260978617252
C_DEVELOPPIECES:0.4929398449726994
C_MATERIAL:0.49321147352362077
C_MOVECOUNT:0.5045457480860668
C_PAWNMOVEMENT:0.5
