ELO:638
CE_PASSEDPAWNS:0.5620920392857006
CE_PAWNWEAKNESSES:0.48003630903526096
CE_PIECEACTIVITY:0.4671714272589722
CE_KINGPAWNSHIELD:0.5985375703545823
CE_PIECECOORDINATION:0.5814336514967646
CE_MATERIAL:0.4549232757487573
CE_KINGSAFETY:0.49438763300410793
C_PIECESQUARETABLES:0.47383570937158853
C_MOBILITY:0.5541651066425034
C_KINGSAFETY:0.4571868410021012
C_PAWNSTRUCTURE:0.42668129762773627
C_PIECECOORDINATION:0.5494967013676161
C_ROOKANDPAWNMOVEMENT:0.5494967013676161
C_CENTERCONTROL:0.4558898319761524
C_DEVELOPPIECES:0.6317985339730452
C_MATERIAL:0.5813675864814657
C_MOVECOUNT:0.5
