ELO:1059
CE_PASSEDPAWNS:0.4416990888131459
CE_PAWNWEAKNESSES:0.4534489024032259
CE_PIECEACTIVITY:0.440463108487742
CE_KINGPAWNSHIELD:0.44556206081232613
CE_PIECECOORDINATION:0.498257873037846
CE_MATERIAL:0.4417819838199079
CE_KINGSAFETY:0.5193912213095927
C_PIECESQUARETABLES:0.49118390968379966
C_MOBILITY:0.49322061823898067
C_KINGSAFETY:0.6646423891774206
C_PAWNSTRUCTURE:0.43032705266658855
C_PIECECOORDINATION:0.3685784369189798
C_ROOKANDPAWNMOVEMENT:0.3685784369189798
C_CENTERCONTROL:0.49897926437246265
C_DEVELOPPIECES:0.5210923852394703
C_MATERIAL:0.40257644139205084
