ELO:909
CE_PASSEDPAWNS:0.4854504268402347
CE_PAWNWEAKNESSES:0.5502849265905557
CE_PIECEACTIVITY:0.4621564512511761
CE_KINGPAWNSHIELD:0.5281710894898175
CE_PIECECOORDINATION:0.5372642745614766
CE_MATERIAL:0.5063475757912375
CE_KINGSAFETY:0.5383479416219824
C_PIECESQUARETABLES:0.5022716753579889
C_MOBILITY:0.5419810112326289
C_KINGSAFETY:0.5238796072967277
C_PAWNSTRUCTURE:0.5837350213885645
C_PIECECOORDINATION:0.42731584708245035
C_ROOKANDPAWNMOVEMENT:0.42731584708245035
C_CENTERCONTROL:0.4670804786390095
C_DEVELOPPIECES:0.5929566423229268
C_MATERIAL:0.4751940057200454
