ELO:1000
CE_PASSEDPAWNS:0.5474998666129944
CE_PAWNWEAKNESSES:0.3728260925583384
CE_PIECEACTIVITY:0.48768020869992
CE_KINGPAWNSHIELD:0.4962549157778265
CE_PIECECOORDINATION:0.4908550887661743
CE_MATERIAL:0.4977675754275909
CE_KINGSAFETY:0.4780322763773422
C_PIECESQUARETABLES:0.5312282438373813
C_MOBILITY:0.514185106506056
C_KINGSAFETY:0.458951963571711
C_PAWNSTRUCTURE:0.4567549236293857
C_PIECECOORDINATION:0.5351822088069883
C_ROOKANDPAWNMOVEMENT:0.5351822088069883
C_CENTERCONTROL:0.5111551589873945
C_DEVELOPPIECES:0.5586235039098304
C_MATERIAL:0.48570744665988036
