ELO:775
CE_PASSEDPAWNS:0.5215266706361655
CE_PAWNWEAKNESSES:0.393185262250111
CE_PIECEACTIVITY:0.5376645190157366
CE_KINGPAWNSHIELD:0.5044698743323073
CE_PIECECOORDINATION:0.593808631886173
CE_MATERIAL:0.5453952314825317
CE_KINGSAFETY:0.5113459285146905
C_PIECESQUARETABLES:0.5
C_MOBILITY:0.4050564887826599
C_KINGSAFETY:0.4456472824118865
C_PAWNSTRUCTURE:0.49722941661355763
C_PIECECOORDINATION:0.4832098292718086
C_ROOKANDPAWNMOVEMENT:0.4832098292718086
C_CENTERCONTROL:0.540973712544615
C_DEVELOPPIECES:0.6632761751292675
C_MATERIAL:0.48861462655556565
C_MOVECOUNT:0.47132533108187413
