ELO:920
CE_PASSEDPAWNS:0.5002401182019371
CE_PAWNWEAKNESSES:0.5266014519222197
CE_PIECEACTIVITY:0.5511164969001712
CE_KINGPAWNSHIELD:0.456275437712978
CE_PIECECOORDINATION:0.48216836414885095
CE_MATERIAL:0.496394897727652
CE_KINGSAFETY:0.5605409564678481
C_PIECESQUARETABLES:0.49891326598871205
C_MOBILITY:0.513979440550616
C_KINGSAFETY:0.5016389932368241
C_PAWNSTRUCTURE:0.47383939945746495
C_PIECECOORDINATION:0.5407119759133469
C_ROOKANDPAWNMOVEMENT:0.5407119759133469
C_CENTERCONTROL:0.5219083609481585
C_DEVELOPPIECES:0.49170885562314354
C_MATERIAL:0.5489015204260599
C_MOVECOUNT:0.5
