ELO:876
CE_PASSEDPAWNS:0.45394897652586813
CE_PAWNWEAKNESSES:0.4872023171977565
CE_PIECEACTIVITY:0.507504449198934
CE_KINGPAWNSHIELD:0.5480092745607494
CE_PIECECOORDINATION:0.5182482747871019
CE_MATERIAL:0.4808323667066135
CE_KINGSAFETY:0.48242585122103493
C_PIECESQUARETABLES:0.47799444733361995
C_MOBILITY:0.47858404726513487
C_KINGSAFETY:0.48826939334319924
C_PAWNSTRUCTURE:0.44445649774779483
C_PIECECOORDINATION:0.5027304849281437
C_ROOKANDPAWNMOVEMENT:0.5027304849281437
C_CENTERCONTROL:0.5221249753814972
C_DEVELOPPIECES:0.5334573444822512
C_MATERIAL:0.4962320458091905
C_MOVECOUNT:0.5160414071938592
