ELO:1000
CE_PASSEDPAWNS:0.5365705204980066
CE_PAWNWEAKNESSES:0.4168967185558199
CE_PIECEACTIVITY:0.5098942573621479
CE_KINGPAWNSHIELD:0.5113663886631079
CE_PIECECOORDINATION:0.4554052953320586
CE_MATERIAL:0.4722350311230802
CE_KINGSAFETY:0.478784210331689
C_PIECESQUARETABLES:0.510081398977416
C_MOBILITY:0.5054748662396967
C_KINGSAFETY:0.4842816472378545
C_PAWNSTRUCTURE:0.40319419089005815
C_PIECECOORDINATION:0.5101624007778781
C_ROOKANDPAWNMOVEMENT:0.5101624007778781
C_CENTERCONTROL:0.5098878654868286
C_DEVELOPPIECES:0.5245683549316503
C_MATERIAL:0.4599433197617518
