ELO:1000
CE_PASSEDPAWNS:0.5275171877073935
CE_PAWNWEAKNESSES:0.5365764745368743
CE_PIECEACTIVITY:0.5428938431577971
CE_KINGPAWNSHIELD:0.5275408538048202
CE_PIECECOORDINATION:0.46906547407381033
CE_MATERIAL:0.5257550780525032
CE_KINGSAFETY:0.539943476295382
C_PIECESQUARETABLES:0.45068186700943413
C_MOBILITY:0.4702162621307013
C_KINGSAFETY:0.49106752230812467
C_PAWNSTRUCTURE:0.53765469544599
C_PIECECOORDINATION:0.4695169741616213
C_ROOKANDPAWNMOVEMENT:0.4695169741616213
C_CENTERCONTROL:0.46523255293538596
C_DEVELOPPIECES:0.5176991983899061
C_MATERIAL:0.5045143136963326
