ELO:1058
CE_PASSEDPAWNS:0.5
CE_PAWNWEAKNESSES:0.5
CE_PIECEACTIVITY:0.4986132995361648
CE_KINGPAWNSHIELD:0.5
CE_PIECECOORDINATION:0.5076942440388684
CE_MATERIAL:0.4965006920338921
CE_KINGSAFETY:0.5
C_PIECESQUARETABLES:0.5
C_MOBILITY:0.5105316415079528
C_KINGSAFETY:0.49158980096401556
C_PAWNSTRUCTURE:0.5082364865651389
C_PIECECOORDINATION:0.5
C_ROOKANDPAWNMOVEMENT:0.5
C_CENTERCONTROL:0.4910968185204558
C_DEVELOPPIECES:0.5092417486306315
C_MATERIAL:0.500768545410672
C_MOVECOUNT:0.4903770416810901
