ELO:1000
CE_PASSEDPAWNS:0.5
CE_PAWNWEAKNESSES:0.5
CE_PIECEACTIVITY:0.5039484701364888
CE_KINGPAWNSHIELD:0.5080998626294884
CE_PIECECOORDINATION:0.4888282768899967
CE_MATERIAL:0.5
CE_KINGSAFETY:0.5083735042435709
C_PIECESQUARETABLES:0.4911246516751018
C_MOBILITY:0.5
C_KINGSAFETY:0.4943968108335813
C_PAWNSTRUCTURE:0.5014217349680554
C_PIECECOORDINATION:0.4917658192901331
C_ROOKANDPAWNMOVEMENT:0.4917658192901331
C_CENTERCONTROL:0.4911458652934942
C_DEVELOPPIECES:0.5
C_MATERIAL:0.5
