ELO:967
CE_PASSEDPAWNS:0.5330622718908287
CE_PAWNWEAKNESSES:0.4905597208506025
CE_PIECEACTIVITY:0.5411189680983611
CE_KINGPAWNSHIELD:0.5305970176702418
CE_PIECECOORDINATION:0.4388090021450794
CE_MATERIAL:0.5379769975753594
CE_KINGSAFETY:0.5044927603412079
C_PIECESQUARETABLES:0.5102187248959796
C_MOBILITY:0.5503501204393046
C_KINGSAFETY:0.5287566798568096
C_PAWNSTRUCTURE:0.5178086364567924
C_PIECECOORDINATION:0.4859885182400556
C_ROOK:0.5143477707810431
CE_ROOK:0.47440936877793655
C_CENTERCONTROL:0.4722808905499535
C_DEVELOPPIECES:0.5180938554251522
C_MATERIAL:0.5259117974519621
C_MOVECOUNT:0.5094804642144082
C_PAWNMOVEMENT:0.5001309784664985
