ELO:926
CE_PASSEDPAWNS:0.5735753235280933
CE_PAWNWEAKNESSES:0.3409474227776348
CE_PIECEACTIVITY:0.40228696826396465
CE_KINGPAWNSHIELD:0.5468112121388753
CE_PIECECOORDINATION:0.5129307527937308
CE_MATERIAL:0.41385606715099627
CE_KINGSAFETY:0.5172388397186075
C_PIECESQUARETABLES:0.45913792202456616
C_MOBILITY:0.5487546971956786
C_KINGSAFETY:0.45336604043140616
C_PAWNSTRUCTURE:0.45861055743879847
C_PIECECOORDINATION:0.5885033789516044
C_ROOKANDPAWNMOVEMENT:0.5885033789516044
C_CENTERCONTROL:0.45128013054629074
C_DEVELOPPIECES:0.6424634315132247
C_MATERIAL:0.48129527200177324
