ELO:920
CE_PASSEDPAWNS:0.4791881644895439
CE_PAWNWEAKNESSES:0.5228093105879844
CE_PIECEACTIVITY:0.5509471589045317
CE_KINGPAWNSHIELD:0.4596950511455829
CE_PIECECOORDINATION:0.4920658736148619
CE_MATERIAL:0.5099042992310735
CE_KINGSAFETY:0.543979350857387
C_PIECESQUARETABLES:0.5023764937381756
C_MOBILITY:0.5163758865282863
C_KINGSAFETY:0.4960016789784551
C_PAWNSTRUCTURE:0.4834515182888295
C_PIECECOORDINATION:0.5080767415078963
C_ROOKANDPAWNMOVEMENT:0.5080767415078963
C_CENTERCONTROL:0.5244299318746776
C_DEVELOPPIECES:0.4731135394023565
C_MATERIAL:0.5614983310574332
C_MOVECOUNT:0.5
