ELO:959
CE_PASSEDPAWNS:0.4879622134332551
CE_PAWNWEAKNESSES:0.4627756498445971
CE_PIECEACTIVITY:0.4834652056417963
CE_KINGPAWNSHIELD:0.47954421659306823
CE_PIECECOORDINATION:0.4731660914767368
CE_MATERIAL:0.5135117330428609
CE_KINGSAFETY:0.5230696461246968
C_PIECESQUARETABLES:0.47613210506844733
C_MOBILITY:0.47442038951975946
C_KINGSAFETY:0.5567925820957574
C_PAWNSTRUCTURE:0.4994011821858081
C_PIECECOORDINATION:0.4904851772396399
C_ROOKANDPAWNMOVEMENT:0.4904851772396399
C_CENTERCONTROL:0.5283497108007035
C_DEVELOPPIECES:0.4849231926655123
C_MATERIAL:0.5069916169145361
