ELO:994
CE_PASSEDPAWNS:0.5273180211320598
CE_PAWNWEAKNESSES:0.5008119380628813
CE_PIECEACTIVITY:0.5084243181784476
CE_KINGPAWNSHIELD:0.5351539887136009
CE_PIECECOORDINATION:0.46246157550988687
CE_MATERIAL:0.4916124174144857
CE_KINGSAFETY:0.5026684697947394
C_PIECESQUARETABLES:0.5118558935460726
C_MOBILITY:0.5317771206754204
C_KINGSAFETY:0.5235958216745991
C_PAWNSTRUCTURE:0.5333238761032145
C_PIECECOORDINATION:0.502025317343901
C_ROOK:0.514778406330574
CE_ROOK:0.5097349502950256
C_CENTERCONTROL:0.48292520245750775
C_DEVELOPPIECES:0.5048929207916829
C_MATERIAL:0.5693557226016646
C_MOVECOUNT:0.5175811622584527
C_PAWNMOVEMENT:0.49259272689136796
