ELO:1063
CE_PASSEDPAWNS:0.4365975759086457
CE_PAWNWEAKNESSES:0.4534489024032259
CE_PIECEACTIVITY:0.43321417965382236
CE_KINGPAWNSHIELD:0.4289164664072704
CE_PIECECOORDINATION:0.49046280249991586
CE_MATERIAL:0.4473030663909269
CE_KINGSAFETY:0.5011109167472645
C_PIECESQUARETABLES:0.5047842514810599
C_MOBILITY:0.49737636742816205
C_KINGSAFETY:0.6727332463566952
C_PAWNSTRUCTURE:0.4215026133371987
C_PIECECOORDINATION:0.3668076466170358
C_ROOKANDPAWNMOVEMENT:0.3668076466170358
C_CENTERCONTROL:0.49897926437246265
C_DEVELOPPIECES:0.5334456798082541
C_MATERIAL:0.4029753334117013
