ELO:920
CE_PASSEDPAWNS:0.5297755213990268
CE_PAWNWEAKNESSES:0.46247171848823543
CE_PIECEACTIVITY:0.4640975048263561
CE_KINGPAWNSHIELD:0.5408779023605402
CE_PIECECOORDINATION:0.527459099212295
CE_MATERIAL:0.44647052020044065
CE_KINGSAFETY:0.4806895481267338
C_PIECESQUARETABLES:0.5217994639557315
C_MOBILITY:0.5070632028047333
C_KINGSAFETY:0.4641356796235151
C_PAWNSTRUCTURE:0.4734350493153322
C_PIECECOORDINATION:0.5192687880053483
C_ROOKANDPAWNMOVEMENT:0.5192687880053483
C_CENTERCONTROL:0.49371361712110373
C_DEVELOPPIECES:0.538070481677479
C_MATERIAL:0.516075265863843
C_MOVECOUNT:0.5
