ELO:705
CE_PASSEDPAWNS:0.5618297732998094
CE_PAWNWEAKNESSES:0.4587004851323802
CE_PIECEACTIVITY:0.46364646476012417
CE_KINGPAWNSHIELD:0.5874169285427668
CE_PIECECOORDINATION:0.5459748720837688
CE_MATERIAL:0.45352565145754836
CE_KINGSAFETY:0.4935627203297977
C_PIECESQUARETABLES:0.4626464146480031
C_MOBILITY:0.5322418091495917
C_KINGSAFETY:0.4576994815146033
C_PAWNSTRUCTURE:0.40294986927585263
C_PIECECOORDINATION:0.5489453791261538
C_ROOKANDPAWNMOVEMENT:0.5489453791261538
C_CENTERCONTROL:0.4460360623423641
C_DEVELOPPIECES:0.6427578195159283
C_MATERIAL:0.5504498450628859
C_MOVECOUNT:0.5
