ELO:989
CE_PASSEDPAWNS:0.3653014313048466
CE_PAWNWEAKNESSES:0.5073292271437541
CE_PIECEACTIVITY:0.5749440601265043
CE_KINGPAWNSHIELD:0.4768280141415253
CE_PIECECOORDINATION:0.46544225017118723
CE_MATERIAL:0.5193988439889138
CE_KINGSAFETY:0.4881774827363051
C_PIECESQUARETABLES:0.5083200850774291
C_MOBILITY:0.5001465408952577
C_KINGSAFETY:0.5649338870102811
C_PAWNSTRUCTURE:0.32659486032772983
C_PIECECOORDINATION:0.4446438139257235
C_ROOKANDPAWNMOVEMENT:0.4446438139257235
C_CENTERCONTROL:0.35488331713916
C_DEVELOPPIECES:0.48463106472835726
C_MATERIAL:0.6889251578291001
