ELO:981
CE_PASSEDPAWNS:0.46898347423207093
CE_PAWNWEAKNESSES:0.5016678728603062
CE_PIECEACTIVITY:0.48711247517079376
CE_KINGPAWNSHIELD:0.4935877823797885
CE_PIECECOORDINATION:0.5060212556898468
CE_MATERIAL:0.48189358592497056
CE_KINGSAFETY:0.4832747507259496
C_PIECESQUARETABLES:0.48702950776675225
C_MOBILITY:0.5391426772503399
C_KINGSAFETY:0.5211985374387053
C_PAWNSTRUCTURE:0.4965903962231081
C_PIECECOORDINATION:0.494767101580102
C_ROOKANDPAWNMOVEMENT:0.494767101580102
C_CENTERCONTROL:0.5251633302292488
C_DEVELOPPIECES:0.4991813320664959
C_MATERIAL:0.48975759696404414
