ELO:978
CE_PASSEDPAWNS:0.5650225462179825
CE_PAWNWEAKNESSES:0.3850462254543266
CE_PIECEACTIVITY:0.4516221318427262
CE_KINGPAWNSHIELD:0.5477854460542028
CE_PIECECOORDINATION:0.5018001453432999
CE_MATERIAL:0.46747730223593637
CE_KINGSAFETY:0.4796499386365288
C_PIECESQUARETABLES:0.5306820871108215
C_MOBILITY:0.5594613640075946
C_KINGSAFETY:0.4506044355314937
C_PAWNSTRUCTURE:0.4483018161734194
C_PIECECOORDINATION:0.559388309988583
C_ROOKANDPAWNMOVEMENT:0.559388309988583
C_CENTERCONTROL:0.48544011477866444
C_DEVELOPPIECES:0.57920899154525
C_MATERIAL:0.49185165866912106
