ELO:975
CE_PASSEDPAWNS:0.5519936385438012
CE_PAWNWEAKNESSES:0.34838688477649676
CE_PIECEACTIVITY:0.44453658481683317
CE_KINGPAWNSHIELD:0.555974176611875
CE_PIECECOORDINATION:0.5175450571928424
CE_MATERIAL:0.47348608247295654
CE_KINGSAFETY:0.47533400166238365
C_PIECESQUARETABLES:0.5383385706608902
C_MOBILITY:0.5405818664014049
C_KINGSAFETY:0.44302419357470213
C_PAWNSTRUCTURE:0.4483018161734194
C_PIECECOORDINATION:0.571324330511597
C_ROOKANDPAWNMOVEMENT:0.571324330511597
C_CENTERCONTROL:0.4710115932902528
C_DEVELOPPIECES:0.581844217089473
C_MATERIAL:0.4932690277778288
