ELO:1000
CE_PASSEDPAWNS:0.5308162889391109
CE_PAWNWEAKNESSES:0.5356185081786992
CE_PIECEACTIVITY:0.5296690766156502
CE_KINGPAWNSHIELD:0.5451332584949377
CE_PIECECOORDINATION:0.4980050351191081
CE_MATERIAL:0.4988550865253288
CE_KINGSAFETY:0.5451617295094766
C_PIECESQUARETABLES:0.4349266015700839
C_MOBILITY:0.45476587047997163
C_KINGSAFETY:0.49969860463903815
C_PAWNSTRUCTURE:0.511232826696052
C_PIECECOORDINATION:0.46099009573351596
C_ROOKANDPAWNMOVEMENT:0.46099009573351596
C_CENTERCONTROL:0.4800419466085494
C_DEVELOPPIECES:0.5293447605290733
C_MATERIAL:0.49108344780665547
