ELO:900
CE_PASSEDPAWNS:0.4771566082687502
CE_PAWNWEAKNESSES:0.49095945281879905
CE_PIECEACTIVITY:0.507504449198934
CE_KINGPAWNSHIELD:0.5670729635616117
CE_PIECECOORDINATION:0.5181605122143584
CE_MATERIAL:0.5057040946608932
CE_KINGSAFETY:0.48352057545360605
C_PIECESQUARETABLES:0.47595574981965505
C_MOBILITY:0.4937735782653838
C_KINGSAFETY:0.49346955348596727
C_PAWNSTRUCTURE:0.40721863784650314
C_PIECECOORDINATION:0.5012920045324242
C_ROOKANDPAWNMOVEMENT:0.5012920045324242
C_CENTERCONTROL:0.5382264240417461
C_DEVELOPPIECES:0.542323325031877
C_MATERIAL:0.5129283039198732
C_MOVECOUNT:0.5276760413539503
