ELO:958
CE_PASSEDPAWNS:0.506683557157879
CE_PAWNWEAKNESSES:0.45007932647955107
CE_PIECEACTIVITY:0.4315174056042562
CE_KINGPAWNSHIELD:0.4821007658099792
CE_PIECECOORDINATION:0.48989974345629467
CE_MATERIAL:0.4895524605480274
CE_KINGSAFETY:0.5
C_PIECESQUARETABLES:0.5046350665812485
C_MOBILITY:0.47601702317990796
C_KINGSAFETY:0.5
C_PAWNSTRUCTURE:0.49186759103848327
C_PIECECOORDINATION:0.5283264457011883
C_ROOKANDPAWNMOVEMENT:0.5283264457011883
C_CENTERCONTROL:0.5050578964332557
C_DEVELOPPIECES:0.4817747181304766
C_MATERIAL:0.5018348349368856
C_MOVECOUNT:0.5
