ELO:757
CE_PASSEDPAWNS:0.577987380163159
CE_PAWNWEAKNESSES:0.5128668661693727
CE_PIECEACTIVITY:0.4607995106716023
CE_KINGPAWNSHIELD:0.6173741027731283
CE_PIECECOORDINATION:0.5866797952820881
CE_MATERIAL:0.45768251136903826
CE_KINGSAFETY:0.5
C_PIECESQUARETABLES:0.5
C_MOBILITY:0.5486208425808629
C_KINGSAFETY:0.44843661809485946
C_PAWNSTRUCTURE:0.3952852978216149
C_PIECECOORDINATION:0.555106952265067
C_ROOKANDPAWNMOVEMENT:0.555106952265067
C_CENTERCONTROL:0.44829827386434506
C_DEVELOPPIECES:0.6345854162137617
C_MATERIAL:0.5633763361363966
C_MOVECOUNT:0.5
