ELO:992
CE_PASSEDPAWNS:0.4712784076590009
CE_PAWNWEAKNESSES:0.5075020154336846
CE_PIECEACTIVITY:0.5020022936422528
CE_KINGPAWNSHIELD:0.49410152443688893
CE_PIECECOORDINATION:0.5386221401816086
CE_MATERIAL:0.4974334822918105
CE_KINGSAFETY:0.5
C_PIECESQUARETABLES:0.5
C_MOBILITY:0.47615720180078913
C_KINGSAFETY:0.5048643932894572
C_PAWNSTRUCTURE:0.5195829201425514
C_PIECECOORDINATION:0.5116698693111267
C_ROOK:0.4449798843324816
CE_ROOK:0.4721512202863491
C_CENTERCONTROL:0.5182369409182954
C_DEVELOPPIECES:0.4889545924510755
C_MATERIAL:0.5501757967534687
C_MOVECOUNT:0.4651295600714667
C_PAWNMOVEMENT:0.5290402633546226
