ELO:969
CE_PASSEDPAWNS:0.5075111853359847
CE_PAWNWEAKNESSES:0.5000026252935316
CE_PIECEACTIVITY:0.5067109625712213
CE_KINGPAWNSHIELD:0.5303541539727975
CE_PIECECOORDINATION:0.48892500707145536
CE_MATERIAL:0.4916124174144857
CE_KINGSAFETY:0.5
C_PIECESQUARETABLES:0.5
C_MOBILITY:0.527472439873523
C_KINGSAFETY:0.5235958216745991
C_PAWNSTRUCTURE:0.5162769710266795
C_PIECECOORDINATION:0.495745346327246
C_ROOK:0.5112399398462891
CE_ROOK:0.5097349502950256
C_CENTERCONTROL:0.48292520245750775
C_DEVELOPPIECES:0.5048929207916829
C_MATERIAL:0.5579611507753616
C_MOVECOUNT:0.527113441578429
C_PAWNMOVEMENT:0.4802103728435417
