ELO:480
CE_PASSEDPAWNS:0.5095909740937832
CE_PAWNWEAKNESSES:0.544103353425816
CE_PIECEACTIVITY:0.5208000074829798
CE_KINGPAWNSHIELD:0.49720118490369025
CE_PIECECOORDINATION:0.4701909274636456
CE_MATERIAL:0.4287384139596459
CE_KINGSAFETY:0.5505114749879658
C_PIECESQUARETABLES:0.5053734217082345
C_MOBILITY:0.6452782802467767
C_KINGSAFETY:0.4252846884323991
C_PAWNSTRUCTURE:0.4583680676307178
C_PIECECOORDINATION:0.4549296801974381
C_ROOKANDPAWNMOVEMENT:0.4549296801974381
C_CENTERCONTROL:0.5156857326495878
C_DEVELOPPIECES:0.7248200568137835
C_MATERIAL:0.4658907759758714
C_MOVECOUNT:0.5058156512144774
