ELO:947
CE_PASSEDPAWNS:0.42593925363534707
CE_PAWNWEAKNESSES:0.5955561359075386
CE_PIECEACTIVITY:0.5726783424350886
CE_KINGPAWNSHIELD:0.5310846552600652
CE_PIECECOORDINATION:0.439276564413467
CE_MATERIAL:0.584527353364692
CE_KINGSAFETY:0.5
C_PIECESQUARETABLES:0.4909914387433307
C_MOBILITY:0.5187608836449445
C_KINGSAFETY:0.4413407038217493
C_PAWNSTRUCTURE:0.450583443835895
C_PIECECOORDINATION:0.3382678463278365
C_ROOKANDPAWNMOVEMENT:0.3382678463278365
C_CENTERCONTROL:0.45705308820669316
C_DEVELOPPIECES:0.5809860101957655
C_MATERIAL:0.40081713743705266
