ELO:1000
CE_PASSEDPAWNS:0.5046685197433992
CE_PAWNWEAKNESSES:0.49718783569354846
CE_PIECEACTIVITY:0.542699288623288
CE_KINGPAWNSHIELD:0.4425632100704558
CE_PIECECOORDINATION:0.4950281984803883
CE_MATERIAL:0.5299365541977205
CE_KINGSAFETY:0.5296270889330036
C_PIECESQUARETABLES:0.5169023455241408
C_MOBILITY:0.5290615359228066
C_KINGSAFETY:0.5130516971910305
C_PAWNSTRUCTURE:0.5370318658707529
C_PIECECOORDINATION:0.5032352405437054
C_ROOKANDPAWNMOVEMENT:0.5032352405437054
C_CENTERCONTROL:0.505937178448544
C_DEVELOPPIECES:0.5405215937864193
C_MATERIAL:0.46217764899445707
