ELO:909
CE_PASSEDPAWNS:0.5588092111451491
CE_PAWNWEAKNESSES:0.5942471029889272
CE_PIECEACTIVITY:0.5366282443273427
CE_KINGPAWNSHIELD:0.4116631349613948
CE_PIECECOORDINATION:0.5289080842195474
CE_MATERIAL:0.5653866467825442
CE_KINGSAFETY:0.46693358926486994
C_PIECESQUARETABLES:0.5025581673751531
C_MOBILITY:0.38417318885875557
C_KINGSAFETY:0.5154813252157953
C_PAWNSTRUCTURE:0.5251924554938708
C_PIECECOORDINATION:0.44429268709441017
C_ROOKANDPAWNMOVEMENT:0.44429268709441017
C_CENTERCONTROL:0.5439822929933774
C_DEVELOPPIECES:0.5820612573544184
C_MATERIAL:0.510432044717444
