ELO:731
CE_PASSEDPAWNS:0.5227585419652108
CE_PAWNWEAKNESSES:0.5030768832012972
CE_PIECEACTIVITY:0.4846632521962875
CE_KINGPAWNSHIELD:0.48317954400172486
CE_PIECECOORDINATION:0.4604952457910261
CE_MATERIAL:0.43065426282883096
CE_KINGSAFETY:0.5282575391496708
C_PIECESQUARETABLES:0.48515564305940706
C_MOBILITY:0.5575848368072385
C_KINGSAFETY:0.44648386811981366
C_PAWNSTRUCTURE:0.4436503859709002
C_PIECECOORDINATION:0.5168821458127731
C_ROOKANDPAWNMOVEMENT:0.5168821458127731
C_CENTERCONTROL:0.473872094006541
C_DEVELOPPIECES:0.7033993147199511
C_MATERIAL:0.5332681247178073
C_MOVECOUNT:0.5
