ELO:1125
CE_PASSEDPAWNS:0.5444774839698813
CE_PAWNWEAKNESSES:0.600336253622683
CE_PIECEACTIVITY:0.5500897719857847
CE_KINGPAWNSHIELD:0.45070396288903436
CE_PIECECOORDINATION:0.46625420215041063
CE_MATERIAL:0.48534516221400964
CE_KINGSAFETY:0.5
C_PIECESQUARETABLES:0.5009736087942176
C_MOBILITY:0.4716049671674524
C_KINGSAFETY:0.44495369363341003
C_PAWNSTRUCTURE:0.550859623856743
C_PIECECOORDINATION:0.5450051674444382
C_ROOKANDPAWNMOVEMENT:0.5450051674444382
C_CENTERCONTROL:0.5471772248359147
C_DEVELOPPIECES:0.43474991090642334
C_MATERIAL:0.5854848348386275
