ELO:1021
CE_PASSEDPAWNS:0.493366406853043
CE_PAWNWEAKNESSES:0.5768995032115801
CE_PIECEACTIVITY:0.47225465398940075
CE_KINGPAWNSHIELD:0.5411593456908269
CE_PIECECOORDINATION:0.5055202785570788
CE_MATERIAL:0.5008774399901775
CE_KINGSAFETY:0.5
C_PIECESQUARETABLES:0.5
C_MOBILITY:0.5160295201892989
C_KINGSAFETY:0.46200285986768486
C_PAWNSTRUCTURE:0.5144032954271751
C_PIECECOORDINATION:0.5045243275686544
C_ROOK:0.5099748085010218
CE_ROOK:0.508818847384648
C_CENTERCONTROL:0.4844589996792851
C_DEVELOPPIECES:0.5036271228063328
C_MATERIAL:0.5227870579764127
C_MOVECOUNT:0.46610683802691527
C_PAWNMOVEMENT:0.511618917934365
