ELO:1043
CE_PASSEDPAWNS:0.47391601771006325
CE_PAWNWEAKNESSES:0.5107951838717879
CE_PIECEACTIVITY:0.49870795245963095
CE_KINGPAWNSHIELD:0.5
CE_PIECECOORDINATION:0.5087590866043682
CE_MATERIAL:0.5115864410838993
CE_KINGSAFETY:0.5
C_PIECESQUARETABLES:0.5
C_MOBILITY:0.5398341316400149
C_KINGSAFETY:0.49861860869754215
C_PAWNSTRUCTURE:0.5025755205481844
C_PIECECOORDINATION:0.5015864202918262
C_ROOK:0.4886227711790178
CE_ROOK:0.518072906126279
C_CENTERCONTROL:0.5072550734620502
C_DEVELOPPIECES:0.4903803641151362
C_MATERIAL:0.5201168843147016
C_MOVECOUNT:0.4790804045958373
C_PAWNMOVEMENT:0.4979153639216027
