ELO:1017
CE_PASSEDPAWNS:0.4376608984303285
CE_PAWNWEAKNESSES:0.5516997553901039
CE_PIECEACTIVITY:0.6125252773805361
CE_KINGPAWNSHIELD:0.4708356384619335
CE_PIECECOORDINATION:0.4951748916109864
CE_MATERIAL:0.469286344508743
CE_KINGSAFETY:0.5142273970602299
C_PIECESQUARETABLES:0.49606806090851674
C_MOBILITY:0.46256139270712104
C_KINGSAFETY:0.49692102660425413
C_PAWNSTRUCTURE:0.5005053089414864
C_PIECECOORDINATION:0.41978211878706506
C_ROOKANDPAWNMOVEMENT:0.41978211878706506
C_CENTERCONTROL:0.4747747356410134
C_DEVELOPPIECES:0.5563695175821972
C_MATERIAL:0.4689359538835596
