ELO:865
CE_PASSEDPAWNS:0.3895088606988254
CE_PAWNWEAKNESSES:0.5628639903378239
CE_PIECEACTIVITY:0.48734047921670853
CE_KINGPAWNSHIELD:0.49921907064908294
CE_PIECECOORDINATION:0.5134375746385927
CE_MATERIAL:0.4539354408199034
CE_KINGSAFETY:0.5281013522645374
C_PIECESQUARETABLES:0.5147336051310705
C_MOBILITY:0.47410364192055754
C_KINGSAFETY:0.4368635682364348
C_PAWNSTRUCTURE:0.42766858357329485
C_PIECECOORDINATION:0.5123324252356154
C_ROOKANDPAWNMOVEMENT:0.5123324252356154
C_CENTERCONTROL:0.5346143675096852
C_DEVELOPPIECES:0.4097116755695589
C_MATERIAL:0.49338372120685575
C_MOVECOUNT:0.5
