ELO:954
CE_PASSEDPAWNS:0.41738396739925177
CE_PAWNWEAKNESSES:0.5936031212009261
CE_PIECEACTIVITY:0.562902153314111
CE_KINGPAWNSHIELD:0.5310846552600652
CE_PIECECOORDINATION:0.439276564413467
CE_MATERIAL:0.561390571122455
CE_KINGSAFETY:0.5232170673174321
C_PIECESQUARETABLES:0.4965649614880899
C_MOBILITY:0.5121594303922808
C_KINGSAFETY:0.4439486227946129
C_PAWNSTRUCTURE:0.4534798760833355
C_PIECECOORDINATION:0.34420989411604463
C_ROOKANDPAWNMOVEMENT:0.34420989411604463
C_CENTERCONTROL:0.45279547083187416
C_DEVELOPPIECES:0.5854257720408304
C_MATERIAL:0.41053300031022877
