ELO:928
CE_PASSEDPAWNS:0.5655585847569402
CE_PAWNWEAKNESSES:0.5509633131789359
CE_PIECEACTIVITY:0.4872509224957856
CE_KINGPAWNSHIELD:0.554979874650645
CE_PIECECOORDINATION:0.5082297883575305
CE_MATERIAL:0.49679589369953153
CE_KINGSAFETY:0.5681640165020561
C_PIECESQUARETABLES:0.4721646705405011
C_MOBILITY:0.5258239588828807
C_KINGSAFETY:0.44946798725468745
C_PAWNSTRUCTURE:0.46132360967730135
C_PIECECOORDINATION:0.46043356582307043
C_ROOKANDPAWNMOVEMENT:0.46043356582307043
C_CENTERCONTROL:0.4138505490135134
C_DEVELOPPIECES:0.4445137033283717
C_MATERIAL:0.5587746272461853
