ELO:945
CE_PASSEDPAWNS:0.492165523365866
CE_PAWNWEAKNESSES:0.4634267602238522
CE_PIECEACTIVITY:0.4882693366272569
CE_KINGPAWNSHIELD:0.41925680395889375
CE_PIECECOORDINATION:0.521905701145869
CE_MATERIAL:0.5842539315542863
CE_KINGSAFETY:0.4963592364559295
C_PIECESQUARETABLES:0.49638262365404384
C_MOBILITY:0.46776852653010337
C_KINGSAFETY:0.5267716441922838
C_PAWNSTRUCTURE:0.5167255850368137
C_PIECECOORDINATION:0.4850485799993937
C_ROOKANDPAWNMOVEMENT:0.4850485799993937
C_CENTERCONTROL:0.5378908596518406
C_DEVELOPPIECES:0.6350704519101044
C_MATERIAL:0.5142349350659116
