ELO:1000
CE_PASSEDPAWNS:0.5060487678184294
CE_PAWNWEAKNESSES:0.4869941598934789
CE_PIECEACTIVITY:0.5156078666397288
CE_KINGPAWNSHIELD:0.46018437327053757
CE_PIECECOORDINATION:0.5075613392948743
CE_MATERIAL:0.5187410898130794
CE_KINGSAFETY:0.5018530879934044
C_PIECESQUARETABLES:0.51598287482825
C_MOBILITY:0.5283812716055811
C_KINGSAFETY:0.5233456412675583
C_PAWNSTRUCTURE:0.5608740416076058
C_PIECECOORDINATION:0.4978386257301569
C_ROOKANDPAWNMOVEMENT:0.4978386257301569
C_CENTERCONTROL:0.5186543036245779
C_DEVELOPPIECES:0.514321506563218
C_MATERIAL:0.48628979929157573
