ELO:1000
CE_PASSEDPAWNS:0.5008959832066238
CE_PAWNWEAKNESSES:0.5078578458571216
CE_PIECEACTIVITY:0.5424628041779609
CE_KINGPAWNSHIELD:0.46625014115539376
CE_PIECECOORDINATION:0.5095068448460244
CE_MATERIAL:0.5128647562071839
CE_KINGSAFETY:0.5031479205312415
C_PIECESQUARETABLES:0.526906463338059
C_MOBILITY:0.5283812716055811
C_KINGSAFETY:0.52680458283343
C_PAWNSTRUCTURE:0.5517961153189275
C_PIECECOORDINATION:0.5138934860669432
C_ROOKANDPAWNMOVEMENT:0.5138934860669432
C_CENTERCONTROL:0.5251770388749785
C_DEVELOPPIECES:0.5332603640956424
C_MATERIAL:0.4799856009547237
