ELO:1000
CE_PASSEDPAWNS:0.5397504849455935
CE_PAWNWEAKNESSES:0.48292108515352566
CE_PIECEACTIVITY:0.5196790243426213
CE_KINGPAWNSHIELD:0.44194667178857705
CE_PIECECOORDINATION:0.5096589431986566
CE_MATERIAL:0.5419365539833949
CE_KINGSAFETY:0.5223242884468842
C_PIECESQUARETABLES:0.5406889913112912
C_MOBILITY:0.5087917804196516
C_KINGSAFETY:0.5106011863539404
C_PAWNSTRUCTURE:0.5130112290186308
C_PIECECOORDINATION:0.48995923251579204
C_ROOKANDPAWNMOVEMENT:0.48995923251579204
C_CENTERCONTROL:0.49125774362430097
C_DEVELOPPIECES:0.5465291177752435
C_MATERIAL:0.45840919641974665
