ELO:971
CE_PASSEDPAWNS:0.4884851767421514
CE_PAWNWEAKNESSES:0.49135130506593944
CE_PIECEACTIVITY:0.49434519715111036
CE_KINGPAWNSHIELD:0.4250632367266715
CE_PIECECOORDINATION:0.496487472082257
CE_MATERIAL:0.5631204351755965
CE_KINGSAFETY:0.49927392603307863
C_PIECESQUARETABLES:0.5
C_MOBILITY:0.4425122038371658
C_KINGSAFETY:0.5056967726765661
C_PAWNSTRUCTURE:0.5077436378218199
C_PIECECOORDINATION:0.4783575273484845
C_ROOKANDPAWNMOVEMENT:0.4783575273484845
C_CENTERCONTROL:0.5331382013077063
C_DEVELOPPIECES:0.6205210054466922
C_MATERIAL:0.5162000113338453
