ELO:976
CE_PASSEDPAWNS:0.5256933482534517
CE_PAWNWEAKNESSES:0.48804110296730435
CE_PIECEACTIVITY:0.520653953478782
CE_KINGPAWNSHIELD:0.5
CE_PIECECOORDINATION:0.49848132899527237
CE_MATERIAL:0.5
CE_KINGSAFETY:0.5
C_PIECESQUARETABLES:0.5
C_MOBILITY:0.5034326581613963
C_KINGSAFETY:0.496419341738533
C_PAWNSTRUCTURE:0.5087743058704443
C_PIECECOORDINATION:0.5
C_ROOKANDPAWNMOVEMENT:0.5
C_CENTERCONTROL:0.5
C_DEVELOPPIECES:0.4930563198101012
C_MATERIAL:0.5
C_MOVECOUNT:0.5099568113659727
