ELO:1000
CE_PASSEDPAWNS:0.49840119261869004
CE_PAWNWEAKNESSES:0.48950596225182713
CE_PIECEACTIVITY:0.5050631801030856
CE_KINGPAWNSHIELD:0.4722595017902973
CE_PIECECOORDINATION:0.495631775174422
CE_MATERIAL:0.5210510678029697
CE_KINGSAFETY:0.4928253755166081
C_PIECESQUARETABLES:0.512097519278615
C_MOBILITY:0.5264786328087817
C_KINGSAFETY:0.5191736653236108
C_PAWNSTRUCTURE:0.5271543987499517
C_PIECECOORDINATION:0.5002222851034596
C_ROOKANDPAWNMOVEMENT:0.5002222851034596
C_CENTERCONTROL:0.4947257610207168
C_DEVELOPPIECES:0.514321506563218
C_MATERIAL:0.5069576377066056
