ELO:848
CE_PASSEDPAWNS:0.5236399469750544
CE_PAWNWEAKNESSES:0.47993216967933966
CE_PIECEACTIVITY:0.46970733710357465
CE_KINGPAWNSHIELD:0.48412699293835587
CE_PIECECOORDINATION:0.4705989324585493
CE_MATERIAL:0.4534396135351882
CE_KINGSAFETY:0.4950408867941385
C_PIECESQUARETABLES:0.5114883485497583
C_MOBILITY:0.5181775255322081
C_KINGSAFETY:0.449149760872545
C_PAWNSTRUCTURE:0.4695034012838317
C_PIECECOORDINATION:0.48130914584732426
C_ROOKANDPAWNMOVEMENT:0.48130914584732426
C_CENTERCONTROL:0.48345968892684693
C_DEVELOPPIECES:0.7005120617759761
C_MATERIAL:0.5152218628571492
C_MOVECOUNT:0.5
