ELO:1000
CE_PASSEDPAWNS:0.5237359970245916
CE_PAWNWEAKNESSES:0.5238030600071143
CE_PIECEACTIVITY:0.5588136352921714
CE_KINGPAWNSHIELD:0.4539156683966837
CE_PIECECOORDINATION:0.507147170467856
CE_MATERIAL:0.5269781186708127
CE_KINGSAFETY:0.509975230766804
C_PIECESQUARETABLES:0.5318495961634953
C_MOBILITY:0.5115241552258863
C_KINGSAFETY:0.5288664089201005
C_PAWNSTRUCTURE:0.5505757666909536
C_PIECECOORDINATION:0.5440662890148107
C_ROOKANDPAWNMOVEMENT:0.5440662890148107
C_CENTERCONTROL:0.5142232144022033
C_DEVELOPPIECES:0.543494787452932
C_MATERIAL:0.5032521200425266
