ELO:1000
CE_PASSEDPAWNS:0.49361942729556607
CE_PAWNWEAKNESSES:0.5011119566599146
CE_PIECEACTIVITY:0.5050631801030856
CE_KINGPAWNSHIELD:0.49077862461198346
CE_PIECECOORDINATION:0.47840141570824934
CE_MATERIAL:0.5113864358180455
CE_KINGSAFETY:0.4964396310560349
C_PIECESQUARETABLES:0.5021265586381066
C_MOBILITY:0.5154247684725897
C_KINGSAFETY:0.5158884668195826
C_PAWNSTRUCTURE:0.49718919910280174
C_PIECECOORDINATION:0.4808298607761783
C_ROOKANDPAWNMOVEMENT:0.4808298607761783
C_CENTERCONTROL:0.49269596742303534
C_DEVELOPPIECES:0.518200711499202
C_MATERIAL:0.4981865967677171
