ELO:1124
CE_PASSEDPAWNS:0.45064882304647513
CE_PAWNWEAKNESSES:0.4838294780244238
CE_PIECEACTIVITY:0.46966940177136296
CE_KINGPAWNSHIELD:0.6208131797722044
CE_PIECECOORDINATION:0.48723081105587884
CE_MATERIAL:0.45169883639644864
CE_KINGSAFETY:0.5
C_PIECESQUARETABLES:0.5
C_MOBILITY:0.4227853737670822
C_KINGSAFETY:0.30807903020254146
C_PAWNSTRUCTURE:0.47125724624519033
C_PIECECOORDINATION:0.36062421724656424
C_ROOKANDPAWNMOVEMENT:0.36062421724656424
C_CENTERCONTROL:0.5263974846402151
C_DEVELOPPIECES:0.464302331748555
C_MATERIAL:0.3892974180991797
