ELO:606
CE_PASSEDPAWNS:0.5265331959373546
CE_PAWNWEAKNESSES:0.5073321209611016
CE_PIECEACTIVITY:0.48848764277467155
CE_KINGPAWNSHIELD:0.499905807450747
CE_PIECECOORDINATION:0.5094620610328943
CE_MATERIAL:0.44293497866210013
CE_KINGSAFETY:0.5
C_PIECESQUARETABLES:0.5
C_MOBILITY:0.6335052882686757
C_KINGSAFETY:0.46568879003901525
C_PAWNSTRUCTURE:0.44261674939644013
C_PIECECOORDINATION:0.4828146970320391
C_ROOKANDPAWNMOVEMENT:0.4828146970320391
C_CENTERCONTROL:0.4929706501918541
C_DEVELOPPIECES:0.7007961018321599
C_MATERIAL:0.5351960444566052
C_MOVECOUNT:0.5058383642633943
