ELO:1030
CE_PASSEDPAWNS:0.5056766088202974
CE_PAWNWEAKNESSES:0.5219780024225016
CE_PIECEACTIVITY:0.5
CE_KINGPAWNSHIELD:0.4911051204419685
CE_PIECECOORDINATION:0.5
CE_MATERIAL:0.49762829187284807
CE_KINGSAFETY:0.4963845763383474
C_PIECESQUARETABLES:0.5
C_MOBILITY:0.5
C_KINGSAFETY:0.48802508503640596
C_PAWNSTRUCTURE:0.49782980779721825
C_PIECECOORDINATION:0.5113515692874689
C_ROOK:0.5315037851785118
CE_ROOK:0.49449965698104525
C_CENTERCONTROL:0.5253069671812742
C_DEVELOPPIECES:0.4838133919428205
C_MATERIAL:0.4795082690134407
C_MOVECOUNT:0.5124852252980687
C_PAWNMOVEMENT:0.5249566127150012
