ELO:915
CE_PASSEDPAWNS:0.5003470308357884
CE_PAWNWEAKNESSES:0.5027565329321529
CE_PIECEACTIVITY:0.3911752956322143
CE_KINGPAWNSHIELD:0.48267950438361223
CE_PIECECOORDINATION:0.5392520203878225
CE_MATERIAL:0.42577923732469436
CE_KINGSAFETY:0.4745111300201443
C_PIECESQUARETABLES:0.480811826024007
C_MOBILITY:0.528447955453405
C_KINGSAFETY:0.39990832773320356
C_PAWNSTRUCTURE:0.4987991901228814
C_PIECECOORDINATION:0.505843229073688
C_ROOKANDPAWNMOVEMENT:0.505843229073688
C_CENTERCONTROL:0.5155771392468401
C_DEVELOPPIECES:0.5198090243356123
C_MATERIAL:0.5003536929059242
