ELO:965
CE_PASSEDPAWNS:0.47798848969703545
CE_PAWNWEAKNESSES:0.5147774924073355
CE_PIECEACTIVITY:0.5405407265806026
CE_KINGPAWNSHIELD:0.540944763903061
CE_PIECECOORDINATION:0.5087590866043682
CE_MATERIAL:0.5487451028657436
CE_KINGSAFETY:0.4932353284202497
C_PIECESQUARETABLES:0.48520041737289515
C_MOBILITY:0.4960731656097671
C_KINGSAFETY:0.49869013514959903
C_PAWNSTRUCTURE:0.4598862203537847
C_PIECECOORDINATION:0.5041297082583304
C_ROOK:0.49606075881548556
CE_ROOK:0.4784879977145246
C_CENTERCONTROL:0.5037069515740173
C_DEVELOPPIECES:0.5078317093202307
C_MATERIAL:0.5201168843147016
C_MOVECOUNT:0.5042211451222195
C_PAWNMOVEMENT:0.5045597093452405
