ELO:1007
CE_PASSEDPAWNS:0.48715157963415806
CE_PAWNWEAKNESSES:0.48833438717928296
CE_PIECEACTIVITY:0.5038421339517635
CE_KINGPAWNSHIELD:0.5023110307964399
CE_PIECECOORDINATION:0.4930723245334506
CE_MATERIAL:0.4780527585395552
CE_KINGSAFETY:0.5
C_PIECESQUARETABLES:0.5
C_MOBILITY:0.47976044958124736
C_KINGSAFETY:0.5010396651413015
C_PAWNSTRUCTURE:0.5192282882534173
C_PIECECOORDINATION:0.5153302482226951
C_ROOK:0.482314502035044
CE_ROOK:0.5429856062923581
C_CENTERCONTROL:0.4995520548321699
C_DEVELOPPIECES:0.4953098223785365
C_MATERIAL:0.5090964740507613
C_MOVECOUNT:0.48529952748015875
C_PAWNMOVEMENT:0.5
