ELO:862
CE_PASSEDPAWNS:0.45403845940874443
CE_PAWNWEAKNESSES:0.5433673223100732
CE_PIECEACTIVITY:0.4812174741277902
CE_KINGPAWNSHIELD:0.5018020242138973
CE_PIECECOORDINATION:0.5457451528316828
CE_MATERIAL:0.46297373220506766
CE_KINGSAFETY:0.5218067001359743
C_PIECESQUARETABLES:0.43711817719001905
C_MOBILITY:0.49240566798686963
C_KINGSAFETY:0.4332512717849739
C_PAWNSTRUCTURE:0.4179872046454159
C_PIECECOORDINATION:0.4901654691910865
C_ROOKANDPAWNMOVEMENT:0.4901654691910865
C_CENTERCONTROL:0.5265691687490244
C_DEVELOPPIECES:0.4328849112116289
C_MATERIAL:0.4905177925842784
C_MOVECOUNT:0.5
