ELO:1089
CE_PASSEDPAWNS:0.5017873468533773
CE_PAWNWEAKNESSES:0.47353082878713215
CE_PIECEACTIVITY:0.500113336584728
CE_KINGPAWNSHIELD:0.5
CE_PIECECOORDINATION:0.5051767071925631
CE_MATERIAL:0.5043812163470417
CE_KINGSAFETY:0.5
C_PIECESQUARETABLES:0.5
C_MOBILITY:0.5009908887771961
C_KINGSAFETY:0.5144133679387982
C_PAWNSTRUCTURE:0.4854765850285544
C_PIECECOORDINATION:0.516105536914867
C_ROOK:0.5
CE_ROOK:0.4821303139038926
C_CENTERCONTROL:0.4995431046483367
C_DEVELOPPIECES:0.5277752778422563
C_MATERIAL:0.5227870579764127
C_MOVECOUNT:0.48987931154882625
C_PAWNMOVEMENT:0.5115033278778504
