ELO:1011
CE_PASSEDPAWNS:0.5133544280035542
CE_PAWNWEAKNESSES:0.4949374420748937
CE_PIECEACTIVITY:0.5
CE_KINGPAWNSHIELD:0.5205458834192515
CE_PIECECOORDINATION:0.5173107621009955
CE_MATERIAL:0.5006403452704119
CE_KINGSAFETY:0.5
C_PIECESQUARETABLES:0.5
C_MOBILITY:0.4888070558741204
C_KINGSAFETY:0.45404139381650016
C_PAWNSTRUCTURE:0.5095644676388512
C_PIECECOORDINATION:0.5153302482226951
C_ROOK:0.5021610458470172
CE_ROOK:0.49315935870948435
C_CENTERCONTROL:0.47088435232152626
C_DEVELOPPIECES:0.4953098223785365
C_MATERIAL:0.5090964740507613
C_MOVECOUNT:0.4790804045958373
C_PAWNMOVEMENT:0.5
