ELO:1025
CE_PASSEDPAWNS:0.4743134560211359
CE_PAWNWEAKNESSES:0.47342737610342533
CE_PIECEACTIVITY:0.495418690935257
CE_KINGPAWNSHIELD:0.5068540187535086
CE_PIECECOORDINATION:0.49100496749295786
CE_MATERIAL:0.48739360941488546
CE_KINGSAFETY:0.5
C_PIECESQUARETABLES:0.5102418539362227
C_MOBILITY:0.5028170813085642
C_KINGSAFETY:0.4734040342428972
C_PAWNSTRUCTURE:0.5065776296545235
C_PIECECOORDINATION:0.5179891344063673
C_ROOK:0.4948082457351587
CE_ROOK:0.5057337175583507
C_CENTERCONTROL:0.5096254495975724
C_DEVELOPPIECES:0.4874532957104763
C_MATERIAL:0.4837412608299341
C_MOVECOUNT:0.4733766181712077
C_PAWNMOVEMENT:0.44915453027720387
