ELO:1046
CE_PASSEDPAWNS:0.47391601771006325
CE_PAWNWEAKNESSES:0.48586349155810005
CE_PIECEACTIVITY:0.5047139984031866
CE_KINGPAWNSHIELD:0.4934647489937365
CE_PIECECOORDINATION:0.5087590866043682
CE_MATERIAL:0.5115864410838993
CE_KINGSAFETY:0.5
C_PIECESQUARETABLES:0.5
C_MOBILITY:0.49252346533234587
C_KINGSAFETY:0.4866980623330999
C_PAWNSTRUCTURE:0.5025755205481844
C_PIECECOORDINATION:0.5015864202918262
C_ROOK:0.4890913295813163
CE_ROOK:0.49050120432589694
C_CENTERCONTROL:0.5072550734620502
C_DEVELOPPIECES:0.4903803641151362
C_MATERIAL:0.5201168843147016
C_MOVECOUNT:0.5
C_PAWNMOVEMENT:0.4979153639216027
