ELO:915
CE_PASSEDPAWNS:0.4527640187090293
CE_PAWNWEAKNESSES:0.5877860974518588
CE_PIECEACTIVITY:0.5379471572071761
CE_KINGPAWNSHIELD:0.5522401518926695
CE_PIECECOORDINATION:0.45074956550011097
CE_MATERIAL:0.5965756110788725
CE_KINGSAFETY:0.46301967821913653
C_PIECESQUARETABLES:0.4852908906173969
C_MOBILITY:0.5135226199027328
C_KINGSAFETY:0.41310081620943395
C_PAWNSTRUCTURE:0.4507126053235342
C_PIECECOORDINATION:0.36450154013897934
C_ROOKANDPAWNMOVEMENT:0.36450154013897934
C_CENTERCONTROL:0.4614213085993923
C_DEVELOPPIECES:0.548167019393994
C_MATERIAL:0.401883103536217
