ELO:936
CE_PASSEDPAWNS:0.5472250222793337
CE_PAWNWEAKNESSES:0.5041819160068243
CE_PIECEACTIVITY:0.5072246968192158
CE_KINGPAWNSHIELD:0.41800038551038804
CE_PIECECOORDINATION:0.5637854061018958
CE_MATERIAL:0.6148459784319554
CE_KINGSAFETY:0.48781708385501055
C_PIECESQUARETABLES:0.4737532226465713
C_MOBILITY:0.43607380376665944
C_KINGSAFETY:0.5504850036079779
C_PAWNSTRUCTURE:0.48232915968185436
C_PIECECOORDINATION:0.4623651936468883
C_ROOKANDPAWNMOVEMENT:0.4623651936468883
C_CENTERCONTROL:0.5509690492670634
C_DEVELOPPIECES:0.592242926637526
C_MATERIAL:0.5519076511048369
