ELO:1032
CE_PASSEDPAWNS:0.5113334919843036
CE_PAWNWEAKNESSES:0.5768995032115801
CE_PIECEACTIVITY:0.47225465398940075
CE_KINGPAWNSHIELD:0.5411593456908269
CE_PIECECOORDINATION:0.5002465030205382
CE_MATERIAL:0.5008774399901775
CE_KINGSAFETY:0.5
C_PIECESQUARETABLES:0.5
C_MOBILITY:0.5160295201892989
C_KINGSAFETY:0.46200285986768486
C_PAWNSTRUCTURE:0.5144032954271751
C_PIECECOORDINATION:0.5133516354288787
C_ROOK:0.5045266501051656
CE_ROOK:0.49321024694033866
C_CENTERCONTROL:0.4852142059805234
C_DEVELOPPIECES:0.4896603053056364
C_MATERIAL:0.5121936815673546
C_MOVECOUNT:0.46610683802691527
C_PAWNMOVEMENT:0.4953020681581354
