ELO:880
CE_PASSEDPAWNS:0.4841577451528087
CE_PAWNWEAKNESSES:0.5066774189423487
CE_PIECEACTIVITY:0.43377212840176527
CE_KINGPAWNSHIELD:0.4917954947450562
CE_PIECECOORDINATION:0.4835134614449108
CE_MATERIAL:0.5165326853569119
CE_KINGSAFETY:0.48878598423215486
C_PIECESQUARETABLES:0.48737134528671594
C_MOBILITY:0.5231503918356216
C_KINGSAFETY:0.47616170711318256
C_PAWNSTRUCTURE:0.5092596232746583
C_PIECECOORDINATION:0.48009530308386855
C_ROOKANDPAWNMOVEMENT:0.48009530308386855
C_CENTERCONTROL:0.4893972694917112
C_DEVELOPPIECES:0.44204989369208153
C_MATERIAL:0.48674853366708604
C_MOVECOUNT:0.5112095782147199
