ELO:862
CE_PASSEDPAWNS:0.4726440254910228
CE_PAWNWEAKNESSES:0.49113126338466767
CE_PIECEACTIVITY:0.484255149833096
CE_KINGPAWNSHIELD:0.5324081996308916
CE_PIECECOORDINATION:0.49106951997182335
CE_MATERIAL:0.5291192735068431
CE_KINGSAFETY:0.5019001677369179
C_PIECESQUARETABLES:0.5034992724066049
C_MOBILITY:0.514612676174692
C_KINGSAFETY:0.4429591395502552
C_PAWNSTRUCTURE:0.5185476736701607
C_PIECECOORDINATION:0.47980442391471706
C_ROOKANDPAWNMOVEMENT:0.47980442391471706
C_CENTERCONTROL:0.4998211127362544
C_DEVELOPPIECES:0.44176742359164584
C_MATERIAL:0.4744848378698367
C_MOVECOUNT:0.5713892741115987
