ELO:1000
CE_PASSEDPAWNS:0.5029040798719281
CE_PAWNWEAKNESSES:0.5
CE_PIECEACTIVITY:0.504635881973415
CE_KINGPAWNSHIELD:0.4979853770461005
CE_PIECECOORDINATION:0.5
CE_MATERIAL:0.5056410954823901
CE_KINGSAFETY:0.5070013108335454
C_PIECESQUARETABLES:0.5
C_MOBILITY:0.5073361289369377
C_KINGSAFETY:0.4950275541275908
C_PAWNSTRUCTURE:0.5
C_PIECECOORDINATION:0.49426548342785553
C_ROOK:0.5
CE_ROOK:0.5
C_CENTERCONTROL:0.4973440452710085
C_DEVELOPPIECES:0.4964827171478266
C_MATERIAL:0.5117486345317287
C_MOVECOUNT:0.5
C_PAWNMOVEMENT:0.5049707068964123
