ELO:1250
CE_PASSEDPAWNS:0.43614387835359075
CE_PAWNWEAKNESSES:0.5698219771467662
CE_PIECEACTIVITY:0.42506633836760355
CE_KINGPAWNSHIELD:0.4434919210077699
CE_PIECECOORDINATION:0.5261101980407332
CE_MATERIAL:0.4653665795440101
CE_KINGSAFETY:0.5
C_PIECESQUARETABLES:0.5
C_MOBILITY:0.44009280725563155
C_KINGSAFETY:0.3556410267781085
C_PAWNSTRUCTURE:0.5565549327089838
C_PIECECOORDINATION:0.5960146041974088
C_ROOKANDPAWNMOVEMENT:0.5960146041974088
C_CENTERCONTROL:0.47861697439238793
C_DEVELOPPIECES:0.429642881437066
C_MATERIAL:0.6169075193765221
