ELO:945
CE_PASSEDPAWNS:0.5217147528822743
CE_PAWNWEAKNESSES:0.4767878015611387
CE_PIECEACTIVITY:0.4849885908547316
CE_KINGPAWNSHIELD:0.4259904174487578
CE_PIECECOORDINATION:0.5251506979317319
CE_MATERIAL:0.5654617566518909
CE_KINGSAFETY:0.48488551920204975
C_PIECESQUARETABLES:0.5032390690727422
C_MOBILITY:0.47293773458638194
C_KINGSAFETY:0.534379698254239
C_PAWNSTRUCTURE:0.5162389742103465
C_PIECECOORDINATION:0.46701441095243224
C_ROOKANDPAWNMOVEMENT:0.46701441095243224
C_CENTERCONTROL:0.5174753930008358
C_DEVELOPPIECES:0.6242789405145291
C_MATERIAL:0.5310158518742976
