ELO:1001
CE_PASSEDPAWNS:0.5256933482534517
CE_PAWNWEAKNESSES:0.48804110296730435
CE_PIECEACTIVITY:0.520653953478782
CE_KINGPAWNSHIELD:0.5
CE_PIECECOORDINATION:0.49719013835964593
CE_MATERIAL:0.500890800427888
CE_KINGSAFETY:0.4946728162303527
C_PIECESQUARETABLES:0.5092735296906522
C_MOBILITY:0.5034326581613963
C_KINGSAFETY:0.49829198506406064
C_PAWNSTRUCTURE:0.49220585522347804
C_PIECECOORDINATION:0.5042709330228043
C_ROOKANDPAWNMOVEMENT:0.5042709330228043
C_CENTERCONTROL:0.5
C_DEVELOPPIECES:0.5082342016431685
C_MATERIAL:0.5
C_MOVECOUNT:0.49798265169510464
