ELO:1084
CE_PASSEDPAWNS:0.4901133275175104
CE_PAWNWEAKNESSES:0.45753908675987287
CE_PIECEACTIVITY:0.5461217497574483
CE_KINGPAWNSHIELD:0.40008057349030945
CE_PIECECOORDINATION:0.47241335711600324
CE_MATERIAL:0.535468753986263
CE_KINGSAFETY:0.5
C_PIECESQUARETABLES:0.5
C_MOBILITY:0.4410223019042261
C_KINGSAFETY:0.38873024124434524
C_PAWNSTRUCTURE:0.6141365889097428
C_PIECECOORDINATION:0.5447852188236804
C_ROOKANDPAWNMOVEMENT:0.5447852188236804
C_CENTERCONTROL:0.4886459388428822
C_DEVELOPPIECES:0.5659557585650148
C_MATERIAL:0.624181433609084
