ELO:1139
CE_PASSEDPAWNS:0.5192491504506233
CE_PAWNWEAKNESSES:0.5543720895612988
CE_PIECEACTIVITY:0.4650733547454578
CE_KINGPAWNSHIELD:0.4535158072951095
CE_PIECECOORDINATION:0.4499423245788813
CE_MATERIAL:0.38313283175153645
CE_KINGSAFETY:0.4582011811523723
C_PIECESQUARETABLES:0.4910403328920915
C_MOBILITY:0.4123160162618962
C_KINGSAFETY:0.45560533201800346
C_PAWNSTRUCTURE:0.6045049487971103
C_PIECECOORDINATION:0.51268402593229
C_ROOKANDPAWNMOVEMENT:0.51268402593229
C_CENTERCONTROL:0.542335193481014
C_DEVELOPPIECES:0.469529960430181
C_MATERIAL:0.590004114555504
