ELO:1250
CE_PASSEDPAWNS:0.43614387835359075
CE_PAWNWEAKNESSES:0.5698219771467662
CE_PIECEACTIVITY:0.4159871763666937
CE_KINGPAWNSHIELD:0.4628065437446107
CE_PIECECOORDINATION:0.5245974958184386
CE_MATERIAL:0.3542837688018669
CE_KINGSAFETY:0.5
C_PIECESQUARETABLES:0.5
C_MOBILITY:0.44009280725563155
C_KINGSAFETY:0.43857488456320043
C_PAWNSTRUCTURE:0.5565549327089838
C_PIECECOORDINATION:0.5408113181649312
C_ROOKANDPAWNMOVEMENT:0.5408113181649312
C_CENTERCONTROL:0.47861697439238793
C_DEVELOPPIECES:0.429642881437066
C_MATERIAL:0.6249562774005232
