ELO:1022
CE_PASSEDPAWNS:0.5112815733326849
CE_PAWNWEAKNESSES:0.4548509697315014
CE_PIECEACTIVITY:0.495418690935257
CE_KINGPAWNSHIELD:0.5068540187535086
CE_PIECECOORDINATION:0.49100496749295786
CE_MATERIAL:0.5
CE_KINGSAFETY:0.5
C_PIECESQUARETABLES:0.5
C_MOBILITY:0.521368212583509
C_KINGSAFETY:0.4734040342428972
C_PAWNSTRUCTURE:0.5065776296545235
C_PIECECOORDINATION:0.5124269745948176
C_ROOK:0.4948082457351587
CE_ROOK:0.5294343876116507
C_CENTERCONTROL:0.5096254495975724
C_DEVELOPPIECES:0.49539531084576294
C_MATERIAL:0.5177977038124614
C_MOVECOUNT:0.4984823842569433
C_PAWNMOVEMENT:0.4844584732951027
