ELO:763
CE_PASSEDPAWNS:0.4658031029035593
CE_PAWNWEAKNESSES:0.5201215394235529
CE_PIECEACTIVITY:0.4040461807066343
CE_KINGPAWNSHIELD:0.514614316475297
CE_PIECECOORDINATION:0.5071896871464958
CE_MATERIAL:0.4999548381862848
CE_KINGSAFETY:0.5434251648817249
C_PIECESQUARETABLES:0.47311105507478696
C_MOBILITY:0.6313069435943925
C_KINGSAFETY:0.43525388264279496
C_PAWNSTRUCTURE:0.5103208716835576
C_PIECECOORDINATION:0.5124460868454989
C_ROOKANDPAWNMOVEMENT:0.5124460868454989
C_CENTERCONTROL:0.5560181397421806
C_DEVELOPPIECES:0.49318374816952715
C_MATERIAL:0.4384664406451576
