ELO:1000
CE_PASSEDPAWNS:0.5008959832066238
CE_PAWNWEAKNESSES:0.5160077943248038
CE_PIECEACTIVITY:0.5478288947078733
CE_KINGPAWNSHIELD:0.4656585269839443
CE_PIECECOORDINATION:0.508019612065326
CE_MATERIAL:0.5274795990614415
CE_KINGSAFETY:0.509975230766804
C_PIECESQUARETABLES:0.5313283028162687
C_MOBILITY:0.5161472558483607
C_KINGSAFETY:0.5333269769242186
C_PAWNSTRUCTURE:0.5505757666909536
C_PIECECOORDINATION:0.5188151813951379
C_ROOKANDPAWNMOVEMENT:0.5188151813951379
C_CENTERCONTROL:0.5189707654871268
C_DEVELOPPIECES:0.5372381365820547
C_MATERIAL:0.4982511517697476
