ELO:1020
CE_PASSEDPAWNS:0.4743134560211359
CE_PAWNWEAKNESSES:0.4548509697315014
CE_PIECEACTIVITY:0.4989660628873137
CE_KINGPAWNSHIELD:0.5121598557673049
CE_PIECECOORDINATION:0.4820318374666213
CE_MATERIAL:0.5006403452704119
CE_KINGSAFETY:0.5
C_PIECESQUARETABLES:0.5
C_MOBILITY:0.4961589988435747
C_KINGSAFETY:0.4734040342428972
C_PAWNSTRUCTURE:0.5065776296545235
C_PIECECOORDINATION:0.5124269745948176
C_ROOK:0.4948082457351587
CE_ROOK:0.5294343876116507
C_CENTERCONTROL:0.5096254495975724
C_DEVELOPPIECES:0.4874532957104763
C_MATERIAL:0.4893926640072716
C_MOVECOUNT:0.4984823842569433
C_PAWNMOVEMENT:0.4761727696428061
