ELO:966
CE_PASSEDPAWNS:0.5336986681204701
CE_PAWNWEAKNESSES:0.4875919086045891
CE_PIECEACTIVITY:0.4939956427862082
CE_KINGPAWNSHIELD:0.4848088331593746
CE_PIECECOORDINATION:0.4829181583821885
CE_MATERIAL:0.5065650402690457
CE_KINGSAFETY:0.5
C_PIECESQUARETABLES:0.4921770558829634
C_MOBILITY:0.500880202797817
C_KINGSAFETY:0.519195264856911
C_PAWNSTRUCTURE:0.4970909764925044
C_PIECECOORDINATION:0.5128175454559465
C_ROOK:0.49157390355156566
CE_ROOK:0.5039205647016033
C_CENTERCONTROL:0.48162530217448873
C_DEVELOPPIECES:0.49794632341762574
C_MATERIAL:0.5101465305269791
C_MOVECOUNT:0.5197474227249447
C_PAWNMOVEMENT:0.4874939884756611
