ELO:889
CE_PASSEDPAWNS:0.5191448883901023
CE_PAWNWEAKNESSES:0.5022370702465029
CE_PIECEACTIVITY:0.4324677793133027
CE_KINGPAWNSHIELD:0.5169815239358267
CE_PIECECOORDINATION:0.5163662983361782
CE_MATERIAL:0.4656983376451063
CE_KINGSAFETY:0.5378820739565401
C_PIECESQUARETABLES:0.49744333997821444
C_MOBILITY:0.47550320358186865
C_KINGSAFETY:0.5309471497990227
C_PAWNSTRUCTURE:0.5001634775262129
C_PIECECOORDINATION:0.4561568007345071
C_ROOKANDPAWNMOVEMENT:0.4561568007345071
C_CENTERCONTROL:0.50065362517183
C_DEVELOPPIECES:0.5070261975332446
C_MATERIAL:0.5175014176501384
C_MOVECOUNT:0.5
