ELO:969
CE_PASSEDPAWNS:0.44743563034382267
CE_PAWNWEAKNESSES:0.5181792819589117
CE_PIECEACTIVITY:0.48272472314079506
CE_KINGPAWNSHIELD:0.5835612617080533
CE_PIECECOORDINATION:0.5576324045400743
CE_MATERIAL:0.47368235738398756
CE_KINGSAFETY:0.5023552149056276
C_PIECESQUARETABLES:0.48642131145877615
C_MOBILITY:0.5860981517540597
C_KINGSAFETY:0.37747337243757373
C_PAWNSTRUCTURE:0.5117094376243578
C_PIECECOORDINATION:0.611004366349104
C_ROOKANDPAWNMOVEMENT:0.611004366349104
C_CENTERCONTROL:0.48674001966942654
C_DEVELOPPIECES:0.4419589717434659
C_MATERIAL:0.43552469814281364
