ELO:895
CE_PASSEDPAWNS:0.4876677957204746
CE_PAWNWEAKNESSES:0.4847057169309693
CE_PIECEACTIVITY:0.4926101146294123
CE_KINGPAWNSHIELD:0.47893478108547655
CE_PIECECOORDINATION:0.512903402840333
CE_MATERIAL:0.4595046612886356
CE_KINGSAFETY:0.5161457906239519
C_PIECESQUARETABLES:0.4911079698879153
C_MOBILITY:0.4838439260898589
C_KINGSAFETY:0.47910441837976314
C_PAWNSTRUCTURE:0.46217863940056153
C_PIECECOORDINATION:0.5142979372103677
C_ROOKANDPAWNMOVEMENT:0.5142979372103677
C_CENTERCONTROL:0.46603230712372656
C_DEVELOPPIECES:0.4598455961031752
C_MATERIAL:0.47262221445293534
C_MOVECOUNT:0.5
