ELO:973
CE_PASSEDPAWNS:0.5228040029892935
CE_PAWNWEAKNESSES:0.47299734437263985
CE_PIECEACTIVITY:0.47601499584984713
CE_KINGPAWNSHIELD:0.46578683802235743
CE_PIECECOORDINATION:0.4884433825365396
CE_MATERIAL:0.5260395112689674
CE_KINGSAFETY:0.5
C_PIECESQUARETABLES:0.5
C_MOBILITY:0.48532620648788133
C_KINGSAFETY:0.5292707482853133
C_PAWNSTRUCTURE:0.48606498919558555
C_PIECECOORDINATION:0.4981693428989922
C_ROOK:0.5040269060899341
CE_ROOK:0.49523984459034853
C_CENTERCONTROL:0.47634315026408747
C_DEVELOPPIECES:0.48941347467981516
C_MATERIAL:0.5156892141837368
C_MOVECOUNT:0.493111278236412
C_PAWNMOVEMENT:0.4772004886442465
