ELO:728
CE_PASSEDPAWNS:0.5348705717366016
CE_PAWNWEAKNESSES:0.5069938383381993
CE_PIECEACTIVITY:0.6341934137240857
CE_KINGPAWNSHIELD:0.44617057825413625
CE_PIECECOORDINATION:0.5211985779482704
CE_MATERIAL:0.5741311212010489
CE_KINGSAFETY:0.5581404457854211
C_PIECESQUARETABLES:0.49148102773138697
C_MOBILITY:0.47426246966833574
C_KINGSAFETY:0.515432419932815
C_PAWNSTRUCTURE:0.4469742431596907
C_PIECECOORDINATION:0.5049090681269077
C_ROOKANDPAWNMOVEMENT:0.5049090681269077
C_CENTERCONTROL:0.5263798907232945
C_DEVELOPPIECES:0.5238448474743204
C_MATERIAL:0.4975245574182692
C_MOVECOUNT:0.46033957405718173
