ELO:988
CE_PASSEDPAWNS:0.47892378572409805
CE_PAWNWEAKNESSES:0.49843321477781094
CE_PIECEACTIVITY:0.4049094929052272
CE_KINGPAWNSHIELD:0.5227205574581278
CE_PIECECOORDINATION:0.4506965847892841
CE_MATERIAL:0.48050884932849386
CE_KINGSAFETY:0.526378872743776
C_PIECESQUARETABLES:0.5391133580197411
C_MOBILITY:0.4367549325333593
C_KINGSAFETY:0.5604254724404377
C_PAWNSTRUCTURE:0.4920287117753758
C_PIECECOORDINATION:0.525809268306862
C_ROOKANDPAWNMOVEMENT:0.525809268306862
C_CENTERCONTROL:0.5365599524640914
C_DEVELOPPIECES:0.49137759278197357
C_MATERIAL:0.45518847585732813
