ELO:905
CE_PASSEDPAWNS:0.45533139937841954
CE_PAWNWEAKNESSES:0.4369951119709159
CE_PIECEACTIVITY:0.41655509604223667
CE_KINGPAWNSHIELD:0.3877505310644369
CE_PIECECOORDINATION:0.5149753401620176
CE_MATERIAL:0.5228027049434545
CE_KINGSAFETY:0.5290148302600853
C_PIECESQUARETABLES:0.49313973711847986
C_MOBILITY:0.5093275788626519
C_KINGSAFETY:0.5054755169755791
C_PAWNSTRUCTURE:0.5220022801952029
C_PIECECOORDINATION:0.48185476084965834
C_ROOKANDPAWNMOVEMENT:0.48185476084965834
C_CENTERCONTROL:0.5489128410437579
C_DEVELOPPIECES:0.5
C_MATERIAL:0.4883662344838238
C_MOVECOUNT:0.5
