ELO:1000
CE_PASSEDPAWNS:0.5143958077235088
CE_PAWNWEAKNESSES:0.5055537595110862
CE_PIECEACTIVITY:0.5040212959141163
CE_KINGPAWNSHIELD:0.5
CE_PIECECOORDINATION:0.48944214375056955
CE_MATERIAL:0.505537719677621
CE_KINGSAFETY:0.48832846647342193
C_PIECESQUARETABLES:0.5036418747030426
C_MOBILITY:0.4884104342475005
C_KINGSAFETY:0.508975017423743
C_PAWNSTRUCTURE:0.5072510262424214
C_PIECECOORDINATION:0.5044709423124005
C_ROOK:0.49153112587129977
CE_ROOK:0.5068752341133766
C_CENTERCONTROL:0.5113385304704136
C_DEVELOPPIECES:0.5133458062562198
C_MATERIAL:0.5
C_MOVECOUNT:0.49534468846145574
C_PAWNMOVEMENT:0.4921368216735191
