ELO:920
CE_PASSEDPAWNS:0.48578826176059464
CE_PAWNWEAKNESSES:0.4451566532378659
CE_PIECEACTIVITY:0.42322759895331474
CE_KINGPAWNSHIELD:0.513438954109216
CE_PIECECOORDINATION:0.3745419799243509
CE_MATERIAL:0.5086360587746773
CE_KINGSAFETY:0.508353496117447
C_PIECESQUARETABLES:0.5068999071007017
C_MOBILITY:0.44950843425429426
C_KINGSAFETY:0.6030391395998012
C_PAWNSTRUCTURE:0.4740283551912555
C_PIECECOORDINATION:0.5279367286865532
C_ROOKANDPAWNMOVEMENT:0.5279367286865532
C_CENTERCONTROL:0.6147000595806178
C_DEVELOPPIECES:0.4688141853538269
C_MATERIAL:0.5093503152009943
