ELO:991
CE_PASSEDPAWNS:0.4916718489004411
CE_PAWNWEAKNESSES:0.5059826961205978
CE_PIECEACTIVITY:0.41039617852026744
CE_KINGPAWNSHIELD:0.5452211797643999
CE_PIECECOORDINATION:0.4666906614997101
CE_MATERIAL:0.5011241500707857
CE_KINGSAFETY:0.5281894897713715
C_PIECESQUARETABLES:0.5189070092951417
C_MOBILITY:0.4555045103484607
C_KINGSAFETY:0.5300828292820452
C_PAWNSTRUCTURE:0.5010206754213532
C_PIECECOORDINATION:0.5455636699707338
C_ROOKANDPAWNMOVEMENT:0.5455636699707338
C_CENTERCONTROL:0.5846717452399708
C_DEVELOPPIECES:0.4958492902406054
C_MATERIAL:0.4690410525849034
