ELO:1000
CE_PASSEDPAWNS:0.506766502052175
CE_PAWNWEAKNESSES:0.5
CE_PIECEACTIVITY:0.49534138437185093
CE_KINGPAWNSHIELD:0.4863781845283562
CE_PIECECOORDINATION:0.5
CE_MATERIAL:0.47427458700943026
CE_KINGSAFETY:0.5001720851637189
C_PIECESQUARETABLES:0.5157497537210097
C_MOBILITY:0.5103205439657135
C_KINGSAFETY:0.4938572629575274
C_PAWNSTRUCTURE:0.49118615436207275
C_PIECECOORDINATION:0.49808722535425565
C_ROOKANDPAWNMOVEMENT:0.49808722535425565
C_CENTERCONTROL:0.5026408312086539
C_DEVELOPPIECES:0.5
C_MATERIAL:0.49630337989603135
C_MOVECOUNT:0.5108491498099252
