ELO:975
CE_PASSEDPAWNS:0.5244925756571303
CE_PAWNWEAKNESSES:0.4920241858477542
CE_PIECEACTIVITY:0.49555364894087367
CE_KINGPAWNSHIELD:0.4886789582086995
CE_PIECECOORDINATION:0.4829181583821885
CE_MATERIAL:0.5062316273904395
CE_KINGSAFETY:0.50497539403638
C_PIECESQUARETABLES:0.4974698802252893
C_MOBILITY:0.4747814825773122
C_KINGSAFETY:0.5197798190230242
C_PAWNSTRUCTURE:0.4887699343296154
C_PIECECOORDINATION:0.5147901807631697
C_ROOK:0.48582236658809824
CE_ROOK:0.5126171431151022
C_CENTERCONTROL:0.4817511254847229
C_DEVELOPPIECES:0.49794632341762574
C_MATERIAL:0.49107950592121924
C_MOVECOUNT:0.5197474227249447
C_PAWNMOVEMENT:0.4774217872371605
