ELO:996
CE_PASSEDPAWNS:0.49917857317672626
CE_PAWNWEAKNESSES:0.49907532364417756
CE_PIECEACTIVITY:0.4414538764303579
CE_KINGPAWNSHIELD:0.5684892528870615
CE_PIECECOORDINATION:0.5356661822475897
CE_MATERIAL:0.44357633849290745
CE_KINGSAFETY:0.47696002681725
C_PIECESQUARETABLES:0.49436765398354027
C_MOBILITY:0.47585785238135964
C_KINGSAFETY:0.5699729013025996
C_PAWNSTRUCTURE:0.5011942124649325
C_PIECECOORDINATION:0.48083903577769066
C_ROOKANDPAWNMOVEMENT:0.48083903577769066
C_CENTERCONTROL:0.5308511228299493
C_DEVELOPPIECES:0.4949641871901399
C_MATERIAL:0.5486149090643287
