ELO:1010
CE_PASSEDPAWNS:0.5
CE_PAWNWEAKNESSES:0.48385812065434053
CE_PIECEACTIVITY:0.5070129325263356
CE_KINGPAWNSHIELD:0.5
CE_PIECECOORDINATION:0.5062124940413506
CE_MATERIAL:0.4935909975243069
CE_KINGSAFETY:0.5132419039363775
C_PIECESQUARETABLES:0.5
C_MOBILITY:0.48783320171636413
C_KINGSAFETY:0.5225140984393082
C_PAWNSTRUCTURE:0.4885388893609366
C_PIECECOORDINATION:0.5079355471264868
C_ROOKANDPAWNMOVEMENT:0.5079355471264868
C_CENTERCONTROL:0.4853689502990835
C_DEVELOPPIECES:0.5086237986249443
C_MATERIAL:0.5232557717841829
