ELO:937
CE_PASSEDPAWNS:0.4763444147999871
CE_PAWNWEAKNESSES:0.46714109001135873
CE_PIECEACTIVITY:0.493514362034017
CE_KINGPAWNSHIELD:0.4724340756935004
CE_PIECECOORDINATION:0.5346075607254892
CE_MATERIAL:0.4595046612886356
CE_KINGSAFETY:0.5422073207060402
C_PIECESQUARETABLES:0.473549372677912
C_MOBILITY:0.4737182400379504
C_KINGSAFETY:0.4827810070706151
C_PAWNSTRUCTURE:0.4537366138745099
C_PIECECOORDINATION:0.4939037251460625
C_ROOKANDPAWNMOVEMENT:0.4939037251460625
C_CENTERCONTROL:0.4605322989629844
C_DEVELOPPIECES:0.4598455961031752
C_MATERIAL:0.438987833394928
C_MOVECOUNT:0.5
