ELO:970
CE_PASSEDPAWNS:0.5036546556730492
CE_PAWNWEAKNESSES:0.46060246310804415
CE_PIECEACTIVITY:0.4249726975338998
CE_KINGPAWNSHIELD:0.5233764702024183
CE_PIECECOORDINATION:0.41523263824109585
CE_MATERIAL:0.4983557055480559
CE_KINGSAFETY:0.490969672337453
C_PIECESQUARETABLES:0.5016638487746988
C_MOBILITY:0.43716871361809545
C_KINGSAFETY:0.5899404371843306
C_PAWNSTRUCTURE:0.47390690349781145
C_PIECECOORDINATION:0.5270895308681516
C_ROOKANDPAWNMOVEMENT:0.5270895308681516
C_CENTERCONTROL:0.5845210370402525
C_DEVELOPPIECES:0.4935586008650542
C_MATERIAL:0.500551918144532
