ELO:988
CE_PASSEDPAWNS:0.47892378572409805
CE_PAWNWEAKNESSES:0.4756741213250821
CE_PIECEACTIVITY:0.4140161076013988
CE_KINGPAWNSHIELD:0.5291221224486476
CE_PIECECOORDINATION:0.4615747314373305
CE_MATERIAL:0.4948419708068751
CE_KINGSAFETY:0.5230014805105304
C_PIECESQUARETABLES:0.5463555619565273
C_MOBILITY:0.4411136506757526
C_KINGSAFETY:0.5488529807003882
C_PAWNSTRUCTURE:0.5034455236090729
C_PIECECOORDINATION:0.525009976886037
C_ROOKANDPAWNMOVEMENT:0.525009976886037
C_CENTERCONTROL:0.552736522562075
C_DEVELOPPIECES:0.47391482933174534
C_MATERIAL:0.4425810487502282
