ELO:952
CE_PASSEDPAWNS:0.4989365656221802
CE_PAWNWEAKNESSES:0.49926507928612496
CE_PIECEACTIVITY:0.5038870867528116
CE_KINGPAWNSHIELD:0.47871733307497855
CE_PIECECOORDINATION:0.46748673762378196
CE_MATERIAL:0.47414256685492984
CE_KINGSAFETY:0.4869909360678355
C_PIECESQUARETABLES:0.503771471044687
C_MOBILITY:0.49380018722791313
C_KINGSAFETY:0.518631838448826
C_PAWNSTRUCTURE:0.5124186400719114
C_PIECECOORDINATION:0.44878604665968663
C_ROOKANDPAWNMOVEMENT:0.44878604665968663
C_CENTERCONTROL:0.49537569096125394
C_DEVELOPPIECES:0.49672754672696484
C_MATERIAL:0.4973646650395861
C_MOVECOUNT:0.5232346361113661
