ELO:1000
CE_PASSEDPAWNS:0.5
CE_PAWNWEAKNESSES:0.5232276508580377
CE_PIECEACTIVITY:0.491352575492129
CE_KINGPAWNSHIELD:0.4903204611074865
CE_PIECECOORDINATION:0.4884150804428147
CE_MATERIAL:0.5090906069367771
CE_KINGSAFETY:0.5
C_PIECESQUARETABLES:0.48744497246157736
C_MOBILITY:0.49036305583922524
C_KINGSAFETY:0.5
C_PAWNSTRUCTURE:0.5103292776798295
C_PIECECOORDINATION:0.5020786770103783
C_ROOKANDPAWNMOVEMENT:0.5020786770103783
C_CENTERCONTROL:0.4977313217610585
C_DEVELOPPIECES:0.5156271778755046
C_MATERIAL:0.4975448652071699
