ELO:1011
CE_PASSEDPAWNS:0.5024507994943174
CE_PAWNWEAKNESSES:0.5
CE_PIECEACTIVITY:0.5049625236617532
CE_KINGPAWNSHIELD:0.5
CE_PIECECOORDINATION:0.4982640718031913
CE_MATERIAL:0.5204859485529388
CE_KINGSAFETY:0.5
C_PIECESQUARETABLES:0.5
C_MOBILITY:0.4984828435385964
C_KINGSAFETY:0.5
C_PAWNSTRUCTURE:0.4952328097538181
C_PIECECOORDINATION:0.5144081850874233
C_ROOKANDPAWNMOVEMENT:0.5144081850874233
C_CENTERCONTROL:0.5088539609209143
C_DEVELOPPIECES:0.5
C_MATERIAL:0.5112086098940876
C_MOVECOUNT:0.5022677684491201
