ELO:984
CE_PASSEDPAWNS:0.4667437809082002
CE_PAWNWEAKNESSES:0.490183350610364
CE_PIECEACTIVITY:0.40273990191952325
CE_KINGPAWNSHIELD:0.5414978994818321
CE_PIECECOORDINATION:0.4144935535546687
CE_MATERIAL:0.488405168659005
CE_KINGSAFETY:0.5357479757759326
C_PIECESQUARETABLES:0.5444300091470184
C_MOBILITY:0.41574581625990015
C_KINGSAFETY:0.6029342069105184
C_PAWNSTRUCTURE:0.4976331369253156
C_PIECECOORDINATION:0.5322588932977831
C_ROOKANDPAWNMOVEMENT:0.5322588932977831
C_CENTERCONTROL:0.5555338198038086
C_DEVELOPPIECES:0.503622231577099
C_MATERIAL:0.4863636725874847
