ELO:963
CE_PASSEDPAWNS:0.5379366413780176
CE_PAWNWEAKNESSES:0.4875919086045891
CE_PIECEACTIVITY:0.4988213294128617
CE_KINGPAWNSHIELD:0.4803548724369752
CE_PIECECOORDINATION:0.4829181583821885
CE_MATERIAL:0.5109179859914414
CE_KINGSAFETY:0.5
C_PIECESQUARETABLES:0.49860813553137656
C_MOBILITY:0.49906478369015744
C_KINGSAFETY:0.5282605297433095
C_PAWNSTRUCTURE:0.4970909764925044
C_PIECECOORDINATION:0.5107573560416998
C_ROOK:0.49157390355156566
CE_ROOK:0.5039205647016033
C_CENTERCONTROL:0.47634315026408747
C_DEVELOPPIECES:0.49696335216253096
C_MATERIAL:0.5101465305269791
C_MOVECOUNT:0.5109225651302391
C_PAWNMOVEMENT:0.4758808265187668
