ELO:923
CE_PASSEDPAWNS:0.5317030150867429
CE_PAWNWEAKNESSES:0.4711598099634766
CE_PIECEACTIVITY:0.5055506484414485
CE_KINGPAWNSHIELD:0.4967067336969593
CE_PIECECOORDINATION:0.47694539318968604
CE_MATERIAL:0.5124531406712649
CE_KINGSAFETY:0.5082202971257844
C_PIECESQUARETABLES:0.5
C_MOBILITY:0.47292969618279984
C_KINGSAFETY:0.5321774362786982
C_PAWNSTRUCTURE:0.48824912074579885
C_PIECECOORDINATION:0.5294488095114674
C_ROOK:0.4517680543249431
CE_ROOK:0.5250934682573406
C_CENTERCONTROL:0.5202247906448189
C_DEVELOPPIECES:0.4926320310858634
C_MATERIAL:0.5407134676643601
C_MOVECOUNT:0.5057788377214505
C_PAWNMOVEMENT:0.5115012589143485
