ELO:1066
CE_PASSEDPAWNS:0.45859762946142085
CE_PAWNWEAKNESSES:0.5216415415489906
CE_PIECEACTIVITY:0.431127104197333
CE_KINGPAWNSHIELD:0.35456929894608796
CE_PIECECOORDINATION:0.5226143580739686
CE_MATERIAL:0.42594395638334975
CE_KINGSAFETY:0.5021692244076472
C_PIECESQUARETABLES:0.5015838409810259
C_MOBILITY:0.5566929860067642
C_KINGSAFETY:0.5615374521814761
C_PAWNSTRUCTURE:0.4812636677195635
C_PIECECOORDINATION:0.559556954723771
C_ROOKANDPAWNMOVEMENT:0.559556954723771
C_CENTERCONTROL:0.6365846750241497
C_DEVELOPPIECES:0.5630513439030267
C_MATERIAL:0.3914157600624782
