ELO:986
CE_PASSEDPAWNS:0.5067424322122981
CE_PAWNWEAKNESSES:0.4888616114052373
CE_PIECEACTIVITY:0.42115716052994184
CE_KINGPAWNSHIELD:0.5631946620138507
CE_PIECECOORDINATION:0.5287953625671249
CE_MATERIAL:0.42434193108102364
CE_KINGSAFETY:0.5118465629721023
C_PIECESQUARETABLES:0.4986630081619305
C_MOBILITY:0.5028869340782459
C_KINGSAFETY:0.5602423243746493
C_PAWNSTRUCTURE:0.5110707066761766
C_PIECECOORDINATION:0.4901731389882607
C_ROOKANDPAWNMOVEMENT:0.4901731389882607
C_CENTERCONTROL:0.5127881838815825
C_DEVELOPPIECES:0.4909862432391868
C_MATERIAL:0.5605069005421486
