ELO:995
CE_PASSEDPAWNS:0.4962234453120527
CE_PAWNWEAKNESSES:0.5202718701831491
CE_PIECEACTIVITY:0.42722280874741486
CE_KINGPAWNSHIELD:0.5582548971724309
CE_PIECECOORDINATION:0.5380257584532604
CE_MATERIAL:0.4248556184590407
CE_KINGSAFETY:0.47117295779255636
C_PIECESQUARETABLES:0.5025057922004148
C_MOBILITY:0.48360935895938945
C_KINGSAFETY:0.5663985120376244
C_PAWNSTRUCTURE:0.4923838667983631
C_PIECECOORDINATION:0.49573991126183187
C_ROOKANDPAWNMOVEMENT:0.49573991126183187
C_CENTERCONTROL:0.5193149782566872
C_DEVELOPPIECES:0.4981360410388094
C_MATERIAL:0.5538779871207816
