ELO:924
CE_PASSEDPAWNS:0.45907249446760806
CE_PAWNWEAKNESSES:0.43456002183577996
CE_PIECEACTIVITY:0.4436148933752211
CE_KINGPAWNSHIELD:0.5168688667736955
CE_PIECECOORDINATION:0.3957751576591987
CE_MATERIAL:0.5315135645058612
CE_KINGSAFETY:0.5252723437668109
C_PIECESQUARETABLES:0.452337007198369
C_MOBILITY:0.47049500124699883
C_KINGSAFETY:0.6180138622470057
C_PAWNSTRUCTURE:0.47244442366739514
C_PIECECOORDINATION:0.5501581652126072
C_ROOKANDPAWNMOVEMENT:0.5501581652126072
C_CENTERCONTROL:0.6430943584797258
C_DEVELOPPIECES:0.45132928713457127
C_MATERIAL:0.49573215083853217
