ELO:907
CE_PASSEDPAWNS:0.474564378316552
CE_PAWNWEAKNESSES:0.4451566532378659
CE_PIECEACTIVITY:0.4222381670090989
CE_KINGPAWNSHIELD:0.513438954109216
CE_PIECECOORDINATION:0.3820806490019932
CE_MATERIAL:0.5086360587746773
CE_KINGSAFETY:0.508353496117447
C_PIECESQUARETABLES:0.49473452650171107
C_MOBILITY:0.44950843425429426
C_KINGSAFETY:0.6002058207654811
C_PAWNSTRUCTURE:0.4740283551912555
C_PIECECOORDINATION:0.5337058478975032
C_ROOKANDPAWNMOVEMENT:0.5337058478975032
C_CENTERCONTROL:0.6209003712842094
C_DEVELOPPIECES:0.4688141853538269
C_MATERIAL:0.5093503152009943
