ELO:969
CE_PASSEDPAWNS:0.48300784611328207
CE_PAWNWEAKNESSES:0.4613239460531195
CE_PIECEACTIVITY:0.41822825763776184
CE_KINGPAWNSHIELD:0.5223546413243512
CE_PIECECOORDINATION:0.4274447310698722
CE_MATERIAL:0.4947388942214862
CE_KINGSAFETY:0.5
C_PIECESQUARETABLES:0.4956578880488694
C_MOBILITY:0.4259028850413705
C_KINGSAFETY:0.6074887566941483
C_PAWNSTRUCTURE:0.4938306831078538
C_PIECECOORDINATION:0.5328971861220135
C_ROOKANDPAWNMOVEMENT:0.5328971861220135
C_CENTERCONTROL:0.5717329353968631
C_DEVELOPPIECES:0.4940943058804622
C_MATERIAL:0.5032959857393319
