ELO:937
CE_PASSEDPAWNS:0.4780044109182702
CE_PAWNWEAKNESSES:0.5146892106921694
CE_PIECEACTIVITY:0.4926101146294123
CE_KINGPAWNSHIELD:0.45510502879458237
CE_PIECECOORDINATION:0.4462000220296755
CE_MATERIAL:0.49191401294708414
CE_KINGSAFETY:0.5053719994457772
C_PIECESQUARETABLES:0.4949403810569965
C_MOBILITY:0.4999475892729972
C_KINGSAFETY:0.4971789224080834
C_PAWNSTRUCTURE:0.5155744107980392
C_PIECECOORDINATION:0.5096073105799512
C_ROOKANDPAWNMOVEMENT:0.5096073105799512
C_CENTERCONTROL:0.4970007591047379
C_DEVELOPPIECES:0.4719746441727328
C_MATERIAL:0.5109432523024862
C_MOVECOUNT:0.5
