ELO:995
CE_PASSEDPAWNS:0.5261301334615538
CE_PAWNWEAKNESSES:0.49882784192249163
CE_PIECEACTIVITY:0.5028682280268651
CE_KINGPAWNSHIELD:0.49561941494234246
CE_PIECECOORDINATION:0.5133302058750353
CE_MATERIAL:0.48367726373492814
CE_KINGSAFETY:0.5
C_PIECESQUARETABLES:0.5
C_MOBILITY:0.5103205439657135
C_KINGSAFETY:0.49754345463895727
C_PAWNSTRUCTURE:0.49118615436207275
C_PIECECOORDINATION:0.5088468014464035
C_ROOKANDPAWNMOVEMENT:0.5088468014464035
C_CENTERCONTROL:0.4878917541452132
C_DEVELOPPIECES:0.5
C_MATERIAL:0.49523698599536287
C_MOVECOUNT:0.5
