ELO:957
CE_PASSEDPAWNS:0.49646878100357705
CE_PAWNWEAKNESSES:0.4706708210419
CE_PIECEACTIVITY:0.42074502811502285
CE_KINGPAWNSHIELD:0.520538937723826
CE_PIECECOORDINATION:0.40476703225972627
CE_MATERIAL:0.4925309821390917
CE_KINGSAFETY:0.48049552226823844
C_PIECESQUARETABLES:0.5053553063343685
C_MOBILITY:0.4333820963852393
C_KINGSAFETY:0.5948080857717291
C_PAWNSTRUCTURE:0.47608945766333566
C_PIECECOORDINATION:0.5232416616183004
C_ROOKANDPAWNMOVEMENT:0.5232416616183004
C_CENTERCONTROL:0.5788087532393759
C_DEVELOPPIECES:0.503437995705182
C_MATERIAL:0.5181148155495111
