ELO:1000
CE_PASSEDPAWNS:0.4864985561295461
CE_PAWNWEAKNESSES:0.5275750521437884
CE_PIECEACTIVITY:0.499773427347772
CE_KINGPAWNSHIELD:0.4933908421587745
CE_PIECECOORDINATION:0.4895925940183699
CE_MATERIAL:0.5332581343209253
CE_KINGSAFETY:0.5151465276797789
C_PIECESQUARETABLES:0.47011551041016686
C_MOBILITY:0.4807403792369867
C_KINGSAFETY:0.5261392154115646
C_PAWNSTRUCTURE:0.4934544027440292
C_PIECECOORDINATION:0.4975916871119926
C_ROOKANDPAWNMOVEMENT:0.4975916871119926
C_CENTERCONTROL:0.49734838638194534
C_DEVELOPPIECES:0.49988546000745504
C_MATERIAL:0.5144890086705185
