ELO:927
CE_PASSEDPAWNS:0.4682965105186699
CE_PAWNWEAKNESSES:0.4917305629275442
CE_PIECEACTIVITY:0.41545025042448774
CE_KINGPAWNSHIELD:0.46764447354677785
CE_PIECECOORDINATION:0.5157905104295081
CE_MATERIAL:0.5170193478624969
CE_KINGSAFETY:0.5
C_PIECESQUARETABLES:0.5338994071242843
C_MOBILITY:0.5021212798997133
C_KINGSAFETY:0.5497927830550638
C_PAWNSTRUCTURE:0.42630341079931966
C_PIECECOORDINATION:0.47840674772238684
C_ROOKANDPAWNMOVEMENT:0.47840674772238684
C_CENTERCONTROL:0.4972507269725674
C_DEVELOPPIECES:0.41403247749088445
C_MATERIAL:0.47858476818011725
C_MOVECOUNT:0.5
