ELO:1015
CE_PASSEDPAWNS:0.4311060143944326
CE_PAWNWEAKNESSES:0.5044109049845241
CE_PIECEACTIVITY:0.47890645446109836
CE_KINGPAWNSHIELD:0.603207498760964
CE_PIECECOORDINATION:0.5839705020987022
CE_MATERIAL:0.44149500453359886
CE_KINGSAFETY:0.5222093514433976
C_PIECESQUARETABLES:0.5052399710329893
C_MOBILITY:0.5568122561395203
C_KINGSAFETY:0.41129702277909574
C_PAWNSTRUCTURE:0.5046388496342987
C_PIECECOORDINATION:0.5462511456220208
C_ROOKANDPAWNMOVEMENT:0.5462511456220208
C_CENTERCONTROL:0.48335641770793386
C_DEVELOPPIECES:0.44251045172567266
C_MATERIAL:0.4081650311761821
