ELO:990
CE_PASSEDPAWNS:0.4936747312750445
CE_PAWNWEAKNESSES:0.5
CE_PIECEACTIVITY:0.48242881199245363
CE_KINGPAWNSHIELD:0.49066818643004484
CE_PIECECOORDINATION:0.5
CE_MATERIAL:0.5
CE_KINGSAFETY:0.503319476715589
C_PIECESQUARETABLES:0.4798310194458008
C_MOBILITY:0.5056150972394579
C_KINGSAFETY:0.48772477330113406
C_PAWNSTRUCTURE:0.5030397733584957
C_PIECECOORDINATION:0.5023212331700415
C_ROOKANDPAWNMOVEMENT:0.5023212331700415
C_CENTERCONTROL:0.5047558103732883
C_DEVELOPPIECES:0.5011121578908537
C_MATERIAL:0.5007934809183949
C_MOVECOUNT:0.4922737848360689
