ELO:985
CE_PASSEDPAWNS:0.5295081975857578
CE_PAWNWEAKNESSES:0.5055537595110862
CE_PIECEACTIVITY:0.5040212959141163
CE_KINGPAWNSHIELD:0.5113811913728832
CE_PIECECOORDINATION:0.5064895342320789
CE_MATERIAL:0.5103987608456906
CE_KINGSAFETY:0.5
C_PIECESQUARETABLES:0.5103794758199214
C_MOBILITY:0.4884104342475005
C_KINGSAFETY:0.5134607294339376
C_PAWNSTRUCTURE:0.5072510262424214
C_PIECECOORDINATION:0.4943753995223076
C_ROOK:0.49153112587129977
CE_ROOK:0.5147735816653826
C_CENTERCONTROL:0.4988977213753991
C_DEVELOPPIECES:0.5035349549876351
C_MATERIAL:0.48263860482366455
C_MOVECOUNT:0.4984221501919313
C_PAWNMOVEMENT:0.4882106839858349
