ELO:1000
CE_PASSEDPAWNS:0.5258386338983346
CE_PAWNWEAKNESSES:0.5055537595110862
CE_PIECEACTIVITY:0.5040212959141163
CE_KINGPAWNSHIELD:0.5
CE_PIECECOORDINATION:0.494181970059186
CE_MATERIAL:0.505537719677621
CE_KINGSAFETY:0.5
C_PIECESQUARETABLES:0.5
C_MOBILITY:0.4884104342475005
C_KINGSAFETY:0.508975017423743
C_PAWNSTRUCTURE:0.5072510262424214
C_PIECECOORDINATION:0.5044709423124005
C_ROOK:0.49153112587129977
CE_ROOK:0.5068752341133766
C_CENTERCONTROL:0.5113385304704136
C_DEVELOPPIECES:0.5035349549876351
C_MATERIAL:0.5
C_MOVECOUNT:0.50345838446214
C_PAWNMOVEMENT:0.4942696217518428
