ELO:907
CE_PASSEDPAWNS:0.4763218047937143
CE_PAWNWEAKNESSES:0.4937211895597583
CE_PIECEACTIVITY:0.44379420507927114
CE_KINGPAWNSHIELD:0.5472079541526518
CE_PIECECOORDINATION:0.5219808489480774
CE_MATERIAL:0.5002897833768659
CE_KINGSAFETY:0.5120962472156774
C_PIECESQUARETABLES:0.4735260075484241
C_MOBILITY:0.4741395851739563
C_KINGSAFETY:0.5035713894183713
C_PAWNSTRUCTURE:0.5134969024999249
C_PIECECOORDINATION:0.48299472600024695
C_ROOKANDPAWNMOVEMENT:0.48299472600024695
C_CENTERCONTROL:0.5032887598800554
C_DEVELOPPIECES:0.5198191854620985
C_MATERIAL:0.5077945690147475
C_MOVECOUNT:0.5
