ELO:1012
CE_PASSEDPAWNS:0.5052945941416083
CE_PAWNWEAKNESSES:0.5127959881415035
CE_PIECEACTIVITY:0.5049625236617532
CE_KINGPAWNSHIELD:0.4767005229845352
CE_PIECECOORDINATION:0.5084254921402538
CE_MATERIAL:0.5068845273504727
CE_KINGSAFETY:0.5
C_PIECESQUARETABLES:0.5
C_MOBILITY:0.5007384235681831
C_KINGSAFETY:0.4938572629575274
C_PAWNSTRUCTURE:0.49560429147999835
C_PIECECOORDINATION:0.5172796743286597
C_ROOKANDPAWNMOVEMENT:0.5172796743286597
C_CENTERCONTROL:0.4878917541452132
C_DEVELOPPIECES:0.49680975772603075
C_MATERIAL:0.5018151300118091
C_MOVECOUNT:0.5022677684491201
