ELO:993
CE_PASSEDPAWNS:0.5433057978806466
CE_PAWNWEAKNESSES:0.4951633825109441
CE_PIECEACTIVITY:0.3902735395830487
CE_KINGPAWNSHIELD:0.5761790066850898
CE_PIECECOORDINATION:0.5793888545242869
CE_MATERIAL:0.4306224267674754
CE_KINGSAFETY:0.4804778570958488
C_PIECESQUARETABLES:0.5088643698202489
C_MOBILITY:0.5340996287311071
C_KINGSAFETY:0.541632799848994
C_PAWNSTRUCTURE:0.4859497673471062
C_PIECECOORDINATION:0.4819504201525347
C_ROOKANDPAWNMOVEMENT:0.4819504201525347
C_CENTERCONTROL:0.5333769313119899
C_DEVELOPPIECES:0.4916600243965272
C_MATERIAL:0.5596629353377163
