ELO:1000
CE_PASSEDPAWNS:0.4832291443904451
CE_PAWNWEAKNESSES:0.5333857121347381
CE_PIECEACTIVITY:0.4260319038944459
CE_KINGPAWNSHIELD:0.5448836376137919
CE_PIECECOORDINATION:0.47838114614994487
CE_MATERIAL:0.5026424420931829
CE_KINGSAFETY:0.5158732678884678
C_PIECESQUARETABLES:0.5007212489305908
C_MOBILITY:0.48069524224961796
C_KINGSAFETY:0.5161206340060681
C_PAWNSTRUCTURE:0.5073945906563623
C_PIECECOORDINATION:0.5428372287447576
C_ROOKANDPAWNMOVEMENT:0.5428372287447576
C_CENTERCONTROL:0.5780119774077069
C_DEVELOPPIECES:0.5193065937295641
C_MATERIAL:0.48243099770421694
