ELO:957
CE_PASSEDPAWNS:0.45143325491926656
CE_PAWNWEAKNESSES:0.49587310168915827
CE_PIECEACTIVITY:0.4973384863272521
CE_KINGPAWNSHIELD:0.5435029641742536
CE_PIECECOORDINATION:0.5172693862585133
CE_MATERIAL:0.528356817429849
CE_KINGSAFETY:0.498357292250492
C_PIECESQUARETABLES:0.507110798008328
C_MOBILITY:0.4960895959588581
C_KINGSAFETY:0.4948515789429476
C_PAWNSTRUCTURE:0.48008640576157346
C_PIECECOORDINATION:0.5247300671081706
C_ROOKANDPAWNMOVEMENT:0.5247300671081706
C_CENTERCONTROL:0.4872680660761371
C_DEVELOPPIECES:0.5109945318895777
C_MATERIAL:0.5331875937334672
C_MOVECOUNT:0.542621369875052
