ELO:993
CE_PASSEDPAWNS:0.5132229100517607
CE_PAWNWEAKNESSES:0.47122655599022967
CE_PIECEACTIVITY:0.49397884401003644
CE_KINGPAWNSHIELD:0.5310088307213731
CE_PIECECOORDINATION:0.4925136239074723
CE_MATERIAL:0.5103550068468953
CE_KINGSAFETY:0.502762911473775
C_PIECESQUARETABLES:0.4964869286391008
C_MOBILITY:0.49260018681537965
C_KINGSAFETY:0.5512249025898746
C_PAWNSTRUCTURE:0.48972227972757565
C_PIECECOORDINATION:0.5443681089805686
C_ROOKANDPAWNMOVEMENT:0.5443681089805686
C_CENTERCONTROL:0.47467901412137575
C_DEVELOPPIECES:0.5172381500435712
C_MATERIAL:0.5081371110709922
C_MOVECOUNT:0.5
