ELO:1029
CE_PASSEDPAWNS:0.4311060143944326
CE_PAWNWEAKNESSES:0.5147290627244947
CE_PIECEACTIVITY:0.47890645446109836
CE_KINGPAWNSHIELD:0.6166358678301506
CE_PIECECOORDINATION:0.5798126497479659
CE_MATERIAL:0.4387730773330623
CE_KINGSAFETY:0.5222093514433976
C_PIECESQUARETABLES:0.5077027485765431
C_MOBILITY:0.553388884499523
C_KINGSAFETY:0.430858683579089
C_PAWNSTRUCTURE:0.4966613797230454
C_PIECECOORDINATION:0.5603151114029542
C_ROOKANDPAWNMOVEMENT:0.5603151114029542
C_CENTERCONTROL:0.49253167484833943
C_DEVELOPPIECES:0.44121173810640324
C_MATERIAL:0.4127102923363852
