ELO:975
CE_PASSEDPAWNS:0.4597883810043746
CE_PAWNWEAKNESSES:0.4813299077184824
CE_PIECEACTIVITY:0.3994449030162674
CE_KINGPAWNSHIELD:0.5433879982899485
CE_PIECECOORDINATION:0.4064609082082883
CE_MATERIAL:0.4913069506359135
CE_KINGSAFETY:0.4965814059203495
C_PIECESQUARETABLES:0.49169711095347046
C_MOBILITY:0.4187330276182965
C_KINGSAFETY:0.6095168333797455
C_PAWNSTRUCTURE:0.48704637958235153
C_PIECECOORDINATION:0.5312987443225307
C_ROOKANDPAWNMOVEMENT:0.5312987443225307
C_CENTERCONTROL:0.5555338198038086
C_DEVELOPPIECES:0.5041326404388198
C_MATERIAL:0.48228549601109066
