ELO:977
CE_PASSEDPAWNS:0.4927534073529474
CE_PAWNWEAKNESSES:0.504295980647411
CE_PIECEACTIVITY:0.5133238135622952
CE_KINGPAWNSHIELD:0.5052612427648665
CE_PIECECOORDINATION:0.5058658652271372
CE_MATERIAL:0.4997621205272291
CE_KINGSAFETY:0.5076291245828765
C_PIECESQUARETABLES:0.5266996813564679
C_MOBILITY:0.507974665583018
C_KINGSAFETY:0.5
C_PAWNSTRUCTURE:0.5182000477243908
C_PIECECOORDINATION:0.5084281286276996
C_ROOKANDPAWNMOVEMENT:0.5084281286276996
C_CENTERCONTROL:0.4989850323795928
C_DEVELOPPIECES:0.5097592013738586
C_MATERIAL:0.5021332105366524
C_MOVECOUNT:0.5
