ELO:992
CE_PASSEDPAWNS:0.5
CE_PAWNWEAKNESSES:0.49882784192249163
CE_PIECEACTIVITY:0.5049625236617532
CE_KINGPAWNSHIELD:0.5118850071100333
CE_PIECECOORDINATION:0.5084254921402538
CE_MATERIAL:0.501334797585239
CE_KINGSAFETY:0.5
C_PIECESQUARETABLES:0.5
C_MOBILITY:0.4984029272896427
C_KINGSAFETY:0.49063802981992777
C_PAWNSTRUCTURE:0.5022761676878943
C_PIECECOORDINATION:0.5172796743286597
C_ROOKANDPAWNMOVEMENT:0.5172796743286597
C_CENTERCONTROL:0.4878917541452132
C_DEVELOPPIECES:0.4885452282458716
C_MATERIAL:0.49630337989603135
C_MOVECOUNT:0.5022677684491201
