ELO:992
CE_PASSEDPAWNS:0.49782127819373523
CE_PAWNWEAKNESSES:0.4792852776395572
CE_PIECEACTIVITY:0.5123769591850679
CE_KINGPAWNSHIELD:0.48830845666422823
CE_PIECECOORDINATION:0.5160984091513141
CE_MATERIAL:0.5010998685229807
CE_KINGSAFETY:0.5051838134536796
C_PIECESQUARETABLES:0.49237088235471715
C_MOBILITY:0.4863498405006288
C_KINGSAFETY:0.48577634866066516
C_PAWNSTRUCTURE:0.5043872988336745
C_PIECECOORDINATION:0.49817738445067417
C_ROOKANDPAWNMOVEMENT:0.49817738445067417
C_CENTERCONTROL:0.5142326141983021
C_DEVELOPPIECES:0.49853480889843715
C_MATERIAL:0.5062980647222325
C_MOVECOUNT:0.5
