ELO:1000
CE_PASSEDPAWNS:0.5
CE_PAWNWEAKNESSES:0.5276702385053421
CE_PIECEACTIVITY:0.4904633811445229
CE_KINGPAWNSHIELD:0.4903201174754318
CE_PIECECOORDINATION:0.49893751127208363
CE_MATERIAL:0.5195250732457473
CE_KINGSAFETY:0.5
C_PIECESQUARETABLES:0.47927648446466636
C_MOBILITY:0.4888410693816635
C_KINGSAFETY:0.5094913018638882
C_PAWNSTRUCTURE:0.5103292776798295
C_PIECECOORDINATION:0.5020786770103783
C_ROOKANDPAWNMOVEMENT:0.5020786770103783
C_CENTERCONTROL:0.49414081554823985
C_DEVELOPPIECES:0.5156271778755046
C_MATERIAL:0.4975448652071699
