ELO:988
CE_PASSEDPAWNS:0.358202736865565
CE_PAWNWEAKNESSES:0.510861183652453
CE_PIECEACTIVITY:0.5042760252559866
CE_KINGPAWNSHIELD:0.46202579213846057
CE_PIECECOORDINATION:0.4432356745711427
CE_MATERIAL:0.5125313430690898
CE_KINGSAFETY:0.4964467591104951
C_PIECESQUARETABLES:0.5102215487170649
C_MOBILITY:0.5056169729190354
C_KINGSAFETY:0.5480101139788756
C_PAWNSTRUCTURE:0.3236589551172322
C_PIECECOORDINATION:0.4406284954606765
C_ROOKANDPAWNMOVEMENT:0.4406284954606765
C_CENTERCONTROL:0.3961743429544671
C_DEVELOPPIECES:0.48804917633085265
C_MATERIAL:0.6817587634750436
