ELO:999
CE_PASSEDPAWNS:0.5186198370959488
CE_PAWNWEAKNESSES:0.5187113616820347
CE_PIECEACTIVITY:0.452847934679353
CE_KINGPAWNSHIELD:0.5613500170425331
CE_PIECECOORDINATION:0.5282288010544136
CE_MATERIAL:0.45590865858093055
CE_KINGSAFETY:0.5
C_PIECESQUARETABLES:0.5
C_MOBILITY:0.4678588138692222
C_KINGSAFETY:0.566683599986867
C_PAWNSTRUCTURE:0.477808640398186
C_PIECECOORDINATION:0.49039154713836214
C_ROOKANDPAWNMOVEMENT:0.49039154713836214
C_CENTERCONTROL:0.5085615495000047
C_DEVELOPPIECES:0.5101489502454709
C_MATERIAL:0.547948677244886
