ELO:989
CE_PASSEDPAWNS:0.434232924381398
CE_PAWNWEAKNESSES:0.5038851832397718
CE_PIECEACTIVITY:0.47992870514255775
CE_KINGPAWNSHIELD:0.6053324523491594
CE_PIECECOORDINATION:0.5707570899801002
CE_MATERIAL:0.4762943662765357
CE_KINGSAFETY:0.5217249246250484
C_PIECESQUARETABLES:0.49390876611693235
C_MOBILITY:0.576009454881091
C_KINGSAFETY:0.4087572542991637
C_PAWNSTRUCTURE:0.5233435219217797
C_PIECECOORDINATION:0.574802525756234
C_ROOKANDPAWNMOVEMENT:0.574802525756234
C_CENTERCONTROL:0.47583213757596077
C_DEVELOPPIECES:0.4463314693259476
C_MATERIAL:0.4313953117218706
