ELO:1006
CE_PASSEDPAWNS:0.49409079503299586
CE_PAWNWEAKNESSES:0.5010284351161615
CE_PIECEACTIVITY:0.5
CE_KINGPAWNSHIELD:0.4896292679468715
CE_PIECECOORDINATION:0.5
CE_MATERIAL:0.5103422449463106
CE_KINGSAFETY:0.5
C_PIECESQUARETABLES:0.4885557981331414
C_MOBILITY:0.49560737637263275
C_KINGSAFETY:0.5055513617182897
C_PAWNSTRUCTURE:0.49435255622534036
C_PIECECOORDINATION:0.4982836440242856
C_ROOKANDPAWNMOVEMENT:0.4982836440242856
C_CENTERCONTROL:0.5
C_DEVELOPPIECES:0.5019438021211229
C_MATERIAL:0.5016886015170674
