ELO:928
CE_PASSEDPAWNS:0.5455872728922938
CE_PAWNWEAKNESSES:0.5925688919930486
CE_PIECEACTIVITY:0.49651220738791146
CE_KINGPAWNSHIELD:0.5123359319232468
CE_PIECECOORDINATION:0.456873621140772
CE_MATERIAL:0.4940184452488478
CE_KINGSAFETY:0.48844877418704874
C_PIECESQUARETABLES:0.4882898194541044
C_MOBILITY:0.44861622296643305
C_KINGSAFETY:0.45274134783705955
C_PAWNSTRUCTURE:0.5433687432285103
C_PIECECOORDINATION:0.5012643120230456
C_ROOKANDPAWNMOVEMENT:0.5012643120230456
C_CENTERCONTROL:0.5063927160105743
C_DEVELOPPIECES:0.548992107109533
C_MATERIAL:0.48648140374838916
