ELO:819
CE_PASSEDPAWNS:0.5868611657543823
CE_PAWNWEAKNESSES:0.42785687572769854
CE_PIECEACTIVITY:0.5937800917920592
CE_KINGPAWNSHIELD:0.649394214400625
CE_PIECECOORDINATION:0.6357649999633708
CE_MATERIAL:0.3857659026163421
CE_KINGSAFETY:0.3911194147109212
C_PIECESQUARETABLES:0.5076346659005727
C_MOBILITY:0.584766074842245
C_KINGSAFETY:0.551721740362497
C_PAWNSTRUCTURE:0.4286916679317395
C_PIECECOORDINATION:0.5577602375437992
C_ROOKANDPAWNMOVEMENT:0.5577602375437992
C_CENTERCONTROL:0.49824293889283916
C_DEVELOPPIECES:0.4940805424214573
C_MATERIAL:0.510694839107046
