ELO:999
CE_PASSEDPAWNS:0.5
CE_PAWNWEAKNESSES:0.5078556373147121
CE_PIECEACTIVITY:0.5
CE_KINGPAWNSHIELD:0.5
CE_PIECECOORDINATION:0.49877767517416677
CE_MATERIAL:0.5
CE_KINGSAFETY:0.5
C_PIECESQUARETABLES:0.4926497098886131
C_MOBILITY:0.5
C_KINGSAFETY:0.5060904377776175
C_PAWNSTRUCTURE:0.5
C_PIECECOORDINATION:0.504425642191249
C_ROOKANDPAWNMOVEMENT:0.504425642191249
C_CENTERCONTROL:0.4909076055064603
C_DEVELOPPIECES:0.4922168756568633
C_MATERIAL:0.4952272850365707
C_MOVECOUNT:0.5
