ELO:1000
CE_PASSEDPAWNS:0.5008696140060394
CE_PAWNWEAKNESSES:0.5259801155845972
CE_PIECEACTIVITY:0.5029355489307232
CE_KINGPAWNSHIELD:0.49353593154267106
CE_PIECECOORDINATION:0.47035990114905013
CE_MATERIAL:0.5141143276753989
CE_KINGSAFETY:0.46591431485402807
C_PIECESQUARETABLES:0.46613265297339285
C_MOBILITY:0.521427431967276
C_KINGSAFETY:0.5365925084954005
C_PAWNSTRUCTURE:0.5215288638821501
C_PIECECOORDINATION:0.4843150323618385
C_ROOKANDPAWNMOVEMENT:0.4843150323618385
C_CENTERCONTROL:0.519858740546484
C_DEVELOPPIECES:0.5690783657123429
C_MATERIAL:0.5028523975834983
