ELO:1000
CE_PASSEDPAWNS:0.4901385516982488
CE_PAWNWEAKNESSES:0.5015176580563842
CE_PIECEACTIVITY:0.4894202800695416
CE_KINGPAWNSHIELD:0.4821472320375194
CE_PIECECOORDINATION:0.48865417176694415
CE_MATERIAL:0.48462267901059103
CE_KINGSAFETY:0.49304207289045293
C_PIECESQUARETABLES:0.4848789388285163
C_MOBILITY:0.502832394053624
C_KINGSAFETY:0.5070900891799265
C_PAWNSTRUCTURE:0.5184794100895068
C_PIECECOORDINATION:0.5034641992071679
C_ROOKANDPAWNMOVEMENT:0.5034641992071679
C_CENTERCONTROL:0.5011376287693265
C_DEVELOPPIECES:0.5164803912394824
C_MATERIAL:0.4917274989734501
