ELO:989
CE_PASSEDPAWNS:0.4930606491233163
CE_PAWNWEAKNESSES:0.5229590527691671
CE_PIECEACTIVITY:0.5104434148758931
CE_KINGPAWNSHIELD:0.5002449814838753
CE_PIECECOORDINATION:0.5058356636316229
CE_MATERIAL:0.46843761136436357
CE_KINGSAFETY:0.5
C_PIECESQUARETABLES:0.5
C_MOBILITY:0.5136202729169321
C_KINGSAFETY:0.5519169929926283
C_PAWNSTRUCTURE:0.49785715567331146
C_PIECECOORDINATION:0.5492414883968705
C_ROOK:0.5007168017806173
CE_ROOK:0.48332193206982976
C_CENTERCONTROL:0.49142879200178685
C_DEVELOPPIECES:0.48116850174251075
C_MATERIAL:0.4756161212734738
C_MOVECOUNT:0.5169055930624359
C_PAWNMOVEMENT:0.48888663680470384
