ELO:1000
CE_PASSEDPAWNS:0.5048175550317685
CE_PAWNWEAKNESSES:0.5
CE_PIECEACTIVITY:0.504521727010877
CE_KINGPAWNSHIELD:0.5070240191554027
CE_PIECECOORDINATION:0.4991861653539136
CE_MATERIAL:0.4893427808767472
CE_KINGSAFETY:0.5
C_PIECESQUARETABLES:0.511912659274012
C_MOBILITY:0.5066733255343786
C_KINGSAFETY:0.5203494631275548
C_PAWNSTRUCTURE:0.5067509541708921
C_PIECECOORDINATION:0.4942675080540913
C_ROOKANDPAWNMOVEMENT:0.4942675080540913
C_CENTERCONTROL:0.5055462867164814
C_DEVELOPPIECES:0.49443953731930557
C_MATERIAL:0.49128919665276627
