ELO:970
CE_PASSEDPAWNS:0.49493772492162025
CE_PAWNWEAKNESSES:0.49518842093466325
CE_PIECEACTIVITY:0.5026306056804599
CE_KINGPAWNSHIELD:0.4927397827553799
CE_PIECECOORDINATION:0.5255983796617237
CE_MATERIAL:0.5185841081890096
CE_KINGSAFETY:0.5118158485556724
C_PIECESQUARETABLES:0.4889821664928422
C_MOBILITY:0.49541025617476153
C_KINGSAFETY:0.496020727022269
C_PAWNSTRUCTURE:0.4638101505462502
C_PIECECOORDINATION:0.5136595497491995
C_ROOKANDPAWNMOVEMENT:0.5136595497491995
C_CENTERCONTROL:0.5022986786212058
C_DEVELOPPIECES:0.4976581585490151
C_MATERIAL:0.48589198999140826
C_MOVECOUNT:0.5223592630297664
