ELO:986
CE_PASSEDPAWNS:0.4983532259431453
CE_PAWNWEAKNESSES:0.5102856194436546
CE_PIECEACTIVITY:0.5071277319210921
CE_KINGPAWNSHIELD:0.49679485753792285
CE_PIECECOORDINATION:0.4952911790369321
CE_MATERIAL:0.4944418705570053
CE_KINGSAFETY:0.5
C_PIECESQUARETABLES:0.5
C_MOBILITY:0.509045736591208
C_KINGSAFETY:0.5051643264896554
C_PAWNSTRUCTURE:0.5098606683593071
C_PIECECOORDINATION:0.5
C_ROOK:0.4879570723624925
CE_ROOK:0.4976014643742535
C_CENTERCONTROL:0.496223738586243
C_DEVELOPPIECES:0.5002541805042585
C_MATERIAL:0.47608991650992977
C_MOVECOUNT:0.5
C_PAWNMOVEMENT:0.5111712618297406
