ELO:1010
CE_PASSEDPAWNS:0.48895005174268985
CE_PAWNWEAKNESSES:0.5033090214524188
CE_PIECEACTIVITY:0.5
CE_KINGPAWNSHIELD:0.5011153214629693
CE_PIECECOORDINATION:0.49475390772283184
CE_MATERIAL:0.4960965495563831
CE_KINGSAFETY:0.5
C_PIECESQUARETABLES:0.48936285225313336
C_MOBILITY:0.5
C_KINGSAFETY:0.5
C_PAWNSTRUCTURE:0.5
C_PIECECOORDINATION:0.5100658024683211
C_ROOKANDPAWNMOVEMENT:0.5100658024683211
C_CENTERCONTROL:0.4870304347543543
C_DEVELOPPIECES:0.5
C_MATERIAL:0.4779603472729251
C_MOVECOUNT:0.5
