ELO:964
CE_PASSEDPAWNS:0.4898950125387014
CE_PAWNWEAKNESSES:0.49355959381525316
CE_PIECEACTIVITY:0.4936074576512686
CE_KINGPAWNSHIELD:0.5251837373744375
CE_PIECECOORDINATION:0.5096050418830324
CE_MATERIAL:0.5052261263363975
CE_KINGSAFETY:0.5080752123549102
C_PIECESQUARETABLES:0.5222659063171637
C_MOBILITY:0.49349880518249356
C_KINGSAFETY:0.49408479444522624
C_PAWNSTRUCTURE:0.5
C_PIECECOORDINATION:0.4914614129980786
C_ROOKANDPAWNMOVEMENT:0.4914614129980786
C_CENTERCONTROL:0.5063164826059103
C_DEVELOPPIECES:0.49185679229335794
C_MATERIAL:0.4660056158992311
