ELO:980
CE_PASSEDPAWNS:0.5591755945410887
CE_PAWNWEAKNESSES:0.4806277186359963
CE_PIECEACTIVITY:0.5271449081991222
CE_KINGPAWNSHIELD:0.5041276378333894
CE_PIECECOORDINATION:0.4496435461527526
CE_MATERIAL:0.4391449434005749
CE_KINGSAFETY:0.5280879664067648
C_PIECESQUARETABLES:0.4653911951601914
C_MOBILITY:0.5876655833123438
C_KINGSAFETY:0.5644063041040698
C_PAWNSTRUCTURE:0.5353697714012806
C_PIECECOORDINATION:0.5663637916112021
C_ROOKANDPAWNMOVEMENT:0.5663637916112021
C_CENTERCONTROL:0.4126940481906526
C_DEVELOPPIECES:0.3525901054246496
C_MATERIAL:0.5103517476106131
