ELO:988
CE_PASSEDPAWNS:0.5170604873017042
CE_PAWNWEAKNESSES:0.5344334867378939
CE_PIECEACTIVITY:0.5037215909402065
CE_KINGPAWNSHIELD:0.4821638276013704
CE_PIECECOORDINATION:0.4862675375342236
CE_MATERIAL:0.5517405154590023
CE_KINGSAFETY:0.488856321802512
C_PIECESQUARETABLES:0.5
C_MOBILITY:0.5134960902018061
C_KINGSAFETY:0.5042073236741071
C_PAWNSTRUCTURE:0.496701342524089
C_PIECECOORDINATION:0.510716940656016
C_ROOK:0.5534874479042161
CE_ROOK:0.539885046149856
C_CENTERCONTROL:0.49199521703506915
C_DEVELOPPIECES:0.48635866283104867
C_MATERIAL:0.5662844384463738
C_MOVECOUNT:0.5121562913607467
C_PAWNMOVEMENT:0.49489056651679103
