ELO:1000
CE_PASSEDPAWNS:0.5021461249937654
CE_PAWNWEAKNESSES:0.5176220803440732
CE_PIECEACTIVITY:0.4942331151798492
CE_KINGPAWNSHIELD:0.4825774297060822
CE_PIECECOORDINATION:0.44834053054726586
CE_MATERIAL:0.49117431000341955
CE_KINGSAFETY:0.45483623227308245
C_PIECESQUARETABLES:0.4578197820583111
C_MOBILITY:0.514389668235204
C_KINGSAFETY:0.5190267167249175
C_PAWNSTRUCTURE:0.512932442261232
C_PIECECOORDINATION:0.5008706472265602
C_ROOKANDPAWNMOVEMENT:0.5008706472265602
C_CENTERCONTROL:0.5202232580704957
C_DEVELOPPIECES:0.5482294044762436
C_MATERIAL:0.48753324437125795
