ELO:964
CE_PASSEDPAWNS:0.5183736802288604
CE_PAWNWEAKNESSES:0.5929615382311169
CE_PIECEACTIVITY:0.4624232024937967
CE_KINGPAWNSHIELD:0.5402672213227983
CE_PIECECOORDINATION:0.4577122374335133
CE_MATERIAL:0.545526980022564
CE_KINGSAFETY:0.49148011013644893
C_PIECESQUARETABLES:0.4737836854120607
C_MOBILITY:0.46754284210737607
C_KINGSAFETY:0.5049606380051168
C_PAWNSTRUCTURE:0.5193228641496959
C_PIECECOORDINATION:0.46750567863687825
C_ROOKANDPAWNMOVEMENT:0.46750567863687825
C_CENTERCONTROL:0.5327497260345633
C_DEVELOPPIECES:0.5286838021913642
C_MATERIAL:0.504396101105793
