ELO:1000
CE_PASSEDPAWNS:0.521467441159119
CE_PAWNWEAKNESSES:0.5280429667268653
CE_PIECEACTIVITY:0.49836791790880797
CE_KINGPAWNSHIELD:0.46833378740121545
CE_PIECECOORDINATION:0.4891255016133429
CE_MATERIAL:0.5228130184891918
CE_KINGSAFETY:0.4842335300470788
C_PIECESQUARETABLES:0.464816910030468
C_MOBILITY:0.49828654109965725
C_KINGSAFETY:0.5529519937446918
C_PAWNSTRUCTURE:0.5064850222981865
C_PIECECOORDINATION:0.49781028592347365
C_ROOKANDPAWNMOVEMENT:0.49781028592347365
C_CENTERCONTROL:0.5089964543596729
C_DEVELOPPIECES:0.5663497157499903
C_MATERIAL:0.5346209510138118
