ELO:889
CE_PASSEDPAWNS:0.5123879617417701
CE_PAWNWEAKNESSES:0.5193284419942806
CE_PIECEACTIVITY:0.5027808358419074
CE_KINGPAWNSHIELD:0.5039826981028119
CE_PIECECOORDINATION:0.48939732613159476
CE_MATERIAL:0.5141646435426777
CE_KINGSAFETY:0.5
C_PIECESQUARETABLES:0.49762126312635674
C_MOBILITY:0.4984870935482501
C_KINGSAFETY:0.55328488636206
C_PAWNSTRUCTURE:0.4729607342097245
C_PIECECOORDINATION:0.4784874329137209
C_ROOK:0.5023147537354515
CE_ROOK:0.5358898389949068
C_CENTERCONTROL:0.5107704948375272
C_DEVELOPPIECES:0.48734815273930576
C_MATERIAL:0.45570790390195226
C_MOVECOUNT:0.5298899777849984
C_PAWNMOVEMENT:0.4571330133891717
