ELO:896
CE_PASSEDPAWNS:0.5084378887256807
CE_PAWNWEAKNESSES:0.5658702209360361
CE_PIECEACTIVITY:0.4702171743076192
CE_KINGPAWNSHIELD:0.5300962894493335
CE_PIECECOORDINATION:0.4253737954721685
CE_MATERIAL:0.5313725614962294
CE_KINGSAFETY:0.5214065865369033
C_PIECESQUARETABLES:0.4869160960589383
C_MOBILITY:0.4087945711069863
C_KINGSAFETY:0.45308437840280924
C_PAWNSTRUCTURE:0.5671594781640011
C_PIECECOORDINATION:0.5652205492389859
C_ROOKANDPAWNMOVEMENT:0.5652205492389859
C_CENTERCONTROL:0.5096809851212654
C_DEVELOPPIECES:0.5515571021855554
C_MATERIAL:0.4552403506764245
