ELO:963
CE_PASSEDPAWNS:0.5140791679559725
CE_PAWNWEAKNESSES:0.4944602608091654
CE_PIECEACTIVITY:0.4904397946669253
CE_KINGPAWNSHIELD:0.5044191013133127
CE_PIECECOORDINATION:0.5041373305259483
CE_MATERIAL:0.49610211687543776
CE_KINGSAFETY:0.5113920117895787
C_PIECESQUARETABLES:0.49808092159979617
C_MOBILITY:0.5313309140179114
C_KINGSAFETY:0.48001937301561665
C_PAWNSTRUCTURE:0.5263738922645366
C_PIECECOORDINATION:0.49558861376418073
C_ROOK:0.535663234903353
CE_ROOK:0.5035547391877903
C_CENTERCONTROL:0.4734533570849535
C_DEVELOPPIECES:0.4715979438201424
C_MATERIAL:0.5003806824080997
C_MOVECOUNT:0.4677309262152836
C_PAWNMOVEMENT:0.521479298200149
