ELO:1039
CE_PASSEDPAWNS:0.5
CE_PAWNWEAKNESSES:0.5119362534302083
CE_PIECEACTIVITY:0.5
CE_KINGPAWNSHIELD:0.5036857336567319
CE_PIECECOORDINATION:0.5075335895907983
CE_MATERIAL:0.49248892948634104
CE_KINGSAFETY:0.5
C_PIECESQUARETABLES:0.5
C_MOBILITY:0.5
C_KINGSAFETY:0.4923578450082604
C_PAWNSTRUCTURE:0.5
C_PIECECOORDINATION:0.5
C_ROOKANDPAWNMOVEMENT:0.5
C_CENTERCONTROL:0.4870304347543543
C_DEVELOPPIECES:0.5087359041418192
C_MATERIAL:0.48266945098455977
C_MOVECOUNT:0.5
