ELO:594
CE_PASSEDPAWNS:0.4684259795242134
CE_PAWNWEAKNESSES:0.6232578187447584
CE_PIECEACTIVITY:0.5288799510113276
CE_KINGPAWNSHIELD:0.5269905810601642
CE_PIECECOORDINATION:0.5454038756488649
CE_MATERIAL:0.5523905456549592
CE_KINGSAFETY:0.5144848885034525
C_PIECESQUARETABLES:0.4856800711468847
C_MOBILITY:0.4190215420687971
C_KINGSAFETY:0.5655984334399499
C_PAWNSTRUCTURE:0.4656845238812805
C_PIECECOORDINATION:0.5333489934589227
C_ROOKANDPAWNMOVEMENT:0.5333489934589227
C_CENTERCONTROL:0.49684521799651976
C_DEVELOPPIECES:0.4672008650257127
C_MATERIAL:0.5277349654151815
C_MOVECOUNT:0.5
