ELO:1000
CE_PASSEDPAWNS:0.5354654046722745
CE_PAWNWEAKNESSES:0.4681947765594044
CE_PIECEACTIVITY:0.5109611339105373
CE_KINGPAWNSHIELD:0.5106507848258266
CE_PIECECOORDINATION:0.5096230191181406
CE_MATERIAL:0.46671573845172354
CE_KINGSAFETY:0.5331173642083847
C_PIECESQUARETABLES:0.4722206846961003
C_MOBILITY:0.4836911825428374
C_KINGSAFETY:0.5072308069601877
C_PAWNSTRUCTURE:0.5005855286887243
C_PIECECOORDINATION:0.5110481371555019
C_ROOKANDPAWNMOVEMENT:0.5110481371555019
C_CENTERCONTROL:0.5334459633840323
C_DEVELOPPIECES:0.5160194864235449
C_MATERIAL:0.5446712361581239
