ELO:988
CE_PASSEDPAWNS:0.37846666824909453
CE_PAWNWEAKNESSES:0.5034141203855159
CE_PIECEACTIVITY:0.5591827800809854
CE_KINGPAWNSHIELD:0.4768280141415253
CE_PIECECOORDINATION:0.44263571491357934
CE_MATERIAL:0.4694181679613265
CE_KINGSAFETY:0.4881774827363051
C_PIECESQUARETABLES:0.5
C_MOBILITY:0.4985988966602662
C_KINGSAFETY:0.5711133933670628
C_PAWNSTRUCTURE:0.3344983936010981
C_PIECECOORDINATION:0.43449278110267825
C_ROOKANDPAWNMOVEMENT:0.43449278110267825
C_CENTERCONTROL:0.34885820060779243
C_DEVELOPPIECES:0.48463106472835726
C_MATERIAL:0.6828983766046607
