ELO:1004
CE_PASSEDPAWNS:0.5051760535855757
CE_PAWNWEAKNESSES:0.5078128488422025
CE_PIECEACTIVITY:0.4925408077856673
CE_KINGPAWNSHIELD:0.5080317715945133
CE_PIECECOORDINATION:0.4982466772720882
CE_MATERIAL:0.4758580306554556
CE_KINGSAFETY:0.49694997376742045
C_PIECESQUARETABLES:0.5371629888404528
C_MOBILITY:0.5015307147309221
C_KINGSAFETY:0.5050174935779994
C_PAWNSTRUCTURE:0.5047143588100885
C_PIECECOORDINATION:0.5001132087716939
C_ROOKANDPAWNMOVEMENT:0.5001132087716939
C_CENTERCONTROL:0.5034424817642819
C_DEVELOPPIECES:0.5352064212531048
C_MATERIAL:0.49830160068975055
C_MOVECOUNT:0.49952194746042194
