ELO:657
CE_PASSEDPAWNS:0.5424500295615291
CE_PAWNWEAKNESSES:0.4656810183956891
CE_PIECEACTIVITY:0.4949904283954017
CE_KINGPAWNSHIELD:0.469428206138012
CE_PIECECOORDINATION:0.5019020155020801
CE_MATERIAL:0.5490177279879052
CE_KINGSAFETY:0.496792122930265
C_PIECESQUARETABLES:0.48032167338430193
C_MOBILITY:0.5219260987527247
C_KINGSAFETY:0.5028250069524216
C_PAWNSTRUCTURE:0.5674616461450452
C_PIECECOORDINATION:0.46080966449293703
C_ROOKANDPAWNMOVEMENT:0.46080966449293703
C_CENTERCONTROL:0.49753555912095404
C_DEVELOPPIECES:0.4081965559823144
C_MATERIAL:0.44879673306457213
C_MOVECOUNT:0.4545882496062642
