ELO:974
CE_PASSEDPAWNS:0.5019060169742598
CE_PAWNWEAKNESSES:0.4944602608091654
CE_PIECEACTIVITY:0.4917002593328468
CE_KINGPAWNSHIELD:0.5044191013133127
CE_PIECECOORDINATION:0.5041373305259483
CE_MATERIAL:0.49610211687543776
CE_KINGSAFETY:0.5113920117895787
C_PIECESQUARETABLES:0.49808092159979617
C_MOBILITY:0.5233681153545938
C_KINGSAFETY:0.4868889848970675
C_PAWNSTRUCTURE:0.5263738922645366
C_PIECECOORDINATION:0.505132339755995
C_ROOK:0.535663234903353
CE_ROOK:0.5035547391877903
C_CENTERCONTROL:0.4734533570849535
C_DEVELOPPIECES:0.46838442487965787
C_MATERIAL:0.5100284098651963
C_MOVECOUNT:0.4677309262152836
C_PAWNMOVEMENT:0.521479298200149
