ELO:983
CE_PASSEDPAWNS:0.5449892953279356
CE_PAWNWEAKNESSES:0.5304442440284078
CE_PIECEACTIVITY:0.4571711467029481
CE_KINGPAWNSHIELD:0.5055140647790489
CE_PIECECOORDINATION:0.4728558224814256
CE_MATERIAL:0.5128325993459978
CE_KINGSAFETY:0.5
C_PIECESQUARETABLES:0.5
C_MOBILITY:0.4742584919379341
C_KINGSAFETY:0.5517679663539817
C_PAWNSTRUCTURE:0.49101570881095014
C_PIECECOORDINATION:0.45576766041279587
C_ROOKANDPAWNMOVEMENT:0.45576766041279587
C_CENTERCONTROL:0.5246548973765196
C_DEVELOPPIECES:0.5935861905795169
C_MATERIAL:0.5598644119804217
