ELO:981
CE_PASSEDPAWNS:0.487990684873559
CE_PAWNWEAKNESSES:0.47801540808733306
CE_PIECEACTIVITY:0.49305801250946235
CE_KINGPAWNSHIELD:0.49943008525808763
CE_PIECECOORDINATION:0.5129309003875685
CE_MATERIAL:0.4902030497835046
CE_KINGSAFETY:0.48787378122623304
C_PIECESQUARETABLES:0.507974331676543
C_MOBILITY:0.5
C_KINGSAFETY:0.48741112666045366
C_PAWNSTRUCTURE:0.5270833812401845
C_PIECECOORDINATION:0.5320235129102471
C_ROOKANDPAWNMOVEMENT:0.5320235129102471
C_CENTERCONTROL:0.4930385362340526
C_DEVELOPPIECES:0.5168196042723429
C_MATERIAL:0.510885292612451
C_MOVECOUNT:0.5
