ELO:972
CE_PASSEDPAWNS:0.5123328180673627
CE_PAWNWEAKNESSES:0.5015010226921105
CE_PIECEACTIVITY:0.5041643898760614
CE_KINGPAWNSHIELD:0.4957362417300185
CE_PIECECOORDINATION:0.4939356608525137
CE_MATERIAL:0.4975583587891633
CE_KINGSAFETY:0.4916110053494318
C_PIECESQUARETABLES:0.5
C_MOBILITY:0.5080330767044726
C_KINGSAFETY:0.48152786920493146
C_PAWNSTRUCTURE:0.5039580991127304
C_PIECECOORDINATION:0.48373869440415385
C_ROOK:0.5326695661516362
CE_ROOK:0.48837043000482977
C_CENTERCONTROL:0.4958454090745555
C_DEVELOPPIECES:0.4988781462654226
C_MATERIAL:0.4983581481176239
C_MOVECOUNT:0.47224736653034693
C_PAWNMOVEMENT:0.5142296640453596
