ELO:1021
CE_PASSEDPAWNS:0.49518063601007006
CE_PAWNWEAKNESSES:0.4870369523051619
CE_PIECEACTIVITY:0.5051687701203684
CE_KINGPAWNSHIELD:0.5085199667099795
CE_PIECECOORDINATION:0.49720411585954916
CE_MATERIAL:0.5202475577131204
CE_KINGSAFETY:0.5037244949763612
C_PIECESQUARETABLES:0.4921395719796418
C_MOBILITY:0.5062626755399422
C_KINGSAFETY:0.4945503926255498
C_PAWNSTRUCTURE:0.5011944029492685
C_PIECECOORDINATION:0.5
C_ROOKANDPAWNMOVEMENT:0.5
C_CENTERCONTROL:0.49562887000267886
C_DEVELOPPIECES:0.5070875250325665
C_MATERIAL:0.5
C_MOVECOUNT:0.5
