ELO:971
CE_PASSEDPAWNS:0.5195429056715469
CE_PAWNWEAKNESSES:0.5685915232795018
CE_PIECEACTIVITY:0.4408680317887065
CE_KINGPAWNSHIELD:0.5175287838804535
CE_PIECECOORDINATION:0.4673692164193854
CE_MATERIAL:0.5468260031549909
CE_KINGSAFETY:0.5
C_PIECESQUARETABLES:0.4871493381422071
C_MOBILITY:0.4720645104161594
C_KINGSAFETY:0.5047946178991323
C_PAWNSTRUCTURE:0.5201989558644732
C_PIECECOORDINATION:0.44600219173578987
C_ROOKANDPAWNMOVEMENT:0.44600219173578987
C_CENTERCONTROL:0.5056402065755153
C_DEVELOPPIECES:0.5236223873180588
C_MATERIAL:0.5151520782531527
