ELO:944
CE_PASSEDPAWNS:0.5487190410277405
CE_PAWNWEAKNESSES:0.5841018716762277
CE_PIECEACTIVITY:0.4598502240182021
CE_KINGPAWNSHIELD:0.5154060417098109
CE_PIECECOORDINATION:0.45670287016972644
CE_MATERIAL:0.5201656350272785
CE_KINGSAFETY:0.527993577454869
C_PIECESQUARETABLES:0.5055464825032963
C_MOBILITY:0.44936062781060276
C_KINGSAFETY:0.4636770522475945
C_PAWNSTRUCTURE:0.5309308400762511
C_PIECECOORDINATION:0.4925709577599415
C_ROOKANDPAWNMOVEMENT:0.4925709577599415
C_CENTERCONTROL:0.49663967462461117
C_DEVELOPPIECES:0.5643488087527161
C_MATERIAL:0.5113238355135468
