ELO:984
CE_PASSEDPAWNS:0.4983532259431453
CE_PAWNWEAKNESSES:0.5183642725921311
CE_PIECEACTIVITY:0.4966289682391539
CE_KINGPAWNSHIELD:0.4820893825351471
CE_PIECECOORDINATION:0.49971588643510917
CE_MATERIAL:0.49729137157536857
CE_KINGSAFETY:0.5
C_PIECESQUARETABLES:0.4990222994003052
C_MOBILITY:0.5084651304147108
C_KINGSAFETY:0.49472460306241967
C_PAWNSTRUCTURE:0.5007663199986003
C_PIECECOORDINATION:0.5029079747270793
C_ROOK:0.4945627279587846
CE_ROOK:0.4862371897852688
C_CENTERCONTROL:0.4923571370871888
C_DEVELOPPIECES:0.5070028331430707
C_MATERIAL:0.48106226613174935
C_MOVECOUNT:0.49092097300502435
C_PAWNMOVEMENT:0.5165504748259886
