ELO:984
CE_PASSEDPAWNS:0.5104451578606009
CE_PAWNWEAKNESSES:0.5111790638647665
CE_PIECEACTIVITY:0.5085992536697413
CE_KINGPAWNSHIELD:0.48609731866890066
CE_PIECECOORDINATION:0.4939356608525137
CE_MATERIAL:0.4975583587891633
CE_KINGSAFETY:0.5
C_PIECESQUARETABLES:0.4990222994003052
C_MOBILITY:0.5027660107570129
C_KINGSAFETY:0.4975364736371314
C_PAWNSTRUCTURE:0.5030286496200429
C_PIECECOORDINATION:0.49206749828737073
C_ROOK:0.5171722707571619
CE_ROOK:0.47651823173728985
C_CENTERCONTROL:0.49583778135773043
C_DEVELOPPIECES:0.4995191735356685
C_MATERIAL:0.49025429207094057
C_MOVECOUNT:0.47941469667845676
C_PAWNMOVEMENT:0.5009860535674282
