ELO:1018
CE_PASSEDPAWNS:0.5144290886110523
CE_PAWNWEAKNESSES:0.5131494075750438
CE_PIECEACTIVITY:0.5
CE_KINGPAWNSHIELD:0.5036095541973236
CE_PIECECOORDINATION:0.5125639105576728
CE_MATERIAL:0.5189507012992535
CE_KINGSAFETY:0.5
C_PIECESQUARETABLES:0.4915409602223621
C_MOBILITY:0.5024047604499607
C_KINGSAFETY:0.4938756866825831
C_PAWNSTRUCTURE:0.5015053151533774
C_PIECECOORDINATION:0.5175278957170094
C_ROOKANDPAWNMOVEMENT:0.5175278957170094
C_CENTERCONTROL:0.5
C_DEVELOPPIECES:0.46903602843846837
C_MATERIAL:0.5062452916955863
C_MOVECOUNT:0.49828484960010544
