ELO:972
CE_PASSEDPAWNS:0.4983532259431453
CE_PAWNWEAKNESSES:0.5102856194436546
CE_PIECEACTIVITY:0.5071277319210921
CE_KINGPAWNSHIELD:0.49679485753792285
CE_PIECECOORDINATION:0.49971588643510917
CE_MATERIAL:0.49729137157536857
CE_KINGSAFETY:0.5
C_PIECESQUARETABLES:0.506109420369702
C_MOBILITY:0.5109463273666027
C_KINGSAFETY:0.5051643264896554
C_PAWNSTRUCTURE:0.5051115029069196
C_PIECECOORDINATION:0.5
C_ROOK:0.48663408935978125
CE_ROOK:0.4862371897852688
C_CENTERCONTROL:0.4923571370871888
C_DEVELOPPIECES:0.5065385742509143
C_MATERIAL:0.47608991650992977
C_MOVECOUNT:0.4992696014235841
C_PAWNMOVEMENT:0.5178536826049395
