ELO:996
CE_PASSEDPAWNS:0.4818214647687535
CE_PAWNWEAKNESSES:0.5
CE_PIECEACTIVITY:0.47822750565193656
CE_KINGPAWNSHIELD:0.5046733812659416
CE_PIECECOORDINATION:0.5211818463738732
CE_MATERIAL:0.5072419896428001
CE_KINGSAFETY:0.5
C_PIECESQUARETABLES:0.5
C_MOBILITY:0.5
C_KINGSAFETY:0.5026549309787284
C_PAWNSTRUCTURE:0.5042229490861437
C_PIECECOORDINATION:0.5029299644180986
C_ROOKANDPAWNMOVEMENT:0.5029299644180986
C_CENTERCONTROL:0.47812605389507656
C_DEVELOPPIECES:0.514750598443005
C_MATERIAL:0.4932844846619194
C_MOVECOUNT:0.5
