ELO:971
CE_PASSEDPAWNS:0.4970328883942465
CE_PAWNWEAKNESSES:0.47708106369984704
CE_PIECEACTIVITY:0.4971423106212996
CE_KINGPAWNSHIELD:0.4859271012504142
CE_PIECECOORDINATION:0.5522268197009872
CE_MATERIAL:0.4196832540818907
CE_KINGSAFETY:0.49241286224358893
C_PIECESQUARETABLES:0.5139906242924348
C_MOBILITY:0.4872591895509706
C_KINGSAFETY:0.531044720825695
C_PAWNSTRUCTURE:0.5916628134973487
C_PIECECOORDINATION:0.5598218661611469
C_ROOKANDPAWNMOVEMENT:0.5598218661611469
C_CENTERCONTROL:0.40931023589842813
C_DEVELOPPIECES:0.5601993479135672
C_MATERIAL:0.5038986725370388
