ELO:997
CE_PASSEDPAWNS:0.497731870773029
CE_PAWNWEAKNESSES:0.5
CE_PIECEACTIVITY:0.5039318833633863
CE_KINGPAWNSHIELD:0.49595141814810567
CE_PIECECOORDINATION:0.5
CE_MATERIAL:0.49598684536033266
CE_KINGSAFETY:0.4956637811302005
C_PIECESQUARETABLES:0.5121467359450648
C_MOBILITY:0.5083117416917868
C_KINGSAFETY:0.5
C_PAWNSTRUCTURE:0.5038602237832491
C_PIECECOORDINATION:0.496368523566488
C_ROOKANDPAWNMOVEMENT:0.496368523566488
C_CENTERCONTROL:0.48909002677444297
C_DEVELOPPIECES:0.5119424887789774
C_MATERIAL:0.488247818612093
C_MOVECOUNT:0.5
