ELO:1001
CE_PASSEDPAWNS:0.5089511830834902
CE_PAWNWEAKNESSES:0.5003902715685036
CE_PIECEACTIVITY:0.5074955193910428
CE_KINGPAWNSHIELD:0.5023110307964399
CE_PIECECOORDINATION:0.5265756069405853
CE_MATERIAL:0.46275865749933687
CE_KINGSAFETY:0.5
C_PIECESQUARETABLES:0.5
C_MOBILITY:0.4346272988272857
C_KINGSAFETY:0.523891415519569
C_PAWNSTRUCTURE:0.5
C_PIECECOORDINATION:0.5102384125149871
C_ROOK:0.4820435025592838
CE_ROOK:0.4863324650030785
C_CENTERCONTROL:0.4529636303463352
C_DEVELOPPIECES:0.5019174547484602
C_MATERIAL:0.49893203429691124
C_MOVECOUNT:0.47024348496951546
C_PAWNMOVEMENT:0.5107510682882381
