ELO:883
CE_PASSEDPAWNS:0.5133800718704705
CE_PAWNWEAKNESSES:0.5345828242167433
CE_PIECEACTIVITY:0.5289442808888762
CE_KINGPAWNSHIELD:0.44731962251588964
CE_PIECECOORDINATION:0.5047922197415046
CE_MATERIAL:0.48438727908033813
CE_KINGSAFETY:0.5
C_PIECESQUARETABLES:0.5
C_MOBILITY:0.497872004215886
C_KINGSAFETY:0.5605394561377709
C_PAWNSTRUCTURE:0.4933667901990573
C_PIECECOORDINATION:0.5403828778191111
C_ROOKANDPAWNMOVEMENT:0.5403828778191111
C_CENTERCONTROL:0.5442925946818321
C_DEVELOPPIECES:0.5001610201690191
C_MATERIAL:0.4718200072498784
C_MOVECOUNT:0.5
