ELO:1071
CE_PASSEDPAWNS:0.5
CE_PAWNWEAKNESSES:0.5174085643149413
CE_PIECEACTIVITY:0.5
CE_KINGPAWNSHIELD:0.5030571267066213
CE_PIECECOORDINATION:0.514397670978007
CE_MATERIAL:0.5183149646842176
CE_KINGSAFETY:0.5068411578425637
C_PIECESQUARETABLES:0.5138582465783336
C_MOBILITY:0.5
C_KINGSAFETY:0.5
C_PAWNSTRUCTURE:0.510312442760725
C_PIECECOORDINATION:0.4465167180451496
C_ROOKANDPAWNMOVEMENT:0.4465167180451496
C_CENTERCONTROL:0.4911718310496961
C_DEVELOPPIECES:0.5050731795422617
C_MATERIAL:0.4892779066874848
C_MOVECOUNT:0.5
