ELO:990
CE_PASSEDPAWNS:0.5457345729423272
CE_PAWNWEAKNESSES:0.47567368824634026
CE_PIECEACTIVITY:0.5698208918989539
CE_KINGPAWNSHIELD:0.3953034024030538
CE_PIECECOORDINATION:0.45648493335952683
CE_MATERIAL:0.5030403841932721
CE_KINGSAFETY:0.5
C_PIECESQUARETABLES:0.5
C_MOBILITY:0.6088220706285413
C_KINGSAFETY:0.5234174660962372
C_PAWNSTRUCTURE:0.3974960377332616
C_PIECECOORDINATION:0.5562674503149065
C_ROOKANDPAWNMOVEMENT:0.5562674503149065
C_CENTERCONTROL:0.38741879983946736
C_DEVELOPPIECES:0.5933423053266473
C_MATERIAL:0.6201906658387899
