ELO:996
CE_PASSEDPAWNS:0.4924970405912216
CE_PAWNWEAKNESSES:0.5059525159266661
CE_PIECEACTIVITY:0.5076223210835036
CE_KINGPAWNSHIELD:0.49959333238038367
CE_PIECECOORDINATION:0.4991194311633926
CE_MATERIAL:0.5005682646232779
CE_KINGSAFETY:0.5
C_PIECESQUARETABLES:0.5
C_MOBILITY:0.5004063146844976
C_KINGSAFETY:0.5109290543392725
C_PAWNSTRUCTURE:0.5139027283282201
C_PIECECOORDINATION:0.5012676845179378
C_ROOKANDPAWNMOVEMENT:0.5012676845179378
C_CENTERCONTROL:0.5053371301808673
C_DEVELOPPIECES:0.5107714853024297
C_MATERIAL:0.5085860600713052
C_MOVECOUNT:0.475472152323564
