ELO:996
CE_PASSEDPAWNS:0.4918693024075597
CE_PAWNWEAKNESSES:0.5029819958838089
CE_PIECEACTIVITY:0.5463875983585919
CE_KINGPAWNSHIELD:0.4832406370636849
CE_PIECECOORDINATION:0.4714727288196666
CE_MATERIAL:0.5215701252880488
CE_KINGSAFETY:0.5
C_PIECESQUARETABLES:0.5
C_MOBILITY:0.5214648957387107
C_KINGSAFETY:0.50787003621876
C_PAWNSTRUCTURE:0.49155286495881056
C_PIECECOORDINATION:0.4022686103782038
C_ROOKANDPAWNMOVEMENT:0.4022686103782038
C_CENTERCONTROL:0.4168979065152894
C_DEVELOPPIECES:0.45515856606073235
C_MATERIAL:0.4887024044767712
C_MOVECOUNT:0.5
