ELO:936
CE_PASSEDPAWNS:0.5586814048726642
CE_PAWNWEAKNESSES:0.6054426427481325
CE_PIECEACTIVITY:0.4670657977211147
CE_KINGPAWNSHIELD:0.5655414388002522
CE_PIECECOORDINATION:0.5124393100310013
CE_MATERIAL:0.4727991705009817
CE_KINGSAFETY:0.5414843512997298
C_PIECESQUARETABLES:0.5355428040373402
C_MOBILITY:0.44072961577009984
C_KINGSAFETY:0.5640529865416014
C_PAWNSTRUCTURE:0.5218531593187737
C_PIECECOORDINATION:0.4767259540593914
C_ROOKANDPAWNMOVEMENT:0.4767259540593914
C_CENTERCONTROL:0.45357935854265863
C_DEVELOPPIECES:0.5118719824587512
C_MATERIAL:0.46342797393720025
