ELO:1040
CE_PASSEDPAWNS:0.4919572662516037
CE_PAWNWEAKNESSES:0.5
CE_PIECEACTIVITY:0.5
CE_KINGPAWNSHIELD:0.474689607277231
CE_PIECECOORDINATION:0.4906057418488837
CE_MATERIAL:0.4951557508689399
CE_KINGSAFETY:0.46535617270053686
C_PIECESQUARETABLES:0.5
C_MOBILITY:0.5
C_KINGSAFETY:0.5
C_PAWNSTRUCTURE:0.5104704862187448
C_PIECECOORDINATION:0.5
C_ROOKANDPAWNMOVEMENT:0.5
C_CENTERCONTROL:0.49273421943431595
C_DEVELOPPIECES:0.5221733252402069
C_MATERIAL:0.5092959005522141
C_MOVECOUNT:0.5
