ELO:958
CE_PASSEDPAWNS:0.5184369133478204
CE_PAWNWEAKNESSES:0.5533010064933539
CE_PIECEACTIVITY:0.46980932951810594
CE_KINGPAWNSHIELD:0.5860257587607387
CE_PIECECOORDINATION:0.5411011465059343
CE_MATERIAL:0.47996137871296646
CE_KINGSAFETY:0.5057758060154038
C_PIECESQUARETABLES:0.5053703604287081
C_MOBILITY:0.49352634130058726
C_KINGSAFETY:0.5680735285242343
C_PAWNSTRUCTURE:0.5177801900266682
C_PIECECOORDINATION:0.48614308558895186
C_ROOKANDPAWNMOVEMENT:0.48614308558895186
C_CENTERCONTROL:0.45011695702107773
C_DEVELOPPIECES:0.5145259124102564
C_MATERIAL:0.48505596786361793
