ELO:938
CE_PASSEDPAWNS:0.5411243405662215
CE_PAWNWEAKNESSES:0.6285856946122296
CE_PIECEACTIVITY:0.4461386681211974
CE_KINGPAWNSHIELD:0.5624097806250165
CE_PIECECOORDINATION:0.48988559099746515
CE_MATERIAL:0.47881434188372435
CE_KINGSAFETY:0.4967029577768733
C_PIECESQUARETABLES:0.507672588238368
C_MOBILITY:0.42387515163080863
C_KINGSAFETY:0.5579084497297978
C_PAWNSTRUCTURE:0.5323344985560379
C_PIECECOORDINATION:0.48940816763074435
C_ROOKANDPAWNMOVEMENT:0.48940816763074435
C_CENTERCONTROL:0.4563628434712294
C_DEVELOPPIECES:0.4902814517474516
C_MATERIAL:0.4767164105725577
