ELO:1014
CE_PASSEDPAWNS:0.5
CE_PAWNWEAKNESSES:0.5054935215545584
CE_PIECEACTIVITY:0.5101344758176581
CE_KINGPAWNSHIELD:0.503313268196719
CE_PIECECOORDINATION:0.5
CE_MATERIAL:0.5048252680483948
CE_KINGSAFETY:0.5
C_PIECESQUARETABLES:0.5
C_MOBILITY:0.4925815005198467
C_KINGSAFETY:0.5207148456705626
C_PAWNSTRUCTURE:0.5
C_PIECECOORDINATION:0.49301265667327765
C_ROOKANDPAWNMOVEMENT:0.49301265667327765
C_CENTERCONTROL:0.4993659115264845
C_DEVELOPPIECES:0.4863079325238062
C_MATERIAL:0.5
C_MOVECOUNT:0.5
