ELO:985
CE_PASSEDPAWNS:0.5268823027035192
CE_PAWNWEAKNESSES:0.5074418417120208
CE_PIECEACTIVITY:0.504034591132461
CE_KINGPAWNSHIELD:0.4674821765208969
CE_PIECECOORDINATION:0.50489954937855
CE_MATERIAL:0.5079185302733551
CE_KINGSAFETY:0.5
C_PIECESQUARETABLES:0.4999386930218131
C_MOBILITY:0.4736221726839294
C_KINGSAFETY:0.4879195494760535
C_PAWNSTRUCTURE:0.5099490951771054
C_PIECECOORDINATION:0.5020161070022588
C_ROOK:0.5353196425665266
CE_ROOK:0.5377862084512953
C_CENTERCONTROL:0.4775646285200769
C_DEVELOPPIECES:0.5001136089693015
C_MATERIAL:0.5116653143617705
C_MOVECOUNT:0.4934902169501935
C_PAWNMOVEMENT:0.5291017409785489
