ELO:1000
CE_PASSEDPAWNS:0.48356545781846816
CE_PAWNWEAKNESSES:0.483417057646378
CE_PIECEACTIVITY:0.5299561473981029
CE_KINGPAWNSHIELD:0.5139946774803404
CE_PIECECOORDINATION:0.5352717830501096
CE_MATERIAL:0.4886227717130579
CE_KINGSAFETY:0.42338104877156835
C_PIECESQUARETABLES:0.5179487667585158
C_MOBILITY:0.5102847572264906
C_KINGSAFETY:0.5520613044984523
C_PAWNSTRUCTURE:0.5704983738210604
C_PIECECOORDINATION:0.5275765139721474
C_ROOKANDPAWNMOVEMENT:0.5275765139721474
C_CENTERCONTROL:0.4688141500337217
C_DEVELOPPIECES:0.4960300056904454
C_MATERIAL:0.49880047372939496
