ELO:1035
CE_PASSEDPAWNS:0.5
CE_PAWNWEAKNESSES:0.48346241315726174
CE_PIECEACTIVITY:0.5071382570163774
CE_KINGPAWNSHIELD:0.5069112575764635
CE_PIECECOORDINATION:0.5
CE_MATERIAL:0.47838775739363004
CE_KINGSAFETY:0.5
C_PIECESQUARETABLES:0.5
C_MOBILITY:0.5
C_KINGSAFETY:0.5061887060752237
C_PAWNSTRUCTURE:0.5036637334883535
C_PIECECOORDINATION:0.4989320237199875
C_ROOKANDPAWNMOVEMENT:0.4989320237199875
C_CENTERCONTROL:0.49219378961367505
C_DEVELOPPIECES:0.5109990375644146
C_MATERIAL:0.5
C_MOVECOUNT:0.5
