ELO:980
CE_PASSEDPAWNS:0.5300544138083663
CE_PAWNWEAKNESSES:0.5060953105573817
CE_PIECEACTIVITY:0.5073037743003387
CE_KINGPAWNSHIELD:0.4812831656850392
CE_PIECECOORDINATION:0.48954419225647666
CE_MATERIAL:0.516790561843673
CE_KINGSAFETY:0.47034933599630735
C_PIECESQUARETABLES:0.5067489075721731
C_MOBILITY:0.49169952790774185
C_KINGSAFETY:0.5033310464201571
C_PAWNSTRUCTURE:0.5169977360135861
C_PIECECOORDINATION:0.5047008425267998
C_ROOK:0.5233621203949018
CE_ROOK:0.5377862084512953
C_CENTERCONTROL:0.46972917661063573
C_DEVELOPPIECES:0.48775209508359885
C_MATERIAL:0.5127268039979862
C_MOVECOUNT:0.48308110092201295
C_PAWNMOVEMENT:0.5130495867226689
