ELO:1000
CE_PASSEDPAWNS:0.46046005121026
CE_PAWNWEAKNESSES:0.4996367363360517
CE_PIECEACTIVITY:0.49085886733061085
CE_KINGPAWNSHIELD:0.4726700412868846
CE_PIECECOORDINATION:0.5260286709431861
CE_MATERIAL:0.5064187718949649
CE_KINGSAFETY:0.5132684892199868
C_PIECESQUARETABLES:0.498724043000207
C_MOBILITY:0.5095786942373364
C_KINGSAFETY:0.49908156934552184
C_PAWNSTRUCTURE:0.45399111831343997
C_PIECECOORDINATION:0.565607433538601
C_ROOKANDPAWNMOVEMENT:0.565607433538601
C_CENTERCONTROL:0.4977173094071209
C_DEVELOPPIECES:0.5140111844864729
C_MATERIAL:0.4966280948824615
