ELO:1001
CE_PASSEDPAWNS:0.48432574673130596
CE_PAWNWEAKNESSES:0.48670941044842464
CE_PIECEACTIVITY:0.49161878511758483
CE_KINGPAWNSHIELD:0.4758543808091745
CE_PIECECOORDINATION:0.49201615779300845
CE_MATERIAL:0.47111829756945356
CE_KINGSAFETY:0.5
C_PIECESQUARETABLES:0.5
C_MOBILITY:0.49026422296193317
C_KINGSAFETY:0.49552767218887184
C_PAWNSTRUCTURE:0.5420386690241356
C_PIECECOORDINATION:0.5575992214602619
C_ROOK:0.5119910155169759
CE_ROOK:0.5184133480084185
C_CENTERCONTROL:0.5142620723065077
C_DEVELOPPIECES:0.45604698656746484
C_MATERIAL:0.48345985973522876
C_MOVECOUNT:0.5249548896683783
C_PAWNMOVEMENT:0.5049870011267442
