ELO:1019
CE_PASSEDPAWNS:0.5
CE_PAWNWEAKNESSES:0.5
CE_PIECEACTIVITY:0.5
CE_KINGPAWNSHIELD:0.5106651331755673
CE_PIECECOORDINATION:0.5
CE_MATERIAL:0.5
CE_KINGSAFETY:0.5
C_PIECESQUARETABLES:0.5
C_MOBILITY:0.4911755769783971
C_KINGSAFETY:0.5
C_PAWNSTRUCTURE:0.49005042943881105
C_PIECECOORDINATION:0.4993099406537204
C_ROOKANDPAWNMOVEMENT:0.4993099406537204
C_CENTERCONTROL:0.49496730827570207
C_DEVELOPPIECES:0.5119424887789774
C_MATERIAL:0.5171288501257149
C_MOVECOUNT:0.5
