ELO:984
CE_PASSEDPAWNS:0.5084473104751409
CE_PAWNWEAKNESSES:0.5040015122369569
CE_PIECEACTIVITY:0.5412503231619679
CE_KINGPAWNSHIELD:0.4506345606650836
CE_PIECECOORDINATION:0.5033112089246126
CE_MATERIAL:0.4888614351493812
CE_KINGSAFETY:0.5
C_PIECESQUARETABLES:0.47620513522292535
C_MOBILITY:0.46358294533193756
C_KINGSAFETY:0.45310004886355093
C_PAWNSTRUCTURE:0.4782243422008113
C_PIECECOORDINATION:0.49169303359631966
C_ROOKANDPAWNMOVEMENT:0.49169303359631966
C_CENTERCONTROL:0.48560860488198965
C_DEVELOPPIECES:0.4747775736791693
C_MATERIAL:0.5411163778257687
C_MOVECOUNT:0.5
