ELO:991
CE_PASSEDPAWNS:0.5171364950752138
CE_PAWNWEAKNESSES:0.5598820046458147
CE_PIECEACTIVITY:0.46263236411461156
CE_KINGPAWNSHIELD:0.5130612141316466
CE_PIECECOORDINATION:0.5092435127482062
CE_MATERIAL:0.5023960017524671
CE_KINGSAFETY:0.4670301997312386
C_PIECESQUARETABLES:0.5287909883923314
C_MOBILITY:0.47208283012264485
C_KINGSAFETY:0.5461321743715837
C_PAWNSTRUCTURE:0.4850638927519005
C_PIECECOORDINATION:0.4912226536802639
C_ROOKANDPAWNMOVEMENT:0.4912226536802639
C_CENTERCONTROL:0.4765479835256028
C_DEVELOPPIECES:0.5275981665173146
C_MATERIAL:0.4889474647267144
