ELO:932
CE_PASSEDPAWNS:0.5644418203220094
CE_PAWNWEAKNESSES:0.615505900730091
CE_PIECEACTIVITY:0.4444618856204365
CE_KINGPAWNSHIELD:0.5705771136377746
CE_PIECECOORDINATION:0.49965423934660014
CE_MATERIAL:0.4821574947032133
CE_KINGSAFETY:0.5077505948755786
C_PIECESQUARETABLES:0.5
C_MOBILITY:0.43142754100311104
C_KINGSAFETY:0.5559329833643548
C_PAWNSTRUCTURE:0.5328623893057186
C_PIECECOORDINATION:0.48823666336650845
C_ROOKANDPAWNMOVEMENT:0.48823666336650845
C_CENTERCONTROL:0.45761186298770323
C_DEVELOPPIECES:0.508923291847106
C_MATERIAL:0.46571342829391266
