ELO:1000
CE_PASSEDPAWNS:0.4907259208721481
CE_PAWNWEAKNESSES:0.5
CE_PIECEACTIVITY:0.496796402467298
CE_KINGPAWNSHIELD:0.5
CE_PIECECOORDINATION:0.5
CE_MATERIAL:0.49673746440282474
CE_KINGSAFETY:0.5
C_PIECESQUARETABLES:0.5
C_MOBILITY:0.5
C_KINGSAFETY:0.511065486279141
C_PAWNSTRUCTURE:0.5
C_PIECECOORDINATION:0.49198743023242825
C_ROOKANDPAWNMOVEMENT:0.49198743023242825
C_CENTERCONTROL:0.5010953471889527
C_DEVELOPPIECES:0.4928377930974533
C_MATERIAL:0.5092228414837009
