ELO:989
CE_PASSEDPAWNS:0.37268398739806924
CE_PAWNWEAKNESSES:0.49115017843536896
CE_PIECEACTIVITY:0.5594978002495871
CE_KINGPAWNSHIELD:0.47565902367818674
CE_PIECECOORDINATION:0.46544225017118723
CE_MATERIAL:0.5125313430690898
CE_KINGSAFETY:0.4945393318461593
C_PIECESQUARETABLES:0.5
C_MOBILITY:0.5001465408952577
C_KINGSAFETY:0.5504741798136416
C_PAWNSTRUCTURE:0.33214799389882604
C_PIECECOORDINATION:0.44930088813130376
C_ROOKANDPAWNMOVEMENT:0.44930088813130376
C_CENTERCONTROL:0.3407975836416901
C_DEVELOPPIECES:0.48463106472835726
C_MATERIAL:0.6921250516996714
