ELO:868
CE_PASSEDPAWNS:0.49218796271533294
CE_PAWNWEAKNESSES:0.4382700033313557
CE_PIECEACTIVITY:0.606752034698168
CE_KINGPAWNSHIELD:0.41868224167050444
CE_PIECECOORDINATION:0.5991113372166359
CE_MATERIAL:0.47113328897983525
CE_KINGSAFETY:0.46251092649300046
C_PIECESQUARETABLES:0.4951208107202014
C_MOBILITY:0.5241474692825164
C_KINGSAFETY:0.5339175454023323
C_PAWNSTRUCTURE:0.5208976910988105
C_PIECECOORDINATION:0.49544355223559927
C_ROOKANDPAWNMOVEMENT:0.49544355223559927
C_CENTERCONTROL:0.41006001294684913
C_DEVELOPPIECES:0.4332608953349341
C_MATERIAL:0.43277046538590913
