ELO:1054
CE_PASSEDPAWNS:0.4921853138179084
CE_PAWNWEAKNESSES:0.5
CE_PIECEACTIVITY:0.5
CE_KINGPAWNSHIELD:0.5140360407098452
CE_PIECECOORDINATION:0.4987931172735833
CE_MATERIAL:0.49255070235806375
CE_KINGSAFETY:0.5
C_PIECESQUARETABLES:0.5
C_MOBILITY:0.5
C_KINGSAFETY:0.49546514014102466
C_PAWNSTRUCTURE:0.5121933878414514
C_PIECECOORDINATION:0.5
C_ROOKANDPAWNMOVEMENT:0.5
C_CENTERCONTROL:0.49273421943431595
C_DEVELOPPIECES:0.5179150819011946
C_MATERIAL:0.4887024044767712
C_MOVECOUNT:0.5
