ELO:1000
CE_PASSEDPAWNS:0.4778392240527208
CE_PAWNWEAKNESSES:0.4745993259900839
CE_PIECEACTIVITY:0.5299561473981029
CE_KINGPAWNSHIELD:0.5176600226840903
CE_PIECECOORDINATION:0.5182182426642636
CE_MATERIAL:0.5060085527574287
CE_KINGSAFETY:0.4435414759116186
C_PIECESQUARETABLES:0.5168954191710822
C_MOBILITY:0.49674263699485166
C_KINGSAFETY:0.5278818279759494
C_PAWNSTRUCTURE:0.5574918182890392
C_PIECECOORDINATION:0.5388624603362099
C_ROOKANDPAWNMOVEMENT:0.5388624603362099
C_CENTERCONTROL:0.4725178640034626
C_DEVELOPPIECES:0.4983742126419732
C_MATERIAL:0.507598371408243
