ELO:1034
CE_PASSEDPAWNS:0.5
CE_PAWNWEAKNESSES:0.48878836550001614
CE_PIECEACTIVITY:0.5412503231619679
CE_KINGPAWNSHIELD:0.4931279155900227
CE_PIECECOORDINATION:0.5005831146250023
CE_MATERIAL:0.48949401981261653
CE_KINGSAFETY:0.5
C_PIECESQUARETABLES:0.5
C_MOBILITY:0.5114156134937939
C_KINGSAFETY:0.5089883691247459
C_PAWNSTRUCTURE:0.5037497649805003
C_PIECECOORDINATION:0.5
C_ROOKANDPAWNMOVEMENT:0.5
C_CENTERCONTROL:0.44788069469553177
C_DEVELOPPIECES:0.5
C_MATERIAL:0.5
C_MOVECOUNT:0.5
