ELO:1000
CE_PASSEDPAWNS:0.4606465836187466
CE_PAWNWEAKNESSES:0.5190869107516611
CE_PIECEACTIVITY:0.4781479321237483
CE_KINGPAWNSHIELD:0.4761722093795477
CE_PIECECOORDINATION:0.5188911108538808
CE_MATERIAL:0.510685440760769
CE_KINGSAFETY:0.5338963593851703
C_PIECESQUARETABLES:0.518560085533581
C_MOBILITY:0.49074395080790106
C_KINGSAFETY:0.4690490410325242
C_PAWNSTRUCTURE:0.4705017846721684
C_PIECECOORDINATION:0.5321747606270962
C_ROOKANDPAWNMOVEMENT:0.5321747606270962
C_CENTERCONTROL:0.49386741179859495
C_DEVELOPPIECES:0.5095041146273708
C_MATERIAL:0.5288994513776306
