ELO:1007
CE_PASSEDPAWNS:0.4533814074450195
CE_PAWNWEAKNESSES:0.42434726313756893
CE_PIECEACTIVITY:0.5290413583487379
CE_KINGPAWNSHIELD:0.512283353932152
CE_PIECECOORDINATION:0.4968220738977996
CE_MATERIAL:0.5031057475759783
CE_KINGSAFETY:0.6072629765576076
C_PIECESQUARETABLES:0.43882376652266825
C_MOBILITY:0.49108933400119376
C_KINGSAFETY:0.5406822512391317
C_PAWNSTRUCTURE:0.4433565275523936
C_PIECECOORDINATION:0.46258933237358013
C_ROOKANDPAWNMOVEMENT:0.46258933237358013
C_CENTERCONTROL:0.5256878164544235
C_DEVELOPPIECES:0.5123903327333602
C_MATERIAL:0.49774806747245254
C_MOVECOUNT:0.5
