ELO:1005
CE_PASSEDPAWNS:0.5023517552349256
CE_PAWNWEAKNESSES:0.5436642198200292
CE_PIECEACTIVITY:0.5
CE_KINGPAWNSHIELD:0.517047738082707
CE_PIECECOORDINATION:0.5
CE_MATERIAL:0.49338200528284026
CE_KINGSAFETY:0.49414955951991935
C_PIECESQUARETABLES:0.4941231655535612
C_MOBILITY:0.5
C_KINGSAFETY:0.5273484402890734
C_PAWNSTRUCTURE:0.5149221674243903
C_PIECECOORDINATION:0.5253880440537543
C_ROOKANDPAWNMOVEMENT:0.5253880440537543
C_CENTERCONTROL:0.4820421879154429
C_DEVELOPPIECES:0.49650900649301105
C_MATERIAL:0.5150488649590372
C_MOVECOUNT:0.49222883188177596
