ELO:918
CE_PASSEDPAWNS:0.46955940998527607
CE_PAWNWEAKNESSES:0.47482184792474086
CE_PIECEACTIVITY:0.5013001709744122
CE_KINGPAWNSHIELD:0.4865917949483263
CE_PIECECOORDINATION:0.5266289737401518
CE_MATERIAL:0.45001778241666235
CE_KINGSAFETY:0.49762658017876227
C_PIECESQUARETABLES:0.5098737570184396
C_MOBILITY:0.4811316830821921
C_KINGSAFETY:0.5408116965155791
C_PAWNSTRUCTURE:0.5509244585755594
C_PIECECOORDINATION:0.5458107543649859
C_ROOKANDPAWNMOVEMENT:0.5458107543649859
C_CENTERCONTROL:0.4227155729311146
C_DEVELOPPIECES:0.5888170473496029
C_MATERIAL:0.510860599053353
