ELO:1012
CE_PASSEDPAWNS:0.49189253080402395
CE_PAWNWEAKNESSES:0.5006358478396588
CE_PIECEACTIVITY:0.494525364227478
CE_KINGPAWNSHIELD:0.5
CE_PIECECOORDINATION:0.5296114762007456
CE_MATERIAL:0.4805382018732196
CE_KINGSAFETY:0.5
C_PIECESQUARETABLES:0.5
C_MOBILITY:0.48898580481494125
C_KINGSAFETY:0.5
C_PAWNSTRUCTURE:0.5231525627270004
C_PIECECOORDINATION:0.4976234534502717
C_ROOKANDPAWNMOVEMENT:0.4976234534502717
C_CENTERCONTROL:0.5053371301808673
C_DEVELOPPIECES:0.5209574096381253
C_MATERIAL:0.469996355831616
C_MOVECOUNT:0.4866253876723575
