ELO:1014
CE_PASSEDPAWNS:0.5074966970800562
CE_PAWNWEAKNESSES:0.5
CE_PIECEACTIVITY:0.5
CE_KINGPAWNSHIELD:0.5
CE_PIECECOORDINATION:0.49821887189061564
CE_MATERIAL:0.5000688103238908
CE_KINGSAFETY:0.5
C_PIECESQUARETABLES:0.5
C_MOBILITY:0.5
C_KINGSAFETY:0.45876284506314297
C_PAWNSTRUCTURE:0.5070958756022278
C_PIECECOORDINATION:0.523625818484096
C_ROOKANDPAWNMOVEMENT:0.523625818484096
C_CENTERCONTROL:0.5
C_DEVELOPPIECES:0.4863079325238062
C_MATERIAL:0.5014078712662475
C_MOVECOUNT:0.5
