ELO:1024
CE_PASSEDPAWNS:0.4957672287109434
CE_PAWNWEAKNESSES:0.4931749743950558
CE_PIECEACTIVITY:0.5
CE_KINGPAWNSHIELD:0.5
CE_PIECECOORDINATION:0.4898931753301701
CE_MATERIAL:0.5356233766527685
CE_KINGSAFETY:0.5037244949763612
C_PIECESQUARETABLES:0.4914193935433443
C_MOBILITY:0.4974141367395853
C_KINGSAFETY:0.4918893714169307
C_PAWNSTRUCTURE:0.49401330298494317
C_PIECECOORDINATION:0.5
C_ROOKANDPAWNMOVEMENT:0.5
C_CENTERCONTROL:0.5160789715121756
C_DEVELOPPIECES:0.5070875250325665
C_MATERIAL:0.494028613801552
C_MOVECOUNT:0.5
