ELO:990
CE_PASSEDPAWNS:0.4097482920431962
CE_PAWNWEAKNESSES:0.45389339567689807
CE_PIECEACTIVITY:0.5975814565428466
CE_KINGPAWNSHIELD:0.49605552237641726
CE_PIECECOORDINATION:0.5138962178399454
CE_MATERIAL:0.46670890985477814
CE_KINGSAFETY:0.48841090757047767
C_PIECESQUARETABLES:0.5
C_MOBILITY:0.6088220706285413
C_KINGSAFETY:0.5522425379602647
C_PAWNSTRUCTURE:0.6137456707403695
C_PIECECOORDINATION:0.492257981959518
C_ROOKANDPAWNMOVEMENT:0.492257981959518
C_CENTERCONTROL:0.37729304796932817
C_DEVELOPPIECES:0.5609281683428775
C_MATERIAL:0.6819727582155223
