ELO:1000
CE_PASSEDPAWNS:0.48917437737601926
CE_PAWNWEAKNESSES:0.5119906565307992
CE_PIECEACTIVITY:0.5253313221011161
CE_KINGPAWNSHIELD:0.5141119694845931
CE_PIECECOORDINATION:0.5115955840623223
CE_MATERIAL:0.48916010989802494
CE_KINGSAFETY:0.4598101087500579
C_PIECESQUARETABLES:0.5248066214050681
C_MOBILITY:0.5074434985935393
C_KINGSAFETY:0.5139792457121612
C_PAWNSTRUCTURE:0.5470766370823112
C_PIECECOORDINATION:0.509620971862725
C_ROOKANDPAWNMOVEMENT:0.509620971862725
C_CENTERCONTROL:0.48213084225927316
C_DEVELOPPIECES:0.461755902264925
C_MATERIAL:0.5061773886653796
