ELO:1036
CE_PASSEDPAWNS:0.493366406853043
CE_PAWNWEAKNESSES:0.5201033280014875
CE_PIECEACTIVITY:0.4930891682575395
CE_KINGPAWNSHIELD:0.49125752202934697
CE_PIECECOORDINATION:0.5335037667055654
CE_MATERIAL:0.4963332086602903
CE_KINGSAFETY:0.5
C_PIECESQUARETABLES:0.5
C_MOBILITY:0.5028209787007483
C_KINGSAFETY:0.49780795929225014
C_PAWNSTRUCTURE:0.5028808292882461
C_PIECECOORDINATION:0.5201670512737098
C_ROOK:0.4820435025592838
CE_ROOK:0.49431917977143686
C_CENTERCONTROL:0.49450810470261913
C_DEVELOPPIECES:0.526285254586999
C_MATERIAL:0.49893203429691124
C_MOVECOUNT:0.49683841815212487
C_PAWNMOVEMENT:0.508671075153686
