ELO:1000
CE_PASSEDPAWNS:0.48605148505539225
CE_PAWNWEAKNESSES:0.4793992803899633
CE_PIECEACTIVITY:0.5164380848029617
CE_KINGPAWNSHIELD:0.5301947513005432
CE_PIECECOORDINATION:0.5536326646674591
CE_MATERIAL:0.47698428930255543
CE_KINGSAFETY:0.4256499992461841
C_PIECESQUARETABLES:0.5494425635466881
C_MOBILITY:0.5154340461961296
C_KINGSAFETY:0.5431984538907801
C_PAWNSTRUCTURE:0.5682068027578003
C_PIECECOORDINATION:0.5339653012405846
C_ROOKANDPAWNMOVEMENT:0.5339653012405846
C_CENTERCONTROL:0.45263042741171317
C_DEVELOPPIECES:0.4970490034211869
C_MATERIAL:0.517306752486008
