ELO:919
CE_PASSEDPAWNS:0.5766699303670891
CE_PAWNWEAKNESSES:0.443461691857465
CE_PIECEACTIVITY:0.5770667537125554
CE_KINGPAWNSHIELD:0.48342365637424317
CE_PIECECOORDINATION:0.6555670392229823
CE_MATERIAL:0.6016821142535274
CE_KINGSAFETY:0.4836684973688681
C_PIECESQUARETABLES:0.47693233319294315
C_MOBILITY:0.4639808352741343
C_KINGSAFETY:0.4958669640726873
C_PAWNSTRUCTURE:0.4117102488552425
C_PIECECOORDINATION:0.5331222118499188
C_ROOKANDPAWNMOVEMENT:0.5331222118499188
C_CENTERCONTROL:0.4675226048934
C_DEVELOPPIECES:0.5277481281232095
C_MATERIAL:0.4740462621160588
