ELO:1012
CE_PASSEDPAWNS:0.49287951532188656
CE_PAWNWEAKNESSES:0.47342737610342533
CE_PIECEACTIVITY:0.49607853506020144
CE_KINGPAWNSHIELD:0.47044298087866615
CE_PIECECOORDINATION:0.5265756069405853
CE_MATERIAL:0.5
CE_KINGSAFETY:0.5
C_PIECESQUARETABLES:0.5
C_MOBILITY:0.5446054300523895
C_KINGSAFETY:0.523891415519569
C_PAWNSTRUCTURE:0.5137532917762233
C_PIECECOORDINATION:0.5102384125149871
C_ROOK:0.4820435025592838
CE_ROOK:0.48763154770178085
C_CENTERCONTROL:0.4529636303463352
C_DEVELOPPIECES:0.47413697981581215
C_MATERIAL:0.49893203429691124
C_MOVECOUNT:0.5
C_PAWNMOVEMENT:0.4997328587630776
