ELO:899
CE_PASSEDPAWNS:0.4898332183855512
CE_PAWNWEAKNESSES:0.49196274127291434
CE_PIECEACTIVITY:0.49823481466224906
CE_KINGPAWNSHIELD:0.5217906314709096
CE_PIECECOORDINATION:0.5028511995434611
CE_MATERIAL:0.547655670030166
CE_KINGSAFETY:0.5051825174199385
C_PIECESQUARETABLES:0.507189347749224
C_MOBILITY:0.5012786991719708
C_KINGSAFETY:0.5256557377824749
C_PAWNSTRUCTURE:0.5028807727267217
C_PIECECOORDINATION:0.547915521118759
C_ROOKANDPAWNMOVEMENT:0.547915521118759
C_CENTERCONTROL:0.5200284269237713
C_DEVELOPPIECES:0.47821484412102727
C_MATERIAL:0.48161809827001834
C_MOVECOUNT:0.5148419173078411
