ELO:888
CE_PASSEDPAWNS:0.5300606397090076
CE_PAWNWEAKNESSES:0.5564170500567016
CE_PIECEACTIVITY:0.6045474603297724
CE_KINGPAWNSHIELD:0.47853568949589104
CE_PIECECOORDINATION:0.5267827523432108
CE_MATERIAL:0.6017038939523616
CE_KINGSAFETY:0.5023429945870664
C_PIECESQUARETABLES:0.525974042147938
C_MOBILITY:0.43579581023564123
C_KINGSAFETY:0.46223571279988507
C_PAWNSTRUCTURE:0.5132309223554701
C_PIECECOORDINATION:0.5590725584484901
C_ROOKANDPAWNMOVEMENT:0.5590725584484901
C_CENTERCONTROL:0.4268858594186975
C_DEVELOPPIECES:0.5251579272750526
C_MATERIAL:0.5535911003661076
