ELO:1116
CE_PASSEDPAWNS:0.5955037066111589
CE_PAWNWEAKNESSES:0.5049538678398092
CE_PIECEACTIVITY:0.4863013883908988
CE_KINGPAWNSHIELD:0.49390818981708157
CE_PIECECOORDINATION:0.4677371606421478
CE_MATERIAL:0.4038400068652237
CE_KINGSAFETY:0.5
C_PIECESQUARETABLES:0.5
C_MOBILITY:0.4472519865335765
C_KINGSAFETY:0.5967327022394484
C_PAWNSTRUCTURE:0.4464511430490359
C_PIECECOORDINATION:0.4954996794160811
C_ROOKANDPAWNMOVEMENT:0.4954996794160811
C_CENTERCONTROL:0.4971758326519334
C_DEVELOPPIECES:0.464302331748555
C_MATERIAL:0.39976915546108505
