ELO:915
CE_PASSEDPAWNS:0.4991789636168094
CE_PAWNWEAKNESSES:0.5999947694049917
CE_PIECEACTIVITY:0.6001286613641773
CE_KINGPAWNSHIELD:0.47367505001411797
CE_PIECECOORDINATION:0.4977349797381636
CE_MATERIAL:0.5743764785217429
CE_KINGSAFETY:0.5170209644641172
C_PIECESQUARETABLES:0.5476890467161032
C_MOBILITY:0.48853015248644605
C_KINGSAFETY:0.45134082253375124
C_PAWNSTRUCTURE:0.48263290458111796
C_PIECECOORDINATION:0.5604760770307512
C_ROOKANDPAWNMOVEMENT:0.5604760770307512
C_CENTERCONTROL:0.43026137226897565
C_DEVELOPPIECES:0.5102864661869096
C_MATERIAL:0.5534321361284993
