ELO:1006
CE_PASSEDPAWNS:0.5
CE_PAWNWEAKNESSES:0.5098470139620481
CE_PIECEACTIVITY:0.5022103207120489
CE_KINGPAWNSHIELD:0.5
CE_PIECECOORDINATION:0.4898931753301701
CE_MATERIAL:0.5
CE_KINGSAFETY:0.5045259192343823
C_PIECESQUARETABLES:0.5103123762074554
C_MOBILITY:0.5011945846123759
C_KINGSAFETY:0.5
C_PAWNSTRUCTURE:0.49642464859910546
C_PIECECOORDINATION:0.5
C_ROOKANDPAWNMOVEMENT:0.5
C_CENTERCONTROL:0.5052993277377514
C_DEVELOPPIECES:0.5033384764307819
C_MATERIAL:0.5
C_MOVECOUNT:0.5
