ELO:1030
CE_PASSEDPAWNS:0.5679313758198914
CE_PAWNWEAKNESSES:0.43874787753408656
CE_PIECEACTIVITY:0.4825601017705921
CE_KINGPAWNSHIELD:0.5718391350913401
CE_PIECECOORDINATION:0.45418027690279134
CE_MATERIAL:0.44195587439003503
CE_KINGSAFETY:0.5
C_PIECESQUARETABLES:0.511346894980711
C_MOBILITY:0.5467185959831701
C_KINGSAFETY:0.6210949498133225
C_PAWNSTRUCTURE:0.4444631766209776
C_PIECECOORDINATION:0.45777380090314873
C_ROOKANDPAWNMOVEMENT:0.45777380090314873
C_CENTERCONTROL:0.5297611098829538
C_DEVELOPPIECES:0.5438963458210494
C_MATERIAL:0.4202554840857529
