ELO:982
CE_PASSEDPAWNS:0.4872080532843229
CE_PAWNWEAKNESSES:0.5794711888723132
CE_PIECEACTIVITY:0.5592292944853164
CE_KINGPAWNSHIELD:0.4703826092958525
CE_PIECECOORDINATION:0.5367772831954539
CE_MATERIAL:0.5835483141657958
CE_KINGSAFETY:0.48837186404719335
C_PIECESQUARETABLES:0.47710027206006245
C_MOBILITY:0.44420965358709014
C_KINGSAFETY:0.46414101543529146
C_PAWNSTRUCTURE:0.49257555390930036
C_PIECECOORDINATION:0.5120532815057507
C_ROOKANDPAWNMOVEMENT:0.5120532815057507
C_CENTERCONTROL:0.5133217099610814
C_DEVELOPPIECES:0.48165790903219674
C_MATERIAL:0.47502287931745696
