ELO:939
CE_PASSEDPAWNS:0.5091571853164013
CE_PAWNWEAKNESSES:0.5067025273828214
CE_PIECEACTIVITY:0.4727373098948937
CE_KINGPAWNSHIELD:0.5046508399295581
CE_PIECECOORDINATION:0.5127642517378301
CE_MATERIAL:0.4928694865357973
CE_KINGSAFETY:0.5
C_PIECESQUARETABLES:0.4889338372069446
C_MOBILITY:0.5006131603704391
C_KINGSAFETY:0.5058348005903474
C_PAWNSTRUCTURE:0.5235635920905783
C_PIECECOORDINATION:0.48512834582764647
C_ROOK:0.522159801875868
CE_ROOK:0.5263977677926323
C_CENTERCONTROL:0.5023004807395068
C_DEVELOPPIECES:0.46925772066013854
C_MATERIAL:0.4844304050767378
C_MOVECOUNT:0.49169731490900476
C_PAWNMOVEMENT:0.5086156110510317
