ELO:997
CE_PASSEDPAWNS:0.5126920208063207
CE_PAWNWEAKNESSES:0.46669717135060595
CE_PIECEACTIVITY:0.5493814274138954
CE_KINGPAWNSHIELD:0.5798695405182606
CE_PIECECOORDINATION:0.4298546565674967
CE_MATERIAL:0.49096322315767726
CE_KINGSAFETY:0.500854529653501
C_PIECESQUARETABLES:0.4943908564388074
C_MOBILITY:0.5542861241684421
C_KINGSAFETY:0.5119889911922408
C_PAWNSTRUCTURE:0.5185111543718091
C_PIECECOORDINATION:0.5197191703091425
C_ROOKANDPAWNMOVEMENT:0.5197191703091425
C_CENTERCONTROL:0.4991461315991179
C_DEVELOPPIECES:0.580829246304281
C_MATERIAL:0.4154522607729946
