ELO:1000
CE_PASSEDPAWNS:0.47374714685183894
CE_PAWNWEAKNESSES:0.5397359173016671
CE_PIECEACTIVITY:0.49244594410189346
CE_KINGPAWNSHIELD:0.49470763136667356
CE_PIECECOORDINATION:0.4707457727068848
CE_MATERIAL:0.5145842725203379
CE_KINGSAFETY:0.5503670375290785
C_PIECESQUARETABLES:0.5034138779589559
C_MOBILITY:0.49463743160678114
C_KINGSAFETY:0.4921013250439266
C_PAWNSTRUCTURE:0.5026801142121736
C_PIECECOORDINATION:0.47146913467663226
C_ROOKANDPAWNMOVEMENT:0.47146913467663226
C_CENTERCONTROL:0.4833220074956492
C_DEVELOPPIECES:0.4849698952779132
C_MATERIAL:0.5099743499411261
