ELO:977
CE_PASSEDPAWNS:0.5095314656883253
CE_PAWNWEAKNESSES:0.46805627888412843
CE_PIECEACTIVITY:0.5673625437301079
CE_KINGPAWNSHIELD:0.5570523211863911
CE_PIECECOORDINATION:0.41524572982542973
CE_MATERIAL:0.47406068988419675
CE_KINGSAFETY:0.5035655674446947
C_PIECESQUARETABLES:0.49375919323747497
C_MOBILITY:0.5814838692667065
C_KINGSAFETY:0.49080285348627034
C_PAWNSTRUCTURE:0.49093320461670725
C_PIECECOORDINATION:0.5027656334781982
C_ROOKANDPAWNMOVEMENT:0.5027656334781982
C_CENTERCONTROL:0.5198444420723056
C_DEVELOPPIECES:0.5712737729292757
C_MATERIAL:0.41797679362843454
