ELO:648
CE_PASSEDPAWNS:0.4644980900154458
CE_PAWNWEAKNESSES:0.5876683458667666
CE_PIECEACTIVITY:0.4239033286121578
CE_KINGPAWNSHIELD:0.462229011013929
CE_PIECECOORDINATION:0.4849705808960042
CE_MATERIAL:0.5800459275026801
CE_KINGSAFETY:0.49715842532048576
C_PIECESQUARETABLES:0.4890754763146007
C_MOBILITY:0.48110356530899956
C_KINGSAFETY:0.5329394243187621
C_PAWNSTRUCTURE:0.5984987686479882
C_PIECECOORDINATION:0.45720659657425855
C_ROOKANDPAWNMOVEMENT:0.45720659657425855
C_CENTERCONTROL:0.5449677030803597
C_DEVELOPPIECES:0.5404441927492539
C_MATERIAL:0.5880320199862614
C_MOVECOUNT:0.5002604135862612
