ELO:998
CE_PASSEDPAWNS:0.4631049567293387
CE_PAWNWEAKNESSES:0.5609168248711282
CE_PIECEACTIVITY:0.43566656491474076
CE_KINGPAWNSHIELD:0.46784965824125174
CE_PIECECOORDINATION:0.4584381571896017
CE_MATERIAL:0.5472746883263737
CE_KINGSAFETY:0.5080197290192711
C_PIECESQUARETABLES:0.5150159999469341
C_MOBILITY:0.5412745802081264
C_KINGSAFETY:0.4736203504752349
C_PAWNSTRUCTURE:0.47298798013716215
C_PIECECOORDINATION:0.4964239283296216
C_ROOKANDPAWNMOVEMENT:0.4964239283296216
C_CENTERCONTROL:0.5048948753329879
C_DEVELOPPIECES:0.5129126694210324
C_MATERIAL:0.4570503064808597
