ELO:1000
CE_PASSEDPAWNS:0.49827064922123043
CE_PAWNWEAKNESSES:0.502905935315767
CE_PIECEACTIVITY:0.5
CE_KINGPAWNSHIELD:0.49331334245771996
CE_PIECECOORDINATION:0.49445486645347897
CE_MATERIAL:0.4892469583235761
CE_KINGSAFETY:0.500486206978948
C_PIECESQUARETABLES:0.5
C_MOBILITY:0.5051430797335783
C_KINGSAFETY:0.5
C_PAWNSTRUCTURE:0.5
C_PIECECOORDINATION:0.5061951603045848
C_ROOKANDPAWNMOVEMENT:0.5061951603045848
C_CENTERCONTROL:0.5
C_DEVELOPPIECES:0.5
C_MATERIAL:0.4999638473137186
