ELO:1000
CE_PASSEDPAWNS:0.49827064922123043
CE_PAWNWEAKNESSES:0.5288818734787777
CE_PIECEACTIVITY:0.5051088914156505
CE_KINGPAWNSHIELD:0.48921567286655687
CE_PIECECOORDINATION:0.49848755001054196
CE_MATERIAL:0.4892469583235761
CE_KINGSAFETY:0.49870565403204004
C_PIECESQUARETABLES:0.5046907955360136
C_MOBILITY:0.5091601011469004
C_KINGSAFETY:0.4750263531128976
C_PAWNSTRUCTURE:0.4950699976732887
C_PIECECOORDINATION:0.5053758988983501
C_ROOKANDPAWNMOVEMENT:0.5053758988983501
C_CENTERCONTROL:0.4884865890915772
C_DEVELOPPIECES:0.5040600288313064
C_MATERIAL:0.5025362054436376
