ELO:979
CE_PASSEDPAWNS:0.48165566956673517
CE_PAWNWEAKNESSES:0.5174798711486959
CE_PIECEACTIVITY:0.513828046980274
CE_KINGPAWNSHIELD:0.505277756057802
CE_PIECECOORDINATION:0.5141197418386493
CE_MATERIAL:0.482015514717737
CE_KINGSAFETY:0.5
C_PIECESQUARETABLES:0.5018329671824053
C_MOBILITY:0.4904718817349763
C_KINGSAFETY:0.493494478619857
C_PAWNSTRUCTURE:0.5107903929008991
C_PIECECOORDINATION:0.5146891708633272
C_ROOKANDPAWNMOVEMENT:0.5146891708633272
C_CENTERCONTROL:0.5125443017651982
C_DEVELOPPIECES:0.5114014666242075
C_MATERIAL:0.5145421003380464
C_MOVECOUNT:0.5059116356250443
