ELO:994
CE_PASSEDPAWNS:0.43959331669833795
CE_PAWNWEAKNESSES:0.5879002331672608
CE_PIECEACTIVITY:0.5126333471442738
CE_KINGPAWNSHIELD:0.49561589956886687
CE_PIECECOORDINATION:0.4502670666119096
CE_MATERIAL:0.5526354137333873
CE_KINGSAFETY:0.49606334875996305
C_PIECESQUARETABLES:0.5253146853707535
C_MOBILITY:0.5553682800857382
C_KINGSAFETY:0.5229626821382534
C_PAWNSTRUCTURE:0.45146275569414057
C_PIECECOORDINATION:0.488649531548172
C_ROOKANDPAWNMOVEMENT:0.488649531548172
C_CENTERCONTROL:0.5134383035937603
C_DEVELOPPIECES:0.5295932469071427
C_MATERIAL:0.49168279714768426
