ELO:993
CE_PASSEDPAWNS:0.5178780216070014
CE_PAWNWEAKNESSES:0.46805627888412843
CE_PIECEACTIVITY:0.5551918631165748
CE_KINGPAWNSHIELD:0.5465799258142603
CE_PIECECOORDINATION:0.40955820965152884
CE_MATERIAL:0.4765941311671783
CE_KINGSAFETY:0.5148497184719649
C_PIECESQUARETABLES:0.5081207446277894
C_MOBILITY:0.5818148006515609
C_KINGSAFETY:0.5039038126947192
C_PAWNSTRUCTURE:0.4867390663146337
C_PIECECOORDINATION:0.5166220998493116
C_ROOKANDPAWNMOVEMENT:0.5166220998493116
C_CENTERCONTROL:0.5153244353122894
C_DEVELOPPIECES:0.560285451321305
C_MATERIAL:0.4253116890425021
