ELO:982
CE_PASSEDPAWNS:0.5310157685172134
CE_PAWNWEAKNESSES:0.4972819066517022
CE_PIECEACTIVITY:0.4978027111029721
CE_KINGPAWNSHIELD:0.5200422192332231
CE_PIECECOORDINATION:0.4931730778118675
CE_MATERIAL:0.5076406468309166
CE_KINGSAFETY:0.5118171359161967
C_PIECESQUARETABLES:0.5
C_MOBILITY:0.5068775902435027
C_KINGSAFETY:0.48981646846657956
C_PAWNSTRUCTURE:0.5021325177589908
C_PIECECOORDINATION:0.5028764685389334
C_ROOKANDPAWNMOVEMENT:0.5028764685389334
C_CENTERCONTROL:0.5075786626719148
C_DEVELOPPIECES:0.5033130542788065
C_MATERIAL:0.4811687779527825
C_MOVECOUNT:0.5080525367504611
