ELO:1004
CE_PASSEDPAWNS:0.5086926425093554
CE_PAWNWEAKNESSES:0.4700284066205903
CE_PIECEACTIVITY:0.5311064908189461
CE_KINGPAWNSHIELD:0.5810020280528806
CE_PIECECOORDINATION:0.391006725472385
CE_MATERIAL:0.5004249278969202
CE_KINGSAFETY:0.46221953977630886
C_PIECESQUARETABLES:0.5387592874613107
C_MOBILITY:0.5468150215917699
C_KINGSAFETY:0.4972103544663936
C_PAWNSTRUCTURE:0.4604940972339262
C_PIECECOORDINATION:0.5009257295586947
C_ROOKANDPAWNMOVEMENT:0.5009257295586947
C_CENTERCONTROL:0.5315468578502969
C_DEVELOPPIECES:0.5813601113635255
C_MATERIAL:0.37791187196091164
