ELO:973
CE_PASSEDPAWNS:0.5
CE_PAWNWEAKNESSES:0.47450121312376603
CE_PIECEACTIVITY:0.5037664374932139
CE_KINGPAWNSHIELD:0.49846518298337084
CE_PIECECOORDINATION:0.5164026982418508
CE_MATERIAL:0.4847308391944071
CE_KINGSAFETY:0.49970901067272894
C_PIECESQUARETABLES:0.5100408443878739
C_MOBILITY:0.5087481963888634
C_KINGSAFETY:0.4901462355954939
C_PAWNSTRUCTURE:0.51536345595445
C_PIECECOORDINATION:0.4909719512007652
C_ROOKANDPAWNMOVEMENT:0.4909719512007652
C_CENTERCONTROL:0.5009140908022989
C_DEVELOPPIECES:0.5051060188999227
C_MATERIAL:0.5009422782822217
