ELO:999
CE_PASSEDPAWNS:0.48680873687149856
CE_PAWNWEAKNESSES:0.5
CE_PIECEACTIVITY:0.511557345397068
CE_KINGPAWNSHIELD:0.5031077300763073
CE_PIECECOORDINATION:0.5
CE_MATERIAL:0.5
CE_KINGSAFETY:0.5
C_PIECESQUARETABLES:0.5
C_MOBILITY:0.4904718817349763
C_KINGSAFETY:0.5
C_PAWNSTRUCTURE:0.4876557474500027
C_PIECECOORDINATION:0.5
C_ROOKANDPAWNMOVEMENT:0.5
C_CENTERCONTROL:0.5
C_DEVELOPPIECES:0.49983588523943434
C_MATERIAL:0.5
C_MOVECOUNT:0.5
