ELO:768
CE_PASSEDPAWNS:0.46636400974229586
CE_PAWNWEAKNESSES:0.43761302883972786
CE_PIECEACTIVITY:0.48084618709275706
CE_KINGPAWNSHIELD:0.4983642238375316
CE_PIECECOORDINATION:0.4871255179130789
CE_MATERIAL:0.46218874550357947
CE_KINGSAFETY:0.4699064083652541
C_PIECESQUARETABLES:0.5435452066059705
C_MOBILITY:0.5122656786394231
C_KINGSAFETY:0.5232810586666701
C_PAWNSTRUCTURE:0.5152915262946539
C_PIECECOORDINATION:0.48085014336064824
C_ROOKANDPAWNMOVEMENT:0.48085014336064824
C_CENTERCONTROL:0.5068337858366175
C_DEVELOPPIECES:0.5324076835690839
C_MATERIAL:0.5617418619263154
