ELO:974
CE_PASSEDPAWNS:0.5056906712655426
CE_PAWNWEAKNESSES:0.5049733841172482
CE_PIECEACTIVITY:0.48400554845231203
CE_KINGPAWNSHIELD:0.4998622684282291
CE_PIECECOORDINATION:0.49454323373064135
CE_MATERIAL:0.4969283852498395
CE_KINGSAFETY:0.49900442503049997
C_PIECESQUARETABLES:0.48841169822427716
C_MOBILITY:0.4957092372983004
C_KINGSAFETY:0.4906347510804692
C_PAWNSTRUCTURE:0.5050876797190517
C_PIECECOORDINATION:0.4905346874560347
C_ROOK:0.5036307639563438
CE_ROOK:0.5064065814510116
C_CENTERCONTROL:0.4982465670079189
C_DEVELOPPIECES:0.49499638692460113
C_MATERIAL:0.4809365130390274
C_MOVECOUNT:0.4981070650932261
C_PAWNMOVEMENT:0.5077655651081951
