ELO:958
CE_PASSEDPAWNS:0.480809240746087
CE_PAWNWEAKNESSES:0.610335586114052
CE_PIECEACTIVITY:0.5730739825938849
CE_KINGPAWNSHIELD:0.5090761496167447
CE_PIECECOORDINATION:0.5000248795233391
CE_MATERIAL:0.5491938070960038
CE_KINGSAFETY:0.44443198209509466
C_PIECESQUARETABLES:0.5015797175393312
C_MOBILITY:0.4877444604517583
C_KINGSAFETY:0.4539290632256528
C_PAWNSTRUCTURE:0.49716030281692136
C_PIECECOORDINATION:0.5560021853267505
C_ROOKANDPAWNMOVEMENT:0.5560021853267505
C_CENTERCONTROL:0.4419384555315309
C_DEVELOPPIECES:0.5006726381419694
C_MATERIAL:0.5330220472164736
