ELO:986
CE_PASSEDPAWNS:0.5024841932110555
CE_PAWNWEAKNESSES:0.5160050041486731
CE_PIECEACTIVITY:0.5040697144774399
CE_KINGPAWNSHIELD:0.5039803247915413
CE_PIECECOORDINATION:0.4994422343589094
CE_MATERIAL:0.49514491332629457
CE_KINGSAFETY:0.5029133035584944
C_PIECESQUARETABLES:0.5
C_MOBILITY:0.49698977420562485
C_KINGSAFETY:0.48364298104795606
C_PAWNSTRUCTURE:0.510685104637709
C_PIECECOORDINATION:0.5028146364905403
C_ROOK:0.4877933662549313
CE_ROOK:0.5087100276522414
C_CENTERCONTROL:0.5237587102265681
C_DEVELOPPIECES:0.49313054068826895
C_MATERIAL:0.5134551035031395
C_MOVECOUNT:0.51938167838974
C_PAWNMOVEMENT:0.49604855880571236
