ELO:1000
CE_PASSEDPAWNS:0.4981213799385366
CE_PAWNWEAKNESSES:0.5397359173016671
CE_PIECEACTIVITY:0.4907113413114067
CE_KINGPAWNSHIELD:0.4975549443351661
CE_PIECECOORDINATION:0.47629166690117397
CE_MATERIAL:0.5106234814372921
CE_KINGSAFETY:0.5255626253512881
C_PIECESQUARETABLES:0.5034138779589559
C_MOBILITY:0.48230310589190056
C_KINGSAFETY:0.47885646801537246
C_PAWNSTRUCTURE:0.4841579944559961
C_PIECECOORDINATION:0.4635335485268934
C_ROOKANDPAWNMOVEMENT:0.4635335485268934
C_CENTERCONTROL:0.4891940100033695
C_DEVELOPPIECES:0.4884279304803762
C_MATERIAL:0.4962119296198625
