ELO:1000
CE_PASSEDPAWNS:0.46371478249054204
CE_PAWNWEAKNESSES:0.550354972987602
CE_PIECEACTIVITY:0.4668357011116102
CE_KINGPAWNSHIELD:0.4756908313287711
CE_PIECECOORDINATION:0.4657580569139347
CE_MATERIAL:0.5073503729010804
CE_KINGSAFETY:0.4918767854775367
C_PIECESQUARETABLES:0.4850781252998693
C_MOBILITY:0.5231248336160614
C_KINGSAFETY:0.4745076474457139
C_PAWNSTRUCTURE:0.5152923966931474
C_PIECECOORDINATION:0.46098588383649414
C_ROOKANDPAWNMOVEMENT:0.46098588383649414
C_CENTERCONTROL:0.48126879814120743
C_DEVELOPPIECES:0.5043307051244137
C_MATERIAL:0.45368577077105615
