ELO:797
CE_PASSEDPAWNS:0.40267836251262973
CE_PAWNWEAKNESSES:0.5283766464411442
CE_PIECEACTIVITY:0.4665129070605314
CE_KINGPAWNSHIELD:0.44647497137084485
CE_PIECECOORDINATION:0.44473602001522483
CE_MATERIAL:0.5807729206367229
CE_KINGSAFETY:0.4827614984528692
C_PIECESQUARETABLES:0.46091925172174647
C_MOBILITY:0.48937673321573427
C_KINGSAFETY:0.5526949084941792
C_PAWNSTRUCTURE:0.5570143382934268
C_PIECECOORDINATION:0.4782232555866147
C_ROOKANDPAWNMOVEMENT:0.4782232555866147
C_CENTERCONTROL:0.5413267242347266
C_DEVELOPPIECES:0.5404180150031056
C_MATERIAL:0.5739301997811562
C_MOVECOUNT:0.5
