ELO:1008
CE_PASSEDPAWNS:0.48680873687149856
CE_PAWNWEAKNESSES:0.5
CE_PIECEACTIVITY:0.5146412948438571
CE_KINGPAWNSHIELD:0.49951095248122407
CE_PIECECOORDINATION:0.5
CE_MATERIAL:0.5
CE_KINGSAFETY:0.5
C_PIECESQUARETABLES:0.5
C_MOBILITY:0.4904718817349763
C_KINGSAFETY:0.5
C_PAWNSTRUCTURE:0.4825391801650403
C_PIECECOORDINATION:0.502707721105963
C_ROOKANDPAWNMOVEMENT:0.502707721105963
C_CENTERCONTROL:0.5009113001951009
C_DEVELOPPIECES:0.49983588523943434
C_MATERIAL:0.5097700458995045
C_MOVECOUNT:0.49585667538594747
