ELO:1001
CE_PASSEDPAWNS:0.4533814074450195
CE_PAWNWEAKNESSES:0.4883941711911471
CE_PIECEACTIVITY:0.4315174056042562
CE_KINGPAWNSHIELD:0.5
CE_PIECECOORDINATION:0.48874430000396446
CE_MATERIAL:0.48670668891165975
CE_KINGSAFETY:0.5
C_PIECESQUARETABLES:0.5
C_MOBILITY:0.43143216850071237
C_KINGSAFETY:0.5003541742414567
C_PAWNSTRUCTURE:0.5261708647895985
C_PIECECOORDINATION:0.485024539335221
C_ROOKANDPAWNMOVEMENT:0.485024539335221
C_CENTERCONTROL:0.46974508578191754
C_DEVELOPPIECES:0.467851394839735
C_MATERIAL:0.5428648742572767
C_MOVECOUNT:0.5
