ELO:999
CE_PASSEDPAWNS:0.4900537488097334
CE_PAWNWEAKNESSES:0.5550957360111493
CE_PIECEACTIVITY:0.565450155836917
CE_KINGPAWNSHIELD:0.4888923512410878
CE_PIECECOORDINATION:0.543056646122232
CE_MATERIAL:0.5404191588096685
CE_KINGSAFETY:0.515822083678586
C_PIECESQUARETABLES:0.44050332881325927
C_MOBILITY:0.4471335833825522
C_KINGSAFETY:0.4850338562444379
C_PAWNSTRUCTURE:0.48079903017453557
C_PIECECOORDINATION:0.5416748417815269
C_ROOKANDPAWNMOVEMENT:0.5416748417815269
C_CENTERCONTROL:0.5091204154226341
C_DEVELOPPIECES:0.4751313653670232
C_MATERIAL:0.4801211142045093
