ELO:986
CE_PASSEDPAWNS:0.48743892229185243
CE_PAWNWEAKNESSES:0.5720027043016859
CE_PIECEACTIVITY:0.5730808542818192
CE_KINGPAWNSHIELD:0.47314481438583567
CE_PIECECOORDINATION:0.5310305173158419
CE_MATERIAL:0.5464863613739452
CE_KINGSAFETY:0.5353641939725098
C_PIECESQUARETABLES:0.426185156365561
C_MOBILITY:0.45288321317216435
C_KINGSAFETY:0.48952214596505084
C_PAWNSTRUCTURE:0.4733984859556966
C_PIECECOORDINATION:0.5316994448552318
C_ROOKANDPAWNMOVEMENT:0.5316994448552318
C_CENTERCONTROL:0.5269818673439841
C_DEVELOPPIECES:0.47953647630692364
C_MATERIAL:0.4882805011060347
