ELO:926
CE_PASSEDPAWNS:0.4619181615584316
CE_PAWNWEAKNESSES:0.49874001029810144
CE_PIECEACTIVITY:0.4794859655060609
CE_KINGPAWNSHIELD:0.5540249419450669
CE_PIECECOORDINATION:0.491867312086001
CE_MATERIAL:0.46097325002077194
CE_KINGSAFETY:0.41979268359371014
C_PIECESQUARETABLES:0.48281347361886956
C_MOBILITY:0.5208386888320834
C_KINGSAFETY:0.47324158140071504
C_PAWNSTRUCTURE:0.4637404480517205
C_PIECECOORDINATION:0.4752241712145661
C_ROOKANDPAWNMOVEMENT:0.4752241712145661
C_CENTERCONTROL:0.47978443010605654
C_DEVELOPPIECES:0.5001028367937007
C_MATERIAL:0.4924023690815606
C_MOVECOUNT:0.5
