ELO:979
CE_PASSEDPAWNS:0.5041418294796104
CE_PAWNWEAKNESSES:0.46455475829413484
CE_PIECEACTIVITY:0.5439302018787157
CE_KINGPAWNSHIELD:0.5812039809427647
CE_PIECECOORDINATION:0.439201862701717
CE_MATERIAL:0.503551253018335
CE_KINGSAFETY:0.5090375377790247
C_PIECESQUARETABLES:0.4994560542501628
C_MOBILITY:0.5679292216592735
C_KINGSAFETY:0.5070562193392381
C_PAWNSTRUCTURE:0.49151625733293786
C_PIECECOORDINATION:0.5177082108963849
C_ROOKANDPAWNMOVEMENT:0.5177082108963849
C_CENTERCONTROL:0.5080255101238113
C_DEVELOPPIECES:0.5753196214200774
C_MATERIAL:0.4019360728045742
