ELO:1000
CE_PASSEDPAWNS:0.5
CE_PAWNWEAKNESSES:0.5
CE_PIECEACTIVITY:0.5
CE_KINGPAWNSHIELD:0.5120482347418257
CE_PIECECOORDINATION:0.4983271244022129
CE_MATERIAL:0.5
CE_KINGSAFETY:0.5
C_PIECESQUARETABLES:0.5060559226439654
C_MOBILITY:0.5
C_KINGSAFETY:0.48973376094023663
C_PAWNSTRUCTURE:0.5063163954428819
C_PIECECOORDINATION:0.49462443103891496
C_ROOK:0.4984989235312142
CE_ROOK:0.5
C_CENTERCONTROL:0.5
C_DEVELOPPIECES:0.48826871536496447
C_MATERIAL:0.5
C_MOVECOUNT:0.4901513776125323
C_PAWNMOVEMENT:0.5
