ELO:996
CE_PASSEDPAWNS:0.4480541119543822
CE_PAWNWEAKNESSES:0.5753330811937798
CE_PIECEACTIVITY:0.47313793097981505
CE_KINGPAWNSHIELD:0.4752806024227231
CE_PIECECOORDINATION:0.47258823011692275
CE_MATERIAL:0.5492568574899583
CE_KINGSAFETY:0.49842155060435595
C_PIECESQUARETABLES:0.5
C_MOBILITY:0.5530642629771855
C_KINGSAFETY:0.5031176469421402
C_PAWNSTRUCTURE:0.44196162627543906
C_PIECECOORDINATION:0.5139873177997264
C_ROOKANDPAWNMOVEMENT:0.5139873177997264
C_CENTERCONTROL:0.5099072650144252
C_DEVELOPPIECES:0.5365756415049043
C_MATERIAL:0.485359143348607
