ELO:884
CE_PASSEDPAWNS:0.5
CE_PAWNWEAKNESSES:0.4788015425639543
CE_PIECEACTIVITY:0.48879551659157294
CE_KINGPAWNSHIELD:0.5091956172823865
CE_PIECECOORDINATION:0.47714284957247344
CE_MATERIAL:0.4516063535534535
CE_KINGSAFETY:0.472480450401456
C_PIECESQUARETABLES:0.5
C_MOBILITY:0.49248936794902887
C_KINGSAFETY:0.5420044734704076
C_PAWNSTRUCTURE:0.4821335517701167
C_PIECECOORDINATION:0.5394379448002059
C_ROOKANDPAWNMOVEMENT:0.5394379448002059
C_CENTERCONTROL:0.5
C_DEVELOPPIECES:0.5166000075825025
C_MATERIAL:0.49412966069004244
C_MOVECOUNT:0.5
