ELO:1089
CE_PASSEDPAWNS:0.6216628427623379
CE_PAWNWEAKNESSES:0.4913955703625296
CE_PIECEACTIVITY:0.4836679926516216
CE_KINGPAWNSHIELD:0.48569394516959835
CE_PIECECOORDINATION:0.4803925721213925
CE_MATERIAL:0.46058149977320667
CE_KINGSAFETY:0.5
C_PIECESQUARETABLES:0.5
C_MOBILITY:0.41574076549851874
C_KINGSAFETY:0.5076807408223325
C_PAWNSTRUCTURE:0.41159374709656454
C_PIECECOORDINATION:0.47863206872267633
C_ROOKANDPAWNMOVEMENT:0.47863206872267633
C_CENTERCONTROL:0.5296266160702815
C_DEVELOPPIECES:0.5848263189016298
C_MATERIAL:0.42037145141469806
