ELO:1000
CE_PASSEDPAWNS:0.4777558013038535
CE_PAWNWEAKNESSES:0.5095817360872207
CE_PIECEACTIVITY:0.507639709387427
CE_KINGPAWNSHIELD:0.5243254716978589
CE_PIECECOORDINATION:0.5007127064831124
CE_MATERIAL:0.4939032876713729
CE_KINGSAFETY:0.4967804034586909
C_PIECESQUARETABLES:0.4823894999526852
C_MOBILITY:0.516293935035957
C_KINGSAFETY:0.5011165599228825
C_PAWNSTRUCTURE:0.5167194889634623
C_PIECECOORDINATION:0.51711163095796
C_ROOKANDPAWNMOVEMENT:0.51711163095796
C_CENTERCONTROL:0.4981340042197568
C_DEVELOPPIECES:0.5057292935418836
C_MATERIAL:0.4828025828792809
