ELO:851
CE_PASSEDPAWNS:0.500761126637402
CE_PAWNWEAKNESSES:0.5745370670517266
CE_PIECEACTIVITY:0.6322095080779806
CE_KINGPAWNSHIELD:0.48770507313566436
CE_PIECECOORDINATION:0.5092526664784105
CE_MATERIAL:0.5877820307468147
CE_KINGSAFETY:0.5020340732374498
C_PIECESQUARETABLES:0.5600522852281143
C_MOBILITY:0.4412190883842245
C_KINGSAFETY:0.46303138923569137
C_PAWNSTRUCTURE:0.5108999032759092
C_PIECECOORDINATION:0.564496988497317
C_ROOKANDPAWNMOVEMENT:0.564496988497317
C_CENTERCONTROL:0.4306680696163753
C_DEVELOPPIECES:0.4987074652780261
C_MATERIAL:0.5719582306455225
