ELO:1026
CE_PASSEDPAWNS:0.46663356274443574
CE_PAWNWEAKNESSES:0.49925567521212877
CE_PIECEACTIVITY:0.49054306296707384
CE_KINGPAWNSHIELD:0.4819884609815746
CE_PIECECOORDINATION:0.5077188341563149
CE_MATERIAL:0.4861075073504985
CE_KINGSAFETY:0.5224207207695588
C_PIECESQUARETABLES:0.49066985222298976
C_MOBILITY:0.5191443947576997
C_KINGSAFETY:0.5
C_PAWNSTRUCTURE:0.5062902892386377
C_PIECECOORDINATION:0.4477489718710694
C_ROOKANDPAWNMOVEMENT:0.4477489718710694
C_CENTERCONTROL:0.48508265200756395
C_DEVELOPPIECES:0.5140451012608755
C_MATERIAL:0.49059736420278544
C_MOVECOUNT:0.5480268878896496
