ELO:950
CE_PASSEDPAWNS:0.502367846173078
CE_PAWNWEAKNESSES:0.5106768638138728
CE_PIECEACTIVITY:0.4668713987285243
CE_KINGPAWNSHIELD:0.5046508399295581
CE_PIECECOORDINATION:0.5127642517378301
CE_MATERIAL:0.4928694865357973
CE_KINGSAFETY:0.4976111766905327
C_PIECESQUARETABLES:0.48841169822427716
C_MOBILITY:0.5006131603704391
C_KINGSAFETY:0.49437888381898043
C_PAWNSTRUCTURE:0.5148661344781398
C_PIECECOORDINATION:0.48512834582764647
C_ROOK:0.5150113599369093
CE_ROOK:0.5254230482440014
C_CENTERCONTROL:0.5023004807395068
C_DEVELOPPIECES:0.47935796388055274
C_MATERIAL:0.4844304050767378
C_MOVECOUNT:0.49169731490900476
C_PAWNMOVEMENT:0.5099964979071474
