ELO:1000
CE_PASSEDPAWNS:0.47379496766644863
CE_PAWNWEAKNESSES:0.5236590314052114
CE_PIECEACTIVITY:0.5199444892535166
CE_KINGPAWNSHIELD:0.5189059674995825
CE_PIECECOORDINATION:0.49598272894726336
CE_MATERIAL:0.49930520573202797
CE_KINGSAFETY:0.48546236314088176
C_PIECESQUARETABLES:0.48289356190354943
C_MOBILITY:0.4848374175535276
C_KINGSAFETY:0.496193205393169
C_PAWNSTRUCTURE:0.5073218188956014
C_PIECECOORDINATION:0.5522419473530367
C_ROOKANDPAWNMOVEMENT:0.5522419473530367
C_CENTERCONTROL:0.48392607005682153
C_DEVELOPPIECES:0.5060304254406555
C_MATERIAL:0.45927324064981767
