ELO:1000
CE_PASSEDPAWNS:0.45992404441431967
CE_PAWNWEAKNESSES:0.5612548401064001
CE_PIECEACTIVITY:0.4986633997810625
CE_KINGPAWNSHIELD:0.5289196172018921
CE_PIECECOORDINATION:0.5581119089237689
CE_MATERIAL:0.5883814557408474
CE_KINGSAFETY:0.5056540299878018
C_PIECESQUARETABLES:0.465491133679699
C_MOBILITY:0.5040597657471576
C_KINGSAFETY:0.4871857791518501
C_PAWNSTRUCTURE:0.6030558470820024
C_PIECECOORDINATION:0.48688062793599773
C_ROOKANDPAWNMOVEMENT:0.48688062793599773
C_CENTERCONTROL:0.5314198208787451
C_DEVELOPPIECES:0.5146046120732979
C_MATERIAL:0.5214926736683659
