ELO:863
CE_PASSEDPAWNS:0.5637016184391722
CE_PAWNWEAKNESSES:0.5392976667695996
CE_PIECEACTIVITY:0.4730103308472471
CE_KINGPAWNSHIELD:0.481379876933114
CE_PIECECOORDINATION:0.483057363086322
CE_MATERIAL:0.4529713779362158
CE_KINGSAFETY:0.5028556792762016
C_PIECESQUARETABLES:0.5476472825146744
C_MOBILITY:0.45123769445269607
C_KINGSAFETY:0.49011438250427053
C_PAWNSTRUCTURE:0.48768714398451485
C_PIECECOORDINATION:0.5091457421958698
C_ROOKANDPAWNMOVEMENT:0.5091457421958698
C_CENTERCONTROL:0.5074962703985582
C_DEVELOPPIECES:0.4997256483261044
C_MATERIAL:0.6007526553415152
C_MOVECOUNT:0.5543785310473641
