ELO:988
CE_PASSEDPAWNS:0.4735718860422166
CE_PAWNWEAKNESSES:0.5944737229398227
CE_PIECEACTIVITY:0.5148346128279658
CE_KINGPAWNSHIELD:0.5111476569272089
CE_PIECECOORDINATION:0.5302597231076235
CE_MATERIAL:0.5735172345054962
CE_KINGSAFETY:0.49732537527305115
C_PIECESQUARETABLES:0.4203112966067482
C_MOBILITY:0.5174067577294829
C_KINGSAFETY:0.4707900994331121
C_PAWNSTRUCTURE:0.6106874998332271
C_PIECECOORDINATION:0.4815786725939078
C_ROOKANDPAWNMOVEMENT:0.4815786725939078
C_CENTERCONTROL:0.5720602704794392
C_DEVELOPPIECES:0.5033297216412017
C_MATERIAL:0.5200597671178102
