ELO:946
CE_PASSEDPAWNS:0.554495288517225
CE_PAWNWEAKNESSES:0.4882118296573786
CE_PIECEACTIVITY:0.4819253474124477
CE_KINGPAWNSHIELD:0.5293191492395191
CE_PIECECOORDINATION:0.4345686969889227
CE_MATERIAL:0.40374712264792484
CE_KINGSAFETY:0.5346913015930389
C_PIECESQUARETABLES:0.5275932345745544
C_MOBILITY:0.40571723970580825
C_KINGSAFETY:0.5612886914577325
C_PAWNSTRUCTURE:0.5370872671629506
C_PIECECOORDINATION:0.5436584522561811
C_ROOKANDPAWNMOVEMENT:0.5436584522561811
C_CENTERCONTROL:0.4542249053109615
C_DEVELOPPIECES:0.46888461932424885
C_MATERIAL:0.5554651393703585
