ELO:914
CE_PASSEDPAWNS:0.5144653061329092
CE_PAWNWEAKNESSES:0.48066609986855785
CE_PIECEACTIVITY:0.5104121051132346
CE_KINGPAWNSHIELD:0.5428617400852012
CE_PIECECOORDINATION:0.48616680818498664
CE_MATERIAL:0.5047709183629072
CE_KINGSAFETY:0.5
C_PIECESQUARETABLES:0.5081305824546355
C_MOBILITY:0.4865614209333513
C_KINGSAFETY:0.49987865063147635
C_PAWNSTRUCTURE:0.48919180118837635
C_PIECECOORDINATION:0.48797188417898163
C_ROOKANDPAWNMOVEMENT:0.48797188417898163
C_CENTERCONTROL:0.514430549422206
C_DEVELOPPIECES:0.49276645936718827
C_MATERIAL:0.5094190774912569
C_MOVECOUNT:0.47798595454829307
