ELO:887
CE_PASSEDPAWNS:0.5053802705199334
CE_PAWNWEAKNESSES:0.49548505261761383
CE_PIECEACTIVITY:0.5247400448149252
CE_KINGPAWNSHIELD:0.4908320923679511
CE_PIECECOORDINATION:0.4777714674074087
CE_MATERIAL:0.5115650109365623
CE_KINGSAFETY:0.5312781072835363
C_PIECESQUARETABLES:0.49980338978167577
C_MOBILITY:0.5144192632938486
C_KINGSAFETY:0.49688766539534085
C_PAWNSTRUCTURE:0.4846934826032799
C_PIECECOORDINATION:0.4702423214099313
C_ROOKANDPAWNMOVEMENT:0.4702423214099313
C_CENTERCONTROL:0.5375031005468918
C_DEVELOPPIECES:0.5426350832608472
C_MATERIAL:0.5268713834691097
C_MOVECOUNT:0.5
