ELO:1025
CE_PASSEDPAWNS:0.4875834216723
CE_PAWNWEAKNESSES:0.5050292152044255
CE_PIECEACTIVITY:0.5
CE_KINGPAWNSHIELD:0.49960914904757225
CE_PIECECOORDINATION:0.5122745595271442
CE_MATERIAL:0.5149584026096399
CE_KINGSAFETY:0.5
C_PIECESQUARETABLES:0.5
C_MOBILITY:0.4860864598374326
C_KINGSAFETY:0.5086464815989599
C_PAWNSTRUCTURE:0.505505556764818
C_PIECECOORDINATION:0.5333917394755576
C_ROOKANDPAWNMOVEMENT:0.5333917394755576
C_CENTERCONTROL:0.49839558477761514
C_DEVELOPPIECES:0.5
C_MATERIAL:0.5
