ELO:987
CE_PASSEDPAWNS:0.5526736313944306
CE_PAWNWEAKNESSES:0.4719730301825549
CE_PIECEACTIVITY:0.5155408355609955
CE_KINGPAWNSHIELD:0.528287847744094
CE_PIECECOORDINATION:0.4600742557501075
CE_MATERIAL:0.43696344363450085
CE_KINGSAFETY:0.5011456988678761
C_PIECESQUARETABLES:0.5
C_MOBILITY:0.393318416626295
C_KINGSAFETY:0.5567369165100587
C_PAWNSTRUCTURE:0.5174547914712397
C_PIECECOORDINATION:0.5296414529276263
C_ROOKANDPAWNMOVEMENT:0.5296414529276263
C_CENTERCONTROL:0.4505111596756048
C_DEVELOPPIECES:0.4830096032430206
C_MATERIAL:0.5274326080963521
