ELO:957
CE_PASSEDPAWNS:0.5102628749297305
CE_PAWNWEAKNESSES:0.5143674035729485
CE_PIECEACTIVITY:0.47212957105166703
CE_KINGPAWNSHIELD:0.5049562449172549
CE_PIECECOORDINATION:0.48598949238082095
CE_MATERIAL:0.5149336266145527
CE_KINGSAFETY:0.5
C_PIECESQUARETABLES:0.5040790174010691
C_MOBILITY:0.5046521639343653
C_KINGSAFETY:0.509438317998658
C_PAWNSTRUCTURE:0.49055425400609376
C_PIECECOORDINATION:0.4975463889881945
C_ROOK:0.5266746741277729
CE_ROOK:0.4768330569822493
C_CENTERCONTROL:0.5391800873454907
C_DEVELOPPIECES:0.530746911159991
C_MATERIAL:0.5396287950794068
C_MOVECOUNT:0.4894207014243105
C_PAWNMOVEMENT:0.48093806593041133
