ELO:962
CE_PASSEDPAWNS:0.4523534691440048
CE_PAWNWEAKNESSES:0.5847864538461699
CE_PIECEACTIVITY:0.5140925228505799
CE_KINGPAWNSHIELD:0.5507753542079801
CE_PIECECOORDINATION:0.49729745280930554
CE_MATERIAL:0.6322172444994111
CE_KINGSAFETY:0.5
C_PIECESQUARETABLES:0.5
C_MOBILITY:0.49718064857133293
C_KINGSAFETY:0.4439046203975714
C_PAWNSTRUCTURE:0.6443812563391212
C_PIECECOORDINATION:0.5017202735583164
C_ROOKANDPAWNMOVEMENT:0.5017202735583164
C_CENTERCONTROL:0.6202569712585054
C_DEVELOPPIECES:0.4725967388247776
C_MATERIAL:0.5392257937533051
