ELO:900
CE_PASSEDPAWNS:0.506138619860659
CE_PAWNWEAKNESSES:0.49765398939534256
CE_PIECEACTIVITY:0.5144462088448178
CE_KINGPAWNSHIELD:0.49045963936818526
CE_PIECECOORDINATION:0.4723853139536743
CE_MATERIAL:0.5055664820200634
CE_KINGSAFETY:0.5092375688578815
C_PIECESQUARETABLES:0.49068366284924675
C_MOBILITY:0.5332854921530956
C_KINGSAFETY:0.5041716254798757
C_PAWNSTRUCTURE:0.4803133583460057
C_PIECECOORDINATION:0.4677884983701522
C_ROOKANDPAWNMOVEMENT:0.4677884983701522
C_CENTERCONTROL:0.53083728550739
C_DEVELOPPIECES:0.5346239345833581
C_MATERIAL:0.5247532430950901
C_MOVECOUNT:0.5
