ELO:952
CE_PASSEDPAWNS:0.4477874959111083
CE_PAWNWEAKNESSES:0.6240260562749729
CE_PIECEACTIVITY:0.5144900578178424
CE_KINGPAWNSHIELD:0.5366398082776586
CE_PIECECOORDINATION:0.49047685377925077
CE_MATERIAL:0.6332940328627941
CE_KINGSAFETY:0.492413930151069
C_PIECESQUARETABLES:0.5121085929101821
C_MOBILITY:0.4806115643660108
C_KINGSAFETY:0.4322954296426216
C_PAWNSTRUCTURE:0.624756182769628
C_PIECECOORDINATION:0.49357092398169394
C_ROOKANDPAWNMOVEMENT:0.49357092398169394
C_CENTERCONTROL:0.5896076763010215
C_DEVELOPPIECES:0.4964402430906959
C_MATERIAL:0.5525108548283544
