ELO:931
CE_PASSEDPAWNS:0.5671077549460243
CE_PAWNWEAKNESSES:0.4787468713149027
CE_PIECEACTIVITY:0.46228420475491766
CE_KINGPAWNSHIELD:0.5088964478047693
CE_PIECECOORDINATION:0.47623809966199454
CE_MATERIAL:0.37924617601944616
CE_KINGSAFETY:0.5222959013900136
C_PIECESQUARETABLES:0.5599537035924469
C_MOBILITY:0.41760992355716203
C_KINGSAFETY:0.5684154493864808
C_PAWNSTRUCTURE:0.5722964237359032
C_PIECECOORDINATION:0.5515872727812817
C_ROOKANDPAWNMOVEMENT:0.5515872727812817
C_CENTERCONTROL:0.48881299398719613
C_DEVELOPPIECES:0.4888831885664206
C_MATERIAL:0.5217210962752694
