ELO:1000
CE_PASSEDPAWNS:0.5053090701123503
CE_PAWNWEAKNESSES:0.5
CE_PIECEACTIVITY:0.48796748610768487
CE_KINGPAWNSHIELD:0.4851182242229462
CE_PIECECOORDINATION:0.518063998310354
CE_MATERIAL:0.49802150848741283
CE_KINGSAFETY:0.4797945135583343
C_PIECESQUARETABLES:0.5022638411387496
C_MOBILITY:0.519301324531131
C_KINGSAFETY:0.49561475625461765
C_PAWNSTRUCTURE:0.5151960636709161
C_PIECECOORDINATION:0.5116022671094946
C_ROOKANDPAWNMOVEMENT:0.5116022671094946
C_CENTERCONTROL:0.4970301174613255
C_DEVELOPPIECES:0.49606199803585643
C_MATERIAL:0.5177314086558666
