ELO:1000
CE_PASSEDPAWNS:0.499230232980493
CE_PAWNWEAKNESSES:0.5040570615553185
CE_PIECEACTIVITY:0.5098468475929332
CE_KINGPAWNSHIELD:0.5235966052219744
CE_PIECECOORDINATION:0.5390421398142243
CE_MATERIAL:0.5651364177572296
CE_KINGSAFETY:0.5009460329186998
C_PIECESQUARETABLES:0.5301941311200237
C_MOBILITY:0.5351181455601667
C_KINGSAFETY:0.4918361886704122
C_PAWNSTRUCTURE:0.5404463595474686
C_PIECECOORDINATION:0.5092770386692377
C_ROOKANDPAWNMOVEMENT:0.5092770386692377
C_CENTERCONTROL:0.49704543807554064
C_DEVELOPPIECES:0.4922797136626396
C_MATERIAL:0.5360358707779816
