ELO:990
CE_PASSEDPAWNS:0.48928014119418894
CE_PAWNWEAKNESSES:0.4735691418571427
CE_PIECEACTIVITY:0.49882589777991626
CE_KINGPAWNSHIELD:0.5009581043557548
CE_PIECECOORDINATION:0.5280875985012714
CE_MATERIAL:0.5055460193386794
CE_KINGSAFETY:0.5106293719931492
C_PIECESQUARETABLES:0.49711239730671125
C_MOBILITY:0.43803978155800005
C_KINGSAFETY:0.5049002727282865
C_PAWNSTRUCTURE:0.4440751324595014
C_PIECECOORDINATION:0.4859952737174883
C_ROOKANDPAWNMOVEMENT:0.4859952737174883
C_CENTERCONTROL:0.48524254130822453
C_DEVELOPPIECES:0.4582081931176339
C_MATERIAL:0.48432526604357806
C_MOVECOUNT:0.5
