ELO:955
CE_PASSEDPAWNS:0.4673601736831607
CE_PAWNWEAKNESSES:0.4885924400608251
CE_PIECEACTIVITY:0.49882589777991626
CE_KINGPAWNSHIELD:0.5044698743323073
CE_PIECECOORDINATION:0.5470874047006203
CE_MATERIAL:0.5112246189373825
CE_KINGSAFETY:0.5192726470594135
C_PIECESQUARETABLES:0.5
C_MOBILITY:0.5116623085970322
C_KINGSAFETY:0.5219717141548147
C_PAWNSTRUCTURE:0.5402429035349409
C_PIECECOORDINATION:0.5361095372830116
C_ROOKANDPAWNMOVEMENT:0.5361095372830116
C_CENTERCONTROL:0.4399849404997738
C_DEVELOPPIECES:0.5042637193257786
C_MATERIAL:0.5
C_MOVECOUNT:0.5
