ELO:989
CE_PASSEDPAWNS:0.4877811053114697
CE_PAWNWEAKNESSES:0.5858199186287582
CE_PIECEACTIVITY:0.49900318666172994
CE_KINGPAWNSHIELD:0.503506126225372
CE_PIECECOORDINATION:0.559855759018372
CE_MATERIAL:0.5694570007363822
CE_KINGSAFETY:0.4973799662336749
C_PIECESQUARETABLES:0.4359095079829156
C_MOBILITY:0.5172936978104841
C_KINGSAFETY:0.4874883724164398
C_PAWNSTRUCTURE:0.6146731088145186
C_PIECECOORDINATION:0.4754106556072698
C_ROOKANDPAWNMOVEMENT:0.4754106556072698
C_CENTERCONTROL:0.5185992222095669
C_DEVELOPPIECES:0.5327920587604019
C_MATERIAL:0.4924182376212254
