ELO:914
CE_PASSEDPAWNS:0.6502650851367956
CE_PAWNWEAKNESSES:0.46484118718687295
CE_PIECEACTIVITY:0.4726545677789987
CE_KINGPAWNSHIELD:0.5278934057688007
CE_PIECECOORDINATION:0.5260395222802887
CE_MATERIAL:0.3381805495094084
CE_KINGSAFETY:0.5366447667281223
C_PIECESQUARETABLES:0.48877736113913683
C_MOBILITY:0.4126338374777561
C_KINGSAFETY:0.5860834274732744
C_PAWNSTRUCTURE:0.5472823154569229
C_PIECECOORDINATION:0.5131846011157406
C_ROOKANDPAWNMOVEMENT:0.5131846011157406
C_CENTERCONTROL:0.4632980596724286
C_DEVELOPPIECES:0.4635662500472751
C_MATERIAL:0.5417956451754385
