ELO:1000
CE_PASSEDPAWNS:0.5183036690069265
CE_PAWNWEAKNESSES:0.5
CE_PIECEACTIVITY:0.48796748610768487
CE_KINGPAWNSHIELD:0.4851182242229462
CE_PIECECOORDINATION:0.518063998310354
CE_MATERIAL:0.49802150848741283
CE_KINGSAFETY:0.47375485231649483
C_PIECESQUARETABLES:0.5012086634144234
C_MOBILITY:0.519301324531131
C_KINGSAFETY:0.4869560660379088
C_PAWNSTRUCTURE:0.5109953262718345
C_PIECECOORDINATION:0.5116022671094946
C_ROOKANDPAWNMOVEMENT:0.5116022671094946
C_CENTERCONTROL:0.5066409773939855
C_DEVELOPPIECES:0.5045031515708205
C_MATERIAL:0.5177314086558666
