ELO:934
CE_PASSEDPAWNS:0.5140668188715992
CE_PAWNWEAKNESSES:0.5106460528990244
CE_PIECEACTIVITY:0.42889682927949613
CE_KINGPAWNSHIELD:0.48719138975625265
CE_PIECECOORDINATION:0.5055091400917353
CE_MATERIAL:0.5095493963641213
CE_KINGSAFETY:0.5511191836736812
C_PIECESQUARETABLES:0.5305242248530894
C_MOBILITY:0.48930456634184133
C_KINGSAFETY:0.5516173362045851
C_PAWNSTRUCTURE:0.42983448870858987
C_PIECECOORDINATION:0.5028477855930352
C_ROOKANDPAWNMOVEMENT:0.5028477855930352
C_CENTERCONTROL:0.47978443010605654
C_DEVELOPPIECES:0.5362419908132602
C_MATERIAL:0.49617683533457546
C_MOVECOUNT:0.5
