ELO:887
CE_PASSEDPAWNS:0.4860816687599135
CE_PAWNWEAKNESSES:0.4703175972791856
CE_PIECEACTIVITY:0.47223097745184556
CE_KINGPAWNSHIELD:0.49151908046787923
CE_PIECECOORDINATION:0.6022334421713128
CE_MATERIAL:0.488056483831301
CE_KINGSAFETY:0.4939217180291715
C_PIECESQUARETABLES:0.5128712076123101
C_MOBILITY:0.506544022604981
C_KINGSAFETY:0.5322767723178451
C_PAWNSTRUCTURE:0.5450108485321749
C_PIECECOORDINATION:0.5343979818470156
C_ROOKANDPAWNMOVEMENT:0.5343979818470156
C_CENTERCONTROL:0.497859389595594
C_DEVELOPPIECES:0.5082899603189234
C_MATERIAL:0.5077709676876795
C_MOVECOUNT:0.5
