ELO:988
CE_PASSEDPAWNS:0.5
CE_PAWNWEAKNESSES:0.4958312832265356
CE_PIECEACTIVITY:0.5
CE_KINGPAWNSHIELD:0.5026867568123772
CE_PIECECOORDINATION:0.5058580586514468
CE_MATERIAL:0.502745258715346
CE_KINGSAFETY:0.5090104655952594
C_PIECESQUARETABLES:0.48541487409845746
C_MOBILITY:0.500261081340153
C_KINGSAFETY:0.5061240415980348
C_PAWNSTRUCTURE:0.5067409106192133
C_PIECECOORDINATION:0.4986775387181024
C_ROOKANDPAWNMOVEMENT:0.4986775387181024
C_CENTERCONTROL:0.5
C_DEVELOPPIECES:0.4918339453756406
C_MATERIAL:0.4982395110837181
C_MOVECOUNT:0.4953526157862101
