ELO:988
CE_PASSEDPAWNS:0.5
CE_PAWNWEAKNESSES:0.47714488621652185
CE_PIECEACTIVITY:0.5095132879259697
CE_KINGPAWNSHIELD:0.5
CE_PIECECOORDINATION:0.49659549470265196
CE_MATERIAL:0.5
CE_KINGSAFETY:0.5009668573899674
C_PIECESQUARETABLES:0.5
C_MOBILITY:0.4977902993448225
C_KINGSAFETY:0.5199116833574063
C_PAWNSTRUCTURE:0.5
C_PIECECOORDINATION:0.5133987643582435
C_ROOK:0.49547111593219995
CE_ROOK:0.4991553762994234
C_CENTERCONTROL:0.5
C_DEVELOPPIECES:0.5045390021270362
C_MATERIAL:0.5027192819778764
C_MOVECOUNT:0.5045044068558681
C_PAWNMOVEMENT:0.49482211851479213
