ELO:976
CE_PASSEDPAWNS:0.4891518145319065
CE_PAWNWEAKNESSES:0.49692265447583595
CE_PIECEACTIVITY:0.5030620186369631
CE_KINGPAWNSHIELD:0.5008909182015798
CE_PIECECOORDINATION:0.4948989235263911
CE_MATERIAL:0.4406247702468001
CE_KINGSAFETY:0.5099712390680012
C_PIECESQUARETABLES:0.49767177759591263
C_MOBILITY:0.4686606439504491
C_KINGSAFETY:0.45442427777582517
C_PAWNSTRUCTURE:0.48085883204857266
C_PIECECOORDINATION:0.48945595063699004
C_ROOKANDPAWNMOVEMENT:0.48945595063699004
C_CENTERCONTROL:0.4826935610959739
C_DEVELOPPIECES:0.49877536634295927
C_MATERIAL:0.5259477970012065
C_MOVECOUNT:0.5
