ELO:947
CE_PASSEDPAWNS:0.5058546217668882
CE_PAWNWEAKNESSES:0.5151220059396356
CE_PIECEACTIVITY:0.47212957105166703
CE_KINGPAWNSHIELD:0.4943587324164444
CE_PIECECOORDINATION:0.48566201513152857
CE_MATERIAL:0.49243991381470154
CE_KINGSAFETY:0.49099375994021455
C_PIECESQUARETABLES:0.5
C_MOBILITY:0.49746733391638553
C_KINGSAFETY:0.509438317998658
C_PAWNSTRUCTURE:0.4842795593936819
C_PIECECOORDINATION:0.49320174622069074
C_ROOK:0.5170440437008355
CE_ROOK:0.49652739894542297
C_CENTERCONTROL:0.511846440877396
C_DEVELOPPIECES:0.5287784081194117
C_MATERIAL:0.5238549206042799
C_MOVECOUNT:0.500599132454097
C_PAWNMOVEMENT:0.48093806593041133
