ELO:994
CE_PASSEDPAWNS:0.399707010934364
CE_PAWNWEAKNESSES:0.5128889835512717
CE_PIECEACTIVITY:0.5140252850115078
CE_KINGPAWNSHIELD:0.39964562900633144
CE_PIECECOORDINATION:0.42933881755436537
CE_MATERIAL:0.5030403841932721
CE_KINGSAFETY:0.5
C_PIECESQUARETABLES:0.5
C_MOBILITY:0.580479941274235
C_KINGSAFETY:0.5153453516322468
C_PAWNSTRUCTURE:0.5013081076511899
C_PIECECOORDINATION:0.434524022670818
C_ROOKANDPAWNMOVEMENT:0.434524022670818
C_CENTERCONTROL:0.3976101602692124
C_DEVELOPPIECES:0.5933423053266473
C_MATERIAL:0.6201906658387899
