ELO:953
CE_PASSEDPAWNS:0.36466930616248405
CE_PAWNWEAKNESSES:0.5801420597878308
CE_PIECEACTIVITY:0.6032721333816085
CE_KINGPAWNSHIELD:0.4061202540355586
CE_PIECECOORDINATION:0.5167629830623203
CE_MATERIAL:0.5394654363770524
CE_KINGSAFETY:0.46240760437353473
C_PIECESQUARETABLES:0.4983996846080704
C_MOBILITY:0.501694155587296
C_KINGSAFETY:0.5531600022564784
C_PAWNSTRUCTURE:0.4878373830686884
C_PIECECOORDINATION:0.48412488203356646
C_ROOKANDPAWNMOVEMENT:0.48412488203356646
C_CENTERCONTROL:0.46566616960429696
C_DEVELOPPIECES:0.4780661164686348
C_MATERIAL:0.5645180939953731
