ELO:985
CE_PASSEDPAWNS:0.4792530898668838
CE_PAWNWEAKNESSES:0.5017329122086842
CE_PIECEACTIVITY:0.5186567750321502
CE_KINGPAWNSHIELD:0.49983182231305
CE_PIECECOORDINATION:0.49943001982684526
CE_MATERIAL:0.5
CE_KINGSAFETY:0.5
C_PIECESQUARETABLES:0.5009222039255314
C_MOBILITY:0.5081295058685521
C_KINGSAFETY:0.5015188782563396
C_PAWNSTRUCTURE:0.5036382387732081
C_PIECECOORDINATION:0.49806424696842233
C_ROOK:0.5100949207745504
CE_ROOK:0.4960213535211116
C_CENTERCONTROL:0.5099239120676752
C_DEVELOPPIECES:0.5074524672084658
C_MATERIAL:0.5108229977697553
C_MOVECOUNT:0.49589406885534193
C_PAWNMOVEMENT:0.5
