ELO:953
CE_PASSEDPAWNS:0.4477874959111083
CE_PAWNWEAKNESSES:0.6411699149228998
CE_PIECEACTIVITY:0.502974096625257
CE_KINGPAWNSHIELD:0.535182651414278
CE_PIECECOORDINATION:0.4876406245345281
CE_MATERIAL:0.6206335585117352
CE_KINGSAFETY:0.494895467836362
C_PIECESQUARETABLES:0.5041215928518136
C_MOBILITY:0.4723386971450143
C_KINGSAFETY:0.42186905243793094
C_PAWNSTRUCTURE:0.6205370523360557
C_PIECECOORDINATION:0.48868330644482616
C_ROOKANDPAWNMOVEMENT:0.48868330644482616
C_CENTERCONTROL:0.5911035577046162
C_DEVELOPPIECES:0.4809430328224176
C_MATERIAL:0.5470299863736231
