ELO:854
CE_PASSEDPAWNS:0.4928139027897733
CE_PAWNWEAKNESSES:0.528707397093465
CE_PIECEACTIVITY:0.4673817902760506
CE_KINGPAWNSHIELD:0.5154203393601916
CE_PIECECOORDINATION:0.4782464128266911
CE_MATERIAL:0.5305451457806694
CE_KINGSAFETY:0.5065099475363946
C_PIECESQUARETABLES:0.4880691130629535
C_MOBILITY:0.5022194790508697
C_KINGSAFETY:0.4916702905867831
C_PAWNSTRUCTURE:0.4732177041434235
C_PIECECOORDINATION:0.4777895040248238
C_ROOKANDPAWNMOVEMENT:0.4777895040248238
C_CENTERCONTROL:0.518241590522573
C_DEVELOPPIECES:0.5597501392535318
C_MATERIAL:0.5205750648977957
C_MOVECOUNT:0.5
