ELO:942
CE_PASSEDPAWNS:0.4477874959111083
CE_PAWNWEAKNESSES:0.6411699149228998
CE_PIECEACTIVITY:0.502974096625257
CE_KINGPAWNSHIELD:0.555139153836798
CE_PIECECOORDINATION:0.4876406245345281
CE_MATERIAL:0.6254083578789291
CE_KINGSAFETY:0.4865404953875881
C_PIECESQUARETABLES:0.5041215928518136
C_MOBILITY:0.4826379297597271
C_KINGSAFETY:0.4208746483755809
C_PAWNSTRUCTURE:0.6202096653510083
C_PIECECOORDINATION:0.48868330644482616
C_ROOKANDPAWNMOVEMENT:0.48868330644482616
C_CENTERCONTROL:0.5911035577046162
C_DEVELOPPIECES:0.4760111442224002
C_MATERIAL:0.5470299863736231
