ELO:953
CE_PASSEDPAWNS:0.49927849785304973
CE_PAWNWEAKNESSES:0.5237609900351321
CE_PIECEACTIVITY:0.46991232611329703
CE_KINGPAWNSHIELD:0.5108064142455494
CE_PIECECOORDINATION:0.48598949238082095
CE_MATERIAL:0.5201602217861463
CE_KINGSAFETY:0.5
C_PIECESQUARETABLES:0.5098529288722187
C_MOBILITY:0.5021674929231801
C_KINGSAFETY:0.49785076726871674
C_PAWNSTRUCTURE:0.48977858825706816
C_PIECECOORDINATION:0.4906827142029918
C_ROOK:0.520038015482071
CE_ROOK:0.4691125014204468
C_CENTERCONTROL:0.5414888403592865
C_DEVELOPPIECES:0.5393598189624194
C_MATERIAL:0.5324477258477359
C_MOVECOUNT:0.4901806748284076
C_PAWNMOVEMENT:0.4860749956557872
