ELO:1012
CE_PASSEDPAWNS:0.4922000410955621
CE_PAWNWEAKNESSES:0.5
CE_PIECEACTIVITY:0.5
CE_KINGPAWNSHIELD:0.5117673279052368
CE_PIECECOORDINATION:0.4948010190635682
CE_MATERIAL:0.49115965621287505
CE_KINGSAFETY:0.4967330654026176
C_PIECESQUARETABLES:0.5
C_MOBILITY:0.5
C_KINGSAFETY:0.5060370144907369
C_PAWNSTRUCTURE:0.5039057571418583
C_PIECECOORDINATION:0.4989688016942676
C_ROOKANDPAWNMOVEMENT:0.4989688016942676
C_CENTERCONTROL:0.5
C_DEVELOPPIECES:0.5069339033666453
C_MATERIAL:0.5120894051588286
C_MOVECOUNT:0.5
