ELO:955
CE_PASSEDPAWNS:0.5219541045341414
CE_PAWNWEAKNESSES:0.49802822651390055
CE_PIECEACTIVITY:0.5274532282445515
CE_KINGPAWNSHIELD:0.5065410442254746
CE_PIECECOORDINATION:0.4904350123727099
CE_MATERIAL:0.4827419512060949
CE_KINGSAFETY:0.49734127672355294
C_PIECESQUARETABLES:0.4795835833478839
C_MOBILITY:0.5204191755515026
C_KINGSAFETY:0.5041103678259506
C_PAWNSTRUCTURE:0.46545128468094615
C_PIECECOORDINATION:0.474617120759623
C_ROOKANDPAWNMOVEMENT:0.474617120759623
C_CENTERCONTROL:0.4935984108725784
C_DEVELOPPIECES:0.4936740329895075
C_MATERIAL:0.4915340422213061
C_MOVECOUNT:0.5
