ELO:892
CE_PASSEDPAWNS:0.5561204292513829
CE_PAWNWEAKNESSES:0.5358079596452096
CE_PIECEACTIVITY:0.47626139692324415
CE_KINGPAWNSHIELD:0.4694532401677942
CE_PIECECOORDINATION:0.48120308698711284
CE_MATERIAL:0.4529713779362158
CE_KINGSAFETY:0.4948153784580065
C_PIECESQUARETABLES:0.527400431991413
C_MOBILITY:0.4603903854012384
C_KINGSAFETY:0.5238794041242535
C_PAWNSTRUCTURE:0.4904001820881541
C_PIECECOORDINATION:0.5233815351946843
C_ROOKANDPAWNMOVEMENT:0.5233815351946843
C_CENTERCONTROL:0.5031550374601215
C_DEVELOPPIECES:0.48996076839324465
C_MATERIAL:0.6027377130407109
C_MOVECOUNT:0.5346268775830498
