ELO:916
CE_PASSEDPAWNS:0.575387271291298
CE_PAWNWEAKNESSES:0.47976038489858175
CE_PIECEACTIVITY:0.46219254389844094
CE_KINGPAWNSHIELD:0.5273677757101354
CE_PIECECOORDINATION:0.5111329092208899
CE_MATERIAL:0.36450084544737177
CE_KINGSAFETY:0.5066489083148117
C_PIECESQUARETABLES:0.5023603424038217
C_MOBILITY:0.43111296073613503
C_KINGSAFETY:0.5666404213146727
C_PAWNSTRUCTURE:0.5630516805704047
C_PIECECOORDINATION:0.5231094043784735
C_ROOKANDPAWNMOVEMENT:0.5231094043784735
C_CENTERCONTROL:0.49250413425259565
C_DEVELOPPIECES:0.4526182793302243
C_MATERIAL:0.5470794436803791
