ELO:905
CE_PASSEDPAWNS:0.5144653061329092
CE_PAWNWEAKNESSES:0.47087038268698145
CE_PIECEACTIVITY:0.5052191788773229
CE_KINGPAWNSHIELD:0.5445226682186487
CE_PIECECOORDINATION:0.4823415140800231
CE_MATERIAL:0.5047709183629072
CE_KINGSAFETY:0.4941025148222116
C_PIECESQUARETABLES:0.5081305824546355
C_MOBILITY:0.4865614209333513
C_KINGSAFETY:0.5005201901747436
C_PAWNSTRUCTURE:0.48919180118837635
C_PIECECOORDINATION:0.49459858872150403
C_ROOKANDPAWNMOVEMENT:0.49459858872150403
C_CENTERCONTROL:0.514430549422206
C_DEVELOPPIECES:0.48711980494762797
C_MATERIAL:0.5196647034383887
C_MOVECOUNT:0.4762788653227998
