ELO:948
CE_PASSEDPAWNS:0.4910329061306591
CE_PAWNWEAKNESSES:0.5005735580171135
CE_PIECEACTIVITY:0.4997222294205954
CE_KINGPAWNSHIELD:0.5889248917171646
CE_PIECECOORDINATION:0.5390806037981777
CE_MATERIAL:0.508905220185558
CE_KINGSAFETY:0.47971390433472133
C_PIECESQUARETABLES:0.47063098742796966
C_MOBILITY:0.5094286420966636
C_KINGSAFETY:0.43241644797592105
C_PAWNSTRUCTURE:0.347941894783395
C_PIECECOORDINATION:0.36543990553269423
C_ROOKANDPAWNMOVEMENT:0.36543990553269423
C_CENTERCONTROL:0.5317308783030585
C_DEVELOPPIECES:0.4995616980595428
C_MATERIAL:0.3720122207504515
