ELO:920
CE_PASSEDPAWNS:0.5926080104986178
CE_PAWNWEAKNESSES:0.5058642762496222
CE_PIECEACTIVITY:0.4246193873028756
CE_KINGPAWNSHIELD:0.5458835186497949
CE_PIECECOORDINATION:0.6032900745245771
CE_MATERIAL:0.47642319344619205
CE_KINGSAFETY:0.4486689858897468
C_PIECESQUARETABLES:0.47719202533109206
C_MOBILITY:0.3979143739541896
C_KINGSAFETY:0.4508106333862511
C_PAWNSTRUCTURE:0.46892422637825937
C_PIECECOORDINATION:0.5792314874864791
C_ROOKANDPAWNMOVEMENT:0.5792314874864791
C_CENTERCONTROL:0.5246205772160039
C_DEVELOPPIECES:0.6006745491166796
C_MATERIAL:0.44383396942664244
