ELO:957
CE_PASSEDPAWNS:0.4936792332437318
CE_PAWNWEAKNESSES:0.5151220059396356
CE_PIECEACTIVITY:0.47258555389542234
CE_KINGPAWNSHIELD:0.4943587324164444
CE_PIECECOORDINATION:0.49090125131467655
CE_MATERIAL:0.48633796576537847
CE_KINGSAFETY:0.5
C_PIECESQUARETABLES:0.4905196339366493
C_MOBILITY:0.5028336493045694
C_KINGSAFETY:0.509438317998658
C_PAWNSTRUCTURE:0.4842795593936819
C_PIECECOORDINATION:0.48178026093818654
C_ROOK:0.5096240143317692
CE_ROOK:0.4920316629345981
C_CENTERCONTROL:0.511846440877396
C_DEVELOPPIECES:0.5195087432202975
C_MATERIAL:0.5129059121514722
C_MOVECOUNT:0.4889620369846736
C_PAWNMOVEMENT:0.48093806593041133
