ELO:884
CE_PASSEDPAWNS:0.5116312724452861
CE_PAWNWEAKNESSES:0.557912237495453
CE_PIECEACTIVITY:0.4606481696558184
CE_KINGPAWNSHIELD:0.5443514900077322
CE_PIECECOORDINATION:0.4657274387303046
CE_MATERIAL:0.5326430885596443
CE_KINGSAFETY:0.5
C_PIECESQUARETABLES:0.5088771067935522
C_MOBILITY:0.5071361512564387
C_KINGSAFETY:0.5203289517058044
C_PAWNSTRUCTURE:0.4917884510804394
C_PIECECOORDINATION:0.4678362937914411
C_ROOK:0.545217391986211
CE_ROOK:0.47383907957626636
C_CENTERCONTROL:0.5149813817388936
C_DEVELOPPIECES:0.5207886753313642
C_MATERIAL:0.5459973172461599
C_MOVECOUNT:0.4873463745898085
C_PAWNMOVEMENT:0.5411835453450651
