ELO:988
CE_PASSEDPAWNS:0.5
CE_PAWNWEAKNESSES:0.4836970408576181
CE_PIECEACTIVITY:0.5084930303537986
CE_KINGPAWNSHIELD:0.5
CE_PIECECOORDINATION:0.49659549470265196
CE_MATERIAL:0.5
CE_KINGSAFETY:0.5152639597216979
C_PIECESQUARETABLES:0.48939956361466663
C_MOBILITY:0.4977902993448225
C_KINGSAFETY:0.5199116833574063
C_PAWNSTRUCTURE:0.5
C_PIECECOORDINATION:0.5133987643582435
C_ROOK:0.488991920441485
CE_ROOK:0.48704327754344345
C_CENTERCONTROL:0.5
C_DEVELOPPIECES:0.5045390021270362
C_MATERIAL:0.5027192819778764
C_MOVECOUNT:0.4926550556646334
C_PAWNMOVEMENT:0.48381438217949885
