ELO:922
CE_PASSEDPAWNS:0.48763608598760044
CE_PAWNWEAKNESSES:0.49831376296941926
CE_PIECEACTIVITY:0.6025655255417572
CE_KINGPAWNSHIELD:0.5047068237377914
CE_PIECECOORDINATION:0.48438192449001055
CE_MATERIAL:0.5440842081593326
CE_KINGSAFETY:0.5
C_PIECESQUARETABLES:0.5
C_MOBILITY:0.4637101785975175
C_KINGSAFETY:0.3314081898094452
C_PAWNSTRUCTURE:0.40563996337207037
C_PIECECOORDINATION:0.6287803624008013
C_ROOKANDPAWNMOVEMENT:0.6287803624008013
C_CENTERCONTROL:0.43740593672224054
C_DEVELOPPIECES:0.4440611738549465
C_MATERIAL:0.4143282197967104
