ELO:968
CE_PASSEDPAWNS:0.48692789623076865
CE_PAWNWEAKNESSES:0.4960847643942453
CE_PIECEACTIVITY:0.47507271059827116
CE_KINGPAWNSHIELD:0.4943587324164444
CE_PIECECOORDINATION:0.49090125131467655
CE_MATERIAL:0.48633796576537847
CE_KINGSAFETY:0.5
C_PIECESQUARETABLES:0.4905196339366493
C_MOBILITY:0.5028336493045694
C_KINGSAFETY:0.509438317998658
C_PAWNSTRUCTURE:0.4949739045346842
C_PIECECOORDINATION:0.4877663102341698
C_ROOK:0.5096240143317692
CE_ROOK:0.4920316629345981
C_CENTERCONTROL:0.5039315911087231
C_DEVELOPPIECES:0.5210608288822569
C_MATERIAL:0.5129059121514722
C_MOVECOUNT:0.4890972630577028
C_PAWNMOVEMENT:0.46864027665040836
