ELO:952
CE_PASSEDPAWNS:0.4531897794304045
CE_PAWNWEAKNESSES:0.6240260562749729
CE_PIECEACTIVITY:0.5167199534322446
CE_KINGPAWNSHIELD:0.5342575627116802
CE_PIECECOORDINATION:0.4989112080287417
CE_MATERIAL:0.6429005670716799
CE_KINGSAFETY:0.492413930151069
C_PIECESQUARETABLES:0.5155120670132125
C_MOBILITY:0.4806115643660108
C_KINGSAFETY:0.43321482066666317
C_PAWNSTRUCTURE:0.624756182769628
C_PIECECOORDINATION:0.4886556658895716
C_ROOKANDPAWNMOVEMENT:0.4886556658895716
C_CENTERCONTROL:0.5896076763010215
C_DEVELOPPIECES:0.5025005836156098
C_MATERIAL:0.5521190587579121
