ELO:971
CE_PASSEDPAWNS:0.5415443634689183
CE_PAWNWEAKNESSES:0.47129912189136397
CE_PIECEACTIVITY:0.5046799567104334
CE_KINGPAWNSHIELD:0.5366854546995828
CE_PIECECOORDINATION:0.4461823637712044
CE_MATERIAL:0.432167095714937
CE_KINGSAFETY:0.511366094039356
C_PIECESQUARETABLES:0.5
C_MOBILITY:0.392004789055741
C_KINGSAFETY:0.5613440746597097
C_PAWNSTRUCTURE:0.5173303069191787
C_PIECECOORDINATION:0.5363104833772254
C_ROOKANDPAWNMOVEMENT:0.5363104833772254
C_CENTERCONTROL:0.4515358572238236
C_DEVELOPPIECES:0.4830096032430206
C_MATERIAL:0.5335011412803893
