ELO:957
CE_PASSEDPAWNS:0.5893278237676621
CE_PAWNWEAKNESSES:0.4415637372644996
CE_PIECEACTIVITY:0.499035488379388
CE_KINGPAWNSHIELD:0.4771017800477613
CE_PIECECOORDINATION:0.5330870302543593
CE_MATERIAL:0.4785003198673047
CE_KINGSAFETY:0.4993112730599899
C_PIECESQUARETABLES:0.5
C_MOBILITY:0.5051101388470695
C_KINGSAFETY:0.4281208960075442
C_PAWNSTRUCTURE:0.5
C_PIECECOORDINATION:0.4928675150736712
C_ROOKANDPAWNMOVEMENT:0.4928675150736712
C_CENTERCONTROL:0.45898287082601785
C_DEVELOPPIECES:0.5087337523350309
C_MATERIAL:0.5
C_MOVECOUNT:0.5
