ELO:1031
CE_PASSEDPAWNS:0.48648259105472186
CE_PAWNWEAKNESSES:0.4967877153802503
CE_PIECEACTIVITY:0.502939485407813
CE_KINGPAWNSHIELD:0.5046887473723781
CE_PIECECOORDINATION:0.5054150739868447
CE_MATERIAL:0.48426420079647864
CE_KINGSAFETY:0.5
C_PIECESQUARETABLES:0.5
C_MOBILITY:0.4941184934948356
C_KINGSAFETY:0.497067400002532
C_PAWNSTRUCTURE:0.5014122474366084
C_PIECECOORDINATION:0.5291701892332789
C_ROOK:0.49537800300980583
CE_ROOK:0.481432679306885
C_CENTERCONTROL:0.4724910272393146
C_DEVELOPPIECES:0.4942381983147077
C_MATERIAL:0.5063430896814836
C_MOVECOUNT:0.49632982623610516
C_PAWNMOVEMENT:0.5157535493192258
