ELO:1067
CE_PASSEDPAWNS:0.5301794791619656
CE_PAWNWEAKNESSES:0.4847719993498613
CE_PIECEACTIVITY:0.5
CE_KINGPAWNSHIELD:0.5153175121315582
CE_PIECECOORDINATION:0.5107883021473528
CE_MATERIAL:0.5968317549943646
CE_KINGSAFETY:0.5306017121530805
C_PIECESQUARETABLES:0.5245540500780056
C_MOBILITY:0.4937944271607047
C_KINGSAFETY:0.5318618883517553
C_PAWNSTRUCTURE:0.507772095497507
C_PIECECOORDINATION:0.4895987753004243
C_ROOKANDPAWNMOVEMENT:0.4895987753004243
C_CENTERCONTROL:0.4585539330729828
C_DEVELOPPIECES:0.48428643209447725
C_MATERIAL:0.48926081613991
C_MOVECOUNT:0.5215791986025745
