ELO:887
CE_PASSEDPAWNS:0.4619725346932179
CE_PAWNWEAKNESSES:0.524212876974551
CE_PIECEACTIVITY:0.4285917092734817
CE_KINGPAWNSHIELD:0.6252227316212233
CE_PIECECOORDINATION:0.48206699456278396
CE_MATERIAL:0.4477557524567187
CE_KINGSAFETY:0.5131766982597468
C_PIECESQUARETABLES:0.5224189262327098
C_MOBILITY:0.4999231573638107
C_KINGSAFETY:0.4870912358231668
C_PAWNSTRUCTURE:0.5194277742759642
C_PIECECOORDINATION:0.5165305379330569
C_ROOKANDPAWNMOVEMENT:0.5165305379330569
C_CENTERCONTROL:0.4818774403777166
C_DEVELOPPIECES:0.5370720807470515
C_MATERIAL:0.5670153439357623
