ELO:1055
CE_PASSEDPAWNS:0.5052669063431765
CE_PAWNWEAKNESSES:0.5009200022606216
CE_PIECEACTIVITY:0.4894212906615362
CE_KINGPAWNSHIELD:0.5344379173480913
CE_PIECECOORDINATION:0.5130876734810945
CE_MATERIAL:0.5
CE_KINGSAFETY:0.5005604870770006
C_PIECESQUARETABLES:0.5
C_MOBILITY:0.5
C_KINGSAFETY:0.49228535413656704
C_PAWNSTRUCTURE:0.5183606997412803
C_PIECECOORDINATION:0.4857367427692809
C_ROOK:0.5062366591732921
CE_ROOK:0.5166022380509558
C_CENTERCONTROL:0.5
C_DEVELOPPIECES:0.5
C_MATERIAL:0.5
C_MOVECOUNT:0.5046174559091835
C_PAWNMOVEMENT:0.5050239525455902
