ELO:965
CE_PASSEDPAWNS:0.5402583337448696
CE_PAWNWEAKNESSES:0.5103993223914337
CE_PIECEACTIVITY:0.3938509556917073
CE_KINGPAWNSHIELD:0.5566695350393622
CE_PIECECOORDINATION:0.49565136853498865
CE_MATERIAL:0.4287805267750386
CE_KINGSAFETY:0.5064709334532865
C_PIECESQUARETABLES:0.5
C_MOBILITY:0.4540894822087271
C_KINGSAFETY:0.4648570688722469
C_PAWNSTRUCTURE:0.5094626835156969
C_PIECECOORDINATION:0.6008871192703512
C_ROOKANDPAWNMOVEMENT:0.6008871192703512
C_CENTERCONTROL:0.49347865028962584
C_DEVELOPPIECES:0.5512278786648879
C_MATERIAL:0.5453029603498656
