ELO:989
CE_PASSEDPAWNS:0.3653014313048466
CE_PAWNWEAKNESSES:0.5010275327081167
CE_PIECEACTIVITY:0.5749440601265043
CE_KINGPAWNSHIELD:0.4511987880523465
CE_PIECECOORDINATION:0.4708959236142045
CE_MATERIAL:0.5092893002002773
CE_KINGSAFETY:0.5048512605538166
C_PIECESQUARETABLES:0.48624632790093003
C_MOBILITY:0.5102507542125971
C_KINGSAFETY:0.5594239720260957
C_PAWNSTRUCTURE:0.3368077113536024
C_PIECECOORDINATION:0.43449278110267825
C_ROOKANDPAWNMOVEMENT:0.43449278110267825
C_CENTERCONTROL:0.3593809124082285
C_DEVELOPPIECES:0.505153346216208
C_MATERIAL:0.6921250516996714
