ELO:964
CE_PASSEDPAWNS:0.5
CE_PAWNWEAKNESSES:0.4780682635030023
CE_PIECEACTIVITY:0.5497460128193683
CE_KINGPAWNSHIELD:0.5
CE_PIECECOORDINATION:0.47815875438483685
CE_MATERIAL:0.4969665833821581
CE_KINGSAFETY:0.4850826172162211
C_PIECESQUARETABLES:0.4883741616936106
C_MOBILITY:0.5115720775303241
C_KINGSAFETY:0.47831268003746846
C_PAWNSTRUCTURE:0.503746822376635
C_PIECECOORDINATION:0.503236424636462
C_ROOKANDPAWNMOVEMENT:0.503236424636462
C_CENTERCONTROL:0.505298571991956
C_DEVELOPPIECES:0.4945856340132162
C_MATERIAL:0.4857457682122194
C_MOVECOUNT:0.5121419962774808
