ELO:875
CE_PASSEDPAWNS:0.4448172320785118
CE_PAWNWEAKNESSES:0.54054010897044
CE_PIECEACTIVITY:0.4327529040962581
CE_KINGPAWNSHIELD:0.646566398409094
CE_PIECECOORDINATION:0.48016704669258975
CE_MATERIAL:0.4419249382528733
CE_KINGSAFETY:0.5306537383143699
C_PIECESQUARETABLES:0.5388430725468831
C_MOBILITY:0.5263270975445187
C_KINGSAFETY:0.48822064854765457
C_PAWNSTRUCTURE:0.5275119948345152
C_PIECECOORDINATION:0.4827351813606413
C_ROOKANDPAWNMOVEMENT:0.4827351813606413
C_CENTERCONTROL:0.5198203839298877
C_DEVELOPPIECES:0.5657134520689963
C_MATERIAL:0.5690218079700844
