ELO:990
CE_PASSEDPAWNS:0.5270718627718238
CE_PAWNWEAKNESSES:0.49015014010327757
CE_PIECEACTIVITY:0.40656955471869666
CE_KINGPAWNSHIELD:0.5096888166717879
CE_PIECECOORDINATION:0.48909414017142283
CE_MATERIAL:0.4854186651836306
CE_KINGSAFETY:0.5222971362149225
C_PIECESQUARETABLES:0.4748988732849027
C_MOBILITY:0.4693699967394587
C_KINGSAFETY:0.4819946317808585
C_PAWNSTRUCTURE:0.496231391487377
C_PIECECOORDINATION:0.581665492853771
C_ROOKANDPAWNMOVEMENT:0.581665492853771
C_CENTERCONTROL:0.5340213927272647
C_DEVELOPPIECES:0.5789681422611217
C_MATERIAL:0.5158044754060542
