ELO:990
CE_PASSEDPAWNS:0.5114660919768963
CE_PAWNWEAKNESSES:0.5016734087958085
CE_PIECEACTIVITY:0.4456083280430502
CE_KINGPAWNSHIELD:0.5137900348329447
CE_PIECECOORDINATION:0.48866969300760266
CE_MATERIAL:0.4992930997470104
CE_KINGSAFETY:0.5032411437230047
C_PIECESQUARETABLES:0.48006306687125844
C_MOBILITY:0.4815620143886168
C_KINGSAFETY:0.4899026143768966
C_PAWNSTRUCTURE:0.5007509612073878
C_PIECECOORDINATION:0.5895661460784903
C_ROOKANDPAWNMOVEMENT:0.5895661460784903
C_CENTERCONTROL:0.5445792127310053
C_DEVELOPPIECES:0.5841486159460132
C_MATERIAL:0.5105111207204263
