ELO:957
CE_PASSEDPAWNS:0.505433538224844
CE_PAWNWEAKNESSES:0.5256634341099059
CE_PIECEACTIVITY:0.40105992586245076
CE_KINGPAWNSHIELD:0.5910375390624463
CE_PIECECOORDINATION:0.48961651870938605
CE_MATERIAL:0.44355894212493885
CE_KINGSAFETY:0.493971058929017
C_PIECESQUARETABLES:0.48410612180426876
C_MOBILITY:0.4691949201705541
C_KINGSAFETY:0.483738677246445
C_PAWNSTRUCTURE:0.4929577201113972
C_PIECECOORDINATION:0.5623750209516338
C_ROOKANDPAWNMOVEMENT:0.5623750209516338
C_CENTERCONTROL:0.459723615024887
C_DEVELOPPIECES:0.552219408098635
C_MATERIAL:0.5242894444012903
