ELO:990
CE_PASSEDPAWNS:0.5031104048228398
CE_PAWNWEAKNESSES:0.46535949783053737
CE_PIECEACTIVITY:0.44683324369256794
CE_KINGPAWNSHIELD:0.5223825203268276
CE_PIECECOORDINATION:0.5020185241050283
CE_MATERIAL:0.5109162586614773
CE_KINGSAFETY:0.5067602273461567
C_PIECESQUARETABLES:0.45986757070730244
C_MOBILITY:0.48188648395486455
C_KINGSAFETY:0.49852292942956705
C_PAWNSTRUCTURE:0.5169787957437967
C_PIECECOORDINATION:0.5809438256200368
C_ROOKANDPAWNMOVEMENT:0.5809438256200368
C_CENTERCONTROL:0.5135721447684117
C_DEVELOPPIECES:0.5560905812243226
C_MATERIAL:0.5087808645252325
