ELO:979
CE_PASSEDPAWNS:0.5029670523800515
CE_PAWNWEAKNESSES:0.4871486157467054
CE_PIECEACTIVITY:0.5497460128193683
CE_KINGPAWNSHIELD:0.5046975176602095
CE_PIECECOORDINATION:0.47675967050083984
CE_MATERIAL:0.5010885419870319
CE_KINGSAFETY:0.49465265944529113
C_PIECESQUARETABLES:0.48582495097065437
C_MOBILITY:0.5115720775303241
C_KINGSAFETY:0.4736458424191637
C_PAWNSTRUCTURE:0.491662208985029
C_PIECECOORDINATION:0.5059729432765188
C_ROOKANDPAWNMOVEMENT:0.5059729432765188
C_CENTERCONTROL:0.5014307534213625
C_DEVELOPPIECES:0.4845383178541873
C_MATERIAL:0.5032983126354655
C_MOVECOUNT:0.5162488178730869
