ELO:989
CE_PASSEDPAWNS:0.5
CE_PAWNWEAKNESSES:0.49040145755921205
CE_PIECEACTIVITY:0.5472400739443215
CE_KINGPAWNSHIELD:0.5
CE_PIECECOORDINATION:0.4985928390602211
CE_MATERIAL:0.5050185815687607
CE_KINGSAFETY:0.48977270963787095
C_PIECESQUARETABLES:0.5
C_MOBILITY:0.4964521848701982
C_KINGSAFETY:0.49003457025429775
C_PAWNSTRUCTURE:0.49772694842795423
C_PIECECOORDINATION:0.503236424636462
C_ROOKANDPAWNMOVEMENT:0.503236424636462
C_CENTERCONTROL:0.5
C_DEVELOPPIECES:0.4945856340132162
C_MATERIAL:0.4857457682122194
C_MOVECOUNT:0.5106736140845395
