ELO:874
CE_PASSEDPAWNS:0.5115307935625886
CE_PAWNWEAKNESSES:0.5217119558182532
CE_PIECEACTIVITY:0.5386607529054642
CE_KINGPAWNSHIELD:0.5202433138778586
CE_PIECECOORDINATION:0.5397596196657437
CE_MATERIAL:0.4855577356298633
CE_KINGSAFETY:0.4733160313747495
C_PIECESQUARETABLES:0.4837173176932571
C_MOBILITY:0.5006764593389923
C_KINGSAFETY:0.5238700681027094
C_PAWNSTRUCTURE:0.46000262513355944
C_PIECECOORDINATION:0.5439005541115843
C_ROOKANDPAWNMOVEMENT:0.5439005541115843
C_CENTERCONTROL:0.4856721706248684
C_DEVELOPPIECES:0.4641358669701647
C_MATERIAL:0.5469622103637262
C_MOVECOUNT:0.5
