ELO:1058
CE_PASSEDPAWNS:0.4888749446358555
CE_PAWNWEAKNESSES:0.49441264483531816
CE_PIECEACTIVITY:0.4799488361370788
CE_KINGPAWNSHIELD:0.4904458852724681
CE_PIECECOORDINATION:0.5067730976131555
CE_MATERIAL:0.5
CE_KINGSAFETY:0.5
C_PIECESQUARETABLES:0.5
C_MOBILITY:0.48809863023922506
C_KINGSAFETY:0.4884726715446014
C_PAWNSTRUCTURE:0.5
C_PIECECOORDINATION:0.5121076075461656
C_ROOK:0.49537800300980583
CE_ROOK:0.49365928601756126
C_CENTERCONTROL:0.5043711180257453
C_DEVELOPPIECES:0.4980236793900829
C_MATERIAL:0.4919401372919477
C_MOVECOUNT:0.4779607710318535
C_PAWNMOVEMENT:0.5029316072697483
