ELO:976
CE_PASSEDPAWNS:0.5610498190380415
CE_PAWNWEAKNESSES:0.4632676835560802
CE_PIECEACTIVITY:0.5036802952344989
CE_KINGPAWNSHIELD:0.4892325404524009
CE_PIECECOORDINATION:0.4724320329606825
CE_MATERIAL:0.5269627072547232
CE_KINGSAFETY:0.5129511220224127
C_PIECESQUARETABLES:0.5162094306380202
C_MOBILITY:0.5759080599717223
C_KINGSAFETY:0.469991168823598
C_PAWNSTRUCTURE:0.5138750893209811
C_PIECECOORDINATION:0.47660816048347737
C_ROOKANDPAWNMOVEMENT:0.47660816048347737
C_CENTERCONTROL:0.5277189544323654
C_DEVELOPPIECES:0.4389801867850422
C_MATERIAL:0.4294820125183428
