ELO:986
CE_PASSEDPAWNS:0.5285349281680459
CE_PAWNWEAKNESSES:0.4997482179115269
CE_PIECEACTIVITY:0.5430420121622984
CE_KINGPAWNSHIELD:0.5037553647851927
CE_PIECECOORDINATION:0.47909791022153303
CE_MATERIAL:0.48049979158091555
CE_KINGSAFETY:0.5
C_PIECESQUARETABLES:0.48642554126897597
C_MOBILITY:0.497332784061242
C_KINGSAFETY:0.4754502499578932
C_PAWNSTRUCTURE:0.49715227136596396
C_PIECECOORDINATION:0.5059178787254657
C_ROOKANDPAWNMOVEMENT:0.5059178787254657
C_CENTERCONTROL:0.49442198277591987
C_DEVELOPPIECES:0.4944481226237841
C_MATERIAL:0.5051798380009462
C_MOVECOUNT:0.49555615826719157
