ELO:990
CE_PASSEDPAWNS:0.5250936783778412
CE_PAWNWEAKNESSES:0.4888014415889759
CE_PIECEACTIVITY:0.40102449959064707
CE_KINGPAWNSHIELD:0.5303176952103229
CE_PIECECOORDINATION:0.4980237225621645
CE_MATERIAL:0.469093230629157
CE_KINGSAFETY:0.5349645240163885
C_PIECESQUARETABLES:0.47672909714257955
C_MOBILITY:0.45853778334456774
C_KINGSAFETY:0.48068233829709195
C_PAWNSTRUCTURE:0.507277743588803
C_PIECECOORDINATION:0.5894454902438608
C_ROOKANDPAWNMOVEMENT:0.5894454902438608
C_CENTERCONTROL:0.505189525357198
C_DEVELOPPIECES:0.5420466591207725
C_MATERIAL:0.528128539841078
