ELO:989
CE_PASSEDPAWNS:0.37534761368703196
CE_PAWNWEAKNESSES:0.5070893464558932
CE_PIECEACTIVITY:0.5594978002495871
CE_KINGPAWNSHIELD:0.482277431277791
CE_PIECECOORDINATION:0.45958955444998095
CE_MATERIAL:0.5181326454583327
CE_KINGSAFETY:0.4964467591104951
C_PIECESQUARETABLES:0.5
C_MOBILITY:0.5022862332232336
C_KINGSAFETY:0.5594239720260957
C_PAWNSTRUCTURE:0.33214799389882604
C_PIECECOORDINATION:0.4455295289066636
C_ROOKANDPAWNMOVEMENT:0.4455295289066636
C_CENTERCONTROL:0.3407975836416901
C_DEVELOPPIECES:0.4960521194674213
C_MATERIAL:0.6784245279252653
