ELO:867
CE_PASSEDPAWNS:0.48217225933521657
CE_PAWNWEAKNESSES:0.5052187324239628
CE_PIECEACTIVITY:0.4232532259877815
CE_KINGPAWNSHIELD:0.6269887233639314
CE_PIECECOORDINATION:0.4738382277543633
CE_MATERIAL:0.4620508839654289
CE_KINGSAFETY:0.495026346683886
C_PIECESQUARETABLES:0.5019725546084847
C_MOBILITY:0.4961614300755183
C_KINGSAFETY:0.5063052064061315
C_PAWNSTRUCTURE:0.5268317639413267
C_PIECECOORDINATION:0.5334405670229677
C_ROOKANDPAWNMOVEMENT:0.5334405670229677
C_CENTERCONTROL:0.4732368736925352
C_DEVELOPPIECES:0.5450220243245628
C_MATERIAL:0.5495822025737137
