ELO:1026
CE_PASSEDPAWNS:0.5
CE_PAWNWEAKNESSES:0.5050088165410584
CE_PIECEACTIVITY:0.49702535401778575
CE_KINGPAWNSHIELD:0.4894732843301471
CE_PIECECOORDINATION:0.491115818936762
CE_MATERIAL:0.5113046221875883
CE_KINGSAFETY:0.5
C_PIECESQUARETABLES:0.5
C_MOBILITY:0.49667033332078464
C_KINGSAFETY:0.4977610177086823
C_PAWNSTRUCTURE:0.492159784962093
C_PIECECOORDINATION:0.5291701892332789
C_ROOK:0.5057630929773514
CE_ROOK:0.4935121825709985
C_CENTERCONTROL:0.4921312419304174
C_DEVELOPPIECES:0.48303028124757863
C_MATERIAL:0.4694591356605998
C_MOVECOUNT:0.4970293967652607
C_PAWNMOVEMENT:0.5000142196998014
