ELO:1010
CE_PASSEDPAWNS:0.5
CE_PAWNWEAKNESSES:0.5
CE_PIECEACTIVITY:0.5
CE_KINGPAWNSHIELD:0.5096410278071436
CE_PIECECOORDINATION:0.5077023166078048
CE_MATERIAL:0.5156022750306024
CE_KINGSAFETY:0.5
C_PIECESQUARETABLES:0.5
C_MOBILITY:0.49656768165046206
C_KINGSAFETY:0.500622886442503
C_PAWNSTRUCTURE:0.5351512291031787
C_PIECECOORDINATION:0.5034529882807594
C_ROOKANDPAWNMOVEMENT:0.5034529882807594
C_CENTERCONTROL:0.49738167999669414
C_DEVELOPPIECES:0.48399843575399215
C_MATERIAL:0.5122096436130643
C_MOVECOUNT:0.5188253940705617
