ELO:916
CE_PASSEDPAWNS:0.5136696211320674
CE_PAWNWEAKNESSES:0.5246157950743604
CE_PIECEACTIVITY:0.5486127437865206
CE_KINGPAWNSHIELD:0.5179891363339625
CE_PIECECOORDINATION:0.5444746182740409
CE_MATERIAL:0.48128481979711174
CE_KINGSAFETY:0.45583563150859374
C_PIECESQUARETABLES:0.46423361684031383
C_MOBILITY:0.5074504888642725
C_KINGSAFETY:0.4998113596646635
C_PAWNSTRUCTURE:0.47785185651934825
C_PIECECOORDINATION:0.5228417283142874
C_ROOKANDPAWNMOVEMENT:0.5228417283142874
C_CENTERCONTROL:0.48383922669311447
C_DEVELOPPIECES:0.47733643855027685
C_MATERIAL:0.5448284972024718
C_MOVECOUNT:0.5
