ELO:1038
CE_PASSEDPAWNS:0.4888749446358555
CE_PAWNWEAKNESSES:0.4954662148007358
CE_PIECEACTIVITY:0.500113336584728
CE_KINGPAWNSHIELD:0.4996552307072707
CE_PIECECOORDINATION:0.5273503149869337
CE_MATERIAL:0.5
CE_KINGSAFETY:0.5
C_PIECESQUARETABLES:0.5
C_MOBILITY:0.48809863023922506
C_KINGSAFETY:0.5002406708489867
C_PAWNSTRUCTURE:0.5
C_PIECECOORDINATION:0.5101602699484833
C_ROOK:0.4958619021682919
CE_ROOK:0.49339661021007886
C_CENTERCONTROL:0.5043711180257453
C_DEVELOPPIECES:0.5
C_MATERIAL:0.5
C_MOVECOUNT:0.4971715690452809
C_PAWNMOVEMENT:0.5029316072697483
