ELO:943
CE_PASSEDPAWNS:0.4845252471866998
CE_PAWNWEAKNESSES:0.46688338852917416
CE_PIECEACTIVITY:0.49930604658619
CE_KINGPAWNSHIELD:0.5083195049502081
CE_PIECECOORDINATION:0.4896554036651063
CE_MATERIAL:0.47999083927103425
CE_KINGSAFETY:0.5010656082154288
C_PIECESQUARETABLES:0.513434925141221
C_MOBILITY:0.46395281615369915
C_KINGSAFETY:0.5037561972735886
C_PAWNSTRUCTURE:0.5175641579849697
C_PIECECOORDINATION:0.5301208810819158
C_ROOKANDPAWNMOVEMENT:0.5301208810819158
C_CENTERCONTROL:0.4912132724509141
C_DEVELOPPIECES:0.47326078450121845
C_MATERIAL:0.5022962668509009
C_MOVECOUNT:0.5022009498494181
