ELO:936
CE_PASSEDPAWNS:0.492030415409232
CE_PAWNWEAKNESSES:0.4892926816716441
CE_PIECEACTIVITY:0.6018758909418586
CE_KINGPAWNSHIELD:0.5556787605197767
CE_PIECECOORDINATION:0.46542015540145054
CE_MATERIAL:0.5046178611634631
CE_KINGSAFETY:0.5
C_PIECESQUARETABLES:0.5
C_MOBILITY:0.5131915646909255
C_KINGSAFETY:0.5067818226511586
C_PAWNSTRUCTURE:0.49405578706718056
C_PIECECOORDINATION:0.5185831459827874
C_ROOKANDPAWNMOVEMENT:0.5185831459827874
C_CENTERCONTROL:0.4489296666287535
C_DEVELOPPIECES:0.45260328434551167
C_MATERIAL:0.5578282451119543
C_MOVECOUNT:0.5
