ELO:1023
CE_PASSEDPAWNS:0.4932340660945623
CE_PAWNWEAKNESSES:0.4991714978647708
CE_PIECEACTIVITY:0.49589423134771604
CE_KINGPAWNSHIELD:0.5223140909451043
CE_PIECECOORDINATION:0.5099862208455264
CE_MATERIAL:0.506691873509205
CE_KINGSAFETY:0.5
C_PIECESQUARETABLES:0.5
C_MOBILITY:0.5027895105486977
C_KINGSAFETY:0.4840205380456301
C_PAWNSTRUCTURE:0.5014122474366084
C_PIECECOORDINATION:0.5009852795487845
C_ROOK:0.5221569755385295
CE_ROOK:0.4946626148878957
C_CENTERCONTROL:0.5356153810659864
C_DEVELOPPIECES:0.49914624624872594
C_MATERIAL:0.49971356348930207
C_MOVECOUNT:0.47243649144778166
C_PAWNMOVEMENT:0.4784800926892652
