ELO:936
CE_PASSEDPAWNS:0.5386555519832713
CE_PAWNWEAKNESSES:0.440181780296187
CE_PIECEACTIVITY:0.49127343061028833
CE_KINGPAWNSHIELD:0.544755483395645
CE_PIECECOORDINATION:0.45939599290982946
CE_MATERIAL:0.5173600106908612
CE_KINGSAFETY:0.5163183893226377
C_PIECESQUARETABLES:0.5019821780829792
C_MOBILITY:0.5507239224123214
C_KINGSAFETY:0.4339404628554769
C_PAWNSTRUCTURE:0.5076344292392269
C_PIECECOORDINATION:0.4508266154864548
C_ROOKANDPAWNMOVEMENT:0.4508266154864548
C_CENTERCONTROL:0.5384883682934366
C_DEVELOPPIECES:0.4581262652658164
C_MATERIAL:0.4100348781773678
