ELO:961
CE_PASSEDPAWNS:0.5
CE_PAWNWEAKNESSES:0.4830545785289014
CE_PIECEACTIVITY:0.44805914994099455
CE_KINGPAWNSHIELD:0.4858719393944592
CE_PIECECOORDINATION:0.541558546283252
CE_MATERIAL:0.5003214429765634
CE_KINGSAFETY:0.5
C_PIECESQUARETABLES:0.5
C_MOBILITY:0.5
C_KINGSAFETY:0.5122272534514335
C_PAWNSTRUCTURE:0.4894819432726565
C_PIECECOORDINATION:0.4867769574259361
C_ROOKANDPAWNMOVEMENT:0.4867769574259361
C_CENTERCONTROL:0.4960609498727738
C_DEVELOPPIECES:0.5032788495645691
C_MATERIAL:0.42549653647861024
C_MOVECOUNT:0.5
