ELO:909
CE_PASSEDPAWNS:0.48584077013891425
CE_PAWNWEAKNESSES:0.5078304618095923
CE_PIECEACTIVITY:0.36892515560953193
CE_KINGPAWNSHIELD:0.6229064817734995
CE_PIECECOORDINATION:0.4650045307331749
CE_MATERIAL:0.4649471429822136
CE_KINGSAFETY:0.5185377225802119
C_PIECESQUARETABLES:0.49176542522713856
C_MOBILITY:0.4800619827146832
C_KINGSAFETY:0.4927486393459751
C_PAWNSTRUCTURE:0.49243515333022514
C_PIECECOORDINATION:0.5652986954627748
C_ROOKANDPAWNMOVEMENT:0.5652986954627748
C_CENTERCONTROL:0.4843313523979314
C_DEVELOPPIECES:0.5465493961354052
C_MATERIAL:0.5329314898126942
