ELO:871
CE_PASSEDPAWNS:0.5414853876692732
CE_PAWNWEAKNESSES:0.4688745079384968
CE_PIECEACTIVITY:0.5144688312141638
CE_KINGPAWNSHIELD:0.5051709282154627
CE_PIECECOORDINATION:0.5289864849246559
CE_MATERIAL:0.46743575202653076
CE_KINGSAFETY:0.4906009215552224
C_PIECESQUARETABLES:0.49634088636424717
C_MOBILITY:0.4723711792231429
C_KINGSAFETY:0.45309332256910073
C_PAWNSTRUCTURE:0.45805237192278936
C_PIECECOORDINATION:0.5312804563068647
C_ROOKANDPAWNMOVEMENT:0.5312804563068647
C_CENTERCONTROL:0.519528906675731
C_DEVELOPPIECES:0.5046050494473386
C_MATERIAL:0.47318116163875434
C_MOVECOUNT:0.5
