ELO:796
CE_PASSEDPAWNS:0.4598996127800202
CE_PAWNWEAKNESSES:0.49266386044737176
CE_PIECEACTIVITY:0.5268429594071298
CE_KINGPAWNSHIELD:0.5735030740913895
CE_PIECECOORDINATION:0.5698195072843983
CE_MATERIAL:0.549176270609474
CE_KINGSAFETY:0.5
C_PIECESQUARETABLES:0.4689858354816663
C_MOBILITY:0.5215675141196076
C_KINGSAFETY:0.44223847949791917
C_PAWNSTRUCTURE:0.42467379829522023
C_PIECECOORDINATION:0.6090813400035785
C_ROOKANDPAWNMOVEMENT:0.6090813400035785
C_CENTERCONTROL:0.5705549872294541
C_DEVELOPPIECES:0.5261346116059128
C_MATERIAL:0.4589053414608407
C_MOVECOUNT:0.48998628726453614
