ELO:1048
CE_PASSEDPAWNS:0.4505787743758804
CE_PAWNWEAKNESSES:0.49666323340967417
CE_PIECEACTIVITY:0.522848476752173
CE_KINGPAWNSHIELD:0.519201618104492
CE_PIECECOORDINATION:0.530371877846334
CE_MATERIAL:0.4997676579963209
CE_KINGSAFETY:0.5662848607861266
C_PIECESQUARETABLES:0.46253475639277647
C_MOBILITY:0.5368587224402079
C_KINGSAFETY:0.5821098060201614
C_PAWNSTRUCTURE:0.4836293420950542
C_PIECECOORDINATION:0.49530867052126337
C_ROOKANDPAWNMOVEMENT:0.49530867052126337
C_CENTERCONTROL:0.547384810324759
C_DEVELOPPIECES:0.4977498223607703
C_MATERIAL:0.4955425763743035
