ELO:960
CE_PASSEDPAWNS:0.5558460396880132
CE_PAWNWEAKNESSES:0.46987655298612835
CE_PIECEACTIVITY:0.5086731375030041
CE_KINGPAWNSHIELD:0.5178232516637207
CE_PIECECOORDINATION:0.474912884522044
CE_MATERIAL:0.5498861104519066
CE_KINGSAFETY:0.5244316486204094
C_PIECESQUARETABLES:0.5233080686249881
C_MOBILITY:0.5845253261627631
C_KINGSAFETY:0.45517961973445153
C_PAWNSTRUCTURE:0.5366642729371427
C_PIECECOORDINATION:0.43373958048672684
C_ROOKANDPAWNMOVEMENT:0.43373958048672684
C_CENTERCONTROL:0.5151441880901575
C_DEVELOPPIECES:0.4363138681147503
C_MATERIAL:0.41998223923635497
