ELO:909
CE_PASSEDPAWNS:0.5480399621397471
CE_PAWNWEAKNESSES:0.4574029274887823
CE_PIECEACTIVITY:0.5025495030804514
CE_KINGPAWNSHIELD:0.5321660506481721
CE_PIECECOORDINATION:0.4194864989809723
CE_MATERIAL:0.5354799485618704
CE_KINGSAFETY:0.4787852434958028
C_PIECESQUARETABLES:0.49749112457972194
C_MOBILITY:0.48148134788840985
C_KINGSAFETY:0.42853978666037906
C_PAWNSTRUCTURE:0.500586238019687
C_PIECECOORDINATION:0.4866986641729259
C_ROOKANDPAWNMOVEMENT:0.4866986641729259
C_CENTERCONTROL:0.5521749627091926
C_DEVELOPPIECES:0.4579132705168851
C_MATERIAL:0.4046845414486425
