ELO:989
CE_PASSEDPAWNS:0.5259203243891621
CE_PAWNWEAKNESSES:0.4883287436465566
CE_PIECEACTIVITY:0.3937665029303756
CE_KINGPAWNSHIELD:0.556790186277766
CE_PIECECOORDINATION:0.48206860990927247
CE_MATERIAL:0.45627592367189956
CE_KINGSAFETY:0.5311503217251815
C_PIECESQUARETABLES:0.4633348333019616
C_MOBILITY:0.46934034911974765
C_KINGSAFETY:0.4692167791108138
C_PAWNSTRUCTURE:0.515012714492038
C_PIECECOORDINATION:0.6042662628143531
C_ROOKANDPAWNMOVEMENT:0.6042662628143531
C_CENTERCONTROL:0.49151749740656325
C_DEVELOPPIECES:0.5412673701148961
C_MATERIAL:0.5448265215398822
