ELO:1001
CE_PASSEDPAWNS:0.6512595779554993
CE_PAWNWEAKNESSES:0.46660759718345757
CE_PIECEACTIVITY:0.4849342141369805
CE_KINGPAWNSHIELD:0.4836629453796763
CE_PIECECOORDINATION:0.5008702997013679
CE_MATERIAL:0.45419789768535757
CE_KINGSAFETY:0.5
C_PIECESQUARETABLES:0.4770934325637197
C_MOBILITY:0.43898681332868406
C_KINGSAFETY:0.49250598332658035
C_PAWNSTRUCTURE:0.42425933903885543
C_PIECECOORDINATION:0.49896799090624316
C_ROOKANDPAWNMOVEMENT:0.49896799090624316
C_CENTERCONTROL:0.5292082999243308
C_DEVELOPPIECES:0.5257478701501406
C_MATERIAL:0.40122697898472615
