ELO:993
CE_PASSEDPAWNS:0.48309096867150547
CE_PAWNWEAKNESSES:0.526973738951957
CE_PIECEACTIVITY:0.61135351880436
CE_KINGPAWNSHIELD:0.5298350564921285
CE_PIECECOORDINATION:0.5227619296843323
CE_MATERIAL:0.4708817634487504
CE_KINGSAFETY:0.5
C_PIECESQUARETABLES:0.473887228374522
C_MOBILITY:0.4936655387905322
C_KINGSAFETY:0.5417647223350065
C_PAWNSTRUCTURE:0.45005138481709195
C_PIECECOORDINATION:0.4526681308618232
C_ROOKANDPAWNMOVEMENT:0.4526681308618232
C_CENTERCONTROL:0.4489296666287535
C_DEVELOPPIECES:0.4977406316012114
C_MATERIAL:0.3995849967759316
C_MOVECOUNT:0.5
