ELO:996
CE_PASSEDPAWNS:0.5059037140359424
CE_PAWNWEAKNESSES:0.39252326647094454
CE_PIECEACTIVITY:0.5350474262973133
CE_KINGPAWNSHIELD:0.4864283449844433
CE_PIECECOORDINATION:0.4937259056177772
CE_MATERIAL:0.5350680808048311
CE_KINGSAFETY:0.48779652986084326
C_PIECESQUARETABLES:0.5
C_MOBILITY:0.492397308438456
C_KINGSAFETY:0.5049002727282865
C_PAWNSTRUCTURE:0.4264791442429882
C_PIECECOORDINATION:0.5168149935853106
C_ROOKANDPAWNMOVEMENT:0.5168149935853106
C_CENTERCONTROL:0.6036285989213719
C_DEVELOPPIECES:0.47503012232711017
C_MATERIAL:0.4907317283653507
C_MOVECOUNT:0.5
