ELO:949
CE_PASSEDPAWNS:0.5251547709967453
CE_PAWNWEAKNESSES:0.4515725985686266
CE_PIECEACTIVITY:0.5258510237907383
CE_KINGPAWNSHIELD:0.5227005799446699
CE_PIECECOORDINATION:0.44613922444050197
CE_MATERIAL:0.5473511938402801
CE_KINGSAFETY:0.4819981474043789
C_PIECESQUARETABLES:0.4958779510882379
C_MOBILITY:0.5367074082000104
C_KINGSAFETY:0.4452520285072608
C_PAWNSTRUCTURE:0.529464852279682
C_PIECECOORDINATION:0.46814322225881516
C_ROOKANDPAWNMOVEMENT:0.46814322225881516
C_CENTERCONTROL:0.511565729766209
C_DEVELOPPIECES:0.4475252190873321
C_MATERIAL:0.40674448616868
