ELO:858
CE_PASSEDPAWNS:0.5463268304361267
CE_PAWNWEAKNESSES:0.45597520492285515
CE_PIECEACTIVITY:0.5165961556894155
CE_KINGPAWNSHIELD:0.5123321984626091
CE_PIECECOORDINATION:0.5102502153210086
CE_MATERIAL:0.46315912772692075
CE_KINGSAFETY:0.49208148891145453
C_PIECESQUARETABLES:0.511553263350876
C_MOBILITY:0.47512692983439847
C_KINGSAFETY:0.45797592494183437
C_PAWNSTRUCTURE:0.46579242449540115
C_PIECECOORDINATION:0.5225211553849184
C_ROOKANDPAWNMOVEMENT:0.5225211553849184
C_CENTERCONTROL:0.5065956300618853
C_DEVELOPPIECES:0.4929759359591294
C_MATERIAL:0.45521483277418623
C_MOVECOUNT:0.5
