ELO:833
CE_PASSEDPAWNS:0.4639196525415204
CE_PAWNWEAKNESSES:0.52413131071193
CE_PIECEACTIVITY:0.46096145611291844
CE_KINGPAWNSHIELD:0.6061352159694852
CE_PIECECOORDINATION:0.495069977264892
CE_MATERIAL:0.4383093936675004
CE_KINGSAFETY:0.48104188719554375
C_PIECESQUARETABLES:0.46511267326382455
C_MOBILITY:0.5921979825513741
C_KINGSAFETY:0.528670053414859
C_PAWNSTRUCTURE:0.5402320908233511
C_PIECECOORDINATION:0.49029753521566694
C_ROOKANDPAWNMOVEMENT:0.49029753521566694
C_CENTERCONTROL:0.520943323552581
C_DEVELOPPIECES:0.6080057354417137
C_MATERIAL:0.6258472722466115
