ELO:990
CE_PASSEDPAWNS:0.5114660919768963
CE_PAWNWEAKNESSES:0.4848459783929834
CE_PIECEACTIVITY:0.4456083280430502
CE_KINGPAWNSHIELD:0.5001678025312398
CE_PIECECOORDINATION:0.49798664853604346
CE_MATERIAL:0.5009421883790792
CE_KINGSAFETY:0.5006573239766925
C_PIECESQUARETABLES:0.4766948569365871
C_MOBILITY:0.4914631355337988
C_KINGSAFETY:0.4899026143768966
C_PAWNSTRUCTURE:0.516638290744067
C_PIECECOORDINATION:0.5809438256200368
C_ROOKANDPAWNMOVEMENT:0.5809438256200368
C_CENTERCONTROL:0.5280642528983353
C_DEVELOPPIECES:0.5841486159460132
C_MATERIAL:0.49837240601797184
