ELO:969
CE_PASSEDPAWNS:0.48330885562625453
CE_PAWNWEAKNESSES:0.40178426622423635
CE_PIECEACTIVITY:0.5090236824304349
CE_KINGPAWNSHIELD:0.4155113751696943
CE_PIECECOORDINATION:0.540536738093808
CE_MATERIAL:0.49759282398999344
CE_KINGSAFETY:0.5
C_PIECESQUARETABLES:0.5001942815445402
C_MOBILITY:0.49375600138893516
C_KINGSAFETY:0.5252171715570149
C_PAWNSTRUCTURE:0.5353837302886255
C_PIECECOORDINATION:0.48883607836604714
C_ROOKANDPAWNMOVEMENT:0.48883607836604714
C_CENTERCONTROL:0.4479033668148358
C_DEVELOPPIECES:0.5151164389932109
C_MATERIAL:0.5421236356813443
C_MOVECOUNT:0.5
