ELO:1023
CE_PASSEDPAWNS:0.5063191961092713
CE_PAWNWEAKNESSES:0.5
CE_PIECEACTIVITY:0.5
CE_KINGPAWNSHIELD:0.5
CE_PIECECOORDINATION:0.5
CE_MATERIAL:0.5
CE_KINGSAFETY:0.5
C_PIECESQUARETABLES:0.5049656828086053
C_MOBILITY:0.5
C_KINGSAFETY:0.5
C_PAWNSTRUCTURE:0.4952097547467541
C_PIECECOORDINATION:0.510384696333249
C_ROOK:0.5
CE_ROOK:0.5030727620260684
C_CENTERCONTROL:0.4993969985565872
C_DEVELOPPIECES:0.49778111311249335
C_MATERIAL:0.49252721575691655
C_MOVECOUNT:0.4779607710318535
C_PAWNMOVEMENT:0.5
