ELO:995
CE_PASSEDPAWNS:0.5347416359393783
CE_PAWNWEAKNESSES:0.4954728159053592
CE_PIECEACTIVITY:0.49589423134771604
CE_KINGPAWNSHIELD:0.479173758562018
CE_PIECECOORDINATION:0.5055202785570788
CE_MATERIAL:0.49181775090965224
CE_KINGSAFETY:0.5
C_PIECESQUARETABLES:0.5
C_MOBILITY:0.49252346533234587
C_KINGSAFETY:0.5178239702295742
C_PAWNSTRUCTURE:0.4973634532423314
C_PIECECOORDINATION:0.5101652186360537
C_ROOK:0.49048038580905434
CE_ROOK:0.5181306469396002
C_CENTERCONTROL:0.48100842722397014
C_DEVELOPPIECES:0.4980236793900829
C_MATERIAL:0.5127653659151674
C_MOVECOUNT:0.5083426054011211
C_PAWNMOVEMENT:0.47790337009440126
