ELO:989
CE_PASSEDPAWNS:0.3671258369474086
CE_PAWNWEAKNESSES:0.5104035444136736
CE_PIECEACTIVITY:0.5574424688221766
CE_KINGPAWNSHIELD:0.4696514729039896
CE_PIECECOORDINATION:0.4790647470354044
CE_MATERIAL:0.5092893002002773
CE_KINGSAFETY:0.4900972641701608
C_PIECESQUARETABLES:0.5233927626673546
C_MOBILITY:0.5022862332232336
C_KINGSAFETY:0.5579623702391645
C_PAWNSTRUCTURE:0.3261210790775898
C_PIECECOORDINATION:0.44360381033282964
C_ROOKANDPAWNMOVEMENT:0.44360381033282964
C_CENTERCONTROL:0.34885820060779243
C_DEVELOPPIECES:0.4918394073912253
C_MATERIAL:0.6828983766046607
