ELO:969
CE_PASSEDPAWNS:0.5537152479513261
CE_PAWNWEAKNESSES:0.4787909028811428
CE_PIECEACTIVITY:0.48823976729717333
CE_KINGPAWNSHIELD:0.5123482134703449
CE_PIECECOORDINATION:0.4925261332677346
CE_MATERIAL:0.5162062188317478
CE_KINGSAFETY:0.5170599897664556
C_PIECESQUARETABLES:0.5162827449411016
C_MOBILITY:0.5872428637594324
C_KINGSAFETY:0.4545427384413037
C_PAWNSTRUCTURE:0.544357568087723
C_PIECECOORDINATION:0.4626673430587322
C_ROOKANDPAWNMOVEMENT:0.4626673430587322
C_CENTERCONTROL:0.5342590836536805
C_DEVELOPPIECES:0.4399854723662705
C_MATERIAL:0.43585080336609583
