ELO:1018
CE_PASSEDPAWNS:0.5
CE_PAWNWEAKNESSES:0.4919996413637899
CE_PIECEACTIVITY:0.49919422052802426
CE_KINGPAWNSHIELD:0.4973107452888414
CE_PIECECOORDINATION:0.4988145826263225
CE_MATERIAL:0.5108825562892164
CE_KINGSAFETY:0.4972406936670679
C_PIECESQUARETABLES:0.5046577769659888
C_MOBILITY:0.49164836123849565
C_KINGSAFETY:0.5
C_PAWNSTRUCTURE:0.5084531167245621
C_PIECECOORDINATION:0.4825239056232462
C_ROOKANDPAWNMOVEMENT:0.4825239056232462
C_CENTERCONTROL:0.5
C_DEVELOPPIECES:0.5061758489023892
C_MATERIAL:0.5
