ELO:894
CE_PASSEDPAWNS:0.5018449409477392
CE_PAWNWEAKNESSES:0.5297231588296941
CE_PIECEACTIVITY:0.5503060962934301
CE_KINGPAWNSHIELD:0.5482209061285425
CE_PIECECOORDINATION:0.535786102828617
CE_MATERIAL:0.45949533117013397
CE_KINGSAFETY:0.44746677315589234
C_PIECESQUARETABLES:0.46780273949711443
C_MOBILITY:0.5029046119246174
C_KINGSAFETY:0.509918820885704
C_PAWNSTRUCTURE:0.4722394594845633
C_PIECECOORDINATION:0.4889623946501229
C_ROOKANDPAWNMOVEMENT:0.4889623946501229
C_CENTERCONTROL:0.4739841126156844
C_DEVELOPPIECES:0.4565445946087796
C_MATERIAL:0.5354902239998458
C_MOVECOUNT:0.5
