ELO:1013
CE_PASSEDPAWNS:0.5059037140359424
CE_PAWNWEAKNESSES:0.5126643933401821
CE_PIECEACTIVITY:0.5463875983585919
CE_KINGPAWNSHIELD:0.4519453615426487
CE_PIECECOORDINATION:0.491468146052992
CE_MATERIAL:0.5213610408482559
CE_KINGSAFETY:0.48779652986084326
C_PIECESQUARETABLES:0.5
C_MOBILITY:0.5
C_KINGSAFETY:0.5208517939635094
C_PAWNSTRUCTURE:0.4281129261750519
C_PIECECOORDINATION:0.5171599319707153
C_ROOKANDPAWNMOVEMENT:0.5171599319707153
C_CENTERCONTROL:0.4054756888600244
C_DEVELOPPIECES:0.47503012232711017
C_MATERIAL:0.47706298309550915
C_MOVECOUNT:0.5
