ELO:1004
CE_PASSEDPAWNS:0.46762423752826154
CE_PAWNWEAKNESSES:0.4620247769399621
CE_PIECEACTIVITY:0.5225131191240701
CE_KINGPAWNSHIELD:0.4182839685046022
CE_PIECECOORDINATION:0.5407568805352011
CE_MATERIAL:0.5182028948223323
CE_KINGSAFETY:0.4880461884682192
C_PIECESQUARETABLES:0.5000264250407768
C_MOBILITY:0.5268291984537178
C_KINGSAFETY:0.5633100318204572
C_PAWNSTRUCTURE:0.5057071962865343
C_PIECECOORDINATION:0.46897076959317674
C_ROOKANDPAWNMOVEMENT:0.46897076959317674
C_CENTERCONTROL:0.45587093052965383
C_DEVELOPPIECES:0.4852233528132614
C_MATERIAL:0.4956480503859302
C_MOVECOUNT:0.5552692894892173
