ELO:867
CE_PASSEDPAWNS:0.49996037347758
CE_PAWNWEAKNESSES:0.5105333723279226
CE_PIECEACTIVITY:0.5043026479137107
CE_KINGPAWNSHIELD:0.5453891841527733
CE_PIECECOORDINATION:0.5051350093286463
CE_MATERIAL:0.4376842763096582
CE_KINGSAFETY:0.4672572364792439
C_PIECESQUARETABLES:0.45349075405084094
C_MOBILITY:0.5093239345832021
C_KINGSAFETY:0.46765840092698924
C_PAWNSTRUCTURE:0.478389154433761
C_PIECECOORDINATION:0.5028771494279366
C_ROOKANDPAWNMOVEMENT:0.5028771494279366
C_CENTERCONTROL:0.4394865531356434
C_DEVELOPPIECES:0.41537397462037534
C_MATERIAL:0.5400424787039052
C_MOVECOUNT:0.5
