ELO:822
CE_PASSEDPAWNS:0.43695411527952893
CE_PAWNWEAKNESSES:0.52413131071193
CE_PIECEACTIVITY:0.4531871804856371
CE_KINGPAWNSHIELD:0.6248269698572118
CE_PIECECOORDINATION:0.49002863867787044
CE_MATERIAL:0.4393709414991954
CE_KINGSAFETY:0.4792377006404421
C_PIECESQUARETABLES:0.4866758881812219
C_MOBILITY:0.5945331125699109
C_KINGSAFETY:0.5325791705608905
C_PAWNSTRUCTURE:0.54946224678876
C_PIECECOORDINATION:0.4807529304300719
C_ROOKANDPAWNMOVEMENT:0.4807529304300719
C_CENTERCONTROL:0.5223429952872646
C_DEVELOPPIECES:0.6080057354417137
C_MATERIAL:0.6118538995428374
