ELO:982
CE_PASSEDPAWNS:0.5226761523508155
CE_PAWNWEAKNESSES:0.49224597519722935
CE_PIECEACTIVITY:0.4969531092126925
CE_KINGPAWNSHIELD:0.5
CE_PIECECOORDINATION:0.504443863752957
CE_MATERIAL:0.4529618886333612
CE_KINGSAFETY:0.521095971250785
C_PIECESQUARETABLES:0.5000264250407768
C_MOBILITY:0.4951426635128971
C_KINGSAFETY:0.500833519255457
C_PAWNSTRUCTURE:0.4869899949321656
C_PIECECOORDINATION:0.48538122152544005
C_ROOKANDPAWNMOVEMENT:0.48538122152544005
C_CENTERCONTROL:0.4879251727231068
C_DEVELOPPIECES:0.5358481453356045
C_MATERIAL:0.4895694985040139
C_MOVECOUNT:0.530744870005986
