ELO:887
CE_PASSEDPAWNS:0.5736792859500459
CE_PAWNWEAKNESSES:0.5357847714519435
CE_PIECEACTIVITY:0.5321505087464597
CE_KINGPAWNSHIELD:0.49295909841750346
CE_PIECECOORDINATION:0.5
CE_MATERIAL:0.4582209298369249
CE_KINGSAFETY:0.5
C_PIECESQUARETABLES:0.4858041898336234
C_MOBILITY:0.45305337180788074
C_KINGSAFETY:0.4524084750130886
C_PAWNSTRUCTURE:0.39865918851903503
C_PIECECOORDINATION:0.4869405894438509
C_ROOKANDPAWNMOVEMENT:0.4869405894438509
C_CENTERCONTROL:0.5145547773440178
C_DEVELOPPIECES:0.498602023984474
C_MATERIAL:0.5396958311201931
C_MOVECOUNT:0.5
