ELO:814
CE_PASSEDPAWNS:0.4428525047236061
CE_PAWNWEAKNESSES:0.5602460512762321
CE_PIECEACTIVITY:0.4256149091927306
CE_KINGPAWNSHIELD:0.6361617422068866
CE_PIECECOORDINATION:0.47363002468137233
CE_MATERIAL:0.43364772251563927
CE_KINGSAFETY:0.5126077664412614
C_PIECESQUARETABLES:0.5652721176286175
C_MOBILITY:0.5603832013991448
C_KINGSAFETY:0.5226620849127204
C_PAWNSTRUCTURE:0.5691252697558902
C_PIECECOORDINATION:0.4920133826619056
C_ROOKANDPAWNMOVEMENT:0.4920133826619056
C_CENTERCONTROL:0.5094377980937339
C_DEVELOPPIECES:0.5897012825571265
C_MATERIAL:0.6136860175768596
