ELO:696
CE_PASSEDPAWNS:0.46922980716715534
CE_PAWNWEAKNESSES:0.5020752427451406
CE_PIECEACTIVITY:0.45232165169683075
CE_KINGPAWNSHIELD:0.5926496340500804
CE_PIECECOORDINATION:0.5631819083246115
CE_MATERIAL:0.48630592790070437
CE_KINGSAFETY:0.43078738966101726
C_PIECESQUARETABLES:0.4789433258854043
C_MOBILITY:0.5914014525087211
C_KINGSAFETY:0.63780850996431
C_PAWNSTRUCTURE:0.4627746680557652
C_PIECECOORDINATION:0.5288555899056835
C_ROOKANDPAWNMOVEMENT:0.5288555899056835
C_CENTERCONTROL:0.579042513254818
C_DEVELOPPIECES:0.4742317793793022
C_MATERIAL:0.4849403420211188
C_MOVECOUNT:0.495766502231752
