ELO:993
CE_PASSEDPAWNS:0.4892225657455266
CE_PAWNWEAKNESSES:0.5014970541013678
CE_PIECEACTIVITY:0.4951343309387548
CE_KINGPAWNSHIELD:0.5
CE_PIECECOORDINATION:0.49638774784738193
CE_MATERIAL:0.5001930955277383
CE_KINGSAFETY:0.49217657312411894
C_PIECESQUARETABLES:0.5027577038577107
C_MOBILITY:0.4766701019540822
C_KINGSAFETY:0.49082098917451056
C_PAWNSTRUCTURE:0.5
C_PIECECOORDINATION:0.4932283261599985
C_ROOKANDPAWNMOVEMENT:0.4932283261599985
C_CENTERCONTROL:0.48062113242115734
C_DEVELOPPIECES:0.5064566511708771
C_MATERIAL:0.5
C_MOVECOUNT:0.5188253940705617
