ELO:945
CE_PASSEDPAWNS:0.6060203593716226
CE_PAWNWEAKNESSES:0.5119408422225459
CE_PIECEACTIVITY:0.5385819737273293
CE_KINGPAWNSHIELD:0.5449918903025766
CE_PIECECOORDINATION:0.5329577651684718
CE_MATERIAL:0.4901501636397818
CE_KINGSAFETY:0.5053551597166238
C_PIECESQUARETABLES:0.4904932891670041
C_MOBILITY:0.41072626124566747
C_KINGSAFETY:0.4850590235376785
C_PAWNSTRUCTURE:0.42713077520465886
C_PIECECOORDINATION:0.5252022160699307
C_ROOKANDPAWNMOVEMENT:0.5252022160699307
C_CENTERCONTROL:0.5211312400424308
C_DEVELOPPIECES:0.45204792619128825
C_MATERIAL:0.4222033181146487
