ELO:975
CE_PASSEDPAWNS:0.48998766034355995
CE_PAWNWEAKNESSES:0.4861075185371626
CE_PIECEACTIVITY:0.5149071526177317
CE_KINGPAWNSHIELD:0.5003430059264923
CE_PIECECOORDINATION:0.503645524956631
CE_MATERIAL:0.49628504021890757
CE_KINGSAFETY:0.4900430181881972
C_PIECESQUARETABLES:0.5104642229826984
C_MOBILITY:0.5104329779343336
C_KINGSAFETY:0.507911654414834
C_PAWNSTRUCTURE:0.46449492716264795
C_PIECECOORDINATION:0.49765359328776965
C_ROOKANDPAWNMOVEMENT:0.49765359328776965
C_CENTERCONTROL:0.49989348292595714
C_DEVELOPPIECES:0.48908689196403066
C_MATERIAL:0.5174600761285241
C_MOVECOUNT:0.5037796329683943
