ELO:902
CE_PASSEDPAWNS:0.5255109184637557
CE_PAWNWEAKNESSES:0.47585963493535854
CE_PIECEACTIVITY:0.5232602928277014
CE_KINGPAWNSHIELD:0.49226538066506736
CE_PIECECOORDINATION:0.5023757844927653
CE_MATERIAL:0.5186620170703388
CE_KINGSAFETY:0.5
C_PIECESQUARETABLES:0.5110911503591685
C_MOBILITY:0.48213610899257703
C_KINGSAFETY:0.49302913517967556
C_PAWNSTRUCTURE:0.48778754982592026
C_PIECECOORDINATION:0.47876540263915746
C_ROOK:0.5036901017525681
CE_ROOK:0.46581655241447656
C_CENTERCONTROL:0.5133018693271508
C_DEVELOPPIECES:0.513108419874229
C_MATERIAL:0.43253331507116916
C_MOVECOUNT:0.5119835589749913
C_PAWNMOVEMENT:0.5151645884375554
