ELO:920
CE_PASSEDPAWNS:0.4752117608142646
CE_PAWNWEAKNESSES:0.5007551864150138
CE_PIECEACTIVITY:0.5232771929368185
CE_KINGPAWNSHIELD:0.484979756351433
CE_PIECECOORDINATION:0.5053819802769053
CE_MATERIAL:0.47279980445365566
CE_KINGSAFETY:0.47661819768657004
C_PIECESQUARETABLES:0.5115084198252049
C_MOBILITY:0.5147964973986074
C_KINGSAFETY:0.5288741061832556
C_PAWNSTRUCTURE:0.46945784078933955
C_PIECECOORDINATION:0.4898229192513154
C_ROOKANDPAWNMOVEMENT:0.4898229192513154
C_CENTERCONTROL:0.5186173078633141
C_DEVELOPPIECES:0.5085465884611687
C_MATERIAL:0.5275981007488646
C_MOVECOUNT:0.5
