ELO:1081
CE_PASSEDPAWNS:0.43523509369036395
CE_PAWNWEAKNESSES:0.47932294644130446
CE_PIECEACTIVITY:0.49912953750535105
CE_KINGPAWNSHIELD:0.5162997968099955
CE_PIECECOORDINATION:0.4803925721213925
CE_MATERIAL:0.458767554460892
CE_KINGSAFETY:0.5
C_PIECESQUARETABLES:0.5
C_MOBILITY:0.5120548497590311
C_KINGSAFETY:0.584934031435472
C_PAWNSTRUCTURE:0.47346563515752116
C_PIECECOORDINATION:0.38006353344280114
C_ROOKANDPAWNMOVEMENT:0.38006353344280114
C_CENTERCONTROL:0.5596601257984885
C_DEVELOPPIECES:0.5117666142496838
C_MATERIAL:0.4063918105112338
