ELO:747
CE_PASSEDPAWNS:0.3239417813571044
CE_PAWNWEAKNESSES:0.5888859980470983
CE_PIECEACTIVITY:0.5114847789755416
CE_KINGPAWNSHIELD:0.6290916310034927
CE_PIECECOORDINATION:0.5285207493503313
CE_MATERIAL:0.47586092009816033
CE_KINGSAFETY:0.49320694437598595
C_PIECESQUARETABLES:0.5036061400072928
C_MOBILITY:0.6157684099639511
C_KINGSAFETY:0.5101578846754942
C_PAWNSTRUCTURE:0.5068651256548165
C_PIECECOORDINATION:0.517601148494731
C_ROOKANDPAWNMOVEMENT:0.517601148494731
C_CENTERCONTROL:0.6101128886915965
C_DEVELOPPIECES:0.4532568079339664
C_MATERIAL:0.5164117361206476
C_MOVECOUNT:0.5150604084486642
