ELO:937
CE_PASSEDPAWNS:0.6146787337871458
CE_PAWNWEAKNESSES:0.4938071531037018
CE_PIECEACTIVITY:0.5487572861725893
CE_KINGPAWNSHIELD:0.5283774014748375
CE_PIECECOORDINATION:0.5204930147021981
CE_MATERIAL:0.4909678005225037
CE_KINGSAFETY:0.4971119127597219
C_PIECESQUARETABLES:0.49124318829774655
C_MOBILITY:0.42209255088765835
C_KINGSAFETY:0.5175748472396439
C_PAWNSTRUCTURE:0.40744829062237803
C_PIECECOORDINATION:0.5526276273577214
C_ROOKANDPAWNMOVEMENT:0.5526276273577214
C_CENTERCONTROL:0.5027049432332925
C_DEVELOPPIECES:0.4480279337554571
C_MATERIAL:0.44582001606142646
