ELO:988
CE_PASSEDPAWNS:0.5138565266616717
CE_PAWNWEAKNESSES:0.49291443299802734
CE_PIECEACTIVITY:0.5046747918874909
CE_KINGPAWNSHIELD:0.48768743279553706
CE_PIECECOORDINATION:0.5047010215241137
CE_MATERIAL:0.4967395672342923
CE_KINGSAFETY:0.5116602303869768
C_PIECESQUARETABLES:0.5047704156676338
C_MOBILITY:0.49142817312900433
C_KINGSAFETY:0.4965793024498072
C_PAWNSTRUCTURE:0.5017421397639837
C_PIECECOORDINATION:0.5005812018635685
C_ROOK:0.5035262136450385
CE_ROOK:0.49310234442224804
C_CENTERCONTROL:0.5121131050689945
C_DEVELOPPIECES:0.497757060561552
C_MATERIAL:0.48868328118887405
C_MOVECOUNT:0.5
C_PAWNMOVEMENT:0.5005785684101316
