ELO:946
CE_PASSEDPAWNS:0.422902620044583
CE_PAWNWEAKNESSES:0.45520907279973893
CE_PIECEACTIVITY:0.5354435656851289
CE_KINGPAWNSHIELD:0.5869068177153131
CE_PIECECOORDINATION:0.5416998607750517
CE_MATERIAL:0.4739485598010183
CE_KINGSAFETY:0.492072907389712
C_PIECESQUARETABLES:0.5279642263350344
C_MOBILITY:0.6565207476519996
C_KINGSAFETY:0.5505694473891131
C_PAWNSTRUCTURE:0.5364945037076945
C_PIECECOORDINATION:0.4388976204739224
C_ROOKANDPAWNMOVEMENT:0.4388976204739224
C_CENTERCONTROL:0.47793730987706873
C_DEVELOPPIECES:0.5211327879028452
C_MATERIAL:0.48345798485714975
