ELO:798
CE_PASSEDPAWNS:0.32165367028393893
CE_PAWNWEAKNESSES:0.5511765481630249
CE_PIECEACTIVITY:0.5029759208574376
CE_KINGPAWNSHIELD:0.614689455022609
CE_PIECECOORDINATION:0.515098252807065
CE_MATERIAL:0.4766240259466452
CE_KINGSAFETY:0.5046126469850195
C_PIECESQUARETABLES:0.5234889826564301
C_MOBILITY:0.5902649495582246
C_KINGSAFETY:0.5209304905875861
C_PAWNSTRUCTURE:0.5152764099811927
C_PIECECOORDINATION:0.5135813736054295
C_ROOKANDPAWNMOVEMENT:0.5135813736054295
C_CENTERCONTROL:0.6231620623536449
C_DEVELOPPIECES:0.4944372111584089
C_MATERIAL:0.4983878747049083
C_MOVECOUNT:0.5
