ELO:955
CE_PASSEDPAWNS:0.49101188573706206
CE_PAWNWEAKNESSES:0.48534357430665587
CE_PIECEACTIVITY:0.4530053287596584
CE_KINGPAWNSHIELD:0.458293124046027
CE_PIECECOORDINATION:0.5
CE_MATERIAL:0.49951686163872916
CE_KINGSAFETY:0.5142340256769433
C_PIECESQUARETABLES:0.5129092123876509
C_MOBILITY:0.49355380164616375
C_KINGSAFETY:0.5
C_PAWNSTRUCTURE:0.4918785219608545
C_PIECECOORDINATION:0.504065906985949
C_ROOKANDPAWNMOVEMENT:0.504065906985949
C_CENTERCONTROL:0.48957640657439355
C_DEVELOPPIECES:0.5346786055465513
C_MATERIAL:0.5362166526425242
C_MOVECOUNT:0.5
