ELO:992
CE_PASSEDPAWNS:0.5457345729423272
CE_PAWNWEAKNESSES:0.44542974891888637
CE_PIECEACTIVITY:0.5190565774515805
CE_KINGPAWNSHIELD:0.5599465954910741
CE_PIECECOORDINATION:0.5138962178399454
CE_MATERIAL:0.5022831680418522
CE_KINGSAFETY:0.5
C_PIECESQUARETABLES:0.49809155590774706
C_MOBILITY:0.6106431556756368
C_KINGSAFETY:0.5555396845641076
C_PAWNSTRUCTURE:0.3974960377332616
C_PIECECOORDINATION:0.5407942763310128
C_ROOKANDPAWNMOVEMENT:0.5407942763310128
C_CENTERCONTROL:0.3628208528192532
C_DEVELOPPIECES:0.5067495606305472
C_MATERIAL:0.6201906658387899
