ELO:994
CE_PASSEDPAWNS:0.5083280254176114
CE_PAWNWEAKNESSES:0.47636209707950933
CE_PIECEACTIVITY:0.5087251485906323
CE_KINGPAWNSHIELD:0.5
CE_PIECECOORDINATION:0.5098614956824972
CE_MATERIAL:0.4933685002493257
CE_KINGSAFETY:0.48461259633816134
C_PIECESQUARETABLES:0.4942116566231632
C_MOBILITY:0.5
C_KINGSAFETY:0.49709458576907145
C_PAWNSTRUCTURE:0.5046326964270998
C_PIECECOORDINATION:0.491066165584061
C_ROOKANDPAWNMOVEMENT:0.491066165584061
C_CENTERCONTROL:0.4887577256630866
C_DEVELOPPIECES:0.5024397514100837
C_MATERIAL:0.4967996290808432
C_MOVECOUNT:0.5
