ELO:988
CE_PASSEDPAWNS:0.3635648788934117
CE_PAWNWEAKNESSES:0.5130866756966035
CE_PIECEACTIVITY:0.5584833495376336
CE_KINGPAWNSHIELD:0.4122060689813143
CE_PIECECOORDINATION:0.46544225017118723
CE_MATERIAL:0.5188516830891595
CE_KINGSAFETY:0.5100551238212464
C_PIECESQUARETABLES:0.5117898555446064
C_MOBILITY:0.4961278185961998
C_KINGSAFETY:0.5657788969798553
C_PAWNSTRUCTURE:0.5006281247243053
C_PIECECOORDINATION:0.45047200169035784
C_ROOKANDPAWNMOVEMENT:0.45047200169035784
C_CENTERCONTROL:0.3555105811447116
C_DEVELOPPIECES:0.48463106472835726
C_MATERIAL:0.6877462318187815
