ELO:967
CE_PASSEDPAWNS:0.569429559060851
CE_PAWNWEAKNESSES:0.49579864347148106
CE_PIECEACTIVITY:0.5228902843813206
CE_KINGPAWNSHIELD:0.5533208027030322
CE_PIECECOORDINATION:0.5420541342091486
CE_MATERIAL:0.48654829232680774
CE_KINGSAFETY:0.5
C_PIECESQUARETABLES:0.5069460683898036
C_MOBILITY:0.4365499065928659
C_KINGSAFETY:0.5204276782388927
C_PAWNSTRUCTURE:0.4334137014107374
C_PIECECOORDINATION:0.5034096976354127
C_ROOKANDPAWNMOVEMENT:0.5034096976354127
C_CENTERCONTROL:0.47431120197843535
C_DEVELOPPIECES:0.48899892977060505
C_MATERIAL:0.4426036696961118
