ELO:1001
CE_PASSEDPAWNS:0.5012579996634179
CE_PAWNWEAKNESSES:0.4907445324827615
CE_PIECEACTIVITY:0.5536920143524824
CE_KINGPAWNSHIELD:0.49647200735290714
CE_PIECECOORDINATION:0.46986463865811123
CE_MATERIAL:0.49781355093384044
CE_KINGSAFETY:0.5022962590281231
C_PIECESQUARETABLES:0.4930839564864437
C_MOBILITY:0.5544652921537588
C_KINGSAFETY:0.5538233628249313
C_PAWNSTRUCTURE:0.5406372712320976
C_PIECECOORDINATION:0.5412449051604092
C_ROOKANDPAWNMOVEMENT:0.5412449051604092
C_CENTERCONTROL:0.4742551042046434
C_DEVELOPPIECES:0.5028666509983662
C_MATERIAL:0.4192003311117462
