ELO:996
CE_PASSEDPAWNS:0.48976336436250456
CE_PAWNWEAKNESSES:0.5
CE_PIECEACTIVITY:0.498399095457006
CE_KINGPAWNSHIELD:0.48600746997120603
CE_PIECECOORDINATION:0.5108248975233429
CE_MATERIAL:0.5123486123485191
CE_KINGSAFETY:0.48680549960379726
C_PIECESQUARETABLES:0.5083024802511836
C_MOBILITY:0.5
C_KINGSAFETY:0.4839353195184437
C_PAWNSTRUCTURE:0.48518693253378725
C_PIECECOORDINATION:0.5
C_ROOK:0.5078945195917535
CE_ROOK:0.48981932834563974
C_CENTERCONTROL:0.5006238193922607
C_DEVELOPPIECES:0.5110159049353058
C_MATERIAL:0.4892380833821685
C_MOVECOUNT:0.5
C_PAWNMOVEMENT:0.5
