ELO:705
CE_PASSEDPAWNS:0.5219645838873365
CE_PAWNWEAKNESSES:0.4620840356675435
CE_PIECEACTIVITY:0.5323564628317695
CE_KINGPAWNSHIELD:0.5055800920515641
CE_PIECECOORDINATION:0.47450040390235965
CE_MATERIAL:0.48170659435452845
CE_KINGSAFETY:0.5
C_PIECESQUARETABLES:0.5
C_MOBILITY:0.44567071150478055
C_KINGSAFETY:0.5002203895690215
C_PAWNSTRUCTURE:0.46450814125821877
C_PIECECOORDINATION:0.4330934650888782
C_ROOK:0.4960643311606812
CE_ROOK:0.45795288491441866
C_CENTERCONTROL:0.4968085975029063
C_DEVELOPPIECES:0.5234028040841416
C_MATERIAL:0.40628136852082203
C_MOVECOUNT:0.4650488382247656
C_PAWNMOVEMENT:0.5348584553591498
