ELO:1008
CE_PASSEDPAWNS:0.48916045169083316
CE_PAWNWEAKNESSES:0.5264622158592249
CE_PIECEACTIVITY:0.5253396802873112
CE_KINGPAWNSHIELD:0.5093867015685302
CE_PIECECOORDINATION:0.5018223565184329
CE_MATERIAL:0.49589856111234515
CE_KINGSAFETY:0.5
C_PIECESQUARETABLES:0.5
C_MOBILITY:0.49307254992587235
C_KINGSAFETY:0.5110496715896637
C_PAWNSTRUCTURE:0.5121118995008233
C_PIECECOORDINATION:0.5264015503130914
C_ROOKANDPAWNMOVEMENT:0.5264015503130914
C_CENTERCONTROL:0.49989348292595714
C_DEVELOPPIECES:0.5
C_MATERIAL:0.5
C_MOVECOUNT:0.5037796329683943
