ELO:946
CE_PASSEDPAWNS:0.5063784114283738
CE_PAWNWEAKNESSES:0.4988536459397278
CE_PIECEACTIVITY:0.5578383995246453
CE_KINGPAWNSHIELD:0.5119327983367812
CE_PIECECOORDINATION:0.4659115122012221
CE_MATERIAL:0.5153361376494221
CE_KINGSAFETY:0.46676473841930977
C_PIECESQUARETABLES:0.4782039550121962
C_MOBILITY:0.5500725890746281
C_KINGSAFETY:0.5470685060304145
C_PAWNSTRUCTURE:0.5575929330520835
C_PIECECOORDINATION:0.529686512743332
C_ROOKANDPAWNMOVEMENT:0.529686512743332
C_CENTERCONTROL:0.46263371779538043
C_DEVELOPPIECES:0.5037057629448144
C_MATERIAL:0.425187445991825
