ELO:988
CE_PASSEDPAWNS:0.5792900866344093
CE_PAWNWEAKNESSES:0.5243003161678716
CE_PIECEACTIVITY:0.5352022747314062
CE_KINGPAWNSHIELD:0.5650377213190726
CE_PIECECOORDINATION:0.5450809344207446
CE_MATERIAL:0.47035314734853145
CE_KINGSAFETY:0.508228766381927
C_PIECESQUARETABLES:0.4688563005462429
C_MOBILITY:0.489789074323684
C_KINGSAFETY:0.5242032200288743
C_PAWNSTRUCTURE:0.4409216664669284
C_PIECECOORDINATION:0.4897516397543756
C_ROOKANDPAWNMOVEMENT:0.4897516397543756
C_CENTERCONTROL:0.5195547153215422
C_DEVELOPPIECES:0.4892414375664954
C_MATERIAL:0.4507190399847533
