ELO:930
CE_PASSEDPAWNS:0.6056915313829051
CE_PAWNWEAKNESSES:0.48787510396988837
CE_PIECEACTIVITY:0.541244309168094
CE_KINGPAWNSHIELD:0.5432118932515203
CE_PIECECOORDINATION:0.5141046452436232
CE_MATERIAL:0.4440424686030109
CE_KINGSAFETY:0.4964013568301788
C_PIECESQUARETABLES:0.49224833392596556
C_MOBILITY:0.42059629635773665
C_KINGSAFETY:0.4474446361765984
C_PAWNSTRUCTURE:0.44627015899747735
C_PIECECOORDINATION:0.5125995578509827
C_ROOKANDPAWNMOVEMENT:0.5125995578509827
C_CENTERCONTROL:0.5532716789078079
C_DEVELOPPIECES:0.4610090641703195
C_MATERIAL:0.41525218018643345
