ELO:1009
CE_PASSEDPAWNS:0.5053632402947088
CE_PAWNWEAKNESSES:0.47016787714876834
CE_PIECEACTIVITY:0.49548344239428094
CE_KINGPAWNSHIELD:0.5008398854399625
CE_PIECECOORDINATION:0.4877477609993937
CE_MATERIAL:0.48958515469963965
CE_KINGSAFETY:0.5
C_PIECESQUARETABLES:0.5
C_MOBILITY:0.4956408787981097
C_KINGSAFETY:0.4769270032053744
C_PAWNSTRUCTURE:0.4900787662932126
C_PIECECOORDINATION:0.515974955063748
C_ROOKANDPAWNMOVEMENT:0.515974955063748
C_CENTERCONTROL:0.4804262219435009
C_DEVELOPPIECES:0.49224432910593385
C_MATERIAL:0.5
C_MOVECOUNT:0.48775021491822507
