ELO:973
CE_PASSEDPAWNS:0.5138565266616717
CE_PAWNWEAKNESSES:0.49291443299802734
CE_PIECEACTIVITY:0.5120794023259866
CE_KINGPAWNSHIELD:0.49228606730879276
CE_PIECECOORDINATION:0.5041322677001843
CE_MATERIAL:0.49763650122710246
CE_KINGSAFETY:0.5
C_PIECESQUARETABLES:0.4889056503679719
C_MOBILITY:0.4938392262091526
C_KINGSAFETY:0.49360102864313754
C_PAWNSTRUCTURE:0.48929069600570707
C_PIECECOORDINATION:0.4904190101726198
C_ROOK:0.5035262136450385
CE_ROOK:0.50534484452953
C_CENTERCONTROL:0.5064868800671761
C_DEVELOPPIECES:0.5117535185606538
C_MATERIAL:0.45987147891644964
C_MOVECOUNT:0.4942732063292294
C_PAWNMOVEMENT:0.4957918595781046
