ELO:969
CE_PASSEDPAWNS:0.47717283995345205
CE_PAWNWEAKNESSES:0.5021396816416805
CE_PIECEACTIVITY:0.5053788978466105
CE_KINGPAWNSHIELD:0.49514792500858457
CE_PIECECOORDINATION:0.44819609210665134
CE_MATERIAL:0.5115824119490963
CE_KINGSAFETY:0.5
C_PIECESQUARETABLES:0.5
C_MOBILITY:0.5147964973986074
C_KINGSAFETY:0.5242548917230587
C_PAWNSTRUCTURE:0.5
C_PIECECOORDINATION:0.5245484970523816
C_ROOKANDPAWNMOVEMENT:0.5245484970523816
C_CENTERCONTROL:0.5094123258147295
C_DEVELOPPIECES:0.4861461280424365
C_MATERIAL:0.5131550291154108
C_MOVECOUNT:0.5
