ELO:898
CE_PASSEDPAWNS:0.4883493678478014
CE_PAWNWEAKNESSES:0.5064141815175018
CE_PIECEACTIVITY:0.5058741667955796
CE_KINGPAWNSHIELD:0.5000154466917576
CE_PIECECOORDINATION:0.48357218413152964
CE_MATERIAL:0.47521094406200226
CE_KINGSAFETY:0.53734759144253
C_PIECESQUARETABLES:0.4820871641154623
C_MOBILITY:0.4797199276523422
C_KINGSAFETY:0.4924644693443989
C_PAWNSTRUCTURE:0.492891191217711
C_PIECECOORDINATION:0.48105678726992634
C_ROOKANDPAWNMOVEMENT:0.48105678726992634
C_CENTERCONTROL:0.4713637210892247
C_DEVELOPPIECES:0.46079329221812243
C_MATERIAL:0.48811510074674463
C_MOVECOUNT:0.5
