ELO:945
CE_PASSEDPAWNS:0.6169355641914674
CE_PAWNWEAKNESSES:0.5008719394994184
CE_PIECEACTIVITY:0.54166146945455
CE_KINGPAWNSHIELD:0.5287628787776937
CE_PIECECOORDINATION:0.5200247290141699
CE_MATERIAL:0.4783701447942763
CE_KINGSAFETY:0.4866072696962525
C_PIECESQUARETABLES:0.5
C_MOBILITY:0.42209255088765835
C_KINGSAFETY:0.5359897127310322
C_PAWNSTRUCTURE:0.3871940032851992
C_PIECECOORDINATION:0.5526276273577214
C_ROOKANDPAWNMOVEMENT:0.5526276273577214
C_CENTERCONTROL:0.5094620427272089
C_DEVELOPPIECES:0.4480279337554571
C_MATERIAL:0.44376349167277
