ELO:962
CE_PASSEDPAWNS:0.5896947146743794
CE_PAWNWEAKNESSES:0.507166849353035
CE_PIECEACTIVITY:0.5365517428290008
CE_KINGPAWNSHIELD:0.5395336114844178
CE_PIECECOORDINATION:0.5173797573140195
CE_MATERIAL:0.49414229631638334
CE_KINGSAFETY:0.510423379131589
C_PIECESQUARETABLES:0.5
C_MOBILITY:0.4112889990960756
C_KINGSAFETY:0.511804247626713
C_PAWNSTRUCTURE:0.42658499613388456
C_PIECECOORDINATION:0.5174825535579469
C_ROOKANDPAWNMOVEMENT:0.5174825535579469
C_CENTERCONTROL:0.47805776813976436
C_DEVELOPPIECES:0.4604026527174382
C_MATERIAL:0.4347579216952075
