ELO:982
CE_PASSEDPAWNS:0.4215263923946351
CE_PAWNWEAKNESSES:0.48812884442812154
CE_PIECEACTIVITY:0.49265199500889345
CE_KINGPAWNSHIELD:0.5273450037689067
CE_PIECECOORDINATION:0.45905327076007485
CE_MATERIAL:0.4222048354116967
CE_KINGSAFETY:0.4626758225561219
C_PIECESQUARETABLES:0.5014358452423853
C_MOBILITY:0.6471584010429484
C_KINGSAFETY:0.5777835424282106
C_PAWNSTRUCTURE:0.5675674249081138
C_PIECECOORDINATION:0.5107166845679545
C_ROOKANDPAWNMOVEMENT:0.5107166845679545
C_CENTERCONTROL:0.3970865741889531
C_DEVELOPPIECES:0.5220985852706885
C_MATERIAL:0.4656447352634054
