ELO:921
CE_PASSEDPAWNS:0.5167879028259406
CE_PAWNWEAKNESSES:0.4799157640252035
CE_PIECEACTIVITY:0.5194082391159321
CE_KINGPAWNSHIELD:0.49226538066506736
CE_PIECECOORDINATION:0.4963651898874231
CE_MATERIAL:0.5281787329765417
CE_KINGSAFETY:0.4989771122600508
C_PIECESQUARETABLES:0.4876038434655868
C_MOBILITY:0.4740110967781231
C_KINGSAFETY:0.48596796236832784
C_PAWNSTRUCTURE:0.48152699909824104
C_PIECECOORDINATION:0.47876540263915746
C_ROOK:0.5090499686025699
CE_ROOK:0.46438769146214215
C_CENTERCONTROL:0.5040538215387824
C_DEVELOPPIECES:0.5093765593259871
C_MATERIAL:0.43735881220152617
C_MOVECOUNT:0.49368602079413754
C_PAWNMOVEMENT:0.5070125516504772
