ELO:798
CE_PASSEDPAWNS:0.3086912635845643
CE_PAWNWEAKNESSES:0.5653093634223291
CE_PIECEACTIVITY:0.522471056137055
CE_KINGPAWNSHIELD:0.6189998905172165
CE_PIECECOORDINATION:0.5405659843045891
CE_MATERIAL:0.46750343925734905
CE_KINGSAFETY:0.49951575484724037
C_PIECESQUARETABLES:0.5191331178868542
C_MOBILITY:0.5964554046954367
C_KINGSAFETY:0.5306065679281166
C_PAWNSTRUCTURE:0.5194018101368822
C_PIECECOORDINATION:0.5089189048912554
C_ROOKANDPAWNMOVEMENT:0.5089189048912554
C_CENTERCONTROL:0.6144698763819106
C_DEVELOPPIECES:0.4555438262016061
C_MATERIAL:0.5207820485442687
C_MOVECOUNT:0.5
