ELO:1066
CE_PASSEDPAWNS:0.5222267129789422
CE_PAWNWEAKNESSES:0.4672915153822009
CE_PIECEACTIVITY:0.5526916365960582
CE_KINGPAWNSHIELD:0.5144957232136251
CE_PIECECOORDINATION:0.4853926082997782
CE_MATERIAL:0.49765331996744905
CE_KINGSAFETY:0.5
C_PIECESQUARETABLES:0.5
C_MOBILITY:0.5335361914694342
C_KINGSAFETY:0.41118986189606405
C_PAWNSTRUCTURE:0.4995978765559899
C_PIECECOORDINATION:0.5535466905902323
C_ROOKANDPAWNMOVEMENT:0.5535466905902323
C_CENTERCONTROL:0.5646977735784506
C_DEVELOPPIECES:0.5400706620525839
C_MATERIAL:0.5643734876868467
