ELO:1101
CE_PASSEDPAWNS:0.47082425912818965
CE_PAWNWEAKNESSES:0.4782622422517615
CE_PIECEACTIVITY:0.49599819320624305
CE_KINGPAWNSHIELD:0.5
CE_PIECECOORDINATION:0.5092295408210925
CE_MATERIAL:0.4822822711650364
CE_KINGSAFETY:0.5
C_PIECESQUARETABLES:0.512951624508742
C_MOBILITY:0.4875899385838908
C_KINGSAFETY:0.5456788818595697
C_PAWNSTRUCTURE:0.49474513666963427
C_PIECECOORDINATION:0.5088793290958188
C_ROOKANDPAWNMOVEMENT:0.5088793290958188
C_CENTERCONTROL:0.5084442038129757
C_DEVELOPPIECES:0.4758822607641292
C_MATERIAL:0.48868066979825997
C_MOVECOUNT:0.5
