ELO:1008
CE_PASSEDPAWNS:0.5056313836386196
CE_PAWNWEAKNESSES:0.49549616836464433
CE_PIECEACTIVITY:0.4892181558040895
CE_KINGPAWNSHIELD:0.5024323158136568
CE_PIECECOORDINATION:0.5175731059710363
CE_MATERIAL:0.49601964679607874
CE_KINGSAFETY:0.48852562958159534
C_PIECESQUARETABLES:0.504447103947898
C_MOBILITY:0.5051371326325895
C_KINGSAFETY:0.5086464815989599
C_PAWNSTRUCTURE:0.5
C_PIECECOORDINATION:0.5036097950614675
C_ROOKANDPAWNMOVEMENT:0.5036097950614675
C_CENTERCONTROL:0.5048066110685545
C_DEVELOPPIECES:0.5
C_MATERIAL:0.4917871819803106
