ELO:1007
CE_PASSEDPAWNS:0.5114501357502074
CE_PAWNWEAKNESSES:0.49792675456171254
CE_PIECEACTIVITY:0.5229728835873283
CE_KINGPAWNSHIELD:0.5137440123213416
CE_PIECECOORDINATION:0.48780117893020586
CE_MATERIAL:0.49160934597154404
CE_KINGSAFETY:0.5063915825571076
C_PIECESQUARETABLES:0.5136558249931387
C_MOBILITY:0.49948633265913406
C_KINGSAFETY:0.5
C_PAWNSTRUCTURE:0.5
C_PIECECOORDINATION:0.5036559614347381
C_ROOKANDPAWNMOVEMENT:0.5036559614347381
C_CENTERCONTROL:0.4997429265593729
C_DEVELOPPIECES:0.496068461094987
C_MATERIAL:0.49652408558344463
