ELO:975
CE_PASSEDPAWNS:0.5138565266616717
CE_PAWNWEAKNESSES:0.49291443299802734
CE_PIECEACTIVITY:0.5120794023259866
CE_KINGPAWNSHIELD:0.481244576751403
CE_PIECECOORDINATION:0.5041322677001843
CE_MATERIAL:0.49763650122710246
CE_KINGSAFETY:0.5
C_PIECESQUARETABLES:0.4939483262292244
C_MOBILITY:0.49332535145501727
C_KINGSAFETY:0.4965793024498072
C_PAWNSTRUCTURE:0.49543859400233053
C_PIECECOORDINATION:0.4904190101726198
C_ROOK:0.5035262136450385
CE_ROOK:0.49310234442224804
C_CENTERCONTROL:0.5121131050689945
C_DEVELOPPIECES:0.497757060561552
C_MATERIAL:0.47711399502531476
C_MOVECOUNT:0.4885141487691142
C_PAWNMOVEMENT:0.4972729483809172
