ELO:1000
CE_PASSEDPAWNS:0.5437232538365206
CE_PAWNWEAKNESSES:0.5312297424929496
CE_PIECEACTIVITY:0.5691207324765991
CE_KINGPAWNSHIELD:0.6099543051680868
CE_PIECECOORDINATION:0.4943847407793505
CE_MATERIAL:0.5235311545735558
CE_KINGSAFETY:0.5375766786410229
C_PIECESQUARETABLES:0.4374487587671158
C_MOBILITY:0.48682598420260637
C_KINGSAFETY:0.461654030057454
C_PAWNSTRUCTURE:0.5024862759221541
C_PIECECOORDINATION:0.5460784374743375
C_ROOKANDPAWNMOVEMENT:0.5460784374743375
C_CENTERCONTROL:0.4621938832981735
C_DEVELOPPIECES:0.46349408878727044
C_MATERIAL:0.5068129049171678
