ELO:984
CE_PASSEDPAWNS:0.5
CE_PAWNWEAKNESSES:0.5044871201574908
CE_PIECEACTIVITY:0.5142939116539323
CE_KINGPAWNSHIELD:0.5059287480862351
CE_PIECECOORDINATION:0.5021749443970017
CE_MATERIAL:0.4890281500234493
CE_KINGSAFETY:0.5111913705372954
C_PIECESQUARETABLES:0.49109133673653504
C_MOBILITY:0.5091327293740893
C_KINGSAFETY:0.4963952500598121
C_PAWNSTRUCTURE:0.48858444753229335
C_PIECECOORDINATION:0.49570202297091004
C_ROOKANDPAWNMOVEMENT:0.49570202297091004
C_CENTERCONTROL:0.5068415520862161
C_DEVELOPPIECES:0.48515930503109167
C_MATERIAL:0.5034324720623827
