ELO:683
CE_PASSEDPAWNS:0.5219645838873365
CE_PAWNWEAKNESSES:0.47278043479694354
CE_PIECEACTIVITY:0.5398029122651117
CE_KINGPAWNSHIELD:0.5163263778679074
CE_PIECECOORDINATION:0.48182319531006185
CE_MATERIAL:0.4708459904738338
CE_KINGSAFETY:0.5044916931811092
C_PIECESQUARETABLES:0.5026866838119197
C_MOBILITY:0.44223874819496306
C_KINGSAFETY:0.50301909277817
C_PAWNSTRUCTURE:0.46359777505984845
C_PIECECOORDINATION:0.4401778270510259
C_ROOK:0.4960643311606812
CE_ROOK:0.4676324893133792
C_CENTERCONTROL:0.49048660870952654
C_DEVELOPPIECES:0.5295951868294314
C_MATERIAL:0.38874413644350414
C_MOVECOUNT:0.4816388984465908
C_PAWNMOVEMENT:0.5296704121289598
