ELO:931
CE_PASSEDPAWNS:0.5251533900485079
CE_PAWNWEAKNESSES:0.49291443299802734
CE_PIECEACTIVITY:0.5077273012956739
CE_KINGPAWNSHIELD:0.49226538066506736
CE_PIECECOORDINATION:0.5041322677001843
CE_MATERIAL:0.5223414763375667
CE_KINGSAFETY:0.5024697839998016
C_PIECESQUARETABLES:0.511143427870863
C_MOBILITY:0.47910743848848525
C_KINGSAFETY:0.4985190326704786
C_PAWNSTRUCTURE:0.47807939222226875
C_PIECECOORDINATION:0.4781983979930004
C_ROOK:0.4972160409365064
CE_ROOK:0.4947111278837159
C_CENTERCONTROL:0.5040538215387824
C_DEVELOPPIECES:0.5051770945768563
C_MATERIAL:0.4460277823534254
C_MOVECOUNT:0.4823649637976944
C_PAWNMOVEMENT:0.4896143486905716
