ELO:1000
CE_PASSEDPAWNS:0.5697509965321849
CE_PAWNWEAKNESSES:0.49091311069614935
CE_PIECEACTIVITY:0.5597901563443957
CE_KINGPAWNSHIELD:0.5458353569512153
CE_PIECECOORDINATION:0.5069075641762015
CE_MATERIAL:0.48260839848150205
CE_KINGSAFETY:0.48772087634139893
C_PIECESQUARETABLES:0.5185189699417984
C_MOBILITY:0.4454035771974663
C_KINGSAFETY:0.5118368885522356
C_PAWNSTRUCTURE:0.4929522400778378
C_PIECECOORDINATION:0.48496589265574425
C_ROOKANDPAWNMOVEMENT:0.48496589265574425
C_CENTERCONTROL:0.5210796301708291
C_DEVELOPPIECES:0.5050279254074133
C_MATERIAL:0.5126467663159013
