ELO:1033
CE_PASSEDPAWNS:0.5207981892692256
CE_PAWNWEAKNESSES:0.49512424607923744
CE_PIECEACTIVITY:0.4860192558624604
CE_KINGPAWNSHIELD:0.5
CE_PIECECOORDINATION:0.4982402497986412
CE_MATERIAL:0.49048327732167285
CE_KINGSAFETY:0.5063965518339397
C_PIECESQUARETABLES:0.5
C_MOBILITY:0.5
C_KINGSAFETY:0.49631657285182423
C_PAWNSTRUCTURE:0.49585227374387636
C_PIECECOORDINATION:0.5191353337636652
C_ROOK:0.5116117446806308
CE_ROOK:0.5115258240695081
C_CENTERCONTROL:0.5065749889891745
C_DEVELOPPIECES:0.4898066927324813
C_MATERIAL:0.5202046508138377
C_MOVECOUNT:0.4826318175898582
C_PAWNMOVEMENT:0.5087285323785201
