ELO:1000
CE_PASSEDPAWNS:0.5369489401065533
CE_PAWNWEAKNESSES:0.49180253476871905
CE_PIECEACTIVITY:0.5312227627924838
CE_KINGPAWNSHIELD:0.5016744128694469
CE_PIECECOORDINATION:0.5241130962358874
CE_MATERIAL:0.4840072326241426
CE_KINGSAFETY:0.5002242876179711
C_PIECESQUARETABLES:0.5030501801034799
C_MOBILITY:0.4784122368103776
C_KINGSAFETY:0.4883776048039788
C_PAWNSTRUCTURE:0.4833933744131837
C_PIECECOORDINATION:0.4636410038039763
C_ROOKANDPAWNMOVEMENT:0.4636410038039763
C_CENTERCONTROL:0.5034968316126686
C_DEVELOPPIECES:0.4997913306615179
C_MATERIAL:0.5168954923178928
