ELO:988
CE_PASSEDPAWNS:0.3671258369474086
CE_PAWNWEAKNESSES:0.5083692464520175
CE_PIECEACTIVITY:0.5042760252559866
CE_KINGPAWNSHIELD:0.47138089664674476
CE_PIECECOORDINATION:0.4753698118609917
CE_MATERIAL:0.5022831680418522
CE_KINGSAFETY:0.48788818039079773
C_PIECESQUARETABLES:0.5117898555446064
C_MOBILITY:0.5078575975670631
C_KINGSAFETY:0.5579623702391645
C_PAWNSTRUCTURE:0.33242000336434174
C_PIECECOORDINATION:0.5453739903897025
C_ROOKANDPAWNMOVEMENT:0.5453739903897025
C_CENTERCONTROL:0.3603374129090591
C_DEVELOPPIECES:0.48463106472835726
C_MATERIAL:0.6833586956569498
