ELO:987
CE_PASSEDPAWNS:0.5702747009428584
CE_PAWNWEAKNESSES:0.5287848997958057
CE_PIECEACTIVITY:0.52490209646992
CE_KINGPAWNSHIELD:0.5628578103463785
CE_PIECECOORDINATION:0.5509437723962408
CE_MATERIAL:0.48340807487705284
CE_KINGSAFETY:0.5090586735989036
C_PIECESQUARETABLES:0.4581184362901614
C_MOBILITY:0.46935111342868957
C_KINGSAFETY:0.5188163206327505
C_PAWNSTRUCTURE:0.421161449311933
C_PIECECOORDINATION:0.4785123147313781
C_ROOKANDPAWNMOVEMENT:0.4785123147313781
C_CENTERCONTROL:0.5014807392207152
C_DEVELOPPIECES:0.4940995122116453
C_MATERIAL:0.4442524671668849
