ELO:963
CE_PASSEDPAWNS:0.4904631282502005
CE_PAWNWEAKNESSES:0.5534984584261674
CE_PIECEACTIVITY:0.446753231646166
CE_KINGPAWNSHIELD:0.49143059371058684
CE_PIECECOORDINATION:0.6227285745322876
CE_MATERIAL:0.45520181631937723
CE_KINGSAFETY:0.49972643281041423
C_PIECESQUARETABLES:0.5023064330086517
C_MOBILITY:0.5530096615754482
C_KINGSAFETY:0.6140663985923996
C_PAWNSTRUCTURE:0.5598874083667018
C_PIECECOORDINATION:0.4886900993253219
C_ROOKANDPAWNMOVEMENT:0.4886900993253219
C_CENTERCONTROL:0.4733560056986415
C_DEVELOPPIECES:0.5253858429361302
C_MATERIAL:0.5371999870798295
