ELO:754
CE_PASSEDPAWNS:0.49036156869801684
CE_PAWNWEAKNESSES:0.513429093656024
CE_PIECEACTIVITY:0.4085298492161998
CE_KINGPAWNSHIELD:0.6166854179900343
CE_PIECECOORDINATION:0.5108751777128061
CE_MATERIAL:0.4601238473098256
CE_KINGSAFETY:0.5244885441477031
C_PIECESQUARETABLES:0.5398964890554399
C_MOBILITY:0.4658438092055069
C_KINGSAFETY:0.4547073681126604
C_PAWNSTRUCTURE:0.435458592174091
C_PIECECOORDINATION:0.4544317380507623
C_ROOKANDPAWNMOVEMENT:0.4544317380507623
C_CENTERCONTROL:0.5382194456446611
C_DEVELOPPIECES:0.5559124751024902
C_MATERIAL:0.4096727771465394
C_MOVECOUNT:0.5
