ELO:1043
CE_PASSEDPAWNS:0.5110196372096623
CE_PAWNWEAKNESSES:0.5
CE_PIECEACTIVITY:0.5
CE_KINGPAWNSHIELD:0.5
CE_PIECECOORDINATION:0.5
CE_MATERIAL:0.5163929973762303
CE_KINGSAFETY:0.5
C_PIECESQUARETABLES:0.5
C_MOBILITY:0.49543050106932035
C_KINGSAFETY:0.5
C_PAWNSTRUCTURE:0.49515289691975856
C_PIECECOORDINATION:0.5176440927420277
C_ROOK:0.5
CE_ROOK:0.4981899573446161
C_CENTERCONTROL:0.496771288024623
C_DEVELOPPIECES:0.5008670740254423
C_MATERIAL:0.49965020343408034
C_MOVECOUNT:0.4916289891068704
C_PAWNMOVEMENT:0.49632004298085924
