ELO:977
CE_PASSEDPAWNS:0.4985467251832729
CE_PAWNWEAKNESSES:0.556351490024114
CE_PIECEACTIVITY:0.44201291988323216
CE_KINGPAWNSHIELD:0.4773931378863455
CE_PIECECOORDINATION:0.6218554575252346
CE_MATERIAL:0.4731012126808831
CE_KINGSAFETY:0.5019275170612526
C_PIECESQUARETABLES:0.5021145575053062
C_MOBILITY:0.5011688470592666
C_KINGSAFETY:0.585946948048206
C_PAWNSTRUCTURE:0.5378313959689419
C_PIECECOORDINATION:0.4904199317601701
C_ROOKANDPAWNMOVEMENT:0.4904199317601701
C_CENTERCONTROL:0.5010599927633098
C_DEVELOPPIECES:0.4845943543559229
C_MATERIAL:0.519436996309928
