ELO:970
CE_PASSEDPAWNS:0.49322259377069044
CE_PAWNWEAKNESSES:0.5554765190020373
CE_PIECEACTIVITY:0.43862233604389933
CE_KINGPAWNSHIELD:0.4977073596858096
CE_PIECECOORDINATION:0.636327433635102
CE_MATERIAL:0.44890739441836597
CE_KINGSAFETY:0.4937629738653961
C_PIECESQUARETABLES:0.49217399452998606
C_MOBILITY:0.5487974825992693
C_KINGSAFETY:0.6061884854648194
C_PAWNSTRUCTURE:0.5684282575244496
C_PIECECOORDINATION:0.4935819914468847
C_ROOKANDPAWNMOVEMENT:0.4935819914468847
C_CENTERCONTROL:0.47271317797055373
C_DEVELOPPIECES:0.5180647919609064
C_MATERIAL:0.514340808792619
