ELO:910
CE_PASSEDPAWNS:0.4893625628909846
CE_PAWNWEAKNESSES:0.5195275252735411
CE_PIECEACTIVITY:0.5331715782585037
CE_KINGPAWNSHIELD:0.5229630909555198
CE_PIECECOORDINATION:0.48403618451378105
CE_MATERIAL:0.4277319316483264
CE_KINGSAFETY:0.4975933424496979
C_PIECESQUARETABLES:0.5355829229710815
C_MOBILITY:0.4936246071537156
C_KINGSAFETY:0.47152856528042586
C_PAWNSTRUCTURE:0.5005691598084547
C_PIECECOORDINATION:0.4766081296382619
C_ROOKANDPAWNMOVEMENT:0.4766081296382619
C_CENTERCONTROL:0.49607338654936795
C_DEVELOPPIECES:0.5622012622848797
C_MATERIAL:0.5060445232064346
C_MOVECOUNT:0.5
