ELO:974
CE_PASSEDPAWNS:0.4886125634478836
CE_PAWNWEAKNESSES:0.5507424834885033
CE_PIECEACTIVITY:0.42958367413999726
CE_KINGPAWNSHIELD:0.4976868169291474
CE_PIECECOORDINATION:0.6415238857017445
CE_MATERIAL:0.46357059202143425
CE_KINGSAFETY:0.48597860991751207
C_PIECESQUARETABLES:0.5003894932940046
C_MOBILITY:0.5204010571690527
C_KINGSAFETY:0.5930309003976638
C_PAWNSTRUCTURE:0.5579287806536184
C_PIECECOORDINATION:0.4773290766673763
C_ROOKANDPAWNMOVEMENT:0.4773290766673763
C_CENTERCONTROL:0.48219997191069647
C_DEVELOPPIECES:0.5169225899403178
C_MATERIAL:0.5056391823438905
