ELO:980
CE_PASSEDPAWNS:0.5598745733368966
CE_PAWNWEAKNESSES:0.5098172050746251
CE_PIECEACTIVITY:0.3769339103103816
CE_KINGPAWNSHIELD:0.3923257898245815
CE_PIECECOORDINATION:0.5395962665618879
CE_MATERIAL:0.5072684547678324
CE_KINGSAFETY:0.5388474246911562
C_PIECESQUARETABLES:0.49323635939759863
C_MOBILITY:0.5085422738810222
C_KINGSAFETY:0.5204214599040573
C_PAWNSTRUCTURE:0.4235128757336575
C_PIECECOORDINATION:0.5024185234022019
C_ROOKANDPAWNMOVEMENT:0.5024185234022019
C_CENTERCONTROL:0.4521434128054451
C_DEVELOPPIECES:0.4110716508797391
C_MATERIAL:0.5478702649870965
