ELO:1000
CE_PASSEDPAWNS:0.47862752339943015
CE_PAWNWEAKNESSES:0.5492944651028931
CE_PIECEACTIVITY:0.4586262315030139
CE_KINGPAWNSHIELD:0.47530423337397576
CE_PIECECOORDINATION:0.5268370682962521
CE_MATERIAL:0.479584604822971
CE_KINGSAFETY:0.486109924889215
C_PIECESQUARETABLES:0.5057888439408594
C_MOBILITY:0.511802497438606
C_KINGSAFETY:0.5521546509475779
C_PAWNSTRUCTURE:0.5126602931320419
C_PIECECOORDINATION:0.4895480958989808
C_ROOKANDPAWNMOVEMENT:0.4895480958989808
C_CENTERCONTROL:0.4971776870547059
C_DEVELOPPIECES:0.4800564115223133
C_MATERIAL:0.4768836092604529
