ELO:634
CE_PASSEDPAWNS:0.5046920767683971
CE_PAWNWEAKNESSES:0.4936909425171081
CE_PIECEACTIVITY:0.4018849711347229
CE_KINGPAWNSHIELD:0.5948838480061425
CE_PIECECOORDINATION:0.4785414704011341
CE_MATERIAL:0.43559969822097155
CE_KINGSAFETY:0.5022218893766119
C_PIECESQUARETABLES:0.5
C_MOBILITY:0.5129730899762925
C_KINGSAFETY:0.44331096693268246
C_PAWNSTRUCTURE:0.44300343613733256
C_PIECECOORDINATION:0.4601076150561969
C_ROOKANDPAWNMOVEMENT:0.4601076150561969
C_CENTERCONTROL:0.524233814765168
C_DEVELOPPIECES:0.5710172150681829
C_MATERIAL:0.33811551050248706
C_MOVECOUNT:0.5
