ELO:1002
CE_PASSEDPAWNS:0.5071623485411726
CE_PAWNWEAKNESSES:0.5090166992888512
CE_PIECEACTIVITY:0.5093833470198572
CE_KINGPAWNSHIELD:0.5005840429370552
CE_PIECECOORDINATION:0.5411255664281961
CE_MATERIAL:0.4708817634487504
CE_KINGSAFETY:0.5
C_PIECESQUARETABLES:0.5
C_MOBILITY:0.5023307880011835
C_KINGSAFETY:0.5
C_PAWNSTRUCTURE:0.5081148472489044
C_PIECECOORDINATION:0.5
C_ROOKANDPAWNMOVEMENT:0.5
C_CENTERCONTROL:0.5
C_DEVELOPPIECES:0.5008949744067177
C_MATERIAL:0.48044523517626997
C_MOVECOUNT:0.5
