ELO:1000
CE_PASSEDPAWNS:0.48186103524580065
CE_PAWNWEAKNESSES:0.5194957881992015
CE_PIECEACTIVITY:0.5121997492356081
CE_KINGPAWNSHIELD:0.515817465773138
CE_PIECECOORDINATION:0.4936615503102197
CE_MATERIAL:0.5079865476885518
CE_KINGSAFETY:0.4976242007802631
C_PIECESQUARETABLES:0.5030525371127528
C_MOBILITY:0.5110517383914622
C_KINGSAFETY:0.5071546946791161
C_PAWNSTRUCTURE:0.5081333803657341
C_PIECECOORDINATION:0.49159096784742284
C_ROOKANDPAWNMOVEMENT:0.49159096784742284
C_CENTERCONTROL:0.5042303987623075
C_DEVELOPPIECES:0.5010463965299683
C_MATERIAL:0.5085468863985215
