ELO:1000
CE_PASSEDPAWNS:0.5130024091411681
CE_PAWNWEAKNESSES:0.5043307691310226
CE_PIECEACTIVITY:0.44961212168453807
CE_KINGPAWNSHIELD:0.4432597896284968
CE_PIECECOORDINATION:0.5264743060415508
CE_MATERIAL:0.48939331793744745
CE_KINGSAFETY:0.5037351540982691
C_PIECESQUARETABLES:0.5108138697706816
C_MOBILITY:0.4944056315692773
C_KINGSAFETY:0.5323551879498664
C_PAWNSTRUCTURE:0.495286981608059
C_PIECECOORDINATION:0.4965904411274846
C_ROOKANDPAWNMOVEMENT:0.4965904411274846
C_CENTERCONTROL:0.48612733322675233
C_DEVELOPPIECES:0.5297019213615209
C_MATERIAL:0.4662319826037954
