ELO:1015
CE_PASSEDPAWNS:0.5056696579671396
CE_PAWNWEAKNESSES:0.5044730122677277
CE_PIECEACTIVITY:0.5
CE_KINGPAWNSHIELD:0.5074932603357372
CE_PIECECOORDINATION:0.5007552420357312
CE_MATERIAL:0.5
CE_KINGSAFETY:0.5
C_PIECESQUARETABLES:0.5
C_MOBILITY:0.5093645100090844
C_KINGSAFETY:0.5032952884215808
C_PAWNSTRUCTURE:0.5224416320747055
C_PIECECOORDINATION:0.5
C_ROOKANDPAWNMOVEMENT:0.5
C_CENTERCONTROL:0.49856513504128014
C_DEVELOPPIECES:0.5
C_MATERIAL:0.5084084191296044
C_MOVECOUNT:0.48463233138792355
