ELO:891
CE_PASSEDPAWNS:0.4857866597052305
CE_PAWNWEAKNESSES:0.5
CE_PIECEACTIVITY:0.5270153228467911
CE_KINGPAWNSHIELD:0.5126099150417116
CE_PIECECOORDINATION:0.5000370406583778
CE_MATERIAL:0.5727157766841217
CE_KINGSAFETY:0.5
C_PIECESQUARETABLES:0.5
C_MOBILITY:0.5454915196833107
C_KINGSAFETY:0.5271877840186611
C_PAWNSTRUCTURE:0.5076679485543145
C_PIECECOORDINATION:0.49591752906658065
C_ROOKANDPAWNMOVEMENT:0.49591752906658065
C_CENTERCONTROL:0.49791811554264725
C_DEVELOPPIECES:0.5
C_MATERIAL:0.40296155306692927
C_MOVECOUNT:0.5
