ELO:942
CE_PASSEDPAWNS:0.5771384091264662
CE_PAWNWEAKNESSES:0.5830400009060653
CE_PIECEACTIVITY:0.4285883597671646
CE_KINGPAWNSHIELD:0.48439228607680357
CE_PIECECOORDINATION:0.6526191675123576
CE_MATERIAL:0.5456593402737887
CE_KINGSAFETY:0.5035455223173501
C_PIECESQUARETABLES:0.4768660449168997
C_MOBILITY:0.40525837979464013
C_KINGSAFETY:0.4610930110973461
C_PAWNSTRUCTURE:0.5346721106930241
C_PIECECOORDINATION:0.5342711135527471
C_ROOKANDPAWNMOVEMENT:0.5342711135527471
C_CENTERCONTROL:0.5017298374635042
C_DEVELOPPIECES:0.4906219100563483
C_MATERIAL:0.40625830700363785
