ELO:1000
CE_PASSEDPAWNS:0.434037668166635
CE_PAWNWEAKNESSES:0.5244463615947919
CE_PIECEACTIVITY:0.5099896691713097
CE_KINGPAWNSHIELD:0.5556065725762576
CE_PIECECOORDINATION:0.48852139213335344
CE_MATERIAL:0.5112815250390961
CE_KINGSAFETY:0.5048105228477552
C_PIECESQUARETABLES:0.5408314251625725
C_MOBILITY:0.4649953970561426
C_KINGSAFETY:0.4744089816826242
C_PAWNSTRUCTURE:0.44865951609234805
C_PIECECOORDINATION:0.4743292721519063
C_ROOKANDPAWNMOVEMENT:0.4743292721519063
C_CENTERCONTROL:0.43437619680702444
C_DEVELOPPIECES:0.4882937787414209
C_MATERIAL:0.4925932156084061
