ELO:949
CE_PASSEDPAWNS:0.4821648914045227
CE_PAWNWEAKNESSES:0.5875946175331298
CE_PIECEACTIVITY:0.4659306027123042
CE_KINGPAWNSHIELD:0.48950709914349383
CE_PIECECOORDINATION:0.6346783924197851
CE_MATERIAL:0.4753397547389775
CE_KINGSAFETY:0.508828941958819
C_PIECESQUARETABLES:0.4874544059551567
C_MOBILITY:0.5338091558256409
C_KINGSAFETY:0.6273750956410157
C_PAWNSTRUCTURE:0.5847539104122591
C_PIECECOORDINATION:0.5056283094166923
C_ROOKANDPAWNMOVEMENT:0.5056283094166923
C_CENTERCONTROL:0.5072212764013952
C_DEVELOPPIECES:0.5289349894650563
C_MATERIAL:0.5374547556552833
