ELO:989
CE_PASSEDPAWNS:0.5323877686221976
CE_PAWNWEAKNESSES:0.5145380713430788
CE_PIECEACTIVITY:0.4675217918590603
CE_KINGPAWNSHIELD:0.5009096084423461
CE_PIECECOORDINATION:0.5086410266231429
CE_MATERIAL:0.513699824784373
CE_KINGSAFETY:0.4862784372161071
C_PIECESQUARETABLES:0.4907177784687741
C_MOBILITY:0.506420772611928
C_KINGSAFETY:0.5004408130999484
C_PAWNSTRUCTURE:0.5520041268336423
C_PIECECOORDINATION:0.4884853016640916
C_ROOKANDPAWNMOVEMENT:0.4884853016640916
C_CENTERCONTROL:0.4993471774912374
C_DEVELOPPIECES:0.48716125274861133
C_MATERIAL:0.47030488326701547
C_MOVECOUNT:0.5
