ELO:1000
CE_PASSEDPAWNS:0.4387283806002663
CE_PAWNWEAKNESSES:0.521652896407603
CE_PIECEACTIVITY:0.4764703792352419
CE_KINGPAWNSHIELD:0.5225045834445593
CE_PIECECOORDINATION:0.48908601765569
CE_MATERIAL:0.5134503175724826
CE_KINGSAFETY:0.4627336596843276
C_PIECESQUARETABLES:0.5122412968303276
C_MOBILITY:0.46712808968390745
C_KINGSAFETY:0.5095200327272285
C_PAWNSTRUCTURE:0.4701820497244261
C_PIECECOORDINATION:0.4739074752904157
C_ROOKANDPAWNMOVEMENT:0.4739074752904157
C_CENTERCONTROL:0.44716646652995234
C_DEVELOPPIECES:0.4830837446868161
C_MATERIAL:0.4937740314020099
