ELO:1000
CE_PASSEDPAWNS:0.45042424908634726
CE_PAWNWEAKNESSES:0.5201196225807208
CE_PIECEACTIVITY:0.5084187419610204
CE_KINGPAWNSHIELD:0.5524218764759681
CE_PIECECOORDINATION:0.48676367465457554
CE_MATERIAL:0.5114730724732062
CE_KINGSAFETY:0.5078394761320447
C_PIECESQUARETABLES:0.5525051580866224
C_MOBILITY:0.46541080642414995
C_KINGSAFETY:0.4896971210005083
C_PAWNSTRUCTURE:0.49671466842930945
C_PIECECOORDINATION:0.5161703383434635
C_ROOKANDPAWNMOVEMENT:0.5161703383434635
C_CENTERCONTROL:0.466922733705754
C_DEVELOPPIECES:0.4810863526616063
C_MATERIAL:0.5043557704219498
