ELO:996
CE_PASSEDPAWNS:0.4929139499661909
CE_PAWNWEAKNESSES:0.5098178652696638
CE_PIECEACTIVITY:0.5
CE_KINGPAWNSHIELD:0.4965999647280342
CE_PIECECOORDINATION:0.5
CE_MATERIAL:0.5
CE_KINGSAFETY:0.49862992174293114
C_PIECESQUARETABLES:0.5
C_MOBILITY:0.5114074977280486
C_KINGSAFETY:0.5047718120193753
C_PAWNSTRUCTURE:0.5222701208993894
C_PIECECOORDINATION:0.4897071461903162
C_ROOKANDPAWNMOVEMENT:0.4897071461903162
C_CENTERCONTROL:0.5023997044227935
C_DEVELOPPIECES:0.5038802550065801
C_MATERIAL:0.4957874807696945
C_MOVECOUNT:0.5228902578064474
