ELO:760
CE_PASSEDPAWNS:0.49396461295727934
CE_PAWNWEAKNESSES:0.5117973486595974
CE_PIECEACTIVITY:0.4085298492161998
CE_KINGPAWNSHIELD:0.6089413777705471
CE_PIECECOORDINATION:0.5093202236077998
CE_MATERIAL:0.44043783435534983
CE_KINGSAFETY:0.5189625476857053
C_PIECESQUARETABLES:0.5352272579637161
C_MOBILITY:0.464089944308185
C_KINGSAFETY:0.4470363642868206
C_PAWNSTRUCTURE:0.4166823045376138
C_PIECECOORDINATION:0.4539895802094313
C_ROOKANDPAWNMOVEMENT:0.4539895802094313
C_CENTERCONTROL:0.5311506553445499
C_DEVELOPPIECES:0.5763502857643817
C_MATERIAL:0.386716113076429
C_MOVECOUNT:0.5
