ELO:989
CE_PASSEDPAWNS:0.5401913480417526
CE_PAWNWEAKNESSES:0.5078796348074615
CE_PIECEACTIVITY:0.3971732627913356
CE_KINGPAWNSHIELD:0.43222379999576366
CE_PIECECOORDINATION:0.5491340312801437
CE_MATERIAL:0.5203448700262684
CE_KINGSAFETY:0.5208885330950312
C_PIECESQUARETABLES:0.47314814375025094
C_MOBILITY:0.4853606343654253
C_KINGSAFETY:0.5088636688455663
C_PAWNSTRUCTURE:0.4384250336545734
C_PIECECOORDINATION:0.5049434814677142
C_ROOKANDPAWNMOVEMENT:0.5049434814677142
C_CENTERCONTROL:0.45747796869780566
C_DEVELOPPIECES:0.41049001983207145
C_MATERIAL:0.5319573374380162
