ELO:892
CE_PASSEDPAWNS:0.5136261553432734
CE_PAWNWEAKNESSES:0.6011442226519376
CE_PIECEACTIVITY:0.44211152334339393
CE_KINGPAWNSHIELD:0.5101409346765364
CE_PIECECOORDINATION:0.6386465167501041
CE_MATERIAL:0.5161646489746832
CE_KINGSAFETY:0.5029804303085957
C_PIECESQUARETABLES:0.4864740097213379
C_MOBILITY:0.550722950984055
C_KINGSAFETY:0.590695049335451
C_PAWNSTRUCTURE:0.6108244493616838
C_PIECECOORDINATION:0.5400898340768827
C_ROOKANDPAWNMOVEMENT:0.5400898340768827
C_CENTERCONTROL:0.5464409256933818
C_DEVELOPPIECES:0.5290732232286944
C_MATERIAL:0.5351927395813387
