ELO:976
CE_PASSEDPAWNS:0.4863497912195035
CE_PAWNWEAKNESSES:0.5052239871297567
CE_PIECEACTIVITY:0.5128968939738863
CE_KINGPAWNSHIELD:0.4747047381787908
CE_PIECECOORDINATION:0.5113481351769925
CE_MATERIAL:0.4843400746473582
CE_KINGSAFETY:0.5006397241156035
C_PIECESQUARETABLES:0.49321454102545015
C_MOBILITY:0.4866169801529747
C_KINGSAFETY:0.5399608471575578
C_PAWNSTRUCTURE:0.4427604476466754
C_PIECECOORDINATION:0.5312011434042032
C_ROOK:0.4815278812517449
CE_ROOK:0.5193738493403914
C_CENTERCONTROL:0.49723960695279934
C_DEVELOPPIECES:0.4991820315568085
C_MATERIAL:0.5108719326789923
C_MOVECOUNT:0.5014429033701083
C_PAWNMOVEMENT:0.46990389709928526
