ELO:977
CE_PASSEDPAWNS:0.47842707803754203
CE_PAWNWEAKNESSES:0.5
CE_PIECEACTIVITY:0.4904446267480014
CE_KINGPAWNSHIELD:0.5070211938006212
CE_PIECECOORDINATION:0.4892477157490865
CE_MATERIAL:0.5
CE_KINGSAFETY:0.5
C_PIECESQUARETABLES:0.5
C_MOBILITY:0.4954323444968337
C_KINGSAFETY:0.48839240006860585
C_PAWNSTRUCTURE:0.4730924003999388
C_PIECECOORDINATION:0.5266583481913131
C_ROOKANDPAWNMOVEMENT:0.5266583481913131
C_CENTERCONTROL:0.4759519947809424
C_DEVELOPPIECES:0.501360000455344
C_MATERIAL:0.5
C_MOVECOUNT:0.4650129496355294
