ELO:958
CE_PASSEDPAWNS:0.5522589735236912
CE_PAWNWEAKNESSES:0.49394777237733195
CE_PIECEACTIVITY:0.32900266744819384
CE_KINGPAWNSHIELD:0.4079421361778058
CE_PIECECOORDINATION:0.5423311893913613
CE_MATERIAL:0.49731946520663983
CE_KINGSAFETY:0.49548924575396497
C_PIECESQUARETABLES:0.5012619908474798
C_MOBILITY:0.5035403321540004
C_KINGSAFETY:0.542062159610803
C_PAWNSTRUCTURE:0.4232671104605098
C_PIECECOORDINATION:0.52089115565847
C_ROOKANDPAWNMOVEMENT:0.52089115565847
C_CENTERCONTROL:0.4465491717322422
C_DEVELOPPIECES:0.41437046177334497
C_MATERIAL:0.5530124678172188
