ELO:864
CE_PASSEDPAWNS:0.5250054037833913
CE_PAWNWEAKNESSES:0.5980553489477252
CE_PIECEACTIVITY:0.4339288065334544
CE_KINGPAWNSHIELD:0.4977604814315408
CE_PIECECOORDINATION:0.6324364373676562
CE_MATERIAL:0.47938796920954097
CE_KINGSAFETY:0.4875015394477888
C_PIECESQUARETABLES:0.4966945210728911
C_MOBILITY:0.547988668479275
C_KINGSAFETY:0.5877534025991925
C_PAWNSTRUCTURE:0.6139394927389478
C_PIECECOORDINATION:0.5453312173013355
C_ROOKANDPAWNMOVEMENT:0.5453312173013355
C_CENTERCONTROL:0.5406251185793147
C_DEVELOPPIECES:0.527896970091618
C_MATERIAL:0.5263580540292695
