ELO:646
CE_PASSEDPAWNS:0.505581442777023
CE_PAWNWEAKNESSES:0.5398604105418486
CE_PIECEACTIVITY:0.43353595558796504
CE_KINGPAWNSHIELD:0.6001214325885199
CE_PIECECOORDINATION:0.49419042771098065
CE_MATERIAL:0.43171198892966467
CE_KINGSAFETY:0.4732489770178452
C_PIECESQUARETABLES:0.5117249454697699
C_MOBILITY:0.48296540816117306
C_KINGSAFETY:0.4602853327475215
C_PAWNSTRUCTURE:0.45320213531088466
C_PIECECOORDINATION:0.4812413026615558
C_ROOKANDPAWNMOVEMENT:0.4812413026615558
C_CENTERCONTROL:0.5038899644388635
C_DEVELOPPIECES:0.5913746034610301
C_MATERIAL:0.3520347618887891
C_MOVECOUNT:0.488242576859395
