ELO:916
CE_PASSEDPAWNS:0.4988676299476978
CE_PAWNWEAKNESSES:0.47406687394688574
CE_PIECEACTIVITY:0.48638384599792417
CE_KINGPAWNSHIELD:0.4881911058004916
CE_PIECECOORDINATION:0.5366726763582887
CE_MATERIAL:0.4516063535534535
CE_KINGSAFETY:0.5015436551992796
C_PIECESQUARETABLES:0.5
C_MOBILITY:0.5502563211886514
C_KINGSAFETY:0.4840422905294019
C_PAWNSTRUCTURE:0.4688245171482578
C_PIECECOORDINATION:0.5304609978611312
C_ROOKANDPAWNMOVEMENT:0.5304609978611312
C_CENTERCONTROL:0.4238705028341972
C_DEVELOPPIECES:0.4996144963998074
C_MATERIAL:0.5277833285797703
C_MOVECOUNT:0.5
