ELO:597
CE_PASSEDPAWNS:0.5374046785673982
CE_PAWNWEAKNESSES:0.5157539908214481
CE_PIECEACTIVITY:0.41678373102886906
CE_KINGPAWNSHIELD:0.5943922301796275
CE_PIECECOORDINATION:0.46431103246210087
CE_MATERIAL:0.4219443868933978
CE_KINGSAFETY:0.47080790111210447
C_PIECESQUARETABLES:0.5175260608896247
C_MOBILITY:0.5037545992705084
C_KINGSAFETY:0.44526563236357986
C_PAWNSTRUCTURE:0.4439478344885058
C_PIECECOORDINATION:0.4610921708213658
C_ROOKANDPAWNMOVEMENT:0.4610921708213658
C_CENTERCONTROL:0.5155988031696478
C_DEVELOPPIECES:0.5673151532171301
C_MATERIAL:0.34495750675682285
C_MOVECOUNT:0.5170407692043517
