ELO:710
CE_PASSEDPAWNS:0.5083921313512694
CE_PAWNWEAKNESSES:0.5264220064992681
CE_PIECEACTIVITY:0.39171367664469237
CE_KINGPAWNSHIELD:0.6131873344336679
CE_PIECECOORDINATION:0.5125223067423743
CE_MATERIAL:0.4421416981637585
CE_KINGSAFETY:0.5319321980211438
C_PIECESQUARETABLES:0.5173268612858979
C_MOBILITY:0.4870627074377428
C_KINGSAFETY:0.45945757402478604
C_PAWNSTRUCTURE:0.41399739420765896
C_PIECECOORDINATION:0.48282534367355096
C_ROOKANDPAWNMOVEMENT:0.48282534367355096
C_CENTERCONTROL:0.5188255879658429
C_DEVELOPPIECES:0.5745651769880804
C_MATERIAL:0.37114005606146194
C_MOVECOUNT:0.5
