ELO:1000
CE_PASSEDPAWNS:0.4877375234824828
CE_PAWNWEAKNESSES:0.507682911798943
CE_PIECEACTIVITY:0.5099687835805163
CE_KINGPAWNSHIELD:0.5
CE_PIECECOORDINATION:0.496805920300597
CE_MATERIAL:0.501583488605246
CE_KINGSAFETY:0.5
C_PIECESQUARETABLES:0.5
C_MOBILITY:0.5102219123926334
C_KINGSAFETY:0.5
C_PAWNSTRUCTURE:0.5
C_PIECECOORDINATION:0.5
C_ROOKANDPAWNMOVEMENT:0.5
C_CENTERCONTROL:0.5100489512565601
C_DEVELOPPIECES:0.5
C_MATERIAL:0.4935826395279455
