ELO:994
CE_PASSEDPAWNS:0.43067527208138046
CE_PAWNWEAKNESSES:0.5340503124275428
CE_PIECEACTIVITY:0.49181106298695443
CE_KINGPAWNSHIELD:0.5814346201964826
CE_PIECECOORDINATION:0.5402899797129971
CE_MATERIAL:0.5210883748168427
CE_KINGSAFETY:0.49534817360058875
C_PIECESQUARETABLES:0.4954629784589984
C_MOBILITY:0.43547625234722587
C_KINGSAFETY:0.46861196744548245
C_PAWNSTRUCTURE:0.4492754787900315
C_PIECECOORDINATION:0.46755230490362265
C_ROOKANDPAWNMOVEMENT:0.46755230490362265
C_CENTERCONTROL:0.44461645821574314
C_DEVELOPPIECES:0.5027474571797749
C_MATERIAL:0.5390171229378169
