ELO:953
CE_PASSEDPAWNS:0.5108402227087916
CE_PAWNWEAKNESSES:0.5808185895614534
CE_PIECEACTIVITY:0.45293126361151365
CE_KINGPAWNSHIELD:0.4814992205952744
CE_PIECECOORDINATION:0.6226034131521554
CE_MATERIAL:0.45924270495713065
CE_KINGSAFETY:0.5286097306625118
C_PIECESQUARETABLES:0.49604232333041937
C_MOBILITY:0.5388069179667172
C_KINGSAFETY:0.6055911007032111
C_PAWNSTRUCTURE:0.5881061669173556
C_PIECECOORDINATION:0.5154235000427198
C_ROOKANDPAWNMOVEMENT:0.5154235000427198
C_CENTERCONTROL:0.5034967766040357
C_DEVELOPPIECES:0.5363947518978505
C_MATERIAL:0.5409211197821299
