ELO:989
CE_PASSEDPAWNS:0.3671258369474086
CE_PAWNWEAKNESSES:0.5010275327081167
CE_PIECEACTIVITY:0.5594978002495871
CE_KINGPAWNSHIELD:0.47144251813644056
CE_PIECECOORDINATION:0.4790647470354044
CE_MATERIAL:0.5193988439889138
CE_KINGSAFETY:0.48785304284742764
C_PIECESQUARETABLES:0.4876952377550854
C_MOBILITY:0.5037123123962971
C_KINGSAFETY:0.5649338870102811
C_PAWNSTRUCTURE:0.32659486032772983
C_PIECECOORDINATION:0.43523491629364913
C_ROOKANDPAWNMOVEMENT:0.43523491629364913
C_CENTERCONTROL:0.34665154691269756
C_DEVELOPPIECES:0.4919730935329581
C_MATERIAL:0.6879276613633886
