ELO:1018
CE_PASSEDPAWNS:0.49382739139184406
CE_PAWNWEAKNESSES:0.5052692031651206
CE_PIECEACTIVITY:0.5177337443179966
CE_KINGPAWNSHIELD:0.4882991666074076
CE_PIECECOORDINATION:0.5155986351576415
CE_MATERIAL:0.48426420079647864
CE_KINGSAFETY:0.5
C_PIECESQUARETABLES:0.5
C_MOBILITY:0.4883315461146327
C_KINGSAFETY:0.49807762350557305
C_PAWNSTRUCTURE:0.5
C_PIECECOORDINATION:0.5117530500500119
C_ROOK:0.5061548351338214
CE_ROOK:0.5063121015757133
C_CENTERCONTROL:0.5101910784123721
C_DEVELOPPIECES:0.49547520755593566
C_MATERIAL:0.5034199520894864
C_MOVECOUNT:0.5062637963594351
C_PAWNMOVEMENT:0.5
