ELO:990
CE_PASSEDPAWNS:0.5113420482628095
CE_PAWNWEAKNESSES:0.5137075448499973
CE_PIECEACTIVITY:0.5100269524564136
CE_KINGPAWNSHIELD:0.48995045252719244
CE_PIECECOORDINATION:0.5175245609531642
CE_MATERIAL:0.5
CE_KINGSAFETY:0.5
C_PIECESQUARETABLES:0.5
C_MOBILITY:0.48467787526411343
C_KINGSAFETY:0.5
C_PAWNSTRUCTURE:0.5010468581093512
C_PIECECOORDINATION:0.5040229833237382
C_ROOKANDPAWNMOVEMENT:0.5040229833237382
C_CENTERCONTROL:0.4815052586294344
C_DEVELOPPIECES:0.4730496155627917
C_MATERIAL:0.504356288007506
C_MOVECOUNT:0.5137556794721858
