ELO:983
CE_PASSEDPAWNS:0.49726660719971666
CE_PAWNWEAKNESSES:0.5530376453892513
CE_PIECEACTIVITY:0.45982221987713084
CE_KINGPAWNSHIELD:0.4767798960653268
CE_PIECECOORDINATION:0.6055715928130804
CE_MATERIAL:0.4720454756904891
CE_KINGSAFETY:0.5068383313454166
C_PIECESQUARETABLES:0.49922094366399306
C_MOBILITY:0.5102574332818838
C_KINGSAFETY:0.5654688533057262
C_PAWNSTRUCTURE:0.5286008076485317
C_PIECECOORDINATION:0.48302844871931466
C_ROOKANDPAWNMOVEMENT:0.48302844871931466
C_CENTERCONTROL:0.49062682655894324
C_DEVELOPPIECES:0.4765970516035747
C_MATERIAL:0.5107168801796965
