ELO:961
CE_PASSEDPAWNS:0.5602512659729414
CE_PAWNWEAKNESSES:0.5012427061002146
CE_PIECEACTIVITY:0.32900266744819384
CE_KINGPAWNSHIELD:0.4164550608628161
CE_PIECECOORDINATION:0.5538481567370834
CE_MATERIAL:0.4866747935491662
CE_KINGSAFETY:0.4845490177069688
C_PIECESQUARETABLES:0.5022091207352248
C_MOBILITY:0.5035403321540004
C_KINGSAFETY:0.5465827511031532
C_PAWNSTRUCTURE:0.42555927288406653
C_PIECECOORDINATION:0.52089115565847
C_ROOKANDPAWNMOVEMENT:0.52089115565847
C_CENTERCONTROL:0.45389883353258387
C_DEVELOPPIECES:0.4073139180387887
C_MATERIAL:0.5530124678172188
