ELO:1000
CE_PASSEDPAWNS:0.4445731113278938
CE_PAWNWEAKNESSES:0.5137040300796906
CE_PIECEACTIVITY:0.5165766114298136
CE_KINGPAWNSHIELD:0.5643047779295647
CE_PIECECOORDINATION:0.46726973085901063
CE_MATERIAL:0.5154448570063497
CE_KINGSAFETY:0.50670223989388
C_PIECESQUARETABLES:0.5510310549838987
C_MOBILITY:0.46721922130094684
C_KINGSAFETY:0.4744089816826242
C_PAWNSTRUCTURE:0.4759699210797291
C_PIECECOORDINATION:0.4964486050387454
C_ROOKANDPAWNMOVEMENT:0.4964486050387454
C_CENTERCONTROL:0.44493795354491816
C_DEVELOPPIECES:0.4755405493094207
C_MATERIAL:0.4913601633116708
