ELO:999
CE_PASSEDPAWNS:0.4934692042896737
CE_PAWNWEAKNESSES:0.5037361083386735
CE_PIECEACTIVITY:0.5015685220592372
CE_KINGPAWNSHIELD:0.5037081554547347
CE_PIECECOORDINATION:0.4880548405431562
CE_MATERIAL:0.4941153950393159
CE_KINGSAFETY:0.5
C_PIECESQUARETABLES:0.5
C_MOBILITY:0.5193547969439634
C_KINGSAFETY:0.5032952884215808
C_PAWNSTRUCTURE:0.5
C_PIECECOORDINATION:0.5
C_ROOKANDPAWNMOVEMENT:0.5
C_CENTERCONTROL:0.49758788293064005
C_DEVELOPPIECES:0.5123960925077217
C_MATERIAL:0.5
C_MOVECOUNT:0.5027612923170806
