ELO:985
CE_PASSEDPAWNS:0.4863497912195035
CE_PAWNWEAKNESSES:0.5052239871297567
CE_PIECEACTIVITY:0.5128968939738863
CE_KINGPAWNSHIELD:0.4747047381787908
CE_PIECECOORDINATION:0.5166971809661398
CE_MATERIAL:0.4843400746473582
CE_KINGSAFETY:0.5006397241156035
C_PIECESQUARETABLES:0.4936588733719505
C_MOBILITY:0.48025995148666667
C_KINGSAFETY:0.5399608471575578
C_PAWNSTRUCTURE:0.4427604476466754
C_PIECECOORDINATION:0.5312011434042032
C_ROOK:0.4815278812517449
CE_ROOK:0.5193738493403914
C_CENTERCONTROL:0.49723960695279934
C_DEVELOPPIECES:0.5098217122119628
C_MATERIAL:0.5108719326789923
C_MOVECOUNT:0.5163433475297057
C_PAWNMOVEMENT:0.46990389709928526
