ELO:896
CE_PASSEDPAWNS:0.4710391566131972
CE_PAWNWEAKNESSES:0.5218160290141096
CE_PIECEACTIVITY:0.38444396750913484
CE_KINGPAWNSHIELD:0.4729782012669416
CE_PIECECOORDINATION:0.40913410494798236
CE_MATERIAL:0.4722917976899363
CE_KINGSAFETY:0.4494768161500223
C_PIECESQUARETABLES:0.5397863395436325
C_MOBILITY:0.5293209247360663
C_KINGSAFETY:0.4347472403057053
C_PAWNSTRUCTURE:0.4040635135513009
C_PIECECOORDINATION:0.42610579856858405
C_ROOKANDPAWNMOVEMENT:0.42610579856858405
C_CENTERCONTROL:0.493985105784712
C_DEVELOPPIECES:0.5292746474766273
C_MATERIAL:0.5695374250295739
