ELO:820
CE_PASSEDPAWNS:0.4856347749317492
CE_PAWNWEAKNESSES:0.5228135884903463
CE_PIECEACTIVITY:0.4137351007420514
CE_KINGPAWNSHIELD:0.5880662377279545
CE_PIECECOORDINATION:0.5085465749663421
CE_MATERIAL:0.44656695960523846
CE_KINGSAFETY:0.5350077371683094
C_PIECESQUARETABLES:0.5031606210025206
C_MOBILITY:0.4876448087857821
C_KINGSAFETY:0.43222147161151137
C_PAWNSTRUCTURE:0.43378498254708353
C_PIECECOORDINATION:0.4942425872538703
C_ROOKANDPAWNMOVEMENT:0.4942425872538703
C_CENTERCONTROL:0.5137391855066888
C_DEVELOPPIECES:0.5153404804241116
C_MATERIAL:0.39732835865092136
C_MOVECOUNT:0.5
