ELO:859
CE_PASSEDPAWNS:0.5472960261453859
CE_PAWNWEAKNESSES:0.518555976427245
CE_PIECEACTIVITY:0.5107090580762177
CE_KINGPAWNSHIELD:0.510234473127034
CE_PIECECOORDINATION:0.5510608511329373
CE_MATERIAL:0.45049054806012084
CE_KINGSAFETY:0.5084914488764735
C_PIECESQUARETABLES:0.47364584289397954
C_MOBILITY:0.5495416540412329
C_KINGSAFETY:0.4288166295547115
C_PAWNSTRUCTURE:0.5289605529918038
C_PIECECOORDINATION:0.4989300018102966
C_ROOKANDPAWNMOVEMENT:0.4989300018102966
C_CENTERCONTROL:0.5098019581188171
C_DEVELOPPIECES:0.4895805491330853
C_MATERIAL:0.5299429026733878
C_MOVECOUNT:0.45216696810026713
