ELO:1001
CE_PASSEDPAWNS:0.5120456807932459
CE_PAWNWEAKNESSES:0.5157713116466007
CE_PIECEACTIVITY:0.5016402890237007
CE_KINGPAWNSHIELD:0.5099435185424174
CE_PIECECOORDINATION:0.5
CE_MATERIAL:0.5010817963431042
CE_KINGSAFETY:0.47852298499030965
C_PIECESQUARETABLES:0.4948927144418868
C_MOBILITY:0.49507558822773395
C_KINGSAFETY:0.4866946795917901
C_PAWNSTRUCTURE:0.48802617721647795
C_PIECECOORDINATION:0.5068853925677614
C_ROOKANDPAWNMOVEMENT:0.5068853925677614
C_CENTERCONTROL:0.49289872720558103
C_DEVELOPPIECES:0.47697628908239664
C_MATERIAL:0.511645515314474
