ELO:1064
CE_PASSEDPAWNS:0.5036163909542182
CE_PAWNWEAKNESSES:0.487742882207167
CE_PIECEACTIVITY:0.48608314872715286
CE_KINGPAWNSHIELD:0.49593712777323334
CE_PIECECOORDINATION:0.49283239456934247
CE_MATERIAL:0.49140928926484095
CE_KINGSAFETY:0.5
C_PIECESQUARETABLES:0.5
C_MOBILITY:0.48865540621102704
C_KINGSAFETY:0.5144133679387982
C_PAWNSTRUCTURE:0.5035318901192946
C_PIECECOORDINATION:0.5037032257979067
C_ROOK:0.4755938012153554
CE_ROOK:0.5099838664214744
C_CENTERCONTROL:0.5039048454225293
C_DEVELOPPIECES:0.5127138055121028
C_MATERIAL:0.48940688832066276
C_MOVECOUNT:0.48987931154882625
C_PAWNMOVEMENT:0.5033146514761775
