ELO:949
CE_PASSEDPAWNS:0.6113422155161554
CE_PAWNWEAKNESSES:0.4816528965350486
CE_PIECEACTIVITY:0.4578510036333676
CE_KINGPAWNSHIELD:0.4700775042002906
CE_PIECECOORDINATION:0.4696356650260049
CE_MATERIAL:0.5042896119940194
CE_KINGSAFETY:0.4993112730599899
C_PIECESQUARETABLES:0.52315834396401
C_MOBILITY:0.48804439224094837
C_KINGSAFETY:0.5759398977255347
C_PAWNSTRUCTURE:0.4264791442429882
C_PIECECOORDINATION:0.4829247280730019
C_ROOKANDPAWNMOVEMENT:0.4829247280730019
C_CENTERCONTROL:0.4990371805235715
C_DEVELOPPIECES:0.490501647611751
C_MATERIAL:0.467743029563996
C_MOVECOUNT:0.5
