ELO:976
CE_PASSEDPAWNS:0.49032812380791535
CE_PAWNWEAKNESSES:0.5011602375809948
CE_PIECEACTIVITY:0.4514094187900199
CE_KINGPAWNSHIELD:0.5475542488728684
CE_PIECECOORDINATION:0.4141615388206101
CE_MATERIAL:0.4605630186663909
CE_KINGSAFETY:0.48791428299739503
C_PIECESQUARETABLES:0.48688570843133744
C_MOBILITY:0.5560829963554034
C_KINGSAFETY:0.5440666446271049
C_PAWNSTRUCTURE:0.5546771400091194
C_PIECECOORDINATION:0.49919286395023543
C_ROOKANDPAWNMOVEMENT:0.49919286395023543
C_CENTERCONTROL:0.49718575900167383
C_DEVELOPPIECES:0.5368287127015542
C_MATERIAL:0.5506627079573542
