ELO:944
CE_PASSEDPAWNS:0.40824314914941184
CE_PAWNWEAKNESSES:0.4815318589439851
CE_PIECEACTIVITY:0.5594076561395483
CE_KINGPAWNSHIELD:0.557934549472508
CE_PIECECOORDINATION:0.467930444107886
CE_MATERIAL:0.49483217365201326
CE_KINGSAFETY:0.508296257318551
C_PIECESQUARETABLES:0.48194533731929234
C_MOBILITY:0.5083755768891186
C_KINGSAFETY:0.455756862196289
C_PAWNSTRUCTURE:0.5223919935409341
C_PIECECOORDINATION:0.5094749152315793
C_ROOKANDPAWNMOVEMENT:0.5094749152315793
C_CENTERCONTROL:0.5643138708588576
C_DEVELOPPIECES:0.4759974833872322
C_MATERIAL:0.5978192370642884
