ELO:880
CE_PASSEDPAWNS:0.5133800718704705
CE_PAWNWEAKNESSES:0.5209375617151402
CE_PIECEACTIVITY:0.5181555323287682
CE_KINGPAWNSHIELD:0.5267119635557328
CE_PIECECOORDINATION:0.5648514622311895
CE_MATERIAL:0.5575373721264448
CE_KINGSAFETY:0.5
C_PIECESQUARETABLES:0.5
C_MOBILITY:0.49443736684920936
C_KINGSAFETY:0.5364380749763106
C_PAWNSTRUCTURE:0.5093520691468304
C_PIECECOORDINATION:0.48971080871164435
C_ROOKANDPAWNMOVEMENT:0.48971080871164435
C_CENTERCONTROL:0.5934089207056448
C_DEVELOPPIECES:0.4847368789290799
C_MATERIAL:0.5473886347887188
C_MOVECOUNT:0.5
