ELO:906
CE_PASSEDPAWNS:0.5087286146159404
CE_PAWNWEAKNESSES:0.4762946056956586
CE_PIECEACTIVITY:0.4813824418487463
CE_KINGPAWNSHIELD:0.4095136026885401
CE_PIECECOORDINATION:0.50779366971585
CE_MATERIAL:0.5170193478624969
CE_KINGSAFETY:0.4951555147199855
C_PIECESQUARETABLES:0.5068210381140982
C_MOBILITY:0.4928617048955266
C_KINGSAFETY:0.4806363192036609
C_PAWNSTRUCTURE:0.4264791442429882
C_PIECECOORDINATION:0.4534040265977296
C_ROOKANDPAWNMOVEMENT:0.4534040265977296
C_CENTERCONTROL:0.5770368137262541
C_DEVELOPPIECES:0.5
C_MATERIAL:0.5325847506197589
C_MOVECOUNT:0.5
