ELO:864
CE_PASSEDPAWNS:0.5402018960489117
CE_PAWNWEAKNESSES:0.5313552437086074
CE_PIECEACTIVITY:0.4437582250895024
CE_KINGPAWNSHIELD:0.502701686981993
CE_PIECECOORDINATION:0.49905213761589395
CE_MATERIAL:0.4976829966050533
CE_KINGSAFETY:0.4973582125320676
C_PIECESQUARETABLES:0.4843986317052132
C_MOBILITY:0.5327536189842071
C_KINGSAFETY:0.5274617090331597
C_PAWNSTRUCTURE:0.4714912824710776
C_PIECECOORDINATION:0.529464905860001
C_ROOKANDPAWNMOVEMENT:0.529464905860001
C_CENTERCONTROL:0.48735145783221734
C_DEVELOPPIECES:0.5449980189061115
C_MATERIAL:0.4801795980223418
C_MOVECOUNT:0.49215500155347763
