ELO:924
CE_PASSEDPAWNS:0.5024208350396778
CE_PAWNWEAKNESSES:0.4987241766558496
CE_PIECEACTIVITY:0.4914952382561217
CE_KINGPAWNSHIELD:0.5
CE_PIECECOORDINATION:0.5004815036012042
CE_MATERIAL:0.5330733212692821
CE_KINGSAFETY:0.5243531254640409
C_PIECESQUARETABLES:0.5
C_MOBILITY:0.5266919790260806
C_KINGSAFETY:0.5
C_PAWNSTRUCTURE:0.5000472854475159
C_PIECECOORDINATION:0.5
C_ROOKANDPAWNMOVEMENT:0.5
C_CENTERCONTROL:0.58425236469144
C_DEVELOPPIECES:0.4693761254151244
C_MATERIAL:0.4708434099915567
C_MOVECOUNT:0.5
