ELO:950
CE_PASSEDPAWNS:0.530191731303383
CE_PAWNWEAKNESSES:0.515473827927636
CE_PIECEACTIVITY:0.490265975254328
CE_KINGPAWNSHIELD:0.5040158696825506
CE_PIECECOORDINATION:0.5210586600544704
CE_MATERIAL:0.45191837305139726
CE_KINGSAFETY:0.4987316802981057
C_PIECESQUARETABLES:0.5060939788982975
C_MOBILITY:0.4968939351614499
C_KINGSAFETY:0.5093330100497577
C_PAWNSTRUCTURE:0.49710902837056065
C_PIECECOORDINATION:0.5207875071649981
C_ROOKANDPAWNMOVEMENT:0.5207875071649981
C_CENTERCONTROL:0.5
C_DEVELOPPIECES:0.5282861639195193
C_MATERIAL:0.5026530775756303
C_MOVECOUNT:0.5
