ELO:1058
CE_PASSEDPAWNS:0.4955273104592464
CE_PAWNWEAKNESSES:0.4887158613248356
CE_PIECEACTIVITY:0.5
CE_KINGPAWNSHIELD:0.49711923057826723
CE_PIECECOORDINATION:0.49283239456934247
CE_MATERIAL:0.5037360870082964
CE_KINGSAFETY:0.5
C_PIECESQUARETABLES:0.5
C_MOBILITY:0.5238940948642011
C_KINGSAFETY:0.5168036488374377
C_PAWNSTRUCTURE:0.49581633567670125
C_PIECECOORDINATION:0.5323051446557503
C_ROOK:0.5
CE_ROOK:0.48499253174775464
C_CENTERCONTROL:0.49450810470261913
C_DEVELOPPIECES:0.49436532366477515
C_MATERIAL:0.5013780486462557
C_MOVECOUNT:0.5013822226200452
C_PAWNMOVEMENT:0.5
