ELO:970
CE_PASSEDPAWNS:0.42365314746682314
CE_PAWNWEAKNESSES:0.4827611686457804
CE_PIECEACTIVITY:0.42931222046788853
CE_KINGPAWNSHIELD:0.47296228941213614
CE_PIECECOORDINATION:0.49553649857297605
CE_MATERIAL:0.5526429426407844
CE_KINGSAFETY:0.531513906871162
C_PIECESQUARETABLES:0.49692889623503933
C_MOBILITY:0.5074497046734484
C_KINGSAFETY:0.45829651329641896
C_PAWNSTRUCTURE:0.4892888656394276
C_PIECECOORDINATION:0.5087961471710359
C_ROOKANDPAWNMOVEMENT:0.5087961471710359
C_CENTERCONTROL:0.4527598970371122
C_DEVELOPPIECES:0.4175492494963276
C_MATERIAL:0.5705146932061418
