ELO:1071
CE_PASSEDPAWNS:0.4955273104592464
CE_PAWNWEAKNESSES:0.5
CE_PIECEACTIVITY:0.5
CE_KINGPAWNSHIELD:0.5093482941268347
CE_PIECECOORDINATION:0.49283239456934247
CE_MATERIAL:0.4970967322552941
CE_KINGSAFETY:0.5
C_PIECESQUARETABLES:0.5
C_MOBILITY:0.5238940948642011
C_KINGSAFETY:0.5168036488374377
C_PAWNSTRUCTURE:0.5171578828235839
C_PIECECOORDINATION:0.5172284595140588
C_ROOK:0.5
CE_ROOK:0.48499253174775464
C_CENTERCONTROL:0.4953970785441792
C_DEVELOPPIECES:0.49436532366477515
C_MATERIAL:0.5
C_MOVECOUNT:0.5063094172742422
C_PAWNMOVEMENT:0.49552211294162307
