ELO:987
CE_PASSEDPAWNS:0.4832751316018416
CE_PAWNWEAKNESSES:0.49005580640449786
CE_PIECEACTIVITY:0.5789463093349597
CE_KINGPAWNSHIELD:0.5408658237752308
CE_PIECECOORDINATION:0.513149657007603
CE_MATERIAL:0.5539497577166982
CE_KINGSAFETY:0.4789582358392296
C_PIECESQUARETABLES:0.5532974634649859
C_MOBILITY:0.5046309470565628
C_KINGSAFETY:0.48698772498271997
C_PAWNSTRUCTURE:0.5343087912450114
C_PIECECOORDINATION:0.4697111601401645
C_ROOKANDPAWNMOVEMENT:0.4697111601401645
C_CENTERCONTROL:0.4886599645010738
C_DEVELOPPIECES:0.565134968776307
C_MATERIAL:0.6007288877454199
