ELO:984
CE_PASSEDPAWNS:0.5
CE_PAWNWEAKNESSES:0.4900749828934346
CE_PIECEACTIVITY:0.5072412245227993
CE_KINGPAWNSHIELD:0.5107391150747942
CE_PIECECOORDINATION:0.47917874050954723
CE_MATERIAL:0.5200355890614516
CE_KINGSAFETY:0.5
C_PIECESQUARETABLES:0.49805480229582794
C_MOBILITY:0.5
C_KINGSAFETY:0.48188201259082153
C_PAWNSTRUCTURE:0.5181238676782016
C_PIECECOORDINATION:0.5
C_ROOKANDPAWNMOVEMENT:0.5
C_CENTERCONTROL:0.507910855092564
C_DEVELOPPIECES:0.49504598973952413
C_MATERIAL:0.502138645318497
