ELO:838
CE_PASSEDPAWNS:0.5217602464550573
CE_PAWNWEAKNESSES:0.5976595475238096
CE_PIECEACTIVITY:0.47024566811353913
CE_KINGPAWNSHIELD:0.5312010592568012
CE_PIECECOORDINATION:0.4884116637520186
CE_MATERIAL:0.45692249011386943
CE_KINGSAFETY:0.5066716000522652
C_PIECESQUARETABLES:0.4889104472328934
C_MOBILITY:0.5104899163734415
C_KINGSAFETY:0.5551047605443015
C_PAWNSTRUCTURE:0.5382457523047727
C_PIECECOORDINATION:0.5097456023823733
C_ROOKANDPAWNMOVEMENT:0.5097456023823733
C_CENTERCONTROL:0.5150581507219676
C_DEVELOPPIECES:0.5094375406932774
C_MATERIAL:0.4702787198828575
C_MOVECOUNT:0.5
