ELO:942
CE_PASSEDPAWNS:0.4003623260128104
CE_PAWNWEAKNESSES:0.482973215139659
CE_PIECEACTIVITY:0.5784996903810347
CE_KINGPAWNSHIELD:0.5609934383792194
CE_PIECECOORDINATION:0.47788953182971333
CE_MATERIAL:0.4724785748047205
CE_KINGSAFETY:0.4943218186783941
C_PIECESQUARETABLES:0.4826243923988561
C_MOBILITY:0.5293188887441983
C_KINGSAFETY:0.4510934975000302
C_PAWNSTRUCTURE:0.513528079187082
C_PIECECOORDINATION:0.4858506835282484
C_ROOKANDPAWNMOVEMENT:0.4858506835282484
C_CENTERCONTROL:0.5613753710756214
C_DEVELOPPIECES:0.49674648433364565
C_MATERIAL:0.6020080894029004
