ELO:975
CE_PASSEDPAWNS:0.5175992273217807
CE_PAWNWEAKNESSES:0.4891249338203962
CE_PIECEACTIVITY:0.47059011272105283
CE_KINGPAWNSHIELD:0.5964506501835745
CE_PIECECOORDINATION:0.4425825805269513
CE_MATERIAL:0.5162975876544599
CE_KINGSAFETY:0.5151736322816903
C_PIECESQUARETABLES:0.5458369392755118
C_MOBILITY:0.5760882967518315
C_KINGSAFETY:0.5916286828141771
C_PAWNSTRUCTURE:0.3537060984873753
C_PIECECOORDINATION:0.49062405286081606
C_ROOKANDPAWNMOVEMENT:0.49062405286081606
C_CENTERCONTROL:0.5217451253049764
C_DEVELOPPIECES:0.572999197069191
C_MATERIAL:0.5316107518134675
