ELO:1065
CE_PASSEDPAWNS:0.5036163909542182
CE_PAWNWEAKNESSES:0.47353082878713215
CE_PIECEACTIVITY:0.5235231028364252
CE_KINGPAWNSHIELD:0.4875183487671798
CE_PIECECOORDINATION:0.5104278836793662
CE_MATERIAL:0.5000466357657618
CE_KINGSAFETY:0.5
C_PIECESQUARETABLES:0.5
C_MOBILITY:0.5082413240203919
C_KINGSAFETY:0.5144133679387982
C_PAWNSTRUCTURE:0.4988976233761561
C_PIECECOORDINATION:0.5123368261828549
C_ROOK:0.4755938012153554
CE_ROOK:0.485503642279331
C_CENTERCONTROL:0.5039048454225293
C_DEVELOPPIECES:0.5127138055121028
C_MATERIAL:0.5
C_MOVECOUNT:0.49258642512256096
C_PAWNMOVEMENT:0.5037547385522029
