ELO:928
CE_PASSEDPAWNS:0.40301437323269146
CE_PAWNWEAKNESSES:0.4778549295675006
CE_PIECEACTIVITY:0.572991674997554
CE_KINGPAWNSHIELD:0.5587358296962069
CE_PIECECOORDINATION:0.47539851743674527
CE_MATERIAL:0.5024440497245792
CE_KINGSAFETY:0.5070068744103106
C_PIECESQUARETABLES:0.4824184581887944
C_MOBILITY:0.5019225083476829
C_KINGSAFETY:0.47342147602700835
C_PAWNSTRUCTURE:0.5220074647944036
C_PIECECOORDINATION:0.5070928777432623
C_ROOKANDPAWNMOVEMENT:0.5070928777432623
C_CENTERCONTROL:0.5442145311412264
C_DEVELOPPIECES:0.49124988544138976
C_MATERIAL:0.6061499854945068
