ELO:990
CE_PASSEDPAWNS:0.45036603174545886
CE_PAWNWEAKNESSES:0.4973368122749607
CE_PIECEACTIVITY:0.5543537672739614
CE_KINGPAWNSHIELD:0.538874383160743
CE_PIECECOORDINATION:0.5243484881586327
CE_MATERIAL:0.5168918189210071
CE_KINGSAFETY:0.47883066010255737
C_PIECESQUARETABLES:0.5169590662435346
C_MOBILITY:0.5397189159598738
C_KINGSAFETY:0.5341184783315273
C_PAWNSTRUCTURE:0.495654836288289
C_PIECECOORDINATION:0.4955247956997242
C_ROOKANDPAWNMOVEMENT:0.4955247956997242
C_CENTERCONTROL:0.4650568575893464
C_DEVELOPPIECES:0.5427556309645124
C_MATERIAL:0.5976313295523505
