ELO:1022
CE_PASSEDPAWNS:0.5
CE_PAWNWEAKNESSES:0.5
CE_PIECEACTIVITY:0.4926808183006005
CE_KINGPAWNSHIELD:0.5068571784259269
CE_PIECECOORDINATION:0.508761669156103
CE_MATERIAL:0.5
CE_KINGSAFETY:0.4883939307189966
C_PIECESQUARETABLES:0.5048520136595429
C_MOBILITY:0.51446243198344
C_KINGSAFETY:0.4949758568597438
C_PAWNSTRUCTURE:0.491721400215077
C_PIECECOORDINATION:0.5083514891906615
C_ROOKANDPAWNMOVEMENT:0.5083514891906615
C_CENTERCONTROL:0.5027085550823698
C_DEVELOPPIECES:0.5
C_MATERIAL:0.5
