ELO:973
CE_PASSEDPAWNS:0.5170086355808367
CE_PAWNWEAKNESSES:0.5188494303767613
CE_PIECEACTIVITY:0.4529753140509354
CE_KINGPAWNSHIELD:0.5795415230403143
CE_PIECECOORDINATION:0.438740292528332
CE_MATERIAL:0.5324345803502544
CE_KINGSAFETY:0.49917273012662217
C_PIECESQUARETABLES:0.5101800611713335
C_MOBILITY:0.5780921852413015
C_KINGSAFETY:0.5812932942798209
C_PAWNSTRUCTURE:0.33778875599608843
C_PIECECOORDINATION:0.48731821281530935
C_ROOKANDPAWNMOVEMENT:0.48731821281530935
C_CENTERCONTROL:0.5224441060656528
C_DEVELOPPIECES:0.582465273923334
C_MATERIAL:0.5301190654798157
