ELO:971
CE_PASSEDPAWNS:0.49656327530407773
CE_PAWNWEAKNESSES:0.49112523285027854
CE_PIECEACTIVITY:0.5174822138875093
CE_KINGPAWNSHIELD:0.48781378579076207
CE_PIECECOORDINATION:0.5152974537669974
CE_MATERIAL:0.5100198288401864
CE_KINGSAFETY:0.4953284385780134
C_PIECESQUARETABLES:0.4968418880142707
C_MOBILITY:0.5080363689950611
C_KINGSAFETY:0.5197330307987218
C_PAWNSTRUCTURE:0.5020606807068637
C_PIECECOORDINATION:0.5207193644541999
C_ROOKANDPAWNMOVEMENT:0.5207193644541999
C_CENTERCONTROL:0.48927400419089173
C_DEVELOPPIECES:0.5120730113909225
C_MATERIAL:0.49134870571978384
C_MOVECOUNT:0.5091341623318401
