ELO:988
CE_PASSEDPAWNS:0.3635648788934117
CE_PAWNWEAKNESSES:0.502426827073672
CE_PIECEACTIVITY:0.5050730626525354
CE_KINGPAWNSHIELD:0.47138089664674476
CE_PIECECOORDINATION:0.4513783285247671
CE_MATERIAL:0.4950456844834119
CE_KINGSAFETY:0.4922544743720017
C_PIECESQUARETABLES:0.5194323202803974
C_MOBILITY:0.5037123123962971
C_KINGSAFETY:0.5513242675646052
C_PAWNSTRUCTURE:0.5006281247243053
C_PIECECOORDINATION:0.5350567576815112
C_ROOKANDPAWNMOVEMENT:0.5350567576815112
C_CENTERCONTROL:0.3603374129090591
C_DEVELOPPIECES:0.48463106472835726
C_MATERIAL:0.6856534111229801
