ELO:807
CE_PASSEDPAWNS:0.6209584816662627
CE_PAWNWEAKNESSES:0.5380486104825963
CE_PIECEACTIVITY:0.4135913798555115
CE_KINGPAWNSHIELD:0.547061159499931
CE_PIECECOORDINATION:0.5041355291417753
CE_MATERIAL:0.5222534063407622
CE_KINGSAFETY:0.4791893211764208
C_PIECESQUARETABLES:0.49997317092132487
C_MOBILITY:0.5393028995126803
C_KINGSAFETY:0.5798573578614413
C_PAWNSTRUCTURE:0.5309711511788625
C_PIECECOORDINATION:0.5171658150072923
C_ROOKANDPAWNMOVEMENT:0.5171658150072923
C_CENTERCONTROL:0.4821594643770168
C_DEVELOPPIECES:0.5445724894000039
C_MATERIAL:0.45511181421523356
C_MOVECOUNT:0.47648037942679816
