ELO:852
CE_PASSEDPAWNS:0.5325685851303983
CE_PAWNWEAKNESSES:0.52944925851065
CE_PIECEACTIVITY:0.42104457104451487
CE_KINGPAWNSHIELD:0.5174712986242367
CE_PIECECOORDINATION:0.49905213761589395
CE_MATERIAL:0.5068548118480418
CE_KINGSAFETY:0.5078619352806167
C_PIECESQUARETABLES:0.4559195221099135
C_MOBILITY:0.5440377923250752
C_KINGSAFETY:0.5364838804941034
C_PAWNSTRUCTURE:0.46644061578306567
C_PIECECOORDINATION:0.547413011675612
C_ROOKANDPAWNMOVEMENT:0.547413011675612
C_CENTERCONTROL:0.4977329783633238
C_DEVELOPPIECES:0.5358342157518446
C_MATERIAL:0.49488731191780316
C_MOVECOUNT:0.4788402573973379
