ELO:897
CE_PASSEDPAWNS:0.5
CE_PAWNWEAKNESSES:0.4987241766558496
CE_PIECEACTIVITY:0.5495701003715431
CE_KINGPAWNSHIELD:0.4649305519969675
CE_PIECECOORDINATION:0.505703926250014
CE_MATERIAL:0.46295221950949766
CE_KINGSAFETY:0.5
C_PIECESQUARETABLES:0.5
C_MOBILITY:0.5012068789118989
C_KINGSAFETY:0.5607039907621327
C_PAWNSTRUCTURE:0.5152198241198971
C_PIECECOORDINATION:0.424421575186192
C_ROOKANDPAWNMOVEMENT:0.424421575186192
C_CENTERCONTROL:0.4754182354462642
C_DEVELOPPIECES:0.44962804478387003
C_MATERIAL:0.46970726098076754
C_MOVECOUNT:0.5
