ELO:1019
CE_PASSEDPAWNS:0.5026713052980661
CE_PAWNWEAKNESSES:0.517799131242908
CE_PIECEACTIVITY:0.525892534061345
CE_KINGPAWNSHIELD:0.4934832073901321
CE_PIECECOORDINATION:0.5173107621009955
CE_MATERIAL:0.5098457914445861
CE_KINGSAFETY:0.5
C_PIECESQUARETABLES:0.5
C_MOBILITY:0.4883315461146327
C_KINGSAFETY:0.46549251813746473
C_PAWNSTRUCTURE:0.5011184076901242
C_PIECECOORDINATION:0.5224631891386101
C_ROOK:0.5271568196596098
CE_ROOK:0.5057558812501163
C_CENTERCONTROL:0.5113686412302165
C_DEVELOPPIECES:0.49914624624872594
C_MATERIAL:0.5220246160394035
C_MOVECOUNT:0.5151291691290685
C_PAWNMOVEMENT:0.5131532910449351
