ELO:1000
CE_PASSEDPAWNS:0.4965420584344141
CE_PAWNWEAKNESSES:0.47857949326195276
CE_PIECEACTIVITY:0.47788215454520466
CE_KINGPAWNSHIELD:0.4821158136473434
CE_PIECECOORDINATION:0.5342685287484796
CE_MATERIAL:0.49240781205906176
CE_KINGSAFETY:0.48681739418271974
C_PIECESQUARETABLES:0.48740216565996675
C_MOBILITY:0.5002720227633991
C_KINGSAFETY:0.5058293144406718
C_PAWNSTRUCTURE:0.49210722803997026
C_PIECECOORDINATION:0.5164179448735736
C_ROOKANDPAWNMOVEMENT:0.5164179448735736
C_CENTERCONTROL:0.47850311523223304
C_DEVELOPPIECES:0.5163020265996001
C_MATERIAL:0.5170842265800247
