ELO:998
CE_PASSEDPAWNS:0.46571925787150814
CE_PAWNWEAKNESSES:0.4973992714437137
CE_PIECEACTIVITY:0.5466190073139159
CE_KINGPAWNSHIELD:0.5517251860897404
CE_PIECECOORDINATION:0.5339289450931712
CE_MATERIAL:0.5103951621155649
CE_KINGSAFETY:0.4813409033230335
C_PIECESQUARETABLES:0.5197880547077551
C_MOBILITY:0.5560478826804961
C_KINGSAFETY:0.5256649219446553
C_PAWNSTRUCTURE:0.491100861295666
C_PIECECOORDINATION:0.47766556501580765
C_ROOKANDPAWNMOVEMENT:0.47766556501580765
C_CENTERCONTROL:0.4627786042346028
C_DEVELOPPIECES:0.5537541814836523
C_MATERIAL:0.6164314468150954
