ELO:878
CE_PASSEDPAWNS:0.5570335395829307
CE_PAWNWEAKNESSES:0.5668125761851365
CE_PIECEACTIVITY:0.466728911528666
CE_KINGPAWNSHIELD:0.5095768583992325
CE_PIECECOORDINATION:0.4862044357714132
CE_MATERIAL:0.43203458642889314
CE_KINGSAFETY:0.497148502752111
C_PIECESQUARETABLES:0.49517611632563197
C_MOBILITY:0.5072450014085671
C_KINGSAFETY:0.56401026047098
C_PAWNSTRUCTURE:0.5238219914670886
C_PIECECOORDINATION:0.5364885878385112
C_ROOKANDPAWNMOVEMENT:0.5364885878385112
C_CENTERCONTROL:0.47872958268189836
C_DEVELOPPIECES:0.5276399137232886
C_MATERIAL:0.482316375610735
C_MOVECOUNT:0.5
