ELO:989
CE_PASSEDPAWNS:0.3499594165029651
CE_PAWNWEAKNESSES:0.510861183652453
CE_PIECEACTIVITY:0.5594978002495871
CE_KINGPAWNSHIELD:0.4541418774751685
CE_PIECECOORDINATION:0.48455883947207246
CE_MATERIAL:0.4993292225469897
CE_KINGSAFETY:0.48788818039079773
C_PIECESQUARETABLES:0.4918216040113994
C_MOBILITY:0.4772147194178255
C_KINGSAFETY:0.5513242675646052
C_PAWNSTRUCTURE:0.3353007159866505
C_PIECECOORDINATION:0.44650197250403645
C_ROOKANDPAWNMOVEMENT:0.44650197250403645
C_CENTERCONTROL:0.35488331713916
C_DEVELOPPIECES:0.4918394073912253
C_MATERIAL:0.6828983766046607
