ELO:893
CE_PASSEDPAWNS:0.4746890620158866
CE_PAWNWEAKNESSES:0.4391252262806752
CE_PIECEACTIVITY:0.47639946242935105
CE_KINGPAWNSHIELD:0.6075774717977702
CE_PIECECOORDINATION:0.42236199374513955
CE_MATERIAL:0.5138296399378913
CE_KINGSAFETY:0.5358640494845446
C_PIECESQUARETABLES:0.5496481483997158
C_MOBILITY:0.5663224511292679
C_KINGSAFETY:0.5644316429980151
C_PAWNSTRUCTURE:0.3492595086847854
C_PIECECOORDINATION:0.4624746285359358
C_ROOKANDPAWNMOVEMENT:0.4624746285359358
C_CENTERCONTROL:0.5247622600377758
C_DEVELOPPIECES:0.5603478264607744
C_MATERIAL:0.5163247924861011
