ELO:835
CE_PASSEDPAWNS:0.6141458478703871
CE_PAWNWEAKNESSES:0.5440011872775022
CE_PIECEACTIVITY:0.4135913798555115
CE_KINGPAWNSHIELD:0.5580110574240926
CE_PIECECOORDINATION:0.5024717697970064
CE_MATERIAL:0.5032268422562773
CE_KINGSAFETY:0.47892548240966526
C_PIECESQUARETABLES:0.47058781556878176
C_MOBILITY:0.529604091443166
C_KINGSAFETY:0.5611311525377721
C_PAWNSTRUCTURE:0.5323360805286915
C_PIECECOORDINATION:0.4909923796627414
C_ROOKANDPAWNMOVEMENT:0.4909923796627414
C_CENTERCONTROL:0.4592427927359473
C_DEVELOPPIECES:0.5483468762265069
C_MATERIAL:0.46160188577371014
C_MOVECOUNT:0.4704491227343798
