ELO:1000
CE_PASSEDPAWNS:0.512094912332504
CE_PAWNWEAKNESSES:0.48388823087367633
CE_PIECEACTIVITY:0.49074516280230435
CE_KINGPAWNSHIELD:0.49457976216466726
CE_PIECECOORDINATION:0.5124884148957486
CE_MATERIAL:0.5134246327977583
CE_KINGSAFETY:0.5078228954769234
C_PIECESQUARETABLES:0.5175706954074548
C_MOBILITY:0.49085369399092005
C_KINGSAFETY:0.5132252035454438
C_PAWNSTRUCTURE:0.5335639537305055
C_PIECECOORDINATION:0.5380277547518574
C_ROOKANDPAWNMOVEMENT:0.5380277547518574
C_CENTERCONTROL:0.49258584997428617
C_DEVELOPPIECES:0.5056459941792719
C_MATERIAL:0.4651615008416076
