ELO:1031
CE_PASSEDPAWNS:0.5025952171806478
CE_PAWNWEAKNESSES:0.5116869923199915
CE_PIECEACTIVITY:0.4890252689505219
CE_KINGPAWNSHIELD:0.48494180170640855
CE_PIECECOORDINATION:0.5254639287438814
CE_MATERIAL:0.5082651813250072
CE_KINGSAFETY:0.5
C_PIECESQUARETABLES:0.5
C_MOBILITY:0.4989675928702315
C_KINGSAFETY:0.48019409837470334
C_PAWNSTRUCTURE:0.5050983611720751
C_PIECECOORDINATION:0.5050384657925655
C_ROOK:0.496266584649756
CE_ROOK:0.5126975481015646
C_CENTERCONTROL:0.49720697610925507
C_DEVELOPPIECES:0.5271781048189464
C_MATERIAL:0.4924564367153651
C_MOVECOUNT:0.48314016934763326
C_PAWNMOVEMENT:0.49294609729826316
