ELO:1065
CE_PASSEDPAWNS:0.5023498298700007
CE_PAWNWEAKNESSES:0.47353082878713215
CE_PIECEACTIVITY:0.5016266317876139
CE_KINGPAWNSHIELD:0.49593712777323334
CE_PIECECOORDINATION:0.5104278836793662
CE_MATERIAL:0.4981089047036181
CE_KINGSAFETY:0.5
C_PIECESQUARETABLES:0.5
C_MOBILITY:0.4882012949921861
C_KINGSAFETY:0.5168036488374377
C_PAWNSTRUCTURE:0.4988976233761561
C_PIECECOORDINATION:0.5123368261828549
C_ROOK:0.4755938012153554
CE_ROOK:0.485503642279331
C_CENTERCONTROL:0.4852912214027281
C_DEVELOPPIECES:0.4787920258108393
C_MATERIAL:0.48940688832066276
C_MOVECOUNT:0.49110702908087334
C_PAWNMOVEMENT:0.4610732517191339
