ELO:975
CE_PASSEDPAWNS:0.49630880004949285
CE_PAWNWEAKNESSES:0.5370848801548574
CE_PIECEACTIVITY:0.4781279524932481
CE_KINGPAWNSHIELD:0.4892811610071157
CE_PIECECOORDINATION:0.5037671307435088
CE_MATERIAL:0.5167859885814569
CE_KINGSAFETY:0.5096576728177568
C_PIECESQUARETABLES:0.5185761147921377
C_MOBILITY:0.5039698440731912
C_KINGSAFETY:0.47016516188886814
C_PAWNSTRUCTURE:0.5066569778162787
C_PIECECOORDINATION:0.4936837212935716
C_ROOKANDPAWNMOVEMENT:0.4936837212935716
C_CENTERCONTROL:0.486750622384983
C_DEVELOPPIECES:0.5120343875693444
C_MATERIAL:0.4565248351840036
C_MOVECOUNT:0.5
