ELO:973
CE_PASSEDPAWNS:0.4754828145088017
CE_PAWNWEAKNESSES:0.5316083750212607
CE_PIECEACTIVITY:0.49213979869820884
CE_KINGPAWNSHIELD:0.4970798061071848
CE_PIECECOORDINATION:0.5109833303963512
CE_MATERIAL:0.44017672467261365
CE_KINGSAFETY:0.5001038918527422
C_PIECESQUARETABLES:0.49631339927945356
C_MOBILITY:0.4954414552903825
C_KINGSAFETY:0.5003940420781907
C_PAWNSTRUCTURE:0.5043317596446981
C_PIECECOORDINATION:0.4888773584679227
C_ROOKANDPAWNMOVEMENT:0.4888773584679227
C_CENTERCONTROL:0.4825597311463577
C_DEVELOPPIECES:0.5042047372448619
C_MATERIAL:0.500658970954417
