ELO:1006
CE_PASSEDPAWNS:0.5025952171806478
CE_PAWNWEAKNESSES:0.5056810268036167
CE_PIECEACTIVITY:0.4890252689505219
CE_KINGPAWNSHIELD:0.4842560856591406
CE_PIECECOORDINATION:0.5065772704820973
CE_MATERIAL:0.49750902054535373
CE_KINGSAFETY:0.5018674210310682
C_PIECESQUARETABLES:0.4816649119741934
C_MOBILITY:0.5131703491887715
C_KINGSAFETY:0.5
C_PAWNSTRUCTURE:0.5050983611720751
C_PIECECOORDINATION:0.5151081034862183
C_ROOK:0.49942828541685225
CE_ROOK:0.5126975481015646
C_CENTERCONTROL:0.5104459585303116
C_DEVELOPPIECES:0.5284044370215044
C_MATERIAL:0.47233226009206
C_MOVECOUNT:0.46721724150117755
C_PAWNMOVEMENT:0.4961342238551283
