ELO:885
CE_PASSEDPAWNS:0.44639747640262917
CE_PAWNWEAKNESSES:0.5
CE_PIECEACTIVITY:0.598644950330122
CE_KINGPAWNSHIELD:0.4940484174454118
CE_PIECECOORDINATION:0.4879927214437723
CE_MATERIAL:0.47352120854302143
CE_KINGSAFETY:0.5
C_PIECESQUARETABLES:0.5
C_MOBILITY:0.48838996614816343
C_KINGSAFETY:0.46438830295357025
C_PAWNSTRUCTURE:0.5398000987249935
C_PIECECOORDINATION:0.4275801197473687
C_ROOKANDPAWNMOVEMENT:0.4275801197473687
C_CENTERCONTROL:0.561195144909895
C_DEVELOPPIECES:0.5237597752371135
C_MATERIAL:0.4982205814909916
C_MOVECOUNT:0.5
