ELO:986
CE_PASSEDPAWNS:0.478752109572806
CE_PAWNWEAKNESSES:0.48993565444495646
CE_PIECEACTIVITY:0.5796783781214178
CE_KINGPAWNSHIELD:0.5342646360073455
CE_PIECECOORDINATION:0.5128922214011091
CE_MATERIAL:0.5539497577166982
CE_KINGSAFETY:0.47903604978993414
C_PIECESQUARETABLES:0.5373210332549382
C_MOBILITY:0.49768775497848444
C_KINGSAFETY:0.4652069090315755
C_PAWNSTRUCTURE:0.5208358273132969
C_PIECECOORDINATION:0.4612203403152638
C_ROOKANDPAWNMOVEMENT:0.4612203403152638
C_CENTERCONTROL:0.505798376313148
C_DEVELOPPIECES:0.5699603882305613
C_MATERIAL:0.6125031433203567
