ELO:988
CE_PASSEDPAWNS:0.4673710282566386
CE_PAWNWEAKNESSES:0.4864030085029258
CE_PIECEACTIVITY:0.5537393324631937
CE_KINGPAWNSHIELD:0.5534654251988327
CE_PIECECOORDINATION:0.5192994950562095
CE_MATERIAL:0.5435756176258691
CE_KINGSAFETY:0.46369169132934873
C_PIECESQUARETABLES:0.5329621683203417
C_MOBILITY:0.5110053677926375
C_KINGSAFETY:0.5033567693863374
C_PAWNSTRUCTURE:0.520689262757313
C_PIECECOORDINATION:0.4892295036760901
C_ROOKANDPAWNMOVEMENT:0.4892295036760901
C_CENTERCONTROL:0.4799970545515422
C_DEVELOPPIECES:0.5698082182033267
C_MATERIAL:0.5952081664421559
