ELO:999
CE_PASSEDPAWNS:0.5
CE_PAWNWEAKNESSES:0.5
CE_PIECEACTIVITY:0.4960499926943916
CE_KINGPAWNSHIELD:0.5
CE_PIECECOORDINATION:0.5
CE_MATERIAL:0.5
CE_KINGSAFETY:0.5
C_PIECESQUARETABLES:0.5008155573169418
C_MOBILITY:0.4911756450470916
C_KINGSAFETY:0.5039536517361016
C_PAWNSTRUCTURE:0.5
C_PIECECOORDINATION:0.4911285491195523
C_ROOKANDPAWNMOVEMENT:0.4911285491195523
C_CENTERCONTROL:0.5
C_DEVELOPPIECES:0.5
C_MATERIAL:0.5
C_MOVECOUNT:0.5
