ELO:1000
CE_PASSEDPAWNS:0.4971624494198441
CE_PAWNWEAKNESSES:0.5
CE_PIECEACTIVITY:0.5
CE_KINGPAWNSHIELD:0.5
CE_PIECECOORDINATION:0.5139158872358097
CE_MATERIAL:0.494384806182077
CE_KINGSAFETY:0.4995925488377693
C_PIECESQUARETABLES:0.5
C_MOBILITY:0.5
C_KINGSAFETY:0.5
C_PAWNSTRUCTURE:0.4932866450067853
C_PIECECOORDINATION:0.5
C_ROOK:0.5011631059286578
CE_ROOK:0.5
C_CENTERCONTROL:0.5091680700564712
C_DEVELOPPIECES:0.5
C_MATERIAL:0.5
C_MOVECOUNT:0.5
C_PAWNMOVEMENT:0.4936162422242963
