ELO:1010
CE_PASSEDPAWNS:0.49985161041083276
CE_PAWNWEAKNESSES:0.5148230837923092
CE_PIECEACTIVITY:0.5055530111649618
CE_KINGPAWNSHIELD:0.5058149863424103
CE_PIECECOORDINATION:0.5
CE_MATERIAL:0.5025471869559793
CE_KINGSAFETY:0.5
C_PIECESQUARETABLES:0.5
C_MOBILITY:0.5104329779343336
C_KINGSAFETY:0.5075888555844744
C_PAWNSTRUCTURE:0.49460781335042736
C_PIECECOORDINATION:0.4896653146699552
C_ROOKANDPAWNMOVEMENT:0.4896653146699552
C_CENTERCONTROL:0.49793863501752467
C_DEVELOPPIECES:0.482054568276895
C_MATERIAL:0.469996355831616
C_MOVECOUNT:0.5101682448055964
