ELO:1070
CE_PASSEDPAWNS:0.5
CE_PAWNWEAKNESSES:0.5
CE_PIECEACTIVITY:0.4931793711443075
CE_KINGPAWNSHIELD:0.5
CE_PIECECOORDINATION:0.5
CE_MATERIAL:0.49044521668561497
CE_KINGSAFETY:0.5
C_PIECESQUARETABLES:0.4887827417970742
C_MOBILITY:0.5209994200264124
C_KINGSAFETY:0.4845465745477447
C_PAWNSTRUCTURE:0.5096740025667975
C_PIECECOORDINATION:0.5
C_ROOK:0.5
CE_ROOK:0.5141177142939934
C_CENTERCONTROL:0.5
C_DEVELOPPIECES:0.48754410081312055
C_MATERIAL:0.5103629053808779
C_MOVECOUNT:0.49549001249399555
C_PAWNMOVEMENT:0.542275975280078
