ELO:1064
CE_PASSEDPAWNS:0.5036163909542182
CE_PAWNWEAKNESSES:0.47353082878713215
CE_PIECEACTIVITY:0.5235231028364252
CE_KINGPAWNSHIELD:0.49593712777323334
CE_PIECECOORDINATION:0.5
CE_MATERIAL:0.5000466357657618
CE_KINGSAFETY:0.5
C_PIECESQUARETABLES:0.5
C_MOBILITY:0.497576774702515
C_KINGSAFETY:0.499417299048897
C_PAWNSTRUCTURE:0.5035318901192946
C_PIECECOORDINATION:0.5037032257979067
C_ROOK:0.4755938012153554
CE_ROOK:0.49568208707785216
C_CENTERCONTROL:0.5039048454225293
C_DEVELOPPIECES:0.5127138055121028
C_MATERIAL:0.4797243308268542
C_MOVECOUNT:0.48987931154882625
C_PAWNMOVEMENT:0.5037547385522029
