ELO:982
CE_PASSEDPAWNS:0.5
CE_PAWNWEAKNESSES:0.5088910743640743
CE_PIECEACTIVITY:0.5
CE_KINGPAWNSHIELD:0.5009803749507208
CE_PIECECOORDINATION:0.4813010895039531
CE_MATERIAL:0.5
CE_KINGSAFETY:0.5
C_PIECESQUARETABLES:0.5
C_MOBILITY:0.49636185360475404
C_KINGSAFETY:0.48665141915500354
C_PAWNSTRUCTURE:0.514997200065521
C_PIECECOORDINATION:0.5
C_ROOKANDPAWNMOVEMENT:0.5
C_CENTERCONTROL:0.5136364559821215
C_DEVELOPPIECES:0.49560269801305307
C_MATERIAL:0.5122637528582981
C_MOVECOUNT:0.5
