ELO:970
CE_PASSEDPAWNS:0.47729018299892284
CE_PAWNWEAKNESSES:0.45885447616508135
CE_PIECEACTIVITY:0.4220762289234706
CE_KINGPAWNSHIELD:0.4659289995554138
CE_PIECECOORDINATION:0.453669846789625
CE_MATERIAL:0.4870834556106506
CE_KINGSAFETY:0.49374781254482
C_PIECESQUARETABLES:0.5
C_MOBILITY:0.49878765899453653
C_KINGSAFETY:0.5191619604933928
C_PAWNSTRUCTURE:0.5565739368130539
C_PIECECOORDINATION:0.46258098684175597
C_ROOKANDPAWNMOVEMENT:0.46258098684175597
C_CENTERCONTROL:0.5177386184901498
C_DEVELOPPIECES:0.471628245419569
C_MATERIAL:0.5405038140362219
