ELO:1000
CE_PASSEDPAWNS:0.5
CE_PAWNWEAKNESSES:0.505656595480182
CE_PIECEACTIVITY:0.5
CE_KINGPAWNSHIELD:0.48958926326728774
CE_PIECECOORDINATION:0.5
CE_MATERIAL:0.5
CE_KINGSAFETY:0.5
C_PIECESQUARETABLES:0.5
C_MOBILITY:0.5
C_KINGSAFETY:0.5
C_PAWNSTRUCTURE:0.5075130271585118
C_PIECECOORDINATION:0.5002804330355793
C_ROOK:0.5
CE_ROOK:0.5
C_CENTERCONTROL:0.5
C_DEVELOPPIECES:0.5004824108564879
C_MATERIAL:0.5
C_MOVECOUNT:0.5
C_PAWNMOVEMENT:0.5
