ELO:1000
CE_PASSEDPAWNS:0.4807142516124837
CE_PAWNWEAKNESSES:0.558573175736185
CE_PIECEACTIVITY:0.45336967228052394
CE_KINGPAWNSHIELD:0.4920219809813968
CE_PIECECOORDINATION:0.5319988318913602
CE_MATERIAL:0.5306575936814453
CE_KINGSAFETY:0.5633135989940301
C_PIECESQUARETABLES:0.5783264527194546
C_MOBILITY:0.5475916826052679
C_KINGSAFETY:0.5239426317395143
C_PAWNSTRUCTURE:0.5025544079406047
C_PIECECOORDINATION:0.506215747053678
C_ROOKANDPAWNMOVEMENT:0.506215747053678
C_CENTERCONTROL:0.4804168715130516
C_DEVELOPPIECES:0.45610426111607694
C_MATERIAL:0.5359213191528668
