ELO:1000
CE_PASSEDPAWNS:0.5179782814808631
CE_PAWNWEAKNESSES:0.4867702339089687
CE_PIECEACTIVITY:0.520665818829482
CE_KINGPAWNSHIELD:0.47396348066090216
CE_PIECECOORDINATION:0.5113769212910482
CE_MATERIAL:0.5092885160007341
CE_KINGSAFETY:0.5068800735288636
C_PIECESQUARETABLES:0.48981269637902897
C_MOBILITY:0.4807148605795607
C_KINGSAFETY:0.4737390388089195
C_PAWNSTRUCTURE:0.5055894264357262
C_PIECECOORDINATION:0.5388709152206754
C_ROOKANDPAWNMOVEMENT:0.5388709152206754
C_CENTERCONTROL:0.527781827164084
C_DEVELOPPIECES:0.5572857186630371
C_MATERIAL:0.4823262175413847
