ELO:1000
CE_PASSEDPAWNS:0.5175771016595476
CE_PAWNWEAKNESSES:0.4842161817397809
CE_PIECEACTIVITY:0.527553923395664
CE_KINGPAWNSHIELD:0.4854335047982862
CE_PIECECOORDINATION:0.507965040635811
CE_MATERIAL:0.4911553213257972
CE_KINGSAFETY:0.505931225515674
C_PIECESQUARETABLES:0.4829513930018657
C_MOBILITY:0.48987569894632055
C_KINGSAFETY:0.4812425786651372
C_PAWNSTRUCTURE:0.5046324862196578
C_PIECECOORDINATION:0.551581507591934
C_ROOKANDPAWNMOVEMENT:0.551581507591934
C_CENTERCONTROL:0.5190196929859601
C_DEVELOPPIECES:0.5549922329931533
C_MATERIAL:0.4832868778992438
