ELO:968
CE_PASSEDPAWNS:0.5200191739352067
CE_PAWNWEAKNESSES:0.49076962592356416
CE_PIECEACTIVITY:0.4993134365513246
CE_KINGPAWNSHIELD:0.475433259983453
CE_PIECECOORDINATION:0.48613460388979
CE_MATERIAL:0.5182929563761425
CE_KINGSAFETY:0.5
C_PIECESQUARETABLES:0.5
C_MOBILITY:0.46725487340522864
C_KINGSAFETY:0.4926184134926381
C_PAWNSTRUCTURE:0.49156947161859893
C_PIECECOORDINATION:0.5114088954241478
C_ROOK:0.5052574264726242
CE_ROOK:0.5147687938294186
C_CENTERCONTROL:0.5087677908536764
C_DEVELOPPIECES:0.4921504190882803
C_MATERIAL:0.5051660587520328
C_MOVECOUNT:0.5078643579795858
C_PAWNMOVEMENT:0.5010597314722725
