ELO:973
CE_PASSEDPAWNS:0.5232234276840363
CE_PAWNWEAKNESSES:0.5064605811358218
CE_PIECEACTIVITY:0.48952217421373523
CE_KINGPAWNSHIELD:0.47014355303995126
CE_PIECECOORDINATION:0.49279225306172436
CE_MATERIAL:0.5411849346762047
CE_KINGSAFETY:0.49547120820296914
C_PIECESQUARETABLES:0.49736189849825907
C_MOBILITY:0.45553310181422263
C_KINGSAFETY:0.4879995503540034
C_PAWNSTRUCTURE:0.49095787034524035
C_PIECECOORDINATION:0.5014612054497067
C_ROOK:0.5051642794811249
CE_ROOK:0.5047040908777206
C_CENTERCONTROL:0.5138343435257751
C_DEVELOPPIECES:0.48138964996011196
C_MATERIAL:0.49938438303660515
C_MOVECOUNT:0.5209030639773299
C_PAWNMOVEMENT:0.48840942150815003
