ELO:949
CE_PASSEDPAWNS:0.4590492431489677
CE_PAWNWEAKNESSES:0.45380196434635983
CE_PIECEACTIVITY:0.4096439840819871
CE_KINGPAWNSHIELD:0.46449871983045316
CE_PIECECOORDINATION:0.4276757753079398
CE_MATERIAL:0.508561761082977
CE_KINGSAFETY:0.4850664284763729
C_PIECESQUARETABLES:0.48432375902034663
C_MOBILITY:0.5459146702667095
C_KINGSAFETY:0.4973437540563314
C_PAWNSTRUCTURE:0.565916345358427
C_PIECECOORDINATION:0.43422254610330263
C_ROOKANDPAWNMOVEMENT:0.43422254610330263
C_CENTERCONTROL:0.5000865898064731
C_DEVELOPPIECES:0.4483795967791541
C_MATERIAL:0.5199302850558415
