ELO:983
CE_PASSEDPAWNS:0.5162865205592864
CE_PAWNWEAKNESSES:0.48904040920089614
CE_PIECEACTIVITY:0.49905383549256527
CE_KINGPAWNSHIELD:0.4965964954586816
CE_PIECECOORDINATION:0.494565920719496
CE_MATERIAL:0.49414794971482423
CE_KINGSAFETY:0.5
C_PIECESQUARETABLES:0.5
C_MOBILITY:0.4968675602609013
C_KINGSAFETY:0.4924540278669477
C_PAWNSTRUCTURE:0.5048913578841103
C_PIECECOORDINATION:0.49789484162712394
C_ROOKANDPAWNMOVEMENT:0.49789484162712394
C_CENTERCONTROL:0.5075786626719148
C_DEVELOPPIECES:0.49622399298245
C_MATERIAL:0.5
C_MOVECOUNT:0.5048627994060594
