ELO:861
CE_PASSEDPAWNS:0.4923324390765027
CE_PAWNWEAKNESSES:0.43155032639831853
CE_PIECEACTIVITY:0.5561631719540193
CE_KINGPAWNSHIELD:0.494637840259722
CE_PIECECOORDINATION:0.5131517144164693
CE_MATERIAL:0.46745631742370575
CE_KINGSAFETY:0.5332888853538861
C_PIECESQUARETABLES:0.47816010894273175
C_MOBILITY:0.6204307510638092
C_KINGSAFETY:0.5037949385530636
C_PAWNSTRUCTURE:0.49976420020602885
C_PIECECOORDINATION:0.48446107922132187
C_ROOKANDPAWNMOVEMENT:0.48446107922132187
C_CENTERCONTROL:0.4911205007412839
C_DEVELOPPIECES:0.5369405648456707
C_MATERIAL:0.5384737408353163
C_MOVECOUNT:0.5
