ELO:731
CE_PASSEDPAWNS:0.5484679157192575
CE_PAWNWEAKNESSES:0.4775444902660347
CE_PIECEACTIVITY:0.49547501410652345
CE_KINGPAWNSHIELD:0.572463245824716
CE_PIECECOORDINATION:0.4911781519837016
CE_MATERIAL:0.4645358002547843
CE_KINGSAFETY:0.5421411927641312
C_PIECESQUARETABLES:0.45390030253934355
C_MOBILITY:0.5869646450435798
C_KINGSAFETY:0.43060931772670713
C_PAWNSTRUCTURE:0.49360498052946417
C_PIECECOORDINATION:0.5173832569837247
C_ROOKANDPAWNMOVEMENT:0.5173832569837247
C_CENTERCONTROL:0.4517662237185411
C_DEVELOPPIECES:0.5092633458072996
C_MATERIAL:0.4567471914305225
C_MOVECOUNT:0.5563477741166832
