ELO:853
CE_PASSEDPAWNS:0.4873199985646077
CE_PAWNWEAKNESSES:0.46827529993696604
CE_PIECEACTIVITY:0.4494797940987981
CE_KINGPAWNSHIELD:0.4162063736122291
CE_PIECECOORDINATION:0.5489823704691442
CE_MATERIAL:0.5512586548775269
CE_KINGSAFETY:0.49021487636058786
C_PIECESQUARETABLES:0.5
C_MOBILITY:0.46185742402739377
C_KINGSAFETY:0.49664811685949656
C_PAWNSTRUCTURE:0.534702595001469
C_PIECECOORDINATION:0.4955299787828182
C_ROOKANDPAWNMOVEMENT:0.4955299787828182
C_CENTERCONTROL:0.5713611657457635
C_DEVELOPPIECES:0.4721447635883789
C_MATERIAL:0.41123663928160703
C_MOVECOUNT:0.510609629023861
