ELO:782
CE_PASSEDPAWNS:0.49379006486201316
CE_PAWNWEAKNESSES:0.5090160601163279
CE_PIECEACTIVITY:0.47254347342550884
CE_KINGPAWNSHIELD:0.667252764014159
CE_PIECECOORDINATION:0.4859026719940845
CE_MATERIAL:0.4756651016436209
CE_KINGSAFETY:0.5533701019231458
C_PIECESQUARETABLES:0.4848242273967702
C_MOBILITY:0.5133318963091434
C_KINGSAFETY:0.5171970032129067
C_PAWNSTRUCTURE:0.5308479417563112
C_PIECECOORDINATION:0.46667094202289905
C_ROOKANDPAWNMOVEMENT:0.46667094202289905
C_CENTERCONTROL:0.44022476197350213
C_DEVELOPPIECES:0.5
C_MATERIAL:0.5637536683777888
C_MOVECOUNT:0.5762737083792524
