ELO:982
CE_PASSEDPAWNS:0.5321313620596123
CE_PAWNWEAKNESSES:0.5241066085082704
CE_PIECEACTIVITY:0.5021929828861769
CE_KINGPAWNSHIELD:0.48023294032208597
CE_PIECECOORDINATION:0.48977654744425914
CE_MATERIAL:0.5501775003233029
CE_KINGSAFETY:0.5038602026703131
C_PIECESQUARETABLES:0.501336635664663
C_MOBILITY:0.44541579655778885
C_KINGSAFETY:0.48259016505026064
C_PAWNSTRUCTURE:0.4808220238922785
C_PIECECOORDINATION:0.495062781540062
C_ROOK:0.5012740187375017
CE_ROOK:0.49774627604720567
C_CENTERCONTROL:0.5018713660626462
C_DEVELOPPIECES:0.471863343253152
C_MATERIAL:0.514328321171696
C_MOVECOUNT:0.4947589771546109
C_PAWNMOVEMENT:0.5104013852228009
