ELO:983
CE_PASSEDPAWNS:0.5289560998461622
CE_PAWNWEAKNESSES:0.5009054129483917
CE_PIECEACTIVITY:0.5192890219614664
CE_KINGPAWNSHIELD:0.48992852923573316
CE_PIECECOORDINATION:0.4982405860243931
CE_MATERIAL:0.5106355513571783
CE_KINGSAFETY:0.49446792415470886
C_PIECESQUARETABLES:0.5031014348510996
C_MOBILITY:0.5100433348839686
C_KINGSAFETY:0.48970787979913244
C_PAWNSTRUCTURE:0.495155102100252
C_PIECECOORDINATION:0.514841604885908
C_ROOK:0.5000136176187575
CE_ROOK:0.5128598702591011
C_CENTERCONTROL:0.4968222780817467
C_DEVELOPPIECES:0.5096183937026209
C_MATERIAL:0.5108303463752708
C_MOVECOUNT:0.5
C_PAWNMOVEMENT:0.5052436477192518
