ELO:901
CE_PASSEDPAWNS:0.44076656555593596
CE_PAWNWEAKNESSES:0.590401954066924
CE_PIECEACTIVITY:0.5078610644150819
CE_KINGPAWNSHIELD:0.5095714852845753
CE_PIECECOORDINATION:0.5033906010330692
CE_MATERIAL:0.3610795410711428
CE_KINGSAFETY:0.5093193684333848
C_PIECESQUARETABLES:0.46139681196338855
C_MOBILITY:0.43622229255945655
C_KINGSAFETY:0.5448650840706655
C_PAWNSTRUCTURE:0.43950818167427796
C_PIECECOORDINATION:0.5370867649567481
C_ROOKANDPAWNMOVEMENT:0.5370867649567481
C_CENTERCONTROL:0.46959736773751326
C_DEVELOPPIECES:0.48431517508280936
C_MATERIAL:0.44419299118800254
