ELO:940
CE_PASSEDPAWNS:0.5079188547585025
CE_PAWNWEAKNESSES:0.454566378581082
CE_PIECEACTIVITY:0.4735552206136907
CE_KINGPAWNSHIELD:0.47416465204750124
CE_PIECECOORDINATION:0.5085533703952261
CE_MATERIAL:0.5112409686972246
CE_KINGSAFETY:0.5039529685726148
C_PIECESQUARETABLES:0.48973077383089114
C_MOBILITY:0.4618643668951324
C_KINGSAFETY:0.5
C_PAWNSTRUCTURE:0.5041680781918884
C_PIECECOORDINATION:0.4876356509244569
C_ROOKANDPAWNMOVEMENT:0.4876356509244569
C_CENTERCONTROL:0.5567107559090657
C_DEVELOPPIECES:0.5070261975332446
C_MATERIAL:0.5359631244010992
C_MOVECOUNT:0.5
