ELO:914
CE_PASSEDPAWNS:0.4069741660199637
CE_PAWNWEAKNESSES:0.5898356505445836
CE_PIECEACTIVITY:0.48648404266308326
CE_KINGPAWNSHIELD:0.49671402246063096
CE_PIECECOORDINATION:0.5388419951953799
CE_MATERIAL:0.3552184567295201
CE_KINGSAFETY:0.45471825036714014
C_PIECESQUARETABLES:0.4910806957623646
C_MOBILITY:0.44805838621595023
C_KINGSAFETY:0.5578140819279119
C_PAWNSTRUCTURE:0.4421169771546447
C_PIECECOORDINATION:0.5186942994302883
C_ROOKANDPAWNMOVEMENT:0.5186942994302883
C_CENTERCONTROL:0.47325065726898324
C_DEVELOPPIECES:0.49455264666533105
C_MATERIAL:0.465932433189635
