ELO:969
CE_PASSEDPAWNS:0.4931217708188072
CE_PAWNWEAKNESSES:0.48397321030848733
CE_PIECEACTIVITY:0.49152511635713364
CE_KINGPAWNSHIELD:0.486681551366168
CE_PIECECOORDINATION:0.5259574411191082
CE_MATERIAL:0.45369825452738693
CE_KINGSAFETY:0.511235412332893
C_PIECESQUARETABLES:0.5
C_MOBILITY:0.5041229135375137
C_KINGSAFETY:0.5149952894743394
C_PAWNSTRUCTURE:0.49621908148245825
C_PIECECOORDINATION:0.4996562187526191
C_ROOKANDPAWNMOVEMENT:0.4996562187526191
C_CENTERCONTROL:0.5004565772607609
C_DEVELOPPIECES:0.48972710851622886
C_MATERIAL:0.4924017095617681
C_MOVECOUNT:0.5176952171163473
