ELO:976
CE_PASSEDPAWNS:0.48179955716881073
CE_PAWNWEAKNESSES:0.5052508358445256
CE_PIECEACTIVITY:0.48534839907474037
CE_KINGPAWNSHIELD:0.5006861807469798
CE_PIECECOORDINATION:0.5305980407587025
CE_MATERIAL:0.3691998772627531
CE_KINGSAFETY:0.5154855783821275
C_PIECESQUARETABLES:0.4571890346476824
C_MOBILITY:0.41176454771900123
C_KINGSAFETY:0.49727040575475306
C_PAWNSTRUCTURE:0.5119135237907996
C_PIECECOORDINATION:0.5738976459384209
C_ROOKANDPAWNMOVEMENT:0.5738976459384209
C_CENTERCONTROL:0.5339744965133656
C_DEVELOPPIECES:0.50838380599403
C_MATERIAL:0.4288893070664882
