ELO:1039
CE_PASSEDPAWNS:0.5
CE_PAWNWEAKNESSES:0.5036977512268943
CE_PIECEACTIVITY:0.5
CE_KINGPAWNSHIELD:0.5
CE_PIECECOORDINATION:0.5
CE_MATERIAL:0.49248892948634104
CE_KINGSAFETY:0.5
C_PIECESQUARETABLES:0.5
C_MOBILITY:0.5
C_KINGSAFETY:0.5069747514965638
C_PAWNSTRUCTURE:0.5
C_PIECECOORDINATION:0.49433819567698795
C_ROOKANDPAWNMOVEMENT:0.49433819567698795
C_CENTERCONTROL:0.5
C_DEVELOPPIECES:0.5
C_MATERIAL:0.5
C_MOVECOUNT:0.5
