ELO:900
CE_PASSEDPAWNS:0.5000050674786206
CE_PAWNWEAKNESSES:0.48037309134208134
CE_PIECEACTIVITY:0.5089190162610251
CE_KINGPAWNSHIELD:0.4887259029721216
CE_PIECECOORDINATION:0.5141305957116029
CE_MATERIAL:0.5157440589519683
CE_KINGSAFETY:0.4831177274992123
C_PIECESQUARETABLES:0.5091437844033472
C_MOBILITY:0.4786108102002043
C_KINGSAFETY:0.4997819600732008
C_PAWNSTRUCTURE:0.45290631190718933
C_PIECECOORDINATION:0.5078862370043524
C_ROOKANDPAWNMOVEMENT:0.5078862370043524
C_CENTERCONTROL:0.5400487658870385
C_DEVELOPPIECES:0.5085147781579731
C_MATERIAL:0.5242002836699381
C_MOVECOUNT:0.5
