ELO:955
CE_PASSEDPAWNS:0.49169742147887013
CE_PAWNWEAKNESSES:0.4918247780054183
CE_PIECEACTIVITY:0.5479846269820804
CE_KINGPAWNSHIELD:0.5063485284269815
CE_PIECECOORDINATION:0.44379921919190823
CE_MATERIAL:0.5001734175825434
CE_KINGSAFETY:0.5100068884794895
C_PIECESQUARETABLES:0.5216637885766706
C_MOBILITY:0.5168817270416299
C_KINGSAFETY:0.47562009089199053
C_PAWNSTRUCTURE:0.5359102851378154
C_PIECECOORDINATION:0.5334709449716136
C_ROOKANDPAWNMOVEMENT:0.5334709449716136
C_CENTERCONTROL:0.48971704542234906
C_DEVELOPPIECES:0.4880949245116066
C_MATERIAL:0.48581930760408815
C_MOVECOUNT:0.5156908874965674
