ELO:1000
CE_PASSEDPAWNS:0.4317202246273347
CE_PAWNWEAKNESSES:0.5980320153379033
CE_PIECEACTIVITY:0.4298939827560018
CE_KINGPAWNSHIELD:0.5264471070064985
CE_PIECECOORDINATION:0.5062607596541304
CE_MATERIAL:0.5308357103099686
CE_KINGSAFETY:0.5624006930307606
C_PIECESQUARETABLES:0.5896126659033447
C_MOBILITY:0.5449645642076086
C_KINGSAFETY:0.5542888565216708
C_PAWNSTRUCTURE:0.523133907365482
C_PIECECOORDINATION:0.5068511675183334
C_ROOKANDPAWNMOVEMENT:0.5068511675183334
C_CENTERCONTROL:0.4748905282955832
C_DEVELOPPIECES:0.4553043384469198
C_MATERIAL:0.5022374275857825
