ELO:1000
CE_PASSEDPAWNS:0.48181684677617564
CE_PAWNWEAKNESSES:0.5436532873391191
CE_PIECEACTIVITY:0.4743844757066776
CE_KINGPAWNSHIELD:0.508826989661242
CE_PIECECOORDINATION:0.5029953576673711
CE_MATERIAL:0.5102681874475952
CE_KINGSAFETY:0.5038456782022425
C_PIECESQUARETABLES:0.5078448857104457
C_MOBILITY:0.5196355913317697
C_KINGSAFETY:0.531443439356988
C_PAWNSTRUCTURE:0.48618391938242517
C_PIECECOORDINATION:0.4960176346625582
C_ROOKANDPAWNMOVEMENT:0.4960176346625582
C_CENTERCONTROL:0.5077242111134862
C_DEVELOPPIECES:0.4818387011142578
C_MATERIAL:0.5206335621076946
