ELO:1044
CE_PASSEDPAWNS:0.5
CE_PAWNWEAKNESSES:0.5107600712424291
CE_PIECEACTIVITY:0.5
CE_KINGPAWNSHIELD:0.5
CE_PIECECOORDINATION:0.5
CE_MATERIAL:0.5114571000542131
CE_KINGSAFETY:0.5
C_PIECESQUARETABLES:0.4905317887919541
C_MOBILITY:0.5119950239966857
C_KINGSAFETY:0.5095266029758425
C_PAWNSTRUCTURE:0.5
C_PIECECOORDINATION:0.5
C_ROOKANDPAWNMOVEMENT:0.5
C_CENTERCONTROL:0.48793335003489674
C_DEVELOPPIECES:0.5
C_MATERIAL:0.4891404652241363
C_MOVECOUNT:0.5
