ELO:995
CE_PASSEDPAWNS:0.49519757172869217
CE_PAWNWEAKNESSES:0.45939099828394386
CE_PIECEACTIVITY:0.5142378228117285
CE_KINGPAWNSHIELD:0.5055323913119567
CE_PIECECOORDINATION:0.47974565040473954
CE_MATERIAL:0.4440882108930032
CE_KINGSAFETY:0.5
C_PIECESQUARETABLES:0.5
C_MOBILITY:0.491463318346158
C_KINGSAFETY:0.4975638498013223
C_PAWNSTRUCTURE:0.47590635933089115
C_PIECECOORDINATION:0.49510098843937456
C_ROOKANDPAWNMOVEMENT:0.49510098843937456
C_CENTERCONTROL:0.531555575682425
C_DEVELOPPIECES:0.501140068744439
C_MATERIAL:0.48379275883920675
C_MOVECOUNT:0.5115304744349765
