ELO:967
CE_PASSEDPAWNS:0.4884329465413175
CE_PAWNWEAKNESSES:0.46086442171856556
CE_PIECEACTIVITY:0.5350474262973133
CE_KINGPAWNSHIELD:0.5132535811951585
CE_PIECECOORDINATION:0.46445197685762163
CE_MATERIAL:0.5024423796754784
CE_KINGSAFETY:0.5115671416134463
C_PIECESQUARETABLES:0.4796327108447375
C_MOBILITY:0.5
C_KINGSAFETY:0.5
C_PAWNSTRUCTURE:0.5316898252848397
C_PIECECOORDINATION:0.5273983331336507
C_ROOKANDPAWNMOVEMENT:0.5273983331336507
C_CENTERCONTROL:0.505536497757299
C_DEVELOPPIECES:0.5022361346127661
C_MATERIAL:0.4776920883680677
C_MOVECOUNT:0.5
