ELO:994
CE_PASSEDPAWNS:0.4724733794550376
CE_PAWNWEAKNESSES:0.5093212056161905
CE_PIECEACTIVITY:0.5254600814258215
CE_KINGPAWNSHIELD:0.45115882362278625
CE_PIECECOORDINATION:0.48810417667383504
CE_MATERIAL:0.49995787608471026
CE_KINGSAFETY:0.5016213102671665
C_PIECESQUARETABLES:0.49286624477309743
C_MOBILITY:0.4798980388442835
C_KINGSAFETY:0.5111998500732257
C_PAWNSTRUCTURE:0.5939476945378573
C_PIECECOORDINATION:0.6012142981449556
C_ROOKANDPAWNMOVEMENT:0.6012142981449556
C_CENTERCONTROL:0.5055045474065715
C_DEVELOPPIECES:0.5472979415111687
C_MATERIAL:0.5058156272743157
