ELO:863
CE_PASSEDPAWNS:0.4980524284641721
CE_PAWNWEAKNESSES:0.4506350271443781
CE_PIECEACTIVITY:0.40441257438348854
CE_KINGPAWNSHIELD:0.39161529302742215
CE_PIECECOORDINATION:0.3840038870734981
CE_MATERIAL:0.5123406356817463
CE_KINGSAFETY:0.5655753198100277
C_PIECESQUARETABLES:0.4600862034205855
C_MOBILITY:0.5191815184637513
C_KINGSAFETY:0.4734269450611875
C_PAWNSTRUCTURE:0.5650932782069188
C_PIECECOORDINATION:0.45716176445836465
C_ROOKANDPAWNMOVEMENT:0.45716176445836465
C_CENTERCONTROL:0.46862023297449157
C_DEVELOPPIECES:0.39599397259802355
C_MATERIAL:0.4753710654166238
