ELO:1053
CE_PASSEDPAWNS:0.5
CE_PAWNWEAKNESSES:0.5104602028132349
CE_PIECEACTIVITY:0.5
CE_KINGPAWNSHIELD:0.5
CE_PIECECOORDINATION:0.5005018364105127
CE_MATERIAL:0.5
CE_KINGSAFETY:0.5
C_PIECESQUARETABLES:0.5
C_MOBILITY:0.5
C_KINGSAFETY:0.49467298267621646
C_PAWNSTRUCTURE:0.5
C_PIECECOORDINATION:0.4905234671318576
C_ROOKANDPAWNMOVEMENT:0.4905234671318576
C_CENTERCONTROL:0.4769953124485803
C_DEVELOPPIECES:0.5061370550085625
C_MATERIAL:0.5
C_MOVECOUNT:0.5
