ELO:786
CE_PASSEDPAWNS:0.46406705276886095
CE_PAWNWEAKNESSES:0.4943722969398931
CE_PIECEACTIVITY:0.3620254884212953
CE_KINGPAWNSHIELD:0.4001859309985631
CE_PIECECOORDINATION:0.4006768772452474
CE_MATERIAL:0.5370757688447898
CE_KINGSAFETY:0.5193091959128848
C_PIECESQUARETABLES:0.48517764950928277
C_MOBILITY:0.5758407616358722
C_KINGSAFETY:0.4891777541876221
C_PAWNSTRUCTURE:0.5407163457235877
C_PIECECOORDINATION:0.4966021135359043
C_ROOKANDPAWNMOVEMENT:0.4966021135359043
C_CENTERCONTROL:0.470334415486969
C_DEVELOPPIECES:0.39592084571313263
C_MATERIAL:0.4530285553379538
