ELO:943
CE_PASSEDPAWNS:0.4716025266833437
CE_PAWNWEAKNESSES:0.5506658574382377
CE_PIECEACTIVITY:0.5179337135102398
CE_KINGPAWNSHIELD:0.5219633211068284
CE_PIECECOORDINATION:0.5293479120187313
CE_MATERIAL:0.3747117992236798
CE_KINGSAFETY:0.5131701682892089
C_PIECESQUARETABLES:0.4852731535285473
C_MOBILITY:0.3931647850379772
C_KINGSAFETY:0.5237055470984279
C_PAWNSTRUCTURE:0.4814223189805432
C_PIECECOORDINATION:0.52887930974697
C_ROOKANDPAWNMOVEMENT:0.52887930974697
C_CENTERCONTROL:0.5124466049344336
C_DEVELOPPIECES:0.4868845091586307
C_MATERIAL:0.43717462117867406
