ELO:989
CE_PASSEDPAWNS:0.37183492934898726
CE_PAWNWEAKNESSES:0.5283855813656917
CE_PIECEACTIVITY:0.5587635063824522
CE_KINGPAWNSHIELD:0.47406409091664625
CE_PIECECOORDINATION:0.48130364929041825
CE_MATERIAL:0.5092893002002773
CE_KINGSAFETY:0.49612115954337394
C_PIECESQUARETABLES:0.4876952377550854
C_MOBILITY:0.5102507542125971
C_KINGSAFETY:0.5594239720260957
C_PAWNSTRUCTURE:0.3344983936010981
C_PIECECOORDINATION:0.49372721599142616
C_ROOKANDPAWNMOVEMENT:0.49372721599142616
C_CENTERCONTROL:0.35488331713916
C_DEVELOPPIECES:0.475073352821823
C_MATERIAL:0.6921250516996714
