ELO:992
CE_PASSEDPAWNS:0.4890496999189199
CE_PAWNWEAKNESSES:0.5
CE_PIECEACTIVITY:0.5
CE_KINGPAWNSHIELD:0.5
CE_PIECECOORDINATION:0.48464298584423104
CE_MATERIAL:0.5
CE_KINGSAFETY:0.5
C_PIECESQUARETABLES:0.5
C_MOBILITY:0.5053430782932701
C_KINGSAFETY:0.4843255764391748
C_PAWNSTRUCTURE:0.5121353293000059
C_PIECECOORDINATION:0.4952043162428092
C_ROOKANDPAWNMOVEMENT:0.4952043162428092
C_CENTERCONTROL:0.4479033668148358
C_DEVELOPPIECES:0.5061370550085625
C_MATERIAL:0.49831507192468644
C_MOVECOUNT:0.5
