ELO:899
CE_PASSEDPAWNS:0.4889890711506394
CE_PAWNWEAKNESSES:0.49406829065548824
CE_PIECEACTIVITY:0.513974443425596
CE_KINGPAWNSHIELD:0.4887259029721216
CE_PIECECOORDINATION:0.480188846211349
CE_MATERIAL:0.5327527518774559
CE_KINGSAFETY:0.4911155020520524
C_PIECESQUARETABLES:0.4943227740172555
C_MOBILITY:0.46510991095055026
C_KINGSAFETY:0.501739582509678
C_PAWNSTRUCTURE:0.45127845256709387
C_PIECECOORDINATION:0.508906084706369
C_ROOKANDPAWNMOVEMENT:0.508906084706369
C_CENTERCONTROL:0.5450915661486017
C_DEVELOPPIECES:0.5111384629150381
C_MATERIAL:0.523065061700447
C_MOVECOUNT:0.5
