ELO:1018
CE_PASSEDPAWNS:0.510753886324999
CE_PAWNWEAKNESSES:0.4923397671776005
CE_PIECEACTIVITY:0.5
CE_KINGPAWNSHIELD:0.48802001881015894
CE_PIECECOORDINATION:0.5
CE_MATERIAL:0.4943622185428748
CE_KINGSAFETY:0.5109955823860757
C_PIECESQUARETABLES:0.5102961603216588
C_MOBILITY:0.5079818806704416
C_KINGSAFETY:0.5
C_PAWNSTRUCTURE:0.5092837723954835
C_PIECECOORDINATION:0.4885900952972578
C_ROOKANDPAWNMOVEMENT:0.4885900952972578
C_CENTERCONTROL:0.48661436596350505
C_DEVELOPPIECES:0.5172848603194661
C_MATERIAL:0.4827163658819807
