ELO:987
CE_PASSEDPAWNS:0.5036307878868111
CE_PAWNWEAKNESSES:0.5268437846969595
CE_PIECEACTIVITY:0.5036025187661213
CE_KINGPAWNSHIELD:0.4507183481704379
CE_PIECECOORDINATION:0.5309374804812022
CE_MATERIAL:0.5144121191243327
CE_KINGSAFETY:0.5
C_PIECESQUARETABLES:0.5
C_MOBILITY:0.5336001281886635
C_KINGSAFETY:0.478854217881378
C_PAWNSTRUCTURE:0.4925946136719331
C_PIECECOORDINATION:0.4772679608433942
C_ROOK:0.5003318912012706
CE_ROOK:0.5393719721781679
C_CENTERCONTROL:0.5078548078576125
C_DEVELOPPIECES:0.527339437508028
C_MATERIAL:0.5149368980010848
C_MOVECOUNT:0.5141809455062772
C_PAWNMOVEMENT:0.47916395323726246
