ELO:987
CE_PASSEDPAWNS:0.4791544896804488
CE_PAWNWEAKNESSES:0.5075562675141271
CE_PIECEACTIVITY:0.5
CE_KINGPAWNSHIELD:0.5048615046998544
CE_PIECECOORDINATION:0.5187641594383401
CE_MATERIAL:0.5
CE_KINGSAFETY:0.5113171385944401
C_PIECESQUARETABLES:0.5099143175619099
C_MOBILITY:0.515327171217498
C_KINGSAFETY:0.480075849216762
C_PAWNSTRUCTURE:0.4971448259179796
C_PIECECOORDINATION:0.49583954549363285
C_ROOKANDPAWNMOVEMENT:0.49583954549363285
C_CENTERCONTROL:0.49966695099031755
C_DEVELOPPIECES:0.4975570511424187
C_MATERIAL:0.5159602382882196
C_MOVECOUNT:0.48705731258468044
