ELO:935
CE_PASSEDPAWNS:0.4754154754118919
CE_PAWNWEAKNESSES:0.5506658574382377
CE_PIECEACTIVITY:0.5325398741613022
CE_KINGPAWNSHIELD:0.5159782173122083
CE_PIECECOORDINATION:0.5151448572494424
CE_MATERIAL:0.3848773235052019
CE_KINGSAFETY:0.5126340767007379
C_PIECESQUARETABLES:0.4806449183620162
C_MOBILITY:0.40097744223858917
C_KINGSAFETY:0.5316556043150293
C_PAWNSTRUCTURE:0.47219104862645433
C_PIECECOORDINATION:0.5203903459750667
C_ROOKANDPAWNMOVEMENT:0.5203903459750667
C_CENTERCONTROL:0.5034896892626474
C_DEVELOPPIECES:0.4939942269923453
C_MATERIAL:0.4412435125299578
