ELO:1005
CE_PASSEDPAWNS:0.5140372531184866
CE_PAWNWEAKNESSES:0.5175208877721109
CE_PIECEACTIVITY:0.49733231679523277
CE_KINGPAWNSHIELD:0.4855567023778074
CE_PIECECOORDINATION:0.4980434339206721
CE_MATERIAL:0.5045228684273555
CE_KINGSAFETY:0.5092712505505488
C_PIECESQUARETABLES:0.5
C_MOBILITY:0.5134960902018061
C_KINGSAFETY:0.46549251813746473
C_PAWNSTRUCTURE:0.5065776296545235
C_PIECECOORDINATION:0.5212937570679573
C_ROOK:0.4822587510033072
CE_ROOK:0.49462461461644436
C_CENTERCONTROL:0.5359882418433312
C_DEVELOPPIECES:0.4883239352801976
C_MATERIAL:0.5009285379404309
C_MOVECOUNT:0.5621063174791173
C_PAWNMOVEMENT:0.5133232943034615
