ELO:919
CE_PASSEDPAWNS:0.4967416824119654
CE_PAWNWEAKNESSES:0.4382163780785819
CE_PIECEACTIVITY:0.39221560961597673
CE_KINGPAWNSHIELD:0.40805117665894775
CE_PIECECOORDINATION:0.3850370949694294
CE_MATERIAL:0.5032933291460137
CE_KINGSAFETY:0.5655753198100277
C_PIECESQUARETABLES:0.4681548093513198
C_MOBILITY:0.5119203457782825
C_KINGSAFETY:0.45612398635261636
C_PAWNSTRUCTURE:0.5629937952872651
C_PIECECOORDINATION:0.46408977468187507
C_ROOKANDPAWNMOVEMENT:0.46408977468187507
C_CENTERCONTROL:0.4655893737220068
C_DEVELOPPIECES:0.39599397259802355
C_MATERIAL:0.49449567319452786
