ELO:929
CE_PASSEDPAWNS:0.4730294162177857
CE_PAWNWEAKNESSES:0.4322469710273774
CE_PIECEACTIVITY:0.43262693712437994
CE_KINGPAWNSHIELD:0.45258707155947697
CE_PIECECOORDINATION:0.4095513628796722
CE_MATERIAL:0.5147757129243244
CE_KINGSAFETY:0.4688361758984706
C_PIECESQUARETABLES:0.5033299748004549
C_MOBILITY:0.5435624546991016
C_KINGSAFETY:0.4467385819087271
C_PAWNSTRUCTURE:0.5486183769318027
C_PIECECOORDINATION:0.4290080725064312
C_ROOKANDPAWNMOVEMENT:0.4290080725064312
C_CENTERCONTROL:0.5004670050326125
C_DEVELOPPIECES:0.42363521189890935
C_MATERIAL:0.5084296788258557
