ELO:953
CE_PASSEDPAWNS:0.49786878375765925
CE_PAWNWEAKNESSES:0.492254416850854
CE_PIECEACTIVITY:0.5298719731035189
CE_KINGPAWNSHIELD:0.5134449888949707
CE_PIECECOORDINATION:0.5022898664147393
CE_MATERIAL:0.5098803190765061
CE_KINGSAFETY:0.5049448063841123
C_PIECESQUARETABLES:0.5125643559784419
C_MOBILITY:0.5081000349411235
C_KINGSAFETY:0.5418108033829786
C_PAWNSTRUCTURE:0.5182549580605921
C_PIECECOORDINATION:0.5468557806348828
C_ROOKANDPAWNMOVEMENT:0.5468557806348828
C_CENTERCONTROL:0.5013310086106091
C_DEVELOPPIECES:0.5002978732142143
C_MATERIAL:0.4826293274600824
C_MOVECOUNT:0.5
