ELO:879
CE_PASSEDPAWNS:0.5042133883671456
CE_PAWNWEAKNESSES:0.418786478700723
CE_PIECEACTIVITY:0.4056223881001201
CE_KINGPAWNSHIELD:0.403576411477161
CE_PIECECOORDINATION:0.3784852410061017
CE_MATERIAL:0.4908531086711422
CE_KINGSAFETY:0.5121406906731156
C_PIECESQUARETABLES:0.48052676340502803
C_MOBILITY:0.5156839086024382
C_KINGSAFETY:0.443791257377157
C_PAWNSTRUCTURE:0.5512482204382333
C_PIECECOORDINATION:0.44146798886055255
C_ROOKANDPAWNMOVEMENT:0.44146798886055255
C_CENTERCONTROL:0.4910770193843584
C_DEVELOPPIECES:0.4186130710851806
C_MATERIAL:0.4926770927270584
