ELO:963
CE_PASSEDPAWNS:0.5000232627681324
CE_PAWNWEAKNESSES:0.5187943815883153
CE_PIECEACTIVITY:0.4561192579425318
CE_KINGPAWNSHIELD:0.503534169449206
CE_PIECECOORDINATION:0.49232824482062354
CE_MATERIAL:0.5738984118380439
CE_KINGSAFETY:0.48755948885427725
C_PIECESQUARETABLES:0.4833436666554548
C_MOBILITY:0.5158179371170926
C_KINGSAFETY:0.5089178715379957
C_PAWNSTRUCTURE:0.5501415376650002
C_PIECECOORDINATION:0.5429991713265253
C_ROOKANDPAWNMOVEMENT:0.5429991713265253
C_CENTERCONTROL:0.5223210745381729
C_DEVELOPPIECES:0.48829727878624984
C_MATERIAL:0.471359086176112
C_MOVECOUNT:0.5283558996981418
