ELO:989
CE_PASSEDPAWNS:0.47992319602692296
CE_PAWNWEAKNESSES:0.47101377107387243
CE_PIECEACTIVITY:0.46292640261367063
CE_KINGPAWNSHIELD:0.4632852696956055
CE_PIECECOORDINATION:0.45969665133902377
CE_MATERIAL:0.4530324154152776
CE_KINGSAFETY:0.5087222814465457
C_PIECESQUARETABLES:0.48080900864027315
C_MOBILITY:0.5061149998897778
C_KINGSAFETY:0.5416252343589075
C_PAWNSTRUCTURE:0.5762576906616205
C_PIECECOORDINATION:0.46061106488251036
C_ROOKANDPAWNMOVEMENT:0.46061106488251036
C_CENTERCONTROL:0.5123228094875305
C_DEVELOPPIECES:0.4983171084297357
C_MATERIAL:0.55001244563258
