ELO:1000
CE_PASSEDPAWNS:0.5409751358761572
CE_PAWNWEAKNESSES:0.5073537754647046
CE_PIECEACTIVITY:0.5361357019960471
CE_KINGPAWNSHIELD:0.49021024106624683
CE_PIECECOORDINATION:0.5206138034905975
CE_MATERIAL:0.5159501165309573
CE_KINGSAFETY:0.5323777359262635
C_PIECESQUARETABLES:0.5043497278041504
C_MOBILITY:0.4814807708037285
C_KINGSAFETY:0.4881623754277521
C_PAWNSTRUCTURE:0.4828121580827149
C_PIECECOORDINATION:0.5394926335546613
C_ROOKANDPAWNMOVEMENT:0.5394926335546613
C_CENTERCONTROL:0.504016546204141
C_DEVELOPPIECES:0.555581391091563
C_MATERIAL:0.48808039123627706
