ELO:1000
CE_PASSEDPAWNS:0.4785172673680203
CE_PAWNWEAKNESSES:0.54911741308779
CE_PIECEACTIVITY:0.4645341394325295
CE_KINGPAWNSHIELD:0.5073640971083626
CE_PIECECOORDINATION:0.5181037202830931
CE_MATERIAL:0.5124120754005805
CE_KINGSAFETY:0.5117031639966196
C_PIECESQUARETABLES:0.5226142033302598
C_MOBILITY:0.5264682939575845
C_KINGSAFETY:0.5245731541202634
C_PAWNSTRUCTURE:0.47822995880930425
C_PIECECOORDINATION:0.516454191920798
C_ROOKANDPAWNMOVEMENT:0.516454191920798
C_CENTERCONTROL:0.48620320288195257
C_DEVELOPPIECES:0.4869609560973672
C_MATERIAL:0.5003236108168219
