ELO:1009
CE_PASSEDPAWNS:0.4345547912571249
CE_PAWNWEAKNESSES:0.4803905233333389
CE_PIECEACTIVITY:0.5428316472307099
CE_KINGPAWNSHIELD:0.5499353546438561
CE_PIECECOORDINATION:0.6262147952559561
CE_MATERIAL:0.44904326466788286
CE_KINGSAFETY:0.48828173823897547
C_PIECESQUARETABLES:0.5
C_MOBILITY:0.4284923773619964
C_KINGSAFETY:0.3987894665517341
C_PAWNSTRUCTURE:0.5236539393777886
C_PIECECOORDINATION:0.5139712903685117
C_ROOKANDPAWNMOVEMENT:0.5139712903685117
C_CENTERCONTROL:0.4317520890550942
C_DEVELOPPIECES:0.45136560834642747
C_MATERIAL:0.5115727430264942
