ELO:936
CE_PASSEDPAWNS:0.442183998372958
CE_PAWNWEAKNESSES:0.535809746295841
CE_PIECEACTIVITY:0.4756244201655078
CE_KINGPAWNSHIELD:0.5424125545363031
CE_PIECECOORDINATION:0.4512401739663916
CE_MATERIAL:0.38512004588215504
CE_KINGSAFETY:0.45602109544547875
C_PIECESQUARETABLES:0.48551991365012603
C_MOBILITY:0.5009579815491761
C_KINGSAFETY:0.5533453905859466
C_PAWNSTRUCTURE:0.4423670659242463
C_PIECECOORDINATION:0.6539971460372671
C_ROOKANDPAWNMOVEMENT:0.6539971460372671
C_CENTERCONTROL:0.5902271430407854
C_DEVELOPPIECES:0.5534652624362771
C_MATERIAL:0.4732291843354167
