ELO:962
CE_PASSEDPAWNS:0.5573760692413832
CE_PAWNWEAKNESSES:0.47380512983993783
CE_PIECEACTIVITY:0.5293949558005155
CE_KINGPAWNSHIELD:0.5223442473260933
CE_PIECECOORDINATION:0.501214979506139
CE_MATERIAL:0.4950297074125339
CE_KINGSAFETY:0.5155954473436991
C_PIECESQUARETABLES:0.5003653009171188
C_MOBILITY:0.5091832738931675
C_KINGSAFETY:0.48076450550786515
C_PAWNSTRUCTURE:0.5100920181079437
C_PIECECOORDINATION:0.5162648164662698
C_ROOKANDPAWNMOVEMENT:0.5162648164662698
C_CENTERCONTROL:0.5105303231157338
C_DEVELOPPIECES:0.45145471146195326
C_MATERIAL:0.5181955850922343
C_MOVECOUNT:0.49652178732438235
