ELO:997
CE_PASSEDPAWNS:0.4596267303967314
CE_PAWNWEAKNESSES:0.522159024388032
CE_PIECEACTIVITY:0.4805749697435672
CE_KINGPAWNSHIELD:0.5287383489163601
CE_PIECECOORDINATION:0.5112740022941931
CE_MATERIAL:0.5040607744168634
CE_KINGSAFETY:0.5
C_PIECESQUARETABLES:0.4955507716116805
C_MOBILITY:0.49297837706886527
C_KINGSAFETY:0.5343697061537163
C_PAWNSTRUCTURE:0.5141135071285825
C_PIECECOORDINATION:0.5044583000781674
C_ROOKANDPAWNMOVEMENT:0.5044583000781674
C_CENTERCONTROL:0.5127467886680224
C_DEVELOPPIECES:0.49460702943346047
C_MATERIAL:0.49093146881102456
C_MOVECOUNT:0.5
