ELO:1046
CE_PASSEDPAWNS:0.4901504024896148
CE_PAWNWEAKNESSES:0.5167718636385193
CE_PIECEACTIVITY:0.5
CE_KINGPAWNSHIELD:0.4981825456942756
CE_PIECECOORDINATION:0.5096731799647222
CE_MATERIAL:0.5010318229552954
CE_KINGSAFETY:0.5
C_PIECESQUARETABLES:0.5
C_MOBILITY:0.5
C_KINGSAFETY:0.5082040557432979
C_PAWNSTRUCTURE:0.5
C_PIECECOORDINATION:0.48950949681135203
C_ROOKANDPAWNMOVEMENT:0.48950949681135203
C_CENTERCONTROL:0.5
C_DEVELOPPIECES:0.5
C_MATERIAL:0.5083940027498737
C_MOVECOUNT:0.5
