ELO:938
CE_PASSEDPAWNS:0.4459980170665933
CE_PAWNWEAKNESSES:0.4428738821443549
CE_PIECEACTIVITY:0.48177777852409015
CE_KINGPAWNSHIELD:0.5498849301370867
CE_PIECECOORDINATION:0.6081878222502327
CE_MATERIAL:0.421896670205111
CE_KINGSAFETY:0.4989172257583728
C_PIECESQUARETABLES:0.5097877085370327
C_MOBILITY:0.415218027087911
C_KINGSAFETY:0.4020919330563726
C_PAWNSTRUCTURE:0.4663454273700291
C_PIECECOORDINATION:0.4799485435017497
C_ROOKANDPAWNMOVEMENT:0.4799485435017497
C_CENTERCONTROL:0.3953014106771917
C_DEVELOPPIECES:0.4192584089343427
C_MATERIAL:0.509501609373956
