ELO:956
CE_PASSEDPAWNS:0.6066949994864951
CE_PAWNWEAKNESSES:0.41409564748651273
CE_PIECEACTIVITY:0.46129341024516546
CE_KINGPAWNSHIELD:0.4859253128264291
CE_PIECECOORDINATION:0.5474816762245737
CE_MATERIAL:0.464838233527994
CE_KINGSAFETY:0.5231581783615452
C_PIECESQUARETABLES:0.5
C_MOBILITY:0.35609876143860647
C_KINGSAFETY:0.47645619312333176
C_PAWNSTRUCTURE:0.6301195431488161
C_PIECECOORDINATION:0.5481637085281111
C_ROOKANDPAWNMOVEMENT:0.5481637085281111
C_CENTERCONTROL:0.5214707009552172
C_DEVELOPPIECES:0.46385427206257546
C_MATERIAL:0.44059289016399744
