ELO:1019
CE_PASSEDPAWNS:0.5106875221937323
CE_PAWNWEAKNESSES:0.5
CE_PIECEACTIVITY:0.5
CE_KINGPAWNSHIELD:0.4976362185171052
CE_PIECECOORDINATION:0.5119560340737345
CE_MATERIAL:0.505024670824354
CE_KINGSAFETY:0.5
C_PIECESQUARETABLES:0.5
C_MOBILITY:0.5224565860258212
C_KINGSAFETY:0.5117363186132426
C_PAWNSTRUCTURE:0.5038838005905738
C_PIECECOORDINATION:0.4980178944083901
C_ROOKANDPAWNMOVEMENT:0.4980178944083901
C_CENTERCONTROL:0.494284824707916
C_DEVELOPPIECES:0.5
C_MATERIAL:0.5028773643631976
C_MOVECOUNT:0.48926618513243864
