ELO:1074
CE_PASSEDPAWNS:0.4554646723926244
CE_PAWNWEAKNESSES:0.45753908675987287
CE_PIECEACTIVITY:0.44631838776408517
CE_KINGPAWNSHIELD:0.47007856838159223
CE_PIECECOORDINATION:0.532691344258474
CE_MATERIAL:0.498316981915067
CE_KINGSAFETY:0.5
C_PIECESQUARETABLES:0.5
C_MOBILITY:0.5883672385649751
C_KINGSAFETY:0.37767688935622257
C_PAWNSTRUCTURE:0.5140935344353591
C_PIECECOORDINATION:0.5492234636891075
C_ROOKANDPAWNMOVEMENT:0.5492234636891075
C_CENTERCONTROL:0.4770636599416912
C_DEVELOPPIECES:0.5175046182303573
C_MATERIAL:0.5303724066754205
