ELO:898
CE_PASSEDPAWNS:0.5273363686237506
CE_PAWNWEAKNESSES:0.512145701537409
CE_PIECEACTIVITY:0.49602943207928996
CE_KINGPAWNSHIELD:0.5135450207565785
CE_PIECECOORDINATION:0.46714631074252416
CE_MATERIAL:0.5125731621083373
CE_KINGSAFETY:0.47557959300049085
C_PIECESQUARETABLES:0.479298890146347
C_MOBILITY:0.5317967118716417
C_KINGSAFETY:0.5346548543525356
C_PAWNSTRUCTURE:0.4857539093585929
C_PIECECOORDINATION:0.5081734031010796
C_ROOKANDPAWNMOVEMENT:0.5081734031010796
C_CENTERCONTROL:0.5067108067932798
C_DEVELOPPIECES:0.5458288145857165
C_MATERIAL:0.44266009937282436
C_MOVECOUNT:0.5
