ELO:1000
CE_PASSEDPAWNS:0.4100048263915561
CE_PAWNWEAKNESSES:0.4690268079699897
CE_PIECEACTIVITY:0.5098670004942576
CE_KINGPAWNSHIELD:0.43864469060911193
CE_PIECECOORDINATION:0.5097248884525851
CE_MATERIAL:0.4239547674381768
CE_KINGSAFETY:0.4907110980186454
C_PIECESQUARETABLES:0.5187183822801569
C_MOBILITY:0.513074501256838
C_KINGSAFETY:0.46151614695142884
C_PAWNSTRUCTURE:0.5493710359189009
C_PIECECOORDINATION:0.5129502097299378
C_ROOKANDPAWNMOVEMENT:0.5129502097299378
C_CENTERCONTROL:0.48384116693510765
C_DEVELOPPIECES:0.5127669227088033
C_MATERIAL:0.5026123495411309
