ELO:985
CE_PASSEDPAWNS:0.5017692143723628
CE_PAWNWEAKNESSES:0.5051909985278779
CE_PIECEACTIVITY:0.5040225893828453
CE_KINGPAWNSHIELD:0.5016849463163026
CE_PIECECOORDINATION:0.492394006924876
CE_MATERIAL:0.4948848286128608
CE_KINGSAFETY:0.5237240124907486
C_PIECESQUARETABLES:0.4690911936973234
C_MOBILITY:0.5
C_KINGSAFETY:0.48644923537001156
C_PAWNSTRUCTURE:0.5275990896562949
C_PIECECOORDINATION:0.5114484359260536
C_ROOKANDPAWNMOVEMENT:0.5114484359260536
C_CENTERCONTROL:0.5252775005183039
C_DEVELOPPIECES:0.475157115907294
C_MATERIAL:0.47802849053715196
C_MOVECOUNT:0.5013983182154124
