ELO:1000
CE_PASSEDPAWNS:0.4795690675869428
CE_PAWNWEAKNESSES:0.44134837243435865
CE_PIECEACTIVITY:0.5348141934176728
CE_KINGPAWNSHIELD:0.4809112364260296
CE_PIECECOORDINATION:0.48524582617878054
CE_MATERIAL:0.4684429850212963
CE_KINGSAFETY:0.4785114295590664
C_PIECESQUARETABLES:0.5081530199342197
C_MOBILITY:0.4772170002894444
C_KINGSAFETY:0.45432243114581194
C_PAWNSTRUCTURE:0.51940900133398
C_PIECECOORDINATION:0.4677414456614832
C_ROOKANDPAWNMOVEMENT:0.4677414456614832
C_CENTERCONTROL:0.5535207974454939
C_DEVELOPPIECES:0.5097260755615499
C_MATERIAL:0.5067493229970379
