ELO:984
CE_PASSEDPAWNS:0.42126719232435006
CE_PAWNWEAKNESSES:0.5717383452419701
CE_PIECEACTIVITY:0.46384636741686525
CE_KINGPAWNSHIELD:0.5572216598517773
CE_PIECECOORDINATION:0.43901086402983625
CE_MATERIAL:0.4130600655987449
CE_KINGSAFETY:0.5027803256075809
C_PIECESQUARETABLES:0.5137540064504976
C_MOBILITY:0.5163435370167494
C_KINGSAFETY:0.4778364254056353
C_PAWNSTRUCTURE:0.4748196455244024
C_PIECECOORDINATION:0.6209659917081414
C_ROOKANDPAWNMOVEMENT:0.6209659917081414
C_CENTERCONTROL:0.5931643748636212
C_DEVELOPPIECES:0.507199523809654
C_MATERIAL:0.47075048101808536
