ELO:874
CE_PASSEDPAWNS:0.5095466803675235
CE_PAWNWEAKNESSES:0.5286328696881991
CE_PIECEACTIVITY:0.4984881778278724
CE_KINGPAWNSHIELD:0.4707625930658404
CE_PIECECOORDINATION:0.5708291628696822
CE_MATERIAL:0.4758838529174991
CE_KINGSAFETY:0.5241179108299723
C_PIECESQUARETABLES:0.4617644011990329
C_MOBILITY:0.4974682525023151
C_KINGSAFETY:0.5388738933930075
C_PAWNSTRUCTURE:0.527785635053192
C_PIECECOORDINATION:0.5326333855878362
C_ROOKANDPAWNMOVEMENT:0.5326333855878362
C_CENTERCONTROL:0.4588064644664107
C_DEVELOPPIECES:0.5100714702056854
C_MATERIAL:0.5037203933909644
C_MOVECOUNT:0.5
