ELO:1077
CE_PASSEDPAWNS:0.5146677794615716
CE_PAWNWEAKNESSES:0.42513974975577096
CE_PIECEACTIVITY:0.6456031341348835
CE_KINGPAWNSHIELD:0.47855493155832246
CE_PIECECOORDINATION:0.5
CE_MATERIAL:0.53104973603831
CE_KINGSAFETY:0.5
C_PIECESQUARETABLES:0.47391841369322696
C_MOBILITY:0.5
C_KINGSAFETY:0.5197132667610902
C_PAWNSTRUCTURE:0.5011470648716329
C_PIECECOORDINATION:0.49275290593534427
C_ROOKANDPAWNMOVEMENT:0.49275290593534427
C_CENTERCONTROL:0.5601228986966247
C_DEVELOPPIECES:0.4235210967949825
C_MATERIAL:0.4898324942704768
C_MOVECOUNT:0.5
