ELO:984
CE_PASSEDPAWNS:0.4961200558180099
CE_PAWNWEAKNESSES:0.5012091890592295
CE_PIECEACTIVITY:0.5018371288259593
CE_KINGPAWNSHIELD:0.5
CE_PIECECOORDINATION:0.5223688275370457
CE_MATERIAL:0.5012489155289799
CE_KINGSAFETY:0.5123753175750027
C_PIECESQUARETABLES:0.4909667071308389
C_MOBILITY:0.5146908165524208
C_KINGSAFETY:0.5209643052348358
C_PAWNSTRUCTURE:0.4977675732583474
C_PIECECOORDINATION:0.5015334388528959
C_ROOKANDPAWNMOVEMENT:0.5015334388528959
C_CENTERCONTROL:0.4831613152922783
C_DEVELOPPIECES:0.5009518250292053
C_MATERIAL:0.5087516772333713
C_MOVECOUNT:0.5
