ELO:949
CE_PASSEDPAWNS:0.46150129252727146
CE_PAWNWEAKNESSES:0.4760870638857839
CE_PIECEACTIVITY:0.47888542733333106
CE_KINGPAWNSHIELD:0.5479023377475624
CE_PIECECOORDINATION:0.6391859393628463
CE_MATERIAL:0.4098792550858487
CE_KINGSAFETY:0.5075391249646264
C_PIECESQUARETABLES:0.5185873105679946
C_MOBILITY:0.3976912802387129
C_KINGSAFETY:0.39439458611004896
C_PAWNSTRUCTURE:0.4637638458813684
C_PIECECOORDINATION:0.4731090899892062
C_ROOKANDPAWNMOVEMENT:0.4731090899892062
C_CENTERCONTROL:0.3797109001989904
C_DEVELOPPIECES:0.41729221102702935
C_MATERIAL:0.5205160608336166
