ELO:858
CE_PASSEDPAWNS:0.5298278765005847
CE_PAWNWEAKNESSES:0.44074364795810267
CE_PIECEACTIVITY:0.4968504807007351
CE_KINGPAWNSHIELD:0.5053998520597841
CE_PIECECOORDINATION:0.5170453583009281
CE_MATERIAL:0.4465506607336033
CE_KINGSAFETY:0.4999443178918715
C_PIECESQUARETABLES:0.488333059762817
C_MOBILITY:0.45827267537301863
C_KINGSAFETY:0.46256340506745947
C_PAWNSTRUCTURE:0.5641530291655134
C_PIECECOORDINATION:0.5065568098650988
C_ROOK:0.5190232164133848
CE_ROOK:0.48657263368898024
C_CENTERCONTROL:0.4977086756518038
C_DEVELOPPIECES:0.47190901396014306
C_MATERIAL:0.497936363297636
C_MOVECOUNT:0.5115381264339874
C_PAWNMOVEMENT:0.5092329129773714
