ELO:908
CE_PASSEDPAWNS:0.5132318564981836
CE_PAWNWEAKNESSES:0.4624369137327037
CE_PIECEACTIVITY:0.4712317740759044
CE_KINGPAWNSHIELD:0.499778716280486
CE_PIECECOORDINATION:0.5037525765442146
CE_MATERIAL:0.4589554177167747
CE_KINGSAFETY:0.4927891357419207
C_PIECESQUARETABLES:0.49985675954288983
C_MOBILITY:0.4819511483641338
C_KINGSAFETY:0.48751620346286045
C_PAWNSTRUCTURE:0.5666184662399482
C_PIECECOORDINATION:0.48330242529167117
C_ROOK:0.5004361406698374
CE_ROOK:0.49016706464327203
C_CENTERCONTROL:0.4887807451229285
C_DEVELOPPIECES:0.49176766409339334
C_MATERIAL:0.4866226415332713
C_MOVECOUNT:0.4811577432313335
C_PAWNMOVEMENT:0.4998808422370428
