ELO:890
CE_PASSEDPAWNS:0.4290303728905165
CE_PAWNWEAKNESSES:0.5507571553348857
CE_PIECEACTIVITY:0.48283189303685586
CE_KINGPAWNSHIELD:0.5401015136362385
CE_PIECECOORDINATION:0.47090265610570764
CE_MATERIAL:0.39907481658351174
CE_KINGSAFETY:0.44960130479168947
C_PIECESQUARETABLES:0.4780786298083929
C_MOBILITY:0.4896957853945837
C_KINGSAFETY:0.5357314032316622
C_PAWNSTRUCTURE:0.4482366580226959
C_PIECECOORDINATION:0.6446173929161823
C_ROOKANDPAWNMOVEMENT:0.6446173929161823
C_CENTERCONTROL:0.583360715932671
C_DEVELOPPIECES:0.5775889911878381
C_MATERIAL:0.467924761938458
