ELO:855
CE_PASSEDPAWNS:0.5520193545655815
CE_PAWNWEAKNESSES:0.5266858199688954
CE_PIECEACTIVITY:0.5326356350426754
CE_KINGPAWNSHIELD:0.4916663541619851
CE_PIECECOORDINATION:0.6292749446124936
CE_MATERIAL:0.47960240019829736
CE_KINGSAFETY:0.519431865436684
C_PIECESQUARETABLES:0.508291536685113
C_MOBILITY:0.5106073088195754
C_KINGSAFETY:0.5278910026255835
C_PAWNSTRUCTURE:0.5274581793523625
C_PIECECOORDINATION:0.5335845520056862
C_ROOKANDPAWNMOVEMENT:0.5335845520056862
C_CENTERCONTROL:0.41421528819775044
C_DEVELOPPIECES:0.4896226863746721
C_MATERIAL:0.4731088663295326
C_MOVECOUNT:0.5
