ELO:1257
CE_PASSEDPAWNS:0.43286526413434806
CE_PAWNWEAKNESSES:0.46066378515145545
CE_PIECEACTIVITY:0.44527536166687953
CE_KINGPAWNSHIELD:0.4873640784077908
CE_PIECECOORDINATION:0.4998464374347677
CE_MATERIAL:0.396596065925367
CE_KINGSAFETY:0.5
C_PIECESQUARETABLES:0.5
C_MOBILITY:0.3910770357088864
C_KINGSAFETY:0.40980908583440107
C_PAWNSTRUCTURE:0.5265605361002453
C_PIECECOORDINATION:0.5740443386182634
C_ROOKANDPAWNMOVEMENT:0.5740443386182634
C_CENTERCONTROL:0.47861697439238793
C_DEVELOPPIECES:0.5528173797779841
C_MATERIAL:0.5619656346539545
