ELO:1257
CE_PASSEDPAWNS:0.4517168292161211
CE_PAWNWEAKNESSES:0.590261458922248
CE_PIECEACTIVITY:0.44028113545774944
CE_KINGPAWNSHIELD:0.4581166866071552
CE_PIECECOORDINATION:0.4873020158659769
CE_MATERIAL:0.396596065925367
CE_KINGSAFETY:0.5
C_PIECESQUARETABLES:0.5
C_MOBILITY:0.3976216888052514
C_KINGSAFETY:0.3612025180063923
C_PAWNSTRUCTURE:0.5265436601396568
C_PIECECOORDINATION:0.5740443386182634
C_ROOKANDPAWNMOVEMENT:0.5740443386182634
C_CENTERCONTROL:0.5325424007152673
C_DEVELOPPIECES:0.43576792826051747
C_MATERIAL:0.6242308573948059
