ELO:960
CE_PASSEDPAWNS:0.41277399145483296
CE_PAWNWEAKNESSES:0.5887785225630197
CE_PIECEACTIVITY:0.4831037101912556
CE_KINGPAWNSHIELD:0.5624649343827379
CE_PIECECOORDINATION:0.4559320348528587
CE_MATERIAL:0.3765320212477513
CE_KINGSAFETY:0.493066251443914
C_PIECESQUARETABLES:0.5113446142826595
C_MOBILITY:0.5081626394779246
C_KINGSAFETY:0.5017696737755668
C_PAWNSTRUCTURE:0.4397622732916959
C_PIECECOORDINATION:0.6149675519170851
C_ROOKANDPAWNMOVEMENT:0.6149675519170851
C_CENTERCONTROL:0.6267542505382812
C_DEVELOPPIECES:0.5610422194283826
C_MATERIAL:0.4578010571368924
