ELO:1007
CE_PASSEDPAWNS:0.5021079758038245
CE_PAWNWEAKNESSES:0.4926502004424492
CE_PIECEACTIVITY:0.4753210879862381
CE_KINGPAWNSHIELD:0.5
CE_PIECECOORDINATION:0.5
CE_MATERIAL:0.4987855914688538
CE_KINGSAFETY:0.4940940042070504
C_PIECESQUARETABLES:0.5
C_MOBILITY:0.4907949673592618
C_KINGSAFETY:0.5
C_PAWNSTRUCTURE:0.5124888595505247
C_PIECECOORDINATION:0.4995496576095303
C_ROOKANDPAWNMOVEMENT:0.4995496576095303
C_CENTERCONTROL:0.5054877737911664
C_DEVELOPPIECES:0.4918437542598991
C_MATERIAL:0.5
C_MOVECOUNT:0.5040380383516928
