ELO:858
CE_PASSEDPAWNS:0.5306255717613011
CE_PAWNWEAKNESSES:0.44074364795810267
CE_PIECEACTIVITY:0.4968504807007351
CE_KINGPAWNSHIELD:0.5053998520597841
CE_PIECECOORDINATION:0.5170453583009281
CE_MATERIAL:0.4482627886660827
CE_KINGSAFETY:0.5
C_PIECESQUARETABLES:0.488333059762817
C_MOBILITY:0.45827267537301863
C_KINGSAFETY:0.46815051822848847
C_PAWNSTRUCTURE:0.5692264695192973
C_PIECECOORDINATION:0.5093367045772567
C_ROOK:0.519755875657833
CE_ROOK:0.48657263368898024
C_CENTERCONTROL:0.4977086756518038
C_DEVELOPPIECES:0.47190901396014306
C_MATERIAL:0.497936363297636
C_MOVECOUNT:0.5057964213710903
C_PAWNMOVEMENT:0.5092329129773714
