ELO:1000
CE_PASSEDPAWNS:0.4795690675869428
CE_PAWNWEAKNESSES:0.4266232743775494
CE_PIECEACTIVITY:0.5413424497572014
CE_KINGPAWNSHIELD:0.476029509806769
CE_PIECECOORDINATION:0.4839710047193337
CE_MATERIAL:0.46208118808127213
CE_KINGSAFETY:0.4820459460929497
C_PIECESQUARETABLES:0.4973813294210908
C_MOBILITY:0.47758190708558823
C_KINGSAFETY:0.4722534857999538
C_PAWNSTRUCTURE:0.5068832158857031
C_PIECECOORDINATION:0.48472098366188915
C_ROOKANDPAWNMOVEMENT:0.48472098366188915
C_CENTERCONTROL:0.5435841533109894
C_DEVELOPPIECES:0.5029510635146065
C_MATERIAL:0.5232834060136641
