ELO:949
CE_PASSEDPAWNS:0.46150129252727146
CE_PAWNWEAKNESSES:0.4787063321549871
CE_PIECEACTIVITY:0.4905149408650376
CE_KINGPAWNSHIELD:0.5557433822510355
CE_PIECECOORDINATION:0.6213133510016293
CE_MATERIAL:0.4183117320342598
CE_KINGSAFETY:0.5015145616524678
C_PIECESQUARETABLES:0.52201127830517
C_MOBILITY:0.404457020534764
C_KINGSAFETY:0.39439458611004896
C_PAWNSTRUCTURE:0.4637638458813684
C_PIECECOORDINATION:0.46609844004947165
C_ROOKANDPAWNMOVEMENT:0.46609844004947165
C_CENTERCONTROL:0.39867540071557533
C_DEVELOPPIECES:0.4256100728158747
C_MATERIAL:0.522821432653805
