ELO:911
CE_PASSEDPAWNS:0.5159598130900519
CE_PAWNWEAKNESSES:0.48923295517112214
CE_PIECEACTIVITY:0.4845724366067162
CE_KINGPAWNSHIELD:0.561351159584044
CE_PIECECOORDINATION:0.5197045860428372
CE_MATERIAL:0.395911030987318
CE_KINGSAFETY:0.48230104876384383
C_PIECESQUARETABLES:0.4895547645383382
C_MOBILITY:0.5944485270159683
C_KINGSAFETY:0.42929078882539573
C_PAWNSTRUCTURE:0.44123603170039544
C_PIECECOORDINATION:0.414693233036719
C_ROOKANDPAWNMOVEMENT:0.414693233036719
C_CENTERCONTROL:0.39150829834578316
C_DEVELOPPIECES:0.6543308954522143
C_MATERIAL:0.5710289071990667
