ELO:1000
CE_PASSEDPAWNS:0.4179911066215161
CE_PAWNWEAKNESSES:0.46860066218313073
CE_PIECEACTIVITY:0.5243035733743583
CE_KINGPAWNSHIELD:0.43951742605986927
CE_PIECECOORDINATION:0.5319877069416065
CE_MATERIAL:0.42691105146092573
CE_KINGSAFETY:0.4941851111664688
C_PIECESQUARETABLES:0.4906275431142178
C_MOBILITY:0.5028053126030043
C_KINGSAFETY:0.46889050051456344
C_PAWNSTRUCTURE:0.5360193325467943
C_PIECECOORDINATION:0.5071798427835373
C_ROOKANDPAWNMOVEMENT:0.5071798427835373
C_CENTERCONTROL:0.47836005095144196
C_DEVELOPPIECES:0.5001778875593137
C_MATERIAL:0.498983025607748
