ELO:979
CE_PASSEDPAWNS:0.43211585962824156
CE_PAWNWEAKNESSES:0.5658802575124336
CE_PIECEACTIVITY:0.4742206073530766
CE_KINGPAWNSHIELD:0.5778312197023072
CE_PIECECOORDINATION:0.44511963314489866
CE_MATERIAL:0.38191691604533123
CE_KINGSAFETY:0.4939921481717793
C_PIECESQUARETABLES:0.5192697210949465
C_MOBILITY:0.49181982199082963
C_KINGSAFETY:0.4910066316356288
C_PAWNSTRUCTURE:0.4485818357306204
C_PIECECOORDINATION:0.6026349312740222
C_ROOKANDPAWNMOVEMENT:0.6026349312740222
C_CENTERCONTROL:0.622736953517054
C_DEVELOPPIECES:0.5268347280369904
C_MATERIAL:0.47252090071343505
