ELO:903
CE_PASSEDPAWNS:0.5252583248645688
CE_PAWNWEAKNESSES:0.500050072163711
CE_PIECEACTIVITY:0.5299197008214261
CE_KINGPAWNSHIELD:0.4948033120301278
CE_PIECECOORDINATION:0.45334198735946757
CE_MATERIAL:0.5015858284873747
CE_KINGSAFETY:0.48389060222798774
C_PIECESQUARETABLES:0.48453008922182483
C_MOBILITY:0.5134727663778018
C_KINGSAFETY:0.5256414754528485
C_PAWNSTRUCTURE:0.47732955130611554
C_PIECECOORDINATION:0.517116238522967
C_ROOKANDPAWNMOVEMENT:0.517116238522967
C_CENTERCONTROL:0.4877115711035654
C_DEVELOPPIECES:0.5317012474458032
C_MATERIAL:0.4579335816170312
C_MOVECOUNT:0.5
