ELO:1007
CE_PASSEDPAWNS:0.5
CE_PAWNWEAKNESSES:0.5055538168750165
CE_PIECEACTIVITY:0.5050779854566286
CE_KINGPAWNSHIELD:0.5002967083334299
CE_PIECECOORDINATION:0.5
CE_MATERIAL:0.4995201459506831
CE_KINGSAFETY:0.5
C_PIECESQUARETABLES:0.5
C_MOBILITY:0.5063988195139124
C_KINGSAFETY:0.4979534882702048
C_PAWNSTRUCTURE:0.5003556573624544
C_PIECECOORDINATION:0.4842497996095
C_ROOKANDPAWNMOVEMENT:0.4842497996095
C_CENTERCONTROL:0.5
C_DEVELOPPIECES:0.501873695174473
C_MATERIAL:0.5163258717147602
C_MOVECOUNT:0.48070903906835943
