ELO:647
CE_PASSEDPAWNS:0.4752894382073231
CE_PAWNWEAKNESSES:0.4500801529811255
CE_PIECEACTIVITY:0.568760906680762
CE_KINGPAWNSHIELD:0.5002794876318422
CE_PIECECOORDINATION:0.4732696213222815
CE_MATERIAL:0.5033701928076496
CE_KINGSAFETY:0.4858092949299703
C_PIECESQUARETABLES:0.5412152486782593
C_MOBILITY:0.5083687190509133
C_KINGSAFETY:0.5337353103734813
C_PAWNSTRUCTURE:0.47284920538659275
C_PIECECOORDINATION:0.5922819673725152
C_ROOKANDPAWNMOVEMENT:0.5922819673725152
C_CENTERCONTROL:0.4878811360615761
C_DEVELOPPIECES:0.5810237239142241
C_MATERIAL:0.5473309269429518
C_MOVECOUNT:0.5
