ELO:969
CE_PASSEDPAWNS:0.5062518067263605
CE_PAWNWEAKNESSES:0.4587983955980256
CE_PIECEACTIVITY:0.4928709085507648
CE_KINGPAWNSHIELD:0.5128480948986832
CE_PIECECOORDINATION:0.47854910013535595
CE_MATERIAL:0.4850157054149587
CE_KINGSAFETY:0.49059304984162094
C_PIECESQUARETABLES:0.5021765048715053
C_MOBILITY:0.5
C_KINGSAFETY:0.4848766604361434
C_PAWNSTRUCTURE:0.5492403764141578
C_PIECECOORDINATION:0.48032491245845343
C_ROOK:0.4892303111248679
CE_ROOK:0.49090929063365907
C_CENTERCONTROL:0.5101081238848858
C_DEVELOPPIECES:0.5047147678315053
C_MATERIAL:0.47925765892779615
C_MOVECOUNT:0.4826193840419851
C_PAWNMOVEMENT:0.4868962095876051
