ELO:932
CE_PASSEDPAWNS:0.5449737858372989
CE_PAWNWEAKNESSES:0.44074364795810267
CE_PIECEACTIVITY:0.4875492449955279
CE_KINGPAWNSHIELD:0.5031147112039651
CE_PIECECOORDINATION:0.543144056408748
CE_MATERIAL:0.44402255607593727
CE_KINGSAFETY:0.5003543167688995
C_PIECESQUARETABLES:0.49456610094567227
C_MOBILITY:0.47769947833817905
C_KINGSAFETY:0.45033973246242537
C_PAWNSTRUCTURE:0.5787504542042203
C_PIECECOORDINATION:0.4761062080185918
C_ROOK:0.5419592313751697
CE_ROOK:0.48074834651180715
C_CENTERCONTROL:0.5210814659755684
C_DEVELOPPIECES:0.4760744506802381
C_MATERIAL:0.49854317484847427
C_MOVECOUNT:0.5027531953101855
C_PAWNMOVEMENT:0.46944416051839377
