ELO:941
CE_PASSEDPAWNS:0.48493186867078514
CE_PAWNWEAKNESSES:0.48939998588744693
CE_PIECEACTIVITY:0.5355775580805842
CE_KINGPAWNSHIELD:0.5067959823871567
CE_PIECECOORDINATION:0.524660740041746
CE_MATERIAL:0.5169241928426873
CE_KINGSAFETY:0.48996983404306244
C_PIECESQUARETABLES:0.5231192510935557
C_MOBILITY:0.5010023901295533
C_KINGSAFETY:0.498564240288261
C_PAWNSTRUCTURE:0.4943998546330697
C_PIECECOORDINATION:0.517578515783505
C_ROOK:0.4893044927857051
CE_ROOK:0.48937117855231665
C_CENTERCONTROL:0.5007284590114014
C_DEVELOPPIECES:0.5281658612371148
C_MATERIAL:0.5296073390269495
C_MOVECOUNT:0.5058007111095775
C_PAWNMOVEMENT:0.5238914220717346
