ELO:869
CE_PASSEDPAWNS:0.5486594675242087
CE_PAWNWEAKNESSES:0.44074364795810267
CE_PIECEACTIVITY:0.4943786558861497
CE_KINGPAWNSHIELD:0.49691053104224564
CE_PIECECOORDINATION:0.5110954218220759
CE_MATERIAL:0.4592673160453998
CE_KINGSAFETY:0.4812828368909575
C_PIECESQUARETABLES:0.5
C_MOBILITY:0.45035283188365477
C_KINGSAFETY:0.45974055565821814
C_PAWNSTRUCTURE:0.5621427421681285
C_PIECECOORDINATION:0.498409426811075
C_ROOK:0.5198680356446324
CE_ROOK:0.49688548687074646
C_CENTERCONTROL:0.5208094794833344
C_DEVELOPPIECES:0.459818552134897
C_MATERIAL:0.497936363297636
C_MOVECOUNT:0.47938938415994936
C_PAWNMOVEMENT:0.5002498089374608
