ELO:963
CE_PASSEDPAWNS:0.4755077099304222
CE_PAWNWEAKNESSES:0.5
CE_PIECEACTIVITY:0.4830262873767928
CE_KINGPAWNSHIELD:0.5007293698804464
CE_PIECECOORDINATION:0.4922140901394848
CE_MATERIAL:0.4904401567636563
CE_KINGSAFETY:0.5
C_PIECESQUARETABLES:0.508048791359869
C_MOBILITY:0.5108257627892322
C_KINGSAFETY:0.49561169783999026
C_PAWNSTRUCTURE:0.4881675664787455
C_PIECECOORDINATION:0.4494918235595929
C_ROOKANDPAWNMOVEMENT:0.4494918235595929
C_CENTERCONTROL:0.5177741920165845
C_DEVELOPPIECES:0.5170894645850104
C_MATERIAL:0.4991671994889096
C_MOVECOUNT:0.5106663972822337
