ELO:1036
CE_PASSEDPAWNS:0.4848158595834
CE_PAWNWEAKNESSES:0.43801906370837695
CE_PIECEACTIVITY:0.5618283267506355
CE_KINGPAWNSHIELD:0.5399934282792515
CE_PIECECOORDINATION:0.561119584826459
CE_MATERIAL:0.4895207005922205
CE_KINGSAFETY:0.5249065285020103
C_PIECESQUARETABLES:0.4888167611237117
C_MOBILITY:0.5178798588990948
C_KINGSAFETY:0.5020808292689195
C_PAWNSTRUCTURE:0.4130201504477918
C_PIECECOORDINATION:0.49431542941029993
C_ROOKANDPAWNMOVEMENT:0.49431542941029993
C_CENTERCONTROL:0.44100767708257865
C_DEVELOPPIECES:0.44222288798357295
C_MATERIAL:0.4604143179609739
C_MOVECOUNT:0.5251740067429196
