ELO:641
CE_PASSEDPAWNS:0.4897056548363823
CE_PAWNWEAKNESSES:0.4588577988477565
CE_PIECEACTIVITY:0.5634345042108754
CE_KINGPAWNSHIELD:0.4957019702747466
CE_PIECECOORDINATION:0.4755033412068512
CE_MATERIAL:0.4659210262485214
CE_KINGSAFETY:0.5023705178005712
C_PIECESQUARETABLES:0.5
C_MOBILITY:0.5056698247033574
C_KINGSAFETY:0.5337353103734813
C_PAWNSTRUCTURE:0.4962031377251247
C_PIECECOORDINATION:0.5793999913123808
C_ROOKANDPAWNMOVEMENT:0.5793999913123808
C_CENTERCONTROL:0.48203695843692335
C_DEVELOPPIECES:0.5836867006277803
C_MATERIAL:0.5521037715459087
C_MOVECOUNT:0.49568196571523987
