ELO:987
CE_PASSEDPAWNS:0.5
CE_PAWNWEAKNESSES:0.5007383260718367
CE_PIECEACTIVITY:0.5109218215261152
CE_KINGPAWNSHIELD:0.5089779918402474
CE_PIECECOORDINATION:0.5100830009010401
CE_MATERIAL:0.5016898539623995
CE_KINGSAFETY:0.5
C_PIECESQUARETABLES:0.5042551893286247
C_MOBILITY:0.49274768956261067
C_KINGSAFETY:0.508839796020929
C_PAWNSTRUCTURE:0.5071074479331368
C_PIECECOORDINATION:0.49768974331384025
C_ROOKANDPAWNMOVEMENT:0.49768974331384025
C_CENTERCONTROL:0.4989314622199663
C_DEVELOPPIECES:0.5105054271439102
C_MATERIAL:0.5047674005596788
C_MOVECOUNT:0.5056839007419308
