ELO:984
CE_PASSEDPAWNS:0.497067650937715
CE_PAWNWEAKNESSES:0.4876884836051095
CE_PIECEACTIVITY:0.497564167875796
CE_KINGPAWNSHIELD:0.5079861982779853
CE_PIECECOORDINATION:0.5015172176087599
CE_MATERIAL:0.5058320644340801
CE_KINGSAFETY:0.5005297192413048
C_PIECESQUARETABLES:0.5
C_MOBILITY:0.5082117737390209
C_KINGSAFETY:0.5008109293588969
C_PAWNSTRUCTURE:0.5024078150910839
C_PIECECOORDINATION:0.499394682079843
C_ROOKANDPAWNMOVEMENT:0.499394682079843
C_CENTERCONTROL:0.5
C_DEVELOPPIECES:0.5
C_MATERIAL:0.49732427282424596
