ELO:1040
CE_PASSEDPAWNS:0.4178661814678017
CE_PAWNWEAKNESSES:0.42326222339584574
CE_PIECEACTIVITY:0.4336294063280298
CE_KINGPAWNSHIELD:0.47007856838159223
CE_PIECECOORDINATION:0.5633060168617502
CE_MATERIAL:0.5314539059142014
CE_KINGSAFETY:0.48017971412311355
C_PIECESQUARETABLES:0.4993752890206004
C_MOBILITY:0.528458234858237
C_KINGSAFETY:0.37767688935622257
C_PAWNSTRUCTURE:0.6098112579911965
C_PIECECOORDINATION:0.5546562877460437
C_ROOKANDPAWNMOVEMENT:0.5546562877460437
C_CENTERCONTROL:0.4910158207041803
C_DEVELOPPIECES:0.4558360349969171
C_MATERIAL:0.5636378109575684
