ELO:817
CE_PASSEDPAWNS:0.5337783224225001
CE_PAWNWEAKNESSES:0.5616212782922955
CE_PIECEACTIVITY:0.5041568053353559
CE_KINGPAWNSHIELD:0.47666760010604575
CE_PIECECOORDINATION:0.5976586901799086
CE_MATERIAL:0.46536967755173325
CE_KINGSAFETY:0.5149278155469315
C_PIECESQUARETABLES:0.4233087503486416
C_MOBILITY:0.5084807957016112
C_KINGSAFETY:0.5600608038283814
C_PAWNSTRUCTURE:0.5296724651860096
C_PIECECOORDINATION:0.5406237069129917
C_ROOKANDPAWNMOVEMENT:0.5406237069129917
C_CENTERCONTROL:0.4248611507035734
C_DEVELOPPIECES:0.4980510640345374
C_MATERIAL:0.48536345016572513
C_MOVECOUNT:0.5
