ELO:1035
CE_PASSEDPAWNS:0.5327270820553135
CE_PAWNWEAKNESSES:0.5397273002349429
CE_PIECEACTIVITY:0.4318476424852504
CE_KINGPAWNSHIELD:0.47007856838159223
CE_PIECECOORDINATION:0.5633060168617502
CE_MATERIAL:0.4874072947026655
CE_KINGSAFETY:0.5
C_PIECESQUARETABLES:0.4827790365405988
C_MOBILITY:0.4775985995231743
C_KINGSAFETY:0.3600218360379949
C_PAWNSTRUCTURE:0.5109695156918744
C_PIECECOORDINATION:0.5447852188236804
C_ROOKANDPAWNMOVEMENT:0.5447852188236804
C_CENTERCONTROL:0.48833387149675983
C_DEVELOPPIECES:0.45363199793504844
C_MATERIAL:0.47174760448360314
