ELO:955
CE_PASSEDPAWNS:0.5027275778396231
CE_PAWNWEAKNESSES:0.4481178108371989
CE_PIECEACTIVITY:0.4928709085507648
CE_KINGPAWNSHIELD:0.5010579390394689
CE_PIECECOORDINATION:0.4800398411316377
CE_MATERIAL:0.47771140075460566
CE_KINGSAFETY:0.5009762213737673
C_PIECESQUARETABLES:0.4934197853837522
C_MOBILITY:0.5
C_KINGSAFETY:0.4848766604361434
C_PAWNSTRUCTURE:0.5448629604290698
C_PIECECOORDINATION:0.48032491245845343
C_ROOK:0.4913673962233023
CE_ROOK:0.4844826623088287
C_CENTERCONTROL:0.5087857122644905
C_DEVELOPPIECES:0.5047147678315053
C_MATERIAL:0.4866226415332713
C_MOVECOUNT:0.4826193840419851
C_PAWNMOVEMENT:0.4900663952845172
