ELO:1000
CE_PASSEDPAWNS:0.46148595262387954
CE_PAWNWEAKNESSES:0.4631084907377412
CE_PIECEACTIVITY:0.5129909803700222
CE_KINGPAWNSHIELD:0.5042968213840003
CE_PIECECOORDINATION:0.4766913376376948
CE_MATERIAL:0.5063755414234247
CE_KINGSAFETY:0.47590097939035936
C_PIECESQUARETABLES:0.5027820561855774
C_MOBILITY:0.4672478636607641
C_KINGSAFETY:0.48108620110470063
C_PAWNSTRUCTURE:0.5151275267571434
C_PIECECOORDINATION:0.4749536382786473
C_ROOKANDPAWNMOVEMENT:0.4749536382786473
C_CENTERCONTROL:0.5354910053954036
C_DEVELOPPIECES:0.4937803308918247
C_MATERIAL:0.510319052723291
