ELO:1000
CE_PASSEDPAWNS:0.4904827146382006
CE_PAWNWEAKNESSES:0.5000739689923438
CE_PIECEACTIVITY:0.4929730484205455
CE_KINGPAWNSHIELD:0.5251127805808725
CE_PIECECOORDINATION:0.5078129342008972
CE_MATERIAL:0.5001896939505232
CE_KINGSAFETY:0.5220711929854849
C_PIECESQUARETABLES:0.5073674521256373
C_MOBILITY:0.5084000081448768
C_KINGSAFETY:0.48797579714147843
C_PAWNSTRUCTURE:0.4940307960220677
C_PIECECOORDINATION:0.507482248377796
C_ROOKANDPAWNMOVEMENT:0.507482248377796
C_CENTERCONTROL:0.524057496496107
C_DEVELOPPIECES:0.4882764908641847
C_MATERIAL:0.507287109607952
