ELO:955
CE_PASSEDPAWNS:0.48838830148369766
CE_PAWNWEAKNESSES:0.5068827757841758
CE_PIECEACTIVITY:0.4733702232592795
CE_KINGPAWNSHIELD:0.5112132175079229
CE_PIECECOORDINATION:0.4991988347399249
CE_MATERIAL:0.4953335126966663
CE_KINGSAFETY:0.5
C_PIECESQUARETABLES:0.5
C_MOBILITY:0.5023296074120276
C_KINGSAFETY:0.5154488481088744
C_PAWNSTRUCTURE:0.5046367415494318
C_PIECECOORDINATION:0.5077177238468203
C_ROOK:0.5202226567640601
CE_ROOK:0.5088563484019843
C_CENTERCONTROL:0.5102396931400957
C_DEVELOPPIECES:0.47599332316197157
C_MATERIAL:0.46119076864490044
C_MOVECOUNT:0.5659012821418116
C_PAWNMOVEMENT:0.4610897463267051
