ELO:899
CE_PASSEDPAWNS:0.5262289809263754
CE_PAWNWEAKNESSES:0.4818585414221237
CE_PIECEACTIVITY:0.5041118619551017
CE_KINGPAWNSHIELD:0.4933605146432155
CE_PIECECOORDINATION:0.5477879871265665
CE_MATERIAL:0.5118765091033116
CE_KINGSAFETY:0.5081721244644841
C_PIECESQUARETABLES:0.48599583333859186
C_MOBILITY:0.5278720796437211
C_KINGSAFETY:0.540582939622409
C_PAWNSTRUCTURE:0.5388504682506092
C_PIECECOORDINATION:0.528006516556525
C_ROOKANDPAWNMOVEMENT:0.528006516556525
C_CENTERCONTROL:0.5441448663279732
C_DEVELOPPIECES:0.46656474849857893
C_MATERIAL:0.5447914638578476
C_MOVECOUNT:0.4715281323779355
