ELO:921
CE_PASSEDPAWNS:0.4493418851468327
CE_PAWNWEAKNESSES:0.45733164491505934
CE_PIECEACTIVITY:0.4179521422776875
CE_KINGPAWNSHIELD:0.5248803469394678
CE_PIECECOORDINATION:0.6196986937567297
CE_MATERIAL:0.5183978367636003
CE_KINGSAFETY:0.4716157599067838
C_PIECESQUARETABLES:0.480615739044666
C_MOBILITY:0.42271066682824887
C_KINGSAFETY:0.39419217838096904
C_PAWNSTRUCTURE:0.5451273888448456
C_PIECECOORDINATION:0.6087209439362914
C_ROOKANDPAWNMOVEMENT:0.6087209439362914
C_CENTERCONTROL:0.5220548802402083
C_DEVELOPPIECES:0.51261571877451
C_MATERIAL:0.5069740982027713
