ELO:1000
CE_PASSEDPAWNS:0.48274037416750876
CE_PAWNWEAKNESSES:0.4803992608650135
CE_PIECEACTIVITY:0.5
CE_KINGPAWNSHIELD:0.5
CE_PIECECOORDINATION:0.49573028578494
CE_MATERIAL:0.5032944330432642
CE_KINGSAFETY:0.5279595903733163
C_PIECESQUARETABLES:0.5064340261502952
C_MOBILITY:0.48948913200854555
C_KINGSAFETY:0.49346597759611627
C_PAWNSTRUCTURE:0.5
C_PIECECOORDINATION:0.48840047409593246
C_ROOKANDPAWNMOVEMENT:0.48840047409593246
C_CENTERCONTROL:0.5
C_DEVELOPPIECES:0.48878890324985463
C_MATERIAL:0.4944211761177865
