ELO:737
CE_PASSEDPAWNS:0.5461911215308585
CE_PAWNWEAKNESSES:0.5981401224179954
CE_PIECEACTIVITY:0.4741744001113017
CE_KINGPAWNSHIELD:0.43183162707479833
CE_PIECECOORDINATION:0.4737449619862798
CE_MATERIAL:0.4874308171198576
CE_KINGSAFETY:0.5013670745779495
C_PIECESQUARETABLES:0.5414229265596359
C_MOBILITY:0.4676644455410393
C_KINGSAFETY:0.5132391768501228
C_PAWNSTRUCTURE:0.5167097112243785
C_PIECECOORDINATION:0.5361947762514353
C_ROOKANDPAWNMOVEMENT:0.5361947762514353
C_CENTERCONTROL:0.48260247775851256
C_DEVELOPPIECES:0.5864867486024665
C_MATERIAL:0.5321094819034481
C_MOVECOUNT:0.5
