ELO:967
CE_PASSEDPAWNS:0.48579685980808857
CE_PAWNWEAKNESSES:0.5227171177722268
CE_PIECEACTIVITY:0.47066185371813896
CE_KINGPAWNSHIELD:0.528597916304103
CE_PIECECOORDINATION:0.4948967266928552
CE_MATERIAL:0.4941648805075009
CE_KINGSAFETY:0.47918381178263386
C_PIECESQUARETABLES:0.5183962710275614
C_MOBILITY:0.4914152484382049
C_KINGSAFETY:0.49894446816863947
C_PAWNSTRUCTURE:0.49866626003054326
C_PIECECOORDINATION:0.5077711326750977
C_ROOK:0.5469804399088607
CE_ROOK:0.4779878665552711
C_CENTERCONTROL:0.5169295907697512
C_DEVELOPPIECES:0.4896508375156143
C_MATERIAL:0.4840135502242555
C_MOVECOUNT:0.5108350363892061
C_PAWNMOVEMENT:0.4721655934259991
