ELO:975
CE_PASSEDPAWNS:0.5052403083682501
CE_PAWNWEAKNESSES:0.44450779648326966
CE_PIECEACTIVITY:0.5435107080860403
CE_KINGPAWNSHIELD:0.5606488139957461
CE_PIECECOORDINATION:0.5458589724451359
CE_MATERIAL:0.4065730179825203
CE_KINGSAFETY:0.5112110377303236
C_PIECESQUARETABLES:0.5143176965442927
C_MOBILITY:0.37187031401519444
C_KINGSAFETY:0.5860928610721721
C_PAWNSTRUCTURE:0.4581495733750685
C_PIECECOORDINATION:0.4633071988126175
C_ROOKANDPAWNMOVEMENT:0.4633071988126175
C_CENTERCONTROL:0.4485657993789755
C_DEVELOPPIECES:0.45395294129385105
C_MATERIAL:0.5483758877973571
