ELO:918
CE_PASSEDPAWNS:0.5803960307667313
CE_PAWNWEAKNESSES:0.5048741944996193
CE_PIECEACTIVITY:0.5449104893365554
CE_KINGPAWNSHIELD:0.5999552043116921
CE_PIECECOORDINATION:0.3999645152785982
CE_MATERIAL:0.6142809063354767
CE_KINGSAFETY:0.5
C_PIECESQUARETABLES:0.5
C_MOBILITY:0.49332429992192595
C_KINGSAFETY:0.5266843108896336
C_PAWNSTRUCTURE:0.4903468518419207
C_PIECECOORDINATION:0.5524461100388115
C_ROOKANDPAWNMOVEMENT:0.5524461100388115
C_CENTERCONTROL:0.5316840901571009
C_DEVELOPPIECES:0.41158695946896234
C_MATERIAL:0.5815513514263677
