ELO:1012
CE_PASSEDPAWNS:0.4859887430777395
CE_PAWNWEAKNESSES:0.5
CE_PIECEACTIVITY:0.5051985840524553
CE_KINGPAWNSHIELD:0.4966218040469668
CE_PIECECOORDINATION:0.5
CE_MATERIAL:0.49154917531329906
CE_KINGSAFETY:0.5
C_PIECESQUARETABLES:0.5
C_MOBILITY:0.5
C_KINGSAFETY:0.4965688977890834
C_PAWNSTRUCTURE:0.5
C_PIECECOORDINATION:0.5
C_ROOKANDPAWNMOVEMENT:0.5
C_CENTERCONTROL:0.5101122356666774
C_DEVELOPPIECES:0.5039945666575871
C_MATERIAL:0.5
C_MOVECOUNT:0.5
