ELO:897
CE_PASSEDPAWNS:0.5167660304554781
CE_PAWNWEAKNESSES:0.470327077813407
CE_PIECEACTIVITY:0.5029082159487339
CE_KINGPAWNSHIELD:0.4866655354374158
CE_PIECECOORDINATION:0.561544969610403
CE_MATERIAL:0.5118765091033116
CE_KINGSAFETY:0.5066106888644538
C_PIECESQUARETABLES:0.49160892523705974
C_MOBILITY:0.5099664814609158
C_KINGSAFETY:0.55961626273324
C_PAWNSTRUCTURE:0.533885386213962
C_PIECECOORDINATION:0.5572450498520546
C_ROOKANDPAWNMOVEMENT:0.5572450498520546
C_CENTERCONTROL:0.5538594976961033
C_DEVELOPPIECES:0.45591020234321644
C_MATERIAL:0.5164376787093491
C_MOVECOUNT:0.45571251598222046
