ELO:1045
CE_PASSEDPAWNS:0.5
CE_PAWNWEAKNESSES:0.489955080783157
CE_PIECEACTIVITY:0.5101605206067913
CE_KINGPAWNSHIELD:0.5
CE_PIECECOORDINATION:0.5
CE_MATERIAL:0.5
CE_KINGSAFETY:0.5
C_PIECESQUARETABLES:0.5113177015245963
C_MOBILITY:0.5
C_KINGSAFETY:0.5
C_PAWNSTRUCTURE:0.4879530789573191
C_PIECECOORDINATION:0.5143206413837893
C_ROOK:0.5
CE_ROOK:0.5162383614195112
C_CENTERCONTROL:0.5
C_DEVELOPPIECES:0.49269826511648235
C_MATERIAL:0.5
C_MOVECOUNT:0.5
C_PAWNMOVEMENT:0.5014882248805593
