ELO:1085
CE_PASSEDPAWNS:0.5
CE_PAWNWEAKNESSES:0.511724559382151
CE_PIECEACTIVITY:0.5
CE_KINGPAWNSHIELD:0.502989799343693
CE_PIECECOORDINATION:0.49414215960532987
CE_MATERIAL:0.492613220108753
CE_KINGSAFETY:0.4684722822210651
C_PIECESQUARETABLES:0.5028050660952165
C_MOBILITY:0.49851544666896636
C_KINGSAFETY:0.4969403075025108
C_PAWNSTRUCTURE:0.5003784056212636
C_PIECECOORDINATION:0.5
C_ROOKANDPAWNMOVEMENT:0.5
C_CENTERCONTROL:0.4917995200095904
C_DEVELOPPIECES:0.501804757966629
C_MATERIAL:0.5112074092514799
C_MOVECOUNT:0.5
