ELO:998
CE_PASSEDPAWNS:0.589250430851078
CE_PAWNWEAKNESSES:0.52681174203229
CE_PIECEACTIVITY:0.4868134278769129
CE_KINGPAWNSHIELD:0.48575388691035565
CE_PIECECOORDINATION:0.5089421020028982
CE_MATERIAL:0.4479093372826764
CE_KINGSAFETY:0.5083521321008497
C_PIECESQUARETABLES:0.514971212921134
C_MOBILITY:0.4051511597601447
C_KINGSAFETY:0.48276174921311243
C_PAWNSTRUCTURE:0.3902626238017808
C_PIECECOORDINATION:0.49992175428485935
C_ROOKANDPAWNMOVEMENT:0.49992175428485935
C_CENTERCONTROL:0.5669200484449849
C_DEVELOPPIECES:0.5614343201201711
C_MATERIAL:0.4377481411905962
