ELO:1017
CE_PASSEDPAWNS:0.4927426800095269
CE_PAWNWEAKNESSES:0.5
CE_PIECEACTIVITY:0.5108780770683703
CE_KINGPAWNSHIELD:0.5
CE_PIECECOORDINATION:0.5111259301433673
CE_MATERIAL:0.5086035124858388
CE_KINGSAFETY:0.4826891611996483
C_PIECESQUARETABLES:0.5056252590411043
C_MOBILITY:0.5043948796845295
C_KINGSAFETY:0.5
C_PAWNSTRUCTURE:0.5
C_PIECECOORDINATION:0.524010739462729
C_ROOKANDPAWNMOVEMENT:0.524010739462729
C_CENTERCONTROL:0.4982386769633592
C_DEVELOPPIECES:0.5
C_MATERIAL:0.5
C_MOVECOUNT:0.4926571466884953
