ELO:1110
CE_PASSEDPAWNS:0.4900588944404918
CE_PAWNWEAKNESSES:0.5030521650763471
CE_PIECEACTIVITY:0.5
CE_KINGPAWNSHIELD:0.5
CE_PIECECOORDINATION:0.5
CE_MATERIAL:0.4792404180834528
CE_KINGSAFETY:0.46552646898651023
C_PIECESQUARETABLES:0.5028772498013562
C_MOBILITY:0.5189962029598644
C_KINGSAFETY:0.5
C_PAWNSTRUCTURE:0.49651141209738214
C_PIECECOORDINATION:0.5
C_ROOKANDPAWNMOVEMENT:0.5
C_CENTERCONTROL:0.5
C_DEVELOPPIECES:0.4920295214786384
C_MATERIAL:0.5112074092514799
C_MOVECOUNT:0.5
