ELO:923
CE_PASSEDPAWNS:0.4473177163926995
CE_PAWNWEAKNESSES:0.45733164491505934
CE_PIECEACTIVITY:0.4355840916887351
CE_KINGPAWNSHIELD:0.5153112066453422
CE_PIECECOORDINATION:0.6000158055557601
CE_MATERIAL:0.5331905971385658
CE_KINGSAFETY:0.47298856780604753
C_PIECESQUARETABLES:0.47763855573689856
C_MOBILITY:0.43508431093310734
C_KINGSAFETY:0.40056247366777903
C_PAWNSTRUCTURE:0.5471067791755216
C_PIECECOORDINATION:0.5988569542013711
C_ROOKANDPAWNMOVEMENT:0.5988569542013711
C_CENTERCONTROL:0.5254372918979175
C_DEVELOPPIECES:0.5315377807186485
C_MATERIAL:0.49497234535309526
