ELO:968
CE_PASSEDPAWNS:0.49648706053708197
CE_PAWNWEAKNESSES:0.5227171177722268
CE_PIECEACTIVITY:0.4683965040711546
CE_KINGPAWNSHIELD:0.528597916304103
CE_PIECECOORDINATION:0.4948967266928552
CE_MATERIAL:0.4937751531774372
CE_KINGSAFETY:0.4831845687741614
C_PIECESQUARETABLES:0.5115780715295895
C_MOBILITY:0.4924655525024184
C_KINGSAFETY:0.49894446816863947
C_PAWNSTRUCTURE:0.49866626003054326
C_PIECECOORDINATION:0.49841458476294975
C_ROOK:0.5386323631856859
CE_ROOK:0.4779878665552711
C_CENTERCONTROL:0.5170808321827235
C_DEVELOPPIECES:0.49367152584957424
C_MATERIAL:0.4915891020173872
C_MOVECOUNT:0.5069281792424354
C_PAWNMOVEMENT:0.4721655934259991
