ELO:1061
CE_PASSEDPAWNS:0.5
CE_PAWNWEAKNESSES:0.49501759805733486
CE_PIECEACTIVITY:0.5142255443378864
CE_KINGPAWNSHIELD:0.5138269265798723
CE_PIECECOORDINATION:0.5
CE_MATERIAL:0.47627593291314285
CE_KINGSAFETY:0.49803951706475524
C_PIECESQUARETABLES:0.5028050660952165
C_MOBILITY:0.5
C_KINGSAFETY:0.5028660503185084
C_PAWNSTRUCTURE:0.5129552823617778
C_PIECECOORDINATION:0.4972393889788517
C_ROOKANDPAWNMOVEMENT:0.4972393889788517
C_CENTERCONTROL:0.5
C_DEVELOPPIECES:0.5
C_MATERIAL:0.5
C_MOVECOUNT:0.5
