ELO:901
CE_PASSEDPAWNS:0.4702772015682264
CE_PAWNWEAKNESSES:0.4772518534987009
CE_PIECEACTIVITY:0.4206765513008587
CE_KINGPAWNSHIELD:0.5210313296791992
CE_PIECECOORDINATION:0.6335679633327861
CE_MATERIAL:0.50439274593894
CE_KINGSAFETY:0.5056088849336331
C_PIECESQUARETABLES:0.48877860298656384
C_MOBILITY:0.42588245569021593
C_KINGSAFETY:0.3761826316945847
C_PAWNSTRUCTURE:0.5807374656082207
C_PIECECOORDINATION:0.6068167843096832
C_ROOKANDPAWNMOVEMENT:0.6068167843096832
C_CENTERCONTROL:0.5851007987741701
C_DEVELOPPIECES:0.5331090583083251
C_MATERIAL:0.5430024809749241
