ELO:918
CE_PASSEDPAWNS:0.485112606960042
CE_PAWNWEAKNESSES:0.49416232344277905
CE_PIECEACTIVITY:0.4927692923268921
CE_KINGPAWNSHIELD:0.4875280730965333
CE_PIECECOORDINATION:0.522852235149587
CE_MATERIAL:0.4963382536303078
CE_KINGSAFETY:0.5110458946284697
C_PIECESQUARETABLES:0.5006036439667044
C_MOBILITY:0.49416163475140384
C_KINGSAFETY:0.5581075537011329
C_PAWNSTRUCTURE:0.48605582100943495
C_PIECECOORDINATION:0.518556059528218
C_ROOKANDPAWNMOVEMENT:0.518556059528218
C_CENTERCONTROL:0.5024020644980305
C_DEVELOPPIECES:0.5063666182616378
C_MATERIAL:0.5149132118263738
C_MOVECOUNT:0.482853340746641
