ELO:998
CE_PASSEDPAWNS:0.5070860274707638
CE_PAWNWEAKNESSES:0.5015335768615412
CE_PIECEACTIVITY:0.49925024352966824
CE_KINGPAWNSHIELD:0.49510071430874797
CE_PIECECOORDINATION:0.48214889931638794
CE_MATERIAL:0.48464502561961886
CE_KINGSAFETY:0.5
C_PIECESQUARETABLES:0.5
C_MOBILITY:0.4955863426044963
C_KINGSAFETY:0.48633834844194973
C_PAWNSTRUCTURE:0.4932151931203243
C_PIECECOORDINATION:0.4962445247137591
C_ROOKANDPAWNMOVEMENT:0.4962445247137591
C_CENTERCONTROL:0.5
C_DEVELOPPIECES:0.49953083459359837
C_MATERIAL:0.5220452987675831
C_MOVECOUNT:0.5053397693849176
