ELO:1000
CE_PASSEDPAWNS:0.4923701219357142
CE_PAWNWEAKNESSES:0.4351630139879544
CE_PIECEACTIVITY:0.4336509646215403
CE_KINGPAWNSHIELD:0.526440080561629
CE_PIECECOORDINATION:0.5032977453239674
CE_MATERIAL:0.5536590403462783
CE_KINGSAFETY:0.5252289569986558
C_PIECESQUARETABLES:0.5458574233974636
C_MOBILITY:0.45844972324458594
C_KINGSAFETY:0.4238756273203509
C_PAWNSTRUCTURE:0.5339547675526811
C_PIECECOORDINATION:0.5419119691136524
C_ROOKANDPAWNMOVEMENT:0.5419119691136524
C_CENTERCONTROL:0.5258491653042436
C_DEVELOPPIECES:0.4999569939403041
C_MATERIAL:0.4962227988849124
