ELO:1037
CE_PASSEDPAWNS:0.5093979738504342
CE_PAWNWEAKNESSES:0.5
CE_PIECEACTIVITY:0.5108780770683703
CE_KINGPAWNSHIELD:0.5
CE_PIECECOORDINATION:0.5
CE_MATERIAL:0.505936480221108
CE_KINGSAFETY:0.48855257328575763
C_PIECESQUARETABLES:0.5
C_MOBILITY:0.5
C_KINGSAFETY:0.48829655137868155
C_PAWNSTRUCTURE:0.5225712099894599
C_PIECECOORDINATION:0.5037263060568353
C_ROOKANDPAWNMOVEMENT:0.5037263060568353
C_CENTERCONTROL:0.5016551891089585
C_DEVELOPPIECES:0.5
C_MATERIAL:0.49184205355148114
C_MOVECOUNT:0.5
