ELO:1000
CE_PASSEDPAWNS:0.490127546259049
CE_PAWNWEAKNESSES:0.5
CE_PIECEACTIVITY:0.5003460436098519
CE_KINGPAWNSHIELD:0.5
CE_PIECECOORDINATION:0.4963129485493381
CE_MATERIAL:0.4982786837406046
CE_KINGSAFETY:0.5
C_PIECESQUARETABLES:0.5113836095969035
C_MOBILITY:0.5093497857803982
C_KINGSAFETY:0.5073179626744418
C_PAWNSTRUCTURE:0.49953859819239343
C_PIECECOORDINATION:0.5
C_ROOK:0.5067043232336144
CE_ROOK:0.49405025704486055
C_CENTERCONTROL:0.5053088694424432
C_DEVELOPPIECES:0.5060888740105915
C_MATERIAL:0.5
C_MOVECOUNT:0.5098272539853438
C_PAWNMOVEMENT:0.5
