ELO:988
CE_PASSEDPAWNS:0.3635648788934117
CE_PAWNWEAKNESSES:0.5083692464520175
CE_PIECEACTIVITY:0.5484439993133767
CE_KINGPAWNSHIELD:0.47296228941213614
CE_PIECECOORDINATION:0.4565199630866291
CE_MATERIAL:0.4950456844834119
CE_KINGSAFETY:0.5089151201842703
C_PIECESQUARETABLES:0.5
C_MOBILITY:0.4961278185961998
C_KINGSAFETY:0.5594239720260957
C_PAWNSTRUCTURE:0.3249682098279724
C_PIECECOORDINATION:0.4406525611399469
C_ROOKANDPAWNMOVEMENT:0.4406525611399469
C_CENTERCONTROL:0.3649223479879288
C_DEVELOPPIECES:0.4787747644238543
C_MATERIAL:0.6851219147133509
