ELO:938
CE_PASSEDPAWNS:0.48544522240137933
CE_PAWNWEAKNESSES:0.5046743435955375
CE_PIECEACTIVITY:0.4996334206992168
CE_KINGPAWNSHIELD:0.5372805409522277
CE_PIECECOORDINATION:0.5070728682807853
CE_MATERIAL:0.5314287646408371
CE_KINGSAFETY:0.49835254278983326
C_PIECESQUARETABLES:0.5016498245586819
C_MOBILITY:0.5132187807600868
C_KINGSAFETY:0.4858872315939199
C_PAWNSTRUCTURE:0.5085710575349658
C_PIECECOORDINATION:0.5070606047810524
C_ROOK:0.5119351354436745
CE_ROOK:0.4756424473849509
C_CENTERCONTROL:0.5169340744780286
C_DEVELOPPIECES:0.5065903393581419
C_MATERIAL:0.4742867178979818
C_MOVECOUNT:0.559846667305339
C_PAWNMOVEMENT:0.4556401384540628
