ELO:1000
CE_PASSEDPAWNS:0.4896596238232844
CE_PAWNWEAKNESSES:0.46956186282890616
CE_PIECEACTIVITY:0.4726795313628618
CE_KINGPAWNSHIELD:0.5378270970469738
CE_PIECECOORDINATION:0.4929698506922426
CE_MATERIAL:0.5220526754736154
CE_KINGSAFETY:0.5295304176733143
C_PIECESQUARETABLES:0.4834976554656297
C_MOBILITY:0.4937675662164865
C_KINGSAFETY:0.47909252844840094
C_PAWNSTRUCTURE:0.5220460986243495
C_PIECECOORDINATION:0.5455321697105351
C_ROOKANDPAWNMOVEMENT:0.5455321697105351
C_CENTERCONTROL:0.5197192375696428
C_DEVELOPPIECES:0.5035918323723125
C_MATERIAL:0.5175979125160606
