ELO:892
CE_PASSEDPAWNS:0.5169241242903949
CE_PAWNWEAKNESSES:0.47901914351017616
CE_PIECEACTIVITY:0.5068738951464675
CE_KINGPAWNSHIELD:0.4878449506793736
CE_PIECECOORDINATION:0.5951197821924639
CE_MATERIAL:0.5300523737248034
CE_KINGSAFETY:0.4804065415538737
C_PIECESQUARETABLES:0.4944267772579433
C_MOBILITY:0.4928915897095938
C_KINGSAFETY:0.5735318131398823
C_PAWNSTRUCTURE:0.5123374729809627
C_PIECECOORDINATION:0.5724274926077823
C_ROOKANDPAWNMOVEMENT:0.5724274926077823
C_CENTERCONTROL:0.5387150490503271
C_DEVELOPPIECES:0.43597713995413306
C_MATERIAL:0.5108432234454091
C_MOVECOUNT:0.49029958516157063
