ELO:914
CE_PASSEDPAWNS:0.5067219993638581
CE_PAWNWEAKNESSES:0.5042336213566627
CE_PIECEACTIVITY:0.5093935633341662
CE_KINGPAWNSHIELD:0.5369046602248365
CE_PIECECOORDINATION:0.5164302385719125
CE_MATERIAL:0.5258688990541112
CE_KINGSAFETY:0.4890027456777469
C_PIECESQUARETABLES:0.5076233065977171
C_MOBILITY:0.5152920283826119
C_KINGSAFETY:0.48514518864135336
C_PAWNSTRUCTURE:0.5124946952803964
C_PIECECOORDINATION:0.49604670261708234
C_ROOK:0.5169435319099528
CE_ROOK:0.4756424473849509
C_CENTERCONTROL:0.5169340744780286
C_DEVELOPPIECES:0.5025552354195537
C_MATERIAL:0.4742867178979818
C_MOVECOUNT:0.5632254698915007
C_PAWNMOVEMENT:0.44311180298193903
