ELO:1000
CE_PASSEDPAWNS:0.5074250807844777
CE_PAWNWEAKNESSES:0.48460703242511277
CE_PIECEACTIVITY:0.5396628302106627
CE_KINGPAWNSHIELD:0.5498048935337857
CE_PIECECOORDINATION:0.5163620712274999
CE_MATERIAL:0.4713737997978054
CE_KINGSAFETY:0.5081655530014525
C_PIECESQUARETABLES:0.5051485606686398
C_MOBILITY:0.461078981093256
C_KINGSAFETY:0.5140698942746202
C_PAWNSTRUCTURE:0.47259768789154954
C_PIECECOORDINATION:0.47742058464755693
C_ROOKANDPAWNMOVEMENT:0.47742058464755693
C_CENTERCONTROL:0.5120475980203731
C_DEVELOPPIECES:0.47446082708314946
C_MATERIAL:0.5203024160457589
