ELO:982
CE_PASSEDPAWNS:0.4981747916271942
CE_PAWNWEAKNESSES:0.5039190893370804
CE_PIECEACTIVITY:0.5059988318502018
CE_KINGPAWNSHIELD:0.5085647772845774
CE_PIECECOORDINATION:0.5
CE_MATERIAL:0.5008030804470482
CE_KINGSAFETY:0.4964346261040523
C_PIECESQUARETABLES:0.48574269782780366
C_MOBILITY:0.49677709510218576
C_KINGSAFETY:0.47870261439033807
C_PAWNSTRUCTURE:0.5092232728006777
C_PIECECOORDINATION:0.5037018640883122
C_ROOKANDPAWNMOVEMENT:0.5037018640883122
C_CENTERCONTROL:0.47684454923423414
C_DEVELOPPIECES:0.5
C_MATERIAL:0.4951439474348187
