ELO:976
CE_PASSEDPAWNS:0.4614922474277151
CE_PAWNWEAKNESSES:0.44430603267171453
CE_PIECEACTIVITY:0.4167843356919202
CE_KINGPAWNSHIELD:0.5287662102650712
CE_PIECECOORDINATION:0.536152720710012
CE_MATERIAL:0.5323136792076968
CE_KINGSAFETY:0.49361727857425275
C_PIECESQUARETABLES:0.5
C_MOBILITY:0.47258439817463666
C_KINGSAFETY:0.40577058294453966
C_PAWNSTRUCTURE:0.5495940323602645
C_PIECECOORDINATION:0.5709732521313523
C_ROOKANDPAWNMOVEMENT:0.5709732521313523
C_CENTERCONTROL:0.5667288478416791
C_DEVELOPPIECES:0.5095273887600813
C_MATERIAL:0.487844082828955
