ELO:931
CE_PASSEDPAWNS:0.49983305858076743
CE_PAWNWEAKNESSES:0.4063440314509987
CE_PIECEACTIVITY:0.5412503231619679
CE_KINGPAWNSHIELD:0.539380338680297
CE_PIECECOORDINATION:0.5095072935218928
CE_MATERIAL:0.47226898004781376
CE_KINGSAFETY:0.5
C_PIECESQUARETABLES:0.5
C_MOBILITY:0.49241809176607787
C_KINGSAFETY:0.5526740091736844
C_PAWNSTRUCTURE:0.4282073142475563
C_PIECECOORDINATION:0.5092211678005004
C_ROOKANDPAWNMOVEMENT:0.5092211678005004
C_CENTERCONTROL:0.4436718902494277
C_DEVELOPPIECES:0.5
C_MATERIAL:0.48456508695121436
C_MOVECOUNT:0.5
