ELO:983
CE_PASSEDPAWNS:0.4972313854398933
CE_PAWNWEAKNESSES:0.49465413454373236
CE_PIECEACTIVITY:0.47950835297923217
CE_KINGPAWNSHIELD:0.5015078235843702
CE_PIECECOORDINATION:0.5158476342464978
CE_MATERIAL:0.5007113411300642
CE_KINGSAFETY:0.48876175935507227
C_PIECESQUARETABLES:0.5182599220707035
C_MOBILITY:0.4901542722378542
C_KINGSAFETY:0.47813786923899587
C_PAWNSTRUCTURE:0.5
C_PIECECOORDINATION:0.5166428603537134
C_ROOKANDPAWNMOVEMENT:0.5166428603537134
C_CENTERCONTROL:0.5069290118929205
C_DEVELOPPIECES:0.5025830747177433
C_MATERIAL:0.5061484093349906
C_MOVECOUNT:0.48222039447348647
