ELO:878
CE_PASSEDPAWNS:0.4715769566988935
CE_PAWNWEAKNESSES:0.5282386791736777
CE_PIECEACTIVITY:0.471035238638851
CE_KINGPAWNSHIELD:0.4584369613295068
CE_PIECECOORDINATION:0.48133289922894645
CE_MATERIAL:0.47098762451740384
CE_KINGSAFETY:0.5329685177345901
C_PIECESQUARETABLES:0.47869021427572533
C_MOBILITY:0.5319268470144339
C_KINGSAFETY:0.589621199528947
C_PAWNSTRUCTURE:0.5100050030958877
C_PIECECOORDINATION:0.5379936148998686
C_ROOKANDPAWNMOVEMENT:0.5379936148998686
C_CENTERCONTROL:0.5598649712059399
C_DEVELOPPIECES:0.49661229318208583
C_MATERIAL:0.46731392124550925
C_MOVECOUNT:0.5
