ELO:910
CE_PASSEDPAWNS:0.5454315965826673
CE_PAWNWEAKNESSES:0.45843825344256883
CE_PIECEACTIVITY:0.5147066663982882
CE_KINGPAWNSHIELD:0.536495772856151
CE_PIECECOORDINATION:0.5147712096894225
CE_MATERIAL:0.4347863646910898
CE_KINGSAFETY:0.485828994098054
C_PIECESQUARETABLES:0.49273892550024956
C_MOBILITY:0.38376835222751055
C_KINGSAFETY:0.5738956033535685
C_PAWNSTRUCTURE:0.36950398042271376
C_PIECECOORDINATION:0.48474953973742274
C_ROOKANDPAWNMOVEMENT:0.48474953973742274
C_CENTERCONTROL:0.43228970296753577
C_DEVELOPPIECES:0.45379058774434916
C_MATERIAL:0.5169345084245748
