ELO:1031
CE_PASSEDPAWNS:0.5
CE_PAWNWEAKNESSES:0.5033340278702938
CE_PIECEACTIVITY:0.4894153232143965
CE_KINGPAWNSHIELD:0.4894625809668734
CE_PIECECOORDINATION:0.49581172478000785
CE_MATERIAL:0.4977698114533411
CE_KINGSAFETY:0.5
C_PIECESQUARETABLES:0.5
C_MOBILITY:0.48525873277308224
C_KINGSAFETY:0.5007384577688214
C_PAWNSTRUCTURE:0.4904475089802194
C_PIECECOORDINATION:0.5
C_ROOK:0.49977200563472757
CE_ROOK:0.5104333872813175
C_CENTERCONTROL:0.5060729752178358
C_DEVELOPPIECES:0.4891257749276756
C_MATERIAL:0.5055254538242581
C_MOVECOUNT:0.5
C_PAWNMOVEMENT:0.48753663364822986
