ELO:901
CE_PASSEDPAWNS:0.4702772015682264
CE_PAWNWEAKNESSES:0.4772518534987009
CE_PIECEACTIVITY:0.43005249577476456
CE_KINGPAWNSHIELD:0.5234540018426161
CE_PIECECOORDINATION:0.6254086644224647
CE_MATERIAL:0.4951294007176464
CE_KINGSAFETY:0.5056088849336331
C_PIECESQUARETABLES:0.48877860298656384
C_MOBILITY:0.4370691216108829
C_KINGSAFETY:0.38560576927773565
C_PAWNSTRUCTURE:0.5971108008416254
C_PIECECOORDINATION:0.6099282464661715
C_ROOKANDPAWNMOVEMENT:0.6099282464661715
C_CENTERCONTROL:0.5748925341196821
C_DEVELOPPIECES:0.541271544365441
C_MATERIAL:0.5430024809749241
