ELO:924
CE_PASSEDPAWNS:0.5309200483472086
CE_PAWNWEAKNESSES:0.48655929248818297
CE_PIECEACTIVITY:0.4863542699653865
CE_KINGPAWNSHIELD:0.47298178689191994
CE_PIECECOORDINATION:0.5186679872740195
CE_MATERIAL:0.5108590803725634
CE_KINGSAFETY:0.5179446005114245
C_PIECESQUARETABLES:0.5047402763229067
C_MOBILITY:0.4928911766676125
C_KINGSAFETY:0.4805101856262145
C_PAWNSTRUCTURE:0.4849001871279309
C_PIECECOORDINATION:0.49007489454078573
C_ROOKANDPAWNMOVEMENT:0.49007489454078573
C_CENTERCONTROL:0.5167861068140082
C_DEVELOPPIECES:0.5043110575403659
C_MATERIAL:0.5006211255161581
C_MOVECOUNT:0.5
