ELO:1000
CE_PASSEDPAWNS:0.5
CE_PAWNWEAKNESSES:0.49547353179565
CE_PIECEACTIVITY:0.5039901168986886
CE_KINGPAWNSHIELD:0.49902784985423154
CE_PIECECOORDINATION:0.503119524708764
CE_MATERIAL:0.5080992995842095
CE_KINGSAFETY:0.5220711929854849
C_PIECESQUARETABLES:0.5
C_MOBILITY:0.5
C_KINGSAFETY:0.48853547503888983
C_PAWNSTRUCTURE:0.5
C_PIECECOORDINATION:0.4867797795720257
C_ROOKANDPAWNMOVEMENT:0.4867797795720257
C_CENTERCONTROL:0.5120230124143496
C_DEVELOPPIECES:0.5046800388285884
C_MATERIAL:0.4956544328649467
