ELO:952
CE_PASSEDPAWNS:0.47858330587292036
CE_PAWNWEAKNESSES:0.49072468078185916
CE_PIECEACTIVITY:0.4755875392526906
CE_KINGPAWNSHIELD:0.4887029207709797
CE_PIECECOORDINATION:0.5230263832365954
CE_MATERIAL:0.5083001553329348
CE_KINGSAFETY:0.5114104008905557
C_PIECESQUARETABLES:0.5006036439667044
C_MOBILITY:0.49416163475140384
C_KINGSAFETY:0.546503133223304
C_PAWNSTRUCTURE:0.4873354349845767
C_PIECECOORDINATION:0.5054761215249313
C_ROOKANDPAWNMOVEMENT:0.5054761215249313
C_CENTERCONTROL:0.5067593684332095
C_DEVELOPPIECES:0.5060727079588311
C_MATERIAL:0.5149132118263738
C_MOVECOUNT:0.4851872092494112
