ELO:1007
CE_PASSEDPAWNS:0.5864432812536757
CE_PAWNWEAKNESSES:0.5120743353657502
CE_PIECEACTIVITY:0.4901232074638447
CE_KINGPAWNSHIELD:0.4814137495504534
CE_PIECECOORDINATION:0.5078561795439801
CE_MATERIAL:0.4479093372826764
CE_KINGSAFETY:0.49239670910429634
C_PIECESQUARETABLES:0.48771027342297607
C_MOBILITY:0.4049952257535736
C_KINGSAFETY:0.4790502038334142
C_PAWNSTRUCTURE:0.3995229486079438
C_PIECECOORDINATION:0.47857643098577196
C_ROOKANDPAWNMOVEMENT:0.47857643098577196
C_CENTERCONTROL:0.5790851434492693
C_DEVELOPPIECES:0.5574265329260024
C_MATERIAL:0.43948047562337944
