ELO:988
CE_PASSEDPAWNS:0.5129157486636191
CE_PAWNWEAKNESSES:0.4488336073376924
CE_PIECEACTIVITY:0.5433944526449809
CE_KINGPAWNSHIELD:0.5463308070601929
CE_PIECECOORDINATION:0.5262189773970899
CE_MATERIAL:0.4264236813236401
CE_KINGSAFETY:0.5006468114231363
C_PIECESQUARETABLES:0.5490549582690181
C_MOBILITY:0.36489090560130477
C_KINGSAFETY:0.5719050566301406
C_PAWNSTRUCTURE:0.44933172582831865
C_PIECECOORDINATION:0.47301219022637986
C_ROOKANDPAWNMOVEMENT:0.47301219022637986
C_CENTERCONTROL:0.4530230380001558
C_DEVELOPPIECES:0.4705985158500939
C_MATERIAL:0.5252630128072966
