ELO:949
CE_PASSEDPAWNS:0.4893162437603358
CE_PAWNWEAKNESSES:0.5080287140782541
CE_PIECEACTIVITY:0.4778469680405102
CE_KINGPAWNSHIELD:0.522421683605213
CE_PIECECOORDINATION:0.5186907882001621
CE_MATERIAL:0.5144008731120563
CE_KINGSAFETY:0.48754245223959475
C_PIECESQUARETABLES:0.4975248552158043
C_MOBILITY:0.5156612820991208
C_KINGSAFETY:0.5031554024855167
C_PAWNSTRUCTURE:0.5028051295350536
C_PIECECOORDINATION:0.5133694881149601
C_ROOK:0.522545828075299
CE_ROOK:0.4750912039867427
C_CENTERCONTROL:0.5010783054570693
C_DEVELOPPIECES:0.4896052758272882
C_MATERIAL:0.46765235106550074
C_MOVECOUNT:0.5544719458533043
C_PAWNMOVEMENT:0.46791858692441596
