ELO:911
CE_PASSEDPAWNS:0.45437957310498617
CE_PAWNWEAKNESSES:0.4528888490881005
CE_PIECEACTIVITY:0.4444492627237118
CE_KINGPAWNSHIELD:0.5355198546816411
CE_PIECECOORDINATION:0.6116858892760224
CE_MATERIAL:0.4896530380457349
CE_KINGSAFETY:0.5073167101106322
C_PIECESQUARETABLES:0.4921301826606467
C_MOBILITY:0.40710752775363757
C_KINGSAFETY:0.3724575768095173
C_PAWNSTRUCTURE:0.5652645358274978
C_PIECECOORDINATION:0.6246456216288779
C_ROOKANDPAWNMOVEMENT:0.6246456216288779
C_CENTERCONTROL:0.547667226276604
C_DEVELOPPIECES:0.5118446800351372
C_MATERIAL:0.5089314531566244
