ELO:987
CE_PASSEDPAWNS:0.4873865525715682
CE_PAWNWEAKNESSES:0.5105102659472718
CE_PIECEACTIVITY:0.5003460436098519
CE_KINGPAWNSHIELD:0.5036386467009614
CE_PIECECOORDINATION:0.4946793952677388
CE_MATERIAL:0.49480218642799967
CE_KINGSAFETY:0.5
C_PIECESQUARETABLES:0.5084287723374319
C_MOBILITY:0.5093497857803982
C_KINGSAFETY:0.497159245659905
C_PAWNSTRUCTURE:0.49953859819239343
C_PIECECOORDINATION:0.5
C_ROOK:0.5251569717128329
CE_ROOK:0.49405025704486055
C_CENTERCONTROL:0.5181936934085617
C_DEVELOPPIECES:0.5172031751370657
C_MATERIAL:0.4969359614540169
C_MOVECOUNT:0.5098272539853438
C_PAWNMOVEMENT:0.48781792025047427
