ELO:1025
CE_PASSEDPAWNS:0.5
CE_PAWNWEAKNESSES:0.5
CE_PIECEACTIVITY:0.5068907551065929
CE_KINGPAWNSHIELD:0.5
CE_PIECECOORDINATION:0.5
CE_MATERIAL:0.5071547883388072
CE_KINGSAFETY:0.5
C_PIECESQUARETABLES:0.5
C_MOBILITY:0.5041041000401109
C_KINGSAFETY:0.5089937838071213
C_PAWNSTRUCTURE:0.4958464744443468
C_PIECECOORDINATION:0.4842497996095
C_ROOKANDPAWNMOVEMENT:0.4842497996095
C_CENTERCONTROL:0.5016551891089585
C_DEVELOPPIECES:0.5
C_MATERIAL:0.5
C_MOVECOUNT:0.5
