ELO:756
CE_PASSEDPAWNS:0.5280895320645875
CE_PAWNWEAKNESSES:0.587553141792701
CE_PIECEACTIVITY:0.49394034231145484
CE_KINGPAWNSHIELD:0.4998300944701733
CE_PIECECOORDINATION:0.48388135992527254
CE_MATERIAL:0.5139475572902352
CE_KINGSAFETY:0.4828152294934884
C_PIECESQUARETABLES:0.5433121957805955
C_MOBILITY:0.48509314907640294
C_KINGSAFETY:0.5041291115809646
C_PAWNSTRUCTURE:0.4776985048019238
C_PIECECOORDINATION:0.5056341002573418
C_ROOKANDPAWNMOVEMENT:0.5056341002573418
C_CENTERCONTROL:0.5266861352034035
C_DEVELOPPIECES:0.5274501556476023
C_MATERIAL:0.5140922158682334
C_MOVECOUNT:0.5
