ELO:865
CE_PASSEDPAWNS:0.560086147517853
CE_PAWNWEAKNESSES:0.47485750332049736
CE_PIECEACTIVITY:0.48211624478606546
CE_KINGPAWNSHIELD:0.4739082250740045
CE_PIECECOORDINATION:0.5030563761236955
CE_MATERIAL:0.5139486557042829
CE_KINGSAFETY:0.510261514484918
C_PIECESQUARETABLES:0.5124925314016329
C_MOBILITY:0.49890314619509657
C_KINGSAFETY:0.493854833775666
C_PAWNSTRUCTURE:0.5047948296865445
C_PIECECOORDINATION:0.47714013710055714
C_ROOKANDPAWNMOVEMENT:0.47714013710055714
C_CENTERCONTROL:0.5318593605990043
C_DEVELOPPIECES:0.48073886068749677
C_MATERIAL:0.49624361476137624
C_MOVECOUNT:0.5
