ELO:970
CE_PASSEDPAWNS:0.5001122188792597
CE_PAWNWEAKNESSES:0.5107946817801016
CE_PIECEACTIVITY:0.5152284634754638
CE_KINGPAWNSHIELD:0.4460019884719024
CE_PIECECOORDINATION:0.5281324859720393
CE_MATERIAL:0.5121596675644918
CE_KINGSAFETY:0.5
C_PIECESQUARETABLES:0.5
C_MOBILITY:0.5018551063735192
C_KINGSAFETY:0.4862108070168381
C_PAWNSTRUCTURE:0.4985932247109539
C_PIECECOORDINATION:0.5117840080708047
C_ROOKANDPAWNMOVEMENT:0.5117840080708047
C_CENTERCONTROL:0.4450918790532411
C_DEVELOPPIECES:0.5461354244654834
C_MATERIAL:0.5150741188703157
C_MOVECOUNT:0.5617060508494521
