ELO:993
CE_PASSEDPAWNS:0.48790931933327053
CE_PAWNWEAKNESSES:0.5204298328571003
CE_PIECEACTIVITY:0.5027600338336523
CE_KINGPAWNSHIELD:0.48823530134148
CE_PIECECOORDINATION:0.5045517273174809
CE_MATERIAL:0.505680386636423
CE_KINGSAFETY:0.487007507914716
C_PIECESQUARETABLES:0.5099143175619099
C_MOBILITY:0.49412070693587967
C_KINGSAFETY:0.5112081667649172
C_PAWNSTRUCTURE:0.514436406056095
C_PIECECOORDINATION:0.4991326106465985
C_ROOKANDPAWNMOVEMENT:0.4991326106465985
C_CENTERCONTROL:0.503523581142905
C_DEVELOPPIECES:0.49773270943982256
C_MATERIAL:0.49708834032395227
C_MOVECOUNT:0.5
