ELO:1000
CE_PASSEDPAWNS:0.5192137995625392
CE_PAWNWEAKNESSES:0.49686497579861494
CE_PIECEACTIVITY:0.5153425144764584
CE_KINGPAWNSHIELD:0.49485549381286636
CE_PIECECOORDINATION:0.502997789207894
CE_MATERIAL:0.5061033439035287
CE_KINGSAFETY:0.4926599481240598
C_PIECESQUARETABLES:0.49846026175271385
C_MOBILITY:0.506796673598898
C_KINGSAFETY:0.5010074476000689
C_PAWNSTRUCTURE:0.5028828099537612
C_PIECECOORDINATION:0.49569772064954454
C_ROOKANDPAWNMOVEMENT:0.49569772064954454
C_CENTERCONTROL:0.5110510100428014
C_DEVELOPPIECES:0.49087422384541735
C_MATERIAL:0.5075809582020905
