ELO:647
CE_PASSEDPAWNS:0.43167755357625925
CE_PAWNWEAKNESSES:0.47106591531738373
CE_PIECEACTIVITY:0.4809103275462818
CE_KINGPAWNSHIELD:0.5458649699007325
CE_PIECECOORDINATION:0.5560265201020694
CE_MATERIAL:0.634744641611148
CE_KINGSAFETY:0.4980564693486509
C_PIECESQUARETABLES:0.5321185377703215
C_MOBILITY:0.49496094195296125
C_KINGSAFETY:0.4656469970257185
C_PAWNSTRUCTURE:0.5918685652815628
C_PIECECOORDINATION:0.4589104322224855
C_ROOKANDPAWNMOVEMENT:0.4589104322224855
C_CENTERCONTROL:0.4650964756635419
C_DEVELOPPIECES:0.49998977326401134
C_MATERIAL:0.4078793053217478
C_MOVECOUNT:0.5
