ELO:679
CE_PASSEDPAWNS:0.3452455546507674
CE_PAWNWEAKNESSES:0.42595224215842936
CE_PIECEACTIVITY:0.5301887271198699
CE_KINGPAWNSHIELD:0.5560055141637951
CE_PIECECOORDINATION:0.4655323676882947
CE_MATERIAL:0.6134853895174366
CE_KINGSAFETY:0.5269363155596322
C_PIECESQUARETABLES:0.506546575498007
C_MOBILITY:0.5036268646378949
C_KINGSAFETY:0.4807758912319659
C_PAWNSTRUCTURE:0.5649819986878444
C_PIECECOORDINATION:0.45430686374044027
C_ROOKANDPAWNMOVEMENT:0.45430686374044027
C_CENTERCONTROL:0.378365692548731
C_DEVELOPPIECES:0.4911784510201662
C_MATERIAL:0.4468848519980101
C_MOVECOUNT:0.5193132770127881
