ELO:869
CE_PASSEDPAWNS:0.4756194745400634
CE_PAWNWEAKNESSES:0.5300384539367177
CE_PIECEACTIVITY:0.5061001377769347
CE_KINGPAWNSHIELD:0.46638248368064644
CE_PIECECOORDINATION:0.46823056179299943
CE_MATERIAL:0.49626628403374945
CE_KINGSAFETY:0.5
C_PIECESQUARETABLES:0.5
C_MOBILITY:0.4591134697090963
C_KINGSAFETY:0.4877947833166146
C_PAWNSTRUCTURE:0.5150097338547246
C_PIECECOORDINATION:0.5139969727566901
C_ROOK:0.4440756989452013
CE_ROOK:0.5099880592068932
C_CENTERCONTROL:0.42143387961573364
C_DEVELOPPIECES:0.5188215181151278
C_MATERIAL:0.501000368556336
C_MOVECOUNT:0.4581865866564584
C_PAWNMOVEMENT:0.5435492357584467
