ELO:964
CE_PASSEDPAWNS:0.436192193185617
CE_PAWNWEAKNESSES:0.5150690480391317
CE_PIECEACTIVITY:0.4867061920775808
CE_KINGPAWNSHIELD:0.46637387745304404
CE_PIECECOORDINATION:0.5276598869015786
CE_MATERIAL:0.44339828869161474
CE_KINGSAFETY:0.5138397362549684
C_PIECESQUARETABLES:0.49465186185066373
C_MOBILITY:0.4773539248075911
C_KINGSAFETY:0.45330093658406767
C_PAWNSTRUCTURE:0.45744328916434956
C_PIECECOORDINATION:0.4974450977595448
C_ROOKANDPAWNMOVEMENT:0.4974450977595448
C_CENTERCONTROL:0.4878763008390721
C_DEVELOPPIECES:0.5974880042416697
C_MATERIAL:0.5009837048391395
