ELO:987
CE_PASSEDPAWNS:0.49325641256385877
CE_PAWNWEAKNESSES:0.45228031101388005
CE_PIECEACTIVITY:0.5128495073181688
CE_KINGPAWNSHIELD:0.5094204882235956
CE_PIECECOORDINATION:0.5020171245714186
CE_MATERIAL:0.5143161001068335
CE_KINGSAFETY:0.4698537889605363
C_PIECESQUARETABLES:0.5257198394220656
C_MOBILITY:0.5292159994407828
C_KINGSAFETY:0.5472135616410402
C_PAWNSTRUCTURE:0.485859704774294
C_PIECECOORDINATION:0.4895987753004243
C_ROOKANDPAWNMOVEMENT:0.4895987753004243
C_CENTERCONTROL:0.5030743371776935
C_DEVELOPPIECES:0.48922355153053726
C_MATERIAL:0.5343238889763027
C_MOVECOUNT:0.5178196310723677
