ELO:712
CE_PASSEDPAWNS:0.4665847088817468
CE_PAWNWEAKNESSES:0.5234657845582501
CE_PIECEACTIVITY:0.5030187158835748
CE_KINGPAWNSHIELD:0.5312328262019046
CE_PIECECOORDINATION:0.5224633742160535
CE_MATERIAL:0.5625773524064649
CE_KINGSAFETY:0.49266438371114185
C_PIECESQUARETABLES:0.5134186900292752
C_MOBILITY:0.5171516831193942
C_KINGSAFETY:0.46364967259963563
C_PAWNSTRUCTURE:0.600272025115435
C_PIECECOORDINATION:0.515034422240875
C_ROOKANDPAWNMOVEMENT:0.515034422240875
C_CENTERCONTROL:0.4371695122119929
C_DEVELOPPIECES:0.497076031977145
C_MATERIAL:0.4194159679236712
C_MOVECOUNT:0.5
