ELO:972
CE_PASSEDPAWNS:0.5084192547480895
CE_PAWNWEAKNESSES:0.4856451663470876
CE_PIECEACTIVITY:0.5250125457237678
CE_KINGPAWNSHIELD:0.5278177767141231
CE_PIECECOORDINATION:0.5129449787271612
CE_MATERIAL:0.4851818564823461
CE_KINGSAFETY:0.5
C_PIECESQUARETABLES:0.5176855991694916
C_MOBILITY:0.4565837093856107
C_KINGSAFETY:0.5008074484329251
C_PAWNSTRUCTURE:0.5203951148696759
C_PIECECOORDINATION:0.5216259218870349
C_ROOK:0.46900327524684077
CE_ROOK:0.5195194148761685
C_CENTERCONTROL:0.4951376118472069
C_DEVELOPPIECES:0.5158742788391522
C_MATERIAL:0.5088875320094842
C_MOVECOUNT:0.4986170960534717
C_PAWNMOVEMENT:0.48517878153997185
