ELO:948
CE_PASSEDPAWNS:0.41301290925484047
CE_PAWNWEAKNESSES:0.5212876548797182
CE_PIECEACTIVITY:0.4870634862179628
CE_KINGPAWNSHIELD:0.4763461144458044
CE_PIECECOORDINATION:0.5517019036958712
CE_MATERIAL:0.4098352419237373
CE_KINGSAFETY:0.5090538625312728
C_PIECESQUARETABLES:0.5315165301885408
C_MOBILITY:0.5102755715685132
C_KINGSAFETY:0.4529089794364469
C_PAWNSTRUCTURE:0.4770096753152095
C_PIECECOORDINATION:0.5060110139634464
C_ROOKANDPAWNMOVEMENT:0.5060110139634464
C_CENTERCONTROL:0.48806269724349455
C_DEVELOPPIECES:0.5780191252389804
C_MATERIAL:0.4729293354219014
