ELO:974
CE_PASSEDPAWNS:0.4876388950784864
CE_PAWNWEAKNESSES:0.5
CE_PIECEACTIVITY:0.49844026817932113
CE_KINGPAWNSHIELD:0.5
CE_PIECECOORDINATION:0.4974607051535897
CE_MATERIAL:0.5
CE_KINGSAFETY:0.4943811766329277
C_PIECESQUARETABLES:0.5204486663084129
C_MOBILITY:0.5
C_KINGSAFETY:0.5
C_PAWNSTRUCTURE:0.5
C_PIECECOORDINATION:0.4979781488552144
C_ROOKANDPAWNMOVEMENT:0.4979781488552144
C_CENTERCONTROL:0.5
C_DEVELOPPIECES:0.5
C_MATERIAL:0.4885697871988734
