ELO:948
CE_PASSEDPAWNS:0.4916343820406717
CE_PAWNWEAKNESSES:0.49008758742439273
CE_PIECEACTIVITY:0.5240544574452652
CE_KINGPAWNSHIELD:0.5
CE_PIECECOORDINATION:0.508215506666627
CE_MATERIAL:0.506158882157261
CE_KINGSAFETY:0.5
C_PIECESQUARETABLES:0.4990460334487361
C_MOBILITY:0.5
C_KINGSAFETY:0.491029265766677
C_PAWNSTRUCTURE:0.5061158131064405
C_PIECECOORDINATION:0.5085887576635147
C_ROOKANDPAWNMOVEMENT:0.5085887576635147
C_CENTERCONTROL:0.4617017963461726
C_DEVELOPPIECES:0.4912991398261651
C_MATERIAL:0.4819541974748392
C_MOVECOUNT:0.5
