ELO:753
CE_PASSEDPAWNS:0.42360525060286564
CE_PAWNWEAKNESSES:0.5026272347984941
CE_PIECEACTIVITY:0.4807821984409273
CE_KINGPAWNSHIELD:0.5286551056497658
CE_PIECECOORDINATION:0.5566042355262888
CE_MATERIAL:0.5957353808886576
CE_KINGSAFETY:0.47967349421419864
C_PIECESQUARETABLES:0.5049177842880868
C_MOBILITY:0.4917550366528709
C_KINGSAFETY:0.46472615953876645
C_PAWNSTRUCTURE:0.5961249715133682
C_PIECECOORDINATION:0.5126216186223398
C_ROOKANDPAWNMOVEMENT:0.5126216186223398
C_CENTERCONTROL:0.4481963544050354
C_DEVELOPPIECES:0.5166056548371871
C_MATERIAL:0.4487348919753132
C_MOVECOUNT:0.5
