ELO:999
CE_PASSEDPAWNS:0.5003969593148292
CE_PAWNWEAKNESSES:0.498640124909601
CE_PIECEACTIVITY:0.5102018810703702
CE_KINGPAWNSHIELD:0.5195846122105882
CE_PIECECOORDINATION:0.5
CE_MATERIAL:0.48424606141138
CE_KINGSAFETY:0.5
C_PIECESQUARETABLES:0.5
C_MOBILITY:0.4999773539247669
C_KINGSAFETY:0.507021416607599
C_PAWNSTRUCTURE:0.5104516318585186
C_PIECECOORDINATION:0.5073190300069212
C_ROOK:0.5058096445688371
CE_ROOK:0.5
C_CENTERCONTROL:0.5
C_DEVELOPPIECES:0.49387653489057454
C_MATERIAL:0.5
C_MOVECOUNT:0.5
C_PAWNMOVEMENT:0.4911478214057877
