ELO:618
CE_PASSEDPAWNS:0.33757821682739064
CE_PAWNWEAKNESSES:0.4227960350899807
CE_PIECEACTIVITY:0.5412098543638179
CE_KINGPAWNSHIELD:0.5546609243783859
CE_PIECECOORDINATION:0.48690985216693533
CE_MATERIAL:0.6280592228154848
CE_KINGSAFETY:0.5027703050082479
C_PIECESQUARETABLES:0.5048985632022305
C_MOBILITY:0.5014754747407426
C_KINGSAFETY:0.4823600735013171
C_PAWNSTRUCTURE:0.557671965831392
C_PIECECOORDINATION:0.46041262433011365
C_ROOKANDPAWNMOVEMENT:0.46041262433011365
C_CENTERCONTROL:0.36713837881801614
C_DEVELOPPIECES:0.4484737704933606
C_MATERIAL:0.43465228659757005
C_MOVECOUNT:0.4990285376764858
