ELO:1000
CE_PASSEDPAWNS:0.5071587347170345
CE_PAWNWEAKNESSES:0.5
CE_PIECEACTIVITY:0.5
CE_KINGPAWNSHIELD:0.5101186447139009
CE_PIECECOORDINATION:0.5
CE_MATERIAL:0.4887616264333235
CE_KINGSAFETY:0.4899651453175832
C_PIECESQUARETABLES:0.5
C_MOBILITY:0.5
C_KINGSAFETY:0.5028115751519124
C_PAWNSTRUCTURE:0.5104516318585186
C_PIECECOORDINATION:0.5
C_ROOK:0.5058096445688371
CE_ROOK:0.5
C_CENTERCONTROL:0.5
C_DEVELOPPIECES:0.5
C_MATERIAL:0.5
C_MOVECOUNT:0.5
C_PAWNMOVEMENT:0.4907183577611414
