ELO:961
CE_PASSEDPAWNS:0.43259095064176845
CE_PAWNWEAKNESSES:0.5135413434405595
CE_PIECEACTIVITY:0.4896450681291107
CE_KINGPAWNSHIELD:0.4758058558674354
CE_PIECECOORDINATION:0.5334288606972644
CE_MATERIAL:0.44919413554289567
CE_KINGSAFETY:0.5256973299113704
C_PIECESQUARETABLES:0.5082574639400754
C_MOBILITY:0.47328032354526894
C_KINGSAFETY:0.4507464573457911
C_PAWNSTRUCTURE:0.4682668781766953
C_PIECECOORDINATION:0.4878464124669037
C_ROOKANDPAWNMOVEMENT:0.4878464124669037
C_CENTERCONTROL:0.48154291953080197
C_DEVELOPPIECES:0.6009683631896843
C_MATERIAL:0.4980098437503774
