ELO:992
CE_PASSEDPAWNS:0.5888854111785061
CE_PAWNWEAKNESSES:0.4685712944540503
CE_PIECEACTIVITY:0.5157157883322574
CE_KINGPAWNSHIELD:0.5023543019166844
CE_PIECECOORDINATION:0.3765110245379706
CE_MATERIAL:0.49656611943728224
CE_KINGSAFETY:0.4923219066535179
C_PIECESQUARETABLES:0.49675527911871337
C_MOBILITY:0.42868789291421966
C_KINGSAFETY:0.4969617399327621
C_PAWNSTRUCTURE:0.3986440226230138
C_PIECECOORDINATION:0.41421382445083776
C_ROOKANDPAWNMOVEMENT:0.41421382445083776
C_CENTERCONTROL:0.5601379704625351
C_DEVELOPPIECES:0.5700476453378849
C_MATERIAL:0.42172865085378847
