ELO:988
CE_PASSEDPAWNS:0.4467321521290773
CE_PAWNWEAKNESSES:0.5272936413719255
CE_PIECEACTIVITY:0.4404705392635824
CE_KINGPAWNSHIELD:0.4624890341367766
CE_PIECECOORDINATION:0.42543663658866016
CE_MATERIAL:0.481710444107185
CE_KINGSAFETY:0.5105257890332339
C_PIECESQUARETABLES:0.5218849293977751
C_MOBILITY:0.4883624789777925
C_KINGSAFETY:0.5498650624234501
C_PAWNSTRUCTURE:0.5719763283357073
C_PIECECOORDINATION:0.5644236147207955
C_ROOKANDPAWNMOVEMENT:0.5644236147207955
C_CENTERCONTROL:0.5009421069362593
C_DEVELOPPIECES:0.4529661075203404
C_MATERIAL:0.527346467897323
