ELO:989
CE_PASSEDPAWNS:0.3671258369474086
CE_PAWNWEAKNESSES:0.5083692464520175
CE_PIECEACTIVITY:0.5594978002495871
CE_KINGPAWNSHIELD:0.4953807518769416
CE_PIECECOORDINATION:0.4572406657114791
CE_MATERIAL:0.5211198425850616
CE_KINGSAFETY:0.5089151201842703
C_PIECESQUARETABLES:0.5
C_MOBILITY:0.5003996603601022
C_KINGSAFETY:0.5711133933670628
C_PAWNSTRUCTURE:0.3249682098279724
C_PIECECOORDINATION:0.4455295289066636
C_ROOKANDPAWNMOVEMENT:0.4455295289066636
C_CENTERCONTROL:0.35545554348264774
C_DEVELOPPIECES:0.5016047032296439
C_MATERIAL:0.6851219147133509
