ELO:993
CE_PASSEDPAWNS:0.5
CE_PAWNWEAKNESSES:0.49976723767558845
CE_PIECEACTIVITY:0.49355782384275915
CE_KINGPAWNSHIELD:0.5
CE_PIECECOORDINATION:0.5
CE_MATERIAL:0.5167406559178739
CE_KINGSAFETY:0.5
C_PIECESQUARETABLES:0.5
C_MOBILITY:0.4975129618531771
C_KINGSAFETY:0.5
C_PAWNSTRUCTURE:0.4980805301205365
C_PIECECOORDINATION:0.5110446144340578
C_ROOKANDPAWNMOVEMENT:0.5110446144340578
C_CENTERCONTROL:0.49703652967423634
C_DEVELOPPIECES:0.5135608555879249
C_MATERIAL:0.4892602852818293
C_MOVECOUNT:0.5
