ELO:939
CE_PASSEDPAWNS:0.4384475530466172
CE_PAWNWEAKNESSES:0.49008758742439273
CE_PIECEACTIVITY:0.531624100480094
CE_KINGPAWNSHIELD:0.5077834057603505
CE_PIECECOORDINATION:0.49358534879665694
CE_MATERIAL:0.5230286322059028
CE_KINGSAFETY:0.48105331024806375
C_PIECESQUARETABLES:0.501186465451332
C_MOBILITY:0.5090769727010753
C_KINGSAFETY:0.47446308008560534
C_PAWNSTRUCTURE:0.5641532214520865
C_PIECECOORDINATION:0.5135213569012556
C_ROOKANDPAWNMOVEMENT:0.5135213569012556
C_CENTERCONTROL:0.44907406494639446
C_DEVELOPPIECES:0.49525658237929426
C_MATERIAL:0.47717312476245793
C_MOVECOUNT:0.5
