ELO:882
CE_PASSEDPAWNS:0.5100149991427676
CE_PAWNWEAKNESSES:0.56830502138789
CE_PIECEACTIVITY:0.5061351668523547
CE_KINGPAWNSHIELD:0.4777090491801057
CE_PIECECOORDINATION:0.4614487296891568
CE_MATERIAL:0.40756962020989557
CE_KINGSAFETY:0.4928837941479908
C_PIECESQUARETABLES:0.5
C_MOBILITY:0.5257507430065702
C_KINGSAFETY:0.5992035247680125
C_PAWNSTRUCTURE:0.5572182503797666
C_PIECECOORDINATION:0.57722135131737
C_ROOKANDPAWNMOVEMENT:0.57722135131737
C_CENTERCONTROL:0.5680126473411018
C_DEVELOPPIECES:0.4731858049272055
C_MATERIAL:0.557397123179144
