ELO:894
CE_PASSEDPAWNS:0.4736562517831005
CE_PAWNWEAKNESSES:0.5010143013925253
CE_PIECEACTIVITY:0.37744300630339456
CE_KINGPAWNSHIELD:0.5314736465264333
CE_PIECECOORDINATION:0.4549388442924113
CE_MATERIAL:0.42391993391027316
CE_KINGSAFETY:0.503477931180704
C_PIECESQUARETABLES:0.473750860718299
C_MOBILITY:0.5199181336467877
C_KINGSAFETY:0.5070640082619847
C_PAWNSTRUCTURE:0.5773528347346545
C_PIECECOORDINATION:0.6134791726751402
C_ROOKANDPAWNMOVEMENT:0.6134791726751402
C_CENTERCONTROL:0.4571118295429756
C_DEVELOPPIECES:0.49903845843036115
C_MATERIAL:0.42717584849471946
