ELO:1000
CE_PASSEDPAWNS:0.461405517652632
CE_PAWNWEAKNESSES:0.5342018540712344
CE_PIECEACTIVITY:0.39388110443761737
CE_KINGPAWNSHIELD:0.4773331273970535
CE_PIECECOORDINATION:0.42998910996021533
CE_MATERIAL:0.5142367968614822
CE_KINGSAFETY:0.5136740324309048
C_PIECESQUARETABLES:0.5129536176250202
C_MOBILITY:0.4776687927658173
C_KINGSAFETY:0.5293026047811814
C_PAWNSTRUCTURE:0.5336014439395733
C_PIECECOORDINATION:0.5842611190853193
C_ROOKANDPAWNMOVEMENT:0.5842611190853193
C_CENTERCONTROL:0.5180847967750993
C_DEVELOPPIECES:0.47120287912545405
C_MATERIAL:0.5025054501743939
