ELO:645
CE_PASSEDPAWNS:0.3599540068648273
CE_PAWNWEAKNESSES:0.4201959230968495
CE_PIECEACTIVITY:0.522484761189944
CE_KINGPAWNSHIELD:0.5484417012750571
CE_PIECECOORDINATION:0.47934719644492874
CE_MATERIAL:0.6238957872839039
CE_KINGSAFETY:0.5312099924096663
C_PIECESQUARETABLES:0.5033835509965693
C_MOBILITY:0.4891522003184334
C_KINGSAFETY:0.48770756949167604
C_PAWNSTRUCTURE:0.5667851874482424
C_PIECECOORDINATION:0.4644576065432787
C_ROOKANDPAWNMOVEMENT:0.4644576065432787
C_CENTERCONTROL:0.37304596199111356
C_DEVELOPPIECES:0.4911784510201662
C_MATERIAL:0.4605739961867222
C_MOVECOUNT:0.5223718260147844
