ELO:1000
CE_PASSEDPAWNS:0.45324960567446865
CE_PAWNWEAKNESSES:0.5113553260510321
CE_PIECEACTIVITY:0.412734708020823
CE_KINGPAWNSHIELD:0.48084676960482187
CE_PIECECOORDINATION:0.4512818001339993
CE_MATERIAL:0.5029732584348631
CE_KINGSAFETY:0.5122336141236522
C_PIECESQUARETABLES:0.4987792891060229
C_MOBILITY:0.47836142094892775
C_KINGSAFETY:0.5230000053858838
C_PAWNSTRUCTURE:0.5354737998488546
C_PIECECOORDINATION:0.5774001628954883
C_ROOKANDPAWNMOVEMENT:0.5774001628954883
C_CENTERCONTROL:0.50742817485589
C_DEVELOPPIECES:0.46671144489083094
C_MATERIAL:0.4766033048033864
