ELO:1028
CE_PASSEDPAWNS:0.5090558142271296
CE_PAWNWEAKNESSES:0.49684843635728887
CE_PIECEACTIVITY:0.5
CE_KINGPAWNSHIELD:0.5146047794896358
CE_PIECECOORDINATION:0.5
CE_MATERIAL:0.5
CE_KINGSAFETY:0.49668153856928254
C_PIECESQUARETABLES:0.4813808745165616
C_MOBILITY:0.5119950239966857
C_KINGSAFETY:0.4867291838391062
C_PAWNSTRUCTURE:0.4939971257908449
C_PIECECOORDINATION:0.4898632813635994
C_ROOKANDPAWNMOVEMENT:0.4898632813635994
C_CENTERCONTROL:0.4941238620995431
C_DEVELOPPIECES:0.501140068744439
C_MATERIAL:0.49511097660877484
C_MOVECOUNT:0.48845124034795906
