ELO:573
CE_PASSEDPAWNS:0.3461228235761354
CE_PAWNWEAKNESSES:0.4183495186851608
CE_PIECEACTIVITY:0.5495848053388168
CE_KINGPAWNSHIELD:0.5743793815978422
CE_PIECECOORDINATION:0.47146401731794063
CE_MATERIAL:0.6474723348309991
CE_KINGSAFETY:0.47663527851018944
C_PIECESQUARETABLES:0.4954880421341306
C_MOBILITY:0.4860116473732462
C_KINGSAFETY:0.46211548726114765
C_PAWNSTRUCTURE:0.5533708279287596
C_PIECECOORDINATION:0.4454866111705268
C_ROOKANDPAWNMOVEMENT:0.4454866111705268
C_CENTERCONTROL:0.33207332187921845
C_DEVELOPPIECES:0.4471972151775034
C_MATERIAL:0.45842022933238796
C_MOVECOUNT:0.46166777049438124
