ELO:711
CE_PASSEDPAWNS:0.426068103181021
CE_PAWNWEAKNESSES:0.5059576040273466
CE_PIECEACTIVITY:0.4701392078956465
CE_KINGPAWNSHIELD:0.5561407820746466
CE_PIECECOORDINATION:0.5442640101447567
CE_MATERIAL:0.5931382446929773
CE_KINGSAFETY:0.4837920676612884
C_PIECESQUARETABLES:0.48964995949164336
C_MOBILITY:0.4771459691797353
C_KINGSAFETY:0.46099349910781157
C_PAWNSTRUCTURE:0.5793724386232371
C_PIECECOORDINATION:0.49003273735517233
C_ROOKANDPAWNMOVEMENT:0.49003273735517233
C_CENTERCONTROL:0.4248943417689992
C_DEVELOPPIECES:0.5239325647569604
C_MATERIAL:0.4182310304031265
C_MOVECOUNT:0.5
