ELO:974
CE_PASSEDPAWNS:0.4864936178964253
CE_PAWNWEAKNESSES:0.47338867118967165
CE_PIECEACTIVITY:0.5201181495292818
CE_KINGPAWNSHIELD:0.48103377765209904
CE_PIECECOORDINATION:0.5
CE_MATERIAL:0.46517523750646567
CE_KINGSAFETY:0.5
C_PIECESQUARETABLES:0.48037253134313024
C_MOBILITY:0.4916104524196916
C_KINGSAFETY:0.5077925091813975
C_PAWNSTRUCTURE:0.46633896533653313
C_PIECECOORDINATION:0.5062307901687119
C_ROOKANDPAWNMOVEMENT:0.5062307901687119
C_CENTERCONTROL:0.5037091852965871
C_DEVELOPPIECES:0.4927353537441701
C_MATERIAL:0.54888627651973
C_MOVECOUNT:0.5358402035902653
