ELO:1000
CE_PASSEDPAWNS:0.4549873426548334
CE_PAWNWEAKNESSES:0.4959159939035132
CE_PIECEACTIVITY:0.4370652470165858
CE_KINGPAWNSHIELD:0.4951566735462628
CE_PIECECOORDINATION:0.46126045788360764
CE_MATERIAL:0.5124680314476618
CE_KINGSAFETY:0.5001950259204193
C_PIECESQUARETABLES:0.504914113550044
C_MOBILITY:0.48970164755726125
C_KINGSAFETY:0.5245079742621152
C_PAWNSTRUCTURE:0.5531046392945348
C_PIECECOORDINATION:0.5587399947511711
C_ROOKANDPAWNMOVEMENT:0.5587399947511711
C_CENTERCONTROL:0.5371531156726452
C_DEVELOPPIECES:0.49286731572847964
C_MATERIAL:0.4770688056818186
