ELO:1000
CE_PASSEDPAWNS:0.5092217384021496
CE_PAWNWEAKNESSES:0.49322390674476807
CE_PIECEACTIVITY:0.4801646003801547
CE_KINGPAWNSHIELD:0.5121349633313024
CE_PIECECOORDINATION:0.52498488349226
CE_MATERIAL:0.4985426323092761
CE_KINGSAFETY:0.5567995397243303
C_PIECESQUARETABLES:0.48322589592824516
C_MOBILITY:0.4990265914934091
C_KINGSAFETY:0.4646025829969703
C_PAWNSTRUCTURE:0.48020868702639313
C_PIECECOORDINATION:0.4617137633620232
C_ROOKANDPAWNMOVEMENT:0.4617137633620232
C_CENTERCONTROL:0.47652150070382554
C_DEVELOPPIECES:0.5449827669576851
C_MATERIAL:0.5319948189420044
