ELO:954
CE_PASSEDPAWNS:0.4110694682998083
CE_PAWNWEAKNESSES:0.5260954355754515
CE_PIECEACTIVITY:0.49479213418219686
CE_KINGPAWNSHIELD:0.4622216905875421
CE_PIECECOORDINATION:0.5340802752683023
CE_MATERIAL:0.44803646657921586
CE_KINGSAFETY:0.5397010042195116
C_PIECESQUARETABLES:0.518797855212859
C_MOBILITY:0.4943906173835594
C_KINGSAFETY:0.45795475011977926
C_PAWNSTRUCTURE:0.45564945199661144
C_PIECECOORDINATION:0.4720108622471344
C_ROOKANDPAWNMOVEMENT:0.4720108622471344
C_CENTERCONTROL:0.4855253759343831
C_DEVELOPPIECES:0.5973297842357256
C_MATERIAL:0.49268132572405415
