ELO:995
CE_PASSEDPAWNS:0.4441322182804815
CE_PAWNWEAKNESSES:0.5271670649786766
CE_PIECEACTIVITY:0.5002811025762114
CE_KINGPAWNSHIELD:0.4759446974491613
CE_PIECECOORDINATION:0.527105876317836
CE_MATERIAL:0.48291457591528253
CE_KINGSAFETY:0.5150104606689213
C_PIECESQUARETABLES:0.50699995767905
C_MOBILITY:0.4616907814499826
C_KINGSAFETY:0.479354416075366
C_PAWNSTRUCTURE:0.46327955423835104
C_PIECECOORDINATION:0.5045357962239095
C_ROOKANDPAWNMOVEMENT:0.5045357962239095
C_CENTERCONTROL:0.4900141809219763
C_DEVELOPPIECES:0.5947269000417541
C_MATERIAL:0.5027395736714622
