ELO:930
CE_PASSEDPAWNS:0.4352511639439881
CE_PAWNWEAKNESSES:0.5174354060361326
CE_PIECEACTIVITY:0.5260902937865668
CE_KINGPAWNSHIELD:0.48528419276563156
CE_PIECECOORDINATION:0.5776326177698236
CE_MATERIAL:0.43363878095351716
CE_KINGSAFETY:0.5140090692782037
C_PIECESQUARETABLES:0.5195083703045603
C_MOBILITY:0.5404532829311262
C_KINGSAFETY:0.4572075839332205
C_PAWNSTRUCTURE:0.5086250910817459
C_PIECECOORDINATION:0.5131506482067217
C_ROOKANDPAWNMOVEMENT:0.5131506482067217
C_CENTERCONTROL:0.4734871647313519
C_DEVELOPPIECES:0.5554430984803138
C_MATERIAL:0.477547278870061
