ELO:922
CE_PASSEDPAWNS:0.431378800688185
CE_PAWNWEAKNESSES:0.5133843799078341
CE_PIECEACTIVITY:0.5190883508226253
CE_KINGPAWNSHIELD:0.49762618234914263
CE_PIECECOORDINATION:0.5843108932408028
CE_MATERIAL:0.42559756125361514
CE_KINGSAFETY:0.505618333086577
C_PIECESQUARETABLES:0.5216156664157702
C_MOBILITY:0.5598632543861979
C_KINGSAFETY:0.4617211390841849
C_PAWNSTRUCTURE:0.5086250910817459
C_PIECECOORDINATION:0.5230874634314356
C_ROOKANDPAWNMOVEMENT:0.5230874634314356
C_CENTERCONTROL:0.4964614468722242
C_DEVELOPPIECES:0.5261008796991075
C_MATERIAL:0.4657915315245863
