ELO:1000
CE_PASSEDPAWNS:0.5023324950478296
CE_PAWNWEAKNESSES:0.47994554345736123
CE_PIECEACTIVITY:0.5071987574429443
CE_KINGPAWNSHIELD:0.5111597090992366
CE_PIECECOORDINATION:0.49849898693476896
CE_MATERIAL:0.5061033439035287
CE_KINGSAFETY:0.5148794032056682
C_PIECESQUARETABLES:0.4891028370908845
C_MOBILITY:0.4844011114832145
C_KINGSAFETY:0.504377400114274
C_PAWNSTRUCTURE:0.4896373213884226
C_PIECECOORDINATION:0.5024649283736689
C_ROOKANDPAWNMOVEMENT:0.5024649283736689
C_CENTERCONTROL:0.5062488336552943
C_DEVELOPPIECES:0.5057189974700222
C_MATERIAL:0.5063816812604742
