ELO:879
CE_PASSEDPAWNS:0.4342472498245003
CE_PAWNWEAKNESSES:0.4885650425755424
CE_PIECEACTIVITY:0.38817451593337093
CE_KINGPAWNSHIELD:0.5506344744867155
CE_PIECECOORDINATION:0.4282120714336083
CE_MATERIAL:0.4455712701029816
CE_KINGSAFETY:0.49808034891757696
C_PIECESQUARETABLES:0.4866482803830069
C_MOBILITY:0.4997019837762008
C_KINGSAFETY:0.48079333085425585
C_PAWNSTRUCTURE:0.5364071923119873
C_PIECECOORDINATION:0.5416261583838451
C_ROOKANDPAWNMOVEMENT:0.5416261583838451
C_CENTERCONTROL:0.48069962430834784
C_DEVELOPPIECES:0.5148884678426372
C_MATERIAL:0.5047052800525043
