ELO:994
CE_PASSEDPAWNS:0.4913783947375296
CE_PAWNWEAKNESSES:0.5
CE_PIECEACTIVITY:0.5101156012149163
CE_KINGPAWNSHIELD:0.5
CE_PIECECOORDINATION:0.5037716957336067
CE_MATERIAL:0.500992482622684
CE_KINGSAFETY:0.5
C_PIECESQUARETABLES:0.5
C_MOBILITY:0.5
C_KINGSAFETY:0.47853233524338373
C_PAWNSTRUCTURE:0.5042739008751344
C_PIECECOORDINATION:0.5
C_ROOKANDPAWNMOVEMENT:0.5
C_CENTERCONTROL:0.506659634673182
C_DEVELOPPIECES:0.4880495645932701
C_MATERIAL:0.49263369131692697
C_MOVECOUNT:0.5
