ELO:966
CE_PASSEDPAWNS:0.43279428469095416
CE_PAWNWEAKNESSES:0.49522465819827416
CE_PIECEACTIVITY:0.4082424770075903
CE_KINGPAWNSHIELD:0.5234600787720537
CE_PIECECOORDINATION:0.4042774244931438
CE_MATERIAL:0.41078567810150135
CE_KINGSAFETY:0.4966025351417493
C_PIECESQUARETABLES:0.47183314720505654
C_MOBILITY:0.4622345760076008
C_KINGSAFETY:0.5211129796077162
C_PAWNSTRUCTURE:0.5536342007941037
C_PIECECOORDINATION:0.5385378009494078
C_ROOKANDPAWNMOVEMENT:0.5385378009494078
C_CENTERCONTROL:0.5148712817017796
C_DEVELOPPIECES:0.49742762321901485
C_MATERIAL:0.5459572387282062
