ELO:999
CE_PASSEDPAWNS:0.4580096160101724
CE_PAWNWEAKNESSES:0.5214368439316938
CE_PIECEACTIVITY:0.418830343834106
CE_KINGPAWNSHIELD:0.4663922662018366
CE_PIECECOORDINATION:0.41267236004018304
CE_MATERIAL:0.48743885956866156
CE_KINGSAFETY:0.5105159899609233
C_PIECESQUARETABLES:0.5166213709825744
C_MOBILITY:0.4809306718516357
C_KINGSAFETY:0.532677291451126
C_PAWNSTRUCTURE:0.5658259324498471
C_PIECECOORDINATION:0.5380495157001115
C_ROOKANDPAWNMOVEMENT:0.5380495157001115
C_CENTERCONTROL:0.5101919253160393
C_DEVELOPPIECES:0.4621954353231664
C_MATERIAL:0.5061707113696423
