ELO:915
CE_PASSEDPAWNS:0.4375963746204981
CE_PAWNWEAKNESSES:0.6495645526757183
CE_PIECEACTIVITY:0.4842135350724905
CE_KINGPAWNSHIELD:0.45353345706886916
CE_PIECECOORDINATION:0.5756118801189172
CE_MATERIAL:0.5157732951411881
CE_KINGSAFETY:0.5
C_PIECESQUARETABLES:0.5
C_MOBILITY:0.5499440015741905
C_KINGSAFETY:0.531908970693131
C_PAWNSTRUCTURE:0.45756555762036294
C_PIECECOORDINATION:0.5784595885369466
C_ROOKANDPAWNMOVEMENT:0.5784595885369466
C_CENTERCONTROL:0.509230183310206
C_DEVELOPPIECES:0.4162426292022322
C_MATERIAL:0.46121561802727756
