ELO:964
CE_PASSEDPAWNS:0.47920018303101086
CE_PAWNWEAKNESSES:0.43650036404794584
CE_PIECEACTIVITY:0.48364457542203365
CE_KINGPAWNSHIELD:0.4783134115669568
CE_PIECECOORDINATION:0.4599567881905752
CE_MATERIAL:0.43351248579969454
CE_KINGSAFETY:0.5
C_PIECESQUARETABLES:0.4963587935488155
C_MOBILITY:0.5053347048405641
C_KINGSAFETY:0.5377147580659684
C_PAWNSTRUCTURE:0.505952532584428
C_PIECECOORDINATION:0.5026660645714774
C_ROOK:0.49069781738170115
CE_ROOK:0.5317952689701336
C_CENTERCONTROL:0.48008807633293205
C_DEVELOPPIECES:0.5288675951112881
C_MATERIAL:0.5631686781494643
C_MOVECOUNT:0.4787977668302781
C_PAWNMOVEMENT:0.5151860051889648
