ELO:622
CE_PASSEDPAWNS:0.36526424022362014
CE_PAWNWEAKNESSES:0.41021150811124035
CE_PIECEACTIVITY:0.5223048643655199
CE_KINGPAWNSHIELD:0.552972673976898
CE_PIECECOORDINATION:0.48915409755554345
CE_MATERIAL:0.6160812386929946
CE_KINGSAFETY:0.5189860041647436
C_PIECESQUARETABLES:0.507205165230256
C_MOBILITY:0.4924058818862263
C_KINGSAFETY:0.48682655286928167
C_PAWNSTRUCTURE:0.5600306426668467
C_PIECECOORDINATION:0.46933945308251174
C_ROOKANDPAWNMOVEMENT:0.46933945308251174
C_CENTERCONTROL:0.3703597235966184
C_DEVELOPPIECES:0.4927041121122666
C_MATERIAL:0.4616951552851058
C_MOVECOUNT:0.527671823566534
