ELO:961
CE_PASSEDPAWNS:0.4295391580157295
CE_PAWNWEAKNESSES:0.5171403785177098
CE_PIECEACTIVITY:0.4896450681291107
CE_KINGPAWNSHIELD:0.4758058558674354
CE_PIECECOORDINATION:0.5334288606972644
CE_MATERIAL:0.44919413554289567
CE_KINGSAFETY:0.5256973299113704
C_PIECESQUARETABLES:0.5082574639400754
C_MOBILITY:0.46800226299077025
C_KINGSAFETY:0.45100042856861106
C_PAWNSTRUCTURE:0.4682668781766953
C_PIECECOORDINATION:0.4907401828438954
C_ROOKANDPAWNMOVEMENT:0.4907401828438954
C_CENTERCONTROL:0.48154291953080197
C_DEVELOPPIECES:0.590602497984275
C_MATERIAL:0.4980098437503774
