ELO:951
CE_PASSEDPAWNS:0.48852519863522603
CE_PAWNWEAKNESSES:0.5111486081551488
CE_PIECEACTIVITY:0.5101526350752276
CE_KINGPAWNSHIELD:0.50321451877785
CE_PIECECOORDINATION:0.5048997543752493
CE_MATERIAL:0.5030251067389251
CE_KINGSAFETY:0.4970062102339904
C_PIECESQUARETABLES:0.5107697361336291
C_MOBILITY:0.5
C_KINGSAFETY:0.5005519099502769
C_PAWNSTRUCTURE:0.4837033006191975
C_PIECECOORDINATION:0.5178848843537117
C_ROOK:0.48556359147938283
CE_ROOK:0.4805206953496586
C_CENTERCONTROL:0.5
C_DEVELOPPIECES:0.49725698518372774
C_MATERIAL:0.49480407232910006
C_MOVECOUNT:0.5106516347177324
C_PAWNMOVEMENT:0.5098699338938407
