ELO:989
CE_PASSEDPAWNS:0.37268398739806924
CE_PAWNWEAKNESSES:0.5086530027826172
CE_PIECEACTIVITY:0.5587635063824522
CE_KINGPAWNSHIELD:0.46096029950554834
CE_PIECECOORDINATION:0.4708959236142045
CE_MATERIAL:0.5085348970442304
CE_KINGSAFETY:0.49612115954337394
C_PIECESQUARETABLES:0.5
C_MOBILITY:0.499487621823604
C_KINGSAFETY:0.5594239720260957
C_PAWNSTRUCTURE:0.32659486032772983
C_PIECECOORDINATION:0.49372721599142616
C_ROOKANDPAWNMOVEMENT:0.49372721599142616
C_CENTERCONTROL:0.35488331713916
C_DEVELOPPIECES:0.5016047032296439
C_MATERIAL:0.6828983766046607
