ELO:1008
CE_PASSEDPAWNS:0.492650591758048
CE_PAWNWEAKNESSES:0.48866866648988183
CE_PIECEACTIVITY:0.5
CE_KINGPAWNSHIELD:0.5
CE_PIECECOORDINATION:0.49821887189061564
CE_MATERIAL:0.5
CE_KINGSAFETY:0.5
C_PIECESQUARETABLES:0.5
C_MOBILITY:0.508029888637604
C_KINGSAFETY:0.5049868417676044
C_PAWNSTRUCTURE:0.5
C_PIECECOORDINATION:0.5
C_ROOKANDPAWNMOVEMENT:0.5
C_CENTERCONTROL:0.4956633731814811
C_DEVELOPPIECES:0.5001869956773616
C_MATERIAL:0.5
C_MOVECOUNT:0.5
