ELO:1000
CE_PASSEDPAWNS:0.48043592898240695
CE_PAWNWEAKNESSES:0.5051208526722131
CE_PIECEACTIVITY:0.49949747182999776
CE_KINGPAWNSHIELD:0.5298845581796602
CE_PIECECOORDINATION:0.4970978098732992
CE_MATERIAL:0.5199758477195204
CE_KINGSAFETY:0.5101298999467538
C_PIECESQUARETABLES:0.4996198001811937
C_MOBILITY:0.48676674418941523
C_KINGSAFETY:0.5159897383590232
C_PAWNSTRUCTURE:0.528256526634242
C_PIECECOORDINATION:0.5254710675218209
C_ROOKANDPAWNMOVEMENT:0.5254710675218209
C_CENTERCONTROL:0.5318826042108519
C_DEVELOPPIECES:0.47743910188562516
C_MATERIAL:0.47226233600888307
