ELO:1010
CE_PASSEDPAWNS:0.5876901559075168
CE_PAWNWEAKNESSES:0.487761036554167
CE_PIECEACTIVITY:0.5111500656833424
CE_KINGPAWNSHIELD:0.49215384656343536
CE_PIECECOORDINATION:0.3764498525057207
CE_MATERIAL:0.49756975270100057
CE_KINGSAFETY:0.4928967750169383
C_PIECESQUARETABLES:0.5149361063027279
C_MOBILITY:0.43659355656433885
C_KINGSAFETY:0.4969617399327621
C_PAWNSTRUCTURE:0.3721436330450423
C_PIECECOORDINATION:0.40343853276560043
C_ROOKANDPAWNMOVEMENT:0.40343853276560043
C_CENTERCONTROL:0.5641247629156368
C_DEVELOPPIECES:0.5601498537052085
C_MATERIAL:0.4144232746168789
