ELO:694
CE_PASSEDPAWNS:0.4575109543519311
CE_PAWNWEAKNESSES:0.5045949257683429
CE_PIECEACTIVITY:0.4987105693450695
CE_KINGPAWNSHIELD:0.5312328262019046
CE_PIECECOORDINATION:0.5347270068721743
CE_MATERIAL:0.571705231570247
CE_KINGSAFETY:0.4866074642042534
C_PIECESQUARETABLES:0.5134186900292752
C_MOBILITY:0.5171516831193942
C_KINGSAFETY:0.46364967259963563
C_PAWNSTRUCTURE:0.5939265581290667
C_PIECECOORDINATION:0.5093070751951592
C_ROOKANDPAWNMOVEMENT:0.5093070751951592
C_CENTERCONTROL:0.4371695122119929
C_DEVELOPPIECES:0.49294756010601837
C_MATERIAL:0.4194159679236712
C_MOVECOUNT:0.5
