ELO:982
CE_PASSEDPAWNS:0.5084192547480895
CE_PAWNWEAKNESSES:0.477247551121575
CE_PIECEACTIVITY:0.5280118388726265
CE_KINGPAWNSHIELD:0.5278177767141231
CE_PIECECOORDINATION:0.5129449787271612
CE_MATERIAL:0.4851818564823461
CE_KINGSAFETY:0.5
C_PIECESQUARETABLES:0.5176855991694916
C_MOBILITY:0.46693038946228943
C_KINGSAFETY:0.5041994808199626
C_PAWNSTRUCTURE:0.5203951148696759
C_PIECECOORDINATION:0.5273870493217582
C_ROOK:0.45962043943818653
CE_ROOK:0.5195194148761685
C_CENTERCONTROL:0.4837806610375611
C_DEVELOPPIECES:0.5100985926958893
C_MATERIAL:0.5088875320094842
C_MOVECOUNT:0.4986170960534717
C_PAWNMOVEMENT:0.4959933580792468
