ELO:955
CE_PASSEDPAWNS:0.41209816345087197
CE_PAWNWEAKNESSES:0.5239409697045367
CE_PIECEACTIVITY:0.4798193292858041
CE_KINGPAWNSHIELD:0.46903940108984815
CE_PIECECOORDINATION:0.5373801327499392
CE_MATERIAL:0.44803646657921586
CE_KINGSAFETY:0.5229921565518533
C_PIECESQUARETABLES:0.5099875136187969
C_MOBILITY:0.4847383349834253
C_KINGSAFETY:0.4506666213799333
C_PAWNSTRUCTURE:0.4670851161320823
C_PIECECOORDINATION:0.4891963471890031
C_ROOKANDPAWNMOVEMENT:0.4891963471890031
C_CENTERCONTROL:0.48633166307312514
C_DEVELOPPIECES:0.603340144658611
C_MATERIAL:0.5000016003035266
