ELO:1000
CE_PASSEDPAWNS:0.4645257430235095
CE_PAWNWEAKNESSES:0.5153329467513996
CE_PIECEACTIVITY:0.404291656639755
CE_KINGPAWNSHIELD:0.4894660105547866
CE_PIECECOORDINATION:0.44172259622082627
CE_MATERIAL:0.5066537643457596
CE_KINGSAFETY:0.5136740324309048
C_PIECESQUARETABLES:0.5043384711922941
C_MOBILITY:0.47526291264703285
C_KINGSAFETY:0.5238390150342598
C_PAWNSTRUCTURE:0.5247448509527859
C_PIECECOORDINATION:0.5747347814272871
C_ROOKANDPAWNMOVEMENT:0.5747347814272871
C_CENTERCONTROL:0.5043877137094342
C_DEVELOPPIECES:0.47120287912545405
C_MATERIAL:0.48440723232934124
