ELO:1009
CE_PASSEDPAWNS:0.5117699111715347
CE_PAWNWEAKNESSES:0.5081345575298617
CE_PIECEACTIVITY:0.491355587244187
CE_KINGPAWNSHIELD:0.5150132680260572
CE_PIECECOORDINATION:0.48930233228246317
CE_MATERIAL:0.5
CE_KINGSAFETY:0.5
C_PIECESQUARETABLES:0.5
C_MOBILITY:0.4936655387905322
C_KINGSAFETY:0.5
C_PAWNSTRUCTURE:0.5
C_PIECECOORDINATION:0.5
C_ROOKANDPAWNMOVEMENT:0.5
C_CENTERCONTROL:0.5011764541295259
C_DEVELOPPIECES:0.4930256791489858
C_MATERIAL:0.5022195910421613
C_MOVECOUNT:0.5
