ELO:961
CE_PASSEDPAWNS:0.47920018303101086
CE_PAWNWEAKNESSES:0.4311799478844364
CE_PIECEACTIVITY:0.4768577021850584
CE_KINGPAWNSHIELD:0.4802338089390308
CE_PIECECOORDINATION:0.4476846363691501
CE_MATERIAL:0.4323896358687446
CE_KINGSAFETY:0.5
C_PIECESQUARETABLES:0.5
C_MOBILITY:0.5053347048405641
C_KINGSAFETY:0.5377147580659684
C_PAWNSTRUCTURE:0.505952532584428
C_PIECECOORDINATION:0.5026660645714774
C_ROOK:0.491337443007671
CE_ROOK:0.5317952689701336
C_CENTERCONTROL:0.4725815386420294
C_DEVELOPPIECES:0.5288675951112881
C_MATERIAL:0.5634667761195125
C_MOVECOUNT:0.4875197500817395
C_PAWNMOVEMENT:0.5151860051889648
