ELO:1000
CE_PASSEDPAWNS:0.4657945149740129
CE_PAWNWEAKNESSES:0.5324122057929265
CE_PIECEACTIVITY:0.484729205547454
CE_KINGPAWNSHIELD:0.5129632572343992
CE_PIECECOORDINATION:0.5262661785341376
CE_MATERIAL:0.4675611012947498
CE_KINGSAFETY:0.5709579674748473
C_PIECESQUARETABLES:0.47032168355447923
C_MOBILITY:0.4910951985542879
C_KINGSAFETY:0.4509349494439679
C_PAWNSTRUCTURE:0.4214311652719352
C_PIECECOORDINATION:0.4498076096995889
C_ROOKANDPAWNMOVEMENT:0.4498076096995889
C_CENTERCONTROL:0.4684132050578394
C_DEVELOPPIECES:0.5547682056582135
C_MATERIAL:0.5350875638783961
