ELO:961
CE_PASSEDPAWNS:0.5084192547480895
CE_PAWNWEAKNESSES:0.502359316919989
CE_PIECEACTIVITY:0.5295386708109804
CE_KINGPAWNSHIELD:0.5278177767141231
CE_PIECECOORDINATION:0.5015271151236017
CE_MATERIAL:0.4851818564823461
CE_KINGSAFETY:0.5
C_PIECESQUARETABLES:0.5063626759195067
C_MOBILITY:0.4515429286139669
C_KINGSAFETY:0.4987817400578803
C_PAWNSTRUCTURE:0.5302472130716035
C_PIECECOORDINATION:0.5216259218870349
C_ROOK:0.46900327524684077
CE_ROOK:0.5206360038910197
C_CENTERCONTROL:0.4951376118472069
C_DEVELOPPIECES:0.5158742788391522
C_MATERIAL:0.5086567697501434
C_MOVECOUNT:0.493584877545849
C_PAWNMOVEMENT:0.472785572619247
