ELO:994
CE_PASSEDPAWNS:0.4561186415505997
CE_PAWNWEAKNESSES:0.5366039981725156
CE_PIECEACTIVITY:0.5000749601158937
CE_KINGPAWNSHIELD:0.4810956808436203
CE_PIECECOORDINATION:0.466555799296392
CE_MATERIAL:0.47071207075945976
CE_KINGSAFETY:0.5205552903890324
C_PIECESQUARETABLES:0.483718842962887
C_MOBILITY:0.5088039402339295
C_KINGSAFETY:0.4938360992496625
C_PAWNSTRUCTURE:0.499991374609396
C_PIECECOORDINATION:0.4726698865915178
C_ROOKANDPAWNMOVEMENT:0.4726698865915178
C_CENTERCONTROL:0.4816422471491258
C_DEVELOPPIECES:0.529072942032095
C_MATERIAL:0.5364344121528032
C_MOVECOUNT:0.5
