ELO:927
CE_PASSEDPAWNS:0.4879038589195514
CE_PAWNWEAKNESSES:0.45958109677694
CE_PIECEACTIVITY:0.5143354361271575
CE_KINGPAWNSHIELD:0.5162889534054576
CE_PIECECOORDINATION:0.4929070774624693
CE_MATERIAL:0.4863654232921169
CE_KINGSAFETY:0.5229794032107201
C_PIECESQUARETABLES:0.487462963287248
C_MOBILITY:0.515346403262659
C_KINGSAFETY:0.5274176950567343
C_PAWNSTRUCTURE:0.4652127307795884
C_PIECECOORDINATION:0.4789377383010233
C_ROOKANDPAWNMOVEMENT:0.4789377383010233
C_CENTERCONTROL:0.5115672463721672
C_DEVELOPPIECES:0.4724428909759306
C_MATERIAL:0.5040454862966145
C_MOVECOUNT:0.4719026854440316
