ELO:960
CE_PASSEDPAWNS:0.5471712009914436
CE_PAWNWEAKNESSES:0.5383341189379532
CE_PIECEACTIVITY:0.43896213306943777
CE_KINGPAWNSHIELD:0.530269489359209
CE_PIECECOORDINATION:0.6119332686841202
CE_MATERIAL:0.47484501290359704
CE_KINGSAFETY:0.45298120592859775
C_PIECESQUARETABLES:0.5006924132559697
C_MOBILITY:0.5177883538871412
C_KINGSAFETY:0.4923466367454992
C_PAWNSTRUCTURE:0.4093214281056193
C_PIECECOORDINATION:0.3959405638184716
C_ROOKANDPAWNMOVEMENT:0.3959405638184716
C_CENTERCONTROL:0.44793695681422546
C_DEVELOPPIECES:0.4563944529434857
C_MATERIAL:0.6142125499527004
