ELO:985
CE_PASSEDPAWNS:0.5602458335704223
CE_PAWNWEAKNESSES:0.5519367716443774
CE_PIECEACTIVITY:0.44166266833632406
CE_KINGPAWNSHIELD:0.5297786362711667
CE_PIECECOORDINATION:0.5995835968632507
CE_MATERIAL:0.44988930486388823
CE_KINGSAFETY:0.4482766253945696
C_PIECESQUARETABLES:0.4914620578036722
C_MOBILITY:0.5113973665229444
C_KINGSAFETY:0.5076077785479779
C_PAWNSTRUCTURE:0.4069544886303518
C_PIECECOORDINATION:0.3974116815119544
C_ROOKANDPAWNMOVEMENT:0.3974116815119544
C_CENTERCONTROL:0.4246864890244195
C_DEVELOPPIECES:0.4652346003614337
C_MATERIAL:0.5547777945268036
