ELO:1002
CE_PASSEDPAWNS:0.4957672287109434
CE_PAWNWEAKNESSES:0.507200827146412
CE_PIECEACTIVITY:0.4743303787655372
CE_KINGPAWNSHIELD:0.4925680197585166
CE_PIECECOORDINATION:0.5
CE_MATERIAL:0.49115965621287505
CE_KINGSAFETY:0.49005424675742976
C_PIECESQUARETABLES:0.5230248460035284
C_MOBILITY:0.5023924986539965
C_KINGSAFETY:0.4981383360386937
C_PAWNSTRUCTURE:0.4853325544217584
C_PIECECOORDINATION:0.4897164976288644
C_ROOKANDPAWNMOVEMENT:0.4897164976288644
C_CENTERCONTROL:0.48951209521226147
C_DEVELOPPIECES:0.5007072853695
C_MATERIAL:0.5006063320729266
C_MOVECOUNT:0.5
