ELO:753
CE_PASSEDPAWNS:0.49677164094524306
CE_PAWNWEAKNESSES:0.6078108269090309
CE_PIECEACTIVITY:0.5266178046810969
CE_KINGPAWNSHIELD:0.6144351102616816
CE_PIECECOORDINATION:0.47358695439685433
CE_MATERIAL:0.5294756480996121
CE_KINGSAFETY:0.47017200123433545
C_PIECESQUARETABLES:0.5238931017978542
C_MOBILITY:0.504385477180261
C_KINGSAFETY:0.4660062916089264
C_PAWNSTRUCTURE:0.5564378617893503
C_PIECECOORDINATION:0.5468491621581753
C_ROOKANDPAWNMOVEMENT:0.5468491621581753
C_CENTERCONTROL:0.6122934418837753
C_DEVELOPPIECES:0.5193563584362829
C_MATERIAL:0.48620112673920785
C_MOVECOUNT:0.5
