ELO:994
CE_PASSEDPAWNS:0.5159331783033713
CE_PAWNWEAKNESSES:0.5027385135268067
CE_PIECEACTIVITY:0.5121355441577262
CE_KINGPAWNSHIELD:0.4984137971208331
CE_PIECECOORDINATION:0.5148197763793358
CE_MATERIAL:0.5087584990758984
CE_KINGSAFETY:0.4788602608010341
C_PIECESQUARETABLES:0.48763489308348074
C_MOBILITY:0.5011739568651171
C_KINGSAFETY:0.5049153540534248
C_PAWNSTRUCTURE:0.4992448979233342
C_PIECECOORDINATION:0.5146220353011548
C_ROOKANDPAWNMOVEMENT:0.5146220353011548
C_CENTERCONTROL:0.4888452951872392
C_DEVELOPPIECES:0.5052471440638239
C_MATERIAL:0.49389075820907735
C_MOVECOUNT:0.5
