ELO:1037
CE_PASSEDPAWNS:0.611752703691751
CE_PAWNWEAKNESSES:0.4619501875947155
CE_PIECEACTIVITY:0.48521897266575403
CE_KINGPAWNSHIELD:0.46471979659803
CE_PIECECOORDINATION:0.46674388211013296
CE_MATERIAL:0.39717570061408863
CE_KINGSAFETY:0.5189546692814785
C_PIECESQUARETABLES:0.4905975841441003
C_MOBILITY:0.4056170808801188
C_KINGSAFETY:0.5030284592934021
C_PAWNSTRUCTURE:0.4110666224979165
C_PIECECOORDINATION:0.48272718444163215
C_ROOKANDPAWNMOVEMENT:0.48272718444163215
C_CENTERCONTROL:0.5267529990525034
C_DEVELOPPIECES:0.5654949683107247
C_MATERIAL:0.46470263988315513
