ELO:1000
CE_PASSEDPAWNS:0.4965347129519573
CE_PAWNWEAKNESSES:0.5650130012411275
CE_PIECEACTIVITY:0.45361362253479554
CE_KINGPAWNSHIELD:0.49245698072297345
CE_PIECECOORDINATION:0.4968738132229581
CE_MATERIAL:0.5417387220613394
CE_KINGSAFETY:0.49985047243253905
C_PIECESQUARETABLES:0.5012319944279755
C_MOBILITY:0.49388062989660675
C_KINGSAFETY:0.521165628100662
C_PAWNSTRUCTURE:0.49186421729009466
C_PIECECOORDINATION:0.4987545913903876
C_ROOKANDPAWNMOVEMENT:0.4987545913903876
C_CENTERCONTROL:0.48293853203608605
C_DEVELOPPIECES:0.45651515213968424
C_MATERIAL:0.44320780915847213
