ELO:965
CE_PASSEDPAWNS:0.6103378254721866
CE_PAWNWEAKNESSES:0.4812242460041382
CE_PIECEACTIVITY:0.5393502910993561
CE_KINGPAWNSHIELD:0.5599465954910741
CE_PIECECOORDINATION:0.523739455947956
CE_MATERIAL:0.5954574469548259
CE_KINGSAFETY:0.5204698294402527
C_PIECESQUARETABLES:0.5101281212078431
C_MOBILITY:0.3101299190571748
C_KINGSAFETY:0.3322834262776044
C_PAWNSTRUCTURE:0.5807532786509072
C_PIECECOORDINATION:0.5829626638303522
C_ROOKANDPAWNMOVEMENT:0.5829626638303522
C_CENTERCONTROL:0.5952151172456713
C_DEVELOPPIECES:0.5183512083748709
C_MATERIAL:0.3808395477090749
