ELO:946
CE_PASSEDPAWNS:0.5516946617462302
CE_PAWNWEAKNESSES:0.5507946184776268
CE_PIECEACTIVITY:0.40879878269448006
CE_KINGPAWNSHIELD:0.5142617043737591
CE_PIECECOORDINATION:0.6470730348923709
CE_MATERIAL:0.4460147415974243
CE_KINGSAFETY:0.5400465728034086
C_PIECESQUARETABLES:0.5190325048392034
C_MOBILITY:0.5420572989761531
C_KINGSAFETY:0.5001802860030611
C_PAWNSTRUCTURE:0.410974947480265
C_PIECECOORDINATION:0.4178145738546322
C_ROOKANDPAWNMOVEMENT:0.4178145738546322
C_CENTERCONTROL:0.44092971060283775
C_DEVELOPPIECES:0.42836387224904043
C_MATERIAL:0.5845966924556806
