ELO:938
CE_PASSEDPAWNS:0.5702166452119921
CE_PAWNWEAKNESSES:0.5039006518136474
CE_PIECEACTIVITY:0.4532138113095717
CE_KINGPAWNSHIELD:0.5949725683445457
CE_PIECECOORDINATION:0.578191320839743
CE_MATERIAL:0.6162051270377832
CE_KINGSAFETY:0.48261561444804213
C_PIECESQUARETABLES:0.5072460609318837
C_MOBILITY:0.41059902076539617
C_KINGSAFETY:0.5724553483057647
C_PAWNSTRUCTURE:0.513573096442089
C_PIECECOORDINATION:0.5503550543814814
C_ROOKANDPAWNMOVEMENT:0.5503550543814814
C_CENTERCONTROL:0.4896799912052168
C_DEVELOPPIECES:0.4948775939403893
C_MATERIAL:0.44937921957257126
