ELO:925
CE_PASSEDPAWNS:0.5624083780467495
CE_PAWNWEAKNESSES:0.5748456513862038
CE_PIECEACTIVITY:0.4389002069478363
CE_KINGPAWNSHIELD:0.5447889332388914
CE_PIECECOORDINATION:0.6428841582361424
CE_MATERIAL:0.4410512195733608
CE_KINGSAFETY:0.4767263025641313
C_PIECESQUARETABLES:0.5077281929819519
C_MOBILITY:0.5876528909621627
C_KINGSAFETY:0.4829900042768946
C_PAWNSTRUCTURE:0.40758995460720665
C_PIECECOORDINATION:0.4426554347346305
C_ROOKANDPAWNMOVEMENT:0.4426554347346305
C_CENTERCONTROL:0.4230989493183038
C_DEVELOPPIECES:0.4715729575331121
C_MATERIAL:0.5888875800006632
