ELO:1005
CE_PASSEDPAWNS:0.5086088173447325
CE_PAWNWEAKNESSES:0.5
CE_PIECEACTIVITY:0.5
CE_KINGPAWNSHIELD:0.48914633034313576
CE_PIECECOORDINATION:0.5
CE_MATERIAL:0.5
CE_KINGSAFETY:0.5
C_PIECESQUARETABLES:0.5
C_MOBILITY:0.5
C_KINGSAFETY:0.4849148483011018
C_PAWNSTRUCTURE:0.5055559918393242
C_PIECECOORDINATION:0.5
C_ROOKANDPAWNMOVEMENT:0.5
C_CENTERCONTROL:0.5064239193544272
C_DEVELOPPIECES:0.5
C_MATERIAL:0.5047776193780118
C_MOVECOUNT:0.5013725050161331
