ELO:974
CE_PASSEDPAWNS:0.4766875888553881
CE_PAWNWEAKNESSES:0.5192293932170363
CE_PIECEACTIVITY:0.52592354893196
CE_KINGPAWNSHIELD:0.5131099674402791
CE_PIECECOORDINATION:0.4790481579614032
CE_MATERIAL:0.4985685749894657
CE_KINGSAFETY:0.4995890282172117
C_PIECESQUARETABLES:0.4917947407276071
C_MOBILITY:0.5167808060742355
C_KINGSAFETY:0.5006489181204488
C_PAWNSTRUCTURE:0.4850695737178421
C_PIECECOORDINATION:0.4745108991387389
C_ROOK:0.4771870694977145
CE_ROOK:0.4992085244708918
C_CENTERCONTROL:0.4957607163387789
C_DEVELOPPIECES:0.4930359523194088
C_MATERIAL:0.523100066535383
C_MOVECOUNT:0.5172340336474461
C_PAWNMOVEMENT:0.5152787842254337
