ELO:1006
CE_PASSEDPAWNS:0.5
CE_PAWNWEAKNESSES:0.5029927172791442
CE_PIECEACTIVITY:0.5037297722222418
CE_KINGPAWNSHIELD:0.5
CE_PIECECOORDINATION:0.5
CE_MATERIAL:0.5
CE_KINGSAFETY:0.5082390270965821
C_PIECESQUARETABLES:0.5
C_MOBILITY:0.5
C_KINGSAFETY:0.5
C_PAWNSTRUCTURE:0.5
C_PIECECOORDINATION:0.5011268719662805
C_ROOK:0.5
CE_ROOK:0.5
C_CENTERCONTROL:0.4906559220951538
C_DEVELOPPIECES:0.5
C_MATERIAL:0.4915975459561999
C_MOVECOUNT:0.5089440938451341
C_PAWNMOVEMENT:0.5
