ELO:978
CE_PASSEDPAWNS:0.5590658990487736
CE_PAWNWEAKNESSES:0.5182870431369445
CE_PIECEACTIVITY:0.4682018993636122
CE_KINGPAWNSHIELD:0.5564791427248588
CE_PIECECOORDINATION:0.5495614052105806
CE_MATERIAL:0.6225794575348557
CE_KINGSAFETY:0.5132365675146414
C_PIECESQUARETABLES:0.4951637681207913
C_MOBILITY:0.4320048315701356
C_KINGSAFETY:0.5969342410811479
C_PAWNSTRUCTURE:0.47859825613790535
C_PIECECOORDINATION:0.5265721249252079
C_ROOKANDPAWNMOVEMENT:0.5265721249252079
C_CENTERCONTROL:0.4755781125498371
C_DEVELOPPIECES:0.4981215125299814
C_MATERIAL:0.4084340922086114
