ELO:936
CE_PASSEDPAWNS:0.5453080799794474
CE_PAWNWEAKNESSES:0.5854039958415306
CE_PIECEACTIVITY:0.4391419099831836
CE_KINGPAWNSHIELD:0.5403438652476484
CE_PIECECOORDINATION:0.6376026383390481
CE_MATERIAL:0.42248673210376286
CE_KINGSAFETY:0.46698519125738974
C_PIECESQUARETABLES:0.505136753754999
C_MOBILITY:0.5849814985298334
C_KINGSAFETY:0.4745558347138993
C_PAWNSTRUCTURE:0.41021119586841187
C_PIECECOORDINATION:0.4388404232749998
C_ROOKANDPAWNMOVEMENT:0.4388404232749998
C_CENTERCONTROL:0.44026674424777074
C_DEVELOPPIECES:0.4692478554775435
C_MATERIAL:0.5714862992302968
