ELO:986
CE_PASSEDPAWNS:0.5602458335704223
CE_PAWNWEAKNESSES:0.5508038154571822
CE_PIECEACTIVITY:0.4331108340000015
CE_KINGPAWNSHIELD:0.53831783029552
CE_PIECECOORDINATION:0.5934298665104821
CE_MATERIAL:0.4349826835801034
CE_KINGSAFETY:0.46862977574049763
C_PIECESQUARETABLES:0.509118104779329
C_MOBILITY:0.5163046527954219
C_KINGSAFETY:0.5078798804526115
C_PAWNSTRUCTURE:0.42127121753330693
C_PIECECOORDINATION:0.40073999789599707
C_ROOKANDPAWNMOVEMENT:0.40073999789599707
C_CENTERCONTROL:0.4363216246389763
C_DEVELOPPIECES:0.46782541045130743
C_MATERIAL:0.5619890255449305
