ELO:989
CE_PASSEDPAWNS:0.3635648788934117
CE_PAWNWEAKNESSES:0.5101911941528886
CE_PIECEACTIVITY:0.5709619750911208
CE_KINGPAWNSHIELD:0.46619871093145376
CE_PIECECOORDINATION:0.4513783285247671
CE_MATERIAL:0.5125313430690898
CE_KINGSAFETY:0.5
C_PIECESQUARETABLES:0.5
C_MOBILITY:0.4884137932915891
C_KINGSAFETY:0.5594239720260957
C_PAWNSTRUCTURE:0.32150269927195163
C_PIECECOORDINATION:0.4455295289066636
C_ROOKANDPAWNMOVEMENT:0.4455295289066636
C_CENTERCONTROL:0.35488331713916
C_DEVELOPPIECES:0.48927689419822296
C_MATERIAL:0.6828983766046607
