ELO:1006
CE_PASSEDPAWNS:0.4968807417214157
CE_PAWNWEAKNESSES:0.4975658013219774
CE_PIECEACTIVITY:0.48596109244606206
CE_KINGPAWNSHIELD:0.5057120051738098
CE_PIECECOORDINATION:0.5008567269284955
CE_MATERIAL:0.49020728033412736
CE_KINGSAFETY:0.5006444464510263
C_PIECESQUARETABLES:0.5059079557173224
C_MOBILITY:0.5027435640303025
C_KINGSAFETY:0.48993395281278757
C_PAWNSTRUCTURE:0.5172316251829051
C_PIECECOORDINATION:0.4927103958982652
C_ROOKANDPAWNMOVEMENT:0.4927103958982652
C_CENTERCONTROL:0.4721719589064398
C_DEVELOPPIECES:0.5246147900157707
C_MATERIAL:0.5008726142166315
