ELO:948
CE_PASSEDPAWNS:0.5555098574619475
CE_PAWNWEAKNESSES:0.5020722191892706
CE_PIECEACTIVITY:0.4598916759681605
CE_KINGPAWNSHIELD:0.557561800841145
CE_PIECECOORDINATION:0.5515617366031534
CE_MATERIAL:0.5934255348086243
CE_KINGSAFETY:0.4946401367669903
C_PIECESQUARETABLES:0.5321012486938712
C_MOBILITY:0.4372172238181334
C_KINGSAFETY:0.5940915648719955
C_PAWNSTRUCTURE:0.48876566360679063
C_PIECECOORDINATION:0.5466868985431299
C_ROOKANDPAWNMOVEMENT:0.5466868985431299
C_CENTERCONTROL:0.5066647789275845
C_DEVELOPPIECES:0.49027817252806394
C_MATERIAL:0.45034295073089403
