ELO:884
CE_PASSEDPAWNS:0.467740861995336
CE_PAWNWEAKNESSES:0.5185409825281254
CE_PIECEACTIVITY:0.5178568333799751
CE_KINGPAWNSHIELD:0.5150134064006219
CE_PIECECOORDINATION:0.484834493288379
CE_MATERIAL:0.5265606562425622
CE_KINGSAFETY:0.49057588737068564
C_PIECESQUARETABLES:0.496278882553247
C_MOBILITY:0.551478472031375
C_KINGSAFETY:0.47973826778250805
C_PAWNSTRUCTURE:0.47051462455471793
C_PIECECOORDINATION:0.4745571545099751
C_ROOK:0.4753050854135796
CE_ROOK:0.5100892481513983
C_CENTERCONTROL:0.4706060089614763
C_DEVELOPPIECES:0.48840129241638974
C_MATERIAL:0.5141450714504953
C_MOVECOUNT:0.48725365115169106
C_PAWNMOVEMENT:0.5114212489187671
