ELO:681
CE_PASSEDPAWNS:0.49621195186274775
CE_PAWNWEAKNESSES:0.520261372656494
CE_PIECEACTIVITY:0.4797583324618858
CE_KINGPAWNSHIELD:0.4725742530537443
CE_PIECECOORDINATION:0.5281109802565644
CE_MATERIAL:0.6792582530222879
CE_KINGSAFETY:0.511449441908906
C_PIECESQUARETABLES:0.49929476428686664
C_MOBILITY:0.5509421478430607
C_KINGSAFETY:0.4895084678022531
C_PAWNSTRUCTURE:0.6222442636464649
C_PIECECOORDINATION:0.4882394254537465
C_ROOKANDPAWNMOVEMENT:0.4882394254537465
C_CENTERCONTROL:0.5573421997666335
C_DEVELOPPIECES:0.4922950737632867
C_MATERIAL:0.5012545633788495
C_MOVECOUNT:0.5186901905847995
