ELO:865
CE_PASSEDPAWNS:0.49063317599089534
CE_PAWNWEAKNESSES:0.553222614354747
CE_PIECEACTIVITY:0.5059984364588177
CE_KINGPAWNSHIELD:0.433480720945493
CE_PIECECOORDINATION:0.5207482182887205
CE_MATERIAL:0.5063677958356916
CE_KINGSAFETY:0.5073359998869084
C_PIECESQUARETABLES:0.4649620025001891
C_MOBILITY:0.4522406408623287
C_KINGSAFETY:0.5226738341252204
C_PAWNSTRUCTURE:0.5212956810423715
C_PIECECOORDINATION:0.47677335185165615
C_ROOKANDPAWNMOVEMENT:0.47677335185165615
C_CENTERCONTROL:0.5205033350240317
C_DEVELOPPIECES:0.5382650570948894
C_MATERIAL:0.49644824325093934
C_MOVECOUNT:0.5
