ELO:879
CE_PASSEDPAWNS:0.5792124084147455
CE_PAWNWEAKNESSES:0.49719797763713297
CE_PIECEACTIVITY:0.49634371023260293
CE_KINGPAWNSHIELD:0.514369216803386
CE_PIECECOORDINATION:0.5278536364157033
CE_MATERIAL:0.4569975386919927
CE_KINGSAFETY:0.5197865120889441
C_PIECESQUARETABLES:0.5174479402852762
C_MOBILITY:0.44088387719061056
C_KINGSAFETY:0.5684807075597343
C_PAWNSTRUCTURE:0.4980494294146457
C_PIECECOORDINATION:0.5543303655229549
C_ROOKANDPAWNMOVEMENT:0.5543303655229549
C_CENTERCONTROL:0.5393680724672874
C_DEVELOPPIECES:0.4641827311434505
C_MATERIAL:0.5229350240645881
C_MOVECOUNT:0.5
