ELO:878
CE_PASSEDPAWNS:0.397872960963458
CE_PAWNWEAKNESSES:0.5074476762670662
CE_PIECEACTIVITY:0.49062917724611493
CE_KINGPAWNSHIELD:0.5530818814093132
CE_PIECECOORDINATION:0.3785935602186564
CE_MATERIAL:0.465952649993975
CE_KINGSAFETY:0.5130525158863165
C_PIECESQUARETABLES:0.5200750048563465
C_MOBILITY:0.5470092894278668
C_KINGSAFETY:0.527546183568349
C_PAWNSTRUCTURE:0.4636909419090855
C_PIECECOORDINATION:0.5116908290292257
C_ROOKANDPAWNMOVEMENT:0.5116908290292257
C_CENTERCONTROL:0.512795794275671
C_DEVELOPPIECES:0.5572234087404437
C_MATERIAL:0.5282029442637953
C_MOVECOUNT:0.5
