ELO:1009
CE_PASSEDPAWNS:0.5
CE_PAWNWEAKNESSES:0.5087782999551004
CE_PIECEACTIVITY:0.5
CE_KINGPAWNSHIELD:0.5
CE_PIECECOORDINATION:0.5
CE_MATERIAL:0.5
CE_KINGSAFETY:0.5
C_PIECESQUARETABLES:0.5011098331636024
C_MOBILITY:0.49817344439033373
C_KINGSAFETY:0.5
C_PAWNSTRUCTURE:0.5
C_PIECECOORDINATION:0.5018879505065095
C_ROOK:0.5095863505518614
CE_ROOK:0.5001057837702831
C_CENTERCONTROL:0.5
C_DEVELOPPIECES:0.49266207613748414
C_MATERIAL:0.5
C_MOVECOUNT:0.5
C_PAWNMOVEMENT:0.48692262637941836
