ELO:1000
CE_PASSEDPAWNS:0.5554793245738707
CE_PAWNWEAKNESSES:0.5265172601226474
CE_PIECEACTIVITY:0.46366763842780595
CE_KINGPAWNSHIELD:0.5302949527325015
CE_PIECECOORDINATION:0.5390497177858331
CE_MATERIAL:0.45607772765360677
CE_KINGSAFETY:0.49122144943274865
C_PIECESQUARETABLES:0.491270855687222
C_MOBILITY:0.5181244395743754
C_KINGSAFETY:0.4859595831747352
C_PAWNSTRUCTURE:0.46987476747122314
C_PIECECOORDINATION:0.4567605679701447
C_ROOKANDPAWNMOVEMENT:0.4567605679701447
C_CENTERCONTROL:0.44577009372333176
C_DEVELOPPIECES:0.45079515593952385
C_MATERIAL:0.5387478197774952
