ELO:920
CE_PASSEDPAWNS:0.5773180091626917
CE_PAWNWEAKNESSES:0.4862189369587415
CE_PIECEACTIVITY:0.46072264868329976
CE_KINGPAWNSHIELD:0.6058829089786454
CE_PIECECOORDINATION:0.515870328922654
CE_MATERIAL:0.5996716470825205
CE_KINGSAFETY:0.4950378609860568
C_PIECESQUARETABLES:0.5051973985658361
C_MOBILITY:0.41724386902715466
C_KINGSAFETY:0.5611198177825529
C_PAWNSTRUCTURE:0.5189540577043976
C_PIECECOORDINATION:0.5018862298807532
C_ROOKANDPAWNMOVEMENT:0.5018862298807532
C_CENTERCONTROL:0.4866387320647398
C_DEVELOPPIECES:0.5141898218681635
C_MATERIAL:0.45014995380305173
