ELO:1000
CE_PASSEDPAWNS:0.48316526061332293
CE_PAWNWEAKNESSES:0.5620835712231756
CE_PIECEACTIVITY:0.47002764717893125
CE_KINGPAWNSHIELD:0.535720724579824
CE_PIECECOORDINATION:0.5434080133521677
CE_MATERIAL:0.5936993475690759
CE_KINGSAFETY:0.48957511628162614
C_PIECESQUARETABLES:0.5318592864402694
C_MOBILITY:0.5274719261876286
C_KINGSAFETY:0.5273420279462268
C_PAWNSTRUCTURE:0.5050682151163225
C_PIECECOORDINATION:0.5045740836662986
C_ROOKANDPAWNMOVEMENT:0.5045740836662986
C_CENTERCONTROL:0.5193605332970663
C_DEVELOPPIECES:0.4477345484149461
C_MATERIAL:0.4651383972153697
