ELO:978
CE_PASSEDPAWNS:0.5560039716252364
CE_PAWNWEAKNESSES:0.5078486435732064
CE_PIECEACTIVITY:0.45407077540995006
CE_KINGPAWNSHIELD:0.5545321759227997
CE_PIECECOORDINATION:0.5515498255965832
CE_MATERIAL:0.6225891309270934
CE_KINGSAFETY:0.4998639981584509
C_PIECESQUARETABLES:0.49494427463653395
C_MOBILITY:0.43228633698896773
C_KINGSAFETY:0.6060796689329916
C_PAWNSTRUCTURE:0.4752668015129639
C_PIECECOORDINATION:0.5326738292454881
C_ROOKANDPAWNMOVEMENT:0.5326738292454881
C_CENTERCONTROL:0.47108685630899205
C_DEVELOPPIECES:0.4889390087812058
C_MATERIAL:0.3882755584304449
