ELO:980
CE_PASSEDPAWNS:0.5136493188073027
CE_PAWNWEAKNESSES:0.5367121427556811
CE_PIECEACTIVITY:0.46820555698136246
CE_KINGPAWNSHIELD:0.5311914926884904
CE_PIECECOORDINATION:0.5307824497208331
CE_MATERIAL:0.6344590722958213
CE_KINGSAFETY:0.5
C_PIECESQUARETABLES:0.5
C_MOBILITY:0.45791599071790073
C_KINGSAFETY:0.6064701339781432
C_PAWNSTRUCTURE:0.47518634137742516
C_PIECECOORDINATION:0.5157902308474194
C_ROOKANDPAWNMOVEMENT:0.5157902308474194
C_CENTERCONTROL:0.4803025207280342
C_DEVELOPPIECES:0.49134864691939206
C_MATERIAL:0.4095733400236145
