ELO:1000
CE_PASSEDPAWNS:0.4894519841574362
CE_PAWNWEAKNESSES:0.5
CE_PIECEACTIVITY:0.5
CE_KINGPAWNSHIELD:0.5038284490085099
CE_PIECECOORDINATION:0.5110633840886217
CE_MATERIAL:0.49517445956011524
CE_KINGSAFETY:0.4961707732981734
C_PIECESQUARETABLES:0.4998733074425572
C_MOBILITY:0.5057574701669357
C_KINGSAFETY:0.5
C_PAWNSTRUCTURE:0.48956880738846503
C_PIECECOORDINATION:0.5037268400739148
C_ROOKANDPAWNMOVEMENT:0.5037268400739148
C_CENTERCONTROL:0.5017192935154738
C_DEVELOPPIECES:0.5
C_MATERIAL:0.5
