ELO:946
CE_PASSEDPAWNS:0.4766875888553881
CE_PAWNWEAKNESSES:0.521760981090009
CE_PIECEACTIVITY:0.5258389380864946
CE_KINGPAWNSHIELD:0.5159027010729458
CE_PIECECOORDINATION:0.4797208496751217
CE_MATERIAL:0.4985685749894657
CE_KINGSAFETY:0.4995890282172117
C_PIECESQUARETABLES:0.4891076452794415
C_MOBILITY:0.518444128123542
C_KINGSAFETY:0.5087302130641218
C_PAWNSTRUCTURE:0.4907235486519477
C_PIECECOORDINATION:0.46549616922900877
C_ROOK:0.46943451860330826
CE_ROOK:0.5051786600351563
C_CENTERCONTROL:0.4971107698329732
C_DEVELOPPIECES:0.49632125997099286
C_MATERIAL:0.5173372119205271
C_MOVECOUNT:0.4976880364147701
C_PAWNMOVEMENT:0.5125602467961283
