ELO:985
CE_PASSEDPAWNS:0.5
CE_PAWNWEAKNESSES:0.5003566418300277
CE_PIECEACTIVITY:0.49157294002198465
CE_KINGPAWNSHIELD:0.5121195743717393
CE_PIECECOORDINATION:0.4976437710823399
CE_MATERIAL:0.48691800347164993
CE_KINGSAFETY:0.4930490701970029
C_PIECESQUARETABLES:0.5012515517401169
C_MOBILITY:0.49279631252531636
C_KINGSAFETY:0.47313457541696363
C_PAWNSTRUCTURE:0.5
C_PIECECOORDINATION:0.5179328205955556
C_ROOKANDPAWNMOVEMENT:0.5179328205955556
C_CENTERCONTROL:0.47472610809421945
C_DEVELOPPIECES:0.4969380483418612
C_MATERIAL:0.5092863016077436
C_MOVECOUNT:0.5137690940936583
