ELO:1011
CE_PASSEDPAWNS:0.49483806955367327
CE_PAWNWEAKNESSES:0.4871715224824995
CE_PIECEACTIVITY:0.5
CE_KINGPAWNSHIELD:0.5
CE_PIECECOORDINATION:0.5
CE_MATERIAL:0.5
CE_KINGSAFETY:0.5
C_PIECESQUARETABLES:0.5
C_MOBILITY:0.5
C_KINGSAFETY:0.5
C_PAWNSTRUCTURE:0.5
C_PIECECOORDINATION:0.504485987144787
C_ROOKANDPAWNMOVEMENT:0.504485987144787
C_CENTERCONTROL:0.5106497996814144
C_DEVELOPPIECES:0.5
C_MATERIAL:0.5027753249024663
C_MOVECOUNT:0.5040007571910131
