ELO:816
CE_PASSEDPAWNS:0.5203339884773924
CE_PAWNWEAKNESSES:0.5248609686784612
CE_PIECEACTIVITY:0.5047799206508108
CE_KINGPAWNSHIELD:0.4421147559109287
CE_PIECECOORDINATION:0.5330890276964201
CE_MATERIAL:0.5328395783338731
CE_KINGSAFETY:0.49672213395191517
C_PIECESQUARETABLES:0.4763385736498384
C_MOBILITY:0.4446141825644223
C_KINGSAFETY:0.5208355968751753
C_PAWNSTRUCTURE:0.5329652769354485
C_PIECECOORDINATION:0.4845287951048397
C_ROOKANDPAWNMOVEMENT:0.4845287951048397
C_CENTERCONTROL:0.5158702621099966
C_DEVELOPPIECES:0.5157428033450787
C_MATERIAL:0.5045986504118458
C_MOVECOUNT:0.5
