ELO:798
CE_PASSEDPAWNS:0.5031829683612798
CE_PAWNWEAKNESSES:0.5833573099226323
CE_PIECEACTIVITY:0.5160662697284426
CE_KINGPAWNSHIELD:0.6198224867353204
CE_PIECECOORDINATION:0.46909754681125715
CE_MATERIAL:0.525122795255432
CE_KINGSAFETY:0.479074551893083
C_PIECESQUARETABLES:0.5302943946986742
C_MOBILITY:0.5341397568337214
C_KINGSAFETY:0.4864878305025325
C_PAWNSTRUCTURE:0.5570100359883852
C_PIECECOORDINATION:0.5428236388571436
C_ROOKANDPAWNMOVEMENT:0.5428236388571436
C_CENTERCONTROL:0.5910364097242816
C_DEVELOPPIECES:0.5173574093641689
C_MATERIAL:0.47240913096986464
C_MOVECOUNT:0.5
