ELO:948
CE_PASSEDPAWNS:0.5109152159034072
CE_PAWNWEAKNESSES:0.49325989567053513
CE_PIECEACTIVITY:0.5001352318978297
CE_KINGPAWNSHIELD:0.4928723850142193
CE_PIECECOORDINATION:0.4909564836271952
CE_MATERIAL:0.48872590030838425
CE_KINGSAFETY:0.5209520421624467
C_PIECESQUARETABLES:0.49876250074486356
C_MOBILITY:0.49296407572131595
C_KINGSAFETY:0.506750588914722
C_PAWNSTRUCTURE:0.4892293635542803
C_PIECECOORDINATION:0.5064022251991591
C_ROOKANDPAWNMOVEMENT:0.5064022251991591
C_CENTERCONTROL:0.5310083336596128
C_DEVELOPPIECES:0.4615583699789062
C_MATERIAL:0.5126055569811521
C_MOVECOUNT:0.47770512553263256
