ELO:1000
CE_PASSEDPAWNS:0.4853604392126101
CE_PAWNWEAKNESSES:0.5506525223356049
CE_PIECEACTIVITY:0.48196110526502
CE_KINGPAWNSHIELD:0.5123320168303337
CE_PIECECOORDINATION:0.5286814056876287
CE_MATERIAL:0.5660777289907349
CE_KINGSAFETY:0.4887627797439796
C_PIECESQUARETABLES:0.5281431255344845
C_MOBILITY:0.5041213972281747
C_KINGSAFETY:0.5221894165037538
C_PAWNSTRUCTURE:0.5163060120807245
C_PIECECOORDINATION:0.500283657291543
C_ROOKANDPAWNMOVEMENT:0.500283657291543
C_CENTERCONTROL:0.46837102282953613
C_DEVELOPPIECES:0.456516193077979
C_MATERIAL:0.44412532355531387
