ELO:980
CE_PASSEDPAWNS:0.513804468706643
CE_PAWNWEAKNESSES:0.48559980220408683
CE_PIECEACTIVITY:0.4823973807035478
CE_KINGPAWNSHIELD:0.46521272522964624
CE_PIECECOORDINATION:0.5045517273174809
CE_MATERIAL:0.505680386636423
CE_KINGSAFETY:0.505298605107377
C_PIECESQUARETABLES:0.5176973602800843
C_MOBILITY:0.49571176462077937
C_KINGSAFETY:0.5074455300613159
C_PAWNSTRUCTURE:0.514436406056095
C_PIECECOORDINATION:0.48845765827851545
C_ROOKANDPAWNMOVEMENT:0.48845765827851545
C_CENTERCONTROL:0.5013877950912383
C_DEVELOPPIECES:0.49773270943982256
C_MATERIAL:0.5135131787538945
C_MOVECOUNT:0.4864702903874901
