ELO:881
CE_PASSEDPAWNS:0.504685594306739
CE_PAWNWEAKNESSES:0.4935233208246415
CE_PIECEACTIVITY:0.4981001257982916
CE_KINGPAWNSHIELD:0.5468661099871638
CE_PIECECOORDINATION:0.5094391582661475
CE_MATERIAL:0.47884068512900735
CE_KINGSAFETY:0.46309224681385747
C_PIECESQUARETABLES:0.5235737703167013
C_MOBILITY:0.5128235240427619
C_KINGSAFETY:0.49611122846455324
C_PAWNSTRUCTURE:0.4879689505349065
C_PIECECOORDINATION:0.47217027001510975
C_ROOKANDPAWNMOVEMENT:0.47217027001510975
C_CENTERCONTROL:0.5116557505482684
C_DEVELOPPIECES:0.5165924519423704
C_MATERIAL:0.47461936308188857
C_MOVECOUNT:0.463661721327574
