ELO:951
CE_PASSEDPAWNS:0.48297337731770784
CE_PAWNWEAKNESSES:0.49502515897910376
CE_PIECEACTIVITY:0.521497964659235
CE_KINGPAWNSHIELD:0.467349265385061
CE_PIECECOORDINATION:0.5011132607659594
CE_MATERIAL:0.497262390154677
CE_KINGSAFETY:0.495237706402713
C_PIECESQUARETABLES:0.4886806808828188
C_MOBILITY:0.4702706605543938
C_KINGSAFETY:0.46725615470609555
C_PAWNSTRUCTURE:0.48105220370438856
C_PIECECOORDINATION:0.4969034082548475
C_ROOK:0.4963087377226726
CE_ROOK:0.5166363473588294
C_CENTERCONTROL:0.4926641717868801
C_DEVELOPPIECES:0.5174023091780114
C_MATERIAL:0.45858595592749596
C_MOVECOUNT:0.48777326818872396
C_PAWNMOVEMENT:0.4476497101352091
