ELO:814
CE_PASSEDPAWNS:0.4659452771342558
CE_PAWNWEAKNESSES:0.49274605003395433
CE_PIECEACTIVITY:0.4801923561305348
CE_KINGPAWNSHIELD:0.4783918157074871
CE_PIECECOORDINATION:0.49569252973415556
CE_MATERIAL:0.5209872962050143
CE_KINGSAFETY:0.5001563006275251
C_PIECESQUARETABLES:0.4452264534595552
C_MOBILITY:0.5382318779947748
C_KINGSAFETY:0.4616371140106726
C_PAWNSTRUCTURE:0.476754127386335
C_PIECECOORDINATION:0.5328924574300606
C_ROOKANDPAWNMOVEMENT:0.5328924574300606
C_CENTERCONTROL:0.542242254775403
C_DEVELOPPIECES:0.4791132868995102
C_MATERIAL:0.503680253205283
C_MOVECOUNT:0.5
