ELO:989
CE_PASSEDPAWNS:0.532979830611868
CE_PAWNWEAKNESSES:0.4569521777670433
CE_PIECEACTIVITY:0.4997701709150397
CE_KINGPAWNSHIELD:0.5260129930700309
CE_PIECECOORDINATION:0.4927684563643373
CE_MATERIAL:0.5250973623031325
CE_KINGSAFETY:0.5
C_PIECESQUARETABLES:0.5
C_MOBILITY:0.4940168869171003
C_KINGSAFETY:0.5005953704932143
C_PAWNSTRUCTURE:0.4798664311331016
C_PIECECOORDINATION:0.4834911716834064
C_ROOK:0.4888010109014911
CE_ROOK:0.49048023477084757
C_CENTERCONTROL:0.4939322116520945
C_DEVELOPPIECES:0.5636576863726559
C_MATERIAL:0.4886943908948907
C_MOVECOUNT:0.4937762456865039
C_PAWNMOVEMENT:0.520513408088936
