ELO:998
CE_PASSEDPAWNS:0.5246388828989254
CE_PAWNWEAKNESSES:0.5317657543780885
CE_PIECEACTIVITY:0.39328043728565587
CE_KINGPAWNSHIELD:0.5888600683720189
CE_PIECECOORDINATION:0.5027797667258097
CE_MATERIAL:0.4260218617646317
CE_KINGSAFETY:0.45861324802189063
C_PIECESQUARETABLES:0.48115452198056213
C_MOBILITY:0.48134973890218663
C_KINGSAFETY:0.5822876137438304
C_PAWNSTRUCTURE:0.4403726515303124
C_PIECECOORDINATION:0.47941315081996866
C_ROOKANDPAWNMOVEMENT:0.47941315081996866
C_CENTERCONTROL:0.532902851576066
C_DEVELOPPIECES:0.3874732758910044
C_MATERIAL:0.3940461650878699
