ELO:1000
CE_PASSEDPAWNS:0.5577185418462046
CE_PAWNWEAKNESSES:0.5122234177768807
CE_PIECEACTIVITY:0.5131821114301935
CE_KINGPAWNSHIELD:0.5793522602789708
CE_PIECECOORDINATION:0.44051954687484796
CE_MATERIAL:0.4630241924495111
CE_KINGSAFETY:0.4990437452853762
C_PIECESQUARETABLES:0.4840619875602539
C_MOBILITY:0.4772567005506807
C_KINGSAFETY:0.4530474534197964
C_PAWNSTRUCTURE:0.4567881231072887
C_PIECECOORDINATION:0.518636401490192
C_ROOKANDPAWNMOVEMENT:0.518636401490192
C_CENTERCONTROL:0.49301826024894707
C_DEVELOPPIECES:0.5318701048578367
C_MATERIAL:0.48401666405601934
