ELO:1049
CE_PASSEDPAWNS:0.47058017775505445
CE_PAWNWEAKNESSES:0.48501549785183723
CE_PIECEACTIVITY:0.5023078892508906
CE_KINGPAWNSHIELD:0.49239483193018807
CE_PIECECOORDINATION:0.5743066191397286
CE_MATERIAL:0.47838775739363004
CE_KINGSAFETY:0.515465734376402
C_PIECESQUARETABLES:0.5
C_MOBILITY:0.5
C_KINGSAFETY:0.5
C_PAWNSTRUCTURE:0.5041511092947907
C_PIECECOORDINATION:0.466788837795545
C_ROOKANDPAWNMOVEMENT:0.466788837795545
C_CENTERCONTROL:0.5260389880695284
C_DEVELOPPIECES:0.48872829184308847
C_MATERIAL:0.4894552241907365
C_MOVECOUNT:0.5
