ELO:1000
CE_PASSEDPAWNS:0.5
CE_PAWNWEAKNESSES:0.5
CE_PIECEACTIVITY:0.5004036407259284
CE_KINGPAWNSHIELD:0.5
CE_PIECECOORDINATION:0.49396483734249463
CE_MATERIAL:0.5
CE_KINGSAFETY:0.49637022299018446
C_PIECESQUARETABLES:0.4924782208897336
C_MOBILITY:0.5105927505923217
C_KINGSAFETY:0.5
C_PAWNSTRUCTURE:0.49152014382361225
C_PIECECOORDINATION:0.5
C_ROOKANDPAWNMOVEMENT:0.5
C_CENTERCONTROL:0.5045205346799659
C_DEVELOPPIECES:0.4977512085932562
C_MATERIAL:0.5
