ELO:967
CE_PASSEDPAWNS:0.4834415599855486
CE_PAWNWEAKNESSES:0.5057740439375338
CE_PIECEACTIVITY:0.37582528765731393
CE_KINGPAWNSHIELD:0.5938874521036306
CE_PIECECOORDINATION:0.5409200102573096
CE_MATERIAL:0.5706076647876144
CE_KINGSAFETY:0.4987214004726647
C_PIECESQUARETABLES:0.5010943516604951
C_MOBILITY:0.5492475429903149
C_KINGSAFETY:0.6470969586910508
C_PAWNSTRUCTURE:0.5234945225961928
C_PIECECOORDINATION:0.45835228753136803
C_ROOKANDPAWNMOVEMENT:0.45835228753136803
C_CENTERCONTROL:0.4432753103276251
C_DEVELOPPIECES:0.5322213686005587
C_MATERIAL:0.457276817090281
