ELO:986
CE_PASSEDPAWNS:0.5432230025126432
CE_PAWNWEAKNESSES:0.5200748179873765
CE_PIECEACTIVITY:0.4030831157513191
CE_KINGPAWNSHIELD:0.573265631679889
CE_PIECECOORDINATION:0.49783572986483066
CE_MATERIAL:0.4427810538166778
CE_KINGSAFETY:0.4478139326077781
C_PIECESQUARETABLES:0.4862780309596176
C_MOBILITY:0.5003781318498933
C_KINGSAFETY:0.5817096470653881
C_PAWNSTRUCTURE:0.44504098075028886
C_PIECECOORDINATION:0.47941315081996866
C_ROOKANDPAWNMOVEMENT:0.47941315081996866
C_CENTERCONTROL:0.5362753489671319
C_DEVELOPPIECES:0.38151967734006753
C_MATERIAL:0.3897171324175757
