ELO:850
CE_PASSEDPAWNS:0.5922220447916439
CE_PAWNWEAKNESSES:0.4104303124985503
CE_PIECEACTIVITY:0.5402217483705959
CE_KINGPAWNSHIELD:0.42974142415717764
CE_PIECECOORDINATION:0.41021053362386445
CE_MATERIAL:0.5126585030752528
CE_KINGSAFETY:0.4610038536132044
C_PIECESQUARETABLES:0.5256894236927899
C_MOBILITY:0.593976735198061
C_KINGSAFETY:0.5471168832815089
C_PAWNSTRUCTURE:0.5247616450634038
C_PIECECOORDINATION:0.4272060499099484
C_ROOKANDPAWNMOVEMENT:0.4272060499099484
C_CENTERCONTROL:0.42950518764697143
C_DEVELOPPIECES:0.4882084827877819
C_MATERIAL:0.5518651414679707
