ELO:1000
CE_PASSEDPAWNS:0.5105258618470512
CE_PAWNWEAKNESSES:0.48282942843367066
CE_PIECEACTIVITY:0.5
CE_KINGPAWNSHIELD:0.5046261572196998
CE_PIECECOORDINATION:0.5
CE_MATERIAL:0.5
CE_KINGSAFETY:0.4946861464567275
C_PIECESQUARETABLES:0.5112192263475478
C_MOBILITY:0.4998856514389649
C_KINGSAFETY:0.48954548542847237
C_PAWNSTRUCTURE:0.5
C_PIECECOORDINATION:0.4946191458316768
C_ROOK:0.5
CE_ROOK:0.4899479654842927
C_CENTERCONTROL:0.5045442554540491
C_DEVELOPPIECES:0.512141060666342
C_MATERIAL:0.4944395736846961
C_MOVECOUNT:0.49960841145344453
C_PAWNMOVEMENT:0.4798032929339003
