ELO:1000
CE_PASSEDPAWNS:0.5101720297965431
CE_PAWNWEAKNESSES:0.5247028230273638
CE_PIECEACTIVITY:0.39399873632607874
CE_KINGPAWNSHIELD:0.5370613235414583
CE_PIECECOORDINATION:0.47369121644864987
CE_MATERIAL:0.45468040389911996
CE_KINGSAFETY:0.4488961036076338
C_PIECESQUARETABLES:0.5124876922010301
C_MOBILITY:0.47969416983591395
C_KINGSAFETY:0.5759155178145013
C_PAWNSTRUCTURE:0.45062926171392836
C_PIECECOORDINATION:0.4759032550200811
C_ROOKANDPAWNMOVEMENT:0.4759032550200811
C_CENTERCONTROL:0.5374525144151902
C_DEVELOPPIECES:0.3815366549128138
C_MATERIAL:0.4303905616753964
