ELO:1000
CE_PASSEDPAWNS:0.5650238106193801
CE_PAWNWEAKNESSES:0.5279288684938636
CE_PIECEACTIVITY:0.5135687130179254
CE_KINGPAWNSHIELD:0.5382985371336987
CE_PIECECOORDINATION:0.45633721232652347
CE_MATERIAL:0.49319027678463967
CE_KINGSAFETY:0.49304825510333455
C_PIECESQUARETABLES:0.4871164345296394
C_MOBILITY:0.47912849120731144
C_KINGSAFETY:0.49045284497600794
C_PAWNSTRUCTURE:0.4596215781708
C_PIECECOORDINATION:0.5150700651133849
C_ROOKANDPAWNMOVEMENT:0.5150700651133849
C_CENTERCONTROL:0.5037259619729021
C_DEVELOPPIECES:0.5289492422975604
C_MATERIAL:0.48698905910740964
