ELO:958
CE_PASSEDPAWNS:0.4618251812314974
CE_PAWNWEAKNESSES:0.5101127077696723
CE_PIECEACTIVITY:0.5120616588955593
CE_KINGPAWNSHIELD:0.49245763143600696
CE_PIECECOORDINATION:0.49900610446983085
CE_MATERIAL:0.5012971215183277
CE_KINGSAFETY:0.5143285156265445
C_PIECESQUARETABLES:0.5
C_MOBILITY:0.538044854494447
C_KINGSAFETY:0.5459545267277592
C_PAWNSTRUCTURE:0.5116865660911654
C_PIECECOORDINATION:0.48898578567388323
C_ROOKANDPAWNMOVEMENT:0.48898578567388323
C_CENTERCONTROL:0.5195348174504005
C_DEVELOPPIECES:0.5311136238260034
C_MATERIAL:0.5020156637445391
C_MOVECOUNT:0.4770926399345403
