ELO:995
CE_PASSEDPAWNS:0.513804468706643
CE_PAWNWEAKNESSES:0.49279719785608805
CE_PIECEACTIVITY:0.4931960503373339
CE_KINGPAWNSHIELD:0.46521272522964624
CE_PIECECOORDINATION:0.4996457156140082
CE_MATERIAL:0.5
CE_KINGSAFETY:0.506979144047665
C_PIECESQUARETABLES:0.50108544837307
C_MOBILITY:0.4900404418983959
C_KINGSAFETY:0.507359354964022
C_PAWNSTRUCTURE:0.49599177881801654
C_PIECECOORDINATION:0.48845765827851545
C_ROOKANDPAWNMOVEMENT:0.48845765827851545
C_CENTERCONTROL:0.5090488673371247
C_DEVELOPPIECES:0.49773270943982256
C_MATERIAL:0.5135131787538945
C_MOVECOUNT:0.5081113529699747
