ELO:1008
CE_PASSEDPAWNS:0.5015161681107628
CE_PAWNWEAKNESSES:0.4966676223599069
CE_PIECEACTIVITY:0.47606801296121853
CE_KINGPAWNSHIELD:0.4906824284966624
CE_PIECECOORDINATION:0.5059773252348441
CE_MATERIAL:0.49398103467408355
CE_KINGSAFETY:0.4856193585469222
C_PIECESQUARETABLES:0.5001039051117644
C_MOBILITY:0.5079818806704416
C_KINGSAFETY:0.5096924545429612
C_PAWNSTRUCTURE:0.5
C_PIECECOORDINATION:0.4885900952972578
C_ROOKANDPAWNMOVEMENT:0.4885900952972578
C_CENTERCONTROL:0.5
C_DEVELOPPIECES:0.5
C_MATERIAL:0.5072382182838134
