ELO:1000
CE_PASSEDPAWNS:0.5144789653611432
CE_PAWNWEAKNESSES:0.5452309302972039
CE_PIECEACTIVITY:0.4259399281417278
CE_KINGPAWNSHIELD:0.5155205252741718
CE_PIECECOORDINATION:0.47671764520387583
CE_MATERIAL:0.47285819327420203
CE_KINGSAFETY:0.49026946249817704
C_PIECESQUARETABLES:0.5051004535955034
C_MOBILITY:0.48056486539183174
C_KINGSAFETY:0.5241143457897603
C_PAWNSTRUCTURE:0.4505695919000071
C_PIECECOORDINATION:0.44734514910866957
C_ROOKANDPAWNMOVEMENT:0.44734514910866957
C_CENTERCONTROL:0.5009554868022219
C_DEVELOPPIECES:0.4463403833703788
C_MATERIAL:0.4697101066594124
