ELO:945
CE_PASSEDPAWNS:0.45992179223129537
CE_PAWNWEAKNESSES:0.5137521542424335
CE_PIECEACTIVITY:0.48709419902654294
CE_KINGPAWNSHIELD:0.49886071944638044
CE_PIECECOORDINATION:0.49900610446983085
CE_MATERIAL:0.5219620698155445
CE_KINGSAFETY:0.5024998892540571
C_PIECESQUARETABLES:0.49953853200169823
C_MOBILITY:0.5439660820482952
C_KINGSAFETY:0.542586250858814
C_PAWNSTRUCTURE:0.502379083549853
C_PIECECOORDINATION:0.4842078637543521
C_ROOKANDPAWNMOVEMENT:0.4842078637543521
C_CENTERCONTROL:0.5205744823017319
C_DEVELOPPIECES:0.5026635389434521
C_MATERIAL:0.5005844361427048
C_MOVECOUNT:0.49304409101316804
