ELO:1000
CE_PASSEDPAWNS:0.5330694738874697
CE_PAWNWEAKNESSES:0.5283520488206458
CE_PIECEACTIVITY:0.5229263435828079
CE_KINGPAWNSHIELD:0.5132989403126895
CE_PIECECOORDINATION:0.48228920872442926
CE_MATERIAL:0.4747129268273433
CE_KINGSAFETY:0.4855255934507985
C_PIECESQUARETABLES:0.4887554920695148
C_MOBILITY:0.5212330322074439
C_KINGSAFETY:0.49153555147819206
C_PAWNSTRUCTURE:0.47083049234682406
C_PIECECOORDINATION:0.5214728801666005
C_ROOKANDPAWNMOVEMENT:0.5214728801666005
C_CENTERCONTROL:0.48674868745565864
C_DEVELOPPIECES:0.4989116253400549
C_MATERIAL:0.5041109226523247
