ELO:938
CE_PASSEDPAWNS:0.4907638631503605
CE_PAWNWEAKNESSES:0.564915327652912
CE_PIECEACTIVITY:0.37147973673906143
CE_KINGPAWNSHIELD:0.5447486928523009
CE_PIECECOORDINATION:0.5011026400854262
CE_MATERIAL:0.4523566485481111
CE_KINGSAFETY:0.48108678601341853
C_PIECESQUARETABLES:0.5
C_MOBILITY:0.45546929430899274
C_KINGSAFETY:0.5743934511936828
C_PAWNSTRUCTURE:0.4356143893446593
C_PIECECOORDINATION:0.4799214783354506
C_ROOKANDPAWNMOVEMENT:0.4799214783354506
C_CENTERCONTROL:0.563615163415658
C_DEVELOPPIECES:0.3414631827456077
C_MATERIAL:0.412225227865577
