ELO:968
CE_PASSEDPAWNS:0.48918380166755765
CE_PAWNWEAKNESSES:0.5179255411629059
CE_PIECEACTIVITY:0.5090236824304349
CE_KINGPAWNSHIELD:0.4771017800477613
CE_PIECECOORDINATION:0.5025698858647072
CE_MATERIAL:0.48256695865213967
CE_KINGSAFETY:0.5
C_PIECESQUARETABLES:0.5
C_MOBILITY:0.5253856812974648
C_KINGSAFETY:0.6182887098607327
C_PAWNSTRUCTURE:0.5281557128632159
C_PIECECOORDINATION:0.5072787510027456
C_ROOKANDPAWNMOVEMENT:0.5072787510027456
C_CENTERCONTROL:0.496890968157246
C_DEVELOPPIECES:0.5043198474218271
C_MATERIAL:0.5325847506197589
C_MOVECOUNT:0.5
