ELO:974
CE_PASSEDPAWNS:0.4935962294991718
CE_PAWNWEAKNESSES:0.5
CE_PIECEACTIVITY:0.5049210482684954
CE_KINGPAWNSHIELD:0.497037736117527
CE_PIECECOORDINATION:0.505429541632905
CE_MATERIAL:0.5418654096555223
CE_KINGSAFETY:0.5
C_PIECESQUARETABLES:0.5
C_MOBILITY:0.49058116724438283
C_KINGSAFETY:0.48857128307104164
C_PAWNSTRUCTURE:0.5030077415144893
C_PIECECOORDINATION:0.47656207738347306
C_ROOKANDPAWNMOVEMENT:0.47656207738347306
C_CENTERCONTROL:0.5
C_DEVELOPPIECES:0.49118052326824807
C_MATERIAL:0.48773124853963634
C_MOVECOUNT:0.4909018183130967
