ELO:952
CE_PASSEDPAWNS:0.5205189630638474
CE_PAWNWEAKNESSES:0.49299789971721375
CE_PIECEACTIVITY:0.4780235963474173
CE_KINGPAWNSHIELD:0.51790740195142
CE_PIECECOORDINATION:0.48780117893020586
CE_MATERIAL:0.5152771225550583
CE_KINGSAFETY:0.49649847920635665
C_PIECESQUARETABLES:0.5178593346086783
C_MOBILITY:0.48695690152082727
C_KINGSAFETY:0.48548886951138304
C_PAWNSTRUCTURE:0.5036796567114552
C_PIECECOORDINATION:0.50117558222332
C_ROOKANDPAWNMOVEMENT:0.50117558222332
C_CENTERCONTROL:0.49618647589039466
C_DEVELOPPIECES:0.48836623710223565
C_MATERIAL:0.4953993890871805
