ELO:949
CE_PASSEDPAWNS:0.4908930861495655
CE_PAWNWEAKNESSES:0.443164639781548
CE_PIECEACTIVITY:0.500570440588215
CE_KINGPAWNSHIELD:0.49239483193018807
CE_PIECECOORDINATION:0.5536479394859591
CE_MATERIAL:0.5016942396269547
CE_KINGSAFETY:0.5
C_PIECESQUARETABLES:0.5
C_MOBILITY:0.4854239537893477
C_KINGSAFETY:0.5664846492898417
C_PAWNSTRUCTURE:0.5340833201903585
C_PIECECOORDINATION:0.4867769574259361
C_ROOKANDPAWNMOVEMENT:0.4867769574259361
C_CENTERCONTROL:0.5911516709674159
C_DEVELOPPIECES:0.45917114825593214
C_MATERIAL:0.48953118978019444
C_MOVECOUNT:0.5
