ELO:978
CE_PASSEDPAWNS:0.5418497520779397
CE_PAWNWEAKNESSES:0.5076273551619604
CE_PIECEACTIVITY:0.41357095412904465
CE_KINGPAWNSHIELD:0.5500621206080755
CE_PIECECOORDINATION:0.48691727908913035
CE_MATERIAL:0.42230452313951855
CE_KINGSAFETY:0.5003053081999266
C_PIECESQUARETABLES:0.5007980463208075
C_MOBILITY:0.4699575496074698
C_KINGSAFETY:0.5752425044752335
C_PAWNSTRUCTURE:0.45603300623347154
C_PIECECOORDINATION:0.4737469796272503
C_ROOKANDPAWNMOVEMENT:0.4737469796272503
C_CENTERCONTROL:0.5332883284373067
C_DEVELOPPIECES:0.36356657644668655
C_MATERIAL:0.38780664712759233
