ELO:978
CE_PASSEDPAWNS:0.5418497520779397
CE_PAWNWEAKNESSES:0.5076273551619604
CE_PIECEACTIVITY:0.41357095412904465
CE_KINGPAWNSHIELD:0.5573016356226391
CE_PIECECOORDINATION:0.48691727908913035
CE_MATERIAL:0.4199245033610323
CE_KINGSAFETY:0.5003053081999266
C_PIECESQUARETABLES:0.5007980463208075
C_MOBILITY:0.4699575496074698
C_KINGSAFETY:0.5714228837169604
C_PAWNSTRUCTURE:0.45603300623347154
C_PIECECOORDINATION:0.47167212498481903
C_ROOKANDPAWNMOVEMENT:0.47167212498481903
C_CENTERCONTROL:0.5332883284373067
C_DEVELOPPIECES:0.35250729364720323
C_MATERIAL:0.38780664712759233
