ELO:957
CE_PASSEDPAWNS:0.5516315159130795
CE_PAWNWEAKNESSES:0.4473139960259565
CE_PIECEACTIVITY:0.5258529644854519
CE_KINGPAWNSHIELD:0.5355026806439335
CE_PIECECOORDINATION:0.4599567881905752
CE_MATERIAL:0.5130934530747585
CE_KINGSAFETY:0.49653520412125723
C_PIECESQUARETABLES:0.5040670334609545
C_MOBILITY:0.4927244416731778
C_KINGSAFETY:0.48640289820373717
C_PAWNSTRUCTURE:0.505952532584428
C_PIECECOORDINATION:0.496442188492644
C_ROOK:0.4944912641089828
CE_ROOK:0.48134720053778485
C_CENTERCONTROL:0.48008807633293205
C_DEVELOPPIECES:0.5597875715333707
C_MATERIAL:0.4744142015166284
C_MOVECOUNT:0.49321897476683985
C_PAWNMOVEMENT:0.5189063332881155
