ELO:982
CE_PASSEDPAWNS:0.5170604873017042
CE_PAWNWEAKNESSES:0.5095625227569361
CE_PIECEACTIVITY:0.5292312026734477
CE_KINGPAWNSHIELD:0.5483818324191003
CE_PIECECOORDINATION:0.5295832204229913
CE_MATERIAL:0.46551848662417816
CE_KINGSAFETY:0.5
C_PIECESQUARETABLES:0.5
C_MOBILITY:0.5085335202291681
C_KINGSAFETY:0.4960030061580891
C_PAWNSTRUCTURE:0.5333622284315217
C_PIECECOORDINATION:0.5110807076238908
C_ROOK:0.5229920020114847
CE_ROOK:0.5401887733939353
C_CENTERCONTROL:0.5191594541185843
C_DEVELOPPIECES:0.5084368008111535
C_MATERIAL:0.4736019232723873
C_MOVECOUNT:0.4894819112702742
C_PAWNMOVEMENT:0.496777167632788
