ELO:956
CE_PASSEDPAWNS:0.5051895929588726
CE_PAWNWEAKNESSES:0.49436283482373844
CE_PIECEACTIVITY:0.48578747247587956
CE_KINGPAWNSHIELD:0.48445608946052227
CE_PIECECOORDINATION:0.5045527645116477
CE_MATERIAL:0.5033139158934553
CE_KINGSAFETY:0.4910001548853608
C_PIECESQUARETABLES:0.48952972684070556
C_MOBILITY:0.49571176462077937
C_KINGSAFETY:0.5094642784353876
C_PAWNSTRUCTURE:0.5231304729723762
C_PIECECOORDINATION:0.4823647825937942
C_ROOKANDPAWNMOVEMENT:0.4823647825937942
C_CENTERCONTROL:0.4972804906897915
C_DEVELOPPIECES:0.49773270943982256
C_MATERIAL:0.5303752803182388
C_MOVECOUNT:0.46037910296395806
