ELO:1044
CE_PASSEDPAWNS:0.5148741466117702
CE_PAWNWEAKNESSES:0.5101787995395966
CE_PIECEACTIVITY:0.5
CE_KINGPAWNSHIELD:0.47416465204750124
CE_PIECECOORDINATION:0.5024664189293215
CE_MATERIAL:0.49464478177997334
CE_KINGSAFETY:0.5216032512469241
C_PIECESQUARETABLES:0.5
C_MOBILITY:0.5
C_KINGSAFETY:0.5
C_PAWNSTRUCTURE:0.5093134734611626
C_PIECECOORDINATION:0.4890164371698547
C_ROOKANDPAWNMOVEMENT:0.4890164371698547
C_CENTERCONTROL:0.5
C_DEVELOPPIECES:0.5
C_MATERIAL:0.49170786894771273
C_MOVECOUNT:0.5
