ELO:995
CE_PASSEDPAWNS:0.493498066898026
CE_PAWNWEAKNESSES:0.5337915233699706
CE_PIECEACTIVITY:0.35598077631390657
CE_KINGPAWNSHIELD:0.6060454468738689
CE_PIECECOORDINATION:0.5337693348718486
CE_MATERIAL:0.603119867085258
CE_KINGSAFETY:0.5041190309224496
C_PIECESQUARETABLES:0.5224306125253122
C_MOBILITY:0.5653359748526358
C_KINGSAFETY:0.6447919602278447
C_PAWNSTRUCTURE:0.5101923400623019
C_PIECECOORDINATION:0.47427888656464084
C_ROOKANDPAWNMOVEMENT:0.47427888656464084
C_CENTERCONTROL:0.42814359627424464
C_DEVELOPPIECES:0.5506572400882392
C_MATERIAL:0.4370843001947558
