ELO:993
CE_PASSEDPAWNS:0.513804468706643
CE_PAWNWEAKNESSES:0.49279719785608805
CE_PIECEACTIVITY:0.4823973807035478
CE_KINGPAWNSHIELD:0.46521272522964624
CE_PIECECOORDINATION:0.49709880084653607
CE_MATERIAL:0.4940689368064096
CE_KINGSAFETY:0.505298605107377
C_PIECESQUARETABLES:0.5176973602800843
C_MOBILITY:0.4900404418983959
C_KINGSAFETY:0.5074455300613159
C_PAWNSTRUCTURE:0.5013722998856438
C_PIECECOORDINATION:0.5159865522932771
C_ROOKANDPAWNMOVEMENT:0.5159865522932771
C_CENTERCONTROL:0.5013877950912383
C_DEVELOPPIECES:0.5046827174639522
C_MATERIAL:0.5135131787538945
C_MOVECOUNT:0.4864702903874901
