ELO:993
CE_PASSEDPAWNS:0.5141762287649146
CE_PAWNWEAKNESSES:0.4931852020157142
CE_PIECEACTIVITY:0.5251053409242006
CE_KINGPAWNSHIELD:0.5132234538568431
CE_PIECECOORDINATION:0.5073643907407593
CE_MATERIAL:0.49154693766537993
CE_KINGSAFETY:0.48645381006469757
C_PIECESQUARETABLES:0.5201873932972465
C_MOBILITY:0.5003911624929978
C_KINGSAFETY:0.507696334520954
C_PAWNSTRUCTURE:0.5077979180950819
C_PIECECOORDINATION:0.4990336757346813
C_ROOKANDPAWNMOVEMENT:0.4990336757346813
C_CENTERCONTROL:0.503303649882317
C_DEVELOPPIECES:0.5129109630741303
C_MATERIAL:0.49684698615279427
