ELO:965
CE_PASSEDPAWNS:0.5228588703374746
CE_PAWNWEAKNESSES:0.45204809933253964
CE_PIECEACTIVITY:0.4295786118078588
CE_KINGPAWNSHIELD:0.6050398779471109
CE_PIECECOORDINATION:0.5870913193245595
CE_MATERIAL:0.5839620966193902
CE_KINGSAFETY:0.4815371075393033
C_PIECESQUARETABLES:0.49408456402738055
C_MOBILITY:0.5336778699573996
C_KINGSAFETY:0.6055876183153936
C_PAWNSTRUCTURE:0.5008809736103363
C_PIECECOORDINATION:0.4735558765853721
C_ROOKANDPAWNMOVEMENT:0.4735558765853721
C_CENTERCONTROL:0.4687528824385216
C_DEVELOPPIECES:0.5809394066715776
C_MATERIAL:0.4736890046646191
