ELO:957
CE_PASSEDPAWNS:0.5406325820491122
CE_PAWNWEAKNESSES:0.4569521777670433
CE_PIECEACTIVITY:0.5258529644854519
CE_KINGPAWNSHIELD:0.5355026806439335
CE_PIECECOORDINATION:0.46830078998578817
CE_MATERIAL:0.5241139848176254
CE_KINGSAFETY:0.5
C_PIECESQUARETABLES:0.4992973988024226
C_MOBILITY:0.4927244416731778
C_KINGSAFETY:0.48185295113218857
C_PAWNSTRUCTURE:0.505952532584428
C_PIECECOORDINATION:0.5108125677820068
C_ROOK:0.487786401370714
CE_ROOK:0.48134720053778485
C_CENTERCONTROL:0.4697712737908683
C_DEVELOPPIECES:0.5643912465435016
C_MATERIAL:0.4744142015166284
C_MOVECOUNT:0.49321897476683985
C_PAWNMOVEMENT:0.5204122183115069
