ELO:970
CE_PASSEDPAWNS:0.5443366652096463
CE_PAWNWEAKNESSES:0.4717756621259803
CE_PIECEACTIVITY:0.4997701709150397
CE_KINGPAWNSHIELD:0.5316504286464468
CE_PIECECOORDINATION:0.48920625312673255
CE_MATERIAL:0.5372679638717494
CE_KINGSAFETY:0.5063736443080934
C_PIECESQUARETABLES:0.49644268467782254
C_MOBILITY:0.5044344874857647
C_KINGSAFETY:0.49196215971353574
C_PAWNSTRUCTURE:0.4798664311331016
C_PIECECOORDINATION:0.490623901448099
C_ROOK:0.4956972313181662
CE_ROOK:0.5019308082556975
C_CENTERCONTROL:0.4949966391926081
C_DEVELOPPIECES:0.5428012087912862
C_MATERIAL:0.48426851117805153
C_MOVECOUNT:0.4988686016760676
C_PAWNMOVEMENT:0.5044889730969441
