ELO:969
CE_PASSEDPAWNS:0.47632286409393637
CE_PAWNWEAKNESSES:0.5239559108074257
CE_PIECEACTIVITY:0.5035441618376997
CE_KINGPAWNSHIELD:0.4864181967851478
CE_PIECECOORDINATION:0.5112995606035278
CE_MATERIAL:0.5051685505374895
CE_KINGSAFETY:0.5021846383199994
C_PIECESQUARETABLES:0.48752962842360786
C_MOBILITY:0.48813207382183477
C_KINGSAFETY:0.5416302033423176
C_PAWNSTRUCTURE:0.5129098016405762
C_PIECECOORDINATION:0.46814910985848346
C_ROOKANDPAWNMOVEMENT:0.46814910985848346
C_CENTERCONTROL:0.5037397035955885
C_DEVELOPPIECES:0.5202786819338845
C_MATERIAL:0.4892675167064173
C_MOVECOUNT:0.5
