ELO:977
CE_PASSEDPAWNS:0.5274170971294194
CE_PAWNWEAKNESSES:0.4569521777670433
CE_PIECEACTIVITY:0.5081265699409429
CE_KINGPAWNSHIELD:0.5260129930700309
CE_PIECECOORDINATION:0.4930789000016281
CE_MATERIAL:0.5250973623031325
CE_KINGSAFETY:0.5108673336186991
C_PIECESQUARETABLES:0.49522565627759063
C_MOBILITY:0.492248730752602
C_KINGSAFETY:0.5005953704932143
C_PAWNSTRUCTURE:0.4880943985244711
C_PIECECOORDINATION:0.4834911716834064
C_ROOK:0.4888010109014911
CE_ROOK:0.49048023477084757
C_CENTERCONTROL:0.4850598294819257
C_DEVELOPPIECES:0.5540384374228917
C_MATERIAL:0.4870903888027191
C_MOVECOUNT:0.4879615353542082
C_PAWNMOVEMENT:0.5234240864943412
