ELO:996
CE_PASSEDPAWNS:0.4931217708188072
CE_PAWNWEAKNESSES:0.5008594120528822
CE_PIECEACTIVITY:0.5
CE_KINGPAWNSHIELD:0.46521272522964624
CE_PIECECOORDINATION:0.5030408492266869
CE_MATERIAL:0.49947937636272827
CE_KINGSAFETY:0.506979144047665
C_PIECESQUARETABLES:0.4908719051635988
C_MOBILITY:0.4900404418983959
C_KINGSAFETY:0.5148232438477022
C_PAWNSTRUCTURE:0.49599177881801654
C_PIECECOORDINATION:0.4869796763982808
C_ROOKANDPAWNMOVEMENT:0.4869796763982808
C_CENTERCONTROL:0.5090488673371247
C_DEVELOPPIECES:0.5014849907428668
C_MATERIAL:0.5135131787538945
C_MOVECOUNT:0.5081113529699747
