ELO:956
CE_PASSEDPAWNS:0.5051895929588726
CE_PAWNWEAKNESSES:0.47801568173825876
CE_PIECEACTIVITY:0.4857009646697513
CE_KINGPAWNSHIELD:0.47543306643489536
CE_PIECECOORDINATION:0.5137822970926285
CE_MATERIAL:0.5033139158934553
CE_KINGSAFETY:0.5038489209806273
C_PIECESQUARETABLES:0.48952972684070556
C_MOBILITY:0.49571176462077937
C_KINGSAFETY:0.5094642784353876
C_PAWNSTRUCTURE:0.5231304729723762
C_PIECECOORDINATION:0.48845765827851545
C_ROOKANDPAWNMOVEMENT:0.48845765827851545
C_CENTERCONTROL:0.5036896964269112
C_DEVELOPPIECES:0.49773270943982256
C_MATERIAL:0.5135131787538945
C_MOVECOUNT:0.4724688295948077
