ELO:813
CE_PASSEDPAWNS:0.5146176927787581
CE_PAWNWEAKNESSES:0.40771950602723267
CE_PIECEACTIVITY:0.5660801945046938
CE_KINGPAWNSHIELD:0.5934712954215008
CE_PIECECOORDINATION:0.5706675076169653
CE_MATERIAL:0.43569632571349437
CE_KINGSAFETY:0.49993921822417847
C_PIECESQUARETABLES:0.49171164452464083
C_MOBILITY:0.6245186378612576
C_KINGSAFETY:0.5258765789379922
C_PAWNSTRUCTURE:0.4338282683016021
C_PIECECOORDINATION:0.4171323350064648
C_ROOKANDPAWNMOVEMENT:0.4171323350064648
C_CENTERCONTROL:0.5972885398786856
C_DEVELOPPIECES:0.5101596157285477
C_MATERIAL:0.5714565850900978
