ELO:1016
CE_PASSEDPAWNS:0.5
CE_PAWNWEAKNESSES:0.5030521650763471
CE_PIECEACTIVITY:0.5039104800124896
CE_KINGPAWNSHIELD:0.510973823399239
CE_PIECECOORDINATION:0.496670040702345
CE_MATERIAL:0.5127752288276752
CE_KINGSAFETY:0.5241370242438135
C_PIECESQUARETABLES:0.5046691824559298
C_MOBILITY:0.5
C_KINGSAFETY:0.49799187277146034
C_PAWNSTRUCTURE:0.500307378852087
C_PIECECOORDINATION:0.5
C_ROOKANDPAWNMOVEMENT:0.5
C_CENTERCONTROL:0.5092799143521074
C_DEVELOPPIECES:0.5
C_MATERIAL:0.49000961787388486
C_MOVECOUNT:0.5
