ELO:794
CE_PASSEDPAWNS:0.5032145487699822
CE_PAWNWEAKNESSES:0.4011485721307894
CE_PIECEACTIVITY:0.5852465769029003
CE_KINGPAWNSHIELD:0.5843429359386543
CE_PIECECOORDINATION:0.5584449479907437
CE_MATERIAL:0.4313006973957155
CE_KINGSAFETY:0.5174564534406437
C_PIECESQUARETABLES:0.53091028611165
C_MOBILITY:0.6436271747804462
C_KINGSAFETY:0.5109785926346274
C_PAWNSTRUCTURE:0.4093850756545386
C_PIECECOORDINATION:0.44482459117263295
C_ROOKANDPAWNMOVEMENT:0.44482459117263295
C_CENTERCONTROL:0.5586863778425979
C_DEVELOPPIECES:0.5029773645736276
C_MATERIAL:0.5718451189429055
