ELO:1000
CE_PASSEDPAWNS:0.5230066605052783
CE_PAWNWEAKNESSES:0.4932284111115382
CE_PIECEACTIVITY:0.5185184993618749
CE_KINGPAWNSHIELD:0.5016027820456056
CE_PIECECOORDINATION:0.5158848676039983
CE_MATERIAL:0.4958208670240881
CE_KINGSAFETY:0.4898508885677401
C_PIECESQUARETABLES:0.5112350564517851
C_MOBILITY:0.4863734877468193
C_KINGSAFETY:0.4599398634053067
C_PAWNSTRUCTURE:0.49602876982631505
C_PIECECOORDINATION:0.5044085864261664
C_ROOKANDPAWNMOVEMENT:0.5044085864261664
C_CENTERCONTROL:0.5301353915084479
C_DEVELOPPIECES:0.49197626659643007
C_MATERIAL:0.4633899879195542
