ELO:1015
CE_PASSEDPAWNS:0.5031528063379578
CE_PAWNWEAKNESSES:0.5
CE_PIECEACTIVITY:0.5112237204344812
CE_KINGPAWNSHIELD:0.5
CE_PIECECOORDINATION:0.5
CE_MATERIAL:0.49821605605579333
CE_KINGSAFETY:0.5
C_PIECESQUARETABLES:0.5
C_MOBILITY:0.5016530786331036
C_KINGSAFETY:0.48878955972147087
C_PAWNSTRUCTURE:0.5
C_PIECECOORDINATION:0.5
C_ROOKANDPAWNMOVEMENT:0.5
C_CENTERCONTROL:0.494307329309956
C_DEVELOPPIECES:0.5
C_MATERIAL:0.4923649683339155
C_MOVECOUNT:0.5
