ELO:1000
CE_PASSEDPAWNS:0.5245760133707538
CE_PAWNWEAKNESSES:0.498907899632259
CE_PIECEACTIVITY:0.5189144274906817
CE_KINGPAWNSHIELD:0.5116650805148202
CE_PIECECOORDINATION:0.5204388030403865
CE_MATERIAL:0.4958947363376604
CE_KINGSAFETY:0.4850561834767967
C_PIECESQUARETABLES:0.48957350228682184
C_MOBILITY:0.4785706474034133
C_KINGSAFETY:0.4750362550595785
C_PAWNSTRUCTURE:0.47822401958824234
C_PIECECOORDINATION:0.5086147052887353
C_ROOKANDPAWNMOVEMENT:0.5086147052887353
C_CENTERCONTROL:0.5388755770509261
C_DEVELOPPIECES:0.48623353000130526
C_MATERIAL:0.46690442692580836
