ELO:973
CE_PASSEDPAWNS:0.5031265650235075
CE_PAWNWEAKNESSES:0.4926976150073257
CE_PIECEACTIVITY:0.5071125122719516
CE_KINGPAWNSHIELD:0.4857042185756766
CE_PIECECOORDINATION:0.4968220738977996
CE_MATERIAL:0.5111066978580571
CE_KINGSAFETY:0.49088781847214863
C_PIECESQUARETABLES:0.5089742381187911
C_MOBILITY:0.49507422460612666
C_KINGSAFETY:0.4884592716326194
C_PAWNSTRUCTURE:0.5
C_PIECECOORDINATION:0.5173298792648294
C_ROOKANDPAWNMOVEMENT:0.5173298792648294
C_CENTERCONTROL:0.5090031334931301
C_DEVELOPPIECES:0.502008770216926
C_MATERIAL:0.4973028221340581
C_MOVECOUNT:0.5
