ELO:901
CE_PASSEDPAWNS:0.5450283663813804
CE_PAWNWEAKNESSES:0.5172869106929313
CE_PIECEACTIVITY:0.5162156018498465
CE_KINGPAWNSHIELD:0.632769955496319
CE_PIECECOORDINATION:0.4395914611767922
CE_MATERIAL:0.49797222144846875
CE_KINGSAFETY:0.4404439602635662
C_PIECESQUARETABLES:0.4955160416511277
C_MOBILITY:0.3493603964363869
C_KINGSAFETY:0.3484529205303101
C_PAWNSTRUCTURE:0.5559827724614866
C_PIECECOORDINATION:0.4295604024717933
C_ROOKANDPAWNMOVEMENT:0.4295604024717933
C_CENTERCONTROL:0.6563342682387628
C_DEVELOPPIECES:0.4309624949600209
C_MATERIAL:0.45333983119939575
