ELO:893
CE_PASSEDPAWNS:0.48835643937706463
CE_PAWNWEAKNESSES:0.4916457983367463
CE_PIECEACTIVITY:0.547907219620048
CE_KINGPAWNSHIELD:0.5119762296298029
CE_PIECECOORDINATION:0.4858545339592085
CE_MATERIAL:0.47511132351715535
CE_KINGSAFETY:0.5
C_PIECESQUARETABLES:0.4979180491509137
C_MOBILITY:0.48931640757516
C_KINGSAFETY:0.5149815421680405
C_PAWNSTRUCTURE:0.4967103221867246
C_PIECECOORDINATION:0.48989681227128645
C_ROOK:0.5147920518072503
CE_ROOK:0.48522352316240197
C_CENTERCONTROL:0.5215096671648495
C_DEVELOPPIECES:0.4733320993657814
C_MATERIAL:0.4904498193188626
C_MOVECOUNT:0.5015283164483187
C_PAWNMOVEMENT:0.49156893273472607
