ELO:1005
CE_PASSEDPAWNS:0.5060179067937439
CE_PAWNWEAKNESSES:0.4978676711671742
CE_PIECEACTIVITY:0.5113527393294602
CE_KINGPAWNSHIELD:0.504143872753308
CE_PIECECOORDINATION:0.47974299399750525
CE_MATERIAL:0.5035876577245058
CE_KINGSAFETY:0.5071121172132496
C_PIECESQUARETABLES:0.5
C_MOBILITY:0.5067595845157283
C_KINGSAFETY:0.4948756972491298
C_PAWNSTRUCTURE:0.5089642698779238
C_PIECECOORDINATION:0.47900439434931097
C_ROOKANDPAWNMOVEMENT:0.47900439434931097
C_CENTERCONTROL:0.5165719208004657
C_DEVELOPPIECES:0.5
C_MATERIAL:0.5061547810340657
C_MOVECOUNT:0.5121073011159746
