ELO:1050
CE_PASSEDPAWNS:0.6347225839652734
CE_PAWNWEAKNESSES:0.46281362403730075
CE_PIECEACTIVITY:0.4736854514501239
CE_KINGPAWNSHIELD:0.48860383699935234
CE_PIECECOORDINATION:0.47502698076473
CE_MATERIAL:0.4732618167239538
CE_KINGSAFETY:0.5112150735390579
C_PIECESQUARETABLES:0.4943566060112385
C_MOBILITY:0.42223681484825704
C_KINGSAFETY:0.48810664024248035
C_PAWNSTRUCTURE:0.3942966549758773
C_PIECECOORDINATION:0.5155332811316021
C_ROOKANDPAWNMOVEMENT:0.5155332811316021
C_CENTERCONTROL:0.553675734715396
C_DEVELOPPIECES:0.5748463698905146
C_MATERIAL:0.44852253119559543
