ELO:1000
CE_PASSEDPAWNS:0.5375336450603158
CE_PAWNWEAKNESSES:0.5158237060080407
CE_PIECEACTIVITY:0.5353515511596236
CE_KINGPAWNSHIELD:0.5468980474959827
CE_PIECECOORDINATION:0.47110715709027084
CE_MATERIAL:0.4823825041994143
CE_KINGSAFETY:0.5
C_PIECESQUARETABLES:0.5
C_MOBILITY:0.463019890066722
C_KINGSAFETY:0.4707168354169884
C_PAWNSTRUCTURE:0.47542325045021216
C_PIECECOORDINATION:0.44252131726124844
C_ROOKANDPAWNMOVEMENT:0.44252131726124844
C_CENTERCONTROL:0.5688103180145638
C_DEVELOPPIECES:0.4597003840120191
C_MATERIAL:0.4702874466207905
