ELO:909
CE_PASSEDPAWNS:0.4992789078333767
CE_PAWNWEAKNESSES:0.4789067713246424
CE_PIECEACTIVITY:0.521919354788257
CE_KINGPAWNSHIELD:0.5289621137990834
CE_PIECECOORDINATION:0.4905672226120341
CE_MATERIAL:0.4774387340197083
CE_KINGSAFETY:0.5
C_PIECESQUARETABLES:0.494333272093501
C_MOBILITY:0.49387712481819507
C_KINGSAFETY:0.50210303685715
C_PAWNSTRUCTURE:0.4967103221867246
C_PIECECOORDINATION:0.4804538425692222
C_ROOK:0.5128148352735584
CE_ROOK:0.4929926962413685
C_CENTERCONTROL:0.49662041567098575
C_DEVELOPPIECES:0.48117715484218293
C_MATERIAL:0.5040157572995649
C_MOVECOUNT:0.5224545907772167
C_PAWNMOVEMENT:0.5047511389256928
