ELO:985
CE_PASSEDPAWNS:0.4667747786172681
CE_PAWNWEAKNESSES:0.39128316657163853
CE_PIECEACTIVITY:0.5187351118112156
CE_KINGPAWNSHIELD:0.48717204927489666
CE_PIECECOORDINATION:0.4755796582044809
CE_MATERIAL:0.42521241413737537
CE_KINGSAFETY:0.5660367090960735
C_PIECESQUARETABLES:0.5339416086632137
C_MOBILITY:0.5662308593037607
C_KINGSAFETY:0.4888530195959327
C_PAWNSTRUCTURE:0.44047549424346144
C_PIECECOORDINATION:0.47295005020658226
C_ROOKANDPAWNMOVEMENT:0.47295005020658226
C_CENTERCONTROL:0.45599926193798995
C_DEVELOPPIECES:0.5721946856167824
C_MATERIAL:0.5334295936383089
