ELO:881
CE_PASSEDPAWNS:0.44614114935200927
CE_PAWNWEAKNESSES:0.5084284984474199
CE_PIECEACTIVITY:0.5372702734289903
CE_KINGPAWNSHIELD:0.4937129519840594
CE_PIECECOORDINATION:0.49280938507619243
CE_MATERIAL:0.478141740440997
CE_KINGSAFETY:0.49595580015753105
C_PIECESQUARETABLES:0.5163469637699271
C_MOBILITY:0.4444899258813097
C_KINGSAFETY:0.5182914759908126
C_PAWNSTRUCTURE:0.51106162983387
C_PIECECOORDINATION:0.5088592532490414
C_ROOK:0.4836337247592186
CE_ROOK:0.4614287897338429
C_CENTERCONTROL:0.47523569868596505
C_DEVELOPPIECES:0.5002861436723006
C_MATERIAL:0.48097731977290065
C_MOVECOUNT:0.4782444104271866
C_PAWNMOVEMENT:0.48139368792696074
