ELO:930
CE_PASSEDPAWNS:0.5076055295502577
CE_PAWNWEAKNESSES:0.4743032706407653
CE_PIECEACTIVITY:0.4909940499905718
CE_KINGPAWNSHIELD:0.4760898223444926
CE_PIECECOORDINATION:0.5256120110533778
CE_MATERIAL:0.5018808372652541
CE_KINGSAFETY:0.4814982259623333
C_PIECESQUARETABLES:0.45184753676022205
C_MOBILITY:0.5377880693026699
C_KINGSAFETY:0.5116710068990337
C_PAWNSTRUCTURE:0.4656811555209527
C_PIECECOORDINATION:0.4987223030431464
C_ROOKANDPAWNMOVEMENT:0.4987223030431464
C_CENTERCONTROL:0.5007758648960416
C_DEVELOPPIECES:0.4843738886205234
C_MATERIAL:0.49140755004214365
C_MOVECOUNT:0.5
