ELO:981
CE_PASSEDPAWNS:0.48313713043983103
CE_PAWNWEAKNESSES:0.48791319583624826
CE_PIECEACTIVITY:0.49922786216148185
CE_KINGPAWNSHIELD:0.4911657374753943
CE_PIECECOORDINATION:0.48213139284084655
CE_MATERIAL:0.4864972659002929
CE_KINGSAFETY:0.49058567272783377
C_PIECESQUARETABLES:0.5094278624038694
C_MOBILITY:0.4903109783312781
C_KINGSAFETY:0.5150954091778607
C_PAWNSTRUCTURE:0.494769441845034
C_PIECECOORDINATION:0.4856884466263328
C_ROOK:0.5
CE_ROOK:0.5
C_CENTERCONTROL:0.498345842879717
C_DEVELOPPIECES:0.5032224092243481
C_MATERIAL:0.4900083094686117
C_MOVECOUNT:0.5047068361785874
C_PAWNMOVEMENT:0.5
