ELO:988
CE_PASSEDPAWNS:0.4763919891586416
CE_PAWNWEAKNESSES:0.41202847941805437
CE_PIECEACTIVITY:0.5243807380091696
CE_KINGPAWNSHIELD:0.47933208975917563
CE_PIECECOORDINATION:0.4820816030416267
CE_MATERIAL:0.4466863468614457
CE_KINGSAFETY:0.5473921519414237
C_PIECESQUARETABLES:0.5220530909837284
C_MOBILITY:0.5691022290869254
C_KINGSAFETY:0.51088280810335
C_PAWNSTRUCTURE:0.44151054919240046
C_PIECECOORDINATION:0.48071679791753447
C_ROOKANDPAWNMOVEMENT:0.48071679791753447
C_CENTERCONTROL:0.45167752414310186
C_DEVELOPPIECES:0.5437843122643131
C_MATERIAL:0.5297093770908979
