ELO:984
CE_PASSEDPAWNS:0.5091282373006549
CE_PAWNWEAKNESSES:0.4931872790534145
CE_PIECEACTIVITY:0.4950909509537432
CE_KINGPAWNSHIELD:0.5
CE_PIECECOORDINATION:0.501756394720775
CE_MATERIAL:0.4832128051605186
CE_KINGSAFETY:0.48919072743742914
C_PIECESQUARETABLES:0.49981388109236574
C_MOBILITY:0.5
C_KINGSAFETY:0.5029663244955358
C_PAWNSTRUCTURE:0.49783477829984285
C_PIECECOORDINATION:0.48766049281548646
C_ROOK:0.5
CE_ROOK:0.4815631678091521
C_CENTERCONTROL:0.5231659564654094
C_DEVELOPPIECES:0.48781654349890774
C_MATERIAL:0.5091359011611382
C_MOVECOUNT:0.523273731901466
C_PAWNMOVEMENT:0.49233535034080766
