ELO:960
CE_PASSEDPAWNS:0.5091764814876859
CE_PAWNWEAKNESSES:0.4743459043493901
CE_PIECEACTIVITY:0.49792287644224953
CE_KINGPAWNSHIELD:0.5084578896753268
CE_PIECECOORDINATION:0.5016260570894289
CE_MATERIAL:0.511351625489388
CE_KINGSAFETY:0.5063974105949006
C_PIECESQUARETABLES:0.5
C_MOBILITY:0.5012987312974019
C_KINGSAFETY:0.5051137345989442
C_PAWNSTRUCTURE:0.4781157450335914
C_PIECECOORDINATION:0.5149327020130692
C_ROOKANDPAWNMOVEMENT:0.5149327020130692
C_CENTERCONTROL:0.487724607817814
C_DEVELOPPIECES:0.49636118385398503
C_MATERIAL:0.5075354642296814
C_MOVECOUNT:0.5
