ELO:999
CE_PASSEDPAWNS:0.5035773549161155
CE_PAWNWEAKNESSES:0.5
CE_PIECEACTIVITY:0.5
CE_KINGPAWNSHIELD:0.5171560036455742
CE_PIECECOORDINATION:0.4981964499600441
CE_MATERIAL:0.4905015058150569
CE_KINGSAFETY:0.5
C_PIECESQUARETABLES:0.5039124202512182
C_MOBILITY:0.5
C_KINGSAFETY:0.5
C_PAWNSTRUCTURE:0.5032538718966691
C_PIECECOORDINATION:0.5
C_ROOKANDPAWNMOVEMENT:0.5
C_CENTERCONTROL:0.4917444354585477
C_DEVELOPPIECES:0.5
C_MATERIAL:0.5
C_MOVECOUNT:0.4964152298929704
