ELO:1000
CE_PASSEDPAWNS:0.48925315557660615
CE_PAWNWEAKNESSES:0.49659021424885
CE_PIECEACTIVITY:0.48719746081044
CE_KINGPAWNSHIELD:0.4918703893848962
CE_PIECECOORDINATION:0.5216055015704506
CE_MATERIAL:0.5095177190122093
CE_KINGSAFETY:0.5047558607149476
C_PIECESQUARETABLES:0.47495126677856
C_MOBILITY:0.5002711011025068
C_KINGSAFETY:0.5064183269949004
C_PAWNSTRUCTURE:0.5061362578427582
C_PIECECOORDINATION:0.5011371402917302
C_ROOKANDPAWNMOVEMENT:0.5011371402917302
C_CENTERCONTROL:0.4921466602936247
C_DEVELOPPIECES:0.48961467015772253
C_MATERIAL:0.5312655180786313
