ELO:915
CE_PASSEDPAWNS:0.48863687024380675
CE_PAWNWEAKNESSES:0.4937022145979627
CE_PIECEACTIVITY:0.5213761824244698
CE_KINGPAWNSHIELD:0.5200368980059843
CE_PIECECOORDINATION:0.46696844561380435
CE_MATERIAL:0.4810940683605069
CE_KINGSAFETY:0.5066793789250758
C_PIECESQUARETABLES:0.5064647179314726
C_MOBILITY:0.5059122422973973
C_KINGSAFETY:0.49191602696597536
C_PAWNSTRUCTURE:0.511973436601236
C_PIECECOORDINATION:0.5295362094122653
C_ROOKANDPAWNMOVEMENT:0.5295362094122653
C_CENTERCONTROL:0.5086163004609018
C_DEVELOPPIECES:0.4784536398371976
C_MATERIAL:0.48697151286134005
C_MOVECOUNT:0.4596016028204243
