ELO:905
CE_PASSEDPAWNS:0.4263805471632692
CE_PAWNWEAKNESSES:0.5192212822246476
CE_PIECEACTIVITY:0.5513485096649589
CE_KINGPAWNSHIELD:0.5154643852446907
CE_PIECECOORDINATION:0.49642769610132986
CE_MATERIAL:0.46634335933040416
CE_KINGSAFETY:0.49595580015753105
C_PIECESQUARETABLES:0.5265230104125687
C_MOBILITY:0.44363764840462255
C_KINGSAFETY:0.526672729138773
C_PAWNSTRUCTURE:0.5197184696581922
C_PIECECOORDINATION:0.5016238233494101
C_ROOK:0.4746061063642952
CE_ROOK:0.457825855587421
C_CENTERCONTROL:0.47523569868596505
C_DEVELOPPIECES:0.5169878906114237
C_MATERIAL:0.48096095471384964
C_MOVECOUNT:0.486133197826234
C_PAWNMOVEMENT:0.4928516558366175
