ELO:920
CE_PASSEDPAWNS:0.516880558670373
CE_PAWNWEAKNESSES:0.4629648396611075
CE_PIECEACTIVITY:0.47060953753700335
CE_KINGPAWNSHIELD:0.5020035344200942
CE_PIECECOORDINATION:0.5226169628840606
CE_MATERIAL:0.5172288310678441
CE_KINGSAFETY:0.49820525991786124
C_PIECESQUARETABLES:0.47481144905658657
C_MOBILITY:0.5178347809926245
C_KINGSAFETY:0.5254838687729987
C_PAWNSTRUCTURE:0.47321436868372535
C_PIECECOORDINATION:0.5127827759338585
C_ROOKANDPAWNMOVEMENT:0.5127827759338585
C_CENTERCONTROL:0.5112540957211331
C_DEVELOPPIECES:0.5063124822884117
C_MATERIAL:0.5
C_MOVECOUNT:0.5
