ELO:998
CE_PASSEDPAWNS:0.49017507048275244
CE_PAWNWEAKNESSES:0.4985339633497368
CE_PIECEACTIVITY:0.4907600626774972
CE_KINGPAWNSHIELD:0.5086112900266178
CE_PIECECOORDINATION:0.49391163606478317
CE_MATERIAL:0.5
CE_KINGSAFETY:0.5
C_PIECESQUARETABLES:0.5
C_MOBILITY:0.5057162419801425
C_KINGSAFETY:0.5
C_PAWNSTRUCTURE:0.4943349247782609
C_PIECECOORDINATION:0.4973627152405573
C_ROOKANDPAWNMOVEMENT:0.4973627152405573
C_CENTERCONTROL:0.49413675243596106
C_DEVELOPPIECES:0.5
C_MATERIAL:0.4984255057453199
C_MOVECOUNT:0.4964152298929704
