ELO:969
CE_PASSEDPAWNS:0.5087432567647411
CE_PAWNWEAKNESSES:0.4931872790534145
CE_PIECEACTIVITY:0.49745076223924484
CE_KINGPAWNSHIELD:0.48440495125431116
CE_PIECECOORDINATION:0.5111004618727231
CE_MATERIAL:0.4832128051605186
CE_KINGSAFETY:0.4889393673855528
C_PIECESQUARETABLES:0.5008334608325322
C_MOBILITY:0.5
C_KINGSAFETY:0.5029326457237577
C_PAWNSTRUCTURE:0.4979047674467436
C_PIECECOORDINATION:0.48766049281548646
C_ROOK:0.5
CE_ROOK:0.4692080130668101
C_CENTERCONTROL:0.5149592605208162
C_DEVELOPPIECES:0.46780722396891067
C_MATERIAL:0.5091359011611382
C_MOVECOUNT:0.5283446101062773
C_PAWNMOVEMENT:0.4824658905060917
