ELO:893
CE_PASSEDPAWNS:0.48835643937706463
CE_PAWNWEAKNESSES:0.4916457983367463
CE_PIECEACTIVITY:0.547907219620048
CE_KINGPAWNSHIELD:0.5040376770393381
CE_PIECECOORDINATION:0.4858545339592085
CE_MATERIAL:0.46687781809470874
CE_KINGSAFETY:0.5
C_PIECESQUARETABLES:0.4979180491509137
C_MOBILITY:0.4875383961549693
C_KINGSAFETY:0.5149815421680405
C_PAWNSTRUCTURE:0.4967103221867246
C_PIECECOORDINATION:0.4942775191713138
C_ROOK:0.5016224466654025
CE_ROOK:0.4843046913572037
C_CENTERCONTROL:0.5261447058520407
C_DEVELOPPIECES:0.4665792182573835
C_MATERIAL:0.49313663467682645
C_MOVECOUNT:0.5015283164483187
C_PAWNMOVEMENT:0.49156893273472607
