ELO:948
CE_PASSEDPAWNS:0.49776064108518553
CE_PAWNWEAKNESSES:0.4788435201378513
CE_PIECEACTIVITY:0.4935745288918372
CE_KINGPAWNSHIELD:0.5145681941717299
CE_PIECECOORDINATION:0.5028159749982892
CE_MATERIAL:0.5415640584011205
CE_KINGSAFETY:0.5087422554548141
C_PIECESQUARETABLES:0.5116104114629344
C_MOBILITY:0.4979363688794811
C_KINGSAFETY:0.5159461383211907
C_PAWNSTRUCTURE:0.5122354814017795
C_PIECECOORDINATION:0.5092803041049486
C_ROOKANDPAWNMOVEMENT:0.5092803041049486
C_CENTERCONTROL:0.49174601515809324
C_DEVELOPPIECES:0.48334586836394416
C_MATERIAL:0.49472634130045
C_MOVECOUNT:0.5
