ELO:838
CE_PASSEDPAWNS:0.44709031892062895
CE_PAWNWEAKNESSES:0.46835719984596286
CE_PIECEACTIVITY:0.5012811574664092
CE_KINGPAWNSHIELD:0.4966080581612285
CE_PIECECOORDINATION:0.48204598505459884
CE_MATERIAL:0.5876210464603795
CE_KINGSAFETY:0.5
C_PIECESQUARETABLES:0.5
C_MOBILITY:0.5403218307940384
C_KINGSAFETY:0.4281208960075442
C_PAWNSTRUCTURE:0.5214229071134838
C_PIECECOORDINATION:0.5403828778191111
C_ROOKANDPAWNMOVEMENT:0.5403828778191111
C_CENTERCONTROL:0.44106787365781297
C_DEVELOPPIECES:0.43015403464908786
C_MATERIAL:0.4942158993418372
C_MOVECOUNT:0.5
