ELO:1072
CE_PASSEDPAWNS:0.5049545957359637
CE_PAWNWEAKNESSES:0.4980952451665493
CE_PIECEACTIVITY:0.5
CE_KINGPAWNSHIELD:0.5085950124198791
CE_PIECECOORDINATION:0.5013760535880808
CE_MATERIAL:0.49402009792952467
CE_KINGSAFETY:0.49668153856928254
C_PIECESQUARETABLES:0.5
C_MOBILITY:0.5
C_KINGSAFETY:0.5
C_PAWNSTRUCTURE:0.5
C_PIECECOORDINATION:0.5
C_ROOKANDPAWNMOVEMENT:0.5
C_CENTERCONTROL:0.5
C_DEVELOPPIECES:0.5
C_MATERIAL:0.5
C_MOVECOUNT:0.4980143976697078
