ELO:990
CE_PASSEDPAWNS:0.5052945941416083
CE_PAWNWEAKNESSES:0.5127959881415035
CE_PIECEACTIVITY:0.5
CE_KINGPAWNSHIELD:0.5031008377349888
CE_PIECECOORDINATION:0.49712928289668984
CE_MATERIAL:0.5
CE_KINGSAFETY:0.5
C_PIECESQUARETABLES:0.5
C_MOBILITY:0.5
C_KINGSAFETY:0.4885343013579982
C_PAWNSTRUCTURE:0.511546863559958
C_PIECECOORDINATION:0.5
C_ROOKANDPAWNMOVEMENT:0.5
C_CENTERCONTROL:0.5
C_DEVELOPPIECES:0.5092531428414915
C_MATERIAL:0.49630337989603135
C_MOVECOUNT:0.5227126617450092
