ELO:834
CE_PASSEDPAWNS:0.5288998537053314
CE_PAWNWEAKNESSES:0.43044263140624334
CE_PIECEACTIVITY:0.5908975041070781
CE_KINGPAWNSHIELD:0.5739229673248396
CE_PIECECOORDINATION:0.5798667987318202
CE_MATERIAL:0.43243991623774103
CE_KINGSAFETY:0.4979705538819307
C_PIECESQUARETABLES:0.47417918794515246
C_MOBILITY:0.6121477636062449
C_KINGSAFETY:0.4820712796543825
C_PAWNSTRUCTURE:0.41430095564441893
C_PIECECOORDINATION:0.43793238341137236
C_ROOKANDPAWNMOVEMENT:0.43793238341137236
C_CENTERCONTROL:0.6069891935150632
C_DEVELOPPIECES:0.4834123144676341
C_MATERIAL:0.5614113925226535
