ELO:1000
CE_PASSEDPAWNS:0.499066377809731
CE_PAWNWEAKNESSES:0.5007770583225704
CE_PIECEACTIVITY:0.49717664646295123
CE_KINGPAWNSHIELD:0.5
CE_PIECECOORDINATION:0.5
CE_MATERIAL:0.4922687809875245
CE_KINGSAFETY:0.5
C_PIECESQUARETABLES:0.5053007375980586
C_MOBILITY:0.5
C_KINGSAFETY:0.5
C_PAWNSTRUCTURE:0.5
C_PIECECOORDINATION:0.48766049281548646
C_ROOK:0.5
CE_ROOK:0.4948299597147254
C_CENTERCONTROL:0.508005238968377
C_DEVELOPPIECES:0.5
C_MATERIAL:0.5064806695813061
C_MOVECOUNT:0.5134866573028262
C_PAWNMOVEMENT:0.49233535034080766
