ELO:1057
CE_PASSEDPAWNS:0.5
CE_PAWNWEAKNESSES:0.4936444770060767
CE_PIECEACTIVITY:0.5113667425140144
CE_KINGPAWNSHIELD:0.5121659832435179
CE_PIECECOORDINATION:0.5094365961132539
CE_MATERIAL:0.5032396903339219
CE_KINGSAFETY:0.5
C_PIECESQUARETABLES:0.5
C_MOBILITY:0.5
C_KINGSAFETY:0.49810452102642055
C_PAWNSTRUCTURE:0.5
C_PIECECOORDINATION:0.5088793290958188
C_ROOKANDPAWNMOVEMENT:0.5088793290958188
C_CENTERCONTROL:0.47522090125966826
C_DEVELOPPIECES:0.5
C_MATERIAL:0.4959178343321633
C_MOVECOUNT:0.49712159795188304
