ELO:934
CE_PASSEDPAWNS:0.47960698646776617
CE_PAWNWEAKNESSES:0.5189974989608105
CE_PIECEACTIVITY:0.5205819922866801
CE_KINGPAWNSHIELD:0.5275170167256047
CE_PIECECOORDINATION:0.490878355385529
CE_MATERIAL:0.49726168795623626
CE_KINGSAFETY:0.4919815387753412
C_PIECESQUARETABLES:0.48578764728740087
C_MOBILITY:0.5193864937426547
C_KINGSAFETY:0.4849897364760099
C_PAWNSTRUCTURE:0.507662173251788
C_PIECECOORDINATION:0.4903688954927335
C_ROOKANDPAWNMOVEMENT:0.4903688954927335
C_CENTERCONTROL:0.49430877788481253
C_DEVELOPPIECES:0.4904190194226664
C_MATERIAL:0.4754833997199377
C_MOVECOUNT:0.44641043205147823
