ELO:993
CE_PASSEDPAWNS:0.5241734794717129
CE_PAWNWEAKNESSES:0.5113375120593417
CE_PIECEACTIVITY:0.5975814565428466
CE_KINGPAWNSHIELD:0.47296228941213614
CE_PIECECOORDINATION:0.4513783285247671
CE_MATERIAL:0.5030403841932721
CE_KINGSAFETY:0.5
C_PIECESQUARETABLES:0.48979799128586593
C_MOBILITY:0.580479941274235
C_KINGSAFETY:0.5555396845641076
C_PAWNSTRUCTURE:0.5005190867912015
C_PIECECOORDINATION:0.5350636233557649
C_ROOKANDPAWNMOVEMENT:0.5350636233557649
C_CENTERCONTROL:0.3976101602692124
C_DEVELOPPIECES:0.48704770385448476
C_MATERIAL:0.6201906658387899
