ELO:753
CE_PASSEDPAWNS:0.3947457052323309
CE_PAWNWEAKNESSES:0.4974487455692436
CE_PIECEACTIVITY:0.6079398305748795
CE_KINGPAWNSHIELD:0.48707074571918213
CE_PIECECOORDINATION:0.5820756206861294
CE_MATERIAL:0.5184818852990125
CE_KINGSAFETY:0.5376461979758643
C_PIECESQUARETABLES:0.5119993938105826
C_MOBILITY:0.49001970070026046
C_KINGSAFETY:0.5000300111583577
C_PAWNSTRUCTURE:0.562650297650164
C_PIECECOORDINATION:0.5931272948716165
C_ROOKANDPAWNMOVEMENT:0.5931272948716165
C_CENTERCONTROL:0.5964822271357713
C_DEVELOPPIECES:0.5376985976979879
C_MATERIAL:0.5408159328337145
C_MOVECOUNT:0.49703613761985915
