ELO:869
CE_PASSEDPAWNS:0.4775916307062812
CE_PAWNWEAKNESSES:0.5005192415778206
CE_PIECEACTIVITY:0.5401486162461725
CE_KINGPAWNSHIELD:0.500177603630292
CE_PIECECOORDINATION:0.49280938507619243
CE_MATERIAL:0.4698021824001354
CE_KINGSAFETY:0.5068677462495479
C_PIECESQUARETABLES:0.5082583117948918
C_MOBILITY:0.474160283479632
C_KINGSAFETY:0.4929408475363964
C_PAWNSTRUCTURE:0.5180336289112293
C_PIECECOORDINATION:0.4927443252754677
C_ROOK:0.4973369119199034
CE_ROOK:0.48161624621490734
C_CENTERCONTROL:0.5100145060431002
C_DEVELOPPIECES:0.4654515416538075
C_MATERIAL:0.47459295048219946
C_MOVECOUNT:0.49529549689736996
C_PAWNMOVEMENT:0.49156893273472607
