ELO:1029
CE_PASSEDPAWNS:0.48883456398268255
CE_PAWNWEAKNESSES:0.4822323625355842
CE_PIECEACTIVITY:0.47875603585435045
CE_KINGPAWNSHIELD:0.5
CE_PIECECOORDINATION:0.48896587531318964
CE_MATERIAL:0.4909889102194442
CE_KINGSAFETY:0.5
C_PIECESQUARETABLES:0.5
C_MOBILITY:0.4936512551597207
C_KINGSAFETY:0.5149952894743394
C_PAWNSTRUCTURE:0.5
C_PIECECOORDINATION:0.502934020688106
C_ROOKANDPAWNMOVEMENT:0.502934020688106
C_CENTERCONTROL:0.497220657597368
C_DEVELOPPIECES:0.5072452112041482
C_MATERIAL:0.48758531902426633
C_MOVECOUNT:0.5
