ELO:1000
CE_PASSEDPAWNS:0.5299726974311192
CE_PAWNWEAKNESSES:0.5119720229154674
CE_PIECEACTIVITY:0.5189532210423808
CE_KINGPAWNSHIELD:0.521946564525276
CE_PIECECOORDINATION:0.47000049546354783
CE_MATERIAL:0.49787452171166363
CE_KINGSAFETY:0.4698146202197625
C_PIECESQUARETABLES:0.4568818787329329
C_MOBILITY:0.48167951452325375
C_KINGSAFETY:0.4794224614329951
C_PAWNSTRUCTURE:0.4812678577843903
C_PIECECOORDINATION:0.5095137407417388
C_ROOKANDPAWNMOVEMENT:0.5095137407417388
C_CENTERCONTROL:0.5201380011745095
C_DEVELOPPIECES:0.4705418912279765
C_MATERIAL:0.463778541599776
