ELO:809
CE_PASSEDPAWNS:0.4846861713741933
CE_PAWNWEAKNESSES:0.4702475688384138
CE_PIECEACTIVITY:0.5818340167985263
CE_KINGPAWNSHIELD:0.511185530184938
CE_PIECECOORDINATION:0.46448337124759
CE_MATERIAL:0.5247004469385206
CE_KINGSAFETY:0.462416923270545
C_PIECESQUARETABLES:0.49877229977325327
C_MOBILITY:0.5254420135917018
C_KINGSAFETY:0.4786204045531249
C_PAWNSTRUCTURE:0.5232138474038524
C_PIECECOORDINATION:0.49176359669545755
C_ROOKANDPAWNMOVEMENT:0.49176359669545755
C_CENTERCONTROL:0.4842350622900814
C_DEVELOPPIECES:0.4983425174868059
C_MATERIAL:0.44931777163654435
C_MOVECOUNT:0.4854601938643658
