ELO:927
CE_PASSEDPAWNS:0.48640145323612977
CE_PAWNWEAKNESSES:0.49107076826096624
CE_PIECEACTIVITY:0.5460960940988434
CE_KINGPAWNSHIELD:0.5400700600648173
CE_PIECECOORDINATION:0.568937933131225
CE_MATERIAL:0.5206085035178848
CE_KINGSAFETY:0.5
C_PIECESQUARETABLES:0.5
C_MOBILITY:0.5334564971379576
C_KINGSAFETY:0.4759619645933348
C_PAWNSTRUCTURE:0.48874200344435725
C_PIECECOORDINATION:0.5562684344578555
C_ROOKANDPAWNMOVEMENT:0.5562684344578555
C_CENTERCONTROL:0.5064187775391413
C_DEVELOPPIECES:0.46442878664365733
C_MATERIAL:0.4904168547560304
C_MOVECOUNT:0.5
