ELO:892
CE_PASSEDPAWNS:0.48835643937706463
CE_PAWNWEAKNESSES:0.485197379041825
CE_PIECEACTIVITY:0.5443790832394513
CE_KINGPAWNSHIELD:0.5185614105274348
CE_PIECECOORDINATION:0.4858545339592085
CE_MATERIAL:0.47511132351715535
CE_KINGSAFETY:0.5
C_PIECESQUARETABLES:0.5
C_MOBILITY:0.48665664310617424
C_KINGSAFETY:0.5149815421680405
C_PAWNSTRUCTURE:0.4967103221867246
C_PIECECOORDINATION:0.48989681227128645
C_ROOK:0.5147920518072503
CE_ROOK:0.48522352316240197
C_CENTERCONTROL:0.5180550336223467
C_DEVELOPPIECES:0.47919318751269346
C_MATERIAL:0.4996195808036202
C_MOVECOUNT:0.5122853612744884
C_PAWNMOVEMENT:0.49156893273472607
