ELO:869
CE_PASSEDPAWNS:0.47491645995036885
CE_PAWNWEAKNESSES:0.34347814067058374
CE_PIECEACTIVITY:0.5931796025666509
CE_KINGPAWNSHIELD:0.5678653660163089
CE_PIECECOORDINATION:0.5588816827474867
CE_MATERIAL:0.4196128150478371
CE_KINGSAFETY:0.4940800928756516
C_PIECESQUARETABLES:0.5216038875499472
C_MOBILITY:0.6253251514727374
C_KINGSAFETY:0.5175813257443477
C_PAWNSTRUCTURE:0.3884856444608634
C_PIECECOORDINATION:0.40107370403347997
C_ROOKANDPAWNMOVEMENT:0.40107370403347997
C_CENTERCONTROL:0.5399227794859576
C_DEVELOPPIECES:0.5125458179853514
C_MATERIAL:0.5247639557595556
