ELO:1000
CE_PASSEDPAWNS:0.5070695163430734
CE_PAWNWEAKNESSES:0.5096686277722727
CE_PIECEACTIVITY:0.5004461216526356
CE_KINGPAWNSHIELD:0.5003716278085323
CE_PIECECOORDINATION:0.5
CE_MATERIAL:0.5005576585652989
CE_KINGSAFETY:0.4981261710620477
C_PIECESQUARETABLES:0.508413369080467
C_MOBILITY:0.5
C_KINGSAFETY:0.48660688122779994
C_PAWNSTRUCTURE:0.49951546423319915
C_PIECECOORDINATION:0.49439274257239973
C_ROOKANDPAWNMOVEMENT:0.49439274257239973
C_CENTERCONTROL:0.504478399785498
C_DEVELOPPIECES:0.4899698767899888
C_MATERIAL:0.4916011380143237
