ELO:1000
CE_PASSEDPAWNS:0.5270219096983751
CE_PAWNWEAKNESSES:0.5168216034163972
CE_PIECEACTIVITY:0.5426051495980763
CE_KINGPAWNSHIELD:0.5407511948455294
CE_PIECECOORDINATION:0.46687358977054055
CE_MATERIAL:0.4987208802220492
CE_KINGSAFETY:0.4656022310946265
C_PIECESQUARETABLES:0.4090222146226029
C_MOBILITY:0.47510185834606744
C_KINGSAFETY:0.49002276423072755
C_PAWNSTRUCTURE:0.4768409402018954
C_PIECECOORDINATION:0.4663392806217275
C_ROOKANDPAWNMOVEMENT:0.4663392806217275
C_CENTERCONTROL:0.5525862979513235
C_DEVELOPPIECES:0.47194446678596313
C_MATERIAL:0.4828764039768267
