ELO:1048
CE_PASSEDPAWNS:0.5
CE_PAWNWEAKNESSES:0.5
CE_PIECEACTIVITY:0.5
CE_KINGPAWNSHIELD:0.5062236736741306
CE_PIECECOORDINATION:0.497050817304273
CE_MATERIAL:0.5
CE_KINGSAFETY:0.49262616847833546
C_PIECESQUARETABLES:0.5017493944283105
C_MOBILITY:0.5
C_KINGSAFETY:0.48928810265576733
C_PAWNSTRUCTURE:0.5
C_PIECECOORDINATION:0.5056421834671245
C_ROOKANDPAWNMOVEMENT:0.5056421834671245
C_CENTERCONTROL:0.5
C_DEVELOPPIECES:0.5
C_MATERIAL:0.5024067833034895
C_MOVECOUNT:0.4658660938917412
