ELO:1000
CE_PASSEDPAWNS:0.5251457337411017
CE_PAWNWEAKNESSES:0.498907899632259
CE_PIECEACTIVITY:0.5226896943028223
CE_KINGPAWNSHIELD:0.521946564525276
CE_PIECECOORDINATION:0.504881572613172
CE_MATERIAL:0.4859197985543181
CE_KINGSAFETY:0.47039074937039266
C_PIECESQUARETABLES:0.47298049446232115
C_MOBILITY:0.47830194915240337
C_KINGSAFETY:0.47715903379877284
C_PAWNSTRUCTURE:0.46939025168962745
C_PIECECOORDINATION:0.5157750006302555
C_ROOKANDPAWNMOVEMENT:0.5157750006302555
C_CENTERCONTROL:0.5374681947157893
C_DEVELOPPIECES:0.47726343233551477
C_MATERIAL:0.463778541599776
