ELO:924
CE_PASSEDPAWNS:0.5125973297115166
CE_PAWNWEAKNESSES:0.4441966857689852
CE_PIECEACTIVITY:0.5140013796464538
CE_KINGPAWNSHIELD:0.5551568480638643
CE_PIECECOORDINATION:0.5813997045381528
CE_MATERIAL:0.5213610408482559
CE_KINGSAFETY:0.5
C_PIECESQUARETABLES:0.4904627813648956
C_MOBILITY:0.5171616195372161
C_KINGSAFETY:0.49148091137625494
C_PAWNSTRUCTURE:0.5014244527064242
C_PIECECOORDINATION:0.49564476833406024
C_ROOKANDPAWNMOVEMENT:0.49564476833406024
C_CENTERCONTROL:0.5381864437113257
C_DEVELOPPIECES:0.4914942823640918
C_MATERIAL:0.5201584906579828
C_MOVECOUNT:0.5
