ELO:960
CE_PASSEDPAWNS:0.48409616129379635
CE_PAWNWEAKNESSES:0.5
CE_PIECEACTIVITY:0.45160891738461284
CE_KINGPAWNSHIELD:0.5111436769598859
CE_PIECECOORDINATION:0.49257642280129504
CE_MATERIAL:0.49973449861415725
CE_KINGSAFETY:0.5036323944168387
C_PIECESQUARETABLES:0.5
C_MOBILITY:0.48779345171443966
C_KINGSAFETY:0.47324158140071504
C_PAWNSTRUCTURE:0.47619192625261125
C_PIECECOORDINATION:0.5361095372830116
C_ROOKANDPAWNMOVEMENT:0.5361095372830116
C_CENTERCONTROL:0.5949008410296197
C_DEVELOPPIECES:0.4628251087770245
C_MATERIAL:0.5052773876166391
C_MOVECOUNT:0.5
