ELO:818
CE_PASSEDPAWNS:0.4963258092055778
CE_PAWNWEAKNESSES:0.5131946795040015
CE_PIECEACTIVITY:0.3979308852561037
CE_KINGPAWNSHIELD:0.481130198089294
CE_PIECECOORDINATION:0.4892353395388512
CE_MATERIAL:0.577177743828071
CE_KINGSAFETY:0.5078265700906474
C_PIECESQUARETABLES:0.49619610878831116
C_MOBILITY:0.5239823516820377
C_KINGSAFETY:0.5191939275902716
C_PAWNSTRUCTURE:0.4651567942203643
C_PIECECOORDINATION:0.5141996268117209
C_ROOKANDPAWNMOVEMENT:0.5141996268117209
C_CENTERCONTROL:0.48929004783157787
C_DEVELOPPIECES:0.5354257623096879
C_MATERIAL:0.5264641010368177
C_MOVECOUNT:0.5
