ELO:964
CE_PASSEDPAWNS:0.493768580212004
CE_PAWNWEAKNESSES:0.43275950397192514
CE_PIECEACTIVITY:0.4873187513996869
CE_KINGPAWNSHIELD:0.5055040337896481
CE_PIECECOORDINATION:0.5210505836432439
CE_MATERIAL:0.5409200060046944
CE_KINGSAFETY:0.3944149158062465
C_PIECESQUARETABLES:0.45989427209396644
C_MOBILITY:0.5297513216901588
C_KINGSAFETY:0.5562582782676229
C_PAWNSTRUCTURE:0.4853617536963953
C_PIECECOORDINATION:0.5653718966933593
C_ROOKANDPAWNMOVEMENT:0.5653718966933593
C_CENTERCONTROL:0.5624816633307935
C_DEVELOPPIECES:0.5261680900650181
C_MATERIAL:0.4476784509917602
