ELO:944
CE_PASSEDPAWNS:0.48926642923694463
CE_PAWNWEAKNESSES:0.46528382125622947
CE_PIECEACTIVITY:0.49755249813783425
CE_KINGPAWNSHIELD:0.5062141846314682
CE_PIECECOORDINATION:0.4806765712352357
CE_MATERIAL:0.48775854269061436
CE_KINGSAFETY:0.4873315667659468
C_PIECESQUARETABLES:0.49935232611978186
C_MOBILITY:0.5229691137734036
C_KINGSAFETY:0.4824808070425039
C_PAWNSTRUCTURE:0.505551976533442
C_PIECECOORDINATION:0.48419013781960724
C_ROOKANDPAWNMOVEMENT:0.48419013781960724
C_CENTERCONTROL:0.47611071061818266
C_DEVELOPPIECES:0.5085130090029378
C_MATERIAL:0.49930992308828887
C_MOVECOUNT:0.5076832257478617
