ELO:942
CE_PASSEDPAWNS:0.48733219568568337
CE_PAWNWEAKNESSES:0.5032404405981035
CE_PIECEACTIVITY:0.5153207541450361
CE_KINGPAWNSHIELD:0.47307284830419455
CE_PIECECOORDINATION:0.543280342314728
CE_MATERIAL:0.5071454090330022
CE_KINGSAFETY:0.5
C_PIECESQUARETABLES:0.5163532186962334
C_MOBILITY:0.5107326971177206
C_KINGSAFETY:0.49026641466042115
C_PAWNSTRUCTURE:0.5043372043151455
C_PIECECOORDINATION:0.5205508551636676
C_ROOK:0.4401613848811838
CE_ROOK:0.5120701949271537
C_CENTERCONTROL:0.4898305351478237
C_DEVELOPPIECES:0.48830432285242586
C_MATERIAL:0.5024481808751189
C_MOVECOUNT:0.5545682772051026
C_PAWNMOVEMENT:0.4609596516139118
