ELO:997
CE_PASSEDPAWNS:0.4614447483272483
CE_PAWNWEAKNESSES:0.529388093719033
CE_PIECEACTIVITY:0.5148088316561216
CE_KINGPAWNSHIELD:0.5110611871431245
CE_PIECECOORDINATION:0.4745299512011453
CE_MATERIAL:0.5514128965834791
CE_KINGSAFETY:0.505455627786306
C_PIECESQUARETABLES:0.5148907422616517
C_MOBILITY:0.5214337480952337
C_KINGSAFETY:0.47602009962846037
C_PAWNSTRUCTURE:0.46413649455500494
C_PIECECOORDINATION:0.45715610703740595
C_ROOKANDPAWNMOVEMENT:0.45715610703740595
C_CENTERCONTROL:0.5329660941765951
C_DEVELOPPIECES:0.48929064606934586
C_MATERIAL:0.5503152982987234
