ELO:1011
CE_PASSEDPAWNS:0.48085549547583323
CE_PAWNWEAKNESSES:0.5132777502209372
CE_PIECEACTIVITY:0.4851172632090607
CE_KINGPAWNSHIELD:0.49650007058142304
CE_PIECECOORDINATION:0.5073726337685659
CE_MATERIAL:0.4716916340929524
CE_KINGSAFETY:0.4951638239151779
C_PIECESQUARETABLES:0.5116056462879518
C_MOBILITY:0.5050713456053179
C_KINGSAFETY:0.5181141731688755
C_PAWNSTRUCTURE:0.5094870745659772
C_PIECECOORDINATION:0.512088851636312
C_ROOKANDPAWNMOVEMENT:0.512088851636312
C_CENTERCONTROL:0.49336417368642554
C_DEVELOPPIECES:0.4948857027723793
C_MATERIAL:0.49564568359494154
C_MOVECOUNT:0.5
