ELO:877
CE_PASSEDPAWNS:0.4178858314043773
CE_PAWNWEAKNESSES:0.5000046050423483
CE_PIECEACTIVITY:0.48227566434084235
CE_KINGPAWNSHIELD:0.5193894515770384
CE_PIECECOORDINATION:0.39365816441402235
CE_MATERIAL:0.6079030572752776
CE_KINGSAFETY:0.4726733759531728
C_PIECESQUARETABLES:0.4752964457858338
C_MOBILITY:0.4391291900106216
C_KINGSAFETY:0.4485115317223872
C_PAWNSTRUCTURE:0.4569531623785239
C_PIECECOORDINATION:0.5513754334672525
C_ROOKANDPAWNMOVEMENT:0.5513754334672525
C_CENTERCONTROL:0.49420574367054104
C_DEVELOPPIECES:0.4273352042115759
C_MATERIAL:0.5174916713390423
