ELO:954
CE_PASSEDPAWNS:0.449496999201061
CE_PAWNWEAKNESSES:0.4922830309067157
CE_PIECEACTIVITY:0.5148811947299721
CE_KINGPAWNSHIELD:0.5266469693787224
CE_PIECECOORDINATION:0.4374888521462774
CE_MATERIAL:0.5983993918630708
CE_KINGSAFETY:0.5315944694927515
C_PIECESQUARETABLES:0.5086153809972495
C_MOBILITY:0.43434525320396583
C_KINGSAFETY:0.46880817996969126
C_PAWNSTRUCTURE:0.4778051884790527
C_PIECECOORDINATION:0.5104394288754585
C_ROOKANDPAWNMOVEMENT:0.5104394288754585
C_CENTERCONTROL:0.523315132000308
C_DEVELOPPIECES:0.4727795800155497
C_MATERIAL:0.5456058808900388
