ELO:954
CE_PASSEDPAWNS:0.49055902830212805
CE_PAWNWEAKNESSES:0.5077340377361154
CE_PIECEACTIVITY:0.5153207541450361
CE_KINGPAWNSHIELD:0.4809287941485215
CE_PIECECOORDINATION:0.5479208834132495
CE_MATERIAL:0.5071454090330022
CE_KINGSAFETY:0.4953155786137219
C_PIECESQUARETABLES:0.5
C_MOBILITY:0.49988584535430974
C_KINGSAFETY:0.4881274609662197
C_PAWNSTRUCTURE:0.5087937167211429
C_PIECECOORDINATION:0.5094391527014744
C_ROOK:0.43672972027875534
CE_ROOK:0.5060661555799724
C_CENTERCONTROL:0.48537177883920457
C_DEVELOPPIECES:0.48830432285242586
C_MATERIAL:0.5024481808751189
C_MOVECOUNT:0.546298139597941
C_PAWNMOVEMENT:0.4684025679229133
