ELO:980
CE_PASSEDPAWNS:0.4957153292287771
CE_PAWNWEAKNESSES:0.5100438176524247
CE_PIECEACTIVITY:0.5208716238492279
CE_KINGPAWNSHIELD:0.49219331615206535
CE_PIECECOORDINATION:0.47855289593067774
CE_MATERIAL:0.5021127531781417
CE_KINGSAFETY:0.5
C_PIECESQUARETABLES:0.5
C_MOBILITY:0.5423692736745864
C_KINGSAFETY:0.500317990489611
C_PAWNSTRUCTURE:0.4991405291164287
C_PIECECOORDINATION:0.5372358219386494
C_ROOK:0.42798856952035885
CE_ROOK:0.5341796477795272
C_CENTERCONTROL:0.46411726248623203
C_DEVELOPPIECES:0.5212604643410723
C_MATERIAL:0.4638291970961701
C_MOVECOUNT:0.49365857020253057
C_PAWNMOVEMENT:0.5297206060621521
