ELO:984
CE_PASSEDPAWNS:0.49443775310209565
CE_PAWNWEAKNESSES:0.522153535577986
CE_PIECEACTIVITY:0.4973347543800464
CE_KINGPAWNSHIELD:0.47106388852303904
CE_PIECECOORDINATION:0.5206444350470286
CE_MATERIAL:0.5550130552512451
CE_KINGSAFETY:0.5
C_PIECESQUARETABLES:0.5
C_MOBILITY:0.4863258958123806
C_KINGSAFETY:0.5045955515499131
C_PAWNSTRUCTURE:0.5737000527021908
C_PIECECOORDINATION:0.502008757997199
C_ROOK:0.46687634147408036
CE_ROOK:0.4937329323517055
C_CENTERCONTROL:0.5008749644328411
C_DEVELOPPIECES:0.47242623496845515
C_MATERIAL:0.4794041785110094
C_MOVECOUNT:0.5015761379959291
C_PAWNMOVEMENT:0.5147907540876293
