ELO:1000
CE_PASSEDPAWNS:0.5
CE_PAWNWEAKNESSES:0.4919653289667263
CE_PIECEACTIVITY:0.5
CE_KINGPAWNSHIELD:0.5
CE_PIECECOORDINATION:0.49033577005034
CE_MATERIAL:0.5
CE_KINGSAFETY:0.5
C_PIECESQUARETABLES:0.49717670550964677
C_MOBILITY:0.49930978917193025
C_KINGSAFETY:0.5178970549583577
C_PAWNSTRUCTURE:0.49407064244471954
C_PIECECOORDINATION:0.5017534855808987
C_ROOKANDPAWNMOVEMENT:0.5017534855808987
C_CENTERCONTROL:0.5
C_DEVELOPPIECES:0.5
C_MATERIAL:0.5103112718273365
C_MOVECOUNT:0.5
