ELO:794
CE_PASSEDPAWNS:0.49548634050839824
CE_PAWNWEAKNESSES:0.530224984590991
CE_PIECEACTIVITY:0.4021508007397639
CE_KINGPAWNSHIELD:0.49526292852318193
CE_PIECECOORDINATION:0.4817197842686844
CE_MATERIAL:0.5720494823204193
CE_KINGSAFETY:0.4941809111541075
C_PIECESQUARETABLES:0.49811104752632573
C_MOBILITY:0.5152675888755879
C_KINGSAFETY:0.5120334170266664
C_PAWNSTRUCTURE:0.4605979415793963
C_PIECECOORDINATION:0.5276727577614186
C_ROOKANDPAWNMOVEMENT:0.5276727577614186
C_CENTERCONTROL:0.5130932254397544
C_DEVELOPPIECES:0.5253667153075008
C_MATERIAL:0.5194143989871164
C_MOVECOUNT:0.5
