ELO:986
CE_PASSEDPAWNS:0.5
CE_PAWNWEAKNESSES:0.4919653289667263
CE_PIECEACTIVITY:0.49307573424484913
CE_KINGPAWNSHIELD:0.5
CE_PIECECOORDINATION:0.48381797685508326
CE_MATERIAL:0.5
CE_KINGSAFETY:0.5061105161027084
C_PIECESQUARETABLES:0.500347925961644
C_MOBILITY:0.4963153274440074
C_KINGSAFETY:0.5286980793783098
C_PAWNSTRUCTURE:0.4849131425387802
C_PIECECOORDINATION:0.5127138946130863
C_ROOKANDPAWNMOVEMENT:0.5127138946130863
C_CENTERCONTROL:0.5
C_DEVELOPPIECES:0.5
C_MATERIAL:0.5041137856325434
C_MOVECOUNT:0.5
