ELO:985
CE_PASSEDPAWNS:0.4877910464420779
CE_PAWNWEAKNESSES:0.5050816153958134
CE_PIECEACTIVITY:0.5208716238492279
CE_KINGPAWNSHIELD:0.5058489131059151
CE_PIECECOORDINATION:0.5206444350470286
CE_MATERIAL:0.519435309694125
CE_KINGSAFETY:0.5
C_PIECESQUARETABLES:0.5
C_MOBILITY:0.5044564496057101
C_KINGSAFETY:0.5223105102660069
C_PAWNSTRUCTURE:0.5421551351386918
C_PIECECOORDINATION:0.4549572441180041
C_ROOK:0.4884217645058831
CE_ROOK:0.5073904333055989
C_CENTERCONTROL:0.5182369409182954
C_DEVELOPPIECES:0.490731629017627
C_MATERIAL:0.508664708988443
C_MOVECOUNT:0.4964145062123634
C_PAWNMOVEMENT:0.5117228423149269
