ELO:989
CE_PASSEDPAWNS:0.3671258369474086
CE_PAWNWEAKNESSES:0.5283855813656917
CE_PIECEACTIVITY:0.5709619750911208
CE_KINGPAWNSHIELD:0.4652605070820946
CE_PIECECOORDINATION:0.46544225017118723
CE_MATERIAL:0.5085348970442304
CE_KINGSAFETY:0.5
C_PIECESQUARETABLES:0.4950376849776454
C_MOBILITY:0.4854452322291313
C_KINGSAFETY:0.565150297892579
C_PAWNSTRUCTURE:0.3438102029194077
C_PIECECOORDINATION:0.44940939708975175
C_ROOKANDPAWNMOVEMENT:0.44940939708975175
C_CENTERCONTROL:0.35488331713916
C_DEVELOPPIECES:0.5016047032296439
C_MATERIAL:0.6828983766046607
