ELO:961
CE_PASSEDPAWNS:0.49116606111221506
CE_PAWNWEAKNESSES:0.5100438176524247
CE_PIECEACTIVITY:0.5170155981862173
CE_KINGPAWNSHIELD:0.4729771095691314
CE_PIECECOORDINATION:0.543280342314728
CE_MATERIAL:0.5071454090330022
CE_KINGSAFETY:0.5084874055244637
C_PIECESQUARETABLES:0.5268329473789022
C_MOBILITY:0.5097074898209483
C_KINGSAFETY:0.49026641466042115
C_PAWNSTRUCTURE:0.5136288759071136
C_PIECECOORDINATION:0.5205508551636676
C_ROOK:0.4401613848811838
CE_ROOK:0.5122059143116447
C_CENTERCONTROL:0.5074180389899969
C_DEVELOPPIECES:0.4968297589219608
C_MATERIAL:0.49384033658543436
C_MOVECOUNT:0.5384513687128245
C_PAWNMOVEMENT:0.4609596516139118
