ELO:1000
CE_PASSEDPAWNS:0.508737989628022
CE_PAWNWEAKNESSES:0.48466961900673017
CE_PIECEACTIVITY:0.5029075040069362
CE_KINGPAWNSHIELD:0.5020736013386322
CE_PIECECOORDINATION:0.4612244690773719
CE_MATERIAL:0.5232567277104204
CE_KINGSAFETY:0.4923703444944748
C_PIECESQUARETABLES:0.5037749695849766
C_MOBILITY:0.4916712725047
C_KINGSAFETY:0.5095406692934539
C_PAWNSTRUCTURE:0.5097345300160063
C_PIECECOORDINATION:0.5150890176287889
C_ROOKANDPAWNMOVEMENT:0.5150890176287889
C_CENTERCONTROL:0.5017832814603125
C_DEVELOPPIECES:0.513287732276675
C_MATERIAL:0.507450928691466
