ELO:1000
CE_PASSEDPAWNS:0.48958332540208055
CE_PAWNWEAKNESSES:0.5363383262824114
CE_PIECEACTIVITY:0.5415329135430759
CE_KINGPAWNSHIELD:0.4726988696183152
CE_PIECECOORDINATION:0.5011098246252355
CE_MATERIAL:0.5394488476356797
CE_KINGSAFETY:0.4776658160005394
C_PIECESQUARETABLES:0.5196378705617394
C_MOBILITY:0.48411753294888094
C_KINGSAFETY:0.516465548289123
C_PAWNSTRUCTURE:0.4479831765879171
C_PIECECOORDINATION:0.4864235064593838
C_ROOKANDPAWNMOVEMENT:0.4864235064593838
C_CENTERCONTROL:0.5217975594288933
C_DEVELOPPIECES:0.5183039206188523
C_MATERIAL:0.5440740800518031
