ELO:954
CE_PASSEDPAWNS:0.49567965053308033
CE_PAWNWEAKNESSES:0.49581948566238615
CE_PIECEACTIVITY:0.5121313687167195
CE_KINGPAWNSHIELD:0.5025485894956822
CE_PIECECOORDINATION:0.5154987460093151
CE_MATERIAL:0.46094757099540257
CE_KINGSAFETY:0.49199679593811624
C_PIECESQUARETABLES:0.5105470887945249
C_MOBILITY:0.5077641050808345
C_KINGSAFETY:0.5163474269275491
C_PAWNSTRUCTURE:0.5004221252154619
C_PIECECOORDINATION:0.5146964364689856
C_ROOK:0.46380678343439274
CE_ROOK:0.49456297220585826
C_CENTERCONTROL:0.4907291275839239
C_DEVELOPPIECES:0.5151608773967313
C_MATERIAL:0.4875436747377407
C_MOVECOUNT:0.540280967204278
C_PAWNMOVEMENT:0.4773010998993279
