ELO:958
CE_PASSEDPAWNS:0.4840006672883418
CE_PAWNWEAKNESSES:0.48425721599995164
CE_PIECEACTIVITY:0.49810259046150573
CE_KINGPAWNSHIELD:0.48340791193053045
CE_PIECECOORDINATION:0.5000555976651304
CE_MATERIAL:0.48646358187745764
CE_KINGSAFETY:0.4952934643927337
C_PIECESQUARETABLES:0.47861735442328013
C_MOBILITY:0.4843539625328087
C_KINGSAFETY:0.5313070166818674
C_PAWNSTRUCTURE:0.5311618558654423
C_PIECECOORDINATION:0.49321111174344123
C_ROOKANDPAWNMOVEMENT:0.49321111174344123
C_CENTERCONTROL:0.5087064818351446
C_DEVELOPPIECES:0.5128496682515785
C_MATERIAL:0.5031397959945056
