ELO:947
CE_PASSEDPAWNS:0.5112121981606205
CE_PAWNWEAKNESSES:0.4851046020299304
CE_PIECEACTIVITY:0.5139839621058833
CE_KINGPAWNSHIELD:0.4838018292714829
CE_PIECECOORDINATION:0.5440999618873781
CE_MATERIAL:0.47520669383747355
CE_KINGSAFETY:0.5
C_PIECESQUARETABLES:0.49887018338801703
C_MOBILITY:0.49591977568489287
C_KINGSAFETY:0.5000380907682558
C_PAWNSTRUCTURE:0.5064709189207326
C_PIECECOORDINATION:0.5082732556818782
C_ROOK:0.4579003252481182
CE_ROOK:0.4875913793501004
C_CENTERCONTROL:0.4877276830728395
C_DEVELOPPIECES:0.5087414838169413
C_MATERIAL:0.4911304499752927
C_MOVECOUNT:0.5473008082332327
C_PAWNMOVEMENT:0.4666908491071466
