ELO:1000
CE_PASSEDPAWNS:0.4799520462804131
CE_PAWNWEAKNESSES:0.5339281340163399
CE_PIECEACTIVITY:0.5245770046768249
CE_KINGPAWNSHIELD:0.4893359501633747
CE_PIECECOORDINATION:0.45411964042512576
CE_MATERIAL:0.5555442032588065
CE_KINGSAFETY:0.48143280983377396
C_PIECESQUARETABLES:0.5410090382539408
C_MOBILITY:0.5202802558319275
C_KINGSAFETY:0.4896822298384347
C_PAWNSTRUCTURE:0.45540339743831865
C_PIECECOORDINATION:0.46240167957210393
C_ROOKANDPAWNMOVEMENT:0.46240167957210393
C_CENTERCONTROL:0.5293665640528662
C_DEVELOPPIECES:0.5074549849444003
C_MATERIAL:0.5547178849035675
