ELO:683
CE_PASSEDPAWNS:0.462950702179041
CE_PAWNWEAKNESSES:0.49370970984760226
CE_PIECEACTIVITY:0.4178773825761304
CE_KINGPAWNSHIELD:0.5603478647560803
CE_PIECECOORDINATION:0.5529019292556492
CE_MATERIAL:0.5184364505523351
CE_KINGSAFETY:0.4977174829502091
C_PIECESQUARETABLES:0.49682118457264074
C_MOBILITY:0.6122486890940518
C_KINGSAFETY:0.5003617791088849
C_PAWNSTRUCTURE:0.583687878427628
C_PIECECOORDINATION:0.4814106318356334
C_ROOKANDPAWNMOVEMENT:0.4814106318356334
C_CENTERCONTROL:0.4458200979016359
C_DEVELOPPIECES:0.6224625915158357
C_MATERIAL:0.5300495005492021
C_MOVECOUNT:0.5164282803115401
