ELO:1000
CE_PASSEDPAWNS:0.4969313294960169
CE_PAWNWEAKNESSES:0.5415196093259858
CE_PIECEACTIVITY:0.5350511642678596
CE_KINGPAWNSHIELD:0.4920669410518723
CE_PIECECOORDINATION:0.5029272974958693
CE_MATERIAL:0.5208306049189924
CE_KINGSAFETY:0.47496184929958346
C_PIECESQUARETABLES:0.5096038765616945
C_MOBILITY:0.5057644837068349
C_KINGSAFETY:0.5086713474360549
C_PAWNSTRUCTURE:0.47167402607825126
C_PIECECOORDINATION:0.49582337915735947
C_ROOKANDPAWNMOVEMENT:0.49582337915735947
C_CENTERCONTROL:0.4743675373597059
C_DEVELOPPIECES:0.512837077040835
C_MATERIAL:0.4931183118603344
