ELO:985
CE_PASSEDPAWNS:0.5083095077826237
CE_PAWNWEAKNESSES:0.4479215008052235
CE_PIECEACTIVITY:0.5182955674043789
CE_KINGPAWNSHIELD:0.5051005467632367
CE_PIECECOORDINATION:0.5366229291347665
CE_MATERIAL:0.5532179628900812
CE_KINGSAFETY:0.4160693117970104
C_PIECESQUARETABLES:0.44641158364391087
C_MOBILITY:0.5183416483345368
C_KINGSAFETY:0.5203047500655789
C_PAWNSTRUCTURE:0.4698128553208528
C_PIECECOORDINATION:0.544044407054464
C_ROOKANDPAWNMOVEMENT:0.544044407054464
C_CENTERCONTROL:0.5812797968680123
C_DEVELOPPIECES:0.5302790916521137
C_MATERIAL:0.43698792782880225
