ELO:1000
CE_PASSEDPAWNS:0.5007877462472342
CE_PAWNWEAKNESSES:0.5078597846708948
CE_PIECEACTIVITY:0.5214726598503345
CE_KINGPAWNSHIELD:0.4884839422004536
CE_PIECECOORDINATION:0.5035724919161466
CE_MATERIAL:0.5185143002498354
CE_KINGSAFETY:0.4837223581286593
C_PIECESQUARETABLES:0.5057699944505923
C_MOBILITY:0.5083631638657122
C_KINGSAFETY:0.5107615375160824
C_PAWNSTRUCTURE:0.490516105826159
C_PIECECOORDINATION:0.5027252224391372
C_ROOKANDPAWNMOVEMENT:0.5027252224391372
C_CENTERCONTROL:0.49106378093177183
C_DEVELOPPIECES:0.5032966254987637
C_MATERIAL:0.48911347160019364
