ELO:1000
CE_PASSEDPAWNS:0.4925000563271731
CE_PAWNWEAKNESSES:0.4604030775914975
CE_PIECEACTIVITY:0.5270736938116676
CE_KINGPAWNSHIELD:0.5020159351918755
CE_PIECECOORDINATION:0.5129162319870647
CE_MATERIAL:0.5440395103326556
CE_KINGSAFETY:0.46932645372200577
C_PIECESQUARETABLES:0.46574822748338973
C_MOBILITY:0.5097915479934201
C_KINGSAFETY:0.5451515382329789
C_PAWNSTRUCTURE:0.4918922368291334
C_PIECECOORDINATION:0.5448369095252782
C_ROOKANDPAWNMOVEMENT:0.5448369095252782
C_CENTERCONTROL:0.5577590261669716
C_DEVELOPPIECES:0.5533356233210092
C_MATERIAL:0.4387508886960332
