ELO:933
CE_PASSEDPAWNS:0.46976920046117504
CE_PAWNWEAKNESSES:0.4960240921229992
CE_PIECEACTIVITY:0.503588751935298
CE_KINGPAWNSHIELD:0.5397313271191073
CE_PIECECOORDINATION:0.44924522133425815
CE_MATERIAL:0.6066213055489321
CE_KINGSAFETY:0.48931855287965276
C_PIECESQUARETABLES:0.5015870209880281
C_MOBILITY:0.44586678663317836
C_KINGSAFETY:0.48184496572304203
C_PAWNSTRUCTURE:0.4688469482426824
C_PIECECOORDINATION:0.5360931854654977
C_ROOKANDPAWNMOVEMENT:0.5360931854654977
C_CENTERCONTROL:0.5238093669892188
C_DEVELOPPIECES:0.46501412370805556
C_MATERIAL:0.5595863239598173
