ELO:977
CE_PASSEDPAWNS:0.5124334642662777
CE_PAWNWEAKNESSES:0.42463923768519446
CE_PIECEACTIVITY:0.5286478221089382
CE_KINGPAWNSHIELD:0.5175805262748038
CE_PIECECOORDINATION:0.5139327893571606
CE_MATERIAL:0.5537008707718428
CE_KINGSAFETY:0.4258924367107703
C_PIECESQUARETABLES:0.4391791565427582
C_MOBILITY:0.5071391800424361
C_KINGSAFETY:0.5489973598681064
C_PAWNSTRUCTURE:0.4643241214105173
C_PIECECOORDINATION:0.5659941275269118
C_ROOKANDPAWNMOVEMENT:0.5659941275269118
C_CENTERCONTROL:0.5892565072357282
C_DEVELOPPIECES:0.5164539874668574
C_MATERIAL:0.4323426888820054
