ELO:887
CE_PASSEDPAWNS:0.4924258135284356
CE_PAWNWEAKNESSES:0.523181005017755
CE_PIECEACTIVITY:0.4915703527711434
CE_KINGPAWNSHIELD:0.4803654148086617
CE_PIECECOORDINATION:0.4805155671394305
CE_MATERIAL:0.5482856352216215
CE_KINGSAFETY:0.5182047372203239
C_PIECESQUARETABLES:0.5095236440057676
C_MOBILITY:0.48777645345894544
C_KINGSAFETY:0.5072712165812054
C_PAWNSTRUCTURE:0.4904056520229504
C_PIECECOORDINATION:0.48699039615008466
C_ROOKANDPAWNMOVEMENT:0.48699039615008466
C_CENTERCONTROL:0.5161381968600911
C_DEVELOPPIECES:0.5372947693504273
C_MATERIAL:0.5003655135227506
C_MOVECOUNT:0.47284787721945676
