ELO:1090
CE_PASSEDPAWNS:0.6225941965303101
CE_PAWNWEAKNESSES:0.48909328142069775
CE_PIECEACTIVITY:0.4660084536867677
CE_KINGPAWNSHIELD:0.5131676739189803
CE_PIECECOORDINATION:0.4661570285330645
CE_MATERIAL:0.46954302515637497
CE_KINGSAFETY:0.50566256839891
C_PIECESQUARETABLES:0.49659141240530746
C_MOBILITY:0.4238875594323075
C_KINGSAFETY:0.5303936028608806
C_PAWNSTRUCTURE:0.38955921403369037
C_PIECECOORDINATION:0.4517867849557983
C_ROOKANDPAWNMOVEMENT:0.4517867849557983
C_CENTERCONTROL:0.4997605222962543
C_DEVELOPPIECES:0.5746371435632961
C_MATERIAL:0.4211226195277086
