ELO:1000
CE_PASSEDPAWNS:0.5
CE_PAWNWEAKNESSES:0.5101650316799394
CE_PIECEACTIVITY:0.5
CE_KINGPAWNSHIELD:0.4884839422004536
CE_PIECECOORDINATION:0.5
CE_MATERIAL:0.5128553206023158
CE_KINGSAFETY:0.5025654195080401
C_PIECESQUARETABLES:0.4978459723656001
C_MOBILITY:0.48235841040700017
C_KINGSAFETY:0.5107615375160824
C_PAWNSTRUCTURE:0.5144440602596124
C_PIECECOORDINATION:0.493018104468018
C_ROOKANDPAWNMOVEMENT:0.493018104468018
C_CENTERCONTROL:0.5072310277294656
C_DEVELOPPIECES:0.5061381589674433
C_MATERIAL:0.48808303118448876
