ELO:1019
CE_PASSEDPAWNS:0.49139741034984374
CE_PAWNWEAKNESSES:0.5027469525593339
CE_PIECEACTIVITY:0.5069954161347804
CE_KINGPAWNSHIELD:0.5040789628225204
CE_PIECECOORDINATION:0.5
CE_MATERIAL:0.4995782551173533
CE_KINGSAFETY:0.4986363531414988
C_PIECESQUARETABLES:0.5
C_MOBILITY:0.5056863316062978
C_KINGSAFETY:0.5025907764048244
C_PAWNSTRUCTURE:0.48870054781672634
C_PIECECOORDINATION:0.5
C_ROOKANDPAWNMOVEMENT:0.5
C_CENTERCONTROL:0.5
C_DEVELOPPIECES:0.5
C_MATERIAL:0.5024067833034895
C_MOVECOUNT:0.49807277358466073
