ELO:1000
CE_PASSEDPAWNS:0.5052822952624478
CE_PAWNWEAKNESSES:0.4710487878034926
CE_PIECEACTIVITY:0.5080674030248938
CE_KINGPAWNSHIELD:0.5227744782236597
CE_PIECECOORDINATION:0.5197868067493898
CE_MATERIAL:0.5442443866080203
CE_KINGSAFETY:0.47606639304329357
C_PIECESQUARETABLES:0.4755976275575312
C_MOBILITY:0.5138650091730439
C_KINGSAFETY:0.5440922758891841
C_PAWNSTRUCTURE:0.49257465206443896
C_PIECECOORDINATION:0.5540245358069069
C_ROOKANDPAWNMOVEMENT:0.5540245358069069
C_CENTERCONTROL:0.5543813197935944
C_DEVELOPPIECES:0.561959176379773
C_MATERIAL:0.44906145186806756
