ELO:994
CE_PASSEDPAWNS:0.5
CE_PAWNWEAKNESSES:0.48293129707850907
CE_PIECEACTIVITY:0.5
CE_KINGPAWNSHIELD:0.5
CE_PIECECOORDINATION:0.5
CE_MATERIAL:0.5096729451563098
CE_KINGSAFETY:0.48836827060210525
C_PIECESQUARETABLES:0.4986165795106032
C_MOBILITY:0.5
C_KINGSAFETY:0.5
C_PAWNSTRUCTURE:0.5
C_PIECECOORDINATION:0.49101345978806804
C_ROOKANDPAWNMOVEMENT:0.49101345978806804
C_CENTERCONTROL:0.5020083128953448
C_DEVELOPPIECES:0.49856104916391925
C_MATERIAL:0.5028053209244777
C_MOVECOUNT:0.5
