ELO:1000
CE_PASSEDPAWNS:0.5086567899120843
CE_PAWNWEAKNESSES:0.48466961900673017
CE_PIECEACTIVITY:0.4983215721659226
CE_KINGPAWNSHIELD:0.5020736013386322
CE_PIECECOORDINATION:0.4719971538520185
CE_MATERIAL:0.5179101432135138
CE_KINGSAFETY:0.5038798032438031
C_PIECESQUARETABLES:0.5037749695849766
C_MOBILITY:0.4916712725047
C_KINGSAFETY:0.5
C_PAWNSTRUCTURE:0.5097345300160063
C_PIECECOORDINATION:0.5198933609002399
C_ROOKANDPAWNMOVEMENT:0.5198933609002399
C_CENTERCONTROL:0.5017832814603125
C_DEVELOPPIECES:0.513287732276675
C_MATERIAL:0.507450928691466
