ELO:866
CE_PASSEDPAWNS:0.46162040538606375
CE_PAWNWEAKNESSES:0.5039352657534322
CE_PIECEACTIVITY:0.5072994756066469
CE_KINGPAWNSHIELD:0.4459848151579354
CE_PIECECOORDINATION:0.48928187810695695
CE_MATERIAL:0.45155982545865997
CE_KINGSAFETY:0.5152471037512268
C_PIECESQUARETABLES:0.4867646616401215
C_MOBILITY:0.505880798770157
C_KINGSAFETY:0.5046906275975487
C_PAWNSTRUCTURE:0.5300127378151708
C_PIECECOORDINATION:0.5048169192708197
C_ROOKANDPAWNMOVEMENT:0.5048169192708197
C_CENTERCONTROL:0.47700278828656056
C_DEVELOPPIECES:0.5406947453791254
C_MATERIAL:0.49947506912196027
