ELO:910
CE_PASSEDPAWNS:0.4976469659592967
CE_PAWNWEAKNESSES:0.41480814352145773
CE_PIECEACTIVITY:0.41797350778559766
CE_KINGPAWNSHIELD:0.5196948623050904
CE_PIECECOORDINATION:0.4364540219781561
CE_MATERIAL:0.4011208221262694
CE_KINGSAFETY:0.5
C_PIECESQUARETABLES:0.5
C_MOBILITY:0.501694155587296
C_KINGSAFETY:0.45712997367377073
C_PAWNSTRUCTURE:0.5757807314902408
C_PIECECOORDINATION:0.5847447769691863
C_ROOKANDPAWNMOVEMENT:0.5847447769691863
C_CENTERCONTROL:0.4001663308916445
C_DEVELOPPIECES:0.49311409157743497
C_MATERIAL:0.4564653321958061
