ELO:997
CE_PASSEDPAWNS:0.48352309787357867
CE_PAWNWEAKNESSES:0.49543726259671667
CE_PIECEACTIVITY:0.48651591532051947
CE_KINGPAWNSHIELD:0.5050197876303599
CE_PIECECOORDINATION:0.4992359336310399
CE_MATERIAL:0.502855561051425
CE_KINGSAFETY:0.5035793105305066
C_PIECESQUARETABLES:0.49767500289841926
C_MOBILITY:0.4908568394385183
C_KINGSAFETY:0.5117082935594977
C_PAWNSTRUCTURE:0.5
C_PIECECOORDINATION:0.49637639896221547
C_ROOKANDPAWNMOVEMENT:0.49637639896221547
C_CENTERCONTROL:0.5046210026017411
C_DEVELOPPIECES:0.5101793750077129
C_MATERIAL:0.513059378888027
