ELO:937
CE_PASSEDPAWNS:0.49212805208927096
CE_PAWNWEAKNESSES:0.48136187537370423
CE_PIECEACTIVITY:0.503696978287124
CE_KINGPAWNSHIELD:0.35490648363818994
CE_PIECECOORDINATION:0.5385264780793448
CE_MATERIAL:0.49173944698053873
CE_KINGSAFETY:0.48214065259687394
C_PIECESQUARETABLES:0.5255298737177353
C_MOBILITY:0.3296951683544792
C_KINGSAFETY:0.38813847014548747
C_PAWNSTRUCTURE:0.5324240701724904
C_PIECECOORDINATION:0.5793564667043872
C_ROOKANDPAWNMOVEMENT:0.5793564667043872
C_CENTERCONTROL:0.4837547550204304
C_DEVELOPPIECES:0.3871064940568146
C_MATERIAL:0.39763601952641764
