ELO:1000
CE_PASSEDPAWNS:0.5
CE_PAWNWEAKNESSES:0.5004053834480786
CE_PIECEACTIVITY:0.5
CE_KINGPAWNSHIELD:0.4884839422004536
CE_PIECECOORDINATION:0.5
CE_MATERIAL:0.499265833588989
CE_KINGSAFETY:0.5
C_PIECESQUARETABLES:0.4978459723656001
C_MOBILITY:0.4912315320404746
C_KINGSAFETY:0.5107615375160824
C_PAWNSTRUCTURE:0.5083364665966874
C_PIECECOORDINATION:0.5041364796018083
C_ROOKANDPAWNMOVEMENT:0.5041364796018083
C_CENTERCONTROL:0.5
C_DEVELOPPIECES:0.5061381589674433
C_MATERIAL:0.48808303118448876
