ELO:1091
CE_PASSEDPAWNS:0.5955037066111589
CE_PAWNWEAKNESSES:0.5041421836883982
CE_PIECEACTIVITY:0.47707812532962285
CE_KINGPAWNSHIELD:0.5171667867141909
CE_PIECECOORDINATION:0.5238833993784145
CE_MATERIAL:0.42882978561130397
CE_KINGSAFETY:0.4901771181705917
C_PIECESQUARETABLES:0.5014799024588763
C_MOBILITY:0.4124512223224506
C_KINGSAFETY:0.5153086422810258
C_PAWNSTRUCTURE:0.4689987385078616
C_PIECECOORDINATION:0.4890861621176762
C_ROOKANDPAWNMOVEMENT:0.4890861621176762
C_CENTERCONTROL:0.49317127463457905
C_DEVELOPPIECES:0.5611054944508614
C_MATERIAL:0.3979952258483269
