ELO:994
CE_PASSEDPAWNS:0.49567965053308033
CE_PAWNWEAKNESSES:0.49662849579363894
CE_PIECEACTIVITY:0.5046841962228202
CE_KINGPAWNSHIELD:0.5025485894956822
CE_PIECECOORDINATION:0.5143173480225839
CE_MATERIAL:0.4654239476955618
CE_KINGSAFETY:0.4990382782396198
C_PIECESQUARETABLES:0.4889225570571123
C_MOBILITY:0.5088228654898922
C_KINGSAFETY:0.5141537536106158
C_PAWNSTRUCTURE:0.4986341280426381
C_PIECECOORDINATION:0.5048008298593574
C_ROOK:0.48148011626495685
CE_ROOK:0.4721151484890725
C_CENTERCONTROL:0.49242493046624003
C_DEVELOPPIECES:0.5063147304734055
C_MATERIAL:0.4974721303195834
C_MOVECOUNT:0.5157941461204616
C_PAWNMOVEMENT:0.46798126714156874
