ELO:678
CE_PASSEDPAWNS:0.47415711272591204
CE_PAWNWEAKNESSES:0.45519562231533683
CE_PIECEACTIVITY:0.4101807955204461
CE_KINGPAWNSHIELD:0.5499264938708673
CE_PIECECOORDINATION:0.5209221703727465
CE_MATERIAL:0.5219232699042403
CE_KINGSAFETY:0.4864521928029004
C_PIECESQUARETABLES:0.5009118627954641
C_MOBILITY:0.6371928950782147
C_KINGSAFETY:0.5285378077650995
C_PAWNSTRUCTURE:0.5833048065747928
C_PIECECOORDINATION:0.48489464925507103
C_ROOKANDPAWNMOVEMENT:0.48489464925507103
C_CENTERCONTROL:0.4556162358480592
C_DEVELOPPIECES:0.6167252830386413
C_MATERIAL:0.5485526808344924
C_MOVECOUNT:0.5099944680483535
