ELO:927
CE_PASSEDPAWNS:0.5166414284681743
CE_PAWNWEAKNESSES:0.4115205485236865
CE_PIECEACTIVITY:0.5011523395499611
CE_KINGPAWNSHIELD:0.5505125151796824
CE_PIECECOORDINATION:0.44818083902410727
CE_MATERIAL:0.49622208257814
CE_KINGSAFETY:0.47912077943848447
C_PIECESQUARETABLES:0.46761213617061714
C_MOBILITY:0.5757898369984304
C_KINGSAFETY:0.5744639043013949
C_PAWNSTRUCTURE:0.5269017309545331
C_PIECECOORDINATION:0.49191318909788023
C_ROOKANDPAWNMOVEMENT:0.49191318909788023
C_CENTERCONTROL:0.6057244364339882
C_DEVELOPPIECES:0.5520122764780981
C_MATERIAL:0.4266195442744684
