ELO:771
CE_PASSEDPAWNS:0.4866754132345186
CE_PAWNWEAKNESSES:0.53129377856964
CE_PIECEACTIVITY:0.39261469532904253
CE_KINGPAWNSHIELD:0.4879419199551905
CE_PIECECOORDINATION:0.4817197842686844
CE_MATERIAL:0.5828084131158559
CE_KINGSAFETY:0.4816053938591885
C_PIECESQUARETABLES:0.49811104752632573
C_MOBILITY:0.5117767645983303
C_KINGSAFETY:0.5120334170266664
C_PAWNSTRUCTURE:0.4605979415793963
C_PIECECOORDINATION:0.5277078936408668
C_ROOKANDPAWNMOVEMENT:0.5277078936408668
C_CENTERCONTROL:0.5130932254397544
C_DEVELOPPIECES:0.5349805634954171
C_MATERIAL:0.5390483432527448
C_MOVECOUNT:0.5
