ELO:942
CE_PASSEDPAWNS:0.49055902830212805
CE_PAWNWEAKNESSES:0.5032404405981035
CE_PIECEACTIVITY:0.5153207541450361
CE_KINGPAWNSHIELD:0.47307284830419455
CE_PIECECOORDINATION:0.5479208834132495
CE_MATERIAL:0.5071454090330022
CE_KINGSAFETY:0.49534154538635694
C_PIECESQUARETABLES:0.5
C_MOBILITY:0.49988584535430974
C_KINGSAFETY:0.49026641466042115
C_PAWNSTRUCTURE:0.5087937167211429
C_PIECECOORDINATION:0.5205508551636676
C_ROOK:0.43804577089648333
CE_ROOK:0.5060661555799724
C_CENTERCONTROL:0.4898305351478237
C_DEVELOPPIECES:0.48830432285242586
C_MATERIAL:0.5024481808751189
C_MOVECOUNT:0.5466407243015149
C_PAWNMOVEMENT:0.4609596516139118
