ELO:1007
CE_PASSEDPAWNS:0.4917413232537721
CE_PAWNWEAKNESSES:0.5
CE_PIECEACTIVITY:0.4902414812945636
CE_KINGPAWNSHIELD:0.508125176185697
CE_PIECECOORDINATION:0.5045085376771504
CE_MATERIAL:0.4872266464683663
CE_KINGSAFETY:0.48859828092697205
C_PIECESQUARETABLES:0.511392250650876
C_MOBILITY:0.48862777284284326
C_KINGSAFETY:0.5
C_PAWNSTRUCTURE:0.5
C_PIECECOORDINATION:0.5023212331700415
C_ROOKANDPAWNMOVEMENT:0.5023212331700415
C_CENTERCONTROL:0.5
C_DEVELOPPIECES:0.4900650544455405
C_MATERIAL:0.5005960786073954
C_MOVECOUNT:0.5045827812539575
