ELO:987
CE_PASSEDPAWNS:0.4867881177847209
CE_PAWNWEAKNESSES:0.5132777502209372
CE_PIECEACTIVITY:0.49876975042491295
CE_KINGPAWNSHIELD:0.49650007058142304
CE_PIECECOORDINATION:0.5152004065751296
CE_MATERIAL:0.5123307559510795
CE_KINGSAFETY:0.49240079192095065
C_PIECESQUARETABLES:0.5
C_MOBILITY:0.49940545340118425
C_KINGSAFETY:0.4801402491981079
C_PAWNSTRUCTURE:0.49170619993273423
C_PIECECOORDINATION:0.4820004543418327
C_ROOKANDPAWNMOVEMENT:0.4820004543418327
C_CENTERCONTROL:0.5
C_DEVELOPPIECES:0.4948857027723793
C_MATERIAL:0.48938127789031816
C_MOVECOUNT:0.5
