ELO:999
CE_PASSEDPAWNS:0.5
CE_PAWNWEAKNESSES:0.4875452648082692
CE_PIECEACTIVITY:0.5
CE_KINGPAWNSHIELD:0.5
CE_PIECECOORDINATION:0.5
CE_MATERIAL:0.5
CE_KINGSAFETY:0.49569001610181784
C_PIECESQUARETABLES:0.5111148627335026
C_MOBILITY:0.5
C_KINGSAFETY:0.5
C_PAWNSTRUCTURE:0.5
C_PIECECOORDINATION:0.4958277956561732
C_ROOKANDPAWNMOVEMENT:0.4958277956561732
C_CENTERCONTROL:0.5
C_DEVELOPPIECES:0.5170555955094243
C_MATERIAL:0.5056978370694486
C_MOVECOUNT:0.48831796056634563
