ELO:914
CE_PASSEDPAWNS:0.48896107979684467
CE_PAWNWEAKNESSES:0.4966305228350284
CE_PIECEACTIVITY:0.4842935248263447
CE_KINGPAWNSHIELD:0.46852585238723093
CE_PIECECOORDINATION:0.475719609062314
CE_MATERIAL:0.47322773415672553
CE_KINGSAFETY:0.523458645818807
C_PIECESQUARETABLES:0.492284397662483
C_MOBILITY:0.4567556174839528
C_KINGSAFETY:0.46081813596910165
C_PAWNSTRUCTURE:0.47420828160400696
C_PIECECOORDINATION:0.5101816312667552
C_ROOKANDPAWNMOVEMENT:0.5101816312667552
C_CENTERCONTROL:0.4900372941720923
C_DEVELOPPIECES:0.4735347563163837
C_MATERIAL:0.5346104941248074
C_MOVECOUNT:0.5
