ELO:905
CE_PASSEDPAWNS:0.48795670447629463
CE_PAWNWEAKNESSES:0.48506348971127305
CE_PIECEACTIVITY:0.4721126996492266
CE_KINGPAWNSHIELD:0.510446910570181
CE_PIECECOORDINATION:0.46812089844020405
CE_MATERIAL:0.4530218765249147
CE_KINGSAFETY:0.5
C_PIECESQUARETABLES:0.5
C_MOBILITY:0.5096841680406182
C_KINGSAFETY:0.4922113493230747
C_PAWNSTRUCTURE:0.4686703416261149
C_PIECECOORDINATION:0.5099857621360557
C_ROOKANDPAWNMOVEMENT:0.5099857621360557
C_CENTERCONTROL:0.4907052730656025
C_DEVELOPPIECES:0.5273126884955847
C_MATERIAL:0.5018348349368856
C_MOVECOUNT:0.5
