ELO:954
CE_PASSEDPAWNS:0.6034369041071281
CE_PAWNWEAKNESSES:0.46176181464393484
CE_PIECEACTIVITY:0.5047935262839565
CE_KINGPAWNSHIELD:0.46646549080513794
CE_PIECECOORDINATION:0.5491319685146195
CE_MATERIAL:0.45202773315117284
CE_KINGSAFETY:0.5209586931910893
C_PIECESQUARETABLES:0.48921278817698727
C_MOBILITY:0.5002306978750103
C_KINGSAFETY:0.48212725427728914
C_PAWNSTRUCTURE:0.4668020429438962
C_PIECECOORDINATION:0.49908546600810844
C_ROOKANDPAWNMOVEMENT:0.49908546600810844
C_CENTERCONTROL:0.5314936616822336
C_DEVELOPPIECES:0.4097629950208846
C_MATERIAL:0.37807082535003855
