ELO:975
CE_PASSEDPAWNS:0.4997472363119611
CE_PAWNWEAKNESSES:0.5088910743640743
CE_PIECEACTIVITY:0.4953851301263085
CE_KINGPAWNSHIELD:0.49514792500858457
CE_PIECECOORDINATION:0.5097449294470718
CE_MATERIAL:0.513558195916545
CE_KINGSAFETY:0.5
C_PIECESQUARETABLES:0.4884738230575485
C_MOBILITY:0.46973592840677947
C_KINGSAFETY:0.4893065803084095
C_PAWNSTRUCTURE:0.492876212801629
C_PIECECOORDINATION:0.5323325199869643
C_ROOKANDPAWNMOVEMENT:0.5323325199869643
C_CENTERCONTROL:0.499786708282279
C_DEVELOPPIECES:0.49733295191084
C_MATERIAL:0.48666383894792364
C_MOVECOUNT:0.5
