ELO:913
CE_PASSEDPAWNS:0.4670671509454224
CE_PAWNWEAKNESSES:0.41898989811441434
CE_PIECEACTIVITY:0.5328766559263403
CE_KINGPAWNSHIELD:0.44434663879547787
CE_PIECECOORDINATION:0.4917083609240286
CE_MATERIAL:0.5185341386870513
CE_KINGSAFETY:0.4795942466689065
C_PIECESQUARETABLES:0.49477906930337684
C_MOBILITY:0.463302276549485
C_KINGSAFETY:0.5067943501808877
C_PAWNSTRUCTURE:0.4649800292163503
C_PIECECOORDINATION:0.5292897083460225
C_ROOKANDPAWNMOVEMENT:0.5292897083460225
C_CENTERCONTROL:0.5994163888788028
C_DEVELOPPIECES:0.5296877243864282
C_MATERIAL:0.5662896132651386
