ELO:1038
CE_PASSEDPAWNS:0.49611611622759694
CE_PAWNWEAKNESSES:0.4954662148007358
CE_PIECEACTIVITY:0.5042705760249254
CE_KINGPAWNSHIELD:0.4975840604551103
CE_PIECECOORDINATION:0.5003591470819672
CE_MATERIAL:0.5207631169085377
CE_KINGSAFETY:0.5
C_PIECESQUARETABLES:0.5
C_MOBILITY:0.49079843020392744
C_KINGSAFETY:0.49451272856711237
C_PAWNSTRUCTURE:0.48144421506551865
C_PIECECOORDINATION:0.47186079018722366
C_ROOK:0.5
CE_ROOK:0.5108056098386401
C_CENTERCONTROL:0.48695740813928995
C_DEVELOPPIECES:0.5062155232727209
C_MATERIAL:0.5044215888116722
C_MOVECOUNT:0.4805938206986978
C_PAWNMOVEMENT:0.49754667027655064
