ELO:993
CE_PASSEDPAWNS:0.46363823688758776
CE_PAWNWEAKNESSES:0.5360927784136814
CE_PIECEACTIVITY:0.5503359207946273
CE_KINGPAWNSHIELD:0.48946829761304983
CE_PIECECOORDINATION:0.45392622315129366
CE_MATERIAL:0.510475507073523
CE_KINGSAFETY:0.5
C_PIECESQUARETABLES:0.5022632740724652
C_MOBILITY:0.5204484850122212
C_KINGSAFETY:0.43020612477893805
C_PAWNSTRUCTURE:0.4708950554119617
C_PIECECOORDINATION:0.5449463279325987
C_ROOKANDPAWNMOVEMENT:0.5449463279325987
C_CENTERCONTROL:0.4776043805748979
C_DEVELOPPIECES:0.47188104331704306
C_MATERIAL:0.4682887649169534
