ELO:974
CE_PASSEDPAWNS:0.5206807232079621
CE_PAWNWEAKNESSES:0.4769393274840958
CE_PIECEACTIVITY:0.46454379262834455
CE_KINGPAWNSHIELD:0.4561799490660413
CE_PIECECOORDINATION:0.505819653441747
CE_MATERIAL:0.48354239435834523
CE_KINGSAFETY:0.4827512213629801
C_PIECESQUARETABLES:0.5200577202838518
C_MOBILITY:0.4887149990393243
C_KINGSAFETY:0.47296127308618824
C_PAWNSTRUCTURE:0.4867634910265736
C_PIECECOORDINATION:0.5270657900619733
C_ROOKANDPAWNMOVEMENT:0.5270657900619733
C_CENTERCONTROL:0.5427593138287279
C_DEVELOPPIECES:0.5040376713396986
C_MATERIAL:0.4147170304406207
