ELO:1038
CE_PASSEDPAWNS:0.5148713994294651
CE_PAWNWEAKNESSES:0.5021945557893446
CE_PIECEACTIVITY:0.5033552993834758
CE_KINGPAWNSHIELD:0.4894732843301471
CE_PIECECOORDINATION:0.5018306002243903
CE_MATERIAL:0.5113268074886459
CE_KINGSAFETY:0.5
C_PIECESQUARETABLES:0.5
C_MOBILITY:0.5073177390941198
C_KINGSAFETY:0.5
C_PAWNSTRUCTURE:0.5
C_PIECECOORDINATION:0.5088834782156937
C_ROOK:0.5
CE_ROOK:0.5048562884776605
C_CENTERCONTROL:0.5040359277030844
C_DEVELOPPIECES:0.49550618521369744
C_MATERIAL:0.5
C_MOVECOUNT:0.4805938206986978
C_PAWNMOVEMENT:0.49521221761728357
