ELO:916
CE_PASSEDPAWNS:0.45777033860594496
CE_PAWNWEAKNESSES:0.4337520559532335
CE_PIECEACTIVITY:0.527072481977721
CE_KINGPAWNSHIELD:0.44869116360384625
CE_PIECECOORDINATION:0.4974973923693841
CE_MATERIAL:0.5141786321393158
CE_KINGSAFETY:0.4873133531761535
C_PIECESQUARETABLES:0.49147494074797327
C_MOBILITY:0.48117266023501615
C_KINGSAFETY:0.49273842758807357
C_PAWNSTRUCTURE:0.4721623474654984
C_PIECECOORDINATION:0.5317605431969046
C_ROOKANDPAWNMOVEMENT:0.5317605431969046
C_CENTERCONTROL:0.5902449755983343
C_DEVELOPPIECES:0.5582071051663552
C_MATERIAL:0.5724665063191974
