ELO:982
CE_PASSEDPAWNS:0.5
CE_PAWNWEAKNESSES:0.5
CE_PIECEACTIVITY:0.5098002163069221
CE_KINGPAWNSHIELD:0.5034754309803767
CE_PIECECOORDINATION:0.5010280546732931
CE_MATERIAL:0.5007113411300642
CE_KINGSAFETY:0.48848450772361784
C_PIECESQUARETABLES:0.5
C_MOBILITY:0.502175672827028
C_KINGSAFETY:0.49794401795660814
C_PAWNSTRUCTURE:0.48791795065067795
C_PIECECOORDINATION:0.5007315661256219
C_ROOKANDPAWNMOVEMENT:0.5007315661256219
C_CENTERCONTROL:0.485736547085815
C_DEVELOPPIECES:0.49075857845113624
C_MATERIAL:0.5077053964752479
C_MOVECOUNT:0.49876975934850526
