ELO:967
CE_PASSEDPAWNS:0.4890783363096392
CE_PAWNWEAKNESSES:0.4851100468029751
CE_PIECEACTIVITY:0.52143308883819
CE_KINGPAWNSHIELD:0.48688135088602047
CE_PIECECOORDINATION:0.5100824636067679
CE_MATERIAL:0.5152743290591861
CE_KINGSAFETY:0.5
C_PIECESQUARETABLES:0.5045090927576424
C_MOBILITY:0.5030296470925907
C_KINGSAFETY:0.5032510104518021
C_PAWNSTRUCTURE:0.5036466749384583
C_PIECECOORDINATION:0.45861129286253866
C_ROOKANDPAWNMOVEMENT:0.45861129286253866
C_CENTERCONTROL:0.4992510271388168
C_DEVELOPPIECES:0.49576670891016394
C_MATERIAL:0.5186487916653401
C_MOVECOUNT:0.5082178886355907
