ELO:766
CE_PASSEDPAWNS:0.4891789309890825
CE_PAWNWEAKNESSES:0.5457253335685837
CE_PIECEACTIVITY:0.5662478450131795
CE_KINGPAWNSHIELD:0.47781262313986744
CE_PIECECOORDINATION:0.4436178677210807
CE_MATERIAL:0.5101847278084398
CE_KINGSAFETY:0.4842054249408982
C_PIECESQUARETABLES:0.5341043482228996
C_MOBILITY:0.5184480777789876
C_KINGSAFETY:0.5688330538223784
C_PAWNSTRUCTURE:0.54783361185176
C_PIECECOORDINATION:0.4389004138418073
C_ROOKANDPAWNMOVEMENT:0.4389004138418073
C_CENTERCONTROL:0.5343411827819786
C_DEVELOPPIECES:0.48971684528299586
C_MATERIAL:0.5240780374183964
