ELO:669
CE_PASSEDPAWNS:0.49638711335303143
CE_PAWNWEAKNESSES:0.6091271406716817
CE_PIECEACTIVITY:0.41635201215502426
CE_KINGPAWNSHIELD:0.5026253974341578
CE_PIECECOORDINATION:0.43461527135194444
CE_MATERIAL:0.5317071623747829
CE_KINGSAFETY:0.5307494343870556
C_PIECESQUARETABLES:0.4880539680158134
C_MOBILITY:0.6049968358574143
C_KINGSAFETY:0.4841626563815872
C_PAWNSTRUCTURE:0.4550726795639184
C_PIECECOORDINATION:0.4971977488949344
C_ROOKANDPAWNMOVEMENT:0.4971977488949344
C_CENTERCONTROL:0.453430946119113
C_DEVELOPPIECES:0.5745521484119478
C_MATERIAL:0.4121973896504409
C_MOVECOUNT:0.535819376924584
