ELO:1000
CE_PASSEDPAWNS:0.5290013539298729
CE_PAWNWEAKNESSES:0.5245064933115678
CE_PIECEACTIVITY:0.49589423134771604
CE_KINGPAWNSHIELD:0.5202269624494456
CE_PIECECOORDINATION:0.47382130774679654
CE_MATERIAL:0.5160523937091994
CE_KINGSAFETY:0.5
C_PIECESQUARETABLES:0.5
C_MOBILITY:0.48209560630350645
C_KINGSAFETY:0.490986881758508
C_PAWNSTRUCTURE:0.4964661832765182
C_PIECECOORDINATION:0.5129933973770763
C_ROOK:0.479745591736539
CE_ROOK:0.481273291951512
C_CENTERCONTROL:0.46592307703464025
C_DEVELOPPIECES:0.53867981583766
C_MATERIAL:0.5044215888116722
C_MOVECOUNT:0.5102333506431944
C_PAWNMOVEMENT:0.5054683034682986
