ELO:1020
CE_PASSEDPAWNS:0.49818206884866884
CE_PAWNWEAKNESSES:0.49690389381834926
CE_PIECEACTIVITY:0.5
CE_KINGPAWNSHIELD:0.5010699103992144
CE_PIECECOORDINATION:0.48393774369559733
CE_MATERIAL:0.49214005385569687
CE_KINGSAFETY:0.5071185459911612
C_PIECESQUARETABLES:0.5
C_MOBILITY:0.5
C_KINGSAFETY:0.49302270975364
C_PAWNSTRUCTURE:0.5118147379932126
C_PIECECOORDINATION:0.45983519060401756
C_ROOKANDPAWNMOVEMENT:0.45983519060401756
C_CENTERCONTROL:0.4956882250400726
C_DEVELOPPIECES:0.5173664424547517
C_MATERIAL:0.48287608936226856
C_MOVECOUNT:0.5226274638179608
