ELO:941
CE_PASSEDPAWNS:0.6048092549026508
CE_PAWNWEAKNESSES:0.4534895555831783
CE_PIECEACTIVITY:0.49118404216308187
CE_KINGPAWNSHIELD:0.4722947315309832
CE_PIECECOORDINATION:0.5480561792945761
CE_MATERIAL:0.4639120136273624
CE_KINGSAFETY:0.5220870420136248
C_PIECESQUARETABLES:0.49980716113154655
C_MOBILITY:0.4942073213885856
C_KINGSAFETY:0.49548588629968576
C_PAWNSTRUCTURE:0.45488577849102185
C_PIECECOORDINATION:0.4942460945398905
C_ROOKANDPAWNMOVEMENT:0.4942460945398905
C_CENTERCONTROL:0.5393852587434504
C_DEVELOPPIECES:0.41330814026956747
C_MATERIAL:0.3739492119063682
