ELO:1002
CE_PASSEDPAWNS:0.4748679175466788
CE_PAWNWEAKNESSES:0.4452265240832605
CE_PIECEACTIVITY:0.48169597372690875
CE_KINGPAWNSHIELD:0.47717798557447655
CE_PIECECOORDINATION:0.4709345956345401
CE_MATERIAL:0.4897579651598829
CE_KINGSAFETY:0.5152294722535503
C_PIECESQUARETABLES:0.49652425333815264
C_MOBILITY:0.49286138255304407
C_KINGSAFETY:0.47713821459292016
C_PAWNSTRUCTURE:0.4899740467799541
C_PIECECOORDINATION:0.5396084434298626
C_ROOKANDPAWNMOVEMENT:0.5396084434298626
C_CENTERCONTROL:0.5171986238089136
C_DEVELOPPIECES:0.5213882993870845
C_MATERIAL:0.4934837540624113
