ELO:989
CE_PASSEDPAWNS:0.3531821994214049
CE_PAWNWEAKNESSES:0.5149921719737238
CE_PIECEACTIVITY:0.5594978002495871
CE_KINGPAWNSHIELD:0.4511987880523465
CE_PIECECOORDINATION:0.45603419504993487
CE_MATERIAL:0.5256846715097648
CE_KINGSAFETY:0.503536475264377
C_PIECESQUARETABLES:0.4950376849776454
C_MOBILITY:0.5001465408952577
C_KINGSAFETY:0.5522425379602647
C_PAWNSTRUCTURE:0.33242000336434174
C_PIECECOORDINATION:0.44940939708975175
C_ROOKANDPAWNMOVEMENT:0.44940939708975175
C_CENTERCONTROL:0.35488331713916
C_DEVELOPPIECES:0.48463106472835726
C_MATERIAL:0.6819727582155223
