ELO:910
CE_PASSEDPAWNS:0.4221846246430667
CE_PAWNWEAKNESSES:0.4214749355171925
CE_PIECEACTIVITY:0.5202229068495497
CE_KINGPAWNSHIELD:0.4428475033811933
CE_PIECECOORDINATION:0.49322326448699133
CE_MATERIAL:0.5514763924050664
CE_KINGSAFETY:0.44698409852567
C_PIECESQUARETABLES:0.4952920678590316
C_MOBILITY:0.4615394605252862
C_KINGSAFETY:0.5019503481814112
C_PAWNSTRUCTURE:0.4766791871277084
C_PIECECOORDINATION:0.5358355222088429
C_ROOKANDPAWNMOVEMENT:0.5358355222088429
C_CENTERCONTROL:0.6284739140467056
C_DEVELOPPIECES:0.5323912690707244
C_MATERIAL:0.5955474745585244
