ELO:730
CE_PASSEDPAWNS:0.5005247014218726
CE_PAWNWEAKNESSES:0.5793628669468995
CE_PIECEACTIVITY:0.38315436700344335
CE_KINGPAWNSHIELD:0.4872643448910281
CE_PIECECOORDINATION:0.42670359964496934
CE_MATERIAL:0.5218490493384131
CE_KINGSAFETY:0.4723042924573554
C_PIECESQUARETABLES:0.47161433244725737
C_MOBILITY:0.5205334776564282
C_KINGSAFETY:0.4782154813779165
C_PAWNSTRUCTURE:0.46177893002464326
C_PIECECOORDINATION:0.5562692589193926
C_ROOKANDPAWNMOVEMENT:0.5562692589193926
C_CENTERCONTROL:0.5040382532465694
C_DEVELOPPIECES:0.562537410902224
C_MATERIAL:0.39383157480048786
C_MOVECOUNT:0.5
