ELO:1022
CE_PASSEDPAWNS:0.48648259105472186
CE_PAWNWEAKNESSES:0.5245064933115678
CE_PIECEACTIVITY:0.506346503157013
CE_KINGPAWNSHIELD:0.4875183487671798
CE_PIECECOORDINATION:0.4959057709071751
CE_MATERIAL:0.5226600605010233
CE_KINGSAFETY:0.5
C_PIECESQUARETABLES:0.5
C_MOBILITY:0.5057745642532829
C_KINGSAFETY:0.490986881758508
C_PAWNSTRUCTURE:0.49977640932776074
C_PIECECOORDINATION:0.5129933973770763
C_ROOK:0.5
CE_ROOK:0.4898928659705995
C_CENTERCONTROL:0.4921312419304174
C_DEVELOPPIECES:0.48303028124757863
C_MATERIAL:0.5359843645983394
C_MOVECOUNT:0.5102333506431944
C_PAWNMOVEMENT:0.5278017375887827
