ELO:1023
CE_PASSEDPAWNS:0.48159245666912415
CE_PAWNWEAKNESSES:0.4910870679353251
CE_PIECEACTIVITY:0.49999156920780613
CE_KINGPAWNSHIELD:0.5100080693248711
CE_PIECECOORDINATION:0.4703083907146522
CE_MATERIAL:0.49974111486830464
CE_KINGSAFETY:0.5041869346720969
C_PIECESQUARETABLES:0.5
C_MOBILITY:0.48459021303018973
C_KINGSAFETY:0.5141197114140961
C_PAWNSTRUCTURE:0.4883631939790848
C_PIECECOORDINATION:0.5
C_ROOK:0.47669756201066926
CE_ROOK:0.5013058575346925
C_CENTERCONTROL:0.5
C_DEVELOPPIECES:0.4943688845298346
C_MATERIAL:0.5
C_MOVECOUNT:0.4939190588742459
C_PAWNMOVEMENT:0.5046661064548249
