ELO:1035
CE_PASSEDPAWNS:0.5169230010712386
CE_PAWNWEAKNESSES:0.5068582733072732
CE_PIECEACTIVITY:0.5086038573593461
CE_KINGPAWNSHIELD:0.5027231455770977
CE_PIECECOORDINATION:0.5
CE_MATERIAL:0.5
CE_KINGSAFETY:0.48920266921918787
C_PIECESQUARETABLES:0.5
C_MOBILITY:0.49920515987463954
C_KINGSAFETY:0.5011187679205341
C_PAWNSTRUCTURE:0.4954803710151081
C_PIECECOORDINATION:0.5
C_ROOK:0.5
CE_ROOK:0.5
C_CENTERCONTROL:0.4966134862665281
C_DEVELOPPIECES:0.4760830432967618
C_MATERIAL:0.5
C_MOVECOUNT:0.48065048814973177
C_PAWNMOVEMENT:0.5152520085441915
