ELO:971
CE_PASSEDPAWNS:0.5575456192058214
CE_PAWNWEAKNESSES:0.47907050739889095
CE_PIECEACTIVITY:0.4953501044548643
CE_KINGPAWNSHIELD:0.48561126715806047
CE_PIECECOORDINATION:0.5497548869230989
CE_MATERIAL:0.46296017971500464
CE_KINGSAFETY:0.44478624934765587
C_PIECESQUARETABLES:0.5723737746444013
C_MOBILITY:0.47637680624245304
C_KINGSAFETY:0.5080643914635488
C_PAWNSTRUCTURE:0.5064085923775565
C_PIECECOORDINATION:0.49415658381884464
C_ROOKANDPAWNMOVEMENT:0.49415658381884464
C_CENTERCONTROL:0.5174577700423239
C_DEVELOPPIECES:0.42456808782959765
C_MATERIAL:0.4068171725200207
