ELO:1038
CE_PASSEDPAWNS:0.5069652569272811
CE_PAWNWEAKNESSES:0.4954662148007358
CE_PIECEACTIVITY:0.5042705760249254
CE_KINGPAWNSHIELD:0.4855567023778074
CE_PIECECOORDINATION:0.48425377922660406
CE_MATERIAL:0.49939046905640117
CE_KINGSAFETY:0.5
C_PIECESQUARETABLES:0.5
C_MOBILITY:0.4979335609091218
C_KINGSAFETY:0.4866980623330999
C_PAWNSTRUCTURE:0.5
C_PIECECOORDINATION:0.5124505130025703
C_ROOK:0.4890913295813163
CE_ROOK:0.4700809998501912
C_CENTERCONTROL:0.48695740813928995
C_DEVELOPPIECES:0.5036271228063328
C_MATERIAL:0.49207381283421175
C_MOVECOUNT:0.47814537873487434
C_PAWNMOVEMENT:0.4953020681581354
