ELO:703
CE_PASSEDPAWNS:0.4567720848178493
CE_PAWNWEAKNESSES:0.6397289762859897
CE_PIECEACTIVITY:0.4498174705172516
CE_KINGPAWNSHIELD:0.4962847532234158
CE_PIECECOORDINATION:0.48704181431427895
CE_MATERIAL:0.5395337581491872
CE_KINGSAFETY:0.543543695706436
C_PIECESQUARETABLES:0.4948825431854657
C_MOBILITY:0.6020858387448226
C_KINGSAFETY:0.4603062600380677
C_PAWNSTRUCTURE:0.43031425959233954
C_PIECECOORDINATION:0.5573377475045105
C_ROOKANDPAWNMOVEMENT:0.5573377475045105
C_CENTERCONTROL:0.46568042040677854
C_DEVELOPPIECES:0.5668128132633289
C_MATERIAL:0.3463504416849043
C_MOVECOUNT:0.510703873679418
