ELO:988
CE_PASSEDPAWNS:0.3671258369474086
CE_PAWNWEAKNESSES:0.5259008112610276
CE_PIECEACTIVITY:0.5727413192205747
CE_KINGPAWNSHIELD:0.4635958116832967
CE_PIECECOORDINATION:0.461940972171822
CE_MATERIAL:0.5024015930445404
CE_KINGSAFETY:0.4848519256025691
C_PIECESQUARETABLES:0.5194323202803974
C_MOBILITY:0.5001465408952577
C_KINGSAFETY:0.569378130629042
C_PAWNSTRUCTURE:0.33706724270991584
C_PIECECOORDINATION:0.4455295289066636
C_ROOKANDPAWNMOVEMENT:0.4455295289066636
C_CENTERCONTROL:0.3555105811447116
C_DEVELOPPIECES:0.48463106472835726
C_MATERIAL:0.5859692747107864
