ELO:1014
CE_PASSEDPAWNS:0.5089511830834902
CE_PAWNWEAKNESSES:0.4967293958438764
CE_PIECEACTIVITY:0.4905183688531095
CE_KINGPAWNSHIELD:0.5411593456908269
CE_PIECECOORDINATION:0.49090611855349686
CE_MATERIAL:0.532737070503067
CE_KINGSAFETY:0.5
C_PIECESQUARETABLES:0.5
C_MOBILITY:0.48941882534231884
C_KINGSAFETY:0.49967278399232384
C_PAWNSTRUCTURE:0.5197121028494018
C_PIECECOORDINATION:0.5091786332892982
C_ROOK:0.5162458546038714
CE_ROOK:0.4855599137968849
C_CENTERCONTROL:0.5117148113767311
C_DEVELOPPIECES:0.4790079700860289
C_MATERIAL:0.48940688832066276
C_MOVECOUNT:0.5
C_PAWNMOVEMENT:0.49754667027655064
