ELO:1078
CE_PASSEDPAWNS:0.62704582562803
CE_PAWNWEAKNESSES:0.5267357558515431
CE_PIECEACTIVITY:0.46386546177150145
CE_KINGPAWNSHIELD:0.4657272801010243
CE_PIECECOORDINATION:0.49711744044065004
CE_MATERIAL:0.41117555892369506
CE_KINGSAFETY:0.479525012660086
C_PIECESQUARETABLES:0.49696400439729504
C_MOBILITY:0.5433035614093026
C_KINGSAFETY:0.5193231101391192
C_PAWNSTRUCTURE:0.3817132043659287
C_PIECECOORDINATION:0.47302222823423284
C_ROOKANDPAWNMOVEMENT:0.47302222823423284
C_CENTERCONTROL:0.5181049379805173
C_DEVELOPPIECES:0.5492856113531078
C_MATERIAL:0.41483390193443154
