ELO:1047
CE_PASSEDPAWNS:0.5
CE_PAWNWEAKNESSES:0.5026700644604273
CE_PIECEACTIVITY:0.4928218180599236
CE_KINGPAWNSHIELD:0.5
CE_PIECECOORDINATION:0.511440232155312
CE_MATERIAL:0.506691873509205
CE_KINGSAFETY:0.5
C_PIECESQUARETABLES:0.5
C_MOBILITY:0.508670177124862
C_KINGSAFETY:0.5076948921057516
C_PAWNSTRUCTURE:0.5173756872893983
C_PIECECOORDINATION:0.5291701892332789
C_ROOK:0.5
CE_ROOK:0.4821303139038926
C_CENTERCONTROL:0.5126750748668045
C_DEVELOPPIECES:0.47948199150109994
C_MATERIAL:0.503537440598957
C_MOVECOUNT:0.4916289891068704
C_PAWNMOVEMENT:0.5
