ELO:960
CE_PASSEDPAWNS:0.5062323992275707
CE_PAWNWEAKNESSES:0.5308362820593411
CE_PIECEACTIVITY:0.48803261512471274
CE_KINGPAWNSHIELD:0.5087841543012824
CE_PIECECOORDINATION:0.5019077629334903
CE_MATERIAL:0.5035192503536808
CE_KINGSAFETY:0.5
C_PIECESQUARETABLES:0.5
C_MOBILITY:0.4848692164858015
C_KINGSAFETY:0.5153930609169732
C_PAWNSTRUCTURE:0.4906071975024514
C_PIECECOORDINATION:0.4974452259401661
C_ROOKANDPAWNMOVEMENT:0.4974452259401661
C_CENTERCONTROL:0.49473241721365413
C_DEVELOPPIECES:0.5009052976759741
C_MATERIAL:0.4952708260278718
C_MOVECOUNT:0.536906222873025
