ELO:1000
CE_PASSEDPAWNS:0.4860706914833036
CE_PAWNWEAKNESSES:0.5165966601233919
CE_PIECEACTIVITY:0.5330229566941477
CE_KINGPAWNSHIELD:0.4495156209515578
CE_PIECECOORDINATION:0.4588315145790075
CE_MATERIAL:0.5248413590696701
CE_KINGSAFETY:0.4990292681487178
C_PIECESQUARETABLES:0.4990387696426631
C_MOBILITY:0.4778685856216191
C_KINGSAFETY:0.46066413030014725
C_PAWNSTRUCTURE:0.4943975140186639
C_PIECECOORDINATION:0.5156867910229195
C_ROOKANDPAWNMOVEMENT:0.5156867910229195
C_CENTERCONTROL:0.4751826380287301
C_DEVELOPPIECES:0.4490422738520611
C_MATERIAL:0.4458084626735808
