ELO:1005
CE_PASSEDPAWNS:0.46363823688758776
CE_PAWNWEAKNESSES:0.5349238761398905
CE_PIECEACTIVITY:0.5559543664912243
CE_KINGPAWNSHIELD:0.4987858466391436
CE_PIECECOORDINATION:0.4534803335173595
CE_MATERIAL:0.510475507073523
CE_KINGSAFETY:0.4918136496723912
C_PIECESQUARETABLES:0.5022632740724652
C_MOBILITY:0.5204484850122212
C_KINGSAFETY:0.431179958635335
C_PAWNSTRUCTURE:0.4708950554119617
C_PIECECOORDINATION:0.5449463279325987
C_ROOKANDPAWNMOVEMENT:0.5449463279325987
C_CENTERCONTROL:0.4857944466757572
C_DEVELOPPIECES:0.47188104331704306
C_MATERIAL:0.47778739361975586
