ELO:1000
CE_PASSEDPAWNS:0.48432574673130596
CE_PAWNWEAKNESSES:0.5026700644604273
CE_PIECEACTIVITY:0.5167587287593362
CE_KINGPAWNSHIELD:0.5031750223237406
CE_PIECECOORDINATION:0.47382130774679654
CE_MATERIAL:0.5160523937091994
CE_KINGSAFETY:0.5
C_PIECESQUARETABLES:0.5
C_MOBILITY:0.4988921237330988
C_KINGSAFETY:0.49440745002008646
C_PAWNSTRUCTURE:0.48144421506551865
C_PIECECOORDINATION:0.5266591127413877
C_ROOK:0.4958619021682919
CE_ROOK:0.481273291951512
C_CENTERCONTROL:0.5051137245676748
C_DEVELOPPIECES:0.45604698656746484
C_MATERIAL:0.5044215888116722
C_MOVECOUNT:0.5102333506431944
C_PAWNMOVEMENT:0.5054683034682986
