ELO:673
CE_PASSEDPAWNS:0.47742832572722754
CE_PAWNWEAKNESSES:0.6220075940950283
CE_PIECEACTIVITY:0.41536799157725646
CE_KINGPAWNSHIELD:0.4984814897670539
CE_PIECECOORDINATION:0.43172818383112205
CE_MATERIAL:0.5295469402863491
CE_KINGSAFETY:0.5249799266832652
C_PIECESQUARETABLES:0.5129037778941262
C_MOBILITY:0.5933892931138804
C_KINGSAFETY:0.5000560541149747
C_PAWNSTRUCTURE:0.4761238062308637
C_PIECECOORDINATION:0.5133685355251765
C_ROOKANDPAWNMOVEMENT:0.5133685355251765
C_CENTERCONTROL:0.4415706873366986
C_DEVELOPPIECES:0.5882275121671888
C_MATERIAL:0.4226898935673205
C_MOVECOUNT:0.5221306802007265
