ELO:988
CE_PASSEDPAWNS:0.5004610323761041
CE_PAWNWEAKNESSES:0.5046527099027752
CE_PIECEACTIVITY:0.4978298225451699
CE_KINGPAWNSHIELD:0.4993374118074282
CE_PIECECOORDINATION:0.5091727491154686
CE_MATERIAL:0.49590286677652057
CE_KINGSAFETY:0.5058935745937407
C_PIECESQUARETABLES:0.49775168276708076
C_MOBILITY:0.49520152309627663
C_KINGSAFETY:0.5
C_PAWNSTRUCTURE:0.5
C_PIECECOORDINATION:0.5
C_ROOKANDPAWNMOVEMENT:0.5
C_CENTERCONTROL:0.5
C_DEVELOPPIECES:0.50263601757698
C_MATERIAL:0.5039605677968019
C_MOVECOUNT:0.5083309516564887
