ELO:1012
CE_PASSEDPAWNS:0.5
CE_PAWNWEAKNESSES:0.4932978446969861
CE_PIECEACTIVITY:0.5
CE_KINGPAWNSHIELD:0.5070139003127128
CE_PIECECOORDINATION:0.4982266384060218
CE_MATERIAL:0.5
CE_KINGSAFETY:0.49843507069192666
C_PIECESQUARETABLES:0.5
C_MOBILITY:0.5
C_KINGSAFETY:0.488419034916759
C_PAWNSTRUCTURE:0.5
C_PIECECOORDINATION:0.5
C_ROOK:0.5001760897893519
CE_ROOK:0.4932071242162206
C_CENTERCONTROL:0.5073904397009594
C_DEVELOPPIECES:0.5
C_MATERIAL:0.5
C_MOVECOUNT:0.48928913176376243
C_PAWNMOVEMENT:0.5
