ELO:1019
CE_PASSEDPAWNS:0.48685676487215884
CE_PAWNWEAKNESSES:0.4826325590694336
CE_PIECEACTIVITY:0.5239489702312982
CE_KINGPAWNSHIELD:0.49711923057826723
CE_PIECECOORDINATION:0.5071927586957515
CE_MATERIAL:0.5045228684273555
CE_KINGSAFETY:0.5
C_PIECESQUARETABLES:0.49459312844242476
C_MOBILITY:0.4989675928702315
C_KINGSAFETY:0.47728861204927897
C_PAWNSTRUCTURE:0.49895348937271194
C_PIECECOORDINATION:0.5160700920224486
C_ROOK:0.5081075040794762
CE_ROOK:0.49298673795830417
C_CENTERCONTROL:0.4937708833116085
C_DEVELOPPIECES:0.4907467872161097
C_MATERIAL:0.47233226009206
C_MOVECOUNT:0.5062637963594351
C_PAWNMOVEMENT:0.4940662195207169
