ELO:1000
CE_PASSEDPAWNS:0.5100234476418753
CE_PAWNWEAKNESSES:0.5
CE_PIECEACTIVITY:0.4958373551830307
CE_KINGPAWNSHIELD:0.4846365445063982
CE_PIECECOORDINATION:0.5001406947113887
CE_MATERIAL:0.5163625129472975
CE_KINGSAFETY:0.487694089042682
C_PIECESQUARETABLES:0.5
C_MOBILITY:0.4950535884593433
C_KINGSAFETY:0.49852636861747834
C_PAWNSTRUCTURE:0.5000364940361638
C_PIECECOORDINATION:0.5020036106847415
C_ROOKANDPAWNMOVEMENT:0.5020036106847415
C_CENTERCONTROL:0.5248574390147516
C_DEVELOPPIECES:0.4998058931021276
C_MATERIAL:0.5026280609410559
