ELO:935
CE_PASSEDPAWNS:0.5633657300975061
CE_PAWNWEAKNESSES:0.4577943213171542
CE_PIECEACTIVITY:0.507391119203065
CE_KINGPAWNSHIELD:0.4819371478843082
CE_PIECECOORDINATION:0.5299857452147094
CE_MATERIAL:0.4765488772268809
CE_KINGSAFETY:0.45620706215187584
C_PIECESQUARETABLES:0.513350493168366
C_MOBILITY:0.5050429313049346
C_KINGSAFETY:0.5356318809056739
C_PAWNSTRUCTURE:0.5079095104238323
C_PIECECOORDINATION:0.5075595470074996
C_ROOKANDPAWNMOVEMENT:0.5075595470074996
C_CENTERCONTROL:0.5290728012323583
C_DEVELOPPIECES:0.41980971143313256
C_MATERIAL:0.3583228212912931
