ELO:1044
CE_PASSEDPAWNS:0.47428961058948177
CE_PAWNWEAKNESSES:0.5101342833997289
CE_PIECEACTIVITY:0.5001184731529964
CE_KINGPAWNSHIELD:0.49795435638811325
CE_PIECECOORDINATION:0.4899103651352972
CE_MATERIAL:0.4935610704943572
CE_KINGSAFETY:0.5089560675855442
C_PIECESQUARETABLES:0.5
C_MOBILITY:0.4984177026253114
C_KINGSAFETY:0.48071666629756693
C_PAWNSTRUCTURE:0.4996958912110175
C_PIECECOORDINATION:0.5182525005146978
C_ROOK:0.49228219716873883
CE_ROOK:0.485503642279331
C_CENTERCONTROL:0.4921312419304174
C_DEVELOPPIECES:0.5014852847581153
C_MATERIAL:0.4863575817299442
C_MOVECOUNT:0.5013822226200452
C_PAWNMOVEMENT:0.530027731652139
