ELO:730
CE_PASSEDPAWNS:0.5115949290708995
CE_PAWNWEAKNESSES:0.5742648298251394
CE_PIECEACTIVITY:0.37811176161936166
CE_KINGPAWNSHIELD:0.46336349076131583
CE_PIECECOORDINATION:0.44510353023062565
CE_MATERIAL:0.5245816031948335
CE_KINGSAFETY:0.45896761006493375
C_PIECESQUARETABLES:0.4865165115827827
C_MOBILITY:0.5531199894040344
C_KINGSAFETY:0.5122754065305493
C_PAWNSTRUCTURE:0.4481517622301887
C_PIECECOORDINATION:0.5253188959132987
C_ROOKANDPAWNMOVEMENT:0.5253188959132987
C_CENTERCONTROL:0.4721561536498412
C_DEVELOPPIECES:0.5714959151473292
C_MATERIAL:0.4036316496412998
C_MOVECOUNT:0.5
