ELO:973
CE_PASSEDPAWNS:0.5487616138608264
CE_PAWNWEAKNESSES:0.46899010103544514
CE_PIECEACTIVITY:0.48219886592412703
CE_KINGPAWNSHIELD:0.45155693890098525
CE_PIECECOORDINATION:0.5106409629179526
CE_MATERIAL:0.48995065215932815
CE_KINGSAFETY:0.4676085177557795
C_PIECESQUARETABLES:0.5174334571971585
C_MOBILITY:0.48342920163533737
C_KINGSAFETY:0.48280192659468485
C_PAWNSTRUCTURE:0.5093184963362098
C_PIECECOORDINATION:0.5059157667329129
C_ROOKANDPAWNMOVEMENT:0.5059157667329129
C_CENTERCONTROL:0.5398547397396511
C_DEVELOPPIECES:0.4761908011687217
C_MATERIAL:0.4290257105893015
