ELO:1000
CE_PASSEDPAWNS:0.49250751642196317
CE_PAWNWEAKNESSES:0.5208876100252239
CE_PIECEACTIVITY:0.5426125198647817
CE_KINGPAWNSHIELD:0.47633164908718245
CE_PIECECOORDINATION:0.501466203835393
CE_MATERIAL:0.5151127676378465
CE_KINGSAFETY:0.508556869459887
C_PIECESQUARETABLES:0.49460661259207095
C_MOBILITY:0.4657647431212065
C_KINGSAFETY:0.4972422461099689
C_PAWNSTRUCTURE:0.4834321463233444
C_PIECECOORDINATION:0.53497232560502
C_ROOKANDPAWNMOVEMENT:0.53497232560502
C_CENTERCONTROL:0.4793674563239523
C_DEVELOPPIECES:0.4566345995482059
C_MATERIAL:0.47465490614804967
