ELO:1030
CE_PASSEDPAWNS:0.5027230560981786
CE_PAWNWEAKNESSES:0.5018759020046714
CE_PIECEACTIVITY:0.4943332666907198
CE_KINGPAWNSHIELD:0.5
CE_PIECECOORDINATION:0.5097066680735108
CE_MATERIAL:0.5207688268285212
CE_KINGSAFETY:0.5
C_PIECESQUARETABLES:0.5
C_MOBILITY:0.5040380084826781
C_KINGSAFETY:0.5010396651413015
C_PAWNSTRUCTURE:0.4996958912110175
C_PIECECOORDINATION:0.5180799117535605
C_ROOK:0.5093412112662572
CE_ROOK:0.49562898093476404
C_CENTERCONTROL:0.4885014735325812
C_DEVELOPPIECES:0.47556151963497695
C_MATERIAL:0.47837023877918194
C_MOVECOUNT:0.47814537873487434
C_PAWNMOVEMENT:0.48495830972449494
