ELO:1038
CE_PASSEDPAWNS:0.5148713994294651
CE_PAWNWEAKNESSES:0.4954662148007358
CE_PIECEACTIVITY:0.5042705760249254
CE_KINGPAWNSHIELD:0.4868880271940794
CE_PIECECOORDINATION:0.48425377922660406
CE_MATERIAL:0.5113268074886459
CE_KINGSAFETY:0.5
C_PIECESQUARETABLES:0.5
C_MOBILITY:0.45854612262387817
C_KINGSAFETY:0.5
C_PAWNSTRUCTURE:0.5
C_PIECECOORDINATION:0.5224631891386101
C_ROOK:0.4890913295813163
CE_ROOK:0.5048562884776605
C_CENTERCONTROL:0.48695740813928995
C_DEVELOPPIECES:0.49550618521369744
C_MATERIAL:0.5
C_MOVECOUNT:0.5008778728888044
C_PAWNMOVEMENT:0.4803292182279909
