ELO:1000
CE_PASSEDPAWNS:0.49295861547967007
CE_PAWNWEAKNESSES:0.42435994150152
CE_PIECEACTIVITY:0.5283464320633909
CE_KINGPAWNSHIELD:0.46855945431423807
CE_PIECECOORDINATION:0.48954704201048244
CE_MATERIAL:0.4747059538123351
CE_KINGSAFETY:0.5031296381725645
C_PIECESQUARETABLES:0.49297327957842774
C_MOBILITY:0.49645385982861495
C_KINGSAFETY:0.5028006864531221
C_PAWNSTRUCTURE:0.5002420401670236
C_PIECECOORDINATION:0.5397799045130394
C_ROOKANDPAWNMOVEMENT:0.5397799045130394
C_CENTERCONTROL:0.5026619654369807
C_DEVELOPPIECES:0.5440658673936094
C_MATERIAL:0.484677823339597
