ELO:961
CE_PASSEDPAWNS:0.5002193477630397
CE_PAWNWEAKNESSES:0.4851100468029751
CE_PIECEACTIVITY:0.5387479048147963
CE_KINGPAWNSHIELD:0.4799904205007022
CE_PIECECOORDINATION:0.5127038923176184
CE_MATERIAL:0.524798870079246
CE_KINGSAFETY:0.5111464605211132
C_PIECESQUARETABLES:0.5045090927576424
C_MOBILITY:0.5112646044945478
C_KINGSAFETY:0.5129719570159601
C_PAWNSTRUCTURE:0.49062952218742756
C_PIECECOORDINATION:0.45861129286253866
C_ROOKANDPAWNMOVEMENT:0.45861129286253866
C_CENTERCONTROL:0.5055144060600996
C_DEVELOPPIECES:0.5018643643252373
C_MATERIAL:0.5150003466876438
C_MOVECOUNT:0.5082178886355907
