ELO:963
CE_PASSEDPAWNS:0.4818819363586545
CE_PAWNWEAKNESSES:0.49364019102124257
CE_PIECEACTIVITY:0.4935818889727477
CE_KINGPAWNSHIELD:0.4787592056276741
CE_PIECECOORDINATION:0.4913397563172471
CE_MATERIAL:0.5072419896428001
CE_KINGSAFETY:0.5184044523083534
C_PIECESQUARETABLES:0.4944236469256278
C_MOBILITY:0.4542743915564033
C_KINGSAFETY:0.512669913799955
C_PAWNSTRUCTURE:0.44615512377238875
C_PIECECOORDINATION:0.5024752153419206
C_ROOKANDPAWNMOVEMENT:0.5024752153419206
C_CENTERCONTROL:0.5005988449127068
C_DEVELOPPIECES:0.4746368349727183
C_MATERIAL:0.4876482594960921
C_MOVECOUNT:0.5
