ELO:960
CE_PASSEDPAWNS:0.4898930958627695
CE_PAWNWEAKNESSES:0.4767833755776999
CE_PIECEACTIVITY:0.48693106813766296
CE_KINGPAWNSHIELD:0.4696487826739168
CE_PIECECOORDINATION:0.4871993194417916
CE_MATERIAL:0.5553088286163584
CE_KINGSAFETY:0.5
C_PIECESQUARETABLES:0.5
C_MOBILITY:0.45612495951039583
C_KINGSAFETY:0.48715591967520416
C_PAWNSTRUCTURE:0.5333850231118539
C_PIECECOORDINATION:0.46736427944518855
C_ROOK:0.5054060702452174
CE_ROOK:0.49356975456501956
C_CENTERCONTROL:0.4856640119704644
C_DEVELOPPIECES:0.4815762549970018
C_MATERIAL:0.49779971796614797
C_MOVECOUNT:0.47718349661890275
C_PAWNMOVEMENT:0.49713802421880243
