ELO:881
CE_PASSEDPAWNS:0.4746747387004806
CE_PAWNWEAKNESSES:0.46950773933356366
CE_PIECEACTIVITY:0.5925535023494901
CE_KINGPAWNSHIELD:0.48080354074645576
CE_PIECECOORDINATION:0.6052767599952341
CE_MATERIAL:0.5306137488775101
CE_KINGSAFETY:0.5455505979142615
C_PIECESQUARETABLES:0.4202599872512446
C_MOBILITY:0.4564886609717156
C_KINGSAFETY:0.43552741396368216
C_PAWNSTRUCTURE:0.6058561946319378
C_PIECECOORDINATION:0.4937173293036305
C_ROOKANDPAWNMOVEMENT:0.4937173293036305
C_CENTERCONTROL:0.58253050299454
C_DEVELOPPIECES:0.5500379521886191
C_MATERIAL:0.5450893287164379
