ELO:981
CE_PASSEDPAWNS:0.5024382693389633
CE_PAWNWEAKNESSES:0.5005187551619659
CE_PIECEACTIVITY:0.505083284785735
CE_KINGPAWNSHIELD:0.5314271861999397
CE_PIECECOORDINATION:0.496554266255839
CE_MATERIAL:0.5111487329348097
CE_KINGSAFETY:0.5047799287579096
C_PIECESQUARETABLES:0.4937735562254487
C_MOBILITY:0.5146552919447129
C_KINGSAFETY:0.5
C_PAWNSTRUCTURE:0.4927123429127295
C_PIECECOORDINATION:0.49366211711203495
C_ROOKANDPAWNMOVEMENT:0.49366211711203495
C_CENTERCONTROL:0.4837227014997184
C_DEVELOPPIECES:0.4720911480123534
C_MATERIAL:0.5
C_MOVECOUNT:0.47412146766374114
