ELO:879
CE_PASSEDPAWNS:0.4766522215986835
CE_PAWNWEAKNESSES:0.49782517535389503
CE_PIECEACTIVITY:0.5738481738565904
CE_KINGPAWNSHIELD:0.449675605020742
CE_PIECECOORDINATION:0.48454998093504587
CE_MATERIAL:0.4622709958907898
CE_KINGSAFETY:0.5131361601337119
C_PIECESQUARETABLES:0.5987094116976155
C_MOBILITY:0.5604945634463754
C_KINGSAFETY:0.5350172733758245
C_PAWNSTRUCTURE:0.5156860082202405
C_PIECECOORDINATION:0.5004111654572341
C_ROOKANDPAWNMOVEMENT:0.5004111654572341
C_CENTERCONTROL:0.4911789025024606
C_DEVELOPPIECES:0.518291367556953
C_MATERIAL:0.45314412402895893
C_MOVECOUNT:0.4800269118672692
