ELO:962
CE_PASSEDPAWNS:0.4862772587231379
CE_PAWNWEAKNESSES:0.5146091926863378
CE_PIECEACTIVITY:0.4672012571538443
CE_KINGPAWNSHIELD:0.49156584557152255
CE_PIECECOORDINATION:0.5055202785570788
CE_MATERIAL:0.5083817080596876
CE_KINGSAFETY:0.5
C_PIECESQUARETABLES:0.5
C_MOBILITY:0.5162815067341877
C_KINGSAFETY:0.5039160173236996
C_PAWNSTRUCTURE:0.4572599301608667
C_PIECECOORDINATION:0.5348085431301732
C_ROOK:0.45973481338494016
CE_ROOK:0.514665955239416
C_CENTERCONTROL:0.4991571485993816
C_DEVELOPPIECES:0.5426714378961144
C_MATERIAL:0.5059513222191632
C_MOVECOUNT:0.4691243735912368
C_PAWNMOVEMENT:0.4730828129611762
