ELO:981
CE_PASSEDPAWNS:0.48514025317772386
CE_PAWNWEAKNESSES:0.5128318615397343
CE_PIECEACTIVITY:0.46340151408795716
CE_KINGPAWNSHIELD:0.49249320370512617
CE_PIECECOORDINATION:0.49932147352180567
CE_MATERIAL:0.5263478526808205
CE_KINGSAFETY:0.5
C_PIECESQUARETABLES:0.49620826714200633
C_MOBILITY:0.52064068987922
C_KINGSAFETY:0.5039160173236996
C_PAWNSTRUCTURE:0.4658611052516998
C_PIECECOORDINATION:0.5222782525064972
C_ROOK:0.48416051067194465
CE_ROOK:0.5085693849642735
C_CENTERCONTROL:0.49877242796715493
C_DEVELOPPIECES:0.5313568354772389
C_MATERIAL:0.5059680952326806
C_MOVECOUNT:0.4727300457986845
C_PAWNMOVEMENT:0.48944079574569627
