ELO:928
CE_PASSEDPAWNS:0.49106476218831985
CE_PAWNWEAKNESSES:0.5146584283807533
CE_PIECEACTIVITY:0.44934769502836475
CE_KINGPAWNSHIELD:0.5069660900657337
CE_PIECECOORDINATION:0.5876020420040591
CE_MATERIAL:0.571326680760549
CE_KINGSAFETY:0.45225539537803305
C_PIECESQUARETABLES:0.43575157206737813
C_MOBILITY:0.49964727269954884
C_KINGSAFETY:0.5030117464668444
C_PAWNSTRUCTURE:0.5215426344523226
C_PIECECOORDINATION:0.4517376356514894
C_ROOKANDPAWNMOVEMENT:0.4517376356514894
C_CENTERCONTROL:0.5110514294499882
C_DEVELOPPIECES:0.5212152368662376
C_MATERIAL:0.47076766127227354
C_MOVECOUNT:0.5
