ELO:919
CE_PASSEDPAWNS:0.46892808852193124
CE_PAWNWEAKNESSES:0.4760787221067961
CE_PIECEACTIVITY:0.5858204146026645
CE_KINGPAWNSHIELD:0.4438267578385071
CE_PIECECOORDINATION:0.5879154105807278
CE_MATERIAL:0.5331486434820832
CE_KINGSAFETY:0.5102540091982259
C_PIECESQUARETABLES:0.47334705627773105
C_MOBILITY:0.5011375541789621
C_KINGSAFETY:0.45250367682375703
C_PAWNSTRUCTURE:0.5826615781911124
C_PIECECOORDINATION:0.49521812711048735
C_ROOKANDPAWNMOVEMENT:0.49521812711048735
C_CENTERCONTROL:0.5559786627374508
C_DEVELOPPIECES:0.5465912045888727
C_MATERIAL:0.5008236376130982
