ELO:848
CE_PASSEDPAWNS:0.5734570299835063
CE_PAWNWEAKNESSES:0.485882639192342
CE_PIECEACTIVITY:0.45330347598991894
CE_KINGPAWNSHIELD:0.4759353697996046
CE_PIECECOORDINATION:0.46744798583660313
CE_MATERIAL:0.5325835397633777
CE_KINGSAFETY:0.5232411384325113
C_PIECESQUARETABLES:0.49223710878147997
C_MOBILITY:0.4783424252355896
C_KINGSAFETY:0.5452910552626367
C_PAWNSTRUCTURE:0.4655870587621648
C_PIECECOORDINATION:0.5431313927564856
C_ROOKANDPAWNMOVEMENT:0.5431313927564856
C_CENTERCONTROL:0.4201798656042139
C_DEVELOPPIECES:0.5839245712397717
C_MATERIAL:0.4913297762139987
C_MOVECOUNT:0.5
