ELO:852
CE_PASSEDPAWNS:0.4545479178876402
CE_PAWNWEAKNESSES:0.46810987223002937
CE_PIECEACTIVITY:0.5440110437786121
CE_KINGPAWNSHIELD:0.4678199615621157
CE_PIECECOORDINATION:0.45532310535236475
CE_MATERIAL:0.462154853914719
CE_KINGSAFETY:0.4967001573609788
C_PIECESQUARETABLES:0.5743082805213643
C_MOBILITY:0.5584022830080918
C_KINGSAFETY:0.5263666876150412
C_PAWNSTRUCTURE:0.5023813722053213
C_PIECECOORDINATION:0.48396444798747185
C_ROOKANDPAWNMOVEMENT:0.48396444798747185
C_CENTERCONTROL:0.5009021432893855
C_DEVELOPPIECES:0.46029405326850487
C_MATERIAL:0.5045220503385632
C_MOVECOUNT:0.4861536492754295
