ELO:946
CE_PASSEDPAWNS:0.49894589741559625
CE_PAWNWEAKNESSES:0.5154226718069315
CE_PIECEACTIVITY:0.5070513948390076
CE_KINGPAWNSHIELD:0.5083938933335111
CE_PIECECOORDINATION:0.5215928497197792
CE_MATERIAL:0.5089004395854083
CE_KINGSAFETY:0.4936411795831451
C_PIECESQUARETABLES:0.5003665480942701
C_MOBILITY:0.49863966752896444
C_KINGSAFETY:0.4701760524442781
C_PAWNSTRUCTURE:0.5135258400701024
C_PIECECOORDINATION:0.4914414861153835
C_ROOKANDPAWNMOVEMENT:0.4914414861153835
C_CENTERCONTROL:0.5016337163668483
C_DEVELOPPIECES:0.4803282728167563
C_MATERIAL:0.5132601100111459
C_MOVECOUNT:0.5
