ELO:1013
CE_PASSEDPAWNS:0.511461745606021
CE_PAWNWEAKNESSES:0.5063154696259701
CE_PIECEACTIVITY:0.49288467894398724
CE_KINGPAWNSHIELD:0.5092952078171947
CE_PIECECOORDINATION:0.4921918337961246
CE_MATERIAL:0.5280364014926497
CE_KINGSAFETY:0.4894640572744772
C_PIECESQUARETABLES:0.5034539392866202
C_MOBILITY:0.5117479845995443
C_KINGSAFETY:0.5037500065835778
C_PAWNSTRUCTURE:0.4700684360405743
C_PIECECOORDINATION:0.5003514978240702
C_ROOK:0.49293389004036414
CE_ROOK:0.5127187033088256
C_CENTERCONTROL:0.49963078275450845
C_DEVELOPPIECES:0.5019112551394636
C_MATERIAL:0.5038463142136446
C_MOVECOUNT:0.47129728408221805
C_PAWNMOVEMENT:0.48944079574569627
