ELO:1009
CE_PASSEDPAWNS:0.5120456807932459
CE_PAWNWEAKNESSES:0.4910921162126874
CE_PIECEACTIVITY:0.49958749224701265
CE_KINGPAWNSHIELD:0.49099456471689956
CE_PIECECOORDINATION:0.5048608677311801
CE_MATERIAL:0.5013922876112606
CE_KINGSAFETY:0.5
C_PIECESQUARETABLES:0.5117249326078718
C_MOBILITY:0.49360091010097357
C_KINGSAFETY:0.4960894739641112
C_PAWNSTRUCTURE:0.4837831456712915
C_PIECECOORDINATION:0.5
C_ROOKANDPAWNMOVEMENT:0.5
C_CENTERCONTROL:0.5095365900992889
C_DEVELOPPIECES:0.5100923306150991
C_MATERIAL:0.4925921130694401
