ELO:962
CE_PASSEDPAWNS:0.5245811514526384
CE_PAWNWEAKNESSES:0.5050641180358914
CE_PIECEACTIVITY:0.507457279732057
CE_KINGPAWNSHIELD:0.4967824299224521
CE_PIECECOORDINATION:0.5005571466144574
CE_MATERIAL:0.504609872110685
CE_KINGSAFETY:0.505333890153531
C_PIECESQUARETABLES:0.5
C_MOBILITY:0.49341944152941586
C_KINGSAFETY:0.5148977307359655
C_PAWNSTRUCTURE:0.5094911222673606
C_PIECECOORDINATION:0.496429040486297
C_ROOKANDPAWNMOVEMENT:0.496429040486297
C_CENTERCONTROL:0.5
C_DEVELOPPIECES:0.4856657403920942
C_MATERIAL:0.4939374725255083
C_MOVECOUNT:0.496306219078051
