ELO:984
CE_PASSEDPAWNS:0.5083280254176114
CE_PAWNWEAKNESSES:0.4944590776113382
CE_PIECEACTIVITY:0.5167282703281364
CE_KINGPAWNSHIELD:0.5117797363065683
CE_PIECECOORDINATION:0.4971170952770961
CE_MATERIAL:0.4878526762706807
CE_KINGSAFETY:0.5037459219490854
C_PIECESQUARETABLES:0.5014976298126622
C_MOBILITY:0.49823462639784366
C_KINGSAFETY:0.49371632615607886
C_PAWNSTRUCTURE:0.5175893163227536
C_PIECECOORDINATION:0.5031501762782591
C_ROOKANDPAWNMOVEMENT:0.5031501762782591
C_CENTERCONTROL:0.4795705837597345
C_DEVELOPPIECES:0.5033291993582589
C_MATERIAL:0.5033949457247472
C_MOVECOUNT:0.5
