ELO:971
CE_PASSEDPAWNS:0.49443775310209565
CE_PAWNWEAKNESSES:0.5253508639695222
CE_PIECEACTIVITY:0.46439890053099797
CE_KINGPAWNSHIELD:0.4967593343667877
CE_PIECECOORDINATION:0.5210298930676922
CE_MATERIAL:0.5048468521000679
CE_KINGSAFETY:0.5
C_PIECESQUARETABLES:0.5
C_MOBILITY:0.48689156801884254
C_KINGSAFETY:0.49527636712596834
C_PAWNSTRUCTURE:0.5355903643552746
C_PIECECOORDINATION:0.5331347733076385
C_ROOK:0.5288007112810961
CE_ROOK:0.514665955239416
C_CENTERCONTROL:0.5075897685907141
C_DEVELOPPIECES:0.5098217122119628
C_MATERIAL:0.5356792979729789
C_MOVECOUNT:0.46274427197556356
C_PAWNMOVEMENT:0.5058862914209392
