ELO:1004
CE_PASSEDPAWNS:0.5071813982587167
CE_PAWNWEAKNESSES:0.5094799642070656
CE_PIECEACTIVITY:0.4970172905903359
CE_KINGPAWNSHIELD:0.5084628345601329
CE_PIECECOORDINATION:0.5084572493634305
CE_MATERIAL:0.5
CE_KINGSAFETY:0.5012260347858581
C_PIECESQUARETABLES:0.5
C_MOBILITY:0.5
C_KINGSAFETY:0.4891548321802484
C_PAWNSTRUCTURE:0.48753418575373636
C_PIECECOORDINATION:0.4882805108145732
C_ROOKANDPAWNMOVEMENT:0.4882805108145732
C_CENTERCONTROL:0.5075721902457987
C_DEVELOPPIECES:0.4968313709367048
C_MATERIAL:0.5117587796956604
C_MOVECOUNT:0.4981329850804791
