ELO:983
CE_PASSEDPAWNS:0.4699234677207949
CE_PAWNWEAKNESSES:0.5774869218972991
CE_PIECEACTIVITY:0.5716359931907524
CE_KINGPAWNSHIELD:0.47869055238865904
CE_PIECECOORDINATION:0.5516972159066603
CE_MATERIAL:0.35166286960302806
CE_KINGSAFETY:0.5
C_PIECESQUARETABLES:0.5
C_MOBILITY:0.44814808600688066
C_KINGSAFETY:0.46304985113777936
C_PAWNSTRUCTURE:0.5226799777847805
C_PIECECOORDINATION:0.48712480460921015
C_ROOKANDPAWNMOVEMENT:0.48712480460921015
C_CENTERCONTROL:0.5478325571753436
C_DEVELOPPIECES:0.41152006030628585
C_MATERIAL:0.5767259687740671
