ELO:1007
CE_PASSEDPAWNS:0.5058054018302296
CE_PAWNWEAKNESSES:0.5048597053295619
CE_PIECEACTIVITY:0.4879284426379687
CE_KINGPAWNSHIELD:0.5
CE_PIECECOORDINATION:0.4921918337961246
CE_MATERIAL:0.5174187403753018
CE_KINGSAFETY:0.4957468120129281
C_PIECESQUARETABLES:0.5
C_MOBILITY:0.5054692733886964
C_KINGSAFETY:0.5049700016672378
C_PAWNSTRUCTURE:0.4751022633368903
C_PIECECOORDINATION:0.5049397358708423
C_ROOK:0.49194270083061564
CE_ROOK:0.5042958272255978
C_CENTERCONTROL:0.49963078275450845
C_DEVELOPPIECES:0.5138853617547288
C_MATERIAL:0.49716867730398456
C_MOVECOUNT:0.48954153609732487
C_PAWNMOVEMENT:0.4815111571007603
