ELO:989
CE_PASSEDPAWNS:0.5115933731656314
CE_PAWNWEAKNESSES:0.5001863908912718
CE_PIECEACTIVITY:0.49565986751649727
CE_KINGPAWNSHIELD:0.4863781845283562
CE_PIECECOORDINATION:0.5084572493634305
CE_MATERIAL:0.4837946165534219
CE_KINGSAFETY:0.4997345740731791
C_PIECESQUARETABLES:0.4892755240656587
C_MOBILITY:0.5033758403215992
C_KINGSAFETY:0.4842437713907492
C_PAWNSTRUCTURE:0.4889366709330745
C_PIECECOORDINATION:0.5
C_ROOKANDPAWNMOVEMENT:0.5
C_CENTERCONTROL:0.5083868930369323
C_DEVELOPPIECES:0.5052244627952568
C_MATERIAL:0.48521815691853365
C_MOVECOUNT:0.5
