ELO:1000
CE_PASSEDPAWNS:0.552222328135603
CE_PAWNWEAKNESSES:0.5154841594731903
CE_PIECEACTIVITY:0.5091127382788202
CE_KINGPAWNSHIELD:0.46075429771965976
CE_PIECECOORDINATION:0.5052196333394969
CE_MATERIAL:0.5054168701603993
CE_KINGSAFETY:0.5019625028917001
C_PIECESQUARETABLES:0.473891660976268
C_MOBILITY:0.5005743921395978
C_KINGSAFETY:0.5139552286643658
C_PAWNSTRUCTURE:0.5153115888908903
C_PIECECOORDINATION:0.5186540094032989
C_ROOKANDPAWNMOVEMENT:0.5186540094032989
C_CENTERCONTROL:0.4842869544826535
C_DEVELOPPIECES:0.5534797085563243
C_MATERIAL:0.4551405800561498
