ELO:985
CE_PASSEDPAWNS:0.4794728729086386
CE_PAWNWEAKNESSES:0.5128318615397343
CE_PIECEACTIVITY:0.482845952647465
CE_KINGPAWNSHIELD:0.48974190840497694
CE_PIECECOORDINATION:0.49645546808505026
CE_MATERIAL:0.5316667295600324
CE_KINGSAFETY:0.5108530748187106
C_PIECESQUARETABLES:0.5
C_MOBILITY:0.52064068987922
C_KINGSAFETY:0.5109104456731047
C_PAWNSTRUCTURE:0.4700684360405743
C_PIECECOORDINATION:0.5152533215202021
C_ROOK:0.49293389004036414
CE_ROOK:0.5127187033088256
C_CENTERCONTROL:0.49259293361830536
C_DEVELOPPIECES:0.5228959921161043
C_MATERIAL:0.5038463142136446
C_MOVECOUNT:0.46554503950722725
C_PAWNMOVEMENT:0.48944079574569627
