ELO:912
CE_PASSEDPAWNS:0.48807464759337893
CE_PAWNWEAKNESSES:0.4946570641189325
CE_PIECEACTIVITY:0.5126542015424462
CE_KINGPAWNSHIELD:0.5050057797581439
CE_PIECECOORDINATION:0.46791409787965066
CE_MATERIAL:0.6028593217348416
CE_KINGSAFETY:0.5172339431804055
C_PIECESQUARETABLES:0.5
C_MOBILITY:0.48930175330659903
C_KINGSAFETY:0.5669163476367515
C_PAWNSTRUCTURE:0.5169599535203866
C_PIECECOORDINATION:0.49083351379482404
C_ROOK:0.5268373668689011
CE_ROOK:0.488790984186844
C_CENTERCONTROL:0.48071898705311567
C_DEVELOPPIECES:0.49707055181860543
C_MATERIAL:0.5275022249671444
C_MOVECOUNT:0.45382904080831277
C_PAWNMOVEMENT:0.444734144087467
