ELO:969
CE_PASSEDPAWNS:0.5437442250610508
CE_PAWNWEAKNESSES:0.4954013309443238
CE_PIECEACTIVITY:0.5271949949598013
CE_KINGPAWNSHIELD:0.4803523843272707
CE_PIECECOORDINATION:0.4809046006868886
CE_MATERIAL:0.5012691018408829
CE_KINGSAFETY:0.5045460645428999
C_PIECESQUARETABLES:0.4974530979888796
C_MOBILITY:0.5471555221672855
C_KINGSAFETY:0.5045952445836454
C_PAWNSTRUCTURE:0.5180184234467579
C_PIECECOORDINATION:0.4775770090222069
C_ROOKANDPAWNMOVEMENT:0.4775770090222069
C_CENTERCONTROL:0.4781257562597516
C_DEVELOPPIECES:0.5424978574398835
C_MATERIAL:0.49153332237965586
