ELO:999
CE_PASSEDPAWNS:0.5534336543297627
CE_PAWNWEAKNESSES:0.4840725115530397
CE_PIECEACTIVITY:0.491186390103663
CE_KINGPAWNSHIELD:0.4652271759188989
CE_PIECECOORDINATION:0.4805974178639346
CE_MATERIAL:0.46462286693668337
CE_KINGSAFETY:0.5500341912359419
C_PIECESQUARETABLES:0.44379331754704593
C_MOBILITY:0.5125741605558068
C_KINGSAFETY:0.5068086184157939
C_PAWNSTRUCTURE:0.47304854406216573
C_PIECECOORDINATION:0.5003654402847584
C_ROOKANDPAWNMOVEMENT:0.5003654402847584
C_CENTERCONTROL:0.46321992356970526
C_DEVELOPPIECES:0.5483446985328744
C_MATERIAL:0.46943645606587603
