ELO:1014
CE_PASSEDPAWNS:0.49308644126756446
CE_PAWNWEAKNESSES:0.5030404162041765
CE_PIECEACTIVITY:0.5028647867997151
CE_KINGPAWNSHIELD:0.4982761893734439
CE_PIECECOORDINATION:0.5109833303963512
CE_MATERIAL:0.5036827088642024
CE_KINGSAFETY:0.5
C_PIECESQUARETABLES:0.5181244624737901
C_MOBILITY:0.5060772226462594
C_KINGSAFETY:0.5090154982592265
C_PAWNSTRUCTURE:0.446221099013918
C_PIECECOORDINATION:0.5051925703282218
C_ROOKANDPAWNMOVEMENT:0.5051925703282218
C_CENTERCONTROL:0.5077060867526181
C_DEVELOPPIECES:0.48951171786993364
C_MATERIAL:0.4950622894015078
