ELO:999
CE_PASSEDPAWNS:0.4630400169257101
CE_PAWNWEAKNESSES:0.5
CE_PIECEACTIVITY:0.4888790832348244
CE_KINGPAWNSHIELD:0.4964789843871054
CE_PIECECOORDINATION:0.49488985443886335
CE_MATERIAL:0.5082632284099108
CE_KINGSAFETY:0.5049671303119102
C_PIECESQUARETABLES:0.5114514221035651
C_MOBILITY:0.5
C_KINGSAFETY:0.47852105573397413
C_PAWNSTRUCTURE:0.5022508572422902
C_PIECECOORDINATION:0.5053828481464196
C_ROOKANDPAWNMOVEMENT:0.5053828481464196
C_CENTERCONTROL:0.4855220721324945
C_DEVELOPPIECES:0.5
C_MATERIAL:0.49093146881102456
C_MOVECOUNT:0.5
