ELO:983
CE_PASSEDPAWNS:0.4829133321907543
CE_PAWNWEAKNESSES:0.5691570917464897
CE_PIECEACTIVITY:0.5677957905592714
CE_KINGPAWNSHIELD:0.4865239004125514
CE_PIECECOORDINATION:0.5580006096709608
CE_MATERIAL:0.33336250964539976
CE_KINGSAFETY:0.506953113452952
C_PIECESQUARETABLES:0.5
C_MOBILITY:0.4439122240666594
C_KINGSAFETY:0.48709477621890085
C_PAWNSTRUCTURE:0.5029736938490619
C_PIECECOORDINATION:0.47166279599199984
C_ROOKANDPAWNMOVEMENT:0.47166279599199984
C_CENTERCONTROL:0.5403927558016378
C_DEVELOPPIECES:0.4132710663973111
C_MATERIAL:0.5461165193030177
