ELO:957
CE_PASSEDPAWNS:0.4898930958627695
CE_PAWNWEAKNESSES:0.5088697690693521
CE_PIECEACTIVITY:0.5177046298065449
CE_KINGPAWNSHIELD:0.5043682763013643
CE_PIECECOORDINATION:0.4734986327371034
CE_MATERIAL:0.5642264625012678
CE_KINGSAFETY:0.5039235501889888
C_PIECESQUARETABLES:0.504727543111423
C_MOBILITY:0.5450216864259249
C_KINGSAFETY:0.5373575186961242
C_PAWNSTRUCTURE:0.5327551077678602
C_PIECECOORDINATION:0.46736427944518855
C_ROOK:0.5054060702452174
CE_ROOK:0.49356975456501956
C_CENTERCONTROL:0.4856640119704644
C_DEVELOPPIECES:0.4815762549970018
C_MATERIAL:0.503468844004629
C_MOVECOUNT:0.47718349661890275
C_PAWNMOVEMENT:0.5018048502023766
