ELO:944
CE_PASSEDPAWNS:0.45428908570193394
CE_PAWNWEAKNESSES:0.5034453681202136
CE_PIECEACTIVITY:0.5643927969209606
CE_KINGPAWNSHIELD:0.49139692757443887
CE_PIECECOORDINATION:0.49107961241100545
CE_MATERIAL:0.4668372990952953
CE_KINGSAFETY:0.4973708398178014
C_PIECESQUARETABLES:0.5837456842875709
C_MOBILITY:0.5489047003169271
C_KINGSAFETY:0.5082618106891812
C_PAWNSTRUCTURE:0.5111247603841423
C_PIECECOORDINATION:0.49059446109492694
C_ROOKANDPAWNMOVEMENT:0.49059446109492694
C_CENTERCONTROL:0.5036590581025556
C_DEVELOPPIECES:0.45251720291437586
C_MATERIAL:0.4986980679350256
C_MOVECOUNT:0.46012339032603744
