ELO:900
CE_PASSEDPAWNS:0.48605502711403953
CE_PAWNWEAKNESSES:0.41560454816413545
CE_PIECEACTIVITY:0.48209300904477703
CE_KINGPAWNSHIELD:0.5000843837348427
CE_PIECECOORDINATION:0.5318491415359989
CE_MATERIAL:0.579819282644432
CE_KINGSAFETY:0.4437499348410491
C_PIECESQUARETABLES:0.4582240223999316
C_MOBILITY:0.5123354604476066
C_KINGSAFETY:0.5720706993221008
C_PAWNSTRUCTURE:0.5009582226412537
C_PIECECOORDINATION:0.48035658730239694
C_ROOKANDPAWNMOVEMENT:0.48035658730239694
C_CENTERCONTROL:0.5110661571101288
C_DEVELOPPIECES:0.5013687506330572
C_MATERIAL:0.5589034141252678
C_MOVECOUNT:0.5
