ELO:823
CE_PASSEDPAWNS:0.5087092697323171
CE_PAWNWEAKNESSES:0.47876563278536344
CE_PIECEACTIVITY:0.44013982112591166
CE_KINGPAWNSHIELD:0.44944625736325516
CE_PIECECOORDINATION:0.4235333445098983
CE_MATERIAL:0.5009615655697931
CE_KINGSAFETY:0.5091268030746042
C_PIECESQUARETABLES:0.557239254902989
C_MOBILITY:0.5397475052270546
C_KINGSAFETY:0.5131366556549878
C_PAWNSTRUCTURE:0.49461983759087674
C_PIECECOORDINATION:0.40237549534550593
C_ROOKANDPAWNMOVEMENT:0.40237549534550593
C_CENTERCONTROL:0.4666246803793508
C_DEVELOPPIECES:0.5759612120537961
C_MATERIAL:0.4729803675020193
C_MOVECOUNT:0.5
