ELO:921
CE_PASSEDPAWNS:0.4900974351998869
CE_PAWNWEAKNESSES:0.4888179811254039
CE_PIECEACTIVITY:0.513606562483195
CE_KINGPAWNSHIELD:0.4835362391795796
CE_PIECECOORDINATION:0.45999565003178483
CE_MATERIAL:0.6145824171100595
CE_KINGSAFETY:0.5150859876463653
C_PIECESQUARETABLES:0.48307267354238
C_MOBILITY:0.4860901515861879
C_KINGSAFETY:0.5747992782272539
C_PAWNSTRUCTURE:0.5211128455143741
C_PIECECOORDINATION:0.4977502271960376
C_ROOK:0.5405216795828026
CE_ROOK:0.4948598939487713
C_CENTERCONTROL:0.4916321261872599
C_DEVELOPPIECES:0.5011367883009409
C_MATERIAL:0.5158288386833253
C_MOVECOUNT:0.4649570819709043
C_PAWNMOVEMENT:0.4514298278713783
