ELO:1000
CE_PASSEDPAWNS:0.49293044386514656
CE_PAWNWEAKNESSES:0.5492471708075015
CE_PIECEACTIVITY:0.5334165783612922
CE_KINGPAWNSHIELD:0.5016772537342585
CE_PIECECOORDINATION:0.5510270996803733
CE_MATERIAL:0.37342067265316864
CE_KINGSAFETY:0.4894469323859511
C_PIECESQUARETABLES:0.5229141410615451
C_MOBILITY:0.4026447654002389
C_KINGSAFETY:0.4748569984113234
C_PAWNSTRUCTURE:0.5170985728801506
C_PIECECOORDINATION:0.4949973942923206
C_ROOKANDPAWNMOVEMENT:0.4949973942923206
C_CENTERCONTROL:0.54534189795993
C_DEVELOPPIECES:0.4316886274716887
C_MATERIAL:0.5678734672734784
