ELO:952
CE_PASSEDPAWNS:0.48098331984973186
CE_PAWNWEAKNESSES:0.5006442826575178
CE_PIECEACTIVITY:0.514797640057016
CE_KINGPAWNSHIELD:0.5114489514020143
CE_PIECECOORDINATION:0.4711091577830758
CE_MATERIAL:0.5774490963408999
CE_KINGSAFETY:0.5
C_PIECESQUARETABLES:0.5174587280285906
C_MOBILITY:0.48017660531218254
C_KINGSAFETY:0.5573552824765409
C_PAWNSTRUCTURE:0.5226768023344175
C_PIECECOORDINATION:0.49137736917942404
C_ROOK:0.5031990074226831
CE_ROOK:0.49541223123810546
C_CENTERCONTROL:0.4919379528807766
C_DEVELOPPIECES:0.4872379829544407
C_MATERIAL:0.5128196083465041
C_MOVECOUNT:0.47718349661890275
C_PAWNMOVEMENT:0.47573324387106625
