ELO:939
CE_PASSEDPAWNS:0.4837688992299238
CE_PAWNWEAKNESSES:0.5620012107046769
CE_PIECEACTIVITY:0.5992348255395067
CE_KINGPAWNSHIELD:0.4882938616216897
CE_PIECECOORDINATION:0.5588912307808342
CE_MATERIAL:0.335853206774233
CE_KINGSAFETY:0.4722830284364853
C_PIECESQUARETABLES:0.490801757483574
C_MOBILITY:0.4119728746114411
C_KINGSAFETY:0.4612818597359252
C_PAWNSTRUCTURE:0.5296937773995714
C_PIECECOORDINATION:0.4862802365006093
C_ROOKANDPAWNMOVEMENT:0.4862802365006093
C_CENTERCONTROL:0.5437422102406074
C_DEVELOPPIECES:0.38058339067286573
C_MATERIAL:0.5512094527375565
