ELO:998
CE_PASSEDPAWNS:0.5
CE_PAWNWEAKNESSES:0.48001444362960893
CE_PIECEACTIVITY:0.5
CE_KINGPAWNSHIELD:0.5006021764161143
CE_PIECECOORDINATION:0.5008833378226742
CE_MATERIAL:0.5027313692770955
CE_KINGSAFETY:0.5
C_PIECESQUARETABLES:0.5041321909223754
C_MOBILITY:0.5124796444512392
C_KINGSAFETY:0.47867366270421324
C_PAWNSTRUCTURE:0.5100742880790728
C_PIECECOORDINATION:0.4983385750969818
C_ROOKANDPAWNMOVEMENT:0.4983385750969818
C_CENTERCONTROL:0.5010191003400375
C_DEVELOPPIECES:0.49398472755456674
C_MATERIAL:0.5016518585331037
