ELO:977
CE_PASSEDPAWNS:0.4759386012048023
CE_PAWNWEAKNESSES:0.3490751784247613
CE_PIECEACTIVITY:0.5011250646308685
CE_KINGPAWNSHIELD:0.5050251979764785
CE_PIECECOORDINATION:0.5069978857622619
CE_MATERIAL:0.4784041445400985
CE_KINGSAFETY:0.5147691793782107
C_PIECESQUARETABLES:0.5187929138671932
C_MOBILITY:0.5250608001296225
C_KINGSAFETY:0.5710396677350323
C_PAWNSTRUCTURE:0.43084551224378004
C_PIECECOORDINATION:0.5315402700001514
C_ROOKANDPAWNMOVEMENT:0.5315402700001514
C_CENTERCONTROL:0.5186585211140172
C_DEVELOPPIECES:0.47510176612927485
C_MATERIAL:0.5206334002860509
