ELO:983
CE_PASSEDPAWNS:0.5211746801590224
CE_PAWNWEAKNESSES:0.5471103446781026
CE_PIECEACTIVITY:0.48251697319620374
CE_KINGPAWNSHIELD:0.5071224760125554
CE_PIECECOORDINATION:0.5053758749384518
CE_MATERIAL:0.46969436318403057
CE_KINGSAFETY:0.4997697480823413
C_PIECESQUARETABLES:0.47031501336292497
C_MOBILITY:0.48963247392226217
C_KINGSAFETY:0.5133301365853437
C_PAWNSTRUCTURE:0.49690663803194285
C_PIECECOORDINATION:0.49222934034375354
C_ROOK:0.5
CE_ROOK:0.5
C_CENTERCONTROL:0.49699098487175636
C_DEVELOPPIECES:0.49383985065111446
C_MATERIAL:0.514985350048501
C_MOVECOUNT:0.5104983246779199
C_PAWNMOVEMENT:0.5
