ELO:944
CE_PASSEDPAWNS:0.4601651054245176
CE_PAWNWEAKNESSES:0.5015294070731212
CE_PIECEACTIVITY:0.4888888057705514
CE_KINGPAWNSHIELD:0.5
CE_PIECECOORDINATION:0.5157187221751649
CE_MATERIAL:0.5187671807004707
CE_KINGSAFETY:0.5107872128540829
C_PIECESQUARETABLES:0.5100439395029008
C_MOBILITY:0.48886185230452484
C_KINGSAFETY:0.5028210007241796
C_PAWNSTRUCTURE:0.51366597552571
C_PIECECOORDINATION:0.5068459208916024
C_ROOKANDPAWNMOVEMENT:0.5068459208916024
C_CENTERCONTROL:0.5092997427852135
C_DEVELOPPIECES:0.5
C_MATERIAL:0.5
C_MOVECOUNT:0.4879099074998841
