ELO:977
CE_PASSEDPAWNS:0.5037112900510842
CE_PAWNWEAKNESSES:0.48655273757930134
CE_PIECEACTIVITY:0.48704283291693107
CE_KINGPAWNSHIELD:0.4840498742051096
CE_PIECECOORDINATION:0.5053562768574014
CE_MATERIAL:0.5049154583586364
CE_KINGSAFETY:0.48769584665674515
C_PIECESQUARETABLES:0.5054217791629957
C_MOBILITY:0.4764363768719745
C_KINGSAFETY:0.5237600948058391
C_PAWNSTRUCTURE:0.4883909381983993
C_PIECECOORDINATION:0.49608652942842685
C_ROOKANDPAWNMOVEMENT:0.49608652942842685
C_CENTERCONTROL:0.5121188933445565
C_DEVELOPPIECES:0.48624823209146334
C_MATERIAL:0.4519235743004445
