ELO:966
CE_PASSEDPAWNS:0.502137182730165
CE_PAWNWEAKNESSES:0.49056488171926477
CE_PIECEACTIVITY:0.49181349303177796
CE_KINGPAWNSHIELD:0.4927454548582075
CE_PIECECOORDINATION:0.5004102911061472
CE_MATERIAL:0.4925729517495366
CE_KINGSAFETY:0.4652457299290963
C_PIECESQUARETABLES:0.5002847461842811
C_MOBILITY:0.510417670057226
C_KINGSAFETY:0.4962438460097502
C_PAWNSTRUCTURE:0.5008733920050555
C_PIECECOORDINATION:0.4938717303569158
C_ROOKANDPAWNMOVEMENT:0.4938717303569158
C_CENTERCONTROL:0.46438699563732755
C_DEVELOPPIECES:0.5214264354669598
C_MATERIAL:0.49761123831964227
C_MOVECOUNT:0.4658660938917412
