ELO:888
CE_PASSEDPAWNS:0.4769951242300637
CE_PAWNWEAKNESSES:0.3362675048756683
CE_PIECEACTIVITY:0.464188189380142
CE_KINGPAWNSHIELD:0.5152508606020103
CE_PIECECOORDINATION:0.6029337573070357
CE_MATERIAL:0.4936564396716722
CE_KINGSAFETY:0.5037796530180665
C_PIECESQUARETABLES:0.4895937020481463
C_MOBILITY:0.5418213605111764
C_KINGSAFETY:0.5514694104371093
C_PAWNSTRUCTURE:0.4326697933197932
C_PIECECOORDINATION:0.5438772168259065
C_ROOKANDPAWNMOVEMENT:0.5438772168259065
C_CENTERCONTROL:0.4880008630537025
C_DEVELOPPIECES:0.5296957290941822
C_MATERIAL:0.5025441198470079
