ELO:1031
CE_PASSEDPAWNS:0.5079416956845688
CE_PAWNWEAKNESSES:0.50176459996553
CE_PIECEACTIVITY:0.5
CE_KINGPAWNSHIELD:0.5030267285573115
CE_PIECECOORDINATION:0.50234607234514
CE_MATERIAL:0.49704710731628915
CE_KINGSAFETY:0.5180812230247698
C_PIECESQUARETABLES:0.5034577028682816
C_MOBILITY:0.4839431395825287
C_KINGSAFETY:0.503908759147926
C_PAWNSTRUCTURE:0.49479021843701837
C_PIECECOORDINATION:0.5127926256547507
C_ROOKANDPAWNMOVEMENT:0.5127926256547507
C_CENTERCONTROL:0.5
C_DEVELOPPIECES:0.5167552301442582
C_MATERIAL:0.48814034019724695
C_MOVECOUNT:0.5
