ELO:873
CE_PASSEDPAWNS:0.4745809825740744
CE_PAWNWEAKNESSES:0.33537092894117365
CE_PIECEACTIVITY:0.44479329619590036
CE_KINGPAWNSHIELD:0.5174805318308549
CE_PIECECOORDINATION:0.5925375717019153
CE_MATERIAL:0.5005018780272178
CE_KINGSAFETY:0.5118074671692137
C_PIECESQUARETABLES:0.49467058213642245
C_MOBILITY:0.5578608787913741
C_KINGSAFETY:0.5440025905699575
C_PAWNSTRUCTURE:0.43862029957313436
C_PIECECOORDINATION:0.546750946538293
C_ROOKANDPAWNMOVEMENT:0.546750946538293
C_CENTERCONTROL:0.4880008630537025
C_DEVELOPPIECES:0.5251106047276696
C_MATERIAL:0.4959515001936114
