ELO:1000
CE_PASSEDPAWNS:0.4956480955412582
CE_PAWNWEAKNESSES:0.47632567781717705
CE_PIECEACTIVITY:0.49665745080151835
CE_KINGPAWNSHIELD:0.47883980797360154
CE_PIECECOORDINATION:0.48251236065227626
CE_MATERIAL:0.4937127586680975
CE_KINGSAFETY:0.4781985623115125
C_PIECESQUARETABLES:0.5324349910329544
C_MOBILITY:0.48647012166021464
C_KINGSAFETY:0.48087951707029264
C_PAWNSTRUCTURE:0.5452934077897398
C_PIECECOORDINATION:0.497547437346366
C_ROOKANDPAWNMOVEMENT:0.497547437346366
C_CENTERCONTROL:0.4837190990932093
C_DEVELOPPIECES:0.5004900919638704
C_MATERIAL:0.49290994142729183
