ELO:982
CE_PASSEDPAWNS:0.4951187722950108
CE_PAWNWEAKNESSES:0.4901493889648161
CE_PIECEACTIVITY:0.5103660937746946
CE_KINGPAWNSHIELD:0.5067468421987216
CE_PIECECOORDINATION:0.4930979787386111
CE_MATERIAL:0.5118934341494673
CE_KINGSAFETY:0.5
C_PIECESQUARETABLES:0.5
C_MOBILITY:0.5323010907321306
C_KINGSAFETY:0.5124614959055915
C_PAWNSTRUCTURE:0.5109552866725772
C_PIECECOORDINATION:0.5080122071766696
C_ROOKANDPAWNMOVEMENT:0.5080122071766696
C_CENTERCONTROL:0.48595796270285624
C_DEVELOPPIECES:0.5
C_MATERIAL:0.496340242044006
C_MOVECOUNT:0.5104804863317024
