ELO:916
CE_PASSEDPAWNS:0.5501526553135592
CE_PAWNWEAKNESSES:0.5611207233555374
CE_PIECEACTIVITY:0.48922216718226935
CE_KINGPAWNSHIELD:0.5381313802516922
CE_PIECECOORDINATION:0.3928320547768793
CE_MATERIAL:0.5865405290296851
CE_KINGSAFETY:0.49444371008028243
C_PIECESQUARETABLES:0.4617311025559848
C_MOBILITY:0.5105945320133272
C_KINGSAFETY:0.4010963804687373
C_PAWNSTRUCTURE:0.6427503642076352
C_PIECECOORDINATION:0.5357660296531833
C_ROOKANDPAWNMOVEMENT:0.5357660296531833
C_CENTERCONTROL:0.5137092464111962
C_DEVELOPPIECES:0.45552260161294444
C_MATERIAL:0.5346746311115018
