ELO:1006
CE_PASSEDPAWNS:0.48079153275857217
CE_PAWNWEAKNESSES:0.5104284357641079
CE_PIECEACTIVITY:0.4998863110117683
CE_KINGPAWNSHIELD:0.5169284731115755
CE_PIECECOORDINATION:0.5080914704824406
CE_MATERIAL:0.5164006478356136
CE_KINGSAFETY:0.49259856013729714
C_PIECESQUARETABLES:0.4922056763911758
C_MOBILITY:0.5063691349577245
C_KINGSAFETY:0.5037736504157492
C_PAWNSTRUCTURE:0.5014195538812061
C_PIECECOORDINATION:0.49372236832745814
C_ROOK:0.4795547308935071
CE_ROOK:0.5007881697631924
C_CENTERCONTROL:0.4793325505168307
C_DEVELOPPIECES:0.5008412568390144
C_MATERIAL:0.4847895106457342
C_MOVECOUNT:0.515563985956428
C_PAWNMOVEMENT:0.465272860463675
