ELO:945
CE_PASSEDPAWNS:0.5070385903799031
CE_PAWNWEAKNESSES:0.5520834725295644
CE_PIECEACTIVITY:0.5131496644036384
CE_KINGPAWNSHIELD:0.5040158696825506
CE_PIECECOORDINATION:0.48817939011106876
CE_MATERIAL:0.5211458361672021
CE_KINGSAFETY:0.49088605324924417
C_PIECESQUARETABLES:0.4433583787944057
C_MOBILITY:0.491923244418044
C_KINGSAFETY:0.5229158483605257
C_PAWNSTRUCTURE:0.5
C_PIECECOORDINATION:0.469350364468268
C_ROOKANDPAWNMOVEMENT:0.469350364468268
C_CENTERCONTROL:0.49815921292725956
C_DEVELOPPIECES:0.5296930471196718
C_MATERIAL:0.5702781438485985
C_MOVECOUNT:0.5
