ELO:910
CE_PASSEDPAWNS:0.5800882998059441
CE_PAWNWEAKNESSES:0.5364258098574449
CE_PIECEACTIVITY:0.500806733361071
CE_KINGPAWNSHIELD:0.48828845032773127
CE_PIECECOORDINATION:0.36539909231949586
CE_MATERIAL:0.5887075306010785
CE_KINGSAFETY:0.5032098992332297
C_PIECESQUARETABLES:0.46884586430385355
C_MOBILITY:0.5004347883060649
C_KINGSAFETY:0.366810940812145
C_PAWNSTRUCTURE:0.6806795494083161
C_PIECECOORDINATION:0.5421956448409987
C_ROOKANDPAWNMOVEMENT:0.5421956448409987
C_CENTERCONTROL:0.565302012518017
C_DEVELOPPIECES:0.48565939213482234
C_MATERIAL:0.5117931621181957
