ELO:923
CE_PASSEDPAWNS:0.44842142000237245
CE_PAWNWEAKNESSES:0.4841178024897012
CE_PIECEACTIVITY:0.46098566196239044
CE_KINGPAWNSHIELD:0.4863637668682638
CE_PIECECOORDINATION:0.4872655757089246
CE_MATERIAL:0.5248669686180892
CE_KINGSAFETY:0.4973004358928369
C_PIECESQUARETABLES:0.5
C_MOBILITY:0.5318699028967485
C_KINGSAFETY:0.4486645912189188
C_PAWNSTRUCTURE:0.48909884005886206
C_PIECECOORDINATION:0.5170313464605484
C_ROOK:0.5167710366369498
CE_ROOK:0.4734876598193357
C_CENTERCONTROL:0.48235713888576404
C_DEVELOPPIECES:0.5137084838260131
C_MATERIAL:0.4826502947542528
C_MOVECOUNT:0.4765994791723268
C_PAWNMOVEMENT:0.44882935068769886
