ELO:967
CE_PASSEDPAWNS:0.46017391079094716
CE_PAWNWEAKNESSES:0.3689934807941092
CE_PIECEACTIVITY:0.4517610466884594
CE_KINGPAWNSHIELD:0.48905276315548407
CE_PIECECOORDINATION:0.5744138884358945
CE_MATERIAL:0.4822511990369743
CE_KINGSAFETY:0.4920234794109258
C_PIECESQUARETABLES:0.5122667275101687
C_MOBILITY:0.5419535228624373
C_KINGSAFETY:0.5837603554611147
C_PAWNSTRUCTURE:0.41263653982112425
C_PIECECOORDINATION:0.5802635370448963
C_ROOKANDPAWNMOVEMENT:0.5802635370448963
C_CENTERCONTROL:0.49806241557219183
C_DEVELOPPIECES:0.4841694488682335
C_MATERIAL:0.5678840922520763
