ELO:904
CE_PASSEDPAWNS:0.473163654798705
CE_PAWNWEAKNESSES:0.3744828063920917
CE_PIECEACTIVITY:0.4267864748067337
CE_KINGPAWNSHIELD:0.5037334942935424
CE_PIECECOORDINATION:0.6282899354014171
CE_MATERIAL:0.5616188420867286
CE_KINGSAFETY:0.4971044837396569
C_PIECESQUARETABLES:0.5001317882122415
C_MOBILITY:0.5528998951764619
C_KINGSAFETY:0.5186983807408551
C_PAWNSTRUCTURE:0.4189891296606068
C_PIECECOORDINATION:0.5885130756925704
C_ROOKANDPAWNMOVEMENT:0.5885130756925704
C_CENTERCONTROL:0.478803072904364
C_DEVELOPPIECES:0.5713620434989031
C_MATERIAL:0.535054033446868
