ELO:1000
CE_PASSEDPAWNS:0.49704234136063347
CE_PAWNWEAKNESSES:0.4750029231859122
CE_PIECEACTIVITY:0.5123554655775424
CE_KINGPAWNSHIELD:0.47883980797360154
CE_PIECECOORDINATION:0.49104241928068987
CE_MATERIAL:0.4834571611994276
CE_KINGSAFETY:0.5058207245214501
C_PIECESQUARETABLES:0.5324349910329544
C_MOBILITY:0.4936102615847799
C_KINGSAFETY:0.4982341218080239
C_PAWNSTRUCTURE:0.5335730959932388
C_PIECECOORDINATION:0.48723213785906505
C_ROOKANDPAWNMOVEMENT:0.48723213785906505
C_CENTERCONTROL:0.47640750348290456
C_DEVELOPPIECES:0.49079583717411773
C_MATERIAL:0.49290994142729183
