ELO:923
CE_PASSEDPAWNS:0.5100982097710616
CE_PAWNWEAKNESSES:0.5590263765930022
CE_PIECEACTIVITY:0.41797350778559766
CE_KINGPAWNSHIELD:0.5862106628147545
CE_PIECECOORDINATION:0.5492213867079188
CE_MATERIAL:0.47642319344619205
CE_KINGSAFETY:0.4879490826515778
C_PIECESQUARETABLES:0.5616825771775534
C_MOBILITY:0.4637101785975175
C_KINGSAFETY:0.47212456471418235
C_PAWNSTRUCTURE:0.5171244076733257
C_PIECECOORDINATION:0.5482058530605629
C_ROOKANDPAWNMOVEMENT:0.5482058530605629
C_CENTERCONTROL:0.4548403281851056
C_DEVELOPPIECES:0.3950066309256781
C_MATERIAL:0.5129639385145913
