ELO:1030
CE_PASSEDPAWNS:0.5
CE_PAWNWEAKNESSES:0.5
CE_PIECEACTIVITY:0.5075674419022992
CE_KINGPAWNSHIELD:0.5044418452912949
CE_PIECECOORDINATION:0.4955795626817783
CE_MATERIAL:0.5
CE_KINGSAFETY:0.5
C_PIECESQUARETABLES:0.4919944525162408
C_MOBILITY:0.4911321836831507
C_KINGSAFETY:0.49479302285051424
C_PAWNSTRUCTURE:0.5
C_PIECECOORDINATION:0.5
C_ROOKANDPAWNMOVEMENT:0.5
C_CENTERCONTROL:0.5000448322649048
C_DEVELOPPIECES:0.5
C_MATERIAL:0.5
C_MOVECOUNT:0.5
