ELO:773
CE_PASSEDPAWNS:0.5334473146954836
CE_PAWNWEAKNESSES:0.463867135272162
CE_PIECEACTIVITY:0.5256881522534407
CE_KINGPAWNSHIELD:0.5345404197233377
CE_PIECECOORDINATION:0.5146275928071506
CE_MATERIAL:0.5225860746647508
CE_KINGSAFETY:0.5273962887127733
C_PIECESQUARETABLES:0.5005462518189691
C_MOBILITY:0.40165380894210717
C_KINGSAFETY:0.45090489288903524
C_PAWNSTRUCTURE:0.5057081012964999
C_PIECECOORDINATION:0.49231677815901204
C_ROOKANDPAWNMOVEMENT:0.49231677815901204
C_CENTERCONTROL:0.5068516932451812
C_DEVELOPPIECES:0.4981494231808633
C_MATERIAL:0.5249776429732254
C_MOVECOUNT:0.5767544766186246
