ELO:997
CE_PASSEDPAWNS:0.501480379751179
CE_PAWNWEAKNESSES:0.5105313216047326
CE_PIECEACTIVITY:0.5
CE_KINGPAWNSHIELD:0.5316632181253405
CE_PIECECOORDINATION:0.49753081929700355
CE_MATERIAL:0.510598050612396
CE_KINGSAFETY:0.4608859808229528
C_PIECESQUARETABLES:0.4932035460651089
C_MOBILITY:0.4935578397206249
C_KINGSAFETY:0.49669245118303307
C_PAWNSTRUCTURE:0.4580272355406902
C_PIECECOORDINATION:0.5104009314281046
C_ROOK:0.5
CE_ROOK:0.4906972507617959
C_CENTERCONTROL:0.49873993515126147
C_DEVELOPPIECES:0.5202841451521844
C_MATERIAL:0.5120577370423623
C_MOVECOUNT:0.48624309929620707
C_PAWNMOVEMENT:0.49226887351528414
