ELO:853
CE_PASSEDPAWNS:0.5276045309486365
CE_PAWNWEAKNESSES:0.4639836644032942
CE_PIECEACTIVITY:0.5082369710113054
CE_KINGPAWNSHIELD:0.5153958915700916
CE_PIECECOORDINATION:0.5242536331091678
CE_MATERIAL:0.5272556268105646
CE_KINGSAFETY:0.5304233237879574
C_PIECESQUARETABLES:0.4880031238640636
C_MOBILITY:0.4242891417161998
C_KINGSAFETY:0.4557457802258671
C_PAWNSTRUCTURE:0.5209387159575475
C_PIECECOORDINATION:0.49406971590760196
C_ROOKANDPAWNMOVEMENT:0.49406971590760196
C_CENTERCONTROL:0.48849617499418924
C_DEVELOPPIECES:0.4869297057190291
C_MATERIAL:0.5301360765760371
C_MOVECOUNT:0.5897635032690729
