ELO:945
CE_PASSEDPAWNS:0.4611683914917683
CE_PAWNWEAKNESSES:0.346477179641469
CE_PIECEACTIVITY:0.4927423839994916
CE_KINGPAWNSHIELD:0.49677337188273457
CE_PIECECOORDINATION:0.5937658139991494
CE_MATERIAL:0.5112975842698704
CE_KINGSAFETY:0.500197327574149
C_PIECESQUARETABLES:0.5301640541544859
C_MOBILITY:0.5252258813419359
C_KINGSAFETY:0.5496945904669387
C_PAWNSTRUCTURE:0.4234522594711163
C_PIECECOORDINATION:0.5419420217687171
C_ROOKANDPAWNMOVEMENT:0.5419420217687171
C_CENTERCONTROL:0.479610896089715
C_DEVELOPPIECES:0.5162240006540011
C_MATERIAL:0.5147209635792815
