ELO:1007
CE_PASSEDPAWNS:0.4377952471982774
CE_PAWNWEAKNESSES:0.4559220945185799
CE_PIECEACTIVITY:0.5350474262973133
CE_KINGPAWNSHIELD:0.4933225775055479
CE_PIECECOORDINATION:0.5214793142176362
CE_MATERIAL:0.5348080342091811
CE_KINGSAFETY:0.5322814667070582
C_PIECESQUARETABLES:0.4830090836993103
C_MOBILITY:0.5101968912770709
C_KINGSAFETY:0.5143077489730965
C_PAWNSTRUCTURE:0.4761876288049558
C_PIECECOORDINATION:0.5
C_ROOKANDPAWNMOVEMENT:0.5
C_CENTERCONTROL:0.4750590818385355
C_DEVELOPPIECES:0.49195625245756447
C_MATERIAL:0.4731927105519797
C_MOVECOUNT:0.5
