ELO:1000
CE_PASSEDPAWNS:0.5053567251373888
CE_PAWNWEAKNESSES:0.48619500398257165
CE_PIECEACTIVITY:0.4863187989280612
CE_KINGPAWNSHIELD:0.5086839502234766
CE_PIECECOORDINATION:0.47319653689988495
CE_MATERIAL:0.47701099228229954
CE_KINGSAFETY:0.4988975506037313
C_PIECESQUARETABLES:0.4853431034550735
C_MOBILITY:0.5149626751249322
C_KINGSAFETY:0.4889418621601578
C_PAWNSTRUCTURE:0.4823181274549086
C_PIECECOORDINATION:0.5021324220704977
C_ROOKANDPAWNMOVEMENT:0.5021324220704977
C_CENTERCONTROL:0.4911900144045997
C_DEVELOPPIECES:0.4756227973290831
C_MATERIAL:0.4978121179562755
