ELO:1000
CE_PASSEDPAWNS:0.5013110064906353
CE_PAWNWEAKNESSES:0.5
CE_PIECEACTIVITY:0.4998863110117683
CE_KINGPAWNSHIELD:0.5000032361263873
CE_PIECECOORDINATION:0.5092429845604144
CE_MATERIAL:0.5
CE_KINGSAFETY:0.49746229978464035
C_PIECESQUARETABLES:0.5111019842900051
C_MOBILITY:0.491061057426578
C_KINGSAFETY:0.49466627255764073
C_PAWNSTRUCTURE:0.5080127534266468
C_PIECECOORDINATION:0.5
C_ROOK:0.5076676811469772
CE_ROOK:0.5082750814890281
C_CENTERCONTROL:0.5
C_DEVELOPPIECES:0.5
C_MATERIAL:0.48231018246346435
C_MOVECOUNT:0.5071531257374768
C_PAWNMOVEMENT:0.4937994512057831
