ELO:1016
CE_PASSEDPAWNS:0.5757810945697331
CE_PAWNWEAKNESSES:0.48243012287708625
CE_PIECEACTIVITY:0.4364126324435064
CE_KINGPAWNSHIELD:0.5286586291199291
CE_PIECECOORDINATION:0.48615510455840516
CE_MATERIAL:0.4553211147870941
CE_KINGSAFETY:0.4565984188373888
C_PIECESQUARETABLES:0.4686589351867933
C_MOBILITY:0.41977937387923575
C_KINGSAFETY:0.54428114658982
C_PAWNSTRUCTURE:0.4643823903730586
C_PIECECOORDINATION:0.47653096019380825
C_ROOKANDPAWNMOVEMENT:0.47653096019380825
C_CENTERCONTROL:0.49845576290799093
C_DEVELOPPIECES:0.5811707807670471
C_MATERIAL:0.4290329403964389
