ELO:994
CE_PASSEDPAWNS:0.5362748856531925
CE_PAWNWEAKNESSES:0.4873543279170499
CE_PIECEACTIVITY:0.47587842415665976
CE_KINGPAWNSHIELD:0.506955121581896
CE_PIECECOORDINATION:0.49189058845072914
CE_MATERIAL:0.5030925672842173
CE_KINGSAFETY:0.47642817369884294
C_PIECESQUARETABLES:0.5036037185325627
C_MOBILITY:0.42159232466521773
C_KINGSAFETY:0.486173776974595
C_PAWNSTRUCTURE:0.6015093369901665
C_PIECECOORDINATION:0.4989017284384483
C_ROOKANDPAWNMOVEMENT:0.4989017284384483
C_CENTERCONTROL:0.517425963133408
C_DEVELOPPIECES:0.43825211288855376
C_MATERIAL:0.4920584904848302
