ELO:957
CE_PASSEDPAWNS:0.5206569888154141
CE_PAWNWEAKNESSES:0.4690449423997046
CE_PIECEACTIVITY:0.48478689299616734
CE_KINGPAWNSHIELD:0.4976952116041013
CE_PIECECOORDINATION:0.4984307697838758
CE_MATERIAL:0.5024427595025885
CE_KINGSAFETY:0.5042450661501348
C_PIECESQUARETABLES:0.5
C_MOBILITY:0.49443026794078565
C_KINGSAFETY:0.519890993401672
C_PAWNSTRUCTURE:0.4937421222161377
C_PIECECOORDINATION:0.5192087189731834
C_ROOKANDPAWNMOVEMENT:0.5192087189731834
C_CENTERCONTROL:0.5
C_DEVELOPPIECES:0.5091504350603766
C_MATERIAL:0.5166521791617533
C_MOVECOUNT:0.49144248561600723
