ELO:969
CE_PASSEDPAWNS:0.4633055942368119
CE_PAWNWEAKNESSES:0.38254435521271946
CE_PIECEACTIVITY:0.46923773928086926
CE_KINGPAWNSHIELD:0.48547917475826924
CE_PIECECOORDINATION:0.5720676576065464
CE_MATERIAL:0.4808367039746896
CE_KINGSAFETY:0.4828314390826263
C_PIECESQUARETABLES:0.5062383806633691
C_MOBILITY:0.5330652768200996
C_KINGSAFETY:0.591271510908471
C_PAWNSTRUCTURE:0.4119435859824314
C_PIECECOORDINATION:0.5502623105905222
C_ROOKANDPAWNMOVEMENT:0.5502623105905222
C_CENTERCONTROL:0.5181069714159471
C_DEVELOPPIECES:0.4872117752694034
C_MATERIAL:0.5689277167425422
