ELO:910
CE_PASSEDPAWNS:0.5989796838418944
CE_PAWNWEAKNESSES:0.5555149534551558
CE_PIECEACTIVITY:0.4993159687002308
CE_KINGPAWNSHIELD:0.5059523316134261
CE_PIECECOORDINATION:0.3671433385536992
CE_MATERIAL:0.5487007094460014
CE_KINGSAFETY:0.4714384814039611
C_PIECESQUARETABLES:0.49342922001311057
C_MOBILITY:0.5048945785051782
C_KINGSAFETY:0.3756346558484525
C_PAWNSTRUCTURE:0.7219334720359947
C_PIECECOORDINATION:0.5559829360280757
C_ROOKANDPAWNMOVEMENT:0.5559829360280757
C_CENTERCONTROL:0.5613773768428331
C_DEVELOPPIECES:0.5080075285420492
C_MATERIAL:0.4716454518994651
