ELO:1000
CE_PASSEDPAWNS:0.5036890306402028
CE_PAWNWEAKNESSES:0.479676659777871
CE_PIECEACTIVITY:0.5048324885006744
CE_KINGPAWNSHIELD:0.49516988558753045
CE_PIECECOORDINATION:0.49531316065392855
CE_MATERIAL:0.4792943762891418
CE_KINGSAFETY:0.5062248782785013
C_PIECESQUARETABLES:0.5165941108972144
C_MOBILITY:0.5167216278240003
C_KINGSAFETY:0.49927344245714284
C_PAWNSTRUCTURE:0.5203166901245134
C_PIECECOORDINATION:0.48106554350490777
C_ROOKANDPAWNMOVEMENT:0.48106554350490777
C_CENTERCONTROL:0.49637654941888343
C_DEVELOPPIECES:0.4982537065196491
C_MATERIAL:0.5015469747084728
