ELO:1000
CE_PASSEDPAWNS:0.4654750837935237
CE_PAWNWEAKNESSES:0.4015796715676898
CE_PIECEACTIVITY:0.49154211020910843
CE_KINGPAWNSHIELD:0.5119045282024998
CE_PIECECOORDINATION:0.5041461499275859
CE_MATERIAL:0.4889847344884578
CE_KINGSAFETY:0.5109751032806672
C_PIECESQUARETABLES:0.5283571623041579
C_MOBILITY:0.5132371408483762
C_KINGSAFETY:0.5488332862206823
C_PAWNSTRUCTURE:0.4481581368532299
C_PIECECOORDINATION:0.5071835432897839
C_ROOKANDPAWNMOVEMENT:0.5071835432897839
C_CENTERCONTROL:0.5274825921308638
C_DEVELOPPIECES:0.4959944914577655
C_MATERIAL:0.5255030285510067
