ELO:992
CE_PASSEDPAWNS:0.5457345729423272
CE_PAWNWEAKNESSES:0.44542974891888637
CE_PIECEACTIVITY:0.5975814565428466
CE_KINGPAWNSHIELD:0.5599465954910741
CE_PIECECOORDINATION:0.43386762614120133
CE_MATERIAL:0.5256846715097648
CE_KINGSAFETY:0.5
C_PIECESQUARETABLES:0.4986589598176624
C_MOBILITY:0.5089321460513166
C_KINGSAFETY:0.5555396845641076
C_PAWNSTRUCTURE:0.49849190732822496
C_PIECECOORDINATION:0.5350567576815112
C_ROOKANDPAWNMOVEMENT:0.5350567576815112
C_CENTERCONTROL:0.3976101602692124
C_DEVELOPPIECES:0.5067495606305472
C_MATERIAL:0.5756012265842274
