ELO:971
CE_PASSEDPAWNS:0.4593391444441041
CE_PAWNWEAKNESSES:0.38321795113303886
CE_PIECEACTIVITY:0.46923773928086926
CE_KINGPAWNSHIELD:0.4969739302063551
CE_PIECECOORDINATION:0.5720676576065464
CE_MATERIAL:0.4808367039746896
CE_KINGSAFETY:0.47526951342996837
C_PIECESQUARETABLES:0.4948174559309683
C_MOBILITY:0.5218272147930071
C_KINGSAFETY:0.5925689413537402
C_PAWNSTRUCTURE:0.4184643854519029
C_PIECECOORDINATION:0.5621756448061832
C_ROOKANDPAWNMOVEMENT:0.5621756448061832
C_CENTERCONTROL:0.5283291394972975
C_DEVELOPPIECES:0.49032312468856437
C_MATERIAL:0.5508098887679123
