ELO:1009
CE_PASSEDPAWNS:0.4930606491233163
CE_PAWNWEAKNESSES:0.4949374420748937
CE_PIECEACTIVITY:0.4890429631900268
CE_KINGPAWNSHIELD:0.4955419174468468
CE_PIECECOORDINATION:0.5009427473807805
CE_MATERIAL:0.5245257051934227
CE_KINGSAFETY:0.5
C_PIECESQUARETABLES:0.5
C_MOBILITY:0.49924117268537715
C_KINGSAFETY:0.5240590034009495
C_PAWNSTRUCTURE:0.5014195538812061
C_PIECECOORDINATION:0.5082753113970758
C_ROOK:0.48972282289415386
CE_ROOK:0.49202658967144863
C_CENTERCONTROL:0.5096254495975724
C_DEVELOPPIECES:0.5157819092913437
C_MATERIAL:0.5070120265577509
C_MOVECOUNT:0.47689845474745257
C_PAWNMOVEMENT:0.46990389709928526
