ELO:1030
CE_PASSEDPAWNS:0.5
CE_PAWNWEAKNESSES:0.4942356794598048
CE_PIECEACTIVITY:0.5
CE_KINGPAWNSHIELD:0.4771520158035301
CE_PIECECOORDINATION:0.5005801800522086
CE_MATERIAL:0.49601964679607874
CE_KINGSAFETY:0.4863842042973446
C_PIECESQUARETABLES:0.5021478746690393
C_MOBILITY:0.5
C_KINGSAFETY:0.5
C_PAWNSTRUCTURE:0.5103405484598181
C_PIECECOORDINATION:0.5034572360014862
C_ROOKANDPAWNMOVEMENT:0.5034572360014862
C_CENTERCONTROL:0.4968289143882078
C_DEVELOPPIECES:0.4995319578281024
C_MATERIAL:0.49777480280566294
