ELO:921
CE_PASSEDPAWNS:0.5544780477264115
CE_PAWNWEAKNESSES:0.5930520658111559
CE_PIECEACTIVITY:0.4830358033550617
CE_KINGPAWNSHIELD:0.5381313802516922
CE_PIECECOORDINATION:0.3913948264311983
CE_MATERIAL:0.5552896912613997
CE_KINGSAFETY:0.504285225060224
C_PIECESQUARETABLES:0.47836610775357596
C_MOBILITY:0.5029738874182074
C_KINGSAFETY:0.4112322723524386
C_PAWNSTRUCTURE:0.6459135132918163
C_PIECECOORDINATION:0.5409305290426367
C_ROOKANDPAWNMOVEMENT:0.5409305290426367
C_CENTERCONTROL:0.48478205749019987
C_DEVELOPPIECES:0.45073100635855884
C_MATERIAL:0.5368782360315708
