ELO:919
CE_PASSEDPAWNS:0.5073845413477496
CE_PAWNWEAKNESSES:0.542715274272395
CE_PIECEACTIVITY:0.5243177560165126
CE_KINGPAWNSHIELD:0.5234091682264036
CE_PIECECOORDINATION:0.5049807056414664
CE_MATERIAL:0.4918481520177374
CE_KINGSAFETY:0.4986007979902239
C_PIECESQUARETABLES:0.5047247639344274
C_MOBILITY:0.48622829919801586
C_KINGSAFETY:0.5358694078979072
C_PAWNSTRUCTURE:0.5205154011376059
C_PIECECOORDINATION:0.4704510647942652
C_ROOKANDPAWNMOVEMENT:0.4704510647942652
C_CENTERCONTROL:0.5016308049735908
C_DEVELOPPIECES:0.49874063033351695
C_MATERIAL:0.5037868722251346
C_MOVECOUNT:0.5
