ELO:983
CE_PASSEDPAWNS:0.4890381338620301
CE_PAWNWEAKNESSES:0.5047881512003292
CE_PIECEACTIVITY:0.4998863110117683
CE_KINGPAWNSHIELD:0.5113709501582318
CE_PIECECOORDINATION:0.5058741517903574
CE_MATERIAL:0.5363590671858699
CE_KINGSAFETY:0.5180555535713498
C_PIECESQUARETABLES:0.49423069290034816
C_MOBILITY:0.4940665695963977
C_KINGSAFETY:0.5041488197153637
C_PAWNSTRUCTURE:0.5019150040252555
C_PIECECOORDINATION:0.47364748034080867
C_ROOK:0.484584508296122
CE_ROOK:0.49787766367164454
C_CENTERCONTROL:0.5006015908925963
C_DEVELOPPIECES:0.5145651171711128
C_MATERIAL:0.4788264418077561
C_MOVECOUNT:0.515563985956428
C_PAWNMOVEMENT:0.46896662606417044
