ELO:915
CE_PASSEDPAWNS:0.4897197530227852
CE_PAWNWEAKNESSES:0.3744828063920917
CE_PIECEACTIVITY:0.44211069873538406
CE_KINGPAWNSHIELD:0.5155110036786251
CE_PIECECOORDINATION:0.6133369406760871
CE_MATERIAL:0.576115550458875
CE_KINGSAFETY:0.500354870633893
C_PIECESQUARETABLES:0.5193081478562144
C_MOBILITY:0.5569428727339134
C_KINGSAFETY:0.533211023235361
C_PAWNSTRUCTURE:0.41554186852133723
C_PIECECOORDINATION:0.584548788592373
C_ROOKANDPAWNMOVEMENT:0.584548788592373
C_CENTERCONTROL:0.4683362311809078
C_DEVELOPPIECES:0.5758110067405526
C_MATERIAL:0.5630293824357577
