ELO:945
CE_PASSEDPAWNS:0.5406671896761204
CE_PAWNWEAKNESSES:0.5033486175552873
CE_PIECEACTIVITY:0.5270080023443973
CE_KINGPAWNSHIELD:0.48871042208150695
CE_PIECECOORDINATION:0.5244151897244262
CE_MATERIAL:0.5613889438953286
CE_KINGSAFETY:0.5
C_PIECESQUARETABLES:0.5
C_MOBILITY:0.5247649959492093
C_KINGSAFETY:0.5088986470564598
C_PAWNSTRUCTURE:0.5024749751470392
C_PIECECOORDINATION:0.4927511615751444
C_ROOKANDPAWNMOVEMENT:0.4927511615751444
C_CENTERCONTROL:0.5025609542625653
C_DEVELOPPIECES:0.5097615713011403
C_MATERIAL:0.48571336028327433
C_MOVECOUNT:0.50841586894888
