ELO:974
CE_PASSEDPAWNS:0.5
CE_PAWNWEAKNESSES:0.5
CE_PIECEACTIVITY:0.5114779027883996
CE_KINGPAWNSHIELD:0.5065810483929246
CE_PIECECOORDINATION:0.48934151405350196
CE_MATERIAL:0.5084651710050344
CE_KINGSAFETY:0.5097262524444283
C_PIECESQUARETABLES:0.5040231705152223
C_MOBILITY:0.5004151251210389
C_KINGSAFETY:0.5
C_PAWNSTRUCTURE:0.5079643007472012
C_PIECECOORDINATION:0.5029283991715136
C_ROOKANDPAWNMOVEMENT:0.5029283991715136
C_CENTERCONTROL:0.5046577055949241
C_DEVELOPPIECES:0.48032595070280537
C_MATERIAL:0.5
C_MOVECOUNT:0.5
