ELO:1000
CE_PASSEDPAWNS:0.48608051260428387
CE_PAWNWEAKNESSES:0.512852003655275
CE_PIECEACTIVITY:0.5199861082139761
CE_KINGPAWNSHIELD:0.5005382724884372
CE_PIECECOORDINATION:0.5042212311011828
CE_MATERIAL:0.5097454341017318
CE_KINGSAFETY:0.47267157030549245
C_PIECESQUARETABLES:0.5366056921771926
C_MOBILITY:0.4932327437635482
C_KINGSAFETY:0.5198839418849559
C_PAWNSTRUCTURE:0.48927666916547397
C_PIECECOORDINATION:0.4545541902041119
C_ROOKANDPAWNMOVEMENT:0.4545541902041119
C_CENTERCONTROL:0.5441089089780313
C_DEVELOPPIECES:0.43983924896365745
C_MATERIAL:0.4680554658582679
