ELO:970
CE_PASSEDPAWNS:0.49157582353194046
CE_PAWNWEAKNESSES:0.4914877483613465
CE_PIECEACTIVITY:0.5335942108275165
CE_KINGPAWNSHIELD:0.5275872865491307
CE_PIECECOORDINATION:0.47822658555226893
CE_MATERIAL:0.5162229756703192
CE_KINGSAFETY:0.5558932894718815
C_PIECESQUARETABLES:0.48703810366162387
C_MOBILITY:0.44591043648146644
C_KINGSAFETY:0.4262077796838429
C_PAWNSTRUCTURE:0.5778690963372822
C_PIECECOORDINATION:0.4382659171718295
C_ROOKANDPAWNMOVEMENT:0.4382659171718295
C_CENTERCONTROL:0.6103565022093359
C_DEVELOPPIECES:0.3983362539570314
C_MATERIAL:0.49074989762588145
