ELO:922
CE_PASSEDPAWNS:0.5019581899996683
CE_PAWNWEAKNESSES:0.5311115027493432
CE_PIECEACTIVITY:0.546455567994764
CE_KINGPAWNSHIELD:0.5440604379007736
CE_PIECECOORDINATION:0.5155536691491159
CE_MATERIAL:0.4964309745522036
CE_KINGSAFETY:0.5257341365987043
C_PIECESQUARETABLES:0.5065399552525036
C_MOBILITY:0.46123258786805416
C_KINGSAFETY:0.44015833465577875
C_PAWNSTRUCTURE:0.49734231529092887
C_PIECECOORDINATION:0.4633215099163865
C_ROOKANDPAWNMOVEMENT:0.4633215099163865
C_CENTERCONTROL:0.5932889079586404
C_DEVELOPPIECES:0.40789005225067265
C_MATERIAL:0.47056777605294425
