ELO:1000
CE_PASSEDPAWNS:0.4917037699098924
CE_PAWNWEAKNESSES:0.5011177448772757
CE_PIECEACTIVITY:0.5144735135668983
CE_KINGPAWNSHIELD:0.5027894880070728
CE_PIECECOORDINATION:0.49242567499083467
CE_MATERIAL:0.513161261182859
CE_KINGSAFETY:0.4790249233819583
C_PIECESQUARETABLES:0.5307419425862726
C_MOBILITY:0.4836083946191476
C_KINGSAFETY:0.5260310926378402
C_PAWNSTRUCTURE:0.4771381332847273
C_PIECECOORDINATION:0.45971840882577725
C_ROOKANDPAWNMOVEMENT:0.45971840882577725
C_CENTERCONTROL:0.5321503554056364
C_DEVELOPPIECES:0.450696761575466
C_MATERIAL:0.4680554658582679
