ELO:994
CE_PASSEDPAWNS:0.5100518794434225
CE_PAWNWEAKNESSES:0.45075705148550804
CE_PIECEACTIVITY:0.5812730909049908
CE_KINGPAWNSHIELD:0.4955309886139007
CE_PIECECOORDINATION:0.4811989440273128
CE_MATERIAL:0.5639577469295083
CE_KINGSAFETY:0.4909779082778094
C_PIECESQUARETABLES:0.49944939357884355
C_MOBILITY:0.4481905221032457
C_KINGSAFETY:0.492342325225323
C_PAWNSTRUCTURE:0.5329590622870386
C_PIECECOORDINATION:0.41687835636621223
C_ROOKANDPAWNMOVEMENT:0.41687835636621223
C_CENTERCONTROL:0.5869423161101307
C_DEVELOPPIECES:0.3915959512997384
C_MATERIAL:0.5148624802212314
