ELO:894
CE_PASSEDPAWNS:0.5285017017112202
CE_PAWNWEAKNESSES:0.5332798213284345
CE_PIECEACTIVITY:0.47899190144209997
CE_KINGPAWNSHIELD:0.5351489551403394
CE_PIECECOORDINATION:0.5040240995456392
CE_MATERIAL:0.5027698153759532
CE_KINGSAFETY:0.4987891593576096
C_PIECESQUARETABLES:0.5128244644864707
C_MOBILITY:0.4368213122223902
C_KINGSAFETY:0.42762696817936724
C_PAWNSTRUCTURE:0.5102781076013169
C_PIECECOORDINATION:0.4745311824259434
C_ROOKANDPAWNMOVEMENT:0.4745311824259434
C_CENTERCONTROL:0.5740988648499402
C_DEVELOPPIECES:0.40051258322609296
C_MATERIAL:0.5367465973702872
