ELO:1014
CE_PASSEDPAWNS:0.4606926550496171
CE_PAWNWEAKNESSES:0.45422690962718126
CE_PIECEACTIVITY:0.4631326617077439
CE_KINGPAWNSHIELD:0.5478404078498945
CE_PIECECOORDINATION:0.6085784288451896
CE_MATERIAL:0.4525441452980244
CE_KINGSAFETY:0.4336014026872109
C_PIECESQUARETABLES:0.4259097500230874
C_MOBILITY:0.45183925271832415
C_KINGSAFETY:0.5419634864562484
C_PAWNSTRUCTURE:0.5467737989012057
C_PIECECOORDINATION:0.5926526529785234
C_ROOKANDPAWNMOVEMENT:0.5926526529785234
C_CENTERCONTROL:0.4608526515373217
C_DEVELOPPIECES:0.393455367946189
C_MATERIAL:0.5766137073988431
