ELO:978
CE_PASSEDPAWNS:0.5
CE_PAWNWEAKNESSES:0.5
CE_PIECEACTIVITY:0.5295796344175573
CE_KINGPAWNSHIELD:0.5184067949309793
CE_PIECECOORDINATION:0.49368739146329094
CE_MATERIAL:0.5111982591432729
CE_KINGSAFETY:0.4962632833140553
C_PIECESQUARETABLES:0.5
C_MOBILITY:0.48209961149271363
C_KINGSAFETY:0.5137697960281777
C_PAWNSTRUCTURE:0.5222466905479026
C_PIECECOORDINATION:0.4930207997013511
C_ROOKANDPAWNMOVEMENT:0.4930207997013511
C_CENTERCONTROL:0.4623879611409904
C_DEVELOPPIECES:0.48578019442900244
C_MATERIAL:0.5020156637445391
C_MOVECOUNT:0.5375307221104265
