ELO:937
CE_PASSEDPAWNS:0.5271217175209028
CE_PAWNWEAKNESSES:0.49864325970312207
CE_PIECEACTIVITY:0.4657539964089567
CE_KINGPAWNSHIELD:0.5016213964844524
CE_PIECECOORDINATION:0.5008230131737881
CE_MATERIAL:0.5035299933504057
CE_KINGSAFETY:0.5054094621854416
C_PIECESQUARETABLES:0.4942383156808124
C_MOBILITY:0.5171969410479051
C_KINGSAFETY:0.4996564034468077
C_PAWNSTRUCTURE:0.47981040422453264
C_PIECECOORDINATION:0.5072732490758719
C_ROOK:0.5033888394991527
CE_ROOK:0.5151996831070282
C_CENTERCONTROL:0.48189475486166006
C_DEVELOPPIECES:0.5351803512642559
C_MATERIAL:0.4522019696165035
C_MOVECOUNT:0.5206421420089514
C_PAWNMOVEMENT:0.5358421646672082
