ELO:993
CE_PASSEDPAWNS:0.49428523191600526
CE_PAWNWEAKNESSES:0.4876127442678697
CE_PIECEACTIVITY:0.49590550187919935
CE_KINGPAWNSHIELD:0.5054610173236201
CE_PIECECOORDINATION:0.4964899285105329
CE_MATERIAL:0.5011321342577587
CE_KINGSAFETY:0.4829050880047636
C_PIECESQUARETABLES:0.48548348843154815
C_MOBILITY:0.5154884093410723
C_KINGSAFETY:0.4867477673180468
C_PAWNSTRUCTURE:0.5065137963296464
C_PIECECOORDINATION:0.49682868696651994
C_ROOKANDPAWNMOVEMENT:0.49682868696651994
C_CENTERCONTROL:0.5048373803704054
C_DEVELOPPIECES:0.5049104226240722
C_MATERIAL:0.4873340424325845
