ELO:946
CE_PASSEDPAWNS:0.45255174079790994
CE_PAWNWEAKNESSES:0.49068585157646843
CE_PIECEACTIVITY:0.49776924763392133
CE_KINGPAWNSHIELD:0.5205198635874314
CE_PIECECOORDINATION:0.5109175272064429
CE_MATERIAL:0.48842088591216665
CE_KINGSAFETY:0.5432111560459386
C_PIECESQUARETABLES:0.5009387216810838
C_MOBILITY:0.5054059466458166
C_KINGSAFETY:0.5282534721426153
C_PAWNSTRUCTURE:0.5092799018601829
C_PIECECOORDINATION:0.5326595961992258
C_ROOKANDPAWNMOVEMENT:0.5326595961992258
C_CENTERCONTROL:0.5051509205838269
C_DEVELOPPIECES:0.5221733252402069
C_MATERIAL:0.50533197347529
C_MOVECOUNT:0.5
