ELO:969
CE_PASSEDPAWNS:0.4821971050938239
CE_PAWNWEAKNESSES:0.501201400590233
CE_PIECEACTIVITY:0.5294158016646617
CE_KINGPAWNSHIELD:0.5329841945230536
CE_PIECECOORDINATION:0.493537650248533
CE_MATERIAL:0.5022347701186337
CE_KINGSAFETY:0.48403986100550556
C_PIECESQUARETABLES:0.5086869716953458
C_MOBILITY:0.4568386589463046
C_KINGSAFETY:0.4322711529504265
C_PAWNSTRUCTURE:0.5737581153710044
C_PIECECOORDINATION:0.44663316771894085
C_ROOKANDPAWNMOVEMENT:0.44663316771894085
C_CENTERCONTROL:0.6124077996640953
C_DEVELOPPIECES:0.3983362539570314
C_MATERIAL:0.48830055285468177
