ELO:1000
CE_PASSEDPAWNS:0.503981802495397
CE_PAWNWEAKNESSES:0.5256309730667434
CE_PIECEACTIVITY:0.4275534218839312
CE_KINGPAWNSHIELD:0.5298718983634099
CE_PIECECOORDINATION:0.5714104583589855
CE_MATERIAL:0.46383786375864333
CE_KINGSAFETY:0.4929950161709947
C_PIECESQUARETABLES:0.5148301752932966
C_MOBILITY:0.4669048943770364
C_KINGSAFETY:0.5321781088341538
C_PAWNSTRUCTURE:0.5229526441235645
C_PIECECOORDINATION:0.49769073504898764
C_ROOKANDPAWNMOVEMENT:0.49769073504898764
C_CENTERCONTROL:0.5361892715701168
C_DEVELOPPIECES:0.5085684016672757
C_MATERIAL:0.4873435465916576
