ELO:1001
CE_PASSEDPAWNS:0.5
CE_PAWNWEAKNESSES:0.4959031719677066
CE_PIECEACTIVITY:0.5035684858818766
CE_KINGPAWNSHIELD:0.5011153214629693
CE_PIECECOORDINATION:0.5
CE_MATERIAL:0.5043907298459133
CE_KINGSAFETY:0.5
C_PIECESQUARETABLES:0.5
C_MOBILITY:0.4931869864378777
C_KINGSAFETY:0.5
C_PAWNSTRUCTURE:0.5
C_PIECECOORDINATION:0.46124732430425847
C_ROOKANDPAWNMOVEMENT:0.46124732430425847
C_CENTERCONTROL:0.4932097431902117
C_DEVELOPPIECES:0.5
C_MATERIAL:0.5052773876166391
C_MOVECOUNT:0.5
