ELO:951
CE_PASSEDPAWNS:0.5271217175209028
CE_PAWNWEAKNESSES:0.4914210533217636
CE_PIECEACTIVITY:0.4657539964089567
CE_KINGPAWNSHIELD:0.5016213964844524
CE_PIECECOORDINATION:0.5008230131737881
CE_MATERIAL:0.5035299933504057
CE_KINGSAFETY:0.5054094621854416
C_PIECESQUARETABLES:0.4901887903591911
C_MOBILITY:0.5171969410479051
C_KINGSAFETY:0.5084061814023267
C_PAWNSTRUCTURE:0.4827133343084987
C_PIECECOORDINATION:0.5207085068703325
C_ROOK:0.5094109038543303
CE_ROOK:0.49605505758495905
C_CENTERCONTROL:0.48189475486166006
C_DEVELOPPIECES:0.5255323726470827
C_MATERIAL:0.4522019696165035
C_MOVECOUNT:0.5203457457811841
C_PAWNMOVEMENT:0.5358421646672082
