ELO:1000
CE_PASSEDPAWNS:0.4802228513219647
CE_PAWNWEAKNESSES:0.4989899608182135
CE_PIECEACTIVITY:0.5656828956758969
CE_KINGPAWNSHIELD:0.5088860222110616
CE_PIECECOORDINATION:0.516792936014404
CE_MATERIAL:0.4847851003673675
CE_KINGSAFETY:0.4878638027976258
C_PIECESQUARETABLES:0.5595553623121945
C_MOBILITY:0.49514123630081874
C_KINGSAFETY:0.5285995140181486
C_PAWNSTRUCTURE:0.4926303623724582
C_PIECECOORDINATION:0.44409220089339974
C_ROOKANDPAWNMOVEMENT:0.44409220089339974
C_CENTERCONTROL:0.5741859853988187
C_DEVELOPPIECES:0.4239035467509621
C_MATERIAL:0.5068119595931764
