ELO:1006
CE_PASSEDPAWNS:0.5061796673097317
CE_PAWNWEAKNESSES:0.5163735522045293
CE_PIECEACTIVITY:0.4901347745529119
CE_KINGPAWNSHIELD:0.48182888439228505
CE_PIECECOORDINATION:0.49093193325977036
CE_MATERIAL:0.48864863567140904
CE_KINGSAFETY:0.49407962575789194
C_PIECESQUARETABLES:0.5
C_MOBILITY:0.5
C_KINGSAFETY:0.506138189221005
C_PAWNSTRUCTURE:0.5
C_PIECECOORDINATION:0.511808475088122
C_ROOKANDPAWNMOVEMENT:0.511808475088122
C_CENTERCONTROL:0.47128009279497945
C_DEVELOPPIECES:0.5034605788832609
C_MATERIAL:0.5
