ELO:923
CE_PASSEDPAWNS:0.5019581899996683
CE_PAWNWEAKNESSES:0.5273406963948424
CE_PIECEACTIVITY:0.5339045898010814
CE_KINGPAWNSHIELD:0.5440604379007736
CE_PIECECOORDINATION:0.5031388850128146
CE_MATERIAL:0.5090908204877029
CE_KINGSAFETY:0.5201593768170873
C_PIECESQUARETABLES:0.495145760540022
C_MOBILITY:0.46123258786805416
C_KINGSAFETY:0.45094497675961454
C_PAWNSTRUCTURE:0.5060334017793984
C_PIECECOORDINATION:0.454119091632433
C_ROOKANDPAWNMOVEMENT:0.454119091632433
C_CENTERCONTROL:0.5932889079586404
C_DEVELOPPIECES:0.3973127745516337
C_MATERIAL:0.47056777605294425
