ELO:998
CE_PASSEDPAWNS:0.5181049509805356
CE_PAWNWEAKNESSES:0.49097186840559043
CE_PIECEACTIVITY:0.5085072785305808
CE_KINGPAWNSHIELD:0.4764568138313108
CE_PIECECOORDINATION:0.5114838229020137
CE_MATERIAL:0.47749874088954974
CE_KINGSAFETY:0.5016364053369261
C_PIECESQUARETABLES:0.5
C_MOBILITY:0.5138129426853651
C_KINGSAFETY:0.470361994136589
C_PAWNSTRUCTURE:0.5048577938894521
C_PIECECOORDINATION:0.5205284973077323
C_ROOK:0.5020934542544968
CE_ROOK:0.5262686639325937
C_CENTERCONTROL:0.5106656473016308
C_DEVELOPPIECES:0.4791488199427637
C_MATERIAL:0.5082395986036397
C_MOVECOUNT:0.5040832496513623
C_PAWNMOVEMENT:0.5259973656732064
