ELO:989
CE_PASSEDPAWNS:0.3499594165029651
CE_PAWNWEAKNESSES:0.48714828254476716
CE_PIECEACTIVITY:0.5975814565428466
CE_KINGPAWNSHIELD:0.5599465954910741
CE_PIECECOORDINATION:0.4742094053856796
CE_MATERIAL:0.5185353421666495
CE_KINGSAFETY:0.4964467591104951
C_PIECESQUARETABLES:0.4927130147606605
C_MOBILITY:0.5836313903895851
C_KINGSAFETY:0.5344770740216508
C_PAWNSTRUCTURE:0.46024490358845943
C_PIECECOORDINATION:0.49481266204964397
C_ROOKANDPAWNMOVEMENT:0.49481266204964397
C_CENTERCONTROL:0.42894235410171383
C_DEVELOPPIECES:0.4354212939766876
C_MATERIAL:0.6828983766046607
