ELO:931
CE_PASSEDPAWNS:0.572488050815752
CE_PAWNWEAKNESSES:0.5813135904236929
CE_PIECEACTIVITY:0.47273424114931234
CE_KINGPAWNSHIELD:0.5730868371089635
CE_PIECECOORDINATION:0.5285374041456877
CE_MATERIAL:0.5469915486197984
CE_KINGSAFETY:0.5514986486660095
C_PIECESQUARETABLES:0.4685039517847685
C_MOBILITY:0.5730951388270343
C_KINGSAFETY:0.4677393792803304
C_PAWNSTRUCTURE:0.49995546746774067
C_PIECECOORDINATION:0.5612791862332909
C_ROOKANDPAWNMOVEMENT:0.5612791862332909
C_CENTERCONTROL:0.44807852206259075
C_DEVELOPPIECES:0.4362768930359602
C_MATERIAL:0.44416060741874497
