ELO:1000
CE_PASSEDPAWNS:0.48327693628400237
CE_PAWNWEAKNESSES:0.4960162376093033
CE_PIECEACTIVITY:0.5
CE_KINGPAWNSHIELD:0.5059322130451288
CE_PIECECOORDINATION:0.4889712625710916
CE_MATERIAL:0.49807411979740673
CE_KINGSAFETY:0.4994539047145685
C_PIECESQUARETABLES:0.5135825774851394
C_MOBILITY:0.47878138771857864
C_KINGSAFETY:0.5
C_PAWNSTRUCTURE:0.4985466319124762
C_PIECECOORDINATION:0.5078673801985092
C_ROOKANDPAWNMOVEMENT:0.5078673801985092
C_CENTERCONTROL:0.5314108399254472
C_DEVELOPPIECES:0.4900477235496802
C_MATERIAL:0.4855107921614353
