ELO:978
CE_PASSEDPAWNS:0.5485643747463073
CE_PAWNWEAKNESSES:0.5589835033630745
CE_PIECEACTIVITY:0.5317279321067087
CE_KINGPAWNSHIELD:0.4749663014097461
CE_PIECECOORDINATION:0.460795212893415
CE_MATERIAL:0.49367819346578
CE_KINGSAFETY:0.4977520095921625
C_PIECESQUARETABLES:0.4861305238817098
C_MOBILITY:0.4754450372208153
C_KINGSAFETY:0.5175170555315818
C_PAWNSTRUCTURE:0.5030252060731307
C_PIECECOORDINATION:0.5157671224632603
C_ROOK:0.4794550525936434
CE_ROOK:0.5091811408958455
C_CENTERCONTROL:0.5127666271284095
C_DEVELOPPIECES:0.45503880046641393
C_MATERIAL:0.48928851714837307
C_MOVECOUNT:0.5404289219785273
C_PAWNMOVEMENT:0.47361592011898507
