ELO:965
CE_PASSEDPAWNS:0.5007232476876202
CE_PAWNWEAKNESSES:0.4905147331422113
CE_PIECEACTIVITY:0.4888790832348244
CE_KINGPAWNSHIELD:0.5008767689313647
CE_PIECECOORDINATION:0.4810591646910465
CE_MATERIAL:0.49851536882471287
CE_KINGSAFETY:0.46006334610665084
C_PIECESQUARETABLES:0.45610509358222207
C_MOBILITY:0.5129197049295507
C_KINGSAFETY:0.5242811782656369
C_PAWNSTRUCTURE:0.5055170553428224
C_PIECECOORDINATION:0.501817935950046
C_ROOKANDPAWNMOVEMENT:0.501817935950046
C_CENTERCONTROL:0.4807944445870152
C_DEVELOPPIECES:0.46998649985773605
C_MATERIAL:0.5
C_MOVECOUNT:0.5
