ELO:860
CE_PASSEDPAWNS:0.46645694276030947
CE_PAWNWEAKNESSES:0.4884934770679052
CE_PIECEACTIVITY:0.5601889616748057
CE_KINGPAWNSHIELD:0.46406221540058223
CE_PIECECOORDINATION:0.40765015889953726
CE_MATERIAL:0.42283479380740696
CE_KINGSAFETY:0.513459935185706
C_PIECESQUARETABLES:0.4739172731545415
C_MOBILITY:0.5754984146756059
C_KINGSAFETY:0.5463309891916529
C_PAWNSTRUCTURE:0.5516875996222942
C_PIECECOORDINATION:0.6394156416507306
C_ROOKANDPAWNMOVEMENT:0.6394156416507306
C_CENTERCONTROL:0.4749749744247092
C_DEVELOPPIECES:0.5032392846304788
C_MATERIAL:0.3968196745604524
