ELO:1000
CE_PASSEDPAWNS:0.4268762282860351
CE_PAWNWEAKNESSES:0.4689714745381031
CE_PIECEACTIVITY:0.4642623713838642
CE_KINGPAWNSHIELD:0.5605145241038716
CE_PIECECOORDINATION:0.5902044081916942
CE_MATERIAL:0.49581834666165425
CE_KINGSAFETY:0.4267963077545934
C_PIECESQUARETABLES:0.4373004720041501
C_MOBILITY:0.46316831514926093
C_KINGSAFETY:0.5520816636912065
C_PAWNSTRUCTURE:0.53255680719324
C_PIECECOORDINATION:0.5894228749628485
C_ROOKANDPAWNMOVEMENT:0.5894228749628485
C_CENTERCONTROL:0.4675194066307188
C_DEVELOPPIECES:0.4021899240390033
C_MATERIAL:0.5586655423480874
