ELO:1042
CE_PASSEDPAWNS:0.49517120016438854
CE_PAWNWEAKNESSES:0.47895060299917785
CE_PIECEACTIVITY:0.5
CE_KINGPAWNSHIELD:0.49803570936642116
CE_PIECECOORDINATION:0.5028021904293126
CE_MATERIAL:0.4881714257302784
CE_KINGSAFETY:0.5
C_PIECESQUARETABLES:0.5
C_MOBILITY:0.5
C_KINGSAFETY:0.5
C_PAWNSTRUCTURE:0.5
C_PIECECOORDINATION:0.5
C_ROOKANDPAWNMOVEMENT:0.5
C_CENTERCONTROL:0.5536655490873056
C_DEVELOPPIECES:0.5
C_MATERIAL:0.4887024044767712
C_MOVECOUNT:0.5
