ELO:1001
CE_PASSEDPAWNS:0.5
CE_PAWNWEAKNESSES:0.5
CE_PIECEACTIVITY:0.48917030729517325
CE_KINGPAWNSHIELD:0.49026474353451954
CE_PIECECOORDINATION:0.5155351540038402
CE_MATERIAL:0.5068845273504727
CE_KINGSAFETY:0.5
C_PIECESQUARETABLES:0.5
C_MOBILITY:0.5005466652658623
C_KINGSAFETY:0.4993209027629956
C_PAWNSTRUCTURE:0.4828385191730934
C_PIECECOORDINATION:0.5172796743286597
C_ROOKANDPAWNMOVEMENT:0.5172796743286597
C_CENTERCONTROL:0.4878917541452132
C_DEVELOPPIECES:0.49680975772603075
C_MATERIAL:0.5
C_MOVECOUNT:0.5041369606791108
