ELO:997
CE_PASSEDPAWNS:0.5288856794826297
CE_PAWNWEAKNESSES:0.49364907412577064
CE_PIECEACTIVITY:0.5153074935677746
CE_KINGPAWNSHIELD:0.4835058447423153
CE_PIECECOORDINATION:0.528229035348582
CE_MATERIAL:0.47749874088954974
CE_KINGSAFETY:0.5016364053369261
C_PIECESQUARETABLES:0.5
C_MOBILITY:0.5076143225158848
C_KINGSAFETY:0.4796782585905045
C_PAWNSTRUCTURE:0.501164682691703
C_PIECECOORDINATION:0.5195462880355021
C_ROOK:0.5020934542544968
CE_ROOK:0.5257913147658345
C_CENTERCONTROL:0.5106656473016308
C_DEVELOPPIECES:0.4669032095723905
C_MATERIAL:0.49772143277355774
C_MOVECOUNT:0.49697251343346666
C_PAWNMOVEMENT:0.5259973656732064
