ELO:1032
CE_PASSEDPAWNS:0.5047511612579889
CE_PAWNWEAKNESSES:0.49114450929360876
CE_PIECEACTIVITY:0.5051143571212406
CE_KINGPAWNSHIELD:0.5114498167686905
CE_PIECECOORDINATION:0.5
CE_MATERIAL:0.505936480221108
CE_KINGSAFETY:0.5
C_PIECESQUARETABLES:0.506939199204394
C_MOBILITY:0.5
C_KINGSAFETY:0.4887471870768716
C_PAWNSTRUCTURE:0.5114677520311677
C_PIECECOORDINATION:0.4877010275634052
C_ROOKANDPAWNMOVEMENT:0.4877010275634052
C_CENTERCONTROL:0.5026177916282478
C_DEVELOPPIECES:0.5
C_MATERIAL:0.49900589963181236
C_MOVECOUNT:0.5
