ELO:994
CE_PASSEDPAWNS:0.5100518794434225
CE_PAWNWEAKNESSES:0.44645642384035855
CE_PIECEACTIVITY:0.5772452260350488
CE_KINGPAWNSHIELD:0.5058862628891502
CE_PIECECOORDINATION:0.48842480517921344
CE_MATERIAL:0.5581559607522012
CE_KINGSAFETY:0.4968779308633157
C_PIECESQUARETABLES:0.5063426103562509
C_MOBILITY:0.4538781965577352
C_KINGSAFETY:0.49754146823011947
C_PAWNSTRUCTURE:0.5329590622870386
C_PIECECOORDINATION:0.41687835636621223
C_ROOKANDPAWNMOVEMENT:0.41687835636621223
C_CENTERCONTROL:0.5943493116424049
C_DEVELOPPIECES:0.3948230669543606
C_MATERIAL:0.5148624802212314
