ELO:1002
CE_PASSEDPAWNS:0.5133854044269542
CE_PAWNWEAKNESSES:0.4813669652515915
CE_PIECEACTIVITY:0.5080436922304402
CE_KINGPAWNSHIELD:0.4854511054298887
CE_PIECECOORDINATION:0.5255449059496262
CE_MATERIAL:0.48145081852363186
CE_KINGSAFETY:0.5017539594029201
C_PIECESQUARETABLES:0.491729494482683
C_MOBILITY:0.5174887934659286
C_KINGSAFETY:0.470361994136589
C_PAWNSTRUCTURE:0.482805941069053
C_PIECECOORDINATION:0.5107891684408349
C_ROOK:0.4954577650605072
CE_ROOK:0.5282934921009879
C_CENTERCONTROL:0.49960164770711085
C_DEVELOPPIECES:0.5102097635537427
C_MATERIAL:0.5013471848465137
C_MOVECOUNT:0.49463702651497476
C_PAWNMOVEMENT:0.515888158687814
