ELO:835
CE_PASSEDPAWNS:0.5942061529652113
CE_PAWNWEAKNESSES:0.4428960782016516
CE_PIECEACTIVITY:0.46103542857895036
CE_KINGPAWNSHIELD:0.46579620669064115
CE_PIECECOORDINATION:0.4129220293234917
CE_MATERIAL:0.5246116686440638
CE_KINGSAFETY:0.5143243821826354
C_PIECESQUARETABLES:0.4822996800709174
C_MOBILITY:0.5982695343145573
C_KINGSAFETY:0.40982585023100215
C_PAWNSTRUCTURE:0.4867650808524083
C_PIECECOORDINATION:0.5069017054655491
C_ROOKANDPAWNMOVEMENT:0.5069017054655491
C_CENTERCONTROL:0.5144423271666825
C_DEVELOPPIECES:0.4903052536444625
C_MATERIAL:0.47310709622980185
C_MOVECOUNT:0.5
