ELO:879
CE_PASSEDPAWNS:0.5579788169142009
CE_PAWNWEAKNESSES:0.5905548648123565
CE_PIECEACTIVITY:0.4776245470961763
CE_KINGPAWNSHIELD:0.6066975370799901
CE_PIECECOORDINATION:0.5325687243581427
CE_MATERIAL:0.5051826349979797
CE_KINGSAFETY:0.48698127932326996
C_PIECESQUARETABLES:0.4688679574811925
C_MOBILITY:0.5739776731105095
C_KINGSAFETY:0.46172773674134454
C_PAWNSTRUCTURE:0.4922657173263833
C_PIECECOORDINATION:0.5356800885964498
C_ROOKANDPAWNMOVEMENT:0.5356800885964498
C_CENTERCONTROL:0.47499442136989384
C_DEVELOPPIECES:0.45554638377984247
C_MATERIAL:0.45028580873796303
