ELO:1000
CE_PASSEDPAWNS:0.5142035377093412
CE_PAWNWEAKNESSES:0.5114656336125218
CE_PIECEACTIVITY:0.37989854960539277
CE_KINGPAWNSHIELD:0.5485090663995389
CE_PIECECOORDINATION:0.5850378689464524
CE_MATERIAL:0.5028605632942927
CE_KINGSAFETY:0.4734856249836158
C_PIECESQUARETABLES:0.4638998342407568
C_MOBILITY:0.4285814443079206
C_KINGSAFETY:0.5845196736495202
C_PAWNSTRUCTURE:0.5018033528585062
C_PIECECOORDINATION:0.46328548507493894
C_ROOKANDPAWNMOVEMENT:0.46328548507493894
C_CENTERCONTROL:0.5510407033190392
C_DEVELOPPIECES:0.5220592416775574
C_MATERIAL:0.48135774300222745
