ELO:977
CE_PASSEDPAWNS:0.5334977015059155
CE_PAWNWEAKNESSES:0.4985342396593944
CE_PIECEACTIVITY:0.4727706987274059
CE_KINGPAWNSHIELD:0.48940342227884626
CE_PIECECOORDINATION:0.48862393776568663
CE_MATERIAL:0.46291525622249563
CE_KINGSAFETY:0.5
C_PIECESQUARETABLES:0.5
C_MOBILITY:0.4330686462875857
C_KINGSAFETY:0.4789751873508483
C_PAWNSTRUCTURE:0.5617445288230484
C_PIECECOORDINATION:0.5286482976328899
C_ROOK:0.5483005928983861
CE_ROOK:0.4769516228493322
C_CENTERCONTROL:0.5088777043542323
C_DEVELOPPIECES:0.5597875715333707
C_MATERIAL:0.47739840685990753
C_MOVECOUNT:0.530965666656777
C_PAWNMOVEMENT:0.5051477017579477
