ELO:1001
CE_PASSEDPAWNS:0.5016614137168445
CE_PAWNWEAKNESSES:0.4813669652515915
CE_PIECEACTIVITY:0.5080436922304402
CE_KINGPAWNSHIELD:0.4764568138313108
CE_PIECECOORDINATION:0.5366701289738434
CE_MATERIAL:0.4754179817304425
CE_KINGSAFETY:0.5017539594029201
C_PIECESQUARETABLES:0.491729494482683
C_MOBILITY:0.5174887934659286
C_KINGSAFETY:0.470361994136589
C_PAWNSTRUCTURE:0.4716170197161177
C_PIECECOORDINATION:0.5206202794900918
C_ROOK:0.48807266655244247
CE_ROOK:0.5282934921009879
C_CENTERCONTROL:0.49960164770711085
C_DEVELOPPIECES:0.5125546723882595
C_MATERIAL:0.5093531180048766
C_MOVECOUNT:0.49463702651497476
C_PAWNMOVEMENT:0.515888158687814
