ELO:968
CE_PASSEDPAWNS:0.46751046296131415
CE_PAWNWEAKNESSES:0.5062698706220086
CE_PIECEACTIVITY:0.5168639941995052
CE_KINGPAWNSHIELD:0.5167414765301988
CE_PIECECOORDINATION:0.4410862463183887
CE_MATERIAL:0.49823735130947316
CE_KINGSAFETY:0.5304303748319956
C_PIECESQUARETABLES:0.48979667480023226
C_MOBILITY:0.5123584681389669
C_KINGSAFETY:0.5390468510777244
C_PAWNSTRUCTURE:0.47660344401262705
C_PIECECOORDINATION:0.5367993491166964
C_ROOKANDPAWNMOVEMENT:0.5367993491166964
C_CENTERCONTROL:0.48157046577476703
C_DEVELOPPIECES:0.5252475614426111
C_MATERIAL:0.4847084303197015
C_MOVECOUNT:0.4440866282981503
