ELO:1010
CE_PASSEDPAWNS:0.5016614137168445
CE_PAWNWEAKNESSES:0.46158925539644685
CE_PIECEACTIVITY:0.5085072785305808
CE_KINGPAWNSHIELD:0.4764568138313108
CE_PIECECOORDINATION:0.5411824239622872
CE_MATERIAL:0.4754179817304425
CE_KINGSAFETY:0.5016364053369261
C_PIECESQUARETABLES:0.5
C_MOBILITY:0.5138129426853651
C_KINGSAFETY:0.470361994136589
C_PAWNSTRUCTURE:0.4716170197161177
C_PIECECOORDINATION:0.5205284973077323
C_ROOK:0.48807266655244247
CE_ROOK:0.5266723857669385
C_CENTERCONTROL:0.49960164770711085
C_DEVELOPPIECES:0.5042163428951372
C_MATERIAL:0.5082395986036397
C_MOVECOUNT:0.4829156186171029
C_PAWNMOVEMENT:0.5259973656732064
