ELO:1016
CE_PASSEDPAWNS:0.46903657268960036
CE_PAWNWEAKNESSES:0.45422690962718126
CE_PIECEACTIVITY:0.4631326617077439
CE_KINGPAWNSHIELD:0.5590313650802381
CE_PIECECOORDINATION:0.6196394954913007
CE_MATERIAL:0.46281745291057064
CE_KINGSAFETY:0.41433907285491867
C_PIECESQUARETABLES:0.4259097500230874
C_MOBILITY:0.4495303014308492
C_KINGSAFETY:0.5419634864562484
C_PAWNSTRUCTURE:0.5467737989012057
C_PIECECOORDINATION:0.5926526529785234
C_ROOKANDPAWNMOVEMENT:0.5926526529785234
C_CENTERCONTROL:0.4608526515373217
C_DEVELOPPIECES:0.3919928102007664
C_MATERIAL:0.5766137073988431
