ELO:981
CE_PASSEDPAWNS:0.49242581013645026
CE_PAWNWEAKNESSES:0.5032610654050869
CE_PIECEACTIVITY:0.5111778538660599
CE_KINGPAWNSHIELD:0.4963099288799084
CE_PIECECOORDINATION:0.49955275472458205
CE_MATERIAL:0.48490998480736336
CE_KINGSAFETY:0.5
C_PIECESQUARETABLES:0.5
C_MOBILITY:0.5156180079966114
C_KINGSAFETY:0.4902454846600573
C_PAWNSTRUCTURE:0.4746514414930158
C_PIECECOORDINATION:0.5130361085857119
C_ROOK:0.49010168125067866
CE_ROOK:0.4911438099089106
C_CENTERCONTROL:0.48513109523155706
C_DEVELOPPIECES:0.46559293210813407
C_MATERIAL:0.48309096684905645
C_MOVECOUNT:0.5227725104107783
C_PAWNMOVEMENT:0.4807904767779419
