ELO:852
CE_PASSEDPAWNS:0.6242200351384046
CE_PAWNWEAKNESSES:0.4444566063361054
CE_PIECEACTIVITY:0.3956757926015492
CE_KINGPAWNSHIELD:0.4815562981443915
CE_PIECECOORDINATION:0.4043481883021537
CE_MATERIAL:0.5893579847334219
CE_KINGSAFETY:0.5052083835973151
C_PIECESQUARETABLES:0.4594983487062667
C_MOBILITY:0.5343964231959628
C_KINGSAFETY:0.4562079400803539
C_PAWNSTRUCTURE:0.5367970917928723
C_PIECECOORDINATION:0.5133844523630726
C_ROOKANDPAWNMOVEMENT:0.5133844523630726
C_CENTERCONTROL:0.44470807812733537
C_DEVELOPPIECES:0.49348887673677616
C_MATERIAL:0.46234540565626037
C_MOVECOUNT:0.5
