ELO:693
CE_PASSEDPAWNS:0.5304676586635371
CE_PAWNWEAKNESSES:0.4401024479318614
CE_PIECEACTIVITY:0.44940579584782686
CE_KINGPAWNSHIELD:0.4352552666220495
CE_PIECECOORDINATION:0.5928555414109676
CE_MATERIAL:0.5312942094158294
CE_KINGSAFETY:0.530053493322892
C_PIECESQUARETABLES:0.46930678656316166
C_MOBILITY:0.46494423100648935
C_KINGSAFETY:0.4687920879438501
C_PAWNSTRUCTURE:0.5255045468145599
C_PIECECOORDINATION:0.47500995189055983
C_ROOKANDPAWNMOVEMENT:0.47500995189055983
C_CENTERCONTROL:0.4845387676916815
C_DEVELOPPIECES:0.5698159438687936
C_MATERIAL:0.5277565259266667
C_MOVECOUNT:0.5228171079700843
