ELO:986
CE_PASSEDPAWNS:0.5
CE_PAWNWEAKNESSES:0.505027175623503
CE_PIECEACTIVITY:0.4758742595762984
CE_KINGPAWNSHIELD:0.5
CE_PIECECOORDINATION:0.48074172785085684
CE_MATERIAL:0.5060535622999075
CE_KINGSAFETY:0.5014134920578744
C_PIECESQUARETABLES:0.5029769544826124
C_MOBILITY:0.49763525421707
C_KINGSAFETY:0.5107308850554377
C_PAWNSTRUCTURE:0.4984594909911506
C_PIECECOORDINATION:0.5
C_ROOKANDPAWNMOVEMENT:0.5
C_CENTERCONTROL:0.4880732919455249
C_DEVELOPPIECES:0.5
C_MATERIAL:0.5041745618167518
