ELO:913
CE_PASSEDPAWNS:0.5026364187832538
CE_PAWNWEAKNESSES:0.527718253050268
CE_PIECEACTIVITY:0.5362335532563179
CE_KINGPAWNSHIELD:0.5357997948909382
CE_PIECECOORDINATION:0.5015483084392498
CE_MATERIAL:0.502750150805736
CE_KINGSAFETY:0.5253799929079108
C_PIECESQUARETABLES:0.5307014292275355
C_MOBILITY:0.4473348402318858
C_KINGSAFETY:0.45263487669863695
C_PAWNSTRUCTURE:0.49938627153602066
C_PIECECOORDINATION:0.45720610209020107
C_ROOKANDPAWNMOVEMENT:0.45720610209020107
C_CENTERCONTROL:0.5693181743852899
C_DEVELOPPIECES:0.4242777921269498
C_MATERIAL:0.4892949622166764
