ELO:1008
CE_PASSEDPAWNS:0.5041985634145038
CE_PAWNWEAKNESSES:0.4939593010628274
CE_PIECEACTIVITY:0.5049289619812632
CE_KINGPAWNSHIELD:0.5038825225822154
CE_PIECECOORDINATION:0.5045298040713552
CE_MATERIAL:0.5063528083179344
CE_KINGSAFETY:0.5
C_PIECESQUARETABLES:0.5
C_MOBILITY:0.4995197141902228
C_KINGSAFETY:0.4806200472034591
C_PAWNSTRUCTURE:0.48839909796859393
C_PIECECOORDINATION:0.5066313252796011
C_ROOK:0.4937784164529047
CE_ROOK:0.5282934921009879
C_CENTERCONTROL:0.49960164770711085
C_DEVELOPPIECES:0.5061412933076557
C_MATERIAL:0.5083756268213498
C_MOVECOUNT:0.4868462681756473
C_PAWNMOVEMENT:0.5103281451900111
