ELO:664
CE_PASSEDPAWNS:0.5463840148558559
CE_PAWNWEAKNESSES:0.49578351577882895
CE_PIECEACTIVITY:0.4219256318409651
CE_KINGPAWNSHIELD:0.448994250784623
CE_PIECECOORDINATION:0.5792568768764703
CE_MATERIAL:0.5302563066596854
CE_KINGSAFETY:0.5247667036456191
C_PIECESQUARETABLES:0.4689280845911843
C_MOBILITY:0.474320444249814
C_KINGSAFETY:0.47411578824688283
C_PAWNSTRUCTURE:0.4543367297026769
C_PIECECOORDINATION:0.4990718976906353
C_ROOKANDPAWNMOVEMENT:0.4990718976906353
C_CENTERCONTROL:0.5201281880388847
C_DEVELOPPIECES:0.5701178593829533
C_MATERIAL:0.5429101104821196
C_MOVECOUNT:0.5101469257212353
