ELO:842
CE_PASSEDPAWNS:0.5287603005191822
CE_PAWNWEAKNESSES:0.5965350337876263
CE_PIECEACTIVITY:0.47298910215231643
CE_KINGPAWNSHIELD:0.5877308418618136
CE_PIECECOORDINATION:0.5497410128014425
CE_MATERIAL:0.48490908617880024
CE_KINGSAFETY:0.50571688857132
C_PIECESQUARETABLES:0.46608408613971736
C_MOBILITY:0.5775657988260705
C_KINGSAFETY:0.4911284795666186
C_PAWNSTRUCTURE:0.5106898966228888
C_PIECECOORDINATION:0.5135644194307222
C_ROOKANDPAWNMOVEMENT:0.5135644194307222
C_CENTERCONTROL:0.45250791231054327
C_DEVELOPPIECES:0.44786617464384915
C_MATERIAL:0.44483660274503134
