ELO:963
CE_PASSEDPAWNS:0.4835155115365568
CE_PAWNWEAKNESSES:0.48887216863337696
CE_PIECEACTIVITY:0.47421581203753954
CE_KINGPAWNSHIELD:0.5001813082749178
CE_PIECECOORDINATION:0.48892721110004655
CE_MATERIAL:0.5024700741942814
CE_KINGSAFETY:0.4939449366913293
C_PIECESQUARETABLES:0.5
C_MOBILITY:0.5
C_KINGSAFETY:0.541856973614284
C_PAWNSTRUCTURE:0.4584215377712153
C_PIECECOORDINATION:0.5337514327157721
C_ROOKANDPAWNMOVEMENT:0.5337514327157721
C_CENTERCONTROL:0.511660984465012
C_DEVELOPPIECES:0.47709446667530137
C_MATERIAL:0.5
