ELO:983
CE_PASSEDPAWNS:0.5295163080678948
CE_PAWNWEAKNESSES:0.5496292526829266
CE_PIECEACTIVITY:0.5175159818596233
CE_KINGPAWNSHIELD:0.4900761098099983
CE_PIECECOORDINATION:0.4790213358914449
CE_MATERIAL:0.5015746842934008
CE_KINGSAFETY:0.4930641254000599
C_PIECESQUARETABLES:0.4890624200953054
C_MOBILITY:0.47365890992139037
C_KINGSAFETY:0.5039384912134272
C_PAWNSTRUCTURE:0.4975418131532404
C_PIECECOORDINATION:0.5202209903571812
C_ROOK:0.4934124726828466
CE_ROOK:0.5091811408958455
C_CENTERCONTROL:0.5037248922624882
C_DEVELOPPIECES:0.46592732152568966
C_MATERIAL:0.49772143277355774
C_MOVECOUNT:0.5404289219785273
C_PAWNMOVEMENT:0.47361592011898507
