ELO:908
CE_PASSEDPAWNS:0.48595703962382325
CE_PAWNWEAKNESSES:0.5133994455704226
CE_PIECEACTIVITY:0.5
CE_KINGPAWNSHIELD:0.5465975571265891
CE_PIECECOORDINATION:0.4682965589125023
CE_MATERIAL:0.4845014615560356
CE_KINGSAFETY:0.5
C_PIECESQUARETABLES:0.4998852721225035
C_MOBILITY:0.5
C_KINGSAFETY:0.5261066753791006
C_PAWNSTRUCTURE:0.5340106442199745
C_PIECECOORDINATION:0.5226012897034148
C_ROOKANDPAWNMOVEMENT:0.5226012897034148
C_CENTERCONTROL:0.482432323291773
C_DEVELOPPIECES:0.5007677142735136
C_MATERIAL:0.5215934220284149
C_MOVECOUNT:0.5
