ELO:1000
CE_PASSEDPAWNS:0.5001523387021698
CE_PAWNWEAKNESSES:0.5
CE_PIECEACTIVITY:0.5085711797339826
CE_KINGPAWNSHIELD:0.49591478335790495
CE_PIECECOORDINATION:0.5240360474565842
CE_MATERIAL:0.5
CE_KINGSAFETY:0.5
C_PIECESQUARETABLES:0.5
C_MOBILITY:0.500532491819501
C_KINGSAFETY:0.5058067754376251
C_PAWNSTRUCTURE:0.5
C_PIECECOORDINATION:0.48783616173148886
C_ROOK:0.5070882847812033
CE_ROOK:0.5
C_CENTERCONTROL:0.5
C_DEVELOPPIECES:0.5
C_MATERIAL:0.5
C_MOVECOUNT:0.4952922770104552
C_PAWNMOVEMENT:0.49259692690303436
