ELO:1014
CE_PASSEDPAWNS:0.5081867759347783
CE_PAWNWEAKNESSES:0.4820550544349845
CE_PIECEACTIVITY:0.487441585253657
CE_KINGPAWNSHIELD:0.5062382328437601
CE_PIECECOORDINATION:0.49478373036712364
CE_MATERIAL:0.4963101022138563
CE_KINGSAFETY:0.5
C_PIECESQUARETABLES:0.5
C_MOBILITY:0.5077594877190007
C_KINGSAFETY:0.48793209272536947
C_PAWNSTRUCTURE:0.501454872267285
C_PIECECOORDINATION:0.5072499977590734
C_ROOKANDPAWNMOVEMENT:0.5072499977590734
C_CENTERCONTROL:0.5071742965574007
C_DEVELOPPIECES:0.48288211270939313
C_MATERIAL:0.5168777380447181
C_MOVECOUNT:0.47468506134950544
