ELO:1065
CE_PASSEDPAWNS:0.49538014810845576
CE_PAWNWEAKNESSES:0.490509111892448
CE_PIECEACTIVITY:0.49774528197449275
CE_KINGPAWNSHIELD:0.5
CE_PIECECOORDINATION:0.4988830367256115
CE_MATERIAL:0.4891721019949245
CE_KINGSAFETY:0.5
C_PIECESQUARETABLES:0.5
C_MOBILITY:0.5141906535571928
C_KINGSAFETY:0.5
C_PAWNSTRUCTURE:0.5127002290046653
C_PIECECOORDINATION:0.5
C_ROOKANDPAWNMOVEMENT:0.5
C_CENTERCONTROL:0.5016496735516847
C_DEVELOPPIECES:0.5141311301512017
C_MATERIAL:0.4896703024798377
C_MOVECOUNT:0.5
