ELO:985
CE_PASSEDPAWNS:0.48802632202157165
CE_PAWNWEAKNESSES:0.48178521790018825
CE_PIECEACTIVITY:0.5081065250222521
CE_KINGPAWNSHIELD:0.48396985824042066
CE_PIECECOORDINATION:0.5412108341098822
CE_MATERIAL:0.42943753828804354
CE_KINGSAFETY:0.482169206838109
C_PIECESQUARETABLES:0.5
C_MOBILITY:0.4889486475908449
C_KINGSAFETY:0.5010332963168872
C_PAWNSTRUCTURE:0.46448778458991585
C_PIECECOORDINATION:0.4648181450973826
C_ROOKANDPAWNMOVEMENT:0.4648181450973826
C_CENTERCONTROL:0.465788174105024
C_DEVELOPPIECES:0.5629274375055037
C_MATERIAL:0.5383318892730226
