ELO:1287
CE_PASSEDPAWNS:0.4694586790058315
CE_PAWNWEAKNESSES:0.376765868465895
CE_PIECEACTIVITY:0.5516074777647403
CE_KINGPAWNSHIELD:0.5048245955503713
CE_PIECECOORDINATION:0.3271391939533063
CE_MATERIAL:0.3712708221504419
CE_KINGSAFETY:0.5220242924451948
C_PIECESQUARETABLES:0.48829693814289926
C_MOBILITY:0.4570048139760508
C_KINGSAFETY:0.3695287202358931
C_PAWNSTRUCTURE:0.578889396781901
C_PIECECOORDINATION:0.5047952546657289
C_ROOKANDPAWNMOVEMENT:0.5047952546657289
C_CENTERCONTROL:0.48761019702640696
C_DEVELOPPIECES:0.49270736343244503
C_MATERIAL:0.5970206061558393
