ELO:1084
CE_PASSEDPAWNS:0.597379397827713
CE_PAWNWEAKNESSES:0.5392849311977455
CE_PIECEACTIVITY:0.4736967482393765
CE_KINGPAWNSHIELD:0.4061240197378113
CE_PIECECOORDINATION:0.4449680320595251
CE_MATERIAL:0.502101399043574
CE_KINGSAFETY:0.5105646618259244
C_PIECESQUARETABLES:0.46903275971723846
C_MOBILITY:0.3795006306191629
C_KINGSAFETY:0.42796816665291115
C_PAWNSTRUCTURE:0.5054100608246612
C_PIECECOORDINATION:0.4526912975456112
C_ROOKANDPAWNMOVEMENT:0.4526912975456112
C_CENTERCONTROL:0.5408673151464408
C_DEVELOPPIECES:0.5258807787563109
C_MATERIAL:0.6050281285575623
