ELO:873
CE_PASSEDPAWNS:0.44678294375431227
CE_PAWNWEAKNESSES:0.49819832264612846
CE_PIECEACTIVITY:0.5400192792477015
CE_KINGPAWNSHIELD:0.6138387402933547
CE_PIECECOORDINATION:0.5463516275026863
CE_MATERIAL:0.4471903313560084
CE_KINGSAFETY:0.5
C_PIECESQUARETABLES:0.5
C_MOBILITY:0.56639165488891
C_KINGSAFETY:0.45331230273512724
C_PAWNSTRUCTURE:0.4654827010940101
C_PIECECOORDINATION:0.5433870144186035
C_ROOKANDPAWNMOVEMENT:0.5433870144186035
C_CENTERCONTROL:0.4891567312842854
C_DEVELOPPIECES:0.46632757467880626
C_MATERIAL:0.47351898162372025
C_MOVECOUNT:0.5
