ELO:869
CE_PASSEDPAWNS:0.41974507931011074
CE_PAWNWEAKNESSES:0.5761246316105145
CE_PIECEACTIVITY:0.5572718504990376
CE_KINGPAWNSHIELD:0.4708271598657907
CE_PIECECOORDINATION:0.5092301584971031
CE_MATERIAL:0.6055884632514196
CE_KINGSAFETY:0.5299757899623905
C_PIECESQUARETABLES:0.44794156279333575
C_MOBILITY:0.62014818274714
C_KINGSAFETY:0.43139191698969365
C_PAWNSTRUCTURE:0.4737630520771606
C_PIECECOORDINATION:0.3940248402955634
C_ROOKANDPAWNMOVEMENT:0.3940248402955634
C_CENTERCONTROL:0.4821470712831608
C_DEVELOPPIECES:0.611957576271127
C_MATERIAL:0.3826487185071399
