ELO:991
CE_PASSEDPAWNS:0.4856478621252026
CE_PAWNWEAKNESSES:0.45835354746906454
CE_PIECEACTIVITY:0.4297702093064627
CE_KINGPAWNSHIELD:0.49035762361457635
CE_PIECECOORDINATION:0.4799141006139711
CE_MATERIAL:0.5067224093804137
CE_KINGSAFETY:0.4390209748060449
C_PIECESQUARETABLES:0.5293750550034394
C_MOBILITY:0.5378874323098003
C_KINGSAFETY:0.5096172662260339
C_PAWNSTRUCTURE:0.4833024827392113
C_PIECECOORDINATION:0.5035697432043845
C_ROOKANDPAWNMOVEMENT:0.5035697432043845
C_CENTERCONTROL:0.5252063368441342
C_DEVELOPPIECES:0.5522988948702983
C_MATERIAL:0.5480591398464514
