ELO:965
CE_PASSEDPAWNS:0.5271662046466611
CE_PAWNWEAKNESSES:0.49537506646088053
CE_PIECEACTIVITY:0.5119042476902196
CE_KINGPAWNSHIELD:0.5172901940200096
CE_PIECECOORDINATION:0.5523943553145649
CE_MATERIAL:0.5110903466506674
CE_KINGSAFETY:0.5106747632891802
C_PIECESQUARETABLES:0.4858158883308618
C_MOBILITY:0.5063526250534188
C_KINGSAFETY:0.5250227282810064
C_PAWNSTRUCTURE:0.495594171700083
C_PIECECOORDINATION:0.4890333772508889
C_ROOK:0.5206338521952187
CE_ROOK:0.5177053467365779
C_CENTERCONTROL:0.48232759648465884
C_DEVELOPPIECES:0.5018540475619508
C_MATERIAL:0.4653741290375687
C_MOVECOUNT:0.48779964774010326
C_PAWNMOVEMENT:0.500093473566846
