ELO:1017
CE_PASSEDPAWNS:0.4906853611394786
CE_PAWNWEAKNESSES:0.5000019527820418
CE_PIECEACTIVITY:0.5112237204344812
CE_KINGPAWNSHIELD:0.5
CE_PIECECOORDINATION:0.5011356107269369
CE_MATERIAL:0.4960697653908187
CE_KINGSAFETY:0.5
C_PIECESQUARETABLES:0.5
C_MOBILITY:0.5
C_KINGSAFETY:0.49934917075454277
C_PAWNSTRUCTURE:0.5024904881971654
C_PIECECOORDINATION:0.5055074739509808
C_ROOKANDPAWNMOVEMENT:0.5055074739509808
C_CENTERCONTROL:0.4982386769633592
C_DEVELOPPIECES:0.512651271369726
C_MATERIAL:0.4974278494195614
C_MOVECOUNT:0.49331586069213085
