ELO:996
CE_PASSEDPAWNS:0.5
CE_PAWNWEAKNESSES:0.4979632333299967
CE_PIECEACTIVITY:0.48343327422008187
CE_KINGPAWNSHIELD:0.5160751441234578
CE_PIECECOORDINATION:0.5122116357255787
CE_MATERIAL:0.5139637522534468
CE_KINGSAFETY:0.505638217795617
C_PIECESQUARETABLES:0.4953281518010447
C_MOBILITY:0.49749113497677183
C_KINGSAFETY:0.5114609202036996
C_PAWNSTRUCTURE:0.5068863130648565
C_PIECECOORDINATION:0.5100971054693192
C_ROOKANDPAWNMOVEMENT:0.5100971054693192
C_CENTERCONTROL:0.5017046843167315
C_DEVELOPPIECES:0.5201624369371033
C_MATERIAL:0.5
C_MOVECOUNT:0.5027300424312563
