ELO:965
CE_PASSEDPAWNS:0.5222792221069154
CE_PAWNWEAKNESSES:0.5332248494677838
CE_PIECEACTIVITY:0.5318106515207082
CE_KINGPAWNSHIELD:0.4692554084175044
CE_PIECECOORDINATION:0.5893111744144501
CE_MATERIAL:0.3961314657378232
CE_KINGSAFETY:0.537849117238354
C_PIECESQUARETABLES:0.47705544599074245
C_MOBILITY:0.44765120249988777
C_KINGSAFETY:0.4838599061542049
C_PAWNSTRUCTURE:0.45968331054371403
C_PIECECOORDINATION:0.42219551129129235
C_ROOKANDPAWNMOVEMENT:0.42219551129129235
C_CENTERCONTROL:0.4991563585269603
C_DEVELOPPIECES:0.48244341281859193
C_MATERIAL:0.5918410259750523
