ELO:721
CE_PASSEDPAWNS:0.4719427130701638
CE_PAWNWEAKNESSES:0.5713945250347939
CE_PIECEACTIVITY:0.5114385360671639
CE_KINGPAWNSHIELD:0.5078212275677142
CE_PIECECOORDINATION:0.45478238533047405
CE_MATERIAL:0.5193451251234004
CE_KINGSAFETY:0.5082127774838089
C_PIECESQUARETABLES:0.4289313078421027
C_MOBILITY:0.5462731632631521
C_KINGSAFETY:0.5072737234013648
C_PAWNSTRUCTURE:0.4899900347425442
C_PIECECOORDINATION:0.6210875460693915
C_ROOKANDPAWNMOVEMENT:0.6210875460693915
C_CENTERCONTROL:0.46549630988995083
C_DEVELOPPIECES:0.532479354660275
C_MATERIAL:0.4509887863886796
C_MOVECOUNT:0.5320490260078228
