ELO:951
CE_PASSEDPAWNS:0.4779842243109237
CE_PAWNWEAKNESSES:0.5089572431206222
CE_PIECEACTIVITY:0.4867534223672131
CE_KINGPAWNSHIELD:0.47714652567095556
CE_PIECECOORDINATION:0.5416297596249102
CE_MATERIAL:0.484681080113664
CE_KINGSAFETY:0.5363867998849018
C_PIECESQUARETABLES:0.49998099870199936
C_MOBILITY:0.4863900170934531
C_KINGSAFETY:0.5308653444578042
C_PAWNSTRUCTURE:0.5303041119708601
C_PIECECOORDINATION:0.5103386367997499
C_ROOKANDPAWNMOVEMENT:0.5103386367997499
C_CENTERCONTROL:0.5246522997194277
C_DEVELOPPIECES:0.572853485228742
C_MATERIAL:0.573480475167628
