ELO:1000
CE_PASSEDPAWNS:0.5027851721764646
CE_PAWNWEAKNESSES:0.48663700789323894
CE_PIECEACTIVITY:0.5011159998565459
CE_KINGPAWNSHIELD:0.46798463461766276
CE_PIECECOORDINATION:0.4860891936993348
CE_MATERIAL:0.47673561759278116
CE_KINGSAFETY:0.5165818329507009
C_PIECESQUARETABLES:0.501462484844153
C_MOBILITY:0.4966525789224016
C_KINGSAFETY:0.5261716828153797
C_PAWNSTRUCTURE:0.4978062383571885
C_PIECECOORDINATION:0.49549540536782605
C_ROOKANDPAWNMOVEMENT:0.49549540536782605
C_CENTERCONTROL:0.48562188372145026
C_DEVELOPPIECES:0.5291109951928946
C_MATERIAL:0.5121731273115013
