ELO:807
CE_PASSEDPAWNS:0.42619835781837
CE_PAWNWEAKNESSES:0.5043007086656487
CE_PIECEACTIVITY:0.58763060667715
CE_KINGPAWNSHIELD:0.49217615927923775
CE_PIECECOORDINATION:0.5173467729468402
CE_MATERIAL:0.6244593212038388
CE_KINGSAFETY:0.4946016177948656
C_PIECESQUARETABLES:0.5062951926603346
C_MOBILITY:0.5852461768449636
C_KINGSAFETY:0.41518276817182864
C_PAWNSTRUCTURE:0.48432411178963103
C_PIECECOORDINATION:0.41285607597564594
C_ROOKANDPAWNMOVEMENT:0.41285607597564594
C_CENTERCONTROL:0.48730373053848586
C_DEVELOPPIECES:0.5765835888437508
C_MATERIAL:0.36231504322516905
