ELO:991
CE_PASSEDPAWNS:0.5
CE_PAWNWEAKNESSES:0.4650977202437974
CE_PIECEACTIVITY:0.5240229303491725
CE_KINGPAWNSHIELD:0.5274348629233433
CE_PIECECOORDINATION:0.48823403607620225
CE_MATERIAL:0.5
CE_KINGSAFETY:0.49645237542640935
C_PIECESQUARETABLES:0.5
C_MOBILITY:0.4941315443883987
C_KINGSAFETY:0.48933183100213024
C_PAWNSTRUCTURE:0.498946739087045
C_PIECECOORDINATION:0.4917780533280068
C_ROOKANDPAWNMOVEMENT:0.4917780533280068
C_CENTERCONTROL:0.5113031606019813
C_DEVELOPPIECES:0.5173965155282736
C_MATERIAL:0.5
C_MOVECOUNT:0.5122584786721265
