ELO:990
CE_PASSEDPAWNS:0.5077356097723444
CE_PAWNWEAKNESSES:0.4500440857369403
CE_PIECEACTIVITY:0.4788771803914117
CE_KINGPAWNSHIELD:0.5002449814838753
CE_PIECECOORDINATION:0.5118221891885609
CE_MATERIAL:0.48352539420027846
CE_KINGSAFETY:0.5
C_PIECESQUARETABLES:0.5
C_MOBILITY:0.4983252899220533
C_KINGSAFETY:0.49801781298653286
C_PAWNSTRUCTURE:0.49304666386809115
C_PIECECOORDINATION:0.48631968092599936
C_ROOK:0.4747726481560567
CE_ROOK:0.44874620283103195
C_CENTERCONTROL:0.491963323473188
C_DEVELOPPIECES:0.4968974237584047
C_MATERIAL:0.514068338829572
C_MOVECOUNT:0.48943283416139155
C_PAWNMOVEMENT:0.4893031928967887
