ELO:911
CE_PASSEDPAWNS:0.49242819295782847
CE_PAWNWEAKNESSES:0.5042429943452205
CE_PIECEACTIVITY:0.4480839785911742
CE_KINGPAWNSHIELD:0.49817402434216773
CE_PIECECOORDINATION:0.5291756038583171
CE_MATERIAL:0.534068405951294
CE_KINGSAFETY:0.5579039526209308
C_PIECESQUARETABLES:0.5299828390833144
C_MOBILITY:0.5271708626639806
C_KINGSAFETY:0.4964702792685671
C_PAWNSTRUCTURE:0.46964228071941094
C_PIECECOORDINATION:0.4671182596040812
C_ROOKANDPAWNMOVEMENT:0.4671182596040812
C_CENTERCONTROL:0.47923122607009455
C_DEVELOPPIECES:0.5911102428294088
C_MATERIAL:0.5535417833399565
