ELO:1000
CE_PASSEDPAWNS:0.5217623284164473
CE_PAWNWEAKNESSES:0.47625330573511526
CE_PIECEACTIVITY:0.48566565462257777
CE_KINGPAWNSHIELD:0.4708543704379124
CE_PIECECOORDINATION:0.5222967568595693
CE_MATERIAL:0.4514681072270442
CE_KINGSAFETY:0.5036999705898045
C_PIECESQUARETABLES:0.5108182230486752
C_MOBILITY:0.472011929760812
C_KINGSAFETY:0.5116641740548977
C_PAWNSTRUCTURE:0.49955517664134214
C_PIECECOORDINATION:0.46868664440665364
C_ROOKANDPAWNMOVEMENT:0.46868664440665364
C_CENTERCONTROL:0.46926529689011404
C_DEVELOPPIECES:0.5323957204443502
C_MATERIAL:0.5185029549727022
