ELO:1109
CE_PASSEDPAWNS:0.46831843283863156
CE_PAWNWEAKNESSES:0.3117304111819804
CE_PIECEACTIVITY:0.593808257238142
CE_KINGPAWNSHIELD:0.5532333559108746
CE_PIECECOORDINATION:0.3585642891667238
CE_MATERIAL:0.41387263543907366
CE_KINGSAFETY:0.47955532885519264
C_PIECESQUARETABLES:0.46485945745866747
C_MOBILITY:0.41824523237078237
C_KINGSAFETY:0.35559578022211397
C_PAWNSTRUCTURE:0.6335459448792439
C_PIECECOORDINATION:0.42184958963013336
C_ROOKANDPAWNMOVEMENT:0.42184958963013336
C_CENTERCONTROL:0.49929397287258503
C_DEVELOPPIECES:0.5148364309392711
C_MATERIAL:0.5287051390183674
