ELO:980
CE_PASSEDPAWNS:0.474738010997756
CE_PAWNWEAKNESSES:0.5212272112098336
CE_PIECEACTIVITY:0.5082247813652468
CE_KINGPAWNSHIELD:0.4755059644332318
CE_PIECECOORDINATION:0.5421500510278274
CE_MATERIAL:0.426853774152225
CE_KINGSAFETY:0.5063115267285231
C_PIECESQUARETABLES:0.4883062602983417
C_MOBILITY:0.48572735016219454
C_KINGSAFETY:0.49960680284710957
C_PAWNSTRUCTURE:0.44287042902196183
C_PIECECOORDINATION:0.4605227410306126
C_ROOKANDPAWNMOVEMENT:0.4605227410306126
C_CENTERCONTROL:0.4805711271488681
C_DEVELOPPIECES:0.5420989426945528
C_MATERIAL:0.5200165968904228
