ELO:1011
CE_PASSEDPAWNS:0.5
CE_PAWNWEAKNESSES:0.5022303855981016
CE_PIECEACTIVITY:0.4969531266490603
CE_KINGPAWNSHIELD:0.5
CE_PIECECOORDINATION:0.505832247635238
CE_MATERIAL:0.5
CE_KINGSAFETY:0.5
C_PIECESQUARETABLES:0.49157318526020555
C_MOBILITY:0.5
C_KINGSAFETY:0.5006149302319856
C_PAWNSTRUCTURE:0.5
C_PIECECOORDINATION:0.5091908041420201
C_ROOKANDPAWNMOVEMENT:0.5091908041420201
C_CENTERCONTROL:0.5
C_DEVELOPPIECES:0.5004019997870073
C_MATERIAL:0.4981411666368697
C_MOVECOUNT:0.5092162021162588
