ELO:975
CE_PASSEDPAWNS:0.46762513462482774
CE_PAWNWEAKNESSES:0.48596883096053656
CE_PIECEACTIVITY:0.502249047990012
CE_KINGPAWNSHIELD:0.48739088266926023
CE_PIECECOORDINATION:0.45944668297882546
CE_MATERIAL:0.4678430090031144
CE_KINGSAFETY:0.517024485003405
C_PIECESQUARETABLES:0.5033388580246528
C_MOBILITY:0.5204801145603961
C_KINGSAFETY:0.519609402901787
C_PAWNSTRUCTURE:0.48132812417894905
C_PIECECOORDINATION:0.47560557625713235
C_ROOKANDPAWNMOVEMENT:0.47560557625713235
C_CENTERCONTROL:0.4803232923409868
C_DEVELOPPIECES:0.5362419908132602
C_MATERIAL:0.4896703024798377
C_MOVECOUNT:0.5
