ELO:949
CE_PASSEDPAWNS:0.4780092837477329
CE_PAWNWEAKNESSES:0.49014214836161735
CE_PIECEACTIVITY:0.4751709848287097
CE_KINGPAWNSHIELD:0.4637966925381691
CE_PIECECOORDINATION:0.5357691163229734
CE_MATERIAL:0.4515977013605046
CE_KINGSAFETY:0.5379632077461969
C_PIECESQUARETABLES:0.5108590378448995
C_MOBILITY:0.5054870511536428
C_KINGSAFETY:0.5364541742084235
C_PAWNSTRUCTURE:0.5240524860419223
C_PIECECOORDINATION:0.5001594850432335
C_ROOKANDPAWNMOVEMENT:0.5001594850432335
C_CENTERCONTROL:0.5297358179202112
C_DEVELOPPIECES:0.587362205774393
C_MATERIAL:0.5940790340080363
