ELO:1000
CE_PASSEDPAWNS:0.531783291499002
CE_PAWNWEAKNESSES:0.5062332850674818
CE_PIECEACTIVITY:0.500890536403539
CE_KINGPAWNSHIELD:0.49088899754363563
CE_PIECECOORDINATION:0.5177186656518012
CE_MATERIAL:0.4653405557598586
CE_KINGSAFETY:0.5006632933584264
C_PIECESQUARETABLES:0.49741543883376194
C_MOBILITY:0.4502282693687637
C_KINGSAFETY:0.5047669287780104
C_PAWNSTRUCTURE:0.4905174286131564
C_PIECECOORDINATION:0.4594866918348994
C_ROOKANDPAWNMOVEMENT:0.4594866918348994
C_CENTERCONTROL:0.4874625684917677
C_DEVELOPPIECES:0.5376963450955776
C_MATERIAL:0.5654290064200949
