ELO:992
CE_PASSEDPAWNS:0.5028994895014931
CE_PAWNWEAKNESSES:0.5133106737301196
CE_PIECEACTIVITY:0.49175883127183273
CE_KINGPAWNSHIELD:0.5241815042479147
CE_PIECECOORDINATION:0.47370640271794034
CE_MATERIAL:0.515773953797456
CE_KINGSAFETY:0.5
C_PIECESQUARETABLES:0.5
C_MOBILITY:0.5071060782496177
C_KINGSAFETY:0.5
C_PAWNSTRUCTURE:0.5017927102757102
C_PIECECOORDINATION:0.4771961041032813
C_ROOKANDPAWNMOVEMENT:0.4771961041032813
C_CENTERCONTROL:0.4901686794977572
C_DEVELOPPIECES:0.5039806400456438
C_MATERIAL:0.5093167110546934
C_MOVECOUNT:0.4860195229967141
