ELO:1002
CE_PASSEDPAWNS:0.5348125991535642
CE_PAWNWEAKNESSES:0.45007932647955107
CE_PIECEACTIVITY:0.4732759356371363
CE_KINGPAWNSHIELD:0.5092745315262233
CE_PIECECOORDINATION:0.5074047205476162
CE_MATERIAL:0.4820826849994308
CE_KINGSAFETY:0.5
C_PIECESQUARETABLES:0.5
C_MOBILITY:0.48526123344429195
C_KINGSAFETY:0.5049002727282865
C_PAWNSTRUCTURE:0.5022106920195981
C_PIECECOORDINATION:0.5365908126740341
C_ROOKANDPAWNMOVEMENT:0.5365908126740341
C_CENTERCONTROL:0.5011764541295259
C_DEVELOPPIECES:0.49594186963912834
C_MATERIAL:0.5394919580833459
C_MOVECOUNT:0.5
