ELO:1262
CE_PASSEDPAWNS:0.41499225218398755
CE_PAWNWEAKNESSES:0.46066378515145545
CE_PIECEACTIVITY:0.4447589136859794
CE_KINGPAWNSHIELD:0.4490064376454872
CE_PIECECOORDINATION:0.5228665876218258
CE_MATERIAL:0.47142943546382343
CE_KINGSAFETY:0.5025151220782138
C_PIECESQUARETABLES:0.4917613082865005
C_MOBILITY:0.3910770357088864
C_KINGSAFETY:0.37980997626220936
C_PAWNSTRUCTURE:0.6053318156205673
C_PIECECOORDINATION:0.5842283600812508
C_ROOKANDPAWNMOVEMENT:0.5842283600812508
C_CENTERCONTROL:0.49941516474630016
C_DEVELOPPIECES:0.4593697475404217
C_MATERIAL:0.6154232304150021
