ELO:1004
CE_PASSEDPAWNS:0.49933025310625617
CE_PAWNWEAKNESSES:0.5
CE_PIECEACTIVITY:0.4946019063122885
CE_KINGPAWNSHIELD:0.5122409699040863
CE_PIECECOORDINATION:0.5
CE_MATERIAL:0.5089206300138286
CE_KINGSAFETY:0.48489919950286886
C_PIECESQUARETABLES:0.513581545329895
C_MOBILITY:0.5118975397338087
C_KINGSAFETY:0.48409979090616156
C_PAWNSTRUCTURE:0.4948706785908793
C_PIECECOORDINATION:0.4715419024091864
C_ROOKANDPAWNMOVEMENT:0.4715419024091864
C_CENTERCONTROL:0.5071681719560325
C_DEVELOPPIECES:0.4992253915223564
C_MATERIAL:0.5166302646608512
C_MOVECOUNT:0.5
