ELO:1006
CE_PASSEDPAWNS:0.49939575144363996
CE_PAWNWEAKNESSES:0.4929699648182608
CE_PIECEACTIVITY:0.4357161076504599
CE_KINGPAWNSHIELD:0.5062603339932017
CE_PIECECOORDINATION:0.5110078902504861
CE_MATERIAL:0.5
CE_KINGSAFETY:0.5
C_PIECESQUARETABLES:0.5002747172191152
C_MOBILITY:0.5003566029111212
C_KINGSAFETY:0.5043455136844008
C_PAWNSTRUCTURE:0.4760816155891334
C_PIECECOORDINATION:0.5
C_ROOKANDPAWNMOVEMENT:0.5
C_CENTERCONTROL:0.5037052111102848
C_DEVELOPPIECES:0.47293828828532425
C_MATERIAL:0.48957008413017855
C_MOVECOUNT:0.5
