ELO:1295
CE_PASSEDPAWNS:0.44591691272218636
CE_PAWNWEAKNESSES:0.4388417029376938
CE_PIECEACTIVITY:0.5656869858427529
CE_KINGPAWNSHIELD:0.4724421688155378
CE_PIECECOORDINATION:0.42199533293505676
CE_MATERIAL:0.3511313851612655
CE_KINGSAFETY:0.4507232927519646
C_PIECESQUARETABLES:0.5175545995747597
C_MOBILITY:0.4730847911095063
C_KINGSAFETY:0.38355635006094013
C_PAWNSTRUCTURE:0.5290361806945888
C_PIECECOORDINATION:0.5153526779257583
C_ROOKANDPAWNMOVEMENT:0.5153526779257583
C_CENTERCONTROL:0.49156372739612536
C_DEVELOPPIECES:0.46237798810484143
C_MATERIAL:0.5877921496155579
