ELO:919
CE_PASSEDPAWNS:0.5135500075530256
CE_PAWNWEAKNESSES:0.5380303603124116
CE_PIECEACTIVITY:0.4849863966599774
CE_KINGPAWNSHIELD:0.5235349303044114
CE_PIECECOORDINATION:0.5083213700610227
CE_MATERIAL:0.5142513442063558
CE_KINGSAFETY:0.4930637630030942
C_PIECESQUARETABLES:0.5
C_MOBILITY:0.5055980921783995
C_KINGSAFETY:0.48821090766120473
C_PAWNSTRUCTURE:0.5288375802956892
C_PIECECOORDINATION:0.5318537523377841
C_ROOKANDPAWNMOVEMENT:0.5318537523377841
C_CENTERCONTROL:0.4914941323990075
C_DEVELOPPIECES:0.533576925715431
C_MATERIAL:0.47902030428967085
C_MOVECOUNT:0.5065381471413469
