ELO:953
CE_PASSEDPAWNS:0.464397152062628
CE_PAWNWEAKNESSES:0.48824972343856105
CE_PIECEACTIVITY:0.4961727507084547
CE_KINGPAWNSHIELD:0.4962190825739765
CE_PIECECOORDINATION:0.540057356611624
CE_MATERIAL:0.48258943264082704
CE_KINGSAFETY:0.5024251807091744
C_PIECESQUARETABLES:0.5
C_MOBILITY:0.4904513365887436
C_KINGSAFETY:0.5176729127746995
C_PAWNSTRUCTURE:0.5204619433427973
C_PIECECOORDINATION:0.5333859359794934
C_ROOKANDPAWNMOVEMENT:0.5333859359794934
C_CENTERCONTROL:0.5301300879225614
C_DEVELOPPIECES:0.5919173611559427
C_MATERIAL:0.5523973518633228
