ELO:1000
CE_PASSEDPAWNS:0.5171716779257974
CE_PAWNWEAKNESSES:0.4855851581433663
CE_PIECEACTIVITY:0.5077718953308737
CE_KINGPAWNSHIELD:0.4812002722333978
CE_PIECECOORDINATION:0.5198270779510261
CE_MATERIAL:0.4635125128113788
CE_KINGSAFETY:0.5036999705898045
C_PIECESQUARETABLES:0.5043956476514411
C_MOBILITY:0.4901788209382907
C_KINGSAFETY:0.5256164118457101
C_PAWNSTRUCTURE:0.5038250289684612
C_PIECECOORDINATION:0.48727910854541373
C_ROOKANDPAWNMOVEMENT:0.48727910854541373
C_CENTERCONTROL:0.48562188372145026
C_DEVELOPPIECES:0.5329717927231787
C_MATERIAL:0.5127948300451374
