ELO:1006
CE_PASSEDPAWNS:0.4936880059725575
CE_PAWNWEAKNESSES:0.4888091581927735
CE_PIECEACTIVITY:0.49604702994696187
CE_KINGPAWNSHIELD:0.5
CE_PIECECOORDINATION:0.515149843345213
CE_MATERIAL:0.5
CE_KINGSAFETY:0.4882946081032711
C_PIECESQUARETABLES:0.49382917597118825
C_MOBILITY:0.4937226810446658
C_KINGSAFETY:0.4964163689811938
C_PAWNSTRUCTURE:0.4900016129407356
C_PIECECOORDINATION:0.5021904865269823
C_ROOKANDPAWNMOVEMENT:0.5021904865269823
C_CENTERCONTROL:0.508033000443726
C_DEVELOPPIECES:0.4729326632190382
C_MATERIAL:0.512023697416452
