ELO:985
CE_PASSEDPAWNS:0.506960392444209
CE_PAWNWEAKNESSES:0.5134642900722182
CE_PIECEACTIVITY:0.502963655151383
CE_KINGPAWNSHIELD:0.47976930153149455
CE_PIECECOORDINATION:0.5460775727202124
CE_MATERIAL:0.44659929085102595
CE_KINGSAFETY:0.4782667652456661
C_PIECESQUARETABLES:0.4727070500502805
C_MOBILITY:0.4762254108749528
C_KINGSAFETY:0.5037008441020162
C_PAWNSTRUCTURE:0.4765627229725685
C_PIECECOORDINATION:0.48254042111589546
C_ROOKANDPAWNMOVEMENT:0.48254042111589546
C_CENTERCONTROL:0.4623325192597836
C_DEVELOPPIECES:0.5529934577299614
C_MATERIAL:0.5536908348063462
