ELO:996
CE_PASSEDPAWNS:0.4953688584642766
CE_PAWNWEAKNESSES:0.501011953235484
CE_PIECEACTIVITY:0.5014760217674086
CE_KINGPAWNSHIELD:0.5
CE_PIECECOORDINATION:0.5066181822695182
CE_MATERIAL:0.510979710593984
CE_KINGSAFETY:0.4946889510041426
C_PIECESQUARETABLES:0.5026400140341396
C_MOBILITY:0.5032505949791374
C_KINGSAFETY:0.4877372598698343
C_PAWNSTRUCTURE:0.4926749642761814
C_PIECECOORDINATION:0.4665922005310545
C_ROOKANDPAWNMOVEMENT:0.4665922005310545
C_CENTERCONTROL:0.5048461988432832
C_DEVELOPPIECES:0.5
C_MATERIAL:0.5108322097571971
C_MOVECOUNT:0.5
