ELO:980
CE_PASSEDPAWNS:0.5387938947445051
CE_PAWNWEAKNESSES:0.4623836865989056
CE_PIECEACTIVITY:0.5069220504538876
CE_KINGPAWNSHIELD:0.5342941244210528
CE_PIECECOORDINATION:0.5620450345535717
CE_MATERIAL:0.5517405154590023
CE_KINGSAFETY:0.5
C_PIECESQUARETABLES:0.5
C_MOBILITY:0.5042581350046851
C_KINGSAFETY:0.5327058560872754
C_PAWNSTRUCTURE:0.5010686300989745
C_PIECECOORDINATION:0.48631968092599936
C_ROOK:0.5341828004218465
CE_ROOK:0.5395561525469514
C_CENTERCONTROL:0.48425296427325554
C_DEVELOPPIECES:0.49326987677886586
C_MATERIAL:0.461938318662672
C_MOVECOUNT:0.5077527861775265
C_PAWNMOVEMENT:0.4893031928967887
