ELO:978
CE_PASSEDPAWNS:0.4821364151849775
CE_PAWNWEAKNESSES:0.5223937482438308
CE_PIECEACTIVITY:0.5385088009482816
CE_KINGPAWNSHIELD:0.45268648520285715
CE_PIECECOORDINATION:0.5649454531508443
CE_MATERIAL:0.4395054183727319
CE_KINGSAFETY:0.5042489562900986
C_PIECESQUARETABLES:0.5041092977737808
C_MOBILITY:0.4949284969835256
C_KINGSAFETY:0.46663769359239876
C_PAWNSTRUCTURE:0.4194426528384083
C_PIECECOORDINATION:0.4541534554254751
C_ROOKANDPAWNMOVEMENT:0.4541534554254751
C_CENTERCONTROL:0.4751839655857688
C_DEVELOPPIECES:0.48156240996366384
C_MATERIAL:0.5316301168823178
