ELO:988
CE_PASSEDPAWNS:0.5308263464897015
CE_PAWNWEAKNESSES:0.5062332850674818
CE_PIECEACTIVITY:0.497687685544145
CE_KINGPAWNSHIELD:0.4749250576142445
CE_PIECECOORDINATION:0.5345082403767175
CE_MATERIAL:0.449705337940011
CE_KINGSAFETY:0.5130815932158871
C_PIECESQUARETABLES:0.49184748855242677
C_MOBILITY:0.4502282693687637
C_KINGSAFETY:0.5042237620764365
C_PAWNSTRUCTURE:0.4945161296799101
C_PIECECOORDINATION:0.4586584550782499
C_ROOKANDPAWNMOVEMENT:0.4586584550782499
C_CENTERCONTROL:0.4779093274650497
C_DEVELOPPIECES:0.5480726472273099
C_MATERIAL:0.555294180773537
