ELO:1048
CE_PASSEDPAWNS:0.5
CE_PAWNWEAKNESSES:0.5029820388781203
CE_PIECEACTIVITY:0.5
CE_KINGPAWNSHIELD:0.5032588896949598
CE_PIECECOORDINATION:0.5
CE_MATERIAL:0.5006490657699848
CE_KINGSAFETY:0.5
C_PIECESQUARETABLES:0.5
C_MOBILITY:0.5
C_KINGSAFETY:0.49044561743252846
C_PAWNSTRUCTURE:0.5
C_PIECECOORDINATION:0.4804638748046561
C_ROOKANDPAWNMOVEMENT:0.4804638748046561
C_CENTERCONTROL:0.49546902313878655
C_DEVELOPPIECES:0.489815458789553
C_MATERIAL:0.5
C_MOVECOUNT:0.5
