ELO:970
CE_PASSEDPAWNS:0.5119731790142776
CE_PAWNWEAKNESSES:0.5520474801213692
CE_PIECEACTIVITY:0.5393944298942388
CE_KINGPAWNSHIELD:0.5262690159145658
CE_PIECECOORDINATION:0.5061631386665695
CE_MATERIAL:0.4843400746473582
CE_KINGSAFETY:0.5
C_PIECESQUARETABLES:0.5
C_MOBILITY:0.48196802437300984
C_KINGSAFETY:0.49277602918334745
C_PAWNSTRUCTURE:0.502932790819361
C_PIECECOORDINATION:0.51695923734674
C_ROOK:0.44666101308172257
CE_ROOK:0.5218753921039442
C_CENTERCONTROL:0.4797198026492031
C_DEVELOPPIECES:0.48976861333752186
C_MATERIAL:0.5147790722491165
C_MOVECOUNT:0.5163433475297057
C_PAWNMOVEMENT:0.48651899690185996
