ELO:966
CE_PASSEDPAWNS:0.5363954831256319
CE_PAWNWEAKNESSES:0.5342652363541307
CE_PIECEACTIVITY:0.5388010057158524
CE_KINGPAWNSHIELD:0.46255731990686044
CE_PIECECOORDINATION:0.5793307208875647
CE_MATERIAL:0.4090791931046559
CE_KINGSAFETY:0.502396127481823
C_PIECESQUARETABLES:0.48180947061536156
C_MOBILITY:0.453335607329649
C_KINGSAFETY:0.5049759703022235
C_PAWNSTRUCTURE:0.4744207012608651
C_PIECECOORDINATION:0.4222771159683538
C_ROOKANDPAWNMOVEMENT:0.4222771159683538
C_CENTERCONTROL:0.4955944651143903
C_DEVELOPPIECES:0.48125200826941744
C_MATERIAL:0.6027227032374918
