ELO:1005
CE_PASSEDPAWNS:0.5
CE_PAWNWEAKNESSES:0.4897557327552503
CE_PIECEACTIVITY:0.5
CE_KINGPAWNSHIELD:0.4958173069689556
CE_PIECECOORDINATION:0.5313318815455265
CE_MATERIAL:0.4910337856124577
CE_KINGSAFETY:0.5
C_PIECESQUARETABLES:0.5
C_MOBILITY:0.501331382596911
C_KINGSAFETY:0.5
C_PAWNSTRUCTURE:0.5069282384567992
C_PIECECOORDINATION:0.5198424023719114
C_ROOKANDPAWNMOVEMENT:0.5198424023719114
C_CENTERCONTROL:0.5
C_DEVELOPPIECES:0.5
C_MATERIAL:0.4813910197699353
C_MOVECOUNT:0.49273349767874225
