ELO:884
CE_PASSEDPAWNS:0.49012832256566036
CE_PAWNWEAKNESSES:0.5492853008949558
CE_PIECEACTIVITY:0.49016130938293095
CE_KINGPAWNSHIELD:0.5257634151593725
CE_PIECECOORDINATION:0.4772826002253742
CE_MATERIAL:0.5448851368726224
CE_KINGSAFETY:0.4985497372491167
C_PIECESQUARETABLES:0.5159582764366499
C_MOBILITY:0.5106080600167107
C_KINGSAFETY:0.5095564437776408
C_PAWNSTRUCTURE:0.5194059006851934
C_PIECECOORDINATION:0.5456120514369444
C_ROOKANDPAWNMOVEMENT:0.5456120514369444
C_CENTERCONTROL:0.47280296348475387
C_DEVELOPPIECES:0.5481714954749616
C_MATERIAL:0.4693760614112676
C_MOVECOUNT:0.5115776346912783
