ELO:969
CE_PASSEDPAWNS:0.5163215302214448
CE_PAWNWEAKNESSES:0.49950919720907744
CE_PIECEACTIVITY:0.5096365552846387
CE_KINGPAWNSHIELD:0.5100467470991297
CE_PIECECOORDINATION:0.5451594342777148
CE_MATERIAL:0.5230455709700333
CE_KINGSAFETY:0.5106747632891802
C_PIECESQUARETABLES:0.4858158883308618
C_MOBILITY:0.5068229901464971
C_KINGSAFETY:0.5270026523543634
C_PAWNSTRUCTURE:0.495594171700083
C_PIECECOORDINATION:0.48837250987783065
C_ROOK:0.5183098409588117
CE_ROOK:0.5152598214323374
C_CENTERCONTROL:0.4712612308462175
C_DEVELOPPIECES:0.4959663490096225
C_MATERIAL:0.48064252877106406
C_MOVECOUNT:0.4952922770104552
C_PAWNMOVEMENT:0.500885209793413
