ELO:1035
CE_PASSEDPAWNS:0.53861167040301
CE_PAWNWEAKNESSES:0.5868527962632603
CE_PIECEACTIVITY:0.4441612319654065
CE_KINGPAWNSHIELD:0.4840404329688426
CE_PIECECOORDINATION:0.49582413583670754
CE_MATERIAL:0.5232515991107118
CE_KINGSAFETY:0.5007212198797557
C_PIECESQUARETABLES:0.511353778689207
C_MOBILITY:0.5508816922574783
C_KINGSAFETY:0.5736178912017557
C_PAWNSTRUCTURE:0.5370237540736605
C_PIECECOORDINATION:0.5951343058150271
C_ROOKANDPAWNMOVEMENT:0.5951343058150271
C_CENTERCONTROL:0.4859264972931986
C_DEVELOPPIECES:0.4825182510277929
C_MATERIAL:0.532262003525403
