ELO:1000
CE_PASSEDPAWNS:0.48264880468712723
CE_PAWNWEAKNESSES:0.4601095292981203
CE_PIECEACTIVITY:0.4322233853983512
CE_KINGPAWNSHIELD:0.49035762361457635
CE_PIECECOORDINATION:0.46648587561640936
CE_MATERIAL:0.4953084300703165
CE_KINGSAFETY:0.4333336836962908
C_PIECESQUARETABLES:0.5068892066735884
C_MOBILITY:0.5453784533918218
C_KINGSAFETY:0.49895286049369264
C_PAWNSTRUCTURE:0.48941292541038356
C_PIECECOORDINATION:0.5006964860701052
C_ROOKANDPAWNMOVEMENT:0.5006964860701052
C_CENTERCONTROL:0.508994065019355
C_DEVELOPPIECES:0.5437759144699521
C_MATERIAL:0.5443535680738955
