ELO:999
CE_PASSEDPAWNS:0.49123801764200753
CE_PAWNWEAKNESSES:0.5078128488422025
CE_PIECEACTIVITY:0.4992855425033769
CE_KINGPAWNSHIELD:0.5
CE_PIECECOORDINATION:0.5179099010072064
CE_MATERIAL:0.5106171032062816
CE_KINGSAFETY:0.4995098080878004
C_PIECESQUARETABLES:0.5024513768661527
C_MOBILITY:0.5025165859349583
C_KINGSAFETY:0.5108022536775245
C_PAWNSTRUCTURE:0.4985258355090748
C_PIECECOORDINATION:0.5126013853006057
C_ROOKANDPAWNMOVEMENT:0.5126013853006057
C_CENTERCONTROL:0.4917438343859341
C_DEVELOPPIECES:0.48802379518136685
C_MATERIAL:0.49030501010624905
C_MOVECOUNT:0.4953940492225681
