ELO:990
CE_PASSEDPAWNS:0.5127491403691207
CE_PAWNWEAKNESSES:0.4832889992684884
CE_PIECEACTIVITY:0.5024122875339803
CE_KINGPAWNSHIELD:0.542148652346541
CE_PIECECOORDINATION:0.47332007573508267
CE_MATERIAL:0.47054461466129316
CE_KINGSAFETY:0.5
C_PIECESQUARETABLES:0.5
C_MOBILITY:0.48517168924074816
C_KINGSAFETY:0.5083607447229698
C_PAWNSTRUCTURE:0.5170863107158039
C_PIECECOORDINATION:0.5092211678005004
C_ROOKANDPAWNMOVEMENT:0.5092211678005004
C_CENTERCONTROL:0.49337036587516203
C_DEVELOPPIECES:0.4185100998877913
C_MATERIAL:0.5394919580833459
C_MOVECOUNT:0.5
