ELO:970
CE_PASSEDPAWNS:0.5186607684357578
CE_PAWNWEAKNESSES:0.4925453666251554
CE_PIECEACTIVITY:0.4742316035111549
CE_KINGPAWNSHIELD:0.5272145061465539
CE_PIECECOORDINATION:0.5199192506510432
CE_MATERIAL:0.49040638120356983
CE_KINGSAFETY:0.5
C_PIECESQUARETABLES:0.5
C_MOBILITY:0.4907623829239796
C_KINGSAFETY:0.5635575623002018
C_PAWNSTRUCTURE:0.4752434061058694
C_PIECECOORDINATION:0.49610502724682576
C_ROOK:0.4716051912891109
CE_ROOK:0.504678481729518
C_CENTERCONTROL:0.4646696933152871
C_DEVELOPPIECES:0.4968974237584047
C_MATERIAL:0.5168200496197201
C_MOVECOUNT:0.5120435408646398
C_PAWNMOVEMENT:0.4886940843574871
