ELO:958
CE_PASSEDPAWNS:0.5286405798705152
CE_PAWNWEAKNESSES:0.49950919720907744
CE_PIECEACTIVITY:0.5096365552846387
CE_KINGPAWNSHIELD:0.5100467470991297
CE_PIECECOORDINATION:0.5451594342777148
CE_MATERIAL:0.5135042411883368
CE_KINGSAFETY:0.5106747632891802
C_PIECESQUARETABLES:0.49423785002557485
C_MOBILITY:0.5044188043341818
C_KINGSAFETY:0.5270026523543634
C_PAWNSTRUCTURE:0.495594171700083
C_PIECECOORDINATION:0.48837250987783065
C_ROOK:0.5243968234686717
CE_ROOK:0.5152598214323374
C_CENTERCONTROL:0.48004717673554054
C_DEVELOPPIECES:0.49138107395921643
C_MATERIAL:0.48064252877106406
C_MOVECOUNT:0.4952922770104552
C_PAWNMOVEMENT:0.4927680828112442
