ELO:1001
CE_PASSEDPAWNS:0.5156839845540195
CE_PAWNWEAKNESSES:0.49115017843536896
CE_PIECEACTIVITY:0.5975814565428466
CE_KINGPAWNSHIELD:0.4696514729039896
CE_PIECECOORDINATION:0.6086585435350196
CE_MATERIAL:0.5022837315205809
CE_KINGSAFETY:0.5089687009595913
C_PIECESQUARETABLES:0.499541777854432
C_MOBILITY:0.4825079100060699
C_KINGSAFETY:0.5194678114503399
C_PAWNSTRUCTURE:0.49136960914145655
C_PIECECOORDINATION:0.49292707540162867
C_ROOKANDPAWNMOVEMENT:0.49292707540162867
C_CENTERCONTROL:0.3628208528192532
C_DEVELOPPIECES:0.5933423053266473
C_MATERIAL:0.6828983766046607
