ELO:833
CE_PASSEDPAWNS:0.5028763838003355
CE_PAWNWEAKNESSES:0.5604180359352893
CE_PIECEACTIVITY:0.5009233549758005
CE_KINGPAWNSHIELD:0.4906951525720797
CE_PIECECOORDINATION:0.43466448271441066
CE_MATERIAL:0.5000463535490536
CE_KINGSAFETY:0.5130292960151447
C_PIECESQUARETABLES:0.5140916320263911
C_MOBILITY:0.42586927762779336
C_KINGSAFETY:0.49642554227645974
C_PAWNSTRUCTURE:0.46949016727211923
C_PIECECOORDINATION:0.48801141611871657
C_ROOKANDPAWNMOVEMENT:0.48801141611871657
C_CENTERCONTROL:0.5721300294047631
C_DEVELOPPIECES:0.5285007207757243
C_MATERIAL:0.5432611443932562
C_MOVECOUNT:0.5
