ELO:1170
CE_PASSEDPAWNS:0.44263635990380534
CE_PAWNWEAKNESSES:0.5698219771467662
CE_PIECEACTIVITY:0.42931222046788853
CE_KINGPAWNSHIELD:0.47007856838159223
CE_PIECECOORDINATION:0.5273831047927284
CE_MATERIAL:0.4879868932312145
CE_KINGSAFETY:0.5
C_PIECESQUARETABLES:0.5
C_MOBILITY:0.38254123263739204
C_KINGSAFETY:0.3511563187462361
C_PAWNSTRUCTURE:0.6422891328495314
C_PIECECOORDINATION:0.5880373652657829
C_ROOKANDPAWNMOVEMENT:0.5880373652657829
C_CENTERCONTROL:0.4770636599416912
C_DEVELOPPIECES:0.42261362063168517
C_MATERIAL:0.6130718628900625
