ELO:596
CE_PASSEDPAWNS:0.43141106929237694
CE_PAWNWEAKNESSES:0.3551211961104882
CE_PIECEACTIVITY:0.511941050180072
CE_KINGPAWNSHIELD:0.4585736062800983
CE_PIECECOORDINATION:0.5623397374578639
CE_MATERIAL:0.44841151793497985
CE_KINGSAFETY:0.4745976412252882
C_PIECESQUARETABLES:0.44622856267761063
C_MOBILITY:0.36054085859757207
C_KINGSAFETY:0.4698974882782935
C_PAWNSTRUCTURE:0.6278105667089064
C_PIECECOORDINATION:0.42163995222493594
C_ROOKANDPAWNMOVEMENT:0.42163995222493594
C_CENTERCONTROL:0.3997857484147772
C_DEVELOPPIECES:0.45893448160357553
C_MATERIAL:0.404492594763696
C_MOVECOUNT:0.5
