ELO:1094
CE_PASSEDPAWNS:0.5955037066111589
CE_PAWNWEAKNESSES:0.5993742388485297
CE_PIECEACTIVITY:0.4645697038439837
CE_KINGPAWNSHIELD:0.4774259118591802
CE_PIECECOORDINATION:0.44810031167293585
CE_MATERIAL:0.40393057628364376
CE_KINGSAFETY:0.5
C_PIECESQUARETABLES:0.5
C_MOBILITY:0.4396824624856574
C_KINGSAFETY:0.6213123157115533
C_PAWNSTRUCTURE:0.42690699298015655
C_PIECECOORDINATION:0.5025146578548672
C_ROOKANDPAWNMOVEMENT:0.5025146578548672
C_CENTERCONTROL:0.5045291289996497
C_DEVELOPPIECES:0.512712158225299
C_MATERIAL:0.4263126552860587
