ELO:983
CE_PASSEDPAWNS:0.5340516092340968
CE_PAWNWEAKNESSES:0.5097398708692887
CE_PIECEACTIVITY:0.5721032952406139
CE_KINGPAWNSHIELD:0.53813292042305
CE_PIECECOORDINATION:0.4891774685586678
CE_MATERIAL:0.5617660787018814
CE_KINGSAFETY:0.4921682243479767
C_PIECESQUARETABLES:0.5090811531330942
C_MOBILITY:0.506079700746699
C_KINGSAFETY:0.4552035180404179
C_PAWNSTRUCTURE:0.5422566362866527
C_PIECECOORDINATION:0.4226123334335619
C_ROOKANDPAWNMOVEMENT:0.4226123334335619
C_CENTERCONTROL:0.49552648197189886
C_DEVELOPPIECES:0.5422793958335553
C_MATERIAL:0.485493886082905
