ELO:976
CE_PASSEDPAWNS:0.4932349785062051
CE_PAWNWEAKNESSES:0.48503255793149186
CE_PIECEACTIVITY:0.4859948604814817
CE_KINGPAWNSHIELD:0.4873978775872021
CE_PIECECOORDINATION:0.5030187958006579
CE_MATERIAL:0.5049643043997112
CE_KINGSAFETY:0.5106769661337283
C_PIECESQUARETABLES:0.4824366210607936
C_MOBILITY:0.5104329779343336
C_KINGSAFETY:0.4958836204834756
C_PAWNSTRUCTURE:0.46449492716264795
C_PIECECOORDINATION:0.4756497010196339
C_ROOKANDPAWNMOVEMENT:0.4756497010196339
C_CENTERCONTROL:0.49989348292595714
C_DEVELOPPIECES:0.49877444235195156
C_MATERIAL:0.5102703142630884
C_MOVECOUNT:0.5034305969804004
