ELO:943
CE_PASSEDPAWNS:0.5412827442594896
CE_PAWNWEAKNESSES:0.4927898187166239
CE_PIECEACTIVITY:0.4676416817613012
CE_KINGPAWNSHIELD:0.5152875317708562
CE_PIECECOORDINATION:0.4887604410900488
CE_MATERIAL:0.491946557811572
CE_KINGSAFETY:0.5151316917212295
C_PIECESQUARETABLES:0.5
C_MOBILITY:0.4594946716030783
C_KINGSAFETY:0.4515733518316841
C_PAWNSTRUCTURE:0.5254564947941143
C_PIECECOORDINATION:0.5043781350888046
C_ROOK:0.5185801003526068
CE_ROOK:0.5315107233465504
C_CENTERCONTROL:0.47568007076623897
C_DEVELOPPIECES:0.4930921366649054
C_MATERIAL:0.47423057853326267
C_MOVECOUNT:0.5203457457811841
C_PAWNMOVEMENT:0.4670299143394256
