ELO:988
CE_PASSEDPAWNS:0.4946790315103056
CE_PAWNWEAKNESSES:0.521444436546044
CE_PIECEACTIVITY:0.5
CE_KINGPAWNSHIELD:0.5034203164083442
CE_PIECECOORDINATION:0.5030417071075534
CE_MATERIAL:0.504432085740742
CE_KINGSAFETY:0.505721953855521
C_PIECESQUARETABLES:0.5
C_MOBILITY:0.5078247133193914
C_KINGSAFETY:0.5
C_PAWNSTRUCTURE:0.5254329510414922
C_PIECECOORDINATION:0.5095290876230362
C_ROOKANDPAWNMOVEMENT:0.5095290876230362
C_CENTERCONTROL:0.4788039330858914
C_DEVELOPPIECES:0.5234259772111597
C_MATERIAL:0.48289425943929704
C_MOVECOUNT:0.5
