ELO:1000
CE_PASSEDPAWNS:0.5248544342841737
CE_PAWNWEAKNESSES:0.4922375991672218
CE_PIECEACTIVITY:0.5399653873753752
CE_KINGPAWNSHIELD:0.5218196904317294
CE_PIECECOORDINATION:0.5005496867796998
CE_MATERIAL:0.5195134940584869
CE_KINGSAFETY:0.4710046506450837
C_PIECESQUARETABLES:0.5103072607060907
C_MOBILITY:0.5096945198652816
C_KINGSAFETY:0.4777993838427806
C_PAWNSTRUCTURE:0.5283254164174042
C_PIECECOORDINATION:0.47613991747294115
C_ROOKANDPAWNMOVEMENT:0.47613991747294115
C_CENTERCONTROL:0.4921193162324387
C_DEVELOPPIECES:0.5523882679902863
C_MATERIAL:0.5384712778527847
