ELO:945
CE_PASSEDPAWNS:0.5654680517176911
CE_PAWNWEAKNESSES:0.47314983894467183
CE_PIECEACTIVITY:0.5326599354319462
CE_KINGPAWNSHIELD:0.5233393529998912
CE_PIECECOORDINATION:0.4834380443272821
CE_MATERIAL:0.6553349153882746
CE_KINGSAFETY:0.5083721418149051
C_PIECESQUARETABLES:0.5181822087312882
C_MOBILITY:0.45635403794825113
C_KINGSAFETY:0.36387983925515505
C_PAWNSTRUCTURE:0.5623517236528484
C_PIECECOORDINATION:0.41812535342737844
C_ROOKANDPAWNMOVEMENT:0.41812535342737844
C_CENTERCONTROL:0.5317629968813825
C_DEVELOPPIECES:0.5412602120127629
C_MATERIAL:0.5050315146223545
