ELO:970
CE_PASSEDPAWNS:0.4991857934696532
CE_PAWNWEAKNESSES:0.4934230848378426
CE_PIECEACTIVITY:0.5479944131931752
CE_KINGPAWNSHIELD:0.4998667405549111
CE_PIECECOORDINATION:0.5102395647560831
CE_MATERIAL:0.5445469493693262
CE_KINGSAFETY:0.5
C_PIECESQUARETABLES:0.5
C_MOBILITY:0.4947157515746167
C_KINGSAFETY:0.4980439898867262
C_PAWNSTRUCTURE:0.5158714163746096
C_PIECECOORDINATION:0.48439582311866247
C_ROOK:0.5336412950372417
CE_ROOK:0.497120878980388
C_CENTERCONTROL:0.4859222505960312
C_DEVELOPPIECES:0.4848943518283027
C_MATERIAL:0.5290853549424099
C_MOVECOUNT:0.48857277644979424
C_PAWNMOVEMENT:0.48707699168824364
