ELO:769
CE_PASSEDPAWNS:0.3929018430818436
CE_PAWNWEAKNESSES:0.4825063230931234
CE_PIECEACTIVITY:0.5766664865653238
CE_KINGPAWNSHIELD:0.5661026344852257
CE_PIECECOORDINATION:0.4576012632783569
CE_MATERIAL:0.5434119286150457
CE_KINGSAFETY:0.47390504785252013
C_PIECESQUARETABLES:0.5158637922007424
C_MOBILITY:0.49569127528582385
C_KINGSAFETY:0.456179681238919
C_PAWNSTRUCTURE:0.4610108617393514
C_PIECECOORDINATION:0.46934037259094474
C_ROOKANDPAWNMOVEMENT:0.46934037259094474
C_CENTERCONTROL:0.56555636827912
C_DEVELOPPIECES:0.5749593433899589
C_MATERIAL:0.5136666756830588
C_MOVECOUNT:0.5141993838597642
