ELO:988
CE_PASSEDPAWNS:0.5081651896216546
CE_PAWNWEAKNESSES:0.5149921719737238
CE_PIECEACTIVITY:0.5594978002495871
CE_KINGPAWNSHIELD:0.4141554128278837
CE_PIECECOORDINATION:0.44538019471221774
CE_MATERIAL:0.5256846715097648
CE_KINGSAFETY:0.5177950977902718
C_PIECESQUARETABLES:0.49250272783185156
C_MOBILITY:0.501478397709345
C_KINGSAFETY:0.5077087654596292
C_PAWNSTRUCTURE:0.3356995783091856
C_PIECECOORDINATION:0.5350567576815112
C_ROOKANDPAWNMOVEMENT:0.5350567576815112
C_CENTERCONTROL:0.39584622956503673
C_DEVELOPPIECES:0.49406498696033907
C_MATERIAL:0.5831766035462573
