ELO:987
CE_PASSEDPAWNS:0.49371625885626336
CE_PAWNWEAKNESSES:0.48503255793149186
CE_PIECEACTIVITY:0.47675629487560306
CE_KINGPAWNSHIELD:0.4856715335535595
CE_PIECECOORDINATION:0.503645524956631
CE_MATERIAL:0.5117034874682715
CE_KINGSAFETY:0.5054631890290933
C_PIECESQUARETABLES:0.4836502672583997
C_MOBILITY:0.5104329779343336
C_KINGSAFETY:0.49764870006714423
C_PAWNSTRUCTURE:0.46449492716264795
C_PIECECOORDINATION:0.4756497010196339
C_ROOKANDPAWNMOVEMENT:0.4756497010196339
C_CENTERCONTROL:0.49989348292595714
C_DEVELOPPIECES:0.48908689196403066
C_MATERIAL:0.5174600761285241
C_MOVECOUNT:0.5034305969804004
