ELO:912
CE_PASSEDPAWNS:0.4842682974274644
CE_PAWNWEAKNESSES:0.50574418146179
CE_PIECEACTIVITY:0.49412056984189806
CE_KINGPAWNSHIELD:0.46110251594164836
CE_PIECECOORDINATION:0.4772090685582711
CE_MATERIAL:0.5362879659534844
CE_KINGSAFETY:0.5104761133128083
C_PIECESQUARETABLES:0.5255208345711526
C_MOBILITY:0.5029891352376213
C_KINGSAFETY:0.48770676852823236
C_PAWNSTRUCTURE:0.5511961492110814
C_PIECECOORDINATION:0.4580398878731219
C_ROOKANDPAWNMOVEMENT:0.4580398878731219
C_CENTERCONTROL:0.46853702642139394
C_DEVELOPPIECES:0.5246544221810869
C_MATERIAL:0.4905194070097067
C_MOVECOUNT:0.5
