ELO:961
CE_PASSEDPAWNS:0.5076368569638107
CE_PAWNWEAKNESSES:0.50507625479561
CE_PIECEACTIVITY:0.5514582390288185
CE_KINGPAWNSHIELD:0.4770900565961457
CE_PIECECOORDINATION:0.5261957627581166
CE_MATERIAL:0.5077642372438939
CE_KINGSAFETY:0.4985485375138109
C_PIECESQUARETABLES:0.49578101456735274
C_MOBILITY:0.5275434358373539
C_KINGSAFETY:0.5014535350964702
C_PAWNSTRUCTURE:0.4970370544389789
C_PIECECOORDINATION:0.5049934569686322
C_ROOKANDPAWNMOVEMENT:0.5049934569686322
C_CENTERCONTROL:0.47443368162146704
C_DEVELOPPIECES:0.5029738867996498
C_MATERIAL:0.5214873780342368
