ELO:1000
CE_PASSEDPAWNS:0.5162282472593649
CE_PAWNWEAKNESSES:0.5067714176918764
CE_PIECEACTIVITY:0.5590099316670412
CE_KINGPAWNSHIELD:0.5146492423744932
CE_PIECECOORDINATION:0.5132874401321769
CE_MATERIAL:0.5417464658411137
CE_KINGSAFETY:0.4906093431139837
C_PIECESQUARETABLES:0.4697302177116336
C_MOBILITY:0.4802437263195577
C_KINGSAFETY:0.5175175207803817
C_PAWNSTRUCTURE:0.48394021581166236
C_PIECECOORDINATION:0.5484360313058722
C_ROOKANDPAWNMOVEMENT:0.5484360313058722
C_CENTERCONTROL:0.4968063523644259
C_DEVELOPPIECES:0.5135298377424267
C_MATERIAL:0.4401697351235643
