ELO:1000
CE_PASSEDPAWNS:0.5078632994128216
CE_PAWNWEAKNESSES:0.5131543712916518
CE_PIECEACTIVITY:0.5253954142061096
CE_KINGPAWNSHIELD:0.4999488649693193
CE_PIECECOORDINATION:0.4938925160354001
CE_MATERIAL:0.5160516408406404
CE_KINGSAFETY:0.46300000099590255
C_PIECESQUARETABLES:0.5032935723620976
C_MOBILITY:0.5025815831019306
C_KINGSAFETY:0.5067982434701689
C_PAWNSTRUCTURE:0.5134993154425072
C_PIECECOORDINATION:0.4948772211129373
C_ROOKANDPAWNMOVEMENT:0.4948772211129373
C_CENTERCONTROL:0.4894545625733486
C_DEVELOPPIECES:0.5079956881467491
C_MATERIAL:0.5116200839612076
