ELO:746
CE_PASSEDPAWNS:0.4747464777839025
CE_PAWNWEAKNESSES:0.4124538157527309
CE_PIECEACTIVITY:0.4918016090218684
CE_KINGPAWNSHIELD:0.49686860869200566
CE_PIECECOORDINATION:0.5399027934427101
CE_MATERIAL:0.4719798326958364
CE_KINGSAFETY:0.47536657208964955
C_PIECESQUARETABLES:0.46017961030183646
C_MOBILITY:0.39226693018225367
C_KINGSAFETY:0.5091469966145419
C_PAWNSTRUCTURE:0.6227988811600771
C_PIECECOORDINATION:0.43041693638615564
C_ROOKANDPAWNMOVEMENT:0.43041693638615564
C_CENTERCONTROL:0.43943845321388525
C_DEVELOPPIECES:0.45458454715655655
C_MATERIAL:0.43240614161430907
C_MOVECOUNT:0.5
