ELO:1016
CE_PASSEDPAWNS:0.49683610962976477
CE_PAWNWEAKNESSES:0.57993664494942
CE_PIECEACTIVITY:0.5381859931491475
CE_KINGPAWNSHIELD:0.5529955868243267
CE_PIECECOORDINATION:0.5393253102461111
CE_MATERIAL:0.4932520226013339
CE_KINGSAFETY:0.5
C_PIECESQUARETABLES:0.5
C_MOBILITY:0.45157863377922786
C_KINGSAFETY:0.6327992873808133
C_PAWNSTRUCTURE:0.5087295941781529
C_PIECECOORDINATION:0.53374161138447
C_ROOKANDPAWNMOVEMENT:0.53374161138447
C_CENTERCONTROL:0.5904608133048798
C_DEVELOPPIECES:0.5831717939952518
C_MATERIAL:0.43790185561924394
