ELO:1063
CE_PASSEDPAWNS:0.4955693500681259
CE_PAWNWEAKNESSES:0.5942385255537602
CE_PIECEACTIVITY:0.4909635802798972
CE_KINGPAWNSHIELD:0.6208131797722044
CE_PIECECOORDINATION:0.4549540142243569
CE_MATERIAL:0.3487007681513638
CE_KINGSAFETY:0.5021692244076472
C_PIECESQUARETABLES:0.5015838409810259
C_MOBILITY:0.5452259809661169
C_KINGSAFETY:0.5615374521814761
C_PAWNSTRUCTURE:0.48283381952740095
C_PIECECOORDINATION:0.4731641008692996
C_ROOKANDPAWNMOVEMENT:0.4731641008692996
C_CENTERCONTROL:0.5899910287450664
C_DEVELOPPIECES:0.542289417518447
C_MATERIAL:0.40545060761464813
