ELO:1000
CE_PASSEDPAWNS:0.5088074169328576
CE_PAWNWEAKNESSES:0.5069919302821669
CE_PIECEACTIVITY:0.511063545292934
CE_KINGPAWNSHIELD:0.5
CE_PIECECOORDINATION:0.5
CE_MATERIAL:0.5092159954888169
CE_KINGSAFETY:0.48877997732838596
C_PIECESQUARETABLES:0.4936478877287755
C_MOBILITY:0.4934593131976802
C_KINGSAFETY:0.501572491610564
C_PAWNSTRUCTURE:0.5
C_PIECECOORDINATION:0.5049133799003939
C_ROOKANDPAWNMOVEMENT:0.5049133799003939
C_CENTERCONTROL:0.4906534487523148
C_DEVELOPPIECES:0.5037703100817192
C_MATERIAL:0.5
