ELO:919
CE_PASSEDPAWNS:0.43468738468529405
CE_PAWNWEAKNESSES:0.45532759383130844
CE_PIECEACTIVITY:0.5227803922344633
CE_KINGPAWNSHIELD:0.5349390897101182
CE_PIECECOORDINATION:0.494095393987393
CE_MATERIAL:0.5073271390126296
CE_KINGSAFETY:0.5
C_PIECESQUARETABLES:0.5
C_MOBILITY:0.5778028691346486
C_KINGSAFETY:0.38760738330964906
C_PAWNSTRUCTURE:0.49328935077305763
C_PIECECOORDINATION:0.3910300276021699
C_ROOKANDPAWNMOVEMENT:0.3910300276021699
C_CENTERCONTROL:0.4956947928187185
C_DEVELOPPIECES:0.4616370890572572
C_MATERIAL:0.6708187329787222
