ELO:951
CE_PASSEDPAWNS:0.6082775431050379
CE_PAWNWEAKNESSES:0.4852676707462145
CE_PIECEACTIVITY:0.41539187373187414
CE_KINGPAWNSHIELD:0.5040341627270551
CE_PIECECOORDINATION:0.4391177584321445
CE_MATERIAL:0.5500666300984437
CE_KINGSAFETY:0.5129915953562562
C_PIECESQUARETABLES:0.5053793842921513
C_MOBILITY:0.49332429992192595
C_KINGSAFETY:0.5091691396404701
C_PAWNSTRUCTURE:0.44780112737445826
C_PIECECOORDINATION:0.5651351284570593
C_ROOKANDPAWNMOVEMENT:0.5651351284570593
C_CENTERCONTROL:0.4527598970371122
C_DEVELOPPIECES:0.44565717917463743
C_MATERIAL:0.383851122187757
