ELO:919
CE_PASSEDPAWNS:0.621711941416036
CE_PAWNWEAKNESSES:0.5048741944996193
CE_PIECEACTIVITY:0.5577512686127072
CE_KINGPAWNSHIELD:0.4931790014833638
CE_PIECECOORDINATION:0.5359363537378022
CE_MATERIAL:0.5125916341642207
CE_KINGSAFETY:0.5
C_PIECESQUARETABLES:0.5
C_MOBILITY:0.5789303283426519
C_KINGSAFETY:0.4598050911355462
C_PAWNSTRUCTURE:0.6416995513535738
C_PIECECOORDINATION:0.6530013275696301
C_ROOKANDPAWNMOVEMENT:0.6530013275696301
C_CENTERCONTROL:0.4527598970371122
C_DEVELOPPIECES:0.41876405440987324
C_MATERIAL:0.6401978876595843
