ELO:954
CE_PASSEDPAWNS:0.4917079699570176
CE_PAWNWEAKNESSES:0.4934143152928122
CE_PIECEACTIVITY:0.5512910819209471
CE_KINGPAWNSHIELD:0.5444752155370526
CE_PIECECOORDINATION:0.5140681234432738
CE_MATERIAL:0.5109027884820393
CE_KINGSAFETY:0.49139899742769705
C_PIECESQUARETABLES:0.4973141414012219
C_MOBILITY:0.44247681689226165
C_KINGSAFETY:0.4999989697327783
C_PAWNSTRUCTURE:0.5049945310790623
C_PIECECOORDINATION:0.5534433275170215
C_ROOKANDPAWNMOVEMENT:0.5534433275170215
C_CENTERCONTROL:0.5642010956195812
C_DEVELOPPIECES:0.5078834934989332
C_MATERIAL:0.4231773873628506
