ELO:945
CE_PASSEDPAWNS:0.5794553022076318
CE_PAWNWEAKNESSES:0.48664287991504346
CE_PIECEACTIVITY:0.5471581706594276
CE_KINGPAWNSHIELD:0.5214497905133416
CE_PIECECOORDINATION:0.4817107750306606
CE_MATERIAL:0.6596885952602857
CE_KINGSAFETY:0.5139614358915313
C_PIECESQUARETABLES:0.5
C_MOBILITY:0.4557552201000039
C_KINGSAFETY:0.35434512360394305
C_PAWNSTRUCTURE:0.5629163087216483
C_PIECECOORDINATION:0.43333658686859483
C_ROOKANDPAWNMOVEMENT:0.43333658686859483
C_CENTERCONTROL:0.5275537055379946
C_DEVELOPPIECES:0.5346723890010244
C_MATERIAL:0.5280023761957859
