ELO:964
CE_PASSEDPAWNS:0.47816847344916585
CE_PAWNWEAKNESSES:0.4620247769399621
CE_PIECEACTIVITY:0.4961002945817245
CE_KINGPAWNSHIELD:0.5744647531209037
CE_PIECECOORDINATION:0.5363531073099583
CE_MATERIAL:0.5564074738432299
CE_KINGSAFETY:0.5537450012363279
C_PIECESQUARETABLES:0.540201834505541
C_MOBILITY:0.4811056407428565
C_KINGSAFETY:0.4401677454771052
C_PAWNSTRUCTURE:0.45108956217760565
C_PIECECOORDINATION:0.462028445564523
C_ROOKANDPAWNMOVEMENT:0.462028445564523
C_CENTERCONTROL:0.5013250886781858
C_DEVELOPPIECES:0.4917967320594953
C_MATERIAL:0.4531670640664465
C_MOVECOUNT:0.49603296929372065
