ELO:1089
CE_PASSEDPAWNS:0.6216628427623379
CE_PAWNWEAKNESSES:0.4913955703625296
CE_PIECEACTIVITY:0.4749362909216822
CE_KINGPAWNSHIELD:0.47928980213841954
CE_PIECECOORDINATION:0.4803925721213925
CE_MATERIAL:0.45398262924940724
CE_KINGSAFETY:0.5
C_PIECESQUARETABLES:0.49110718545611476
C_MOBILITY:0.42105203460517804
C_KINGSAFETY:0.5050944978781385
C_PAWNSTRUCTURE:0.41159374709656454
C_PIECECOORDINATION:0.48541153609049625
C_ROOKANDPAWNMOVEMENT:0.48541153609049625
C_CENTERCONTROL:0.5142783283318642
C_DEVELOPPIECES:0.574716559064016
C_MATERIAL:0.42037145141469806
