ELO:670
CE_PASSEDPAWNS:0.4775973921393127
CE_PAWNWEAKNESSES:0.4279346838261338
CE_PIECEACTIVITY:0.48177779600836546
CE_KINGPAWNSHIELD:0.48090849876742603
CE_PIECECOORDINATION:0.5172800476156304
CE_MATERIAL:0.5011217615502203
CE_KINGSAFETY:0.4904400498598245
C_PIECESQUARETABLES:0.46092558178368304
C_MOBILITY:0.4352677438332828
C_KINGSAFETY:0.4601176692832439
C_PAWNSTRUCTURE:0.6035766082410176
C_PIECECOORDINATION:0.4093548704375998
C_ROOKANDPAWNMOVEMENT:0.4093548704375998
C_CENTERCONTROL:0.4531173478602207
C_DEVELOPPIECES:0.4330988753312418
C_MATERIAL:0.5045727225786779
C_MOVECOUNT:0.5
