ELO:953
CE_PASSEDPAWNS:0.5596923447326672
CE_PAWNWEAKNESSES:0.4828130994765403
CE_PIECEACTIVITY:0.5512573738803106
CE_KINGPAWNSHIELD:0.49713549231406573
CE_PIECECOORDINATION:0.49504073231598184
CE_MATERIAL:0.6256807678120103
CE_KINGSAFETY:0.5
C_PIECESQUARETABLES:0.512085622226056
C_MOBILITY:0.4739585210848357
C_KINGSAFETY:0.40972659010252477
C_PAWNSTRUCTURE:0.5641056777825557
C_PIECECOORDINATION:0.4258750988704896
C_ROOKANDPAWNMOVEMENT:0.4258750988704896
C_CENTERCONTROL:0.5025335931900999
C_DEVELOPPIECES:0.5617525696703447
C_MATERIAL:0.5218498271241359
