ELO:943
CE_PASSEDPAWNS:0.5269487997226703
CE_PAWNWEAKNESSES:0.5066221632762675
CE_PIECEACTIVITY:0.506527871823467
CE_KINGPAWNSHIELD:0.515500607597445
CE_PIECECOORDINATION:0.5234261308610808
CE_MATERIAL:0.48428812818199285
CE_KINGSAFETY:0.5072614389117068
C_PIECESQUARETABLES:0.4918246610837518
C_MOBILITY:0.4475265813261049
C_KINGSAFETY:0.4560011967295439
C_PAWNSTRUCTURE:0.5194658561961223
C_PIECECOORDINATION:0.5054574186538348
C_ROOK:0.45064530416012205
CE_ROOK:0.5242523857196097
C_CENTERCONTROL:0.4571263882489953
C_DEVELOPPIECES:0.47294326441462053
C_MATERIAL:0.493550734361113
C_MOVECOUNT:0.4792423125624804
C_PAWNMOVEMENT:0.47390276561572814
