ELO:1001
CE_PASSEDPAWNS:0.5
CE_PAWNWEAKNESSES:0.5279559417062814
CE_PIECEACTIVITY:0.51219038230325
CE_KINGPAWNSHIELD:0.5185945176826122
CE_PIECECOORDINATION:0.5
CE_MATERIAL:0.5
CE_KINGSAFETY:0.5
C_PIECESQUARETABLES:0.5
C_MOBILITY:0.5
C_KINGSAFETY:0.5003674053412251
C_PAWNSTRUCTURE:0.5
C_PIECECOORDINATION:0.5040233095510648
C_ROOKANDPAWNMOVEMENT:0.5040233095510648
C_CENTERCONTROL:0.5177276569145328
C_DEVELOPPIECES:0.5084005973394576
C_MATERIAL:0.5031185353104736
C_MOVECOUNT:0.5107807779941246
