ELO:1102
CE_PASSEDPAWNS:0.6532876568602569
CE_PAWNWEAKNESSES:0.5049538678398092
CE_PIECEACTIVITY:0.47707812532962285
CE_KINGPAWNSHIELD:0.6102639469655448
CE_PIECECOORDINATION:0.49818046057113036
CE_MATERIAL:0.4847755725213754
CE_KINGSAFETY:0.4821603996834772
C_PIECESQUARETABLES:0.5
C_MOBILITY:0.4258610629653073
C_KINGSAFETY:0.4871314538006099
C_PAWNSTRUCTURE:0.41040599071577993
C_PIECECOORDINATION:0.471519453116221
C_ROOKANDPAWNMOVEMENT:0.471519453116221
C_CENTERCONTROL:0.5054105793357092
C_DEVELOPPIECES:0.5216844871255559
C_MATERIAL:0.4063918105112338
