ELO:1092
CE_PASSEDPAWNS:0.442079627642516
CE_PAWNWEAKNESSES:0.4414529366749653
CE_PIECEACTIVITY:0.4640487317855847
CE_KINGPAWNSHIELD:0.6208131797722044
CE_PIECECOORDINATION:0.44810031167293585
CE_MATERIAL:0.384534462048515
CE_KINGSAFETY:0.5
C_PIECESQUARETABLES:0.509023443713706
C_MOBILITY:0.4086978956209584
C_KINGSAFETY:0.586737515744408
C_PAWNSTRUCTURE:0.4087560442796934
C_PIECECOORDINATION:0.4700045588255
C_ROOKANDPAWNMOVEMENT:0.4700045588255
C_CENTERCONTROL:0.5916556751746048
C_DEVELOPPIECES:0.464302331748555
C_MATERIAL:0.3854328980499914
