ELO:965
CE_PASSEDPAWNS:0.5312489045686261
CE_PAWNWEAKNESSES:0.5066221632762675
CE_PIECEACTIVITY:0.5097528932408014
CE_KINGPAWNSHIELD:0.515500607597445
CE_PIECECOORDINATION:0.5234261308610808
CE_MATERIAL:0.4953312556202537
CE_KINGSAFETY:0.5103496426546257
C_PIECESQUARETABLES:0.4918246610837518
C_MOBILITY:0.43878934217485305
C_KINGSAFETY:0.4664773165932933
C_PAWNSTRUCTURE:0.5127805488665982
C_PIECECOORDINATION:0.501635877557535
C_ROOK:0.45064530416012205
CE_ROOK:0.5242523857196097
C_CENTERCONTROL:0.46162755091005353
C_DEVELOPPIECES:0.47552751732783244
C_MATERIAL:0.493550734361113
C_MOVECOUNT:0.4577975513991234
C_PAWNMOVEMENT:0.47390276561572814
