ELO:1000
CE_PASSEDPAWNS:0.4997342649279064
CE_PAWNWEAKNESSES:0.5374533293972634
CE_PIECEACTIVITY:0.532152265464608
CE_KINGPAWNSHIELD:0.5212129549329262
CE_PIECECOORDINATION:0.5021777535878427
CE_MATERIAL:0.5142587930225011
CE_KINGSAFETY:0.4570893985332056
C_PIECESQUARETABLES:0.49161907614198935
C_MOBILITY:0.5077846823188983
C_KINGSAFETY:0.527123784461661
C_PAWNSTRUCTURE:0.5134993154425072
C_PIECECOORDINATION:0.513448000032528
C_ROOKANDPAWNMOVEMENT:0.513448000032528
C_CENTERCONTROL:0.48468497228027874
C_DEVELOPPIECES:0.5079956881467491
C_MATERIAL:0.48991982797808886
