ELO:1035
CE_PASSEDPAWNS:0.5791137858242319
CE_PAWNWEAKNESSES:0.5478687266874437
CE_PIECEACTIVITY:0.47885011597828286
CE_KINGPAWNSHIELD:0.6317835528480428
CE_PIECECOORDINATION:0.5578354790445674
CE_MATERIAL:0.458767554460892
CE_KINGSAFETY:0.5143773863996234
C_PIECESQUARETABLES:0.5177055104235491
C_MOBILITY:0.4263823095420351
C_KINGSAFETY:0.5587355261020558
C_PAWNSTRUCTURE:0.49625869247384624
C_PIECECOORDINATION:0.4523634501540397
C_ROOKANDPAWNMOVEMENT:0.4523634501540397
C_CENTERCONTROL:0.593185795820689
C_DEVELOPPIECES:0.44805189004608253
C_MATERIAL:0.4173605734683474
