ELO:988
CE_PASSEDPAWNS:0.3671258369474086
CE_PAWNWEAKNESSES:0.5077934948575832
CE_PIECEACTIVITY:0.5115517959390631
CE_KINGPAWNSHIELD:0.4141554128278837
CE_PIECECOORDINATION:0.4748633589346006
CE_MATERIAL:0.5150658871186516
CE_KINGSAFETY:0.48978362932432495
C_PIECESQUARETABLES:0.49250272783185156
C_MOBILITY:0.4987753502855957
C_KINGSAFETY:0.5734646922977937
C_PAWNSTRUCTURE:0.3363333114070911
C_PIECECOORDINATION:0.5350636233557649
C_ROOKANDPAWNMOVEMENT:0.5350636233557649
C_CENTERCONTROL:0.35488331713916
C_DEVELOPPIECES:0.48704770385448476
C_MATERIAL:0.584014757758021
