ELO:961
CE_PASSEDPAWNS:0.48252328709679987
CE_PAWNWEAKNESSES:0.5106279508394078
CE_PIECEACTIVITY:0.5357241387371228
CE_KINGPAWNSHIELD:0.44605197559334414
CE_PIECECOORDINATION:0.5310421491131581
CE_MATERIAL:0.5087340957963782
CE_KINGSAFETY:0.48273606412658016
C_PIECESQUARETABLES:0.5171615773287336
C_MOBILITY:0.5229182303555053
C_KINGSAFETY:0.5072265802441306
C_PAWNSTRUCTURE:0.4869899949321656
C_PIECECOORDINATION:0.4859845335983485
C_ROOKANDPAWNMOVEMENT:0.4859845335983485
C_CENTERCONTROL:0.46241335258384864
C_DEVELOPPIECES:0.5355159952843228
C_MATERIAL:0.47823360214870597
C_MOVECOUNT:0.5043514927493784
