ELO:969
CE_PASSEDPAWNS:0.5026015863173344
CE_PAWNWEAKNESSES:0.5203108932532594
CE_PIECEACTIVITY:0.567710229876115
CE_KINGPAWNSHIELD:0.517520596985161
CE_PIECECOORDINATION:0.492867710558615
CE_MATERIAL:0.5413299532500642
CE_KINGSAFETY:0.5
C_PIECESQUARETABLES:0.5047811606512143
C_MOBILITY:0.49166106042511165
C_KINGSAFETY:0.46957578928237964
C_PAWNSTRUCTURE:0.5194609138641931
C_PIECECOORDINATION:0.5532304423219622
C_ROOKANDPAWNMOVEMENT:0.5532304423219622
C_CENTERCONTROL:0.5224345678471026
C_DEVELOPPIECES:0.519390268467416
C_MATERIAL:0.4652343009869444
