ELO:1054
CE_PASSEDPAWNS:0.49022558768279406
CE_PAWNWEAKNESSES:0.52180516396023
CE_PIECEACTIVITY:0.45575388108941184
CE_KINGPAWNSHIELD:0.35456929894608796
CE_PIECECOORDINATION:0.5707969823983154
CE_MATERIAL:0.4844419360436858
CE_KINGSAFETY:0.5133309537523547
C_PIECESQUARETABLES:0.5
C_MOBILITY:0.4455170774255024
C_KINGSAFETY:0.5615374521814761
C_PAWNSTRUCTURE:0.5474490426340357
C_PIECECOORDINATION:0.4782911174709608
C_ROOKANDPAWNMOVEMENT:0.4782911174709608
C_CENTERCONTROL:0.4650641737921429
C_DEVELOPPIECES:0.5842072265708658
C_MATERIAL:0.4075681008629328
