ELO:953
CE_PASSEDPAWNS:0.5230369945211323
CE_PAWNWEAKNESSES:0.5030701238870869
CE_PIECEACTIVITY:0.4897519886883098
CE_KINGPAWNSHIELD:0.5047112134992153
CE_PIECECOORDINATION:0.4911387277425128
CE_MATERIAL:0.5232472174519223
CE_KINGSAFETY:0.4983379844838925
C_PIECESQUARETABLES:0.49053377930908815
C_MOBILITY:0.4758735588204521
C_KINGSAFETY:0.4612160845234233
C_PAWNSTRUCTURE:0.5332711214591336
C_PIECECOORDINATION:0.5003627760887163
C_ROOK:0.5147428547623673
CE_ROOK:0.5240734425836077
C_CENTERCONTROL:0.4781978663270157
C_DEVELOPPIECES:0.49314857501776493
C_MATERIAL:0.4818722233362483
C_MOVECOUNT:0.5140462161330578
C_PAWNMOVEMENT:0.45677719448036647
