ELO:954
CE_PASSEDPAWNS:0.49782691592770406
CE_PAWNWEAKNESSES:0.4971615524121858
CE_PIECEACTIVITY:0.5490565074488378
CE_KINGPAWNSHIELD:0.5336921267177301
CE_PIECECOORDINATION:0.5014286359694439
CE_MATERIAL:0.5357693090848636
CE_KINGSAFETY:0.5000662250482306
C_PIECESQUARETABLES:0.5293745197035057
C_MOBILITY:0.45606227893756457
C_KINGSAFETY:0.48879320115835173
C_PAWNSTRUCTURE:0.5157790686439081
C_PIECECOORDINATION:0.5387319730284074
C_ROOKANDPAWNMOVEMENT:0.5387319730284074
C_CENTERCONTROL:0.5548696130033084
C_DEVELOPPIECES:0.5006832079239214
C_MATERIAL:0.4318554912672252
