ELO:988
CE_PASSEDPAWNS:0.5149780710253891
CE_PAWNWEAKNESSES:0.49553099591188227
CE_PIECEACTIVITY:0.5
CE_KINGPAWNSHIELD:0.5022828386536182
CE_PIECECOORDINATION:0.5
CE_MATERIAL:0.5
CE_KINGSAFETY:0.5006500485207871
C_PIECESQUARETABLES:0.4895390824713317
C_MOBILITY:0.5052057474717767
C_KINGSAFETY:0.5
C_PAWNSTRUCTURE:0.501005232703851
C_PIECECOORDINATION:0.5
C_ROOK:0.5
CE_ROOK:0.5
C_CENTERCONTROL:0.5
C_DEVELOPPIECES:0.5
C_MATERIAL:0.5222657316067824
C_MOVECOUNT:0.5
C_PAWNMOVEMENT:0.5
