ELO:988
CE_PASSEDPAWNS:0.4882652348333251
CE_PAWNWEAKNESSES:0.502271772759786
CE_PIECEACTIVITY:0.5851459563209566
CE_KINGPAWNSHIELD:0.5451996319772747
CE_PIECECOORDINATION:0.5054117738432199
CE_MATERIAL:0.5281927674886523
CE_KINGSAFETY:0.4939603350833325
C_PIECESQUARETABLES:0.4821883634230723
C_MOBILITY:0.5124097088435868
C_KINGSAFETY:0.46303837906054385
C_PAWNSTRUCTURE:0.5337547325357872
C_PIECECOORDINATION:0.44189829977670153
C_ROOKANDPAWNMOVEMENT:0.44189829977670153
C_CENTERCONTROL:0.49918802772414056
C_DEVELOPPIECES:0.5367293675958877
C_MATERIAL:0.4871432321312586
