ELO:914
CE_PASSEDPAWNS:0.4795310238054281
CE_PAWNWEAKNESSES:0.5074413358386403
CE_PIECEACTIVITY:0.5115396656160512
CE_KINGPAWNSHIELD:0.473584914797056
CE_PIECECOORDINATION:0.4956172558506786
CE_MATERIAL:0.5059916148197224
CE_KINGSAFETY:0.5018282182926919
C_PIECESQUARETABLES:0.49260816356961296
C_MOBILITY:0.5073001180059505
C_KINGSAFETY:0.49516388775307174
C_PAWNSTRUCTURE:0.4683642731148643
C_PIECECOORDINATION:0.4642921461462478
C_ROOKANDPAWNMOVEMENT:0.4642921461462478
C_CENTERCONTROL:0.5122224238243533
C_DEVELOPPIECES:0.49910351433973293
C_MATERIAL:0.5046408732653866
C_MOVECOUNT:0.503946079028705
