ELO:955
CE_PASSEDPAWNS:0.5412827442594896
CE_PAWNWEAKNESSES:0.5016994162514931
CE_PIECEACTIVITY:0.47585779187534993
CE_KINGPAWNSHIELD:0.5117143928792933
CE_PIECECOORDINATION:0.4949294957526498
CE_MATERIAL:0.5002366718140474
CE_KINGSAFETY:0.5
C_PIECESQUARETABLES:0.5
C_MOBILITY:0.4594946716030783
C_KINGSAFETY:0.460843644739109
C_PAWNSTRUCTURE:0.5254564947941143
C_PIECECOORDINATION:0.4954035823115941
C_ROOK:0.510717457294155
CE_ROOK:0.5315107233465504
C_CENTERCONTROL:0.48458139764514946
C_DEVELOPPIECES:0.48817955882186126
C_MATERIAL:0.48209936722379265
C_MOVECOUNT:0.5356139690218368
C_PAWNMOVEMENT:0.4670299143394256
