ELO:871
CE_PASSEDPAWNS:0.4864168661915793
CE_PAWNWEAKNESSES:0.479259359879151
CE_PIECEACTIVITY:0.453979963387553
CE_KINGPAWNSHIELD:0.49649392645698787
CE_PIECECOORDINATION:0.5354433957126876
CE_MATERIAL:0.5207289791367513
CE_KINGSAFETY:0.487567894180269
C_PIECESQUARETABLES:0.4750979775384934
C_MOBILITY:0.4652124332955252
C_KINGSAFETY:0.5256947118673089
C_PAWNSTRUCTURE:0.5275205932264229
C_PIECECOORDINATION:0.424438963934518
C_ROOKANDPAWNMOVEMENT:0.424438963934518
C_CENTERCONTROL:0.5051488498551939
C_DEVELOPPIECES:0.4585047757792449
C_MATERIAL:0.4904288486214602
C_MOVECOUNT:0.5
