ELO:1000
CE_PASSEDPAWNS:0.5030718254331231
CE_PAWNWEAKNESSES:0.5159126972873344
CE_PIECEACTIVITY:0.5659421338353868
CE_KINGPAWNSHIELD:0.5658597607732466
CE_PIECECOORDINATION:0.5047363754160749
CE_MATERIAL:0.5187740310530476
CE_KINGSAFETY:0.4853255444617561
C_PIECESQUARETABLES:0.5265056417559204
C_MOBILITY:0.517012858050598
C_KINGSAFETY:0.47367202273237263
C_PAWNSTRUCTURE:0.541831327452346
C_PIECECOORDINATION:0.47976178742888054
C_ROOKANDPAWNMOVEMENT:0.47976178742888054
C_CENTERCONTROL:0.5117108711860734
C_DEVELOPPIECES:0.5441680590828789
C_MATERIAL:0.5221924336132032
