ELO:890
CE_PASSEDPAWNS:0.4996727679962702
CE_PAWNWEAKNESSES:0.5069267212514855
CE_PIECEACTIVITY:0.5284277358797244
CE_KINGPAWNSHIELD:0.4317664758276012
CE_PIECECOORDINATION:0.5176226477811979
CE_MATERIAL:0.47641789647184885
CE_KINGSAFETY:0.4633564898118138
C_PIECESQUARETABLES:0.520968576145967
C_MOBILITY:0.5036817358779001
C_KINGSAFETY:0.5046787178074272
C_PAWNSTRUCTURE:0.4714484279983165
C_PIECECOORDINATION:0.4992467295753808
C_ROOKANDPAWNMOVEMENT:0.4992467295753808
C_CENTERCONTROL:0.5509059007186494
C_DEVELOPPIECES:0.4565458979960152
C_MATERIAL:0.4652921931531392
C_MOVECOUNT:0.4509402692576933
