ELO:958
CE_PASSEDPAWNS:0.4523999581866321
CE_PAWNWEAKNESSES:0.4838393800714451
CE_PIECEACTIVITY:0.5182950831181796
CE_KINGPAWNSHIELD:0.4715212771858424
CE_PIECECOORDINATION:0.456197087130665
CE_MATERIAL:0.4938990376822625
CE_KINGSAFETY:0.5178613662434931
C_PIECESQUARETABLES:0.5157481268770352
C_MOBILITY:0.5231752594572934
C_KINGSAFETY:0.5122871073652969
C_PAWNSTRUCTURE:0.4824220186455907
C_PIECECOORDINATION:0.4682993797493603
C_ROOKANDPAWNMOVEMENT:0.4682993797493603
C_CENTERCONTROL:0.5423904260341416
C_DEVELOPPIECES:0.5002685749386279
C_MATERIAL:0.4837995618528273
C_MOVECOUNT:0.5
