ELO:1000
CE_PASSEDPAWNS:0.49120226540363865
CE_PAWNWEAKNESSES:0.501678130198169
CE_PIECEACTIVITY:0.5194546237290704
CE_KINGPAWNSHIELD:0.5071225468196919
CE_PIECECOORDINATION:0.5006414886491842
CE_MATERIAL:0.5122256588604401
CE_KINGSAFETY:0.4856561869333055
C_PIECESQUARETABLES:0.5001493695438797
C_MOBILITY:0.5212371135230923
C_KINGSAFETY:0.48942456876759405
C_PAWNSTRUCTURE:0.5059029648274037
C_PIECECOORDINATION:0.5
C_ROOKANDPAWNMOVEMENT:0.5
C_CENTERCONTROL:0.49433966538817314
C_DEVELOPPIECES:0.5157001363169886
C_MATERIAL:0.5200291418274724
