ELO:955
CE_PASSEDPAWNS:0.5412827442594896
CE_PAWNWEAKNESSES:0.5016994162514931
CE_PIECEACTIVITY:0.47585779187534993
CE_KINGPAWNSHIELD:0.5117143928792933
CE_PIECECOORDINATION:0.48857493557561515
CE_MATERIAL:0.49385677491180946
CE_KINGSAFETY:0.5032347137154809
C_PIECESQUARETABLES:0.5082562613659714
C_MOBILITY:0.4711111833791024
C_KINGSAFETY:0.45019666150178395
C_PAWNSTRUCTURE:0.5254564947941143
C_PIECECOORDINATION:0.4872872505685309
C_ROOK:0.510717457294155
CE_ROOK:0.5315107233465504
C_CENTERCONTROL:0.48458139764514946
C_DEVELOPPIECES:0.4899088883525648
C_MATERIAL:0.48209936722379265
C_MOVECOUNT:0.5256278956049559
C_PAWNMOVEMENT:0.4670299143394256
