ELO:896
CE_PASSEDPAWNS:0.4756936302220719
CE_PAWNWEAKNESSES:0.50574418146179
CE_PIECEACTIVITY:0.4921547009473291
CE_KINGPAWNSHIELD:0.46664595105424644
CE_PIECECOORDINATION:0.4772090685582711
CE_MATERIAL:0.5454337908291091
CE_KINGSAFETY:0.5107992331298171
C_PIECESQUARETABLES:0.5303645686470474
C_MOBILITY:0.5135333597389272
C_KINGSAFETY:0.4928825923966711
C_PAWNSTRUCTURE:0.5511961492110814
C_PIECECOORDINATION:0.45328757923232005
C_ROOKANDPAWNMOVEMENT:0.45328757923232005
C_CENTERCONTROL:0.46853702642139394
C_DEVELOPPIECES:0.5195223526093556
C_MATERIAL:0.4905194070097067
C_MOVECOUNT:0.5
