ELO:965
CE_PASSEDPAWNS:0.5238855248259529
CE_PAWNWEAKNESSES:0.5066644503257497
CE_PIECEACTIVITY:0.4818384513378314
CE_KINGPAWNSHIELD:0.5083833763504801
CE_PIECECOORDINATION:0.502926669978486
CE_MATERIAL:0.4886212346995486
CE_KINGSAFETY:0.4999670895597386
C_PIECESQUARETABLES:0.5
C_MOBILITY:0.49021324439202385
C_KINGSAFETY:0.5005183564979312
C_PAWNSTRUCTURE:0.4988207160209333
C_PIECECOORDINATION:0.5197445084211862
C_ROOKANDPAWNMOVEMENT:0.5197445084211862
C_CENTERCONTROL:0.5109031422994216
C_DEVELOPPIECES:0.4876781882614319
C_MATERIAL:0.5181824511912485
C_MOVECOUNT:0.5144833539169446
