ELO:943
CE_PASSEDPAWNS:0.39331381031244345
CE_PAWNWEAKNESSES:0.46183395409101907
CE_PIECEACTIVITY:0.4027214603571817
CE_KINGPAWNSHIELD:0.44606640118163515
CE_PIECECOORDINATION:0.5282091586477697
CE_MATERIAL:0.4924439711546118
CE_KINGSAFETY:0.4738268045236787
C_PIECESQUARETABLES:0.5003765477965768
C_MOBILITY:0.5448395500087048
C_KINGSAFETY:0.5335816770693033
C_PAWNSTRUCTURE:0.449924885544017
C_PIECECOORDINATION:0.4754034393428311
C_ROOKANDPAWNMOVEMENT:0.4754034393428311
C_CENTERCONTROL:0.3460801969506043
C_DEVELOPPIECES:0.4391697080211117
C_MATERIAL:0.5084006235139543
