ELO:963
CE_PASSEDPAWNS:0.4677536922624849
CE_PAWNWEAKNESSES:0.5245594364798619
CE_PIECEACTIVITY:0.4956409563779066
CE_KINGPAWNSHIELD:0.4968574954129647
CE_PIECECOORDINATION:0.4821395130546438
CE_MATERIAL:0.5092560037865277
CE_KINGSAFETY:0.49898583939855534
C_PIECESQUARETABLES:0.49355251146504403
C_MOBILITY:0.5172077349624725
C_KINGSAFETY:0.48653559068916186
C_PAWNSTRUCTURE:0.5173225149350639
C_PIECECOORDINATION:0.5277205392789782
C_ROOK:0.4977128008582798
CE_ROOK:0.498464610790544
C_CENTERCONTROL:0.5151690649009747
C_DEVELOPPIECES:0.48150149913570944
C_MATERIAL:0.5401188242227247
C_MOVECOUNT:0.494479970347903
C_PAWNMOVEMENT:0.5383502774046154
