ELO:1023
CE_PASSEDPAWNS:0.45772484684927484
CE_PAWNWEAKNESSES:0.49985289745132394
CE_PIECEACTIVITY:0.511042485622021
CE_KINGPAWNSHIELD:0.49731459082941043
CE_PIECECOORDINATION:0.5055398459694064
CE_MATERIAL:0.4994793841422356
CE_KINGSAFETY:0.5
C_PIECESQUARETABLES:0.5
C_MOBILITY:0.5175450428029121
C_KINGSAFETY:0.4925469210949234
C_PAWNSTRUCTURE:0.511384268934149
C_PIECECOORDINATION:0.5129933973770763
C_ROOK:0.48988012668254965
CE_ROOK:0.5003173169310787
C_CENTERCONTROL:0.5259603426439946
C_DEVELOPPIECES:0.4965373716095535
C_MATERIAL:0.5069213042232714
C_MOVECOUNT:0.5045112215396644
C_PAWNMOVEMENT:0.4715682428502351
