ELO:976
CE_PASSEDPAWNS:0.4178715381009189
CE_PAWNWEAKNESSES:0.44378714917164697
CE_PIECEACTIVITY:0.41201108602067027
CE_KINGPAWNSHIELD:0.4559282341714636
CE_PIECECOORDINATION:0.5195441185554188
CE_MATERIAL:0.5155952390705373
CE_KINGSAFETY:0.48596192839838415
C_PIECESQUARETABLES:0.5122373439221054
C_MOBILITY:0.5025502375819922
C_KINGSAFETY:0.5161216406957059
C_PAWNSTRUCTURE:0.47012713952366725
C_PIECECOORDINATION:0.4794260436147209
C_ROOKANDPAWNMOVEMENT:0.4794260436147209
C_CENTERCONTROL:0.45321458494344186
C_DEVELOPPIECES:0.5079480151555835
C_MATERIAL:0.514564456626798
