ELO:989
CE_PASSEDPAWNS:0.46786203854359537
CE_PAWNWEAKNESSES:0.5027995330366003
CE_PIECEACTIVITY:0.49680065262814005
CE_KINGPAWNSHIELD:0.4823598158175468
CE_PIECECOORDINATION:0.48324106357026086
CE_MATERIAL:0.4884532798291629
CE_KINGSAFETY:0.49598010494664707
C_PIECESQUARETABLES:0.503802572588858
C_MOBILITY:0.49652555536443943
C_KINGSAFETY:0.4780652196686383
C_PAWNSTRUCTURE:0.5087781827323065
C_PIECECOORDINATION:0.537556724273145
C_ROOK:0.48947138409750474
CE_ROOK:0.5076605600691864
C_CENTERCONTROL:0.5159451580664272
C_DEVELOPPIECES:0.4906027392143237
C_MATERIAL:0.5140541945730545
C_MOVECOUNT:0.5008460008182387
C_PAWNMOVEMENT:0.524499878683092
