ELO:998
CE_PASSEDPAWNS:0.5029274643334581
CE_PAWNWEAKNESSES:0.5135461187199776
CE_PIECEACTIVITY:0.5151793428332982
CE_KINGPAWNSHIELD:0.507904524566426
CE_PIECECOORDINATION:0.4968994147405076
CE_MATERIAL:0.4842817063324238
CE_KINGSAFETY:0.5208575391018985
C_PIECESQUARETABLES:0.5182545131576858
C_MOBILITY:0.46634862263817684
C_KINGSAFETY:0.49855441063386474
C_PAWNSTRUCTURE:0.4955792640210406
C_PIECECOORDINATION:0.5112189609944323
C_ROOK:0.48089890410659614
CE_ROOK:0.510915668235896
C_CENTERCONTROL:0.4978438724292434
C_DEVELOPPIECES:0.4989980149389689
C_MATERIAL:0.49203779366916023
C_MOVECOUNT:0.48941898129380373
C_PAWNMOVEMENT:0.49088724346549434
