ELO:1000
CE_PASSEDPAWNS:0.42671503598147803
CE_PAWNWEAKNESSES:0.4617261564559385
CE_PIECEACTIVITY:0.4756116993982325
CE_KINGPAWNSHIELD:0.5033547830146811
CE_PIECECOORDINATION:0.5125011668321331
CE_MATERIAL:0.5154343784530718
CE_KINGSAFETY:0.5087478725379926
C_PIECESQUARETABLES:0.5036900073461784
C_MOBILITY:0.47752940220496787
C_KINGSAFETY:0.5351681216093064
C_PAWNSTRUCTURE:0.4542344007247192
C_PIECECOORDINATION:0.4574361518165666
C_ROOKANDPAWNMOVEMENT:0.4574361518165666
C_CENTERCONTROL:0.4662267861343216
C_DEVELOPPIECES:0.5446697827810156
C_MATERIAL:0.4984274089706553
