ELO:967
CE_PASSEDPAWNS:0.4146674662805277
CE_PAWNWEAKNESSES:0.44071098982254353
CE_PIECEACTIVITY:0.41156627460748485
CE_KINGPAWNSHIELD:0.45984400151831284
CE_PIECECOORDINATION:0.5300684398481532
CE_MATERIAL:0.5097150606785865
CE_KINGSAFETY:0.47558556170062766
C_PIECESQUARETABLES:0.49279383107544644
C_MOBILITY:0.5183651238848787
C_KINGSAFETY:0.5104601459555201
C_PAWNSTRUCTURE:0.4655970050521018
C_PIECECOORDINATION:0.481851351842917
C_ROOKANDPAWNMOVEMENT:0.481851351842917
C_CENTERCONTROL:0.43366642077113304
C_DEVELOPPIECES:0.46986945322253165
C_MATERIAL:0.4998156571940007
