ELO:926
CE_PASSEDPAWNS:0.44601845798748546
CE_PAWNWEAKNESSES:0.4392839990476312
CE_PIECEACTIVITY:0.5463117466945064
CE_KINGPAWNSHIELD:0.5438374757459087
CE_PIECECOORDINATION:0.5189540663838452
CE_MATERIAL:0.5259318618140219
CE_KINGSAFETY:0.49445556161442134
C_PIECESQUARETABLES:0.49154833933867503
C_MOBILITY:0.4667332403463214
C_KINGSAFETY:0.5306199695591319
C_PAWNSTRUCTURE:0.45024935744709266
C_PIECECOORDINATION:0.5618175504358548
C_ROOKANDPAWNMOVEMENT:0.5618175504358548
C_CENTERCONTROL:0.5707006692218006
C_DEVELOPPIECES:0.45536275779215624
C_MATERIAL:0.4912027384801412
