ELO:1000
CE_PASSEDPAWNS:0.43507456849860365
CE_PAWNWEAKNESSES:0.5005286019138907
CE_PIECEACTIVITY:0.5189096665304139
CE_KINGPAWNSHIELD:0.520307334875642
CE_PIECECOORDINATION:0.5254677356070027
CE_MATERIAL:0.4933807759614771
CE_KINGSAFETY:0.5062109299645314
C_PIECESQUARETABLES:0.5071998736078299
C_MOBILITY:0.4733608267146581
C_KINGSAFETY:0.4940378338090603
C_PAWNSTRUCTURE:0.49907170470221196
C_PIECECOORDINATION:0.5282759654419958
C_ROOKANDPAWNMOVEMENT:0.5282759654419958
C_CENTERCONTROL:0.5397765001857158
C_DEVELOPPIECES:0.4586360524938739
C_MATERIAL:0.5112390178974935
