ELO:973
CE_PASSEDPAWNS:0.4677536922624849
CE_PAWNWEAKNESSES:0.5245594364798619
CE_PIECEACTIVITY:0.49933356348204583
CE_KINGPAWNSHIELD:0.5330795272409883
CE_PIECECOORDINATION:0.4821395130546438
CE_MATERIAL:0.5092560037865277
CE_KINGSAFETY:0.5024404124929405
C_PIECESQUARETABLES:0.49355251146504403
C_MOBILITY:0.5172077349624725
C_KINGSAFETY:0.5149615272511102
C_PAWNSTRUCTURE:0.5173225149350639
C_PIECECOORDINATION:0.4902737060666395
C_ROOK:0.5271568196596098
CE_ROOK:0.49035551417626255
C_CENTERCONTROL:0.5243849534900522
C_DEVELOPPIECES:0.4786169769470885
C_MATERIAL:0.5401188242227247
C_MOVECOUNT:0.494479970347903
C_PAWNMOVEMENT:0.5084476785762851
