ELO:974
CE_PASSEDPAWNS:0.500908747806651
CE_PAWNWEAKNESSES:0.5267202631677457
CE_PIECEACTIVITY:0.47002870795012175
CE_KINGPAWNSHIELD:0.5069886347971793
CE_PIECECOORDINATION:0.5469295986885124
CE_MATERIAL:0.5023051957062621
CE_KINGSAFETY:0.5038783936081881
C_PIECESQUARETABLES:0.4994352397302117
C_MOBILITY:0.49444558184669646
C_KINGSAFETY:0.5217848874562958
C_PAWNSTRUCTURE:0.5051044444038248
C_PIECECOORDINATION:0.47956696076440936
C_ROOKANDPAWNMOVEMENT:0.47956696076440936
C_CENTERCONTROL:0.5090002476434593
C_DEVELOPPIECES:0.5035506479295986
C_MATERIAL:0.500525274129703
C_MOVECOUNT:0.49937404793733337
