ELO:941
CE_PASSEDPAWNS:0.40723351778238015
CE_PAWNWEAKNESSES:0.4813192144716728
CE_PIECEACTIVITY:0.39855097281767676
CE_KINGPAWNSHIELD:0.43225566484995576
CE_PIECECOORDINATION:0.5143931135477509
CE_MATERIAL:0.4992184720884401
CE_KINGSAFETY:0.5
C_PIECESQUARETABLES:0.4853704909374962
C_MOBILITY:0.5232365017329548
C_KINGSAFETY:0.5034895825983259
C_PAWNSTRUCTURE:0.46251911706796944
C_PIECECOORDINATION:0.4969818130475298
C_ROOKANDPAWNMOVEMENT:0.4969818130475298
C_CENTERCONTROL:0.40845755786422616
C_DEVELOPPIECES:0.4524885844080263
C_MATERIAL:0.5211347684056866
