ELO:1005
CE_PASSEDPAWNS:0.464906464733962
CE_PAWNWEAKNESSES:0.4977326670091991
CE_PIECEACTIVITY:0.49680065262814005
CE_KINGPAWNSHIELD:0.4987657295531375
CE_PIECECOORDINATION:0.48349540426654347
CE_MATERIAL:0.4872580526454998
CE_KINGSAFETY:0.5019013837594132
C_PIECESQUARETABLES:0.5001161450598123
C_MOBILITY:0.5
C_KINGSAFETY:0.47635180136468525
C_PAWNSTRUCTURE:0.511384268934149
C_PIECECOORDINATION:0.5370836398227036
C_ROOK:0.48947138409750474
CE_ROOK:0.5076605600691864
C_CENTERCONTROL:0.5281459184776439
C_DEVELOPPIECES:0.48722273687706097
C_MATERIAL:0.5141961339176203
C_MOVECOUNT:0.5003462726865293
C_PAWNMOVEMENT:0.524499878683092
