ELO:996
CE_PASSEDPAWNS:0.49771733994388706
CE_PAWNWEAKNESSES:0.48980452886477255
CE_PIECEACTIVITY:0.5497237623485697
CE_KINGPAWNSHIELD:0.49645520378372376
CE_PIECECOORDINATION:0.5017789695501722
CE_MATERIAL:0.4877936927601707
CE_KINGSAFETY:0.5
C_PIECESQUARETABLES:0.5
C_MOBILITY:0.44286353301005804
C_KINGSAFETY:0.4699788242076066
C_PAWNSTRUCTURE:0.5084595362142612
C_PIECECOORDINATION:0.5266591127413877
C_ROOK:0.5000151810501162
CE_ROOK:0.5341796477795272
C_CENTERCONTROL:0.500299860415731
C_DEVELOPPIECES:0.5019411915932267
C_MATERIAL:0.5025734843635191
C_MOVECOUNT:0.4908997420402082
C_PAWNMOVEMENT:0.4591931547443885
