ELO:902
CE_PASSEDPAWNS:0.4908272113169831
CE_PAWNWEAKNESSES:0.5442820971228328
CE_PIECEACTIVITY:0.5568791511995254
CE_KINGPAWNSHIELD:0.5129804706372512
CE_PIECECOORDINATION:0.5257359645904959
CE_MATERIAL:0.4707687029847999
CE_KINGSAFETY:0.400825821899343
C_PIECESQUARETABLES:0.5047558772919122
C_MOBILITY:0.4828446782939178
C_KINGSAFETY:0.5339688923537153
C_PAWNSTRUCTURE:0.5475809769224085
C_PIECECOORDINATION:0.5143272167282398
C_ROOKANDPAWNMOVEMENT:0.5143272167282398
C_CENTERCONTROL:0.5346909130235524
C_DEVELOPPIECES:0.5290229483385118
C_MATERIAL:0.5096173917478524
C_MOVECOUNT:0.47377275604448316
