ELO:994
CE_PASSEDPAWNS:0.446745296459023
CE_PAWNWEAKNESSES:0.43649307850591523
CE_PIECEACTIVITY:0.45037636597395414
CE_KINGPAWNSHIELD:0.46451205403085477
CE_PIECECOORDINATION:0.5010654303721878
CE_MATERIAL:0.5282825323269784
CE_KINGSAFETY:0.4955403227402364
C_PIECESQUARETABLES:0.5132486111930689
C_MOBILITY:0.5140877377411955
C_KINGSAFETY:0.5050459873164287
C_PAWNSTRUCTURE:0.4802949388794141
C_PIECECOORDINATION:0.4550937046710946
C_ROOKANDPAWNMOVEMENT:0.4550937046710946
C_CENTERCONTROL:0.45371888786567843
C_DEVELOPPIECES:0.5255270688267956
C_MATERIAL:0.47183005012505475
