ELO:1089
CE_PASSEDPAWNS:0.6185446270591797
CE_PAWNWEAKNESSES:0.4822185020663243
CE_PIECEACTIVITY:0.4749362909216822
CE_KINGPAWNSHIELD:0.5037573141027307
CE_PIECECOORDINATION:0.4755800340691314
CE_MATERIAL:0.446566911689968
CE_KINGSAFETY:0.49038087178941087
C_PIECESQUARETABLES:0.5
C_MOBILITY:0.4195061093865142
C_KINGSAFETY:0.517152330409653
C_PAWNSTRUCTURE:0.41159374709656454
C_PIECECOORDINATION:0.48143023068402924
C_ROOKANDPAWNMOVEMENT:0.48143023068402924
C_CENTERCONTROL:0.5241516181776379
C_DEVELOPPIECES:0.5757913049809192
C_MATERIAL:0.4122027662989708
