ELO:888
CE_PASSEDPAWNS:0.5233346532416763
CE_PAWNWEAKNESSES:0.5239853294440767
CE_PIECEACTIVITY:0.4695225240163134
CE_KINGPAWNSHIELD:0.5399055257906712
CE_PIECECOORDINATION:0.4759126531238777
CE_MATERIAL:0.4997242602623672
CE_KINGSAFETY:0.4822512053124335
C_PIECESQUARETABLES:0.520640321944316
C_MOBILITY:0.5013109870566916
C_KINGSAFETY:0.46331793096529955
C_PAWNSTRUCTURE:0.5251278097277907
C_PIECECOORDINATION:0.5056965454218219
C_ROOKANDPAWNMOVEMENT:0.5056965454218219
C_CENTERCONTROL:0.48721338986869267
C_DEVELOPPIECES:0.44714050552640855
C_MATERIAL:0.5335597252711498
C_MOVECOUNT:0.5
