ELO:1016
CE_PASSEDPAWNS:0.46786203854359537
CE_PAWNWEAKNESSES:0.5027995330366003
CE_PIECEACTIVITY:0.49680065262814005
CE_KINGPAWNSHIELD:0.493699294710767
CE_PIECECOORDINATION:0.47582609606175724
CE_MATERIAL:0.4872580526454998
CE_KINGSAFETY:0.5034452630232775
C_PIECESQUARETABLES:0.5001161450598123
C_MOBILITY:0.5
C_KINGSAFETY:0.4780652196686383
C_PAWNSTRUCTURE:0.5087781827323065
C_PIECECOORDINATION:0.5370836398227036
C_ROOK:0.48947138409750474
CE_ROOK:0.5076605600691864
C_CENTERCONTROL:0.5159451580664272
C_DEVELOPPIECES:0.4906027392143237
C_MATERIAL:0.5140541945730545
C_MOVECOUNT:0.5003462726865293
C_PAWNMOVEMENT:0.524499878683092
