ELO:1000
CE_PASSEDPAWNS:0.435601617357856
CE_PAWNWEAKNESSES:0.47928777720334564
CE_PIECEACTIVITY:0.5007596450393589
CE_KINGPAWNSHIELD:0.49562608179537543
CE_PIECECOORDINATION:0.5246603771123701
CE_MATERIAL:0.48998368031522826
CE_KINGSAFETY:0.49349853827329465
C_PIECESQUARETABLES:0.49847686730672397
C_MOBILITY:0.5157177113892759
C_KINGSAFETY:0.5022754094035479
C_PAWNSTRUCTURE:0.44733617371986767
C_PIECECOORDINATION:0.4894299620811787
C_ROOKANDPAWNMOVEMENT:0.4894299620811787
C_CENTERCONTROL:0.4880962800694328
C_DEVELOPPIECES:0.5177858266514801
C_MATERIAL:0.5172874277273294
