ELO:1000
CE_PASSEDPAWNS:0.47604869638768355
CE_PAWNWEAKNESSES:0.4744663185827819
CE_PIECEACTIVITY:0.4909495872021523
CE_KINGPAWNSHIELD:0.5003034035160564
CE_PIECECOORDINATION:0.5060280833346984
CE_MATERIAL:0.4838405701722006
CE_KINGSAFETY:0.5001411397267622
C_PIECESQUARETABLES:0.5174931827724384
C_MOBILITY:0.5036723795570887
C_KINGSAFETY:0.5066904944068911
C_PAWNSTRUCTURE:0.47382522720652737
C_PIECECOORDINATION:0.496606594188187
C_ROOKANDPAWNMOVEMENT:0.496606594188187
C_CENTERCONTROL:0.5001766815019575
C_DEVELOPPIECES:0.499231308939056
C_MATERIAL:0.5343454608409797
