ELO:1013
CE_PASSEDPAWNS:0.4809488108680687
CE_PAWNWEAKNESSES:0.5
CE_PIECEACTIVITY:0.5
CE_KINGPAWNSHIELD:0.4979764149443923
CE_PIECECOORDINATION:0.5059612010714428
CE_MATERIAL:0.5
CE_KINGSAFETY:0.5
C_PIECESQUARETABLES:0.5
C_MOBILITY:0.49895429256313156
C_KINGSAFETY:0.5026222736182663
C_PAWNSTRUCTURE:0.4907192237001833
C_PIECECOORDINATION:0.5
C_ROOKANDPAWNMOVEMENT:0.5
C_CENTERCONTROL:0.5034717031479957
C_DEVELOPPIECES:0.5092417486306315
C_MATERIAL:0.5220452987675831
C_MOVECOUNT:0.5
