ELO:845
CE_PASSEDPAWNS:0.4728399566917063
CE_PAWNWEAKNESSES:0.5126643933401821
CE_PIECEACTIVITY:0.4956907168664551
CE_KINGPAWNSHIELD:0.5309905097531878
CE_PIECECOORDINATION:0.3847202850924821
CE_MATERIAL:0.45700396052602743
CE_KINGSAFETY:0.5
C_PIECESQUARETABLES:0.5
C_MOBILITY:0.5131915646909255
C_KINGSAFETY:0.5093568391285573
C_PAWNSTRUCTURE:0.5059282556495847
C_PIECECOORDINATION:0.48326051212765775
C_ROOKANDPAWNMOVEMENT:0.48326051212765775
C_CENTERCONTROL:0.44056110022017037
C_DEVELOPPIECES:0.5847806880473206
C_MATERIAL:0.4692835814675614
C_MOVECOUNT:0.4984176600546905
