ELO:967
CE_PASSEDPAWNS:0.46321531265232757
CE_PAWNWEAKNESSES:0.5182730004524456
CE_PIECEACTIVITY:0.501113791416389
CE_KINGPAWNSHIELD:0.4843627833178134
CE_PIECECOORDINATION:0.48531095684903147
CE_MATERIAL:0.49054431633920476
CE_KINGSAFETY:0.5
C_PIECESQUARETABLES:0.5
C_MOBILITY:0.5051598063750788
C_KINGSAFETY:0.4692543356180678
C_PAWNSTRUCTURE:0.5255816479659592
C_PIECECOORDINATION:0.5370259503326288
C_ROOK:0.4903720390351807
CE_ROOK:0.5024595452933679
C_CENTERCONTROL:0.5151690649009747
C_DEVELOPPIECES:0.48150149913570944
C_MATERIAL:0.5233325274479146
C_MOVECOUNT:0.5008460008182387
C_PAWNMOVEMENT:0.5392600745556189
