ELO:984
CE_PASSEDPAWNS:0.49975542595319444
CE_PAWNWEAKNESSES:0.5366039981725156
CE_PIECEACTIVITY:0.4670654011618726
CE_KINGPAWNSHIELD:0.5031169207692459
CE_PIECECOORDINATION:0.4935951210267046
CE_MATERIAL:0.4957354596582164
CE_KINGSAFETY:0.510212802896433
C_PIECESQUARETABLES:0.501070921642135
C_MOBILITY:0.526842284490045
C_KINGSAFETY:0.4759012893153851
C_PAWNSTRUCTURE:0.49238028523631516
C_PIECECOORDINATION:0.5190316806484105
C_ROOKANDPAWNMOVEMENT:0.5190316806484105
C_CENTERCONTROL:0.5132868588734485
C_DEVELOPPIECES:0.4824347836938758
C_MATERIAL:0.5364157912386579
C_MOVECOUNT:0.5
