ELO:1000
CE_PASSEDPAWNS:0.45654504534272955
CE_PAWNWEAKNESSES:0.4459192751580675
CE_PIECEACTIVITY:0.5057793433090227
CE_KINGPAWNSHIELD:0.5378497295438436
CE_PIECECOORDINATION:0.5315461980383087
CE_MATERIAL:0.4917399836152307
CE_KINGSAFETY:0.4667911656128198
C_PIECESQUARETABLES:0.4577342729378631
C_MOBILITY:0.45229347007867676
C_KINGSAFETY:0.5045201348701697
C_PAWNSTRUCTURE:0.5152857497955491
C_PIECECOORDINATION:0.5516553767927886
C_ROOKANDPAWNMOVEMENT:0.5516553767927886
C_CENTERCONTROL:0.5449195835098931
C_DEVELOPPIECES:0.4406379225391282
C_MATERIAL:0.4876327178428307
