ELO:986
CE_PASSEDPAWNS:0.5
CE_PAWNWEAKNESSES:0.48185710851182373
CE_PIECEACTIVITY:0.4942745347436338
CE_KINGPAWNSHIELD:0.49425742950542784
CE_PIECECOORDINATION:0.5
CE_MATERIAL:0.507032451419981
CE_KINGSAFETY:0.5
C_PIECESQUARETABLES:0.4983135099844727
C_MOBILITY:0.49928075097757374
C_KINGSAFETY:0.48997577292161326
C_PAWNSTRUCTURE:0.5
C_PIECECOORDINATION:0.5
C_ROOKANDPAWNMOVEMENT:0.5
C_CENTERCONTROL:0.5091771854442634
C_DEVELOPPIECES:0.5
C_MATERIAL:0.5011114518746513
