ELO:1000
CE_PASSEDPAWNS:0.4190960054650318
CE_PAWNWEAKNESSES:0.47628282786573184
CE_PIECEACTIVITY:0.5033187593963236
CE_KINGPAWNSHIELD:0.503022732903165
CE_PIECECOORDINATION:0.525190671317721
CE_MATERIAL:0.5045648986009578
CE_KINGSAFETY:0.49389389934459443
C_PIECESQUARETABLES:0.503335899113945
C_MOBILITY:0.5269433135161239
C_KINGSAFETY:0.5330233960517586
C_PAWNSTRUCTURE:0.4259351423884251
C_PIECECOORDINATION:0.49106823934930793
C_ROOKANDPAWNMOVEMENT:0.49106823934930793
C_CENTERCONTROL:0.49028010613446416
C_DEVELOPPIECES:0.5280869213328289
C_MATERIAL:0.49241666893942887
