ELO:1000
CE_PASSEDPAWNS:0.48706184252865053
CE_PAWNWEAKNESSES:0.48868454173136094
CE_PIECEACTIVITY:0.5124126836558979
CE_KINGPAWNSHIELD:0.5067877607341921
CE_PIECECOORDINATION:0.49722187207170393
CE_MATERIAL:0.5133523657077566
CE_KINGSAFETY:0.5004305433844035
C_PIECESQUARETABLES:0.5139479774963512
C_MOBILITY:0.5000172688923867
C_KINGSAFETY:0.5129926084288009
C_PAWNSTRUCTURE:0.49358972788321986
C_PIECECOORDINATION:0.5083330134824382
C_ROOKANDPAWNMOVEMENT:0.5083330134824382
C_CENTERCONTROL:0.5094848405803271
C_DEVELOPPIECES:0.49220144775513824
C_MATERIAL:0.4831177254840824
