ELO:989
CE_PASSEDPAWNS:0.3671258369474086
CE_PAWNWEAKNESSES:0.4927595886048233
CE_PIECEACTIVITY:0.5256534381721791
CE_KINGPAWNSHIELD:0.5348933842696323
CE_PIECECOORDINATION:0.46544225017118723
CE_MATERIAL:0.5211198425850616
CE_KINGSAFETY:0.503536475264377
C_PIECESQUARETABLES:0.49811760788405895
C_MOBILITY:0.5836313903895851
C_KINGSAFETY:0.5594239720260957
C_PAWNSTRUCTURE:0.46404807736973913
C_PIECECOORDINATION:0.44930088813130376
C_ROOKANDPAWNMOVEMENT:0.44930088813130376
C_CENTERCONTROL:0.34565579776001043
C_DEVELOPPIECES:0.5528173797779841
C_MATERIAL:0.6294909527397653
