ELO:890
CE_PASSEDPAWNS:0.48549516692522277
CE_PAWNWEAKNESSES:0.4210667705852976
CE_PIECEACTIVITY:0.47511423563248434
CE_KINGPAWNSHIELD:0.49831966790523047
CE_PIECECOORDINATION:0.5536479394859591
CE_MATERIAL:0.5755924417678112
CE_KINGSAFETY:0.5
C_PIECESQUARETABLES:0.5
C_MOBILITY:0.39698554990370943
C_KINGSAFETY:0.6002561621469366
C_PAWNSTRUCTURE:0.4191802286469416
C_PIECECOORDINATION:0.5408947464157852
C_ROOKANDPAWNMOVEMENT:0.5408947464157852
C_CENTERCONTROL:0.45898287082601785
C_DEVELOPPIECES:0.45227659545428767
C_MATERIAL:0.5122686499756502
C_MOVECOUNT:0.5
