ELO:907
CE_PASSEDPAWNS:0.5011928043111813
CE_PAWNWEAKNESSES:0.5047531938704092
CE_PIECEACTIVITY:0.5206833696634237
CE_KINGPAWNSHIELD:0.4806629223127984
CE_PIECECOORDINATION:0.4004848093470276
CE_MATERIAL:0.5861060378159885
CE_KINGSAFETY:0.5
C_PIECESQUARETABLES:0.5
C_MOBILITY:0.3472204252516791
C_KINGSAFETY:0.4347060356171123
C_PAWNSTRUCTURE:0.525466492438734
C_PIECECOORDINATION:0.5209270331489191
C_ROOKANDPAWNMOVEMENT:0.5209270331489191
C_CENTERCONTROL:0.6029403863213715
C_DEVELOPPIECES:0.464703650728613
C_MATERIAL:0.5191751675934035
