ELO:905
CE_PASSEDPAWNS:0.5150260957692626
CE_PAWNWEAKNESSES:0.4858751462797893
CE_PIECEACTIVITY:0.4638038894887712
CE_KINGPAWNSHIELD:0.5245758798090865
CE_PIECECOORDINATION:0.5173724218099576
CE_MATERIAL:0.5085313490185257
CE_KINGSAFETY:0.5343467911701627
C_PIECESQUARETABLES:0.4462004199353704
C_MOBILITY:0.5131673227514189
C_KINGSAFETY:0.5056215527783865
C_PAWNSTRUCTURE:0.49333993571090096
C_PIECECOORDINATION:0.46868169206767285
C_ROOK:0.4664324418940528
CE_ROOK:0.474398687949153
C_CENTERCONTROL:0.5132737391826803
C_DEVELOPPIECES:0.5002285898207554
C_MATERIAL:0.49430315072014036
C_MOVECOUNT:0.46090043357204086
C_PAWNMOVEMENT:0.5286967946995567
