ELO:1008
CE_PASSEDPAWNS:0.5
CE_PAWNWEAKNESSES:0.5
CE_PIECEACTIVITY:0.5
CE_KINGPAWNSHIELD:0.5028646435777812
CE_PIECECOORDINATION:0.49678365811547637
CE_MATERIAL:0.4994598223640494
CE_KINGSAFETY:0.5
C_PIECESQUARETABLES:0.5
C_MOBILITY:0.4908565181176456
C_KINGSAFETY:0.5
C_PAWNSTRUCTURE:0.5
C_PIECECOORDINATION:0.49141641102840317
C_ROOKANDPAWNMOVEMENT:0.49141641102840317
C_CENTERCONTROL:0.5
C_DEVELOPPIECES:0.5061101230884509
C_MATERIAL:0.4919870957005069
