ELO:1000
CE_PASSEDPAWNS:0.4421588696730841
CE_PAWNWEAKNESSES:0.5086560156078926
CE_PIECEACTIVITY:0.4869854754268507
CE_KINGPAWNSHIELD:0.48004331246605314
CE_PIECECOORDINATION:0.5217728973869171
CE_MATERIAL:0.5128944349642512
CE_KINGSAFETY:0.5030854778448767
C_PIECESQUARETABLES:0.5173207621575932
C_MOBILITY:0.48379079965859556
C_KINGSAFETY:0.5374078398433819
C_PAWNSTRUCTURE:0.4504966384549953
C_PIECECOORDINATION:0.49959774707510196
C_ROOKANDPAWNMOVEMENT:0.49959774707510196
C_CENTERCONTROL:0.4975144994025242
C_DEVELOPPIECES:0.5274707678775551
C_MATERIAL:0.47886072794595685
