ELO:973
CE_PASSEDPAWNS:0.5
CE_PAWNWEAKNESSES:0.5069572879260544
CE_PIECEACTIVITY:0.5
CE_KINGPAWNSHIELD:0.5007743188627645
CE_PIECECOORDINATION:0.5
CE_MATERIAL:0.5048954857317642
CE_KINGSAFETY:0.5
C_PIECESQUARETABLES:0.5
C_MOBILITY:0.489237939954765
C_KINGSAFETY:0.5129810545641564
C_PAWNSTRUCTURE:0.49855933487249526
C_PIECECOORDINATION:0.5012222017984921
C_ROOKANDPAWNMOVEMENT:0.5012222017984921
C_CENTERCONTROL:0.48179622908996844
C_DEVELOPPIECES:0.4996557203086149
C_MATERIAL:0.5053406900620978
C_MOVECOUNT:0.5
