ELO:939
CE_PASSEDPAWNS:0.4436813271549804
CE_PAWNWEAKNESSES:0.4224408704619408
CE_PIECEACTIVITY:0.5585650885745534
CE_KINGPAWNSHIELD:0.5493127108035848
CE_PIECECOORDINATION:0.5105099102657346
CE_MATERIAL:0.5401934691639775
CE_KINGSAFETY:0.5153669973928005
C_PIECESQUARETABLES:0.4622562377856541
C_MOBILITY:0.45523457919286825
C_KINGSAFETY:0.5368245311444737
C_PAWNSTRUCTURE:0.4646049983528899
C_PIECECOORDINATION:0.5996255857250079
C_ROOKANDPAWNMOVEMENT:0.5996255857250079
C_CENTERCONTROL:0.5437316484945561
C_DEVELOPPIECES:0.4475173244498229
C_MATERIAL:0.4807786324097427
