ELO:916
CE_PASSEDPAWNS:0.4610215979548252
CE_PAWNWEAKNESSES:0.5319726371246984
CE_PIECEACTIVITY:0.5657883674136256
CE_KINGPAWNSHIELD:0.4846206292907216
CE_PIECECOORDINATION:0.5383614536537997
CE_MATERIAL:0.39498095186359805
CE_KINGSAFETY:0.3665144985989854
C_PIECESQUARETABLES:0.50361559090849
C_MOBILITY:0.5343098539138891
C_KINGSAFETY:0.5048730658574264
C_PAWNSTRUCTURE:0.5878173767559823
C_PIECECOORDINATION:0.5477643198344102
C_ROOKANDPAWNMOVEMENT:0.5477643198344102
C_CENTERCONTROL:0.5737129282067094
C_DEVELOPPIECES:0.5430911297321589
C_MATERIAL:0.5535519184264802
C_MOVECOUNT:0.49895306817697277
