ELO:885
CE_PASSEDPAWNS:0.4914573655099766
CE_PAWNWEAKNESSES:0.5214778174402188
CE_PIECEACTIVITY:0.5419097717513135
CE_KINGPAWNSHIELD:0.4878726255394034
CE_PIECECOORDINATION:0.5298827519113043
CE_MATERIAL:0.4775862224515944
CE_KINGSAFETY:0.46500833317729684
C_PIECESQUARETABLES:0.5044558090899145
C_MOBILITY:0.472581117805501
C_KINGSAFETY:0.5025973814889122
C_PAWNSTRUCTURE:0.5497305020263888
C_PIECECOORDINATION:0.5252799069277937
C_ROOKANDPAWNMOVEMENT:0.5252799069277937
C_CENTERCONTROL:0.5373596026599438
C_DEVELOPPIECES:0.4900882262614675
C_MATERIAL:0.5176424381199619
C_MOVECOUNT:0.4663541638441355
