ELO:980
CE_PASSEDPAWNS:0.43076612961595784
CE_PAWNWEAKNESSES:0.45009038063449464
CE_PIECEACTIVITY:0.42902039030668077
CE_KINGPAWNSHIELD:0.45959937428908915
CE_PIECECOORDINATION:0.5083089244191392
CE_MATERIAL:0.5179939567035952
CE_KINGSAFETY:0.49291931163947234
C_PIECESQUARETABLES:0.5122373439221054
C_MOBILITY:0.502663298242654
C_KINGSAFETY:0.5115003226741869
C_PAWNSTRUCTURE:0.4711971168856607
C_PIECECOORDINATION:0.43088292453145755
C_ROOKANDPAWNMOVEMENT:0.43088292453145755
C_CENTERCONTROL:0.4455866119480897
C_DEVELOPPIECES:0.5109074011868935
C_MATERIAL:0.497804090626697
