ELO:1012
CE_PASSEDPAWNS:0.498257736194711
CE_PAWNWEAKNESSES:0.5070197954495699
CE_PIECEACTIVITY:0.5071721628190173
CE_KINGPAWNSHIELD:0.4979764149443923
CE_PIECECOORDINATION:0.5
CE_MATERIAL:0.4899514917716041
CE_KINGSAFETY:0.5089683423510102
C_PIECESQUARETABLES:0.5168762241893776
C_MOBILITY:0.5
C_KINGSAFETY:0.5
C_PAWNSTRUCTURE:0.5
C_PIECECOORDINATION:0.511129796076108
C_ROOKANDPAWNMOVEMENT:0.511129796076108
C_CENTERCONTROL:0.5172371315429602
C_DEVELOPPIECES:0.5038212246241438
C_MATERIAL:0.5
C_MOVECOUNT:0.4889297895730014
