ELO:1000
CE_PASSEDPAWNS:0.41929051600817735
CE_PAWNWEAKNESSES:0.5051253376537903
CE_PIECEACTIVITY:0.5154815132513687
CE_KINGPAWNSHIELD:0.548675172231773
CE_PIECECOORDINATION:0.5289964417212291
CE_MATERIAL:0.4955047391834097
CE_KINGSAFETY:0.5
C_PIECESQUARETABLES:0.5
C_MOBILITY:0.4493702830233164
C_KINGSAFETY:0.4911809292913835
C_PAWNSTRUCTURE:0.5036852974519853
C_PIECECOORDINATION:0.5382217910662841
C_ROOKANDPAWNMOVEMENT:0.5382217910662841
C_CENTERCONTROL:0.5168109478384779
C_DEVELOPPIECES:0.4550745492491312
C_MATERIAL:0.5065286636211792
