ELO:917
CE_PASSEDPAWNS:0.3804930750420879
CE_PAWNWEAKNESSES:0.4720966793896394
CE_PIECEACTIVITY:0.40555503380971203
CE_KINGPAWNSHIELD:0.4457549222729213
CE_PIECECOORDINATION:0.5142560009984524
CE_MATERIAL:0.5057892600301779
CE_KINGSAFETY:0.48854543426484126
C_PIECESQUARETABLES:0.49586053415264114
C_MOBILITY:0.5295609906134257
C_KINGSAFETY:0.4966562921614741
C_PAWNSTRUCTURE:0.4420766382592918
C_PIECECOORDINATION:0.4669841639068383
C_ROOKANDPAWNMOVEMENT:0.4669841639068383
C_CENTERCONTROL:0.36532993844544487
C_DEVELOPPIECES:0.4411878828038514
C_MATERIAL:0.5374584989802811
