ELO:892
CE_PASSEDPAWNS:0.48600740599678466
CE_PAWNWEAKNESSES:0.45612845217028675
CE_PIECEACTIVITY:0.4494797940987981
CE_KINGPAWNSHIELD:0.4771017800477613
CE_PIECECOORDINATION:0.6311559494702633
CE_MATERIAL:0.32758800218399914
CE_KINGSAFETY:0.5
C_PIECESQUARETABLES:0.5
C_MOBILITY:0.46731167507145505
C_KINGSAFETY:0.4968909360750781
C_PAWNSTRUCTURE:0.5000472854475159
C_PIECECOORDINATION:0.47580904448378375
C_ROOKANDPAWNMOVEMENT:0.47580904448378375
C_CENTERCONTROL:0.5289517235802553
C_DEVELOPPIECES:0.5142502909504857
C_MATERIAL:0.46575168018282465
C_MOVECOUNT:0.5
