ELO:1000
CE_PASSEDPAWNS:0.47561035918216504
CE_PAWNWEAKNESSES:0.4802183854205046
CE_PIECEACTIVITY:0.4544162523577842
CE_KINGPAWNSHIELD:0.48927421081638633
CE_PIECECOORDINATION:0.48841662927596524
CE_MATERIAL:0.5849530075901126
CE_KINGSAFETY:0.5086328227144082
C_PIECESQUARETABLES:0.4938623524147782
C_MOBILITY:0.4994414072147458
C_KINGSAFETY:0.5458686707957938
C_PAWNSTRUCTURE:0.49732974253983675
C_PIECECOORDINATION:0.5000842641585325
C_ROOKANDPAWNMOVEMENT:0.5000842641585325
C_CENTERCONTROL:0.45837257535751885
C_DEVELOPPIECES:0.5303327918949101
C_MATERIAL:0.47645798624416935
