ELO:903
CE_PASSEDPAWNS:0.47122056605412027
CE_PAWNWEAKNESSES:0.5166144188839645
CE_PIECEACTIVITY:0.474069491385672
CE_KINGPAWNSHIELD:0.5246318916702151
CE_PIECECOORDINATION:0.48833752743427356
CE_MATERIAL:0.5051855534822829
CE_KINGSAFETY:0.47860991136209047
C_PIECESQUARETABLES:0.5250564893971141
C_MOBILITY:0.5650845503713063
C_KINGSAFETY:0.4628802415153899
C_PAWNSTRUCTURE:0.5766150344562181
C_PIECECOORDINATION:0.46952037070999786
C_ROOKANDPAWNMOVEMENT:0.46952037070999786
C_CENTERCONTROL:0.5069088344722423
C_DEVELOPPIECES:0.5075174000536175
C_MATERIAL:0.5553018458297942
C_MOVECOUNT:0.5
