ELO:1021
CE_PASSEDPAWNS:0.4963238609508561
CE_PAWNWEAKNESSES:0.5052144008798211
CE_PIECEACTIVITY:0.5
CE_KINGPAWNSHIELD:0.5249956588250757
CE_PIECECOORDINATION:0.5
CE_MATERIAL:0.500890800427888
CE_KINGSAFETY:0.5
C_PIECESQUARETABLES:0.5
C_MOBILITY:0.4949541577695115
C_KINGSAFETY:0.48793571483179954
C_PAWNSTRUCTURE:0.5
C_PIECECOORDINATION:0.49461454932099647
C_ROOKANDPAWNMOVEMENT:0.49461454932099647
C_CENTERCONTROL:0.4893174344018115
C_DEVELOPPIECES:0.5008277863045687
C_MATERIAL:0.5
C_MOVECOUNT:0.49264352132871253
