ELO:987
CE_PASSEDPAWNS:0.4977475757535898
CE_PAWNWEAKNESSES:0.5111090064851298
CE_PIECEACTIVITY:0.4780796155269703
CE_KINGPAWNSHIELD:0.5112826400496189
CE_PIECECOORDINATION:0.4905234965648846
CE_MATERIAL:0.5038201134980443
CE_KINGSAFETY:0.5
C_PIECESQUARETABLES:0.5
C_MOBILITY:0.5
C_KINGSAFETY:0.49976208626724716
C_PAWNSTRUCTURE:0.49822882496927007
C_PIECECOORDINATION:0.4900600018154132
C_ROOKANDPAWNMOVEMENT:0.4900600018154132
C_CENTERCONTROL:0.49446353924374936
C_DEVELOPPIECES:0.4940220485049552
C_MATERIAL:0.4839741041927681
C_MOVECOUNT:0.5161760850187019
