ELO:918
CE_PASSEDPAWNS:0.5325276260054734
CE_PAWNWEAKNESSES:0.4834179497754105
CE_PIECEACTIVITY:0.4698279282802141
CE_KINGPAWNSHIELD:0.4880571151445863
CE_PIECECOORDINATION:0.5050815259407796
CE_MATERIAL:0.45536911922755435
CE_KINGSAFETY:0.5120641258578084
C_PIECESQUARETABLES:0.4884157856912367
C_MOBILITY:0.47777250550397216
C_KINGSAFETY:0.5153735728297079
C_PAWNSTRUCTURE:0.48056748996778115
C_PIECECOORDINATION:0.502497872852841
C_ROOK:0.49939407682036424
CE_ROOK:0.5188883307769554
C_CENTERCONTROL:0.4813147205728092
C_DEVELOPPIECES:0.4928087185923603
C_MATERIAL:0.49752397080447425
C_MOVECOUNT:0.4909455170144156
C_PAWNMOVEMENT:0.49308359520817924
