ELO:983
CE_PASSEDPAWNS:0.4931992231208729
CE_PAWNWEAKNESSES:0.4875628454380718
CE_PIECEACTIVITY:0.5
CE_KINGPAWNSHIELD:0.4975778074323272
CE_PIECECOORDINATION:0.5
CE_MATERIAL:0.518177048060177
CE_KINGSAFETY:0.5000552664948767
C_PIECESQUARETABLES:0.5
C_MOBILITY:0.5010944983037472
C_KINGSAFETY:0.5015395188066556
C_PAWNSTRUCTURE:0.5109428705582615
C_PIECECOORDINATION:0.4814318311295983
C_ROOKANDPAWNMOVEMENT:0.4814318311295983
C_CENTERCONTROL:0.5055299924643282
C_DEVELOPPIECES:0.5044743197597379
C_MATERIAL:0.49910843478997197
C_MOVECOUNT:0.5192106321174459
