ELO:956
CE_PASSEDPAWNS:0.5147259857563445
CE_PAWNWEAKNESSES:0.48078676938185666
CE_PIECEACTIVITY:0.49904811963546564
CE_KINGPAWNSHIELD:0.49136780650351425
CE_PIECECOORDINATION:0.5004394941818655
CE_MATERIAL:0.4982879519560493
CE_KINGSAFETY:0.49171668894842585
C_PIECESQUARETABLES:0.5042495555267149
C_MOBILITY:0.49687239705929753
C_KINGSAFETY:0.5117337492297939
C_PAWNSTRUCTURE:0.5182558851696889
C_PIECECOORDINATION:0.5012814508726714
C_ROOKANDPAWNMOVEMENT:0.5012814508726714
C_CENTERCONTROL:0.4888725735285957
C_DEVELOPPIECES:0.5100175640319107
C_MATERIAL:0.48018692168099325
