ELO:963
CE_PASSEDPAWNS:0.45309506282905515
CE_PAWNWEAKNESSES:0.5040495941139892
CE_PIECEACTIVITY:0.4844355577487356
CE_KINGPAWNSHIELD:0.4985971196470908
CE_PIECECOORDINATION:0.47023503971392855
CE_MATERIAL:0.5098630896338772
CE_KINGSAFETY:0.5038376728923524
C_PIECESQUARETABLES:0.5042198025727965
C_MOBILITY:0.5198818160486861
C_KINGSAFETY:0.4951870675768807
C_PAWNSTRUCTURE:0.49603060340222177
C_PIECECOORDINATION:0.5060161166598909
C_ROOKANDPAWNMOVEMENT:0.5060161166598909
C_CENTERCONTROL:0.4925212570021153
C_DEVELOPPIECES:0.5016352833598502
C_MATERIAL:0.5123569871472955
C_MOVECOUNT:0.5
