ELO:928
CE_PASSEDPAWNS:0.5327473005595571
CE_PAWNWEAKNESSES:0.49037573213645547
CE_PIECEACTIVITY:0.516999776252548
CE_KINGPAWNSHIELD:0.4858719393944592
CE_PIECECOORDINATION:0.5065431543185448
CE_MATERIAL:0.5049024293638609
CE_KINGSAFETY:0.5393038609712885
C_PIECESQUARETABLES:0.4864668317483459
C_MOBILITY:0.43418993064532635
C_KINGSAFETY:0.510368942479907
C_PAWNSTRUCTURE:0.4761876288049558
C_PIECECOORDINATION:0.5080827328874914
C_ROOKANDPAWNMOVEMENT:0.5080827328874914
C_CENTERCONTROL:0.5372685512855301
C_DEVELOPPIECES:0.4751128876703138
C_MATERIAL:0.44060373505918515
C_MOVECOUNT:0.5
