ELO:1000
CE_PASSEDPAWNS:0.5077852539030951
CE_PAWNWEAKNESSES:0.5144451472389913
CE_PIECEACTIVITY:0.49941855580632205
CE_KINGPAWNSHIELD:0.4436378972269467
CE_PIECECOORDINATION:0.5015291602711129
CE_MATERIAL:0.5116446706085717
CE_KINGSAFETY:0.5136226503557355
C_PIECESQUARETABLES:0.4721915357548184
C_MOBILITY:0.5232492953994241
C_KINGSAFETY:0.47572788468874116
C_PAWNSTRUCTURE:0.4923988276496375
C_PIECECOORDINATION:0.4739585234170379
C_ROOKANDPAWNMOVEMENT:0.4739585234170379
C_CENTERCONTROL:0.5100989499515317
C_DEVELOPPIECES:0.4976240339805423
C_MATERIAL:0.48110149056966045
