ELO:887
CE_PASSEDPAWNS:0.5230441920186681
CE_PAWNWEAKNESSES:0.48026298272170875
CE_PIECEACTIVITY:0.5276309816073529
CE_KINGPAWNSHIELD:0.5007486839752422
CE_PIECECOORDINATION:0.5347835425794885
CE_MATERIAL:0.4361293678602134
CE_KINGSAFETY:0.5
C_PIECESQUARETABLES:0.49536948702575473
C_MOBILITY:0.4985856505134914
C_KINGSAFETY:0.4235820222901658
C_PAWNSTRUCTURE:0.49325843846105444
C_PIECECOORDINATION:0.4945568011923259
C_ROOKANDPAWNMOVEMENT:0.4945568011923259
C_CENTERCONTROL:0.552226091677995
C_DEVELOPPIECES:0.5452413562733444
C_MATERIAL:0.36830990713163475
