ELO:879
CE_PASSEDPAWNS:0.5242184719664406
CE_PAWNWEAKNESSES:0.488783199960578
CE_PIECEACTIVITY:0.47306159170567985
CE_KINGPAWNSHIELD:0.4755082251799969
CE_PIECECOORDINATION:0.4821403394450382
CE_MATERIAL:0.4795119478873023
CE_KINGSAFETY:0.5
C_PIECESQUARETABLES:0.5
C_MOBILITY:0.4720064959126024
C_KINGSAFETY:0.484771300804586
C_PAWNSTRUCTURE:0.4810791097137273
C_PIECECOORDINATION:0.5100426519196799
C_ROOK:0.5076306037248993
CE_ROOK:0.5329574856963152
C_CENTERCONTROL:0.45775081571718484
C_DEVELOPPIECES:0.49712012849667425
C_MATERIAL:0.4893810967357203
C_MOVECOUNT:0.494939400030465
C_PAWNMOVEMENT:0.49664714414111605
