ELO:966
CE_PASSEDPAWNS:0.5151148131293879
CE_PAWNWEAKNESSES:0.5662419113642487
CE_PIECEACTIVITY:0.449078669013731
CE_KINGPAWNSHIELD:0.4536490931984537
CE_PIECECOORDINATION:0.5237247832653826
CE_MATERIAL:0.5722074500468418
CE_KINGSAFETY:0.5012802332118824
C_PIECESQUARETABLES:0.485229292038505
C_MOBILITY:0.4829430590806843
C_KINGSAFETY:0.4111989028551077
C_PAWNSTRUCTURE:0.5645820903398433
C_PIECECOORDINATION:0.40961367611273697
C_ROOKANDPAWNMOVEMENT:0.40961367611273697
C_CENTERCONTROL:0.5422141542081718
C_DEVELOPPIECES:0.39911622816758585
C_MATERIAL:0.4993937218447427
