ELO:904
CE_PASSEDPAWNS:0.5621712655159861
CE_PAWNWEAKNESSES:0.5177020221528401
CE_PIECEACTIVITY:0.5438501752369062
CE_KINGPAWNSHIELD:0.4634851554148664
CE_PIECECOORDINATION:0.5998051431787201
CE_MATERIAL:0.3495349265711388
CE_KINGSAFETY:0.5108103353877822
C_PIECESQUARETABLES:0.5078201082132924
C_MOBILITY:0.5561856818092716
C_KINGSAFETY:0.4432398431873663
C_PAWNSTRUCTURE:0.43870131788288796
C_PIECECOORDINATION:0.565387117935627
C_ROOKANDPAWNMOVEMENT:0.565387117935627
C_CENTERCONTROL:0.5026914934083253
C_DEVELOPPIECES:0.37455084510377146
C_MATERIAL:0.530576457180081
