ELO:747
CE_PASSEDPAWNS:0.45438990157858805
CE_PAWNWEAKNESSES:0.508499863722195
CE_PIECEACTIVITY:0.5251054237577623
CE_KINGPAWNSHIELD:0.49321423628257033
CE_PIECECOORDINATION:0.4765345973651394
CE_MATERIAL:0.4955671144537405
CE_KINGSAFETY:0.47827123144645706
C_PIECESQUARETABLES:0.5176519135713121
C_MOBILITY:0.6057093277600576
C_KINGSAFETY:0.4898861519051346
C_PAWNSTRUCTURE:0.5319752082122369
C_PIECECOORDINATION:0.4783027995749541
C_ROOKANDPAWNMOVEMENT:0.4783027995749541
C_CENTERCONTROL:0.5185665187715279
C_DEVELOPPIECES:0.5177222871158378
C_MATERIAL:0.4764857039161916
C_MOVECOUNT:0.5
