ELO:998
CE_PASSEDPAWNS:0.5178224669276706
CE_PAWNWEAKNESSES:0.5273628438322728
CE_PIECEACTIVITY:0.4855714161623275
CE_KINGPAWNSHIELD:0.4589490399720454
CE_PIECECOORDINATION:0.5466251249998317
CE_MATERIAL:0.5450498361128043
CE_KINGSAFETY:0.5
C_PIECESQUARETABLES:0.5
C_MOBILITY:0.49182828876405016
C_KINGSAFETY:0.45086567222821927
C_PAWNSTRUCTURE:0.5434577781305115
C_PIECECOORDINATION:0.4540355945715986
C_ROOKANDPAWNMOVEMENT:0.4540355945715986
C_CENTERCONTROL:0.5265532717177859
C_DEVELOPPIECES:0.4905188102576241
C_MATERIAL:0.4826686342559691
