ELO:780
CE_PASSEDPAWNS:0.47363870788675316
CE_PAWNWEAKNESSES:0.4899765163997128
CE_PIECEACTIVITY:0.5088571891140595
CE_KINGPAWNSHIELD:0.5153192681273467
CE_PIECECOORDINATION:0.4593347236484089
CE_MATERIAL:0.49936541180374794
CE_KINGSAFETY:0.4563795192711759
C_PIECESQUARETABLES:0.49607570823914815
C_MOBILITY:0.5950066797454028
C_KINGSAFETY:0.5211878055252221
C_PAWNSTRUCTURE:0.5323055467999569
C_PIECECOORDINATION:0.4843408185577417
C_ROOKANDPAWNMOVEMENT:0.4843408185577417
C_CENTERCONTROL:0.5078321800040472
C_DEVELOPPIECES:0.5047550114167277
C_MATERIAL:0.4713127402231442
C_MOVECOUNT:0.5
