ELO:1017
CE_PASSEDPAWNS:0.4964635790274733
CE_PAWNWEAKNESSES:0.5
CE_PIECEACTIVITY:0.5140022182382353
CE_KINGPAWNSHIELD:0.5
CE_PIECECOORDINATION:0.4953147165888198
CE_MATERIAL:0.48380355378292067
CE_KINGSAFETY:0.49947951982514177
C_PIECESQUARETABLES:0.5353427661126469
C_MOBILITY:0.5003375998932484
C_KINGSAFETY:0.49355897768238965
C_PAWNSTRUCTURE:0.5
C_PIECECOORDINATION:0.49750728087903984
C_ROOKANDPAWNMOVEMENT:0.49750728087903984
C_CENTERCONTROL:0.4819999721353832
C_DEVELOPPIECES:0.4909592969272468
C_MATERIAL:0.5
C_MOVECOUNT:0.5
