ELO:554
CE_PASSEDPAWNS:0.5564528033491251
CE_PAWNWEAKNESSES:0.5679140341878199
CE_PIECEACTIVITY:0.5023344611773373
CE_KINGPAWNSHIELD:0.5475157852378068
CE_PIECECOORDINATION:0.5122078764436657
CE_MATERIAL:0.4732189587571342
CE_KINGSAFETY:0.4238260972331735
C_PIECESQUARETABLES:0.5271602273698646
C_MOBILITY:0.4385957486028051
C_KINGSAFETY:0.48033069834783365
C_PAWNSTRUCTURE:0.4905571800141604
C_PIECECOORDINATION:0.45991740590308455
C_ROOKANDPAWNMOVEMENT:0.45991740590308455
C_CENTERCONTROL:0.5028448462609363
C_DEVELOPPIECES:0.48594145775945646
C_MATERIAL:0.492833787915496
C_MOVECOUNT:0.45379589688785277
