ELO:1021
CE_PASSEDPAWNS:0.5
CE_PAWNWEAKNESSES:0.47580349551343887
CE_PIECEACTIVITY:0.5306162511137085
CE_KINGPAWNSHIELD:0.5220799933118081
CE_PIECECOORDINATION:0.5062100094595076
CE_MATERIAL:0.5010813735763364
CE_KINGSAFETY:0.5029487175212264
C_PIECESQUARETABLES:0.5
C_MOBILITY:0.47792507853214455
C_KINGSAFETY:0.5
C_PAWNSTRUCTURE:0.4908302189595743
C_PIECECOORDINATION:0.571374818334274
C_ROOKANDPAWNMOVEMENT:0.571374818334274
C_CENTERCONTROL:0.5037051054281906
C_DEVELOPPIECES:0.49499831557845886
C_MATERIAL:0.5399564653167065
C_MOVECOUNT:0.5079291624654617
