ELO:855
CE_PASSEDPAWNS:0.4834467186318044
CE_PAWNWEAKNESSES:0.5023213826423497
CE_PIECEACTIVITY:0.5203657305922289
CE_KINGPAWNSHIELD:0.5170385853092361
CE_PIECECOORDINATION:0.46920772010795087
CE_MATERIAL:0.5124767653247032
CE_KINGSAFETY:0.4737107422567629
C_PIECESQUARETABLES:0.5115107600710342
C_MOBILITY:0.6000453399590169
C_KINGSAFETY:0.5271458320363189
C_PAWNSTRUCTURE:0.5527318754791393
C_PIECECOORDINATION:0.4894974894614498
C_ROOKANDPAWNMOVEMENT:0.4894974894614498
C_CENTERCONTROL:0.48046158451535803
C_DEVELOPPIECES:0.5083045598773465
C_MATERIAL:0.48411382860237895
C_MOVECOUNT:0.5
