ELO:899
CE_PASSEDPAWNS:0.37023991386038263
CE_PAWNWEAKNESSES:0.5456365174550419
CE_PIECEACTIVITY:0.568484623068996
CE_KINGPAWNSHIELD:0.5174449488443066
CE_PIECECOORDINATION:0.533942872554704
CE_MATERIAL:0.491372588956134
CE_KINGSAFETY:0.4917322945023963
C_PIECESQUARETABLES:0.5019631167875928
C_MOBILITY:0.5690818228691082
C_KINGSAFETY:0.3511076676807998
C_PAWNSTRUCTURE:0.5481813719902977
C_PIECECOORDINATION:0.6043930168690043
C_ROOKANDPAWNMOVEMENT:0.6043930168690043
C_CENTERCONTROL:0.4568846066175578
C_DEVELOPPIECES:0.4921130324976765
C_MATERIAL:0.5451941570551887
