ELO:1000
CE_PASSEDPAWNS:0.5192308886171519
CE_PAWNWEAKNESSES:0.5072144343277019
CE_PIECEACTIVITY:0.5198658921560939
CE_KINGPAWNSHIELD:0.44689336650239625
CE_PIECECOORDINATION:0.5041237076937503
CE_MATERIAL:0.5303498674661952
CE_KINGSAFETY:0.5192362301160508
C_PIECESQUARETABLES:0.4771286676982598
C_MOBILITY:0.5206564709827415
C_KINGSAFETY:0.4992152627862525
C_PAWNSTRUCTURE:0.4778848479319906
C_PIECECOORDINATION:0.45873160398886065
C_ROOKANDPAWNMOVEMENT:0.45873160398886065
C_CENTERCONTROL:0.5190162951562
C_DEVELOPPIECES:0.5045241893622374
C_MATERIAL:0.47878081260787103
