ELO:643
CE_PASSEDPAWNS:0.5690903115640173
CE_PAWNWEAKNESSES:0.5546072245664135
CE_PIECEACTIVITY:0.5210182487485304
CE_KINGPAWNSHIELD:0.5183602989821505
CE_PIECECOORDINATION:0.5289567073810292
CE_MATERIAL:0.44650705301993193
CE_KINGSAFETY:0.45591866163243777
C_PIECESQUARETABLES:0.5293874306675509
C_MOBILITY:0.47453953092954926
C_KINGSAFETY:0.45638223455129695
C_PAWNSTRUCTURE:0.5002008919693445
C_PIECECOORDINATION:0.47388134193804593
C_ROOKANDPAWNMOVEMENT:0.47388134193804593
C_CENTERCONTROL:0.48800388176012466
C_DEVELOPPIECES:0.5063057354124506
C_MATERIAL:0.5126753231088987
C_MOVECOUNT:0.5029737676244813
