ELO:932
CE_PASSEDPAWNS:0.4856741242406676
CE_PAWNWEAKNESSES:0.4664065267623738
CE_PIECEACTIVITY:0.5198268832328217
CE_KINGPAWNSHIELD:0.4910514821348847
CE_PIECECOORDINATION:0.5134251734604522
CE_MATERIAL:0.5071389895474973
CE_KINGSAFETY:0.5118257385441365
C_PIECESQUARETABLES:0.5
C_MOBILITY:0.4672403882558025
C_KINGSAFETY:0.45707509011960024
C_PAWNSTRUCTURE:0.49649340218261884
C_PIECECOORDINATION:0.5272022616054141
C_ROOKANDPAWNMOVEMENT:0.5272022616054141
C_CENTERCONTROL:0.5027815621639484
C_DEVELOPPIECES:0.47475652398065243
C_MATERIAL:0.49695078921578495
C_MOVECOUNT:0.5084838462628567
