ELO:984
CE_PASSEDPAWNS:0.5
CE_PAWNWEAKNESSES:0.49603159868724905
CE_PIECEACTIVITY:0.5004137048157605
CE_KINGPAWNSHIELD:0.5
CE_PIECECOORDINATION:0.5
CE_MATERIAL:0.506755924979214
CE_KINGSAFETY:0.5066903846781956
C_PIECESQUARETABLES:0.5
C_MOBILITY:0.508203733246932
C_KINGSAFETY:0.5060604769959399
C_PAWNSTRUCTURE:0.5188921936392933
C_PIECECOORDINATION:0.49146628169861856
C_ROOKANDPAWNMOVEMENT:0.49146628169861856
C_CENTERCONTROL:0.5096952843165955
C_DEVELOPPIECES:0.5006109240956522
C_MATERIAL:0.5025890715080688
