ELO:964
CE_PASSEDPAWNS:0.4846143404571992
CE_PAWNWEAKNESSES:0.5
CE_PIECEACTIVITY:0.5014047190776292
CE_KINGPAWNSHIELD:0.5267110158305065
CE_PIECECOORDINATION:0.5416174035685526
CE_MATERIAL:0.5328662230453628
CE_KINGSAFETY:0.5114140320034882
C_PIECESQUARETABLES:0.47684824744196685
C_MOBILITY:0.5094424242147241
C_KINGSAFETY:0.48651171071792354
C_PAWNSTRUCTURE:0.4472272977192504
C_PIECECOORDINATION:0.47645489008899083
C_ROOKANDPAWNMOVEMENT:0.47645489008899083
C_CENTERCONTROL:0.5447678957449082
C_DEVELOPPIECES:0.5119264126729384
C_MATERIAL:0.47537548274905456
C_MOVECOUNT:0.47677754862217825
