ELO:1009
CE_PASSEDPAWNS:0.5192504075394386
CE_PAWNWEAKNESSES:0.5
CE_PIECEACTIVITY:0.5003680479920313
CE_KINGPAWNSHIELD:0.5087558975491079
CE_PIECECOORDINATION:0.5069118868677149
CE_MATERIAL:0.4959599682449529
CE_KINGSAFETY:0.49779574116489855
C_PIECESQUARETABLES:0.4907081005154655
C_MOBILITY:0.505382814177081
C_KINGSAFETY:0.5083006892689402
C_PAWNSTRUCTURE:0.5
C_PIECECOORDINATION:0.5068216461044039
C_ROOKANDPAWNMOVEMENT:0.5068216461044039
C_CENTERCONTROL:0.5
C_DEVELOPPIECES:0.506667671812068
C_MATERIAL:0.5021322277010056
C_MOVECOUNT:0.4943209855300339
