ELO:982
CE_PASSEDPAWNS:0.5212819449029714
CE_PAWNWEAKNESSES:0.5592962037109589
CE_PIECEACTIVITY:0.4467069191679169
CE_KINGPAWNSHIELD:0.4414098056706185
CE_PIECECOORDINATION:0.5334985337528548
CE_MATERIAL:0.567409185996734
CE_KINGSAFETY:0.4950981707670387
C_PIECESQUARETABLES:0.49185942712432706
C_MOBILITY:0.4774843342170055
C_KINGSAFETY:0.4045704198663472
C_PAWNSTRUCTURE:0.5526890160195559
C_PIECECOORDINATION:0.4545395084991228
C_ROOKANDPAWNMOVEMENT:0.4545395084991228
C_CENTERCONTROL:0.5309209262431864
C_DEVELOPPIECES:0.4555421822472693
C_MATERIAL:0.4734537275162231
