ELO:1000
CE_PASSEDPAWNS:0.5190224494996749
CE_PAWNWEAKNESSES:0.5070803233237682
CE_PIECEACTIVITY:0.4773106442768701
CE_KINGPAWNSHIELD:0.47049601875745173
CE_PIECECOORDINATION:0.5441411413827341
CE_MATERIAL:0.5450498361128043
CE_KINGSAFETY:0.5
C_PIECESQUARETABLES:0.49146652431404353
C_MOBILITY:0.4986981031127257
C_KINGSAFETY:0.44564440231923524
C_PAWNSTRUCTURE:0.5453972744232553
C_PIECECOORDINATION:0.4540355945715986
C_ROOKANDPAWNMOVEMENT:0.4540355945715986
C_CENTERCONTROL:0.5263378268194903
C_DEVELOPPIECES:0.5056566838043445
C_MATERIAL:0.4951484299750927
