ELO:1019
CE_PASSEDPAWNS:0.5071076559804834
CE_PAWNWEAKNESSES:0.46648109688238154
CE_PIECEACTIVITY:0.4839042666958268
CE_KINGPAWNSHIELD:0.5
CE_PIECECOORDINATION:0.5
CE_MATERIAL:0.4900163891315432
CE_KINGSAFETY:0.5110939241601045
C_PIECESQUARETABLES:0.5
C_MOBILITY:0.4660683547625308
C_KINGSAFETY:0.49799187277146034
C_PAWNSTRUCTURE:0.5057895964549017
C_PIECECOORDINATION:0.5074624886447356
C_ROOKANDPAWNMOVEMENT:0.5074624886447356
C_CENTERCONTROL:0.49679328340814427
C_DEVELOPPIECES:0.4909592969272468
C_MATERIAL:0.5
C_MOVECOUNT:0.5
