ELO:987
CE_PASSEDPAWNS:0.5193926763026772
CE_PAWNWEAKNESSES:0.4252100058475096
CE_PIECEACTIVITY:0.510867293682715
CE_KINGPAWNSHIELD:0.5181728058680433
CE_PIECECOORDINATION:0.5425875880449811
CE_MATERIAL:0.5103373843273966
CE_KINGSAFETY:0.5006742196186835
C_PIECESQUARETABLES:0.5061151982830812
C_MOBILITY:0.4402612819969971
C_KINGSAFETY:0.4060285869717101
C_PAWNSTRUCTURE:0.5780479040383522
C_PIECECOORDINATION:0.3641233558978428
C_ROOKANDPAWNMOVEMENT:0.3641233558978428
C_CENTERCONTROL:0.3871944022493861
C_DEVELOPPIECES:0.509248309211787
C_MATERIAL:0.49977771846816693
