ELO:1011
CE_PASSEDPAWNS:0.5138352395268491
CE_PAWNWEAKNESSES:0.4762215473018661
CE_PIECEACTIVITY:0.5109839305955625
CE_KINGPAWNSHIELD:0.5153254326286922
CE_PIECECOORDINATION:0.4736268889705201
CE_MATERIAL:0.5177674082488075
CE_KINGSAFETY:0.5077696012858314
C_PIECESQUARETABLES:0.542015312928918
C_MOBILITY:0.45711632942345093
C_KINGSAFETY:0.47563339080908396
C_PAWNSTRUCTURE:0.5623977844247244
C_PIECECOORDINATION:0.4072486489863952
C_ROOKANDPAWNMOVEMENT:0.4072486489863952
C_CENTERCONTROL:0.42846313808223935
C_DEVELOPPIECES:0.48089780046587394
C_MATERIAL:0.49121117951864723
