ELO:877
CE_PASSEDPAWNS:0.5253951465417915
CE_PAWNWEAKNESSES:0.4776665075413877
CE_PIECEACTIVITY:0.48584288382586627
CE_KINGPAWNSHIELD:0.4802351132857813
CE_PIECECOORDINATION:0.49385617312358243
CE_MATERIAL:0.4821937238898929
CE_KINGSAFETY:0.5017867007645194
C_PIECESQUARETABLES:0.5005942697002205
C_MOBILITY:0.4720064959126024
C_KINGSAFETY:0.48278700105816325
C_PAWNSTRUCTURE:0.47618747169675507
C_PIECECOORDINATION:0.5134145708181154
C_ROOK:0.5076306037248993
CE_ROOK:0.5329574856963152
C_CENTERCONTROL:0.45808155386125443
C_DEVELOPPIECES:0.4944961161243715
C_MATERIAL:0.49561528908356695
C_MOVECOUNT:0.494939400030465
C_PAWNMOVEMENT:0.5017642145143459
