ELO:988
CE_PASSEDPAWNS:0.3671258369474086
CE_PAWNWEAKNESSES:0.5116381445615591
CE_PIECEACTIVITY:0.5050730626525354
CE_KINGPAWNSHIELD:0.4076561608377238
CE_PIECECOORDINATION:0.461940972171822
CE_MATERIAL:0.5170286605424452
CE_KINGSAFETY:0.48785304284742764
C_PIECESQUARETABLES:0.496428426105942
C_MOBILITY:0.501478397709345
C_KINGSAFETY:0.5524391748489171
C_PAWNSTRUCTURE:0.4777602832603629
C_PIECECOORDINATION:0.5350567576815112
C_ROOKANDPAWNMOVEMENT:0.5350567576815112
C_CENTERCONTROL:0.3976101602692124
C_DEVELOPPIECES:0.5204523875774556
C_MATERIAL:0.5831766035462573
