ELO:927
CE_PASSEDPAWNS:0.5016375893733428
CE_PAWNWEAKNESSES:0.48577278420375586
CE_PIECEACTIVITY:0.49023420063895257
CE_KINGPAWNSHIELD:0.5
CE_PIECECOORDINATION:0.472374153759
CE_MATERIAL:0.501778900070232
CE_KINGSAFETY:0.5103824181700184
C_PIECESQUARETABLES:0.5239764510497277
C_MOBILITY:0.5017677547037623
C_KINGSAFETY:0.48878952302003154
C_PAWNSTRUCTURE:0.46937661255907404
C_PIECECOORDINATION:0.5127934392125744
C_ROOKANDPAWNMOVEMENT:0.5127934392125744
C_CENTERCONTROL:0.486765724136214
C_DEVELOPPIECES:0.4735541843495744
C_MATERIAL:0.5068550287869474
C_MOVECOUNT:0.5
