ELO:1019
CE_PASSEDPAWNS:0.6170974010417947
CE_PAWNWEAKNESSES:0.5002940585760317
CE_PIECEACTIVITY:0.44705546953861397
CE_KINGPAWNSHIELD:0.47182356076496473
CE_PIECECOORDINATION:0.481740245198043
CE_MATERIAL:0.4572613459801482
CE_KINGSAFETY:0.5043096003933324
C_PIECESQUARETABLES:0.4624675827481902
C_MOBILITY:0.3977919427547689
C_KINGSAFETY:0.5124156574828082
C_PAWNSTRUCTURE:0.4099107205087243
C_PIECECOORDINATION:0.4613829061037362
C_ROOKANDPAWNMOVEMENT:0.4613829061037362
C_CENTERCONTROL:0.5049033703256778
C_DEVELOPPIECES:0.6149972740567021
C_MATERIAL:0.43794628191774854
