ELO:939
CE_PASSEDPAWNS:0.5741491172004779
CE_PAWNWEAKNESSES:0.5580898440673652
CE_PIECEACTIVITY:0.4632100417539086
CE_KINGPAWNSHIELD:0.4193589957749214
CE_PIECECOORDINATION:0.5574267467679432
CE_MATERIAL:0.5353492890942453
CE_KINGSAFETY:0.48936136219241183
C_PIECESQUARETABLES:0.5098494042216125
C_MOBILITY:0.48150358169584667
C_KINGSAFETY:0.37714162696156456
C_PAWNSTRUCTURE:0.508456915513893
C_PIECECOORDINATION:0.41394159095834615
C_ROOKANDPAWNMOVEMENT:0.41394159095834615
C_CENTERCONTROL:0.5720646217294864
C_DEVELOPPIECES:0.38640797385471704
C_MATERIAL:0.47971831136107695
