ELO:989
CE_PASSEDPAWNS:0.5293836048260623
CE_PAWNWEAKNESSES:0.47847308068306005
CE_PIECEACTIVITY:0.512606321753388
CE_KINGPAWNSHIELD:0.5094523245729153
CE_PIECECOORDINATION:0.5261321993936459
CE_MATERIAL:0.5159774321438504
CE_KINGSAFETY:0.5371197208409519
C_PIECESQUARETABLES:0.5203793492746365
C_MOBILITY:0.45786283794148885
C_KINGSAFETY:0.4357060813051229
C_PAWNSTRUCTURE:0.5872337472722509
C_PIECECOORDINATION:0.39635466618550924
C_ROOKANDPAWNMOVEMENT:0.39635466618550924
C_CENTERCONTROL:0.4116961167164959
C_DEVELOPPIECES:0.4995671168788938
C_MATERIAL:0.47879536872406664
