ELO:788
CE_PASSEDPAWNS:0.5583076900752172
CE_PAWNWEAKNESSES:0.5281344954986766
CE_PIECEACTIVITY:0.4795237661282166
CE_KINGPAWNSHIELD:0.5020108287523927
CE_PIECECOORDINATION:0.5181979879305344
CE_MATERIAL:0.44695399239239975
CE_KINGSAFETY:0.476266222758216
C_PIECESQUARETABLES:0.48738321011244334
C_MOBILITY:0.456116341076053
C_KINGSAFETY:0.45253387036097564
C_PAWNSTRUCTURE:0.4802059815203832
C_PIECECOORDINATION:0.46416614934597533
C_ROOKANDPAWNMOVEMENT:0.46416614934597533
C_CENTERCONTROL:0.5263007147827095
C_DEVELOPPIECES:0.5151669196994605
C_MATERIAL:0.5396346154107406
C_MOVECOUNT:0.5
