ELO:987
CE_PASSEDPAWNS:0.5139626353390011
CE_PAWNWEAKNESSES:0.469475471710036
CE_PIECEACTIVITY:0.4864758114696475
CE_KINGPAWNSHIELD:0.5321913778642824
CE_PIECECOORDINATION:0.5239668844866682
CE_MATERIAL:0.5088537699469673
CE_KINGSAFETY:0.5295206352944261
C_PIECESQUARETABLES:0.5190613540401996
C_MOBILITY:0.4683547289432404
C_KINGSAFETY:0.43152992409926344
C_PAWNSTRUCTURE:0.5843938978182143
C_PIECECOORDINATION:0.39144702341030463
C_ROOKANDPAWNMOVEMENT:0.39144702341030463
C_CENTERCONTROL:0.41205319565786735
C_DEVELOPPIECES:0.47829218382808086
C_MATERIAL:0.4820066750880742
