ELO:932
CE_PASSEDPAWNS:0.5226278967882931
CE_PAWNWEAKNESSES:0.4834179497754105
CE_PIECEACTIVITY:0.47831379245183653
CE_KINGPAWNSHIELD:0.4909484640510699
CE_PIECECOORDINATION:0.5050815259407796
CE_MATERIAL:0.45456113989177477
CE_KINGSAFETY:0.5104538721143375
C_PIECESQUARETABLES:0.5090337612077742
C_MOBILITY:0.4845795572656725
C_KINGSAFETY:0.5249164808928873
C_PAWNSTRUCTURE:0.48056748996778115
C_PIECECOORDINATION:0.5054205485749165
C_ROOK:0.49939407682036424
CE_ROOK:0.5164797855358529
C_CENTERCONTROL:0.4812451219830147
C_DEVELOPPIECES:0.4947219117683082
C_MATERIAL:0.5058272436103108
C_MOVECOUNT:0.48323827655092066
C_PAWNMOVEMENT:0.4920782766349766
