ELO:905
CE_PASSEDPAWNS:0.5046410976564937
CE_PAWNWEAKNESSES:0.48577278420375586
CE_PIECEACTIVITY:0.4992287879521133
CE_KINGPAWNSHIELD:0.5167842812048321
CE_PIECECOORDINATION:0.4401029390624504
CE_MATERIAL:0.49305842577663134
CE_KINGSAFETY:0.5190344489975096
C_PIECESQUARETABLES:0.5294326619594025
C_MOBILITY:0.4828521668079646
C_KINGSAFETY:0.48694243590906466
C_PAWNSTRUCTURE:0.4789594288751271
C_PIECECOORDINATION:0.515170052065099
C_ROOKANDPAWNMOVEMENT:0.515170052065099
C_CENTERCONTROL:0.4664211914840161
C_DEVELOPPIECES:0.47099016601336763
C_MATERIAL:0.504586354512291
C_MOVECOUNT:0.5
