ELO:990
CE_PASSEDPAWNS:0.49011516807092004
CE_PAWNWEAKNESSES:0.47580349551343887
CE_PIECEACTIVITY:0.5047241448627764
CE_KINGPAWNSHIELD:0.510420104731062
CE_PIECECOORDINATION:0.4877895842951498
CE_MATERIAL:0.4967094219056451
CE_KINGSAFETY:0.5209970245575019
C_PIECESQUARETABLES:0.5257198394220656
C_MOBILITY:0.47508133500457905
C_KINGSAFETY:0.4735600409310573
C_PAWNSTRUCTURE:0.5098166504701934
C_PIECECOORDINATION:0.45737583922671227
C_ROOKANDPAWNMOVEMENT:0.45737583922671227
C_CENTERCONTROL:0.5030339619484291
C_DEVELOPPIECES:0.5080988870222976
C_MATERIAL:0.45518962801092944
C_MOVECOUNT:0.5402459146905105
