ELO:1000
CE_PASSEDPAWNS:0.5022672746434187
CE_PAWNWEAKNESSES:0.48386728856826217
CE_PIECEACTIVITY:0.45694216794802645
CE_KINGPAWNSHIELD:0.5159329108432231
CE_PIECECOORDINATION:0.4549294186109921
CE_MATERIAL:0.5002324859187602
CE_KINGSAFETY:0.480290153614217
C_PIECESQUARETABLES:0.5152195902809442
C_MOBILITY:0.5005098512123344
C_KINGSAFETY:0.5195687174232142
C_PAWNSTRUCTURE:0.4713311971413636
C_PIECECOORDINATION:0.47760082373648993
C_ROOKANDPAWNMOVEMENT:0.47760082373648993
C_CENTERCONTROL:0.586372910886751
C_DEVELOPPIECES:0.4911242559614224
C_MATERIAL:0.4337524750765061
