ELO:937
CE_PASSEDPAWNS:0.5327969805230542
CE_PAWNWEAKNESSES:0.4692187222572674
CE_PIECEACTIVITY:0.5627952766577412
CE_KINGPAWNSHIELD:0.5267673878053047
CE_PIECECOORDINATION:0.4795002504482337
CE_MATERIAL:0.521708480215061
CE_KINGSAFETY:0.5357610815727284
C_PIECESQUARETABLES:0.4923481535993578
C_MOBILITY:0.5331076616968439
C_KINGSAFETY:0.4847710066841859
C_PAWNSTRUCTURE:0.48634358041129416
C_PIECECOORDINATION:0.5334928662920851
C_ROOKANDPAWNMOVEMENT:0.5334928662920851
C_CENTERCONTROL:0.6266846444481438
C_DEVELOPPIECES:0.5024993433678546
C_MATERIAL:0.42158122556124616
