ELO:1017
CE_PASSEDPAWNS:0.4996274389455458
CE_PAWNWEAKNESSES:0.5117970259755054
CE_PIECEACTIVITY:0.5
CE_KINGPAWNSHIELD:0.48257047117420265
CE_PIECECOORDINATION:0.4920228252848902
CE_MATERIAL:0.49565432534201936
CE_KINGSAFETY:0.49044093631500957
C_PIECESQUARETABLES:0.5075661496299149
C_MOBILITY:0.4977138276450014
C_KINGSAFETY:0.5
C_PAWNSTRUCTURE:0.4983716484458686
C_PIECECOORDINATION:0.5
C_ROOKANDPAWNMOVEMENT:0.5
C_CENTERCONTROL:0.5
C_DEVELOPPIECES:0.4998394094843482
C_MATERIAL:0.5097101961157192
