ELO:1000
CE_PASSEDPAWNS:0.4736256759426453
CE_PAWNWEAKNESSES:0.49346967986708357
CE_PIECEACTIVITY:0.512795048481796
CE_KINGPAWNSHIELD:0.5071656366236589
CE_PIECECOORDINATION:0.5082710663338612
CE_MATERIAL:0.508427528541813
CE_KINGSAFETY:0.510640973090913
C_PIECESQUARETABLES:0.5005593164334798
C_MOBILITY:0.5013468689342342
C_KINGSAFETY:0.5
C_PAWNSTRUCTURE:0.48368439138654473
C_PIECECOORDINATION:0.5
C_ROOKANDPAWNMOVEMENT:0.5
C_CENTERCONTROL:0.4934363449087245
C_DEVELOPPIECES:0.49477368816220213
C_MATERIAL:0.5000332986659969
