ELO:1000
CE_PASSEDPAWNS:0.48966278548498526
CE_PAWNWEAKNESSES:0.44895872182447305
CE_PIECEACTIVITY:0.4510766532878533
CE_KINGPAWNSHIELD:0.5179856278515083
CE_PIECECOORDINATION:0.4515881146600771
CE_MATERIAL:0.4824131242061499
CE_KINGSAFETY:0.4773187667923708
C_PIECESQUARETABLES:0.5320401036759138
C_MOBILITY:0.5298984338993907
C_KINGSAFETY:0.48862816938979814
C_PAWNSTRUCTURE:0.45454365229593224
C_PIECECOORDINATION:0.47568258914331607
C_ROOKANDPAWNMOVEMENT:0.47568258914331607
C_CENTERCONTROL:0.6118383818305193
C_DEVELOPPIECES:0.4728654382666077
C_MATERIAL:0.4403006727432433
