ELO:988
CE_PASSEDPAWNS:0.3671258369474086
CE_PAWNWEAKNESSES:0.49597318516063393
CE_PIECEACTIVITY:0.5256534381721791
CE_KINGPAWNSHIELD:0.5599465954910741
CE_PIECECOORDINATION:0.47069090002822167
CE_MATERIAL:0.5125313430690898
CE_KINGSAFETY:0.4848519256025691
C_PIECESQUARETABLES:0.5
C_MOBILITY:0.4961278185961998
C_KINGSAFETY:0.5611809108189038
C_PAWNSTRUCTURE:0.3438102029194077
C_PIECECOORDINATION:0.5453739903897025
C_ROOKANDPAWNMOVEMENT:0.5453739903897025
C_CENTERCONTROL:0.3603374129090591
C_DEVELOPPIECES:0.4883293603911924
C_MATERIAL:0.6314240896143286
