ELO:970
CE_PASSEDPAWNS:0.5
CE_PAWNWEAKNESSES:0.5030505662803014
CE_PIECEACTIVITY:0.49625484180346713
CE_KINGPAWNSHIELD:0.5
CE_PIECECOORDINATION:0.4994474321714634
CE_MATERIAL:0.4684917149351675
CE_KINGSAFETY:0.5
C_PIECESQUARETABLES:0.5036744587540425
C_MOBILITY:0.5101403478777174
C_KINGSAFETY:0.4907231303837306
C_PAWNSTRUCTURE:0.5
C_PIECECOORDINATION:0.524010739462729
C_ROOKANDPAWNMOVEMENT:0.524010739462729
C_CENTERCONTROL:0.5
C_DEVELOPPIECES:0.48399843575399215
C_MATERIAL:0.48926081613991
C_MOVECOUNT:0.49712159795188304
