ELO:954
CE_PASSEDPAWNS:0.4968610365043287
CE_PAWNWEAKNESSES:0.5188211986311837
CE_PIECEACTIVITY:0.5217110794407013
CE_KINGPAWNSHIELD:0.49506754035358963
CE_PIECECOORDINATION:0.498353614019134
CE_MATERIAL:0.5178382209717522
CE_KINGSAFETY:0.5
C_PIECESQUARETABLES:0.5
C_MOBILITY:0.49103685126632207
C_KINGSAFETY:0.4868168916631531
C_PAWNSTRUCTURE:0.5003172323850916
C_PIECECOORDINATION:0.519134778461178
C_ROOKANDPAWNMOVEMENT:0.519134778461178
C_CENTERCONTROL:0.503892513359392
C_DEVELOPPIECES:0.4927713205909316
C_MATERIAL:0.502358410081791
C_MOVECOUNT:0.5080414683339829
