ELO:902
CE_PASSEDPAWNS:0.5167552048140117
CE_PAWNWEAKNESSES:0.4924356118088759
CE_PIECEACTIVITY:0.5404628483734968
CE_KINGPAWNSHIELD:0.5202853178233879
CE_PIECECOORDINATION:0.4950961404119145
CE_MATERIAL:0.5127096667930732
CE_KINGSAFETY:0.5
C_PIECESQUARETABLES:0.5
C_MOBILITY:0.45120499300470135
C_KINGSAFETY:0.48789319994004265
C_PAWNSTRUCTURE:0.47242903176273254
C_PIECECOORDINATION:0.4895106202467698
C_ROOKANDPAWNMOVEMENT:0.4895106202467698
C_CENTERCONTROL:0.4835930630528315
C_DEVELOPPIECES:0.4867248068881729
C_MATERIAL:0.47901343352597275
C_MOVECOUNT:0.5
