ELO:996
CE_PASSEDPAWNS:0.5088060477325547
CE_PAWNWEAKNESSES:0.48559980220408683
CE_PIECEACTIVITY:0.4931960503373339
CE_KINGPAWNSHIELD:0.48457831928174827
CE_PIECECOORDINATION:0.5021347131743268
CE_MATERIAL:0.5
CE_KINGSAFETY:0.4894040289861698
C_PIECESQUARETABLES:0.5051108107268877
C_MOBILITY:0.5
C_KINGSAFETY:0.5054088382491723
C_PAWNSTRUCTURE:0.490925157826191
C_PIECECOORDINATION:0.5
C_ROOKANDPAWNMOVEMENT:0.5
C_CENTERCONTROL:0.5075163800050347
C_DEVELOPPIECES:0.5
C_MATERIAL:0.4990279941200068
C_MOVECOUNT:0.49747076000417484
