ELO:867
CE_PASSEDPAWNS:0.4932864132369828
CE_PAWNWEAKNESSES:0.515524941828172
CE_PIECEACTIVITY:0.491648133846062
CE_KINGPAWNSHIELD:0.5510248940090301
CE_PIECECOORDINATION:0.4866110935990126
CE_MATERIAL:0.4832764272738817
CE_KINGSAFETY:0.4955541969946384
C_PIECESQUARETABLES:0.4955163005813242
C_MOBILITY:0.546330324969034
C_KINGSAFETY:0.5165482347738728
C_PAWNSTRUCTURE:0.42520666621507724
C_PIECECOORDINATION:0.4984620673393032
C_ROOKANDPAWNMOVEMENT:0.4984620673393032
C_CENTERCONTROL:0.5737436218280122
C_DEVELOPPIECES:0.4993752656872949
C_MATERIAL:0.49175605031451053
C_MOVECOUNT:0.5
