ELO:718
CE_PASSEDPAWNS:0.4467493866308466
CE_PAWNWEAKNESSES:0.5669839204460675
CE_PIECEACTIVITY:0.5567832057548356
CE_KINGPAWNSHIELD:0.4462227139791301
CE_PIECECOORDINATION:0.493542478255327
CE_MATERIAL:0.42787422730667307
CE_KINGSAFETY:0.48148033379591787
C_PIECESQUARETABLES:0.5306209066423883
C_MOBILITY:0.46506179905772055
C_KINGSAFETY:0.5292510088042581
C_PAWNSTRUCTURE:0.5655949705215821
C_PIECECOORDINATION:0.4687544872868572
C_ROOKANDPAWNMOVEMENT:0.4687544872868572
C_CENTERCONTROL:0.5019846975471793
C_DEVELOPPIECES:0.5197643209863784
C_MATERIAL:0.4607815472758998
C_MOVECOUNT:0.4846074725007064
