ELO:1097
CE_PASSEDPAWNS:0.5125139592575777
CE_PAWNWEAKNESSES:0.5101342833997289
CE_PIECEACTIVITY:0.5016266317876139
CE_KINGPAWNSHIELD:0.4662986907521495
CE_PIECECOORDINATION:0.5051767071925631
CE_MATERIAL:0.4840662056925468
CE_KINGSAFETY:0.5
C_PIECESQUARETABLES:0.5
C_MOBILITY:0.5097156983564551
C_KINGSAFETY:0.5038692944332201
C_PAWNSTRUCTURE:0.4988976233761561
C_PIECECOORDINATION:0.5124872349890299
C_ROOK:0.5100557964461885
CE_ROOK:0.5046425883952697
C_CENTERCONTROL:0.5002605612675087
C_DEVELOPPIECES:0.47926425733837474
C_MATERIAL:0.49965020343408034
C_MOVECOUNT:0.5
C_PAWNMOVEMENT:0.5199205352731827
