ELO:1071
CE_PASSEDPAWNS:0.5086078626992011
CE_PAWNWEAKNESSES:0.5016212295851243
CE_PIECEACTIVITY:0.49558962566582854
CE_KINGPAWNSHIELD:0.5209533767107821
CE_PIECECOORDINATION:0.5083436765879812
CE_MATERIAL:0.5010211814414373
CE_KINGSAFETY:0.5
C_PIECESQUARETABLES:0.5
C_MOBILITY:0.49511995947111004
C_KINGSAFETY:0.47209926224634857
C_PAWNSTRUCTURE:0.5
C_PIECECOORDINATION:0.5080987145855469
C_ROOK:0.49420521844694215
CE_ROOK:0.4938489949810382
C_CENTERCONTROL:0.5074812663278238
C_DEVELOPPIECES:0.48897099722680787
C_MATERIAL:0.5063430896814836
C_MOVECOUNT:0.49632982623610516
C_PAWNMOVEMENT:0.47099577499993855
