ELO:1078
CE_PASSEDPAWNS:0.4948357643847652
CE_PAWNWEAKNESSES:0.5003902715685036
CE_PIECEACTIVITY:0.45202716690404365
CE_KINGPAWNSHIELD:0.5209533767107821
CE_PIECECOORDINATION:0.487870152432313
CE_MATERIAL:0.4840662056925468
CE_KINGSAFETY:0.5
C_PIECESQUARETABLES:0.5
C_MOBILITY:0.49511995947111004
C_KINGSAFETY:0.48597921413543727
C_PAWNSTRUCTURE:0.5
C_PIECECOORDINATION:0.5328339974409297
C_ROOK:0.49420521844694215
CE_ROOK:0.5
C_CENTERCONTROL:0.5
C_DEVELOPPIECES:0.4882055847756648
C_MATERIAL:0.5063430896814836
C_MOVECOUNT:0.5100972410037712
C_PAWNMOVEMENT:0.47099577499993855
