ELO:1019
CE_PASSEDPAWNS:0.5
CE_PAWNWEAKNESSES:0.5099393463328187
CE_PIECEACTIVITY:0.5
CE_KINGPAWNSHIELD:0.4887118349727879
CE_PIECECOORDINATION:0.4985928390602211
CE_MATERIAL:0.4975597317197768
CE_KINGSAFETY:0.5
C_PIECESQUARETABLES:0.5
C_MOBILITY:0.5
C_KINGSAFETY:0.5051010929913621
C_PAWNSTRUCTURE:0.5
C_PIECECOORDINATION:0.5
C_ROOKANDPAWNMOVEMENT:0.5
C_CENTERCONTROL:0.5
C_DEVELOPPIECES:0.5
C_MATERIAL:0.5019948924602156
C_MOVECOUNT:0.5
