ELO:768
CE_PASSEDPAWNS:0.4675963502771522
CE_PAWNWEAKNESSES:0.4779898442312282
CE_PIECEACTIVITY:0.47588768787151264
CE_KINGPAWNSHIELD:0.5951729654067738
CE_PIECECOORDINATION:0.5232861560668222
CE_MATERIAL:0.4764308174727526
CE_KINGSAFETY:0.49444418150665953
C_PIECESQUARETABLES:0.5083242551730734
C_MOBILITY:0.5672931024330978
C_KINGSAFETY:0.5169039886111872
C_PAWNSTRUCTURE:0.4167386364875772
C_PIECECOORDINATION:0.4786147079712182
C_ROOKANDPAWNMOVEMENT:0.4786147079712182
C_CENTERCONTROL:0.5740140222738659
C_DEVELOPPIECES:0.4622801618595623
C_MATERIAL:0.5141420183422419
C_MOVECOUNT:0.5
