ELO:927
CE_PASSEDPAWNS:0.5908112684202432
CE_PAWNWEAKNESSES:0.49388341565059674
CE_PIECEACTIVITY:0.5970414586171277
CE_KINGPAWNSHIELD:0.5548278748193854
CE_PIECECOORDINATION:0.493334857427113
CE_MATERIAL:0.5270123574487328
CE_KINGSAFETY:0.4889336249063835
C_PIECESQUARETABLES:0.46080284041626657
C_MOBILITY:0.5286868375064205
C_KINGSAFETY:0.4648566613950769
C_PAWNSTRUCTURE:0.45899403115912113
C_PIECECOORDINATION:0.5077103575888122
C_ROOKANDPAWNMOVEMENT:0.5077103575888122
C_CENTERCONTROL:0.6287987530141533
C_DEVELOPPIECES:0.4936912304572919
C_MATERIAL:0.3851413425226244
