ELO:931
CE_PASSEDPAWNS:0.5637283125373518
CE_PAWNWEAKNESSES:0.46259527828037716
CE_PIECEACTIVITY:0.5816200781840342
CE_KINGPAWNSHIELD:0.534806945887367
CE_PIECECOORDINATION:0.502421583322794
CE_MATERIAL:0.528406884805096
CE_KINGSAFETY:0.590847176037159
C_PIECESQUARETABLES:0.48031601613904207
C_MOBILITY:0.5589254180275097
C_KINGSAFETY:0.4783719298312106
C_PAWNSTRUCTURE:0.4568463345350552
C_PIECECOORDINATION:0.5102504566337247
C_ROOKANDPAWNMOVEMENT:0.5102504566337247
C_CENTERCONTROL:0.6050864502036265
C_DEVELOPPIECES:0.4819935019832109
C_MATERIAL:0.4163524140814131
