ELO:944
CE_PASSEDPAWNS:0.5029713230360995
CE_PAWNWEAKNESSES:0.5277111325049262
CE_PIECEACTIVITY:0.541229973570368
CE_KINGPAWNSHIELD:0.4894028564352338
CE_PIECECOORDINATION:0.5137623690039453
CE_MATERIAL:0.5194733575612527
CE_KINGSAFETY:0.5044158337212623
C_PIECESQUARETABLES:0.4962046308229595
C_MOBILITY:0.5
C_KINGSAFETY:0.4820765556320733
C_PAWNSTRUCTURE:0.5114750604398017
C_PIECECOORDINATION:0.5361388759199506
C_ROOKANDPAWNMOVEMENT:0.5361388759199506
C_CENTERCONTROL:0.49306079421693233
C_DEVELOPPIECES:0.5088402943264505
C_MATERIAL:0.5083557559678794
C_MOVECOUNT:0.506049783131229
