ELO:868
CE_PASSEDPAWNS:0.6258805666818091
CE_PAWNWEAKNESSES:0.4853472525410145
CE_PIECEACTIVITY:0.5908475199362949
CE_KINGPAWNSHIELD:0.503070794274777
CE_PIECECOORDINATION:0.4744290420892688
CE_MATERIAL:0.5216748793943893
CE_KINGSAFETY:0.5589655802576124
C_PIECESQUARETABLES:0.48045366647468624
C_MOBILITY:0.5384355628773938
C_KINGSAFETY:0.47448867578255044
C_PAWNSTRUCTURE:0.4396002940230348
C_PIECECOORDINATION:0.4471479262462297
C_ROOKANDPAWNMOVEMENT:0.4471479262462297
C_CENTERCONTROL:0.6636824484422548
C_DEVELOPPIECES:0.5707269293145273
C_MATERIAL:0.38870676769730983
