ELO:867
CE_PASSEDPAWNS:0.6289273302124131
CE_PAWNWEAKNESSES:0.47177325959890853
CE_PIECEACTIVITY:0.5954599610905478
CE_KINGPAWNSHIELD:0.5026038813093262
CE_PIECECOORDINATION:0.4697555914404758
CE_MATERIAL:0.5148561614855871
CE_KINGSAFETY:0.5445453433108958
C_PIECESQUARETABLES:0.47782687965310805
C_MOBILITY:0.5194287484811833
C_KINGSAFETY:0.45353405493463045
C_PAWNSTRUCTURE:0.4504744776924014
C_PIECECOORDINATION:0.4650030119354831
C_ROOKANDPAWNMOVEMENT:0.4650030119354831
C_CENTERCONTROL:0.6409478794610372
C_DEVELOPPIECES:0.5265576354648451
C_MATERIAL:0.39652653469919397
