ELO:1012
CE_PASSEDPAWNS:0.49481947777183327
CE_PAWNWEAKNESSES:0.49330376961483313
CE_PIECEACTIVITY:0.5
CE_KINGPAWNSHIELD:0.5
CE_PIECECOORDINATION:0.5204853598539891
CE_MATERIAL:0.4718327990104209
CE_KINGSAFETY:0.5
C_PIECESQUARETABLES:0.5
C_MOBILITY:0.5048206696057613
C_KINGSAFETY:0.49500341372527834
C_PAWNSTRUCTURE:0.5051600780739468
C_PIECECOORDINATION:0.49686714702622586
C_ROOKANDPAWNMOVEMENT:0.49686714702622586
C_CENTERCONTROL:0.5003594302613086
C_DEVELOPPIECES:0.5
C_MATERIAL:0.49293085534961084
C_MOVECOUNT:0.48664280253232733
