ELO:915
CE_PASSEDPAWNS:0.5299925164866225
CE_PAWNWEAKNESSES:0.5004925486498671
CE_PIECEACTIVITY:0.48105217442467463
CE_KINGPAWNSHIELD:0.49409416804245737
CE_PIECECOORDINATION:0.5459288030426993
CE_MATERIAL:0.4987872024677092
CE_KINGSAFETY:0.4668253264986595
C_PIECESQUARETABLES:0.4986429300102692
C_MOBILITY:0.5984148123716129
C_KINGSAFETY:0.491037732155375
C_PAWNSTRUCTURE:0.5311191563070141
C_PIECECOORDINATION:0.5219789575400344
C_ROOKANDPAWNMOVEMENT:0.5219789575400344
C_CENTERCONTROL:0.4984967620330958
C_DEVELOPPIECES:0.46632757467880626
C_MATERIAL:0.504753186763953
C_MOVECOUNT:0.5
