ELO:989
CE_PASSEDPAWNS:0.5457345729423272
CE_PAWNWEAKNESSES:0.4746546849670411
CE_PIECEACTIVITY:0.5256534381721791
CE_KINGPAWNSHIELD:0.4736776555344236
CE_PIECECOORDINATION:0.4768886765770738
CE_MATERIAL:0.5561775794490093
CE_KINGSAFETY:0.4964467591104951
C_PIECESQUARETABLES:0.5
C_MOBILITY:0.580479941274235
C_KINGSAFETY:0.5077087654596292
C_PAWNSTRUCTURE:0.4643626812585818
C_PIECECOORDINATION:0.443996997644874
C_ROOKANDPAWNMOVEMENT:0.443996997644874
C_CENTERCONTROL:0.3989648915172836
C_DEVELOPPIECES:0.4354212939766876
C_MATERIAL:0.6920824729803763
