ELO:1000
CE_PASSEDPAWNS:0.443699716846908
CE_PAWNWEAKNESSES:0.5109166036683465
CE_PIECEACTIVITY:0.48721187986792736
CE_KINGPAWNSHIELD:0.5746844606503241
CE_PIECECOORDINATION:0.4624939854229837
CE_MATERIAL:0.5177615137352335
CE_KINGSAFETY:0.5133085978064553
C_PIECESQUARETABLES:0.5138982910786952
C_MOBILITY:0.5298227264746854
C_KINGSAFETY:0.5197619018720133
C_PAWNSTRUCTURE:0.5170470688022997
C_PIECECOORDINATION:0.5235975582408664
C_ROOKANDPAWNMOVEMENT:0.5235975582408664
C_CENTERCONTROL:0.5359396138133066
C_DEVELOPPIECES:0.4959680783410071
C_MATERIAL:0.49180747716777534
