ELO:952
CE_PASSEDPAWNS:0.46049430735861524
CE_PAWNWEAKNESSES:0.521672033608328
CE_PIECEACTIVITY:0.4553149203942833
CE_KINGPAWNSHIELD:0.48075267643839414
CE_PIECECOORDINATION:0.4918804952193646
CE_MATERIAL:0.5061232530475538
CE_KINGSAFETY:0.5044048202143072
C_PIECESQUARETABLES:0.46408309754871313
C_MOBILITY:0.4830163341669409
C_KINGSAFETY:0.5294372701246548
C_PAWNSTRUCTURE:0.46576217522698476
C_PIECECOORDINATION:0.4732306979799388
C_ROOKANDPAWNMOVEMENT:0.4732306979799388
C_CENTERCONTROL:0.5433573625167608
C_DEVELOPPIECES:0.47674267548594373
C_MATERIAL:0.43968235457292554
