ELO:947
CE_PASSEDPAWNS:0.5034478556865934
CE_PAWNWEAKNESSES:0.5188211986311837
CE_PIECEACTIVITY:0.5093594484524611
CE_KINGPAWNSHIELD:0.49506754035358963
CE_PIECECOORDINATION:0.5057693590159236
CE_MATERIAL:0.508500715384635
CE_KINGSAFETY:0.49403061487232797
C_PIECESQUARETABLES:0.5126096801397554
C_MOBILITY:0.4936721209479595
C_KINGSAFETY:0.49630772759752234
C_PAWNSTRUCTURE:0.4931441641198667
C_PIECECOORDINATION:0.5279478833057798
C_ROOKANDPAWNMOVEMENT:0.5279478833057798
C_CENTERCONTROL:0.49743761457743746
C_DEVELOPPIECES:0.4921306609274826
C_MATERIAL:0.5039894263984681
C_MOVECOUNT:0.4986444156458352
