ELO:989
CE_PASSEDPAWNS:0.39792981371987557
CE_PAWNWEAKNESSES:0.512584837758747
CE_PIECEACTIVITY:0.49995476573109254
CE_KINGPAWNSHIELD:0.48376254012213843
CE_PIECECOORDINATION:0.46544225017118723
CE_MATERIAL:0.5125313430690898
CE_KINGSAFETY:0.4917610659584179
C_PIECESQUARETABLES:0.5003143328534182
C_MOBILITY:0.5034570086715882
C_KINGSAFETY:0.554655110728187
C_PAWNSTRUCTURE:0.33225826834771305
C_PIECECOORDINATION:0.4455295289066636
C_ROOKANDPAWNMOVEMENT:0.4455295289066636
C_CENTERCONTROL:0.34565579776001043
C_DEVELOPPIECES:0.47453168503081367
C_MATERIAL:0.6858229876236626
