ELO:980
CE_PASSEDPAWNS:0.5
CE_PAWNWEAKNESSES:0.5204298328571003
CE_PIECEACTIVITY:0.5033003719901339
CE_KINGPAWNSHIELD:0.4983806683613282
CE_PIECECOORDINATION:0.4996457156140082
CE_MATERIAL:0.5082970816588658
CE_KINGSAFETY:0.48801534227566407
C_PIECESQUARETABLES:0.5036668878052313
C_MOBILITY:0.4900404418983959
C_KINGSAFETY:0.5
C_PAWNSTRUCTURE:0.4836970522340092
C_PIECECOORDINATION:0.5030461230987754
C_ROOKANDPAWNMOVEMENT:0.5030461230987754
C_CENTERCONTROL:0.5075163800050347
C_DEVELOPPIECES:0.4927713205909316
C_MATERIAL:0.4990279941200068
C_MOVECOUNT:0.5080414683339829
