ELO:989
CE_PASSEDPAWNS:0.36920735269402694
CE_PAWNWEAKNESSES:0.4379709278037451
CE_PIECEACTIVITY:0.5805153566919851
CE_KINGPAWNSHIELD:0.46245888705822324
CE_PIECECOORDINATION:0.46544225017118723
CE_MATERIAL:0.5125313430690898
CE_KINGSAFETY:0.5000958585674989
C_PIECESQUARETABLES:0.5169365695059761
C_MOBILITY:0.5751247270161652
C_KINGSAFETY:0.5250912115677565
C_PAWNSTRUCTURE:0.46054427260367564
C_PIECECOORDINATION:0.4579518097212436
C_ROOKANDPAWNMOVEMENT:0.4579518097212436
C_CENTERCONTROL:0.34565579776001043
C_DEVELOPPIECES:0.5528173797779841
C_MATERIAL:0.6858229876236626
