ELO:1064
CE_PASSEDPAWNS:0.521696994521181
CE_PAWNWEAKNESSES:0.49724289724791626
CE_PIECEACTIVITY:0.5235231028364252
CE_KINGPAWNSHIELD:0.4869762891852908
CE_PIECECOORDINATION:0.503640349052995
CE_MATERIAL:0.5154078060106405
CE_KINGSAFETY:0.5
C_PIECESQUARETABLES:0.5
C_MOBILITY:0.5164581125171444
C_KINGSAFETY:0.48928570113199704
C_PAWNSTRUCTURE:0.5195972582034951
C_PIECECOORDINATION:0.5025087255872847
C_ROOK:0.5118138365292105
CE_ROOK:0.49431917977143686
C_CENTERCONTROL:0.5
C_DEVELOPPIECES:0.47948199150109994
C_MATERIAL:0.5066462544311117
C_MOVECOUNT:0.5
C_PAWNMOVEMENT:0.517009082466425
