ELO:1055
CE_PASSEDPAWNS:0.509627366259295
CE_PAWNWEAKNESSES:0.5
CE_PIECEACTIVITY:0.5144750712005799
CE_KINGPAWNSHIELD:0.4955419174468468
CE_PIECECOORDINATION:0.49067908115444525
CE_MATERIAL:0.49072364012201547
CE_KINGSAFETY:0.5
C_PIECESQUARETABLES:0.5
C_MOBILITY:0.5
C_KINGSAFETY:0.4833327887955052
C_PAWNSTRUCTURE:0.5
C_PIECECOORDINATION:0.5204537975749808
C_ROOK:0.5031056924103747
CE_ROOK:0.5080424662482982
C_CENTERCONTROL:0.5010596837802753
C_DEVELOPPIECES:0.5169049356104082
C_MATERIAL:0.4733690730580908
C_MOVECOUNT:0.49117731403886083
C_PAWNMOVEMENT:0.5028529947868007
