ELO:1060
CE_PASSEDPAWNS:0.5125139592575777
CE_PAWNWEAKNESSES:0.506642754522303
CE_PIECEACTIVITY:0.49558962566582854
CE_KINGPAWNSHIELD:0.5099722961756945
CE_PIECECOORDINATION:0.515551903436208
CE_MATERIAL:0.5034615563285754
CE_KINGSAFETY:0.5
C_PIECESQUARETABLES:0.5
C_MOBILITY:0.5054917583631313
C_KINGSAFETY:0.5178169592379083
C_PAWNSTRUCTURE:0.5
C_PIECECOORDINATION:0.5080987145855469
C_ROOK:0.5229196765063503
CE_ROOK:0.4938489949810382
C_CENTERCONTROL:0.5074812663278238
C_DEVELOPPIECES:0.48897099722680787
C_MATERIAL:0.5063430896814836
C_MOVECOUNT:0.49632982623610516
C_PAWNMOVEMENT:0.47099577499993855
