ELO:1000
CE_PASSEDPAWNS:0.48131585660204657
CE_PAWNWEAKNESSES:0.5240508393950923
CE_PIECEACTIVITY:0.5056591044420813
CE_KINGPAWNSHIELD:0.5719997415536668
CE_PIECECOORDINATION:0.5015484052571644
CE_MATERIAL:0.5406172627231874
CE_KINGSAFETY:0.49423236570537377
C_PIECESQUARETABLES:0.5014045713475301
C_MOBILITY:0.5540441864576099
C_KINGSAFETY:0.5215782147593051
C_PAWNSTRUCTURE:0.507932875351828
C_PIECECOORDINATION:0.5151426507887881
C_ROOKANDPAWNMOVEMENT:0.5151426507887881
C_CENTERCONTROL:0.5059234833185282
C_DEVELOPPIECES:0.4789034707908546
C_MATERIAL:0.5069897777857454
