ELO:978
CE_PASSEDPAWNS:0.4341534253839171
CE_PAWNWEAKNESSES:0.5447066201667021
CE_PIECEACTIVITY:0.46050580345722214
CE_KINGPAWNSHIELD:0.4907527723957435
CE_PIECECOORDINATION:0.4934513011180646
CE_MATERIAL:0.5102139583387719
CE_KINGSAFETY:0.5
C_PIECESQUARETABLES:0.5
C_MOBILITY:0.4698005552542829
C_KINGSAFETY:0.5265667155009325
C_PAWNSTRUCTURE:0.5028003353273763
C_PIECECOORDINATION:0.48536268845914876
C_ROOKANDPAWNMOVEMENT:0.48536268845914876
C_CENTERCONTROL:0.5406661257021457
C_DEVELOPPIECES:0.4473001705128633
C_MATERIAL:0.4474204224983203
