ELO:1061
CE_PASSEDPAWNS:0.4936118726401552
CE_PAWNWEAKNESSES:0.5263341247713677
CE_PIECEACTIVITY:0.5016266317876139
CE_KINGPAWNSHIELD:0.4662986907521495
CE_PIECECOORDINATION:0.5117626846070501
CE_MATERIAL:0.5115008509760626
CE_KINGSAFETY:0.5
C_PIECESQUARETABLES:0.5
C_MOBILITY:0.471753631585008
C_KINGSAFETY:0.5144133679387982
C_PAWNSTRUCTURE:0.4988976233761561
C_PIECECOORDINATION:0.5037032257979067
C_ROOK:0.4938167792392316
CE_ROOK:0.48499253174775464
C_CENTERCONTROL:0.5
C_DEVELOPPIECES:0.49436532366477515
C_MATERIAL:0.49965020343408034
C_MOVECOUNT:0.5
C_PAWNMOVEMENT:0.4804229145699416
