ELO:999
CE_PASSEDPAWNS:0.5010562169400188
CE_PAWNWEAKNESSES:0.5028585967668784
CE_PIECEACTIVITY:0.49124330588384113
CE_KINGPAWNSHIELD:0.5
CE_PIECECOORDINATION:0.5051078082445356
CE_MATERIAL:0.505680386636423
CE_KINGSAFETY:0.5
C_PIECESQUARETABLES:0.5085605936723944
C_MOBILITY:0.4952760660351238
C_KINGSAFETY:0.5124614959055915
C_PAWNSTRUCTURE:0.49599177881801654
C_PIECECOORDINATION:0.5
C_ROOKANDPAWNMOVEMENT:0.5
C_CENTERCONTROL:0.5
C_DEVELOPPIECES:0.5
C_MATERIAL:0.5310064786009009
C_MOVECOUNT:0.5
