ELO:1000
CE_PASSEDPAWNS:0.4985585817080162
CE_PAWNWEAKNESSES:0.452659677809916
CE_PIECEACTIVITY:0.5350632618793716
CE_KINGPAWNSHIELD:0.5437697250982705
CE_PIECECOORDINATION:0.5453220520198812
CE_MATERIAL:0.48751905506158544
CE_KINGSAFETY:0.4749648952438716
C_PIECESQUARETABLES:0.505507709248603
C_MOBILITY:0.4698560679627796
C_KINGSAFETY:0.49460358431089757
C_PAWNSTRUCTURE:0.5116335424011761
C_PIECECOORDINATION:0.544079531804742
C_ROOKANDPAWNMOVEMENT:0.544079531804742
C_CENTERCONTROL:0.4740243211546695
C_DEVELOPPIECES:0.5366085477714372
C_MATERIAL:0.5318920476585147
