ELO:946
CE_PASSEDPAWNS:0.4977147387074436
CE_PAWNWEAKNESSES:0.5022147563299708
CE_PIECEACTIVITY:0.5244369044882511
CE_KINGPAWNSHIELD:0.513233844155863
CE_PIECECOORDINATION:0.5389022672119012
CE_MATERIAL:0.4766645901691712
CE_KINGSAFETY:0.4707728044760587
C_PIECESQUARETABLES:0.49251875094637454
C_MOBILITY:0.5144766921854567
C_KINGSAFETY:0.5098378242030953
C_PAWNSTRUCTURE:0.5096845280046111
C_PIECECOORDINATION:0.5120904820246417
C_ROOKANDPAWNMOVEMENT:0.5120904820246417
C_CENTERCONTROL:0.4834451267402151
C_DEVELOPPIECES:0.4710317988344664
C_MATERIAL:0.4919697667327527
