ELO:974
CE_PASSEDPAWNS:0.5220800047778676
CE_PAWNWEAKNESSES:0.4795309229903347
CE_PIECEACTIVITY:0.5392325213276905
CE_KINGPAWNSHIELD:0.5398922838090637
CE_PIECECOORDINATION:0.5500899803138742
CE_MATERIAL:0.4455847145340772
CE_KINGSAFETY:0.48925230894875243
C_PIECESQUARETABLES:0.4925680418395171
C_MOBILITY:0.457945278305927
C_KINGSAFETY:0.4922222565937331
C_PAWNSTRUCTURE:0.5283137269210504
C_PIECECOORDINATION:0.5373481876710557
C_ROOKANDPAWNMOVEMENT:0.5373481876710557
C_CENTERCONTROL:0.44367211416840946
C_DEVELOPPIECES:0.5285872965838796
C_MATERIAL:0.5228361918423784
