ELO:993
CE_PASSEDPAWNS:0.523445592134607
CE_PAWNWEAKNESSES:0.4723937621161102
CE_PIECEACTIVITY:0.46628510537768
CE_KINGPAWNSHIELD:0.5365437575952151
CE_PIECECOORDINATION:0.4724112139463471
CE_MATERIAL:0.47801577535742124
CE_KINGSAFETY:0.47817636641352274
C_PIECESQUARETABLES:0.5130422256984005
C_MOBILITY:0.5086625854546352
C_KINGSAFETY:0.4674999495089028
C_PAWNSTRUCTURE:0.5241965214962074
C_PIECECOORDINATION:0.49565218486302587
C_ROOK:0.5749679389315606
CE_ROOK:0.5113861030716232
C_CENTERCONTROL:0.5086231111145126
C_DEVELOPPIECES:0.5019980033034811
C_MATERIAL:0.5508656255698688
C_MOVECOUNT:0.47243649144778166
C_PAWNMOVEMENT:0.5273039753582478
