ELO:875
CE_PASSEDPAWNS:0.3863771848276842
CE_PAWNWEAKNESSES:0.5563468326971556
CE_PIECEACTIVITY:0.5503848525662072
CE_KINGPAWNSHIELD:0.5751921829467964
CE_PIECECOORDINATION:0.5311321239692173
CE_MATERIAL:0.5965235356193405
CE_KINGSAFETY:0.48175706443894684
C_PIECESQUARETABLES:0.519989078730606
C_MOBILITY:0.540509302720822
C_KINGSAFETY:0.5414808768357491
C_PAWNSTRUCTURE:0.48467533154925413
C_PIECECOORDINATION:0.35159995528951316
C_ROOKANDPAWNMOVEMENT:0.35159995528951316
C_CENTERCONTROL:0.5272916863637656
C_DEVELOPPIECES:0.4928799124638302
C_MATERIAL:0.5452865846068498
