ELO:1000
CE_PASSEDPAWNS:0.4711412404914165
CE_PAWNWEAKNESSES:0.46993541553727614
CE_PIECEACTIVITY:0.5048327742273511
CE_KINGPAWNSHIELD:0.5315781103181931
CE_PIECECOORDINATION:0.5175255134936049
CE_MATERIAL:0.5314918116316455
CE_KINGSAFETY:0.4959054871859772
C_PIECESQUARETABLES:0.5123243979245818
C_MOBILITY:0.487681554380617
C_KINGSAFETY:0.4774507872724981
C_PAWNSTRUCTURE:0.5275192061071737
C_PIECECOORDINATION:0.5021242083708937
C_ROOKANDPAWNMOVEMENT:0.5021242083708937
C_CENTERCONTROL:0.49767811699610087
C_DEVELOPPIECES:0.47882771281044856
C_MATERIAL:0.4902489227128765
