ELO:988
CE_PASSEDPAWNS:0.41697911731840004
CE_PAWNWEAKNESSES:0.47617503447252935
CE_PIECEACTIVITY:0.5185295587285339
CE_KINGPAWNSHIELD:0.6144874347169177
CE_PIECECOORDINATION:0.4967409175216178
CE_MATERIAL:0.4834361288091631
CE_KINGSAFETY:0.4943891904790988
C_PIECESQUARETABLES:0.47272897847587836
C_MOBILITY:0.49374425350638595
C_KINGSAFETY:0.4915483741364966
C_PAWNSTRUCTURE:0.5113317861616363
C_PIECECOORDINATION:0.4630340801687197
C_ROOKANDPAWNMOVEMENT:0.4630340801687197
C_CENTERCONTROL:0.4728200108380013
C_DEVELOPPIECES:0.4366658215150941
C_MATERIAL:0.4983322562502715
