ELO:1007
CE_PASSEDPAWNS:0.49380151345897655
CE_PAWNWEAKNESSES:0.512203530544362
CE_PIECEACTIVITY:0.5
CE_KINGPAWNSHIELD:0.5080732706224637
CE_PIECECOORDINATION:0.4918730576580314
CE_MATERIAL:0.5
CE_KINGSAFETY:0.49871863373331404
C_PIECESQUARETABLES:0.5
C_MOBILITY:0.48010990263072567
C_KINGSAFETY:0.5068669455189245
C_PAWNSTRUCTURE:0.48760701235192444
C_PIECECOORDINATION:0.5
C_ROOKANDPAWNMOVEMENT:0.5
C_CENTERCONTROL:0.5081664393682651
C_DEVELOPPIECES:0.48520930556225705
C_MATERIAL:0.46982459527815784
C_MOVECOUNT:0.5
