ELO:943
CE_PASSEDPAWNS:0.513930362512067
CE_PAWNWEAKNESSES:0.49654400110580155
CE_PIECEACTIVITY:0.5026676026873017
CE_KINGPAWNSHIELD:0.49527524599646705
CE_PIECECOORDINATION:0.49813748114312195
CE_MATERIAL:0.4960308218993895
CE_KINGSAFETY:0.4872062127761164
C_PIECESQUARETABLES:0.4925045203198392
C_MOBILITY:0.5312077298713633
C_KINGSAFETY:0.5007721612181908
C_PAWNSTRUCTURE:0.5158236467606186
C_PIECECOORDINATION:0.4996873010167058
C_ROOKANDPAWNMOVEMENT:0.4996873010167058
C_CENTERCONTROL:0.49287293641180624
C_DEVELOPPIECES:0.4748219234094851
C_MATERIAL:0.5163107689644574
