ELO:975
CE_PASSEDPAWNS:0.42871539339473086
CE_PAWNWEAKNESSES:0.508319710858976
CE_PIECEACTIVITY:0.502249047990012
CE_KINGPAWNSHIELD:0.5036713055085817
CE_PIECECOORDINATION:0.49311951334795606
CE_MATERIAL:0.5110006228538818
CE_KINGSAFETY:0.5
C_PIECESQUARETABLES:0.5
C_MOBILITY:0.5
C_KINGSAFETY:0.5214158252457518
C_PAWNSTRUCTURE:0.48898006140659445
C_PIECECOORDINATION:0.47471527578915257
C_ROOKANDPAWNMOVEMENT:0.47471527578915257
C_CENTERCONTROL:0.42273101846889327
C_DEVELOPPIECES:0.503349178422754
C_MATERIAL:0.5
C_MOVECOUNT:0.5
