ELO:985
CE_PASSEDPAWNS:0.49718336551261905
CE_PAWNWEAKNESSES:0.4533246627983414
CE_PIECEACTIVITY:0.5398480856442737
CE_KINGPAWNSHIELD:0.5673042592202117
CE_PIECECOORDINATION:0.5189106311732702
CE_MATERIAL:0.47887427598706983
CE_KINGSAFETY:0.5
C_PIECESQUARETABLES:0.5
C_MOBILITY:0.4651059780830959
C_KINGSAFETY:0.4646185997045201
C_PAWNSTRUCTURE:0.495202039433637
C_PIECECOORDINATION:0.5534774183391427
C_ROOKANDPAWNMOVEMENT:0.5534774183391427
C_CENTERCONTROL:0.4742782359166137
C_DEVELOPPIECES:0.5693314858626513
C_MATERIAL:0.5164960961580554
