ELO:999
CE_PASSEDPAWNS:0.5082313595359376
CE_PAWNWEAKNESSES:0.5034515281915327
CE_PIECEACTIVITY:0.47878531257333184
CE_KINGPAWNSHIELD:0.5136747194936865
CE_PIECECOORDINATION:0.4876497710184152
CE_MATERIAL:0.498594040586837
CE_KINGSAFETY:0.5
C_PIECESQUARETABLES:0.5086066584466099
C_MOBILITY:0.5025167503251595
C_KINGSAFETY:0.48273400796165733
C_PAWNSTRUCTURE:0.47886655394482797
C_PIECECOORDINATION:0.49659114437127616
C_ROOK:0.5
CE_ROOK:0.48810760888815635
C_CENTERCONTROL:0.5086231111145126
C_DEVELOPPIECES:0.48794556813149087
C_MATERIAL:0.5220032611212201
C_MOVECOUNT:0.49695469958174854
C_PAWNMOVEMENT:0.4948416421047886
