ELO:937
CE_PASSEDPAWNS:0.4885442984403783
CE_PAWNWEAKNESSES:0.43685717367269483
CE_PIECEACTIVITY:0.5031161110680323
CE_KINGPAWNSHIELD:0.500491910170546
CE_PIECECOORDINATION:0.5183832866205134
CE_MATERIAL:0.41454611520159973
CE_KINGSAFETY:0.5
C_PIECESQUARETABLES:0.5
C_MOBILITY:0.4911755769783971
C_KINGSAFETY:0.5322767723178451
C_PAWNSTRUCTURE:0.4746672957446145
C_PIECECOORDINATION:0.4867769574259361
C_ROOKANDPAWNMOVEMENT:0.4867769574259361
C_CENTERCONTROL:0.4771610604484252
C_DEVELOPPIECES:0.5209447385403095
C_MATERIAL:0.4944610651511498
C_MOVECOUNT:0.5
