ELO:979
CE_PASSEDPAWNS:0.4550296391577745
CE_PAWNWEAKNESSES:0.5314262678886349
CE_PIECEACTIVITY:0.5374994788449445
CE_KINGPAWNSHIELD:0.5114126583345032
CE_PIECECOORDINATION:0.5181762803876194
CE_MATERIAL:0.4482132650541539
CE_KINGSAFETY:0.5
C_PIECESQUARETABLES:0.5
C_MOBILITY:0.49288465000298043
C_KINGSAFETY:0.4758017581405702
C_PAWNSTRUCTURE:0.5250436326843444
C_PIECECOORDINATION:0.5050363850304275
C_ROOK:0.5477372164773524
CE_ROOK:0.5133019470923462
C_CENTERCONTROL:0.49928006934993263
C_DEVELOPPIECES:0.4893455810865943
C_MATERIAL:0.538445104987641
C_MOVECOUNT:0.5158813356519456
C_PAWNMOVEMENT:0.4460946857035773
