ELO:1000
CE_PASSEDPAWNS:0.5
CE_PAWNWEAKNESSES:0.4968943872447772
CE_PIECEACTIVITY:0.4815409101981946
CE_KINGPAWNSHIELD:0.4890314558206936
CE_PIECECOORDINATION:0.5
CE_MATERIAL:0.5177821011603637
CE_KINGSAFETY:0.488169046318165
C_PIECESQUARETABLES:0.5074598700735712
C_MOBILITY:0.494691756763018
C_KINGSAFETY:0.5
C_PAWNSTRUCTURE:0.493401787075486
C_PIECECOORDINATION:0.5
C_ROOK:0.5
CE_ROOK:0.5
C_CENTERCONTROL:0.5015586391565532
C_DEVELOPPIECES:0.4928486425317028
C_MATERIAL:0.5
C_MOVECOUNT:0.5090772023085492
C_PAWNMOVEMENT:0.5078803350411639
