ELO:996
CE_PASSEDPAWNS:0.40556708979104167
CE_PAWNWEAKNESSES:0.45768441044586683
CE_PIECEACTIVITY:0.5333939301745477
CE_KINGPAWNSHIELD:0.5920905746549098
CE_PIECECOORDINATION:0.5345798430306026
CE_MATERIAL:0.5037215063889311
CE_KINGSAFETY:0.4836684804128033
C_PIECESQUARETABLES:0.474405289230998
C_MOBILITY:0.4519799377543993
C_KINGSAFETY:0.48087649928345316
C_PAWNSTRUCTURE:0.5063478643664123
C_PIECECOORDINATION:0.4800039333440263
C_ROOKANDPAWNMOVEMENT:0.4800039333440263
C_CENTERCONTROL:0.47643754126554316
C_DEVELOPPIECES:0.4424110661927091
C_MATERIAL:0.4892498507252199
