ELO:999
CE_PASSEDPAWNS:0.49034016457501883
CE_PAWNWEAKNESSES:0.5
CE_PIECEACTIVITY:0.4849068272948909
CE_KINGPAWNSHIELD:0.49420073899978817
CE_PIECECOORDINATION:0.5
CE_MATERIAL:0.4906780672082556
CE_KINGSAFETY:0.5
C_PIECESQUARETABLES:0.4969618493747557
C_MOBILITY:0.5
C_KINGSAFETY:0.5
C_PAWNSTRUCTURE:0.5057433996564705
C_PIECECOORDINATION:0.49357536238183847
C_ROOKANDPAWNMOVEMENT:0.49357536238183847
C_CENTERCONTROL:0.5
C_DEVELOPPIECES:0.4985623993017176
C_MATERIAL:0.5
C_MOVECOUNT:0.4915763265235442
