ELO:1000
CE_PASSEDPAWNS:0.447035771943474
CE_PAWNWEAKNESSES:0.4736432224723053
CE_PIECEACTIVITY:0.5258445523601399
CE_KINGPAWNSHIELD:0.5765173722486775
CE_PIECECOORDINATION:0.5248914351347613
CE_MATERIAL:0.521965318202959
CE_KINGSAFETY:0.48758860216235217
C_PIECESQUARETABLES:0.4529143538640566
C_MOBILITY:0.4205456486675878
C_KINGSAFETY:0.5252794015240922
C_PAWNSTRUCTURE:0.4904751434016047
C_PIECECOORDINATION:0.46644197746342364
C_ROOKANDPAWNMOVEMENT:0.46644197746342364
C_CENTERCONTROL:0.4837044008038458
C_DEVELOPPIECES:0.42956040032262677
C_MATERIAL:0.4888704851386454
