ELO:1000
CE_PASSEDPAWNS:0.4907044164682809
CE_PAWNWEAKNESSES:0.49596385031769197
CE_PIECEACTIVITY:0.4906103395751493
CE_KINGPAWNSHIELD:0.5067190730217055
CE_PIECECOORDINATION:0.4869836605807586
CE_MATERIAL:0.5122539186833732
CE_KINGSAFETY:0.5104447947980982
C_PIECESQUARETABLES:0.5052172656933539
C_MOBILITY:0.49915851797698474
C_KINGSAFETY:0.48704397013388023
C_PAWNSTRUCTURE:0.5119090065831964
C_PIECECOORDINATION:0.5000369582957238
C_ROOKANDPAWNMOVEMENT:0.5000369582957238
C_CENTERCONTROL:0.4919004788714112
C_DEVELOPPIECES:0.48572377670402267
C_MATERIAL:0.49052959393181567
