ELO:1018
CE_PASSEDPAWNS:0.49538014810845576
CE_PAWNWEAKNESSES:0.5
CE_PIECEACTIVITY:0.5212881987191861
CE_KINGPAWNSHIELD:0.5009581043557548
CE_PIECECOORDINATION:0.4931306946640167
CE_MATERIAL:0.4957004086323476
CE_KINGSAFETY:0.501866176809772
C_PIECESQUARETABLES:0.5
C_MOBILITY:0.4858590413957327
C_KINGSAFETY:0.49440044407083755
C_PAWNSTRUCTURE:0.49696613161322994
C_PIECECOORDINATION:0.5052269750668488
C_ROOKANDPAWNMOVEMENT:0.5052269750668488
C_CENTERCONTROL:0.5
C_DEVELOPPIECES:0.5
C_MATERIAL:0.5
C_MOVECOUNT:0.5
