ELO:1013
CE_PASSEDPAWNS:0.5
CE_PAWNWEAKNESSES:0.50176459996553
CE_PIECEACTIVITY:0.5063631224884217
CE_KINGPAWNSHIELD:0.49022504425705354
CE_PIECECOORDINATION:0.49304491464863454
CE_MATERIAL:0.5
CE_KINGSAFETY:0.44986509530268104
C_PIECESQUARETABLES:0.5
C_MOBILITY:0.480964365232248
C_KINGSAFETY:0.49545242101537473
C_PAWNSTRUCTURE:0.4987232590680539
C_PIECECOORDINATION:0.49889769977421317
C_ROOKANDPAWNMOVEMENT:0.49889769977421317
C_CENTERCONTROL:0.5
C_DEVELOPPIECES:0.4759750709672584
C_MATERIAL:0.4869585010909063
C_MOVECOUNT:0.5
