ELO:1019
CE_PASSEDPAWNS:0.5060139660803494
CE_PAWNWEAKNESSES:0.5
CE_PIECEACTIVITY:0.5063631224884217
CE_KINGPAWNSHIELD:0.5088634279910936
CE_PIECECOORDINATION:0.48986390602469904
CE_MATERIAL:0.5222458627914546
CE_KINGSAFETY:0.49947951982514177
C_PIECESQUARETABLES:0.5
C_MOBILITY:0.5
C_KINGSAFETY:0.5100689031336203
C_PAWNSTRUCTURE:0.5
C_PIECECOORDINATION:0.49750728087903984
C_ROOKANDPAWNMOVEMENT:0.49750728087903984
C_CENTERCONTROL:0.4791104000155624
C_DEVELOPPIECES:0.5
C_MATERIAL:0.49413351506983216
C_MOVECOUNT:0.5
