ELO:993
CE_PASSEDPAWNS:0.48715157963415806
CE_PAWNWEAKNESSES:0.5139428463767269
CE_PIECEACTIVITY:0.540039635994262
CE_KINGPAWNSHIELD:0.5116518059441666
CE_PIECECOORDINATION:0.5024729050828024
CE_MATERIAL:0.47801577535742124
CE_KINGSAFETY:0.5
C_PIECESQUARETABLES:0.5
C_MOBILITY:0.5157476817594451
C_KINGSAFETY:0.46309462416217834
C_PAWNSTRUCTURE:0.4941685342600594
C_PIECECOORDINATION:0.5180799117535605
C_ROOK:0.5634299875796682
CE_ROOK:0.5134895539361527
C_CENTERCONTROL:0.5474185067937731
C_DEVELOPPIECES:0.49176792047165824
C_MATERIAL:0.49782157232683405
C_MOVECOUNT:0.49903086644241335
C_PAWNMOVEMENT:0.5387415341817335
