ELO:1000
CE_PASSEDPAWNS:0.41807009399865863
CE_PAWNWEAKNESSES:0.4752879192002221
CE_PIECEACTIVITY:0.5245993496253003
CE_KINGPAWNSHIELD:0.5946839200468178
CE_PIECECOORDINATION:0.5346357867502812
CE_MATERIAL:0.5073590243826968
CE_KINGSAFETY:0.47429222033000523
C_PIECESQUARETABLES:0.4869336978625259
C_MOBILITY:0.4431456858165557
C_KINGSAFETY:0.490257589284056
C_PAWNSTRUCTURE:0.49736446941520684
C_PIECECOORDINATION:0.4889533896852884
C_ROOKANDPAWNMOVEMENT:0.4889533896852884
C_CENTERCONTROL:0.4837044008038458
C_DEVELOPPIECES:0.44726479524486684
C_MATERIAL:0.4919627540407195
