ELO:780
CE_PASSEDPAWNS:0.49598910050475115
CE_PAWNWEAKNESSES:0.4240260398754959
CE_PIECEACTIVITY:0.5570533939627246
CE_KINGPAWNSHIELD:0.5
CE_PIECECOORDINATION:0.5461442037746022
CE_MATERIAL:0.5412853405444615
CE_KINGSAFETY:0.5307191188157501
C_PIECESQUARETABLES:0.4917806940413911
C_MOBILITY:0.4911755769783971
C_KINGSAFETY:0.45722055561924124
C_PAWNSTRUCTURE:0.5346130888657901
C_PIECECOORDINATION:0.49564476833406024
C_ROOKANDPAWNMOVEMENT:0.49564476833406024
C_CENTERCONTROL:0.5660282880787939
C_DEVELOPPIECES:0.5391774071459653
C_MATERIAL:0.4584111643294096
C_MOVECOUNT:0.4997187998853659
