ELO:926
CE_PASSEDPAWNS:0.44979276068561175
CE_PAWNWEAKNESSES:0.5411005687052165
CE_PIECEACTIVITY:0.5255580413376912
CE_KINGPAWNSHIELD:0.513400285274272
CE_PIECECOORDINATION:0.5083121223759727
CE_MATERIAL:0.4469729084063876
CE_KINGSAFETY:0.5196930257241709
C_PIECESQUARETABLES:0.4982048382981855
C_MOBILITY:0.48363937370278015
C_KINGSAFETY:0.511943298385658
C_PAWNSTRUCTURE:0.5145150919310176
C_PIECECOORDINATION:0.5424996758316601
C_ROOK:0.5314642883172237
CE_ROOK:0.5237473038854384
C_CENTERCONTROL:0.4845498685930381
C_DEVELOPPIECES:0.5067701299988107
C_MATERIAL:0.5324574263240177
C_MOVECOUNT:0.4834119554742301
C_PAWNMOVEMENT:0.4573912052664034
