ELO:1000
CE_PASSEDPAWNS:0.5
CE_PAWNWEAKNESSES:0.4968943872447772
CE_PIECEACTIVITY:0.485382994466263
CE_KINGPAWNSHIELD:0.4890314558206936
CE_PIECECOORDINATION:0.5
CE_MATERIAL:0.5071892500922915
CE_KINGSAFETY:0.488169046318165
C_PIECESQUARETABLES:0.5046640569635252
C_MOBILITY:0.5
C_KINGSAFETY:0.5
C_PAWNSTRUCTURE:0.493401787075486
C_PIECECOORDINATION:0.5
C_ROOK:0.5
CE_ROOK:0.5
C_CENTERCONTROL:0.5
C_DEVELOPPIECES:0.4928486425317028
C_MATERIAL:0.5
C_MOVECOUNT:0.5
C_PAWNMOVEMENT:0.5
