ELO:942
CE_PASSEDPAWNS:0.48794987362077746
CE_PAWNWEAKNESSES:0.5268421103199291
CE_PIECEACTIVITY:0.5140013796464538
CE_KINGPAWNSHIELD:0.519002024793677
CE_PIECECOORDINATION:0.5351446055224073
CE_MATERIAL:0.5
CE_KINGSAFETY:0.5
C_PIECESQUARETABLES:0.5
C_MOBILITY:0.5051101388470695
C_KINGSAFETY:0.5487170998042061
C_PAWNSTRUCTURE:0.5123749116149362
C_PIECECOORDINATION:0.47250438445832965
C_ROOKANDPAWNMOVEMENT:0.47250438445832965
C_CENTERCONTROL:0.42273101846889327
C_DEVELOPPIECES:0.515930609696307
C_MATERIAL:0.4934958907483694
C_MOVECOUNT:0.5
