ELO:971
CE_PASSEDPAWNS:0.5082313595359376
CE_PAWNWEAKNESSES:0.49402836408399486
CE_PIECEACTIVITY:0.46854812921198946
CE_KINGPAWNSHIELD:0.5188814820096409
CE_PIECECOORDINATION:0.48819644545986723
CE_MATERIAL:0.4864750341240308
CE_KINGSAFETY:0.5
C_PIECESQUARETABLES:0.5
C_MOBILITY:0.5025891271964161
C_KINGSAFETY:0.47291294462479144
C_PAWNSTRUCTURE:0.5154651433105353
C_PIECECOORDINATION:0.4880515558167374
C_ROOK:0.5191578570307022
CE_ROOK:0.4910521071665552
C_CENTERCONTROL:0.5086231111145126
C_DEVELOPPIECES:0.48794556813149087
C_MATERIAL:0.5304702046179103
C_MOVECOUNT:0.49695469958174854
C_PAWNMOVEMENT:0.5015072219984148
