ELO:988
CE_PASSEDPAWNS:0.42094983178644935
CE_PAWNWEAKNESSES:0.47144909003061597
CE_PIECEACTIVITY:0.5332626691263852
CE_KINGPAWNSHIELD:0.6074576100529485
CE_PIECECOORDINATION:0.5268707592743774
CE_MATERIAL:0.5099699636098843
CE_KINGSAFETY:0.4985487626214888
C_PIECESQUARETABLES:0.4792838674655979
C_MOBILITY:0.45743410741524015
C_KINGSAFETY:0.4928006342781709
C_PAWNSTRUCTURE:0.5051583712195228
C_PIECECOORDINATION:0.4617406880053916
C_ROOKANDPAWNMOVEMENT:0.4617406880053916
C_CENTERCONTROL:0.4578631105428129
C_DEVELOPPIECES:0.4351036663944708
C_MATERIAL:0.49683857481061455
