ELO:908
CE_PASSEDPAWNS:0.4521394507946864
CE_PAWNWEAKNESSES:0.49997955430073526
CE_PIECEACTIVITY:0.5331715782585037
CE_KINGPAWNSHIELD:0.5248748328806672
CE_PIECECOORDINATION:0.493479993364828
CE_MATERIAL:0.44307579284915877
CE_KINGSAFETY:0.5
C_PIECESQUARETABLES:0.5
C_MOBILITY:0.5655866959465261
C_KINGSAFETY:0.5327857429179216
C_PAWNSTRUCTURE:0.46738587577148044
C_PIECECOORDINATION:0.48531389579284384
C_ROOKANDPAWNMOVEMENT:0.48531389579284384
C_CENTERCONTROL:0.4915822201496714
C_DEVELOPPIECES:0.519518769782625
C_MATERIAL:0.4429830556143393
C_MOVECOUNT:0.5
