ELO:1003
CE_PASSEDPAWNS:0.5
CE_PAWNWEAKNESSES:0.4926881774019807
CE_PIECEACTIVITY:0.5
CE_KINGPAWNSHIELD:0.5
CE_PIECECOORDINATION:0.4699353808540062
CE_MATERIAL:0.5117239301909882
CE_KINGSAFETY:0.5
C_PIECESQUARETABLES:0.49755941468562703
C_MOBILITY:0.5049498647072292
C_KINGSAFETY:0.4891833030308037
C_PAWNSTRUCTURE:0.49612400771628345
C_PIECECOORDINATION:0.5320971557438249
C_ROOKANDPAWNMOVEMENT:0.5320971557438249
C_CENTERCONTROL:0.5019371944357609
C_DEVELOPPIECES:0.48198588026152817
C_MATERIAL:0.5
C_MOVECOUNT:0.5036639222496239
