ELO:925
CE_PASSEDPAWNS:0.5328227095079938
CE_PAWNWEAKNESSES:0.4214441895371112
CE_PIECEACTIVITY:0.4541741658987777
CE_KINGPAWNSHIELD:0.46007346381337555
CE_PIECECOORDINATION:0.5890250948188813
CE_MATERIAL:0.474431913109356
CE_KINGSAFETY:0.49991385173821534
C_PIECESQUARETABLES:0.4896522951504994
C_MOBILITY:0.4332914799931403
C_KINGSAFETY:0.4562366241686118
C_PAWNSTRUCTURE:0.4746641277025235
C_PIECECOORDINATION:0.5653754484177983
C_ROOKANDPAWNMOVEMENT:0.5653754484177983
C_CENTERCONTROL:0.49425828268513583
C_DEVELOPPIECES:0.5722879292127229
C_MATERIAL:0.48127172503688903
