ELO:988
CE_PASSEDPAWNS:0.43606193798397763
CE_PAWNWEAKNESSES:0.47296816140808373
CE_PIECEACTIVITY:0.5201438310071479
CE_KINGPAWNSHIELD:0.6261391119299888
CE_PIECECOORDINATION:0.48199669725014627
CE_MATERIAL:0.4873744826561948
CE_KINGSAFETY:0.5136315045023386
C_PIECESQUARETABLES:0.5097720869303763
C_MOBILITY:0.5012580862477385
C_KINGSAFETY:0.49638365115248434
C_PAWNSTRUCTURE:0.5112339297237646
C_PIECECOORDINATION:0.41238341854163174
C_ROOKANDPAWNMOVEMENT:0.41238341854163174
C_CENTERCONTROL:0.4726770987383366
C_DEVELOPPIECES:0.4485421524931605
C_MATERIAL:0.4887332243706429
