ELO:935
CE_PASSEDPAWNS:0.46011613233620086
CE_PAWNWEAKNESSES:0.5641001389190827
CE_PIECEACTIVITY:0.5267618492531322
CE_KINGPAWNSHIELD:0.5107733333137667
CE_PIECECOORDINATION:0.5280870456298667
CE_MATERIAL:0.46346589721077935
CE_KINGSAFETY:0.5309595756865344
C_PIECESQUARETABLES:0.504244014437605
C_MOBILITY:0.48363937370278015
C_KINGSAFETY:0.4971926240763988
C_PAWNSTRUCTURE:0.5188743399584992
C_PIECECOORDINATION:0.5492675741111805
C_ROOK:0.5243509698887858
CE_ROOK:0.5347368494469763
C_CENTERCONTROL:0.49765689986837847
C_DEVELOPPIECES:0.5219244309104599
C_MATERIAL:0.5304925546224881
C_MOVECOUNT:0.468257027165781
C_PAWNMOVEMENT:0.4611237295345366
