ELO:799
CE_PASSEDPAWNS:0.522305978477254
CE_PAWNWEAKNESSES:0.5364087659310061
CE_PIECEACTIVITY:0.4942776300136485
CE_KINGPAWNSHIELD:0.4240341110264037
CE_PIECECOORDINATION:0.4228953873112452
CE_MATERIAL:0.5229160004285103
CE_KINGSAFETY:0.47061643427814004
C_PIECESQUARETABLES:0.5253158374978044
C_MOBILITY:0.4845636097222079
C_KINGSAFETY:0.5342137866559984
C_PAWNSTRUCTURE:0.46348817472156506
C_PIECECOORDINATION:0.5270939367194045
C_ROOKANDPAWNMOVEMENT:0.5270939367194045
C_CENTERCONTROL:0.450113453062204
C_DEVELOPPIECES:0.5379318723874109
C_MATERIAL:0.4974224456342262
C_MOVECOUNT:0.5962702271530961
