ELO:962
CE_PASSEDPAWNS:0.5006544166974186
CE_PAWNWEAKNESSES:0.4156576860877508
CE_PIECEACTIVITY:0.46372323594931325
CE_KINGPAWNSHIELD:0.5105309655128053
CE_PIECECOORDINATION:0.5051496199167317
CE_MATERIAL:0.43763200623447784
CE_KINGSAFETY:0.5
C_PIECESQUARETABLES:0.5
C_MOBILITY:0.5159429620469608
C_KINGSAFETY:0.50787003621876
C_PAWNSTRUCTURE:0.5041511092947907
C_PIECECOORDINATION:0.5533791889581036
C_ROOKANDPAWNMOVEMENT:0.5533791889581036
C_CENTERCONTROL:0.5172176693989143
C_DEVELOPPIECES:0.5013391619851276
C_MATERIAL:0.5
C_MOVECOUNT:0.5
