ELO:1037
CE_PASSEDPAWNS:0.49064619475277843
CE_PAWNWEAKNESSES:0.5059525159266661
CE_PIECEACTIVITY:0.4950679917749116
CE_KINGPAWNSHIELD:0.48223184510465794
CE_PIECECOORDINATION:0.5082605728637757
CE_MATERIAL:0.4907089200431011
CE_KINGSAFETY:0.5
C_PIECESQUARETABLES:0.5
C_MOBILITY:0.5
C_KINGSAFETY:0.4885343013579982
C_PAWNSTRUCTURE:0.4907791667664288
C_PIECECOORDINATION:0.5030819079186434
C_ROOKANDPAWNMOVEMENT:0.5030819079186434
C_CENTERCONTROL:0.5
C_DEVELOPPIECES:0.4906074355484973
C_MATERIAL:0.4811687779527825
C_MOVECOUNT:0.46617986345828466
