ELO:888
CE_PASSEDPAWNS:0.5297755213990268
CE_PAWNWEAKNESSES:0.45612845217028675
CE_PIECEACTIVITY:0.5031161110680323
CE_KINGPAWNSHIELD:0.44731962251588964
CE_PIECECOORDINATION:0.5277910791525199
CE_MATERIAL:0.5728956898596708
CE_KINGSAFETY:0.5
C_PIECESQUARETABLES:0.5
C_MOBILITY:0.4402736123503534
C_KINGSAFETY:0.5497927830550638
C_PAWNSTRUCTURE:0.4746672957446145
C_PIECECOORDINATION:0.5498334879203783
C_ROOKANDPAWNMOVEMENT:0.5498334879203783
C_CENTERCONTROL:0.45065418638837024
C_DEVELOPPIECES:0.46632757467880626
C_MATERIAL:0.43906492429233246
C_MOVECOUNT:0.5
