ELO:957
CE_PASSEDPAWNS:0.5082313595359376
CE_PAWNWEAKNESSES:0.49402836408399486
CE_PIECEACTIVITY:0.4687722462608333
CE_KINGPAWNSHIELD:0.5180511172950644
CE_PIECECOORDINATION:0.4833439545099363
CE_MATERIAL:0.4864750341240308
CE_KINGSAFETY:0.5
C_PIECESQUARETABLES:0.4898822823998686
C_MOBILITY:0.4780313845320698
C_KINGSAFETY:0.46077532515936204
C_PAWNSTRUCTURE:0.5255913630286031
C_PIECECOORDINATION:0.48649502199676714
C_ROOK:0.5403346265834589
CE_ROOK:0.5024115449342091
C_CENTERCONTROL:0.5086231111145126
C_DEVELOPPIECES:0.4900796252104216
C_MATERIAL:0.5456002066503151
C_MOVECOUNT:0.4803826213753744
C_PAWNMOVEMENT:0.5025767130098682
