ELO:858
CE_PASSEDPAWNS:0.4856902204043598
CE_PAWNWEAKNESSES:0.5365786091755915
CE_PIECEACTIVITY:0.5192383403963963
CE_KINGPAWNSHIELD:0.4341012530357126
CE_PIECECOORDINATION:0.41999118363168875
CE_MATERIAL:0.5181020611769196
CE_KINGSAFETY:0.4694282143233204
C_PIECESQUARETABLES:0.5139377564555128
C_MOBILITY:0.47965521889587714
C_KINGSAFETY:0.5428707547468614
C_PAWNSTRUCTURE:0.463855478332618
C_PIECECOORDINATION:0.5008462320949771
C_ROOKANDPAWNMOVEMENT:0.5008462320949771
C_CENTERCONTROL:0.4570074108917674
C_DEVELOPPIECES:0.5462028787092327
C_MATERIAL:0.5222159220179695
C_MOVECOUNT:0.5944194657983399
