ELO:839
CE_PASSEDPAWNS:0.5373030225268859
CE_PAWNWEAKNESSES:0.39058096486454896
CE_PIECEACTIVITY:0.4416296134712806
CE_KINGPAWNSHIELD:0.4221136106905084
CE_PIECECOORDINATION:0.4616099921810414
CE_MATERIAL:0.6415241450030413
CE_KINGSAFETY:0.49671860688808717
C_PIECESQUARETABLES:0.5142900995030006
C_MOBILITY:0.44082508253552277
C_KINGSAFETY:0.4876861194091214
C_PAWNSTRUCTURE:0.48179597934344714
C_PIECECOORDINATION:0.5474368741349496
C_ROOKANDPAWNMOVEMENT:0.5474368741349496
C_CENTERCONTROL:0.43228319249323266
C_DEVELOPPIECES:0.4837180770700524
C_MATERIAL:0.5055909456564414
