ELO:1000
CE_PASSEDPAWNS:0.49494002762732864
CE_PAWNWEAKNESSES:0.505278618947589
CE_PIECEACTIVITY:0.47843952212966184
CE_KINGPAWNSHIELD:0.49731879459201106
CE_PIECECOORDINATION:0.4876524217021743
CE_MATERIAL:0.5177821011603637
CE_KINGSAFETY:0.4945250184973178
C_PIECESQUARETABLES:0.5
C_MOBILITY:0.4827509437426039
C_KINGSAFETY:0.48610337210084453
C_PAWNSTRUCTURE:0.493401787075486
C_PIECECOORDINATION:0.5065716880208089
C_ROOK:0.5
CE_ROOK:0.4921908746835545
C_CENTERCONTROL:0.5090545241261746
C_DEVELOPPIECES:0.48794556813149087
C_MATERIAL:0.5
C_MOVECOUNT:0.5090772023085492
C_PAWNMOVEMENT:0.5124588304527767
