ELO:691
CE_PASSEDPAWNS:0.5282420623914377
CE_PAWNWEAKNESSES:0.4930901832100658
CE_PIECEACTIVITY:0.4278174808311826
CE_KINGPAWNSHIELD:0.4595864071706232
CE_PIECECOORDINATION:0.5080282924471515
CE_MATERIAL:0.4706533810499574
CE_KINGSAFETY:0.5026549914092153
C_PIECESQUARETABLES:0.48353894533020675
C_MOBILITY:0.5278977367155206
C_KINGSAFETY:0.5162321106931457
C_PAWNSTRUCTURE:0.5175153576060665
C_PIECECOORDINATION:0.4520669232091821
C_ROOKANDPAWNMOVEMENT:0.4520669232091821
C_CENTERCONTROL:0.5275807062496045
C_DEVELOPPIECES:0.5369416190403987
C_MATERIAL:0.5531478284927281
C_MOVECOUNT:0.5
