ELO:1000
CE_PASSEDPAWNS:0.4889156548683701
CE_PAWNWEAKNESSES:0.5
CE_PIECEACTIVITY:0.5250231241247943
CE_KINGPAWNSHIELD:0.5315788700254426
CE_PIECECOORDINATION:0.5
CE_MATERIAL:0.4794707158575488
CE_KINGSAFETY:0.49601361866183535
C_PIECESQUARETABLES:0.5107975817032698
C_MOBILITY:0.5
C_KINGSAFETY:0.5049531183592326
C_PAWNSTRUCTURE:0.5031758085826854
C_PIECECOORDINATION:0.49630315506152217
C_ROOKANDPAWNMOVEMENT:0.49630315506152217
C_CENTERCONTROL:0.5090103172352846
C_DEVELOPPIECES:0.49755767316908805
C_MATERIAL:0.5100732915895829
