ELO:982
CE_PASSEDPAWNS:0.5012567087096823
CE_PAWNWEAKNESSES:0.5349017785398712
CE_PIECEACTIVITY:0.5372689135575139
CE_KINGPAWNSHIELD:0.45013187725168796
CE_PIECECOORDINATION:0.5166888620508694
CE_MATERIAL:0.4341236530163423
CE_KINGSAFETY:0.5069996820253412
C_PIECESQUARETABLES:0.4870179908069076
C_MOBILITY:0.5990450896796438
C_KINGSAFETY:0.45669123243946236
C_PAWNSTRUCTURE:0.5302035302364112
C_PIECECOORDINATION:0.43747577330626514
C_ROOKANDPAWNMOVEMENT:0.43747577330626514
C_CENTERCONTROL:0.372171322440249
C_DEVELOPPIECES:0.4398781042818856
C_MATERIAL:0.4898544247084331
