ELO:1015
CE_PASSEDPAWNS:0.5
CE_PAWNWEAKNESSES:0.49127456420276605
CE_PIECEACTIVITY:0.5049159921493778
CE_KINGPAWNSHIELD:0.5189602843080391
CE_PIECECOORDINATION:0.5
CE_MATERIAL:0.49171996318172606
CE_KINGSAFETY:0.508327048277287
C_PIECESQUARETABLES:0.48678199305282643
C_MOBILITY:0.497646005234895
C_KINGSAFETY:0.5
C_PAWNSTRUCTURE:0.4935963463951622
C_PIECECOORDINATION:0.4999183043632889
C_ROOK:0.5
CE_ROOK:0.5
C_CENTERCONTROL:0.5195464913437623
C_DEVELOPPIECES:0.5
C_MATERIAL:0.5108235538177948
C_MOVECOUNT:0.5
C_PAWNMOVEMENT:0.5
