ELO:987
CE_PASSEDPAWNS:0.4928384534228446
CE_PAWNWEAKNESSES:0.5266439490418662
CE_PIECEACTIVITY:0.5241396582734484
CE_KINGPAWNSHIELD:0.44992693834720593
CE_PIECECOORDINATION:0.511808448720262
CE_MATERIAL:0.4502958540513411
CE_KINGSAFETY:0.5110003517995616
C_PIECESQUARETABLES:0.49395686917190057
C_MOBILITY:0.5775556642219063
C_KINGSAFETY:0.4326471752661429
C_PAWNSTRUCTURE:0.5290882615244382
C_PIECECOORDINATION:0.42930549964718084
C_ROOKANDPAWNMOVEMENT:0.42930549964718084
C_CENTERCONTROL:0.3853655569517125
C_DEVELOPPIECES:0.4365574819000986
C_MATERIAL:0.5001020802956985
