ELO:989
CE_PASSEDPAWNS:0.4895422438783552
CE_PAWNWEAKNESSES:0.5078916917079128
CE_PIECEACTIVITY:0.5426875903840271
CE_KINGPAWNSHIELD:0.4609636502641865
CE_PIECECOORDINATION:0.518672712108927
CE_MATERIAL:0.4649741509809643
CE_KINGSAFETY:0.5223207014177503
C_PIECESQUARETABLES:0.4828069327386172
C_MOBILITY:0.5569295633101276
C_KINGSAFETY:0.5080490581855156
C_PAWNSTRUCTURE:0.5449436610432994
C_PIECECOORDINATION:0.4146997657778107
C_ROOKANDPAWNMOVEMENT:0.4146997657778107
C_CENTERCONTROL:0.3315786824481117
C_DEVELOPPIECES:0.45162508660915035
C_MATERIAL:0.4837738839041869
