ELO:760
CE_PASSEDPAWNS:0.5102460605032281
CE_PAWNWEAKNESSES:0.4108620314902945
CE_PIECEACTIVITY:0.5391702361282419
CE_KINGPAWNSHIELD:0.6771511348554415
CE_PIECECOORDINATION:0.5109861231309281
CE_MATERIAL:0.41520717006354396
CE_KINGSAFETY:0.48414344587625413
C_PIECESQUARETABLES:0.4892027527111391
C_MOBILITY:0.4153190921699738
C_KINGSAFETY:0.4402951732211291
C_PAWNSTRUCTURE:0.513503122424003
C_PIECECOORDINATION:0.4353656719442259
C_ROOKANDPAWNMOVEMENT:0.4353656719442259
C_CENTERCONTROL:0.48283641499920127
C_DEVELOPPIECES:0.5350718741230331
C_MATERIAL:0.466962823034128
C_MOVECOUNT:0.4979203468509032
