ELO:953
CE_PASSEDPAWNS:0.49100432932393406
CE_PAWNWEAKNESSES:0.501305872038432
CE_PIECEACTIVITY:0.5193443033837152
CE_KINGPAWNSHIELD:0.5224176442706945
CE_PIECECOORDINATION:0.463463416616404
CE_MATERIAL:0.508154879110747
CE_KINGSAFETY:0.5059750423648299
C_PIECESQUARETABLES:0.4893539501133591
C_MOBILITY:0.5142304796480326
C_KINGSAFETY:0.5231966160129725
C_PAWNSTRUCTURE:0.49437474672675813
C_PIECECOORDINATION:0.4906802779372698
C_ROOK:0.5125491911140189
CE_ROOK:0.47962715891782703
C_CENTERCONTROL:0.4670955041078943
C_DEVELOPPIECES:0.48894858380716416
C_MATERIAL:0.4915001705579952
C_MOVECOUNT:0.49519483403294506
C_PAWNMOVEMENT:0.4995345897098801
