ELO:950
CE_PASSEDPAWNS:0.5220917716356415
CE_PAWNWEAKNESSES:0.4952906490641525
CE_PIECEACTIVITY:0.5006486990581325
CE_KINGPAWNSHIELD:0.5031204129257076
CE_PIECECOORDINATION:0.5029883573718359
CE_MATERIAL:0.4855296824053671
CE_KINGSAFETY:0.5032667843456029
C_PIECESQUARETABLES:0.4791435903681028
C_MOBILITY:0.5195720727315875
C_KINGSAFETY:0.5196804348876038
C_PAWNSTRUCTURE:0.50587534819748
C_PIECECOORDINATION:0.4697049176901769
C_ROOKANDPAWNMOVEMENT:0.4697049176901769
C_CENTERCONTROL:0.5092363100879037
C_DEVELOPPIECES:0.5279461946734474
C_MATERIAL:0.4845011447212021
C_MOVECOUNT:0.49655399432868724
