ELO:988
CE_PASSEDPAWNS:0.3671258369474086
CE_PAWNWEAKNESSES:0.5128889835512717
CE_PIECEACTIVITY:0.5594978002495871
CE_KINGPAWNSHIELD:0.4138786619679474
CE_PIECECOORDINATION:0.4396573289857904
CE_MATERIAL:0.5125313430690898
CE_KINGSAFETY:0.4733908888301192
C_PIECESQUARETABLES:0.4918216040113994
C_MOBILITY:0.607914623859799
C_KINGSAFETY:0.49884490548958205
C_PAWNSTRUCTURE:0.33706724270991584
C_PIECECOORDINATION:0.4455295289066636
C_ROOKANDPAWNMOVEMENT:0.4455295289066636
C_CENTERCONTROL:0.42894235410171383
C_DEVELOPPIECES:0.5204523875774556
C_MATERIAL:0.5789395712866476
