ELO:878
CE_PASSEDPAWNS:0.5273247798677551
CE_PAWNWEAKNESSES:0.5392117045239649
CE_PIECEACTIVITY:0.5225684585848369
CE_KINGPAWNSHIELD:0.5186643355952346
CE_PIECECOORDINATION:0.49631697133348057
CE_MATERIAL:0.48497585325056414
CE_KINGSAFETY:0.4712703347086308
C_PIECESQUARETABLES:0.5007532330874936
C_MOBILITY:0.5092553693082679
C_KINGSAFETY:0.5006500590151628
C_PAWNSTRUCTURE:0.48387340743271445
C_PIECECOORDINATION:0.5656177784645096
C_ROOKANDPAWNMOVEMENT:0.5656177784645096
C_CENTERCONTROL:0.4904861364250933
C_DEVELOPPIECES:0.48128210226496704
C_MATERIAL:0.5224187117019308
C_MOVECOUNT:0.5
