ELO:1000
CE_PASSEDPAWNS:0.5205671647901478
CE_PAWNWEAKNESSES:0.5010035511339547
CE_PIECEACTIVITY:0.4965701618351631
CE_KINGPAWNSHIELD:0.4895430581069863
CE_PIECECOORDINATION:0.49415276659781304
CE_MATERIAL:0.48480896117117867
CE_KINGSAFETY:0.5284417974625157
C_PIECESQUARETABLES:0.5024081841453775
C_MOBILITY:0.48278466521505936
C_KINGSAFETY:0.4549423250337494
C_PAWNSTRUCTURE:0.5370219639481603
C_PIECECOORDINATION:0.4815645082821696
C_ROOKANDPAWNMOVEMENT:0.4815645082821696
C_CENTERCONTROL:0.5405610948505716
C_DEVELOPPIECES:0.5278576417430205
C_MATERIAL:0.5079541419062926
