ELO:965
CE_PASSEDPAWNS:0.5075178939786531
CE_PAWNWEAKNESSES:0.5255946675922178
CE_PIECEACTIVITY:0.4867080494186352
CE_KINGPAWNSHIELD:0.4741736159969186
CE_PIECECOORDINATION:0.5135566608877451
CE_MATERIAL:0.440494009662016
CE_KINGSAFETY:0.47563623036100766
C_PIECESQUARETABLES:0.5038468196229096
C_MOBILITY:0.5107533489096621
C_KINGSAFETY:0.5020105903897003
C_PAWNSTRUCTURE:0.5134210246811121
C_PIECECOORDINATION:0.5094456655091926
C_ROOK:0.5617123507560433
CE_ROOK:0.4866074725879631
C_CENTERCONTROL:0.5138046207554269
C_DEVELOPPIECES:0.4828211116562153
C_MATERIAL:0.5345332687917033
C_MOVECOUNT:0.5144202791001624
C_PAWNMOVEMENT:0.539226443172021
