ELO:863
CE_PASSEDPAWNS:0.5129643679833716
CE_PAWNWEAKNESSES:0.5396322028869353
CE_PIECEACTIVITY:0.4952146830597464
CE_KINGPAWNSHIELD:0.533560506089436
CE_PIECECOORDINATION:0.5050858127148043
CE_MATERIAL:0.5120336804036586
CE_KINGSAFETY:0.49164123214258193
C_PIECESQUARETABLES:0.4934798227922259
C_MOBILITY:0.5302181544157809
C_KINGSAFETY:0.5243659258721018
C_PAWNSTRUCTURE:0.5138712993496546
C_PIECECOORDINATION:0.6006221591094347
C_ROOKANDPAWNMOVEMENT:0.6006221591094347
C_CENTERCONTROL:0.5128130957866627
C_DEVELOPPIECES:0.4915659659828664
C_MATERIAL:0.5093466853479549
C_MOVECOUNT:0.5
