ELO:1000
CE_PASSEDPAWNS:0.44167957465974733
CE_PAWNWEAKNESSES:0.4758228807261154
CE_PIECEACTIVITY:0.5219048336289172
CE_KINGPAWNSHIELD:0.441203688376768
CE_PIECECOORDINATION:0.48000481581238363
CE_MATERIAL:0.5101116948897623
CE_KINGSAFETY:0.5160305599496834
C_PIECESQUARETABLES:0.5023307396338738
C_MOBILITY:0.5605842375131856
C_KINGSAFETY:0.4271349390298353
C_PAWNSTRUCTURE:0.5132820554354005
C_PIECECOORDINATION:0.4151791231795372
C_ROOKANDPAWNMOVEMENT:0.4151791231795372
C_CENTERCONTROL:0.4384992702171892
C_DEVELOPPIECES:0.42663864725080697
C_MATERIAL:0.49487497200684655
