ELO:922
CE_PASSEDPAWNS:0.4815301155757983
CE_PAWNWEAKNESSES:0.4631067807297473
CE_PIECEACTIVITY:0.5000346356796542
CE_KINGPAWNSHIELD:0.512206612970872
CE_PIECECOORDINATION:0.5174323961333444
CE_MATERIAL:0.5199433742882943
CE_KINGSAFETY:0.487954157549291
C_PIECESQUARETABLES:0.5059457675966972
C_MOBILITY:0.54862575341787
C_KINGSAFETY:0.5363152009810368
C_PAWNSTRUCTURE:0.4859121788707509
C_PIECECOORDINATION:0.47278873875415167
C_ROOK:0.5219514487733022
CE_ROOK:0.5070530162681934
C_CENTERCONTROL:0.4746403794987358
C_DEVELOPPIECES:0.5029884683040683
C_MATERIAL:0.4751549463793525
C_MOVECOUNT:0.4987749640596425
C_PAWNMOVEMENT:0.47661458847660537
