ELO:979
CE_PASSEDPAWNS:0.5203105020718605
CE_PAWNWEAKNESSES:0.45890219915559693
CE_PIECEACTIVITY:0.4912270673867519
CE_KINGPAWNSHIELD:0.49509333119637594
CE_PIECECOORDINATION:0.5115280312368513
CE_MATERIAL:0.4782870047069067
CE_KINGSAFETY:0.5118188277671338
C_PIECESQUARETABLES:0.49847357917429896
C_MOBILITY:0.4589078629869913
C_KINGSAFETY:0.4431015189265517
C_PAWNSTRUCTURE:0.549703719418337
C_PIECECOORDINATION:0.49008588124672847
C_ROOKANDPAWNMOVEMENT:0.49008588124672847
C_CENTERCONTROL:0.537949046068726
C_DEVELOPPIECES:0.5522591313738108
C_MATERIAL:0.5087044473402093
