ELO:974
CE_PASSEDPAWNS:0.5297195945740144
CE_PAWNWEAKNESSES:0.4511255658864555
CE_PIECEACTIVITY:0.48898771257635537
CE_KINGPAWNSHIELD:0.4777840018513879
CE_PIECECOORDINATION:0.48406592392484354
CE_MATERIAL:0.4508297214125247
CE_KINGSAFETY:0.5121080107713954
C_PIECESQUARETABLES:0.5047387031545231
C_MOBILITY:0.47485478310142376
C_KINGSAFETY:0.4283108680822379
C_PAWNSTRUCTURE:0.5611820054749498
C_PIECECOORDINATION:0.48794077673610936
C_ROOKANDPAWNMOVEMENT:0.48794077673610936
C_CENTERCONTROL:0.5269029695143729
C_DEVELOPPIECES:0.5333027994685742
C_MATERIAL:0.5352384031714665
