ELO:954
CE_PASSEDPAWNS:0.5057651962226833
CE_PAWNWEAKNESSES:0.5255946675922178
CE_PIECEACTIVITY:0.47792779666633695
CE_KINGPAWNSHIELD:0.4741736159969186
CE_PIECECOORDINATION:0.5135566608877451
CE_MATERIAL:0.440494009662016
CE_KINGSAFETY:0.4657523203104944
C_PIECESQUARETABLES:0.5038468196229096
C_MOBILITY:0.5163162271673517
C_KINGSAFETY:0.5020105903897003
C_PAWNSTRUCTURE:0.5169566627459459
C_PIECECOORDINATION:0.5094456655091926
C_ROOK:0.5530076446768556
CE_ROOK:0.47603984788944803
C_CENTERCONTROL:0.5138046207554269
C_DEVELOPPIECES:0.4828211116562153
C_MATERIAL:0.5262916595562291
C_MOVECOUNT:0.5144202791001624
C_PAWNMOVEMENT:0.539226443172021
