ELO:987
CE_PASSEDPAWNS:0.4928384534228446
CE_PAWNWEAKNESSES:0.5266439490418662
CE_PIECEACTIVITY:0.5241396582734484
CE_KINGPAWNSHIELD:0.4476123445241229
CE_PIECECOORDINATION:0.5095458556143492
CE_MATERIAL:0.4459918436782413
CE_KINGSAFETY:0.5104965556772959
C_PIECESQUARETABLES:0.5
C_MOBILITY:0.5682768415181222
C_KINGSAFETY:0.4326471752661429
C_PAWNSTRUCTURE:0.5126094862296353
C_PIECECOORDINATION:0.42930549964718084
C_ROOKANDPAWNMOVEMENT:0.42930549964718084
C_CENTERCONTROL:0.3853655569517125
C_DEVELOPPIECES:0.44101909995420496
C_MATERIAL:0.4938546861956483
