ELO:989
CE_PASSEDPAWNS:0.5329059258305476
CE_PAWNWEAKNESSES:0.512584837758747
CE_PIECEACTIVITY:0.5133857040382862
CE_KINGPAWNSHIELD:0.47296228941213614
CE_PIECECOORDINATION:0.4904279359242273
CE_MATERIAL:0.46290470033693987
CE_KINGSAFETY:0.4917610659584179
C_PIECESQUARETABLES:0.5
C_MOBILITY:0.5000503737427133
C_KINGSAFETY:0.5635114372170456
C_PAWNSTRUCTURE:0.33225826834771305
C_PIECECOORDINATION:0.5001819873672358
C_ROOKANDPAWNMOVEMENT:0.5001819873672358
C_CENTERCONTROL:0.42894235410171383
C_DEVELOPPIECES:0.4234843788638646
C_MATERIAL:0.6234991122067586
