ELO:983
CE_PASSEDPAWNS:0.49506236184168273
CE_PAWNWEAKNESSES:0.535585060257524
CE_PIECEACTIVITY:0.544766314224754
CE_KINGPAWNSHIELD:0.4700680716922383
CE_PIECECOORDINATION:0.5028790824434061
CE_MATERIAL:0.4612665614831482
CE_KINGSAFETY:0.521331418917375
C_PIECESQUARETABLES:0.4812518062041698
C_MOBILITY:0.57711651943944
C_KINGSAFETY:0.49037973727370365
C_PAWNSTRUCTURE:0.5497843886294838
C_PIECECOORDINATION:0.41714257724959863
C_ROOKANDPAWNMOVEMENT:0.41714257724959863
C_CENTERCONTROL:0.34126981891846125
C_DEVELOPPIECES:0.4507757867992187
C_MATERIAL:0.4673954465026121
