ELO:983
CE_PASSEDPAWNS:0.5041456500542252
CE_PAWNWEAKNESSES:0.5015927954185101
CE_PIECEACTIVITY:0.49542948637182177
CE_KINGPAWNSHIELD:0.5
CE_PIECECOORDINATION:0.5322378171778719
CE_MATERIAL:0.5071039112830125
CE_KINGSAFETY:0.5
C_PIECESQUARETABLES:0.4907761459506851
C_MOBILITY:0.5057504886823682
C_KINGSAFETY:0.514505609813639
C_PAWNSTRUCTURE:0.49312323286689197
C_PIECECOORDINATION:0.5266583481913131
C_ROOKANDPAWNMOVEMENT:0.5266583481913131
C_CENTERCONTROL:0.5084210493230901
C_DEVELOPPIECES:0.5145350546613265
C_MATERIAL:0.5087079431788541
C_MOVECOUNT:0.5028877078664538
