ELO:1000
CE_PASSEDPAWNS:0.5394232074185374
CE_PAWNWEAKNESSES:0.5010035511339547
CE_PIECEACTIVITY:0.4973503002360878
CE_KINGPAWNSHIELD:0.49117820769613263
CE_PIECECOORDINATION:0.49358483434707573
CE_MATERIAL:0.4666648404180493
CE_KINGSAFETY:0.555502369284138
C_PIECESQUARETABLES:0.4898000617111954
C_MOBILITY:0.5002362397734919
C_KINGSAFETY:0.46276145105515626
C_PAWNSTRUCTURE:0.5289984289972958
C_PIECECOORDINATION:0.4995131090339594
C_ROOKANDPAWNMOVEMENT:0.4995131090339594
C_CENTERCONTROL:0.5405610948505716
C_DEVELOPPIECES:0.5339803525794967
C_MATERIAL:0.5076987683822995
