ELO:842
CE_PASSEDPAWNS:0.5507544936034273
CE_PAWNWEAKNESSES:0.5401614658775269
CE_PIECEACTIVITY:0.5234147732408169
CE_KINGPAWNSHIELD:0.5319126044755739
CE_PIECECOORDINATION:0.495989802922814
CE_MATERIAL:0.4818326028557731
CE_KINGSAFETY:0.457930531650439
C_PIECESQUARETABLES:0.5100440712474957
C_MOBILITY:0.5318726439067295
C_KINGSAFETY:0.48752921780347336
C_PAWNSTRUCTURE:0.47268559606268745
C_PIECECOORDINATION:0.5662541241220818
C_ROOKANDPAWNMOVEMENT:0.5662541241220818
C_CENTERCONTROL:0.4701905317152984
C_DEVELOPPIECES:0.48040316900004393
C_MATERIAL:0.5124666840132811
C_MOVECOUNT:0.5
