ELO:932
CE_PASSEDPAWNS:0.49540550455309057
CE_PAWNWEAKNESSES:0.4834031660590958
CE_PIECEACTIVITY:0.49244036462517543
CE_KINGPAWNSHIELD:0.527579313618693
CE_PIECECOORDINATION:0.4206596593607848
CE_MATERIAL:0.5254599054324436
CE_KINGSAFETY:0.5115598061439933
C_PIECESQUARETABLES:0.5289531078721291
C_MOBILITY:0.5332154579692576
C_KINGSAFETY:0.5198415652063727
C_PAWNSTRUCTURE:0.4592393567512818
C_PIECECOORDINATION:0.5110013204465
C_ROOKANDPAWNMOVEMENT:0.5110013204465
C_CENTERCONTROL:0.4984029031686691
C_DEVELOPPIECES:0.469141757288276
C_MATERIAL:0.45164780257078924
C_MOVECOUNT:0.5109882171363536
