ELO:935
CE_PASSEDPAWNS:0.5230190269816916
CE_PAWNWEAKNESSES:0.47807533475408215
CE_PIECEACTIVITY:0.5612983436584394
CE_KINGPAWNSHIELD:0.4414709594360095
CE_PIECECOORDINATION:0.5252708582707813
CE_MATERIAL:0.49873996194098397
CE_KINGSAFETY:0.4829875694732183
C_PIECESQUARETABLES:0.4957090835623256
C_MOBILITY:0.5637117216620487
C_KINGSAFETY:0.5493553547152773
C_PAWNSTRUCTURE:0.5481887394423006
C_PIECECOORDINATION:0.3968217156084956
C_ROOKANDPAWNMOVEMENT:0.3968217156084956
C_CENTERCONTROL:0.3224122107707975
C_DEVELOPPIECES:0.49866435433189216
C_MATERIAL:0.5064547973304548
