ELO:988
CE_PASSEDPAWNS:0.47367088845350896
CE_PAWNWEAKNESSES:0.48917071945373714
CE_PIECEACTIVITY:0.49812705544388586
CE_KINGPAWNSHIELD:0.5183660338676439
CE_PIECECOORDINATION:0.5165284933189488
CE_MATERIAL:0.4929589573932958
CE_KINGSAFETY:0.5
C_PIECESQUARETABLES:0.5
C_MOBILITY:0.46919931748490273
C_KINGSAFETY:0.49944257939496456
C_PAWNSTRUCTURE:0.48385943018681615
C_PIECECOORDINATION:0.5073366034478431
C_ROOK:0.49297212485092995
CE_ROOK:0.497120878980388
C_CENTERCONTROL:0.52566131558097
C_DEVELOPPIECES:0.4997222474134546
C_MATERIAL:0.461953192972692
C_MOVECOUNT:0.4755017809463282
C_PAWNMOVEMENT:0.5018048502023766
