ELO:961
CE_PASSEDPAWNS:0.5295561454023324
CE_PAWNWEAKNESSES:0.5268437846969595
CE_PIECEACTIVITY:0.48170807453660486
CE_KINGPAWNSHIELD:0.47264741306890573
CE_PIECECOORDINATION:0.5155642074317426
CE_MATERIAL:0.4482132650541539
CE_KINGSAFETY:0.5
C_PIECESQUARETABLES:0.5066245856528204
C_MOBILITY:0.5198044880001206
C_KINGSAFETY:0.5127901901504762
C_PAWNSTRUCTURE:0.5082049059241122
C_PIECECOORDINATION:0.5007055499119479
C_ROOK:0.5696970956985247
CE_ROOK:0.497120878980388
C_CENTERCONTROL:0.5095385792575721
C_DEVELOPPIECES:0.49108760848803495
C_MATERIAL:0.5315839647452373
C_MOVECOUNT:0.5021630690904219
C_PAWNMOVEMENT:0.5325237432119148
