ELO:1000
CE_PASSEDPAWNS:0.48777592954048715
CE_PAWNWEAKNESSES:0.5
CE_PIECEACTIVITY:0.5
CE_KINGPAWNSHIELD:0.4898818649104871
CE_PIECECOORDINATION:0.5
CE_MATERIAL:0.49180201428392084
CE_KINGSAFETY:0.5091704373847153
C_PIECESQUARETABLES:0.5075714019847614
C_MOBILITY:0.4950128902449403
C_KINGSAFETY:0.48845100116677936
C_PAWNSTRUCTURE:0.49101985708600443
C_PIECECOORDINATION:0.5
C_ROOKANDPAWNMOVEMENT:0.5
C_CENTERCONTROL:0.5087404257282765
C_DEVELOPPIECES:0.5
C_MATERIAL:0.5
