ELO:792
CE_PASSEDPAWNS:0.3920665065543443
CE_PAWNWEAKNESSES:0.47100787802827665
CE_PIECEACTIVITY:0.4874143834579163
CE_KINGPAWNSHIELD:0.5082023535528051
CE_PIECECOORDINATION:0.5046582212986466
CE_MATERIAL:0.5627233669089832
CE_KINGSAFETY:0.4804124688572555
C_PIECESQUARETABLES:0.5177104170466653
C_MOBILITY:0.4672164886593488
C_KINGSAFETY:0.5562802157609781
C_PAWNSTRUCTURE:0.5444353262276924
C_PIECECOORDINATION:0.5471936698216847
C_ROOKANDPAWNMOVEMENT:0.5471936698216847
C_CENTERCONTROL:0.44024746084456523
C_DEVELOPPIECES:0.4391469177543487
C_MATERIAL:0.5176837912562873
C_MOVECOUNT:0.5309288784558929
