ELO:973
CE_PASSEDPAWNS:0.5230631409052967
CE_PAWNWEAKNESSES:0.4636796962976964
CE_PIECEACTIVITY:0.5044667679323495
CE_KINGPAWNSHIELD:0.5229819544747006
CE_PIECECOORDINATION:0.529051021468834
CE_MATERIAL:0.4884586141114452
CE_KINGSAFETY:0.5052835951314133
C_PIECESQUARETABLES:0.47750498203211444
C_MOBILITY:0.4963001570469262
C_KINGSAFETY:0.4907599600751736
C_PAWNSTRUCTURE:0.4951196695649312
C_PIECECOORDINATION:0.4870571444278897
C_ROOKANDPAWNMOVEMENT:0.4870571444278897
C_CENTERCONTROL:0.48981051801902015
C_DEVELOPPIECES:0.5030995759980841
C_MATERIAL:0.5011566014927735
C_MOVECOUNT:0.5
