ELO:747
CE_PASSEDPAWNS:0.5155710225392114
CE_PAWNWEAKNESSES:0.4977747328149757
CE_PIECEACTIVITY:0.42483765649706123
CE_KINGPAWNSHIELD:0.5103660322455417
CE_PIECECOORDINATION:0.5436347598651654
CE_MATERIAL:0.44789328987144916
CE_KINGSAFETY:0.505137534038809
C_PIECESQUARETABLES:0.4805867081591982
C_MOBILITY:0.5589372010633806
C_KINGSAFETY:0.5318690408453521
C_PAWNSTRUCTURE:0.5209202788776477
C_PIECECOORDINATION:0.4369471801078563
C_ROOKANDPAWNMOVEMENT:0.4369471801078563
C_CENTERCONTROL:0.5326258588225306
C_DEVELOPPIECES:0.5741841313351466
C_MATERIAL:0.5651981282131483
C_MOVECOUNT:0.5
