ELO:946
CE_PASSEDPAWNS:0.5033742822182543
CE_PAWNWEAKNESSES:0.5045217900570038
CE_PIECEACTIVITY:0.5218259421250665
CE_KINGPAWNSHIELD:0.5224176442706945
CE_PIECECOORDINATION:0.4799650971923702
CE_MATERIAL:0.5171357489733254
CE_KINGSAFETY:0.49091363704824387
C_PIECESQUARETABLES:0.5046184198662231
C_MOBILITY:0.5408672353397338
C_KINGSAFETY:0.531415547605779
C_PAWNSTRUCTURE:0.49636790178092577
C_PIECECOORDINATION:0.4861101177345246
C_ROOK:0.5158961598810717
CE_ROOK:0.5098723075514217
C_CENTERCONTROL:0.4810747337520634
C_DEVELOPPIECES:0.5093756791288385
C_MATERIAL:0.4824646562274119
C_MOVECOUNT:0.492333599157324
C_PAWNMOVEMENT:0.47881594847953723
