ELO:920
CE_PASSEDPAWNS:0.5033420121453236
CE_PAWNWEAKNESSES:0.4252513282044727
CE_PIECEACTIVITY:0.5416400574550266
CE_KINGPAWNSHIELD:0.4008076970401733
CE_PIECECOORDINATION:0.436496784778625
CE_MATERIAL:0.477801493879083
CE_KINGSAFETY:0.5219100003501257
C_PIECESQUARETABLES:0.5247298968162167
C_MOBILITY:0.4026015095970051
C_KINGSAFETY:0.3958162374963441
C_PAWNSTRUCTURE:0.5118454886848303
C_PIECECOORDINATION:0.45884423614723324
C_ROOKANDPAWNMOVEMENT:0.45884423614723324
C_CENTERCONTROL:0.5672992566601986
C_DEVELOPPIECES:0.4820473408999781
C_MATERIAL:0.5079846291335677
