ELO:985
CE_PASSEDPAWNS:0.5040192565889043
CE_PAWNWEAKNESSES:0.47474545608812657
CE_PIECEACTIVITY:0.5
CE_KINGPAWNSHIELD:0.5083142772911139
CE_PIECECOORDINATION:0.5109608389490581
CE_MATERIAL:0.4923609020758896
CE_KINGSAFETY:0.5
C_PIECESQUARETABLES:0.5
C_MOBILITY:0.5079124539699086
C_KINGSAFETY:0.4969301610625857
C_PAWNSTRUCTURE:0.4843480194147702
C_PIECECOORDINATION:0.49956359279584056
C_ROOKANDPAWNMOVEMENT:0.49956359279584056
C_CENTERCONTROL:0.4768864625903714
C_DEVELOPPIECES:0.49665754857913674
C_MATERIAL:0.49294556817421425
C_MOVECOUNT:0.4951553430360734
