ELO:1009
CE_PASSEDPAWNS:0.466108867722002
CE_PAWNWEAKNESSES:0.5192152846423794
CE_PIECEACTIVITY:0.5281235106806582
CE_KINGPAWNSHIELD:0.45034434378068333
CE_PIECECOORDINATION:0.488781967994535
CE_MATERIAL:0.5009862017243787
CE_KINGSAFETY:0.5
C_PIECESQUARETABLES:0.5
C_MOBILITY:0.560344850646569
C_KINGSAFETY:0.40824235310830725
C_PAWNSTRUCTURE:0.4985713383893103
C_PIECECOORDINATION:0.4182655064136136
C_ROOKANDPAWNMOVEMENT:0.4182655064136136
C_CENTERCONTROL:0.4492067662401166
C_DEVELOPPIECES:0.42720066320884553
C_MATERIAL:0.47221189779315326
