ELO:781
CE_PASSEDPAWNS:0.5090032766400214
CE_PAWNWEAKNESSES:0.46691273567370695
CE_PIECEACTIVITY:0.41629833174172226
CE_KINGPAWNSHIELD:0.47802374275934123
CE_PIECECOORDINATION:0.5207548078386384
CE_MATERIAL:0.49077987633220377
CE_KINGSAFETY:0.4836296308770278
C_PIECESQUARETABLES:0.4776942553828361
C_MOBILITY:0.5224556716828613
C_KINGSAFETY:0.5227044353284338
C_PAWNSTRUCTURE:0.5172910407166169
C_PIECECOORDINATION:0.4744457126247056
C_ROOKANDPAWNMOVEMENT:0.4744457126247056
C_CENTERCONTROL:0.49992116334931225
C_DEVELOPPIECES:0.5236996805430657
C_MATERIAL:0.5238776092826526
C_MOVECOUNT:0.5
