ELO:738
CE_PASSEDPAWNS:0.512532532458397
CE_PAWNWEAKNESSES:0.5123252369587676
CE_PIECEACTIVITY:0.4221429586146561
CE_KINGPAWNSHIELD:0.5000702423641649
CE_PIECECOORDINATION:0.5241493834786112
CE_MATERIAL:0.45091065938699815
CE_KINGSAFETY:0.5237927142934647
C_PIECESQUARETABLES:0.4985188847619884
C_MOBILITY:0.5589632009335551
C_KINGSAFETY:0.5321958544041614
C_PAWNSTRUCTURE:0.5169529633190606
C_PIECECOORDINATION:0.41614116426304637
C_ROOKANDPAWNMOVEMENT:0.41614116426304637
C_CENTERCONTROL:0.5470964997298476
C_DEVELOPPIECES:0.5805864348656112
C_MATERIAL:0.561242254244662
C_MOVECOUNT:0.5
