ELO:972
CE_PASSEDPAWNS:0.5281166946666208
CE_PAWNWEAKNESSES:0.4479748569971578
CE_PIECEACTIVITY:0.5049300318682386
CE_KINGPAWNSHIELD:0.4775829327481385
CE_PIECECOORDINATION:0.48244063651628905
CE_MATERIAL:0.45819049297291203
CE_KINGSAFETY:0.5226217582318377
C_PIECESQUARETABLES:0.4944266476733244
C_MOBILITY:0.4793165032696741
C_KINGSAFETY:0.45613855522570734
C_PAWNSTRUCTURE:0.5893395368955241
C_PIECECOORDINATION:0.46655775083763473
C_ROOKANDPAWNMOVEMENT:0.46655775083763473
C_CENTERCONTROL:0.5340257514922472
C_DEVELOPPIECES:0.5155721845569589
C_MATERIAL:0.5352974922446748
