ELO:1000
CE_PASSEDPAWNS:0.48875292998622694
CE_PAWNWEAKNESSES:0.5008186391392663
CE_PIECEACTIVITY:0.5135997433462064
CE_KINGPAWNSHIELD:0.5123879770977585
CE_PIECECOORDINATION:0.5024558759631207
CE_MATERIAL:0.4862380505256632
CE_KINGSAFETY:0.4763672097276555
C_PIECESQUARETABLES:0.5300922203766555
C_MOBILITY:0.5117229618043747
C_KINGSAFETY:0.4764907338961593
C_PAWNSTRUCTURE:0.5063344405399218
C_PIECECOORDINATION:0.47618355227167936
C_ROOKANDPAWNMOVEMENT:0.47618355227167936
C_CENTERCONTROL:0.5173158934661441
C_DEVELOPPIECES:0.5160493237174621
C_MATERIAL:0.5245237213887259
