ELO:980
CE_PASSEDPAWNS:0.5437446107786871
CE_PAWNWEAKNESSES:0.5568103165970836
CE_PIECEACTIVITY:0.5068667998053581
CE_KINGPAWNSHIELD:0.4377291172754894
CE_PIECECOORDINATION:0.5217776278274201
CE_MATERIAL:0.48356060543184703
CE_KINGSAFETY:0.5
C_PIECESQUARETABLES:0.5
C_MOBILITY:0.4976451567415024
C_KINGSAFETY:0.49944257939496456
C_PAWNSTRUCTURE:0.5073873811072944
C_PIECECOORDINATION:0.5050363850304275
C_ROOK:0.5696970956985247
CE_ROOK:0.497120878980388
C_CENTERCONTROL:0.46411726248623203
C_DEVELOPPIECES:0.5161351633370452
C_MATERIAL:0.5211200152245422
C_MOVECOUNT:0.4755017809463282
C_PAWNMOVEMENT:0.5107510682882381
