ELO:987
CE_PASSEDPAWNS:0.5145763556206129
CE_PAWNWEAKNESSES:0.5087346295235878
CE_PIECEACTIVITY:0.5090049346318632
CE_KINGPAWNSHIELD:0.5059774791279935
CE_PIECECOORDINATION:0.4848315653023194
CE_MATERIAL:0.48885950504136627
CE_KINGSAFETY:0.5074931307098844
C_PIECESQUARETABLES:0.5077721444068605
C_MOBILITY:0.48679156508146754
C_KINGSAFETY:0.4982254816036435
C_PAWNSTRUCTURE:0.5001808064817769
C_PIECECOORDINATION:0.48845511753741894
C_ROOKANDPAWNMOVEMENT:0.48845511753741894
C_CENTERCONTROL:0.49253124250131386
C_DEVELOPPIECES:0.5048230413006276
C_MATERIAL:0.47982467904316034
C_MOVECOUNT:0.5006026353232861
