ELO:961
CE_PASSEDPAWNS:0.5295561454023324
CE_PAWNWEAKNESSES:0.5268437846969595
CE_PIECEACTIVITY:0.483579217014904
CE_KINGPAWNSHIELD:0.47264741306890573
CE_PIECECOORDINATION:0.5155642074317426
CE_MATERIAL:0.45823964329456285
CE_KINGSAFETY:0.5
C_PIECESQUARETABLES:0.499873690486307
C_MOBILITY:0.5107533489096621
C_KINGSAFETY:0.5020105903897003
C_PAWNSTRUCTURE:0.5105673797621902
C_PIECECOORDINATION:0.5007055499119479
C_ROOK:0.5696970956985247
CE_ROOK:0.497120878980388
C_CENTERCONTROL:0.5138046207554269
C_DEVELOPPIECES:0.49108760848803495
C_MATERIAL:0.5315839647452373
C_MOVECOUNT:0.5021630690904219
C_PAWNMOVEMENT:0.5325237432119148
