ELO:988
CE_PASSEDPAWNS:0.5082307613564622
CE_PAWNWEAKNESSES:0.5128889835512717
CE_PIECEACTIVITY:0.5115517959390631
CE_KINGPAWNSHIELD:0.5328335992229324
CE_PIECECOORDINATION:0.43997613685951725
CE_MATERIAL:0.4694181679613265
CE_KINGSAFETY:0.48785304284742764
C_PIECESQUARETABLES:0.5
C_MOBILITY:0.50263141671753
C_KINGSAFETY:0.5522425379602647
C_PAWNSTRUCTURE:0.48815755807636163
C_PIECECOORDINATION:0.4567493165736596
C_ROOKANDPAWNMOVEMENT:0.4567493165736596
C_CENTERCONTROL:0.42894235410171383
C_DEVELOPPIECES:0.5190495310353908
C_MATERIAL:0.5859692747107864
