ELO:997
CE_PASSEDPAWNS:0.47367088845350896
CE_PAWNWEAKNESSES:0.4774442960603694
CE_PIECEACTIVITY:0.5042311385962628
CE_KINGPAWNSHIELD:0.5183660338676439
CE_PIECECOORDINATION:0.4868320042333863
CE_MATERIAL:0.5070737496714373
CE_KINGSAFETY:0.5
C_PIECESQUARETABLES:0.5
C_MOBILITY:0.46039074123242624
C_KINGSAFETY:0.4727276072228764
C_PAWNSTRUCTURE:0.48878633853806785
C_PIECECOORDINATION:0.5008776898473115
C_ROOK:0.5271409284690812
CE_ROOK:0.497120878980388
C_CENTERCONTROL:0.4966853808054438
C_DEVELOPPIECES:0.45137687262271
C_MATERIAL:0.464281602093942
C_MOVECOUNT:0.5147276448879284
C_PAWNMOVEMENT:0.48410916605307214
