ELO:1000
CE_PASSEDPAWNS:0.4563152839154836
CE_PAWNWEAKNESSES:0.48808054479821233
CE_PIECEACTIVITY:0.5331636255045253
CE_KINGPAWNSHIELD:0.4290711617563285
CE_PIECECOORDINATION:0.48000481581238363
CE_MATERIAL:0.5220841753788427
CE_KINGSAFETY:0.5109873052287356
C_PIECESQUARETABLES:0.5216365385595984
C_MOBILITY:0.5498049494482681
C_KINGSAFETY:0.4464969274568431
C_PAWNSTRUCTURE:0.49779171093549157
C_PIECECOORDINATION:0.4111260168421963
C_ROOKANDPAWNMOVEMENT:0.4111260168421963
C_CENTERCONTROL:0.4435835700808749
C_DEVELOPPIECES:0.4383702998849856
C_MATERIAL:0.4921050316188574
