ELO:988
CE_PASSEDPAWNS:0.5207645578985699
CE_PAWNWEAKNESSES:0.5008804303651212
CE_PIECEACTIVITY:0.5975814565428466
CE_KINGPAWNSHIELD:0.39475728388805864
CE_PIECECOORDINATION:0.4685464771505424
CE_MATERIAL:0.5181326454583327
CE_KINGSAFETY:0.49612115954337394
C_PIECESQUARETABLES:0.5
C_MOBILITY:0.48606722999596663
C_KINGSAFETY:0.5594239720260957
C_PAWNSTRUCTURE:0.46054427260367564
C_PIECECOORDINATION:0.5357690414977765
C_ROOKANDPAWNMOVEMENT:0.5357690414977765
C_CENTERCONTROL:0.3976101602692124
C_DEVELOPPIECES:0.5933423053266473
C_MATERIAL:0.5859692747107864
