ELO:975
CE_PASSEDPAWNS:0.5064274306540496
CE_PAWNWEAKNESSES:0.5045330864260684
CE_PIECEACTIVITY:0.4853369888692423
CE_KINGPAWNSHIELD:0.5036371186060264
CE_PIECECOORDINATION:0.5099530374919066
CE_MATERIAL:0.4923609020758896
CE_KINGSAFETY:0.49319085682045755
C_PIECESQUARETABLES:0.5
C_MOBILITY:0.5079124539699086
C_KINGSAFETY:0.4969301610625857
C_PAWNSTRUCTURE:0.4922219807766318
C_PIECECOORDINATION:0.4930470409019183
C_ROOKANDPAWNMOVEMENT:0.4930470409019183
C_CENTERCONTROL:0.4595938679392405
C_DEVELOPPIECES:0.489337341759566
C_MATERIAL:0.5055941210447401
C_MOVECOUNT:0.5006026353232861
