ELO:948
CE_PASSEDPAWNS:0.5001256161317366
CE_PAWNWEAKNESSES:0.5141027329277853
CE_PIECEACTIVITY:0.4965683773846749
CE_KINGPAWNSHIELD:0.4741736159969186
CE_PIECECOORDINATION:0.5041914896197828
CE_MATERIAL:0.44550704349435294
CE_KINGSAFETY:0.5
C_PIECESQUARETABLES:0.5011244108587775
C_MOBILITY:0.5347721309080016
C_KINGSAFETY:0.5020105903897003
C_PAWNSTRUCTURE:0.5114135138476369
C_PIECECOORDINATION:0.48943680562875663
C_ROOK:0.5460628713268284
CE_ROOK:0.4877631598809332
C_CENTERCONTROL:0.503232529984513
C_DEVELOPPIECES:0.4828211116562153
C_MATERIAL:0.5161636399378867
C_MOVECOUNT:0.5253763492006241
C_PAWNMOVEMENT:0.532763610663311
