ELO:1000
CE_PASSEDPAWNS:0.5327690363270924
CE_PAWNWEAKNESSES:0.49340836127559934
CE_PIECEACTIVITY:0.49069313675934356
CE_KINGPAWNSHIELD:0.5275724738345199
CE_PIECECOORDINATION:0.49449162475101255
CE_MATERIAL:0.4549522453048758
CE_KINGSAFETY:0.5610274964438491
C_PIECESQUARETABLES:0.488865172794155
C_MOBILITY:0.5060074718426675
C_KINGSAFETY:0.4659776974823395
C_PAWNSTRUCTURE:0.5406462259479511
C_PIECECOORDINATION:0.5029113359691822
C_ROOKANDPAWNMOVEMENT:0.5029113359691822
C_CENTERCONTROL:0.5132715417327501
C_DEVELOPPIECES:0.5339803525794967
C_MATERIAL:0.5275219021356716
