ELO:1057
CE_PASSEDPAWNS:0.506114828008963
CE_PAWNWEAKNESSES:0.48358553342195587
CE_PIECEACTIVITY:0.4971577073402031
CE_KINGPAWNSHIELD:0.5
CE_PIECECOORDINATION:0.5083395744253596
CE_MATERIAL:0.5
CE_KINGSAFETY:0.4935249717361947
C_PIECESQUARETABLES:0.488243647214958
C_MOBILITY:0.5
C_KINGSAFETY:0.5
C_PAWNSTRUCTURE:0.5
C_PIECECOORDINATION:0.4960888199025674
C_ROOKANDPAWNMOVEMENT:0.4960888199025674
C_CENTERCONTROL:0.49859980135396315
C_DEVELOPPIECES:0.5099659252656145
C_MATERIAL:0.5100639993223758
