ELO:1019
CE_PASSEDPAWNS:0.4950577817869312
CE_PAWNWEAKNESSES:0.4892277773639692
CE_PIECEACTIVITY:0.5
CE_KINGPAWNSHIELD:0.5062236736741306
CE_PIECECOORDINATION:0.4997686688430732
CE_MATERIAL:0.4969688376785282
CE_KINGSAFETY:0.4986363531414988
C_PIECESQUARETABLES:0.5
C_MOBILITY:0.5056863316062978
C_KINGSAFETY:0.5025907764048244
C_PAWNSTRUCTURE:0.4977463802373906
C_PIECECOORDINATION:0.5
C_ROOKANDPAWNMOVEMENT:0.5
C_CENTERCONTROL:0.5026177916282478
C_DEVELOPPIECES:0.5085469026673964
C_MATERIAL:0.5024067833034895
C_MOVECOUNT:0.49807277358466073
