ELO:1078
CE_PASSEDPAWNS:0.6058344413832936
CE_PAWNWEAKNESSES:0.5012027786677903
CE_PIECEACTIVITY:0.4665908502062853
CE_KINGPAWNSHIELD:0.39892770599569455
CE_PIECECOORDINATION:0.5684703738576434
CE_MATERIAL:0.5122095438801146
CE_KINGSAFETY:0.4839436363725665
C_PIECESQUARETABLES:0.47453321454069897
C_MOBILITY:0.40070655362747654
C_KINGSAFETY:0.519801008841037
C_PAWNSTRUCTURE:0.3884743400205556
C_PIECECOORDINATION:0.43623470654591956
C_ROOKANDPAWNMOVEMENT:0.43623470654591956
C_CENTERCONTROL:0.5276275876270291
C_DEVELOPPIECES:0.5536845335162421
C_MATERIAL:0.4110344593353127
