ELO:935
CE_PASSEDPAWNS:0.5505260115720443
CE_PAWNWEAKNESSES:0.48046541037980706
CE_PIECEACTIVITY:0.5029105321120971
CE_KINGPAWNSHIELD:0.4882744396585511
CE_PIECECOORDINATION:0.4768661799655199
CE_MATERIAL:0.4456313311247968
CE_KINGSAFETY:0.4908749315577002
C_PIECESQUARETABLES:0.484446090593703
C_MOBILITY:0.5446263489704705
C_KINGSAFETY:0.5143910350238358
C_PAWNSTRUCTURE:0.6070466658519608
C_PIECECOORDINATION:0.48564511486487283
C_ROOKANDPAWNMOVEMENT:0.48564511486487283
C_CENTERCONTROL:0.4743962421672168
C_DEVELOPPIECES:0.5268922676201182
C_MATERIAL:0.5302718106249741
