ELO:1000
CE_PASSEDPAWNS:0.5227022506236729
CE_PAWNWEAKNESSES:0.5041879690479286
CE_PIECEACTIVITY:0.474113737477197
CE_KINGPAWNSHIELD:0.46764655817702144
CE_PIECECOORDINATION:0.5014244605131074
CE_MATERIAL:0.4518230661930017
CE_KINGSAFETY:0.4867517105330502
C_PIECESQUARETABLES:0.5200633641019247
C_MOBILITY:0.5077582358259328
C_KINGSAFETY:0.4475251517676912
C_PAWNSTRUCTURE:0.5260655262756881
C_PIECECOORDINATION:0.5081118785968199
C_ROOKANDPAWNMOVEMENT:0.5081118785968199
C_CENTERCONTROL:0.476146028376413
C_DEVELOPPIECES:0.45022428441115253
C_MATERIAL:0.5263343498926994
