ELO:991
CE_PASSEDPAWNS:0.4632553827494533
CE_PAWNWEAKNESSES:0.465660241736133
CE_PIECEACTIVITY:0.5178640769270308
CE_KINGPAWNSHIELD:0.48367935535013734
CE_PIECECOORDINATION:0.5063091720338955
CE_MATERIAL:0.48921822948860416
CE_KINGSAFETY:0.512450898175183
C_PIECESQUARETABLES:0.5063572141618038
C_MOBILITY:0.5368953013728055
C_KINGSAFETY:0.43682526189989257
C_PAWNSTRUCTURE:0.5133504630880249
C_PIECECOORDINATION:0.4904020681366167
C_ROOK:0.5031056924103747
CE_ROOK:0.5174523993429184
C_CENTERCONTROL:0.48247409891168386
C_DEVELOPPIECES:0.4860337477005907
C_MATERIAL:0.4997790795246288
C_MOVECOUNT:0.513501588422569
C_PAWNMOVEMENT:0.49897030739334175
