ELO:988
CE_PASSEDPAWNS:0.4997704390275411
CE_PAWNWEAKNESSES:0.5149921719737238
CE_PIECEACTIVITY:0.5115517959390631
CE_KINGPAWNSHIELD:0.47867732105166005
CE_PIECECOORDINATION:0.4702556978102264
CE_MATERIAL:0.5622684388242613
CE_KINGSAFETY:0.48785304284742764
C_PIECESQUARETABLES:0.5026732762557808
C_MOBILITY:0.5015133509871036
C_KINGSAFETY:0.5594239720260957
C_PAWNSTRUCTURE:0.46054427260367564
C_PIECECOORDINATION:0.5350567576815112
C_ROOKANDPAWNMOVEMENT:0.5350567576815112
C_CENTERCONTROL:0.35488331713916
C_DEVELOPPIECES:0.5067495606305472
C_MATERIAL:0.5744316636433066
