ELO:1024
CE_PASSEDPAWNS:0.5
CE_PAWNWEAKNESSES:0.5205415838800418
CE_PIECEACTIVITY:0.5018522600629741
CE_KINGPAWNSHIELD:0.4999233599011594
CE_PIECECOORDINATION:0.5011104980516888
CE_MATERIAL:0.5218302596636045
CE_KINGSAFETY:0.5
C_PIECESQUARETABLES:0.5
C_MOBILITY:0.49676357592563153
C_KINGSAFETY:0.49228112518646927
C_PAWNSTRUCTURE:0.49547049034523644
C_PIECECOORDINATION:0.5107399732473097
C_ROOK:0.5293711526009638
CE_ROOK:0.5065533373147051
C_CENTERCONTROL:0.5013749059447414
C_DEVELOPPIECES:0.5255994280324449
C_MATERIAL:0.4863575817299442
C_MOVECOUNT:0.5
C_PAWNMOVEMENT:0.5104097384420568
