ELO:992
CE_PASSEDPAWNS:0.5630588686651408
CE_PAWNWEAKNESSES:0.5613834982050246
CE_PIECEACTIVITY:0.510276457696481
CE_KINGPAWNSHIELD:0.5016464914848264
CE_PIECECOORDINATION:0.5024145904561942
CE_MATERIAL:0.49751460524702057
CE_KINGSAFETY:0.5233867657535943
C_PIECESQUARETABLES:0.5468492575832473
C_MOBILITY:0.5186215648532424
C_KINGSAFETY:0.43359009108987645
C_PAWNSTRUCTURE:0.49675849407989797
C_PIECECOORDINATION:0.38389951020966184
C_ROOKANDPAWNMOVEMENT:0.38389951020966184
C_CENTERCONTROL:0.4532123062682015
C_DEVELOPPIECES:0.35918801153841373
C_MATERIAL:0.5833821904663409
