ELO:947
CE_PASSEDPAWNS:0.5
CE_PAWNWEAKNESSES:0.4753083481492716
CE_PIECEACTIVITY:0.4924303053098151
CE_KINGPAWNSHIELD:0.49325057364548064
CE_PIECECOORDINATION:0.5028800578915686
CE_MATERIAL:0.4907767918834063
CE_KINGSAFETY:0.4453573424379823
C_PIECESQUARETABLES:0.5052671238473323
C_MOBILITY:0.4808889521956203
C_KINGSAFETY:0.5061612982313305
C_PAWNSTRUCTURE:0.5014348691347414
C_PIECECOORDINATION:0.48539188886041157
C_ROOKANDPAWNMOVEMENT:0.48539188886041157
C_CENTERCONTROL:0.5139058579874911
C_DEVELOPPIECES:0.48096777318204736
C_MATERIAL:0.4754906616588225
C_MOVECOUNT:0.5
