ELO:1000
CE_PASSEDPAWNS:0.5348067153466985
CE_PAWNWEAKNESSES:0.5410559423580299
CE_PIECEACTIVITY:0.49492453188345975
CE_KINGPAWNSHIELD:0.5100086899578994
CE_PIECECOORDINATION:0.5159867106878129
CE_MATERIAL:0.5366528765756056
CE_KINGSAFETY:0.5236069348860034
C_PIECESQUARETABLES:0.5311427287309762
C_MOBILITY:0.48385931103736063
C_KINGSAFETY:0.49893551086309423
C_PAWNSTRUCTURE:0.4178677698690091
C_PIECECOORDINATION:0.4195624219018016
C_ROOKANDPAWNMOVEMENT:0.4195624219018016
C_CENTERCONTROL:0.48409414324240685
C_DEVELOPPIECES:0.4420684602151809
C_MATERIAL:0.5772945692848831
