ELO:1004
CE_PASSEDPAWNS:0.6611567097768197
CE_PAWNWEAKNESSES:0.4556693231472154
CE_PIECEACTIVITY:0.386605518851103
CE_KINGPAWNSHIELD:0.5119602561572564
CE_PIECECOORDINATION:0.5009215357890271
CE_MATERIAL:0.42650611382975284
CE_KINGSAFETY:0.49956945712326556
C_PIECESQUARETABLES:0.5056293554526953
C_MOBILITY:0.4634039974522181
C_KINGSAFETY:0.4901542165798845
C_PAWNSTRUCTURE:0.4498522790823406
C_PIECECOORDINATION:0.43881042470203463
C_ROOKANDPAWNMOVEMENT:0.43881042470203463
C_CENTERCONTROL:0.522329025968535
C_DEVELOPPIECES:0.6014418119404426
C_MATERIAL:0.44365421563550805
