ELO:943
CE_PASSEDPAWNS:0.5474483192211456
CE_PAWNWEAKNESSES:0.4666523713208805
CE_PIECEACTIVITY:0.5029105321120971
CE_KINGPAWNSHIELD:0.4593189380654117
CE_PIECECOORDINATION:0.4675475060266054
CE_MATERIAL:0.4623928069590614
CE_KINGSAFETY:0.48926212102162103
C_PIECESQUARETABLES:0.49601119479287487
C_MOBILITY:0.5413026010327321
C_KINGSAFETY:0.5178794666786241
C_PAWNSTRUCTURE:0.6097834336805522
C_PIECECOORDINATION:0.47454013054642363
C_ROOKANDPAWNMOVEMENT:0.47454013054642363
C_CENTERCONTROL:0.4737370716006061
C_DEVELOPPIECES:0.5186857294601703
C_MATERIAL:0.5263519827407793
