ELO:994
CE_PASSEDPAWNS:0.5630588686651408
CE_PAWNWEAKNESSES:0.5613834982050246
CE_PIECEACTIVITY:0.510276457696481
CE_KINGPAWNSHIELD:0.4959552093141607
CE_PIECECOORDINATION:0.5024145904561942
CE_MATERIAL:0.49751460524702057
CE_KINGSAFETY:0.5127675021279297
C_PIECESQUARETABLES:0.5439879130503346
C_MOBILITY:0.5186215648532424
C_KINGSAFETY:0.43359009108987645
C_PAWNSTRUCTURE:0.49675849407989797
C_PIECECOORDINATION:0.3802853381876045
C_ROOKANDPAWNMOVEMENT:0.3802853381876045
C_CENTERCONTROL:0.4532123062682015
C_DEVELOPPIECES:0.35918801153841373
C_MATERIAL:0.5819892012571142
