ELO:1053
CE_PASSEDPAWNS:0.49028050173795196
CE_PAWNWEAKNESSES:0.5768995032115801
CE_PIECEACTIVITY:0.5291606471575581
CE_KINGPAWNSHIELD:0.4934832073901321
CE_PIECECOORDINATION:0.5020545011067487
CE_MATERIAL:0.4939458398004939
CE_KINGSAFETY:0.5
C_PIECESQUARETABLES:0.5
C_MOBILITY:0.48113150113811276
C_KINGSAFETY:0.5102472978584247
C_PAWNSTRUCTURE:0.4870973044084296
C_PIECECOORDINATION:0.5201670512737098
C_ROOK:0.482314502035044
CE_ROOK:0.4961064697153357
C_CENTERCONTROL:0.5197282966320029
C_DEVELOPPIECES:0.5249502262436926
C_MATERIAL:0.4993733861170947
C_MOVECOUNT:0.48163558042647137
C_PAWNMOVEMENT:0.5400932642649898
