ELO:974
CE_PASSEDPAWNS:0.5117699111715347
CE_PAWNWEAKNESSES:0.4877265337241584
CE_PIECEACTIVITY:0.4894334544687979
CE_KINGPAWNSHIELD:0.5
CE_PIECECOORDINATION:0.5095475484557547
CE_MATERIAL:0.5005143764672174
CE_KINGSAFETY:0.5065993002114582
C_PIECESQUARETABLES:0.4690405003894553
C_MOBILITY:0.48475624040607246
C_KINGSAFETY:0.4969019072794833
C_PAWNSTRUCTURE:0.5244903725254912
C_PIECECOORDINATION:0.4705898049459332
C_ROOKANDPAWNMOVEMENT:0.4705898049459332
C_CENTERCONTROL:0.4893838954250728
C_DEVELOPPIECES:0.5130484974595816
C_MATERIAL:0.5114888847142021
C_MOVECOUNT:0.5
