ELO:934
CE_PASSEDPAWNS:0.5633875695069782
CE_PAWNWEAKNESSES:0.4550139456083804
CE_PIECEACTIVITY:0.49761499739072884
CE_KINGPAWNSHIELD:0.5076575651760787
CE_PIECECOORDINATION:0.48978313752900615
CE_MATERIAL:0.42485191367141345
CE_KINGSAFETY:0.5
C_PIECESQUARETABLES:0.4967011707014779
C_MOBILITY:0.5665341080030931
C_KINGSAFETY:0.5061663639604052
C_PAWNSTRUCTURE:0.5990819805901877
C_PIECECOORDINATION:0.5014049110071299
C_ROOKANDPAWNMOVEMENT:0.5014049110071299
C_CENTERCONTROL:0.4553491740434068
C_DEVELOPPIECES:0.5561383465088447
C_MATERIAL:0.5559200195968903
