ELO:1022
CE_PASSEDPAWNS:0.5
CE_PAWNWEAKNESSES:0.5050088165410584
CE_PIECEACTIVITY:0.47225465398940075
CE_KINGPAWNSHIELD:0.5024837139228125
CE_PIECECOORDINATION:0.491115818936762
CE_MATERIAL:0.5
CE_KINGSAFETY:0.5
C_PIECESQUARETABLES:0.5
C_MOBILITY:0.5
C_KINGSAFETY:0.4840205380456301
C_PAWNSTRUCTURE:0.492159784962093
C_PIECECOORDINATION:0.524081871863375
C_ROOK:0.49977484436432357
CE_ROOK:0.4823086312696092
C_CENTERCONTROL:0.4921312419304174
C_DEVELOPPIECES:0.5142867913900796
C_MATERIAL:0.5001935997123281
C_MOVECOUNT:0.454750959340167
C_PAWNMOVEMENT:0.5000142196998014
