ELO:953
CE_PASSEDPAWNS:0.5671615487318199
CE_PAWNWEAKNESSES:0.45430416094334725
CE_PIECEACTIVITY:0.49996695440291655
CE_KINGPAWNSHIELD:0.4627163181068876
CE_PIECECOORDINATION:0.46104173107710267
CE_MATERIAL:0.46423274144773086
CE_KINGSAFETY:0.490328319336746
C_PIECESQUARETABLES:0.4894353413062809
C_MOBILITY:0.5413026010327321
C_KINGSAFETY:0.5201957163784474
C_PAWNSTRUCTURE:0.632416098049594
C_PIECECOORDINATION:0.46532459989461655
C_ROOKANDPAWNMOVEMENT:0.46532459989461655
C_CENTERCONTROL:0.48115359716193185
C_DEVELOPPIECES:0.506072475203845
C_MATERIAL:0.5277244228963618
