ELO:942
CE_PASSEDPAWNS:0.43468738468529405
CE_PAWNWEAKNESSES:0.467423818456729
CE_PIECEACTIVITY:0.4395388265649477
CE_KINGPAWNSHIELD:0.6298690569589019
CE_PIECECOORDINATION:0.43923662339892955
CE_MATERIAL:0.389643686271274
CE_KINGSAFETY:0.5
C_PIECESQUARETABLES:0.5
C_MOBILITY:0.43952211574319766
C_KINGSAFETY:0.4577867870376683
C_PAWNSTRUCTURE:0.46222808860462933
C_PIECECOORDINATION:0.44378669724447545
C_ROOKANDPAWNMOVEMENT:0.44378669724447545
C_CENTERCONTROL:0.43740593672224054
C_DEVELOPPIECES:0.49009427727804494
C_MATERIAL:0.6385064135175561
