ELO:1037
CE_PASSEDPAWNS:0.6674397482899298
CE_PAWNWEAKNESSES:0.4638798290431367
CE_PIECEACTIVITY:0.39722963083133417
CE_KINGPAWNSHIELD:0.5220080236817484
CE_PIECECOORDINATION:0.4843817511311539
CE_MATERIAL:0.42520011013036896
CE_KINGSAFETY:0.5021086053301765
C_PIECESQUARETABLES:0.49413512116913516
C_MOBILITY:0.4654062804390469
C_KINGSAFETY:0.49739593737904314
C_PAWNSTRUCTURE:0.45955258850641706
C_PIECECOORDINATION:0.45360536839020693
C_ROOKANDPAWNMOVEMENT:0.45360536839020693
C_CENTERCONTROL:0.5125181813890166
C_DEVELOPPIECES:0.6014418119404426
C_MATERIAL:0.4266697315984663
