ELO:649
CE_PASSEDPAWNS:0.47127760856923767
CE_PAWNWEAKNESSES:0.5521406616331325
CE_PIECEACTIVITY:0.4485825903624041
CE_KINGPAWNSHIELD:0.4786172133957935
CE_PIECECOORDINATION:0.49837458571918225
CE_MATERIAL:0.5265278083311264
CE_KINGSAFETY:0.5216938903279272
C_PIECESQUARETABLES:0.528434576644084
C_MOBILITY:0.48894232848688135
C_KINGSAFETY:0.5333183966693952
C_PAWNSTRUCTURE:0.5513323392319696
C_PIECECOORDINATION:0.4842014325799902
C_ROOKANDPAWNMOVEMENT:0.4842014325799902
C_CENTERCONTROL:0.36894150406330467
C_DEVELOPPIECES:0.5752881904428888
C_MATERIAL:0.4149657673265476
C_MOVECOUNT:0.5
