ELO:984
CE_PASSEDPAWNS:0.5426195350314965
CE_PAWNWEAKNESSES:0.44856415407543454
CE_PIECEACTIVITY:0.4888828747925963
CE_KINGPAWNSHIELD:0.4848451184828349
CE_PIECECOORDINATION:0.4805612614656204
CE_MATERIAL:0.4622196214839263
CE_KINGSAFETY:0.5029582790834783
C_PIECESQUARETABLES:0.5
C_MOBILITY:0.4837672017933898
C_KINGSAFETY:0.5020934295714268
C_PAWNSTRUCTURE:0.5868448158383974
C_PIECECOORDINATION:0.496581281836462
C_ROOKANDPAWNMOVEMENT:0.496581281836462
C_CENTERCONTROL:0.4717934220033918
C_DEVELOPPIECES:0.4736974643111654
C_MATERIAL:0.5031850796601832
