ELO:924
CE_PASSEDPAWNS:0.533067517145993
CE_PAWNWEAKNESSES:0.5067685532279155
CE_PIECEACTIVITY:0.5342754211069173
CE_KINGPAWNSHIELD:0.5055854599428612
CE_PIECECOORDINATION:0.4734942172960552
CE_MATERIAL:0.49346911979220065
CE_KINGSAFETY:0.4898514053816983
C_PIECESQUARETABLES:0.4983085566985107
C_MOBILITY:0.49754103269616407
C_KINGSAFETY:0.4800753497804112
C_PAWNSTRUCTURE:0.468611682669346
C_PIECECOORDINATION:0.5292800313893601
C_ROOKANDPAWNMOVEMENT:0.5292800313893601
C_CENTERCONTROL:0.5037568278015259
C_DEVELOPPIECES:0.5411968000717537
C_MATERIAL:0.5059180848638937
C_MOVECOUNT:0.48452788333623237
