ELO:911
CE_PASSEDPAWNS:0.49296797976678697
CE_PAWNWEAKNESSES:0.4999927083449343
CE_PIECEACTIVITY:0.49612951249481646
CE_KINGPAWNSHIELD:0.48980403570930675
CE_PIECECOORDINATION:0.458496627268287
CE_MATERIAL:0.501139384367879
CE_KINGSAFETY:0.4750851409966251
C_PIECESQUARETABLES:0.503384298305874
C_MOBILITY:0.5263853371037688
C_KINGSAFETY:0.4870038118682075
C_PAWNSTRUCTURE:0.5059262989936396
C_PIECECOORDINATION:0.500363103196018
C_ROOKANDPAWNMOVEMENT:0.500363103196018
C_CENTERCONTROL:0.5069088344722423
C_DEVELOPPIECES:0.4390065564025224
C_MATERIAL:0.4956711834667677
C_MOVECOUNT:0.5
