ELO:1000
CE_PASSEDPAWNS:0.5180885057832455
CE_PAWNWEAKNESSES:0.5
CE_PIECEACTIVITY:0.5
CE_KINGPAWNSHIELD:0.49188986502795473
CE_PIECECOORDINATION:0.4943523615250172
CE_MATERIAL:0.49201419743603897
CE_KINGSAFETY:0.50856309210854
C_PIECESQUARETABLES:0.5199272033564589
C_MOBILITY:0.5156206487451584
C_KINGSAFETY:0.5015001383421219
C_PAWNSTRUCTURE:0.4891770022443842
C_PIECECOORDINATION:0.4979113244477628
C_ROOKANDPAWNMOVEMENT:0.4979113244477628
C_CENTERCONTROL:0.49510308627092936
C_DEVELOPPIECES:0.49437431324852005
C_MATERIAL:0.5105229916626106
