ELO:1000
CE_PASSEDPAWNS:0.535951796753339
CE_PAWNWEAKNESSES:0.5274122502386142
CE_PIECEACTIVITY:0.4991274625373738
CE_KINGPAWNSHIELD:0.5330026219580787
CE_PIECECOORDINATION:0.5250852153553763
CE_MATERIAL:0.5085604829939411
CE_KINGSAFETY:0.4845352206097542
C_PIECESQUARETABLES:0.4945724623930507
C_MOBILITY:0.5148832794320214
C_KINGSAFETY:0.510335640464161
C_PAWNSTRUCTURE:0.4614838325381663
C_PIECECOORDINATION:0.452337361176538
C_ROOKANDPAWNMOVEMENT:0.452337361176538
C_CENTERCONTROL:0.4856740356883102
C_DEVELOPPIECES:0.48321669518520094
C_MATERIAL:0.5427021837942841
