ELO:1054
CE_PASSEDPAWNS:0.4972614422567261
CE_PAWNWEAKNESSES:0.507903658015204
CE_PIECEACTIVITY:0.48768894621917636
CE_KINGPAWNSHIELD:0.5052080579550571
CE_PIECECOORDINATION:0.5
CE_MATERIAL:0.495102266928544
CE_KINGSAFETY:0.5
C_PIECESQUARETABLES:0.48294578971504315
C_MOBILITY:0.49675148418199977
C_KINGSAFETY:0.5
C_PAWNSTRUCTURE:0.48829758150416364
C_PIECECOORDINATION:0.5
C_ROOKANDPAWNMOVEMENT:0.5
C_CENTERCONTROL:0.5
C_DEVELOPPIECES:0.5151323653282969
C_MATERIAL:0.5
