ELO:645
CE_PASSEDPAWNS:0.45871745965756894
CE_PAWNWEAKNESSES:0.522257325272718
CE_PIECEACTIVITY:0.43578009242415316
CE_KINGPAWNSHIELD:0.46081258840734296
CE_PIECECOORDINATION:0.5014736114802777
CE_MATERIAL:0.49024340632385993
CE_KINGSAFETY:0.5
C_PIECESQUARETABLES:0.5065744307473949
C_MOBILITY:0.4851175794883939
C_KINGSAFETY:0.5390596584859652
C_PAWNSTRUCTURE:0.5584986511768381
C_PIECECOORDINATION:0.45556120051658383
C_ROOKANDPAWNMOVEMENT:0.45556120051658383
C_CENTERCONTROL:0.4062393719296844
C_DEVELOPPIECES:0.5537311503752581
C_MATERIAL:0.41879829289710746
C_MOVECOUNT:0.5
