ELO:1020
CE_PASSEDPAWNS:0.48715157963415806
CE_PAWNWEAKNESSES:0.508957161087916
CE_PIECEACTIVITY:0.502939485407813
CE_KINGPAWNSHIELD:0.48909845461251095
CE_PIECECOORDINATION:0.5055202785570788
CE_MATERIAL:0.4928564690364116
CE_KINGSAFETY:0.5
C_PIECESQUARETABLES:0.5
C_MOBILITY:0.4941184934948356
C_KINGSAFETY:0.5130426352739833
C_PAWNSTRUCTURE:0.5431967049580011
C_PIECECOORDINATION:0.5575992214602619
C_ROOK:0.5099748085010218
CE_ROOK:0.4814625853181572
C_CENTERCONTROL:0.514686348894898
C_DEVELOPPIECES:0.48803846654105965
C_MATERIAL:0.498131800715962
C_MOVECOUNT:0.4936270663071781
C_PAWNMOVEMENT:0.511618917934365
