ELO:999
CE_PASSEDPAWNS:0.5206896904910252
CE_PAWNWEAKNESSES:0.44851306605541963
CE_PIECEACTIVITY:0.47859122842259694
CE_KINGPAWNSHIELD:0.4850893558875226
CE_PIECECOORDINATION:0.4820739594039636
CE_MATERIAL:0.45723747152261807
CE_KINGSAFETY:0.48860677311334066
C_PIECESQUARETABLES:0.5
C_MOBILITY:0.4837672017933898
C_KINGSAFETY:0.5049167200378774
C_PAWNSTRUCTURE:0.5825045568434415
C_PIECECOORDINATION:0.496581281836462
C_ROOKANDPAWNMOVEMENT:0.496581281836462
C_CENTERCONTROL:0.4754866058524136
C_DEVELOPPIECES:0.46626808728878955
C_MATERIAL:0.5145249518627961
