ELO:1005
CE_PASSEDPAWNS:0.4919620609660159
CE_PAWNWEAKNESSES:0.49995647986484537
CE_PIECEACTIVITY:0.5
CE_KINGPAWNSHIELD:0.5
CE_PIECECOORDINATION:0.4972180040075474
CE_MATERIAL:0.49666556805983786
CE_KINGSAFETY:0.5
C_PIECESQUARETABLES:0.5
C_MOBILITY:0.4884895537225291
C_KINGSAFETY:0.5064492246927034
C_PAWNSTRUCTURE:0.503519204761832
C_PIECECOORDINATION:0.5201816382609504
C_ROOKANDPAWNMOVEMENT:0.5201816382609504
C_CENTERCONTROL:0.5091848909606138
C_DEVELOPPIECES:0.5
C_MATERIAL:0.4914595253769186
C_MOVECOUNT:0.4912720929212669
