ELO:984
CE_PASSEDPAWNS:0.5207398588073924
CE_PAWNWEAKNESSES:0.5025445750881434
CE_PIECEACTIVITY:0.4940240044735207
CE_KINGPAWNSHIELD:0.5018234765486289
CE_PIECECOORDINATION:0.5017878312626279
CE_MATERIAL:0.4966194301245383
CE_KINGSAFETY:0.4878018469444982
C_PIECESQUARETABLES:0.5030810629572638
C_MOBILITY:0.5058125649482138
C_KINGSAFETY:0.4947073852416016
C_PAWNSTRUCTURE:0.5050334719373057
C_PIECECOORDINATION:0.4847324783955973
C_ROOKANDPAWNMOVEMENT:0.4847324783955973
C_CENTERCONTROL:0.48947194835343905
C_DEVELOPPIECES:0.4952274135613652
C_MATERIAL:0.4905553032625739
