ELO:872
CE_PASSEDPAWNS:0.4674188339635281
CE_PAWNWEAKNESSES:0.5174653156102978
CE_PIECEACTIVITY:0.4804629569975696
CE_KINGPAWNSHIELD:0.4861982345506979
CE_PIECECOORDINATION:0.49065492343194633
CE_MATERIAL:0.4851630036194881
CE_KINGSAFETY:0.5328788948389821
C_PIECESQUARETABLES:0.5160929096563278
C_MOBILITY:0.5155795490312345
C_KINGSAFETY:0.4981205828574085
C_PAWNSTRUCTURE:0.5242676430518688
C_PIECECOORDINATION:0.4615751024865825
C_ROOKANDPAWNMOVEMENT:0.4615751024865825
C_CENTERCONTROL:0.46337282965238996
C_DEVELOPPIECES:0.5387128384634399
C_MATERIAL:0.4535340367689627
C_MOVECOUNT:0.5
