ELO:980
CE_PASSEDPAWNS:0.467570303293195
CE_PAWNWEAKNESSES:0.49449840891721164
CE_PIECEACTIVITY:0.5276876652441982
CE_KINGPAWNSHIELD:0.482983129382396
CE_PIECECOORDINATION:0.4871660784129923
CE_MATERIAL:0.47974377478156743
CE_KINGSAFETY:0.5155168146015637
C_PIECESQUARETABLES:0.48186982149028
C_MOBILITY:0.5026365953536401
C_KINGSAFETY:0.5070404709183036
C_PAWNSTRUCTURE:0.5270342569595862
C_PIECECOORDINATION:0.4921798511546286
C_ROOKANDPAWNMOVEMENT:0.4921798511546286
C_CENTERCONTROL:0.49904518564248057
C_DEVELOPPIECES:0.4907743151952144
C_MATERIAL:0.5196591654524599
C_MOVECOUNT:0.5
