ELO:954
CE_PASSEDPAWNS:0.5061383974809319
CE_PAWNWEAKNESSES:0.4999301775743642
CE_PIECEACTIVITY:0.5182375278700607
CE_KINGPAWNSHIELD:0.502698380405581
CE_PIECECOORDINATION:0.5346102343933032
CE_MATERIAL:0.5068578383501793
CE_KINGSAFETY:0.4749645834474146
C_PIECESQUARETABLES:0.5
C_MOBILITY:0.49430494820605153
C_KINGSAFETY:0.4988185391239264
C_PAWNSTRUCTURE:0.49850584267194753
C_PIECECOORDINATION:0.5315885253755781
C_ROOKANDPAWNMOVEMENT:0.5315885253755781
C_CENTERCONTROL:0.5
C_DEVELOPPIECES:0.5171563596042587
C_MATERIAL:0.49336865598440566
C_MOVECOUNT:0.5
