ELO:920
CE_PASSEDPAWNS:0.5673335334294669
CE_PAWNWEAKNESSES:0.4310703852401591
CE_PIECEACTIVITY:0.4806367576748499
CE_KINGPAWNSHIELD:0.49051463556925207
CE_PIECECOORDINATION:0.5281877337242937
CE_MATERIAL:0.4016624698109198
CE_KINGSAFETY:0.4762505783098346
C_PIECESQUARETABLES:0.4986858573759325
C_MOBILITY:0.5733625981082197
C_KINGSAFETY:0.49948177841429525
C_PAWNSTRUCTURE:0.6158788342994879
C_PIECECOORDINATION:0.49019043143948016
C_ROOKANDPAWNMOVEMENT:0.49019043143948016
C_CENTERCONTROL:0.43745585868675113
C_DEVELOPPIECES:0.5580242237193953
C_MATERIAL:0.5177452925557338
