ELO:988
CE_PASSEDPAWNS:0.5339595835365704
CE_PAWNWEAKNESSES:0.5149921719737238
CE_PIECEACTIVITY:0.5560559543378618
CE_KINGPAWNSHIELD:0.4600781035248139
CE_PIECECOORDINATION:0.43997613685951725
CE_MATERIAL:0.5684050916114476
CE_KINGSAFETY:0.48071262547957044
C_PIECESQUARETABLES:0.5
C_MOBILITY:0.49374967057184077
C_KINGSAFETY:0.5734646922977937
C_PAWNSTRUCTURE:0.4777602832603629
C_PIECECOORDINATION:0.4455295289066636
C_ROOKANDPAWNMOVEMENT:0.4455295289066636
C_CENTERCONTROL:0.42894235410171383
C_DEVELOPPIECES:0.5139180075692859
C_MATERIAL:0.5859692747107864
