ELO:1012
CE_PASSEDPAWNS:0.5
CE_PAWNWEAKNESSES:0.5
CE_PIECEACTIVITY:0.5
CE_KINGPAWNSHIELD:0.5220799933118081
CE_PIECECOORDINATION:0.5
CE_MATERIAL:0.5092619590330955
CE_KINGSAFETY:0.5
C_PIECESQUARETABLES:0.5038509142319813
C_MOBILITY:0.5
C_KINGSAFETY:0.4974317702774507
C_PAWNSTRUCTURE:0.5
C_PIECECOORDINATION:0.4930207997013511
C_ROOKANDPAWNMOVEMENT:0.4930207997013511
C_CENTERCONTROL:0.5
C_DEVELOPPIECES:0.49118052326824807
C_MATERIAL:0.4920821094820515
C_MOVECOUNT:0.489095284267775
