ELO:1089
CE_PASSEDPAWNS:0.6216628427623379
CE_PAWNWEAKNESSES:0.4913955703625296
CE_PIECEACTIVITY:0.46677646412814294
CE_KINGPAWNSHIELD:0.4888774821619666
CE_PIECECOORDINATION:0.4803925721213925
CE_MATERIAL:0.45398262924940724
CE_KINGSAFETY:0.5178072420321953
C_PIECESQUARETABLES:0.5044218705534147
C_MOBILITY:0.42105203460517804
C_KINGSAFETY:0.5076807408223325
C_PAWNSTRUCTURE:0.41159374709656454
C_PIECECOORDINATION:0.47863206872267633
C_ROOKANDPAWNMOVEMENT:0.47863206872267633
C_CENTERCONTROL:0.5237494067573987
C_DEVELOPPIECES:0.5644218609460867
C_MATERIAL:0.42037145141469806
