ELO:632
CE_PASSEDPAWNS:0.5325024790650106
CE_PAWNWEAKNESSES:0.5632853799026061
CE_PIECEACTIVITY:0.4260526447104662
CE_KINGPAWNSHIELD:0.4061406919307949
CE_PIECECOORDINATION:0.5691845692801777
CE_MATERIAL:0.5003977178532553
CE_KINGSAFETY:0.534373629301249
C_PIECESQUARETABLES:0.5935319564692939
C_MOBILITY:0.46618058926551653
C_KINGSAFETY:0.5382932028735732
C_PAWNSTRUCTURE:0.6054104766859293
C_PIECECOORDINATION:0.5001194149180167
C_ROOKANDPAWNMOVEMENT:0.5001194149180167
C_CENTERCONTROL:0.38907267942397605
C_DEVELOPPIECES:0.611148191975847
C_MATERIAL:0.3888134004331974
C_MOVECOUNT:0.5
