ELO:614
CE_PASSEDPAWNS:0.502278725651002
CE_PAWNWEAKNESSES:0.5730621513642049
CE_PIECEACTIVITY:0.386840707468748
CE_KINGPAWNSHIELD:0.44459413227760763
CE_PIECECOORDINATION:0.5451771834993192
CE_MATERIAL:0.4876837830547801
CE_KINGSAFETY:0.4870422013748422
C_PIECESQUARETABLES:0.4847287588077791
C_MOBILITY:0.4563359285141778
C_KINGSAFETY:0.5395350805569253
C_PAWNSTRUCTURE:0.6299192140786173
C_PIECECOORDINATION:0.5448839597819272
C_ROOKANDPAWNMOVEMENT:0.5448839597819272
C_CENTERCONTROL:0.4600519316334078
C_DEVELOPPIECES:0.5786447231233562
C_MATERIAL:0.41906589454889837
C_MOVECOUNT:0.5140692094928729
