ELO:932
CE_PASSEDPAWNS:0.5633875695069782
CE_PAWNWEAKNESSES:0.4354577841296161
CE_PIECEACTIVITY:0.49761499739072884
CE_KINGPAWNSHIELD:0.49961875052144183
CE_PIECECOORDINATION:0.4973584251036283
CE_MATERIAL:0.4223413164073535
CE_KINGSAFETY:0.5028360871351862
C_PIECESQUARETABLES:0.4925982015810702
C_MOBILITY:0.5598437931389871
C_KINGSAFETY:0.495717276501816
C_PAWNSTRUCTURE:0.5890238797965068
C_PIECECOORDINATION:0.5090041984742569
C_ROOKANDPAWNMOVEMENT:0.5090041984742569
C_CENTERCONTROL:0.46580783507790424
C_DEVELOPPIECES:0.5561383465088447
C_MATERIAL:0.5574096581045109
