ELO:1000
CE_PASSEDPAWNS:0.5250616306003548
CE_PAWNWEAKNESSES:0.5460226584693224
CE_PIECEACTIVITY:0.5238489977359014
CE_KINGPAWNSHIELD:0.5153475553318442
CE_PIECECOORDINATION:0.5146616357692868
CE_MATERIAL:0.5351745231101995
CE_KINGSAFETY:0.5135487971747154
C_PIECESQUARETABLES:0.501595224762403
C_MOBILITY:0.5172274431554512
C_KINGSAFETY:0.5069701907293058
C_PAWNSTRUCTURE:0.42344673793977056
C_PIECECOORDINATION:0.406815007941819
C_ROOKANDPAWNMOVEMENT:0.406815007941819
C_CENTERCONTROL:0.515007826826836
C_DEVELOPPIECES:0.472279936227286
C_MATERIAL:0.5500453270772063
