ELO:996
CE_PASSEDPAWNS:0.5035626865953818
CE_PAWNWEAKNESSES:0.4994741001427104
CE_PIECEACTIVITY:0.5324553733960211
CE_KINGPAWNSHIELD:0.5
CE_PIECECOORDINATION:0.5134776153131401
CE_MATERIAL:0.5161270178211951
CE_KINGSAFETY:0.5
C_PIECESQUARETABLES:0.5
C_MOBILITY:0.5078247133193914
C_KINGSAFETY:0.49869783250933425
C_PAWNSTRUCTURE:0.5331860225995405
C_PIECECOORDINATION:0.5023181869044465
C_ROOKANDPAWNMOVEMENT:0.5023181869044465
C_CENTERCONTROL:0.49485939526744854
C_DEVELOPPIECES:0.5
C_MATERIAL:0.5095662347524706
C_MOVECOUNT:0.5
