ELO:1090
CE_PASSEDPAWNS:0.6467939589763732
CE_PAWNWEAKNESSES:0.4841346258912468
CE_PIECEACTIVITY:0.41851376580538013
CE_KINGPAWNSHIELD:0.4949164695319741
CE_PIECECOORDINATION:0.4837960423035997
CE_MATERIAL:0.4365931210777946
CE_KINGSAFETY:0.4866514189872523
C_PIECESQUARETABLES:0.5047274895210582
C_MOBILITY:0.4363287902178308
C_KINGSAFETY:0.49267428525972434
C_PAWNSTRUCTURE:0.46679081098923003
C_PIECECOORDINATION:0.4786554246618988
C_ROOKANDPAWNMOVEMENT:0.4786554246618988
C_CENTERCONTROL:0.5333464333664901
C_DEVELOPPIECES:0.6154168549713902
C_MATERIAL:0.4232762451018442
