ELO:1000
CE_PASSEDPAWNS:0.5231397445474462
CE_PAWNWEAKNESSES:0.5565873559494005
CE_PIECEACTIVITY:0.5158046147205488
CE_KINGPAWNSHIELD:0.49932611135609767
CE_PIECECOORDINATION:0.5041956378395687
CE_MATERIAL:0.5384645954108919
CE_KINGSAFETY:0.5135487971747154
C_PIECESQUARETABLES:0.5206628460065915
C_MOBILITY:0.5088186998541088
C_KINGSAFETY:0.49893551086309423
C_PAWNSTRUCTURE:0.4294522539577765
C_PIECECOORDINATION:0.40508671736230595
C_ROOKANDPAWNMOVEMENT:0.40508671736230595
C_CENTERCONTROL:0.5083266756053745
C_DEVELOPPIECES:0.43869988887734035
C_MATERIAL:0.5667199241731325
