ELO:977
CE_PASSEDPAWNS:0.5014364592440804
CE_PAWNWEAKNESSES:0.47975018461342017
CE_PIECEACTIVITY:0.49494724987302613
CE_KINGPAWNSHIELD:0.4729197217295293
CE_PIECECOORDINATION:0.5097238068018601
CE_MATERIAL:0.5133018126591306
CE_KINGSAFETY:0.5042566717880648
C_PIECESQUARETABLES:0.5196660361201707
C_MOBILITY:0.5230738234492331
C_KINGSAFETY:0.4994234053640384
C_PAWNSTRUCTURE:0.5
C_PIECECOORDINATION:0.5139079544141031
C_ROOKANDPAWNMOVEMENT:0.5139079544141031
C_CENTERCONTROL:0.4918590953443843
C_DEVELOPPIECES:0.48565637484322044
C_MATERIAL:0.4914145861774921
C_MOVECOUNT:0.5043207280800485
