ELO:996
CE_PASSEDPAWNS:0.6675682712142468
CE_PAWNWEAKNESSES:0.4542999981858852
CE_PIECEACTIVITY:0.3818974510755713
CE_KINGPAWNSHIELD:0.5202065881885352
CE_PIECECOORDINATION:0.49202961458894756
CE_MATERIAL:0.4239398024656328
CE_KINGSAFETY:0.4929872834724397
C_PIECESQUARETABLES:0.49609107601433833
C_MOBILITY:0.4434825714184089
C_KINGSAFETY:0.48982428303872516
C_PAWNSTRUCTURE:0.4539506206357055
C_PIECECOORDINATION:0.44322688226010726
C_ROOKANDPAWNMOVEMENT:0.44322688226010726
C_CENTERCONTROL:0.5200334558950876
C_DEVELOPPIECES:0.6035583743887812
C_MATERIAL:0.44824750659556967
