ELO:932
CE_PASSEDPAWNS:0.5545198231989056
CE_PAWNWEAKNESSES:0.440420747551573
CE_PIECEACTIVITY:0.4953572145054956
CE_KINGPAWNSHIELD:0.5065769785554605
CE_PIECECOORDINATION:0.4922193438312571
CE_MATERIAL:0.41478707891887506
CE_KINGSAFETY:0.5030042999720493
C_PIECESQUARETABLES:0.49135122980020707
C_MOBILITY:0.5618228218552965
C_KINGSAFETY:0.48987658212112284
C_PAWNSTRUCTURE:0.5957405794753184
C_PIECECOORDINATION:0.5094549863656226
C_ROOKANDPAWNMOVEMENT:0.5094549863656226
C_CENTERCONTROL:0.45194109493535034
C_DEVELOPPIECES:0.5739840918966665
C_MATERIAL:0.5492100823177661
