ELO:806
CE_PASSEDPAWNS:0.5391588556096496
CE_PAWNWEAKNESSES:0.5359208496810954
CE_PIECEACTIVITY:0.6194949587363197
CE_KINGPAWNSHIELD:0.44180077942255913
CE_PIECECOORDINATION:0.44493902227811105
CE_MATERIAL:0.5292095136649547
CE_KINGSAFETY:0.47508963620106
C_PIECESQUARETABLES:0.4646249796467206
C_MOBILITY:0.5047185027150299
C_KINGSAFETY:0.47258336471087503
C_PAWNSTRUCTURE:0.4374897098861854
C_PIECECOORDINATION:0.5220855251445428
C_ROOKANDPAWNMOVEMENT:0.5220855251445428
C_CENTERCONTROL:0.5717207840806867
C_DEVELOPPIECES:0.5177121880020558
C_MATERIAL:0.5184186914153509
C_MOVECOUNT:0.47309115578098815
