ELO:974
CE_PASSEDPAWNS:0.5137317392321051
CE_PAWNWEAKNESSES:0.5028506931990722
CE_PIECEACTIVITY:0.48925350064789047
CE_KINGPAWNSHIELD:0.5085084289212051
CE_PIECECOORDINATION:0.500278713778338
CE_MATERIAL:0.5035729079316461
CE_KINGSAFETY:0.487701151713267
C_PIECESQUARETABLES:0.49508316257338086
C_MOBILITY:0.5079896624731647
C_KINGSAFETY:0.49159278594171324
C_PAWNSTRUCTURE:0.5259895466727686
C_PIECECOORDINATION:0.4638888933113614
C_ROOKANDPAWNMOVEMENT:0.4638888933113614
C_CENTERCONTROL:0.49240466341773115
C_DEVELOPPIECES:0.49321307893619887
C_MATERIAL:0.5059949868955266
C_MOVECOUNT:0.5163606461264802
