ELO:988
CE_PASSEDPAWNS:0.5
CE_PAWNWEAKNESSES:0.5
CE_PIECEACTIVITY:0.5
CE_KINGPAWNSHIELD:0.5
CE_PIECECOORDINATION:0.506842869151106
CE_MATERIAL:0.4877446368268232
CE_KINGSAFETY:0.5
C_PIECESQUARETABLES:0.5
C_MOBILITY:0.4906402528988951
C_KINGSAFETY:0.498714388742489
C_PAWNSTRUCTURE:0.5
C_PIECECOORDINATION:0.5105400728168547
C_ROOKANDPAWNMOVEMENT:0.5105400728168547
C_CENTERCONTROL:0.5
C_DEVELOPPIECES:0.5
C_MATERIAL:0.5
C_MOVECOUNT:0.5
