ELO:985
CE_PASSEDPAWNS:0.5053632402947088
CE_PAWNWEAKNESSES:0.4980560127361948
CE_PIECEACTIVITY:0.49432936716243014
CE_KINGPAWNSHIELD:0.5137142225838583
CE_PIECECOORDINATION:0.5
CE_MATERIAL:0.4809864405346987
CE_KINGSAFETY:0.5
C_PIECESQUARETABLES:0.5086677123857303
C_MOBILITY:0.5027343471110791
C_KINGSAFETY:0.4941341258922866
C_PAWNSTRUCTURE:0.5297237907808298
C_PIECECOORDINATION:0.496601722140533
C_ROOKANDPAWNMOVEMENT:0.496601722140533
C_CENTERCONTROL:0.49323733558487515
C_DEVELOPPIECES:0.49609884236789054
C_MATERIAL:0.4909908430848696
C_MOVECOUNT:0.5017637530313265
