ELO:954
CE_PASSEDPAWNS:0.5220176498058571
CE_PAWNWEAKNESSES:0.4513689110938915
CE_PIECEACTIVITY:0.5735024352900195
CE_KINGPAWNSHIELD:0.4372027964579381
CE_PIECECOORDINATION:0.45359297428273665
CE_MATERIAL:0.6000927567014964
CE_KINGSAFETY:0.507156986315048
C_PIECESQUARETABLES:0.48020410340081654
C_MOBILITY:0.40919112976266375
C_KINGSAFETY:0.49643995842556776
C_PAWNSTRUCTURE:0.49391833827181275
C_PIECECOORDINATION:0.46373595351620284
C_ROOKANDPAWNMOVEMENT:0.46373595351620284
C_CENTERCONTROL:0.46936484018845254
C_DEVELOPPIECES:0.4487820582491412
C_MATERIAL:0.5091912689801276
