ELO:934
CE_PASSEDPAWNS:0.5295816447305163
CE_PAWNWEAKNESSES:0.4650824229067244
CE_PIECEACTIVITY:0.5353416078456353
CE_KINGPAWNSHIELD:0.5472352441970176
CE_PIECECOORDINATION:0.4972303373617061
CE_MATERIAL:0.4727280052573345
CE_KINGSAFETY:0.48100332570824306
C_PIECESQUARETABLES:0.5265052121985985
C_MOBILITY:0.5083496860089867
C_KINGSAFETY:0.46366519769025294
C_PAWNSTRUCTURE:0.505429878424663
C_PIECECOORDINATION:0.49465876777564977
C_ROOKANDPAWNMOVEMENT:0.49465876777564977
C_CENTERCONTROL:0.5112908332173689
C_DEVELOPPIECES:0.5288818336822315
C_MATERIAL:0.4645473570206604
