ELO:1000
CE_PASSEDPAWNS:0.5163958756345727
CE_PAWNWEAKNESSES:0.4973320058149397
CE_PIECEACTIVITY:0.5177036203009296
CE_KINGPAWNSHIELD:0.48674932719208314
CE_PIECECOORDINATION:0.5031195761868491
CE_MATERIAL:0.48758561808877326
CE_KINGSAFETY:0.4893543592092919
C_PIECESQUARETABLES:0.5094418998640491
C_MOBILITY:0.48721576438160114
C_KINGSAFETY:0.5171877450543446
C_PAWNSTRUCTURE:0.49460781335042736
C_PIECECOORDINATION:0.4795335060376513
C_ROOKANDPAWNMOVEMENT:0.4795335060376513
C_CENTERCONTROL:0.4997311470405651
C_DEVELOPPIECES:0.4966877769597025
C_MATERIAL:0.5036761823698065
C_MOVECOUNT:0.4916395445687816
