ELO:914
CE_PASSEDPAWNS:0.509524840703416
CE_PAWNWEAKNESSES:0.5015030824928032
CE_PIECEACTIVITY:0.5337452450205238
CE_KINGPAWNSHIELD:0.48210011462654134
CE_PIECECOORDINATION:0.601428418156394
CE_MATERIAL:0.4732593625123071
CE_KINGSAFETY:0.5108732197832747
C_PIECESQUARETABLES:0.5187851897607101
C_MOBILITY:0.4833068293664826
C_KINGSAFETY:0.5414232107256383
C_PAWNSTRUCTURE:0.47982228406947236
C_PIECECOORDINATION:0.5103419850066647
C_ROOKANDPAWNMOVEMENT:0.5103419850066647
C_CENTERCONTROL:0.5653468293727824
C_DEVELOPPIECES:0.4342451017955229
C_MATERIAL:0.48325893541668136
C_MOVECOUNT:0.5
