ELO:1000
CE_PASSEDPAWNS:0.5228381710217237
CE_PAWNWEAKNESSES:0.4882845566548747
CE_PIECEACTIVITY:0.5263740766162465
CE_KINGPAWNSHIELD:0.48389550266414005
CE_PIECECOORDINATION:0.4782718474973637
CE_MATERIAL:0.5041433447032146
CE_KINGSAFETY:0.453112429444949
C_PIECESQUARETABLES:0.474244975203495
C_MOBILITY:0.4354744413680405
C_KINGSAFETY:0.5248388296206041
C_PAWNSTRUCTURE:0.5162359772549624
C_PIECECOORDINATION:0.5005429870740886
C_ROOKANDPAWNMOVEMENT:0.5005429870740886
C_CENTERCONTROL:0.466910189516086
C_DEVELOPPIECES:0.45980641537546396
C_MATERIAL:0.5186651166504872
