ELO:986
CE_PASSEDPAWNS:0.5741001953474261
CE_PAWNWEAKNESSES:0.4924707296894915
CE_PIECEACTIVITY:0.4776648570430185
CE_KINGPAWNSHIELD:0.48070361688273094
CE_PIECECOORDINATION:0.5021719367148463
CE_MATERIAL:0.45113464429605066
CE_KINGSAFETY:0.5237623351937732
C_PIECESQUARETABLES:0.4797558130423624
C_MOBILITY:0.438091911336146
C_KINGSAFETY:0.48995893068032237
C_PAWNSTRUCTURE:0.40991568184308524
C_PIECECOORDINATION:0.5187613975186167
C_ROOKANDPAWNMOVEMENT:0.5187613975186167
C_CENTERCONTROL:0.5009803937335179
C_DEVELOPPIECES:0.5689657791298877
C_MATERIAL:0.43906101418279936
