ELO:999
CE_PASSEDPAWNS:0.502399410784576
CE_PAWNWEAKNESSES:0.49871301551476693
CE_PIECEACTIVITY:0.5002008880918567
CE_KINGPAWNSHIELD:0.49663245604493456
CE_PIECECOORDINATION:0.5
CE_MATERIAL:0.4989939000471519
CE_KINGSAFETY:0.5
C_PIECESQUARETABLES:0.5124199758167488
C_MOBILITY:0.4981520789226232
C_KINGSAFETY:0.49971937741696365
C_PAWNSTRUCTURE:0.49202289195237164
C_PIECECOORDINATION:0.5078476932659813
C_ROOK:0.5
CE_ROOK:0.502550251981418
C_CENTERCONTROL:0.5055320522830962
C_DEVELOPPIECES:0.4961452687840419
C_MATERIAL:0.5
C_MOVECOUNT:0.512518093398365
C_PAWNMOVEMENT:0.5066463254037898
