ELO:1028
CE_PASSEDPAWNS:0.5034507561763385
CE_PAWNWEAKNESSES:0.5
CE_PIECEACTIVITY:0.5313075154750717
CE_KINGPAWNSHIELD:0.4904458852724681
CE_PIECECOORDINATION:0.5067730976131555
CE_MATERIAL:0.4872736127080947
CE_KINGSAFETY:0.5
C_PIECESQUARETABLES:0.5
C_MOBILITY:0.5
C_KINGSAFETY:0.48751029456479994
C_PAWNSTRUCTURE:0.5140388997786214
C_PIECECOORDINATION:0.5192475074753288
C_ROOK:0.4958619021682919
CE_ROOK:0.5
C_CENTERCONTROL:0.5044795965366173
C_DEVELOPPIECES:0.4980236793900829
C_MATERIAL:0.4856094113441688
C_MOVECOUNT:0.5008972420924181
C_PAWNMOVEMENT:0.5111201784368744
