ELO:1000
CE_PASSEDPAWNS:0.489551238692052
CE_PAWNWEAKNESSES:0.48863959484463126
CE_PIECEACTIVITY:0.497111759815284
CE_KINGPAWNSHIELD:0.5078046957842601
CE_PIECECOORDINATION:0.5
CE_MATERIAL:0.5
CE_KINGSAFETY:0.4857119115854296
C_PIECESQUARETABLES:0.5010229243953073
C_MOBILITY:0.5
C_KINGSAFETY:0.5
C_PAWNSTRUCTURE:0.5
C_PIECECOORDINATION:0.497094273278944
C_ROOKANDPAWNMOVEMENT:0.497094273278944
C_CENTERCONTROL:0.5
C_DEVELOPPIECES:0.5098786382581797
C_MATERIAL:0.5
