ELO:998
CE_PASSEDPAWNS:0.47894124147840733
CE_PAWNWEAKNESSES:0.4706228323382632
CE_PIECEACTIVITY:0.5039352631526479
CE_KINGPAWNSHIELD:0.48563647973871416
CE_PIECECOORDINATION:0.49900171026368506
CE_MATERIAL:0.4922991408277367
CE_KINGSAFETY:0.5
C_PIECESQUARETABLES:0.5032498834784127
C_MOBILITY:0.5
C_KINGSAFETY:0.49167467003808285
C_PAWNSTRUCTURE:0.5
C_PIECECOORDINATION:0.50123116350036
C_ROOKANDPAWNMOVEMENT:0.50123116350036
C_CENTERCONTROL:0.5789846709498047
C_DEVELOPPIECES:0.5286005102949245
C_MATERIAL:0.4874472666220345
C_MOVECOUNT:0.48554574863008865
