ELO:964
CE_PASSEDPAWNS:0.5104797363766247
CE_PAWNWEAKNESSES:0.45705719037730214
CE_PIECEACTIVITY:0.580767944041768
CE_KINGPAWNSHIELD:0.44244424324393045
CE_PIECECOORDINATION:0.46662196647471627
CE_MATERIAL:0.5727401478382749
CE_KINGSAFETY:0.521480918176289
C_PIECESQUARETABLES:0.49050297540836246
C_MOBILITY:0.41086630501153004
C_KINGSAFETY:0.517330484195123
C_PAWNSTRUCTURE:0.509646800145226
C_PIECECOORDINATION:0.4472934614320974
C_ROOKANDPAWNMOVEMENT:0.4472934614320974
C_CENTERCONTROL:0.45982577284470577
C_DEVELOPPIECES:0.4577974978120896
C_MATERIAL:0.5128820483532557
