ELO:988
CE_PASSEDPAWNS:0.5207645578985699
CE_PAWNWEAKNESSES:0.5149921719737238
CE_PIECEACTIVITY:0.5134009591831541
CE_KINGPAWNSHIELD:0.47867732105166005
CE_PIECECOORDINATION:0.4396573289857904
CE_MATERIAL:0.5622684388242613
CE_KINGSAFETY:0.5310835112639916
C_PIECESQUARETABLES:0.5065484216347094
C_MOBILITY:0.501478397709345
C_KINGSAFETY:0.5594239720260957
C_PAWNSTRUCTURE:0.46054427260367564
C_PIECECOORDINATION:0.5350567576815112
C_ROOKANDPAWNMOVEMENT:0.5350567576815112
C_CENTERCONTROL:0.3976101602692124
C_DEVELOPPIECES:0.48927689419822296
C_MATERIAL:0.5859692747107864
