ELO:1000
CE_PASSEDPAWNS:0.5250075674568604
CE_PAWNWEAKNESSES:0.4534843079645281
CE_PIECEACTIVITY:0.45296576285265827
CE_KINGPAWNSHIELD:0.4806255181190469
CE_PIECECOORDINATION:0.462501514549028
CE_MATERIAL:0.49647203133099416
CE_KINGSAFETY:0.4187592209125504
C_PIECESQUARETABLES:0.5229876368835238
C_MOBILITY:0.48613769520832645
C_KINGSAFETY:0.5443692584697926
C_PAWNSTRUCTURE:0.4639858686679517
C_PIECECOORDINATION:0.5188842653884366
C_ROOKANDPAWNMOVEMENT:0.5188842653884366
C_CENTERCONTROL:0.48081162377661646
C_DEVELOPPIECES:0.4739423227793814
C_MATERIAL:0.4909088331310978
