ELO:961
CE_PASSEDPAWNS:0.5218839153955026
CE_PAWNWEAKNESSES:0.45274334247507286
CE_PIECEACTIVITY:0.5555879803360212
CE_KINGPAWNSHIELD:0.5534998999775719
CE_PIECECOORDINATION:0.48434267856390445
CE_MATERIAL:0.6113069529268369
CE_KINGSAFETY:0.4844314013529578
C_PIECESQUARETABLES:0.5052855606039169
C_MOBILITY:0.516035670981015
C_KINGSAFETY:0.3974036321284536
C_PAWNSTRUCTURE:0.5141776951559855
C_PIECECOORDINATION:0.4638383561569401
C_ROOKANDPAWNMOVEMENT:0.4638383561569401
C_CENTERCONTROL:0.4958563433642364
C_DEVELOPPIECES:0.48398347066251246
C_MATERIAL:0.44028650555705473
