ELO:893
CE_PASSEDPAWNS:0.5233581523441719
CE_PAWNWEAKNESSES:0.40671579254553963
CE_PIECEACTIVITY:0.46186259743833197
CE_KINGPAWNSHIELD:0.5301618323313716
CE_PIECECOORDINATION:0.4136539938054795
CE_MATERIAL:0.5460740843080479
CE_KINGSAFETY:0.49714002625538367
C_PIECESQUARETABLES:0.5003136878185233
C_MOBILITY:0.5129428625353583
C_KINGSAFETY:0.4812650915450026
C_PAWNSTRUCTURE:0.5020756162794099
C_PIECECOORDINATION:0.5241546512181129
C_ROOKANDPAWNMOVEMENT:0.5241546512181129
C_CENTERCONTROL:0.6426507238434025
C_DEVELOPPIECES:0.5434470308693847
C_MATERIAL:0.40449338508428595
