ELO:1025
CE_PASSEDPAWNS:0.49611611622759694
CE_PAWNWEAKNESSES:0.5144507946161737
CE_PIECEACTIVITY:0.46643840863768105
CE_KINGPAWNSHIELD:0.533295485400191
CE_PIECECOORDINATION:0.5114838229020137
CE_MATERIAL:0.49434134690751447
CE_KINGSAFETY:0.49728285071441936
C_PIECESQUARETABLES:0.48593781932740404
C_MOBILITY:0.5027895105486977
C_KINGSAFETY:0.48367132407162133
C_PAWNSTRUCTURE:0.512463646202381
C_PIECECOORDINATION:0.5179891344063673
C_ROOK:0.49542490709654047
CE_ROOK:0.5017195314651113
C_CENTERCONTROL:0.5073653899107631
C_DEVELOPPIECES:0.49436532366477515
C_MATERIAL:0.4733690730580908
C_MOVECOUNT:0.49330023538550366
C_PAWNMOVEMENT:0.5180565328160587
