ELO:927
CE_PASSEDPAWNS:0.5328987533940036
CE_PAWNWEAKNESSES:0.565548150761985
CE_PIECEACTIVITY:0.4167516972983441
CE_KINGPAWNSHIELD:0.3612117072222761
CE_PIECECOORDINATION:0.41047606295545924
CE_MATERIAL:0.4258815777613012
CE_KINGSAFETY:0.5657427544431078
C_PIECESQUARETABLES:0.5206567681024218
C_MOBILITY:0.5209393458923731
C_KINGSAFETY:0.45100926041493467
C_PAWNSTRUCTURE:0.4857607492207129
C_PIECECOORDINATION:0.502407253834846
C_ROOKANDPAWNMOVEMENT:0.502407253834846
C_CENTERCONTROL:0.5610039127295329
C_DEVELOPPIECES:0.464703650728613
C_MATERIAL:0.5974925125525006
