ELO:1000
CE_PASSEDPAWNS:0.5423254209864005
CE_PAWNWEAKNESSES:0.463590989328785
CE_PIECEACTIVITY:0.44965460057542156
CE_KINGPAWNSHIELD:0.4610330362165351
CE_PIECECOORDINATION:0.46714414211297767
CE_MATERIAL:0.5073403005334028
CE_KINGSAFETY:0.4136162893045529
C_PIECESQUARETABLES:0.5212813020003827
C_MOBILITY:0.48146103522205913
C_KINGSAFETY:0.5505526262855668
C_PAWNSTRUCTURE:0.45988731989332887
C_PIECECOORDINATION:0.5087541862255195
C_ROOKANDPAWNMOVEMENT:0.5087541862255195
C_CENTERCONTROL:0.4727767772529655
C_DEVELOPPIECES:0.46938877180167027
C_MATERIAL:0.4831302068235217
