ELO:913
CE_PASSEDPAWNS:0.5
CE_PAWNWEAKNESSES:0.47501446745210674
CE_PIECEACTIVITY:0.47366407861367515
CE_KINGPAWNSHIELD:0.4931279155900227
CE_PIECECOORDINATION:0.5074020678914054
CE_MATERIAL:0.4998328650420772
CE_KINGSAFETY:0.5
C_PIECESQUARETABLES:0.5
C_MOBILITY:0.5002540796803222
C_KINGSAFETY:0.5033984215735082
C_PAWNSTRUCTURE:0.5058248676354691
C_PIECECOORDINATION:0.5497674659598325
C_ROOKANDPAWNMOVEMENT:0.5497674659598325
C_CENTERCONTROL:0.585971940805763
C_DEVELOPPIECES:0.5367155461120003
C_MATERIAL:0.40007355038441167
C_MOVECOUNT:0.5
