ELO:1015
CE_PASSEDPAWNS:0.5105531546805911
CE_PAWNWEAKNESSES:0.47342737610342533
CE_PIECEACTIVITY:0.49102237647856933
CE_KINGPAWNSHIELD:0.4779380244646073
CE_PIECECOORDINATION:0.5079671768032734
CE_MATERIAL:0.5197297510946643
CE_KINGSAFETY:0.5
C_PIECESQUARETABLES:0.5
C_MOBILITY:0.49090097614238587
C_KINGSAFETY:0.48071666629756693
C_PAWNSTRUCTURE:0.5173225149350639
C_PIECECOORDINATION:0.5141466080046859
C_ROOK:0.5512840783864547
CE_ROOK:0.49384438345778076
C_CENTERCONTROL:0.47718402223949724
C_DEVELOPPIECES:0.5228130600638412
C_MATERIAL:0.47499379029566563
C_MOVECOUNT:0.482048177781621
C_PAWNMOVEMENT:0.5076373988419511
