ELO:1052
CE_PASSEDPAWNS:0.5380702369356082
CE_PAWNWEAKNESSES:0.5195716976273007
CE_PIECEACTIVITY:0.5235231028364252
CE_KINGPAWNSHIELD:0.5
CE_PIECECOORDINATION:0.5051767071925631
CE_MATERIAL:0.5045228684273555
CE_KINGSAFETY:0.5
C_PIECESQUARETABLES:0.5
C_MOBILITY:0.49790740899273217
C_KINGSAFETY:0.497067400002532
C_PAWNSTRUCTURE:0.5011184076901242
C_PIECECOORDINATION:0.5101602699484833
C_ROOK:0.4958619021682919
CE_ROOK:0.49339661021007886
C_CENTERCONTROL:0.514686348894898
C_DEVELOPPIECES:0.47944667082985915
C_MATERIAL:0.5
C_MOVECOUNT:0.5008972420924181
C_PAWNMOVEMENT:0.530027731652139
