ELO:955
CE_PASSEDPAWNS:0.5122125791880521
CE_PAWNWEAKNESSES:0.464004923825455
CE_PIECEACTIVITY:0.5531772895865626
CE_KINGPAWNSHIELD:0.5069746638285598
CE_PIECECOORDINATION:0.5143368032886728
CE_MATERIAL:0.5479679555772208
CE_KINGSAFETY:0.501801670678706
C_PIECESQUARETABLES:0.5315603518792299
C_MOBILITY:0.5531196253887474
C_KINGSAFETY:0.4401685077537134
C_PAWNSTRUCTURE:0.515549577219648
C_PIECECOORDINATION:0.48098311029520513
C_ROOKANDPAWNMOVEMENT:0.48098311029520513
C_CENTERCONTROL:0.5128916984289411
C_DEVELOPPIECES:0.5122986755538778
C_MATERIAL:0.43932262599095284
