ELO:1000
CE_PASSEDPAWNS:0.4879467007810659
CE_PAWNWEAKNESSES:0.48830395022738854
CE_PIECEACTIVITY:0.48383746331189326
CE_KINGPAWNSHIELD:0.49181480150895623
CE_PIECECOORDINATION:0.48867087072020116
CE_MATERIAL:0.5477038695802084
CE_KINGSAFETY:0.46834694065847765
C_PIECESQUARETABLES:0.47985232966858266
C_MOBILITY:0.5040528010109615
C_KINGSAFETY:0.4475606389252531
C_PAWNSTRUCTURE:0.4952298123152061
C_PIECECOORDINATION:0.5211781049025861
C_ROOKANDPAWNMOVEMENT:0.5211781049025861
C_CENTERCONTROL:0.4726263650518783
C_DEVELOPPIECES:0.46977820118310065
C_MATERIAL:0.49136602021563747
