ELO:1047
CE_PASSEDPAWNS:0.4948357643847652
CE_PAWNWEAKNESSES:0.530985393901956
CE_PIECEACTIVITY:0.5180690068294841
CE_KINGPAWNSHIELD:0.48152885942246226
CE_PIECECOORDINATION:0.5238094004842603
CE_MATERIAL:0.5207631169085377
CE_KINGSAFETY:0.5
C_PIECESQUARETABLES:0.5
C_MOBILITY:0.5132001157821605
C_KINGSAFETY:0.4980573762221772
C_PAWNSTRUCTURE:0.5024571490482777
C_PIECECOORDINATION:0.5025087255872847
C_ROOK:0.5003972453986638
CE_ROOK:0.48766999446357734
C_CENTERCONTROL:0.5016333940623856
C_DEVELOPPIECES:0.48131052813926906
C_MATERIAL:0.4934285011817089
C_MOVECOUNT:0.5008972420924181
C_PAWNMOVEMENT:0.48514905918960954
