ELO:871
CE_PASSEDPAWNS:0.47651396325014345
CE_PAWNWEAKNESSES:0.4874526397458689
CE_PIECEACTIVITY:0.44580698343732733
CE_KINGPAWNSHIELD:0.5478360646119085
CE_PIECECOORDINATION:0.5111787982107966
CE_MATERIAL:0.5168828231938156
CE_KINGSAFETY:0.5012657091478078
C_PIECESQUARETABLES:0.4856391265758171
C_MOBILITY:0.39450458329171945
C_KINGSAFETY:0.5022855779424196
C_PAWNSTRUCTURE:0.5023884745077348
C_PIECECOORDINATION:0.4769933904519065
C_ROOKANDPAWNMOVEMENT:0.4769933904519065
C_CENTERCONTROL:0.484535603062438
C_DEVELOPPIECES:0.5102066917295911
C_MATERIAL:0.4370826774965342
C_MOVECOUNT:0.5
