ELO:1000
CE_PASSEDPAWNS:0.5454751116215951
CE_PAWNWEAKNESSES:0.5086776665489987
CE_PIECEACTIVITY:0.5306826042394746
CE_KINGPAWNSHIELD:0.4698713819620368
CE_PIECECOORDINATION:0.4611104678790157
CE_MATERIAL:0.5195298510409365
CE_KINGSAFETY:0.4992552913537883
C_PIECESQUARETABLES:0.5
C_MOBILITY:0.43821499368988603
C_KINGSAFETY:0.5040980633486646
C_PAWNSTRUCTURE:0.5187745456068513
C_PIECECOORDINATION:0.4762356323850904
C_ROOKANDPAWNMOVEMENT:0.4762356323850904
C_CENTERCONTROL:0.4666676759149
C_DEVELOPPIECES:0.4575861745463321
C_MATERIAL:0.5364466115034199
