ELO:1042
CE_PASSEDPAWNS:0.5
CE_PAWNWEAKNESSES:0.5190786401086771
CE_PIECEACTIVITY:0.4792949854638589
CE_KINGPAWNSHIELD:0.5093482941268347
CE_PIECECOORDINATION:0.4990128937947933
CE_MATERIAL:0.5018430744885616
CE_KINGSAFETY:0.5
C_PIECESQUARETABLES:0.5
C_MOBILITY:0.45854612262387817
C_KINGSAFETY:0.5065945915617065
C_PAWNSTRUCTURE:0.511669103685065
C_PIECECOORDINATION:0.5187121361950087
C_ROOK:0.4958619021682919
CE_ROOK:0.5236833020158534
C_CENTERCONTROL:0.5302842375222394
C_DEVELOPPIECES:0.503790404228409
C_MATERIAL:0.5168200496197201
C_MOVECOUNT:0.49683841815212487
C_PAWNMOVEMENT:0.4590675100239037
