ELO:949
CE_PASSEDPAWNS:0.5675798620458958
CE_PAWNWEAKNESSES:0.4949421597632677
CE_PIECEACTIVITY:0.4544994426199489
CE_KINGPAWNSHIELD:0.49706794818332795
CE_PIECECOORDINATION:0.4991833400206621
CE_MATERIAL:0.46733268873773104
CE_KINGSAFETY:0.48345108537883447
C_PIECESQUARETABLES:0.5077827922282216
C_MOBILITY:0.47431681702124384
C_KINGSAFETY:0.463902873356025
C_PAWNSTRUCTURE:0.3803909027883612
C_PIECECOORDINATION:0.5073747197363114
C_ROOKANDPAWNMOVEMENT:0.5073747197363114
C_CENTERCONTROL:0.49770234712272604
C_DEVELOPPIECES:0.563396900154775
C_MATERIAL:0.46864696204394374
