ELO:988
CE_PASSEDPAWNS:0.5207645578985699
CE_PAWNWEAKNESSES:0.5071098441623868
CE_PIECEACTIVITY:0.4961964886254282
CE_KINGPAWNSHIELD:0.47867732105166005
CE_PIECECOORDINATION:0.4525409594023292
CE_MATERIAL:0.5653827236492338
CE_KINGSAFETY:0.4733908888301192
C_PIECESQUARETABLES:0.5050599461899052
C_MOBILITY:0.48606722999596663
C_KINGSAFETY:0.5594239720260957
C_PAWNSTRUCTURE:0.4843087786390154
C_PIECECOORDINATION:0.5225886905235501
C_ROOKANDPAWNMOVEMENT:0.5225886905235501
C_CENTERCONTROL:0.3531356009570435
C_DEVELOPPIECES:0.48463106472835726
C_MATERIAL:0.5913049179081826
