ELO:1025
CE_PASSEDPAWNS:0.5270003856948134
CE_PAWNWEAKNESSES:0.5
CE_PIECEACTIVITY:0.5241675687754141
CE_KINGPAWNSHIELD:0.5106778068944751
CE_PIECECOORDINATION:0.5252347465999906
CE_MATERIAL:0.5077212810683485
CE_KINGSAFETY:0.5
C_PIECESQUARETABLES:0.5
C_MOBILITY:0.5446054300523895
C_KINGSAFETY:0.5134337776982162
C_PAWNSTRUCTURE:0.5173225149350639
C_PIECECOORDINATION:0.5201013249471514
C_ROOK:0.482050619793673
CE_ROOK:0.5187595083225387
C_CENTERCONTROL:0.4745793793368343
C_DEVELOPPIECES:0.4672520002949432
C_MATERIAL:0.5080029093786893
C_MOVECOUNT:0.5174252478471064
C_PAWNMOVEMENT:0.4953020681581354
