ELO:1014
CE_PASSEDPAWNS:0.5163565444381443
CE_PAWNWEAKNESSES:0.48569496198713685
CE_PIECEACTIVITY:0.4735029863248786
CE_KINGPAWNSHIELD:0.5117731163288274
CE_PIECECOORDINATION:0.4708527290407438
CE_MATERIAL:0.532737070503067
CE_KINGSAFETY:0.5
C_PIECESQUARETABLES:0.5
C_MOBILITY:0.4857340728633006
C_KINGSAFETY:0.487631230140842
C_PAWNSTRUCTURE:0.5173225149350639
C_PIECECOORDINATION:0.5116052650428095
C_ROOK:0.49398444940472735
CE_ROOK:0.4967430384803549
C_CENTERCONTROL:0.502279832947676
C_DEVELOPPIECES:0.4546247288975435
C_MATERIAL:0.49750254003842176
C_MOVECOUNT:0.5140296520990059
C_PAWNMOVEMENT:0.4893031928967887
