ELO:938
CE_PASSEDPAWNS:0.5383013859393202
CE_PAWNWEAKNESSES:0.47947539360644786
CE_PIECEACTIVITY:0.5138556072246661
CE_KINGPAWNSHIELD:0.5531937351760857
CE_PIECECOORDINATION:0.42012131712619977
CE_MATERIAL:0.6043170570334049
CE_KINGSAFETY:0.4891699562715489
C_PIECESQUARETABLES:0.4872886381368906
C_MOBILITY:0.5601597930154383
C_KINGSAFETY:0.4139288208276156
C_PAWNSTRUCTURE:0.5914864279531229
C_PIECECOORDINATION:0.45530637037488075
C_ROOKANDPAWNMOVEMENT:0.45530637037488075
C_CENTERCONTROL:0.5194960369777335
C_DEVELOPPIECES:0.49301865667076755
C_MATERIAL:0.40415099232606855
