ELO:962
CE_PASSEDPAWNS:0.49950284097310726
CE_PAWNWEAKNESSES:0.46156528064802194
CE_PIECEACTIVITY:0.5740068281849956
CE_KINGPAWNSHIELD:0.4330123789818128
CE_PIECECOORDINATION:0.4575768714139197
CE_MATERIAL:0.5853220272099101
CE_KINGSAFETY:0.5143902322593812
C_PIECESQUARETABLES:0.46053140687073857
C_MOBILITY:0.40385651218543567
C_KINGSAFETY:0.5192718313742954
C_PAWNSTRUCTURE:0.5069437706862043
C_PIECECOORDINATION:0.46373595351620284
C_ROOKANDPAWNMOVEMENT:0.46373595351620284
C_CENTERCONTROL:0.46516259773747615
C_DEVELOPPIECES:0.46571001777736415
C_MATERIAL:0.5091912689801276
