ELO:975
CE_PASSEDPAWNS:0.49085561231870983
CE_PAWNWEAKNESSES:0.4907150581093388
CE_PIECEACTIVITY:0.5177036203009296
CE_KINGPAWNSHIELD:0.5003785253173083
CE_PIECECOORDINATION:0.5
CE_MATERIAL:0.4944456806128774
CE_KINGSAFETY:0.5013004429531812
C_PIECESQUARETABLES:0.4896196454353977
C_MOBILITY:0.5027343471110791
C_KINGSAFETY:0.4997093285044995
C_PAWNSTRUCTURE:0.5172809373400149
C_PIECECOORDINATION:0.4756497010196339
C_ROOKANDPAWNMOVEMENT:0.4756497010196339
C_CENTERCONTROL:0.48739609796431727
C_DEVELOPPIECES:0.5094900944707136
C_MATERIAL:0.4875813373395331
C_MOVECOUNT:0.5163606461264802
