ELO:986
CE_PASSEDPAWNS:0.5062765253461998
CE_PAWNWEAKNESSES:0.4798908454028968
CE_PIECEACTIVITY:0.5027660803964892
CE_KINGPAWNSHIELD:0.5057803406666409
CE_PIECECOORDINATION:0.5004019244074797
CE_MATERIAL:0.5290594728963122
CE_KINGSAFETY:0.5032093407051689
C_PIECESQUARETABLES:0.532630686246108
C_MOBILITY:0.520314872981615
C_KINGSAFETY:0.43331697833190164
C_PAWNSTRUCTURE:0.5063717969875748
C_PIECECOORDINATION:0.47470818104946544
C_ROOKANDPAWNMOVEMENT:0.47470818104946544
C_CENTERCONTROL:0.49920616870893153
C_DEVELOPPIECES:0.48160630112045083
C_MATERIAL:0.4453363724985659
