ELO:1006
CE_PASSEDPAWNS:0.497310492816612
CE_PAWNWEAKNESSES:0.4805899322039563
CE_PIECEACTIVITY:0.4761278235496638
CE_KINGPAWNSHIELD:0.4977211837868078
CE_PIECECOORDINATION:0.5006834705439638
CE_MATERIAL:0.5304563083836537
CE_KINGSAFETY:0.49563972648004107
C_PIECESQUARETABLES:0.5
C_MOBILITY:0.5100410276725564
C_KINGSAFETY:0.4512956663430254
C_PAWNSTRUCTURE:0.4837549836593493
C_PIECECOORDINATION:0.5172607875173454
C_ROOKANDPAWNMOVEMENT:0.5172607875173454
C_CENTERCONTROL:0.4851866416126871
C_DEVELOPPIECES:0.4522646727928635
C_MATERIAL:0.48847505438069705
