ELO:1018
CE_PASSEDPAWNS:0.5
CE_PAWNWEAKNESSES:0.4995970188208967
CE_PIECEACTIVITY:0.5013960713889211
CE_KINGPAWNSHIELD:0.5
CE_PIECECOORDINATION:0.4898931753301701
CE_MATERIAL:0.5007108232927154
CE_KINGSAFETY:0.4876168118698511
C_PIECESQUARETABLES:0.5
C_MOBILITY:0.5
C_KINGSAFETY:0.5
C_PAWNSTRUCTURE:0.5
C_PIECECOORDINATION:0.5
C_ROOKANDPAWNMOVEMENT:0.5
C_CENTERCONTROL:0.5
C_DEVELOPPIECES:0.5039244006169113
C_MATERIAL:0.5063009357180228
C_MOVECOUNT:0.5
