ELO:927
CE_PASSEDPAWNS:0.4922891650266992
CE_PAWNWEAKNESSES:0.44536979388917686
CE_PIECEACTIVITY:0.5278160724082656
CE_KINGPAWNSHIELD:0.5393552534475038
CE_PIECECOORDINATION:0.5081361186029459
CE_MATERIAL:0.559251147368311
CE_KINGSAFETY:0.5
C_PIECESQUARETABLES:0.5
C_MOBILITY:0.5331486880498988
C_KINGSAFETY:0.39142055409135046
C_PAWNSTRUCTURE:0.5160721651872523
C_PIECECOORDINATION:0.46752053126521537
C_ROOKANDPAWNMOVEMENT:0.46752053126521537
C_CENTERCONTROL:0.4999447608416924
C_DEVELOPPIECES:0.4906800024899147
C_MATERIAL:0.42783659348717146
