ELO:909
CE_PASSEDPAWNS:0.5484359903468601
CE_PAWNWEAKNESSES:0.46506078269780743
CE_PIECEACTIVITY:0.49260009532750393
CE_KINGPAWNSHIELD:0.3998998926334738
CE_PIECECOORDINATION:0.44778791770975457
CE_MATERIAL:0.6028272155853148
CE_KINGSAFETY:0.5198144882200431
C_PIECESQUARETABLES:0.5133621489349283
C_MOBILITY:0.40470043834766534
C_KINGSAFETY:0.49417469788844065
C_PAWNSTRUCTURE:0.41450121472347384
C_PIECECOORDINATION:0.422969083507483
C_ROOKANDPAWNMOVEMENT:0.422969083507483
C_CENTERCONTROL:0.5061119886038843
C_DEVELOPPIECES:0.47327274849085216
C_MATERIAL:0.5645167414907292
