ELO:1006
CE_PASSEDPAWNS:0.5059324519844485
CE_PAWNWEAKNESSES:0.4953699140999791
CE_PIECEACTIVITY:0.4941366869731689
CE_KINGPAWNSHIELD:0.5210978963594074
CE_PIECECOORDINATION:0.4979731936440598
CE_MATERIAL:0.5325649616322391
CE_KINGSAFETY:0.46946520155487287
C_PIECESQUARETABLES:0.5226063053414984
C_MOBILITY:0.5183897251877593
C_KINGSAFETY:0.4356364723545536
C_PAWNSTRUCTURE:0.49405096486854816
C_PIECECOORDINATION:0.4846299482111124
C_ROOKANDPAWNMOVEMENT:0.4846299482111124
C_CENTERCONTROL:0.48305072091773665
C_DEVELOPPIECES:0.48160630112045083
C_MATERIAL:0.45241000869070996
