ELO:977
CE_PASSEDPAWNS:0.5015151155400308
CE_PAWNWEAKNESSES:0.5028506931990722
CE_PIECEACTIVITY:0.49669787965971557
CE_KINGPAWNSHIELD:0.5003785253173083
CE_PIECECOORDINATION:0.5
CE_MATERIAL:0.5
CE_KINGSAFETY:0.5
C_PIECESQUARETABLES:0.5
C_MOBILITY:0.49360847893391163
C_KINGSAFETY:0.49159278594171324
C_PAWNSTRUCTURE:0.5259895466727686
C_PIECECOORDINATION:0.4756497010196339
C_ROOKANDPAWNMOVEMENT:0.4756497010196339
C_CENTERCONTROL:0.49751325422739084
C_DEVELOPPIECES:0.49321307893619887
C_MATERIAL:0.5059949868955266
C_MOVECOUNT:0.5163606461264802
