ELO:1031
CE_PASSEDPAWNS:0.49073083062934786
CE_PAWNWEAKNESSES:0.5172163460806584
CE_PIECEACTIVITY:0.5
CE_KINGPAWNSHIELD:0.5
CE_PIECECOORDINATION:0.45993713683808085
CE_MATERIAL:0.4832764272738817
CE_KINGSAFETY:0.5
C_PIECESQUARETABLES:0.5
C_MOBILITY:0.5100506975321502
C_KINGSAFETY:0.4923969495752254
C_PAWNSTRUCTURE:0.494279236837219
C_PIECECOORDINATION:0.5
C_ROOKANDPAWNMOVEMENT:0.5
C_CENTERCONTROL:0.5
C_DEVELOPPIECES:0.5
C_MATERIAL:0.5000214789515055
C_MOVECOUNT:0.5
