ELO:883
CE_PASSEDPAWNS:0.5107511218433127
CE_PAWNWEAKNESSES:0.5158613192378104
CE_PIECEACTIVITY:0.4810669848580711
CE_KINGPAWNSHIELD:0.5441610837435442
CE_PIECECOORDINATION:0.5099765748276712
CE_MATERIAL:0.48761027017794584
CE_KINGSAFETY:0.5012978103215142
C_PIECESQUARETABLES:0.5
C_MOBILITY:0.5355628374118109
C_KINGSAFETY:0.4811009858400555
C_PAWNSTRUCTURE:0.5166174226796598
C_PIECECOORDINATION:0.5213974603394218
C_ROOK:0.5223419293813727
CE_ROOK:0.4373281734987829
C_CENTERCONTROL:0.512925219887661
C_DEVELOPPIECES:0.4416651466858953
C_MATERIAL:0.5095872183325855
C_MOVECOUNT:0.47912398667235334
C_PAWNMOVEMENT:0.5117527015710677
