ELO:1000
CE_PASSEDPAWNS:0.519956306420019
CE_PAWNWEAKNESSES:0.5346446407809432
CE_PIECEACTIVITY:0.5129049982594702
CE_KINGPAWNSHIELD:0.5492349830568098
CE_PIECECOORDINATION:0.4730627034356785
CE_MATERIAL:0.5397484959561646
CE_KINGSAFETY:0.5600997659312471
C_PIECESQUARETABLES:0.5027905315153507
C_MOBILITY:0.5300619591628218
C_KINGSAFETY:0.49817730177111463
C_PAWNSTRUCTURE:0.5009856686467102
C_PIECECOORDINATION:0.4275195745740272
C_ROOKANDPAWNMOVEMENT:0.4275195745740272
C_CENTERCONTROL:0.4917449490043513
C_DEVELOPPIECES:0.4737540970763065
C_MATERIAL:0.543065185826117
