ELO:847
CE_PASSEDPAWNS:0.5176460150370767
CE_PAWNWEAKNESSES:0.5158613192378104
CE_PIECEACTIVITY:0.48338147734935805
CE_KINGPAWNSHIELD:0.5445124433196821
CE_PIECECOORDINATION:0.5099765748276712
CE_MATERIAL:0.493354909138066
CE_KINGSAFETY:0.51160229431573
C_PIECESQUARETABLES:0.5047190639403458
C_MOBILITY:0.5400022500214477
C_KINGSAFETY:0.4784263946701942
C_PAWNSTRUCTURE:0.511066958936511
C_PIECECOORDINATION:0.5217825377254894
C_ROOK:0.5303358142225606
CE_ROOK:0.43825654907921724
C_CENTERCONTROL:0.5008871934421306
C_DEVELOPPIECES:0.4416651466858953
C_MATERIAL:0.4968766883071204
C_MOVECOUNT:0.4754555570196275
C_PAWNMOVEMENT:0.5181890332402528
