ELO:1000
CE_PASSEDPAWNS:0.5140788993158739
CE_PAWNWEAKNESSES:0.4758386086001942
CE_PIECEACTIVITY:0.4795290335384871
CE_KINGPAWNSHIELD:0.47900952257238977
CE_PIECECOORDINATION:0.5127183157942846
CE_MATERIAL:0.48370403115317767
CE_KINGSAFETY:0.4818961230663984
C_PIECESQUARETABLES:0.5060153200875422
C_MOBILITY:0.5228549728983625
C_KINGSAFETY:0.515511440839193
C_PAWNSTRUCTURE:0.47432640209560434
C_PIECECOORDINATION:0.46445835062573715
C_ROOKANDPAWNMOVEMENT:0.46445835062573715
C_CENTERCONTROL:0.4568398002484909
C_DEVELOPPIECES:0.5120840277733427
C_MATERIAL:0.47761824202862496
