ELO:1020
CE_PASSEDPAWNS:0.5
CE_PAWNWEAKNESSES:0.47854752044386023
CE_PIECEACTIVITY:0.5
CE_KINGPAWNSHIELD:0.49254480994617245
CE_PIECECOORDINATION:0.5142637346151177
CE_MATERIAL:0.49467082878274177
CE_KINGSAFETY:0.5029298190220074
C_PIECESQUARETABLES:0.5157823541265528
C_MOBILITY:0.5
C_KINGSAFETY:0.496686732589993
C_PAWNSTRUCTURE:0.5155111785667591
C_PIECECOORDINATION:0.5
C_ROOKANDPAWNMOVEMENT:0.5
C_CENTERCONTROL:0.5061954180958997
C_DEVELOPPIECES:0.4940745656492959
C_MATERIAL:0.5035624052044242
