ELO:1027
CE_PASSEDPAWNS:0.5
CE_PAWNWEAKNESSES:0.5053593302175785
CE_PIECEACTIVITY:0.5
CE_KINGPAWNSHIELD:0.5
CE_PIECECOORDINATION:0.5
CE_MATERIAL:0.5034007179953928
CE_KINGSAFETY:0.5031770243382595
C_PIECESQUARETABLES:0.504447103947898
C_MOBILITY:0.5
C_KINGSAFETY:0.5
C_PAWNSTRUCTURE:0.5
C_PIECECOORDINATION:0.5
C_ROOKANDPAWNMOVEMENT:0.5
C_CENTERCONTROL:0.5
C_DEVELOPPIECES:0.5
C_MATERIAL:0.49243779661776893
