ELO:943
CE_PASSEDPAWNS:0.4972034101029138
CE_PAWNWEAKNESSES:0.5518573803459565
CE_PIECEACTIVITY:0.5397046241272074
CE_KINGPAWNSHIELD:0.4726476489694593
CE_PIECECOORDINATION:0.5921073760399826
CE_MATERIAL:0.532340245886292
CE_KINGSAFETY:0.492716999617741
C_PIECESQUARETABLES:0.49667094870923967
C_MOBILITY:0.5671470384821218
C_KINGSAFETY:0.5691422459753455
C_PAWNSTRUCTURE:0.5084589561627855
C_PIECECOORDINATION:0.4826153486585877
C_ROOKANDPAWNMOVEMENT:0.4826153486585877
C_CENTERCONTROL:0.4368156699783494
C_DEVELOPPIECES:0.4573467664111799
C_MATERIAL:0.4141112464088881
