ELO:929
CE_PASSEDPAWNS:0.5546140057038077
CE_PAWNWEAKNESSES:0.5647826975389751
CE_PIECEACTIVITY:0.4721539355902929
CE_KINGPAWNSHIELD:0.5357429193497827
CE_PIECECOORDINATION:0.43463473584228424
CE_MATERIAL:0.6135977196308279
CE_KINGSAFETY:0.4749181989927228
C_PIECESQUARETABLES:0.5120413267141131
C_MOBILITY:0.5302033582999612
C_KINGSAFETY:0.5377660340505609
C_PAWNSTRUCTURE:0.47728295572726614
C_PIECECOORDINATION:0.42525584289808854
C_ROOKANDPAWNMOVEMENT:0.42525584289808854
C_CENTERCONTROL:0.42145403914773866
C_DEVELOPPIECES:0.5223712130438017
C_MATERIAL:0.5365684000666875
