ELO:991
CE_PASSEDPAWNS:0.5131719996937348
CE_PAWNWEAKNESSES:0.48596883096053656
CE_PIECEACTIVITY:0.4942451485575602
CE_KINGPAWNSHIELD:0.47734569184025083
CE_PIECECOORDINATION:0.5410728583089291
CE_MATERIAL:0.4785003198673047
CE_KINGSAFETY:0.5
C_PIECESQUARETABLES:0.4797636917375184
C_MOBILITY:0.5001917002116572
C_KINGSAFETY:0.473472170784497
C_PAWNSTRUCTURE:0.5
C_PIECECOORDINATION:0.46303720366414663
C_ROOKANDPAWNMOVEMENT:0.46303720366414663
C_CENTERCONTROL:0.5738308201682844
C_DEVELOPPIECES:0.4969113177021927
C_MATERIAL:0.5901812577318702
C_MOVECOUNT:0.5
