ELO:1000
CE_PASSEDPAWNS:0.4988143555986805
CE_PAWNWEAKNESSES:0.4600307862886339
CE_PIECEACTIVITY:0.464882347311066
CE_KINGPAWNSHIELD:0.4861673883788281
CE_PIECECOORDINATION:0.5111716283047084
CE_MATERIAL:0.47651269650030387
CE_KINGSAFETY:0.5
C_PIECESQUARETABLES:0.5
C_MOBILITY:0.5026108677140254
C_KINGSAFETY:0.5070560607050125
C_PAWNSTRUCTURE:0.43725516169082473
C_PIECECOORDINATION:0.4605358261517067
C_ROOKANDPAWNMOVEMENT:0.4605358261517067
C_CENTERCONTROL:0.4582624689253451
C_DEVELOPPIECES:0.5155881895416919
C_MATERIAL:0.4675090814400103
