ELO:1000
CE_PASSEDPAWNS:0.5097533409909581
CE_PAWNWEAKNESSES:0.49898490985343646
CE_PIECEACTIVITY:0.5116669945840217
CE_KINGPAWNSHIELD:0.5
CE_PIECECOORDINATION:0.5
CE_MATERIAL:0.49025060388784786
CE_KINGSAFETY:0.5
C_PIECESQUARETABLES:0.5062328710839183
C_MOBILITY:0.5080645797467919
C_KINGSAFETY:0.5
C_PAWNSTRUCTURE:0.5
C_PIECECOORDINATION:0.501471298487606
C_ROOKANDPAWNMOVEMENT:0.501471298487606
C_CENTERCONTROL:0.5032841578605516
C_DEVELOPPIECES:0.5013399208948867
C_MATERIAL:0.5028274575410165
