ELO:1003
CE_PASSEDPAWNS:0.48627447766482407
CE_PAWNWEAKNESSES:0.5320470792045762
CE_PIECEACTIVITY:0.49560800146166006
CE_KINGPAWNSHIELD:0.4928609641696379
CE_PIECECOORDINATION:0.48163456053027476
CE_MATERIAL:0.5175077011347465
CE_KINGSAFETY:0.5079571314032214
C_PIECESQUARETABLES:0.5
C_MOBILITY:0.5086658460314782
C_KINGSAFETY:0.48405658969589443
C_PAWNSTRUCTURE:0.4992230955574208
C_PIECECOORDINATION:0.48776400421941707
C_ROOKANDPAWNMOVEMENT:0.48776400421941707
C_CENTERCONTROL:0.4746272965496541
C_DEVELOPPIECES:0.49633586620663234
C_MATERIAL:0.5038432278509758
C_MOVECOUNT:0.4912411397474791
