ELO:957
CE_PASSEDPAWNS:0.5085891394127859
CE_PAWNWEAKNESSES:0.5102593769633152
CE_PIECEACTIVITY:0.5021535510357856
CE_KINGPAWNSHIELD:0.5119242736298752
CE_PIECECOORDINATION:0.5226626501332181
CE_MATERIAL:0.499710846434298
CE_KINGSAFETY:0.4970129032058594
C_PIECESQUARETABLES:0.4751310067212669
C_MOBILITY:0.5327837255024038
C_KINGSAFETY:0.49525944127773575
C_PAWNSTRUCTURE:0.5200093962409486
C_PIECECOORDINATION:0.53726239249288
C_ROOK:0.5009466540953939
CE_ROOK:0.4610556822817023
C_CENTERCONTROL:0.4959744464988885
C_DEVELOPPIECES:0.4707941988125395
C_MATERIAL:0.5113535973375095
C_MOVECOUNT:0.47059876284825986
C_PAWNMOVEMENT:0.49087059143425005
