ELO:757
CE_PASSEDPAWNS:0.5190338885790524
CE_PAWNWEAKNESSES:0.49812735413040665
CE_PIECEACTIVITY:0.5506861647713797
CE_KINGPAWNSHIELD:0.5577940054700806
CE_PIECECOORDINATION:0.5098445633353014
CE_MATERIAL:0.5755910890600608
CE_KINGSAFETY:0.4969849695786975
C_PIECESQUARETABLES:0.5144431937456606
C_MOBILITY:0.47912311141977854
C_KINGSAFETY:0.4126586261836552
C_PAWNSTRUCTURE:0.5238023715655918
C_PIECECOORDINATION:0.46167080982933323
C_ROOKANDPAWNMOVEMENT:0.46167080982933323
C_CENTERCONTROL:0.527267593652849
C_DEVELOPPIECES:0.47721068678160844
C_MATERIAL:0.5237199990248925
C_MOVECOUNT:0.5
