ELO:942
CE_PASSEDPAWNS:0.4972034101029138
CE_PAWNWEAKNESSES:0.5442613343418757
CE_PIECEACTIVITY:0.5498292368038111
CE_KINGPAWNSHIELD:0.4726476489694593
CE_PIECECOORDINATION:0.5974527668325441
CE_MATERIAL:0.532340245886292
CE_KINGSAFETY:0.492716999617741
C_PIECESQUARETABLES:0.5048194330632426
C_MOBILITY:0.5732025605672392
C_KINGSAFETY:0.5765971686810616
C_PAWNSTRUCTURE:0.5084589561627855
C_PIECECOORDINATION:0.4826153486585877
C_ROOKANDPAWNMOVEMENT:0.4826153486585877
C_CENTERCONTROL:0.44869883611677697
C_DEVELOPPIECES:0.45383121861580006
C_MATERIAL:0.4245684546272479
