ELO:820
CE_PASSEDPAWNS:0.47895701072383945
CE_PAWNWEAKNESSES:0.4748186703712101
CE_PIECEACTIVITY:0.49797899830547826
CE_KINGPAWNSHIELD:0.4706815896902511
CE_PIECECOORDINATION:0.45874484756238865
CE_MATERIAL:0.49237334174818265
CE_KINGSAFETY:0.47862468254223306
C_PIECESQUARETABLES:0.4928710572807244
C_MOBILITY:0.560038544907435
C_KINGSAFETY:0.5235390239406936
C_PAWNSTRUCTURE:0.5222019016686643
C_PIECECOORDINATION:0.5055246031889274
C_ROOKANDPAWNMOVEMENT:0.5055246031889274
C_CENTERCONTROL:0.46502754332690727
C_DEVELOPPIECES:0.4648499468990984
C_MATERIAL:0.5348922388756263
C_MOVECOUNT:0.5
