ELO:980
CE_PASSEDPAWNS:0.5140887250226875
CE_PAWNWEAKNESSES:0.5
CE_PIECEACTIVITY:0.5032347311229101
CE_KINGPAWNSHIELD:0.4764958123036636
CE_PIECECOORDINATION:0.49009123435054275
CE_MATERIAL:0.522835179129407
CE_KINGSAFETY:0.5
C_PIECESQUARETABLES:0.5
C_MOBILITY:0.5005466652658623
C_KINGSAFETY:0.49285922182354625
C_PAWNSTRUCTURE:0.5300008498069695
C_PIECECOORDINATION:0.4937715725089794
C_ROOKANDPAWNMOVEMENT:0.4937715725089794
C_CENTERCONTROL:0.49138239967840375
C_DEVELOPPIECES:0.4631906646459731
C_MATERIAL:0.5123324995106239
C_MOVECOUNT:0.5099312790474719
