ELO:957
CE_PASSEDPAWNS:0.5126345851339944
CE_PAWNWEAKNESSES:0.5320470792045762
CE_PIECEACTIVITY:0.5178711468556172
CE_KINGPAWNSHIELD:0.538510174933427
CE_PIECECOORDINATION:0.48996737555717434
CE_MATERIAL:0.5156170519194887
CE_KINGSAFETY:0.5
C_PIECESQUARETABLES:0.5
C_MOBILITY:0.5086658460314782
C_KINGSAFETY:0.4907697777423909
C_PAWNSTRUCTURE:0.4992230955574208
C_PIECECOORDINATION:0.500892413603848
C_ROOKANDPAWNMOVEMENT:0.500892413603848
C_CENTERCONTROL:0.5133835374018241
C_DEVELOPPIECES:0.5261393614266128
C_MATERIAL:0.4816775104172837
C_MOVECOUNT:0.5451786471649754
