ELO:960
CE_PASSEDPAWNS:0.4973031615605538
CE_PAWNWEAKNESSES:0.5243092067015923
CE_PIECEACTIVITY:0.5181057922623048
CE_KINGPAWNSHIELD:0.5187110318355703
CE_PIECECOORDINATION:0.49829819677681886
CE_MATERIAL:0.49835175485515437
CE_KINGSAFETY:0.49557856686309687
C_PIECESQUARETABLES:0.4945690370967445
C_MOBILITY:0.5148574649840625
C_KINGSAFETY:0.4881130618281091
C_PAWNSTRUCTURE:0.5153442020086898
C_PIECECOORDINATION:0.5049389261470207
C_ROOKANDPAWNMOVEMENT:0.5049389261470207
C_CENTERCONTROL:0.49041417463711773
C_DEVELOPPIECES:0.5263214477468301
C_MATERIAL:0.4763779203998603
C_MOVECOUNT:0.5422285743237244
