ELO:1091
CE_PASSEDPAWNS:0.5969760052003065
CE_PAWNWEAKNESSES:0.4812930304421644
CE_PIECEACTIVITY:0.48221628585424914
CE_KINGPAWNSHIELD:0.47392891842241247
CE_PIECECOORDINATION:0.4794613159862456
CE_MATERIAL:0.4482984429276949
CE_KINGSAFETY:0.5071996038591309
C_PIECESQUARETABLES:0.5114478236811804
C_MOBILITY:0.4135096497187003
C_KINGSAFETY:0.5096276063587772
C_PAWNSTRUCTURE:0.42329667300859314
C_PIECECOORDINATION:0.4885453812851108
C_ROOKANDPAWNMOVEMENT:0.4885453812851108
C_CENTERCONTROL:0.519823901126415
C_DEVELOPPIECES:0.5376964998461956
C_MATERIAL:0.4067936567909515
