ELO:920
CE_PASSEDPAWNS:0.5615433678313001
CE_PAWNWEAKNESSES:0.5651020113070088
CE_PIECEACTIVITY:0.4675769970480111
CE_KINGPAWNSHIELD:0.5582361000524639
CE_PIECECOORDINATION:0.4132818471800554
CE_MATERIAL:0.6020222014025655
CE_KINGSAFETY:0.5072338205875083
C_PIECESQUARETABLES:0.4761442583810954
C_MOBILITY:0.5340036304335622
C_KINGSAFETY:0.5389894419126049
C_PAWNSTRUCTURE:0.45773255130568724
C_PIECECOORDINATION:0.42308551155843654
C_ROOKANDPAWNMOVEMENT:0.42308551155843654
C_CENTERCONTROL:0.42410957592111076
C_DEVELOPPIECES:0.5201743300148685
C_MATERIAL:0.54278699742509
