ELO:1041
CE_PASSEDPAWNS:0.4080758293950123
CE_PAWNWEAKNESSES:0.5078123454957026
CE_PIECEACTIVITY:0.5649743867795266
CE_KINGPAWNSHIELD:0.6036063160936859
CE_PIECECOORDINATION:0.5615399397565483
CE_MATERIAL:0.412237566820584
CE_KINGSAFETY:0.5024835511228829
C_PIECESQUARETABLES:0.5471345520193126
C_MOBILITY:0.47115555888071436
C_KINGSAFETY:0.5824591123413502
C_PAWNSTRUCTURE:0.4274382466884682
C_PIECECOORDINATION:0.4662734617722494
C_ROOKANDPAWNMOVEMENT:0.4662734617722494
C_CENTERCONTROL:0.4917542193719889
C_DEVELOPPIECES:0.49811331277489096
C_MATERIAL:0.42916629060394984
