ELO:1000
CE_PASSEDPAWNS:0.5443499996940924
CE_PAWNWEAKNESSES:0.5319707151159004
CE_PIECEACTIVITY:0.5471507430835847
CE_KINGPAWNSHIELD:0.5151207752204314
CE_PIECECOORDINATION:0.4517758322075627
CE_MATERIAL:0.5288333010734714
CE_KINGSAFETY:0.5373977129550057
C_PIECESQUARETABLES:0.4606578760912577
C_MOBILITY:0.509235174336329
C_KINGSAFETY:0.5049238428028715
C_PAWNSTRUCTURE:0.4986241837308288
C_PIECECOORDINATION:0.45916853731969165
C_ROOKANDPAWNMOVEMENT:0.45916853731969165
C_CENTERCONTROL:0.5112578055750221
C_DEVELOPPIECES:0.477163590232202
C_MATERIAL:0.5310758998422003
