ELO:798
CE_PASSEDPAWNS:0.38755017668147207
CE_PAWNWEAKNESSES:0.5315688377907712
CE_PIECEACTIVITY:0.4243786689190411
CE_KINGPAWNSHIELD:0.6782304014588821
CE_PIECECOORDINATION:0.3967509191002932
CE_MATERIAL:0.477551317176377
CE_KINGSAFETY:0.5207175563950481
C_PIECESQUARETABLES:0.5056100114608082
C_MOBILITY:0.4482151185792126
C_KINGSAFETY:0.493602155652269
C_PAWNSTRUCTURE:0.46277028075909615
C_PIECECOORDINATION:0.4631991811771817
C_ROOKANDPAWNMOVEMENT:0.4631991811771817
C_CENTERCONTROL:0.5463433543665198
C_DEVELOPPIECES:0.5986003994977066
C_MATERIAL:0.5459954854596806
