ELO:996
CE_PASSEDPAWNS:0.4766875888553881
CE_PAWNWEAKNESSES:0.49649894303861597
CE_PIECEACTIVITY:0.49952702790739295
CE_KINGPAWNSHIELD:0.504400561642841
CE_PIECECOORDINATION:0.5013836408397729
CE_MATERIAL:0.5118779655592787
CE_KINGSAFETY:0.5
C_PIECESQUARETABLES:0.4938208958351257
C_MOBILITY:0.4826236770453702
C_KINGSAFETY:0.4903646261325665
C_PAWNSTRUCTURE:0.51714908311374
C_PIECECOORDINATION:0.5007382694549978
C_ROOK:0.49391308333176265
CE_ROOK:0.499579391079971
C_CENTERCONTROL:0.531343801217588
C_DEVELOPPIECES:0.48489297627157235
C_MATERIAL:0.5065864488764644
C_MOVECOUNT:0.49411004679162157
C_PAWNMOVEMENT:0.4985402491232781
