ELO:990
CE_PASSEDPAWNS:0.49983916134519946
CE_PAWNWEAKNESSES:0.4974210804296302
CE_PIECEACTIVITY:0.5094874229928592
CE_KINGPAWNSHIELD:0.4965411004181712
CE_PIECECOORDINATION:0.48163456053027476
CE_MATERIAL:0.5056573861752208
CE_KINGSAFETY:0.5079571314032214
C_PIECESQUARETABLES:0.5
C_MOBILITY:0.5005466652658623
C_KINGSAFETY:0.48405658969589443
C_PAWNSTRUCTURE:0.5121118995008233
C_PIECECOORDINATION:0.48776400421941707
C_ROOKANDPAWNMOVEMENT:0.48776400421941707
C_CENTERCONTROL:0.5069290118929205
C_DEVELOPPIECES:0.5005509358267666
C_MATERIAL:0.5038432278509758
C_MOVECOUNT:0.4973877449546314
