ELO:962
CE_PASSEDPAWNS:0.5022165194182465
CE_PAWNWEAKNESSES:0.5101527135359872
CE_PIECEACTIVITY:0.5154405265379355
CE_KINGPAWNSHIELD:0.5160606750457944
CE_PIECECOORDINATION:0.49829819677681886
CE_MATERIAL:0.504836357088444
CE_KINGSAFETY:0.5005287448371503
C_PIECESQUARETABLES:0.5
C_MOBILITY:0.5205120429865311
C_KINGSAFETY:0.4881130618281091
C_PAWNSTRUCTURE:0.5001898177952661
C_PIECECOORDINATION:0.5078017175224416
C_ROOKANDPAWNMOVEMENT:0.5078017175224416
C_CENTERCONTROL:0.5015982216322137
C_DEVELOPPIECES:0.5193011374456127
C_MATERIAL:0.4763779203998603
C_MOVECOUNT:0.5196670761798736
