ELO:940
CE_PASSEDPAWNS:0.48448870790787696
CE_PAWNWEAKNESSES:0.4665784028882139
CE_PIECEACTIVITY:0.47871289745126544
CE_KINGPAWNSHIELD:0.4518121457950526
CE_PIECECOORDINATION:0.4721578319561668
CE_MATERIAL:0.4869397288087637
CE_KINGSAFETY:0.4582603743582663
C_PIECESQUARETABLES:0.5090739002799928
C_MOBILITY:0.5185162450705522
C_KINGSAFETY:0.5141945678910049
C_PAWNSTRUCTURE:0.5151012385515081
C_PIECECOORDINATION:0.4916934299723889
C_ROOKANDPAWNMOVEMENT:0.4916934299723889
C_CENTERCONTROL:0.4606611706278457
C_DEVELOPPIECES:0.5391079836891441
C_MATERIAL:0.5207988761125526
C_MOVECOUNT:0.5
