ELO:964
CE_PASSEDPAWNS:0.4971260325911425
CE_PAWNWEAKNESSES:0.5182742134488638
CE_PIECEACTIVITY:0.49443502240279136
CE_KINGPAWNSHIELD:0.5141960541879806
CE_PIECECOORDINATION:0.5289394878546734
CE_MATERIAL:0.49112345036954325
CE_KINGSAFETY:0.5
C_PIECESQUARETABLES:0.5
C_MOBILITY:0.4524138905462098
C_KINGSAFETY:0.470845184531015
C_PAWNSTRUCTURE:0.5071128734363315
C_PIECECOORDINATION:0.4897685585041047
C_ROOK:0.507652230550989
CE_ROOK:0.47661262007868643
C_CENTERCONTROL:0.517209428063941
C_DEVELOPPIECES:0.4882436183133001
C_MATERIAL:0.5387290188222543
C_MOVECOUNT:0.48478703120913613
C_PAWNMOVEMENT:0.5000727241624282
