ELO:981
CE_PASSEDPAWNS:0.5027084487092606
CE_PAWNWEAKNESSES:0.5320470792045762
CE_PIECEACTIVITY:0.5181057922623048
CE_KINGPAWNSHIELD:0.5325722356785626
CE_PIECECOORDINATION:0.48100002338552206
CE_MATERIAL:0.504176949365463
CE_KINGSAFETY:0.5
C_PIECESQUARETABLES:0.5
C_MOBILITY:0.5086658460314782
C_KINGSAFETY:0.4907697777423909
C_PAWNSTRUCTURE:0.5040217899861578
C_PIECECOORDINATION:0.500892413603848
C_ROOKANDPAWNMOVEMENT:0.500892413603848
C_CENTERCONTROL:0.5011298863651169
C_DEVELOPPIECES:0.5261393614266128
C_MATERIAL:0.4816775104172837
C_MOVECOUNT:0.5451786471649754
