ELO:828
CE_PASSEDPAWNS:0.4856493202353695
CE_PAWNWEAKNESSES:0.46319142254956797
CE_PIECEACTIVITY:0.5889424364590513
CE_KINGPAWNSHIELD:0.581368323496841
CE_PIECECOORDINATION:0.5311000630608692
CE_MATERIAL:0.5084465459055404
CE_KINGSAFETY:0.49813927649811973
C_PIECESQUARETABLES:0.503257813202321
C_MOBILITY:0.5798276467166674
C_KINGSAFETY:0.5426527492275309
C_PAWNSTRUCTURE:0.4416163528788434
C_PIECECOORDINATION:0.4990256031554779
C_ROOKANDPAWNMOVEMENT:0.4990256031554779
C_CENTERCONTROL:0.5106151578651017
C_DEVELOPPIECES:0.5419711319523808
C_MATERIAL:0.512237496082557
C_MOVECOUNT:0.5
