ELO:946
CE_PASSEDPAWNS:0.5037737312778433
CE_PAWNWEAKNESSES:0.5192735713538826
CE_PIECEACTIVITY:0.5008783437885068
CE_KINGPAWNSHIELD:0.4917281721242778
CE_PIECECOORDINATION:0.5359465021338999
CE_MATERIAL:0.49135342150307465
CE_KINGSAFETY:0.4972786820413859
C_PIECESQUARETABLES:0.4854796469862553
C_MOBILITY:0.45698320221093647
C_KINGSAFETY:0.4766072384447032
C_PAWNSTRUCTURE:0.5200093962409486
C_PIECECOORDINATION:0.48986936827740685
C_ROOK:0.5009466540953939
CE_ROOK:0.4866718523679601
C_CENTERCONTROL:0.530705540061533
C_DEVELOPPIECES:0.47870770650789185
C_MATERIAL:0.5437743648677519
C_MOVECOUNT:0.4809184707645655
C_PAWNMOVEMENT:0.504920170557751
