ELO:983
CE_PASSEDPAWNS:0.5
CE_PAWNWEAKNESSES:0.49516064944914173
CE_PIECEACTIVITY:0.5363226033355718
CE_KINGPAWNSHIELD:0.44598260058716505
CE_PIECECOORDINATION:0.5235935232711275
CE_MATERIAL:0.4856789251527647
CE_KINGSAFETY:0.47937805450248
C_PIECESQUARETABLES:0.5
C_MOBILITY:0.5937453239405487
C_KINGSAFETY:0.5075461856172574
C_PAWNSTRUCTURE:0.49871148215452554
C_PIECECOORDINATION:0.46897076959317674
C_ROOKANDPAWNMOVEMENT:0.46897076959317674
C_CENTERCONTROL:0.49537128390052865
C_DEVELOPPIECES:0.49517132622332993
C_MATERIAL:0.49921453102807006
C_MOVECOUNT:0.4891318737117164
