ELO:957
CE_PASSEDPAWNS:0.4663616087520204
CE_PAWNWEAKNESSES:0.5510069759763107
CE_PIECEACTIVITY:0.517686854808669
CE_KINGPAWNSHIELD:0.4991031649643832
CE_PIECECOORDINATION:0.5389223745661321
CE_MATERIAL:0.4632389344936897
CE_KINGSAFETY:0.5120830831432613
C_PIECESQUARETABLES:0.4987970711574457
C_MOBILITY:0.506380679518786
C_KINGSAFETY:0.5481208339640019
C_PAWNSTRUCTURE:0.4121850231561441
C_PIECECOORDINATION:0.49302727290588844
C_ROOKANDPAWNMOVEMENT:0.49302727290588844
C_CENTERCONTROL:0.45191188214418476
C_DEVELOPPIECES:0.5012210630763251
C_MATERIAL:0.4564736296504263
