ELO:935
CE_PASSEDPAWNS:0.49244752160747307
CE_PAWNWEAKNESSES:0.5396746335093158
CE_PIECEACTIVITY:0.5578732765692932
CE_KINGPAWNSHIELD:0.4794137860809629
CE_PIECECOORDINATION:0.5782537584054501
CE_MATERIAL:0.5626575751498254
CE_KINGSAFETY:0.5039610037133097
C_PIECESQUARETABLES:0.5049193692560836
C_MOBILITY:0.5958884848917654
C_KINGSAFETY:0.5619580729285679
C_PAWNSTRUCTURE:0.49824056794244265
C_PIECECOORDINATION:0.48389575453351874
C_ROOKANDPAWNMOVEMENT:0.48389575453351874
C_CENTERCONTROL:0.49070623773307825
C_DEVELOPPIECES:0.4599781131650444
C_MATERIAL:0.4099181043793463
