ELO:984
CE_PASSEDPAWNS:0.5035941383228898
CE_PAWNWEAKNESSES:0.5122045994432322
CE_PIECEACTIVITY:0.5055890773805567
CE_KINGPAWNSHIELD:0.5040156552804207
CE_PIECECOORDINATION:0.5108901109240018
CE_MATERIAL:0.49634187388756945
CE_KINGSAFETY:0.5
C_PIECESQUARETABLES:0.49439905118256555
C_MOBILITY:0.5192442253062838
C_KINGSAFETY:0.49580718661671114
C_PAWNSTRUCTURE:0.47938387861580967
C_PIECECOORDINATION:0.48772449435727305
C_ROOKANDPAWNMOVEMENT:0.48772449435727305
C_CENTERCONTROL:0.5030306880913132
C_DEVELOPPIECES:0.49646660574142154
C_MATERIAL:0.5101551827529914
