ELO:976
CE_PASSEDPAWNS:0.5
CE_PAWNWEAKNESSES:0.5
CE_PIECEACTIVITY:0.5
CE_KINGPAWNSHIELD:0.5
CE_PIECECOORDINATION:0.5
CE_MATERIAL:0.5058585194864442
CE_KINGSAFETY:0.5
C_PIECESQUARETABLES:0.5
C_MOBILITY:0.5176631728318482
C_KINGSAFETY:0.4881130618281091
C_PAWNSTRUCTURE:0.5
C_PIECECOORDINATION:0.5002071019805988
C_ROOKANDPAWNMOVEMENT:0.5002071019805988
C_CENTERCONTROL:0.5
C_DEVELOPPIECES:0.5
C_MATERIAL:0.5
C_MOVECOUNT:0.5
