ELO:943
CE_PASSEDPAWNS:0.44632023965461676
CE_PAWNWEAKNESSES:0.3803926202065232
CE_PIECEACTIVITY:0.6103531904824997
CE_KINGPAWNSHIELD:0.7064784081905161
CE_PIECECOORDINATION:0.4643675947888591
CE_MATERIAL:0.46108545061097655
CE_KINGSAFETY:0.5269957956293203
C_PIECESQUARETABLES:0.46051875350723104
C_MOBILITY:0.4583940727422951
C_KINGSAFETY:0.5407342222493758
C_PAWNSTRUCTURE:0.562308344840272
C_PIECECOORDINATION:0.38960883203462315
C_ROOKANDPAWNMOVEMENT:0.38960883203462315
C_CENTERCONTROL:0.41390659200319224
C_DEVELOPPIECES:0.5069902431187813
C_MATERIAL:0.5624736283104875
