ELO:965
CE_PASSEDPAWNS:0.4971260325911425
CE_PAWNWEAKNESSES:0.5232929162715028
CE_PIECEACTIVITY:0.4913722490440601
CE_KINGPAWNSHIELD:0.5235636346436204
CE_PIECECOORDINATION:0.5128187230909891
CE_MATERIAL:0.49194151418143883
CE_KINGSAFETY:0.5
C_PIECESQUARETABLES:0.5054357603971008
C_MOBILITY:0.4771694955401355
C_KINGSAFETY:0.4813234516348546
C_PAWNSTRUCTURE:0.49562557186580664
C_PIECECOORDINATION:0.49257525509544403
C_ROOK:0.507652230550989
CE_ROOK:0.4429037480950645
C_CENTERCONTROL:0.517209428063941
C_DEVELOPPIECES:0.4882436183133001
C_MATERIAL:0.5202432604685208
C_MOVECOUNT:0.4815147993716681
C_PAWNMOVEMENT:0.49614400254567076
