ELO:941
CE_PASSEDPAWNS:0.5043873289083887
CE_PAWNWEAKNESSES:0.5848909887514719
CE_PIECEACTIVITY:0.5256952016634553
CE_KINGPAWNSHIELD:0.458618941584178
CE_PIECECOORDINATION:0.5684568458298666
CE_MATERIAL:0.5063596568237579
CE_KINGSAFETY:0.5092482435685878
C_PIECESQUARETABLES:0.5218624011413915
C_MOBILITY:0.5727393168939584
C_KINGSAFETY:0.5400051786819589
C_PAWNSTRUCTURE:0.473032481459798
C_PIECECOORDINATION:0.5019517476730295
C_ROOKANDPAWNMOVEMENT:0.5019517476730295
C_CENTERCONTROL:0.415487012682716
C_DEVELOPPIECES:0.4994916918142622
C_MATERIAL:0.4336645293488966
