ELO:919
CE_PASSEDPAWNS:0.546476154827975
CE_PAWNWEAKNESSES:0.5696530495106413
CE_PIECEACTIVITY:0.46569132212929865
CE_KINGPAWNSHIELD:0.5349352334012168
CE_PIECECOORDINATION:0.40804592556945185
CE_MATERIAL:0.6180375931761186
CE_KINGSAFETY:0.49309058651425053
C_PIECESQUARETABLES:0.4752859277978055
C_MOBILITY:0.549555023400006
C_KINGSAFETY:0.5557896772360401
C_PAWNSTRUCTURE:0.4469230029929826
C_PIECECOORDINATION:0.4304777539497984
C_ROOKANDPAWNMOVEMENT:0.4304777539497984
C_CENTERCONTROL:0.43460275648341845
C_DEVELOPPIECES:0.5184235471833238
C_MATERIAL:0.5240701316401568
