ELO:878
CE_PASSEDPAWNS:0.4578706823604565
CE_PAWNWEAKNESSES:0.5459526339080726
CE_PIECEACTIVITY:0.4554807442091425
CE_KINGPAWNSHIELD:0.5245396437661197
CE_PIECECOORDINATION:0.5037279262478221
CE_MATERIAL:0.5051494262927188
CE_KINGSAFETY:0.5502023790154181
C_PIECESQUARETABLES:0.5463702453981026
C_MOBILITY:0.5175292459978398
C_KINGSAFETY:0.46853604584854736
C_PAWNSTRUCTURE:0.5174933271116587
C_PIECECOORDINATION:0.4554060539255835
C_ROOKANDPAWNMOVEMENT:0.4554060539255835
C_CENTERCONTROL:0.5248236815157118
C_DEVELOPPIECES:0.4576230995707886
C_MATERIAL:0.49683266578816804
C_MOVECOUNT:0.5
