ELO:939
CE_PASSEDPAWNS:0.5497106374700886
CE_PAWNWEAKNESSES:0.4761388417623719
CE_PIECEACTIVITY:0.5722773627551105
CE_KINGPAWNSHIELD:0.43320108743495367
CE_PIECECOORDINATION:0.3453000134886718
CE_MATERIAL:0.49956189123272443
CE_KINGSAFETY:0.5067695491110897
C_PIECESQUARETABLES:0.48499083807515403
C_MOBILITY:0.5369274684851892
C_KINGSAFETY:0.5011050780983881
C_PAWNSTRUCTURE:0.5665900788636944
C_PIECECOORDINATION:0.5611608551538749
C_ROOKANDPAWNMOVEMENT:0.5611608551538749
C_CENTERCONTROL:0.5195048767286934
C_DEVELOPPIECES:0.6518241434501973
C_MATERIAL:0.5125263102559239
