ELO:1009
CE_PASSEDPAWNS:0.5
CE_PAWNWEAKNESSES:0.5005733045598869
CE_PIECEACTIVITY:0.4873172678221776
CE_KINGPAWNSHIELD:0.4997461476658306
CE_PIECECOORDINATION:0.5110652681761658
CE_MATERIAL:0.5
CE_KINGSAFETY:0.5151154698891158
C_PIECESQUARETABLES:0.5
C_MOBILITY:0.5060772226462594
C_KINGSAFETY:0.5
C_PAWNSTRUCTURE:0.4938632568251883
C_PIECECOORDINATION:0.5
C_ROOKANDPAWNMOVEMENT:0.5
C_CENTERCONTROL:0.4890613063154283
C_DEVELOPPIECES:0.5
C_MATERIAL:0.49811887575394204
