ELO:944
CE_PASSEDPAWNS:0.5167669844912992
CE_PAWNWEAKNESSES:0.5654005919836753
CE_PIECEACTIVITY:0.5020985106522006
CE_KINGPAWNSHIELD:0.49763205008156847
CE_PIECECOORDINATION:0.47887399751958687
CE_MATERIAL:0.5931587410535119
CE_KINGSAFETY:0.489424091349749
C_PIECESQUARETABLES:0.5284523223197382
C_MOBILITY:0.5333073629853327
C_KINGSAFETY:0.508797426640969
C_PAWNSTRUCTURE:0.4363056805669643
C_PIECECOORDINATION:0.5285965372386984
C_ROOKANDPAWNMOVEMENT:0.5285965372386984
C_CENTERCONTROL:0.5246301230955279
C_DEVELOPPIECES:0.43964842937072085
C_MATERIAL:0.4614434390114877
C_MOVECOUNT:0.5
