ELO:990
CE_PASSEDPAWNS:0.506308408045697
CE_PAWNWEAKNESSES:0.4567712415624773
CE_PIECEACTIVITY:0.4732759356371363
CE_KINGPAWNSHIELD:0.4294511710010713
CE_PIECECOORDINATION:0.6325753584915841
CE_MATERIAL:0.4704369072790327
CE_KINGSAFETY:0.49808609594878894
C_PIECESQUARETABLES:0.4361417682342085
C_MOBILITY:0.5083736881492281
C_KINGSAFETY:0.5450637214925224
C_PAWNSTRUCTURE:0.493253432955388
C_PIECECOORDINATION:0.4789964918977318
C_ROOKANDPAWNMOVEMENT:0.4789964918977318
C_CENTERCONTROL:0.5033058301691063
C_DEVELOPPIECES:0.4716809436344178
C_MATERIAL:0.5059580158898671
C_MOVECOUNT:0.5
