ELO:988
CE_PASSEDPAWNS:0.5169903440228432
CE_PAWNWEAKNESSES:0.5149921719737238
CE_PIECEACTIVITY:0.5594978002495871
CE_KINGPAWNSHIELD:0.4600781035248139
CE_PIECECOORDINATION:0.43997613685951725
CE_MATERIAL:0.5192544634603055
CE_KINGSAFETY:0.48327427525169364
C_PIECESQUARETABLES:0.4986589598176624
C_MOBILITY:0.4881399084890303
C_KINGSAFETY:0.48485296290341323
C_PAWNSTRUCTURE:0.48815755807636163
C_PIECECOORDINATION:0.4455295289066636
C_ROOKANDPAWNMOVEMENT:0.4455295289066636
C_CENTERCONTROL:0.40832613232301035
C_DEVELOPPIECES:0.5020546866166226
C_MATERIAL:0.5859692747107864
