ELO:961
CE_PASSEDPAWNS:0.5689326194534282
CE_PAWNWEAKNESSES:0.5014887381814598
CE_PIECEACTIVITY:0.5614387090111508
CE_KINGPAWNSHIELD:0.48271587994164006
CE_PIECECOORDINATION:0.3951517634651028
CE_MATERIAL:0.5192688843512572
CE_KINGSAFETY:0.46045015434244413
C_PIECESQUARETABLES:0.41410718507239086
C_MOBILITY:0.4969928951007663
C_KINGSAFETY:0.4972428026628854
C_PAWNSTRUCTURE:0.5522774299374036
C_PIECECOORDINATION:0.5538923701356447
C_ROOKANDPAWNMOVEMENT:0.5538923701356447
C_CENTERCONTROL:0.5292924018623664
C_DEVELOPPIECES:0.644866921692443
C_MATERIAL:0.4823709372366273
