ELO:1000
CE_PASSEDPAWNS:0.5
CE_PAWNWEAKNESSES:0.500688356568037
CE_PIECEACTIVITY:0.5
CE_KINGPAWNSHIELD:0.5
CE_PIECECOORDINATION:0.4948389098823153
CE_MATERIAL:0.5
CE_KINGSAFETY:0.5069635091472987
C_PIECESQUARETABLES:0.4973661367242601
C_MOBILITY:0.4905994752629643
C_KINGSAFETY:0.5
C_PAWNSTRUCTURE:0.5
C_PIECECOORDINATION:0.5
C_ROOK:0.5
CE_ROOK:0.5051858100599333
C_CENTERCONTROL:0.5
C_DEVELOPPIECES:0.5
C_MATERIAL:0.48834511966740957
C_MOVECOUNT:0.5
C_PAWNMOVEMENT:0.5
