ELO:1000
CE_PASSEDPAWNS:0.5223041112043425
CE_PAWNWEAKNESSES:0.498777001857362
CE_PIECEACTIVITY:0.4739261343769171
CE_KINGPAWNSHIELD:0.49442493218264105
CE_PIECECOORDINATION:0.5136213011348748
CE_MATERIAL:0.556179498559609
CE_KINGSAFETY:0.5475021865406995
C_PIECESQUARETABLES:0.48494144627552965
C_MOBILITY:0.47929386494902443
C_KINGSAFETY:0.4884705383741634
C_PAWNSTRUCTURE:0.45288083070089147
C_PIECECOORDINATION:0.5135059101849457
C_ROOKANDPAWNMOVEMENT:0.5135059101849457
C_CENTERCONTROL:0.5067520946314017
C_DEVELOPPIECES:0.5128447611006132
C_MATERIAL:0.5225651265120206
