ELO:1042
CE_PASSEDPAWNS:0.49440136804619905
CE_PAWNWEAKNESSES:0.4937083095604249
CE_PIECEACTIVITY:0.4898918661035154
CE_KINGPAWNSHIELD:0.519186970517368
CE_PIECECOORDINATION:0.5070761107935201
CE_MATERIAL:0.5055101039910281
CE_KINGSAFETY:0.5
C_PIECESQUARETABLES:0.5
C_MOBILITY:0.507569516094217
C_KINGSAFETY:0.4485555756408059
C_PAWNSTRUCTURE:0.5047636744040566
C_PIECECOORDINATION:0.5370680117419625
C_ROOK:0.49374555651293894
CE_ROOK:0.475221333147206
C_CENTERCONTROL:0.46628470950357387
C_DEVELOPPIECES:0.4811649262622389
C_MATERIAL:0.46455180187049616
C_MOVECOUNT:0.5
C_PAWNMOVEMENT:0.5
