ELO:1089
CE_PASSEDPAWNS:0.6133204763691054
CE_PAWNWEAKNESSES:0.4900459717500192
CE_PIECEACTIVITY:0.46071889177946157
CE_KINGPAWNSHIELD:0.48422060632820507
CE_PIECECOORDINATION:0.4814775799505862
CE_MATERIAL:0.4382929425873637
CE_KINGSAFETY:0.4991253592344436
C_PIECESQUARETABLES:0.5014595859472892
C_MOBILITY:0.42022832044587355
C_KINGSAFETY:0.5003174291583816
C_PAWNSTRUCTURE:0.4100687229567885
C_PIECECOORDINATION:0.47219563080633337
C_ROOKANDPAWNMOVEMENT:0.47219563080633337
C_CENTERCONTROL:0.5143218594065737
C_DEVELOPPIECES:0.5934103286528177
C_MATERIAL:0.412081506761754
