ELO:1011
CE_PASSEDPAWNS:0.4968337451598581
CE_PAWNWEAKNESSES:0.5151369554337137
CE_PIECEACTIVITY:0.5215070276564264
CE_KINGPAWNSHIELD:0.5120062770961185
CE_PIECECOORDINATION:0.4820318374666213
CE_MATERIAL:0.4651754901368229
CE_KINGSAFETY:0.5
C_PIECESQUARETABLES:0.5
C_MOBILITY:0.5044564496057101
C_KINGSAFETY:0.4664486268094646
C_PAWNSTRUCTURE:0.5080916085028273
C_PIECECOORDINATION:0.5040139785423347
C_ROOK:0.49529154829690436
CE_ROOK:0.49444675838088514
C_CENTERCONTROL:0.47546309063142794
C_DEVELOPPIECES:0.4874532957104763
C_MATERIAL:0.49949745051944733
C_MOVECOUNT:0.49994018069238577
C_PAWNMOVEMENT:0.47753126425553616
