ELO:986
CE_PASSEDPAWNS:0.5
CE_PAWNWEAKNESSES:0.5106290908780285
CE_PIECEACTIVITY:0.5543215688445811
CE_KINGPAWNSHIELD:0.5
CE_PIECECOORDINATION:0.5256356255902479
CE_MATERIAL:0.5054434801990932
CE_KINGSAFETY:0.5307754308068529
C_PIECESQUARETABLES:0.48863280069556386
C_MOBILITY:0.5050312037035101
C_KINGSAFETY:0.5522135599625418
C_PAWNSTRUCTURE:0.5264852652185897
C_PIECECOORDINATION:0.5
C_ROOKANDPAWNMOVEMENT:0.5
C_CENTERCONTROL:0.4882829887666642
C_DEVELOPPIECES:0.49487706458962855
C_MATERIAL:0.5411163778257687
C_MOVECOUNT:0.5
