ELO:1007
CE_PASSEDPAWNS:0.4930606491233163
CE_PAWNWEAKNESSES:0.5097620760946445
CE_PIECEACTIVITY:0.4890429631900268
CE_KINGPAWNSHIELD:0.49706906107671456
CE_PIECECOORDINATION:0.48223038506638427
CE_MATERIAL:0.47009670564468714
CE_KINGSAFETY:0.5
C_PIECESQUARETABLES:0.5
C_MOBILITY:0.5026332375267567
C_KINGSAFETY:0.5080210108582089
C_PAWNSTRUCTURE:0.5014195538812061
C_PIECECOORDINATION:0.5337452573437563
C_ROOK:0.4684883580554221
CE_ROOK:0.5065067117715811
C_CENTERCONTROL:0.49044708009795795
C_DEVELOPPIECES:0.5157819092913437
C_MATERIAL:0.5086945022978877
C_MOVECOUNT:0.47689845474745257
C_PAWNMOVEMENT:0.5049960021239764
