ELO:993
CE_PASSEDPAWNS:0.4944769676147613
CE_PAWNWEAKNESSES:0.5071764840856107
CE_PIECEACTIVITY:0.5032800798267977
CE_KINGPAWNSHIELD:0.5060176322832739
CE_PIECECOORDINATION:0.5066310944284654
CE_MATERIAL:0.48584734817117486
CE_KINGSAFETY:0.4885094396255187
C_PIECESQUARETABLES:0.5087795932436235
C_MOBILITY:0.48177570444485107
C_KINGSAFETY:0.4966896230769527
C_PAWNSTRUCTURE:0.4938632568251883
C_PIECECOORDINATION:0.4978431655444878
C_ROOKANDPAWNMOVEMENT:0.4978431655444878
C_CENTERCONTROL:0.49230486212606395
C_DEVELOPPIECES:0.5108638849697157
C_MATERIAL:0.4827003810760306
