ELO:1025
CE_PASSEDPAWNS:0.5039844281717176
CE_PAWNWEAKNESSES:0.4876137920478097
CE_PIECEACTIVITY:0.4869355426576438
CE_KINGPAWNSHIELD:0.5325070833713661
CE_PIECECOORDINATION:0.47768084450944287
CE_MATERIAL:0.4928564690364116
CE_KINGSAFETY:0.5
C_PIECESQUARETABLES:0.5
C_MOBILITY:0.52166885803624
C_KINGSAFETY:0.5080210108582089
C_PAWNSTRUCTURE:0.48559524386073044
C_PIECECOORDINATION:0.502393833119759
C_ROOK:0.5111620048063572
CE_ROOK:0.4942618233668955
C_CENTERCONTROL:0.46737685781135413
C_DEVELOPPIECES:0.48690828749522186
C_MATERIAL:0.4995665681598798
C_MOVECOUNT:0.50605703832178
C_PAWNMOVEMENT:0.5049960021239764
