ELO:927
CE_PASSEDPAWNS:0.4562969079425518
CE_PAWNWEAKNESSES:0.5330743000695828
CE_PIECEACTIVITY:0.48584507941191996
CE_KINGPAWNSHIELD:0.5077217842966163
CE_PIECECOORDINATION:0.519816353264532
CE_MATERIAL:0.4986747717262892
CE_KINGSAFETY:0.4666191474851707
C_PIECESQUARETABLES:0.47122409875344495
C_MOBILITY:0.48436081993632196
C_KINGSAFETY:0.4922119212059653
C_PAWNSTRUCTURE:0.4779515657050826
C_PIECECOORDINATION:0.51625610837127
C_ROOKANDPAWNMOVEMENT:0.51625610837127
C_CENTERCONTROL:0.4858861181881415
C_DEVELOPPIECES:0.5238461710300829
C_MATERIAL:0.5306320374500045
C_MOVECOUNT:0.4724664302095822
