ELO:991
CE_PASSEDPAWNS:0.5155871931168207
CE_PAWNWEAKNESSES:0.48756180408391075
CE_PIECEACTIVITY:0.5345028812243486
CE_KINGPAWNSHIELD:0.5078653532070861
CE_PIECECOORDINATION:0.5439657540351515
CE_MATERIAL:0.46337051463562456
CE_KINGSAFETY:0.4847408652801742
C_PIECESQUARETABLES:0.49454204633737725
C_MOBILITY:0.534003066418243
C_KINGSAFETY:0.5872363827246667
C_PAWNSTRUCTURE:0.5045609785219339
C_PIECECOORDINATION:0.5280339900420681
C_ROOKANDPAWNMOVEMENT:0.5280339900420681
C_CENTERCONTROL:0.42734314380482374
C_DEVELOPPIECES:0.49648960902591643
C_MATERIAL:0.5572989767832632
