ELO:795
CE_PASSEDPAWNS:0.44033669561845934
CE_PAWNWEAKNESSES:0.5132591184145916
CE_PIECEACTIVITY:0.5465733156577135
CE_KINGPAWNSHIELD:0.5375810745952008
CE_PIECECOORDINATION:0.6709855128477961
CE_MATERIAL:0.537430744994156
CE_KINGSAFETY:0.5
C_PIECESQUARETABLES:0.5052627107657854
C_MOBILITY:0.5818557804233315
C_KINGSAFETY:0.5643287125635056
C_PAWNSTRUCTURE:0.49418153747107785
C_PIECECOORDINATION:0.47465297827226616
C_ROOKANDPAWNMOVEMENT:0.47465297827226616
C_CENTERCONTROL:0.4859032895759695
C_DEVELOPPIECES:0.44199042995800025
C_MATERIAL:0.4905774341101773
C_MOVECOUNT:0.47416013638664506
