ELO:979
CE_PASSEDPAWNS:0.5868137090685778
CE_PAWNWEAKNESSES:0.5801384025254838
CE_PIECEACTIVITY:0.5137233164173379
CE_KINGPAWNSHIELD:0.5574129861598901
CE_PIECECOORDINATION:0.5613011195618558
CE_MATERIAL:0.43168628468466824
CE_KINGSAFETY:0.5119057392133332
C_PIECESQUARETABLES:0.5034140580569173
C_MOBILITY:0.544158420272049
C_KINGSAFETY:0.5907296203918224
C_PAWNSTRUCTURE:0.4662461900349251
C_PIECECOORDINATION:0.511535759108843
C_ROOKANDPAWNMOVEMENT:0.511535759108843
C_CENTERCONTROL:0.5064127419730862
C_DEVELOPPIECES:0.4049858847512741
C_MATERIAL:0.6051544708675634
