ELO:864
CE_PASSEDPAWNS:0.5194352698414086
CE_PAWNWEAKNESSES:0.5475755138126394
CE_PIECEACTIVITY:0.5217948954400823
CE_KINGPAWNSHIELD:0.486692190815509
CE_PIECECOORDINATION:0.48465389364770406
CE_MATERIAL:0.5325048481838857
CE_KINGSAFETY:0.4986200236567568
C_PIECESQUARETABLES:0.5456693550550993
C_MOBILITY:0.478930938197023
C_KINGSAFETY:0.48017581991785746
C_PAWNSTRUCTURE:0.5074012686224939
C_PIECECOORDINATION:0.4703827239716797
C_ROOKANDPAWNMOVEMENT:0.4703827239716797
C_CENTERCONTROL:0.5279524783414148
C_DEVELOPPIECES:0.48421748835064443
C_MATERIAL:0.45180858151525544
C_MOVECOUNT:0.5
