ELO:990
CE_PASSEDPAWNS:0.5095433368978932
CE_PAWNWEAKNESSES:0.4795988534383455
CE_PIECEACTIVITY:0.5466857905642994
CE_KINGPAWNSHIELD:0.5078653532070861
CE_PIECECOORDINATION:0.5453427288344582
CE_MATERIAL:0.4654763388045687
CE_KINGSAFETY:0.5
C_PIECESQUARETABLES:0.5086024855918541
C_MOBILITY:0.5353809287408731
C_KINGSAFETY:0.5933595534399392
C_PAWNSTRUCTURE:0.5045609785219339
C_PIECECOORDINATION:0.5312126632592402
C_ROOKANDPAWNMOVEMENT:0.5312126632592402
C_CENTERCONTROL:0.42734314380482374
C_DEVELOPPIECES:0.48881135164504835
C_MATERIAL:0.5572989767832632
