ELO:1000
CE_PASSEDPAWNS:0.5215037742506522
CE_PAWNWEAKNESSES:0.45770778222458125
CE_PIECEACTIVITY:0.5264711859736919
CE_KINGPAWNSHIELD:0.4799500303193868
CE_PIECECOORDINATION:0.48915355878282146
CE_MATERIAL:0.533614917705487
CE_KINGSAFETY:0.4840000273993979
C_PIECESQUARETABLES:0.521928752801259
C_MOBILITY:0.5015388224782199
C_KINGSAFETY:0.4918160763647004
C_PAWNSTRUCTURE:0.48618975383724844
C_PIECECOORDINATION:0.5269474082382689
C_ROOKANDPAWNMOVEMENT:0.5269474082382689
C_CENTERCONTROL:0.5300568400490486
C_DEVELOPPIECES:0.5392046758671174
C_MATERIAL:0.49280162122544463
