ELO:978
CE_PASSEDPAWNS:0.4898423384466269
CE_PAWNWEAKNESSES:0.5
CE_PIECEACTIVITY:0.48363216925772573
CE_KINGPAWNSHIELD:0.4927454548582075
CE_PIECECOORDINATION:0.5069118868677149
CE_MATERIAL:0.5
CE_KINGSAFETY:0.5
C_PIECESQUARETABLES:0.5041596189024693
C_MOBILITY:0.49646843718537853
C_KINGSAFETY:0.5238532493041098
C_PAWNSTRUCTURE:0.5025859616114811
C_PIECECOORDINATION:0.5068216461044039
C_ROOKANDPAWNMOVEMENT:0.5068216461044039
C_CENTERCONTROL:0.5081664393682651
C_DEVELOPPIECES:0.5069356918353892
C_MATERIAL:0.49787498563794036
C_MOVECOUNT:0.4854570988644885
