ELO:1016
CE_PASSEDPAWNS:0.5
CE_PAWNWEAKNESSES:0.4773770110142628
CE_PIECEACTIVITY:0.5064717264688003
CE_KINGPAWNSHIELD:0.48875468384227955
CE_PIECECOORDINATION:0.4960286398334244
CE_MATERIAL:0.5177029599918084
CE_KINGSAFETY:0.5
C_PIECESQUARETABLES:0.5
C_MOBILITY:0.5212935053933127
C_KINGSAFETY:0.4664486268094646
C_PAWNSTRUCTURE:0.4765536956884713
C_PIECECOORDINATION:0.5123774048573894
C_ROOK:0.5162458546038714
CE_ROOK:0.5105260679165217
C_CENTERCONTROL:0.4925474243780922
C_DEVELOPPIECES:0.5
C_MATERIAL:0.5
C_MOVECOUNT:0.488103641577443
C_PAWNMOVEMENT:0.47753126425553616
