ELO:1000
CE_PASSEDPAWNS:0.5062845242829461
CE_PAWNWEAKNESSES:0.44889733828292133
CE_PIECEACTIVITY:0.5389519195973435
CE_KINGPAWNSHIELD:0.4773795649645729
CE_PIECECOORDINATION:0.5230066247642939
CE_MATERIAL:0.5225662517321327
CE_KINGSAFETY:0.4955765920992664
C_PIECESQUARETABLES:0.5179853148345702
C_MOBILITY:0.49186305391699026
C_KINGSAFETY:0.4766121949213428
C_PAWNSTRUCTURE:0.48770435940867085
C_PIECECOORDINATION:0.5363229444826093
C_ROOKANDPAWNMOVEMENT:0.5363229444826093
C_CENTERCONTROL:0.5300568400490486
C_DEVELOPPIECES:0.5391520916136131
C_MATERIAL:0.49852520658617666
