ELO:973
CE_PASSEDPAWNS:0.49188979631743895
CE_PAWNWEAKNESSES:0.5025160877973798
CE_PIECEACTIVITY:0.518726168208596
CE_KINGPAWNSHIELD:0.5091173421772432
CE_PIECECOORDINATION:0.5029844735229573
CE_MATERIAL:0.4983922868133449
CE_KINGSAFETY:0.5097129151495323
C_PIECESQUARETABLES:0.4908716435826474
C_MOBILITY:0.5035981859326978
C_KINGSAFETY:0.49378585410850107
C_PAWNSTRUCTURE:0.5203046993046301
C_PIECECOORDINATION:0.5073844646150916
C_ROOKANDPAWNMOVEMENT:0.5073844646150916
C_CENTERCONTROL:0.48926224408384544
C_DEVELOPPIECES:0.49011556417531565
C_MATERIAL:0.4929776508725687
C_MOVECOUNT:0.5150893395910776
