ELO:1012
CE_PASSEDPAWNS:0.5268481601649314
CE_PAWNWEAKNESSES:0.4908273960924968
CE_PIECEACTIVITY:0.5016245473231088
CE_KINGPAWNSHIELD:0.5023110307964399
CE_PIECECOORDINATION:0.4820318374666213
CE_MATERIAL:0.47009670564468714
CE_KINGSAFETY:0.5
C_PIECESQUARETABLES:0.5
C_MOBILITY:0.5057806671062562
C_KINGSAFETY:0.4796782585905045
C_PAWNSTRUCTURE:0.4897271136415368
C_PIECECOORDINATION:0.5370680117419625
C_ROOK:0.5000151810501162
CE_ROOK:0.5238007629153059
C_CENTERCONTROL:0.4828520891331137
C_DEVELOPPIECES:0.4899962545030713
C_MATERIAL:0.48953476232607335
C_MOVECOUNT:0.5013699718586283
C_PAWNMOVEMENT:0.5110640679069708
