ELO:653
CE_PASSEDPAWNS:0.614363422548139
CE_PAWNWEAKNESSES:0.4197803151705242
CE_PIECEACTIVITY:0.3484709637861137
CE_KINGPAWNSHIELD:0.5217131286851667
CE_PIECECOORDINATION:0.45956189893286864
CE_MATERIAL:0.5678159129194739
CE_KINGSAFETY:0.48410806385552435
C_PIECESQUARETABLES:0.5411100399025455
C_MOBILITY:0.4535916995181119
C_KINGSAFETY:0.5267535104112117
C_PAWNSTRUCTURE:0.39817973397223005
C_PIECECOORDINATION:0.4829042711550281
C_ROOKANDPAWNMOVEMENT:0.4829042711550281
C_CENTERCONTROL:0.4263473716924402
C_DEVELOPPIECES:0.5396259256330059
C_MATERIAL:0.6865842696450526
C_MOVECOUNT:0.49283421609406786
