ELO:902
CE_PASSEDPAWNS:0.6059413208072157
CE_PAWNWEAKNESSES:0.5920347539350364
CE_PIECEACTIVITY:0.5424418018403295
CE_KINGPAWNSHIELD:0.542125603853792
CE_PIECECOORDINATION:0.5453001589130368
CE_MATERIAL:0.37382132066107565
CE_KINGSAFETY:0.5369068474058654
C_PIECESQUARETABLES:0.465529068743341
C_MOBILITY:0.5753625009057186
C_KINGSAFETY:0.5989011878773042
C_PAWNSTRUCTURE:0.5054899047362456
C_PIECECOORDINATION:0.49369529977873566
C_ROOKANDPAWNMOVEMENT:0.49369529977873566
C_CENTERCONTROL:0.5118712891068975
C_DEVELOPPIECES:0.42327974185296147
C_MATERIAL:0.6232886362580506
