ELO:1038
CE_PASSEDPAWNS:0.5014383419152028
CE_PAWNWEAKNESSES:0.5112779314619631
CE_PIECEACTIVITY:0.5100890023247386
CE_KINGPAWNSHIELD:0.5089849341898938
CE_PIECECOORDINATION:0.5
CE_MATERIAL:0.5
CE_KINGSAFETY:0.5
C_PIECESQUARETABLES:0.49344886451712683
C_MOBILITY:0.5
C_KINGSAFETY:0.5076948921057516
C_PAWNSTRUCTURE:0.5028808292882461
C_PIECECOORDINATION:0.5037032257979067
C_ROOK:0.5004133077934859
CE_ROOK:0.472125729823364
C_CENTERCONTROL:0.4937708833116085
C_DEVELOPPIECES:0.49165728415932564
C_MATERIAL:0.5
C_MOVECOUNT:0.5
C_PAWNMOVEMENT:0.5072186104954414
