ELO:972
CE_PASSEDPAWNS:0.6035946984579936
CE_PAWNWEAKNESSES:0.5945490823248035
CE_PIECEACTIVITY:0.5143737759139365
CE_KINGPAWNSHIELD:0.5361493717678225
CE_PIECECOORDINATION:0.5597880348136008
CE_MATERIAL:0.3878080604626414
CE_KINGSAFETY:0.5278302765739585
C_PIECESQUARETABLES:0.4967459476824604
C_MOBILITY:0.5525443810930382
C_KINGSAFETY:0.5631586494333239
C_PAWNSTRUCTURE:0.4678634921053409
C_PIECECOORDINATION:0.5131966908054673
C_ROOKANDPAWNMOVEMENT:0.5131966908054673
C_CENTERCONTROL:0.5139569940352137
C_DEVELOPPIECES:0.3997209971812018
C_MATERIAL:0.6133245778544865
