ELO:988
CE_PASSEDPAWNS:0.5295616741866793
CE_PAWNWEAKNESSES:0.5617930234098841
CE_PIECEACTIVITY:0.5233601213971931
CE_KINGPAWNSHIELD:0.5562828321834915
CE_PIECECOORDINATION:0.5798525412027074
CE_MATERIAL:0.4324585456257491
CE_KINGSAFETY:0.4836027413656443
C_PIECESQUARETABLES:0.5125852323529405
C_MOBILITY:0.5286008801302415
C_KINGSAFETY:0.5974564372879004
C_PAWNSTRUCTURE:0.47916570474804493
C_PIECECOORDINATION:0.5194249549094411
C_ROOKANDPAWNMOVEMENT:0.5194249549094411
C_CENTERCONTROL:0.5140198848502882
C_DEVELOPPIECES:0.436482384228635
C_MATERIAL:0.576480393698014
