ELO:1000
CE_PASSEDPAWNS:0.5207915472982745
CE_PAWNWEAKNESSES:0.48829567671929225
CE_PIECEACTIVITY:0.48416765246645926
CE_KINGPAWNSHIELD:0.48514890165794006
CE_PIECECOORDINATION:0.5330008511249295
CE_MATERIAL:0.542422244346716
CE_KINGSAFETY:0.5463342393496455
C_PIECESQUARETABLES:0.4821358032304483
C_MOBILITY:0.4675038444244647
C_KINGSAFETY:0.5319780503990454
C_PAWNSTRUCTURE:0.43834450215758797
C_PIECECOORDINATION:0.48595609463978706
C_ROOKANDPAWNMOVEMENT:0.48595609463978706
C_CENTERCONTROL:0.5307725201984186
C_DEVELOPPIECES:0.4913992545680649
C_MATERIAL:0.529913118639637
