ELO:902
CE_PASSEDPAWNS:0.4335190517524414
CE_PAWNWEAKNESSES:0.5375812708624613
CE_PIECEACTIVITY:0.4984218925843498
CE_KINGPAWNSHIELD:0.5252591543846372
CE_PIECECOORDINATION:0.5368122520784986
CE_MATERIAL:0.5076553194391447
CE_KINGSAFETY:0.4774829160124579
C_PIECESQUARETABLES:0.45000375647690616
C_MOBILITY:0.48096832906987663
C_KINGSAFETY:0.49412198925656675
C_PAWNSTRUCTURE:0.4654600462641876
C_PIECECOORDINATION:0.5128250851894255
C_ROOKANDPAWNMOVEMENT:0.5128250851894255
C_CENTERCONTROL:0.4610621347459111
C_DEVELOPPIECES:0.5357233623141023
C_MATERIAL:0.5244916793946285
C_MOVECOUNT:0.4898700418197169
