ELO:1000
CE_PASSEDPAWNS:0.5522990124437719
CE_PAWNWEAKNESSES:0.5137503583978442
CE_PIECEACTIVITY:0.5252099554846976
CE_KINGPAWNSHIELD:0.5140934637720428
CE_PIECECOORDINATION:0.447562898976094
CE_MATERIAL:0.5399676833360479
CE_KINGSAFETY:0.5103058899485903
C_PIECESQUARETABLES:0.4911126908901295
C_MOBILITY:0.48161855587604413
C_KINGSAFETY:0.4892458723419714
C_PAWNSTRUCTURE:0.4954725940122059
C_PIECECOORDINATION:0.5456721979154731
C_ROOKANDPAWNMOVEMENT:0.5456721979154731
C_CENTERCONTROL:0.5440392538672123
C_DEVELOPPIECES:0.5741062984702029
C_MATERIAL:0.48327451244763975
