ELO:1000
CE_PASSEDPAWNS:0.5147364855593368
CE_PAWNWEAKNESSES:0.45467375684978856
CE_PIECEACTIVITY:0.5264711859736919
CE_KINGPAWNSHIELD:0.4880877316853819
CE_PIECECOORDINATION:0.48915355878282146
CE_MATERIAL:0.533614917705487
CE_KINGSAFETY:0.4944901629276784
C_PIECESQUARETABLES:0.5146933257708087
C_MOBILITY:0.5015388224782199
C_KINGSAFETY:0.4918160763647004
C_PAWNSTRUCTURE:0.48618975383724844
C_PIECECOORDINATION:0.5269474082382689
C_ROOKANDPAWNMOVEMENT:0.5269474082382689
C_CENTERCONTROL:0.5300568400490486
C_DEVELOPPIECES:0.5483948235274119
C_MATERIAL:0.49280162122544463
