ELO:1008
CE_PASSEDPAWNS:0.5
CE_PAWNWEAKNESSES:0.48669293400867364
CE_PIECEACTIVITY:0.5050969685855382
CE_KINGPAWNSHIELD:0.5
CE_PIECECOORDINATION:0.5
CE_MATERIAL:0.5
CE_KINGSAFETY:0.5063918182228794
C_PIECESQUARETABLES:0.5110754052062508
C_MOBILITY:0.5050063839849865
C_KINGSAFETY:0.5
C_PAWNSTRUCTURE:0.5
C_PIECECOORDINATION:0.5006240397388532
C_ROOKANDPAWNMOVEMENT:0.5006240397388532
C_CENTERCONTROL:0.5037644216599936
C_DEVELOPPIECES:0.5
C_MATERIAL:0.5
