ELO:821
CE_PASSEDPAWNS:0.5032723660834136
CE_PAWNWEAKNESSES:0.5466331755842505
CE_PIECEACTIVITY:0.5399937032431047
CE_KINGPAWNSHIELD:0.4870156563660094
CE_PIECECOORDINATION:0.4926008219510987
CE_MATERIAL:0.5388039731140953
CE_KINGSAFETY:0.5210908685700648
C_PIECESQUARETABLES:0.5397254349086933
C_MOBILITY:0.46605935968913753
C_KINGSAFETY:0.5095892653465554
C_PAWNSTRUCTURE:0.5204938528742502
C_PIECECOORDINATION:0.44971735648671013
C_ROOKANDPAWNMOVEMENT:0.44971735648671013
C_CENTERCONTROL:0.5431692470028914
C_DEVELOPPIECES:0.5248429024351573
C_MATERIAL:0.45939923397586646
C_MOVECOUNT:0.5
