ELO:977
CE_PASSEDPAWNS:0.5289855870059077
CE_PAWNWEAKNESSES:0.5778365229187675
CE_PIECEACTIVITY:0.5347521392742174
CE_KINGPAWNSHIELD:0.535759958216674
CE_PIECECOORDINATION:0.556242295677322
CE_MATERIAL:0.44578692363326666
CE_KINGSAFETY:0.5194336093696127
C_PIECESQUARETABLES:0.509891077189882
C_MOBILITY:0.5187164285154604
C_KINGSAFETY:0.5725346574492098
C_PAWNSTRUCTURE:0.4759766810114871
C_PIECECOORDINATION:0.5495315759569677
C_ROOKANDPAWNMOVEMENT:0.5495315759569677
C_CENTERCONTROL:0.4921348673420484
C_DEVELOPPIECES:0.43121223865652186
C_MATERIAL:0.6008723613588179
