ELO:882
CE_PASSEDPAWNS:0.4677272955537195
CE_PAWNWEAKNESSES:0.5181128385942778
CE_PIECEACTIVITY:0.4874320255584445
CE_KINGPAWNSHIELD:0.49746596601149906
CE_PIECECOORDINATION:0.4769344805478945
CE_MATERIAL:0.5017150069570729
CE_KINGSAFETY:0.46419998329042916
C_PIECESQUARETABLES:0.5000016959795291
C_MOBILITY:0.44248716182428116
C_KINGSAFETY:0.5609957939962271
C_PAWNSTRUCTURE:0.5562022500903416
C_PIECECOORDINATION:0.4733075685670998
C_ROOKANDPAWNMOVEMENT:0.4733075685670998
C_CENTERCONTROL:0.5037174481457558
C_DEVELOPPIECES:0.5047006600543295
C_MATERIAL:0.5845311547778049
C_MOVECOUNT:0.5
