ELO:996
CE_PASSEDPAWNS:0.5076525298904018
CE_PAWNWEAKNESSES:0.5025160877973798
CE_PIECEACTIVITY:0.48791058378556407
CE_KINGPAWNSHIELD:0.49819305353106186
CE_PIECECOORDINATION:0.49709880084653607
CE_MATERIAL:0.49145712464362096
CE_KINGSAFETY:0.4979810385649184
C_PIECESQUARETABLES:0.51236232580202
C_MOBILITY:0.48557943522623936
C_KINGSAFETY:0.4947822805491001
C_PAWNSTRUCTURE:0.5018504615456257
C_PIECECOORDINATION:0.5101212437830899
C_ROOKANDPAWNMOVEMENT:0.5101212437830899
C_CENTERCONTROL:0.500070203297347
C_DEVELOPPIECES:0.5095393120487179
C_MATERIAL:0.5194519919429884
C_MOVECOUNT:0.5
