ELO:914
CE_PASSEDPAWNS:0.5204999930911797
CE_PAWNWEAKNESSES:0.5228633378652763
CE_PIECEACTIVITY:0.49696909572053566
CE_KINGPAWNSHIELD:0.4842910621008411
CE_PIECECOORDINATION:0.4753128298973243
CE_MATERIAL:0.555659758529062
CE_KINGSAFETY:0.5061574394879322
C_PIECESQUARETABLES:0.5207448826200882
C_MOBILITY:0.5121462385461244
C_KINGSAFETY:0.5105387182435879
C_PAWNSTRUCTURE:0.44591074037101125
C_PIECECOORDINATION:0.5452012792627299
C_ROOKANDPAWNMOVEMENT:0.5452012792627299
C_CENTERCONTROL:0.5475841428501654
C_DEVELOPPIECES:0.4602737575480472
C_MATERIAL:0.48524382011975964
C_MOVECOUNT:0.5
