ELO:974
CE_PASSEDPAWNS:0.6144246990435389
CE_PAWNWEAKNESSES:0.5816292842522824
CE_PIECEACTIVITY:0.5232421590170653
CE_KINGPAWNSHIELD:0.5358901340160936
CE_PIECECOORDINATION:0.571906198553426
CE_MATERIAL:0.36267330867085423
CE_KINGSAFETY:0.562761203969491
C_PIECESQUARETABLES:0.48905077948514414
C_MOBILITY:0.574195320502223
C_KINGSAFETY:0.5894170080006561
C_PAWNSTRUCTURE:0.49287398703975943
C_PIECECOORDINATION:0.4946603001915361
C_ROOKANDPAWNMOVEMENT:0.4946603001915361
C_CENTERCONTROL:0.5135804301814926
C_DEVELOPPIECES:0.4146099129654928
C_MATERIAL:0.6158429008865917
