ELO:964
CE_PASSEDPAWNS:0.5735376785962203
CE_PAWNWEAKNESSES:0.5145394745968194
CE_PIECEACTIVITY:0.5634345233220563
CE_KINGPAWNSHIELD:0.48021142007604367
CE_PIECECOORDINATION:0.42177276804580277
CE_MATERIAL:0.5076931662417715
CE_KINGSAFETY:0.4647430614643654
C_PIECESQUARETABLES:0.41410718507239086
C_MOBILITY:0.4888709730197004
C_KINGSAFETY:0.5102956657752387
C_PAWNSTRUCTURE:0.5413551710014833
C_PIECECOORDINATION:0.5625011542348078
C_ROOKANDPAWNMOVEMENT:0.5625011542348078
C_CENTERCONTROL:0.5459374490252994
C_DEVELOPPIECES:0.6439173523182693
C_MATERIAL:0.49249408481470386
