ELO:1000
CE_PASSEDPAWNS:0.511343494426703
CE_PAWNWEAKNESSES:0.49220191048878137
CE_PIECEACTIVITY:0.5215495684064526
CE_KINGPAWNSHIELD:0.489942570105274
CE_PIECECOORDINATION:0.512516756739081
CE_MATERIAL:0.515237276067023
CE_KINGSAFETY:0.4991509189298289
C_PIECESQUARETABLES:0.5097012685241841
C_MOBILITY:0.48103776527666653
C_KINGSAFETY:0.4988121751086765
C_PAWNSTRUCTURE:0.4921067843141822
C_PIECECOORDINATION:0.5132222248376956
C_ROOKANDPAWNMOVEMENT:0.5132222248376956
C_CENTERCONTROL:0.5151232056387007
C_DEVELOPPIECES:0.48779383648811797
C_MATERIAL:0.48780296417036373
