ELO:967
CE_PASSEDPAWNS:0.5735376785962203
CE_PAWNWEAKNESSES:0.5219113960972083
CE_PIECEACTIVITY:0.545234554912152
CE_KINGPAWNSHIELD:0.4683003541673009
CE_PIECECOORDINATION:0.42287108553256747
CE_MATERIAL:0.5109262027641263
CE_KINGSAFETY:0.45439706534301366
C_PIECESQUARETABLES:0.4199925047736799
C_MOBILITY:0.51785277557011
C_KINGSAFETY:0.4937523077341089
C_PAWNSTRUCTURE:0.5280758700706691
C_PIECECOORDINATION:0.565625203491731
C_ROOKANDPAWNMOVEMENT:0.565625203491731
C_CENTERCONTROL:0.5465677894692468
C_DEVELOPPIECES:0.6389894544998528
C_MATERIAL:0.49249408481470386
