ELO:1033
CE_PASSEDPAWNS:0.504713402749048
CE_PAWNWEAKNESSES:0.49113075742544804
CE_PIECEACTIVITY:0.4800580699152834
CE_KINGPAWNSHIELD:0.48801267794621417
CE_PIECECOORDINATION:0.5001251566862258
CE_MATERIAL:0.49073050207446445
CE_KINGSAFETY:0.5
C_PIECESQUARETABLES:0.5
C_MOBILITY:0.5
C_KINGSAFETY:0.503542093985356
C_PAWNSTRUCTURE:0.5114569436369787
C_PIECECOORDINATION:0.5021681237368382
C_ROOKANDPAWNMOVEMENT:0.5021681237368382
C_CENTERCONTROL:0.5
C_DEVELOPPIECES:0.5
C_MATERIAL:0.5087550591156518
C_MOVECOUNT:0.48926618513243864
