ELO:916
CE_PASSEDPAWNS:0.5180938857016147
CE_PAWNWEAKNESSES:0.499113277145216
CE_PIECEACTIVITY:0.4952799207783282
CE_KINGPAWNSHIELD:0.5306152665183408
CE_PIECECOORDINATION:0.49895688008983896
CE_MATERIAL:0.505877299724221
CE_KINGSAFETY:0.49217158531730887
C_PIECESQUARETABLES:0.47955474344648724
C_MOBILITY:0.5059201753830618
C_KINGSAFETY:0.535701137307758
C_PAWNSTRUCTURE:0.4837382315098606
C_PIECECOORDINATION:0.470925462844014
C_ROOKANDPAWNMOVEMENT:0.470925462844014
C_CENTERCONTROL:0.5077678703223515
C_DEVELOPPIECES:0.49506856663571547
C_MATERIAL:0.4742719745988576
C_MOVECOUNT:0.5134451166761865
