ELO:952
CE_PASSEDPAWNS:0.4911554794892649
CE_PAWNWEAKNESSES:0.4961354905305882
CE_PIECEACTIVITY:0.4972604235394051
CE_KINGPAWNSHIELD:0.44421718895228857
CE_PIECECOORDINATION:0.47474818302166644
CE_MATERIAL:0.49652621920833667
CE_KINGSAFETY:0.49606730672438293
C_PIECESQUARETABLES:0.5160198626897051
C_MOBILITY:0.4925815005198467
C_KINGSAFETY:0.49347773108036574
C_PAWNSTRUCTURE:0.5006583756920002
C_PIECECOORDINATION:0.4885597227631606
C_ROOKANDPAWNMOVEMENT:0.4885597227631606
C_CENTERCONTROL:0.4982140020374597
C_DEVELOPPIECES:0.5037902515041913
C_MATERIAL:0.49593905363700636
C_MOVECOUNT:0.5
