ELO:994
CE_PASSEDPAWNS:0.5092317389313964
CE_PAWNWEAKNESSES:0.5396574240734847
CE_PIECEACTIVITY:0.5066424980284666
CE_KINGPAWNSHIELD:0.46661413933726326
CE_PIECECOORDINATION:0.47288670749847495
CE_MATERIAL:0.48910892379538506
CE_KINGSAFETY:0.5
C_PIECESQUARETABLES:0.5
C_MOBILITY:0.505660742160286
C_KINGSAFETY:0.48719836825394514
C_PAWNSTRUCTURE:0.4984232544274644
C_PIECECOORDINATION:0.5123471469003492
C_ROOK:0.49006077519858715
CE_ROOK:0.5017195314651113
C_CENTERCONTROL:0.4815255869550355
C_DEVELOPPIECES:0.5
C_MATERIAL:0.4623483898530284
C_MOVECOUNT:0.4733766181712077
C_PAWNMOVEMENT:0.49797023982191996
