ELO:868
CE_PASSEDPAWNS:0.4908204949993317
CE_PAWNWEAKNESSES:0.6013521985716538
CE_PIECEACTIVITY:0.513056338284401
CE_KINGPAWNSHIELD:0.4783184616406056
CE_PIECECOORDINATION:0.5258224396173218
CE_MATERIAL:0.5537166575663154
CE_KINGSAFETY:0.5
C_PIECESQUARETABLES:0.5
C_MOBILITY:0.48359956867802156
C_KINGSAFETY:0.555297050099564
C_PAWNSTRUCTURE:0.5098241041949779
C_PIECECOORDINATION:0.49838604876999903
C_ROOKANDPAWNMOVEMENT:0.49838604876999903
C_CENTERCONTROL:0.46774112989864
C_DEVELOPPIECES:0.520384262040077
C_MATERIAL:0.4942158993418372
C_MOVECOUNT:0.5
