ELO:984
CE_PASSEDPAWNS:0.4271339491974158
CE_PAWNWEAKNESSES:0.5694051413985669
CE_PIECEACTIVITY:0.5313142132040813
CE_KINGPAWNSHIELD:0.555259098717454
CE_PIECECOORDINATION:0.4000339688605239
CE_MATERIAL:0.4669009593648056
CE_KINGSAFETY:0.5
C_PIECESQUARETABLES:0.4885752555195777
C_MOBILITY:0.5914577007250165
C_KINGSAFETY:0.5582281827842477
C_PAWNSTRUCTURE:0.3974960377332616
C_PIECECOORDINATION:0.591021023076461
C_ROOKANDPAWNMOVEMENT:0.591021023076461
C_CENTERCONTROL:0.4319751600244121
C_DEVELOPPIECES:0.4098702103986178
C_MATERIAL:0.6234991122067586
