ELO:974
CE_PASSEDPAWNS:0.49151489273602295
CE_PAWNWEAKNESSES:0.4251471015203947
CE_PIECEACTIVITY:0.4422853644374629
CE_KINGPAWNSHIELD:0.4730834514627128
CE_PIECECOORDINATION:0.4837606939193571
CE_MATERIAL:0.6319498346046125
CE_KINGSAFETY:0.5155120534444968
C_PIECESQUARETABLES:0.5219409889857772
C_MOBILITY:0.4899848721068586
C_KINGSAFETY:0.5377423443718016
C_PAWNSTRUCTURE:0.5350150078838214
C_PIECECOORDINATION:0.43281338830511085
C_ROOKANDPAWNMOVEMENT:0.43281338830511085
C_CENTERCONTROL:0.4579761970068597
C_DEVELOPPIECES:0.520110521890783
C_MATERIAL:0.45823859636640824
