ELO:988
CE_PASSEDPAWNS:0.4884753654338264
CE_PAWNWEAKNESSES:0.5
CE_PIECEACTIVITY:0.4915113184167307
CE_KINGPAWNSHIELD:0.48818670002168557
CE_PIECECOORDINATION:0.5083245830990292
CE_MATERIAL:0.5
CE_KINGSAFETY:0.5
C_PIECESQUARETABLES:0.5068791646097154
C_MOBILITY:0.4894257249500225
C_KINGSAFETY:0.5120053562752159
C_PAWNSTRUCTURE:0.4978871219027289
C_PIECECOORDINATION:0.5
C_ROOKANDPAWNMOVEMENT:0.5
C_CENTERCONTROL:0.5
C_DEVELOPPIECES:0.49949689213932513
C_MATERIAL:0.5
C_MOVECOUNT:0.49992725825773837
