ELO:988
CE_PASSEDPAWNS:0.4964205720577724
CE_PAWNWEAKNESSES:0.5060953755237201
CE_PIECEACTIVITY:0.48430471146225007
CE_KINGPAWNSHIELD:0.5151385807306907
CE_PIECECOORDINATION:0.49682941378004586
CE_MATERIAL:0.5379348066726526
CE_KINGSAFETY:0.5
C_PIECESQUARETABLES:0.49983191996434306
C_MOBILITY:0.496807669338541
C_KINGSAFETY:0.5175025255766987
C_PAWNSTRUCTURE:0.5146764281487053
C_PIECECOORDINATION:0.5061876336502618
C_ROOK:0.5032724894907505
CE_ROOK:0.517496846578656
C_CENTERCONTROL:0.5185667447123256
C_DEVELOPPIECES:0.48539770180311487
C_MATERIAL:0.47660392821926073
C_MOVECOUNT:0.519649482463801
C_PAWNMOVEMENT:0.4989055431796958
