ELO:988
CE_PASSEDPAWNS:0.4964205720577724
CE_PAWNWEAKNESSES:0.5053478079592021
CE_PIECEACTIVITY:0.48430471146225007
CE_KINGPAWNSHIELD:0.5192637419213395
CE_PIECECOORDINATION:0.4931150317805698
CE_MATERIAL:0.5379348066726526
CE_KINGSAFETY:0.5
C_PIECESQUARETABLES:0.4934065890829134
C_MOBILITY:0.4961310072888027
C_KINGSAFETY:0.5175025255766987
C_PAWNSTRUCTURE:0.5189480166758735
C_PIECECOORDINATION:0.5061876336502618
C_ROOK:0.5032724894907505
CE_ROOK:0.5093870172975082
C_CENTERCONTROL:0.5299982789373977
C_DEVELOPPIECES:0.48539770180311487
C_MATERIAL:0.46773479230095155
C_MOVECOUNT:0.519649482463801
C_PAWNMOVEMENT:0.4989055431796958
