ELO:1131
CE_PASSEDPAWNS:0.405484255145064
CE_PAWNWEAKNESSES:0.45753908675987287
CE_PIECEACTIVITY:0.5055534717583172
CE_KINGPAWNSHIELD:0.4652486043048658
CE_PIECECOORDINATION:0.49892967985177217
CE_MATERIAL:0.540383494701908
CE_KINGSAFETY:0.5
C_PIECESQUARETABLES:0.4685503826156545
C_MOBILITY:0.5444983191960523
C_KINGSAFETY:0.38961952488319945
C_PAWNSTRUCTURE:0.62436365227218
C_PIECECOORDINATION:0.5947067428619455
C_ROOKANDPAWNMOVEMENT:0.5947067428619455
C_CENTERCONTROL:0.47861697439238793
C_DEVELOPPIECES:0.4593697475404217
C_MATERIAL:0.6249562774005232
