ELO:989
CE_PASSEDPAWNS:0.5126557028750159
CE_PAWNWEAKNESSES:0.44542974891888637
CE_PIECEACTIVITY:0.5612936646867092
CE_KINGPAWNSHIELD:0.5599465954910741
CE_PIECECOORDINATION:0.6092782055877115
CE_MATERIAL:0.5561775794490093
CE_KINGSAFETY:0.5
C_PIECESQUARETABLES:0.5
C_MOBILITY:0.6106431556756368
C_KINGSAFETY:0.5555396845641076
C_PAWNSTRUCTURE:0.3974960377332616
C_PIECECOORDINATION:0.5562674503149065
C_ROOKANDPAWNMOVEMENT:0.5562674503149065
C_CENTERCONTROL:0.42894235410171383
C_DEVELOPPIECES:0.5067495606305472
C_MATERIAL:0.6201906658387899
