ELO:1016
CE_PASSEDPAWNS:0.4888749446358555
CE_PAWNWEAKNESSES:0.5298054120236073
CE_PIECEACTIVITY:0.5215070276564264
CE_KINGPAWNSHIELD:0.4919456870708667
CE_PIECECOORDINATION:0.5086600058135076
CE_MATERIAL:0.5097811921191853
CE_KINGSAFETY:0.5
C_PIECESQUARETABLES:0.5
C_MOBILITY:0.5185010580710362
C_KINGSAFETY:0.49354428455914456
C_PAWNSTRUCTURE:0.5056086859510552
C_PIECECOORDINATION:0.5179105035451986
C_ROOK:0.4925649765274797
CE_ROOK:0.473966689342418
C_CENTERCONTROL:0.5055156476960524
C_DEVELOPPIECES:0.5157819092913437
C_MATERIAL:0.4796912385728734
C_MOVECOUNT:0.4570559319599199
C_PAWNMOVEMENT:0.49521221761728357
