ELO:821
CE_PASSEDPAWNS:0.42672921396554997
CE_PAWNWEAKNESSES:0.5375938283751399
CE_PIECEACTIVITY:0.3818617909588555
CE_KINGPAWNSHIELD:0.49998227038318693
CE_PIECECOORDINATION:0.41588327231474614
CE_MATERIAL:0.49352099004197947
CE_KINGSAFETY:0.47258764247082424
C_PIECESQUARETABLES:0.5366454585854021
C_MOBILITY:0.5266722546292274
C_KINGSAFETY:0.4753291916621369
C_PAWNSTRUCTURE:0.4716217352358553
C_PIECECOORDINATION:0.5138446198660056
C_ROOKANDPAWNMOVEMENT:0.5138446198660056
C_CENTERCONTROL:0.5381257098047023
C_DEVELOPPIECES:0.4383384953851282
C_MATERIAL:0.501007427779189
C_MOVECOUNT:0.5
