ELO:916
CE_PASSEDPAWNS:0.49601543398185466
CE_PAWNWEAKNESSES:0.5062813629251889
CE_PIECEACTIVITY:0.5431292396910222
CE_KINGPAWNSHIELD:0.4981002312222476
CE_PIECECOORDINATION:0.4554028381161377
CE_MATERIAL:0.5105273142637545
CE_KINGSAFETY:0.5202512816395808
C_PIECESQUARETABLES:0.46566083948761094
C_MOBILITY:0.5386635800666362
C_KINGSAFETY:0.5158544147138922
C_PAWNSTRUCTURE:0.5338493537401378
C_PIECECOORDINATION:0.481468747481469
C_ROOKANDPAWNMOVEMENT:0.481468747481469
C_CENTERCONTROL:0.49689055450110853
C_DEVELOPPIECES:0.4914786815293089
C_MATERIAL:0.5776925868752572
C_MOVECOUNT:0.47948126058575646
