ELO:1258
CE_PASSEDPAWNS:0.50141212792795
CE_PAWNWEAKNESSES:0.5792946350420063
CE_PIECEACTIVITY:0.6133240540200537
CE_KINGPAWNSHIELD:0.4307160354765893
CE_PIECECOORDINATION:0.5123935038840328
CE_MATERIAL:0.4457927023928453
CE_KINGSAFETY:0.5
C_PIECESQUARETABLES:0.4866083427912786
C_MOBILITY:0.4368030410366568
C_KINGSAFETY:0.3659412984783261
C_PAWNSTRUCTURE:0.5963017432150642
C_PIECECOORDINATION:0.4693151152932435
C_ROOKANDPAWNMOVEMENT:0.4693151152932435
C_CENTERCONTROL:0.4305309722257231
C_DEVELOPPIECES:0.4457860523505389
C_MATERIAL:0.5904881695881234
