ELO:1009
CE_PASSEDPAWNS:0.4465445310408945
CE_PAWNWEAKNESSES:0.5867378535677306
CE_PIECEACTIVITY:0.5256534381721791
CE_KINGPAWNSHIELD:0.39452144957275465
CE_PIECECOORDINATION:0.5777475355628926
CE_MATERIAL:0.5508939587478503
CE_KINGSAFETY:0.5
C_PIECESQUARETABLES:0.5
C_MOBILITY:0.5549351283792547
C_KINGSAFETY:0.3612025180063923
C_PAWNSTRUCTURE:0.4919821571418584
C_PIECECOORDINATION:0.46382151886479184
C_ROOKANDPAWNMOVEMENT:0.46382151886479184
C_CENTERCONTROL:0.42894235410171383
C_DEVELOPPIECES:0.42261362063168517
C_MATERIAL:0.552122436891938
