ELO:1005
CE_PASSEDPAWNS:0.5103645188137806
CE_PAWNWEAKNESSES:0.4758549934309976
CE_PIECEACTIVITY:0.5051662950335442
CE_KINGPAWNSHIELD:0.4803339191772181
CE_PIECECOORDINATION:0.5017789695501722
CE_MATERIAL:0.5037698820179148
CE_KINGSAFETY:0.5
C_PIECESQUARETABLES:0.5
C_MOBILITY:0.4927072540120888
C_KINGSAFETY:0.5073744283588497
C_PAWNSTRUCTURE:0.47960076828113696
C_PIECECOORDINATION:0.5330439623367109
C_ROOK:0.47702746268531815
CE_ROOK:0.5304932937063433
C_CENTERCONTROL:0.5081514357779137
C_DEVELOPPIECES:0.5007667440019551
C_MATERIAL:0.5414671902828214
C_MOVECOUNT:0.49063625738625116
C_PAWNMOVEMENT:0.5015296326728886
