ELO:953
CE_PASSEDPAWNS:0.47915502678136057
CE_PAWNWEAKNESSES:0.39733400308267064
CE_PIECEACTIVITY:0.44823602428528625
CE_KINGPAWNSHIELD:0.47046299599021574
CE_PIECECOORDINATION:0.49382040696219814
CE_MATERIAL:0.6463374080718187
CE_KINGSAFETY:0.5033339181720627
C_PIECESQUARETABLES:0.5164082035180485
C_MOBILITY:0.4689243338657089
C_KINGSAFETY:0.5503823108858542
C_PAWNSTRUCTURE:0.4773881159311127
C_PIECECOORDINATION:0.41915126294899385
C_ROOKANDPAWNMOVEMENT:0.41915126294899385
C_CENTERCONTROL:0.4600586980094085
C_DEVELOPPIECES:0.4701676284029649
C_MATERIAL:0.4650251720769551
