ELO:1274
CE_PASSEDPAWNS:0.4101286414090671
CE_PAWNWEAKNESSES:0.5437963069793471
CE_PIECEACTIVITY:0.4378818512389367
CE_KINGPAWNSHIELD:0.44992813898683515
CE_PIECECOORDINATION:0.5186002697884646
CE_MATERIAL:0.370861545389503
CE_KINGSAFETY:0.49424069646872854
C_PIECESQUARETABLES:0.5214037249346245
C_MOBILITY:0.4575944242744406
C_KINGSAFETY:0.3612025180063923
C_PAWNSTRUCTURE:0.6086893908681681
C_PIECECOORDINATION:0.6034186844261449
C_ROOKANDPAWNMOVEMENT:0.6034186844261449
C_CENTERCONTROL:0.5040604191381173
C_DEVELOPPIECES:0.5684118937704338
C_MATERIAL:0.6169075193765221
