ELO:1028
CE_PASSEDPAWNS:0.5103645188137806
CE_PAWNWEAKNESSES:0.4949374420748937
CE_PIECEACTIVITY:0.500113336584728
CE_KINGPAWNSHIELD:0.4970288219113497
CE_PIECECOORDINATION:0.5170688577303671
CE_MATERIAL:0.5097811921191853
CE_KINGSAFETY:0.5
C_PIECESQUARETABLES:0.5
C_MOBILITY:0.5185010580710362
C_KINGSAFETY:0.49354428455914456
C_PAWNSTRUCTURE:0.4998833079363668
C_PIECECOORDINATION:0.5088834782156937
C_ROOK:0.5021610458470172
CE_ROOK:0.473966689342418
C_CENTERCONTROL:0.4824005627424918
C_DEVELOPPIECES:0.5322250365635234
C_MATERIAL:0.4993733861170947
C_MOVECOUNT:0.502624187763173
C_PAWNMOVEMENT:0.5159787311400577
