ELO:963
CE_PASSEDPAWNS:0.5200077962415698
CE_PAWNWEAKNESSES:0.49962359141689383
CE_PIECEACTIVITY:0.5028713680750121
CE_KINGPAWNSHIELD:0.49155006326939965
CE_PIECECOORDINATION:0.5007660020209665
CE_MATERIAL:0.5068504292782153
CE_KINGSAFETY:0.5086189356746249
C_PIECESQUARETABLES:0.5
C_MOBILITY:0.500963961711729
C_KINGSAFETY:0.4991686438094736
C_PAWNSTRUCTURE:0.4951533723814264
C_PIECECOORDINATION:0.5050792234541887
C_ROOKANDPAWNMOVEMENT:0.5050792234541887
C_CENTERCONTROL:0.510476609190309
C_DEVELOPPIECES:0.4822402712474386
C_MATERIAL:0.499841099590895
C_MOVECOUNT:0.5
