ELO:1022
CE_PASSEDPAWNS:0.49648233565320143
CE_PAWNWEAKNESSES:0.4871710299216591
CE_PIECEACTIVITY:0.5023545812997492
CE_KINGPAWNSHIELD:0.5031981442928324
CE_PIECECOORDINATION:0.5
CE_MATERIAL:0.5
CE_KINGSAFETY:0.5
C_PIECESQUARETABLES:0.5
C_MOBILITY:0.5
C_KINGSAFETY:0.5
C_PAWNSTRUCTURE:0.5
C_PIECECOORDINATION:0.49789484162712394
C_ROOKANDPAWNMOVEMENT:0.49789484162712394
C_CENTERCONTROL:0.5
C_DEVELOPPIECES:0.5
C_MATERIAL:0.49631317065393
C_MOVECOUNT:0.4950181380301468
