ELO:987
CE_PASSEDPAWNS:0.5156839845540195
CE_PAWNWEAKNESSES:0.4587279332565922
CE_PIECEACTIVITY:0.5407582011056409
CE_KINGPAWNSHIELD:0.4076561608377238
CE_PIECECOORDINATION:0.44538019471221774
CE_MATERIAL:0.4958925190220421
CE_KINGSAFETY:0.5
C_PIECESQUARETABLES:0.5
C_MOBILITY:0.6076327737009805
C_KINGSAFETY:0.5686790782503004
C_PAWNSTRUCTURE:0.43337021491798206
C_PIECECOORDINATION:0.6135308168497035
C_ROOKANDPAWNMOVEMENT:0.6135308168497035
C_CENTERCONTROL:0.42894235410171383
C_DEVELOPPIECES:0.48463106472835726
C_MATERIAL:0.6320895787071104
