ELO:1005
CE_PASSEDPAWNS:0.5103645188137806
CE_PAWNWEAKNESSES:0.4840104548018427
CE_PIECEACTIVITY:0.5038421339517635
CE_KINGPAWNSHIELD:0.5170938629885469
CE_PIECECOORDINATION:0.5238094004842603
CE_MATERIAL:0.5037698820179148
CE_KINGSAFETY:0.5
C_PIECESQUARETABLES:0.5
C_MOBILITY:0.47656242612073507
C_KINGSAFETY:0.4926899323073703
C_PAWNSTRUCTURE:0.5248539856510998
C_PIECECOORDINATION:0.5330439623367109
C_ROOK:0.5031056924103747
CE_ROOK:0.5221912629796174
C_CENTERCONTROL:0.503935985226219
C_DEVELOPPIECES:0.4994361975862497
C_MATERIAL:0.5414671902828214
C_MOVECOUNT:0.5281170534686258
C_PAWNMOVEMENT:0.5
