ELO:965
CE_PASSEDPAWNS:0.714283525775752
CE_PAWNWEAKNESSES:0.6014593898106299
CE_PIECEACTIVITY:0.7228331778458041
CE_KINGPAWNSHIELD:0.49956004420267136
CE_PIECECOORDINATION:0.5082972734459511
CE_MATERIAL:0.5046988509742476
C_PIECESQUARETABLES:0.5480168642786949
C_MOBILITY:0.4216567595401174
C_KINGSAFETY:0.566893469593221
C_PAWNSTRUCTURE:0.3512795759493618
C_PIECECOORDINATION:0.6818928361388333
C_MATERIAL:0.659906110249018
