ELO:955
CE_PASSEDPAWNS:0.5214677404768454
CE_PAWNWEAKNESSES:0.49223938167840836
CE_PIECEACTIVITY:0.49097897542605373
CE_KINGPAWNSHIELD:0.49882188510683295
CE_PIECECOORDINATION:0.47716095993519125
CE_MATERIAL:0.5294777074107545
CE_KINGSAFETY:0.4698952330667433
C_PIECESQUARETABLES:0.47554834025614295
C_MOBILITY:0.506338315782768
C_KINGSAFETY:0.48262084791549775
C_PAWNSTRUCTURE:0.48927147725520714
C_PIECECOORDINATION:0.5101054033631025
C_ROOKANDPAWNMOVEMENT:0.5101054033631025
C_CENTERCONTROL:0.528200676766268
C_DEVELOPPIECES:0.5144356959911259
C_MATERIAL:0.5625346819772171
C_MOVECOUNT:0.5284222991924987
