ELO:838
CE_PASSEDPAWNS:0.4202592535614255
CE_PAWNWEAKNESSES:0.5253717874488086
CE_PIECEACTIVITY:0.38081995653812833
CE_KINGPAWNSHIELD:0.5157516498561
CE_PIECECOORDINATION:0.40634494856787334
CE_MATERIAL:0.4850019564986523
CE_KINGSAFETY:0.48127060952889295
C_PIECESQUARETABLES:0.5285366199016083
C_MOBILITY:0.5281049165414704
C_KINGSAFETY:0.46764975412807186
C_PAWNSTRUCTURE:0.48419579199417484
C_PIECECOORDINATION:0.5265455333738709
C_ROOKANDPAWNMOVEMENT:0.5265455333738709
C_CENTERCONTROL:0.5110176010479182
C_DEVELOPPIECES:0.47173377219810414
C_MATERIAL:0.5022347699986973
C_MOVECOUNT:0.5
