ELO:977
CE_PASSEDPAWNS:0.4696943933275473
CE_PAWNWEAKNESSES:0.45680543110971467
CE_PIECEACTIVITY:0.45770383786678126
CE_KINGPAWNSHIELD:0.461472239574836
CE_PIECECOORDINATION:0.4702765258532214
CE_MATERIAL:0.6100155945358593
CE_KINGSAFETY:0.5011412167642854
C_PIECESQUARETABLES:0.5195960412034455
C_MOBILITY:0.49805130575280193
C_KINGSAFETY:0.5137614548266427
C_PAWNSTRUCTURE:0.5639589662384676
C_PIECECOORDINATION:0.40591364358805215
C_ROOKANDPAWNMOVEMENT:0.40591364358805215
C_CENTERCONTROL:0.4565672337860806
C_DEVELOPPIECES:0.5082945371345794
C_MATERIAL:0.4349673350958443
