ELO:1000
CE_PASSEDPAWNS:0.48850363306885114
CE_PAWNWEAKNESSES:0.497668496007749
CE_PIECEACTIVITY:0.48192996372047014
CE_KINGPAWNSHIELD:0.4529035209494385
CE_PIECECOORDINATION:0.5227654419419155
CE_MATERIAL:0.5197320705203092
CE_KINGSAFETY:0.5143099594708977
C_PIECESQUARETABLES:0.48429822371700443
C_MOBILITY:0.5484906026274743
C_KINGSAFETY:0.473241479896334
C_PAWNSTRUCTURE:0.5430808428443402
C_PIECECOORDINATION:0.4778121887624844
C_ROOKANDPAWNMOVEMENT:0.4778121887624844
C_CENTERCONTROL:0.47207154700325366
C_DEVELOPPIECES:0.4731478520843304
C_MATERIAL:0.48390853753077007
