ELO:956
CE_PASSEDPAWNS:0.47511065155665805
CE_PAWNWEAKNESSES:0.4195313597860952
CE_PIECEACTIVITY:0.4536501668635308
CE_KINGPAWNSHIELD:0.4841030735042431
CE_PIECECOORDINATION:0.49929007745142406
CE_MATERIAL:0.6292672208837545
CE_KINGSAFETY:0.5055721067626565
C_PIECESQUARETABLES:0.5261365978561945
C_MOBILITY:0.472464098560995
C_KINGSAFETY:0.5351472643122589
C_PAWNSTRUCTURE:0.4923721840605342
C_PIECECOORDINATION:0.4204975805577442
C_ROOKANDPAWNMOVEMENT:0.4204975805577442
C_CENTERCONTROL:0.46209158483551244
C_DEVELOPPIECES:0.5029588265049745
C_MATERIAL:0.45948229315917255
