ELO:933
CE_PASSEDPAWNS:0.5212458509919252
CE_PAWNWEAKNESSES:0.5014268792887437
CE_PIECEACTIVITY:0.5004928790410745
CE_KINGPAWNSHIELD:0.522299403575643
CE_PIECECOORDINATION:0.4871594748173399
CE_MATERIAL:0.5320545875764906
CE_KINGSAFETY:0.540417831299881
C_PIECESQUARETABLES:0.4682793365423861
C_MOBILITY:0.5159947999001226
C_KINGSAFETY:0.5040492782740488
C_PAWNSTRUCTURE:0.4716784496361007
C_PIECECOORDINATION:0.46360078464518595
C_ROOKANDPAWNMOVEMENT:0.46360078464518595
C_CENTERCONTROL:0.4699163531728493
C_DEVELOPPIECES:0.5190479091593639
C_MATERIAL:0.5259720510261422
C_MOVECOUNT:0.46654180768886866
