ELO:1012
CE_PASSEDPAWNS:0.5007373898084715
CE_PAWNWEAKNESSES:0.5016324475483889
CE_PIECEACTIVITY:0.4840706905331773
CE_KINGPAWNSHIELD:0.5107064665995753
CE_PIECECOORDINATION:0.5081763254168357
CE_MATERIAL:0.498241768069025
CE_KINGSAFETY:0.5
C_PIECESQUARETABLES:0.5
C_MOBILITY:0.49770676140553594
C_KINGSAFETY:0.507520798021155
C_PAWNSTRUCTURE:0.5117739684694225
C_PIECECOORDINATION:0.5095466867205929
C_ROOKANDPAWNMOVEMENT:0.5095466867205929
C_CENTERCONTROL:0.50773312655576
C_DEVELOPPIECES:0.5
C_MATERIAL:0.4925685683244397
C_MOVECOUNT:0.48882670880509677
