ELO:1002
CE_PASSEDPAWNS:0.49648233565320143
CE_PAWNWEAKNESSES:0.5
CE_PIECEACTIVITY:0.533460350725603
CE_KINGPAWNSHIELD:0.5090177146020164
CE_PIECECOORDINATION:0.5
CE_MATERIAL:0.5
CE_KINGSAFETY:0.5
C_PIECESQUARETABLES:0.5
C_MOBILITY:0.5
C_KINGSAFETY:0.48941417470218174
C_PAWNSTRUCTURE:0.5
C_PIECECOORDINATION:0.49789484162712394
C_ROOKANDPAWNMOVEMENT:0.49789484162712394
C_CENTERCONTROL:0.48583206458451594
C_DEVELOPPIECES:0.5
C_MATERIAL:0.49435601120038647
C_MOVECOUNT:0.5011194397956806
