ELO:954
CE_PASSEDPAWNS:0.4804676269305609
CE_PAWNWEAKNESSES:0.42117526036905995
CE_PIECEACTIVITY:0.45698776358059284
CE_KINGPAWNSHIELD:0.4857481491436136
CE_PIECECOORDINATION:0.4945766428817546
CE_MATERIAL:0.6343175435072917
CE_KINGSAFETY:0.5055721067626565
C_PIECESQUARETABLES:0.521491648744367
C_MOBILITY:0.46004698061054394
C_KINGSAFETY:0.5351472643122589
C_PAWNSTRUCTURE:0.49340181178019143
C_PIECECOORDINATION:0.4204975805577442
C_ROOKANDPAWNMOVEMENT:0.4204975805577442
C_CENTERCONTROL:0.461613115198696
C_DEVELOPPIECES:0.4911236489537503
C_MATERIAL:0.45948229315917255
