ELO:997
CE_PASSEDPAWNS:0.5092317389313964
CE_PAWNWEAKNESSES:0.5383270973301777
CE_PIECEACTIVITY:0.49767328679271217
CE_KINGPAWNSHIELD:0.47537970471309404
CE_PIECECOORDINATION:0.48211333703798537
CE_MATERIAL:0.49593376314523896
CE_KINGSAFETY:0.5
C_PIECESQUARETABLES:0.49718914240218953
C_MOBILITY:0.505660742160286
C_KINGSAFETY:0.48719836825394514
C_PAWNSTRUCTURE:0.5005339267232157
C_PIECECOORDINATION:0.5021414923254232
C_ROOK:0.49006077519858715
CE_ROOK:0.5017195314651113
C_CENTERCONTROL:0.48904463987635916
C_DEVELOPPIECES:0.5
C_MATERIAL:0.49364397396143694
C_MOVECOUNT:0.4733766181712077
C_PAWNMOVEMENT:0.5021837588320475
