ELO:1005
CE_PASSEDPAWNS:0.5
CE_PAWNWEAKNESSES:0.5
CE_PIECEACTIVITY:0.5050335187759444
CE_KINGPAWNSHIELD:0.5
CE_PIECECOORDINATION:0.5
CE_MATERIAL:0.500890800427888
CE_KINGSAFETY:0.5
C_PIECESQUARETABLES:0.5
C_MOBILITY:0.4961261872837943
C_KINGSAFETY:0.48941417470218174
C_PAWNSTRUCTURE:0.5105402118447838
C_PIECECOORDINATION:0.49789484162712394
C_ROOKANDPAWNMOVEMENT:0.49789484162712394
C_CENTERCONTROL:0.5
C_DEVELOPPIECES:0.5
C_MATERIAL:0.49435601120038647
C_MOVECOUNT:0.5011194397956806
