ELO:988
CE_PASSEDPAWNS:0.5014515829656346
CE_PAWNWEAKNESSES:0.4673572377553557
CE_PIECEACTIVITY:0.4638633406342619
CE_KINGPAWNSHIELD:0.45097792437108114
CE_PIECECOORDINATION:0.5261291911845489
CE_MATERIAL:0.5544955472034137
CE_KINGSAFETY:0.5366381916362556
C_PIECESQUARETABLES:0.44173804515251663
C_MOBILITY:0.5227234752071375
C_KINGSAFETY:0.4996401292510944
C_PAWNSTRUCTURE:0.5512158742045868
C_PIECECOORDINATION:0.48427458451168043
C_ROOKANDPAWNMOVEMENT:0.48427458451168043
C_CENTERCONTROL:0.49565754811215634
C_DEVELOPPIECES:0.4988948163069776
C_MATERIAL:0.48473849048396933
