ELO:1199
CE_PASSEDPAWNS:0.4476416470436395
CE_PAWNWEAKNESSES:0.44542974891888637
CE_PIECEACTIVITY:0.4159871763666937
CE_KINGPAWNSHIELD:0.4675483960701007
CE_PIECECOORDINATION:0.5243871740157307
CE_MATERIAL:0.4879868932312145
CE_KINGSAFETY:0.5
C_PIECESQUARETABLES:0.5
C_MOBILITY:0.3976216888052514
C_KINGSAFETY:0.39963621770432795
C_PAWNSTRUCTURE:0.5348732639120478
C_PIECECOORDINATION:0.5703658203001278
C_ROOKANDPAWNMOVEMENT:0.5703658203001278
C_CENTERCONTROL:0.5405540755029983
C_DEVELOPPIECES:0.4593697475404217
C_MATERIAL:0.5619656346539545
