ELO:1011
CE_PASSEDPAWNS:0.518512912745212
CE_PAWNWEAKNESSES:0.49964816369004844
CE_PIECEACTIVITY:0.5
CE_KINGPAWNSHIELD:0.5115483018791187
CE_PIECECOORDINATION:0.5
CE_MATERIAL:0.5009361503861395
CE_KINGSAFETY:0.4890263934822672
C_PIECESQUARETABLES:0.5094981871583305
C_MOBILITY:0.49227452877852235
C_KINGSAFETY:0.5029393604936971
C_PAWNSTRUCTURE:0.48085086780415137
C_PIECECOORDINATION:0.5199703778498299
C_ROOK:0.4923964306421466
CE_ROOK:0.490621331943612
C_CENTERCONTROL:0.5056868346274686
C_DEVELOPPIECES:0.5134497265794676
C_MATERIAL:0.5056873849241238
C_MOVECOUNT:0.5
C_PAWNMOVEMENT:0.5053443978351755
