ELO:1005
CE_PASSEDPAWNS:0.4918606520034574
CE_PAWNWEAKNESSES:0.5089087595630396
CE_PIECEACTIVITY:0.5021535510357856
CE_KINGPAWNSHIELD:0.4768608371591364
CE_PIECECOORDINATION:0.5206444350470286
CE_MATERIAL:0.4995801247307172
CE_KINGSAFETY:0.5
C_PIECESQUARETABLES:0.5
C_MOBILITY:0.5003187329585503
C_KINGSAFETY:0.4957808630364018
C_PAWNSTRUCTURE:0.5041285841688342
C_PIECECOORDINATION:0.4950878502951131
C_ROOK:0.5150881953636827
CE_ROOK:0.4898928659705995
C_CENTERCONTROL:0.5081514357779137
C_DEVELOPPIECES:0.48352193214347655
C_MATERIAL:0.4788564344845853
C_MOVECOUNT:0.4891104888535709
C_PAWNMOVEMENT:0.509499793086286
