ELO:1134
CE_PASSEDPAWNS:0.44749870354253773
CE_PAWNWEAKNESSES:0.5936476439564067
CE_PIECEACTIVITY:0.5441808282861778
CE_KINGPAWNSHIELD:0.4628065437446107
CE_PIECECOORDINATION:0.5138962178399454
CE_MATERIAL:0.48958436284271634
CE_KINGSAFETY:0.5
C_PIECESQUARETABLES:0.5
C_MOBILITY:0.5690997868049475
C_KINGSAFETY:0.4381439392252424
C_PAWNSTRUCTURE:0.6141365889097428
C_PIECECOORDINATION:0.5947067428619455
C_ROOKANDPAWNMOVEMENT:0.5947067428619455
C_CENTERCONTROL:0.5685522909256078
C_DEVELOPPIECES:0.5528173797779841
C_MATERIAL:0.6828983766046607
