ELO:999
CE_PASSEDPAWNS:0.5248595236989155
CE_PAWNWEAKNESSES:0.45727139187975446
CE_PIECEACTIVITY:0.4580498526922201
CE_KINGPAWNSHIELD:0.47767539301721346
CE_PIECECOORDINATION:0.5013398469810533
CE_MATERIAL:0.5658550614894087
CE_KINGSAFETY:0.5400304975152209
C_PIECESQUARETABLES:0.4344297355109602
C_MOBILITY:0.5245992570689089
C_KINGSAFETY:0.49746694777871425
C_PAWNSTRUCTURE:0.571334042094048
C_PIECECOORDINATION:0.4341686025903044
C_ROOKANDPAWNMOVEMENT:0.4341686025903044
C_CENTERCONTROL:0.5107247756166761
C_DEVELOPPIECES:0.5114715288872773
C_MATERIAL:0.4707221702465831
