ELO:908
CE_PASSEDPAWNS:0.5138693916655106
CE_PAWNWEAKNESSES:0.4473360447136681
CE_PIECEACTIVITY:0.4719984361951819
CE_KINGPAWNSHIELD:0.4205663415764115
CE_PIECECOORDINATION:0.5133654247621283
CE_MATERIAL:0.677514189746543
CE_KINGSAFETY:0.5914677149718472
C_PIECESQUARETABLES:0.5099104433527637
C_MOBILITY:0.4292725512350893
C_KINGSAFETY:0.5627672245789631
C_PAWNSTRUCTURE:0.5119466644634959
C_PIECECOORDINATION:0.41469912644509904
C_ROOKANDPAWNMOVEMENT:0.41469912644509904
C_CENTERCONTROL:0.42939355504045995
C_DEVELOPPIECES:0.46214456057427283
C_MATERIAL:0.5513095044432346
