ELO:859
CE_PASSEDPAWNS:0.489530378781278
CE_PAWNWEAKNESSES:0.5152600442697743
CE_PIECEACTIVITY:0.41148120252824677
CE_KINGPAWNSHIELD:0.5216889061546031
CE_PIECECOORDINATION:0.5954472507376212
CE_MATERIAL:0.4840532737950728
CE_KINGSAFETY:0.5080681599596408
C_PIECESQUARETABLES:0.4799877565545024
C_MOBILITY:0.5398439042144706
C_KINGSAFETY:0.4466241070303689
C_PAWNSTRUCTURE:0.4617973418658589
C_PIECECOORDINATION:0.5185461756598745
C_ROOKANDPAWNMOVEMENT:0.5185461756598745
C_CENTERCONTROL:0.5699027032116131
C_DEVELOPPIECES:0.5149294348655891
C_MATERIAL:0.5092460864617424
C_MOVECOUNT:0.5
