ELO:773
CE_PASSEDPAWNS:0.530616188102845
CE_PAWNWEAKNESSES:0.5618772201290013
CE_PIECEACTIVITY:0.503573047573151
CE_KINGPAWNSHIELD:0.4103071275076443
CE_PIECECOORDINATION:0.4136660474272374
CE_MATERIAL:0.47464361522446624
CE_KINGSAFETY:0.5095031627282033
C_PIECESQUARETABLES:0.4660646153129247
C_MOBILITY:0.49998081891284113
C_KINGSAFETY:0.4414607189871724
C_PAWNSTRUCTURE:0.5001077215774554
C_PIECECOORDINATION:0.4744063857233249
C_ROOKANDPAWNMOVEMENT:0.4744063857233249
C_CENTERCONTROL:0.4614547324596675
C_DEVELOPPIECES:0.43243923282713687
C_MATERIAL:0.5122494062614391
C_MOVECOUNT:0.5
