ELO:1264
CE_PASSEDPAWNS:0.4155471022398515
CE_PAWNWEAKNESSES:0.6118676375864667
CE_PIECEACTIVITY:0.44631838776408517
CE_KINGPAWNSHIELD:0.44600764767306644
CE_PIECECOORDINATION:0.5243871740157307
CE_MATERIAL:0.35825092053010643
CE_KINGSAFETY:0.5
C_PIECESQUARETABLES:0.5
C_MOBILITY:0.3728157766794673
C_KINGSAFETY:0.38961952488319945
C_PAWNSTRUCTURE:0.5348732639120478
C_PIECECOORDINATION:0.5880373652657829
C_ROOKANDPAWNMOVEMENT:0.5880373652657829
C_CENTERCONTROL:0.5200534090186267
C_DEVELOPPIECES:0.43807300321877574
C_MATERIAL:0.622840321325036
