ELO:759
CE_PASSEDPAWNS:0.5266297813225307
CE_PAWNWEAKNESSES:0.577771979153887
CE_PIECEACTIVITY:0.5559432808155824
CE_KINGPAWNSHIELD:0.42401528392527327
CE_PIECECOORDINATION:0.3929840855213453
CE_MATERIAL:0.4730327214853282
CE_KINGSAFETY:0.5718996132981199
C_PIECESQUARETABLES:0.4489492078103793
C_MOBILITY:0.4660257403021356
C_KINGSAFETY:0.5186445273937798
C_PAWNSTRUCTURE:0.5172341802418514
C_PIECECOORDINATION:0.44809702987036804
C_ROOKANDPAWNMOVEMENT:0.44809702987036804
C_CENTERCONTROL:0.43061354053307416
C_DEVELOPPIECES:0.5042995758912036
C_MATERIAL:0.5162124385115119
C_MOVECOUNT:0.5
