ELO:971
CE_PASSEDPAWNS:0.47262307326470343
CE_PAWNWEAKNESSES:0.5167005757282789
CE_PIECEACTIVITY:0.5116386082260647
CE_KINGPAWNSHIELD:0.5080551692937462
CE_PIECECOORDINATION:0.5087446255244449
CE_MATERIAL:0.5245686614192376
CE_KINGSAFETY:0.5099788759580316
C_PIECESQUARETABLES:0.446476923368067
C_MOBILITY:0.5101511572630308
C_KINGSAFETY:0.4877372598698343
C_PAWNSTRUCTURE:0.4690155467458366
C_PIECECOORDINATION:0.4852261630101427
C_ROOKANDPAWNMOVEMENT:0.4852261630101427
C_CENTERCONTROL:0.4907187128998524
C_DEVELOPPIECES:0.4548477944600346
C_MATERIAL:0.5504649444666633
C_MOVECOUNT:0.5
