ELO:868
CE_PASSEDPAWNS:0.43156567950340485
CE_PAWNWEAKNESSES:0.5255171652787632
CE_PIECEACTIVITY:0.41811415796841966
CE_KINGPAWNSHIELD:0.5156485297441433
CE_PIECECOORDINATION:0.4008949157195105
CE_MATERIAL:0.47122911505581677
CE_KINGSAFETY:0.4852790794440556
C_PIECESQUARETABLES:0.5013811780074916
C_MOBILITY:0.5167203697768756
C_KINGSAFETY:0.4648015351700653
C_PAWNSTRUCTURE:0.48924526811334734
C_PIECECOORDINATION:0.5245262277016726
C_ROOKANDPAWNMOVEMENT:0.5245262277016726
C_CENTERCONTROL:0.5006860044147092
C_DEVELOPPIECES:0.48807382512798386
C_MATERIAL:0.48609028514780067
C_MOVECOUNT:0.5
