ELO:740
CE_PASSEDPAWNS:0.5143269415138977
CE_PAWNWEAKNESSES:0.5745427995254377
CE_PIECEACTIVITY:0.5452985779892998
CE_KINGPAWNSHIELD:0.4093402375008692
CE_PIECECOORDINATION:0.4032525029228158
CE_MATERIAL:0.4640714745694775
CE_KINGSAFETY:0.5447016511023188
C_PIECESQUARETABLES:0.43816152464405256
C_MOBILITY:0.47560369222946347
C_KINGSAFETY:0.5185422597015459
C_PAWNSTRUCTURE:0.5188869436319732
C_PIECECOORDINATION:0.438132499942728
C_ROOKANDPAWNMOVEMENT:0.438132499942728
C_CENTERCONTROL:0.4323756574976604
C_DEVELOPPIECES:0.5021017865362825
C_MATERIAL:0.5142763250494095
C_MOVECOUNT:0.5
