ELO:992
CE_PASSEDPAWNS:0.509627366259295
CE_PAWNWEAKNESSES:0.5101304147258322
CE_PIECEACTIVITY:0.470102383869818
CE_KINGPAWNSHIELD:0.46130209181087306
CE_PIECECOORDINATION:0.4687345920328115
CE_MATERIAL:0.4968670686508753
CE_KINGSAFETY:0.5
C_PIECESQUARETABLES:0.5
C_MOBILITY:0.49924117268537715
C_KINGSAFETY:0.4942850750043971
C_PAWNSTRUCTURE:0.47123736318600723
C_PIECECOORDINATION:0.5041442384498045
C_ROOK:0.5
CE_ROOK:0.48323991166558694
C_CENTERCONTROL:0.49002094731559065
C_DEVELOPPIECES:0.47120269052334773
C_MATERIAL:0.481774444455621
C_MOVECOUNT:0.47715920502183884
C_PAWNMOVEMENT:0.48282298105511523
