ELO:847
CE_PASSEDPAWNS:0.5149890666077558
CE_PAWNWEAKNESSES:0.45869303980037546
CE_PIECEACTIVITY:0.5012811574664092
CE_KINGPAWNSHIELD:0.48956679879473736
CE_PIECECOORDINATION:0.5198166444066223
CE_MATERIAL:0.4969712654960594
CE_KINGSAFETY:0.5
C_PIECESQUARETABLES:0.5
C_MOBILITY:0.4613347977939745
C_KINGSAFETY:0.5426527492275309
C_PAWNSTRUCTURE:0.5346130888657901
C_PIECECOORDINATION:0.420092381592891
C_ROOKANDPAWNMOVEMENT:0.420092381592891
C_CENTERCONTROL:0.5423914947877003
C_DEVELOPPIECES:0.5419711319523808
C_MATERIAL:0.5008724852683453
C_MOVECOUNT:0.5
