ELO:909
CE_PASSEDPAWNS:0.52545840179764
CE_PAWNWEAKNESSES:0.4488620322754421
CE_PIECEACTIVITY:0.46468114256691956
CE_KINGPAWNSHIELD:0.46620548664723094
CE_PIECECOORDINATION:0.5776251697712886
CE_MATERIAL:0.40802455865505355
CE_KINGSAFETY:0.48364991012711767
C_PIECESQUARETABLES:0.5370907404444424
C_MOBILITY:0.4856468788126838
C_KINGSAFETY:0.389482337131703
C_PAWNSTRUCTURE:0.5330533840379138
C_PIECECOORDINATION:0.4139555488368237
C_ROOKANDPAWNMOVEMENT:0.4139555488368237
C_CENTERCONTROL:0.4958684898966746
C_DEVELOPPIECES:0.44612109947080664
C_MATERIAL:0.481235921596442
