ELO:1001
CE_PASSEDPAWNS:0.466057801410065
CE_PAWNWEAKNESSES:0.49340288120460585
CE_PIECEACTIVITY:0.5051662950335442
CE_KINGPAWNSHIELD:0.4981100886017502
CE_PIECECOORDINATION:0.5068932531427986
CE_MATERIAL:0.5
CE_KINGSAFETY:0.5
C_PIECESQUARETABLES:0.5
C_MOBILITY:0.5009026001701242
C_KINGSAFETY:0.4871837420357146
C_PAWNSTRUCTURE:0.4944988609796438
C_PIECECOORDINATION:0.5121076075461656
C_ROOK:0.4941650046021563
CE_ROOK:0.49336961900279075
C_CENTERCONTROL:0.4875834148224284
C_DEVELOPPIECES:0.5073277355046117
C_MATERIAL:0.4983145440905801
C_MOVECOUNT:0.49081099985815413
C_PAWNMOVEMENT:0.5
