ELO:846
CE_PASSEDPAWNS:0.519281946836895
CE_PAWNWEAKNESSES:0.47939106214607186
CE_PIECEACTIVITY:0.5670933357159055
CE_KINGPAWNSHIELD:0.47908778423172665
CE_PIECECOORDINATION:0.6375668281415562
CE_MATERIAL:0.5261187342975099
CE_KINGSAFETY:0.4885810773602441
C_PIECESQUARETABLES:0.5282882495641232
C_MOBILITY:0.4982388858808953
C_KINGSAFETY:0.5170612409591776
C_PAWNSTRUCTURE:0.5354668091381597
C_PIECECOORDINATION:0.48873454864947763
C_ROOKANDPAWNMOVEMENT:0.48873454864947763
C_CENTERCONTROL:0.5074663275671436
C_DEVELOPPIECES:0.4978489262304691
C_MATERIAL:0.47699893245793823
C_MOVECOUNT:0.5
