ELO:1051
CE_PASSEDPAWNS:0.5001627123762505
CE_PAWNWEAKNESSES:0.5041863533903608
CE_PIECEACTIVITY:0.5
CE_KINGPAWNSHIELD:0.49341704630044075
CE_PIECECOORDINATION:0.5086703503588659
CE_MATERIAL:0.505063677775059
CE_KINGSAFETY:0.5
C_PIECESQUARETABLES:0.5
C_MOBILITY:0.5009841491690321
C_KINGSAFETY:0.497067400002532
C_PAWNSTRUCTURE:0.4801854738210639
C_PIECECOORDINATION:0.5129933973770763
C_ROOK:0.49274793368790865
CE_ROOK:0.49134650467698565
C_CENTERCONTROL:0.5080224797314908
C_DEVELOPPIECES:0.48870942002576345
C_MATERIAL:0.4934285011817089
C_MOVECOUNT:0.49742331114217486
C_PAWNMOVEMENT:0.4878275624337509
