ELO:1031
CE_PASSEDPAWNS:0.5244423501098813
CE_PAWNWEAKNESSES:0.4908273960924968
CE_PIECEACTIVITY:0.5012210520023992
CE_KINGPAWNSHIELD:0.4892652713571424
CE_PIECECOORDINATION:0.511440232155312
CE_MATERIAL:0.4908231845187665
CE_KINGSAFETY:0.5
C_PIECESQUARETABLES:0.5
C_MOBILITY:0.4879524060363921
C_KINGSAFETY:0.501760859317036
C_PAWNSTRUCTURE:0.4951797095200419
C_PIECECOORDINATION:0.48310128427797977
C_ROOK:0.5
CE_ROOK:0.5057558812501163
C_CENTERCONTROL:0.4907432133480504
C_DEVELOPPIECES:0.5277752778422563
C_MATERIAL:0.493558950881213
C_MOVECOUNT:0.45921274873085527
C_PAWNMOVEMENT:0.5029316072697483
