ELO:1000
CE_PASSEDPAWNS:0.5145971494234394
CE_PAWNWEAKNESSES:0.5192871905575696
CE_PIECEACTIVITY:0.4890038284816062
CE_KINGPAWNSHIELD:0.4807479448029906
CE_PIECECOORDINATION:0.5385707291696965
CE_MATERIAL:0.49309853269582793
CE_KINGSAFETY:0.5011193364186542
C_PIECESQUARETABLES:0.5204919713658197
C_MOBILITY:0.49566057228690763
C_KINGSAFETY:0.5111243457240928
C_PAWNSTRUCTURE:0.506369289868807
C_PIECECOORDINATION:0.4723309640467307
C_ROOKANDPAWNMOVEMENT:0.4723309640467307
C_CENTERCONTROL:0.4999552630684154
C_DEVELOPPIECES:0.511228239430629
C_MATERIAL:0.4888107443801169
