ELO:975
CE_PASSEDPAWNS:0.5103732673306413
CE_PAWNWEAKNESSES:0.5195716976273007
CE_PIECEACTIVITY:0.49249575314367267
CE_KINGPAWNSHIELD:0.4781079108977538
CE_PIECECOORDINATION:0.4967112589595521
CE_MATERIAL:0.4743823148887125
CE_KINGSAFETY:0.5
C_PIECESQUARETABLES:0.5
C_MOBILITY:0.5275389154928073
C_KINGSAFETY:0.5003464891358351
C_PAWNSTRUCTURE:0.501965367088728
C_PIECECOORDINATION:0.5101652186360537
C_ROOK:0.4955225921970349
CE_ROOK:0.4946776503559545
C_CENTERCONTROL:0.4945439026458719
C_DEVELOPPIECES:0.4980236793900829
C_MATERIAL:0.5212924907780183
C_MOVECOUNT:0.5132068945722303
C_PAWNMOVEMENT:0.5072186104954414
