ELO:1089
CE_PASSEDPAWNS:0.5
CE_PAWNWEAKNESSES:0.4934967799216349
CE_PIECEACTIVITY:0.5093018100212628
CE_KINGPAWNSHIELD:0.5053802018525926
CE_PIECECOORDINATION:0.5019768619261716
CE_MATERIAL:0.5006403452704119
CE_KINGSAFETY:0.5
C_PIECESQUARETABLES:0.5
C_MOBILITY:0.5009841491690321
C_KINGSAFETY:0.4795235616541757
C_PAWNSTRUCTURE:0.4900787326071133
C_PIECECOORDINATION:0.5228079246997759
C_ROOK:0.5
CE_ROOK:0.4981899573446161
C_CENTERCONTROL:0.5053794469088625
C_DEVELOPPIECES:0.50148941199738
C_MATERIAL:0.5
C_MOVECOUNT:0.4900593295644423
C_PAWNMOVEMENT:0.4610732517191339
