ELO:1031
CE_PASSEDPAWNS:0.5380702369356082
CE_PAWNWEAKNESSES:0.5018274149743518
CE_PIECEACTIVITY:0.5171996192409746
CE_KINGPAWNSHIELD:0.5292612059159568
CE_PIECECOORDINATION:0.4858273279290439
CE_MATERIAL:0.5061820749371356
CE_KINGSAFETY:0.5
C_PIECESQUARETABLES:0.5
C_MOBILITY:0.4873458706748244
C_KINGSAFETY:0.5
C_PAWNSTRUCTURE:0.5047636744040566
C_PIECECOORDINATION:0.5168564573665481
C_ROOK:0.4770555646613208
CE_ROOK:0.4967726377850701
C_CENTERCONTROL:0.5047226692606631
C_DEVELOPPIECES:0.49224300431925777
C_MATERIAL:0.5039313586180075
C_MOVECOUNT:0.47838146683500443
C_PAWNMOVEMENT:0.5
