ELO:1000
CE_PASSEDPAWNS:0.5497737088566236
CE_PAWNWEAKNESSES:0.5241673500932691
CE_PIECEACTIVITY:0.46447503184918665
CE_KINGPAWNSHIELD:0.4627342167011089
CE_PIECECOORDINATION:0.5046971182830875
CE_MATERIAL:0.4619848293880963
CE_KINGSAFETY:0.5345245214473601
C_PIECESQUARETABLES:0.5234674497792208
C_MOBILITY:0.48192616151919015
C_KINGSAFETY:0.4988582829088394
C_PAWNSTRUCTURE:0.5328510233847177
C_PIECECOORDINATION:0.47458147106642184
C_ROOKANDPAWNMOVEMENT:0.47458147106642184
C_CENTERCONTROL:0.523207679873734
C_DEVELOPPIECES:0.5481078621202159
C_MATERIAL:0.45600157454322976
