ELO:980
CE_PASSEDPAWNS:0.5213427313711518
CE_PAWNWEAKNESSES:0.5137133348444539
CE_PIECEACTIVITY:0.48063865316751164
CE_KINGPAWNSHIELD:0.5162471210755616
CE_PIECECOORDINATION:0.47817209004273
CE_MATERIAL:0.513491952683816
CE_KINGSAFETY:0.5
C_PIECESQUARETABLES:0.5066528713926413
C_MOBILITY:0.506942112366359
C_KINGSAFETY:0.48796692013499693
C_PAWNSTRUCTURE:0.5140243012904085
C_PIECECOORDINATION:0.48467431169348074
C_ROOKANDPAWNMOVEMENT:0.48467431169348074
C_CENTERCONTROL:0.49215021461839253
C_DEVELOPPIECES:0.49246387498636596
C_MATERIAL:0.5093167110546934
C_MOVECOUNT:0.5228585168390084
