ELO:955
CE_PASSEDPAWNS:0.4693693759479678
CE_PAWNWEAKNESSES:0.42814276315557176
CE_PIECEACTIVITY:0.5007013034538255
CE_KINGPAWNSHIELD:0.45771933756055566
CE_PIECECOORDINATION:0.4823911916323358
CE_MATERIAL:0.496992075299462
CE_KINGSAFETY:0.5610382018889607
C_PIECESQUARETABLES:0.5421084907761381
C_MOBILITY:0.505670210896411
C_KINGSAFETY:0.5248287706808755
C_PAWNSTRUCTURE:0.47670796412279764
C_PIECECOORDINATION:0.49466194704548583
C_ROOKANDPAWNMOVEMENT:0.49466194704548583
C_CENTERCONTROL:0.4956942574174329
C_DEVELOPPIECES:0.5514568188772195
C_MATERIAL:0.33163993347863885
