ELO:929
CE_PASSEDPAWNS:0.5147801988190274
CE_PAWNWEAKNESSES:0.4569742036524095
CE_PIECEACTIVITY:0.4408490327044199
CE_KINGPAWNSHIELD:0.4314456395859154
CE_PIECECOORDINATION:0.4483008671683034
CE_MATERIAL:0.5090657900732795
CE_KINGSAFETY:0.4782826540921434
C_PIECESQUARETABLES:0.5524993650954896
C_MOBILITY:0.45491589496532475
C_KINGSAFETY:0.5430090055903312
C_PAWNSTRUCTURE:0.5098960242207553
C_PIECECOORDINATION:0.47502906987044524
C_ROOKANDPAWNMOVEMENT:0.47502906987044524
C_CENTERCONTROL:0.45012341541485307
C_DEVELOPPIECES:0.4927785866842465
C_MATERIAL:0.3597366096787572
