ELO:990
CE_PASSEDPAWNS:0.5
CE_PAWNWEAKNESSES:0.4862932666849437
CE_PIECEACTIVITY:0.4982301121491084
CE_KINGPAWNSHIELD:0.5
CE_PIECECOORDINATION:0.5
CE_MATERIAL:0.4875795188667516
CE_KINGSAFETY:0.5
C_PIECESQUARETABLES:0.5
C_MOBILITY:0.47551528963300804
C_KINGSAFETY:0.5027329887359254
C_PAWNSTRUCTURE:0.5
C_PIECECOORDINATION:0.4850686208918017
C_ROOKANDPAWNMOVEMENT:0.4850686208918017
C_CENTERCONTROL:0.4940775660684628
C_DEVELOPPIECES:0.4932467242867184
C_MATERIAL:0.5095340560030283
C_MOVECOUNT:0.5
