ELO:1031
CE_PASSEDPAWNS:0.5380702369356082
CE_PAWNWEAKNESSES:0.5018274149743518
CE_PIECEACTIVITY:0.5171996192409746
CE_KINGPAWNSHIELD:0.4752415700233207
CE_PIECECOORDINATION:0.4858273279290439
CE_MATERIAL:0.49873528204923373
CE_KINGSAFETY:0.5
C_PIECESQUARETABLES:0.5
C_MOBILITY:0.49390518534533817
C_KINGSAFETY:0.4977610177086823
C_PAWNSTRUCTURE:0.5
C_PIECECOORDINATION:0.5280390495162699
C_ROOK:0.4770555646613208
CE_ROOK:0.4636137108634359
C_CENTERCONTROL:0.4935227025387516
C_DEVELOPPIECES:0.49224300431925777
C_MATERIAL:0.5039313586180075
C_MOVECOUNT:0.4839318357483658
C_PAWNMOVEMENT:0.5
