ELO:1001
CE_PASSEDPAWNS:0.44749870354253773
CE_PAWNWEAKNESSES:0.5195845780122825
CE_PIECEACTIVITY:0.5206374458921995
CE_KINGPAWNSHIELD:0.4921830056243816
CE_PIECECOORDINATION:0.5006254077195683
CE_MATERIAL:0.5859162883553349
CE_KINGSAFETY:0.46805608538159027
C_PIECESQUARETABLES:0.5132186089976225
C_MOBILITY:0.6026464392976837
C_KINGSAFETY:0.4381987005232809
C_PAWNSTRUCTURE:0.3981606275611851
C_PIECECOORDINATION:0.43347938389676827
C_ROOKANDPAWNMOVEMENT:0.43347938389676827
C_CENTERCONTROL:0.5685522909256078
C_DEVELOPPIECES:0.4678115621077499
C_MATERIAL:0.6137695582720679
