ELO:958
CE_PASSEDPAWNS:0.5213427313711518
CE_PAWNWEAKNESSES:0.5137133348444539
CE_PIECEACTIVITY:0.48063865316751164
CE_KINGPAWNSHIELD:0.5162471210755616
CE_PIECECOORDINATION:0.4850762965989643
CE_MATERIAL:0.513491952683816
CE_KINGSAFETY:0.47562370707800267
C_PIECESQUARETABLES:0.5107940281686498
C_MOBILITY:0.506942112366359
C_KINGSAFETY:0.4973854955043259
C_PAWNSTRUCTURE:0.5140243012904085
C_PIECECOORDINATION:0.4855052974797561
C_ROOKANDPAWNMOVEMENT:0.4855052974797561
C_CENTERCONTROL:0.49215021461839253
C_DEVELOPPIECES:0.49246387498636596
C_MATERIAL:0.5093167110546934
C_MOVECOUNT:0.5222969847946137
