ELO:1000
CE_PASSEDPAWNS:0.4822080332703955
CE_PAWNWEAKNESSES:0.5283020926946097
CE_PIECEACTIVITY:0.5042744149644103
CE_KINGPAWNSHIELD:0.5100877329207784
CE_PIECECOORDINATION:0.49327667327672187
CE_MATERIAL:0.49043332114155164
CE_KINGSAFETY:0.49099227451709104
C_PIECESQUARETABLES:0.5206531951923752
C_MOBILITY:0.4678878154167397
C_KINGSAFETY:0.5019252006171482
C_PAWNSTRUCTURE:0.49191393334109346
C_PIECECOORDINATION:0.5092117855111906
C_ROOKANDPAWNMOVEMENT:0.5092117855111906
C_CENTERCONTROL:0.47934386784637745
C_DEVELOPPIECES:0.4964601472307552
C_MATERIAL:0.48937358801904407
