ELO:1062
CE_PASSEDPAWNS:0.49287951532188656
CE_PAWNWEAKNESSES:0.4830405011720233
CE_PIECEACTIVITY:0.5093018100212628
CE_KINGPAWNSHIELD:0.5089849341898938
CE_PIECECOORDINATION:0.5019768619261716
CE_MATERIAL:0.5006403452704119
CE_KINGSAFETY:0.5
C_PIECESQUARETABLES:0.5
C_MOBILITY:0.49731990569851686
C_KINGSAFETY:0.5084578881449698
C_PAWNSTRUCTURE:0.5
C_PIECECOORDINATION:0.5164738090207023
C_ROOK:0.49228219716873883
CE_ROOK:0.47507486477495864
C_CENTERCONTROL:0.5080224797314908
C_DEVELOPPIECES:0.4631289165320919
C_MATERIAL:0.5
C_MOVECOUNT:0.4900593295644423
C_PAWNMOVEMENT:0.5049255284258698
