ELO:956
CE_PASSEDPAWNS:0.5209764341018003
CE_PAWNWEAKNESSES:0.45263666774146
CE_PIECEACTIVITY:0.4979197151682865
CE_KINGPAWNSHIELD:0.4887001669855625
CE_PIECECOORDINATION:0.5287973850621287
CE_MATERIAL:0.4530251127590491
CE_KINGSAFETY:0.5181864525313395
C_PIECESQUARETABLES:0.5119587174984391
C_MOBILITY:0.5217322198814828
C_KINGSAFETY:0.45039843804158486
C_PAWNSTRUCTURE:0.5086227693028507
C_PIECECOORDINATION:0.4384041770161838
C_ROOKANDPAWNMOVEMENT:0.4384041770161838
C_CENTERCONTROL:0.47362126767751395
C_DEVELOPPIECES:0.4103930110784374
C_MATERIAL:0.49318443988646327
