ELO:1019
CE_PASSEDPAWNS:0.5244423501098813
CE_PAWNWEAKNESSES:0.4908273960924968
CE_PIECEACTIVITY:0.5050141477033739
CE_KINGPAWNSHIELD:0.4892652713571424
CE_PIECECOORDINATION:0.4073481356949236
CE_MATERIAL:0.5
CE_KINGSAFETY:0.5
C_PIECESQUARETABLES:0.5
C_MOBILITY:0.5238940948642011
C_KINGSAFETY:0.5207123532506147
C_PAWNSTRUCTURE:0.4951797095200419
C_PIECECOORDINATION:0.48310128427797977
C_ROOK:0.5570368364430367
CE_ROOK:0.50420920891982
C_CENTERCONTROL:0.47972147466404774
C_DEVELOPPIECES:0.5277752778422563
C_MATERIAL:0.5070043979534633
C_MOVECOUNT:0.45921274873085527
C_PAWNMOVEMENT:0.5104097384420568
