ELO:836
CE_PASSEDPAWNS:0.5212878396561594
CE_PAWNWEAKNESSES:0.48496779837832177
CE_PIECEACTIVITY:0.5823375712717013
CE_KINGPAWNSHIELD:0.47706001986804303
CE_PIECECOORDINATION:0.6579877325717306
CE_MATERIAL:0.5203490764131026
CE_KINGSAFETY:0.47080093532048495
C_PIECESQUARETABLES:0.5098717974081752
C_MOBILITY:0.4834787468576532
C_KINGSAFETY:0.4755741653657862
C_PAWNSTRUCTURE:0.5545230271021575
C_PIECECOORDINATION:0.47535899300423234
C_ROOKANDPAWNMOVEMENT:0.47535899300423234
C_CENTERCONTROL:0.515551435132224
C_DEVELOPPIECES:0.49858272351537547
C_MATERIAL:0.46704321997486836
C_MOVECOUNT:0.5
