ELO:934
CE_PASSEDPAWNS:0.5036159106729479
CE_PAWNWEAKNESSES:0.45714486601489634
CE_PIECEACTIVITY:0.49194537632843915
CE_KINGPAWNSHIELD:0.4450172733077742
CE_PIECECOORDINATION:0.4932454716741133
CE_MATERIAL:0.5018558503454117
CE_KINGSAFETY:0.5232482819452341
C_PIECESQUARETABLES:0.5
C_MOBILITY:0.48473830894429426
C_KINGSAFETY:0.5393413482960048
C_PAWNSTRUCTURE:0.5013230000420352
C_PIECECOORDINATION:0.486309425942491
C_ROOKANDPAWNMOVEMENT:0.486309425942491
C_CENTERCONTROL:0.4577698820650703
C_DEVELOPPIECES:0.5220727101940326
C_MATERIAL:0.34911817405796713
