ELO:943
CE_PASSEDPAWNS:0.5207259858870942
CE_PAWNWEAKNESSES:0.487135858328802
CE_PIECEACTIVITY:0.5199898109194435
CE_KINGPAWNSHIELD:0.5050612575844069
CE_PIECECOORDINATION:0.5109912077752224
CE_MATERIAL:0.5180264257095574
CE_KINGSAFETY:0.5039193257487894
C_PIECESQUARETABLES:0.5
C_MOBILITY:0.5103552830832946
C_KINGSAFETY:0.501302806093858
C_PAWNSTRUCTURE:0.491198963341183
C_PIECECOORDINATION:0.5015541272774843
C_ROOKANDPAWNMOVEMENT:0.5015541272774843
C_CENTERCONTROL:0.49520081376942904
C_DEVELOPPIECES:0.493348944065437
C_MATERIAL:0.5177313930583539
C_MOVECOUNT:0.5
