ELO:1000
CE_PASSEDPAWNS:0.5135816873193212
CE_PAWNWEAKNESSES:0.5145837571644325
CE_PIECEACTIVITY:0.4876868213202605
CE_KINGPAWNSHIELD:0.47691183926498426
CE_PIECECOORDINATION:0.5385707291696965
CE_MATERIAL:0.5004389844507264
CE_KINGSAFETY:0.5040249515384907
C_PIECESQUARETABLES:0.5236819018965462
C_MOBILITY:0.4887160864305431
C_KINGSAFETY:0.5038339909561761
C_PAWNSTRUCTURE:0.4971855995926823
C_PIECECOORDINATION:0.4918345342233833
C_ROOKANDPAWNMOVEMENT:0.4918345342233833
C_CENTERCONTROL:0.5052855463891477
C_DEVELOPPIECES:0.511228239430629
C_MATERIAL:0.4914067684325963
