ELO:781
CE_PASSEDPAWNS:0.5611455276596359
CE_PAWNWEAKNESSES:0.49754424275467074
CE_PIECEACTIVITY:0.5782439716352964
CE_KINGPAWNSHIELD:0.4796329124918438
CE_PIECECOORDINATION:0.6244911625087676
CE_MATERIAL:0.5517031463310379
CE_KINGSAFETY:0.4603039462018469
C_PIECESQUARETABLES:0.4760201245141035
C_MOBILITY:0.46034798163214863
C_KINGSAFETY:0.47064544661367913
C_PAWNSTRUCTURE:0.5839454312592895
C_PIECECOORDINATION:0.4906003865857509
C_ROOKANDPAWNMOVEMENT:0.4906003865857509
C_CENTERCONTROL:0.5192176363142402
C_DEVELOPPIECES:0.5070472194251687
C_MATERIAL:0.4502359600272389
C_MOVECOUNT:0.5
