ELO:1000
CE_PASSEDPAWNS:0.48178208346362084
CE_PAWNWEAKNESSES:0.5088899732971571
CE_PIECEACTIVITY:0.5
CE_KINGPAWNSHIELD:0.5
CE_PIECECOORDINATION:0.5
CE_MATERIAL:0.5
CE_KINGSAFETY:0.5013935208689504
C_PIECESQUARETABLES:0.5053067750521211
C_MOBILITY:0.5
C_KINGSAFETY:0.5001450759982594
C_PAWNSTRUCTURE:0.5
C_PIECECOORDINATION:0.5
C_ROOK:0.5008566423410152
CE_ROOK:0.5
C_CENTERCONTROL:0.5
C_DEVELOPPIECES:0.5
C_MATERIAL:0.490364996856548
C_MOVECOUNT:0.49875536187759123
C_PAWNMOVEMENT:0.5
