ELO:1019
CE_PASSEDPAWNS:0.4920896759916136
CE_PAWNWEAKNESSES:0.5046852023709752
CE_PIECEACTIVITY:0.517388315537129
CE_KINGPAWNSHIELD:0.5084293836041178
CE_PIECECOORDINATION:0.5
CE_MATERIAL:0.4994793841422356
CE_KINGSAFETY:0.5
C_PIECESQUARETABLES:0.5
C_MOBILITY:0.49617054150946194
C_KINGSAFETY:0.5265014950059942
C_PAWNSTRUCTURE:0.4804053736929924
C_PIECECOORDINATION:0.5129933973770763
C_ROOK:0.5021610458470172
CE_ROOK:0.4986050486696191
C_CENTERCONTROL:0.5043711180257453
C_DEVELOPPIECES:0.5277752778422563
C_MATERIAL:0.48217609310393933
C_MOVECOUNT:0.482048177781621
C_PAWNMOVEMENT:0.509743251232622
