ELO:969
CE_PASSEDPAWNS:0.5016185327682399
CE_PAWNWEAKNESSES:0.4890119831345164
CE_PIECEACTIVITY:0.49257715446676353
CE_KINGPAWNSHIELD:0.5108155747289
CE_PIECECOORDINATION:0.49515270574138276
CE_MATERIAL:0.5088737305074025
CE_KINGSAFETY:0.47744028989901566
C_PIECESQUARETABLES:0.5020276410142558
C_MOBILITY:0.5200446675650229
C_KINGSAFETY:0.5110644406930029
C_PAWNSTRUCTURE:0.48627077269468316
C_PIECECOORDINATION:0.49705857753511323
C_ROOKANDPAWNMOVEMENT:0.49705857753511323
C_CENTERCONTROL:0.5265565962329769
C_DEVELOPPIECES:0.4908757076745561
C_MATERIAL:0.4802890885225921
