ELO:1025
CE_PASSEDPAWNS:0.495523988799113
CE_PAWNWEAKNESSES:0.5041863533903608
CE_PIECEACTIVITY:0.5051662950335442
CE_KINGPAWNSHIELD:0.49341704630044075
CE_PIECECOORDINATION:0.5086703503588659
CE_MATERIAL:0.49325021876661057
CE_KINGSAFETY:0.5
C_PIECESQUARETABLES:0.4953836827547326
C_MOBILITY:0.5009026001701242
C_KINGSAFETY:0.46232275311251947
C_PAWNSTRUCTURE:0.4944988609796438
C_PIECECOORDINATION:0.5121076075461656
C_ROOK:0.5036028226119421
CE_ROOK:0.4922410822318803
C_CENTERCONTROL:0.5039788871700898
C_DEVELOPPIECES:0.49823655828677355
C_MATERIAL:0.5212583404475375
C_MOVECOUNT:0.4857960302611659
C_PAWNMOVEMENT:0.49855817301213
