ELO:978
CE_PASSEDPAWNS:0.4683839718449776
CE_PAWNWEAKNESSES:0.4345900784295232
CE_PIECEACTIVITY:0.4659289841301662
CE_KINGPAWNSHIELD:0.448615987500597
CE_PIECECOORDINATION:0.4791311830852105
CE_MATERIAL:0.48773644212044653
CE_KINGSAFETY:0.5593059671284587
C_PIECESQUARETABLES:0.5372074462217808
C_MOBILITY:0.4927477332573152
C_KINGSAFETY:0.545412106383098
C_PAWNSTRUCTURE:0.4697755156796788
C_PIECECOORDINATION:0.49728413786198356
C_ROOKANDPAWNMOVEMENT:0.49728413786198356
C_CENTERCONTROL:0.4849626951633971
C_DEVELOPPIECES:0.5465298587987727
C_MATERIAL:0.33501371548720427
