ELO:1031
CE_PASSEDPAWNS:0.5380702369356082
CE_PAWNWEAKNESSES:0.4934967799216349
CE_PIECEACTIVITY:0.5171996192409746
CE_KINGPAWNSHIELD:0.5292612059159568
CE_PIECECOORDINATION:0.498980069241355
CE_MATERIAL:0.5135565455755512
CE_KINGSAFETY:0.5
C_PIECESQUARETABLES:0.5
C_MOBILITY:0.4873458706748244
C_KINGSAFETY:0.5
C_PAWNSTRUCTURE:0.5
C_PIECECOORDINATION:0.5088834782156937
C_ROOK:0.5
CE_ROOK:0.4967726377850701
C_CENTERCONTROL:0.5047226692606631
C_DEVELOPPIECES:0.48545380561561957
C_MATERIAL:0.48814307046272054
C_MOVECOUNT:0.47838146683500443
C_PAWNMOVEMENT:0.5
