ELO:912
CE_PASSEDPAWNS:0.502964899329261
CE_PAWNWEAKNESSES:0.5007432244625938
CE_PIECEACTIVITY:0.4728556315447797
CE_KINGPAWNSHIELD:0.5001276700134248
CE_PIECECOORDINATION:0.4934486839913516
CE_MATERIAL:0.4468398599070375
CE_KINGSAFETY:0.5
C_PIECESQUARETABLES:0.4877874609851779
C_MOBILITY:0.49308198118468793
C_KINGSAFETY:0.472547984107643
C_PAWNSTRUCTURE:0.4982312983614063
C_PIECECOORDINATION:0.4913101109630534
C_ROOKANDPAWNMOVEMENT:0.4913101109630534
C_CENTERCONTROL:0.5140198499534986
C_DEVELOPPIECES:0.501123518851287
C_MATERIAL:0.48697017685519367
C_MOVECOUNT:0.5006907149001865
