ELO:937
CE_PASSEDPAWNS:0.5040979944066928
CE_PAWNWEAKNESSES:0.4887640105590025
CE_PIECEACTIVITY:0.4871212548704883
CE_KINGPAWNSHIELD:0.5035641227916765
CE_PIECECOORDINATION:0.4700584702266615
CE_MATERIAL:0.5196073250829207
CE_KINGSAFETY:0.46828804355031
C_PIECESQUARETABLES:0.5020276410142558
C_MOBILITY:0.5152577226462106
C_KINGSAFETY:0.5104837781129047
C_PAWNSTRUCTURE:0.48233097531389924
C_PIECECOORDINATION:0.5014056177740713
C_ROOKANDPAWNMOVEMENT:0.5014056177740713
C_CENTERCONTROL:0.5350526827170502
C_DEVELOPPIECES:0.5018131876211505
C_MATERIAL:0.49938880521874984
