ELO:953
CE_PASSEDPAWNS:0.4865609111900497
CE_PAWNWEAKNESSES:0.515226360132138
CE_PIECEACTIVITY:0.4832855270183864
CE_KINGPAWNSHIELD:0.5175894408768978
CE_PIECECOORDINATION:0.4867081941531034
CE_MATERIAL:0.5325508545915931
CE_KINGSAFETY:0.4916839694433123
C_PIECESQUARETABLES:0.4904531319689756
C_MOBILITY:0.4586931459564369
C_KINGSAFETY:0.5088909388670485
C_PAWNSTRUCTURE:0.48624725333369617
C_PIECECOORDINATION:0.46643457049028075
C_ROOKANDPAWNMOVEMENT:0.46643457049028075
C_CENTERCONTROL:0.48366822593000375
C_DEVELOPPIECES:0.4896716486295359
C_MATERIAL:0.5089086568461155
C_MOVECOUNT:0.49818880165757445
