ELO:1013
CE_PASSEDPAWNS:0.5052969332376468
CE_PAWNWEAKNESSES:0.5257260574701174
CE_PIECEACTIVITY:0.4997308048653125
CE_KINGPAWNSHIELD:0.49908086068937574
CE_PIECECOORDINATION:0.4958502164802616
CE_MATERIAL:0.5204859485529388
CE_KINGSAFETY:0.49329252960764924
C_PIECESQUARETABLES:0.507861084565036
C_MOBILITY:0.5138600025146381
C_KINGSAFETY:0.5145984561030156
C_PAWNSTRUCTURE:0.503481522702267
C_PIECECOORDINATION:0.4994363988146351
C_ROOKANDPAWNMOVEMENT:0.4994363988146351
C_CENTERCONTROL:0.49504776613243817
C_DEVELOPPIECES:0.4983383664867846
C_MATERIAL:0.4724335332322836
C_MOVECOUNT:0.4847273314395375
