ELO:1096
CE_PASSEDPAWNS:0.442778421640529
CE_PAWNWEAKNESSES:0.5042580697097614
CE_PIECEACTIVITY:0.45847694991360355
CE_KINGPAWNSHIELD:0.41353639191739433
CE_PIECECOORDINATION:0.5449900128502336
CE_MATERIAL:0.4589952692485192
CE_KINGSAFETY:0.4930519275108255
C_PIECESQUARETABLES:0.47687075853755617
C_MOBILITY:0.5237836264594173
C_KINGSAFETY:0.6009543595079152
C_PAWNSTRUCTURE:0.41040599071577993
C_PIECECOORDINATION:0.4844355936869815
C_ROOKANDPAWNMOVEMENT:0.4844355936869815
C_CENTERCONTROL:0.5466253011615404
C_DEVELOPPIECES:0.5695738693071475
C_MATERIAL:0.4073474203952967
