ELO:959
CE_PASSEDPAWNS:0.5171933305866653
CE_PAWNWEAKNESSES:0.46286443789621523
CE_PIECEACTIVITY:0.4206898299707975
CE_KINGPAWNSHIELD:0.4436339363124877
CE_PIECECOORDINATION:0.44960479416232413
CE_MATERIAL:0.5032539266754519
CE_KINGSAFETY:0.49738987708024074
C_PIECESQUARETABLES:0.4961412159923164
C_MOBILITY:0.44769757458538084
C_KINGSAFETY:0.5402701294696504
C_PAWNSTRUCTURE:0.5144871361145313
C_PIECECOORDINATION:0.4661287558103817
C_ROOKANDPAWNMOVEMENT:0.4661287558103817
C_CENTERCONTROL:0.448388184506279
C_DEVELOPPIECES:0.48282788928865905
C_MATERIAL:0.35706761860118774
