ELO:1055
CE_PASSEDPAWNS:0.5013787131414988
CE_PAWNWEAKNESSES:0.45563144221338636
CE_PIECEACTIVITY:0.48706326862624844
CE_KINGPAWNSHIELD:0.49795435638811325
CE_PIECECOORDINATION:0.5086703503588659
CE_MATERIAL:0.49117272036972864
CE_KINGSAFETY:0.5
C_PIECESQUARETABLES:0.5
C_MOBILITY:0.5070454903558789
C_KINGSAFETY:0.5
C_PAWNSTRUCTURE:0.5011184076901242
C_PIECECOORDINATION:0.5183704837768273
C_ROOK:0.4532034981946334
CE_ROOK:0.5043525010163519
C_CENTERCONTROL:0.49001549101485403
C_DEVELOPPIECES:0.49383403657542363
C_MATERIAL:0.5230226521637037
C_MOVECOUNT:0.5008778728888044
C_PAWNMOVEMENT:0.5260459540625663
