ELO:983
CE_PASSEDPAWNS:0.487117467300056
CE_PAWNWEAKNESSES:0.5082668617213084
CE_PIECEACTIVITY:0.5102701968942791
CE_KINGPAWNSHIELD:0.4787050261905096
CE_PIECECOORDINATION:0.48502322481211485
CE_MATERIAL:0.48616273259458276
CE_KINGSAFETY:0.547475667617138
C_PIECESQUARETABLES:0.5091320351124424
C_MOBILITY:0.48966103305426634
C_KINGSAFETY:0.45728025470176564
C_PAWNSTRUCTURE:0.45587529802230553
C_PIECECOORDINATION:0.5633336203176903
C_ROOKANDPAWNMOVEMENT:0.5633336203176903
C_CENTERCONTROL:0.43557088115526377
C_DEVELOPPIECES:0.49380366154961225
C_MATERIAL:0.5409232096175312
C_MOVECOUNT:0.5605310070640309
