ELO:962
CE_PASSEDPAWNS:0.5239924500223592
CE_PAWNWEAKNESSES:0.46981515291688447
CE_PIECEACTIVITY:0.5148384528595796
CE_KINGPAWNSHIELD:0.5004477523067136
CE_PIECECOORDINATION:0.48527729417307564
CE_MATERIAL:0.5198284759515084
CE_KINGSAFETY:0.4621320963294844
C_PIECESQUARETABLES:0.5101179541481988
C_MOBILITY:0.538651797931193
C_KINGSAFETY:0.5425012950764186
C_PAWNSTRUCTURE:0.47497939647017945
C_PIECECOORDINATION:0.5140032349539047
C_ROOKANDPAWNMOVEMENT:0.5140032349539047
C_CENTERCONTROL:0.5295074812186105
C_DEVELOPPIECES:0.4930370840154334
C_MATERIAL:0.4922876675110379
