ELO:1000
CE_PASSEDPAWNS:0.4818300420562655
CE_PAWNWEAKNESSES:0.5283020926946097
CE_PIECEACTIVITY:0.4982277819397953
CE_KINGPAWNSHIELD:0.5100877329207784
CE_PIECECOORDINATION:0.49327667327672187
CE_MATERIAL:0.4841362096603748
CE_KINGSAFETY:0.49099227451709104
C_PIECESQUARETABLES:0.5206531951923752
C_MOBILITY:0.4678878154167397
C_KINGSAFETY:0.4943297015551397
C_PAWNSTRUCTURE:0.5005204355518607
C_PIECECOORDINATION:0.5104386645064093
C_ROOKANDPAWNMOVEMENT:0.5104386645064093
C_CENTERCONTROL:0.48334079757523896
C_DEVELOPPIECES:0.492535710798287
C_MATERIAL:0.476927476238529
