ELO:940
CE_PASSEDPAWNS:0.46821311215068345
CE_PAWNWEAKNESSES:0.5020215533052824
CE_PIECEACTIVITY:0.5007514216158169
CE_KINGPAWNSHIELD:0.5005090549466477
CE_PIECECOORDINATION:0.5234385460433254
CE_MATERIAL:0.4845626311939754
CE_KINGSAFETY:0.50399704925577
C_PIECESQUARETABLES:0.49344032894499085
C_MOBILITY:0.48030428126681723
C_KINGSAFETY:0.48435569640480614
C_PAWNSTRUCTURE:0.488170215945522
C_PIECECOORDINATION:0.5316389938376743
C_ROOKANDPAWNMOVEMENT:0.5316389938376743
C_CENTERCONTROL:0.49886519530318346
C_DEVELOPPIECES:0.48391691482903954
C_MATERIAL:0.4704827014424883
C_MOVECOUNT:0.5376365813021058
