ELO:998
CE_PASSEDPAWNS:0.4928538658846894
CE_PAWNWEAKNESSES:0.4935084286844094
CE_PIECEACTIVITY:0.5092165152428164
CE_KINGPAWNSHIELD:0.4466847279166524
CE_PIECECOORDINATION:0.4811110185454379
CE_MATERIAL:0.4968295942903574
CE_KINGSAFETY:0.5257727019229128
C_PIECESQUARETABLES:0.48440232785612825
C_MOBILITY:0.4796946370489171
C_KINGSAFETY:0.494991533310669
C_PAWNSTRUCTURE:0.4966207219598686
C_PIECECOORDINATION:0.5172023842870461
C_ROOK:0.4956919133256591
CE_ROOK:0.47842100910525653
C_CENTERCONTROL:0.4927597539353323
C_DEVELOPPIECES:0.49355305576734315
C_MATERIAL:0.5131728517948811
C_MOVECOUNT:0.5055688732449359
C_PAWNMOVEMENT:0.4904126627144509
