ELO:999
CE_PASSEDPAWNS:0.5108635416913931
CE_PAWNWEAKNESSES:0.49220691896423563
CE_PIECEACTIVITY:0.4949042967911035
CE_KINGPAWNSHIELD:0.4983758713222311
CE_PIECECOORDINATION:0.49029501441610857
CE_MATERIAL:0.5062697355971073
CE_KINGSAFETY:0.508794068963196
C_PIECESQUARETABLES:0.5
C_MOBILITY:0.5057162419801425
C_KINGSAFETY:0.4888226325758218
C_PAWNSTRUCTURE:0.5025858469211308
C_PIECECOORDINATION:0.5118206602578352
C_ROOKANDPAWNMOVEMENT:0.5118206602578352
C_CENTERCONTROL:0.5048956801559945
C_DEVELOPPIECES:0.5
C_MATERIAL:0.48758531902426633
C_MOVECOUNT:0.5042125834619621
