ELO:924
CE_PASSEDPAWNS:0.49323248526263785
CE_PAWNWEAKNESSES:0.49880475799422747
CE_PIECEACTIVITY:0.480257699181201
CE_KINGPAWNSHIELD:0.5200743481866857
CE_PIECECOORDINATION:0.4918905916244881
CE_MATERIAL:0.4437645641588203
CE_KINGSAFETY:0.4912461758942896
C_PIECESQUARETABLES:0.49626717663046854
C_MOBILITY:0.48913483153277726
C_KINGSAFETY:0.49587070801076416
C_PAWNSTRUCTURE:0.5437709557565508
C_PIECECOORDINATION:0.49742081366307395
C_ROOK:0.47958060213447357
CE_ROOK:0.4864314530457703
C_CENTERCONTROL:0.5079278969017074
C_DEVELOPPIECES:0.4874887894309054
C_MATERIAL:0.5069545013056971
C_MOVECOUNT:0.48082294777829515
C_PAWNMOVEMENT:0.48302915471919416
