ELO:931
CE_PASSEDPAWNS:0.4702490339121387
CE_PAWNWEAKNESSES:0.46732166830022265
CE_PIECEACTIVITY:0.4272848902492491
CE_KINGPAWNSHIELD:0.5902949052791515
CE_PIECECOORDINATION:0.5756118801189172
CE_MATERIAL:0.5710847256029122
CE_KINGSAFETY:0.49180429896190025
C_PIECESQUARETABLES:0.5444940223946035
C_MOBILITY:0.5415637789418889
C_KINGSAFETY:0.47645619312333176
C_PAWNSTRUCTURE:0.5005758256488141
C_PIECECOORDINATION:0.5167276120937445
C_ROOKANDPAWNMOVEMENT:0.5167276120937445
C_CENTERCONTROL:0.5383247512581993
C_DEVELOPPIECES:0.46293387302448885
C_MATERIAL:0.5028346855302682
