ELO:1000
CE_PASSEDPAWNS:0.4759899402311879
CE_PAWNWEAKNESSES:0.5002671638747817
CE_PIECEACTIVITY:0.4993607371726793
CE_KINGPAWNSHIELD:0.5413718522639462
CE_PIECECOORDINATION:0.5162012241860149
CE_MATERIAL:0.42897880808318817
CE_KINGSAFETY:0.43851772504252695
C_PIECESQUARETABLES:0.48912923936662767
C_MOBILITY:0.48781825482262414
C_KINGSAFETY:0.5109538669998244
C_PAWNSTRUCTURE:0.45208279749119656
C_PIECECOORDINATION:0.4729114099974218
C_ROOKANDPAWNMOVEMENT:0.4729114099974218
C_CENTERCONTROL:0.3988162279240141
C_DEVELOPPIECES:0.5198103452853493
C_MATERIAL:0.5396654304026723
