ELO:1014
CE_PASSEDPAWNS:0.497531827110082
CE_PAWNWEAKNESSES:0.5450153942708813
CE_PIECEACTIVITY:0.499937667963375
CE_KINGPAWNSHIELD:0.4864283449844433
CE_PIECECOORDINATION:0.5433650503071565
CE_MATERIAL:0.5016942396269547
CE_KINGSAFETY:0.5
C_PIECESQUARETABLES:0.5
C_MOBILITY:0.5158138560628351
C_KINGSAFETY:0.5362474985487324
C_PAWNSTRUCTURE:0.5147852278909847
C_PIECECOORDINATION:0.45716789910260763
C_ROOKANDPAWNMOVEMENT:0.45716789910260763
C_CENTERCONTROL:0.4238806704231783
C_DEVELOPPIECES:0.4931124800397723
C_MATERIAL:0.46970726098076754
C_MOVECOUNT:0.5
