ELO:960
CE_PASSEDPAWNS:0.5014427630683652
CE_PAWNWEAKNESSES:0.5153861976329757
CE_PIECEACTIVITY:0.5200987315179529
CE_KINGPAWNSHIELD:0.4900638027856596
CE_PIECECOORDINATION:0.5024341076164162
CE_MATERIAL:0.48899758172239305
CE_KINGSAFETY:0.47227667350810243
C_PIECESQUARETABLES:0.5105883609042055
C_MOBILITY:0.4788448761946724
C_KINGSAFETY:0.510856456431869
C_PAWNSTRUCTURE:0.450609704973097
C_PIECECOORDINATION:0.5133849355546344
C_ROOKANDPAWNMOVEMENT:0.5133849355546344
C_CENTERCONTROL:0.5112762381786299
C_DEVELOPPIECES:0.4860982741105133
C_MATERIAL:0.4605607522282445
C_MOVECOUNT:0.5
