ELO:878
CE_PASSEDPAWNS:0.5040137188193564
CE_PAWNWEAKNESSES:0.48631915918493673
CE_PIECEACTIVITY:0.47300293914192965
CE_KINGPAWNSHIELD:0.5294590299484055
CE_PIECECOORDINATION:0.4959269303120552
CE_MATERIAL:0.4521931325022588
CE_KINGSAFETY:0.4818651982540356
C_PIECESQUARETABLES:0.5225960036775102
C_MOBILITY:0.49141333812774535
C_KINGSAFETY:0.5009385564952609
C_PAWNSTRUCTURE:0.5294553141486839
C_PIECECOORDINATION:0.5031500308615349
C_ROOK:0.46280877390251657
CE_ROOK:0.4978707641001817
C_CENTERCONTROL:0.4956053337606881
C_DEVELOPPIECES:0.48610595853982685
C_MATERIAL:0.5076371615435332
C_MOVECOUNT:0.4869623813908606
C_PAWNMOVEMENT:0.5313072785716524
