ELO:963
CE_PASSEDPAWNS:0.5247166231030103
CE_PAWNWEAKNESSES:0.4825906832119341
CE_PIECEACTIVITY:0.49502778530380614
CE_KINGPAWNSHIELD:0.4661305235813461
CE_PIECECOORDINATION:0.46561777677974975
CE_MATERIAL:0.49751093613384606
CE_KINGSAFETY:0.501378103183512
C_PIECESQUARETABLES:0.5025572643088461
C_MOBILITY:0.48029410716522036
C_KINGSAFETY:0.5
C_PAWNSTRUCTURE:0.5024819767128527
C_PIECECOORDINATION:0.5233527515119559
C_ROOKANDPAWNMOVEMENT:0.5233527515119559
C_CENTERCONTROL:0.4972517425495821
C_DEVELOPPIECES:0.484229775915343
C_MATERIAL:0.4902079550348041
C_MOVECOUNT:0.5
