ELO:997
CE_PASSEDPAWNS:0.5108635416913931
CE_PAWNWEAKNESSES:0.5028506931990722
CE_PIECEACTIVITY:0.4949042967911035
CE_KINGPAWNSHIELD:0.5
CE_PIECECOORDINATION:0.4982640718031913
CE_MATERIAL:0.5062697355971073
CE_KINGSAFETY:0.5
C_PIECESQUARETABLES:0.5
C_MOBILITY:0.4929389023922454
C_KINGSAFETY:0.49754345463895727
C_PAWNSTRUCTURE:0.5062898605141317
C_PIECECOORDINATION:0.49693445105014955
C_ROOKANDPAWNMOVEMENT:0.49693445105014955
C_CENTERCONTROL:0.5013602752685743
C_DEVELOPPIECES:0.49957034463290567
C_MATERIAL:0.49018174108434304
C_MOVECOUNT:0.5
