ELO:1042
CE_PASSEDPAWNS:0.6275127772215173
CE_PAWNWEAKNESSES:0.5277585949151303
CE_PIECEACTIVITY:0.4537131309148433
CE_KINGPAWNSHIELD:0.48497443551130304
CE_PIECECOORDINATION:0.45939436974131287
CE_MATERIAL:0.47718544761427084
CE_KINGSAFETY:0.4988348230535254
C_PIECESQUARETABLES:0.49023409250964184
C_MOBILITY:0.3838035462262026
C_KINGSAFETY:0.518411790548567
C_PAWNSTRUCTURE:0.4332795193354442
C_PIECECOORDINATION:0.45665002557627565
C_ROOKANDPAWNMOVEMENT:0.45665002557627565
C_CENTERCONTROL:0.4896428705661809
C_DEVELOPPIECES:0.5775968597118787
C_MATERIAL:0.40741786846865297
