ELO:894
CE_PASSEDPAWNS:0.5905401662286782
CE_PAWNWEAKNESSES:0.5761951476996165
CE_PIECEACTIVITY:0.46369909319112157
CE_KINGPAWNSHIELD:0.5717743526819014
CE_PIECECOORDINATION:0.4841942488809154
CE_MATERIAL:0.36988410159514273
CE_KINGSAFETY:0.5089045865318444
C_PIECESQUARETABLES:0.48033977203839395
C_MOBILITY:0.39852682065802714
C_KINGSAFETY:0.4054049570561792
C_PAWNSTRUCTURE:0.5111054401124266
C_PIECECOORDINATION:0.6025967286424022
C_ROOKANDPAWNMOVEMENT:0.6025967286424022
C_CENTERCONTROL:0.5372292649667423
C_DEVELOPPIECES:0.5169162445082229
C_MATERIAL:0.39846699206433545
