ELO:966
CE_PASSEDPAWNS:0.480546209759764
CE_PAWNWEAKNESSES:0.5048028397685468
CE_PIECEACTIVITY:0.521629919535263
CE_KINGPAWNSHIELD:0.5
CE_PIECECOORDINATION:0.5227619296843323
CE_MATERIAL:0.5438119782970425
CE_KINGSAFETY:0.5
C_PIECESQUARETABLES:0.5
C_MOBILITY:0.5
C_KINGSAFETY:0.5492955281175484
C_PAWNSTRUCTURE:0.4440751324595014
C_PIECECOORDINATION:0.376297400718827
C_ROOKANDPAWNMOVEMENT:0.376297400718827
C_CENTERCONTROL:0.6199788026191386
C_DEVELOPPIECES:0.5098664531335609
C_MATERIAL:0.49831507192468644
C_MOVECOUNT:0.5
