ELO:958
CE_PASSEDPAWNS:0.523640301806534
CE_PAWNWEAKNESSES:0.5032706974983105
CE_PIECEACTIVITY:0.5471644125420384
CE_KINGPAWNSHIELD:0.5192662757289309
CE_PIECECOORDINATION:0.514285662574191
CE_MATERIAL:0.5033167706922451
CE_KINGSAFETY:0.5
C_PIECESQUARETABLES:0.5
C_MOBILITY:0.4823815107169286
C_KINGSAFETY:0.4966124670420323
C_PAWNSTRUCTURE:0.5488278595338805
C_PIECECOORDINATION:0.4891908165149316
C_ROOKANDPAWNMOVEMENT:0.4891908165149316
C_CENTERCONTROL:0.6044350201413353
C_DEVELOPPIECES:0.4675394556344154
C_MATERIAL:0.49355632752321127
C_MOVECOUNT:0.5303774785804635
