ELO:989
CE_PASSEDPAWNS:0.48627447766482407
CE_PAWNWEAKNESSES:0.5320470792045762
CE_PIECEACTIVITY:0.49560800146166006
CE_KINGPAWNSHIELD:0.49211600039545994
CE_PIECECOORDINATION:0.5042137227275557
CE_MATERIAL:0.49880190999464996
CE_KINGSAFETY:0.5025609590730767
C_PIECESQUARETABLES:0.5
C_MOBILITY:0.5086658460314782
C_KINGSAFETY:0.5006633870482766
C_PAWNSTRUCTURE:0.4992230955574208
C_PIECECOORDINATION:0.5172796743286597
C_ROOKANDPAWNMOVEMENT:0.5172796743286597
C_CENTERCONTROL:0.5000352455794389
C_DEVELOPPIECES:0.49659098445475847
C_MATERIAL:0.5
C_MOVECOUNT:0.5049038158442427
