ELO:964
CE_PASSEDPAWNS:0.4109747797318047
CE_PAWNWEAKNESSES:0.5308068793517928
CE_PIECEACTIVITY:0.5649628086938856
CE_KINGPAWNSHIELD:0.5618787490921433
CE_PIECECOORDINATION:0.5230339807632036
CE_MATERIAL:0.41623317347402383
CE_KINGSAFETY:0.492075147348361
C_PIECESQUARETABLES:0.4910407132847641
C_MOBILITY:0.47338933508751535
C_KINGSAFETY:0.4977111147641664
C_PAWNSTRUCTURE:0.49761707746448636
C_PIECECOORDINATION:0.4891345464980925
C_ROOKANDPAWNMOVEMENT:0.4891345464980925
C_CENTERCONTROL:0.400583831688621
C_DEVELOPPIECES:0.5686095806072567
C_MATERIAL:0.5800930010953543
