ELO:833
CE_PASSEDPAWNS:0.5573416522580573
CE_PAWNWEAKNESSES:0.4653815237077965
CE_PIECEACTIVITY:0.42493512311682186
CE_KINGPAWNSHIELD:0.5788069693309438
CE_PIECECOORDINATION:0.5478294959279048
CE_MATERIAL:0.5166689406301574
CE_KINGSAFETY:0.4933956278864434
C_PIECESQUARETABLES:0.5017217551122283
C_MOBILITY:0.5340719199727778
C_KINGSAFETY:0.4319171080501483
C_PAWNSTRUCTURE:0.4956190944788606
C_PIECECOORDINATION:0.44657111801724186
C_ROOKANDPAWNMOVEMENT:0.44657111801724186
C_CENTERCONTROL:0.581868965961581
C_DEVELOPPIECES:0.5255926883417406
C_MATERIAL:0.5017285655992851
C_MOVECOUNT:0.5
