ELO:928
CE_PASSEDPAWNS:0.5066263860618193
CE_PAWNWEAKNESSES:0.5146238057740361
CE_PIECEACTIVITY:0.49234344458399676
CE_KINGPAWNSHIELD:0.5233379785819932
CE_PIECECOORDINATION:0.4918905916244881
CE_MATERIAL:0.4615895764495228
CE_KINGSAFETY:0.5
C_PIECESQUARETABLES:0.5
C_MOBILITY:0.48846764833258444
C_KINGSAFETY:0.4976693826000353
C_PAWNSTRUCTURE:0.5265672502045087
C_PIECECOORDINATION:0.48577260097808717
C_ROOK:0.4760220066966999
CE_ROOK:0.4982099071684517
C_CENTERCONTROL:0.5062228178707955
C_DEVELOPPIECES:0.4833171013508713
C_MATERIAL:0.5069545013056971
C_MOVECOUNT:0.4750932751576942
C_PAWNMOVEMENT:0.475617292863311
