ELO:1051
CE_PASSEDPAWNS:0.5033030711993134
CE_PAWNWEAKNESSES:0.49677715900236685
CE_PIECEACTIVITY:0.48993629291335744
CE_KINGPAWNSHIELD:0.4992228513201813
CE_PIECECOORDINATION:0.5043938638769826
CE_MATERIAL:0.5094671866928253
CE_KINGSAFETY:0.5
C_PIECESQUARETABLES:0.5
C_MOBILITY:0.49520564445547544
C_KINGSAFETY:0.5
C_PAWNSTRUCTURE:0.48734987586297424
C_PIECECOORDINATION:0.48175123969515304
C_ROOKANDPAWNMOVEMENT:0.48175123969515304
C_CENTERCONTROL:0.5101909520081935
C_DEVELOPPIECES:0.5004567294047895
C_MATERIAL:0.5056544513152269
