ELO:930
CE_PASSEDPAWNS:0.5142169705417768
CE_PAWNWEAKNESSES:0.5144567384648605
CE_PIECEACTIVITY:0.49234344458399676
CE_KINGPAWNSHIELD:0.5233379785819932
CE_PIECECOORDINATION:0.4918905916244881
CE_MATERIAL:0.45919303143703316
CE_KINGSAFETY:0.5066992923308348
C_PIECESQUARETABLES:0.5
C_MOBILITY:0.48846764833258444
C_KINGSAFETY:0.4976693826000353
C_PAWNSTRUCTURE:0.5265672502045087
C_PIECECOORDINATION:0.49068327551311547
C_ROOK:0.4760220066966999
CE_ROOK:0.49233774804784797
C_CENTERCONTROL:0.49582795754711617
C_DEVELOPPIECES:0.49233479501787475
C_MATERIAL:0.5069545013056971
C_MOVECOUNT:0.4750932751576942
C_PAWNMOVEMENT:0.4787525412513672
