ELO:849
CE_PASSEDPAWNS:0.43913442181354295
CE_PAWNWEAKNESSES:0.4904951558897626
CE_PIECEACTIVITY:0.5875073517158178
CE_KINGPAWNSHIELD:0.5179704544782364
CE_PIECECOORDINATION:0.519991139720113
CE_MATERIAL:0.498556002224253
CE_KINGSAFETY:0.5114169767496847
C_PIECESQUARETABLES:0.525470587328244
C_MOBILITY:0.5112758717778633
C_KINGSAFETY:0.46441112642344934
C_PAWNSTRUCTURE:0.4668781095583054
C_PIECECOORDINATION:0.5468557806348828
C_ROOKANDPAWNMOVEMENT:0.5468557806348828
C_CENTERCONTROL:0.5053839635100723
C_DEVELOPPIECES:0.5092379619893028
C_MATERIAL:0.40971525797528696
C_MOVECOUNT:0.5
