ELO:964
CE_PASSEDPAWNS:0.49331962629219145
CE_PAWNWEAKNESSES:0.5105145296334399
CE_PIECEACTIVITY:0.4979473186221105
CE_KINGPAWNSHIELD:0.5174516141749621
CE_PIECECOORDINATION:0.5013704097626122
CE_MATERIAL:0.46689369991922663
CE_KINGSAFETY:0.5005822660256781
C_PIECESQUARETABLES:0.495637475938624
C_MOBILITY:0.47925296834451125
C_KINGSAFETY:0.4941633515842417
C_PAWNSTRUCTURE:0.5018795517221827
C_PIECECOORDINATION:0.5000858621022012
C_ROOK:0.47429239278299407
CE_ROOK:0.48743056376457
C_CENTERCONTROL:0.5052115891796068
C_DEVELOPPIECES:0.5027190632221067
C_MATERIAL:0.5049168129122645
C_MOVECOUNT:0.4768198072681199
C_PAWNMOVEMENT:0.4767630801251541
