ELO:973
CE_PASSEDPAWNS:0.4818298782030679
CE_PAWNWEAKNESSES:0.510486744035423
CE_PIECEACTIVITY:0.49396271302506367
CE_KINGPAWNSHIELD:0.49034918261988053
CE_PIECECOORDINATION:0.5025280563848685
CE_MATERIAL:0.4901885606762776
CE_KINGSAFETY:0.5
C_PIECESQUARETABLES:0.5107530212235099
C_MOBILITY:0.5023747490219782
C_KINGSAFETY:0.5142339315285883
C_PAWNSTRUCTURE:0.49795033984055154
C_PIECECOORDINATION:0.5006731418499533
C_ROOK:0.49344442848989456
CE_ROOK:0.49245443496161845
C_CENTERCONTROL:0.5006215073606523
C_DEVELOPPIECES:0.4973569035481884
C_MATERIAL:0.5050919453527418
C_MOVECOUNT:0.48614788951906096
C_PAWNMOVEMENT:0.4963933553194429
