ELO:972
CE_PASSEDPAWNS:0.5288338233694573
CE_PAWNWEAKNESSES:0.5560924042028231
CE_PIECEACTIVITY:0.4678547804527762
CE_KINGPAWNSHIELD:0.5470471084989044
CE_PIECECOORDINATION:0.5359310433915757
CE_MATERIAL:0.3991960540451127
CE_KINGSAFETY:0.5280547953478147
C_PIECESQUARETABLES:0.46577216289396856
C_MOBILITY:0.4212126994824058
C_KINGSAFETY:0.4509333264535436
C_PAWNSTRUCTURE:0.5301179232548314
C_PIECECOORDINATION:0.4981406832178316
C_ROOKANDPAWNMOVEMENT:0.4981406832178316
C_CENTERCONTROL:0.512951099162731
C_DEVELOPPIECES:0.5045376652200884
C_MATERIAL:0.43350029628377074
