ELO:956
CE_PASSEDPAWNS:0.498210547788913
CE_PAWNWEAKNESSES:0.47031260191282265
CE_PIECEACTIVITY:0.5011205048360675
CE_KINGPAWNSHIELD:0.5317791572853464
CE_PIECECOORDINATION:0.5102358759329731
CE_MATERIAL:0.5071117622361445
CE_KINGSAFETY:0.5000347423171885
C_PIECESQUARETABLES:0.5
C_MOBILITY:0.49436512708882985
C_KINGSAFETY:0.5036830940891895
C_PAWNSTRUCTURE:0.4730348796052856
C_PIECECOORDINATION:0.5365932243825086
C_ROOKANDPAWNMOVEMENT:0.5365932243825086
C_CENTERCONTROL:0.4981343705861738
C_DEVELOPPIECES:0.4031156312343857
C_MATERIAL:0.5120042898775748
C_MOVECOUNT:0.4657485514287328
