ELO:1006
CE_PASSEDPAWNS:0.5037140808233029
CE_PAWNWEAKNESSES:0.5007502594323886
CE_PIECEACTIVITY:0.48925620189049734
CE_KINGPAWNSHIELD:0.5065998093411007
CE_PIECECOORDINATION:0.5026620705249238
CE_MATERIAL:0.48968580015178137
CE_KINGSAFETY:0.5143848122808546
C_PIECESQUARETABLES:0.49103781994814183
C_MOBILITY:0.5073145902096583
C_KINGSAFETY:0.495627141206657
C_PAWNSTRUCTURE:0.5
C_PIECECOORDINATION:0.4715419024091864
C_ROOKANDPAWNMOVEMENT:0.4715419024091864
C_CENTERCONTROL:0.5
C_DEVELOPPIECES:0.5102486278928113
C_MATERIAL:0.49703504465842113
C_MOVECOUNT:0.5
