ELO:1045
CE_PASSEDPAWNS:0.5
CE_PAWNWEAKNESSES:0.5
CE_PIECEACTIVITY:0.5
CE_KINGPAWNSHIELD:0.4996933496506237
CE_PIECECOORDINATION:0.5
CE_MATERIAL:0.5
CE_KINGSAFETY:0.5
C_PIECESQUARETABLES:0.502490604343385
C_MOBILITY:0.5
C_KINGSAFETY:0.4938349825577163
C_PAWNSTRUCTURE:0.5
C_PIECECOORDINATION:0.5031738909228032
C_ROOKANDPAWNMOVEMENT:0.5031738909228032
C_CENTERCONTROL:0.5
C_DEVELOPPIECES:0.5
C_MATERIAL:0.5
