ELO:939
CE_PASSEDPAWNS:0.5534525701089442
CE_PAWNWEAKNESSES:0.4565510696416432
CE_PIECEACTIVITY:0.4800077573265897
CE_KINGPAWNSHIELD:0.4506345606650836
CE_PIECECOORDINATION:0.5028950599588109
CE_MATERIAL:0.5076631002205938
CE_KINGSAFETY:0.5
C_PIECESQUARETABLES:0.5
C_MOBILITY:0.3711927266464505
C_KINGSAFETY:0.549090814316327
C_PAWNSTRUCTURE:0.4440751324595014
C_PIECECOORDINATION:0.44805197955717574
C_ROOKANDPAWNMOVEMENT:0.44805197955717574
C_CENTERCONTROL:0.5953585017796564
C_DEVELOPPIECES:0.5098664531335609
C_MATERIAL:0.49831507192468644
C_MOVECOUNT:0.5
