ELO:916
CE_PASSEDPAWNS:0.5049107792680658
CE_PAWNWEAKNESSES:0.4541573978975322
CE_PIECEACTIVITY:0.5021729178875305
CE_KINGPAWNSHIELD:0.47416465204750124
CE_PIECECOORDINATION:0.5064439415284823
CE_MATERIAL:0.5613942457887535
CE_KINGSAFETY:0.5
C_PIECESQUARETABLES:0.5
C_MOBILITY:0.5454915196833107
C_KINGSAFETY:0.46134181443733624
C_PAWNSTRUCTURE:0.5191612925713189
C_PIECECOORDINATION:0.509330542463185
C_ROOKANDPAWNMOVEMENT:0.509330542463185
C_CENTERCONTROL:0.4969427261035462
C_DEVELOPPIECES:0.5383998762619148
C_MATERIAL:0.4505301016384125
C_MOVECOUNT:0.5
