ELO:1000
CE_PASSEDPAWNS:0.4681425690030199
CE_PAWNWEAKNESSES:0.4776274178485576
CE_PIECEACTIVITY:0.5062529574688865
CE_KINGPAWNSHIELD:0.5207178508418483
CE_PIECECOORDINATION:0.5457103738667111
CE_MATERIAL:0.4395653496060869
CE_KINGSAFETY:0.46953068194477776
C_PIECESQUARETABLES:0.49138457156645876
C_MOBILITY:0.5076740114730562
C_KINGSAFETY:0.5059854400738693
C_PAWNSTRUCTURE:0.4850994857702305
C_PIECECOORDINATION:0.48268142674956255
C_ROOKANDPAWNMOVEMENT:0.48268142674956255
C_CENTERCONTROL:0.4265021754838423
C_DEVELOPPIECES:0.5448436689380465
C_MATERIAL:0.5195731511774896
