ELO:901
CE_PASSEDPAWNS:0.6192942151323227
CE_PAWNWEAKNESSES:0.5884552352942934
CE_PIECEACTIVITY:0.45220711339992525
CE_KINGPAWNSHIELD:0.5658538710145107
CE_PIECECOORDINATION:0.4960483884853078
CE_MATERIAL:0.3519672502132282
CE_KINGSAFETY:0.5040755429738987
C_PIECESQUARETABLES:0.44659994965271577
C_MOBILITY:0.4476175793901619
C_KINGSAFETY:0.37536656451767403
C_PAWNSTRUCTURE:0.4820088472845322
C_PIECECOORDINATION:0.6124312876306859
C_ROOKANDPAWNMOVEMENT:0.6124312876306859
C_CENTERCONTROL:0.5324935308570553
C_DEVELOPPIECES:0.4739732741605543
C_MATERIAL:0.42761529661361986
