ELO:945
CE_PASSEDPAWNS:0.41695107174898083
CE_PAWNWEAKNESSES:0.3899747506393576
CE_PIECEACTIVITY:0.5159912515774809
CE_KINGPAWNSHIELD:0.4061202540355586
CE_PIECECOORDINATION:0.4004848093470276
CE_MATERIAL:0.4874030588531064
CE_KINGSAFETY:0.5105702238595505
C_PIECESQUARETABLES:0.45216510719704944
C_MOBILITY:0.5199311598748647
C_KINGSAFETY:0.6041124182958686
C_PAWNSTRUCTURE:0.4696055347212279
C_PIECECOORDINATION:0.5940449574630327
C_ROOKANDPAWNMOVEMENT:0.5940449574630327
C_CENTERCONTROL:0.5258780934776865
C_DEVELOPPIECES:0.4314719782193947
C_MATERIAL:0.5938073447905002
