ELO:969
CE_PASSEDPAWNS:0.4729446832533389
CE_PAWNWEAKNESSES:0.5036838074073033
CE_PIECEACTIVITY:0.49627053733844334
CE_KINGPAWNSHIELD:0.4922031673983182
CE_PIECECOORDINATION:0.4866343075431602
CE_MATERIAL:0.5109273187741484
CE_KINGSAFETY:0.5169776220335194
C_PIECESQUARETABLES:0.48260231972321715
C_MOBILITY:0.5174412019324338
C_KINGSAFETY:0.4938366162029198
C_PAWNSTRUCTURE:0.5016539190497497
C_PIECECOORDINATION:0.4856011471586681
C_ROOK:0.5
CE_ROOK:0.5
C_CENTERCONTROL:0.5098599037539172
C_DEVELOPPIECES:0.48972390332681903
C_MATERIAL:0.5059953177551667
C_MOVECOUNT:0.5169101785072703
C_PAWNMOVEMENT:0.5
