ELO:832
CE_PASSEDPAWNS:0.5716056767092441
CE_PAWNWEAKNESSES:0.4653815237077965
CE_PIECEACTIVITY:0.4368648032501557
CE_KINGPAWNSHIELD:0.5710965819204464
CE_PIECECOORDINATION:0.5536865285822915
CE_MATERIAL:0.5088181392405342
CE_KINGSAFETY:0.491189938604093
C_PIECESQUARETABLES:0.5166119687971694
C_MOBILITY:0.5491038796095472
C_KINGSAFETY:0.4278934996160258
C_PAWNSTRUCTURE:0.49183672184228217
C_PIECECOORDINATION:0.44633408583039474
C_ROOKANDPAWNMOVEMENT:0.44633408583039474
C_CENTERCONTROL:0.5914422298581473
C_DEVELOPPIECES:0.5396983905565856
C_MATERIAL:0.4931442492007853
C_MOVECOUNT:0.5
