ELO:977
CE_PASSEDPAWNS:0.3585463885026427
CE_PAWNWEAKNESSES:0.5086530027826172
CE_PIECEACTIVITY:0.5975814565428466
CE_KINGPAWNSHIELD:0.542603462243025
CE_PIECECOORDINATION:0.4742094053856796
CE_MATERIAL:0.5468939205470041
CE_KINGSAFETY:0.5
C_PIECESQUARETABLES:0.5
C_MOBILITY:0.5836313903895851
C_KINGSAFETY:0.5594239720260957
C_PAWNSTRUCTURE:0.6345372191448505
C_PIECECOORDINATION:0.4378523296583287
C_ROOKANDPAWNMOVEMENT:0.4378523296583287
C_CENTERCONTROL:0.34547417908994876
C_DEVELOPPIECES:0.48979916073428403
C_MATERIAL:0.6828983766046607
