ELO:953
CE_PASSEDPAWNS:0.5881926211565595
CE_PAWNWEAKNESSES:0.48510687383388407
CE_PIECEACTIVITY:0.39718862893431217
CE_KINGPAWNSHIELD:0.514264068284261
CE_PIECECOORDINATION:0.505848413170608
CE_MATERIAL:0.4414014899479571
CE_KINGSAFETY:0.49180429896190025
C_PIECESQUARETABLES:0.5295171249756774
C_MOBILITY:0.5537855790403348
C_KINGSAFETY:0.4566997121178608
C_PAWNSTRUCTURE:0.5665594115536732
C_PIECECOORDINATION:0.6109028244868667
C_ROOKANDPAWNMOVEMENT:0.6109028244868667
C_CENTERCONTROL:0.5904158575577093
C_DEVELOPPIECES:0.4281158774827463
C_MATERIAL:0.38889649256007625
