ELO:996
CE_PASSEDPAWNS:0.4842070294927201
CE_PAWNWEAKNESSES:0.49992747478384986
CE_PIECEACTIVITY:0.4922215610010469
CE_KINGPAWNSHIELD:0.5310296605146912
CE_PIECECOORDINATION:0.5321659466696665
CE_MATERIAL:0.4284916779044281
CE_KINGSAFETY:0.5
C_PIECESQUARETABLES:0.5
C_MOBILITY:0.48822702690236225
C_KINGSAFETY:0.5064310737591958
C_PAWNSTRUCTURE:0.43743886865242093
C_PIECECOORDINATION:0.4720506393023969
C_ROOKANDPAWNMOVEMENT:0.4720506393023969
C_CENTERCONTROL:0.4065146137360615
C_DEVELOPPIECES:0.5198103452853493
C_MATERIAL:0.5588746173198538
