ELO:924
CE_PASSEDPAWNS:0.5037237455820179
CE_PAWNWEAKNESSES:0.507517940090072
CE_PIECEACTIVITY:0.480257699181201
CE_KINGPAWNSHIELD:0.5233379785819932
CE_PIECECOORDINATION:0.4918905916244881
CE_MATERIAL:0.45247564967978743
CE_KINGSAFETY:0.5
C_PIECESQUARETABLES:0.5
C_MOBILITY:0.4937192098255086
C_KINGSAFETY:0.4976693826000353
C_PAWNSTRUCTURE:0.5354606921968893
C_PIECECOORDINATION:0.48577260097808717
C_ROOK:0.489031150989988
CE_ROOK:0.4864314530457703
C_CENTERCONTROL:0.49750552917130003
C_DEVELOPPIECES:0.4917773822767412
C_MATERIAL:0.5069545013056971
C_MOVECOUNT:0.4750932751576942
C_PAWNMOVEMENT:0.475617292863311
