ELO:915
CE_PASSEDPAWNS:0.428959623666089
CE_PAWNWEAKNESSES:0.49724479339588196
CE_PIECEACTIVITY:0.4170307246735722
CE_KINGPAWNSHIELD:0.47823031020510953
CE_PIECECOORDINATION:0.4687400789580269
CE_MATERIAL:0.5339224385944369
CE_KINGSAFETY:0.5105310294576741
C_PIECESQUARETABLES:0.5223857659541844
C_MOBILITY:0.5110882749654816
C_KINGSAFETY:0.47476129587641547
C_PAWNSTRUCTURE:0.4850745062132757
C_PIECECOORDINATION:0.48849389205237326
C_ROOKANDPAWNMOVEMENT:0.48849389205237326
C_CENTERCONTROL:0.42773369451165527
C_DEVELOPPIECES:0.5083271706597143
C_MATERIAL:0.4909030170760231
C_MOVECOUNT:0.5
