ELO:957
CE_PASSEDPAWNS:0.4818298782030679
CE_PAWNWEAKNESSES:0.5201818014846211
CE_PIECEACTIVITY:0.4901643020259645
CE_KINGPAWNSHIELD:0.5015148534564967
CE_PIECECOORDINATION:0.5067196144884327
CE_MATERIAL:0.4814171584692872
CE_KINGSAFETY:0.5101627966935939
C_PIECESQUARETABLES:0.4919745799645927
C_MOBILITY:0.49872484571542697
C_KINGSAFETY:0.5194266396470825
C_PAWNSTRUCTURE:0.5096335496457823
C_PIECECOORDINATION:0.5054798205343415
C_ROOK:0.5041039418693299
CE_ROOK:0.49245443496161845
C_CENTERCONTROL:0.5052115891796068
C_DEVELOPPIECES:0.5140192275770188
C_MATERIAL:0.5064906491086985
C_MOVECOUNT:0.4807870551319778
C_PAWNMOVEMENT:0.4923279377655384
