ELO:858
CE_PASSEDPAWNS:0.4587014799877064
CE_PAWNWEAKNESSES:0.4865992435217134
CE_PIECEACTIVITY:0.45492577794959077
CE_KINGPAWNSHIELD:0.48966310112006656
CE_PIECECOORDINATION:0.4820779366749694
CE_MATERIAL:0.5483798432383329
CE_KINGSAFETY:0.5210359335802829
C_PIECESQUARETABLES:0.4825821088431785
C_MOBILITY:0.518219315359753
C_KINGSAFETY:0.46115151454480835
C_PAWNSTRUCTURE:0.4994757492807523
C_PIECECOORDINATION:0.48564006421333844
C_ROOKANDPAWNMOVEMENT:0.48564006421333844
C_CENTERCONTROL:0.4692819141940607
C_DEVELOPPIECES:0.48704883508036656
C_MATERIAL:0.5138800564345217
C_MOVECOUNT:0.5
