ELO:898
CE_PASSEDPAWNS:0.3266805392488502
CE_PAWNWEAKNESSES:0.5987662756728485
CE_PIECEACTIVITY:0.6445308157434654
CE_KINGPAWNSHIELD:0.45746226299311193
CE_PIECECOORDINATION:0.5756348062352147
CE_MATERIAL:0.40347675969586755
CE_KINGSAFETY:0.47459527545367847
C_PIECESQUARETABLES:0.536898349590974
C_MOBILITY:0.4770079578195692
C_KINGSAFETY:0.5040750381169166
C_PAWNSTRUCTURE:0.5822150281765568
C_PIECECOORDINATION:0.49882702012306274
C_ROOKANDPAWNMOVEMENT:0.49882702012306274
C_CENTERCONTROL:0.40091802962382955
C_DEVELOPPIECES:0.5489783483660828
C_MATERIAL:0.5891154050834948
