ELO:816
CE_PASSEDPAWNS:0.42915724231418806
CE_PAWNWEAKNESSES:0.485200157816757
CE_PIECEACTIVITY:0.5825381680513262
CE_KINGPAWNSHIELD:0.521749796327387
CE_PIECECOORDINATION:0.5032571889961668
CE_MATERIAL:0.5158625672069953
CE_KINGSAFETY:0.5178553668541238
C_PIECESQUARETABLES:0.5184348120915193
C_MOBILITY:0.49708245253632205
C_KINGSAFETY:0.45522065184674326
C_PAWNSTRUCTURE:0.45099264877384987
C_PIECECOORDINATION:0.5603755796936839
C_ROOKANDPAWNMOVEMENT:0.5603755796936839
C_CENTERCONTROL:0.5081134735212242
C_DEVELOPPIECES:0.5197171747188527
C_MATERIAL:0.3990723187980626
C_MOVECOUNT:0.5
