ELO:845
CE_PASSEDPAWNS:0.634078757369276
CE_PAWNWEAKNESSES:0.5646698769784566
CE_PIECEACTIVITY:0.4540897610910525
CE_KINGPAWNSHIELD:0.5531672998620941
CE_PIECECOORDINATION:0.4906890637816761
CE_MATERIAL:0.3393318683926637
CE_KINGSAFETY:0.5058292475153028
C_PIECESQUARETABLES:0.4936719797161969
C_MOBILITY:0.42262209186204586
C_KINGSAFETY:0.39079691837361646
C_PAWNSTRUCTURE:0.5139552819239203
C_PIECECOORDINATION:0.6138023970359556
C_ROOKANDPAWNMOVEMENT:0.6138023970359556
C_CENTERCONTROL:0.5354719930852682
C_DEVELOPPIECES:0.5151519539150533
C_MATERIAL:0.4196022954693094
