ELO:843
CE_PASSEDPAWNS:0.42563925906962535
CE_PAWNWEAKNESSES:0.4907167590486408
CE_PIECEACTIVITY:0.3762253989221905
CE_KINGPAWNSHIELD:0.49164242799340113
CE_PIECECOORDINATION:0.45488675974635845
CE_MATERIAL:0.5346728449626924
CE_KINGSAFETY:0.5312151907254488
C_PIECESQUARETABLES:0.4935267432785908
C_MOBILITY:0.5239194148573205
C_KINGSAFETY:0.48305499791111367
C_PAWNSTRUCTURE:0.4632938100394258
C_PIECECOORDINATION:0.4912542557349482
C_ROOKANDPAWNMOVEMENT:0.4912542557349482
C_CENTERCONTROL:0.4105830694713491
C_DEVELOPPIECES:0.551723589737506
C_MATERIAL:0.5037257261381937
C_MOVECOUNT:0.5
