ELO:1002
CE_PASSEDPAWNS:0.5094933071320109
CE_PAWNWEAKNESSES:0.5318282866438812
CE_PIECEACTIVITY:0.494321496730054
CE_KINGPAWNSHIELD:0.5394078501126962
CE_PIECECOORDINATION:0.5545395663908983
CE_MATERIAL:0.3988400681811993
CE_KINGSAFETY:0.5190860255165458
C_PIECESQUARETABLES:0.4929877124357755
C_MOBILITY:0.4487584398442087
C_KINGSAFETY:0.4525619146036624
C_PAWNSTRUCTURE:0.5094549776023818
C_PIECECOORDINATION:0.47518164317643163
C_ROOKANDPAWNMOVEMENT:0.47518164317643163
C_CENTERCONTROL:0.5459609340165646
C_DEVELOPPIECES:0.49059737103849965
C_MATERIAL:0.4529638418309937
