ELO:958
CE_PASSEDPAWNS:0.4084663482888665
CE_PAWNWEAKNESSES:0.5543593451713188
CE_PIECEACTIVITY:0.572783346864188
CE_KINGPAWNSHIELD:0.5484039656938642
CE_PIECECOORDINATION:0.5043205128408168
CE_MATERIAL:0.4026001655813557
CE_KINGSAFETY:0.4834247513046012
C_PIECESQUARETABLES:0.4874961733705922
C_MOBILITY:0.4796576488136104
C_KINGSAFETY:0.49828238109126466
C_PAWNSTRUCTURE:0.4920773538762099
C_PIECECOORDINATION:0.4952356458597973
C_ROOKANDPAWNMOVEMENT:0.4952356458597973
C_CENTERCONTROL:0.3960218142183395
C_DEVELOPPIECES:0.5906146951472636
C_MATERIAL:0.5862706921003732
