ELO:868
CE_PASSEDPAWNS:0.40594058664706967
CE_PAWNWEAKNESSES:0.4747352098667779
CE_PIECEACTIVITY:0.40439003353978153
CE_KINGPAWNSHIELD:0.47501618411001945
CE_PIECECOORDINATION:0.4492238499487954
CE_MATERIAL:0.5510960562061877
CE_KINGSAFETY:0.5329876668920592
C_PIECESQUARETABLES:0.45550867007612766
C_MOBILITY:0.5111686047690368
C_KINGSAFETY:0.4843420032484395
C_PAWNSTRUCTURE:0.47427273660433483
C_PIECECOORDINATION:0.4892144452301661
C_ROOKANDPAWNMOVEMENT:0.4892144452301661
C_CENTERCONTROL:0.3915123204500743
C_DEVELOPPIECES:0.5560447848400151
C_MATERIAL:0.5092366720941267
C_MOVECOUNT:0.5
