ELO:1000
CE_PASSEDPAWNS:0.4812102124698727
CE_PAWNWEAKNESSES:0.4659823783393902
CE_PIECEACTIVITY:0.5184368053576751
CE_KINGPAWNSHIELD:0.5242696217486116
CE_PIECECOORDINATION:0.5340621432656854
CE_MATERIAL:0.4705636179995329
CE_KINGSAFETY:0.47944275999862107
C_PIECESQUARETABLES:0.4867119004015767
C_MOBILITY:0.5390837435118047
C_KINGSAFETY:0.4791346155088894
C_PAWNSTRUCTURE:0.4880046309495864
C_PIECECOORDINATION:0.48652563288239975
C_ROOKANDPAWNMOVEMENT:0.48652563288239975
C_CENTERCONTROL:0.4294935290549692
C_DEVELOPPIECES:0.5525750447648946
C_MATERIAL:0.5246915867073392
