ELO:890
CE_PASSEDPAWNS:0.49229884904556226
CE_PAWNWEAKNESSES:0.4528404414285919
CE_PIECEACTIVITY:0.4543410093097798
CE_KINGPAWNSHIELD:0.536162895194419
CE_PIECECOORDINATION:0.4765590930953532
CE_MATERIAL:0.4668051083580573
CE_KINGSAFETY:0.49368798954165916
C_PIECESQUARETABLES:0.49996557145016207
C_MOBILITY:0.4844515506882902
C_KINGSAFETY:0.5225238299738617
C_PAWNSTRUCTURE:0.5279772065372748
C_PIECECOORDINATION:0.529390882848193
C_ROOK:0.4653200537519412
CE_ROOK:0.49671028826068514
C_CENTERCONTROL:0.48179120558772914
C_DEVELOPPIECES:0.4636773746320694
C_MATERIAL:0.5179239310181911
C_MOVECOUNT:0.46818729371519113
C_PAWNMOVEMENT:0.5042874797972489
