ELO:1000
CE_PASSEDPAWNS:0.4818298782030679
CE_PAWNWEAKNESSES:0.5127452953120065
CE_PIECEACTIVITY:0.49396271302506367
CE_KINGPAWNSHIELD:0.5025206353145084
CE_PIECECOORDINATION:0.5025280563848685
CE_MATERIAL:0.5
CE_KINGSAFETY:0.4960602051113087
C_PIECESQUARETABLES:0.5034003352754723
C_MOBILITY:0.5012688360353194
C_KINGSAFETY:0.5214102226708563
C_PAWNSTRUCTURE:0.48977112429641184
C_PIECECOORDINATION:0.5010565581187134
C_ROOK:0.4914416448938736
CE_ROOK:0.4957129623455684
C_CENTERCONTROL:0.5026928109015826
C_DEVELOPPIECES:0.49669183558609015
C_MATERIAL:0.49746904388754043
C_MOVECOUNT:0.49726398466467564
C_PAWNMOVEMENT:0.5
