ELO:900
CE_PASSEDPAWNS:0.5362801355882353
CE_PAWNWEAKNESSES:0.5450511085576285
CE_PIECEACTIVITY:0.48172405342418695
CE_KINGPAWNSHIELD:0.4633616181944164
CE_PIECECOORDINATION:0.4634405029881405
CE_MATERIAL:0.41425561174128145
CE_KINGSAFETY:0.5
C_PIECESQUARETABLES:0.5
C_MOBILITY:0.4970456218573035
C_KINGSAFETY:0.5536122721460371
C_PAWNSTRUCTURE:0.6512304930974316
C_PIECECOORDINATION:0.4954149961451953
C_ROOKANDPAWNMOVEMENT:0.4954149961451953
C_CENTERCONTROL:0.5035821847880905
C_DEVELOPPIECES:0.5678348007488923
C_MATERIAL:0.39763601952641764
