ELO:835
CE_PASSEDPAWNS:0.5297298182966933
CE_PAWNWEAKNESSES:0.5337705892699575
CE_PIECEACTIVITY:0.4925039621896853
CE_KINGPAWNSHIELD:0.43299899619174664
CE_PIECECOORDINATION:0.4289370597735153
CE_MATERIAL:0.5432812358965767
CE_KINGSAFETY:0.49428477957301614
C_PIECESQUARETABLES:0.5513831121651421
C_MOBILITY:0.4485023664774164
C_KINGSAFETY:0.49797662306023444
C_PAWNSTRUCTURE:0.5573906729121426
C_PIECECOORDINATION:0.5464542071700956
C_ROOKANDPAWNMOVEMENT:0.5464542071700956
C_CENTERCONTROL:0.4900363740524737
C_DEVELOPPIECES:0.5005199901889272
C_MATERIAL:0.5918345768744794
