ELO:743
CE_PASSEDPAWNS:0.3799960189601972
CE_PAWNWEAKNESSES:0.5876896489611226
CE_PIECEACTIVITY:0.46110974953774236
CE_KINGPAWNSHIELD:0.45405913595695024
CE_PIECECOORDINATION:0.5320208149171242
CE_MATERIAL:0.42707281867402863
CE_KINGSAFETY:0.5297904570394226
C_PIECESQUARETABLES:0.5585527500511531
C_MOBILITY:0.5237935119948185
C_KINGSAFETY:0.4863813166056066
C_PAWNSTRUCTURE:0.4290451715857294
C_PIECECOORDINATION:0.5596606001180822
C_ROOKANDPAWNMOVEMENT:0.5596606001180822
C_CENTERCONTROL:0.4892851691595774
C_DEVELOPPIECES:0.46620146858478034
C_MATERIAL:0.531881541921894
C_MOVECOUNT:0.5
