ELO:998
CE_PASSEDPAWNS:0.5403326850837312
CE_PAWNWEAKNESSES:0.5060658179846256
CE_PIECEACTIVITY:0.5173653061965152
CE_KINGPAWNSHIELD:0.5061885085318277
CE_PIECECOORDINATION:0.4570395807138529
CE_MATERIAL:0.5543096239983315
CE_KINGSAFETY:0.49819795191449373
C_PIECESQUARETABLES:0.504064844858963
C_MOBILITY:0.49652027642089497
C_KINGSAFETY:0.5834213016208041
C_PAWNSTRUCTURE:0.45726058367357547
C_PIECECOORDINATION:0.45845656261337686
C_ROOKANDPAWNMOVEMENT:0.45845656261337686
C_CENTERCONTROL:0.4503045689777355
C_DEVELOPPIECES:0.5144593405245805
C_MATERIAL:0.5193787947879936
