ELO:993
CE_PASSEDPAWNS:0.5440446136134454
CE_PAWNWEAKNESSES:0.5268818112385671
CE_PIECEACTIVITY:0.5476345325706627
CE_KINGPAWNSHIELD:0.4603979536630971
CE_PIECECOORDINATION:0.5673241199379482
CE_MATERIAL:0.4888439488126602
CE_KINGSAFETY:0.49587376699159147
C_PIECESQUARETABLES:0.5
C_MOBILITY:0.48650994511094914
C_KINGSAFETY:0.44771472748799945
C_PAWNSTRUCTURE:0.5441567974297211
C_PIECECOORDINATION:0.40326021148493874
C_ROOKANDPAWNMOVEMENT:0.40326021148493874
C_CENTERCONTROL:0.45391839287713864
C_DEVELOPPIECES:0.4171252999975047
C_MATERIAL:0.5239111936244457
