ELO:875
CE_PASSEDPAWNS:0.4594825884273882
CE_PAWNWEAKNESSES:0.4669808787787872
CE_PIECEACTIVITY:0.471237678935582
CE_KINGPAWNSHIELD:0.5560114785129655
CE_PIECECOORDINATION:0.4217496965868958
CE_MATERIAL:0.5578680442433445
CE_KINGSAFETY:0.49368895003262875
C_PIECESQUARETABLES:0.47185727457350984
C_MOBILITY:0.27614969828011204
C_KINGSAFETY:0.5158253232455206
C_PAWNSTRUCTURE:0.49467941567023466
C_PIECECOORDINATION:0.4258525624565545
C_ROOKANDPAWNMOVEMENT:0.4258525624565545
C_CENTERCONTROL:0.5171491862693592
C_DEVELOPPIECES:0.5589906255030614
C_MATERIAL:0.4352092701852268
