ELO:983
CE_PASSEDPAWNS:0.5223336175672378
CE_PAWNWEAKNESSES:0.5406930951917747
CE_PIECEACTIVITY:0.5354810103244045
CE_KINGPAWNSHIELD:0.4858910833716155
CE_PIECECOORDINATION:0.5710012134867283
CE_MATERIAL:0.4795356391499733
CE_KINGSAFETY:0.42779505447017024
C_PIECESQUARETABLES:0.509805217870738
C_MOBILITY:0.44987688000009846
C_KINGSAFETY:0.4322666897883874
C_PAWNSTRUCTURE:0.5475892754764295
C_PIECECOORDINATION:0.41104946406186343
C_ROOKANDPAWNMOVEMENT:0.41104946406186343
C_CENTERCONTROL:0.4275230817454034
C_DEVELOPPIECES:0.4607420255557093
C_MATERIAL:0.5404880718555554
