ELO:1024
CE_PASSEDPAWNS:0.5
CE_PAWNWEAKNESSES:0.46514797203790204
CE_PIECEACTIVITY:0.5025520061296506
CE_KINGPAWNSHIELD:0.4942121834269594
CE_PIECECOORDINATION:0.5
CE_MATERIAL:0.5
CE_KINGSAFETY:0.5
C_PIECESQUARETABLES:0.5
C_MOBILITY:0.5063048060335281
C_KINGSAFETY:0.49236190234821764
C_PAWNSTRUCTURE:0.5143370731531024
C_PIECECOORDINATION:0.5
C_ROOKANDPAWNMOVEMENT:0.5
C_CENTERCONTROL:0.5054882072156248
C_DEVELOPPIECES:0.5
C_MATERIAL:0.502126669620171
C_MOVECOUNT:0.5231136650747984
