ELO:972
CE_PASSEDPAWNS:0.5434103420003272
CE_PAWNWEAKNESSES:0.520200240616693
CE_PIECEACTIVITY:0.5368094710711155
CE_KINGPAWNSHIELD:0.5010189124169864
CE_PIECECOORDINATION:0.6029412739692127
CE_MATERIAL:0.5007788460449195
CE_KINGSAFETY:0.4038128068578586
C_PIECESQUARETABLES:0.5118329600718164
C_MOBILITY:0.4661358343823619
C_KINGSAFETY:0.43343017386791105
C_PAWNSTRUCTURE:0.5668130714829974
C_PIECECOORDINATION:0.42004811817130233
C_ROOKANDPAWNMOVEMENT:0.42004811817130233
C_CENTERCONTROL:0.4353586214431627
C_DEVELOPPIECES:0.4329855771281337
C_MATERIAL:0.5098923162003631
