ELO:964
CE_PASSEDPAWNS:0.5156839845540195
CE_PAWNWEAKNESSES:0.5158756459690631
CE_PIECEACTIVITY:0.5060004098013987
CE_KINGPAWNSHIELD:0.4076561608377238
CE_PIECECOORDINATION:0.45838380711768073
CE_MATERIAL:0.5524658270014541
CE_KINGSAFETY:0.5
C_PIECESQUARETABLES:0.5226423436262031
C_MOBILITY:0.4826960028385007
C_KINGSAFETY:0.5006645970839474
C_PAWNSTRUCTURE:0.5059223478798325
C_PIECECOORDINATION:0.5350567576815112
C_ROOKANDPAWNMOVEMENT:0.5350567576815112
C_CENTERCONTROL:0.38772619583534185
C_DEVELOPPIECES:0.495769798407045
C_MATERIAL:0.5947992712676347
