ELO:938
CE_PASSEDPAWNS:0.488761824731282
CE_PAWNWEAKNESSES:0.4724093568440776
CE_PIECEACTIVITY:0.4893916967858378
CE_KINGPAWNSHIELD:0.5218705454628919
CE_PIECECOORDINATION:0.4939441177197126
CE_MATERIAL:0.4920792437212205
CE_KINGSAFETY:0.5013047069336631
C_PIECESQUARETABLES:0.48904369168270906
C_MOBILITY:0.4861037043586467
C_KINGSAFETY:0.5084126003903845
C_PAWNSTRUCTURE:0.49093153797729144
C_PIECECOORDINATION:0.47943513799925275
C_ROOKANDPAWNMOVEMENT:0.47943513799925275
C_CENTERCONTROL:0.5292758897100951
C_DEVELOPPIECES:0.47346926375367376
C_MATERIAL:0.4565467861998821
C_MOVECOUNT:0.5131043166179797
