ELO:967
CE_PASSEDPAWNS:0.5382159046640901
CE_PAWNWEAKNESSES:0.5298129136382239
CE_PIECEACTIVITY:0.5303069687928731
CE_KINGPAWNSHIELD:0.520002775203364
CE_PIECECOORDINATION:0.6093855668843309
CE_MATERIAL:0.5024898457268968
CE_KINGSAFETY:0.4161476626372155
C_PIECESQUARETABLES:0.4986017761744134
C_MOBILITY:0.4740925029334213
C_KINGSAFETY:0.4497426815909135
C_PAWNSTRUCTURE:0.564546595685842
C_PIECECOORDINATION:0.42004811817130233
C_ROOKANDPAWNMOVEMENT:0.42004811817130233
C_CENTERCONTROL:0.44262013331496286
C_DEVELOPPIECES:0.42101916765628195
C_MATERIAL:0.4945412311369986
