ELO:1000
CE_PASSEDPAWNS:0.5138542223988485
CE_PAWNWEAKNESSES:0.5113977543849447
CE_PIECEACTIVITY:0.461513850461776
CE_KINGPAWNSHIELD:0.4559282205362085
CE_PIECECOORDINATION:0.5369942027392096
CE_MATERIAL:0.5136623202586516
CE_KINGSAFETY:0.5
C_PIECESQUARETABLES:0.5
C_MOBILITY:0.506166967162507
C_KINGSAFETY:0.47941437189162883
C_PAWNSTRUCTURE:0.5175086877520062
C_PIECECOORDINATION:0.5224924218812023
C_ROOKANDPAWNMOVEMENT:0.5224924218812023
C_CENTERCONTROL:0.506365065106294
C_DEVELOPPIECES:0.4622219768903136
C_MATERIAL:0.5522823407564393
