ELO:883
CE_PASSEDPAWNS:0.47405705197742765
CE_PAWNWEAKNESSES:0.4795553575427913
CE_PIECEACTIVITY:0.48929048545483933
CE_KINGPAWNSHIELD:0.48561484277489836
CE_PIECECOORDINATION:0.48728691044219985
CE_MATERIAL:0.5047351904660234
CE_KINGSAFETY:0.49120620981913693
C_PIECESQUARETABLES:0.5032764265396117
C_MOBILITY:0.473224610688459
C_KINGSAFETY:0.48273409981128
C_PAWNSTRUCTURE:0.5388184378525379
C_PIECECOORDINATION:0.5221481476825521
C_ROOK:0.5498225094574136
CE_ROOK:0.5039577491090965
C_CENTERCONTROL:0.500171158286561
C_DEVELOPPIECES:0.5498970656731083
C_MATERIAL:0.5176117569443959
C_MOVECOUNT:0.4715972351457744
C_PAWNMOVEMENT:0.5173722719364118
