ELO:955
CE_PASSEDPAWNS:0.5144991318202967
CE_PAWNWEAKNESSES:0.4606984482182052
CE_PIECEACTIVITY:0.5007514216158169
CE_KINGPAWNSHIELD:0.5351491022783957
CE_PIECECOORDINATION:0.5441384767697036
CE_MATERIAL:0.506046180631487
CE_KINGSAFETY:0.5178818910718581
C_PIECESQUARETABLES:0.509365022583453
C_MOBILITY:0.5426596267316995
C_KINGSAFETY:0.5547302816528183
C_PAWNSTRUCTURE:0.5031268259623413
C_PIECECOORDINATION:0.50470753380468
C_ROOKANDPAWNMOVEMENT:0.50470753380468
C_CENTERCONTROL:0.46374343336130264
C_DEVELOPPIECES:0.513991466784068
C_MATERIAL:0.5102221621779002
C_MOVECOUNT:0.4794688424352346
