ELO:988
CE_PASSEDPAWNS:0.515977651433118
CE_PAWNWEAKNESSES:0.5306654945940059
CE_PIECEACTIVITY:0.563027594926299
CE_KINGPAWNSHIELD:0.4807831928207709
CE_PIECECOORDINATION:0.5593497712744248
CE_MATERIAL:0.497235207466496
CE_KINGSAFETY:0.4311050175049903
C_PIECESQUARETABLES:0.49867801050494936
C_MOBILITY:0.44987688000009846
C_KINGSAFETY:0.43867011474038753
C_PAWNSTRUCTURE:0.5475892754764295
C_PIECECOORDINATION:0.4124633476411499
C_ROOKANDPAWNMOVEMENT:0.4124633476411499
C_CENTERCONTROL:0.44855999284854675
C_DEVELOPPIECES:0.4332485722953598
C_MATERIAL:0.5650013995040806
