ELO:980
CE_PASSEDPAWNS:0.4319836372130304
CE_PAWNWEAKNESSES:0.48619577763078603
CE_PIECEACTIVITY:0.3717796424208739
CE_KINGPAWNSHIELD:0.5222307852512889
CE_PIECECOORDINATION:0.5702579397245631
CE_MATERIAL:0.5172955069569306
CE_KINGSAFETY:0.5133782280843626
C_PIECESQUARETABLES:0.509343531593853
C_MOBILITY:0.4547816654129054
C_KINGSAFETY:0.46714318005279687
C_PAWNSTRUCTURE:0.49097971537384616
C_PIECECOORDINATION:0.5640142996220715
C_ROOKANDPAWNMOVEMENT:0.5640142996220715
C_CENTERCONTROL:0.38476842236564757
C_DEVELOPPIECES:0.43305791663667004
C_MATERIAL:0.5547986213097869
