ELO:1123
CE_PASSEDPAWNS:0.4947402399813678
CE_PAWNWEAKNESSES:0.5237087331859002
CE_PIECEACTIVITY:0.5050234768252587
CE_KINGPAWNSHIELD:0.49607325315132733
CE_PIECECOORDINATION:0.5
CE_MATERIAL:0.5
CE_KINGSAFETY:0.4763933110265223
C_PIECESQUARETABLES:0.5
C_MOBILITY:0.5156740937477858
C_KINGSAFETY:0.4931421764808167
C_PAWNSTRUCTURE:0.49334728830388974
C_PIECECOORDINATION:0.5018344469332358
C_ROOKANDPAWNMOVEMENT:0.5018344469332358
C_CENTERCONTROL:0.4945577376678812
C_DEVELOPPIECES:0.5068795289870235
C_MATERIAL:0.5
