ELO:862
CE_PASSEDPAWNS:0.5216918433809231
CE_PAWNWEAKNESSES:0.5133401290681021
CE_PIECEACTIVITY:0.490187469926162
CE_KINGPAWNSHIELD:0.41339737559315687
CE_PIECECOORDINATION:0.44768397192255416
CE_MATERIAL:0.5547003590013225
CE_KINGSAFETY:0.48554629164309754
C_PIECESQUARETABLES:0.5409184528554943
C_MOBILITY:0.46152826120065044
C_KINGSAFETY:0.5013049572969385
C_PAWNSTRUCTURE:0.556683421240048
C_PIECECOORDINATION:0.5672451012729762
C_ROOKANDPAWNMOVEMENT:0.5672451012729762
C_CENTERCONTROL:0.45894390751016817
C_DEVELOPPIECES:0.5083895582023625
C_MATERIAL:0.567941024110217
