ELO:1000
CE_PASSEDPAWNS:0.4892082641235086
CE_PAWNWEAKNESSES:0.48926356902857815
CE_PIECEACTIVITY:0.5123145521862165
CE_KINGPAWNSHIELD:0.5163640618273196
CE_PIECECOORDINATION:0.44219383147368496
CE_MATERIAL:0.5809500191968776
CE_KINGSAFETY:0.5525931709509578
C_PIECESQUARETABLES:0.47738763715021804
C_MOBILITY:0.5168719009160971
C_KINGSAFETY:0.5580764934383425
C_PAWNSTRUCTURE:0.4758344601965016
C_PIECECOORDINATION:0.47497278497461687
C_ROOKANDPAWNMOVEMENT:0.47497278497461687
C_CENTERCONTROL:0.48231425627675173
C_DEVELOPPIECES:0.46971501965944973
C_MATERIAL:0.5066196920071343
