ELO:956
CE_PASSEDPAWNS:0.5245868975377042
CE_PAWNWEAKNESSES:0.4819850482437043
CE_PIECEACTIVITY:0.4917033149923222
CE_KINGPAWNSHIELD:0.5214917605577565
CE_PIECECOORDINATION:0.5157482804585422
CE_MATERIAL:0.5233158073307159
CE_KINGSAFETY:0.5002203411426371
C_PIECESQUARETABLES:0.5105647943638971
C_MOBILITY:0.4884860873977341
C_KINGSAFETY:0.5302038572895893
C_PAWNSTRUCTURE:0.5157042090752905
C_PIECECOORDINATION:0.4997510261732173
C_ROOKANDPAWNMOVEMENT:0.4997510261732173
C_CENTERCONTROL:0.5286014629651822
C_DEVELOPPIECES:0.49972634826137474
C_MATERIAL:0.48725542063819655
C_MOVECOUNT:0.5021190570560906
