ELO:866
CE_PASSEDPAWNS:0.4644668206650744
CE_PAWNWEAKNESSES:0.5811983530259158
CE_PIECEACTIVITY:0.5551388959565532
CE_KINGPAWNSHIELD:0.5352293224000947
CE_PIECECOORDINATION:0.5849266266946077
CE_MATERIAL:0.43452882948113253
CE_KINGSAFETY:0.5020023122508244
C_PIECESQUARETABLES:0.5252700930170313
C_MOBILITY:0.4063698905654002
C_KINGSAFETY:0.535104845222476
C_PAWNSTRUCTURE:0.4717309695091605
C_PIECECOORDINATION:0.4811345827881644
C_ROOKANDPAWNMOVEMENT:0.4811345827881644
C_CENTERCONTROL:0.45040096735300744
C_DEVELOPPIECES:0.3475479910049625
C_MATERIAL:0.4350656297899701
