ELO:1010
CE_PASSEDPAWNS:0.5031528063379578
CE_PAWNWEAKNESSES:0.5138284537383717
CE_PIECEACTIVITY:0.5
CE_KINGPAWNSHIELD:0.5033228334225499
CE_PIECECOORDINATION:0.5220670952047248
CE_MATERIAL:0.5113582772931592
CE_KINGSAFETY:0.489801250304983
C_PIECESQUARETABLES:0.5262652750712287
C_MOBILITY:0.5
C_KINGSAFETY:0.5030587776476728
C_PAWNSTRUCTURE:0.5
C_PIECECOORDINATION:0.49686714702622586
C_ROOKANDPAWNMOVEMENT:0.49686714702622586
C_CENTERCONTROL:0.49849181473450177
C_DEVELOPPIECES:0.5001692788929344
C_MATERIAL:0.5025618627665402
C_MOVECOUNT:0.47803181473700096
