ELO:953
CE_PASSEDPAWNS:0.543538197923892
CE_PAWNWEAKNESSES:0.5330774388725528
CE_PIECEACTIVITY:0.513444057618787
CE_KINGPAWNSHIELD:0.49571027451621413
CE_PIECECOORDINATION:0.6337569682717821
CE_MATERIAL:0.511032107902726
CE_KINGSAFETY:0.5294557465441388
C_PIECESQUARETABLES:0.4895963130324017
C_MOBILITY:0.4605157729935052
C_KINGSAFETY:0.48653866731390755
C_PAWNSTRUCTURE:0.5767858280084199
C_PIECECOORDINATION:0.4036970633955535
C_ROOKANDPAWNMOVEMENT:0.4036970633955535
C_CENTERCONTROL:0.41848286445270866
C_DEVELOPPIECES:0.4031048396819592
C_MATERIAL:0.4943325684646331
