ELO:1023
CE_PASSEDPAWNS:0.48539370805113863
CE_PAWNWEAKNESSES:0.4944346532272651
CE_PIECEACTIVITY:0.5476283564517516
CE_KINGPAWNSHIELD:0.4640971242376487
CE_PIECECOORDINATION:0.48642521335428707
CE_MATERIAL:0.49402009792952467
CE_KINGSAFETY:0.5233793830758415
C_PIECESQUARETABLES:0.4897173165213039
C_MOBILITY:0.5180859037559276
C_KINGSAFETY:0.5163016464147075
C_PAWNSTRUCTURE:0.4908302189595743
C_PIECECOORDINATION:0.46888775579841363
C_ROOKANDPAWNMOVEMENT:0.46888775579841363
C_CENTERCONTROL:0.5730215240618308
C_DEVELOPPIECES:0.4758822607641292
C_MATERIAL:0.5250255986906176
C_MOVECOUNT:0.4895778269113519
