ELO:985
CE_PASSEDPAWNS:0.4319836372130304
CE_PAWNWEAKNESSES:0.48669009706291966
CE_PIECEACTIVITY:0.3705076546780481
CE_KINGPAWNSHIELD:0.5187125184263524
CE_PIECECOORDINATION:0.5600962431604768
CE_MATERIAL:0.5270431103375516
CE_KINGSAFETY:0.5129414203119579
C_PIECESQUARETABLES:0.4890826713291245
C_MOBILITY:0.46100577003486765
C_KINGSAFETY:0.46714318005279687
C_PAWNSTRUCTURE:0.4840772669742551
C_PIECECOORDINATION:0.5441723543249023
C_ROOKANDPAWNMOVEMENT:0.5441723543249023
C_CENTERCONTROL:0.39516764430023743
C_DEVELOPPIECES:0.4423836255387887
C_MATERIAL:0.5400410843698967
