ELO:951
CE_PASSEDPAWNS:0.39348311155751303
CE_PAWNWEAKNESSES:0.43522495172501025
CE_PIECEACTIVITY:0.405451184425607
CE_KINGPAWNSHIELD:0.5646593167270532
CE_PIECECOORDINATION:0.5677438516150274
CE_MATERIAL:0.5199801347931035
CE_KINGSAFETY:0.4825180064772399
C_PIECESQUARETABLES:0.49059803678386166
C_MOBILITY:0.4449048754882216
C_KINGSAFETY:0.4828191090050797
C_PAWNSTRUCTURE:0.44501315216058607
C_PIECECOORDINATION:0.5378423461948458
C_ROOKANDPAWNMOVEMENT:0.5378423461948458
C_CENTERCONTROL:0.40969209910464094
C_DEVELOPPIECES:0.429028103912824
C_MATERIAL:0.5768873823165043
