ELO:993
CE_PASSEDPAWNS:0.4804166746062883
CE_PAWNWEAKNESSES:0.5052877523368224
CE_PIECEACTIVITY:0.5143276557132808
CE_KINGPAWNSHIELD:0.5050130553836577
CE_PIECECOORDINATION:0.5060661810616166
CE_MATERIAL:0.5309012343123404
CE_KINGSAFETY:0.488538529407086
C_PIECESQUARETABLES:0.4902602053432281
C_MOBILITY:0.48467397859462175
C_KINGSAFETY:0.48986060175662727
C_PAWNSTRUCTURE:0.4937330539640259
C_PIECECOORDINATION:0.49349102427850655
C_ROOK:0.47898942654405263
CE_ROOK:0.4978258769554344
C_CENTERCONTROL:0.5121465156971613
C_DEVELOPPIECES:0.5075663594877216
C_MATERIAL:0.48184411419175277
C_MOVECOUNT:0.49794577644841925
C_PAWNMOVEMENT:0.49741609976424117
