ELO:1107
CE_PASSEDPAWNS:0.5
CE_PAWNWEAKNESSES:0.5090320878073124
CE_PIECEACTIVITY:0.5
CE_KINGPAWNSHIELD:0.5116964707824162
CE_PIECECOORDINATION:0.5
CE_MATERIAL:0.5016283000152311
CE_KINGSAFETY:0.4763933110265223
C_PIECESQUARETABLES:0.5065936054287977
C_MOBILITY:0.5269849222909453
C_KINGSAFETY:0.4907057049364773
C_PAWNSTRUCTURE:0.49334728830388974
C_PIECECOORDINATION:0.5018344469332358
C_ROOKANDPAWNMOVEMENT:0.5018344469332358
C_CENTERCONTROL:0.5055661363862762
C_DEVELOPPIECES:0.5068795289870235
C_MATERIAL:0.5101922080135421
