ELO:929
CE_PASSEDPAWNS:0.4896696584122442
CE_PAWNWEAKNESSES:0.5045789453825642
CE_PIECEACTIVITY:0.46739389413586807
CE_KINGPAWNSHIELD:0.46923426131408486
CE_PIECECOORDINATION:0.5532027217420922
CE_MATERIAL:0.5055101039910281
CE_KINGSAFETY:0.5
C_PIECESQUARETABLES:0.5
C_MOBILITY:0.4873559817657046
C_KINGSAFETY:0.49912600860416445
C_PAWNSTRUCTURE:0.5192971881643482
C_PIECECOORDINATION:0.47564800415462916
C_ROOK:0.44353576509526765
CE_ROOK:0.49961341550600286
C_CENTERCONTROL:0.47637039304142476
C_DEVELOPPIECES:0.5352360720266499
C_MATERIAL:0.4933798463491146
C_MOVECOUNT:0.5044873220805125
C_PAWNMOVEMENT:0.45710798287459997
