ELO:965
CE_PASSEDPAWNS:0.531183413566352
CE_PAWNWEAKNESSES:0.5021914220799601
CE_PIECEACTIVITY:0.5076959010707425
CE_KINGPAWNSHIELD:0.4714352443197651
CE_PIECECOORDINATION:0.49360822796535037
CE_MATERIAL:0.5142819182240044
CE_KINGSAFETY:0.4761296431366671
C_PIECESQUARETABLES:0.5150199473623888
C_MOBILITY:0.5000502927549875
C_KINGSAFETY:0.5492065252316516
C_PAWNSTRUCTURE:0.5337414796645317
C_PIECECOORDINATION:0.4900211311963095
C_ROOK:0.5354720293197247
CE_ROOK:0.4683179147586282
C_CENTERCONTROL:0.5243058652007769
C_DEVELOPPIECES:0.5044024563338547
C_MATERIAL:0.4783415050384996
C_MOVECOUNT:0.5305008341705048
C_PAWNMOVEMENT:0.5400683100767898
