ELO:935
CE_PASSEDPAWNS:0.531279101851452
CE_PAWNWEAKNESSES:0.49874680628753065
CE_PIECEACTIVITY:0.5057323919021893
CE_KINGPAWNSHIELD:0.4637627581084983
CE_PIECECOORDINATION:0.5294647096505759
CE_MATERIAL:0.5221009048261149
CE_KINGSAFETY:0.4908714907787962
C_PIECESQUARETABLES:0.5202777862838345
C_MOBILITY:0.49261719104041624
C_KINGSAFETY:0.5173148639021734
C_PAWNSTRUCTURE:0.5257880984751762
C_PIECECOORDINATION:0.4900211311963095
C_ROOK:0.49617269191990704
CE_ROOK:0.47696344674833785
C_CENTERCONTROL:0.5277464377417915
C_DEVELOPPIECES:0.5044024563338547
C_MATERIAL:0.462192882851104
C_MOVECOUNT:0.4942585086816987
C_PAWNMOVEMENT:0.5524504788877816
