ELO:676
CE_PASSEDPAWNS:0.5170621667084777
CE_PAWNWEAKNESSES:0.558986040190315
CE_PIECEACTIVITY:0.5103436370506264
CE_KINGPAWNSHIELD:0.44566828707756023
CE_PIECECOORDINATION:0.42064377180314344
CE_MATERIAL:0.5685998095687632
CE_KINGSAFETY:0.48052912443075896
C_PIECESQUARETABLES:0.5761644123219861
C_MOBILITY:0.4466191190750396
C_KINGSAFETY:0.481142710141737
C_PAWNSTRUCTURE:0.5207129435565827
C_PIECECOORDINATION:0.5553904116376681
C_ROOKANDPAWNMOVEMENT:0.5553904116376681
C_CENTERCONTROL:0.5041514027559737
C_DEVELOPPIECES:0.4902749440096896
C_MATERIAL:0.5954810087112786
