ELO:958
CE_PASSEDPAWNS:0.4460059113977784
CE_PAWNWEAKNESSES:0.4720300081965643
CE_PIECEACTIVITY:0.38770710311002865
CE_KINGPAWNSHIELD:0.5201720784354747
CE_PIECECOORDINATION:0.5618998919356109
CE_MATERIAL:0.5053720462032663
CE_KINGSAFETY:0.47902228397496355
C_PIECESQUARETABLES:0.48326591504544075
C_MOBILITY:0.43186194309900994
C_KINGSAFETY:0.46323500519068206
C_PAWNSTRUCTURE:0.4854635291172592
C_PIECECOORDINATION:0.5634780284440164
C_ROOKANDPAWNMOVEMENT:0.5634780284440164
C_CENTERCONTROL:0.4000737801406026
C_DEVELOPPIECES:0.37520706774639556
C_MATERIAL:0.5490099816071895
