ELO:993
CE_PASSEDPAWNS:0.5083783992283946
CE_PAWNWEAKNESSES:0.5115498058099652
CE_PIECEACTIVITY:0.5099392645416595
CE_KINGPAWNSHIELD:0.5096532304250183
CE_PIECECOORDINATION:0.5
CE_MATERIAL:0.5
CE_KINGSAFETY:0.5078664214354308
C_PIECESQUARETABLES:0.5
C_MOBILITY:0.5048206604528029
C_KINGSAFETY:0.5010383263353031
C_PAWNSTRUCTURE:0.5
C_PIECECOORDINATION:0.49296498985939846
C_ROOKANDPAWNMOVEMENT:0.49296498985939846
C_CENTERCONTROL:0.5
C_DEVELOPPIECES:0.5029369147099333
C_MATERIAL:0.5
C_MOVECOUNT:0.5
