ELO:993
CE_PASSEDPAWNS:0.525464330829893
CE_PAWNWEAKNESSES:0.4828640889262323
CE_PIECEACTIVITY:0.4793942199482128
CE_KINGPAWNSHIELD:0.5
CE_PIECECOORDINATION:0.5108076329625086
CE_MATERIAL:0.4923956609715115
CE_KINGSAFETY:0.497529329584571
C_PIECESQUARETABLES:0.48024609614997404
C_MOBILITY:0.47460568335225517
C_KINGSAFETY:0.5
C_PAWNSTRUCTURE:0.5
C_PIECECOORDINATION:0.5049827937209272
C_ROOKANDPAWNMOVEMENT:0.5049827937209272
C_CENTERCONTROL:0.5103985438238902
C_DEVELOPPIECES:0.5126645837151459
C_MATERIAL:0.49927581958102435
C_MOVECOUNT:0.5
