ELO:997
CE_PASSEDPAWNS:0.4917368650108642
CE_PAWNWEAKNESSES:0.5128616212856579
CE_PIECEACTIVITY:0.5049452577500195
CE_KINGPAWNSHIELD:0.4906671843292048
CE_PIECECOORDINATION:0.48630916310595546
CE_MATERIAL:0.4954650487160751
CE_KINGSAFETY:0.49572084451304516
C_PIECESQUARETABLES:0.5055805833617006
C_MOBILITY:0.4929365723568886
C_KINGSAFETY:0.5103407633892818
C_PAWNSTRUCTURE:0.514530629628581
C_PIECECOORDINATION:0.4980527222039992
C_ROOKANDPAWNMOVEMENT:0.4980527222039992
C_CENTERCONTROL:0.5
C_DEVELOPPIECES:0.4808278864841439
C_MATERIAL:0.5011618586990687
