ELO:935
CE_PASSEDPAWNS:0.49842281744037864
CE_PAWNWEAKNESSES:0.4940096895105761
CE_PIECEACTIVITY:0.5009118510842806
CE_KINGPAWNSHIELD:0.48702038688448673
CE_PIECECOORDINATION:0.5445126160919262
CE_MATERIAL:0.5158587364104801
CE_KINGSAFETY:0.494286187011983
C_PIECESQUARETABLES:0.4924475733171088
C_MOBILITY:0.4920403963449789
C_KINGSAFETY:0.49912600860416445
C_PAWNSTRUCTURE:0.5203886865536302
C_PIECECOORDINATION:0.4671129692033267
C_ROOK:0.463991188350441
CE_ROOK:0.49396604345721656
C_CENTERCONTROL:0.4873950717375152
C_DEVELOPPIECES:0.5283828335592129
C_MATERIAL:0.4878794352866224
C_MOVECOUNT:0.49375319740171364
C_PAWNMOVEMENT:0.4866786571874996
