ELO:970
CE_PASSEDPAWNS:0.49728337203815626
CE_PAWNWEAKNESSES:0.4902601829135619
CE_PIECEACTIVITY:0.49634313840731203
CE_KINGPAWNSHIELD:0.4945931368795626
CE_PIECECOORDINATION:0.5169360995318827
CE_MATERIAL:0.5111477968864182
CE_KINGSAFETY:0.5157612172877195
C_PIECESQUARETABLES:0.5222322911736859
C_MOBILITY:0.49638893484825314
C_KINGSAFETY:0.4867893465751894
C_PAWNSTRUCTURE:0.5016961993219459
C_PIECECOORDINATION:0.5111036246910846
C_ROOKANDPAWNMOVEMENT:0.5111036246910846
C_CENTERCONTROL:0.4801940909351684
C_DEVELOPPIECES:0.46246422622929034
C_MATERIAL:0.48082889986971133
C_MOVECOUNT:0.49370180615638026
