ELO:927
CE_PASSEDPAWNS:0.5067127327235874
CE_PAWNWEAKNESSES:0.4989454294754116
CE_PIECEACTIVITY:0.5131796606066726
CE_KINGPAWNSHIELD:0.4860027061503405
CE_PIECECOORDINATION:0.5117338537762203
CE_MATERIAL:0.4652292311655285
CE_KINGSAFETY:0.5027447288989391
C_PIECESQUARETABLES:0.5
C_MOBILITY:0.49785589404594527
C_KINGSAFETY:0.4906175303214316
C_PAWNSTRUCTURE:0.49602072155570665
C_PIECECOORDINATION:0.49340818843914797
C_ROOKANDPAWNMOVEMENT:0.49340818843914797
C_CENTERCONTROL:0.5028772459250097
C_DEVELOPPIECES:0.5415154998319127
C_MATERIAL:0.4986894664940639
C_MOVECOUNT:0.5170821422954022
