ELO:968
CE_PASSEDPAWNS:0.4635754523164155
CE_PAWNWEAKNESSES:0.5351616906815725
CE_PIECEACTIVITY:0.5245640627715888
CE_KINGPAWNSHIELD:0.47716776026658775
CE_PIECECOORDINATION:0.5636009887663815
CE_MATERIAL:0.45904543092556993
CE_KINGSAFETY:0.48571511322180505
C_PIECESQUARETABLES:0.4945996756893767
C_MOBILITY:0.5136186444896925
C_KINGSAFETY:0.44247806136442375
C_PAWNSTRUCTURE:0.5133816198072718
C_PIECECOORDINATION:0.6176467645327637
C_ROOKANDPAWNMOVEMENT:0.6176467645327637
C_CENTERCONTROL:0.47326073152857423
C_DEVELOPPIECES:0.4479127637294234
C_MATERIAL:0.42151773430608824
