ELO:1000
CE_PASSEDPAWNS:0.47307878293139255
CE_PAWNWEAKNESSES:0.48687339760273146
CE_PIECEACTIVITY:0.46577359426184967
CE_KINGPAWNSHIELD:0.4803420195600345
CE_PIECECOORDINATION:0.44194798318057804
CE_MATERIAL:0.5178177217691682
CE_KINGSAFETY:0.4932328377704799
C_PIECESQUARETABLES:0.4976504719671403
C_MOBILITY:0.5017859749888793
C_KINGSAFETY:0.4879402002985615
C_PAWNSTRUCTURE:0.5227982561733825
C_PIECECOORDINATION:0.5230001400396369
C_ROOKANDPAWNMOVEMENT:0.5230001400396369
C_CENTERCONTROL:0.5263557031120539
C_DEVELOPPIECES:0.5238496803483788
C_MATERIAL:0.48257549294911584
