ELO:988
CE_PASSEDPAWNS:0.5169903440228432
CE_PAWNWEAKNESSES:0.5255603084835075
CE_PIECEACTIVITY:0.5115517959390631
CE_KINGPAWNSHIELD:0.4076561608377238
CE_PIECECOORDINATION:0.4396573289857904
CE_MATERIAL:0.5468939205470041
CE_KINGSAFETY:0.4969049909029045
C_PIECESQUARETABLES:0.4939141386372841
C_MOBILITY:0.49816549280442246
C_KINGSAFETY:0.5053808096650045
C_PAWNSTRUCTURE:0.5006281247243053
C_PIECECOORDINATION:0.5374475460672026
C_ROOKANDPAWNMOVEMENT:0.5374475460672026
C_CENTERCONTROL:0.3957343647861114
C_DEVELOPPIECES:0.4928047215758308
C_MATERIAL:0.5856934303949871
