ELO:992
CE_PASSEDPAWNS:0.6124068756574411
CE_PAWNWEAKNESSES:0.467105453649021
CE_PIECEACTIVITY:0.45065358876122197
CE_KINGPAWNSHIELD:0.4710716701112418
CE_PIECECOORDINATION:0.5204338384705601
CE_MATERIAL:0.4743956183710217
CE_KINGSAFETY:0.49689493434971205
C_PIECESQUARETABLES:0.5232756182761737
C_MOBILITY:0.40576710965791474
C_KINGSAFETY:0.4972412816658408
C_PAWNSTRUCTURE:0.387769744150036
C_PIECECOORDINATION:0.4419729385742636
C_ROOKANDPAWNMOVEMENT:0.4419729385742636
C_CENTERCONTROL:0.5190292179591207
C_DEVELOPPIECES:0.5975836170166442
C_MATERIAL:0.4173749505976724
