ELO:876
CE_PASSEDPAWNS:0.5032497606275942
CE_PAWNWEAKNESSES:0.4637168081455491
CE_PIECEACTIVITY:0.5234573403016886
CE_KINGPAWNSHIELD:0.4873947895698993
CE_PIECECOORDINATION:0.49080397522005204
CE_MATERIAL:0.4729362338552768
CE_KINGSAFETY:0.5097638329187718
C_PIECESQUARETABLES:0.5
C_MOBILITY:0.47163709583045527
C_KINGSAFETY:0.5655555181510702
C_PAWNSTRUCTURE:0.4799407824516877
C_PIECECOORDINATION:0.5093116508703548
C_ROOK:0.468695649465955
CE_ROOK:0.4884637511987323
C_CENTERCONTROL:0.5246942220220057
C_DEVELOPPIECES:0.5726674520344956
C_MATERIAL:0.4996840003311191
C_MOVECOUNT:0.5156509470465538
C_PAWNMOVEMENT:0.4884267057798223
