ELO:853
CE_PASSEDPAWNS:0.48735494905291904
CE_PAWNWEAKNESSES:0.46191148007282956
CE_PIECEACTIVITY:0.5234573403016886
CE_KINGPAWNSHIELD:0.47411035627678927
CE_PIECECOORDINATION:0.49100048699657106
CE_MATERIAL:0.4615858796845804
CE_KINGSAFETY:0.5063335390319138
C_PIECESQUARETABLES:0.5
C_MOBILITY:0.4934664559413376
C_KINGSAFETY:0.5795112535996354
C_PAWNSTRUCTURE:0.4832958083128635
C_PIECECOORDINATION:0.4905268365464101
C_ROOK:0.46198991156746655
CE_ROOK:0.4765189941944227
C_CENTERCONTROL:0.5364711142782145
C_DEVELOPPIECES:0.5692398019315965
C_MATERIAL:0.5125751597307551
C_MOVECOUNT:0.5163484959247665
C_PAWNMOVEMENT:0.4823388193719972
