ELO:1000
CE_PASSEDPAWNS:0.4834827383169368
CE_PAWNWEAKNESSES:0.510193787918159
CE_PIECEACTIVITY:0.5028711565286283
CE_KINGPAWNSHIELD:0.488137465350768
CE_PIECECOORDINATION:0.488596931065208
CE_MATERIAL:0.5254714780660474
CE_KINGSAFETY:0.5151848509474234
C_PIECESQUARETABLES:0.4903633205558666
C_MOBILITY:0.5
C_KINGSAFETY:0.49025965897119694
C_PAWNSTRUCTURE:0.510326162982448
C_PIECECOORDINATION:0.5065532369459429
C_ROOKANDPAWNMOVEMENT:0.5065532369459429
C_CENTERCONTROL:0.5088537156004593
C_DEVELOPPIECES:0.4998549402783584
C_MATERIAL:0.511269589584123
