ELO:947
CE_PASSEDPAWNS:0.4291083286902834
CE_PAWNWEAKNESSES:0.5424348179988796
CE_PIECEACTIVITY:0.5297014541779704
CE_KINGPAWNSHIELD:0.46005061978249917
CE_PIECECOORDINATION:0.5908396661705104
CE_MATERIAL:0.4650883840982797
CE_KINGSAFETY:0.4869831955743137
C_PIECESQUARETABLES:0.49568856036975506
C_MOBILITY:0.4737332859935762
C_KINGSAFETY:0.517953108811701
C_PAWNSTRUCTURE:0.5308495959553279
C_PIECECOORDINATION:0.5933515736113416
C_ROOKANDPAWNMOVEMENT:0.5933515736113416
C_CENTERCONTROL:0.5054967653629554
C_DEVELOPPIECES:0.39048390865640786
C_MATERIAL:0.4327127328548011
