ELO:730
CE_PASSEDPAWNS:0.5108881642986649
CE_PAWNWEAKNESSES:0.5069798370233355
CE_PIECEACTIVITY:0.5385891850612682
CE_KINGPAWNSHIELD:0.46154368017980574
CE_PIECECOORDINATION:0.5564082521783492
CE_MATERIAL:0.4967269281471581
CE_KINGSAFETY:0.5296594804903757
C_PIECESQUARETABLES:0.4819808767788489
C_MOBILITY:0.45516202754623425
C_KINGSAFETY:0.5105107130916999
C_PAWNSTRUCTURE:0.5405541430485586
C_PIECECOORDINATION:0.444020678601336
C_ROOKANDPAWNMOVEMENT:0.444020678601336
C_CENTERCONTROL:0.5453519100754419
C_DEVELOPPIECES:0.5231364547905506
C_MATERIAL:0.4198493719970149
C_MOVECOUNT:0.5
