ELO:976
CE_PASSEDPAWNS:0.5176500217830119
CE_PAWNWEAKNESSES:0.5486269642498836
CE_PIECEACTIVITY:0.4973347543800464
CE_KINGPAWNSHIELD:0.5030877895530771
CE_PIECECOORDINATION:0.47059306934493844
CE_MATERIAL:0.5517405154590023
CE_KINGSAFETY:0.5
C_PIECESQUARETABLES:0.5
C_MOBILITY:0.49516718915557645
C_KINGSAFETY:0.5062207011940355
C_PAWNSTRUCTURE:0.5102622619739604
C_PIECECOORDINATION:0.5295345180309239
C_ROOK:0.48784031982417664
CE_ROOK:0.4937329323517055
C_CENTERCONTROL:0.4746938423660267
C_DEVELOPPIECES:0.49406540277436256
C_MATERIAL:0.5004624984874123
C_MOVECOUNT:0.5317895256243793
C_PAWNMOVEMENT:0.48705955725536687
