ELO:991
CE_PASSEDPAWNS:0.5033408620864336
CE_PAWNWEAKNESSES:0.4857500642809871
CE_PIECEACTIVITY:0.5079726213918866
CE_KINGPAWNSHIELD:0.49831829772451225
CE_PIECECOORDINATION:0.495206903206759
CE_MATERIAL:0.5122660376203879
CE_KINGSAFETY:0.5058105927268353
C_PIECESQUARETABLES:0.5096408739293755
C_MOBILITY:0.4876029876836975
C_KINGSAFETY:0.4990777637194118
C_PAWNSTRUCTURE:0.47485499265450026
C_PIECECOORDINATION:0.518853426918952
C_ROOKANDPAWNMOVEMENT:0.518853426918952
C_CENTERCONTROL:0.46891348303722086
C_DEVELOPPIECES:0.45524226494598835
C_MATERIAL:0.48608274723631884
C_MOVECOUNT:0.48579898588679926
