ELO:920
CE_PASSEDPAWNS:0.47860379999698555
CE_PAWNWEAKNESSES:0.554878197295196
CE_PIECEACTIVITY:0.5422206138575213
CE_KINGPAWNSHIELD:0.5256513368401451
CE_PIECECOORDINATION:0.49126578564777884
CE_MATERIAL:0.46098026570101686
CE_KINGSAFETY:0.5216213202973011
C_PIECESQUARETABLES:0.5233822952759355
C_MOBILITY:0.4911537925343135
C_KINGSAFETY:0.516811089933039
C_PAWNSTRUCTURE:0.47376371981922555
C_PIECECOORDINATION:0.44263877264729756
C_ROOKANDPAWNMOVEMENT:0.44263877264729756
C_CENTERCONTROL:0.5132844601797005
C_DEVELOPPIECES:0.48596989644953836
C_MATERIAL:0.5302745718593683
C_MOVECOUNT:0.5
