ELO:996
CE_PASSEDPAWNS:0.5246516893355763
CE_PAWNWEAKNESSES:0.49987098372708316
CE_PIECEACTIVITY:0.48795344038814037
CE_KINGPAWNSHIELD:0.47894108190636125
CE_PIECECOORDINATION:0.4818158435943379
CE_MATERIAL:0.5029255782206823
CE_KINGSAFETY:0.5
C_PIECESQUARETABLES:0.5
C_MOBILITY:0.4760341691891648
C_KINGSAFETY:0.5122692018453885
C_PAWNSTRUCTURE:0.49741963751361234
C_PIECECOORDINATION:0.4627251114982013
C_ROOK:0.48582085281421455
CE_ROOK:0.5047170166791506
C_CENTERCONTROL:0.47587938396060625
C_DEVELOPPIECES:0.4518678026776264
C_MATERIAL:0.48277520663789125
C_MOVECOUNT:0.5128958467966629
C_PAWNMOVEMENT:0.5225080091513049
