ELO:928
CE_PASSEDPAWNS:0.4360499940715436
CE_PAWNWEAKNESSES:0.5603982517078757
CE_PIECEACTIVITY:0.5321371002693718
CE_KINGPAWNSHIELD:0.4109027919140791
CE_PIECECOORDINATION:0.6042320019984057
CE_MATERIAL:0.4942886031211164
CE_KINGSAFETY:0.5208677827530155
C_PIECESQUARETABLES:0.4678704883606695
C_MOBILITY:0.5570717430813753
C_KINGSAFETY:0.4994051437348785
C_PAWNSTRUCTURE:0.5181010338790996
C_PIECECOORDINATION:0.6381919571710022
C_ROOKANDPAWNMOVEMENT:0.6381919571710022
C_CENTERCONTROL:0.47502040295563847
C_DEVELOPPIECES:0.41655245400965574
C_MATERIAL:0.38550868472420646
