ELO:945
CE_PASSEDPAWNS:0.43842375346393925
CE_PAWNWEAKNESSES:0.5476703939908963
CE_PIECEACTIVITY:0.5144018345816315
CE_KINGPAWNSHIELD:0.4513351193697617
CE_PIECECOORDINATION:0.567803025656285
CE_MATERIAL:0.4824408908747328
CE_KINGSAFETY:0.4670226893954985
C_PIECESQUARETABLES:0.5095726708621783
C_MOBILITY:0.47175855386371707
C_KINGSAFETY:0.5278846016764234
C_PAWNSTRUCTURE:0.5316487493872672
C_PIECECOORDINATION:0.5879726387671016
C_ROOKANDPAWNMOVEMENT:0.5879726387671016
C_CENTERCONTROL:0.49546945483722976
C_DEVELOPPIECES:0.4049532772193948
C_MATERIAL:0.43679278998220256
