ELO:986
CE_PASSEDPAWNS:0.5265773729130553
CE_PAWNWEAKNESSES:0.5104168031790988
CE_PIECEACTIVITY:0.506494355806737
CE_KINGPAWNSHIELD:0.5022092968277465
CE_PIECECOORDINATION:0.48101973352970934
CE_MATERIAL:0.49460275113358915
CE_KINGSAFETY:0.5096410153372235
C_PIECESQUARETABLES:0.4997673351940095
C_MOBILITY:0.4795056057668138
C_KINGSAFETY:0.5122692018453885
C_PAWNSTRUCTURE:0.4987471929298341
C_PIECECOORDINATION:0.45905438315613
C_ROOK:0.49429135136511837
CE_ROOK:0.4950050885235271
C_CENTERCONTROL:0.47587938396060625
C_DEVELOPPIECES:0.4594795540850109
C_MATERIAL:0.4776922680297737
C_MOVECOUNT:0.5041385933600206
C_PAWNMOVEMENT:0.5255875462069992
