ELO:1000
CE_PASSEDPAWNS:0.46843322787589586
CE_PAWNWEAKNESSES:0.5186868339764843
CE_PIECEACTIVITY:0.5089705901393303
CE_KINGPAWNSHIELD:0.4657494360796812
CE_PIECECOORDINATION:0.5247915973884487
CE_MATERIAL:0.5199378481003064
CE_KINGSAFETY:0.525846925897052
C_PIECESQUARETABLES:0.5154214940176748
C_MOBILITY:0.5073965289038144
C_KINGSAFETY:0.4747899992663492
C_PAWNSTRUCTURE:0.5178614732226163
C_PIECECOORDINATION:0.5374841799464908
C_ROOKANDPAWNMOVEMENT:0.5374841799464908
C_CENTERCONTROL:0.512018081705203
C_DEVELOPPIECES:0.49513069883999616
C_MATERIAL:0.5168782157018623
