ELO:1010
CE_PASSEDPAWNS:0.506963564324103
CE_PAWNWEAKNESSES:0.4983775082405653
CE_PIECEACTIVITY:0.5
CE_KINGPAWNSHIELD:0.47806724148260876
CE_PIECECOORDINATION:0.4930278989240481
CE_MATERIAL:0.5058968828973742
CE_KINGSAFETY:0.5
C_PIECESQUARETABLES:0.5
C_MOBILITY:0.5
C_KINGSAFETY:0.4999510023601934
C_PAWNSTRUCTURE:0.5
C_PIECECOORDINATION:0.5095290876230362
C_ROOKANDPAWNMOVEMENT:0.5095290876230362
C_CENTERCONTROL:0.5
C_DEVELOPPIECES:0.5
C_MATERIAL:0.49911920518846326
C_MOVECOUNT:0.5
