ELO:689
CE_PASSEDPAWNS:0.5127921155554115
CE_PAWNWEAKNESSES:0.5141693708644919
CE_PIECEACTIVITY:0.4880712182369956
CE_KINGPAWNSHIELD:0.51893045480759
CE_PIECECOORDINATION:0.5488997883438764
CE_MATERIAL:0.5252184144608057
CE_KINGSAFETY:0.4957738538279978
C_PIECESQUARETABLES:0.5003138332505147
C_MOBILITY:0.4505755552633362
C_KINGSAFETY:0.49984837250870096
C_PAWNSTRUCTURE:0.5190966155324278
C_PIECECOORDINATION:0.4158182693049577
C_ROOKANDPAWNMOVEMENT:0.4158182693049577
C_CENTERCONTROL:0.5390611075993962
C_DEVELOPPIECES:0.4852152692159758
C_MATERIAL:0.41343325514733703
C_MOVECOUNT:0.4992701341688882
