ELO:823
CE_PASSEDPAWNS:0.47414234972767766
CE_PAWNWEAKNESSES:0.5049811113928232
CE_PIECEACTIVITY:0.5416833719945431
CE_KINGPAWNSHIELD:0.5031510795253357
CE_PIECECOORDINATION:0.5094662446208355
CE_MATERIAL:0.4631377986393654
CE_KINGSAFETY:0.4614857443270006
C_PIECESQUARETABLES:0.5367198089075572
C_MOBILITY:0.517732820112008
C_KINGSAFETY:0.5198580449360124
C_PAWNSTRUCTURE:0.4838609511778467
C_PIECECOORDINATION:0.534706525052982
C_ROOKANDPAWNMOVEMENT:0.534706525052982
C_CENTERCONTROL:0.43627734361413795
C_DEVELOPPIECES:0.5252808584596136
C_MATERIAL:0.4993397560558262
C_MOVECOUNT:0.5069619676083458
