ELO:723
CE_PASSEDPAWNS:0.5079517146667692
CE_PAWNWEAKNESSES:0.5259267123306633
CE_PIECEACTIVITY:0.4747984072872922
CE_KINGPAWNSHIELD:0.5252802368224796
CE_PIECECOORDINATION:0.5732012969862236
CE_MATERIAL:0.5120905437969867
CE_KINGSAFETY:0.5032447078366966
C_PIECESQUARETABLES:0.5084209116619214
C_MOBILITY:0.43024829929334574
C_KINGSAFETY:0.4839494748412589
C_PAWNSTRUCTURE:0.49999913893800524
C_PIECECOORDINATION:0.46003067814579335
C_ROOKANDPAWNMOVEMENT:0.46003067814579335
C_CENTERCONTROL:0.5561265320724184
C_DEVELOPPIECES:0.4776999355434831
C_MATERIAL:0.4106394399994554
C_MOVECOUNT:0.496966614266425
