ELO:988
CE_PASSEDPAWNS:0.5297675384576237
CE_PAWNWEAKNESSES:0.5128889835512717
CE_PIECEACTIVITY:0.5064474479096699
CE_KINGPAWNSHIELD:0.3953034024030538
CE_PIECECOORDINATION:0.44263571491357934
CE_MATERIAL:0.5589091208060617
CE_KINGSAFETY:0.4947664434987956
C_PIECESQUARETABLES:0.4939141386372841
C_MOBILITY:0.5147522069504861
C_KINGSAFETY:0.5734646922977937
C_PAWNSTRUCTURE:0.5006281247243053
C_PIECECOORDINATION:0.5350567576815112
C_ROOKANDPAWNMOVEMENT:0.5350567576815112
C_CENTERCONTROL:0.3976101602692124
C_DEVELOPPIECES:0.4928047215758308
C_MATERIAL:0.5854451169980843
