ELO:972
CE_PASSEDPAWNS:0.5169766234376627
CE_PAWNWEAKNESSES:0.4929096484676568
CE_PIECEACTIVITY:0.5
CE_KINGPAWNSHIELD:0.5057780612156725
CE_PIECECOORDINATION:0.5
CE_MATERIAL:0.5
CE_KINGSAFETY:0.4739276361600946
C_PIECESQUARETABLES:0.5026153313938267
C_MOBILITY:0.4893280522458202
C_KINGSAFETY:0.4948032910887807
C_PAWNSTRUCTURE:0.510175741299615
C_PIECECOORDINATION:0.4789139829153112
C_ROOKANDPAWNMOVEMENT:0.4789139829153112
C_CENTERCONTROL:0.5
C_DEVELOPPIECES:0.5
C_MATERIAL:0.5316841373832776
C_MOVECOUNT:0.5
