ELO:944
CE_PASSEDPAWNS:0.493776912287999
CE_PAWNWEAKNESSES:0.5059899248093765
CE_PIECEACTIVITY:0.5131047598591795
CE_KINGPAWNSHIELD:0.4702638730656414
CE_PIECECOORDINATION:0.497513093999662
CE_MATERIAL:0.44184618667519765
CE_KINGSAFETY:0.5089974963150509
C_PIECESQUARETABLES:0.49321375811150925
C_MOBILITY:0.46402801114844444
C_KINGSAFETY:0.5097920813685278
C_PAWNSTRUCTURE:0.583663273920472
C_PIECECOORDINATION:0.4430583700328456
C_ROOKANDPAWNMOVEMENT:0.4430583700328456
C_CENTERCONTROL:0.47608265400175626
C_DEVELOPPIECES:0.5139134627004815
C_MATERIAL:0.4295429796076266
