ELO:820
CE_PASSEDPAWNS:0.5112088739185829
CE_PAWNWEAKNESSES:0.463941804692603
CE_PIECEACTIVITY:0.52587195909086
CE_KINGPAWNSHIELD:0.49993164183390454
CE_PIECECOORDINATION:0.4903141174752817
CE_MATERIAL:0.4835663481851935
CE_KINGSAFETY:0.47324014771748923
C_PIECESQUARETABLES:0.4983577399541509
C_MOBILITY:0.49801303320092977
C_KINGSAFETY:0.5234819544694518
C_PAWNSTRUCTURE:0.5047048698156277
C_PIECECOORDINATION:0.549174432883756
C_ROOKANDPAWNMOVEMENT:0.549174432883756
C_CENTERCONTROL:0.4890443886850757
C_DEVELOPPIECES:0.5282048121208021
C_MATERIAL:0.49065255849037254
C_MOVECOUNT:0.4788320014644955
