ELO:948
CE_PASSEDPAWNS:0.5050890455113968
CE_PAWNWEAKNESSES:0.5284441796250225
CE_PIECEACTIVITY:0.5144961811143013
CE_KINGPAWNSHIELD:0.4963545084134737
CE_PIECECOORDINATION:0.5086703206966318
CE_MATERIAL:0.48557994712236385
CE_KINGSAFETY:0.48875825428904945
C_PIECESQUARETABLES:0.5206504809098601
C_MOBILITY:0.528586600939167
C_KINGSAFETY:0.5257210418678051
C_PAWNSTRUCTURE:0.47262750677521675
C_PIECECOORDINATION:0.4784209987330608
C_ROOKANDPAWNMOVEMENT:0.4784209987330608
C_CENTERCONTROL:0.48776431823252564
C_DEVELOPPIECES:0.49326709579123756
C_MATERIAL:0.49458419712321605
C_MOVECOUNT:0.5
