ELO:1020
CE_PASSEDPAWNS:0.5104446768667571
CE_PAWNWEAKNESSES:0.5
CE_PIECEACTIVITY:0.5037273947068021
CE_KINGPAWNSHIELD:0.5453138921775456
CE_PIECECOORDINATION:0.550459832242452
CE_MATERIAL:0.4704369072790327
CE_KINGSAFETY:0.5119785216414012
C_PIECESQUARETABLES:0.5162547107917086
C_MOBILITY:0.5212860337408602
C_KINGSAFETY:0.4759619645933348
C_PAWNSTRUCTURE:0.5221543894551163
C_PIECECOORDINATION:0.47560557625713235
C_ROOKANDPAWNMOVEMENT:0.47560557625713235
C_CENTERCONTROL:0.4692925024858492
C_DEVELOPPIECES:0.4996557203086149
C_MATERIAL:0.4731927105519797
C_MOVECOUNT:0.5
