ELO:891
CE_PASSEDPAWNS:0.48138629077467215
CE_PAWNWEAKNESSES:0.5091064243772647
CE_PIECEACTIVITY:0.5101396533015434
CE_KINGPAWNSHIELD:0.5010625949360219
CE_PIECECOORDINATION:0.4603274739703867
CE_MATERIAL:0.47190589084195694
CE_KINGSAFETY:0.5309311264301129
C_PIECESQUARETABLES:0.5073382144844844
C_MOBILITY:0.5121158050123349
C_KINGSAFETY:0.5236134286613576
C_PAWNSTRUCTURE:0.46575933559773347
C_PIECECOORDINATION:0.4602297274674862
C_ROOKANDPAWNMOVEMENT:0.4602297274674862
C_CENTERCONTROL:0.514729489359915
C_DEVELOPPIECES:0.4962700537663112
C_MATERIAL:0.49456298102445634
C_MOVECOUNT:0.5
