ELO:852
CE_PASSEDPAWNS:0.49276128700984373
CE_PAWNWEAKNESSES:0.44801127944186314
CE_PIECEACTIVITY:0.5234573403016886
CE_KINGPAWNSHIELD:0.47411035627678927
CE_PIECECOORDINATION:0.49100048699657106
CE_MATERIAL:0.46367062648398766
CE_KINGSAFETY:0.5
C_PIECESQUARETABLES:0.5
C_MOBILITY:0.4805283518811382
C_KINGSAFETY:0.5754838720382889
C_PAWNSTRUCTURE:0.4813491543565327
C_PIECECOORDINATION:0.5093116508703548
C_ROOK:0.46851224797677254
CE_ROOK:0.48411748525585835
C_CENTERCONTROL:0.5267421530602191
C_DEVELOPPIECES:0.5726674520344956
C_MATERIAL:0.5125751597307551
C_MOVECOUNT:0.5115826070397004
C_PAWNMOVEMENT:0.4760051563134558
