ELO:951
CE_PASSEDPAWNS:0.5030127090870645
CE_PAWNWEAKNESSES:0.49924290647061564
CE_PIECEACTIVITY:0.5131034117280556
CE_KINGPAWNSHIELD:0.5054255629086506
CE_PIECECOORDINATION:0.489769432282939
CE_MATERIAL:0.48284076497671363
CE_KINGSAFETY:0.5025324580548001
C_PIECESQUARETABLES:0.5028498162368024
C_MOBILITY:0.4692718013556165
C_KINGSAFETY:0.5399608471575578
C_PAWNSTRUCTURE:0.4625896581314551
C_PIECECOORDINATION:0.5040994438073767
C_ROOK:0.49193681389041527
CE_ROOK:0.48356346105234493
C_CENTERCONTROL:0.5051865277016375
C_DEVELOPPIECES:0.5505827903764055
C_MATERIAL:0.5064487905226807
C_MOVECOUNT:0.5143695303211425
C_PAWNMOVEMENT:0.4715682428502351
