ELO:939
CE_PASSEDPAWNS:0.4960336850826951
CE_PAWNWEAKNESSES:0.4793633558736226
CE_PIECEACTIVITY:0.5131034117280556
CE_KINGPAWNSHIELD:0.49231547443247037
CE_PIECECOORDINATION:0.4828311216417813
CE_MATERIAL:0.47284084102473734
CE_KINGSAFETY:0.501515927139443
C_PIECESQUARETABLES:0.5093213692993822
C_MOBILITY:0.4692718013556165
C_KINGSAFETY:0.5399608471575578
C_PAWNSTRUCTURE:0.4568226469378518
C_PIECECOORDINATION:0.4931196183698876
C_ROOK:0.49711719364537044
CE_ROOK:0.48356346105234493
C_CENTERCONTROL:0.5125297672615423
C_DEVELOPPIECES:0.5549571877769849
C_MATERIAL:0.5091550749616935
C_MOVECOUNT:0.5266753519950833
C_PAWNMOVEMENT:0.48507012309366465
