ELO:987
CE_PASSEDPAWNS:0.5246516893355763
CE_PAWNWEAKNESSES:0.49987098372708316
CE_PIECEACTIVITY:0.48795344038814037
CE_KINGPAWNSHIELD:0.48365449087958906
CE_PIECECOORDINATION:0.4818158435943379
CE_MATERIAL:0.5079783985855718
CE_KINGSAFETY:0.4882699825754631
C_PIECESQUARETABLES:0.4821769680451374
C_MOBILITY:0.4693978839172671
C_KINGSAFETY:0.5027917779582698
C_PAWNSTRUCTURE:0.49741963751361234
C_PIECECOORDINATION:0.472572543169748
C_ROOK:0.48147208797498176
CE_ROOK:0.5105484716649816
C_CENTERCONTROL:0.47970759492870796
C_DEVELOPPIECES:0.46367198966797435
C_MATERIAL:0.48277520663789125
C_MOVECOUNT:0.5128958467966629
C_PAWNMOVEMENT:0.5173243575818838
