ELO:1022
CE_PASSEDPAWNS:0.506963564324103
CE_PAWNWEAKNESSES:0.48256234963627703
CE_PIECEACTIVITY:0.5
CE_KINGPAWNSHIELD:0.5101128786194427
CE_PIECECOORDINATION:0.496955899698456
CE_MATERIAL:0.5058968828973742
CE_KINGSAFETY:0.5
C_PIECESQUARETABLES:0.5
C_MOBILITY:0.5
C_KINGSAFETY:0.48242806232140956
C_PAWNSTRUCTURE:0.5
C_PIECECOORDINATION:0.4908040907561018
C_ROOKANDPAWNMOVEMENT:0.4908040907561018
C_CENTERCONTROL:0.4876626656555509
C_DEVELOPPIECES:0.5128347304088375
C_MATERIAL:0.5
C_MOVECOUNT:0.5
