ELO:997
CE_PASSEDPAWNS:0.5009722483649859
CE_PAWNWEAKNESSES:0.48806945832416876
CE_PIECEACTIVITY:0.4878203864238961
CE_KINGPAWNSHIELD:0.5
CE_PIECECOORDINATION:0.4934803767247565
CE_MATERIAL:0.5093515811201359
CE_KINGSAFETY:0.5
C_PIECESQUARETABLES:0.508738006114339
C_MOBILITY:0.507102833805289
C_KINGSAFETY:0.4589039740156362
C_PAWNSTRUCTURE:0.5045231791080067
C_PIECECOORDINATION:0.5029827667433522
C_ROOKANDPAWNMOVEMENT:0.5029827667433522
C_CENTERCONTROL:0.4990178777315031
C_DEVELOPPIECES:0.47447303303901667
C_MATERIAL:0.4987069452587998
C_MOVECOUNT:0.5
