ELO:951
CE_PASSEDPAWNS:0.49023540367324564
CE_PAWNWEAKNESSES:0.4945188010821672
CE_PIECEACTIVITY:0.5072327155387172
CE_KINGPAWNSHIELD:0.4854712714869792
CE_PIECECOORDINATION:0.4715651072734234
CE_MATERIAL:0.4410077147503496
CE_KINGSAFETY:0.5001856869137822
C_PIECESQUARETABLES:0.5181386663385067
C_MOBILITY:0.44963294062878373
C_KINGSAFETY:0.5381180118700665
C_PAWNSTRUCTURE:0.5330462813088447
C_PIECECOORDINATION:0.47155585351077633
C_ROOKANDPAWNMOVEMENT:0.47155585351077633
C_CENTERCONTROL:0.4943041621457064
C_DEVELOPPIECES:0.5096017163329052
C_MATERIAL:0.4385393008926123
