ELO:1017
CE_PASSEDPAWNS:0.5018219831941206
CE_PAWNWEAKNESSES:0.498422560524548
CE_PIECEACTIVITY:0.501786976620228
CE_KINGPAWNSHIELD:0.5
CE_PIECECOORDINATION:0.48582194817609814
CE_MATERIAL:0.5
CE_KINGSAFETY:0.5
C_PIECESQUARETABLES:0.497491802191756
C_MOBILITY:0.4896177955244636
C_KINGSAFETY:0.5003924755221926
C_PAWNSTRUCTURE:0.5
C_PIECECOORDINATION:0.5263478361611033
C_ROOKANDPAWNMOVEMENT:0.5263478361611033
C_CENTERCONTROL:0.48192476404250667
C_DEVELOPPIECES:0.5
C_MATERIAL:0.49811887575394204
