ELO:932
CE_PASSEDPAWNS:0.4483565144572397
CE_PAWNWEAKNESSES:0.5432806232399139
CE_PIECEACTIVITY:0.49921167995058624
CE_KINGPAWNSHIELD:0.45821450968857524
CE_PIECECOORDINATION:0.6074682655667865
CE_MATERIAL:0.4673362888757531
CE_KINGSAFETY:0.5169665734004039
C_PIECESQUARETABLES:0.48471989932863524
C_MOBILITY:0.5175417144744521
C_KINGSAFETY:0.5199540595688477
C_PAWNSTRUCTURE:0.5187239482612078
C_PIECECOORDINATION:0.5727776162505571
C_ROOKANDPAWNMOVEMENT:0.5727776162505571
C_CENTERCONTROL:0.4758839297981246
C_DEVELOPPIECES:0.41087640068106035
C_MATERIAL:0.40657907744476385
