ELO:939
CE_PASSEDPAWNS:0.5072549169735571
CE_PAWNWEAKNESSES:0.4964691054319063
CE_PIECEACTIVITY:0.5131034117280556
CE_KINGPAWNSHIELD:0.4961035541175267
CE_PIECECOORDINATION:0.489769432282939
CE_MATERIAL:0.47284084102473734
CE_KINGSAFETY:0.501515927139443
C_PIECESQUARETABLES:0.5027282912943012
C_MOBILITY:0.4692718013556165
C_KINGSAFETY:0.5399608471575578
C_PAWNSTRUCTURE:0.4625896581314551
C_PIECECOORDINATION:0.4931196183698876
C_ROOK:0.49193681389041527
CE_ROOK:0.48356346105234493
C_CENTERCONTROL:0.5161397228241155
C_DEVELOPPIECES:0.5532230380533354
C_MATERIAL:0.5158532163296745
C_MOVECOUNT:0.5266753519950833
C_PAWNMOVEMENT:0.48507012309366465
