ELO:988
CE_PASSEDPAWNS:0.5169903440228432
CE_PAWNWEAKNESSES:0.5209471122702922
CE_PIECEACTIVITY:0.5115517959390631
CE_KINGPAWNSHIELD:0.3993386953173311
CE_PIECECOORDINATION:0.44263571491357934
CE_MATERIAL:0.5468939205470041
CE_KINGSAFETY:0.4969049909029045
C_PIECESQUARETABLES:0.4986589598176624
C_MOBILITY:0.5147522069504861
C_KINGSAFETY:0.48485296290341323
C_PAWNSTRUCTURE:0.5006281247243053
C_PIECECOORDINATION:0.5350567576815112
C_ROOKANDPAWNMOVEMENT:0.5350567576815112
C_CENTERCONTROL:0.3957343647861114
C_DEVELOPPIECES:0.5020546866166226
C_MATERIAL:0.5927059010775729
