ELO:981
CE_PASSEDPAWNS:0.5175792289248992
CE_PAWNWEAKNESSES:0.5048731408960015
CE_PIECEACTIVITY:0.506494355806737
CE_KINGPAWNSHIELD:0.5022092968277465
CE_PIECECOORDINATION:0.49228709741955434
CE_MATERIAL:0.49460275113358915
CE_KINGSAFETY:0.48956529122887343
C_PIECESQUARETABLES:0.4978186791155834
C_MOBILITY:0.46258372151382604
C_KINGSAFETY:0.5176039392999121
C_PAWNSTRUCTURE:0.5143795400398417
C_PIECECOORDINATION:0.4713205277165233
C_ROOK:0.488380869678895
CE_ROOK:0.5021706814473671
C_CENTERCONTROL:0.47545555099177983
C_DEVELOPPIECES:0.4482907876320177
C_MATERIAL:0.48756021732500204
C_MOVECOUNT:0.4970232626930105
C_PAWNMOVEMENT:0.5256716242444406
