ELO:1000
CE_PASSEDPAWNS:0.5102700503431709
CE_PAWNWEAKNESSES:0.47798565811319493
CE_PIECEACTIVITY:0.45941362853510764
CE_KINGPAWNSHIELD:0.5113400513218765
CE_PIECECOORDINATION:0.5042071254512879
CE_MATERIAL:0.4769562167559587
CE_KINGSAFETY:0.475776107310731
C_PIECESQUARETABLES:0.576161662493606
C_MOBILITY:0.4726959621417895
C_KINGSAFETY:0.5452464104628206
C_PAWNSTRUCTURE:0.5243039786041991
C_PIECECOORDINATION:0.5080955803909317
C_ROOKANDPAWNMOVEMENT:0.5080955803909317
C_CENTERCONTROL:0.6021898913625924
C_DEVELOPPIECES:0.4953835306912682
C_MATERIAL:0.5052119807200844
