ELO:945
CE_PASSEDPAWNS:0.5075067985111233
CE_PAWNWEAKNESSES:0.4992358817350576
CE_PIECEACTIVITY:0.5201817874244457
CE_KINGPAWNSHIELD:0.5139338366003774
CE_PIECECOORDINATION:0.48654309401812446
CE_MATERIAL:0.5053017330845028
CE_KINGSAFETY:0.5109947531907805
C_PIECESQUARETABLES:0.4764041146909206
C_MOBILITY:0.50702938070882
C_KINGSAFETY:0.5085538156289295
C_PAWNSTRUCTURE:0.4864624813451573
C_PIECECOORDINATION:0.5075874390587937
C_ROOKANDPAWNMOVEMENT:0.5075874390587937
C_CENTERCONTROL:0.4969606766506738
C_DEVELOPPIECES:0.5200304068921378
C_MATERIAL:0.4773532687224544
C_MOVECOUNT:0.5010421675924216
