ELO:952
CE_PASSEDPAWNS:0.5462547404887733
CE_PAWNWEAKNESSES:0.4879860393972057
CE_PIECEACTIVITY:0.38859092273128865
CE_KINGPAWNSHIELD:0.47798630278891324
CE_PIECECOORDINATION:0.5118854721687291
CE_MATERIAL:0.45999644482056734
CE_KINGSAFETY:0.5335723788982545
C_PIECESQUARETABLES:0.508064460136852
C_MOBILITY:0.4882611858607734
C_KINGSAFETY:0.5346958922783228
C_PAWNSTRUCTURE:0.5484520717011734
C_PIECECOORDINATION:0.4719885436259176
C_ROOKANDPAWNMOVEMENT:0.4719885436259176
C_CENTERCONTROL:0.6569279840000236
C_DEVELOPPIECES:0.5396750872813272
C_MATERIAL:0.4767855247944782
