ELO:997
CE_PASSEDPAWNS:0.48970911422344293
CE_PAWNWEAKNESSES:0.4985077932849596
CE_PIECEACTIVITY:0.5047688238300836
CE_KINGPAWNSHIELD:0.503534169449206
CE_PIECECOORDINATION:0.5163748566368905
CE_MATERIAL:0.5169610401492581
CE_KINGSAFETY:0.5
C_PIECESQUARETABLES:0.5
C_MOBILITY:0.4893119201192561
C_KINGSAFETY:0.5292749485122218
C_PAWNSTRUCTURE:0.5
C_PIECECOORDINATION:0.5430855049387715
C_ROOKANDPAWNMOVEMENT:0.5430855049387715
C_CENTERCONTROL:0.48852855336376144
C_DEVELOPPIECES:0.475157115907294
C_MATERIAL:0.5133633509387421
C_MOVECOUNT:0.4663955593624126
