ELO:1000
CE_PASSEDPAWNS:0.5206649373300201
CE_PAWNWEAKNESSES:0.4933834417776551
CE_PIECEACTIVITY:0.44685834714963957
CE_KINGPAWNSHIELD:0.5113400513218765
CE_PIECECOORDINATION:0.5024150576041007
CE_MATERIAL:0.4634457115920464
CE_KINGSAFETY:0.4898241791456999
C_PIECESQUARETABLES:0.5543643920525578
C_MOBILITY:0.4672300556407266
C_KINGSAFETY:0.5452464104628206
C_PAWNSTRUCTURE:0.5059339172003325
C_PIECECOORDINATION:0.5270121249586929
C_ROOKANDPAWNMOVEMENT:0.5270121249586929
C_CENTERCONTROL:0.6021898913625924
C_DEVELOPPIECES:0.5067530197138613
C_MATERIAL:0.5119274350773945
