ELO:998
CE_PASSEDPAWNS:0.39792981371987557
CE_PAWNWEAKNESSES:0.5116182732674608
CE_PIECEACTIVITY:0.5174752662563031
CE_KINGPAWNSHIELD:0.40874333846834854
CE_PIECECOORDINATION:0.4666862647339065
CE_MATERIAL:0.5030403841932721
CE_KINGSAFETY:0.5
C_PIECESQUARETABLES:0.5
C_MOBILITY:0.6106431556756368
C_KINGSAFETY:0.5094530485795095
C_PAWNSTRUCTURE:0.49364690545924367
C_PIECECOORDINATION:0.5174404279665327
C_ROOKANDPAWNMOVEMENT:0.5174404279665327
C_CENTERCONTROL:0.39055707384902955
C_DEVELOPPIECES:0.49379299395207454
C_MATERIAL:0.6941441622100244
