ELO:981
CE_PASSEDPAWNS:0.5148404733444615
CE_PAWNWEAKNESSES:0.49501759805733486
CE_PIECEACTIVITY:0.5024083718282435
CE_KINGPAWNSHIELD:0.5101202800093263
CE_PIECECOORDINATION:0.49196529311282666
CE_MATERIAL:0.4892508093028159
CE_KINGSAFETY:0.5141369208215655
C_PIECESQUARETABLES:0.5058491572684477
C_MOBILITY:0.4706340973713427
C_KINGSAFETY:0.49547332753250384
C_PAWNSTRUCTURE:0.4890023779729323
C_PIECECOORDINATION:0.48905256136717373
C_ROOKANDPAWNMOVEMENT:0.48905256136717373
C_CENTERCONTROL:0.5029865019711822
C_DEVELOPPIECES:0.46577858395519367
C_MATERIAL:0.4932077102913396
C_MOVECOUNT:0.5
