ELO:1027
CE_PASSEDPAWNS:0.5069780083372324
CE_PAWNWEAKNESSES:0.48766349263016895
CE_PIECEACTIVITY:0.5
CE_KINGPAWNSHIELD:0.5031008377349888
CE_PIECECOORDINATION:0.5002859873943135
CE_MATERIAL:0.5
CE_KINGSAFETY:0.5
C_PIECESQUARETABLES:0.5
C_MOBILITY:0.4950900111191075
C_KINGSAFETY:0.49155610782359416
C_PAWNSTRUCTURE:0.4936957436278755
C_PIECECOORDINATION:0.5
C_ROOKANDPAWNMOVEMENT:0.5
C_CENTERCONTROL:0.49582365494440744
C_DEVELOPPIECES:0.5039669809903262
C_MATERIAL:0.503629910601707
C_MOVECOUNT:0.5111396762360922
