ELO:960
CE_PASSEDPAWNS:0.5718405996519369
CE_PAWNWEAKNESSES:0.4783992106211205
CE_PIECEACTIVITY:0.34820490227847045
CE_KINGPAWNSHIELD:0.4585003525061353
CE_PIECECOORDINATION:0.5256830999313495
CE_MATERIAL:0.46892008418621933
CE_KINGSAFETY:0.4914137453595773
C_PIECESQUARETABLES:0.5
C_MOBILITY:0.49575470984614634
C_KINGSAFETY:0.5242743232053614
C_PAWNSTRUCTURE:0.5695042317910207
C_PIECECOORDINATION:0.4680686725587735
C_ROOKANDPAWNMOVEMENT:0.4680686725587735
C_CENTERCONTROL:0.6435778347012427
C_DEVELOPPIECES:0.566969266368406
C_MATERIAL:0.4726941928516021
