ELO:1032
CE_PASSEDPAWNS:0.5121823187733482
CE_PAWNWEAKNESSES:0.5
CE_PIECEACTIVITY:0.5
CE_KINGPAWNSHIELD:0.5
CE_PIECECOORDINATION:0.49890875767298865
CE_MATERIAL:0.5042222192627882
CE_KINGSAFETY:0.5
C_PIECESQUARETABLES:0.5
C_MOBILITY:0.5090763921469745
C_KINGSAFETY:0.5
C_PAWNSTRUCTURE:0.48940384011159715
C_PIECECOORDINATION:0.5102384125149871
C_ROOK:0.489354156870857
CE_ROOK:0.48762666329722454
C_CENTERCONTROL:0.5035731574394081
C_DEVELOPPIECES:0.5062155232727209
C_MATERIAL:0.5
C_MOVECOUNT:0.49181151571208087
C_PAWNMOVEMENT:0.4999198925567961
