ELO:769
CE_PASSEDPAWNS:0.5275761135912467
CE_PAWNWEAKNESSES:0.5114574055247324
CE_PIECEACTIVITY:0.521024321486176
CE_KINGPAWNSHIELD:0.5421007313617203
CE_PIECECOORDINATION:0.45830740703464784
CE_MATERIAL:0.586876555146375
CE_KINGSAFETY:0.5399216440480457
C_PIECESQUARETABLES:0.45584658425457175
C_MOBILITY:0.47243721956431306
C_KINGSAFETY:0.43493187497186403
C_PAWNSTRUCTURE:0.48866306527618764
C_PIECECOORDINATION:0.5011069640454111
C_ROOKANDPAWNMOVEMENT:0.5011069640454111
C_CENTERCONTROL:0.5164474869831562
C_DEVELOPPIECES:0.5791024223616491
C_MATERIAL:0.4427112089940721
C_MOVECOUNT:0.49923047270237686
