ELO:847
CE_PASSEDPAWNS:0.662021831574341
CE_PAWNWEAKNESSES:0.47716340434674576
CE_PIECEACTIVITY:0.356044475918335
CE_KINGPAWNSHIELD:0.4280516934009242
CE_PIECECOORDINATION:0.5094985027776775
CE_MATERIAL:0.4754389282031976
CE_KINGSAFETY:0.5436745137079478
C_PIECESQUARETABLES:0.5257867368371801
C_MOBILITY:0.46592468190493347
C_KINGSAFETY:0.488440856323623
C_PAWNSTRUCTURE:0.5836685435166237
C_PIECECOORDINATION:0.48714201001233554
C_ROOKANDPAWNMOVEMENT:0.48714201001233554
C_CENTERCONTROL:0.6284082534812565
C_DEVELOPPIECES:0.5633921322386207
C_MATERIAL:0.5649601404796211
