ELO:996
CE_PASSEDPAWNS:0.5130862799742755
CE_PAWNWEAKNESSES:0.44542974891888637
CE_PIECEACTIVITY:0.5172032485532307
CE_KINGPAWNSHIELD:0.5599465954910741
CE_PIECECOORDINATION:0.5138962178399454
CE_MATERIAL:0.5030403841932721
CE_KINGSAFETY:0.5038510061108074
C_PIECESQUARETABLES:0.5114994292477476
C_MOBILITY:0.580479941274235
C_KINGSAFETY:0.5555396845641076
C_PAWNSTRUCTURE:0.3974960377332616
C_PIECECOORDINATION:0.5279536809013019
C_ROOKANDPAWNMOVEMENT:0.5279536809013019
C_CENTERCONTROL:0.42767730560169775
C_DEVELOPPIECES:0.5167376270506311
C_MATERIAL:0.6201906658387899
