ELO:929
CE_PASSEDPAWNS:0.6372156556784433
CE_PAWNWEAKNESSES:0.48211884630210117
CE_PIECEACTIVITY:0.48128017957804586
CE_KINGPAWNSHIELD:0.4548115131177575
CE_PIECECOORDINATION:0.4641689438916386
CE_MATERIAL:0.48802495938369206
CE_KINGSAFETY:0.5165516483403215
C_PIECESQUARETABLES:0.5054683451353652
C_MOBILITY:0.6262483858533092
C_KINGSAFETY:0.5501205066283146
C_PAWNSTRUCTURE:0.4218824932094996
C_PIECECOORDINATION:0.5035004922574945
C_ROOKANDPAWNMOVEMENT:0.5035004922574945
C_CENTERCONTROL:0.47732151500333997
C_DEVELOPPIECES:0.41570092347527915
C_MATERIAL:0.5744698557836755
