ELO:1000
CE_PASSEDPAWNS:0.511918561399092
CE_PAWNWEAKNESSES:0.517196903996251
CE_PIECEACTIVITY:0.5539392445056832
CE_KINGPAWNSHIELD:0.48674531365201085
CE_PIECECOORDINATION:0.47041363419763227
CE_MATERIAL:0.48474093215424424
CE_KINGSAFETY:0.4770554658640401
C_PIECESQUARETABLES:0.48818301773689493
C_MOBILITY:0.5508186014641762
C_KINGSAFETY:0.5301811730731854
C_PAWNSTRUCTURE:0.4897463598345837
C_PIECECOORDINATION:0.513806831470536
C_ROOKANDPAWNMOVEMENT:0.513806831470536
C_CENTERCONTROL:0.4925032834690099
C_DEVELOPPIECES:0.48785113915344835
C_MATERIAL:0.5239978786226278
