ELO:956
CE_PASSEDPAWNS:0.5018175129564677
CE_PAWNWEAKNESSES:0.5091045901178962
CE_PIECEACTIVITY:0.5300038151838484
CE_KINGPAWNSHIELD:0.5168270600344673
CE_PIECECOORDINATION:0.4880735522453431
CE_MATERIAL:0.5425062673509442
CE_KINGSAFETY:0.5768493643018675
C_PIECESQUARETABLES:0.47247046306300544
C_MOBILITY:0.5392362825161479
C_KINGSAFETY:0.506676562210562
C_PAWNSTRUCTURE:0.49806751456879284
C_PIECECOORDINATION:0.458009070378836
C_ROOKANDPAWNMOVEMENT:0.458009070378836
C_CENTERCONTROL:0.5300751666814776
C_DEVELOPPIECES:0.511640489285426
C_MATERIAL:0.4968039045711381
