ELO:939
CE_PASSEDPAWNS:0.5484980877175163
CE_PAWNWEAKNESSES:0.5209209116666306
CE_PIECEACTIVITY:0.4591523895088537
CE_KINGPAWNSHIELD:0.5065059085963012
CE_PIECECOORDINATION:0.5235882419644795
CE_MATERIAL:0.5408668716115987
CE_KINGSAFETY:0.5
C_PIECESQUARETABLES:0.5
C_MOBILITY:0.5291787234744373
C_KINGSAFETY:0.4998222492009863
C_PAWNSTRUCTURE:0.4797785305935952
C_PIECECOORDINATION:0.5112942068025043
C_ROOK:0.49858017385883713
CE_ROOK:0.5387356767327542
C_CENTERCONTROL:0.46954073448878364
C_DEVELOPPIECES:0.5208034823093944
C_MATERIAL:0.4905325873434214
C_MOVECOUNT:0.5019612154032085
C_PAWNMOVEMENT:0.48771497326289637
