ELO:1053
CE_PASSEDPAWNS:0.49983305858076743
CE_PAWNWEAKNESSES:0.4963918641094843
CE_PIECEACTIVITY:0.5067601457155742
CE_KINGPAWNSHIELD:0.4700775042002906
CE_PIECECOORDINATION:0.48930233228246317
CE_MATERIAL:0.4868496530773326
CE_KINGSAFETY:0.5
C_PIECESQUARETABLES:0.5110461253143206
C_MOBILITY:0.5480432288699277
C_KINGSAFETY:0.5492955281175484
C_PAWNSTRUCTURE:0.4772345568655496
C_PIECECOORDINATION:0.4820239120314477
C_ROOKANDPAWNMOVEMENT:0.4820239120314477
C_CENTERCONTROL:0.5561952750621797
C_DEVELOPPIECES:0.5
C_MATERIAL:0.5
C_MOVECOUNT:0.5
