ELO:1000
CE_PASSEDPAWNS:0.47342315022623566
CE_PAWNWEAKNESSES:0.507453539260301
CE_PIECEACTIVITY:0.49712238616937504
CE_KINGPAWNSHIELD:0.5294715779202873
CE_PIECECOORDINATION:0.5068899521186792
CE_MATERIAL:0.489162450080897
CE_KINGSAFETY:0.49232219699512303
C_PIECESQUARETABLES:0.507482415489537
C_MOBILITY:0.4903136760344716
C_KINGSAFETY:0.5128599763428253
C_PAWNSTRUCTURE:0.48310609552461714
C_PIECECOORDINATION:0.5197125628749596
C_ROOKANDPAWNMOVEMENT:0.5197125628749596
C_CENTERCONTROL:0.5026113242221316
C_DEVELOPPIECES:0.4835805627891759
C_MATERIAL:0.49866997113130135
