ELO:970
CE_PASSEDPAWNS:0.492030415409232
CE_PAWNWEAKNESSES:0.4116269374704874
CE_PIECEACTIVITY:0.500570440588215
CE_KINGPAWNSHIELD:0.4933225775055479
CE_PIECECOORDINATION:0.48870129655709765
CE_MATERIAL:0.5347047193315649
CE_KINGSAFETY:0.5
C_PIECESQUARETABLES:0.5
C_MOBILITY:0.4949698754927532
C_KINGSAFETY:0.5049002727282865
C_PAWNSTRUCTURE:0.5093134734611626
C_PIECECOORDINATION:0.4562118515675272
C_ROOKANDPAWNMOVEMENT:0.4562118515675272
C_CENTERCONTROL:0.6110289546391422
C_DEVELOPPIECES:0.4844951375558263
C_MATERIAL:0.4388652885592558
C_MOVECOUNT:0.5
