ELO:1054
CE_PASSEDPAWNS:0.5006544166974186
CE_PAWNWEAKNESSES:0.45055251555702586
CE_PIECEACTIVITY:0.5045273297886825
CE_KINGPAWNSHIELD:0.5248969442999537
CE_PIECECOORDINATION:0.5071775712242115
CE_MATERIAL:0.4888614351493812
CE_KINGSAFETY:0.5
C_PIECESQUARETABLES:0.5
C_MOBILITY:0.5
C_KINGSAFETY:0.5613252402995778
C_PAWNSTRUCTURE:0.49155286495881056
C_PIECECOORDINATION:0.4383496978922531
C_ROOKANDPAWNMOVEMENT:0.4383496978922531
C_CENTERCONTROL:0.4708432329538287
C_DEVELOPPIECES:0.4670668430196096
C_MATERIAL:0.48266945098455977
C_MOVECOUNT:0.5
