ELO:1000
CE_PASSEDPAWNS:0.48520869104912295
CE_PAWNWEAKNESSES:0.5237158846147603
CE_PIECEACTIVITY:0.5383659307428547
CE_KINGPAWNSHIELD:0.4963337285996713
CE_PIECECOORDINATION:0.47735755130228225
CE_MATERIAL:0.5000935032242653
CE_KINGSAFETY:0.47156480615569096
C_PIECESQUARETABLES:0.48471005769557735
C_MOBILITY:0.5514311673267587
C_KINGSAFETY:0.4987254493229802
C_PAWNSTRUCTURE:0.47112214752642595
C_PIECECOORDINATION:0.49681897453297436
C_ROOKANDPAWNMOVEMENT:0.49681897453297436
C_CENTERCONTROL:0.4991237715007326
C_DEVELOPPIECES:0.5130314593786486
C_MATERIAL:0.4970150000201452
