ELO:840
CE_PASSEDPAWNS:0.6614739224395633
CE_PAWNWEAKNESSES:0.49388000155538986
CE_PIECEACTIVITY:0.36225446799610694
CE_KINGPAWNSHIELD:0.4098945663823671
CE_PIECECOORDINATION:0.49650397662541534
CE_MATERIAL:0.47875019901898436
CE_KINGSAFETY:0.5604500326944635
C_PIECESQUARETABLES:0.5285667793481416
C_MOBILITY:0.4605114241424626
C_KINGSAFETY:0.4739954027390016
C_PAWNSTRUCTURE:0.5959983182388753
C_PIECECOORDINATION:0.46958863797435624
C_ROOKANDPAWNMOVEMENT:0.46958863797435624
C_CENTERCONTROL:0.6256554448392316
C_DEVELOPPIECES:0.5593826774863109
C_MATERIAL:0.5820930384168329
