ELO:861
CE_PASSEDPAWNS:0.6412509067864319
CE_PAWNWEAKNESSES:0.48725648930597754
CE_PIECEACTIVITY:0.36084400991097537
CE_KINGPAWNSHIELD:0.4439972700007788
CE_PIECECOORDINATION:0.5112796666668592
CE_MATERIAL:0.4843979469934894
CE_KINGSAFETY:0.5420219755864771
C_PIECESQUARETABLES:0.5117029971469865
C_MOBILITY:0.44329793159872943
C_KINGSAFETY:0.49368798541591846
C_PAWNSTRUCTURE:0.5813333047522002
C_PIECECOORDINATION:0.48418904390640377
C_ROOKANDPAWNMOVEMENT:0.48418904390640377
C_CENTERCONTROL:0.6238357989029819
C_DEVELOPPIECES:0.5568629359879141
C_MATERIAL:0.5373006690473455
