ELO:1000
CE_PASSEDPAWNS:0.5215180949137053
CE_PAWNWEAKNESSES:0.504525490824367
CE_PIECEACTIVITY:0.5390690288374049
CE_KINGPAWNSHIELD:0.47349374077672046
CE_PIECECOORDINATION:0.456910129093573
CE_MATERIAL:0.49633521091857746
CE_KINGSAFETY:0.46975361266803944
C_PIECESQUARETABLES:0.48860042788719743
C_MOBILITY:0.5407837461999229
C_KINGSAFETY:0.5200468442209506
C_PAWNSTRUCTURE:0.4861887302206809
C_PIECECOORDINATION:0.5076547293781274
C_ROOKANDPAWNMOVEMENT:0.5076547293781274
C_CENTERCONTROL:0.5126376397664627
C_DEVELOPPIECES:0.4944123268116784
C_MATERIAL:0.5348284815745201
