ELO:1032
CE_PASSEDPAWNS:0.5
CE_PAWNWEAKNESSES:0.5151369554337137
CE_PIECEACTIVITY:0.4906019486981697
CE_KINGPAWNSHIELD:0.4961643545945627
CE_PIECECOORDINATION:0.5043901861355996
CE_MATERIAL:0.5043812163470417
CE_KINGSAFETY:0.5
C_PIECESQUARETABLES:0.5
C_MOBILITY:0.5026778807748807
C_KINGSAFETY:0.48719836825394514
C_PAWNSTRUCTURE:0.49872624054051096
C_PIECECOORDINATION:0.51230567645642
C_ROOK:0.5
CE_ROOK:0.49552285313019595
C_CENTERCONTROL:0.5034987411637311
C_DEVELOPPIECES:0.4965373716095535
C_MATERIAL:0.4988484109711811
C_MOVECOUNT:0.5047292587509674
C_PAWNMOVEMENT:0.5100003084264034
