ELO:971
CE_PASSEDPAWNS:0.5189930790254612
CE_PAWNWEAKNESSES:0.5119773479940953
CE_PIECEACTIVITY:0.5091948964110582
CE_KINGPAWNSHIELD:0.5164659314508766
CE_PIECECOORDINATION:0.48625712058169096
CE_MATERIAL:0.5083817080596876
CE_KINGSAFETY:0.5
C_PIECESQUARETABLES:0.5
C_MOBILITY:0.5451831157420132
C_KINGSAFETY:0.5333822274361387
C_PAWNSTRUCTURE:0.4888461959390988
C_PIECECOORDINATION:0.4902322088171527
C_ROOK:0.49370938956906674
CE_ROOK:0.49860481575564164
C_CENTERCONTROL:0.4844589996792851
C_DEVELOPPIECES:0.4815762549970018
C_MATERIAL:0.5075369344861707
C_MOVECOUNT:0.48211826975847083
C_PAWNMOVEMENT:0.4746393722084297
