ELO:999
CE_PASSEDPAWNS:0.49867962208122824
CE_PAWNWEAKNESSES:0.5
CE_PIECEACTIVITY:0.5
CE_KINGPAWNSHIELD:0.49895008631484505
CE_PIECECOORDINATION:0.5
CE_MATERIAL:0.5
CE_KINGSAFETY:0.5089244942652857
C_PIECESQUARETABLES:0.5057589634399228
C_MOBILITY:0.5
C_KINGSAFETY:0.5
C_PAWNSTRUCTURE:0.5
C_PIECECOORDINATION:0.48784599850015353
C_ROOKANDPAWNMOVEMENT:0.48784599850015353
C_CENTERCONTROL:0.5
C_DEVELOPPIECES:0.5
C_MATERIAL:0.5189954458234817
C_MOVECOUNT:0.5004100470574695
