ELO:985
CE_PASSEDPAWNS:0.4761457025037213
CE_PAWNWEAKNESSES:0.5173800510454241
CE_PIECEACTIVITY:0.5188775056809747
CE_KINGPAWNSHIELD:0.5087531173785784
CE_PIECECOORDINATION:0.4648879603177965
CE_MATERIAL:0.5075216329790434
CE_KINGSAFETY:0.5166530716215414
C_PIECESQUARETABLES:0.500961159014488
C_MOBILITY:0.5308936659655913
C_KINGSAFETY:0.51733960178652
C_PAWNSTRUCTURE:0.4925310991021433
C_PIECECOORDINATION:0.5305109073355369
C_ROOKANDPAWNMOVEMENT:0.5305109073355369
C_CENTERCONTROL:0.5055249524900419
C_DEVELOPPIECES:0.5016244671369525
C_MATERIAL:0.5270642835830477
C_MOVECOUNT:0.5
