ELO:995
CE_PASSEDPAWNS:0.5321480104492314
CE_PAWNWEAKNESSES:0.5042329179960614
CE_PIECEACTIVITY:0.5273904335256474
CE_KINGPAWNSHIELD:0.4565836344464137
CE_PIECECOORDINATION:0.4860674271334288
CE_MATERIAL:0.45954845387033894
CE_KINGSAFETY:0.4896698795955055
C_PIECESQUARETABLES:0.47542283655121115
C_MOBILITY:0.5971168565946993
C_KINGSAFETY:0.5364013524392649
C_PAWNSTRUCTURE:0.47745088817666054
C_PIECECOORDINATION:0.5240561866492285
C_ROOKANDPAWNMOVEMENT:0.5240561866492285
C_CENTERCONTROL:0.47833892217942126
C_DEVELOPPIECES:0.44557828795590243
C_MATERIAL:0.5621657434212816
