ELO:997
CE_PASSEDPAWNS:0.524467238078212
CE_PAWNWEAKNESSES:0.4661090139702135
CE_PIECEACTIVITY:0.4067686877223944
CE_KINGPAWNSHIELD:0.5259759258482178
CE_PIECECOORDINATION:0.4934462231374348
CE_MATERIAL:0.4674659370333101
CE_KINGSAFETY:0.48002953393169795
C_PIECESQUARETABLES:0.5687089058603746
C_MOBILITY:0.44984560978400145
C_KINGSAFETY:0.5554395861288602
C_PAWNSTRUCTURE:0.5089553158472738
C_PIECECOORDINATION:0.47344905393084896
C_ROOKANDPAWNMOVEMENT:0.47344905393084896
C_CENTERCONTROL:0.6278179222227148
C_DEVELOPPIECES:0.5152920896129756
C_MATERIAL:0.5137060787197989
