ELO:1031
CE_PASSEDPAWNS:0.5121823187733482
CE_PAWNWEAKNESSES:0.5
CE_PIECEACTIVITY:0.5
CE_KINGPAWNSHIELD:0.4894732843301471
CE_PIECECOORDINATION:0.5
CE_MATERIAL:0.5042222192627882
CE_KINGSAFETY:0.5
C_PIECESQUARETABLES:0.5
C_MOBILITY:0.49790740899273217
C_KINGSAFETY:0.487631230140842
C_PAWNSTRUCTURE:0.48940384011159715
C_PIECECOORDINATION:0.5123368261828549
C_ROOK:0.5
CE_ROOK:0.510341443228123
C_CENTERCONTROL:0.5035731574394081
C_DEVELOPPIECES:0.5062155232727209
C_MATERIAL:0.5013109468164912
C_MOVECOUNT:0.48163558042647137
C_PAWNMOVEMENT:0.5
