ELO:882
CE_PASSEDPAWNS:0.612904452113358
CE_PAWNWEAKNESSES:0.4996504971004894
CE_PIECEACTIVITY:0.3553217632972316
CE_KINGPAWNSHIELD:0.44397325623410805
CE_PIECECOORDINATION:0.4908054099386171
CE_MATERIAL:0.46523345087164564
CE_KINGSAFETY:0.5284482519278393
C_PIECESQUARETABLES:0.5269194480487279
C_MOBILITY:0.45515575754443127
C_KINGSAFETY:0.5001823730068958
C_PAWNSTRUCTURE:0.5813333047522002
C_PIECECOORDINATION:0.48966065443820844
C_ROOKANDPAWNMOVEMENT:0.48966065443820844
C_CENTERCONTROL:0.6238357989029819
C_DEVELOPPIECES:0.5539860921464039
C_MATERIAL:0.5338586339682337
