ELO:1008
CE_PASSEDPAWNS:0.48246293202598906
CE_PAWNWEAKNESSES:0.4597162878655136
CE_PIECEACTIVITY:0.5
CE_KINGPAWNSHIELD:0.5
CE_PIECECOORDINATION:0.5192958251478754
CE_MATERIAL:0.5212448487702654
CE_KINGSAFETY:0.5
C_PIECESQUARETABLES:0.48665362932866896
C_MOBILITY:0.48526123344429195
C_KINGSAFETY:0.5417647223350065
C_PAWNSTRUCTURE:0.4624787858680573
C_PIECECOORDINATION:0.5
C_ROOKANDPAWNMOVEMENT:0.5
C_CENTERCONTROL:0.6036285989213719
C_DEVELOPPIECES:0.5
C_MATERIAL:0.5025020938627188
C_MOVECOUNT:0.5
