ELO:980
CE_PASSEDPAWNS:0.5015903353102552
CE_PAWNWEAKNESSES:0.5
CE_PIECEACTIVITY:0.5127619773937868
CE_KINGPAWNSHIELD:0.4786448098304565
CE_PIECECOORDINATION:0.49196529311282666
CE_MATERIAL:0.4901780132291365
CE_KINGSAFETY:0.47774275188191606
C_PIECESQUARETABLES:0.5058491572684477
C_MOBILITY:0.4987390326822138
C_KINGSAFETY:0.4834263697322443
C_PAWNSTRUCTURE:0.5141135071285825
C_PIECECOORDINATION:0.43974576636301
C_ROOKANDPAWNMOVEMENT:0.43974576636301
C_CENTERCONTROL:0.5
C_DEVELOPPIECES:0.5
C_MATERIAL:0.5108999439089289
C_MOVECOUNT:0.5
