ELO:986
CE_PASSEDPAWNS:0.5139137377036792
CE_PAWNWEAKNESSES:0.48176897077868575
CE_PIECEACTIVITY:0.46431610729274475
CE_KINGPAWNSHIELD:0.5212953461418021
CE_PIECECOORDINATION:0.49731392053357226
CE_MATERIAL:0.47046996410934405
CE_KINGSAFETY:0.5
C_PIECESQUARETABLES:0.5068893119489908
C_MOBILITY:0.4928465768750648
C_KINGSAFETY:0.516028268742649
C_PAWNSTRUCTURE:0.4943320162482841
C_PIECECOORDINATION:0.5254190039135846
C_ROOK:0.4915936454277782
CE_ROOK:0.4762112014383399
C_CENTERCONTROL:0.4966522915563928
C_DEVELOPPIECES:0.5002200280590877
C_MATERIAL:0.4912415766850591
C_MOVECOUNT:0.5287191221671735
C_PAWNMOVEMENT:0.49535095676745045
