ELO:1015
CE_PASSEDPAWNS:0.5
CE_PAWNWEAKNESSES:0.5
CE_PIECEACTIVITY:0.4990451596259659
CE_KINGPAWNSHIELD:0.4968774807561835
CE_PIECECOORDINATION:0.5106848275226574
CE_MATERIAL:0.4925729517495366
CE_KINGSAFETY:0.5065888675566823
C_PIECESQUARETABLES:0.4993164710282785
C_MOBILITY:0.5003871011025451
C_KINGSAFETY:0.5
C_PAWNSTRUCTURE:0.49747806108004045
C_PIECECOORDINATION:0.5031268415324197
C_ROOKANDPAWNMOVEMENT:0.5031268415324197
C_CENTERCONTROL:0.4941238620995431
C_DEVELOPPIECES:0.5072962290673192
C_MATERIAL:0.4785908972866987
C_MOVECOUNT:0.5105296283259586
