ELO:916
CE_PASSEDPAWNS:0.4993687989065306
CE_PAWNWEAKNESSES:0.5063333382522454
CE_PIECEACTIVITY:0.4733202638833591
CE_KINGPAWNSHIELD:0.5322203461609154
CE_PIECECOORDINATION:0.5492213867079188
CE_MATERIAL:0.37714615359871123
CE_KINGSAFETY:0.5
C_PIECESQUARETABLES:0.5
C_MOBILITY:0.5106515339727509
C_KINGSAFETY:0.47773930796390207
C_PAWNSTRUCTURE:0.5294044505098313
C_PIECECOORDINATION:0.4491199899366617
C_ROOKANDPAWNMOVEMENT:0.4491199899366617
C_CENTERCONTROL:0.5840233836668819
C_DEVELOPPIECES:0.432716807532512
C_MATERIAL:0.4694982409242209
