ELO:920
CE_PASSEDPAWNS:0.5642314366835369
CE_PAWNWEAKNESSES:0.5359659863711228
CE_PIECEACTIVITY:0.43316064984569785
CE_KINGPAWNSHIELD:0.4953148297048336
CE_PIECECOORDINATION:0.513693627611161
CE_MATERIAL:0.5621801559796289
CE_KINGSAFETY:0.5032908321545624
C_PIECESQUARETABLES:0.5054446434910431
C_MOBILITY:0.5295281399433543
C_KINGSAFETY:0.49727305895089147
C_PAWNSTRUCTURE:0.4913216418033863
C_PIECECOORDINATION:0.5205965780616388
C_ROOK:0.48067967782953236
CE_ROOK:0.5260380467939108
C_CENTERCONTROL:0.49177076351681953
C_DEVELOPPIECES:0.5230760706568718
C_MATERIAL:0.4893610405605994
C_MOVECOUNT:0.5019612154032085
C_PAWNMOVEMENT:0.48181832185558787
