ELO:701
CE_PASSEDPAWNS:0.5393576128677828
CE_PAWNWEAKNESSES:0.5167921196447373
CE_PIECEACTIVITY:0.4995972159988319
CE_KINGPAWNSHIELD:0.5564265633950086
CE_PIECECOORDINATION:0.4390093561986556
CE_MATERIAL:0.5932804408587865
CE_KINGSAFETY:0.568673790916889
C_PIECESQUARETABLES:0.4573822066813733
C_MOBILITY:0.46783889976645
C_KINGSAFETY:0.42402489689835265
C_PAWNSTRUCTURE:0.5025979007938289
C_PIECECOORDINATION:0.5244705895741536
C_ROOKANDPAWNMOVEMENT:0.5244705895741536
C_CENTERCONTROL:0.5212892963408031
C_DEVELOPPIECES:0.5670626148572109
C_MATERIAL:0.4164023208592661
C_MOVECOUNT:0.5046820661724905
