ELO:1000
CE_PASSEDPAWNS:0.4691373662974072
CE_PAWNWEAKNESSES:0.5022617081471644
CE_PIECEACTIVITY:0.4918981715359726
CE_KINGPAWNSHIELD:0.5228835257395127
CE_PIECECOORDINATION:0.5121431766440313
CE_MATERIAL:0.5039543918092657
CE_KINGSAFETY:0.5053363490170916
C_PIECESQUARETABLES:0.49826439409412837
C_MOBILITY:0.4543020580417605
C_KINGSAFETY:0.5238009632094903
C_PAWNSTRUCTURE:0.48210469902189756
C_PIECECOORDINATION:0.5415802865517786
C_ROOKANDPAWNMOVEMENT:0.5415802865517786
C_CENTERCONTROL:0.5244992084985864
C_DEVELOPPIECES:0.4684009398646505
C_MATERIAL:0.4924329215144448
