ELO:998
CE_PASSEDPAWNS:0.5487682717566429
CE_PAWNWEAKNESSES:0.5176405670298666
CE_PIECEACTIVITY:0.5546006770281425
CE_KINGPAWNSHIELD:0.4584622372040132
CE_PIECECOORDINATION:0.48417179666315713
CE_MATERIAL:0.4549904751371415
CE_KINGSAFETY:0.48601470552758075
C_PIECESQUARETABLES:0.49934289735266796
C_MOBILITY:0.5638796979085048
C_KINGSAFETY:0.5451384252993887
C_PAWNSTRUCTURE:0.4840357129888773
C_PIECECOORDINATION:0.5121297510830588
C_ROOKANDPAWNMOVEMENT:0.5121297510830588
C_CENTERCONTROL:0.48490823954277773
C_DEVELOPPIECES:0.4762167720109815
C_MATERIAL:0.521090953159773
