ELO:815
CE_PASSEDPAWNS:0.5534182583434855
CE_PAWNWEAKNESSES:0.5049029874908958
CE_PIECEACTIVITY:0.5278795679195086
CE_KINGPAWNSHIELD:0.5623809550899547
CE_PIECECOORDINATION:0.48018131144207266
CE_MATERIAL:0.5343684895970499
CE_KINGSAFETY:0.5396178601676779
C_PIECESQUARETABLES:0.462647074552081
C_MOBILITY:0.48673217362867827
C_KINGSAFETY:0.437718363781886
C_PAWNSTRUCTURE:0.5057163284499385
C_PIECECOORDINATION:0.49583268795146396
C_ROOKANDPAWNMOVEMENT:0.49583268795146396
C_CENTERCONTROL:0.5130223766506425
C_DEVELOPPIECES:0.5535270778594171
C_MATERIAL:0.47269954838078254
C_MOVECOUNT:0.5030662880327352
