ELO:1028
CE_PASSEDPAWNS:0.48735319267785604
CE_PAWNWEAKNESSES:0.5
CE_PIECEACTIVITY:0.5052288712548519
CE_KINGPAWNSHIELD:0.5
CE_PIECECOORDINATION:0.5028021904293126
CE_MATERIAL:0.49592725411258465
CE_KINGSAFETY:0.5
C_PIECESQUARETABLES:0.5
C_MOBILITY:0.5
C_KINGSAFETY:0.50068429535483
C_PAWNSTRUCTURE:0.5049368032637254
C_PIECECOORDINATION:0.48521767874513383
C_ROOKANDPAWNMOVEMENT:0.48521767874513383
C_CENTERCONTROL:0.5
C_DEVELOPPIECES:0.5
C_MATERIAL:0.4886878075887927
C_MOVECOUNT:0.5
