ELO:1007
CE_PASSEDPAWNS:0.5081111321492909
CE_PAWNWEAKNESSES:0.49742925422738893
CE_PIECEACTIVITY:0.49827964126227603
CE_KINGPAWNSHIELD:0.5150297629202174
CE_PIECECOORDINATION:0.48625123555785627
CE_MATERIAL:0.5327746986334586
CE_KINGSAFETY:0.47800063813694166
C_PIECESQUARETABLES:0.4924828053886612
C_MOBILITY:0.5
C_KINGSAFETY:0.48367132407162133
C_PAWNSTRUCTURE:0.5102132034671079
C_PIECECOORDINATION:0.5203901294525173
C_ROOK:0.4881261161229438
CE_ROOK:0.4897448993798405
C_CENTERCONTROL:0.4995529821424974
C_DEVELOPPIECES:0.49041085349956115
C_MATERIAL:0.5018787088853123
C_MOVECOUNT:0.4946144901183387
C_PAWNMOVEMENT:0.5026850287441795
