ELO:960
CE_PASSEDPAWNS:0.5593453876817869
CE_PAWNWEAKNESSES:0.5433554759500262
CE_PIECEACTIVITY:0.4487530314649947
CE_KINGPAWNSHIELD:0.4953148297048336
CE_PIECECOORDINATION:0.514664982170839
CE_MATERIAL:0.5408668716115987
CE_KINGSAFETY:0.5
C_PIECESQUARETABLES:0.5
C_MOBILITY:0.5187328508467483
C_KINGSAFETY:0.49727305895089147
C_PAWNSTRUCTURE:0.48631608599823617
C_PIECECOORDINATION:0.5202207393111735
C_ROOK:0.4712577666604108
CE_ROOK:0.5260380467939108
C_CENTERCONTROL:0.4729206031329792
C_DEVELOPPIECES:0.5155875007820204
C_MATERIAL:0.48635261233644206
C_MOVECOUNT:0.5019612154032085
C_PAWNMOVEMENT:0.48771497326289637
