ELO:986
CE_PASSEDPAWNS:0.498257736194711
CE_PAWNWEAKNESSES:0.510839758732576
CE_PIECEACTIVITY:0.5068887103038718
CE_KINGPAWNSHIELD:0.5
CE_PIECECOORDINATION:0.5071145012199162
CE_MATERIAL:0.5001412782174509
CE_KINGSAFETY:0.5102426885443486
C_PIECESQUARETABLES:0.5034765558216582
C_MOBILITY:0.48604483414379346
C_KINGSAFETY:0.5044569304803909
C_PAWNSTRUCTURE:0.49790680464076675
C_PIECECOORDINATION:0.5009435222185988
C_ROOKANDPAWNMOVEMENT:0.5009435222185988
C_CENTERCONTROL:0.5116471055658159
C_DEVELOPPIECES:0.4961219220714547
C_MATERIAL:0.5057500988926886
C_MOVECOUNT:0.5181731150259001
