ELO:1026
CE_PASSEDPAWNS:0.48246293202598906
CE_PAWNWEAKNESSES:0.5252323056826317
CE_PIECEACTIVITY:0.5
CE_KINGPAWNSHIELD:0.5
CE_PIECECOORDINATION:0.5
CE_MATERIAL:0.497575314747248
CE_KINGSAFETY:0.5
C_PIECESQUARETABLES:0.5
C_MOBILITY:0.4986788651172561
C_KINGSAFETY:0.49222607539969526
C_PAWNSTRUCTURE:0.5060665380199643
C_PIECECOORDINATION:0.4993099406537204
C_ROOKANDPAWNMOVEMENT:0.4993099406537204
C_CENTERCONTROL:0.5
C_DEVELOPPIECES:0.5
C_MATERIAL:0.5
C_MOVECOUNT:0.5
