ELO:1003
CE_PASSEDPAWNS:0.5211503159869919
CE_PAWNWEAKNESSES:0.4911659112271484
CE_PIECEACTIVITY:0.48788632109277513
CE_KINGPAWNSHIELD:0.4940582879511837
CE_PIECECOORDINATION:0.509003469560709
CE_MATERIAL:0.5122607191349254
CE_KINGSAFETY:0.5
C_PIECESQUARETABLES:0.5
C_MOBILITY:0.4984828435385964
C_KINGSAFETY:0.5026222736182663
C_PAWNSTRUCTURE:0.5045555435839699
C_PIECECOORDINATION:0.5144081850874233
C_ROOKANDPAWNMOVEMENT:0.5144081850874233
C_CENTERCONTROL:0.5
C_DEVELOPPIECES:0.49038958554969597
C_MATERIAL:0.5
C_MOVECOUNT:0.4882379291727249
