ELO:1091
CE_PASSEDPAWNS:0.46392211840368736
CE_PAWNWEAKNESSES:0.5942385255537602
CE_PIECEACTIVITY:0.45713287225393984
CE_KINGPAWNSHIELD:0.6311305544171626
CE_PIECECOORDINATION:0.460137845424781
CE_MATERIAL:0.41229693198526324
CE_KINGSAFETY:0.5
C_PIECESQUARETABLES:0.5
C_MOBILITY:0.4159923960697037
C_KINGSAFETY:0.6330820121537708
C_PAWNSTRUCTURE:0.4417501100211813
C_PIECECOORDINATION:0.46609164946719395
C_ROOKANDPAWNMOVEMENT:0.46609164946719395
C_CENTERCONTROL:0.4646323547925849
C_DEVELOPPIECES:0.5034004472324135
C_MATERIAL:0.38070518975155476
