ELO:922
CE_PASSEDPAWNS:0.5039729521470203
CE_PAWNWEAKNESSES:0.5057781473129134
CE_PIECEACTIVITY:0.5124799493033702
CE_KINGPAWNSHIELD:0.44061408518466166
CE_PIECECOORDINATION:0.46631662924991546
CE_MATERIAL:0.4880712672216998
CE_KINGSAFETY:0.4987235066347049
C_PIECESQUARETABLES:0.5069598819003501
C_MOBILITY:0.5032416171950174
C_KINGSAFETY:0.5025192046615401
C_PAWNSTRUCTURE:0.51555839500965
C_PIECECOORDINATION:0.5661339199975262
C_ROOKANDPAWNMOVEMENT:0.5661339199975262
C_CENTERCONTROL:0.4792043036240039
C_DEVELOPPIECES:0.5593262944697047
C_MATERIAL:0.47391080163808685
C_MOVECOUNT:0.5
