ELO:1015
CE_PASSEDPAWNS:0.5211503159869919
CE_PAWNWEAKNESSES:0.49862924336756514
CE_PIECEACTIVITY:0.5120670397090943
CE_KINGPAWNSHIELD:0.5049350363909642
CE_PIECECOORDINATION:0.5001251566862258
CE_MATERIAL:0.505528267688606
CE_KINGSAFETY:0.5
C_PIECESQUARETABLES:0.5
C_MOBILITY:0.4842232633792229
C_KINGSAFETY:0.5113643218413719
C_PAWNSTRUCTURE:0.5
C_PIECECOORDINATION:0.5144081850874233
C_ROOKANDPAWNMOVEMENT:0.5144081850874233
C_CENTERCONTROL:0.5111318913753266
C_DEVELOPPIECES:0.5132706516379858
C_MATERIAL:0.5
C_MOVECOUNT:0.4985036942185756
