ELO:1000
CE_PASSEDPAWNS:0.485077617512856
CE_PAWNWEAKNESSES:0.5134991076646672
CE_PIECEACTIVITY:0.5170674852955246
CE_KINGPAWNSHIELD:0.5131479405675144
CE_PIECECOORDINATION:0.4688547116535672
CE_MATERIAL:0.4891171158473814
CE_KINGSAFETY:0.4823526629481072
C_PIECESQUARETABLES:0.4757170661363421
C_MOBILITY:0.4240113491004355
C_KINGSAFETY:0.5185101957898947
C_PAWNSTRUCTURE:0.49859117443630735
C_PIECECOORDINATION:0.47677336403451004
C_ROOKANDPAWNMOVEMENT:0.47677336403451004
C_CENTERCONTROL:0.4937484627006994
C_DEVELOPPIECES:0.4699832906823663
C_MATERIAL:0.47220806185005076
