ELO:1052
CE_PASSEDPAWNS:0.5772527796076409
CE_PAWNWEAKNESSES:0.49812736182742695
CE_PIECEACTIVITY:0.5426394353452778
CE_KINGPAWNSHIELD:0.48324419786544953
CE_PIECECOORDINATION:0.5004114516632171
CE_MATERIAL:0.49765331996744905
CE_KINGSAFETY:0.5
C_PIECESQUARETABLES:0.5
C_MOBILITY:0.5335361914694342
C_KINGSAFETY:0.44175257956593383
C_PAWNSTRUCTURE:0.4485928670377041
C_PIECECOORDINATION:0.5465216643486327
C_ROOKANDPAWNMOVEMENT:0.5465216643486327
C_CENTERCONTROL:0.5014188595021803
C_DEVELOPPIECES:0.5475091876294111
C_MATERIAL:0.5643734876868467
