ELO:920
CE_PASSEDPAWNS:0.4198194166465654
CE_PAWNWEAKNESSES:0.5840598543965893
CE_PIECEACTIVITY:0.43809872461652954
CE_KINGPAWNSHIELD:0.4743945600393655
CE_PIECECOORDINATION:0.42743710708927773
CE_MATERIAL:0.46526066670020727
CE_KINGSAFETY:0.5020064697618871
C_PIECESQUARETABLES:0.4656782940484351
C_MOBILITY:0.4736264555609785
C_KINGSAFETY:0.4963460253965477
C_PAWNSTRUCTURE:0.47193107397999956
C_PIECECOORDINATION:0.595306648047904
C_ROOKANDPAWNMOVEMENT:0.595306648047904
C_CENTERCONTROL:0.4997730004394094
C_DEVELOPPIECES:0.44256428995068875
C_MATERIAL:0.4295436997924149
