ELO:963
CE_PASSEDPAWNS:0.5128345782453332
CE_PAWNWEAKNESSES:0.5043506757282097
CE_PIECEACTIVITY:0.47327554548185946
CE_KINGPAWNSHIELD:0.516207132800443
CE_PIECECOORDINATION:0.5312193239138294
CE_MATERIAL:0.4980769986501092
CE_KINGSAFETY:0.4903487588132881
C_PIECESQUARETABLES:0.49384092390630996
C_MOBILITY:0.48086794694749835
C_KINGSAFETY:0.4739192599506389
C_PAWNSTRUCTURE:0.48985924552127913
C_PIECECOORDINATION:0.5463009045411229
C_ROOK:0.4891401309093542
CE_ROOK:0.5011602454897502
C_CENTERCONTROL:0.5312171008183291
C_DEVELOPPIECES:0.517222707803086
C_MATERIAL:0.5093503252577586
C_MOVECOUNT:0.5035712579715966
C_PAWNMOVEMENT:0.5028609321196424
