ELO:999
CE_PASSEDPAWNS:0.507843355593438
CE_PAWNWEAKNESSES:0.498329699279157
CE_PIECEACTIVITY:0.49145984072034843
CE_KINGPAWNSHIELD:0.5029498524872308
CE_PIECECOORDINATION:0.5
CE_MATERIAL:0.4798254905426458
CE_KINGSAFETY:0.49843015534533597
C_PIECESQUARETABLES:0.4993524667840169
C_MOBILITY:0.4928266895455747
C_KINGSAFETY:0.5044153926523539
C_PAWNSTRUCTURE:0.5180339290596907
C_PIECECOORDINATION:0.5115314720669976
C_ROOK:0.5000235429581218
CE_ROOK:0.5050248103201969
C_CENTERCONTROL:0.5040653888014618
C_DEVELOPPIECES:0.49164888376127786
C_MATERIAL:0.48903083623347365
C_MOVECOUNT:0.5
C_PAWNMOVEMENT:0.4890585011833427
