ELO:926
CE_PASSEDPAWNS:0.5025037388877507
CE_PAWNWEAKNESSES:0.49229834785947574
CE_PIECEACTIVITY:0.4721962296932605
CE_KINGPAWNSHIELD:0.5014067870296807
CE_PIECECOORDINATION:0.5361238881544335
CE_MATERIAL:0.49696867327140704
CE_KINGSAFETY:0.5122574141138984
C_PIECESQUARETABLES:0.5000038966477632
C_MOBILITY:0.4770567923377385
C_KINGSAFETY:0.4587532669963776
C_PAWNSTRUCTURE:0.5058365971601294
C_PIECECOORDINATION:0.5654067529533591
C_ROOK:0.5082361758730604
CE_ROOK:0.48828589032688563
C_CENTERCONTROL:0.5318647851849995
C_DEVELOPPIECES:0.5138547343722675
C_MATERIAL:0.5265112662013612
C_MOVECOUNT:0.5090580576727093
C_PAWNMOVEMENT:0.48626953451529215
