ELO:955
CE_PASSEDPAWNS:0.49888838849490913
CE_PAWNWEAKNESSES:0.5150151452171983
CE_PIECEACTIVITY:0.5078288452626072
CE_KINGPAWNSHIELD:0.5173547341468181
CE_PIECECOORDINATION:0.5164392911915028
CE_MATERIAL:0.5129505271754018
CE_KINGSAFETY:0.5178432172973497
C_PIECESQUARETABLES:0.5082416430539634
C_MOBILITY:0.48389073051047243
C_KINGSAFETY:0.5115687413867704
C_PAWNSTRUCTURE:0.5073959602572834
C_PIECECOORDINATION:0.5322247842059932
C_ROOKANDPAWNMOVEMENT:0.5322247842059932
C_CENTERCONTROL:0.5294999749784947
C_DEVELOPPIECES:0.5082926060121844
C_MATERIAL:0.4771665838696839
C_MOVECOUNT:0.4977592275379019
