ELO:994
CE_PASSEDPAWNS:0.5192054966354258
CE_PAWNWEAKNESSES:0.49370180708211153
CE_PIECEACTIVITY:0.5142437290907304
CE_KINGPAWNSHIELD:0.5000828579989031
CE_PIECECOORDINATION:0.4657277850946547
CE_MATERIAL:0.5206461812935582
CE_KINGSAFETY:0.4993546796823087
C_PIECESQUARETABLES:0.5027783904853282
C_MOBILITY:0.5259185739198792
C_KINGSAFETY:0.49317697877733646
C_PAWNSTRUCTURE:0.4870856484215965
C_PIECECOORDINATION:0.4736955002151954
C_ROOK:0.4923964306421466
CE_ROOK:0.4840140892228441
C_CENTERCONTROL:0.5163082541762922
C_DEVELOPPIECES:0.5555747938922365
C_MATERIAL:0.4870159630833271
C_MOVECOUNT:0.48539131529607765
C_PAWNMOVEMENT:0.4805377344482155
