ELO:975
CE_PASSEDPAWNS:0.4853306303548497
CE_PAWNWEAKNESSES:0.5076564061733091
CE_PIECEACTIVITY:0.515148107343862
CE_KINGPAWNSHIELD:0.48262304075677337
CE_PIECECOORDINATION:0.5106941039431253
CE_MATERIAL:0.5103738075193275
CE_KINGSAFETY:0.5085581392467924
C_PIECESQUARETABLES:0.4936770361694476
C_MOBILITY:0.49737730459262464
C_KINGSAFETY:0.47772011675614906
C_PAWNSTRUCTURE:0.4915054920240861
C_PIECECOORDINATION:0.5227875193637966
C_ROOK:0.4750676384350972
CE_ROOK:0.47179718054854214
C_CENTERCONTROL:0.5221287607592598
C_DEVELOPPIECES:0.4790474176235967
C_MATERIAL:0.4946963229382264
C_MOVECOUNT:0.49263793633605835
C_PAWNMOVEMENT:0.513386360932808
