ELO:854
CE_PASSEDPAWNS:0.4668456510813315
CE_PAWNWEAKNESSES:0.49417444088810975
CE_PIECEACTIVITY:0.5197567377305995
CE_KINGPAWNSHIELD:0.3944850215045533
CE_PIECECOORDINATION:0.5125933981823325
CE_MATERIAL:0.5019694819691272
CE_KINGSAFETY:0.5335267218627169
C_PIECESQUARETABLES:0.4452536842883633
C_MOBILITY:0.45300165616247273
C_KINGSAFETY:0.5404586984357819
C_PAWNSTRUCTURE:0.5586818219650971
C_PIECECOORDINATION:0.5216159743029114
C_ROOKANDPAWNMOVEMENT:0.5216159743029114
C_CENTERCONTROL:0.46092194089149724
C_DEVELOPPIECES:0.4883970009820458
C_MATERIAL:0.512462111023559
C_MOVECOUNT:0.5
