ELO:937
CE_PASSEDPAWNS:0.4073966141427026
CE_PAWNWEAKNESSES:0.5866861757277368
CE_PIECEACTIVITY:0.42705782920863383
CE_KINGPAWNSHIELD:0.4549975076577147
CE_PIECECOORDINATION:0.40552447043661455
CE_MATERIAL:0.4941595344264041
CE_KINGSAFETY:0.46279465564881034
C_PIECESQUARETABLES:0.5157315301272529
C_MOBILITY:0.47018754288316783
C_KINGSAFETY:0.4717685605999665
C_PAWNSTRUCTURE:0.48259451315334034
C_PIECECOORDINATION:0.629405293472922
C_ROOKANDPAWNMOVEMENT:0.629405293472922
C_CENTERCONTROL:0.5160055002090368
C_DEVELOPPIECES:0.44500792642310144
C_MATERIAL:0.4323552080782675
