ELO:1003
CE_PASSEDPAWNS:0.45110951685300316
CE_PAWNWEAKNESSES:0.5333301977910566
CE_PIECEACTIVITY:0.4922967183186357
CE_KINGPAWNSHIELD:0.5117777959881553
CE_PIECECOORDINATION:0.4722260194524741
CE_MATERIAL:0.44168826373230247
CE_KINGSAFETY:0.472454577627723
C_PIECESQUARETABLES:0.4632611924124166
C_MOBILITY:0.45064251278927897
C_KINGSAFETY:0.534114624016398
C_PAWNSTRUCTURE:0.5039664675389728
C_PIECECOORDINATION:0.5188566134486124
C_ROOKANDPAWNMOVEMENT:0.5188566134486124
C_CENTERCONTROL:0.49977335545698853
C_DEVELOPPIECES:0.45940640204070354
C_MATERIAL:0.45390431910990725
