ELO:1000
CE_PASSEDPAWNS:0.49423405018186123
CE_PAWNWEAKNESSES:0.48778769802691224
CE_PIECEACTIVITY:0.49329587733397706
CE_KINGPAWNSHIELD:0.5122003320875987
CE_PIECECOORDINATION:0.5120285116565821
CE_MATERIAL:0.5122292764053356
CE_KINGSAFETY:0.5
C_PIECESQUARETABLES:0.5
C_MOBILITY:0.4994394412732188
C_KINGSAFETY:0.5056260725871871
C_PAWNSTRUCTURE:0.5
C_PIECECOORDINATION:0.49063604111331555
C_ROOKANDPAWNMOVEMENT:0.49063604111331555
C_CENTERCONTROL:0.5094266003970916
C_DEVELOPPIECES:0.5123342162768069
C_MATERIAL:0.49031123036319996
