ELO:1103
CE_PASSEDPAWNS:0.45999300139307786
CE_PAWNWEAKNESSES:0.4966025658118943
CE_PIECEACTIVITY:0.4808620376023064
CE_KINGPAWNSHIELD:0.6311305544171626
CE_PIECECOORDINATION:0.460137845424781
CE_MATERIAL:0.42828771766061813
CE_KINGSAFETY:0.4940601309327117
C_PIECESQUARETABLES:0.4940536431382249
C_MOBILITY:0.4139009334351817
C_KINGSAFETY:0.6050764460197304
C_PAWNSTRUCTURE:0.43180575994460413
C_PIECECOORDINATION:0.4617227692900849
C_ROOKANDPAWNMOVEMENT:0.4617227692900849
C_CENTERCONTROL:0.5299536999198825
C_DEVELOPPIECES:0.535869211507192
C_MATERIAL:0.4063918105112338
