ELO:978
CE_PASSEDPAWNS:0.5049348241861078
CE_PAWNWEAKNESSES:0.5150151452171983
CE_PIECEACTIVITY:0.5152143065782735
CE_KINGPAWNSHIELD:0.5276614780634274
CE_PIECECOORDINATION:0.5164392911915028
CE_MATERIAL:0.5168675386375033
CE_KINGSAFETY:0.5
C_PIECESQUARETABLES:0.4910440509244681
C_MOBILITY:0.48389073051047243
C_KINGSAFETY:0.5115687413867704
C_PAWNSTRUCTURE:0.5073959602572834
C_PIECECOORDINATION:0.5303483150777452
C_ROOKANDPAWNMOVEMENT:0.5303483150777452
C_CENTERCONTROL:0.5294999749784947
C_DEVELOPPIECES:0.4989307192261987
C_MATERIAL:0.4803492742920708
C_MOVECOUNT:0.4918318457009937
