ELO:1000
CE_PASSEDPAWNS:0.48521196192436783
CE_PAWNWEAKNESSES:0.48390820819461355
CE_PIECEACTIVITY:0.5261309854061099
CE_KINGPAWNSHIELD:0.5027532593802762
CE_PIECECOORDINATION:0.5152252581253028
CE_MATERIAL:0.5184743969491308
CE_KINGSAFETY:0.47041783461247055
C_PIECESQUARETABLES:0.5084596820622092
C_MOBILITY:0.5407303200833905
C_KINGSAFETY:0.48306482695643765
C_PAWNSTRUCTURE:0.47109820797852253
C_PIECECOORDINATION:0.48236164415583854
C_ROOKANDPAWNMOVEMENT:0.48236164415583854
C_CENTERCONTROL:0.5066984716422365
C_DEVELOPPIECES:0.48815120455453836
C_MATERIAL:0.4830363377995108
