ELO:1045
CE_PASSEDPAWNS:0.49318159549911705
CE_PAWNWEAKNESSES:0.47597898574676983
CE_PIECEACTIVITY:0.522848476752173
CE_KINGPAWNSHIELD:0.459860494071335
CE_PIECECOORDINATION:0.5583234827536805
CE_MATERIAL:0.5381564609335657
CE_KINGSAFETY:0.5008776033066353
C_PIECESQUARETABLES:0.5
C_MOBILITY:0.5406653946689276
C_KINGSAFETY:0.4363671831286626
C_PAWNSTRUCTURE:0.4939442085411865
C_PIECECOORDINATION:0.5530617567045193
C_ROOKANDPAWNMOVEMENT:0.5530617567045193
C_CENTERCONTROL:0.4113794579151224
C_DEVELOPPIECES:0.4973144498603164
C_MATERIAL:0.4239482011886777
