ELO:1001
CE_PASSEDPAWNS:0.49666403717411184
CE_PAWNWEAKNESSES:0.5150151452171983
CE_PIECEACTIVITY:0.5152143065782735
CE_KINGPAWNSHIELD:0.5276614780634274
CE_PIECECOORDINATION:0.5164392911915028
CE_MATERIAL:0.5252369246254873
CE_KINGSAFETY:0.5
C_PIECESQUARETABLES:0.5004616393387291
C_MOBILITY:0.48760976202577166
C_KINGSAFETY:0.49112439520724765
C_PAWNSTRUCTURE:0.5073959602572834
C_PIECECOORDINATION:0.5422705983309559
C_ROOKANDPAWNMOVEMENT:0.5422705983309559
C_CENTERCONTROL:0.49215275474738535
C_DEVELOPPIECES:0.4972999893826485
C_MATERIAL:0.4803492742920708
C_MOVECOUNT:0.4918318457009937
