ELO:801
CE_PASSEDPAWNS:0.562590466077095
CE_PAWNWEAKNESSES:0.4869212562769203
CE_PIECEACTIVITY:0.5234897217938218
CE_KINGPAWNSHIELD:0.4879766691198448
CE_PIECECOORDINATION:0.5275689793752001
CE_MATERIAL:0.4805436692418935
CE_KINGSAFETY:0.506122148883983
C_PIECESQUARETABLES:0.5010680688854123
C_MOBILITY:0.4179117867954137
C_KINGSAFETY:0.5184411464504415
C_PAWNSTRUCTURE:0.5011254582892801
C_PIECECOORDINATION:0.5773806146955321
C_ROOKANDPAWNMOVEMENT:0.5773806146955321
C_CENTERCONTROL:0.4866711452377004
C_DEVELOPPIECES:0.5308245870511092
C_MATERIAL:0.5168063592855185
C_MOVECOUNT:0.498605381623639
