ELO:998
CE_PASSEDPAWNS:0.47308148762247154
CE_PAWNWEAKNESSES:0.5296562615101856
CE_PIECEACTIVITY:0.5025608024544045
CE_KINGPAWNSHIELD:0.5180142922362269
CE_PIECECOORDINATION:0.4704405682815636
CE_MATERIAL:0.49233863279384193
CE_KINGSAFETY:0.5004748936472531
C_PIECESQUARETABLES:0.46437232268420325
C_MOBILITY:0.4382649678880116
C_KINGSAFETY:0.5310056344527165
C_PAWNSTRUCTURE:0.4978513566969901
C_PIECECOORDINATION:0.49147569646338096
C_ROOKANDPAWNMOVEMENT:0.49147569646338096
C_CENTERCONTROL:0.4813038165983594
C_DEVELOPPIECES:0.47238238793415244
C_MATERIAL:0.4709127936078394
