ELO:804
CE_PASSEDPAWNS:0.4442353755599285
CE_PAWNWEAKNESSES:0.4481168654313823
CE_PIECEACTIVITY:0.38099297008608174
CE_KINGPAWNSHIELD:0.4658158170559214
CE_PIECECOORDINATION:0.5000654726476162
CE_MATERIAL:0.4778884997335349
CE_KINGSAFETY:0.5170668581792257
C_PIECESQUARETABLES:0.5
C_MOBILITY:0.42380320124808024
C_KINGSAFETY:0.5464576389138736
C_PAWNSTRUCTURE:0.4681919962886212
C_PIECECOORDINATION:0.4483406383801004
C_ROOKANDPAWNMOVEMENT:0.4483406383801004
C_CENTERCONTROL:0.493836237176825
C_DEVELOPPIECES:0.5394201056044646
C_MATERIAL:0.5127481453594006
C_MOVECOUNT:0.5
