ELO:989
CE_PASSEDPAWNS:0.45266284574073334
CE_PAWNWEAKNESSES:0.5351391229129101
CE_PIECEACTIVITY:0.4962789452116728
CE_KINGPAWNSHIELD:0.4978042766503375
CE_PIECECOORDINATION:0.46034680529826466
CE_MATERIAL:0.455185404419394
CE_KINGSAFETY:0.499663555774939
C_PIECESQUARETABLES:0.4597393744162601
C_MOBILITY:0.4480439083390048
C_KINGSAFETY:0.541322518855636
C_PAWNSTRUCTURE:0.5032735289230519
C_PIECECOORDINATION:0.5099733682185262
C_ROOKANDPAWNMOVEMENT:0.5099733682185262
C_CENTERCONTROL:0.4885243693743156
C_DEVELOPPIECES:0.47696173171975265
C_MATERIAL:0.4474751630365291
