ELO:963
CE_PASSEDPAWNS:0.5087026597209516
CE_PAWNWEAKNESSES:0.5239971227862416
CE_PIECEACTIVITY:0.5060766499624109
CE_KINGPAWNSHIELD:0.4567440598132158
CE_PIECECOORDINATION:0.5163267751123147
CE_MATERIAL:0.5063485824032482
CE_KINGSAFETY:0.5
C_PIECESQUARETABLES:0.5
C_MOBILITY:0.4692839600998348
C_KINGSAFETY:0.48495250296518255
C_PAWNSTRUCTURE:0.49609447379289034
C_PIECECOORDINATION:0.49981456498815796
C_ROOK:0.4648901675219677
CE_ROOK:0.48958874378646466
C_CENTERCONTROL:0.5075411455154188
C_DEVELOPPIECES:0.45834339044412414
C_MATERIAL:0.5266309844162901
C_MOVECOUNT:0.5121121721521641
C_PAWNMOVEMENT:0.47745900606331554
