ELO:783
CE_PASSEDPAWNS:0.4257391838082879
CE_PAWNWEAKNESSES:0.5123804088492339
CE_PIECEACTIVITY:0.49822635385387093
CE_KINGPAWNSHIELD:0.41266301386808213
CE_PIECECOORDINATION:0.4871639452235704
CE_MATERIAL:0.4838121760910191
CE_KINGSAFETY:0.5494791391729037
C_PIECESQUARETABLES:0.48947416678513744
C_MOBILITY:0.47955142306173065
C_KINGSAFETY:0.5442679317057191
C_PAWNSTRUCTURE:0.6051684988077942
C_PIECECOORDINATION:0.5273606949445244
C_ROOKANDPAWNMOVEMENT:0.5273606949445244
C_CENTERCONTROL:0.46799699541769
C_DEVELOPPIECES:0.4711436461059409
C_MATERIAL:0.48504237720780796
C_MOVECOUNT:0.5
