ELO:1028
CE_PASSEDPAWNS:0.4855856750444667
CE_PAWNWEAKNESSES:0.4694008134422655
CE_PIECEACTIVITY:0.5638251785030312
CE_KINGPAWNSHIELD:0.492550478671117
CE_PIECECOORDINATION:0.5197688347344429
CE_MATERIAL:0.5458729158183723
CE_KINGSAFETY:0.4700344900755947
C_PIECESQUARETABLES:0.5102393232958011
C_MOBILITY:0.5479348068214678
C_KINGSAFETY:0.42420790091942495
C_PAWNSTRUCTURE:0.47096028535802575
C_PIECECOORDINATION:0.5280484514358054
C_ROOKANDPAWNMOVEMENT:0.5280484514358054
C_CENTERCONTROL:0.5219897699421677
C_DEVELOPPIECES:0.5400706620525839
C_MATERIAL:0.49639967038687416
