ELO:1000
CE_PASSEDPAWNS:0.4721936764261646
CE_PAWNWEAKNESSES:0.5320207197851398
CE_PIECEACTIVITY:0.5088515900670626
CE_KINGPAWNSHIELD:0.526856009439323
CE_PIECECOORDINATION:0.4715752470020026
CE_MATERIAL:0.4981100205743604
CE_KINGSAFETY:0.49122703382998917
C_PIECESQUARETABLES:0.48786938424932724
C_MOBILITY:0.4459187778385778
C_KINGSAFETY:0.5218081762372662
C_PAWNSTRUCTURE:0.5071455304562315
C_PIECECOORDINATION:0.4856228501255664
C_ROOKANDPAWNMOVEMENT:0.4856228501255664
C_CENTERCONTROL:0.5047396679586781
C_DEVELOPPIECES:0.47310082823802513
C_MATERIAL:0.4890432869413343
