ELO:893
CE_PASSEDPAWNS:0.5045535795111399
CE_PAWNWEAKNESSES:0.46253302489753023
CE_PIECEACTIVITY:0.46713767663476946
CE_KINGPAWNSHIELD:0.4816883172013976
CE_PIECECOORDINATION:0.4715508115798309
CE_MATERIAL:0.5349154007535982
CE_KINGSAFETY:0.4997941204555077
C_PIECESQUARETABLES:0.484864114337276
C_MOBILITY:0.46028799325795977
C_KINGSAFETY:0.5037081210793933
C_PAWNSTRUCTURE:0.46018858203555474
C_PIECECOORDINATION:0.5223071158272519
C_ROOKANDPAWNMOVEMENT:0.5223071158272519
C_CENTERCONTROL:0.514866431793212
C_DEVELOPPIECES:0.5075516326345583
C_MATERIAL:0.4447477322439306
C_MOVECOUNT:0.5
