ELO:1112
CE_PASSEDPAWNS:0.5176929281353745
CE_PAWNWEAKNESSES:0.518398466553891
CE_PIECEACTIVITY:0.45575388108941184
CE_KINGPAWNSHIELD:0.5291828215915995
CE_PIECECOORDINATION:0.4803925721213925
CE_MATERIAL:0.4658418505371288
CE_KINGSAFETY:0.5
C_PIECESQUARETABLES:0.4952453516385325
C_MOBILITY:0.5187256427536594
C_KINGSAFETY:0.5545891168207643
C_PAWNSTRUCTURE:0.511463886846476
C_PIECECOORDINATION:0.38006353344280114
C_ROOKANDPAWNMOVEMENT:0.38006353344280114
C_CENTERCONTROL:0.5112637921646583
C_DEVELOPPIECES:0.5371951608808677
C_MATERIAL:0.4063918105112338
