ELO:1103
CE_PASSEDPAWNS:0.5222267129789422
CE_PAWNWEAKNESSES:0.5942385255537602
CE_PIECEACTIVITY:0.43961695163562287
CE_KINGPAWNSHIELD:0.47170071292144106
CE_PIECECOORDINATION:0.5527307440599564
CE_MATERIAL:0.458767554460892
CE_KINGSAFETY:0.5
C_PIECESQUARETABLES:0.5
C_MOBILITY:0.5209310030715661
C_KINGSAFETY:0.5629499306951204
C_PAWNSTRUCTURE:0.5709374238437358
C_PIECECOORDINATION:0.4920077477585968
C_ROOKANDPAWNMOVEMENT:0.4920077477585968
C_CENTERCONTROL:0.5997016809595931
C_DEVELOPPIECES:0.44805189004608253
C_MATERIAL:0.4063918105112338
