ELO:957
CE_PASSEDPAWNS:0.49624408720581353
CE_PAWNWEAKNESSES:0.48760751026689275
CE_PIECEACTIVITY:0.5272842614568655
CE_KINGPAWNSHIELD:0.5096289153026744
CE_PIECECOORDINATION:0.4992595282854975
CE_MATERIAL:0.5083020627833292
CE_KINGSAFETY:0.5041462690123444
C_PIECESQUARETABLES:0.4958622604811688
C_MOBILITY:0.48038838169283216
C_KINGSAFETY:0.5074403507588554
C_PAWNSTRUCTURE:0.48706228509194777
C_PIECECOORDINATION:0.5127692801100109
C_ROOKANDPAWNMOVEMENT:0.5127692801100109
C_CENTERCONTROL:0.5116215113305591
C_DEVELOPPIECES:0.48658742938749305
C_MATERIAL:0.5032184269075364
C_MOVECOUNT:0.5
