ELO:1001
CE_PASSEDPAWNS:0.4933251998847363
CE_PAWNWEAKNESSES:0.48877200273109683
CE_PIECEACTIVITY:0.5227669629064545
CE_KINGPAWNSHIELD:0.5052619918863092
CE_PIECECOORDINATION:0.507741391233706
CE_MATERIAL:0.5
CE_KINGSAFETY:0.4935404547335012
C_PIECESQUARETABLES:0.49307088645517033
C_MOBILITY:0.5245454773310557
C_KINGSAFETY:0.5127984898772341
C_PAWNSTRUCTURE:0.49437167797046
C_PIECECOORDINATION:0.49973667874817707
C_ROOKANDPAWNMOVEMENT:0.49973667874817707
C_CENTERCONTROL:0.4926898765812656
C_DEVELOPPIECES:0.49063812951607894
C_MATERIAL:0.5020860062285267
