ELO:956
CE_PASSEDPAWNS:0.4425146600292412
CE_PAWNWEAKNESSES:0.568152325242564
CE_PIECEACTIVITY:0.4356676331303224
CE_KINGPAWNSHIELD:0.4735368236506649
CE_PIECECOORDINATION:0.4421309704139688
CE_MATERIAL:0.48648746759297795
CE_KINGSAFETY:0.4996994379382293
C_PIECESQUARETABLES:0.5024980128839166
C_MOBILITY:0.4824403697777313
C_KINGSAFETY:0.5043578470512046
C_PAWNSTRUCTURE:0.4674607405951657
C_PIECECOORDINATION:0.6183717168563305
C_ROOKANDPAWNMOVEMENT:0.6183717168563305
C_CENTERCONTROL:0.5132293578742522
C_DEVELOPPIECES:0.4450513689530058
C_MATERIAL:0.4419854182934661
