ELO:963
CE_PASSEDPAWNS:0.4917340090120624
CE_PAWNWEAKNESSES:0.4946943784492224
CE_PIECEACTIVITY:0.5060766499624109
CE_KINGPAWNSHIELD:0.4567440598132158
CE_PIECECOORDINATION:0.47320830524184176
CE_MATERIAL:0.5063485824032482
CE_KINGSAFETY:0.49765142990573374
C_PIECESQUARETABLES:0.49384092390630996
C_MOBILITY:0.5550443008118202
C_KINGSAFETY:0.48495250296518255
C_PAWNSTRUCTURE:0.49609447379289034
C_PIECECOORDINATION:0.5203404145586733
C_ROOK:0.4592540197753857
CE_ROOK:0.503078595856616
C_CENTERCONTROL:0.5144382425765958
C_DEVELOPPIECES:0.4486658651313584
C_MATERIAL:0.47250162987381905
C_MOVECOUNT:0.5145503778405676
C_PAWNMOVEMENT:0.4737314049781403
