ELO:923
CE_PASSEDPAWNS:0.5397367580716874
CE_PAWNWEAKNESSES:0.41793345149202676
CE_PIECEACTIVITY:0.5244256721682047
CE_KINGPAWNSHIELD:0.5449074012947456
CE_PIECECOORDINATION:0.5040277647912889
CE_MATERIAL:0.49679589369953153
CE_KINGSAFETY:0.4767085852778941
C_PIECESQUARETABLES:0.5336409690643935
C_MOBILITY:0.3575820825095094
C_KINGSAFETY:0.42944451374536446
C_PAWNSTRUCTURE:0.5134743636978706
C_PIECECOORDINATION:0.3466509062621709
C_ROOKANDPAWNMOVEMENT:0.3466509062621709
C_CENTERCONTROL:0.4185756711050819
C_DEVELOPPIECES:0.4504480504598202
C_MATERIAL:0.5505044483965275
