ELO:1065
CE_PASSEDPAWNS:0.5
CE_PAWNWEAKNESSES:0.5
CE_PIECEACTIVITY:0.502556495991248
CE_KINGPAWNSHIELD:0.49656702813303477
CE_PIECECOORDINATION:0.5121709606268838
CE_MATERIAL:0.5031111219981687
CE_KINGSAFETY:0.48623643611205486
C_PIECESQUARETABLES:0.5
C_MOBILITY:0.5
C_KINGSAFETY:0.5
C_PAWNSTRUCTURE:0.49866877261002723
C_PIECECOORDINATION:0.5058547427679967
C_ROOKANDPAWNMOVEMENT:0.5058547427679967
C_CENTERCONTROL:0.48908521373788977
C_DEVELOPPIECES:0.5007253938112762
C_MATERIAL:0.4779173704622096
