ELO:944
CE_PASSEDPAWNS:0.44715611551487683
CE_PAWNWEAKNESSES:0.5588140118744237
CE_PIECEACTIVITY:0.4869616752556524
CE_KINGPAWNSHIELD:0.5191399172481632
CE_PIECECOORDINATION:0.4521310977191712
CE_MATERIAL:0.45012160534708184
CE_KINGSAFETY:0.523607436426889
C_PIECESQUARETABLES:0.4899969417785141
C_MOBILITY:0.43717592822693196
C_KINGSAFETY:0.4869142010645179
C_PAWNSTRUCTURE:0.48325870258722736
C_PIECECOORDINATION:0.5725768238156826
C_ROOKANDPAWNMOVEMENT:0.5725768238156826
C_CENTERCONTROL:0.46839801701136974
C_DEVELOPPIECES:0.4604190735950671
C_MATERIAL:0.43316751913482243
