ELO:988
CE_PASSEDPAWNS:0.5207645578985699
CE_PAWNWEAKNESSES:0.5101911941528886
CE_PIECEACTIVITY:0.5594978002495871
CE_KINGPAWNSHIELD:0.4032406157573059
CE_PIECECOORDINATION:0.44538019471221774
CE_MATERIAL:0.5470258733815391
CE_KINGSAFETY:0.5310835112639916
C_PIECESQUARETABLES:0.49250272783185156
C_MOBILITY:0.501478397709345
C_KINGSAFETY:0.5521959921522351
C_PAWNSTRUCTURE:0.5006281247243053
C_PIECECOORDINATION:0.5350567576815112
C_ROOKANDPAWNMOVEMENT:0.5350567576815112
C_CENTERCONTROL:0.3976101602692124
C_DEVELOPPIECES:0.5139180075692859
C_MATERIAL:0.603494620780574
