ELO:947
CE_PASSEDPAWNS:0.4390866923274902
CE_PAWNWEAKNESSES:0.46692355705747246
CE_PIECEACTIVITY:0.46581632277569646
CE_KINGPAWNSHIELD:0.4718002718118769
CE_PIECECOORDINATION:0.489407832223218
CE_MATERIAL:0.48956490703736344
CE_KINGSAFETY:0.5017111707644231
C_PIECESQUARETABLES:0.49684178902382187
C_MOBILITY:0.42887805512556115
C_KINGSAFETY:0.5517513314757633
C_PAWNSTRUCTURE:0.5277101223217339
C_PIECECOORDINATION:0.5641772019711077
C_ROOKANDPAWNMOVEMENT:0.5641772019711077
C_CENTERCONTROL:0.4847176041803478
C_DEVELOPPIECES:0.4490159215234675
C_MATERIAL:0.5860452414473122
