ELO:1000
CE_PASSEDPAWNS:0.47699110343122386
CE_PAWNWEAKNESSES:0.5200005288835265
CE_PIECEACTIVITY:0.5123269468975167
CE_KINGPAWNSHIELD:0.47598268270311694
CE_PIECECOORDINATION:0.5414593364088067
CE_MATERIAL:0.48605729341865767
CE_KINGSAFETY:0.4429032316013449
C_PIECESQUARETABLES:0.5340948769084484
C_MOBILITY:0.4955679907970585
C_KINGSAFETY:0.4994566724982867
C_PAWNSTRUCTURE:0.5023552715576435
C_PIECECOORDINATION:0.5387828869086556
C_ROOKANDPAWNMOVEMENT:0.5387828869086556
C_CENTERCONTROL:0.4589394714289548
C_DEVELOPPIECES:0.5283933734573653
C_MATERIAL:0.49560740002600057
