ELO:972
CE_PASSEDPAWNS:0.5327673474759761
CE_PAWNWEAKNESSES:0.6073900402741667
CE_PIECEACTIVITY:0.4583198885054025
CE_KINGPAWNSHIELD:0.42682147840304285
CE_PIECECOORDINATION:0.5056056593684355
CE_MATERIAL:0.44305366407522073
CE_KINGSAFETY:0.5
C_PIECESQUARETABLES:0.5080325744593309
C_MOBILITY:0.38239989990056017
C_KINGSAFETY:0.540335034733617
C_PAWNSTRUCTURE:0.45528265614237245
C_PIECECOORDINATION:0.5281882567804879
C_ROOKANDPAWNMOVEMENT:0.5281882567804879
C_CENTERCONTROL:0.5324792452241645
C_DEVELOPPIECES:0.49789156690662456
C_MATERIAL:0.4833497002819182
