ELO:1089
CE_PASSEDPAWNS:0.6308130492027729
CE_PAWNWEAKNESSES:0.4913955703625296
CE_PIECEACTIVITY:0.4715435632496053
CE_KINGPAWNSHIELD:0.4888774821619666
CE_PIECECOORDINATION:0.4812045513716031
CE_MATERIAL:0.45398262924940724
CE_KINGSAFETY:0.5
C_PIECESQUARETABLES:0.49003393245648275
C_MOBILITY:0.42105203460517804
C_KINGSAFETY:0.5142759026767995
C_PAWNSTRUCTURE:0.41159374709656454
C_PIECECOORDINATION:0.47863206872267633
C_ROOKANDPAWNMOVEMENT:0.47863206872267633
C_CENTERCONTROL:0.5241516181776379
C_DEVELOPPIECES:0.5774941219967674
C_MATERIAL:0.41005856238753435
