ELO:833
CE_PASSEDPAWNS:0.5094425021652329
CE_PAWNWEAKNESSES:0.5288473064422761
CE_PIECEACTIVITY:0.4346487827802808
CE_KINGPAWNSHIELD:0.5069759084622788
CE_PIECECOORDINATION:0.3949704477543647
CE_MATERIAL:0.5093488215835962
CE_KINGSAFETY:0.49189259442087246
C_PIECESQUARETABLES:0.49708830654024294
C_MOBILITY:0.4384949978634502
C_KINGSAFETY:0.47831061360227095
C_PAWNSTRUCTURE:0.5261909460410563
C_PIECECOORDINATION:0.5313047677599982
C_ROOKANDPAWNMOVEMENT:0.5313047677599982
C_CENTERCONTROL:0.35739054815476623
C_DEVELOPPIECES:0.6124363668599754
C_MATERIAL:0.4945381403253288
