ELO:972
CE_PASSEDPAWNS:0.4660379717505205
CE_PAWNWEAKNESSES:0.5094218773703209
CE_PIECEACTIVITY:0.5010330060482527
CE_KINGPAWNSHIELD:0.4590328592659465
CE_PIECECOORDINATION:0.519549673363947
CE_MATERIAL:0.5129613121439143
CE_KINGSAFETY:0.4954997887873293
C_PIECESQUARETABLES:0.5
C_MOBILITY:0.4473886395376286
C_KINGSAFETY:0.5476490488354234
C_PAWNSTRUCTURE:0.5208308750996841
C_PIECECOORDINATION:0.5421145101613153
C_ROOKANDPAWNMOVEMENT:0.5421145101613153
C_CENTERCONTROL:0.4980023082393821
C_DEVELOPPIECES:0.5053740577127591
C_MATERIAL:0.5969957293893646
