ELO:1052
CE_PASSEDPAWNS:0.5265050284138625
CE_PAWNWEAKNESSES:0.458623202335436
CE_PIECEACTIVITY:0.537894709832281
CE_KINGPAWNSHIELD:0.4933225775055479
CE_PIECECOORDINATION:0.529577749311118
CE_MATERIAL:0.49759282398999344
CE_KINGSAFETY:0.5
C_PIECESQUARETABLES:0.5
C_MOBILITY:0.4886089924435106
C_KINGSAFETY:0.5236040780285054
C_PAWNSTRUCTURE:0.5214128083465364
C_PIECECOORDINATION:0.4383496978922531
C_ROOKANDPAWNMOVEMENT:0.4383496978922531
C_CENTERCONTROL:0.48851250030790877
C_DEVELOPPIECES:0.5209447385403095
C_MATERIAL:0.48714922162095964
C_MOVECOUNT:0.5
