ELO:940
CE_PASSEDPAWNS:0.4863194161545967
CE_PAWNWEAKNESSES:0.5404681550372804
CE_PIECEACTIVITY:0.5237423307457111
CE_KINGPAWNSHIELD:0.47822100873101986
CE_PIECECOORDINATION:0.4888726445291276
CE_MATERIAL:0.45231825963878464
CE_KINGSAFETY:0.4965347149208913
C_PIECESQUARETABLES:0.500078574704024
C_MOBILITY:0.5097725244659345
C_KINGSAFETY:0.553536536975417
C_PAWNSTRUCTURE:0.5005443040641752
C_PIECECOORDINATION:0.5253073753679235
C_ROOKANDPAWNMOVEMENT:0.5253073753679235
C_CENTERCONTROL:0.4600966454096295
C_DEVELOPPIECES:0.4994327946138745
C_MATERIAL:0.5537099786775068
C_MOVECOUNT:0.5116363420601007
