ELO:1000
CE_PASSEDPAWNS:0.47514213949897544
CE_PAWNWEAKNESSES:0.5232442702001013
CE_PIECEACTIVITY:0.5139421471294431
CE_KINGPAWNSHIELD:0.4868347009304306
CE_PIECECOORDINATION:0.535832437134817
CE_MATERIAL:0.49681655986467826
CE_KINGSAFETY:0.4664022018962687
C_PIECESQUARETABLES:0.5665447073944064
C_MOBILITY:0.504793480411098
C_KINGSAFETY:0.48390691106740513
C_PAWNSTRUCTURE:0.5415723780741694
C_PIECECOORDINATION:0.5468466824466186
C_ROOKANDPAWNMOVEMENT:0.5468466824466186
C_CENTERCONTROL:0.4673979983196361
C_DEVELOPPIECES:0.5132757128208502
C_MATERIAL:0.4884282184019277
