ELO:929
CE_PASSEDPAWNS:0.5427090391050491
CE_PAWNWEAKNESSES:0.4844179032914672
CE_PIECEACTIVITY:0.5077222309519595
CE_KINGPAWNSHIELD:0.46969188019906993
CE_PIECECOORDINATION:0.5059811218547269
CE_MATERIAL:0.43379234474100775
CE_KINGSAFETY:0.47467465937237696
C_PIECESQUARETABLES:0.4773331062730939
C_MOBILITY:0.6003152842192774
C_KINGSAFETY:0.5232289634494166
C_PAWNSTRUCTURE:0.47322074064024955
C_PIECECOORDINATION:0.4923106325583618
C_ROOKANDPAWNMOVEMENT:0.4923106325583618
C_CENTERCONTROL:0.5692749468090514
C_DEVELOPPIECES:0.46440413174638234
C_MATERIAL:0.519676774081484
C_MOVECOUNT:0.5
