ELO:924
CE_PASSEDPAWNS:0.4547564673821198
CE_PAWNWEAKNESSES:0.45787286848715875
CE_PIECEACTIVITY:0.4766961071388624
CE_KINGPAWNSHIELD:0.4864429819933637
CE_PIECECOORDINATION:0.4992454305179557
CE_MATERIAL:0.45637274787035825
CE_KINGSAFETY:0.4974673333135065
C_PIECESQUARETABLES:0.5241181389133248
C_MOBILITY:0.4598000823920335
C_KINGSAFETY:0.5644098043822102
C_PAWNSTRUCTURE:0.506030781906562
C_PIECECOORDINATION:0.5655706666140233
C_ROOKANDPAWNMOVEMENT:0.5655706666140233
C_CENTERCONTROL:0.5039999441288798
C_DEVELOPPIECES:0.42206729220709227
C_MATERIAL:0.5175755176869754
