ELO:1089
CE_PASSEDPAWNS:0.6285211506122502
CE_PAWNWEAKNESSES:0.4893565654909634
CE_PIECEACTIVITY:0.46558935592619505
CE_KINGPAWNSHIELD:0.47725639731142566
CE_PIECECOORDINATION:0.4831006325614059
CE_MATERIAL:0.4645745702531628
CE_KINGSAFETY:0.4999481532413189
C_PIECESQUARETABLES:0.495559158020646
C_MOBILITY:0.42267269094627175
C_KINGSAFETY:0.5133733180923944
C_PAWNSTRUCTURE:0.41439527693461164
C_PIECECOORDINATION:0.4832233296725229
C_ROOKANDPAWNMOVEMENT:0.4832233296725229
C_CENTERCONTROL:0.5479815032577983
C_DEVELOPPIECES:0.6031893932189487
C_MATERIAL:0.4204678875083391
