ELO:965
CE_PASSEDPAWNS:0.46960125367202327
CE_PAWNWEAKNESSES:0.5124353184968535
CE_PIECEACTIVITY:0.5101230330762002
CE_KINGPAWNSHIELD:0.4593581057523471
CE_PIECECOORDINATION:0.5396886813871141
CE_MATERIAL:0.49831551915405076
CE_KINGSAFETY:0.5005836251946234
C_PIECESQUARETABLES:0.5096131706851158
C_MOBILITY:0.45155493468334545
C_KINGSAFETY:0.5528248967318103
C_PAWNSTRUCTURE:0.548242431409046
C_PIECECOORDINATION:0.5364840758787929
C_ROOKANDPAWNMOVEMENT:0.5364840758787929
C_CENTERCONTROL:0.5244924537308294
C_DEVELOPPIECES:0.4759890847523858
C_MATERIAL:0.5917802135675139
