ELO:925
CE_PASSEDPAWNS:0.5395722035779842
CE_PAWNWEAKNESSES:0.6205130492948654
CE_PIECEACTIVITY:0.4535634877128812
CE_KINGPAWNSHIELD:0.3892684347290232
CE_PIECECOORDINATION:0.4784740008666276
CE_MATERIAL:0.47611261972754376
CE_KINGSAFETY:0.5
C_PIECESQUARETABLES:0.5004585504371007
C_MOBILITY:0.43829639608273974
C_KINGSAFETY:0.504615197400918
C_PAWNSTRUCTURE:0.41533092360786045
C_PIECECOORDINATION:0.5098499999258861
C_ROOKANDPAWNMOVEMENT:0.5098499999258861
C_CENTERCONTROL:0.5586508455006403
C_DEVELOPPIECES:0.4970400142625354
C_MATERIAL:0.5246242833655235
