ELO:1036
CE_PASSEDPAWNS:0.4968337451598581
CE_PAWNWEAKNESSES:0.5027490589406856
CE_PIECEACTIVITY:0.4898918661035154
CE_KINGPAWNSHIELD:0.5
CE_PIECECOORDINATION:0.5155986351576415
CE_MATERIAL:0.48282644193788904
CE_KINGSAFETY:0.5
C_PIECESQUARETABLES:0.5
C_MOBILITY:0.5009026001701242
C_KINGSAFETY:0.487536961408672
C_PAWNSTRUCTURE:0.4944988609796438
C_PIECECOORDINATION:0.5121076075461656
C_ROOK:0.4820435025592838
CE_ROOK:0.5047165849143139
C_CENTERCONTROL:0.4907813124566971
C_DEVELOPPIECES:0.4791488199427637
C_MATERIAL:0.49669873393668007
C_MOVECOUNT:0.4752383491580709
C_PAWNMOVEMENT:0.48783916821370704
