ELO:1058
CE_PASSEDPAWNS:0.5
CE_PAWNWEAKNESSES:0.47080899038537255
CE_PIECEACTIVITY:0.5037273947068021
CE_KINGPAWNSHIELD:0.5100944285194166
CE_PIECECOORDINATION:0.5
CE_MATERIAL:0.5422566771059806
CE_KINGSAFETY:0.5215223566616376
C_PIECESQUARETABLES:0.5
C_MOBILITY:0.49375600138893516
C_KINGSAFETY:0.5069747514965638
C_PAWNSTRUCTURE:0.5119830234756555
C_PIECECOORDINATION:0.5115480512040098
C_ROOKANDPAWNMOVEMENT:0.5115480512040098
C_CENTERCONTROL:0.49219378961367505
C_DEVELOPPIECES:0.5
C_MATERIAL:0.47829000427847285
C_MOVECOUNT:0.5
