ELO:988
CE_PASSEDPAWNS:0.5156839845540195
CE_PAWNWEAKNESSES:0.5334286576621208
CE_PIECEACTIVITY:0.5115517959390631
CE_KINGPAWNSHIELD:0.4102557184536755
CE_PIECECOORDINATION:0.44538019471221774
CE_MATERIAL:0.5150658871186516
CE_KINGSAFETY:0.5069008320963867
C_PIECESQUARETABLES:0.5026732762557808
C_MOBILITY:0.50941047247467
C_KINGSAFETY:0.5099235155515249
C_PAWNSTRUCTURE:0.5006281247243053
C_PIECECOORDINATION:0.5334445194094011
C_ROOKANDPAWNMOVEMENT:0.5334445194094011
C_CENTERCONTROL:0.3872993570559401
C_DEVELOPPIECES:0.4961387167207058
C_MATERIAL:0.603494620780574
