ELO:1044
CE_PASSEDPAWNS:0.5067606955311375
CE_PAWNWEAKNESSES:0.5089262315892731
CE_PIECEACTIVITY:0.493006536431506
CE_KINGPAWNSHIELD:0.49125752202934697
CE_PIECECOORDINATION:0.5
CE_MATERIAL:0.5000466357657618
CE_KINGSAFETY:0.5
C_PIECESQUARETABLES:0.5
C_MOBILITY:0.5021941160797283
C_KINGSAFETY:0.4861956130458952
C_PAWNSTRUCTURE:0.514647517378171
C_PIECECOORDINATION:0.5102384125149871
C_ROOK:0.48841822102176025
CE_ROOK:0.48573123569766186
C_CENTERCONTROL:0.4987911974060962
C_DEVELOPPIECES:0.5008416445546856
C_MATERIAL:0.4856094113441688
C_MOVECOUNT:0.5
C_PAWNMOVEMENT:0.5180565328160587
