ELO:950
CE_PASSEDPAWNS:0.4698860991476539
CE_PAWNWEAKNESSES:0.48589985249235706
CE_PIECEACTIVITY:0.4767372317441382
CE_KINGPAWNSHIELD:0.4718002718118769
CE_PIECECOORDINATION:0.4955330428615343
CE_MATERIAL:0.4900262730920803
CE_KINGSAFETY:0.5244906193542234
C_PIECESQUARETABLES:0.5225334038544132
C_MOBILITY:0.42683068182901013
C_KINGSAFETY:0.5469854452371878
C_PAWNSTRUCTURE:0.5390428697123558
C_PIECECOORDINATION:0.5692638580891246
C_ROOKANDPAWNMOVEMENT:0.5692638580891246
C_CENTERCONTROL:0.47619852476533064
C_DEVELOPPIECES:0.47085134316318544
C_MATERIAL:0.5748517835172643
