ELO:1012
CE_PASSEDPAWNS:0.5211356675062251
CE_PAWNWEAKNESSES:0.49519779712999273
CE_PIECEACTIVITY:0.4799488361370788
CE_KINGPAWNSHIELD:0.49120581731470847
CE_PIECECOORDINATION:0.5019768619261716
CE_MATERIAL:0.5335875216057041
CE_KINGSAFETY:0.5
C_PIECESQUARETABLES:0.5
C_MOBILITY:0.487709618304776
C_KINGSAFETY:0.477706704182355
C_PAWNSTRUCTURE:0.5217660696434157
C_PIECECOORDINATION:0.502393833119759
C_ROOK:0.47826598664885456
CE_ROOK:0.4863324650030785
C_CENTERCONTROL:0.5107528248670821
C_DEVELOPPIECES:0.4758786389195161
C_MATERIAL:0.5018842758740663
C_MOVECOUNT:0.50605703832178
C_PAWNMOVEMENT:0.5420365671892254
