ELO:1000
CE_PASSEDPAWNS:0.4652910351386098
CE_PAWNWEAKNESSES:0.5284002497855254
CE_PIECEACTIVITY:0.43623568889573533
CE_KINGPAWNSHIELD:0.4888753638791949
CE_PIECECOORDINATION:0.4806988108838133
CE_MATERIAL:0.5631570571028018
CE_KINGSAFETY:0.504793118906389
C_PIECESQUARETABLES:0.4912136937085031
C_MOBILITY:0.4739270212838857
C_KINGSAFETY:0.4885552524607954
C_PAWNSTRUCTURE:0.5282773762154623
C_PIECECOORDINATION:0.4518721235831013
C_ROOKANDPAWNMOVEMENT:0.4518721235831013
C_CENTERCONTROL:0.5268464825406234
C_DEVELOPPIECES:0.5074433277142458
C_MATERIAL:0.47394844797746183
