ELO:974
CE_PASSEDPAWNS:0.45421337328827865
CE_PAWNWEAKNESSES:0.5176970954686794
CE_PIECEACTIVITY:0.5005839107487983
CE_KINGPAWNSHIELD:0.4590328592659465
CE_PIECECOORDINATION:0.5189448941381154
CE_MATERIAL:0.5293632328235265
CE_KINGSAFETY:0.49125790177040946
C_PIECESQUARETABLES:0.5160809426376554
C_MOBILITY:0.4473886395376286
C_KINGSAFETY:0.5429620137554
C_PAWNSTRUCTURE:0.5177873523532761
C_PIECECOORDINATION:0.5480276867793348
C_ROOKANDPAWNMOVEMENT:0.5480276867793348
C_CENTERCONTROL:0.4967807482187503
C_DEVELOPPIECES:0.5163395241103192
C_MATERIAL:0.5923455294955416
