ELO:977
CE_PASSEDPAWNS:0.4477870352243474
CE_PAWNWEAKNESSES:0.5360365858428014
CE_PIECEACTIVITY:0.49414424238196547
CE_KINGPAWNSHIELD:0.49715260340539247
CE_PIECECOORDINATION:0.5517366253671722
CE_MATERIAL:0.5286718638819178
CE_KINGSAFETY:0.531723796747736
C_PIECESQUARETABLES:0.4968239573746299
C_MOBILITY:0.4522891494909495
C_KINGSAFETY:0.5420379627764295
C_PAWNSTRUCTURE:0.5314435966155331
C_PIECECOORDINATION:0.5587059601590767
C_ROOKANDPAWNMOVEMENT:0.5587059601590767
C_CENTERCONTROL:0.4672180826554869
C_DEVELOPPIECES:0.517511567780294
C_MATERIAL:0.5926594767834305
