ELO:1000
CE_PASSEDPAWNS:0.4744846962770113
CE_PAWNWEAKNESSES:0.5115108451088283
CE_PIECEACTIVITY:0.49560545108125864
CE_KINGPAWNSHIELD:0.4949377420260573
CE_PIECECOORDINATION:0.5113660424088678
CE_MATERIAL:0.5238364266918671
CE_KINGSAFETY:0.4753156396716198
C_PIECESQUARETABLES:0.5053024186877005
C_MOBILITY:0.46489682152769096
C_KINGSAFETY:0.5215543905329215
C_PAWNSTRUCTURE:0.48679876247924303
C_PIECECOORDINATION:0.48475927678299113
C_ROOKANDPAWNMOVEMENT:0.48475927678299113
C_CENTERCONTROL:0.5096087430069262
C_DEVELOPPIECES:0.5143006644529861
C_MATERIAL:0.47483090821666296
