ELO:988
CE_PASSEDPAWNS:0.5041649962529613
CE_PAWNWEAKNESSES:0.5120495196611617
CE_PIECEACTIVITY:0.5
CE_KINGPAWNSHIELD:0.5
CE_PIECECOORDINATION:0.518968287678956
CE_MATERIAL:0.4973983201671193
CE_KINGSAFETY:0.5108560298090287
C_PIECESQUARETABLES:0.5
C_MOBILITY:0.4785600807869854
C_KINGSAFETY:0.5129658025188871
C_PAWNSTRUCTURE:0.4973741477561599
C_PIECECOORDINATION:0.4901765006575069
C_ROOKANDPAWNMOVEMENT:0.4901765006575069
C_CENTERCONTROL:0.49018172373897684
C_DEVELOPPIECES:0.47601526694580565
C_MATERIAL:0.5
C_MOVECOUNT:0.5
