ELO:1011
CE_PASSEDPAWNS:0.49140329638585667
CE_PAWNWEAKNESSES:0.49309828393309496
CE_PIECEACTIVITY:0.5
CE_KINGPAWNSHIELD:0.49542754113614984
CE_PIECECOORDINATION:0.49369475720448747
CE_MATERIAL:0.5085635970804784
CE_KINGSAFETY:0.5
C_PIECESQUARETABLES:0.5
C_MOBILITY:0.5178704153041329
C_KINGSAFETY:0.5
C_PAWNSTRUCTURE:0.483065421383757
C_PIECECOORDINATION:0.5
C_ROOK:0.49343155302420577
CE_ROOK:0.5184400309074156
C_CENTERCONTROL:0.5104252100371303
C_DEVELOPPIECES:0.5092740934435015
C_MATERIAL:0.5145972907429837
C_MOVECOUNT:0.5035123160484509
C_PAWNMOVEMENT:0.5033695393158626
