ELO:909
CE_PASSEDPAWNS:0.46994791338018294
CE_PAWNWEAKNESSES:0.44124783905038273
CE_PIECEACTIVITY:0.4782179022562962
CE_KINGPAWNSHIELD:0.5172473669212101
CE_PIECECOORDINATION:0.518644486792628
CE_MATERIAL:0.43265484644802815
CE_KINGSAFETY:0.4910309949061912
C_PIECESQUARETABLES:0.5081483387265615
C_MOBILITY:0.4585504116534715
C_KINGSAFETY:0.5577767746822127
C_PAWNSTRUCTURE:0.4673267749591809
C_PIECECOORDINATION:0.5329035309931033
C_ROOKANDPAWNMOVEMENT:0.5329035309931033
C_CENTERCONTROL:0.47501093537299327
C_DEVELOPPIECES:0.4160004887840163
C_MATERIAL:0.5198615703211086
