ELO:954
CE_PASSEDPAWNS:0.5104446768667571
CE_PAWNWEAKNESSES:0.44852801764021716
CE_PIECEACTIVITY:0.5324865391858385
CE_KINGPAWNSHIELD:0.5248969442999537
CE_PIECECOORDINATION:0.5636056708566783
CE_MATERIAL:0.5055460193386794
CE_KINGSAFETY:0.5
C_PIECESQUARETABLES:0.5
C_MOBILITY:0.40453635553011624
C_KINGSAFETY:0.5700665701284321
C_PAWNSTRUCTURE:0.48570401539612146
C_PIECECOORDINATION:0.5138555281193984
C_ROOKANDPAWNMOVEMENT:0.5138555281193984
C_CENTERCONTROL:0.46916395731635635
C_DEVELOPPIECES:0.4693761254151244
C_MATERIAL:0.4894552241907365
C_MOVECOUNT:0.5
