ELO:922
CE_PASSEDPAWNS:0.46699571286495817
CE_PAWNWEAKNESSES:0.44468747938468073
CE_PIECEACTIVITY:0.4945888552975763
CE_KINGPAWNSHIELD:0.4929697685895265
CE_PIECECOORDINATION:0.49318096774034875
CE_MATERIAL:0.4523612963581534
CE_KINGSAFETY:0.49177148421749195
C_PIECESQUARETABLES:0.5361545662274856
C_MOBILITY:0.4420417501892253
C_KINGSAFETY:0.5570801476851859
C_PAWNSTRUCTURE:0.4848453725102178
C_PIECECOORDINATION:0.5542030805162483
C_ROOKANDPAWNMOVEMENT:0.5542030805162483
C_CENTERCONTROL:0.5021121690804804
C_DEVELOPPIECES:0.41334057326976525
C_MATERIAL:0.5227942415984578
