ELO:1000
CE_PASSEDPAWNS:0.49286424080672797
CE_PAWNWEAKNESSES:0.4882991293926557
CE_PIECEACTIVITY:0.5034167596803469
CE_KINGPAWNSHIELD:0.5003012002484866
CE_PIECECOORDINATION:0.5003493165677237
CE_MATERIAL:0.5001907178604902
CE_KINGSAFETY:0.48361219310551024
C_PIECESQUARETABLES:0.5124323030331779
C_MOBILITY:0.505829753543227
C_KINGSAFETY:0.49230792037786597
C_PAWNSTRUCTURE:0.4995915778990527
C_PIECECOORDINATION:0.5089491567177785
C_ROOKANDPAWNMOVEMENT:0.5089491567177785
C_CENTERCONTROL:0.4929384419339648
C_DEVELOPPIECES:0.5075574673455582
C_MATERIAL:0.49855773189645664
