ELO:1019
CE_PASSEDPAWNS:0.4844974338866937
CE_PAWNWEAKNESSES:0.5040803772081812
CE_PIECEACTIVITY:0.507290441682004
CE_KINGPAWNSHIELD:0.5115384850874811
CE_PIECECOORDINATION:0.4852063996030974
CE_MATERIAL:0.5035439863136525
CE_KINGSAFETY:0.4908299650191282
C_PIECESQUARETABLES:0.5
C_MOBILITY:0.49293119841657435
C_KINGSAFETY:0.5433542724093239
C_PAWNSTRUCTURE:0.512584648412638
C_PIECECOORDINATION:0.49279988688705834
C_ROOKANDPAWNMOVEMENT:0.49279988688705834
C_CENTERCONTROL:0.5
C_DEVELOPPIECES:0.5128347304088375
C_MATERIAL:0.5
C_MOVECOUNT:0.5
