ELO:1028
CE_PASSEDPAWNS:0.4804240922566308
CE_PAWNWEAKNESSES:0.48833438717928296
CE_PIECEACTIVITY:0.5021535510357856
CE_KINGPAWNSHIELD:0.4689954011660321
CE_PIECECOORDINATION:0.4899103651352972
CE_MATERIAL:0.5428991659799375
CE_KINGSAFETY:0.5
C_PIECESQUARETABLES:0.5
C_MOBILITY:0.48879126119455757
C_KINGSAFETY:0.4705933037692467
C_PAWNSTRUCTURE:0.5
C_PIECECOORDINATION:0.5
C_ROOK:0.5040680513327354
CE_ROOK:0.48573123569766186
C_CENTERCONTROL:0.5107528248670821
C_DEVELOPPIECES:0.5076416731541868
C_MATERIAL:0.5367029516076394
C_MOVECOUNT:0.4893946631901586
C_PAWNMOVEMENT:0.4890726682780991
