ELO:965
CE_PASSEDPAWNS:0.5
CE_PAWNWEAKNESSES:0.5219260574503815
CE_PIECEACTIVITY:0.46688794001383865
CE_KINGPAWNSHIELD:0.4892623464900088
CE_PIECECOORDINATION:0.5020089469724677
CE_MATERIAL:0.5001859394481251
CE_KINGSAFETY:0.48864526666034186
C_PIECESQUARETABLES:0.5
C_MOBILITY:0.4862458790477724
C_KINGSAFETY:0.4776962054028323
C_PAWNSTRUCTURE:0.4931181426344295
C_PIECECOORDINATION:0.5297690449452503
C_ROOKANDPAWNMOVEMENT:0.5297690449452503
C_CENTERCONTROL:0.4783107404766098
C_DEVELOPPIECES:0.45071690637042516
C_MATERIAL:0.5073889173050327
C_MOVECOUNT:0.5
