ELO:999
CE_PASSEDPAWNS:0.4086858995435001
CE_PAWNWEAKNESSES:0.43662067284621664
CE_PIECEACTIVITY:0.5
CE_KINGPAWNSHIELD:0.5
CE_PIECECOORDINATION:0.4960456922388083
CE_MATERIAL:0.5315932397812694
CE_KINGSAFETY:0.5
C_PIECESQUARETABLES:0.5
C_MOBILITY:0.4850244591829032
C_KINGSAFETY:0.5515368395602082
C_PAWNSTRUCTURE:0.4922968390551592
C_PIECECOORDINATION:0.4869405894438509
C_ROOKANDPAWNMOVEMENT:0.4869405894438509
C_CENTERCONTROL:0.58425236469144
C_DEVELOPPIECES:0.47148677294032243
C_MATERIAL:0.48992419487483296
C_MOVECOUNT:0.5
