ELO:908
CE_PASSEDPAWNS:0.5380681281460906
CE_PAWNWEAKNESSES:0.5046556799002333
CE_PIECEACTIVITY:0.5197988922926449
CE_KINGPAWNSHIELD:0.4684347359247293
CE_PIECECOORDINATION:0.5084367020746929
CE_MATERIAL:0.4555734406108281
CE_KINGSAFETY:0.5004155735561597
C_PIECESQUARETABLES:0.48242009056978535
C_MOBILITY:0.593181463844776
C_KINGSAFETY:0.5255236022271109
C_PAWNSTRUCTURE:0.4932249828437182
C_PIECECOORDINATION:0.5056510650329096
C_ROOKANDPAWNMOVEMENT:0.5056510650329096
C_CENTERCONTROL:0.5588915177047897
C_DEVELOPPIECES:0.47857342406348274
C_MATERIAL:0.5210555007215373
C_MOVECOUNT:0.5
