ELO:968
CE_PASSEDPAWNS:0.5
CE_PAWNWEAKNESSES:0.497752310665656
CE_PIECEACTIVITY:0.49574693594000435
CE_KINGPAWNSHIELD:0.5
CE_PIECECOORDINATION:0.5006036493281095
CE_MATERIAL:0.5
CE_KINGSAFETY:0.48796315378867117
C_PIECESQUARETABLES:0.5034448629135769
C_MOBILITY:0.5259380657651409
C_KINGSAFETY:0.517753319525956
C_PAWNSTRUCTURE:0.5212261035484969
C_PIECECOORDINATION:0.535839145934778
C_ROOKANDPAWNMOVEMENT:0.535839145934778
C_CENTERCONTROL:0.4978800086385373
C_DEVELOPPIECES:0.5136289498841334
C_MATERIAL:0.5
C_MOVECOUNT:0.516773328255723
