ELO:816
CE_PASSEDPAWNS:0.500964974281243
CE_PAWNWEAKNESSES:0.5201179787937809
CE_PIECEACTIVITY:0.4427354737872446
CE_KINGPAWNSHIELD:0.5034011946886388
CE_PIECECOORDINATION:0.3949704477543647
CE_MATERIAL:0.5078832059082471
CE_KINGSAFETY:0.4840426912062058
C_PIECESQUARETABLES:0.4945305087370709
C_MOBILITY:0.43610903553954644
C_KINGSAFETY:0.4838423605275921
C_PAWNSTRUCTURE:0.5210992823433422
C_PIECECOORDINATION:0.5379933650280191
C_ROOKANDPAWNMOVEMENT:0.5379933650280191
C_CENTERCONTROL:0.36085046912857177
C_DEVELOPPIECES:0.6066290418240609
C_MATERIAL:0.5096822937385975
