ELO:1000
CE_PASSEDPAWNS:0.47024556082682933
CE_PAWNWEAKNESSES:0.529953686591249
CE_PIECEACTIVITY:0.42975113797574616
CE_KINGPAWNSHIELD:0.48620085515249195
CE_PIECECOORDINATION:0.5177420796014199
CE_MATERIAL:0.5659352501251942
CE_KINGSAFETY:0.5250801806433895
C_PIECESQUARETABLES:0.484168995489062
C_MOBILITY:0.48062372670330405
C_KINGSAFETY:0.5045497051079002
C_PAWNSTRUCTURE:0.5123739292444083
C_PIECECOORDINATION:0.4348276683568899
C_ROOKANDPAWNMOVEMENT:0.4348276683568899
C_CENTERCONTROL:0.5286971013325118
C_DEVELOPPIECES:0.5330607576782828
C_MATERIAL:0.4659753800567756
