ELO:1000
CE_PASSEDPAWNS:0.47724124444961935
CE_PAWNWEAKNESSES:0.5178570999575907
CE_PIECEACTIVITY:0.5175377443056034
CE_KINGPAWNSHIELD:0.47598268270311694
CE_PIECECOORDINATION:0.5414593364088067
CE_MATERIAL:0.5129477141717679
CE_KINGSAFETY:0.4511869046347365
C_PIECESQUARETABLES:0.528883724877368
C_MOBILITY:0.486265776237589
C_KINGSAFETY:0.49916134062857154
C_PAWNSTRUCTURE:0.5047396147348032
C_PIECECOORDINATION:0.5291547374045894
C_ROOKANDPAWNMOVEMENT:0.5291547374045894
C_CENTERCONTROL:0.45491991358078165
C_DEVELOPPIECES:0.5319634023145621
C_MATERIAL:0.5107589366842678
