ELO:993
CE_PASSEDPAWNS:0.5027304548372817
CE_PAWNWEAKNESSES:0.4971584298186118
CE_PIECEACTIVITY:0.502973695890711
CE_KINGPAWNSHIELD:0.4944720205994178
CE_PIECECOORDINATION:0.4885511916256654
CE_MATERIAL:0.4876672950468501
CE_KINGSAFETY:0.505325468612978
C_PIECESQUARETABLES:0.4832022850098812
C_MOBILITY:0.49784664663938627
C_KINGSAFETY:0.5
C_PAWNSTRUCTURE:0.5037758632579766
C_PIECECOORDINATION:0.5011742689049551
C_ROOK:0.5096792877921221
CE_ROOK:0.48927493089508717
C_CENTERCONTROL:0.49523956246515
C_DEVELOPPIECES:0.5
C_MATERIAL:0.5133453407513865
C_MOVECOUNT:0.5104199443062952
C_PAWNMOVEMENT:0.5033695393158626
