ELO:1006
CE_PASSEDPAWNS:0.5
CE_PAWNWEAKNESSES:0.5
CE_PIECEACTIVITY:0.5
CE_KINGPAWNSHIELD:0.5011149896474405
CE_PIECECOORDINATION:0.5
CE_MATERIAL:0.5
CE_KINGSAFETY:0.5
C_PIECESQUARETABLES:0.48804754259438965
C_MOBILITY:0.5105532179704074
C_KINGSAFETY:0.5093647335311374
C_PAWNSTRUCTURE:0.5
C_PIECECOORDINATION:0.5006240397388532
C_ROOKANDPAWNMOVEMENT:0.5006240397388532
C_CENTERCONTROL:0.49493522716876753
C_DEVELOPPIECES:0.5
C_MATERIAL:0.49608880556262225
