ELO:1011
CE_PASSEDPAWNS:0.4979797585875339
CE_PAWNWEAKNESSES:0.41533022253605895
CE_PIECEACTIVITY:0.4732412639064044
CE_KINGPAWNSHIELD:0.52592304186511
CE_PIECECOORDINATION:0.5071775712242115
CE_MATERIAL:0.41115227355597683
CE_KINGSAFETY:0.5
C_PIECESQUARETABLES:0.5
C_MOBILITY:0.4071152366177097
C_KINGSAFETY:0.5526740091736844
C_PAWNSTRUCTURE:0.5147852278909847
C_PIECECOORDINATION:0.48422896979280705
C_ROOKANDPAWNMOVEMENT:0.48422896979280705
C_CENTERCONTROL:0.4794698204199635
C_DEVELOPPIECES:0.4775660709381547
C_MATERIAL:0.4439192751479143
C_MOVECOUNT:0.5
