ELO:1000
CE_PASSEDPAWNS:0.5000334813018862
CE_PAWNWEAKNESSES:0.47459153282905914
CE_PIECEACTIVITY:0.5079870298646666
CE_KINGPAWNSHIELD:0.5069528094497583
CE_PIECECOORDINATION:0.5264475325271816
CE_MATERIAL:0.5282923578938218
CE_KINGSAFETY:0.4863271959348108
C_PIECESQUARETABLES:0.516891379697061
C_MOBILITY:0.518005565247253
C_KINGSAFETY:0.4971212169112826
C_PAWNSTRUCTURE:0.4865092936542989
C_PIECECOORDINATION:0.5168670200810669
C_ROOKANDPAWNMOVEMENT:0.5168670200810669
C_CENTERCONTROL:0.4764956868849704
C_DEVELOPPIECES:0.5063887135945491
C_MATERIAL:0.5139985313795046
