ELO:982
CE_PASSEDPAWNS:0.501167456405679
CE_PAWNWEAKNESSES:0.5118926680012345
CE_PIECEACTIVITY:0.5009427610884389
CE_KINGPAWNSHIELD:0.49129467895706536
CE_PIECECOORDINATION:0.5042331008991394
CE_MATERIAL:0.5107559426942694
CE_KINGSAFETY:0.5003101429626006
C_PIECESQUARETABLES:0.49641189468677827
C_MOBILITY:0.5057427245552295
C_KINGSAFETY:0.48115074399731345
C_PAWNSTRUCTURE:0.5122355979539501
C_PIECECOORDINATION:0.49701580344989427
C_ROOKANDPAWNMOVEMENT:0.49701580344989427
C_CENTERCONTROL:0.49471047916356503
C_DEVELOPPIECES:0.4986202428568497
C_MATERIAL:0.4807739550506406
