ELO:1000
CE_PASSEDPAWNS:0.4554815557139974
CE_PAWNWEAKNESSES:0.47081951323996923
CE_PIECEACTIVITY:0.547185618486634
CE_KINGPAWNSHIELD:0.5050330088887721
CE_PIECECOORDINATION:0.4893163921366649
CE_MATERIAL:0.5035885026465926
CE_KINGSAFETY:0.4784180470941009
C_PIECESQUARETABLES:0.5347068441871429
C_MOBILITY:0.509337112591206
C_KINGSAFETY:0.5396221698211439
C_PAWNSTRUCTURE:0.44832724915670236
C_PIECECOORDINATION:0.44585456767462756
C_ROOKANDPAWNMOVEMENT:0.44585456767462756
C_CENTERCONTROL:0.5116771986763017
C_DEVELOPPIECES:0.4829721500684663
C_MATERIAL:0.4777562704218014
