ELO:872
CE_PASSEDPAWNS:0.5283753883388824
CE_PAWNWEAKNESSES:0.5159952078099757
CE_PIECEACTIVITY:0.4478391152808451
CE_KINGPAWNSHIELD:0.46637332314272445
CE_PIECECOORDINATION:0.4851216456370508
CE_MATERIAL:0.5276304819989227
CE_KINGSAFETY:0.49200143833151244
C_PIECESQUARETABLES:0.517399903049792
C_MOBILITY:0.49839543085980614
C_KINGSAFETY:0.517448093203381
C_PAWNSTRUCTURE:0.4902214076522081
C_PIECECOORDINATION:0.4725503984852844
C_ROOK:0.4630035698258941
CE_ROOK:0.5823166954718225
C_CENTERCONTROL:0.48407929852127285
C_DEVELOPPIECES:0.42825817739321415
C_MATERIAL:0.48904108048559636
C_MOVECOUNT:0.48221919675420793
C_PAWNMOVEMENT:0.49660734290135516
