ELO:872
CE_PASSEDPAWNS:0.5283753883388824
CE_PAWNWEAKNESSES:0.5159952078099757
CE_PIECEACTIVITY:0.4478391152808451
CE_KINGPAWNSHIELD:0.46637332314272445
CE_PIECECOORDINATION:0.4957127941342293
CE_MATERIAL:0.5276304819989227
CE_KINGSAFETY:0.5
C_PIECESQUARETABLES:0.5
C_MOBILITY:0.5034498280873998
C_KINGSAFETY:0.5355453509198204
C_PAWNSTRUCTURE:0.48690271163884663
C_PIECECOORDINATION:0.4744581074282976
C_ROOK:0.45359484877740064
CE_ROOK:0.5761838922923457
C_CENTERCONTROL:0.48407929852127285
C_DEVELOPPIECES:0.42825817739321415
C_MATERIAL:0.48904108048559636
C_MOVECOUNT:0.4930645063844554
C_PAWNMOVEMENT:0.48635514872617835
