ELO:954
CE_PASSEDPAWNS:0.5192194688692269
CE_PAWNWEAKNESSES:0.5241984180085345
CE_PIECEACTIVITY:0.4566201947711336
CE_KINGPAWNSHIELD:0.5337541087802465
CE_PIECECOORDINATION:0.49241002674497436
CE_MATERIAL:0.5134616814842666
CE_KINGSAFETY:0.5
C_PIECESQUARETABLES:0.5
C_MOBILITY:0.5116876359884804
C_KINGSAFETY:0.46466633104229116
C_PAWNSTRUCTURE:0.47732876378052197
C_PIECECOORDINATION:0.4750188586404628
C_ROOK:0.499834598842765
CE_ROOK:0.5173489298524397
C_CENTERCONTROL:0.4905808533575297
C_DEVELOPPIECES:0.4985747635387345
C_MATERIAL:0.488230158310615
C_MOVECOUNT:0.5116250298737052
C_PAWNMOVEMENT:0.4979575133633293
