ELO:1058
CE_PASSEDPAWNS:0.40284453885677524
CE_PAWNWEAKNESSES:0.43355434220033207
CE_PIECEACTIVITY:0.4342753515086702
CE_KINGPAWNSHIELD:0.46457514495981544
CE_PIECECOORDINATION:0.5642997128652153
CE_MATERIAL:0.45154016501307226
CE_KINGSAFETY:0.5
C_PIECESQUARETABLES:0.45156822729744894
C_MOBILITY:0.4955327905910525
C_KINGSAFETY:0.5659421903489018
C_PAWNSTRUCTURE:0.46265602469765155
C_PIECECOORDINATION:0.5369426754907727
C_ROOKANDPAWNMOVEMENT:0.5369426754907727
C_CENTERCONTROL:0.5367343276119302
C_DEVELOPPIECES:0.5664895485205443
C_MATERIAL:0.5555915312898784
