ELO:993
CE_PASSEDPAWNS:0.5457345729423272
CE_PAWNWEAKNESSES:0.5013255752533312
CE_PIECEACTIVITY:0.5115517959390631
CE_KINGPAWNSHIELD:0.5599465954910741
CE_PIECECOORDINATION:0.46610882737896553
CE_MATERIAL:0.5030403841932721
CE_KINGSAFETY:0.5
C_PIECESQUARETABLES:0.5
C_MOBILITY:0.5874761562885812
C_KINGSAFETY:0.5555396845641076
C_PAWNSTRUCTURE:0.3974960377332616
C_PIECECOORDINATION:0.5227632908628433
C_ROOKANDPAWNMOVEMENT:0.5227632908628433
C_CENTERCONTROL:0.3628208528192532
C_DEVELOPPIECES:0.5933423053266473
C_MATERIAL:0.5831766035462573
