ELO:949
CE_PASSEDPAWNS:0.5024758909451963
CE_PAWNWEAKNESSES:0.590261458922248
CE_PIECEACTIVITY:0.5317934677093066
CE_KINGPAWNSHIELD:0.3543996453905258
CE_PIECECOORDINATION:0.5153000011294302
CE_MATERIAL:0.41237886705497595
CE_KINGSAFETY:0.5
C_PIECESQUARETABLES:0.5
C_MOBILITY:0.5007699148585505
C_KINGSAFETY:0.4251032228605021
C_PAWNSTRUCTURE:0.539013579041045
C_PIECECOORDINATION:0.556379022154654
C_ROOKANDPAWNMOVEMENT:0.556379022154654
C_CENTERCONTROL:0.5214707009552172
C_DEVELOPPIECES:0.5528173797779841
C_MATERIAL:0.6208478746626689
