ELO:989
CE_PASSEDPAWNS:0.49419574123581633
CE_PAWNWEAKNESSES:0.40528030205463933
CE_PIECEACTIVITY:0.5975814565428466
CE_KINGPAWNSHIELD:0.555259098717454
CE_PIECECOORDINATION:0.5307633937025792
CE_MATERIAL:0.41655452857298075
CE_KINGSAFETY:0.5271263710999048
C_PIECESQUARETABLES:0.49423280134456843
C_MOBILITY:0.5074497046734484
C_KINGSAFETY:0.5202866898197915
C_PAWNSTRUCTURE:0.4089704330370557
C_PIECECOORDINATION:0.5562674503149065
C_ROOKANDPAWNMOVEMENT:0.5562674503149065
C_CENTERCONTROL:0.3901008072300934
C_DEVELOPPIECES:0.5528173797779841
C_MATERIAL:0.6480765086317845
