ELO:956
CE_PASSEDPAWNS:0.38659437574924355
CE_PAWNWEAKNESSES:0.4664045004310708
CE_PIECEACTIVITY:0.5643668115633911
CE_KINGPAWNSHIELD:0.5185134835714
CE_PIECECOORDINATION:0.41037327823944436
CE_MATERIAL:0.5699418530803207
CE_KINGSAFETY:0.5144427563457288
C_PIECESQUARETABLES:0.5138694173868354
C_MOBILITY:0.43617946501891863
C_KINGSAFETY:0.43863150393551825
C_PAWNSTRUCTURE:0.5433314991020176
C_PIECECOORDINATION:0.42678408993939054
C_ROOKANDPAWNMOVEMENT:0.42678408993939054
C_CENTERCONTROL:0.4466260815250856
C_DEVELOPPIECES:0.554812538437416
C_MATERIAL:0.5975040214744501
