ELO:1048
CE_PASSEDPAWNS:0.4382366343002822
CE_PAWNWEAKNESSES:0.4985534165637085
CE_PIECEACTIVITY:0.46822584596764116
CE_KINGPAWNSHIELD:0.4385485775007467
CE_PIECECOORDINATION:0.4687120784050399
CE_MATERIAL:0.48275001575866033
CE_KINGSAFETY:0.5
C_PIECESQUARETABLES:0.4874174110043808
C_MOBILITY:0.5397636901310329
C_KINGSAFETY:0.37980997626220936
C_PAWNSTRUCTURE:0.5511810051279755
C_PIECECOORDINATION:0.5973731321677624
C_ROOKANDPAWNMOVEMENT:0.5973731321677624
C_CENTERCONTROL:0.49247563833637226
C_DEVELOPPIECES:0.47008433718429665
C_MATERIAL:0.6466627684671102
