ELO:985
CE_PASSEDPAWNS:0.4892872310312902
CE_PAWNWEAKNESSES:0.5
CE_PIECEACTIVITY:0.5210001243936857
CE_KINGPAWNSHIELD:0.502502342044604
CE_PIECECOORDINATION:0.5
CE_MATERIAL:0.5031059018683338
CE_KINGSAFETY:0.5
C_PIECESQUARETABLES:0.5033682027516765
C_MOBILITY:0.5
C_KINGSAFETY:0.5009951045460012
C_PAWNSTRUCTURE:0.5017876091706394
C_PIECECOORDINATION:0.4882906455500354
C_ROOKANDPAWNMOVEMENT:0.4882906455500354
C_CENTERCONTROL:0.49367702178907114
C_DEVELOPPIECES:0.5091735530081557
C_MATERIAL:0.549431936515971
C_MOVECOUNT:0.5029098372972405
