ELO:939
CE_PASSEDPAWNS:0.4163826613481699
CE_PAWNWEAKNESSES:0.45907760038766465
CE_PIECEACTIVITY:0.6342642024180575
CE_KINGPAWNSHIELD:0.5746928916024795
CE_PIECECOORDINATION:0.5265959244426011
CE_MATERIAL:0.4131997550046137
CE_KINGSAFETY:0.5046616317785043
C_PIECESQUARETABLES:0.48934295622737806
C_MOBILITY:0.33392315354270796
C_KINGSAFETY:0.42540290060114505
C_PAWNSTRUCTURE:0.5636165662992676
C_PIECECOORDINATION:0.42252979331460083
C_ROOKANDPAWNMOVEMENT:0.42252979331460083
C_CENTERCONTROL:0.44856405311562614
C_DEVELOPPIECES:0.5687674587451114
C_MATERIAL:0.5959936267712711
