ELO:991
CE_PASSEDPAWNS:0.43757812999626516
CE_PAWNWEAKNESSES:0.4649113722024625
CE_PIECEACTIVITY:0.5419647045070816
CE_KINGPAWNSHIELD:0.5117429778818754
CE_PIECECOORDINATION:0.4749460364628884
CE_MATERIAL:0.46965926074273046
CE_KINGSAFETY:0.4837161221571462
C_PIECESQUARETABLES:0.49343440240462133
C_MOBILITY:0.47769145912886485
C_KINGSAFETY:0.5057226700327266
C_PAWNSTRUCTURE:0.4452384095087474
C_PIECECOORDINATION:0.44911422847762317
C_ROOKANDPAWNMOVEMENT:0.44911422847762317
C_CENTERCONTROL:0.5007000031016196
C_DEVELOPPIECES:0.5573023981045359
C_MATERIAL:0.47326576524518327
