ELO:957
CE_PASSEDPAWNS:0.580227782539326
CE_PAWNWEAKNESSES:0.43590572137965033
CE_PIECEACTIVITY:0.5449104893365554
CE_KINGPAWNSHIELD:0.5329406206459004
CE_PIECECOORDINATION:0.526810907600145
CE_MATERIAL:0.5030403841932721
CE_KINGSAFETY:0.5102949664815365
C_PIECESQUARETABLES:0.4831726495809949
C_MOBILITY:0.4827516919730224
C_KINGSAFETY:0.6141612017190802
C_PAWNSTRUCTURE:0.5499105473496562
C_PIECECOORDINATION:0.49438486197371295
C_ROOKANDPAWNMOVEMENT:0.49438486197371295
C_CENTERCONTROL:0.35488331713916
C_DEVELOPPIECES:0.5442691747034882
C_MATERIAL:0.5662707290747718
