ELO:962
CE_PASSEDPAWNS:0.5267781298600995
CE_PAWNWEAKNESSES:0.5289384237594551
CE_PIECEACTIVITY:0.4699485171364941
CE_KINGPAWNSHIELD:0.5337541087802465
CE_PIECECOORDINATION:0.5020528444036211
CE_MATERIAL:0.502073621709868
CE_KINGSAFETY:0.5128735765931289
C_PIECESQUARETABLES:0.5
C_MOBILITY:0.5119257159683799
C_KINGSAFETY:0.45843862475577923
C_PAWNSTRUCTURE:0.4783851093281056
C_PIECECOORDINATION:0.47243657148520557
C_ROOK:0.503151381629489
CE_ROOK:0.5393895038010511
C_CENTERCONTROL:0.49199521703506915
C_DEVELOPPIECES:0.49124407605955833
C_MATERIAL:0.4886890626460855
C_MOVECOUNT:0.5016595343444538
C_PAWNMOVEMENT:0.4959698371277387
