ELO:985
CE_PASSEDPAWNS:0.3671258369474086
CE_PAWNWEAKNESSES:0.4394050814446002
CE_PIECEACTIVITY:0.49681669084825814
CE_KINGPAWNSHIELD:0.44600764767306644
CE_PIECECOORDINATION:0.532691344258474
CE_MATERIAL:0.47462912755102915
CE_KINGSAFETY:0.5
C_PIECESQUARETABLES:0.5
C_MOBILITY:0.5012764036555123
C_KINGSAFETY:0.43413540679038304
C_PAWNSTRUCTURE:0.5314253954442887
C_PIECECOORDINATION:0.5562674503149065
C_ROOKANDPAWNMOVEMENT:0.5562674503149065
C_CENTERCONTROL:0.48833387149675983
C_DEVELOPPIECES:0.5020277978786326
C_MATERIAL:0.5859692747107864
