ELO:963
CE_PASSEDPAWNS:0.509756169191506
CE_PAWNWEAKNESSES:0.5138645431050224
CE_PIECEACTIVITY:0.4699106416263284
CE_KINGPAWNSHIELD:0.5334271896333093
CE_PIECECOORDINATION:0.49732306418942457
CE_MATERIAL:0.5008685801000533
CE_KINGSAFETY:0.4612431000949776
C_PIECESQUARETABLES:0.4874173570162122
C_MOBILITY:0.494456958049137
C_KINGSAFETY:0.48477894334792426
C_PAWNSTRUCTURE:0.4745220068316362
C_PIECECOORDINATION:0.46687605872154614
C_ROOK:0.5076246499297793
CE_ROOK:0.5181756054633193
C_CENTERCONTROL:0.4857825545317659
C_DEVELOPPIECES:0.5056759184898291
C_MATERIAL:0.49825451071820265
C_MOVECOUNT:0.5058749253643153
C_PAWNMOVEMENT:0.5135479557963573
