ELO:963
CE_PASSEDPAWNS:0.4966936928689092
CE_PAWNWEAKNESSES:0.49781771796867624
CE_PIECEACTIVITY:0.5236969201891319
CE_KINGPAWNSHIELD:0.49985359110595995
CE_PIECECOORDINATION:0.5029888331603619
CE_MATERIAL:0.4754397733398762
CE_KINGSAFETY:0.5071194694386373
C_PIECESQUARETABLES:0.4907396290917019
C_MOBILITY:0.5081000349411235
C_KINGSAFETY:0.5739754002136009
C_PAWNSTRUCTURE:0.5041511092947907
C_PIECECOORDINATION:0.44682546803174716
C_ROOKANDPAWNMOVEMENT:0.44682546803174716
C_CENTERCONTROL:0.5020223756648305
C_DEVELOPPIECES:0.5032788495645691
C_MATERIAL:0.4886878075887927
C_MOVECOUNT:0.5
