ELO:996
CE_PASSEDPAWNS:0.5460237759265371
CE_PAWNWEAKNESSES:0.4095200753004198
CE_PIECEACTIVITY:0.5206374458921995
CE_KINGPAWNSHIELD:0.40008057349030945
CE_PIECECOORDINATION:0.5138962178399454
CE_MATERIAL:0.5125313430690898
CE_KINGSAFETY:0.5
C_PIECESQUARETABLES:0.5
C_MOBILITY:0.5012764036555123
C_KINGSAFETY:0.5077087654596292
C_PAWNSTRUCTURE:0.5847694772933363
C_PIECECOORDINATION:0.42678408993939054
C_ROOKANDPAWNMOVEMENT:0.42678408993939054
C_CENTERCONTROL:0.3588359050639404
C_DEVELOPPIECES:0.5528173797779841
C_MATERIAL:0.6234991122067586
