ELO:964
CE_PASSEDPAWNS:0.42153228927367964
CE_PAWNWEAKNESSES:0.4225245643694512
CE_PIECEACTIVITY:0.5232094310355869
CE_KINGPAWNSHIELD:0.47866996354805125
CE_PIECECOORDINATION:0.48244406969809106
CE_MATERIAL:0.44484822862593065
CE_KINGSAFETY:0.5138145407627359
C_PIECESQUARETABLES:0.5106664774258486
C_MOBILITY:0.45669596561924836
C_KINGSAFETY:0.4939840462168661
C_PAWNSTRUCTURE:0.4464782815125246
C_PIECECOORDINATION:0.48196401203276396
C_ROOKANDPAWNMOVEMENT:0.48196401203276396
C_CENTERCONTROL:0.4841646871022313
C_DEVELOPPIECES:0.5371325819564093
C_MATERIAL:0.4718432667012409
