ELO:1089
CE_PASSEDPAWNS:0.6216628427623379
CE_PAWNWEAKNESSES:0.492580555290007
CE_PIECEACTIVITY:0.4749362909216822
CE_KINGPAWNSHIELD:0.4888774821619666
CE_PIECECOORDINATION:0.49201622410005286
CE_MATERIAL:0.45398262924940724
CE_KINGSAFETY:0.5
C_PIECESQUARETABLES:0.4956121340889278
C_MOBILITY:0.42105203460517804
C_KINGSAFETY:0.4962603225638507
C_PAWNSTRUCTURE:0.41159374709656454
C_PIECECOORDINATION:0.47863206872267633
C_ROOKANDPAWNMOVEMENT:0.47863206872267633
C_CENTERCONTROL:0.5241516181776379
C_DEVELOPPIECES:0.5757913049809192
C_MATERIAL:0.4153313140868132
