ELO:926
CE_PASSEDPAWNS:0.48574410560477144
CE_PAWNWEAKNESSES:0.5
CE_PIECEACTIVITY:0.5289442808888762
CE_KINGPAWNSHIELD:0.4502453231894733
CE_PIECECOORDINATION:0.5
CE_MATERIAL:0.5259701039103215
CE_KINGSAFETY:0.5
C_PIECESQUARETABLES:0.5264204672487051
C_MOBILITY:0.4941634234457814
C_KINGSAFETY:0.5069747514965638
C_PAWNSTRUCTURE:0.4772345568655496
C_PIECECOORDINATION:0.44438486657080534
C_ROOKANDPAWNMOVEMENT:0.44438486657080534
C_CENTERCONTROL:0.5722287111439939
C_DEVELOPPIECES:0.42900775411141573
C_MATERIAL:0.4594378398595636
C_MOVECOUNT:0.5
