ELO:1000
CE_PASSEDPAWNS:0.5
CE_PAWNWEAKNESSES:0.5
CE_PIECEACTIVITY:0.5
CE_KINGPAWNSHIELD:0.5009430718048449
CE_PIECECOORDINATION:0.5
CE_MATERIAL:0.5046929746631234
CE_KINGSAFETY:0.5
C_PIECESQUARETABLES:0.5
C_MOBILITY:0.5
C_KINGSAFETY:0.5
C_PAWNSTRUCTURE:0.4970297283963643
C_PIECECOORDINATION:0.5
C_ROOK:0.49610528146850125
CE_ROOK:0.49574660824426564
C_CENTERCONTROL:0.5
C_DEVELOPPIECES:0.5
C_MATERIAL:0.5
C_MOVECOUNT:0.5
C_PAWNMOVEMENT:0.49956259190006547
