ELO:954
CE_PASSEDPAWNS:0.5074249268439247
CE_PAWNWEAKNESSES:0.5018242505760565
CE_PIECEACTIVITY:0.5
CE_KINGPAWNSHIELD:0.49348276581314005
CE_PIECECOORDINATION:0.5019179661761107
CE_MATERIAL:0.49907233749661656
CE_KINGSAFETY:0.48940925643753747
C_PIECESQUARETABLES:0.5013214754363567
C_MOBILITY:0.4848692164858015
C_KINGSAFETY:0.5023353346878162
C_PAWNSTRUCTURE:0.5196438253259255
C_PIECECOORDINATION:0.49717452784502086
C_ROOKANDPAWNMOVEMENT:0.49717452784502086
C_CENTERCONTROL:0.4632866748832808
C_DEVELOPPIECES:0.5003438340085767
C_MATERIAL:0.5055184243887488
C_MOVECOUNT:0.49629453355183956
