ELO:938
CE_PASSEDPAWNS:0.3811277089697369
CE_PAWNWEAKNESSES:0.47225689862642406
CE_PIECEACTIVITY:0.6028963387763409
CE_KINGPAWNSHIELD:0.5678327786624957
CE_PIECECOORDINATION:0.5026134731384911
CE_MATERIAL:0.38705291508585454
CE_KINGSAFETY:0.5249214443987771
C_PIECESQUARETABLES:0.48511742309224876
C_MOBILITY:0.3527524211334133
C_KINGSAFETY:0.4153061921153082
C_PAWNSTRUCTURE:0.5544603221700238
C_PIECECOORDINATION:0.41782548405937
C_ROOKANDPAWNMOVEMENT:0.41782548405937
C_CENTERCONTROL:0.4264705383376794
C_DEVELOPPIECES:0.5847421418885574
C_MATERIAL:0.598502870231177
