ELO:953
CE_PASSEDPAWNS:0.4238348229131661
CE_PAWNWEAKNESSES:0.49913180261390666
CE_PIECEACTIVITY:0.6339308313637987
CE_KINGPAWNSHIELD:0.5625440160808917
CE_PIECECOORDINATION:0.5450123940798959
CE_MATERIAL:0.42056812154941153
CE_KINGSAFETY:0.5010593160059137
C_PIECESQUARETABLES:0.5
C_MOBILITY:0.3361432483724604
C_KINGSAFETY:0.44744100458336966
C_PAWNSTRUCTURE:0.5663605300993045
C_PIECECOORDINATION:0.4395208577139592
C_ROOKANDPAWNMOVEMENT:0.4395208577139592
C_CENTERCONTROL:0.44141436769016834
C_DEVELOPPIECES:0.5656322974663105
C_MATERIAL:0.5830273749723319
