ELO:976
CE_PASSEDPAWNS:0.48309970570095556
CE_PAWNWEAKNESSES:0.5
CE_PIECEACTIVITY:0.5077474072041823
CE_KINGPAWNSHIELD:0.4999555673239371
CE_PIECECOORDINATION:0.5
CE_MATERIAL:0.5031059018683338
CE_KINGSAFETY:0.5
C_PIECESQUARETABLES:0.490678227050851
C_MOBILITY:0.49358947116349644
C_KINGSAFETY:0.5041559843406607
C_PAWNSTRUCTURE:0.5
C_PIECECOORDINATION:0.5
C_ROOKANDPAWNMOVEMENT:0.5
C_CENTERCONTROL:0.506094570510587
C_DEVELOPPIECES:0.5
C_MATERIAL:0.5141606996996233
C_MOVECOUNT:0.5029098372972405
