ELO:978
CE_PASSEDPAWNS:0.5209393494873973
CE_PAWNWEAKNESSES:0.5204260467122379
CE_PIECEACTIVITY:0.5228631222298197
CE_KINGPAWNSHIELD:0.5
CE_PIECECOORDINATION:0.5016878550436865
CE_MATERIAL:0.5079897092956515
CE_KINGSAFETY:0.5
C_PIECESQUARETABLES:0.5
C_MOBILITY:0.5012892290814435
C_KINGSAFETY:0.4961911582716811
C_PAWNSTRUCTURE:0.5070958756022278
C_PIECECOORDINATION:0.48510238570660685
C_ROOKANDPAWNMOVEMENT:0.48510238570660685
C_CENTERCONTROL:0.4880927743973499
C_DEVELOPPIECES:0.4922721051883767
C_MATERIAL:0.4950968557540026
C_MOVECOUNT:0.5
