ELO:668
CE_PASSEDPAWNS:0.49159126585130497
CE_PAWNWEAKNESSES:0.4451716171045923
CE_PIECEACTIVITY:0.4327862332022906
CE_KINGPAWNSHIELD:0.4320918111619583
CE_PIECECOORDINATION:0.6063640078633564
CE_MATERIAL:0.5133811196760231
CE_KINGSAFETY:0.5167278171471336
C_PIECESQUARETABLES:0.4526881938886608
C_MOBILITY:0.41794100754969876
C_KINGSAFETY:0.5440819585427534
C_PAWNSTRUCTURE:0.5114904891242303
C_PIECECOORDINATION:0.549940586123135
C_ROOKANDPAWNMOVEMENT:0.549940586123135
C_CENTERCONTROL:0.4512679203544106
C_DEVELOPPIECES:0.5068527749696448
C_MATERIAL:0.5051003493598333
C_MOVECOUNT:0.5234391506564011
