ELO:988
CE_PASSEDPAWNS:0.5049386973294999
CE_PAWNWEAKNESSES:0.5128889835512717
CE_PIECEACTIVITY:0.5115517959390631
CE_KINGPAWNSHIELD:0.4144350539938906
CE_PIECECOORDINATION:0.45601258338769085
CE_MATERIAL:0.5561775794490093
CE_KINGSAFETY:0.5069008320963867
C_PIECESQUARETABLES:0.4997395407283397
C_MOBILITY:0.49816549280442246
C_KINGSAFETY:0.48485296290341323
C_PAWNSTRUCTURE:0.5075360528221647
C_PIECECOORDINATION:0.5350567576815112
C_ROOKANDPAWNMOVEMENT:0.5350567576815112
C_CENTERCONTROL:0.3976101602692124
C_DEVELOPPIECES:0.5033725687838638
C_MATERIAL:0.5897455457268254
