ELO:981
CE_PASSEDPAWNS:0.423577360282749
CE_PAWNWEAKNESSES:0.47133611004686193
CE_PIECEACTIVITY:0.5565109696587631
CE_KINGPAWNSHIELD:0.4986361866148225
CE_PIECECOORDINATION:0.47537338398699747
CE_MATERIAL:0.48827325400214583
CE_KINGSAFETY:0.4721657162887592
C_PIECESQUARETABLES:0.5057676018375674
C_MOBILITY:0.49264095107166983
C_KINGSAFETY:0.5115385383251838
C_PAWNSTRUCTURE:0.4336443454476377
C_PIECECOORDINATION:0.4528707671641567
C_ROOKANDPAWNMOVEMENT:0.4528707671641567
C_CENTERCONTROL:0.49240881050285323
C_DEVELOPPIECES:0.549389651903578
C_MATERIAL:0.490245833495573
