ELO:992
CE_PASSEDPAWNS:0.43364507862999996
CE_PAWNWEAKNESSES:0.483688524552761
CE_PIECEACTIVITY:0.5538544363905262
CE_KINGPAWNSHIELD:0.5056830726846813
CE_PIECECOORDINATION:0.48787434147548386
CE_MATERIAL:0.4921325952433567
CE_KINGSAFETY:0.4919034450935659
C_PIECESQUARETABLES:0.5044964928691303
C_MOBILITY:0.4958605117927389
C_KINGSAFETY:0.5172252998063726
C_PAWNSTRUCTURE:0.4291206082830632
C_PIECECOORDINATION:0.44911422847762317
C_ROOKANDPAWNMOVEMENT:0.44911422847762317
C_CENTERCONTROL:0.5079911068589488
C_DEVELOPPIECES:0.5486277198617234
C_MATERIAL:0.4770305554852466
