ELO:911
CE_PASSEDPAWNS:0.39475826054643226
CE_PAWNWEAKNESSES:0.46511577107536367
CE_PIECEACTIVITY:0.5077092738973646
CE_KINGPAWNSHIELD:0.4959023860395703
CE_PIECECOORDINATION:0.46719996630533817
CE_MATERIAL:0.4622376825792067
CE_KINGSAFETY:0.48452848434501494
C_PIECESQUARETABLES:0.43805890607243003
C_MOBILITY:0.4139485703427818
C_KINGSAFETY:0.528163830234118
C_PAWNSTRUCTURE:0.5004657290791072
C_PIECECOORDINATION:0.5420294707476643
C_ROOKANDPAWNMOVEMENT:0.5420294707476643
C_CENTERCONTROL:0.4308244764311877
C_DEVELOPPIECES:0.49960791583361464
C_MATERIAL:0.5115162489064478
