ELO:1000
CE_PASSEDPAWNS:0.4736532668250961
CE_PAWNWEAKNESSES:0.4811265145213781
CE_PIECEACTIVITY:0.5055738630909256
CE_KINGPAWNSHIELD:0.5081074117600609
CE_PIECECOORDINATION:0.46992109957196526
CE_MATERIAL:0.5114180591436462
CE_KINGSAFETY:0.4875907592094341
C_PIECESQUARETABLES:0.5194666655696863
C_MOBILITY:0.493616705556873
C_KINGSAFETY:0.5243560534508022
C_PAWNSTRUCTURE:0.46143173615174476
C_PIECECOORDINATION:0.43169407099398716
C_ROOKANDPAWNMOVEMENT:0.43169407099398716
C_CENTERCONTROL:0.48660901534521567
C_DEVELOPPIECES:0.4604181932830374
C_MATERIAL:0.503783908639709
