ELO:954
CE_PASSEDPAWNS:0.5108851391092658
CE_PAWNWEAKNESSES:0.5297595434514348
CE_PIECEACTIVITY:0.5197539352509488
CE_KINGPAWNSHIELD:0.5141505982550675
CE_PIECECOORDINATION:0.4831961257131887
CE_MATERIAL:0.5
CE_KINGSAFETY:0.5
C_PIECESQUARETABLES:0.5
C_MOBILITY:0.47379690598820395
C_KINGSAFETY:0.5
C_PAWNSTRUCTURE:0.49789326802450956
C_PIECECOORDINATION:0.5019114862567439
C_ROOKANDPAWNMOVEMENT:0.5019114862567439
C_CENTERCONTROL:0.4891379609801988
C_DEVELOPPIECES:0.5001556303929333
C_MATERIAL:0.4821468788316797
C_MOVECOUNT:0.5282046076278785
