ELO:1069
CE_PASSEDPAWNS:0.46432127754146757
CE_PAWNWEAKNESSES:0.59080858759257
CE_PIECEACTIVITY:0.4470630249040625
CE_KINGPAWNSHIELD:0.47671724138894306
CE_PIECECOORDINATION:0.5161690377154836
CE_MATERIAL:0.535468753986263
CE_KINGSAFETY:0.5
C_PIECESQUARETABLES:0.5
C_MOBILITY:0.36890367320791084
C_KINGSAFETY:0.4178466125005972
C_PAWNSTRUCTURE:0.46445092246376524
C_PIECECOORDINATION:0.48294893270900835
C_ROOKANDPAWNMOVEMENT:0.48294893270900835
C_CENTERCONTROL:0.5215481662067727
C_DEVELOPPIECES:0.5037802571809753
C_MATERIAL:0.4976942296309863
