ELO:948
CE_PASSEDPAWNS:0.4686297206477841
CE_PAWNWEAKNESSES:0.495069217039794
CE_PIECEACTIVITY:0.5134960944290085
CE_KINGPAWNSHIELD:0.5096884372288164
CE_PIECECOORDINATION:0.4936103467228986
CE_MATERIAL:0.504496185548054
CE_KINGSAFETY:0.5019228934503729
C_PIECESQUARETABLES:0.4902090156034013
C_MOBILITY:0.4877373389429647
C_KINGSAFETY:0.48732286223317806
C_PAWNSTRUCTURE:0.5371667549032196
C_PIECECOORDINATION:0.5313907387255377
C_ROOKANDPAWNMOVEMENT:0.5313907387255377
C_CENTERCONTROL:0.5036421971975245
C_DEVELOPPIECES:0.4943443871734941
C_MATERIAL:0.4950739439620884
C_MOVECOUNT:0.49412725479991304
