ELO:973
CE_PASSEDPAWNS:0.4238057391521916
CE_PAWNWEAKNESSES:0.4260502311909983
CE_PIECEACTIVITY:0.5342129284667074
CE_KINGPAWNSHIELD:0.4872118896268157
CE_PIECECOORDINATION:0.4842948252990891
CE_MATERIAL:0.472208268585629
CE_KINGSAFETY:0.5003245016118444
C_PIECESQUARETABLES:0.49444590714344844
C_MOBILITY:0.48405338125103387
C_KINGSAFETY:0.4913096116964958
C_PAWNSTRUCTURE:0.44281442165970447
C_PIECECOORDINATION:0.47805328278387116
C_ROOKANDPAWNMOVEMENT:0.47805328278387116
C_CENTERCONTROL:0.4845203537662716
C_DEVELOPPIECES:0.5258642333945626
C_MATERIAL:0.46723454750684307
