ELO:980
CE_PASSEDPAWNS:0.514187820709761
CE_PAWNWEAKNESSES:0.526094284557822
CE_PIECEACTIVITY:0.5363474814207142
CE_KINGPAWNSHIELD:0.4910893092816627
CE_PIECECOORDINATION:0.5045257495408726
CE_MATERIAL:0.5004465536234881
CE_KINGSAFETY:0.4891823909546096
C_PIECESQUARETABLES:0.5083114713664225
C_MOBILITY:0.4798066303962179
C_KINGSAFETY:0.5106178552757699
C_PAWNSTRUCTURE:0.5043586681702199
C_PIECECOORDINATION:0.5263045413298006
C_ROOKANDPAWNMOVEMENT:0.5263045413298006
C_CENTERCONTROL:0.5162381660099388
C_DEVELOPPIECES:0.4793658167388858
C_MATERIAL:0.5016204663271591
C_MOVECOUNT:0.5
