ELO:931
CE_PASSEDPAWNS:0.5267781298600995
CE_PAWNWEAKNESSES:0.521702849352851
CE_PIECEACTIVITY:0.4624916441760136
CE_KINGPAWNSHIELD:0.5039657702858125
CE_PIECECOORDINATION:0.5069668761848477
CE_MATERIAL:0.5421012291497002
CE_KINGSAFETY:0.4993806984153876
C_PIECESQUARETABLES:0.5
C_MOBILITY:0.5099417691225082
C_KINGSAFETY:0.5157705493098301
C_PAWNSTRUCTURE:0.4854822548392647
C_PIECECOORDINATION:0.45776786638013284
C_ROOK:0.4731977041797689
CE_ROOK:0.5455269243664438
C_CENTERCONTROL:0.5003377869106707
C_DEVELOPPIECES:0.4527632022237383
C_MATERIAL:0.48946786773743917
C_MOVECOUNT:0.5002271566862786
C_PAWNMOVEMENT:0.49878107263693766
