ELO:982
CE_PASSEDPAWNS:0.5132999412272831
CE_PAWNWEAKNESSES:0.482688408693396
CE_PIECEACTIVITY:0.49091765915685487
CE_KINGPAWNSHIELD:0.5013484301307503
CE_PIECECOORDINATION:0.47789405541254554
CE_MATERIAL:0.5058958366962425
CE_KINGSAFETY:0.5
C_PIECESQUARETABLES:0.5
C_MOBILITY:0.5133945074135239
C_KINGSAFETY:0.5186082002835984
C_PAWNSTRUCTURE:0.5
C_PIECECOORDINATION:0.5326595961992258
C_ROOKANDPAWNMOVEMENT:0.5326595961992258
C_CENTERCONTROL:0.5024556004788695
C_DEVELOPPIECES:0.5095784556542581
C_MATERIAL:0.4751114859836836
C_MOVECOUNT:0.5
