ELO:969
CE_PASSEDPAWNS:0.4254271154616711
CE_PAWNWEAKNESSES:0.4272339807093194
CE_PIECEACTIVITY:0.5338134222340181
CE_KINGPAWNSHIELD:0.47866996354805125
CE_PIECECOORDINATION:0.49064449153721806
CE_MATERIAL:0.4467658876580583
CE_KINGSAFETY:0.5111212765077588
C_PIECESQUARETABLES:0.5142331009161376
C_MOBILITY:0.46167527942430897
C_KINGSAFETY:0.4885520221387967
C_PAWNSTRUCTURE:0.43476509621616694
C_PIECECOORDINATION:0.47885227607610886
C_ROOKANDPAWNMOVEMENT:0.47885227607610886
C_CENTERCONTROL:0.4919012248671003
C_DEVELOPPIECES:0.5371325819564093
C_MATERIAL:0.4718432667012409
