ELO:988
CE_PASSEDPAWNS:0.4043813931468759
CE_PAWNWEAKNESSES:0.5148757382365738
CE_PIECEACTIVITY:0.589550294109505
CE_KINGPAWNSHIELD:0.5365985697226763
CE_PIECECOORDINATION:0.5083628955899915
CE_MATERIAL:0.4140864969484865
CE_KINGSAFETY:0.5
C_PIECESQUARETABLES:0.5
C_MOBILITY:0.3607925322611197
C_KINGSAFETY:0.4548540968906225
C_PAWNSTRUCTURE:0.5849947999251408
C_PIECECOORDINATION:0.4876177166711693
C_ROOKANDPAWNMOVEMENT:0.4876177166711693
C_CENTERCONTROL:0.4651950941338167
C_DEVELOPPIECES:0.5382567856052923
C_MATERIAL:0.5578502045487593
