ELO:1000
CE_PASSEDPAWNS:0.45584781526455515
CE_PAWNWEAKNESSES:0.45535863751352235
CE_PIECEACTIVITY:0.5562542472941722
CE_KINGPAWNSHIELD:0.5107243792727656
CE_PIECECOORDINATION:0.4876582895545614
CE_MATERIAL:0.5126686350771035
CE_KINGSAFETY:0.4548327898935975
C_PIECESQUARETABLES:0.5239467495717243
C_MOBILITY:0.506135858865653
C_KINGSAFETY:0.5273022690827252
C_PAWNSTRUCTURE:0.44897564878581614
C_PIECECOORDINATION:0.44640977695623757
C_ROOKANDPAWNMOVEMENT:0.44640977695623757
C_CENTERCONTROL:0.4953396407588397
C_DEVELOPPIECES:0.4739530356497135
C_MATERIAL:0.4787213962523845
