ELO:1000
CE_PASSEDPAWNS:0.5150535465897835
CE_PAWNWEAKNESSES:0.45314016672711893
CE_PIECEACTIVITY:0.4957326532537223
CE_KINGPAWNSHIELD:0.5231024148397747
CE_PIECECOORDINATION:0.5483109378211677
CE_MATERIAL:0.5539137088927281
CE_KINGSAFETY:0.4824262016439032
C_PIECESQUARETABLES:0.4536916165409788
C_MOBILITY:0.5144873861891264
C_KINGSAFETY:0.4718423530030207
C_PAWNSTRUCTURE:0.5074707770156315
C_PIECECOORDINATION:0.49146494961376824
C_ROOKANDPAWNMOVEMENT:0.49146494961376824
C_CENTERCONTROL:0.4758538280818988
C_DEVELOPPIECES:0.5057980595542818
C_MATERIAL:0.5309230385802178
