ELO:992
CE_PASSEDPAWNS:0.5098906816539756
CE_PAWNWEAKNESSES:0.49254179530161346
CE_PIECEACTIVITY:0.5109166066056572
CE_KINGPAWNSHIELD:0.5026760606399796
CE_PIECECOORDINATION:0.4820142707095978
CE_MATERIAL:0.5034007179953928
CE_KINGSAFETY:0.5167825288309141
C_PIECESQUARETABLES:0.49173294406652357
C_MOBILITY:0.499289625959655
C_KINGSAFETY:0.5
C_PAWNSTRUCTURE:0.4895539107489417
C_PIECECOORDINATION:0.5
C_ROOKANDPAWNMOVEMENT:0.5
C_CENTERCONTROL:0.4374614197749743
C_DEVELOPPIECES:0.5009045355601793
C_MATERIAL:0.49425985351809637
