ELO:919
CE_PASSEDPAWNS:0.5267781298600995
CE_PAWNWEAKNESSES:0.5163440226692326
CE_PIECEACTIVITY:0.45880129572589845
CE_KINGPAWNSHIELD:0.4988108252498759
CE_PIECECOORDINATION:0.4991866289993198
CE_MATERIAL:0.5335416904001161
CE_KINGSAFETY:0.5014833227975969
C_PIECESQUARETABLES:0.5017439812731199
C_MOBILITY:0.5094232721935948
C_KINGSAFETY:0.5157705493098301
C_PAWNSTRUCTURE:0.49631156083309463
C_PIECECOORDINATION:0.46288651245270934
C_ROOK:0.4731977041797689
CE_ROOK:0.5530875020424064
C_CENTERCONTROL:0.5003377869106707
C_DEVELOPPIECES:0.4571881341721364
C_MATERIAL:0.48607353781684076
C_MOVECOUNT:0.4915368976083264
C_PAWNMOVEMENT:0.5030604817831597
