ELO:980
CE_PASSEDPAWNS:0.4887504408528163
CE_PAWNWEAKNESSES:0.5128944622106753
CE_PIECEACTIVITY:0.48934274860907906
CE_KINGPAWNSHIELD:0.4992239481985822
CE_PIECECOORDINATION:0.517671043533396
CE_MATERIAL:0.5107197231725852
CE_KINGSAFETY:0.4898678315167161
C_PIECESQUARETABLES:0.5
C_MOBILITY:0.48879934713192996
C_KINGSAFETY:0.5080024507173895
C_PAWNSTRUCTURE:0.49727059991493644
C_PIECECOORDINATION:0.48917278355345817
C_ROOKANDPAWNMOVEMENT:0.48917278355345817
C_CENTERCONTROL:0.5069290118929205
C_DEVELOPPIECES:0.4996281898044987
C_MATERIAL:0.4889040137713875
C_MOVECOUNT:0.4953085927025668
