ELO:937
CE_PASSEDPAWNS:0.4966182620713606
CE_PAWNWEAKNESSES:0.5247268921805199
CE_PIECEACTIVITY:0.4748754580070205
CE_KINGPAWNSHIELD:0.5236064517501603
CE_PIECECOORDINATION:0.5225010295776532
CE_MATERIAL:0.46254279782910657
CE_KINGSAFETY:0.5
C_PIECESQUARETABLES:0.5
C_MOBILITY:0.5017253679292775
C_KINGSAFETY:0.5241121208145716
C_PAWNSTRUCTURE:0.4607883069467171
C_PIECECOORDINATION:0.503820067287613
C_ROOK:0.5017871245579523
CE_ROOK:0.5265773325611284
C_CENTERCONTROL:0.48422566076839757
C_DEVELOPPIECES:0.49496840197849334
C_MATERIAL:0.4823436276509429
C_MOVECOUNT:0.5294646536058893
C_PAWNMOVEMENT:0.5211930961119383
