ELO:941
CE_PASSEDPAWNS:0.4303156704128028
CE_PAWNWEAKNESSES:0.43152712366367246
CE_PIECEACTIVITY:0.4959296925828618
CE_KINGPAWNSHIELD:0.4878107509504198
CE_PIECECOORDINATION:0.5148010213982249
CE_MATERIAL:0.44558141449112604
CE_KINGSAFETY:0.5304303748319956
C_PIECESQUARETABLES:0.4975378479870522
C_MOBILITY:0.5593266237044359
C_KINGSAFETY:0.42593509798249374
C_PAWNSTRUCTURE:0.5
C_PIECECOORDINATION:0.5567439839027165
C_ROOKANDPAWNMOVEMENT:0.5567439839027165
C_CENTERCONTROL:0.5308750396541608
C_DEVELOPPIECES:0.4740713865379297
C_MATERIAL:0.5490938352567614
C_MOVECOUNT:0.49779440049915824
