ELO:988
CE_PASSEDPAWNS:0.5205146386783598
CE_PAWNWEAKNESSES:0.5209471122702922
CE_PIECEACTIVITY:0.5115517959390631
CE_KINGPAWNSHIELD:0.4076561608377238
CE_PIECECOORDINATION:0.4535454616714728
CE_MATERIAL:0.5561775794490093
CE_KINGSAFETY:0.5
C_PIECESQUARETABLES:0.49748538258923974
C_MOBILITY:0.4986133213456154
C_KINGSAFETY:0.512154063589565
C_PAWNSTRUCTURE:0.3241406712758026
C_PIECECOORDINATION:0.5414490160678777
C_ROOKANDPAWNMOVEMENT:0.5414490160678777
C_CENTERCONTROL:0.40336817311184403
C_DEVELOPPIECES:0.4961387167207058
C_MATERIAL:0.5975261737665394
