ELO:991
CE_PASSEDPAWNS:0.43860234299855627
CE_PAWNWEAKNESSES:0.46674359666153237
CE_PIECEACTIVITY:0.5307381376007908
CE_KINGPAWNSHIELD:0.5111641031317197
CE_PIECECOORDINATION:0.5291591444573355
CE_MATERIAL:0.4903140464539167
CE_KINGSAFETY:0.4967044906811006
C_PIECESQUARETABLES:0.4875581679320321
C_MOBILITY:0.5222928103137029
C_KINGSAFETY:0.5009040126300502
C_PAWNSTRUCTURE:0.48178642329145527
C_PIECECOORDINATION:0.43016085944217525
C_ROOKANDPAWNMOVEMENT:0.43016085944217525
C_CENTERCONTROL:0.501130647553755
C_DEVELOPPIECES:0.5329276067276338
C_MATERIAL:0.45419970913000524
