ELO:1056
CE_PASSEDPAWNS:0.5208300560957847
CE_PAWNWEAKNESSES:0.5088636054678991
CE_PIECEACTIVITY:0.5034289931943197
CE_KINGPAWNSHIELD:0.4911359531101011
CE_PIECECOORDINATION:0.5029371718630161
CE_MATERIAL:0.4991579751587853
CE_KINGSAFETY:0.49376870671488976
C_PIECESQUARETABLES:0.5110389044381409
C_MOBILITY:0.5
C_KINGSAFETY:0.5
C_PAWNSTRUCTURE:0.49919505074068293
C_PIECECOORDINATION:0.5300534061019054
C_ROOKANDPAWNMOVEMENT:0.5300534061019054
C_CENTERCONTROL:0.48487649498068647
C_DEVELOPPIECES:0.5
C_MATERIAL:0.5
