ELO:920
CE_PASSEDPAWNS:0.3595323641654648
CE_PAWNWEAKNESSES:0.43691509244873933
CE_PIECEACTIVITY:0.4897707425745355
CE_KINGPAWNSHIELD:0.5645911867979585
CE_PIECECOORDINATION:0.4654858461539565
CE_MATERIAL:0.4978169873616246
CE_KINGSAFETY:0.48298289683511597
C_PIECESQUARETABLES:0.5354359230578614
C_MOBILITY:0.5568681548926321
C_KINGSAFETY:0.452924635774723
C_PAWNSTRUCTURE:0.5297335226703197
C_PIECECOORDINATION:0.44216971351730777
C_ROOKANDPAWNMOVEMENT:0.44216971351730777
C_CENTERCONTROL:0.4924551378895555
C_DEVELOPPIECES:0.5858767148133928
C_MATERIAL:0.4815959049550706
