ELO:1008
CE_PASSEDPAWNS:0.5021189526250877
CE_PAWNWEAKNESSES:0.5
CE_PIECEACTIVITY:0.5112967074292049
CE_KINGPAWNSHIELD:0.4963739661091235
CE_PIECECOORDINATION:0.5
CE_MATERIAL:0.4849120008673855
CE_KINGSAFETY:0.4865634433114253
C_PIECESQUARETABLES:0.5079763483347081
C_MOBILITY:0.5010080084922625
C_KINGSAFETY:0.5
C_PAWNSTRUCTURE:0.5
C_PIECECOORDINATION:0.5
C_ROOKANDPAWNMOVEMENT:0.5
C_CENTERCONTROL:0.5
C_DEVELOPPIECES:0.48868031708717574
C_MATERIAL:0.5045042392265368
