ELO:1008
CE_PASSEDPAWNS:0.51575427797609
CE_PAWNWEAKNESSES:0.5346082195363371
CE_PIECEACTIVITY:0.49262525748321145
CE_KINGPAWNSHIELD:0.509357490120748
CE_PIECECOORDINATION:0.4786075345447415
CE_MATERIAL:0.49273268750256793
CE_KINGSAFETY:0.49014124290533995
C_PIECESQUARETABLES:0.48448527319892987
C_MOBILITY:0.513708333545772
C_KINGSAFETY:0.5237194114535366
C_PAWNSTRUCTURE:0.4939981833742724
C_PIECECOORDINATION:0.5
C_ROOK:0.46985665487591444
CE_ROOK:0.5251628491950447
C_CENTERCONTROL:0.5073588212695033
C_DEVELOPPIECES:0.5150914088487449
C_MATERIAL:0.5025039887538346
C_MOVECOUNT:0.5012315381499621
C_PAWNMOVEMENT:0.5010045125299553
