ELO:942
CE_PASSEDPAWNS:0.5339639331456516
CE_PAWNWEAKNESSES:0.5314581621427632
CE_PIECEACTIVITY:0.46358397734844276
CE_KINGPAWNSHIELD:0.571926677581007
CE_PIECECOORDINATION:0.3977056670945563
CE_MATERIAL:0.5241505666022953
CE_KINGSAFETY:0.47976284354734844
C_PIECESQUARETABLES:0.49614061280513577
C_MOBILITY:0.5237213502288235
C_KINGSAFETY:0.37921827793967394
C_PAWNSTRUCTURE:0.48255225068033947
C_PIECECOORDINATION:0.4593229092313338
C_ROOKANDPAWNMOVEMENT:0.4593229092313338
C_CENTERCONTROL:0.44374076530816287
C_DEVELOPPIECES:0.5407608347735685
C_MATERIAL:0.5993344777396726
