ELO:990
CE_PASSEDPAWNS:0.5099096205326702
CE_PAWNWEAKNESSES:0.48861241519106086
CE_PIECEACTIVITY:0.5
CE_KINGPAWNSHIELD:0.49588863352303536
CE_PIECECOORDINATION:0.510698926561333
CE_MATERIAL:0.5058968828973742
CE_KINGSAFETY:0.5
C_PIECESQUARETABLES:0.5
C_MOBILITY:0.4995916696924098
C_KINGSAFETY:0.4971523267726997
C_PAWNSTRUCTURE:0.5000597550269578
C_PIECECOORDINATION:0.5008875104073504
C_ROOKANDPAWNMOVEMENT:0.5008875104073504
C_CENTERCONTROL:0.49475878725617845
C_DEVELOPPIECES:0.4955684325429888
C_MATERIAL:0.5065263893307775
C_MOVECOUNT:0.5
