ELO:1002
CE_PASSEDPAWNS:0.5047230526981742
CE_PAWNWEAKNESSES:0.5382346745347053
CE_PIECEACTIVITY:0.46970184855038105
CE_KINGPAWNSHIELD:0.5586164687495969
CE_PIECECOORDINATION:0.4320211686322317
CE_MATERIAL:0.5833476266336622
CE_KINGSAFETY:0.5624006930307606
C_PIECESQUARETABLES:0.46696931911804496
C_MOBILITY:0.5098010579159913
C_KINGSAFETY:0.4553998007211154
C_PAWNSTRUCTURE:0.44221687794679504
C_PIECECOORDINATION:0.5108004889744495
C_ROOKANDPAWNMOVEMENT:0.5108004889744495
C_CENTERCONTROL:0.47712355219728225
C_DEVELOPPIECES:0.555195731482084
C_MATERIAL:0.6048374045392804
