ELO:969
CE_PASSEDPAWNS:0.42784048011166403
CE_PAWNWEAKNESSES:0.4764363153699944
CE_PIECEACTIVITY:0.5371770579807537
CE_KINGPAWNSHIELD:0.5002069282264594
CE_PIECECOORDINATION:0.5134319207280654
CE_MATERIAL:0.47492511694802153
CE_KINGSAFETY:0.5034913724454426
C_PIECESQUARETABLES:0.4858182344516967
C_MOBILITY:0.5177189346585616
C_KINGSAFETY:0.4737393894462385
C_PAWNSTRUCTURE:0.4735049564875766
C_PIECECOORDINATION:0.44003504038292696
C_ROOKANDPAWNMOVEMENT:0.44003504038292696
C_CENTERCONTROL:0.48998241842476
C_DEVELOPPIECES:0.5468833913588131
C_MATERIAL:0.4508686832560459
