ELO:971
CE_PASSEDPAWNS:0.4825096752977674
CE_PAWNWEAKNESSES:0.5302966303767354
CE_PIECEACTIVITY:0.4897162062629004
CE_KINGPAWNSHIELD:0.5213382841184843
CE_PIECECOORDINATION:0.5147451266360127
CE_MATERIAL:0.4743110849353622
CE_KINGSAFETY:0.4949730508594672
C_PIECESQUARETABLES:0.5048308832166803
C_MOBILITY:0.5377831916843662
C_KINGSAFETY:0.5054973383960365
C_PAWNSTRUCTURE:0.452519229061433
C_PIECECOORDINATION:0.5123116145480219
C_ROOK:0.4991775099346349
CE_ROOK:0.5042055139471214
C_CENTERCONTROL:0.4956442687809584
C_DEVELOPPIECES:0.4665695904867399
C_MATERIAL:0.4767081163880682
C_MOVECOUNT:0.5090060993039766
C_PAWNMOVEMENT:0.5089159360587712
