ELO:1009
CE_PASSEDPAWNS:0.5171898256200094
CE_PAWNWEAKNESSES:0.5123930747152224
CE_PIECEACTIVITY:0.5
CE_KINGPAWNSHIELD:0.48955221139729077
CE_PIECECOORDINATION:0.5
CE_MATERIAL:0.4842881352572286
CE_KINGSAFETY:0.5094325273825583
C_PIECESQUARETABLES:0.5079016425669779
C_MOBILITY:0.5
C_KINGSAFETY:0.4987539997562253
C_PAWNSTRUCTURE:0.5009854847561682
C_PIECECOORDINATION:0.5008962572854478
C_ROOKANDPAWNMOVEMENT:0.5008962572854478
C_CENTERCONTROL:0.4974950387216058
C_DEVELOPPIECES:0.5084821338747249
C_MATERIAL:0.5091647355098082
