ELO:925
CE_PASSEDPAWNS:0.5000020968577598
CE_PAWNWEAKNESSES:0.5247268921805199
CE_PIECEACTIVITY:0.481838079597483
CE_KINGPAWNSHIELD:0.5236064517501603
CE_PIECECOORDINATION:0.5118733567517139
CE_MATERIAL:0.47826370765907056
CE_KINGSAFETY:0.5036215340575811
C_PIECESQUARETABLES:0.5
C_MOBILITY:0.496790905438198
C_KINGSAFETY:0.5241121208145716
C_PAWNSTRUCTURE:0.4607883069467171
C_PIECECOORDINATION:0.503820067287613
C_ROOK:0.49938299659563784
CE_ROOK:0.5255448684870372
C_CENTERCONTROL:0.48174553169574014
C_DEVELOPPIECES:0.49496840197849334
C_MATERIAL:0.47039133950117556
C_MOVECOUNT:0.5294646536058893
C_PAWNMOVEMENT:0.5211930961119383
