ELO:1000
CE_PASSEDPAWNS:0.48190861852064626
CE_PAWNWEAKNESSES:0.45200087634489067
CE_PIECEACTIVITY:0.5221430582414353
CE_KINGPAWNSHIELD:0.5114752381388328
CE_PIECECOORDINATION:0.4991497404103592
CE_MATERIAL:0.5254772956079238
CE_KINGSAFETY:0.46859223958737106
C_PIECESQUARETABLES:0.4981519814084925
C_MOBILITY:0.5057847479566766
C_KINGSAFETY:0.48969349576081916
C_PAWNSTRUCTURE:0.5016678038513216
C_PIECECOORDINATION:0.4239087758317318
C_ROOKANDPAWNMOVEMENT:0.4239087758317318
C_CENTERCONTROL:0.5457533467153782
C_DEVELOPPIECES:0.5002960910647589
C_MATERIAL:0.46871410953374937
