ELO:956
CE_PASSEDPAWNS:0.417070014424024
CE_PAWNWEAKNESSES:0.47649289740023265
CE_PIECEACTIVITY:0.5172170596458007
CE_KINGPAWNSHIELD:0.5301085953781072
CE_PIECECOORDINATION:0.4839116394968599
CE_MATERIAL:0.4670565045313537
CE_KINGSAFETY:0.4941009811741975
C_PIECESQUARETABLES:0.4609891322836842
C_MOBILITY:0.5326095421120939
C_KINGSAFETY:0.4604712405183756
C_PAWNSTRUCTURE:0.4798176185603814
C_PIECECOORDINATION:0.41239523871120415
C_ROOKANDPAWNMOVEMENT:0.41239523871120415
C_CENTERCONTROL:0.4860617173459628
C_DEVELOPPIECES:0.538488239452172
C_MATERIAL:0.45224830916995457
