ELO:1006
CE_PASSEDPAWNS:0.5021189526250877
CE_PAWNWEAKNESSES:0.49499443515430225
CE_PIECEACTIVITY:0.5107994730434636
CE_KINGPAWNSHIELD:0.49344044411127985
CE_PIECECOORDINATION:0.4902696871197536
CE_MATERIAL:0.5059879220660463
CE_KINGSAFETY:0.49633375564786447
C_PIECESQUARETABLES:0.5
C_MOBILITY:0.5072252186376491
C_KINGSAFETY:0.48069053569156817
C_PAWNSTRUCTURE:0.5
C_PIECECOORDINATION:0.5
C_ROOKANDPAWNMOVEMENT:0.5
C_CENTERCONTROL:0.5
C_DEVELOPPIECES:0.5126879911219568
C_MATERIAL:0.5045042392265368
