ELO:1000
CE_PASSEDPAWNS:0.4888677951046613
CE_PAWNWEAKNESSES:0.5704565681260371
CE_PIECEACTIVITY:0.48040343492639975
CE_KINGPAWNSHIELD:0.5348555601215973
CE_PIECECOORDINATION:0.46969632129414746
CE_MATERIAL:0.4719764354698251
CE_KINGSAFETY:0.5287651688878863
C_PIECESQUARETABLES:0.4913678044805649
C_MOBILITY:0.4930380231289079
C_KINGSAFETY:0.4699293490388832
C_PAWNSTRUCTURE:0.4856765637952351
C_PIECECOORDINATION:0.4775271495363564
C_ROOKANDPAWNMOVEMENT:0.4775271495363564
C_CENTERCONTROL:0.5027812896243334
C_DEVELOPPIECES:0.5217863463201252
C_MATERIAL:0.4510482925251814
