ELO:994
CE_PASSEDPAWNS:0.5060582190975116
CE_PAWNWEAKNESSES:0.555142627203749
CE_PIECEACTIVITY:0.48056436047068507
CE_KINGPAWNSHIELD:0.5481559133207905
CE_PIECECOORDINATION:0.4187388494873597
CE_MATERIAL:0.5721150635169605
CE_KINGSAFETY:0.5649313175359738
C_PIECESQUARETABLES:0.4519503550706594
C_MOBILITY:0.5098010579159913
C_KINGSAFETY:0.45584915672459386
C_PAWNSTRUCTURE:0.4608122410773908
C_PIECECOORDINATION:0.5197978380930582
C_ROOKANDPAWNMOVEMENT:0.5197978380930582
C_CENTERCONTROL:0.47666940426925314
C_DEVELOPPIECES:0.5587855599654629
C_MATERIAL:0.5904519462764437
