ELO:1000
CE_PASSEDPAWNS:0.4629619901394383
CE_PAWNWEAKNESSES:0.4203712646627582
CE_PIECEACTIVITY:0.5239448654443504
CE_KINGPAWNSHIELD:0.5295105948760747
CE_PIECECOORDINATION:0.5003750112948627
CE_MATERIAL:0.49981640867094734
CE_KINGSAFETY:0.4448757368870376
C_PIECESQUARETABLES:0.44741160098108507
C_MOBILITY:0.5130633592316134
C_KINGSAFETY:0.4815780831144465
C_PAWNSTRUCTURE:0.49823381049032484
C_PIECECOORDINATION:0.4163677942112212
C_ROOKANDPAWNMOVEMENT:0.4163677942112212
C_CENTERCONTROL:0.5342529370565572
C_DEVELOPPIECES:0.4987179979514419
C_MATERIAL:0.469612051229494
