ELO:968
CE_PASSEDPAWNS:0.4735719604894993
CE_PAWNWEAKNESSES:0.49758166976881574
CE_PIECEACTIVITY:0.4934178182361486
CE_KINGPAWNSHIELD:0.5295142327040553
CE_PIECECOORDINATION:0.4959203334271378
CE_MATERIAL:0.4769456063765995
CE_KINGSAFETY:0.5
C_PIECESQUARETABLES:0.5
C_MOBILITY:0.512599307326203
C_KINGSAFETY:0.4723002575476055
C_PAWNSTRUCTURE:0.4894783592374487
C_PIECECOORDINATION:0.5027752624043627
C_ROOKANDPAWNMOVEMENT:0.5027752624043627
C_CENTERCONTROL:0.4844708472300022
C_DEVELOPPIECES:0.46989022554779525
C_MATERIAL:0.4717063259519143
C_MOVECOUNT:0.48322267874973807
