ELO:745
CE_PASSEDPAWNS:0.5596809353324972
CE_PAWNWEAKNESSES:0.47450734923490284
CE_PIECEACTIVITY:0.5696639547206126
CE_KINGPAWNSHIELD:0.4672391418093747
CE_PIECECOORDINATION:0.4822153544921131
CE_MATERIAL:0.4712165792631322
CE_KINGSAFETY:0.4916779128125884
C_PIECESQUARETABLES:0.4951126080558693
C_MOBILITY:0.5552529865534113
C_KINGSAFETY:0.4875973640200186
C_PAWNSTRUCTURE:0.5134611933128326
C_PIECECOORDINATION:0.5345315464903666
C_ROOKANDPAWNMOVEMENT:0.5345315464903666
C_CENTERCONTROL:0.49984804871171024
C_DEVELOPPIECES:0.4835397819582202
C_MATERIAL:0.6365373746338373
C_MOVECOUNT:0.5034918554695078
