ELO:958
CE_PASSEDPAWNS:0.3397676598874336
CE_PAWNWEAKNESSES:0.4871604329067461
CE_PIECEACTIVITY:0.48316203241188244
CE_KINGPAWNSHIELD:0.6057746052528719
CE_PIECECOORDINATION:0.47355689617435404
CE_MATERIAL:0.46651322500449316
CE_KINGSAFETY:0.4614749019644169
C_PIECESQUARETABLES:0.5905451503253563
C_MOBILITY:0.5411619827735515
C_KINGSAFETY:0.39998282665937984
C_PAWNSTRUCTURE:0.501786363838077
C_PIECECOORDINATION:0.44500568589468525
C_ROOKANDPAWNMOVEMENT:0.44500568589468525
C_CENTERCONTROL:0.4970151011885274
C_DEVELOPPIECES:0.5934429626371039
C_MATERIAL:0.4913604173837389
