ELO:941
CE_PASSEDPAWNS:0.5264457695707425
CE_PAWNWEAKNESSES:0.4907812436134022
CE_PIECEACTIVITY:0.5031180880808802
CE_KINGPAWNSHIELD:0.45792696134897254
CE_PIECECOORDINATION:0.5145412193737487
CE_MATERIAL:0.5280984627147611
CE_KINGSAFETY:0.5372632813010535
C_PIECESQUARETABLES:0.47665459963983325
C_MOBILITY:0.5359093285126093
C_KINGSAFETY:0.5314834417716607
C_PAWNSTRUCTURE:0.5015626428145042
C_PIECECOORDINATION:0.5190856378450012
C_ROOKANDPAWNMOVEMENT:0.5190856378450012
C_CENTERCONTROL:0.5049136014915045
C_DEVELOPPIECES:0.49060285369201684
C_MATERIAL:0.4721815005488032
C_MOVECOUNT:0.48699343185531013
