ELO:988
CE_PASSEDPAWNS:0.5049386973294999
CE_PAWNWEAKNESSES:0.5334286576621208
CE_PIECEACTIVITY:0.5115517959390631
CE_KINGPAWNSHIELD:0.4144350539938906
CE_PIECECOORDINATION:0.4468179140041047
CE_MATERIAL:0.5521029664299599
CE_KINGSAFETY:0.5
C_PIECESQUARETABLES:0.5
C_MOBILITY:0.5051936863316279
C_KINGSAFETY:0.512154063589565
C_PAWNSTRUCTURE:0.5013081076511899
C_PIECECOORDINATION:0.5350567576815112
C_ROOKANDPAWNMOVEMENT:0.5350567576815112
C_CENTERCONTROL:0.40336817311184403
C_DEVELOPPIECES:0.4961387167207058
C_MATERIAL:0.5859692747107864
