ELO:1062
CE_PASSEDPAWNS:0.5066863116184059
CE_PAWNWEAKNESSES:0.5035729315938957
CE_PIECEACTIVITY:0.5
CE_KINGPAWNSHIELD:0.5073027843139611
CE_PIECECOORDINATION:0.5
CE_MATERIAL:0.5157638031241787
CE_KINGSAFETY:0.5012731526401657
C_PIECESQUARETABLES:0.5175350026263593
C_MOBILITY:0.48811328067503074
C_KINGSAFETY:0.4800669732716951
C_PAWNSTRUCTURE:0.49919505074068293
C_PIECECOORDINATION:0.49278197572571913
C_ROOKANDPAWNMOVEMENT:0.49278197572571913
C_CENTERCONTROL:0.49565715665234256
C_DEVELOPPIECES:0.5010015047142483
C_MATERIAL:0.5
