ELO:735
CE_PASSEDPAWNS:0.5551720536400243
CE_PAWNWEAKNESSES:0.5979654900378552
CE_PIECEACTIVITY:0.40846795494088173
CE_KINGPAWNSHIELD:0.43512704242507605
CE_PIECECOORDINATION:0.5422925844554526
CE_MATERIAL:0.4418744915988961
CE_KINGSAFETY:0.5186304724118707
C_PIECESQUARETABLES:0.4531795054764788
C_MOBILITY:0.4032826721943626
C_KINGSAFETY:0.4616924585456631
C_PAWNSTRUCTURE:0.49047797040633906
C_PIECECOORDINATION:0.5917622600604818
C_ROOKANDPAWNMOVEMENT:0.5917622600604818
C_CENTERCONTROL:0.42344051788038867
C_DEVELOPPIECES:0.5056178017933037
C_MATERIAL:0.5116761099155606
C_MOVECOUNT:0.5
