ELO:796
CE_PASSEDPAWNS:0.5616767597133776
CE_PAWNWEAKNESSES:0.610144026573254
CE_PIECEACTIVITY:0.43810937669940997
CE_KINGPAWNSHIELD:0.4257279555119557
CE_PIECECOORDINATION:0.5184551562008418
CE_MATERIAL:0.46750423597577523
CE_KINGSAFETY:0.5186140500212648
C_PIECESQUARETABLES:0.43068945056605457
C_MOBILITY:0.41599458638382597
C_KINGSAFETY:0.4866905457721453
C_PAWNSTRUCTURE:0.47003572988898434
C_PIECECOORDINATION:0.6127121701737646
C_ROOKANDPAWNMOVEMENT:0.6127121701737646
C_CENTERCONTROL:0.4138002160324185
C_DEVELOPPIECES:0.524039112609775
C_MATERIAL:0.46785794197143976
C_MOVECOUNT:0.5
