ELO:1000
CE_PASSEDPAWNS:0.48904401400901076
CE_PAWNWEAKNESSES:0.53178648469235
CE_PIECEACTIVITY:0.49482681345661655
CE_KINGPAWNSHIELD:0.47866060678380806
CE_PIECECOORDINATION:0.48387298855691785
CE_MATERIAL:0.48011373056094525
CE_KINGSAFETY:0.49443975625324
C_PIECESQUARETABLES:0.47874360978028474
C_MOBILITY:0.5168110008436627
C_KINGSAFETY:0.4827970488944694
C_PAWNSTRUCTURE:0.46943273176122136
C_PIECECOORDINATION:0.4785611531128798
C_ROOKANDPAWNMOVEMENT:0.4785611531128798
C_CENTERCONTROL:0.4821231520902941
C_DEVELOPPIECES:0.5022116035471788
C_MATERIAL:0.4765304548753802
