ELO:825
CE_PASSEDPAWNS:0.5233325555896216
CE_PAWNWEAKNESSES:0.5605409670821907
CE_PIECEACTIVITY:0.42835930307464054
CE_KINGPAWNSHIELD:0.4086351255565698
CE_PIECECOORDINATION:0.5408777633697941
CE_MATERIAL:0.4700987567598459
CE_KINGSAFETY:0.5197109453729796
C_PIECESQUARETABLES:0.47686328188720556
C_MOBILITY:0.4436456959885456
C_KINGSAFETY:0.5118754473308644
C_PAWNSTRUCTURE:0.5335461381157232
C_PIECECOORDINATION:0.539799136350673
C_ROOKANDPAWNMOVEMENT:0.539799136350673
C_CENTERCONTROL:0.48036473443591077
C_DEVELOPPIECES:0.5162237482302018
C_MATERIAL:0.5342210157255665
C_MOVECOUNT:0.5
