ELO:938
CE_PASSEDPAWNS:0.4843338361799324
CE_PAWNWEAKNESSES:0.5359700263904669
CE_PIECEACTIVITY:0.4672324465494804
CE_KINGPAWNSHIELD:0.5248175524682925
CE_PIECECOORDINATION:0.5291176031524903
CE_MATERIAL:0.44514574378547445
CE_KINGSAFETY:0.4898567578646165
C_PIECESQUARETABLES:0.49597451669841436
C_MOBILITY:0.4899540493542978
C_KINGSAFETY:0.534808143833733
C_PAWNSTRUCTURE:0.4716460006632829
C_PIECECOORDINATION:0.503820067287613
C_ROOK:0.500335619894501
CE_ROOK:0.5265773325611284
C_CENTERCONTROL:0.4862658394595921
C_DEVELOPPIECES:0.4961895344254161
C_MATERIAL:0.48504697819053877
C_MOVECOUNT:0.5250471284955724
C_PAWNMOVEMENT:0.5199736185255074
