ELO:940
CE_PASSEDPAWNS:0.5081153422952589
CE_PAWNWEAKNESSES:0.5083824449339451
CE_PIECEACTIVITY:0.48042265217836627
CE_KINGPAWNSHIELD:0.5063497980279548
CE_PIECECOORDINATION:0.4958881382440979
CE_MATERIAL:0.5166680847580184
CE_KINGSAFETY:0.4973706370215852
C_PIECESQUARETABLES:0.512012696980259
C_MOBILITY:0.5008057470676708
C_KINGSAFETY:0.5100507797986195
C_PAWNSTRUCTURE:0.5034797428954787
C_PIECECOORDINATION:0.483559355964287
C_ROOKANDPAWNMOVEMENT:0.483559355964287
C_CENTERCONTROL:0.49739305109459464
C_DEVELOPPIECES:0.5000861894791383
C_MATERIAL:0.5117614203450604
C_MOVECOUNT:0.5329735818492033
