ELO:797
CE_PASSEDPAWNS:0.5666266354866941
CE_PAWNWEAKNESSES:0.5892763595095696
CE_PIECEACTIVITY:0.42711842723905796
CE_KINGPAWNSHIELD:0.43259030222803513
CE_PIECECOORDINATION:0.5287761155107803
CE_MATERIAL:0.4442577437735324
CE_KINGSAFETY:0.5410585084508016
C_PIECESQUARETABLES:0.47075303593975526
C_MOBILITY:0.40977442937723624
C_KINGSAFETY:0.46969526410212276
C_PAWNSTRUCTURE:0.4924596877159503
C_PIECECOORDINATION:0.5743663888492222
C_ROOKANDPAWNMOVEMENT:0.5743663888492222
C_CENTERCONTROL:0.44086330453403405
C_DEVELOPPIECES:0.4950323351992319
C_MATERIAL:0.4920886141805167
C_MOVECOUNT:0.5
