ELO:998
CE_PASSEDPAWNS:0.4467323760280546
CE_PAWNWEAKNESSES:0.4367098954686299
CE_PIECEACTIVITY:0.5303917765726948
CE_KINGPAWNSHIELD:0.5441762630763971
CE_PIECECOORDINATION:0.5077561131557426
CE_MATERIAL:0.48201511128751
CE_KINGSAFETY:0.5033382064017444
C_PIECESQUARETABLES:0.5
C_MOBILITY:0.5307784850983898
C_KINGSAFETY:0.4815780831144465
C_PAWNSTRUCTURE:0.49170492436983704
C_PIECECOORDINATION:0.41703753456264675
C_ROOKANDPAWNMOVEMENT:0.41703753456264675
C_CENTERCONTROL:0.5234238771495635
C_DEVELOPPIECES:0.4963247289774638
C_MATERIAL:0.45922356987452545
