ELO:1000
CE_PASSEDPAWNS:0.47605658733441863
CE_PAWNWEAKNESSES:0.5704565681260371
CE_PIECEACTIVITY:0.4993166612125307
CE_KINGPAWNSHIELD:0.5348555601215973
CE_PIECECOORDINATION:0.47132761856884553
CE_MATERIAL:0.45496067585437455
CE_KINGSAFETY:0.53250520095265
C_PIECESQUARETABLES:0.4676434404420169
C_MOBILITY:0.4907184354122827
C_KINGSAFETY:0.4680714498794449
C_PAWNSTRUCTURE:0.4731790373759751
C_PIECECOORDINATION:0.47679052606775285
C_ROOKANDPAWNMOVEMENT:0.47679052606775285
C_CENTERCONTROL:0.5156400676935429
C_DEVELOPPIECES:0.533293304865996
C_MATERIAL:0.45412685167628064
