ELO:970
CE_PASSEDPAWNS:0.5549867393686508
CE_PAWNWEAKNESSES:0.5410348104754417
CE_PIECEACTIVITY:0.4429203808368739
CE_KINGPAWNSHIELD:0.5876712650692005
CE_PIECECOORDINATION:0.37369576445926594
CE_MATERIAL:0.5230323893314744
CE_KINGSAFETY:0.4852835777883771
C_PIECESQUARETABLES:0.5126000366921987
C_MOBILITY:0.5166029759286961
C_KINGSAFETY:0.38825750440259643
C_PAWNSTRUCTURE:0.462266754932548
C_PIECECOORDINATION:0.4353554128791135
C_ROOKANDPAWNMOVEMENT:0.4353554128791135
C_CENTERCONTROL:0.44119223082375486
C_DEVELOPPIECES:0.5335530236897983
C_MATERIAL:0.5955879656732156
