ELO:1024
CE_PASSEDPAWNS:0.49967113230484955
CE_PAWNWEAKNESSES:0.5041852802899994
CE_PIECEACTIVITY:0.5
CE_KINGPAWNSHIELD:0.5143704068076096
CE_PIECECOORDINATION:0.5
CE_MATERIAL:0.4926629236693348
CE_KINGSAFETY:0.5090505201085156
C_PIECESQUARETABLES:0.4969096834690706
C_MOBILITY:0.5
C_KINGSAFETY:0.4860204610298518
C_PAWNSTRUCTURE:0.4987232590680539
C_PIECECOORDINATION:0.5069277950681957
C_ROOKANDPAWNMOVEMENT:0.5069277950681957
C_CENTERCONTROL:0.5
C_DEVELOPPIECES:0.5067423291188238
C_MATERIAL:0.5081371110709922
C_MOVECOUNT:0.5
