ELO:913
CE_PASSEDPAWNS:0.5042127342839434
CE_PAWNWEAKNESSES:0.5149612892340061
CE_PIECEACTIVITY:0.503012577989352
CE_KINGPAWNSHIELD:0.516515224083599
CE_PIECECOORDINATION:0.5101810415176833
CE_MATERIAL:0.4850792627420971
CE_KINGSAFETY:0.5037945347076156
C_PIECESQUARETABLES:0.48849492123346683
C_MOBILITY:0.4941010799302692
C_KINGSAFETY:0.5009879422668692
C_PAWNSTRUCTURE:0.5219079535546791
C_PIECECOORDINATION:0.4659808404740742
C_ROOKANDPAWNMOVEMENT:0.4659808404740742
C_CENTERCONTROL:0.48727230103527536
C_DEVELOPPIECES:0.5327676994153812
C_MATERIAL:0.5269242393419931
C_MOVECOUNT:0.4853299560685364
