ELO:946
CE_PASSEDPAWNS:0.4966182620713606
CE_PAWNWEAKNESSES:0.5247268921805199
CE_PIECEACTIVITY:0.46250252225193417
CE_KINGPAWNSHIELD:0.5236064517501603
CE_PIECECOORDINATION:0.5316617565902284
CE_MATERIAL:0.4582984203278958
CE_KINGSAFETY:0.5073759897272551
C_PIECESQUARETABLES:0.5097074341120926
C_MOBILITY:0.5017253679292775
C_KINGSAFETY:0.5256389116978736
C_PAWNSTRUCTURE:0.459141318241244
C_PIECECOORDINATION:0.503820067287613
C_ROOK:0.5053949393514163
CE_ROOK:0.5265773325611284
C_CENTERCONTROL:0.4826022157938212
C_DEVELOPPIECES:0.49496840197849334
C_MATERIAL:0.4823436276509429
C_MOVECOUNT:0.5269874765915948
C_PAWNMOVEMENT:0.528406424353529
