ELO:973
CE_PASSEDPAWNS:0.4294206272489567
CE_PAWNWEAKNESSES:0.4743437722349964
CE_PIECEACTIVITY:0.5231780525588822
CE_KINGPAWNSHIELD:0.5111641031317197
CE_PIECECOORDINATION:0.5119441473541578
CE_MATERIAL:0.46300451965513284
CE_KINGSAFETY:0.5062379046976772
C_PIECESQUARETABLES:0.488921878285077
C_MOBILITY:0.5358287204787663
C_KINGSAFETY:0.4798686802062268
C_PAWNSTRUCTURE:0.4694623080877062
C_PIECECOORDINATION:0.44983325597354845
C_ROOKANDPAWNMOVEMENT:0.44983325597354845
C_CENTERCONTROL:0.48188413032344285
C_DEVELOPPIECES:0.5605951511949906
C_MATERIAL:0.4571708606800865
