ELO:844
CE_PASSEDPAWNS:0.49976516972295026
CE_PAWNWEAKNESSES:0.5499971484354855
CE_PIECEACTIVITY:0.4764239068521334
CE_KINGPAWNSHIELD:0.5239029544055674
CE_PIECECOORDINATION:0.5746101175097905
CE_MATERIAL:0.4733346547357272
CE_KINGSAFETY:0.5
C_PIECESQUARETABLES:0.5
C_MOBILITY:0.48952547416616304
C_KINGSAFETY:0.5209163926164689
C_PAWNSTRUCTURE:0.48272295183087516
C_PIECECOORDINATION:0.4900345592745301
C_ROOK:0.4978239236874779
CE_ROOK:0.5122942283587912
C_CENTERCONTROL:0.5026789816212208
C_DEVELOPPIECES:0.5115222369921435
C_MATERIAL:0.4929532749183057
C_MOVECOUNT:0.5548481929760445
C_PAWNMOVEMENT:0.5195656942403726
