ELO:999
CE_PASSEDPAWNS:0.48727351713876776
CE_PAWNWEAKNESSES:0.5376832787751635
CE_PIECEACTIVITY:0.5074439406885612
CE_KINGPAWNSHIELD:0.5449218637288139
CE_PIECECOORDINATION:0.4679032375626655
CE_MATERIAL:0.4598020349055768
CE_KINGSAFETY:0.5185780191155224
C_PIECESQUARETABLES:0.4653770243266802
C_MOBILITY:0.46410576702655415
C_KINGSAFETY:0.4420438101759944
C_PAWNSTRUCTURE:0.4646582394380473
C_PIECECOORDINATION:0.46764623406268063
C_ROOKANDPAWNMOVEMENT:0.46764623406268063
C_CENTERCONTROL:0.5507877138433357
C_DEVELOPPIECES:0.5408299203161284
C_MATERIAL:0.4821505865905159
