ELO:1000
CE_PASSEDPAWNS:0.4629619901394383
CE_PAWNWEAKNESSES:0.43222605026868305
CE_PIECEACTIVITY:0.5258815898946476
CE_KINGPAWNSHIELD:0.5378545665570266
CE_PIECECOORDINATION:0.4975593733481473
CE_MATERIAL:0.48201511128751
CE_KINGSAFETY:0.47751557317229076
C_PIECESQUARETABLES:0.5107335979529931
C_MOBILITY:0.5130633592316134
C_KINGSAFETY:0.4815780831144465
C_PAWNSTRUCTURE:0.49823381049032484
C_PIECECOORDINATION:0.4107554125289799
C_ROOKANDPAWNMOVEMENT:0.4107554125289799
C_CENTERCONTROL:0.5234238771495635
C_DEVELOPPIECES:0.4987179979514419
C_MATERIAL:0.45922356987452545
