ELO:1000
CE_PASSEDPAWNS:0.4731857008859588
CE_PAWNWEAKNESSES:0.43588984583602786
CE_PIECEACTIVITY:0.5302345195447956
CE_KINGPAWNSHIELD:0.5280334100411885
CE_PIECECOORDINATION:0.4908424617779165
CE_MATERIAL:0.5111732513818407
CE_KINGSAFETY:0.45291950896864813
C_PIECESQUARETABLES:0.46670104929053097
C_MOBILITY:0.5193346241965845
C_KINGSAFETY:0.48732251282628
C_PAWNSTRUCTURE:0.5057004847054773
C_PIECECOORDINATION:0.40833958814278326
C_ROOKANDPAWNMOVEMENT:0.40833958814278326
C_CENTERCONTROL:0.537998233373453
C_DEVELOPPIECES:0.49887106750927573
C_MATERIAL:0.4576173567583799
