ELO:988
CE_PASSEDPAWNS:0.5049386973294999
CE_PAWNWEAKNESSES:0.5214541251967971
CE_PIECEACTIVITY:0.5134009591831541
CE_KINGPAWNSHIELD:0.4076561608377238
CE_PIECECOORDINATION:0.4468179140041047
CE_MATERIAL:0.5521029664299599
CE_KINGSAFETY:0.4947664434987956
C_PIECESQUARETABLES:0.5
C_MOBILITY:0.5075337925033605
C_KINGSAFETY:0.5064187295785894
C_PAWNSTRUCTURE:0.5006281247243053
C_PIECECOORDINATION:0.5374475460672026
C_ROOKANDPAWNMOVEMENT:0.5374475460672026
C_CENTERCONTROL:0.3752282626604955
C_DEVELOPPIECES:0.5067495606305472
C_MATERIAL:0.5975261737665394
