ELO:964
CE_PASSEDPAWNS:0.4532695978471995
CE_PAWNWEAKNESSES:0.5006104854064277
CE_PIECEACTIVITY:0.45322997768147555
CE_KINGPAWNSHIELD:0.5893179788779342
CE_PIECECOORDINATION:0.5133714720071623
CE_MATERIAL:0.41237886705497595
CE_KINGSAFETY:0.457564168867708
C_PIECESQUARETABLES:0.5
C_MOBILITY:0.5880936838355311
C_KINGSAFETY:0.5233915518126556
C_PAWNSTRUCTURE:0.5736460950116149
C_PIECECOORDINATION:0.5272857107399547
C_ROOKANDPAWNMOVEMENT:0.5272857107399547
C_CENTERCONTROL:0.5917255610074821
C_DEVELOPPIECES:0.4386960566725044
C_MATERIAL:0.578519153624051
