ELO:861
CE_PASSEDPAWNS:0.5081569514962505
CE_PAWNWEAKNESSES:0.5576951031805878
CE_PIECEACTIVITY:0.4764239068521334
CE_KINGPAWNSHIELD:0.5239029544055674
CE_PIECECOORDINATION:0.5584720387898282
CE_MATERIAL:0.46297013799423
CE_KINGSAFETY:0.46316436421987695
C_PIECESQUARETABLES:0.5
C_MOBILITY:0.48952547416616304
C_KINGSAFETY:0.521102232803276
C_PAWNSTRUCTURE:0.4786960106639205
C_PIECECOORDINATION:0.47908765656866875
C_ROOK:0.48489246318119
CE_ROOK:0.520872584484978
C_CENTERCONTROL:0.5026789816212208
C_DEVELOPPIECES:0.5115222369921435
C_MATERIAL:0.4929532749183057
C_MOVECOUNT:0.5456867987165529
C_PAWNMOVEMENT:0.5110942492217023
