ELO:963
CE_PASSEDPAWNS:0.5623720273152741
CE_PAWNWEAKNESSES:0.5406502695909132
CE_PIECEACTIVITY:0.46138364625532
CE_KINGPAWNSHIELD:0.5662984474717043
CE_PIECECOORDINATION:0.39455768588785356
CE_MATERIAL:0.5430233751272036
CE_KINGSAFETY:0.4845760454110761
C_PIECESQUARETABLES:0.5130777423031293
C_MOBILITY:0.5102623827135674
C_KINGSAFETY:0.37580496695582283
C_PAWNSTRUCTURE:0.45794875644031563
C_PIECECOORDINATION:0.48935460344975706
C_ROOKANDPAWNMOVEMENT:0.48935460344975706
C_CENTERCONTROL:0.4541561936232295
C_DEVELOPPIECES:0.5336324439874466
C_MATERIAL:0.5914512608955288
