ELO:948
CE_PASSEDPAWNS:0.46095882237380764
CE_PAWNWEAKNESSES:0.4382571356456073
CE_PIECEACTIVITY:0.4788886612478385
CE_KINGPAWNSHIELD:0.4576719056955742
CE_PIECECOORDINATION:0.40855983944206614
CE_MATERIAL:0.5324911721922101
CE_KINGSAFETY:0.49141791116939443
C_PIECESQUARETABLES:0.5
C_MOBILITY:0.4011004229381246
C_KINGSAFETY:0.45839341125964905
C_PAWNSTRUCTURE:0.5535225474338893
C_PIECECOORDINATION:0.468494526340365
C_ROOKANDPAWNMOVEMENT:0.468494526340365
C_CENTERCONTROL:0.6311413523493024
C_DEVELOPPIECES:0.4814929680439383
C_MATERIAL:0.5170687692092968
