ELO:915
CE_PASSEDPAWNS:0.45959458784342644
CE_PAWNWEAKNESSES:0.4127347000761013
CE_PIECEACTIVITY:0.4643155384572149
CE_KINGPAWNSHIELD:0.49127110889665987
CE_PIECECOORDINATION:0.4138761610274898
CE_MATERIAL:0.545762171509585
CE_KINGSAFETY:0.5048287980724476
C_PIECESQUARETABLES:0.5021600814684786
C_MOBILITY:0.4146707892454495
C_KINGSAFETY:0.46018171132700814
C_PAWNSTRUCTURE:0.5404247636642859
C_PIECECOORDINATION:0.5313552122246097
C_ROOKANDPAWNMOVEMENT:0.5313552122246097
C_CENTERCONTROL:0.6161253269546476
C_DEVELOPPIECES:0.5088861674728193
C_MATERIAL:0.5002446120487214
