ELO:1082
CE_PASSEDPAWNS:0.5231821593585948
CE_PAWNWEAKNESSES:0.5024279463138361
CE_PIECEACTIVITY:0.4908809042338925
CE_KINGPAWNSHIELD:0.4949120375988748
CE_PIECECOORDINATION:0.5005688860707546
CE_MATERIAL:0.5091984028686514
CE_KINGSAFETY:0.4850250375883288
C_PIECESQUARETABLES:0.4968429269638394
C_MOBILITY:0.5
C_KINGSAFETY:0.5
C_PAWNSTRUCTURE:0.5035994663554809
C_PIECECOORDINATION:0.48175123969515304
C_ROOKANDPAWNMOVEMENT:0.48175123969515304
C_CENTERCONTROL:0.4945577376678812
C_DEVELOPPIECES:0.5
C_MATERIAL:0.5022057511759956
