ELO:999
CE_PASSEDPAWNS:0.5043420721111582
CE_PAWNWEAKNESSES:0.4921472061719066
CE_PIECEACTIVITY:0.5
CE_KINGPAWNSHIELD:0.5199460290667685
CE_PIECECOORDINATION:0.5066373955650331
CE_MATERIAL:0.5
CE_KINGSAFETY:0.4918192498500384
C_PIECESQUARETABLES:0.5
C_MOBILITY:0.5175455367911967
C_KINGSAFETY:0.5177465712759238
C_PAWNSTRUCTURE:0.5015004844053662
C_PIECECOORDINATION:0.5005442356055912
C_ROOKANDPAWNMOVEMENT:0.5005442356055912
C_CENTERCONTROL:0.5049726234816657
C_DEVELOPPIECES:0.4985285290399178
C_MATERIAL:0.49308038620898464
C_MOVECOUNT:0.5029320746263519
