ELO:801
CE_PASSEDPAWNS:0.3957560859038638
CE_PAWNWEAKNESSES:0.47188956754694594
CE_PIECEACTIVITY:0.44833821653385725
CE_KINGPAWNSHIELD:0.5793611522296525
CE_PIECECOORDINATION:0.5515211171883069
CE_MATERIAL:0.46512946182525117
CE_KINGSAFETY:0.5014403176685973
C_PIECESQUARETABLES:0.5612677814627974
C_MOBILITY:0.4603095946856334
C_KINGSAFETY:0.5883950834807572
C_PAWNSTRUCTURE:0.5419793269857058
C_PIECECOORDINATION:0.5133102478618948
C_ROOKANDPAWNMOVEMENT:0.5133102478618948
C_CENTERCONTROL:0.5301081656591844
C_DEVELOPPIECES:0.6228165602729083
C_MATERIAL:0.48466523262345523
C_MOVECOUNT:0.5
