ELO:868
CE_PASSEDPAWNS:0.49807741302899466
CE_PAWNWEAKNESSES:0.38819336873438653
CE_PIECEACTIVITY:0.4075646644100361
CE_KINGPAWNSHIELD:0.6743965069433363
CE_PIECECOORDINATION:0.439128702305697
CE_MATERIAL:0.5384851685138382
CE_KINGSAFETY:0.5195346576332589
C_PIECESQUARETABLES:0.509362570071625
C_MOBILITY:0.5012392084827693
C_KINGSAFETY:0.5967991404903975
C_PAWNSTRUCTURE:0.5140323037110425
C_PIECECOORDINATION:0.44270383064230545
C_ROOKANDPAWNMOVEMENT:0.44270383064230545
C_CENTERCONTROL:0.5606529323476814
C_DEVELOPPIECES:0.5303480290384358
C_MATERIAL:0.44823288946626993
