ELO:983
CE_PASSEDPAWNS:0.5037604847162285
CE_PAWNWEAKNESSES:0.4954674699074313
CE_PIECEACTIVITY:0.5400810963754095
CE_KINGPAWNSHIELD:0.5015471535824202
CE_PIECECOORDINATION:0.53433782657228
CE_MATERIAL:0.47066269037546815
CE_KINGSAFETY:0.5383864150609148
C_PIECESQUARETABLES:0.49518198249729356
C_MOBILITY:0.4857340728633006
C_KINGSAFETY:0.5042149466053881
C_PAWNSTRUCTURE:0.5301823033193035
C_PIECECOORDINATION:0.49275043153174874
C_ROOK:0.48339858046196216
CE_ROOK:0.48975641178599444
C_CENTERCONTROL:0.5166246280462113
C_DEVELOPPIECES:0.485146299061775
C_MATERIAL:0.4736019232723873
C_MOVECOUNT:0.5076189304992813
C_PAWNMOVEMENT:0.5147907540876293
