ELO:981
CE_PASSEDPAWNS:0.49099330417856557
CE_PAWNWEAKNESSES:0.48660919007817915
CE_PIECEACTIVITY:0.49675062255326613
CE_KINGPAWNSHIELD:0.4966729467656534
CE_PIECECOORDINATION:0.499142567461787
CE_MATERIAL:0.48417729420845695
CE_KINGSAFETY:0.4989418861551975
C_PIECESQUARETABLES:0.4981010446218097
C_MOBILITY:0.5071418295509907
C_KINGSAFETY:0.4984598585668463
C_PAWNSTRUCTURE:0.49520071580756697
C_PIECECOORDINATION:0.49361594287015503
C_ROOKANDPAWNMOVEMENT:0.49361594287015503
C_CENTERCONTROL:0.5080075843172164
C_DEVELOPPIECES:0.4920852020427937
C_MATERIAL:0.4984205895714503
C_MOVECOUNT:0.5
