ELO:1000
CE_PASSEDPAWNS:0.5
CE_PAWNWEAKNESSES:0.49189131899414645
CE_PIECEACTIVITY:0.5
CE_KINGPAWNSHIELD:0.5006008078736662
CE_PIECECOORDINATION:0.5119715767136664
CE_MATERIAL:0.5
CE_KINGSAFETY:0.4939410461497485
C_PIECESQUARETABLES:0.5
C_MOBILITY:0.5
C_KINGSAFETY:0.5
C_PAWNSTRUCTURE:0.5
C_PIECECOORDINATION:0.5
C_ROOK:0.5120429654543411
CE_ROOK:0.4929421226803312
C_CENTERCONTROL:0.5
C_DEVELOPPIECES:0.49040551381282216
C_MATERIAL:0.49074431632944027
C_MOVECOUNT:0.507541066774938
C_PAWNMOVEMENT:0.49388565950302954
