ELO:1000
CE_PASSEDPAWNS:0.4698772149811069
CE_PAWNWEAKNESSES:0.49781762262488316
CE_PIECEACTIVITY:0.5185931324721013
CE_KINGPAWNSHIELD:0.5071926036525323
CE_PIECECOORDINATION:0.4987793379846342
CE_MATERIAL:0.49052231381872197
CE_KINGSAFETY:0.5333736938029082
C_PIECESQUARETABLES:0.5350309561121215
C_MOBILITY:0.46474118865716746
C_KINGSAFETY:0.4732280342312134
C_PAWNSTRUCTURE:0.46629413390415453
C_PIECECOORDINATION:0.4944587588375343
C_ROOKANDPAWNMOVEMENT:0.4944587588375343
C_CENTERCONTROL:0.5054390887365279
C_DEVELOPPIECES:0.48987799454359915
C_MATERIAL:0.5117610265114474
