ELO:973
CE_PASSEDPAWNS:0.4458983629117845
CE_PAWNWEAKNESSES:0.4184961496840698
CE_PIECEACTIVITY:0.4767938588393296
CE_KINGPAWNSHIELD:0.5046858658873814
CE_PIECECOORDINATION:0.40790762405699543
CE_MATERIAL:0.5312750764865167
CE_KINGSAFETY:0.5428496742333835
C_PIECESQUARETABLES:0.5270659724795755
C_MOBILITY:0.43571489720670625
C_KINGSAFETY:0.44760955343132913
C_PAWNSTRUCTURE:0.5414825122637229
C_PIECECOORDINATION:0.5246492386186542
C_ROOKANDPAWNMOVEMENT:0.5246492386186542
C_CENTERCONTROL:0.619913928746113
C_DEVELOPPIECES:0.5026338573850185
C_MATERIAL:0.5202027524053048
