ELO:988
CE_PASSEDPAWNS:0.5156839845540195
CE_PAWNWEAKNESSES:0.5335702516889975
CE_PIECEACTIVITY:0.5134009591831541
CE_KINGPAWNSHIELD:0.3953034024030538
CE_PIECECOORDINATION:0.44538019471221774
CE_MATERIAL:0.5589091208060617
CE_KINGSAFETY:0.4947664434987956
C_PIECESQUARETABLES:0.5026732762557808
C_MOBILITY:0.4986133213456154
C_KINGSAFETY:0.5138664542413726
C_PAWNSTRUCTURE:0.5227423930306251
C_PIECECOORDINATION:0.5350567576815112
C_ROOKANDPAWNMOVEMENT:0.5350567576815112
C_CENTERCONTROL:0.3976101602692124
C_DEVELOPPIECES:0.5159235874385378
C_MATERIAL:0.5764747815135525
