ELO:934
CE_PASSEDPAWNS:0.4410246136625456
CE_PAWNWEAKNESSES:0.5119821942201255
CE_PIECEACTIVITY:0.5489061157618335
CE_KINGPAWNSHIELD:0.478141154103048
CE_PIECECOORDINATION:0.5230997150548776
CE_MATERIAL:0.5306296405310561
CE_KINGSAFETY:0.5
C_PIECESQUARETABLES:0.4886922669343384
C_MOBILITY:0.40337196737943243
C_KINGSAFETY:0.3956872638517984
C_PAWNSTRUCTURE:0.42917310949917736
C_PIECECOORDINATION:0.44527162686708766
C_ROOKANDPAWNMOVEMENT:0.44527162686708766
C_CENTERCONTROL:0.5209551422719471
C_DEVELOPPIECES:0.35981212251068634
C_MATERIAL:0.46492039700934984
