ELO:1000
CE_PASSEDPAWNS:0.42763013172244946
CE_PAWNWEAKNESSES:0.437926884155429
CE_PIECEACTIVITY:0.49365079552269503
CE_KINGPAWNSHIELD:0.48706539076053446
CE_PIECECOORDINATION:0.472640167675723
CE_MATERIAL:0.5177128189388917
CE_KINGSAFETY:0.5383716252291396
C_PIECESQUARETABLES:0.5174521635095376
C_MOBILITY:0.44356958438112726
C_KINGSAFETY:0.4987153416508152
C_PAWNSTRUCTURE:0.538187090934172
C_PIECECOORDINATION:0.5245138201036524
C_ROOKANDPAWNMOVEMENT:0.5245138201036524
C_CENTERCONTROL:0.5666945685840977
C_DEVELOPPIECES:0.5185803319966391
C_MATERIAL:0.5160455044003674
