ELO:968
CE_PASSEDPAWNS:0.40796130797181096
CE_PAWNWEAKNESSES:0.5141382438760349
CE_PIECEACTIVITY:0.4892372573330106
CE_KINGPAWNSHIELD:0.4758131258270783
CE_PIECECOORDINATION:0.4990666778497747
CE_MATERIAL:0.5804097801554794
CE_KINGSAFETY:0.49171614159392285
C_PIECESQUARETABLES:0.5
C_MOBILITY:0.4755411142273692
C_KINGSAFETY:0.437984862697272
C_PAWNSTRUCTURE:0.4471017679362966
C_PIECECOORDINATION:0.42602450034173056
C_ROOKANDPAWNMOVEMENT:0.42602450034173056
C_CENTERCONTROL:0.48732986665233513
C_DEVELOPPIECES:0.3950674242109405
C_MATERIAL:0.4837951406569438
