ELO:945
CE_PASSEDPAWNS:0.4239852780677025
CE_PAWNWEAKNESSES:0.532563950054178
CE_PIECEACTIVITY:0.5096102208386946
CE_KINGPAWNSHIELD:0.5054580146247885
CE_PIECECOORDINATION:0.5265589621655009
CE_MATERIAL:0.5544935228254377
CE_KINGSAFETY:0.5166589638482042
C_PIECESQUARETABLES:0.500269580539222
C_MOBILITY:0.4396276589438913
C_KINGSAFETY:0.4372698294890948
C_PAWNSTRUCTURE:0.4534198816744734
C_PIECECOORDINATION:0.426076768684941
C_ROOKANDPAWNMOVEMENT:0.426076768684941
C_CENTERCONTROL:0.5001474601490694
C_DEVELOPPIECES:0.3575632853527812
C_MATERIAL:0.45001022194027823
