ELO:1000
CE_PASSEDPAWNS:0.5
CE_PAWNWEAKNESSES:0.5
CE_PIECEACTIVITY:0.5
CE_KINGPAWNSHIELD:0.5006008078736662
CE_PIECECOORDINATION:0.5
CE_MATERIAL:0.5
CE_KINGSAFETY:0.4939410461497485
C_PIECESQUARETABLES:0.5
C_MOBILITY:0.5
C_KINGSAFETY:0.5
C_PAWNSTRUCTURE:0.5
C_PIECECOORDINATION:0.5
C_ROOK:0.5120429654543411
CE_ROOK:0.4929421226803312
C_CENTERCONTROL:0.5
C_DEVELOPPIECES:0.4900767033675009
C_MATERIAL:0.49518245071000333
C_MOVECOUNT:0.5030231200381322
C_PAWNMOVEMENT:0.5
