ELO:960
CE_PASSEDPAWNS:0.41282890398981964
CE_PAWNWEAKNESSES:0.4954744418764659
CE_PIECEACTIVITY:0.49180474116473233
CE_KINGPAWNSHIELD:0.4706121309593908
CE_PIECECOORDINATION:0.5106038753569705
CE_MATERIAL:0.5689199666554803
CE_KINGSAFETY:0.5213033317367136
C_PIECESQUARETABLES:0.519234528627948
C_MOBILITY:0.46212883707037167
C_KINGSAFETY:0.4329039773038879
C_PAWNSTRUCTURE:0.42951550492478546
C_PIECECOORDINATION:0.40678036873240286
C_ROOKANDPAWNMOVEMENT:0.40678036873240286
C_CENTERCONTROL:0.48774991118143457
C_DEVELOPPIECES:0.4085709295955492
C_MATERIAL:0.46351055699693583
