ELO:954
CE_PASSEDPAWNS:0.5045582926994084
CE_PAWNWEAKNESSES:0.4664005705966917
CE_PIECEACTIVITY:0.5606408525786107
CE_KINGPAWNSHIELD:0.5456217285632255
CE_PIECECOORDINATION:0.5332453022237953
CE_MATERIAL:0.5203387883649906
CE_KINGSAFETY:0.5
C_PIECESQUARETABLES:0.5
C_MOBILITY:0.5209840840061878
C_KINGSAFETY:0.5183707341364948
C_PAWNSTRUCTURE:0.44815803675924076
C_PIECECOORDINATION:0.5223382895650328
C_ROOK:0.5512840783864547
CE_ROOK:0.4898236193890389
C_CENTERCONTROL:0.48111748666449394
C_DEVELOPPIECES:0.5183169072342602
C_MATERIAL:0.5515547581457438
C_MOVECOUNT:0.5085808510074188
C_PAWNMOVEMENT:0.47587382372921033
