ELO:938
CE_PASSEDPAWNS:0.45136072316854153
CE_PAWNWEAKNESSES:0.4423901954726678
CE_PIECEACTIVITY:0.4742791556779592
CE_KINGPAWNSHIELD:0.46234115837297785
CE_PIECECOORDINATION:0.39826033561857066
CE_MATERIAL:0.5237299287451285
CE_KINGSAFETY:0.5154374979796291
C_PIECESQUARETABLES:0.501737156829654
C_MOBILITY:0.39287215411489446
C_KINGSAFETY:0.45839341125964905
C_PAWNSTRUCTURE:0.5308855069955112
C_PIECECOORDINATION:0.487257306238056
C_ROOKANDPAWNMOVEMENT:0.487257306238056
C_CENTERCONTROL:0.6276058664828768
C_DEVELOPPIECES:0.502957525840943
C_MATERIAL:0.4999912359176453
