ELO:984
CE_PASSEDPAWNS:0.5037604847162285
CE_PAWNWEAKNESSES:0.49748582415301157
CE_PIECEACTIVITY:0.5443088659261917
CE_KINGPAWNSHIELD:0.499616095358535
CE_PIECECOORDINATION:0.5315926601063266
CE_MATERIAL:0.4733089098297812
CE_KINGSAFETY:0.5300122867012779
C_PIECESQUARETABLES:0.49518198249729356
C_MOBILITY:0.4896441694622912
C_KINGSAFETY:0.5042149466053881
C_PAWNSTRUCTURE:0.5281006757102832
C_PIECECOORDINATION:0.4948188586651508
C_ROOK:0.48339858046196216
CE_ROOK:0.48975641178599444
C_CENTERCONTROL:0.514833254318374
C_DEVELOPPIECES:0.47964352260076687
C_MATERIAL:0.475932175621703
C_MOVECOUNT:0.5076189304992813
C_PAWNMOVEMENT:0.5134571515797082
