ELO:836
CE_PASSEDPAWNS:0.4236427093299639
CE_PAWNWEAKNESSES:0.4533399498169481
CE_PIECEACTIVITY:0.44239381185943577
CE_KINGPAWNSHIELD:0.5857191843053002
CE_PIECECOORDINATION:0.5210449710829983
CE_MATERIAL:0.4766103740682443
CE_KINGSAFETY:0.5272623262586347
C_PIECESQUARETABLES:0.5352378695353893
C_MOBILITY:0.433996064401527
C_KINGSAFETY:0.5655809576037422
C_PAWNSTRUCTURE:0.5198530778004871
C_PIECECOORDINATION:0.5391229456520537
C_ROOKANDPAWNMOVEMENT:0.5391229456520537
C_CENTERCONTROL:0.5257018848138614
C_DEVELOPPIECES:0.6071768567709053
C_MATERIAL:0.4969735828078783
C_MOVECOUNT:0.5
