ELO:1010
CE_PASSEDPAWNS:0.5111205199287276
CE_PAWNWEAKNESSES:0.4989743826476497
CE_PIECEACTIVITY:0.5038785898209102
CE_KINGPAWNSHIELD:0.5113618203344323
CE_PIECECOORDINATION:0.5
CE_MATERIAL:0.5054734930030579
CE_KINGSAFETY:0.5
C_PIECESQUARETABLES:0.5
C_MOBILITY:0.5
C_KINGSAFETY:0.49462480660132874
C_PAWNSTRUCTURE:0.5052354153044553
C_PIECECOORDINATION:0.5014934239178009
C_ROOKANDPAWNMOVEMENT:0.5014934239178009
C_CENTERCONTROL:0.4960609498727738
C_DEVELOPPIECES:0.5096413276279392
C_MATERIAL:0.5092959005522141
C_MOVECOUNT:0.5
