ELO:974
CE_PASSEDPAWNS:0.5071671538354909
CE_PAWNWEAKNESSES:0.4918070265863921
CE_PIECEACTIVITY:0.5012473580632301
CE_KINGPAWNSHIELD:0.5047822914206124
CE_PIECECOORDINATION:0.47154194605818855
CE_MATERIAL:0.5
CE_KINGSAFETY:0.508094277569405
C_PIECESQUARETABLES:0.5
C_MOBILITY:0.4831006548853995
C_KINGSAFETY:0.5116393173260756
C_PAWNSTRUCTURE:0.4804194889551858
C_PIECECOORDINATION:0.5007766057946382
C_ROOKANDPAWNMOVEMENT:0.5007766057946382
C_CENTERCONTROL:0.5099669923026501
C_DEVELOPPIECES:0.5014428108548784
C_MATERIAL:0.4737624471861192
C_MOVECOUNT:0.4977342845865121
