ELO:878
CE_PASSEDPAWNS:0.49786849369630787
CE_PAWNWEAKNESSES:0.5059731247341208
CE_PIECEACTIVITY:0.47317600426383194
CE_KINGPAWNSHIELD:0.5829732163799841
CE_PIECECOORDINATION:0.5158131127706267
CE_MATERIAL:0.519425682490083
CE_KINGSAFETY:0.4808442577561259
C_PIECESQUARETABLES:0.5206486020433692
C_MOBILITY:0.5362033844692888
C_KINGSAFETY:0.5717229544024022
C_PAWNSTRUCTURE:0.49506326187962585
C_PIECECOORDINATION:0.48576213295391923
C_ROOKANDPAWNMOVEMENT:0.48576213295391923
C_CENTERCONTROL:0.545534806076534
C_DEVELOPPIECES:0.5205216926385107
C_MATERIAL:0.4716635537782794
C_MOVECOUNT:0.5
