ELO:815
CE_PASSEDPAWNS:0.47669552667442205
CE_PAWNWEAKNESSES:0.45303813121037745
CE_PIECEACTIVITY:0.4663700483602515
CE_KINGPAWNSHIELD:0.5784694550664098
CE_PIECECOORDINATION:0.5215963690301003
CE_MATERIAL:0.4980955287895385
CE_KINGSAFETY:0.5030717789460413
C_PIECESQUARETABLES:0.554297953210993
C_MOBILITY:0.48419800161603405
C_KINGSAFETY:0.5348186937021038
C_PAWNSTRUCTURE:0.4846766404996205
C_PIECECOORDINATION:0.5192926423373571
C_ROOKANDPAWNMOVEMENT:0.5192926423373571
C_CENTERCONTROL:0.5410544939504406
C_DEVELOPPIECES:0.5428473388986967
C_MATERIAL:0.4892608675313433
C_MOVECOUNT:0.5
