ELO:958
CE_PASSEDPAWNS:0.47643272291075195
CE_PAWNWEAKNESSES:0.4921373937450024
CE_PIECEACTIVITY:0.5144887947102397
CE_KINGPAWNSHIELD:0.5113061974805908
CE_PIECECOORDINATION:0.49704745599033334
CE_MATERIAL:0.46224756307761583
CE_KINGSAFETY:0.5006624034953816
C_PIECESQUARETABLES:0.45997727043044107
C_MOBILITY:0.5000876986888803
C_KINGSAFETY:0.5021334275121763
C_PAWNSTRUCTURE:0.5180195092130498
C_PIECECOORDINATION:0.48668057240567036
C_ROOKANDPAWNMOVEMENT:0.48668057240567036
C_CENTERCONTROL:0.5378084401365392
C_DEVELOPPIECES:0.5326882700904729
C_MATERIAL:0.4978914111015885
C_MOVECOUNT:0.5
