ELO:999
CE_PASSEDPAWNS:0.4958118453868294
CE_PAWNWEAKNESSES:0.5053804129646488
CE_PIECEACTIVITY:0.5057588500266376
CE_KINGPAWNSHIELD:0.4888918305924861
CE_PIECECOORDINATION:0.5055727196282112
CE_MATERIAL:0.49325287345724267
CE_KINGSAFETY:0.5
C_PIECESQUARETABLES:0.5
C_MOBILITY:0.5133945074135239
C_KINGSAFETY:0.4997412166422791
C_PAWNSTRUCTURE:0.5095171561242149
C_PIECECOORDINATION:0.5014934239178009
C_ROOKANDPAWNMOVEMENT:0.5014934239178009
C_CENTERCONTROL:0.5
C_DEVELOPPIECES:0.4973560284085215
C_MATERIAL:0.5017149659870312
C_MOVECOUNT:0.5
