ELO:971
CE_PASSEDPAWNS:0.45429780625924937
CE_PAWNWEAKNESSES:0.44595402859652583
CE_PIECEACTIVITY:0.48369966121259605
CE_KINGPAWNSHIELD:0.4958240380275415
CE_PIECECOORDINATION:0.39458048380831756
CE_MATERIAL:0.546599092184203
CE_KINGSAFETY:0.5634614908207461
C_PIECESQUARETABLES:0.5346990809603821
C_MOBILITY:0.42401237887550114
C_KINGSAFETY:0.4657957214748649
C_PAWNSTRUCTURE:0.5605419889042693
C_PIECECOORDINATION:0.5166599216546205
C_ROOKANDPAWNMOVEMENT:0.5166599216546205
C_CENTERCONTROL:0.6124700135310494
C_DEVELOPPIECES:0.5121111642369367
C_MATERIAL:0.5168242441965695
