ELO:853
CE_PASSEDPAWNS:0.4844741975860701
CE_PAWNWEAKNESSES:0.37191280178762676
CE_PIECEACTIVITY:0.4048985688957623
CE_KINGPAWNSHIELD:0.6940445239125194
CE_PIECECOORDINATION:0.40236006627550425
CE_MATERIAL:0.533089369370554
CE_KINGSAFETY:0.5118484146382911
C_PIECESQUARETABLES:0.47731839379005503
C_MOBILITY:0.48702697899408676
C_KINGSAFETY:0.5902176148736036
C_PAWNSTRUCTURE:0.5118404765290644
C_PIECECOORDINATION:0.42188603728679275
C_ROOKANDPAWNMOVEMENT:0.42188603728679275
C_CENTERCONTROL:0.5249028280044867
C_DEVELOPPIECES:0.5389467178506264
C_MATERIAL:0.438756023915545
