ELO:1000
CE_PASSEDPAWNS:0.49325005575857706
CE_PAWNWEAKNESSES:0.45023881737988697
CE_PIECEACTIVITY:0.4825097153336059
CE_KINGPAWNSHIELD:0.492974739758473
CE_PIECECOORDINATION:0.4451776687366201
CE_MATERIAL:0.4893101377645096
CE_KINGSAFETY:0.48320974850995896
C_PIECESQUARETABLES:0.4949385880380145
C_MOBILITY:0.49750160702517227
C_KINGSAFETY:0.5132197458864581
C_PAWNSTRUCTURE:0.5133628155748977
C_PIECECOORDINATION:0.5417846064705917
C_ROOKANDPAWNMOVEMENT:0.5417846064705917
C_CENTERCONTROL:0.5484722770105861
C_DEVELOPPIECES:0.5010119384640688
C_MATERIAL:0.515698590205095
