ELO:998
CE_PASSEDPAWNS:0.5114205948538058
CE_PAWNWEAKNESSES:0.5118978792362076
CE_PIECEACTIVITY:0.502809178866851
CE_KINGPAWNSHIELD:0.5080640477291517
CE_PIECECOORDINATION:0.5119715767136664
CE_MATERIAL:0.5001564294995144
CE_KINGSAFETY:0.5
C_PIECESQUARETABLES:0.5
C_MOBILITY:0.48684368642809406
C_KINGSAFETY:0.4802764123627807
C_PAWNSTRUCTURE:0.4828512362875889
C_PIECECOORDINATION:0.5192053591395369
C_ROOK:0.5243302100791792
CE_ROOK:0.4864019474804661
C_CENTERCONTROL:0.4887659973773245
C_DEVELOPPIECES:0.5295123362896534
C_MATERIAL:0.5090394440474265
C_MOVECOUNT:0.485009521524822
C_PAWNMOVEMENT:0.4930478201441775
