ELO:939
CE_PASSEDPAWNS:0.4252048543717353
CE_PAWNWEAKNESSES:0.5108290654612331
CE_PIECEACTIVITY:0.5108037427337611
CE_KINGPAWNSHIELD:0.5075461338819064
CE_PIECECOORDINATION:0.5036649497072906
CE_MATERIAL:0.5322217672189805
CE_KINGSAFETY:0.5158398468984655
C_PIECESQUARETABLES:0.5
C_MOBILITY:0.4232981338083745
C_KINGSAFETY:0.4278364402475045
C_PAWNSTRUCTURE:0.43748916294405743
C_PIECECOORDINATION:0.42982848627578046
C_ROOKANDPAWNMOVEMENT:0.42982848627578046
C_CENTERCONTROL:0.5330721953085051
C_DEVELOPPIECES:0.3669215567640592
C_MATERIAL:0.45614302917009475
