ELO:926
CE_PASSEDPAWNS:0.5339923655134946
CE_PAWNWEAKNESSES:0.5301009095967256
CE_PIECEACTIVITY:0.5325729271556806
CE_KINGPAWNSHIELD:0.48313191069566486
CE_PIECECOORDINATION:0.5581618030043369
CE_MATERIAL:0.5227424184689896
CE_KINGSAFETY:0.4978351601575862
C_PIECESQUARETABLES:0.5065969053198688
C_MOBILITY:0.5029915041479621
C_KINGSAFETY:0.46232275311251947
C_PAWNSTRUCTURE:0.5858718753114279
C_PIECECOORDINATION:0.5332602377457692
C_ROOK:0.5021180864273207
CE_ROOK:0.509569507537202
C_CENTERCONTROL:0.5039412528329985
C_DEVELOPPIECES:0.47548260639110124
C_MATERIAL:0.4712396224552686
C_MOVECOUNT:0.5178805561976987
C_PAWNMOVEMENT:0.48515260478463546
