ELO:983
CE_PASSEDPAWNS:0.5037604847162285
CE_PAWNWEAKNESSES:0.48997560175655036
CE_PIECEACTIVITY:0.5409398148544408
CE_KINGPAWNSHIELD:0.4994058270134568
CE_PIECECOORDINATION:0.5249109106683727
CE_MATERIAL:0.4733089098297812
CE_KINGSAFETY:0.5105635214239341
C_PIECESQUARETABLES:0.5
C_MOBILITY:0.48125046537845634
C_KINGSAFETY:0.510612525241887
C_PAWNSTRUCTURE:0.5191287867479902
C_PIECECOORDINATION:0.5054285231316493
C_ROOK:0.4911060255762762
CE_ROOK:0.4997957968789388
C_CENTERCONTROL:0.5035270532736781
C_DEVELOPPIECES:0.4770381388187182
C_MATERIAL:0.475932175621703
C_MOVECOUNT:0.5031184688556957
C_PAWNMOVEMENT:0.5050456355832909
