ELO:987
CE_PASSEDPAWNS:0.5064678388489963
CE_PAWNWEAKNESSES:0.5113858169362094
CE_PIECEACTIVITY:0.5103625446916139
CE_KINGPAWNSHIELD:0.49149514865530025
CE_PIECECOORDINATION:0.5
CE_MATERIAL:0.4920236908332156
CE_KINGSAFETY:0.5
C_PIECESQUARETABLES:0.5
C_MOBILITY:0.5
C_KINGSAFETY:0.5161953974123953
C_PAWNSTRUCTURE:0.49658896545301867
C_PIECECOORDINATION:0.5
C_ROOKANDPAWNMOVEMENT:0.5
C_CENTERCONTROL:0.5
C_DEVELOPPIECES:0.5
C_MATERIAL:0.5112244494819902
C_MOVECOUNT:0.5
