ELO:1016
CE_PASSEDPAWNS:0.5016259524126951
CE_PAWNWEAKNESSES:0.496309692816044
CE_PIECEACTIVITY:0.5104137052971905
CE_KINGPAWNSHIELD:0.4725742186740245
CE_PIECECOORDINATION:0.5
CE_MATERIAL:0.46369109946441667
CE_KINGSAFETY:0.5
C_PIECESQUARETABLES:0.5
C_MOBILITY:0.48445083488625595
C_KINGSAFETY:0.48592022344600583
C_PAWNSTRUCTURE:0.487011235458674
C_PIECECOORDINATION:0.501756087542889
C_ROOKANDPAWNMOVEMENT:0.501756087542889
C_CENTERCONTROL:0.49430138653497524
C_DEVELOPPIECES:0.5154884641759369
C_MATERIAL:0.5021500312190418
C_MOVECOUNT:0.5264205672608357
