ELO:999
CE_PASSEDPAWNS:0.5162524822576461
CE_PAWNWEAKNESSES:0.4944155772920567
CE_PIECEACTIVITY:0.5243860905953495
CE_KINGPAWNSHIELD:0.5224832526377359
CE_PIECECOORDINATION:0.5333116223639248
CE_MATERIAL:0.4975902733901933
CE_KINGSAFETY:0.5
C_PIECESQUARETABLES:0.5
C_MOBILITY:0.49516718915557645
C_KINGSAFETY:0.4950862587462479
C_PAWNSTRUCTURE:0.5072601080814034
C_PIECECOORDINATION:0.5015397872293177
C_ROOK:0.5130814578685717
CE_ROOK:0.4942978211590888
C_CENTERCONTROL:0.5359882418433312
C_DEVELOPPIECES:0.5001636855728272
C_MATERIAL:0.4893926640072716
C_MOVECOUNT:0.45993138121384947
C_PAWNMOVEMENT:0.5420365671892254
