ELO:925
CE_PASSEDPAWNS:0.4590513568102482
CE_PAWNWEAKNESSES:0.3889160845306807
CE_PIECEACTIVITY:0.48924485840574894
CE_KINGPAWNSHIELD:0.47189616670490736
CE_PIECECOORDINATION:0.42034319404461934
CE_MATERIAL:0.5868367620567607
CE_KINGSAFETY:0.46848445809155703
C_PIECESQUARETABLES:0.4487427050624464
C_MOBILITY:0.4477268410782561
C_KINGSAFETY:0.49796163118635245
C_PAWNSTRUCTURE:0.5531319118725894
C_PIECECOORDINATION:0.5363061331203534
C_ROOKANDPAWNMOVEMENT:0.5363061331203534
C_CENTERCONTROL:0.6518194093431565
C_DEVELOPPIECES:0.5217693478584589
C_MATERIAL:0.5243606279426238
