ELO:996
CE_PASSEDPAWNS:0.49681004381467697
CE_PAWNWEAKNESSES:0.5000950934630609
CE_PIECEACTIVITY:0.5056720535037356
CE_KINGPAWNSHIELD:0.5011356107923796
CE_PIECECOORDINATION:0.509983388226028
CE_MATERIAL:0.4787425010644611
CE_KINGSAFETY:0.5
C_PIECESQUARETABLES:0.5
C_MOBILITY:0.5165826754200267
C_KINGSAFETY:0.4796789784020728
C_PAWNSTRUCTURE:0.506645686014992
C_PIECECOORDINATION:0.5312146802298431
C_ROOK:0.5229160053090129
CE_ROOK:0.4498075106231535
C_CENTERCONTROL:0.49997534739609534
C_DEVELOPPIECES:0.5042999761505258
C_MATERIAL:0.4983145440905801
C_MOVECOUNT:0.4952579687036022
C_PAWNMOVEMENT:0.5090216519430878
