ELO:869
CE_PASSEDPAWNS:0.4673601736831607
CE_PAWNWEAKNESSES:0.5067552003848359
CE_PIECEACTIVITY:0.5161356931941838
CE_KINGPAWNSHIELD:0.448511440602144
CE_PIECECOORDINATION:0.5460727113632647
CE_MATERIAL:0.4896402503302597
CE_KINGSAFETY:0.5558895464211335
C_PIECESQUARETABLES:0.5
C_MOBILITY:0.5131915646909255
C_KINGSAFETY:0.5309428415825747
C_PAWNSTRUCTURE:0.5059282556495847
C_PIECECOORDINATION:0.5468997927191743
C_ROOKANDPAWNMOVEMENT:0.5468997927191743
C_CENTERCONTROL:0.6118811846811542
C_DEVELOPPIECES:0.4938492335178421
C_MATERIAL:0.5208470600714779
C_MOVECOUNT:0.5
