ELO:988
CE_PASSEDPAWNS:0.5156839845540195
CE_PAWNWEAKNESSES:0.5214541251967971
CE_PIECEACTIVITY:0.5134009591831541
CE_KINGPAWNSHIELD:0.3993386953173311
CE_PIECECOORDINATION:0.4535454616714728
CE_MATERIAL:0.5622684388242613
CE_KINGSAFETY:0.5
C_PIECESQUARETABLES:0.5026732762557808
C_MOBILITY:0.4986133213456154
C_KINGSAFETY:0.5138664542413726
C_PAWNSTRUCTURE:0.5006281247243053
C_PIECECOORDINATION:0.5253185343101622
C_ROOKANDPAWNMOVEMENT:0.5253185343101622
C_CENTERCONTROL:0.40336817311184403
C_DEVELOPPIECES:0.5033725687838638
C_MATERIAL:0.5859692747107864
