ELO:933
CE_PASSEDPAWNS:0.4694518551967537
CE_PAWNWEAKNESSES:0.38382730344983224
CE_PIECEACTIVITY:0.46775869516511176
CE_KINGPAWNSHIELD:0.4797176116242918
CE_PIECECOORDINATION:0.4314512696209795
CE_MATERIAL:0.5598893998314943
CE_KINGSAFETY:0.4686789638486667
C_PIECESQUARETABLES:0.46793229378005835
C_MOBILITY:0.4349574356850144
C_KINGSAFETY:0.46791644582722386
C_PAWNSTRUCTURE:0.5533226938419469
C_PIECECOORDINATION:0.5391107003020998
C_ROOKANDPAWNMOVEMENT:0.5391107003020998
C_CENTERCONTROL:0.6433516734332498
C_DEVELOPPIECES:0.5281218990805172
C_MATERIAL:0.5295420600768584
