ELO:1000
CE_PASSEDPAWNS:0.5105355001546436
CE_PAWNWEAKNESSES:0.46230094467322497
CE_PIECEACTIVITY:0.48657572460239973
CE_KINGPAWNSHIELD:0.4956916875427031
CE_PIECECOORDINATION:0.45977149776581794
CE_MATERIAL:0.491661712116993
CE_KINGSAFETY:0.4638842469176994
C_PIECESQUARETABLES:0.49815471890464685
C_MOBILITY:0.5024113781837796
C_KINGSAFETY:0.5262710921168654
C_PAWNSTRUCTURE:0.5019644850361934
C_PIECECOORDINATION:0.5511081272258399
C_ROOKANDPAWNMOVEMENT:0.5511081272258399
C_CENTERCONTROL:0.5462405025178884
C_DEVELOPPIECES:0.498152330737745
C_MATERIAL:0.5099393722080314
