ELO:952
CE_PASSEDPAWNS:0.5177116371129044
CE_PAWNWEAKNESSES:0.4918070265863921
CE_PIECEACTIVITY:0.48321366838237123
CE_KINGPAWNSHIELD:0.5016537036957672
CE_PIECECOORDINATION:0.47154194605818855
CE_MATERIAL:0.5
CE_KINGSAFETY:0.5044708735511103
C_PIECESQUARETABLES:0.4962143887137738
C_MOBILITY:0.4891006939113262
C_KINGSAFETY:0.5116393173260756
C_PAWNSTRUCTURE:0.4804194889551858
C_PIECECOORDINATION:0.5066041828720727
C_ROOKANDPAWNMOVEMENT:0.5066041828720727
C_CENTERCONTROL:0.5107149284763981
C_DEVELOPPIECES:0.4898259114169887
C_MATERIAL:0.4737624471861192
C_MOVECOUNT:0.49498698403178015
