ELO:940
CE_PASSEDPAWNS:0.4544287530047569
CE_PAWNWEAKNESSES:0.3747028008321593
CE_PIECEACTIVITY:0.4613987346466377
CE_KINGPAWNSHIELD:0.4605952227011858
CE_PIECECOORDINATION:0.42561328257649916
CE_MATERIAL:0.5799708867176293
CE_KINGSAFETY:0.46101976083362484
C_PIECESQUARETABLES:0.4528702523469676
C_MOBILITY:0.4499921108066259
C_KINGSAFETY:0.49796163118635245
C_PAWNSTRUCTURE:0.5570463852502204
C_PIECECOORDINATION:0.5418322360161222
C_ROOKANDPAWNMOVEMENT:0.5418322360161222
C_CENTERCONTROL:0.6921027178765613
C_DEVELOPPIECES:0.5212912649693004
C_MATERIAL:0.5072099489456077
