ELO:932
CE_PASSEDPAWNS:0.43324343949050015
CE_PAWNWEAKNESSES:0.516069107848505
CE_PIECEACTIVITY:0.5586556564031223
CE_KINGPAWNSHIELD:0.4689279332840807
CE_PIECECOORDINATION:0.5135498621433818
CE_MATERIAL:0.5399768265013832
CE_KINGSAFETY:0.4971869637884256
C_PIECESQUARETABLES:0.4900840459042458
C_MOBILITY:0.3835716116322997
C_KINGSAFETY:0.3820840073682129
C_PAWNSTRUCTURE:0.42917310949917736
C_PIECECOORDINATION:0.44527162686708766
C_ROOKANDPAWNMOVEMENT:0.44527162686708766
C_CENTERCONTROL:0.5209551422719471
C_DEVELOPPIECES:0.3828560016505795
C_MATERIAL:0.46492039700934984
