ELO:898
CE_PASSEDPAWNS:0.4109982451625783
CE_PAWNWEAKNESSES:0.4969195566330616
CE_PIECEACTIVITY:0.5499934888952024
CE_KINGPAWNSHIELD:0.4932125603881613
CE_PIECECOORDINATION:0.47862285419654454
CE_MATERIAL:0.582569970626202
CE_KINGSAFETY:0.5066810680807599
C_PIECESQUARETABLES:0.4623223413070219
C_MOBILITY:0.36467615802891423
C_KINGSAFETY:0.36571620236976915
C_PAWNSTRUCTURE:0.4984092927030183
C_PIECECOORDINATION:0.4635235012404118
C_ROOKANDPAWNMOVEMENT:0.4635235012404118
C_CENTERCONTROL:0.5126961854878506
C_DEVELOPPIECES:0.36713175860584885
C_MATERIAL:0.45850755234555485
