ELO:990
CE_PASSEDPAWNS:0.39792981371987557
CE_PAWNWEAKNESSES:0.44542974891888637
CE_PIECEACTIVITY:0.5975814565428466
CE_KINGPAWNSHIELD:0.5599465954910741
CE_PIECECOORDINATION:0.44538019471221774
CE_MATERIAL:0.564247740342519
CE_KINGSAFETY:0.48841090757047767
C_PIECESQUARETABLES:0.4964479679596775
C_MOBILITY:0.6106431556756368
C_KINGSAFETY:0.5601060646073197
C_PAWNSTRUCTURE:0.6345372191448505
C_PIECECOORDINATION:0.5562674503149065
C_ROOKANDPAWNMOVEMENT:0.5562674503149065
C_CENTERCONTROL:0.3948912352859443
C_DEVELOPPIECES:0.5067198020584739
C_MATERIAL:0.6833586956569498
