ELO:828
CE_PASSEDPAWNS:0.47110939328971646
CE_PAWNWEAKNESSES:0.48750996400255475
CE_PIECEACTIVITY:0.44650922592385783
CE_KINGPAWNSHIELD:0.4899687985532986
CE_PIECECOORDINATION:0.551455143588888
CE_MATERIAL:0.4936604015719053
CE_KINGSAFETY:0.4728638033253825
C_PIECESQUARETABLES:0.48888957028438823
C_MOBILITY:0.5731231827858744
C_KINGSAFETY:0.5279672550575469
C_PAWNSTRUCTURE:0.5118125067753617
C_PIECECOORDINATION:0.46640007821491786
C_ROOKANDPAWNMOVEMENT:0.46640007821491786
C_CENTERCONTROL:0.5393644019486333
C_DEVELOPPIECES:0.5257373731694895
C_MATERIAL:0.5825643390929385
C_MOVECOUNT:0.5
