ELO:1006
CE_PASSEDPAWNS:0.46595897838493566
CE_PAWNWEAKNESSES:0.4893393186104261
CE_PIECEACTIVITY:0.4892622587797301
CE_KINGPAWNSHIELD:0.509674270312367
CE_PIECECOORDINATION:0.5011404793807586
CE_MATERIAL:0.4934669129523613
CE_KINGSAFETY:0.5
C_PIECESQUARETABLES:0.5
C_MOBILITY:0.5118874223146114
C_KINGSAFETY:0.48697836328499156
C_PAWNSTRUCTURE:0.48487599858631003
C_PIECECOORDINATION:0.5
C_ROOKANDPAWNMOVEMENT:0.5
C_CENTERCONTROL:0.5050578964332557
C_DEVELOPPIECES:0.49733295191084
C_MATERIAL:0.5
C_MOVECOUNT:0.5
