ELO:960
CE_PASSEDPAWNS:0.5037604847162285
CE_PAWNWEAKNESSES:0.4900033068902142
CE_PIECEACTIVITY:0.5308393269309063
CE_KINGPAWNSHIELD:0.4994058270134568
CE_PIECECOORDINATION:0.5249109106683727
CE_MATERIAL:0.4733089098297812
CE_KINGSAFETY:0.5
C_PIECESQUARETABLES:0.5
C_MOBILITY:0.48125046537845634
C_KINGSAFETY:0.510612525241887
C_PAWNSTRUCTURE:0.5191287867479902
C_PIECECOORDINATION:0.5012560829447712
C_ROOK:0.4911060255762762
CE_ROOK:0.4997957968789388
C_CENTERCONTROL:0.5004840943663432
C_DEVELOPPIECES:0.4770381388187182
C_MATERIAL:0.48478326501722707
C_MOVECOUNT:0.5031184688556957
C_PAWNMOVEMENT:0.5050456355832909
