ELO:920
CE_PASSEDPAWNS:0.4469287810055307
CE_PAWNWEAKNESSES:0.49584016737909165
CE_PIECEACTIVITY:0.5472128061046492
CE_KINGPAWNSHIELD:0.4811893441361683
CE_PIECECOORDINATION:0.48869958578997236
CE_MATERIAL:0.5662524904373529
CE_KINGSAFETY:0.5081926744815848
C_PIECESQUARETABLES:0.47117649178728305
C_MOBILITY:0.36746605886452366
C_KINGSAFETY:0.3520551738411177
C_PAWNSTRUCTURE:0.4482873401747767
C_PIECECOORDINATION:0.4571675088659333
C_ROOKANDPAWNMOVEMENT:0.4571675088659333
C_CENTERCONTROL:0.4906489703819341
C_DEVELOPPIECES:0.3706162006531231
C_MATERIAL:0.466518849801437
