ELO:977
CE_PASSEDPAWNS:0.5398215032931019
CE_PAWNWEAKNESSES:0.4637811584565189
CE_PIECEACTIVITY:0.47601499584984713
CE_KINGPAWNSHIELD:0.4803339191772181
CE_PIECECOORDINATION:0.4818804435125756
CE_MATERIAL:0.4857179863277638
CE_KINGSAFETY:0.5
C_PIECESQUARETABLES:0.5
C_MOBILITY:0.46039074123242624
C_KINGSAFETY:0.47893026108604364
C_PAWNSTRUCTURE:0.5331832322079172
C_PIECECOORDINATION:0.5131484016416082
C_ROOK:0.5130814578685717
CE_ROOK:0.5180905184364258
C_CENTERCONTROL:0.46549514397354136
C_DEVELOPPIECES:0.5191630286740703
C_MATERIAL:0.5085655857403586
C_MOVECOUNT:0.4908239890834365
C_PAWNMOVEMENT:0.4578632382303157
