ELO:929
CE_PASSEDPAWNS:0.5992406148568754
CE_PAWNWEAKNESSES:0.5204499038452309
CE_PIECEACTIVITY:0.4891727763823279
CE_KINGPAWNSHIELD:0.50000369043316
CE_PIECECOORDINATION:0.44839256052641946
CE_MATERIAL:0.5013480622652938
CE_KINGSAFETY:0.5
C_PIECESQUARETABLES:0.5120238848020209
C_MOBILITY:0.4497686473198709
C_KINGSAFETY:0.5919061349983075
C_PAWNSTRUCTURE:0.6185957155390706
C_PIECECOORDINATION:0.4325920035267049
C_ROOKANDPAWNMOVEMENT:0.4325920035267049
C_CENTERCONTROL:0.4724275249501405
C_DEVELOPPIECES:0.46821933174156294
C_MATERIAL:0.4583131066882135
