ELO:878
CE_PASSEDPAWNS:0.5161400966067504
CE_PAWNWEAKNESSES:0.5331526500392559
CE_PIECEACTIVITY:0.541039715650135
CE_KINGPAWNSHIELD:0.490818534240815
CE_PIECECOORDINATION:0.4768411167236847
CE_MATERIAL:0.5031353042073967
CE_KINGSAFETY:0.5
C_PIECESQUARETABLES:0.5
C_MOBILITY:0.536688580182484
C_KINGSAFETY:0.48012071598469086
C_PAWNSTRUCTURE:0.4761177702098081
C_PIECECOORDINATION:0.4568822966325873
C_ROOK:0.4568088301438819
CE_ROOK:0.48072100916241817
C_CENTERCONTROL:0.5241506685894177
C_DEVELOPPIECES:0.49820145786527487
C_MATERIAL:0.46638941597200434
C_MOVECOUNT:0.4826356743670272
C_PAWNMOVEMENT:0.540803289705335
