ELO:992
CE_PASSEDPAWNS:0.5108056564485585
CE_PAWNWEAKNESSES:0.5089281177544255
CE_PIECEACTIVITY:0.5
CE_KINGPAWNSHIELD:0.4944913192288128
CE_PIECECOORDINATION:0.4877005970295476
CE_MATERIAL:0.5
CE_KINGSAFETY:0.4908068332725237
C_PIECESQUARETABLES:0.5093212176410887
C_MOBILITY:0.505382814177081
C_KINGSAFETY:0.4742225798738523
C_PAWNSTRUCTURE:0.5089408544151964
C_PIECECOORDINATION:0.4990930172327535
C_ROOKANDPAWNMOVEMENT:0.4990930172327535
C_CENTERCONTROL:0.49306079421693233
C_DEVELOPPIECES:0.4997698200925969
C_MATERIAL:0.49184205355148114
C_MOVECOUNT:0.4801385704821941
