ELO:788
CE_PASSEDPAWNS:0.5437101595292548
CE_PAWNWEAKNESSES:0.49687741304521926
CE_PIECEACTIVITY:0.47381319257382126
CE_KINGPAWNSHIELD:0.5040266977339474
CE_PIECECOORDINATION:0.4499031696355399
CE_MATERIAL:0.5375056631356258
CE_KINGSAFETY:0.45678694081940446
C_PIECESQUARETABLES:0.5404725302480463
C_MOBILITY:0.5873674243500183
C_KINGSAFETY:0.5329661631684381
C_PAWNSTRUCTURE:0.4755190669327647
C_PIECECOORDINATION:0.4949306243097972
C_ROOKANDPAWNMOVEMENT:0.4949306243097972
C_CENTERCONTROL:0.3918416823483333
C_DEVELOPPIECES:0.5856635765048802
C_MATERIAL:0.6190139326722168
C_MOVECOUNT:0.5
