ELO:909
CE_PASSEDPAWNS:0.502694817750306
CE_PAWNWEAKNESSES:0.5821330847549396
CE_PIECEACTIVITY:0.5175705616389079
CE_KINGPAWNSHIELD:0.48595864377147907
CE_PIECECOORDINATION:0.4039987910505626
CE_MATERIAL:0.5090542891440143
CE_KINGSAFETY:0.49653268808881634
C_PIECESQUARETABLES:0.48594646148890125
C_MOBILITY:0.4553620048949411
C_KINGSAFETY:0.47288999658931435
C_PAWNSTRUCTURE:0.4981491367684505
C_PIECECOORDINATION:0.47626014806428585
C_ROOKANDPAWNMOVEMENT:0.47626014806428585
C_CENTERCONTROL:0.6027487983262085
C_DEVELOPPIECES:0.5564617624287898
C_MATERIAL:0.3720660769590131
