ELO:1000
CE_PASSEDPAWNS:0.5494790419757922
CE_PAWNWEAKNESSES:0.5338733321113711
CE_PIECEACTIVITY:0.4951534626577885
CE_KINGPAWNSHIELD:0.5417726860118752
CE_PIECECOORDINATION:0.5300563248207337
CE_MATERIAL:0.5396328522762684
CE_KINGSAFETY:0.5435432666824913
C_PIECESQUARETABLES:0.5061178603794366
C_MOBILITY:0.5537119691956252
C_KINGSAFETY:0.4835418943901273
C_PAWNSTRUCTURE:0.47853116721692257
C_PIECECOORDINATION:0.4998580382443116
C_ROOKANDPAWNMOVEMENT:0.4998580382443116
C_CENTERCONTROL:0.5144673348887999
C_DEVELOPPIECES:0.521023993308432
C_MATERIAL:0.48336310141073885
