ELO:922
CE_PASSEDPAWNS:0.5281941545526987
CE_PAWNWEAKNESSES:0.58026039997268
CE_PIECEACTIVITY:0.5106420802588449
CE_KINGPAWNSHIELD:0.481089915620172
CE_PIECECOORDINATION:0.4464144179740275
CE_MATERIAL:0.5284726348426824
CE_KINGSAFETY:0.5069058981923829
C_PIECESQUARETABLES:0.49195795456903635
C_MOBILITY:0.4745860456579049
C_KINGSAFETY:0.47075291043997886
C_PAWNSTRUCTURE:0.47955140578428745
C_PIECECOORDINATION:0.5075062193084369
C_ROOKANDPAWNMOVEMENT:0.5075062193084369
C_CENTERCONTROL:0.6000052261718632
C_DEVELOPPIECES:0.5618154288231294
C_MATERIAL:0.4067453330433743
