ELO:839
CE_PASSEDPAWNS:0.5156269328440104
CE_PAWNWEAKNESSES:0.4349990599757302
CE_PIECEACTIVITY:0.5431111923614113
CE_KINGPAWNSHIELD:0.4188452569053256
CE_PIECECOORDINATION:0.6121148805861977
CE_MATERIAL:0.43428914240847194
CE_KINGSAFETY:0.4851532640684395
C_PIECESQUARETABLES:0.4755074828464926
C_MOBILITY:0.5096513539164913
C_KINGSAFETY:0.5024658482450776
C_PAWNSTRUCTURE:0.5152226897859251
C_PIECECOORDINATION:0.5264656288319085
C_ROOKANDPAWNMOVEMENT:0.5264656288319085
C_CENTERCONTROL:0.46412680646058235
C_DEVELOPPIECES:0.5297125483183718
C_MATERIAL:0.5237058462607419
