ELO:984
CE_PASSEDPAWNS:0.46821311215068345
CE_PAWNWEAKNESSES:0.46514797203790204
CE_PIECEACTIVITY:0.5230805356191951
CE_KINGPAWNSHIELD:0.5189450084591096
CE_PIECECOORDINATION:0.5011718905056552
CE_MATERIAL:0.493276087775086
CE_KINGSAFETY:0.5379649960545227
C_PIECESQUARETABLES:0.5
C_MOBILITY:0.4821292809695993
C_KINGSAFETY:0.5472135616410402
C_PAWNSTRUCTURE:0.487011235458674
C_PIECECOORDINATION:0.4891908165149316
C_ROOKANDPAWNMOVEMENT:0.4891908165149316
C_CENTERCONTROL:0.446365933583725
C_DEVELOPPIECES:0.52994563892511
C_MATERIAL:0.46718968954581724
C_MOVECOUNT:0.43749587637272097
