ELO:949
CE_PASSEDPAWNS:0.5188208333609349
CE_PAWNWEAKNESSES:0.508109794496942
CE_PIECEACTIVITY:0.5248137710553704
CE_KINGPAWNSHIELD:0.468009865806762
CE_PIECECOORDINATION:0.46757114138753975
CE_MATERIAL:0.5333090722220124
CE_KINGSAFETY:0.496173354471361
C_PIECESQUARETABLES:0.49501498742724215
C_MOBILITY:0.5196216498099807
C_KINGSAFETY:0.4891059940916862
C_PAWNSTRUCTURE:0.49631651967999085
C_PIECECOORDINATION:0.4709012611267712
C_ROOK:0.4738403669824509
CE_ROOK:0.47653598840411854
C_CENTERCONTROL:0.4986851679760458
C_DEVELOPPIECES:0.49952608693857475
C_MATERIAL:0.4598228122564218
C_MOVECOUNT:0.4857722133608571
C_PAWNMOVEMENT:0.5207240360470976
