ELO:961
CE_PASSEDPAWNS:0.5140739254363526
CE_PAWNWEAKNESSES:0.5152397707736246
CE_PIECEACTIVITY:0.5210888255355062
CE_KINGPAWNSHIELD:0.48820763429043457
CE_PIECECOORDINATION:0.4744321508516712
CE_MATERIAL:0.5432699260494428
CE_KINGSAFETY:0.4916269045868759
C_PIECESQUARETABLES:0.5
C_MOBILITY:0.5239280798803215
C_KINGSAFETY:0.48382014606421736
C_PAWNSTRUCTURE:0.50130559019841
C_PIECECOORDINATION:0.48515105356917215
C_ROOK:0.47782145113820335
CE_ROOK:0.46990268509610655
C_CENTERCONTROL:0.501869878490993
C_DEVELOPPIECES:0.4996250683594481
C_MATERIAL:0.4830915598911414
C_MOVECOUNT:0.498042098585036
C_PAWNMOVEMENT:0.5095900528257804
