ELO:912
CE_PASSEDPAWNS:0.5373215537285314
CE_PAWNWEAKNESSES:0.5772462275000604
CE_PIECEACTIVITY:0.4933994770151679
CE_KINGPAWNSHIELD:0.4650966086071425
CE_PIECECOORDINATION:0.44600593647451114
CE_MATERIAL:0.5285729353697547
CE_KINGSAFETY:0.48796361687734846
C_PIECESQUARETABLES:0.47606465101557915
C_MOBILITY:0.4799209211938302
C_KINGSAFETY:0.47764494733107576
C_PAWNSTRUCTURE:0.5042358994882743
C_PIECECOORDINATION:0.5061518611437786
C_ROOKANDPAWNMOVEMENT:0.5061518611437786
C_CENTERCONTROL:0.59489410391853
C_DEVELOPPIECES:0.5509607844441965
C_MATERIAL:0.4055601861311333
