ELO:873
CE_PASSEDPAWNS:0.5269649188132328
CE_PAWNWEAKNESSES:0.5262817851689963
CE_PIECEACTIVITY:0.5298328636988758
CE_KINGPAWNSHIELD:0.490818534240815
CE_PIECECOORDINATION:0.4768411167236847
CE_MATERIAL:0.5046249989128962
CE_KINGSAFETY:0.5022835615819324
C_PIECESQUARETABLES:0.4885121391418371
C_MOBILITY:0.536688580182484
C_KINGSAFETY:0.500001666200239
C_PAWNSTRUCTURE:0.4725797488679827
C_PIECECOORDINATION:0.45416008313319195
C_ROOK:0.4568088301438819
CE_ROOK:0.46669541610165777
C_CENTERCONTROL:0.5241506685894177
C_DEVELOPPIECES:0.49820145786527487
C_MATERIAL:0.46638941597200434
C_MOVECOUNT:0.47805304273423493
C_PAWNMOVEMENT:0.5477786217089295
