ELO:979
CE_PASSEDPAWNS:0.4894408413554255
CE_PAWNWEAKNESSES:0.4987656425493869
CE_PIECEACTIVITY:0.4979590574859595
CE_KINGPAWNSHIELD:0.5030913537844425
CE_PIECECOORDINATION:0.5105291821099647
CE_MATERIAL:0.5
CE_KINGSAFETY:0.5
C_PIECESQUARETABLES:0.5
C_MOBILITY:0.4936655387905322
C_KINGSAFETY:0.5192968383891786
C_PAWNSTRUCTURE:0.4886441873180688
C_PIECECOORDINATION:0.49654970355114814
C_ROOKANDPAWNMOVEMENT:0.49654970355114814
C_CENTERCONTROL:0.48898851703988555
C_DEVELOPPIECES:0.501800853458168
C_MATERIAL:0.49701807761496697
C_MOVECOUNT:0.5
