ELO:1098
CE_PASSEDPAWNS:0.6097419085153697
CE_PAWNWEAKNESSES:0.46883691340947076
CE_PIECEACTIVITY:0.48490239961397374
CE_KINGPAWNSHIELD:0.47639264551322336
CE_PIECECOORDINATION:0.475263194007388
CE_MATERIAL:0.4297136014204008
CE_KINGSAFETY:0.508989293275996
C_PIECESQUARETABLES:0.5
C_MOBILITY:0.5512587578650051
C_KINGSAFETY:0.49440289366521756
C_PAWNSTRUCTURE:0.4679495706261385
C_PIECECOORDINATION:0.5171995692500759
C_ROOKANDPAWNMOVEMENT:0.5171995692500759
C_CENTERCONTROL:0.5204054162657819
C_DEVELOPPIECES:0.5645983900750949
C_MATERIAL:0.4035014749272738
