ELO:1092
CE_PASSEDPAWNS:0.43119660466177107
CE_PAWNWEAKNESSES:0.41194681300472785
CE_PIECEACTIVITY:0.4564589472370784
CE_KINGPAWNSHIELD:0.4957093198065597
CE_PIECECOORDINATION:0.4815969862690724
CE_MATERIAL:0.4690941322853375
CE_KINGSAFETY:0.5208955651851683
C_PIECESQUARETABLES:0.500491175851875
C_MOBILITY:0.5303597455661775
C_KINGSAFETY:0.5076807408223325
C_PAWNSTRUCTURE:0.4108932439153206
C_PIECECOORDINATION:0.48056904813123347
C_ROOKANDPAWNMOVEMENT:0.48056904813123347
C_CENTERCONTROL:0.5007996725360266
C_DEVELOPPIECES:0.5358651653956318
C_MATERIAL:0.3901357841411061
