ELO:901
CE_PASSEDPAWNS:0.478636672644572
CE_PAWNWEAKNESSES:0.5615777749388717
CE_PIECEACTIVITY:0.5298328636988758
CE_KINGPAWNSHIELD:0.490818534240815
CE_PIECECOORDINATION:0.46461942179114507
CE_MATERIAL:0.512857622761214
CE_KINGSAFETY:0.527035266571767
C_PIECESQUARETABLES:0.4930851781149093
C_MOBILITY:0.5181570642858718
C_KINGSAFETY:0.5067272546937127
C_PAWNSTRUCTURE:0.48336485620616393
C_PIECECOORDINATION:0.46723785566421433
C_ROOK:0.4465598232164395
CE_ROOK:0.4586806406650815
C_CENTERCONTROL:0.5241506685894177
C_DEVELOPPIECES:0.5260604568366669
C_MATERIAL:0.4694197107980534
C_MOVECOUNT:0.47805304273423493
C_PAWNMOVEMENT:0.535462064625013
