ELO:929
CE_PASSEDPAWNS:0.5817764576750436
CE_PAWNWEAKNESSES:0.46400976523817705
CE_PIECEACTIVITY:0.503917120096455
CE_KINGPAWNSHIELD:0.5118002490089338
CE_PIECECOORDINATION:0.4585835167701978
CE_MATERIAL:0.5316201395112974
CE_KINGSAFETY:0.5166665149217599
C_PIECESQUARETABLES:0.5133645359333667
C_MOBILITY:0.4405838565327157
C_KINGSAFETY:0.5830622289682267
C_PAWNSTRUCTURE:0.6323208667029326
C_PIECECOORDINATION:0.48343614228477844
C_ROOKANDPAWNMOVEMENT:0.48343614228477844
C_CENTERCONTROL:0.4573732500329137
C_DEVELOPPIECES:0.4900479025552114
C_MATERIAL:0.4447148824333223
