ELO:949
CE_PASSEDPAWNS:0.5247079256371736
CE_PAWNWEAKNESSES:0.509176410224166
CE_PIECEACTIVITY:0.5224977720797707
CE_KINGPAWNSHIELD:0.468009865806762
CE_PIECECOORDINATION:0.46757114138753975
CE_MATERIAL:0.535906869335654
CE_KINGSAFETY:0.5
C_PIECESQUARETABLES:0.5
C_MOBILITY:0.5196216498099807
C_KINGSAFETY:0.48677245665285895
C_PAWNSTRUCTURE:0.49631651967999085
C_PIECECOORDINATION:0.47025778401386287
C_ROOK:0.4738403669824509
CE_ROOK:0.47653598840411854
C_CENTERCONTROL:0.4986851679760458
C_DEVELOPPIECES:0.49952608693857475
C_MATERIAL:0.4598228122564218
C_MOVECOUNT:0.49244224202768466
C_PAWNMOVEMENT:0.5207240360470976
