ELO:998
CE_PASSEDPAWNS:0.4909845911694852
CE_PAWNWEAKNESSES:0.5188535193130206
CE_PIECEACTIVITY:0.5117557333307888
CE_KINGPAWNSHIELD:0.5
CE_PIECECOORDINATION:0.48872765428278764
CE_MATERIAL:0.521418816367901
CE_KINGSAFETY:0.4776165612849977
C_PIECESQUARETABLES:0.5080396446716109
C_MOBILITY:0.5066191821141975
C_KINGSAFETY:0.494395999364092
C_PAWNSTRUCTURE:0.4899906349011166
C_PIECECOORDINATION:0.49757584948584566
C_ROOK:0.4948560325649751
CE_ROOK:0.48615431231497824
C_CENTERCONTROL:0.5
C_DEVELOPPIECES:0.5037909337398421
C_MATERIAL:0.5095285591848028
C_MOVECOUNT:0.5
C_PAWNMOVEMENT:0.5054616335623675
