ELO:942
CE_PASSEDPAWNS:0.5169043664159287
CE_PAWNWEAKNESSES:0.5223704562077318
CE_PIECEACTIVITY:0.49813416926280407
CE_KINGPAWNSHIELD:0.5
CE_PIECECOORDINATION:0.4998258030035569
CE_MATERIAL:0.5211192816643458
CE_KINGSAFETY:0.5
C_PIECESQUARETABLES:0.5
C_MOBILITY:0.49449039638219583
C_KINGSAFETY:0.500898763679793
C_PAWNSTRUCTURE:0.4979126386280751
C_PIECECOORDINATION:0.5051203524958939
C_ROOKANDPAWNMOVEMENT:0.5051203524958939
C_CENTERCONTROL:0.49910012953831606
C_DEVELOPPIECES:0.5127293583527381
C_MATERIAL:0.4803424415999057
C_MOVECOUNT:0.5032786919171982
