ELO:934
CE_PASSEDPAWNS:0.5195029634796573
CE_PAWNWEAKNESSES:0.509176410224166
CE_PIECEACTIVITY:0.5298292420821977
CE_KINGPAWNSHIELD:0.49145806723350804
CE_PIECECOORDINATION:0.472386306535985
CE_MATERIAL:0.5307174999068287
CE_KINGSAFETY:0.49481882176915637
C_PIECESQUARETABLES:0.51500577958764
C_MOBILITY:0.5196216498099807
C_KINGSAFETY:0.4862552862624367
C_PAWNSTRUCTURE:0.4867384888439778
C_PIECECOORDINATION:0.4754685566042201
C_ROOK:0.4688931301898495
CE_ROOK:0.4884356594820921
C_CENTERCONTROL:0.4986851679760458
C_DEVELOPPIECES:0.4809353320316268
C_MATERIAL:0.45661274112225325
C_MOVECOUNT:0.4820349469931454
C_PAWNMOVEMENT:0.5299634427697719
