ELO:807
CE_PASSEDPAWNS:0.5127559652310189
CE_PAWNWEAKNESSES:0.42831822119173935
CE_PIECEACTIVITY:0.5895715251367696
CE_KINGPAWNSHIELD:0.4091491376006671
CE_PIECECOORDINATION:0.6103037390075036
CE_MATERIAL:0.43366157838827296
CE_KINGSAFETY:0.5045459876363648
C_PIECESQUARETABLES:0.5096946092902309
C_MOBILITY:0.5191902129268244
C_KINGSAFETY:0.48923733520262075
C_PAWNSTRUCTURE:0.4845518100023991
C_PIECECOORDINATION:0.5500581346522678
C_ROOKANDPAWNMOVEMENT:0.5500581346522678
C_CENTERCONTROL:0.4031289297458503
C_DEVELOPPIECES:0.5127632095537419
C_MATERIAL:0.5273501467209386
