ELO:1046
CE_PASSEDPAWNS:0.5
CE_PAWNWEAKNESSES:0.4953800430266532
CE_PIECEACTIVITY:0.49357150996274374
CE_KINGPAWNSHIELD:0.491490276632038
CE_PIECECOORDINATION:0.49820045813200864
CE_MATERIAL:0.4868496530773326
CE_KINGSAFETY:0.4846253114955651
C_PIECESQUARETABLES:0.5
C_MOBILITY:0.4929264045307812
C_KINGSAFETY:0.48236427858169123
C_PAWNSTRUCTURE:0.5124348522456827
C_PIECECOORDINATION:0.5159423427094448
C_ROOKANDPAWNMOVEMENT:0.5159423427094448
C_CENTERCONTROL:0.5011764541295259
C_DEVELOPPIECES:0.5154844305521021
C_MATERIAL:0.5
C_MOVECOUNT:0.5
