ELO:969
CE_PASSEDPAWNS:0.495544600426821
CE_PAWNWEAKNESSES:0.5108177877820286
CE_PIECEACTIVITY:0.5091048963934094
CE_KINGPAWNSHIELD:0.5040724940210903
CE_PIECECOORDINATION:0.5232282361475022
CE_MATERIAL:0.5221426073506158
CE_KINGSAFETY:0.5104161962773951
C_PIECESQUARETABLES:0.511180259125353
C_MOBILITY:0.4929375748649756
C_KINGSAFETY:0.4836391201011954
C_PAWNSTRUCTURE:0.49700232596362903
C_PIECECOORDINATION:0.5072234490632842
C_ROOKANDPAWNMOVEMENT:0.5072234490632842
C_CENTERCONTROL:0.5168162235050195
C_DEVELOPPIECES:0.487127812811821
C_MATERIAL:0.5180784510741909
C_MOVECOUNT:0.5
