ELO:840
CE_PASSEDPAWNS:0.49044568995215704
CE_PAWNWEAKNESSES:0.5690109115625722
CE_PIECEACTIVITY:0.49439964658206376
CE_KINGPAWNSHIELD:0.5281899278679432
CE_PIECECOORDINATION:0.4858776199450058
CE_MATERIAL:0.4853177850257167
CE_KINGSAFETY:0.49548290250086885
C_PIECESQUARETABLES:0.5628490539820602
C_MOBILITY:0.5503097720087744
C_KINGSAFETY:0.4949080974450859
C_PAWNSTRUCTURE:0.5396041023293335
C_PIECECOORDINATION:0.5078676080046409
C_ROOKANDPAWNMOVEMENT:0.5078676080046409
C_CENTERCONTROL:0.5118039654238875
C_DEVELOPPIECES:0.536279059464936
C_MATERIAL:0.49197893512819096
C_MOVECOUNT:0.5447267542287516
