ELO:1015
CE_PASSEDPAWNS:0.5138941491554128
CE_PAWNWEAKNESSES:0.5
CE_PIECEACTIVITY:0.4934662949674358
CE_KINGPAWNSHIELD:0.5175367639386146
CE_PIECECOORDINATION:0.5
CE_MATERIAL:0.4785376211180258
CE_KINGSAFETY:0.469501122268968
C_PIECESQUARETABLES:0.5
C_MOBILITY:0.4850244591829032
C_KINGSAFETY:0.5236040780285054
C_PAWNSTRUCTURE:0.448223171171647
C_PIECECOORDINATION:0.5
C_ROOKANDPAWNMOVEMENT:0.5
C_CENTERCONTROL:0.5
C_DEVELOPPIECES:0.47052533932066637
C_MATERIAL:0.5
C_MOVECOUNT:0.5
