ELO:907
CE_PASSEDPAWNS:0.5294232813103247
CE_PAWNWEAKNESSES:0.5293197619048339
CE_PIECEACTIVITY:0.5396132870530557
CE_KINGPAWNSHIELD:0.505929990473611
CE_PIECECOORDINATION:0.46568701925856554
CE_MATERIAL:0.5126295061781373
CE_KINGSAFETY:0.498615739854509
C_PIECESQUARETABLES:0.48405743637805065
C_MOBILITY:0.536688580182484
C_KINGSAFETY:0.48854604608505725
C_PAWNSTRUCTURE:0.4702690808346781
C_PIECECOORDINATION:0.4568822966325873
C_ROOK:0.4587011012306135
CE_ROOK:0.5035297142543907
C_CENTERCONTROL:0.5142958898359635
C_DEVELOPPIECES:0.49569145064758446
C_MATERIAL:0.46638941597200434
C_MOVECOUNT:0.4854156314662164
C_PAWNMOVEMENT:0.5543808611468914
