ELO:774
CE_PASSEDPAWNS:0.5487067351880952
CE_PAWNWEAKNESSES:0.5057738194916832
CE_PIECEACTIVITY:0.4900496411325613
CE_KINGPAWNSHIELD:0.5104539597759546
CE_PIECECOORDINATION:0.4372769852073144
CE_MATERIAL:0.536954600658133
CE_KINGSAFETY:0.45119329840532646
C_PIECESQUARETABLES:0.538864232025194
C_MOBILITY:0.60789979286833
C_KINGSAFETY:0.5200216350734099
C_PAWNSTRUCTURE:0.4895756174096314
C_PIECECOORDINATION:0.4931463313187084
C_ROOKANDPAWNMOVEMENT:0.4931463313187084
C_CENTERCONTROL:0.37514068360685177
C_DEVELOPPIECES:0.5996952808277116
C_MATERIAL:0.6243037817275291
C_MOVECOUNT:0.5
