ELO:985
CE_PASSEDPAWNS:0.5003247084250865
CE_PAWNWEAKNESSES:0.5002082313145217
CE_PIECEACTIVITY:0.5
CE_KINGPAWNSHIELD:0.5125618106516733
CE_PIECECOORDINATION:0.5136444482898516
CE_MATERIAL:0.5099393878552713
CE_KINGSAFETY:0.5102797340828393
C_PIECESQUARETABLES:0.5127395060244698
C_MOBILITY:0.5
C_KINGSAFETY:0.5047467865285771
C_PAWNSTRUCTURE:0.5
C_PIECECOORDINATION:0.5
C_ROOKANDPAWNMOVEMENT:0.5
C_CENTERCONTROL:0.48954773573619903
C_DEVELOPPIECES:0.5144782547405226
C_MATERIAL:0.49570710714571065
