ELO:961
CE_PASSEDPAWNS:0.4997626602479843
CE_PAWNWEAKNESSES:0.5049351506323153
CE_PIECEACTIVITY:0.5212935286403234
CE_KINGPAWNSHIELD:0.5221295307726874
CE_PIECECOORDINATION:0.5241415209308468
CE_MATERIAL:0.5539735037917475
CE_KINGSAFETY:0.5049087714428591
C_PIECESQUARETABLES:0.49064496768039556
C_MOBILITY:0.4916678241458924
C_KINGSAFETY:0.4771032047502792
C_PAWNSTRUCTURE:0.5025618294925865
C_PIECECOORDINATION:0.5293539822506467
C_ROOKANDPAWNMOVEMENT:0.5293539822506467
C_CENTERCONTROL:0.5233233075108316
C_DEVELOPPIECES:0.5007645469583824
C_MATERIAL:0.5079228853547356
C_MOVECOUNT:0.5
