ELO:1000
CE_PASSEDPAWNS:0.47256448379106136
CE_PAWNWEAKNESSES:0.486653770398583
CE_PIECEACTIVITY:0.49453620487556366
CE_KINGPAWNSHIELD:0.4665737832275981
CE_PIECECOORDINATION:0.4739950034112189
CE_MATERIAL:0.5147491664860825
CE_KINGSAFETY:0.5048795120564453
C_PIECESQUARETABLES:0.5059131765271414
C_MOBILITY:0.5098475854529461
C_KINGSAFETY:0.4809538546243307
C_PAWNSTRUCTURE:0.5281112634711621
C_PIECECOORDINATION:0.5037464758976433
C_ROOKANDPAWNMOVEMENT:0.5037464758976433
C_CENTERCONTROL:0.5219097572892157
C_DEVELOPPIECES:0.47368344739752105
C_MATERIAL:0.49020348210273484
