ELO:962
CE_PASSEDPAWNS:0.5140739254363526
CE_PAWNWEAKNESSES:0.518484169410103
CE_PIECEACTIVITY:0.5210888255355062
CE_KINGPAWNSHIELD:0.48820763429043457
CE_PIECECOORDINATION:0.46805738941307146
CE_MATERIAL:0.5432699260494428
CE_KINGSAFETY:0.5
C_PIECESQUARETABLES:0.5
C_MOBILITY:0.5239280798803215
C_KINGSAFETY:0.48382014606421736
C_PAWNSTRUCTURE:0.4995532225381161
C_PIECECOORDINATION:0.4906525168711551
C_ROOK:0.4874398518831043
CE_ROOK:0.4777942556098199
C_CENTERCONTROL:0.4999716864663034
C_DEVELOPPIECES:0.4996250683594481
C_MATERIAL:0.4906942754169617
C_MOVECOUNT:0.498042098585036
C_PAWNMOVEMENT:0.49899645981791674
