ELO:987
CE_PASSEDPAWNS:0.48731186364520124
CE_PAWNWEAKNESSES:0.5340785491209572
CE_PIECEACTIVITY:0.49882589777991626
CE_KINGPAWNSHIELD:0.5036528948935619
CE_PIECECOORDINATION:0.4881081507370134
CE_MATERIAL:0.4913939637720438
CE_KINGSAFETY:0.5
C_PIECESQUARETABLES:0.5
C_MOBILITY:0.5
C_KINGSAFETY:0.4949124991454772
C_PAWNSTRUCTURE:0.4892055266356196
C_PIECECOORDINATION:0.5086208550529205
C_ROOKANDPAWNMOVEMENT:0.5086208550529205
C_CENTERCONTROL:0.49485939526744854
C_DEVELOPPIECES:0.4999096496906173
C_MATERIAL:0.5065263893307775
C_MOVECOUNT:0.5
