ELO:988
CE_PASSEDPAWNS:0.5156839845540195
CE_PAWNWEAKNESSES:0.5113375120593417
CE_PIECEACTIVITY:0.5115517959390631
CE_KINGPAWNSHIELD:0.4144350539938906
CE_PIECECOORDINATION:0.45319035447620754
CE_MATERIAL:0.5323089542098856
CE_KINGSAFETY:0.51156636690422
C_PIECESQUARETABLES:0.5
C_MOBILITY:0.49816549280442246
C_KINGSAFETY:0.5033431182182464
C_PAWNSTRUCTURE:0.49469066590800975
C_PIECECOORDINATION:0.543582221266874
C_ROOKANDPAWNMOVEMENT:0.543582221266874
C_CENTERCONTROL:0.3976101602692124
C_DEVELOPPIECES:0.5067495606305472
C_MATERIAL:0.5855014724315591
