ELO:998
CE_PASSEDPAWNS:0.41507853611779466
CE_PAWNWEAKNESSES:0.48245445058650327
CE_PIECEACTIVITY:0.49967575145537324
CE_KINGPAWNSHIELD:0.46014069267691654
CE_PIECECOORDINATION:0.48653532923956366
CE_MATERIAL:0.5115399817741003
CE_KINGSAFETY:0.4710984974966277
C_PIECESQUARETABLES:0.4629735314039348
C_MOBILITY:0.50306956982551
C_KINGSAFETY:0.5005479516790106
C_PAWNSTRUCTURE:0.5350762418340708
C_PIECECOORDINATION:0.5056046157705455
C_ROOKANDPAWNMOVEMENT:0.5056046157705455
C_CENTERCONTROL:0.45736874054547283
C_DEVELOPPIECES:0.5336016251750034
C_MATERIAL:0.5484342091220297
