ELO:923
CE_PASSEDPAWNS:0.5170736933371999
CE_PAWNWEAKNESSES:0.4888667971979664
CE_PIECEACTIVITY:0.5267042480302012
CE_KINGPAWNSHIELD:0.3985552217481299
CE_PIECECOORDINATION:0.481600833509598
CE_MATERIAL:0.4222099456726318
CE_KINGSAFETY:0.47016807751517686
C_PIECESQUARETABLES:0.5007644194047024
C_MOBILITY:0.5377877417998602
C_KINGSAFETY:0.5232755419456491
C_PAWNSTRUCTURE:0.5053461785123875
C_PIECECOORDINATION:0.531580255072623
C_ROOKANDPAWNMOVEMENT:0.531580255072623
C_CENTERCONTROL:0.44978021925814976
C_DEVELOPPIECES:0.537356637804228
C_MATERIAL:0.5181679613712242
