ELO:988
CE_PASSEDPAWNS:0.5241734794717129
CE_PAWNWEAKNESSES:0.5128889835512717
CE_PIECEACTIVITY:0.5260046997747587
CE_KINGPAWNSHIELD:0.4076561608377238
CE_PIECECOORDINATION:0.44538019471221774
CE_MATERIAL:0.5561775794490093
CE_KINGSAFETY:0.5
C_PIECESQUARETABLES:0.49748538258923974
C_MOBILITY:0.48399067714745575
C_KINGSAFETY:0.512154063589565
C_PAWNSTRUCTURE:0.5227423930306251
C_PIECECOORDINATION:0.543582221266874
C_ROOKANDPAWNMOVEMENT:0.543582221266874
C_CENTERCONTROL:0.39971781342396795
C_DEVELOPPIECES:0.5033725687838638
C_MATERIAL:0.5897455457268254
