ELO:938
CE_PASSEDPAWNS:0.5067220476838514
CE_PAWNWEAKNESSES:0.4929486792936944
CE_PIECEACTIVITY:0.5404134186826964
CE_KINGPAWNSHIELD:0.5698526458841783
CE_PIECECOORDINATION:0.5670563550860771
CE_MATERIAL:0.5215219667723839
CE_KINGSAFETY:0.4674413551736197
C_PIECESQUARETABLES:0.48397027053053165
C_MOBILITY:0.45523829275101285
C_KINGSAFETY:0.508595150957798
C_PAWNSTRUCTURE:0.5308016784944656
C_PIECECOORDINATION:0.5519126811185094
C_ROOKANDPAWNMOVEMENT:0.5519126811185094
C_CENTERCONTROL:0.5013676430143232
C_DEVELOPPIECES:0.4745912572325075
C_MATERIAL:0.5037881724539298
C_MOVECOUNT:0.5
