ELO:1000
CE_PASSEDPAWNS:0.4485257057123231
CE_PAWNWEAKNESSES:0.4439298205860032
CE_PIECEACTIVITY:0.46842298820113626
CE_KINGPAWNSHIELD:0.4461239550571613
CE_PIECECOORDINATION:0.47449005256337884
CE_MATERIAL:0.5277585952407223
CE_KINGSAFETY:0.4685662652588692
C_PIECESQUARETABLES:0.46739598611135585
C_MOBILITY:0.5266451441557661
C_KINGSAFETY:0.46321904336878117
C_PAWNSTRUCTURE:0.5424245388026921
C_PIECECOORDINATION:0.5208259054437884
C_ROOKANDPAWNMOVEMENT:0.5208259054437884
C_CENTERCONTROL:0.49841842375703715
C_DEVELOPPIECES:0.4960322102373202
C_MATERIAL:0.5278092068785036
