ELO:988
CE_PASSEDPAWNS:0.5257370245585904
CE_PAWNWEAKNESSES:0.512836797744179
CE_PIECEACTIVITY:0.5259636073964217
CE_KINGPAWNSHIELD:0.4144350539938906
CE_PIECECOORDINATION:0.45319035447620754
CE_MATERIAL:0.5561775794490093
CE_KINGSAFETY:0.5124552268142984
C_PIECESQUARETABLES:0.4997395407283397
C_MOBILITY:0.49816549280442246
C_KINGSAFETY:0.5138664542413726
C_PAWNSTRUCTURE:0.49469066590800975
C_PIECECOORDINATION:0.5251671452948243
C_ROOKANDPAWNMOVEMENT:0.5251671452948243
C_CENTERCONTROL:0.39971781342396795
C_DEVELOPPIECES:0.5033725687838638
C_MATERIAL:0.5772935604481039
