ELO:925
CE_PASSEDPAWNS:0.5144831171016541
CE_PAWNWEAKNESSES:0.5857906605494765
CE_PIECEACTIVITY:0.5158687649069555
CE_KINGPAWNSHIELD:0.4854892890708287
CE_PIECECOORDINATION:0.4520449844573962
CE_MATERIAL:0.5186571853428138
CE_KINGSAFETY:0.5173588514236002
C_PIECESQUARETABLES:0.498877809142691
C_MOBILITY:0.46304878018782
C_KINGSAFETY:0.49392750376630834
C_PAWNSTRUCTURE:0.5086275248017814
C_PIECECOORDINATION:0.5002558703501996
C_ROOKANDPAWNMOVEMENT:0.5002558703501996
C_CENTERCONTROL:0.5936434976385259
C_DEVELOPPIECES:0.5488648158543504
C_MATERIAL:0.41364453436117676
