ELO:975
CE_PASSEDPAWNS:0.5208605368129523
CE_PAWNWEAKNESSES:0.518484169410103
CE_PIECEACTIVITY:0.5210888255355062
CE_KINGPAWNSHIELD:0.48820763429043457
CE_PIECECOORDINATION:0.47374747601530076
CE_MATERIAL:0.5432699260494428
CE_KINGSAFETY:0.5
C_PIECESQUARETABLES:0.5
C_MOBILITY:0.5293969860572653
C_KINGSAFETY:0.4948454743108989
C_PAWNSTRUCTURE:0.48923384117118196
C_PIECECOORDINATION:0.5022628205054904
C_ROOK:0.4874398518831043
CE_ROOK:0.4801768489694456
C_CENTERCONTROL:0.4999716864663034
C_DEVELOPPIECES:0.4996250683594481
C_MATERIAL:0.49891464296862575
C_MOVECOUNT:0.498042098585036
C_PAWNMOVEMENT:0.49899645981791674
