ELO:988
CE_PASSEDPAWNS:0.5593861717237798
CE_PAWNWEAKNESSES:0.5581576049636471
CE_PIECEACTIVITY:0.4936067672113656
CE_KINGPAWNSHIELD:0.4963318046892587
CE_PIECECOORDINATION:0.4811614426269295
CE_MATERIAL:0.49481652421682126
CE_KINGSAFETY:0.4830356573039604
C_PIECESQUARETABLES:0.5059367759497705
C_MOBILITY:0.3984717953840169
C_KINGSAFETY:0.603809911186538
C_PAWNSTRUCTURE:0.5949863176782522
C_PIECECOORDINATION:0.4285952210745086
C_ROOKANDPAWNMOVEMENT:0.4285952210745086
C_CENTERCONTROL:0.5000379470175744
C_DEVELOPPIECES:0.48643323970602953
C_MATERIAL:0.49463423726668415
