ELO:988
CE_PASSEDPAWNS:0.5045044879829276
CE_PAWNWEAKNESSES:0.5113375120593417
CE_PIECEACTIVITY:0.5115517959390631
CE_KINGPAWNSHIELD:0.4015285757664233
CE_PIECECOORDINATION:0.44538019471221774
CE_MATERIAL:0.5622684388242613
CE_KINGSAFETY:0.49505742641653555
C_PIECESQUARETABLES:0.5
C_MOBILITY:0.49816549280442246
C_KINGSAFETY:0.5138664542413726
C_PAWNSTRUCTURE:0.49868305977643645
C_PIECECOORDINATION:0.5253185343101622
C_ROOKANDPAWNMOVEMENT:0.5253185343101622
C_CENTERCONTROL:0.3976101602692124
C_DEVELOPPIECES:0.48463106472835726
C_MATERIAL:0.5772935604481039
