ELO:994
CE_PASSEDPAWNS:0.4823489811145955
CE_PAWNWEAKNESSES:0.4769474777419845
CE_PIECEACTIVITY:0.5235368974298391
CE_KINGPAWNSHIELD:0.5
CE_PIECECOORDINATION:0.5010909075249023
CE_MATERIAL:0.4873343120558023
CE_KINGSAFETY:0.4979813890749442
C_PIECESQUARETABLES:0.5020889267148907
C_MOBILITY:0.49318711997087133
C_KINGSAFETY:0.5270690752082877
C_PAWNSTRUCTURE:0.48798134207625826
C_PIECECOORDINATION:0.5146863597282427
C_ROOKANDPAWNMOVEMENT:0.5146863597282427
C_CENTERCONTROL:0.5009536176171087
C_DEVELOPPIECES:0.5082234144813063
C_MATERIAL:0.4963203066572634
C_MOVECOUNT:0.4985641532595506
