ELO:917
CE_PASSEDPAWNS:0.4620355682862321
CE_PAWNWEAKNESSES:0.45866847948367023
CE_PIECEACTIVITY:0.493021370275822
CE_KINGPAWNSHIELD:0.4726260068863311
CE_PIECECOORDINATION:0.4180960659510475
CE_MATERIAL:0.5193843356719178
CE_KINGSAFETY:0.5058385486699135
C_PIECESQUARETABLES:0.5146370896530611
C_MOBILITY:0.5063253306900464
C_KINGSAFETY:0.4831529244389829
C_PAWNSTRUCTURE:0.475508167871748
C_PIECECOORDINATION:0.5223071158272519
C_ROOKANDPAWNMOVEMENT:0.5223071158272519
C_CENTERCONTROL:0.5095551461057751
C_DEVELOPPIECES:0.49587299412756447
C_MATERIAL:0.45102812865364195
C_MOVECOUNT:0.5
