ELO:979
CE_PASSEDPAWNS:0.506950618051524
CE_PAWNWEAKNESSES:0.5
CE_PIECEACTIVITY:0.49882011930588754
CE_KINGPAWNSHIELD:0.4863888059810869
CE_PIECECOORDINATION:0.5382066838488229
CE_MATERIAL:0.496680180403284
CE_KINGSAFETY:0.5
C_PIECESQUARETABLES:0.5
C_MOBILITY:0.4947345264714535
C_KINGSAFETY:0.5341623067241824
C_PAWNSTRUCTURE:0.46527125067586966
C_PIECECOORDINATION:0.5455223639505661
C_ROOKANDPAWNMOVEMENT:0.5455223639505661
C_CENTERCONTROL:0.4648456593091037
C_DEVELOPPIECES:0.5
C_MATERIAL:0.5
C_MOVECOUNT:0.5142338308256947
