ELO:988
CE_PASSEDPAWNS:0.5593861717237798
CE_PAWNWEAKNESSES:0.5435697204590464
CE_PIECEACTIVITY:0.4814373819797862
CE_KINGPAWNSHIELD:0.4813469096896582
CE_PIECECOORDINATION:0.5045552983620086
CE_MATERIAL:0.5012795221465356
CE_KINGSAFETY:0.49698075956722815
C_PIECESQUARETABLES:0.5245613853757107
C_MOBILITY:0.38508859014365077
C_KINGSAFETY:0.6135662995136777
C_PAWNSTRUCTURE:0.6034351868740782
C_PIECECOORDINATION:0.4290967172469155
C_ROOKANDPAWNMOVEMENT:0.4290967172469155
C_CENTERCONTROL:0.4852544365896269
C_DEVELOPPIECES:0.49609398646196246
C_MATERIAL:0.4875173721236358
