ELO:983
CE_PASSEDPAWNS:0.48539446015886006
CE_PAWNWEAKNESSES:0.4769474777419845
CE_PIECEACTIVITY:0.4976891624017303
CE_KINGPAWNSHIELD:0.5147651952102914
CE_PIECECOORDINATION:0.5010909075249023
CE_MATERIAL:0.49377137818673666
CE_KINGSAFETY:0.5028494099545209
C_PIECESQUARETABLES:0.5003270954398312
C_MOBILITY:0.4991583615123358
C_KINGSAFETY:0.4937213970868514
C_PAWNSTRUCTURE:0.48798134207625826
C_PIECECOORDINATION:0.48111206969869263
C_ROOKANDPAWNMOVEMENT:0.48111206969869263
C_CENTERCONTROL:0.5074649781696728
C_DEVELOPPIECES:0.5219275642440947
C_MATERIAL:0.5048302873298613
C_MOVECOUNT:0.49426082200350985
