ELO:956
CE_PASSEDPAWNS:0.5120098520799808
CE_PAWNWEAKNESSES:0.5056268127335634
CE_PIECEACTIVITY:0.5195611400897581
CE_KINGPAWNSHIELD:0.48105386942027284
CE_PIECECOORDINATION:0.47754541989228866
CE_MATERIAL:0.5454473594229109
CE_KINGSAFETY:0.5096832682344018
C_PIECESQUARETABLES:0.5083546449324304
C_MOBILITY:0.5176490741424055
C_KINGSAFETY:0.4720321778996931
C_PAWNSTRUCTURE:0.4982712477230691
C_PIECECOORDINATION:0.47802752015343114
C_ROOK:0.4541903095774896
CE_ROOK:0.4759166815297428
C_CENTERCONTROL:0.4827490813284535
C_DEVELOPPIECES:0.49952608693857475
C_MATERIAL:0.4593418890528667
C_MOVECOUNT:0.4857722133608571
C_PAWNMOVEMENT:0.5188022716477179
