ELO:780
CE_PASSEDPAWNS:0.5301280619328298
CE_PAWNWEAKNESSES:0.5096193044553932
CE_PIECEACTIVITY:0.499862483264318
CE_KINGPAWNSHIELD:0.4670868932659558
CE_PIECECOORDINATION:0.44978150028984637
CE_MATERIAL:0.5548604664631017
CE_KINGSAFETY:0.472162954170857
C_PIECESQUARETABLES:0.4952809249616626
C_MOBILITY:0.5835220725373331
C_KINGSAFETY:0.4964421943362193
C_PAWNSTRUCTURE:0.445875813151978
C_PIECECOORDINATION:0.523934201196968
C_ROOKANDPAWNMOVEMENT:0.523934201196968
C_CENTERCONTROL:0.4155546757808802
C_DEVELOPPIECES:0.5838098667749222
C_MATERIAL:0.5847548737257394
C_MOVECOUNT:0.5
