ELO:893
CE_PASSEDPAWNS:0.519716330645869
CE_PAWNWEAKNESSES:0.5339636172871991
CE_PIECEACTIVITY:0.5404595259543273
CE_KINGPAWNSHIELD:0.49854291287481955
CE_PIECECOORDINATION:0.46568701925856554
CE_MATERIAL:0.5126295061781373
CE_KINGSAFETY:0.5001155717438585
C_PIECESQUARETABLES:0.49011041847024983
C_MOBILITY:0.536688580182484
C_KINGSAFETY:0.48854604608505725
C_PAWNSTRUCTURE:0.47376903912000373
C_PIECECOORDINATION:0.4568822966325873
C_ROOK:0.4587011012306135
CE_ROOK:0.48072100916241817
C_CENTERCONTROL:0.5241506685894177
C_DEVELOPPIECES:0.49569145064758446
C_MATERIAL:0.46638941597200434
C_MOVECOUNT:0.47915852969073636
C_PAWNMOVEMENT:0.5406726363421691
