ELO:910
CE_PASSEDPAWNS:0.5315147881018137
CE_PAWNWEAKNESSES:0.5695884315388255
CE_PIECEACTIVITY:0.5048000849888219
CE_KINGPAWNSHIELD:0.48117368478915995
CE_PIECECOORDINATION:0.4465727619354863
CE_MATERIAL:0.5305278204671666
CE_KINGSAFETY:0.4886707963649725
C_PIECESQUARETABLES:0.4779759499681554
C_MOBILITY:0.47557893952236574
C_KINGSAFETY:0.4603327568419181
C_PAWNSTRUCTURE:0.5283115543821227
C_PIECECOORDINATION:0.4947454335061371
C_ROOKANDPAWNMOVEMENT:0.4947454335061371
C_CENTERCONTROL:0.6090534124874104
C_DEVELOPPIECES:0.5562164121402196
C_MATERIAL:0.39872073378546324
