ELO:1000
CE_PASSEDPAWNS:0.4917617967916083
CE_PAWNWEAKNESSES:0.5397956173443885
CE_PIECEACTIVITY:0.501030388530677
CE_KINGPAWNSHIELD:0.48900998172245314
CE_PIECECOORDINATION:0.54004487549557
CE_MATERIAL:0.5031562246142008
CE_KINGSAFETY:0.5448422433756632
C_PIECESQUARETABLES:0.5428035557013289
C_MOBILITY:0.5407179261511401
C_KINGSAFETY:0.47353614774549485
C_PAWNSTRUCTURE:0.544795863673779
C_PIECECOORDINATION:0.5533609420487509
C_ROOKANDPAWNMOVEMENT:0.5533609420487509
C_CENTERCONTROL:0.47582334854265146
C_DEVELOPPIECES:0.49052736308379363
C_MATERIAL:0.5018708356627111
