ELO:935
CE_PASSEDPAWNS:0.47758000854794885
CE_PAWNWEAKNESSES:0.6044667959879646
CE_PIECEACTIVITY:0.5738185707537845
CE_KINGPAWNSHIELD:0.4718374186505574
CE_PIECECOORDINATION:0.5913058750603407
CE_MATERIAL:0.5035809473531815
CE_KINGSAFETY:0.5
C_PIECESQUARETABLES:0.4989027152183297
C_MOBILITY:0.4546362175623024
C_KINGSAFETY:0.5491419398488979
C_PAWNSTRUCTURE:0.5513352642533945
C_PIECECOORDINATION:0.47367176925411714
C_ROOKANDPAWNMOVEMENT:0.47367176925411714
C_CENTERCONTROL:0.44300340860603565
C_DEVELOPPIECES:0.48756623278165706
C_MATERIAL:0.5327783120002368
