ELO:1043
CE_PASSEDPAWNS:0.5135836951716656
CE_PAWNWEAKNESSES:0.5
CE_PIECEACTIVITY:0.4921954476549242
CE_KINGPAWNSHIELD:0.5
CE_PIECECOORDINATION:0.4882919371764777
CE_MATERIAL:0.5
CE_KINGSAFETY:0.5
C_PIECESQUARETABLES:0.5
C_MOBILITY:0.512211817665632
C_KINGSAFETY:0.5124097873542344
C_PAWNSTRUCTURE:0.5
C_PIECECOORDINATION:0.5
C_ROOK:0.5
CE_ROOK:0.5
C_CENTERCONTROL:0.49678200178743365
C_DEVELOPPIECES:0.49084430684195246
C_MATERIAL:0.5
C_MOVECOUNT:0.5
C_PAWNMOVEMENT:0.5
