ELO:973
CE_PASSEDPAWNS:0.5069734377087639
CE_PAWNWEAKNESSES:0.4897689603250832
CE_PIECEACTIVITY:0.49736249273066463
CE_KINGPAWNSHIELD:0.5051322925682029
CE_PIECECOORDINATION:0.5101864920654877
CE_MATERIAL:0.49867743461254066
CE_KINGSAFETY:0.5
C_PIECESQUARETABLES:0.5
C_MOBILITY:0.5224758631445661
C_KINGSAFETY:0.5198983175491273
C_PAWNSTRUCTURE:0.5
C_PIECECOORDINATION:0.49624860272307125
C_ROOKANDPAWNMOVEMENT:0.49624860272307125
C_CENTERCONTROL:0.5024560251595408
C_DEVELOPPIECES:0.48226926883209126
C_MATERIAL:0.4889040137713875
C_MOVECOUNT:0.500495259444585
