ELO:812
CE_PASSEDPAWNS:0.4568773703668482
CE_PAWNWEAKNESSES:0.4822503025162512
CE_PIECEACTIVITY:0.48827553690369985
CE_KINGPAWNSHIELD:0.4879451643795496
CE_PIECECOORDINATION:0.4665684081235967
CE_MATERIAL:0.422855876470704
CE_KINGSAFETY:0.5267679518120915
C_PIECESQUARETABLES:0.5307999049371284
C_MOBILITY:0.40956868128311597
C_KINGSAFETY:0.47376706811329283
C_PAWNSTRUCTURE:0.44279633035615884
C_PIECECOORDINATION:0.5289093337676896
C_ROOKANDPAWNMOVEMENT:0.5289093337676896
C_CENTERCONTROL:0.4890293964006494
C_DEVELOPPIECES:0.6352542719856851
C_MATERIAL:0.43737292337695877
C_MOVECOUNT:0.5481216147677579
