ELO:1010
CE_PASSEDPAWNS:0.4918606520034574
CE_PAWNWEAKNESSES:0.5000141610032781
CE_PIECEACTIVITY:0.4899557160994923
CE_KINGPAWNSHIELD:0.5249550835608966
CE_PIECECOORDINATION:0.5148132034671442
CE_MATERIAL:0.49898460614997286
CE_KINGSAFETY:0.504950963842496
C_PIECESQUARETABLES:0.5
C_MOBILITY:0.5308757208951704
C_KINGSAFETY:0.48826985307553
C_PAWNSTRUCTURE:0.5038146513846126
C_PIECECOORDINATION:0.5168509904125929
C_ROOK:0.4791789732824061
CE_ROOK:0.49469427752576733
C_CENTERCONTROL:0.4819226877576229
C_DEVELOPPIECES:0.5414890211561713
C_MATERIAL:0.480500693184538
C_MOVECOUNT:0.4980037723595362
C_PAWNMOVEMENT:0.5141172219421226
