ELO:955
CE_PASSEDPAWNS:0.4675035791650378
CE_PAWNWEAKNESSES:0.4896168785094587
CE_PIECEACTIVITY:0.5399542900669888
CE_KINGPAWNSHIELD:0.6238621872828389
CE_PIECECOORDINATION:0.5151072210049282
CE_MATERIAL:0.4567652013547846
CE_KINGSAFETY:0.4588476222879675
C_PIECESQUARETABLES:0.497158557120186
C_MOBILITY:0.6040551856941467
C_KINGSAFETY:0.5336438109128103
C_PAWNSTRUCTURE:0.631806559997916
C_PIECECOORDINATION:0.5231803132754005
C_ROOKANDPAWNMOVEMENT:0.5231803132754005
C_CENTERCONTROL:0.6034828925449933
C_DEVELOPPIECES:0.5908847377455979
C_MATERIAL:0.510777883459737
