ELO:910
CE_PASSEDPAWNS:0.471680136536449
CE_PAWNWEAKNESSES:0.4667317175339731
CE_PIECEACTIVITY:0.5066635152974761
CE_KINGPAWNSHIELD:0.5420581280851313
CE_PIECECOORDINATION:0.47057258392368645
CE_MATERIAL:0.5086359003757978
CE_KINGSAFETY:0.524411537674737
C_PIECESQUARETABLES:0.5203292772736912
C_MOBILITY:0.44157704716398477
C_KINGSAFETY:0.4928465179579932
C_PAWNSTRUCTURE:0.4879883889104012
C_PIECECOORDINATION:0.5273397194903989
C_ROOKANDPAWNMOVEMENT:0.5273397194903989
C_CENTERCONTROL:0.49991121833283775
C_DEVELOPPIECES:0.4861092251242332
C_MATERIAL:0.45637102578127065
C_MOVECOUNT:0.5
