ELO:946
CE_PASSEDPAWNS:0.5257345308072652
CE_PAWNWEAKNESSES:0.5045984008827437
CE_PIECEACTIVITY:0.48148910511275494
CE_KINGPAWNSHIELD:0.5098913969033791
CE_PIECECOORDINATION:0.5501273240035695
CE_MATERIAL:0.4851196281930396
CE_KINGSAFETY:0.5138493583638701
C_PIECESQUARETABLES:0.5037749969909968
C_MOBILITY:0.48840948604841156
C_KINGSAFETY:0.5052473557330499
C_PAWNSTRUCTURE:0.4974532061545111
C_PIECECOORDINATION:0.4827302697423183
C_ROOK:0.45229714565810225
CE_ROOK:0.508528070696782
C_CENTERCONTROL:0.4902100860874197
C_DEVELOPPIECES:0.52088589942238
C_MATERIAL:0.49672848732756314
C_MOVECOUNT:0.5290799765250359
C_PAWNMOVEMENT:0.49778738959697444
