ELO:884
CE_PASSEDPAWNS:0.5443034921257351
CE_PAWNWEAKNESSES:0.5263577655459913
CE_PIECEACTIVITY:0.4996100997162589
CE_KINGPAWNSHIELD:0.53961435354889
CE_PIECECOORDINATION:0.48755406865904305
CE_MATERIAL:0.5241474429400115
CE_KINGSAFETY:0.46469502267029983
C_PIECESQUARETABLES:0.462625644001823
C_MOBILITY:0.4616764986229816
C_KINGSAFETY:0.5564680151851134
C_PAWNSTRUCTURE:0.5082233236888803
C_PIECECOORDINATION:0.4998734989081357
C_ROOKANDPAWNMOVEMENT:0.4998734989081357
C_CENTERCONTROL:0.5656235989176287
C_DEVELOPPIECES:0.5843342916113636
C_MATERIAL:0.4941349721646466
