ELO:1007
CE_PASSEDPAWNS:0.4892908553339383
CE_PAWNWEAKNESSES:0.49872205481339926
CE_PIECEACTIVITY:0.49938275883225064
CE_KINGPAWNSHIELD:0.4868880271940794
CE_PIECECOORDINATION:0.5053889601181438
CE_MATERIAL:0.48886004037131664
CE_KINGSAFETY:0.5097486967417342
C_PIECESQUARETABLES:0.5172764112053767
C_MOBILITY:0.519455873206714
C_KINGSAFETY:0.5033238579174952
C_PAWNSTRUCTURE:0.48876078038619447
C_PIECECOORDINATION:0.5030394640148046
C_ROOK:0.4947986000930932
CE_ROOK:0.49946099368610636
C_CENTERCONTROL:0.4933304232835941
C_DEVELOPPIECES:0.5064740500407362
C_MATERIAL:0.4799634844443406
C_MOVECOUNT:0.5047187612802201
C_PAWNMOVEMENT:0.5073163754447738
