ELO:1001
CE_PASSEDPAWNS:0.48728543612454556
CE_PAWNWEAKNESSES:0.5
CE_PIECEACTIVITY:0.5106412016357513
CE_KINGPAWNSHIELD:0.49272209558403646
CE_PIECECOORDINATION:0.5076942440388684
CE_MATERIAL:0.5138215638460939
CE_KINGSAFETY:0.5
C_PIECESQUARETABLES:0.4971953972844295
C_MOBILITY:0.5046789433057153
C_KINGSAFETY:0.5
C_PAWNSTRUCTURE:0.5
C_PIECECOORDINATION:0.5
C_ROOKANDPAWNMOVEMENT:0.5
C_CENTERCONTROL:0.4894500313715664
C_DEVELOPPIECES:0.5017566562523723
C_MATERIAL:0.5052009730008081
C_MOVECOUNT:0.5
