ELO:1044
CE_PASSEDPAWNS:0.49446209465903734
CE_PAWNWEAKNESSES:0.5092242100524107
CE_PIECEACTIVITY:0.47907011340525874
CE_KINGPAWNSHIELD:0.5107714070863236
CE_PIECECOORDINATION:0.4959057709071751
CE_MATERIAL:0.5105705484449106
CE_KINGSAFETY:0.5
C_PIECESQUARETABLES:0.5
C_MOBILITY:0.4958575839663233
C_KINGSAFETY:0.48445190939518334
C_PAWNSTRUCTURE:0.5
C_PIECECOORDINATION:0.5192475074753288
C_ROOK:0.5003972453986638
CE_ROOK:0.4636137108634359
C_CENTERCONTROL:0.5109826750191738
C_DEVELOPPIECES:0.49194891943136915
C_MATERIAL:0.4782613691640225
C_MOVECOUNT:0.47814537873487434
C_PAWNMOVEMENT:0.49521221761728357
