ELO:995
CE_PASSEDPAWNS:0.46762578551265466
CE_PAWNWEAKNESSES:0.47691579556656066
CE_PIECEACTIVITY:0.49687957722631415
CE_KINGPAWNSHIELD:0.5167284212779015
CE_PIECECOORDINATION:0.4878506882952462
CE_MATERIAL:0.46704491645685625
CE_KINGSAFETY:0.491801614359909
C_PIECESQUARETABLES:0.4932969881059391
C_MOBILITY:0.5342312264785042
C_KINGSAFETY:0.34638160078208874
C_PAWNSTRUCTURE:0.5415527709169004
C_PIECECOORDINATION:0.513812499357506
C_ROOKANDPAWNMOVEMENT:0.513812499357506
C_CENTERCONTROL:0.42157036897782324
C_DEVELOPPIECES:0.4109693342480986
C_MATERIAL:0.5264123177604114
