ELO:986
CE_PASSEDPAWNS:0.4975847741312027
CE_PAWNWEAKNESSES:0.5067294505779514
CE_PIECEACTIVITY:0.5357769804628462
CE_KINGPAWNSHIELD:0.5033049133945332
CE_PIECECOORDINATION:0.5080248208707482
CE_MATERIAL:0.4843269676420916
CE_KINGSAFETY:0.49209670504025016
C_PIECESQUARETABLES:0.5187576992488327
C_MOBILITY:0.4929533365717811
C_KINGSAFETY:0.4976677268450616
C_PAWNSTRUCTURE:0.4871103520293497
C_PIECECOORDINATION:0.48130320846673874
C_ROOKANDPAWNMOVEMENT:0.48130320846673874
C_CENTERCONTROL:0.5137436167862752
C_DEVELOPPIECES:0.5089867024669205
C_MATERIAL:0.4973766637039409
C_MOVECOUNT:0.5100082633504814
