ELO:1035
CE_PASSEDPAWNS:0.49446209465903734
CE_PAWNWEAKNESSES:0.5092242100524107
CE_PIECEACTIVITY:0.5344956890392278
CE_KINGPAWNSHIELD:0.5006846271677258
CE_PIECECOORDINATION:0.5
CE_MATERIAL:0.49873528204923373
CE_KINGSAFETY:0.5
C_PIECESQUARETABLES:0.5
C_MOBILITY:0.5449041839869
C_KINGSAFETY:0.49354428455914456
C_PAWNSTRUCTURE:0.501765892233317
C_PIECECOORDINATION:0.530079026421654
C_ROOK:0.49542490709654047
CE_ROOK:0.4636137108634359
C_CENTERCONTROL:0.49731026246193105
C_DEVELOPPIECES:0.5070915713908951
C_MATERIAL:0.5
C_MOVECOUNT:0.491893627719153
C_PAWNMOVEMENT:0.48707699168824364
