ELO:758
CE_PASSEDPAWNS:0.4588675447796898
CE_PAWNWEAKNESSES:0.5475394952201
CE_PIECEACTIVITY:0.492556004935185
CE_KINGPAWNSHIELD:0.4718374191107702
CE_PIECECOORDINATION:0.49546199928546475
CE_MATERIAL:0.5645333519835818
CE_KINGSAFETY:0.5580232367169141
C_PIECESQUARETABLES:0.48091401608010304
C_MOBILITY:0.4826226156577497
C_KINGSAFETY:0.4568900414657593
C_PAWNSTRUCTURE:0.590348478751763
C_PIECECOORDINATION:0.5003552741656871
C_ROOKANDPAWNMOVEMENT:0.5003552741656871
C_CENTERCONTROL:0.5336616467544434
C_DEVELOPPIECES:0.4744858721634621
C_MATERIAL:0.45690088630225417
C_MOVECOUNT:0.5
