ELO:924
CE_PASSEDPAWNS:0.44200479562893463
CE_PAWNWEAKNESSES:0.5897879153538961
CE_PIECEACTIVITY:0.5967320598348083
CE_KINGPAWNSHIELD:0.44378570238029774
CE_PIECECOORDINATION:0.5936076040078094
CE_MATERIAL:0.5080732551930711
CE_KINGSAFETY:0.5033696725904399
C_PIECESQUARETABLES:0.5002901574576931
C_MOBILITY:0.4728980873907977
C_KINGSAFETY:0.545034787258183
C_PAWNSTRUCTURE:0.5372298695557635
C_PIECECOORDINATION:0.4795282080501315
C_ROOKANDPAWNMOVEMENT:0.4795282080501315
C_CENTERCONTROL:0.44754716966957225
C_DEVELOPPIECES:0.459162959407727
C_MATERIAL:0.5563457420010743
