ELO:946
CE_PASSEDPAWNS:0.4463732790242298
CE_PAWNWEAKNESSES:0.5927468734569892
CE_PIECEACTIVITY:0.6085739750429647
CE_KINGPAWNSHIELD:0.4687446432276344
CE_PIECECOORDINATION:0.5939296148911798
CE_MATERIAL:0.5155024537241943
CE_KINGSAFETY:0.4982444270428993
C_PIECESQUARETABLES:0.49176938193650327
C_MOBILITY:0.46769644527373244
C_KINGSAFETY:0.5533770830561409
C_PAWNSTRUCTURE:0.5110849422589364
C_PIECECOORDINATION:0.46135338280794513
C_ROOKANDPAWNMOVEMENT:0.46135338280794513
C_CENTERCONTROL:0.4316040202597544
C_DEVELOPPIECES:0.44162869132752863
C_MATERIAL:0.5510410663063893
