ELO:945
CE_PASSEDPAWNS:0.5076537619228948
CE_PAWNWEAKNESSES:0.5024216534795195
CE_PIECEACTIVITY:0.48805500996979057
CE_KINGPAWNSHIELD:0.534886080847383
CE_PIECECOORDINATION:0.46597977853483946
CE_MATERIAL:0.49723393930252396
CE_KINGSAFETY:0.47625906979669985
C_PIECESQUARETABLES:0.5019168469690706
C_MOBILITY:0.5140240132991156
C_KINGSAFETY:0.4987366553981748
C_PAWNSTRUCTURE:0.3808437624023458
C_PIECECOORDINATION:0.4898658119907984
C_ROOKANDPAWNMOVEMENT:0.4898658119907984
C_CENTERCONTROL:0.4554503964885294
C_DEVELOPPIECES:0.4709587246785279
C_MATERIAL:0.5101290651274163
C_MOVECOUNT:0.5
