ELO:1025
CE_PASSEDPAWNS:0.5137212406431029
CE_PAWNWEAKNESSES:0.5343840995348911
CE_PIECEACTIVITY:0.5245027451436577
CE_KINGPAWNSHIELD:0.49393715636797925
CE_PIECECOORDINATION:0.5042935031032836
CE_MATERIAL:0.4820967148626828
CE_KINGSAFETY:0.49228655403379284
C_PIECESQUARETABLES:0.4915660324989259
C_MOBILITY:0.49418935530211466
C_KINGSAFETY:0.5440074532507192
C_PAWNSTRUCTURE:0.538876650930282
C_PIECECOORDINATION:0.5006590733425359
C_ROOKANDPAWNMOVEMENT:0.5006590733425359
C_CENTERCONTROL:0.4790156868844755
C_DEVELOPPIECES:0.4805986863723952
C_MATERIAL:0.5200806061695574
