ELO:999
CE_PASSEDPAWNS:0.5740839900991086
CE_PAWNWEAKNESSES:0.5821702730028554
CE_PIECEACTIVITY:0.41997395380510455
CE_KINGPAWNSHIELD:0.5254045619111593
CE_PIECECOORDINATION:0.5156694634735999
CE_MATERIAL:0.48606593022453326
CE_KINGSAFETY:0.5003300112240511
C_PIECESQUARETABLES:0.4695182772520855
C_MOBILITY:0.5640773611020223
C_KINGSAFETY:0.5836218592771625
C_PAWNSTRUCTURE:0.5669312206798006
C_PIECECOORDINATION:0.5661945968824823
C_ROOKANDPAWNMOVEMENT:0.5661945968824823
C_CENTERCONTROL:0.5219717181750835
C_DEVELOPPIECES:0.5525126001894008
C_MATERIAL:0.3706944172583875
