ELO:715
CE_PASSEDPAWNS:0.4457124853608879
CE_PAWNWEAKNESSES:0.5536444404753541
CE_PIECEACTIVITY:0.48593669978494586
CE_KINGPAWNSHIELD:0.4740626512196856
CE_PIECECOORDINATION:0.48440668399555237
CE_MATERIAL:0.5536063373383713
CE_KINGSAFETY:0.52381164323491
C_PIECESQUARETABLES:0.4885353984169257
C_MOBILITY:0.4893878473860407
C_KINGSAFETY:0.44696618306582486
C_PAWNSTRUCTURE:0.5954001322915033
C_PIECECOORDINATION:0.4990955587417964
C_ROOKANDPAWNMOVEMENT:0.4990955587417964
C_CENTERCONTROL:0.5572899421999622
C_DEVELOPPIECES:0.4864389137207053
C_MATERIAL:0.452805850144824
C_MOVECOUNT:0.5
