ELO:1049
CE_PASSEDPAWNS:0.5171327779709101
CE_PAWNWEAKNESSES:0.5246599624573718
CE_PIECEACTIVITY:0.5215759821545767
CE_KINGPAWNSHIELD:0.476107171386355
CE_PIECECOORDINATION:0.49765237223842557
CE_MATERIAL:0.5297722720754185
CE_KINGSAFETY:0.5181348649050799
C_PIECESQUARETABLES:0.505387849352977
C_MOBILITY:0.5021826781841252
C_KINGSAFETY:0.555713767885833
C_PAWNSTRUCTURE:0.5448491791927051
C_PIECECOORDINATION:0.4813399999508686
C_ROOKANDPAWNMOVEMENT:0.4813399999508686
C_CENTERCONTROL:0.49487027537659545
C_DEVELOPPIECES:0.5080850214387782
C_MATERIAL:0.5106154809249063
