ELO:1000
CE_PASSEDPAWNS:0.5090982171641308
CE_PAWNWEAKNESSES:0.5399537391658651
CE_PIECEACTIVITY:0.501030388530677
CE_KINGPAWNSHIELD:0.4927223418275643
CE_PIECECOORDINATION:0.5287801166717081
CE_MATERIAL:0.5031562246142008
CE_KINGSAFETY:0.53621688414018
C_PIECESQUARETABLES:0.5428035557013289
C_MOBILITY:0.5271571953103167
C_KINGSAFETY:0.4986919413753303
C_PAWNSTRUCTURE:0.533533460478075
C_PIECECOORDINATION:0.5431936486406411
C_ROOKANDPAWNMOVEMENT:0.5431936486406411
C_CENTERCONTROL:0.4881639726118018
C_DEVELOPPIECES:0.48776606281582224
C_MATERIAL:0.49767003508376256
