ELO:924
CE_PASSEDPAWNS:0.4948572228993588
CE_PAWNWEAKNESSES:0.46240443207738574
CE_PIECEACTIVITY:0.5013217791898453
CE_KINGPAWNSHIELD:0.6301660403738766
CE_PIECECOORDINATION:0.4942030941773694
CE_MATERIAL:0.46841880556845056
CE_KINGSAFETY:0.49608415361283614
C_PIECESQUARETABLES:0.5
C_MOBILITY:0.6092533308072897
C_KINGSAFETY:0.4859202475043919
C_PAWNSTRUCTURE:0.6141838239065985
C_PIECECOORDINATION:0.5104847386702527
C_ROOKANDPAWNMOVEMENT:0.5104847386702527
C_CENTERCONTROL:0.6223827649299395
C_DEVELOPPIECES:0.5933866762936484
C_MATERIAL:0.5026741991845695
