ELO:999
CE_PASSEDPAWNS:0.50677279132276
CE_PAWNWEAKNESSES:0.5120696798823501
CE_PIECEACTIVITY:0.5047578221204837
CE_KINGPAWNSHIELD:0.508608324332523
CE_PIECECOORDINATION:0.5
CE_MATERIAL:0.4926629236693348
CE_KINGSAFETY:0.4902547146343992
C_PIECESQUARETABLES:0.4901025139195865
C_MOBILITY:0.4766656509919484
C_KINGSAFETY:0.4852012118243253
C_PAWNSTRUCTURE:0.5
C_PIECECOORDINATION:0.5
C_ROOKANDPAWNMOVEMENT:0.5
C_CENTERCONTROL:0.4944427454257655
C_DEVELOPPIECES:0.5
C_MATERIAL:0.5081371110709922
C_MOVECOUNT:0.5
