ELO:1000
CE_PASSEDPAWNS:0.5303024296364032
CE_PAWNWEAKNESSES:0.5684989126878297
CE_PIECEACTIVITY:0.5211822135677878
CE_KINGPAWNSHIELD:0.4684292805404214
CE_PIECECOORDINATION:0.5229409599960355
CE_MATERIAL:0.5284307830847578
CE_KINGSAFETY:0.5
C_PIECESQUARETABLES:0.5
C_MOBILITY:0.5255991195977971
C_KINGSAFETY:0.5068103031296868
C_PAWNSTRUCTURE:0.5512316809101083
C_PIECECOORDINATION:0.5222979116696619
C_ROOKANDPAWNMOVEMENT:0.5222979116696619
C_CENTERCONTROL:0.4027086119630643
C_DEVELOPPIECES:0.44123781705594617
C_MATERIAL:0.4495491162984651
