ELO:1019
CE_PASSEDPAWNS:0.5
CE_PAWNWEAKNESSES:0.5
CE_PIECEACTIVITY:0.49473410104863524
CE_KINGPAWNSHIELD:0.511194120852225
CE_PIECECOORDINATION:0.5
CE_MATERIAL:0.5098392049998903
CE_KINGSAFETY:0.5
C_PIECESQUARETABLES:0.5
C_MOBILITY:0.5
C_KINGSAFETY:0.5
C_PAWNSTRUCTURE:0.5
C_PIECECOORDINATION:0.4997755343242795
C_ROOKANDPAWNMOVEMENT:0.4997755343242795
C_CENTERCONTROL:0.5
C_DEVELOPPIECES:0.5
C_MATERIAL:0.5
C_MOVECOUNT:0.511755337115998
