ELO:987
CE_PASSEDPAWNS:0.506605040440705
CE_PAWNWEAKNESSES:0.6275150498536022
CE_PIECEACTIVITY:0.5478471546654348
CE_KINGPAWNSHIELD:0.47537387621844546
CE_PIECECOORDINATION:0.5492672386240285
CE_MATERIAL:0.5557258276354095
CE_KINGSAFETY:0.5050709595459218
C_PIECESQUARETABLES:0.5079995186394385
C_MOBILITY:0.5105975268729698
C_KINGSAFETY:0.5619384181213356
C_PAWNSTRUCTURE:0.5506467782359092
C_PIECECOORDINATION:0.4830454075008663
C_ROOKANDPAWNMOVEMENT:0.4830454075008663
C_CENTERCONTROL:0.46033094014072673
C_DEVELOPPIECES:0.4475743276981108
C_MATERIAL:0.557398212781833
