ELO:804
CE_PASSEDPAWNS:0.4615931509590976
CE_PAWNWEAKNESSES:0.5311518366290627
CE_PIECEACTIVITY:0.5047624166403498
CE_KINGPAWNSHIELD:0.46886980736027606
CE_PIECECOORDINATION:0.4800186636631211
CE_MATERIAL:0.5678995659730817
CE_KINGSAFETY:0.5568365685852432
C_PIECESQUARETABLES:0.4943498866652789
C_MOBILITY:0.46546328859099934
C_KINGSAFETY:0.4649751604274478
C_PAWNSTRUCTURE:0.59107422737673
C_PIECECOORDINATION:0.5008699823567891
C_ROOKANDPAWNMOVEMENT:0.5008699823567891
C_CENTERCONTROL:0.5502209189187401
C_DEVELOPPIECES:0.4733080875597686
C_MATERIAL:0.4657372822473032
C_MOVECOUNT:0.5
