ELO:897
CE_PASSEDPAWNS:0.4988676299476978
CE_PAWNWEAKNESSES:0.49781771796867624
CE_PIECEACTIVITY:0.4956216741703466
CE_KINGPAWNSHIELD:0.48251236755451066
CE_PIECECOORDINATION:0.4987931172735833
CE_MATERIAL:0.5308568339920058
CE_KINGSAFETY:0.5363523633065944
C_PIECESQUARETABLES:0.5
C_MOBILITY:0.5334564971379576
C_KINGSAFETY:0.522219577319474
C_PAWNSTRUCTURE:0.44691292350802847
C_PIECECOORDINATION:0.5
C_ROOKANDPAWNMOVEMENT:0.5
C_CENTERCONTROL:0.5178562669796802
C_DEVELOPPIECES:0.4626650695915757
C_MATERIAL:0.48044523517626997
C_MOVECOUNT:0.5
