ELO:1064
CE_PASSEDPAWNS:0.5151731588026138
CE_PAWNWEAKNESSES:0.5343451582466298
CE_PIECEACTIVITY:0.5273580013131023
CE_KINGPAWNSHIELD:0.5032796644864316
CE_PIECECOORDINATION:0.4939411843425035
CE_MATERIAL:0.49658854912842987
CE_KINGSAFETY:0.4807070529629918
C_PIECESQUARETABLES:0.4747164555644364
C_MOBILITY:0.4923098265520874
C_KINGSAFETY:0.5516002123415009
C_PAWNSTRUCTURE:0.5285864707791159
C_PIECECOORDINATION:0.4879856850581202
C_ROOKANDPAWNMOVEMENT:0.4879856850581202
C_CENTERCONTROL:0.48841574468058396
C_DEVELOPPIECES:0.49796475203895735
C_MATERIAL:0.5121768649438045
