ELO:984
CE_PASSEDPAWNS:0.518916889919879
CE_PAWNWEAKNESSES:0.5035850175553657
CE_PIECEACTIVITY:0.5019624096367412
CE_KINGPAWNSHIELD:0.5185051235500218
CE_PIECECOORDINATION:0.5135584994341545
CE_MATERIAL:0.5140214474465251
CE_KINGSAFETY:0.5
C_PIECESQUARETABLES:0.5
C_MOBILITY:0.49674707127017137
C_KINGSAFETY:0.5
C_PAWNSTRUCTURE:0.5028760159198687
C_PIECECOORDINATION:0.48973019505904536
C_ROOKANDPAWNMOVEMENT:0.48973019505904536
C_CENTERCONTROL:0.4989314622199663
C_DEVELOPPIECES:0.4908275545530001
C_MATERIAL:0.5068518437698245
C_MOVECOUNT:0.5
