ELO:1114
CE_PASSEDPAWNS:0.4253238607570451
CE_PAWNWEAKNESSES:0.6019081544008651
CE_PIECEACTIVITY:0.4868576001034291
CE_KINGPAWNSHIELD:0.4912531680413721
CE_PIECECOORDINATION:0.4847428073406581
CE_MATERIAL:0.4678427929116006
CE_KINGSAFETY:0.5031516525998599
C_PIECESQUARETABLES:0.5214424261251088
C_MOBILITY:0.41095000958171574
C_KINGSAFETY:0.6009543595079152
C_PAWNSTRUCTURE:0.4679495706261385
C_PIECECOORDINATION:0.4791608145509046
C_ROOKANDPAWNMOVEMENT:0.4791608145509046
C_CENTERCONTROL:0.5974032715337857
C_DEVELOPPIECES:0.6056714604567545
C_MATERIAL:0.40330735849882093
