ELO:910
CE_PASSEDPAWNS:0.4981976930439811
CE_PAWNWEAKNESSES:0.47533222928381946
CE_PIECEACTIVITY:0.5405348286923335
CE_KINGPAWNSHIELD:0.47193540930548017
CE_PIECECOORDINATION:0.4685908313051895
CE_MATERIAL:0.4565276594947327
CE_KINGSAFETY:0.5174466112696078
C_PIECESQUARETABLES:0.49744333997821444
C_MOBILITY:0.4887671385989173
C_KINGSAFETY:0.47887144820235894
C_PAWNSTRUCTURE:0.5184578270909276
C_PIECECOORDINATION:0.5165194441681022
C_ROOKANDPAWNMOVEMENT:0.5165194441681022
C_CENTERCONTROL:0.5427789868328321
C_DEVELOPPIECES:0.4473499816841048
C_MATERIAL:0.476261867952561
C_MOVECOUNT:0.5
