ELO:1000
CE_PASSEDPAWNS:0.5087341128769483
CE_PAWNWEAKNESSES:0.4947487210376534
CE_PIECEACTIVITY:0.5090710970481646
CE_KINGPAWNSHIELD:0.5010679221384549
CE_PIECECOORDINATION:0.5005838392558961
CE_MATERIAL:0.47390911078204356
CE_KINGSAFETY:0.5044797515461249
C_PIECESQUARETABLES:0.5200016355422362
C_MOBILITY:0.4913079437252939
C_KINGSAFETY:0.532472423803618
C_PAWNSTRUCTURE:0.47713815354755373
C_PIECECOORDINATION:0.5081630220173383
C_ROOKANDPAWNMOVEMENT:0.5081630220173383
C_CENTERCONTROL:0.4972115317474826
C_DEVELOPPIECES:0.4867710972380393
C_MATERIAL:0.5045388190413178
