ELO:1000
CE_PASSEDPAWNS:0.5165781049031081
CE_PAWNWEAKNESSES:0.5146670484239914
CE_PIECEACTIVITY:0.5367768229407213
CE_KINGPAWNSHIELD:0.49393715636797925
CE_PIECECOORDINATION:0.49336809436008344
CE_MATERIAL:0.4856210203957747
CE_KINGSAFETY:0.49723691953148574
C_PIECESQUARETABLES:0.48614589944294356
C_MOBILITY:0.4853620256889781
C_KINGSAFETY:0.5539175961394184
C_PAWNSTRUCTURE:0.5165522773659824
C_PIECECOORDINATION:0.5000777214388179
C_ROOKANDPAWNMOVEMENT:0.5000777214388179
C_CENTERCONTROL:0.48530216720752756
C_DEVELOPPIECES:0.4805986863723952
C_MATERIAL:0.5319111058282183
