ELO:832
CE_PASSEDPAWNS:0.46150898944688035
CE_PAWNWEAKNESSES:0.49871889030190697
CE_PIECEACTIVITY:0.4972275592498787
CE_KINGPAWNSHIELD:0.4897184637871558
CE_PIECECOORDINATION:0.46136949515952436
CE_MATERIAL:0.43063640854846835
CE_KINGSAFETY:0.5139620076242676
C_PIECESQUARETABLES:0.5145274949773008
C_MOBILITY:0.4278156201398666
C_KINGSAFETY:0.4785892879789907
C_PAWNSTRUCTURE:0.4483050714149293
C_PIECECOORDINATION:0.5089588647734703
C_ROOKANDPAWNMOVEMENT:0.5089588647734703
C_CENTERCONTROL:0.5094120171852826
C_DEVELOPPIECES:0.621759820849135
C_MATERIAL:0.4562368693174703
C_MOVECOUNT:0.5602992076023496
