ELO:966
CE_PASSEDPAWNS:0.4918847978061223
CE_PAWNWEAKNESSES:0.5032351299102633
CE_PIECEACTIVITY:0.49247358086613063
CE_KINGPAWNSHIELD:0.48281910547750734
CE_PIECECOORDINATION:0.5112740022941931
CE_MATERIAL:0.5086393771964841
CE_KINGSAFETY:0.5041893784218571
C_PIECESQUARETABLES:0.48323380727804777
C_MOBILITY:0.5057098543446201
C_KINGSAFETY:0.4882303427621824
C_PAWNSTRUCTURE:0.5046138891020028
C_PIECECOORDINATION:0.45833922823258344
C_ROOKANDPAWNMOVEMENT:0.45833922823258344
C_CENTERCONTROL:0.4940425734998097
C_DEVELOPPIECES:0.4980048405613614
C_MATERIAL:0.49927581958102435
C_MOVECOUNT:0.5
