ELO:1080
CE_PASSEDPAWNS:0.4423351527844504
CE_PAWNWEAKNESSES:0.5133846399271969
CE_PIECEACTIVITY:0.49487172980798755
CE_KINGPAWNSHIELD:0.49995515836157894
CE_PIECECOORDINATION:0.5387170766676309
CE_MATERIAL:0.40469088511640383
CE_KINGSAFETY:0.48703918601626545
C_PIECESQUARETABLES:0.5034202080049611
C_MOBILITY:0.5148005730512228
C_KINGSAFETY:0.60986681720186
C_PAWNSTRUCTURE:0.40118671656548427
C_PIECECOORDINATION:0.48430233874975176
C_ROOKANDPAWNMOVEMENT:0.48430233874975176
C_CENTERCONTROL:0.5975362881268836
C_DEVELOPPIECES:0.4664293413155235
C_MATERIAL:0.360108915805051
