ELO:1017
CE_PASSEDPAWNS:0.49440136804619905
CE_PAWNWEAKNESSES:0.4814907870789716
CE_PIECEACTIVITY:0.4854613966948286
CE_KINGPAWNSHIELD:0.4999233599011594
CE_PIECECOORDINATION:0.4960286398334244
CE_MATERIAL:0.4651754901368229
CE_KINGSAFETY:0.5
C_PIECESQUARETABLES:0.5
C_MOBILITY:0.5120783598521339
C_KINGSAFETY:0.4532218677956674
C_PAWNSTRUCTURE:0.5084365287501169
C_PIECECOORDINATION:0.5164964441641188
C_ROOK:0.5
CE_ROOK:0.5121368117509691
C_CENTERCONTROL:0.4810849226389004
C_DEVELOPPIECES:0.485146299061775
C_MATERIAL:0.5126455007579979
C_MOVECOUNT:0.46836544109434486
C_PAWNMOVEMENT:0.47099577499993855
