ELO:1000
CE_PASSEDPAWNS:0.5055506639692454
CE_PAWNWEAKNESSES:0.5116259573578277
CE_PIECEACTIVITY:0.48700524863576694
CE_KINGPAWNSHIELD:0.5062386448151698
CE_PIECECOORDINATION:0.5
CE_MATERIAL:0.4961108755016131
CE_KINGSAFETY:0.5118541913580245
C_PIECESQUARETABLES:0.5063616403423391
C_MOBILITY:0.5060787191220328
C_KINGSAFETY:0.5090272947381719
C_PAWNSTRUCTURE:0.5
C_PIECECOORDINATION:0.4975523035641642
C_ROOKANDPAWNMOVEMENT:0.4975523035641642
C_CENTERCONTROL:0.5095146089260129
C_DEVELOPPIECES:0.5043621626888001
C_MATERIAL:0.4924509264622048
