ELO:1046
CE_PASSEDPAWNS:0.49244450137678064
CE_PAWNWEAKNESSES:0.4770001892067944
CE_PIECEACTIVITY:0.5100890023247386
CE_KINGPAWNSHIELD:0.5
CE_PIECECOORDINATION:0.4990128937947933
CE_MATERIAL:0.5010211814414373
CE_KINGSAFETY:0.5
C_PIECESQUARETABLES:0.5
C_MOBILITY:0.49505961881672944
C_KINGSAFETY:0.4795235616541757
C_PAWNSTRUCTURE:0.4944988609796438
C_PIECECOORDINATION:0.5400649505094918
C_ROOK:0.49929217242083473
CE_ROOK:0.485503642279331
C_CENTERCONTROL:0.5002605612675087
C_DEVELOPPIECES:0.4896603053056364
C_MATERIAL:0.4982330058239078
C_MOVECOUNT:0.5
C_PAWNMOVEMENT:0.4610732517191339
