ELO:1000
CE_PASSEDPAWNS:0.4639829088310407
CE_PAWNWEAKNESSES:0.5080250413710541
CE_PIECEACTIVITY:0.48112355453091554
CE_KINGPAWNSHIELD:0.49499286585895097
CE_PIECECOORDINATION:0.5088899810006329
CE_MATERIAL:0.49645850606049235
CE_KINGSAFETY:0.5227316689461703
C_PIECESQUARETABLES:0.487657242877847
C_MOBILITY:0.5071147427070194
C_KINGSAFETY:0.5094203138389685
C_PAWNSTRUCTURE:0.49685481271505405
C_PIECECOORDINATION:0.48717365877184626
C_ROOKANDPAWNMOVEMENT:0.48717365877184626
C_CENTERCONTROL:0.5082158787388692
C_DEVELOPPIECES:0.5233181961724722
C_MATERIAL:0.5250579003520492
