ELO:981
CE_PASSEDPAWNS:0.41532619812248195
CE_PAWNWEAKNESSES:0.4403109044773884
CE_PIECEACTIVITY:0.44947772315765966
CE_KINGPAWNSHIELD:0.5531723451165623
CE_PIECECOORDINATION:0.5603199885429913
CE_MATERIAL:0.5396606684145066
CE_KINGSAFETY:0.5042199832667007
C_PIECESQUARETABLES:0.5712664684436448
C_MOBILITY:0.5176841189928306
C_KINGSAFETY:0.5534684441609572
C_PAWNSTRUCTURE:0.482004630576089
C_PIECECOORDINATION:0.4393078612159521
C_ROOKANDPAWNMOVEMENT:0.4393078612159521
C_CENTERCONTROL:0.5488373603130634
C_DEVELOPPIECES:0.5193656233636514
C_MATERIAL:0.5076266393837447
