ELO:1012
CE_PASSEDPAWNS:0.5213527583385615
CE_PAWNWEAKNESSES:0.4991489043344985
CE_PIECEACTIVITY:0.4959117268987388
CE_KINGPAWNSHIELD:0.5011044994738518
CE_PIECECOORDINATION:0.5028021904293126
CE_MATERIAL:0.5
CE_KINGSAFETY:0.5
C_PIECESQUARETABLES:0.5
C_MOBILITY:0.499221847668814
C_KINGSAFETY:0.4954762245254442
C_PAWNSTRUCTURE:0.5104191137430878
C_PIECECOORDINATION:0.5052269750668488
C_ROOKANDPAWNMOVEMENT:0.5052269750668488
C_CENTERCONTROL:0.5011764541295259
C_DEVELOPPIECES:0.5006251476768159
C_MATERIAL:0.4991639600079957
C_MOVECOUNT:0.5
