ELO:827
CE_PASSEDPAWNS:0.49920128240081213
CE_PAWNWEAKNESSES:0.3941566689271493
CE_PIECEACTIVITY:0.4334450945707518
CE_KINGPAWNSHIELD:0.4894448352881568
CE_PIECECOORDINATION:0.6105057244121225
CE_MATERIAL:0.49388555538894463
CE_KINGSAFETY:0.5634330922996936
C_PIECESQUARETABLES:0.4890295887643854
C_MOBILITY:0.5556571344418468
C_KINGSAFETY:0.520769643060627
C_PAWNSTRUCTURE:0.45293076861371556
C_PIECECOORDINATION:0.4912663593949479
C_ROOKANDPAWNMOVEMENT:0.4912663593949479
C_CENTERCONTROL:0.5683043225761116
C_DEVELOPPIECES:0.4877434195783847
C_MATERIAL:0.467237412987186
