ELO:980
CE_PASSEDPAWNS:0.4270747850581481
CE_PAWNWEAKNESSES:0.5056519052172667
CE_PIECEACTIVITY:0.553618915994816
CE_KINGPAWNSHIELD:0.4270993827940533
CE_PIECECOORDINATION:0.4703930950732121
CE_MATERIAL:0.5290810006998317
CE_KINGSAFETY:0.5004902473055824
C_PIECESQUARETABLES:0.5
C_MOBILITY:0.46876859594748155
C_KINGSAFETY:0.4706251276525249
C_PAWNSTRUCTURE:0.45154678609914634
C_PIECECOORDINATION:0.5495278870645928
C_ROOKANDPAWNMOVEMENT:0.5495278870645928
C_CENTERCONTROL:0.4590017235724802
C_DEVELOPPIECES:0.5409565629014358
C_MATERIAL:0.45603942054678603
