ELO:826
CE_PASSEDPAWNS:0.4366127841055986
CE_PAWNWEAKNESSES:0.4872682491035367
CE_PIECEACTIVITY:0.4922450897531315
CE_KINGPAWNSHIELD:0.48765493414498756
CE_PIECECOORDINATION:0.5188783935910116
CE_MATERIAL:0.504883784503716
CE_KINGSAFETY:0.44492961711988854
C_PIECESQUARETABLES:0.5307215965159148
C_MOBILITY:0.5090604650422522
C_KINGSAFETY:0.4684738591051488
C_PAWNSTRUCTURE:0.5152912886304335
C_PIECECOORDINATION:0.48408711125871107
C_ROOKANDPAWNMOVEMENT:0.48408711125871107
C_CENTERCONTROL:0.5663870708288815
C_DEVELOPPIECES:0.5014589895440729
C_MATERIAL:0.5123034533415497
C_MOVECOUNT:0.5
