ELO:1046
CE_PASSEDPAWNS:0.4955273104592464
CE_PAWNWEAKNESSES:0.4770001892067944
CE_PIECEACTIVITY:0.45641853827048906
CE_KINGPAWNSHIELD:0.4973009104810251
CE_PIECECOORDINATION:0.4991222514114215
CE_MATERIAL:0.5010211814414373
CE_KINGSAFETY:0.5
C_PIECESQUARETABLES:0.5
C_MOBILITY:0.5136440417553039
C_KINGSAFETY:0.499417299048897
C_PAWNSTRUCTURE:0.5011896771177238
C_PIECECOORDINATION:0.5164738090207023
C_ROOK:0.5
CE_ROOK:0.4811678256649255
C_CENTERCONTROL:0.5025822292455111
C_DEVELOPPIECES:0.494324250607125
C_MATERIAL:0.5013109468164912
C_MOVECOUNT:0.47802042898757824
C_PAWNMOVEMENT:0.4610732517191339
