ELO:973
CE_PASSEDPAWNS:0.4909365187904263
CE_PAWNWEAKNESSES:0.5
CE_PIECEACTIVITY:0.49563648337489413
CE_KINGPAWNSHIELD:0.4802283565901384
CE_PIECECOORDINATION:0.5004868359552294
CE_MATERIAL:0.48603075190055883
CE_KINGSAFETY:0.5
C_PIECESQUARETABLES:0.5
C_MOBILITY:0.5024721963723562
C_KINGSAFETY:0.5028129580647365
C_PAWNSTRUCTURE:0.4879155498080247
C_PIECECOORDINATION:0.49783317745945743
C_ROOKANDPAWNMOVEMENT:0.49783317745945743
C_CENTERCONTROL:0.5
C_DEVELOPPIECES:0.4904940586379896
C_MATERIAL:0.4939298181994853
C_MOVECOUNT:0.4964522499088159
