ELO:931
CE_PASSEDPAWNS:0.3881769544820772
CE_PAWNWEAKNESSES:0.4652971808122095
CE_PIECEACTIVITY:0.576599473849768
CE_KINGPAWNSHIELD:0.519867469756102
CE_PIECECOORDINATION:0.4766760828666786
CE_MATERIAL:0.48521451952452493
CE_KINGSAFETY:0.49843043243008384
C_PIECESQUARETABLES:0.5144779447927331
C_MOBILITY:0.46945819454171334
C_KINGSAFETY:0.48469876961499087
C_PAWNSTRUCTURE:0.3857257430019053
C_PIECECOORDINATION:0.6145446107511507
C_ROOKANDPAWNMOVEMENT:0.6145446107511507
C_CENTERCONTROL:0.4516051369859191
C_DEVELOPPIECES:0.5266670342378416
C_MATERIAL:0.42784634545683986
