ELO:836
CE_PASSEDPAWNS:0.44792533576398474
CE_PAWNWEAKNESSES:0.5944288762794836
CE_PIECEACTIVITY:0.5473170937411289
CE_KINGPAWNSHIELD:0.5375440938670047
CE_PIECECOORDINATION:0.5013017030928775
CE_MATERIAL:0.4305375549758247
CE_KINGSAFETY:0.5248957893060717
C_PIECESQUARETABLES:0.44531668149561004
C_MOBILITY:0.5322181150771498
C_KINGSAFETY:0.44008351841300886
C_PAWNSTRUCTURE:0.5588110751602047
C_PIECECOORDINATION:0.5137778624582792
C_ROOKANDPAWNMOVEMENT:0.5137778624582792
C_CENTERCONTROL:0.4327713080947143
C_DEVELOPPIECES:0.4792722879914928
C_MATERIAL:0.49157549935157796
C_MOVECOUNT:0.5
