ELO:1046
CE_PASSEDPAWNS:0.5086078626992011
CE_PAWNWEAKNESSES:0.4967877153802503
CE_PIECEACTIVITY:0.5100890023247386
CE_KINGPAWNSHIELD:0.5
CE_PIECECOORDINATION:0.4990128937947933
CE_MATERIAL:0.5010211814414373
CE_KINGSAFETY:0.5
C_PIECESQUARETABLES:0.5
C_MOBILITY:0.5089791542089985
C_KINGSAFETY:0.479614052768268
C_PAWNSTRUCTURE:0.5
C_PIECECOORDINATION:0.5165029931183787
C_ROOK:0.49929217242083473
CE_ROOK:0.4811678256649255
C_CENTERCONTROL:0.5035731574394081
C_DEVELOPPIECES:0.4896603053056364
C_MATERIAL:0.4982330058239078
C_MOVECOUNT:0.4752383491580709
C_PAWNMOVEMENT:0.4610732517191339
