ELO:919
CE_PASSEDPAWNS:0.39096818258276206
CE_PAWNWEAKNESSES:0.4741508795549153
CE_PIECEACTIVITY:0.5695010198478341
CE_KINGPAWNSHIELD:0.5153982366488279
CE_PIECECOORDINATION:0.4411858145567336
CE_MATERIAL:0.4495002611945872
CE_KINGSAFETY:0.5058015017254233
C_PIECESQUARETABLES:0.5178804719048408
C_MOBILITY:0.4676509894342203
C_KINGSAFETY:0.4903713743058433
C_PAWNSTRUCTURE:0.382185943967454
C_PIECECOORDINATION:0.5990323603393556
C_ROOKANDPAWNMOVEMENT:0.5990323603393556
C_CENTERCONTROL:0.45276308578137076
C_DEVELOPPIECES:0.5470467424531674
C_MATERIAL:0.42925788020155786
