ELO:988
CE_PASSEDPAWNS:0.5156839845540195
CE_PAWNWEAKNESSES:0.5113375120593417
CE_PIECEACTIVITY:0.5115517959390631
CE_KINGPAWNSHIELD:0.4076561608377238
CE_PIECECOORDINATION:0.44538019471221774
CE_MATERIAL:0.5589091208060617
CE_KINGSAFETY:0.5114825953865089
C_PIECESQUARETABLES:0.4943338284791388
C_MOBILITY:0.4986133213456154
C_KINGSAFETY:0.5033431182182464
C_PAWNSTRUCTURE:0.5013081076511899
C_PIECECOORDINATION:0.5350567576815112
C_ROOKANDPAWNMOVEMENT:0.5350567576815112
C_CENTERCONTROL:0.40336817311184403
C_DEVELOPPIECES:0.4961387167207058
C_MATERIAL:0.5764747815135525
