ELO:998
CE_PASSEDPAWNS:0.49343279088284675
CE_PAWNWEAKNESSES:0.5000094710097361
CE_PIECEACTIVITY:0.49714680775057746
CE_KINGPAWNSHIELD:0.5
CE_PIECECOORDINATION:0.5
CE_MATERIAL:0.4988235805597417
CE_KINGSAFETY:0.5
C_PIECESQUARETABLES:0.5
C_MOBILITY:0.5
C_KINGSAFETY:0.5
C_PAWNSTRUCTURE:0.4885021226365277
C_PIECECOORDINATION:0.4891777511429637
C_ROOKANDPAWNMOVEMENT:0.4891777511429637
C_CENTERCONTROL:0.5
C_DEVELOPPIECES:0.4944465844625162
C_MATERIAL:0.4956960157116662
