ELO:973
CE_PASSEDPAWNS:0.43209389341639126
CE_PAWNWEAKNESSES:0.5093939390569403
CE_PIECEACTIVITY:0.5445549852212973
CE_KINGPAWNSHIELD:0.4265733493061501
CE_PIECECOORDINATION:0.4519577182614122
CE_MATERIAL:0.49310470315854743
CE_KINGSAFETY:0.4806171614719685
C_PIECESQUARETABLES:0.5012031731232592
C_MOBILITY:0.4722274699289836
C_KINGSAFETY:0.4693314299751669
C_PAWNSTRUCTURE:0.45294030643486644
C_PIECECOORDINATION:0.5377148005772312
C_ROOKANDPAWNMOVEMENT:0.5377148005772312
C_CENTERCONTROL:0.44114439254661525
C_DEVELOPPIECES:0.5588414250452912
C_MATERIAL:0.44936303141645145
