ELO:985
CE_PASSEDPAWNS:0.4908660742977934
CE_PAWNWEAKNESSES:0.526094284557822
CE_PIECEACTIVITY:0.49183790686623036
CE_KINGPAWNSHIELD:0.5139140268258674
CE_PIECECOORDINATION:0.5114829036427377
CE_MATERIAL:0.4979294987667869
CE_KINGSAFETY:0.4889867960716783
C_PIECESQUARETABLES:0.5117221873610148
C_MOBILITY:0.4898369556371914
C_KINGSAFETY:0.48174110384236835
C_PAWNSTRUCTURE:0.48813237320189773
C_PIECECOORDINATION:0.4904760884591422
C_ROOKANDPAWNMOVEMENT:0.4904760884591422
C_CENTERCONTROL:0.5076785396105987
C_DEVELOPPIECES:0.5210823493197834
C_MATERIAL:0.5061484093349906
C_MOVECOUNT:0.4985641532595506
