ELO:988
CE_PASSEDPAWNS:0.42330858825132
CE_PAWNWEAKNESSES:0.46233217225003265
CE_PIECEACTIVITY:0.44381901676514474
CE_KINGPAWNSHIELD:0.5338421764976382
CE_PIECECOORDINATION:0.5387847892114673
CE_MATERIAL:0.543167743974402
CE_KINGSAFETY:0.5155869413358276
C_PIECESQUARETABLES:0.550827227032531
C_MOBILITY:0.5172897105145059
C_KINGSAFETY:0.5494943741506305
C_PAWNSTRUCTURE:0.5164259183021184
C_PIECECOORDINATION:0.4195083738571487
C_ROOKANDPAWNMOVEMENT:0.4195083738571487
C_CENTERCONTROL:0.5266456954162615
C_DEVELOPPIECES:0.5260352132090858
C_MATERIAL:0.5514932936632947
