ELO:561
CE_PASSEDPAWNS:0.6216374256579186
CE_PAWNWEAKNESSES:0.45302951916204703
CE_PIECEACTIVITY:0.43215241682723515
CE_KINGPAWNSHIELD:0.47861685603813636
CE_PIECECOORDINATION:0.4799920290617568
CE_MATERIAL:0.40289521057683353
CE_KINGSAFETY:0.5438599526883101
C_PIECESQUARETABLES:0.4619701838612914
C_MOBILITY:0.5773599962266951
C_KINGSAFETY:0.4340772196988993
C_PAWNSTRUCTURE:0.5624576459429572
C_PIECECOORDINATION:0.48800452919723314
C_ROOKANDPAWNMOVEMENT:0.48800452919723314
C_CENTERCONTROL:0.5720746568834767
C_DEVELOPPIECES:0.5588257460934356
C_MATERIAL:0.586144939031812
C_MOVECOUNT:0.5941861728742343
