ELO:1074
CE_PASSEDPAWNS:0.43470859414494406
CE_PAWNWEAKNESSES:0.4568411498635573
CE_PIECEACTIVITY:0.47707812532962285
CE_KINGPAWNSHIELD:0.5340388660950309
CE_PIECECOORDINATION:0.5472520111860372
CE_MATERIAL:0.4680480477228792
CE_KINGSAFETY:0.4993801825342498
C_PIECESQUARETABLES:0.508795544852949
C_MOBILITY:0.44285049801409604
C_KINGSAFETY:0.6081647881601234
C_PAWNSTRUCTURE:0.4089377749086314
C_PIECECOORDINATION:0.49866818120091305
C_ROOKANDPAWNMOVEMENT:0.49866818120091305
C_CENTERCONTROL:0.5822840956843284
C_DEVELOPPIECES:0.5449267578296713
C_MATERIAL:0.386835672243206
