ELO:855
CE_PASSEDPAWNS:0.5085899284045284
CE_PAWNWEAKNESSES:0.5183231910431441
CE_PIECEACTIVITY:0.49923850966431693
CE_KINGPAWNSHIELD:0.5014940051373378
CE_PIECECOORDINATION:0.5211789897822278
CE_MATERIAL:0.5802614445294496
CE_KINGSAFETY:0.5452908428885332
C_PIECESQUARETABLES:0.4994462110449451
C_MOBILITY:0.4796803443967852
C_KINGSAFETY:0.4671083518975325
C_PAWNSTRUCTURE:0.4557132001789757
C_PIECECOORDINATION:0.5047670330741926
C_ROOKANDPAWNMOVEMENT:0.5047670330741926
C_CENTERCONTROL:0.47376956403845333
C_DEVELOPPIECES:0.49060611730775033
C_MATERIAL:0.4645037305886992
C_MOVECOUNT:0.4644674874438564
