ELO:913
CE_PASSEDPAWNS:0.3770602189790532
CE_PAWNWEAKNESSES:0.4426607392126528
CE_PIECEACTIVITY:0.5730172707808555
CE_KINGPAWNSHIELD:0.5102682113365952
CE_PIECECOORDINATION:0.44568900551821167
CE_MATERIAL:0.42184424418670674
CE_KINGSAFETY:0.5035698096068236
C_PIECESQUARETABLES:0.5018395891994542
C_MOBILITY:0.4643425254584962
C_KINGSAFETY:0.4837106165717234
C_PAWNSTRUCTURE:0.377820642339308
C_PIECECOORDINATION:0.6246791810234577
C_ROOKANDPAWNMOVEMENT:0.6246791810234577
C_CENTERCONTROL:0.42433341555471676
C_DEVELOPPIECES:0.5565047955763361
C_MATERIAL:0.450424259936087
