ELO:995
CE_PASSEDPAWNS:0.5185258597772309
CE_PAWNWEAKNESSES:0.49012527169486714
CE_PIECEACTIVITY:0.49131657702398374
CE_KINGPAWNSHIELD:0.5230388311377527
CE_PIECECOORDINATION:0.5003032528184177
CE_MATERIAL:0.5317247340602287
CE_KINGSAFETY:0.5119474258957515
C_PIECESQUARETABLES:0.5
C_MOBILITY:0.492369345734793
C_KINGSAFETY:0.4818018216240066
C_PAWNSTRUCTURE:0.5104633174529171
C_PIECECOORDINATION:0.507081296323835
C_ROOK:0.4785228425020683
CE_ROOK:0.4974473338997815
C_CENTERCONTROL:0.506865170534747
C_DEVELOPPIECES:0.5106433831690191
C_MATERIAL:0.49366195855700795
C_MOVECOUNT:0.49173405583948343
C_PAWNMOVEMENT:0.5121683341536636
