ELO:1046
CE_PASSEDPAWNS:0.5013787131414988
CE_PAWNWEAKNESSES:0.4967877153802503
CE_PIECEACTIVITY:0.5016266317876139
CE_KINGPAWNSHIELD:0.4662986907521495
CE_PIECECOORDINATION:0.4990128937947933
CE_MATERIAL:0.5115008509760626
CE_KINGSAFETY:0.5
C_PIECESQUARETABLES:0.5
C_MOBILITY:0.5
C_KINGSAFETY:0.4991844272485667
C_PAWNSTRUCTURE:0.5
C_PIECECOORDINATION:0.5164738090207023
C_ROOK:0.49361738851163545
CE_ROOK:0.4967430384803549
C_CENTERCONTROL:0.5149045760519924
C_DEVELOPPIECES:0.4924542313572364
C_MATERIAL:0.5
C_MOVECOUNT:0.4752383491580709
C_PAWNMOVEMENT:0.5284061972254167
