ELO:970
CE_PASSEDPAWNS:0.508226155773003
CE_PAWNWEAKNESSES:0.5010564153625173
CE_PIECEACTIVITY:0.481147597623559
CE_KINGPAWNSHIELD:0.5262336960063849
CE_PIECECOORDINATION:0.5063003176627742
CE_MATERIAL:0.5505026621556031
CE_KINGSAFETY:0.5511654180239358
C_PIECESQUARETABLES:0.511679957369021
C_MOBILITY:0.4750003568107555
C_KINGSAFETY:0.4784026769134085
C_PAWNSTRUCTURE:0.4643881917481884
C_PIECECOORDINATION:0.5443681089805686
C_ROOKANDPAWNMOVEMENT:0.5443681089805686
C_CENTERCONTROL:0.47968935976936083
C_DEVELOPPIECES:0.5290994405341695
C_MATERIAL:0.4955976684414074
C_MOVECOUNT:0.5
