ELO:968
CE_PASSEDPAWNS:0.5195881251310484
CE_PAWNWEAKNESSES:0.48478176185101135
CE_PIECEACTIVITY:0.4941919247554115
CE_KINGPAWNSHIELD:0.50609515387412
CE_PIECECOORDINATION:0.4983017239963735
CE_MATERIAL:0.5098293217340941
CE_KINGSAFETY:0.4949915421547857
C_PIECESQUARETABLES:0.48939048087837855
C_MOBILITY:0.5248760906097437
C_KINGSAFETY:0.4922122677882909
C_PAWNSTRUCTURE:0.49607474632389803
C_PIECECOORDINATION:0.4782248628639428
C_ROOKANDPAWNMOVEMENT:0.4782248628639428
C_CENTERCONTROL:0.4702069615922582
C_DEVELOPPIECES:0.5347832862857363
C_MATERIAL:0.4808495614573035
