ELO:970
CE_PASSEDPAWNS:0.5065303209100757
CE_PAWNWEAKNESSES:0.5088910743640743
CE_PIECEACTIVITY:0.49579420884558834
CE_KINGPAWNSHIELD:0.5068069945312766
CE_PIECECOORDINATION:0.49867864892938896
CE_MATERIAL:0.4948970249830332
CE_KINGSAFETY:0.5
C_PIECESQUARETABLES:0.4809618224627882
C_MOBILITY:0.5151542061991125
C_KINGSAFETY:0.49935665534652185
C_PAWNSTRUCTURE:0.5078127099116261
C_PIECECOORDINATION:0.5012615394793846
C_ROOKANDPAWNMOVEMENT:0.5012615394793846
C_CENTERCONTROL:0.5154891310987966
C_DEVELOPPIECES:0.49391717332564355
C_MATERIAL:0.4819951269369118
C_MOVECOUNT:0.5
