ELO:898
CE_PASSEDPAWNS:0.4665196672362534
CE_PAWNWEAKNESSES:0.49369282067635933
CE_PIECEACTIVITY:0.4409376764334505
CE_KINGPAWNSHIELD:0.5476446904315088
CE_PIECECOORDINATION:0.4905601919533951
CE_MATERIAL:0.586942618528641
CE_KINGSAFETY:0.49877143740853525
C_PIECESQUARETABLES:0.5204224484048233
C_MOBILITY:0.503306520112249
C_KINGSAFETY:0.4413514721926406
C_PAWNSTRUCTURE:0.4688864420724248
C_PIECECOORDINATION:0.4768506753017406
C_ROOKANDPAWNMOVEMENT:0.4768506753017406
C_CENTERCONTROL:0.5326135959196177
C_DEVELOPPIECES:0.49202135611928055
C_MATERIAL:0.45718921586113564
C_MOVECOUNT:0.47952797139773184
