ELO:961
CE_PASSEDPAWNS:0.49740922103343316
CE_PAWNWEAKNESSES:0.5006595610851728
CE_PIECEACTIVITY:0.5026388610946673
CE_KINGPAWNSHIELD:0.4894021774224797
CE_PIECECOORDINATION:0.49541872616881416
CE_MATERIAL:0.5010453479804697
CE_KINGSAFETY:0.5017418083485152
C_PIECESQUARETABLES:0.5
C_MOBILITY:0.4952971382803548
C_KINGSAFETY:0.5015735692769405
C_PAWNSTRUCTURE:0.5077797377180056
C_PIECECOORDINATION:0.5
C_ROOKANDPAWNMOVEMENT:0.5
C_CENTERCONTROL:0.5054379163388502
C_DEVELOPPIECES:0.49469670346173333
C_MATERIAL:0.5012653290365878
C_MOVECOUNT:0.5
