ELO:913
CE_PASSEDPAWNS:0.37829430107882067
CE_PAWNWEAKNESSES:0.41402049610052866
CE_PIECEACTIVITY:0.5836940531746958
CE_KINGPAWNSHIELD:0.5102682113365952
CE_PIECECOORDINATION:0.4374702770811965
CE_MATERIAL:0.43050068043814443
CE_KINGSAFETY:0.49396727300543
C_PIECESQUARETABLES:0.4934331230723875
C_MOBILITY:0.4703451547209661
C_KINGSAFETY:0.49277823159334255
C_PAWNSTRUCTURE:0.3806075698282983
C_PIECECOORDINATION:0.6253897973914335
C_ROOKANDPAWNMOVEMENT:0.6253897973914335
C_CENTERCONTROL:0.42433341555471676
C_DEVELOPPIECES:0.5614834940894858
C_MATERIAL:0.45883154716715013
