ELO:1034
CE_PASSEDPAWNS:0.5023498298700007
CE_PAWNWEAKNESSES:0.4830405011720233
CE_PIECEACTIVITY:0.49393142336746904
CE_KINGPAWNSHIELD:0.48494180170640855
CE_PIECECOORDINATION:0.5018306002243903
CE_MATERIAL:0.5207688268285212
CE_KINGSAFETY:0.5
C_PIECESQUARETABLES:0.5
C_MOBILITY:0.5
C_KINGSAFETY:0.5042051878248334
C_PAWNSTRUCTURE:0.4951326566476162
C_PIECECOORDINATION:0.518897196640127
C_ROOK:0.4828610962900275
CE_ROOK:0.4960860099806561
C_CENTERCONTROL:0.5035731574394081
C_DEVELOPPIECES:0.509493895522361
C_MATERIAL:0.4729796226216417
C_MOVECOUNT:0.49258642512256096
C_PAWNMOVEMENT:0.5018790929858505
