ELO:991
CE_PASSEDPAWNS:0.49320113690626405
CE_PAWNWEAKNESSES:0.5160361164962095
CE_PIECEACTIVITY:0.5142378228117285
CE_KINGPAWNSHIELD:0.4971067042515932
CE_PIECECOORDINATION:0.46534449715122855
CE_MATERIAL:0.5087522260470262
CE_KINGSAFETY:0.5062894586368516
C_PIECESQUARETABLES:0.5213727506383663
C_MOBILITY:0.48609935465272547
C_KINGSAFETY:0.5
C_PAWNSTRUCTURE:0.5105427952188438
C_PIECECOORDINATION:0.5212605123307055
C_ROOKANDPAWNMOVEMENT:0.5212605123307055
C_CENTERCONTROL:0.5
C_DEVELOPPIECES:0.5161117990002266
C_MATERIAL:0.4999864761245503
C_MOVECOUNT:0.5
