ELO:1003
CE_PASSEDPAWNS:0.49986630070883925
CE_PAWNWEAKNESSES:0.49245752696152056
CE_PIECEACTIVITY:0.49563648337489413
CE_KINGPAWNSHIELD:0.5150228868689224
CE_PIECECOORDINATION:0.5017728756910499
CE_MATERIAL:0.48169271842105044
CE_KINGSAFETY:0.5
C_PIECESQUARETABLES:0.5
C_MOBILITY:0.4941443025240959
C_KINGSAFETY:0.4930926997977184
C_PAWNSTRUCTURE:0.4929113533999935
C_PIECECOORDINATION:0.49783317745945743
C_ROOKANDPAWNMOVEMENT:0.49783317745945743
C_CENTERCONTROL:0.5144114752665477
C_DEVELOPPIECES:0.5
C_MATERIAL:0.479551710088467
C_MOVECOUNT:0.5029427304730147
