ELO:1064
CE_PASSEDPAWNS:0.5130955025364945
CE_PAWNWEAKNESSES:0.4842631040916708
CE_PIECEACTIVITY:0.4977159048461838
CE_KINGPAWNSHIELD:0.4798197097681056
CE_PIECECOORDINATION:0.5117626846070501
CE_MATERIAL:0.524792004454686
CE_KINGSAFETY:0.5
C_PIECESQUARETABLES:0.5
C_MOBILITY:0.49667033332078464
C_KINGSAFETY:0.48597921413543727
C_PAWNSTRUCTURE:0.5171578828235839
C_PIECECOORDINATION:0.5181771317652789
C_ROOK:0.5
CE_ROOK:0.5003472277118782
C_CENTERCONTROL:0.5064946862139831
C_DEVELOPPIECES:0.48357526442606574
C_MATERIAL:0.5169640389670006
C_MOVECOUNT:0.47802042898757824
C_PAWNMOVEMENT:0.48715733345721796
