ELO:993
CE_PASSEDPAWNS:0.4006885185966704
CE_PAWNWEAKNESSES:0.49566087117428725
CE_PIECEACTIVITY:0.4637540848522971
CE_KINGPAWNSHIELD:0.5166156998921937
CE_PIECECOORDINATION:0.511790806199059
CE_MATERIAL:0.5714194915116763
CE_KINGSAFETY:0.5172440530635274
C_PIECESQUARETABLES:0.5162416373925511
C_MOBILITY:0.5105469967619063
C_KINGSAFETY:0.5291812082192298
C_PAWNSTRUCTURE:0.525044063086008
C_PIECECOORDINATION:0.38345082259845437
C_ROOKANDPAWNMOVEMENT:0.38345082259845437
C_CENTERCONTROL:0.5193717647681553
C_DEVELOPPIECES:0.5408257031324322
C_MATERIAL:0.5657132208423922
