ELO:1000
CE_PASSEDPAWNS:0.4639829088310407
CE_PAWNWEAKNESSES:0.5048379934122258
CE_PIECEACTIVITY:0.4832989941960881
CE_KINGPAWNSHIELD:0.49499286585895097
CE_PIECECOORDINATION:0.5185140840800229
CE_MATERIAL:0.4973754960842254
CE_KINGSAFETY:0.5322559796435536
C_PIECESQUARETABLES:0.488519225302627
C_MOBILITY:0.5030707048827354
C_KINGSAFETY:0.503975248343845
C_PAWNSTRUCTURE:0.49685481271505405
C_PIECECOORDINATION:0.48680016627848244
C_ROOKANDPAWNMOVEMENT:0.48680016627848244
C_CENTERCONTROL:0.5071841901984292
C_DEVELOPPIECES:0.5182532937964561
C_MATERIAL:0.5250579003520492
