ELO:1000
CE_PASSEDPAWNS:0.4965342812805327
CE_PAWNWEAKNESSES:0.5008707811138854
CE_PIECEACTIVITY:0.4964545087593337
CE_KINGPAWNSHIELD:0.5002232565145824
CE_PIECECOORDINATION:0.5195492594336035
CE_MATERIAL:0.4926820885005113
CE_KINGSAFETY:0.535224855503452
C_PIECESQUARETABLES:0.5146668608241187
C_MOBILITY:0.5
C_KINGSAFETY:0.49796356725154184
C_PAWNSTRUCTURE:0.5070948256776971
C_PIECECOORDINATION:0.5086778890213352
C_ROOKANDPAWNMOVEMENT:0.5086778890213352
C_CENTERCONTROL:0.49336875505966676
C_DEVELOPPIECES:0.5057973694552668
C_MATERIAL:0.5005501841867764
