ELO:1000
CE_PASSEDPAWNS:0.457363774637516
CE_PAWNWEAKNESSES:0.5086993314185985
CE_PIECEACTIVITY:0.5303585606442841
CE_KINGPAWNSHIELD:0.4405388502875783
CE_PIECECOORDINATION:0.46539082309074226
CE_MATERIAL:0.47954013545458524
CE_KINGSAFETY:0.5905988827122182
C_PIECESQUARETABLES:0.5138222595101599
C_MOBILITY:0.5123075012642374
C_KINGSAFETY:0.48103375909149765
C_PAWNSTRUCTURE:0.5056208150442559
C_PIECECOORDINATION:0.539405280708781
C_ROOKANDPAWNMOVEMENT:0.539405280708781
C_CENTERCONTROL:0.49030262090900567
C_DEVELOPPIECES:0.500171172272814
C_MATERIAL:0.4921958492043433
