ELO:1000
CE_PASSEDPAWNS:0.4717137608110996
CE_PAWNWEAKNESSES:0.4962172703325322
CE_PIECEACTIVITY:0.5409171138699315
CE_KINGPAWNSHIELD:0.44421864294173535
CE_PIECECOORDINATION:0.45906960382041734
CE_MATERIAL:0.4945492392620434
CE_KINGSAFETY:0.5955853966619855
C_PIECESQUARETABLES:0.5226464113346077
C_MOBILITY:0.4805270022624539
C_KINGSAFETY:0.47695487087823085
C_PAWNSTRUCTURE:0.47263087905389894
C_PIECECOORDINATION:0.5225301050722033
C_ROOKANDPAWNMOVEMENT:0.5225301050722033
C_CENTERCONTROL:0.4822156732337672
C_DEVELOPPIECES:0.4944429812985472
C_MATERIAL:0.4981384121693773
