ELO:1005
CE_PASSEDPAWNS:0.5156006285039594
CE_PAWNWEAKNESSES:0.485223110808736
CE_PIECEACTIVITY:0.5020416614811565
CE_KINGPAWNSHIELD:0.5068572969184028
CE_PIECECOORDINATION:0.505621880955702
CE_MATERIAL:0.4973983201671193
CE_KINGSAFETY:0.5
C_PIECESQUARETABLES:0.5
C_MOBILITY:0.5
C_KINGSAFETY:0.49263529852109295
C_PAWNSTRUCTURE:0.4916104137017852
C_PIECECOORDINATION:0.5
C_ROOKANDPAWNMOVEMENT:0.5
C_CENTERCONTROL:0.5034494530100364
C_DEVELOPPIECES:0.5
C_MATERIAL:0.4973851830065904
C_MOVECOUNT:0.5
