ELO:1034
CE_PASSEDPAWNS:0.5202047592027715
CE_PAWNWEAKNESSES:0.5150516560095942
CE_PIECEACTIVITY:0.4788771803914117
CE_KINGPAWNSHIELD:0.48494180170640855
CE_PIECECOORDINATION:0.47855289593067774
CE_MATERIAL:0.4842486117367992
CE_KINGSAFETY:0.5
C_PIECESQUARETABLES:0.5
C_MOBILITY:0.4674381605665924
C_KINGSAFETY:0.501760859317036
C_PAWNSTRUCTURE:0.5123668856146419
C_PIECECOORDINATION:0.5010565797952407
C_ROOK:0.4908040969293647
CE_ROOK:0.4593527342123687
C_CENTERCONTROL:0.5117148113767311
C_DEVELOPPIECES:0.5227082644589882
C_MATERIAL:0.46758995477125365
C_MOVECOUNT:0.49258642512256096
C_PAWNMOVEMENT:0.48722053629913553
