ELO:1046
CE_PASSEDPAWNS:0.5146140641642772
CE_PAWNWEAKNESSES:0.5
CE_PIECEACTIVITY:0.49393142336746904
CE_KINGPAWNSHIELD:0.5050914370919352
CE_PIECECOORDINATION:0.49067908115444525
CE_MATERIAL:0.49140928926484095
CE_KINGSAFETY:0.5
C_PIECESQUARETABLES:0.5
C_MOBILITY:0.5136440417553039
C_KINGSAFETY:0.48955206063519147
C_PAWNSTRUCTURE:0.5
C_PIECECOORDINATION:0.5204537975749808
C_ROOK:0.5119277527766181
CE_ROOK:0.4981899573446161
C_CENTERCONTROL:0.5035731574394081
C_DEVELOPPIECES:0.509493895522361
C_MATERIAL:0.4964541094673097
C_MOVECOUNT:0.49258642512256096
C_PAWNMOVEMENT:0.506726350232554
