ELO:1002
CE_PASSEDPAWNS:0.5131941298491944
CE_PAWNWEAKNESSES:0.4865605223403497
CE_PIECEACTIVITY:0.5054269034939335
CE_KINGPAWNSHIELD:0.5272460203259242
CE_PIECECOORDINATION:0.4935935148230294
CE_MATERIAL:0.49369437705694086
CE_KINGSAFETY:0.5
C_PIECESQUARETABLES:0.5
C_MOBILITY:0.5100478289345435
C_KINGSAFETY:0.5072084201738155
C_PAWNSTRUCTURE:0.49515289691975856
C_PIECECOORDINATION:0.5102397605378752
C_ROOK:0.49438090878346225
CE_ROOK:0.5206652924556983
C_CENTERCONTROL:0.5135284672309939
C_DEVELOPPIECES:0.5
C_MATERIAL:0.5
C_MOVECOUNT:0.5249223376416742
C_PAWNMOVEMENT:0.5258677618288847
