ELO:1047
CE_PASSEDPAWNS:0.513420589128736
CE_PAWNWEAKNESSES:0.5112779314619631
CE_PIECEACTIVITY:0.502939485407813
CE_KINGPAWNSHIELD:0.5305970176702418
CE_PIECECOORDINATION:0.5
CE_MATERIAL:0.5063541973962732
CE_KINGSAFETY:0.5
C_PIECESQUARETABLES:0.5
C_MOBILITY:0.5026488487209159
C_KINGSAFETY:0.49114415449624815
C_PAWNSTRUCTURE:0.5241965214962074
C_PIECECOORDINATION:0.5256317355684392
C_ROOK:0.5
CE_ROOK:0.49384438345778076
C_CENTERCONTROL:0.5039788871700898
C_DEVELOPPIECES:0.45563406218651925
C_MATERIAL:0.4733690730580908
C_MOVECOUNT:0.49937136281783495
C_PAWNMOVEMENT:0.509499793086286
