ELO:1004
CE_PASSEDPAWNS:0.5027805893895754
CE_PAWNWEAKNESSES:0.5
CE_PIECEACTIVITY:0.5099958608954319
CE_KINGPAWNSHIELD:0.5055323913119567
CE_PIECECOORDINATION:0.5010230791338104
CE_MATERIAL:0.47318846406054227
CE_KINGSAFETY:0.5
C_PIECESQUARETABLES:0.5
C_MOBILITY:0.49554153275802604
C_KINGSAFETY:0.5
C_PAWNSTRUCTURE:0.5
C_PIECECOORDINATION:0.5
C_ROOKANDPAWNMOVEMENT:0.5
C_CENTERCONTROL:0.5
C_DEVELOPPIECES:0.5
C_MATERIAL:0.5
C_MOVECOUNT:0.49966394712909595
