ELO:1018
CE_PASSEDPAWNS:0.48795670447629463
CE_PAWNWEAKNESSES:0.5
CE_PIECEACTIVITY:0.5072126869965226
CE_KINGPAWNSHIELD:0.5
CE_PIECECOORDINATION:0.5241161774922031
CE_MATERIAL:0.46837377775804356
CE_KINGSAFETY:0.4920962240529616
C_PIECESQUARETABLES:0.5
C_MOBILITY:0.5056470236707354
C_KINGSAFETY:0.4926674065750558
C_PAWNSTRUCTURE:0.45005138481709195
C_PIECECOORDINATION:0.5
C_ROOKANDPAWNMOVEMENT:0.5
C_CENTERCONTROL:0.5122987295071216
C_DEVELOPPIECES:0.5
C_MATERIAL:0.5
C_MOVECOUNT:0.5
