ELO:988
CE_PASSEDPAWNS:0.4649877529986533
CE_PAWNWEAKNESSES:0.4997146322235092
CE_PIECEACTIVITY:0.5500344868358895
CE_KINGPAWNSHIELD:0.5
CE_PIECECOORDINATION:0.5086600058135076
CE_MATERIAL:0.4549836462664367
CE_KINGSAFETY:0.5
C_PIECESQUARETABLES:0.5
C_MOBILITY:0.48517342573546374
C_KINGSAFETY:0.43682526189989257
C_PAWNSTRUCTURE:0.49677725629861014
C_PIECECOORDINATION:0.49816970246868275
C_ROOK:0.482050619793673
CE_ROOK:0.5
C_CENTERCONTROL:0.5080224797314908
C_DEVELOPPIECES:0.5152850028779169
C_MATERIAL:0.48409382317216737
C_MOVECOUNT:0.49707727937085766
C_PAWNMOVEMENT:0.47062027920533545
