ELO:1000
CE_PASSEDPAWNS:0.5303326049100789
CE_PAWNWEAKNESSES:0.5
CE_PIECEACTIVITY:0.49991753961873325
CE_KINGPAWNSHIELD:0.5036528948935619
CE_PIECECOORDINATION:0.4714727288196666
CE_MATERIAL:0.4832764272738817
CE_KINGSAFETY:0.5131408513778518
C_PIECESQUARETABLES:0.4923092086526134
C_MOBILITY:0.4591128167784079
C_KINGSAFETY:0.5129810545641564
C_PAWNSTRUCTURE:0.5288475062069774
C_PIECECOORDINATION:0.49169303359631966
C_ROOKANDPAWNMOVEMENT:0.49169303359631966
C_CENTERCONTROL:0.44531013710155387
C_DEVELOPPIECES:0.501670481279622
C_MATERIAL:0.46970726098076754
C_MOVECOUNT:0.5
