ELO:989
CE_PASSEDPAWNS:0.4951560475529671
CE_PAWNWEAKNESSES:0.47657930543946675
CE_PIECEACTIVITY:0.4876847024271553
CE_KINGPAWNSHIELD:0.5244523123754781
CE_PIECECOORDINATION:0.4894345808033584
CE_MATERIAL:0.4881134264556721
CE_KINGSAFETY:0.4962953393091699
C_PIECESQUARETABLES:0.5115576444472612
C_MOBILITY:0.5094967913622006
C_KINGSAFETY:0.5030671058703003
C_PAWNSTRUCTURE:0.5078394976018142
C_PIECECOORDINATION:0.4978113379948278
C_ROOKANDPAWNMOVEMENT:0.4978113379948278
C_CENTERCONTROL:0.5
C_DEVELOPPIECES:0.4492912937163041
C_MATERIAL:0.49227510712622413
