ELO:897
CE_PASSEDPAWNS:0.3820887432665624
CE_PAWNWEAKNESSES:0.4185167692097887
CE_PIECEACTIVITY:0.5849522372170297
CE_KINGPAWNSHIELD:0.5164871219989206
CE_PIECECOORDINATION:0.4371486450954493
CE_MATERIAL:0.4295185184747931
CE_KINGSAFETY:0.4566757034847174
C_PIECESQUARETABLES:0.48815780954094135
C_MOBILITY:0.4813374189288583
C_KINGSAFETY:0.4787341277849463
C_PAWNSTRUCTURE:0.36498624009147534
C_PIECECOORDINATION:0.59512778272722
C_ROOKANDPAWNMOVEMENT:0.59512778272722
C_CENTERCONTROL:0.4314481038155963
C_DEVELOPPIECES:0.5640885448606509
C_MATERIAL:0.43188953319848317
