ELO:1046
CE_PASSEDPAWNS:0.5013787131414988
CE_PAWNWEAKNESSES:0.5143739487374894
CE_PIECEACTIVITY:0.482986077960694
CE_KINGPAWNSHIELD:0.48152885942246226
CE_PIECECOORDINATION:0.5037283460926225
CE_MATERIAL:0.4970967322552941
CE_KINGSAFETY:0.5
C_PIECESQUARETABLES:0.5
C_MOBILITY:0.5
C_KINGSAFETY:0.4876060557009499
C_PAWNSTRUCTURE:0.5
C_PIECECOORDINATION:0.5181771317652789
C_ROOK:0.49361738851163545
CE_ROOK:0.5
C_CENTERCONTROL:0.49001549101485403
C_DEVELOPPIECES:0.4925283032106535
C_MATERIAL:0.46455180187049616
C_MOVECOUNT:0.4841889322857715
C_PAWNMOVEMENT:0.5284061972254167
