ELO:973
CE_PASSEDPAWNS:0.5195881251310484
CE_PAWNWEAKNESSES:0.4629446215639595
CE_PIECEACTIVITY:0.5006215401814038
CE_KINGPAWNSHIELD:0.4875511836860489
CE_PIECECOORDINATION:0.4938295404479048
CE_MATERIAL:0.5046598453981804
CE_KINGSAFETY:0.4742678425315135
C_PIECESQUARETABLES:0.4872927165135054
C_MOBILITY:0.5050072307736139
C_KINGSAFETY:0.49485972847459575
C_PAWNSTRUCTURE:0.5048526132130422
C_PIECECOORDINATION:0.4995780149119221
C_ROOKANDPAWNMOVEMENT:0.4995780149119221
C_CENTERCONTROL:0.5332180667539965
C_DEVELOPPIECES:0.4789011985424459
C_MATERIAL:0.448612469428646
