ELO:945
CE_PASSEDPAWNS:0.4657905747494643
CE_PAWNWEAKNESSES:0.47895060299917785
CE_PIECEACTIVITY:0.5027966210675653
CE_KINGPAWNSHIELD:0.4301892030416735
CE_PIECECOORDINATION:0.5075210101460471
CE_MATERIAL:0.47818188249553495
CE_KINGSAFETY:0.5108595636036669
C_PIECESQUARETABLES:0.5
C_MOBILITY:0.5214623654573869
C_KINGSAFETY:0.49843502607390017
C_PAWNSTRUCTURE:0.5042023657823456
C_PIECECOORDINATION:0.47159339118039495
C_ROOKANDPAWNMOVEMENT:0.47159339118039495
C_CENTERCONTROL:0.502424884295727
C_DEVELOPPIECES:0.4374972107804913
C_MATERIAL:0.5088922065323263
C_MOVECOUNT:0.5
