ELO:997
CE_PASSEDPAWNS:0.411357660140245
CE_PAWNWEAKNESSES:0.4959173460668196
CE_PIECEACTIVITY:0.45349828508596857
CE_KINGPAWNSHIELD:0.514754304702021
CE_PIECECOORDINATION:0.506304471669834
CE_MATERIAL:0.5506179476854617
CE_KINGSAFETY:0.5103041268063243
C_PIECESQUARETABLES:0.5092021629782382
C_MOBILITY:0.5011321361824198
C_KINGSAFETY:0.5553392263468612
C_PAWNSTRUCTURE:0.5378513220600426
C_PIECECOORDINATION:0.3702192637836272
C_ROOKANDPAWNMOVEMENT:0.3702192637836272
C_CENTERCONTROL:0.5245780539088697
C_DEVELOPPIECES:0.5586156992674443
C_MATERIAL:0.5708852524312689
