ELO:1010
CE_PASSEDPAWNS:0.5165888194381504
CE_PAWNWEAKNESSES:0.4690268378358571
CE_PIECEACTIVITY:0.5054269034939335
CE_KINGPAWNSHIELD:0.5272460203259242
CE_PIECECOORDINATION:0.4858946601892416
CE_MATERIAL:0.4776127516420921
CE_KINGSAFETY:0.4979644995846631
C_PIECESQUARETABLES:0.48740603067301735
C_MOBILITY:0.5032106984644243
C_KINGSAFETY:0.4894545220625953
C_PAWNSTRUCTURE:0.47960076828113696
C_PIECECOORDINATION:0.5161112147581152
C_ROOK:0.5057630929773514
CE_ROOK:0.49216121952105707
C_CENTERCONTROL:0.4989757489048898
C_DEVELOPPIECES:0.5227082644589882
C_MATERIAL:0.5121962639220392
C_MOVECOUNT:0.5502691107708665
C_PAWNMOVEMENT:0.509743251232622
