ELO:922
CE_PASSEDPAWNS:0.4651578715304835
CE_PAWNWEAKNESSES:0.4397832907800449
CE_PIECEACTIVITY:0.4458821490317467
CE_KINGPAWNSHIELD:0.5108670748939192
CE_PIECECOORDINATION:0.61657088055324
CE_MATERIAL:0.5014907527309637
CE_KINGSAFETY:0.5027801720081893
C_PIECESQUARETABLES:0.4912043515931283
C_MOBILITY:0.5511854854437684
C_KINGSAFETY:0.564827707768994
C_PAWNSTRUCTURE:0.4739599268683872
C_PIECECOORDINATION:0.4998224793974584
C_ROOKANDPAWNMOVEMENT:0.4998224793974584
C_CENTERCONTROL:0.5740608047858434
C_DEVELOPPIECES:0.5037350598770848
C_MATERIAL:0.4924365217482618
