ELO:934
CE_PASSEDPAWNS:0.4956845990112646
CE_PAWNWEAKNESSES:0.5
CE_PIECEACTIVITY:0.4957367691261734
CE_KINGPAWNSHIELD:0.490308746227345
CE_PIECECOORDINATION:0.4941125292209469
CE_MATERIAL:0.4854651611639962
CE_KINGSAFETY:0.5085312021162219
C_PIECESQUARETABLES:0.5
C_MOBILITY:0.5008255709908576
C_KINGSAFETY:0.5057718907305524
C_PAWNSTRUCTURE:0.47657478176729373
C_PIECECOORDINATION:0.493495587523176
C_ROOKANDPAWNMOVEMENT:0.493495587523176
C_CENTERCONTROL:0.4908822263480048
C_DEVELOPPIECES:0.5064762650175153
C_MATERIAL:0.48229878592298325
C_MOVECOUNT:0.5077902254470197
