ELO:1052
CE_PASSEDPAWNS:0.4893576997954743
CE_PAWNWEAKNESSES:0.5068264728552007
CE_PIECEACTIVITY:0.5
CE_KINGPAWNSHIELD:0.5053206115697746
CE_PIECECOORDINATION:0.4955090398760595
CE_MATERIAL:0.5
CE_KINGSAFETY:0.5
C_PIECESQUARETABLES:0.5
C_MOBILITY:0.5
C_KINGSAFETY:0.5046723496990639
C_PAWNSTRUCTURE:0.4981441749062603
C_PIECECOORDINATION:0.5005992970682736
C_ROOK:0.5
CE_ROOK:0.5
C_CENTERCONTROL:0.5
C_DEVELOPPIECES:0.5
C_MATERIAL:0.5
C_MOVECOUNT:0.4954526474438525
C_PAWNMOVEMENT:0.5
