ELO:716
CE_PASSEDPAWNS:0.5186651678799061
CE_PAWNWEAKNESSES:0.6036828026723605
CE_PIECEACTIVITY:0.4511549815562382
CE_KINGPAWNSHIELD:0.5276667656774627
CE_PIECECOORDINATION:0.44300202322028887
CE_MATERIAL:0.48230245025553015
CE_KINGSAFETY:0.5127783845734016
C_PIECESQUARETABLES:0.5309598312079794
C_MOBILITY:0.6011998044592203
C_KINGSAFETY:0.48083220788847425
C_PAWNSTRUCTURE:0.4512758359143481
C_PIECECOORDINATION:0.5675733267722776
C_ROOKANDPAWNMOVEMENT:0.5675733267722776
C_CENTERCONTROL:0.5072569316636519
C_DEVELOPPIECES:0.5770594567361186
C_MATERIAL:0.44741244764196975
C_MOVECOUNT:0.5640704252702786
