ELO:922
CE_PASSEDPAWNS:0.4375951523378237
CE_PAWNWEAKNESSES:0.4996700997671922
CE_PIECEACTIVITY:0.5782863819726456
CE_KINGPAWNSHIELD:0.41751238377564037
CE_PIECECOORDINATION:0.4463748056247147
CE_MATERIAL:0.478470309718667
CE_KINGSAFETY:0.48876342291514674
C_PIECESQUARETABLES:0.5
C_MOBILITY:0.46968519004947795
C_KINGSAFETY:0.6643130734917642
C_PAWNSTRUCTURE:0.41152858892668104
C_PIECECOORDINATION:0.5450177025445023
C_ROOKANDPAWNMOVEMENT:0.5450177025445023
C_CENTERCONTROL:0.4602942785472814
C_DEVELOPPIECES:0.46300441286924243
C_MATERIAL:0.5420948276197789
