ELO:1000
CE_PASSEDPAWNS:0.516178940638759
CE_PAWNWEAKNESSES:0.5028483416592701
CE_PIECEACTIVITY:0.5188514580838486
CE_KINGPAWNSHIELD:0.5310739548275759
CE_PIECECOORDINATION:0.47453086506830516
CE_MATERIAL:0.4932221941234262
CE_KINGSAFETY:0.4870965159027349
C_PIECESQUARETABLES:0.46702001543551364
C_MOBILITY:0.516036672749128
C_KINGSAFETY:0.5537273598638607
C_PAWNSTRUCTURE:0.45543155807580854
C_PIECECOORDINATION:0.484449461065884
C_ROOKANDPAWNMOVEMENT:0.484449461065884
C_CENTERCONTROL:0.49089363630174726
C_DEVELOPPIECES:0.5090701783557344
C_MATERIAL:0.5004996813299678
