ELO:967
CE_PASSEDPAWNS:0.5218977792289887
CE_PAWNWEAKNESSES:0.4893221353220924
CE_PIECEACTIVITY:0.5120548614557664
CE_KINGPAWNSHIELD:0.513220672969499
CE_PIECECOORDINATION:0.47181473497538134
CE_MATERIAL:0.5123378153334555
CE_KINGSAFETY:0.5
C_PIECESQUARETABLES:0.5081904195552431
C_MOBILITY:0.458915653118518
C_KINGSAFETY:0.5524720028178685
C_PAWNSTRUCTURE:0.44181775865866485
C_PIECECOORDINATION:0.4526049675644887
C_ROOKANDPAWNMOVEMENT:0.4526049675644887
C_CENTERCONTROL:0.5450033661350723
C_DEVELOPPIECES:0.5558008041804079
C_MATERIAL:0.44545680325834164
