ELO:987
CE_PASSEDPAWNS:0.5158495889786232
CE_PAWNWEAKNESSES:0.5205302314433725
CE_PIECEACTIVITY:0.5093863255939599
CE_KINGPAWNSHIELD:0.5
CE_PIECECOORDINATION:0.5
CE_MATERIAL:0.5030662905052339
CE_KINGSAFETY:0.48954392137167674
C_PIECESQUARETABLES:0.5086677123857303
C_MOBILITY:0.5
C_KINGSAFETY:0.4941341258922866
C_PAWNSTRUCTURE:0.4980926138687028
C_PIECECOORDINATION:0.496601722140533
C_ROOKANDPAWNMOVEMENT:0.496601722140533
C_CENTERCONTROL:0.4931207761877529
C_DEVELOPPIECES:0.486744321688935
C_MATERIAL:0.4821521067255276
C_MOVECOUNT:0.5017637530313265
