ELO:935
CE_PASSEDPAWNS:0.49531891399235334
CE_PAWNWEAKNESSES:0.4663166421512287
CE_PIECEACTIVITY:0.5
CE_KINGPAWNSHIELD:0.4832406370636849
CE_PIECECOORDINATION:0.44471220282254054
CE_MATERIAL:0.4842243280398608
CE_KINGSAFETY:0.5
C_PIECESQUARETABLES:0.5
C_MOBILITY:0.49611453511893305
C_KINGSAFETY:0.5759398977255347
C_PAWNSTRUCTURE:0.4438201173674109
C_PIECECOORDINATION:0.48825994617718416
C_ROOKANDPAWNMOVEMENT:0.48825994617718416
C_CENTERCONTROL:0.5953585017796564
C_DEVELOPPIECES:0.5098664531335609
C_MATERIAL:0.5
C_MOVECOUNT:0.5
