ELO:992
CE_PASSEDPAWNS:0.4387779971343641
CE_PAWNWEAKNESSES:0.5124251100818203
CE_PIECEACTIVITY:0.4638728399636631
CE_KINGPAWNSHIELD:0.48091523769033184
CE_PIECECOORDINATION:0.520645272659043
CE_MATERIAL:0.4770267655765565
CE_KINGSAFETY:0.51710997032564
C_PIECESQUARETABLES:0.5010455593051932
C_MOBILITY:0.5812693077273573
C_KINGSAFETY:0.5616320076336004
C_PAWNSTRUCTURE:0.5029652640131957
C_PIECECOORDINATION:0.45990945230139796
C_ROOKANDPAWNMOVEMENT:0.45990945230139796
C_CENTERCONTROL:0.5621213227059719
C_DEVELOPPIECES:0.5196310143385112
C_MATERIAL:0.38611182520708043
