ELO:1098
CE_PASSEDPAWNS:0.5890128981697839
CE_PAWNWEAKNESSES:0.518398466553891
CE_PIECEACTIVITY:0.5745876447656832
CE_KINGPAWNSHIELD:0.5036131754061384
CE_PIECECOORDINATION:0.4549540142243569
CE_MATERIAL:0.44723729069482143
CE_KINGSAFETY:0.49955667050106484
C_PIECESQUARETABLES:0.5
C_MOBILITY:0.519404274867803
C_KINGSAFETY:0.5190868273825205
C_PAWNSTRUCTURE:0.4380781442162761
C_PIECECOORDINATION:0.38006353344280114
C_ROOKANDPAWNMOVEMENT:0.38006353344280114
C_CENTERCONTROL:0.5860893986353549
C_DEVELOPPIECES:0.542289417518447
C_MATERIAL:0.40545060761464813
