ELO:1000
CE_PASSEDPAWNS:0.48107499692830447
CE_PAWNWEAKNESSES:0.5290916661915146
CE_PIECEACTIVITY:0.48065848092801616
CE_KINGPAWNSHIELD:0.47992043583208205
CE_PIECECOORDINATION:0.4662935771489688
CE_MATERIAL:0.5037365604942626
CE_KINGSAFETY:0.4799804123226824
C_PIECESQUARETABLES:0.5003325848092439
C_MOBILITY:0.5226969479935073
C_KINGSAFETY:0.49220155029640045
C_PAWNSTRUCTURE:0.5111335357078908
C_PIECECOORDINATION:0.4971528186606041
C_ROOKANDPAWNMOVEMENT:0.4971528186606041
C_CENTERCONTROL:0.46103441879475143
C_DEVELOPPIECES:0.5035439356592659
C_MATERIAL:0.5219956988019594
