ELO:964
CE_PASSEDPAWNS:0.5311872425298448
CE_PAWNWEAKNESSES:0.5008098193025166
CE_PIECEACTIVITY:0.4942253368597415
CE_KINGPAWNSHIELD:0.5029835783482342
CE_PIECECOORDINATION:0.4717491162371353
CE_MATERIAL:0.4923554905876781
CE_KINGSAFETY:0.5
C_PIECESQUARETABLES:0.4967862510954528
C_MOBILITY:0.4677028017371602
C_KINGSAFETY:0.5679333421845846
C_PAWNSTRUCTURE:0.4442695382975976
C_PIECECOORDINATION:0.45684408951678684
C_ROOKANDPAWNMOVEMENT:0.45684408951678684
C_CENTERCONTROL:0.5450033661350723
C_DEVELOPPIECES:0.5461896659984856
C_MATERIAL:0.435487270376314
