ELO:988
CE_PASSEDPAWNS:0.5045044879829276
CE_PAWNWEAKNESSES:0.5334286576621208
CE_PIECEACTIVITY:0.5020081554048205
CE_KINGPAWNSHIELD:0.4154084712299285
CE_PIECECOORDINATION:0.4555514564257611
CE_MATERIAL:0.5561775794490093
CE_KINGSAFETY:0.49505742641653555
C_PIECESQUARETABLES:0.5
C_MOBILITY:0.5058864839494612
C_KINGSAFETY:0.5194266240024474
C_PAWNSTRUCTURE:0.49868305977643645
C_PIECECOORDINATION:0.5350567576815112
C_ROOKANDPAWNMOVEMENT:0.5350567576815112
C_CENTERCONTROL:0.3976101602692124
C_DEVELOPPIECES:0.48463106472835726
C_MATERIAL:0.5747525295453464
