ELO:980
CE_PASSEDPAWNS:0.4822096153746952
CE_PAWNWEAKNESSES:0.5303279048360782
CE_PIECEACTIVITY:0.5332071121315684
CE_KINGPAWNSHIELD:0.4518525615944319
CE_PIECECOORDINATION:0.4613016618338384
CE_MATERIAL:0.5055210665799439
CE_KINGSAFETY:0.47693250984940544
C_PIECESQUARETABLES:0.46156329195774815
C_MOBILITY:0.49355773390321556
C_KINGSAFETY:0.6027281140987993
C_PAWNSTRUCTURE:0.443305833305809
C_PIECECOORDINATION:0.589460827642325
C_ROOKANDPAWNMOVEMENT:0.589460827642325
C_CENTERCONTROL:0.45085284507659756
C_DEVELOPPIECES:0.43989863464499224
C_MATERIAL:0.553568114802652
