ELO:1011
CE_PASSEDPAWNS:0.48345143137257435
CE_PAWNWEAKNESSES:0.5
CE_PIECEACTIVITY:0.5098395351964256
CE_KINGPAWNSHIELD:0.49239483193018807
CE_PIECECOORDINATION:0.4950819043829406
CE_MATERIAL:0.5
CE_KINGSAFETY:0.5
C_PIECESQUARETABLES:0.5
C_MOBILITY:0.5
C_KINGSAFETY:0.48757608497674887
C_PAWNSTRUCTURE:0.5147192945931431
C_PIECECOORDINATION:0.5123816443548522
C_ROOKANDPAWNMOVEMENT:0.5123816443548522
C_CENTERCONTROL:0.5
C_DEVELOPPIECES:0.5143269644844258
C_MATERIAL:0.48992419487483296
C_MOVECOUNT:0.5
