ELO:1004
CE_PASSEDPAWNS:0.51956733915485
CE_PAWNWEAKNESSES:0.4949716665929983
CE_PIECEACTIVITY:0.4836978339230106
CE_KINGPAWNSHIELD:0.5247321312795451
CE_PIECECOORDINATION:0.4714690608196569
CE_MATERIAL:0.5198385547847824
CE_KINGSAFETY:0.5152262679608295
C_PIECESQUARETABLES:0.4649060175178113
C_MOBILITY:0.5073992832056775
C_KINGSAFETY:0.5442634645980329
C_PAWNSTRUCTURE:0.4395615884583998
C_PIECECOORDINATION:0.4762729039641209
C_ROOKANDPAWNMOVEMENT:0.4762729039641209
C_CENTERCONTROL:0.5280869807731724
C_DEVELOPPIECES:0.5175015751894567
C_MATERIAL:0.47348121168161583
