ELO:1052
CE_PASSEDPAWNS:0.5059099370862737
CE_PAWNWEAKNESSES:0.5021565692355119
CE_PIECEACTIVITY:0.49177939584313823
CE_KINGPAWNSHIELD:0.5
CE_PIECECOORDINATION:0.4986195136407815
CE_MATERIAL:0.5193978380187424
CE_KINGSAFETY:0.4913488158369962
C_PIECESQUARETABLES:0.5
C_MOBILITY:0.48437877520435174
C_KINGSAFETY:0.5
C_PAWNSTRUCTURE:0.5019791277222062
C_PIECECOORDINATION:0.5049733074423205
C_ROOK:0.5116117446806308
CE_ROOK:0.5074089498295191
C_CENTERCONTROL:0.5248428449764972
C_DEVELOPPIECES:0.4914095957035512
C_MATERIAL:0.5048563024919804
C_MOVECOUNT:0.49086572459090394
C_PAWNMOVEMENT:0.5186202808706605
