ELO:988
CE_PASSEDPAWNS:0.5162961179847277
CE_PAWNWEAKNESSES:0.5128889835512717
CE_PIECEACTIVITY:0.5309515216681107
CE_KINGPAWNSHIELD:0.4076561608377238
CE_PIECECOORDINATION:0.44538019471221774
CE_MATERIAL:0.5323089542098856
CE_KINGSAFETY:0.49505742641653555
C_PIECESQUARETABLES:0.49748538258923974
C_MOBILITY:0.49574893360358147
C_KINGSAFETY:0.5077087654596292
C_PAWNSTRUCTURE:0.5006281247243053
C_PIECECOORDINATION:0.5305937333756339
C_ROOKANDPAWNMOVEMENT:0.5305937333756339
C_CENTERCONTROL:0.3976101602692124
C_DEVELOPPIECES:0.5067495606305472
C_MATERIAL:0.5747525295453464
