ELO:934
CE_PASSEDPAWNS:0.42589789011605356
CE_PAWNWEAKNESSES:0.5144918387846763
CE_PIECEACTIVITY:0.5214096791038021
CE_KINGPAWNSHIELD:0.4748632795634073
CE_PIECECOORDINATION:0.5056848027411832
CE_MATERIAL:0.5218422709574152
CE_KINGSAFETY:0.493181594287906
C_PIECESQUARETABLES:0.5050287073482309
C_MOBILITY:0.4718938382534833
C_KINGSAFETY:0.5404539283890137
C_PAWNSTRUCTURE:0.5191251902549817
C_PIECECOORDINATION:0.5323374166498379
C_ROOK:0.5243118596729429
CE_ROOK:0.47138236737294015
C_CENTERCONTROL:0.4787433787787029
C_DEVELOPPIECES:0.5027573121561608
C_MATERIAL:0.526664657003646
C_MOVECOUNT:0.48596854477394463
C_PAWNMOVEMENT:0.4689893462340749
