ELO:813
CE_PASSEDPAWNS:0.4975708336794999
CE_PAWNWEAKNESSES:0.6070509745056528
CE_PIECEACTIVITY:0.45435753175476523
CE_KINGPAWNSHIELD:0.511642622909252
CE_PIECECOORDINATION:0.4601546800901469
CE_MATERIAL:0.5118860416021158
CE_KINGSAFETY:0.4814565776384481
C_PIECESQUARETABLES:0.5219647343037535
C_MOBILITY:0.5208040775920595
C_KINGSAFETY:0.5255984924087163
C_PAWNSTRUCTURE:0.49397099678408196
C_PIECECOORDINATION:0.5460634898722457
C_ROOKANDPAWNMOVEMENT:0.5460634898722457
C_CENTERCONTROL:0.48505143719399774
C_DEVELOPPIECES:0.5465700092684453
C_MATERIAL:0.5029579053738538
C_MOVECOUNT:0.4951601782180304
