ELO:989
CE_PASSEDPAWNS:0.5321084045393063
CE_PAWNWEAKNESSES:0.48811190184475756
CE_PIECEACTIVITY:0.49655991442761405
CE_KINGPAWNSHIELD:0.5346036717114843
CE_PIECECOORDINATION:0.47274654967235163
CE_MATERIAL:0.5389701157044086
CE_KINGSAFETY:0.49913718354155096
C_PIECESQUARETABLES:0.5127369261032254
C_MOBILITY:0.49313919959711194
C_KINGSAFETY:0.5342709068139982
C_PAWNSTRUCTURE:0.4407836423545135
C_PIECECOORDINATION:0.44555422029401803
C_ROOKANDPAWNMOVEMENT:0.44555422029401803
C_CENTERCONTROL:0.5392684431369423
C_DEVELOPPIECES:0.5388294294234237
C_MATERIAL:0.45837861883468795
