ELO:1011
CE_PASSEDPAWNS:0.5196271163636405
CE_PAWNWEAKNESSES:0.49483583569140155
CE_PIECEACTIVITY:0.4677460730973323
CE_KINGPAWNSHIELD:0.5393755558512058
CE_PIECECOORDINATION:0.4640225752353884
CE_MATERIAL:0.4987911058478262
CE_KINGSAFETY:0.5162001993865044
C_PIECESQUARETABLES:0.4649060175178113
C_MOBILITY:0.5159156746193302
C_KINGSAFETY:0.5625563567665476
C_PAWNSTRUCTURE:0.4436496946179179
C_PIECECOORDINATION:0.4762729039641209
C_ROOKANDPAWNMOVEMENT:0.4762729039641209
C_CENTERCONTROL:0.5191423860349055
C_DEVELOPPIECES:0.5258700190767381
C_MATERIAL:0.48618009698622017
