ELO:1033
CE_PASSEDPAWNS:0.6087680804994312
CE_PAWNWEAKNESSES:0.5258679148734032
CE_PIECEACTIVITY:0.47473323508856846
CE_KINGPAWNSHIELD:0.5209932070398918
CE_PIECECOORDINATION:0.44997710849607975
CE_MATERIAL:0.4743672885495283
CE_KINGSAFETY:0.5105116262374292
C_PIECESQUARETABLES:0.49719528497629556
C_MOBILITY:0.39820216445710815
C_KINGSAFETY:0.4946221653571398
C_PAWNSTRUCTURE:0.36947482009203586
C_PIECECOORDINATION:0.4723866774208155
C_ROOKANDPAWNMOVEMENT:0.4723866774208155
C_CENTERCONTROL:0.5232096545877759
C_DEVELOPPIECES:0.5920729761951611
C_MATERIAL:0.4458702104542965
