ELO:1037
CE_PASSEDPAWNS:0.45137410326812005
CE_PAWNWEAKNESSES:0.5216415415489906
CE_PIECEACTIVITY:0.43929443826482817
CE_KINGPAWNSHIELD:0.5296581229568379
CE_PIECECOORDINATION:0.44642603517813084
CE_MATERIAL:0.42594395638334975
CE_KINGSAFETY:0.49735789908563405
C_PIECESQUARETABLES:0.5
C_MOBILITY:0.4455170774255024
C_KINGSAFETY:0.5722639982759402
C_PAWNSTRUCTURE:0.5340103577239486
C_PIECECOORDINATION:0.5031960238929707
C_ROOKANDPAWNMOVEMENT:0.5031960238929707
C_CENTERCONTROL:0.522993903108998
C_DEVELOPPIECES:0.5893809203012773
C_MATERIAL:0.4310950385231046
