ELO:873
CE_PASSEDPAWNS:0.4059646627906536
CE_PAWNWEAKNESSES:0.5117190215255961
CE_PIECEACTIVITY:0.580567045438128
CE_KINGPAWNSHIELD:0.4342823285934436
CE_PIECECOORDINATION:0.43320252599560377
CE_MATERIAL:0.4792677581688884
CE_KINGSAFETY:0.4814586857524615
C_PIECESQUARETABLES:0.5184617769761766
C_MOBILITY:0.4616584514721918
C_KINGSAFETY:0.6551564599733093
C_PAWNSTRUCTURE:0.40509381742801753
C_PIECECOORDINATION:0.5406676031269908
C_ROOKANDPAWNMOVEMENT:0.5406676031269908
C_CENTERCONTROL:0.47031526195620554
C_DEVELOPPIECES:0.4700332524996874
C_MATERIAL:0.5221160034819246
