ELO:809
CE_PASSEDPAWNS:0.4165091490933373
CE_PAWNWEAKNESSES:0.5105009634448577
CE_PIECEACTIVITY:0.5555051597097779
CE_KINGPAWNSHIELD:0.46314131192052055
CE_PIECECOORDINATION:0.4978465465755246
CE_MATERIAL:0.46347130515935875
CE_KINGSAFETY:0.4802992367095148
C_PIECESQUARETABLES:0.5211813373100613
C_MOBILITY:0.4643450415503433
C_KINGSAFETY:0.6223875984584755
C_PAWNSTRUCTURE:0.4098391147568307
C_PIECECOORDINATION:0.5708446811736229
C_ROOKANDPAWNMOVEMENT:0.5708446811736229
C_CENTERCONTROL:0.47468357559525975
C_DEVELOPPIECES:0.4532266497527404
C_MATERIAL:0.5483225310868225
