ELO:967
CE_PASSEDPAWNS:0.5184624016742881
CE_PAWNWEAKNESSES:0.5174241927235202
CE_PIECEACTIVITY:0.46299193621457313
CE_KINGPAWNSHIELD:0.5019352757697886
CE_PIECECOORDINATION:0.503506274394644
CE_MATERIAL:0.4891690596770715
CE_KINGSAFETY:0.506240475428721
C_PIECESQUARETABLES:0.5011164861306984
C_MOBILITY:0.5027178493131425
C_KINGSAFETY:0.4904328069728153
C_PAWNSTRUCTURE:0.5109314106729986
C_PIECECOORDINATION:0.529275989410873
C_ROOKANDPAWNMOVEMENT:0.529275989410873
C_CENTERCONTROL:0.5
C_DEVELOPPIECES:0.5028883801191745
C_MATERIAL:0.5116397753026478
C_MOVECOUNT:0.5
