ELO:1007
CE_PASSEDPAWNS:0.500256957896642
CE_PAWNWEAKNESSES:0.49986766736472726
CE_PIECEACTIVITY:0.5082209111856288
CE_KINGPAWNSHIELD:0.5
CE_PIECECOORDINATION:0.5
CE_MATERIAL:0.5
CE_KINGSAFETY:0.5078664214354308
C_PIECESQUARETABLES:0.5
C_MOBILITY:0.5
C_KINGSAFETY:0.4989723474933599
C_PAWNSTRUCTURE:0.49780687763074033
C_PIECECOORDINATION:0.5028310176525667
C_ROOKANDPAWNMOVEMENT:0.5028310176525667
C_CENTERCONTROL:0.4997311470405651
C_DEVELOPPIECES:0.5
C_MATERIAL:0.5056659935377046
C_MOVECOUNT:0.5
