ELO:999
CE_PASSEDPAWNS:0.4979797585875339
CE_PAWNWEAKNESSES:0.48596883096053656
CE_PIECEACTIVITY:0.5324865391858385
CE_KINGPAWNSHIELD:0.49116125492741325
CE_PIECECOORDINATION:0.5
CE_MATERIAL:0.4801437884201018
CE_KINGSAFETY:0.579530644919784
C_PIECESQUARETABLES:0.5076511463680493
C_MOBILITY:0.3711927266464505
C_KINGSAFETY:0.5176664604722987
C_PAWNSTRUCTURE:0.4515996402433376
C_PIECECOORDINATION:0.49865488889536846
C_ROOKANDPAWNMOVEMENT:0.49865488889536846
C_CENTERCONTROL:0.4257167221189581
C_DEVELOPPIECES:0.4684385670810184
C_MATERIAL:0.49831507192468644
C_MOVECOUNT:0.5
