ELO:958
CE_PASSEDPAWNS:0.5280600558564562
CE_PAWNWEAKNESSES:0.5096004429525884
CE_PIECEACTIVITY:0.5017242889235468
CE_KINGPAWNSHIELD:0.5002972577411751
CE_PIECECOORDINATION:0.46719607916306183
CE_MATERIAL:0.48522308399526254
CE_KINGSAFETY:0.5161650175905765
C_PIECESQUARETABLES:0.4957375672103123
C_MOBILITY:0.4874095681604741
C_KINGSAFETY:0.5701149454296168
C_PAWNSTRUCTURE:0.4351286111485955
C_PIECECOORDINATION:0.4321757307032424
C_ROOKANDPAWNMOVEMENT:0.4321757307032424
C_CENTERCONTROL:0.5620512515699089
C_DEVELOPPIECES:0.5542266352754925
C_MATERIAL:0.43047963602086114
