ELO:800
CE_PASSEDPAWNS:0.49183724062846346
CE_PAWNWEAKNESSES:0.6060911728433268
CE_PIECEACTIVITY:0.4585878827262445
CE_KINGPAWNSHIELD:0.49419097696078584
CE_PIECECOORDINATION:0.47925447632281815
CE_MATERIAL:0.5150618796239419
CE_KINGSAFETY:0.49641422049867967
C_PIECESQUARETABLES:0.5127717106354232
C_MOBILITY:0.528905269679717
C_KINGSAFETY:0.5178555171078358
C_PAWNSTRUCTURE:0.49745167055039796
C_PIECECOORDINATION:0.5289304897019147
C_ROOKANDPAWNMOVEMENT:0.5289304897019147
C_CENTERCONTROL:0.4852108274901626
C_DEVELOPPIECES:0.5205876254151773
C_MATERIAL:0.5043191869020942
C_MOVECOUNT:0.4880477626531159
