ELO:1000
CE_PASSEDPAWNS:0.5122960483171421
CE_PAWNWEAKNESSES:0.5
CE_PIECEACTIVITY:0.4985837709818067
CE_KINGPAWNSHIELD:0.5
CE_PIECECOORDINATION:0.510043974827575
CE_MATERIAL:0.5112253328627557
CE_KINGSAFETY:0.49953912400496747
C_PIECESQUARETABLES:0.5
C_MOBILITY:0.5
C_KINGSAFETY:0.49910932516940115
C_PAWNSTRUCTURE:0.5
C_PIECECOORDINATION:0.5
C_ROOKANDPAWNMOVEMENT:0.5
C_CENTERCONTROL:0.5
C_DEVELOPPIECES:0.49102119609404243
C_MATERIAL:0.5
C_MOVECOUNT:0.5
