ELO:1104
CE_PASSEDPAWNS:0.5006710493666746
CE_PAWNWEAKNESSES:0.5046422954316496
CE_PIECEACTIVITY:0.52293927916037
CE_KINGPAWNSHIELD:0.5254045619111593
CE_PIECECOORDINATION:0.4803925721213925
CE_MATERIAL:0.49765331996744905
CE_KINGSAFETY:0.5
C_PIECESQUARETABLES:0.5
C_MOBILITY:0.5705183923555844
C_KINGSAFETY:0.6009543595079152
C_PAWNSTRUCTURE:0.507578078531054
C_PIECECOORDINATION:0.42354063397239355
C_ROOKANDPAWNMOVEMENT:0.42354063397239355
C_CENTERCONTROL:0.4650641737921429
C_DEVELOPPIECES:0.5831717939952518
C_MATERIAL:0.4000426418962501
