ELO:1053
CE_PASSEDPAWNS:0.5
CE_PAWNWEAKNESSES:0.509862384066161
CE_PIECEACTIVITY:0.5104798175431956
CE_KINGPAWNSHIELD:0.4881911058004916
CE_PIECECOORDINATION:0.49265861338676525
CE_MATERIAL:0.47942231565300375
CE_KINGSAFETY:0.4991944393924865
C_PIECESQUARETABLES:0.5
C_MOBILITY:0.5
C_KINGSAFETY:0.5005717230920355
C_PAWNSTRUCTURE:0.51072347316108
C_PIECECOORDINATION:0.5128189785301739
C_ROOKANDPAWNMOVEMENT:0.5128189785301739
C_CENTERCONTROL:0.43744573359951083
C_DEVELOPPIECES:0.4994996495580474
C_MATERIAL:0.4784760195289673
C_MOVECOUNT:0.5
