ELO:999
CE_PASSEDPAWNS:0.5647789783225822
CE_PAWNWEAKNESSES:0.570292003695832
CE_PIECEACTIVITY:0.42876122039033054
CE_KINGPAWNSHIELD:0.46004381007733014
CE_PIECECOORDINATION:0.46404843032533283
CE_MATERIAL:0.454145801013357
CE_KINGSAFETY:0.49399193833846355
C_PIECESQUARETABLES:0.5134411407744913
C_MOBILITY:0.5153446782629587
C_KINGSAFETY:0.5701424712767528
C_PAWNSTRUCTURE:0.5207767203172564
C_PIECECOORDINATION:0.42190859913124246
C_ROOKANDPAWNMOVEMENT:0.42190859913124246
C_CENTERCONTROL:0.4540582772606946
C_DEVELOPPIECES:0.47472144046656817
C_MATERIAL:0.544286363643965
