ELO:1000
CE_PASSEDPAWNS:0.5178001605756496
CE_PAWNWEAKNESSES:0.5506965356353508
CE_PIECEACTIVITY:0.4104589469452879
CE_KINGPAWNSHIELD:0.45692296393888177
CE_PIECECOORDINATION:0.4786877834897924
CE_MATERIAL:0.45581126427709207
CE_KINGSAFETY:0.5073891349303553
C_PIECESQUARETABLES:0.5046012018291176
C_MOBILITY:0.5263841972369527
C_KINGSAFETY:0.5596724964845362
C_PAWNSTRUCTURE:0.5359362703202502
C_PIECECOORDINATION:0.4236006950488695
C_ROOKANDPAWNMOVEMENT:0.4236006950488695
C_CENTERCONTROL:0.4406403143436089
C_DEVELOPPIECES:0.47647368569874443
C_MATERIAL:0.5030236669136365
