ELO:970
CE_PASSEDPAWNS:0.4464470693711424
CE_PAWNWEAKNESSES:0.543101553609234
CE_PIECEACTIVITY:0.5586763870465389
CE_KINGPAWNSHIELD:0.4239864089867584
CE_PIECECOORDINATION:0.4615866924913518
CE_MATERIAL:0.5048212284578729
CE_KINGSAFETY:0.4881067181630197
C_PIECESQUARETABLES:0.5077985050013353
C_MOBILITY:0.48172330393511237
C_KINGSAFETY:0.6521035319995502
C_PAWNSTRUCTURE:0.4259169541953587
C_PIECECOORDINATION:0.5790132256027682
C_ROOKANDPAWNMOVEMENT:0.5790132256027682
C_CENTERCONTROL:0.4691964909565821
C_DEVELOPPIECES:0.44852677862250334
C_MATERIAL:0.5584702034088117
