ELO:1000
CE_PASSEDPAWNS:0.49069378881730796
CE_PAWNWEAKNESSES:0.5277888551847133
CE_PIECEACTIVITY:0.47330836136155197
CE_KINGPAWNSHIELD:0.454671983120896
CE_PIECECOORDINATION:0.4482148158968009
CE_MATERIAL:0.48602631439579497
CE_KINGSAFETY:0.4961179969588452
C_PIECESQUARETABLES:0.4745891377097858
C_MOBILITY:0.5376124425483034
C_KINGSAFETY:0.505184521973294
C_PAWNSTRUCTURE:0.5252542208768682
C_PIECECOORDINATION:0.49950973070983434
C_ROOKANDPAWNMOVEMENT:0.49950973070983434
C_CENTERCONTROL:0.4561661972765744
C_DEVELOPPIECES:0.48301568903590664
C_MATERIAL:0.5046019756755872
