ELO:1009
CE_PASSEDPAWNS:0.6044801776552923
CE_PAWNWEAKNESSES:0.5255066165851604
CE_PIECEACTIVITY:0.48040297325189707
CE_KINGPAWNSHIELD:0.4986772037159109
CE_PIECECOORDINATION:0.46423497142072506
CE_MATERIAL:0.4881683922602926
CE_KINGSAFETY:0.4995060860680906
C_PIECESQUARETABLES:0.49719528497629556
C_MOBILITY:0.3980148100190619
C_KINGSAFETY:0.48499203611265396
C_PAWNSTRUCTURE:0.3510816958588173
C_PIECECOORDINATION:0.4886023640778194
C_ROOKANDPAWNMOVEMENT:0.4886023640778194
C_CENTERCONTROL:0.5066461181666095
C_DEVELOPPIECES:0.6100249603524985
C_MATERIAL:0.4386689747091689
