ELO:970
CE_PASSEDPAWNS:0.5199753415214587
CE_PAWNWEAKNESSES:0.5369815436476206
CE_PIECEACTIVITY:0.5013314057627466
CE_KINGPAWNSHIELD:0.49085366698986205
CE_PIECECOORDINATION:0.47281092188933244
CE_MATERIAL:0.47261560644267214
CE_KINGSAFETY:0.4997362299183351
C_PIECESQUARETABLES:0.5215914950604466
C_MOBILITY:0.48345994352791394
C_KINGSAFETY:0.5321038025682865
C_PAWNSTRUCTURE:0.45168151231306986
C_PIECECOORDINATION:0.45463508391870233
C_ROOKANDPAWNMOVEMENT:0.45463508391870233
C_CENTERCONTROL:0.5677908906503276
C_DEVELOPPIECES:0.5779780481458332
C_MATERIAL:0.4046082150175479
