ELO:1018
CE_PASSEDPAWNS:0.49569741318359906
CE_PAWNWEAKNESSES:0.5
CE_PIECEACTIVITY:0.5
CE_KINGPAWNSHIELD:0.5
CE_PIECECOORDINATION:0.5
CE_MATERIAL:0.5007108232927154
CE_KINGSAFETY:0.4876168118698511
C_PIECESQUARETABLES:0.48869300757042855
C_MOBILITY:0.5
C_KINGSAFETY:0.5
C_PAWNSTRUCTURE:0.512625621014363
C_PIECECOORDINATION:0.5
C_ROOKANDPAWNMOVEMENT:0.5
C_CENTERCONTROL:0.48811425161291366
C_DEVELOPPIECES:0.5054461258711967
C_MATERIAL:0.5001377159848974
C_MOVECOUNT:0.5
