ELO:944
CE_PASSEDPAWNS:0.5449232864580327
CE_PAWNWEAKNESSES:0.5141600966651038
CE_PIECEACTIVITY:0.43051626419429484
CE_KINGPAWNSHIELD:0.4768383483524135
CE_PIECECOORDINATION:0.5003259260546303
CE_MATERIAL:0.49549722809310326
CE_KINGSAFETY:0.5117776828307224
C_PIECESQUARETABLES:0.49221339214620285
C_MOBILITY:0.47032891453901354
C_KINGSAFETY:0.5379537245360646
C_PAWNSTRUCTURE:0.528458850003044
C_PIECECOORDINATION:0.5430205381479069
C_ROOK:0.5534603778252365
CE_ROOK:0.4688345606617925
C_CENTERCONTROL:0.4715974297276645
C_DEVELOPPIECES:0.5079276151367915
C_MATERIAL:0.5520976868230065
C_MOVECOUNT:0.4806825403445683
C_PAWNMOVEMENT:0.5073736523930757
