ELO:924
CE_PASSEDPAWNS:0.47717283995345205
CE_PAWNWEAKNESSES:0.5070255340531984
CE_PIECEACTIVITY:0.5059226986623313
CE_KINGPAWNSHIELD:0.49423037915989887
CE_PIECECOORDINATION:0.5192580504127331
CE_MATERIAL:0.5013785337593188
CE_KINGSAFETY:0.5098328610994459
C_PIECESQUARETABLES:0.5180878798911306
C_MOBILITY:0.4724988912869038
C_KINGSAFETY:0.505899178548296
C_PAWNSTRUCTURE:0.4947063862808126
C_PIECECOORDINATION:0.5067299901462973
C_ROOKANDPAWNMOVEMENT:0.5067299901462973
C_CENTERCONTROL:0.5101205687837636
C_DEVELOPPIECES:0.4880495645932701
C_MATERIAL:0.506278151426615
C_MOVECOUNT:0.5
