ELO:999
CE_PASSEDPAWNS:0.5
CE_PAWNWEAKNESSES:0.5115498058099652
CE_PIECEACTIVITY:0.5115736066057376
CE_KINGPAWNSHIELD:0.5
CE_PIECECOORDINATION:0.5
CE_MATERIAL:0.5
CE_KINGSAFETY:0.5
C_PIECESQUARETABLES:0.5
C_MOBILITY:0.5
C_KINGSAFETY:0.5
C_PAWNSTRUCTURE:0.5008875299354418
C_PIECECOORDINATION:0.5068338299862345
C_ROOKANDPAWNMOVEMENT:0.5068338299862345
C_CENTERCONTROL:0.5
C_DEVELOPPIECES:0.5029369147099333
C_MATERIAL:0.5
C_MOVECOUNT:0.5092773169633414
