ELO:989
CE_PASSEDPAWNS:0.5122948581969979
CE_PAWNWEAKNESSES:0.5189254924864751
CE_PIECEACTIVITY:0.5336560579573502
CE_KINGPAWNSHIELD:0.5352251264140869
CE_PIECECOORDINATION:0.48858632148261033
CE_MATERIAL:0.48923270875365205
CE_KINGSAFETY:0.5012308436082972
C_PIECESQUARETABLES:0.49548917643305046
C_MOBILITY:0.46833119878304497
C_KINGSAFETY:0.49834215547479954
C_PAWNSTRUCTURE:0.5043586681702199
C_PIECECOORDINATION:0.5160253313467689
C_ROOKANDPAWNMOVEMENT:0.5160253313467689
C_CENTERCONTROL:0.5020484148847886
C_DEVELOPPIECES:0.49934345732904195
C_MATERIAL:0.496544259755778
C_MOVECOUNT:0.5113089531409306
