ELO:988
CE_PASSEDPAWNS:0.5162961179847277
CE_PAWNWEAKNESSES:0.5128889835512717
CE_PIECEACTIVITY:0.5309515216681107
CE_KINGPAWNSHIELD:0.38622021727115197
CE_PIECECOORDINATION:0.45319035447620754
CE_MATERIAL:0.5561775794490093
CE_KINGSAFETY:0.5097141890778915
C_PIECESQUARETABLES:0.4997395407283397
C_MOBILITY:0.49816549280442246
C_KINGSAFETY:0.5018409209626307
C_PAWNSTRUCTURE:0.49469066590800975
C_PIECECOORDINATION:0.543582221266874
C_ROOKANDPAWNMOVEMENT:0.543582221266874
C_CENTERCONTROL:0.39971781342396795
C_DEVELOPPIECES:0.5067495606305472
C_MATERIAL:0.5772935604481039
