ELO:938
CE_PASSEDPAWNS:0.42589789011605356
CE_PAWNWEAKNESSES:0.5076555016818
CE_PIECEACTIVITY:0.5157551977612762
CE_KINGPAWNSHIELD:0.46388850591029057
CE_PIECECOORDINATION:0.4987351090080792
CE_MATERIAL:0.5224384976262417
CE_KINGSAFETY:0.5053394344855201
C_PIECESQUARETABLES:0.5145580479341137
C_MOBILITY:0.48356296891325257
C_KINGSAFETY:0.5325220510405383
C_PAWNSTRUCTURE:0.5259803604477907
C_PIECECOORDINATION:0.5323124900147856
C_ROOK:0.5307981887088962
CE_ROOK:0.4769019601081661
C_CENTERCONTROL:0.4763681318957197
C_DEVELOPPIECES:0.4934583563333182
C_MATERIAL:0.5488333930188685
C_MOVECOUNT:0.4905681282488215
C_PAWNMOVEMENT:0.48471368795431563
