ELO:1025
CE_PASSEDPAWNS:0.4788257225287033
CE_PAWNWEAKNESSES:0.4116269374704874
CE_PIECEACTIVITY:0.4892622587797301
CE_KINGPAWNSHIELD:0.4301892030416735
CE_PIECECOORDINATION:0.5045457043630838
CE_MATERIAL:0.51590189257712
CE_KINGSAFETY:0.5057067270158029
C_PIECESQUARETABLES:0.5
C_MOBILITY:0.4949698754927532
C_KINGSAFETY:0.5828907576275434
C_PAWNSTRUCTURE:0.5147852278909847
C_PIECECOORDINATION:0.4562118515675272
C_ROOKANDPAWNMOVEMENT:0.4562118515675272
C_CENTERCONTROL:0.4395137691267157
C_DEVELOPPIECES:0.4304333526097535
C_MATERIAL:0.49354454768949635
C_MOVECOUNT:0.5
