ELO:867
CE_PASSEDPAWNS:0.3954252698609052
CE_PAWNWEAKNESSES:0.4999871702790378
CE_PIECEACTIVITY:0.5745492657317267
CE_KINGPAWNSHIELD:0.42462746366190307
CE_PIECECOORDINATION:0.4411480362225952
CE_MATERIAL:0.46089537215559234
CE_KINGSAFETY:0.4816210269624632
C_PIECESQUARETABLES:0.5166877197349314
C_MOBILITY:0.46705282729435316
C_KINGSAFETY:0.6591039551693639
C_PAWNSTRUCTURE:0.3915239839025463
C_PIECECOORDINATION:0.5467569555404431
C_ROOKANDPAWNMOVEMENT:0.5467569555404431
C_CENTERCONTROL:0.47031526195620554
C_DEVELOPPIECES:0.46094759337996977
C_MATERIAL:0.5476243596860954
