ELO:997
CE_PASSEDPAWNS:0.6112448537742319
CE_PAWNWEAKNESSES:0.5262256533295392
CE_PIECEACTIVITY:0.4708304448723613
CE_KINGPAWNSHIELD:0.5059020066381414
CE_PIECECOORDINATION:0.4737723326885996
CE_MATERIAL:0.46634997436748016
CE_KINGSAFETY:0.5027072281505907
C_PIECESQUARETABLES:0.49537094867623815
C_MOBILITY:0.38258048671411715
C_KINGSAFETY:0.4748081186125139
C_PAWNSTRUCTURE:0.3505756351947334
C_PIECECOORDINATION:0.5027161481568195
C_ROOKANDPAWNMOVEMENT:0.5027161481568195
C_CENTERCONTROL:0.5149373835230366
C_DEVELOPPIECES:0.6045663699527989
C_MATERIAL:0.4437456735405749
