ELO:914
CE_PASSEDPAWNS:0.5290866020296742
CE_PAWNWEAKNESSES:0.4887324973179337
CE_PIECEACTIVITY:0.5
CE_KINGPAWNSHIELD:0.505905697710065
CE_PIECECOORDINATION:0.49115078538189555
CE_MATERIAL:0.5110070974790829
CE_KINGSAFETY:0.4940121036016091
C_PIECESQUARETABLES:0.5175445486239759
C_MOBILITY:0.5332760329698704
C_KINGSAFETY:0.5044912182447554
C_PAWNSTRUCTURE:0.5193173387773218
C_PIECECOORDINATION:0.5038503885352887
C_ROOKANDPAWNMOVEMENT:0.5038503885352887
C_CENTERCONTROL:0.5113469422859933
C_DEVELOPPIECES:0.519341787892965
C_MATERIAL:0.5117368192105831
