ELO:971
CE_PASSEDPAWNS:0.5015134020361429
CE_PAWNWEAKNESSES:0.4937965621421372
CE_PIECEACTIVITY:0.5065643497655519
CE_KINGPAWNSHIELD:0.42487886449241924
CE_PIECECOORDINATION:0.5190440410596412
CE_MATERIAL:0.5324873516768224
CE_KINGSAFETY:0.5018137659830264
C_PIECESQUARETABLES:0.48511671500140846
C_MOBILITY:0.4864027715144573
C_KINGSAFETY:0.514364805374297
C_PAWNSTRUCTURE:0.4891375636792485
C_PIECECOORDINATION:0.4762564339242206
C_ROOK:0.49562214773735347
CE_ROOK:0.48835381032451336
C_CENTERCONTROL:0.5082874869590686
C_DEVELOPPIECES:0.5023428246470489
C_MATERIAL:0.4812652715565627
C_MOVECOUNT:0.49305591186677433
C_PAWNMOVEMENT:0.5131807005052894
