ELO:928
CE_PASSEDPAWNS:0.6034030588020274
CE_PAWNWEAKNESSES:0.47240587296639075
CE_PIECEACTIVITY:0.5137824742142371
CE_KINGPAWNSHIELD:0.5201092598381378
CE_PIECECOORDINATION:0.41173710365383626
CE_MATERIAL:0.45636248113927746
CE_KINGSAFETY:0.4924096509696676
C_PIECESQUARETABLES:0.49627019914262854
C_MOBILITY:0.5063113806976661
C_KINGSAFETY:0.44489642574198063
C_PAWNSTRUCTURE:0.5205417175132746
C_PIECECOORDINATION:0.5574601921555707
C_ROOKANDPAWNMOVEMENT:0.5574601921555707
C_CENTERCONTROL:0.48202356662819523
C_DEVELOPPIECES:0.47298797260570974
C_MATERIAL:0.4262606504998157
