ELO:1013
CE_PASSEDPAWNS:0.5133544280035542
CE_PAWNWEAKNESSES:0.5
CE_PIECEACTIVITY:0.5122122734780874
CE_KINGPAWNSHIELD:0.5
CE_PIECECOORDINATION:0.48024257370121026
CE_MATERIAL:0.4803340657929555
CE_KINGSAFETY:0.5
C_PIECESQUARETABLES:0.5
C_MOBILITY:0.45661206235730145
C_KINGSAFETY:0.4864501050669436
C_PAWNSTRUCTURE:0.5013943725326465
C_PIECECOORDINATION:0.4992090694698783
C_ROOK:0.5058578642846168
CE_ROOK:0.49932498609106746
C_CENTERCONTROL:0.5179945593874921
C_DEVELOPPIECES:0.5
C_MATERIAL:0.4821774539182075
C_MOVECOUNT:0.48314016934763326
C_PAWNMOVEMENT:0.49760073491699014
