ELO:995
CE_PASSEDPAWNS:0.5457345729423272
CE_PAWNWEAKNESSES:0.5077934948575832
CE_PIECEACTIVITY:0.5115517959390631
CE_KINGPAWNSHIELD:0.5599465954910741
CE_PIECECOORDINATION:0.4468210325599575
CE_MATERIAL:0.5608788495470727
CE_KINGSAFETY:0.5096848825416341
C_PIECESQUARETABLES:0.5
C_MOBILITY:0.4908824269464342
C_KINGSAFETY:0.5077087654596292
C_PAWNSTRUCTURE:0.3974960377332616
C_PIECECOORDINATION:0.5562674503149065
C_ROOKANDPAWNMOVEMENT:0.5562674503149065
C_CENTERCONTROL:0.3976101602692124
C_DEVELOPPIECES:0.49802140530386885
C_MATERIAL:0.5706692950268067
