ELO:1000
CE_PASSEDPAWNS:0.49329173387154024
CE_PAWNWEAKNESSES:0.5008292191273814
CE_PIECEACTIVITY:0.4984972049560961
CE_KINGPAWNSHIELD:0.4999829066232156
CE_PIECECOORDINATION:0.49233136387945975
CE_MATERIAL:0.491232552944043
CE_KINGSAFETY:0.49223364368732764
C_PIECESQUARETABLES:0.504708186450114
C_MOBILITY:0.4968204728324995
C_KINGSAFETY:0.48029657982938456
C_PAWNSTRUCTURE:0.4943046460476752
C_PIECECOORDINATION:0.5155624793312885
C_ROOKANDPAWNMOVEMENT:0.5155624793312885
C_CENTERCONTROL:0.49608768925002306
C_DEVELOPPIECES:0.4910137803301393
C_MATERIAL:0.5052296902626164
