ELO:910
CE_PASSEDPAWNS:0.5750904353535117
CE_PAWNWEAKNESSES:0.40915679904811664
CE_PIECEACTIVITY:0.509365665691842
CE_KINGPAWNSHIELD:0.477754681575232
CE_PIECECOORDINATION:0.4126895475583963
CE_MATERIAL:0.5280312321480736
CE_KINGSAFETY:0.48166402661066554
C_PIECESQUARETABLES:0.4958788301370845
C_MOBILITY:0.5393999874245063
C_KINGSAFETY:0.45387397661332235
C_PAWNSTRUCTURE:0.43304081269337774
C_PIECECOORDINATION:0.5183261550850458
C_ROOKANDPAWNMOVEMENT:0.5183261550850458
C_CENTERCONTROL:0.46428866749896136
C_DEVELOPPIECES:0.48133036492429704
C_MATERIAL:0.41241933111829576
