ELO:1000
CE_PASSEDPAWNS:0.5
CE_PAWNWEAKNESSES:0.5
CE_PIECEACTIVITY:0.5000804787841417
CE_KINGPAWNSHIELD:0.491712458635184
CE_PIECECOORDINATION:0.4955418354869887
CE_MATERIAL:0.5
CE_KINGSAFETY:0.4953937060144493
C_PIECESQUARETABLES:0.5
C_MOBILITY:0.5
C_KINGSAFETY:0.5090604986768512
C_PAWNSTRUCTURE:0.5001021950416512
C_PIECECOORDINATION:0.5
C_ROOKANDPAWNMOVEMENT:0.5
C_CENTERCONTROL:0.49582564654499284
C_DEVELOPPIECES:0.5
C_MATERIAL:0.5059264416193162
C_MOVECOUNT:0.5
