ELO:1016
CE_PASSEDPAWNS:0.5120010759533716
CE_PAWNWEAKNESSES:0.5223533284494017
CE_PIECEACTIVITY:0.5122122734780874
CE_KINGPAWNSHIELD:0.5
CE_PIECECOORDINATION:0.5
CE_MATERIAL:0.494233255968584
CE_KINGSAFETY:0.49713171994296274
C_PIECESQUARETABLES:0.5
C_MOBILITY:0.5001131143533629
C_KINGSAFETY:0.5178239702295742
C_PAWNSTRUCTURE:0.5183507903428065
C_PIECECOORDINATION:0.5224818566120074
C_ROOK:0.48526406913438597
CE_ROOK:0.4823086312696092
C_CENTERCONTROL:0.5002991938163047
C_DEVELOPPIECES:0.5043331145656252
C_MATERIAL:0.5066462544311117
C_MOVECOUNT:0.4805938206986978
C_PAWNMOVEMENT:0.49760073491699014
