ELO:909
CE_PASSEDPAWNS:0.42544948229929686
CE_PAWNWEAKNESSES:0.6599714803937347
CE_PIECEACTIVITY:0.5777011607202948
CE_KINGPAWNSHIELD:0.4576851824019268
CE_PIECECOORDINATION:0.5595175662519158
CE_MATERIAL:0.4790500863485413
CE_KINGSAFETY:0.50463778601888
C_PIECESQUARETABLES:0.48208606523707
C_MOBILITY:0.4511984852544532
C_KINGSAFETY:0.3844628299619278
C_PAWNSTRUCTURE:0.5120636194330928
C_PIECECOORDINATION:0.4796353126269427
C_ROOKANDPAWNMOVEMENT:0.4796353126269427
C_CENTERCONTROL:0.4947827715559423
C_DEVELOPPIECES:0.5375653594178141
C_MATERIAL:0.5748415342435015
