ELO:1023
CE_PASSEDPAWNS:0.5133544280035542
CE_PAWNWEAKNESSES:0.5021945557893446
CE_PIECEACTIVITY:0.5122122734780874
CE_KINGPAWNSHIELD:0.5
CE_PIECECOORDINATION:0.530062106281117
CE_MATERIAL:0.5272543962611607
CE_KINGSAFETY:0.4792415410116352
C_PIECESQUARETABLES:0.4847302902805592
C_MOBILITY:0.45661206235730145
C_KINGSAFETY:0.4864501050669436
C_PAWNSTRUCTURE:0.5013943725326465
C_PIECECOORDINATION:0.5123531727840316
C_ROOK:0.4964274659195547
CE_ROOK:0.49932498609106746
C_CENTERCONTROL:0.49466294615707745
C_DEVELOPPIECES:0.49550618521369744
C_MATERIAL:0.48815814964507337
C_MOVECOUNT:0.48314016934763326
C_PAWNMOVEMENT:0.49760073491699014
