ELO:927
CE_PASSEDPAWNS:0.4155713882644376
CE_PAWNWEAKNESSES:0.6286772151378203
CE_PIECEACTIVITY:0.6190232783279626
CE_KINGPAWNSHIELD:0.4690245854022926
CE_PIECECOORDINATION:0.5180806136526405
CE_MATERIAL:0.5208821813648116
CE_KINGSAFETY:0.4845307442583658
C_PIECESQUARETABLES:0.5348547100640808
C_MOBILITY:0.4534098996817981
C_KINGSAFETY:0.38873340057018313
C_PAWNSTRUCTURE:0.5335961221723099
C_PIECECOORDINATION:0.4462149537777206
C_ROOKANDPAWNMOVEMENT:0.4462149537777206
C_CENTERCONTROL:0.45667419809475207
C_DEVELOPPIECES:0.5213462037712729
C_MATERIAL:0.5733752146375365
