ELO:943
CE_PASSEDPAWNS:0.43278076162477075
CE_PAWNWEAKNESSES:0.6009108661853001
CE_PIECEACTIVITY:0.5428609659539548
CE_KINGPAWNSHIELD:0.45153032975780044
CE_PIECECOORDINATION:0.5238080194870689
CE_MATERIAL:0.5013206150930481
CE_KINGSAFETY:0.47572788824778495
C_PIECESQUARETABLES:0.45577074603619605
C_MOBILITY:0.4670569919129174
C_KINGSAFETY:0.41824015253965435
C_PAWNSTRUCTURE:0.5336700248760912
C_PIECECOORDINATION:0.48129492142004393
C_ROOKANDPAWNMOVEMENT:0.48129492142004393
C_CENTERCONTROL:0.44815777361533327
C_DEVELOPPIECES:0.4971249982862992
C_MATERIAL:0.5395606410743856
