ELO:749
CE_PASSEDPAWNS:0.5025511113552658
CE_PAWNWEAKNESSES:0.5054201644985149
CE_PIECEACTIVITY:0.3836134112701725
CE_KINGPAWNSHIELD:0.49120886709465517
CE_PIECECOORDINATION:0.569392596623963
CE_MATERIAL:0.6038736799688904
CE_KINGSAFETY:0.46465399919666517
C_PIECESQUARETABLES:0.5089709196220178
C_MOBILITY:0.47362431340193784
C_KINGSAFETY:0.46238176265727926
C_PAWNSTRUCTURE:0.5558218311250114
C_PIECECOORDINATION:0.48815407093064805
C_ROOKANDPAWNMOVEMENT:0.48815407093064805
C_CENTERCONTROL:0.5108444678961559
C_DEVELOPPIECES:0.4493197801411818
C_MATERIAL:0.5595046889089653
C_MOVECOUNT:0.5
