ELO:910
CE_PASSEDPAWNS:0.5727724598506824
CE_PAWNWEAKNESSES:0.3997852077348506
CE_PIECEACTIVITY:0.5363922073941066
CE_KINGPAWNSHIELD:0.4961534026310694
CE_PIECECOORDINATION:0.4160066218380446
CE_MATERIAL:0.5218000501853397
CE_KINGSAFETY:0.4757664734159261
C_PIECESQUARETABLES:0.4999142821874648
C_MOBILITY:0.5310108934271793
C_KINGSAFETY:0.42710317016203064
C_PAWNSTRUCTURE:0.4359250229852142
C_PIECECOORDINATION:0.5454533784708021
C_ROOKANDPAWNMOVEMENT:0.5454533784708021
C_CENTERCONTROL:0.4606844428105224
C_DEVELOPPIECES:0.4941472164766208
C_MATERIAL:0.3917100436282654
