ELO:1004
CE_PASSEDPAWNS:0.4970484217971919
CE_PAWNWEAKNESSES:0.5037099504192767
CE_PIECEACTIVITY:0.5224512973035887
CE_KINGPAWNSHIELD:0.49810207224780695
CE_PIECECOORDINATION:0.5
CE_MATERIAL:0.5103738075193275
CE_KINGSAFETY:0.5113622209741386
C_PIECESQUARETABLES:0.48432188847535923
C_MOBILITY:0.5398341316400149
C_KINGSAFETY:0.5026268781222339
C_PAWNSTRUCTURE:0.5308175371351664
C_PIECECOORDINATION:0.5224818566120074
C_ROOK:0.5145410240289909
CE_ROOK:0.4823086312696092
C_CENTERCONTROL:0.49826564351095737
C_DEVELOPPIECES:0.4996431725637703
C_MATERIAL:0.49505452251752513
C_MOVECOUNT:0.4648228601674955
C_PAWNMOVEMENT:0.4804499971249562
