ELO:896
CE_PASSEDPAWNS:0.48351154960694886
CE_PAWNWEAKNESSES:0.4937000911916383
CE_PIECEACTIVITY:0.47106052430045264
CE_KINGPAWNSHIELD:0.49685744986916475
CE_PIECECOORDINATION:0.5744264045469699
CE_MATERIAL:0.5256299466236581
CE_KINGSAFETY:0.49837293887057205
C_PIECESQUARETABLES:0.5537906228107536
C_MOBILITY:0.5
C_KINGSAFETY:0.4402830161371047
C_PAWNSTRUCTURE:0.48959319731303086
C_PIECECOORDINATION:0.49685768286429915
C_ROOKANDPAWNMOVEMENT:0.49685768286429915
C_CENTERCONTROL:0.5104931134765722
C_DEVELOPPIECES:0.49984903697588867
C_MATERIAL:0.4862088251002586
C_MOVECOUNT:0.5
