ELO:995
CE_PASSEDPAWNS:0.5097031928170374
CE_PAWNWEAKNESSES:0.5128889835512717
CE_PIECEACTIVITY:0.5975814565428466
CE_KINGPAWNSHIELD:0.5599465954910741
CE_PIECECOORDINATION:0.5138962178399454
CE_MATERIAL:0.5030403841932721
CE_KINGSAFETY:0.5
C_PIECESQUARETABLES:0.508400396537463
C_MOBILITY:0.4772147194178255
C_KINGSAFETY:0.5117042990159812
C_PAWNSTRUCTURE:0.514575632166703
C_PIECECOORDINATION:0.542092105685247
C_ROOKANDPAWNMOVEMENT:0.542092105685247
C_CENTERCONTROL:0.3628208528192532
C_DEVELOPPIECES:0.5120426942908384
C_MATERIAL:0.6785998631931784
