ELO:1005
CE_PASSEDPAWNS:0.5
CE_PAWNWEAKNESSES:0.5028506931990722
CE_PIECEACTIVITY:0.5063112964522849
CE_KINGPAWNSHIELD:0.5
CE_PIECECOORDINATION:0.5133302058750353
CE_MATERIAL:0.5
CE_KINGSAFETY:0.5
C_PIECESQUARETABLES:0.5
C_MOBILITY:0.48983500603041674
C_KINGSAFETY:0.5
C_PAWNSTRUCTURE:0.5062898605141317
C_PIECECOORDINATION:0.49867066203161314
C_ROOKANDPAWNMOVEMENT:0.49867066203161314
C_CENTERCONTROL:0.5118927226434417
C_DEVELOPPIECES:0.5066711028928891
C_MATERIAL:0.49211375078108616
C_MOVECOUNT:0.5116850087080137
