ELO:901
CE_PASSEDPAWNS:0.4869286341766713
CE_PAWNWEAKNESSES:0.5649209114185391
CE_PIECEACTIVITY:0.36702887099662856
CE_KINGPAWNSHIELD:0.37492299798534856
CE_PIECECOORDINATION:0.42740975445423435
CE_MATERIAL:0.5791211816387782
CE_KINGSAFETY:0.48285186865288665
C_PIECESQUARETABLES:0.510648388846435
C_MOBILITY:0.5521892273250458
C_KINGSAFETY:0.5193373245719156
C_PAWNSTRUCTURE:0.5035362364846337
C_PIECECOORDINATION:0.6539947130374559
C_ROOKANDPAWNMOVEMENT:0.6539947130374559
C_CENTERCONTROL:0.4444185903962977
C_DEVELOPPIECES:0.3251311366695489
C_MATERIAL:0.5243760849318981
