ELO:970
CE_PASSEDPAWNS:0.5037737312778433
CE_PAWNWEAKNESSES:0.5067699986295068
CE_PIECEACTIVITY:0.5048318514440091
CE_KINGPAWNSHIELD:0.5005311397137886
CE_PIECECOORDINATION:0.5359465021338999
CE_MATERIAL:0.5136310675101482
CE_KINGSAFETY:0.492173520086888
C_PIECESQUARETABLES:0.4991806044977739
C_MOBILITY:0.5142103127855799
C_KINGSAFETY:0.5223909484014799
C_PAWNSTRUCTURE:0.4925946136719331
C_PIECECOORDINATION:0.5050610370125287
C_ROOK:0.5373427126085752
CE_ROOK:0.5206690808422747
C_CENTERCONTROL:0.49345887108622544
C_DEVELOPPIECES:0.47782947764943645
C_MATERIAL:0.5437743648677519
C_MOVECOUNT:0.506024886425482
C_PAWNMOVEMENT:0.48885401774984283
