ELO:783
CE_PASSEDPAWNS:0.4742959908280346
CE_PAWNWEAKNESSES:0.5375216311386544
CE_PIECEACTIVITY:0.42023550964538026
CE_KINGPAWNSHIELD:0.5443300267085501
CE_PIECECOORDINATION:0.46913524568685405
CE_MATERIAL:0.5032116797854671
CE_KINGSAFETY:0.4370152195876457
C_PIECESQUARETABLES:0.5120351611988385
C_MOBILITY:0.5322719634924692
C_KINGSAFETY:0.47132987754336364
C_PAWNSTRUCTURE:0.5319502535500209
C_PIECECOORDINATION:0.44013741465612016
C_ROOKANDPAWNMOVEMENT:0.44013741465612016
C_CENTERCONTROL:0.4706658426726267
C_DEVELOPPIECES:0.4206678046756858
C_MATERIAL:0.5572410658218926
C_MOVECOUNT:0.5
