ELO:964
CE_PASSEDPAWNS:0.5291259956530462
CE_PAWNWEAKNESSES:0.49919258332401634
CE_PIECEACTIVITY:0.4952161427890227
CE_KINGPAWNSHIELD:0.5019477324122544
CE_PIECECOORDINATION:0.5058783532041787
CE_MATERIAL:0.5235138799852487
CE_KINGSAFETY:0.5051966808310008
C_PIECESQUARETABLES:0.49333050515921006
C_MOBILITY:0.45529221250739216
C_KINGSAFETY:0.495266132453727
C_PAWNSTRUCTURE:0.50220229499557
C_PIECECOORDINATION:0.5015829362369524
C_ROOKANDPAWNMOVEMENT:0.5015829362369524
C_CENTERCONTROL:0.5168961209199561
C_DEVELOPPIECES:0.49809222414746446
C_MATERIAL:0.5156074348242723
C_MOVECOUNT:0.5
