ELO:867
CE_PASSEDPAWNS:0.5026134460048691
CE_PAWNWEAKNESSES:0.4815435249383012
CE_PIECEACTIVITY:0.5389339054941995
CE_KINGPAWNSHIELD:0.5088639131680822
CE_PIECECOORDINATION:0.47605593764407034
CE_MATERIAL:0.522553334107149
CE_KINGSAFETY:0.5091736300481315
C_PIECESQUARETABLES:0.5448440796193029
C_MOBILITY:0.48378093752464624
C_KINGSAFETY:0.5063129954471056
C_PAWNSTRUCTURE:0.48443094261340824
C_PIECECOORDINATION:0.5365702518499971
C_ROOKANDPAWNMOVEMENT:0.5365702518499971
C_CENTERCONTROL:0.4597419109649555
C_DEVELOPPIECES:0.5103186418937897
C_MATERIAL:0.518234017022233
C_MOVECOUNT:0.5020715857245742
