ELO:999
CE_PASSEDPAWNS:0.4819002421736972
CE_PAWNWEAKNESSES:0.5101304147258322
CE_PIECEACTIVITY:0.4973347543800464
CE_KINGPAWNSHIELD:0.5215201302465097
CE_PIECECOORDINATION:0.48290020915197623
CE_MATERIAL:0.4947834588701829
CE_KINGSAFETY:0.5
C_PIECESQUARETABLES:0.4974195477648382
C_MOBILITY:0.4938466882198852
C_KINGSAFETY:0.5226750220094558
C_PAWNSTRUCTURE:0.47657560294239115
C_PIECECOORDINATION:0.5020556305445553
C_ROOK:0.4823274963624567
CE_ROOK:0.4784421378699574
C_CENTERCONTROL:0.4780860626445822
C_DEVELOPPIECES:0.5149028448848842
C_MATERIAL:0.5376690531374344
C_MOVECOUNT:0.49746790700371035
C_PAWNMOVEMENT:0.5140093147948189
