ELO:954
CE_PASSEDPAWNS:0.5554274805114677
CE_PAWNWEAKNESSES:0.5027819821945075
CE_PIECEACTIVITY:0.5514134185432045
CE_KINGPAWNSHIELD:0.4923023242041147
CE_PIECECOORDINATION:0.468730782493808
CE_MATERIAL:0.45149293668965595
CE_KINGSAFETY:0.4964008782917768
C_PIECESQUARETABLES:0.5093974594013045
C_MOBILITY:0.5253489401144048
C_KINGSAFETY:0.46121960301518594
C_PAWNSTRUCTURE:0.5255494202974126
C_PIECECOORDINATION:0.5570717864325966
C_ROOKANDPAWNMOVEMENT:0.5570717864325966
C_CENTERCONTROL:0.5097322879154139
C_DEVELOPPIECES:0.48256614818857024
C_MATERIAL:0.4284160762268202
