ELO:976
CE_PASSEDPAWNS:0.5036727078801719
CE_PAWNWEAKNESSES:0.4891729698163265
CE_PIECEACTIVITY:0.5002667880426461
CE_KINGPAWNSHIELD:0.5343094487922708
CE_PIECECOORDINATION:0.4956946244999247
CE_MATERIAL:0.486212921297544
CE_KINGSAFETY:0.498501219947395
C_PIECESQUARETABLES:0.5091503195652138
C_MOBILITY:0.49903244238933325
C_KINGSAFETY:0.5095149843349559
C_PAWNSTRUCTURE:0.5272376499888338
C_PIECECOORDINATION:0.48846364987030844
C_ROOKANDPAWNMOVEMENT:0.48846364987030844
C_CENTERCONTROL:0.49915665762200534
C_DEVELOPPIECES:0.5028966692312824
C_MATERIAL:0.4869585010909063
C_MOVECOUNT:0.5
