ELO:912
CE_PASSEDPAWNS:0.5887417816867007
CE_PAWNWEAKNESSES:0.4165329946385549
CE_PIECEACTIVITY:0.5199201060094462
CE_KINGPAWNSHIELD:0.4836623563806752
CE_PIECECOORDINATION:0.44068356339979864
CE_MATERIAL:0.5002147297145313
CE_KINGSAFETY:0.4612743455182722
C_PIECESQUARETABLES:0.5014514012179836
C_MOBILITY:0.5007898777776439
C_KINGSAFETY:0.42914081424831857
C_PAWNSTRUCTURE:0.4406027053997233
C_PIECECOORDINATION:0.505788676684225
C_ROOKANDPAWNMOVEMENT:0.505788676684225
C_CENTERCONTROL:0.466491823213705
C_DEVELOPPIECES:0.49355767855402344
C_MATERIAL:0.40292525373597277
