ELO:866
CE_PASSEDPAWNS:0.48555344769766084
CE_PAWNWEAKNESSES:0.5162054218295773
CE_PIECEACTIVITY:0.43277449851774363
CE_KINGPAWNSHIELD:0.4982239691033279
CE_PIECECOORDINATION:0.591359766725912
CE_MATERIAL:0.5605707097957006
CE_KINGSAFETY:0.5
C_PIECESQUARETABLES:0.5097550038251821
C_MOBILITY:0.5180478785646573
C_KINGSAFETY:0.44014115697500367
C_PAWNSTRUCTURE:0.5330788534599851
C_PIECECOORDINATION:0.45659122032322985
C_ROOKANDPAWNMOVEMENT:0.45659122032322985
C_CENTERCONTROL:0.49679353710892005
C_DEVELOPPIECES:0.48638665287481403
C_MATERIAL:0.5075973073581067
C_MOVECOUNT:0.5
