ELO:999
CE_PASSEDPAWNS:0.5089372605978638
CE_PAWNWEAKNESSES:0.5115611988255143
CE_PIECEACTIVITY:0.5119303317934987
CE_KINGPAWNSHIELD:0.4976964879389029
CE_PIECECOORDINATION:0.5
CE_MATERIAL:0.5039705633623618
CE_KINGSAFETY:0.5
C_PIECESQUARETABLES:0.5
C_MOBILITY:0.5117932260228154
C_KINGSAFETY:0.5
C_PAWNSTRUCTURE:0.5183317900125408
C_PIECECOORDINATION:0.5113524205038755
C_ROOK:0.4971804072833275
CE_ROOK:0.5
C_CENTERCONTROL:0.5091680700564712
C_DEVELOPPIECES:0.5109464897563666
C_MATERIAL:0.5079785947700526
C_MOVECOUNT:0.5024905449719946
C_PAWNMOVEMENT:0.49606325967171067
