ELO:939
CE_PASSEDPAWNS:0.4804171623193832
CE_PAWNWEAKNESSES:0.4589943344878375
CE_PIECEACTIVITY:0.5
CE_KINGPAWNSHIELD:0.48035418372881633
CE_PIECECOORDINATION:0.5088635984149014
CE_MATERIAL:0.5241012673514819
CE_KINGSAFETY:0.4944973380710773
C_PIECESQUARETABLES:0.4864527432127709
C_MOBILITY:0.42854095816366117
C_KINGSAFETY:0.48112424706304424
C_PAWNSTRUCTURE:0.49875847623223757
C_PIECECOORDINATION:0.4806255895050098
C_ROOKANDPAWNMOVEMENT:0.4806255895050098
C_CENTERCONTROL:0.5023668903522914
C_DEVELOPPIECES:0.5013216191390306
C_MATERIAL:0.46985142853722595
C_MOVECOUNT:0.5
