ELO:933
CE_PASSEDPAWNS:0.40705817017535606
CE_PAWNWEAKNESSES:0.6522095368684726
CE_PIECEACTIVITY:0.5570741286521228
CE_KINGPAWNSHIELD:0.46689301816564616
CE_PIECECOORDINATION:0.5626226877662428
CE_MATERIAL:0.4935773271851063
CE_KINGSAFETY:0.4893686758663904
C_PIECESQUARETABLES:0.5043602733930074
C_MOBILITY:0.43647414027973885
C_KINGSAFETY:0.40608567183006233
C_PAWNSTRUCTURE:0.5242523096897382
C_PIECECOORDINATION:0.48739957629154007
C_ROOKANDPAWNMOVEMENT:0.48739957629154007
C_CENTERCONTROL:0.4893007374683767
C_DEVELOPPIECES:0.5190040237740294
C_MATERIAL:0.5880597687782616
