ELO:988
CE_PASSEDPAWNS:0.5084922635407452
CE_PAWNWEAKNESSES:0.5003216594221819
CE_PIECEACTIVITY:0.4974343476928271
CE_KINGPAWNSHIELD:0.49428487826141254
CE_PIECECOORDINATION:0.49029198521617223
CE_MATERIAL:0.4958816071750387
CE_KINGSAFETY:0.5193541363435275
C_PIECESQUARETABLES:0.45787898114713305
C_MOBILITY:0.5302728899336947
C_KINGSAFETY:0.4216052237561443
C_PAWNSTRUCTURE:0.5155748279104481
C_PIECECOORDINATION:0.5764301988184485
C_ROOKANDPAWNMOVEMENT:0.5764301988184485
C_CENTERCONTROL:0.5252102217221373
C_DEVELOPPIECES:0.5146049106765949
C_MATERIAL:0.47648910204870726
