ELO:997
CE_PASSEDPAWNS:0.4505957164053903
CE_PAWNWEAKNESSES:0.5541393246018833
CE_PIECEACTIVITY:0.5150390682095316
CE_KINGPAWNSHIELD:0.4681896648663205
CE_PIECECOORDINATION:0.5188711486654249
CE_MATERIAL:0.5155221670570019
CE_KINGSAFETY:0.4773456328157375
C_PIECESQUARETABLES:0.47985475230869234
C_MOBILITY:0.4720473884763084
C_KINGSAFETY:0.4155523192968651
C_PAWNSTRUCTURE:0.5620227298148709
C_PIECECOORDINATION:0.5000462942446434
C_ROOKANDPAWNMOVEMENT:0.5000462942446434
C_CENTERCONTROL:0.45084630346327015
C_DEVELOPPIECES:0.47259610919778156
C_MATERIAL:0.532174642453287
