ELO:962
CE_PASSEDPAWNS:0.4724267520632172
CE_PAWNWEAKNESSES:0.510596488253478
CE_PIECEACTIVITY:0.5379647390643202
CE_KINGPAWNSHIELD:0.5171449482331005
CE_PIECECOORDINATION:0.5051312569418227
CE_MATERIAL:0.4725521194571677
CE_KINGSAFETY:0.4824406519950389
C_PIECESQUARETABLES:0.5021229327875032
C_MOBILITY:0.5109918071145747
C_KINGSAFETY:0.4985823025536941
C_PAWNSTRUCTURE:0.5290107302263021
C_PIECECOORDINATION:0.4507873683675732
C_ROOKANDPAWNMOVEMENT:0.4507873683675732
C_CENTERCONTROL:0.5280006954844072
C_DEVELOPPIECES:0.5191536874449529
C_MATERIAL:0.48150943955579123
C_MOVECOUNT:0.5
