ELO:972
CE_PASSEDPAWNS:0.4987844536567648
CE_PAWNWEAKNESSES:0.494956328020727
CE_PIECEACTIVITY:0.5
CE_KINGPAWNSHIELD:0.5
CE_PIECECOORDINATION:0.4789569233174115
CE_MATERIAL:0.48331736656847774
CE_KINGSAFETY:0.5
C_PIECESQUARETABLES:0.4999582286326813
C_MOBILITY:0.49536977642205166
C_KINGSAFETY:0.4986680297366149
C_PAWNSTRUCTURE:0.5013714865380872
C_PIECECOORDINATION:0.4931529337793001
C_ROOKANDPAWNMOVEMENT:0.4931529337793001
C_CENTERCONTROL:0.4917368431051811
C_DEVELOPPIECES:0.49747939311789896
C_MATERIAL:0.5029360177764793
