ELO:1000
CE_PASSEDPAWNS:0.4573899360866896
CE_PAWNWEAKNESSES:0.4755400700770701
CE_PIECEACTIVITY:0.4969699288450124
CE_KINGPAWNSHIELD:0.5061667802791369
CE_PIECECOORDINATION:0.49823523411964044
CE_MATERIAL:0.5049995293334627
CE_KINGSAFETY:0.5073040211620085
C_PIECESQUARETABLES:0.5
C_MOBILITY:0.5032468639011023
C_KINGSAFETY:0.43364225571528986
C_PAWNSTRUCTURE:0.49825924790078086
C_PIECECOORDINATION:0.48146490694056554
C_ROOKANDPAWNMOVEMENT:0.48146490694056554
C_CENTERCONTROL:0.45799356121672197
C_DEVELOPPIECES:0.5146841101991528
C_MATERIAL:0.5018984614431796
