ELO:1000
CE_PASSEDPAWNS:0.4864354160222477
CE_PAWNWEAKNESSES:0.4869474224050268
CE_PIECEACTIVITY:0.49426935782598874
CE_KINGPAWNSHIELD:0.4962677940372952
CE_PIECECOORDINATION:0.48111155388009225
CE_MATERIAL:0.5052584696762261
CE_KINGSAFETY:0.4954882799924711
C_PIECESQUARETABLES:0.504708186450114
C_MOBILITY:0.4922145609747751
C_KINGSAFETY:0.4605427408469708
C_PAWNSTRUCTURE:0.485049003455504
C_PIECECOORDINATION:0.5101033246519165
C_ROOKANDPAWNMOVEMENT:0.5101033246519165
C_CENTERCONTROL:0.4913373145642832
C_DEVELOPPIECES:0.5231902257323664
C_MATERIAL:0.5137790370065726
