ELO:1000
CE_PASSEDPAWNS:0.46410242172368427
CE_PAWNWEAKNESSES:0.5321724951257941
CE_PIECEACTIVITY:0.4945842563434414
CE_KINGPAWNSHIELD:0.4832472251157521
CE_PIECECOORDINATION:0.5037426737443386
CE_MATERIAL:0.5171099031138519
CE_KINGSAFETY:0.5079835016825524
C_PIECESQUARETABLES:0.49241635069186607
C_MOBILITY:0.46498971959753815
C_KINGSAFETY:0.4044344504015003
C_PAWNSTRUCTURE:0.5389815081752064
C_PIECECOORDINATION:0.48103431974522537
C_ROOKANDPAWNMOVEMENT:0.48103431974522537
C_CENTERCONTROL:0.45918917670878745
C_DEVELOPPIECES:0.4843752361172119
C_MATERIAL:0.53461454933551
