ELO:921
CE_PASSEDPAWNS:0.42897975595990007
CE_PAWNWEAKNESSES:0.6599714803937347
CE_PIECEACTIVITY:0.5641778678690175
CE_KINGPAWNSHIELD:0.4662760234871359
CE_PIECECOORDINATION:0.5526768484588603
CE_MATERIAL:0.48667305783506776
CE_KINGSAFETY:0.5137063723567836
C_PIECESQUARETABLES:0.48451166506073834
C_MOBILITY:0.44216773230378725
C_KINGSAFETY:0.40514116429215713
C_PAWNSTRUCTURE:0.5220794898736938
C_PIECECOORDINATION:0.48724663859693446
C_ROOKANDPAWNMOVEMENT:0.48724663859693446
C_CENTERCONTROL:0.5034806155404645
C_DEVELOPPIECES:0.5185775753077382
C_MATERIAL:0.5634786317084255
