ELO:999
CE_PASSEDPAWNS:0.5164201948775639
CE_PAWNWEAKNESSES:0.5
CE_PIECEACTIVITY:0.4944382405630205
CE_KINGPAWNSHIELD:0.49269804640056236
CE_PIECECOORDINATION:0.4833942713137125
CE_MATERIAL:0.5
CE_KINGSAFETY:0.5085503710340432
C_PIECESQUARETABLES:0.4900842236854271
C_MOBILITY:0.4986965057807701
C_KINGSAFETY:0.48802013152657026
C_PAWNSTRUCTURE:0.5012525668368674
C_PIECECOORDINATION:0.4958742767857431
C_ROOKANDPAWNMOVEMENT:0.4958742767857431
C_CENTERCONTROL:0.5
C_DEVELOPPIECES:0.5
C_MATERIAL:0.5
C_MOVECOUNT:0.5
