ELO:990
CE_PASSEDPAWNS:0.45281520977170137
CE_PAWNWEAKNESSES:0.5900124163085498
CE_PIECEACTIVITY:0.5294936000537558
CE_KINGPAWNSHIELD:0.4794360561208472
CE_PIECECOORDINATION:0.5243105514173586
CE_MATERIAL:0.5042385666923783
CE_KINGSAFETY:0.4724944933305105
C_PIECESQUARETABLES:0.46504557140727537
C_MOBILITY:0.4819528153388666
C_KINGSAFETY:0.42300460965656644
C_PAWNSTRUCTURE:0.5541999317479713
C_PIECECOORDINATION:0.47563154053947626
C_ROOKANDPAWNMOVEMENT:0.47563154053947626
C_CENTERCONTROL:0.43206188254131433
C_DEVELOPPIECES:0.47970872381877755
C_MATERIAL:0.5394476142159622
