ELO:921
CE_PASSEDPAWNS:0.5291259956530462
CE_PAWNWEAKNESSES:0.4623517241288551
CE_PIECEACTIVITY:0.49862552901980434
CE_KINGPAWNSHIELD:0.5163723370121056
CE_PIECECOORDINATION:0.5043819830431128
CE_MATERIAL:0.5272084694509472
CE_KINGSAFETY:0.5088389859977681
C_PIECESQUARETABLES:0.5087641919262134
C_MOBILITY:0.4668098571867683
C_KINGSAFETY:0.4872949892442533
C_PAWNSTRUCTURE:0.5111134254142099
C_PIECECOORDINATION:0.5264500271880683
C_ROOKANDPAWNMOVEMENT:0.5264500271880683
C_CENTERCONTROL:0.5207578108958661
C_DEVELOPPIECES:0.4779206575425096
C_MATERIAL:0.5231014828881557
C_MOVECOUNT:0.5
