ELO:958
CE_PASSEDPAWNS:0.5052892365993727
CE_PAWNWEAKNESSES:0.5067699986295068
CE_PIECEACTIVITY:0.5021535510357856
CE_KINGPAWNSHIELD:0.5119242736298752
CE_PIECECOORDINATION:0.5271848354878939
CE_MATERIAL:0.5136310675101482
CE_KINGSAFETY:0.5
C_PIECESQUARETABLES:0.5
C_MOBILITY:0.5204560754100713
C_KINGSAFETY:0.5223909484014799
C_PAWNSTRUCTURE:0.5199709927670042
C_PIECECOORDINATION:0.5050610370125287
C_ROOK:0.5373427126085752
CE_ROOK:0.5206690808422747
C_CENTERCONTROL:0.4959744464988885
C_DEVELOPPIECES:0.5077780893406347
C_MATERIAL:0.5003123127008885
C_MOVECOUNT:0.506024886425482
C_PAWNMOVEMENT:0.48885401774984283
