ELO:1023
CE_PASSEDPAWNS:0.509627366259295
CE_PAWNWEAKNESSES:0.4967293958438764
CE_PIECEACTIVITY:0.41159485335858104
CE_KINGPAWNSHIELD:0.5272050368281263
CE_PIECECOORDINATION:0.519357377125772
CE_MATERIAL:0.509773033062491
CE_KINGSAFETY:0.5
C_PIECESQUARETABLES:0.5
C_MOBILITY:0.45824781231478373
C_KINGSAFETY:0.5088586798689533
C_PAWNSTRUCTURE:0.5171578828235839
C_PIECECOORDINATION:0.5200822114595114
C_ROOK:0.5031056924103747
CE_ROOK:0.4784421378699574
C_CENTERCONTROL:0.48748816855455884
C_DEVELOPPIECES:0.4827476482380969
C_MATERIAL:0.5201168843147016
C_MOVECOUNT:0.49746790700371035
C_PAWNMOVEMENT:0.4746195113060341
