ELO:903
CE_PASSEDPAWNS:0.5983612013036713
CE_PAWNWEAKNESSES:0.6249740553852352
CE_PIECEACTIVITY:0.43785831406551196
CE_KINGPAWNSHIELD:0.49146084606798807
CE_PIECECOORDINATION:0.5289608446436102
CE_MATERIAL:0.513383828310449
CE_KINGSAFETY:0.5437309995234306
C_PIECESQUARETABLES:0.5260820583164326
C_MOBILITY:0.6053777558455212
C_KINGSAFETY:0.6497639441465829
C_PAWNSTRUCTURE:0.635453118239926
C_PIECECOORDINATION:0.6505589946190797
C_ROOKANDPAWNMOVEMENT:0.6505589946190797
C_CENTERCONTROL:0.40289824313411005
C_DEVELOPPIECES:0.48710196525862315
C_MATERIAL:0.47072682190236154
