ELO:1006
CE_PASSEDPAWNS:0.5004456819443882
CE_PAWNWEAKNESSES:0.5068634160143372
CE_PIECEACTIVITY:0.4953321891046122
CE_KINGPAWNSHIELD:0.47955726751734007
CE_PIECECOORDINATION:0.47833116575619206
CE_MATERIAL:0.4832355957014407
CE_KINGSAFETY:0.5
C_PIECESQUARETABLES:0.49988728674768135
C_MOBILITY:0.5171190070964631
C_KINGSAFETY:0.5135817735413487
C_PAWNSTRUCTURE:0.5072694709424206
C_PIECECOORDINATION:0.5361659486283863
C_ROOK:0.47069536692990466
CE_ROOK:0.520469276575937
C_CENTERCONTROL:0.5070125985841509
C_DEVELOPPIECES:0.512422510963992
C_MATERIAL:0.5128014050847955
C_MOVECOUNT:0.47659685230902327
C_PAWNMOVEMENT:0.5012537537586158
