ELO:1008
CE_PASSEDPAWNS:0.5
CE_PAWNWEAKNESSES:0.5
CE_PIECEACTIVITY:0.5
CE_KINGPAWNSHIELD:0.5
CE_PIECECOORDINATION:0.4869438310970478
CE_MATERIAL:0.5
CE_KINGSAFETY:0.49446910702516045
C_PIECESQUARETABLES:0.5169634647607709
C_MOBILITY:0.49836000014457194
C_KINGSAFETY:0.4839516479357347
C_PAWNSTRUCTURE:0.49852986309027236
C_PIECECOORDINATION:0.5
C_ROOKANDPAWNMOVEMENT:0.5
C_CENTERCONTROL:0.4938402551618915
C_DEVELOPPIECES:0.4854993099448633
C_MATERIAL:0.5
