ELO:992
CE_PASSEDPAWNS:0.5187211200109331
CE_PAWNWEAKNESSES:0.5402672968165445
CE_PIECEACTIVITY:0.42466414406440334
CE_KINGPAWNSHIELD:0.48864886346693115
CE_PIECECOORDINATION:0.4869591708754983
CE_MATERIAL:0.3816754896216065
CE_KINGSAFETY:0.4605300769583178
C_PIECESQUARETABLES:0.4767203503820836
C_MOBILITY:0.5719499334856164
C_KINGSAFETY:0.4511255798450623
C_PAWNSTRUCTURE:0.5058057808012685
C_PIECECOORDINATION:0.46696957631723285
C_ROOKANDPAWNMOVEMENT:0.46696957631723285
C_CENTERCONTROL:0.45562468348860935
C_DEVELOPPIECES:0.5339260906630426
C_MATERIAL:0.5099203025065063
