ELO:1089
CE_PASSEDPAWNS:0.6216628427623379
CE_PAWNWEAKNESSES:0.48021986313099435
CE_PIECEACTIVITY:0.4749362909216822
CE_KINGPAWNSHIELD:0.4944538062101151
CE_PIECECOORDINATION:0.4741970028559652
CE_MATERIAL:0.4450316768908934
CE_KINGSAFETY:0.5013513484363504
C_PIECESQUARETABLES:0.4831808155554206
C_MOBILITY:0.4160255011074685
C_KINGSAFETY:0.5064522375559645
C_PAWNSTRUCTURE:0.41159374709656454
C_PIECECOORDINATION:0.47863206872267633
C_ROOKANDPAWNMOVEMENT:0.47863206872267633
C_CENTERCONTROL:0.5241516181776379
C_DEVELOPPIECES:0.5825175853730732
C_MATERIAL:0.42037145141469806
