ELO:897
CE_PASSEDPAWNS:0.5118711268276095
CE_PAWNWEAKNESSES:0.5172256373881162
CE_PIECEACTIVITY:0.42574282836929733
CE_KINGPAWNSHIELD:0.4992684168832806
CE_PIECECOORDINATION:0.4653303865738322
CE_MATERIAL:0.538170406033561
CE_KINGSAFETY:0.4902720033865018
C_PIECESQUARETABLES:0.48879259093763655
C_MOBILITY:0.513044613449711
C_KINGSAFETY:0.5536318207235196
C_PAWNSTRUCTURE:0.47863941793221754
C_PIECECOORDINATION:0.49106830193671513
C_ROOK:0.4885328191548676
CE_ROOK:0.47854101287888023
C_CENTERCONTROL:0.5062149822263587
C_DEVELOPPIECES:0.49424408679652854
C_MATERIAL:0.4834441975300971
C_MOVECOUNT:0.4816129985134017
C_PAWNMOVEMENT:0.4942970234604494
