ELO:948
CE_PASSEDPAWNS:0.5173897723799752
CE_PAWNWEAKNESSES:0.5814651168617421
CE_PIECEACTIVITY:0.5890222130773964
CE_KINGPAWNSHIELD:0.5414605854162937
CE_PIECECOORDINATION:0.45264643246587444
CE_MATERIAL:0.49635010621318226
CE_KINGSAFETY:0.4974085064173674
C_PIECESQUARETABLES:0.5024415406170855
C_MOBILITY:0.47222943286526536
C_KINGSAFETY:0.5634743264419677
C_PAWNSTRUCTURE:0.4761482798905777
C_PIECECOORDINATION:0.5635808584652384
C_ROOKANDPAWNMOVEMENT:0.5635808584652384
C_CENTERCONTROL:0.5272506650835949
C_DEVELOPPIECES:0.5425770397507046
C_MATERIAL:0.5160912431157627
