ELO:986
CE_PASSEDPAWNS:0.5110188673446311
CE_PAWNWEAKNESSES:0.48733457608431685
CE_PIECEACTIVITY:0.48432551729994644
CE_KINGPAWNSHIELD:0.47185190882563505
CE_PIECECOORDINATION:0.48523565728825335
CE_MATERIAL:0.5334888809495125
CE_KINGSAFETY:0.5
C_PIECESQUARETABLES:0.5018639897083563
C_MOBILITY:0.49626246057390405
C_KINGSAFETY:0.49966985055611346
C_PAWNSTRUCTURE:0.4667548448377522
C_PIECECOORDINATION:0.49148032670912534
C_ROOKANDPAWNMOVEMENT:0.49148032670912534
C_CENTERCONTROL:0.4904907883600824
C_DEVELOPPIECES:0.5020663037890642
C_MATERIAL:0.5
C_MOVECOUNT:0.5
