ELO:1000
CE_PASSEDPAWNS:0.5201208414359014
CE_PAWNWEAKNESSES:0.4935193100557643
CE_PIECEACTIVITY:0.5104464372060122
CE_KINGPAWNSHIELD:0.4921097476122049
CE_PIECECOORDINATION:0.4842320352560731
CE_MATERIAL:0.46985096202704174
CE_KINGSAFETY:0.545367270022148
C_PIECESQUARETABLES:0.5201156355253457
C_MOBILITY:0.47606560027499795
C_KINGSAFETY:0.5096952933698545
C_PAWNSTRUCTURE:0.5028404102668405
C_PIECECOORDINATION:0.5045856216686071
C_ROOKANDPAWNMOVEMENT:0.5045856216686071
C_CENTERCONTROL:0.5006547940828504
C_DEVELOPPIECES:0.4972615860281493
C_MATERIAL:0.5092792851909645
