ELO:865
CE_PASSEDPAWNS:0.4410915522443325
CE_PAWNWEAKNESSES:0.479060580987137
CE_PIECEACTIVITY:0.4513349384731401
CE_KINGPAWNSHIELD:0.5298944334952902
CE_PIECECOORDINATION:0.4302424891329549
CE_MATERIAL:0.4716786657722721
CE_KINGSAFETY:0.47582131060093275
C_PIECESQUARETABLES:0.49433173746035763
C_MOBILITY:0.45226423261479276
C_KINGSAFETY:0.370889547849088
C_PAWNSTRUCTURE:0.4449390556679854
C_PIECECOORDINATION:0.4391694210640644
C_ROOKANDPAWNMOVEMENT:0.4391694210640644
C_CENTERCONTROL:0.38754952291934885
C_DEVELOPPIECES:0.5205633834025917
C_MATERIAL:0.49261939488563583
