ELO:562
CE_PASSEDPAWNS:0.48557319224076784
CE_PAWNWEAKNESSES:0.49125860459252035
CE_PIECEACTIVITY:0.4962025753178116
CE_KINGPAWNSHIELD:0.4802229997946723
CE_PIECECOORDINATION:0.3779642513972757
CE_MATERIAL:0.5668102711738223
CE_KINGSAFETY:0.4771929794305306
C_PIECESQUARETABLES:0.4848009309141046
C_MOBILITY:0.5972888973143345
C_KINGSAFETY:0.4427562902058378
C_PAWNSTRUCTURE:0.5112218649210928
C_PIECECOORDINATION:0.4370970257265283
C_ROOKANDPAWNMOVEMENT:0.4370970257265283
C_CENTERCONTROL:0.5357740387268849
C_DEVELOPPIECES:0.5387134315047191
C_MATERIAL:0.5725114324393615
C_MOVECOUNT:0.5310582878978285
