ELO:1008
CE_PASSEDPAWNS:0.49776398693623797
CE_PAWNWEAKNESSES:0.505695664304402
CE_PIECEACTIVITY:0.4960058657347688
CE_KINGPAWNSHIELD:0.4856183058087089
CE_PIECECOORDINATION:0.49042287301877374
CE_MATERIAL:0.5
CE_KINGSAFETY:0.5
C_PIECESQUARETABLES:0.5
C_MOBILITY:0.5066191821141975
C_KINGSAFETY:0.5063747160591283
C_PAWNSTRUCTURE:0.4929792193115593
C_PIECECOORDINATION:0.49757584948584566
C_ROOK:0.5013095844421636
CE_ROOK:0.48615431231497824
C_CENTERCONTROL:0.4985848191420665
C_DEVELOPPIECES:0.516847938314593
C_MATERIAL:0.5
C_MOVECOUNT:0.5012239254050116
C_PAWNMOVEMENT:0.511221226304128
