ELO:787
CE_PASSEDPAWNS:0.4909482796545239
CE_PAWNWEAKNESSES:0.5295742802827114
CE_PIECEACTIVITY:0.4648634929711382
CE_KINGPAWNSHIELD:0.4656549961281138
CE_PIECECOORDINATION:0.5435952769270199
CE_MATERIAL:0.5881240852133859
CE_KINGSAFETY:0.4820127427039002
C_PIECESQUARETABLES:0.476318349887629
C_MOBILITY:0.5686605237506933
C_KINGSAFETY:0.3991013819144294
C_PAWNSTRUCTURE:0.5004799879240892
C_PIECECOORDINATION:0.5073051556538236
C_ROOKANDPAWNMOVEMENT:0.5073051556538236
C_CENTERCONTROL:0.5580043105018331
C_DEVELOPPIECES:0.5259297078716215
C_MATERIAL:0.5073010708925912
C_MOVECOUNT:0.5
