ELO:1011
CE_PASSEDPAWNS:0.4946790315103056
CE_PAWNWEAKNESSES:0.5045503786651087
CE_PIECEACTIVITY:0.5
CE_KINGPAWNSHIELD:0.503313268196719
CE_PIECECOORDINATION:0.5098380672694144
CE_MATERIAL:0.49517995739132487
CE_KINGSAFETY:0.5
C_PIECESQUARETABLES:0.5
C_MOBILITY:0.5002099431553971
C_KINGSAFETY:0.49719724882690475
C_PAWNSTRUCTURE:0.5348956766734907
C_PIECECOORDINATION:0.4820220818708353
C_ROOKANDPAWNMOVEMENT:0.4820220818708353
C_CENTERCONTROL:0.5
C_DEVELOPPIECES:0.5
C_MATERIAL:0.4922739733192224
C_MOVECOUNT:0.5
