ELO:1026
CE_PASSEDPAWNS:0.6136728906077279
CE_PAWNWEAKNESSES:0.4817594721651434
CE_PIECEACTIVITY:0.50586211318974
CE_KINGPAWNSHIELD:0.4786573233460568
CE_PIECECOORDINATION:0.5015097366890758
CE_MATERIAL:0.4571804941115682
CE_KINGSAFETY:0.49926718909348244
C_PIECESQUARETABLES:0.48894935666639233
C_MOBILITY:0.44040604526270527
C_KINGSAFETY:0.4767887262249666
C_PAWNSTRUCTURE:0.4208578778413983
C_PIECECOORDINATION:0.465835606519991
C_ROOKANDPAWNMOVEMENT:0.465835606519991
C_CENTERCONTROL:0.5332591912505404
C_DEVELOPPIECES:0.5891101918004954
C_MATERIAL:0.3971096578779777
