ELO:882
CE_PASSEDPAWNS:0.5452017780349018
CE_PAWNWEAKNESSES:0.5053208973100756
CE_PIECEACTIVITY:0.40657519420493826
CE_KINGPAWNSHIELD:0.49132785016674874
CE_PIECECOORDINATION:0.4579648391529884
CE_MATERIAL:0.554078174054716
CE_KINGSAFETY:0.4964905874676259
C_PIECESQUARETABLES:0.4839650611423569
C_MOBILITY:0.5012818019596851
C_KINGSAFETY:0.5641433483248904
C_PAWNSTRUCTURE:0.49165167060733034
C_PIECECOORDINATION:0.5187665757461425
C_ROOK:0.49140494760502584
CE_ROOK:0.461202585464882
C_CENTERCONTROL:0.5206339722965453
C_DEVELOPPIECES:0.48326753983033477
C_MATERIAL:0.4636979042965649
C_MOVECOUNT:0.4568423410389849
C_PAWNMOVEMENT:0.4964276456979887
