ELO:973
CE_PASSEDPAWNS:0.5311779064632319
CE_PAWNWEAKNESSES:0.5697704123871975
CE_PIECEACTIVITY:0.5939383789405214
CE_KINGPAWNSHIELD:0.5669257785331903
CE_PIECECOORDINATION:0.4514184096019437
CE_MATERIAL:0.4497884544629204
CE_KINGSAFETY:0.5290205097698567
C_PIECESQUARETABLES:0.5191534015197863
C_MOBILITY:0.5481431865594603
C_KINGSAFETY:0.5862439227400411
C_PAWNSTRUCTURE:0.47502372489547384
C_PIECECOORDINATION:0.593033226445539
C_ROOKANDPAWNMOVEMENT:0.593033226445539
C_CENTERCONTROL:0.5025666379382145
C_DEVELOPPIECES:0.5256036051490802
C_MATERIAL:0.5186986102461335
