ELO:735
CE_PASSEDPAWNS:0.4989931586456129
CE_PAWNWEAKNESSES:0.48995505396839745
CE_PIECEACTIVITY:0.47350038411232803
CE_KINGPAWNSHIELD:0.49092740164488824
CE_PIECECOORDINATION:0.40736655113063247
CE_MATERIAL:0.5439060154661527
CE_KINGSAFETY:0.48187732193521515
C_PIECESQUARETABLES:0.47355935918703684
C_MOBILITY:0.5861974874514938
C_KINGSAFETY:0.43079552068024546
C_PAWNSTRUCTURE:0.4971099445824653
C_PIECECOORDINATION:0.4801846641140127
C_ROOKANDPAWNMOVEMENT:0.4801846641140127
C_CENTERCONTROL:0.5311355464645077
C_DEVELOPPIECES:0.5416534737785162
C_MATERIAL:0.5377946285608134
C_MOVECOUNT:0.5388508931468423
