ELO:976
CE_PASSEDPAWNS:0.5059691507911935
CE_PAWNWEAKNESSES:0.512488220265014
CE_PIECEACTIVITY:0.44420439024340225
CE_KINGPAWNSHIELD:0.5049220116144213
CE_PIECECOORDINATION:0.4772429587720502
CE_MATERIAL:0.5199961619269884
CE_KINGSAFETY:0.5
C_PIECESQUARETABLES:0.5
C_MOBILITY:0.5167129057938111
C_KINGSAFETY:0.5119211612904118
C_PAWNSTRUCTURE:0.49700647051795827
C_PIECECOORDINATION:0.48838891113959976
C_ROOK:0.492635598725846
CE_ROOK:0.48708280451823527
C_CENTERCONTROL:0.5075897685907141
C_DEVELOPPIECES:0.5138673857163505
C_MATERIAL:0.4904011313114115
C_MOVECOUNT:0.4701424272257681
C_PAWNMOVEMENT:0.5116410915710082
