ELO:978
CE_PASSEDPAWNS:0.5085388710373909
CE_PAWNWEAKNESSES:0.5159176099552466
CE_PIECEACTIVITY:0.4953321891046122
CE_KINGPAWNSHIELD:0.4953906738998816
CE_PIECECOORDINATION:0.4732805708242982
CE_MATERIAL:0.49420466828381054
CE_KINGSAFETY:0.4888654621268398
C_PIECESQUARETABLES:0.49763695627016985
C_MOBILITY:0.5171190070964631
C_KINGSAFETY:0.5100851305120107
C_PAWNSTRUCTURE:0.5072694709424206
C_PIECECOORDINATION:0.530619435797193
C_ROOK:0.4731947830973046
CE_ROOK:0.5137399665253046
C_CENTERCONTROL:0.4947662669804815
C_DEVELOPPIECES:0.5246836280334674
C_MATERIAL:0.5147058409531908
C_MOVECOUNT:0.481669283874026
C_PAWNMOVEMENT:0.5020774150940838
