ELO:923
CE_PASSEDPAWNS:0.48614360078619817
CE_PAWNWEAKNESSES:0.48410803768678
CE_PIECEACTIVITY:0.48785242561333125
CE_KINGPAWNSHIELD:0.5121818090188517
CE_PIECECOORDINATION:0.505267227957166
CE_MATERIAL:0.47885888730413945
CE_KINGSAFETY:0.49466575229725795
C_PIECESQUARETABLES:0.5
C_MOBILITY:0.49626246057390405
C_KINGSAFETY:0.5187795473954027
C_PAWNSTRUCTURE:0.45216810748344577
C_PIECECOORDINATION:0.49148032670912534
C_ROOKANDPAWNMOVEMENT:0.49148032670912534
C_CENTERCONTROL:0.4904907883600824
C_DEVELOPPIECES:0.5081459404670288
C_MATERIAL:0.5082749391492725
C_MOVECOUNT:0.4982929909061033
