ELO:982
CE_PASSEDPAWNS:0.4858803347377732
CE_PAWNWEAKNESSES:0.49844580991211507
CE_PIECEACTIVITY:0.5
CE_KINGPAWNSHIELD:0.50008328669071
CE_PIECECOORDINATION:0.49540519075499356
CE_MATERIAL:0.5007108232927154
CE_KINGSAFETY:0.49001761380556325
C_PIECESQUARETABLES:0.4867005217099739
C_MOBILITY:0.5
C_KINGSAFETY:0.49899921340518505
C_PAWNSTRUCTURE:0.5002324115827795
C_PIECECOORDINATION:0.4883626596806095
C_ROOKANDPAWNMOVEMENT:0.4883626596806095
C_CENTERCONTROL:0.5053167280699049
C_DEVELOPPIECES:0.4887912660938602
C_MATERIAL:0.49253254179386324
C_MOVECOUNT:0.5
