ELO:1000
CE_PASSEDPAWNS:0.4950785482251058
CE_PAWNWEAKNESSES:0.5660247223429221
CE_PIECEACTIVITY:0.4915863171687681
CE_KINGPAWNSHIELD:0.4875440273788135
CE_PIECECOORDINATION:0.46756014517255073
CE_MATERIAL:0.4693084680920219
CE_KINGSAFETY:0.5171329664769349
C_PIECESQUARETABLES:0.5259468973124258
C_MOBILITY:0.49856965037334666
C_KINGSAFETY:0.5186181784779702
C_PAWNSTRUCTURE:0.5275516028970364
C_PIECECOORDINATION:0.5313619093816068
C_ROOKANDPAWNMOVEMENT:0.5313619093816068
C_CENTERCONTROL:0.49905382715405083
C_DEVELOPPIECES:0.4960611936006545
C_MATERIAL:0.4724621848107259
