ELO:999
CE_PASSEDPAWNS:0.48694094168336394
CE_PAWNWEAKNESSES:0.5587540686562761
CE_PIECEACTIVITY:0.4535870784527144
CE_KINGPAWNSHIELD:0.5060126747841511
CE_PIECECOORDINATION:0.49599009858305765
CE_MATERIAL:0.5179587795635423
CE_KINGSAFETY:0.5365157777556977
C_PIECESQUARETABLES:0.4413993405987238
C_MOBILITY:0.49650909144748456
C_KINGSAFETY:0.5427473969382662
C_PAWNSTRUCTURE:0.5485689659460998
C_PIECECOORDINATION:0.47551641676162604
C_ROOKANDPAWNMOVEMENT:0.47551641676162604
C_CENTERCONTROL:0.5211164428388165
C_DEVELOPPIECES:0.47716834782289247
C_MATERIAL:0.4961515820473698
