ELO:1003
CE_PASSEDPAWNS:0.48827951096134675
CE_PAWNWEAKNESSES:0.4978718655030933
CE_PIECEACTIVITY:0.5111785113756896
CE_KINGPAWNSHIELD:0.48126950710286404
CE_PIECECOORDINATION:0.47957300774712985
CE_MATERIAL:0.5064215711156644
CE_KINGSAFETY:0.4888484745142682
C_PIECESQUARETABLES:0.5045184128464172
C_MOBILITY:0.5060441189010855
C_KINGSAFETY:0.5063747160591283
C_PAWNSTRUCTURE:0.4854765850285544
C_PIECECOORDINATION:0.4952367683742514
C_ROOK:0.4941158158059438
CE_ROOK:0.4816362146094172
C_CENTERCONTROL:0.505938525596969
C_DEVELOPPIECES:0.516847938314593
C_MATERIAL:0.5047193110239189
C_MOVECOUNT:0.5076401171147716
C_PAWNMOVEMENT:0.5078414460722723
