ELO:778
CE_PASSEDPAWNS:0.5580392405789063
CE_PAWNWEAKNESSES:0.5201290673357092
CE_PIECEACTIVITY:0.48801975368349265
CE_KINGPAWNSHIELD:0.5271643280008415
CE_PIECECOORDINATION:0.4718834122561705
CE_MATERIAL:0.462233685014762
CE_KINGSAFETY:0.4797419398297312
C_PIECESQUARETABLES:0.5403042248313144
C_MOBILITY:0.5675716610225139
C_KINGSAFETY:0.4441785409177879
C_PAWNSTRUCTURE:0.48773740372552976
C_PIECECOORDINATION:0.527621141292071
C_ROOKANDPAWNMOVEMENT:0.527621141292071
C_CENTERCONTROL:0.47103208914594213
C_DEVELOPPIECES:0.48520759628987203
C_MATERIAL:0.5195914251799559
C_MOVECOUNT:0.5073849959928849
