ELO:900
CE_PASSEDPAWNS:0.5440172014001886
CE_PAWNWEAKNESSES:0.5296944385553216
CE_PIECEACTIVITY:0.49514438777716235
CE_KINGPAWNSHIELD:0.5365956436759655
CE_PIECECOORDINATION:0.4610480282630367
CE_MATERIAL:0.4849672515327673
CE_KINGSAFETY:0.5182792127974369
C_PIECESQUARETABLES:0.5498230756028738
C_MOBILITY:0.5591049517828207
C_KINGSAFETY:0.4464553068940322
C_PAWNSTRUCTURE:0.4824743880283318
C_PIECECOORDINATION:0.5409323840030867
C_ROOKANDPAWNMOVEMENT:0.5409323840030867
C_CENTERCONTROL:0.4614217496499031
C_DEVELOPPIECES:0.49128072614035845
C_MATERIAL:0.48827319474853587
C_MOVECOUNT:0.5268627023324123
