ELO:1000
CE_PASSEDPAWNS:0.5038297512460317
CE_PAWNWEAKNESSES:0.5103381832304116
CE_PIECEACTIVITY:0.5062750386320941
CE_KINGPAWNSHIELD:0.4858242286299475
CE_PIECECOORDINATION:0.505483157087222
CE_MATERIAL:0.47403175421502414
CE_KINGSAFETY:0.5130436713534201
C_PIECESQUARETABLES:0.5086681185322225
C_MOBILITY:0.4954412610830439
C_KINGSAFETY:0.5286427434509595
C_PAWNSTRUCTURE:0.5231928748441205
C_PIECECOORDINATION:0.5032188573022196
C_ROOKANDPAWNMOVEMENT:0.5032188573022196
C_CENTERCONTROL:0.5401449914971775
C_DEVELOPPIECES:0.4779843478522839
C_MATERIAL:0.5099139590599291
