ELO:961
CE_PASSEDPAWNS:0.48442669320811704
CE_PAWNWEAKNESSES:0.5152703723455611
CE_PIECEACTIVITY:0.45315601136933875
CE_KINGPAWNSHIELD:0.5095745615331567
CE_PIECECOORDINATION:0.45934136121757385
CE_MATERIAL:0.4379241226566339
CE_KINGSAFETY:0.49732144634708514
C_PIECESQUARETABLES:0.5027829440246333
C_MOBILITY:0.5158257725515973
C_KINGSAFETY:0.4119712719757828
C_PAWNSTRUCTURE:0.48380707988375354
C_PIECECOORDINATION:0.4356975894168154
C_ROOKANDPAWNMOVEMENT:0.4356975894168154
C_CENTERCONTROL:0.4627149569846827
C_DEVELOPPIECES:0.5195104568709912
C_MATERIAL:0.47244265232002713
