ELO:1006
CE_PASSEDPAWNS:0.5775300413340849
CE_PAWNWEAKNESSES:0.5720065271278447
CE_PIECEACTIVITY:0.45316778908023864
CE_KINGPAWNSHIELD:0.5390317265482717
CE_PIECECOORDINATION:0.4904020587780074
CE_MATERIAL:0.5505345673539704
CE_KINGSAFETY:0.5107775508281073
C_PIECESQUARETABLES:0.45379047997924854
C_MOBILITY:0.5451340070652663
C_KINGSAFETY:0.5675439732171228
C_PAWNSTRUCTURE:0.4960146572268121
C_PIECECOORDINATION:0.5322911630762617
C_ROOKANDPAWNMOVEMENT:0.5322911630762617
C_CENTERCONTROL:0.4602466511790295
C_DEVELOPPIECES:0.4556194400960017
C_MATERIAL:0.5176312314574083
