ELO:1010
CE_PASSEDPAWNS:0.5181049509805356
CE_PAWNWEAKNESSES:0.5068634160143372
CE_PIECEACTIVITY:0.4953321891046122
CE_KINGPAWNSHIELD:0.46870887942328004
CE_PIECECOORDINATION:0.47957300774712985
CE_MATERIAL:0.49542991244211165
CE_KINGSAFETY:0.5
C_PIECESQUARETABLES:0.5
C_MOBILITY:0.5171190070964631
C_KINGSAFETY:0.5040922797908604
C_PAWNSTRUCTURE:0.5139555243370186
C_PIECECOORDINATION:0.5361659486283863
C_ROOK:0.5020934542544968
CE_ROOK:0.5029639396537817
C_CENTERCONTROL:0.5437641037910202
C_DEVELOPPIECES:0.4791488199427637
C_MATERIAL:0.5128014050847955
C_MOVECOUNT:0.5076401171147716
C_PAWNMOVEMENT:0.5012537537586158
