ELO:1053
CE_PASSEDPAWNS:0.5951604788490457
CE_PAWNWEAKNESSES:0.48704963730847406
CE_PIECEACTIVITY:0.5118968707849806
CE_KINGPAWNSHIELD:0.48170412817138275
CE_PIECECOORDINATION:0.513021296670975
CE_MATERIAL:0.4626224229734756
CE_KINGSAFETY:0.5112239879729359
C_PIECESQUARETABLES:0.5022563429266973
C_MOBILITY:0.4380819630520691
C_KINGSAFETY:0.4846098280513317
C_PAWNSTRUCTURE:0.40968739514190816
C_PIECECOORDINATION:0.4678503605648746
C_ROOKANDPAWNMOVEMENT:0.4678503605648746
C_CENTERCONTROL:0.5202335151991904
C_DEVELOPPIECES:0.5799041661142668
C_MATERIAL:0.3946190633126842
