ELO:1007
CE_PASSEDPAWNS:0.5068488463940367
CE_PAWNWEAKNESSES:0.5
CE_PIECEACTIVITY:0.5
CE_KINGPAWNSHIELD:0.5
CE_PIECECOORDINATION:0.4985002296313652
CE_MATERIAL:0.5
CE_KINGSAFETY:0.5
C_PIECESQUARETABLES:0.492004202690406
C_MOBILITY:0.5
C_KINGSAFETY:0.5116350539817945
C_PAWNSTRUCTURE:0.5
C_PIECECOORDINATION:0.5
C_ROOKANDPAWNMOVEMENT:0.5
C_CENTERCONTROL:0.5157155109505123
C_DEVELOPPIECES:0.49511542217981697
C_MATERIAL:0.5
C_MOVECOUNT:0.5
