ELO:988
CE_PASSEDPAWNS:0.5102138582923686
CE_PAWNWEAKNESSES:0.475843219734477
CE_PIECEACTIVITY:0.5581693132593651
CE_KINGPAWNSHIELD:0.4502453231894733
CE_PIECECOORDINATION:0.4947746225382965
CE_MATERIAL:0.497940618529774
CE_KINGSAFETY:0.47196352449037376
C_PIECESQUARETABLES:0.5058770704440151
C_MOBILITY:0.5
C_KINGSAFETY:0.5295698394720856
C_PAWNSTRUCTURE:0.5012212389631814
C_PIECECOORDINATION:0.4978046757467898
C_ROOKANDPAWNMOVEMENT:0.4978046757467898
C_CENTERCONTROL:0.5069888776236371
C_DEVELOPPIECES:0.5097176826406129
C_MATERIAL:0.5018383165613604
C_MOVECOUNT:0.5
