ELO:928
CE_PASSEDPAWNS:0.49212805208927096
CE_PAWNWEAKNESSES:0.40806780334463744
CE_PIECEACTIVITY:0.4803360099944343
CE_KINGPAWNSHIELD:0.4587806038889082
CE_PIECECOORDINATION:0.44284994017477075
CE_MATERIAL:0.5861074991295898
CE_KINGSAFETY:0.5
C_PIECESQUARETABLES:0.5
C_MOBILITY:0.43956995469148336
C_KINGSAFETY:0.48996784348874783
C_PAWNSTRUCTURE:0.49328935077305763
C_PIECECOORDINATION:0.48349013939886876
C_ROOKANDPAWNMOVEMENT:0.48349013939886876
C_CENTERCONTROL:0.4720098087929038
C_DEVELOPPIECES:0.5448721917087056
C_MATERIAL:0.36968952423992796
