ELO:1000
CE_PASSEDPAWNS:0.5110188673446311
CE_PAWNWEAKNESSES:0.5
CE_PIECEACTIVITY:0.5
CE_KINGPAWNSHIELD:0.511194120852225
CE_PIECECOORDINATION:0.5
CE_MATERIAL:0.47938653974507023
CE_KINGSAFETY:0.5
C_PIECESQUARETABLES:0.5
C_MOBILITY:0.4962679736664027
C_KINGSAFETY:0.5
C_PAWNSTRUCTURE:0.5027976230357311
C_PIECECOORDINATION:0.5
C_ROOKANDPAWNMOVEMENT:0.5
C_CENTERCONTROL:0.5034717031479957
C_DEVELOPPIECES:0.5
C_MATERIAL:0.5
C_MOVECOUNT:0.5
