ELO:988
CE_PASSEDPAWNS:0.4997704390275411
CE_PAWNWEAKNESSES:0.5128889835512717
CE_PIECEACTIVITY:0.5094086728409545
CE_KINGPAWNSHIELD:0.4076561608377238
CE_PIECECOORDINATION:0.4468210325599575
CE_MATERIAL:0.5561775794490093
CE_KINGSAFETY:0.49541221057183527
C_PIECESQUARETABLES:0.5
C_MOBILITY:0.4998423072526328
C_KINGSAFETY:0.5018409209626307
C_PAWNSTRUCTURE:0.4982657760431171
C_PIECECOORDINATION:0.543582221266874
C_ROOKANDPAWNMOVEMENT:0.543582221266874
C_CENTERCONTROL:0.3864983820149817
C_DEVELOPPIECES:0.5067495606305472
C_MATERIAL:0.5897455457268254
