ELO:988
CE_PASSEDPAWNS:0.5045044879829276
CE_PAWNWEAKNESSES:0.5128889835512717
CE_PIECEACTIVITY:0.512560347893583
CE_KINGPAWNSHIELD:0.4076561608377238
CE_PIECECOORDINATION:0.4450146705236607
CE_MATERIAL:0.5684050916114476
CE_KINGSAFETY:0.49505742641653555
C_PIECESQUARETABLES:0.5
C_MOBILITY:0.5058864839494612
C_KINGSAFETY:0.5041376226867568
C_PAWNSTRUCTURE:0.508010629296095
C_PIECECOORDINATION:0.543582221266874
C_ROOKANDPAWNMOVEMENT:0.543582221266874
C_CENTERCONTROL:0.3976101602692124
C_DEVELOPPIECES:0.5067495606305472
C_MATERIAL:0.5859692747107864
