ELO:1000
CE_PASSEDPAWNS:0.48215364946273465
CE_PAWNWEAKNESSES:0.5256844928701496
CE_PIECEACTIVITY:0.5143468751758002
CE_KINGPAWNSHIELD:0.5515972900412686
CE_PIECECOORDINATION:0.46950632193999203
CE_MATERIAL:0.49273409858979156
CE_KINGSAFETY:0.5435906620448474
C_PIECESQUARETABLES:0.5313399927319904
C_MOBILITY:0.4517188163724032
C_KINGSAFETY:0.5050612349084905
C_PAWNSTRUCTURE:0.5161778381318953
C_PIECECOORDINATION:0.5094987186475192
C_ROOKANDPAWNMOVEMENT:0.5094987186475192
C_CENTERCONTROL:0.5241174911540252
C_DEVELOPPIECES:0.4871884450418763
C_MATERIAL:0.47849197914488434
