ELO:953
CE_PASSEDPAWNS:0.5207394335802364
CE_PAWNWEAKNESSES:0.5170611693837373
CE_PIECEACTIVITY:0.5326179018170769
CE_KINGPAWNSHIELD:0.47277758471898534
CE_PIECECOORDINATION:0.48595835218808064
CE_MATERIAL:0.49508680066552097
CE_KINGSAFETY:0.49576430249407766
C_PIECESQUARETABLES:0.5059326526406028
C_MOBILITY:0.5110355310888878
C_KINGSAFETY:0.5300127599126189
C_PAWNSTRUCTURE:0.5100072180932914
C_PIECECOORDINATION:0.5063532602627415
C_ROOKANDPAWNMOVEMENT:0.5063532602627415
C_CENTERCONTROL:0.4968103092603028
C_DEVELOPPIECES:0.4853026478602761
C_MATERIAL:0.4903561398569605
C_MOVECOUNT:0.47412146766374114
