ELO:988
CE_PASSEDPAWNS:0.5085388710373909
CE_PAWNWEAKNESSES:0.5159176099552466
CE_PIECEACTIVITY:0.47846984646506724
CE_KINGPAWNSHIELD:0.4730595704316296
CE_PIECECOORDINATION:0.4772429587720502
CE_MATERIAL:0.5020277938230914
CE_KINGSAFETY:0.5051682541275327
C_PIECESQUARETABLES:0.5123854435689211
C_MOBILITY:0.5171190070964631
C_KINGSAFETY:0.5114104741527528
C_PAWNSTRUCTURE:0.5058057671892814
C_PIECECOORDINATION:0.5298327034147141
C_ROOK:0.4731947830973046
CE_ROOK:0.5220530195596842
C_CENTERCONTROL:0.48968111904928385
C_DEVELOPPIECES:0.5165403095298022
C_MATERIAL:0.5143639732179549
C_MOVECOUNT:0.481669283874026
C_PAWNMOVEMENT:0.5035666567420067
