ELO:909
CE_PASSEDPAWNS:0.4936579911430486
CE_PAWNWEAKNESSES:0.48410803768678
CE_PIECEACTIVITY:0.48785242561333125
CE_KINGPAWNSHIELD:0.5243836736335458
CE_PIECECOORDINATION:0.505267227957166
CE_MATERIAL:0.47885888730413945
CE_KINGSAFETY:0.48465618895360413
C_PIECESQUARETABLES:0.4938766563919429
C_MOBILITY:0.5081586178262631
C_KINGSAFETY:0.5167380611236322
C_PAWNSTRUCTURE:0.45216810748344577
C_PIECECOORDINATION:0.5015300538247406
C_ROOKANDPAWNMOVEMENT:0.5015300538247406
C_CENTERCONTROL:0.4904907883600824
C_DEVELOPPIECES:0.5081459404670288
C_MATERIAL:0.5082749391492725
C_MOVECOUNT:0.4982929909061033
