ELO:959
CE_PASSEDPAWNS:0.4973162814980031
CE_PAWNWEAKNESSES:0.512488220265014
CE_PIECEACTIVITY:0.4344552801068121
CE_KINGPAWNSHIELD:0.5059886535454021
CE_PIECECOORDINATION:0.46709289417773986
CE_MATERIAL:0.5340890771786413
CE_KINGSAFETY:0.5016120207129638
C_PIECESQUARETABLES:0.4935636262892568
C_MOBILITY:0.5167129057938111
C_KINGSAFETY:0.5460681767547226
C_PAWNSTRUCTURE:0.46531981567096636
C_PIECECOORDINATION:0.4949548908724595
C_ROOK:0.4908031960877594
CE_ROOK:0.4508395885563817
C_CENTERCONTROL:0.5037410892092116
C_DEVELOPPIECES:0.5066458061338428
C_MATERIAL:0.4999934032294746
C_MOVECOUNT:0.5011881694464502
C_PAWNMOVEMENT:0.4892440683742451
