ELO:985
CE_PASSEDPAWNS:0.5049724246879468
CE_PAWNWEAKNESSES:0.5159176099552466
CE_PIECEACTIVITY:0.4614625447220754
CE_KINGPAWNSHIELD:0.46517553191127003
CE_PIECECOORDINATION:0.4772429587720502
CE_MATERIAL:0.5079190295480431
CE_KINGSAFETY:0.5
C_PIECESQUARETABLES:0.5
C_MOBILITY:0.5140488103553423
C_KINGSAFETY:0.5068037590058204
C_PAWNSTRUCTURE:0.5050995289795378
C_PIECECOORDINATION:0.5320194783397235
C_ROOK:0.4731947830973046
CE_ROOK:0.5165996688017884
C_CENTERCONTROL:0.486169881937182
C_DEVELOPPIECES:0.5091572316119943
C_MATERIAL:0.5255777102439088
C_MOVECOUNT:0.46601052142721017
C_PAWNMOVEMENT:0.5035666567420067
