ELO:1000
CE_PASSEDPAWNS:0.4779084676493403
CE_PAWNWEAKNESSES:0.5132459054741894
CE_PIECEACTIVITY:0.4664646478256574
CE_KINGPAWNSHIELD:0.5101791868497899
CE_PIECECOORDINATION:0.5079236105948478
CE_MATERIAL:0.46645496711818013
CE_KINGSAFETY:0.496741321087005
C_PIECESQUARETABLES:0.510224111613584
C_MOBILITY:0.5110311442618329
C_KINGSAFETY:0.5788931084777766
C_PAWNSTRUCTURE:0.5206705639449586
C_PIECECOORDINATION:0.4630454575378896
C_ROOKANDPAWNMOVEMENT:0.4630454575378896
C_CENTERCONTROL:0.5152631648016717
C_DEVELOPPIECES:0.4737928327435182
C_MATERIAL:0.5064058324925714
