ELO:977
CE_PASSEDPAWNS:0.4920454264462412
CE_PAWNWEAKNESSES:0.49375140209013596
CE_PIECEACTIVITY:0.43613081230080813
CE_KINGPAWNSHIELD:0.530501375051067
CE_PIECECOORDINATION:0.5221738236351976
CE_MATERIAL:0.49510630633643177
CE_KINGSAFETY:0.5005834048873035
C_PIECESQUARETABLES:0.5
C_MOBILITY:0.5144520469473899
C_KINGSAFETY:0.5393137080023415
C_PAWNSTRUCTURE:0.5126996148334191
C_PIECECOORDINATION:0.4901418829301991
C_ROOKANDPAWNMOVEMENT:0.4901418829301991
C_CENTERCONTROL:0.561566158391353
C_DEVELOPPIECES:0.5005093716436207
C_MATERIAL:0.49495634321523574
C_MOVECOUNT:0.49830016218981577
