ELO:1000
CE_PASSEDPAWNS:0.5
CE_PAWNWEAKNESSES:0.5
CE_PIECEACTIVITY:0.49975439800307725
CE_KINGPAWNSHIELD:0.4869122946045645
CE_PIECECOORDINATION:0.5120737782391502
CE_MATERIAL:0.5092538155282216
CE_KINGSAFETY:0.49277801542862004
C_PIECESQUARETABLES:0.5057536584083618
C_MOBILITY:0.5
C_KINGSAFETY:0.5074047311227246
C_PAWNSTRUCTURE:0.5
C_PIECECOORDINATION:0.5123383851455207
C_ROOKANDPAWNMOVEMENT:0.5123383851455207
C_CENTERCONTROL:0.4987012650699912
C_DEVELOPPIECES:0.4904087045053097
C_MATERIAL:0.5
