ELO:947
CE_PASSEDPAWNS:0.48566757671743555
CE_PAWNWEAKNESSES:0.4725890084585317
CE_PIECEACTIVITY:0.49821488220131915
CE_KINGPAWNSHIELD:0.5070589513632653
CE_PIECECOORDINATION:0.47701208073639856
CE_MATERIAL:0.5169170536276704
CE_KINGSAFETY:0.47590356668073525
C_PIECESQUARETABLES:0.5048241697514824
C_MOBILITY:0.49407329403316913
C_KINGSAFETY:0.48671511787963045
C_PAWNSTRUCTURE:0.4837795739750261
C_PIECECOORDINATION:0.4948302055979036
C_ROOKANDPAWNMOVEMENT:0.4948302055979036
C_CENTERCONTROL:0.48042934054637604
C_DEVELOPPIECES:0.47285419632592973
C_MATERIAL:0.5187391717872462
