ELO:817
CE_PASSEDPAWNS:0.48676902409237266
CE_PAWNWEAKNESSES:0.5149887343837359
CE_PIECEACTIVITY:0.46346076906170597
CE_KINGPAWNSHIELD:0.45444456415998885
CE_PIECECOORDINATION:0.5104470821425577
CE_MATERIAL:0.5902127479453676
CE_KINGSAFETY:0.5097408739218618
C_PIECESQUARETABLES:0.46635502707855436
C_MOBILITY:0.535234966744076
C_KINGSAFETY:0.4567505005636936
C_PAWNSTRUCTURE:0.5530416711765163
C_PIECECOORDINATION:0.49938645387830155
C_ROOKANDPAWNMOVEMENT:0.49938645387830155
C_CENTERCONTROL:0.5201559025643895
C_DEVELOPPIECES:0.49779569832549
C_MATERIAL:0.5454272586460168
C_MOVECOUNT:0.5
