ELO:973
CE_PASSEDPAWNS:0.5409864568269042
CE_PAWNWEAKNESSES:0.5881971765844979
CE_PIECEACTIVITY:0.5845674120717955
CE_KINGPAWNSHIELD:0.5840455563088247
CE_PIECECOORDINATION:0.4449785723612569
CE_MATERIAL:0.4712146355632895
CE_KINGSAFETY:0.5152520864665486
C_PIECESQUARETABLES:0.46674413680331656
C_MOBILITY:0.5300828889667304
C_KINGSAFETY:0.5853093358021799
C_PAWNSTRUCTURE:0.5016386028141021
C_PIECECOORDINATION:0.610350353669301
C_ROOKANDPAWNMOVEMENT:0.610350353669301
C_CENTERCONTROL:0.5375991500795463
C_DEVELOPPIECES:0.5061069489591279
C_MATERIAL:0.5463823654382289
