ELO:839
CE_PASSEDPAWNS:0.5592142926886294
CE_PAWNWEAKNESSES:0.5081868984862057
CE_PIECEACTIVITY:0.5036698495075161
CE_KINGPAWNSHIELD:0.4419575807189665
CE_PIECECOORDINATION:0.5996197102837392
CE_MATERIAL:0.48487223386933187
CE_KINGSAFETY:0.5044188012450147
C_PIECESQUARETABLES:0.5413267325771954
C_MOBILITY:0.4675866830564424
C_KINGSAFETY:0.523475710225199
C_PAWNSTRUCTURE:0.5251750149833434
C_PIECECOORDINATION:0.5355072147594031
C_ROOKANDPAWNMOVEMENT:0.5355072147594031
C_CENTERCONTROL:0.46472391597580165
C_DEVELOPPIECES:0.49941712820656886
C_MATERIAL:0.5066769203331822
C_MOVECOUNT:0.5055669287116494
