ELO:986
CE_PASSEDPAWNS:0.5051601473608615
CE_PAWNWEAKNESSES:0.4916030846188904
CE_PIECEACTIVITY:0.5083147034646447
CE_KINGPAWNSHIELD:0.488816159366259
CE_PIECECOORDINATION:0.5011261982358929
CE_MATERIAL:0.4889513523147859
CE_KINGSAFETY:0.5
C_PIECESQUARETABLES:0.505071423936729
C_MOBILITY:0.49670146543739463
C_KINGSAFETY:0.492907132996439
C_PAWNSTRUCTURE:0.49721861458800837
C_PIECECOORDINATION:0.5
C_ROOKANDPAWNMOVEMENT:0.5
C_CENTERCONTROL:0.5011240693153289
C_DEVELOPPIECES:0.4947324632067304
C_MATERIAL:0.5002273471156207
