ELO:999
CE_PASSEDPAWNS:0.5
CE_PAWNWEAKNESSES:0.5
CE_PIECEACTIVITY:0.5
CE_KINGPAWNSHIELD:0.5
CE_PIECECOORDINATION:0.49618041353538245
CE_MATERIAL:0.5
CE_KINGSAFETY:0.4927156886159692
C_PIECESQUARETABLES:0.5
C_MOBILITY:0.5
C_KINGSAFETY:0.5
C_PAWNSTRUCTURE:0.4940490334890539
C_PIECECOORDINATION:0.5104019544487555
C_ROOKANDPAWNMOVEMENT:0.5104019544487555
C_CENTERCONTROL:0.4947125201838763
C_DEVELOPPIECES:0.5056290485577268
C_MATERIAL:0.5
C_MOVECOUNT:0.5
