ELO:1000
CE_PASSEDPAWNS:0.474232091861227
CE_PAWNWEAKNESSES:0.49337630026835905
CE_PIECEACTIVITY:0.5239273553089236
CE_KINGPAWNSHIELD:0.4855884948366287
CE_PIECECOORDINATION:0.5066600082013119
CE_MATERIAL:0.5060624520486922
CE_KINGSAFETY:0.5221155416036927
C_PIECESQUARETABLES:0.49136117396352486
C_MOBILITY:0.48851177240610305
C_KINGSAFETY:0.5399049880881003
C_PAWNSTRUCTURE:0.5006988122467
C_PIECECOORDINATION:0.5353197751242709
C_ROOKANDPAWNMOVEMENT:0.5353197751242709
C_CENTERCONTROL:0.5325445458057115
C_DEVELOPPIECES:0.4564785609837652
C_MATERIAL:0.4856447835881322
