ELO:1034
CE_PASSEDPAWNS:0.5143391070167428
CE_PAWNWEAKNESSES:0.5179255411629059
CE_PIECEACTIVITY:0.5352512683266858
CE_KINGPAWNSHIELD:0.5
CE_PIECECOORDINATION:0.5348150918791749
CE_MATERIAL:0.49325287345724267
CE_KINGSAFETY:0.5
C_PIECESQUARETABLES:0.5142716633479271
C_MOBILITY:0.4886089924435106
C_KINGSAFETY:0.49148091137625494
C_PAWNSTRUCTURE:0.49821317396912257
C_PIECECOORDINATION:0.5092211678005004
C_ROOKANDPAWNMOVEMENT:0.5092211678005004
C_CENTERCONTROL:0.4599617598135209
C_DEVELOPPIECES:0.4994996495580474
C_MATERIAL:0.5046670993782884
C_MOVECOUNT:0.5
