ELO:968
CE_PASSEDPAWNS:0.49733266419865435
CE_PAWNWEAKNESSES:0.49993290190794915
CE_PIECEACTIVITY:0.48766092196176625
CE_KINGPAWNSHIELD:0.5352483447473743
CE_PIECECOORDINATION:0.5079332018801966
CE_MATERIAL:0.5160187139370138
CE_KINGSAFETY:0.511009637806622
C_PIECESQUARETABLES:0.5
C_MOBILITY:0.48538421340052057
C_KINGSAFETY:0.4545817602277306
C_PAWNSTRUCTURE:0.5117179976806945
C_PIECECOORDINATION:0.49909753347426156
C_ROOK:0.4980472058413355
CE_ROOK:0.49529403905647923
C_CENTERCONTROL:0.5022621943534127
C_DEVELOPPIECES:0.483234804206925
C_MATERIAL:0.49815816087048687
C_MOVECOUNT:0.5106935735359076
C_PAWNMOVEMENT:0.5247203467587119
