ELO:967
CE_PASSEDPAWNS:0.5127394619491017
CE_PAWNWEAKNESSES:0.4953691360167213
CE_PIECEACTIVITY:0.49853738797328256
CE_KINGPAWNSHIELD:0.49989819226306903
CE_PIECECOORDINATION:0.5138678415720301
CE_MATERIAL:0.480500657735326
CE_KINGSAFETY:0.5025912256036622
C_PIECESQUARETABLES:0.5081649725219737
C_MOBILITY:0.5025883490325816
C_KINGSAFETY:0.5012498697265761
C_PAWNSTRUCTURE:0.5015062646288444
C_PIECECOORDINATION:0.5023181869044465
C_ROOKANDPAWNMOVEMENT:0.5023181869044465
C_CENTERCONTROL:0.4851674120762928
C_DEVELOPPIECES:0.5000065401987089
C_MATERIAL:0.5060955427701052
C_MOVECOUNT:0.5
