ELO:962
CE_PASSEDPAWNS:0.5283069511756345
CE_PAWNWEAKNESSES:0.5151012377585692
CE_PIECEACTIVITY:0.4749233687072344
CE_KINGPAWNSHIELD:0.5522201721628403
CE_PIECECOORDINATION:0.4931909862019351
CE_MATERIAL:0.47700542517821787
CE_KINGSAFETY:0.5
C_PIECESQUARETABLES:0.5
C_MOBILITY:0.4854412554028994
C_KINGSAFETY:0.44473991043767275
C_PAWNSTRUCTURE:0.5295790436616495
C_PIECECOORDINATION:0.4911581379921511
C_ROOK:0.501178822694594
CE_ROOK:0.4816195098143353
C_CENTERCONTROL:0.4932163898688585
C_DEVELOPPIECES:0.47895297736260156
C_MATERIAL:0.515293682965841
C_MOVECOUNT:0.5327723074990687
C_PAWNMOVEMENT:0.5224525633842725
