ELO:1000
CE_PASSEDPAWNS:0.4861694819045294
CE_PAWNWEAKNESSES:0.5317224984793227
CE_PIECEACTIVITY:0.5593048610090017
CE_KINGPAWNSHIELD:0.5163990234887829
CE_PIECECOORDINATION:0.4782768594836595
CE_MATERIAL:0.5107797610298713
CE_KINGSAFETY:0.5091556512264374
C_PIECESQUARETABLES:0.4950787188133234
C_MOBILITY:0.5129506969040193
C_KINGSAFETY:0.46660744599270054
C_PAWNSTRUCTURE:0.503972358294012
C_PIECECOORDINATION:0.5154258213403988
C_ROOKANDPAWNMOVEMENT:0.5154258213403988
C_CENTERCONTROL:0.48831948337929654
C_DEVELOPPIECES:0.5093088923221035
C_MATERIAL:0.49860033888192506
