ELO:1000
CE_PASSEDPAWNS:0.4706956376785445
CE_PAWNWEAKNESSES:0.5515502551252969
CE_PIECEACTIVITY:0.538327133078459
CE_KINGPAWNSHIELD:0.5131145681575177
CE_PIECECOORDINATION:0.47641345010357067
CE_MATERIAL:0.5385462244370208
CE_KINGSAFETY:0.5341233338655397
C_PIECESQUARETABLES:0.49796286200621664
C_MOBILITY:0.5126004710658214
C_KINGSAFETY:0.4495604494914851
C_PAWNSTRUCTURE:0.5023916526570691
C_PIECECOORDINATION:0.505418564067534
C_ROOKANDPAWNMOVEMENT:0.505418564067534
C_CENTERCONTROL:0.5018473245746798
C_DEVELOPPIECES:0.5417964837283847
C_MATERIAL:0.4964655825106028
