ELO:842
CE_PASSEDPAWNS:0.41442846385908283
CE_PAWNWEAKNESSES:0.5227765308677084
CE_PIECEACTIVITY:0.423718700286332
CE_KINGPAWNSHIELD:0.4605946588667463
CE_PIECECOORDINATION:0.4254443719259387
CE_MATERIAL:0.4241299954751384
CE_KINGSAFETY:0.4946800010290262
C_PIECESQUARETABLES:0.5053707278032183
C_MOBILITY:0.40346255946021403
C_KINGSAFETY:0.5021853817407592
C_PAWNSTRUCTURE:0.4962204609132694
C_PIECECOORDINATION:0.4339086276960801
C_ROOKANDPAWNMOVEMENT:0.4339086276960801
C_CENTERCONTROL:0.44760712733904096
C_DEVELOPPIECES:0.5158292512059869
C_MATERIAL:0.5576033819195328
