ELO:943
CE_PASSEDPAWNS:0.5337437419433
CE_PAWNWEAKNESSES:0.5102523144618547
CE_PIECEACTIVITY:0.5116710684616461
CE_KINGPAWNSHIELD:0.47347020196137335
CE_PIECECOORDINATION:0.5211295927786304
CE_MATERIAL:0.4985956875908235
CE_KINGSAFETY:0.5118849599214758
C_PIECESQUARETABLES:0.5
C_MOBILITY:0.5071896793215103
C_KINGSAFETY:0.4985863289268983
C_PAWNSTRUCTURE:0.5013101010678435
C_PIECECOORDINATION:0.5170336907465088
C_ROOKANDPAWNMOVEMENT:0.5170336907465088
C_CENTERCONTROL:0.5088729608595404
C_DEVELOPPIECES:0.5338941956306491
C_MATERIAL:0.49848821823005385
C_MOVECOUNT:0.49658941985874644
