ELO:995
CE_PASSEDPAWNS:0.5062164720666026
CE_PAWNWEAKNESSES:0.49807355711618523
CE_PIECEACTIVITY:0.5032790469360636
CE_KINGPAWNSHIELD:0.5316632181253405
CE_PIECECOORDINATION:0.5083008447093306
CE_MATERIAL:0.47706805324429236
CE_KINGSAFETY:0.4864833091942133
C_PIECESQUARETABLES:0.4993655010965153
C_MOBILITY:0.4791838341332814
C_KINGSAFETY:0.513105719092605
C_PAWNSTRUCTURE:0.5080522793160404
C_PIECECOORDINATION:0.5162693209109844
C_ROOK:0.5182068757250045
CE_ROOK:0.51120333969849
C_CENTERCONTROL:0.5049088740389146
C_DEVELOPPIECES:0.5173880240596689
C_MATERIAL:0.491004999436226
C_MOVECOUNT:0.5186626237697564
C_PAWNMOVEMENT:0.5
