ELO:1007
CE_PASSEDPAWNS:0.6607077403274797
CE_PAWNWEAKNESSES:0.4657511575940089
CE_PIECEACTIVITY:0.48429291107554856
CE_KINGPAWNSHIELD:0.4862574060078531
CE_PIECECOORDINATION:0.4990159063089928
CE_MATERIAL:0.4193165614472464
CE_KINGSAFETY:0.5549237724270908
C_PIECESQUARETABLES:0.5053371503782793
C_MOBILITY:0.46147308796624664
C_KINGSAFETY:0.48970136870836367
C_PAWNSTRUCTURE:0.41805202844541844
C_PIECECOORDINATION:0.5164181727488693
C_ROOKANDPAWNMOVEMENT:0.5164181727488693
C_CENTERCONTROL:0.4832545510049818
C_DEVELOPPIECES:0.5593857389143455
C_MATERIAL:0.4431847864646888
