ELO:928
CE_PASSEDPAWNS:0.44290349474900403
CE_PAWNWEAKNESSES:0.5429879082959093
CE_PIECEACTIVITY:0.5176498845372465
CE_KINGPAWNSHIELD:0.4959989835899101
CE_PIECECOORDINATION:0.4746802081288849
CE_MATERIAL:0.5459982663967288
CE_KINGSAFETY:0.4878162200333611
C_PIECESQUARETABLES:0.5151794262671968
C_MOBILITY:0.5317803553492182
C_KINGSAFETY:0.4199351802345119
C_PAWNSTRUCTURE:0.47983594493181636
C_PIECECOORDINATION:0.5437277238597655
C_ROOKANDPAWNMOVEMENT:0.5437277238597655
C_CENTERCONTROL:0.4685656377783683
C_DEVELOPPIECES:0.6305061025330565
C_MATERIAL:0.5342469735271496
