ELO:1018
CE_PASSEDPAWNS:0.5
CE_PAWNWEAKNESSES:0.49862924336756514
CE_PIECEACTIVITY:0.5
CE_KINGPAWNSHIELD:0.5
CE_PIECECOORDINATION:0.4877830249118702
CE_MATERIAL:0.5032595807358167
CE_KINGSAFETY:0.5
C_PIECESQUARETABLES:0.5
C_MOBILITY:0.49964944660415256
C_KINGSAFETY:0.4876946368506872
C_PAWNSTRUCTURE:0.4976477250037915
C_PIECECOORDINATION:0.48698863318339763
C_ROOKANDPAWNMOVEMENT:0.48698863318339763
C_CENTERCONTROL:0.4893174344018115
C_DEVELOPPIECES:0.5030599235926011
C_MATERIAL:0.5032593366736479
C_MOVECOUNT:0.4787956126943333
