ELO:928
CE_PASSEDPAWNS:0.4644798687506527
CE_PAWNWEAKNESSES:0.5147556099691629
CE_PIECEACTIVITY:0.49597954063737293
CE_KINGPAWNSHIELD:0.48578146128881117
CE_PIECECOORDINATION:0.536086500015484
CE_MATERIAL:0.5825448049252107
CE_KINGSAFETY:0.5
C_PIECESQUARETABLES:0.5
C_MOBILITY:0.5207497383174888
C_KINGSAFETY:0.5778431164614853
C_PAWNSTRUCTURE:0.5002174569545206
C_PIECECOORDINATION:0.5560344394123696
C_ROOKANDPAWNMOVEMENT:0.5560344394123696
C_CENTERCONTROL:0.5008529584326334
C_DEVELOPPIECES:0.43435763880529293
C_MATERIAL:0.42324413638983893
