ELO:1020
CE_PASSEDPAWNS:0.48057436415314636
CE_PAWNWEAKNESSES:0.5001050866377937
CE_PIECEACTIVITY:0.4910921676680735
CE_KINGPAWNSHIELD:0.4848564568220874
CE_PIECECOORDINATION:0.5
CE_MATERIAL:0.5026454103172642
CE_KINGSAFETY:0.49912150838686103
C_PIECESQUARETABLES:0.5012286143747413
C_MOBILITY:0.5030313006416247
C_KINGSAFETY:0.5229343665284878
C_PAWNSTRUCTURE:0.4818347724832756
C_PIECECOORDINATION:0.4795837326668171
C_ROOK:0.49692744629543095
CE_ROOK:0.5113506225244857
C_CENTERCONTROL:0.5029260978617252
C_DEVELOPPIECES:0.49394016146202
C_MATERIAL:0.47212522092307785
C_MOVECOUNT:0.5367240530272347
C_PAWNMOVEMENT:0.5351950177480231
