ELO:832
CE_PASSEDPAWNS:0.4865184506250803
CE_PAWNWEAKNESSES:0.512085885397899
CE_PIECEACTIVITY:0.513056338284401
CE_KINGPAWNSHIELD:0.42732586315559307
CE_PIECECOORDINATION:0.48204598505459884
CE_MATERIAL:0.48438727908033813
CE_KINGSAFETY:0.4956691237024102
C_PIECESQUARETABLES:0.4848242273967702
C_MOBILITY:0.5344822803200743
C_KINGSAFETY:0.549260205493267
C_PAWNSTRUCTURE:0.6695532919094882
C_PIECECOORDINATION:0.4500323866638733
C_ROOKANDPAWNMOVEMENT:0.4500323866638733
C_CENTERCONTROL:0.5309878482120619
C_DEVELOPPIECES:0.5550034721768164
C_MATERIAL:0.6233861056973363
C_MOVECOUNT:0.4917342590909174
