ELO:977
CE_PASSEDPAWNS:0.4707553454987374
CE_PAWNWEAKNESSES:0.5049771829615942
CE_PIECEACTIVITY:0.5122077598821536
CE_KINGPAWNSHIELD:0.5133092541804554
CE_PIECECOORDINATION:0.5344360741941662
CE_MATERIAL:0.5277164907429567
CE_KINGSAFETY:0.5172212935008078
C_PIECESQUARETABLES:0.5133347041776786
C_MOBILITY:0.482624834165776
C_KINGSAFETY:0.578713856343154
C_PAWNSTRUCTURE:0.48811955389589523
C_PIECECOORDINATION:0.5591602865076009
C_ROOKANDPAWNMOVEMENT:0.5591602865076009
C_CENTERCONTROL:0.5264940675805191
C_DEVELOPPIECES:0.4389358990504199
C_MATERIAL:0.487902924962103
