ELO:909
CE_PASSEDPAWNS:0.40717836492309
CE_PAWNWEAKNESSES:0.5287879522686526
CE_PIECEACTIVITY:0.5422249672453704
CE_KINGPAWNSHIELD:0.43395230357812886
CE_PIECECOORDINATION:0.557366661006081
CE_MATERIAL:0.5980941161024955
CE_KINGSAFETY:0.5728607967160455
C_PIECESQUARETABLES:0.5472883357751825
C_MOBILITY:0.48227252849049823
C_KINGSAFETY:0.6602968088724188
C_PAWNSTRUCTURE:0.5072650178129633
C_PIECECOORDINATION:0.6121870694352546
C_ROOKANDPAWNMOVEMENT:0.6121870694352546
C_CENTERCONTROL:0.5063131268898344
C_DEVELOPPIECES:0.47206499563124715
C_MATERIAL:0.4573323987859941
