ELO:998
CE_PASSEDPAWNS:0.4706956376785445
CE_PAWNWEAKNESSES:0.5620105728760513
CE_PIECEACTIVITY:0.5297596076411247
CE_KINGPAWNSHIELD:0.5131145681575177
CE_PIECECOORDINATION:0.4641740714276525
CE_MATERIAL:0.5385462244370208
CE_KINGSAFETY:0.4995597940555832
C_PIECESQUARETABLES:0.508798377888333
C_MOBILITY:0.5126004710658214
C_KINGSAFETY:0.4549272144783835
C_PAWNSTRUCTURE:0.490445140533534
C_PIECECOORDINATION:0.5176994684577007
C_ROOKANDPAWNMOVEMENT:0.5176994684577007
C_CENTERCONTROL:0.5018473245746798
C_DEVELOPPIECES:0.5537650679290482
C_MATERIAL:0.5167833110190995
