ELO:986
CE_PASSEDPAWNS:0.5160315049345362
CE_PAWNWEAKNESSES:0.5074157213281023
CE_PIECEACTIVITY:0.48766092196176625
CE_KINGPAWNSHIELD:0.5489528127814814
CE_PIECECOORDINATION:0.5095890314854951
CE_MATERIAL:0.495287964512545
CE_KINGSAFETY:0.5
C_PIECESQUARETABLES:0.4926837595871117
C_MOBILITY:0.49947808941591854
C_KINGSAFETY:0.46741449520111017
C_PAWNSTRUCTURE:0.5217323050726806
C_PIECECOORDINATION:0.49184795100079964
C_ROOK:0.5179979874500065
CE_ROOK:0.49812648820827604
C_CENTERCONTROL:0.49012928720042176
C_DEVELOPPIECES:0.47884089579782696
C_MATERIAL:0.5024141500525039
C_MOVECOUNT:0.517977745557922
C_PAWNMOVEMENT:0.5230897115896542
