ELO:824
CE_PASSEDPAWNS:0.583332618466995
CE_PAWNWEAKNESSES:0.524072235103987
CE_PIECEACTIVITY:0.4723259381731803
CE_KINGPAWNSHIELD:0.4563246540909881
CE_PIECECOORDINATION:0.5793390292273828
CE_MATERIAL:0.49497471831375967
CE_KINGSAFETY:0.4901719256483271
C_PIECESQUARETABLES:0.5453815463889271
C_MOBILITY:0.43412318712789283
C_KINGSAFETY:0.5127835393370999
C_PAWNSTRUCTURE:0.521985988554905
C_PIECECOORDINATION:0.5578602862991693
C_ROOKANDPAWNMOVEMENT:0.5578602862991693
C_CENTERCONTROL:0.4812739179195111
C_DEVELOPPIECES:0.5296931081328624
C_MATERIAL:0.46315536270497637
C_MOVECOUNT:0.5354654844040762
