ELO:918
CE_PASSEDPAWNS:0.4931960719728136
CE_PAWNWEAKNESSES:0.49654312894612535
CE_PIECEACTIVITY:0.4577259526795147
CE_KINGPAWNSHIELD:0.5021537061708319
CE_PIECECOORDINATION:0.4996437627513305
CE_MATERIAL:0.48210150343313346
CE_KINGSAFETY:0.4677926416929448
C_PIECESQUARETABLES:0.49470804606777635
C_MOBILITY:0.4609134299733763
C_KINGSAFETY:0.4797736375177645
C_PAWNSTRUCTURE:0.47520221149768177
C_PIECECOORDINATION:0.4891080911563286
C_ROOKANDPAWNMOVEMENT:0.4891080911563286
C_CENTERCONTROL:0.5154406541219807
C_DEVELOPPIECES:0.5077558971628837
C_MATERIAL:0.5014046010627762
C_MOVECOUNT:0.5
