ELO:837
CE_PASSEDPAWNS:0.4163166714426936
CE_PAWNWEAKNESSES:0.5195906621978739
CE_PIECEACTIVITY:0.43256791268677086
CE_KINGPAWNSHIELD:0.48214536171598277
CE_PIECECOORDINATION:0.40898554657336167
CE_MATERIAL:0.41641326556425695
CE_KINGSAFETY:0.48539521849325873
C_PIECESQUARETABLES:0.5047846686700794
C_MOBILITY:0.412270073498917
C_KINGSAFETY:0.4948219631804631
C_PAWNSTRUCTURE:0.5037957339558474
C_PIECECOORDINATION:0.43062030122637956
C_ROOKANDPAWNMOVEMENT:0.43062030122637956
C_CENTERCONTROL:0.4547675087863187
C_DEVELOPPIECES:0.5352765569149786
C_MATERIAL:0.5505571296679126
