ELO:899
CE_PASSEDPAWNS:0.44285739544109165
CE_PAWNWEAKNESSES:0.5325879600084423
CE_PIECEACTIVITY:0.5352313558264277
CE_KINGPAWNSHIELD:0.4710350638639786
CE_PIECECOORDINATION:0.5451830402444536
CE_MATERIAL:0.6093434601826848
CE_KINGSAFETY:0.5252344437087528
C_PIECESQUARETABLES:0.5137129902733674
C_MOBILITY:0.4869651784758153
C_KINGSAFETY:0.6469098568386986
C_PAWNSTRUCTURE:0.4648047019467806
C_PIECECOORDINATION:0.6016463035719979
C_ROOKANDPAWNMOVEMENT:0.6016463035719979
C_CENTERCONTROL:0.5102043716140675
C_DEVELOPPIECES:0.4865636991028643
C_MATERIAL:0.45518778015106987
