ELO:947
CE_PASSEDPAWNS:0.5164273027029169
CE_PAWNWEAKNESSES:0.5317724068884473
CE_PIECEACTIVITY:0.4728524292011401
CE_KINGPAWNSHIELD:0.5560389263905143
CE_PIECECOORDINATION:0.4939580946664056
CE_MATERIAL:0.4652970805942342
CE_KINGSAFETY:0.5
C_PIECESQUARETABLES:0.5057036962688333
C_MOBILITY:0.4809788539464146
C_KINGSAFETY:0.43144979535393363
C_PAWNSTRUCTURE:0.5641634496051366
C_PIECECOORDINATION:0.4983931363421918
C_ROOK:0.5155696234845537
CE_ROOK:0.4899430991622404
C_CENTERCONTROL:0.5152242219016266
C_DEVELOPPIECES:0.4635315764615863
C_MATERIAL:0.49020477912285365
C_MOVECOUNT:0.5328125317450797
C_PAWNMOVEMENT:0.5228506349076497
