ELO:941
CE_PASSEDPAWNS:0.5400995162565705
CE_PAWNWEAKNESSES:0.5471369111319746
CE_PIECEACTIVITY:0.5288107982403144
CE_KINGPAWNSHIELD:0.49486900673659884
CE_PIECECOORDINATION:0.5366479658647955
CE_MATERIAL:0.502017414808637
CE_KINGSAFETY:0.5
C_PIECESQUARETABLES:0.5
C_MOBILITY:0.49641605699806984
C_KINGSAFETY:0.5023423815144916
C_PAWNSTRUCTURE:0.5016651178823309
C_PIECECOORDINATION:0.5116052650428095
C_ROOK:0.4820950856647504
CE_ROOK:0.47186009963949627
C_CENTERCONTROL:0.48570498530630657
C_DEVELOPPIECES:0.47849477089446185
C_MATERIAL:0.44966521338535514
C_MOVECOUNT:0.49577776246278704
C_PAWNMOVEMENT:0.5283378171319442
