ELO:1000
CE_PASSEDPAWNS:0.4781881705637
CE_PAWNWEAKNESSES:0.5415938749390325
CE_PIECEACTIVITY:0.5464367357979699
CE_KINGPAWNSHIELD:0.5110004781499747
CE_PIECECOORDINATION:0.4610877245110318
CE_MATERIAL:0.5222537944890463
CE_KINGSAFETY:0.513440803408996
C_PIECESQUARETABLES:0.4978314135323432
C_MOBILITY:0.5244386798297946
C_KINGSAFETY:0.45499327844147236
C_PAWNSTRUCTURE:0.4944739231726417
C_PIECECOORDINATION:0.5146878093572838
C_ROOKANDPAWNMOVEMENT:0.5146878093572838
C_CENTERCONTROL:0.4877136188396847
C_DEVELOPPIECES:0.5247369675399077
C_MATERIAL:0.5160118544024858
