ELO:840
CE_PASSEDPAWNS:0.4565869789244068
CE_PAWNWEAKNESSES:0.5240720941470316
CE_PIECEACTIVITY:0.5396626699713354
CE_KINGPAWNSHIELD:0.4676091790308677
CE_PIECECOORDINATION:0.5361236744452667
CE_MATERIAL:0.6098576077315129
CE_KINGSAFETY:0.5222625368808567
C_PIECESQUARETABLES:0.523148367458579
C_MOBILITY:0.4660372132363755
C_KINGSAFETY:0.6416129757408797
C_PAWNSTRUCTURE:0.4726902247503207
C_PIECECOORDINATION:0.6045021962964018
C_ROOKANDPAWNMOVEMENT:0.6045021962964018
C_CENTERCONTROL:0.5216517924327522
C_DEVELOPPIECES:0.4832426279042374
C_MATERIAL:0.46625536063060935
