ELO:975
CE_PASSEDPAWNS:0.5045636313060854
CE_PAWNWEAKNESSES:0.49568841075662945
CE_PIECEACTIVITY:0.5087018518427098
CE_KINGPAWNSHIELD:0.5051429130390945
CE_PIECECOORDINATION:0.5275022494327453
CE_MATERIAL:0.4990122579976285
CE_KINGSAFETY:0.5303482992401085
C_PIECESQUARETABLES:0.5360386072612602
C_MOBILITY:0.534705928910815
C_KINGSAFETY:0.48837127663773555
C_PAWNSTRUCTURE:0.49797213945182556
C_PIECECOORDINATION:0.4893688806751412
C_ROOKANDPAWNMOVEMENT:0.4893688806751412
C_CENTERCONTROL:0.48524254130822453
C_DEVELOPPIECES:0.4655406218674868
C_MATERIAL:0.47883907162818157
C_MOVECOUNT:0.5
