ELO:898
CE_PASSEDPAWNS:0.44090065345164015
CE_PAWNWEAKNESSES:0.5193223740114297
CE_PIECEACTIVITY:0.5352313558264277
CE_KINGPAWNSHIELD:0.4710350638639786
CE_PIECECOORDINATION:0.5451830402444536
CE_MATERIAL:0.613477975082443
CE_KINGSAFETY:0.5216080841265819
C_PIECESQUARETABLES:0.5137129902733674
C_MOBILITY:0.4869651784758153
C_KINGSAFETY:0.6460062072490529
C_PAWNSTRUCTURE:0.4648047019467806
C_PIECECOORDINATION:0.6016463035719979
C_ROOKANDPAWNMOVEMENT:0.6016463035719979
C_CENTERCONTROL:0.5156558412136052
C_DEVELOPPIECES:0.4865636991028643
C_MATERIAL:0.4665292199496851
