ELO:962
CE_PASSEDPAWNS:0.4777392985616028
CE_PAWNWEAKNESSES:0.4559220945185799
CE_PIECEACTIVITY:0.5033950908044756
CE_KINGPAWNSHIELD:0.4868629542626994
CE_PIECECOORDINATION:0.5
CE_MATERIAL:0.5134633182931101
CE_KINGSAFETY:0.5
C_PIECESQUARETABLES:0.5
C_MOBILITY:0.5441154494346204
C_KINGSAFETY:0.5145101035112698
C_PAWNSTRUCTURE:0.49192610401329956
C_PIECECOORDINATION:0.45012506155819715
C_ROOKANDPAWNMOVEMENT:0.45012506155819715
C_CENTERCONTROL:0.5
C_DEVELOPPIECES:0.5033602081306519
C_MATERIAL:0.4896703024798377
C_MOVECOUNT:0.5
