ELO:971
CE_PASSEDPAWNS:0.49358020632075383
CE_PAWNWEAKNESSES:0.5117947616005888
CE_PIECEACTIVITY:0.4821887336610248
CE_KINGPAWNSHIELD:0.49994158429774116
CE_PIECECOORDINATION:0.49678722377523626
CE_MATERIAL:0.49531704939351257
CE_KINGSAFETY:0.5065393758622659
C_PIECESQUARETABLES:0.4976947302493794
C_MOBILITY:0.4902539163694416
C_KINGSAFETY:0.5074601869220605
C_PAWNSTRUCTURE:0.487055986538069
C_PIECECOORDINATION:0.49293558864305703
C_ROOKANDPAWNMOVEMENT:0.49293558864305703
C_CENTERCONTROL:0.5038832899063825
C_DEVELOPPIECES:0.4897026228515327
C_MATERIAL:0.5047750775970683
C_MOVECOUNT:0.5
