ELO:970
CE_PASSEDPAWNS:0.5201842896810257
CE_PAWNWEAKNESSES:0.5074157213281023
CE_PIECEACTIVITY:0.4866304019410987
CE_KINGPAWNSHIELD:0.544416349814668
CE_PIECECOORDINATION:0.5075236319185559
CE_MATERIAL:0.495287964512545
CE_KINGSAFETY:0.5
C_PIECESQUARETABLES:0.4713605424932055
C_MOBILITY:0.49259568082584115
C_KINGSAFETY:0.44473991043767275
C_PAWNSTRUCTURE:0.5347530829902937
C_PIECECOORDINATION:0.49184795100079964
C_ROOK:0.505341922573702
CE_ROOK:0.4974661683206474
C_CENTERCONTROL:0.5052105855525367
C_DEVELOPPIECES:0.463054187281154
C_MATERIAL:0.5147411423703787
C_MOVECOUNT:0.5211594171237672
C_PAWNMOVEMENT:0.5230897115896542
