ELO:883
CE_PASSEDPAWNS:0.5355445393573589
CE_PAWNWEAKNESSES:0.5073067334565061
CE_PIECEACTIVITY:0.4905349558586923
CE_KINGPAWNSHIELD:0.4687913738736856
CE_PIECECOORDINATION:0.5864375065442309
CE_MATERIAL:0.4866802885806857
CE_KINGSAFETY:0.5346619098362502
C_PIECESQUARETABLES:0.5177636807594043
C_MOBILITY:0.4932172029109795
C_KINGSAFETY:0.511584593137035
C_PAWNSTRUCTURE:0.5153412799115303
C_PIECECOORDINATION:0.5389856411393252
C_ROOKANDPAWNMOVEMENT:0.5389856411393252
C_CENTERCONTROL:0.45676042095258895
C_DEVELOPPIECES:0.5107668994879883
C_MATERIAL:0.4977098813404443
C_MOVECOUNT:0.5002168982840864
