ELO:979
CE_PASSEDPAWNS:0.49733266419865435
CE_PAWNWEAKNESSES:0.49993290190794915
CE_PIECEACTIVITY:0.48766092196176625
CE_KINGPAWNSHIELD:0.5352483447473743
CE_PIECECOORDINATION:0.5099699188920236
CE_MATERIAL:0.5051328733303849
CE_KINGSAFETY:0.5054822335273933
C_PIECESQUARETABLES:0.49790591523956834
C_MOBILITY:0.48538421340052057
C_KINGSAFETY:0.4545817602277306
C_PAWNSTRUCTURE:0.5117179976806945
C_PIECECOORDINATION:0.49909753347426156
C_ROOK:0.4980472058413355
CE_ROOK:0.49529403905647923
C_CENTERCONTROL:0.4975369018906374
C_DEVELOPPIECES:0.483234804206925
C_MATERIAL:0.5078272655630854
C_MOVECOUNT:0.5106935735359076
C_PAWNMOVEMENT:0.5247203467587119
