ELO:947
CE_PASSEDPAWNS:0.5246011628559661
CE_PAWNWEAKNESSES:0.5191708483891608
CE_PIECEACTIVITY:0.4728524292011401
CE_KINGPAWNSHIELD:0.5437096132697065
CE_PIECECOORDINATION:0.4939580946664056
CE_MATERIAL:0.47367401354215155
CE_KINGSAFETY:0.5
C_PIECESQUARETABLES:0.5
C_MOBILITY:0.47475065784125864
C_KINGSAFETY:0.42372839962861203
C_PAWNSTRUCTURE:0.5719792438542691
C_PIECECOORDINATION:0.5040046703030715
C_ROOK:0.5244386712091323
CE_ROOK:0.48903363046387077
C_CENTERCONTROL:0.5152242219016266
C_DEVELOPPIECES:0.48004163696955454
C_MATERIAL:0.4756453990547069
C_MOVECOUNT:0.536409528219977
C_PAWNMOVEMENT:0.5256187783292683
