ELO:986
CE_PASSEDPAWNS:0.5257370245585904
CE_PAWNWEAKNESSES:0.45546261098082297
CE_PIECEACTIVITY:0.5030257983810776
CE_KINGPAWNSHIELD:0.40000386807704497
CE_PIECECOORDINATION:0.43525421397172687
CE_MATERIAL:0.5008080989008407
CE_KINGSAFETY:0.5096848825416341
C_PIECESQUARETABLES:0.4927130147606605
C_MOBILITY:0.6106431556756368
C_KINGSAFETY:0.5594239720260957
C_PAWNSTRUCTURE:0.5041701362502654
C_PIECECOORDINATION:0.5305937333756339
C_ROOKANDPAWNMOVEMENT:0.5305937333756339
C_CENTERCONTROL:0.39443178460303446
C_DEVELOPPIECES:0.5067198020584739
C_MATERIAL:0.5859692747107864
