ELO:966
CE_PASSEDPAWNS:0.46762513462482774
CE_PAWNWEAKNESSES:0.5345828242167433
CE_PIECEACTIVITY:0.49785639964118095
CE_KINGPAWNSHIELD:0.4593213987530438
CE_PIECECOORDINATION:0.5280875985012714
CE_MATERIAL:0.45700396052602743
CE_KINGSAFETY:0.5
C_PIECESQUARETABLES:0.5
C_MOBILITY:0.4835164013050288
C_KINGSAFETY:0.49141479951764416
C_PAWNSTRUCTURE:0.47598800731163926
C_PIECECOORDINATION:0.443335211104307
C_ROOKANDPAWNMOVEMENT:0.443335211104307
C_CENTERCONTROL:0.43108088927946353
C_DEVELOPPIECES:0.5
C_MATERIAL:0.46802135229456265
C_MOVECOUNT:0.5
