ELO:993
CE_PASSEDPAWNS:0.5026759838000442
CE_PAWNWEAKNESSES:0.49173500287795296
CE_PIECEACTIVITY:0.4904568453168982
CE_KINGPAWNSHIELD:0.5135407214994653
CE_PIECECOORDINATION:0.4869858139934896
CE_MATERIAL:0.5031657623136724
CE_KINGSAFETY:0.5218250701352386
C_PIECESQUARETABLES:0.504992113088955
C_MOBILITY:0.4934206153110658
C_KINGSAFETY:0.5
C_PAWNSTRUCTURE:0.47219743915243506
C_PIECECOORDINATION:0.49674191636798437
C_ROOK:0.5
CE_ROOK:0.5
C_CENTERCONTROL:0.49681157350145916
C_DEVELOPPIECES:0.4950602828899125
C_MATERIAL:0.4951645812531903
C_MOVECOUNT:0.5124540678515452
C_PAWNMOVEMENT:0.5
