ELO:979
CE_PASSEDPAWNS:0.44547921926031625
CE_PAWNWEAKNESSES:0.560416215986733
CE_PIECEACTIVITY:0.48528869241798644
CE_KINGPAWNSHIELD:0.5224485149629041
CE_PIECECOORDINATION:0.5258160458029528
CE_MATERIAL:0.5487497739735389
CE_KINGSAFETY:0.4887073613234834
C_PIECESQUARETABLES:0.5077346682337284
C_MOBILITY:0.5112262678335918
C_KINGSAFETY:0.4813770621918675
C_PAWNSTRUCTURE:0.5110729737377515
C_PIECECOORDINATION:0.5331791720242045
C_ROOKANDPAWNMOVEMENT:0.5331791720242045
C_CENTERCONTROL:0.5275999372110365
C_DEVELOPPIECES:0.5540802733310332
C_MATERIAL:0.5069289814997304
