ELO:980
CE_PASSEDPAWNS:0.47039396274036466
CE_PAWNWEAKNESSES:0.5049607893051319
CE_PIECEACTIVITY:0.5286110709714279
CE_KINGPAWNSHIELD:0.5328554514180596
CE_PIECECOORDINATION:0.5537890441136339
CE_MATERIAL:0.5300319877951386
CE_KINGSAFETY:0.5054961030851627
C_PIECESQUARETABLES:0.501485881422013
C_MOBILITY:0.48108027225690664
C_KINGSAFETY:0.5685069707689759
C_PAWNSTRUCTURE:0.49916373665697794
C_PIECECOORDINATION:0.5563547341657402
C_ROOKANDPAWNMOVEMENT:0.5563547341657402
C_CENTERCONTROL:0.5341816565789562
C_DEVELOPPIECES:0.4389358990504199
C_MATERIAL:0.46409170353261314
