ELO:996
CE_PASSEDPAWNS:0.5051601473608615
CE_PAWNWEAKNESSES:0.4916030846188904
CE_PIECEACTIVITY:0.5136620998861748
CE_KINGPAWNSHIELD:0.4827623626184306
CE_PIECECOORDINATION:0.5011261982358929
CE_MATERIAL:0.49363520316504067
CE_KINGSAFETY:0.5
C_PIECESQUARETABLES:0.505071423936729
C_MOBILITY:0.4889127826132249
C_KINGSAFETY:0.492907132996439
C_PAWNSTRUCTURE:0.4903082564393871
C_PIECECOORDINATION:0.5099583229314231
C_ROOKANDPAWNMOVEMENT:0.5099583229314231
C_CENTERCONTROL:0.48923860995857554
C_DEVELOPPIECES:0.5088247824379174
C_MATERIAL:0.5074765410471527
