ELO:996
CE_PASSEDPAWNS:0.49733266419865435
CE_PAWNWEAKNESSES:0.49844870340072955
CE_PIECEACTIVITY:0.5
CE_KINGPAWNSHIELD:0.5382909763333783
CE_PIECECOORDINATION:0.5079332018801966
CE_MATERIAL:0.5047384944319887
CE_KINGSAFETY:0.5174416944138672
C_PIECESQUARETABLES:0.4878534796852835
C_MOBILITY:0.48538421340052057
C_KINGSAFETY:0.47448990332622737
C_PAWNSTRUCTURE:0.523542471596757
C_PIECECOORDINATION:0.5042063180676215
C_ROOK:0.5025800817602845
CE_ROOK:0.49529403905647923
C_CENTERCONTROL:0.49947403383052147
C_DEVELOPPIECES:0.4918926736613777
C_MATERIAL:0.49815816087048687
C_MOVECOUNT:0.5005446672466352
C_PAWNMOVEMENT:0.5247203467587119
