ELO:998
CE_PASSEDPAWNS:0.4665148303418576
CE_PAWNWEAKNESSES:0.5283717737187336
CE_PIECEACTIVITY:0.5364351087206695
CE_KINGPAWNSHIELD:0.47144073334794107
CE_PIECECOORDINATION:0.5145959178224223
CE_MATERIAL:0.4390750397113395
CE_KINGSAFETY:0.4321423037936053
C_PIECESQUARETABLES:0.514462067502406
C_MOBILITY:0.5120252201992264
C_KINGSAFETY:0.47655808525072324
C_PAWNSTRUCTURE:0.5382399600751233
C_PIECECOORDINATION:0.48421502985772225
C_ROOKANDPAWNMOVEMENT:0.48421502985772225
C_CENTERCONTROL:0.5150131216892826
C_DEVELOPPIECES:0.4680239937581978
C_MATERIAL:0.5013544702097305
