ELO:910
CE_PASSEDPAWNS:0.4981762987940889
CE_PAWNWEAKNESSES:0.4337342634538909
CE_PIECEACTIVITY:0.4542575743986378
CE_KINGPAWNSHIELD:0.5123367162412854
CE_PIECECOORDINATION:0.5253795697367236
CE_MATERIAL:0.4493702361778764
CE_KINGSAFETY:0.4820875709406348
C_PIECESQUARETABLES:0.5141213080672911
C_MOBILITY:0.5511191379711412
C_KINGSAFETY:0.47899564485804214
C_PAWNSTRUCTURE:0.4735130745704371
C_PIECECOORDINATION:0.502166439254306
C_ROOK:0.5441755171492576
CE_ROOK:0.4012868273361242
C_CENTERCONTROL:0.4480427209251406
C_DEVELOPPIECES:0.5038607218349789
C_MATERIAL:0.47903583749521234
C_MOVECOUNT:0.5323446224388195
C_PAWNMOVEMENT:0.4656408780344888
