ELO:958
CE_PASSEDPAWNS:0.40236861958231834
CE_PAWNWEAKNESSES:0.4708239017182664
CE_PIECEACTIVITY:0.5734966047182344
CE_KINGPAWNSHIELD:0.5135398578726073
CE_PIECECOORDINATION:0.46818696387199293
CE_MATERIAL:0.5367536801242688
CE_KINGSAFETY:0.48819384259751386
C_PIECESQUARETABLES:0.4968983535535066
C_MOBILITY:0.5300455367957386
C_KINGSAFETY:0.5651227166867583
C_PAWNSTRUCTURE:0.48728888625159134
C_PIECECOORDINATION:0.5062490258752026
C_ROOKANDPAWNMOVEMENT:0.5062490258752026
C_CENTERCONTROL:0.4076422206658779
C_DEVELOPPIECES:0.522751741801866
C_MATERIAL:0.5036146201342433
