ELO:1023
CE_PASSEDPAWNS:0.5
CE_PAWNWEAKNESSES:0.489033910748966
CE_PIECEACTIVITY:0.5072481620433791
CE_KINGPAWNSHIELD:0.5
CE_PIECECOORDINATION:0.4942681606428129
CE_MATERIAL:0.500019396349553
CE_KINGSAFETY:0.5201515844004553
C_PIECESQUARETABLES:0.5085969701234028
C_MOBILITY:0.5082713691140142
C_KINGSAFETY:0.4918107645066736
C_PAWNSTRUCTURE:0.4921913730090069
C_PIECECOORDINATION:0.5
C_ROOKANDPAWNMOVEMENT:0.5
C_CENTERCONTROL:0.5123998129929617
C_DEVELOPPIECES:0.49918589840125815
C_MATERIAL:0.48906366186096784
