ELO:1000
CE_PASSEDPAWNS:0.5064870200552545
CE_PAWNWEAKNESSES:0.5581048403250017
CE_PIECEACTIVITY:0.5613088479668502
CE_KINGPAWNSHIELD:0.49058274762561416
CE_PIECECOORDINATION:0.47342981700630943
CE_MATERIAL:0.43894375568853605
CE_KINGSAFETY:0.4890058171672462
C_PIECESQUARETABLES:0.5145261998995302
C_MOBILITY:0.5198881119304126
C_KINGSAFETY:0.49709367195594706
C_PAWNSTRUCTURE:0.509034536421911
C_PIECECOORDINATION:0.4938708558885557
C_ROOKANDPAWNMOVEMENT:0.4938708558885557
C_CENTERCONTROL:0.5288794810280929
C_DEVELOPPIECES:0.48862282620209163
C_MATERIAL:0.5025756469661469
