ELO:998
CE_PASSEDPAWNS:0.5024733382706089
CE_PAWNWEAKNESSES:0.5250926902281914
CE_PIECEACTIVITY:0.5028647867997151
CE_KINGPAWNSHIELD:0.44934675453755907
CE_PIECECOORDINATION:0.507082839433804
CE_MATERIAL:0.51076718913839
CE_KINGSAFETY:0.47394495662671465
C_PIECESQUARETABLES:0.5149163754453182
C_MOBILITY:0.5133145829967068
C_KINGSAFETY:0.5089213426200804
C_PAWNSTRUCTURE:0.5089527883681885
C_PIECECOORDINATION:0.5
C_ROOKANDPAWNMOVEMENT:0.5
C_CENTERCONTROL:0.5069761055739729
C_DEVELOPPIECES:0.5028905335195745
C_MATERIAL:0.4971585278176158
