ELO:858
CE_PASSEDPAWNS:0.38012665993118394
CE_PAWNWEAKNESSES:0.5158120745136381
CE_PIECEACTIVITY:0.5564702335472648
CE_KINGPAWNSHIELD:0.5197974892713993
CE_PIECECOORDINATION:0.5148153053922979
CE_MATERIAL:0.4046964115042592
CE_KINGSAFETY:0.472378376011799
C_PIECESQUARETABLES:0.47728980389723014
C_MOBILITY:0.5492265451507412
C_KINGSAFETY:0.46339414746287855
C_PAWNSTRUCTURE:0.49743653968014634
C_PIECECOORDINATION:0.5306079694202742
C_ROOKANDPAWNMOVEMENT:0.5306079694202742
C_CENTERCONTROL:0.482248535914341
C_DEVELOPPIECES:0.43727045704205375
C_MATERIAL:0.5052207731393644
