ELO:683
CE_PASSEDPAWNS:0.4849576489764386
CE_PAWNWEAKNESSES:0.6062696783201779
CE_PIECEACTIVITY:0.5071441947774818
CE_KINGPAWNSHIELD:0.5806107278230447
CE_PIECECOORDINATION:0.45138472522553463
CE_MATERIAL:0.4625425863176731
CE_KINGSAFETY:0.465682303314843
C_PIECESQUARETABLES:0.5145448481409128
C_MOBILITY:0.544217434452769
C_KINGSAFETY:0.465902704246447
C_PAWNSTRUCTURE:0.5340631000770102
C_PIECECOORDINATION:0.521730152434347
C_ROOKANDPAWNMOVEMENT:0.521730152434347
C_CENTERCONTROL:0.5131938689710172
C_DEVELOPPIECES:0.41062496876360205
C_MATERIAL:0.4544059759283068
C_MOVECOUNT:0.5389918322982367
