ELO:937
CE_PASSEDPAWNS:0.4066837613347505
CE_PAWNWEAKNESSES:0.4479768503898828
CE_PIECEACTIVITY:0.5901500632332914
CE_KINGPAWNSHIELD:0.501184590585384
CE_PIECECOORDINATION:0.41148335124598784
CE_MATERIAL:0.5383955482490138
CE_KINGSAFETY:0.500854885350919
C_PIECESQUARETABLES:0.4964850057243612
C_MOBILITY:0.5112344436808347
C_KINGSAFETY:0.6212883386900194
C_PAWNSTRUCTURE:0.46511716249980645
C_PIECECOORDINATION:0.45853699483337373
C_ROOKANDPAWNMOVEMENT:0.45853699483337373
C_CENTERCONTROL:0.4270217309203591
C_DEVELOPPIECES:0.4965600475792873
C_MATERIAL:0.4388875091543301
