ELO:909
CE_PASSEDPAWNS:0.5116764957119999
CE_PAWNWEAKNESSES:0.4823937818172515
CE_PIECEACTIVITY:0.5119031589336835
CE_KINGPAWNSHIELD:0.5244267370694901
CE_PIECECOORDINATION:0.47893557906531586
CE_MATERIAL:0.48370009250915913
CE_KINGSAFETY:0.48276737431610967
C_PIECESQUARETABLES:0.5395541123509333
C_MOBILITY:0.4945351877139786
C_KINGSAFETY:0.49433195915020633
C_PAWNSTRUCTURE:0.4274597318722682
C_PIECECOORDINATION:0.44831727717931485
C_ROOKANDPAWNMOVEMENT:0.44831727717931485
C_CENTERCONTROL:0.47354068267509225
C_DEVELOPPIECES:0.5829921417789855
C_MATERIAL:0.45293363911906454
C_MOVECOUNT:0.5
