ELO:988
CE_PASSEDPAWNS:0.5156839845540195
CE_PAWNWEAKNESSES:0.5004662272826791
CE_PIECEACTIVITY:0.512560347893583
CE_KINGPAWNSHIELD:0.4076561608377238
CE_PIECECOORDINATION:0.4319971447364739
CE_MATERIAL:0.5546714046896246
CE_KINGSAFETY:0.5114825953865089
C_PIECESQUARETABLES:0.4972022698809439
C_MOBILITY:0.50941047247467
C_KINGSAFETY:0.4990409030372987
C_PAWNSTRUCTURE:0.5015322599514357
C_PIECECOORDINATION:0.5302715132955064
C_ROOKANDPAWNMOVEMENT:0.5302715132955064
C_CENTERCONTROL:0.3982705635243268
C_DEVELOPPIECES:0.5067495606305472
C_MATERIAL:0.6041676559728533
