ELO:988
CE_PASSEDPAWNS:0.43275972931941736
CE_PAWNWEAKNESSES:0.4028250429583148
CE_PIECEACTIVITY:0.5678063300172971
CE_KINGPAWNSHIELD:0.5399065327091881
CE_PIECECOORDINATION:0.5193983524994827
CE_MATERIAL:0.5443490448136395
CE_KINGSAFETY:0.49719875616209436
C_PIECESQUARETABLES:0.4903705377401435
C_MOBILITY:0.5169049102226033
C_KINGSAFETY:0.5521455710001161
C_PAWNSTRUCTURE:0.47694629221153917
C_PIECECOORDINATION:0.4955755332088727
C_ROOKANDPAWNMOVEMENT:0.4955755332088727
C_CENTERCONTROL:0.43859038190095456
C_DEVELOPPIECES:0.5061055683047891
C_MATERIAL:0.5195928639355856
