ELO:1000
CE_PASSEDPAWNS:0.4717887769153741
CE_PAWNWEAKNESSES:0.4282404886203351
CE_PIECEACTIVITY:0.5456641704434558
CE_KINGPAWNSHIELD:0.5277590410779373
CE_PIECECOORDINATION:0.473947969527108
CE_MATERIAL:0.49009215400854916
CE_KINGSAFETY:0.4679473477334322
C_PIECESQUARETABLES:0.5303131579116637
C_MOBILITY:0.45143449884029624
C_KINGSAFETY:0.5478211463501547
C_PAWNSTRUCTURE:0.5010834723239512
C_PIECECOORDINATION:0.5207995188903852
C_ROOKANDPAWNMOVEMENT:0.5207995188903852
C_CENTERCONTROL:0.47941640087722487
C_DEVELOPPIECES:0.47245606045657035
C_MATERIAL:0.5223876460122094
