ELO:933
CE_PASSEDPAWNS:0.49985427959844975
CE_PAWNWEAKNESSES:0.4848900174443219
CE_PIECEACTIVITY:0.49588063927046966
CE_KINGPAWNSHIELD:0.4897049787430992
CE_PIECECOORDINATION:0.47917985982866973
CE_MATERIAL:0.4934270837333304
CE_KINGSAFETY:0.48047228312696505
C_PIECESQUARETABLES:0.49473579376293525
C_MOBILITY:0.4913617770572431
C_KINGSAFETY:0.5153479648233926
C_PAWNSTRUCTURE:0.4955463993710584
C_PIECECOORDINATION:0.4975211473175796
C_ROOKANDPAWNMOVEMENT:0.4975211473175796
C_CENTERCONTROL:0.4758639802935183
C_DEVELOPPIECES:0.5090582739733881
C_MATERIAL:0.49572048577811983
C_MOVECOUNT:0.482765568500157
