ELO:1000
CE_PASSEDPAWNS:0.43542777397601
CE_PAWNWEAKNESSES:0.46682316682898684
CE_PIECEACTIVITY:0.535758101269352
CE_KINGPAWNSHIELD:0.547159201245795
CE_PIECECOORDINATION:0.47441408000502383
CE_MATERIAL:0.5029151228048866
CE_KINGSAFETY:0.4464772971676573
C_PIECESQUARETABLES:0.5295182555715139
C_MOBILITY:0.4828840109048905
C_KINGSAFETY:0.5271672874175305
C_PAWNSTRUCTURE:0.49731821205332166
C_PIECECOORDINATION:0.5296905532673656
C_ROOKANDPAWNMOVEMENT:0.5296905532673656
C_CENTERCONTROL:0.5199434718902087
C_DEVELOPPIECES:0.45324318188022744
C_MATERIAL:0.5044464530472087
