ELO:1008
CE_PASSEDPAWNS:0.49641739641117627
CE_PAWNWEAKNESSES:0.4955773469621245
CE_PIECEACTIVITY:0.5
CE_KINGPAWNSHIELD:0.4964177447597525
CE_PIECECOORDINATION:0.5040123323071909
CE_MATERIAL:0.49723868564997464
CE_KINGSAFETY:0.5148202303885638
C_PIECESQUARETABLES:0.5063710590432855
C_MOBILITY:0.5109290453311611
C_KINGSAFETY:0.4990930227978531
C_PAWNSTRUCTURE:0.5195868448821553
C_PIECECOORDINATION:0.5
C_ROOKANDPAWNMOVEMENT:0.5
C_CENTERCONTROL:0.5
C_DEVELOPPIECES:0.4982910211041366
C_MATERIAL:0.5
