ELO:1000
CE_PASSEDPAWNS:0.48770858568363723
CE_PAWNWEAKNESSES:0.5032537407762343
CE_PIECEACTIVITY:0.5081604918383754
CE_KINGPAWNSHIELD:0.5423466851789045
CE_PIECECOORDINATION:0.4988398620614865
CE_MATERIAL:0.4900609331905061
CE_KINGSAFETY:0.49717761843147656
C_PIECESQUARETABLES:0.5136927178431696
C_MOBILITY:0.4935355685719343
C_KINGSAFETY:0.4975160095038716
C_PAWNSTRUCTURE:0.48792439577860225
C_PIECECOORDINATION:0.5238547463553769
C_ROOKANDPAWNMOVEMENT:0.5238547463553769
C_CENTERCONTROL:0.5188070069842494
C_DEVELOPPIECES:0.48022888486439047
C_MATERIAL:0.48203571051597127
