ELO:953
CE_PASSEDPAWNS:0.482441795875397
CE_PAWNWEAKNESSES:0.43530555577816477
CE_PIECEACTIVITY:0.5212188129048638
CE_KINGPAWNSHIELD:0.4695962133313134
CE_PIECECOORDINATION:0.5210298930676922
CE_MATERIAL:0.43769038651881315
CE_KINGSAFETY:0.5
C_PIECESQUARETABLES:0.4969844578926687
C_MOBILITY:0.5503495906569116
C_KINGSAFETY:0.4856209058599315
C_PAWNSTRUCTURE:0.48642447722855164
C_PIECECOORDINATION:0.49893352223137033
C_ROOK:0.5575971885712929
CE_ROOK:0.4324756908499774
C_CENTERCONTROL:0.47440893442471527
C_DEVELOPPIECES:0.5246043723253772
C_MATERIAL:0.4681001663161221
C_MOVECOUNT:0.530965666656777
C_PAWNMOVEMENT:0.5084476785762851
