ELO:1083
CE_PASSEDPAWNS:0.5955037066111589
CE_PAWNWEAKNESSES:0.5315707190950536
CE_PIECEACTIVITY:0.5822554920959389
CE_KINGPAWNSHIELD:0.43355413596657416
CE_PIECECOORDINATION:0.5928501158493963
CE_MATERIAL:0.41116757351300975
CE_KINGSAFETY:0.5
C_PIECESQUARETABLES:0.5018442106121013
C_MOBILITY:0.42601052391667155
C_KINGSAFETY:0.6009543595079152
C_PAWNSTRUCTURE:0.433487300856128
C_PIECECOORDINATION:0.45809292855126776
C_ROOKANDPAWNMOVEMENT:0.45809292855126776
C_CENTERCONTROL:0.48976565675025935
C_DEVELOPPIECES:0.5802032594245352
C_MATERIAL:0.4263126552860587
