ELO:1049
CE_PASSEDPAWNS:0.4578218740670265
CE_PAWNWEAKNESSES:0.5063266149764932
CE_PIECEACTIVITY:0.4965050794124588
CE_KINGPAWNSHIELD:0.5220799933118081
CE_PIECECOORDINATION:0.5029992794663124
CE_MATERIAL:0.4948848286128608
CE_KINGSAFETY:0.5
C_PIECESQUARETABLES:0.5
C_MOBILITY:0.5
C_KINGSAFETY:0.501103301942584
C_PAWNSTRUCTURE:0.5089642698779238
C_PIECECOORDINATION:0.5
C_ROOKANDPAWNMOVEMENT:0.5
C_CENTERCONTROL:0.49825659069847167
C_DEVELOPPIECES:0.5
C_MATERIAL:0.5
C_MOVECOUNT:0.51320611374024
