ELO:984
CE_PASSEDPAWNS:0.4877877778215046
CE_PAWNWEAKNESSES:0.5123765531477057
CE_PIECEACTIVITY:0.5710613386976237
CE_KINGPAWNSHIELD:0.4922554572472087
CE_PIECECOORDINATION:0.5074904420972853
CE_MATERIAL:0.4959599682449529
CE_KINGSAFETY:0.5
C_PIECESQUARETABLES:0.5
C_MOBILITY:0.4968787702011927
C_KINGSAFETY:0.5048188396251081
C_PAWNSTRUCTURE:0.4845573452085009
C_PIECECOORDINATION:0.4606271963280166
C_ROOKANDPAWNMOVEMENT:0.4606271963280166
C_CENTERCONTROL:0.5
C_DEVELOPPIECES:0.4934302577550171
C_MATERIAL:0.48127709315096495
C_MOVECOUNT:0.5
