ELO:949
CE_PASSEDPAWNS:0.43278073715578763
CE_PAWNWEAKNESSES:0.47780957509082445
CE_PIECEACTIVITY:0.5556550094083086
CE_KINGPAWNSHIELD:0.48875508849267657
CE_PIECECOORDINATION:0.515754221888682
CE_MATERIAL:0.3873200653196414
CE_KINGSAFETY:0.5136927262039942
C_PIECESQUARETABLES:0.4653064408337777
C_MOBILITY:0.48910861617126605
C_KINGSAFETY:0.511778000196382
C_PAWNSTRUCTURE:0.5183929341729286
C_PIECECOORDINATION:0.5337078557547923
C_ROOKANDPAWNMOVEMENT:0.5337078557547923
C_CENTERCONTROL:0.47457274953414363
C_DEVELOPPIECES:0.4721934798723679
C_MATERIAL:0.5133371805800854
