ELO:914
CE_PASSEDPAWNS:0.4059509391571627
CE_PAWNWEAKNESSES:0.4186431483737643
CE_PIECEACTIVITY:0.6027637903656362
CE_KINGPAWNSHIELD:0.4897296435271676
CE_PIECECOORDINATION:0.38484108809738016
CE_MATERIAL:0.5375508081588884
CE_KINGSAFETY:0.5084981089599817
C_PIECESQUARETABLES:0.4870374709455684
C_MOBILITY:0.5075107477581737
C_KINGSAFETY:0.6254097143329505
C_PAWNSTRUCTURE:0.4536000144292903
C_PIECECOORDINATION:0.45562282740627996
C_ROOKANDPAWNMOVEMENT:0.45562282740627996
C_CENTERCONTROL:0.4348428801857116
C_DEVELOPPIECES:0.49375297633952864
C_MATERIAL:0.4396034709324366
