ELO:1000
CE_PASSEDPAWNS:0.4970813465950945
CE_PAWNWEAKNESSES:0.5316300599255699
CE_PIECEACTIVITY:0.5252363365752467
CE_KINGPAWNSHIELD:0.49998626847727956
CE_PIECECOORDINATION:0.4907347960197833
CE_MATERIAL:0.49345422886313134
CE_KINGSAFETY:0.5154420354017372
C_PIECESQUARETABLES:0.5068767792787318
C_MOBILITY:0.5023946210697386
C_KINGSAFETY:0.5177220851969107
C_PAWNSTRUCTURE:0.4688126980735662
C_PIECECOORDINATION:0.5009290409642214
C_ROOKANDPAWNMOVEMENT:0.5009290409642214
C_CENTERCONTROL:0.5170632164979772
C_DEVELOPPIECES:0.49707782650973986
C_MATERIAL:0.4981206705402054
