ELO:967
CE_PASSEDPAWNS:0.4713803243086865
CE_PAWNWEAKNESSES:0.5034044998870734
CE_PIECEACTIVITY:0.5492822475139211
CE_KINGPAWNSHIELD:0.5154576680999401
CE_PIECECOORDINATION:0.504029865541242
CE_MATERIAL:0.3923833318308344
CE_KINGSAFETY:0.39093633748466156
C_PIECESQUARETABLES:0.4817401765199467
C_MOBILITY:0.49706186462383545
C_KINGSAFETY:0.508034045187144
C_PAWNSTRUCTURE:0.5370537779457754
C_PIECECOORDINATION:0.45796965845040305
C_ROOKANDPAWNMOVEMENT:0.45796965845040305
C_CENTERCONTROL:0.5016203449316402
C_DEVELOPPIECES:0.4881342428153719
C_MATERIAL:0.49238729528412495
