ELO:941
CE_PASSEDPAWNS:0.48779815943330873
CE_PAWNWEAKNESSES:0.5241767114218561
CE_PIECEACTIVITY:0.49407170474746914
CE_KINGPAWNSHIELD:0.5282805027676463
CE_PIECECOORDINATION:0.5323349758203973
CE_MATERIAL:0.5006810685924703
CE_KINGSAFETY:0.5038673618856753
C_PIECESQUARETABLES:0.5075521567720722
C_MOBILITY:0.504789320981335
C_KINGSAFETY:0.532169241334151
C_PAWNSTRUCTURE:0.47705943966477854
C_PIECECOORDINATION:0.47370493015672094
C_ROOKANDPAWNMOVEMENT:0.47370493015672094
C_CENTERCONTROL:0.5097134419220893
C_DEVELOPPIECES:0.4991985417156209
C_MATERIAL:0.519794879404054
C_MOVECOUNT:0.5415155379339389
