ELO:1006
CE_PASSEDPAWNS:0.5113420482628095
CE_PAWNWEAKNESSES:0.49329678461121707
CE_PIECEACTIVITY:0.492520791703345
CE_KINGPAWNSHIELD:0.5
CE_PIECECOORDINATION:0.48982329569884153
CE_MATERIAL:0.5064967480855639
CE_KINGSAFETY:0.5112312726046503
C_PIECESQUARETABLES:0.5
C_MOBILITY:0.5
C_KINGSAFETY:0.48791201743214
C_PAWNSTRUCTURE:0.5
C_PIECECOORDINATION:0.4980304479727919
C_ROOKANDPAWNMOVEMENT:0.4980304479727919
C_CENTERCONTROL:0.5
C_DEVELOPPIECES:0.4993790147031304
C_MATERIAL:0.5189954458234817
C_MOVECOUNT:0.4966861766421781
