ELO:916
CE_PASSEDPAWNS:0.4864104340365724
CE_PAWNWEAKNESSES:0.6481197370912616
CE_PIECEACTIVITY:0.4799681826745025
CE_KINGPAWNSHIELD:0.49929998864734426
CE_PIECECOORDINATION:0.5613811147683562
CE_MATERIAL:0.39760307350146734
CE_KINGSAFETY:0.48186405792639514
C_PIECESQUARETABLES:0.43828444387408805
C_MOBILITY:0.5148006214633768
C_KINGSAFETY:0.5117126669773318
C_PAWNSTRUCTURE:0.5304194299547208
C_PIECECOORDINATION:0.5140223956946909
C_ROOKANDPAWNMOVEMENT:0.5140223956946909
C_CENTERCONTROL:0.5013593650656644
C_DEVELOPPIECES:0.5996547496385679
C_MATERIAL:0.5566005952079609
