ELO:916
CE_PASSEDPAWNS:0.4595808838088219
CE_PAWNWEAKNESSES:0.4658353419380676
CE_PIECEACTIVITY:0.5079142965555401
CE_KINGPAWNSHIELD:0.4836098670608506
CE_PIECECOORDINATION:0.502563350517131
CE_MATERIAL:0.5409347402229953
CE_KINGSAFETY:0.4898104586752876
C_PIECESQUARETABLES:0.49035333253109287
C_MOBILITY:0.4808136182444413
C_KINGSAFETY:0.4888112624479271
C_PAWNSTRUCTURE:0.5117360629741642
C_PIECECOORDINATION:0.5119346939099234
C_ROOKANDPAWNMOVEMENT:0.5119346939099234
C_CENTERCONTROL:0.5339831926256419
C_DEVELOPPIECES:0.5280537652681437
C_MATERIAL:0.4472680421283225
C_MOVECOUNT:0.5006892326269727
