ELO:970
CE_PASSEDPAWNS:0.49436872939556414
CE_PAWNWEAKNESSES:0.4311799478844364
CE_PIECEACTIVITY:0.5277207602704083
CE_KINGPAWNSHIELD:0.4729771095691314
CE_PIECECOORDINATION:0.5210298930676922
CE_MATERIAL:0.43769038651881315
CE_KINGSAFETY:0.5
C_PIECESQUARETABLES:0.5
C_MOBILITY:0.5503495906569116
C_KINGSAFETY:0.48885001973549114
C_PAWNSTRUCTURE:0.4983115944077633
C_PIECECOORDINATION:0.5026660645714774
C_ROOK:0.5527417620962318
CE_ROOK:0.43188284665184445
C_CENTERCONTROL:0.47440893442471527
C_DEVELOPPIECES:0.5157779043345789
C_MATERIAL:0.47893279485020873
C_MOVECOUNT:0.530965666656777
C_PAWNMOVEMENT:0.5084476785762851
