ELO:717
CE_PASSEDPAWNS:0.48726496252543766
CE_PAWNWEAKNESSES:0.6098605423199851
CE_PIECEACTIVITY:0.3718583225187941
CE_KINGPAWNSHIELD:0.5546502205855449
CE_PIECECOORDINATION:0.4077700920777972
CE_MATERIAL:0.4367417424766355
CE_KINGSAFETY:0.4492761040512347
C_PIECESQUARETABLES:0.5530756833240401
C_MOBILITY:0.49008906412963765
C_KINGSAFETY:0.5405446611907537
C_PAWNSTRUCTURE:0.4250858747862699
C_PIECECOORDINATION:0.5119396000526346
C_ROOKANDPAWNMOVEMENT:0.5119396000526346
C_CENTERCONTROL:0.5008623978794452
C_DEVELOPPIECES:0.4194258773672097
C_MATERIAL:0.45199910135556526
C_MOVECOUNT:0.5
