ELO:723
CE_PASSEDPAWNS:0.51113380714075
CE_PAWNWEAKNESSES:0.5752047435585683
CE_PIECEACTIVITY:0.34676855785346306
CE_KINGPAWNSHIELD:0.557392833102627
CE_PIECECOORDINATION:0.41212462628059854
CE_MATERIAL:0.41225665619093865
CE_KINGSAFETY:0.47563101310490585
C_PIECESQUARETABLES:0.4563380566576753
C_MOBILITY:0.46745327413870447
C_KINGSAFETY:0.5627049479595204
C_PAWNSTRUCTURE:0.4160409003493973
C_PIECECOORDINATION:0.4906839091833977
C_ROOKANDPAWNMOVEMENT:0.4906839091833977
C_CENTERCONTROL:0.505290232220413
C_DEVELOPPIECES:0.4100501930819937
C_MATERIAL:0.45200031148299447
C_MOVECOUNT:0.4885001432783636
