ELO:887
CE_PASSEDPAWNS:0.4981762987940889
CE_PAWNWEAKNESSES:0.4445994411202224
CE_PIECEACTIVITY:0.4754399189986587
CE_KINGPAWNSHIELD:0.4927339402058241
CE_PIECECOORDINATION:0.5253795697367236
CE_MATERIAL:0.4479485706937492
CE_KINGSAFETY:0.49273917074744417
C_PIECESQUARETABLES:0.512261406912661
C_MOBILITY:0.5503495906569116
C_KINGSAFETY:0.48030932043178
C_PAWNSTRUCTURE:0.4785609253038563
C_PIECECOORDINATION:0.49625570291945903
C_ROOK:0.5486482588420337
CE_ROOK:0.4012868273361242
C_CENTERCONTROL:0.4442093231216602
C_DEVELOPPIECES:0.5118799692459518
C_MATERIAL:0.46851384114217504
C_MOVECOUNT:0.5243986796535226
C_PAWNMOVEMENT:0.4656408780344888
