ELO:842
CE_PASSEDPAWNS:0.5062304107295066
CE_PAWNWEAKNESSES:0.5923920639999757
CE_PIECEACTIVITY:0.4437473259238636
CE_KINGPAWNSHIELD:0.497763085767956
CE_PIECECOORDINATION:0.4933140460879
CE_MATERIAL:0.4723867642144436
CE_KINGSAFETY:0.4792968456786051
C_PIECESQUARETABLES:0.4971412578578502
C_MOBILITY:0.4780219718827323
C_KINGSAFETY:0.5267977218580384
C_PAWNSTRUCTURE:0.47928721818817815
C_PIECECOORDINATION:0.5000776925447135
C_ROOKANDPAWNMOVEMENT:0.5000776925447135
C_CENTERCONTROL:0.5000947057891505
C_DEVELOPPIECES:0.45200726983836964
C_MATERIAL:0.4528207897269101
C_MOVECOUNT:0.5
