ELO:915
CE_PASSEDPAWNS:0.43493774124094914
CE_PAWNWEAKNESSES:0.4955380969518959
CE_PIECEACTIVITY:0.5898923349645534
CE_KINGPAWNSHIELD:0.49486646256129524
CE_PIECECOORDINATION:0.5331141590617223
CE_MATERIAL:0.4080893358027297
CE_KINGSAFETY:0.494326847464029
C_PIECESQUARETABLES:0.4930721345180566
C_MOBILITY:0.47993994459351497
C_KINGSAFETY:0.47729919354032413
C_PAWNSTRUCTURE:0.5237573277390156
C_PIECECOORDINATION:0.5391599995717251
C_ROOKANDPAWNMOVEMENT:0.5391599995717251
C_CENTERCONTROL:0.4849097731255209
C_DEVELOPPIECES:0.4636373481385144
C_MATERIAL:0.5160667281323807
