ELO:949
CE_PASSEDPAWNS:0.4028783646315283
CE_PAWNWEAKNESSES:0.45690437166113607
CE_PIECEACTIVITY:0.5881862371731242
CE_KINGPAWNSHIELD:0.515582254927028
CE_PIECECOORDINATION:0.41931446140778855
CE_MATERIAL:0.5325964933910042
CE_KINGSAFETY:0.5062191028737101
C_PIECESQUARETABLES:0.5
C_MOBILITY:0.5188862111463483
C_KINGSAFETY:0.6031471672304642
C_PAWNSTRUCTURE:0.4758507081453063
C_PIECECOORDINATION:0.4772365025584503
C_ROOKANDPAWNMOVEMENT:0.4772365025584503
C_CENTERCONTROL:0.4304711822760578
C_DEVELOPPIECES:0.5361338596979797
C_MATERIAL:0.45465862100148696
