ELO:880
CE_PASSEDPAWNS:0.5143414299114013
CE_PAWNWEAKNESSES:0.4974563860324901
CE_PIECEACTIVITY:0.49083748732010485
CE_KINGPAWNSHIELD:0.4757972910001536
CE_PIECECOORDINATION:0.5527993208150488
CE_MATERIAL:0.45654427221225286
CE_KINGSAFETY:0.5054411329370812
C_PIECESQUARETABLES:0.5033746989619589
C_MOBILITY:0.4670104249956529
C_KINGSAFETY:0.472930114391534
C_PAWNSTRUCTURE:0.5023097976194233
C_PIECECOORDINATION:0.49139032432381574
C_ROOKANDPAWNMOVEMENT:0.49139032432381574
C_CENTERCONTROL:0.564650937916559
C_DEVELOPPIECES:0.48388444020601495
C_MATERIAL:0.5159884172431579
C_MOVECOUNT:0.5
