ELO:957
CE_PASSEDPAWNS:0.46482019803711844
CE_PAWNWEAKNESSES:0.47344420245401375
CE_PIECEACTIVITY:0.5455681410275676
CE_KINGPAWNSHIELD:0.4757150203505013
CE_PIECECOORDINATION:0.522174036524153
CE_MATERIAL:0.4367473728584848
CE_KINGSAFETY:0.5159831939901085
C_PIECESQUARETABLES:0.5176166620545254
C_MOBILITY:0.4824367065156497
C_KINGSAFETY:0.5069610660282047
C_PAWNSTRUCTURE:0.5344874068329579
C_PIECECOORDINATION:0.4969596146968137
C_ROOKANDPAWNMOVEMENT:0.4969596146968137
C_CENTERCONTROL:0.4850483227027954
C_DEVELOPPIECES:0.47929362981890083
C_MATERIAL:0.5116654301094887
