ELO:906
CE_PASSEDPAWNS:0.5028521508030003
CE_PAWNWEAKNESSES:0.4931467227057439
CE_PIECEACTIVITY:0.5056904240939394
CE_KINGPAWNSHIELD:0.4914625098155153
CE_PIECECOORDINATION:0.5477195997717295
CE_MATERIAL:0.4543243646259069
CE_KINGSAFETY:0.49701310588095493
C_PIECESQUARETABLES:0.5033746989619589
C_MOBILITY:0.444986724426019
C_KINGSAFETY:0.4825751488518398
C_PAWNSTRUCTURE:0.49868356753157894
C_PIECECOORDINATION:0.4840348603237792
C_ROOKANDPAWNMOVEMENT:0.4840348603237792
C_CENTERCONTROL:0.5564898027220022
C_DEVELOPPIECES:0.48180859617688093
C_MATERIAL:0.514523900843398
C_MOVECOUNT:0.5
