ELO:652
CE_PASSEDPAWNS:0.4938044057644014
CE_PAWNWEAKNESSES:0.6014207418969119
CE_PIECEACTIVITY:0.5218048111451759
CE_KINGPAWNSHIELD:0.5629505931079912
CE_PIECECOORDINATION:0.4422298791116152
CE_MATERIAL:0.44439524814897846
CE_KINGSAFETY:0.4493798760266489
C_PIECESQUARETABLES:0.5299104001935259
C_MOBILITY:0.5162827306402202
C_KINGSAFETY:0.4813175505194602
C_PAWNSTRUCTURE:0.55760863852917
C_PIECECOORDINATION:0.5205193527465235
C_ROOKANDPAWNMOVEMENT:0.5205193527465235
C_CENTERCONTROL:0.5118288284491292
C_DEVELOPPIECES:0.4080374870744584
C_MATERIAL:0.44823403086264707
C_MOVECOUNT:0.5417905038523629
