ELO:1000
CE_PASSEDPAWNS:0.47866703540981287
CE_PAWNWEAKNESSES:0.5719150194019056
CE_PIECEACTIVITY:0.5482011863878049
CE_KINGPAWNSHIELD:0.4581084981601121
CE_PIECECOORDINATION:0.46974276703568124
CE_MATERIAL:0.4593289537921927
CE_KINGSAFETY:0.4800118109502015
C_PIECESQUARETABLES:0.4917455920228325
C_MOBILITY:0.5166371174629228
C_KINGSAFETY:0.515450970035347
C_PAWNSTRUCTURE:0.49991381051951567
C_PIECECOORDINATION:0.5159475985464707
C_ROOKANDPAWNMOVEMENT:0.5159475985464707
C_CENTERCONTROL:0.5072447279834333
C_DEVELOPPIECES:0.49296581049919247
C_MATERIAL:0.4914570082856691
