ELO:937
CE_PASSEDPAWNS:0.4887805430729498
CE_PAWNWEAKNESSES:0.43530555577816477
CE_PIECEACTIVITY:0.5118254241141482
CE_KINGPAWNSHIELD:0.4802278005294418
CE_PIECECOORDINATION:0.5210298930676922
CE_MATERIAL:0.4479485706937492
CE_KINGSAFETY:0.5
C_PIECESQUARETABLES:0.4778651697079402
C_MOBILITY:0.5503495906569116
C_KINGSAFETY:0.4856209058599315
C_PAWNSTRUCTURE:0.48642447722855164
C_PIECECOORDINATION:0.5016740617689603
C_ROOK:0.5575971885712929
CE_ROOK:0.4269171074235045
C_CENTERCONTROL:0.46471383877229266
C_DEVELOPPIECES:0.5355624988051934
C_MATERIAL:0.4790654075184327
C_MOVECOUNT:0.5069864676187092
C_PAWNMOVEMENT:0.4994718771341167
