ELO:976
CE_PASSEDPAWNS:0.4625737086546806
CE_PAWNWEAKNESSES:0.5344307591382552
CE_PIECEACTIVITY:0.526715642776632
CE_KINGPAWNSHIELD:0.5024751155417522
CE_PIECECOORDINATION:0.5183763243005101
CE_MATERIAL:0.5161482573750376
CE_KINGSAFETY:0.5
C_PIECESQUARETABLES:0.5166707239455033
C_MOBILITY:0.5391337967531254
C_KINGSAFETY:0.5108334421844213
C_PAWNSTRUCTURE:0.5051244512817898
C_PIECECOORDINATION:0.4853428654975856
C_ROOK:0.5363278611052644
CE_ROOK:0.5223916827099393
C_CENTERCONTROL:0.5176124662797414
C_DEVELOPPIECES:0.529359205783245
C_MATERIAL:0.45905998512628504
C_MOVECOUNT:0.5030307855610345
C_PAWNMOVEMENT:0.47745900606331554
