ELO:961
CE_PASSEDPAWNS:0.4952011669940999
CE_PAWNWEAKNESSES:0.5156509889538987
CE_PIECEACTIVITY:0.4749414153229975
CE_KINGPAWNSHIELD:0.508940452563115
CE_PIECECOORDINATION:0.5013903296050901
CE_MATERIAL:0.4935400273401483
CE_KINGSAFETY:0.4851879296155946
C_PIECESQUARETABLES:0.48848684139942516
C_MOBILITY:0.5143756561104901
C_KINGSAFETY:0.5350581070769497
C_PAWNSTRUCTURE:0.5094676892838677
C_PIECECOORDINATION:0.5051702047339885
C_ROOKANDPAWNMOVEMENT:0.5051702047339885
C_CENTERCONTROL:0.4988467205589096
C_DEVELOPPIECES:0.49316584292653703
C_MATERIAL:0.5043387188472418
C_MOVECOUNT:0.4913747180165216
