ELO:988
CE_PASSEDPAWNS:0.3671258369474086
CE_PAWNWEAKNESSES:0.5128889835512717
CE_PIECEACTIVITY:0.512560347893583
CE_KINGPAWNSHIELD:0.3993386953173311
CE_PIECECOORDINATION:0.45543883149057895
CE_MATERIAL:0.5561775794490093
CE_KINGSAFETY:0.5002204062286526
C_PIECESQUARETABLES:0.5065484216347094
C_MOBILITY:0.49816549280442246
C_KINGSAFETY:0.5067668209108859
C_PAWNSTRUCTURE:0.518640059212326
C_PIECECOORDINATION:0.53603969053905
C_ROOKANDPAWNMOVEMENT:0.53603969053905
C_CENTERCONTROL:0.3872993570559401
C_DEVELOPPIECES:0.48843368908978846
C_MATERIAL:0.5859692747107864
