ELO:997
CE_PASSEDPAWNS:0.4615744613041986
CE_PAWNWEAKNESSES:0.5177326094977515
CE_PIECEACTIVITY:0.5340842493176922
CE_KINGPAWNSHIELD:0.47896868310727825
CE_PIECECOORDINATION:0.5220555521364231
CE_MATERIAL:0.4366431002191192
CE_KINGSAFETY:0.41521122452854814
C_PIECESQUARETABLES:0.503251138834894
C_MOBILITY:0.5002449215675548
C_KINGSAFETY:0.510691522787509
C_PAWNSTRUCTURE:0.5395159392053167
C_PIECECOORDINATION:0.49236737794690033
C_ROOKANDPAWNMOVEMENT:0.49236737794690033
C_CENTERCONTROL:0.5164876782595242
C_DEVELOPPIECES:0.4742847787368181
C_MATERIAL:0.4797262378747526
