ELO:890
CE_PASSEDPAWNS:0.3908216774756938
CE_PAWNWEAKNESSES:0.5044044443588312
CE_PIECEACTIVITY:0.5531122938609535
CE_KINGPAWNSHIELD:0.5042145690799147
CE_PIECECOORDINATION:0.5103402099381912
CE_MATERIAL:0.4076923967307843
CE_KINGSAFETY:0.47164105569763476
C_PIECESQUARETABLES:0.48952459857085545
C_MOBILITY:0.5214184276661922
C_KINGSAFETY:0.4717629784483886
C_PAWNSTRUCTURE:0.5210018886657536
C_PIECECOORDINATION:0.5121228639469638
C_ROOKANDPAWNMOVEMENT:0.5121228639469638
C_CENTERCONTROL:0.47541795536593523
C_DEVELOPPIECES:0.4432532014389216
C_MATERIAL:0.4990345914350445
