ELO:684
CE_PASSEDPAWNS:0.5253230941963624
CE_PAWNWEAKNESSES:0.4252451033918561
CE_PIECEACTIVITY:0.48970965800323746
CE_KINGPAWNSHIELD:0.48652111906750206
CE_PIECECOORDINATION:0.5404468902864081
CE_MATERIAL:0.423059538278762
CE_KINGSAFETY:0.5025025197714003
C_PIECESQUARETABLES:0.5069964284590016
C_MOBILITY:0.4728558269307
C_KINGSAFETY:0.5134071419712569
C_PAWNSTRUCTURE:0.5308570326148783
C_PIECECOORDINATION:0.3992351240907557
C_ROOKANDPAWNMOVEMENT:0.3992351240907557
C_CENTERCONTROL:0.5039983451115111
C_DEVELOPPIECES:0.674097706346497
C_MATERIAL:0.48611425183320245
C_MOVECOUNT:0.43874048992342823
