ELO:985
CE_PASSEDPAWNS:0.5219537602841758
CE_PAWNWEAKNESSES:0.4910403558832748
CE_PIECEACTIVITY:0.5229622176985768
CE_KINGPAWNSHIELD:0.5514414160946545
CE_PIECECOORDINATION:0.5020687518206898
CE_MATERIAL:0.5014107181651769
CE_KINGSAFETY:0.5037244949763612
C_PIECESQUARETABLES:0.5093897019497889
C_MOBILITY:0.49416601335760574
C_KINGSAFETY:0.5512249025898746
C_PAWNSTRUCTURE:0.4939224844568478
C_PIECECOORDINATION:0.5
C_ROOKANDPAWNMOVEMENT:0.5
C_CENTERCONTROL:0.48571960679200077
C_DEVELOPPIECES:0.4998023192094894
C_MATERIAL:0.4912765378276028
C_MOVECOUNT:0.5
