ELO:1000
CE_PASSEDPAWNS:0.5659020153375438
CE_PAWNWEAKNESSES:0.48996713477893106
CE_PIECEACTIVITY:0.4990564272895107
CE_KINGPAWNSHIELD:0.4566214668851578
CE_PIECECOORDINATION:0.4637706216243931
CE_MATERIAL:0.43252334700645717
CE_KINGSAFETY:0.47753615382791126
C_PIECESQUARETABLES:0.5550039131098078
C_MOBILITY:0.41250532024169556
C_KINGSAFETY:0.4339318951772439
C_PAWNSTRUCTURE:0.436887859690544
C_PIECECOORDINATION:0.42874266064735556
C_ROOKANDPAWNMOVEMENT:0.42874266064735556
C_CENTERCONTROL:0.49675827481740464
C_DEVELOPPIECES:0.47417897399722464
C_MATERIAL:0.4526931778470457
