ELO:1089
CE_PASSEDPAWNS:0.6210095708965945
CE_PAWNWEAKNESSES:0.4913955703625296
CE_PIECEACTIVITY:0.46492890058634384
CE_KINGPAWNSHIELD:0.4888774821619666
CE_PIECECOORDINATION:0.47441028294262316
CE_MATERIAL:0.45398262924940724
CE_KINGSAFETY:0.5015958398734822
C_PIECESQUARETABLES:0.5114141990066158
C_MOBILITY:0.4112722069143858
C_KINGSAFETY:0.5076807408223325
C_PAWNSTRUCTURE:0.41159374709656454
C_PIECECOORDINATION:0.47863206872267633
C_ROOKANDPAWNMOVEMENT:0.47863206872267633
C_CENTERCONTROL:0.5241516181776379
C_DEVELOPPIECES:0.5747298027528069
C_MATERIAL:0.42037145141469806
