ELO:988
CE_PASSEDPAWNS:0.5606132354405816
CE_PAWNWEAKNESSES:0.5220979681396317
CE_PIECEACTIVITY:0.4609441755155157
CE_KINGPAWNSHIELD:0.4859769931544108
CE_PIECECOORDINATION:0.4428508721845993
CE_MATERIAL:0.4188946529145197
CE_KINGSAFETY:0.48293296672730923
C_PIECESQUARETABLES:0.5742406400809528
C_MOBILITY:0.4249369581164614
C_KINGSAFETY:0.41495039678194207
C_PAWNSTRUCTURE:0.44237855747191224
C_PIECECOORDINATION:0.4364669826266172
C_ROOKANDPAWNMOVEMENT:0.4364669826266172
C_CENTERCONTROL:0.4952508330932925
C_DEVELOPPIECES:0.45150177867878766
C_MATERIAL:0.4562934507480786
