ELO:1000
CE_PASSEDPAWNS:0.5617729780501799
CE_PAWNWEAKNESSES:0.4851215385397494
CE_PIECEACTIVITY:0.48898417678194345
CE_KINGPAWNSHIELD:0.4680305113428795
CE_PIECECOORDINATION:0.4717650937216452
CE_MATERIAL:0.47989379641655433
CE_KINGSAFETY:0.4806154348327482
C_PIECESQUARETABLES:0.5033001024471814
C_MOBILITY:0.4559213388073875
C_KINGSAFETY:0.466116161046486
C_PAWNSTRUCTURE:0.4867002792476151
C_PIECECOORDINATION:0.46359246301255336
C_ROOKANDPAWNMOVEMENT:0.46359246301255336
C_CENTERCONTROL:0.46386122258254464
C_DEVELOPPIECES:0.48133907700862205
C_MATERIAL:0.48568861012967435
