ELO:947
CE_PASSEDPAWNS:0.5021462541618922
CE_PAWNWEAKNESSES:0.5644555377796191
CE_PIECEACTIVITY:0.48044338521688795
CE_KINGPAWNSHIELD:0.48085019071043156
CE_PIECECOORDINATION:0.5370716038295147
CE_MATERIAL:0.48530489950885486
CE_KINGSAFETY:0.5
C_PIECESQUARETABLES:0.5
C_MOBILITY:0.45718181375144057
C_KINGSAFETY:0.4879731656614734
C_PAWNSTRUCTURE:0.48891549460029676
C_PIECECOORDINATION:0.48326801591899904
C_ROOK:0.47777523521027676
CE_ROOK:0.5014997143882658
C_CENTERCONTROL:0.48943947207406213
C_DEVELOPPIECES:0.5261051650410098
C_MATERIAL:0.511982916479632
C_MOVECOUNT:0.4942213907493856
C_PAWNMOVEMENT:0.47108304089920344
