ELO:970
CE_PASSEDPAWNS:0.5100743373013906
CE_PAWNWEAKNESSES:0.45552697470558795
CE_PIECEACTIVITY:0.48591567333554914
CE_KINGPAWNSHIELD:0.4905195355912789
CE_PIECECOORDINATION:0.5419066883328273
CE_MATERIAL:0.5181118800115283
CE_KINGSAFETY:0.5
C_PIECESQUARETABLES:0.5
C_MOBILITY:0.4425330139703929
C_KINGSAFETY:0.5415483211617792
C_PAWNSTRUCTURE:0.5095808864529375
C_PIECECOORDINATION:0.527186157488274
C_ROOK:0.5253812724396685
CE_ROOK:0.5003120389205868
C_CENTERCONTROL:0.4756873499815467
C_DEVELOPPIECES:0.466731763139218
C_MATERIAL:0.48517692149195024
C_MOVECOUNT:0.5357795747170718
C_PAWNMOVEMENT:0.5235422462285775
