ELO:973
CE_PASSEDPAWNS:0.5468168730587831
CE_PAWNWEAKNESSES:0.5345350411815805
CE_PIECEACTIVITY:0.4683461559201164
CE_KINGPAWNSHIELD:0.5115908299062711
CE_PIECECOORDINATION:0.4437652211003806
CE_MATERIAL:0.40232102343448983
CE_KINGSAFETY:0.5
C_PIECESQUARETABLES:0.50328652771158
C_MOBILITY:0.4259395556756755
C_KINGSAFETY:0.4434787678087548
C_PAWNSTRUCTURE:0.4394328753807696
C_PIECECOORDINATION:0.4570360339158269
C_ROOKANDPAWNMOVEMENT:0.4570360339158269
C_CENTERCONTROL:0.47880620450215106
C_DEVELOPPIECES:0.4620890588402705
C_MATERIAL:0.4501909190425292
