ELO:645
CE_PASSEDPAWNS:0.5386369455194235
CE_PAWNWEAKNESSES:0.43878946300342214
CE_PIECEACTIVITY:0.5129239804562564
CE_KINGPAWNSHIELD:0.5066327653210425
CE_PIECECOORDINATION:0.5400114560889564
CE_MATERIAL:0.45243591347386336
CE_KINGSAFETY:0.51283432341704
C_PIECESQUARETABLES:0.5286003991118273
C_MOBILITY:0.518522558411448
C_KINGSAFETY:0.5025386207591915
C_PAWNSTRUCTURE:0.5513228370574138
C_PIECECOORDINATION:0.40437241550875164
C_ROOKANDPAWNMOVEMENT:0.40437241550875164
C_CENTERCONTROL:0.46092992097951785
C_DEVELOPPIECES:0.6871364109303195
C_MATERIAL:0.4816696660266255
C_MOVECOUNT:0.419831700536801
