ELO:956
CE_PASSEDPAWNS:0.5051029944316188
CE_PAWNWEAKNESSES:0.5591454820390409
CE_PIECEACTIVITY:0.4794359397603293
CE_KINGPAWNSHIELD:0.46604747712143324
CE_PIECECOORDINATION:0.5370716038295147
CE_MATERIAL:0.4772288811502865
CE_KINGSAFETY:0.5203683318363621
C_PIECESQUARETABLES:0.50631590198388
C_MOBILITY:0.4673690247264697
C_KINGSAFETY:0.4879731656614734
C_PAWNSTRUCTURE:0.48891549460029676
C_PIECECOORDINATION:0.4832371814899648
C_ROOK:0.47777523521027676
CE_ROOK:0.5014997143882658
C_CENTERCONTROL:0.5059025204369924
C_DEVELOPPIECES:0.5177340636544397
C_MATERIAL:0.5151658670509016
C_MOVECOUNT:0.48622024963064964
C_PAWNMOVEMENT:0.47934806013644204
