ELO:1000
CE_PASSEDPAWNS:0.5706662449951367
CE_PAWNWEAKNESSES:0.4851215385397494
CE_PIECEACTIVITY:0.4977252828663789
CE_KINGPAWNSHIELD:0.4825165207190066
CE_PIECECOORDINATION:0.47077150675657126
CE_MATERIAL:0.4848217568897002
CE_KINGSAFETY:0.49323200083245383
C_PIECESQUARETABLES:0.5099602921400077
C_MOBILITY:0.45633658707413677
C_KINGSAFETY:0.48537589831913414
C_PAWNSTRUCTURE:0.5044011911799822
C_PIECECOORDINATION:0.46794802931652596
C_ROOKANDPAWNMOVEMENT:0.46794802931652596
C_CENTERCONTROL:0.4392585588979801
C_DEVELOPPIECES:0.4869767833241243
C_MATERIAL:0.47395410309838143
