ELO:946
CE_PASSEDPAWNS:0.4725839179787901
CE_PAWNWEAKNESSES:0.5010370723992343
CE_PIECEACTIVITY:0.4618993913178937
CE_KINGPAWNSHIELD:0.5140459758454115
CE_PIECECOORDINATION:0.5040858684029907
CE_MATERIAL:0.5084408720273283
CE_KINGSAFETY:0.49483359046353803
C_PIECESQUARETABLES:0.49127057246160183
C_MOBILITY:0.4874844768157112
C_KINGSAFETY:0.5320927845962509
C_PAWNSTRUCTURE:0.5068123422125472
C_PIECECOORDINATION:0.5119862950513809
C_ROOK:0.5030046717936729
CE_ROOK:0.480484923974777
C_CENTERCONTROL:0.5137576511879477
C_DEVELOPPIECES:0.5210625670009514
C_MATERIAL:0.4976592408537434
C_MOVECOUNT:0.5334814552947068
C_PAWNMOVEMENT:0.44679132636785523
