ELO:1074
CE_PASSEDPAWNS:0.5094595835636113
CE_PAWNWEAKNESSES:0.4975223358919643
CE_PIECEACTIVITY:0.5
CE_KINGPAWNSHIELD:0.5780727555957418
CE_PIECECOORDINATION:0.4696724593437243
CE_MATERIAL:0.4712264456539716
CE_KINGSAFETY:0.5408009059881639
C_PIECESQUARETABLES:0.5110461253143206
C_MOBILITY:0.43143216850071237
C_KINGSAFETY:0.5
C_PAWNSTRUCTURE:0.45005138481709195
C_PIECECOORDINATION:0.4951108031370971
C_ROOKANDPAWNMOVEMENT:0.4951108031370971
C_CENTERCONTROL:0.5
C_DEVELOPPIECES:0.5
C_MATERIAL:0.49354454768949635
C_MOVECOUNT:0.5
