ELO:899
CE_PASSEDPAWNS:0.5780261037010471
CE_PAWNWEAKNESSES:0.5403867741313757
CE_PIECEACTIVITY:0.4183694833886222
CE_KINGPAWNSHIELD:0.44307398778551266
CE_PIECECOORDINATION:0.5106794352530624
CE_MATERIAL:0.5581655844205166
CE_KINGSAFETY:0.48553190564870913
C_PIECESQUARETABLES:0.5717193601201958
C_MOBILITY:0.537252554225812
C_KINGSAFETY:0.5887718636036479
C_PAWNSTRUCTURE:0.5289745633071175
C_PIECECOORDINATION:0.3592472273848753
C_ROOKANDPAWNMOVEMENT:0.3592472273848753
C_CENTERCONTROL:0.5103854670521848
C_DEVELOPPIECES:0.47003127521532856
C_MATERIAL:0.5125226535830207
