ELO:1020
CE_PASSEDPAWNS:0.5
CE_PAWNWEAKNESSES:0.5119306237813965
CE_PIECEACTIVITY:0.5
CE_KINGPAWNSHIELD:0.5
CE_PIECECOORDINATION:0.5
CE_MATERIAL:0.5021842815674529
CE_KINGSAFETY:0.4985302939832885
C_PIECESQUARETABLES:0.5098300586671989
C_MOBILITY:0.5063689139207795
C_KINGSAFETY:0.5
C_PAWNSTRUCTURE:0.490988735376119
C_PIECECOORDINATION:0.5
C_ROOKANDPAWNMOVEMENT:0.5
C_CENTERCONTROL:0.5
C_DEVELOPPIECES:0.49748981895648625
C_MATERIAL:0.5
