ELO:998
CE_PASSEDPAWNS:0.5
CE_PAWNWEAKNESSES:0.4891937149907751
CE_PIECEACTIVITY:0.516879786448195
CE_KINGPAWNSHIELD:0.5056499261056522
CE_PIECECOORDINATION:0.4757113484656304
CE_MATERIAL:0.5
CE_KINGSAFETY:0.5
C_PIECESQUARETABLES:0.4793670406866296
C_MOBILITY:0.5130888976365318
C_KINGSAFETY:0.5
C_PAWNSTRUCTURE:0.5033143007888913
C_PIECECOORDINATION:0.5054489066716122
C_ROOKANDPAWNMOVEMENT:0.5054489066716122
C_CENTERCONTROL:0.4862161027461679
C_DEVELOPPIECES:0.5
C_MATERIAL:0.5261058565229252
C_MOVECOUNT:0.5
