ELO:733
CE_PASSEDPAWNS:0.514437497996431
CE_PAWNWEAKNESSES:0.4359794691530907
CE_PIECEACTIVITY:0.49272277928458286
CE_KINGPAWNSHIELD:0.5075456608066907
CE_PIECECOORDINATION:0.5358280705250814
CE_MATERIAL:0.4204908261896628
CE_KINGSAFETY:0.5012884799116457
C_PIECESQUARETABLES:0.49134040084715835
C_MOBILITY:0.44400772283819767
C_KINGSAFETY:0.5174222513084102
C_PAWNSTRUCTURE:0.5122173634775897
C_PIECECOORDINATION:0.4008759494270445
C_ROOKANDPAWNMOVEMENT:0.4008759494270445
C_CENTERCONTROL:0.5389315123400753
C_DEVELOPPIECES:0.6328179847451127
C_MATERIAL:0.501405117939709
C_MOVECOUNT:0.4578264728905838
