ELO:1103
CE_PASSEDPAWNS:0.6594503175061772
CE_PAWNWEAKNESSES:0.5961187727094499
CE_PIECEACTIVITY:0.49198362106709365
CE_KINGPAWNSHIELD:0.47135115916849446
CE_PIECECOORDINATION:0.48577542742940094
CE_MATERIAL:0.39783305558335186
CE_KINGSAFETY:0.5014772654196771
C_PIECESQUARETABLES:0.506472396234193
C_MOBILITY:0.4329335756231121
C_KINGSAFETY:0.48783883279665985
C_PAWNSTRUCTURE:0.4164582215773168
C_PIECECOORDINATION:0.4687210328907045
C_ROOKANDPAWNMOVEMENT:0.4687210328907045
C_CENTERCONTROL:0.5260104394881124
C_DEVELOPPIECES:0.5861879574541808
C_MATERIAL:0.4176852877459379
