ELO:988
CE_PASSEDPAWNS:0.507270907168356
CE_PAWNWEAKNESSES:0.5
CE_PIECEACTIVITY:0.49071438359999436
CE_KINGPAWNSHIELD:0.5
CE_PIECECOORDINATION:0.4912768288439013
CE_MATERIAL:0.5
CE_KINGSAFETY:0.5
C_PIECESQUARETABLES:0.5035656445773389
C_MOBILITY:0.5
C_KINGSAFETY:0.5
C_PAWNSTRUCTURE:0.49083544668431967
C_PIECECOORDINATION:0.5
C_ROOK:0.4986977359031154
CE_ROOK:0.5043239943449894
C_CENTERCONTROL:0.5073697284457057
C_DEVELOPPIECES:0.5118253286269353
C_MATERIAL:0.5
C_MOVECOUNT:0.5036933684031762
C_PAWNMOVEMENT:0.49853065890648574
