ELO:938
CE_PASSEDPAWNS:0.5842932709117825
CE_PAWNWEAKNESSES:0.4690337488482809
CE_PIECEACTIVITY:0.4509972629493903
CE_KINGPAWNSHIELD:0.4916936992199778
CE_PIECECOORDINATION:0.3766713431313691
CE_MATERIAL:0.4108789990683627
CE_KINGSAFETY:0.49656487427462187
C_PIECESQUARETABLES:0.5233394915579285
C_MOBILITY:0.38471057274157067
C_KINGSAFETY:0.4022057000766802
C_PAWNSTRUCTURE:0.4305025543955306
C_PIECECOORDINATION:0.5198317089053544
C_ROOKANDPAWNMOVEMENT:0.5198317089053544
C_CENTERCONTROL:0.4884494558194228
C_DEVELOPPIECES:0.4451586890174282
C_MATERIAL:0.5117310929931195
