ELO:895
CE_PASSEDPAWNS:0.5250818817777942
CE_PAWNWEAKNESSES:0.5282335823643522
CE_PIECEACTIVITY:0.5141682954005458
CE_KINGPAWNSHIELD:0.5494369552911647
CE_PIECECOORDINATION:0.5034508807816565
CE_MATERIAL:0.5462583057294679
CE_KINGSAFETY:0.5254267190892061
C_PIECESQUARETABLES:0.4841762074539607
C_MOBILITY:0.5300572283348594
C_KINGSAFETY:0.5476638476531015
C_PAWNSTRUCTURE:0.5154579442109941
C_PIECECOORDINATION:0.4831466252040406
C_ROOKANDPAWNMOVEMENT:0.4831466252040406
C_CENTERCONTROL:0.5403479610973958
C_DEVELOPPIECES:0.5307635032843921
C_MATERIAL:0.41864685836748317
C_MOVECOUNT:0.46341206373049204
