ELO:879
CE_PASSEDPAWNS:0.5115707184870699
CE_PAWNWEAKNESSES:0.4745656523086471
CE_PIECEACTIVITY:0.4978003285699198
CE_KINGPAWNSHIELD:0.5091811779236696
CE_PIECECOORDINATION:0.542898632176986
CE_MATERIAL:0.5053509599349787
CE_KINGSAFETY:0.5086867724285453
C_PIECESQUARETABLES:0.49914343685496765
C_MOBILITY:0.4901354298723385
C_KINGSAFETY:0.5079150129150724
C_PAWNSTRUCTURE:0.5211758383460586
C_PIECECOORDINATION:0.5050062530268621
C_ROOK:0.5063955874999896
CE_ROOK:0.49854498813379056
C_CENTERCONTROL:0.4897811317608048
C_DEVELOPPIECES:0.5133557826380503
C_MATERIAL:0.5011728099601801
C_MOVECOUNT:0.5215666041916738
C_PAWNMOVEMENT:0.5365895015479611
