ELO:992
CE_PASSEDPAWNS:0.5654428366905218
CE_PAWNWEAKNESSES:0.5320598418365275
CE_PIECEACTIVITY:0.4819525103823225
CE_KINGPAWNSHIELD:0.4777679641961447
CE_PIECECOORDINATION:0.4526947447917957
CE_MATERIAL:0.43016681850477184
CE_KINGSAFETY:0.47097948376225385
C_PIECESQUARETABLES:0.5603130696279537
C_MOBILITY:0.4155380468145251
C_KINGSAFETY:0.41495039678194207
C_PAWNSTRUCTURE:0.4324195935144416
C_PIECECOORDINATION:0.4364669826266172
C_ROOKANDPAWNMOVEMENT:0.4364669826266172
C_CENTERCONTROL:0.493195693360197
C_DEVELOPPIECES:0.46944038733515964
C_MATERIAL:0.4499854299066964
