ELO:957
CE_PASSEDPAWNS:0.4775132147983737
CE_PAWNWEAKNESSES:0.6079347360267783
CE_PIECEACTIVITY:0.5882094117581832
CE_KINGPAWNSHIELD:0.613908416721253
CE_PIECECOORDINATION:0.5923763098700008
CE_MATERIAL:0.5871124894216431
CE_KINGSAFETY:0.5
C_PIECESQUARETABLES:0.5
C_MOBILITY:0.43436347183104795
C_KINGSAFETY:0.37360153399675444
C_PAWNSTRUCTURE:0.547187426546831
C_PIECECOORDINATION:0.43081647333421896
C_ROOKANDPAWNMOVEMENT:0.43081647333421896
C_CENTERCONTROL:0.5917255610074821
C_DEVELOPPIECES:0.4262195422799493
C_MATERIAL:0.6235476217142814
