ELO:1040
CE_PASSEDPAWNS:0.4919572662516037
CE_PAWNWEAKNESSES:0.5119362534302083
CE_PIECEACTIVITY:0.5
CE_KINGPAWNSHIELD:0.5038321551595335
CE_PIECECOORDINATION:0.5024664189293215
CE_MATERIAL:0.5
CE_KINGSAFETY:0.5
C_PIECESQUARETABLES:0.5
C_MOBILITY:0.5
C_KINGSAFETY:0.5035352839992336
C_PAWNSTRUCTURE:0.4981062893091869
C_PIECECOORDINATION:0.5075848755586629
C_ROOKANDPAWNMOVEMENT:0.5075848755586629
C_CENTERCONTROL:0.4781918262268755
C_DEVELOPPIECES:0.5
C_MATERIAL:0.5
C_MOVECOUNT:0.5
