ELO:885
CE_PASSEDPAWNS:0.5029977896865289
CE_PAWNWEAKNESSES:0.5311002357707939
CE_PIECEACTIVITY:0.4944304458646322
CE_KINGPAWNSHIELD:0.48090303376006327
CE_PIECECOORDINATION:0.535936844381075
CE_MATERIAL:0.4752737835782168
CE_KINGSAFETY:0.5066239872232897
C_PIECESQUARETABLES:0.4919343107764717
C_MOBILITY:0.46944054412303377
C_KINGSAFETY:0.5030964225891859
C_PAWNSTRUCTURE:0.4827229973910974
C_PIECECOORDINATION:0.4975508555989814
C_ROOK:0.4717286992792689
CE_ROOK:0.504211996440698
C_CENTERCONTROL:0.5218229048198486
C_DEVELOPPIECES:0.49801599609738967
C_MATERIAL:0.5205503805163769
C_MOVECOUNT:0.48053688175658976
C_PAWNMOVEMENT:0.5073826023295188
