ELO:1000
CE_PASSEDPAWNS:0.5779866817113904
CE_PAWNWEAKNESSES:0.49047753574901365
CE_PIECEACTIVITY:0.48895726381964283
CE_KINGPAWNSHIELD:0.4744774541870013
CE_PIECECOORDINATION:0.4565485189468886
CE_MATERIAL:0.4488378502348195
CE_KINGSAFETY:0.4744660759142514
C_PIECESQUARETABLES:0.5714084842255891
C_MOBILITY:0.40479852876482003
C_KINGSAFETY:0.44575842353814943
C_PAWNSTRUCTURE:0.4343077894270447
C_PIECECOORDINATION:0.424570821847612
C_ROOKANDPAWNMOVEMENT:0.424570821847612
C_CENTERCONTROL:0.5110889934369444
C_DEVELOPPIECES:0.4978545898717759
C_MATERIAL:0.4609782631417335
