ELO:925
CE_PASSEDPAWNS:0.5705102813178337
CE_PAWNWEAKNESSES:0.44982177011423186
CE_PIECEACTIVITY:0.43466262635430436
CE_KINGPAWNSHIELD:0.4956103808790424
CE_PIECECOORDINATION:0.37509347267229626
CE_MATERIAL:0.3836910489309708
CE_KINGSAFETY:0.501954982818903
C_PIECESQUARETABLES:0.5158712528514975
C_MOBILITY:0.3938277840513665
C_KINGSAFETY:0.4125547898461543
C_PAWNSTRUCTURE:0.43242979532819986
C_PIECECOORDINATION:0.5404564424034256
C_ROOKANDPAWNMOVEMENT:0.5404564424034256
C_CENTERCONTROL:0.5011899172413085
C_DEVELOPPIECES:0.43218482199683067
C_MATERIAL:0.5064583850378823
