ELO:1102
CE_PASSEDPAWNS:0.6130940621411644
CE_PAWNWEAKNESSES:0.42935483271371355
CE_PIECEACTIVITY:0.45864716858872484
CE_KINGPAWNSHIELD:0.4774259118591802
CE_PIECECOORDINATION:0.48579076732353754
CE_MATERIAL:0.46424554298863757
CE_KINGSAFETY:0.5
C_PIECESQUARETABLES:0.5
C_MOBILITY:0.5370795469295708
C_KINGSAFETY:0.6158500350771241
C_PAWNSTRUCTURE:0.4107315616311249
C_PIECECOORDINATION:0.4743755632327692
C_ROOKANDPAWNMOVEMENT:0.4743755632327692
C_CENTERCONTROL:0.4971758326519334
C_DEVELOPPIECES:0.5034004472324135
C_MATERIAL:0.4073474203952967
