ELO:1000
CE_PASSEDPAWNS:0.5558640681232841
CE_PAWNWEAKNESSES:0.48963808341926457
CE_PIECEACTIVITY:0.48671743246649474
CE_KINGPAWNSHIELD:0.5018123057243243
CE_PIECECOORDINATION:0.469134490288961
CE_MATERIAL:0.4777934829743924
CE_KINGSAFETY:0.5087820875409099
C_PIECESQUARETABLES:0.5120134055887992
C_MOBILITY:0.4542318871584776
C_KINGSAFETY:0.5031884074793013
C_PAWNSTRUCTURE:0.5118643739794279
C_PIECECOORDINATION:0.49848521549116814
C_ROOKANDPAWNMOVEMENT:0.49848521549116814
C_CENTERCONTROL:0.45971474024594566
C_DEVELOPPIECES:0.5102678683317684
C_MATERIAL:0.5018739026443748
