ELO:1000
CE_PASSEDPAWNS:0.48725239470120657
CE_PAWNWEAKNESSES:0.46579406911243876
CE_PIECEACTIVITY:0.5080391991406134
CE_KINGPAWNSHIELD:0.4462869183720561
CE_PIECECOORDINATION:0.5350187673063983
CE_MATERIAL:0.4801903014765528
CE_KINGSAFETY:0.5401392517341942
C_PIECESQUARETABLES:0.5803392843835665
C_MOBILITY:0.5644117941404514
C_KINGSAFETY:0.5575477227648881
C_PAWNSTRUCTURE:0.4590056008225748
C_PIECECOORDINATION:0.4651246306949918
C_ROOKANDPAWNMOVEMENT:0.4651246306949918
C_CENTERCONTROL:0.5698275035652561
C_DEVELOPPIECES:0.5189957587050554
C_MATERIAL:0.5041760107616897
