ELO:982
CE_PASSEDPAWNS:0.49125019080260635
CE_PAWNWEAKNESSES:0.4938106268283072
CE_PIECEACTIVITY:0.5071678869070303
CE_KINGPAWNSHIELD:0.5018663991390084
CE_PIECECOORDINATION:0.4952950169053003
CE_MATERIAL:0.5
CE_KINGSAFETY:0.4918461117001822
C_PIECESQUARETABLES:0.5044659504006508
C_MOBILITY:0.4907766709330299
C_KINGSAFETY:0.5123985808605754
C_PAWNSTRUCTURE:0.4966372974241077
C_PIECECOORDINATION:0.5136335175199119
C_ROOKANDPAWNMOVEMENT:0.5136335175199119
C_CENTERCONTROL:0.4886849521216177
C_DEVELOPPIECES:0.4965666554506598
C_MATERIAL:0.5091388470142311
