ELO:970
CE_PASSEDPAWNS:0.5100743373013906
CE_PAWNWEAKNESSES:0.45552697470558795
CE_PIECEACTIVITY:0.4837603124059437
CE_KINGPAWNSHIELD:0.5262422573849694
CE_PIECECOORDINATION:0.5419066883328273
CE_MATERIAL:0.48530489950885486
CE_KINGSAFETY:0.5
C_PIECESQUARETABLES:0.5
C_MOBILITY:0.4425330139703929
C_KINGSAFETY:0.5415483211617792
C_PAWNSTRUCTURE:0.5095808864529375
C_PIECECOORDINATION:0.527186157488274
C_ROOK:0.4815278812517449
CE_ROOK:0.5037130478715396
C_CENTERCONTROL:0.4756873499815467
C_DEVELOPPIECES:0.5420093269608914
C_MATERIAL:0.5206191101941107
C_MOVECOUNT:0.5357795747170718
C_PAWNMOVEMENT:0.5255535934914257
