ELO:933
CE_PASSEDPAWNS:0.5757974476596612
CE_PAWNWEAKNESSES:0.45643703506001126
CE_PIECEACTIVITY:0.43988762815837973
CE_KINGPAWNSHIELD:0.4916936992199778
CE_PIECECOORDINATION:0.4029273946642056
CE_MATERIAL:0.41013074971921665
CE_KINGSAFETY:0.502320594089407
C_PIECESQUARETABLES:0.5000845080816206
C_MOBILITY:0.38443573588638846
C_KINGSAFETY:0.4029941678389234
C_PAWNSTRUCTURE:0.44370259914048454
C_PIECECOORDINATION:0.5181848541359887
C_ROOKANDPAWNMOVEMENT:0.5181848541359887
C_CENTERCONTROL:0.5067934561141957
C_DEVELOPPIECES:0.44911038590420627
C_MATERIAL:0.5033211154774095
