ELO:1104
CE_PASSEDPAWNS:0.6440387162041904
CE_PAWNWEAKNESSES:0.47141412882302747
CE_PIECEACTIVITY:0.5623380694942438
CE_KINGPAWNSHIELD:0.6208131797722044
CE_PIECECOORDINATION:0.47950293270577005
CE_MATERIAL:0.44883205230976236
CE_KINGSAFETY:0.5202408485263421
C_PIECESQUARETABLES:0.5212425409906162
C_MOBILITY:0.42333580606804205
C_KINGSAFETY:0.6032553709895787
C_PAWNSTRUCTURE:0.39683881604429616
C_PIECECOORDINATION:0.4744009390707316
C_ROOKANDPAWNMOVEMENT:0.4744009390707316
C_CENTERCONTROL:0.5916556751746048
C_DEVELOPPIECES:0.5753688676062132
C_MATERIAL:0.41528798878512274
