ELO:968
CE_PASSEDPAWNS:0.6055050429153733
CE_PAWNWEAKNESSES:0.4812242460041382
CE_PIECEACTIVITY:0.4561051294118632
CE_KINGPAWNSHIELD:0.613908416721253
CE_PIECECOORDINATION:0.5413387408924575
CE_MATERIAL:0.5237977000085245
CE_KINGSAFETY:0.5144427563457288
C_PIECESQUARETABLES:0.4930379843628484
C_MOBILITY:0.45099085631039765
C_KINGSAFETY:0.3739442067069729
C_PAWNSTRUCTURE:0.5175705610005169
C_PIECECOORDINATION:0.4777117571908149
C_ROOKANDPAWNMOVEMENT:0.4777117571908149
C_CENTERCONTROL:0.5200534090186267
C_DEVELOPPIECES:0.4262195422799493
C_MATERIAL:0.5859692747107864
