ELO:939
CE_PASSEDPAWNS:0.5051029944316188
CE_PAWNWEAKNESSES:0.5564212960180202
CE_PIECEACTIVITY:0.4864466330335255
CE_KINGPAWNSHIELD:0.4700822389151307
CE_PIECECOORDINATION:0.5378684696912066
CE_MATERIAL:0.4772288811502865
CE_KINGSAFETY:0.4946692281699008
C_PIECESQUARETABLES:0.5160639850238066
C_MOBILITY:0.4701091249679108
C_KINGSAFETY:0.49800735424400416
C_PAWNSTRUCTURE:0.4802175459747763
C_PIECECOORDINATION:0.49392616485655205
C_ROOK:0.4717286992792689
CE_ROOK:0.5072786891238231
C_CENTERCONTROL:0.520930611019758
C_DEVELOPPIECES:0.5177340636544397
C_MATERIAL:0.5151658670509016
C_MOVECOUNT:0.4820449372411043
C_PAWNMOVEMENT:0.49842694104757884
