ELO:763
CE_PASSEDPAWNS:0.5038296362936197
CE_PAWNWEAKNESSES:0.4411967693667677
CE_PIECEACTIVITY:0.49161144938109647
CE_KINGPAWNSHIELD:0.4703052426417317
CE_PIECECOORDINATION:0.5378590737142009
CE_MATERIAL:0.4206507478534721
CE_KINGSAFETY:0.5
C_PIECESQUARETABLES:0.5049316041195951
C_MOBILITY:0.4554201226835479
C_KINGSAFETY:0.4947678238180375
C_PAWNSTRUCTURE:0.5019949553905034
C_PIECECOORDINATION:0.41101955326464873
C_ROOKANDPAWNMOVEMENT:0.41101955326464873
C_CENTERCONTROL:0.5217577316167925
C_DEVELOPPIECES:0.6309680708688611
C_MATERIAL:0.4921718305018343
C_MOVECOUNT:0.4969351620067316
