ELO:943
CE_PASSEDPAWNS:0.5741214758582094
CE_PAWNWEAKNESSES:0.45737970376137665
CE_PIECEACTIVITY:0.4391719937919165
CE_KINGPAWNSHIELD:0.4916936992199778
CE_PIECECOORDINATION:0.4012069111953544
CE_MATERIAL:0.4076566795344621
CE_KINGSAFETY:0.5049022657796229
C_PIECESQUARETABLES:0.5000845080816206
C_MOBILITY:0.38443573588638846
C_KINGSAFETY:0.40476732758375694
C_PAWNSTRUCTURE:0.43424656262666667
C_PIECECOORDINATION:0.5198317089053544
C_ROOKANDPAWNMOVEMENT:0.5198317089053544
C_CENTERCONTROL:0.5067934561141957
C_DEVELOPPIECES:0.44978455261968175
C_MATERIAL:0.4928517159461561
