ELO:633
CE_PASSEDPAWNS:0.5257096514393813
CE_PAWNWEAKNESSES:0.4286086153198422
CE_PIECEACTIVITY:0.5072024612378062
CE_KINGPAWNSHIELD:0.503196738631559
CE_PIECECOORDINATION:0.552430107764088
CE_MATERIAL:0.433306204179162
CE_KINGSAFETY:0.5081941465444644
C_PIECESQUARETABLES:0.4969571992885241
C_MOBILITY:0.5091344471219857
C_KINGSAFETY:0.5016203541108498
C_PAWNSTRUCTURE:0.5637576561536538
C_PIECECOORDINATION:0.40972194551625163
C_ROOKANDPAWNMOVEMENT:0.40972194551625163
C_CENTERCONTROL:0.47387816547386225
C_DEVELOPPIECES:0.6922275607846287
C_MATERIAL:0.468992459033973
C_MOVECOUNT:0.4272641867532565
