ELO:1040
CE_PASSEDPAWNS:0.5051675990625852
CE_PAWNWEAKNESSES:0.5
CE_PIECEACTIVITY:0.5067354930697776
CE_KINGPAWNSHIELD:0.5030268908795228
CE_PIECECOORDINATION:0.4934254569498178
CE_MATERIAL:0.497844968698783
CE_KINGSAFETY:0.5
C_PIECESQUARETABLES:0.5
C_MOBILITY:0.5000841407832756
C_KINGSAFETY:0.5
C_PAWNSTRUCTURE:0.5239534074545589
C_PIECECOORDINATION:0.5160640821865868
C_ROOKANDPAWNMOVEMENT:0.5160640821865868
C_CENTERCONTROL:0.5
C_DEVELOPPIECES:0.47148677294032243
C_MATERIAL:0.5
C_MOVECOUNT:0.5
