ELO:927
CE_PASSEDPAWNS:0.5756857231485266
CE_PAWNWEAKNESSES:0.5392840187241762
CE_PIECEACTIVITY:0.4497764843364196
CE_KINGPAWNSHIELD:0.4935194850217802
CE_PIECECOORDINATION:0.5201178175678796
CE_MATERIAL:0.4878091050348115
CE_KINGSAFETY:0.4958195525607451
C_PIECESQUARETABLES:0.4984450729001222
C_MOBILITY:0.46286124560728265
C_KINGSAFETY:0.5489540077195704
C_PAWNSTRUCTURE:0.5715547767238913
C_PIECECOORDINATION:0.4064499042049325
C_ROOKANDPAWNMOVEMENT:0.4064499042049325
C_CENTERCONTROL:0.5089447909127158
C_DEVELOPPIECES:0.4820739040119762
C_MATERIAL:0.5163033169428242
