ELO:1009
CE_PASSEDPAWNS:0.5
CE_PAWNWEAKNESSES:0.5
CE_PIECEACTIVITY:0.5
CE_KINGPAWNSHIELD:0.5
CE_PIECECOORDINATION:0.5
CE_MATERIAL:0.4877075213857993
CE_KINGSAFETY:0.5009924519808742
C_PIECESQUARETABLES:0.502479321643489
C_MOBILITY:0.5
C_KINGSAFETY:0.5
C_PAWNSTRUCTURE:0.5
C_PIECECOORDINATION:0.5
C_ROOKANDPAWNMOVEMENT:0.5
C_CENTERCONTROL:0.49701163755421973
C_DEVELOPPIECES:0.49883657886935245
C_MATERIAL:0.5
C_MOVECOUNT:0.5
