ELO:962
CE_PASSEDPAWNS:0.5595320905487086
CE_PAWNWEAKNESSES:0.5155514714283981
CE_PIECEACTIVITY:0.43833724618391784
CE_KINGPAWNSHIELD:0.5316790367614742
CE_PIECECOORDINATION:0.5281909488089702
CE_MATERIAL:0.4908188042626102
CE_KINGSAFETY:0.4955304337264152
C_PIECESQUARETABLES:0.48919837949285705
C_MOBILITY:0.5089532105466001
C_KINGSAFETY:0.5461866282029867
C_PAWNSTRUCTURE:0.5681770785697943
C_PIECECOORDINATION:0.4109267135575839
C_ROOKANDPAWNMOVEMENT:0.4109267135575839
C_CENTERCONTROL:0.4809197303403504
C_DEVELOPPIECES:0.48023538232779117
C_MATERIAL:0.4865742685063414
