ELO:1000
CE_PASSEDPAWNS:0.4783732652464658
CE_PAWNWEAKNESSES:0.4541024831221545
CE_PIECEACTIVITY:0.5109092633760115
CE_KINGPAWNSHIELD:0.4647903862171437
CE_PIECECOORDINATION:0.543568464057074
CE_MATERIAL:0.4539417896151437
CE_KINGSAFETY:0.5799113395474372
C_PIECESQUARETABLES:0.5681863800497128
C_MOBILITY:0.5392501085429899
C_KINGSAFETY:0.5271520040038065
C_PAWNSTRUCTURE:0.45088826647032587
C_PIECECOORDINATION:0.4854658018129664
C_ROOKANDPAWNMOVEMENT:0.4854658018129664
C_CENTERCONTROL:0.564777026844077
C_DEVELOPPIECES:0.5002178512592024
C_MATERIAL:0.5095227311320576
