ELO:959
CE_PASSEDPAWNS:0.5021462541618922
CE_PAWNWEAKNESSES:0.5644555377796191
CE_PIECEACTIVITY:0.47787830761510375
CE_KINGPAWNSHIELD:0.48085019071043156
CE_PIECECOORDINATION:0.5397869282797321
CE_MATERIAL:0.48530489950885486
CE_KINGSAFETY:0.5
C_PIECESQUARETABLES:0.4881786014827321
C_MOBILITY:0.4614984952566759
C_KINGSAFETY:0.4805791154937463
C_PAWNSTRUCTURE:0.48876050916950986
C_PIECECOORDINATION:0.4883789882774265
C_ROOK:0.4815278812517449
CE_ROOK:0.5014997143882658
C_CENTERCONTROL:0.48775376090647976
C_DEVELOPPIECES:0.5137334739773715
C_MATERIAL:0.511982916479632
C_MOVECOUNT:0.493111278236412
C_PAWNMOVEMENT:0.4708169997478926
