ELO:905
CE_PASSEDPAWNS:0.5371952898219875
CE_PAWNWEAKNESSES:0.4530988708929824
CE_PIECEACTIVITY:0.48326979865171465
CE_KINGPAWNSHIELD:0.4890650047118773
CE_PIECECOORDINATION:0.5465886855290975
CE_MATERIAL:0.4704369072790327
CE_KINGSAFETY:0.5159828579847194
C_PIECESQUARETABLES:0.518920284651356
C_MOBILITY:0.3711927266464505
C_KINGSAFETY:0.5524343267686586
C_PAWNSTRUCTURE:0.4440751324595014
C_PIECECOORDINATION:0.4984620673393032
C_ROOKANDPAWNMOVEMENT:0.4984620673393032
C_CENTERCONTROL:0.6110289546391422
C_DEVELOPPIECES:0.4863692719646115
C_MATERIAL:0.4674294906115621
C_MOVECOUNT:0.5
