ELO:891
CE_PASSEDPAWNS:0.5299296453390204
CE_PAWNWEAKNESSES:0.5203825280488253
CE_PIECEACTIVITY:0.539806149879123
CE_KINGPAWNSHIELD:0.5405512185575416
CE_PIECECOORDINATION:0.47507452918744525
CE_MATERIAL:0.5232444446906805
CE_KINGSAFETY:0.5021835713752165
C_PIECESQUARETABLES:0.47570483790609164
C_MOBILITY:0.5083468897735592
C_KINGSAFETY:0.5345650548119225
C_PAWNSTRUCTURE:0.48682943555072977
C_PIECECOORDINATION:0.4892801435200636
C_ROOKANDPAWNMOVEMENT:0.4892801435200636
C_CENTERCONTROL:0.5338524269179518
C_DEVELOPPIECES:0.5096270542094556
C_MATERIAL:0.43852672602621506
C_MOVECOUNT:0.46358774206721026
