ELO:925
CE_PASSEDPAWNS:0.434434603772823
CE_PAWNWEAKNESSES:0.47977319664987034
CE_PIECEACTIVITY:0.45322997768147555
CE_KINGPAWNSHIELD:0.580013166705244
CE_PIECECOORDINATION:0.5645955379930844
CE_MATERIAL:0.5954574469548259
CE_KINGSAFETY:0.5
C_PIECESQUARETABLES:0.5
C_MOBILITY:0.4566361016560576
C_KINGSAFETY:0.5597649237207298
C_PAWNSTRUCTURE:0.5222005918290795
C_PIECECOORDINATION:0.6505589946190797
C_ROOKANDPAWNMOVEMENT:0.6505589946190797
C_CENTERCONTROL:0.5275852928841768
C_DEVELOPPIECES:0.4045299767640693
C_MATERIAL:0.463719771261989
