ELO:1001
CE_PASSEDPAWNS:0.5334464947452341
CE_PAWNWEAKNESSES:0.47966331833023856
CE_PIECEACTIVITY:0.4866820365213148
CE_KINGPAWNSHIELD:0.4986792344393185
CE_PIECECOORDINATION:0.4923026213799102
CE_MATERIAL:0.5134268287568738
CE_KINGSAFETY:0.49910375744713453
C_PIECESQUARETABLES:0.4913386328741562
C_MOBILITY:0.468896485030738
C_KINGSAFETY:0.48662212808297045
C_PAWNSTRUCTURE:0.5078394976018142
C_PIECECOORDINATION:0.511808475088122
C_ROOKANDPAWNMOVEMENT:0.511808475088122
C_CENTERCONTROL:0.5190860552904312
C_DEVELOPPIECES:0.5330825159240646
C_MATERIAL:0.5151530821562053
