ELO:997
CE_PASSEDPAWNS:0.5754861426258692
CE_PAWNWEAKNESSES:0.4923528836739961
CE_PIECEACTIVITY:0.4731622654512343
CE_KINGPAWNSHIELD:0.4877063525915221
CE_PIECECOORDINATION:0.47441641542516144
CE_MATERIAL:0.4740088854934229
CE_KINGSAFETY:0.47484609317858295
C_PIECESQUARETABLES:0.5286677822133629
C_MOBILITY:0.45105734823748883
C_KINGSAFETY:0.4737711945518416
C_PAWNSTRUCTURE:0.4899222291571103
C_PIECECOORDINATION:0.4762093156896059
C_ROOKANDPAWNMOVEMENT:0.4762093156896059
C_CENTERCONTROL:0.48327471686877993
C_DEVELOPPIECES:0.4836544027998646
C_MATERIAL:0.476566047845161
