ELO:882
CE_PASSEDPAWNS:0.49059984310924953
CE_PAWNWEAKNESSES:0.5722788871246072
CE_PIECEACTIVITY:0.5080697540852249
CE_KINGPAWNSHIELD:0.4694339118219629
CE_PIECECOORDINATION:0.4539113794939506
CE_MATERIAL:0.47012458119801387
CE_KINGSAFETY:0.5386629702298691
C_PIECESQUARETABLES:0.4669802665989243
C_MOBILITY:0.5334564971379576
C_KINGSAFETY:0.5120231987486805
C_PAWNSTRUCTURE:0.494178231156905
C_PIECECOORDINATION:0.5299043245198255
C_ROOKANDPAWNMOVEMENT:0.5299043245198255
C_CENTERCONTROL:0.5883083849579406
C_DEVELOPPIECES:0.5365823330083874
C_MATERIAL:0.5130798190547841
C_MOVECOUNT:0.5
