ELO:920
CE_PASSEDPAWNS:0.38249265857368714
CE_PAWNWEAKNESSES:0.4772867135653579
CE_PIECEACTIVITY:0.5943699142762149
CE_KINGPAWNSHIELD:0.4960210908590968
CE_PIECECOORDINATION:0.5767890184822931
CE_MATERIAL:0.4752899733877374
CE_KINGSAFETY:0.47955810228873275
C_PIECESQUARETABLES:0.5378419342007487
C_MOBILITY:0.45636993614875604
C_KINGSAFETY:0.4756976794785759
C_PAWNSTRUCTURE:0.49989367086917613
C_PIECECOORDINATION:0.5571383203536096
C_ROOKANDPAWNMOVEMENT:0.5571383203536096
C_CENTERCONTROL:0.6651910362211639
C_DEVELOPPIECES:0.48235744673610603
C_MATERIAL:0.5859692747107864
