ELO:994
CE_PASSEDPAWNS:0.399707010934364
CE_PAWNWEAKNESSES:0.5128889835512717
CE_PIECEACTIVITY:0.5167454979549229
CE_KINGPAWNSHIELD:0.4186341499011807
CE_PIECECOORDINATION:0.42933881755436537
CE_MATERIAL:0.5497834684241157
CE_KINGSAFETY:0.502952259553647
C_PIECESQUARETABLES:0.4966933487580107
C_MOBILITY:0.5048799559221799
C_KINGSAFETY:0.5116030471860703
C_PAWNSTRUCTURE:0.5013081076511899
C_PIECECOORDINATION:0.5251671452948243
C_ROOKANDPAWNMOVEMENT:0.5251671452948243
C_CENTERCONTROL:0.3976101602692124
C_DEVELOPPIECES:0.5033967556291526
C_MATERIAL:0.5764747815135525
