ELO:1009
CE_PASSEDPAWNS:0.5019942228421699
CE_PAWNWEAKNESSES:0.5
CE_PIECEACTIVITY:0.4838683865022381
CE_KINGPAWNSHIELD:0.504143872753308
CE_PIECECOORDINATION:0.5
CE_MATERIAL:0.4647206513247176
CE_KINGSAFETY:0.5
C_PIECESQUARETABLES:0.5
C_MOBILITY:0.5
C_KINGSAFETY:0.4925760429717912
C_PAWNSTRUCTURE:0.5
C_PIECECOORDINATION:0.4941951548414446
C_ROOKANDPAWNMOVEMENT:0.4941951548414446
C_CENTERCONTROL:0.5047558103732883
C_DEVELOPPIECES:0.5
C_MATERIAL:0.5
C_MOVECOUNT:0.4932248879338177
