ELO:988
CE_PASSEDPAWNS:0.4949066258917184
CE_PAWNWEAKNESSES:0.487896157072254
CE_PIECEACTIVITY:0.49071438359999436
CE_KINGPAWNSHIELD:0.4968856711213811
CE_PIECECOORDINATION:0.49904603382886287
CE_MATERIAL:0.5
CE_KINGSAFETY:0.5014202325278857
C_PIECESQUARETABLES:0.5
C_MOBILITY:0.4978583848607587
C_KINGSAFETY:0.5030796186022349
C_PAWNSTRUCTURE:0.4860528345001583
C_PIECECOORDINATION:0.5
C_ROOK:0.49691633216932757
CE_ROOK:0.5022208090097507
C_CENTERCONTROL:0.5121835818038865
C_DEVELOPPIECES:0.5023904135153895
C_MATERIAL:0.4892301337732865
C_MOVECOUNT:0.507474921115608
C_PAWNMOVEMENT:0.4836091891541154
