ELO:912
CE_PASSEDPAWNS:0.567281931892125
CE_PAWNWEAKNESSES:0.5490059393037763
CE_PIECEACTIVITY:0.4265589903582114
CE_KINGPAWNSHIELD:0.47851350990021746
CE_PIECECOORDINATION:0.4998287073473079
CE_MATERIAL:0.4896376419134881
CE_KINGSAFETY:0.49576221623853056
C_PIECESQUARETABLES:0.5029283533153301
C_MOBILITY:0.4836495587198924
C_KINGSAFETY:0.5819744014336894
C_PAWNSTRUCTURE:0.5448587896666944
C_PIECECOORDINATION:0.39071054600718835
C_ROOKANDPAWNMOVEMENT:0.39071054600718835
C_CENTERCONTROL:0.5234556368633967
C_DEVELOPPIECES:0.46073594336426227
C_MATERIAL:0.4881054285334718
