ELO:776
CE_PASSEDPAWNS:0.5055755093405311
CE_PAWNWEAKNESSES:0.441780274676764
CE_PIECEACTIVITY:0.5009646897814408
CE_KINGPAWNSHIELD:0.4887478137010019
CE_PIECECOORDINATION:0.550331751006786
CE_MATERIAL:0.40889210076608973
CE_KINGSAFETY:0.5174903866304277
C_PIECESQUARETABLES:0.4676981747890938
C_MOBILITY:0.45337058192326063
C_KINGSAFETY:0.5048447984007866
C_PAWNSTRUCTURE:0.5059921115236876
C_PIECECOORDINATION:0.43316443126413634
C_ROOKANDPAWNMOVEMENT:0.43316443126413634
C_CENTERCONTROL:0.5195397457680321
C_DEVELOPPIECES:0.605169821964783
C_MATERIAL:0.4798284535389371
C_MOVECOUNT:0.5
