ELO:1000
CE_PASSEDPAWNS:0.4861047449454957
CE_PAWNWEAKNESSES:0.508166148633386
CE_PIECEACTIVITY:0.4785224630470381
CE_KINGPAWNSHIELD:0.48960647788731876
CE_PIECECOORDINATION:0.5307452707219028
CE_MATERIAL:0.48779137469849526
CE_KINGSAFETY:0.5094266663169426
C_PIECESQUARETABLES:0.5287639135722393
C_MOBILITY:0.5072482307227745
C_KINGSAFETY:0.5425019520779946
C_PAWNSTRUCTURE:0.4912998325096778
C_PIECECOORDINATION:0.48709105833476507
C_ROOKANDPAWNMOVEMENT:0.48709105833476507
C_CENTERCONTROL:0.5142940958302658
C_DEVELOPPIECES:0.4976213736751272
C_MATERIAL:0.507574772437268
