ELO:972
CE_PASSEDPAWNS:0.47797572570075453
CE_PAWNWEAKNESSES:0.5029548768553369
CE_PIECEACTIVITY:0.48245309904959616
CE_KINGPAWNSHIELD:0.5009601498452432
CE_PIECECOORDINATION:0.49583792346530725
CE_MATERIAL:0.5206168213023749
CE_KINGSAFETY:0.5065800455835081
C_PIECESQUARETABLES:0.507743017744473
C_MOBILITY:0.47473077696496446
C_KINGSAFETY:0.5304413129200789
C_PAWNSTRUCTURE:0.5172320268422502
C_PIECECOORDINATION:0.5075694595825467
C_ROOK:0.49691633216932757
CE_ROOK:0.5092178037002307
C_CENTERCONTROL:0.522602181677078
C_DEVELOPPIECES:0.5184763838360013
C_MATERIAL:0.5133122628477943
C_MOVECOUNT:0.5155225051552649
C_PAWNMOVEMENT:0.4585381792885188
