ELO:1014
CE_PASSEDPAWNS:0.4704764653041662
CE_PAWNWEAKNESSES:0.4925061936222964
CE_PIECEACTIVITY:0.4832769337496457
CE_KINGPAWNSHIELD:0.4596052584950482
CE_PIECECOORDINATION:0.5334832920374808
CE_MATERIAL:0.519435309694125
CE_KINGSAFETY:0.5
C_PIECESQUARETABLES:0.5
C_MOBILITY:0.519473537413262
C_KINGSAFETY:0.5265014950059942
C_PAWNSTRUCTURE:0.4831724028941292
C_PIECECOORDINATION:0.4939065445797985
C_ROOK:0.5119910155169759
CE_ROOK:0.5055496848482567
C_CENTERCONTROL:0.49963078275450845
C_DEVELOPPIECES:0.47770290067884724
C_MATERIAL:0.5025734843635191
C_MOVECOUNT:0.45841487647812945
C_PAWNMOVEMENT:0.509743251232622
