ELO:961
CE_PASSEDPAWNS:0.4808795462487044
CE_PAWNWEAKNESSES:0.524657361388676
CE_PIECEACTIVITY:0.5551507243111525
CE_KINGPAWNSHIELD:0.4441063854255151
CE_PIECECOORDINATION:0.5409247613015156
CE_MATERIAL:0.47600532256641664
CE_KINGSAFETY:0.44692022184111535
C_PIECESQUARETABLES:0.5836677319942903
C_MOBILITY:0.5097608196396365
C_KINGSAFETY:0.5704733286464738
C_PAWNSTRUCTURE:0.4809158281780827
C_PIECECOORDINATION:0.5582451100479301
C_ROOKANDPAWNMOVEMENT:0.5582451100479301
C_CENTERCONTROL:0.6181275445337301
C_DEVELOPPIECES:0.5776109269819658
C_MATERIAL:0.4607255896263681
