ELO:955
CE_PASSEDPAWNS:0.5009381502165471
CE_PAWNWEAKNESSES:0.5399680724856839
CE_PIECEACTIVITY:0.47205165177000225
CE_KINGPAWNSHIELD:0.41249370507048494
CE_PIECECOORDINATION:0.5417876892767969
CE_MATERIAL:0.42827003441867006
CE_KINGSAFETY:0.5133217936402187
C_PIECESQUARETABLES:0.49205070097987114
C_MOBILITY:0.5909449726272412
C_KINGSAFETY:0.46337381488695106
C_PAWNSTRUCTURE:0.4477567668359095
C_PIECECOORDINATION:0.5818028709595514
C_ROOKANDPAWNMOVEMENT:0.5818028709595514
C_CENTERCONTROL:0.6197987448747354
C_DEVELOPPIECES:0.5215911645186355
C_MATERIAL:0.5754437003994429
