ELO:949
CE_PASSEDPAWNS:0.5226796501944672
CE_PAWNWEAKNESSES:0.5504183159575011
CE_PIECEACTIVITY:0.47287185078598276
CE_KINGPAWNSHIELD:0.4276831232276046
CE_PIECECOORDINATION:0.5338678052707394
CE_MATERIAL:0.4506846326716863
CE_KINGSAFETY:0.506271732968624
C_PIECESQUARETABLES:0.4887975587400131
C_MOBILITY:0.5777700030413345
C_KINGSAFETY:0.477073683592604
C_PAWNSTRUCTURE:0.48798340744986995
C_PIECECOORDINATION:0.5742537298707798
C_ROOKANDPAWNMOVEMENT:0.5742537298707798
C_CENTERCONTROL:0.6118497513915956
C_DEVELOPPIECES:0.5377044697870393
C_MATERIAL:0.5670106487719959
