ELO:863
CE_PASSEDPAWNS:0.5586532928639927
CE_PAWNWEAKNESSES:0.5180885066291121
CE_PIECEACTIVITY:0.46635195176198246
CE_KINGPAWNSHIELD:0.545177845817282
CE_PIECECOORDINATION:0.48602744998620967
CE_MATERIAL:0.5073669432780179
CE_KINGSAFETY:0.5085896807277582
C_PIECESQUARETABLES:0.5242319392934437
C_MOBILITY:0.5578853327332365
C_KINGSAFETY:0.5805045034915748
C_PAWNSTRUCTURE:0.430781445151748
C_PIECECOORDINATION:0.3939900369635187
C_ROOKANDPAWNMOVEMENT:0.3939900369635187
C_CENTERCONTROL:0.4762218118502358
C_DEVELOPPIECES:0.4721920396216911
C_MATERIAL:0.4761604193355997
