ELO:1007
CE_PASSEDPAWNS:0.5
CE_PAWNWEAKNESSES:0.5
CE_PIECEACTIVITY:0.5
CE_KINGPAWNSHIELD:0.5
CE_PIECECOORDINATION:0.5
CE_MATERIAL:0.5
CE_KINGSAFETY:0.5
C_PIECESQUARETABLES:0.5083177884934935
C_MOBILITY:0.5103669449408089
C_KINGSAFETY:0.5070565009172221
C_PAWNSTRUCTURE:0.5051047774926637
C_PIECECOORDINATION:0.5081132256112743
C_ROOKANDPAWNMOVEMENT:0.5081132256112743
C_CENTERCONTROL:0.5
C_DEVELOPPIECES:0.4966877769597025
C_MATERIAL:0.5
C_MOVECOUNT:0.5
