ELO:989
CE_PASSEDPAWNS:0.48574486229112485
CE_PAWNWEAKNESSES:0.5164753791804529
CE_PIECEACTIVITY:0.5522530691119719
CE_KINGPAWNSHIELD:0.4977457399439787
CE_PIECECOORDINATION:0.5207082048196396
CE_MATERIAL:0.48490998480736336
CE_KINGSAFETY:0.5
C_PIECESQUARETABLES:0.5
C_MOBILITY:0.5188596321346172
C_KINGSAFETY:0.4974722975371893
C_PAWNSTRUCTURE:0.506257933981646
C_PIECECOORDINATION:0.5337452573437563
C_ROOK:0.5298247203457493
CE_ROOK:0.5180905184364258
C_CENTERCONTROL:0.49821869684108055
C_DEVELOPPIECES:0.49007460443556417
C_MATERIAL:0.47294475406579567
C_MOVECOUNT:0.5074241485166106
C_PAWNMOVEMENT:0.510063767528001
