ELO:1000
CE_PASSEDPAWNS:0.4976765790187607
CE_PAWNWEAKNESSES:0.5
CE_PIECEACTIVITY:0.5
CE_KINGPAWNSHIELD:0.5035447431307661
CE_PIECECOORDINATION:0.5
CE_MATERIAL:0.49072197892632496
CE_KINGSAFETY:0.4952981448380664
C_PIECESQUARETABLES:0.5044576012277828
C_MOBILITY:0.5050480896607314
C_KINGSAFETY:0.5
C_PAWNSTRUCTURE:0.5057814774199886
C_PIECECOORDINATION:0.4942074740339157
C_ROOKANDPAWNMOVEMENT:0.4942074740339157
C_CENTERCONTROL:0.49187026396870204
C_DEVELOPPIECES:0.5
C_MATERIAL:0.4910548906828545
