ELO:1000
CE_PASSEDPAWNS:0.5010573071879377
CE_PAWNWEAKNESSES:0.5
CE_PIECEACTIVITY:0.5
CE_KINGPAWNSHIELD:0.49041720137008876
CE_PIECECOORDINATION:0.5
CE_MATERIAL:0.5019380698228251
CE_KINGSAFETY:0.4997989505514715
C_PIECESQUARETABLES:0.5
C_MOBILITY:0.5
C_KINGSAFETY:0.5
C_PAWNSTRUCTURE:0.5
C_PIECECOORDINATION:0.5
C_ROOKANDPAWNMOVEMENT:0.5
C_CENTERCONTROL:0.5
C_DEVELOPPIECES:0.4952557592771141
C_MATERIAL:0.5120259460546831
C_MOVECOUNT:0.5
