ELO:938
CE_PASSEDPAWNS:0.5132746054040265
CE_PAWNWEAKNESSES:0.5025086200588131
CE_PIECEACTIVITY:0.5454642355426229
CE_KINGPAWNSHIELD:0.48134162695214044
CE_PIECECOORDINATION:0.4724112139463471
CE_MATERIAL:0.4932364297681377
CE_KINGSAFETY:0.5076485894327597
C_PIECESQUARETABLES:0.5110001520666155
C_MOBILITY:0.4913565057887713
C_KINGSAFETY:0.48401996437664346
C_PAWNSTRUCTURE:0.472570944312331
C_PIECECOORDINATION:0.5224337806692819
C_ROOK:0.4661087913903327
CE_ROOK:0.5377537734819945
C_CENTERCONTROL:0.49969691937330823
C_DEVELOPPIECES:0.5126128682408692
C_MATERIAL:0.5032902664677612
C_MOVECOUNT:0.48073053585687125
C_PAWNMOVEMENT:0.5041501823961948
