ELO:933
CE_PASSEDPAWNS:0.4944782955484404
CE_PAWNWEAKNESSES:0.4597162878655136
CE_PIECEACTIVITY:0.42036440836809336
CE_KINGPAWNSHIELD:0.43739156622979924
CE_PIECECOORDINATION:0.4781896290336722
CE_MATERIAL:0.5098803190765061
CE_KINGSAFETY:0.5243317785396856
C_PIECESQUARETABLES:0.5096908166731707
C_MOBILITY:0.5142546233640225
C_KINGSAFETY:0.49135955456185443
C_PAWNSTRUCTURE:0.5037568545259127
C_PIECECOORDINATION:0.4905426350840716
C_ROOKANDPAWNMOVEMENT:0.4905426350840716
C_CENTERCONTROL:0.5353424655734778
C_DEVELOPPIECES:0.42900775411141573
C_MATERIAL:0.48456508695121436
C_MOVECOUNT:0.5
