ELO:960
CE_PASSEDPAWNS:0.5030286566600467
CE_PAWNWEAKNESSES:0.5391631488355425
CE_PIECEACTIVITY:0.4753324313409887
CE_KINGPAWNSHIELD:0.393352923770135
CE_PIECECOORDINATION:0.5404179419553369
CE_MATERIAL:0.4164893885930197
CE_KINGSAFETY:0.5284434740300503
C_PIECESQUARETABLES:0.49416715463046557
C_MOBILITY:0.5857022801914722
C_KINGSAFETY:0.4462835064819597
C_PAWNSTRUCTURE:0.459768451456145
C_PIECECOORDINATION:0.6022317076966583
C_ROOKANDPAWNMOVEMENT:0.6022317076966583
C_CENTERCONTROL:0.616240693884
C_DEVELOPPIECES:0.5215911645186355
C_MATERIAL:0.5943493404412503
