ELO:1000
CE_PASSEDPAWNS:0.5201801492309398
CE_PAWNWEAKNESSES:0.4948438646688969
CE_PIECEACTIVITY:0.5108272708644118
CE_KINGPAWNSHIELD:0.5338873778668529
CE_PIECECOORDINATION:0.4755456629086414
CE_MATERIAL:0.4797372021867729
CE_KINGSAFETY:0.5117985586845109
C_PIECESQUARETABLES:0.531629760638873
C_MOBILITY:0.5201577570872166
C_KINGSAFETY:0.5143685338065677
C_PAWNSTRUCTURE:0.4833583245433431
C_PIECECOORDINATION:0.5049026064235936
C_ROOKANDPAWNMOVEMENT:0.5049026064235936
C_CENTERCONTROL:0.465891915517818
C_DEVELOPPIECES:0.5422598347724309
C_MATERIAL:0.4880297953135293
