ELO:999
CE_PASSEDPAWNS:0.5
CE_PAWNWEAKNESSES:0.4893934115737966
CE_PIECEACTIVITY:0.497502657446297
CE_KINGPAWNSHIELD:0.5
CE_PIECECOORDINATION:0.5
CE_MATERIAL:0.5
CE_KINGSAFETY:0.4907946913982992
C_PIECESQUARETABLES:0.4939980968081752
C_MOBILITY:0.5006165896551178
C_KINGSAFETY:0.5090738500248984
C_PAWNSTRUCTURE:0.5042310501232882
C_PIECECOORDINATION:0.5
C_ROOKANDPAWNMOVEMENT:0.5
C_CENTERCONTROL:0.5
C_DEVELOPPIECES:0.4964621659729268
C_MATERIAL:0.5
C_MOVECOUNT:0.4961256479581259
