ELO:935
CE_PASSEDPAWNS:0.5038322403034025
CE_PAWNWEAKNESSES:0.4997935586375737
CE_PIECEACTIVITY:0.49374165020282945
CE_KINGPAWNSHIELD:0.475445227951727
CE_PIECECOORDINATION:0.5234140227296621
CE_MATERIAL:0.4819728034845052
CE_KINGSAFETY:0.49983199580970666
C_PIECESQUARETABLES:0.4893688046244644
C_MOBILITY:0.4984126899266802
C_KINGSAFETY:0.4671285571733056
C_PAWNSTRUCTURE:0.49187284379890694
C_PIECECOORDINATION:0.5275517411428706
C_ROOK:0.49035123021668847
CE_ROOK:0.4940751159295046
C_CENTERCONTROL:0.47463745752931424
C_DEVELOPPIECES:0.5408731166317543
C_MATERIAL:0.5035415718324565
C_MOVECOUNT:0.49520666756016857
C_PAWNMOVEMENT:0.49101429436234456
