ELO:876
CE_PASSEDPAWNS:0.48655403530583086
CE_PAWNWEAKNESSES:0.4962325261286795
CE_PIECEACTIVITY:0.4265813894107928
CE_KINGPAWNSHIELD:0.5412822328304089
CE_PIECECOORDINATION:0.3986412446947661
CE_MATERIAL:0.3188619172222798
CE_KINGSAFETY:0.538393735230307
C_PIECESQUARETABLES:0.474292782468454
C_MOBILITY:0.31832234252070246
C_KINGSAFETY:0.6256048425393314
C_PAWNSTRUCTURE:0.4600725569361386
C_PIECECOORDINATION:0.44875695431956075
C_ROOKANDPAWNMOVEMENT:0.44875695431956075
C_CENTERCONTROL:0.4403047628547931
C_DEVELOPPIECES:0.44393211984009245
C_MATERIAL:0.4718808273909094
