ELO:997
CE_PASSEDPAWNS:0.504325305483805
CE_PAWNWEAKNESSES:0.5127582638435454
CE_PIECEACTIVITY:0.5075223659857138
CE_KINGPAWNSHIELD:0.503059993677788
CE_PIECECOORDINATION:0.4947668026166098
CE_MATERIAL:0.49922862381291566
CE_KINGSAFETY:0.5086662202623574
C_PIECESQUARETABLES:0.49950769145433194
C_MOBILITY:0.5140735574043498
C_KINGSAFETY:0.49445020464169476
C_PAWNSTRUCTURE:0.5078726589023952
C_PIECECOORDINATION:0.5
C_ROOKANDPAWNMOVEMENT:0.5
C_CENTERCONTROL:0.49617339922586046
C_DEVELOPPIECES:0.49265195740380746
C_MATERIAL:0.5056659935377046
C_MOVECOUNT:0.4795388659517698
