ELO:999
CE_PASSEDPAWNS:0.5102725531394218
CE_PAWNWEAKNESSES:0.5011068893563271
CE_PIECEACTIVITY:0.5244108836238115
CE_KINGPAWNSHIELD:0.5157082718388741
CE_PIECECOORDINATION:0.5334832920374808
CE_MATERIAL:0.5144121191243327
CE_KINGSAFETY:0.5
C_PIECESQUARETABLES:0.5
C_MOBILITY:0.4893268492745207
C_KINGSAFETY:0.5265014950059942
C_PAWNSTRUCTURE:0.4831724028941292
C_PIECECOORDINATION:0.47291230576532917
C_ROOK:0.4873261826391488
CE_ROOK:0.5055496848482567
C_CENTERCONTROL:0.49963078275450845
C_DEVELOPPIECES:0.53867981583766
C_MATERIAL:0.5025734843635191
C_MOVECOUNT:0.45841487647812945
C_PAWNMOVEMENT:0.502808155716578
