ELO:1010
CE_PASSEDPAWNS:0.5
CE_PAWNWEAKNESSES:0.5
CE_PIECEACTIVITY:0.5
CE_KINGPAWNSHIELD:0.4914381522887822
CE_PIECECOORDINATION:0.4996477653723693
CE_MATERIAL:0.4991962048797382
CE_KINGSAFETY:0.49171775878655044
C_PIECESQUARETABLES:0.5
C_MOBILITY:0.5
C_KINGSAFETY:0.4926108209504663
C_PAWNSTRUCTURE:0.5
C_PIECECOORDINATION:0.5
C_ROOK:0.5077121856304705
CE_ROOK:0.48888104429938917
C_CENTERCONTROL:0.5064488456240777
C_DEVELOPPIECES:0.5025837728497505
C_MATERIAL:0.4891391525264656
C_MOVECOUNT:0.4994978970908098
C_PAWNMOVEMENT:0.5
