ELO:954
CE_PASSEDPAWNS:0.4749830672726763
CE_PAWNWEAKNESSES:0.4668808046364283
CE_PIECEACTIVITY:0.5421456388967925
CE_KINGPAWNSHIELD:0.5354182598601347
CE_PIECECOORDINATION:0.5221795977617836
CE_MATERIAL:0.5659615871223947
CE_KINGSAFETY:0.5
C_PIECESQUARETABLES:0.5
C_MOBILITY:0.5377642641565944
C_KINGSAFETY:0.4889134486833419
C_PAWNSTRUCTURE:0.5111346685188637
C_PIECECOORDINATION:0.5078696997700458
C_ROOK:0.4944633508279867
CE_ROOK:0.4581363607555011
C_CENTERCONTROL:0.5115319644921789
C_DEVELOPPIECES:0.49664185211984396
C_MATERIAL:0.5433357727444359
C_MOVECOUNT:0.48887743530135785
C_PAWNMOVEMENT:0.5059900912866022
