ELO:934
CE_PASSEDPAWNS:0.5248390768443287
CE_PAWNWEAKNESSES:0.5125410815394325
CE_PIECEACTIVITY:0.4994808427627554
CE_KINGPAWNSHIELD:0.5147193254250452
CE_PIECECOORDINATION:0.4822719213105242
CE_MATERIAL:0.49507652071694047
CE_KINGSAFETY:0.49609717957349475
C_PIECESQUARETABLES:0.4818858301829651
C_MOBILITY:0.5119508090300711
C_KINGSAFETY:0.5004095319811673
C_PAWNSTRUCTURE:0.5
C_PIECECOORDINATION:0.4946257684622963
C_ROOKANDPAWNMOVEMENT:0.4946257684622963
C_CENTERCONTROL:0.5005038725620213
C_DEVELOPPIECES:0.5048098137047307
C_MATERIAL:0.5036135761803575
C_MOVECOUNT:0.5
