ELO:1000
CE_PASSEDPAWNS:0.48621325084849554
CE_PAWNWEAKNESSES:0.5225370172654837
CE_PIECEACTIVITY:0.5148754847485647
CE_KINGPAWNSHIELD:0.5025549670413285
CE_PIECECOORDINATION:0.5102385624488619
CE_MATERIAL:0.5056234705315292
CE_KINGSAFETY:0.5019024801119449
C_PIECESQUARETABLES:0.5292088213153617
C_MOBILITY:0.4935419886062983
C_KINGSAFETY:0.5150000354298936
C_PAWNSTRUCTURE:0.4814746763816388
C_PIECECOORDINATION:0.46965320258190335
C_ROOKANDPAWNMOVEMENT:0.46965320258190335
C_CENTERCONTROL:0.4947959443926797
C_DEVELOPPIECES:0.5024820008320248
C_MATERIAL:0.49565915917724296
