ELO:1020
CE_PASSEDPAWNS:0.4841151605903541
CE_PAWNWEAKNESSES:0.5018759020046714
CE_PIECEACTIVITY:0.49161878511758483
CE_KINGPAWNSHIELD:0.5158028199227129
CE_PIECECOORDINATION:0.5020545011067487
CE_MATERIAL:0.48739360941488546
CE_KINGSAFETY:0.5
C_PIECESQUARETABLES:0.5
C_MOBILITY:0.49079843020392744
C_KINGSAFETY:0.5018360826401095
C_PAWNSTRUCTURE:0.4767873884047411
C_PIECECOORDINATION:0.5008776898473115
C_ROOK:0.5570368364430367
CE_ROOK:0.48625489621868667
C_CENTERCONTROL:0.5101088073423136
C_DEVELOPPIECES:0.5112944692714606
C_MATERIAL:0.5177977038124614
C_MOVECOUNT:0.5032365966270125
C_PAWNMOVEMENT:0.5227013263934289
