ELO:1000
CE_PASSEDPAWNS:0.4976765790187607
CE_PAWNWEAKNESSES:0.5201039373578834
CE_PIECEACTIVITY:0.49931776152621443
CE_KINGPAWNSHIELD:0.4928850875176358
CE_PIECECOORDINATION:0.5177260692906434
CE_MATERIAL:0.4930704317673539
CE_KINGSAFETY:0.4991652095115146
C_PIECESQUARETABLES:0.5212230855930685
C_MOBILITY:0.49392135960646344
C_KINGSAFETY:0.5172324375552095
C_PAWNSTRUCTURE:0.4873993513317048
C_PIECECOORDINATION:0.4831211954563901
C_ROOKANDPAWNMOVEMENT:0.4831211954563901
C_CENTERCONTROL:0.49099370760147987
C_DEVELOPPIECES:0.49884774655025454
C_MATERIAL:0.4910483568838327
