ELO:1011
CE_PASSEDPAWNS:0.5034974300222521
CE_PAWNWEAKNESSES:0.5
CE_PIECEACTIVITY:0.5
CE_KINGPAWNSHIELD:0.49016210948100997
CE_PIECECOORDINATION:0.5
CE_MATERIAL:0.5
CE_KINGSAFETY:0.5
C_PIECESQUARETABLES:0.492004202690406
C_MOBILITY:0.5103669449408089
C_KINGSAFETY:0.5
C_PAWNSTRUCTURE:0.5
C_PIECECOORDINATION:0.512392216988795
C_ROOKANDPAWNMOVEMENT:0.512392216988795
C_CENTERCONTROL:0.5
C_DEVELOPPIECES:0.5052529410116685
C_MATERIAL:0.5
C_MOVECOUNT:0.5
