ELO:1021
CE_PASSEDPAWNS:0.4919572662516037
CE_PAWNWEAKNESSES:0.4958483240299561
CE_PIECEACTIVITY:0.47822750565193656
CE_KINGPAWNSHIELD:0.5
CE_PIECECOORDINATION:0.5223204019968951
CE_MATERIAL:0.48843612907357814
CE_KINGSAFETY:0.5
C_PIECESQUARETABLES:0.5
C_MOBILITY:0.5009225876123464
C_KINGSAFETY:0.5208517939635094
C_PAWNSTRUCTURE:0.5113985712608656
C_PIECECOORDINATION:0.4867679173120461
C_ROOKANDPAWNMOVEMENT:0.4867679173120461
C_CENTERCONTROL:0.5023575677760177
C_DEVELOPPIECES:0.5105379092729925
C_MATERIAL:0.5003704629571398
C_MOVECOUNT:0.5
