ELO:1012
CE_PASSEDPAWNS:0.5156745244652265
CE_PAWNWEAKNESSES:0.513454063791021
CE_PIECEACTIVITY:0.5057026869386831
CE_KINGPAWNSHIELD:0.49423579964909964
CE_PIECECOORDINATION:0.48163456053027476
CE_MATERIAL:0.48066489914090227
CE_KINGSAFETY:0.5
C_PIECESQUARETABLES:0.5
C_MOBILITY:0.490020910773924
C_KINGSAFETY:0.4934040811215077
C_PAWNSTRUCTURE:0.5121118995008233
C_PIECECOORDINATION:0.49887803818182896
C_ROOKANDPAWNMOVEMENT:0.49887803818182896
C_CENTERCONTROL:0.5096047847853664
C_DEVELOPPIECES:0.48518355505375393
C_MATERIAL:0.469996355831616
C_MOVECOUNT:0.5
