ELO:1077
CE_PASSEDPAWNS:0.5105121337551918
CE_PAWNWEAKNESSES:0.487005456526121
CE_PIECEACTIVITY:0.4942451485575602
CE_KINGPAWNSHIELD:0.4933225775055479
CE_PIECECOORDINATION:0.5112500518119519
CE_MATERIAL:0.5072677713112468
CE_KINGSAFETY:0.5
C_PIECESQUARETABLES:0.5
C_MOBILITY:0.5227632607881241
C_KINGSAFETY:0.5678743419962452
C_PAWNSTRUCTURE:0.5
C_PIECECOORDINATION:0.5
C_ROOKANDPAWNMOVEMENT:0.5
C_CENTERCONTROL:0.5260389880695284
C_DEVELOPPIECES:0.501670481279622
C_MATERIAL:0.5029686955030372
C_MOVECOUNT:0.5
