ELO:1004
CE_PASSEDPAWNS:0.5
CE_PAWNWEAKNESSES:0.5
CE_PIECEACTIVITY:0.5
CE_KINGPAWNSHIELD:0.5054894902122771
CE_PIECECOORDINATION:0.4897423218796106
CE_MATERIAL:0.49012202861390614
CE_KINGSAFETY:0.5077214536316694
C_PIECESQUARETABLES:0.5002747172191152
C_MOBILITY:0.4819397230522464
C_KINGSAFETY:0.5
C_PAWNSTRUCTURE:0.5
C_PIECECOORDINATION:0.5145818619790641
C_ROOKANDPAWNMOVEMENT:0.5145818619790641
C_CENTERCONTROL:0.5
C_DEVELOPPIECES:0.5
C_MATERIAL:0.5
C_MOVECOUNT:0.5
