ELO:1020
CE_PASSEDPAWNS:0.4860979555824839
CE_PAWNWEAKNESSES:0.4617547356980498
CE_PIECEACTIVITY:0.49396107226709207
CE_KINGPAWNSHIELD:0.5176752629541579
CE_PIECECOORDINATION:0.534049923273838
CE_MATERIAL:0.415653358260288
CE_KINGSAFETY:0.5
C_PIECESQUARETABLES:0.47391841369322696
C_MOBILITY:0.5055828841124651
C_KINGSAFETY:0.5143378623017788
C_PAWNSTRUCTURE:0.48016904903971575
C_PIECECOORDINATION:0.5025497060428835
C_ROOKANDPAWNMOVEMENT:0.5025497060428835
C_CENTERCONTROL:0.5037091852965871
C_DEVELOPPIECES:0.4935007159175937
C_MATERIAL:0.500758320581277
C_MOVECOUNT:0.5100082633504814
