ELO:1000
CE_PASSEDPAWNS:0.5099323596152131
CE_PAWNWEAKNESSES:0.49764052727493296
CE_PIECEACTIVITY:0.4869017467612694
CE_KINGPAWNSHIELD:0.49888945087724024
CE_PIECECOORDINATION:0.5062253586905755
CE_MATERIAL:0.49712379708846816
CE_KINGSAFETY:0.49897494823881733
C_PIECESQUARETABLES:0.5099844192374121
C_MOBILITY:0.5046310731180752
C_KINGSAFETY:0.5049818161218144
C_PAWNSTRUCTURE:0.49940753113848757
C_PIECECOORDINATION:0.50514794440958
C_ROOKANDPAWNMOVEMENT:0.50514794440958
C_CENTERCONTROL:0.4916337575596206
C_DEVELOPPIECES:0.5154942519685483
C_MATERIAL:0.5
