ELO:987
CE_PASSEDPAWNS:0.5652179273278298
CE_PAWNWEAKNESSES:0.4549694675919388
CE_PIECEACTIVITY:0.4860276716431114
CE_KINGPAWNSHIELD:0.5171601406853595
CE_PIECECOORDINATION:0.444539230215294
CE_MATERIAL:0.4656130649789153
CE_KINGSAFETY:0.5035928007099629
C_PIECESQUARETABLES:0.4973041636225173
C_MOBILITY:0.5952440264790542
C_KINGSAFETY:0.5643414453754175
C_PAWNSTRUCTURE:0.5148813698296072
C_PIECECOORDINATION:0.5081127122308824
C_ROOKANDPAWNMOVEMENT:0.5081127122308824
C_CENTERCONTROL:0.4657932659020634
C_DEVELOPPIECES:0.5574480380834432
C_MATERIAL:0.49221864049025377
