ELO:1017
CE_PASSEDPAWNS:0.4841151605903541
CE_PAWNWEAKNESSES:0.5018759020046714
CE_PIECEACTIVITY:0.49161878511758483
CE_KINGPAWNSHIELD:0.5158028199227129
CE_PIECECOORDINATION:0.5099862208455264
CE_MATERIAL:0.49434134690751447
CE_KINGSAFETY:0.5
C_PIECESQUARETABLES:0.5
C_MOBILITY:0.4937456117851953
C_KINGSAFETY:0.4730577194024786
C_PAWNSTRUCTURE:0.5206221487950914
C_PIECECOORDINATION:0.4939065445797985
C_ROOK:0.49529154829690436
CE_ROOK:0.5132819044396046
C_CENTERCONTROL:0.4529636303463352
C_DEVELOPPIECES:0.49539531084576294
C_MATERIAL:0.5177977038124614
C_MOVECOUNT:0.4806492313286137
C_PAWNMOVEMENT:0.5227013263934289
