ELO:988
CE_PASSEDPAWNS:0.5277480320275592
CE_PAWNWEAKNESSES:0.5198060297432685
CE_PIECEACTIVITY:0.5160255395595341
CE_KINGPAWNSHIELD:0.4076561608377238
CE_PIECECOORDINATION:0.44538019471221774
CE_MATERIAL:0.5583483525024537
CE_KINGSAFETY:0.4981434362876991
C_PIECESQUARETABLES:0.5113457278766803
C_MOBILITY:0.4964390839356585
C_KINGSAFETY:0.5135192152896524
C_PAWNSTRUCTURE:0.5006281247243053
C_PIECECOORDINATION:0.5334445194094011
C_ROOKANDPAWNMOVEMENT:0.5334445194094011
C_CENTERCONTROL:0.3897178573783936
C_DEVELOPPIECES:0.5067495606305472
C_MATERIAL:0.6803880935610931
