ELO:1117
CE_PASSEDPAWNS:0.505135030769393
CE_PAWNWEAKNESSES:0.4642004916619383
CE_PIECEACTIVITY:0.6456031341348835
CE_KINGPAWNSHIELD:0.47855493155832246
CE_PIECECOORDINATION:0.5119518836221792
CE_MATERIAL:0.5422067238317319
CE_KINGSAFETY:0.5
C_PIECESQUARETABLES:0.4724423900223983
C_MOBILITY:0.4951426635128971
C_KINGSAFETY:0.548552588294444
C_PAWNSTRUCTURE:0.49593264127277026
C_PIECECOORDINATION:0.4995992257016168
C_ROOKANDPAWNMOVEMENT:0.4995992257016168
C_CENTERCONTROL:0.4735432014099786
C_DEVELOPPIECES:0.4730996556846132
C_MATERIAL:0.48859089983064385
C_MOVECOUNT:0.5579957769758401
