ELO:921
CE_PASSEDPAWNS:0.5435971471918495
CE_PAWNWEAKNESSES:0.52324475530443
CE_PIECEACTIVITY:0.4989450493002274
CE_KINGPAWNSHIELD:0.5071001519226312
CE_PIECECOORDINATION:0.4616128226323823
CE_MATERIAL:0.5077438486463871
CE_KINGSAFETY:0.5258827566485212
C_PIECESQUARETABLES:0.47287965630693013
C_MOBILITY:0.5063198143657882
C_KINGSAFETY:0.5191047320255429
C_PAWNSTRUCTURE:0.5146821624829312
C_PIECECOORDINATION:0.49024646601587646
C_ROOKANDPAWNMOVEMENT:0.49024646601587646
C_CENTERCONTROL:0.4752677721322306
C_DEVELOPPIECES:0.4973795614986952
C_MATERIAL:0.4986658856513189
C_MOVECOUNT:0.5
