ELO:970
CE_PASSEDPAWNS:0.49565221504872775
CE_PAWNWEAKNESSES:0.4984404568573246
CE_PIECEACTIVITY:0.4774255389748358
CE_KINGPAWNSHIELD:0.5
CE_PIECECOORDINATION:0.4954463181562066
CE_MATERIAL:0.501226312210683
CE_KINGSAFETY:0.5
C_PIECESQUARETABLES:0.5
C_MOBILITY:0.5068652566111305
C_KINGSAFETY:0.5
C_PAWNSTRUCTURE:0.5031880295566767
C_PIECECOORDINATION:0.519717418127728
C_ROOKANDPAWNMOVEMENT:0.519717418127728
C_CENTERCONTROL:0.5050578964332557
C_DEVELOPPIECES:0.4980247181204789
C_MATERIAL:0.5014947331568158
C_MOVECOUNT:0.5
