ELO:969
CE_PASSEDPAWNS:0.5051998617923623
CE_PAWNWEAKNESSES:0.5084325409539706
CE_PIECEACTIVITY:0.4921917085947446
CE_KINGPAWNSHIELD:0.398608180455932
CE_PIECECOORDINATION:0.3897360516388197
CE_MATERIAL:0.5100693533262872
CE_KINGSAFETY:0.5205533378660973
C_PIECESQUARETABLES:0.4886455303832722
C_MOBILITY:0.5368554847233769
C_KINGSAFETY:0.48339177748214657
C_PAWNSTRUCTURE:0.49392038265025856
C_PIECECOORDINATION:0.5267503115933464
C_ROOKANDPAWNMOVEMENT:0.5267503115933464
C_CENTERCONTROL:0.7148472382220925
C_DEVELOPPIECES:0.5297363091858778
C_MATERIAL:0.38732545506693894
