ELO:954
CE_PASSEDPAWNS:0.6109958077051882
CE_PAWNWEAKNESSES:0.5011049384195544
CE_PIECEACTIVITY:0.4795444360920134
CE_KINGPAWNSHIELD:0.4491671133073452
CE_PIECECOORDINATION:0.48697883056491953
CE_MATERIAL:0.4644511588759669
CE_KINGSAFETY:0.49348125582291225
C_PIECESQUARETABLES:0.5063646471028962
C_MOBILITY:0.4134012452797775
C_KINGSAFETY:0.41314872982153034
C_PAWNSTRUCTURE:0.42426951640106836
C_PIECECOORDINATION:0.5023478772671875
C_ROOKANDPAWNMOVEMENT:0.5023478772671875
C_CENTERCONTROL:0.49381435260980444
C_DEVELOPPIECES:0.5606082217831355
C_MATERIAL:0.46851502526636335
