ELO:997
CE_PASSEDPAWNS:0.5946344547647796
CE_PAWNWEAKNESSES:0.5028056249554559
CE_PIECEACTIVITY:0.4815913076395035
CE_KINGPAWNSHIELD:0.47012800796818927
CE_PIECECOORDINATION:0.4718225013035508
CE_MATERIAL:0.4756825021887091
CE_KINGSAFETY:0.5205549070966553
C_PIECESQUARETABLES:0.4747872419446336
C_MOBILITY:0.40574903266342655
C_KINGSAFETY:0.4518603143803635
C_PAWNSTRUCTURE:0.41641741879431293
C_PIECECOORDINATION:0.47172759528838887
C_ROOKANDPAWNMOVEMENT:0.47172759528838887
C_CENTERCONTROL:0.4892738455924595
C_DEVELOPPIECES:0.5757667854906464
C_MATERIAL:0.45098720233238865
