ELO:1036
CE_PASSEDPAWNS:0.4746905400534966
CE_PAWNWEAKNESSES:0.500517512320903
CE_PIECEACTIVITY:0.4846295378443273
CE_KINGPAWNSHIELD:0.4881911058004916
CE_PIECECOORDINATION:0.5066264648136295
CE_MATERIAL:0.5
CE_KINGSAFETY:0.4807459354356822
C_PIECESQUARETABLES:0.47520545929060665
C_MOBILITY:0.5116623085970322
C_KINGSAFETY:0.5183508641864791
C_PAWNSTRUCTURE:0.5
C_PIECECOORDINATION:0.4810489044076505
C_ROOKANDPAWNMOVEMENT:0.4810489044076505
C_CENTERCONTROL:0.5
C_DEVELOPPIECES:0.46431668124895886
C_MATERIAL:0.4766508741121137
C_MOVECOUNT:0.5
