ELO:990
CE_PASSEDPAWNS:0.5001425129374789
CE_PAWNWEAKNESSES:0.5194630851538704
CE_PIECEACTIVITY:0.488816350169267
CE_KINGPAWNSHIELD:0.46997297610712135
CE_PIECECOORDINATION:0.5023264210695806
CE_MATERIAL:0.5090999573120596
CE_KINGSAFETY:0.5205552903890324
C_PIECESQUARETABLES:0.47950480934861317
C_MOBILITY:0.5
C_KINGSAFETY:0.5106520644219459
C_PAWNSTRUCTURE:0.5060703424866697
C_PIECECOORDINATION:0.5250900467478595
C_ROOKANDPAWNMOVEMENT:0.5250900467478595
C_CENTERCONTROL:0.4925727225152406
C_DEVELOPPIECES:0.5
C_MATERIAL:0.49778283065271595
C_MOVECOUNT:0.5
