ELO:962
CE_PASSEDPAWNS:0.4943754601347441
CE_PAWNWEAKNESSES:0.5049589996008901
CE_PIECEACTIVITY:0.5265034682426516
CE_KINGPAWNSHIELD:0.4163008330310469
CE_PIECECOORDINATION:0.5089458226419704
CE_MATERIAL:0.4792897633054264
CE_KINGSAFETY:0.5
C_PIECESQUARETABLES:0.5146330789784072
C_MOBILITY:0.5412862555751276
C_KINGSAFETY:0.5689332721019652
C_PAWNSTRUCTURE:0.49513284209690306
C_PIECECOORDINATION:0.5309794970499289
C_ROOKANDPAWNMOVEMENT:0.5309794970499289
C_CENTERCONTROL:0.6407271026428379
C_DEVELOPPIECES:0.5624310445844982
C_MATERIAL:0.4257566009026369
