ELO:1004
CE_PASSEDPAWNS:0.5080042039508464
CE_PAWNWEAKNESSES:0.46355633804754093
CE_PIECEACTIVITY:0.4839973358516416
CE_KINGPAWNSHIELD:0.5
CE_PIECECOORDINATION:0.4960714316337667
CE_MATERIAL:0.5062950043329838
CE_KINGSAFETY:0.5
C_PIECESQUARETABLES:0.5
C_MOBILITY:0.499110786450322
C_KINGSAFETY:0.4916128297772204
C_PAWNSTRUCTURE:0.5110859731617643
C_PIECECOORDINATION:0.5005231583940678
C_ROOKANDPAWNMOVEMENT:0.5005231583940678
C_CENTERCONTROL:0.5147602819419868
C_DEVELOPPIECES:0.4987336470860119
C_MATERIAL:0.5091561636777587
C_MOVECOUNT:0.5111396762360922
