ELO:1000
CE_PASSEDPAWNS:0.5080802125002597
CE_PAWNWEAKNESSES:0.4798657726680561
CE_PIECEACTIVITY:0.5074448229018284
CE_KINGPAWNSHIELD:0.5199161669191505
CE_PIECECOORDINATION:0.49458871343131566
CE_MATERIAL:0.4702803432559771
CE_KINGSAFETY:0.4996891290880877
C_PIECESQUARETABLES:0.5327379544279114
C_MOBILITY:0.49962874993788653
C_KINGSAFETY:0.5172839527099075
C_PAWNSTRUCTURE:0.49224412480007934
C_PIECECOORDINATION:0.5002759172279828
C_ROOKANDPAWNMOVEMENT:0.5002759172279828
C_CENTERCONTROL:0.4627734418137722
C_DEVELOPPIECES:0.5426447038662683
C_MATERIAL:0.5014325088143569
