ELO:999
CE_PASSEDPAWNS:0.5192239374608345
CE_PAWNWEAKNESSES:0.5002277082329599
CE_PIECEACTIVITY:0.535973275305171
CE_KINGPAWNSHIELD:0.47685588804737467
CE_PIECECOORDINATION:0.5054372971944092
CE_MATERIAL:0.4903631159854282
CE_KINGSAFETY:0.5065121655616793
C_PIECESQUARETABLES:0.531468981296446
C_MOBILITY:0.5327872474016083
C_KINGSAFETY:0.554008104858784
C_PAWNSTRUCTURE:0.5071218135142506
C_PIECECOORDINATION:0.546779779616633
C_ROOKANDPAWNMOVEMENT:0.546779779616633
C_CENTERCONTROL:0.5452901445559802
C_DEVELOPPIECES:0.5511542159657552
C_MATERIAL:0.45282617672612707
