ELO:982
CE_PASSEDPAWNS:0.5279966957195005
CE_PAWNWEAKNESSES:0.4984404568573246
CE_PIECEACTIVITY:0.49870922544533236
CE_KINGPAWNSHIELD:0.5
CE_PIECECOORDINATION:0.4779297805946834
CE_MATERIAL:0.5175265664204026
CE_KINGSAFETY:0.49322154660168066
C_PIECESQUARETABLES:0.5057772453627998
C_MOBILITY:0.48191084173703663
C_KINGSAFETY:0.5
C_PAWNSTRUCTURE:0.5006395017195173
C_PIECECOORDINATION:0.519717418127728
C_ROOKANDPAWNMOVEMENT:0.519717418127728
C_CENTERCONTROL:0.5050578964332557
C_DEVELOPPIECES:0.5179355782893424
C_MATERIAL:0.5087359723062791
C_MOVECOUNT:0.5
