ELO:998
CE_PASSEDPAWNS:0.49991959837961775
CE_PAWNWEAKNESSES:0.5092567815393918
CE_PIECEACTIVITY:0.5046922964781694
CE_KINGPAWNSHIELD:0.5
CE_PIECECOORDINATION:0.5177371158284957
CE_MATERIAL:0.4938105510921935
CE_KINGSAFETY:0.5
C_PIECESQUARETABLES:0.5
C_MOBILITY:0.5099654786267306
C_KINGSAFETY:0.49172574714525197
C_PAWNSTRUCTURE:0.5080209608016621
C_PIECECOORDINATION:0.49372099066876834
C_ROOK:0.5133849354078028
CE_ROOK:0.49148737721383257
C_CENTERCONTROL:0.5154011534249373
C_DEVELOPPIECES:0.5311302192455516
C_MATERIAL:0.49204978424941
C_MOVECOUNT:0.49959048275863754
C_PAWNMOVEMENT:0.4885088681472716
