ELO:924
CE_PASSEDPAWNS:0.47958303362133925
CE_PAWNWEAKNESSES:0.5079284491947329
CE_PIECEACTIVITY:0.5242880217933156
CE_KINGPAWNSHIELD:0.38387483044799425
CE_PIECECOORDINATION:0.4116826862602151
CE_MATERIAL:0.4778540471757552
CE_KINGSAFETY:0.5102517607095859
C_PIECESQUARETABLES:0.49338652628808355
C_MOBILITY:0.5581279115335618
C_KINGSAFETY:0.522160111078411
C_PAWNSTRUCTURE:0.4998172503009991
C_PIECECOORDINATION:0.5360646394413509
C_ROOKANDPAWNMOVEMENT:0.5360646394413509
C_CENTERCONTROL:0.7030063638212853
C_DEVELOPPIECES:0.5163963941536426
C_MATERIAL:0.38985279032218506
