ELO:963
CE_PASSEDPAWNS:0.5088826336410333
CE_PAWNWEAKNESSES:0.502378741815799
CE_PIECEACTIVITY:0.5201025712479067
CE_KINGPAWNSHIELD:0.49459524846205416
CE_PIECECOORDINATION:0.5138393577196542
CE_MATERIAL:0.4939436758452848
CE_KINGSAFETY:0.49419580415009223
C_PIECESQUARETABLES:0.5
C_MOBILITY:0.5330400546559879
C_KINGSAFETY:0.5121652639197266
C_PAWNSTRUCTURE:0.4717662233681575
C_PIECECOORDINATION:0.5475467148696123
C_ROOKANDPAWNMOVEMENT:0.5475467148696123
C_CENTERCONTROL:0.4998057941362209
C_DEVELOPPIECES:0.4730233978275873
C_MATERIAL:0.4884985296428449
C_MOVECOUNT:0.5
