ELO:903
CE_PASSEDPAWNS:0.5432482934808976
CE_PAWNWEAKNESSES:0.5866877915988881
CE_PIECEACTIVITY:0.46574962824435595
CE_KINGPAWNSHIELD:0.37461715813967866
CE_PIECECOORDINATION:0.5422778959687624
CE_MATERIAL:0.4529822544302554
CE_KINGSAFETY:0.5433800157490927
C_PIECESQUARETABLES:0.5101038455945895
C_MOBILITY:0.5924638028814468
C_KINGSAFETY:0.4638141345478576
C_PAWNSTRUCTURE:0.46501557723401393
C_PIECECOORDINATION:0.5900106871964633
C_ROOKANDPAWNMOVEMENT:0.5900106871964633
C_CENTERCONTROL:0.5829756830689758
C_DEVELOPPIECES:0.537216684420317
C_MATERIAL:0.5731232131707186
