ELO:948
CE_PASSEDPAWNS:0.48895266419066036
CE_PAWNWEAKNESSES:0.48053330423841645
CE_PIECEACTIVITY:0.5083078885213078
CE_KINGPAWNSHIELD:0.4843531061261075
CE_PIECECOORDINATION:0.4702248818862974
CE_MATERIAL:0.4736692686281978
CE_KINGSAFETY:0.5
C_PIECESQUARETABLES:0.5
C_MOBILITY:0.45449095950912055
C_KINGSAFETY:0.5187011870972799
C_PAWNSTRUCTURE:0.4921989802118224
C_PIECECOORDINATION:0.5493111579429775
C_ROOK:0.5273770398632279
CE_ROOK:0.513330314518922
C_CENTERCONTROL:0.46534863248342934
C_DEVELOPPIECES:0.4849055227040958
C_MATERIAL:0.49077958618225426
C_MOVECOUNT:0.4965445535706275
C_PAWNMOVEMENT:0.4959908120465352
