ELO:983
CE_PASSEDPAWNS:0.47669959787913
CE_PAWNWEAKNESSES:0.4948094598698621
CE_PIECEACTIVITY:0.5019624096367412
CE_KINGPAWNSHIELD:0.4971538274159714
CE_PIECECOORDINATION:0.5000506264067257
CE_MATERIAL:0.4794371638142334
CE_KINGSAFETY:0.493418754690884
C_PIECESQUARETABLES:0.5
C_MOBILITY:0.49674707127017137
C_KINGSAFETY:0.5052609599462612
C_PAWNSTRUCTURE:0.49175805299626474
C_PIECECOORDINATION:0.48973019505904536
C_ROOKANDPAWNMOVEMENT:0.48973019505904536
C_CENTERCONTROL:0.4725397336649437
C_DEVELOPPIECES:0.523721642771241
C_MATERIAL:0.5068518437698245
C_MOVECOUNT:0.4999380744222167
