ELO:949
CE_PASSEDPAWNS:0.5061730848848932
CE_PAWNWEAKNESSES:0.48421097723036344
CE_PIECEACTIVITY:0.5083078885213078
CE_KINGPAWNSHIELD:0.4920679068778284
CE_PIECECOORDINATION:0.4659818948441568
CE_MATERIAL:0.4711539875190152
CE_KINGSAFETY:0.5
C_PIECESQUARETABLES:0.5043806633106298
C_MOBILITY:0.451197330284118
C_KINGSAFETY:0.5187011870972799
C_PAWNSTRUCTURE:0.479433221749332
C_PIECECOORDINATION:0.5493111579429775
C_ROOK:0.5273770398632279
CE_ROOK:0.4932471843146613
C_CENTERCONTROL:0.45360159329531735
C_DEVELOPPIECES:0.4728984252320733
C_MATERIAL:0.4904942887853948
C_MOVECOUNT:0.5044747702471001
C_PAWNMOVEMENT:0.491656456093518
