ELO:881
CE_PASSEDPAWNS:0.5335846062844113
CE_PAWNWEAKNESSES:0.6055845349324955
CE_PIECEACTIVITY:0.5324869558512678
CE_KINGPAWNSHIELD:0.5220318273906018
CE_PIECECOORDINATION:0.5256765062899317
CE_MATERIAL:0.528025888558687
CE_KINGSAFETY:0.4994113529780623
C_PIECESQUARETABLES:0.4914339287976084
C_MOBILITY:0.6236821922140259
C_KINGSAFETY:0.4395654437449958
C_PAWNSTRUCTURE:0.5674900196146652
C_PIECECOORDINATION:0.5340836652505627
C_ROOKANDPAWNMOVEMENT:0.5340836652505627
C_CENTERCONTROL:0.44183146911584714
C_DEVELOPPIECES:0.4437042622508277
C_MATERIAL:0.5927220238722729
C_MOVECOUNT:0.5
