ELO:842
CE_PASSEDPAWNS:0.5039815868976968
CE_PAWNWEAKNESSES:0.5642757279470957
CE_PIECEACTIVITY:0.48048575603344357
CE_KINGPAWNSHIELD:0.4905852989146693
CE_PIECECOORDINATION:0.5086073524429152
CE_MATERIAL:0.5234982983567176
CE_KINGSAFETY:0.6166991984422052
C_PIECESQUARETABLES:0.5227748598787825
C_MOBILITY:0.587642838372152
C_KINGSAFETY:0.3944583493287941
C_PAWNSTRUCTURE:0.5340446058734221
C_PIECECOORDINATION:0.5176496911001437
C_ROOKANDPAWNMOVEMENT:0.5176496911001437
C_CENTERCONTROL:0.5058625691218221
C_DEVELOPPIECES:0.5049167549478748
C_MATERIAL:0.5499725696452181
C_MOVECOUNT:0.5
