ELO:973
CE_PASSEDPAWNS:0.48895266419066036
CE_PAWNWEAKNESSES:0.4907990824768097
CE_PIECEACTIVITY:0.5070936983544648
CE_KINGPAWNSHIELD:0.5244787407611425
CE_PIECECOORDINATION:0.49861795182883617
CE_MATERIAL:0.4649696256684857
CE_KINGSAFETY:0.5
C_PIECESQUARETABLES:0.5
C_MOBILITY:0.5346322662336985
C_KINGSAFETY:0.5187011870972799
C_PAWNSTRUCTURE:0.4991405291164287
C_PIECECOORDINATION:0.5493111579429775
C_ROOK:0.5273770398632279
CE_ROOK:0.5202571577695595
C_CENTERCONTROL:0.4995086811044334
C_DEVELOPPIECES:0.4700935554876427
C_MATERIAL:0.46500655325353324
C_MOVECOUNT:0.4838696226696883
C_PAWNMOVEMENT:0.4959908120465352
