ELO:980
CE_PASSEDPAWNS:0.4629848950467697
CE_PAWNWEAKNESSES:0.556262563535027
CE_PIECEACTIVITY:0.49294101966857246
CE_KINGPAWNSHIELD:0.5713273480433129
CE_PIECECOORDINATION:0.5858084397411132
CE_MATERIAL:0.5340988760684661
CE_KINGSAFETY:0.5
C_PIECESQUARETABLES:0.4991297677001157
C_MOBILITY:0.5034776101354475
C_KINGSAFETY:0.5125496637881115
C_PAWNSTRUCTURE:0.4308568377319495
C_PIECECOORDINATION:0.46560204748511386
C_ROOKANDPAWNMOVEMENT:0.46560204748511386
C_CENTERCONTROL:0.4174899639854658
C_DEVELOPPIECES:0.548976085876346
C_MATERIAL:0.5849737896392263
