ELO:1000
CE_PASSEDPAWNS:0.46908689223203753
CE_PAWNWEAKNESSES:0.47514780015174257
CE_PIECEACTIVITY:0.5504310175657735
CE_KINGPAWNSHIELD:0.5285101526330055
CE_PIECECOORDINATION:0.5273287061087403
CE_MATERIAL:0.5076798418206611
CE_KINGSAFETY:0.48667267406636455
C_PIECESQUARETABLES:0.5225601396102894
C_MOBILITY:0.5364251827386396
C_KINGSAFETY:0.4545195801016572
C_PAWNSTRUCTURE:0.5156812408346013
C_PIECECOORDINATION:0.45713141088978565
C_ROOKANDPAWNMOVEMENT:0.45713141088978565
C_CENTERCONTROL:0.5059116461788727
C_DEVELOPPIECES:0.498443335829501
C_MATERIAL:0.4437758291926832
