ELO:967
CE_PASSEDPAWNS:0.4489268205519487
CE_PAWNWEAKNESSES:0.5674685132535361
CE_PIECEACTIVITY:0.46977331425540086
CE_KINGPAWNSHIELD:0.5054508615978048
CE_PIECECOORDINATION:0.5342068778673823
CE_MATERIAL:0.5088080117207866
CE_KINGSAFETY:0.4776535868444277
C_PIECESQUARETABLES:0.5067688744370199
C_MOBILITY:0.5505588971828071
C_KINGSAFETY:0.4273812492025971
C_PAWNSTRUCTURE:0.5504516971726023
C_PIECECOORDINATION:0.4793003978098181
C_ROOKANDPAWNMOVEMENT:0.4793003978098181
C_CENTERCONTROL:0.4633473102355802
C_DEVELOPPIECES:0.49061708057528647
C_MATERIAL:0.42378341793345164
