ELO:832
CE_PASSEDPAWNS:0.5192792628795193
CE_PAWNWEAKNESSES:0.5586080609218642
CE_PIECEACTIVITY:0.4986750444223568
CE_KINGPAWNSHIELD:0.5309874490607083
CE_PIECECOORDINATION:0.5193637161315174
CE_MATERIAL:0.5140368915931052
CE_KINGSAFETY:0.6004281518738186
C_PIECESQUARETABLES:0.5247027074705768
C_MOBILITY:0.6084689566437993
C_KINGSAFETY:0.4369349140715327
C_PAWNSTRUCTURE:0.5633864936083107
C_PIECECOORDINATION:0.5108436248722681
C_ROOKANDPAWNMOVEMENT:0.5108436248722681
C_CENTERCONTROL:0.5040609166702189
C_DEVELOPPIECES:0.48391962945057143
C_MATERIAL:0.5443392113509404
C_MOVECOUNT:0.5
