ELO:999
CE_PASSEDPAWNS:0.5087119034969309
CE_PAWNWEAKNESSES:0.5
CE_PIECEACTIVITY:0.5
CE_KINGPAWNSHIELD:0.5085950124198791
CE_PIECECOORDINATION:0.4843962457452858
CE_MATERIAL:0.5
CE_KINGSAFETY:0.5076403215700666
C_PIECESQUARETABLES:0.5
C_MOBILITY:0.48945479591956936
C_KINGSAFETY:0.5
C_PAWNSTRUCTURE:0.4919747660381626
C_PIECECOORDINATION:0.5007055541511868
C_ROOKANDPAWNMOVEMENT:0.5007055541511868
C_CENTERCONTROL:0.5
C_DEVELOPPIECES:0.4975592025509176
C_MATERIAL:0.5
C_MOVECOUNT:0.5067862900615655
