ELO:649
CE_PASSEDPAWNS:0.42841099257415266
CE_PAWNWEAKNESSES:0.5204666586339364
CE_PIECEACTIVITY:0.4558038956884811
CE_KINGPAWNSHIELD:0.5418272892742434
CE_PIECECOORDINATION:0.47764140467136035
CE_MATERIAL:0.4699089263580491
CE_KINGSAFETY:0.4122516392645841
C_PIECESQUARETABLES:0.4858697508548652
C_MOBILITY:0.4538544506928721
C_KINGSAFETY:0.5871251398083912
C_PAWNSTRUCTURE:0.41268380094001256
C_PIECECOORDINATION:0.5409760022652407
C_ROOKANDPAWNMOVEMENT:0.5409760022652407
C_CENTERCONTROL:0.48914392415383856
C_DEVELOPPIECES:0.47184282417664464
C_MATERIAL:0.5336618577986069
C_MOVECOUNT:0.47459785250024644
