ELO:944
CE_PASSEDPAWNS:0.42087726713478407
CE_PAWNWEAKNESSES:0.5297837799979997
CE_PIECEACTIVITY:0.4376616438710375
CE_KINGPAWNSHIELD:0.4795332207011665
CE_PIECECOORDINATION:0.532154875437518
CE_MATERIAL:0.5387582080427951
CE_KINGSAFETY:0.5215148931481813
C_PIECESQUARETABLES:0.5089487484045511
C_MOBILITY:0.5767285822555158
C_KINGSAFETY:0.44734248531875814
C_PAWNSTRUCTURE:0.5859785611295788
C_PIECECOORDINATION:0.46668550402208236
C_ROOKANDPAWNMOVEMENT:0.46668550402208236
C_CENTERCONTROL:0.42706152100291755
C_DEVELOPPIECES:0.5016326771476551
C_MATERIAL:0.4125021978971402
