ELO:1000
CE_PASSEDPAWNS:0.4878092676302822
CE_PAWNWEAKNESSES:0.531617416434432
CE_PIECEACTIVITY:0.4590233884047693
CE_KINGPAWNSHIELD:0.519780628377592
CE_PIECECOORDINATION:0.5021801032471166
CE_MATERIAL:0.5242032008865346
CE_KINGSAFETY:0.5134206522491704
C_PIECESQUARETABLES:0.429739466377278
C_MOBILITY:0.50698990000472
C_KINGSAFETY:0.49604613986445717
C_PAWNSTRUCTURE:0.49407282458303675
C_PIECECOORDINATION:0.48410181383453904
C_ROOKANDPAWNMOVEMENT:0.48410181383453904
C_CENTERCONTROL:0.4877736410413566
C_DEVELOPPIECES:0.4956473957163175
C_MATERIAL:0.5358548841093462
