ELO:649
CE_PASSEDPAWNS:0.42678657471891346
CE_PAWNWEAKNESSES:0.5131387397441002
CE_PIECEACTIVITY:0.44749441819576846
CE_KINGPAWNSHIELD:0.5464001904682522
CE_PIECECOORDINATION:0.47182604102863235
CE_MATERIAL:0.4409989702828826
CE_KINGSAFETY:0.42889893850882177
C_PIECESQUARETABLES:0.4512336996206111
C_MOBILITY:0.464620873016373
C_KINGSAFETY:0.6040196100454495
C_PAWNSTRUCTURE:0.41748811711064576
C_PIECECOORDINATION:0.5500168250510498
C_ROOKANDPAWNMOVEMENT:0.5500168250510498
C_CENTERCONTROL:0.5011333162455994
C_DEVELOPPIECES:0.4645819030912174
C_MATERIAL:0.5243135692119234
C_MOVECOUNT:0.46752369622002704
