ELO:1000
CE_PASSEDPAWNS:0.48787363164435393
CE_PAWNWEAKNESSES:0.49742581608406344
CE_PIECEACTIVITY:0.4943679814825359
CE_KINGPAWNSHIELD:0.5123211963058903
CE_PIECECOORDINATION:0.5069192392655921
CE_MATERIAL:0.5244812146099221
CE_KINGSAFETY:0.5045496764952577
C_PIECESQUARETABLES:0.46395737008276444
C_MOBILITY:0.5113388678356704
C_KINGSAFETY:0.48659935517013697
C_PAWNSTRUCTURE:0.5096388531749355
C_PIECECOORDINATION:0.5097515525004478
C_ROOKANDPAWNMOVEMENT:0.5097515525004478
C_CENTERCONTROL:0.49110057861546996
C_DEVELOPPIECES:0.5081336906559369
C_MATERIAL:0.5164782783598092
