ELO:965
CE_PASSEDPAWNS:0.45320774044485745
CE_PAWNWEAKNESSES:0.5066313598517811
CE_PIECEACTIVITY:0.5158316340119407
CE_KINGPAWNSHIELD:0.5077033046013479
CE_PIECECOORDINATION:0.5409741869545438
CE_MATERIAL:0.513067685332693
CE_KINGSAFETY:0.47828337982590113
C_PIECESQUARETABLES:0.520913711400615
C_MOBILITY:0.5688413935265317
C_KINGSAFETY:0.4644972399176729
C_PAWNSTRUCTURE:0.5587248111438344
C_PIECECOORDINATION:0.4824815776117899
C_ROOKANDPAWNMOVEMENT:0.4824815776117899
C_CENTERCONTROL:0.4406025095029974
C_DEVELOPPIECES:0.48201210082236506
C_MATERIAL:0.414231354287651
