ELO:988
CE_PASSEDPAWNS:0.5126932869110713
CE_PAWNWEAKNESSES:0.5121142953421814
CE_PIECEACTIVITY:0.512560347893583
CE_KINGPAWNSHIELD:0.4186341499011807
CE_PIECECOORDINATION:0.44362349495729453
CE_MATERIAL:0.5622684388242613
CE_KINGSAFETY:0.5185584773864326
C_PIECESQUARETABLES:0.5
C_MOBILITY:0.49469385719964115
C_KINGSAFETY:0.5135192152896524
C_PAWNSTRUCTURE:0.5041701362502654
C_PIECECOORDINATION:0.5350567576815112
C_ROOKANDPAWNMOVEMENT:0.5350567576815112
C_CENTERCONTROL:0.39989793672852264
C_DEVELOPPIECES:0.5044480619285193
C_MATERIAL:0.5855014724315591
