ELO:813
CE_PASSEDPAWNS:0.5193891420273159
CE_PAWNWEAKNESSES:0.565461668548984
CE_PIECEACTIVITY:0.5018471558025769
CE_KINGPAWNSHIELD:0.5844523916401726
CE_PIECECOORDINATION:0.44613457001924045
CE_MATERIAL:0.45249797367013755
CE_KINGSAFETY:0.5
C_PIECESQUARETABLES:0.4784974615392924
C_MOBILITY:0.44355214123562947
C_KINGSAFETY:0.4938308596580325
C_PAWNSTRUCTURE:0.5501530067916606
C_PIECECOORDINATION:0.5392068850722047
C_ROOKANDPAWNMOVEMENT:0.5392068850722047
C_CENTERCONTROL:0.5448998914311757
C_DEVELOPPIECES:0.4522273805497995
C_MATERIAL:0.49355659976150024
C_MOVECOUNT:0.5191793865542683
