ELO:968
CE_PASSEDPAWNS:0.48605310829869625
CE_PAWNWEAKNESSES:0.5168981700897627
CE_PIECEACTIVITY:0.46301423376812223
CE_KINGPAWNSHIELD:0.5042820553560349
CE_PIECECOORDINATION:0.5088511028162871
CE_MATERIAL:0.46997415174363283
CE_KINGSAFETY:0.5104124293373872
C_PIECESQUARETABLES:0.5211541356033524
C_MOBILITY:0.5553269842400151
C_KINGSAFETY:0.5053175530059767
C_PAWNSTRUCTURE:0.48269324461937824
C_PIECECOORDINATION:0.4582622672258001
C_ROOKANDPAWNMOVEMENT:0.4582622672258001
C_CENTERCONTROL:0.5035051368847101
C_DEVELOPPIECES:0.43646895744647385
C_MATERIAL:0.5103406937634728
C_MOVECOUNT:0.483350021326857
