ELO:928
CE_PASSEDPAWNS:0.4910606814579937
CE_PAWNWEAKNESSES:0.5307402170232903
CE_PIECEACTIVITY:0.4656754636204205
CE_KINGPAWNSHIELD:0.5112127770040193
CE_PIECECOORDINATION:0.48856484196961203
CE_MATERIAL:0.5150141162315496
CE_KINGSAFETY:0.5231480525090773
C_PIECESQUARETABLES:0.510056850977174
C_MOBILITY:0.5363807599952348
C_KINGSAFETY:0.4954738246217142
C_PAWNSTRUCTURE:0.5159993374448296
C_PIECECOORDINATION:0.4842816116421141
C_ROOKANDPAWNMOVEMENT:0.4842816116421141
C_CENTERCONTROL:0.5334272059964918
C_DEVELOPPIECES:0.5065439090417522
C_MATERIAL:0.523069467490902
C_MOVECOUNT:0.5
