ELO:813
CE_PASSEDPAWNS:0.38382676029141727
CE_PAWNWEAKNESSES:0.5672208070651568
CE_PIECEACTIVITY:0.6729262262938076
CE_KINGPAWNSHIELD:0.6248366798660314
CE_PIECECOORDINATION:0.6546697760276414
CE_MATERIAL:0.5094759835926747
CE_KINGSAFETY:0.5055864393877583
C_PIECESQUARETABLES:0.4884006269934738
C_MOBILITY:0.5879219641300558
C_KINGSAFETY:0.5426021683683389
C_PAWNSTRUCTURE:0.48575404110340487
C_PIECECOORDINATION:0.6208023879634074
C_ROOKANDPAWNMOVEMENT:0.6208023879634074
C_CENTERCONTROL:0.5054793326862309
C_DEVELOPPIECES:0.519192661933758
C_MATERIAL:0.4758543020188631
