ELO:974
CE_PASSEDPAWNS:0.5034737084066363
CE_PAWNWEAKNESSES:0.5199866786658064
CE_PIECEACTIVITY:0.4925875547614887
CE_KINGPAWNSHIELD:0.48356218909429566
CE_PIECECOORDINATION:0.49708141550729684
CE_MATERIAL:0.519326330327495
CE_KINGSAFETY:0.5
C_PIECESQUARETABLES:0.49565707921656493
C_MOBILITY:0.5078117702996889
C_KINGSAFETY:0.49842774539951473
C_PAWNSTRUCTURE:0.49658468955502505
C_PIECECOORDINATION:0.49882579591755805
C_ROOK:0.483065146437848
CE_ROOK:0.5044324047842407
C_CENTERCONTROL:0.4948477282509169
C_DEVELOPPIECES:0.5085369009298893
C_MATERIAL:0.49657925655650026
C_MOVECOUNT:0.48715548469488046
C_PAWNMOVEMENT:0.4831259584212192
