ELO:1020
CE_PASSEDPAWNS:0.451646764784825
CE_PAWNWEAKNESSES:0.5123614760943787
CE_PIECEACTIVITY:0.4817920113442435
CE_KINGPAWNSHIELD:0.5279926515709982
CE_PIECECOORDINATION:0.5816656953607781
CE_MATERIAL:0.548979911407236
CE_KINGSAFETY:0.5145363367918694
C_PIECESQUARETABLES:0.4187511469075316
C_MOBILITY:0.5165602858895424
C_KINGSAFETY:0.5164363821325734
C_PAWNSTRUCTURE:0.49001223608754335
C_PIECECOORDINATION:0.4506599665044338
C_ROOKANDPAWNMOVEMENT:0.4506599665044338
C_CENTERCONTROL:0.4803613726313409
C_DEVELOPPIECES:0.5613744580166004
C_MATERIAL:0.5431772787910352
