ELO:955
CE_PASSEDPAWNS:0.44769044056339996
CE_PAWNWEAKNESSES:0.5514137782834445
CE_PIECEACTIVITY:0.4879884726395282
CE_KINGPAWNSHIELD:0.516432898404097
CE_PIECECOORDINATION:0.5402662654473775
CE_MATERIAL:0.5203470803052368
CE_KINGSAFETY:0.47493748023707966
C_PIECESQUARETABLES:0.49533043896191586
C_MOBILITY:0.5505588971828071
C_KINGSAFETY:0.4322340870820682
C_PAWNSTRUCTURE:0.5504516971726023
C_PIECECOORDINATION:0.4862956049860859
C_ROOKANDPAWNMOVEMENT:0.4862956049860859
C_CENTERCONTROL:0.45693728333415196
C_DEVELOPPIECES:0.5104497452381233
C_MATERIAL:0.42378341793345164
