ELO:1025
CE_PASSEDPAWNS:0.48947079275100763
CE_PAWNWEAKNESSES:0.49925567521212877
CE_PIECEACTIVITY:0.5109598245924349
CE_KINGPAWNSHIELD:0.5013842342483311
CE_PIECECOORDINATION:0.48934928464960353
CE_MATERIAL:0.5094674082332488
CE_KINGSAFETY:0.5017564710189975
C_PIECESQUARETABLES:0.5
C_MOBILITY:0.4848692164858015
C_KINGSAFETY:0.5061987785778607
C_PAWNSTRUCTURE:0.5012525668368674
C_PIECECOORDINATION:0.4838976599166956
C_ROOKANDPAWNMOVEMENT:0.4838976599166956
C_CENTERCONTROL:0.504724007447748
C_DEVELOPPIECES:0.5028883801191745
C_MATERIAL:0.49184205355148114
C_MOVECOUNT:0.4942034001424052
