ELO:936
CE_PASSEDPAWNS:0.43838819900366693
CE_PAWNWEAKNESSES:0.5127444196384399
CE_PIECEACTIVITY:0.43931256917466305
CE_KINGPAWNSHIELD:0.5064612503965421
CE_PIECECOORDINATION:0.5312618361989975
CE_MATERIAL:0.546928475161263
CE_KINGSAFETY:0.5069285142934171
C_PIECESQUARETABLES:0.5253790151518445
C_MOBILITY:0.6000029653354115
C_KINGSAFETY:0.4434955971543427
C_PAWNSTRUCTURE:0.6247766050334297
C_PIECECOORDINATION:0.432382584722914
C_ROOKANDPAWNMOVEMENT:0.432382584722914
C_CENTERCONTROL:0.4260611674213985
C_DEVELOPPIECES:0.5014410667791038
C_MATERIAL:0.3662248928749052
