ELO:991
CE_PASSEDPAWNS:0.4754518416524839
CE_PAWNWEAKNESSES:0.5466875288639359
CE_PIECEACTIVITY:0.49638076493848876
CE_KINGPAWNSHIELD:0.5482043634427103
CE_PIECECOORDINATION:0.6120958194167336
CE_MATERIAL:0.5112625327496492
CE_KINGSAFETY:0.5048845099638501
C_PIECESQUARETABLES:0.5130696762593141
C_MOBILITY:0.5211537910227267
C_KINGSAFETY:0.5336410604117251
C_PAWNSTRUCTURE:0.42734654588372684
C_PIECECOORDINATION:0.4612116340385652
C_ROOKANDPAWNMOVEMENT:0.4612116340385652
C_CENTERCONTROL:0.44195234635484504
C_DEVELOPPIECES:0.5593287287990455
C_MATERIAL:0.5753751474173259
