ELO:955
CE_PASSEDPAWNS:0.49403162054366967
CE_PAWNWEAKNESSES:0.48065526415139787
CE_PIECEACTIVITY:0.5239272938925561
CE_KINGPAWNSHIELD:0.5069073663422717
CE_PIECECOORDINATION:0.47583805747941227
CE_MATERIAL:0.48597778565294175
CE_KINGSAFETY:0.4996895203580448
C_PIECESQUARETABLES:0.46431637991888414
C_MOBILITY:0.534540157311882
C_KINGSAFETY:0.4851219498566555
C_PAWNSTRUCTURE:0.4897091414937905
C_PIECECOORDINATION:0.5042534604668015
C_ROOKANDPAWNMOVEMENT:0.5042534604668015
C_CENTERCONTROL:0.4642483841586031
C_DEVELOPPIECES:0.518971917060801
C_MATERIAL:0.5253795753945846
