ELO:988
CE_PASSEDPAWNS:0.45795406398359445
CE_PAWNWEAKNESSES:0.5365598650332027
CE_PIECEACTIVITY:0.5069826503134348
CE_KINGPAWNSHIELD:0.5693519545615245
CE_PIECECOORDINATION:0.5980208465746912
CE_MATERIAL:0.5347784683270265
CE_KINGSAFETY:0.5016243001910965
C_PIECESQUARETABLES:0.5078997452603947
C_MOBILITY:0.5259087812313887
C_KINGSAFETY:0.5275327755000754
C_PAWNSTRUCTURE:0.41684706684032236
C_PIECECOORDINATION:0.4855085938916892
C_ROOKANDPAWNMOVEMENT:0.4855085938916892
C_CENTERCONTROL:0.44195234635484504
C_DEVELOPPIECES:0.5372596091260332
C_MATERIAL:0.5791882794241312
