ELO:972
CE_PASSEDPAWNS:0.46663356274443574
CE_PAWNWEAKNESSES:0.5056597523130061
CE_PIECEACTIVITY:0.5398084912602011
CE_KINGPAWNSHIELD:0.480729072321846
CE_PIECECOORDINATION:0.49441318063519996
CE_MATERIAL:0.5321771078120635
CE_KINGSAFETY:0.5109947531907805
C_PIECESQUARETABLES:0.5
C_MOBILITY:0.5205778974231983
C_KINGSAFETY:0.5244110140092959
C_PAWNSTRUCTURE:0.49130957831411454
C_PIECECOORDINATION:0.49179802287184626
C_ROOKANDPAWNMOVEMENT:0.49179802287184626
C_CENTERCONTROL:0.48982864105580365
C_DEVELOPPIECES:0.4730907545001366
C_MATERIAL:0.5147059514379997
C_MOVECOUNT:0.44111710273306654
