ELO:879
CE_PASSEDPAWNS:0.5355578640187059
CE_PAWNWEAKNESSES:0.46572023000272716
CE_PIECEACTIVITY:0.4537042391446862
CE_KINGPAWNSHIELD:0.49790653090358117
CE_PIECECOORDINATION:0.4563736522703961
CE_MATERIAL:0.49166601014276373
CE_KINGSAFETY:0.5
C_PIECESQUARETABLES:0.49476164981030935
C_MOBILITY:0.4350964324107454
C_KINGSAFETY:0.5160977665886561
C_PAWNSTRUCTURE:0.46231041975962917
C_PIECECOORDINATION:0.5515980821699024
C_ROOK:0.4979938483551351
CE_ROOK:0.5271384256298786
C_CENTERCONTROL:0.4851743281859136
C_DEVELOPPIECES:0.4494000755011299
C_MATERIAL:0.4663626464527436
C_MOVECOUNT:0.49692587083220163
C_PAWNMOVEMENT:0.46386746206160284
