ELO:880
CE_PASSEDPAWNS:0.5093343344685077
CE_PAWNWEAKNESSES:0.5554299726534074
CE_PIECEACTIVITY:0.5246727720983739
CE_KINGPAWNSHIELD:0.5
CE_PIECECOORDINATION:0.4869154976602165
CE_MATERIAL:0.41115227355597683
CE_KINGSAFETY:0.5
C_PIECESQUARETABLES:0.5113839047024901
C_MOBILITY:0.5984148123716129
C_KINGSAFETY:0.5174979831091973
C_PAWNSTRUCTURE:0.5223460204584883
C_PIECECOORDINATION:0.4678078544861126
C_ROOKANDPAWNMOVEMENT:0.4678078544861126
C_CENTERCONTROL:0.4801052240536404
C_DEVELOPPIECES:0.49316155014213175
C_MATERIAL:0.4708434099915567
C_MOVECOUNT:0.5
