ELO:943
CE_PASSEDPAWNS:0.44106282016700354
CE_PAWNWEAKNESSES:0.5344004658905527
CE_PIECEACTIVITY:0.4592729072350469
CE_KINGPAWNSHIELD:0.5064453016414441
CE_PIECECOORDINATION:0.5452580975428414
CE_MATERIAL:0.5399870140080015
CE_KINGSAFETY:0.5152269428053111
C_PIECESQUARETABLES:0.530318915832317
C_MOBILITY:0.6046579871477336
C_KINGSAFETY:0.46467269117536225
C_PAWNSTRUCTURE:0.6281922468297992
C_PIECECOORDINATION:0.43810719298879836
C_ROOKANDPAWNMOVEMENT:0.43810719298879836
C_CENTERCONTROL:0.43464187481133937
C_DEVELOPPIECES:0.4909978336197522
C_MATERIAL:0.38948275412515776
