ELO:1063
CE_PASSEDPAWNS:0.6217942257491097
CE_PAWNWEAKNESSES:0.4682831454414356
CE_PIECEACTIVITY:0.45796160581660816
CE_KINGPAWNSHIELD:0.47975776318548236
CE_PIECECOORDINATION:0.4680486113143371
CE_MATERIAL:0.45455246885239553
CE_KINGSAFETY:0.5006025467269651
C_PIECESQUARETABLES:0.48884460662433316
C_MOBILITY:0.4057489115356372
C_KINGSAFETY:0.5119169682050757
C_PAWNSTRUCTURE:0.43063422106884575
C_PIECECOORDINATION:0.47695167662324295
C_ROOKANDPAWNMOVEMENT:0.47695167662324295
C_CENTERCONTROL:0.5285931865303064
C_DEVELOPPIECES:0.550477563918238
C_MATERIAL:0.40312993523835733
