ELO:1000
CE_PASSEDPAWNS:0.4824221067876034
CE_PAWNWEAKNESSES:0.532084080188019
CE_PIECEACTIVITY:0.46381911653200325
CE_KINGPAWNSHIELD:0.5220983313628421
CE_PIECECOORDINATION:0.5005395869663446
CE_MATERIAL:0.5242032008865346
CE_KINGSAFETY:0.5180829308487803
C_PIECESQUARETABLES:0.4519421776094494
C_MOBILITY:0.5204304658255249
C_KINGSAFETY:0.507262740584705
C_PAWNSTRUCTURE:0.5069663167908506
C_PIECECOORDINATION:0.49312901020223004
C_ROOKANDPAWNMOVEMENT:0.49312901020223004
C_CENTERCONTROL:0.4901746871435404
C_DEVELOPPIECES:0.5006741783353956
C_MATERIAL:0.5155339629247391
