ELO:648
CE_PASSEDPAWNS:0.44136680062345374
CE_PAWNWEAKNESSES:0.5249405821037438
CE_PIECEACTIVITY:0.46331327733994526
CE_KINGPAWNSHIELD:0.5446009637346292
CE_PIECECOORDINATION:0.4666476032472444
CE_MATERIAL:0.43411819052605766
CE_KINGSAFETY:0.4396863592800593
C_PIECESQUARETABLES:0.4587453100637168
C_MOBILITY:0.45564556639272824
C_KINGSAFETY:0.6081656960545491
C_PAWNSTRUCTURE:0.4474891670829348
C_PIECECOORDINATION:0.5301395813017368
C_ROOKANDPAWNMOVEMENT:0.5301395813017368
C_CENTERCONTROL:0.5193498944748436
C_DEVELOPPIECES:0.47132898757278835
C_MATERIAL:0.5050896119707654
C_MOVECOUNT:0.47348402115311256
