ELO:974
CE_PASSEDPAWNS:0.5059139116211899
CE_PAWNWEAKNESSES:0.5199866786658064
CE_PIECEACTIVITY:0.5041976566350574
CE_KINGPAWNSHIELD:0.4893445461931876
CE_PIECECOORDINATION:0.49708141550729684
CE_MATERIAL:0.5104357732187289
CE_KINGSAFETY:0.4906806582243403
C_PIECESQUARETABLES:0.49977052368438835
C_MOBILITY:0.5078117702996889
C_KINGSAFETY:0.49842774539951473
C_PAWNSTRUCTURE:0.49658468955502505
C_PIECECOORDINATION:0.5023857954848545
C_ROOK:0.4804501767629014
CE_ROOK:0.49343873894102536
C_CENTERCONTROL:0.5
C_DEVELOPPIECES:0.5085369009298893
C_MATERIAL:0.5066863179613381
C_MOVECOUNT:0.5
C_PAWNMOVEMENT:0.48515736335233395
