ELO:999
CE_PASSEDPAWNS:0.5063150099616941
CE_PAWNWEAKNESSES:0.5051601289508524
CE_PIECEACTIVITY:0.5
CE_KINGPAWNSHIELD:0.5
CE_PIECECOORDINATION:0.5
CE_MATERIAL:0.5
CE_KINGSAFETY:0.5
C_PIECESQUARETABLES:0.49626334976925235
C_MOBILITY:0.5068441837372714
C_KINGSAFETY:0.5
C_PAWNSTRUCTURE:0.5
C_PIECECOORDINATION:0.5
C_ROOKANDPAWNMOVEMENT:0.5
C_CENTERCONTROL:0.5
C_DEVELOPPIECES:0.5034098308794361
C_MATERIAL:0.49983759688489887
C_MOVECOUNT:0.5
