ELO:876
CE_PASSEDPAWNS:0.49490964015674493
CE_PAWNWEAKNESSES:0.5645453243439698
CE_PIECEACTIVITY:0.45347151172589617
CE_KINGPAWNSHIELD:0.5015271614504825
CE_PIECECOORDINATION:0.4763709680938208
CE_MATERIAL:0.510873660062052
CE_KINGSAFETY:0.5662550082547875
C_PIECESQUARETABLES:0.5365304251170993
C_MOBILITY:0.5738640706935316
C_KINGSAFETY:0.4487501960270817
C_PAWNSTRUCTURE:0.5052060417508066
C_PIECECOORDINATION:0.4911190237055631
C_ROOKANDPAWNMOVEMENT:0.4911190237055631
C_CENTERCONTROL:0.5345128600033715
C_DEVELOPPIECES:0.5574685420386759
C_MATERIAL:0.4942642726829636
C_MOVECOUNT:0.5
