ELO:944
CE_PASSEDPAWNS:0.48328005199158625
CE_PAWNWEAKNESSES:0.5567517090315601
CE_PIECEACTIVITY:0.46697591943035965
CE_KINGPAWNSHIELD:0.5088179354966392
CE_PIECECOORDINATION:0.4872381642740398
CE_MATERIAL:0.5174908857196411
CE_KINGSAFETY:0.5323463751803249
C_PIECESQUARETABLES:0.5225410013589383
C_MOBILITY:0.5747916490362308
C_KINGSAFETY:0.44146487277543583
C_PAWNSTRUCTURE:0.49559029666141197
C_PIECECOORDINATION:0.48647192538471834
C_ROOKANDPAWNMOVEMENT:0.48647192538471834
C_CENTERCONTROL:0.49392993409301467
C_DEVELOPPIECES:0.5405691251912654
C_MATERIAL:0.5023121882223629
C_MOVECOUNT:0.5
