ELO:949
CE_PASSEDPAWNS:0.505307384247256
CE_PAWNWEAKNESSES:0.49701324997713064
CE_PIECEACTIVITY:0.488937227806156
CE_KINGPAWNSHIELD:0.4920679068778284
CE_PIECECOORDINATION:0.4659818948441568
CE_MATERIAL:0.4903966606262573
CE_KINGSAFETY:0.4883886974877563
C_PIECESQUARETABLES:0.5103422677458438
C_MOBILITY:0.45257631421926203
C_KINGSAFETY:0.5183097667524653
C_PAWNSTRUCTURE:0.48672196637758103
C_PIECECOORDINATION:0.551655212681422
C_ROOK:0.5279366185674966
CE_ROOK:0.48051314510279575
C_CENTERCONTROL:0.47553681595079195
C_DEVELOPPIECES:0.46767810813910443
C_MATERIAL:0.49840964496776097
C_MOVECOUNT:0.5191183098250919
C_PAWNMOVEMENT:0.5002236653518302
