ELO:856
CE_PASSEDPAWNS:0.401658621783946
CE_PAWNWEAKNESSES:0.5867494405486691
CE_PIECEACTIVITY:0.6479302497840395
CE_KINGPAWNSHIELD:0.6063901309588539
CE_PIECECOORDINATION:0.6674669980782556
CE_MATERIAL:0.5295987939690123
CE_KINGSAFETY:0.4743840536274356
C_PIECESQUARETABLES:0.47523715455479454
C_MOBILITY:0.5708147514449711
C_KINGSAFETY:0.543701393541451
C_PAWNSTRUCTURE:0.5086179105808584
C_PIECECOORDINATION:0.628100942258265
C_ROOKANDPAWNMOVEMENT:0.628100942258265
C_CENTERCONTROL:0.5244094478637716
C_DEVELOPPIECES:0.48948686351098536
C_MATERIAL:0.45915703341394287
