ELO:977
CE_PASSEDPAWNS:0.4846051166786468
CE_PAWNWEAKNESSES:0.5023559262470183
CE_PIECEACTIVITY:0.4974671971577565
CE_KINGPAWNSHIELD:0.4996039715125783
CE_PIECECOORDINATION:0.4894945695953214
CE_MATERIAL:0.49085275246201343
CE_KINGSAFETY:0.5
C_PIECESQUARETABLES:0.47761388937764254
C_MOBILITY:0.5085324125379933
C_KINGSAFETY:0.48167592956864386
C_PAWNSTRUCTURE:0.49346107468317263
C_PIECECOORDINATION:0.4833214138557599
C_ROOKANDPAWNMOVEMENT:0.4833214138557599
C_CENTERCONTROL:0.481299628485822
C_DEVELOPPIECES:0.49696283883684766
C_MATERIAL:0.505615601416733
