ELO:785
CE_PASSEDPAWNS:0.3885716678352621
CE_PAWNWEAKNESSES:0.5734815889230537
CE_PIECEACTIVITY:0.6812649670486006
CE_KINGPAWNSHIELD:0.6321512137506565
CE_PIECECOORDINATION:0.6588890092748442
CE_MATERIAL:0.5044630221701725
CE_KINGSAFETY:0.4795828682297637
C_PIECESQUARETABLES:0.5191040877803291
C_MOBILITY:0.5888480173156693
C_KINGSAFETY:0.591379194739108
C_PAWNSTRUCTURE:0.46711485354616555
C_PIECECOORDINATION:0.596011191232346
C_ROOKANDPAWNMOVEMENT:0.596011191232346
C_CENTERCONTROL:0.5203106444767306
C_DEVELOPPIECES:0.4934515496942851
C_MATERIAL:0.4855537231496251
