ELO:958
CE_PASSEDPAWNS:0.45171247224446065
CE_PAWNWEAKNESSES:0.5265419740332029
CE_PIECEACTIVITY:0.4979250077664989
CE_KINGPAWNSHIELD:0.4980465453516188
CE_PIECECOORDINATION:0.5471013706859154
CE_MATERIAL:0.5318036009691228
CE_KINGSAFETY:0.4727642128814024
C_PIECESQUARETABLES:0.5259107700831939
C_MOBILITY:0.5319090780720823
C_KINGSAFETY:0.44863872336171395
C_PAWNSTRUCTURE:0.5558942587829869
C_PIECECOORDINATION:0.4849672344161574
C_ROOKANDPAWNMOVEMENT:0.4849672344161574
C_CENTERCONTROL:0.4393249101642017
C_DEVELOPPIECES:0.5059326042566675
C_MATERIAL:0.4112618500753247
