ELO:1079
CE_PASSEDPAWNS:0.421975664264204
CE_PAWNWEAKNESSES:0.5046987528536664
CE_PIECEACTIVITY:0.4711124296966115
CE_KINGPAWNSHIELD:0.4718261729445996
CE_PIECECOORDINATION:0.4870003575770538
CE_MATERIAL:0.4250704078480646
CE_KINGSAFETY:0.5161212513889736
C_PIECESQUARETABLES:0.5
C_MOBILITY:0.3848295329026474
C_KINGSAFETY:0.6332613499717554
C_PAWNSTRUCTURE:0.361366445462694
C_PIECECOORDINATION:0.4769093214051163
C_ROOKANDPAWNMOVEMENT:0.4769093214051163
C_CENTERCONTROL:0.5087117846587742
C_DEVELOPPIECES:0.560963541532669
C_MATERIAL:0.37284551625093115
