ELO:962
CE_PASSEDPAWNS:0.5158172819263601
CE_PAWNWEAKNESSES:0.5268827077942255
CE_PIECEACTIVITY:0.5020665921309254
CE_KINGPAWNSHIELD:0.4818338720393269
CE_PIECECOORDINATION:0.49708141550729684
CE_MATERIAL:0.519326330327495
CE_KINGSAFETY:0.5
C_PIECESQUARETABLES:0.49565707921656493
C_MOBILITY:0.4986917535559453
C_KINGSAFETY:0.49842774539951473
C_PAWNSTRUCTURE:0.5054438933981181
C_PIECECOORDINATION:0.49882579591755805
C_ROOK:0.48249697558661814
CE_ROOK:0.5044324047842407
C_CENTERCONTROL:0.4893665620222726
C_DEVELOPPIECES:0.5075387540303519
C_MATERIAL:0.48584269815636894
C_MOVECOUNT:0.4952218465963294
C_PAWNMOVEMENT:0.4831259584212192
