ELO:944
CE_PASSEDPAWNS:0.43858680054049654
CE_PAWNWEAKNESSES:0.524372647941625
CE_PIECEACTIVITY:0.4493753440111327
CE_KINGPAWNSHIELD:0.47811470610173107
CE_PIECECOORDINATION:0.5429830124373034
CE_MATERIAL:0.5426645900626165
CE_KINGSAFETY:0.5203467488346202
C_PIECESQUARETABLES:0.49907463031491245
C_MOBILITY:0.5566039208513066
C_KINGSAFETY:0.4267256975601039
C_PAWNSTRUCTURE:0.5710673412970323
C_PIECECOORDINATION:0.46501649963903696
C_ROOKANDPAWNMOVEMENT:0.46501649963903696
C_CENTERCONTROL:0.4331738747870789
C_DEVELOPPIECES:0.48616394776556376
C_MATERIAL:0.42954319809270114
