ELO:984
CE_PASSEDPAWNS:0.4256853563539459
CE_PAWNWEAKNESSES:0.47246784863693275
CE_PIECEACTIVITY:0.479905808369112
CE_KINGPAWNSHIELD:0.47428687442307194
CE_PIECECOORDINATION:0.4675094260047567
CE_MATERIAL:0.4843044775056177
CE_KINGSAFETY:0.5476690912335768
C_PIECESQUARETABLES:0.48979499786172354
C_MOBILITY:0.5298181888769121
C_KINGSAFETY:0.4718991777788592
C_PAWNSTRUCTURE:0.4592013550394747
C_PIECECOORDINATION:0.6059220679133643
C_ROOKANDPAWNMOVEMENT:0.6059220679133643
C_CENTERCONTROL:0.45909619541851937
C_DEVELOPPIECES:0.43477617847509836
C_MATERIAL:0.5313302026667887
