ELO:1026
CE_PASSEDPAWNS:0.4984997249495993
CE_PAWNWEAKNESSES:0.5
CE_PIECEACTIVITY:0.5052091054097045
CE_KINGPAWNSHIELD:0.4934832073901321
CE_PIECECOORDINATION:0.4977710575614237
CE_MATERIAL:0.4909793801486541
CE_KINGSAFETY:0.5088994180391412
C_PIECESQUARETABLES:0.5
C_MOBILITY:0.5105562057273063
C_KINGSAFETY:0.47492810126429
C_PAWNSTRUCTURE:0.5
C_PIECECOORDINATION:0.513318823826339
C_ROOK:0.4908040969293647
CE_ROOK:0.5047165849143139
C_CENTERCONTROL:0.518181008962653
C_DEVELOPPIECES:0.5057067377560127
C_MATERIAL:0.4797243308268542
C_MOVECOUNT:0.49718603754773183
C_PAWNMOVEMENT:0.4590675100239037
