ELO:908
CE_PASSEDPAWNS:0.5303326049100789
CE_PAWNWEAKNESSES:0.45970070309526584
CE_PIECEACTIVITY:0.5650199750101185
CE_KINGPAWNSHIELD:0.5298350564921285
CE_PIECECOORDINATION:0.5330870302543593
CE_MATERIAL:0.482158172900639
CE_KINGSAFETY:0.5
C_PIECESQUARETABLES:0.5
C_MOBILITY:0.5227632607881241
C_KINGSAFETY:0.5208517939635094
C_PAWNSTRUCTURE:0.47598800731163926
C_PIECECOORDINATION:0.45750681799121495
C_ROOKANDPAWNMOVEMENT:0.45750681799121495
C_CENTERCONTROL:0.46604785226289636
C_DEVELOPPIECES:0.49594186963912834
C_MATERIAL:0.48266945098455977
C_MOVECOUNT:0.5
