ELO:999
CE_PASSEDPAWNS:0.5039839437272854
CE_PAWNWEAKNESSES:0.46636178638329295
CE_PIECEACTIVITY:0.4615431237721186
CE_KINGPAWNSHIELD:0.4046903708091234
CE_PIECECOORDINATION:0.5400908463788823
CE_MATERIAL:0.478858331597173
CE_KINGSAFETY:0.4644581720987687
C_PIECESQUARETABLES:0.5119220085944474
C_MOBILITY:0.4838595077054077
C_KINGSAFETY:0.5071415504461433
C_PAWNSTRUCTURE:0.5387709671453395
C_PIECECOORDINATION:0.4827535265052572
C_ROOKANDPAWNMOVEMENT:0.4827535265052572
C_CENTERCONTROL:0.5278696347750974
C_DEVELOPPIECES:0.5073453317089363
C_MATERIAL:0.4524450542601948
