ELO:1000
CE_PASSEDPAWNS:0.502263080678553
CE_PAWNWEAKNESSES:0.5001601321009151
CE_PIECEACTIVITY:0.468484809943114
CE_KINGPAWNSHIELD:0.45051025059296906
CE_PIECECOORDINATION:0.5039068622111716
CE_MATERIAL:0.48895400864091904
CE_KINGSAFETY:0.5103830641482135
C_PIECESQUARETABLES:0.4949163705550696
C_MOBILITY:0.5017502372519723
C_KINGSAFETY:0.5095359569603805
C_PAWNSTRUCTURE:0.515015298826623
C_PIECECOORDINATION:0.4755815094342012
C_ROOKANDPAWNMOVEMENT:0.4755815094342012
C_CENTERCONTROL:0.5091797610252088
C_DEVELOPPIECES:0.5231626634046914
C_MATERIAL:0.5197187450303494
