ELO:1055
CE_PASSEDPAWNS:0.5111205199287276
CE_PAWNWEAKNESSES:0.4490389138433556
CE_PIECEACTIVITY:0.5344861929030611
CE_KINGPAWNSHIELD:0.4301892030416735
CE_PIECECOORDINATION:0.5075335895907983
CE_MATERIAL:0.5869589164506076
CE_KINGSAFETY:0.48779652986084326
C_PIECESQUARETABLES:0.5
C_MOBILITY:0.5
C_KINGSAFETY:0.5613252402995778
C_PAWNSTRUCTURE:0.4882333791664807
C_PIECECOORDINATION:0.466788837795545
C_ROOKANDPAWNMOVEMENT:0.466788837795545
C_CENTERCONTROL:0.4599617598135209
C_DEVELOPPIECES:0.4185100998877913
C_MATERIAL:0.4631418055548471
C_MOVECOUNT:0.5
