ELO:1000
CE_PASSEDPAWNS:0.49647853769832867
CE_PAWNWEAKNESSES:0.5154971291914887
CE_PIECEACTIVITY:0.4648093381625445
CE_KINGPAWNSHIELD:0.4223650172784785
CE_PIECECOORDINATION:0.5156745199746343
CE_MATERIAL:0.49800598405885615
CE_KINGSAFETY:0.4689344054151416
C_PIECESQUARETABLES:0.4847954807549977
C_MOBILITY:0.501366249901413
C_KINGSAFETY:0.5246405909823229
C_PAWNSTRUCTURE:0.5575810506913369
C_PIECECOORDINATION:0.4857787405738028
C_ROOKANDPAWNMOVEMENT:0.4857787405738028
C_CENTERCONTROL:0.5076274891638386
C_DEVELOPPIECES:0.5224025317305059
C_MATERIAL:0.4938449736935144
