ELO:1011
CE_PASSEDPAWNS:0.5073773671195325
CE_PAWNWEAKNESSES:0.5016854627986803
CE_PIECEACTIVITY:0.4998154632573659
CE_KINGPAWNSHIELD:0.4947323151075504
CE_PIECECOORDINATION:0.5046661432773036
CE_MATERIAL:0.49493371920564466
CE_KINGSAFETY:0.5
C_PIECESQUARETABLES:0.5
C_MOBILITY:0.5078466539279142
C_KINGSAFETY:0.47492810126429
C_PAWNSTRUCTURE:0.4915054920240861
C_PIECECOORDINATION:0.506874028092121
C_ROOK:0.48110879912403953
CE_ROOK:0.5047165849143139
C_CENTERCONTROL:0.518181008962653
C_DEVELOPPIECES:0.50148941199738
C_MATERIAL:0.5060329201299936
C_MOVECOUNT:0.5002259207637875
C_PAWNMOVEMENT:0.507621251306462
