ELO:976
CE_PASSEDPAWNS:0.508446774228312
CE_PAWNWEAKNESSES:0.47203653775825616
CE_PIECEACTIVITY:0.5068667998053581
CE_KINGPAWNSHIELD:0.5073490151101855
CE_PIECECOORDINATION:0.47628966069134077
CE_MATERIAL:0.45870151250114954
CE_KINGSAFETY:0.5
C_PIECESQUARETABLES:0.5
C_MOBILITY:0.5018801004654291
C_KINGSAFETY:0.49884497236933223
C_PAWNSTRUCTURE:0.4653767522849376
C_PIECECOORDINATION:0.5250345055367492
C_ROOK:0.4920232923467814
CE_ROOK:0.4704406858050803
C_CENTERCONTROL:0.49108735534032993
C_DEVELOPPIECES:0.5262181293694237
C_MATERIAL:0.5266309844162901
C_MOVECOUNT:0.4986445121917264
C_PAWNMOVEMENT:0.4809901594197928
