ELO:1000
CE_PASSEDPAWNS:0.47672557904262464
CE_PAWNWEAKNESSES:0.5256178555226115
CE_PIECEACTIVITY:0.5230191564419304
CE_KINGPAWNSHIELD:0.5303173638688362
CE_PIECECOORDINATION:0.42377584557645925
CE_MATERIAL:0.5082170101288004
CE_KINGSAFETY:0.5004098525216347
C_PIECESQUARETABLES:0.4858625957412358
C_MOBILITY:0.5555642732665259
C_KINGSAFETY:0.418883219792478
C_PAWNSTRUCTURE:0.46784273256596043
C_PIECECOORDINATION:0.45563573652058026
C_ROOKANDPAWNMOVEMENT:0.45563573652058026
C_CENTERCONTROL:0.5031383387368822
C_DEVELOPPIECES:0.4905893595799632
C_MATERIAL:0.5297977959193079
