ELO:1010
CE_PASSEDPAWNS:0.5
CE_PAWNWEAKNESSES:0.5064706894105125
CE_PIECEACTIVITY:0.5
CE_KINGPAWNSHIELD:0.5
CE_PIECECOORDINATION:0.5
CE_MATERIAL:0.5121025746744075
CE_KINGSAFETY:0.509059730609444
C_PIECESQUARETABLES:0.5
C_MOBILITY:0.49793825946987114
C_KINGSAFETY:0.5
C_PAWNSTRUCTURE:0.5
C_PIECECOORDINATION:0.5
C_ROOK:0.490186525505842
CE_ROOK:0.5081058882630859
C_CENTERCONTROL:0.5
C_DEVELOPPIECES:0.5
C_MATERIAL:0.5
C_MOVECOUNT:0.4875801933129699
C_PAWNMOVEMENT:0.5089454830901899
