ELO:912
CE_PASSEDPAWNS:0.5148312524629438
CE_PAWNWEAKNESSES:0.4868385512986678
CE_PIECEACTIVITY:0.5395730279883075
CE_KINGPAWNSHIELD:0.3877827549359917
CE_PIECECOORDINATION:0.5232018140143436
CE_MATERIAL:0.4612056659457192
CE_KINGSAFETY:0.4736912066111305
C_PIECESQUARETABLES:0.5188459632993131
C_MOBILITY:0.4581191983329323
C_KINGSAFETY:0.45487471486530295
C_PAWNSTRUCTURE:0.556851647120646
C_PIECECOORDINATION:0.47203725922437234
C_ROOKANDPAWNMOVEMENT:0.47203725922437234
C_CENTERCONTROL:0.5533334792618418
C_DEVELOPPIECES:0.5107338269112935
C_MATERIAL:0.4929375529980975
