ELO:1045
CE_PASSEDPAWNS:0.4382366343002822
CE_PAWNWEAKNESSES:0.6023586080413907
CE_PIECEACTIVITY:0.5053452856864977
CE_KINGPAWNSHIELD:0.4693023821700463
CE_PIECECOORDINATION:0.5340596972439503
CE_MATERIAL:0.3389541221749532
CE_KINGSAFETY:0.49232628179150434
C_PIECESQUARETABLES:0.5
C_MOBILITY:0.4485987724365621
C_KINGSAFETY:0.39012888053233563
C_PAWNSTRUCTURE:0.5447474740515015
C_PIECECOORDINATION:0.5746698981310009
C_ROOKANDPAWNMOVEMENT:0.5746698981310009
C_CENTERCONTROL:0.5113484103944083
C_DEVELOPPIECES:0.47008433718429665
C_MATERIAL:0.4925485960964855
