ELO:981
CE_PASSEDPAWNS:0.5077723926057441
CE_PAWNWEAKNESSES:0.49465413454373236
CE_PIECEACTIVITY:0.5214975956571369
CE_KINGPAWNSHIELD:0.4965411004181712
CE_PIECECOORDINATION:0.5200769270282055
CE_MATERIAL:0.5056573861752208
CE_KINGSAFETY:0.5
C_PIECESQUARETABLES:0.5
C_MOBILITY:0.5007385635854817
C_KINGSAFETY:0.4732797668172483
C_PAWNSTRUCTURE:0.4900787662932126
C_PIECECOORDINATION:0.5060358158535577
C_ROOKANDPAWNMOVEMENT:0.5060358158535577
C_CENTERCONTROL:0.5069290118929205
C_DEVELOPPIECES:0.5005509358267666
C_MATERIAL:0.5203722436537179
C_MOVECOUNT:0.5180626786739749
