ELO:988
CE_PASSEDPAWNS:0.5162961179847277
CE_PAWNWEAKNESSES:0.5128889835512717
CE_PIECEACTIVITY:0.5172663700288966
CE_KINGPAWNSHIELD:0.4076561608377238
CE_PIECECOORDINATION:0.44538019471221774
CE_MATERIAL:0.5561775794490093
CE_KINGSAFETY:0.5002204062286526
C_PIECESQUARETABLES:0.485960253843483
C_MOBILITY:0.49816549280442246
C_KINGSAFETY:0.5018409209626307
C_PAWNSTRUCTURE:0.5006281247243053
C_PIECECOORDINATION:0.53603969053905
C_ROOKANDPAWNMOVEMENT:0.53603969053905
C_CENTERCONTROL:0.3976101602692124
C_DEVELOPPIECES:0.500500679487254
C_MATERIAL:0.5859692747107864
