ELO:979
CE_PASSEDPAWNS:0.5051998617923623
CE_PAWNWEAKNESSES:0.45698687931067433
CE_PIECEACTIVITY:0.4306529700160221
CE_KINGPAWNSHIELD:0.4774117863512635
CE_PIECECOORDINATION:0.3897360516388197
CE_MATERIAL:0.45680669489728115
CE_KINGSAFETY:0.5205533378660973
C_PIECESQUARETABLES:0.5020476052694186
C_MOBILITY:0.5254077263145335
C_KINGSAFETY:0.42956262716998794
C_PAWNSTRUCTURE:0.46892422637825937
C_PIECECOORDINATION:0.5772567890621032
C_ROOKANDPAWNMOVEMENT:0.5772567890621032
C_CENTERCONTROL:0.7148472382220925
C_DEVELOPPIECES:0.5297363091858778
C_MATERIAL:0.3880327612718681
