ELO:1000
CE_PASSEDPAWNS:0.4851500823209631
CE_PAWNWEAKNESSES:0.49426560824006427
CE_PIECEACTIVITY:0.4801081258990897
CE_KINGPAWNSHIELD:0.5208263525871721
CE_PIECECOORDINATION:0.5114783477482184
CE_MATERIAL:0.5091777075244891
CE_KINGSAFETY:0.47902319709428925
C_PIECESQUARETABLES:0.4950320355628625
C_MOBILITY:0.5240737663558842
C_KINGSAFETY:0.47700339604431546
C_PAWNSTRUCTURE:0.4903069263408348
C_PIECECOORDINATION:0.49518495244808775
C_ROOKANDPAWNMOVEMENT:0.49518495244808775
C_CENTERCONTROL:0.522673803680802
C_DEVELOPPIECES:0.5168046898510884
C_MATERIAL:0.5084795757712023
