ELO:952
CE_PASSEDPAWNS:0.46263468512938777
CE_PAWNWEAKNESSES:0.5015159253230715
CE_PIECEACTIVITY:0.4366074803142361
CE_KINGPAWNSHIELD:0.4848904100630321
CE_PIECECOORDINATION:0.4942666075038339
CE_MATERIAL:0.45252978286765594
CE_KINGSAFETY:0.4731369679875263
C_PIECESQUARETABLES:0.5043672522291489
C_MOBILITY:0.5303493310814169
C_KINGSAFETY:0.4025232136939388
C_PAWNSTRUCTURE:0.45717319099341985
C_PIECECOORDINATION:0.5929424246886431
C_ROOKANDPAWNMOVEMENT:0.5929424246886431
C_CENTERCONTROL:0.44950435507033604
C_DEVELOPPIECES:0.37296159702383674
C_MATERIAL:0.5463316944629216
