ELO:893
CE_PASSEDPAWNS:0.5344404350641544
CE_PAWNWEAKNESSES:0.5211148630116654
CE_PIECEACTIVITY:0.5591684509844949
CE_KINGPAWNSHIELD:0.47637055792073124
CE_PIECECOORDINATION:0.5646639143354449
CE_MATERIAL:0.5662504624555376
CE_KINGSAFETY:0.5174648464004991
C_PIECESQUARETABLES:0.47190962008687093
C_MOBILITY:0.5051983499670887
C_KINGSAFETY:0.4751308563276124
C_PAWNSTRUCTURE:0.5369574117561214
C_PIECECOORDINATION:0.4911103766497867
C_ROOKANDPAWNMOVEMENT:0.4911103766497867
C_CENTERCONTROL:0.5088995452956148
C_DEVELOPPIECES:0.4913433544246421
C_MATERIAL:0.5332035362338056
C_MOVECOUNT:0.5273671162529702
