ELO:988
CE_PASSEDPAWNS:0.4920302086259148
CE_PAWNWEAKNESSES:0.48332226796932454
CE_PIECEACTIVITY:0.5149477629383082
CE_KINGPAWNSHIELD:0.4899626108175908
CE_PIECECOORDINATION:0.5311079347117159
CE_MATERIAL:0.49076360134433433
CE_KINGSAFETY:0.5196899867784448
C_PIECESQUARETABLES:0.5013395090775904
C_MOBILITY:0.4872457462975349
C_KINGSAFETY:0.5107942550774516
C_PAWNSTRUCTURE:0.4954262090965688
C_PIECECOORDINATION:0.5086857427859555
C_ROOK:0.5616716096646843
CE_ROOK:0.4969966515663883
C_CENTERCONTROL:0.4887151982343965
C_DEVELOPPIECES:0.5102764843444484
C_MATERIAL:0.49857120247492476
C_MOVECOUNT:0.5004491312480308
C_PAWNMOVEMENT:0.4954183882622499
