ELO:935
CE_PASSEDPAWNS:0.4711507687733551
CE_PAWNWEAKNESSES:0.4729779662390259
CE_PIECEACTIVITY:0.4357969494321924
CE_KINGPAWNSHIELD:0.44576165827350234
CE_PIECECOORDINATION:0.4660092273121958
CE_MATERIAL:0.4602188172341335
CE_KINGSAFETY:0.4493750443830512
C_PIECESQUARETABLES:0.510208226288444
C_MOBILITY:0.5095369804951102
C_KINGSAFETY:0.4258449654845925
C_PAWNSTRUCTURE:0.4440971757435422
C_PIECECOORDINATION:0.6005728380796438
C_ROOKANDPAWNMOVEMENT:0.6005728380796438
C_CENTERCONTROL:0.45178168242330047
C_DEVELOPPIECES:0.35432032958283793
C_MATERIAL:0.5355505091539028
