ELO:954
CE_PASSEDPAWNS:0.46905127805057456
CE_PAWNWEAKNESSES:0.48121346201451115
CE_PIECEACTIVITY:0.42726434081563003
CE_KINGPAWNSHIELD:0.471821436961065
CE_PIECECOORDINATION:0.4453467115042488
CE_MATERIAL:0.4490313131993841
CE_KINGSAFETY:0.4874190116729307
C_PIECESQUARETABLES:0.5069972921986858
C_MOBILITY:0.5071781578199714
C_KINGSAFETY:0.42576752709934057
C_PAWNSTRUCTURE:0.47441134880572455
C_PIECECOORDINATION:0.5848812935601146
C_ROOKANDPAWNMOVEMENT:0.5848812935601146
C_CENTERCONTROL:0.4668182231816668
C_DEVELOPPIECES:0.3827057621615118
C_MATERIAL:0.5660462437175133
