ELO:918
CE_PASSEDPAWNS:0.4828817024024523
CE_PAWNWEAKNESSES:0.46314060081895236
CE_PIECEACTIVITY:0.43860787046861716
CE_KINGPAWNSHIELD:0.5179334471457124
CE_PIECECOORDINATION:0.48352499923317505
CE_MATERIAL:0.4944568534902435
CE_KINGSAFETY:0.4969126592148127
C_PIECESQUARETABLES:0.5
C_MOBILITY:0.5098728843646083
C_KINGSAFETY:0.49944257939496456
C_PAWNSTRUCTURE:0.5238103022816969
C_PIECECOORDINATION:0.515927377688471
C_ROOK:0.5261473500720804
CE_ROOK:0.47078027481015267
C_CENTERCONTROL:0.5221569221560001
C_DEVELOPPIECES:0.5036292233318248
C_MATERIAL:0.5662844384463738
C_MOVECOUNT:0.5096231601087158
C_PAWNMOVEMENT:0.5555568451097361
