ELO:986
CE_PASSEDPAWNS:0.5011034705459507
CE_PAWNWEAKNESSES:0.4872894502652859
CE_PIECEACTIVITY:0.5116572724781145
CE_KINGPAWNSHIELD:0.3936545723661576
CE_PIECECOORDINATION:0.4938376870506985
CE_MATERIAL:0.42422464990896736
CE_KINGSAFETY:0.5
C_PIECESQUARETABLES:0.5099366503465205
C_MOBILITY:0.4575919894373969
C_KINGSAFETY:0.4704533978463862
C_PAWNSTRUCTURE:0.5510046807916351
C_PIECECOORDINATION:0.49168150796506915
C_ROOKANDPAWNMOVEMENT:0.49168150796506915
C_CENTERCONTROL:0.5465906534771737
C_DEVELOPPIECES:0.5143025819335947
C_MATERIAL:0.460789155611155
