ELO:904
CE_PASSEDPAWNS:0.5167121030200356
CE_PAWNWEAKNESSES:0.5077683835440586
CE_PIECEACTIVITY:0.5129852300198453
CE_KINGPAWNSHIELD:0.4861588424979852
CE_PIECECOORDINATION:0.4974362816008161
CE_MATERIAL:0.5089659406273966
CE_KINGSAFETY:0.47245240393096977
C_PIECESQUARETABLES:0.5042564843842445
C_MOBILITY:0.5041277702981083
C_KINGSAFETY:0.5050216165412632
C_PAWNSTRUCTURE:0.4754849551512578
C_PIECECOORDINATION:0.5341294997043949
C_ROOKANDPAWNMOVEMENT:0.5341294997043949
C_CENTERCONTROL:0.5230998054937873
C_DEVELOPPIECES:0.4708602310342202
C_MATERIAL:0.5126145241496718
C_MOVECOUNT:0.5
