ELO:1000
CE_PASSEDPAWNS:0.5
CE_PAWNWEAKNESSES:0.4931444080951404
CE_PIECEACTIVITY:0.4970270922880783
CE_KINGPAWNSHIELD:0.5018369076540395
CE_PIECECOORDINATION:0.5045086658903898
CE_MATERIAL:0.5105711436901952
CE_KINGSAFETY:0.49250231619571466
C_PIECESQUARETABLES:0.5066180705860959
C_MOBILITY:0.5032256796314222
C_KINGSAFETY:0.4711891653694842
C_PAWNSTRUCTURE:0.5146931017696883
C_PIECECOORDINATION:0.5169078510917235
C_ROOKANDPAWNMOVEMENT:0.5169078510917235
C_CENTERCONTROL:0.5033231141561149
C_DEVELOPPIECES:0.4985698316128036
C_MATERIAL:0.4990064812145735
