ELO:988
CE_PASSEDPAWNS:0.5156839845540195
CE_PAWNWEAKNESSES:0.5198060297432685
CE_PIECEACTIVITY:0.5086557592692865
CE_KINGPAWNSHIELD:0.4103139591827217
CE_PIECECOORDINATION:0.44538019471221774
CE_MATERIAL:0.5561775794490093
CE_KINGSAFETY:0.48763922746699895
C_PIECESQUARETABLES:0.5063042277288149
C_MOBILITY:0.5075337925033605
C_KINGSAFETY:0.5135192152896524
C_PAWNSTRUCTURE:0.5006281247243053
C_PIECECOORDINATION:0.5350567576815112
C_ROOKANDPAWNMOVEMENT:0.5350567576815112
C_CENTERCONTROL:0.3897178573783936
C_DEVELOPPIECES:0.49643591414822025
C_MATERIAL:0.5859692747107864
