ELO:924
CE_PASSEDPAWNS:0.5883038128192157
CE_PAWNWEAKNESSES:0.5013871814961617
CE_PIECEACTIVITY:0.5532171554858213
CE_KINGPAWNSHIELD:0.45353345706886916
CE_PIECECOORDINATION:0.5015261622400186
CE_MATERIAL:0.6142809063354767
CE_KINGSAFETY:0.5113204180431944
C_PIECESQUARETABLES:0.4781264677582115
C_MOBILITY:0.4637101785975175
C_KINGSAFETY:0.5788142502522676
C_PAWNSTRUCTURE:0.4837804360322591
C_PIECECOORDINATION:0.5524461100388115
C_ROOKANDPAWNMOVEMENT:0.5524461100388115
C_CENTERCONTROL:0.5186723508579822
C_DEVELOPPIECES:0.5111288147144631
C_MATERIAL:0.5587746272461853
