ELO:991
CE_PASSEDPAWNS:0.49677434021528555
CE_PAWNWEAKNESSES:0.497091111251427
CE_PIECEACTIVITY:0.5098835003997959
CE_KINGPAWNSHIELD:0.4899626108175908
CE_PIECECOORDINATION:0.5341909140313157
CE_MATERIAL:0.5001564294995144
CE_KINGSAFETY:0.5
C_PIECESQUARETABLES:0.5
C_MOBILITY:0.4872457462975349
C_KINGSAFETY:0.499247371091279
C_PAWNSTRUCTURE:0.49014526047191675
C_PIECECOORDINATION:0.5112625635239927
C_ROOK:0.5503927620718018
CE_ROOK:0.4972545930670363
C_CENTERCONTROL:0.5009278599718088
C_DEVELOPPIECES:0.5102764843444484
C_MATERIAL:0.5075734892300277
C_MOVECOUNT:0.5173571377274729
C_PAWNMOVEMENT:0.490948047446861
