ELO:927
CE_PASSEDPAWNS:0.4738134417218092
CE_PAWNWEAKNESSES:0.46314060081895236
CE_PIECEACTIVITY:0.4474963702625237
CE_KINGPAWNSHIELD:0.512121544145142
CE_PIECECOORDINATION:0.48352499923317505
CE_MATERIAL:0.49913077404468265
CE_KINGSAFETY:0.4969126592148127
C_PIECESQUARETABLES:0.4885373005854205
C_MOBILITY:0.5098728843646083
C_KINGSAFETY:0.5050485143788382
C_PAWNSTRUCTURE:0.5334520068523987
C_PIECECOORDINATION:0.5186906061820643
C_ROOK:0.528464048152587
CE_ROOK:0.47078027481015267
C_CENTERCONTROL:0.5316585443668751
C_DEVELOPPIECES:0.498182907291814
C_MATERIAL:0.5662844384463738
C_MOVECOUNT:0.5169802818271098
C_PAWNMOVEMENT:0.5656820972078562
