ELO:921
CE_PASSEDPAWNS:0.5405865747069567
CE_PAWNWEAKNESSES:0.5210807236255823
CE_PIECEACTIVITY:0.5447973292274373
CE_KINGPAWNSHIELD:0.5041498193451193
CE_PIECECOORDINATION:0.5602332263491407
CE_MATERIAL:0.5453710155727083
CE_KINGSAFETY:0.5350313264816647
C_PIECESQUARETABLES:0.48157639366449556
C_MOBILITY:0.5102979319815593
C_KINGSAFETY:0.4751308563276124
C_PAWNSTRUCTURE:0.515139309728141
C_PIECECOORDINATION:0.48521284987883867
C_ROOKANDPAWNMOVEMENT:0.48521284987883867
C_CENTERCONTROL:0.5189640035211827
C_DEVELOPPIECES:0.47821984076428137
C_MATERIAL:0.5107594859663798
C_MOVECOUNT:0.5167190329260493
