ELO:979
CE_PASSEDPAWNS:0.45387466444334285
CE_PAWNWEAKNESSES:0.4903518554968674
CE_PIECEACTIVITY:0.44964877502038264
CE_KINGPAWNSHIELD:0.4774117863512635
CE_PIECECOORDINATION:0.4905010376957963
CE_MATERIAL:0.4470874120367795
CE_KINGSAFETY:0.47589677356568677
C_PIECESQUARETABLES:0.5020476052694186
C_MOBILITY:0.5254077263145335
C_KINGSAFETY:0.3980925212150607
C_PAWNSTRUCTURE:0.46892422637825937
C_PIECECOORDINATION:0.5772567890621032
C_ROOKANDPAWNMOVEMENT:0.5772567890621032
C_CENTERCONTROL:0.44522702295365874
C_DEVELOPPIECES:0.38046604017953384
C_MATERIAL:0.5471210978256087
