ELO:910
CE_PASSEDPAWNS:0.4943356400699803
CE_PAWNWEAKNESSES:0.482755302589622
CE_PIECEACTIVITY:0.5378067440382838
CE_KINGPAWNSHIELD:0.36512283971893317
CE_PIECECOORDINATION:0.49328818600401947
CE_MATERIAL:0.47406154688499974
CE_KINGSAFETY:0.48188062165345935
C_PIECESQUARETABLES:0.5220242828602516
C_MOBILITY:0.4530247413700438
C_KINGSAFETY:0.4298035338490863
C_PAWNSTRUCTURE:0.5385140070802859
C_PIECECOORDINATION:0.4654813492270654
C_ROOKANDPAWNMOVEMENT:0.4654813492270654
C_CENTERCONTROL:0.5553256814213239
C_DEVELOPPIECES:0.5100683372565015
C_MATERIAL:0.4929375529980975
