ELO:1055
CE_PASSEDPAWNS:0.5445828527499723
CE_PAWNWEAKNESSES:0.48206022133381143
CE_PIECEACTIVITY:0.5100142720574493
CE_KINGPAWNSHIELD:0.5086472238067148
CE_PIECECOORDINATION:0.5187641931560933
CE_MATERIAL:0.535468753986263
CE_KINGSAFETY:0.4980792657922182
C_PIECESQUARETABLES:0.5
C_MOBILITY:0.54585005835754
C_KINGSAFETY:0.4598050911355462
C_PAWNSTRUCTURE:0.5961825152383865
C_PIECECOORDINATION:0.5278075763706462
C_ROOKANDPAWNMOVEMENT:0.5278075763706462
C_CENTERCONTROL:0.528661797650269
C_DEVELOPPIECES:0.4891024896744968
C_MATERIAL:0.6466627684671102
