ELO:1007
CE_PASSEDPAWNS:0.5109138957906498
CE_PAWNWEAKNESSES:0.5127959881415035
CE_PIECEACTIVITY:0.4839973358516416
CE_KINGPAWNSHIELD:0.5
CE_PIECECOORDINATION:0.49513872698328887
CE_MATERIAL:0.4996611374189434
CE_KINGSAFETY:0.5
C_PIECESQUARETABLES:0.5
C_MOBILITY:0.5014022202490618
C_KINGSAFETY:0.5007841588470223
C_PAWNSTRUCTURE:0.5
C_PIECECOORDINATION:0.4971308808941206
C_ROOKANDPAWNMOVEMENT:0.4971308808941206
C_CENTERCONTROL:0.47732476783951766
C_DEVELOPPIECES:0.5010699711861453
C_MATERIAL:0.49523698599536287
C_MOVECOUNT:0.496666991799145
