ELO:1000
CE_PASSEDPAWNS:0.4851500823209631
CE_PAWNWEAKNESSES:0.49426560824006427
CE_PIECEACTIVITY:0.4790455720498696
CE_KINGPAWNSHIELD:0.5186103625615692
CE_PIECECOORDINATION:0.5022555939951224
CE_MATERIAL:0.5081420930780827
CE_KINGSAFETY:0.4863920093761492
C_PIECESQUARETABLES:0.5074852151879238
C_MOBILITY:0.5240737663558842
C_KINGSAFETY:0.47700339604431546
C_PAWNSTRUCTURE:0.4846674946728822
C_PIECECOORDINATION:0.4887371702454024
C_ROOKANDPAWNMOVEMENT:0.4887371702454024
C_CENTERCONTROL:0.522673803680802
C_DEVELOPPIECES:0.5117719962748979
C_MATERIAL:0.5084795757712023
