ELO:890
CE_PASSEDPAWNS:0.42861410819159645
CE_PAWNWEAKNESSES:0.5363457374032301
CE_PIECEACTIVITY:0.5992686986362884
CE_KINGPAWNSHIELD:0.4880884821339751
CE_PIECECOORDINATION:0.49210571169560224
CE_MATERIAL:0.4752015618959199
CE_KINGSAFETY:0.5430671705176877
C_PIECESQUARETABLES:0.5225368762143175
C_MOBILITY:0.3986662901833497
C_KINGSAFETY:0.5183808054169398
C_PAWNSTRUCTURE:0.4862288667520583
C_PIECECOORDINATION:0.5146569092791862
C_ROOKANDPAWNMOVEMENT:0.5146569092791862
C_CENTERCONTROL:0.4872929821368492
C_DEVELOPPIECES:0.4974915351798993
C_MATERIAL:0.48062900025785044
C_MOVECOUNT:0.4969829639721327
