ELO:1003
CE_PASSEDPAWNS:0.49075280614367967
CE_PAWNWEAKNESSES:0.5072234770090486
CE_PIECEACTIVITY:0.49871701859045997
CE_KINGPAWNSHIELD:0.5020776509411248
CE_PIECECOORDINATION:0.5054897224883297
CE_MATERIAL:0.5187918132398903
CE_KINGSAFETY:0.49366946109422183
C_PIECESQUARETABLES:0.5
C_MOBILITY:0.5072205912394021
C_KINGSAFETY:0.5059158905764924
C_PAWNSTRUCTURE:0.506330283300575
C_PIECECOORDINATION:0.49218299209725475
C_ROOK:0.49500856223194195
CE_ROOK:0.5013058575346925
C_CENTERCONTROL:0.5
C_DEVELOPPIECES:0.501287866120245
C_MATERIAL:0.5
C_MOVECOUNT:0.5
C_PAWNMOVEMENT:0.5271441745088034
