ELO:1006
CE_PASSEDPAWNS:0.4843381753860903
CE_PAWNWEAKNESSES:0.4914733143545984
CE_PIECEACTIVITY:0.5043039420535287
CE_KINGPAWNSHIELD:0.505943375972533
CE_PIECECOORDINATION:0.4856452388433947
CE_MATERIAL:0.5094570658275394
CE_KINGSAFETY:0.4912067562587524
C_PIECESQUARETABLES:0.5103768752906209
C_MOBILITY:0.5089504854648923
C_KINGSAFETY:0.5068085702954956
C_PAWNSTRUCTURE:0.5060804946611425
C_PIECECOORDINATION:0.5
C_ROOKANDPAWNMOVEMENT:0.5
C_CENTERCONTROL:0.5109092659439112
C_DEVELOPPIECES:0.5
C_MATERIAL:0.5035058454993122
C_MOVECOUNT:0.5
