ELO:953
CE_PASSEDPAWNS:0.469881606707691
CE_PAWNWEAKNESSES:0.4758526711308704
CE_PIECEACTIVITY:0.44482567591665767
CE_KINGPAWNSHIELD:0.47240286826812883
CE_PIECECOORDINATION:0.4609962399898354
CE_MATERIAL:0.4602188172341335
CE_KINGSAFETY:0.46792100674314685
C_PIECESQUARETABLES:0.5058709505696066
C_MOBILITY:0.5036223749935761
C_KINGSAFETY:0.42576752709934057
C_PAWNSTRUCTURE:0.4583286663650418
C_PIECECOORDINATION:0.5939226648872115
C_ROOKANDPAWNMOVEMENT:0.5939226648872115
C_CENTERCONTROL:0.4757990633306183
C_DEVELOPPIECES:0.3677457347461151
C_MATERIAL:0.5383619531740551
