ELO:910
CE_PASSEDPAWNS:0.6289975429378744
CE_PAWNWEAKNESSES:0.4579402840010285
CE_PIECEACTIVITY:0.5000699451370078
CE_KINGPAWNSHIELD:0.5902949052791515
CE_PIECECOORDINATION:0.44713912079597007
CE_MATERIAL:0.36706297786845826
CE_KINGSAFETY:0.5
C_PIECESQUARETABLES:0.5
C_MOBILITY:0.39481482636872317
C_KINGSAFETY:0.423522472834269
C_PAWNSTRUCTURE:0.45581587403474494
C_PIECECOORDINATION:0.47149388232319944
C_ROOKANDPAWNMOVEMENT:0.47149388232319944
C_CENTERCONTROL:0.4502589703286065
C_DEVELOPPIECES:0.6720893956839842
C_MATERIAL:0.48368429903013677
