ELO:983
CE_PASSEDPAWNS:0.46723246510216726
CE_PAWNWEAKNESSES:0.4957594288793672
CE_PIECEACTIVITY:0.4354239224372516
CE_KINGPAWNSHIELD:0.4532799704911836
CE_PIECECOORDINATION:0.4299260658636607
CE_MATERIAL:0.4556547214103468
CE_KINGSAFETY:0.4911654454619761
C_PIECESQUARETABLES:0.5
C_MOBILITY:0.5204825889006891
C_KINGSAFETY:0.4277956949479239
C_PAWNSTRUCTURE:0.4819458769585436
C_PIECECOORDINATION:0.5889995177855707
C_ROOKANDPAWNMOVEMENT:0.5889995177855707
C_CENTERCONTROL:0.45010686746938156
C_DEVELOPPIECES:0.3910658943858796
C_MATERIAL:0.5583009277773068
