ELO:778
CE_PASSEDPAWNS:0.49923176236073086
CE_PAWNWEAKNESSES:0.44989900644780334
CE_PIECEACTIVITY:0.5581437389458999
CE_KINGPAWNSHIELD:0.5223299697241014
CE_PIECECOORDINATION:0.5265297837510755
CE_MATERIAL:0.5247002249037225
CE_KINGSAFETY:0.5306388630186876
C_PIECESQUARETABLES:0.5042146856541962
C_MOBILITY:0.5347478517687843
C_KINGSAFETY:0.5146916680102277
C_PAWNSTRUCTURE:0.43943755779532184
C_PIECECOORDINATION:0.4564702508350499
C_ROOKANDPAWNMOVEMENT:0.4564702508350499
C_CENTERCONTROL:0.42581676364263055
C_DEVELOPPIECES:0.4207228185368976
C_MATERIAL:0.5103438176288128
C_MOVECOUNT:0.47729130865026426
