ELO:963
CE_PASSEDPAWNS:0.49987583229779997
CE_PAWNWEAKNESSES:0.5290872429963088
CE_PIECEACTIVITY:0.5212881987191861
CE_KINGPAWNSHIELD:0.5009581043557548
CE_PIECECOORDINATION:0.5116152638260888
CE_MATERIAL:0.45802032156574074
CE_KINGSAFETY:0.46687050670433067
C_PIECESQUARETABLES:0.48723083918863896
C_MOBILITY:0.5159429620469608
C_KINGSAFETY:0.5664846492898417
C_PAWNSTRUCTURE:0.4787608613014261
C_PIECECOORDINATION:0.5072787510027456
C_ROOKANDPAWNMOVEMENT:0.5072787510027456
C_CENTERCONTROL:0.4116053257118687
C_DEVELOPPIECES:0.5042619920747541
C_MATERIAL:0.5072296849227387
C_MOVECOUNT:0.5
