ELO:988
CE_PASSEDPAWNS:0.5136868611038293
CE_PAWNWEAKNESSES:0.6106331953838834
CE_PIECEACTIVITY:0.5676324380584284
CE_KINGPAWNSHIELD:0.4696766327155657
CE_PIECECOORDINATION:0.5677744875126617
CE_MATERIAL:0.46198222805069455
CE_KINGSAFETY:0.5120729100613102
C_PIECESQUARETABLES:0.4830121150707682
C_MOBILITY:0.4103160205422328
C_KINGSAFETY:0.5212372915775886
C_PAWNSTRUCTURE:0.5657960698845647
C_PIECECOORDINATION:0.4987181429441998
C_ROOKANDPAWNMOVEMENT:0.4987181429441998
C_CENTERCONTROL:0.4926802238628928
C_DEVELOPPIECES:0.47262899286946913
C_MATERIAL:0.5786579839539832
