ELO:989
CE_PASSEDPAWNS:0.5238855248259529
CE_PAWNWEAKNESSES:0.4915950835556036
CE_PIECEACTIVITY:0.5081839420254582
CE_KINGPAWNSHIELD:0.5083833763504801
CE_PIECECOORDINATION:0.5229603244190529
CE_MATERIAL:0.49326495440285983
CE_KINGSAFETY:0.5280205991650455
C_PIECESQUARETABLES:0.5
C_MOBILITY:0.5029276911883197
C_KINGSAFETY:0.5230030896812351
C_PAWNSTRUCTURE:0.4752848240940056
C_PIECECOORDINATION:0.4887311821037242
C_ROOKANDPAWNMOVEMENT:0.4887311821037242
C_CENTERCONTROL:0.5346522436808739
C_DEVELOPPIECES:0.49408774338542555
C_MATERIAL:0.5056207436820884
C_MOVECOUNT:0.467765553679057
