ELO:948
CE_PASSEDPAWNS:0.4595571335656775
CE_PAWNWEAKNESSES:0.5227241535018156
CE_PIECEACTIVITY:0.5003210255611586
CE_KINGPAWNSHIELD:0.4932968373420835
CE_PIECECOORDINATION:0.5143873454084087
CE_MATERIAL:0.496140503514383
CE_KINGSAFETY:0.5034892384542357
C_PIECESQUARETABLES:0.5197280713745112
C_MOBILITY:0.5869398466280789
C_KINGSAFETY:0.4728608382901171
C_PAWNSTRUCTURE:0.4803941040767297
C_PIECECOORDINATION:0.3703212958355441
C_ROOKANDPAWNMOVEMENT:0.3703212958355441
C_CENTERCONTROL:0.4919186755418325
C_DEVELOPPIECES:0.410598277048103
C_MATERIAL:0.5380691423977279
