ELO:901
CE_PASSEDPAWNS:0.5680291646408676
CE_PAWNWEAKNESSES:0.5088910743640743
CE_PIECEACTIVITY:0.513021974807038
CE_KINGPAWNSHIELD:0.49737160322079593
CE_PIECECOORDINATION:0.4538423722890249
CE_MATERIAL:0.521215474901696
CE_KINGSAFETY:0.49135971154544184
C_PIECESQUARETABLES:0.49146863160957527
C_MOBILITY:0.5462160931552663
C_KINGSAFETY:0.5310493350741666
C_PAWNSTRUCTURE:0.4803624971623891
C_PIECECOORDINATION:0.5215375708917432
C_ROOKANDPAWNMOVEMENT:0.5215375708917432
C_CENTERCONTROL:0.48739548161116236
C_DEVELOPPIECES:0.46500866883878894
C_MATERIAL:0.5416370938914024
C_MOVECOUNT:0.5
