ELO:1012
CE_PASSEDPAWNS:0.5530207194694391
CE_PAWNWEAKNESSES:0.4807396937841067
CE_PIECEACTIVITY:0.5331122499909429
CE_KINGPAWNSHIELD:0.5249450160850228
CE_PIECECOORDINATION:0.508435789056191
CE_MATERIAL:0.5294722025402504
CE_KINGSAFETY:0.520313999176487
C_PIECESQUARETABLES:0.5211413615385513
C_MOBILITY:0.5766207407471735
C_KINGSAFETY:0.4482237861064156
C_PAWNSTRUCTURE:0.4801979090835003
C_PIECECOORDINATION:0.4665325506854365
C_ROOKANDPAWNMOVEMENT:0.4665325506854365
C_CENTERCONTROL:0.4880816592068473
C_DEVELOPPIECES:0.4323132216302596
C_MATERIAL:0.5271541397259601
