ELO:916
CE_PASSEDPAWNS:0.5647221557288795
CE_PAWNWEAKNESSES:0.587671396194123
CE_PIECEACTIVITY:0.5458171831463158
CE_KINGPAWNSHIELD:0.4628151094885823
CE_PIECECOORDINATION:0.5558716734406992
CE_MATERIAL:0.4715630920796707
CE_KINGSAFETY:0.5429463139961613
C_PIECESQUARETABLES:0.5398009723971532
C_MOBILITY:0.40982210019933213
C_KINGSAFETY:0.5074042029879261
C_PAWNSTRUCTURE:0.48536465189084443
C_PIECECOORDINATION:0.4941655434686661
C_ROOKANDPAWNMOVEMENT:0.4941655434686661
C_CENTERCONTROL:0.5508866832799145
C_DEVELOPPIECES:0.5014540893330209
C_MATERIAL:0.5452403060899936
