ELO:1076
CE_PASSEDPAWNS:0.46252490914837374
CE_PAWNWEAKNESSES:0.48051145877251267
CE_PIECEACTIVITY:0.47492767881990705
CE_KINGPAWNSHIELD:0.44494689714974595
CE_PIECECOORDINATION:0.48935183633959495
CE_MATERIAL:0.402128488110359
CE_KINGSAFETY:0.5008336498625096
C_PIECESQUARETABLES:0.49791450206654886
C_MOBILITY:0.43059077033173154
C_KINGSAFETY:0.6382989433800053
C_PAWNSTRUCTURE:0.40808751889120254
C_PIECECOORDINATION:0.360999975901338
C_ROOKANDPAWNMOVEMENT:0.360999975901338
C_CENTERCONTROL:0.4795626515186624
C_DEVELOPPIECES:0.5646370062761005
C_MATERIAL:0.3849619926998462
