ELO:698
CE_PASSEDPAWNS:0.5160628894275086
CE_PAWNWEAKNESSES:0.5560207469400101
CE_PIECEACTIVITY:0.5706712619472982
CE_KINGPAWNSHIELD:0.4992103223799745
CE_PIECECOORDINATION:0.483981051179714
CE_MATERIAL:0.530132209298032
CE_KINGSAFETY:0.5003773804883722
C_PIECESQUARETABLES:0.4471427403174077
C_MOBILITY:0.5254369161603255
C_KINGSAFETY:0.5017946688294092
C_PAWNSTRUCTURE:0.5152668459679042
C_PIECECOORDINATION:0.5302605560406488
C_ROOKANDPAWNMOVEMENT:0.5302605560406488
C_CENTERCONTROL:0.4694291361725227
C_DEVELOPPIECES:0.5307552996884424
C_MATERIAL:0.5345889037135763
C_MOVECOUNT:0.5
