ELO:941
CE_PASSEDPAWNS:0.4967888987052508
CE_PAWNWEAKNESSES:0.5610408053133513
CE_PIECEACTIVITY:0.5326830967645332
CE_KINGPAWNSHIELD:0.471427677147261
CE_PIECECOORDINATION:0.4937071491679138
CE_MATERIAL:0.4630408004098787
CE_KINGSAFETY:0.5
C_PIECESQUARETABLES:0.4931483805829939
C_MOBILITY:0.5482471584808802
C_KINGSAFETY:0.4993132000356508
C_PAWNSTRUCTURE:0.49836503508501834
C_PIECECOORDINATION:0.5053626169912094
C_ROOK:0.5094702637318159
CE_ROOK:0.48830921792979926
C_CENTERCONTROL:0.5048785843936076
C_DEVELOPPIECES:0.4981179507011208
C_MATERIAL:0.5214649511302505
C_MOVECOUNT:0.46689770117563184
C_PAWNMOVEMENT:0.4838629972890542
