ELO:951
CE_PASSEDPAWNS:0.4574139111265993
CE_PAWNWEAKNESSES:0.5151049755321259
CE_PIECEACTIVITY:0.5112175653348788
CE_KINGPAWNSHIELD:0.5197014361196721
CE_PIECECOORDINATION:0.4883381863896968
CE_MATERIAL:0.4682354166064886
CE_KINGSAFETY:0.5
C_PIECESQUARETABLES:0.469315354636303
C_MOBILITY:0.47818040490950026
C_KINGSAFETY:0.4922076083726638
C_PAWNSTRUCTURE:0.4457391162774414
C_PIECECOORDINATION:0.5028463446781553
C_ROOKANDPAWNMOVEMENT:0.5028463446781553
C_CENTERCONTROL:0.49273421943431595
C_DEVELOPPIECES:0.5096271284377922
C_MATERIAL:0.49750328478027517
C_MOVECOUNT:0.5
