ELO:1000
CE_PASSEDPAWNS:0.5227127367948254
CE_PAWNWEAKNESSES:0.5646853156485907
CE_PIECEACTIVITY:0.4681504548779808
CE_KINGPAWNSHIELD:0.5193747257466511
CE_PIECECOORDINATION:0.5940080011955796
CE_MATERIAL:0.4487862572261551
CE_KINGSAFETY:0.5073040789804144
C_PIECESQUARETABLES:0.5
C_MOBILITY:0.44585348275369
C_KINGSAFETY:0.46790443301919044
C_PAWNSTRUCTURE:0.575031348364102
C_PIECECOORDINATION:0.4584947441150311
C_ROOKANDPAWNMOVEMENT:0.4584947441150311
C_CENTERCONTROL:0.535996782108875
C_DEVELOPPIECES:0.48649614767783794
C_MATERIAL:0.5196621794596353
