ELO:1008
CE_PASSEDPAWNS:0.49530118976201387
CE_PAWNWEAKNESSES:0.5439766454938487
CE_PIECEACTIVITY:0.5155367315136643
CE_KINGPAWNSHIELD:0.4825367970771574
CE_PIECECOORDINATION:0.5039375454439977
CE_MATERIAL:0.4804724802626639
CE_KINGSAFETY:0.5029791190659285
C_PIECESQUARETABLES:0.5010678408205536
C_MOBILITY:0.540074394651832
C_KINGSAFETY:0.4956475723456287
C_PAWNSTRUCTURE:0.5061925802236704
C_PIECECOORDINATION:0.4947286199244932
C_ROOK:0.5094702637318159
CE_ROOK:0.4974407681005735
C_CENTERCONTROL:0.49268674248021166
C_DEVELOPPIECES:0.4930257251226546
C_MATERIAL:0.5200920665048615
C_MOVECOUNT:0.4670748997494313
C_PAWNMOVEMENT:0.5015877866826781
