ELO:932
CE_PASSEDPAWNS:0.4958814955289582
CE_PAWNWEAKNESSES:0.5119897385616414
CE_PIECEACTIVITY:0.5669193269951825
CE_KINGPAWNSHIELD:0.46947327941930334
CE_PIECECOORDINATION:0.4845675347440057
CE_MATERIAL:0.45652792552111415
CE_KINGSAFETY:0.5169419603213592
C_PIECESQUARETABLES:0.5008319542186721
C_MOBILITY:0.542451964538954
C_KINGSAFETY:0.47703307462027067
C_PAWNSTRUCTURE:0.5204297551432182
C_PIECECOORDINATION:0.4815531379000601
C_ROOK:0.5176201481623435
CE_ROOK:0.4760127800789589
C_CENTERCONTROL:0.5106562428399523
C_DEVELOPPIECES:0.49548825174001865
C_MATERIAL:0.5085605192602671
C_MOVECOUNT:0.4769182705567778
C_PAWNMOVEMENT:0.5132262141275215
