ELO:1099
CE_PASSEDPAWNS:0.47439543052625444
CE_PAWNWEAKNESSES:0.5942385255537602
CE_PIECEACTIVITY:0.47707812532962285
CE_KINGPAWNSHIELD:0.41619063560274233
CE_PIECECOORDINATION:0.46240003976468197
CE_MATERIAL:0.4662253447731471
CE_KINGSAFETY:0.5
C_PIECESQUARETABLES:0.5296207470099472
C_MOBILITY:0.4659437924121014
C_KINGSAFETY:0.5327488999935857
C_PAWNSTRUCTURE:0.41040599071577993
C_PIECECOORDINATION:0.36062421724656424
C_ROOKANDPAWNMOVEMENT:0.36062421724656424
C_CENTERCONTROL:0.5263974846402151
C_DEVELOPPIECES:0.464302331748555
C_MATERIAL:0.4063918105112338
