ELO:605
CE_PASSEDPAWNS:0.5317868686999282
CE_PAWNWEAKNESSES:0.5774127432906035
CE_PIECEACTIVITY:0.5851414459972815
CE_KINGPAWNSHIELD:0.45288170066052225
CE_PIECECOORDINATION:0.5074997686496691
CE_MATERIAL:0.5559635289997263
CE_KINGSAFETY:0.4978950734485054
C_PIECESQUARETABLES:0.42967859282299825
C_MOBILITY:0.5075222430355307
C_KINGSAFETY:0.5040612982102456
C_PAWNSTRUCTURE:0.48527504430246826
C_PIECECOORDINATION:0.5464763243450456
C_ROOKANDPAWNMOVEMENT:0.5464763243450456
C_CENTERCONTROL:0.4492059591137769
C_DEVELOPPIECES:0.5063733779054386
C_MATERIAL:0.5700139316790969
C_MOVECOUNT:0.5
