ELO:1000
CE_PASSEDPAWNS:0.5242902129174697
CE_PAWNWEAKNESSES:0.5028671482892272
CE_PIECEACTIVITY:0.5006067990875743
CE_KINGPAWNSHIELD:0.5264947119206383
CE_PIECECOORDINATION:0.4952672802564431
CE_MATERIAL:0.49740630460879565
CE_KINGSAFETY:0.5131386557053805
C_PIECESQUARETABLES:0.5299724575997473
C_MOBILITY:0.5326843795737826
C_KINGSAFETY:0.45644247212938927
C_PAWNSTRUCTURE:0.46670185675535875
C_PIECECOORDINATION:0.4813386609794521
C_ROOKANDPAWNMOVEMENT:0.4813386609794521
C_CENTERCONTROL:0.5097571596590232
C_DEVELOPPIECES:0.4576557871853988
C_MATERIAL:0.5176615575552181
