ELO:977
CE_PASSEDPAWNS:0.5110639846528667
CE_PAWNWEAKNESSES:0.5834605195822306
CE_PIECEACTIVITY:0.49323087500184526
CE_KINGPAWNSHIELD:0.5212242927958536
CE_PIECECOORDINATION:0.5815849813890672
CE_MATERIAL:0.45541770677993476
CE_KINGSAFETY:0.49455326104394126
C_PIECESQUARETABLES:0.5138985435510477
C_MOBILITY:0.40723580001111737
C_KINGSAFETY:0.502975774789356
C_PAWNSTRUCTURE:0.6153796343638641
C_PIECECOORDINATION:0.47090221859187065
C_ROOKANDPAWNMOVEMENT:0.47090221859187065
C_CENTERCONTROL:0.520649152787055
C_DEVELOPPIECES:0.45970857109322305
C_MATERIAL:0.546850055736523
