ELO:474
CE_PASSEDPAWNS:0.5228966490268141
CE_PAWNWEAKNESSES:0.5193179362048405
CE_PIECEACTIVITY:0.592298154951126
CE_KINGPAWNSHIELD:0.41070488239631225
CE_PIECECOORDINATION:0.4894967815561938
CE_MATERIAL:0.5467570223259464
CE_KINGSAFETY:0.5210634939861956
C_PIECESQUARETABLES:0.5
C_MOBILITY:0.46745670917101995
C_KINGSAFETY:0.44824015422595387
C_PAWNSTRUCTURE:0.47718794596767133
C_PIECECOORDINATION:0.5432158563367737
C_ROOKANDPAWNMOVEMENT:0.5432158563367737
C_CENTERCONTROL:0.44410369789940085
C_DEVELOPPIECES:0.5036909733797393
C_MATERIAL:0.5634951905389107
C_MOVECOUNT:0.5
