ELO:977
CE_PASSEDPAWNS:0.5
CE_PAWNWEAKNESSES:0.5024978170745523
CE_PIECEACTIVITY:0.49466311862955636
CE_KINGPAWNSHIELD:0.48594387644974935
CE_PIECECOORDINATION:0.50036877978615
CE_MATERIAL:0.5120589742035155
CE_KINGSAFETY:0.49934664754967983
C_PIECESQUARETABLES:0.4941929823788045
C_MOBILITY:0.4936984021581989
C_KINGSAFETY:0.5109510518771769
C_PAWNSTRUCTURE:0.5047300129849863
C_PIECECOORDINATION:0.4982090148202938
C_ROOKANDPAWNMOVEMENT:0.4982090148202938
C_CENTERCONTROL:0.5111318913753266
C_DEVELOPPIECES:0.49567414670571913
C_MATERIAL:0.4884559721296303
C_MOVECOUNT:0.5122912409098561
