ELO:1015
CE_PASSEDPAWNS:0.5094067686684953
CE_PAWNWEAKNESSES:0.4862705165648145
CE_PIECEACTIVITY:0.49621071539631173
CE_KINGPAWNSHIELD:0.503534169449206
CE_PIECECOORDINATION:0.5
CE_MATERIAL:0.4925729517495366
CE_KINGSAFETY:0.4974445917758512
C_PIECESQUARETABLES:0.5
C_MOBILITY:0.5026575386409653
C_KINGSAFETY:0.47725783642292635
C_PAWNSTRUCTURE:0.5050145343450878
C_PIECECOORDINATION:0.4930207997013511
C_ROOKANDPAWNMOVEMENT:0.4930207997013511
C_CENTERCONTROL:0.48007119968217665
C_DEVELOPPIECES:0.4967182338981766
C_MATERIAL:0.5025273148322343
C_MOVECOUNT:0.49522009735103123
