ELO:895
CE_PASSEDPAWNS:0.4799335206525271
CE_PAWNWEAKNESSES:0.474260626508226
CE_PIECEACTIVITY:0.480168009183106
CE_KINGPAWNSHIELD:0.483324751245743
CE_PIECECOORDINATION:0.5077420761000487
CE_MATERIAL:0.5045583894389676
CE_KINGSAFETY:0.5096351781489041
C_PIECESQUARETABLES:0.5188758216659934
C_MOBILITY:0.4820523243421519
C_KINGSAFETY:0.4570584651510267
C_PAWNSTRUCTURE:0.5306817242909594
C_PIECECOORDINATION:0.4749910333405176
C_ROOKANDPAWNMOVEMENT:0.4749910333405176
C_CENTERCONTROL:0.5021647623600909
C_DEVELOPPIECES:0.5012384415116256
C_MATERIAL:0.4918521839315425
C_MOVECOUNT:0.5
