ELO:989
CE_PASSEDPAWNS:0.5118279592222736
CE_PAWNWEAKNESSES:0.5308028447243437
CE_PIECEACTIVITY:0.5008504699556431
CE_KINGPAWNSHIELD:0.4825367970771574
CE_PIECECOORDINATION:0.5036829547694677
CE_MATERIAL:0.4806582936591475
CE_KINGSAFETY:0.4880932897130047
C_PIECESQUARETABLES:0.4968719261330987
C_MOBILITY:0.5443378859201873
C_KINGSAFETY:0.4951542473631559
C_PAWNSTRUCTURE:0.5090388857395802
C_PIECECOORDINATION:0.49612845683814993
C_ROOK:0.5094702637318159
CE_ROOK:0.5015516919012343
C_CENTERCONTROL:0.4805253625531501
C_DEVELOPPIECES:0.49102932267107896
C_MATERIAL:0.5200920665048615
C_MOVECOUNT:0.4969560547547781
C_PAWNMOVEMENT:0.4904515517744873
