ELO:999
CE_PASSEDPAWNS:0.4996332896336016
CE_PAWNWEAKNESSES:0.5333640534617187
CE_PIECEACTIVITY:0.5098227650728744
CE_KINGPAWNSHIELD:0.4825367970771574
CE_PIECECOORDINATION:0.5125361462113979
CE_MATERIAL:0.4804724802626639
CE_KINGSAFETY:0.4880932897130047
C_PIECESQUARETABLES:0.4968719261330987
C_MOBILITY:0.540074394651832
C_KINGSAFETY:0.48602468146730154
C_PAWNSTRUCTURE:0.5194023624180913
C_PIECECOORDINATION:0.4947286199244932
C_ROOK:0.5094702637318159
CE_ROOK:0.5066015911712488
C_CENTERCONTROL:0.49268674248021166
C_DEVELOPPIECES:0.4930257251226546
C_MATERIAL:0.5200920665048615
C_MOVECOUNT:0.4969560547547781
C_PAWNMOVEMENT:0.4904515517744873
