ELO:1022
CE_PASSEDPAWNS:0.5
CE_PAWNWEAKNESSES:0.49109344124096616
CE_PIECEACTIVITY:0.5011849085803816
CE_KINGPAWNSHIELD:0.5
CE_PIECECOORDINATION:0.49917492116347933
CE_MATERIAL:0.5166644022731434
CE_KINGSAFETY:0.49674941343482726
C_PIECESQUARETABLES:0.48270566233552054
C_MOBILITY:0.4837910819257005
C_KINGSAFETY:0.490972171127162
C_PAWNSTRUCTURE:0.52510869612327
C_PIECECOORDINATION:0.5039218423454205
C_ROOKANDPAWNMOVEMENT:0.5039218423454205
C_CENTERCONTROL:0.507018363636225
C_DEVELOPPIECES:0.5036915834230776
C_MATERIAL:0.5065823906024254
C_MOVECOUNT:0.48731927541568143
