ELO:968
CE_PASSEDPAWNS:0.5495686665585084
CE_PAWNWEAKNESSES:0.6047000444495972
CE_PIECEACTIVITY:0.5879297969799029
CE_KINGPAWNSHIELD:0.4469230081260596
CE_PIECECOORDINATION:0.5635878182522837
CE_MATERIAL:0.46948572190484766
CE_KINGSAFETY:0.5094797366631024
C_PIECESQUARETABLES:0.5
C_MOBILITY:0.42552037795464787
C_KINGSAFETY:0.5213872051685714
C_PAWNSTRUCTURE:0.4940204659994258
C_PIECECOORDINATION:0.5407522310304282
C_ROOKANDPAWNMOVEMENT:0.5407522310304282
C_CENTERCONTROL:0.5180827499771191
C_DEVELOPPIECES:0.49975213858988066
C_MATERIAL:0.5594630567065335
