ELO:950
CE_PASSEDPAWNS:0.49307038720691804
CE_PAWNWEAKNESSES:0.5266903999133711
CE_PIECEACTIVITY:0.504308500307562
CE_KINGPAWNSHIELD:0.5209613441027073
CE_PIECECOORDINATION:0.503950796694768
CE_MATERIAL:0.4929258146272214
CE_KINGSAFETY:0.5080343566779789
C_PIECESQUARETABLES:0.5000712170797619
C_MOBILITY:0.6238465613200581
C_KINGSAFETY:0.48307575913094664
C_PAWNSTRUCTURE:0.4787308826910568
C_PIECECOORDINATION:0.37708647931453776
C_ROOKANDPAWNMOVEMENT:0.37708647931453776
C_CENTERCONTROL:0.4609283504066506
C_DEVELOPPIECES:0.3981788158839285
C_MATERIAL:0.5605295993444844
