ELO:921
CE_PASSEDPAWNS:0.5347977797389507
CE_PAWNWEAKNESSES:0.5985901928723996
CE_PIECEACTIVITY:0.5953975824747075
CE_KINGPAWNSHIELD:0.4564530852235704
CE_PIECECOORDINATION:0.5794568771199707
CE_MATERIAL:0.4851602183586997
CE_KINGSAFETY:0.5073251081947134
C_PIECESQUARETABLES:0.5179046041808313
C_MOBILITY:0.41324682906001187
C_KINGSAFETY:0.51965259010271
C_PAWNSTRUCTURE:0.49476505199848203
C_PIECECOORDINATION:0.5253630372756384
C_ROOKANDPAWNMOVEMENT:0.5253630372756384
C_CENTERCONTROL:0.4993722537382364
C_DEVELOPPIECES:0.48842294110935464
C_MATERIAL:0.542025130518245
