ELO:950
CE_PASSEDPAWNS:0.48399078468339884
CE_PAWNWEAKNESSES:0.5139071925409275
CE_PIECEACTIVITY:0.4976124668944403
CE_KINGPAWNSHIELD:0.537694020903674
CE_PIECECOORDINATION:0.4787217714976482
CE_MATERIAL:0.4923213296136011
CE_KINGSAFETY:0.5
C_PIECESQUARETABLES:0.5
C_MOBILITY:0.4768560924225947
C_KINGSAFETY:0.5
C_PAWNSTRUCTURE:0.4907192237001833
C_PIECECOORDINATION:0.4989032014615798
C_ROOKANDPAWNMOVEMENT:0.4989032014615798
C_CENTERCONTROL:0.523162810508238
C_DEVELOPPIECES:0.5112782253340251
C_MATERIAL:0.5
C_MOVECOUNT:0.48614387871493364
