ELO:909
CE_PASSEDPAWNS:0.5065594914158655
CE_PAWNWEAKNESSES:0.4916484443132947
CE_PIECEACTIVITY:0.49530198830176886
CE_KINGPAWNSHIELD:0.5004508909534431
CE_PIECECOORDINATION:0.49917821589171085
CE_MATERIAL:0.4908121886818002
CE_KINGSAFETY:0.5004554351823113
C_PIECESQUARETABLES:0.4951905229526071
C_MOBILITY:0.506846650475842
C_KINGSAFETY:0.4959446592138047
C_PAWNSTRUCTURE:0.4517760767492768
C_PIECECOORDINATION:0.5330818768745449
C_ROOKANDPAWNMOVEMENT:0.5330818768745449
C_CENTERCONTROL:0.532477818588787
C_DEVELOPPIECES:0.4494438894085031
C_MATERIAL:0.46802598438044307
C_MOVECOUNT:0.5117767335529889
