ELO:936
CE_PASSEDPAWNS:0.47457685027210755
CE_PAWNWEAKNESSES:0.479722384650207
CE_PIECEACTIVITY:0.5107149479794503
CE_KINGPAWNSHIELD:0.5174074933238767
CE_PIECECOORDINATION:0.5042920698936534
CE_MATERIAL:0.5226984294805339
CE_KINGSAFETY:0.49927208386081545
C_PIECESQUARETABLES:0.5349806094051036
C_MOBILITY:0.5024944273437458
C_KINGSAFETY:0.517702795732918
C_PAWNSTRUCTURE:0.47306278199148194
C_PIECECOORDINATION:0.5174790764117722
C_ROOKANDPAWNMOVEMENT:0.5174790764117722
C_CENTERCONTROL:0.49687879077087455
C_DEVELOPPIECES:0.5229416832425348
C_MATERIAL:0.4955056511767963
C_MOVECOUNT:0.4974908315203853
