ELO:917
CE_PASSEDPAWNS:0.5030951472395127
CE_PAWNWEAKNESSES:0.471586896648442
CE_PIECEACTIVITY:0.5035358577942871
CE_KINGPAWNSHIELD:0.5196314245735374
CE_PIECECOORDINATION:0.49229595191027603
CE_MATERIAL:0.5282823766802164
CE_KINGSAFETY:0.4929397510728031
C_PIECESQUARETABLES:0.5378515932399572
C_MOBILITY:0.5146521123217558
C_KINGSAFETY:0.5229473151997441
C_PAWNSTRUCTURE:0.4725538907835176
C_PIECECOORDINATION:0.5174790764117722
C_ROOKANDPAWNMOVEMENT:0.5174790764117722
C_CENTERCONTROL:0.4980616722343299
C_DEVELOPPIECES:0.5276184753472797
C_MATERIAL:0.4737119463342443
C_MOVECOUNT:0.47128555528852784
