ELO:857
CE_PASSEDPAWNS:0.5764287772968263
CE_PAWNWEAKNESSES:0.578653421834981
CE_PIECEACTIVITY:0.5390704535975668
CE_KINGPAWNSHIELD:0.5927705591581741
CE_PIECECOORDINATION:0.5293569604114517
CE_MATERIAL:0.45322330933854577
CE_KINGSAFETY:0.5448750190062104
C_PIECESQUARETABLES:0.5017582430341484
C_MOBILITY:0.5182847763272398
C_KINGSAFETY:0.5341803885592257
C_PAWNSTRUCTURE:0.5288317178276167
C_PIECECOORDINATION:0.5005932619928537
C_ROOKANDPAWNMOVEMENT:0.5005932619928537
C_CENTERCONTROL:0.4981225969895265
C_DEVELOPPIECES:0.4449488585242612
C_MATERIAL:0.5477507087684029
