ELO:878
CE_PASSEDPAWNS:0.5646343565839247
CE_PAWNWEAKNESSES:0.5870690766251031
CE_PIECEACTIVITY:0.5535321219207775
CE_KINGPAWNSHIELD:0.6057069324866877
CE_PIECECOORDINATION:0.5491700857178567
CE_MATERIAL:0.4765945120201989
CE_KINGSAFETY:0.5488493287763929
C_PIECESQUARETABLES:0.515325843620373
C_MOBILITY:0.49366137210315164
C_KINGSAFETY:0.4982383436181043
C_PAWNSTRUCTURE:0.5441578185025411
C_PIECECOORDINATION:0.50610630303284
C_ROOKANDPAWNMOVEMENT:0.50610630303284
C_CENTERCONTROL:0.5413989661307258
C_DEVELOPPIECES:0.480417819609441
C_MATERIAL:0.5451672668056529
