ELO:836
CE_PASSEDPAWNS:0.5627124268825907
CE_PAWNWEAKNESSES:0.578653421834981
CE_PIECEACTIVITY:0.5398511324790456
CE_KINGPAWNSHIELD:0.5808075912338145
CE_PIECECOORDINATION:0.5284710186962054
CE_MATERIAL:0.45046136690319744
CE_KINGSAFETY:0.5321046489046194
C_PIECESQUARETABLES:0.5039499691545108
C_MOBILITY:0.5237966599222774
C_KINGSAFETY:0.5222682235853728
C_PAWNSTRUCTURE:0.5350068321398593
C_PIECECOORDINATION:0.5177553477457704
C_ROOKANDPAWNMOVEMENT:0.5177553477457704
C_CENTERCONTROL:0.5068301329031494
C_DEVELOPPIECES:0.4567342680138547
C_MATERIAL:0.5351334139974016
