ELO:908
CE_PASSEDPAWNS:0.4933259405724613
CE_PAWNWEAKNESSES:0.5153218074525506
CE_PIECEACTIVITY:0.5640313224613519
CE_KINGPAWNSHIELD:0.46192898795938553
CE_PIECECOORDINATION:0.4748942319369598
CE_MATERIAL:0.4782534266385512
CE_KINGSAFETY:0.5
C_PIECESQUARETABLES:0.5
C_MOBILITY:0.5349089587822174
C_KINGSAFETY:0.4763783882042181
C_PAWNSTRUCTURE:0.5513378227220088
C_PIECECOORDINATION:0.4821031196934423
C_ROOK:0.5380343081993478
CE_ROOK:0.48657956241206374
C_CENTERCONTROL:0.524165180076589
C_DEVELOPPIECES:0.4830877098779453
C_MATERIAL:0.5116826883828927
C_MOVECOUNT:0.46261145535508624
C_PAWNMOVEMENT:0.4939286360456795
