ELO:862
CE_PASSEDPAWNS:0.5490701375538646
CE_PAWNWEAKNESSES:0.46996733842563954
CE_PIECEACTIVITY:0.5175367943189231
CE_KINGPAWNSHIELD:0.5460141000773497
CE_PIECECOORDINATION:0.4864051272961924
CE_MATERIAL:0.5118606628279444
CE_KINGSAFETY:0.504128737069849
C_PIECESQUARETABLES:0.5322101618322013
C_MOBILITY:0.46560367784390894
C_KINGSAFETY:0.505486276332303
C_PAWNSTRUCTURE:0.46564289736731745
C_PIECECOORDINATION:0.5667464481592366
C_ROOKANDPAWNMOVEMENT:0.5667464481592366
C_CENTERCONTROL:0.45836482203540574
C_DEVELOPPIECES:0.539155178784799
C_MATERIAL:0.4686697085603757
C_MOVECOUNT:0.49892230117817754
