ELO:988
CE_PASSEDPAWNS:0.5293357962042542
CE_PAWNWEAKNESSES:0.6090547204519539
CE_PIECEACTIVITY:0.5334727216701763
CE_KINGPAWNSHIELD:0.499904265418161
CE_PIECECOORDINATION:0.5910152976326322
CE_MATERIAL:0.4535310204275684
CE_KINGSAFETY:0.4827880538510609
C_PIECESQUARETABLES:0.47703219251062734
C_MOBILITY:0.4065210502576759
C_KINGSAFETY:0.5055874629868625
C_PAWNSTRUCTURE:0.6013969132059951
C_PIECECOORDINATION:0.48748985807607026
C_ROOKANDPAWNMOVEMENT:0.48748985807607026
C_CENTERCONTROL:0.5156658584050149
C_DEVELOPPIECES:0.4762918990622301
C_MATERIAL:0.5347672541549733
