ELO:996
CE_PASSEDPAWNS:0.5009982058440278
CE_PAWNWEAKNESSES:0.5308028447243437
CE_PIECEACTIVITY:0.5109798304250501
CE_KINGPAWNSHIELD:0.47300573767160886
CE_PIECECOORDINATION:0.5071294117350463
CE_MATERIAL:0.4893636787021429
CE_KINGSAFETY:0.4880932897130047
C_PIECESQUARETABLES:0.5
C_MOBILITY:0.5152857512765505
C_KINGSAFETY:0.502045723160536
C_PAWNSTRUCTURE:0.5124737973736208
C_PIECECOORDINATION:0.4866400743394909
C_ROOK:0.48760318909429307
CE_ROOK:0.4940335639806805
C_CENTERCONTROL:0.47766539162513727
C_DEVELOPPIECES:0.488020030178651
C_MATERIAL:0.5123610877320471
C_MOVECOUNT:0.4969560547547781
C_PAWNMOVEMENT:0.4904515517744873
