ELO:931
CE_PASSEDPAWNS:0.5263546135147609
CE_PAWNWEAKNESSES:0.5294323344184089
CE_PIECEACTIVITY:0.47649952860634426
CE_KINGPAWNSHIELD:0.4874235686406613
CE_PIECECOORDINATION:0.5228738951484062
CE_MATERIAL:0.5086120742809477
CE_KINGSAFETY:0.4899542394450435
C_PIECESQUARETABLES:0.496546611936477
C_MOBILITY:0.619887148149369
C_KINGSAFETY:0.47606232224198247
C_PAWNSTRUCTURE:0.5121346511973972
C_PIECECOORDINATION:0.3826315697969222
C_ROOKANDPAWNMOVEMENT:0.3826315697969222
C_CENTERCONTROL:0.5134462028861998
C_DEVELOPPIECES:0.38302631769361833
C_MATERIAL:0.5591990769200264
