ELO:1025
CE_PASSEDPAWNS:0.6366747598910183
CE_PAWNWEAKNESSES:0.4504428415817178
CE_PIECEACTIVITY:0.4593714193875294
CE_KINGPAWNSHIELD:0.4169672593720908
CE_PIECECOORDINATION:0.4831440160072847
CE_MATERIAL:0.42409566183736946
CE_KINGSAFETY:0.4811142209446557
C_PIECESQUARETABLES:0.49294712149133946
C_MOBILITY:0.4259806329680684
C_KINGSAFETY:0.48455519777823075
C_PAWNSTRUCTURE:0.46342245174497365
C_PIECECOORDINATION:0.4823338797090678
C_ROOKANDPAWNMOVEMENT:0.4823338797090678
C_CENTERCONTROL:0.5281715336603411
C_DEVELOPPIECES:0.5495860965933876
C_MATERIAL:0.4427038200808896
