ELO:863
CE_PASSEDPAWNS:0.5499075843514413
CE_PAWNWEAKNESSES:0.5492682798864152
CE_PIECEACTIVITY:0.5713926028778429
CE_KINGPAWNSHIELD:0.5079466922538983
CE_PIECECOORDINATION:0.5131262562740111
CE_MATERIAL:0.524587901577088
CE_KINGSAFETY:0.45019990324592485
C_PIECESQUARETABLES:0.5181797680303383
C_MOBILITY:0.49862174169442147
C_KINGSAFETY:0.5557205433385083
C_PAWNSTRUCTURE:0.5405419762117418
C_PIECECOORDINATION:0.4981437789839248
C_ROOKANDPAWNMOVEMENT:0.4981437789839248
C_CENTERCONTROL:0.39725014011676973
C_DEVELOPPIECES:0.5659594861671213
C_MATERIAL:0.5022233894251659
