ELO:835
CE_PASSEDPAWNS:0.652898842935912
CE_PAWNWEAKNESSES:0.5512976751840699
CE_PIECEACTIVITY:0.43468352527121235
CE_KINGPAWNSHIELD:0.3892762138547151
CE_PIECECOORDINATION:0.33204678408872956
CE_MATERIAL:0.46131516484535934
CE_KINGSAFETY:0.5221644067483595
C_PIECESQUARETABLES:0.5009261558045316
C_MOBILITY:0.42469485003951873
C_KINGSAFETY:0.5214984451163326
C_PAWNSTRUCTURE:0.47435414051868074
C_PIECECOORDINATION:0.5211164291362296
C_ROOKANDPAWNMOVEMENT:0.5211164291362296
C_CENTERCONTROL:0.6184838999789991
C_DEVELOPPIECES:0.4682176502804002
C_MATERIAL:0.4474965682794609
