ELO:886
CE_PASSEDPAWNS:0.6617969177392277
CE_PAWNWEAKNESSES:0.5836919957204038
CE_PIECEACTIVITY:0.434706920533574
CE_KINGPAWNSHIELD:0.4253638934702102
CE_PIECECOORDINATION:0.3367860135305887
CE_MATERIAL:0.4160658807799906
CE_KINGSAFETY:0.47380085751210094
C_PIECESQUARETABLES:0.5435748861609792
C_MOBILITY:0.4355196482348005
C_KINGSAFETY:0.5134328935213446
C_PAWNSTRUCTURE:0.502723059818249
C_PIECECOORDINATION:0.49415959175949353
C_ROOKANDPAWNMOVEMENT:0.49415959175949353
C_CENTERCONTROL:0.6194276591064662
C_DEVELOPPIECES:0.49269547493529525
C_MATERIAL:0.46226731531950954
