ELO:817
CE_PASSEDPAWNS:0.6531526408964685
CE_PAWNWEAKNESSES:0.557785844382366
CE_PIECEACTIVITY:0.4318456002176422
CE_KINGPAWNSHIELD:0.39177188603080354
CE_PIECECOORDINATION:0.3446648290327583
CE_MATERIAL:0.4586152989870031
CE_KINGSAFETY:0.4616297377501468
C_PIECESQUARETABLES:0.5467245922798979
C_MOBILITY:0.41861911374898425
C_KINGSAFETY:0.526942657678417
C_PAWNSTRUCTURE:0.4839020672921998
C_PIECECOORDINATION:0.49895673412186897
C_ROOKANDPAWNMOVEMENT:0.49895673412186897
C_CENTERCONTROL:0.6072025492580511
C_DEVELOPPIECES:0.4598359405997355
C_MATERIAL:0.43691528682641767
