ELO:977
CE_PASSEDPAWNS:0.5733695504121435
CE_PAWNWEAKNESSES:0.5205940015026949
CE_PIECEACTIVITY:0.5813217376015919
CE_KINGPAWNSHIELD:0.5350015897369848
CE_PIECECOORDINATION:0.40300251976681495
CE_MATERIAL:0.5331419477566158
CE_KINGSAFETY:0.4694936906526009
C_PIECESQUARETABLES:0.4886079978125152
C_MOBILITY:0.4568015838310318
C_KINGSAFETY:0.5181761832440922
C_PAWNSTRUCTURE:0.5251607739897118
C_PIECECOORDINATION:0.5806989986642032
C_ROOKANDPAWNMOVEMENT:0.5806989986642032
C_CENTERCONTROL:0.45015178598955075
C_DEVELOPPIECES:0.5406750254812822
C_MATERIAL:0.4836029378198773
