ELO:948
CE_PASSEDPAWNS:0.5561114658709368
CE_PAWNWEAKNESSES:0.5530122260936552
CE_PIECEACTIVITY:0.5641880224455235
CE_KINGPAWNSHIELD:0.556587071719317
CE_PIECECOORDINATION:0.4854677271194618
CE_MATERIAL:0.5685608460314806
CE_KINGSAFETY:0.5009777669004265
C_PIECESQUARETABLES:0.5086533663647426
C_MOBILITY:0.48265187659564596
C_KINGSAFETY:0.5761095539554397
C_PAWNSTRUCTURE:0.5618436320090925
C_PIECECOORDINATION:0.5170255923048
C_ROOKANDPAWNMOVEMENT:0.5170255923048
C_CENTERCONTROL:0.4200071226658572
C_DEVELOPPIECES:0.6044895013329006
C_MATERIAL:0.4875160597364178
