ELO:1021
CE_PASSEDPAWNS:0.48970911422344293
CE_PAWNWEAKNESSES:0.47230509344765714
CE_PIECEACTIVITY:0.5425999210253228
CE_KINGPAWNSHIELD:0.5240103821277038
CE_PIECECOORDINATION:0.479780512085947
CE_MATERIAL:0.49839708207543826
CE_KINGSAFETY:0.4934640632695244
C_PIECESQUARETABLES:0.4528634074246801
C_MOBILITY:0.4809578981695727
C_KINGSAFETY:0.5285275386121915
C_PAWNSTRUCTURE:0.5075330585876817
C_PIECECOORDINATION:0.4929227239720753
C_ROOKANDPAWNMOVEMENT:0.4929227239720753
C_CENTERCONTROL:0.4839501629921139
C_DEVELOPPIECES:0.48220076495271086
C_MATERIAL:0.48429523079780906
C_MOVECOUNT:0.5480268878896496
