ELO:1000
CE_PASSEDPAWNS:0.4956294282308929
CE_PAWNWEAKNESSES:0.538017723515547
CE_PIECEACTIVITY:0.46935372871272774
CE_KINGPAWNSHIELD:0.48348730357243314
CE_PIECECOORDINATION:0.49337458381331256
CE_MATERIAL:0.5011250446916078
CE_KINGSAFETY:0.46539016369312475
C_PIECESQUARETABLES:0.430422403345911
C_MOBILITY:0.5097572407240031
C_KINGSAFETY:0.49065471479445916
C_PAWNSTRUCTURE:0.4506196910932569
C_PIECECOORDINATION:0.47981936034247624
C_ROOKANDPAWNMOVEMENT:0.47981936034247624
C_CENTERCONTROL:0.5662527552957698
C_DEVELOPPIECES:0.4798896827398171
C_MATERIAL:0.5335388259590808
