ELO:914
CE_PASSEDPAWNS:0.5005287928384443
CE_PAWNWEAKNESSES:0.5128094857765966
CE_PIECEACTIVITY:0.5095340623463341
CE_KINGPAWNSHIELD:0.4647552387857003
CE_PIECECOORDINATION:0.4927266329917805
CE_MATERIAL:0.430958201586016
CE_KINGSAFETY:0.5168920668477757
C_PIECESQUARETABLES:0.5284885575098613
C_MOBILITY:0.4846009891332951
C_KINGSAFETY:0.4981736885559272
C_PAWNSTRUCTURE:0.573857208769975
C_PIECECOORDINATION:0.5295708895453854
C_ROOKANDPAWNMOVEMENT:0.5295708895453854
C_CENTERCONTROL:0.4775448674687794
C_DEVELOPPIECES:0.48311435446437295
C_MATERIAL:0.5264321174229023
C_MOVECOUNT:0.5
