ELO:915
CE_PASSEDPAWNS:0.5161490682108063
CE_PAWNWEAKNESSES:0.3740043543867252
CE_PIECEACTIVITY:0.3571632079369466
CE_KINGPAWNSHIELD:0.6452722150607966
CE_PIECECOORDINATION:0.43741869108126813
CE_MATERIAL:0.5442500919833103
CE_KINGSAFETY:0.5023354090737414
C_PIECESQUARETABLES:0.5296440880992587
C_MOBILITY:0.6075320949043256
C_KINGSAFETY:0.4953103086533706
C_PAWNSTRUCTURE:0.41914593508801035
C_PIECECOORDINATION:0.44942435194195757
C_ROOKANDPAWNMOVEMENT:0.44942435194195757
C_CENTERCONTROL:0.6518623105277824
C_DEVELOPPIECES:0.47017988745872025
C_MATERIAL:0.5817437879578321
