ELO:946
CE_PASSEDPAWNS:0.5240686397521521
CE_PAWNWEAKNESSES:0.37527337337051864
CE_PIECEACTIVITY:0.420943628950842
CE_KINGPAWNSHIELD:0.5730533312176384
CE_PIECECOORDINATION:0.46008929291948064
CE_MATERIAL:0.5081317910116202
CE_KINGSAFETY:0.5061877045919689
C_PIECESQUARETABLES:0.48778796338461544
C_MOBILITY:0.5979161443272102
C_KINGSAFETY:0.5009600731844062
C_PAWNSTRUCTURE:0.42963065464953987
C_PIECECOORDINATION:0.5026432257704955
C_ROOKANDPAWNMOVEMENT:0.5026432257704955
C_CENTERCONTROL:0.5902737942155567
C_DEVELOPPIECES:0.49396893381871204
C_MATERIAL:0.6012649428858517
