ELO:898
CE_PASSEDPAWNS:0.49677085083481354
CE_PAWNWEAKNESSES:0.42165382420044345
CE_PIECEACTIVITY:0.3698022881164822
CE_KINGPAWNSHIELD:0.635703901019144
CE_PIECECOORDINATION:0.39580089987671807
CE_MATERIAL:0.5759768954483612
CE_KINGSAFETY:0.48433247758575987
C_PIECESQUARETABLES:0.5829116893851357
C_MOBILITY:0.6369361831606527
C_KINGSAFETY:0.5252204370497472
C_PAWNSTRUCTURE:0.41660909668715046
C_PIECECOORDINATION:0.4591216868254779
C_ROOKANDPAWNMOVEMENT:0.4591216868254779
C_CENTERCONTROL:0.6499525599156458
C_DEVELOPPIECES:0.4256637684478437
C_MATERIAL:0.57704504111203
