ELO:951
CE_PASSEDPAWNS:0.4952200342755845
CE_PAWNWEAKNESSES:0.49739089116467206
CE_PIECEACTIVITY:0.5328121089361563
CE_KINGPAWNSHIELD:0.49881540060808244
CE_PIECECOORDINATION:0.4951135736797509
CE_MATERIAL:0.5914159850041638
CE_KINGSAFETY:0.4829732269809953
C_PIECESQUARETABLES:0.5130489700584927
C_MOBILITY:0.5033908053334231
C_KINGSAFETY:0.5160077709438926
C_PAWNSTRUCTURE:0.49320084079729787
C_PIECECOORDINATION:0.48809305282797927
C_ROOKANDPAWNMOVEMENT:0.48809305282797927
C_CENTERCONTROL:0.49377561940007925
C_DEVELOPPIECES:0.5444620759933456
C_MATERIAL:0.49560796885132136
C_MOVECOUNT:0.5007528247078512
