ELO:977
CE_PASSEDPAWNS:0.5126147939504104
CE_PAWNWEAKNESSES:0.4750360080210668
CE_PIECEACTIVITY:0.39821221804543533
CE_KINGPAWNSHIELD:0.5278950449228724
CE_PIECECOORDINATION:0.45732946967791377
CE_MATERIAL:0.48329904583746636
CE_KINGSAFETY:0.45316777705047895
C_PIECESQUARETABLES:0.49569790043106643
C_MOBILITY:0.4821292809695993
C_KINGSAFETY:0.4973346080102983
C_PAWNSTRUCTURE:0.5029090208591928
C_PIECECOORDINATION:0.4758055922988294
C_ROOKANDPAWNMOVEMENT:0.4758055922988294
C_CENTERCONTROL:0.4580774766528722
C_DEVELOPPIECES:0.5190185777708725
C_MATERIAL:0.45518962801092944
C_MOVECOUNT:0.4671078123437809
