ELO:931
CE_PASSEDPAWNS:0.5085534164326709
CE_PAWNWEAKNESSES:0.3652300298799716
CE_PIECEACTIVITY:0.37051107983576176
CE_KINGPAWNSHIELD:0.6000279554917266
CE_PIECECOORDINATION:0.4756622734479287
CE_MATERIAL:0.5384906758633352
CE_KINGSAFETY:0.4933413931709453
C_PIECESQUARETABLES:0.513849048383978
C_MOBILITY:0.5958661918909133
C_KINGSAFETY:0.5139966129584381
C_PAWNSTRUCTURE:0.4311070884387658
C_PIECECOORDINATION:0.4761234934096577
C_ROOKANDPAWNMOVEMENT:0.4761234934096577
C_CENTERCONTROL:0.626194175060961
C_DEVELOPPIECES:0.499687443937191
C_MATERIAL:0.5909380516073746
