ELO:911
CE_PASSEDPAWNS:0.5579373675101595
CE_PAWNWEAKNESSES:0.5528522401049902
CE_PIECEACTIVITY:0.5467884976728312
CE_KINGPAWNSHIELD:0.525976429529487
CE_PIECECOORDINATION:0.5002126169133723
CE_MATERIAL:0.5614020681167167
CE_KINGSAFETY:0.4889542817950578
C_PIECESQUARETABLES:0.5114678261137375
C_MOBILITY:0.4760808524440134
C_KINGSAFETY:0.5918397008115839
C_PAWNSTRUCTURE:0.5743597738663131
C_PIECECOORDINATION:0.5028157339630536
C_ROOKANDPAWNMOVEMENT:0.5028157339630536
C_CENTERCONTROL:0.41654940602647267
C_DEVELOPPIECES:0.5816133731300346
C_MATERIAL:0.4780465424457851
