ELO:910
CE_PASSEDPAWNS:0.48233989233157615
CE_PAWNWEAKNESSES:0.4716144620587185
CE_PIECEACTIVITY:0.45747521094619714
CE_KINGPAWNSHIELD:0.4899443649292484
CE_PIECECOORDINATION:0.5096662294007147
CE_MATERIAL:0.5117703246225004
CE_KINGSAFETY:0.5
C_PIECESQUARETABLES:0.5095525869519284
C_MOBILITY:0.5310126813080048
C_KINGSAFETY:0.4710993341428
C_PAWNSTRUCTURE:0.42334581619712286
C_PIECECOORDINATION:0.49397565158573403
C_ROOK:0.5313128929036892
CE_ROOK:0.5804776899929016
C_CENTERCONTROL:0.48464963943903067
C_DEVELOPPIECES:0.45483678850129344
C_MATERIAL:0.5279122776177401
C_MOVECOUNT:0.5259962731257983
C_PAWNMOVEMENT:0.5061581363372157
