ELO:999
CE_PASSEDPAWNS:0.5
CE_PAWNWEAKNESSES:0.5120059315954162
CE_PIECEACTIVITY:0.5
CE_KINGPAWNSHIELD:0.5
CE_PIECECOORDINATION:0.5
CE_MATERIAL:0.49072797173004506
CE_KINGSAFETY:0.5
C_PIECESQUARETABLES:0.5
C_MOBILITY:0.5016339962292327
C_KINGSAFETY:0.4888047080436996
C_PAWNSTRUCTURE:0.5
C_PIECECOORDINATION:0.5
C_ROOKANDPAWNMOVEMENT:0.5
C_CENTERCONTROL:0.5006503899402087
C_DEVELOPPIECES:0.5
C_MATERIAL:0.49298767706865654
C_MOVECOUNT:0.5
