ELO:970
CE_PASSEDPAWNS:0.5100743373013906
CE_PAWNWEAKNESSES:0.44850844405618534
CE_PIECEACTIVITY:0.48591567333554914
CE_KINGPAWNSHIELD:0.5090977269843224
CE_PIECECOORDINATION:0.4673311413406331
CE_MATERIAL:0.5181118800115283
CE_KINGSAFETY:0.5
C_PIECESQUARETABLES:0.5
C_MOBILITY:0.48041008852278244
C_KINGSAFETY:0.4699788242076066
C_PAWNSTRUCTURE:0.502932790819361
C_PIECECOORDINATION:0.527186157488274
C_ROOK:0.44666101308172257
CE_ROOK:0.5419681990233189
C_CENTERCONTROL:0.5294326449464685
C_DEVELOPPIECES:0.479273685447334
C_MATERIAL:0.5164185893424365
C_MOVECOUNT:0.5036241563877384
C_PAWNMOVEMENT:0.4460946857035773
