ELO:915
CE_PASSEDPAWNS:0.5218455757060648
CE_PAWNWEAKNESSES:0.3701577704622739
CE_PIECEACTIVITY:0.3617289379449799
CE_KINGPAWNSHIELD:0.6452722150607966
CE_PIECECOORDINATION:0.4427631423095021
CE_MATERIAL:0.55915918405917
CE_KINGSAFETY:0.5163909386729012
C_PIECESQUARETABLES:0.519494169391188
C_MOBILITY:0.6038376792117119
C_KINGSAFETY:0.4862089771490891
C_PAWNSTRUCTURE:0.41862247517472
C_PIECECOORDINATION:0.4627446625539901
C_ROOKANDPAWNMOVEMENT:0.4627446625539901
C_CENTERCONTROL:0.6588225279240454
C_DEVELOPPIECES:0.4485589119641085
C_MATERIAL:0.5642378761819953
