ELO:949
CE_PASSEDPAWNS:0.5003460067846383
CE_PAWNWEAKNESSES:0.49811187252534933
CE_PIECEACTIVITY:0.5229741313742793
CE_KINGPAWNSHIELD:0.505941179626542
CE_PIECECOORDINATION:0.5135172154791264
CE_MATERIAL:0.4846051400989643
CE_KINGSAFETY:0.48185819478582587
C_PIECESQUARETABLES:0.5019884672579812
C_MOBILITY:0.4652453147258603
C_KINGSAFETY:0.5044736781881382
C_PAWNSTRUCTURE:0.5101278544045086
C_PIECECOORDINATION:0.4866411503316574
C_ROOKANDPAWNMOVEMENT:0.4866411503316574
C_CENTERCONTROL:0.48704225289579167
C_DEVELOPPIECES:0.4930348506992324
C_MATERIAL:0.4882803302362845
