ELO:1000
CE_PASSEDPAWNS:0.5231064898992495
CE_PAWNWEAKNESSES:0.49449010514727737
CE_PIECEACTIVITY:0.4746975684428906
CE_KINGPAWNSHIELD:0.5093020529131547
CE_PIECECOORDINATION:0.4971536564432068
CE_MATERIAL:0.5082794677331877
CE_KINGSAFETY:0.43420477863935525
C_PIECESQUARETABLES:0.3927619339317049
C_MOBILITY:0.515260599446409
C_KINGSAFETY:0.4610408698321244
C_PAWNSTRUCTURE:0.44226431327761806
C_PIECECOORDINATION:0.47803103173953665
C_ROOKANDPAWNMOVEMENT:0.47803103173953665
C_CENTERCONTROL:0.5665755016706845
C_DEVELOPPIECES:0.48456745291444947
C_MATERIAL:0.5509285892931137
