ELO:987
CE_PASSEDPAWNS:0.49129066333015853
CE_PAWNWEAKNESSES:0.5064760334765464
CE_PIECEACTIVITY:0.5
CE_KINGPAWNSHIELD:0.4976962508599973
CE_PIECECOORDINATION:0.48906502466239
CE_MATERIAL:0.488254585221073
CE_KINGSAFETY:0.4953657825585967
C_PIECESQUARETABLES:0.4980880785366147
C_MOBILITY:0.5212564110285055
C_KINGSAFETY:0.49972929425206875
C_PAWNSTRUCTURE:0.5
C_PIECECOORDINATION:0.5
C_ROOK:0.5140857449055107
CE_ROOK:0.5070410112039175
C_CENTERCONTROL:0.4923082522527477
C_DEVELOPPIECES:0.5040136918769583
C_MATERIAL:0.5
C_MOVECOUNT:0.5006935918684423
C_PAWNMOVEMENT:0.5091171971095164
