ELO:946
CE_PASSEDPAWNS:0.4958935779035824
CE_PAWNWEAKNESSES:0.45242222033737145
CE_PIECEACTIVITY:0.4949882633084643
CE_KINGPAWNSHIELD:0.5062633045094983
CE_PIECECOORDINATION:0.47840904487472896
CE_MATERIAL:0.5113331289522846
CE_KINGSAFETY:0.49744534347734176
C_PIECESQUARETABLES:0.486874460157832
C_MOBILITY:0.4979648641618319
C_KINGSAFETY:0.4973543379703673
C_PAWNSTRUCTURE:0.4996544477230557
C_PIECECOORDINATION:0.5131238171724186
C_ROOK:0.5205604150960165
CE_ROOK:0.5110609599253335
C_CENTERCONTROL:0.4889222971375507
C_DEVELOPPIECES:0.5159851243109242
C_MATERIAL:0.5139117809957461
C_MOVECOUNT:0.531051587045868
C_PAWNMOVEMENT:0.5045234190593976
