ELO:905
CE_PASSEDPAWNS:0.5594804776386966
CE_PAWNWEAKNESSES:0.5509356124687386
CE_PIECEACTIVITY:0.5673761638388943
CE_KINGPAWNSHIELD:0.5105624293382245
CE_PIECECOORDINATION:0.5051857362088428
CE_MATERIAL:0.5206750375706911
CE_KINGSAFETY:0.4862773260664182
C_PIECESQUARETABLES:0.5080870819226861
C_MOBILITY:0.4958046517560738
C_KINGSAFETY:0.5953256185174471
C_PAWNSTRUCTURE:0.5676630614389269
C_PIECECOORDINATION:0.49711643718486337
C_ROOKANDPAWNMOVEMENT:0.49711643718486337
C_CENTERCONTROL:0.4267469680704578
C_DEVELOPPIECES:0.5836398754619511
C_MATERIAL:0.5079245113988204
