ELO:950
CE_PASSEDPAWNS:0.5054574402656427
CE_PAWNWEAKNESSES:0.5186766338913589
CE_PIECEACTIVITY:0.5137595727233706
CE_KINGPAWNSHIELD:0.4877471482174829
CE_PIECECOORDINATION:0.5020886397784025
CE_MATERIAL:0.4433092738910749
CE_KINGSAFETY:0.5018050990530311
C_PIECESQUARETABLES:0.5254736537877011
C_MOBILITY:0.49857947774532846
C_KINGSAFETY:0.4823477304214319
C_PAWNSTRUCTURE:0.4607268771287014
C_PIECECOORDINATION:0.5297132201071763
C_ROOKANDPAWNMOVEMENT:0.5297132201071763
C_CENTERCONTROL:0.44363110189662264
C_DEVELOPPIECES:0.4868351221242114
C_MATERIAL:0.5338151665738408
C_MOVECOUNT:0.5
