ELO:940
CE_PASSEDPAWNS:0.4970231073039343
CE_PAWNWEAKNESSES:0.5003189583253683
CE_PIECEACTIVITY:0.4969282487753948
CE_KINGPAWNSHIELD:0.4939887661254406
CE_PIECECOORDINATION:0.49829648266678256
CE_MATERIAL:0.4752769428442932
CE_KINGSAFETY:0.5028358646804624
C_PIECESQUARETABLES:0.5117623775449949
C_MOBILITY:0.5009664000694585
C_KINGSAFETY:0.49257665777630616
C_PAWNSTRUCTURE:0.46155325312724305
C_PIECECOORDINATION:0.5327174192570915
C_ROOKANDPAWNMOVEMENT:0.5327174192570915
C_CENTERCONTROL:0.44866686172466413
C_DEVELOPPIECES:0.49469670346173333
C_MATERIAL:0.49754377874080896
C_MOVECOUNT:0.5
