ELO:969
CE_PASSEDPAWNS:0.4854314089881567
CE_PAWNWEAKNESSES:0.4692757693230998
CE_PIECEACTIVITY:0.4946226033991897
CE_KINGPAWNSHIELD:0.5042049464330302
CE_PIECECOORDINATION:0.48034753395125607
CE_MATERIAL:0.5086402038004323
CE_KINGSAFETY:0.5078590046482998
C_PIECESQUARETABLES:0.4968507493557214
C_MOBILITY:0.4971334227281579
C_KINGSAFETY:0.47519762808381577
C_PAWNSTRUCTURE:0.4996544477230557
C_PIECECOORDINATION:0.5246848525248619
C_ROOK:0.517065800451132
CE_ROOK:0.5049796168575463
C_CENTERCONTROL:0.50803925149603
C_DEVELOPPIECES:0.5040136918769583
C_MATERIAL:0.5056009257695099
C_MOVECOUNT:0.49545692930091495
C_PAWNMOVEMENT:0.5114392294861905
