ELO:942
CE_PASSEDPAWNS:0.4645729245555102
CE_PAWNWEAKNESSES:0.49281920513801936
CE_PIECEACTIVITY:0.5247034028240485
CE_KINGPAWNSHIELD:0.4962261377129324
CE_PIECECOORDINATION:0.553176866965396
CE_MATERIAL:0.5367963379718176
CE_KINGSAFETY:0.531242807973446
C_PIECESQUARETABLES:0.5142109964093909
C_MOBILITY:0.4753766188717752
C_KINGSAFETY:0.5580001669531014
C_PAWNSTRUCTURE:0.4681205300382462
C_PIECECOORDINATION:0.5160934199562427
C_ROOKANDPAWNMOVEMENT:0.5160934199562427
C_CENTERCONTROL:0.5292398659384798
C_DEVELOPPIECES:0.5178643136486631
C_MATERIAL:0.48552238334103537
C_MOVECOUNT:0.5319791402208489
