ELO:959
CE_PASSEDPAWNS:0.48389167601851746
CE_PAWNWEAKNESSES:0.45242222033737145
CE_PIECEACTIVITY:0.489255337575923
CE_KINGPAWNSHIELD:0.5062633045094983
CE_PIECECOORDINATION:0.47840904487472896
CE_MATERIAL:0.5079863360619981
CE_KINGSAFETY:0.49744534347734176
C_PIECESQUARETABLES:0.49268081479979314
C_MOBILITY:0.5005516711317132
C_KINGSAFETY:0.5017542474502842
C_PAWNSTRUCTURE:0.4996544477230557
C_PIECECOORDINATION:0.49327181806001
C_ROOK:0.5093416044916278
CE_ROOK:0.5110609599253335
C_CENTERCONTROL:0.49832496691056355
C_DEVELOPPIECES:0.5159851243109242
C_MATERIAL:0.5139117809957461
C_MOVECOUNT:0.531051587045868
C_PAWNMOVEMENT:0.5061453682851849
