ELO:1000
CE_PASSEDPAWNS:0.49129066333015853
CE_PAWNWEAKNESSES:0.5064760334765464
CE_PIECEACTIVITY:0.5
CE_KINGPAWNSHIELD:0.49981639015328516
CE_PIECECOORDINATION:0.489164841278385
CE_MATERIAL:0.488254585221073
CE_KINGSAFETY:0.5
C_PIECESQUARETABLES:0.5
C_MOBILITY:0.5110716280223945
C_KINGSAFETY:0.49972929425206875
C_PAWNSTRUCTURE:0.5
C_PIECECOORDINATION:0.5
C_ROOK:0.5090139908974852
CE_ROOK:0.5
C_CENTERCONTROL:0.5
C_DEVELOPPIECES:0.5040136918769583
C_MATERIAL:0.5
C_MOVECOUNT:0.5006935918684423
C_PAWNMOVEMENT:0.5091171971095164
