ELO:969
CE_PASSEDPAWNS:0.4900794497038962
CE_PAWNWEAKNESSES:0.5119773479940953
CE_PIECEACTIVITY:0.48930034580023035
CE_KINGPAWNSHIELD:0.503076597436271
CE_PIECECOORDINATION:0.5208433877884806
CE_MATERIAL:0.5181118800115283
CE_KINGSAFETY:0.5
C_PIECESQUARETABLES:0.5
C_MOBILITY:0.5121593629861179
C_KINGSAFETY:0.482922751124279
C_PAWNSTRUCTURE:0.5131685097921278
C_PIECECOORDINATION:0.5131538031977584
C_ROOK:0.4928036586473775
CE_ROOK:0.5518544888306097
C_CENTERCONTROL:0.5534623204558115
C_DEVELOPPIECES:0.4561779260494287
C_MATERIAL:0.5224415488522008
C_MOVECOUNT:0.5357795747170718
C_PAWNMOVEMENT:0.5245578243515557
