ELO:1000
CE_PASSEDPAWNS:0.5077211421815503
CE_PAWNWEAKNESSES:0.5202023612389879
CE_PIECEACTIVITY:0.4634774041893541
CE_KINGPAWNSHIELD:0.48348730357243314
CE_PIECECOORDINATION:0.5039331483040538
CE_MATERIAL:0.4932489452779231
CE_KINGSAFETY:0.45162842341315085
C_PIECESQUARETABLES:0.46107611500001167
C_MOBILITY:0.5149093814765624
C_KINGSAFETY:0.4842413372324789
C_PAWNSTRUCTURE:0.46392130957478234
C_PIECECOORDINATION:0.4738220456469577
C_ROOKANDPAWNMOVEMENT:0.4738220456469577
C_CENTERCONTROL:0.5694562457078755
C_DEVELOPPIECES:0.4830803590291812
C_MATERIAL:0.5382734661825989
