ELO:937
CE_PASSEDPAWNS:0.4938089891968634
CE_PAWNWEAKNESSES:0.4642836311163191
CE_PIECEACTIVITY:0.4433364564053957
CE_KINGPAWNSHIELD:0.4765583313314918
CE_PIECECOORDINATION:0.5103142095186637
CE_MATERIAL:0.5168547646628695
CE_KINGSAFETY:0.5020912705578203
C_PIECESQUARETABLES:0.4941364682106687
C_MOBILITY:0.534667423286299
C_KINGSAFETY:0.4577525444995652
C_PAWNSTRUCTURE:0.42334581619712286
C_PIECECOORDINATION:0.5084101038540194
C_ROOK:0.5206215170013228
CE_ROOK:0.5950271427071373
C_CENTERCONTROL:0.47711881847842397
C_DEVELOPPIECES:0.4829389466103408
C_MATERIAL:0.5380707426779532
C_MOVECOUNT:0.5107875812696747
C_PAWNMOVEMENT:0.5191095156128885
