ELO:905
CE_PASSEDPAWNS:0.48487643174056855
CE_PAWNWEAKNESSES:0.4716144620587185
CE_PIECEACTIVITY:0.45747521094619714
CE_KINGPAWNSHIELD:0.483973755413722
CE_PIECECOORDINATION:0.5103142095186637
CE_MATERIAL:0.5094314729214887
CE_KINGSAFETY:0.5
C_PIECESQUARETABLES:0.5131637115534524
C_MOBILITY:0.5310126813080048
C_KINGSAFETY:0.4755244851919549
C_PAWNSTRUCTURE:0.42334581619712286
C_PIECECOORDINATION:0.5031709026198188
C_ROOK:0.5313128929036892
CE_ROOK:0.5910363403099637
C_CENTERCONTROL:0.47452519801533627
C_DEVELOPPIECES:0.46496559279155075
C_MATERIAL:0.5380707426779532
C_MOVECOUNT:0.5164794440825574
C_PAWNMOVEMENT:0.5014254214480691
