ELO:955
CE_PASSEDPAWNS:0.4978422537570278
CE_PAWNWEAKNESSES:0.49970693116501214
CE_PIECEACTIVITY:0.538169047068227
CE_KINGPAWNSHIELD:0.4806621617438965
CE_PIECECOORDINATION:0.48774449312142043
CE_MATERIAL:0.5558735152961783
CE_KINGSAFETY:0.489649384028821
C_PIECESQUARETABLES:0.4995772983507016
C_MOBILITY:0.534667423286299
C_KINGSAFETY:0.5031161961979351
C_PAWNSTRUCTURE:0.42334581619712286
C_PIECECOORDINATION:0.5027445464555604
C_ROOK:0.4993782569655039
CE_ROOK:0.5379188002110605
C_CENTERCONTROL:0.4697479628481828
C_DEVELOPPIECES:0.4733322618247001
C_MATERIAL:0.4402368745821898
C_MOVECOUNT:0.510902853622266
C_PAWNMOVEMENT:0.5178926055237716
