ELO:1031
CE_PASSEDPAWNS:0.5083267754144815
CE_PAWNWEAKNESSES:0.4912631104166336
CE_PIECEACTIVITY:0.4971577073402031
CE_KINGPAWNSHIELD:0.5087101191842174
CE_PIECECOORDINATION:0.5
CE_MATERIAL:0.5
CE_KINGSAFETY:0.5
C_PIECESQUARETABLES:0.5
C_MOBILITY:0.5
C_KINGSAFETY:0.5
C_PAWNSTRUCTURE:0.5
C_PIECECOORDINATION:0.5
C_ROOKANDPAWNMOVEMENT:0.5
C_CENTERCONTROL:0.5088668079002419
C_DEVELOPPIECES:0.5
C_MATERIAL:0.4957835497651402
