ELO:1023
CE_PASSEDPAWNS:0.6378547959921381
CE_PAWNWEAKNESSES:0.4504428415817178
CE_PIECEACTIVITY:0.44633916502672877
CE_KINGPAWNSHIELD:0.43074831060475177
CE_PIECECOORDINATION:0.4831440160072847
CE_MATERIAL:0.43373610945578356
CE_KINGSAFETY:0.4864231403265509
C_PIECESQUARETABLES:0.4773522079449906
C_MOBILITY:0.4149954931248406
C_KINGSAFETY:0.48455519777823075
C_PAWNSTRUCTURE:0.4600153712773109
C_PIECECOORDINATION:0.4873175199910854
C_ROOKANDPAWNMOVEMENT:0.4873175199910854
C_CENTERCONTROL:0.5195018587499939
C_DEVELOPPIECES:0.5534345132309694
C_MATERIAL:0.4427038200808896
