ELO:930
CE_PASSEDPAWNS:0.4979395874696352
CE_PAWNWEAKNESSES:0.4641021468075304
CE_PIECEACTIVITY:0.5
CE_KINGPAWNSHIELD:0.4918803405965697
CE_PIECECOORDINATION:0.512350908050682
CE_MATERIAL:0.4788463582798767
CE_KINGSAFETY:0.5
C_PIECESQUARETABLES:0.5
C_MOBILITY:0.4762340967315721
C_KINGSAFETY:0.4877435061172632
C_PAWNSTRUCTURE:0.48706623391004766
C_PIECECOORDINATION:0.4667301468068255
C_ROOKANDPAWNMOVEMENT:0.4667301468068255
C_CENTERCONTROL:0.44184066897319596
C_DEVELOPPIECES:0.49891844694427717
C_MATERIAL:0.444914792710456
C_MOVECOUNT:0.5
