ELO:967
CE_PASSEDPAWNS:0.5
CE_PAWNWEAKNESSES:0.48871804938247376
CE_PIECEACTIVITY:0.4876643951471954
CE_KINGPAWNSHIELD:0.5
CE_PIECECOORDINATION:0.5018340799415553
CE_MATERIAL:0.4838897303042868
CE_KINGSAFETY:0.48527883950085615
C_PIECESQUARETABLES:0.5
C_MOBILITY:0.5084634123103398
C_KINGSAFETY:0.4753287147006537
C_PAWNSTRUCTURE:0.4985680073019743
C_PIECECOORDINATION:0.512392216988795
C_ROOKANDPAWNMOVEMENT:0.512392216988795
C_CENTERCONTROL:0.5237075934744579
C_DEVELOPPIECES:0.4797193347394293
C_MATERIAL:0.5086358860561557
C_MOVECOUNT:0.49051575597566066
