ELO:891
CE_PASSEDPAWNS:0.5831128648960898
CE_PAWNWEAKNESSES:0.5432846692053815
CE_PIECEACTIVITY:0.38876867847483737
CE_KINGPAWNSHIELD:0.5508092744944331
CE_PIECECOORDINATION:0.5297039807318473
CE_MATERIAL:0.4428382673040858
CE_KINGSAFETY:0.44043511023433646
C_PIECESQUARETABLES:0.5272210953246756
C_MOBILITY:0.5019015786102429
C_KINGSAFETY:0.49678132282388787
C_PAWNSTRUCTURE:0.4785372426353252
C_PIECECOORDINATION:0.5113173442215009
C_ROOKANDPAWNMOVEMENT:0.5113173442215009
C_CENTERCONTROL:0.41764534870402575
C_DEVELOPPIECES:0.5346142581430391
C_MATERIAL:0.49144047680193814
