ELO:917
CE_PASSEDPAWNS:0.4800350688695513
CE_PAWNWEAKNESSES:0.4572812060613141
CE_PIECEACTIVITY:0.5019001645769448
CE_KINGPAWNSHIELD:0.4998219103617872
CE_PIECECOORDINATION:0.4275255345062821
CE_MATERIAL:0.4897946642284316
CE_KINGSAFETY:0.4658374626967933
C_PIECESQUARETABLES:0.5
C_MOBILITY:0.517913795556549
C_KINGSAFETY:0.5135554327971256
C_PAWNSTRUCTURE:0.5099399411777752
C_PIECECOORDINATION:0.4607036691161573
C_ROOKANDPAWNMOVEMENT:0.4607036691161573
C_CENTERCONTROL:0.508825790884665
C_DEVELOPPIECES:0.4643106376537587
C_MATERIAL:0.49526968638533214
C_MOVECOUNT:0.5
