ELO:920
CE_PASSEDPAWNS:0.46535527740836674
CE_PAWNWEAKNESSES:0.580868461271638
CE_PIECEACTIVITY:0.42361923655630007
CE_KINGPAWNSHIELD:0.5203230408078252
CE_PIECECOORDINATION:0.47518677890197897
CE_MATERIAL:0.4455158092454229
CE_KINGSAFETY:0.5162386523748815
C_PIECESQUARETABLES:0.5078270946367128
C_MOBILITY:0.5112604953357528
C_KINGSAFETY:0.4254056616322723
C_PAWNSTRUCTURE:0.5043639270678447
C_PIECECOORDINATION:0.5623464843215388
C_ROOKANDPAWNMOVEMENT:0.5623464843215388
C_CENTERCONTROL:0.4703152134519595
C_DEVELOPPIECES:0.5242525880285462
C_MATERIAL:0.46934484705166346
