ELO:907
CE_PASSEDPAWNS:0.5041641202809973
CE_PAWNWEAKNESSES:0.5054325717351017
CE_PIECEACTIVITY:0.5046484438660014
CE_KINGPAWNSHIELD:0.47933481780277026
CE_PIECECOORDINATION:0.5038380825779487
CE_MATERIAL:0.5108526829846595
CE_KINGSAFETY:0.46621865367336796
C_PIECESQUARETABLES:0.4775883215911314
C_MOBILITY:0.5134378073973088
C_KINGSAFETY:0.475925125342301
C_PAWNSTRUCTURE:0.4878464367164054
C_PIECECOORDINATION:0.480137908206202
C_ROOKANDPAWNMOVEMENT:0.480137908206202
C_CENTERCONTROL:0.5233865152651475
C_DEVELOPPIECES:0.5026519101359701
C_MATERIAL:0.5034956055031148
