ELO:920
CE_PASSEDPAWNS:0.4556459169098039
CE_PAWNWEAKNESSES:0.5692113012466554
CE_PIECEACTIVITY:0.41313328971263563
CE_KINGPAWNSHIELD:0.5352535705880089
CE_PIECECOORDINATION:0.46664164053277535
CE_MATERIAL:0.47260678949585083
CE_KINGSAFETY:0.5024022216407358
C_PIECESQUARETABLES:0.5331511115364838
C_MOBILITY:0.46984032062453956
C_KINGSAFETY:0.4358574944754991
C_PAWNSTRUCTURE:0.5134818599186224
C_PIECECOORDINATION:0.5668831629919057
C_ROOKANDPAWNMOVEMENT:0.5668831629919057
C_CENTERCONTROL:0.4292741204405473
C_DEVELOPPIECES:0.5089832642512818
C_MATERIAL:0.4627767346824291
