ELO:746
CE_PASSEDPAWNS:0.5299683238960313
CE_PAWNWEAKNESSES:0.5402621095787724
CE_PIECEACTIVITY:0.3725740045443503
CE_KINGPAWNSHIELD:0.4734324124675249
CE_PIECECOORDINATION:0.5276428495067012
CE_MATERIAL:0.5059586539121178
CE_KINGSAFETY:0.43595613891501694
C_PIECESQUARETABLES:0.3757737620336093
C_MOBILITY:0.37843832675620165
C_KINGSAFETY:0.4643692905987191
C_PAWNSTRUCTURE:0.5796084973463238
C_PIECECOORDINATION:0.5509096244472526
C_ROOKANDPAWNMOVEMENT:0.5509096244472526
C_CENTERCONTROL:0.5475215532768231
C_DEVELOPPIECES:0.4537232882814902
C_MATERIAL:0.5160325209915472
C_MOVECOUNT:0.5
