ELO:922
CE_PASSEDPAWNS:0.5670626427404786
CE_PAWNWEAKNESSES:0.542415492731242
CE_PIECEACTIVITY:0.410532849797708
CE_KINGPAWNSHIELD:0.4785193078946033
CE_PIECECOORDINATION:0.5247650230680181
CE_MATERIAL:0.4177261957064997
CE_KINGSAFETY:0.49833595172116246
C_PIECESQUARETABLES:0.5069791633641889
C_MOBILITY:0.529375007533745
C_KINGSAFETY:0.5733355756786236
C_PAWNSTRUCTURE:0.515900386140046
C_PIECECOORDINATION:0.5831083142164799
C_ROOKANDPAWNMOVEMENT:0.5831083142164799
C_CENTERCONTROL:0.5265000138890726
C_DEVELOPPIECES:0.4817526043403313
C_MATERIAL:0.5589963008570719
