ELO:883
CE_PASSEDPAWNS:0.5017217421489057
CE_PAWNWEAKNESSES:0.5435223495272907
CE_PIECEACTIVITY:0.4711892939641409
CE_KINGPAWNSHIELD:0.4855493992236685
CE_PIECECOORDINATION:0.519009879885774
CE_MATERIAL:0.5064763416039455
CE_KINGSAFETY:0.46983523706341257
C_PIECESQUARETABLES:0.42187019123390634
C_MOBILITY:0.47070967493456406
C_KINGSAFETY:0.4895483136300408
C_PAWNSTRUCTURE:0.5257557670532438
C_PIECECOORDINATION:0.545718318676635
C_ROOKANDPAWNMOVEMENT:0.545718318676635
C_CENTERCONTROL:0.5320229394619357
C_DEVELOPPIECES:0.47087577832085004
C_MATERIAL:0.5370459687302889
C_MOVECOUNT:0.5
