ELO:804
CE_PASSEDPAWNS:0.4740223141238597
CE_PAWNWEAKNESSES:0.5273429225038828
CE_PIECEACTIVITY:0.5125638994211045
CE_KINGPAWNSHIELD:0.48792602134273566
CE_PIECECOORDINATION:0.4003766389987807
CE_MATERIAL:0.5490599527622626
CE_KINGSAFETY:0.4963084744070538
C_PIECESQUARETABLES:0.48932734891734875
C_MOBILITY:0.5055949626112024
C_KINGSAFETY:0.425248394246183
C_PAWNSTRUCTURE:0.47968205106099565
C_PIECECOORDINATION:0.5073738759845686
C_ROOKANDPAWNMOVEMENT:0.5073738759845686
C_CENTERCONTROL:0.49013802947630347
C_DEVELOPPIECES:0.5889903826375784
C_MATERIAL:0.5059009859932169
C_MOVECOUNT:0.4986588625552757
