ELO:999
CE_PASSEDPAWNS:0.5
CE_PAWNWEAKNESSES:0.48955733016592906
CE_PIECEACTIVITY:0.5
CE_KINGPAWNSHIELD:0.4930721192239968
CE_PIECECOORDINATION:0.5
CE_MATERIAL:0.5
CE_KINGSAFETY:0.5
C_PIECESQUARETABLES:0.5
C_MOBILITY:0.4970505038186432
C_KINGSAFETY:0.5016749540409142
C_PAWNSTRUCTURE:0.5027976230357311
C_PIECECOORDINATION:0.5
C_ROOKANDPAWNMOVEMENT:0.5
C_CENTERCONTROL:0.5103357732978583
C_DEVELOPPIECES:0.5
C_MATERIAL:0.5
C_MOVECOUNT:0.5102230170495876
