ELO:1011
CE_PASSEDPAWNS:0.4830823450993661
CE_PAWNWEAKNESSES:0.483415461790615
CE_PIECEACTIVITY:0.49607853506020144
CE_KINGPAWNSHIELD:0.4996552307072707
CE_PIECECOORDINATION:0.49471372805731867
CE_MATERIAL:0.49387734764686975
CE_KINGSAFETY:0.5
C_PIECESQUARETABLES:0.5
C_MOBILITY:0.5014640266235872
C_KINGSAFETY:0.49006913785506184
C_PAWNSTRUCTURE:0.4859267463608704
C_PIECECOORDINATION:0.502393833119759
C_ROOK:0.48607864442965976
CE_ROOK:0.4788438337428083
C_CENTERCONTROL:0.4885014735325812
C_DEVELOPPIECES:0.4997824206897802
C_MATERIAL:0.5121962639220392
C_MOVECOUNT:0.4980037723595362
C_PAWNMOVEMENT:0.4870259075401598
