ELO:867
CE_PASSEDPAWNS:0.4782348243122048
CE_PAWNWEAKNESSES:0.5205988811615254
CE_PIECEACTIVITY:0.4870113858202984
CE_KINGPAWNSHIELD:0.4581969618142881
CE_PIECECOORDINATION:0.5089599675966717
CE_MATERIAL:0.48808225046006953
CE_KINGSAFETY:0.5
C_PIECESQUARETABLES:0.5
C_MOBILITY:0.4754155593718032
C_KINGSAFETY:0.5291713117991007
C_PAWNSTRUCTURE:0.45864376192224393
C_PIECECOORDINATION:0.44835989829344547
C_ROOKANDPAWNMOVEMENT:0.44835989829344547
C_CENTERCONTROL:0.4990371805235715
C_DEVELOPPIECES:0.5202836958764316
C_MATERIAL:0.5098626757128759
C_MOVECOUNT:0.5
