ELO:996
CE_PASSEDPAWNS:0.5
CE_PAWNWEAKNESSES:0.5
CE_PIECEACTIVITY:0.5016612162168562
CE_KINGPAWNSHIELD:0.4971634277910031
CE_PIECECOORDINATION:0.5
CE_MATERIAL:0.5019173532198
CE_KINGSAFETY:0.5
C_PIECESQUARETABLES:0.5119815556585968
C_MOBILITY:0.5029372853036285
C_KINGSAFETY:0.4937479969922139
C_PAWNSTRUCTURE:0.49368127695817426
C_PIECECOORDINATION:0.4915630999346286
C_ROOKANDPAWNMOVEMENT:0.4915630999346286
C_CENTERCONTROL:0.4942118255319425
C_DEVELOPPIECES:0.5043519624701964
C_MATERIAL:0.5122820217240858
