ELO:923
CE_PASSEDPAWNS:0.48152058421947463
CE_PAWNWEAKNESSES:0.5711098034348173
CE_PIECEACTIVITY:0.426515529166052
CE_KINGPAWNSHIELD:0.5343781355072406
CE_PIECECOORDINATION:0.470207593418124
CE_MATERIAL:0.45874362119756723
CE_KINGSAFETY:0.5048035497059493
C_PIECESQUARETABLES:0.4937532678679219
C_MOBILITY:0.5020474377763282
C_KINGSAFETY:0.43280312124790354
C_PAWNSTRUCTURE:0.4723172609186564
C_PIECECOORDINATION:0.5755096427951475
C_ROOKANDPAWNMOVEMENT:0.5755096427951475
C_CENTERCONTROL:0.4884378368378294
C_DEVELOPPIECES:0.4945633734358877
C_MATERIAL:0.45793458199733
