ELO:1000
CE_PASSEDPAWNS:0.49701303683878295
CE_PAWNWEAKNESSES:0.5115236299289012
CE_PIECEACTIVITY:0.4732133785644296
CE_KINGPAWNSHIELD:0.5039942882948151
CE_PIECECOORDINATION:0.5361754228713115
CE_MATERIAL:0.4923858086942578
CE_KINGSAFETY:0.5098320171023101
C_PIECESQUARETABLES:0.4987181880101278
C_MOBILITY:0.5006312191680015
C_KINGSAFETY:0.5106747077006163
C_PAWNSTRUCTURE:0.5019910648684802
C_PIECECOORDINATION:0.525111894482003
C_ROOKANDPAWNMOVEMENT:0.525111894482003
C_CENTERCONTROL:0.47107922794182766
C_DEVELOPPIECES:0.48303254407581037
C_MATERIAL:0.5309180061971319
