ELO:1007
CE_PASSEDPAWNS:0.5158475457616614
CE_PAWNWEAKNESSES:0.4770307176265445
CE_PIECEACTIVITY:0.5
CE_KINGPAWNSHIELD:0.4965153739995127
CE_PIECECOORDINATION:0.4931537489723708
CE_MATERIAL:0.5060297191072396
CE_KINGSAFETY:0.5
C_PIECESQUARETABLES:0.4769170735669897
C_MOBILITY:0.5
C_KINGSAFETY:0.4973658703860181
C_PAWNSTRUCTURE:0.48678666760665307
C_PIECECOORDINATION:0.4988396984204903
C_ROOKANDPAWNMOVEMENT:0.4988396984204903
C_CENTERCONTROL:0.4945793400398059
C_DEVELOPPIECES:0.4998077009497581
C_MATERIAL:0.5152841741004512
C_MOVECOUNT:0.4795388659517698
