ELO:1000
CE_PASSEDPAWNS:0.4864171115054465
CE_PAWNWEAKNESSES:0.5379161829170953
CE_PIECEACTIVITY:0.46264899392207565
CE_KINGPAWNSHIELD:0.5298015029892039
CE_PIECECOORDINATION:0.48306990718617715
CE_MATERIAL:0.5106203983178533
CE_KINGSAFETY:0.4893207797734219
C_PIECESQUARETABLES:0.4775601099768976
C_MOBILITY:0.48451212211604733
C_KINGSAFETY:0.47531942094680274
C_PAWNSTRUCTURE:0.48481387202894527
C_PIECECOORDINATION:0.5260764044708973
C_ROOKANDPAWNMOVEMENT:0.5260764044708973
C_CENTERCONTROL:0.488474521156207
C_DEVELOPPIECES:0.47017602654210605
C_MATERIAL:0.48167415442492967
