ELO:888
CE_PASSEDPAWNS:0.44908002840362143
CE_PAWNWEAKNESSES:0.502459893269239
CE_PIECEACTIVITY:0.3784444611917966
CE_KINGPAWNSHIELD:0.4914419177775748
CE_PIECECOORDINATION:0.5476457293905924
CE_MATERIAL:0.41730723258958724
CE_KINGSAFETY:0.4829422520584493
C_PIECESQUARETABLES:0.5442930920989645
C_MOBILITY:0.4822567727627618
C_KINGSAFETY:0.5197178348176321
C_PAWNSTRUCTURE:0.4719855191530952
C_PIECECOORDINATION:0.46512407746219614
C_ROOKANDPAWNMOVEMENT:0.46512407746219614
C_CENTERCONTROL:0.43865848485854675
C_DEVELOPPIECES:0.512795699141248
C_MATERIAL:0.4734315491658852
C_MOVECOUNT:0.49558333486044254
