ELO:787
CE_PASSEDPAWNS:0.5222313449382378
CE_PAWNWEAKNESSES:0.5272506977080348
CE_PIECEACTIVITY:0.4404706879154582
CE_KINGPAWNSHIELD:0.47524699838488355
CE_PIECECOORDINATION:0.5383033270689436
CE_MATERIAL:0.5076865350805821
CE_KINGSAFETY:0.45442009082627044
C_PIECESQUARETABLES:0.40908636874505144
C_MOBILITY:0.456537307041033
C_KINGSAFETY:0.4949091075874806
C_PAWNSTRUCTURE:0.5644617070673491
C_PIECECOORDINATION:0.5380594953018277
C_ROOKANDPAWNMOVEMENT:0.5380594953018277
C_CENTERCONTROL:0.5272287746385877
C_DEVELOPPIECES:0.4598307166044568
C_MATERIAL:0.5324490124029896
C_MOVECOUNT:0.5
