ELO:966
CE_PASSEDPAWNS:0.5135846966445352
CE_PAWNWEAKNESSES:0.5183781349981716
CE_PIECEACTIVITY:0.5046484438660014
CE_KINGPAWNSHIELD:0.4928533469992858
CE_PIECECOORDINATION:0.5205630631358681
CE_MATERIAL:0.5163753842735201
CE_KINGSAFETY:0.48907188201461566
C_PIECESQUARETABLES:0.4775883215911314
C_MOBILITY:0.5252052878066177
C_KINGSAFETY:0.46927058541109445
C_PAWNSTRUCTURE:0.49893769093679047
C_PIECECOORDINATION:0.46187991010559987
C_ROOKANDPAWNMOVEMENT:0.46187991010559987
C_CENTERCONTROL:0.5265802357299711
C_DEVELOPPIECES:0.507512258407657
C_MATERIAL:0.511416470554485
