ELO:1001
CE_PASSEDPAWNS:0.507382649698263
CE_PAWNWEAKNESSES:0.49872959034490016
CE_PIECEACTIVITY:0.49607853506020144
CE_KINGPAWNSHIELD:0.47044298087866615
CE_PIECECOORDINATION:0.5146556660273499
CE_MATERIAL:0.4780527585395552
CE_KINGSAFETY:0.5
C_PIECESQUARETABLES:0.5
C_MOBILITY:0.5446054300523895
C_KINGSAFETY:0.49006913785506184
C_PAWNSTRUCTURE:0.5247840182821865
C_PIECECOORDINATION:0.5113338472141999
C_ROOK:0.4886227711790178
CE_ROOK:0.479067990043031
C_CENTERCONTROL:0.5051048576024311
C_DEVELOPPIECES:0.5
C_MATERIAL:0.48953476232607335
C_MOVECOUNT:0.47129728408221805
C_PAWNMOVEMENT:0.5286183012937419
