ELO:923
CE_PASSEDPAWNS:0.45314611235422864
CE_PAWNWEAKNESSES:0.5485216969694033
CE_PIECEACTIVITY:0.4903867051601721
CE_KINGPAWNSHIELD:0.5697421308021929
CE_PIECECOORDINATION:0.5015261622400186
CE_MATERIAL:0.54521336096569
CE_KINGSAFETY:0.52538442757368
C_PIECESQUARETABLES:0.5522993683148051
C_MOBILITY:0.4905325245264444
C_KINGSAFETY:0.5019968802336359
C_PAWNSTRUCTURE:0.42427080015420093
C_PIECECOORDINATION:0.46640426553874853
C_ROOKANDPAWNMOVEMENT:0.46640426553874853
C_CENTERCONTROL:0.5712489695832094
C_DEVELOPPIECES:0.48487779698503186
C_MATERIAL:0.39011907358712916
