ELO:920
CE_PASSEDPAWNS:0.5124797115777092
CE_PAWNWEAKNESSES:0.4446813462190412
CE_PIECEACTIVITY:0.5119103851655274
CE_KINGPAWNSHIELD:0.5134449888949707
CE_PIECECOORDINATION:0.5371868962233096
CE_MATERIAL:0.430295489690619
CE_KINGSAFETY:0.5
C_PIECESQUARETABLES:0.5
C_MOBILITY:0.4544072092316323
C_KINGSAFETY:0.5051042748977143
C_PAWNSTRUCTURE:0.5
C_PIECECOORDINATION:0.5266187511024933
C_ROOKANDPAWNMOVEMENT:0.5266187511024933
C_CENTERCONTROL:0.4975553611963142
C_DEVELOPPIECES:0.490501647611751
C_MATERIAL:0.5
C_MOVECOUNT:0.5
