ELO:1000
CE_PASSEDPAWNS:0.5179383094791964
CE_PAWNWEAKNESSES:0.5384561215059017
CE_PIECEACTIVITY:0.4538963348581697
CE_KINGPAWNSHIELD:0.5401973595434275
CE_PIECECOORDINATION:0.4588957751323075
CE_MATERIAL:0.4861435773161775
CE_KINGSAFETY:0.4532474250647608
C_PIECESQUARETABLES:0.45378451693456423
C_MOBILITY:0.5056038243209499
C_KINGSAFETY:0.4671522087406315
C_PAWNSTRUCTURE:0.4739498749081889
C_PIECECOORDINATION:0.5325146483275743
C_ROOKANDPAWNMOVEMENT:0.5325146483275743
C_CENTERCONTROL:0.4917539340647885
C_DEVELOPPIECES:0.48365215526752064
C_MATERIAL:0.465644316897751
