ELO:893
CE_PASSEDPAWNS:0.5624248036486512
CE_PAWNWEAKNESSES:0.5519370653193401
CE_PIECEACTIVITY:0.3968495081713163
CE_KINGPAWNSHIELD:0.5227575373598001
CE_PIECECOORDINATION:0.4922377107183221
CE_MATERIAL:0.438041572389882
CE_KINGSAFETY:0.4398884357329154
C_PIECESQUARETABLES:0.5312597107861723
C_MOBILITY:0.5019015786102429
C_KINGSAFETY:0.4842186970442364
C_PAWNSTRUCTURE:0.47183003592527295
C_PIECECOORDINATION:0.5229786559785785
C_ROOKANDPAWNMOVEMENT:0.5229786559785785
C_CENTERCONTROL:0.4080872019342818
C_DEVELOPPIECES:0.5258143326896322
C_MATERIAL:0.4854055806427862
