ELO:983
CE_PASSEDPAWNS:0.4992697042287665
CE_PAWNWEAKNESSES:0.5525461417368996
CE_PIECEACTIVITY:0.48022071983249226
CE_KINGPAWNSHIELD:0.4599023178042636
CE_PIECECOORDINATION:0.5204222174392596
CE_MATERIAL:0.48025487138274553
CE_KINGSAFETY:0.5108961617687637
C_PIECESQUARETABLES:0.5469263398267886
C_MOBILITY:0.4925240641265797
C_KINGSAFETY:0.5621701717793491
C_PAWNSTRUCTURE:0.45900717122240403
C_PIECECOORDINATION:0.5709199426157617
C_ROOKANDPAWNMOVEMENT:0.5709199426157617
C_CENTERCONTROL:0.46941826425959643
C_DEVELOPPIECES:0.44886105920502267
C_MATERIAL:0.538749199064126
