ELO:911
CE_PASSEDPAWNS:0.42385119171646846
CE_PAWNWEAKNESSES:0.5221103117399531
CE_PIECEACTIVITY:0.3937694879646784
CE_KINGPAWNSHIELD:0.47058584821269495
CE_PIECECOORDINATION:0.5601192034332084
CE_MATERIAL:0.45076159730100485
CE_KINGSAFETY:0.5057607934390943
C_PIECESQUARETABLES:0.5327173019728472
C_MOBILITY:0.4668760369899551
C_KINGSAFETY:0.5049822930100746
C_PAWNSTRUCTURE:0.48339600847847264
C_PIECECOORDINATION:0.4863283590638593
C_ROOKANDPAWNMOVEMENT:0.4863283590638593
C_CENTERCONTROL:0.4495285224486575
C_DEVELOPPIECES:0.5231907292975327
C_MATERIAL:0.46689653079762816
C_MOVECOUNT:0.49483927955321
