ELO:1000
CE_PASSEDPAWNS:0.4840632944183007
CE_PAWNWEAKNESSES:0.5445998381553744
CE_PIECEACTIVITY:0.4568372668027847
CE_KINGPAWNSHIELD:0.5532398768524716
CE_PIECECOORDINATION:0.4655098394539409
CE_MATERIAL:0.4780805444112525
CE_KINGSAFETY:0.44257927959340193
C_PIECESQUARETABLES:0.466824533867218
C_MOBILITY:0.48986193739963146
C_KINGSAFETY:0.47087288673837113
C_PAWNSTRUCTURE:0.4739498749081889
C_PIECECOORDINATION:0.5369563893098702
C_ROOKANDPAWNMOVEMENT:0.5369563893098702
C_CENTERCONTROL:0.5021439880722768
C_DEVELOPPIECES:0.5096189705006484
C_MATERIAL:0.48399075323534774
