ELO:1009
CE_PASSEDPAWNS:0.5
CE_PAWNWEAKNESSES:0.5135796118278534
CE_PIECEACTIVITY:0.5079026379709962
CE_KINGPAWNSHIELD:0.5065525002119509
CE_PIECECOORDINATION:0.49584405896697825
CE_MATERIAL:0.5060297191072396
CE_KINGSAFETY:0.5
C_PIECESQUARETABLES:0.5
C_MOBILITY:0.49751862085667947
C_KINGSAFETY:0.5
C_PAWNSTRUCTURE:0.4981433109519832
C_PIECECOORDINATION:0.5
C_ROOKANDPAWNMOVEMENT:0.5
C_CENTERCONTROL:0.4945793400398059
C_DEVELOPPIECES:0.5
C_MATERIAL:0.49270858215404
C_MOVECOUNT:0.5077963785185208
