ELO:1021
CE_PASSEDPAWNS:0.4791350963151497
CE_PAWNWEAKNESSES:0.4929699648182608
CE_PIECEACTIVITY:0.503546042562659
CE_KINGPAWNSHIELD:0.5008767689313647
CE_PIECECOORDINATION:0.5020687518206898
CE_MATERIAL:0.5172347547921693
CE_KINGSAFETY:0.5118817687760657
C_PIECESQUARETABLES:0.48076497358588166
C_MOBILITY:0.5
C_KINGSAFETY:0.49799187277146034
C_PAWNSTRUCTURE:0.5
C_PIECECOORDINATION:0.48825813163637394
C_ROOKANDPAWNMOVEMENT:0.48825813163637394
C_CENTERCONTROL:0.5
C_DEVELOPPIECES:0.4842028227216144
C_MATERIAL:0.4843730730647659
C_MOVECOUNT:0.5
