ELO:1005
CE_PASSEDPAWNS:0.5129077701767458
CE_PAWNWEAKNESSES:0.4951944226220886
CE_PIECEACTIVITY:0.5
CE_KINGPAWNSHIELD:0.5108789478555377
CE_PIECECOORDINATION:0.5006078218604305
CE_MATERIAL:0.5112919844565783
CE_KINGSAFETY:0.5
C_PIECESQUARETABLES:0.5183432211012236
C_MOBILITY:0.49815005319668537
C_KINGSAFETY:0.4873999664577701
C_PAWNSTRUCTURE:0.4863089609147292
C_PIECECOORDINATION:0.5
C_ROOK:0.5
CE_ROOK:0.5
C_CENTERCONTROL:0.5104296995766281
C_DEVELOPPIECES:0.47699368346734866
C_MATERIAL:0.5
C_MOVECOUNT:0.5
C_PAWNMOVEMENT:0.5
