ELO:994
CE_PASSEDPAWNS:0.49258687529594
CE_PAWNWEAKNESSES:0.5164753791804529
CE_PIECEACTIVITY:0.46765822167059595
CE_KINGPAWNSHIELD:0.49645520378372376
CE_PIECECOORDINATION:0.5204382952921428
CE_MATERIAL:0.5
CE_KINGSAFETY:0.5
C_PIECESQUARETABLES:0.5
C_MOBILITY:0.5136440417553039
C_KINGSAFETY:0.46890612950124755
C_PAWNSTRUCTURE:0.496701342524089
C_PIECECOORDINATION:0.5178963917177585
C_ROOK:0.5244386712091323
CE_ROOK:0.4586244542090597
C_CENTERCONTROL:0.5201308160764048
C_DEVELOPPIECES:0.5382353483005021
C_MATERIAL:0.5081044061178691
C_MOVECOUNT:0.4806492313286137
C_PAWNMOVEMENT:0.48965076279003683
