ELO:1020
CE_PASSEDPAWNS:0.5202047592027715
CE_PAWNWEAKNESSES:0.49700010940072165
CE_PIECEACTIVITY:0.49607853506020144
CE_KINGPAWNSHIELD:0.5120062770961185
CE_PIECECOORDINATION:0.4899103651352972
CE_MATERIAL:0.48857636472926436
CE_KINGSAFETY:0.5
C_PIECESQUARETABLES:0.5
C_MOBILITY:0.4840701165601854
C_KINGSAFETY:0.5084578881449698
C_PAWNSTRUCTURE:0.5084595362142612
C_PIECECOORDINATION:0.5411358506732914
C_ROOK:0.5116609376578799
CE_ROOK:0.4593527342123687
C_CENTERCONTROL:0.47546309063142794
C_DEVELOPPIECES:0.5254485109542685
C_MATERIAL:0.5099790927186645
C_MOVECOUNT:0.4893946631901586
C_PAWNMOVEMENT:0.5278017375887827
