ELO:940
CE_PASSEDPAWNS:0.5832670059983494
CE_PAWNWEAKNESSES:0.551293554653067
CE_PIECEACTIVITY:0.3930310153286969
CE_KINGPAWNSHIELD:0.4795026104733249
CE_PIECECOORDINATION:0.5076999755498534
CE_MATERIAL:0.4245746492839699
CE_KINGSAFETY:0.4957058592535304
C_PIECESQUARETABLES:0.5087911469124335
C_MOBILITY:0.5309775086910358
C_KINGSAFETY:0.5906881061041781
C_PAWNSTRUCTURE:0.5502309175769293
C_PIECECOORDINATION:0.5876168802698114
C_ROOKANDPAWNMOVEMENT:0.5876168802698114
C_CENTERCONTROL:0.5318838654342872
C_DEVELOPPIECES:0.4947671168953458
C_MATERIAL:0.58877990312992
