ELO:718
CE_PASSEDPAWNS:0.5575738647255585
CE_PAWNWEAKNESSES:0.5302954702209085
CE_PIECEACTIVITY:0.4183324946350194
CE_KINGPAWNSHIELD:0.5187665079988386
CE_PIECECOORDINATION:0.48514964490279666
CE_MATERIAL:0.5244249418044319
CE_KINGSAFETY:0.5462282172132239
C_PIECESQUARETABLES:0.5093431622488713
C_MOBILITY:0.36110826032593024
C_KINGSAFETY:0.474322672337453
C_PAWNSTRUCTURE:0.5733631021238406
C_PIECECOORDINATION:0.58534117729022
C_ROOKANDPAWNMOVEMENT:0.58534117729022
C_CENTERCONTROL:0.5709630104037141
C_DEVELOPPIECES:0.4409597569318465
C_MATERIAL:0.5240052078847993
C_MOVECOUNT:0.5
