ELO:834
CE_PASSEDPAWNS:0.4641672107683857
CE_PAWNWEAKNESSES:0.46169871449174144
CE_PIECEACTIVITY:0.40242092331484847
CE_KINGPAWNSHIELD:0.5142822739348321
CE_PIECECOORDINATION:0.5417542598428416
CE_MATERIAL:0.55392121766006
CE_KINGSAFETY:0.5036503349639934
C_PIECESQUARETABLES:0.4907684207211899
C_MOBILITY:0.5271447600379702
C_KINGSAFETY:0.3782341241162971
C_PAWNSTRUCTURE:0.490886766658409
C_PIECECOORDINATION:0.6069570306704605
C_ROOKANDPAWNMOVEMENT:0.6069570306704605
C_CENTERCONTROL:0.4316532463248078
C_DEVELOPPIECES:0.661661499968182
C_MATERIAL:0.4201542322301418
