ELO:1049
CE_PASSEDPAWNS:0.6036778891251136
CE_PAWNWEAKNESSES:0.4272027144161359
CE_PIECEACTIVITY:0.4725473949763124
CE_KINGPAWNSHIELD:0.48514780781569933
CE_PIECECOORDINATION:0.435699885118876
CE_MATERIAL:0.4284976783545192
CE_KINGSAFETY:0.5048545197244974
C_PIECESQUARETABLES:0.5179855446382448
C_MOBILITY:0.36412064979365194
C_KINGSAFETY:0.5475581622061034
C_PAWNSTRUCTURE:0.4173561460814073
C_PIECECOORDINATION:0.48594207493527486
C_ROOKANDPAWNMOVEMENT:0.48594207493527486
C_CENTERCONTROL:0.5105960380820723
C_DEVELOPPIECES:0.6329645719352133
C_MATERIAL:0.4108941950294475
