ELO:897
CE_PASSEDPAWNS:0.5386266825535666
CE_PAWNWEAKNESSES:0.5605116490660961
CE_PIECEACTIVITY:0.4292306235293892
CE_KINGPAWNSHIELD:0.5190514070760116
CE_PIECECOORDINATION:0.49433875122941906
CE_MATERIAL:0.44528841130826274
CE_KINGSAFETY:0.4306798480103675
C_PIECESQUARETABLES:0.5282740000133107
C_MOBILITY:0.5001092437876418
C_KINGSAFETY:0.4640070454706222
C_PAWNSTRUCTURE:0.4807613369926928
C_PIECECOORDINATION:0.5055033951670108
C_ROOKANDPAWNMOVEMENT:0.5055033951670108
C_CENTERCONTROL:0.4055421390231194
C_DEVELOPPIECES:0.54601019486403
C_MATERIAL:0.4536952446798351
