ELO:1024
CE_PASSEDPAWNS:0.5202047592027715
CE_PAWNWEAKNESSES:0.5205415838800418
CE_PIECEACTIVITY:0.49204023118983425
CE_KINGPAWNSHIELD:0.5325070833713661
CE_PIECECOORDINATION:0.4899103651352972
CE_MATERIAL:0.5
CE_KINGSAFETY:0.5
C_PIECESQUARETABLES:0.5
C_MOBILITY:0.5028209787007483
C_KINGSAFETY:0.48406572747192883
C_PAWNSTRUCTURE:0.5
C_PIECECOORDINATION:0.5129933973770763
C_ROOK:0.4731768837174072
CE_ROOK:0.5166990486561499
C_CENTERCONTROL:0.4810832353263226
C_DEVELOPPIECES:0.5191630286740703
C_MATERIAL:0.5099790927186645
C_MOVECOUNT:0.4985606941527816
C_PAWNMOVEMENT:0.4890726682780991
