ELO:1000
CE_PASSEDPAWNS:0.49701303683878295
CE_PAWNWEAKNESSES:0.5250818225797792
CE_PIECEACTIVITY:0.5008774806619094
CE_KINGPAWNSHIELD:0.5106960947601948
CE_PIECECOORDINATION:0.5119806034865587
CE_MATERIAL:0.5082859587400883
CE_KINGSAFETY:0.4918682435251595
C_PIECESQUARETABLES:0.5337120983710973
C_MOBILITY:0.4939330071514134
C_KINGSAFETY:0.47860492297822904
C_PAWNSTRUCTURE:0.4939257799268143
C_PIECECOORDINATION:0.5156649905879305
C_ROOKANDPAWNMOVEMENT:0.5156649905879305
C_CENTERCONTROL:0.48784368029808345
C_DEVELOPPIECES:0.504731647734781
C_MATERIAL:0.5056564792198154
