ELO:968
CE_PASSEDPAWNS:0.484233468695887
CE_PAWNWEAKNESSES:0.49137155335417365
CE_PIECEACTIVITY:0.5016692545389883
CE_KINGPAWNSHIELD:0.4893286595667973
CE_PIECECOORDINATION:0.49706091509247263
CE_MATERIAL:0.4944260867766859
CE_KINGSAFETY:0.5085482613937405
C_PIECESQUARETABLES:0.4812759042000968
C_MOBILITY:0.4981659376037893
C_KINGSAFETY:0.493109331561671
C_PAWNSTRUCTURE:0.4948494800526448
C_PIECECOORDINATION:0.49622033792822784
C_ROOKANDPAWNMOVEMENT:0.49622033792822784
C_CENTERCONTROL:0.5140661090055301
C_DEVELOPPIECES:0.5006509389080869
C_MATERIAL:0.5135996888208577
