ELO:1012
CE_PASSEDPAWNS:0.4743134560211359
CE_PAWNWEAKNESSES:0.483415461790615
CE_PIECEACTIVITY:0.48203589925508367
CE_KINGPAWNSHIELD:0.4996552307072707
CE_PIECECOORDINATION:0.49090611855349686
CE_MATERIAL:0.4842056406862006
CE_KINGSAFETY:0.5
C_PIECESQUARETABLES:0.5
C_MOBILITY:0.4776585041944293
C_KINGSAFETY:0.49006913785506184
C_PAWNSTRUCTURE:0.5017539198243214
C_PIECECOORDINATION:0.5164964441641188
C_ROOK:0.48607864442965976
CE_ROOK:0.4814625853181572
C_CENTERCONTROL:0.4885014735325812
C_DEVELOPPIECES:0.4997824206897802
C_MATERIAL:0.5121962639220392
C_MOVECOUNT:0.4980037723595362
C_PAWNMOVEMENT:0.4870259075401598
