ELO:712
CE_PASSEDPAWNS:0.5567305073495317
CE_PAWNWEAKNESSES:0.530602022972608
CE_PIECEACTIVITY:0.39995758385273295
CE_KINGPAWNSHIELD:0.4970496393654816
CE_PIECECOORDINATION:0.49436740912859545
CE_MATERIAL:0.5150954001940364
CE_KINGSAFETY:0.5076609353693704
C_PIECESQUARETABLES:0.5
C_MOBILITY:0.34932129950821433
C_KINGSAFETY:0.47493957812529003
C_PAWNSTRUCTURE:0.5628169458690071
C_PIECECOORDINATION:0.5924265438484752
C_ROOKANDPAWNMOVEMENT:0.5924265438484752
C_CENTERCONTROL:0.5484304251151514
C_DEVELOPPIECES:0.4598957311802463
C_MATERIAL:0.5232977207483875
C_MOVECOUNT:0.5
