ELO:914
CE_PASSEDPAWNS:0.4692221683642876
CE_PAWNWEAKNESSES:0.5333233156044831
CE_PIECEACTIVITY:0.4721450041806228
CE_KINGPAWNSHIELD:0.484562944045072
CE_PIECECOORDINATION:0.5179972280531838
CE_MATERIAL:0.5005147128424432
CE_KINGSAFETY:0.5030049877254356
C_PIECESQUARETABLES:0.5002575722318514
C_MOBILITY:0.5042573433402937
C_KINGSAFETY:0.4978151109578922
C_PAWNSTRUCTURE:0.4922468170826901
C_PIECECOORDINATION:0.48379251079075736
C_ROOKANDPAWNMOVEMENT:0.48379251079075736
C_CENTERCONTROL:0.4787682383590835
C_DEVELOPPIECES:0.4805437013734964
C_MATERIAL:0.5297005647208043
C_MOVECOUNT:0.4908220738978452
