ELO:960
CE_PASSEDPAWNS:0.5517515664822636
CE_PAWNWEAKNESSES:0.5364555620646044
CE_PIECEACTIVITY:0.45958978445556137
CE_KINGPAWNSHIELD:0.5026452700065455
CE_PIECECOORDINATION:0.5224818013469624
CE_MATERIAL:0.45094767136422625
CE_KINGSAFETY:0.5114533400204675
C_PIECESQUARETABLES:0.4964303173476653
C_MOBILITY:0.5139938130833425
C_KINGSAFETY:0.5705554818296575
C_PAWNSTRUCTURE:0.5022036673514665
C_PIECECOORDINATION:0.6375817270891777
C_ROOKANDPAWNMOVEMENT:0.6375817270891777
C_CENTERCONTROL:0.49394941989826147
C_DEVELOPPIECES:0.45480746856991516
C_MATERIAL:0.5666710814366758
