ELO:698
CE_PASSEDPAWNS:0.441148207305612
CE_PAWNWEAKNESSES:0.5611276855958379
CE_PIECEACTIVITY:0.4846295282823381
CE_KINGPAWNSHIELD:0.5197301315723192
CE_PIECECOORDINATION:0.5074964897249394
CE_MATERIAL:0.4840822771400673
CE_KINGSAFETY:0.47586604939921
C_PIECESQUARETABLES:0.5653723713653165
C_MOBILITY:0.5213906485007931
C_KINGSAFETY:0.47492149551740354
C_PAWNSTRUCTURE:0.498070805241368
C_PIECECOORDINATION:0.4995929101443061
C_ROOKANDPAWNMOVEMENT:0.4995929101443061
C_CENTERCONTROL:0.5596890475733676
C_DEVELOPPIECES:0.5183900127670568
C_MATERIAL:0.5441068302624016
C_MOVECOUNT:0.48846886054339866
