ELO:1000
CE_PASSEDPAWNS:0.5035588752522681
CE_PAWNWEAKNESSES:0.5359765011070222
CE_PIECEACTIVITY:0.4608966390366024
CE_KINGPAWNSHIELD:0.5302753349739818
CE_PIECECOORDINATION:0.4618976118968393
CE_MATERIAL:0.49879717387475864
CE_KINGSAFETY:0.45415719023584195
C_PIECESQUARETABLES:0.46451194181251776
C_MOBILITY:0.4916799099465129
C_KINGSAFETY:0.4546667829123595
C_PAWNSTRUCTURE:0.48407898872489563
C_PIECECOORDINATION:0.5128980857901474
C_ROOKANDPAWNMOVEMENT:0.5128980857901474
C_CENTERCONTROL:0.4788540518067307
C_DEVELOPPIECES:0.4871802646415847
C_MATERIAL:0.46846076960496297
