ELO:928
CE_PASSEDPAWNS:0.44655750118358006
CE_PAWNWEAKNESSES:0.49185905812648
CE_PIECEACTIVITY:0.531642992416265
CE_KINGPAWNSHIELD:0.4933331958911034
CE_PIECECOORDINATION:0.5041308970740869
CE_MATERIAL:0.5439318783065089
CE_KINGSAFETY:0.4938368897827239
C_PIECESQUARETABLES:0.5220790654153532
C_MOBILITY:0.5266346336432429
C_KINGSAFETY:0.4798597751156806
C_PAWNSTRUCTURE:0.47826887149784625
C_PIECECOORDINATION:0.4958814368629951
C_ROOKANDPAWNMOVEMENT:0.4958814368629951
C_CENTERCONTROL:0.48952862958414195
C_DEVELOPPIECES:0.5165119307439753
C_MATERIAL:0.4971940296903073
C_MOVECOUNT:0.5
