ELO:998
CE_PASSEDPAWNS:0.501573421578491
CE_PAWNWEAKNESSES:0.4986888933874725
CE_PIECEACTIVITY:0.4890908465698435
CE_KINGPAWNSHIELD:0.5187704413031933
CE_PIECECOORDINATION:0.5048706925032692
CE_MATERIAL:0.5230011169540927
CE_KINGSAFETY:0.48330482112040424
C_PIECESQUARETABLES:0.49396128764194613
C_MOBILITY:0.49861920813748567
C_KINGSAFETY:0.5369926127803771
C_PAWNSTRUCTURE:0.5
C_PIECECOORDINATION:0.505896020972312
C_ROOKANDPAWNMOVEMENT:0.505896020972312
C_CENTERCONTROL:0.4993471774912374
C_DEVELOPPIECES:0.4780626986568856
C_MATERIAL:0.47712492247600896
C_MOVECOUNT:0.5
