ELO:1012
CE_PASSEDPAWNS:0.5179591658070092
CE_PAWNWEAKNESSES:0.5158538814199061
CE_PIECEACTIVITY:0.5176415780810288
CE_KINGPAWNSHIELD:0.5305970176702418
CE_PIECECOORDINATION:0.544843345677933
CE_MATERIAL:0.4736485387625415
CE_KINGSAFETY:0.5
C_PIECESQUARETABLES:0.5
C_MOBILITY:0.503329068338103
C_KINGSAFETY:0.48071666629756693
C_PAWNSTRUCTURE:0.4959800873894563
C_PIECECOORDINATION:0.5146752819947217
C_ROOK:0.5341828004218465
CE_ROOK:0.5
C_CENTERCONTROL:0.4914732669025888
C_DEVELOPPIECES:0.4889545924510755
C_MATERIAL:0.5030436899418252
C_MOVECOUNT:0.45496312736866934
C_PAWNMOVEMENT:0.48230781089295316
