ELO:982
CE_PASSEDPAWNS:0.48248089370229
CE_PAWNWEAKNESSES:0.5184748026563211
CE_PIECEACTIVITY:0.5129139171742804
CE_KINGPAWNSHIELD:0.4969112771905379
CE_PIECECOORDINATION:0.5844534968171106
CE_MATERIAL:0.4352983751919719
CE_KINGSAFETY:0.5
C_PIECESQUARETABLES:0.458251422798433
C_MOBILITY:0.4582464213110245
C_KINGSAFETY:0.4381439392252424
C_PAWNSTRUCTURE:0.4688276942979239
C_PIECECOORDINATION:0.5332150454217474
C_ROOKANDPAWNMOVEMENT:0.5332150454217474
C_CENTERCONTROL:0.5405474748644074
C_DEVELOPPIECES:0.49747783787837696
C_MATERIAL:0.5938073447905002
