ELO:998
CE_PASSEDPAWNS:0.4630400169257101
CE_PAWNWEAKNESSES:0.4850500425656064
CE_PIECEACTIVITY:0.5155031057751914
CE_KINGPAWNSHIELD:0.5101202800093263
CE_PIECECOORDINATION:0.5110078902504861
CE_MATERIAL:0.5159373537722102
CE_KINGSAFETY:0.47774275188191606
C_PIECESQUARETABLES:0.49882575162813964
C_MOBILITY:0.5013346417174642
C_KINGSAFETY:0.5
C_PAWNSTRUCTURE:0.5023043243225357
C_PIECECOORDINATION:0.5117946540861882
C_ROOKANDPAWNMOVEMENT:0.5117946540861882
C_CENTERCONTROL:0.4975983584502048
C_DEVELOPPIECES:0.5160234572082144
C_MATERIAL:0.5208958350652847
C_MOVECOUNT:0.5
