ELO:967
CE_PASSEDPAWNS:0.45619941158476623
CE_PAWNWEAKNESSES:0.5224253843753813
CE_PIECEACTIVITY:0.42953588162199857
CE_KINGPAWNSHIELD:0.5539932968064806
CE_PIECECOORDINATION:0.434669787444947
CE_MATERIAL:0.5218632373633338
CE_KINGSAFETY:0.4874983594961574
C_PIECESQUARETABLES:0.4841915969004753
C_MOBILITY:0.47839616743996316
C_KINGSAFETY:0.487005406581481
C_PAWNSTRUCTURE:0.4596586214534752
C_PIECECOORDINATION:0.47353163825246036
C_ROOKANDPAWNMOVEMENT:0.47353163825246036
C_CENTERCONTROL:0.5378034573119879
C_DEVELOPPIECES:0.4828555834481304
C_MATERIAL:0.5508873649067735
