ELO:886
CE_PASSEDPAWNS:0.4985517502408457
CE_PAWNWEAKNESSES:0.48683134008124596
CE_PIECEACTIVITY:0.5060742124290692
CE_KINGPAWNSHIELD:0.5199262569808132
CE_PIECECOORDINATION:0.5152649305180478
CE_MATERIAL:0.4963456970521635
CE_KINGSAFETY:0.5175348240913749
C_PIECESQUARETABLES:0.5078928930791909
C_MOBILITY:0.5042058636805311
C_KINGSAFETY:0.5099285564028467
C_PAWNSTRUCTURE:0.47411042531806724
C_PIECECOORDINATION:0.5371495809485047
C_ROOKANDPAWNMOVEMENT:0.5371495809485047
C_CENTERCONTROL:0.5234539820486409
C_DEVELOPPIECES:0.5105230168176161
C_MATERIAL:0.4802703279543841
C_MOVECOUNT:0.5
