ELO:959
CE_PASSEDPAWNS:0.5702139255396865
CE_PAWNWEAKNESSES:0.5076265900223131
CE_PIECEACTIVITY:0.5514411646137132
CE_KINGPAWNSHIELD:0.509136059343471
CE_PIECECOORDINATION:0.5177624245976524
CE_MATERIAL:0.5254847584442819
CE_KINGSAFETY:0.490867333228524
C_PIECESQUARETABLES:0.48312724775877197
C_MOBILITY:0.49281152382367394
C_KINGSAFETY:0.4305016331120744
C_PAWNSTRUCTURE:0.5051524509584706
C_PIECECOORDINATION:0.540970818770087
C_ROOKANDPAWNMOVEMENT:0.540970818770087
C_CENTERCONTROL:0.5130049930965903
C_DEVELOPPIECES:0.45289918401318185
C_MATERIAL:0.4336992486037798
