ELO:800
CE_PASSEDPAWNS:0.5181243789185829
CE_PAWNWEAKNESSES:0.5543537884011959
CE_PIECEACTIVITY:0.3940456039350075
CE_KINGPAWNSHIELD:0.5513974722247823
CE_PIECECOORDINATION:0.4104042268847292
CE_MATERIAL:0.4645879358825313
CE_KINGSAFETY:0.5444368684890353
C_PIECESQUARETABLES:0.4494663142341214
C_MOBILITY:0.4419399793393585
C_KINGSAFETY:0.5174536137186598
C_PAWNSTRUCTURE:0.5349656178148133
C_PIECECOORDINATION:0.475425136633166
C_ROOKANDPAWNMOVEMENT:0.475425136633166
C_CENTERCONTROL:0.4830993610721825
C_DEVELOPPIECES:0.44327241138563483
C_MATERIAL:0.48427061903019974
C_MOVECOUNT:0.5
