ELO:1041
CE_PASSEDPAWNS:0.4883514526839017
CE_PAWNWEAKNESSES:0.5062148070513521
CE_PIECEACTIVITY:0.48586854974957905
CE_KINGPAWNSHIELD:0.49784146576342503
CE_PIECECOORDINATION:0.49890875767298865
CE_MATERIAL:0.5105705484449106
CE_KINGSAFETY:0.5
C_PIECESQUARETABLES:0.5
C_MOBILITY:0.4972396863897836
C_KINGSAFETY:0.46564987051527335
C_PAWNSTRUCTURE:0.5248539856510998
C_PIECECOORDINATION:0.5101602699484833
C_ROOK:0.5221569755385295
CE_ROOK:0.5016273857142091
C_CENTERCONTROL:0.5218613973040136
C_DEVELOPPIECES:0.48803846654105965
C_MATERIAL:0.4782613691640225
C_MOVECOUNT:0.5008972420924181
C_PAWNMOVEMENT:0.48657398600930984
