ELO:995
CE_PASSEDPAWNS:0.4516160408575055
CE_PAWNWEAKNESSES:0.5585043854446885
CE_PIECEACTIVITY:0.47206205691810355
CE_KINGPAWNSHIELD:0.5180132884780058
CE_PIECECOORDINATION:0.49412653539316426
CE_MATERIAL:0.5041033443520843
CE_KINGSAFETY:0.477829941791126
C_PIECESQUARETABLES:0.5158680485958518
C_MOBILITY:0.47690270593954265
C_KINGSAFETY:0.44307365977093555
C_PAWNSTRUCTURE:0.5013037587584047
C_PIECECOORDINATION:0.47261405409507945
C_ROOKANDPAWNMOVEMENT:0.47261405409507945
C_CENTERCONTROL:0.5366336814201451
C_DEVELOPPIECES:0.48225590536412644
C_MATERIAL:0.5125560605288726
