ELO:849
CE_PASSEDPAWNS:0.49865101093303255
CE_PAWNWEAKNESSES:0.4652561804280812
CE_PIECEACTIVITY:0.48926592727877977
CE_KINGPAWNSHIELD:0.5009203189529458
CE_PIECECOORDINATION:0.4576915555018039
CE_MATERIAL:0.43822871354602355
CE_KINGSAFETY:0.4728349698038131
C_PIECESQUARETABLES:0.49398617563080716
C_MOBILITY:0.5114423684476285
C_KINGSAFETY:0.46259987355841914
C_PAWNSTRUCTURE:0.5356658509844704
C_PIECECOORDINATION:0.4887276835905636
C_ROOKANDPAWNMOVEMENT:0.4887276835905636
C_CENTERCONTROL:0.5074833419163399
C_DEVELOPPIECES:0.5199111270794142
C_MATERIAL:0.5028099582288154
