ELO:977
CE_PASSEDPAWNS:0.4487579514769535
CE_PAWNWEAKNESSES:0.5446035008957928
CE_PIECEACTIVITY:0.4712066074584864
CE_KINGPAWNSHIELD:0.5187183743987598
CE_PIECECOORDINATION:0.45984715763071216
CE_MATERIAL:0.47863759427034974
CE_KINGSAFETY:0.47321800794381125
C_PIECESQUARETABLES:0.5437509101740737
C_MOBILITY:0.49645332705167056
C_KINGSAFETY:0.446699103375395
C_PAWNSTRUCTURE:0.48514775462218473
C_PIECECOORDINATION:0.45761172679666345
C_ROOKANDPAWNMOVEMENT:0.45761172679666345
C_CENTERCONTROL:0.5521485639283841
C_DEVELOPPIECES:0.4864476297699467
C_MATERIAL:0.5194508850363119
