ELO:997
CE_PASSEDPAWNS:0.5
CE_PAWNWEAKNESSES:0.5040803772081812
CE_PIECEACTIVITY:0.5
CE_KINGPAWNSHIELD:0.5018186771312608
CE_PIECECOORDINATION:0.5103885348702258
CE_MATERIAL:0.49510437548054065
CE_KINGSAFETY:0.5016809783972149
C_PIECESQUARETABLES:0.5
C_MOBILITY:0.5
C_KINGSAFETY:0.505509822761595
C_PAWNSTRUCTURE:0.4955585175890826
C_PIECECOORDINATION:0.5031261788085285
C_ROOKANDPAWNMOVEMENT:0.5031261788085285
C_CENTERCONTROL:0.4880393816955294
C_DEVELOPPIECES:0.5103058505744772
C_MATERIAL:0.512107705997779
C_MOVECOUNT:0.5
