ELO:858
CE_PASSEDPAWNS:0.5018812455984731
CE_PAWNWEAKNESSES:0.5203972821957717
CE_PIECEACTIVITY:0.4790929874379091
CE_KINGPAWNSHIELD:0.5179198710585029
CE_PIECECOORDINATION:0.4804333985543208
CE_MATERIAL:0.5391155675333356
CE_KINGSAFETY:0.496774358227263
C_PIECESQUARETABLES:0.49517056074133337
C_MOBILITY:0.49858031608165776
C_KINGSAFETY:0.5110302973505036
C_PAWNSTRUCTURE:0.5064329387839627
C_PIECECOORDINATION:0.5635436243735836
C_ROOKANDPAWNMOVEMENT:0.5635436243735836
C_CENTERCONTROL:0.47210902269526495
C_DEVELOPPIECES:0.48690711999615216
C_MATERIAL:0.44693568201845923
C_MOVECOUNT:0.5
