ELO:777
CE_PASSEDPAWNS:0.48613975776051055
CE_PAWNWEAKNESSES:0.5722830015779563
CE_PIECEACTIVITY:0.39184187659401254
CE_KINGPAWNSHIELD:0.5224829319618528
CE_PIECECOORDINATION:0.4503548695445496
CE_MATERIAL:0.5029560611500644
CE_KINGSAFETY:0.5372499019590096
C_PIECESQUARETABLES:0.5227900725012059
C_MOBILITY:0.49527695768578983
C_KINGSAFETY:0.5090780781498963
C_PAWNSTRUCTURE:0.4598389463276787
C_PIECECOORDINATION:0.5338066298741935
C_ROOKANDPAWNMOVEMENT:0.5338066298741935
C_CENTERCONTROL:0.5607373074257817
C_DEVELOPPIECES:0.46281114639771226
C_MATERIAL:0.4161487147492262
C_MOVECOUNT:0.5
