ELO:1019
CE_PASSEDPAWNS:0.5024162831270995
CE_PAWNWEAKNESSES:0.5
CE_PIECEACTIVITY:0.5
CE_KINGPAWNSHIELD:0.5179472640820005
CE_PIECECOORDINATION:0.4873705377788393
CE_MATERIAL:0.4937191799665794
CE_KINGSAFETY:0.47884146134818595
C_PIECESQUARETABLES:0.48793770535145875
C_MOBILITY:0.5007409394850927
C_KINGSAFETY:0.4986221346371901
C_PAWNSTRUCTURE:0.49536264969171845
C_PIECECOORDINATION:0.46089427020537027
C_ROOKANDPAWNMOVEMENT:0.46089427020537027
C_CENTERCONTROL:0.48991469655062847
C_DEVELOPPIECES:0.4780626986568856
C_MATERIAL:0.5
C_MOVECOUNT:0.5
