ELO:653
CE_PASSEDPAWNS:0.48384420331327876
CE_PAWNWEAKNESSES:0.5190069914650068
CE_PIECEACTIVITY:0.48358540178265264
CE_KINGPAWNSHIELD:0.5805697886846626
CE_PIECECOORDINATION:0.4040886422138919
CE_MATERIAL:0.4519325882917178
CE_KINGSAFETY:0.532346064759888
C_PIECESQUARETABLES:0.5359589585099024
C_MOBILITY:0.5788766583297991
C_KINGSAFETY:0.4993252733918
C_PAWNSTRUCTURE:0.5149534378733402
C_PIECECOORDINATION:0.4033664085258108
C_ROOKANDPAWNMOVEMENT:0.4033664085258108
C_CENTERCONTROL:0.516179985918897
C_DEVELOPPIECES:0.4548458395379432
C_MATERIAL:0.622416892361854
C_MOVECOUNT:0.5123580753730883
