ELO:947
CE_PASSEDPAWNS:0.5020294145466515
CE_PAWNWEAKNESSES:0.5297595434514348
CE_PIECEACTIVITY:0.491894512347803
CE_KINGPAWNSHIELD:0.48812403245118197
CE_PIECECOORDINATION:0.5000347577867776
CE_MATERIAL:0.5175211408026017
CE_KINGSAFETY:0.5117776768007312
C_PIECESQUARETABLES:0.48122445762424204
C_MOBILITY:0.49119678930417643
C_KINGSAFETY:0.5161922647986698
C_PAWNSTRUCTURE:0.5089728593956322
C_PIECECOORDINATION:0.48570538035176847
C_ROOKANDPAWNMOVEMENT:0.48570538035176847
C_CENTERCONTROL:0.5041518840990782
C_DEVELOPPIECES:0.4866101549262647
C_MATERIAL:0.5270435539725257
C_MOVECOUNT:0.525148781608567
