ELO:1000
CE_PASSEDPAWNS:0.47853007745527837
CE_PAWNWEAKNESSES:0.5106698448373971
CE_PIECEACTIVITY:0.4945418551157306
CE_KINGPAWNSHIELD:0.5197104846054101
CE_PIECECOORDINATION:0.5257623345154252
CE_MATERIAL:0.4840345207054167
CE_KINGSAFETY:0.5135510549429225
C_PIECESQUARETABLES:0.48758663510113465
C_MOBILITY:0.491947347644415
C_KINGSAFETY:0.4600513628129901
C_PAWNSTRUCTURE:0.5158249470806998
C_PIECECOORDINATION:0.47915591866573715
C_ROOKANDPAWNMOVEMENT:0.47915591866573715
C_CENTERCONTROL:0.5074002109240467
C_DEVELOPPIECES:0.4832488357809162
C_MATERIAL:0.5130338098492414
