ELO:994
CE_PASSEDPAWNS:0.5665974742265958
CE_PAWNWEAKNESSES:0.5242234856927817
CE_PIECEACTIVITY:0.5481468413570845
CE_KINGPAWNSHIELD:0.539498489886374
CE_PIECECOORDINATION:0.5110288814500102
CE_MATERIAL:0.5170529078622961
CE_KINGSAFETY:0.4973658631592066
C_PIECESQUARETABLES:0.4940350856657853
C_MOBILITY:0.5156871846301405
C_KINGSAFETY:0.45829351895909737
C_PAWNSTRUCTURE:0.48723243957964496
C_PIECECOORDINATION:0.5141053884069878
C_ROOKANDPAWNMOVEMENT:0.5141053884069878
C_CENTERCONTROL:0.5355407611431193
C_DEVELOPPIECES:0.4571251278310512
C_MATERIAL:0.4654159545234375
