ELO:988
CE_PASSEDPAWNS:0.5156839845540195
CE_PAWNWEAKNESSES:0.5128889835512717
CE_PIECEACTIVITY:0.5086557592692865
CE_KINGPAWNSHIELD:0.40914804759847173
CE_PIECECOORDINATION:0.43140899423658174
CE_MATERIAL:0.5426613336155885
CE_KINGSAFETY:0.5
C_PIECESQUARETABLES:0.5
C_MOBILITY:0.49816549280442246
C_KINGSAFETY:0.5082943476334842
C_PAWNSTRUCTURE:0.4917174384411339
C_PIECECOORDINATION:0.5354393826565851
C_ROOKANDPAWNMOVEMENT:0.5354393826565851
C_CENTERCONTROL:0.3872993570559401
C_DEVELOPPIECES:0.5067495606305472
C_MATERIAL:0.5859692747107864
