ELO:979
CE_PASSEDPAWNS:0.5
CE_PAWNWEAKNESSES:0.4913685637483439
CE_PIECEACTIVITY:0.4866801739753873
CE_KINGPAWNSHIELD:0.5024937507868313
CE_PIECECOORDINATION:0.48799445543321085
CE_MATERIAL:0.5004368789114089
CE_KINGSAFETY:0.5
C_PIECESQUARETABLES:0.5
C_MOBILITY:0.5122994651130822
C_KINGSAFETY:0.49111852038538656
C_PAWNSTRUCTURE:0.5112883664054526
C_PIECECOORDINATION:0.49867066203161314
C_ROOKANDPAWNMOVEMENT:0.49867066203161314
C_CENTERCONTROL:0.5024754767379719
C_DEVELOPPIECES:0.5051007708324486
C_MATERIAL:0.4860452468848618
C_MOVECOUNT:0.4928604399831829
