ELO:1000
CE_PASSEDPAWNS:0.48632665453675067
CE_PAWNWEAKNESSES:0.5106698448373971
CE_PIECEACTIVITY:0.4945418551157306
CE_KINGPAWNSHIELD:0.5229978696671652
CE_PIECECOORDINATION:0.5257623345154252
CE_MATERIAL:0.4840345207054167
CE_KINGSAFETY:0.5135510549429225
C_PIECESQUARETABLES:0.49754863662899756
C_MOBILITY:0.48249603641001587
C_KINGSAFETY:0.45168891576710973
C_PAWNSTRUCTURE:0.5158249470806998
C_PIECECOORDINATION:0.4673015331590101
C_ROOKANDPAWNMOVEMENT:0.4673015331590101
C_CENTERCONTROL:0.515699461245785
C_DEVELOPPIECES:0.4832488357809162
C_MATERIAL:0.5130338098492414
