ELO:831
CE_PASSEDPAWNS:0.6113422155161554
CE_PAWNWEAKNESSES:0.533722139342755
CE_PIECEACTIVITY:0.5411499839885513
CE_KINGPAWNSHIELD:0.5713635186286065
CE_PIECECOORDINATION:0.372865986599581
CE_MATERIAL:0.5078893917087195
CE_KINGSAFETY:0.5
C_PIECESQUARETABLES:0.5
C_MOBILITY:0.47468090377024125
C_KINGSAFETY:0.5218182323538748
C_PAWNSTRUCTURE:0.5687161081513346
C_PIECECOORDINATION:0.5119687787291054
C_ROOKANDPAWNMOVEMENT:0.5119687787291054
C_CENTERCONTROL:0.5744246646681457
C_DEVELOPPIECES:0.5037832510930562
C_MATERIAL:0.5003704629571398
C_MOVECOUNT:0.5
