ELO:1000
CE_PASSEDPAWNS:0.49678238486198767
CE_PAWNWEAKNESSES:0.5274039798955706
CE_PIECEACTIVITY:0.49433033574571933
CE_KINGPAWNSHIELD:0.5144956143211399
CE_PIECECOORDINATION:0.5048309815195426
CE_MATERIAL:0.4985789552861389
CE_KINGSAFETY:0.481078044397011
C_PIECESQUARETABLES:0.49588186689660896
C_MOBILITY:0.48477197141925094
C_KINGSAFETY:0.4899917394213919
C_PAWNSTRUCTURE:0.4864138724895335
C_PIECECOORDINATION:0.503116483896628
C_ROOKANDPAWNMOVEMENT:0.503116483896628
C_CENTERCONTROL:0.48779035483562294
C_DEVELOPPIECES:0.5082612995991103
C_MATERIAL:0.49961187730015144
