ELO:986
CE_PASSEDPAWNS:0.5
CE_PAWNWEAKNESSES:0.4959289341529426
CE_PIECEACTIVITY:0.5005010924213368
CE_KINGPAWNSHIELD:0.48678963199879355
CE_PIECECOORDINATION:0.478302809441794
CE_MATERIAL:0.5
CE_KINGSAFETY:0.491971385268161
C_PIECESQUARETABLES:0.5072554968824772
C_MOBILITY:0.5
C_KINGSAFETY:0.4980354055239749
C_PAWNSTRUCTURE:0.5233359618374472
C_PIECECOORDINATION:0.4809659084391211
C_ROOKANDPAWNMOVEMENT:0.4809659084391211
C_CENTERCONTROL:0.48806743151034054
C_DEVELOPPIECES:0.5035058813967833
C_MATERIAL:0.5
