ELO:1000
CE_PASSEDPAWNS:0.4969827677107359
CE_PAWNWEAKNESSES:0.5274039798955706
CE_PIECEACTIVITY:0.4976728599879876
CE_KINGPAWNSHIELD:0.5038538645769102
CE_PIECECOORDINATION:0.5048309815195426
CE_MATERIAL:0.4985789552861389
CE_KINGSAFETY:0.484155893379729
C_PIECESQUARETABLES:0.49588186689660896
C_MOBILITY:0.48903273821685833
C_KINGSAFETY:0.4899917394213919
C_PAWNSTRUCTURE:0.4864138724895335
C_PIECECOORDINATION:0.5065996458684221
C_ROOKANDPAWNMOVEMENT:0.5065996458684221
C_CENTERCONTROL:0.48779035483562294
C_DEVELOPPIECES:0.5082612995991103
C_MATERIAL:0.510102655494975
