ELO:839
CE_PASSEDPAWNS:0.5337421908634918
CE_PAWNWEAKNESSES:0.5304576006325472
CE_PIECEACTIVITY:0.4439771132187125
CE_KINGPAWNSHIELD:0.5281422804034582
CE_PIECECOORDINATION:0.4645947916043989
CE_MATERIAL:0.5363025088219561
CE_KINGSAFETY:0.4337088700146611
C_PIECESQUARETABLES:0.44279226255353765
C_MOBILITY:0.5003229258679771
C_KINGSAFETY:0.4993011448721375
C_PAWNSTRUCTURE:0.4904926774619432
C_PIECECOORDINATION:0.526356205730729
C_ROOKANDPAWNMOVEMENT:0.526356205730729
C_CENTERCONTROL:0.5089767040979428
C_DEVELOPPIECES:0.48114727486099024
C_MATERIAL:0.466789449738795
C_MOVECOUNT:0.5
