ELO:942
CE_PASSEDPAWNS:0.501230630660676
CE_PAWNWEAKNESSES:0.49026676953192616
CE_PIECEACTIVITY:0.5054545415204786
CE_KINGPAWNSHIELD:0.49708247366097863
CE_PIECECOORDINATION:0.5257438173446646
CE_MATERIAL:0.5070386582420677
CE_KINGSAFETY:0.49226622073621773
C_PIECESQUARETABLES:0.5012643572134791
C_MOBILITY:0.47913059223123156
C_KINGSAFETY:0.5
C_PAWNSTRUCTURE:0.5037799208918288
C_PIECECOORDINATION:0.4898632813635994
C_ROOKANDPAWNMOVEMENT:0.4898632813635994
C_CENTERCONTROL:0.5078670286220869
C_DEVELOPPIECES:0.5107625455727118
C_MATERIAL:0.4837906153653125
C_MOVECOUNT:0.49079299875584587
