ELO:1000
CE_PASSEDPAWNS:0.5561659907593423
CE_PAWNWEAKNESSES:0.5260342672847791
CE_PIECEACTIVITY:0.5606789282355326
CE_KINGPAWNSHIELD:0.49516981471959204
CE_PIECECOORDINATION:0.5205710142656961
CE_MATERIAL:0.5295134139080461
CE_KINGSAFETY:0.47806187402745876
C_PIECESQUARETABLES:0.45099901108608986
C_MOBILITY:0.47553924395164987
C_KINGSAFETY:0.44659829895385156
C_PAWNSTRUCTURE:0.4743115353785011
C_PIECECOORDINATION:0.5015629101157424
C_ROOKANDPAWNMOVEMENT:0.5015629101157424
C_CENTERCONTROL:0.5261350508669518
C_DEVELOPPIECES:0.472020019610928
C_MATERIAL:0.43779396969652135
