ELO:908
CE_PASSEDPAWNS:0.5810566427551678
CE_PAWNWEAKNESSES:0.5017636838365902
CE_PIECEACTIVITY:0.5534708263481644
CE_KINGPAWNSHIELD:0.5821335472334169
CE_PIECECOORDINATION:0.5068627845077693
CE_MATERIAL:0.5735168719893662
CE_KINGSAFETY:0.4994631477990637
C_PIECESQUARETABLES:0.4837455005252047
C_MOBILITY:0.5109678617671126
C_KINGSAFETY:0.45340561630453813
C_PAWNSTRUCTURE:0.4853427985525914
C_PIECECOORDINATION:0.4756647488997041
C_ROOKANDPAWNMOVEMENT:0.4756647488997041
C_CENTERCONTROL:0.47763667120910597
C_DEVELOPPIECES:0.4745199362724512
C_MATERIAL:0.47185910546619725
