ELO:952
CE_PASSEDPAWNS:0.43770512030897324
CE_PAWNWEAKNESSES:0.5384923931758805
CE_PIECEACTIVITY:0.40607289568855204
CE_KINGPAWNSHIELD:0.5617474130950152
CE_PIECECOORDINATION:0.4491051032888249
CE_MATERIAL:0.5365023574214454
CE_KINGSAFETY:0.49466338618053957
C_PIECESQUARETABLES:0.4950953950840548
C_MOBILITY:0.46959688740865374
C_KINGSAFETY:0.4683973172201469
C_PAWNSTRUCTURE:0.46172607566867163
C_PIECECOORDINATION:0.48299982551094295
C_ROOKANDPAWNMOVEMENT:0.48299982551094295
C_CENTERCONTROL:0.5177360056035204
C_DEVELOPPIECES:0.5001234184207167
C_MATERIAL:0.5327434488264111
