ELO:975
CE_PASSEDPAWNS:0.498460884050442
CE_PAWNWEAKNESSES:0.49503304299424705
CE_PIECEACTIVITY:0.5070125734332059
CE_KINGPAWNSHIELD:0.4948702043808779
CE_PIECECOORDINATION:0.5125444631552332
CE_MATERIAL:0.48329124102097126
CE_KINGSAFETY:0.507204154824075
C_PIECESQUARETABLES:0.4995014677799995
C_MOBILITY:0.4907622692220725
C_KINGSAFETY:0.4890986037848447
C_PAWNSTRUCTURE:0.517770318912016
C_PIECECOORDINATION:0.5157996336004482
C_ROOK:0.5043883312520449
CE_ROOK:0.5024572167170696
C_CENTERCONTROL:0.4943151987723994
C_DEVELOPPIECES:0.49939258583946294
C_MATERIAL:0.5015704960799079
C_MOVECOUNT:0.4975301435516989
C_PAWNMOVEMENT:0.5084606140946464
