ELO:966
CE_PASSEDPAWNS:0.4671147407469386
CE_PAWNWEAKNESSES:0.5511494436938316
CE_PIECEACTIVITY:0.40030832844102343
CE_KINGPAWNSHIELD:0.5886173000303289
CE_PIECECOORDINATION:0.43673113007417064
CE_MATERIAL:0.5246549186396852
CE_KINGSAFETY:0.5
C_PIECESQUARETABLES:0.5004695303001986
C_MOBILITY:0.47306144900518615
C_KINGSAFETY:0.489974501244005
C_PAWNSTRUCTURE:0.47715523535
C_PIECECOORDINATION:0.5133897635012399
C_ROOKANDPAWNMOVEMENT:0.5133897635012399
C_CENTERCONTROL:0.4704265748007249
C_DEVELOPPIECES:0.49163043005612866
C_MATERIAL:0.5274539306710594
