ELO:954
CE_PASSEDPAWNS:0.46798706321227895
CE_PAWNWEAKNESSES:0.5398249094874267
CE_PIECEACTIVITY:0.5207175184971703
CE_KINGPAWNSHIELD:0.5098195928937134
CE_PIECECOORDINATION:0.49943398678117673
CE_MATERIAL:0.4809312370688622
CE_KINGSAFETY:0.47826986045507747
C_PIECESQUARETABLES:0.5153400036031738
C_MOBILITY:0.5107402248364212
C_KINGSAFETY:0.47760894609556914
C_PAWNSTRUCTURE:0.487605278830163
C_PIECECOORDINATION:0.4926547956184853
C_ROOKANDPAWNMOVEMENT:0.4926547956184853
C_CENTERCONTROL:0.4946176096041461
C_DEVELOPPIECES:0.4879874725570697
C_MATERIAL:0.43493425808069963
C_MOVECOUNT:0.449454384525445
