ELO:1003
CE_PASSEDPAWNS:0.501573030139073
CE_PAWNWEAKNESSES:0.5072187810891357
CE_PIECEACTIVITY:0.5077183852040708
CE_KINGPAWNSHIELD:0.5131058172387151
CE_PIECECOORDINATION:0.5009371117703055
CE_MATERIAL:0.4997858452005985
CE_KINGSAFETY:0.5124517506220242
C_PIECESQUARETABLES:0.48714972955302477
C_MOBILITY:0.4942017106302132
C_KINGSAFETY:0.5
C_PAWNSTRUCTURE:0.5
C_PIECECOORDINATION:0.49637355754229173
C_ROOKANDPAWNMOVEMENT:0.49637355754229173
C_CENTERCONTROL:0.5
C_DEVELOPPIECES:0.49854133113615795
C_MATERIAL:0.4518029878537512
C_MOVECOUNT:0.5
