ELO:962
CE_PASSEDPAWNS:0.43770512030897324
CE_PAWNWEAKNESSES:0.5406252219313458
CE_PIECEACTIVITY:0.41270891630873063
CE_KINGPAWNSHIELD:0.5696497717248791
CE_PIECECOORDINATION:0.4491051032888249
CE_MATERIAL:0.5434901345465618
CE_KINGSAFETY:0.4905586236380608
C_PIECESQUARETABLES:0.4637484872527426
C_MOBILITY:0.47593270826944795
C_KINGSAFETY:0.4721186412299025
C_PAWNSTRUCTURE:0.46916681174396657
C_PIECECOORDINATION:0.47329117848243474
C_ROOKANDPAWNMOVEMENT:0.47329117848243474
C_CENTERCONTROL:0.5141342549738874
C_DEVELOPPIECES:0.49245673796346845
C_MATERIAL:0.5327434488264111
