ELO:937
CE_PASSEDPAWNS:0.41823153850045136
CE_PAWNWEAKNESSES:0.33242282030839576
CE_PIECEACTIVITY:0.4214069789985301
CE_KINGPAWNSHIELD:0.47993003087265235
CE_PIECECOORDINATION:0.5117469352248615
CE_MATERIAL:0.5295448893916009
CE_KINGSAFETY:0.4767156621195834
C_PIECESQUARETABLES:0.5377829146003951
C_MOBILITY:0.6622451054487631
C_KINGSAFETY:0.3483515922442771
C_PAWNSTRUCTURE:0.526257832869751
C_PIECECOORDINATION:0.4836813678463026
C_ROOKANDPAWNMOVEMENT:0.4836813678463026
C_CENTERCONTROL:0.4759079612543207
C_DEVELOPPIECES:0.4492335363071853
C_MATERIAL:0.4508112876309682
