ELO:1043
CE_PASSEDPAWNS:0.4837053003267551
CE_PAWNWEAKNESSES:0.5062148070513521
CE_PIECEACTIVITY:0.48586854974957905
CE_KINGPAWNSHIELD:0.5058489131059151
CE_PIECECOORDINATION:0.5
CE_MATERIAL:0.47378498699933563
CE_KINGSAFETY:0.5
C_PIECESQUARETABLES:0.5
C_MOBILITY:0.5
C_KINGSAFETY:0.497067400002532
C_PAWNSTRUCTURE:0.5248539856510998
C_PIECECOORDINATION:0.5245577126553166
C_ROOK:0.5221569755385295
CE_ROOK:0.5007130595705892
C_CENTERCONTROL:0.5218613973040136
C_DEVELOPPIECES:0.49327848897237697
C_MATERIAL:0.49649630162887737
C_MOVECOUNT:0.4843572589500642
C_PAWNMOVEMENT:0.48514905918960954
