ELO:945
CE_PASSEDPAWNS:0.5794426542386373
CE_PAWNWEAKNESSES:0.48268595318271684
CE_PIECEACTIVITY:0.568051485042609
CE_KINGPAWNSHIELD:0.5556265191737411
CE_PIECECOORDINATION:0.5045786745386215
CE_MATERIAL:0.5446884970357394
CE_KINGSAFETY:0.47928476782669877
C_PIECESQUARETABLES:0.46709937967794096
C_MOBILITY:0.5294834584067132
C_KINGSAFETY:0.46727196347652805
C_PAWNSTRUCTURE:0.491240988346132
C_PIECECOORDINATION:0.4901830455906568
C_ROOKANDPAWNMOVEMENT:0.4901830455906568
C_CENTERCONTROL:0.5263208605166724
C_DEVELOPPIECES:0.43326869481686786
C_MATERIAL:0.41007374389820883
