ELO:959
CE_PASSEDPAWNS:0.4775132147983737
CE_PAWNWEAKNESSES:0.4537581106052948
CE_PIECEACTIVITY:0.6056281206456757
CE_KINGPAWNSHIELD:0.4873640784077908
CE_PIECECOORDINATION:0.6114854185433768
CE_MATERIAL:0.548564368780168
CE_KINGSAFETY:0.5
C_PIECESQUARETABLES:0.5
C_MOBILITY:0.6078767749164
C_KINGSAFETY:0.3612025180063923
C_PAWNSTRUCTURE:0.5017814991945853
C_PIECECOORDINATION:0.5029005162526695
C_ROOKANDPAWNMOVEMENT:0.5029005162526695
C_CENTERCONTROL:0.5267033734778602
C_DEVELOPPIECES:0.5131348342616242
C_MATERIAL:0.44059289016399744
