ELO:1065
CE_PASSEDPAWNS:0.44931148180750935
CE_PAWNWEAKNESSES:0.49933587180651473
CE_PIECEACTIVITY:0.48149396646488263
CE_KINGPAWNSHIELD:0.5408583425237625
CE_PIECECOORDINATION:0.5116313190737075
CE_MATERIAL:0.3897478775173299
CE_KINGSAFETY:0.4912532915343884
C_PIECESQUARETABLES:0.5
C_MOBILITY:0.46427435353443863
C_KINGSAFETY:0.6078677242235134
C_PAWNSTRUCTURE:0.43699486341563304
C_PIECECOORDINATION:0.4700824777388589
C_ROOKANDPAWNMOVEMENT:0.4700824777388589
C_CENTERCONTROL:0.5847701696469708
C_DEVELOPPIECES:0.5242485988601031
C_MATERIAL:0.43735661586763214
