ELO:820
CE_PASSEDPAWNS:0.5214160386951959
CE_PAWNWEAKNESSES:0.5265833632863363
CE_PIECEACTIVITY:0.468157064540368
CE_KINGPAWNSHIELD:0.5129940680937921
CE_PIECECOORDINATION:0.4734462153738087
CE_MATERIAL:0.5115675110304777
CE_KINGSAFETY:0.47771344173595703
C_PIECESQUARETABLES:0.48653425729154764
C_MOBILITY:0.47515269221259254
C_KINGSAFETY:0.5118716417771932
C_PAWNSTRUCTURE:0.5053411493330959
C_PIECECOORDINATION:0.5317776383907273
C_ROOKANDPAWNMOVEMENT:0.5317776383907273
C_CENTERCONTROL:0.5083994801122774
C_DEVELOPPIECES:0.47865825429079173
C_MATERIAL:0.4389580822757483
C_MOVECOUNT:0.5
