ELO:994
CE_PASSEDPAWNS:0.5126795271347058
CE_PAWNWEAKNESSES:0.48342198243847984
CE_PIECEACTIVITY:0.5073892445515817
CE_KINGPAWNSHIELD:0.48106476172780754
CE_PIECECOORDINATION:0.5120231320135181
CE_MATERIAL:0.5040447972482069
CE_KINGSAFETY:0.5008867809318694
C_PIECESQUARETABLES:0.4899049525162617
C_MOBILITY:0.502628728908954
C_KINGSAFETY:0.49299741512001133
C_PAWNSTRUCTURE:0.5089830359325263
C_PIECECOORDINATION:0.5
C_ROOKANDPAWNMOVEMENT:0.5
C_CENTERCONTROL:0.49833634626295187
C_DEVELOPPIECES:0.48943931310618294
C_MATERIAL:0.4821246430779898
C_MOVECOUNT:0.5
