ELO:1002
CE_PASSEDPAWNS:0.48919600849451395
CE_PAWNWEAKNESSES:0.5151371259357345
CE_PIECEACTIVITY:0.47765190240279065
CE_KINGPAWNSHIELD:0.4986928073426211
CE_PIECECOORDINATION:0.5177588925315679
CE_MATERIAL:0.4846038732116891
CE_KINGSAFETY:0.49853724504060154
C_PIECESQUARETABLES:0.4968192844371315
C_MOBILITY:0.48561318668901954
C_KINGSAFETY:0.4562522816934529
C_PAWNSTRUCTURE:0.4936213041732675
C_PIECECOORDINATION:0.4615718458566618
C_ROOKANDPAWNMOVEMENT:0.4615718458566618
C_CENTERCONTROL:0.5124990649903721
C_DEVELOPPIECES:0.4649793929838257
C_MATERIAL:0.5262116985869507
