ELO:1000
CE_PASSEDPAWNS:0.4953302807273405
CE_PAWNWEAKNESSES:0.48984545094626863
CE_PIECEACTIVITY:0.5037123174502837
CE_KINGPAWNSHIELD:0.5032104110324086
CE_PIECECOORDINATION:0.46478963628806225
CE_MATERIAL:0.476574504108513
CE_KINGSAFETY:0.5
C_PIECESQUARETABLES:0.5
C_MOBILITY:0.492589296142665
C_KINGSAFETY:0.4701006807404875
C_PAWNSTRUCTURE:0.4837383007394563
C_PIECECOORDINATION:0.5
C_ROOKANDPAWNMOVEMENT:0.5
C_CENTERCONTROL:0.4970019321308657
C_DEVELOPPIECES:0.5
C_MATERIAL:0.5
C_MOVECOUNT:0.4979172768608552
