ELO:955
CE_PASSEDPAWNS:0.42595187810893737
CE_PAWNWEAKNESSES:0.5658408619800837
CE_PIECEACTIVITY:0.39356217794449977
CE_KINGPAWNSHIELD:0.5083995293604845
CE_PIECECOORDINATION:0.47769107837413594
CE_MATERIAL:0.5284479695155668
CE_KINGSAFETY:0.4814515950326524
C_PIECESQUARETABLES:0.47918455779351515
C_MOBILITY:0.46516790508866107
C_KINGSAFETY:0.5584807733769867
C_PAWNSTRUCTURE:0.6017234008016962
C_PIECECOORDINATION:0.5178507576123269
C_ROOKANDPAWNMOVEMENT:0.5178507576123269
C_CENTERCONTROL:0.5667181669239504
C_DEVELOPPIECES:0.5369715028868185
C_MATERIAL:0.4839645136253909
