ELO:1000
CE_PASSEDPAWNS:0.47468379313669395
CE_PAWNWEAKNESSES:0.45153663843041913
CE_PIECEACTIVITY:0.44147595806696344
CE_KINGPAWNSHIELD:0.5701949792443576
CE_PIECECOORDINATION:0.5362640219681415
CE_MATERIAL:0.48653028431427014
CE_KINGSAFETY:0.5
C_PIECESQUARETABLES:0.5040795910400762
C_MOBILITY:0.5130433056725097
C_KINGSAFETY:0.46716363586100185
C_PAWNSTRUCTURE:0.5056111161150323
C_PIECECOORDINATION:0.48666574202798096
C_ROOKANDPAWNMOVEMENT:0.48666574202798096
C_CENTERCONTROL:0.5081433474885383
C_DEVELOPPIECES:0.4902782426332891
C_MATERIAL:0.5085865484173601
