ELO:810
CE_PASSEDPAWNS:0.3839085475549393
CE_PAWNWEAKNESSES:0.47074932453459656
CE_PIECEACTIVITY:0.5410608048751133
CE_KINGPAWNSHIELD:0.5414350217870209
CE_PIECECOORDINATION:0.38169548852868623
CE_MATERIAL:0.6665626367800511
CE_KINGSAFETY:0.4654237769514363
C_PIECESQUARETABLES:0.49942788064922866
C_MOBILITY:0.4750810313902058
C_KINGSAFETY:0.4548212373468616
C_PAWNSTRUCTURE:0.46067936432774004
C_PIECECOORDINATION:0.6330701144267793
C_ROOKANDPAWNMOVEMENT:0.6330701144267793
C_CENTERCONTROL:0.6386048299775772
C_DEVELOPPIECES:0.5387456963035233
C_MATERIAL:0.4736771893804799
