ELO:999
CE_PASSEDPAWNS:0.4887557957989145
CE_PAWNWEAKNESSES:0.5
CE_PIECEACTIVITY:0.5187748713052697
CE_KINGPAWNSHIELD:0.5
CE_PIECECOORDINATION:0.5023861598504312
CE_MATERIAL:0.5
CE_KINGSAFETY:0.4982989967719387
C_PIECESQUARETABLES:0.5
C_MOBILITY:0.5
C_KINGSAFETY:0.49615520898775606
C_PAWNSTRUCTURE:0.505357972646781
C_PIECECOORDINATION:0.4910438956844018
C_ROOKANDPAWNMOVEMENT:0.4910438956844018
C_CENTERCONTROL:0.501377684086606
C_DEVELOPPIECES:0.505263880147418
C_MATERIAL:0.5
C_MOVECOUNT:0.5
