ELO:641
CE_PASSEDPAWNS:0.47868389997563676
CE_PAWNWEAKNESSES:0.5103442281953607
CE_PIECEACTIVITY:0.4625589601741117
CE_KINGPAWNSHIELD:0.5634062204530762
CE_PIECECOORDINATION:0.41380103724901823
CE_MATERIAL:0.5521738901031199
CE_KINGSAFETY:0.4692701084526778
C_PIECESQUARETABLES:0.5219967310256681
C_MOBILITY:0.49026052753554267
C_KINGSAFETY:0.5283274166327782
C_PAWNSTRUCTURE:0.5725157997933561
C_PIECECOORDINATION:0.5239778299292772
C_ROOKANDPAWNMOVEMENT:0.5239778299292772
C_CENTERCONTROL:0.4165911424513062
C_DEVELOPPIECES:0.5531226909221812
C_MATERIAL:0.5053498930971076
C_MOVECOUNT:0.5
