ELO:701
CE_PASSEDPAWNS:0.515432266628445
CE_PAWNWEAKNESSES:0.5074354838485748
CE_PIECEACTIVITY:0.49159605216923946
CE_KINGPAWNSHIELD:0.4667801721244541
CE_PIECECOORDINATION:0.45897442949092077
CE_MATERIAL:0.5336961864691038
CE_KINGSAFETY:0.5270244547803159
C_PIECESQUARETABLES:0.49524346726189183
C_MOBILITY:0.4754738452476911
C_KINGSAFETY:0.5518609412575435
C_PAWNSTRUCTURE:0.5428834772094929
C_PIECECOORDINATION:0.506409512323701
C_ROOKANDPAWNMOVEMENT:0.506409512323701
C_CENTERCONTROL:0.4600577902873729
C_DEVELOPPIECES:0.5302736070124433
C_MATERIAL:0.47060770771540006
C_MOVECOUNT:0.5
