ELO:710
CE_PASSEDPAWNS:0.5068235036508948
CE_PAWNWEAKNESSES:0.48047000558718456
CE_PIECEACTIVITY:0.482338946871121
CE_KINGPAWNSHIELD:0.5371010389447312
CE_PIECECOORDINATION:0.44028007387008483
CE_MATERIAL:0.5551559031961176
CE_KINGSAFETY:0.4781814409479315
C_PIECESQUARETABLES:0.4850980152243728
C_MOBILITY:0.4460073607051042
C_KINGSAFETY:0.49706486853529386
C_PAWNSTRUCTURE:0.5670600334744206
C_PIECECOORDINATION:0.524982865762844
C_ROOKANDPAWNMOVEMENT:0.524982865762844
C_CENTERCONTROL:0.41610933624839885
C_DEVELOPPIECES:0.5619289443841282
C_MATERIAL:0.500035949830157
C_MOVECOUNT:0.5
