ELO:990
CE_PASSEDPAWNS:0.4539809355143127
CE_PAWNWEAKNESSES:0.40702542390549024
CE_PIECEACTIVITY:0.37049706883769956
CE_KINGPAWNSHIELD:0.5064751865737283
CE_PIECECOORDINATION:0.6042820742489372
CE_MATERIAL:0.5229695052582982
CE_KINGSAFETY:0.5224794645469945
C_PIECESQUARETABLES:0.5033713542702839
C_MOBILITY:0.5158483806178028
C_KINGSAFETY:0.41859101046699015
C_PAWNSTRUCTURE:0.44637881428462334
C_PIECECOORDINATION:0.5319437698071883
C_ROOKANDPAWNMOVEMENT:0.5319437698071883
C_CENTERCONTROL:0.6371734789885184
C_DEVELOPPIECES:0.48734277992303626
C_MATERIAL:0.5186673795250953
