ELO:843
CE_PASSEDPAWNS:0.4759327160440673
CE_PAWNWEAKNESSES:0.4975485237206521
CE_PIECEACTIVITY:0.47553438293548694
CE_KINGPAWNSHIELD:0.5093851636679236
CE_PIECECOORDINATION:0.5129935965653026
CE_MATERIAL:0.5315522177035332
CE_KINGSAFETY:0.5187916914771561
C_PIECESQUARETABLES:0.4765462380287716
C_MOBILITY:0.4812788522779341
C_KINGSAFETY:0.5248154330136381
C_PAWNSTRUCTURE:0.5346554304551887
C_PIECECOORDINATION:0.5139608086086739
C_ROOKANDPAWNMOVEMENT:0.5139608086086739
C_CENTERCONTROL:0.4546053686485232
C_DEVELOPPIECES:0.5151075459005626
C_MATERIAL:0.4900149871626093
C_MOVECOUNT:0.5
