ELO:1001
CE_PASSEDPAWNS:0.4918606520034574
CE_PAWNWEAKNESSES:0.5003902715685036
CE_PIECEACTIVITY:0.5345377262834891
CE_KINGPAWNSHIELD:0.49145047284638205
CE_PIECECOORDINATION:0.5318352147662153
CE_MATERIAL:0.4995801247307172
CE_KINGSAFETY:0.5
C_PIECESQUARETABLES:0.5
C_MOBILITY:0.4633075105019582
C_KINGSAFETY:0.46402129971210204
C_PAWNSTRUCTURE:0.5217660696434157
C_PIECECOORDINATION:0.5123531727840316
C_ROOK:0.526435413254912
CE_ROOK:0.4863324650030785
C_CENTERCONTROL:0.4920725275443621
C_DEVELOPPIECES:0.5035537695140523
C_MATERIAL:0.4796912385728734
C_MOVECOUNT:0.4485446241004026
C_PAWNMOVEMENT:0.4908667279518836
