ELO:1005
CE_PASSEDPAWNS:0.507687910121255
CE_PAWNWEAKNESSES:0.5043781557809013
CE_PIECEACTIVITY:0.48374954653792324
CE_KINGPAWNSHIELD:0.5421395488372523
CE_PIECECOORDINATION:0.5243016125035495
CE_MATERIAL:0.4681957308754292
CE_KINGSAFETY:0.5052528472460434
C_PIECESQUARETABLES:0.4897966917706083
C_MOBILITY:0.5054672974522659
C_KINGSAFETY:0.47532519985613714
C_PAWNSTRUCTURE:0.4810865476228273
C_PIECECOORDINATION:0.5249246779424571
C_ROOK:0.49305769600717386
CE_ROOK:0.48979706029150394
C_CENTERCONTROL:0.5069359542782315
C_DEVELOPPIECES:0.5266581763606584
C_MATERIAL:0.5146202815946229
C_MOVECOUNT:0.5439340323128935
C_PAWNMOVEMENT:0.49296620599782215
