ELO:969
CE_PASSEDPAWNS:0.5132025221817593
CE_PAWNWEAKNESSES:0.5
CE_PIECEACTIVITY:0.5267939733467584
CE_KINGPAWNSHIELD:0.4997111464745934
CE_PIECECOORDINATION:0.5155569405421015
CE_MATERIAL:0.5072286608005417
CE_KINGSAFETY:0.47715468480776346
C_PIECESQUARETABLES:0.4820788707042774
C_MOBILITY:0.5088902439941603
C_KINGSAFETY:0.49107858302565915
C_PAWNSTRUCTURE:0.5113236285593837
C_PIECECOORDINATION:0.4883642431551249
C_ROOKANDPAWNMOVEMENT:0.4883642431551249
C_CENTERCONTROL:0.5033102498980815
C_DEVELOPPIECES:0.4942067585669736
C_MATERIAL:0.4933225510300558
C_MOVECOUNT:0.5073395048555596
