ELO:983
CE_PASSEDPAWNS:0.44599549997746973
CE_PAWNWEAKNESSES:0.5252316297542585
CE_PIECEACTIVITY:0.38889761949289386
CE_KINGPAWNSHIELD:0.5027726014033966
CE_PIECECOORDINATION:0.5128751113214387
CE_MATERIAL:0.4843406948860335
CE_KINGSAFETY:0.49059128928628415
C_PIECESQUARETABLES:0.5094132867927539
C_MOBILITY:0.5010238789344506
C_KINGSAFETY:0.5323761717227753
C_PAWNSTRUCTURE:0.6077949928434184
C_PIECECOORDINATION:0.5126756971272851
C_ROOKANDPAWNMOVEMENT:0.5126756971272851
C_CENTERCONTROL:0.5442699287522532
C_DEVELOPPIECES:0.5038461562558074
C_MATERIAL:0.5257666207797165
