ELO:941
CE_PASSEDPAWNS:0.488598795007992
CE_PAWNWEAKNESSES:0.5
CE_PIECEACTIVITY:0.4673406213073446
CE_KINGPAWNSHIELD:0.5007253738713525
CE_PIECECOORDINATION:0.5
CE_MATERIAL:0.49790209363522986
CE_KINGSAFETY:0.4972148259833259
C_PIECESQUARETABLES:0.5
C_MOBILITY:0.5259380657651409
C_KINGSAFETY:0.5119137285277352
C_PAWNSTRUCTURE:0.4993981524376169
C_PIECECOORDINATION:0.48674630218768616
C_ROOKANDPAWNMOVEMENT:0.48674630218768616
C_CENTERCONTROL:0.4836838245803243
C_DEVELOPPIECES:0.49695213849363323
C_MATERIAL:0.4950739439620884
C_MOVECOUNT:0.5439896520375312
