ELO:986
CE_PASSEDPAWNS:0.5000955264678527
CE_PAWNWEAKNESSES:0.5068049629978992
CE_PIECEACTIVITY:0.49005987675520923
CE_KINGPAWNSHIELD:0.5097979974680088
CE_PIECECOORDINATION:0.5
CE_MATERIAL:0.4945788665474147
CE_KINGSAFETY:0.48935080870451053
C_PIECESQUARETABLES:0.5063013469354047
C_MOBILITY:0.49686505337636544
C_KINGSAFETY:0.48331716386585905
C_PAWNSTRUCTURE:0.5249462601770475
C_PIECECOORDINATION:0.5243786866326422
C_ROOKANDPAWNMOVEMENT:0.5243786866326422
C_CENTERCONTROL:0.4969051462478984
C_DEVELOPPIECES:0.49782043407012816
C_MATERIAL:0.5121822440857207
