ELO:997
CE_PASSEDPAWNS:0.4651924746221855
CE_PAWNWEAKNESSES:0.4077534482532237
CE_PIECEACTIVITY:0.37929420650147844
CE_KINGPAWNSHIELD:0.553304810663879
CE_PIECECOORDINATION:0.5740836818059081
CE_MATERIAL:0.5021324171711193
CE_KINGSAFETY:0.48370046457172056
C_PIECESQUARETABLES:0.5189530394666779
C_MOBILITY:0.5501116592399105
C_KINGSAFETY:0.45665444924843845
C_PAWNSTRUCTURE:0.4271307212260922
C_PIECECOORDINATION:0.5009787831363504
C_ROOKANDPAWNMOVEMENT:0.5009787831363504
C_CENTERCONTROL:0.6017280988620847
C_DEVELOPPIECES:0.4740225693006324
C_MATERIAL:0.4788595502445977
