ELO:982
CE_PASSEDPAWNS:0.509353078226138
CE_PAWNWEAKNESSES:0.5
CE_PIECEACTIVITY:0.486648116795255
CE_KINGPAWNSHIELD:0.5373657564043463
CE_PIECECOORDINATION:0.509504371660561
CE_MATERIAL:0.48444205806088486
CE_KINGSAFETY:0.499823397162209
C_PIECESQUARETABLES:0.4882051563429892
C_MOBILITY:0.5083575231406254
C_KINGSAFETY:0.49129429193984653
C_PAWNSTRUCTURE:0.5
C_PIECECOORDINATION:0.5003440157294614
C_ROOK:0.49168085733768485
CE_ROOK:0.48668478793649844
C_CENTERCONTROL:0.5021513444890439
C_DEVELOPPIECES:0.510209965024658
C_MATERIAL:0.515852790157753
C_MOVECOUNT:0.5314793720221535
C_PAWNMOVEMENT:0.5
