ELO:988
CE_PASSEDPAWNS:0.5075667437716518
CE_PAWNWEAKNESSES:0.5128889835512717
CE_PIECEACTIVITY:0.5092829254165899
CE_KINGPAWNSHIELD:0.40000386807704497
CE_PIECECOORDINATION:0.45543883149057895
CE_MATERIAL:0.5426613336155885
CE_KINGSAFETY:0.48763922746699895
C_PIECESQUARETABLES:0.49652128342644375
C_MOBILITY:0.49469385719964115
C_KINGSAFETY:0.5082943476334842
C_PAWNSTRUCTURE:0.4917174384411339
C_PIECECOORDINATION:0.5350567576815112
C_ROOKANDPAWNMOVEMENT:0.5350567576815112
C_CENTERCONTROL:0.38211851825908083
C_DEVELOPPIECES:0.5010721339910862
C_MATERIAL:0.5859692747107864
