ELO:681
CE_PASSEDPAWNS:0.4906343111568234
CE_PAWNWEAKNESSES:0.4942174930545681
CE_PIECEACTIVITY:0.47609473881111336
CE_KINGPAWNSHIELD:0.4899946037631312
CE_PIECECOORDINATION:0.44926143668395335
CE_MATERIAL:0.5312621435562793
CE_KINGSAFETY:0.5081975191289019
C_PIECESQUARETABLES:0.5
C_MOBILITY:0.45185712170994907
C_KINGSAFETY:0.5445465844027058
C_PAWNSTRUCTURE:0.5556281500394618
C_PIECECOORDINATION:0.5226524991837368
C_ROOKANDPAWNMOVEMENT:0.5226524991837368
C_CENTERCONTROL:0.4428874218847839
C_DEVELOPPIECES:0.5062795230187042
C_MATERIAL:0.48829617809492243
C_MOVECOUNT:0.5
