ELO:993
CE_PASSEDPAWNS:0.507687910121255
CE_PAWNWEAKNESSES:0.5043781557809013
CE_PIECEACTIVITY:0.497880334929145
CE_KINGPAWNSHIELD:0.5421395488372523
CE_PIECECOORDINATION:0.5165382216009969
CE_MATERIAL:0.47745912785860395
CE_KINGSAFETY:0.5
C_PIECESQUARETABLES:0.5
C_MOBILITY:0.5137148936153423
C_KINGSAFETY:0.47532519985613714
C_PAWNSTRUCTURE:0.4728644506824377
C_PIECECOORDINATION:0.530295288465876
C_ROOK:0.49305769600717386
CE_ROOK:0.48321105348113336
C_CENTERCONTROL:0.5069359542782315
C_DEVELOPPIECES:0.5346923970019006
C_MATERIAL:0.5146202815946229
C_MOVECOUNT:0.5415270350090413
C_PAWNMOVEMENT:0.5
