ELO:1016
CE_PASSEDPAWNS:0.49628752173018603
CE_PAWNWEAKNESSES:0.5042856909753313
CE_PIECEACTIVITY:0.48374954653792324
CE_KINGPAWNSHIELD:0.543778007115041
CE_PIECECOORDINATION:0.5206120410843308
CE_MATERIAL:0.4681957308754292
CE_KINGSAFETY:0.49491462192550917
C_PIECESQUARETABLES:0.4987396647846731
C_MOBILITY:0.5159775306426676
C_KINGSAFETY:0.47532519985613714
C_PAWNSTRUCTURE:0.48875134383345237
C_PIECECOORDINATION:0.5348309613803539
C_ROOK:0.49398444940472735
CE_ROOK:0.48979706029150394
C_CENTERCONTROL:0.4991893764129494
C_DEVELOPPIECES:0.5266581763606584
C_MATERIAL:0.5146202815946229
C_MOVECOUNT:0.5392527613473729
C_PAWNMOVEMENT:0.49296620599782215
