ELO:757
CE_PASSEDPAWNS:0.3646249439850735
CE_PAWNWEAKNESSES:0.4649287978184681
CE_PIECEACTIVITY:0.5348869508323881
CE_KINGPAWNSHIELD:0.5198992568321055
CE_PIECECOORDINATION:0.39112338836298016
CE_MATERIAL:0.654044025041571
CE_KINGSAFETY:0.46692121029952277
C_PIECESQUARETABLES:0.5002498937687607
C_MOBILITY:0.465207535147711
C_KINGSAFETY:0.4671976943081221
C_PAWNSTRUCTURE:0.4704112155848769
C_PIECECOORDINATION:0.6214522899792396
C_ROOKANDPAWNMOVEMENT:0.6214522899792396
C_CENTERCONTROL:0.6506069980941193
C_DEVELOPPIECES:0.5447517605396467
C_MATERIAL:0.4621573284079974
