ELO:1000
CE_PASSEDPAWNS:0.46880896552140355
CE_PAWNWEAKNESSES:0.49818359267799395
CE_PIECEACTIVITY:0.407426337010165
CE_KINGPAWNSHIELD:0.5149217879330739
CE_PIECECOORDINATION:0.5165360816327126
CE_MATERIAL:0.4808098183991567
CE_KINGSAFETY:0.4464274238039268
C_PIECESQUARETABLES:0.5148678115302584
C_MOBILITY:0.526363428927527
C_KINGSAFETY:0.5353692573990675
C_PAWNSTRUCTURE:0.5791958010712089
C_PIECECOORDINATION:0.5000846652319403
C_ROOKANDPAWNMOVEMENT:0.5000846652319403
C_CENTERCONTROL:0.5335255280866812
C_DEVELOPPIECES:0.48484402833286294
C_MATERIAL:0.5165694966888531
