ELO:813
CE_PASSEDPAWNS:0.4460801159330393
CE_PAWNWEAKNESSES:0.5135885291767677
CE_PIECEACTIVITY:0.46260983795387095
CE_KINGPAWNSHIELD:0.5330009874633824
CE_PIECECOORDINATION:0.5015790745976892
CE_MATERIAL:0.5175490149725732
CE_KINGSAFETY:0.5849842082657871
C_PIECESQUARETABLES:0.46704042410382257
C_MOBILITY:0.5015746264387473
C_KINGSAFETY:0.4998660398487397
C_PAWNSTRUCTURE:0.5125786614303871
C_PIECECOORDINATION:0.5343792417147362
C_ROOKANDPAWNMOVEMENT:0.5343792417147362
C_CENTERCONTROL:0.5788206167338783
C_DEVELOPPIECES:0.5010778282650601
C_MATERIAL:0.5013769737792879
C_MOVECOUNT:0.5043879929671211
