ELO:986
CE_PASSEDPAWNS:0.502499889822809
CE_PAWNWEAKNESSES:0.5105860448868877
CE_PIECEACTIVITY:0.47165909069205764
CE_KINGPAWNSHIELD:0.5463411420170595
CE_PIECECOORDINATION:0.5030087640499926
CE_MATERIAL:0.5553762284867769
CE_KINGSAFETY:0.5
C_PIECESQUARETABLES:0.5
C_MOBILITY:0.5329939124797151
C_KINGSAFETY:0.4780892675271773
C_PAWNSTRUCTURE:0.49619028459228515
C_PIECECOORDINATION:0.5082937951683871
C_ROOK:0.5272298454178094
CE_ROOK:0.5189390301070292
C_CENTERCONTROL:0.5105169174189829
C_DEVELOPPIECES:0.5227082644589882
C_MATERIAL:0.5118345773758886
C_MOVECOUNT:0.49177711085518133
C_PAWNMOVEMENT:0.501701173088018
