ELO:929
CE_PASSEDPAWNS:0.44340404944685397
CE_PAWNWEAKNESSES:0.5454942963536404
CE_PIECEACTIVITY:0.3841310860624581
CE_KINGPAWNSHIELD:0.5088958259165456
CE_PIECECOORDINATION:0.4426871774231936
CE_MATERIAL:0.5119185894144983
CE_KINGSAFETY:0.5424058030399108
C_PIECESQUARETABLES:0.5104135981997011
C_MOBILITY:0.44675982954172344
C_KINGSAFETY:0.5671741156882579
C_PAWNSTRUCTURE:0.5775533611061153
C_PIECECOORDINATION:0.5131567965398908
C_ROOKANDPAWNMOVEMENT:0.5131567965398908
C_CENTERCONTROL:0.5428268697392528
C_DEVELOPPIECES:0.5534341906798816
C_MATERIAL:0.4863168241090804
