ELO:1003
CE_PASSEDPAWNS:0.5090601427018427
CE_PAWNWEAKNESSES:0.5
CE_PIECEACTIVITY:0.5131906926674364
CE_KINGPAWNSHIELD:0.5
CE_PIECECOORDINATION:0.5
CE_MATERIAL:0.49020728033412736
CE_KINGSAFETY:0.5
C_PIECESQUARETABLES:0.5091835462074095
C_MOBILITY:0.5000359123183172
C_KINGSAFETY:0.5005620545113347
C_PAWNSTRUCTURE:0.5
C_PIECECOORDINATION:0.5
C_ROOKANDPAWNMOVEMENT:0.5
C_CENTERCONTROL:0.5003675250946639
C_DEVELOPPIECES:0.5009045355601793
C_MATERIAL:0.49759048489012503
