ELO:1041
CE_PASSEDPAWNS:0.4943573867250373
CE_PAWNWEAKNESSES:0.4885248086359001
CE_PIECEACTIVITY:0.4736586463170317
CE_KINGPAWNSHIELD:0.5126311622269968
CE_PIECECOORDINATION:0.5
CE_MATERIAL:0.4996845655273095
CE_KINGSAFETY:0.5069611378134872
C_PIECESQUARETABLES:0.5
C_MOBILITY:0.5
C_KINGSAFETY:0.5
C_PAWNSTRUCTURE:0.5079520194524908
C_PIECECOORDINATION:0.5329456088857981
C_ROOK:0.5022809084393925
CE_ROOK:0.5190876741457666
C_CENTERCONTROL:0.49959139489163834
C_DEVELOPPIECES:0.49101058999155955
C_MATERIAL:0.4982642345121454
C_MOVECOUNT:0.48008236031106266
C_PAWNMOVEMENT:0.490074566256217
