ELO:877
CE_PASSEDPAWNS:0.4494508544413044
CE_PAWNWEAKNESSES:0.3761733630331272
CE_PIECEACTIVITY:0.3539609403755328
CE_KINGPAWNSHIELD:0.5070342865567553
CE_PIECECOORDINATION:0.6328929354508185
CE_MATERIAL:0.4813828140152909
CE_KINGSAFETY:0.5425102224224521
C_PIECESQUARETABLES:0.48883137306967794
C_MOBILITY:0.4860327369791989
C_KINGSAFETY:0.3356255086323225
C_PAWNSTRUCTURE:0.45226117156152607
C_PIECECOORDINATION:0.4800593257707968
C_ROOKANDPAWNMOVEMENT:0.4800593257707968
C_CENTERCONTROL:0.5850687252787026
C_DEVELOPPIECES:0.44317890903572593
C_MATERIAL:0.4967077766545881
