ELO:934
CE_PASSEDPAWNS:0.5002491935163921
CE_PAWNWEAKNESSES:0.5092716204749508
CE_PIECEACTIVITY:0.5047279920362189
CE_KINGPAWNSHIELD:0.48981721049253085
CE_PIECECOORDINATION:0.5044771796338818
CE_MATERIAL:0.5039487402410133
CE_KINGSAFETY:0.49639133575553235
C_PIECESQUARETABLES:0.49510337366242213
C_MOBILITY:0.5003222528313321
C_KINGSAFETY:0.5032812664234233
C_PAWNSTRUCTURE:0.5
C_PIECECOORDINATION:0.5258708146994875
C_ROOKANDPAWNMOVEMENT:0.5258708146994875
C_CENTERCONTROL:0.4719207372572427
C_DEVELOPPIECES:0.5097830808059174
C_MATERIAL:0.4631584153624281
C_MOVECOUNT:0.5
