ELO:838
CE_PASSEDPAWNS:0.41926079760276036
CE_PAWNWEAKNESSES:0.5007582284027127
CE_PIECEACTIVITY:0.44975863148487444
CE_KINGPAWNSHIELD:0.5059169911052309
CE_PIECECOORDINATION:0.5123237041284749
CE_MATERIAL:0.48696203146695727
CE_KINGSAFETY:0.5665917252119295
C_PIECESQUARETABLES:0.4721861294816258
C_MOBILITY:0.4951066696145961
C_KINGSAFETY:0.46951767581180676
C_PAWNSTRUCTURE:0.5003006070882584
C_PIECECOORDINATION:0.477652517831138
C_ROOKANDPAWNMOVEMENT:0.477652517831138
C_CENTERCONTROL:0.5840766701282809
C_DEVELOPPIECES:0.5076908455820537
C_MATERIAL:0.4949420050367986
C_MOVECOUNT:0.46554534927992924
