ELO:982
CE_PASSEDPAWNS:0.510199268890733
CE_PAWNWEAKNESSES:0.49063567520518536
CE_PIECEACTIVITY:0.47196365928516015
CE_KINGPAWNSHIELD:0.49613976256308856
CE_PIECECOORDINATION:0.4869589944116641
CE_MATERIAL:0.5084287869270395
CE_KINGSAFETY:0.503150334659722
C_PIECESQUARETABLES:0.4898981319513928
C_MOBILITY:0.516597440344519
C_KINGSAFETY:0.4984281696087872
C_PAWNSTRUCTURE:0.4995567192984448
C_PIECECOORDINATION:0.5149247914200973
C_ROOKANDPAWNMOVEMENT:0.5149247914200973
C_CENTERCONTROL:0.49665031514963937
C_DEVELOPPIECES:0.4993749219768806
C_MATERIAL:0.49387338027969574
C_MOVECOUNT:0.5
