ELO:991
CE_PASSEDPAWNS:0.4922248483000885
CE_PAWNWEAKNESSES:0.5150669929688684
CE_PIECEACTIVITY:0.5106700029888525
CE_KINGPAWNSHIELD:0.5530337351063599
CE_PIECECOORDINATION:0.5162857877115556
CE_MATERIAL:0.5440874491366307
CE_KINGSAFETY:0.49847771783149686
C_PIECESQUARETABLES:0.5209574797318854
C_MOBILITY:0.5289692218775962
C_KINGSAFETY:0.47980199624503395
C_PAWNSTRUCTURE:0.4983109906759668
C_PIECECOORDINATION:0.5025454030159953
C_ROOK:0.49572466866927944
CE_ROOK:0.48575594002870437
C_CENTERCONTROL:0.5105169174189829
C_DEVELOPPIECES:0.5440229099677265
C_MATERIAL:0.488279915084154
C_MOVECOUNT:0.4946222382736992
C_PAWNMOVEMENT:0.4816972342569212
