ELO:923
CE_PASSEDPAWNS:0.4739342855335324
CE_PAWNWEAKNESSES:0.40742412576163667
CE_PIECEACTIVITY:0.37325451186296865
CE_KINGPAWNSHIELD:0.4836359042960485
CE_PIECECOORDINATION:0.6329696375292699
CE_MATERIAL:0.5286025132995305
CE_KINGSAFETY:0.4868337157087286
C_PIECESQUARETABLES:0.49174714544633724
C_MOBILITY:0.4628315975178828
C_KINGSAFETY:0.3597640804311127
C_PAWNSTRUCTURE:0.43837769777916735
C_PIECECOORDINATION:0.5045750522463872
C_ROOKANDPAWNMOVEMENT:0.5045750522463872
C_CENTERCONTROL:0.6277312813477162
C_DEVELOPPIECES:0.4755469539504229
C_MATERIAL:0.4851614912607406
