ELO:1000
CE_PASSEDPAWNS:0.48201358056778504
CE_PAWNWEAKNESSES:0.494050587202819
CE_PIECEACTIVITY:0.45781888111699787
CE_KINGPAWNSHIELD:0.47808918018810703
CE_PIECECOORDINATION:0.48880078211667566
CE_MATERIAL:0.4824666725243446
CE_KINGSAFETY:0.48572309635724037
C_PIECESQUARETABLES:0.5168272248854611
C_MOBILITY:0.49192782052360506
C_KINGSAFETY:0.521615596502626
C_PAWNSTRUCTURE:0.5147747400550207
C_PIECECOORDINATION:0.4964889787081308
C_ROOKANDPAWNMOVEMENT:0.4964889787081308
C_CENTERCONTROL:0.507987044916782
C_DEVELOPPIECES:0.47590123621848274
C_MATERIAL:0.47808866308538983
