ELO:1000
CE_PASSEDPAWNS:0.46579263363193657
CE_PAWNWEAKNESSES:0.4216974087610055
CE_PIECEACTIVITY:0.40311353024963686
CE_KINGPAWNSHIELD:0.5435289338333796
CE_PIECECOORDINATION:0.5621143755892818
CE_MATERIAL:0.516072831023831
CE_KINGSAFETY:0.5091076173551227
C_PIECESQUARETABLES:0.5081082711528536
C_MOBILITY:0.5415575362364632
C_KINGSAFETY:0.4546078237338046
C_PAWNSTRUCTURE:0.442797168838523
C_PIECECOORDINATION:0.5054119730020323
C_ROOKANDPAWNMOVEMENT:0.5054119730020323
C_CENTERCONTROL:0.5687565358317278
C_DEVELOPPIECES:0.47654004742181083
C_MATERIAL:0.5145061787261804
