ELO:1033
CE_PASSEDPAWNS:0.6175246635903169
CE_PAWNWEAKNESSES:0.4774261852355696
CE_PIECEACTIVITY:0.45521387114505507
CE_KINGPAWNSHIELD:0.49061807403942004
CE_PIECECOORDINATION:0.4946125833907309
CE_MATERIAL:0.4713838342856898
CE_KINGSAFETY:0.46510463927948437
C_PIECESQUARETABLES:0.48919950683598795
C_MOBILITY:0.38898905077740814
C_KINGSAFETY:0.5350979862128326
C_PAWNSTRUCTURE:0.3996723644315106
C_PIECECOORDINATION:0.48465234138841573
C_ROOKANDPAWNMOVEMENT:0.48465234138841573
C_CENTERCONTROL:0.5230798072905367
C_DEVELOPPIECES:0.5678442557469313
C_MATERIAL:0.44551926662968
