ELO:1000
CE_PASSEDPAWNS:0.505204461588072
CE_PAWNWEAKNESSES:0.481893285394682
CE_PIECEACTIVITY:0.4491123094336382
CE_KINGPAWNSHIELD:0.5158165825536454
CE_PIECECOORDINATION:0.5426295394330071
CE_MATERIAL:0.4902245315103632
CE_KINGSAFETY:0.5044227792787802
C_PIECESQUARETABLES:0.5046873663738363
C_MOBILITY:0.5321579417705196
C_KINGSAFETY:0.5091268929871238
C_PAWNSTRUCTURE:0.5087098009212291
C_PIECECOORDINATION:0.5049420500478045
C_ROOKANDPAWNMOVEMENT:0.5049420500478045
C_CENTERCONTROL:0.5002309319854356
C_DEVELOPPIECES:0.4662946089749577
C_MATERIAL:0.49795046276637833
