ELO:993
CE_PASSEDPAWNS:0.49628752173018603
CE_PAWNWEAKNESSES:0.5057685797643877
CE_PIECEACTIVITY:0.4992228611167569
CE_KINGPAWNSHIELD:0.543778007115041
CE_PIECECOORDINATION:0.49886751527461276
CE_MATERIAL:0.5231338147976627
CE_KINGSAFETY:0.49491462192550917
C_PIECESQUARETABLES:0.4946698359210181
C_MOBILITY:0.5159775306426676
C_KINGSAFETY:0.48367132407162133
C_PAWNSTRUCTURE:0.5063183708414672
C_PIECECOORDINATION:0.5153259698365535
C_ROOK:0.49815907294963774
CE_ROOK:0.4969338472163354
C_CENTERCONTROL:0.5105034208647942
C_DEVELOPPIECES:0.5354998758141235
C_MATERIAL:0.5018787088853123
C_MOVECOUNT:0.4955450531549359
C_PAWNMOVEMENT:0.4960029005359412
