ELO:991
CE_PASSEDPAWNS:0.49172129440606427
CE_PAWNWEAKNESSES:0.5167718636385193
CE_PIECEACTIVITY:0.4863018706381516
CE_KINGPAWNSHIELD:0.5032104110324086
CE_PIECECOORDINATION:0.4982777585465521
CE_MATERIAL:0.4834397414488221
CE_KINGSAFETY:0.5
C_PIECESQUARETABLES:0.5
C_MOBILITY:0.48898580481494125
C_KINGSAFETY:0.49794401795660814
C_PAWNSTRUCTURE:0.5
C_PIECECOORDINATION:0.4508379622575531
C_ROOKANDPAWNMOVEMENT:0.4508379622575531
C_CENTERCONTROL:0.5203737339224592
C_DEVELOPPIECES:0.5
C_MATERIAL:0.5004601535131754
C_MOVECOUNT:0.5244591540719499
