ELO:1025
CE_PASSEDPAWNS:0.4980764605273427
CE_PAWNWEAKNESSES:0.5420560687623416
CE_PIECEACTIVITY:0.47225465398940075
CE_KINGPAWNSHIELD:0.5292612059159568
CE_PIECECOORDINATION:0.5199192506510432
CE_MATERIAL:0.5
CE_KINGSAFETY:0.5
C_PIECESQUARETABLES:0.5
C_MOBILITY:0.48209560630350645
C_KINGSAFETY:0.4833327887955052
C_PAWNSTRUCTURE:0.5431967049580011
C_PIECECOORDINATION:0.5123774048573894
C_ROOK:0.5
CE_ROOK:0.5157836039624435
C_CENTERCONTROL:0.5107528248670821
C_DEVELOPPIECES:0.4961384099354208
C_MATERIAL:0.47759231880041597
C_MOVECOUNT:0.5153178805464597
C_PAWNMOVEMENT:0.48514905918960954
