ELO:1018
CE_PASSEDPAWNS:0.5400354084023881
CE_PAWNWEAKNESSES:0.5420560687623416
CE_PIECEACTIVITY:0.5241675687754141
CE_KINGPAWNSHIELD:0.48875468384227955
CE_PIECECOORDINATION:0.5080081785316549
CE_MATERIAL:0.506691873509205
CE_KINGSAFETY:0.5
C_PIECESQUARETABLES:0.5
C_MOBILITY:0.54387804628315
C_KINGSAFETY:0.5123723694021942
C_PAWNSTRUCTURE:0.5133292092187679
C_PIECECOORDINATION:0.5105061402536476
C_ROOK:0.5293711526009638
CE_ROOK:0.5174435481672837
C_CENTERCONTROL:0.4745793793368343
C_DEVELOPPIECES:0.4961384099354208
C_MATERIAL:0.5359843645983394
C_MOVECOUNT:0.4546882607223462
C_PAWNMOVEMENT:0.4784800926892652
