ELO:918
CE_PASSEDPAWNS:0.5055249130514479
CE_PAWNWEAKNESSES:0.4971858539213985
CE_PIECEACTIVITY:0.4835535838587255
CE_KINGPAWNSHIELD:0.5115217929012965
CE_PIECECOORDINATION:0.5203707279396855
CE_MATERIAL:0.5255737027590176
CE_KINGSAFETY:0.5162177395799813
C_PIECESQUARETABLES:0.4863702362982009
C_MOBILITY:0.48645717446495174
C_KINGSAFETY:0.5121902105659178
C_PAWNSTRUCTURE:0.5127859710400742
C_PIECECOORDINATION:0.5344223755933716
C_ROOKANDPAWNMOVEMENT:0.5344223755933716
C_CENTERCONTROL:0.48300615483276327
C_DEVELOPPIECES:0.48317794237781975
C_MATERIAL:0.5039241596144407
