ELO:1081
CE_PASSEDPAWNS:0.6072347472471995
CE_PAWNWEAKNESSES:0.5065069256976362
CE_PIECEACTIVITY:0.45412180562673793
CE_KINGPAWNSHIELD:0.4807541654527715
CE_PIECECOORDINATION:0.47878799812468537
CE_MATERIAL:0.46333046580705034
CE_KINGSAFETY:0.46122369471862673
C_PIECESQUARETABLES:0.49345349257737925
C_MOBILITY:0.39308322496030873
C_KINGSAFETY:0.5131633346594543
C_PAWNSTRUCTURE:0.41216815377321125
C_PIECECOORDINATION:0.47305225469923445
C_ROOKANDPAWNMOVEMENT:0.47305225469923445
C_CENTERCONTROL:0.5105806338002415
C_DEVELOPPIECES:0.5743744472557333
C_MATERIAL:0.4280508077920871
