ELO:960
CE_PASSEDPAWNS:0.46625626685774085
CE_PAWNWEAKNESSES:0.4271138396268793
CE_PIECEACTIVITY:0.37304885325541964
CE_KINGPAWNSHIELD:0.4939126420529645
CE_PIECECOORDINATION:0.6403200428112246
CE_MATERIAL:0.5120467777515766
CE_KINGSAFETY:0.5149229706439621
C_PIECESQUARETABLES:0.4861090848293505
C_MOBILITY:0.48874384053086084
C_KINGSAFETY:0.37801296577394167
C_PAWNSTRUCTURE:0.44034390976449356
C_PIECECOORDINATION:0.5245171664399076
C_ROOKANDPAWNMOVEMENT:0.5245171664399076
C_CENTERCONTROL:0.6366985021845406
C_DEVELOPPIECES:0.4820511764675531
C_MATERIAL:0.5304662595583384
