ELO:998
CE_PASSEDPAWNS:0.4539854092783469
CE_PAWNWEAKNESSES:0.41395662807841205
CE_PIECEACTIVITY:0.391797089441181
CE_KINGPAWNSHIELD:0.5403818670407928
CE_PIECECOORDINATION:0.5692356266664996
CE_MATERIAL:0.5157878176600782
CE_KINGSAFETY:0.4991039980507258
C_PIECESQUARETABLES:0.5299259669510935
C_MOBILITY:0.5615308407950671
C_KINGSAFETY:0.4612012712340239
C_PAWNSTRUCTURE:0.4307805092890933
C_PIECECOORDINATION:0.5036757806009906
C_ROOKANDPAWNMOVEMENT:0.5036757806009906
C_CENTERCONTROL:0.5622244744132668
C_DEVELOPPIECES:0.46710041016736037
C_MATERIAL:0.5139759331073241
