ELO:928
CE_PASSEDPAWNS:0.5059456229971419
CE_PAWNWEAKNESSES:0.5166619048109269
CE_PIECEACTIVITY:0.5132155410100353
CE_KINGPAWNSHIELD:0.4959501334411141
CE_PIECECOORDINATION:0.4867801501980828
CE_MATERIAL:0.5026919133023985
CE_KINGSAFETY:0.49562866717013676
C_PIECESQUARETABLES:0.5224503597846863
C_MOBILITY:0.4913691236830471
C_KINGSAFETY:0.4649042718674116
C_PAWNSTRUCTURE:0.5105293880047412
C_PIECECOORDINATION:0.4881868431606568
C_ROOKANDPAWNMOVEMENT:0.4881868431606568
C_CENTERCONTROL:0.5138459397863372
C_DEVELOPPIECES:0.5028853192291559
C_MATERIAL:0.5215869499508384
C_MOVECOUNT:0.4731493856212139
