ELO:923
CE_PASSEDPAWNS:0.4739342855335324
CE_PAWNWEAKNESSES:0.40742412576163667
CE_PIECEACTIVITY:0.37325451186296865
CE_KINGPAWNSHIELD:0.490231261956008
CE_PIECECOORDINATION:0.6423993545191139
CE_MATERIAL:0.5275299629064846
CE_KINGSAFETY:0.4868337157087286
C_PIECESQUARETABLES:0.49174714544633724
C_MOBILITY:0.47020488024673696
C_KINGSAFETY:0.35332534792410947
C_PAWNSTRUCTURE:0.43645994120891823
C_PIECECOORDINATION:0.49979396952263794
C_ROOKANDPAWNMOVEMENT:0.49979396952263794
C_CENTERCONTROL:0.6224813109182342
C_DEVELOPPIECES:0.4755469539504229
C_MATERIAL:0.5036228164947621
