ELO:942
CE_PASSEDPAWNS:0.47465014207928746
CE_PAWNWEAKNESSES:0.4955871524941412
CE_PIECEACTIVITY:0.49235106015948643
CE_KINGPAWNSHIELD:0.4803979596158448
CE_PIECECOORDINATION:0.49990292177051776
CE_MATERIAL:0.5193822104554848
CE_KINGSAFETY:0.5024390517071525
C_PIECESQUARETABLES:0.5046462082428553
C_MOBILITY:0.49750121891852944
C_KINGSAFETY:0.500931423433493
C_PAWNSTRUCTURE:0.49710601349007477
C_PIECECOORDINATION:0.4747075589457747
C_ROOKANDPAWNMOVEMENT:0.4747075589457747
C_CENTERCONTROL:0.49994284736936767
C_DEVELOPPIECES:0.5031704949116859
C_MATERIAL:0.5060308066488738
C_MOVECOUNT:0.5142414377680521
