ELO:731
CE_PASSEDPAWNS:0.5113295515070877
CE_PAWNWEAKNESSES:0.46987702078359184
CE_PIECEACTIVITY:0.47446970523122767
CE_KINGPAWNSHIELD:0.5277124022104387
CE_PIECECOORDINATION:0.4268809173073625
CE_MATERIAL:0.5445477200106918
CE_KINGSAFETY:0.4869060459934927
C_PIECESQUARETABLES:0.49594104381373727
C_MOBILITY:0.4473461812772806
C_KINGSAFETY:0.5072008152043821
C_PAWNSTRUCTURE:0.5692969916805269
C_PIECECOORDINATION:0.5324956558304362
C_ROOKANDPAWNMOVEMENT:0.5324956558304362
C_CENTERCONTROL:0.3939131713262423
C_DEVELOPPIECES:0.5519287790736997
C_MATERIAL:0.48613624359085283
C_MOVECOUNT:0.5
