ELO:919
CE_PASSEDPAWNS:0.43861957974791366
CE_PAWNWEAKNESSES:0.5335811092610667
CE_PIECEACTIVITY:0.38550147136358415
CE_KINGPAWNSHIELD:0.49699951305239154
CE_PIECECOORDINATION:0.44972606674429916
CE_MATERIAL:0.514931768120023
CE_KINGSAFETY:0.5584915353573433
C_PIECESQUARETABLES:0.5139144037294483
C_MOBILITY:0.4532433478049353
C_KINGSAFETY:0.5619247487675997
C_PAWNSTRUCTURE:0.5991007334493951
C_PIECECOORDINATION:0.504174954690412
C_ROOKANDPAWNMOVEMENT:0.504174954690412
C_CENTERCONTROL:0.5226676412466865
C_DEVELOPPIECES:0.5633642494684917
C_MATERIAL:0.4749126723934774
