ELO:991
CE_PASSEDPAWNS:0.4705423097198012
CE_PAWNWEAKNESSES:0.5291232358615733
CE_PIECEACTIVITY:0.4147648698978443
CE_KINGPAWNSHIELD:0.5018789016348486
CE_PIECECOORDINATION:0.5230612181685459
CE_MATERIAL:0.48044296220651284
CE_KINGSAFETY:0.513128612162039
C_PIECESQUARETABLES:0.5090604807307296
C_MOBILITY:0.5372041147213626
C_KINGSAFETY:0.5303595167571854
C_PAWNSTRUCTURE:0.5965717649461912
C_PIECECOORDINATION:0.48878141785493984
C_ROOKANDPAWNMOVEMENT:0.48878141785493984
C_CENTERCONTROL:0.5657119082873899
C_DEVELOPPIECES:0.4976248651314652
C_MATERIAL:0.4810632546790864
