ELO:909
CE_PASSEDPAWNS:0.4694903273684486
CE_PAWNWEAKNESSES:0.5281821788225025
CE_PIECEACTIVITY:0.4664305364312361
CE_KINGPAWNSHIELD:0.5542711416784888
CE_PIECECOORDINATION:0.5027659319153662
CE_MATERIAL:0.4961134305028975
CE_KINGSAFETY:0.5548179445607417
C_PIECESQUARETABLES:0.49507787939249737
C_MOBILITY:0.49157733751258087
C_KINGSAFETY:0.532877287410223
C_PAWNSTRUCTURE:0.519484960811503
C_PIECECOORDINATION:0.47816725260674825
C_ROOKANDPAWNMOVEMENT:0.47816725260674825
C_CENTERCONTROL:0.5437032284304361
C_DEVELOPPIECES:0.5252704135293862
C_MATERIAL:0.49626748864088094
C_MOVECOUNT:0.5133214983270499
