ELO:969
CE_PASSEDPAWNS:0.5137079512892606
CE_PAWNWEAKNESSES:0.5043781557809013
CE_PIECEACTIVITY:0.49789765597282676
CE_KINGPAWNSHIELD:0.5421395488372523
CE_PIECECOORDINATION:0.509504371660561
CE_MATERIAL:0.47745912785860395
CE_KINGSAFETY:0.5174931335955579
C_PIECESQUARETABLES:0.4882051563429892
C_MOBILITY:0.5137148936153423
C_KINGSAFETY:0.4881176618375924
C_PAWNSTRUCTURE:0.48301799890625385
C_PIECECOORDINATION:0.5209862719737076
C_ROOK:0.5000627419896491
CE_ROOK:0.4932795703289231
C_CENTERCONTROL:0.5069359542782315
C_DEVELOPPIECES:0.5113377523439689
C_MATERIAL:0.5146202815946229
C_MOVECOUNT:0.5483599848057918
C_PAWNMOVEMENT:0.5
