ELO:985
CE_PASSEDPAWNS:0.6253207244561438
CE_PAWNWEAKNESSES:0.4915182040143824
CE_PIECEACTIVITY:0.41781192214237683
CE_KINGPAWNSHIELD:0.46340248798215095
CE_PIECECOORDINATION:0.4540396419126516
CE_MATERIAL:0.46360430773818084
CE_KINGSAFETY:0.48702966755602833
C_PIECESQUARETABLES:0.5135696487639655
C_MOBILITY:0.4196187535074224
C_KINGSAFETY:0.5555756869807253
C_PAWNSTRUCTURE:0.46638781439792776
C_PIECECOORDINATION:0.5242729017715361
C_ROOKANDPAWNMOVEMENT:0.5242729017715361
C_CENTERCONTROL:0.5608379934584354
C_DEVELOPPIECES:0.6007666455091653
C_MATERIAL:0.4322551639418381
