ELO:839
CE_PASSEDPAWNS:0.45270743222221227
CE_PAWNWEAKNESSES:0.5347749300382613
CE_PIECEACTIVITY:0.4708352837772581
CE_KINGPAWNSHIELD:0.5426919390401989
CE_PIECECOORDINATION:0.5089196053330904
CE_MATERIAL:0.5091106766524242
CE_KINGSAFETY:0.5877810196945041
C_PIECESQUARETABLES:0.4901833168429533
C_MOBILITY:0.5015746264387473
C_KINGSAFETY:0.5162389405725166
C_PAWNSTRUCTURE:0.5231375326318627
C_PIECECOORDINATION:0.4951091727926808
C_ROOKANDPAWNMOVEMENT:0.4951091727926808
C_CENTERCONTROL:0.5465513010665041
C_DEVELOPPIECES:0.5169937029112522
C_MATERIAL:0.49696421689961096
C_MOVECOUNT:0.5154125076639808
