ELO:954
CE_PASSEDPAWNS:0.42930503502652506
CE_PAWNWEAKNESSES:0.5885011036783769
CE_PIECEACTIVITY:0.52989412615982
CE_KINGPAWNSHIELD:0.4848659896988815
CE_PIECECOORDINATION:0.4768940080883111
CE_MATERIAL:0.521245133286106
CE_KINGSAFETY:0.5079110053418457
C_PIECESQUARETABLES:0.4943846405099721
C_MOBILITY:0.4301126274029825
C_KINGSAFETY:0.48040728272975797
C_PAWNSTRUCTURE:0.4789167083533277
C_PIECECOORDINATION:0.4797157830085067
C_ROOKANDPAWNMOVEMENT:0.4797157830085067
C_CENTERCONTROL:0.5418541778380037
C_DEVELOPPIECES:0.5276305383645156
C_MATERIAL:0.3941357223489354
