ELO:942
CE_PASSEDPAWNS:0.5022225923092898
CE_PAWNWEAKNESSES:0.5385629458621467
CE_PIECEACTIVITY:0.4921349146241921
CE_KINGPAWNSHIELD:0.5811419852290561
CE_PIECECOORDINATION:0.535430974463921
CE_MATERIAL:0.4917193835728882
CE_KINGSAFETY:0.480711671530984
C_PIECESQUARETABLES:0.47430899712403335
C_MOBILITY:0.5892330894443767
C_KINGSAFETY:0.4888943495107741
C_PAWNSTRUCTURE:0.5383866467247611
C_PIECECOORDINATION:0.5591362202886313
C_ROOKANDPAWNMOVEMENT:0.5591362202886313
C_CENTERCONTROL:0.5283495304552389
C_DEVELOPPIECES:0.45323366636530077
C_MATERIAL:0.3719298674717026
