ELO:964
CE_PASSEDPAWNS:0.43428017250922013
CE_PAWNWEAKNESSES:0.5515870283365774
CE_PIECEACTIVITY:0.509027540876337
CE_KINGPAWNSHIELD:0.4244085866358881
CE_PIECECOORDINATION:0.49803486880967096
CE_MATERIAL:0.5334009239966643
CE_KINGSAFETY:0.5005828291664103
C_PIECESQUARETABLES:0.4918085295406572
C_MOBILITY:0.45552590902463924
C_KINGSAFETY:0.4987330168932557
C_PAWNSTRUCTURE:0.4818241462977221
C_PIECECOORDINATION:0.5643366235741242
C_ROOKANDPAWNMOVEMENT:0.5643366235741242
C_CENTERCONTROL:0.52010793490045
C_DEVELOPPIECES:0.4816824409208557
C_MATERIAL:0.4210496155688621
