ELO:941
CE_PASSEDPAWNS:0.5208569559905226
CE_PAWNWEAKNESSES:0.5013410692702001
CE_PIECEACTIVITY:0.4998500887182517
CE_KINGPAWNSHIELD:0.5237531145776348
CE_PIECECOORDINATION:0.48754479547894275
CE_MATERIAL:0.48051669790837714
CE_KINGSAFETY:0.5115491399976383
C_PIECESQUARETABLES:0.4956809320101031
C_MOBILITY:0.48104529572276644
C_KINGSAFETY:0.4841205165176156
C_PAWNSTRUCTURE:0.4778792836728122
C_PIECECOORDINATION:0.4868410563255121
C_ROOK:0.496742540445945
CE_ROOK:0.508438988943915
C_CENTERCONTROL:0.5143477718771203
C_DEVELOPPIECES:0.5074959635695231
C_MATERIAL:0.5127216433968265
C_MOVECOUNT:0.4577207470204197
C_PAWNMOVEMENT:0.49125104323294916
