ELO:913
CE_PASSEDPAWNS:0.39925265660477327
CE_PAWNWEAKNESSES:0.6360146396475747
CE_PIECEACTIVITY:0.5107653518731299
CE_KINGPAWNSHIELD:0.5054400148096705
CE_PIECECOORDINATION:0.5004776813483093
CE_MATERIAL:0.5341954881095959
CE_KINGSAFETY:0.4742728358425933
C_PIECESQUARETABLES:0.522876575096577
C_MOBILITY:0.44591611852327234
C_KINGSAFETY:0.4415216937471722
C_PAWNSTRUCTURE:0.4683498779582957
C_PIECECOORDINATION:0.47657363774475553
C_ROOKANDPAWNMOVEMENT:0.47657363774475553
C_CENTERCONTROL:0.5347527690675077
C_DEVELOPPIECES:0.5558965502383014
C_MATERIAL:0.3746082704288692
