ELO:1011
CE_PASSEDPAWNS:0.5006727524098382
CE_PAWNWEAKNESSES:0.5016212295851243
CE_PIECEACTIVITY:0.5262775137234915
CE_KINGPAWNSHIELD:0.49593712777323334
CE_PIECECOORDINATION:0.508964793825685
CE_MATERIAL:0.49214453214974807
CE_KINGSAFETY:0.5
C_PIECESQUARETABLES:0.49843576163088604
C_MOBILITY:0.4972396863897836
C_KINGSAFETY:0.48367132407162133
C_PAWNSTRUCTURE:0.5123668856146419
C_PIECECOORDINATION:0.5104091825345851
C_ROOK:0.49194270083061564
CE_ROOK:0.5094755245146686
C_CENTERCONTROL:0.49450810470261913
C_DEVELOPPIECES:0.5018244956320536
C_MATERIAL:0.47370363161998413
C_MOVECOUNT:0.4806492313286137
C_PAWNMOVEMENT:0.48913890025817985
