ELO:888
CE_PASSEDPAWNS:0.4523713196088713
CE_PAWNWEAKNESSES:0.5413608121843876
CE_PIECEACTIVITY:0.49690710225427215
CE_KINGPAWNSHIELD:0.4892168424499383
CE_PIECECOORDINATION:0.5031123410283781
CE_MATERIAL:0.4884625112463108
CE_KINGSAFETY:0.4871780729526973
C_PIECESQUARETABLES:0.48783601299262214
C_MOBILITY:0.5469245409541951
C_KINGSAFETY:0.4809726124482235
C_PAWNSTRUCTURE:0.4993076790683794
C_PIECECOORDINATION:0.4792362163225891
C_ROOKANDPAWNMOVEMENT:0.4792362163225891
C_CENTERCONTROL:0.5584249870361739
C_DEVELOPPIECES:0.5010859636284882
C_MATERIAL:0.5213364797918316
C_MOVECOUNT:0.5
