ELO:1002
CE_PASSEDPAWNS:0.4836451521238645
CE_PAWNWEAKNESSES:0.5234168301792003
CE_PIECEACTIVITY:0.45123070535588133
CE_KINGPAWNSHIELD:0.42431171840374726
CE_PIECECOORDINATION:0.45922198496232736
CE_MATERIAL:0.46293539102642595
CE_KINGSAFETY:0.5
C_PIECESQUARETABLES:0.5
C_MOBILITY:0.4868704429929427
C_KINGSAFETY:0.4952535512777884
C_PAWNSTRUCTURE:0.48502787102215555
C_PIECECOORDINATION:0.5601280913991172
C_ROOKANDPAWNMOVEMENT:0.5601280913991172
C_CENTERCONTROL:0.5220826617028957
C_DEVELOPPIECES:0.4727631749726775
C_MATERIAL:0.4739766457199905
