ELO:934
CE_PASSEDPAWNS:0.5175084950758784
CE_PAWNWEAKNESSES:0.5627709347214004
CE_PIECEACTIVITY:0.4873658197783381
CE_KINGPAWNSHIELD:0.5655862867932017
CE_PIECECOORDINATION:0.5734746598522733
CE_MATERIAL:0.4944575175987166
CE_KINGSAFETY:0.5121379241133149
C_PIECESQUARETABLES:0.4829169125310604
C_MOBILITY:0.5268078375742145
C_KINGSAFETY:0.5081392963128804
C_PAWNSTRUCTURE:0.5339361024758787
C_PIECECOORDINATION:0.5478991987395975
C_ROOKANDPAWNMOVEMENT:0.5478991987395975
C_CENTERCONTROL:0.5063111318359904
C_DEVELOPPIECES:0.46201802862103597
C_MATERIAL:0.4518884166324323
