ELO:1001
CE_PASSEDPAWNS:0.48259811952464304
CE_PAWNWEAKNESSES:0.5
CE_PIECEACTIVITY:0.5
CE_KINGPAWNSHIELD:0.4665674710998931
CE_PIECECOORDINATION:0.5040503494616586
CE_MATERIAL:0.4875103388213685
CE_KINGSAFETY:0.5101901701922626
C_PIECESQUARETABLES:0.5134575306561264
C_MOBILITY:0.5015607623740976
C_KINGSAFETY:0.4951855553457347
C_PAWNSTRUCTURE:0.4957545919199814
C_PIECECOORDINATION:0.5
C_ROOK:0.5056849898137857
CE_ROOK:0.49624626857322224
C_CENTERCONTROL:0.4857592260068675
C_DEVELOPPIECES:0.4921482923013688
C_MATERIAL:0.5117520203371517
C_MOVECOUNT:0.5059129738058709
C_PAWNMOVEMENT:0.5156871758355372
