ELO:951
CE_PASSEDPAWNS:0.5028189000717026
CE_PAWNWEAKNESSES:0.5672887743107045
CE_PIECEACTIVITY:0.45362238614866446
CE_KINGPAWNSHIELD:0.5396628394863882
CE_PIECECOORDINATION:0.5504518395732658
CE_MATERIAL:0.5406589859218479
CE_KINGSAFETY:0.49938930426068046
C_PIECESQUARETABLES:0.4928014487483295
C_MOBILITY:0.5130414590944568
C_KINGSAFETY:0.5033571218553112
C_PAWNSTRUCTURE:0.5571331375294829
C_PIECECOORDINATION:0.5122088659255059
C_ROOKANDPAWNMOVEMENT:0.5122088659255059
C_CENTERCONTROL:0.4855443356254054
C_DEVELOPPIECES:0.44034010856489053
C_MATERIAL:0.454649898547556
