ELO:971
CE_PASSEDPAWNS:0.4846143404571992
CE_PAWNWEAKNESSES:0.5115658928734022
CE_PIECEACTIVITY:0.4922244465955857
CE_KINGPAWNSHIELD:0.49598814828376636
CE_PIECECOORDINATION:0.514482429531128
CE_MATERIAL:0.5026087400357354
CE_KINGSAFETY:0.4655340044799523
C_PIECESQUARETABLES:0.49799170032297535
C_MOBILITY:0.49082167141083183
C_KINGSAFETY:0.5498838481670473
C_PAWNSTRUCTURE:0.48546770351787744
C_PIECECOORDINATION:0.5383215382473243
C_ROOKANDPAWNMOVEMENT:0.5383215382473243
C_CENTERCONTROL:0.48672362590232654
C_DEVELOPPIECES:0.4996108644888902
C_MATERIAL:0.5176292240985884
C_MOVECOUNT:0.5059918600679776
