ELO:989
CE_PASSEDPAWNS:0.4542377100427991
CE_PAWNWEAKNESSES:0.516911291938007
CE_PIECEACTIVITY:0.4877426805867708
CE_KINGPAWNSHIELD:0.4386981710774413
CE_PIECECOORDINATION:0.46244034708068715
CE_MATERIAL:0.48282859076101503
CE_KINGSAFETY:0.487175617995667
C_PIECESQUARETABLES:0.47377815609089785
C_MOBILITY:0.4725783877443506
C_KINGSAFETY:0.5220067833667726
C_PAWNSTRUCTURE:0.5244352158744285
C_PIECECOORDINATION:0.5530690123437757
C_ROOKANDPAWNMOVEMENT:0.5530690123437757
C_CENTERCONTROL:0.5411174058853557
C_DEVELOPPIECES:0.5118997389481742
C_MATERIAL:0.4422510667897621
