ELO:990
CE_PASSEDPAWNS:0.5457345729423272
CE_PAWNWEAKNESSES:0.5104035444136736
CE_PIECEACTIVITY:0.5975814565428466
CE_KINGPAWNSHIELD:0.4076561608377238
CE_PIECECOORDINATION:0.5138962178399454
CE_MATERIAL:0.564247740342519
CE_KINGSAFETY:0.48674146467467777
C_PIECESQUARETABLES:0.5
C_MOBILITY:0.6111273541249657
C_KINGSAFETY:0.5234174660962372
C_PAWNSTRUCTURE:0.6167243620518561
C_PIECECOORDINATION:0.5350567576815112
C_ROOKANDPAWNMOVEMENT:0.5350567576815112
C_CENTERCONTROL:0.42894235410171383
C_DEVELOPPIECES:0.5067198020584739
C_MATERIAL:0.6201906658387899
