ELO:881
CE_PASSEDPAWNS:0.5300327608366534
CE_PAWNWEAKNESSES:0.5042586985324039
CE_PIECEACTIVITY:0.5104513233215456
CE_KINGPAWNSHIELD:0.5237531145776348
CE_PIECECOORDINATION:0.4809561473288213
CE_MATERIAL:0.49071654699217054
CE_KINGSAFETY:0.5273931183227785
C_PIECESQUARETABLES:0.5101420176075734
C_MOBILITY:0.48104529572276644
C_KINGSAFETY:0.4778515455652364
C_PAWNSTRUCTURE:0.4778792836728122
C_PIECECOORDINATION:0.48142836304005887
C_ROOK:0.49427186388706457
CE_ROOK:0.5044221720625424
C_CENTERCONTROL:0.5177261471736557
C_DEVELOPPIECES:0.5430383466954845
C_MATERIAL:0.5048985385811666
C_MOVECOUNT:0.4617421923703503
C_PAWNMOVEMENT:0.4757145901934046
