ELO:1000
CE_PASSEDPAWNS:0.4805839434010646
CE_PAWNWEAKNESSES:0.517082799788426
CE_PIECEACTIVITY:0.4376173677949988
CE_KINGPAWNSHIELD:0.5320651698243711
CE_PIECECOORDINATION:0.5430934601971236
CE_MATERIAL:0.5302484382946349
CE_KINGSAFETY:0.498589946279488
C_PIECESQUARETABLES:0.5503263496149192
C_MOBILITY:0.5243523426593141
C_KINGSAFETY:0.4742893304923259
C_PAWNSTRUCTURE:0.5477662028919587
C_PIECECOORDINATION:0.5118961628304548
C_ROOKANDPAWNMOVEMENT:0.5118961628304548
C_CENTERCONTROL:0.5131937579241791
C_DEVELOPPIECES:0.47975212718110427
C_MATERIAL:0.45805551667730243
