ELO:914
CE_PASSEDPAWNS:0.4631633453911177
CE_PAWNWEAKNESSES:0.4755550390075232
CE_PIECEACTIVITY:0.5097329635325248
CE_KINGPAWNSHIELD:0.4810446011497428
CE_PIECECOORDINATION:0.5095810875375152
CE_MATERIAL:0.5004653484011047
CE_KINGSAFETY:0.5091333086069134
C_PIECESQUARETABLES:0.4990244638852642
C_MOBILITY:0.5238539448671193
C_KINGSAFETY:0.5180524574899518
C_PAWNSTRUCTURE:0.5190553578356852
C_PIECECOORDINATION:0.47230426863513836
C_ROOKANDPAWNMOVEMENT:0.47230426863513836
C_CENTERCONTROL:0.4815171859815698
C_DEVELOPPIECES:0.49183442379242315
C_MATERIAL:0.5106069951954515
C_MOVECOUNT:0.49020327701153815
