ELO:997
CE_PASSEDPAWNS:0.4992119993453291
CE_PAWNWEAKNESSES:0.5
CE_PIECEACTIVITY:0.48973992190490095
CE_KINGPAWNSHIELD:0.5027697397635649
CE_PIECECOORDINATION:0.49821887189061564
CE_MATERIAL:0.5
CE_KINGSAFETY:0.5
C_PIECESQUARETABLES:0.5
C_MOBILITY:0.5
C_KINGSAFETY:0.5
C_PAWNSTRUCTURE:0.5
C_PIECECOORDINATION:0.4984374841042606
C_ROOKANDPAWNMOVEMENT:0.4984374841042606
C_CENTERCONTROL:0.5118770396401174
C_DEVELOPPIECES:0.5
C_MATERIAL:0.4807675209751032
C_MOVECOUNT:0.5
