ELO:972
CE_PASSEDPAWNS:0.4908898918049663
CE_PAWNWEAKNESSES:0.5419239519371121
CE_PIECEACTIVITY:0.4597096991736541
CE_KINGPAWNSHIELD:0.5377989182777035
CE_PIECECOORDINATION:0.542686189002454
CE_MATERIAL:0.5453584410059128
CE_KINGSAFETY:0.5
C_PIECESQUARETABLES:0.5
C_MOBILITY:0.5463935101822986
C_KINGSAFETY:0.5036143386520974
C_PAWNSTRUCTURE:0.5654756384228056
C_PIECECOORDINATION:0.5143490324577809
C_ROOKANDPAWNMOVEMENT:0.5143490324577809
C_CENTERCONTROL:0.473471914649765
C_DEVELOPPIECES:0.4590022957461318
C_MATERIAL:0.46477448974208485
