ELO:1000
CE_PASSEDPAWNS:0.48277624883244535
CE_PAWNWEAKNESSES:0.5303629118908095
CE_PIECEACTIVITY:0.4598441966768793
CE_KINGPAWNSHIELD:0.5184793622072806
CE_PIECECOORDINATION:0.5320502410982557
CE_MATERIAL:0.5293464135905359
CE_KINGSAFETY:0.49772965495419674
C_PIECESQUARETABLES:0.533358984510804
C_MOBILITY:0.49806435884429645
C_KINGSAFETY:0.4802784764065838
C_PAWNSTRUCTURE:0.5166750273089333
C_PIECECOORDINATION:0.47757423255624987
C_ROOKANDPAWNMOVEMENT:0.47757423255624987
C_CENTERCONTROL:0.4852966489675705
C_DEVELOPPIECES:0.5114346294723517
C_MATERIAL:0.48562554198154106
