ELO:967
CE_PASSEDPAWNS:0.4968826212447454
CE_PAWNWEAKNESSES:0.5411342096068752
CE_PIECEACTIVITY:0.45111672654157575
CE_KINGPAWNSHIELD:0.5306728210189441
CE_PIECECOORDINATION:0.5525970289616565
CE_MATERIAL:0.5417575959353712
CE_KINGSAFETY:0.5
C_PIECESQUARETABLES:0.5076010646990751
C_MOBILITY:0.518607877913119
C_KINGSAFETY:0.49321694447161313
C_PAWNSTRUCTURE:0.5560638731715234
C_PIECECOORDINATION:0.5176188922088137
C_ROOKANDPAWNMOVEMENT:0.5176188922088137
C_CENTERCONTROL:0.4950717758543756
C_DEVELOPPIECES:0.4666675020082268
C_MATERIAL:0.4735619812979097
