ELO:948
CE_PASSEDPAWNS:0.5373107886775855
CE_PAWNWEAKNESSES:0.512059805465618
CE_PIECEACTIVITY:0.4982583481301812
CE_KINGPAWNSHIELD:0.5109037750015332
CE_PIECECOORDINATION:0.4831420029921794
CE_MATERIAL:0.4830736149903826
CE_KINGSAFETY:0.4862678351828986
C_PIECESQUARETABLES:0.49523826282713074
C_MOBILITY:0.4940988675544115
C_KINGSAFETY:0.5058246688893727
C_PAWNSTRUCTURE:0.4764784632575666
C_PIECECOORDINATION:0.485553629090306
C_ROOK:0.5077842354725525
CE_ROOK:0.4970462783041917
C_CENTERCONTROL:0.5192453794746192
C_DEVELOPPIECES:0.48779784561433254
C_MATERIAL:0.48129302936875806
C_MOVECOUNT:0.47558352556619593
C_PAWNMOVEMENT:0.5058330907102093
