ELO:966
CE_PASSEDPAWNS:0.49199957048918463
CE_PAWNWEAKNESSES:0.5194019647419433
CE_PIECEACTIVITY:0.45111672654157575
CE_KINGPAWNSHIELD:0.5115779501717418
CE_PIECECOORDINATION:0.5525970289616565
CE_MATERIAL:0.5386416969035218
CE_KINGSAFETY:0.5
C_PIECESQUARETABLES:0.5058179967753698
C_MOBILITY:0.518607877913119
C_KINGSAFETY:0.49321694447161313
C_PAWNSTRUCTURE:0.5449382667318236
C_PIECECOORDINATION:0.511280520424015
C_ROOKANDPAWNMOVEMENT:0.511280520424015
C_CENTERCONTROL:0.4950717758543756
C_DEVELOPPIECES:0.4666675020082268
C_MATERIAL:0.4735619812979097
