ELO:944
CE_PASSEDPAWNS:0.5264490306013243
CE_PAWNWEAKNESSES:0.5026095167879309
CE_PIECEACTIVITY:0.5226827370346351
CE_KINGPAWNSHIELD:0.520990596927379
CE_PIECECOORDINATION:0.4766797126273454
CE_MATERIAL:0.4830736149903826
CE_KINGSAFETY:0.5
C_PIECESQUARETABLES:0.49503543262345684
C_MOBILITY:0.48509174508324454
C_KINGSAFETY:0.4825182806565998
C_PAWNSTRUCTURE:0.47113536878751755
C_PIECECOORDINATION:0.4915826479655965
C_ROOK:0.4897226713739985
CE_ROOK:0.49846112683568966
C_CENTERCONTROL:0.5213790192081021
C_DEVELOPPIECES:0.49928713373521283
C_MATERIAL:0.4759855842754163
C_MOVECOUNT:0.44845867717770993
C_PAWNMOVEMENT:0.49699314025992525
