ELO:1080
CE_PASSEDPAWNS:0.45894264810180124
CE_PAWNWEAKNESSES:0.5049538678398092
CE_PIECEACTIVITY:0.4574856972472844
CE_KINGPAWNSHIELD:0.4177307674140507
CE_PIECECOORDINATION:0.47902901293408007
CE_MATERIAL:0.4535588002324152
CE_KINGSAFETY:0.4833849415401524
C_PIECESQUARETABLES:0.49339626811156323
C_MOBILITY:0.5347080030446789
C_KINGSAFETY:0.6346293720455107
C_PAWNSTRUCTURE:0.40190626287198555
C_PIECECOORDINATION:0.5040321728472874
C_ROOKANDPAWNMOVEMENT:0.5040321728472874
C_CENTERCONTROL:0.49817262223207065
C_DEVELOPPIECES:0.5182127361558452
C_MATERIAL:0.4106701264541126
