ELO:906
CE_PASSEDPAWNS:0.4785616647590141
CE_PAWNWEAKNESSES:0.4496230785655894
CE_PIECEACTIVITY:0.5166039560167163
CE_KINGPAWNSHIELD:0.4538535268019004
CE_PIECECOORDINATION:0.5718512719811042
CE_MATERIAL:0.5159512044651523
CE_KINGSAFETY:0.4989465362461576
C_PIECESQUARETABLES:0.5320580882019379
C_MOBILITY:0.5809203787638862
C_KINGSAFETY:0.49594493988378113
C_PAWNSTRUCTURE:0.5125722982145433
C_PIECECOORDINATION:0.48214385703838875
C_ROOKANDPAWNMOVEMENT:0.48214385703838875
C_CENTERCONTROL:0.5342193410365383
C_DEVELOPPIECES:0.5117228140458144
C_MATERIAL:0.5190806344727997
C_MOVECOUNT:0.47518935598458223
