ELO:1000
CE_PASSEDPAWNS:0.4626237913902882
CE_PAWNWEAKNESSES:0.5297869377698087
CE_PIECEACTIVITY:0.45384511517045706
CE_KINGPAWNSHIELD:0.44266898765481566
CE_PIECECOORDINATION:0.4747520140417455
CE_MATERIAL:0.45698236268093567
CE_KINGSAFETY:0.4732664227099424
C_PIECESQUARETABLES:0.4831519339660208
C_MOBILITY:0.504687521562429
C_KINGSAFETY:0.4972662046879849
C_PAWNSTRUCTURE:0.5581218612453589
C_PIECECOORDINATION:0.5467172038028931
C_ROOKANDPAWNMOVEMENT:0.5467172038028931
C_CENTERCONTROL:0.5388849539536323
C_DEVELOPPIECES:0.4982755912940725
C_MATERIAL:0.4574949632051981
