ELO:952
CE_PASSEDPAWNS:0.4200036846052579
CE_PAWNWEAKNESSES:0.5709261694476165
CE_PIECEACTIVITY:0.48221890378377164
CE_KINGPAWNSHIELD:0.45966168214515596
CE_PIECECOORDINATION:0.4871115841066827
CE_MATERIAL:0.5303469379727542
CE_KINGSAFETY:0.5
C_PIECESQUARETABLES:0.5
C_MOBILITY:0.4619364833860377
C_KINGSAFETY:0.49598874923019115
C_PAWNSTRUCTURE:0.4801938572472926
C_PIECECOORDINATION:0.5367147496545468
C_ROOKANDPAWNMOVEMENT:0.5367147496545468
C_CENTERCONTROL:0.5229594871917065
C_DEVELOPPIECES:0.4841936622399488
C_MATERIAL:0.4174892950568322
