ELO:988
CE_PASSEDPAWNS:0.5172883444117684
CE_PAWNWEAKNESSES:0.5128889835512717
CE_PIECEACTIVITY:0.5029089536355823
CE_KINGPAWNSHIELD:0.4102207961225093
CE_PIECECOORDINATION:0.44538019471221774
CE_MATERIAL:0.5561775794490093
CE_KINGSAFETY:0.5112030185843959
C_PIECESQUARETABLES:0.5021950435730136
C_MOBILITY:0.4960182387614804
C_KINGSAFETY:0.5077087654596292
C_PAWNSTRUCTURE:0.4917174384411339
C_PIECECOORDINATION:0.5350567576815112
C_ROOKANDPAWNMOVEMENT:0.5350567576815112
C_CENTERCONTROL:0.39387056830838313
C_DEVELOPPIECES:0.5053823400575818
C_MATERIAL:0.6041676559728533
