ELO:971
CE_PASSEDPAWNS:0.4367454529868152
CE_PAWNWEAKNESSES:0.5573298451674027
CE_PIECEACTIVITY:0.4822776729817685
CE_KINGPAWNSHIELD:0.41933023797019425
CE_PIECECOORDINATION:0.47140952540582043
CE_MATERIAL:0.518493854475783
CE_KINGSAFETY:0.4470693550096833
C_PIECESQUARETABLES:0.4945282741411913
C_MOBILITY:0.46162642208769566
C_KINGSAFETY:0.5072832791821472
C_PAWNSTRUCTURE:0.4771161410032572
C_PIECECOORDINATION:0.5754114230155956
C_ROOKANDPAWNMOVEMENT:0.5754114230155956
C_CENTERCONTROL:0.5340943331818093
C_DEVELOPPIECES:0.4995315907914676
C_MATERIAL:0.40915374059200754
