ELO:1011
CE_PASSEDPAWNS:0.5081867759347783
CE_PAWNWEAKNESSES:0.5
CE_PIECEACTIVITY:0.4912943929066737
CE_KINGPAWNSHIELD:0.4928420176086169
CE_PIECECOORDINATION:0.5096731799647222
CE_MATERIAL:0.4933268137058907
CE_KINGSAFETY:0.5
C_PIECESQUARETABLES:0.5
C_MOBILITY:0.5
C_KINGSAFETY:0.4884621991054287
C_PAWNSTRUCTURE:0.49780687763074033
C_PIECECOORDINATION:0.5
C_ROOKANDPAWNMOVEMENT:0.5
C_CENTERCONTROL:0.5
C_DEVELOPPIECES:0.5053482557449569
C_MATERIAL:0.5
C_MOVECOUNT:0.49264352132871253
