ELO:848
CE_PASSEDPAWNS:0.3639962169705988
CE_PAWNWEAKNESSES:0.4925783938951185
CE_PIECEACTIVITY:0.37790153761190054
CE_KINGPAWNSHIELD:0.5016609620928898
CE_PIECECOORDINATION:0.4925534070712323
CE_MATERIAL:0.5335330899345638
CE_KINGSAFETY:0.4635837909154967
C_PIECESQUARETABLES:0.5853671547771668
C_MOBILITY:0.46568692885317814
C_KINGSAFETY:0.4419786942283822
C_PAWNSTRUCTURE:0.5062134162057993
C_PIECECOORDINATION:0.543689718206981
C_ROOKANDPAWNMOVEMENT:0.543689718206981
C_CENTERCONTROL:0.5607168911815431
C_DEVELOPPIECES:0.5653054418013705
C_MATERIAL:0.4502636337066216
