ELO:1000
CE_PASSEDPAWNS:0.5070765597282207
CE_PAWNWEAKNESSES:0.5089053593586772
CE_PIECEACTIVITY:0.5082094991797478
CE_KINGPAWNSHIELD:0.5125319914411761
CE_PIECECOORDINATION:0.5
CE_MATERIAL:0.4968670686508753
CE_KINGSAFETY:0.5
C_PIECESQUARETABLES:0.5
C_MOBILITY:0.49941478666345623
C_KINGSAFETY:0.5018538412263713
C_PAWNSTRUCTURE:0.5048577938894521
C_PIECECOORDINATION:0.5157107652983028
C_ROOK:0.5
CE_ROOK:0.49604616698547105
C_CENTERCONTROL:0.5027676536401604
C_DEVELOPPIECES:0.5018244956320536
C_MATERIAL:0.49204978424941
C_MOVECOUNT:0.5002259207637875
C_PAWNMOVEMENT:0.5171502902632823
