ELO:964
CE_PASSEDPAWNS:0.5111205199287276
CE_PAWNWEAKNESSES:0.45007932647955107
CE_PIECEACTIVITY:0.541148549239684
CE_KINGPAWNSHIELD:0.5100949539134413
CE_PIECECOORDINATION:0.43365440201257516
CE_MATERIAL:0.5
CE_KINGSAFETY:0.5
C_PIECESQUARETABLES:0.473887228374522
C_MOBILITY:0.5
C_KINGSAFETY:0.4998486566130445
C_PAWNSTRUCTURE:0.4972323081345645
C_PIECECOORDINATION:0.4731784831203537
C_ROOKANDPAWNMOVEMENT:0.4731784831203537
C_CENTERCONTROL:0.4972507269725674
C_DEVELOPPIECES:0.4626650695915757
C_MATERIAL:0.45713505987019093
C_MOVECOUNT:0.5
