ELO:1002
CE_PASSEDPAWNS:0.4879698826512284
CE_PAWNWEAKNESSES:0.5361443335001292
CE_PIECEACTIVITY:0.4500103271806322
CE_KINGPAWNSHIELD:0.42431171840374726
CE_PIECECOORDINATION:0.46850609390300985
CE_MATERIAL:0.4746906667793942
CE_KINGSAFETY:0.49712611817330693
C_PIECESQUARETABLES:0.49953568598000825
C_MOBILITY:0.48989684190832594
C_KINGSAFETY:0.49709290804046136
C_PAWNSTRUCTURE:0.5257002559948603
C_PIECECOORDINATION:0.561470574389878
C_ROOKANDPAWNMOVEMENT:0.561470574389878
C_CENTERCONTROL:0.520945534503135
C_DEVELOPPIECES:0.482093906784084
C_MATERIAL:0.47039175781403814
