ELO:1017
CE_PASSEDPAWNS:0.5
CE_PAWNWEAKNESSES:0.5215478249326672
CE_PIECEACTIVITY:0.5
CE_KINGPAWNSHIELD:0.4966934445856597
CE_PIECECOORDINATION:0.5
CE_MATERIAL:0.5
CE_KINGSAFETY:0.5097667647338734
C_PIECESQUARETABLES:0.5177547198079406
C_MOBILITY:0.5
C_KINGSAFETY:0.49679559489726516
C_PAWNSTRUCTURE:0.5
C_PIECECOORDINATION:0.5
C_ROOKANDPAWNMOVEMENT:0.5
C_CENTERCONTROL:0.5
C_DEVELOPPIECES:0.4915286666789191
C_MATERIAL:0.5
