ELO:965
CE_PASSEDPAWNS:0.5102138582923686
CE_PAWNWEAKNESSES:0.5101698974284844
CE_PIECEACTIVITY:0.502249047990012
CE_KINGPAWNSHIELD:0.4843253591809201
CE_PIECECOORDINATION:0.5302014715219238
CE_MATERIAL:0.49035413409634243
CE_KINGSAFETY:0.5288765673274584
C_PIECESQUARETABLES:0.49202601101204574
C_MOBILITY:0.5135505642034407
C_KINGSAFETY:0.5096714895139338
C_PAWNSTRUCTURE:0.47069581632315793
C_PIECECOORDINATION:0.48297814293187913
C_ROOKANDPAWNMOVEMENT:0.48297814293187913
C_CENTERCONTROL:0.48880018748872384
C_DEVELOPPIECES:0.4969113177021927
C_MATERIAL:0.5123910373964816
C_MOVECOUNT:0.5
