ELO:1013
CE_PASSEDPAWNS:0.5
CE_PAWNWEAKNESSES:0.5063123966736134
CE_PIECEACTIVITY:0.5084342764729411
CE_KINGPAWNSHIELD:0.5
CE_PIECECOORDINATION:0.5
CE_MATERIAL:0.5114202720100925
CE_KINGSAFETY:0.5
C_PIECESQUARETABLES:0.5
C_MOBILITY:0.5
C_KINGSAFETY:0.4938756866825831
C_PAWNSTRUCTURE:0.5086020396434473
C_PIECECOORDINATION:0.4991862703649332
C_ROOKANDPAWNMOVEMENT:0.4991862703649332
C_CENTERCONTROL:0.5
C_DEVELOPPIECES:0.5069163143372825
C_MATERIAL:0.5
C_MOVECOUNT:0.5047576906842085
