ELO:1000
CE_PASSEDPAWNS:0.5
CE_PAWNWEAKNESSES:0.5
CE_PIECEACTIVITY:0.5
CE_KINGPAWNSHIELD:0.5
CE_PIECECOORDINATION:0.5
CE_MATERIAL:0.5064376003129192
CE_KINGSAFETY:0.5
C_PIECESQUARETABLES:0.49117044876582383
C_MOBILITY:0.5
C_KINGSAFETY:0.5
C_PAWNSTRUCTURE:0.5
C_PIECECOORDINATION:0.5
C_ROOK:0.5
CE_ROOK:0.5
C_CENTERCONTROL:0.49450810470261913
C_DEVELOPPIECES:0.5
C_MATERIAL:0.4924726347191989
C_MOVECOUNT:0.5031426226971168
C_PAWNMOVEMENT:0.5110361124206818
