ELO:1000
CE_PASSEDPAWNS:0.4913613305575607
CE_PAWNWEAKNESSES:0.530217282816069
CE_PIECEACTIVITY:0.44017552054321246
CE_KINGPAWNSHIELD:0.49511688679042515
CE_PIECECOORDINATION:0.5431568047013436
CE_MATERIAL:0.5214277002505862
CE_KINGSAFETY:0.4960220406755933
C_PIECESQUARETABLES:0.5390502903476772
C_MOBILITY:0.5024879728441889
C_KINGSAFETY:0.4776250968690759
C_PAWNSTRUCTURE:0.5163268179853098
C_PIECECOORDINATION:0.49149403100830996
C_ROOKANDPAWNMOVEMENT:0.49149403100830996
C_CENTERCONTROL:0.4964869058964562
C_DEVELOPPIECES:0.48696925743713676
C_MATERIAL:0.4753211406792222
