ELO:1024
CE_PASSEDPAWNS:0.49443399447480707
CE_PAWNWEAKNESSES:0.5000738202883671
CE_PIECEACTIVITY:0.5084342764729411
CE_KINGPAWNSHIELD:0.49127197276793877
CE_PIECECOORDINATION:0.5111030641919012
CE_MATERIAL:0.4786370605266317
CE_KINGSAFETY:0.5
C_PIECESQUARETABLES:0.5
C_MOBILITY:0.5124576693435843
C_KINGSAFETY:0.4938756866825831
C_PAWNSTRUCTURE:0.5086020396434473
C_PIECECOORDINATION:0.4991862703649332
C_ROOKANDPAWNMOVEMENT:0.4991862703649332
C_CENTERCONTROL:0.5049854755902322
C_DEVELOPPIECES:0.5181181923699284
C_MATERIAL:0.5
C_MOVECOUNT:0.48835698250566206
