ELO:985
CE_PASSEDPAWNS:0.520009078593921
CE_PAWNWEAKNESSES:0.4862885683875714
CE_PIECEACTIVITY:0.5084350803037775
CE_KINGPAWNSHIELD:0.5112499556985839
CE_PIECECOORDINATION:0.4532097622746289
CE_MATERIAL:0.5006594720198039
CE_KINGSAFETY:0.5144492702527471
C_PIECESQUARETABLES:0.4903194945227851
C_MOBILITY:0.5197282693036396
C_KINGSAFETY:0.5251642852335079
C_PAWNSTRUCTURE:0.5097537226463225
C_PIECECOORDINATION:0.5133308555436046
C_ROOKANDPAWNMOVEMENT:0.5133308555436046
C_CENTERCONTROL:0.5182258609313362
C_DEVELOPPIECES:0.48896363615367316
C_MATERIAL:0.5030146139881333
C_MOVECOUNT:0.5
