ELO:1032
CE_PASSEDPAWNS:0.5081867759347783
CE_PAWNWEAKNESSES:0.5135796118278534
CE_PIECEACTIVITY:0.5015525592543811
CE_KINGPAWNSHIELD:0.48506484844744835
CE_PIECECOORDINATION:0.5096731799647222
CE_MATERIAL:0.5256404150885073
CE_KINGSAFETY:0.5
C_PIECESQUARETABLES:0.5
C_MOBILITY:0.501940738042608
C_KINGSAFETY:0.48793209272536947
C_PAWNSTRUCTURE:0.4980166955612101
C_PIECECOORDINATION:0.5
C_ROOKANDPAWNMOVEMENT:0.5
C_CENTERCONTROL:0.5
C_DEVELOPPIECES:0.49722552044808177
C_MATERIAL:0.5032189914455285
C_MOVECOUNT:0.49264352132871253
