ELO:930
CE_PASSEDPAWNS:0.520641998556761
CE_PAWNWEAKNESSES:0.5517218433569953
CE_PIECEACTIVITY:0.49984347929301065
CE_KINGPAWNSHIELD:0.5771224504166425
CE_PIECECOORDINATION:0.5622390188570375
CE_MATERIAL:0.5092673834252076
CE_KINGSAFETY:0.527459160137158
C_PIECESQUARETABLES:0.478280463425088
C_MOBILITY:0.5351952861771223
C_KINGSAFETY:0.5260399110314372
C_PAWNSTRUCTURE:0.5207275071550398
C_PIECECOORDINATION:0.5600022741787569
C_ROOKANDPAWNMOVEMENT:0.5600022741787569
C_CENTERCONTROL:0.4844738032610163
C_DEVELOPPIECES:0.45891978852993515
C_MATERIAL:0.4399774278217186
