ELO:955
CE_PASSEDPAWNS:0.5103555978122923
CE_PAWNWEAKNESSES:0.5039354993049884
CE_PIECEACTIVITY:0.5125152250726056
CE_KINGPAWNSHIELD:0.5200325518308454
CE_PIECECOORDINATION:0.48689334060512046
CE_MATERIAL:0.5060951519946818
CE_KINGSAFETY:0.5104374933561289
C_PIECESQUARETABLES:0.503234186873518
C_MOBILITY:0.5055995126395473
C_KINGSAFETY:0.49047926333482117
C_PAWNSTRUCTURE:0.48914248812957517
C_PIECECOORDINATION:0.488246310717716
C_ROOK:0.5
CE_ROOK:0.4822461026208425
C_CENTERCONTROL:0.5268569301593918
C_DEVELOPPIECES:0.4988871986993949
C_MATERIAL:0.4915553031319062
C_MOVECOUNT:0.4851721620688426
C_PAWNMOVEMENT:0.5041517589463114
