ELO:872
CE_PASSEDPAWNS:0.4614236365028857
CE_PAWNWEAKNESSES:0.48778100037437216
CE_PIECEACTIVITY:0.4787301513079543
CE_KINGPAWNSHIELD:0.5905661008576378
CE_PIECECOORDINATION:0.46908345566299237
CE_MATERIAL:0.47776778896170974
CE_KINGSAFETY:0.4862961259869396
C_PIECESQUARETABLES:0.43660648622544856
C_MOBILITY:0.5584216595086304
C_KINGSAFETY:0.5057744729004024
C_PAWNSTRUCTURE:0.506979575326962
C_PIECECOORDINATION:0.5324574520821682
C_ROOKANDPAWNMOVEMENT:0.5324574520821682
C_CENTERCONTROL:0.5233827191131077
C_DEVELOPPIECES:0.5949986359770605
C_MATERIAL:0.44542253325082637
C_MOVECOUNT:0.47884967684313556
