ELO:1000
CE_PASSEDPAWNS:0.47983521845924243
CE_PAWNWEAKNESSES:0.4768983918774546
CE_PIECEACTIVITY:0.4419710381744788
CE_KINGPAWNSHIELD:0.497841777004627
CE_PIECECOORDINATION:0.4788898656547022
CE_MATERIAL:0.471459596113181
CE_KINGSAFETY:0.47556815145306064
C_PIECESQUARETABLES:0.4577528528298701
C_MOBILITY:0.5469198168621042
C_KINGSAFETY:0.5237434627651502
C_PAWNSTRUCTURE:0.5134927401257082
C_PIECECOORDINATION:0.5722311988993473
C_ROOKANDPAWNMOVEMENT:0.5722311988993473
C_CENTERCONTROL:0.5236151698297179
C_DEVELOPPIECES:0.4349692551337988
C_MATERIAL:0.44392234153766474
