ELO:998
CE_PASSEDPAWNS:0.4975784475005487
CE_PAWNWEAKNESSES:0.5229594098095686
CE_PIECEACTIVITY:0.5010071949721601
CE_KINGPAWNSHIELD:0.5062337187276983
CE_PIECECOORDINATION:0.5107107878007078
CE_MATERIAL:0.48823353333669434
CE_KINGSAFETY:0.49131144851208125
C_PIECESQUARETABLES:0.48980001620549213
C_MOBILITY:0.5086928331420184
C_KINGSAFETY:0.5118704817027222
C_PAWNSTRUCTURE:0.5219621684386644
C_PIECECOORDINATION:0.48834503156986325
C_ROOK:0.5
CE_ROOK:0.5087383555249367
C_CENTERCONTROL:0.48904149190471696
C_DEVELOPPIECES:0.4922084918246896
C_MATERIAL:0.5
C_MOVECOUNT:0.48343918849827017
C_PAWNMOVEMENT:0.4958768030685128
