ELO:991
CE_PASSEDPAWNS:0.5002031388691405
CE_PAWNWEAKNESSES:0.5
CE_PIECEACTIVITY:0.5
CE_KINGPAWNSHIELD:0.5076755722666574
CE_PIECECOORDINATION:0.4877005970295476
CE_MATERIAL:0.4888857657564798
CE_KINGSAFETY:0.5
C_PIECESQUARETABLES:0.5
C_MOBILITY:0.502950557067508
C_KINGSAFETY:0.5105423635413847
C_PAWNSTRUCTURE:0.5108065882077605
C_PIECECOORDINATION:0.49169892194061693
C_ROOKANDPAWNMOVEMENT:0.49169892194061693
C_CENTERCONTROL:0.5018163528179863
C_DEVELOPPIECES:0.5
C_MATERIAL:0.4953878795416506
C_MOVECOUNT:0.45901445497396454
