ELO:1000
CE_PASSEDPAWNS:0.46975004946366683
CE_PAWNWEAKNESSES:0.4767072723660332
CE_PIECEACTIVITY:0.4813874072800878
CE_KINGPAWNSHIELD:0.5117959092452455
CE_PIECECOORDINATION:0.49703239126465004
CE_MATERIAL:0.5379472199968324
CE_KINGSAFETY:0.5203298085882087
C_PIECESQUARETABLES:0.4929552703449019
C_MOBILITY:0.503782907800795
C_KINGSAFETY:0.47466374056458743
C_PAWNSTRUCTURE:0.4808908608777172
C_PIECECOORDINATION:0.4831348034615443
C_ROOKANDPAWNMOVEMENT:0.4831348034615443
C_CENTERCONTROL:0.4917667514185687
C_DEVELOPPIECES:0.5356349963433721
C_MATERIAL:0.5132203674646627
