ELO:928
CE_PASSEDPAWNS:0.5095263131398817
CE_PAWNWEAKNESSES:0.4568118130154963
CE_PIECEACTIVITY:0.5028775980231343
CE_KINGPAWNSHIELD:0.4579613347802578
CE_PIECECOORDINATION:0.5238769673383603
CE_MATERIAL:0.4856043784440252
CE_KINGSAFETY:0.48388225054482253
C_PIECESQUARETABLES:0.5283211262937523
C_MOBILITY:0.5734542676810942
C_KINGSAFETY:0.3727399947987057
C_PAWNSTRUCTURE:0.562308344840272
C_PIECECOORDINATION:0.42866608381111915
C_ROOKANDPAWNMOVEMENT:0.42866608381111915
C_CENTERCONTROL:0.5193167985100918
C_DEVELOPPIECES:0.5739844992156767
C_MATERIAL:0.4668910321557025
