ELO:730
CE_PASSEDPAWNS:0.49032483391012543
CE_PAWNWEAKNESSES:0.441197679403075
CE_PIECEACTIVITY:0.5683568215699867
CE_KINGPAWNSHIELD:0.5476518223316378
CE_PIECECOORDINATION:0.4621112238006891
CE_MATERIAL:0.5133455163573389
CE_KINGSAFETY:0.38817509252537
C_PIECESQUARETABLES:0.3918118612613052
C_MOBILITY:0.569792540310208
C_KINGSAFETY:0.47176772905427006
C_PAWNSTRUCTURE:0.5837803474090039
C_PIECECOORDINATION:0.5328297788683023
C_ROOKANDPAWNMOVEMENT:0.5328297788683023
C_CENTERCONTROL:0.48024587531119733
C_DEVELOPPIECES:0.5072189687118271
C_MATERIAL:0.510408286822115
C_MOVECOUNT:0.5
