ELO:1002
CE_PASSEDPAWNS:0.5093012095274201
CE_PAWNWEAKNESSES:0.4988104023832904
CE_PIECEACTIVITY:0.5
CE_KINGPAWNSHIELD:0.5011796872394073
CE_PIECECOORDINATION:0.5
CE_MATERIAL:0.5085331022718229
CE_KINGSAFETY:0.5
C_PIECESQUARETABLES:0.5
C_MOBILITY:0.5
C_KINGSAFETY:0.4809672756756484
C_PAWNSTRUCTURE:0.5
C_PIECECOORDINATION:0.5
C_ROOKANDPAWNMOVEMENT:0.5
C_CENTERCONTROL:0.48980891721561215
C_DEVELOPPIECES:0.5121267246908481
C_MATERIAL:0.5
C_MOVECOUNT:0.5
