ELO:957
CE_PASSEDPAWNS:0.45774995117847034
CE_PAWNWEAKNESSES:0.5199518524864716
CE_PIECEACTIVITY:0.5197445712877975
CE_KINGPAWNSHIELD:0.5011266194070325
CE_PIECECOORDINATION:0.4844255715475291
CE_MATERIAL:0.546333950294851
CE_KINGSAFETY:0.4671285859551042
C_PIECESQUARETABLES:0.483728634619543
C_MOBILITY:0.4937864517924947
C_KINGSAFETY:0.5099682127157134
C_PAWNSTRUCTURE:0.47816068944101625
C_PIECECOORDINATION:0.5291363369107563
C_ROOKANDPAWNMOVEMENT:0.5291363369107563
C_CENTERCONTROL:0.5022775205487215
C_DEVELOPPIECES:0.3853827965149253
C_MATERIAL:0.39978862904038814
