ELO:1011
CE_PASSEDPAWNS:0.5
CE_PAWNWEAKNESSES:0.4886516167740076
CE_PIECEACTIVITY:0.5
CE_KINGPAWNSHIELD:0.5090381676146823
CE_PIECECOORDINATION:0.5068001387793809
CE_MATERIAL:0.5
CE_KINGSAFETY:0.5
C_PIECESQUARETABLES:0.5
C_MOBILITY:0.5389756573248687
C_KINGSAFETY:0.5
C_PAWNSTRUCTURE:0.5015004844053662
C_PIECECOORDINATION:0.49438533471707913
C_ROOKANDPAWNMOVEMENT:0.49438533471707913
C_CENTERCONTROL:0.49644097321565483
C_DEVELOPPIECES:0.5033130542788065
C_MATERIAL:0.5017620250554827
C_MOVECOUNT:0.4884124607284497
