ELO:968
CE_PASSEDPAWNS:0.49608511636536995
CE_PAWNWEAKNESSES:0.5052239871297567
CE_PIECEACTIVITY:0.49161878511758483
CE_KINGPAWNSHIELD:0.511583631151498
CE_PIECECOORDINATION:0.45153464963015655
CE_MATERIAL:0.48401706878860484
CE_KINGSAFETY:0.5
C_PIECESQUARETABLES:0.5
C_MOBILITY:0.5169183494760581
C_KINGSAFETY:0.5389631323762133
C_PAWNSTRUCTURE:0.45567725980184326
C_PIECECOORDINATION:0.5008776898473115
C_ROOK:0.5096048013706082
CE_ROOK:0.47547979242746
C_CENTERCONTROL:0.5050371394617655
C_DEVELOPPIECES:0.525212622510247
C_MATERIAL:0.5174470214556711
C_MOVECOUNT:0.5195669695597991
C_PAWNMOVEMENT:0.4358885062069499
