ELO:973
CE_PASSEDPAWNS:0.5313953490956382
CE_PAWNWEAKNESSES:0.49250896685418405
CE_PIECEACTIVITY:0.4476220172096948
CE_KINGPAWNSHIELD:0.5162540107527225
CE_PIECECOORDINATION:0.44388593358430317
CE_MATERIAL:0.5055118231654476
CE_KINGSAFETY:0.4989008062555812
C_PIECESQUARETABLES:0.49748956969347685
C_MOBILITY:0.5052410360551626
C_KINGSAFETY:0.4398034888907583
C_PAWNSTRUCTURE:0.4894204388930098
C_PIECECOORDINATION:0.503141691300411
C_ROOKANDPAWNMOVEMENT:0.503141691300411
C_CENTERCONTROL:0.5311062008574784
C_DEVELOPPIECES:0.5671740904470031
C_MATERIAL:0.46861623896412863
