ELO:961
CE_PASSEDPAWNS:0.4891498992216828
CE_PAWNWEAKNESSES:0.5511077189794807
CE_PIECEACTIVITY:0.5014209480303317
CE_KINGPAWNSHIELD:0.49227474526242904
CE_PIECECOORDINATION:0.5043939901432296
CE_MATERIAL:0.5564275665104784
CE_KINGSAFETY:0.534387064177224
C_PIECESQUARETABLES:0.5030359490304461
C_MOBILITY:0.46068117662825175
C_KINGSAFETY:0.5117631088952375
C_PAWNSTRUCTURE:0.5037399125781507
C_PIECECOORDINATION:0.5222161922747453
C_ROOKANDPAWNMOVEMENT:0.5222161922747453
C_CENTERCONTROL:0.5187177953866255
C_DEVELOPPIECES:0.3750026141690592
C_MATERIAL:0.4492464961094998
