ELO:988
CE_PASSEDPAWNS:0.5149106357503652
CE_PAWNWEAKNESSES:0.5128889835512717
CE_PIECEACTIVITY:0.5021166859794232
CE_KINGPAWNSHIELD:0.4076561608377238
CE_PIECECOORDINATION:0.44538019471221774
CE_MATERIAL:0.5561775794490093
CE_KINGSAFETY:0.48841090757047767
C_PIECESQUARETABLES:0.5
C_MOBILITY:0.49816549280442246
C_KINGSAFETY:0.5077087654596292
C_PAWNSTRUCTURE:0.48943358670961223
C_PIECECOORDINATION:0.5350567576815112
C_ROOKANDPAWNMOVEMENT:0.5350567576815112
C_CENTERCONTROL:0.3976101602692124
C_DEVELOPPIECES:0.5067495606305472
C_MATERIAL:0.5859692747107864
