ELO:1015
CE_PASSEDPAWNS:0.48728543612454556
CE_PAWNWEAKNESSES:0.5
CE_PIECEACTIVITY:0.5
CE_KINGPAWNSHIELD:0.49675633503627525
CE_PIECECOORDINATION:0.49992043083122684
CE_MATERIAL:0.5138215638460939
CE_KINGSAFETY:0.5
C_PIECESQUARETABLES:0.5
C_MOBILITY:0.5043959771024168
C_KINGSAFETY:0.4886461373937737
C_PAWNSTRUCTURE:0.5130126103360457
C_PIECECOORDINATION:0.4945974833860232
C_ROOKANDPAWNMOVEMENT:0.4945974833860232
C_CENTERCONTROL:0.5072070209533227
C_DEVELOPPIECES:0.5
C_MATERIAL:0.5203722436537179
C_MOVECOUNT:0.5038486347077359
