ELO:976
CE_PASSEDPAWNS:0.5689949785274098
CE_PAWNWEAKNESSES:0.4900578593234749
CE_PIECEACTIVITY:0.44345198710112504
CE_KINGPAWNSHIELD:0.49683497985794894
CE_PIECECOORDINATION:0.48988639887670093
CE_MATERIAL:0.5492799162580939
CE_KINGSAFETY:0.5053780120518194
C_PIECESQUARETABLES:0.5
C_MOBILITY:0.4778500974712923
C_KINGSAFETY:0.43815561478237147
C_PAWNSTRUCTURE:0.5050560548647866
C_PIECECOORDINATION:0.5123011285373712
C_ROOKANDPAWNMOVEMENT:0.5123011285373712
C_CENTERCONTROL:0.5013298188937534
C_DEVELOPPIECES:0.5524504777599852
C_MATERIAL:0.47407484861324617
